player1_age,player2_age,player1_ht,player2_ht,p1_hand_R,p1_hand_L,p1_hand_U,p2_hand_R,p2_hand_L,p2_hand_U,player1_rank,player1_rank_pts,player2_rank,player2_rank_pts,log_rank_diff,rankpoints_diff,ace_diff,df_diff,in1_pct_diff,won1_pct_diff,sv_win_pct_diff,bp_saved_pct_diff,bp_per_game_diff,p1_ace_percent,p1_doublefault_percent,p1_1in_percent,p1_1won_percent,p1_serve_win_percent,p1_breakp_saved,p1_breakp_succeed,p2_ace_percent,p2_doublefault_percent,p2_1in_percent,p2_1won_percent,p2_serve_win_percent,p2_breakp_saved,p2_breakp_succeed,player1_h_ace,player1_h_df,player1_h_svpt,player1_h_1stin,player1_h_1stwon,player1_h_2ndwon,player1_h_bpsaved,player1_h_bpfaced,player1_h_svgms,player2_h_ace,player2_h_df,player2_h_svpt,player2_h_1stin,player2_h_1stwon,player2_h_2ndwon,player2_h_bpsaved,player2_h_bpfaced,player2_h_svgms,y
-0.7661037767008384,0.7998341578626126,0.27967722576327125,1.478524768348486,1,0,0,1,0,0,-0.6469689866984278,0.1993746065298092,0.13720772700535894,-0.4794642678836267,1.073974337292604,0.523873146810594,1.0732217030036053,0.11898141476820986,-0.2314545700989572,3.027450608324958,2.1987584205045057,-5.438415231790169,-3.2404071551737372,0.8260351409849961,-0.06664185594388441,0.39639513530736786,1.9391649964073712,2.642889971211173,-7.823874102466001,0.3422733367180179,-0.6669763231424262,-0.2300660740939708,0.7147450338820608,-2.1670476410136743,-0.2782259728769144,-0.3422733367180179,7.823874102465999,-0.20252742647848845,-0.9349191994684248,-2.7385411219227804,-2.18877534330175,-1.5695224381040902,-1.5057194464681423,-3.482522182419184,-3.309285311286215,-1.720552610450858,-0.19302946221276363,0.5793409677244183,2.660017800515063,2.7512006869545798,1.345366449044194,2.948965240932937,2.2623449208747504,2.7971713190179877,2.636652091916034,1
0.8273124894479005,-0.5658574386248675,-0.15484123025532542,-0.4281154315628296,1,0,0,0,1,0,0.17326191857018283,-0.4902512784022264,2.0817713024468554,-0.7068735817017732,0.6838753761565121,0.16924933959410968,0.2098568600009945,0.022858194040294183,1.3045207205968594,2.595989529065023,3.047261787700644,2.512704154809446,-2.193233380292152,0.08572525370037312,-1.2083916367468666,1.3024846514130597,1.8127571460193999,3.0190764567550583,4.948786825267084,-1.4811177417461807,-0.20615540888621228,-1.2419138032544144,-0.4744520632295447,-1.7095154190890776,-1.0140490221276768,1.4811177417461807,-4.948786825267085,-0.7595776989295921,-1.685411683720486,-3.1934215917921907,-2.317980348248362,-1.7402052404586603,-2.135819322596396,-1.0357458890816678,-2.2019219266556282,-2.9607745473212006,0.08453045990652028,-0.9381911455531051,1.2915353389738984,0.806259981981374,-0.008482709938082702,1.6800380602609295,3.0854970270979956,2.2404794378780473,0.7809029193074537,1
0.72451144001895,-0.7204640344536393,-0.4445202009343899,-0.13478617003801185,1,0,0,1,0,0,-0.0412600105000692,-0.373375390652362,-0.38731271110714993,-0.23469546446104164,-0.3616461476699902,-0.10577416789408443,-0.36180027419961325,-0.0345168814113616,0.9156502208693706,-0.7977280739617747,0.4217714009008412,1.527609717531618,0.25593336624646673,-1.5338205986458942,-1.368421255619522,2.092701084746327,-0.35553607144632343,1.759832904701388,-1.4375436385994584,3.5092157361558383,-1.0294833812403785,-1.3234788707466503,0.8512382444544105,0.725135680382991,1.1698108299267274,-3.509215736155838,1.4375436385994576,-1.5951531076062477,-1.685411683720486,-2.6475650279488985,-1.5427503185686884,-1.5695224381040902,-1.8207693845322692,-2.666930084640012,-2.7556036189709214,-2.340663578886029,-0.7481493064513315,-0.9381911455531051,1.8389283235903642,2.1028871186301776,2.3607533182809015,1.0455744699249259,-2.676567716464722,-2.213055611241474,2.636652091916034,0
-1.280109023845593,-0.2051087150244015,-1.6032360836506476,0.5985369837740325,1,0,0,1,0,0,-0.4955417426488382,-0.06228782873108119,-0.8094876978806327,0.6975091272973143,-1.2683081885176524,-0.5869535078246485,0.5349289567614759,1.0461786585012143,0.3641964473390067,-0.09619050623528147,-1.2357025774617656,-1.3472577218710247,0.5214528498906434,0.3615033426139545,-0.22057828651686232,-1.8459843632745951,1.6281615549766517,0.8008825802666676,3.1241209784480715,-4.935963995678347,-0.38262185551553923,-1.656883526189368,-2.3529050032032717,1.7444042954397492,2.3883798309108544,4.935963995678347,-3.124120978448072,0.35452284597261524,-0.18442671521636386,0.08171779126756346,-0.8967252938356269,-0.2894014204448148,1.487254965141063,-1.0357458890816678,-1.9250810804979817,-1.4104971262332722,-0.6093693453916895,-1.6969572021918669,-1.2173491738515698,-2.0463197186459943,-1.4469474413567518,1.9972698554289314,-1.4418395571298541,-2.4914015518114443,-1.3841377820692236,0
0.8273124894479005,-1.9830845670552713,-0.15484123025532542,-0.8681093238500562,1,0,0,1,0,0,0.17326191857018283,-0.4902512784022264,-0.5408308881156891,0.016438485149837614,-0.776975585135264,-0.38974152928433364,1.3663394465871226,-0.6670939306754996,0.6984603046245879,0.3239644138122734,0.6496439016242158,0.6047602584334322,-0.5338727434284996,-0.08768066584377257,0.20520332996158783,-0.006311316295163854,-0.11345771703538463,0.9094816554697435,1.0187373090415193,-0.18555039652161812,-1.9875377490706807,1.121175546485443,-0.9611608991961407,-0.550157752673807,0.043362931277069874,0.18555039652161812,-1.01873730904152,-0.3417899945912644,-0.18442671521636386,-1.0554833834059623,-0.8967252938356269,-0.8867912286858101,0.06953024385249205,0.18764225758709038,-0.26403600355210183,-0.790386157798101,-1.858388994928467,0.5793409677244183,-0.989268763594709,-1.268343436656712,-1.3623318689203594,0.41111087958892223,0.6160407084282594,0.5704037944582268,-0.45626319576493324,0
-0.3034990542705592,-0.7204640344536393,-0.15484123025532542,-0.13478617003801185,1,0,0,1,0,0,-0.6848257977108253,0.2993878040073051,-0.38731271110714993,-0.23469546446104164,0.7299275170040379,0.4116277803398027,0.09401333048998103,1.8626422887548684,-0.37874727424813065,0.748162155935982,0.36731687982681027,2.097927549639834,1.958639677634476,-0.5222400786772947,1.3803605914421098,-0.857817126611357,1.768789198058368,1.1266798058758982,3.6042962012951807,-0.7133741297612541,-0.652543957831735,-1.1737200583018887,-0.3442632726701052,0.7431822855677584,0.6224536065338547,0.7133741297612541,-3.604296201295181,-0.48105256270404034,1.3165582532877582,0.08171779126756346,-0.37990527404917784,0.3079883877961804,0.6996301199807459,3.450010648703779,1.397009073393778,-0.4803306735805153,-0.47058938433204756,-0.9381911455531051,0.8809906005115491,0.5469345546516133,0.8376730144258402,1.0455744699249259,-0.20711139779498602,-0.5429799678216537,0.7809029193074537,0
-0.2006980048416086,-0.7719995663965628,0.5693561964423357,0.3052077222492148,1,0,0,1,0,0,-0.785777293743885,0.6982776497605736,-0.6687627022894718,0.2010277246103687,0.8587817008212933,0.3816658697679181,0.17299509027936058,-2.1513432571297044,-1.1885714362527426,0.5099693786676582,0.691935708955356,0.7033470251154748,-0.7552972860366246,-0.3253736579994065,-1.00152408064319,-2.1195379763508813,1.9262321800310453,2.140624342162193,1.2994551316290601,-0.329502323768793,-0.56566340951301,1.9494812978307008,-0.5051142880331191,1.2210831265717463,1.19035272153923,0.329502323768793,-1.2994551316290608,-0.5738942747792242,-1.1850833608857785,-1.2525982536827072,-1.9734336683907294,-1.341945368297997,1.4347466421303747,-2.123202019453897,-2.5710430548658234,-1.1004416420156866,-0.8406692804910928,0.8322629866040054,-1.7191260764166634,-1.657331577651353,-1.1931007240475748,-0.6463284376377507,-1.5790315748337282,-1.8419276904815143,-1.4872349583252553,1
-0.2006980048416086,-1.9830845670552713,0.5693561964423357,-0.8681093238500562,1,0,0,1,0,0,-0.785777293743885,0.6982776497605736,-0.5408308881156891,0.016438485149837614,1.195046540387725,0.5243203395056968,0.9165521700453753,0.5083607890206618,-0.44445531406434086,1.820011864392469,1.00069518185044,0.836961090077492,-0.9120731594074653,-0.11435849961979494,-0.29894592389946906,-2.4713629291348953,1.8623288520538992,1.602844981766316,1.0187373090415193,0.13114384342216406,-1.388753769176742,-0.997218600777706,-1.8758961027811543,-0.6120652008804467,0.2639134098152716,-0.13114384342216406,-1.01873730904152,-0.3417899945912644,-0.5596729573423944,-0.9645072894320803,-1.9303653334085251,-1.3134982345722352,1.6447799341731264,-1.647439962416047,-2.063501503576805,-0.790386157798101,-1.3957891247296605,-1.1911131644326922,-1.262965255902942,-1.8734361004261533,-1.9264356851629745,1.0455744699249259,-1.0302635040182315,-1.0996718489615938,-1.0748462533011267,0
0.7759119647334253,-1.0554449920826439,-1.168717627632051,-0.4281154315628296,1,0,0,1,0,0,1.8515805401198018,-0.7065588915512291,-0.7839013350458762,0.6055038323937895,-2.361041813240641,-1.0113393754771625,-1.5335244483889694,-3.0509000130748216,1.6055897619872581,-2.0757569921024923,-1.0284067333769789,2.85447161264053,3.3638890203173353,-1.7666389148880253,-2.0010617115366545,1.575660133769605,-1.3989386082823634,-1.196528447767508,0.3871222082195544,3.5092157361558383,0.3671982875242793,2.1828363197629734,-0.6115085138575687,1.4170502025733822,0.16880197672267194,-3.509215736155838,-0.3871222082195551,-1.5951531076062477,-1.685411683720486,2.265144046640733,2.9794248545627413,2.014816411341881,-0.24551969421163483,3.857806697593365,3.8885766888125977,2.00011320016017,0.3620903820258042,2.096873081001942,0.10551720563822252,-0.23104172733766892,0.3299795798074865,-0.2233527107470814,-2.676567716464722,-2.213055611241474,-0.45626319576493324,0
-0.8432045637725518,-0.5658574386248675,1.0038746524609323,-0.4281154315628296,1,0,0,0,1,0,-0.2810198135785862,-0.2646401119995031,-0.19541498984647596,-0.3191783138693098,0.09866791162471553,0.043140999575132864,1.2712972265730762,0.43327793377184876,1.4751132086095367,1.0327363914000944,0.23439698151456748,-1.5684013710558424,1.1485889201788613,0.6379564128640376,1.4665649925629782,1.6582086836619634,1.5829246907685448,0.7708089902104296,-1.4375436385994584,-0.7133741297612541,-1.130331209433042,0.8744850532546621,-0.3501893627097942,0.17444078883573808,0.44781739735669424,0.7133741297612541,1.4375436385994576,0.0759977097470634,0.5660657690356972,-1.5558519002623137,-0.6383152839424023,-0.03337721691295973,-2.76591919872465,-1.0357458890816678,-0.5408768497097485,-1.1004416420156866,-1.3032691506898992,-0.17942508891434333,-2.2665190610331294,-2.0463197186459943,-1.870025303538713,-1.175048096251087,-1.853415610241477,-2.213055611241474,-2.3120123683735136,1
0.7502117023761872,0.33601437037629844,-0.8790386569529866,-0.13478617003801185,1,0,0,1,0,0,1.9020562881363317,-0.7077218357079442,0.15000090842273722,-0.48409346511147705,-0.6764558016837715,-0.1701699159888811,-0.6127633785750931,0.0013634152536239595,-0.458405864331268,1.2492824715091835,1.6525635205648492,-0.02039582676211257,0.11884697760684906,-0.24870044827762236,-2.621986603455321,1.4479064256028626,2.125767061265803,4.772505901979217,-7.823874102466001,7.73180560207293,0.6035638366521824,-2.6285199506224295,2.0816624953957112,0.42017420726071253,2.5110096077540778,-7.73180560207293,7.823874102465999,-1.038102835155144,-2.435904167972547,-3.6483020616616013,-2.705595363088199,-2.0815708451678003,-1.8207693845322692,-3.482522182419184,-3.309285311286215,-2.340663578886029,0.08453045990652028,-2.4557232588306284,-1.4454295841084306,-0.3607044410025493,-0.1777138548108673,-0.857816301083085,-3.4997198226879678,-3.326439373521355,-1.0748462533011267,0
0.44180855408933456,-1.41619371568311,1.0038746524609323,-1.6014324776621007,1,0,0,1,0,0,-0.4198281206240434,-0.19602640675331406,0.06044863850108935,-0.4401160914468991,0.5022605812576203,0.18937301087373362,0.6015275560501917,-0.5070178324723355,0.4705007262938275,0.7290829042277703,2.1702312362455736,1.9146111036050506,0.393702909646747,-1.1520342409768056,-1.858320357072593,2.3906406858677913,0.8014943429156381,1.841935783937549,3.3522042093004485,-0.7133741297612541,-1.9875377490706807,-1.1657266523001275,1.7591730820769973,-0.19019589656906452,-1.0231151069835802,0.7133741297612541,-3.3522042093004494,-1.038102835155144,-1.685411683720486,0.4456221671630917,1.6873748050966186,2.014816411341881,-0.8756195703398886,2.2266225020350205,0.5664865349208381,0.7598912632898273,-1.858388994928467,-0.9381911455531051,0.8353745184601769,1.7138989776355367,1.5145975939169787,-2.1267434817550925,-0.20711139779498602,-0.5429799678216537,-0.45626319576493324,1
-0.8432045637725518,-1.0554449920826439,1.0038746524609323,-0.4281154315628296,1,0,0,1,0,0,-0.2810198135785862,-0.2646401119995031,-0.7839013350458762,0.6055038323937895,-1.3228712416024608,-0.671472927199069,-0.7733101581487472,0.5954259594301113,-0.955534887897379,0.648417753260291,0.18604172303454597,-0.02039582676211257,0.7471346665228812,-0.5020016797164265,1.942522334847551,-0.9521078934685357,2.084299935741707,1.2535168937085022,-1.4375436385994584,1.3979208031972914,0.5737124358950065,1.1287354164392893,0.3494715903632802,1.1907855852162292,0.9819519179220455,-1.3979208031972914,1.4375436385994576,-0.7595776989295921,0.9413120111617277,-1.5103638532753727,-1.6719553235153006,-0.972132629863095,-0.5605696322757617,-1.85133798686084,-1.648240234340335,-0.790386157798101,-0.05424950115312168,0.19995793940503753,-1.8103582405194079,-1.3980061503215924,-0.939254006738398,-1.4922798914190887,-2.676567716464722,-2.7697474923814145,-2.002720839605417,0
0.13340540580248203,-0.46278637473902035,-1.168717627632051,-0.4281154315628296,1,0,0,1,0,0,-0.40720918361991093,-0.203585543771962,0.17558727125749374,-0.4858294140719209,0.5601429394419002,0.21888772875051543,0.5801155386985014,-0.021040013225344788,-2.097709564232422,1.9199121398060628,0.1558353624345202,-0.32999693562085847,-1.076673853552608,-0.7412875933563221,-2.0541322151194468,-0.4798642732722137,0.5549675899201947,1.1406027642352696,0.6912331826893887,-1.1356331163529634,-1.5473506070945962,-2.0289064814903153,2.3854219312876315,-2.043381076189678,0.9109829956091665,1.1356331163529634,-0.6912331826893894,-1.038102835155144,-2.0606579258465163,-2.147196511092547,-1.9949678358818312,-1.7402052404586603,-0.7180946013078251,-1.85133798686084,-2.2019219266556282,-2.650719063103615,-1.5808290728091832,-2.0763402305112475,-2.4033673071872457,-1.2035120798242718,-1.785409731102321,-1.3336639938350878,-0.6186874509066087,-1.0996718489615938,-2.3120123683735136,1
0.44180855408933456,0.33601437037629844,1.0038746524609323,-0.13478617003801185,1,0,0,1,0,0,-0.4198281206240434,-0.19602640675331406,0.15000090842273722,-0.48409346511147705,0.5633366770172116,0.22335965570154298,-0.3313521101403348,0.32674411854898416,0.13863339963198837,-0.19737900277577386,-0.42651361294646123,4.107618958021169,1.2908558990868368,-0.5979895147879731,-1.6728585543796446,2.570770267739839,0.27083168386118833,2.0040051919807627,2.110417730215288,3.5092157361558383,-0.1367509021257785,-2.1242995333976973,2.393859693395742,0.5351983605660207,2.5110096077540778,-3.509215736155838,-2.1104177302152882,-0.7595776989295921,-1.685411683720486,-1.1009714303929035,0.2015172482105774,0.3079883877961804,-1.348194477436079,-0.6279498401920818,-1.3713993881826885,-0.4803306735805153,-0.47058938433204756,-2.0763402305112475,-1.4454295841084306,-0.23104172733766892,-0.008482709938082702,-1.175048096251087,-3.088143769576345,-3.0480934329513847,-1.0748462533011267,1
-1.0488066626304537,-0.7462318004251005,1.4383931084795292,-0.8681093238500562,1,0,0,1,0,0,0.097548296545388,-0.4466408725254113,-0.24658771551598904,-0.30066152495790854,-0.29624451402529334,-0.11114048023531749,1.779232403120352,0.0013634152536239595,3.058579526665399,0.05917790143040798,0.9053264958356269,-0.02039582676211257,0.14459052617114954,1.7094352276137383,-2.621986603455321,4.243970538434068,0.7315327653424232,2.1386257339045773,4.948786825267084,-4.935963995678347,-0.7660184300870453,-2.6285199506224295,0.08360042819551111,0.6454298408169414,0.9109829956091665,4.935963995678347,-4.948786825267085,0.911573118423719,-2.435904167972547,-1.4648758062884317,0.5245297605771081,0.8200367948598906,-3.080969136788777,-0.22015379130249568,-1.648240234340335,-1.720552610450858,-1.0257092285706153,-2.4557232588306284,-1.9928225687248964,-1.657331577651353,-1.3623318689203594,-1.175048096251087,-1.0302635040182315,-2.213055611241474,-2.9305954259097073,0
0.13340540580248203,-1.0554449920826439,-1.168717627632051,-0.4281154315628296,1,0,0,1,0,0,-0.40720918361991093,-0.203585543771962,-0.7839013350458762,0.6055038323937895,-1.1531482284226375,-0.6245176942132799,-0.7521293421356803,-1.3223171696337945,-0.4459682201815112,-0.7835397509709459,0.3822402423828224,-0.3521113005393403,-0.19591219917123542,-0.7007215931733706,-1.4495343075383087,-0.039672782138706265,0.4777567458824228,1.4927225711192138,1.2994551316290601,-1.7690215962405276,0.3457013995497461,0.3628101650478959,0.5697861769910649,1.5322470648175863,0.9604220201417341,1.7690215962405276,-1.2994551316290608,-1.038102835155144,-1.685411683720486,-2.3139860167113313,-1.9734336683907294,-1.7402052404586603,-0.8756195703398886,-2.123202019453897,-2.5710430548658234,-2.5473672350310865,-0.2855494362525249,-0.4323471077939307,-2.053644011460059,-1.5276688639864726,-0.9674591975505289,-2.0209995500324247,-1.853415610241477,-2.3986195716214542,-2.5182067208855785,1
0.44180855408933456,-0.7462318004251005,1.0038746524609323,-0.8681093238500562,1,0,0,1,0,0,-0.4198281206240434,-0.19602640675331406,-0.24658771551598904,-0.30066152495790854,0.23535216244612203,0.08159957135396977,-0.1298007962613862,0.027020675011681042,1.1427613663461478,-0.2250303406588734,-0.18427206767476326,-1.5684013710558424,0.6416880877672515,-0.13227075944083885,-1.356482538021086,2.8148711029870097,0.5650952460861867,1.9396214545389383,2.820010003978237,-4.935963995678347,0.04832778256871154,-1.395981152961972,1.2664809228400744,0.8643402452589091,2.133225546553194,4.935963995678347,-2.8200100039782376,-0.38821085062885646,-1.4352475223031322,-1.1009714303929035,0.30918808566608796,0.5355654576022743,-1.8207693845322692,-0.7638818564886103,-1.648240234340335,-0.8937379858706291,-0.6093693453916895,-1.6969572021918669,-2.540215553341362,-1.7221629344837932,-1.3623318689203594,-1.6508957890030895,-1.853415610241477,-2.7697474923814145,-2.6213038971416105,0
-1.5885121721324456,-0.3339475448817109,-1.6032360836506476,0.5985369837740325,1,0,0,1,0,0,0.7158762097478791,-0.5995680291334429,0.6105554394483548,-0.5795706579358897,-0.05557058119606174,-0.013205280007814225,-1.6258717919332029,0.14931832278292353,0.6076956836542894,-0.9707050227262825,-0.6683070015245451,-3.1164069153495735,-0.3472467437678514,-0.708291325264926,-1.4563907537132625,1.0881788789228255,-0.9203855650718497,0.435075169056301,0.6912331826893887,-4.935963995678347,1.5530979581282627,-1.66392436984468,0.2627744722650954,0.3987212897791689,1.293598055035125,4.935963995678347,-0.6912331826893894,-1.038102835155144,-1.685411683720486,-2.28366065205337,-1.5427503185686884,-1.7402052404586603,-1.5057194464681423,-1.85133798686084,-2.2019219266556282,-2.340663578886029,0.917210226264372,-1.6969572021918669,-1.1717330918001976,-0.8793552956620708,-0.685407289429221,-0.2233527107470814,-0.20711139779498602,-1.6563637301015341,-1.6934293108373202,0
-0.9717058755587404,0.43908543426214564,-1.168717627632051,-0.13478617003801185,1,0,0,1,0,0,1.1953958159049132,-0.6571337648908387,0.5977622580309765,-0.5778347089754458,-0.23854114587666686,-0.05881893490829519,0.5350347846726742,-2.015477594412566,-0.6335227788125742,-1.2036564549557853,0.0895197754884053,0.7757213103032347,-0.7212056597545292,-0.6554068955841952,1.0185045436842601,-2.9525963029625353,0.15796346821324436,0.29210335123307135,2.394254639720468,-1.3166012534636966,-1.398853739921941,3.7866217432247753,-2.101027675399887,1.7826960882837515,0.16880197672267194,1.3166012534636966,-2.3942546397204683,-0.7595776989295921,0.5660657690356972,-0.8280431484712572,-2.0595703383551376,-1.9108880428132304,1.9598298722372534,-0.22015379130249568,-1.0945585420250417,-1.720552610450858,-1.3032691506898992,3.6144051942794655,0.10551720563822252,-1.0090180093269512,-0.3469449996836519,1.0455744699249259,0.6160407084282594,0.013711913318286572,-1.0748462533011267,1
-1.1259074497021662,-0.3854830768246345,0.27967722576327125,1.0385308760612593,1,0,0,1,0,0,0.7789708947685415,-0.6036383336819455,0.6617281651178678,-0.5853571544707026,-0.05929283821470412,-0.011863701922505961,1.5329975432399383,-1.1634007152334687,-1.316829724089428,3.1084804857627013,0.7288596206184296,-0.583306933778015,-0.9859964449873325,0.14424975154652223,-0.9610125175728869,-0.9442817598193896,1.1079376165834447,-0.21723374976218496,0.6912331826893887,-1.4811177417461807,-1.9875377490706807,0.6340827490670182,0.8512382444544105,-3.100744618787403,-1.159639678931303,1.4811177417461807,-0.6912331826893894,0.0759977097470634,-0.9349191994684248,-0.19121049065408274,-0.6383152839424023,-0.20406001926752979,-0.24551969421163483,-0.22015379130249568,-0.5408768497097485,-1.720552610450858,-1.858388994928467,1.33810702436318,1.8389283235903642,2.1028871186301776,0.3299795798074865,1.9972698554289314,3.0854970270979956,2.2404794378780473,0.7809029193074537,1
-1.9740161074910114,0.20717554051898904,-0.8790386569529866,0.3052077222492148,0,1,0,1,0,0,0.40040278464456736,-0.534443156357399,0.6745213465352461,-0.5859358041241838,0.12201712052626712,0.0417994214898246,0.0293186620640993,2.8900148541864614,-0.4307603879153666,-0.06816369995306418,-0.9893704801805804,-3.735609133067065,2.5035125288262456,-0.6614966177898551,2.20993801002085,-0.6646753485362705,1.1385819439502254,0.09005226984652279,-0.16027754582615011,-4.935963995678347,-0.7017279396142225,-1.752768699653157,-0.07907074339397925,1.2210831265717463,1.3741485938616418,4.935963995678347,0.16027754582614942,-1.038102835155144,0.5660657690356972,-2.465612840001134,-2.317980348248362,-1.9108880428132304,-1.8207693845322692,-1.0357458890816678,-1.0945585420250417,-2.340663578886029,-0.7481493064513315,-1.6969572021918669,-0.5331079430809875,-0.4903671546674297,-0.008482709938082702,0.09387908442092041,-2.676567716464722,-3.326439373521355,-1.0748462533011267,0
-0.07219669305541997,-0.978141694168258,0.27967722576327125,-1.161438585374874,0,1,0,1,0,0,-0.3945902466157784,-0.22161117820104556,1.199041784647755,-0.6513232149675694,0.9932680292086238,0.33292186600171786,1.0278734514627896,0.35911079422831493,1.7720940455589362,0.8729325320871838,1.8403426366625582,1.8372108263903633,-1.1967838463897613,1.014113869105954,-0.5777108054461713,1.3427552965733134,0.997475506307841,2.434880973322202,4.948786825267084,-2.402410076128092,-0.41599242640167616,-1.0716288377881669,-1.0731723475519714,-0.19019589656906452,-0.015348200895781003,2.402410076128092,-4.948786825267085,0.35452284597261524,-0.9349191994684248,-1.5558519002623137,-0.7675202888890147,-0.3747428216220998,-0.8756195703398886,-0.22015379130249568,-1.648240234340335,-1.720552610450858,-0.3318094232724056,-0.9381911455531051,0.33359761589508324,-0.2958730841701091,-0.3469449996836519,1.3628062650929278,1.439192814651505,0.29205785388825667,-0.45626319576493324,1
-0.4320003660567478,-1.132748289997029,-0.15484123025532542,0.3052077222492148,1,0,0,1,0,0,1.2332526269173105,-0.6588781811259113,0.7768667978742723,-0.5980874468472909,-0.17444486185710617,-0.04450876866500705,-0.7320245110478436,0.8621720710416942,-0.8043477148250608,1.0791705339317947,0.5830756522437334,-3.4867431699652975,-2.333346217979006,-0.9824141678703708,-0.26320683652168686,-1.1808718001358776,1.4941908417449548,0.6428034530479867,-3.179270128744878,-1.6023404173227471,0.036281240961378136,-1.447033055823647,-0.08709200432048123,0.023724292201751897,-0.1304544442484663,1.6023404173227471,3.179270128744878,-0.8988402670423681,-0.18442671521636386,0.21818193222838655,-0.44450777652248397,0.13730558544161034,0.8571550890128092,-1.85133798686084,-0.8177176958673952,1.6900577159425842,0.08453045990652028,-1.317574173872486,0.24236545179233895,0.15794641365697218,0.1607484349347019,0.09387908442092041,2.2623449208747504,1.4054416161681371,-0.45626319576493324,0
1.0329145883058024,0.20717554051898904,0.27967722576327125,0.3052077222492148,1,0,0,1,0,0,-0.6722068607066928,0.23775176370140647,0.6745213465352461,-0.5859358041241838,1.45174890735772,0.6356713205862827,-0.25089170479839096,0.7244930258030756,-1.0285437330243927,1.99680520667215,2.850224844720636,0.7536069453847529,-1.8926934567696525,-0.708291325264926,-0.5239140739196153,-1.4299139478374425,2.9318879814542314,3.3763953848196535,1.7556215933338128,-0.7133741297612541,-0.35884532375916683,-1.5192350327280177,-0.030871877737833193,0.20965492356330367,-0.40903895941038204,0.7133741297612541,-1.7556215933338135,-1.17736540326792,-1.3101654415944555,-3.14793354480525,-3.0932103779280355,-2.3375950486996553,-0.7180946013078251,-2.259134035750426,-2.7556036189709214,-2.340663578886029,-0.19302946221276363,-1.317574173872486,0.7441423543574326,0.6117659114840535,0.6684418695530556,-0.0647368131630805,0.6160407084282594,0.29205785388825667,0.16231986177126023,1
-1.1259074497021662,1.0317440516057692,0.27967722576327125,0.3052077222492148,1,0,0,1,0,0,0.7789708947685415,-0.6036383336819455,-0.6943490651242283,0.23921860174013374,-1.5168330943346018,-0.6491132924439313,0.2944891663786642,-2.3407778683747327,0.47001116440784724,-1.0416159710090893,-1.316290809619832,0.2376050972868426,1.9988433352994663,-0.41502857518731306,-1.718055128145153,-0.15618477744996015,-0.5449075779797375,-0.562146628914816,1.7556215933338128,-1.417139107414103,-0.8241860167053136,1.4916811729853876,-0.7994716461474329,0.8668349507226369,1.162415748946226,1.417139107414103,-1.7556215933338135,-0.10968571440330459,-1.4352475223031322,1.4463592008757944,1.1274864503279651,0.8200367948598906,1.0146800580448727,3.857806697593365,2.7812133041820113,0.34648395099971346,-0.933189254530854,0.8322629866040054,-1.0805009276974533,-1.268343436656712,-0.911048815926267,0.30536694786625534,0.06727263761276221,-0.5429799678216537,-0.8686519007890618,1
-1.3315095485600683,0.0010334127472937634,-1.6032360836506476,-1.8947617391869185,1,0,0,1,0,0,-0.23054406556205628,-0.3948898575515908,-0.10586271992482811,-0.4349082445655675,0.12452658422450467,0.03240837489266675,0.26460959154485786,2.475456320494846,-1.239776922906128,3.0934668794941538,2.9661936514333678,3.8088810459644837,-0.49834408688390786,-1.6209074952825717,0.7677564289578096,0.9597047551085268,-1.4404057338064593,-0.9760420838979728,-0.4291756706205303,5.620510669114384,-1.9875377490706807,-2.6285199506224295,2.6592273116957674,-5.60735584927835,-4.809112142808884,-5.620510669114384,0.4291756706205296,-1.5951531076062477,0.06573744620098994,-1.5255265356043535,-0.8967252938356269,-1.341945368297997,-1.6107360924895182,-0.49201782389555315,-0.3563162856046509,-1.9272562665959154,-1.858388994928467,-2.4557232588306284,-3.8174658507797825,-2.5649705733055157,-3.731567897139344,-3.7129024575951015,-2.676567716464722,-0.5429799678216537,-2.9305954259097073,1
0.46750881644657266,-0.8235350983394863,1.0038746524609323,1.0385308760612593,0,1,0,1,0,0,0.021834674520593164,-0.4850180296970086,-0.38731271110714993,-0.3226502117901975,-0.41192073505045873,-0.12366187569819462,0.850157688637739,-0.048891310721517416,-0.3330350742008241,-0.4005580521663907,0.10854112898774075,1.969897015901255,0.09455179565868897,0.4808273488642496,1.583011082322993,-0.8015291194596543,-0.7920106801569583,-0.34559373263670923,1.2994551316290601,1.3979208031972914,-0.7017279396142225,1.6529306096717935,-0.3501893627097942,-0.24421614625866567,-0.4785137991482533,-1.3979208031972914,-1.2994551316290608,0.35452284597261524,1.3165582532877582,-0.2821865846279648,-0.6383152839424023,-0.8867912286858101,0.6996301199807459,0.5954383064766764,0.012804842605544792,-1.1004416420156866,-1.0257092285706153,0.326418948844831,-2.2665190610331294,-2.0463197186459943,-1.9828460667872365,-1.5980238231417563,-1.0302635040182315,-0.5429799678216537,-1.899623663349385,0
-0.38059984134227254,-1.132748289997029,1.0038746524609323,0.3052077222492148,1,0,0,1,0,0,0.6149247137148194,-0.6170121914841689,0.35469181110078946,-0.5697336138267077,-0.13706727454065257,-0.03422333667764369,-0.8525697570890713,0.8946076845214022,1.3541455286698207,-1.5935851120042388,-0.7019222488610235,-1.8290189373365315,-1.115005891684338,-1.4664920585434398,-0.10807987887650185,1.965136303532,-2.632585592624222,-1.331768447910525,-1.0618771407249559,-1.4414068652642016,-0.27978258466637485,-1.3361491724930177,0.12361016619163112,-0.4575961325325873,-0.3876793808501961,1.4414068652642016,1.0618771407249543,-1.3166279713806959,0.19081952690966666,0.9459906840194431,1.9457848149898431,0.47867119015075044,-0.24551969421163483,0.18764225758709038,0.8433273810784847,0.7598912632898273,0.1400424443303771,-0.9381911455531051,1.9301604876931084,1.7138989776355367,1.3792126780187515,1.1724671879921262,3.414757869587294,2.5744945665620116,0.904619530814692,1
-0.9974061379159777,0.8256019238340739,0.5693561964423357,1.478524768348486,1,0,0,1,0,0,-0.11697363252486404,-0.41989315692096474,0.16279408984011548,-0.5355932842713117,0.21183976456118134,0.0909906179511276,-0.08910797082904173,0.31637366924557814,-2.1650695893347036,2.7185094110352064,2.230770739981954,-0.9491991533383505,-2.1612958952311785,0.37578606457421665,0.1966360877391126,-1.658831477542921,2.1696734294677866,3.039998058090121,-2.7148097313727666,1.3979208031972914,0.4993878105367207,-0.23724707372429513,1.2927570010483258,-1.521119798296595,0.06785519998789805,-1.3979208031972914,2.7148097313727657,0.35452284597261524,0.19081952690966666,0.03622974428062242,-0.8321227913623208,-0.03337721691295973,3.0625046554616975,-2.666930084640012,-2.478762772813275,1.3800022317249987,0.5008703430854462,-0.17942508891434333,0.15113328768959466,0.806259981981374,0.0761328624983096,0.2524949820049213,-0.20711139779498602,0.5704037944582268,0.7809029193074537,1
-0.5091011531284612,-1.235819353882877,0.5693561964423357,0.3052077222492148,1,0,0,1,0,0,1.8263426661115367,-0.7257474701370278,-0.7199354279589849,0.12233137173691343,-1.9558262515144729,-0.6526908340047534,-2.510168617540738,0.46763477047216173,2.6433310642294177,-0.8967816987211905,-0.6523330373315432,1.9533112422123935,2.1648855849975437,-0.8980198667904539,0.785139726559928,1.8422231594636744,0.38879830800413334,0.9094816554697435,2.5539129013171307,0.13114384342216406,2.5931596971179522,0.14469234411360082,-1.7622655049796727,1.5970199662483529,1.7359967174963855,-0.13114384342216406,-2.5539129013171316,-0.8988402670423681,0.5660657690356972,-0.3731626786018469,0.5891322630504142,0.7346953936826055,-1.348194477436079,1.8188264531454346,0.5664865349208381,-0.790386157798101,3.137689603218643,0.5793409677244183,1.2915353389738984,0.028283699992091807,0.6684418695530556,3.5834288312689404,-1.0302635040182315,-1.0996718489615938,2.636652091916034,1
0.33900750466038404,0.20717554051898904,-1.6032360836506476,-0.8681093238500562,1,0,0,1,0,0,-0.20530619155379135,-0.3972157458650209,1.2758008731520245,-0.6837275955625216,0.7825630584266827,0.22291246300644021,0.6861778503386607,0.4520892514559852,-1.3478204440321344,2.6222947275771262,1.8677384388265879,-2.764587473464634,-3.267113251279022,-0.7847381246053883,-0.648552045971241,-0.2438815414567228,0.8986212788069594,0.017033809741483743,-4.63070887053273,0.8221130942085976,-1.738248092135245,-1.2702118878945778,1.5974382699262737,-2.6514935230514842,-2.41152124491623,-0.8221130942085976,4.630708870532729,-0.48105256270404034,-0.18442671521636386,1.7192874827974407,1.2997597902567817,1.673450806632741,0.6996301199807459,-2.666930084640012,-1.648240234340335,2.620224168595341,-1.5808290728091832,-0.9381911455531051,1.473999667179387,2.232549832295058,0.6684418695530556,-0.857816301083085,1.439192814651505,2.2404794378780473,0.16231986177126023,1
-0.38059984134227254,-0.8235350983394863,1.0038746524609323,1.0385308760612593,1,0,0,1,0,0,0.6149247137148194,-0.6170121914841689,-0.38731271110714993,-0.3226502117901975,-0.7577956308020649,-0.22517461748651993,-0.48928570391660897,-1.1226462974189313,1.4471911402478708,-1.0810067304933324,-0.26323483877551995,0.5271092920617753,-0.3515050751093143,-1.2378376277759606,-0.27016488893152113,1.9317877273317656,-1.778522295772167,-0.247146548131172,-0.4291756706205303,1.1445654112422656,-0.556469090847175,1.2702220202198562,-0.037098404838810134,-0.3031819117649207,0.10092768151069854,-1.1445654112422656,0.4291756706205296,-1.223786259305512,-0.43459087663371765,-0.6157655958655328,0.3953247556304958,-0.3747428216220998,-0.8756195703398886,-0.49201782389555315,-0.3563162856046509,-0.4803306735805153,-0.8869292675109735,0.19995793940503753,-2.0156306097505823,-1.7221629344837932,-1.7007941586659285,-1.175048096251087,-0.8244754774624201,-0.4038069975366686,-1.3841377820692236,0
-0.4320003660567478,-1.41619371568311,0.5693561964423357,-1.6014324776621007,1,0,0,1,0,0,-0.356733435603381,-0.33383528932404966,0.06044863850108935,-0.4904586112997712,0.4093917626177467,0.12229410660832044,0.9582420210745658,-0.10422891325157525,0.1558871055600337,-0.4714054635395428,-0.22290849357669784,-1.1397229126360418,0.2659529694028512,-0.28931545601138403,0.4681977423724626,0.971058282329325,-1.4444025651822765,-1.186733051938495,-1.0117882743416888,-0.5509668272259833,-1.621539451247869,0.6120876746870895,0.7627170296877137,-0.7954064898001132,-0.8688218875632594,0.5509668272259833,1.0117882743416882,-0.6203151308168162,-0.18442671521636386,-1.6013399472492547,-0.9613277963089331,-1.39883963574952,-1.8207693845322692,-0.22015379130249568,0.2896456887631914,-1.4104971262332722,-1.488309098769422,0.8322629866040054,0.6529101902546883,0.9791436002012148,0.555621106304533,-0.5405845059150832,1.1648087792437567,0.9415317152181866,0.16231986177126023,0
-0.7147032519863632,0.6709953280053031,-0.15484123025532542,2.2118479221605303,1,0,0,1,0,0,-0.00340319948767178,-0.4768774206000031,-0.2721740783507456,-0.3700994833756632,-0.24894681527076487,-0.08073137696833017,-0.2873762382796704,-2.2383417410700086,-1.183517029241651,-1.835271058943105,-1.6972792404503718,1.0853224191619808,2.3951186401344553,-0.8921276760598477,-1.6229044465335565,-1.2757449992602823,-1.501146312038938,-0.039331317357144416,2.2117880550385656,-0.7133741297612541,-0.4917998074580661,1.4464042375611257,0.33590673515063896,0.9908218122698252,2.168146762294454,0.7133741297612541,-2.2117880550385665,-1.038102835155144,-1.685411683720486,-1.4193877593014905,-1.7365578259886068,-2.0815708451678003,0.6996301199807459,1.0032343553662626,0.012804842605544792,-2.340663578886029,-1.0257092285706153,-0.17942508891434333,-2.9963763738550835,-2.435307859640635,-2.0392564484114977,-1.4922798914190887,-1.853415610241477,-2.213055611241474,-2.3120123683735136,0
-0.9974061379159777,-0.7462318004251005,0.5693561964423357,0.3052077222492148,1,0,0,1,0,0,-0.11697363252486404,-0.41989315692096474,-0.68155588370685,0.05636531124004653,-0.9355171150992746,-0.36648750913899036,1.0103731336788866,-0.6736198799198787,-0.684439224458591,0.9126294255053252,1.4513843215992885,-0.8095751238530341,-1.037690606853467,1.1096459214848529,0.5417735601302669,-1.399936652280772,1.9293438350990317,2.519075091515357,-2.147135912362408,1.0253393444399002,-0.29620330740103157,1.4673012846800164,-0.4711499774814674,0.6802008446544805,0.5725158276554368,-1.0253393444399008,2.147135912362407,1.0972565425740868,0.5660657690356972,0.17269388524144552,-0.595246948960198,0.13730558544161034,2.589929748365507,-2.3950660520469547,-2.2019219266556282,1.3800022317249987,-0.6093693453916895,0.5793409677244183,-1.5366617482111748,-1.4952531855702524,-1.1931007240475748,-0.6992004034990842,-1.6476275836856655,-1.517190759816549,-1.2294920176851751,0
-1.691313221561397,-0.514321906681944,-0.4445202009343899,0.5985369837740325,1,0,0,1,0,0,-0.2684008765744537,-0.37046803026057434,1.8387008555166684,-0.7196038740783615,1.0058670196780342,0.2712092740775377,-1.1947746332277878,0.3000704118864174,-3.190054302008239,-1.7941553606964344,-2.8628773108992673,-0.32999693562085847,2.535393084323831,-1.2965676478086747,0.2253975437717087,-2.262426270154102,-1.5184614994988752,-2.052170266854184,2.394254639720468,-2.824669062719801,0.3658480948427455,-0.18605774608427414,2.087390884349838,0.9181077130165866,1.718335873296964,2.824669062719801,-2.3942546397204683,-0.7595776989295921,2.067050737539819,5.267355147778841,2.4626048347762923,1.5027680042781708,5.425379190942649,6.304582990930881,4.442258381127891,1.3800022317249987,0.08453045990652028,-0.4323471077939307,-0.8372151567568015,0.24438822276689212,0.6120314879287937,-1.4922798914190887,0.6160407084282594,-0.5429799678216537,-0.8686519007890618,0
-0.8175043014153137,-1.41619371568311,1.0038746524609323,-1.6014324776621007,1,0,0,1,0,0,-0.36935237260751347,-0.32685762438375926,0.06044863850108935,-0.4904586112997712,0.42694686050122505,0.1276604189495535,1.02293036567955,0.8475257833018776,-0.9966493886117317,1.0522777512500103,0.77236780644034,-1.2366858972786148,-0.7215540686824672,-0.3204721742728999,1.7010966337729314,-0.21398556231279223,0.2357391294833169,0.19949660559756993,-0.9813771768947055,-0.7133741297612541,-1.7426215948884982,0.5408655290758909,1.1474182487490001,-1.1878044692022058,-0.8093463693285932,0.7133741297612541,0.9813771768947048,-0.7595776989295921,0.41596727218528484,-2.1562941204899353,-1.9045243324192023,-1.7402052404586603,-1.3796994712424915,-1.0357458890816678,-0.762349526635866,-1.720552610450858,-1.5808290728091832,1.1484155102034896,1.6336559543591895,2.1028871186301776,1.345366449044194,0.09387908442092041,1.8507688677631275,1.5446145864531222,0.7809029193074537,0
0.6731109153044746,-0.7462318004251005,2.1625905351771904,0.3052077222492148,1,0,0,1,0,0,-0.25578193957032125,-0.37453833480907706,-0.68155588370685,0.05636531124004653,-0.794375994460296,-0.3316064789209755,0.5005356617206128,-0.80676207404445,0.24588871966411346,-0.06483142574541283,-0.24121701503277923,1.6308100871512,0.6295489531739404,0.2970637181448008,-0.026714594264017896,0.11297998284490922,0.7008058387105024,0.41654366568077533,2.110417730215288,0.13114384342216406,-0.39918445503623184,1.0805441711297856,-0.22260413009058733,0.7824901469490403,0.7202677492699153,-0.13114384342216406,-2.1104177302152882,-0.20252742647848845,-0.5596729573423944,-1.6468279942361959,-1.3489428111487698,-1.05747403104038,-1.348194477436079,-0.6279498401920818,-1.3713993881826885,-2.340663578886029,-0.6926373220274746,0.27583454506891375,-1.5731546138522732,-1.4239386930545688,-1.0915620371239039,-0.857816301083085,-1.5241547677521787,-1.6563637301015341,-1.4459960878228426,0
0.33900750466038404,-0.514321906681944,-1.6032360836506476,0.5985369837740325,1,0,0,1,0,0,-0.20530619155379135,-0.3972157458650209,1.8387008555166684,-0.7196038740783615,0.9365105989230981,0.250638410102811,-0.8911954469252978,-0.5636188284444617,-1.9535781318147043,-1.031332956280744,-1.4044150410440621,-2.3846224762289,-0.22040283146894707,-1.2120421797563476,-1.20336104967673,-0.32768826210252033,-0.6812774972180988,-0.7585383038771675,-0.8569681418843172,-2.402410076128092,0.028170698097034486,-0.43191615281171214,2.3413116501680142,0.7177211836791719,1.0852433197041589,2.402410076128092,0.8569681418843165,-1.038102835155144,-0.9349191994684248,1.0521294603223073,0.6968031005059248,0.36488265524770414,0.804646766002121,-0.22015379130249568,0.1973654067106424,1.3800022317249987,-0.12363948168294266,-0.5588081172337243,-0.5559159841066736,0.6441815899002735,0.9222885868622325,-1.9681275841710915,0.6160407084282594,-0.4038069975366686,-0.6109089601489817,1
-0.7404035143436003,-1.41619371568311,0.27967722576327125,-1.6014324776621007,1,0,0,1,0,0,-0.6595879237025604,0.05400658694042565,0.06044863850108935,-0.4904586112997712,1.0667004825373894,0.4205716342418578,1.1057293876834466,0.34849104727439645,-1.1134666232494872,1.406394206561355,1.069368149476681,-0.8288319910934595,-1.9624850507266147,-0.18401728781274226,0.8933024671953327,-0.2879217361547818,0.9179427869094056,0.7664066833767985,0.30418285154596364,-1.4321128303428865,-1.721411535784486,0.41657590242105574,1.2328125975655613,-0.9897314858287669,-0.6419840102961871,1.4321128303428865,-0.30418285154596436,-0.5738942747792242,0.06573744620098994,-1.7378040882100778,-1.5858186535508927,-1.2281568333949502,-0.9806362163612644,-1.5794739542677825,-1.8328007984454329,-1.720552610450858,-1.5808290728091832,0.7310941790521709,0.9083602497423721,1.4805060930387524,0.9053654723749538,-0.4136917878478824,2.097714499630101,1.3497724280541432,0.038603250264021984,1
-1.2544087614883548,-1.9830845670552713,-1.6032360836506476,-0.8681093238500562,1,0,0,1,0,0,-0.4955417426488382,-0.16986016322722503,-0.5920036137852022,-0.09755549658597625,-0.17673452384362007,-0.055241393347473154,0.8853864155984197,-0.05858008037037857,-0.053696132803451146,0.24113248407603463,-0.6608809589906142,1.0795028494465908,0.3957226715478362,0.30605277500352274,-0.5376269662695214,-2.411758545834723,0.5472971355780816,-0.044912570138478713,1.7556215933338128,-0.26889098598050765,-0.925347036910998,-0.4581798938724923,-2.3501803370829917,0.21693604164607214,0.8153292307526769,0.26889098598050765,-1.7556215933338135,0.35452284597261524,-0.43459087663371765,0.2636699792153276,-1.0689986337644437,-0.8298969612342869,2.0648465182586286,-0.22015379130249568,-0.9099979779199442,-1.1004416420156866,-1.0257092285706153,-0.7484996313934147,-1.1717330918001976,-2.013904040229774,-1.827717517320517,1.5214221626769286,-1.0302635040182315,-1.2388448192465789,-0.76555472453303,0
-1.6142124344896835,0.5679242641194551,-1.8929150543297122,0.5985369837740325,1,0,0,1,0,0,0.766351957764409,-0.6437599070886154,-0.3361399854376369,-0.3550545923851497,-0.7555580177447662,-0.22070269053549238,-0.5712673099878876,-0.6809849094564313,-0.30706948849977944,0.06226205880891179,2.3787548672551266,2.9926863933810406,-0.25703505575984503,-1.2795291567593892,-1.0015240806431907,-0.019080057443536733,-0.3092369326245598,0.42581845712628263,1.90767708056873,2.189656403056746,-0.48412935647543703,-0.06863167855840126,0.4006006600109284,-0.39074607354170776,-2.6767689847003795,-2.189656403056746,-1.9076770805687304,-1.038102835155144,-0.5596729573423944,1.8557516237582636,1.5581698001500064,1.3320852019236007,2.1173548412693166,3.042214599814193,1.9506907657090713,1.6900577159425842,-0.7481493064513315,-0.5588081172337243,-1.5366617482111748,-1.1386807229918314,-1.1931007240475748,-3.2370547648430987,-0.6186874509066087,0.5704037944582268,-1.0748462533011267,0
-0.27779879191332196,-0.2824120129387873,-0.15484123025532542,-0.4281154315628296,1,0,0,1,0,0,0.45087853266109723,-0.5896830038013647,-0.6047967952025805,-0.09234764970464464,-1.0837918076677013,-0.3821392534675868,1.3040373543804624,1.4786409391375026,0.9167072410183563,2.3416624693086052,3.959272058105062,4.756306995629969,-2.2454947194828367,-0.17438362561584558,0.9120008133158151,0.21182134498954158,0.3579580257648644,-0.14531574517291387,2.394254639720468,4.112442859858279,-1.9875377490706807,-1.1158586989482313,-1.040309484604601,-2.8084898737118853,-5.289120126452357,-4.112442859858279,-2.3942546397204683,0.0759977097470634,1.3165582532877582,1.0824548249802661,1.0413497803635572,1.1614023995690306,0.06953024385249205,-0.22015379130249568,-1.0945585420250417,-1.1004416420156866,-1.858388994928467,-1.6969572021918669,-3.452537194368805,-3.2132841416299174,-3.562336752266559,-3.7129024575951015,-1.853415610241477,0.013711913318286572,-2.9305954259097073,1
0.7502117023761872,1.9851513925498596,-0.4445202009343899,0.3052077222492148,1,0,0,0,1,0,0.03445361152472564,-0.4890883342455113,0.7768667978742723,-0.6385929225909811,0.3954651194407732,0.11737498696219013,-0.1561432537670654,-0.03588814683028464,1.3820204969980394,0.6036939786103155,2.197465179488598,-0.4953520733067798,-4.192519945109128,-1.610102715384895,-1.0525622703380608,1.6631764535373748,-0.7036409919364734,0.3416880654316058,0.3041828515459622,-0.9772859963810728,-1.3916746666396393,-1.0051761683379241,-0.21793637767768986,-1.513269980763575,-2.5232204646042957,0.9772859963810728,-0.3041828515459622,-1.5951531076062477,-1.3101654415944555,-1.6923160412231368,-0.7675202888890147,-0.972132629863095,-1.6632444155002057,-0.6279498401920818,-0.8177176958673952,-1.720552610450858,-1.3032691506898992,-0.9381911455531051,0.014285041535478216,-0.10137901367278856,-0.685407289429221,-1.175048096251087,5.554953345767732,5.023938843577749,-0.45626319576493324,1
0.8273124894479005,-0.7977673323680251,-0.15484123025532542,-1.8947617391869185,1,0,0,1,0,0,0.3499270366280375,-0.5734017856073538,0.21396681550962854,-0.5506381752618252,-0.08534166357421523,-0.015441243483327998,1.4994837039680604,2.500962432920013,0.0012230709702869531,3.1743410326656214,1.9090942557575847,-0.42866102525716293,-2.6958975513251375,0.3994648297828218,0.8027022334156767,-0.06702865500327668,-0.684622298167284,-0.5308555635896312,-0.5252107151899527,-0.06374491962016399,-1.68592804067966,-2.6285199506224295,-0.06902931304894873,-4.967189695292403,-3.000193167411723,0.06374491962016399,0.525210715189952,-0.10968571440330459,0.06573744620098994,-1.5861772649202739,-1.3704769786398716,-1.512628170652567,-1.0856528623826396,-0.22015379130249568,0.012804842605544792,-1.5138489543058005,-1.5808290728091832,-2.4557232588306284,-0.07694712256726609,-0.10137901367278856,-2.0392564484114977,0.728342674756924,3.0854970270979956,3.353863200157928,-1.0748462533011267,1
-0.27779879191332196,0.5679242641194551,-0.15484123025532542,0.5985369837740325,1,0,0,1,0,0,0.45087853266109723,-0.5896830038013647,-0.3361399854376369,-0.3550545923851497,-0.6112542691266228,-0.1791137698909362,0.3594836261667302,0.935139647794452,0.18391814881121007,0.4192683318084737,1.179670305442719,-0.02039582676211257,-1.9906648561641564,-0.31338360874250215,0.8933024671953327,0.25452456439448323,0.04231444145513359,0.3371817670979698,-0.16027754582615011,0.13114384342216406,-0.8129999423556467,-0.38861771256640415,0.0043503702416596525,-0.5244461915234692,-1.2044368041016467,-0.13114384342216406,0.16027754582614942,-0.06326485836571254,1.3165582532877582,1.127942871967207,1.1059522828368633,1.0760609983917457,0.8571550890128092,-1.0357458890816678,-1.0945585420250417,0.139780294854656,-0.933189254530854,-0.6852691266735177,-1.1413223704326168,-0.9657971047719908,-1.0802799607990516,-1.4922798914190887,0.6160407084282594,0.7559677548382072,-1.0748462533011267,1
0.7759119647334253,-1.4677292476260335,1.7280720791585935,1.0385308760612593,1,0,0,1,0,0,-0.7353015457273552,0.3046210527125229,0.15000090842273722,-0.5274921891225737,1.4961588684444946,0.6419320183177213,1.0165548339002943,1.3678913806284054,1.1269846892988884,-0.30705328883959293,0.881544015935178,1.5276097175316183,-0.5260966601093058,1.99130552173441,1.710989272759724,0.7049908400680024,0.8131180532961405,1.105432160727471,2.820010003978237,-0.7133741297612541,0.5761447722529988,-0.16344235530151371,-0.8321780192712457,1.2210831265717463,-0.0668110451460544,0.7133741297612541,-2.8200100039782376,2.304198799551478,2.067050737539819,0.900502637032502,1.1705547853101694,1.5027680042781708,0.3845801819166189,0.5954383064766764,-0.5408768497097485,1.3800022317249987,0.5008703430854462,-0.17942508891434333,-0.07694712256726609,-0.4903671546674297,-0.008482709938082702,-0.2233527107470814,-0.20711139779498602,-0.5429799678216537,-0.45626319576493324,0
-1.1516077120594044,0.8256019238340739,-0.4445202009343899,-0.13478617003801185,1,0,0,1,0,0,-0.5460174906653681,-0.11113148331311407,0.34189862968341117,-0.5679976648662639,0.9154229787023404,0.3534927299764446,-0.43335430873712966,-0.08141059769855723,0.3618653356738539,-1.21008964059277,-0.5930345599152821,-0.6838267743165681,-0.3472467437678511,-0.4549735190514515,0.5168620627791993,-0.11280127692234262,-2.2233050637013947,-1.1487701084185058,-1.4375436385994584,0.4930801176436292,0.14798553586574476,0.6295196683681524,-0.6080364412199413,-0.5698382068876469,-0.35057644858201187,-0.4930801176436292,1.4375436385994576,-0.7595776989295921,-0.18442671521636386,-1.6923160412231368,-1.4781478160953823,-2.0815708451678003,-0.7180946013078251,-1.4435419379712537,-1.0945585420250417,-2.340663578886029,-0.12363948168294266,0.19995793940503753,-0.9436526815433369,-1.0738493661593913,-1.1931007240475748,-0.14404476195508095,-0.20711139779498602,0.013711913318286572,-0.9202004889170784,0
-0.27779879191332196,-1.9830845670552713,-0.15484123025532542,-0.8681093238500562,1,0,0,1,0,0,0.45087853266109723,-0.5896830038013647,-0.5920036137852022,-0.09755549658597625,-1.051674357086622,-0.378114519211662,0.7297536245444399,0.6861335764368256,1.3063688253827621,-0.1118516121168077,0.0791714661740418,1.3556091014989808,0.46445672270490523,0.29420203337704265,0.6128692941434264,-0.16480471063685845,0.26687770178435105,0.5043704985324226,2.110417730215288,-0.24419747799268982,-0.7207769738283922,-0.3277808616562411,-1.9514627883972837,0.41573567260935895,0.3894928405397187,0.24419747799268912,-2.1104177302152882,0.4473645580477994,0.8162299304530506,0.6275743551108558,0.4383930906127002,0.5355654576022743,0.9096634120234974,0.3235742738836193,-0.5408768497097485,-0.4803306735805153,-0.8869292675109735,-0.6852691266735177,-1.308581337954314,-1.9382674572585934,-1.7007941586659285,0.6225987430342572,-1.1674555217221056,-1.378017789531564,-1.1779434295571587,0
-0.7918040390580765,0.8256019238340739,0.27967722576327125,-0.13478617003801185,1,0,0,1,0,0,-0.7479204827314877,0.3261355196117517,0.34189862968341117,-0.5679976648662639,1.6984989967945003,0.6897816366937161,0.2083107602863071,0.454492318057914,-0.20407204764007333,2.140215208363938,1.6237314402962262,1.011607869433707,-0.7870263294523144,0.40193604816322753,1.2861877162680524,-0.6963518918624622,2.4555753619458245,1.6164403411054644,0.6912331826893887,0.6941558255444424,0.11194858043244267,0.6646696493766067,-0.4207931698232878,-0.4563861767137486,-0.5327910176934637,-0.6941558255444424,-0.6912331826893894,0.2152602778598393,0.9413120111617277,-0.50962681956267,-0.7675202888890147,0.13730558544161034,0.06953024385249205,-0.22015379130249568,-0.5408768497097485,0.139780294854656,-0.026493508941193386,0.4275877563966659,-0.4601222117987924,-0.5940973255993336,-0.7192535184037778,-0.15990635171348128,-0.20711139779498602,0.1250502895462747,-0.5799798072721716,0
-0.2006980048416086,-1.9830845670552713,-0.8790386569529866,-0.8681093238500562,1,0,0,1,0,0,-0.48292280564470574,-0.2018411275368894,-0.5920036137852022,-0.09755549658597625,-0.2006745132716574,-0.07983699157812466,-0.12045451710512817,-0.6777151580143209,0.013914945465773007,-1.2023156707050946,-1.3214150475516764,0.5701149088844194,2.228192051549097,-0.8308488924615401,-0.8141236528349851,-1.4813035973631612,-0.7920106801569583,-1.0220304677849918,1.3564759393421555,-0.567767582660665,-0.662679485530946,0.1146141196587631,-1.5075894555807847,0.838906671298846,0.7200904496916606,0.567767582660665,-1.3564759393421562,-0.5738942747792242,-0.43459087663371765,1.4463592008757944,0.30918808566608796,-0.03337721691295973,2.0648465182586286,2.7703505672211355,2.0429710477616196,0.34648395099971346,-0.8671035587881674,-0.39621539081113233,-1.4584627504088223,-1.8610872705533077,-1.5073871359541748,0.18451674018320632,-1.2654498200820157,-1.5768363185101137,-1.2515842697400397,0
0.8273124894479005,-1.9830845670552713,-0.15484123025532542,-0.8681093238500562,1,0,0,1,0,0,0.3499270366280375,-0.5734017856073538,-0.5920036137852022,-0.09755549658597625,-0.9979075750042542,-0.3655931237487849,0.5615420504888792,0.26211322166709716,0.5862294989484588,-0.8060435649770397,-0.7733766213350806,-0.9351263756629523,0.9957955261477504,0.026700546470923486,0.44442709355840293,-0.2739433122560131,-0.07404341950753111,-0.00922475187321411,-0.5666803935267474,-0.7133741297612541,-0.7541590192231266,0.08545868344933633,-1.0766819736919828,1.0154926673736024,0.9964213098499161,0.7133741297612541,0.5666803935267466,-0.16273812130340953,0.13721292089166215,-0.7110738847905511,-0.7306045731899827,-0.71610842633123994,-0.24551969421163483,-0.5696932617792836,-0.38268208047680763,-0.6575052359905647,-0.9563192480407944,-0.463962360153879,-1.59368185077539,-1.7869942913162333,-1.3834857620294574,-0.14404476195508095,-1.4418395571298541,-1.7955367003865192,-1.3068148998771993,0
-1.2030082367738797,-0.30817977891024867,-0.4445202009343899,-0.8681093238500562,1,0,0,1,0,0,-0.4198281206240434,-0.2727807210965086,-0.5152445252809326,-0.16757210465721217,-0.14339691136092045,-0.08028418427322742,-0.5911140247074732,2.6201689663314878,-1.8500630168847505,0.6970097649791166,-1.7994252447815227,7.277344596336901,4.183617803549003,-1.373529645514345,3.571476089665618,-3.8809389269115995,0.6329505423983446,-1.9932427783481088,2.2117880550385656,7.73180560207293,-0.5504561973252275,-0.018437790870871006,-1.3708712236634564,-0.31399230210773255,0.3933273269740506,-7.73180560207293,-2.2117880550385665,-1.038102835155144,5.819513158800124,3.2658810803534357,-0.12149526415595328,0.13730558544161034,4.165179438686142,5.488990893151709,3.8885766888125977,0.7598912632898273,-1.0257092285706153,-0.9381911455531051,-2.813912045649595,-2.824296000635276,-2.716181027902636,-0.857816301083085,-3.4997198226879678,-2.7697474923814145,-2.3120123683735136,1
0.5703098658755232,0.8256019238340739,-1.168717627632051,-0.4281154315628296,1,0,0,0,1,0,1.7380101070826095,-0.72051422143181,0.32910544826603294,-0.5604752193710071,-0.5283901786834239,-0.12097871952757809,-0.68947614280358,-0.9209708363937738,-0.3873431543752104,-1.4712762596636901,0.751988810233652,0.5352984711894829,-1.2520169087893285,-1.7843678958662335,1.3872611900540024,-0.3786412036604341,-1.6285550794680306,-1.4993581764054154,0.03622492998512883,0.6941558255444424,-0.8241860167053139,2.6537891822081057,0.14901317444313644,0.37275196861729626,-2.441453715551596,-0.6941558255444424,-0.036224929985129536,-1.5951531076062477,2.81754322179188,3.0839288924056714,2.33339982982968,1.3320852019236007,2.27487981030138,3.042214599814193,3.3348949964973045,2.620224168595341,-1.0257092285706153,1.33810702436318,-1.7191260764166634,-1.3980061503215924,-1.1931007240475748,-3.3956706624271,0.6160407084282594,1.127095675598167,-2.3120123683735136,1
-0.7661037767008384,-0.9523739281967958,-1.8929150543297122,1.0385308760612593,1,0,0,1,0,0,0.22373766658671274,-0.5536317349431976,0.712900890787381,-0.6293345281352805,0.2397455746883403,0.060581514684140296,-2.6865730305018642,0.9910005773501128,0.5898994307078018,-5.108471509427068,-4.393197449068849,-3.735609133067065,3.81674618028448,-1.4961614001003039,-1.2660893904900687,0.018172962012304568,-3.9667106118898516,-3.1834845104748166,-0.16027754582615011,-4.935963995678347,2.240798355103442,-2.6285199506224295,-0.7881502092968824,2.9678930971380484,2.6033188353778205,4.935963995678347,0.16027754582614942,-1.3166279713806959,-0.9349191994684248,1.4463592008757944,1.2351572877834756,-0.71610842633123994,0.8571550890128092,3.857806697593365,4.442258381127891,0.139780294854656,0.6396503041450882,-2.4557232588306284,-2.722679881546851,-2.5649705733055157,-1.7007941586659285,-1.175048096251087,-0.20711139779498602,-1.6563637301015341,-2.3120123683735136,0
0.004904094016293398,-0.9523739281967958,-1.8929150543297122,-0.8681093238500562,1,0,0,1,0,0,-0.09173575851659908,-0.4373373192716908,-0.15703544559434116,-0.40886901015890953,-0.057513836208602315,-0.020360363129458298,-0.3678070647651542,-0.312163875324358,1.104983129729667,-0.90449426728028,-1.5626587108657657,1.2544322685386065,2.7846591776205787,-1.9951457808293762,1.5304486112507638,1.0207299639203187,-3.9177320715685875,-4.44241651938192,-1.8132101364739617,3.5092157361558383,-1.4820814791464179,1.9616245372165182,-0.48481378057695806,-2.6628426568341643,-2.305622228116634,-3.509215736155838,1.8132101364739601,-1.8736782438317996,-0.18442671521636386,-3.1024454978183087,-2.317980348248362,-3.191009060472506,-3.3960190748529038,-0.22015379130249568,0.8433273810784847,-2.9607745473212006,-1.4420491117495413,1.33810702436318,-0.8524205174405927,-0.944186652494511,-1.785409731102321,-0.5405845059150832,-1.853415610241477,-0.5429799678216537,-1.0748462533011267,0
0.9558138012340891,0.7740663918911503,-1.6032360836506476,1.7718540298733036,1,0,0,1,0,0,0.059691485532990585,-0.4873439180104387,-0.7455217907937414,0.20392097287777514,-1.370942019902627,-0.5323959990221124,-2.2541305684817647,-1.2572642815042718,-0.6595651333587449,-2.0319230254173712,-1.8890751867775664,-1.5684013710558424,-0.08126481690107255,-1.2965676478086747,-0.3440792856736971,-0.2705634545372048,-1.3135651145562834,-1.2023049326221016,-1.4375436385994584,-0.7133741297612541,1.8389083103961292,1.3809436080320727,0.6297574540943615,1.4424882364774396,1.2820735050524152,0.7133741297612541,1.4375436385994576,-1.17736540326792,-0.18442671521636386,0.49111021415003275,0.26611975068388355,-0.2894014204448148,0.3845801819166189,-1.0357458890816678,-0.5408768497097485,0.44983577907224165,1.7498899926222238,1.33810702436318,0.10551720563822252,0.4172718409867329,1.0069041592986248,-0.3819686083310823,-0.20711139779498602,-0.5429799678216537,0.16231986177126023,0
2.0095245578808356,0.20717554051898904,0.27967722576327125,0.3052077222492148,0,1,0,1,0,0,0.7537330207602766,-0.6420154908535428,0.5849690766135982,-0.6061885419960289,-0.08298246723754615,-0.0252794827755886,-1.2828925624564531,0.5133930773818071,0.40715212775801474,-1.4119384035856581,-1.8676681918423899,-0.1165452394511629,3.138768698789982,-1.47121218106385,-1.198294529841806,0.666783752811923,-2.2169719027122587,-2.6316239038306057,-0.04921092906325296,-0.11014700605881177,0.3138754606086325,-1.9050732650391173,0.11346276887377554,-0.29087369625412646,-0.14120841781221297,0.11014700605881177,0.049210929063252244,-1.4558905394934718,-1.3101654415944555,-1.1009714303929035,-0.6383152839424023,-1.39883963574952,-1.9782943535643327,2.2266225020350205,2.5043724580243647,-1.4104971262332722,0.5471303301053266,-1.6969572021918669,0.9266066825629212,0.8494808865363345,0.6684418695530556,0.6225987430342572,0.06727263761276221,0.013711913318286572,0.5747085667953888,1
-0.04649643069818187,-0.30817977891024867,0.27967722576327125,-0.13478617003801185,0,1,0,1,0,0,-0.44506599463230834,-0.246033005492062,-0.6943490651242283,0.061573158121378126,-0.5833677400252331,-0.23680162755919154,1.104456852436144,-1.950806508855536,1.8581980195903047,0.6810519862307687,1.864820477279727,0.3483598363947059,-3.1358588584888434,0.8125366676748783,-0.7146479402410431,1.709526459551982,1.2952564627409486,2.2895732523088532,2.9837620671543017,-2.484137621920036,-0.7238970742600233,1.9616245372165182,-0.8223097170356113,0.36429684079715263,-0.1890353002404548,2.484137621920036,-2.983762067154303,0.35452284597261524,-0.9349191994684248,-1.1312967950508637,-0.20763193412036116,0.3079883877961804,-1.1906695084040155,-0.49201782389555315,-1.4636796702352375,-0.8937379858706291,-0.7481493064513315,1.5910290432427672,-0.41146505761066227,-0.7496925819971905,-0.5725865261806978,-0.011864847301746482,3.3598810625057447,1.8693515171180877,-1.2810406058131916,0
0.8273124894479005,0.33601437037629844,-0.15484123025532542,-0.4281154315628296,1,0,0,1,0,0,0.1858808555743153,-0.544328181689477,0.11162136417060241,-0.5107113491716163,-0.05324264154697645,-0.023937904690280336,-0.012998054045332223,0.3749077320562631,-0.26636048244209554,0.9963331783222896,1.3707692711434736,-2.4146444019364153,-5.788619956095749,-0.05122253081593994,0.5473632423980865,-0.48419912547013394,-0.20560688486670867,-0.39639344317362374,-1.1820904200447964,-2.120904085066952,-0.033106838696864004,0.03376385232416026,-0.12244972248450955,-1.549858113332738,-2.169068232769782,2.120904085066952,1.1820904200447957,-0.30697435256307043,0.09700796637815903,-1.0327393599124919,-1.0905328012555453,-1.1001447316290225,-0.5605696322757617,-0.8318478646368748,-0.4024564266309252,-0.9454138999068937,0.3620903820258042,0.5793409677244183,1.6564639953848757,1.3249108366408955,0.49921072468027106,0.09387908442092041,8.024409664437469,6.137322605857629,-1.0748462533011267,0
0.5703098658755232,-0.3854830768246345,-0.8790386569529866,1.0385308760612593,0,1,0,1,0,0,-0.48292280564470574,-0.22917031521969353,0.4954168066919504,-0.6009806951146973,0.8650213414479053,0.2882025964914424,0.21183055456908448,-1.7121426251254557,0.03385265719320821,0.15907790365974184,0.3370680891684083,0.9084074998141254,-0.10878018864591105,-1.0895815343210595,-2.621986603455321,1.4479064256028626,-1.689208486951037,-0.5928055515061601,-0.16027754582615011,1.3979208031972914,-1.3832525736017447,-0.27667913529858695,1.4087286057136634,-1.88989420495422,-1.0169642649612005,-1.3979208031972914,0.16027754582614942,-1.3166279713806959,-2.435904167972547,-2.5565889339750165,-1.6719553235153006,-2.0815708451678003,-2.135819322596396,-1.0357458890816678,-1.0945585420250417,-2.340663578886029,-1.3726591312197203,-0.5588081172337243,-1.0120768046203952,-0.23104172733766892,-0.939254006738398,-1.3336639938350878,-0.8244754774624201,-0.26463402725168356,-0.9202004889170784,0
-1.1516077120594044,-0.7204640344536393,-1.8929150543297122,-0.13478617003801185,1,0,0,1,0,0,-0.15483044353726144,-0.41349696405903186,-0.016310450003180245,-0.4667339755070384,0.12079695862464822,0.042693806880030105,-0.15768839943960536,0.38622231162448045,0.656284929042753,1.1642406468909048,0.7317037753838348,-0.1470508258406897,-1.6576663231158184,-1.1219231145534994,-0.2491664807661297,-0.5049002563744873,-0.23785909360767243,0.10468493744693659,0.3041828515459622,-0.5022446364653989,-0.901742798863005,-0.7797117541317421,-1.4045395489379695,-1.8086710089798579,-0.8490462777502336,0.5022446364653989,-0.3041828515459622,-1.038102835155144,-0.18442671521636386,0.17269388524144552,-0.12149526415595328,-0.20406001926752979,0.8571550890128092,-0.6279498401920818,-0.8177176958673952,-0.4803306735805153,-1.1182292026103766,-1.1911131644326922,-1.9928225687248964,-2.2192033368658346,-2.5469498830298516,-0.2233527107470814,0.06727263761276221,-0.17185204706169332,-2.5182067208855785,1
0.6731109153044746,-0.3339475448817109,-1.6032360836506476,0.3052077222492148,1,0,0,1,0,0,0.6401625877230843,-0.6210824960326716,0.46983044385719386,-0.5951941985798844,-0.08883385827611373,-0.01767720695884177,-0.7353323198164274,-0.25296641486557836,0.730904380276497,-0.3590132856862018,-1.7644398151426322,-2.01068866942548,0.6066194767199079,-0.6614966177898551,3.4179191633898944,-2.1559095420462464,-1.8827217393968174,-3.8432087811449396,-4.174542408827977,1.3979208031972914,0.36153786435938756,3.7712007295376426,-3.165651947912504,-1.3818708611891093,-1.45828718006695,-1.3979208031972914,4.174542408827976,-1.038102835155144,1.3165582532877582,-2.465612840001134,-2.834800368034811,-3.1056676592952206,-2.135819322596396,-1.85133798686084,0.012804842605544792,-2.340663578886029,-0.47058938433204756,1.33810702436318,-2.722679881546851,-3.3429468552947976,-3.3931056073937746,-0.5405845059150832,-1.0302635040182315,-0.5429799678216537,-2.3120123683735136,0
0.3647077670176212,-2.086155630941119,-1.6032360836506476,-0.13478617003801185,1,0,0,1,0,0,-0.356733435603381,-0.32802056854047434,-0.06748317567269331,-0.4516890845165249,0.3109584378304393,0.09680412298746342,-0.8437310246126163,-0.12428037524444029,1.0582642404833336,-0.6891496954454371,-0.8443332427474446,0.8641787699771619,2.121906646719531,-1.1012662342760053,-1.193191690868281,-0.4041102340788802,-0.5367937447739181,-0.9514160460746022,-0.22109974072011698,1.3979208031972914,0.07285628294990901,-1.024734527160629,-1.8527744818095009,0.3987212897791689,0.16880197672267194,-1.3979208031972914,0.22109974072011698,-0.9266927806649233,-0.9349191994684248,0.9914787310063841,0.6020527635450756,0.3421249482670949,0.5106001571422693,0.5954383064766764,0.7879592118469556,1.13195784435093,0.08453045990652028,-0.9381911455531051,0.10551720563822252,-0.8793552956620708,-0.685407289429221,1.6800380602609295,-2.676567716464722,-2.7697474923814145,-1.0748462533011267,0
-0.2263982671988458,-1.6996391413691911,-1.168717627632051,-0.4281154315628296,0,1,0,1,0,0,1.6875343590660796,-0.7146995006482346,-0.34893316685501513,-0.3434815993155239,-1.0707561904610863,-0.2842040532400835,0.28908628435392103,-1.210151302363128,0.8645641402978446,-0.5530641914647924,-0.1197309666132299,0.2892052820966333,0.7769527303784362,-0.6554068955841952,-0.8017410298855303,-0.986414232752464,-1.9794783656197088,-1.9304585440189537,1.116988546947158,-0.7133741297612541,-1.056856363178387,0.8578040770457238,-2.1731393173475704,-1.215662820895193,-1.7290609144299336,0.7133741297612541,-1.1169885469471588,-0.7595776989295921,-0.9349191994684248,-0.8280431484712572,-1.1551353037288514,-1.7402052404586603,-0.24551969421163483,2.2266225020350205,1.6738499195514247,-1.720552610450858,-0.7481493064513315,1.717490052682561,2.112624815898597,0.35244048415429274,-0.1777138548108673,2.790349343348936,3.0854970270979956,2.7971713190179877,0.7809029193074537,0
-1.5628119097752085,0.28447883843337485,-1.6032360836506476,-1.161438585374874,1,0,0,1,0,0,0.7032572727437467,-0.6332934096781798,1.4676985944126986,-0.700508435513479,0.25200143529546737,0.05432081695270173,0.06548628086744693,-0.2169543167448861,-0.3728859479958799,-0.9024637445081192,1.0686216258035586,-0.5270158230764244,-2.6722956562067632,-0.751913510199314,0.1932237115996517,-0.23183830508104375,-2.3202299623177147,-1.3057554124438795,-0.8569681418843186,0.13114384342216406,-0.8423633875235226,0.49134388095560533,0.2767724444580308,-1.081530016447473,-2.6640764659021148,-0.13114384342216406,0.8569681418843179,-1.038102835155144,-0.5596729573423944,-2.1017084641056063,-1.865762830935219,-2.4229364498769406,-1.033144539371952,-1.0357458890816678,-0.8177176958673952,-2.340663578886029,-1.0257092285706153,-0.17942508891434333,-1.6278939123139191,-1.268343436656712,-1.531563013793144,-2.761207072091096,1.439192814651505,1.6837875567381073,-2.3120123683735136,0
0.5703098658755232,0.4648532002336079,0.5693561964423357,-0.13478617003801185,1,0,0,1,0,0,-0.2810198135785862,-0.3600015328501387,0.5337963509440852,-0.6044525930355851,0.5858615766892841,0.19026739626393913,-0.34064437813466397,-3.4164740944173375,1.0170348107915583,-1.5414401614256046,-0.7645619957191677,-0.06462455659907608,0.6239498949700484,-0.8222562954994159,-0.1703643364701786,0.03554439730928193,-0.7216422247221266,-1.0529156554877133,-0.5860329100839196,0.4930801176436292,-0.34791450211278085,4.518550661314725,-1.3546019658126849,1.3668181356235944,-0.03399916458379975,-0.4930801176436292,0.5860329100839188,-0.968471551098756,-0.5596729573423944,-1.305667641834138,-1.0905328012555453,-1.2708275339835926,-1.348194477436079,-0.01625576685770265,0.2896456887631914,-1.2554693841244795,-0.47058938433204756,3.6144051942794655,-0.669956189235104,-1.2035120798242718,-0.685407289429221,-0.2233527107470814,-0.20711139779498602,0.013711913318286572,-0.45626319576493324,1
-0.8175043014153137,0.8256019238340739,1.0038746524609323,-0.8681093238500562,1,0,0,1,0,0,-0.24316300256618875,-0.3937269133948757,-0.8478672421327675,1.5822644474702046,-2.5457641953933066,-1.5256109748453304,-0.7670835213485244,1.8708167176754908,-0.8749045097642156,-1.2877650340465334,-3.4316635798500323,-3.82004579911945,2.788018317752204,-0.6517262942511038,1.0285058929895892,0.035876978634625335,-0.058574756782902394,0.057635283162526516,-0.2763926451691775,-4.935963995678347,0.41545107515942176,-1.5374200313820239,1.2320766778874281,1.6816057551755905,4.5176003590505625,4.935963995678347,0.2763926451691768,-0.8789456144548287,0.24442613292767115,-1.5558519002623137,-1.3027981665249802,-1.2525400908741744,-1.0556481063765324,-0.4531801049536876,-0.38268208047680763,-1.36620348563076,-0.19302946221276363,-1.6969572021918669,-1.9015904046221521,-1.1386807229918314,-0.5161761445564365,0.09387908442092041,-2.676567716464722,-3.326439373521355,0.16231986177126023,0
0.5703098658755232,-1.2100515879114147,-1.168717627632051,-0.4281154315628296,1,0,0,1,0,0,1.7380101070826095,-0.72051422143181,-0.438485436776663,-0.26883579401643765,-1.2104258303333746,-0.3463638378593664,-0.8242176146624245,-1.3943039203350132,2.7797418032710053,-1.3775792243504583,0.09378831434187837,-0.18334377879303204,-0.3051644105110384,-1.7481737135998354,0.39796627996728584,0.5158850546591282,-0.5989265036589492,-0.3196624229650875,0.6912331826893887,-0.9356157016516281,-0.6006599196569463,2.312399771003338,-3.281585438805696,1.2671353894321309,-0.43401754080085486,0.9356157016516281,-0.6912331826893894,-1.5951531076062477,0.9413120111617277,1.5373352948496766,1.6227723026233125,1.2467438007463156,0.6996301199807459,0.5954383064766764,0.2896456887631914,1.3800022317249987,-0.05424950115312168,3.9937882225988464,2.979330374874668,0.15794641365697218,0.6684418695530556,4.693740114356947,1.8507688677631275,1.4054416161681371,2.636652091916034,0
-0.7147032519863632,-0.4370186087675581,-0.8790386569529866,0.5985369837740325,1,0,0,1,0,0,-0.25578193957032125,-0.3914010250814456,-0.38731271110714993,-0.3238075110971601,-0.15462237242413157,-0.05076946639644561,0.2744316652221104,-0.37665016477862073,-1.5390530788620511,-0.5129385149870602,-0.45306186785318914,-0.7565103513213687,-0.08570278008572346,-0.0019201295474830951,-0.4554986653477984,-1.5237559165365826,-0.9998175251129388,-1.172492462893603,-1.6310688041711716,0.5858842905209276,-0.38352248171843206,0.06065560790947952,0.5727093717288928,-0.29845510141259673,-0.5557080655236649,-0.5858842905209276,1.631068804171171,0.2152602778598393,-0.18442671521636386,0.900502637032502,-0.12149526415595328,-0.5027549233880274,1.6447799341731264,-0.22015379130249568,0.7049069579996614,0.44983577907224165,-0.05424950115312168,0.5793409677244183,1.5652318312821314,1.6814832992193165,1.4299820214805863,0.09387908442092041,1.0276167615398821,1.5446145864531222,1.708777505611744,1
-0.8689048261297889,-1.235819353882877,1.4383931084795292,-0.13478617003801185,1,0,0,1,0,0,-0.596493238681898,-0.08554671186538257,1.2630076917346462,-0.682570296255559,1.4155478923844618,0.46171336219131115,-0.7992089073991728,0.7544623011065954,-1.4093367988738352,-0.7505537359549098,-2.060423067999809,0.8641787699771619,2.547831212380032,-0.1840172878127426,1.8072776255645027,-1.4379078933192209,-0.3237135647631971,-1.0935679538314642,0.6912331826893887,0.4930801176436292,0.9274515348675404,0.7749678656445178,0.48165185564555013,0.6929608460627518,1.6109946384225668,-0.4930801176436292,-0.6912331826893894,0.911573118423719,4.318528190296002,4.812474677909431,2.850219849616129,2.526864818405591,4.165179438686142,4.673398795372537,4.442258381127891,5.100668042336026,3.970369369576495,4.373171250918228,8.590108467193442,7.808046519884914,7.945381099082793,7.390210373284963,-0.20711139779498602,0.013711913318286572,10.059648782350354,1
0.4161082917320974,-0.7204640344536393,1.4383931084795292,-0.13478617003801185,1,0,0,1,0,0,-0.7100636717190902,0.18134897210072565,-0.42569225535928473,-0.3029761235718337,0.7942834361199336,0.37361640125606854,2.956552908629017,-1.6467110178540092,0.05618236774064181,1.9874773410550584,2.7221380853733455,4.314019697260332,-1.5935183830360837,4.343803944728842,-1.8017524869701687,-1.336651250550024,3.9136752175838034,3.9140560694215565,4.948786825267084,0.9756618166055823,0.22911893016603185,0.45520646205701837,-1.4200087794695015,1.195779685439667,0.28240111226652576,-0.9756618166055823,-4.948786825267085,3.975349616904789,-1.685411683720486,-0.10023439668020068,-0.7675202888890147,0.6493539925053206,2.27487981030138,-2.666930084640012,-3.309285311286215,0.7598912632898273,0.31583039500592347,0.5793409677244183,0.4096244193140364,-0.4255357978349895,0.04792767168617923,1.09844643578626,-1.30464753942598,-1.0996718489615938,0.47161139053935697,0
-1.9483158451337743,0.0010334127472937634,-0.8790386569529866,-1.161438585374874,0,1,0,1,0,0,0.4130217216486998,-0.5815423947043593,0.8920054306306766,-0.6501659156606069,0.20254864910627374,0.055215202342907235,-0.12523117971890346,-0.5387469993590815,-1.2934853414415386,1.504424705896539,0.5918059229094068,0.15651909258574168,0.45757787976869546,-0.8506667118380141,0.2052033299615883,-0.35532357435068845,0.32560596498445704,0.02728746584134388,0.08301123374971729,0.13114384342216406,-0.675839151504361,0.9450153553461468,1.4111718688184631,-1.7095154190890776,-0.7427357847285238,-0.13114384342216406,-0.083011233749718,-0.8524194110047761,0.06573744620098994,-0.3428373139438866,-0.46604194401358573,-0.31784855417057606,-0.14050304819025958,0.051710241290561454,0.012804842605544792,-0.4803306735805153,-0.7481493064513315,0.5793409677244183,-0.669956189235104,0.09311505682453199,-0.6007917169928287,-1.016432198667086,-1.0302635040182315,-1.0996718489615938,-1.6934293108373202,1
-0.07219669305541997,-0.9523739281967958,-1.6032360836506476,1.0385308760612593,0,1,0,1,0,0,-0.3188766245909836,-0.3518609237531332,0.712900890787381,-0.6293345281352805,0.7118913981583822,0.21575737988479615,-0.9681774712284639,0.556005721856254,-0.5853185383324174,-0.15003387176668082,-0.7213803813770621,-0.8491741797070634,0.6913022022603694,-0.6586377771402525,-0.9129457433833631,-0.42013212066164307,0.48700479334705765,0.3588040297615341,0.8615353283924976,-2.0126325500434374,0.6881712353696635,-1.6777043067129336,0.37795778630982735,0.6855916979626255,1.288132125614754,2.0126325500434374,-0.8615353283924982,-0.6899464148732042,-0.9349191994684248,-0.39590670209531736,-0.54141153023244315,-0.33207212103345735,0.06953024385249205,-0.01625576685770265,-0.4024564266309252,-0.4803306735805153,1.333550109443298,-1.317574173872486,2.112624815898597,2.0380557617977377,2.276137745844509,1.9972698554289314,0.6160407084282594,-0.26463402725168356,2.3273605631479377,1
0.7759119647334253,-0.9523739281967958,1.7280720791585935,-0.8681093238500562,1,0,0,1,0,0,-0.7226826087232228,0.2022819669215969,-0.15703544559434116,-0.40886901015890953,1.1802531727175978,0.4715516014835717,2.730003344110485,-0.007530975968446304,0.2278102588513051,2.51555774499121,2.192900284562706,3.44895777544913,0.1369126257221476,2.2316235080591778,1.0887001841543722,0.37542084095306955,1.3341219376239692,0.8615363190768991,2.6947878380200687,2.031309283084856,-1.566324190800462,1.1009724457467156,0.06583748417137425,-2.075463747247134,-2.009755238198456,-2.031309283084855,-2.694787838020069,4.161033041055157,2.81754322179188,3.933039102828569,3.6254498792958025,4.290587109402815,1.9598298722372534,4.129670730186422,2.412092175971816,3.2403351370305127,-1.488309098769422,0.8322629866040054,-0.41146505761066227,-0.31748353644758887,-1.0802799607990516,-0.7520723693604175,-1.0302635040182315,-0.17185204706169332,-1.0748462533011267,0
0.33900750466038404,0.49062096620506923,-0.15484123025532542,-0.13478617003801185,1,0,0,1,0,0,0.16064298156605036,-0.5228137147902483,-0.822280879298011,0.5893016420963133,-2.1644163137993035,-0.857505088361815,-1.1144975196281621,-0.9629377156627333,-0.004047591700089084,-3.15827719449074,-3.360361316432133,-3.1164069153495735,1.5932748485369328,-0.4055020416027023,-1.3878262919637294,0.9188953275439828,-0.09903436902700465,0.9652941832830895,0.6912331826893887,-4.935963995678347,1.1445630688360766,-0.06863167855840126,0.9289343797032891,4.168427949636346,5.31105617900767,4.935963995678347,-0.6912331826893894,-0.4114212786476524,-1.3101654415944555,-0.1229784201736712,0.36302350439384273,0.3079883877961804,0.06953024385249205,-0.6279498401920818,-0.9561381189462185,-0.17027518936292965,0.917210226264372,-0.17942508891434333,-0.350643614875499,0.15794641365697218,1.8530598836625478,0.728342674756924,-1.853415610241477,-2.7697474923814145,2.018069034379841,0
0.6731109153044746,-0.10203765113855341,2.1625905351771904,-2.334755631474145,1,0,0,1,0,0,-0.2684008765744537,-0.364653309476999,1.0711099704739724,-0.6681040549185268,0.7856217696067277,0.2358810511644201,0.15473236609631913,2.32350078738747,0.12035092779602616,0.4601075964401204,-0.3653034479551578,-2.023697119377528,-3.5100975898992917,0.6275437497154724,1.7459729303531555,-1.4373823398100387,1.4579280922987827,0.28569457990881414,0.6912331826893887,-3.4456381606487843,0.41187519893288915,-1.4400003957355596,-1.6089543809617985,0.8240808605339489,0.7538375247735064,3.4456381606487843,-0.6912331826893894,0.2848915619162273,1.128935132224743,-0.8962752189516687,-1.4135453136220761,-0.8867912286858101,-0.08799472517957138,-0.22015379130249568,-0.5408768497097485,-1.2554693841244795,1.194770148383656,-0.9381911455531051,2.751249964617807,1.1952481229760152,1.5145975939169787,4.217892421604944,8.847561770660715,5.58063072471769,0.7809029193074537,0
-0.5348014154856993,2.01091915852132,-0.4445202009343899,0.3052077222492148,0,1,0,0,1,0,-0.23054406556205628,-0.3966342737866634,0.7512804350395157,-0.636278323977056,0.6239907325908753,0.1866898547031171,0.48123650908995397,3.1042882672436565,-2.0075153519174265,1.3223083162708547,-0.0565841909350275,0.8862931348956435,-0.4729250633591441,-0.6645207655518495,3.7055337237158565,-2.318220746782026,0.5593609956936108,-1.114007235559027,0.2654778184316193,0.9455004604204603,-1.333152399615162,-0.5486107295704064,0.4147524560741143,-1.2317004388182924,-1.0140490221276797,-0.9455004604204603,-0.26547781843162,-0.7595776989295921,2.81754322179188,-0.7825551014843162,-1.7365578259886068,-1.4841810369268051,0.06953024385249205,0.3915402820318834,0.2896456887631914,-0.9454138999068937,-1.3032691506898992,-0.6852691266735177,-0.6547508285513128,-0.3607044410025493,-0.7982280526777443,-0.857816301083085,0.6160407084282594,1.3126596359781475,-0.2500688432528684,1
-0.7661037767008384,0.8256019238340739,-0.15484123025532542,1.478524768348486,1,0,0,1,0,0,0.6149247137148194,-0.6164307194058113,0.16279408984011548,-0.5332786856573866,-0.25019237317776755,-0.06194928377401448,-0.5678466386362456,-1.7942211809747461,-0.17939973339885582,2.0208056780821444,2.0273638450939893,1.5276097175316172,-1.5225461940116969,0.44987768474307943,-1.7914995605141038,0.5935535022377727,2.513899356171342,2.824897844364026,0.6912331826893887,1.3979208031972914,1.2391170557917526,0.6679399468939844,0.8417094731503044,-0.23723853067375966,0.1222906325471727,-1.3979208031972914,-0.6912331826893894,0.35452284597261524,-1.685411683720486,-0.19121049065408274,0.13691474573727128,1.1614023995690306,0.06953024385249205,-1.85133798686084,-2.2019219266556282,0.7598912632898273,2.0274499147415077,1.5277985385228705,2.2038569800013414,2.4270439027923785,2.1492143871899207,0.9662665211329254,0.2044646553166367,1.127095675598167,3.255235149452228,0
-0.27779879191332196,-0.10203765113855341,-0.15484123025532542,0.3052077222492148,1,0,0,1,0,0,0.36254597363216995,-0.5728203135289962,0.3035190854312764,-0.5593179200640446,-0.039617338342055636,-0.008286160361683923,0.6058457550927228,0.5042633058078005,0.643126726276356,0.113692033092904,0.34401036439652427,0.8641787699771628,-0.349212127463911,0.6004205308186659,0.6223789146165238,-0.6417211067041102,0.7508044780984068,0.45018365588475323,0.6912331826893902,0.4930801176436292,-0.24251015052263022,-0.06863167855840126,-1.5240436045826695,0.5908942663770124,-0.007713603122388296,-0.4930801176436292,-0.6912331826893908,0.911573118423719,1.0163612595869336,1.1006500437750428,0.5503707615664309,0.8541733553308051,1.3297299961089997,0.10608304780917345,-0.2086678343205727,0.7598912632898273,1.7498899926222238,2.8556391376407038,9.137501451809909,5.992768528576589,6.083838505482162,8.65913755395697,3.0854970270979956,3.910555081297868,8.203899609741775,1
-1.2287084991311177,0.33601437037629844,-0.15484123025532542,-0.4281154315628296,1,0,0,1,0,0,1.0944443198718534,-0.6745779272415647,0.11162136417060241,-0.5107113491716163,-0.47189951907495675,-0.12410906839329737,0.4748531453754589,-1.5856547246902,-0.20719262211721798,0.018717776661001457,0.1484193449040233,-1.5462870061373606,-1.1257699090188897,-0.4392217572832683,-1.414005450086278,-0.9442817598193896,-0.7056493939414834,-0.7703485850578607,-0.7989105922128035,-1.3166012534636966,-1.0991600625371278,0.7598412531277757,-0.6656728470045636,-0.7249963684961102,-0.9450478744789287,1.3166012534636966,0.7989105922128035,0.0759977097470634,-0.9349191994684248,2.538072328562379,1.4935672976767,1.0760609983917457,2.589929748365507,1.0032343553662626,1.6738499195514247,2.620224168595341,-0.47058938433204756,2.8556391376407038,5.077670149237787,3.7236710394411823,3.03767789777204,3.900660626436942,4.731801239544486,3.910555081297868,2.945943620684131,0
-0.7404035143436003,2.0624546904642447,0.27967722576327125,-0.8681093238500562,1,0,0,0,1,0,-0.6974447347149578,0.14529770324255853,0.188380452674872,-0.5413797808061246,1.311062959365129,0.5301338445420326,-0.9268483619740048,-0.5157679400063448,2.3612975214782153,-0.6288631475475941,0.30766013027026656,-0.3184590060981721,-1.0755309657140153,-0.2678921552287403,0.9242061073768773,-0.11863080279654743,0.7441177299735816,0.4991237684778971,-0.32687747097049374,-0.11014700605881247,1.0211305242880273,1.633757073799451,-3.3471853318954707,1.587407944779348,0.08732397605673878,0.11014700605881318,0.326877470970493,-0.48105256270404034,0.399289661424128,-1.0302122461909957,-0.9254375171570962,-0.6212846472453675,-0.7005918269709293,-1.0357458890816678,-1.0330383539900094,-0.6181331110105518,1.611110031562582,2.476256109321323,1.793312241538992,-0.62002986833231,-0.008482709938082702,4.059276524020944,1.8507688677631275,1.9621334973080773,2.3273605631479377,1
-1.0231064002732158,-0.3854830768246345,-0.4445202009343899,1.0385308760612593,1,0,0,1,0,0,-0.785777293743885,0.4528964326936941,0.4954168066919504,-0.6009806951146973,2.1459695430254624,0.8127596278469735,0.7136972334162226,0.9458385386984185,-1.933314562868557,1.5355732600393075,-0.02401119807928801,0.7943439333924818,-0.1582912351384463,-0.23002188857118613,0.753254854487593,-1.311607829544274,1.0267840461196613,-0.05455291585169032,0.6912331826893887,0.39783372969061137,-1.2222485371773189,-0.543598900122088,1.3248663961474412,-1.0563189236406922,-0.022044570990995077,-0.39783372969061137,-0.6912331826893894,-0.3696425082138195,0.41596727218528484,-0.6642861793182697,-1.1809763047181743,-0.7843815472730677,-0.05648973137315825,-0.22015379130249568,-0.5408768497097485,-0.9764194483286528,-1.1367331974183288,-0.482931511569848,0.10551720563822252,0.7803274392483975,0.2622871218583729,-0.28679906978068154,0.12214944469431245,0.3477270420022505,0.40975308478573785,1
-0.3291993166277972,-2.086155630941119,0.27967722576327125,-0.13478617003801185,1,0,0,1,0,0,0.47611640666936217,-0.6007309732901579,-0.06748317567269331,-0.4516890845165249,-0.3517981241410788,-0.11292925101572851,0.36181584240122483,2.686932199791871,0.7446478284827631,0.028878827530143085,-0.2621602755733105,1.3305908300760514,1.1247164565979313,1.3048858904954104,4.30723044194379,-0.3970765745475164,0.7441177299735816,0.6329870774987184,-0.8569681418843186,2.664697762972419,0.8007128703484866,0.6269901345024765,-1.4169821908872462,0.6988409704230572,0.9588098780374114,-2.664697762972419,0.8569681418843179,1.1900982546492709,3.9432819481699712,-0.054746349693259644,-0.25070026910256554,0.0519641842643253,0.3845801819166189,-1.0357458890816678,-0.8177176958673952,0.7598912632898273,1.055990187324014,0.9587239960437993,0.9266066825629212,-0.03654765684034838,0.24536400737109418,2.631733445764935,-2.676567716464722,-2.4914015518114443,0.47161139053935697,0
-1.691313221561397,0.15564000857606544,-0.4445202009343899,-0.8681093238500562,1,0,0,1,0,0,-0.33149556159511606,-0.3477906192046305,0.27793272259651985,-0.5564246717966381,0.5151617326977674,0.16254144916756835,-0.9350445456163773,-1.1287872448323129,0.39370172289538635,-0.5404511855481302,-0.03519511350910127,-1.171476872518988,-1.3461641742431354,-0.7167021386999878,0.20058373856711548,-1.701472978174332,-0.13247448797637038,-0.06258653727936866,0.5274811195133255,-2.120904085066952,0.5840818698422359,1.750236304223935,-2.2480196979205096,0.5987552500800658,-0.015348200895781003,2.120904085066952,-0.5274811195133262,-0.38821085062885646,0.8162299304530506,1.8102635767713227,0.4383930906127002,0.36488265524770414,3.220029624493761,1.1391663716627913,0.9356076631310333,1.1732985755799412,1.4723300705029398,3.2350221659600846,2.933714292823296,0.8710913388138142,1.0915197317350172,4.376508319188945,5.143377292656109,3.632209140727898,2.018069034379841,1
0.46750881644657266,-1.235819353882877,1.0038746524609323,0.3052077222492148,1,0,0,1,0,0,-0.4703038686405733,-0.2407997567868442,-0.7071422465416066,0.063309107081822,-0.59215661767578,-0.234118471388575,-1.3460124683001085,-1.0685466854027492,2.5838951375129713,-1.5629964219019068,-0.6358919527593406,0.2376050972868426,1.6987346267934462,-0.4898900699112255,-0.9637762015760196,1.3228098245111355,-0.40675668044007585,0.11459424811810012,1.7556215933338128,-1.417139107414103,1.3821707170910722,0.5011240183586709,-2.2029749116391986,1.7081743683642714,0.938569661335805,1.417139107414103,-1.7556215933338135,-0.1561065704408964,-0.5596729573423944,1.6434740711525406,2.2257289923741705,1.9010278764388346,0.2270552128845555,2.6344185509246065,1.6738499195514247,1.069946747507413,2.2124898628210303,1.33810702436318,2.234267701368921,0.4172718409867329,1.1197249225471475,4.006404558159609,0.06727263761276221,-0.5429799678216537,2.018069034379841,1
0.2876069799459088,-1.41619371568311,-1.168717627632051,-2.334755631474145,1,0,0,1,0,0,1.460393492991695,-0.7065588915512291,0.6745213465352461,-0.6258626302143927,-0.28548224993485216,-0.059713320298500704,0.35236118500414193,-0.910144497203668,-0.10931733294291451,0.10396734865324744,0.44796191444563355,1.5276097175316172,1.441252419646696,-0.4509204341520358,0.8748009457708555,0.08094174821871787,-0.37535535192441366,-0.4662971551292423,0.6912331826893887,1.3979208031972914,-0.9405211899418504,2.125558268925052,0.2307791072526681,-0.5126491222897835,-1.0376208427530258,-1.3979208031972914,-0.6912331826893894,-0.20252742647848845,1.3165582532877582,1.1734309189541483,1.0413497803635572,0.8200367948598906,0.5421051509486824,1.4110304042558486,1.1201682272361313,0.44983577907224165,-0.19302946221276363,5.131937307556989,5.305750559494648,4.696141391927785,4.053064767008747,2.314501650596933,-0.20711139779498602,0.5704037944582268,4.492401264524615,0
-1.0231064002732158,0.0783367106616796,1.4383931084795292,-0.13478617003801185,1,0,0,1,0,0,0.009215737516460692,-0.4751330043649305,0.39307135535292426,-0.5755201103615206,0.23902627704898557,0.07936360787845599,1.0558030988651352,0.603645128790258,0.9639204531303188,0.7798020778295383,0.25819021294267464,0.17310486627460406,-0.008523029529658352,0.7670146196081256,-0.3980882457884639,1.9340654112834164,0.7912795671267113,1.324339210534219,0.9573302853504951,-0.7133741297612541,-0.7017279396142225,-1.2273179490715933,0.6258376668271434,-0.26884302479362965,0.957299555434414,0.7133741297612541,-0.9573302853504958,0.6330479821981672,-0.43459087663371765,-0.221535855312043,0.7829397704703327,1.104508132117507,-1.2956861544253913,-0.49201782389555315,-0.9099979779199442,0.139780294854656,-0.47058938433204756,-0.9381911455531051,1.2003031748711541,1.3897421934733356,1.1761353041714093,1.5214221626769286,-0.20711139779498602,-0.5429799678216537,1.0901944480755505,1
0.544609603518286,-0.9008383962538722,0.27967722576327125,-1.6014324776621007,1,0,0,0,1,0,5.119885224190112,-0.790290870834714,-0.31055362260288033,-0.34811079654337423,-1.588386480724721,-0.3387615620426196,1.3484839040511083,-0.07040097091954611,1.71148170943134,2.508442504597509,2.7179538306247495,1.218008608672872,-1.2670463135239043,1.1322098146702764,-0.30434834408448286,2.5605520932411197,3.1611075501577512,3.634560775100458,2.394254639720468,-0.7133741297612541,-0.7438089879237064,-0.20826194794371172,0.2334550832355247,-0.25424385727889054,0.014968092808017324,0.7133741297612541,-2.3942546397204683,1.1900982546492709,-0.18442671521636386,0.35464607318920965,1.6873748050966186,3.2095960278238715,-1.5057194464681423,-0.22015379130249568,-1.0945585420250417,1.3800022317249987,-0.5631093583718088,0.07349692996524401,0.8961959611953415,0.892701791091294,0.7248522511773176,0.6225987430342572,0.8904247438360077,0.5704037944582268,0.7809029193074537,0
-0.14929748012713334,0.5679242641194551,0.5693561964423357,0.5985369837740325,1,0,0,1,0,0,-0.81101516775215,0.8779525219730516,-0.2977604411855021,-0.35563324203863095,2.0234626633927073,0.9500477852435193,-0.31689037864684555,-0.3848081953757023,-0.9606145023287654,0.6119119958964684,0.3098149951026683,0.26476308929199543,-0.8412131793775833,-0.988371412652483,0.11373542035104035,-2.0901197982149244,0.6329505423983446,0.061131232706878966,-0.37315522795503414,0.7311960875261709,-0.546925284421676,0.6420989719163783,-0.7871766213613339,-0.1990307061273299,-0.3430919166125179,-0.7311960875261709,0.3731552279550334,-0.8988402670423681,0.19081952690966666,0.2636699792153276,-0.8967252938356269,-0.6307670251539549,1.8023049032051899,-0.6279498401920818,-0.5408768497097485,0.44983577907224165,-0.5261013687559044,0.5793409677244183,-0.040454256926167845,-0.4385020692014777,-0.48232991558187904,0.47455723862252236,-0.04248097655033679,0.3477270420022505,-0.08511336124321738,1
0.8273124894479005,-1.2100515879114147,-0.8790386569529866,-0.4281154315628296,1,0,0,1,0,0,-0.8236341047562825,1.5873484575692434,-0.438485436776663,-0.26883579401643765,2.2903710822042025,1.4285439690034667,0.6636504445529124,-2.4025212249456227,3.0086094777828203,0.05858548793485078,2.869944801173387,-3.3978624688575247,-2.6722956562067632,0.5034183445731327,-1.6520747284874764,1.2483495383934986,1.6779221056055669,3.212257666162738,-3.5663204598883063,-1.097245935753718,-0.4198124198938226,1.642523583516484,-2.8583990494283107,1.5846536228379398,-0.5949244040566298,1.097245935753718,3.5663204598883063,0.0759977097470634,-1.685411683720486,-1.2374355713537264,-0.5091102789957901,0.13730558544161034,-0.40304466324369825,-3.074726133529598,-3.032444465128568,0.44983577907224165,0.3620903820258042,3.6144051942794655,3.9068573765859034,1.0655854093111348,1.740239120414025,4.4293802850502795,2.8111129916902473,2.2404794378780473,3.255235149452228,1
-0.7147032519863632,-1.95731680108381,-0.15484123025532542,-0.8681093238500562,1,0,0,0,1,0,-0.40720918361991093,-0.3070875737196031,0.40586453677030254,-0.5760987600150019,0.692239874434685,0.20904948945825483,0.5441849387197312,0.11806982247231024,-1.3122812167033648,0.35255731962239023,-0.36973942856331027,-1.0475430349758337,-0.7390028976946763,0.32408869616057345,0.15520479416161032,-1.639851406751999,1.1049781955604867,0.3588040297615341,-1.0618771407249543,-0.3755669404878874,-0.4328767976369631,-0.0065737810538186335,0.14603986779551772,0.619395270104413,0.8309816650019235,0.3755669404878874,1.0618771407249536,0.4738907614978518,0.3516393449636798,0.6145777702574445,-0.39836313189869427,0.0397725555247135,1.6447799341731264,-1.3852853595584558,-1.1736559266415125,0.6713039820848031,-0.4011994038022266,0.010266425245347094,0.05990112358685037,0.1255307352407521,0.37228736602568263,0.2524949820049213,-0.20711139779498602,-0.4038069975366686,0.007674097387211866,1
-0.9460056132015023,-0.07626988516709207,-0.8790386569529866,-1.6014324776621007,1,0,0,0,1,0,-0.14221150653312897,-0.41349696405903186,-0.3361399854376369,-0.3475321468898929,-0.20467621044283918,-0.04942788831113735,-0.5650899067388089,1.1430685693705132,-0.07507007456813777,-1.6159300537560053,-1.3650264591936905,-2.747916162870308,0.05751885637333607,-1.1219231145534994,1.0285058929895883,-0.33590737043413804,-1.0756522505234152,-1.1458453474808077,-2.0981985141718593,-1.6668621640005967,-0.335241085711174,-0.5385628589373047,-0.2349312057059685,1.1164188927981447,0.6559062893251972,1.6668621640005967,2.0981985141718584,-0.968471551098756,1.3165582532877582,0.8095265430586199,0.49222850934045503,0.009293483675682786,0.5421051509486824,-0.8318478646368748,0.15122526568436812,0.9149190053986201,-0.3040534310604773,-0.482931511569848,0.0872707728176734,-0.0495139282068366,0.39767203775660004,0.09387908442092041,0.28677986593896093,-0.4316415915936655,-0.20882997275045564,0
0.4932090788038099,-0.10203765113855341,-0.15484123025532542,-2.334755631474145,1,0,0,1,0,0,-0.7983962307480176,0.5895423711077147,1.0711099704739724,-0.6681040549185268,2.568269358226196,0.9697242638280406,0.8301458944747915,0.24405055210452645,2.1297322592841956,0.9466244168552951,1.5246685952437085,1.7487533667164363,-2.795254973691513,1.3015150716278672,-1.1289761891789758,1.6014979623875982,2.0262459600079725,3.23887080785935,4.948786825267084,-2.5230555008685798,0.1461204500273723,-1.4659506043575434,-1.3020643405696912,0.7303622928135508,1.1799831028911727,2.5230555008685798,-4.948786825267085,1.4686233908748227,-0.9349191994684248,0.6275743551108558,1.428964795203394,2.356182016051021,0.3845801819166189,-1.85133798686084,-2.7556036189709214,1.3800022317249987,0.917210226264372,-0.9381911455531051,2.979330374874668,1.5842362639706562,1.8530598836625478,4.693740114356947,3.4970730802096184,1.9621334973080773,2.018069034379841,1
0.7502117023761872,-0.5400896726534062,-0.4445202009343899,-0.4281154315628296,1,0,0,0,1,0,-0.028641073495936725,-0.4664109231895675,-0.24658771551598904,-0.39208817020795217,-0.20067451327165672,-0.05568858604257591,-1.1028858188834585,-4.1149015463790874,3.771741633715687,-1.476439449064038,0.4385989156634759,-0.4474318389810721,-0.3372145434314836,-1.6691426520863821,-1.8468653633768521,2.951567570725425,-1.532305849832836,-0.03695928492507509,0.10398440440281079,-0.7133741297612541,-0.13419809268171665,3.7976823323520974,-2.190056406894369,0.475166192917634,-0.606283619355832,0.7133741297612541,-0.1039844044028115,-1.555363802431169,-1.685411683720486,0.32865290348238563,1.8719533835917792,0.9907195972144606,-1.1456623743948546,0.7119514633022728,0.7246813041537794,0.4055421384697296,-0.026493508941193386,3.917911616934971,0.4704458620491997,-0.8015576674631424,-0.5838686025055501,1.489698983160128,1.439192814651505,1.127095675598167,0.2860364732784985,1
0.13340540580248203,0.8256019238340739,0.27967722576327125,1.478524768348486,1,0,0,1,0,0,-0.1295925695289965,-0.41640432445081954,0.16279408984011548,-0.5332786856573866,0.22349099186228139,0.09188500334133312,-2.200455332244168,1.2871420008562588,-0.4869528236737726,-1.6235893629017282,-2.7099820502807686,1.4905760920700446,5.097125569131996,-1.9951457808293762,2.4112682022490244,-0.1054625259700281,-2.1804344354672507,-3.187665272646363,0.3041828515459622,1.731283161032851,1.066260548388408,0.6489127613383346,0.5597011551455601,0.03128302227610045,0.4109746793138857,-1.731283161032851,-0.3041828515459622,-1.8736782438317996,1.3165582532877582,-1.4648758062884317,-1.2843403086754637,-1.9108880428132304,-2.135819322596396,2.2266225020350205,2.227531611866718,-2.9607745473212006,1.8054019770460803,1.4898602356909325,2.167364114360243,2.2066172895620815,2.0899834864844458,1.3628062650929278,-0.5363722402842841,0.3477270420022505,3.1315185379449897,1
-0.7404035143436003,0.33601437037629844,0.27967722576327125,-0.4281154315628296,1,0,0,1,0,0,-0.6974447347149578,0.14529770324255853,0.11162136417060241,-0.5107113491716163,1.2610431725132754,0.5064326317015866,0.6322689305680342,0.5317766807692594,0.17225587466080408,0.6288595856575883,0.41943220042481905,-0.8734762815122169,-0.6985590794385654,-0.30659366372132707,0.9569078357388733,0.1828976771948829,0.4182303581776841,0.39903600227074837,0.01898787070343759,-1.210149408104441,-1.1855301153945568,0.22872908031772352,-0.05168502427116873,-0.4348386656420747,-0.1557014124874408,1.210149408104441,-0.0189878707034383,-0.48105256270404034,0.491016520610491,-0.8826288048555859,-0.6641562849317252,-0.47715250303484213,-0.7180946013078251,-0.6279498401920818,-0.7069813574043363,-0.4803306735805153,-0.6556293324115703,1.843951062122355,4.575893246672694,3.831723300828582,3.3197298058933473,3.5834288312689404,3.0854970270979956,2.426043398258028,3.6676238544763575,1
0.46750881644657266,1.2121184134060021,-0.15484123025532542,-0.4281154315628296,1,0,0,0,1,0,-0.16744938054139394,-0.407100771197099,-0.3617263482723934,-0.32438616075064136,-0.2132135049115621,-0.06239647646911723,1.8267220350188387,0.8603045507525949,-1.6010744652797175,0.30809567851159214,0.17717724774053842,1.3728091631022448,-0.001443801307211257,1.1351610782080233,0.13672468105529584,-0.727885102413422,0.6974549598802721,0.8471029479136505,1.7556215933338128,0.13114384342216406,-1.4058618828879974,-1.0438272107732696,1.4572680993956475,0.2753670142602803,0.5966920539378462,-0.13114384342216406,-1.7556215933338135,3.2790367763409094,2.067050737539819,5.67674757066131,4.142269899082252,4.404375644305862,5.740429129006776,1.4110304042558486,0.5664865349208381,5.7207790107711975,-1.3032691506898992,-0.9381911455531051,0.19674936974096682,0.9359226956462544,1.0069041592986248,-0.857816301083085,-1.0302635040182315,-1.0996718489615938,0.5747085667953888,1
0.7502117023761872,0.49062096620506923,-0.4445202009343899,-0.13478617003801185,1,0,0,1,0,0,-0.028641073495936725,-0.4664109231895675,-0.822280879298011,0.5893016420963133,-2.0258063361317347,-0.8141273969368478,-2.9677608153425474,-1.5955821885905053,1.3863196528331214,-2.46444522638713,-2.1598418377028743,-2.3792614180668443,2.278014528244217,-1.6053594312453616,-1.9479681338218697,3.230903830886531,-1.175654086229539,0.1648697354903817,0.2857518833962749,-3.5284340403726486,2.522687428715051,0.23855491408928284,1.351601355457178,2.1635480409237977,2.9688633767678527,3.5284340403726486,-0.2857518833962756,-1.4907061815216658,-1.7792232442519935,0.37739009668268014,2.0749898199364556,1.353420552217922,-1.5057194464681423,0.5954383064766764,0.4972763233814264,0.44983577907224165,3.692809447457211,1.0851850054835932,2.4167320295744097,2.9673052097293806,4.053064767008747,1.5742941285382626,-1.30464753942598,-2.213055611241474,3.6676238544763575,0
0.13340540580248203,-0.30817977891024867,0.27967722576327125,-0.13478617003801185,1,0,0,1,0,0,-0.1295925695289965,-0.41640432445081954,-0.6943490651242283,0.061573158121378126,-0.972649473052074,-0.36782908722429863,-0.8419622234805623,1.633823111282107,-0.5088942227852201,-0.39273501509719977,-0.434133148085269,-1.170447115565238,-0.048645144310813716,-0.6283624770932211,2.7426501956680682,-0.6322572138947495,0.3458704426161419,-0.15424965878648805,0.9573302853504951,-2.5458187885554646,0.5429165840404281,0.5050532637685654,0.060317925293815015,0.8735188785688439,0.4137995850556643,2.545818788555465,-0.9573302853504958,-0.6203151308168162,2.4422969796658496,-0.1457224436671417,-0.44450777652248397,-0.2894014204448148,0.06953024385249205,1.0032343553662626,0.5664865349208381,-0.790386157798101,1.194770148383656,1.33810702436318,2.2221034128218906,1.9213593194993455,2.2592146313572306,1.1724671879921262,3.5793882908319428,2.017802685422071,1.3994859768436472,1
-1.0231064002732158,0.4648532002336079,-0.4445202009343899,-0.13478617003801185,1,0,0,1,0,0,-0.785777293743885,0.4528964326936941,-0.1826218084290977,-0.4025038639706153,1.6896865873104394,0.6593725334267287,-0.8248998141602399,0.9101734016678812,-0.5932964568698471,0.20766907157314796,-0.4653227727224039,-0.794398598908978,0.15343268542926494,0.033476308510215685,1.4397840869122038,-1.1636527287882437,1.204088846175571,0.3584243393737777,0.6912331826893887,-1.7690215962405276,1.1804924049018402,0.19310253379727302,-0.3583026381007907,0.913406370392455,0.9548739999323448,1.7690215962405276,-0.6912331826893894,-0.10968571440330459,1.0663940918704047,-0.5247895018916507,-1.0043961312911374,-0.5454256239766699,0.1745468898738673,-0.49201782389555315,-0.8177176958673952,-0.790386157798101,2.9526496551391204,1.843951062122355,4.727946853510599,3.7020605871637016,4.053064767008747,4.323636353327611,2.2623449208747504,1.3126596359781475,4.9047899695487445,1
0.46750881644657266,-1.158516055968491,1.0038746524609323,-1.8947617391869185,1,0,0,1,0,0,-0.4703038686405733,-0.2407997567868442,-0.16982862701171944,-0.40886901015890953,0.39794317566223664,0.13079076781527277,0.5038827942212247,-0.012036301366839584,0.9871385772645817,0.22990669935529012,0.2481609598104258,1.7276795228393833,1.1481817159458514,-0.2425437667292613,-0.9044105804511592,0.9097945960803155,0.4891471162689101,0.8353382210479018,1.799363582812351,0.5717619163874247,-0.9430081651416814,-0.889498464137128,-0.43519567565442296,0.17444078883574038,0.49292378578508345,-0.5717619163874247,-1.7993635828123518,0.2500759198880333,-0.3720498362793791,2.208283987907057,2.478755460394619,2.6335415698771976,1.0146800580448727,2.1246734898126243,1.189378438775543,2.0776270712145664,-0.859173275299045,-0.7864379342253526,0.21499580256151593,-0.0495139282068366,0.025363519036474696,0.9186817518577256,-1.3595243465075295,-1.32234860141757,0.16231986177126023,1
-0.07219669305541997,0.8256019238340739,-1.6032360836506476,-0.8681093238500562,0,1,0,1,0,0,-0.3188766245909836,-0.3518609237531332,-0.8478672421327675,1.5822644474702046,-2.4558596404322057,-1.493413100797932,-0.5552516027953105,0.052736647034630484,-1.0523684315613453,-0.4624224106147392,-1.8085360954357799,1.487917267677932,2.1225854342808095,-0.617113231794981,-0.8032066060317221,-0.4011279206172338,0.8956528906906628,0.34340241805853305,2.110417730215288,-0.06374491962016399,0.1554786000234164,-0.8770174486838838,1.0355280249043792,1.5128169184474833,2.6864511222436502,0.06374491962016399,-2.1104177302152882,-0.48105256270404034,-0.6132795633603989,0.6015811854040318,0.2845776085334,0.6493539925053206,0.4745944499349406,1.4110304042558486,0.4082917656878972,0.051193013649631844,0.22331042096616224,-0.7484996313934147,0.33359761589508324,0.8386756603975941,1.4722898076987825,0.728342674756924,-1.853415610241477,-2.0738826409564894,1.8634232699957924,0
-1.0231064002732158,-0.7462318004251005,-0.4445202009343899,0.3052077222492148,1,0,0,1,0,0,-0.785777293743885,0.4528964326936941,-0.7199354279589849,0.14721330683660885,0.6546137962476455,0.23453947307911185,0.13528192158346575,0.4852946013132251,-1.3425929487668395,0.7838427546251904,0.332653135317695,0.32915381227195517,-0.21272888269651288,0.06141601264278253,0.9793777696729473,-1.375450524882146,1.5006831125527502,0.6230642814294779,0.6912331826893887,-0.2366301126415829,-0.12674664889904957,0.3150370796624971,0.45317440853068297,0.4291306936844228,0.17583563327231602,0.2366301126415829,-0.6912331826893894,-0.08315951095325189,0.6732789810717061,-0.5161251119893756,-1.099761730180303,-0.5454256239766699,0.42958731592577976,-0.6862064186048799,-1.015461157408571,-0.6575052359905647,-0.1375174777889068,0.27583454506891375,-0.040454256926167845,0.19684522775643593,0.36382580878204385,-0.6040308649486834,-0.28942660841731066,-0.4316415915936655,0.10046155601764112,0
0.4932090788038099,0.8256019238340739,-0.15484123025532542,-0.8681093238500562,1,0,0,1,0,0,-0.7983962307480176,0.5895423711077147,-0.8478672421327675,1.5822644474702046,-0.7344913508946546,-0.7694081274265724,1.8248975803866816,1.0718002214789066,0.20704000417955704,0.47103281635050726,0.013788031323685635,1.8372108263903633,-0.10968792071869983,2.6973234965319017,0.46507634404334375,1.3650600815189744,2.3533305549956007,3.039998058090121,2.3942546397204665,0.13114384342216406,0.1575693476810695,-1.0051761683379241,1.0887231144395144,1.6971873478727117,2.950041300110912,-0.13114384342216406,-2.394254639720467,3.4182993444536853,1.0163612595869336,1.5373352948496766,2.152512822904422,3.3120057092366135,0.7626401075935709,-1.5251011477491712,-2.2019219266556282,2.8682685559694088,0.1400424443303771,-0.9381911455531051,0.014285041535478216,0.5728670973845897,1.2776739910950803,0.5380035976561225,-2.018046031486126,-2.213055611241474,1.646919199858125,0
-0.7404035143436003,-0.1535731830814779,0.27967722576327125,0.5985369837740325,1,0,0,1,0,0,-0.6974447347149578,0.14529770324255853,-0.8350740607153893,0.8763118702230325,-1.1334967046989404,-0.5654882584597163,0.19224076611972718,0.16096377071447238,1.0649755507796324,0.20452601510843121,-0.16824401467865802,-1.1036857106999165,-0.33797525981035126,-0.04022837029284078,0.07148488716484236,0.6859159804394032,0.47405504530958953,0.2699945335813531,0.8164553486475558,-2.315046147867738,-0.30751117854877524,-0.1493158361306195,-0.7665778439512779,0.1937634166093248,0.48232257086547486,2.315046147867738,-0.8164553486475564,0.10385022336961848,0.26586877533487285,0.6093791363160792,0.8992242749222835,1.0760609983917457,-0.37153966943728567,0.2692014673650073,-0.09793149585751397,0.6358690696027934,-0.19302946221276363,0.010266425245347094,0.49325390307488576,-0.004131978424128287,0.0761328624983096,1.442114213884928,1.2334047880956935,0.15288488360327163,0.16231986177126023,0
-0.7404035143436003,-1.0296772261111817,-1.8929150543297122,-0.13478617003801185,1,0,0,1,0,0,0.3877838476404349,-0.5774720901558565,0.6361418022831113,-0.6131323378378044,0.11210260562891303,0.029725218722050223,-0.8088350307184689,1.213884946220451,1.0072567780462407,-0.351037709173287,0.6046214774991341,0.21180500488194715,-1.06264640913367,-0.5182859694097721,1.391105147670023,1.1268073403112846,-1.2523074324600447,-1.6917941794281341,0.1590389773671773,0.13114384342216406,0.6068395655848281,-0.2725165851829701,-0.2446210507638127,-0.7675373151266709,-2.4377452678622595,-0.13114384342216406,-0.15903897736717798,0.6330479821981672,4.318528190296002,6.08613999354378,6.209549978228048,4.916424051369572,1.3297299961089997,4.673398795372537,4.995940073443184,4.480557073900855,1.4723300705029398,0.5793409677244183,2.8424821287205515,2.232549832295058,1.6838287387897632,-0.2233527107470814,3.908649133321241,4.467246962437809,1.3994859768436472,1
0.5960101282327613,0.3617821363477598,-1.168717627632051,0.3052077222492148,1,0,0,1,0,0,1.4225366819792977,-0.7007441707676538,-0.041896812837936774,-0.4609474789722255,-0.6883398249548484,-0.18269131145175824,-0.31478595647371177,-0.13125906839058243,0.5712385171825395,1.2109998681161418,1.8335624401758561,0.7887888895732462,-1.9015844782518285,-1.364171983262291,0.8071211867535749,0.14708520035021005,-0.5126065188716039,-0.5443446738617771,-0.9053494332772469,1.9737285121859853,-0.925347036910998,0.9887134772941325,-0.6330957480828214,-2.144274543994803,-2.915167598650399,-1.9737285121859853,0.9053494332772463,-1.130944547230328,1.5667224147051118,1.9315650354031637,1.730443140078823,1.3889794693751245,1.0146800580448727,0.051710241290561454,0.5664865349208381,2.206816856305226,-0.7481493064513315,1.33810702436318,0.9266066825629212,0.4172718409867329,-0.5161761445564365,-0.2233527107470814,0.6160407084282594,2.2404794378780473,0.16231986177126023,0
0.8530127518051386,2.01091915852132,1.0038746524609323,0.3052077222492148,1,0,0,0,1,0,0.19849979257844777,-0.5379319888275442,0.7384872536221374,-0.626441279867874,0.2662260461316273,0.07041975397640089,0.9531701862769658,-0.382405930773627,1.3192273635256038,1.9406051495774952,3.017513921546875,-5.204414393699256,-2.7623879648116003,-0.0648640974827009,-0.8735928288422327,1.8076339722829018,1.8386869614836003,3.518717330743687,-7.823874102466001,0.6614225707698917,-1.390217788687485,-0.3502819774407519,0.01306981427080963,-0.7984218431254354,-0.4875732729527004,-0.6614225707698917,7.823874102465999,-1.038102835155144,-1.685411683720486,-4.012206437557129,-2.9640053729814233,-2.4229364498769406,-2.76591919872465,-3.482522182419184,-3.309285311286215,-2.9607745473212006,-1.3032691506898992,-0.3311783002420958,-0.0039613912850709025,0.002351157259115363,-0.3130987707090945,0.09387908442092041,0.4514102871836102,0.9044189231421907,0.40975308478573785,1
-0.2006980048416086,0.4648532002336079,-1.8929150543297122,-0.13478617003801185,1,0,0,1,0,0,1.5361071150164898,-0.7094662519430168,-0.1826218084290977,-0.40134656466365276,-0.8447776317147311,-0.23546004947388327,0.020440980905319327,1.2308541970904041,0.18716761823625072,0.278059900345258,0.8951738868831602,-2.039533493232195,-1.8839191750821684,0.8106188517947531,1.7346667365641781,-0.4568804199324213,1.080795498058583,1.9438433389613519,-1.4375436385994584,-1.3559421528355944,0.7815371239452387,0.04836504319955303,-0.7149851649336363,0.6960573284891903,0.7340147871361004,1.3559421528355944,1.4375436385994576,0.0759977097470634,0.5660657690356972,-1.919756276157842,-1.8011603284619129,-1.39883963574952,-0.24551969421163483,-2.666930084640012,-2.7556036189709214,-1.1004416420156866,1.5833540393506536,0.8828473903799233,2.5140463379506723,1.6361013494366081,1.8869061126371052,2.948965240932937,1.933084078385452,1.2384340518261547,2.7603687034232727,0
0.3647077670176212,-0.7462318004251005,-1.6032360836506476,-1.8947617391869185,1,0,0,1,0,0,-0.3062576875868511,-0.3379055938725524,0.38027817393554597,-0.5720482124406329,0.5397052309074323,0.18221792775208956,-0.6008305658572711,-0.8138402268426382,-0.6512188888907501,0.4706014523512947,0.2338807230255703,0.3236054053031603,-0.3114767604995599,-0.9076353436882532,-0.4820813394350076,-0.23983370521651676,-0.34071062541940894,-0.6112385233708957,-0.2548898489945435,0.6941558255444424,-0.07142901341007617,0.6340827490670182,0.6492282928073323,-0.9735950253684464,-0.9008118446137451,-0.6941558255444424,0.25488984899454276,-0.7197883937545132,-0.18442671521636386,1.0044753158597954,0.7091083390722688,0.5274377051091989,0.5646087179532634,0.24589883599988818,0.4082917656878972,0.9370658256998767,0.3620903820258042,1.33810702436318,1.8389283235903642,1.9732244049652974,1.345366449044194,0.41111087958892223,0.6160407084282594,1.127095675598167,1.3994859768436472,1
-0.6376024649146498,-0.9008383962538722,-1.168717627632051,1.478524768348486,1,0,0,1,0,0,0.6780193987354818,-0.6205010239543141,0.35469181110078946,-0.5685763145197452,-0.16508329654252002,-0.03780087823846573,-2.2763569691962084,0.10883344669303302,0.37211828758050236,-2.6022316928141906,-2.629273263980469,0.9084074998141254,3.752543646213189,-0.8879653435890189,-0.36556897735088284,0.003566389121502129,-1.1527603567532365,-1.709600192163719,-0.16027754582615011,1.3979208031972914,2.278085269602332,-0.5155962974902161,-0.5051142880331191,2.372389698081356,1.7490921733993572,-1.3979208031972914,0.16027754582614942,-0.7595776989295921,-0.18442671521636386,0.566923625794934,0.4814614255949037,-0.03337721691295973,-0.4555529862543859,2.2266225020350205,2.5966527400769133,0.139780294854656,1.194770148383656,-0.9381911455531051,-1.7191260764166634,-1.657331577651353,-0.8546384343020056,-0.857816301083085,-2.676567716464722,-2.7697474923814145,-1.6934293108373202,0
2.2408269190959764,-0.8493028643109486,-0.8790386569529866,1.478524768348486,1,0,0,1,0,0,0.3499270366280375,-0.569331481058851,-0.6431763394547153,-0.05589272153532346,-1.1370075245273097,-0.39466064893046393,-2.2078137350017473,-0.3568261546096569,1.9369648855426351,-1.9670723484308812,-0.40278347188770874,0.25278162223089873,0.5524685399668353,-1.6209074952825717,0.42878212571649665,0.6458608240764512,-1.448496880250186,0.12767912939044612,-0.31054414497595056,0.6527578856825103,1.4504270719493593,0.9192996162040488,-1.9988680456281502,1.2210831265717463,0.6482920592868692,-0.6527578856825103,0.3105441449759499,-1.4558905394934718,0.9413120111617277,1.4463592008757944,1.6227723026233125,0.8200367948598906,1.8023049032051899,0.5954383064766764,0.8433273810784847,1.6900577159425842,2.721349720039717,2.2865645951616322,3.230218826157215,1.2600794798084554,1.7684443112261554,4.693740114356947,0.41025268187244807,0.848749735028197,3.873818206988421,0
0.46750881644657266,0.8513696898055362,-0.15484123025532542,1.0385308760612593,1,0,0,1,0,0,-0.16744938054139394,-0.40593782704038395,0.188380452674872,-0.5327000360039053,0.27599016830233575,0.09948727915807995,0.6351167853696862,0.5545737006894902,-1.6636141105699054,0.7861937085772952,-0.5248717160153581,-0.19901185110369615,0.020721983633227824,0.6274041409892647,0.22852997957723886,-0.920596728280556,0.7268102636445035,0.7309920863240921,1.509993498569716,-1.7690215962405276,-0.2562505253143471,-0.5322334916093673,1.349105290639733,-0.34140436333415325,1.39603043314916,1.7690215962405276,-1.5099934985697168,1.143677398611679,0.8162299304530506,1.7192874827974407,0.8690764404347405,1.1614023995690306,2.484913102344132,1.6828944368489056,0.9356076631310333,1.8967613720876417,-0.6093693453916895,-0.9381911455531051,-1.6735099943652914,-0.8793552956620708,-0.939254006738398,-0.857816301083085,0.2044646553166367,-0.5429799678216537,-1.0748462533011267,1
0.7502117023761872,-0.7719995663965628,-0.15484123025532542,-1.161438585374874,1,0,0,1,0,0,-0.2810198135785862,-0.3466276750479154,0.39307135535292426,-0.5784133586289271,0.5158337870261283,0.18042915697167852,0.4616477007515414,-0.6765501813192059,-1.209276606965873,0.5958113096089285,0.3416150697097946,1.3126089474908222,0.27872796342724043,-0.19848317034482396,-1.3483962500630398,0.7491385394001056,0.3690688345177326,0.7654924663027258,0.1590389773671773,1.6325091290815754,-0.8402544107987581,-0.42220740674404034,2.405933618180272,-0.43894030211652735,0.30323808077511955,-1.6325091290815745,-0.15903897736717798,0.26168113389743136,-0.9349191994684248,2.022541129377046,2.204194824883068,2.299287748599497,1.119696704066248,0.5954383064766764,0.5664865349208381,2.00011320016017,-0.6787593259215104,-0.17942508891434333,0.7897584364088047,2.0380557617977377,1.6838287387897632,-1.0957401474590864,-0.8244754774624201,-0.1254610569666985,1.3994859768436472,1
-0.894605088487027,-0.8493028643109486,1.4383931084795292,1.478524768348486,1,0,0,1,0,0,0.36254597363216995,-0.5739832576857113,-0.6431763394547153,-0.05589272153532346,-1.1439734853772594,-0.39823819049128595,0.1606660205917541,-0.21944937653915522,1.3970649301906064,0.36901723896359667,1.2759505657114338,-0.4184543952947856,-1.1511800886515333,1.6341859258797375,0.49233980757424267,-0.04721119028604527,2.0079131255657408,2.529135050490643,-1.4375436385994584,0.8550163918650944,1.4094493094361908,0.7944163674517573,-1.9572772547304063,1.492493801224201,0.8104098942743434,-0.8550163918650944,1.4375436385994576,0.7723105503109431,-0.18442671521636386,-1.6468279942361959,-1.4135453136220761,-0.71610842633123994,-0.40304466324369825,-2.666930084640012,-2.7556036189709214,-1.4104971262332722,2.193985868013078,1.6416134470186852,2.112624815898597,0.4950694691856613,1.1084428462222957,3.5834288312689404,-0.37174181903963527,0.013711913318286572,2.7603687034232727,0
0.46750881644657266,0.3617821363477598,-0.15484123025532542,-0.13478617003801185,1,0,0,1,0,0,-0.16744938054139394,-0.40593782704038395,0.15000090842273722,-0.5217056925877608,0.2514552604809352,0.0909906179511276,0.692933854309333,0.259186908488705,-0.9560652436672816,0.6757723243543731,0.4414457468998465,1.5888302757805222,0.1289121244139443,0.5822293823096792,0.12264294016807395,-1.0056199184199621,0.6873761446487222,0.7168807314984721,1.4850143702886212,0.6941558255444424,-0.3817846536931317,-0.23288116080351082,0.2964221800715899,-0.2313343944096063,0.12599341359441088,-0.6941558255444424,-1.4850143702886218,1.0707303391240341,0.6732789810717061,1.6543045585303813,0.7644819126208162,1.039486112172909,2.5449226143563464,1.527543561081445,0.8037786887702496,1.8229386377501204,-0.4011994038022266,-0.27427084599418855,-0.17958330718285342,-0.004131978424128287,-0.093098282374475,-0.10439078755908072,-0.41289942435079735,-0.1254610569666985,0.23964274396328444,0
0.3647077670176212,-0.8493028643109486,-0.15484123025532542,1.478524768348486,1,0,0,1,0,0,0.16064298156605036,-0.5268840193387511,-0.6431763394547153,-0.05589272153532346,-1.0225680617448087,-0.3620155821879628,-1.562363893281221,-0.9122401223304771,1.5620763876155228,-1.4516015408974028,-0.5931080591844264,-0.18808692109606892,0.4448028857443056,-0.4796353682844659,-0.24262978621326764,0.23345433619132902,-0.20823971823331788,0.09005226984652279,-1.1128149709452269,0.8471482119907131,1.6932590171429331,1.0090170031819952,-1.9008116581172403,1.7545330922565516,0.8589880392322303,-0.8471482119907131,1.1128149709452262,-0.48105256270404034,-0.26781476902214846,-0.13055976133816094,0.007709740790658993,-0.07130672854730849,-0.07049195084267496,-0.6732605122909244,-0.23327590953458566,0.34648395099971346,2.1860555845239555,1.554897326259969,1.3567011704758594,-0.008762789626445312,0.6926177473920254,2.677052273646078,-0.5598908718906624,-0.22487032145597366,2.018069034379841,0
-1.305809286202831,1.2121184134060021,-1.6032360836506476,-0.8681093238500562,1,0,0,0,1,0,-0.1800683175455264,-0.40477488288366886,0.11162136417060241,-0.5026102540228783,0.23850937309038542,0.07712764440294222,-0.7358404195912426,-1.0891478518253357,1.6014094999987265,-1.2288607249942012,-0.35022419903082663,0.29846245810902083,0.91534849897599,-1.4749280221969387,0.06384383329074265,1.4333642481838833,-1.4870396896674218,-0.5480565708728367,-0.6949470730335814,1.0963072413460702,-0.45052668544888813,1.5588469579856166,-0.7487875977303996,0.18558845870511406,-0.0797619595931471,-1.0963072413460702,0.6949470730335807,-1.4094696834558798,-0.05934463450768712,-0.3428373139438866,0.41685892312159756,-0.23250715299329106,-0.8231112473292009,-0.22015379130249568,0.10508512465809383,-0.4803306735805153,-0.10050948817300241,2.3497950998815287,1.7172854381200402,0.9791436002012148,1.0069041592986248,1.7857819919835964,-0.48149543320273464,0.013711913318286572,2.2242633868919044,1
1.2128164248064663,-0.02473435322416849,-0.4445202009343899,0.3052077222492148,0,1,0,0,1,0,-0.36935237260751347,-0.28557310682037435,-0.438485436776663,-0.2607346988676996,-0.08661369712453137,-0.018124399653944526,-1.6107011010982188,-0.47520366075595566,0.685630961296486,-1.3862241860093902,-1.5851633467105462,-1.7784878377814204,0.8408277005003844,-1.558534447691438,-1.096602238869412,1.430470651656638,-0.7082964831741423,-0.21723374976218496,0.9345219622652575,-3.3524927959594373,0.6824498334072109,-0.44632011214161815,0.5002045579857174,1.1703647754039224,1.8487035101039302,3.3524927959594373,-0.9345219622652582,-1.3862592554370838,-0.7472960784054096,1.4463592008757944,2.1072910711731083,1.6307801060440983,-0.08799472517957138,1.4110304042558486,0.981747804157308,1.3800022317249987,0.917210226264372,-0.17942508891434333,0.8809906005115491,1.0331697308949146,1.5145975939169787,1.1248824187169264,0.8218287349840708,-0.5429799678216537,0.7809029193074537,0
-0.8175043014153137,-0.7977673323680251,-1.8929150543297122,1.0385308760612593,1,0,0,1,0,0,0.1480240445619179,-0.5135101615365277,-0.23379453409861076,-0.39556006812883987,-0.31732547549324114,-0.0892280381752825,-0.22005008960260158,-0.08061584156934389,-0.5471911328732948,0.7738459045370025,0.42232683792638215,1.1054263872696912,-1.4878230865214694,-1.0012338029543943,1.15909261643965,-1.2193417253905896,0.7912795671267113,0.03009402211799489,0.6912331826893887,0.8221130942085976,-0.6944360125284582,1.2718013107832546,-0.47729223150057387,-0.2607966189356718,-0.5196646178965842,-0.8221130942085976,-0.6912331826893894,-0.48105256270404034,2.81754322179188,3.720761550222846,2.204194824883068,2.526864818405591,3.535079562557888,-0.22015379130249568,-0.5408768497097485,2.620224168595341,-0.8869292675109735,0.4844952106445732,-1.4340255635955876,-1.4142139895297023,-1.4046396551385556,-0.9371242498750855,-0.41289942435079735,-0.05587457182420596,-1.152169135493151,1
0.4932090788038099,-0.6946962684821769,1.0038746524609323,-0.8681093238500562,1,0,0,1,0,0,-0.571255364673633,-0.12741270150712503,-0.2210013526812325,-0.39729601708928375,0.5597558314287138,0.20904948945825483,0.08666683984667563,-0.06974769837304547,1.8907484731522595,1.0453308529926335,1.0569383246301363,1.8249897299880438,-0.1995326428218719,-0.08420559731583395,-0.49167915863616735,0.9890555569418534,0.6248247915180414,0.9004498686542566,1.419498937340836,1.0812265632535092,-0.20464959118529574,-0.396822482669174,-1.5908110526756611,-0.7926089756884083,-0.49495754819863985,-1.0812265632535092,-1.4194989373408367,0.540206270122983,0.23251355381255878,2.6189399676502743,2.907644296259068,3.133737004555174,1.119696704066248,1.501651748453534,0.8125672870609685,2.8269278247403977,0.19555442875423396,0.12408133374116129,1.7841890251287182,0.4950694691856613,0.12690220596014448,3.075857959000137,-0.04248097655033679,0.5704037944582268,1.5232025883508855,1
-0.3034990542705592,0.9802085196628456,-0.8790386569529866,-1.6014324776621007,1,0,0,1,0,0,-0.5207796166571032,-0.16869721907050997,0.03486227566633282,-0.48930131199280863,0.6664749668314865,0.24840244662729724,-0.20909879480791313,-0.14941431194620397,-0.6688971148921361,-0.7887330954474071,-0.8914364943218018,-0.46168247513543886,0.6193277257389448,-1.374581449465809,-0.9357184959604645,-0.04395857763364002,-1.8231792001827318,-1.3325104199156184,-1.0618771407249559,0.42347698798565403,-1.0827086238976178,-0.7323064157601861,0.8702306330708033,-0.742305758770536,-0.14202597135799627,-0.42347698798565403,1.0618771407249543,-1.17736540326792,-0.5596729573423944,1.4918472478627354,1.2351572877834756,0.3079883877961804,1.1722050270769362,0.18764225758709038,0.8433273810784847,1.069946747507413,-0.6556293324115703,0.07349692996524401,3.2074107851315286,3.356293350724022,2.6992156080264706,1.7857819919835964,0.6160407084282594,0.9415317152181866,3.4614295019642913,1
-0.04649643069818187,-0.7204640344536393,-1.6032360836506476,-0.8681093238500562,0,1,0,1,0,0,-0.4955417426488382,-0.20707437624210723,-0.13144908275958464,-0.427964448723792,0.48057419607602075,0.17148530306962345,0.5674376181505963,0.2027863984905109,-1.9096259958792197,1.2607880851627815,0.181919072192446,0.8082240764838259,0.5401239950032127,-0.4841762234531397,-0.75572358560989,-0.5295846105006048,0.8131180532961405,0.04862044697793312,1.5560487663379834,-0.440948977121442,-1.2728189986015324,-1.0353979940719442,2.0783412486084756,-0.8969694210146351,-0.18903530024045775,0.440948977121442,-1.5560487663379843,-0.3417899945912644,-0.5596729573423944,0.6275743551108558,0.23381849944723046,0.5640125913280355,0.3845801819166189,1.309081392033452,0.5664865349208381,0.139780294854656,-1.2477571662660425,-1.0899443568808573,-0.6060936743631827,0.4691369264526849,0.05920974801103089,-1.6191726094862895,-0.20711139779498602,-0.4316415915936655,-0.45626319576493324,1
-0.9203053508442651,0.026801178718756015,-0.8790386569529866,-1.161438585374874,1,0,0,1,0,0,-0.24316300256618875,-0.37046803026057434,0.9303849748828115,-0.6542164632349758,0.7072061317072393,0.22067649953092644,-0.6562245783333565,-0.16957391274486003,-0.8496739846256873,-0.2572166803657114,-0.7646540648932555,-1.5731939578802814,0.3894445783052835,-1.1060463388030286,0.39796627996728584,-0.15206359451721574,-1.4852350586973735,-1.4463778281970159,-2.445911606578386,0.28017642692511974,-0.19265221913554315,0.6314193999244149,1.0087235536976435,-1.1252505191630273,-0.4180187006009933,-0.28017642692511974,2.445911606578386,-0.9823978079100336,0.5660657690356972,0.5365982611369737,0.369483754641173,-0.27233314020935756,0.19555021907814235,-0.8726274695258333,0.34501385799472056,0.7598912632898273,-0.19302946221276363,0.5793409677244183,-0.016125679832102783,0.5037136500966528,-0.008482709938082702,-0.4348405741924158,-0.7558794686104828,-0.7285439282016336,-0.45626319576493324,1
0.05630461873076867,-0.7462318004251005,-0.15484123025532542,0.3052077222492148,1,0,0,1,0,0,-0.40720918361991093,-0.2681289444696483,-0.7839013350458762,0.3948753585266004,-1.1531482284226375,-0.511377942352283,-0.03962838748034511,0.4135609761733981,-2.5586211287807035,1.1939599335150652,1.4166892386583894,-0.10407180212934132,-1.2882737345530595,-0.08497119835089534,0.49233980757424267,-2.717064075801953,2.1006072322961273,2.036197060701675,0.6912331826893887,-0.827498180191446,-0.029797982753793213,-0.07441020738924538,0.7673334338380179,0.4699633312553173,0.14618472219678857,0.827498180191446,-0.6912331826893894,0.2152602778598393,0.9413120111617277,1.2644070129280303,-0.5737127814690962,0.22264698661889537,4.637754345782332,-1.0357458890816678,-1.3713993881826885,1.6900577159425842,0.11228645211844858,0.12408133374116129,0.6164173246135901,0.9488889670127426,1.1084428462222957,-0.5723076854318833,0.6160407084282594,0.23638866577426285,0.7190446135538346,1
-0.12359721776989524,-0.02473435322416849,-0.4445202009343899,0.3052077222492148,1,0,0,0,1,0,-0.06649788450833415,-0.45012970499555655,-0.438485436776663,-0.2607346988676996,-0.41572327974841733,-0.1446799323680241,-1.4714913108113947,1.027586215323648,-0.7004985184814091,-1.3617635328830886,-0.64898950713117,-0.17519638119148498,0.36037683827877426,-1.5249489605269808,1.211030517811834,-0.392238332414256,-1.1086687296136917,0.5627999923214587,1.7556215933338128,-1.9801510895363814,0.5224334543203515,-0.19721054153878562,0.5634432448476151,0.7403177450622385,1.3931827965295531,1.9801510895363814,-1.7556215933338135,-1.5951531076062477,-0.18442671521636386,-2.7385411219227804,-2.4471853531949743,-2.5936192522315107,-0.8756195703398886,-1.0357458890816678,-1.648240234340335,-2.9607745473212006,0.6396503041450882,-0.02767187758659086,0.5251851605108457,0.754394896515422,1.0407503882731821,0.664896315723324,0.28677986593896093,-0.5429799678216537,0.6571863078002155,0
-0.48340089077122306,-0.9008383962538722,-0.8790386569529866,-1.6014324776621007,1,0,0,0,1,0,-0.6091121756860305,-0.08380229563030996,-0.34893316685501513,-0.3093412697601279,0.5143394001018176,0.17461565193534273,-0.19726300394973748,-0.13224713570610774,0.4362987444075285,-0.6151525441460993,-0.7318111338286936,-1.3319005240109665,-0.14876940099698763,-1.180137958971891,-0.6288177003964003,1.1745134901260341,-1.606274235902843,-1.3439491549941163,-0.6392523306161405,-1.1825507815298193,-0.9048809345572466,-0.4484224241247405,0.5838377882279316,-0.7617226354725802,-0.36071445624010817,1.1825507815298193,0.6392523306161398,-0.94526112307996,-0.18442671521636386,1.6283113888235585,2.118058154918659,1.1614023995690306,-0.14050304819025958,1.4110304042558486,2.0429710477616196,1.7934095440151123,-0.5816133531797613,0.12408133374116129,2.0031462189753038,2.0769545758972012,1.548443822891536,1.0455744699249259,2.756236184608697,2.12914106165006,1.5232025883508855,1
0.4932090788038099,-0.8235350983394863,1.0038746524609323,-1.8947617391869185,1,0,0,1,0,0,-0.571255364673633,-0.12741270150712503,0.13720772700535894,-0.5083967505576912,0.852482349808004,0.2949104869179837,0.5251440926013342,-0.5125718970893175,1.5855582513052433,0.2370574305544726,0.5138281435900507,-0.6854648754216404,-0.45105473716883515,-0.08784364133206592,-0.49893701999657086,0.8440780436756554,0.5558877427517961,0.8501808446680643,1.479669042426001,-2.402410076128092,-0.8179979755757109,0.20369686102287862,-1.3192942147322877,0.23095947507348172,0.16203436864772142,2.402410076128092,-1.4796690424260017,0.438080386840281,0.11577027848446049,2.2105583902564043,2.4367638337869693,2.6292744998183335,1.0461850518512859,1.3294711944779316,0.6218547041523672,2.3101686843777554,-0.6093693453916895,0.5793409677244183,1.1090710107684099,0.15794641365697218,0.24536400737109418,2.1558857530129325,1.439192814651505,0.29205785388825667,0.16231986177126023,1
-0.07219669305541997,-0.30817977891024867,-2.327433510348309,-0.8681093238500562,1,0,0,1,0,0,1.0944443198718534,-0.6739964551632072,-0.5408308881156891,-0.165257506043287,-1.2038099238162858,-0.3906359146745391,0.6385198995906738,-0.8625673444673558,-0.41917512865451784,1.4098806712982597,1.4253879081935317,1.90239000720273,0.22043882065198897,-0.34823878329352526,-1.7613782688012098,-0.9602178765246446,0.8301149882864971,1.2364042600966247,1.5427439112049275,1.0645584453617305,-1.2358335527730593,-0.5806093329712073,-0.39189991952761366,-1.0815300164474708,-0.6459659769779927,-1.0645584453617305,-1.5427439112049282,0.540206270122983,-1.1850833608857785,4.236292749408177,2.8071515146339254,3.1527017603723477,5.320362544921273,2.4984865346280776,1.6738499195514247,3.860446105465684,-1.1182292026103766,-0.4323471077939307,0.4400351406816187,0.15794641365697218,-0.29053461805938996,0.834086606479591,-0.7558794686104828,-0.35741600744167373,0.16231986177126023,0
-1.691313221561397,-0.7977673323680251,-0.4445202009343899,0.3052077222492148,1,0,0,1,0,0,-0.34411449859924853,-0.304761685406173,-0.7455217907937414,0.1391122116878708,-0.9765561738802919,-0.34189191090833887,-0.6563393681742459,-0.8896234843025366,-0.05175111364859324,-0.0030256925308552894,0.4803290064608091,0.3998771716886744,-0.7262866232869571,-0.7764424958088376,0.37915037415156844,-1.043290883648617,0.9016575157944857,0.9094816554697435,1.0187373090415208,-0.4649864905896614,0.13684367524868485,1.6008606727877046,-0.977661217447404,0.8981556735873436,0.26348058734985674,0.4649864905896614,-1.0187373090415215,-0.09111737198826762,1.9169522406894068,4.21203245768181,2.721014844669517,3.107186346411129,4.858289302427221,0.9216751455883455,0.4557501964577793,4.356534880213821,0.5471303301053266,2.3497950998815287,1.626053274017296,0.7630390774264136,1.1197249225471475,1.7857819919835964,1.0276167615398821,0.848749735028197,2.018069034379841,1
-0.04649643069818187,-0.4370186087675581,-1.6032360836506476,0.5985369837740325,0,1,0,1,0,0,-0.4955417426488382,-0.20707437624210723,-0.31055362260288033,-0.34174565035508003,0.2950380208200187,0.104853591499313,-0.13207031223387172,-0.4632085233833614,-0.639432172372631,0.878488397758526,0.3770091250059138,1.6258957838359822,0.25190552728226384,-0.6087922694223138,-0.9096421850198221,-0.4898012356375491,0.7741629158047267,-0.11269314515303723,1.2994551316290601,0.92874415142872635,-0.4246510783172078,-0.2754913369070094,0.3819221951733197,-0.41913445475701194,-0.6001532491943581,-0.92874415142872635,-1.2994551316290608,-0.5119998000624348,-0.7681430918568557,0.37486298296118403,0.05077807577286339,0.36488265524770414,0.034524695178700306,1.0485450274651051,0.4434461588507728,-0.13582458000542025,-0.10050948817300241,0.19995793940503753,1.5652318312821314,1.5626258116931764,1.2607508766078017,0.3582389137275882,0.47884869072438496,1.127095675598167,1.8118746818677758,0
0.05630461873076867,-0.9266061622253344,-0.15484123025532542,-0.8681093238500562,1,0,0,1,0,0,-0.40720918361991093,-0.2681289444696483,-0.2593808969333673,-0.36604893580129416,0.20184166036099635,0.07668045170783946,0.4626550712580291,0.5314755079967077,-1.7784323760358947,1.1148525920693533,1.4248294671808477,1.011607869433707,-0.8843037245458787,-0.5929817862358533,1.426265648874626,-2.8881643252393165,0.5918099296736509,0.7156381448922083,-0.018359091073560794,1.3979208031972914,-1.2358335527730593,0.699334803060807,-0.4711499774814674,-0.9192653318722909,-1.1536667289085902,-1.3979208031972914,0.018359091073560086,-0.38821085062885646,1.8168865761224657,0.9914787310063841,-0.8536569588534225,-0.6023198914281931,4.060162792664766,-0.49201782389555315,-0.5408768497097485,0.9665949194348847,-1.1182292026103766,0.8322629866040054,0.4400351406816187,0.11472550910201175,-0.2623294272472596,0.2524949820049213,-0.20711139779498602,0.5704037944582268,0.5747085667953888,1
-1.0231064002732158,-0.02473435322416849,-0.4445202009343899,0.3052077222492148,1,0,0,0,1,0,-0.785777293743885,0.5348839957421064,-0.438485436776663,-0.2607346988676996,1.3778051707741636,0.6128644931360422,-0.34449045779023924,1.2036408765876674,-1.7322747826483682,0.5563800227767545,-0.8214765604166808,-0.6537585941571357,0.42100435588506707,-0.0509102539886285,1.3803605914421098,-1.722463458691689,1.28452104651579,0.3773461869746641,0.6257323574189628,-1.5122424827725962,0.4281534414566582,-0.26921993868282124,0.6371679971866121,0.5220755652980529,1.4363648682537642,1.5122424827725962,-0.6257323574189636,-0.03541234474315745,1.3165582532877582,0.08171779126756346,-0.8321227913623208,-0.34060626115118536,1.1722050270769362,0.02452383803125581,-0.26403600355210183,-0.046252995675895824,0.5933903171252076,-0.05296407947454983,0.6833209116222693,0.9359226956462544,1.1197249225471475,0.939830538202259,0.2044646553166367,-0.45019798763166347,0.8840000955634856,1
-0.48340089077122306,0.49062096620506923,-0.8790386569529866,1.0385308760612593,1,0,0,1,0,0,-0.6091121756860305,-0.08380229563030996,-0.5920036137852022,-0.12417338064611552,0.09017389496787814,0.03151398950246124,-0.8626536049376702,-0.29123612463651793,0.28389814534780233,-1.2719811010601725,-1.2464390642057679,-0.9749625457540502,1.0713582744859607,-1.215573081661347,-0.6962195473597456,1.0318736977033411,-1.1711483447531357,-0.8932629929013431,-0.22931895624632825,-1.1022968805694087,-0.015045463552358813,-0.2977267379259988,0.6488352773372018,0.5570737550964378,0.7483343759893811,1.1022968805694087,0.22931895624632756,-1.107734119211532,-0.5596729573423944,0.37739009668268014,0.8798435241802919,0.3079883877961804,-0.6393321167917935,1.0032343553662626,1.2585886503149546,0.6048635211810345,0.44535835866158957,0.27583454506891375,1.9119140548725593,2.0380557617977377,2.2084452878953957,0.9821281108913258,0.8629863402952329,0.3477270420022505,2.018069034379841,1
-1.691313221561397,-0.30817977891024867,-0.4445202009343899,-0.8681093238500562,1,0,0,1,0,0,-0.34411449859924853,-0.304761685406173,-0.5408308881156891,-0.165257506043287,-0.3040264947474256,-0.10666855328428994,0.37485756125215886,1.0945107035993074,-0.537898166500397,1.3495774980860242,0.8544399925678654,0.8943347221387283,-0.563486521597047,-0.840551366531272,0.7922379064141264,-0.8588464674828807,0.6722351876316979,0.6841385744233583,0.8847583482611033,0.3422733367180179,-1.3611175854893294,-0.7086037465744085,-0.12773305968143223,-1.1566152276328827,-0.442885676205755,-0.3422733367180179,-0.884758348261104,-0.29536913855367236,2.1921328182484965,3.4478332683011996,2.2687973273563737,2.526864818405591,3.8501295006220144,0.5954383064766764,0.1973654067106424,3.343686965103042,-1.3032691506898992,-0.7484996313934147,-0.350643614875499,-0.3607044410025493,-0.7700228618656133,0.2524949820049213,-0.6186874509066087,-0.5429799678216537,-0.6109089601489817,1
0.05630461873076867,-0.4370186087675581,-0.15484123025532542,0.5985369837740325,1,0,0,1,0,0,-0.40720918361991093,-0.2681289444696483,-0.31055362260288033,-0.34174565035508003,0.14328956210353652,0.05789835851352376,-0.03758728079606225,1.3657291573846106,-2.2492967693661434,0.8596413581467673,0.7777037565020412,0.9703277215858749,-0.6602340973653967,-0.46284224654691103,1.541763148620535,-2.779627385925759,0.663866860836427,0.3445889182417468,0.3506288912831737,0.9756618166055823,-0.41020049032304334,-0.3300016522826562,0.28160657899913544,-0.5030410002209706,-0.6746289623722748,-0.9756618166055823,-0.3506288912831744,-0.27215871053487645,1.879427616476804,0.8777586135390315,-0.8644240425989739,-0.5880963245653125,3.3775545935258244,-0.22015379130249568,-0.4024564266309252,0.7598912632898273,-0.15337804476715156,0.037365212982445634,1.2133363411715459,1.1952481229760152,0.8860247701037786,0.2298355680643493,0.2632612343325826,0.8885134408239068,1.3994859768436472,1
-1.691313221561397,0.05256894469021735,-0.4445202009343899,-0.13478617003801185,1,0,0,1,0,0,-0.34411449859924853,-0.304761685406173,-0.42569225535928473,-0.2642065967885874,-0.1016163406372893,-0.030198602421718897,-0.3823576812607828,-0.40906587753290086,1.4169189167219758,-0.4132397046600361,-0.12813331790637889,-0.12896430444489967,0.1491305625090479,-0.9104231402276872,0.723860476020085,-0.6910490947644128,0.37672084139870715,0.4231296819883381,0.8355570349801581,-1.004587223962434,-0.3780064111157731,1.286603289004908,-2.6314133219412295,0.9318101186547583,0.5796833676826906,1.004587223962434,-0.8355570349801588,-0.40147395235388267,2.067050737539819,3.369853759180729,2.33339982982968,2.4293317884886942,3.490072428548727,1.1780040906046567,0.8037786887702496,3.151747855825488,-0.3040534310604773,1.33810702436318,0.2879815338437111,-1.164613265724808,-0.7869459763528921,2.6951798047985354,-0.20711139779498602,-0.6543183440496418,0.16231986177126023,1
-1.691313221561397,-1.0296772261111817,-0.4445202009343899,-0.4281154315628296,1,0,0,1,0,0,-0.34411449859924853,-0.304761685406173,-0.8094876978806327,0.5349085746690722,-1.5103730115032894,-0.6477717143586231,-0.623039552912232,-0.5587582463234931,0.8560790966862859,-0.7830520269996013,-0.07825571865765775,-0.2109195860598028,-0.23565341361362416,-0.9685060936276824,0.6816082634931658,-0.8026763029080495,0.3012135382055747,0.3318065747762468,0.4292298816076853,-0.7133741297612556,-0.101368212404773,1.449733423989381,-1.9769010786046932,1.356530958514055,0.4256808062637454,0.7133741297612556,-0.42922988160768605,-0.5506838467604283,1.7856160559452963,2.822372622230761,1.8165798100432309,1.8868043095759535,3.141267139977729,0.7993363309214695,0.6356967464602498,2.620224168595341,-0.10976148557697851,1.33810702436318,-0.02220782410562002,-1.0349505520599276,-0.5161761445564365,1.331083085576127,0.12214944469431245,-0.2089648391376897,-0.08511336124321738,0
-0.14929748012713334,2.088222456435707,0.5693561964423357,-0.8681093238500562,1,0,0,0,1,0,-0.7983962307480176,0.8349235881745941,0.27793272259651985,-0.5558460221431568,2.220275439409259,1.0716841983114687,-0.3638894040523126,-0.354933019308767,2.010398006658154,-0.8387050140434819,0.7198247273192567,1.6324069980930895,-0.6029803131707242,-0.0589393532121461,0.3145421671655566,-0.817780884978592,-0.024481898030041922,0.3118867444075032,1.415923164404742,0.8221130942085976,0.44710556711663374,0.8022581459582272,-3.5700723467491815,1.1087605342293447,-0.6313106975408239,-0.8221130942085976,-1.4159231644047428,0.12241856578465546,0.5660657690356972,0.764038496071679,0.17998308071947566,0.1657527191673716,1.6972882571838146,1.1391663716627913,0.47420625286828905,0.5531876071447698,0.8246902522246106,1.33810702436318,1.3827675030766426,-1.0090180093269512,-0.5725865261806978,3.3719409678236056,1.439192814651505,2.2404794378780473,2.018069034379841,1
-1.460010860346257,-0.2566442469673251,1.0038746524609323,-0.13478617003801185,1,0,0,1,0,0,0.03445361152472564,-0.49083275048058395,0.16279408984011548,-0.5245989408551672,0.08607246638866488,0.0279364479416392,-0.12609160766132751,0.0660704604676248,-0.5065560065917293,0.057057488918838765,-0.41325712211923227,0.2823016553124763,0.5919128684787721,0.8292778776767361,0.6999615683095461,-1.1917495031389347,0.4989798291666477,-0.7067721672077821,0.3041828515459622,0.08334093927970712,1.0039381341545486,0.610522352805525,-0.5051142880331191,0.4176988706282283,-0.15277096081684385,-0.08334093927970643,-0.3041828515459622,1.2365191106868627,1.1914761725790812,1.3250577422439533,0.3953247556304958,0.5924597250537967,1.0146800580448727,1.2750983879593196,1.2124485092886799,0.7598912632898273,1.2344215658292679,0.9045264205696022,0.8353745184601769,0.4172718409867329,0.5717383581971791,0.5923861911134952,0.2632612343325826,0.33182155968396654,0.6925339110879979,1
-2.076817156919963,0.10410447663314094,-0.15484123025532542,-0.13478617003801185,1,0,0,1,0,0,0.009215737516460692,-0.4786218368350757,0.32910544826603294,-0.562211168331451,0.20455362840114788,0.06639501972047611,-0.03150755854421548,1.3367071617525055,-1.0911967964234708,-0.7939045892708049,-1.0238148425175995,-0.7286336574847334,0.9721932050908058,0.39813115637117535,0.7175380136628,-0.8303680367040445,-0.3124999195510451,-0.020505663134386454,0.2181716668474233,-1.210149408104441,0.44161998754450327,-1.1158586989482313,0.6572627795205703,0.762644310767012,1.3109896486453965,1.210149408104441,-0.21817166684742473,0.7026792662545551,1.128935132224743,1.127942871967207,0.459927258103802,0.3079883877961804,1.8810673877212216,-0.01625576685770265,-0.12561558047327853,0.44983577907224165,1.3798100964631783,-0.4323471077939307,3.2378215064991083,3.2266306370591415,3.4889609507661317,2.4202455823196,-0.20711139779498602,-0.7285439282016336,3.049040796940164,1
-1.1516077120594044,-0.30817977891024867,-0.4445202009343899,0.3052077222492148,1,0,0,1,0,0,-0.5333985536612357,-0.16753427491379488,0.5977622580309765,-0.6108177392238793,1.0143910336990178,0.34320729798908123,-0.4598363764000334,-1.523243206576068,-0.9616726542586991,0.007979075959410012,0.25514472078728445,-1.2318784266441625,-0.4397300110415443,-0.07458354201113325,0.9910083869838097,-1.1332202310892523,-0.5638045998222152,-0.2070218276603847,-1.715210180506699,0.020989325180847843,0.5648906786563189,3.0834695519682023,0.17586168969402985,-0.5698382068876445,-0.533817154163472,-0.020989325180847843,1.7152101805066984,-0.06326485836571254,0.9413120111617277,0.05897376777409294,-0.54141153023244315,-0.71610842633123994,1.250967511592968,-1.2396439135264608,-0.6792972727885718,-0.015247447254136822,0.7321702781848496,3.361483175399878,0.6833209116222693,0.6765972683164937,0.3863899614317484,0.19962301614358732,0.34165667302051117,0.3848398340782469,0.9870972718195186,0
-1.2287084991311177,0.15564000857606544,1.4383931084795292,-1.161438585374874,1,0,0,1,0,0,0.551830028694157,-0.6117789427789511,-0.3745195296897717,-0.28503798431391375,-0.7109789530097138,-0.2502174084122742,1.259556317791593,0.42244259085131264,0.797120830715131,-0.20984943597459238,0.1603346566051485,-1.1813999849824102,-0.09339524960578598,0.7878077572205734,-1.0015240806431907,0.7810943878545,-1.376610156077081,0.24994093045593352,-3.034126254566094,1.3979208031972914,-0.9642754923304627,-1.583120551559633,-0.3047663479553123,-1.0815300164474708,0.03557576540423165,-1.3979208031972914,3.034126254566093,2.0256736633259265,-0.18442671521636386,3.720761550222846,3.754654884242415,2.697547620760161,3.535079562557888,-1.0357458890816678,0.5664865349208381,4.480557073900855,-1.1182292026103766,-1.6969572021918669,-1.6583046336815008,-1.5276688639864726,-1.75720454029019,-0.32909664246974885,-1.7162235925376028,-1.4707997697215542,-1.4872349583252553,0
-0.14929748012713334,-1.4677292476260335,0.5693561964423357,1.0385308760612593,1,0,0,1,0,0,-0.7983962307480176,0.8349235881745941,0.022069094248954552,-0.4858294140719209,2.052724243301574,1.0175738822040352,-0.9032624122758843,-0.17978799952495364,0.34045733574434767,-0.6253267282630821,0.4432883963129393,0.5631597407828628,-0.0801485134421258,-0.0668938363716035,0.6266062459046445,-0.8375550223895559,-0.07953006887930572,0.1559685138004422,1.2050758636901437,-0.4270968507160288,1.1891688389982165,0.8744850532546616,-1.3070786073538518,0.7659154122539937,-0.4240237287656097,0.4270968507160288,-1.2050758636901444,0.11578701492214234,0.8877054051437235,0.7705367884983834,0.1738304614363032,0.13730558544161034,1.5997728001639657,1.2945172474302522,0.7246813041537794,0.5827167008797779,1.4723300705029398,1.2297118734147854,0.9526730151637045,0.04680694480136082,0.35415545764645623,0.95493681416264,0.9688201825239362,0.808986029232487,0.5157958946490849,0
0.15910566815972013,0.8513696898055362,-1.168717627632051,-0.4281154315628296,1,0,0,0,1,0,-0.356733435603381,-0.28906193929051954,0.3035190854312764,-0.558160620757082,0.5635559200358751,0.20904948945825483,-0.6048634012282155,-2.352284809193862,0.3509814919376679,-0.7731168250036743,1.013342698071711,0.0028242564022948717,-1.1348139192363633,-0.9994348672478333,-1.1188426343309463,-0.29945792444700664,-0.6478511790424132,0.25690440719061625,-0.6392523306161391,0.6378546273322155,-0.1575462599566201,2.1077527325222523,-0.7807297918854749,0.4020328139541703,-1.0665779856935296,-0.6378546273322155,0.6392523306161384,-1.1574707506803803,-1.3637720476124597,-1.7248075033566659,-1.5796660342677202,-1.691438725500212,-0.4705553642574395,-1.3852853595584558,-1.3318506958744534,-1.5433780480408084,-0.007989514133240944,2.3497950998815287,0.6529101902546883,0.11472550910201175,0.27356919818322456,-0.2233527107470814,0.34165667302051117,0.7559677548382072,-0.04387449074080463,1
-0.7661037767008384,-1.95731680108381,-1.8929150543297122,-0.8681093238500562,1,0,0,0,1,0,0.26159447759911014,-0.5553761511782702,0.21396681550962854,-0.5350146346178304,-0.0343997906247458,-0.013652472702916979,-0.20060129286894363,0.05923389697825173,0.4112902631713854,-1.735846528000519,-1.6233799443558712,0.057819190212727904,1.653146383446896,-0.9243325842283009,0.1260970422869054,0.001118993334973637,-2.1607489429107583,-1.5906751561397934,0.3506288912831737,-0.2688909859805091,-0.6446412461711238,0.045020866290107986,-0.5611230876743176,0.20245500754093737,0.5574887440887825,0.2688909859805091,-0.3506288912831744,-0.6203151308168162,0.7536888900987124,1.8784956472517342,1.5904710513866593,0.4360004895621079,1.4084924806250314,3.042214599814193,3.058054150339658,1.5350299738337914,-0.6556293324115703,-0.05296407947454983,-0.2746168114565458,-0.5119776069449095,-0.4033553813079138,0.67547070889559,-0.20711139779498602,-0.35741600744167373,-0.2500688432528684,0
-1.460010860346257,-2.086155630941119,1.0038746524609323,-0.13478617003801185,1,0,0,1,0,0,0.03445361152472564,-0.49083275048058395,-0.0035172685858019803,-0.47367777134881384,-0.030662465111361153,-0.011416509227403206,0.9172210613416109,0.1518154520239242,-0.298203974564892,0.8686313894241071,-0.22641988976334645,0.0894626312200232,0.663574658411978,1.5812598509503055,0.9289003312019214,-1.1764350436367397,0.8921471442382566,-0.19346338256319964,0.416552302523086,-0.29111514316954507,0.30455799822126683,0.7221804878687016,-0.7745489407693339,-0.28882713114577413,0.10547760734399145,0.29111514316954507,-0.4165523025230867,1.7471485271003746,1.128935132224743,0.6162023433641206,-0.13764588977427983,0.22264698661889537,0.7390113622387616,0.5954383064766764,0.42806611184201476,0.2172941659090524,0.41760236644966076,0.8828473903799233,0.5069387276902979,0.002351157259115363,-0.11002139686175369,1.4262526241265279,-0.37174181903963527,-0.5429799678216537,0.038603250264021984,0
0.5189093411610479,0.15564000857606544,0.27967722576327125,-1.161438585374874,1,0,0,1,0,0,1.0187306978470585,-0.6699261506147045,-0.3745195296897717,-0.28503798431391375,-0.9018478768375456,-0.29493667792254963,0.7769005960003366,0.2556077678470751,-1.20566958529328,0.3726948839986216,-0.49173099050778885,1.1958942437543896,1.2298843366977046,-0.0648640974827009,-0.8735928288422327,-1.5648117778424562,-0.22683618682278686,-0.3951361821672255,1.7556215933338128,-0.11014700605881247,-1.1451106325302427,-1.2259758015605289,0.07570578640700407,-0.728413623907784,0.25350079579100004,0.11014700605881318,-1.7556215933338135,-0.20252742647848845,-0.9349191994684248,-0.555114866549611,-1.2197378062021575,-1.2281568333949502,0.6996301199807459,1.4110304042558486,0.5664865349208381,-1.1004416420156866,-1.2338791701600784,-1.412419930952331,-1.5138537071854887,-1.252135597448602,-1.4046396551385556,-0.500930531519083,-0.8244754774624201,-0.9604988786766088,-1.3841377820692236,0
-1.9483158451337743,-1.2615871198543382,-0.8790386569529866,-1.6014324776621007,0,1,0,1,0,0,0.22373766658671274,-0.5402578771409743,-0.6047967952025805,-0.12359473099263422,-0.9559833383792545,-0.3199794688483039,-0.15759145384488038,0.32150544067539377,0.39560813041519,0.36920513630332613,0.29241773067461124,0.12449139166932056,0.010453088915058356,-0.5200859204291743,-0.3142346742585206,-0.5638057595785545,0.41454812565085325,0.4810414282517521,0.08301123374971872,0.08746187929198715,-0.3005289709347134,-0.7560697055832678,-1.107379982384658,-0.08771349481417921,0.08948595625343717,-0.08746187929198715,-0.08301123374971872,-0.560631173054198,-0.3988531392883812,-0.3601660937484355,-0.582941710393854,-0.39912607910132464,0.3845801819166189,-0.4531801049536876,-0.5408768497097485,-0.4803306735805153,-0.19302946221276363,-0.6009617870469885,0.4603089549266723,-0.21663475915268182,-0.23412423643512922,1.5390461512973737,-0.2985727429309022,-0.2955613539816801,0.09358841093390566,0
-2.076817156919963,0.15564000857606544,-0.15484123025532542,-1.161438585374874,1,0,0,1,0,0,0.009215737516460692,-0.4786218368350757,-0.3745195296897717,-0.28503798431391375,-0.38461320460892634,-0.14781028123374337,1.1189016121343245,1.1639719422034989,-0.5416729665327109,0.7110380011882252,0.22463663938387957,0.5931530946604298,-0.14305372187193954,0.42659174697572233,0.41522315358684353,-0.5439563900140333,-0.08350153271028614,0.34290476598168773,0.5791922973583978,0.23455420748543962,-1.1296144815570908,-1.1816265794558052,0.1938613783921789,-1.0433651577233956,0.04274112998872809,-0.23455420748543962,-0.5791922973583985,0.540206270122983,0.5660657690356972,0.49111021415003275,0.11538057824616953,0.08041131799008658,1.2772216730983115,-0.08422177500596675,-0.3563162856046509,0.139780294854656,-1.2107491766501381,-1.3597278436857505,-1.404881955618322,-1.1098667866218581,-1.3811353294617799,-0.47008855143330586,-0.847340813746399,-0.8522532351216203,-1.3497720566505462,1
-2.076817156919963,0.6967630939767645,-0.15484123025532542,2.2118479221605303,1,0,0,1,0,0,0.009215737516460692,-0.4786218368350757,0.12441454558798068,-0.5072394512507286,0.08027480380223373,0.02391171368571441,-0.7384974438766596,-1.4433560740150961,0.14328680003502342,-1.1813228259451514,0.21887771333322018,-0.6425188096575177,-1.0310424078524492,0.24612572927870818,0.25703514540756417,-0.3291476549965237,-0.08771950119284401,0.5489327257955298,0.4783555005605047,-1.350746184994024,1.2728246014158051,2.2385436745084477,-0.5266395061767599,1.5089097694491476,0.2513742185731943,1.350746184994024,-0.4783555005605054,0.3147335407975363,0.3516393449636798,0.32865290348238563,0.09999903003823932,0.0641558130039371,1.1497014600723552,-0.4531801049536876,-0.6990716189426893,0.051193013649631844,1.036164478601208,1.8800827791051529,-0.3376104485751073,-0.5459368890952359,0.03986904573985558,-0.5859033337962262,0.9688201825239362,0.33182155968396654,-0.5446322039843892,0
-0.6376024649146498,-1.1069805240255675,-1.168717627632051,0.3052077222492148,1,0,0,1,0,0,0.5770679027024219,-0.6123604148573085,0.43145089960505906,-0.5888290523915902,-0.07935158568009373,-0.01588843617843075,-0.42083815728062623,0.49354006451883353,0.10335191364505458,-0.3064083305732054,-0.5037642394472962,-1.158599431993009,-0.46225403174438134,-1.051961654644156,-0.4533557494841908,-0.052915327014744926,-0.8300096460917643,-1.3907563231639872,-0.4291756706205303,-1.154540235155578,-0.46592198839902405,-1.1315610648825651,-0.1944603287775266,-0.4090854702560197,-0.7028846771944363,1.154540235155578,0.4291756706205296,-0.968471551098756,-0.3720498362793791,0.19543790873491604,0.13691474573727128,-0.20406001926752979,-0.5605696322757617,1.0032343553662626,1.397009073393778,-0.17027518936292965,-0.19302946221276363,-0.8117301361133116,1.321946060341478,1.0007540524786946,0.7530574419894479,0.67547070889559,2.9483050093941214,2.3332614180680373,0.2654170380272921,1
0.8273124894479005,-1.5192647795689571,-1.168717627632051,-0.13478617003801185,1,0,0,1,0,0,1.3846798709669002,-0.6972553382975085,0.36748499251816774,-0.5691549641732264,-0.41030533017241866,-0.09638312129692658,-0.6104102409395523,-2.5942628250481,3.5373371805471536,-1.0287713938799703,-0.4218066500589126,-0.3722152686470519,0.9435830872183012,-1.6816812339611127,-2.196095812203415,1.8422231594636744,-2.541028504726394,-2.557334976013116,-0.8569681418843186,0.3422733367180179,-0.8315257752691331,1.3607065679883907,-2.984401815368201,-1.129836585881441,-1.9483705557475879,-0.3422733367180179,0.8569681418843179,-1.5951531076062477,-2.0606579258465163,-0.3731626786018469,0.5891322630504142,-0.5454256239766699,-2.135819322596396,1.4110304042558486,2.227531611866718,-0.790386157798101,-0.47058938433204756,2.3497950998815287,2.1734462586337617,-0.144599918227749,-0.5725865261806978,3.3719409678236056,2.2623449208747504,2.7971713190179877,1.605680329355712,0
0.46750881644657266,0.0783367106616796,-0.15484123025532542,-0.4281154315628296,1,0,0,1,0,0,0.48873534367349464,-0.6030568616035881,0.4954168066919504,-0.6015593447681786,-0.005060335741521602,0.001104886235473924,0.4447094141669751,3.196208297406333,-2.105144365853068,1.2038470952452773,1.3375880234873232,0.46001968698421736,-0.7879840376092928,-0.24870044827762236,3.5838506405010246,-0.7865550662750657,0.91607091666631,-0.18008928585344017,-0.7768887630270574,1.3979208031972914,-0.8668778233976209,-0.7966732972188131,2.08739088434984,-0.7179595201812796,-1.9147520762981274,-1.3979208031972914,0.7768887630270568,-0.06326485836571254,3.9432819481699712,0.8095265430586199,0.23381849944723046,0.606683291916678,0.46334266643265065,-0.22015379130249568,0.15122526568436812,0.7598912632898273,-0.47058938433204756,-0.17942508891434333,2.4775534723095745,3.5291769689438617,2.8684467528992554,-2.4439752769230942,1.439192814651505,2.7971713190179877,3.255235149452228,1
-0.894605088487027,0.928672987719922,1.4383931084795292,-1.161438585374874,1,0,0,1,0,0,0.36254597363216995,-0.5716573693722812,0.764073616456894,-0.6385929225909811,0.17980459348242037,0.05387362425759897,0.24203962439324173,-0.6831535517672702,2.1768408855379606,-0.8713388545937742,1.8948131910541774,-0.33147828063932105,-2.57752464075409,0.6450204026526181,-0.4385464905582245,1.0628459531002878,-0.04855265099767006,1.0364355039465794,-0.8569681418843172,0.39783372969061137,0.3079347966703792,0.49832344210007534,-1.9077567327389136,1.128978600850977,-1.4514724048732477,-0.39783372969061137,0.8569681418843165,0.26168113389743136,-0.6847550380510711,-1.0099953364190213,-0.37990527404917784,-0.3747428216220998,-0.6655862782971376,-1.85133798686084,-1.8328007984454329,-1.307145298160744,0.08453045990652028,0.19995793940503753,-0.669956189235104,-1.4628375071540325,-1.0238695791747903,-0.857816301083085,1.0276167615398821,1.4054416161681371,-0.76555472453303,0
-1.0231064002732158,2.01091915852132,-0.15484123025532542,0.3052077222492148,1,0,0,0,1,0,0.6275436507189519,-0.6187566077192415,0.7384872536221374,-0.6368569736305372,0.037888827216474755,0.01630943786896758,0.7522721969561391,0.9874790245402448,-1.3624124495060475,-0.5326628218381563,-1.3769663451407714,-0.27465760698427116,1.3249999740247516,-0.18916253921335785,0.7754603903951123,-1.7364999251215656,-1.340884632548629,-2.2145928772187866,-0.604544012877736,0.22497917377587734,-1.2350617825509878,-0.578506755335015,0.1174485022291901,-0.6100051407438796,-0.3719952221374209,-0.22497917377587734,0.6045440128777353,-0.06326485836571254,0.9413120111617277,0.5365982611369737,-0.5091102789957901,-0.972132629863095,0.6996301199807459,1.8188264531454346,2.5043724580243647,-0.17027518936292965,-1.1644891896302574,-0.5588081172337243,-0.06174176188347493,0.006673247714612051,-0.23412423643512922,-0.0647368131630805,0.8904247438360077,1.127095675598167,0.3685142142833251,0
-0.8432045637725518,-0.35971531085317227,2.1625905351771904,1.0385308760612593,1,0,0,1,0,0,0.5392110916900246,-0.6088715823871633,0.41865771818768077,-0.5847785048172213,-0.06802878528547619,-0.016335628873533507,0.32529847532273637,1.2351283789737437,-1.024041354665272,-0.3434199628620508,-0.5313269208804129,0.19987373685280532,1.4653283699234307,-0.7571592159825633,1.583011082322993,-0.5419788642601318,-2.037532341353443,-1.3724735956328975,-0.8569681418843186,1.122534507594003,-1.2088800158540207,-0.10942671078252927,0.855262347076863,-1.5564439771951852,-0.6492023164325317,-1.122534507594003,0.8569681418843179,-0.7595776989295921,1.3165582532877582,-0.2821865846279648,-0.5091102789957901,-1.2281568333949502,0.3845801819166189,1.4110304042558486,2.227531611866718,0.139780294854656,-1.1182292026103766,-0.05296407947454983,0.1663386483733858,0.5901554592065738,-0.12130347318660537,-0.0647368131630805,-0.20711139779498602,0.3848398340782469,0.3685142142833251,1
-0.9460056132015023,-0.05050211919562982,1.0038746524609323,-0.13478617003801185,1,0,0,0,1,0,0.7032572727437467,-0.6309675213647497,6.7640757012073,-0.7954069786844103,1.032872167715562,0.1294491897299645,1.4692383859736062,-3.515019022528814,0.16352679509778165,1.8185040858830577,1.9403093077590632,1.6381815421240273,-1.06264640913367,0.055519061263650804,-1.9790288927911528,0.08094174821871787,0.5767692755592467,0.6768694427767014,1.7556215933338128,0.4930801176436292,-1.9875377490706807,2.841926219815768,-0.14220795611135972,-1.884767159361153,-1.861665859683038,-0.4930801176436292,-1.7556215933338135,0.540206270122983,-1.685411683720486,1.9315650354031637,1.6873748050966186,1.9010278764388346,1.5397632881517511,1.4110304042558486,0.5664865349208381,2.00011320016017,-1.858388994928467,2.096873081001942,-0.8068044353892204,-0.7496925819971905,-1.3623318689203594,-0.857816301083085,-0.20711139779498602,0.013711913318286572,-1.6934293108373202,0
-0.8432045637725518,0.3102466044048362,1.4383931084795292,-0.8681093238500562,1,0,0,0,1,0,-0.6343500496942954,-0.03263275273484695,4.499682590331347,-0.7763115401195277,2.1381607070015374,0.5748531140523081,0.03752482280792926,0.7885747941940131,-0.882532117419918,1.112246721206563,-0.43090912485663324,-2.729405529276141,-0.2769842766337081,1.8470339507844824,0.8293881204562303,-1.7032134475878604,1.730832058173019,1.0031307281123985,-0.9053494332772469,-2.824669062719801,1.7933553811167624,-0.2514808408486888,-0.5051142880331191,0.2136898765008372,1.5395648789518104,2.824669062719801,0.9053494332772463,2.339014441579672,1.3165582532877582,1.2871510364215009,0.056161617645638595,0.7560307439769268,2.550548506107491,-0.8318478646368748,-0.5408768497097485,2.00011320016017,1.7498899926222238,-0.17942508891434333,0.19674936974096682,-0.10137901367278856,-0.008482709938082702,1.9972698554289314,0.6160407084282594,-0.5429799678216537,0.7809029193074537,1
0.8530127518051386,-0.6431607365392533,1.0038746524609323,-1.161438585374874,1,0,0,1,0,0,0.1480240445619179,-0.5152545777716003,0.57217589519622,-0.6067671916495102,0.2268581457892847,0.07265571745191467,0.27686902729625973,0.20792935963258463,0.6300103948924292,0.3969771871177698,1.4642001291119575,1.3064660683467995,-0.5539503356051066,-0.4596237976196215,-0.3752583713438158,0.5564077229610295,-0.13660215918836788,1.0401153256415618,1.2994551316290601,0.4930801176436292,-0.8442438051943719,-0.6613151701200239,-0.3021092134715205,-0.6717429316728668,-0.8880617049921933,-0.4930801176436292,-1.2994551316290608,-0.6667359868544083,-0.6847550380510711,-1.1919475243667854,-0.7675202888890147,-0.7730026937827631,-0.35053634023301067,0.5954383064766764,0.012804842605544792,-0.4803306735805153,-0.8036612908751883,-0.6346847228976005,-0.058700689746716966,-0.2051091846046925,-0.44848368660732285,-0.15990635171348128,0.4514102871836102,0.793080546914203,-0.332546584257695,1
-0.9974061379159777,0.4648532002336079,0.5693561964423357,-0.13478617003801185,1,0,0,1,0,0,-0.14221150653312897,-0.41989315692096474,0.48262362527457214,-0.5975087971938096,0.4143599156901133,0.13884023632712236,0.15006354811417955,-1.276409630902159,-1.2172158392998491,0.13230521096487832,0.09234304295849385,-0.8084713765843752,-0.3564910959838124,0.8097512684204105,1.1170026807821924,-2.1026511779923185,1.2745997478764626,0.6168283034614525,-1.244018473027745,0.13114384342216406,0.6004269097929535,2.870901040633767,-0.44898682568081205,1.0851354871314944,0.48216230400676946,-0.13114384342216406,1.2440184730277444,0.5866271261605753,0.8162299304530506,-0.46413877257572894,-1.4135453136220761,-0.9436854961373332,1.2772216730983115,-1.1716779053781963,-0.8177176958673952,0.2431321229271842,0.917210226264372,3.4626519829517126,1.145563876409508,0.7025298110494701,1.142289075196852,0.9186817518577256,-0.04248097655033679,0.013711913318286572,1.0283361423219313,1
-0.25209852955608386,-0.978141694168258,-0.4445202009343899,-0.13478617003801185,1,0,0,1,0,0,-0.4576849316364408,-0.2187038178092579,0.6489349837004895,-0.6189188343726173,0.8902021929916332,0.3101150385514774,1.2432098679065045,1.8664488361277758,-0.6753434505435435,0.5650943284680402,-1.054122489564231,0.08280454285746906,1.0537442675735442,-0.2590344443282243,-0.06664185594388441,-1.7875129291525085,-0.09609938542064836,-1.5972934472947837,-0.018359091073560794,0.13114384342216406,-1.9875377490706807,-2.6285199506224295,-0.8730609856760114,-0.8586964864778716,-0.18903530024045775,-0.13114384342216406,0.018359091073560086,0.35452284597261524,0.8162299304530506,2.7806752458260666,1.0844181153457615,0.9907195972144606,2.169863164280005,2.4984865346280776,2.7812133041820113,2.00011320016017,-1.858388994928467,-2.4557232588306284,-2.3577512251358734,-2.3056451459757548,-2.377718738157067,-0.857816301083085,-1.0302635040182315,-1.0996718489615938,-2.3120123683735136,0
0.8273124894479005,0.23294330649045036,1.4383931084795292,0.3052077222492148,1,0,0,1,0,0,0.04707254852885811,-0.49315863879401406,0.5849690766135982,-0.6073458413029915,0.3039440677225391,0.0900962325609221,0.30433448741299934,1.3532960134262895,0.6767690004787795,0.04318969444248633,0.3531753227488551,-1.3335646166583413,-0.7399661404896475,0.7864118134314233,0.2707210742050979,0.5359566759434979,0.10220877778971046,0.31447464371805117,-1.5627658045576254,-0.26889098598050765,0.36258890490230905,-1.5862388197149282,-0.38658112369178466,0.04300198363168202,-0.15212193460792237,0.26889098598050765,1.5627658045576247,1.349255475349586,0.8877054051437235,1.7842704070645,1.8534955257422627,1.8197503515080862,0.924665790026551,-0.5696932617792836,0.17099961183848567,2.443049606185293,0.5286263352973745,-1.3934507795363622,0.6894030558957865,0.36540675552078095,0.36382580878204385,0.664896315723324,0.4514102871836102,0.3477270420022505,0.2860364732784985,1
-0.7404035143436003,0.3617821363477598,-0.15484123025532542,-1.6014324776621007,1,0,0,1,0,0,0.816827705780939,-0.646667267480403,-0.31055362260288033,-0.3486894461968555,-0.7446188915359404,-0.22785777365713644,1.1483969210855671,1.8490204253773066,-0.6999466543037581,1.236634647361219,0.23038574952364133,0.3444911943928379,0.23373356454940955,0.6044481337160506,1.7690943132453665,-1.380296355191919,1.0872860046623536,-0.41149502652631087,0.1590389773671773,0.3121119805328959,-0.9929164206361684,-0.7655987144638746,-0.4302141969098824,-0.5924794373991435,-0.7012575601399024,-0.3121119805328959,-0.15903897736717798,0.7026792662545551,1.879427616476804,0.4456221671630917,-0.37990527404917784,0.0519641842643253,0.46334266643265065,0.5954383064766764,0.5664865349208381,0.139780294854656,-0.8715092718376799,-0.6009617870469885,0.5008565834167807,0.1867603500269455,-0.06489309156234463,0.48160683407070015,0.25019532788459464,0.44669448753824004,0.5059771159580343,0
-1.5885121721324456,0.3617821363477598,-0.4445202009343899,0.3052077222492148,1,0,0,1,0,0,0.4130217216486998,-0.5861941713312195,-0.041896812837936774,-0.45863288035830035,-0.2984646751768751,-0.09638312129692658,-0.1711758340266009,1.955678496404476,-2.025708585762374,-0.974249204895768,-1.4818870942195193,-1.457829546463434,0.7446790612641884,-1.1447028362824354,3.7330446816600786,-2.4152546191784157,-2.50196414722332,-2.3041066307569773,-2.3498765620089648,0.3422733367180179,-0.9057494222955054,1.055452101425434,0.34211353236970765,-1.164756997520458,-0.3229858676317395,-0.3422733367180179,2.3498765620089634,-1.3166279713806959,1.6918044954137887,-2.238172605066429,-2.7701978655615047,-3.191009060472506,-0.5605696322757617,-1.0357458890816678,0.012804842605544792,-2.0306080946684437,-0.7481493064513315,1.33810702436318,0.7745530757250123,0.8494808865363345,0.27356919818322456,0.834086606479591,0.34165667302051117,0.5704037944582268,0.3685142142833251,0
0.930113538876852,0.9802085196628456,-1.168717627632051,-1.6014324776621007,1,0,0,1,0,0,0.766351957764409,-0.644341379166973,0.11162136417060241,-0.5037675533298408,-0.3492948488816038,-0.10622136058918719,1.1033267316340483,0.62945332881951,-1.5418797935060327,1.2558291084134452,0.054178876540869246,0.9591114034981897,1.4373216522545764,0.48219077019117335,0.30483997959742626,-1.5630289871375433,1.0757351030793694,-0.20234323779877103,0.5274811195133255,0.7849642097577141,-1.0524033421932566,-0.5585624483314209,0.5371079368692414,-0.6298635922398566,-0.2679839817607651,-0.7849642097577141,-0.5274811195133262,0.26168113389743136,0.06573744620098994,-0.5854402312075713,-1.2412719736932594,-0.8298969612342869,0.06953024385249205,1.1391663716627913,0.9356076631310333,-0.6870343297255728,-0.7481493064513315,0.010266425245347094,2.0670087338472247,2.1028871186301776,1.641520952571567,1.1248824187169264,-0.001323371239174659,0.4312308241732417,2.1727147987638893,0
2.0095245578808356,0.15564000857606544,0.27967722576327125,0.3052077222492148,0,1,0,1,0,0,0.7411140837561441,-0.6425969629319004,-0.38731271110714993,-0.27520094020473185,-0.8126838393182552,-0.281520897069467,-0.35342692698618705,-1.9347324170238067,0.6552892738319288,-0.09817788913740434,0.30412644557419394,-0.5786929083106706,-0.9110689519454065,-1.1443134393298038,-0.431691105588375,0.20862526204031337,-0.5193594895371112,-0.4277190452450751,-0.07652239220167051,-0.7133741297612541,-0.6519357602047468,2.2230222870934515,-0.6861541210419227,-0.38235598516633423,-0.8129636730572168,0.7133741297612541,0.07652239220166979,-1.1176814455053017,-0.5060663513243898,-0.3731626786018469,-0.2137845534035336,-0.39912607910132464,-0.4705553642574395,0.8284646201278684,0.96197345800319,-0.037394267555393414,-0.19302946221276363,3.6144051942794655,2.5459775953866326,1.6814832992193165,1.38767423526239,1.917961906636931,3.908649133321241,3.632209140727898,1.8634232699957924,0
-0.8432045637725518,0.49062096620506923,2.1625905351771904,-0.13478617003801185,1,0,0,1,0,0,0.5392110916900246,-0.6088715823871633,-0.2721740783507456,-0.3585264903060374,-0.5791999495166869,-0.19118797265871057,-1.0457266849929883,0.9334330967796086,0.44616039518255624,-1.6169214448147036,-0.9834297496955784,-1.2109602313286683,1.257419881002474,-0.7549164866984206,1.2295475087358299,-0.33509097968080365,-1.4569925840160975,-0.6581223865920693,-0.31054414497595056,-1.3436114231817156,0.6998047526933172,-0.049432516517920744,-0.9466503252045899,0.7396276512131816,0.6359784216467612,1.3436114231817156,0.3105441449759499,-0.8988402670423681,0.5660657690356972,-1.1919475243667854,-1.1551353037288514,-1.5695224381040902,-0.24551969421163483,0.5954383064766764,0.8433273810784847,-1.1004416420156866,1.194770148383656,0.4844952106445732,1.6564639953848757,0.806259981981374,1.0915197317350172,2.3541556249929334,1.439192814651505,0.7791632498857044,1.708777505611744,0
0.3647077670176212,2.01091915852132,-0.15484123025532542,-0.8681093238500562,1,0,0,1,0,0,-0.016022136491804253,-0.4652479790328524,1.7491485855950204,-0.7149746768505112,0.7415931500378167,0.19473932321496668,-0.42363595499111895,0.8409536484044151,2.2202412488089873,-1.1522135569006013,-1.318973230203016,-4.307180410960135,0.2091752181833414,-0.5411876520302218,-0.36435192361511953,0.3695969106760489,-0.17246232252421734,0.07811883219181433,-0.946287449071263,-4.935963995678347,0.04832778256871154,-1.5192350327280177,-2.6637349142047615,1.3855554939302612,1.7909976322888665,4.935963995678347,0.946287449071263,-0.5089050763265954,-0.3345252120667762,0.02713213488323473,0.21443774870523882,0.13730558544161034,-0.11949971898598452,-0.6279498401920818,-0.26403600355210183,0.44983577907224165,-0.47058938433204756,-1.6969572021918669,-1.9928225687248964,-2.694633286970396,-2.2084875932842825,1.0455744699249259,-0.20711139779498602,-1.6563637301015341,-2.3120123683735136,1
-0.9717058755587404,0.8256019238340739,-0.15484123025532542,1.478524768348486,1,0,0,1,0,0,0.6527815247272168,-0.6245713285028168,0.03486227566633282,-0.48814401268584606,-0.3550453186768709,-0.1030910117234679,-1.611124659198564,-0.8277375827652216,-1.344760349597391,0.05299075642984845,-0.5894061131469501,2.262521440580157,1.0606231105097546,-1.3787533105169927,-0.9470547521453039,-1.194126144131199,0.3063969288960879,-0.30244751990577595,1.465333844976243,1.6325091290815754,0.8626739952244691,0.18735714864800207,0.6383508338724897,0.2322308565634928,0.470975677269318,-1.6325091290815745,-1.4653338449762439,-1.4558905394934718,-1.3101654415944555,-2.056220417118665,-2.18877534330175,-1.9962294439905155,-1.033144539371952,-0.22015379130249568,-0.8177176958673952,-2.340663578886029,1.2988551191783875,0.6741867248042637,1.4283835851280149,1.6004441031787662,1.6203670594624688,0.6490347259649236,-0.8244754774624201,-0.1254610569666985,2.1727147987638893,1
0.18480593051695732,0.026801178718756015,-0.8790386569529866,-0.8681093238500562,1,0,0,1,0,0,0.3877838476404349,-0.585612699252862,-0.11865590134220637,-0.4297003976842359,-0.34983083248357433,-0.11829556335696156,0.8193678551650021,1.254840166852851,-0.7647176465346943,0.7278543635542467,0.38289703887894333,1.5766415673508767,0.2464720400987961,0.40345318856132406,1.6881360244674506,-1.8072863583577976,1.3002999830758553,0.1678461988613879,1.509993498569716,0.6527578856825103,-0.7362252759654934,-0.031169898967220038,-0.7707538551118917,0.3060709169003545,-0.3339157587182134,-0.6527578856825103,-1.5099934985697168,1.0044148304989031,2.692461141083203,2.113517223350928,0.5891322630504142,1.1329552658432693,2.7474547173975705,1.6828944368489056,0.9356076631310333,1.6900577159425842,-0.6926373220274746,-0.02767187758659086,0.014285041535478216,-0.38663698373552574,-0.24540631275998087,0.15732544345452057,-0.37174181903963527,-0.09762646290970158,0.2860364732784985,0
0.15910566815972013,0.9802085196628456,0.27967722576327125,-1.6014324776621007,1,0,0,1,0,0,-0.36935237260751347,-0.27917691395844146,0.11162136417060241,-0.5037675533298408,0.46253807723036244,0.17461565193534273,0.3140227553347691,1.8741425898664439,-0.5470659827800969,-0.0767141573431041,-0.7174991490440646,0.44400583652600684,1.6000235512013767,-0.5161145729216526,1.773786024588928,-0.32217070862802405,-0.4052133884752797,-0.8625924790349137,0.4783555005605047,0.13114384342216406,-0.9523518855252271,-0.7953796202036972,0.42410703313283404,-0.29816678222444054,0.0906303681958869,-0.13114384342216406,-0.4783555005605054,-0.09111737198826762,2.81754322179188,2.1559727338720744,1.609851802128651,1.3320852019236007,1.2037100208833493,2.879096180258358,2.7812133041820113,1.752068812786101,-0.7481493064513315,-0.482931511569848,1.145563876409508,1.2211806657089916,1.0069041592986248,0.728342674756924,-0.04248097655033679,0.013711913318286572,1.275769365336409,0
0.4932090788038099,-0.7462318004251005,-0.15484123025532542,-1.8947617391869185,1,0,0,1,0,0,-0.25578193957032125,-0.3629088932419264,0.86641906779592,-0.6466940177397191,0.6974231859196363,0.22067649953092644,0.6975052775438962,-0.9814359860262728,-1.0393738702929511,1.3221710158312483,1.6495882859864759,1.9610512699338623,-0.5605654133361033,0.6375255337618135,-0.2627565158330785,-0.9712922302488035,0.6656740777806164,0.7236316917201475,1.5427439112049275,1.144565411242267,-0.33289006598527826,1.083827981773213,0.4448038795867804,-1.126096722441392,-1.438060058476087,-1.144565411242267,-1.5427439112049282,1.0353620678572977,0.14912550000677452,1.3553831069019124,0.5532419838985774,0.8200367948598906,2.27487981030138,1.501651748453534,0.7510470990259361,1.4489034504400173,-0.2855494362525249,1.0851850054835932,0.1663386483733858,0.3740509364317725,-0.12130347318660537,-0.857816301083085,0.06727263761276221,0.7559677548382072,-0.04387449074080463,1
-1.2030082367738797,0.3617821363477598,0.27967722576327125,-0.13478617003801185,1,0,0,1,0,0,-0.571255364673633,-0.09659468135417572,-0.029103631420558513,-0.4603688293187442,0.7324642336594129,0.28149470606490107,0.7977719577687058,0.44431472492080415,-1.6046309270338976,1.0849435748451344,0.6542272293861752,1.0271267220080813,-0.15213774412262762,0.6603100321898896,0.2370671509324756,-1.7174011265366513,1.2599334803226778,0.669361978944908,0.9153149533513734,0.4930801176436292,-0.44954732323172075,-0.3723472362609128,0.46776172607351624,-0.21636030321911484,-0.1970257479100655,-0.4930801176436292,-0.915314953351374,1.07868820015905,0.7161642658861095,1.409968763286241,0.13691474573727128,0.6493539925053206,2.6529397359783324,0.758556726032511,0.34501385799472056,1.5040244254120325,-0.4150773999081907,-0.3311783002420958,0.06902433999712428,0.30057539868834077,0.19459466390925928,-0.4136917878478824,-0.20711139779498602,0.013711913318286572,0.2860364732784985,1
-0.9717058755587404,0.026801178718756015,-0.15484123025532542,-0.8681093238500562,1,0,0,1,0,0,0.6527815247272168,-0.6245713285028168,-0.11865590134220637,-0.4297003976842359,-0.4788358070831726,-0.1482574739288461,-0.4182154116732587,-0.9164316686332764,-0.33547821311411935,-0.0401577634409431,0.3217890048883339,1.1023334690992743,-0.1220591976566622,-1.0598909032879997,-1.5328232684504461,-0.6809729899953938,0.3793166678334828,0.46618379111619695,1.0187373090415208,0.4930801176436278,-0.47749179182821744,-0.2777174756144033,-0.2257022262469035,0.43037446236514537,0.03679627043065486,-0.4930801176436278,-1.0187373090415215,-1.223786259305512,-1.685411683720486,-1.919756276157842,-1.8872969984263208,-1.6833109730071372,-0.7706029243185127,-1.0357458890816678,-1.4636796702352375,-1.9272562665959154,-0.5631093583718088,-0.4323471077939307,-0.5787240251323598,-0.5984194160548303,-0.4033553813079138,-0.4877125400537498,-0.7558794686104828,-0.6357619480116439,-0.2500688432528684,1
0.3647077670176212,0.9802085196628456,-1.6032360836506476,-1.6014324776621007,1,0,0,1,0,0,-0.29363875058271866,-0.3530238679098483,0.11162136417060241,-0.5037675533298408,0.3636107357913872,0.11782217965729289,-0.11098201080223119,-0.03985703856075534,-0.7904464536317762,-0.2860457971750542,-0.5883814615783304,-0.13649624258414186,0.6997326853628558,-0.9078491427754907,-0.8795736513323573,-0.41471933206424416,-0.639638589032233,-0.7452611517579939,-0.31993580742281313,0.13114384342216406,-0.7527889789789193,-0.8264325388806044,0.6638138488829348,-0.24782525776810083,0.03732225522318384,-0.13114384342216406,0.3199358074228124,-0.7874302125521474,-0.7097714541928067,0.5093054329448095,0.2015172482105774,-0.06751377738387422,0.4790951633358572,0.35076067714292497,0.5664865349208381,0.5118468759157585,-0.5631093583718088,-0.5588081172337243,0.9570174039305009,1.1952481229760152,1.0069041592986248,0.2524949820049213,-0.20711139779498602,-0.17185204706169332,1.0901944480755505,0
0.4932090788038099,-1.2100515879114147,-0.15484123025532542,0.3052077222492148,1,0,0,1,0,0,-0.25578193957032125,-0.3629088932419264,-0.5920036137852022,-0.09350494901160722,-0.5274675756487951,-0.20683971698730697,0.08512843668686672,-0.47337635345211193,0.355182009840537,-0.14654286381019746,0.11979206027193465,0.8730619186759166,0.5339356922845374,0.5785631302995242,-0.17423531899699746,-1.0414081974230018,0.6934701310010805,0.6722784122630238,1.5328426236640493,-0.329502323768793,0.4597202993248583,0.4751787833826616,-1.5320605115062034,0.8856030659994096,0.500613475913971,0.329502323768793,-1.5328426236640502,0.911573118423719,0.19081952690966666,1.1734309189541483,0.369483754641173,0.6493539925053206,2.1173548412693166,1.6557080335896,0.8986955503100138,1.2559800380379649,0.8246902522246106,0.9587239960437993,1.3371514210252706,0.2011673182119326,0.555621106304533,2.473117548180934,0.34165667302051117,0.1992758736982665,1.5025831530996792,0
-1.2030082367738797,0.9802085196628456,0.27967722576327125,-1.6014324776621007,1,0,0,1,0,0,-0.571255364673633,-0.09659468135417572,0.11162136417060241,-0.5037675533298408,0.8353832804550273,0.31503415819760766,0.7572932341416944,1.0939861110882112,-1.4957869540950277,0.7489624053934069,0.33127846620890417,0.16536483855313516,0.07630357357686057,0.4055570176934283,0.5895644991572401,-1.2571143106104752,0.7805453959586869,0.4873888752620116,0.09517567272851181,0.13114384342216406,-0.6478068830886291,-0.9109174971085011,0.7815122288859043,-0.23782443732592684,0.045162143392041144,-0.13114384342216406,-0.09517567272851252,0.7126265925483249,0.9949186171797318,1.1344411643939116,0.21074617713533517,0.5274377051091989,2.049844140255575,0.12938567917429258,0.09190222722201546,1.3800022317249987,-0.5102408017776596,-0.7214008436563161,0.613810691353512,0.9544459404555234,0.7893212587479019,-0.08739622710365254,-0.3247045558268782,-0.3043977330473934,0.6925339110879979,0
0.8530127518051386,0.9802085196628456,1.0038746524609323,-1.6014324776621007,1,0,0,1,0,0,0.1480240445619179,-0.5152545777716003,0.11162136417060241,-0.5037675533298408,-0.02839904572111322,-0.00694458227637566,0.7977569761914703,0.4118347689449822,-0.24628076819467637,0.8478186033511251,0.9690596425769566,0.026044339566700363,-0.22096715312809678,0.5956075601745499,-0.5686853052342103,0.5878955358578708,1.1314352103593877,1.5661105009029213,0.1590389773671787,-0.12221154853286169,-0.5141764386556367,-1.1349525997407524,0.9274523776845157,-0.02343644963338863,0.26917708947530583,0.12221154853286169,-0.15903897736717942,0.35452284597261524,-0.6847550380510711,-0.600602913536552,-0.2291661016114638,0.22264698661889537,-0.35053634023301067,-0.7638818564886103,-0.9099979779199442,0.03642846678212782,-0.3665044135373161,-0.9381911455531051,0.6643142107675314,1.0817932485192447,1.0069041592986248,-0.14404476195508095,-0.3100054110728917,-0.4038069975366686,0.5489342727313812,1
0.33900750466038404,-0.7719995663965628,-0.4445202009343899,0.3052077222492148,1,0,0,1,0,0,0.03445361152472564,-0.48443655761865106,-0.7455217907937414,0.1391122116878708,-1.3521328215113277,-0.4800744536950901,-0.8172348129230061,-1.0475594827776575,1.1040559593735362,-1.0083566877908068,-0.3839936663017284,0.46293129615843753,0.645463767493255,-0.9954769022307574,0.20761149855904681,0.31847223730420693,-0.6041327845182822,-0.4878757806611654,0.7686432489180746,-0.13094794135889734,0.14171610970813311,1.6457889073193432,-1.1892475974119554,0.7631771038122434,0.022894830152588783,0.13094794135889734,-0.7686432489180752,-0.5367575899491508,1.3165582532877582,3.211295423969107,2.9535838535734187,2.4585916974637634,1.833809897011603,2.5528593411466898,2.227531611866718,2.2481575875342377,0.40174179947141603,2.096873081001942,1.056938345566843,0.1949929032755093,0.49921072468027106,1.4081250929740707,0.7336338664601519,0.7294586176410672,1.3994859768436472,1
0.15910566815972013,0.05256894469021735,-1.168717627632051,-0.13478617003801185,1,0,0,1,0,0,-0.3945902466157784,-0.254755086667425,-0.5024513438635544,-0.2011337845591269,-0.1581902790310473,-0.040484034409082256,-0.5074809616429465,-1.4965917826958262,2.030701797159189,-1.2658890721104221,-0.08928094813382861,-0.26379292492150364,0.09269062054122267,-1.1923022548205102,-1.1345471235606044,0.08094174821872015,-1.0046914596428245,0.07537592264133143,-0.35307242775419667,-0.009609152108405178,-0.4856697339268666,0.9175547869088886,-2.694698734662142,0.7138996148935034,0.1896595229208898,0.009609152108405178,0.35307242775419595,-1.2609229441355856,-1.3101654415944555,-1.3738997123145495,-1.1292943027395286,-1.39883963574952,-0.37153966943728567,-0.9541866793037505,-0.9284540343304539,-1.2864749325462383,-0.47058938433204756,0.8322629866040054,-0.04653640119968508,-1.419616602599072,-1.1084851516111824,2.1558857530129325,-0.48149543320273464,-0.5429799678216537,-0.1469716669968365,1
-0.14929748012713334,0.8513696898055362,0.5693561964423357,-0.4281154315628296,1,0,0,0,1,0,-0.6848257977108253,0.05691394733221332,0.39307135535292426,-0.5807279572428522,1.3711220965454298,0.4925696581534012,0.1316460985935967,-0.8063581466468657,-0.18426909308829204,0.6005453270708274,1.1284886234869747,1.0520571668481622,-0.5792532915915957,0.11870735943499465,0.92014833473776525,-1.17178092442727,1.2755801133546574,0.7276486217723733,0.8355570349801581,0.6061852033378367,-0.06444610985446154,2.0285362644444915,-0.9256247996249981,0.4535454122320057,-0.7566832255039656,-0.6061852033378367,-0.8355570349801588,0.2152602778598393,1.0351235716932352,0.4228781436696212,-0.2830015203392186,0.22264698661889537,1.250967511592968,0.5954383064766764,0.22043547722377976,0.9149190053986201,0.0151404793766993,2.096873081001942,0.3564056569207693,-0.19862604892144883,-0.008482709938082702,0.01457113562891996,0.2044646553166367,0.5704037944582268,0.007674097387211866,0
-0.020796168340944693,-1.1842838219399534,0.27967722576327125,-0.4281154315628296,0,1,0,1,0,0,-0.21792512855792381,-0.3919824971598031,-0.438485436776663,-0.23527411411452293,-0.2715253209509016,-0.11963714144226982,0.37323587298984634,-1.2395914404661754,2.446725259914558,-0.5151126090901139,1.555718143396473,0.5425152802537898,-1.055171257831473,0.32963062905918833,-0.007994599443622305,0.5179222598415197,0.34344654731454854,1.190236969560324,1.465333844976243,-0.7133741297612541,-0.1896305263242042,1.6933693398752807,-2.824293473176206,1.0364396198202048,-0.8604750392655548,0.7133741297612541,-1.4653338449762439,0.43410145632277314,0.13721292089166215,0.45861875201650304,0.6721926233732368,0.7956535373806658,0.7446372539899067,0.24589883599988818,-0.38268208047680763,0.4941294196747537,0.5008703430854462,3.2350221659600846,3.0705625389774123,0.5469345546516133,0.9645963730804287,3.7420447288529415,2.673920973986373,2.3796524081630324,2.636652091916034,1
-0.7147032519863632,-0.7977673323680251,0.27967722576327125,1.0385308760612593,1,0,0,1,0,0,-0.7731583567397526,0.39126039238779553,-0.2210013526812325,-0.39556006812883987,1.504439193439837,0.6066037954046036,0.4187128854846042,-1.1556753203225612,0.9410695427011933,0.32444835484960066,0.441017451589456,1.0698813021879345,-0.338272760289451,-0.10187539819583775,0.023812825383954336,0.7069631823304823,0.1746296813425466,-0.21723374976218496,0.3758588387947461,1.0864182721050466,-0.6840231573841851,1.6100558113837582,-0.5760437719160877,-0.2651489930133837,-0.7854307618456778,-1.0864182721050466,-0.37585883879474674,0.0759977097470634,0.26586877533487285,0.7549408866742913,1.0413497803635572,1.0760609983917457,-0.5605696322757617,0.758556726032511,0.6218547041523672,0.8839134569768611,-0.9023492631842669,0.6636483073509472,-1.5772093767012834,-1.5708897685414331,-1.5503664743345644,-1.175048096251087,-0.5729567783386508,-0.1099973936017002,-1.2810406058131916,1
-1.2287084991311177,-0.2824120129387873,-1.6032360836506476,1.0385308760612593,1,0,0,1,0,0,-0.596493238681898,-0.09368732096238805,-0.4001058925245282,-0.27346499124428797,0.4093917626177467,0.1392874290222251,-0.8672915432741032,0.12215295544033716,-0.19153990733166507,-0.5058244001702171,-0.1429160162962597,-0.8558273903492055,-0.8820925111197554,-0.357331019201894,-0.7146479402410431,-1.0374838969137625,-0.2836911797132513,-0.16871490456080562,-0.9306920144830665,-0.24419747799268982,0.8489490590561133,-0.8835773831480733,-0.7807297918854726,0.4020328139541726,0.0210805540229536,0.24419747799268912,0.9306920144830657,-0.3139374809687093,-0.6347222057676005,0.13630344765189217,-0.43158727602782254,-0.5112890635057554,1.0776900456576979,-0.709509049969999,-0.3747723420151606,0.015758101167622184,2.4437897979204335,0.19995793940503753,4.71274149282681,3.334682898446541,3.376140187517609,4.059276524020944,3.4970730802096184,3.632209140727898,4.801692793292712,1
-0.4063001036995106,-0.4370186087675581,0.5693561964423357,-0.8681093238500562,1,0,0,1,0,0,-0.33149556159511606,-0.3175540711300387,-0.3361399854376369,-0.32033561317627235,0.004954606457922606,0.0033408497109876974,-0.651111345366297,-0.8680202146755368,2.4716605438347496,-1.075331488360022,-0.1950131989742421,-1.6641202639865853,-0.3572482193527349,-0.5308559616146745,-0.30865222200346343,0.2008843313318109,-0.5801773643134875,-0.7727452448208249,-0.9609518129377761,-1.3166012534636966,0.3749611535789879,0.8821839653510954,-3.1769733847630537,0.8774095231360413,-0.5009086192835401,1.3166012534636966,0.9609518129377754,-0.3766056366194584,-0.09061515468485622,0.6958064255912674,0.7021866423787,0.4146651392677867,-0.048613482921555526,0.18764225758709038,0.7741171695390731,0.9149190053986201,0.5841383197212315,1.1863538130354276,0.8353745184601769,-1.112748180258855,-0.7530997473783346,2.6951798047985354,1.439192814651505,0.793080546914203,0.038603250264021984,1
-0.14929748012713334,-0.6946962684821769,0.5693561964423357,-0.13478617003801185,1,0,0,1,0,0,-0.81101516775215,0.8349235881745941,-0.42569225535928473,-0.24221790995629838,1.8537396502128838,0.8293057575657754,-0.42753465338974295,0.5354388300478823,0.5387247805939378,-0.5206697141348215,-0.003739878467888889,1.85107356260792,1.1243770243895537,-0.03912700837141175,0.7442542105997455,-1.0946478743316448,0.31201333011111493,0.22443868908873077,1.1360522199736263,1.3979208031972914,0.555402097140605,0.010670932100335574,-1.8364703687236383,1.0127782701127943,0.2239827216212972,-1.3979208031972914,-1.136052219973627,-0.016844002328120476,0.7328418766472664,0.1120431559255237,-0.4803980556743208,-0.33681330998775105,1.0846911553924563,0.7766809948720481,0.25888559474567524,0.001977857424619528,0.7321702781848496,0.2421116092183019,0.7137316329898516,-0.43273928192748307,-0.027286170479503748,1.8562779464653756,-1.30464753942598,-0.914107888581614,0.9183658209821618,1
0.3647077670176212,-0.02473435322416849,0.5693561964423357,1.0385308760612593,1,0,0,0,1,0,2.6970493193966774,-0.7536581298981894,-0.6943490651242283,0.01875308376376277,-2.032105687145024,-0.5941085909462925,-1.0431198003480675,-1.4611003909556317,1.248430428547295,0.32374661950391426,0.7558790908897803,-7.981567197415583,-2.595645692060425,-0.297212818626282,1.0690669207278654,0.02398488666104536,0.511442221095179,0.9094816554697435,-7.823874102466001,-3.126282624571021,1.1535119283158102,3.0763739128345486,-1.6825437204903795,0.06977655506213656,-0.09474801773906164,3.126282624571021,7.823874102465999,-0.48105256270404034,0.5660657690356972,-0.9190192424451392,-0.7675202888890147,-0.5454256239766699,-0.24551969421163483,-3.482522182419184,-2.2019219266556282,0.7598912632898273,0.6396503041450882,2.096873081001942,-1.0805009276974533,-1.657331577651353,-1.531563013793144,0.41111087958892223,1.439192814651505,0.013711913318286572,-1.6934293108373202,0
-1.1259074497021662,0.33601437037629844,-0.4445202009343899,-0.4281154315628296,1,0,0,1,0,0,-0.5460174906653681,-0.1843969651861634,0.022069094248954552,-0.4794642678836267,0.7118913981583822,0.22872596804277603,1.1470664406058044,0.39043112006349595,-1.1933531123422654,0.67309078252299,0.5093392533304335,-1.117868038309823,-0.9916012842628554,0.5942884393288252,0.49022553302500343,-1.4892580033997274,0.4906392400160363,0.5056081089914974,-0.8901438845537553,-0.6418048099999482,-1.0012178020652611,-0.04478178782488489,0.134793012215393,-0.4227927513053772,-0.16853806491406756,0.6418048099999482,0.8901438845537545,0.540206270122983,0.44098368832702045,-0.024420985035299388,-0.7890544563801164,-0.5738727577024317,1.487254965141063,-0.8998138727851392,-0.6331571317622975,0.03642846678212782,-0.6556293324115703,0.7058019771642122,2.325499865471665,2.059666214075218,1.7120339296018936,1.6800380602609295,1.8507688677631275,1.5910055765481175,1.605680329355712,1
-0.27779879191332196,0.15564000857606544,-0.15484123025532542,-1.161438585374874,1,0,0,1,0,0,-0.6974447347149578,0.08889491164187771,-0.4128990739419065,-0.2508976547585177,0.7506247552565437,0.26226542017548266,1.112061045391635,1.3922703506142382,-0.35007039438841103,1.4357868105740634,-0.0267935048791213,1.2357441640993994,0.954383202939403,0.3699314133892109,0.8176327569551686,-0.2095848044678304,0.997475506307841,0.23406642617539938,1.7993635828123495,-0.09917924017331377,-1.176716844694819,-1.09184820288991,0.26794544034791223,-0.9505757144748164,0.263353176407656,0.09917924017331377,-1.7993635828123504,0.9513624235987976,1.6381978893957845,2.0701952738395577,1.6135433736985547,2.0391996688211056,1.0596871920540336,2.9257014429885966,1.9111420734008362,1.6457640753400722,-1.2200011740541141,-1.2416975682086098,-1.1443634425693747,-0.8534227529290943,-1.1254082660984612,-0.1916295312302808,-0.7010026615289333,-0.8213259083916238,-1.0748462533011267,1
1.0586148506630406,-1.235819353882877,0.27967722576327125,-1.6014324776621007,1,0,0,1,0,0,-0.6469689866984278,-0.01751447869755106,-0.6175899766199587,-0.09061170074420077,0.14430935650958832,0.0565567804282155,0.5310067303948507,1.2189311540865253,-0.2821120467122832,1.159711255753312,1.1695950537308635,0.6809306287512444,-0.8169436275114783,0.3378918771596082,0.6746031853189753,-1.0694998982057244,0.9446087279162887,1.0987010365010634,0.3364370458079154,0.595033997706013,-0.4007602023517424,-0.9972186007777053,-0.6890876368545653,-0.6300372433064484,-0.44786313455801574,-0.595033997706013,-0.33643704580791606,0.4473645580477994,0.8162299304530506,0.475947531821052,-0.18609776662925942,0.19419985289313407,1.8023049032051899,-0.35608580759902425,-0.5408768497097485,1.069946747507413,-0.38732140769626244,-0.9381911455531051,-0.02220782410562002,-0.37367071236903754,-0.5838686025055501,0.6014499566897238,-0.20711139779498602,0.06938110143228039,-0.1469716669968365,1
-0.4063001036995106,-1.0039094601397194,0.5693561964423357,-0.4281154315628296,1,0,0,1,0,0,-0.33149556159511606,-0.3175540711300387,-0.8094876978806327,0.5817791966010566,-1.5270391461761088,-0.6938325619542068,-0.35658312539938714,-1.520284179775589,1.9168662677822867,-1.3807273935969244,-0.671378468815497,-0.7592166547204842,0.4054133208357711,-0.4975689081662472,-0.4627202918081567,0.4141393883311052,-0.37386790085405114,-0.5890498334887228,-0.9053494332772469,-0.13756642077256032,-0.0013274743005415232,1.6230947172655625,-2.2042502576360743,1.4945526209920779,0.2977323777139072,0.13756642077256032,0.9053494332772463,-0.3572636132704617,-0.26781476902214846,0.6174659002248687,0.7542275471488633,0.554530213419448,-0.2805252428854266,0.051710241290561454,0.5664865349208381,0.8976937007198638,0.08453045990652028,1.717490052682561,0.38833691435672935,-0.8663890242955825,-0.29617565622181696,1.7117612397777302,-0.12479618717266176,-0.2089648391376897,0.47161139053935697,0
-0.14929748012713334,-0.02473435322416849,0.5693561964423357,1.0385308760612593,1,0,0,0,1,0,-0.81101516775215,0.8349235881745941,-0.6943490651242283,0.01875308376376277,1.2208646399555152,0.6276218520744331,-1.5243700819509942,-2.013266133817868,-0.220095425343592,-0.458950275577362,0.11664917016290874,-1.1813999849824113,0.05990467868688953,-0.03550921779349932,0.8187488642172922,-1.1730924317736406,0.21448366926043855,0.18705007628281253,1.2234273880116,-2.824669062719801,2.084193314208104,3.58347558958628,-0.8779669416445838,0.832690548231155,0.030968358929466522,2.824669062719801,-1.223427388011601,-0.06326485836571254,0.7161642658861095,-0.09113678728281299,-0.6770767854263857,-0.5624939042121272,1.0146800580448727,0.6769975162545934,0.12354118106860354,-0.23228628620644656,1.611110031562582,2.8556391376407038,-0.6243401071837319,-0.944186652494511,-0.6007917169928287,-0.2233527107470814,0.6160407084282594,-0.5429799678216537,-1.3841377820692236,1
-0.27779879191332196,-1.132748289997029,-0.15484123025532542,-0.4281154315628296,1,0,0,1,0,0,-0.6974447347149578,0.08889491164187771,-0.5664172509504457,-0.1808810466872818,0.4742445592557529,0.20815510406804932,-0.21019025160404187,-0.011573866444164941,0.8390323774211549,0.20301313666667273,-0.2172251574562804,1.3542809114137866,0.78501643204199,0.4591979774962148,0.6704143799965177,-0.3150785140984162,1.1931650565904006,0.371177980289052,1.6693198303085888,0.1914665557924087,0.7510998700029503,0.6874919035815078,-1.4636088882985918,0.9088643953149022,0.6447863973252738,-0.191466555792408,-1.6693198303085894,0.876757476395525,1.2227466927562505,1.4804752361160003,1.0575004059818838,1.5667740551611347,0.7783926044967775,2.1246734898126243,1.2585886503149546,1.2249744896162058,0.6396503041450882,0.5793409677244183,-0.14211295406922575,-0.8608320508528018,-0.4920002667174667,1.2268497814494987,-0.5598908718906624,-0.5429799678216537,-0.19115617110656447,1
-0.9974061379159777,1.0575118175772313,-0.4445202009343899,0.3052077222492148,1,0,0,1,0,0,-0.785777293743885,0.5819832340890667,-0.6687627022894718,-0.01480859613815197,0.8587817008212933,0.4590302060206946,-0.15810011869217128,0.517076347673019,-0.512220649667189,0.49647765120324694,-0.38492795845688804,-0.3538124055330697,0.025193466635508154,0.06526725195640086,1.483792035804628,-2.10773765096376,1.573186914760195,0.5043704985324226,0.23272740579640636,-0.7133741297612541,0.28505633275933834,0.7767267740766969,-1.4178502821860322,0.8892359383130953,0.9928448222770464,0.7133741297612541,-0.23272740579640636,0.2152602778598393,1.6918044954137887,0.6275743551108558,-0.6512357844370638,-0.05044549714841698,1.9913348660436665,-0.13859458152457876,-0.26403600355210183,0.7598912632898273,0.5206960518082521,1.1213167224663911,0.9396398488633129,-0.02728603443571433,0.3299795798074865,2.541095790002649,0.2632612343325826,-0.06581549827313367,1.3111169686241912,0
0.5960101282327613,-0.41125084279609675,0.5693561964423357,-0.8681093238500562,1,0,0,1,0,0,-0.2810198135785862,-0.3576756445367086,-0.3361399854376369,-0.3180210145623472,-0.05778590777992806,-0.02930421703151339,-0.7851594709495396,-0.1622016157039905,1.4776015917487328,-1.2002265850119906,-0.36051310231996,-1.9235803619879583,-0.2607408874257926,-0.636799411066901,1.0690669207278654,-0.8725583045245437,-0.5130219897434034,-1.2048484876815277,-1.19191554383536,-1.4414068652642016,0.4555008888965903,1.2935945805042428,-2.8967678227119267,1.112724861017901,-0.7076153539981364,1.4414068652642016,1.1919155438353592,-0.6203151308168162,0.9413120111617277,-0.10023439668020068,-0.5306444464868918,-0.687661292605478,-0.08799472517957138,0.18764225758709038,0.9356076631310333,-0.2736270174354578,0.7321702781848496,1.717490052682561,1.0482495680332453,-0.8145239388296306,-0.37515019049578224,2.208757718874266,2.2623449208747504,1.4982235963581267,0.05922268551522836,1
-0.27779879191332196,-1.1842838219399534,-0.15484123025532542,-0.4281154315628296,1,0,0,1,0,0,-0.6974447347149578,0.08017283046651469,-0.4512786181940413,-0.23295951550059776,0.6916351181611442,0.24169455620075592,0.7513276014658272,-0.7565550995012172,1.9020971222366478,0.2868889678122244,1.277610245421231,1.2804855557152968,-0.3835925014147061,0.6674975743490049,0.7173539671145982,-0.4128831875902126,1.2219345143878673,0.38092825071172864,1.8608907768041416,-0.09917924017331377,-0.3777836077744172,1.7570250736112933,-3.0151382719536333,0.8240808605339512,-1.289053596090082,0.09917924017331377,-1.8608907768041423,1.0229831729139398,1.1664597564373458,1.2189189659410893,0.7829397704703327,1.2979486414526862,0.6996301199807459,2.145063292257104,1.1755363964676604,0.8839134569768611,0.029018475482663446,2.7038859263129513,1.9484069205136576,-0.30883935553659736,0.025363519036474696,2.631733445764935,2.097714499630101,2.2404794378780473,1.646919199858125,0
-0.6890029896291251,-0.514321906681944,-0.8790386569529866,0.5985369837740325,1,0,0,1,0,0,-0.16744938054139394,-0.4036119387269538,1.2246281474825116,-0.6773624493742274,0.7282469514819849,0.2130742237141796,-2.039687200285815,-1.1636421425543102,1.7422196278409905,-1.7093474736518468,-0.9196562376376702,0.5688449933238873,0.7351436590258886,-1.1836661313608847,-0.704556201282237,1.092850665243345,-0.7835664655047764,-0.3781930933667457,-0.20147967785109638,0.9756618166055823,1.653529451745925,0.8913264234656093,-1.2834630715084707,1.5322470648175863,0.8263662036207341,-0.9756618166055823,0.20147967785109566,-1.1618917845887227,-0.7681430918568557,-0.46413877257572894,0.13691474573727128,-0.1850952634503548,-1.0156417650350562,-0.1295324471048102,-0.04871534542948758,-0.34252823615047884,2.4437897979204335,1.717490052682561,2.021392651795853,0.8710913388138142,1.5145975939169787,2.631733445764935,-0.20711139779498602,0.29205785388825667,2.945943620684131,0
-1.1259074497021662,-0.02473435322416849,-1.8929150543297122,1.0385308760612593,1,0,0,0,1,0,-0.15483044353726144,-0.4041934108053113,-0.6687627022894718,-0.012493997524226814,-0.8545094670432389,-0.3011973756539882,-1.666916604812612,-2.5783462291357107,0.32775321109095734,-0.4746856073236828,0.0562170186000666,-1.1586351975663263,-0.30830288131104294,-0.5694761216034545,-0.6849905849335319,-0.3554507654068325,0.22496416381618003,0.26564428105150034,0.19034451885671905,-1.7690215962405276,1.7488742854674986,2.8526525848558433,-0.8052433590516352,0.8643402452589091,0.1862650595200013,1.7690215962405276,-0.19034451885671977,-0.2821060368286461,-0.29163992725237253,1.4463592008757944,1.0044340646645253,1.0638693696521337,1.509758532145644,0.24589883599988818,0.17099961183848567,1.4685895129300228,1.7498899926222238,2.8556391376407038,0.2879815338437111,-0.1878208227827085,0.1607484349347019,0.5168548113115892,0.6160407084282594,-0.17185204706169332,-0.2500688432528684,0
-1.280109023845593,1.0575118175772313,-1.6032360836506476,0.3052077222492148,1,0,0,1,0,0,-0.20530619155379135,-0.3989601621000935,-0.7327286093763631,0.08587644356759225,-1.0707561904610863,-0.3731953995655317,-1.3068276272062211,-0.023219065495997858,1.9475803710846145,-2.1425134103383456,-1.5121486058657052,-1.2522047498529882,0.9809031572438974,-1.5493490760265443,0.5462108114115931,1.4095623953817076,-1.9023180181255026,-1.1890850460001048,-0.5972369986170187,-1.1155255455628819,0.2690842859994891,0.5790508963011728,-1.2459333419218899,1.0080914108424675,0.8049571357682405,1.1155255455628819,0.5972369986170181,-1.471364158172669,0.399289661424128,-0.26196967485599043,0.4814614255949037,-0.3557780658049248,-1.0156417650350562,0.4141956180813048,0.8125672870609685,-0.549231892295534,0.5355653333503566,0.9587239960437993,1.0520509082041947,0.15794641365697218,0.5626724040075652,2.1558857530129325,1.0276167615398821,0.5008173093157343,1.322163094651623,0
-0.14929748012713334,-0.41125084279609675,0.27967722576327125,0.5985369837740325,1,0,0,1,0,0,-0.4198281206240434,-0.24138122886520175,-0.3617263482723934,-0.3139704669879782,0.09866791162471487,0.05700397312331826,0.13364750327537567,2.6958965372733514,-3.0107958411294553,0.3999117371846082,-1.0670729480290115,-1.5727013864566581,0.3986544577182159,-0.1804799274748194,3.0876118167655457,-3.4913214126015655,0.10567131325708344,-1.9073068576100791,-3.0932589440463394,0.9228794432816189,-0.36617352364808264,-0.607100865145548,0.6074174591705921,-0.43547309142769414,-0.4748668259336699,-0.9228794432816189,3.093258944046338,-0.10968571440330459,3.067707383209234,0.29399534387328785,-1.628886988533096,-1.512628170652567,1.5397632881517511,-0.7638818564886103,1.1201682272361313,0.9665949194348847,-0.22078545442469194,-0.4070549059059717,0.6437869738444144,0.8840576101803024,0.6345956405784983,-0.28679906978068154,0.03983423407198747,0.5704037944582268,1.0283361423219313,1
-0.07219669305541997,0.49062096620506923,-2.327433510348309,1.0385308760612593,1,0,0,0,1,0,0.9556360128263961,-0.661785541517699,-0.08027635709007157,-0.43317229560512366,-0.5675133627180606,-0.17419465024480588,-2.318882203118635,-3.6818481801249887,0.5849065261044839,-0.9238985042063892,0.2533622062240089,-0.3736586304599123,-0.4370763397583558,-0.5098511522105948,-1.8458304885569876,-1.0592600971694592,0.47598056509253905,0.6357003420489015,0.33643704580791395,-0.8432999717894719,2.715024887392141,3.204339711545372,-1.8640410586704104,1.720101454780244,0.29125437822909583,0.8432999717894719,-0.33643704580791395,-0.06326485836571254,-1.4977885626574707,2.265144046640733,1.2028560365468226,1.3747559025122433,3.220029624493761,1.2071323798110556,1.1201682272361313,2.1551409422689627,3.0187353508818076,3.6144051942794655,0.8614408510609602,-0.3421811961932803,0.3299795798074865,1.5894004044986436,1.674379130715289,1.2861504987810075,1.1343789521852785,0
-0.9974061379159777,-2.060387864969657,-0.4445202009343899,-0.13478617003801185,1,0,0,1,0,0,-0.785777293743885,0.5988459243614352,-0.016310450003180245,-0.44879583624911845,1.83408812648918,0.8073933155057404,0.06956994752236745,1.1716264144871151,-1.031030478383167,1.1771733226685366,-0.1776528452678514,-0.220029328649173,0.11325357501730464,0.24305646459616262,1.689232344837439,-1.862587404910304,1.5916400499279066,0.46036218918957816,0.13286549185952784,-0.4318681387001157,0.1461204500273723,0.0841418573289715,-0.46226751101502217,-0.012042186060373725,0.6804114750817366,0.4318681387001157,-0.13286549185952856,0.32667033235006016,1.7668537438389946,0.381938901381374,-0.6899972859210471,-0.08458205761933026,1.4557499713346498,-0.38327221085833024,-0.4855086804782194,0.44983577907224165,0.22331042096616224,0.19995793940503753,0.36780967743361237,0.060699378408311896,0.05497896938921152,1.402460239488928,-0.5157934376287031,-0.7517394232491312,0.16231986177126023,0
-0.12359721776989524,0.5936920300909173,0.5693561964423357,0.5985369837740325,1,0,0,1,0,0,-0.7983962307480176,0.7354918627754558,-0.2977604411855021,-0.3533186434247058,1.756554244581205,0.8386968041629334,0.5280285609167297,-0.1645760684778566,-0.180962002422925,0.7307199257575493,0.9433799535657539,1.7752906046186148,-0.41589309720011325,0.027715359752151714,0.8831865274236762,-1.3302771813109582,0.3852710522476513,0.16374196279825223,1.0318374740956051,1.3979208031972914,-0.7065437066908384,1.1106426939654768,-1.0894191562001108,-0.6051272972021159,-1.0665779856935296,-1.3979208031972914,-1.0318374740956058,0.04814519612450831,0.8662627627365218,0.11810822885711679,-0.5995537824584191,-0.42594766232847037,1.2037100208833493,0.758556726032511,0.2896456887631914,-0.10826409251941274,-0.7481493064513315,0.7961312696212074,-0.5070416104802029,-0.953448274899145,-1.0963972126916977,-0.04207739922250845,-0.20711139779498602,0.5704037944582268,-0.5446322039843892,1
0.18480593051695732,-0.05050211919562982,-1.168717627632051,-1.6014324776621007,1,0,0,0,1,0,-0.40720918361991093,-0.2640586399211456,-0.5152445252809326,-0.2022910838660895,-0.16304843508461828,-0.04674473214052082,-0.4308608354373432,-0.024427778786633252,0.526257012370225,-1.7496846337150442,-0.4839600486695441,-1.6928985027666077,-0.20588586772387163,-1.3064067764427691,-1.0311945212017226,0.25421896084487916,-1.3505602951709188,-0.4362291383847302,-1.0255223183500044,-1.2918110976951038,-0.7062237781088254,-0.999500141127139,-0.4639454267583888,1.0245185899725424,0.20327891716045857,1.2918110976951038,1.0255223183500037,-1.3166279713806959,-1.1600669447440433,-1.0099953364190213,-0.7416792878996918,-1.176951992688579,-0.40304466324369825,-0.7910682597479163,-0.4301405112466897,-0.728375060954584,-0.6093693453916895,-0.8623145398892288,0.36096726512590627,0.054216242725068246,0.46536449570571364,0.12560226393772106,0.7806711296729086,0.18071947766026855,-0.023255055489598248,1
-0.020796168340944693,-0.02473435322416849,1.0038746524609323,0.3052077222492148,0,1,0,0,1,0,-0.6469689866984278,-0.015188590384120923,-0.31055362260288033,-0.3446388986224865,0.6819645557801033,0.2546631443587358,1.2695784121762577,1.6396156366282941,-0.6006385321172492,0.6594093539775664,-0.5941989347645859,-0.37502982418213093,0.10507179106234929,2.0666195854310545,2.3555253151500186,-0.7338938738050549,1.240492148914172,0.4103504010347517,0.8847583482611019,-1.388988508307989,0.29956225243059403,0.10928963396803534,0.0836004281955134,0.33923128456438706,1.1731150150456764,1.388988508307989,-0.8847583482611027,1.6775172430439866,1.879427616476804,-0.48688279606919943,-0.7675202888890147,-0.2894014204448148,-0.16675720969560312,-0.42405181574728873,-0.8177176958673952,-0.6353584156893081,0.1770504339462815,-0.010810409661285101,-0.320232893507918,-0.23104172733766892,-0.08369655210376448,0.5521027885524781,-0.20711139779498602,-0.7903985816616271,-0.2500688432528684,1
-0.14929748012713334,-0.1535731830814779,0.27967722576327125,0.5985369837740325,1,0,0,1,0,0,-0.4198281206240434,-0.24138122886520175,-0.7071422465416066,0.05925855950745297,-0.6772137489839177,-0.2314353152179585,-0.1299743730110726,1.4265103845102416,-0.9269052445520951,-0.917116916476276,-1.6642135864156453,-1.95888925610291,0.7821822600960228,0.012498120520440551,3.4179191633898944,-2.7211354057153505,0.3022633388517561,-1.3373408534971518,-1.2649401125490116,-1.417139107414103,0.19322050436210642,1.466066115429321,-1.4673681366335944,1.5386849394019837,0.8579061176429598,1.417139107414103,1.264940112549011,0.0759977097470634,3.3804125849809257,0.2864140027087981,-1.2197378062021575,-1.05747403104038,1.250967511592968,0.3915402820318834,1.2585886503149546,0.44983577907224165,0.19555442875423396,1.413983630027056,0.0963939892279486,-0.6848612251647502,-0.093098282374475,1.2359135470257274,0.7806711296729086,0.1250502895462747,0.34789477903211874,0
0.6988111776617119,-1.132748289997029,2.1625905351771904,-0.4281154315628296,1,0,0,1,0,0,0.07231042253712305,-0.49432158295072914,-0.5920036137852022,-0.15947100950847412,-0.8223920164621596,-0.2569252988388155,0.41778191053034197,1.5793856796602161,0.446526144345976,0.848957594110615,0.14600276125231262,0.5269758607362905,0.2142969225459261,1.1619863841852722,2.620686264466278,-0.8369054096231454,1.8075309816622753,0.6120417206595931,1.0345842828972671,-0.30735587342307225,0.5801071872782285,0.4575895582028292,-1.4514254238565738,0.6454298408169414,0.40772887571505856,0.30735587342307225,-1.0345842828972678,0.911573118423719,2.1504387913456036,-0.4237049530317815,-0.7675202888890147,-0.09027148436448348,-0.2105141455378431,0.4141956180813048,-0.04871534542948758,-0.4803306735805153,0.5008703430854462,0.38964945356472797,-0.08835114308010912,-0.8145239388296306,-0.5373300376655346,1.2041903675089267,-0.10421738451708033,-0.26463402725168356,-0.3789403135729091,1
0.4932090788038099,-2.060387864969657,1.0038746524609323,-0.13478617003801185,0,1,0,1,0,0,-0.06649788450833415,-0.4379187913500483,-0.016310450003180245,-0.44879583624911845,0.04055967596660199,0.010048740137529016,1.8282297882318361,2.3404617985568636,-1.1383313492316216,1.281057854767767,-0.24963774548735973,-0.009627092540939,0.9206714131528195,2.727002543237597,3.1759773014847914,-1.9841722708337224,1.8455966257763532,0.40657005828467707,0.8763442106275502,-0.882277724397939,0.18259078532824066,-0.030732928904694246,-0.4377646906179997,0.09943550655301722,0.7214778248571447,0.882277724397939,-0.8763442106275509,2.826433429974388,3.286601024449418,0.4797382024032975,-0.686767160797382,0.009293483675682786,1.4478737228830472,1.309081392033452,0.9125375926178964,0.7598912632898273,0.1770504339462815,-0.010810409661285101,0.06496957714811408,-0.1734138545977223,-0.12130347318660537,1.0808224471658148,-0.39003408806681844,-0.7903985816616271,-0.1813373924155138,0
0.18480593051695732,-0.12780541711001567,-1.168717627632051,0.5985369837740325,1,0,0,1,0,0,-0.40720918361991093,-0.2640586399211456,-0.822280879298011,0.7345427051201168,-1.6094311841376534,-0.7707497055118806,-0.8203748771330346,-1.3133164729435332,0.9455658792895654,-1.0457751004156068,-0.32668617179840803,-1.1703428025231692,-0.24416499733464056,-1.2616387411576395,-0.8186433102115357,-0.036226652699922264,-1.1254150687676536,-0.39106984085511176,-1.0117882743416888,-0.5927287050207662,-0.11986332793663866,0.9824691779117867,-1.329024525911656,0.29683237542946167,0.04290443908172373,0.5927287050207662,1.0117882743416882,-1.2887754577581405,-1.009968447893631,-1.1009714303929035,-0.9484072958142716,-1.2793616741013212,-0.37153966943728567,-0.8726274695258333,-0.5408768497097485,-0.8523972546416179,-0.1375174777889068,0.8828473903799233,-0.06782390615699217,-0.7367263106307022,-0.5838686025055501,0.9821281108913258,0.28677986593896093,0.013711913318286572,-0.332546584257695,0
-1.1773079744166424,-0.02473435322416849,-0.4445202009343899,1.0385308760612593,1,0,0,0,1,0,-0.43244705762817587,-0.23672945223834146,-0.6687627022894718,-0.012493997524226814,-0.5100671663237657,-0.17240587946439487,-1.4969132821245028,-0.26065730649587765,-1.4387781039243974,-0.735394157031871,-1.4418768641961677,-0.11782274913024869,1.2967474374410553,-0.388925985927763,1.1606697089192728,-2.6729432952705094,0.616571677771275,-0.8932629929013401,0.8847583482611033,-1.0381887348318,1.6928840951397532,1.5204937682553727,-0.7191923666617095,1.604851983741613,1.002413087731731,1.0381887348318,-0.884758348261104,-0.08315951095325189,1.7454111014317928,1.4333626160223831,-0.4352788475977262,-0.17967676178830497,2.4549083463380246,1.7605698747326368,1.3574603810855428,0.6713039820848031,1.3613061016552261,1.1863538130354276,-0.44187577897824326,-0.723760039264214,-0.11002139686175369,0.15732544345452057,-0.5363722402842841,-0.9883334727336057,-0.5799798072721716,0
1.0586148506630406,-0.1535731830814779,0.27967722576327125,0.5985369837740325,1,0,0,1,0,0,-0.7100636717190902,0.0836616629366599,-0.7071422465416066,0.05925855950745297,0.10871813978045095,0.018545401344481353,0.2626435183383514,-0.5930846337899869,-0.1468039726744792,-0.06123246864863179,0.1644535396503651,0.022604327246045674,-0.4220198412660956,0.5161085686863516,0.8274403920567313,-1.4372221824201052,1.1935576042047946,0.889134650409125,1.2234273880116,-1.1825507815298206,0.15047739500802776,1.6429388930783415,-1.2435837395451101,1.2662324038858468,0.6542692742907009,1.1825507815298206,-1.223427388011601,0.6609004958207222,1.0163612595869336,0.5911839175213025,-0.3023822710812103,0.17144214591252482,1.8968198846244282,0.6769975162545934,0.12354118106860354,0.8219023601333442,0.22331042096616224,1.717490052682561,0.3518440487156324,-0.37367071236903754,0.12690220596014448,1.2041903675089267,1.1922471827845313,0.6260729825722207,0.5953280020465953,0
-2.0511168945627247,0.6967630939767645,-0.15484123025532542,2.2118479221605303,1,0,0,1,0,0,-0.00340319948767178,-0.45361853746570174,0.06044863850108935,-0.48930131199280863,0.04597762554260087,0.029278026026947467,-0.6166452399800573,-2.250580752627905,0.5705391659257594,-1.380544931775177,0.03371314392193012,-0.21389651979882815,-0.6566933759040664,0.18899428767207313,-0.14907233167005918,-0.23959959672619865,0.0450153741395035,0.7305491841674067,0.6912331826893902,-0.9772859963810728,1.0463010823919434,2.9396553235142293,-1.020720640808521,1.9096636119243844,0.6694103502461124,0.9772859963810728,-0.6912331826893908,0.1317027369921738,-0.18442671521636386,-0.13662483426975403,-0.23777976860790415,-0.20406001926752979,0.7626401075935709,-0.709509049969999,-1.0391903727935126,-0.35630847989348147,0.77843026520473,2.400379503657447,-0.48749186102961545,-0.9052878383950472,-0.194636969298146,-0.09645999267988113,0.12214944469431245,-0.32030321536567735,-0.5799798072721716,0
-0.14929748012713334,0.6967630939767645,0.5693561964423357,2.2118479221605303,1,0,0,1,0,0,-0.6848257977108253,0.05691394733221332,0.06044863850108935,-0.48930131199280863,1.1681743538733984,0.42191321232716605,-0.35665503908487145,-0.8824842706806805,-0.1898244882029183,-0.4901281961131306,-0.045893232856149255,-0.11285588642128523,0.36430931091077295,0.5322942060545099,1.8570446393737141,-1.3474595438793198,1.4742412076922917,0.656287182383919,0.8915886482224574,-1.0381887348318,1.0277996126521478,3.071583909590671,-1.0945704585643032,2.1239639181500474,0.7004001480409766,1.0381887348318,-0.8915886482224581,0.6887530094432773,2.067050737539819,0.6275743551108558,-0.22485926811324272,0.3591932285025509,1.3927399837218248,1.247911984700014,0.8433273810784847,0.9459245538203791,0.8616982418405155,2.7038859263129513,-0.22291858513165644,-0.7367263106307022,0.05920974801103089,0.062155904904119784,0.2044646553166367,-0.26463402725168356,-0.2706882785040748,0
-0.12359721776989524,0.6967630939767645,0.5693561964423357,2.2118479221605303,1,0,0,1,0,0,-0.7983962307480176,0.7354918627754558,0.06044863850108935,-0.48930131199280863,2.080740265303444,0.9437870875120807,-0.9620054146722369,-1.8000843221450005,-0.22467517078680027,-1.455253617283145,-0.6580630217307808,-0.20099647359638143,0.3225480716064885,-0.17602365638076486,0.8968487865604282,-1.36186964518674,0.43390833988268407,0.034252538669153974,0.8686312511301267,-1.1356331163529647,1.1618111834778664,3.369115650508811,-1.0614091700764439,2.3962098340436206,0.8889550948161801,1.1356331163529647,-0.8686312511301275,-0.23037994010104354,0.7161642658861095,-0.2548937564358004,-0.8967252938356269,-0.6990401460957827,0.7626401075935709,0.5138790966987595,0.12354118106860354,-0.5423417704240322,1.0004782029001573,3.007392348968456,-0.17730250308028428,-0.6848612251647502,0.2115177783965368,0.062155904904119784,0.5337254978059351,0.013711913318286572,0.038603250264021984,0
-1.6656129592041589,0.0783367106616796,1.0038746524609323,-0.4281154315628296,1,0,0,1,0,0,-0.356733435603381,-0.27743249772336886,0.8024531607090287,-0.6391715722444624,0.7983468882662952,0.2806003206746956,1.1859510079579985,0.5875435085367453,-3.8973403046195054,0.36311800656313997,-0.9540019697574738,-0.4516259426725083,1.1160707535713243,1.30591564866204,0.26666398068804187,-3.7290421809663816,1.3546159866022243,-0.7818806004390573,-1.118227115406131,0.4930801176436292,-0.3442382168057003,-0.5392837823908008,1.5804669936736884,0.8526650236886713,0.4768950582335304,-0.4930801176436292,1.1182271154061303,1.4129183636297125,0.41596727218528484,0.48201260475264507,-1.6461143225259778,-1.1598837124531223,2.4008997855270304,-0.05703537174666111,0.5664865349208381,0.2638024885416898,0.22331042096616224,0.19995793940503753,2.7056338825664352,3.3995142552789814,3.714602477263178,-0.3819686083310823,-0.20711139779498602,0.013711913318286572,2.945943620684131,1
-1.922615582776536,-1.3646581837401863,-0.8790386569529866,-2.334755631474145,0,1,0,1,0,0,0.17326191857018283,-0.5204878264768181,0.188380452674872,-0.5338573353108679,0.004954606457922871,0.01228470361304279,0.4850719398266541,-1.398529263987912,-1.0034187636776135,1.1444630896346109,0.8567999440599562,0.013054473114582384,0.1634930265800405,-0.5354302789950744,-0.3081918569524278,-0.5243311686329687,0.32917973914043086,0.23681574189844237,-0.2645441656443792,0.28017642692511974,-1.2094999662785564,1.6107854680823313,0.8448048065038669,-1.2196868050286247,-0.8826774103621966,-0.28017642692511974,0.2645441656443785,-0.6203151308168162,-0.46586139681088673,-0.6119749252832872,-0.7675202888890147,-0.6094316748596337,-0.009232240663539667,-0.5260008279696852,-0.4716666381703368,-0.6353584156893081,-0.8175392869811524,3.2350221659600846,3.2758349082085867,3.3995142552789814,2.445368890717294,1.3628062650929278,0.6160407084282594,0.848749735028197,2.7912978563000825,1
0.3647077670176212,-0.41125084279609675,-0.15484123025532542,-0.4281154315628296,1,0,0,1,0,0,0.021834674520593164,-0.4512926491522716,0.15000090842273722,-0.5147618967459854,0.08740219757849423,0.05074327539187969,0.6224335110829529,0.19206297708438208,-0.051642402687960366,0.6983951002223191,-0.06716486391973163,0.9478910420370021,0.5399056190369831,-0.36318732943417376,-0.4839031555971221,0.5110712772168275,-0.35987272782732727,-0.4549317553951436,-0.5972369986170187,1.8851427108031107,-1.2284014491373478,-0.7483760219878323,0.5841742405820036,-1.300330360354276,-0.3568347013022646,-1.88514271080311,0.5972369986170181,-0.3139374809687093,-0.40957446049198204,0.16359627584405784,0.4082452561251572,0.2397152668543526,-0.5290646384693491,0.02452383803125581,0.34501385799472056,0.44983577907224165,-1.2477571662660425,-0.9381911455531051,-1.0075151964152582,-0.5940973255993336,-1.0238695791747903,-0.6040308649486834,-1.5241547677521787,-0.9883334727336057,-0.9511296417938885,0
0.4932090788038099,0.10410447663314094,1.0038746524609323,-0.13478617003801185,0,1,0,1,0,0,-0.016022136491804253,-0.44722234460376886,0.32910544826603294,-0.5593179200640446,0.22450294772252838,0.08830746178051108,2.9569600559175218,-2.7093818548367583,2.08209620684524,3.185397936947506,4.308981588016567,4.5421468301036185,-0.6984032868285122,2.708061412498404,3.1553145648314054,-2.064058160561935,1.855789605725945,0.23256172821577986,0.5791922973583964,5.620510669114384,-1.4058618828879974,6.879636488472533,-4.920474659747843,-2.463097902259004,-5.374835837817264,-5.620510669114384,-0.5791922973583971,2.644618410493819,3.067707383209234,0.20301924989940578,-0.9254375171570962,-0.24198953090187855,1.119696704066248,1.0485450274651051,0.8125672870609685,0.5531876071447698,-1.5808290728091832,2.096873081001942,-3.6350015225742935,-4.380248564613841,-4.408492476630482,-2.4439752769230942,-2.676567716464722,-0.5429799678216537,-2.9305954259097073,1
0.72451144001895,-0.3339475448817109,2.1625905351771904,1.0385308760612593,1,0,0,1,0,0,-0.2684008765744537,-0.3495350354397031,0.4954168066919504,-0.5847785048172213,0.5526964913095123,0.18311231314229506,1.8251158527939175,2.1823202053869335,-1.267740627320269,3.1809962125850384,1.7463344413151836,2.0468543109435755,-0.6224004612162427,1.2347000317169536,3.0376288002922314,-0.9316246794732413,2.4370494295498224,1.2099390968649266,1.5173256805029718,1.2868000172521044,-1.3041702978910248,0.04772687926269117,0.7968509497801972,-1.8807841652640602,-1.0890502695719686,-1.2868000172521044,-1.5173256805029725,1.106540713781605,2.7424939733666744,-0.10023439668020068,-0.5607922809744348,0.3591932285025509,0.25856020669096863,0.5138790966987595,-0.1532996650890431,0.139780294854656,-1.2239663157986753,0.037365212982445634,-0.011781291065306424,0.3987485961774639,-0.4194726332005599,-0.3139903665093679,-0.0895182397630935,0.6499312060496465,0.07395085355180434,0
0.8787130141623758,0.6194597960623787,1.0038746524609323,0.5985369837740325,1,0,0,0,1,0,-0.23054406556205628,-0.37046803026057434,0.5465895323614635,-0.5980874468472909,0.5345956800990577,0.17729880810595924,-1.646439383434838,-0.9776168895039975,1.3420476478591605,-1.1392872251097859,-0.05146532220018671,-0.04099013555537709,0.6378093614751473,0.9407172922782627,-0.5029202274702271,0.8195643131092144,0.7408384619035123,1.1462398644490635,0.27586209560863856,-0.3295023237687909,3.229367675755262,0.8379954177976089,-1.0110409972920973,2.273706277666247,1.185987569571575,0.32950232376879157,-0.2758620956086392,0.6728372873732458,-0.6132795633603989,-0.5421182816961997,-0.0661216906074049,0.23483861535850717,-0.6055767662849225,-0.4531801049536876,-0.6199742343262191,-0.037394267555393414,3.831589408516853,1.33810702436318,1.2915353389738984,0.4821031978191731,1.4299820214805863,1.5214221626769286,-0.6186874509066087,-0.8213259083916238,2.018069034379841,1
-2.0511168945627247,0.3617821363477598,-0.15484123025532542,0.5985369837740325,1,0,0,1,0,0,-0.10435469552073157,-0.4193116848426072,2.1329440281163685,-0.7271263195736183,0.9069164174593694,0.23945859272524214,0.49609612048489943,-0.16638091556468315,-0.6024807032319903,0.23122285073385104,0.3072430082573996,2.3532126744882746,0.6338727973052725,0.022875979033057523,-0.15834083013687827,-0.15451628233548698,0.12320831644360199,0.6722784122630238,1.1169885469471594,2.1016857808501404,-0.6669763231424262,0.06974066047208724,0.668337342287462,-0.19019589656906452,0.2569180629418226,-2.1016857808501404,-1.1169885469471603,0.04814519612450831,-0.10937746679115769,0.13630344765189217,0.03355074177998182,0.08610074473523979,0.7941451013999841,-0.05703537174666111,-0.5408768497097485,-0.10826409251941274,-0.7481493064513315,-0.17942508891434333,-0.7155722712864762,-0.2958730841701091,-0.3469449996836519,-0.6992004034990842,-1.853415610241477,-1.378017789531564,-0.1469716669968365,1
-0.3034990542705592,-1.6738713753977288,0.27967722576327125,1.0385308760612593,1,0,0,1,0,0,0.7411140837561441,-0.6332934096781798,-0.3745195296897717,-0.27346499124428797,-0.7951287414347775,-0.2757073920331312,-0.9218854311288054,1.2738929291871246,2.895159201008027,-1.497152706554684,-0.1275410828048866,1.1054263872696912,0.2659529694028512,0.04237377381433661,2.1236536419230614,0.17858208231758502,-0.6424084520671618,-0.635728043134043,0.6912331826893902,0.8221130942085961,1.324243508684559,0.3789715752995532,-3.7783218458465226,1.3855554939302612,-0.4548550456029398,-0.8221130942085961,-0.6912331826893908,0.0759977097470634,2.067050737539819,0.17269388524144552,0.24027874969456073,-0.03337721691295973,-0.18250970659880966,0.758556726032511,0.4557501964577793,-0.10826409251941274,1.333550109443298,0.4528799582846249,0.27277617315992,-1.7869942913162333,-1.277716296483967,2.5259895140422683,-0.20711139779498602,0.1992758736982665,0.05922268551522836,0
-1.922615582776536,-0.6946962684821769,-0.8790386569529866,-0.8681093238500562,0,1,0,1,0,0,0.17326191857018283,-0.5204878264768181,-0.16982862701171944,-0.3996106157032089,-0.27003093402659095,-0.09146400165079628,0.4233232927900856,0.069665250909633,-1.112485879014228,0.8218440076451782,0.41497672456606477,0.019007950729000817,-0.28438365436070584,-0.46221570837015624,-0.4351241706320533,-0.5875425454236857,0.4308842180212575,0.3867422198135513,-0.41573076438081064,0.43824128821613356,-1.050481833138029,-0.5315155852877873,0.9303818693462791,-0.6830008186172206,-0.16191156143868518,-0.43824128821613356,0.4157307643808099,-0.6357887494960135,-0.6847550380510711,-1.0201037913050084,-1.1264230804073823,-0.9247207403201588,-0.2105141455378431,-0.8545032006862961,-0.786957601849879,-0.9626392045856501,-1.0812212129944723,-0.7105613285614767,-0.8068044353892204,-0.2569742700706454,-0.4992530300691578,-0.9847090191502859,-0.37174181903963527,-0.2089648391376897,-0.45626319576493324,1
-1.4343105979890196,0.49062096620506923,1.0038746524609323,1.0385308760612593,1,0,0,0,1,0,0.07231042253712305,-0.4786218368350757,-0.029103631420558513,-0.44243069006082425,-0.07862780643460976,-0.026173868165794107,-0.957200098157422,-1.7969770572227397,0.36193582920204376,-0.647479193513764,-0.3492848966996857,-0.23245138077495275,-0.14301261383373232,1.2577752965952635,0.7832819695642818,-1.5111174398360996,1.189250643896972,-0.07347616806956181,0.39961991949913633,-0.7133741297612556,2.587764293765551,3.251082087687176,-2.0133056988661826,2.0539431995786988,0.3823522951301968,0.7133741297612556,-0.39961991949913706,1.5243284181199328,1.0914105080121401,0.8732098088403377,-0.1344157646506147,0.3421249482670949,1.2037100208833493,0.35076067714292497,0.17890935030013266,0.44983577907224165,2.5548137667681474,3.2350221659600846,0.2788583174334372,-0.840456481562607,-0.07617516788719629,1.1407440084753266,0.7806711296729086,0.45906541823023866,0.5953280020465953,1
0.8787130141623758,-0.3339475448817109,1.0038746524609323,1.0385308760612593,1,0,0,1,0,0,-0.23054406556205628,-0.37046803026057434,0.4954168066919504,-0.5847785048172213,0.5102122570689022,0.1670133761185959,1.3730810104039373,-0.6126245134135812,0.1310601827215051,1.92178204387209,1.8393478349141645,1.3064660683467995,-1.1772492681485827,0.7044069414115047,-0.5261202490295374,0.6178095789263713,0.8566850080724336,1.3075640699365456,0.3871222082195544,1.3979208031972914,-1.2054674533799385,0.3137906547682373,0.44167538516993843,-1.7467293688752474,-1.1146604516261174,-1.3979208031972914,-0.3871222082195551,0.5634166981417792,-0.5596729573423944,-0.25944256113449427,0.08846286888229167,0.4360004895621079,-0.16675720969560312,-0.7298988524144783,-0.9561381189462185,0.2172941659090524,-1.1297941993653469,0.29480369648488275,0.014285041535478216,0.23898560969752242,-0.4950222514473384,-0.14404476195508095,-0.20711139779498602,0.5704037944582268,0.08499697957923605,1
-2.0511168945627247,-0.9266061622253344,-0.15484123025532542,1.0385308760612593,1,0,0,1,0,0,-0.10435469552073157,-0.4193116848426072,0.6873145279526244,-0.6229693819469863,0.4727625087442847,0.1589639076067463,-0.12989693603017038,1.3513020067611605,-0.22354170791792394,-0.24098821929511,-0.24622005434961755,-0.02039582676211257,0.3071626275460431,-0.1785022802213398,0.1294442818066892,-0.18379318930147426,0.04759302773869519,0.5032602669817405,1.1169885469471594,-1.1356331163529647,0.002267476423024095,-1.7250299722468903,0.1208945731149717,0.37275196861729626,0.811433828563952,1.1356331163529647,-1.1169885469471603,-0.17467491285593337,0.11577027848446049,-1.6069330893092284e-4,-0.09565426316663046,-0.06751377738387422,0.6051151385615076,-0.05703537174666111,-0.5408768497097485,-0.23228628620644656,0.1400424443303771,-1.5452039908641146,0.5981708917930423,0.5728670973845897,0.7022880985276131,0.8552353928241243,-0.04248097655033679,-0.5429799678216537,0.7809029193074537,1
2.08662534495255,-0.2051087150244015,-0.8790386569529866,-1.8947617391869185,0,1,0,1,0,0,0.21111872958258027,-0.5396764050626168,1.6595963156733726,-0.7080308810087357,0.5576905218916893,0.13213234590058104,0.5224681040026811,-1.657310292035166,-1.424451551197691,0.7147511386626992,-0.27701851255441867,3.428627311987862,2.591853548110056,0.16222786526396704,0.5882994448888788,-3.6064167512796907,0.7374476987190668,-0.5296842402886883,0.4025854781078499,4.276959348140763,-0.5644084454004262,2.864055856427574,-1.67682804363379,-0.23434216194040242,-0.1569959324001789,-4.276959348140763,-0.40258547810785056,0.4659329004628361,1.0163612595869336,1.1916261377489248,-1.1551353037288514,-0.8526546682148961,3.598089550170713,2.7159777607025237,2.670476965718953,1.3800022317249987,-0.7481493064513315,1.843951062122355,-1.2021438131677786,-1.743773386761273,-1.7007941586659285,0.41111087958892223,-2.676567716464722,-1.8419276904815143,-0.45626319576493324,1
0.8787130141623758,-1.4419614816545723,1.0038746524609323,1.0385308760612593,1,0,0,1,0,0,-0.23054406556205628,-0.37046803026057434,0.06044863850108935,-0.47367777134881384,0.2556084424433621,0.081152378658867,-0.4957793924525155,-0.8319883484464332,1.447929445523675,-0.22848595063952293,1.0670204582601797,0.48999730559560406,-0.7074754833589668,0.5991378381646532,-0.49748486569871925,0.5637504932831765,0.6938463211400226,1.2763192292661862,0.50612215475123,0.16633209230480636,1.2880447822820846,0.6435607010437704,-1.41285318009514,0.9966759134808914,-0.14110154209728812,-0.16633209230480636,-0.5061221547512308,0.3854700833310098,-0.6013669842452865,-0.5146810470056635,-0.16456359913815768,0.11834082962443535,-0.2105141455378431,-0.7638818564886103,-1.0330383539900094,-0.06692336129040147,1.4723300705029398,0.8828473903799233,0.6985262723060605,-0.2051091846046925,0.19459466390925928,1.0138512904081252,0.03983423407198747,0.1250502895462747,0.40975308478573785,1
2.08662534495255,-2.060387864969657,-0.8790386569529866,-0.13478617003801185,0,1,0,1,0,0,0.21111872958258027,-0.5396764050626168,-0.11865590134220637,-0.4146555066937224,-0.2472249279236886,-0.09459435051651556,0.2117359752743725,0.06928991733843391,-2.2981125197489605,0.45623641690946853,-0.7243828735874661,-0.3680147643300834,1.2773066630003627,0.14961164511137445,0.4085626058740315,-3.4803609639136597,0.9554726298079799,-0.37141585784655623,0.13286549185952784,-0.6337026228571595,-0.14493383486909814,0.31418646355780566,-0.35583032227943584,0.33108433870813975,0.5791179180576549,0.6337026228571595,-0.13286549185952856,0.4473645580477994,0.8162299304530506,1.1734309189541483,-1.0905328012555453,-0.71610842633123994,3.4825712395471995,1.6828944368489056,1.7661302016039733,1.3800022317249987,-0.24854144663662048,0.12408133374116129,-0.4509989953885172,-0.5551985114998699,-0.39771434314548676,0.28421816152172197,-0.6186874509066087,-0.9326642846196119,-0.45626319576493324,0
-1.922615582776536,-1.6738713753977288,-0.8790386569529866,1.0385308760612593,0,1,0,1,0,0,0.17326191857018283,-0.5204878264768181,-0.3745195296897717,-0.27346499124428797,-0.5013481361089525,-0.1889520091831968,-1.3750138943099928,-0.6885532092514117,2.3192920471879814,-1.0645633065442217,0.18216730038489123,0.06287619562058538,-0.24056433752908926,-0.5288137163995913,-0.3980882457884639,-0.6111198666912456,0.45278303150054855,0.19290951490383282,-0.5566704711695901,0.6378546273322155,1.383605856982964,0.5462648229084268,-3.784666455098912,1.887128250585571,-0.04848781780651805,-0.6378546273322155,0.5566704711695893,-0.6760201580619267,-0.6347222057676005,-0.9463120706373036,-1.077612300760884,-0.8697229484503528,-0.30852968182446,-0.7910682597479163,-0.6516131881728072,-0.8523972546416179,1.3533758181661038,0.5793409677244183,0.18371620344057515,-1.8425640257440394,-1.1931007240475748,2.586414617883792,-0.20711139779498602,0.09323932490970681,0.07395085355180434,1
-2.0511168945627247,0.8771374557769975,-0.15484123025532542,1.0385308760612593,1,0,0,1,0,0,-0.10435469552073157,-0.4193116848426072,-0.24658771551598904,-0.36604893580129416,-0.1358736619607599,-0.039589649018876745,-0.6294087283939843,0.49030065482118695,-0.7474060135632565,-0.2292402691197654,-0.271789922802749,0.2497749521948117,-0.030819968702200582,-0.2848962064652234,0.21802090090324436,-0.5883751534020178,0.37051476168420194,0.9561848847021542,1.2234273880116016,-0.8727171435694476,0.590543225668651,-0.4545444833921744,0.4304687723050945,0.6770849094837014,1.2868686444422084,0.8727171435694476,-1.2234273880116022,-0.3696425082138195,0.04072103005925432,-0.44594355378095224,-0.6641562849317252,-0.4942207832702994,0.7941451013999841,-0.709509049969999,-1.2052948804881005,-0.4803306735805153,0.4731143508735179,-0.482931511569848,-0.2046721523111086,0.04124997135858002,0.31305646532020776,0.1890486229713212,-0.5363722402842841,-0.9326642846196119,0.16231986177126023,0
0.8787130141623758,-1.9315490351123477,1.0038746524609323,-0.8681093238500562,1,0,0,0,1,0,-0.23054406556205628,-0.37046803026057434,0.16279408984011548,-0.5153405463994666,0.3249648631982956,0.11335025270626534,0.7367050334298264,0.4769554905450823,0.4977932328804853,0.1150754773244097,0.5608633486527671,1.1316837711923413,-0.3992614217706153,0.4233334010396385,0.10289247591755014,0.12051611764841388,0.6643625132362364,1.1813068437042256,1.0928891867061536,0.45956749966015986,-0.6014165360396051,-0.5515609554158699,-0.5593929498130621,0.5033109498201196,0.42416638808422824,-0.45956749966015986,-1.0928891867061543,0.4102278732177254,0.11577027848446049,0.07262018187017576,0.12399424524260985,0.39332978897346543,0.5736101447550955,-0.46483142063624716,-0.9284540343304539,0.2638024885416898,-0.7481493064513315,-0.7864379342253526,-1.0348848456460813,-1.1257144516253432,-0.8884846632765624,-0.2550758902638815,-0.9479482933959068,-0.8769950965056176,-0.8892713360402683,0
1.2385166871637046,2.0366869244927823,-0.4445202009343899,0.3052077222492148,0,1,0,0,1,0,-0.3062576875868511,-0.33092792893226203,0.7512804350395157,-0.6287558784817991,0.7118913981583822,0.23140912421339258,-0.27433714052062624,-0.3677969830259007,0.8676450261596552,-0.5740864525029786,-0.2434820867268683,0.010982664000598285,-0.3269820443071256,-1.539551346250658,-0.9713291268019703,1.3205494680826027,-1.2833766189691305,-0.8260799625272641,0.1590389773671773,-0.14275387761029598,-1.1568290931930925,-0.46824329444474866,0.1409250450771244,-0.49702052629644056,-0.4899676624744362,0.14275387761029598,-0.15903897736717798,-1.3723329986258064,-0.6347222057676005,1.318992669312359,1.9199438140005203,1.1614023995690306,-0.18250970659880966,1.4110304042558486,1.4523772426253072,1.2559800380379649,-1.0950992091004363,-0.463962360153879,-0.08835114308010912,-0.004131978424128287,-0.19886774791996537,-0.3026606595390819,1.2334047880956935,1.266268645883152,0.16231986177126023,1
-1.7684140086331095,-0.6946962684821769,-0.15484123025532542,-0.13478617003801185,1,0,0,1,0,0,0.9303981388181312,-0.6571337648908387,0.29072590401389814,-0.5546887228361942,-0.3021483846076716,-0.07670664271240538,0.6202328505352901,-0.21830787039409247,0.5788613499798455,0.2774643101693922,0.3174104774981893,-1.3749006780191269,-1.228357426073729,-0.10396740966836097,-0.7866561218172726,-0.5534506987440895,-1.8526614283372778,-1.2816996850917992,-2.2358349465827763,0.3422733367180179,-0.9663318875409534,-0.48842043056890094,-1.34748743504836,-2.2119037412023625,-1.6639794461224318,-0.3422733367180179,2.2358349465827754,0.0759977097470634,-0.5596729573423944,0.764038496071679,0.33072225315718967,-0.4600842227993849,1.1722050270769362,-0.6279498401920818,0.5664865349208381,1.069946747507413,-1.1367331974183288,-0.9381911455531051,-1.7921118076988587,-2.0463197186459943,-2.513103654055295,-0.4771381468814831,-0.04248097655033679,0.1250502895462747,-2.1882957568662755,1
-0.6890029896291251,0.38754990231922204,-0.8790386569529866,-1.6014324776621007,1,0,0,1,0,0,0.12278617055365294,-0.49722894334251677,-0.3361399854376369,-0.31454911664145946,-0.41756314523130045,-0.13931362002679104,0.43575839193255567,0.507751750765098,-1.0021308069071921,0.02074376696592681,0.08353242200697465,-0.6435198037754932,-0.5150867473386282,-0.28319039200844676,-0.35566648627282554,-1.6197880927637083,-0.9635337902793536,-0.8544246880890388,-1.046543814281098,0.16026515284228104,-0.8888931544818489,-1.05320409089072,-0.25778443683647584,-0.983447103661662,-0.9427756473374175,-0.16026515284228104,1.0465438142810974,-0.06326485836571254,-0.05934463450768712,0.9763160486774021,-0.12149526415595328,-0.4885313565251461,2.1173548412693166,0.051710241290561454,0.6587668169733866,0.8632430913623554,-0.8036612908751883,-0.9381911455531051,0.24236545179233895,0.06718251409155555,-0.33002188519637315,0.1890486229713212,0.7806711296729086,0.9600881112561845,0.10046155601764112,1
-0.7404035143436003,-1.0039094601397194,-1.8929150543297122,1.478524768348486,1,0,0,1,0,0,0.791589831772674,-0.6385266583833976,-0.06748317567269331,-0.42854309837727333,-0.49360518025157524,-0.15988448400151775,-0.8167457123748297,0.7887675742742356,-1.1255506313034913,-1.428782840508766,-1.9457932875208652,-0.6838267743165681,2.190267250011632,-0.3989880288236188,0.9266820666792559,0.007928798091376386,-1.6285550794680306,-1.7919606217628925,-0.22109974072011698,-0.7133741297612541,0.7370406575842685,-0.15427849806983673,1.5466330965926853,0.3153461007857928,0.7801258005638595,0.7133741297612541,0.22109974072011698,-0.3417899945912644,0.9413120111617277,0.19543790873491604,0.16921599697392434,-0.5027549233880274,-0.40304466324369825,1.6149284287006416,1.9506907657090713,-0.17027518936292965,1.4723300705029398,0.5793409677244183,2.3498284425657316,3.0364586570173167,3.03767789777204,0.47455723862252236,0.4514102871836102,0.1250502895462747,2.389218868901558,1
0.05630461873076867,-0.9008383962538722,-0.15484123025532542,1.478524768348486,1,0,0,1,0,0,-0.5207796166571032,-0.2018411275368894,0.36748499251816774,-0.5639471172918948,0.8743937485475827,0.2806003206746956,-0.6136383084325254,0.9706864378613036,-2.6847533803634653,0.3845789988371514,-0.8175510141962843,-0.5017084749878945,0.5577792071058739,-0.44766257477085997,0.501725963122855,-2.4329878664280717,0.47462151766997784,-0.0033004449713111422,-0.22109974072011698,-0.4649864905896614,0.40597983542428023,-0.8296795432260851,1.2252296414226513,-0.048914844062564994,1.0596341166699266,0.4649864905896614,0.22109974072011698,-0.48105256270404034,0.3516393449636798,-0.2821865846279648,-1.450461029321108,-1.2281568333949502,1.6447799341731264,-0.5696932617792836,-0.5408768497097485,-0.30315611117046587,0.15392044043634126,-0.9381911455531051,-0.7155722712864762,-0.03654765684034838,-0.05079049615627885,-0.5405845059150832,-1.2360515305740427,-1.517190759816549,-1.0748462533011267,0
0.15910566815972013,-1.2100515879114147,-0.15484123025532542,-1.161438585374874,1,0,0,1,0,0,-0.6217311126901629,-0.04775102677214284,0.17558727125749374,-0.5222843422412421,1.0164258951569176,0.3669085108295272,0.5179428133522714,-1.2512031773629648,0.14563328193688316,3.026975583831308,4.163339755961485,-5.221694455589046,-2.806433093462854,-0.636799411066901,-2.621986603455321,1.0681940152183784,2.872175320699532,4.414818471746858,-7.823874102466001,0.6378546273322141,-1.3564945584518286,-0.9093329930000934,0.8743463939048156,-1.241248847177129,-1.1023346233628404,-0.6378546273322141,7.823874102465999,-1.038102835155144,-2.435904167972547,-2.5565889339750165,-1.8011603284619129,-0.8867912286858101,-1.1906695084040155,-3.482522182419184,-3.309285311286215,-1.720552610450858,-0.8869292675109735,0.19995793940503753,4.895205821032298,4.890635462425106,3.714602477263178,1.9972698554289314,2.2623449208747504,3.075517259587958,4.492401264524615,1
1.2385166871637046,-0.7719995663965628,-0.4445202009343899,-1.161438585374874,0,1,0,1,0,0,-0.3062576875868511,-0.33092792893226203,0.38027817393554597,-0.5645257669453762,0.5397052309074323,0.1817707350569868,-0.40310393920070214,-0.6595502407577869,-0.16551397527163492,-0.4263762327042356,-0.6765494176569719,0.623371184818318,0.7150060286113261,-1.4487718220422352,-1.0135945649844356,1.4097230547262116,-1.2257523781523132,-0.60119821746692,0.19034451885671905,0.6614225707698931,-0.8870698941304688,-0.11014338026754768,1.6428988657740424,-0.6394282929877836,0.29259433199640467,-0.6614225707698931,-0.19034451885671977,-1.3166279713806959,-0.8098371187597482,0.6730624020977969,1.3643622927300878,0.7062482599568443,-0.4555529862543859,0.8673023390697335,0.8433273810784847,0.6565394352172991,-0.8671035587881674,-0.17942508891434333,-0.23334511817197004,0.6210275338886875,0.30580370196851675,-0.8124974732019421,-0.677484029922555,-0.4634525562302334,-0.014418154667652658,0
0.18480593051695732,0.15564000857606544,-0.8790386569529866,0.3052077222492148,1,0,0,1,0,0,0.47611640666936217,-0.585612699252862,-0.38731271110714993,-0.26883579401643765,-0.6916116362231338,-0.24261513259552733,0.5849983006133695,0.13482488896871775,-1.2981941809707336,1.0733093463015535,0.5001673738285538,0.8357335455405723,-0.5503531591311439,0.47132525900248734,1.7489978330774005,-2.029459858970838,1.124701866260567,-0.11839906509271465,1.0520428134163116,0.0964376253461333,-0.34251173210131486,1.5670562431329411,-0.26473650275351907,-0.3347365646574571,-0.7658357247117509,-0.0964376253461333,-1.0520428134163122,0.8717838132486403,2.3886903736478455,1.4203660311689716,-0.047663832757889386,0.4055214177130772,2.2298726762922194,1.2945172474302522,0.8037786887702496,1.0256531069049009,0.005227625015296339,2.313663382898731,1.6303976627840921,1.2137713677852842,0.9827282814596551,0.8189803305192099,1.674379130715289,1.9223697915123674,1.487854985063103,0
-0.9717058755587404,-0.87507063028241,0.5693561964423357,-1.6014324776621007,1,0,0,0,1,0,-0.0412600105000692,-0.4338484868015456,-0.438485436776663,-0.24221790995629838,-0.4369598684263855,-0.1464687031484351,1.203923182546873,0.6983422436658083,-1.2322779664416363,1.4300930176623898,1.0235210018506318,-1.3071754354562772,-1.592136293039293,0.9430798430345185,0.6096654091342492,-1.280156127974938,1.2632953191319247,0.9481671629455196,-1.0117882743416888,-0.7793520964162106,-0.7317702248818966,-0.3477472222413949,0.39813181085348703,-0.6793013914643685,-0.40492674148197116,0.7793520964162106,1.0117882743416882,0.4659329004628361,0.11577027848446049,-1.110069039790291,-1.5039888170847049,-1.040405750804923,0.25856020669096863,-1.5251011477491712,-1.3713993881826885,-0.4803306735805153,-0.5498922192232715,-0.07102993796594885,0.9005403499621378,0.9914924300740605,0.6200901138751174,0.3657920517077793,1.5567859726833975,1.2066230871895867,0.5157958946490849,0
-1.7684140086331095,-0.9523739281967958,-0.15484123025532542,-0.13478617003801185,1,0,0,1,0,0,0.9303981388181312,-0.6571337648908387,0.41865771818768077,-0.5685763145197452,-0.23279196385273745,-0.06597401802993927,0.6895440620639566,0.18210365191565522,0.4573425589483165,-1.5512146094612373,-1.4405278847281031,-1.4337921932911706,1.0026442914759852,0.16775959256164225,-0.8332452801973153,-0.076784945325606,-1.6062742359028452,-1.101271990790317,-1.4375436385994584,-0.529783266025729,-0.7912043954269145,-1.0846698071611343,-0.7023640640891026,0.5028368250795124,0.7975790475834323,0.529783266025729,1.4375436385994576,0.26168113389743136,-0.6847550380510711,0.41529680250513146,0.30918808566608796,-0.3747428216220998,0.4895968279379942,-0.49201782389555315,0.1973654067106424,0.34648395099971346,-0.9794492415507348,-1.317574173872486,-1.567072469578756,-1.6141106730963926,-1.3623318689203594,-0.2762246766084149,-1.4418395571298541,-1.749145710291524,-1.3841377820692236,0
-0.894605088487027,-0.7462318004251005,1.4383931084795292,-1.8947617391869185,1,0,0,1,0,0,0.3751649106363024,-0.569331481058851,0.7896599792916505,-0.6328064260561682,0.18319736582447504,0.051190468086982445,0.46969455958003375,-1.0850371112790849,0.9611311496216164,0.599272298177333,1.5822785367191379,0.24840809164357167,-2.121599586115843,-0.0029044385110792996,-0.48937790059392405,0.9922515331414825,-0.3879986860225032,0.7759450148496647,0.9848575718326791,-0.6379707392984506,-0.656023799467666,0.9989994491270703,-0.31678138118272847,-1.1943110683504559,-1.2994803097948182,0.6379707392984506,-0.9848575718326797,-0.03541234474315745,-0.4846237089171882,-0.10023439668020068,0.42116575661981864,0.2397152668543526,0.06953024385249205,-0.22015379130249568,-0.6516131881728072,-0.6043528672675491,-0.5816133531797613,1.0346006017076752,0.23324223538206504,0.028283699992091807,-0.44848368660732285,0.030432725387320277,2.591605763364049,2.351817814106035,-0.08511336124321738,1
0.15910566815972013,-0.7719995663965628,-0.15484123025532542,-1.161438585374874,1,0,0,1,0,0,-0.6217311126901629,-0.04775102677214284,0.38027817393554597,-0.5645257669453762,1.1350881361455076,0.3995535775720283,0.09799077879080785,-0.7621000441586945,-0.5625016681038858,1.6285523791703989,2.355891264502011,-2.2318323186102984,-1.8403725604972694,-0.6735114751145354,-1.4248881631796932,0.8937315563930751,1.4424355561504163,3.345623072187431,-3.5663204598883063,0.4930801176436292,-0.809223293459457,-0.3814154545662242,1.6670726472477593,-0.7697747928082898,0.20357573139719107,-0.4930801176436292,3.5663204598883063,-1.038102835155144,-1.685411683720486,-2.4201247930141934,-1.7365578259886068,-1.2281568333949502,-0.8756195703398886,-3.074726133529598,-3.032444465128568,-1.720552610450858,-0.8175392869811524,-0.463962360153879,-0.37345165590118506,0.49831103702728313,0.13959454182560382,-0.8974702754790853,-0.6186874509066087,-0.4733934826791611,-0.2242945491888607,0
0.15910566815972013,0.05256894469021735,0.27967722576327125,0.5985369837740325,1,0,0,1,0,0,-0.36935237260751347,-0.2727807210965086,1.4165258687431854,-0.6929859900182223,1.0227649903220621,0.32576678288007377,-0.9645764619381644,0.9670796624580457,0.7764855742837541,-3.046161670989409,-2.4408970876250615,-1.2897603730829719,2.4672861502371477,-0.3497733275504693,1.4019075480768206,-0.3274918431396678,-0.20351161376520852,-0.558432896703212,0.010024599876957354,-1.7690215962405276,0.9917776630845276,0.077053019851746965,-1.3905795116290256,3.9133692630249834,2.6280847257158992,1.7690215962405276,-0.010024599876958064,-0.1328961424221005,1.7856160559452963,0.9801067192596489,0.6375841399053939,0.521341890739393,0.5814863932066983,1.2071323798110556,1.3277988618543664,0.9149190053986201,0.22331042096616224,-0.5588081172337243,-1.8559743225707799,-2.111151075478434,-0.939254006738398,-0.3819686083310823,-2.2649916633530998,-2.7697474923814145,-1.6934293108373202,0
0.8530127518051386,-0.9008383962538722,1.4383931084795292,1.478524768348486,1,0,0,1,0,0,0.059691485532990585,-0.4652479790328524,0.36748499251816774,-0.5639471172918948,0.18728138414595585,0.07802202979314772,0.7205441327309404,0.3530947022232742,-0.06349240956154811,0.6106472687539638,0.22544899802753224,-1.3892084804109284,-0.7876174837266983,1.0065571344939515,-0.026714594264017896,0.6164379555421964,0.6422640144411904,0.8390619426427488,-1.0760532349843712,-0.827498180191446,0.003805872334052971,-0.5113956540446248,0.7062569471490537,-0.18808706190058494,0.5260859378168562,0.827498180191446,1.0760532349843703,1.1900982546492709,0.19081952690966666,0.6821600114951846,0.9250652759116064,1.178470679804488,0.19555021907814235,-1.1988643086375024,-0.9284540343304539,1.2559800380379649,0.038270472886639546,-0.4323471077939307,0.18154400905717566,0.5253241023741335,0.4145951522438788,0.14675105028225444,-0.06991938009111154,-0.45019798763166347,-0.35316601950890136,1
0.05630461873076867,-0.7719995663965628,0.5693561964423357,-1.161438585374874,1,0,0,1,0,0,1.4099177449751652,-0.6989997545325811,0.38027817393554597,-0.5645257669453762,-0.41092198329241003,-0.10130224094305688,1.7868732403734393,-0.03826796613796917,-2.869880060577082,2.9007992060140304,1.342416520986817,0.8862931348956447,-1.8167163266814257,1.5292123677435325,-0.527064332972972,-1.8771427896558663,3.058777385557966,1.8839382221568195,1.2994551316290601,-0.079985649873689793,-0.956719758367191,-0.47547749394973066,2.0368747117163806,-0.8857612876887523,0.09409177168708412,0.079985649873689793,-1.2994551316290608,1.0972565425740868,-0.6847550380510711,-0.7370670544973751,-1.4996819835864839,-0.4885313565251461,0.9096634120234974,-2.123202019453897,-2.5710430548658234,-0.6870343297255728,-0.933189254530854,-0.5166544474204599,-0.2594114507727547,0.791853013796387,0.3487830403489075,-1.1398001190101978,-0.11565005265907018,-0.17185204706169332,-0.2500688432528684,1
-0.8689048261297889,0.8513696898055362,-1.6032360836506476,1.478524768348486,0,1,0,1,0,0,-0.4198281206240434,-0.246033005492062,0.047655457083711085,-0.4603688293187442,0.49305375764704956,0.16656618342349314,-1.1086850460956894,-0.25622025655073277,-0.12271742618180032,-0.9925022269653239,-0.863197345550148,0.9365530551649207,1.3992989683088868,-0.7250037207917369,-0.551161769108391,0.3738627505153216,-0.5931788816608674,-0.22601335032243564,0.6912331826893887,0.5917900106131198,0.817238369625649,-0.2004714178921715,0.5434548417303219,0.7526204526471455,0.9015407784774074,-0.5917900106131198,-0.6912331826893894,-0.6357887494960135,-0.43459087663371765,0.31421225364526223,0.4671053139341695,0.19419985289313407,0.10453579252628381,0.8673023390697335,0.5664865349208381,0.07087907613963722,1.1115021717478706,0.12408133374116129,1.0360852794862145,1.1952481229760152,1.480751364942421,0.506280418139323,-0.9479482933959068,-0.8213259083916238,1.5232025883508855,1
-0.8689048261297889,0.05256894469021735,-1.6032360836506476,0.5985369837740325,0,1,0,1,0,0,-0.4198281206240434,-0.246033005492062,1.4165258687431854,-0.6929859900182223,1.0980787110784547,0.3463376468548005,-1.442513050600124,-0.14682536218194167,1.2899498975702135,-2.401370601803313,-0.9970790987663133,-0.9897926451065229,0.7468778589500259,-0.791265528144228,-0.596883380339575,0.35016808561676765,-0.4160170879721907,0.12751738829823323,0.5745878774132874,-1.919828377166137,1.2152263189961685,-0.39642224998123377,-1.4115195675924415,2.8315813364291187,1.420747571734605,1.9198283771661375,-0.5745878774132882,-0.7038726716844818,-0.4846237089171882,0.2909628074074919,0.4340862571144791,0.2397152668543526,0.3215701943037938,0.4323198869208419,0.17890935030013266,0.20179139169817292,1.1253801678538349,-0.36911660307403377,0.014285041535478216,-0.7172769035809703,0.3299795798074865,0.8076506235489245,-0.20711139779498602,-0.9604988786766088,-0.1469716669968365,1
0.6217103905899984,1.2378861793774645,-0.8790386569529866,-0.4281154315628296,0,1,0,0,1,0,-0.48292280564470574,-0.21463351326075517,-0.31055362260288033,-0.32670075936456655,0.2710980313919821,0.08741307639030557,0.2550505853774034,1.2676441553692515,-1.0005297302939338,-0.16500990681629407,-0.5944159697783745,0.012193763644071307,0.9137172833411561,-0.9320921001457001,0.908586332719901,-0.03792474546686003,-1.618410955568432,-1.4419244076229771,-0.16027754582615011,0.17559215780023885,-1.2859894915462957,-0.8296795432260855,1.3296469475104993,-1.381870861189107,-0.6349886634227381,-0.17559215780023885,0.16027754582614942,-0.6203151308168162,1.6918044954137887,1.9467277177321458,1.6227723026233125,0.7346953936826055,1.1722050270769362,2.6344185509246065,3.058054150339658,2.00011320016017,-1.1843148983530636,-0.7214008436563161,0.2488820349425348,0.9173994508369854,0.23327606845160992,-0.5405845059150832,0.4984475503963669,0.6499312060496465,0.33905787821017314,0
-1.6656129592041589,0.15564000857606544,-0.4445202009343899,-0.13478617003801185,1,0,0,1,0,0,-0.4576849316364408,-0.23149620353312367,-0.6687627022894718,-0.029853487128665472,-0.46758293208315554,-0.15496536435538744,-0.516683835917768,0.6625749876618424,-1.4138913710980492,0.04079094674747758,-0.8243161962949098,2.78422598289947,0.9277108073729481,-1.0440455712613435,0.7188720892114338,-0.9384455728666117,-0.015652496833722832,0.07139353620804233,0.2905222516232541,3.5092157361558383,-0.32473658186782617,-0.18925468614256957,0.9897895725474356,-0.07062668536586417,1.1413533193473087,-3.509215736155838,-0.29052225162325485,-0.7317251853070371,1.5417059985633763,2.1195822962825224,1.1705547853101694,1.1101975588626602,2.6844447297847456,0.9216751455883455,0.8433273810784847,1.938102103316653,-0.6556293324115703,-0.6852691266735177,-1.6583046336815008,-1.0090180093269512,-0.9674591975505289,-0.9635602328057525,-2.402183681056974,-1.6563637301015341,-1.0748462533011267,1
-1.280109023845593,-1.235819353882877,-1.6032360836506476,-1.6014324776621007,1,0,0,1,0,0,-0.07911682151246661,-0.42338198939110994,-0.6047967952025805,-0.1345890744087787,-0.7344913508946546,-0.22159707592569788,-0.5969335303051196,1.3286353759239713,0.9095943482662555,-0.7968091002827848,-0.5742585016182465,0.08666636758095664,0.6713973761960641,-1.4436367284446119,0.7082872529505614,1.345127126551423,-1.6628203161629753,-0.9542581125830727,-0.5029586926677684,0.617030896486598,-0.6124142043465881,-1.1140471285869447,0.10827709294761004,-0.5723864728715087,-0.18508313869848075,-0.6170308964865974,0.5029586926677676,-1.3723329986258064,0.5660657690356972,-0.20940570944885942,0.49868875958778525,-0.23819657973844427,-0.9071245641463012,0.35076067714292497,0.6772228733838963,-0.5423417704240322,-0.5538573609678327,-1.0140677512169813,0.15113328768959466,0.1838789563899486,-0.0592520533999176,0.2524949820049213,-0.12479618717266176,0.18071947766026855,0.10046155601764112,1
0.7759119647334253,0.15564000857606544,-0.4445202009343899,0.3052077222492148,1,0,0,1,0,0,-0.19268725454965888,-0.390819553003088,-0.42569225535928473,-0.24626845753066742,-0.27820839517963436,-0.11024609484511197,-1.0452953474949818,-2.296454021029549,2.450213664278326,-0.9949093523418259,0.2084310212634201,-0.0685767222170385,-0.3279576712355978,-1.6512166488434812,-1.8573438017703132,3.0910608971387914,-1.371104510327832,-0.20858887453022815,-0.19575715951429745,0.10061909740348535,-0.1963675938302537,1.2913089659756143,-0.24330606086413561,-0.015505413197834099,-0.4746169732014186,-0.10061909740348535,0.19575715951429676,-1.5332586328894584,-1.685411683720486,0.4355137122771045,2.0606337082757205,1.237261422837728,-1.5407249951419342,0.4141956180813048,0.5664865349208381,0.5531876071447698,0.02285047721334605,1.6753363828692966,0.9671543110530296,0.6765972683164937,0.6308349484702147,0.41111087958892223,1.07334743410784,1.2508049825181522,0.9183658209821618,0
0.6217103905899984,-1.9315490351123477,0.5693561964423357,-0.8681093238500562,1,0,0,1,0,0,-0.2810198135785862,-0.3466276750479154,-0.630383158037337,-0.06978031321887439,-0.5996798670759406,-0.21265322202364279,-0.15388688596501016,0.5622504546772047,-0.8404976039820181,-1.510552060654111,-1.6728991114206557,-1.3042484130504302,1.5946604388459764,-0.6322104030609467,1.0815366961474033,-1.4499663279733226,-0.6606637721829421,-1.2221420841582302,-1.751625464691256,-0.04159846927444537,-0.417713724674041,0.31175332572420533,-0.30808794391376415,1.3855554939302634,0.9816669021697859,0.04159846927444466,1.7516254646912552,-0.7247620569013982,0.6598773295672048,-0.7370670544973751,-1.3004909342937903,-1.4415103363381627,-0.009232240663539667,-0.5260008279696852,0.3588559003026031,-0.7128722867437045,-0.5261013687559044,0.04820472807728505,-0.6517097564145549,-0.6978274965312384,-0.1607907403235886,-0.2550758902638815,-1.277209135885205,-1.4336869776455579,-0.332546584257695,0
0.4932090788038099,-0.7977673323680251,-0.15484123025532542,1.0385308760612593,1,0,0,1,0,0,-0.23054406556205628,-0.36930508610385926,-0.16982862701171944,-0.39556006812883987,0.06623390553984086,0.021675750210200635,0.9115097258298633,-1.351008325560512,0.025758421603366867,0.7046947431663069,1.180714303887917,2.0905208245475198,-0.024514692313288088,0.5756842612714157,-0.1695416444342783,-0.799787171438181,0.7378673660135288,0.607007721179294,1.465333844976243,1.3979208031972914,-0.6922595315917155,1.6844582279361109,-0.8389216013586297,-0.22034048550394636,-0.942361526411409,-1.3979208031972914,-1.4653338449762439,0.744458036688388,0.04072103005925432,0.6639647927004092,0.11107374474794844,0.4103980692089227,1.3297299961089997,1.7372672433675176,1.009431888773073,0.8219023601333442,-0.859173275299045,0.8828473903799233,-1.272088472313216,-1.436904964421056,-1.4131012123821949,-0.9212626601166852,-0.6186874509066087,0.013711913318286572,-1.0129879475475077,1
-0.7661037767008384,-0.6946962684821769,0.27967722576327125,-0.8681093238500562,1,0,0,1,0,0,-0.7353015457273552,0.15227536818284892,0.09882818275322415,-0.49161591060673376,1.461954959199221,0.49704158510442875,0.3376205878777697,1.5658319948558064,0.35380510800870235,1.0762840038325237,0.07035814052986528,0.468324365314431,0.25858083846387475,0.07013289581220743,1.4512468496623645,-1.131447904338608,0.8040416043844131,-0.24486437277877182,-0.007768161614411639,0.6464429457035722,-0.39939368289555294,-0.6953263177773957,-1.6206594626295532,-0.6567163617193283,-0.3305314295821103,-0.6464429457035722,0.00776816161441093,0.2848915619162273,1.7856160559452963,0.8777586135390315,0.08846286888229167,0.4146651392677867,0.8965363312708251,0.697387318699073,0.7741171695390731,0.9924328764530166,-0.22772445247767412,-0.463962360153879,0.7783544158959618,-0.26345740575388904,-0.4950222514473384,2.274847676200933,-0.10421738451708033,0.22247136874576415,0.6262571549234054,1
0.05630461873076867,-0.10203765113855341,0.5693561964423357,-0.4281154315628296,1,0,0,1,0,0,0.6906383357396142,-0.6268972168162469,-0.029103631420558513,-0.44185204040734294,-0.420355558328156,-0.14065519811209928,0.9279772165963028,-0.4660649408463493,-1.0215639750330452,2.051256707870038,1.1412444179622236,-0.12237592174092334,-1.4001191679446294,1.0383820920893037,-0.3139332831224106,-1.5370288500746734,2.474090915668211,1.0660475678592964,1.3564759393421526,-1.5122424827725962,-0.2528357576146304,0.3251972863745264,-0.1480535873619077,-0.31784927554662507,-0.442885676205755,1.5122424827725962,-1.3564759393421533,0.911573118423719,-0.3345252120667762,-0.13662483426975403,-0.8967252938356269,7.593435579547688e-4,0.6996301199807459,0.2692014673650073,-0.319404172783631,-0.10826409251941274,-0.19302946221276363,0.38964945356472797,0.24236545179233895,0.1255307352407521,-0.008482709938082702,0.09387908442092041,2.056556894318939,1.266268645883152,-0.45626319576493324,0
-1.6399126968469209,-0.1535731830814779,-0.15484123025532542,-0.8681093238500562,1,0,0,1,0,0,2.1418160912148485,-0.731562190920603,-0.4512786181940413,-0.23064491688667263,-1.326600867202312,-0.38437521694310056,1.086974460003435,-0.271637828608554,-0.8656080000453715,0.8184906696501985,-2.235147657683224,-1.2905542220800457,1.668879585899457,0.7215469586955742,-0.7764598413637281,-2.254289575645863,1.080795498058583,-2.84623636197002,-0.7279513648365089,-1.0381887348318013,-0.7905032271268063,-0.40500897934186997,-1.0820284865645151,-0.034029775155941154,0.12700559099473552,1.0381887348318013,0.7279513648365081,0.35452284597261524,-0.9349191994684248,-0.9190192424451392,-1.8011603284619129,-1.39883963574952,-1.8207693845322692,0.5954383064766764,1.1201682272361313,-1.720552610450858,-0.6371253376036178,-0.17942508891434333,0.7258959215368835,0.002351157259115363,-0.008482709938082702,1.7434844192945298,0.9453015509175579,0.45906541823023866,0.2860364732784985,0
-0.020796168340944693,0.5163887321765315,1.0038746524609323,-0.13478617003801185,0,1,0,1,0,0,-0.6217311126901629,-0.05821752418257845,-0.8350740607153893,0.8057166124983153,-1.420056647234133,-0.6674481929431443,-1.1621097867564805,1.3411755441276851,-1.5697918653093048,-0.42273016192065394,-1.224585892595784,-0.7266287709329844,1.0452276048906184,1.3512439513006955,2.07127350676436,-0.9058075884360632,1.677922105605569,1.0885622496787928,1.240594943021994,-2.221441939017357,2.9660889822915277,0.23415080523411835,1.2357087975891763,2.234880013896367,2.6547908010113397,2.221441939017357,-1.2405949430219947,1.0044148304989031,1.5667224147051118,-0.600602913536552,-0.9397936288178314,-0.31784855417057606,0.2270552128845555,-0.49201782389555315,-1.0022782599724926,-0.6870343297255728,4.247929291695779,1.0851850054835932,2.431937390258202,2.9024738528969407,4.024859576196617,1.2570623333702609,-0.48149543320273464,-1.2852358093415737,3.6676238544763575,0
-0.7661037767008384,-1.6738713753977288,0.5693561964423357,-0.4281154315628296,1,0,0,1,0,0,-0.5207796166571032,-0.19777082298838666,-0.4768649810287978,-0.22775166861926618,0.1087181397804516,0.02391171368571441,0.17839094589548146,0.5436557352790705,-1.139245499859534,-0.07886402825646317,-0.10045212839085155,2.7413042053112076,1.5447048222363615,-0.8024514073793979,1.4291697035750055,-2.219559782013136,0.11046476079473343,0.35986438462490133,3.5296022777411853,0.23819541748766626,-1.0498569440417491,0.6855262771119144,-0.6730567641356864,0.2160751801710932,0.48193021631512334,-0.23819541748766626,-3.5296022777411857,-0.7595776989295921,1.3165582532877582,-0.009258302706318612,-1.1551353037288514,-1.05747403104038,2.27487981030138,3.042214599814193,1.1201682272361313,-0.4803306735805153,-0.8314172830871166,1.1863538130354276,1.3280282046149967,0.7154960824159574,0.7699805564767266,2.028993034945732,-0.04248097655033679,0.06938110143228039,1.5850608941045057,0
-0.6119022025574117,-1.2873548858258006,-1.6032360836506476,-1.6014324776621007,0,1,0,1,0,0,-0.7479204827314877,0.25810328644392017,-0.09306953850744984,-0.41870605426809143,1.4029653221038214,0.522084376030183,0.1752325859470925,0.7564734250673925,-1.9380135205302618,1.0865703838154497,1.2990296100671548,0.9536301336923697,-0.6844228155591187,-1.180137958971891,1.8072776255645027,-1.2860229291654268,-0.6732639116106821,0.4587954933769733,0.6912331826893887,0.6150811089542358,-1.4228451198568348,0.7722075348932869,1.3570003861693603,-2.135483458748548,-1.2408776123302452,-0.6150811089542358,-0.6912331826893894,-1.3166279713806959,0.5660657690356972,-2.010732370131724,-2.18877534330175,-2.2522536475223704,0.06953024385249205,-0.22015379130249568,-0.5408768497097485,-1.720552610450858,-1.3310251429018278,0.7310941790521709,0.03253147435602734,0.7284623537824456,-0.2623294272472596,-0.667477223982284,0.6160407084282594,1.0714264874841732,-0.332546584257695,1
1.0072143259485644,-0.2824120129387873,-1.6032360836506476,-0.13478617003801185,1,0,0,1,0,0,-0.028641073495936725,-0.4425705679769086,-0.7199354279589849,0.08471914426062967,-1.1705180266124326,-0.4058404663080328,-1.1584701573789569,-1.3259997869129743,1.1855466417046125,-1.0442450532586451,-0.07949375543691724,-0.9612615342029773,-0.501708035153653,-0.6241045851812705,-1.147289985148487,0.9049531658942079,-0.32049066490751255,0.2250283719176401,-0.16027754582615011,-1.1520847651812123,0.9872830062127421,0.6706464000118134,-0.7112913168847403,1.0929146406839199,0.323042182310232,1.1520847651812123,0.16027754582614942,-0.5367575899491508,-1.009968447893631,0.3182556355996563,0.7570987694810098,0.5810808715634928,-0.15100471279239655,-0.5463906304141645,-0.5408768497097485,0.2638024885416898,1.2780381250194413,1.0346006017076752,0.9995924138451164,0.4302381123532211,0.8715192434003977,0.9186817518577256,0.9453015509175579,0.4033962301162448,0.7809029193074537,0
-0.7661037767008384,0.49062096620506923,0.27967722576327125,-0.13478617003801185,1,0,0,1,0,0,-0.7353015457273552,0.15227536818284892,-0.24658771551598904,-0.3648916364943316,1.168174353873405,0.39910638487692557,-0.19627952023716122,1.2072031442535827,-0.14162819685237893,0.041465224242600476,-0.5413143755667432,-0.8347771219059549,-0.3326134725356038,-0.005360962977563027,1.3102825024562361,-1.2742242204827032,0.7415503584360468,-0.24640887122934904,0.11588809585456525,-1.2534728335413483,0.2675748398221845,-0.34431195401145037,-1.0868619661998724,0.679291798802518,0.463164896470386,1.2534728335413483,-0.11588809585456596,0.16883942182224726,1.5667224147051118,0.7286589039707251,-0.10713915249521817,0.19419985289313407,0.9796745093710809,0.6860596506743619,0.6895269109909028,0.8287924820048461,0.3065783976019474,-0.2553016945782196,0.24236545179233895,-0.37367071236903754,-0.093098282374475,1.1724671879921262,1.5215080252738291,0.9044189231421907,0.34789477903211874,1
1.2385166871637046,-1.6738713753977288,-0.4445202009343899,-0.4281154315628296,0,1,0,1,0,0,-0.29363875058271866,-0.33092792893226203,-0.4768649810287978,-0.22775166861926618,-0.24828155280135736,-0.0784954134928164,-0.1271376290644798,-1.015311622030007,1.254881262800044,-1.0415628468455325,-0.8112390137555241,-0.2174147142176784,0.8370584448377422,-1.3064067764427691,-0.8544398453957671,1.319552934768671,-1.2737511250650682,-0.5293286272677437,-0.16027754582615011,-0.13756642077256032,-1.128558290012902,0.5375879846294607,-0.3894412827762006,0.14405439838533785,0.5378640700262538,0.13756642077256032,0.16027754582614942,-1.246996687324308,-0.8411076389369172,-0.202582502400818,0.49222850934045503,-0.07604791750160224,-0.7968570858238568,0.18764225758709038,0.2896456887631914,-0.09276131830853324,-0.9146852597229018,1.0346006017076752,1.3553978538458196,0.9099901529132779,0.9222885868622325,1.870377137361731,-0.12479618717266176,-0.2089648391376897,1.3994859768436472,0
-0.6119022025574117,-1.9315490351123477,-1.6032360836506476,-0.8681093238500562,0,1,0,1,0,0,-0.7479204827314877,0.25810328644392017,-0.630383158037337,-0.06978031321887439,0.6104175268223674,0.252427180883222,-0.48652972024944124,0.2419002254854094,-0.9985324601450203,-1.7484079911293435,-1.2869350693626143,-1.1072933365853699,1.3578246643339162,-1.1461792997278293,0.6076852302049673,-1.399936652280772,-0.7420120407690516,-0.7805914523781506,-1.4375436385994584,-0.08447776675232606,-0.4687174318158957,0.27675007243436467,-0.04177400211243665,1.6262199601987342,0.9109829956091695,0.08447776675232606,1.4375436385994576,-1.17736540326792,0.19081952690966666,-0.9190192424451392,-1.4135453136220761,-1.5695224381040902,0.2270552128845555,-0.6279498401920818,0.012804842605544792,-1.1004416420156866,-0.5538573609678327,0.04820472807728505,-0.5696008087220858,-0.5033334260339178,0.12690220596014448,-0.667477223982284,-1.1125787146405561,-1.266679413303576,-0.332546584257695,0
-0.27779879191332196,-0.7719995663965628,-0.15484123025532542,0.3052077222492148,1,0,0,1,0,0,-0.6974447347149578,0.08249871877994483,-0.7583149722111197,0.1541571026783843,-0.22093079326889808,-0.05568858604257591,0.8644424451769653,-0.3793872060176505,0.39347322362499176,0.621423647649,0.6787762379917728,0.7168541560623999,-0.5161709022168255,1.1614490653144947,0.5036976719470705,-0.8029489786237666,1.4233514300894656,0.6629356149375923,1.1921218465220598,-0.2046283627832927,-0.04152204175552423,1.0253141169307476,-1.3447773655389694,0.5718676562275848,-0.23521475507160702,0.20462836278329197,-1.1921218465220604,1.4129183636297125,0.7912135143113154,0.8459169806481733,0.2531992501892221,0.8371050750953478,1.0146800580448727,0.4323198869208419,-0.09793149585751397,0.8219023601333442,0.19555442875423396,1.413983630027056,1.0087156302553917,0.06718251409155555,0.2961333508329291,1.3945294446097283,0.7806711296729086,0.7374113588002092,0.9664778365683122,1
-0.14929748012713334,-0.4885541407104817,-0.8790386569529866,-0.8681093238500562,1,0,0,1,0,0,-0.43244705762817587,-0.23440356392491132,-0.6559695208720935,-0.03448268435651578,-0.46758293208315554,-0.15362378627007917,0.3356354433261277,0.36134401950393635,-2.0573992774628254,1.1300937321830034,0.7058541850038498,0.991649307384637,-0.6439200847261424,-0.8191825909748885,-0.49167915863616735,-1.2504106229409904,0.06545662230453499,0.11468441570693974,0.7976720237538307,0.5613699807042828,-1.2852268469856338,-0.9885093943924976,1.5559916486605454,-1.4617780584139495,-0.8056779999672503,-0.5613699807042828,-0.7976720237538314,-0.7595776989295921,-0.43459087663371765,0.09688047359654423,-0.5737127814690962,-0.5169784902509086,1.2772216730983115,0.18764225758709038,-0.17175572149955282,-0.2736270174354578,-1.3032691506898992,-1.1549814474498943,-1.1196004265986297,-0.26808821695620605,-0.8062866786240673,-1.6282363750625182,0.028074918268798287,0.33182155968396654,-0.8097392286427579,0
-1.6656129592041589,-1.9315490351123477,-0.4445202009343899,-0.8681093238500562,1,0,0,1,0,0,-0.4576849316364408,-0.23149620353312367,-0.630383158037337,-0.06978031321887439,-0.34756481593456856,-0.12410906839329737,-0.5560208115365283,0.3618113453852718,-0.04751679988483729,-1.2044483306074694,-0.7325151850854377,-0.04385045622110806,0.6696051147435153,-1.2286807445997665,0.710375198942038,-0.26615586578791545,-0.09740592650992777,0.09005226984652279,-0.01835909107355938,-0.04159846927444537,-0.45452284941164556,0.21504085359288608,-0.20250391987821673,1.5305459407816178,1.040224130502046,0.04159846927444466,0.01835909107355796,-1.038102835155144,1.1664597564373458,1.237114184735866,0.8863037744276221,0.8029685146244333,1.3297299961089997,0.10608304780917345,0.12354118106860354,1.2559800380379649,-0.5538573609678327,-0.02767187758659086,-0.6334633235940058,-0.6329961396987983,-0.0423289389126401,-0.3819686083310823,-1.277209135885205,-1.4336869776455579,-0.3944048900113141,0
-1.922615582776536,-0.2824120129387873,-0.8790386569529866,-0.13478617003801185,1,0,0,1,0,0,-0.6091121756860305,-0.0727543261415168,-0.7199354279589849,0.08471914426062967,-0.33548599709037125,-0.12142591222268084,-0.9498646155126922,0.026797212991071816,0.8737272309728541,-0.04021740995157727,0.3620335428493159,-0.37762787544528076,-0.42983404163724404,-0.4770995076205863,0.3620619524232919,-0.03282149441694971,1.3528198414966515,0.9928318043376252,0.5274811195133241,-1.0381887348318,0.8440976636164153,0.3259256999964738,-1.2273968313715728,1.3957641236283767,0.4986456812586311,1.0381887348318,-0.5274811195133248,-0.5646101035717058,0.11577027848446049,-0.5824076947417753,-0.5091102789957901,0.017827623793410803,-0.43454965705011084,-0.709509049969999,-0.983822203561983,-0.4183195767369984,0.7506742729928018,0.27583454506891375,-0.06782390615699217,-0.6848612251647502,-0.14386762583630988,0.6014499566897238,0.2044646553166367,-0.26463402725168356,-0.023255055489598248,1
-0.27779879191332196,0.7740663918911503,-0.8790386569529866,-0.4281154315628296,1,0,0,1,0,0,-0.5460174906653681,-0.18497843726452093,-0.20820817126385424,-0.38109382679180764,0.5129068050696894,0.15225601718020498,0.20700172856480287,0.756755520898135,-2.2803844234312796,-0.0768644676354585,-0.43700256060325815,-0.017378272094873585,0.05566069896766447,-1.356303545169115,-0.7282394271523085,-0.04568918389050218,-1.4151937214878088,-0.8033398631726212,-0.09305301462755473,0.06858695651968806,-1.6430434640459186,-1.7682049731720038,3.0714486765991,-1.2994429321906154,-0.21618028756459368,-0.06858695651968806,0.09305301462755473,-1.2609229441355856,-0.6347222057676005,0.1908891040362222,0.13691474573727128,-0.4430159425639276,0.4475901695294441,0.2692014673650073,0.34501385799472056,-0.23228628620644656,-1.5253170883853264,-1.6210805965279906,0.29710475025398503,1.8954267767663688,1.1084428462222957,-1.6508957890030895,0.5337254978059351,0.6260729825722207,0.40975308478573785,0
0.004904094016293398,-1.6223358434548052,1.0038746524609323,-0.13478617003801185,0,1,0,1,0,0,-0.6091121756860305,-0.08089493523852229,2.056184939612099,-0.7230757719992492,1.6600485263175613,0.496594392409326,0.8727921960683624,1.7524540062860423,0.8636643658099611,0.9242708659410099,3.4666412722874345,1.5276097175316172,-2.9100075703314814,1.2295898922681534,1.9555010348033552,-0.9604270119144782,1.21349029973569,0.8207639070262835,0.6912331826893887,1.3979208031972914,0.014952937787737859,-0.44632011214161815,-2.145794644735858,-0.04535410208882395,-3.7054872295958177,-1.3979208031972914,-0.6912331826893894,0.7922052028984824,1.3165582532877582,-0.8670329030314925,-1.173593161578368,-0.71610842633123994,0.11453737786165287,-0.6862064186048799,-1.015461157408571,-0.9232670796056371,-0.47058938433204756,-0.9381911455531051,-1.9015904046221521,-2.435307859640635,-2.2931031657206744,-2.6025911745070953,0.2044646553166367,1.127095675598167,-2.3120123683735136,1
0.6217103905899984,-1.6481036094262664,-0.8790386569529866,1.0385308760612593,0,1,0,1,0,0,-0.4703038686405733,-0.22451853859283324,-0.46407179961141953,-0.2624706478281435,0.03260143206343106,0.03017241141715298,-1.7179007485415525,0.03705883000719628,2.267308666574189,-2.881792818764391,-1.567371398570797,-0.0618602609842648,1.3153057695981543,-1.1042465423616799,0.6058172881380725,-0.5997734554988919,-2.0541191915630814,-2.447856556071551,-1.038397984607798,0.9455004604204603,1.2854326750003044,0.5560300529021993,-3.702201383341707,1.856286752232221,-0.3521959087157598,-0.9455004604204603,1.0383979846077973,-1.038102835155144,0.5660657690356972,0.021067061951641645,-0.29376860408476996,-1.05747403104038,-0.35053634023301067,1.1391663716627913,2.0429710477616196,0.139780294854656,1.055990187324014,0.38964945356472797,-0.3164315533369699,-2.0949432362703244,-1.4681013344658498,1.7196920346569298,-0.41289942435079735,0.013711913318286572,-0.3789403135729091,0
-1.4086103356317816,0.7740663918911503,-0.15484123025532542,-0.13478617003801185,1,0,0,1,0,0,-0.16744938054139394,-0.3948898575515908,-0.11865590134220637,-0.4100263094658721,0.048044431502468926,0.013179089003248299,-0.6912842996876464,0.34936258633825745,-1.212734853573229,-2.0705810452235682,-1.7079601063077037,0.8696122748711373,4.117377093792909,-1.180137958971891,-0.407354488945409,-1.2860229291654268,-2.632585592624222,-1.7946353170868865,0.3041828515459622,0.8843625762614284,-0.2179322970219533,-0.8875898983937747,0.3655201514599264,0.18679460003524342,0.46831969748054375,-0.8843625762614284,-0.3041828515459622,-1.3166279713806959,-0.9349191994684248,-2.010732370131724,-2.18877534330175,-2.764302054586081,-0.5605696322757617,2.2266225020350205,2.227531611866718,-2.340663578886029,-0.19302946221276363,-0.8117301361133116,0.09031184495443137,0.2659986750443728,0.3299795798074865,0.04100711855958641,-0.7558794686104828,-0.45019798763166347,0.47161139053935697,1
-0.7661037767008384,0.3617821363477598,0.27967722576327125,-0.4281154315628296,1,0,0,1,0,0,-0.7353015457273552,0.15460125649627907,-0.029103631420558513,-0.4291217480307546,1.3677549426184266,0.4505335448137423,0.47057272256205784,1.0994073430134523,-0.963290611836296,0.4531695523019657,-0.4818152860488556,-0.2841695769946087,0.15896353263408547,-0.20808544054386072,1.0568042844348984,-1.276940107388786,0.13431265954012636,-0.5279227153244762,0.02438743144227863,-0.41176056791003435,-0.8622593461281803,-0.4502877482115837,0.03364887651550583,-0.4790206950489338,0.11096968953671252,0.41176056791003435,-0.02438743144227934,-0.03541234474315745,1.3165582532877582,0.74584327727690225,-0.09565426316663046,-0.03337721691295973,1.140700033270523,0.6769975162545934,0.7325910426154264,0.6358690696027934,-0.6864693237581573,-0.17942508891434333,0.8961959611953415,0.7774460456114007,0.5180141852216921,1.116070424406704,0.6160407084282594,0.44669448753824004,0.5059771159580343,1
0.5189093411610479,-1.132748289997029,1.0038746524609323,-0.4281154315628296,1,0,0,1,0,0,-0.6343500496942954,-0.034377168969919554,-0.5920036137852022,-0.1710440025780999,0.16770777687585575,0.10574797688951851,-0.33107606185049504,-0.5606096480912445,1.5796000793805338,0.009204062368571476,0.09479419884381868,0.38468375551896733,-0.15358640458470355,-0.07608666540913495,0.01754585860591092,0.39486677587379776,0.4930724591343856,0.35922529477508225,0.7431545685744835,-0.21238889143210804,0.38434442371307737,0.7870313915767315,-1.7625631964826194,0.4764881156497709,0.22747648168318513,0.21238889143210804,-0.7431545685744843,0.38237535959517033,0.641115017460903,1.9194348895399813,1.881182312516537,2.0489529718127955,0.8571550890128092,1.0032343553662626,0.6772228733838963,1.938102103316653,0.30041039933263,0.6636483073509472,-0.15804237954748296,-1.0234249775119382,-0.7982280526777443,1.3628062650929278,-0.11565005265907018,-0.23370670052168696,-0.45626319576493324,0
-0.14929748012713334,-0.12780541711001567,-0.8790386569529866,0.3052077222492148,1,0,0,1,0,0,-0.5081606796529707,-0.21172615286896748,-0.3745195296897717,-0.30644802149272143,0.23850937309038542,0.07399729553722294,-0.443831338367385,-2.424109766900127,0.8303237255120889,0.08684861641230376,1.111279438505452,1.1774095922267835,-1.0223963122967468,-0.6690313588239768,-0.36981835141134267,-1.4829585182800924,0.3793166678334828,0.20671679254542244,0.6006469349749709,1.0101319379600069,-0.05132997072832167,2.956690824789997,-2.6253106436816793,0.25879703695177186,-1.242898982278209,-1.0101319379600069,-0.6006469349749717,-0.6004204782292769,-0.29163992725237253,0.19868705494826952,-0.619857426092886,-0.44789259405977305,1.4647513981364821,0.12938567917429258,-0.14538992662739608,-0.037394267555393414,0.029018475482663446,3.007392348968456,0.36096726512590627,-1.112748180258855,-0.9561771212256767,1.2993599060593275,0.7806711296729086,1.5724491805101195,0.5334696962929761,1
-0.4063001036995106,-1.235819353882877,0.5693561964423357,-1.6014324776621007,1,0,0,1,0,0,-0.3188766245909836,-0.32104290360018395,-0.6175899766199587,-0.1345890744087787,-0.5176027189350113,-0.14289116158761306,0.23513609148260461,0.19867595177871997,0.40543623743812923,0.3442467539881475,-0.0032421417459052235,-0.02039582676211257,-0.30253426468248756,-0.41771128691166304,-0.7005037899761988,0.7560611216987609,-0.34957983777013174,-0.3939488466895531,-0.7825353858951971,0.7482915930561997,-0.744334655193845,-0.9744382979041343,0.2055235942783641,-0.81169253874991,-0.38039942981429903,-0.7482915930561997,0.7825353858951963,-0.2582324537235989,-0.4846237089171882,0.7094528396873502,1.0284292798688959,0.8200367948598906,-0.37153966943728567,0.02452383803125581,0.4557501964577793,1.0079356506638961,-0.6648813298155464,-0.8623145398892288,0.24236545179233895,0.31354167005482897,-0.0423289389126401,0.2207718024881207,0.03983423407198747,0.45906541823023866,0.16231986177126023,0
-0.5091011531284612,-0.7204640344536393,-0.4445202009343899,0.3052077222492148,0,1,0,1,0,0,-0.36935237260751347,-0.3070875737196031,-0.7966945164632545,0.42612243981458997,-1.3288285416039172,-0.5654882584597163,-0.09640823364147055,1.994045094062928,-1.9334039475667477,-0.3073784227645218,-0.8331882753755042,0.17251466808233396,1.5811297735727317,-0.33237866359308493,2.7177755273568316,-1.9853510716911635,-0.09497082516086679,-1.1523901216471117,1.0066075265840329,-0.7630516575955741,-0.1980508486487945,-0.014281609087827205,0.6479416052172231,0.3210769742241308,-0.041899095063120104,0.7630516575955741,-1.0066075265840335,-0.12294881612833082,3.139182857899906,0.9394923915927387,-0.3614474161996614,-0.3747428216220998,1.509758532145644,3.042214599814193,2.5439211503326,0.3169548572647054,0.05677446769459199,0.35171115073279,1.127317443588959,1.3378771080073837,1.4130589069933075,-0.2233527107470814,1.1922471827845313,0.848749735028197,1.2139110595827887,0
-0.7661037767008384,-0.87507063028241,0.5693561964423357,1.478524768348486,1,0,0,1,0,0,-0.7605394197356201,0.4139378034437393,0.44424408102243734,-0.5772560593219644,1.8537396502128838,0.764462816775876,1.2200064535898494,0.7009863735841146,-1.917139511250234,2.5749295279657574,0.44465868281347537,-0.9820356345809457,-0.3167113921973589,1.483938992317201,0.5292685792465298,-1.7668919263479903,3.2656308373002587,0.9451090200620592,-0.7279513648365089,-0.6174061782631399,-0.21371431556309123,-0.4319161528117117,0.8452379488609348,-0.24042003415288826,0.344636942300452,0.6174061782631399,0.7279513648365081,3.1397742082281335,2.067050737539819,4.039177879131433,2.0103873174631492,3.6363030337102966,3.535079562557888,0.5954383064766764,1.1201682272361313,4.790612558118441,-0.1137266273215397,-0.2878202398627378,0.4313463631480234,0.8247832267906431,0.6684418695530556,0.04856025653977746,-0.0895182397630935,-0.38392514463881366,-0.10278716288710855,1
-0.5091011531284612,-1.1842838219399534,0.5693561964423357,0.3052077222492148,1,0,0,1,0,0,0.980873886834661,-0.6646929019094866,-0.579210432367824,-0.17277995153854375,-1.2480519085204076,-0.37766732651655927,0.048537060426578967,-0.0679163951014273,-0.6883623031775163,-0.28209568933302576,-0.5055599227961097,0.0789414274171646,0.8664868765322778,0.5861106637632455,0.6902197848146351,-2.059700884400441,0.5402015870840948,-0.06854696608055218,0.4407888507730546,-0.3295023237687909,0.5181429052547252,0.7846644121296085,-1.1287864233090625,0.9167477236290561,0.5903298891266846,0.32950232376879157,-0.4407888507730553,0.6330479821981672,0.7536888900987124,0.2864140027087981,-0.8644240425989739,-0.6307670251539549,1.7235424186891581,1.0032343553662626,0.8433273810784847,0.44983577907224165,0.77843026520473,1.1484155102034896,0.9836267851271364,0.1741542528650822,0.5415185108984673,1.7989999834489303,0.10157064203873102,-0.05587457182420596,1.1675173302675748,0
-0.4577006284139859,-0.87507063028241,-0.8790386569529866,-1.6014324776621007,1,0,0,0,1,0,-0.6722068607066928,0.00574440443675031,-0.6047967952025805,-0.14905531574581093,0.2722745771161816,0.11961095043770391,-0.5249775318873089,-0.7303391753211024,1.1406747007567777,-0.6829464248232664,-0.4661375219363703,-0.7169983216942918,0.34932661461465675,-1.414970721202014,-1.1580772396267356,1.7491020324841162,-1.4206005395262937,-0.6182680465396503,-0.7532939460423284,-0.23079243079930178,-0.6838280350742255,-0.15772291772536307,0.19833833112638122,-0.48602661739078057,0.0023831967171324088,0.2307924307993025,0.7532939460423277,-1.3862592554370838,-1.2163538810629477,-0.7598110779908457,0.16921599697392434,-0.41741352221074235,-1.4269569619521105,-0.3221028035248922,0.012804842605544792,-0.5578445446349117,-0.5816133531797613,-0.02767187758659086,0.39746013076700454,0.4432043837197094,0.2115177783965368,0.47455723862252236,0.12214944469431245,0.013711913318286572,0.34789477903211874,1
-0.7661037767008384,-0.2824120129387873,1.0038746524609323,0.3052077222492148,1,0,0,1,0,0,-0.028641073495936725,-0.4326855426448305,0.6745213465352461,-0.6194974840260986,0.4024987451062733,0.14599531944876643,-0.5436951923744494,-0.23271695289883823,-0.7076832141894761,-0.4301210243309902,-0.5950115832185711,-1.1555998925775148,0.29759010193974095,-0.8760643056020387,1.6168376933875062,-0.9599231725633819,-0.8975633633092013,-1.2908169444838689,-1.4375436385994584,-0.15036214763897582,-0.11933173180159111,1.9391238289427974,0.0027964475366798404,-0.3089427118818131,-0.4866873097056523,0.15036214763897582,1.4375436385994576,-0.9545452942874786,1.0163612595869336,-0.9099216330477515,-1.2068173057074962,-1.4329761962204342,-0.43454965705011084,-0.46483142063624716,0.2342775195316623,-0.728375060954584,-0.05424950115312168,1.970412071562148,0.2879815338437111,0.24438822276689212,0.10433805331043995,-0.0647368131630805,0.34165667302051117,0.29205785388825667,0.05922268551522836,1
-0.12359721776989524,-0.23087648099586283,0.5693561964423357,-0.4281154315628296,1,0,0,1,0,0,-0.7983962307480176,0.8011982076298572,-0.5152445252809326,-0.2103921790148275,1.4350827726849007,0.7787729830191642,0.24851985790235992,0.8286277682781242,0.5001949341221517,0.9654840444868551,1.5067397976100598,0.8864322189517351,-1.1261964191532492,-0.3077818194735546,0.8842645115333072,-1.3729611427473691,0.7264901963938757,0.08007275094177219,0.8939738323359463,0.3223554599919946,-0.6531048795927596,-0.2514808408486888,-2.0634767721677267,-0.5839314135068798,-1.8806600745302176,-0.3223554599919946,-0.893973832335947,-0.45320004908148526,0.491016520610491,-0.7461646638947628,-1.2714198081808024,-0.972132629863095,0.2270552128845555,0.02452383803125581,-0.3747723420151606,-1.0384305451721696,-0.4150773999081907,0.12408133374116129,1.2185496076917033,-0.2051091846046925,-0.4146374576327655,1.2993599060593275,1.6038232358961542,2.017802685422071,0.5334696962929761,1
0.6217103905899984,-0.5916252045963298,0.5693561964423357,-1.6014324776621007,1,0,0,0,1,0,-0.2810198135785862,-0.3466276750479154,-0.7711081536284979,0.2531061934236847,-1.2213973702664453,-0.4621867458909799,0.16227218577744867,0.6069216477542497,0.032626670741435125,-0.19151657765928956,-0.5566677890737176,-0.3384791577813719,0.6529338047444663,-0.8138020858968575,1.75539751746471,-1.6242616267904924,-0.8915830413175717,-1.5584045029884774,-1.8749635333848376,1.3979208031972914,-1.0387848799571777,0.9254996892334547,-1.67682804363379,-0.6253519409436659,-0.7977832892057884,-1.3979208031972914,1.8749635333848362,-0.8524194110047761,1.3165582532877582,-0.5652233214355982,-1.2556280853539945,-1.4746986590182176,0.10453579252628381,-0.40139647969786735,0.6280067229558705,-0.549231892295534,-1.1182292026103766,0.326418948844831,-1.2021438131677786,-1.743773386761273,-1.8136149219144517,0.09387908442092041,-1.0302635040182315,-0.5429799678216537,-1.2810406058131916,0
-0.894605088487027,-1.158516055968491,-0.8790386569529866,-0.4281154315628296,1,0,0,1,0,0,-0.34411449859924853,-0.31115787826810587,-0.5024513438635544,-0.21502137624267784,-0.22942480992573414,-0.073129101151583345,-0.6619156235979511,0.024301131409886163,1.4713436141729737,-1.2248422040248454,-0.31155276673770044,-1.5324012421187798,-0.37621029297294467,-1.3398631099891873,1.161806959023925,-0.612844344322984,-0.8819490610677452,-1.1287974695729428,-1.4375436385994584,-0.6642742475994289,-0.4183656449499532,1.1305186415779045,-2.627225474438646,0.7801572055680678,-0.6970171710813134,0.6642742475994289,1.4375436385994576,-1.2370493610305382,1.2093450412517492,0.28966314892215156,-0.08457954845692134,-0.42350933658054823,0.2945659138982973,-0.22015379130249568,0.5664865349208381,0.4941294196747537,-0.24854144663662048,1.413983630027056,0.7715120035882557,-0.840456481562607,-0.5161761445564365,1.9021003168785307,1.1922471827845313,0.9044189231421907,0.16231986177126023,0
-0.12359721776989524,0.0010334127472937634,0.5693561964423357,0.3052077222492148,1,0,0,0,1,0,-0.7100636717190902,0.08482460709337497,-0.24658771551598904,-0.3591051399595187,1.0212840512104937,0.3427601052939785,0.20097789993874193,1.3708853757795947,-0.9323852139951431,0.6399425881788663,-0.4899690430511011,-0.0969455514799341,1.1094249045506077,0.5388366421453847,2.1393503571778965,-1.4156358974730752,1.3980970844956835,0.5914671640261141,1.1590962203352904,-1.2817996886347096,0.2589345617038215,0.26157102320209324,-0.14797573093401242,0.5218079855246924,1.2144363186021663,1.2817996886347096,-1.159096220335291,0.744458036688388,2.4422969796658496,0.7822337148664557,-0.1473362651452761,0.4103980692089227,1.5817699465603012,1.7372672433675176,1.1755363964676604,1.069946747507413,0.1400424443303771,0.12408133374116129,-0.323273965644676,-0.3477381696360611,-0.1269445113490324,0.664896315723324,-0.4540570296619595,-0.9883334727336057,-0.2706882785040748,1
-1.922615582776536,-0.7719995663965628,-0.8790386569529866,0.5985369837740325,1,0,0,1,0,0,-0.6848257977108253,0.01388501353375579,-0.31055362260288033,-0.33422320485982326,0.8288548584430144,0.26897331060202395,0.01617231848036143,-0.5630124706796659,1.8609326783370654,0.14211238652429364,0.8826423241224246,-0.6920728086929518,-1.2272553485299036,-0.6176677720561616,0.2703626370057676,-0.35487669565919655,1.0028519807017864,0.6786564764209535,0.6190712565440033,-1.5578921029446724,-0.6396543626059796,1.0435956396487287,-2.900574167859958,0.8024261914773425,-0.4849022901586327,1.5578921029446724,-0.619071256544004,-0.6481676444393714,0.11577027848446049,-0.3640650692044592,-0.4832692780064673,-0.08458205761933026,-0.024984737566746233,-0.30171300108041293,-0.5962450189412776,-0.35630847989348147,-0.7481493064513315,0.5793409677244183,-0.8524205174405927,-2.0463197186459943,-1.7007941586659285,0.886958572340925,1.0276167615398821,0.29205785388825667,-1.3841377820692236,1
-0.9717058755587404,0.49062096620506923,0.5693561964423357,-0.13478617003801185,1,0,0,1,0,0,0.24897554059497767,-0.5501429024730524,-0.2721740783507456,-0.35389729307818707,-0.42318787746613534,-0.14959905201415438,0.5968647144448053,0.8939621269149224,0.18185488178553424,0.16258874984494634,-0.06994499395611627,-1.2579612348018163,-0.8065511492538204,0.9248103003578729,0.723860476020085,-1.246685816147177,0.8014943429156358,0.15725726981849958,-0.4914206069155262,-1.2283241134096814,0.09410464067657964,-0.5018435399846213,-1.5014007308815684,0.5751011588468954,0.24446303410028422,1.2283241134096814,0.49142060691552547,0.438080386840281,0.19081952690966666,-1.1464594773798444,-1.5169093175793655,-1.1940202729240363,-0.18250970659880966,-0.9541866793037505,-0.8730858650989243,-0.8523972546416179,0.1400424443303771,-0.4070549059059717,0.24236545179233895,-0.5940973255993336,-0.3469449996836519,1.4262526241265279,1.2745623934068555,0.6817421706862145,0.22417816752487937,0
-0.25209852955608386,0.5163887321765315,1.0038746524609323,-0.13478617003801185,1,0,0,1,0,0,-0.43244705762817587,-0.27219924901815107,-0.8350740607153893,0.8138177076470533,-1.8364317992282138,-0.8382758024723965,-1.4219506809886722,-1.0767751978530327,-1.4453347888008332,-1.8124464247692433,-2.734359822746323,-2.027112691382941,2.4923621738829507,0.9289280838501508,-1.1004836240210307,-0.7955852204856181,-0.249787992731043,-1.0171156786672952,-0.6949470730335814,-2.075499892960315,2.905431032189579,0.37546741518472343,1.1763346546509068,2.200812692823983,2.5617861927657275,2.075499892960315,0.6949470730335807,1.3989921068184348,-0.7472960784054096,1.469103224369265,0.7506385192336795,0.606683291916678,0.935917573528841,1.4110304042558486,2.0891111887878946,1.3800022317249987,3.7721122823484348,1.0129215715179964,1.7737624920884032,2.2510730771043264,3.303612554000701,0.8189803305192099,-0.677484029922555,-1.4177814953272738,2.901759116574402,0
0.7759119647334253,-0.05050211919562982,-0.4445202009343899,-1.6014324776621007,1,0,0,0,1,0,-0.19268725454965888,-0.3855863042978702,-0.42569225535928473,-0.2804087870860634,-0.27820839517963436,-0.07983699157812466,-0.8396455739233176,-0.779297976866614,2.6530430434466292,-1.4964445613111192,-0.020575558462681325,-0.21457073824146589,0.3138255785889842,-1.6776102658199665,-1.68070258784308,2.9326850598335765,-1.2867256519919184,-0.22920593234434034,0.12009793795335687,-0.41176056791003435,-0.5087008011486039,-0.614080027085361,-0.6797330597958479,0.745704929303263,-0.1970257479100655,0.41176056791003435,-0.12009793795335758,-1.5673005939836924,-1.535313186870074,0.23637715102316323,1.764897808064586,1.0248561576853752,-1.6002344278873806,0.6769975162545934,0.6772228733838963,0.3258135853852078,-0.47058938433204756,-0.5588081172337243,0.06902433999712428,-0.2958730841701091,0.008440404549195996,-0.0647368131630805,0.2044646553166367,0.013711913318286572,-0.1469716669968365,0
0.004904094016293398,-1.0039094601397194,1.0038746524609323,1.478524768348486,0,1,0,1,0,0,-0.6091121756860305,-0.08089493523852229,0.009275912831576286,-0.44648123763519326,0.863639856874863,0.28283628415020934,0.5230558180022851,1.179962082175823,-1.2939056497199015,0.5893050664241545,0.1737688108048037,0.4660478139979465,0.2600111117170881,1.082809291079211,1.73659787722908,-0.7334201872441759,1.0959126273635693,0.7656456462912014,1.687681907547998,-1.0381887348318,0.3546084377710983,0.1201506423902737,1.031795811855783,0.29057507562562207,0.5215959882287686,1.0381887348318,-1.687681907547999,0.5982323401699732,1.0351235716932352,-1.0554833834059623,-1.2197378062021575,-0.801449827508525,-0.20613845195361896,0.08569324536469386,-0.6100870612491601,-1.2554693841244795,0.7189531390363123,0.5793409677244183,1.3697343367762511,1.7879919568726108,1.828884005823578,0.18451674018320632,0.7336338664601519,0.2522941480925468,1.3111169686241912,0
0.18480593051695732,-1.132748289997029,-1.168717627632051,-0.4281154315628296,1,0,0,1,0,0,-0.4198281206240434,-0.27859544188008395,-0.5920036137852022,-0.1710440025780999,-0.3088314588364044,-0.08207295505363843,-1.0911903902213518,-0.8026576843740109,1.123554798353977,-0.9394804846814035,-0.22508822977941714,-0.7906774317351934,-0.24244848770336663,-1.0782619812397054,-0.33814723536697405,-0.3996317711741456,-0.6555645287650319,0.03627721641499676,-0.70065935430716475,-0.3834842964864804,0.43994013324074743,0.7629243843413788,-1.9375284383473645,0.6191309597418504,0.32804336366847353,0.3834842964864804,0.7006593543071641,-1.2052179168904753,-0.7848207026180125,-1.6468279942361959,-1.5556708190633497,-1.6719321195168326,-0.49755964466293656,-1.1173050988595852,-0.983822203561983,-1.4104971262332722,0.3065783976019474,0.5793409677244183,-0.3050275328241268,-1.21647835119076,-0.939254006738398,1.3945294446097283,-0.12479618717266176,-0.32030321536567735,-0.5799798072721716,1
-0.14929748012713334,0.18140777454752677,-0.8790386569529866,-0.13478617003801185,1,0,0,1,0,0,-0.5081606796529707,-0.21172615286896748,-0.6687627022894718,-0.027538888514740317,-0.3733829155023591,-0.1415495835023048,-0.8368109189495772,-0.4129365796566436,-1.9566516651368187,0.3203319908891554,-0.21010398121135015,0.7901010943881588,-0.21497921178376037,-0.6068043808197802,-0.42132693130824783,-1.5167251696703223,0.49088492202274103,0.4118786373862416,0.7781220325379131,0.30587169994287167,0.5572941654785596,0.14469234411360082,1.1506458513599014,0.05400523216474638,0.6752647893556762,-0.30587169994287167,-0.7781220325379139,-0.6203151308168162,-0.46586139681088673,-0.25944256113449427,-0.9774784219272596,-0.7587791269198825,1.211586269334952,-0.11820477908009916,-0.4716666381703368,-0.4028168025261189,0.08453045990652028,-0.3311783002420958,-1.3359509871851372,-0.6459624110652865,-0.5838686025055501,-1.3019408143182878,-0.7010026615289333,-0.6543183440496418,-1.3222794763156045,1
-0.7147032519863632,0.38754990231922204,0.27967722576327125,-1.6014324776621007,1,0,0,1,0,0,-0.7731583567397526,0.42556724501089005,-0.34893316685501513,-0.31454911664145946,1.357548890776926,0.5703811871012805,0.43498633329817593,0.4607588589193146,0.886774043587224,0.7124418519346802,0.6324541446913614,0.7317509761615197,-0.4070272207861381,-0.1081375935077457,-0.4244464677784516,0.7546277579107932,0.28705403192905693,0.174073144006346,0.9068055190224368,0.0986623829151082,-0.7129088944790613,-1.0576071476415232,-0.45392170401323717,-0.6778251147492995,-0.6522728186168835,-0.0986623829151082,-0.9068055190224374,0.0759977097470634,-0.18442671521636386,0.7822337148664557,1.093031782342202,1.178470679804488,-0.2770246880180474,0.9216751455883455,0.5111183656893089,0.8839134569768611,-0.6926373220274746,-1.0140677512169813,-0.12256320461863823,-0.3347718982695729,-0.5669454880182719,0.15732544345452057,0.36909507656128593,0.45906541823023866,-0.2706882785040748,1
-1.1773079744166424,-0.7719995663965628,0.27967722576327125,0.5985369837740325,1,0,0,1,0,0,-0.5586364276695006,-0.1762563560891579,-0.7839013350458762,0.4145494467449642,-0.8665882858874382,-0.4559260481595413,-0.684143428667984,0.22470743725518777,0.325475197603327,-1.3624301954170732,-0.4552359727714341,0.9002601022125806,0.4111233560436421,0.4586412097092889,0.6324906974373804,-1.0998413602027128,0.9321714745942461,0.7802526484180534,0.46715141202740545,0.7645323233097284,1.4095869841974176,0.3251972863745264,-1.55016999731471,2.764880574732359,1.35359390754866,-0.7645323233097284,-0.4671514120274062,0.7258896942733513,0.9830060380646198,0.9914787310063841,0.19433919238020986,0.573494969236623,1.9598298722372534,-0.1295324471048102,-0.3563162856046509,1.1732985755799412,2.4900497849403145,1.33810702436318,2.812071407352972,1.2816899320859352,2.5299844631536863,3.2661970361009387,-0.48149543320273464,-0.17185204706169332,3.6676238544763575,1
1.2385166871637046,-0.8235350983394863,-0.4445202009343899,1.478524768348486,0,1,0,1,0,0,-0.3062576875868511,-0.32511320814868666,-0.4128990739419065,-0.28908853188828276,-0.13131809251672383,-0.026621060860896863,-2.4336084229099315,-1.4577791637644057,2.1687582823995064,-2.236861252618188,-1.191333671165528,0.29137032481592495,1.2334583307976086,-1.2777794828619078,-1.160004522972005,1.3894177169128332,-1.2241352006863127,-0.4899594835469299,0.03622492998512883,0.3614669270176405,2.107249548994508,0.8387805854914753,-1.5685344153090701,1.8080237316550773,1.0704420464231572,-0.3614669270176405,-0.036224929985129536,-1.2052179168904753,-1.0850176963188372,-0.027453521501095285,0.6924962670077037,0.12023730520615308,-0.7495995951142377,0.4323198869208419,0.4557501964577793,0.07776919801113909,2.2494978524369347,1.0346006017076752,0.589047675382767,-0.37367071236903754,0.3299795798074865,1.8069307783281299,-0.8656330827735822,-0.8213259083916238,1.1520527538291696,0
-0.4577006284139859,0.49062096620506923,-0.8790386569529866,1.0385308760612593,1,0,0,0,1,0,-0.6722068607066928,0.00574440443675031,0.03486227566633282,-0.47252047204185127,1.0969398229787128,0.36959166700014373,-3.1029363899919846,-3.4772129120486595,2.669045768759751,-2.71357643573585,-0.9586107250541405,-0.8478751540754875,0.3553779275735782,-1.429004312679459,-1.2759005135940142,1.724860195261013,-1.3458253964408629,-0.4080090065091236,-0.2763926451691775,-0.8822777243979375,2.8868643123454993,3.4944147216262973,-1.915356828102895,2.331369273918305,0.84789950910883,0.8822777243979375,0.2763926451691768,-1.3785224460974852,-1.268471414691563,-0.4843556823477033,0.4240369789519651,-0.16613050763318102,-1.1206584110564326,0.051710241290561454,0.1973654067106424,-0.34252823615047884,2.776861704463574,3.3867753772878366,0.16937972051014377,-0.8663890242955825,-0.008482709938082702,1.2359135470257274,0.6983559190505837,0.29205785388825667,0.7809029193074537,1
-0.12359721776989524,-0.7719995663965628,0.5693561964423357,1.0385308760612593,1,0,0,1,0,0,-0.7983962307480176,0.8011982076298572,-0.041896812837936774,-0.427964448723792,2.0032063833954625,0.9469174363778,0.2712479226503973,-0.6272034146561272,-0.34105921751540264,1.4349519802386057,1.2075761311942768,1.7577660135511395,-0.8163777445457342,-0.3392941542889526,0.4414814511981593,-1.3785983467980716,0.846500589375295,0.2211137421868345,1.0928891867061536,1.3134690058789504,-0.7161955605363765,1.3031227963451082,-0.9191190111193545,-1.0991520558073147,-1.3540335798111567,-1.3134690058789504,-1.0928891867061543,-0.5646101035717058,-0.03432821836595151,-1.155557086777232,-1.5815118200526717,-1.2452251136304073,-0.05648973137315825,-0.46483142063624716,-0.9284540343304539,-1.4725082230767892,-0.8314172830871166,0.7310941790521709,-0.9801455471844351,-1.2424108939237355,-1.5146398993058652,-0.4771381468814831,-0.37174181903963527,0.29205785388825667,-0.8892713360402683,0
-0.5862019402001745,-1.158516055968491,-1.6032360836506476,-0.4281154315628296,0,1,0,1,0,0,-0.7479204827314877,0.2517070935819873,-0.5024513438635544,-0.21502137624267784,0.9012659350619028,0.35975342770788316,-0.5981547557536974,-0.2219018221823128,0.7614601251058651,-0.8586067942836743,0.43095397881445857,-0.9799782109441916,-0.9576519269957174,-0.9990251096702277,0.5769264508367741,-1.5897928574730151,-0.26273936892213,0.008109331284200126,-1.1014209826064827,-0.24419747799268982,-0.16646536985195826,0.8825194684011691,-2.6385300028065948,0.8993945257087683,-0.5523440951999677,0.24419747799268912,1.101420982606482,-1.107734119211532,0.003196405846651406,-1.3284116653276086,-1.8011603284619129,-1.7828759410473027,0.3845801819166189,-1.4435419379712537,-1.2329789651038652,-1.4104971262332722,-0.05424950115312168,1.0346006017076752,0.48869229486974886,-1.0349505520599276,-0.6684841749419423,1.7434844192945298,0.6983559190505837,0.6260729825722207,0.038603250264021984,0
-0.04649643069818187,-1.0039094601397194,-1.6032360836506476,1.478524768348486,0,1,0,1,0,0,-0.40720918361991093,-0.28441016266365926,0.009275912831576286,-0.44648123763519326,0.44498297934688336,0.12631884086424522,-0.510251635667014,-0.5870477169454008,-1.1526577532786577,0.20077156890038034,-0.7406372600142768,-0.40992663365955484,0.5093502239728006,-0.47649766556698164,-0.7237305053039679,-0.3775432988542251,0.599241782294884,-0.3222072347216828,0.6286220997103051,-1.1825507815298206,0.23340646726320227,0.08072408222688174,1.1963271577836823,0.3229684566804338,0.6482920592868692,1.1825507815298206,-0.6286220997103059,-0.48105256270404034,-0.7097714541928067,-0.1457224436671417,-0.3153027715758717,-0.06751377738387422,-0.49755964466293656,0.18764225758709038,-0.09793149585751397,-0.4803306735805153,0.4661753528205357,0.38964945356472797,0.9380107030757643,1.486989228721996,1.5569053801351747,-0.14404476195508095,0.41025268187244807,-0.1254610569666985,0.9355486836915021,1
-0.7661037767008384,-0.6689285025107157,0.27967722576327125,-0.13478617003801185,1,0,0,1,0,0,-0.7353015457273552,0.15460125649627907,-0.4768649810287978,-0.22833031827274747,0.8587817008212933,0.29535767961308645,-0.7451045652921937,0.6121692448608257,0.565401688146217,-0.6902122200198584,-0.34200286820834996,1.5942930332858094,1.0850768760235157,-0.2587029988649749,1.1071190189153217,-1.3001153485199024,0.4194617284097717,-0.32951810286089916,0.5274811195133241,1.6512761951523172,0.7775930476335683,0.268866028952528,-2.079413591380825,1.3483632500552216,0.12291018664227149,-1.6512761951523172,-0.5274811195133248,-0.14682239923337803,1.2415090048625523,0.47291499535525605,-0.3153027715758717,-0.135786898325702,0.9516700704320475,0.6769975162545934,0.4557501964577793,0.2638024885416898,0.6674062963570164,0.19995793940503753,-0.13168642102891215,-1.164613265724808,-0.6515610604546642,1.0455744699249259,-1.5241547677521787,-1.0996718489615938,0.038603250264021984,1
0.18480593051695732,-0.1535731830814779,-1.168717627632051,-0.8681093238500562,1,0,0,1,0,0,-0.4198281206240434,-0.27859544188008395,-0.5280377066983108,-0.20807758040090238,-0.16824050718678335,-0.05345262256706214,-0.25001177658423107,-0.16237262656311055,0.6668689081032614,-1.1288812187530353,-0.5512289783025198,-0.9645090982819148,0.22412334295130967,-0.9380226646125546,-0.583413108927369,-0.6969126288701681,-0.8320840313289017,-0.07109074740992688,-0.5252107151899512,-0.7945777810288916,-0.5896137327951305,-0.36158891950305844,-1.61196211963463,0.6999654152568704,0.6472183906098034,0.7945777810288916,0.52521071518995055,-1.0102503215325889,-0.7848207026180125,-0.9463120706373036,-1.1163738022448682,-1.3305665148076924,0.3215701943037938,-0.8726274695258333,-0.762349526635866,-0.9764194483286528,-0.5631093583718088,-0.34803976816740156,-0.026262586954630216,-0.8505413592920975,-0.5537830656392774,1.6095421057791517,-0.2985727429309022,-0.6666892747416404,-0.11260594157815922,0
-1.1773079744166424,-0.8235350983394863,0.27967722576327125,1.478524768348486,1,0,0,1,0,0,-0.5586364276695006,-0.1762563560891579,-0.4128990739419065,-0.28908853188828276,0.29434179954152556,0.08786026908540832,-1.5330922542245145,-0.11805622627315263,0.45898323638701644,-0.935063646375825,-0.6016328301273829,0.987607783475666,0.7731953791947919,0.35835274218154345,0.6466682821315007,-1.1032736407450865,1.0348626820934281,0.6973940497790281,0.6912331826893902,0.6614225707698917,2.489863936748795,0.8098539646222437,-1.7361290698150003,2.2893627818667186,1.4630216975853636,-0.6614225707698917,-0.6912331826893908,0.6330479821981672,1.0163612595869336,1.0369667779933252,0.22735824919990022,0.6493539925053206,1.833809897011603,0.10608304780917345,-0.2086678343205727,1.0079356506638961,2.2772538446488637,0.7310941790521709,-0.04957747333644305,-0.9312203811280227,-0.093098282374475,1.489698983160128,-1.5241547677521787,-1.4893561657595522,0.5334696962929761,0
1.0072143259485644,0.5163887321765315,-1.6032360836506476,-0.13478617003801185,1,0,0,1,0,0,-0.05387894750420167,-0.4315225984881154,-0.8350740607153893,0.8138177076470533,-2.271815312063907,-0.9608066009305513,-2.1900315951011673,-1.6557338154232848,0.16468933018483903,-1.861020120083353,-1.5755886869974813,-1.3239794430094642,1.108469218521641,-0.529963179737268,-1.2948662352096805,1.1151247625692706,-0.1994164417302493,0.40309270929809154,-0.20509389995854704,-1.6023404173227471,2.515759279440418,0.9753780545184035,0.8954570126720908,2.316380189197105,2.4418840340726997,1.6023404173227471,0.20509389995854635,-0.5367575899491508,-1.2351161931692491,-0.18211288125669506,0.4082452561251572,0.3079883877961804,-0.5920746260821743,-0.709509049969999,-0.7069813574043363,-0.23228628620644656,3.0760096205254692,1.5067217036162384,1.332082967464007,1.6706780730805761,2.7368225291093116,0.6225987430342572,-0.9388021588823152,-1.5326544231815473,2.361726288566616,0
-0.7661037767008384,-0.05050211919562982,0.27967722576327125,-1.6014324776621007,1,0,0,0,1,0,-0.7353015457273552,0.15460125649627907,-0.42569225535928473,-0.2804087870860634,0.9411737387828446,0.3356050221723344,0.16729120688440993,1.2788890408878626,-0.6589265249449094,0.03555219964285997,-0.07275611005831371,0.45190437227787134,0.9170615612924998,-0.49696963770899893,0.7976659263026316,-1.2407924802813906,0.16665888375896637,-0.6811753872106249,0.6417267449849983,-0.020113106998745453,-0.7291887018764834,-0.9562311296760792,-0.34610214734322386,0.11722736820461316,-0.5704486792033951,0.020113106998745453,-0.6417267449849989,-0.48105256270404034,0.7161642658861095,-0.04564874029587195,-0.6770767854263857,-0.5795621844475838,0.3215701943037938,1.166352774922097,0.8986955503100138,-0.5423417704240322,-0.7203933142394032,-0.9381911455531051,-0.2046721523111086,-0.3477381696360611,-0.2792525417345383,-0.4771381468814831,-0.12479618717266176,-0.15329565102369538,-0.3944048900113141,1
-0.14929748012713334,-0.7204640344536393,-0.8790386569529866,0.3052077222492148,1,0,0,1,0,0,-0.5081606796529707,-0.21172615286896748,-0.7966945164632545,0.42612243981458997,-1.0965742900288764,-0.4921486564628645,-0.4475409238142011,0.3946234997281858,-1.9482507843975927,-0.007478630492598511,0.09733760008940628,-0.4144336016732433,-0.23325279363822418,-0.6809456680841813,-0.4627202918081567,-1.8669829170536882,0.7364130734089606,0.5601998798478448,0.5364130502320184,-1.0972459357537168,-0.05807633929397428,-1.0051761683379234,0.7871863085663134,0.7403177450622385,0.4203825012929614,1.0972459357537168,-0.5364130502320191,-0.6760201580619267,-0.4846237089171882,-0.19121049065408274,-1.1034533017502068,-0.801449827508525,1.5817699465603012,-0.5463906304141645,-0.8177176958673952,-0.35630847989348147,0.029018475482663446,-0.8623145398892288,0.38833691435672935,0.754394896515422,1.0407503882731821,-0.667477223982284,0.28677986593896093,-0.2089648391376897,0.34789477903211874,1
-0.12359721776989524,0.5163887321765315,0.5693561964423357,-0.13478617003801185,1,0,0,1,0,0,-0.7100636717190902,0.08482460709337497,-0.8350740607153893,0.8138177076470533,-1.0707561904610863,-0.5636994876793052,-1.297541756179451,1.519007660247786,-2.1187206044617364,-0.3524248077275643,-1.1326372196893792,-0.4116037496406925,1.3819093221793766,0.9557446086546216,3.1055102444151403,-2.0238937828727845,1.900849372423106,0.9572998159039876,1.3564759393421526,-1.9067147440421726,2.7592321494084935,1.0261463047424766,0.8625439756447955,2.3609528778345705,2.4071008045366415,1.9067147440421726,-1.3564759393421533,0.6609004958207222,2.4422969796658496,-0.6097005229339397,-1.4781478160953823,-0.8185181077439823,1.0146800580448727,0.2692014673650073,-0.319404172783631,-0.5423417704240322,3.2487135720663565,1.4898602356909325,1.172933525640331,1.5064386357717279,2.580753806615521,0.47455723862252236,-0.6186874509066087,-1.32234860141757,2.203643951640699,1
-0.09789695541265715,0.05256894469021735,-0.4445202009343899,-0.8681093238500562,1,0,0,1,0,0,0.009215737516460692,-0.4385002634284058,-0.1442422641769629,-0.3891949219405457,-0.12935601309852757,-0.03645930015315746,-0.03452424016042433,0.061019654638683155,0.0740173059022205,-0.3863750600700671,-0.14409860399327826,1.31697066524029,1.0276858220511575,-0.6309695983211395,-0.19824759401314251,0.05454114286151373,-0.6592185949009065,-0.579910382347572,1.1441644212614845,0.6614225707698931,-0.5824505917982243,-0.28235147863795784,-0.04637554811470495,-0.13170209495204663,-0.3788343754056065,-0.6614225707698931,-1.1441644212614852,-0.6667359868544083,-0.3095087959250406,-0.40348804325980714,-0.3153027715758717,-0.5454256239766699,-0.40304466324369825,1.0032343553662626,0.47420625286828905,-0.9970898139431584,-0.6291950541144954,-0.39621539081113233,-0.44187577897824326,-0.3977509306210864,-0.4194726332005599,-0.5405845059150832,-0.677484029922555,-0.4634525562302334,-0.45626319576493324,1
0.3904080293748593,-0.978141694168258,-0.15484123025532542,1.478524768348486,1,0,0,1,0,0,0.021834674520593164,-0.44896676083884146,-0.11865590134220637,-0.39729601708928375,-0.11600863139997211,-0.03824807093356848,-0.3159669878596235,-0.13748613050671912,-0.640991798208231,-0.38349812793576654,-0.7324740813438306,-1.4523009552338144,0.32789145853015206,-0.3768992031340085,-0.06356683218033234,0.23885824524504656,-0.30855848979825934,-0.48976058063055666,-1.0117882743416888,-0.9772859963810743,0.06276654520445228,0.12502417181050837,1.1162867625729203,0.2121199129942346,0.47409629654832475,0.9772859963810743,1.0117882743416882,-0.3417899945912644,-0.03432821836595151,0.09081540066495114,0.2015172482105774,0.06903246449978255,-0.40304466324369825,-0.22015379130249568,0.2896456887631914,0.5118468759157585,0.3312503906792172,0.49503362809788926,1.1090710107684099,1.5986432321556434,1.6086148966240814,-0.04711282454263545,0.5245793632923436,0.0755665667782797,1.0558287226568732,0
-2.0254166322054865,-0.87507063028241,-0.15484123025532542,1.478524768348486,1,0,0,1,0,0,-0.16744938054139394,-0.37919011143593734,0.40586453677030254,-0.56626171590582,0.4000099816221053,0.14599531944876643,-0.2617892503938213,0.566856247995455,-0.9699304980734487,0.4750440266296166,0.3167771235270016,0.12194951064420761,-0.6163754712867179,-0.3877978641445759,0.4017841723609942,-0.5826668941523448,0.4584007267178495,0.7955281378735943,1.4008254564523381,-1.2229970446133172,-0.023458731240857896,-0.37552942626706426,0.740403447288384,-0.18721151893554314,0.364852614594967,1.2229970446133172,-1.4008254564523388,-0.4253475354589299,0.26586877533487285,-0.2730889752305771,-0.5220307794904515,-0.32353798091572933,0.7311351137871589,-0.30171300108041293,-0.8730858650989243,-0.4183195767369984,0.11922545017143077,-0.17942508891434333,0.6186981287161591,0.9359226956462544,0.7953652282076441,0.2524949820049213,0.7189347217061651,0.15288488360327163,0.08499697957923605,1
0.3904080293748593,-0.3854830768246345,-1.6032360836506476,-1.6014324776621007,1,0,0,1,0,0,-0.36935237260751347,-0.3041802133278154,0.07324181991846762,-0.48756536303236475,0.436026689386322,0.14286497058304715,0.7268872382963609,-0.967659449667132,1.774139016387942,2.0325922887128978,2.8201254209369617,1.1964002932948583,-2.4678957518165303,-0.8145753654322567,-0.8491553046735622,-0.784049877368708,-0.8547652366552168,-0.900134954712159,-0.5972369986170187,2.224079690007158,-1.8246685065395298,0.4774778194819253,-3.2132019826848164,-3.5934716270138933,-4.545107751804974,-2.2240796900071573,0.5972369986170181,-0.8152827261747027,-0.8598699510432187,-0.30947941282012914,-0.6512357844370638,-0.9209277891567239,0.19555021907814235,0.02452383803125581,0.34501385799472056,-0.4803306735805153,-1.7196090338688252,0.19995793940503753,-0.6243401071837319,-2.0463197186459943,-2.8854121727754207,-0.0647368131630805,0.6160407084282594,2.5188253784480175,-1.3841377820692236,1
1.2385166871637046,0.8513696898055362,-0.8790386569529866,1.478524768348486,0,1,0,1,0,0,0.11016723354952047,-0.49664747126415926,-0.054689994255315046,-0.419863353575054,-0.12607282844996656,-0.05747735682298693,-1.0757288431100713,1.9087587492183886,-1.2571073811736995,-0.8730221755376055,-1.5574729468091428,-1.1553518147659294,0.6576073914663747,-0.9524918509477323,2.1944840933466194,-1.1169739925166413,-0.4778460011683871,-1.2622682940604562,-1.601295701775523,0.012383503443245562,0.5441085078902216,-0.42144529532992003,0.5960567614929723,0.7055727214181899,0.7924318010305544,-0.012383503443245562,1.6012957017755223,-0.7595776989295921,2.667444724941468,1.0642596061854894,0.24027874969456073,0.03489590402886805,0.8886600828192224,-0.38327221085833024,0.4557501964577793,1.0079356506638961,0.917210226264372,-0.02767187758659086,1.3371514210252706,1.4934723644052397,1.7515211967388769,0.5697267771729232,-0.28942660841731066,-0.32030321536567735,1.5232025883508855,0
-1.280109023845593,-0.41125084279609675,-1.6032360836506476,0.5985369837740325,1,0,0,1,0,0,-0.028641073495936725,-0.42687082186125513,-0.3233468040202586,-0.32033561317627235,-0.28857517883916367,-0.08073137696833017,-0.5833216021317463,0.9821549232769733,0.35543057237016185,-1.3143318653014175,-0.6251604762768236,0.3829003545144115,1.1442505181114104,-1.4045604026717784,0.5073848626999894,1.0764486328354348,-2.431910187678703,-1.6052164953377503,-0.5636247330177211,1.0812265632535092,-0.5922973175328218,-0.8397514380043407,0.5958415642645436,-0.6358629565082676,-0.7544422406603666,-1.0812265632535092,0.5636247330177203,-1.3166279713806959,0.491016520610491,0.06352257247278678,0.6149732640397371,-0.47715250303484213,-0.5290646384693491,0.9216751455883455,1.397009073393778,-0.35630847989348147,-0.44283339212011924,-0.6346847228976005,0.6802798394855113,0.9099901529132779,0.5669031826293847,-0.3819686083310823,-0.04248097655033679,0.5704037944582268,0.8427612250610729,0
0.3647077670176212,2.113990222407169,-0.4445202009343899,-0.8681093238500562,1,0,0,0,1,0,-0.00340319948767178,-0.4338484868015456,0.20117363409225028,-0.5193910939738356,0.13956784387927884,0.06773659780578437,-0.5874072353836837,-0.26292583970715344,2.388041873605964,-0.8751289466220283,0.3359637182445993,0.6013183674978446,0.03152856264091009,-0.8999504994979292,-0.241195080577924,-0.09815664736240705,-0.6336816554285892,-0.1907376428082411,0.5444209881177456,0.28017642692511974,-0.08241587542647892,0.11925002948299582,-3.363171205503913,0.5538948660502757,-0.622987471997648,-0.28017642692511974,-0.5444209881177463,-0.7595776989295921,-0.03432821836595151,0.6548671833030202,0.49868875958778525,0.20557870638343811,0.8571550890128092,1.166352774922097,0.954063719541543,0.20179139169817292,0.16383329479774422,0.47094581677602393,1.056938345566843,-1.0831109885640253,-0.8304625564630365,3.175559380338653,1.2040064985877206,1.5247327335552667,1.2227479604047344,0
0.5189093411610479,0.1298722426046032,1.0038746524609323,-0.13478617003801185,0,1,0,1,0,0,0.03445361152472564,-0.45768884201420446,0.34189862968341117,-0.5570033214501194,0.1922316041758247,0.07846922248825047,1.6035755850083786,-1.5722468824869333,0.7611992891093885,0.6598562024890046,2.6270822904682616,2.4128072541277503,-0.6716662653133596,2.979436536093306,3.6508410613134457,-1.6968394412516186,2.392617682514133,0.9334543236661701,0.6312676384277316,2.664697762972419,0.7472069949225327,5.815290618424591,-2.745744924425665,1.4810555782029473,-2.503999176580714,-2.664697762972419,-0.6312676384277323,2.387756340419144,2.892592470217086,-0.6278957417287164,-1.3360223106541085,-0.5112890635057554,0.3845801819166189,0.35076067714292497,0.06817301183707392,0.015758101167622184,0.22331042096616224,3.9937882225988464,-1.3541974200056863,-2.3056451459757548,-1.785409731102321,-1.6508957890030895,-1.0302635040182315,0.29205785388825667,-1.0748462533011267,1
-1.100207187344929,0.18140777454752677,-1.8929150543297122,0.3052077222492148,1,0,0,1,0,0,-0.06649788450833415,-0.4140784361373894,-0.2593808969333673,-0.35216134411774325,-0.18293011929558706,-0.04629753944541806,-0.26375062220448614,-1.2170494052341565,-0.024932128728400574,-0.12567365070981665,0.2785857300430177,0.07526405724204761,-0.4888454141543477,-0.5917522100288596,-0.33391005657645806,-0.32182462993910915,-0.34312179686114674,-0.18274246184692064,-0.6135009981005504,0.7111140177770428,-0.22452017527986687,1.3359347387596627,-0.28931966123682934,-0.17045670592215026,-0.5405875391202336,-0.7111140177770428,0.6135009981005497,-0.48105256270404034,-0.18442671521636386,0.4557306220490789,0.20869530404094497,0.0614465621729128,0.6996301199807459,-0.3107751355001815,-0.04871534542948758,0.5531876071447698,-0.10976148557697851,1.4898602356909325,0.4978155112800227,0.2616765845888761,0.17767154942198057,0.1890486229713212,0.28677986593896093,0.7374113588002092,0.7190446135538346,1
-1.3829100732745436,-1.5708003115118816,-0.15484123025532542,-0.4281154315628296,1,0,0,1,0,0,-0.1800683175455264,-0.3751198068874346,0.38027817393554597,-0.5616325186779697,0.39911427925781123,0.14554812675366366,-0.177015652411252,-1.3482634102223694,1.0920175044378118,0.4784894755926827,1.070640916516681,2.2125328867459793,0.23235124814763283,-1.2220158312412481,0.004059382129554459,0.42133216195469103,-0.43881516345521426,0.3038164574004084,0.5061221547512287,2.515665179469463,-0.9748792462863197,1.854600442940481,-1.0694263217237732,-1.081530016447473,-1.0952679895673514,-2.515665179469463,-0.5061221547512293,-1.130944547230328,0.06573744620098994,0.20301924989940578,0.3953247556304958,0.19419985289313407,0.3845801819166189,0.5954383064766764,0.3819259708157405,0.139780294854656,-1.1182292026103766,0.8322629866040054,-1.597483190946338,-1.7869942913162333,-1.9828460667872365,-0.6463284376377507,-1.5790315748337282,-0.7285439282016336,-1.4872349583252553,0
0.7759119647334253,-0.978141694168258,-0.4445202009343899,0.5985369837740325,1,0,0,1,0,0,-0.20530619155379135,-0.36581625363371406,0.23955317834438508,-0.5367505835782743,0.34569971621367224,0.1334739239858893,-1.858568053500221,-1.6235676161276718,3.341836530517544,-1.6423964232258668,-0.18764038497916208,-0.2767214201354253,0.17820279471690062,-1.699138097346028,-1.5763370578634741,3.0697289241942243,-1.4366359951224508,-0.29089311039477633,-0.1934532884955867,-0.18555039652161812,0.8866253544202258,0.6492576453446445,-1.4836209641176412,0.7942279486230137,-0.04005881420883722,0.18555039652161812,0.19345328849558602,-1.5951531076062477,-1.4602639384448675,0.04532735367801011,1.6356928031179738,0.8371050750953478,-1.726254403113031,0.2692014673650073,0.40038202722625016,0.20179139169817292,0.5286263352973745,0.27583454506891375,-0.7976812189789466,-1.3591073362221284,-1.0238695791747903,0.12560226393772106,-0.20711139779498602,-0.32030321536567735,-0.76555472453303,0
-0.4063001036995106,-0.514321906681944,-0.8790386569529866,0.5985369837740325,1,0,0,1,0,0,-0.14221150653312897,-0.3867492484545853,0.9303849748828115,-0.6472726673932004,0.6037344525936346,0.20278879172681627,-0.0031499786369610814,0.7020749969785443,-0.5616211854114702,0.35132787857819386,-0.44641567217292344,0.038700885427256845,0.277406412321269,0.46216423482133295,1.3843830509344697,-2.9998806528204223,1.0124094899316942,-0.7437891903982089,0.5873904109192033,-0.529783266025729,0.4661691798920804,0.4232245833228973,-2.2468357738186935,0.5292666217184391,-0.14580314014156226,0.529783266025729,-0.587390410919204,0.35452284597261524,1.1664597564373458,-0.2276009282436361,-1.6977963245046235,-1.3134982345722352,1.2352150146897614,0.9216751455883455,0.6772228733838963,-0.728375060954584,0.6951622885689447,0.7310941790521709,0.890113816921823,-0.5422322401333817,-0.3130987707090945,2.377948009630533,1.439192814651505,1.2384340518261547,0.7809029193074537,0
-1.3572098109173063,0.38754990231922204,-1.6032360836506476,0.3052077222492148,1,0,0,1,0,0,-0.11697363252486404,-0.4001231062568086,0.047655457083711085,-0.47252047204185127,0.13327652019567707,0.05745116581842101,-0.45139321748510275,0.04291134651989741,-0.12992573349069228,-0.4482352062143398,-0.7631059774591884,0.36099684357112494,1.1020407381398467,-1.681178080595353,0.5773214271368469,0.8115986303518153,-1.5308794622226705,-1.362034474500245,0.5061221547512287,-0.009609152108407288,-1.0521400723715006,0.5194507623211734,0.9931911834496577,-0.9124570234285795,-0.3376864213012179,0.009609152108406583,-0.5061221547512293,-1.555363802431169,0.7804921931077146,0.6275743551108558,0.9859762068150089,0.23483861535850717,-0.4705553642574395,1.7605698747326368,1.5947525349349545,-0.12598154876041756,-0.9146852597229018,0.7310941790521709,0.6346637574341392,1.0915179520441112,0.600749411603942,-0.09645999267988113,0.12214944469431245,0.1250502895462747,-0.20882997275045564,1
-0.38059984134227254,-0.41125084279609675,-0.15484123025532542,-0.4281154315628296,1,0,0,1,0,0,1.0944443198718534,-0.6722520389281346,0.17558727125749374,-0.5136045974390228,-0.4299568538961165,-0.12008433413737257,0.2786500882589979,0.8533423025301027,-1.8865255658927247,1.5322700925606345,-0.01914682403070114,-1.5462870061373613,-0.4680096096830131,-0.9802303800257155,0.38657023135059737,-1.6213161519200283,0.6710881906905806,-0.3830522433623534,-3.3534427777594207,1.2169526660865582,-1.366904376838811,-0.7839815190197121,0.9496772740099152,-1.4045584789573637,-0.34908415159963996,-1.2169526660865582,3.3534427777594193,-0.8524194110047761,0.5660657690356972,0.566923625794934,-0.4229736090313822,-0.14716575181600602,1.119696704066248,-1.5794739542677825,-0.17175572149955282,1.7934095440151123,-1.34952913770978,-0.9381911455531051,-0.8828312388081736,-0.31748353644758887,-0.8264332434898747,-0.6992004034990842,-1.0302635040182315,-0.6357619480116439,-0.8686519007890618,0
-0.6633027272718879,1.0059762856343069,-0.8790386569529866,-1.6014324776621007,1,0,0,1,0,0,-0.09173575851659908,-0.4105896036672442,-0.16982862701171944,-0.37530733025699475,-0.06959265505279941,-0.025726675470691355,-0.5113477199061547,0.7686669734564383,-0.3187809708592776,-0.5691083434592503,-0.6893188436128153,-0.7262474114243488,0.5169916208439496,-1.1898020833417429,-0.17101035024277064,0.42133216195468876,-0.93004111197143,-0.6937497511843851,-1.0827475017179835,0.08334093927970501,-0.47779477055158065,-1.226333958901965,0.859182456036037,-0.1533841900762901,0.21883665215322087,-0.08334093927970501,1.0827475017179828,-1.17736540326792,-0.3345252120667762,-0.5642124759469986,-0.2765412700918884,-0.6136987449184976,-0.7180946013078251,-0.38327221085833024,0.12354118106860354,-0.23228628620644656,-0.6371253376036178,-1.317574173872486,-0.97102233077416,-0.4385020692014777,-0.4654068010946016,-1.0798785577006862,-0.8656330827735822,-0.9326642846196119,-1.136704559054746,0
-0.6633027272718879,-0.2566442469673251,-0.8790386569529866,1.0385308760612593,1,0,0,1,0,0,0.13540510755778543,-0.49955483165594694,-0.4128990739419065,-0.2659425457490312,-0.530323446321007,-0.17866657719583343,-0.9683417465424521,0.4705553846573,-0.6920619113485128,-0.43696441394662316,0.12104174908536774,0.028366989499142774,-0.6064876391297939,-0.42469881512392316,-0.6354395239946027,-1.5494247606879528,-0.8566897711098236,-0.6477064128906611,-0.6910894285371356,0.7241032714020105,0.9221487186206757,-1.2824213985707833,-0.6109506415124225,-0.25916817965489347,-0.789719448311153,-0.7241032714020105,0.691089428537135,-0.2582324537235989,-0.40957446049198204,0.74584327727690225,-0.25070026910256554,-0.5624939042121272,1.9913348660436665,0.02452383803125581,0.40038202722625016,0.5118468759157585,1.0837461795359422,-1.0899443568808573,0.6529101902546883,0.20981149912292413,0.09305597698558829,0.41111087958892223,0.7806711296729086,1.3497724280541432,0.6571863078002155,0
-1.922615582776536,-0.12780541711001567,-0.8790386569529866,0.3052077222492148,0,1,0,1,0,0,-0.05387894750420167,-0.4228005173127524,-0.3617263482723934,-0.3041334228787963,-0.31645932121373416,-0.09012242356548801,-0.2265227759823769,-2.4671293042173406,1.5165477890215606,0.38154967568445936,1.8463122786231438,0.7018615102306678,-1.6722560467262968,-0.4352643413692044,-0.650504008936112,-0.5396683278636994,0.6873761446487199,0.8961081788497799,-0.003877616098807187,0.9611011618955224,-0.1199255671535523,2.73455175985882,-2.6154862563320296,0.1661414222810025,-1.525421163793312,-0.9611011618955224,0.0038776160988064777,-0.6760201580619267,-0.9349191994684248,-1.3375092747249961,-1.3618633116434313,-1.0745423112758372,-0.24551969421163483,-1.0357458890816678,-1.149926711256571,-1.1624527388592034,-0.14676947519288291,2.476256109321323,-0.10735784393484708,-1.419616602599072,-1.277716296483967,0.67547070889559,0.7532327261321339,1.4982235963581267,-0.04387449074080463,1
0.8530127518051386,-2.318065524684276,-0.8790386569529866,0.3052077222492148,1,0,0,1,0,0,-0.8236341047562825,2.08101825209479,11.791795998236958,-0.8075586214075173,4.528636364069282,2.22454696628637,-0.46022391391815853,-0.33929878205012765,1.193364177143386,-0.7490082768119533,-1.5054747225437783,-2.965381984198965,-1.01827011410158,0.08706775114200521,-0.13588345555387124,0.7952910312388208,0.6754290612279072,1.9329753913191345,0.8989187262297652,-4.935963995678347,0.726949626448509,0.3295731637626698,-0.8321780192712457,1.6816057551755905,3.8443651178748355,4.935963995678347,-0.8989187262297659,0.4241541300290032,0.28463108744117427,1.3440110951551771,1.6227723026233125,1.8868043095759535,1.6447799341731264,-0.6279498401920818,-1.0253483304856301,2.387682555432152,-0.47058938433204756,-0.9381911455531051,-3.361305030266061,-3.083621427965037,-2.5469498830298516,-0.5405845059150832,-0.20711139779498602,-1.6563637301015341,-2.9305954259097073,1
-0.09789695541265715,0.18140777454752677,-0.4445202009343899,-1.161438585374874,1,0,0,1,0,0,0.009215737516460692,-0.4385002634284058,-0.438485436776663,-0.24106061064933582,-0.4774820232488,-0.15094063009946265,0.047659450283962145,0.13754130390967267,1.0112132334176203,0.24213805008392636,-0.07779569746479952,1.6514501610751156,0.9534799205336382,-0.7486632297532226,-0.27708201162129653,0.16135143512366729,-0.7241553838448005,-0.46908778151991243,0.8615353283924961,1.3979208031972914,-0.8143271037191665,-0.46635443269264276,-1.2202197342995322,-1.0451729668208538,-0.3568347013022646,-1.3979208031972914,-0.8615353283924969,-0.8391563092797498,-0.5060663513243898,-0.8410397333246685,-0.6383152839424023,-0.8624079712065859,-0.6505839002940839,0.47892514965108013,0.09190222722201546,-1.277616204425736,-0.9146852597229018,-0.7105613285614767,-1.0075151964152582,-1.3980061503215924,-1.633101700716815,0.5380035976561225,-1.277209135885205,-0.8769950965056176,-1.0748462533011267,1
-0.7661037767008384,-1.2100515879114147,1.0038746524609323,-1.6014324776621007,1,0,0,1,0,0,-0.21792512855792381,-0.3629088932419264,-0.6047967952025805,-0.0940835986650885,-0.6011742540002513,-0.20639252429220423,0.1261285563821209,1.639097201787082,-1.1966403962438246,0.13404325823305022,-0.43387045717391065,-0.08374132218078219,0.09793402625598709,-0.8215345173545975,1.1871806335017274,-1.3407015162607934,-0.758594504083632,-1.0014276718036055,-1.0618771407249559,0.9389436438584764,-0.9962524378535944,-1.0604208520282348,0.28857178227511204,-0.9332931188282102,-0.4136463658851501,-0.9389436438584764,1.0618771407249543,-0.8709877534198129,0.7912135143113154,-0.646090960523493,-1.1809763047181743,-1.3647030752786062,0.2270552128845555,-0.5463906304141645,-0.09793149585751397,-0.790386157798101,-0.9979532363586869,-1.0899443568808573,-0.49661507743988936,-0.2829068128036209,-0.6177148314801074,-0.3185222492974822,-0.4540570296619595,-0.04195727479570725,-0.45626319576493324,0
-0.9717058755587404,0.18140777454752677,1.4383931084795292,-0.13478617003801185,1,0,0,1,0,0,-0.10435469552073157,-0.4018675224918812,-0.6559695208720935,-0.007286150642895218,-0.8590650364872796,-0.303433339129502,-0.1392728166029165,0.28645749895801587,0.20320288450249088,0.10974847337328104,-0.08342595545344249,0.964698610515717,-0.07927094938333053,0.060168704422578795,0.2067465559077763,0.8957482043887457,0.4367954708065436,0.5945917605577664,0.8847583482611033,0.43824128821613495,0.2537821022754391,-0.18605774608427414,0.6223554093313443,0.28485580468481236,0.6889609542450228,-0.43824128821613495,-0.884758348261104,0.27096530510494976,0.491016520610491,0.8641121994429487,1.248077788278137,1.4003583228654286,-0.05648973137315825,0.18764225758709038,-0.2086678343205727,0.9459245538203791,-0.007989514133240944,-0.4323471077939307,-0.8372151567568015,-0.4255357978349895,-0.29053461805938996,-0.6992004034990842,-0.8930714863143573,-0.8213259083916238,-0.76555472453303,0
-0.7661037767008384,-0.2566442469673251,-0.4445202009343899,-0.13478617003801185,1,0,0,1,0,0,0.7284951467520117,-0.6268972168162469,-0.7327286093763631,0.11249432762773152,-1.668642053685973,-0.5690658000205383,-0.49294539982144936,2.5405456105054354,-2.4420697368214364,2.2691042617646584,0.4456495622675183,-2.749940296700444,-0.801544659608445,0.42566953161859933,3.956128588158278,-5.319245442635478,4.628430048778894,1.3557055783338763,-2.7148097313727666,-1.0580753433055055,1.11077655855545,0.47618419275551765,-2.0069375437183976,1.524058540126906,0.7442163734978533,1.0580753433055055,2.7148097313727657,0.911573118423719,5.069020674548063,1.7192874827974407,-1.9303653334085251,-0.5454256239766699,6.37052900513503,-1.85133798686084,-1.0945585420250417,2.620224168595341,0.5563823275093027,-0.02767187758659086,-1.208225957441296,-1.8907244622481374,-1.3454087544330806,0.47455723862252236,-0.7010026615289333,-1.1553410370755877,-1.0748462533011267,0
-1.100207187344929,-1.3646581837401863,-0.4445202009343899,-2.334755631474145,1,0,0,1,0,0,-0.5586364276695006,-0.15474188918992915,0.25234635976176334,-0.5436943794200497,0.8937426856617443,0.3011711846494223,1.3029584243397492,-0.6539108693478161,-1.808148559947269,1.5682099538103353,1.328988699704371,0.9755636226915737,-0.2600260296876034,0.4323296694399282,0.556911168568476,-2.1657202933193367,0.913308766673453,0.6399325154621092,0.5581846313588362,0.7769517052683067,-1.3798166948499666,1.4554145729689398,0.29545962126617936,-1.2129291360219387,-1.1029808495284554,-0.7769517052683067,-0.5581846313588369,0.438080386840281,0.5660657690356972,0.13630344765189217,-1.0259302987822392,-0.6649035856248688,2.1488598350757298,-0.05703537174666111,-0.319404172783631,-0.046252995675895824,-1.1644891896302574,2.223334090441736,1.7020800774362477,1.6274571685256167,0.9222885868622325,0.67547070889559,0.34165667302051117,0.848749735028197,1.605680329355712,1
-0.4577006284139859,-1.4419614816545723,-0.8790386569529866,-0.13478617003801185,1,0,0,1,0,0,-0.6722068607066928,0.046447449921777705,0.8792122492132983,-0.6420648205118689,1.5341409453192716,0.5319226153224437,0.16863854255636693,-2.939430991271202,2.9244633660855768,-0.09304767641596243,1.5359844658262791,0.4963327845021318,-1.607594328142764,-1.3099162745542932,-1.0139097814544935,1.7004030857566217,-1.0433171621835933,-0.13542129358610633,-0.088318892712161,0.7645323233097278,-1.5433489058039045,3.0187487222945792,-2.289098276604724,-0.9088340307210301,-2.1290675674661608,-0.764532323309727,0.0883188927121603,-1.2609229441355856,-1.009968447893631,-0.32767463161490584,0.5632912620610914,0.08610074473523979,-1.0016395455655394,0.02452383803125581,0.06817301183707392,-0.17027518936292965,-1.4420491117495413,2.8556391376407038,0.05990112358685037,-1.1386807229918314,-1.3623318689203594,0.5697267771729232,1.0276167615398821,1.6837875567381073,-0.76555472453303,0
-0.14929748012713334,-0.41125084279609675,-0.8790386569529866,0.5985369837740325,1,0,0,1,0,0,-0.6848257977108253,0.07842841423144209,-0.3233468040202586,-0.32033561317627235,0.8133652694943978,0.3078790750759636,0.15120158581631477,0.19407159133057422,-2.099809906089621,1.5927208686714729,1.7425405064296742,1.3949235280207255,-0.9197879620250157,-0.3265364519568088,-0.5862523477776861,-2.2265250888141277,1.6182094448508677,1.7129333093398678,0.6912331826893887,1.2169526660865582,-0.5365208610658773,-0.8536640819913697,0.633067496675567,-0.5470743546248317,-0.5930420198070493,-1.2169526660865582,-0.6912331826893894,-0.5089050763265954,-0.7848207026180125,-0.9372144612399159,-1.8011603284619129,-1.2452251136304073,1.6762849279795395,-1.1988643086375024,-1.5375038958772762,-0.5423417704240322,-0.49834537654397587,-0.7864379342253526,0.05990112358685037,0.37837302688726915,0.12690220596014448,-0.6992004034990842,-0.5363722402842841,0.013711913318286572,0.34789477903211874,0
-0.8432045637725518,2.113990222407169,-1.6032360836506476,-0.8681093238500562,0,1,0,0,1,0,-0.5460174906653681,-0.1576492495817168,0.20117363409225028,-0.5193910939738356,0.8334976384969283,0.2801531279795928,-0.3548931247882153,-0.19611008853396555,2.699679101018081,-0.8608420349910587,0.6023449926547583,0.27780729606844207,-0.675298230152058,-0.7621081167645463,-0.3338058209358548,0.4390764053931637,-0.5535709536736012,0.01143542842141611,-0.24010667662448304,0.6170308964865959,-0.26800192155055635,-0.06523209253972358,-3.2493223278239447,0.6140305706848621,-0.7719135207504181,-0.6170308964865959,0.24010667662448232,-0.7317251853070371,-0.3345252120667762,-0.07294156848803632,0.1627557467265941,-0.06751377738387422,-0.024984737566746233,-0.38327221085833024,-0.319404172783631,0.07776919801113909,-0.01955451088821119,0.29480369648488275,1.1204750312812528,-0.976602330910731,-0.7065611825383191,2.9093112665369367,0.7189347217061651,1.1966821607406595,1.1675173302675748,0
-0.2263982671988458,0.5163887321765315,-0.4445202009343899,1.0385308760612593,1,0,0,0,1,0,-0.4576849316364408,-0.21172615286896748,0.022069094248954552,-0.45284638382348746,0.5369850734936037,0.18713704739821985,-2.4332073472826488,-2.799151288577459,-0.25745532818904215,-2.2734033489044845,-2.3317565245090983,-1.0134021482629765,1.3673668804367833,-0.5541623695604387,-0.09579027511701842,-2.086450915162226,-0.7335507325649446,-2.260744199555457,-0.6135009981005504,-0.7736968421314995,2.8297215370619657,3.745962394460954,-1.7447318947398818,2.3438449070521927,0.8242209891759549,0.7736968421314995,0.6135009981005497,-0.4346317066664483,0.06573744620098994,0.5062728964790135,-0.7244519539068103,-0.9436854961373332,0.5421051509486824,1.2750983879593196,1.8584104836565227,-0.17027518936292965,2.0274499147415077,2.7038859263129513,-0.989268763594709,-1.6184327635518894,-0.8207922053274488,0.062155904904119784,0.36909507656128593,0.013711913318286572,-0.332546584257695,0
-1.100207187344929,-0.7719995663965628,-1.8929150543297122,0.5985369837740325,1,0,0,1,0,0,-0.06649788450833415,-0.4140784361373894,-0.7839013350458762,0.43190893634940286,-1.5379200080792208,-0.6522436413096506,-1.3541592744168072,0.04405444405790136,0.874842831646178,-2.0014249645392708,-1.1032691068916154,0.36636857132229805,0.9561620455287606,-0.6690313588239767,-0.14460152620694566,-0.4287738941957094,-0.3832791703473795,-0.2516081180573951,-0.6280087910670794,1.122534507594003,1.2145031841873928,-0.20532474162978126,-1.6268158711386393,2.3237429415386956,1.188657516891598,-1.122534507594003,0.6280087910670786,-0.5367575899491508,0.04072103005925432,0.5820863081239148,0.2531992501892221,0.08610074473523979,0.8571550890128092,-0.22015379130249568,0.06817301183707392,0.6358690696027934,1.8886699536818656,0.38964945356472797,1.9301604876931084,0.5793502330678334,1.5569053801351747,2.790349343348936,-1.0302635040182315,-0.6821529381066387,2.636652091916034,0
-1.5628119097752085,-0.6946962684821769,-0.4445202009343899,0.3052077222492148,1,0,0,1,0,0,0.3877838476404349,-0.567005592745421,-0.7966945164632545,0.4955603982323446,-1.963271501369843,-0.8190465165829781,-0.8365313715409958,1.2233364469842485,-0.9896798024107365,-1.161278529914476,-0.9958480766797816,-1.612630100892807,0.29186029994182316,-1.2230331074907062,0.641681775822444,-0.5665678358053505,-1.1086687296136917,-1.0830255874667214,-1.4375436385994584,-0.7736968421314995,-0.05882303488599332,-1.0362449488601153,0.7835794089745293,0.4694754402654717,0.23728757996920602,0.7736968421314995,1.4375436385994576,-1.246996687324308,0.19081952690966666,-0.9872513129255508,-1.0905328012555453,-1.39883963574952,-0.48180714775973,-0.8318478646368748,-0.26403600355210183,-1.1004416420156866,-0.026493508941193386,-0.9381911455531051,0.16025650409986858,0.5469345546516133,0.7192112130148905,-0.7626467625326843,0.36909507656128593,0.013711913318286572,0.16231986177126023,0
-0.5091011531284612,-0.8235350983394863,0.5693561964423357,1.478524768348486,1,0,0,1,0,0,0.9303981388181312,-0.653063460342336,-0.5536240695330674,-0.15889235985499284,-1.172230061797102,-0.3794560972969703,-1.2855524640949172,-0.7355057141728216,-0.3454999694182052,-1.204142860846503,-1.2486022760461994,-0.07568173905831702,1.5781893860047331,0.48407381712870823,0.04951017803390838,-2.077046195274084,0.6883377277273496,-0.19359636363843635,0.6152054390719301,-0.7133741297612541,2.27127284954794,1.0591028845400763,-1.614921084166821,2.3092632281030223,1.434234941743043,0.7133741297612541,-0.6152054390719308,0.8187314063485348,0.44098368832702045,1.2037562836121072,-0.2291661016114638,0.0519641842643253,2.3273881333120685,1.5469624205523775,1.3047287913412295,0.9665949194348847,1.7221340004102954,0.6552175733882943,-0.7155722712864762,-1.3591073362221284,-0.5500223735309933,0.728342674756924,-1.1948939252628807,-1.545025353873546,-0.6418381130257917,0
-0.04649643069818187,1.0832795835486928,-2.327433510348309,0.3052077222492148,1,0,0,1,0,0,1.081825382867721,-0.6722520389281346,-0.7199354279589849,0.08471914426062967,-1.73992608096457,-0.5824815808736209,-0.9532120316415919,-1.769417256781995,0.39313063089527384,-0.6824039901500294,-0.2572247770056909,-1.0837317034875973,-0.014760715080448116,-0.649261304367474,-1.0372039894023566,-1.1229904447067678,0.4027025708442135,0.09907351078916649,0.19034451885671905,-1.666862164000598,0.6767302884398773,1.3895325270476913,-1.6659198385326093,1.3211967414856258,0.4311308081304595,1.666862164000598,-0.19034451885671977,-0.48105256270404034,-0.8098371187597482,0.7943638607296379,0.029243908281760732,0.19419985289313407,1.487254965141063,0.8673023390697335,0.8433273810784847,0.7598912632898273,1.2502821328075124,2.2486262923296945,1.9027908384622854,0.533968283285125,1.0745966172477384,2.6951798047985354,2.180029710252426,1.2941032399401495,1.5232025883508855,0
-1.3572098109173063,-1.9315490351123477,-1.6032360836506476,-0.8681093238500562,1,0,0,1,0,0,-0.11697363252486404,-0.4001231062568086,-0.68155588370685,0.03611257336820143,-0.9355171150992746,-0.3356312131769003,-0.7524360786875861,0.4697677090363302,0.9985354383629242,-1.47401819557129,-1.154069427824042,-0.1948189866825333,1.1711913507380634,-1.6307607636054635,0.6455034015593031,0.582094223086825,-1.4245710319356835,-1.0786420998128243,0.4513710056427588,-0.7133741297612556,-0.5831562565865012,0.001880213965518177,-0.780082838127928,0.5787232368882705,0.4472627080174677,0.7133741297612556,-0.4513710056427595,-1.5255218235498598,0.6598773295672048,0.16132187349471025,0.44377663248547544,-0.18272466897320852,-0.3636634209856824,1.2071323798110556,1.0509580156967198,-0.4028168025261189,-0.5261013687559044,0.04820472807728505,0.15113328768959466,-0.2829068128036209,-0.0423289389126401,0.8552353928241243,0.12214944469431245,-0.2089648391376897,0.038603250264021984,0
-0.12359721776989524,-1.0812127580541053,0.5693561964423357,-0.13478617003801185,1,0,0,1,0,0,-0.7983962307480176,0.806431456335075,0.03486227566633282,-0.4597901796652629,2.0621960204908687,0.9755377688643763,0.21331560795659343,-0.6378855574970379,-0.813388803356815,0.8635298167671424,0.2491614761745455,2.076902007442296,0.7809836750948692,-0.4188412543141829,0.4239257603405468,-1.2938565376318105,0.7453130760765403,0.04426753340052518,1.4466056031467225,1.3979208031972914,-0.7151217917960606,1.3001974669202814,-0.18827129839618162,-0.42753338411065267,-0.2807034915612595,-1.3979208031972914,-1.4466056031467232,-0.6203151308168162,-0.03432821836595151,-1.11916664918768,-1.5169093175793655,-1.2110885531594928,-0.18250970659880966,0.18764225758709038,-0.4301405112466897,-1.534519319920306,-0.47058938433204756,1.843951062122355,1.2915353389738984,0.9791436002012148,0.7248522511773176,1.1513184016475928,-0.48149543320273464,0.1992758736982665,2.018069034379841,1
0.7759119647334253,-0.12780541711001567,-0.15484123025532542,0.5985369837740325,1,0,0,1,0,0,-0.07911682151246661,-0.41175254782395926,-0.7711081536284979,0.2820386760977491,-1.4255652748400933,-0.5346319624976261,-0.8870170107843237,-1.94949392395419,1.546310373655052,-1.03378467392674,-0.2663042355508133,-1.2873057351354977,-0.4378679608974383,-0.3487832753579519,-0.7182913760829036,0.23369711331322177,0.0907483162059191,0.6641224268232503,-0.31054414497595056,-1.4477375847033576,0.8849186067340681,1.9561730592024573,-1.879015021274517,1.4865608771786687,0.9945948375739849,1.4477375847033576,0.3105441449759499,-0.23734306850668244,-0.5596729573423944,0.4683661906565622,0.5245297605771081,0.5426772410337142,0.6996301199807459,-0.42405181574728873,-0.33324621509151353,0.8374051343442237,0.8894542340524437,1.9451198696741894,0.21499580256151593,-0.8145239388296306,-0.24540631275998087,1.9338234963953311,0.6160407084282594,-0.04195727479570725,0.10046155601764112,0
-1.7684140086331095,-0.7462318004251005,-0.15484123025532542,0.3052077222492148,1,0,0,1,0,0,1.2711094379297079,-0.6833000084169277,-0.7455217907937414,0.2646791864933104,-1.9339756460108413,-0.73005517025753,0.6621913397046546,-0.4985834899068416,0.3026526634086413,-0.9144226231181704,-0.260252012490268,-1.895622055215493,-1.0543160672292688,0.23293315662274125,-0.3914218838050509,-0.764806181673631,-1.407659162577131,-1.2953139576459758,-2.147135912362407,-0.45589913793704195,-0.6880491118540473,0.2922036363867942,-1.1822927847588696,-0.16048475923978445,-0.9262816049056305,0.45589913793704195,2.147135912362407,0.24311279148239442,-0.3345252120667762,0.11810822885711679,-0.3023822710812103,-0.8185181077439823,0.5106001571422693,-0.8726274695258333,0.12354118106860354,0.139780294854656,-0.7481493064513315,0.04820472807728505,-0.6060936743631827,-1.0738493661593913,-1.057715808149347,-0.1916295312302808,0.8629863402952329,0.6817421706862145,-1.136704559054746,0
0.5189093411610479,1.0059762856343069,1.0038746524609323,-1.6014324776621007,1,0,0,1,0,0,-0.6217311126901629,-0.041354833910209964,-0.16982862701171944,-0.37530733025699475,0.7495174763454219,0.25824068591955784,0.38457797311400155,1.2452497711723034,-0.5332476204545236,0.40044520553822793,-0.21642801537699022,0.3124410651144292,0.4358292098310336,0.052293537955737233,0.22447336845615326,0.15681028435396205,0.3295717014672156,0.12835081951537813,0.39760879354609974,0.031788787753525546,-0.4825139463114737,-1.4842718977800562,0.886546574111925,-0.21417798051198106,0.4066766135577644,-0.031788787753525546,-0.39760879354610046,0.5216379277079463,0.8662627627365218,1.8739468425530403,1.6873748050966186,1.7758604880454831,0.9831750642384596,1.0847935651441794,0.954063719541543,1.938102103316653,-0.6648813298155464,-1.5452039908641146,-1.0987473605180025,-0.5422322401333817,-0.5838686025055501,-0.9847090191502859,-0.9479482933959068,-1.0440026608476,-1.136704559054746,0
-0.25209852955608386,0.0010334127472937634,1.0038746524609323,1.0385308760612593,1,0,0,0,1,0,-0.3945902466157784,-0.2698733607047209,-0.630383158037337,-0.05820732014924861,-0.44903868727058277,-0.16256764017213426,-0.17658202641597442,-1.9799050331244998,-0.051320192135942376,-0.7148511666284388,-1.097116088867534,-0.9937867369670937,1.0992585527184555,0.7525948757187172,-0.8502809118473912,-0.817349325490864,-0.08278340500386006,-0.6872350330875012,0.10398440440281079,-1.458537047276034,0.9975255384777532,1.8656890414899812,-0.7512008253634147,0.8836312004396188,0.755353397482531,1.458537047276034,-0.1039844044028115,0.8651522623861272,-0.6847550380510711,0.49111021415003275,-0.035358594191545405,-0.061824350638721,0.4895968279379942,1.4110304042558486,1.4892893554463265,0.2431321229271842,0.48545034741215265,1.0851850054835932,-1.1615961846776703,-1.3115643412116724,-0.9486557370091084,-0.15285675626530348,-0.11565005265907018,-0.7285439282016336,-1.2810406058131916,0
-1.922615582776536,-1.6481036094262664,-0.8790386569529866,1.0385308760612593,0,1,0,1,0,0,-0.05387894750420167,-0.4228005173127524,-0.42569225535928473,-0.24511115822370483,-0.40677568548288734,-0.135736078465969,-1.12532580835546,-0.7268591909927306,2.24955469779179,-0.663033401262412,1.201312464136585,1.2300951384481382,-0.6264328863857455,-0.44574914885919603,-0.7736074043280377,-0.6226119419959962,0.6043994067915887,0.6865765984841363,0.454702424768406,1.2267347275520042,1.1194056325476691,0.22265413553188335,-3.700881589649041,1.4950274554839997,-0.891456621686604,-1.2267347275520042,-0.4547024247684067,-0.7317251853070371,-1.0850176963188372,-1.583144728454478,-1.594432320547333,-1.3305665148076924,-0.49755964466293656,-0.6279498401920818,-0.8730858650989243,-1.4725082230767892,0.77843026520473,-0.02767187758659086,-0.6517097564145549,-2.292678874609267,-1.7684866166150421,1.0772976494417266,-0.37174181903963527,0.23638866577426285,-0.7036964187794109,1
-0.6633027272718879,-0.5916252045963298,-0.15484123025532542,-1.6014324776621007,1,0,0,0,1,0,-0.48292280564470574,-0.18904874181302367,-0.7583149722111197,0.2704656830281233,-0.8359652222306702,-0.354413306371216,1.0436834072173002,-0.2559188341206936,-0.6424698409874215,0.530207662007608,-0.2904445111853046,-1.025330573549517,-0.16134539703300554,0.7405448100209233,0.16566221201170117,-2.2801790581720773,0.68318955986023,-0.19359636363843635,-1.5422375806300568,0.13114384342216406,-0.7113235352071811,0.5172133986303817,-1.4130822583359797,-0.038837272438770706,0.18858292072284435,-0.13114384342216406,1.5422375806300554,0.8001630639334981,0.26586877533487285,0.33645085439443295,-0.9484072958142716,-0.6649035856248688,1.7707999093987767,-1.0357458890816678,-0.4855086804782194,0.44983577907224165,-0.8869292675109735,-0.05296407947454983,-1.3541974200056863,-1.743773386761273,-1.6443837770416672,0.2524949820049213,-1.0302635040182315,-1.0996718489615938,-1.4872349583252553,0
0.8530127518051386,0.5163887321765315,1.4383931084795292,-0.13478617003801185,1,0,0,1,0,0,-0.0412600105000692,-0.424544933547825,-0.2977604411855021,-0.3411670007015987,-0.24758533152286494,-0.06284366916421999,0.1537449541791407,-0.151623842631307,0.8282934972691884,-0.15012254976472633,-0.018759330228726296,-0.6279589050488238,-0.22115111929689715,0.4764540267601715,-0.6721474591585508,0.236954021181039,0.5488293968807709,0.4881880691656336,0.7520553775833569,-1.6023404173227471,0.26228114829896215,-0.46523408690634965,-0.8941890192351368,0.7470157147736712,0.501008679496199,1.6023404173227471,-0.7520553775833577,0.7166055230658329,-0.40957446049198204,0.900502637032502,0.8992242749222835,1.1101975588626602,0.4475901695294441,0.35076067714292497,0.012804842605544792,0.6978801664463103,0.5008703430854462,-0.17942508891434333,0.9539763317937442,0.28760912732185256,0.5838262971166633,1.5531453421937294,1.1099319721622063,0.3477270420022505,0.7190446135538346,0
-1.4343105979890196,-1.1069805240255675,-0.15484123025532542,-0.4281154315628296,1,0,0,1,0,0,0.8799223908016013,-0.6478302116371182,-0.579210432367824,-0.15136991435973607,-1.2104258303333746,-0.3812448680773813,-1.2280964131285894,1.4281787314903844,0.05511294168146117,-0.6910652075475555,-1.140855667919198,-0.6541946228128946,1.0980539315320126,-1.028733343844216,2.630105367714431,-2.1721186093670055,0.295862941363755,-0.7650044803690106,-0.45503125954306645,-0.440948977121442,0.6797997216628161,0.6745616907505109,-2.258110961666754,1.2269571396916918,0.7362902637620838,0.440948977121442,0.4550312595430657,-0.94526112307996,2.567379060374527,0.20301924989940578,-0.9828619638000348,-0.8298969612342869,1.2247133500876244,0.5954383064766764,0.9356076631310333,-0.2736270174354578,0.5841383197212315,0.5793409677244183,-0.11343998820836432,-1.2424108939237355,-0.7700228618656133,1.9021003168785307,-0.20711139779498602,-0.4316415915936655,-0.20882997275045564,0
-0.9717058755587404,-0.6946962684821769,0.5693561964423357,0.3052077222492148,1,0,0,1,0,0,0.24897554059497767,-0.5420022933760469,-0.7966945164632545,0.4955603982323446,-1.8840388387579166,-0.7998172306935597,0.8363425623426571,0.944990290285485,-1.7251516221655836,0.5331879140111825,-0.09902355931663653,-0.027097149464683463,0.09398327424704199,0.7962840354362886,0.48520013217069,-1.4477271413456687,1.2074113493970768,0.21516459694992734,0.4884925330428311,-0.5214382267650228,-0.3673170658934274,-0.8109659889228724,0.9035139016426675,0.47694595230333914,0.3388018274169027,0.5214382267650228,-0.4884925330428318,0.438080386840281,0.11577027848446049,-0.8553359766634215,-1.3877043126327533,-0.9379960693921812,0.038025250046078915,-0.13859458152457876,-0.3747723420151606,-0.790386157798101,-0.44283339212011924,-0.8623145398892288,-0.4509989953885172,0.054216242725068246,0.24536400737109418,-1.1433249167342867,0.03983423407198747,-0.2089648391376897,-0.20882997275045564,1
1.0843151130202777,-0.8235350983394863,0.27967722576327125,1.478524768348486,1,0,0,1,0,0,-0.6974447347149578,0.08249871877994483,-0.5536240695330674,-0.15889235985499284,0.5022605812576203,0.18624266200801434,-1.1094773561248132,0.029970114470475345,-0.21914302014810047,-0.49783916254054406,-0.7792534437377566,0.4809393021392175,1.096083728643224,0.9239128464356979,1.31011531414391,-1.8648906241801422,1.6357010323446688,0.4587954933769733,1.479669042426001,-0.8115738940849077,2.4659181013904905,1.271309838850114,-1.5744593780577782,2.294481734595745,1.46099214353398,0.8115738940849077,-1.4796690424260017,1.3850658500071569,1.9169522406894068,1.4463592008757944,0.07231224326396513,0.7346953936826055,2.3378897979142055,1.3294711944779316,0.6218547041523672,1.13195784435093,2.0274499147415077,0.9587239960437993,-0.4601222117987924,-1.1516469943583196,-0.33002188519637315,0.9504049313745251,-1.1125787146405561,-1.4893561657595522,-0.332546584257695,0
-0.12359721776989524,0.6194597960623787,0.5693561964423357,-0.8681093238500562,1,0,0,0,1,0,-0.7983962307480176,0.806431456335075,-0.4512786181940413,-0.22080787277749073,1.5469234276804464,0.7908471857869386,0.45068574594574207,-0.9749795423265889,-0.23448116836893637,1.5163627765560865,1.5907833701732654,1.509003881662703,-1.2272696275843271,-0.6549591218926025,0.042677705446979096,-1.1745458632290204,0.30882784909585753,-0.05455291585169032,1.1569031123463245,0.9106988955914741,-1.281116938092193,1.3809436080320727,-0.8597617074479555,-1.7422798748790742,-2.1213565958413674,-0.9106988955914734,-1.1569031123463254,-0.7317251853070371,-0.18442671521636386,-0.6642861793182697,-1.1163738022448682,-0.9550643496276378,0.25856020669096863,0.18764225758709038,-0.319404172783631,-1.1004416420156866,-1.192245181842186,1.33810702436318,0.10551720563822252,-0.3607044410025493,-0.9900233502002335,-0.033013633646279864,1.1099319721622063,1.9064643091940836,0.038603250264021984,1
-0.27779879191332196,-0.7462318004251005,-0.8790386569529866,0.3052077222492148,1,0,0,1,0,0,-0.5081606796529707,-0.1826525489510908,-0.7455217907937414,0.2646791864933104,-0.7096477550687896,-0.34502225977405815,-0.40480136953830304,-0.7026586497512686,1.314157035276436,-0.9350333204900596,-0.10065376636744386,-0.5866399600695562,-0.2936874105319079,-1.297812885122437,-0.9639732556938897,0.8996585603418419,-1.4191523881339416,-0.8257805729088379,0.01898787070343759,-0.8189388764091825,-0.7338731848506339,-0.001266197714611322,-0.8924266013414265,-0.14403752250393526,-0.6753591784055568,0.8189388764091825,-0.0189878707034383,-1.2370493610305382,-0.9349191994684248,-0.1782139058006714,0.3030354663829155,-0.3015930491844266,-0.6055767662849225,0.5954383064766764,0.6455839195373082,-0.39174339237549116,-0.7759052986632599,-0.17942508891434333,-0.5331079430809875,-0.8793552956620708,-0.8715615487892844,-0.15990635171348128,0.9453015509175579,0.5704037944582268,-1.0748462533011267,0
1.0072143259485644,0.0010334127472937634,-1.6032360836506476,1.0385308760612593,1,0,0,0,1,0,-0.15483044353726144,-0.3797715835142949,-0.630383158037337,-0.05820732014924861,-0.7344913508946546,-0.24708705954655488,-1.068641091199164,-2.385248529728692,1.0614299109906666,-0.9587372548045977,-0.5553509110692465,-1.4824010630395257,-0.21072145716140628,-0.6162467149632048,-1.3425567711387283,0.8368149260845038,-0.32625661605320777,0.10357792683067488,-0.2548898489945435,-1.7690215962405291,0.8702249943432454,1.9288845622675959,-0.6100919478456404,0.9716817030205436,0.8231070689792405,1.7690215962405291,0.25488984899454276,-0.7317251853070371,-1.3852146900196616,-0.8553359766634215,-0.3411437725651945,-0.4430159425639276,-0.9701345517591269,-0.8726274695258333,-0.8730858650989243,-0.9764194483286528,0.41760236644966076,1.1863538130354276,-1.0713777112871794,-1.1775795370912954,-0.7869459763528921,-0.1916295312302808,-0.04248097655033679,-0.7656567202776299,-1.2604211705619852,0
0.544609603518286,-1.9315490351123477,-0.15484123025532542,-0.8681093238500562,1,0,0,0,1,0,-0.81101516775215,0.8878375473051298,-0.06748317567269331,-0.4181274046146101,2.2492153593276347,1.0059468721313636,2.4951788394033256,1.760939835755972,1.0866364216973972,1.2717587180696637,1.262131753445475,1.0520786026178586,-1.176663230801348,2.755480593672543,1.5172941174343773,0.661216088565525,2.1696734294677866,2.042145927677552,1.6930105103547295,-0.2441974779926877,-0.7163631732177919,-0.896953249518957,-0.8210099894240895,0.43334705132832774,0.352924933324482,0.2441974779926877,-1.6930105103547302,3.251184262718354,1.9920014891146134,1.1461380907619838,1.3643622927300878,2.356182016051021,0.41608517572303205,-0.38327221085833024,-1.0391903727935126,2.00011320016017,-0.9701972441467586,-1.2416975682086098,-1.8559743225707799,-1.8907244622481374,-1.650024815204093,-0.7309235830158842,-0.7010026615289333,-0.8769950965056176,-1.6934293108373202,1
0.18480593051695732,0.8513696898055362,-0.15484123025532542,-0.8681093238500562,1,0,0,1,0,0,-0.6343500496942954,-0.009955341678903114,-0.8478672421327675,2.0735380032758184,-1.8364317992282138,-1.610130394219751,-0.19175798776854674,0.08829329347190029,0.06316393606754343,-0.309727073093946,-0.9594069482686635,-1.2301816723025916,0.6356501877782308,-0.15065439452033086,-0.2907949039712032,0.9083151055828059,0.3609716423855055,0.8146003581870543,-0.22109974072011698,-1.4585370472760366,0.11611205400102223,-0.4124972673431213,0.8264218669271599,0.7763545953387918,2.0425747213052223,1.4585370472760366,0.22109974072011698,-0.3766056366194584,-0.5596729573423944,-0.9872513129255508,-0.42835715090415744,-0.26806607015049355,-0.9937632971139362,-0.9337968768592713,-0.9561381189462185,-0.790386157798101,0.22331042096616224,-0.2553016945782196,0.4795690784594736,0.858125067447326,1.1592121896841308,1.0138512904081252,-0.4540570296619595,-1.0440026608476,1.3994859768436472,0
-0.5862019402001745,-0.2566442469673251,-1.6032360836506476,-0.13478617003801185,0,1,0,1,0,0,-0.7353015457273552,0.26915125593271333,-0.7327286093763631,0.11249432762773152,0.13559032629477505,0.12005814313280666,-0.8687737543375881,-0.22321573674990827,0.661701775123217,-0.6340909692262584,-0.21724288494638108,-0.9636311695115659,0.002887170009896798,-0.6280358861006914,0.3784827129774628,-1.1096403901481189,0.135345036109191,0.2697980705638762,-0.6862106428504517,-0.6337026228571595,0.5805249962337811,0.6855262771119144,-2.01965007252171,0.9908218122698252,0.5458316940823212,0.6337026228571595,0.6862106428504517,-0.8391563092797498,-0.18442671521636386,-1.4258860517281964,-1.6719553235153006,-1.545139180624866,-0.06549115817499042,-1.2687722027328596,-1.1736559266415125,-1.36620348563076,0.25106641317809053,0.27583454506891375,-0.8706669502611417,-1.657331577651353,-1.2607931819966884,0.9186817518577256,-0.6186874509066087,-0.9326642846196119,-0.76555472453303,0
-1.100207187344929,0.5163887321765315,-0.4445202009343899,-0.13478617003801185,1,0,0,1,0,0,-0.5586364276695006,-0.15474188918992915,-0.2977604411855021,-0.3411670007015987,0.44498297934688336,0.14465374136345815,0.31419223278483605,0.86935164335752,-0.9684582601546066,0.37114119587126404,0.27710293691027793,-0.28671936126426006,-0.022217387606331743,0.7577256755657619,0.5149620333202202,-2.0936243366272462,1.29886379346177,0.9203941533412392,1.0345842828972671,-1.417139107414103,0.320218619041725,-0.6773347530231373,-0.7799756647739549,0.7865432921887412,0.5383383611845376,1.417139107414103,-1.0345842828972678,0.7166055230658329,0.491016520610491,0.04532735367801011,-1.051771299771562,-0.5624939042121272,2.0228398598500785,0.02452383803125581,-0.4301405112466897,-0.35630847989348147,0.5563823275093027,-0.4070549059059717,0.9357298989731951,0.3394742127878045,0.65151875506577694,1.4262526241265279,0.7806711296729086,0.1250502895462747,0.7809029193074537,0
-0.7661037767008384,2.113990222407169,0.5693561964423357,-0.8681093238500562,1,0,0,0,1,0,-0.7605394197356201,0.43138196579446536,0.20117363409225028,-0.5193910939738356,1.7180475279250975,0.7331593281186832,0.9609068549095531,0.027280985583964745,1.397883743627345,0.767284314126037,1.217520484576753,-1.0006375820829088,-1.546767720109038,1.1384424718435853,-0.04509594744884625,-1.3989761655765964,1.9850702967080087,1.0766839415749907,-1.244018473027745,-0.13094794135889876,-0.19864606881049332,-0.08262013906148301,-3.316790036578597,0.9318101186547583,-0.5316639497673898,0.13094794135889876,1.2440184730277444,1.6543068150251905,0.44098368832702045,1.5221726125206945,0.41685892312159756,1.2467438007463156,2.27487981030138,-1.1716779053781963,-0.8177176958673952,2.103465028232699,0.0012624832707351544,0.19995793940503753,0.8809906005115491,-1.164613265724808,-0.7869459763528921,2.8220725228657364,0.9453015509175579,0.9600881112561845,0.6571863078002155,1
-0.8175043014153137,-0.978141694168258,1.4383931084795292,0.5985369837740325,1,0,0,1,0,0,-0.5333985536612357,-0.1623010262085771,0.23955317834438508,-0.5367505835782743,0.8288548584430144,0.28999136727185343,0.8775650487108195,0.5980299792815933,-0.3956288977188253,0.4983424456043931,0.6331616509259521,-0.007202597691428068,-1.0666585729169984,2.3342588269995583,1.1866163960203238,-1.512399245165349,2.187664331560307,1.3458147550754842,1.1750460966186718,-1.1752198963459366,1.1120883536708777,0.3679113419163649,-0.9789774293358339,1.4960220093203083,0.49078501083714293,1.1752198963459366,-1.1750460966186724,1.9978211497033713,0.9413120111617277,-0.32767463161490584,-1.0259302987822392,-0.23819657973844427,0.9516700704320475,-0.9541866793037505,-1.4267675574142176,-0.35630847989348147,0.7229182807808735,0.04820472807728505,-0.7794347861583975,-1.112748180258855,-0.5500223735309933,-0.2550758902638815,0.2044646553166367,-0.32030321536567735,-0.8274130302866491,0
0.544609603518286,0.0010334127472937634,-0.15484123025532542,1.0385308760612593,1,0,0,0,1,0,-0.81101516775215,0.8878375473051298,-0.630383158037337,-0.05820732014924861,1.4350827726849007,0.7277930157774501,1.2557525696716003,-0.2839595279954588,0.85179150831774475,0.6314922744628657,0.7348956170576868,-0.1469623178049968,-0.8696964621191174,2.8542777074815175,1.8624709492906066,0.6813841766024096,2.1676447523891462,1.9765267744432853,1.4008254564523381,-1.5897607057063121,1.1058061378519068,2.2555258749270695,-0.4797021420088621,1.296294108630165,0.9742934011256914,1.5897607057063121,-1.4008254564523388,3.446151858076241,2.4422969796658496,1.2916998411201945,1.5064877981713616,2.509796538170134,0.41608517572303205,-0.30171300108041293,-0.8730858650989243,2.1861464906907218,0.5841383197212315,1.413983630027056,-1.1261170097488256,-1.164613265724808,-0.6684841749419423,-0.4136917878478824,-0.28942660841731066,-0.9326642846196119,-1.2604211705619852,1
0.8530127518051386,-0.2566442469673251,-0.8790386569529866,-0.13478617003801185,1,0,0,1,0,0,-0.8236341047562825,2.08101825209479,-0.7327286093763631,0.11249432762773152,1.504439193439837,1.51351058107299,-0.2900033709666904,-1.0755667230586985,2.13870940726128,-0.3999991898685424,0.8465599431143914,1.4530696969217285,-0.12113895479481955,-0.04242737750379324,-0.3799518418592354,0.8097845570827042,0.5312276468648983,1.8017287255296752,1.8116420359993077,0.1850492459657866,0.3608638110987189,1.0956216675596724,-2.1099320223722833,1.0671293408466245,0.6584680352993512,-0.1850492459657866,-1.8116420359993084,0.10385022336961848,-0.18442671521636386,0.6184767457134681,0.9767472778902511,1.178470679804488,1.0461850518512859,0.02452383803125581,-0.7069813574043363,1.1939689411944467,0.0012624832707351544,0.5034643620605421,-1.1078705769282764,-1.8647919195151619,-1.4469474413567518,0.8235122133073248,-1.1948939252628807,-1.266679413303576,-0.8274130302866491,1
-0.7661037767008384,0.5163887321765315,0.5693561964423357,-0.13478617003801185,1,0,0,1,0,0,-0.7605394197356201,0.43138196579446536,-0.2977604411855021,-0.3411670007015987,1.3002712888661887,0.5954239780270347,0.6582604279551596,0.32929623497090776,-0.49500489934289804,1.0018952323753298,0.6263301271137961,-1.8248047661633173,-1.2340621163226424,1.089002359634359,0.003261191860380036,-1.2527836664934726,2.1766585334999236,1.3341403492349677,-1.0618771407249543,-1.435659238404968,0.17279117751609804,-0.4487024263757676,-0.5822384866656902,0.8048415199490405,0.48826854130887387,1.435659238404968,1.0618771407249536,1.428834085699744,0.3516393449636798,1.0824548249802661,0.1738304614363032,1.0638693696521337,1.8698156042189318,-1.3852853595584558,-1.1736559266415125,1.6457640753400722,0.3898463742377325,-0.17942508891434333,0.890113816921823,0.4172718409867329,0.7361343275021692,1.109020828958526,1.0276167615398821,0.3477270420022505,0.7190446135538346,1
0.544609603518286,-0.7462318004251005,-0.15484123025532542,0.3052077222492148,1,0,0,1,0,0,-0.81101516775215,0.8878375473051298,-0.7455217907937414,0.2646791864933104,0.9787998169698778,0.4782594919101131,2.213461804579176,1.263715966978512,0.9488841569184794,1.8226142283226991,1.7627514143749117,0.47496594741188114,-1.713218671194731,2.5504521170593693,1.7510167635330733,0.4929253288160201,2.2383537819625094,1.929510382608121,1.37244176550182,-0.7133741297612541,-0.5294908165968454,0.01964033082311718,-0.8018140123923754,-0.24272094291904425,-0.4078718312450251,0.7133741297612541,-1.3724417655018208,2.6105764493995856,1.841902992264201,0.40923172957353837,0.6149732640397371,1.5710411252199985,-0.05648973137315825,-0.5463906304141645,-1.0945585420250417,1.13195784435093,-0.6093693453916895,-0.17942508891434333,-0.5878472415426337,-0.8793552956620708,-0.9054077777638412,0.030432725387320277,0.6160407084282594,0.29205785388825667,-0.8892713360402683,1
0.544609603518286,-1.9315490351123477,-0.15484123025532542,-0.8681093238500562,1,0,0,1,0,0,-0.81101516775215,0.8878375473051298,-0.68155588370685,0.03611257336820143,1.269648225209414,0.6549006064757011,2.0269696830451753,1.222304182542275,0.8322408432958526,1.9654334002557405,1.4139362403273878,0.5065847840612847,-0.9563032156333461,2.2660129031610814,1.7700121813299612,0.2978159518421632,2.2374344386614027,2.0903660705685927,1.4159231644047408,-0.7133741297612541,-0.5543772929643692,0.09550849714011088,-0.8384248026782491,-0.43657203535609657,0.2026492498506089,0.7133741297612541,-1.4159231644047414,2.1649362314387024,1.6918044954137887,0.09991301006234013,0.24027874969456073,1.1614023995690306,0.1010352376589052,-0.709509049969999,-1.2606630497196296,0.8219023601333442,-0.6648813298155464,-0.17942508891434333,-0.7794347861583975,-1.047916823426415,-1.1254082660984612,0.5697267771729232,-0.37174181903963527,-0.7099875321636356,-1.0129879475475077,1
-0.7661037767008384,0.5421564981479937,0.5693561964423357,-0.13478617003801185,1,0,0,1,0,0,-0.7605394197356201,0.43138196579446536,-0.8350740607153893,0.8861489143322144,-0.7344913508946546,-0.3530717282859077,-0.70660849294802,-1.3550688586851967,-0.9651337205410286,-0.0315875289629136,-0.38456999261741825,-1.757524220358698,-0.22880745675844943,1.2670822931823904,0.33284600215763416,-1.112849506424039,2.0626380044977766,1.2131785301953317,-0.946287449071263,-1.4585370472760366,2.2486100079747056,2.193312352814089,0.20106369699172316,2.08794925100251,1.6843925337837227,1.4585370472760366,0.946287449071263,1.5730703169594047,0.6598773295672048,0.9687347075129136,0.16921599697392434,1.0120549475087819,1.5660174496570947,-1.3415929257488572,-1.1637687535644534,1.457516102779395,2.193985868013078,2.1727496866658176,0.21499580256151593,0.28760912732185256,1.142289075196852,0.030432725387320277,-0.4540570296619595,-1.0440026608476,0.7190446135538346,0
-1.8712150580620608,0.18140777454752677,0.27967722576327125,-0.13478617003801185,1,0,0,1,0,0,2.633954634376015,-0.7513322415847593,2.452773563550825,-0.7386993126432441,-0.05075910769357148,-0.00694458227637566,0.3412571965533176,5.749147367574897,-0.8676380516760023,-1.5162034568884102,-1.752047117683519,-0.02039582676211257,3.6896513679392715,-0.9320921001457001,6.0439651489747686,-2.4152546191784157,-2.691958976897359,-3.009528449684793,-0.7279513648365089,0.6941558255444424,-1.4058618828879974,-1.8361735806978496,-1.241007683318906,-0.6210073878436287,-0.6604717127474413,-0.6941558255444424,0.7279513648365081,-1.3166279713806959,2.067050737539819,-3.284397685766073,-3.4808253927678723,-3.788398868713501,-1.8207693845322692,0.5954383064766764,1.1201682272361313,-3.5808855157563717,-1.3032691506898992,-1.6969572021918669,0.19674936974096682,-0.4903671546674297,-0.685407289429221,1.0455744699249259,0.6160407084282594,1.127095675598167,1.3994859768436472,0
0.004904094016293398,-0.514321906681944,-1.8929150543297122,-1.6014324776621007,1,0,0,0,1,0,1.3846798709669002,-0.6937665058273633,-0.579210432367824,-0.09119035039768207,-1.3801488435131979,-0.46308113128118544,-0.9239934232338873,0.8353134203582605,0.7828698802410489,-2.931724137879668,-3.474646712137865,-0.009532629960050597,5.077076713654413,-1.9951457808293762,1.7586043922785708,0.17107128738690294,-4.401912443963723,-4.637424954902829,-0.4291756706205303,0.41264983448330395,-0.7086908086184994,0.6152373905128553,-0.898299206813973,-0.4042908567359384,-0.010331966979688694,-0.41264983448330395,0.4291756706205296,-1.8736782438317996,2.067050737539819,0.8095265430586199,0.7829397704703327,-1.2281568333949502,-0.8756195703398886,5.488990893151709,6.6569851503890645,0.139780294854656,-0.8522342772460629,0.10511218232519232,-1.1489250507745117,-1.3655904719053722,-1.4046396551385556,0.09387908442092041,-0.8244754774624201,-0.7517394232491312,-1.152169135493151,1
-0.8689048261297889,-0.6431607365392533,0.5693561964423357,-1.8947617391869185,1,0,0,1,0,0,-0.356733435603381,-0.2815028022718716,0.7384872536221374,-0.6252839805609115,0.7725287886985052,0.2667373471265102,1.6062025015827641,0.06079015660500571,-0.6629364318558066,1.8768115190371697,1.1121094752568015,0.7981121047831964,-1.0662848053974503,1.540549916934714,0.7162456279750611,-1.3413045889125796,1.5138157169263704,0.6112334599671749,1.8833482026111439,-0.7793520964162106,-0.6941643524997728,0.6340827490670191,-0.4416254460868922,-1.0343775288771138,-0.8490462777502336,0.7793520964162106,-1.8833482026111446,1.4129183636297125,0.641115017460903,-0.04564874029587195,-0.7287587874050313,-0.15285517856115927,0.7626401075935709,1.166352774922097,0.2896456887631914,-0.4183195767369984,-0.6093693453916895,0.7058019771642122,0.2879815338437111,0.006673247714612051,-0.4033553813079138,0.5168548113115892,2.399536938578625,2.054915477498067,0.16231986177126023,1
0.18480593051695732,-1.3904259497116478,-0.4445202009343899,-0.13478617003801185,1,0,0,1,0,0,0.791589831772674,-0.63794518630504,0.41865771818768077,-0.5674190152127826,-0.17892513204642316,-0.052111044481753875,-0.04265220053645069,-0.957003945326195,2.5697637117780787,0.600284032824308,1.3274349163492958,-0.00738737681006447,-1.5494634055012144,-0.441451939830157,-0.3999476925758112,1.2878938379492009,0.12903024542024197,0.24626456075128478,0.08301123374971729,-0.09240503183226943,-0.3817846536931317,0.9128591299794507,-2.2187439784638725,-0.683000818617223,-1.4853009915937725,0.09240503183226943,-0.083011233749718,-0.10968571440330459,0.06573744620098994,1.5979860241655997,2.161126489900864,2.1286049462449275,-0.14050304819025958,0.051710241290561454,0.012804842605544792,1.586705887870056,0.08453045990652028,1.843951062122355,2.2494730620527137,0.4172718409867329,0.10433805331043995,2.84322130921027,2.2623449208747504,2.426043398258028,1.5025831530996792,0
0.4161082917320974,2.3459001161503257,-1.168717627632051,-0.8681093238500562,1,0,0,1,0,0,1.031349634851191,-0.6710890947714195,0.8536258863785419,-0.6438007694723127,-0.0767146059588867,-0.01857159234904728,0.8430083686197083,0.9632552753603474,-0.724645702036551,1.501628770301881,0.2522560948754142,-0.02039582676211257,-0.8728910100884678,0.0572461793226852,1.5001388651580188,-0.023825617566195723,0.21624409081264057,-0.3405967503350234,-0.37315522795503414,0.3422733367180179,-1.1150239497966554,0.1807080882010824,0.9666725025384575,-1.814179652862679,-0.6604717127474413,-0.3422733367180179,0.3731552279550334,0.26168113389743136,1.8168865761224657,0.8398519077165789,0.6968031005059248,0.7631425274083669,0.06953024385249205,0.3235742738836193,0.5664865349208381,0.5531876071447698,-1.0950992091004363,0.010266425245347094,-0.44187577897824326,0.09311505682453199,-0.6430995032110249,-0.3819686083310823,0.8218287349840708,1.127095675598167,-0.45626319576493324,1
0.18480593051695732,0.49062096620506923,-1.6032360836506476,-1.6014324776621007,1,0,0,1,0,0,2.4825273903264256,-0.7460989928795414,-0.5664172509504457,-0.16410020673632444,-1.61529747388632,-0.4469821942574862,1.0513135069967063,4.238732251549993,-2.3582552274704205,-0.3567087636196797,0.255472795323142,-5.514725364255352,-2.0211864945466713,0.598060925080804,4.424570124530763,-4.144221800059548,-1.376610156077081,-0.3196624229650875,-7.823874102466001,0.23819541748766626,-0.8643015936834296,-1.385355818499381,-0.9407293438632103,-0.8831325393727084,-0.6442152847299588,-0.23819541748766626,7.823874102465999,0.0759977097470634,2.81754322179188,-1.4648758062884317,-2.9640053729814233,-3.1056676592952206,2.27487981030138,-3.482522182419184,-2.2019219266556282,-1.1004416420156866,-0.9701972441467586,-1.4693273852002382,-1.1169937933385516,-1.3591073362221284,-1.5484861282804228,-0.09645999267988113,-0.04248097655033679,0.06938110143228039,-1.136704559054746,0
-0.5862019402001745,0.9802085196628456,-0.8790386569529866,-0.13478617003801185,1,0,0,1,0,0,-0.29363875058271866,-0.32104290360018395,1.634009952838616,-0.7051376327413292,0.9838830635222918,0.298040835783703,0.010319783343862384,-1.3752472525344401,-1.0117776915859875,0.367939925465196,0.4454883267714868,1.3083089320900063,-0.5936887689607585,-0.40746820578232734,-0.2491664807661297,-1.503494582385632,-0.8923185094879711,-0.5537851045717233,-0.31993580742281313,2.1016857808501404,-0.42148734011730216,1.6379605028176178,-0.12773305968143223,-1.3818708611891093,-1.1198200121132171,-2.1016857808501404,0.3199358074228124,-0.20252742647848845,0.04072103005925432,0.9368930746220554,-0.08273376267196997,-0.42594766232847037,2.243374816494967,0.35076067714292497,0.5664865349208381,0.6358690696027934,-0.47058938433204756,1.33810702436318,-0.350643614875499,-0.3607044410025493,-0.8546384343020056,-0.2233527107470814,-0.20711139779498602,1.127095675598167,0.16231986177126023,0
-0.6633027272718879,-0.17934094905293926,-1.168717627632051,0.5985369837740325,1,0,0,1,0,0,0.11016723354952047,-0.491995694637299,1.339766780238916,-0.6854635445229654,0.535074253117194,0.15136163178999948,-0.8339590416598456,-2.2989276348228986,2.344335346700502,-1.0292345859594292,0.19976357955052018,0.13440472766726094,0.03544376190175421,-1.0731397253760757,-0.8589414843622346,1.8679235052460386,-1.2361042861023774,-0.08504926088022557,0.05260013630273529,0.13114384342216406,0.08737177906590544,2.294881602771949,-1.3277019737224385,0.1647296743619001,-0.3427364867838298,-0.13114384342216406,-0.052600136302735995,-1.1216603760228097,-1.009968447893631,-0.9554096800346926,0.03355074177998182,-0.4600842227993849,-1.3166894836296663,-0.46483142063624716,-0.5408768497097485,-0.9144083514851348,-0.1375174777889068,1.6416134470186852,-0.8068044353892204,-1.2942759793896883,-1.159254495073018,0.09387908442092041,-0.5363722402842841,-0.5429799678216537,-0.8274130302866491,1
-0.7918040390580765,-0.7204640344536393,1.4383931084795292,-0.8681093238500562,1,0,0,1,0,0,0.26159447759911014,-0.5420022933760469,1.007144063387081,-0.6600029597697887,0.32948912263935654,0.09322658142664138,0.6301850348312361,-0.3853118958090342,0.8224127405221443,0.29257745737448565,0.9681216784956092,0.4622309018003944,-0.8611283993006104,-0.11925001400525556,-0.11648603177310556,0.8168629139365822,-0.29662538806206634,0.32341382439982114,1.1569031123463245,-0.5169746011139487,-0.9954408402514846,0.4121595197480409,-0.30339731673650616,-0.6893819265883032,-0.9428549446044153,0.5169746011139487,-1.1569031123463254,-0.04779123968651527,-0.01765060760479466,0.304103798759275,0.6968031005059248,0.5355654576022743,-4.808534950914491e-4,0.5954383064766764,0.07432503064057716,-0.13582458000542025,-0.7481493064513315,0.9587239960437993,1.5196157492307591,1.098001087727355,0.7107496557712518,0.886958572340925,2.2623449208747504,2.101306467593062,1.244840212459599,1
-0.7147032519863632,-0.6173929705677911,1.4383931084795292,-0.13478617003801185,1,0,0,1,0,0,-0.596493238681898,-0.04833249885050037,7.5316665862499965,-0.7994575262587793,2.3201345890588185,0.5806666190886439,1.9063104426754611,2.053527423773114,-0.5251608545581414,3.153624791001852,2.03135524051562,2.63332796345571,-1.57259038547914,2.321415192438516,1.3157577615623028,-1.4652969852158058,1.939164996407369,1.193646953132274,1.2994551316290586,2.3027614887509538,-0.33124036739795476,-1.5004335934416713,-0.7545696762655897,-2.337500821730682,-1.475497375047646,-2.302761488750954,-1.2994551316290595,2.0256736633259265,1.0914105080121401,-0.2548937564358004,-0.9484072958142716,-0.23819657973844427,0.9831750642384596,-0.6279498401920818,-1.149926711256571,-0.4183195767369984,-0.7481493064513315,-1.6969572021918669,-2.084054732827641,-2.0463197186459943,-2.5469498830298516,-0.857816301083085,-1.0302635040182315,0.013711913318286572,-1.6934293108373202,1
-0.2006980048416086,0.18140777454752677,0.27967722576327125,-0.13478617003801185,1,0,0,1,0,0,0.8799223908016013,-0.6513190441072634,2.452773563550825,-0.7386993126432441,0.41274451081207386,0.06997256128129814,0.7742469886264627,2.360917539871867,0.7276968710789647,-0.02777649620470935,0.32291503355242046,0.3440150477797604,-0.5240795557896656,-0.18828881727740443,2.1833472299152423,-0.06736102338427782,-0.2956050906903004,-0.6636681556087977,0.07195265285990604,0.39783372969061137,-1.26474525263066,-1.05320409089072,-1.0624773329833006,-0.25559269340796953,-1.0677481401203353,-0.39783372969061137,-0.07195265285990675,-0.23734306850668244,1.879427616476804,-0.23669853764102378,-0.234549643484239,-0.33207212103345735,-0.5211883900177459,-0.01625576685770265,-0.05640536893386687,-0.5578445446349117,-1.1644891896302574,-0.9381911455531051,0.24236545179233895,-0.3607044410025493,-0.4315605721200442,0.2524949820049213,1.0276167615398821,1.4054416161681371,0.7809029193074537,0
-0.27779879191332196,-1.0039094601397194,-1.8929150543297122,-1.8947617391869185,1,0,0,1,0,0,1.1323011308842508,-0.6780667597117099,-0.09306953850744984,-0.40713306119846565,-0.640291334313858,-0.20683971698730697,0.6684262600846601,0.5431465541082693,-1.3063611031154825,0.6430707137972809,0.3853744833180231,1.2622373385098349,-0.7595640728053475,0.3334479959062959,0.5417735601302669,-1.9695052678574991,0.21827928715738287,0.26564428105150034,0.6912331826893887,1.0359845289758263,-0.5962856773353329,-0.20274883176448866,-0.1933234645179551,-0.6523050422147649,-0.24165576541777206,-1.0359845289758263,-0.6912331826893894,1.4686233908748227,2.067050737539819,3.9936898321444922,1.8165798100432309,1.8441336089873108,5.740429129006776,-0.22015379130249568,-0.5408768497097485,2.620224168595341,-0.47058938433204756,-0.02767187758659086,0.5434315933313949,0.35244048415429274,0.05920974801103089,0.8235122133073248,-0.4540570296619595,0.013711913318286572,0.8427612250610729,0
0.5960101282327613,-1.3904259497116478,-0.15484123025532542,-0.13478617003801185,1,0,0,1,0,0,-0.4576849316364408,-0.23324061976819627,0.41865771818768077,-0.5674190152127826,0.7812478189133183,0.2591350713097633,0.015978650976202387,-0.9850145775759834,0.9948668563554474,0.8838362802196864,1.3783639602303177,0.392688102265979,-1.2881702466942473,-0.044621443125507455,-0.30782046132698615,-0.6562976283480111,0.6537667089960979,0.44360382499182455,1.1515092521572485,-0.6064731204975302,-0.06680392335848166,1.0435956396487287,-2.019532144262629,-0.5457419166867667,-1.3588478603784735,0.6064731204975302,-1.1515092521572492,0.10385022336961848,-0.10937746679115769,0.6275743551108558,0.1627557467265941,0.4274663494443799,1.0461850518512859,0.758556726032511,0.2342775195316623,0.5738579727592754,0.40174179947141603,1.8800827791051529,1.9822931528946752,0.36170210655892676,0.11239667925676361,2.450458134240362,2.6151243949704273,2.399534261060888,1.0460099439658226,1
-0.6633027272718879,0.9802085196628456,-1.168717627632051,-0.13478617003801185,1,0,0,1,0,0,0.11016723354952047,-0.491995694637299,1.634009952838616,-0.7051376327413292,0.6176913815775859,0.16656618342349314,-1.2157405339448935,-0.6550889427966663,1.172793891786647,-0.6947876673899471,-0.6196657597333174,0.5806787451362231,0.026421831445545302,-1.0322673415040773,-0.7530987431094037,1.678617763557995,-1.166481817481311,-0.11739820752644184,-0.030386078764458365,0.8221130942085976,0.6590874420605295,0.14469234411360082,0.08360042819551111,-0.2180500878152647,0.6909793364392423,-0.8221130942085976,0.030386078764457654,-1.0938078624002545,-0.9349191994684248,-1.0008977270216337,-0.09565426316663046,-0.5454256239766699,-1.2851844898232538,-0.5463906304141645,-0.5962450189412776,-0.9764194483286528,-0.05424950115312168,-0.5588081172337243,-1.9928225687248964,-1.657331577651353,-1.6161785862295364,-0.857816301083085,-1.0302635040182315,-0.8213259083916238,-1.3841377820692236,1
-0.7918040390580765,-0.7204640344536393,1.4383931084795292,1.478524768348486,1,0,0,1,0,0,0.26159447759911014,-0.5420022933760469,-0.6175899766199587,-0.045477027772660265,-1.0128483566616604,-0.381692060772484,-1.6937555744979744,-1.4094096652847068,1.5411500433926668,-1.81632438095783,-0.7579100037366637,0.07226647694560966,0.9317669706992232,-0.1548055379253777,-0.24066174914358823,0.6884816048338943,-0.40805528432611915,0.26333662021129023,1.3508541695676228,-1.2411978630008915,2.200528487444641,1.6933693398752807,-1.414946122204636,2.049116424307721,1.2424170795534717,1.2411978630008915,-1.3508541695676235,-0.11896988561082296,-0.18442671521636386,0.14540105704928116,0.48576825909312477,0.2909201075607231,0.038025250046078915,0.6769975162545934,0.06817301183707392,-0.35630847989348147,1.8054019770460803,1.33810702436318,-0.44187577897824326,-1.060883094792903,-0.3130987707090945,0.7600658542737248,-0.7010026615289333,-1.211010225189582,-0.6418381130257917,1
0.4932090788038099,0.5936920300909173,-1.6032360836506476,-0.13478617003801185,1,0,0,1,0,0,-0.5460174906653681,-0.16753427491379488,-0.4768649810287978,-0.22948761757971003,0.1636063482966425,0.04850731191636592,-0.7112117312243528,-0.849935021629006,-0.38581167784761067,-1.3045247469883374,-0.8540371255628508,-0.422475188916328,1.037715968941303,-1.0058299277075737,-1.4698658502420723,-1.2287368371941247,-1.0147808982383806,-0.7447710204199117,0.13830413819877924,-0.7133741297612541,-0.016056187352272364,-0.3059168509961788,-0.7073445340658542,0.756089404486312,0.3831661470008413,0.7133741297612541,-0.13830413819877996,-1.0938078624002545,-1.535313186870074,-1.1737523055720087,-1.5298298180740268,-1.7572735206941175,0.06953024385249205,0.4323198869208419,0.40038202722625016,-1.2864749325462383,0.19555442875423396,-0.02767187758659086,0.8992370333320981,0.35244048415429274,0.65151875506577694,1.1724671879921262,0.6160407084282594,0.29205785388825667,0.904619530814692,1
-0.9974061379159777,-0.87507063028241,-1.8929150543297122,0.5985369837740325,1,0,0,1,0,0,-0.07911682151246661,-0.41175254782395926,-0.3745195296897717,-0.277515538818657,-0.31197359920543116,-0.10219662633326239,-1.3946947434152848,-0.7204540772582878,1.154845472170806,-1.739685966915943,-0.798974913782355,-2.4653390522182597,-0.5970199027964347,-0.6940246461566728,-0.19129281923712552,0.030930845387590566,-0.7726234526392,-0.32965546425317555,-1.175091701728231,-2.1969867853537464,1.2458957423565904,0.7972128840514914,-1.5476299313546498,1.5840833161771262,0.7168621198709981,2.1969867853537464,1.1750917017282303,-0.5367575899491508,0.04072103005925432,0.7367456678795146,0.6408142650290589,0.2738518273252659,0.7626401075935709,-0.38327221085833024,0.17890935030013266,1.069946747507413,1.1392581639597994,0.7310941790521709,-0.02220782410562002,-0.8145239388296306,-0.21156008378542468,1.0455744699249259,1.2745623934068555,0.23638866577426285,-0.45626319576493324,0
0.4932090788038099,-0.7977673323680251,-1.6032360836506476,1.478524768348486,1,0,0,1,0,0,-0.5460174906653681,-0.16753427491379488,0.25234635976176334,-0.5367505835782743,0.8644811057528708,0.2859666330159286,-0.5521377790314483,-1.1416183760448793,-1.40331750715356,-0.37620791112276364,-0.8708418837162378,-1.0262860691068239,0.6642192682021997,-0.8853478957468431,-1.302631301194097,-1.1696855098135845,-0.7970105440957476,-0.8549067237870647,0.03622492998512883,-1.435659238404968,-0.11686816342717056,0.26195960686243924,0.7429609103715773,-0.2820693953630415,0.29748707746674585,1.435659238404968,-0.036224929985129536,-0.9823978079100336,-1.3852146900196616,-1.0554833834059623,-1.4135453136220761,-1.5865907183395476,-0.08799472517957138,0.4323198869208419,0.4557501964577793,-1.1624527388592034,0.0012624832707351544,0.4275877563966659,0.5160619441005718,0.8451587960808378,0.6684418695530556,0.1890486229713212,1.0276167615398821,0.3477270420022505,0.038603250264021984,1
-0.8689048261297889,0.49062096620506923,0.5693561964423357,-1.6014324776621007,1,0,0,1,0,0,-0.356733435603381,-0.2815028022718716,-0.5664172509504457,-0.16410020673632444,-0.34181563391063907,-0.08967523087038526,1.6637638047132286,1.3907086123637427,-0.23918490730592498,1.7278970509931282,1.4042646356701594,1.521833577440969,-0.6438758733097761,1.4407717617567593,0.7958270738937264,-1.4163733877365616,1.9764854093790598,1.339245122459089,2.279872601561663,-0.18555039652161812,-0.8739019027038337,-1.111549122732635,-1.096344879117427,-0.3744283426069255,-0.5181006024176968,0.18555039652161812,-2.2798726015616637,1.245803281894381,0.641115017460903,-0.2185033188462471,-0.8967252938356269,-0.1699234587966153,1.0776900456576979,0.8401159358104279,-0.1532996650890431,-0.29429738304996345,-0.9701972441467586,-1.2416975682086098,-1.0622544948769042,-1.385039878955104,-1.4131012123821949,-0.12818317219668063,0.2044646553166367,0.1250502895462747,-1.198562864808365,0
0.2619067175886707,-1.3904259497116478,0.27967722576327125,-0.13478617003801185,1,0,0,1,0,0,-0.028641073495936725,-0.4338484868015456,0.39307135535292426,-0.5616325186779697,0.2691816482118707,0.10038166454828545,0.07894812372357626,0.22549940245488007,1.1213168498508717,0.570077267318178,0.7212689514091977,-1.6061954863513077,-1.4481494465020763,0.07903865011897916,1.050089781786049,-0.0192086201757511,0.0799958275262736,-0.39970950947840844,-1.535794876505097,-0.66747641382737255,-0.030804799933172852,0.7424518846750776,-1.552180508887336,-0.6908151166138944,-1.3279235005370655,0.66747641382737255,1.5357948765050964,-0.03541234474315745,0.7912135143113154,-0.3913578973966235,-0.3411437725651945,-0.2894014204448148,-0.6865896075014126,-0.8726274695258333,-0.26403600355210183,0.015758101167622184,0.5008703430854462,1.6226442956027158,2.2152610005141846,0.8386756603975941,0.47805683157117296,2.274847676200933,2.7768149872642787,2.5188253784480175,1.244840212459599,0
-0.6376024649146498,-1.132748289997029,-1.8929150543297122,-1.6014324776621007,1,0,0,1,0,0,0.7411140837561441,-0.6286416330513195,-0.5152445252809326,-0.19824053629172045,-1.0200944950674313,-0.33026490083566723,0.1971899558233785,1.7115724902910334,-0.9427779767409539,-0.05135210380962109,-0.5269488133115067,1.3271628457705067,1.571763576109271,-0.6946013842482829,0.7942012327567776,-0.6970647436967258,-1.1306449980302473,-1.2001131458155683,0.513835114248652,1.300476421676128,-0.9682349526105811,-1.5535735968081943,0.5883262347064642,-1.051754846494637,-0.48661763868698965,-1.300476421676128,-0.5138351142486527,-0.6799990885794346,0.6732789810717061,-0.13922415124043602,-0.4721945632967582,-0.8624079712065859,0.1595445118708137,1.9935961883838287,1.832044688784366,-0.30315611117046587,-0.9979532363586869,-1.5452039908641146,-0.6882026220556532,-0.30883935553659736,-0.685407289429221,-0.667477223982284,-0.7833178721512579,-0.26463402725168356,-0.5181215015185524,0
-0.6890029896291251,-1.3131226517972627,0.5693561964423357,-0.13478617003801185,1,0,0,1,0,0,-0.785777293743885,0.9959913538796311,-0.16982862701171944,-0.3799365274848451,1.7019911914963965,1.0596099955436942,1.7744508892468007,0.0018369089046280287,-1.3185819315684597,1.9199239210697927,1.395458098690858,-0.08854701424674281,-1.701506836195183,1.125583392764768,0.10636150654024172,-1.0250707377003074,1.524999437819144,1.099560170003877,-0.11207882534413849,-0.009609152108407288,-1.3427474927156828,0.104029407240639,0.7724484392665477,-1.081530016447473,-0.7406573782178354,0.009609152108406583,0.11207882534413849,1.685254052383586,0.6494538228414815,1.6384198437095456,0.7398714354881283,1.3889794693751245,2.3098853589751718,-0.582639168093239,-0.6023970377447808,1.8623107627301334,-1.2338791701600784,0.19995793940503753,0.3107895748693972,0.6765972683164937,0.1607484349347019,-0.3819686083310823,1.0276167615398821,1.127095675598167,0.16231986177126023,1
-0.7147032519863632,-0.02473435322416849,-0.8790386569529866,0.3052077222492148,1,0,0,1,0,0,1.6370586110495498,-0.7117921402564469,-0.2721740783507456,-0.35216134411774325,-0.9654551155685491,-0.2752601993380284,-0.5334392203854993,-2.263000064621172,1.7345503298894263,-0.5819762517215854,0.4413815227517578,0.899025648030527,-0.24880414275637844,-1.0342195279843065,0.1342149364369275,-0.35780018971898614,-0.9246485801180805,-1.2357057536181217,0.5364130502320184,0.6941558255444424,-0.2916197452284852,3.240492185329246,-2.730743093287695,-0.13065333390512407,-1.7802437544619594,-0.6941558255444424,-0.5364130502320191,-0.8709877534198129,0.41596727218528484,0.8641121994429487,0.5245297605771081,0.10316902497069583,0.3845801819166189,2.3897409215908554,2.227531611866718,0.5118468759157585,-0.39128654944082364,2.638848835743915,-0.5200747767805959,-1.7499478016976961,-1.6766182808269594,0.3657920517077793,1.2040064985877206,1.8428423799209477,-0.45626319576493324,0
0.2619067175886707,-1.0812127580541053,-0.15484123025532542,1.0385308760612593,1,0,0,1,0,0,-0.6469689866984278,0.052843642783710586,1.0327304262218375,-0.6594243101163075,1.495603125771166,0.5502575158216566,0.05275785804150385,0.41454349300955834,0.26401440194054954,-0.20431237337595554,0.20696476534364755,2.470485821783253,0.08935746377158255,-0.22950874132650406,-0.2230915343629516,1.007988436805768,0.31513680662972704,0.7113778479564409,-0.5666803935267488,3.931474722747546,-0.3026835159898043,-0.7924621554868507,0.6520146369679826,0.5884970982697632,0.42545767882036645,-3.931474722747547,0.566680393526748,-0.4501053253456458,-0.5179789304395023,-1.0302122461909957,-0.4229736090313822,-0.2799190425362273,-1.1556639597302236,-1.2169885774770395,-1.1560787300600741,-0.8937379858706291,0.917210226264372,0.5793409677244183,5.761911380008369,5.474117673917068,5.5761450708638085,2.948965240932937,-1.0302635040182315,1.6837875567381073,6.966733494669389,1
0.9044132765196139,-0.9008383962538722,1.7280720791585935,-0.4281154315628296,1,0,0,1,0,0,-0.4576849316364408,-0.2256814827495483,-0.7071422465416066,0.15242115371794043,-0.6144732347460667,-0.2913591363617276,1.4591994891697981,-0.3999321631497375,1.5833294974397065,0.4446437767538318,0.9572840920608408,1.5852993651450493,-0.015545687536758487,2.063975206937396,1.0113942094125032,0.31321894925860233,1.3841281836814907,0.8390619426427488,1.6035661060988957,0.5717619163874261,0.03324729714916069,1.562111961423128,-1.849709627567643,0.7717927572021425,-0.42533552675630365,-0.5717619163874261,-1.6035661060988964,4.0449809009611775,2.81754322179188,4.175642020092257,3.786956135479068,4.489717045483147,2.1173548412693166,2.8383165753693995,1.9506907657090713,4.170501589683269,0.0012624832707351544,1.413983630027056,-0.07694712256726609,-1.0090180093269512,-0.685407289429221,0.6966194952401235,-0.28942660841731066,-0.04195727479570725,-0.023255055489598248,0
0.8273124894479005,-0.5916252045963298,2.1625905351771904,-0.8681093238500562,1,0,0,1,0,0,-0.48292280564470574,-0.21347056910404008,-0.24658771551598904,-0.35621189169211226,0.34350910801086915,0.11111428923075156,0.8564579197823,2.5458146428067883,0.11386818412121022,2.2028356783367227,1.3588052950926115,0.9377459495540389,-0.6617212086431812,0.823598888030061,3.402271739123455,-1.3055004051385166,2.298294517825911,1.0612671504750837,0.9704170281043213,0.3165258375355961,-0.36799528120473696,-0.08588935230265327,-1.4675636274855408,-0.6969393844228501,-0.7303926188720725,-0.3165258375355961,-0.970417028104322,0.605195468575612,2.81754322179188,-0.44594355378095224,-1.0130097982875779,-0.18699173903207253,0.3215701943037938,-0.05703537174666111,-0.4855086804782194,-0.29429738304996345,-0.22078545442469194,0.12408133374116129,0.6529101902546883,-0.2699405414371327,-0.5161761445564365,1.6165917012273294,0.4514102871836102,0.6817421706862145,0.2860364732784985,0
-0.6890029896291251,-0.05050211919562982,1.0038746524609323,0.5985369837740325,1,0,0,1,0,0,-0.1800683175455264,-0.38093452767100994,-0.7711081536284979,0.36999342342690494,-1.3313652582592923,-0.5789040393127989,-1.3871776653148467,-0.034227150044078995,0.12309377525348766,-1.5404043929001814,-1.6973607842332317,-1.9392422596888468,0.4109312730893082,-0.8779679571343898,1.5412904786520858,-1.407372273894046,-0.5568685642237379,-0.9497458539469121,-1.3392924006938196,-1.3166012534636966,1.0516490732809485,1.5910088040477037,-1.5825467232362334,1.5288056203392915,1.2794101760372725,1.3166012534636966,1.339292400693819,-0.8988402670423681,1.1664597564373458,-0.5005292101652823,-1.1034533017502068,-1.2281568333949502,0.3215701943037938,-0.7910682597479163,-0.26403600355210183,-0.6663639641110671,1.0282341951120857,1.5657368413548085,0.16025650409986858,-0.6978274965312384,-0.11002139686175369,1.8386539578449304,0.2044646553166367,-0.3759724034796717,0.22417816752487937,0
-0.020796168340944693,-0.8235350983394863,0.5693561964423357,-0.8681093238500562,1,0,0,1,0,0,-0.7731583567397526,0.9035372934207831,-0.20820817126385424,-0.36952083372218186,1.517474810646452,0.9804568885105066,0.3118075644253615,-0.7600874126672779,-0.18827229396315148,1.2260402853408727,0.6576840805444351,1.131677530241106,-0.3686309728956337,-0.9092471070077986,-0.24236756923979919,-0.8825920931466101,0.17272990575267783,-0.5368464291832767,0.6257323574189628,0.9228794432816189,-1.3420850045614945,0.8004453173735082,-0.6295454037485485,-1.4850253102008402,-1.3791475648386662,-0.9228794432816189,-0.6257323574189636,-1.0102503215325889,-0.5596729573423944,-1.11916664918768,-1.3360223106541085,-1.2110885531594928,-0.655084613695,0.02452383803125581,-0.26403600355210183,-1.4725082230767892,-1.241589167996725,0.8322629866040054,0.20688627686349426,-0.1590068864127352,-0.7230142105120619,0.41111087958892223,0.43311801815642703,1.0652410221381738,0.024856960096552163,1
0.5960101282327613,-0.41125084279609675,-0.15484123025532542,-0.4281154315628296,1,0,0,0,1,0,-0.44506599463230834,-0.22742589898462093,-0.68155588370685,0.06562370569574714,-0.5345841547713328,-0.22562181018162267,0.23540347421605665,-2.345641704508204,0.8991970112403946,0.5338426741385518,1.1552110789869636,-0.4329213684232764,-1.962622712300153,0.04011237586245699,-0.4835515983236636,-0.7064663178882411,0.6536021543194358,0.2592130531161332,0.25295560183580257,-0.8413313984254093,-0.287254447921298,2.735055476559344,-1.939162955769525,-0.07308630417628154,-1.2487598856194,0.8413313984254093,-0.2529556018358033,0.2152602778598393,-0.25947596364157,0.7276480584821255,0.21443774870523882,0.47867119015075044,0.9831750642384596,0.02452383803125581,-0.09793149585751397,0.7598912632898273,-0.10050948817300241,3.1085611565202904,0.8353745184601769,-0.40392534555750975,-0.4033553813079138,1.221814356129372,2.628190301418415,2.2404794378780473,0.09358841093390566,1
-1.8198145333475857,-0.30817977891024867,-0.8790386569529866,-0.8681093238500562,0,1,0,1,0,0,-0.33149556159511606,-0.305924629562888,-0.2977604411855021,-0.33190860624589813,0.05144053786971456,0.021228557515097883,-0.8952066390132762,-1.5281861464073838,1.8039575083946844,-0.19688102062422394,1.0523951935804745,0.45676951860369247,-0.9379695196869431,-0.63259400434937,-0.7707461362179333,-0.22376864426319668,0.6605952927477434,0.6722784122630238,1.0008734476041308,-0.3696749546284684,0.6127261477756722,1.325366885436862,-2.690936254228526,0.9210085414442398,-0.7118162725254287,0.3696749546284684,-1.0008734476041314,-0.8709877534198129,-1.0850176963188372,-1.592242337851867,-1.4393863146113988,-1.1598837124531223,-0.844114576533476,-0.38327221085833024,-0.8177176958673952,-1.534519319920306,0.5286263352973745,1.1863538130354276,-0.0951935553878152,-1.4498712357875443,-1.0746389226366257,1.109020828958526,1.0276167615398821,0.9044189231421907,-0.3944048900113141,0
0.05630461873076867,0.49062096620506923,-1.6032360836506476,-1.6014324776621007,0,1,0,1,0,0,-0.34411449859924853,-0.29138782760394966,-0.5920036137852022,-0.08598250351635046,-0.41879934682925535,-0.15764852052600398,0.15149306608430413,0.3449990816459566,0.5361737989938291,-0.06438371744541904,-0.7434069557195828,-0.6247938334530958,0.14153563629575214,-0.6980511041331134,-0.6834492087914726,-0.5282096199524657,-0.3148143637663435,-1.1586537833114108,-0.4019224822967764,-0.45352244570481864,-0.9081392345048763,-1.1581864806592912,-1.2637672728638296,-0.22518628557255546,-0.1647344542349433,0.45352244570481864,0.40192248229677574,-0.7595776989295921,-0.7848207026180125,-0.6097005229339397,-0.7675202888890147,-0.8355863879794388,-0.8126095827270634,0.02452383803125581,0.2342775195316623,-0.790386157798101,-1.0257092285706153,-1.317574173872486,-1.272088472313216,-1.6184327635518894,-1.5823323572549794,0.030432725387320277,-0.04248097655033679,-0.26463402725168356,-1.3841377820692236,0
-1.0488066626304537,-0.5658574386248675,-0.4445202009343899,-0.13478617003801185,1,0,0,1,0,0,-0.3062576875868511,-0.31929848736511135,-0.6175899766199587,-0.04837027604006671,-0.5334655866900332,-0.20818129507261524,-0.750363754294271,0.4908083043846124,-0.5352208215584363,0.09811018509421934,-0.4629190390237682,1.5528032978184945,1.5247665596867361,-0.4261467654887629,1.1973655726379764,-3.011176211853438,0.6951512306844885,-0.922184030040987,0.42176776227307794,1.699534365048511,0.6175982392830439,0.5258447448119183,-2.2942769031118355,0.5567595302972537,-0.29851579414018425,-1.699534365048512,-0.4217677622730786,-0.5367575899491508,0.7912135143113154,-0.6642861793182697,-1.98204733538717,-1.689000399752289,0.8571550890128092,0.6769975162545934,0.5111183656893089,-1.4104971262332722,0.6396503041450882,0.5793409677244183,0.23324223538206504,-1.0219842806934394,-0.7700228618656133,1.648314880744129,-1.0302635040182315,-0.3759724034796717,0.40975308478573785,0
-1.6142124344896835,0.6194597960623787,0.5693561964423357,-0.13478617003801185,0,1,0,1,0,0,0.9556360128263961,-0.653063460342336,-0.8350740607153893,1.093884139931997,-2.817324768955664,-1.347628282194434,-0.4548509066871168,-0.649475939087159,0.2069416746688621,-0.41440389894528995,-0.7188319862438386,-2.647314326169655,-8.189646358735916e-4,1.1597232070060501,1.6643981343057987,0.4778024610076642,1.5037601784043615,0.8513286022964844,-2.147135912362408,-1.4811177417461807,1.791263021885889,2.5587836222651106,0.19724919235955185,2.050935784055899,1.7656734700822543,1.4811177417461807,2.147135912362407,0.911573118423719,1.3165582532877582,-0.4186507255887879,-0.12149526415595328,0.47867119015075044,-1.033144539371952,-1.85133798686084,-1.3713993881826885,0.7598912632898273,1.7221340004102954,2.476256109321323,0.14201007127932075,0.22277777048941236,1.0576735027604598,0.09387908442092041,-0.8656330827735822,-1.4336869776455579,0.5334696962929761,0
-1.3829100732745436,0.0783367106616796,-0.15484123025532542,0.3052077222492148,1,0,0,0,1,0,0.40040278464456736,-0.567005592745421,-0.08027635709007157,-0.4152341563472037,-0.3233849732856405,-0.11516521449124227,-0.28141524447502186,0.07654193863660307,-0.6511994862395213,-0.4259094118514209,-1.240092768367445,0.9377381311796922,1.5757674960842516,0.10984130873631386,0.5312975330985271,-1.4263404953869774,-0.4952682312949883,-1.2096387093373309,0.6464168285569932,0.6378546273322155,0.5010668893177872,0.42718599250134653,-0.5431231291095724,0.08427663782674115,0.4312045710205234,-0.6378546273322155,-0.6464168285569939,0.540206270122983,1.149782145676189,1.6889621181394816,0.5245297605771081,0.2890236319790054,1.7497965801945017,2.2266225020350205,1.9814508597265874,0.8976937007198638,0.11228645211844858,-0.02767187758659086,-1.1078705769282764,-1.1775795370912954,-1.0746389226366257,-0.0647368131630805,-1.1948939252628807,-1.0996718489615938,-1.0129879475475077,0
-0.9974061379159777,-0.514321906681944,-1.8929150543297122,-1.6014324776621007,1,0,0,0,1,0,-0.20530619155379135,-0.37279391857400446,-0.579210432367824,-0.09119035039768207,-0.551732720508216,-0.21623076358446483,0.02123157805844767,-0.1215695276002247,0.635310824769254,-0.5084045638038193,-0.5244242996330675,-0.46187896640744136,0.4064779036711372,-0.6727510411066443,0.20683002152281732,-0.07006930935191324,-1.0410330297297277,-0.47006401906048983,-1.0228468552315015,0.3844992353771891,-0.7017279396142225,0.37405576698650567,-0.9389040789384244,-0.3454487658101812,0.2228512496340609,-0.38449923537718983,1.0228468552315009,-0.5646101035717058,0.340918023760079,0.43652455776570404,0.33072225315718967,-0.11871861809024475,0.6996301199807459,-0.13859458152457876,0.40038202722625016,0.7598912632898273,-0.8869292675109735,-0.17942508891434333,-1.3998135020570583,-1.5795339494524245,-1.5823323572549794,0.062155904904119784,-1.1125787146405561,-1.0996718489615938,-1.3841377820692236,0
-1.1773079744166424,-0.7719995663965628,-0.15484123025532542,-1.6014324776621007,1,0,0,0,1,0,0.980873886834661,-0.6553893486557661,-0.2593808969333673,-0.3527399937712245,-0.7483503292560805,-0.2314353152179585,-0.4269168279601441,-1.6541320365607013,-1.942678823611158,-0.018938669991703388,-0.48396039008483666,1.8075681670315473,3.144283481446744,-1.2616387411576395,-2.621986603455321,-2.174549969465121,-0.5399767224260876,-0.3524395983900166,1.7556215933338128,0.7241032714020105,-0.6669763231424262,-0.3563004886481,0.47049402548943503,-0.5098467533530453,0.2850835385112303,-0.7241032714020105,-1.7556215933338135,-1.4558905394934718,-2.435904167972547,-2.920493309870545,-3.157812880401342,-3.1056676592952206,-0.8756195703398886,1.4110304042558486,0.5664865349208381,-2.9607745473212006,-0.8036612908751883,-0.6346847228976005,-1.0531312784666302,-0.6848612251647502,-0.8207922053274488,-0.5405845059150832,-1.3595243465075295,-1.266679413303576,-0.8892713360402683,1
0.18480593051695732,-0.6946962684821769,-0.4445202009343899,0.5985369837740325,1,0,0,1,0,0,0.8925413278057338,-0.6431784350102578,-0.8094876978806327,0.9937777498797341,-2.3374451235113605,-1.2626616701249107,-1.0931665322296695,-0.018526269308018102,1.4555483633571666,-1.2724225608270465,-0.8911290952359258,0.6098635734146203,0.9228048888755158,-0.36137434070031604,0.1335464422482557,0.8179687862553315,-0.1999978050856715,-0.04588993237668303,0.569588792901455,0.266869946255213,1.1589936904054903,0.15921178021169555,-1.1678036282904776,1.5206463898383222,1.1137088804987325,-0.266869946255213,-0.5695887929014557,-0.2582324537235989,0.26586877533487285,0.427426948368315,0.8087807714596554,0.683490552976235,-0.37153966943728567,0.2692014673650073,0.012804842605544792,0.139780294854656,1.5555980471387252,0.5793409677244183,1.2459192569225261,0.35244048415429274,0.9730579303240674,2.187608932529733,-0.7833178721512579,-0.7656567202776299,1.5232025883508855,1
-0.894605088487027,-0.30817977891024867,-0.4445202009343899,0.5985369837740325,1,0,0,1,0,0,-0.6848257977108253,0.15053095194777633,-0.15703544559434116,-0.3863016736731393,0.990878635814077,0.4143109365104192,0.40942981912518583,1.9985525206758212,-2.43121338492784,1.1665635662762215,-0.09408186455510299,0.08401510437793466,-0.010669317738941194,-0.15411093885275853,1.4152555603804493,-1.8476160793192842,0.6738763216362272,-0.5789138600281818,-0.46991781074089073,0.5806453452778549,-0.7233079643883168,-1.325304103026197,1.4668741670264183,-0.9077478924460219,-0.442885676205755,-0.5806453452778549,0.46991781074089,-0.28608496734615396,1.0163612595869336,-0.5824076947417753,-1.3747838121380926,-1.091610591511294,0.2270552128845555,-0.38327221085833024,-0.2086678343205727,-0.5423417704240322,-0.8314172830871166,-1.3934507795363622,-0.9436526815433369,-0.1402778277722523,-0.48232991558187904,-1.5557262504526888,-0.6186874509066087,-0.4316415915936655,-1.0129879475475077,0
-0.5862019402001745,-0.05050211919562982,-0.8790386569529866,0.5985369837740325,1,0,0,1,0,0,-0.23054406556205628,-0.36058300492849626,-0.7711081536284979,0.36999342342690494,-1.2786749721771822,-0.5632522949842025,-0.90535757483029,-1.2809662210476807,-0.06167678638536674,-1.369589974063527,-1.1172433650933609,-0.8422733026231025,0.6078118094955173,-0.4362382021086833,-0.09522513052454905,-1.4419853420213369,-0.6788222709894453,-0.36090886855015125,0.13830413819877924,-1.2859286878517078,0.8230376751394539,1.6627718935708726,-1.3647419710218258,1.177119152480687,1.1001138277653606,1.2859286878517078,-0.13830413819877996,-0.28608496734615396,0.11577027848446049,0.6639647927004092,-0.25070026910256554,-0.4942207832702994,1.9913348660436665,0.4323198869208419,0.40038202722625016,0.2638024885416898,0.6674062963570164,1.413983630027056,-0.25028823436248077,-0.892321567028559,-0.4315605721200442,1.2993599060593275,-0.04248097655033679,-0.5986491559356475,-0.1469716669968365,0
-0.020796168340944693,-0.9008383962538722,0.5693561964423357,1.478524768348486,1,0,0,1,0,0,-0.7731583567397526,0.9035372934207831,-0.06748317567269331,-0.4181274046146101,1.6460421009497008,1.018021074899138,-0.6321475212049964,-0.43821398675883677,-0.9239685626488395,-0.5656750837798912,-0.9782059807463491,0.14255212526880587,1.5528274850629986,-0.7438889588904984,-0.2327569363491916,-0.5940325115684739,-0.25909835302245493,-0.5865719946307414,0.9153149533513734,-0.7133741297612556,0.1357314336652721,0.368291660024255,0.6661505924217475,0.5072730522357897,0.6990422977700791,0.7133741297612556,-0.915314953351374,-0.8431352397972577,-0.4846237089171882,-0.8917264142529749,-1.0259302987822392,-1.05747403104038,-0.49755964466293656,0.758556726032511,0.34501385799472056,-1.2864749325462383,0.44535835866158957,0.8069707847160468,1.2459192569225261,1.454573550305776,1.6161362808406496,0.506280418139323,-0.04248097655033679,-0.3759724034796717,1.3376276710900281,1
-1.5628119097752085,-1.2615871198543382,-0.4445202009343899,-1.6014324776621007,1,0,0,1,0,0,-0.6722068607066928,0.08947638372023524,-0.5408308881156891,-0.18898214183601983,0.41916487977909284,0.21486299449459065,0.2689761893587078,-0.1245438592494802,-0.3370202507063737,0.15482495717844105,0.3421941717342261,-0.9809531132212997,-0.8200326095748274,-1.0184835149671005,0.21493883248712828,-0.24667788520392767,-1.240111693539126,-0.8411174865434974,-1.3392924006938196,-0.009609152108407288,-1.391674666639639,0.3862613593345102,0.21283048785545733,-1.4388320558814904,-1.2660566979190113,0.009609152108406583,1.339292400693819,-1.0659553487776992,-0.10937746679115769,-0.8644335860608106,-0.8450432918569822,-1.2281568333949502,-0.34003467563087314,-0.7910682597479163,-0.26403600355210183,-0.790386157798101,-1.2755131584779709,0.5034643620605421,0.38833691435672935,0.4432043837197094,-0.194636969298146,-0.09645999267988113,1.0276167615398821,1.127095675598167,-0.1469716669968365,1
-0.4063001036995106,-0.5658574386248675,0.5693561964423357,-0.13478617003801185,1,0,0,1,0,0,0.7284951467520117,-0.6268972168162469,-0.6175899766199587,-0.04837027604006671,-1.2461243019967532,-0.44474623078197245,-0.2449284902236057,0.30389352768647176,0.09363145517434295,0.12276462662605235,-0.055782312983822524,1.1841385335897117,0.7183150183431144,0.4065143763495706,0.4597661343347336,-2.039438658583155,0.8051986022676685,0.03639250107447193,0.11065768597424898,1.505274782839251,0.7467634029121526,0.04348021656849033,-2.17743650505727,0.6325740602417737,0.10804993294520601,-1.5052747828392519,-0.11065768597424969,0.35452284597261524,0.399289661424128,-0.05980057713625324,-1.0977108570859129,-0.7730026937827631,1.3297299961089997,0.23295292968593312,0.1973654067106424,0.07087907613963722,0.6951622885689447,0.04820472807728505,0.03253147435602734,-1.0997819088923677,-0.8207922053274488,1.7117612397777302,-1.1125787146405561,-0.5986491559356475,0.47161139053935697,0
-1.1516077120594044,0.15564000857606544,0.5693561964423357,-0.8681093238500562,1,0,0,1,0,0,4.817030736090933,-0.7885464545996415,0.21396681550962854,-0.5066608015972472,-1.1132404247016958,-0.21488918549915656,1.655799356828581,1.305878627244987,0.696840841548855,0.19049622627867,1.238127498413259,-0.5713808510022534,-1.2744880576157818,1.5829373395205584,1.4291697035750055,1.0311489020101365,-0.05712501821019884,1.0194051096387142,-1.4375436385994584,0.6464429457035722,-0.7207769738283922,-0.3606485629271868,0.08360042819551111,-0.31399230210773255,-0.6143757079689786,-0.6464429457035722,1.4375436385994576,1.4686233908748227,1.3165582532877582,-0.009258302706318612,0.5245297605771081,0.47867119015075044,0.06953024385249205,-1.85133798686084,-1.648240234340335,-0.4803306735805153,-0.7789892977979186,-0.5166544474204599,-0.6243401071837319,-0.4903671546674297,-0.5725865261806978,-0.857816301083085,-0.48149543320273464,-0.23370670052168696,-0.7999204499517073,0
-0.5091011531284612,0.0783367106616796,-1.6032360836506476,0.3052077222492148,0,1,0,0,1,0,-0.5586364276695006,-0.09426879304074558,-0.08027635709007157,-0.4152341563472037,0.6600317458236465,0.24840244662729724,-0.644283949739978,0.10776456598493044,-0.09208935174221865,-0.6772516821966079,-0.466778551049635,-0.5179690374279547,0.08377808547543297,-0.3651301371144059,0.4592406862976,-0.8997068246872981,-0.34071062541940667,0.12567963443883556,-0.5252107151899527,-0.18555039652161812,0.5310587849161963,0.3121469893038475,-0.7782293625721755,0.5770805060967159,0.729536678767989,0.18555039652161812,0.525210715189952,-0.5924626171942612,-0.03432821836595151,-1.1919475243667854,-1.4006248131274146,-1.4329761962204342,0.1325402314653172,-1.1988643086375024,-1.149926711256571,-1.3484860293897554,0.08453045990652028,-0.17942508891434333,-1.272088472313216,-1.4109724216880806,-1.1423313805857394,-0.0647368131630805,-1.0302635040182315,-1.211010225189582,-1.2604211705619852,0
-1.1259074497021662,-1.1842838219399534,-1.6032360836506476,-0.13478617003801185,1,0,0,1,0,0,-0.4955417426488382,-0.2018411275368894,0.9815577005523245,-0.6495872660071256,1.0906404719654235,0.34678483954990325,0.31552169766693666,0.29216188847224006,2.0494399028917876,-0.52453499509501,-0.3498891220993292,-1.5165542954096416,-1.286208804560489,-0.6830258582054146,-1.752366663202738,0.3117512290859364,-0.7655660036498652,0.083616960535343815,-0.46991781074089073,-1.6023404173227487,-1.1212119909262583,-2.1564838153482118,-2.4883730838387876,-0.05050920614035822,0.5365086821284425,1.6023404173227487,0.46991781074089,-0.7317251853070371,-1.685411683720486,-0.5187244289600577,-0.28946177058654887,-0.5624939042121272,-0.024984737566746233,-0.38327221085833024,-0.2086678343205727,-0.4803306735805153,-1.3957891247296605,-2.2028012399510413,-3.1788407020605725,-3.4293886644047182,-3.22387446252099,-0.6463284376377507,0.34165667302051117,-0.35741600744167373,-2.9305954259097073,0
0.2619067175886707,0.18140777454752677,-0.15484123025532542,-0.4281154315628296,1,0,0,1,0,0,-0.6469689866984278,0.052843642783710586,0.8920054306306766,-0.6374356232840185,1.4447634935856657,0.5332641934077519,-0.04088395900930697,0.07539794479454469,0.33725078007264114,0.2381314770768646,0.5222641139510709,-0.9070050976744494,-0.4088415090067277,-0.3029685235829024,-0.08829731990584572,1.1582952651401215,0.3841477892537666,0.794900427819042,-0.7581467807413153,-0.4851260289008703,-0.24587243876646075,-0.1919403621838363,0.7029419215689828,0.05921410945195851,0.09709662642563016,0.4851260289008703,0.7581467807413146,-0.5089050763265954,-0.40957446049198204,-1.028190555213798,-0.354064273059855,-0.18699173903207253,-1.2536794960168407,-1.3619827281933365,-1.2606630497196296,-0.790386157798101,-0.14676947519288291,-0.05296407947454983,0.42482977999782756,0.7414286251489338,0.7248522511773176,-0.32909664246974885,-0.20711139779498602,-0.45019798763166347,-0.04387449074080463,1
-0.5605016778429365,-1.5450325455404195,-0.15484123025532542,1.0385308760612593,1,0,0,1,0,0,-0.596493238681898,-0.05123985924228804,-0.7455217907937414,0.3184936042670703,-0.5031741488122929,-0.2855456313253918,-0.2591610465869704,0.09755509133225777,1.0309922384793282,-0.6936073732477148,0.6742024279658936,0.1187274079363186,-0.6932476545737265,0.698270521514822,-0.2636880237446439,-1.8565675497137675,0.44318573067790634,-0.13862569823437879,-1.3361733137761789,1.4871304482518777,1.058073421585569,-0.3980542980197236,-3.275072269216081,1.3764741975730432,-1.0118371890931248,-1.487130448251877,1.3361733137761782,0.6330479821981672,-0.25947596364157,-0.03655113089848297,-0.9871687972982559,-0.7843815472730677,1.2352150146897614,-0.8726274695258333,-0.3747723420151606,0.20179139169817292,0.7229182807808735,-0.5588081172337243,-0.6608329728248301,-2.098184804111946,-1.5992554717422576,0.6331731362065233,-0.6186874509066087,0.06938110143228039,-0.7036964187794109,0
-0.3034990542705592,0.2587110724619126,0.5693561964423357,-0.13478617003801185,1,0,0,1,0,0,-0.14221150653312897,-0.390819553003088,-0.6687627022894718,0.05520801193308395,-0.8665882858874382,-0.34323348899364714,-0.31731199872191795,-0.846474241251694,0.25924279444543236,-0.6998283171117267,-0.5723876537490155,-0.5945187621457763,0.2945591761177519,-0.6916030109996811,-1.2817193295444236,1.5168455663931297,-0.7491086218434649,-0.16852847287896022,-0.7532939460423284,-0.06374491962016399,-0.2498115212278523,-0.12218582650953118,1.1698899255044046,0.20261962100555483,0.5795967307507056,0.06374491962016399,0.7532939460423277,-0.8431352397972577,-1.3852146900196616,-1.155557086777232,-0.3153027715758717,-0.5795621844475838,-1.6002344278873806,-0.9541866793037505,-0.762349526635866,-1.1004416420156866,-0.44283339212011924,-0.4070549059059717,-0.9254062487227878,-0.2569742700706454,-0.1607907403235886,-1.238494455284687,-0.8656330827735822,-0.9883334727336057,-0.8274130302866491,1
-0.3034990542705592,-1.1842838219399534,0.5693561964423357,-0.13478617003801185,1,0,0,1,0,0,-0.14221150653312897,-0.390819553003088,0.9815577005523245,-0.6495872660071256,0.622278697406208,0.201447213641508,0.2410289541084485,0.3159075510983455,2.196412857756832,-0.9318015003360208,-0.8828152682699838,-1.3426053309344566,-0.2128953712051317,-0.7726340480431484,-1.2932073347493738,1.5748388599313925,-0.9311788674978155,-0.12065814359944849,-0.20147967785109497,-1.6313284484388828,-1.1071634651185114,-1.7290997469242575,-1.420008779469504,0.3354626869489708,1.0299038924577764,1.6313284484388828,0.20147967785109425,-0.8988402670423681,-1.3852146900196616,-1.1009714303929035,-0.23777976860790415,-0.5795621844475838,-1.442709458855317,-0.46483142063624716,-0.4301405112466897,-1.1004416420156866,-1.3032691506898992,-1.8866487163515573,-2.4033673071872457,-2.5325548948892953,-2.2931031657206744,-0.3026606595390819,-0.001323371239174659,-0.6821529381066387,-2.002720839605417,0
-1.5371116474179702,-1.1842838219399534,1.0038746524609323,-0.13478617003801185,1,0,0,1,0,0,-0.7226826087232228,0.31741343843638864,0.9815577005523245,-0.6495872660071256,1.8138318464919418,0.7461279162766631,1.3946729000823248,0.4444310586218424,-1.2649386676009386,0.8874887224327279,-0.606457312915091,-1.975771251133141,-0.935434218233488,0.745588487363937,-1.152098031877946,-2.423143988228343,1.4070035521814725,-0.6061001285590469,-1.4375436385994584,-1.2689780594871891,-1.1943433860942945,-1.7641420925228881,-0.7058124867474243,0.1962206293897811,0.1966854009016162,1.2689780594871891,1.4375436385994576,0.24311279148239442,-1.3101654415944555,-1.301118837135444,-2.137093341323105,-1.6548638392813753,-0.2770246880180474,-0.9541866793037505,-0.4301405112466897,-1.1624527388592034,-1.3032691506898992,-1.848710413519619,-1.8468511061605053,-1.8388593767821853,-1.6669479296913718,-0.794369942049485,0.9453015509175579,0.3477270420022505,-1.569712699330082,1
0.9558138012340891,0.5936920300909173,-0.8790386569529866,-0.13478617003801185,1,0,0,1,0,0,-0.8236341047562825,1.5036164782857584,-0.5664172509504457,-0.1201228330717465,2.052724243301574,1.249219698267262,-0.2367713619933365,0.3583296947462408,0.7206285635237094,-0.2112912853913635,0.8095362250565248,1.4146310798558916,-0.16866690604022214,-0.25622822988344873,0.38494924167667155,0.41679082843809956,0.19450093545825262,1.2397258259687594,1.8905440679225438,0.05436948222367098,0.07321611425134515,-0.10618505174271471,-0.5662888001106658,0.47830469333974024,0.15791423561431692,-0.05436948222367098,-1.8905440679225447,-0.03541234474315745,0.7161642658861095,0.9732835122116075,1.06719078135288,1.1101975588626602,1.424244977528238,0.9216751455883455,0.06817301183707392,1.13195784435093,0.05677446769459199,-0.1035484832504671,-0.0039613912850709025,-0.2958730841701091,-0.093098282374475,0.31594134103852145,-0.20711139779498602,-0.2089648391376897,-0.023255055489598248,1
-1.100207187344929,-0.7977673323680251,1.0038746524609323,-0.8681093238500562,0,1,0,1,0,0,0.8546845167933363,-0.6408525466968278,-0.20820817126385424,-0.3747286806035135,-0.6472050364286235,-0.20326217542648495,0.6733813054869238,-0.6058453617949077,1.2181684965311652,0.5519119018382312,0.7605962256226464,-1.3630536968127964,-1.703931605350359,-0.20610422065440887,-0.19129281923712552,1.4062306732435914,-1.0447560957783872,-0.62944670289581806,-2.501932049243882,0.622343072722724,-1.1422900060239687,0.6399088253164645,-0.25215093340362993,-1.7815596335412682,-1.6033445377614024,-0.622343072722724,2.5019320492438806,-0.20252742647848845,-0.18442671521636386,-0.009258302706318612,0.7183372679970265,0.22264698661889537,-1.033144539371952,-1.4435419379712537,-0.5408768497097485,0.7598912632898273,-0.9979532363586869,0.8828473903799233,0.7076494887163344,0.45617065508619664,-0.33002188519637315,0.4428340591057229,1.0276167615398821,1.5724491805101195,0.22417816752487937,0
0.08200488108800677,-0.6689285025107157,-1.6032360836506476,0.3052077222492148,0,1,0,1,0,0,-0.3188766245909836,-0.3175540711300387,-0.7199354279589849,0.14721330683660885,-0.8773799563863852,-0.35799084793203806,-0.13647409673066072,-0.5303071505273275,0.06875805081630103,-0.30776879349606107,-0.6924504384612282,-1.5783627966947977,-0.4334486529874717,-0.5859103539864624,-0.6115856925889743,-0.37405658099704336,-0.6048586658895123,-1.2595266750631926,-1.3361733137761789,-0.827498180191446,-0.39566416848030467,0.11519008565896216,-0.4698853488970975,-0.18399171476016687,-0.32946316779573,0.827498180191446,1.3361733137761782,-0.7595776989295921,-0.8598699510432187,-1.155557086777232,-1.1422148032341901,-1.2793616741013212,-1.1906695084040155,-0.8726274695258333,-0.3747723420151606,-1.1624527388592034,-0.49834537654397587,-0.1035484832504671,-0.6060936743631827,-0.7367263106307022,-0.7530997473783346,-0.2233527107470814,0.6160407084282594,0.23638866577426285,-0.9511296417938885,1
-0.894605088487027,-1.8284779712265005,1.4383931084795292,-0.8681093238500562,1,0,0,0,1,0,-0.07911682151246661,-0.4175672686075346,-0.34893316685501513,-0.3041334228787963,-0.27820839517963436,-0.08609768930956323,0.6331572635178716,0.9695521583617436,0.20659621717624965,-0.25108271996160103,-0.2300791677946822,0.027979346497065724,-0.4138988865037974,0.3191860072959992,0.33743270323943836,0.31384330238327796,0.3759903219375533,0.37749130823328925,0.7577574583546642,-0.7133741297612541,-0.5614936900421662,-0.9927080901329736,0.03295830206831843,0.7120221232307363,0.6676609762507252,0.7133741297612541,-0.7577574583546649,0.49378541408539117,0.5660657690356972,0.7003552302899613,0.7700192699756713,0.9053781960371756,0.25856020669096863,0.02452383803125581,-0.319404172783631,0.6358690696027934,-0.8036612908751883,-1.2416975682086098,-1.527538531800901,-1.2813097080232,-0.9731002357129547,-1.016432198667086,-0.37174181903963527,-0.7099875321636356,-1.3841377820692236,1
-0.020796168340944693,0.0010334127472937634,0.5693561964423357,-0.4281154315628296,1,0,0,1,0,0,-0.7353015457273552,0.40230836187658864,-0.4128990739419065,-0.2659425457490312,0.960255572157309,0.514929292908539,1.1515032490008608,1.6644089687332744,-1.1580827600976187,1.7110738809651078,1.3152835621145231,0.6267392260012081,-0.8534565765794414,0.7535080497488088,1.8941259437805784,-1.1788100132921586,1.3431253911799486,0.9448295897515293,0.7646392799752116,0.0964376253461319,-0.8482969334382748,-0.38695975384097436,0.3985475497012417,-0.9797302774929385,-0.7874908497959525,-0.0964376253461319,-0.7646392799752123,0.5216379277079463,1.4666567501381707,-0.50962681956267,-1.0000892977929163,-0.4942207832702994,0.6366201323679207,-0.30171300108041293,-0.6516131881728072,-0.4183195767369984,-0.859173275299045,-0.482931511569848,-0.42362934615769415,-0.16621037050522874,-0.5330992590437151,-0.667477223982284,0.12214944469431245,0.18071947766026855,-0.8274130302866491,1
-1.4343105979890196,-0.6173929705677911,0.5693561964423357,0.3052077222492148,1,0,0,1,0,0,-0.1295925695289965,-0.40128605041352367,-0.822280879298011,1.0441202697326062,-1.9379056705642297,-1.1155352734361044,-0.1387676514326786,1.0738526958476873,-0.6720543249257135,-1.7921413395062233,-2.4724058454964277,-0.2051010337517054,4.453039151883886,-0.7926752239904636,0.6455034015593031,-0.12074156483795903,-2.2697482442883805,-2.9324331689276533,0.3041828515459622,-0.5814181964513455,-0.5990719467076853,-0.8272453884122883,0.7973871477365824,0.17042382463973602,0.35129844995360676,0.5814181964513455,-0.3041828515459622,-1.038102835155144,-0.18442671521636386,-1.919756276157842,-1.6719553235153006,-2.2522536475223704,-2.135819322596396,2.2266225020350205,2.227531611866718,-2.9607745473212006,-0.6926373220274746,-0.9381911455531051,-0.7246954876967501,-0.24400799870415715,-0.1607907403235886,-0.9847090191502859,-0.04248097655033679,-0.32030321536567735,-0.6418381130257917,0
0.2105061928741954,-0.30817977891024867,-0.15484123025532542,0.5985369837740325,1,0,0,1,0,0,1.750629044086742,-0.7170253889616648,-0.3745195296897717,-0.2827233856999886,-1.12077597731294,-0.33294805700628377,0.4394389700614743,0.16114206966667488,-1.6189039418731668,1.1014261672323402,0.23004127327774107,-0.15500500452678434,-0.28527286909022304,-0.5068706278722294,-0.888796252969303,-0.8105569544231175,0.46967373564721854,-0.07027087081888916,-0.04921092906325296,-0.1626015385546773,-1.1175097440965815,-1.111549122732635,1.398564352763164,-1.0222352573997675,-0.36767074999381605,0.1626015385546773,0.049210929063252244,-0.5738942747792242,-0.9349191994684248,-0.4944641372336892,-0.8105886238712191,-0.6023198914281931,-0.0354864021688832,0.3235742738836193,0.3819259708157405,0.139780294854656,-1.1644891896302574,-1.2416975682086098,-1.0622544948769042,-0.2829068128036209,-0.6515610604546642,-1.4288335323854886,0.03983423407198747,-0.04195727479570725,-1.2604211705619852,0
0.544609603518286,-0.02473435322416849,1.4383931084795292,0.5985369837740325,1,0,0,1,0,0,-0.5333985536612357,-0.14950864048471132,-0.7966945164632545,0.8109244593796469,-1.043884003946766,-0.7416821803302016,2.0779371578261765,0.13244403645422517,-0.36232741267218693,1.6320019549923568,2.017514402459557,-0.794398598908978,-1.712057882084875,2.05774637677714,0.08612331917908227,-0.5765385449796335,1.657922649850405,1.9872094343872428,-0.37315522795503414,-0.7133741297612556,-0.8333462665664585,-0.09550714598164538,-0.08405192537615895,-0.5607616337690686,-0.6827442991650918,0.7133741297612556,0.3731552279550334,1.5243284181199328,-0.18442671521636386,-0.7734574920869285,-0.9225662948249498,-0.3064697006802721,0.5736101447550955,-1.1988643086375024,-1.2052948804881005,0.139780294854656,-0.859173275299045,-0.2553016945782196,-0.5148615102604385,-0.47740088330094144,-0.6515610604546642,-0.5405845059150832,0.7806711296729086,0.45906541823023866,-0.8892713360402683,0
0.46750881644657266,-0.05050211919562982,-0.4445202009343899,-0.8681093238500562,1,0,0,1,0,0,-0.11697363252486404,-0.4018675224918812,-0.7711081536284979,0.42554379016110866,-1.391800070814297,-0.6379334750663624,-0.321488149539672,-0.05113321533955746,1.8667748391935697,-1.4572187522659121,-0.9692632879626238,-0.6459325940214717,0.8020838661641208,-0.7694913443598933,-0.8286469734537213,0.27070034096613227,-0.8882105939159638,0.052135228866529784,-0.4194329849395745,-0.4649864905896614,-0.3218295868202689,-0.7599384044366546,-2.279916006075312,1.0878741017689817,1.3109896486453965,0.4649864905896614,0.41943298493957376,-0.7874302125521474,-0.8598699510432187,-0.3913578973966235,-0.19901826712392082,-0.5283573437412127,0.16404522527173035,-0.22015379130249568,-0.04256332662598434,-0.35630847989348147,-0.44283339212011924,-0.8623145398892288,-0.642586540004281,-1.6184327635518894,-1.1931007240475748,1.9972698554289314,-0.7833178721512579,-1.0440026608476,-0.332546584257695,1
0.18480593051695732,-0.6689285025107157,-0.15484123025532542,0.5985369837740325,1,0,0,1,0,0,-0.44506599463230834,-0.23614798015998392,-0.11865590134220637,-0.4025038639706153,0.4010815709153163,0.1294491897299645,0.20917450588861036,0.18706642087938902,0.6636663610154497,-0.061879982875776174,-0.1785285256538705,-0.8599920541756617,-0.043267398777246516,-0.6350002768023147,0.8099598521428201,-1.9559261485457378,0.21827928715738518,-0.2843889725905792,-0.4633576356367666,-0.7133741297612541,-0.925347036910998,0.5546454659441443,-2.87277129895261,0.30003786936405985,-0.04555465295572338,0.7133741297612541,0.4633576356367659,-0.7038726716844818,0.491016520610491,-0.600602913536552,-1.4393863146113988,-1.2964299543367779,0.8256500952063961,-0.709509049969999,-0.5962450189412776,-0.6663639641110671,-0.933189254530854,0.326418948844831,-0.47228650034582426,-1.7869942913162333,-1.5879733954174053,1.8915259237062645,-0.20711139779498602,-0.5429799678216537,-0.6624575482769981,0
-0.35489957898503444,0.1298722426046032,-0.8790386569529866,-0.4281154315628296,1,0,0,1,0,0,-0.5207796166571032,-0.14950864048471132,0.5082099881093286,-0.5876717530846277,0.9458040778563079,0.3391825637331564,-0.4676698347667352,-1.0595553046721924,1.6531907590343624,-1.2769987497987583,-0.11713719773051408,-0.3869469723674512,-0.06940547838159085,-1.2965676478086747,-1.1551523457929116,1.9716136721331516,-1.1217390430997096,-0.015302936876461348,-0.5532824974487066,0.020989325180847843,-0.645208827110642,0.2970666460221748,-0.278685551022106,0.6128456925666683,0.13734375457206727,-0.020989325180847843,0.553282497448706,-1.2609229441355856,-1.1600669447440433,-0.46413877257572894,0.5632912620610914,0.0519641842643253,-1.1276595207911904,-0.46483142063624716,-0.26403600355210183,-0.17027518936292965,0.22331042096616224,2.096873081001942,4.986437985135042,3.982996466770943,4.13768033944514,3.4248129336849398,2.2623449208747504,2.5188253784480175,5.420275850828905,0
-0.7661037767008384,-0.30817977891024867,-1.6032360836506476,-0.8681093238500562,0,1,0,1,0,0,-0.2684008765744537,-0.3454647308912004,0.25234635976176334,-0.5217056925877608,0.42266636227659665,0.1374986582418141,-0.9507915129179144,-0.8971629885875342,2.1403262374516068,-1.2455211543528142,0.2849650279833386,-2.3608277385999115,-1.6374432439261766,-0.6021788888990418,-0.33098786430713667,0.35146549246865383,-0.6317460927791002,0.031082838797175348,-2.477178830391686,-0.7630516575955741,0.720408693013523,0.8998079809935332,-2.5727087432216202,1.0561901137724166,-0.3401221505137793,0.7630516575955741,2.4771788303916846,-0.8152827261747027,-0.7097714541928067,-1.4011925405067138,-1.0388507992769007,-1.1940202729240363,-0.844114576533476,-2.0144564064166746,-1.482135726645747,-0.9764194483286528,0.6951622885689447,0.8828473903799233,0.10551720563822252,-1.2553771652902237,-0.8377153198147269,1.4579758036433286,1.1922471827845313,0.848749735028197,-0.2706882785040748,1
-0.25209852955608386,-1.5450325455404195,-1.8929150543297122,1.0385308760612593,1,0,0,1,0,0,1.3342041229503703,-0.6943479779057209,-0.7839013350458762,0.5661556559570617,-2.220303678324348,-0.9715392256130173,-0.3779937284115044,1.8299079784455934,0.8266210301299178,-0.7527943121393897,0.32154093452933935,0.2130738618854662,-0.5104369900148925,0.01284450490645692,0.908586332719901,-1.1275342709179903,0.07314434782304709,-0.2662213760766169,-1.0117882743416888,1.2940866261665431,0.538443558704121,-1.6014042859053812,-2.263081843438055,1.0895052326849342,-0.6779323206180682,-1.2940866261665431,1.0117882743416882,0.49378541408539117,1.6918044954137887,1.9467277177321458,0.9121447754169449,0.9053781960371756,2.27487981030138,-0.22015379130249568,0.2896456887631914,1.6900577159425842,0.0012624832707351544,-1.6969572021918669,-1.554908181031724,-2.240813789143315,-1.8192559600768776,-0.5405845059150832,-0.9479482933959068,-0.48731077970765985,-1.3841377820692236,0
1.341317736592655,-1.95731680108381,-0.4445202009343899,-0.13478617003801185,0,1,0,1,0,0,-0.29363875058271866,-0.33499823348076474,-0.3617263482723934,-0.2885098822348015,-0.07557315057065565,-0.03467052937274644,-0.7681278891460274,-1.0003387348427126,1.5615025948925298,-1.0956393346795203,-0.6983752860654584,-1.031942853655349,0.69352178283610455,-1.215138294879881,-1.0731027933072845,1.2130904074019058,-1.186943753074907,-0.4951108006230686,-0.02757457514840374,-1.3800988454323733,-0.14605133854258695,0.29798548603368374,-0.9155874884186587,0.30318494883060065,0.4245427441781783,1.3800988454323733,0.027574575148402326,-1.1495128896453646,-1.009968447893631,-0.054746349693259644,0.5762117625557528,0.03489590402886805,-0.655084613695,0.35076067714292497,0.40038202722625016,-0.046252995675895824,-0.19302946221276363,0.19995793940503753,-0.2046721523111086,-0.6329961396987983,-0.48232991558187904,0.8552353928241243,-0.12479618717266176,-0.7099875321636356,-0.5181215015185524,1
-0.14929748012713334,-0.6173929705677911,-0.15484123025532542,-1.8947617391869185,1,0,0,1,0,0,-0.6343500496942954,-0.004140620895327772,0.6617281651178678,-0.6119750385308418,1.3095560289303556,0.4697628307031607,0.6707137450433189,0.6148743306420575,-0.62749321337385,1.625288060870247,1.2955287641349489,0.13440472766726094,-1.6900870992495938,0.137882502938261,1.3574304773046766,-1.8360126235817045,1.1836424973018933,0.5573830913347675,0.6912331826893902,-0.5022446364654003,-0.7948732171496511,0.5159097378971642,-0.9872113784880585,-1.0219796765418032,-1.1400747402742277,0.5022446364654003,-0.6912331826893908,-0.007559831120602114,1.0163612595869336,-0.4823339913705056,-1.2972608091701252,-0.8526546682148961,1.0146800580448727,-0.05703537174666111,-0.3747723420151606,-0.35630847989348147,-0.782844296716242,0.38964945356472797,-0.22519938923422556,-0.6848612251647502,-1.002715686065692,0.29214895640092153,1.8507688677631275,1.6837875567381073,-0.45626319576493324,1
-1.0488066626304537,0.6194597960623787,-0.4445202009343899,-0.13478617003801185,1,0,0,1,0,0,-0.16744938054139394,-0.3890751367680154,-0.8350740607153893,1.166215346617158,-2.1685694957617345,-1.2005018855056278,-1.501477595191476,-0.7779210491591777,-1.9737843728134843,-1.2387263010279297,-2.0540164584361067,-0.5743643660244176,2.1099023466882505,-0.29506625356660676,0.9057459683303798,-2.500910626006202,0.3403585047003223,-0.777030404953269,0.8549852458654548,-1.6313284484388841,1.7930144222268543,1.9750774812019785,0.1850553675690271,2.010932983770199,1.9117030396646315,1.6313284484388841,-0.8549852458654554,-0.3417899945912644,0.7161642658861095,-0.2730889752305771,-1.4781478160953823,-1.2964299543367779,1.0776900456576979,0.8401159358104279,0.4557501964577793,-1.2244638357027204,1.8054019770460803,2.020996475338066,0.31535118307453414,0.36540675552078095,1.1930584186586881,0.41111087958892223,-0.7010026615289333,-1.32234860141757,0.7190446135538346,0
-0.7147032519863632,-0.4885541407104817,1.4383931084795292,-1.6014324776621007,1,0,0,0,1,0,-0.6091121756860305,-0.03786600144006476,-0.6047967952025805,-0.06052191876317377,0.05805644438679743,0.017651015954275845,1.4416602251327408,0.9022023909988128,-0.5692939560366382,1.2983061296807037,0.3985564212479948,0.992844165866511,-0.10476876126912855,1.8790111188452887,1.6669136183068325,-1.415980838635046,1.5289729295582117,1.0364355039465825,1.233103646290187,0.13114384342216406,-0.1271778667105462,0.4315763746035361,-0.644680276794215,-0.23782443732592454,0.4937346764937923,-0.13114384342216406,-1.2331036462901876,1.8864110952131505,1.6918044954137887,0.28186519801010423,-0.5220307794904515,0.06903246449978255,1.518759958947476,-0.30171300108041293,-0.8177176958673952,-0.046252995675895824,-0.38732140769626244,-0.02767187758659086,-1.1169937933385516,-1.2294446225572482,-1.2269469530221315,0.2524949820049213,-1.0302635040182315,-1.0996718489615938,-1.0748462533011267,1
-1.1516077120594044,-0.02473435322416849,-0.15484123025532542,0.5985369837740325,1,0,0,1,0,0,0.07231042253712305,-0.4762959485216456,-0.7583149722111197,0.4029764536753384,-1.4576827254211728,-0.6777336249305077,-1.240138069062544,-2.469266331301205,0.4717527741725317,-0.9258970524960756,-0.6421117814580743,0.31302075200884455,1.034284641259281,-0.9650915492134858,-1.296153630245396,-0.6737682399601127,0.09812257697732671,-0.32965546425317555,0.6912331826893887,-0.25863368266248993,0.7601340686920198,2.090687279539618,-1.3219739493038951,1.3481238517038425,0.5129323653261744,0.2586336826624906,-0.6912331826893894,-1.1176814455053017,-1.4709852596484685,-1.6078382396759605,-1.6350396078162686,-1.5207559231456418,-0.9656338383582108,0.47892514965108013,0.17099961183848567,-1.4547907668357842,0.6951622885689447,1.9451198696741894,-0.0039613912850709025,-0.6848612251647502,-0.1607907403235886,0.7917890337905242,-0.12479618717266176,-0.26463402725168356,0.038603250264021984,0
-0.6119022025574117,0.8771374557769975,0.27967722576327125,-0.4281154315628296,1,0,0,1,0,0,-0.7983962307480176,1.0465794246967366,-0.15703544559434116,-0.389773571594027,1.9034445472441162,1.1061180358343807,0.7772050524697229,-0.22583451873122667,-1.0364122790943737,1.0729999434837005,0.5785858027998358,1.3419114717947684,0.10657345421036325,-0.5568966834338139,-1.2008323053740941,1.1006827776042178,0.3964343449646095,0.7046243090639382,1.0345842828972671,0.8041191033027003,-1.6371671491014503,-0.8930024780366481,2.5228903475887128,-1.056456189118771,-0.06426138663039764,-0.8041191033027003,-1.0345842828972678,-0.6481676444393714,-1.2351161931692491,-0.6642861793182697,-0.04397226118798574,0.12023730520615308,-1.0646495331783645,0.02452383803125581,-0.4301405112466897,-0.6663639641110671,-1.5530730805972546,-0.9381911455531051,-0.4692454282090663,0.8192262533478623,0.2961333508329291,-1.6508957890030895,-0.6186874509066087,-0.32030321536567735,-0.1469716669968365,0
-0.3034990542705592,-0.41125084279609675,0.5693561964423357,-0.4281154315628296,1,0,0,0,1,0,-0.356733435603381,-0.28673605097708943,-0.6687627022894718,0.056943960893527816,-0.6231922649608806,-0.2645275746555623,-0.5774077244140441,-3.1177080281905485,2.598341190735112,-0.6629571389340215,0.8012383119725732,-0.3699454657961813,-1.2378015648119642,-1.0745797169843252,-1.2211650852412201,1.3346789297351984,-0.8071583317255029,-0.0950597901587242,0.21054164239835904,-0.7133741297612556,-0.2708078953639498,3.055815736750019,-2.2107958442414732,0.09524793938757209,-1.1344564301868931,0.7133741297612556,-0.21054164239835974,-1.17736540326792,-1.3852146900196616,-1.4284853686988783,-0.6512357844370638,-0.9038595089212672,-1.537224440274555,-0.30171300108041293,-0.4301405112466897,-1.534519319920306,-0.05424950115312168,3.53852858861559,0.9722227646142934,-0.46443461193445323,-0.39771434314548676,1.6165917012273294,2.591605763364049,2.2961486259920414,0.34789477903211874,0
-0.6633027272718879,0.4648532002336079,0.5693561964423357,-0.4281154315628296,1,0,0,1,0,0,-0.10435469552073157,-0.407100771197099,-0.13144908275958464,-0.39729601708928375,-0.022748563323645426,-0.00605019688617015,0.0279825785995392,0.4135452302947642,-1.6906590583510557,1.2282391264838988,0.7858858553414696,0.9279870165798954,-0.9640372660697335,-0.47649766556698164,-0.14600038847529556,-2.1605407041378926,0.5668131016890264,0.7695170088570816,0.8847583482611019,0.38817105265189955,-0.5150213097479421,-0.7138637909690605,0.14005252427222883,-1.0972296515135127,-0.2704065166457696,-0.38817105265189955,-0.8847583482611027,-0.48105256270404034,-0.18442671521636386,-0.1457224436671417,-1.2197378062021575,-0.972132629863095,2.1961173257853486,-0.42405181574728873,-0.8177176958673952,-0.17027518936292965,-0.6371253376036178,-0.8623145398892288,-0.8068044353892204,-0.62002986833231,-0.9731002357129547,-0.1916295312302808,-0.20711139779498602,-0.04195727479570725,-1.0129879475475077,0
2.215126656738738,-0.6689285025107157,-0.8790386569529866,0.5985369837740325,0,1,0,1,0,0,-0.21792512855792381,-0.3698865581822168,-0.8094876978806327,1.0111372394841727,-1.660630468093204,-1.0658968842796985,-1.3137343152944334,0.057942454347386936,-1.5208092201408516,-0.3363060858677191,-1.155367672463512,0.6184636042162528,1.3667553161785548,-0.35098683434898315,-0.02784052572136814,-3.2816134451730825,0.8668993998327966,-0.4005388590732361,0.3871222082195544,0.45956749966015986,1.4760776359262078,-0.10741786449876495,-1.2187078834617602,1.3139304307257462,1.11098632212728,-0.45956749966015986,-0.3871222082195551,-0.14682239923337803,0.26586877533487285,0.9186978558272787,-1.1292943027395286,-0.7843815472730677,3.0309996616552843,0.9216751455883455,0.7879592118469556,0.5118468759157585,1.7776459848341521,0.19995793940503753,0.9630995482040194,0.10608132819102022,0.6345956405784983,2.1558857530129325,-0.9479482933959068,-0.8769950965056176,1.275769365336409,0
-0.14929748012713334,-1.2100515879114147,-0.15484123025532542,-0.8681093238500562,1,0,0,0,1,0,-0.6343500496942954,-0.004140620895327772,-0.6175899766199587,-0.058785969802729904,0.1018251222689782,0.04224661418492735,0.19082708666668047,1.087939478501052,-2.9265525580404113,1.9501142544669254,1.5369091244001352,0.6356121171833419,-1.1995783763325962,0.05000493319502503,1.2764294782662466,-1.7519172574124569,1.3100103571903106,0.5043704985324226,0.6257323574189628,0.24630538521990228,-0.21538536919804882,-0.21453204639624734,2.2401874974889915,-1.3354947013392977,-1.505637509262547,-0.24630538521990228,-0.6257323574189636,-0.007559831120602114,1.0914105080121401,-0.18211288125669506,-1.0388507992769007,-0.5454256239766699,1.0776900456576979,0.02452383803125581,-0.26403600355210183,0.015758101167622184,-0.5631093583718088,-0.6852691266735177,-1.597483190946338,-0.4471462501124692,-0.911048815926267,-2.972694935536431,0.06727263761276221,0.1992758736982665,-1.6934293108373202,1
0.6217103905899984,-1.880013503169424,-0.15484123025532542,0.3052077222492148,1,0,0,1,0,0,-0.81101516775215,1.1692700332301762,2.606291740559364,-0.742749860217613,3.2201639210351045,1.4732632385137423,0.31132282493046304,-0.413024432859758,0.10838317852267067,0.8204541341078018,1.4887904040063393,2.2483410438222204,-1.5171727229837986,1.3578596998707144,1.9739125662193746,0.14564031911432732,1.9049984211515991,1.9815021381175972,1.34624143539365,1.731283161032851,0.9238554464343572,2.5443112727193906,-0.0018089606873960306,0.7805832209506773,-9.492703801584615e-4,-1.731283161032851,-1.3462414353936507,1.2736557955169365,1.841902992264201,0.02713213488323473,0.09815324425328795,0.8712416355662611,0.3530751881102058,-1.1988643086375024,-1.7036084035718644,0.38782468222872474,0.269570407986043,1.33810702436318,-1.597483190946338,-1.3547852457666318,-1.0238695791747903,-1.5980238231417563,-1.0302635040182315,-0.35741600744167373,-1.0748462533011267,1
-0.7918040390580765,-0.7204640344536393,-0.8790386569529866,1.478524768348486,1,0,0,1,0,0,-0.19268725454965888,-0.37919011143593734,-0.630383158037337,-0.03506133400999707,-0.6968652727076148,-0.2645275746555623,-2.2806082748635452,-1.0755125810729118,0.7432024826263357,-1.9650568199334344,-1.8828769439739657,-1.1297031706130498,1.533757761933464,-0.963607944726972,0.2567826217913145,-0.08739597716040255,-1.0684000759255494,-1.176933188426097,-0.36119580761071546,-1.1825507815298193,2.2084156178335586,1.733413963809836,-1.1038072197910471,1.5952577623123703,1.2987860558409006,1.1825507815298193,0.36119580761071474,-0.8431352397972577,0.41596727218528484,0.5093054329448095,0.3824042551358344,-0.08458205761933026,0.06953024385249205,0.758556726032511,1.0648000580046022,0.07776919801113909,2.360521821284648,1.9451198696741894,0.6072941082033162,-0.10137901367278856,0.5330569536548284,1.7117612397777302,-0.37174181903963527,-0.8769950965056176,0.34789477903211874,1
-0.4063001036995106,0.8771374557769975,-0.4445202009343899,-0.4281154315628296,0,1,0,1,0,0,-0.6469689866984278,0.054588059018783185,-0.15703544559434116,-0.389773571594027,0.843988333151166,0.34320729798908123,0.9757707598724027,2.7138278287167172,-3.552593841781799,1.0683766447917018,-0.4402581177687723,0.9552379196414984,1.3235386760279904,-0.2292955001381585,2.9145936828194583,-2.3340291818266046,0.2717852555755732,-0.8632172487618234,0.8164553486475572,0.4930801176436278,-1.5859423565281157,-0.8050378938096969,2.511040559494382,-1.173810314163891,-0.2704065166457696,-0.4930801176436278,-0.8164553486475579,-0.06326485836571254,3.1927894639179106,0.7185504490847379,-0.7158382869103699,-0.5795621844475838,1.7392949155923647,2.145063292257104,1.784586258014483,0.20179139169817292,-1.5253170883853264,-0.9381911455531051,-0.8068044353892204,0.4691369264526849,-0.0592520533999176,-1.9046812251374914,-0.5363722402842841,-0.3759724034796717,-0.5799798072721716,1
-0.7661037767008384,-0.6689285025107157,-1.6032360836506476,0.5985369837740325,0,1,0,1,0,0,-0.2684008765744537,-0.3454647308912004,-0.8094876978806327,1.0111372394841727,-1.604573028084084,-1.0471147910853829,-1.3291755926174669,-0.44714933045222127,1.1724904045255282,-1.2558423735098887,-0.6844795958370227,-2.249523810545084,-0.15647968236553178,-0.5673948520279426,-0.5851716660228474,0.4700776782769781,-0.550036132930585,0.21206949223129337,-2.7148097313727666,-0.3755669404878874,1.2813167665193292,0.027514359828980418,-1.1304509290975673,1.151155612467041,1.0969015808231903,0.3755669404878874,2.7148097313727657,-0.7595776989295921,-0.8598699510432187,-1.2374355713537264,-0.8450432918569822,-0.9892009100985523,-0.7180946013078251,-2.1775748259725085,-1.648240234340335,-0.728375060954584,1.3057941172313696,0.12408133374116129,0.3062279666642602,-0.3477381696360611,0.10997909147286698,1.5848685217105287,-0.8656330827735822,-1.0996718489615938,0.34789477903211874,0
0.2876069799459088,-1.5450325455404195,-1.168717627632051,1.0385308760612593,1,0,0,1,0,0,-0.36935237260751347,-0.28092133019351406,-0.7839013350458762,0.5661556559570617,-1.2088104254553331,-0.653585219394959,-0.8732396103354457,1.0926853330920572,0.05355476686661866,-1.3076918166766074,-0.7138732864806185,0.8095986352847387,0.9992275772433075,-0.5002265423679564,-0.004147011575397769,-1.9416459333999412,-0.48565045344678365,-0.47441878791295183,-0.16027754582615011,1.2631572968382359,0.7144404680359788,-1.5038992965359284,-2.0243780718489375,1.2850446027667248,0.46489262678535537,-1.2631572968382359,0.16027754582614942,-0.6203151308168162,-0.25947596364157,-0.7734574920869285,-1.5556708190633497,-1.6207272788104614,0.8886600828192224,-0.05703537174666111,0.012804842605544792,-0.9144083514851348,0.1400424443303771,-1.6210805965279906,-1.527538531800901,-2.1241173468449226,-1.650024815204093,0.09387908442092041,-1.5241547677521787,-1.266679413303576,-1.198562864808365,1
-0.020796168340944693,-0.7977673323680251,0.5693561964423357,-0.8681093238500562,1,0,0,1,0,0,-0.7353015457273552,0.40230836187658864,-0.20820817126385424,-0.3747286806035135,1.2080821575943401,0.5990015195878569,1.0181676938674256,1.152193364370365,-0.8710852680688249,1.479721016157833,0.9884795357452207,0.11806168363213976,-0.7181623030803469,0.6024887111466722,1.7013987993727946,-1.193439664163314,1.2650938337212334,0.658102919641106,-0.24687185720061178,0.4058665575902641,-0.8137873420026067,0.12300241555142052,-0.008489024622375038,-0.7445622394202686,-0.6425623965181239,-0.4058665575902641,0.24687185720061106,0.35452284597261524,1.2415090048625523,-0.6187981323313287,-1.0905328012555453,-0.6136987449184976,0.3530751881102058,-0.6279498401920818,-0.5962450189412776,-0.35630847989348147,-0.6648813298155464,0.35171115073279,0.6985262723060605,0.585833368751077,0.22844089288381547,0.41111087958892223,0.4514102871836102,0.7374113588002092,0.40975308478573785,1
-0.9974061379159777,-0.41125084279609675,-1.8929150543297122,-0.4281154315628296,1,0,0,0,1,0,-0.20530619155379135,-0.37279391857400446,-0.6687627022894718,0.056943960893527816,-0.8038477716495906,-0.33071209353077,-0.11738905992967218,-1.715720666727067,1.5034175303495574,-0.8252141053786376,0.3218417839866713,-2.342404143202707,-1.9764463865543824,-0.4626524405845322,0.4065701343360113,-0.18777780374568498,-1.0410330297297277,-0.4002046275348888,-1.8937101003042098,-1.3166012534636966,-0.2990445219658714,2.762173494868776,-2.2439207123153033,0.0825404860101381,-0.8091320069721029,1.3166012534636966,1.893710100304209,-0.6481676444393714,-0.03432821836595151,-1.0827762115981268,-1.0000892977929163,-1.2964299543367779,-0.30852968182446,-1.3619827281933365,-0.762349526635866,-0.8523972546416179,-0.08200549336504998,3.2350221659600846,0.9813459810245673,-0.47740088330094144,-0.4146374576327655,2.028993034945732,3.0854970270979956,2.351817814106035,0.16231986177126023,1
-0.6633027272718879,0.9029052217484598,0.5693561964423357,1.7718540298733036,1,0,0,1,0,0,-0.785777293743885,1.0134355162303572,-0.42569225535928473,-0.26536389609554994,1.3974566944978608,0.9844816227664314,-0.3769461963572122,-0.8942012763692897,-1.1076372816482845,0.14392239816424224,0.34990161751885723,-0.622787124541572,-1.0752677344248078,1.2181467067807799,-0.00252926371241453,-1.0998413602027128,1.070273443300045,0.8771744037068224,0.19034451885672046,-1.0381887348318,1.741310698353048,1.2247855536423715,0.40894277137449186,0.8668349507226347,0.4015008375314467,1.0381887348318,-0.19034451885672118,1.1900982546492709,0.04072103005925432,0.14540105704928116,-0.4574282770171454,-0.03337721691295973,1.2352150146897614,-0.8726274695258333,-1.0391903727935126,0.07776919801113909,2.9711536499470723,2.5521327149851984,2.933714292823296,2.777133229687556,3.1053703557211536,1.1724671879921262,2.4269753421193996,1.9064643091940836,2.884085314930511,1
-0.6633027272718879,-0.1535731830814779,0.5693561964423357,-0.13478617003801185,1,0,0,1,0,0,-0.785777293743885,1.0134355162303572,-0.6559695208720935,-0.0014996541080823315,0.9012659350619028,0.7805617537995752,0.8128435448376361,-1.2254290622984951,0.14226417290658777,-0.2247352420127804,0.05354130424997616,0.027398512512822243,-0.22819142632264408,1.0714938200581101,0.0806152989974532,-1.123840679306292,1.1456192633872742,0.8178166733491812,0.3699083794759778,-0.3295023237687909,-0.05965473592703887,1.7626984824395397,-1.3238313901621945,1.4395792642305023,0.7288324886638226,0.32950232376879157,-0.36990837947597854,1.217950768271826,0.26586877533487285,0.5820863081239148,-0.1344157646506147,0.32505666803163763,1.518759958947476,-0.709509049969999,-0.9284540343304539,0.38782468222872474,-0.16527347000083534,1.413983630027056,-0.41450612974742024,-0.996051737960463,-0.44848368660732285,0.6014499566897238,-0.6186874509066087,-0.8213259083916238,-0.1469716669968365,0
-0.14929748012713334,-0.02473435322416849,-0.15484123025532542,0.5985369837740325,1,0,0,1,0,0,-0.6343500496942954,-0.004140620895327772,-0.7583149722111197,0.4029764536753384,-0.46758293208315554,-0.31461315650707083,-0.4494810456044194,-0.113151652601399,0.04683156916507283,0.3973696025185693,0.43329675298246406,1.1316837711923413,-0.26985328459099417,0.16133454284322418,1.6697228358433902,-0.963385303447428,1.7914031803430022,1.1558194335080305,1.0928891867061536,0.45956749966015986,0.7862179097567881,1.8279958767263014,-1.0321296453556923,1.2395040317158987,0.5651257148180172,-0.45956749966015986,-1.0928891867061543,0.10385022336961848,1.4666567501381707,-0.1457224436671417,-0.6124742829530796,0.06903246449978255,0.6366201323679207,-0.46483142063624716,-0.9284540343304539,-0.046252995675895824,0.3065783976019474,1.0346006017076752,-1.1991027410310207,-1.4628375071540325,-0.9900233502002335,-0.3185222492974822,-0.9479482933959068,-0.8769950965056176,-0.76555472453303,0
-0.48340089077122306,-1.0812127580541053,-0.4445202009343899,-0.13478617003801185,1,0,0,1,0,0,1.750629044086742,-0.7176068610400222,0.188380452674872,-0.5008743050624344,-0.6144732347460667,-0.16480360364764804,-1.07948383389226,-0.47835591852401615,0.1622727257963045,-2.7360532414264815,-2.2046280335918427,-0.5999447004878444,2.494479704768597,-1.4597391825288384,-2.1370306659713987,-0.24832711567673363,-3.285692819628735,-2.906547162250074,-1.1334326641296226,0.3058716999428703,0.04249435697662172,-1.4842718977800562,-0.47137705501141886,0.43819465794521156,0.028446827019212046,-0.3058716999428703,1.133432664129622,-1.4558905394934718,-2.0606579258465163,-1.2374355713537264,-1.1551353037288514,-2.1669122463450856,-1.033144539371952,1.0032343553662626,1.9506907657090713,-1.4104971262332722,0.8246902522246106,-0.9381911455531051,3.1465893423963642,2.318991641404979,2.4171636999051636,2.4202455823196,1.1648087792437567,1.4982235963581267,3.255235149452228,0
-0.04649643069818187,-0.6431607365392533,0.5693561964423357,-1.161438585374874,1,0,0,1,0,0,0.4634974696652297,-0.5873571154879346,0.07324181991846762,-0.47599236996273897,-0.2379247552181404,-0.08386172583404945,1.3237890220407398,3.1347577531057595,-2.0799813697901044,-0.08264745440214273,-0.8645116931400534,0.7066027284527563,1.358225113491362,0.8140301157857854,3.315112256720188,-1.1406011549756239,-1.0538145793140987,-1.1234006075870142,1.0187373090415193,-0.04664941409013511,-1.027391559476557,-0.9815467100805075,1.6972100506969812,-0.9332931188282102,0.027125500254008037,0.04664941409013511,-1.01873730904152,1.8864110952131505,5.444266916674094,3.2203930333664945,1.881182312516537,1.2467438007463156,3.220029624493761,3.857806697593365,3.3348949964973045,2.620224168595341,-1.1089772052064004,-1.1658209625447336,-1.1991027410310207,-0.2829068128036209,-0.6177148314801074,-1.4605567119022886,-0.6186874509066087,-0.7099875321636356,-1.0129879475475077,0
-1.074506924987691,-0.8493028643109486,1.0038746524609323,-0.13478617003801185,1,0,0,1,0,0,0.9934928238387936,-0.6582967090475538,0.2651395411791416,-0.5350146346178304,-0.34004156653440726,-0.09280557973610455,0.6859523680512034,0.16565990317802434,0.2309503390507165,0.3328366661633002,-0.2811618311839725,-3.3519729764377497,-0.5062614876539162,-0.17210196877973843,-0.8735928288422327,-0.2607994211273172,0.3579580257648644,-0.3951361821672255,-4.63070887053273,0.020989325180847843,-1.1257957250963349,-1.102519534471386,-0.5777951171971475,-0.09469581229637845,-0.020249424157711943,-0.020989325180847843,4.630708870532729,0.49378541408539117,-0.18442671521636386,2.9019767044579075,2.2687973273563737,2.356182016051021,1.487254965141063,-1.85133798686084,0.5664865349208381,3.550390621248098,-1.1644891896302574,-1.2227284167926407,-1.000672784107552,-1.1062650445756115,-1.0661773653929865,-0.2233527107470814,-0.6186874509066087,-0.6821529381066387,-1.152169135493151,0
-0.5605016778429365,0.1298722426046032,-0.8790386569529866,-0.4281154315628296,1,0,0,1,0,0,0.009215737516460692,-0.4565258978574894,0.5210031695267069,-0.5951941985798844,0.3029869531884546,0.10887832575523779,-0.30198958958777855,-0.11670020106843446,0.13867639831187867,-1.1222515587285222,-0.7982072358425895,-0.8989935681180139,0.5109322665764403,-1.1485310074317117,0.0466144209541296,-0.12353496252572384,-1.0596090318105351,-0.9382067652984041,-1.4375436385994584,0.19961827368027837,-0.7276747743341957,0.20687199197763742,-0.3137160058511645,0.465399276546133,0.12173220038073554,-0.19961827368027837,1.4375436385994576,-1.17736540326792,-0.25947596364157,-0.9008240236503626,-0.8192022908676594,-1.1428154322176651,-0.655084613695,-0.46483142063624716,0.2342775195316623,-0.5423417704240322,-0.2624194427425846,1.1484155102034896,2.7056338825664352,2.0704714402139577,2.1915221734081167,1.9972698554289314,1.0276167615398821,1.266268645883152,2.945943620684131,0
0.2876069799459088,1.0059762856343069,-0.4445202009343899,-0.13478617003801185,1,0,0,1,0,0,1.1323011308842508,-0.6769038155549949,1.7875281298471553,-0.7138173775435486,0.1749021343593806,0.031066796807358486,-0.9293160497395805,-0.7921971846273711,-0.36724245939412425,-0.6838965676513475,-0.5587437643435189,-0.48479749005023104,-0.5857132988897912,-0.5197005860873771,-0.33098786430713667,-0.5554038774601072,-1.4253267790704252,-1.0331311121715125,-1.4375436385994584,0.7645323233097284,0.7729578870505293,0.7557391209198459,-0.05609458921467235,-0.4894294939568168,-0.28225718971924124,-0.7645323233097284,1.4375436385994576,-0.8988402670423681,-0.9349191994684248,-2.1926845580794883,-2.0595703383551376,-2.3375950486996553,-1.1906695084040155,-1.4435419379712537,-1.0945585420250417,-2.340663578886029,-0.007989514133240944,-0.17942508891434333,-2.084054732827641,-1.7869942913162333,-1.8136149219144517,-1.3865359596964213,-0.48149543320273464,-0.17185204706169332,-1.6934293108373202,0
-0.1749977424843705,0.10410447663314094,0.27967722576327125,0.3052077222492148,1,0,0,0,1,0,0.8799223908016013,-0.6431784350102578,-0.24658771551598904,-0.34579619792944905,-0.6968652727076148,-0.22741058096203368,-0.3629252996416667,1.2901860389833413,0.7925581840874474,-0.6153333894914538,-0.7425709282260313,-0.16671643674905962,0.46605474496244864,-0.16049613855278613,2.3633324421946975,-0.061080555925088695,-0.2442153683230428,-0.6513362219078183,-0.20509389995854704,-0.023971702672748577,0.34429061315946047,0.5967137313613242,-1.1448336566222321,0.5891159324278853,0.32947552643755984,0.023971702672748577,0.20509389995854635,-0.2644219011952778,1.90027462992825,-0.46413877257572894,-0.4229736090313822,-0.4885313565251461,-0.7005918269709293,-0.40139647969786735,-0.3563162856046509,-0.6870343297255728,-0.05424950115312168,0.04820472807728505,-1.2538420394926681,-1.553601406719449,-1.277716296483967,-0.09645999267988113,-1.0302635040182315,-1.1553410370755877,-1.2604211705619852,0
-1.3829100732745436,0.9802085196628456,-0.15484123025532542,-0.13478617003801185,1,0,0,1,0,0,0.2868323516073751,-0.5408393492193319,0.022069094248954552,-0.45863288035830035,-0.1788511724758212,-0.06150209107891172,0.09356678837526707,-0.12463626113063814,-0.5133471436467726,-0.36553873233161,-0.6512189897170583,1.279481453942658,0.964232307123501,0.1100092777029247,0.47941729134590383,-1.3101291527292573,-0.7012724086752016,-1.3532994903072413,0.5226171968447283,1.2267347275520042,-0.020186922822998537,0.6513368979596061,-0.6147907075228263,-0.2015504713445873,-0.47461697320142154,-1.2267347275520042,-0.522617196844729,0.438080386840281,0.9413120111617277,1.3007974505175837,0.3048812521678669,7.593435579547688e-4,1.3297299961089997,1.9003856629233515,1.7292180887829538,0.5118468759157585,0.0012624832707351544,0.6552175733882943,0.12376363845877164,-0.21807545597118072,-0.2792525417345383,0.31594134103852145,-0.37174181903963527,0.23638866577426285,0.22417816752487937,1
-0.6376024649146498,-1.0812127580541053,-1.168717627632051,-0.13478617003801185,1,0,0,1,0,0,0.08492935954125552,-0.4809477251485058,0.188380452674872,-0.5008743050624344,0.06523119832775945,0.01720382325917309,-0.9754093598132667,0.015415737188246733,1.745285855402343,-1.0132304159029595,-0.13948912657359833,0.08280454285746906,0.014827135782104855,-1.1997350353107556,-1.306363565132601,1.7572619395794733,-0.8196032902755956,0.1317771041922581,-0.018359091073560794,0.13114384342216406,0.15756934768106917,-1.3298449247948247,-0.6199854521752912,0.5561043309584376,0.3099973900718117,-0.13114384342216406,0.018359091073560086,-1.2330704305130304,-1.3852146900196616,-1.0372881646111858,-0.09565426316663046,-0.40887938209301433,-1.411204465048904,-0.7910682597479163,-0.8730858650989243,-0.790386157798101,0.6396503041450882,-0.9381911455531051,1.8845444056417364,1.1952481229760152,1.38767423526239,1.917961906636931,0.2044646553166367,0.29205785388825667,2.018069034379841,1
-2.2053184687061513,0.28447883843337485,0.27967722576327125,-1.161438585374874,1,0,0,1,0,0,6.684633412702538,-0.8025017844802222,-0.4768649810287978,-0.21965057347052813,-1.978918893784985,-0.447429386952589,0.13219981506731882,0.36524989650209666,-0.060509940888870614,0.8322172222740185,0.6603196006368006,0.36660555931131966,0.22086475519912324,-0.333479347916057,0.6032057963163954,-1.6708964791085357,0.337203873566111,0.20938664639359544,0.6912331826893887,-0.18555039652161812,-0.5170356961218445,0.10296137935013172,-1.5963707045718236,-0.7899061883078341,-0.6540225142179286,0.18555039652161812,-0.6912331826893894,-0.8988402670423681,-0.5596729573423944,-2.7840291689097216,-2.8994028705081174,-2.6789606534087955,-1.033144539371952,-0.22015379130249568,-0.5408768497097485,-2.650719063103615,-0.6371253376036178,-0.17942508891434333,-0.7976812189789466,-1.4109724216880806,-1.5654092427677009,0.6014499566897238,0.2044646553166367,0.1250502895462747,-1.198562864808365,1
-0.7147032519863632,-0.8493028643109486,1.4383931084795292,-0.13478617003801185,1,0,0,1,0,0,-0.6343500496942954,0.0028370440449626386,0.2651395411791416,-0.5350146346178304,1.110896751962668,0.4156525145957275,2.6998335279837202,2.070928462447032,0.0034281465280963618,1.0763759959486712,0.9403004279887317,0.7308421579686677,-0.7598232585084974,2.655714072161708,1.6387730081561402,-0.676832149026841,1.5810907638411917,1.6051059491346762,1.1921218465220598,-0.18555039652161953,-1.1006260323168862,-1.2007274820454632,-0.6848374274758523,0.11366800793493764,0.34463694230044906,0.18555039652161953,-1.1921218465220604,3.0005116401153575,1.9920014891146134,0.900502637032502,0.369483754641173,1.0248561576853752,1.8023049032051899,-0.5463906304141645,-1.0391903727935126,0.8219023601333442,-1.1799091853035508,-1.3597278436857505,-1.3237866986381053,-1.4124131185065794,-1.2871180267546776,-0.2233527107470814,-0.7558794686104828,-0.914107888581614,-1.3497720566505462,0
-1.305809286202831,0.1298722426046032,1.0038746524609323,-0.4281154315628296,1,0,0,1,0,0,0.29945128861150755,-0.5454911258461922,0.5210031695267069,-0.5951941985798844,0.1087181397804516,0.04045784340451634,1.1147586628714379,0.21260598689631025,-1.027711785963467,0.4576593754318535,-0.08993530440295795,-0.154953685739989,-0.4490918350178462,0.826035140984995,0.30914413633720883,-1.7143591459475636,1.0597049335536126,0.0427774975990256,-0.2859102762628674,0.07222398482797085,-0.7247344769603616,0.01788542009982628,-0.31784916955085096,0.43251698170215214,0.1586842008332818,-0.07222398482797085,0.28591027626286675,0.9672781456688292,0.491016520610491,0.5729886987265271,-0.4703487775118068,-0.05044549714841698,1.3927399837218248,-0.5463906304141645,-0.4855086804782194,0.44983577907224165,-0.4150773999081907,0.5793409677244183,1.7112032938465216,1.2471132084419672,1.3792126780187515,1.3628062650929278,0.7806711296729086,0.9044189231421907,2.018069034379841,1
-0.8689048261297889,1.0059762856343069,0.5693561964423357,-0.13478617003801185,1,0,0,1,0,0,-0.43244705762817587,-0.22800737106297844,1.7875281298471553,-0.7138173775435486,1.2176922137795099,0.3762995574266851,1.275451545004605,0.3703679920814433,-1.0408183021126924,2.0995331367229477,1.5433757312467755,0.927931894066479,-1.9457810242886502,1.8863704399572891,0.6233358981331519,-1.0931269638357786,2.043662152728096,1.5943778583787045,2.110417730215288,-0.827498180191446,0.11129269591838359,0.11610252664209546,0.3243463087151241,-0.8098734096867781,-0.44986438069964635,0.827498180191446,-2.1104177302152882,1.3850658500071569,0.26586877533487285,-0.7643598826895395,-1.1551353037288514,-0.42594766232847037,0.4790951633358572,-0.05703537174666111,-0.8730858650989243,-0.6043528672675491,-0.12363948168294266,-0.17942508891434333,-0.8296124764149065,-0.5551985114998699,-0.8123306480838095,-0.6992004034990842,1.6449808412073161,1.266268645883152,-0.9202004889170784,1
-0.5605016778429365,-1.2615871198543382,-0.8790386569529866,-2.334755631474145,1,0,0,1,0,0,-0.21792512855792381,-0.3506979795964182,0.20117363409225028,-0.5066608015972472,0.3356254550115329,0.12184691391321768,0.7514287781631429,-1.5010289787373887,-0.9219811881561762,0.6056903127933937,0.6057107752920008,0.6741875305035965,0.14444968890389404,-0.3589558354336673,-0.3570219408883657,-1.1928207920710538,-0.6671314493852867,-0.5586626604385279,0.3506288912831737,0.5717619163874261,-1.4035444491581859,1.7025526371724873,0.061709309929374415,-1.4797646620250753,-1.332879026203613,-0.5717619163874261,-0.3506288912831744,-0.3974950218363748,-0.40957446049198204,-0.2639913658331881,-0.8192022908676594,-1.0062691903340089,0.7626401075935709,0.4323198869208419,0.2896456887631914,-0.6043528672675491,-1.2338791701600784,2.191718838081787,1.1204750312812528,0.9845462132705846,0.24536400737109418,0.4904188283809227,0.5131466951503537,0.9183362201706894,0.8582258014994779,0
-1.6656129592041589,-0.1535731830814779,-0.4445202009343899,0.5985369837740325,1,0,0,1,0,0,0.8420655797892039,-0.6414340187751852,1.3653531430736725,-0.6906713914042971,0.16558315806285728,0.04045784340451634,0.4627127480660082,2.7391711442257427,2.1567263952963174,-1.5946016158430651,-0.45158019767320856,0.8088928576809573,-0.06070735525262932,1.0611335511361932,5.682883825956848,1.0207299639203187,-1.5581188643264747,-1.062270303686132,1.2994551316290601,-0.18555039652161812,0.4168588014770726,1.9333899050417616,-1.9225820582145312,0.609199913741466,-0.4500238238603161,0.18555039652161812,-1.2994551316290608,1.4686233908748227,6.570005643052185,1.2644070129280303,1.6873748050966186,0.8200367948598906,0.06953024385249205,0.5954383064766764,0.012804842605544792,0.139780294854656,0.3620903820258042,1.7716876281567582,-0.05088078996648144,-1.02754125413622,-0.7579349229461285,0.864299158400353,0.028074918268798287,-0.06581549827313367,-0.19115617110656447,0
-0.8689048261297889,-2.060387864969657,-0.4445202009343899,-1.6014324776621007,1,0,0,1,0,0,-0.6469689866984278,0.028421815492694145,1.4676985944126986,-0.6947219389786661,1.6317311643436425,0.5587541770286089,-0.5424998902746313,1.2551252159141197,0.3119405391878313,0.25792558703451723,-0.751751994219248,-1.1603757648134303,-0.11989990653756953,-0.12445668636454453,0.677666614136628,-1.5429021973986896,0.2558989474266681,-0.71177863232707,-0.2682155254971324,-1.3166012534636966,0.630003648751395,-1.0438272107732696,-1.9769010786046932,-0.09469581229637845,0.28240111226652576,1.3166012534636966,0.2682155254971317,-0.28608496734615396,0.340918023760079,-0.6915790075104341,-1.3101813096647865,-1.1598837124531223,0.006520256239666901,-0.05703537174666111,0.06817301183707392,-0.728375060954584,0.6396503041450882,-0.9381911455531051,0.19674936974096682,-0.8793552956620708,-0.8546384343020056,2.314501650596933,0.6160407084282594,0.013711913318286572,-1.0748462533011267,1
-0.6890029896291251,0.10410447663314094,-1.8929150543297122,0.3052077222492148,1,0,0,0,1,0,0.6401625877230843,-0.6187566077192415,-0.24658771551598904,-0.34579619792944905,-0.5978071000732473,-0.208628487767718,-0.9218292969361171,0.17100954120710857,-0.7128871167275784,-0.3896436193908664,-1.0761054290478012,0.8903101376998177,1.7264991785619797,-0.7893807841087134,0.4724308716133233,-2.0537702137236447,0.4308842180212575,-0.5969214068677381,1.1515092521572485,0.07222398482797085,0.4930860987114712,0.23855491408928192,-1.0893004295215294,0.9536408068443027,0.816212188582124,-0.07222398482797085,-1.1515092521572492,-0.6203151308168162,0.7536888900987124,0.8322705665520905,-0.476809027759137,-0.2894014204448148,1.7235424186891581,1.8188264531454346,1.2585886503149546,-0.015247447254136822,-0.026493508941193386,-0.3311783002420958,-1.5366617482111748,-1.7480954772167696,-1.3623318689203594,-0.1916295312302808,-1.3595243465075295,-1.4893561657595522,-1.3222794763156045,0
-1.3829100732745436,-0.1535731830814779,-0.15484123025532542,0.3052077222492148,1,0,0,0,1,0,0.2868323516073751,-0.5408393492193319,1.442112231577942,-0.6941432893251848,0.45233810790397694,0.12050533582790941,0.5712118347951058,-0.10115171807490583,0.5274586466473791,-1.2837773309046578,-1.5879190889940706,-0.8269881893151619,2.561858926723624,0.2029330283978035,0.40131805897219464,-0.9567983620262926,-0.5175737039611229,-1.1813820044057137,0.6464168285569918,-1.7690215962405276,-0.5915156702322403,0.5408655290758909,-1.6825437204903795,1.2210831265717463,0.9109829956091665,1.7690215962405276,-0.6464168285569925,0.38237535959517033,0.641115017460903,0.7276480584821255,0.07231224326396513,-0.135786898325702,0.6051151385615076,1.6557080335896,1.397009073393778,0.015758101167622184,-0.19302946221276363,1.33810702436318,2.112624815898597,0.6765972683164937,1.1761353041714093,3.5834288312689404,-1.0302635040182315,-1.6563637301015341,1.3994859768436472,1
-0.04649643069818187,-1.158516055968491,-0.8790386569529866,-0.8681093238500562,1,0,0,1,0,0,-0.7353015457273552,0.4087045547385215,1.1094895147261072,-0.6686827045720081,1.9355619978251957,0.8310945283461865,-0.03160334608723256,-0.7897173077527426,-0.9500909504982832,1.4201776163580642,0.2346756786260084,3.5827205263353634,1.1602025511101248,-0.19936583436373084,-1.2143814459278346,-2.4908053566904353,1.006154672115208,0.794900427819042,0.3242026962602782,4.56486320263511,-0.15525877059522766,-0.13262888536000175,-1.204213013554617,-0.9208825878647366,0.470975677269318,-4.56486320263511,-0.3242026962602789,-0.4253475354589299,-1.3101654415944555,-1.028190555213798,-1.98204733538717,-1.603658998575004,1.3612349899154128,-0.46483142063624716,-0.6516131881728072,-0.728375060954584,-0.19302946221276363,-0.17942508891434333,-0.1681792866700104,-0.7496925819971905,-1.0238695791747903,1.9972698554289314,-2.676567716464722,-1.6563637301015341,0.7809029193074537,1
-0.8432045637725518,0.23294330649045036,-0.15484123025532542,-0.13478617003801185,1,0,0,1,0,0,0.2742134146032426,-0.5402578771409743,-0.041896812837936774,-0.4470598872886746,-0.22093079326889808,-0.06999875228586407,-1.0369373067458971,-3.4277828315455636,1.473043498887072,-0.5686480346718156,1.6827280886606966,0.7845670562706272,-1.0682745533542055,-1.1558093672746528,-1.1345471235606044,-0.3169061802736832,0.3240257872085501,0.4386155159698333,0.09517567272851181,0.9756618166055823,0.28701546558850266,3.5681751079601507,-2.3321599590874866,1.0895052326849342,-1.7594062467292326,-0.9756618166055823,-0.09517567272851252,-1.2330704305130304,-1.3101654415944555,-1.3738997123145495,-1.2972608091701252,-1.1257471519822078,-0.5920746260821743,-0.9541866793037505,-1.0945585420250417,-1.4725082230767892,0.0151404793766993,2.665947623481013,-0.8524205174405927,-1.7869942913162333,-1.3623318689203594,-0.857816301083085,-0.20711139779498602,0.29205785388825667,-1.0748462533011267,0
-1.305809286202831,1.109047349520155,1.0038746524609323,-1.6014324776621007,1,0,0,1,0,0,0.29945128861150755,-0.5454911258461922,-0.4128990739419065,-0.2578414506002932,-0.6330174795586402,-0.2202554978403896,1.4882575768355006,0.9869287059528955,-1.0759760088064423,1.5627190413081051,0.2235606468330251,-0.20326112485751544,-0.607447332646174,1.1678858693290397,-0.12945110588271674,-1.0808898081090732,1.3793588018320737,0.4430535446363483,-0.6045440128777345,0.3223554599919946,-0.9025205889419503,-1.4842718977800562,0.38470523291416603,-0.7433840304096835,0.14191576298077777,-0.3223554599919946,0.6045440128777338,0.911573118423719,-0.25947596364157,-0.43684594438356456,-0.8967252938356269,-0.3747428216220998,0.1325402314653172,-1.3619827281933365,-1.3160312189511594,-0.4183195767369984,-0.9979532363586869,-1.5452039908641146,-1.0987473605180025,-0.7626588533636787,-0.9731002357129547,-0.4771381468814831,-0.9479482933959068,-0.9326642846196119,-1.2604211705619852,0
-0.8689048261297889,-0.1535731830814779,-0.4445202009343899,0.5985369837740325,1,0,0,1,0,0,-0.6469689866984278,0.028421815492694145,1.3653531430736725,-0.6906713914042971,1.6021406925181352,0.5556238281628896,-0.4558862529312999,-0.8878017250375777,0.22685688067762466,-0.40440680038984245,-0.354136316786839,-0.8590985210389014,0.1276916820784565,-0.0813622315283988,0.4264948497162179,-1.5959420463051517,0.3063969288960879,-0.6962018370065256,-0.6862106428504532,-0.4911325578708816,0.5526247491215887,1.6457889073193432,-1.9138888001092738,0.8501454469972225,-0.21931103315374928,0.4911325578708816,0.6862106428504524,-0.2582324537235989,0.11577027848446049,-0.7279694450999874,-1.3618633116434313,-1.1940202729240363,0.006520256239666901,-0.38327221085833024,-0.09793149585751397,-0.728375060954584,0.5008703430854462,1.5277985385228705,-0.008522999490207859,-0.9928101701188411,-0.6430995032110249,0.9662665211329254,0.30735866859454236,0.0832983984607791,-0.06964878480481232,1
-0.04649643069818187,-1.3904259497116478,-0.8790386569529866,-0.13478617003801185,1,0,0,1,0,0,-0.7353015457273552,0.4087045547385215,0.27793272259651985,-0.5355932842713117,1.5746179467907158,0.7282402084725529,-0.41575297733262845,-0.7367547913407902,-1.1599110262734842,0.9784993996653488,1.062005164100942,-0.2588723565587138,-0.5929775111781695,-0.17297382139190928,-0.82147268921962,-2.441830461262589,1.0485642323103077,0.7995582013007786,0.4783555005605047,-0.827498180191446,0.40528123128420346,0.18828576591719068,-0.8681668941716941,-0.28215121788839803,-0.6000457638650474,0.827498180191446,-0.4783555005605054,-0.3417899945912644,-0.9349191994684248,-0.7552622732921518,-1.77531932747259,-1.381771355514063,1.5817699465603012,-0.30171300108041293,-0.5408768497097485,-0.5423417704240322,0.3898463742377325,0.19995793940503753,0.07814755640739948,-0.38663698373552574,-0.4654068010946016,0.4428340591057229,0.6160407084282594,0.23638866577426285,-0.45626319576493324,1
1.110015375377516,0.23294330649045036,-1.6032360836506476,-0.13478617003801185,1,0,0,1,0,0,-0.3945902466157784,-0.2617327516077154,-0.041896812837936774,-0.4470598872886746,0.3859933422514792,0.14420654866835542,-0.917191751728453,-2.4211226441114,1.293177230340608,-1.384595818616639,0.9617824354005453,-0.23556262056355828,-0.859846052036748,-1.0201364233925074,-1.1953830941084458,-0.05114226201931992,-0.9466576345428044,0.052348463759567976,-0.5252107151899527,0.19961827368027837,0.25606916334824126,2.125558268925052,-1.8192096367577404,0.9318101186547583,-1.199256184183993,-0.19961827368027837,0.525210715189952,-1.1495128896453646,-1.3852146900196616,-1.537656681467537,-1.3231018101594472,-1.552454157868633,-0.4660546508565234,-1.1988643086375024,-1.149926711256571,-1.534519319920306,0.1400424443303771,1.793366658346437,-0.31415074923440073,-1.164613265724808,-0.7869459763528921,-0.3502454288142823,0.12214944469431245,0.23638866577426285,-0.7036964187794109,0
-0.8689048261297889,-0.87507063028241,-0.4445202009343899,0.5985369837740325,1,0,0,1,0,0,-0.6469689866984278,0.028421815492694145,-0.4512786181940413,-0.22427977069837846,0.4874672135874935,0.19518651591006944,-1.5658079029001244,-0.23874221255534045,-0.3369158379211892,-1.1490070543036999,-1.5135728700021742,-1.8644680052103806,0.6055636920897928,-0.12428349846522828,0.00752382274378313,-1.590794737183793,0.32717005952600176,-0.6007331884822873,-0.7279513648365089,-1.8209386847559008,2.0531113976945257,0.3352183796298175,-1.1380200580244566,1.8766506331725101,1.3812198243693146,1.820938684755901,0.7279513648365081,-0.2582324537235989,-0.18442671521636386,-0.5733100853443877,-1.2455788071914804,-1.0745423112758372,0.19555021907814235,-0.22015379130249568,0.12354118106860354,-0.4183195767369984,1.7498899926222238,0.19995793940503753,-0.2959043164138529,-0.8145239388296306,-0.11002139686175369,0.8552353928241243,0.28677986593896093,-0.48731077970765985,-0.08511336124321738,1
-0.8689048261297889,-0.05050211919562982,-0.4445202009343899,-0.8681093238500562,1,0,0,1,0,0,-0.6469689866984278,0.028421815492694145,-0.7583149722111197,0.40934159986363255,-0.42509869784254545,-0.2944894852274469,0.16182719793026337,0.8276003315565668,0.2954463142499478,-0.6172831061525801,-1.1599096832984936,-1.1585484745666452,0.3137417797698231,-0.20536433580735516,0.09821909550846651,-1.7151073750440726,0.19016598171731974,-0.6114443506001527,-0.6711839829354725,-0.9144498376620688,-0.43022228263736073,-1.0375136938814398,-2.127402516684388,1.0224749848558017,0.9109829956091695,0.9144498376620688,0.6711839829354719,-0.23037994010104354,0.04072103005925432,-0.13662483426975403,-0.9871687972982559,-0.8697229484503528,0.7311351137871589,-0.05703537174666111,0.2896456887631914,0.015758101167622184,-0.5261013687559044,-1.0899443568808573,-0.5969704579529088,-1.5147025926199844,-1.1084851516111824,1.5848685217105287,0.03983423407198747,-0.3759724034796717,-0.5181215015185524,0
-0.04649643069818187,0.9544407536913834,-0.8790386569529866,-0.8681093238500562,1,0,0,1,0,0,-0.7353015457273552,0.4087045547385215,-0.8478672421327675,1.4202425444954436,-1.3801488435131979,-0.7832711009747577,-0.13414276666551042,-1.7013712945115116,-1.5379063652265543,0.792973207680711,0.21848051478199706,-0.7436443187681999,-0.24930290618783568,-0.4520033411272655,-1.131070172929714,-2.1564324151856247,1.0210828373038838,0.7830619746583103,0.7610291440431215,-1.7690215962405276,-0.2651076302160578,1.2021042262791386,-0.06463709027932285,-0.058767382533598235,0.4804722380967961,1.7690215962405276,-0.7610291440431222,-0.6203151308168162,-1.2351161931692491,-0.982702508226857,-1.8011603284619129,-1.4159079159849774,1.109195039464111,-0.13859458152457876,-0.4855086804782194,-0.9144083514851348,-0.49834537654397587,0.5793409677244183,-1.1261170097488256,-0.9830854665939747,-0.939254006738398,-0.3185222492974822,0.2044646553166367,-0.5429799678216537,-1.569712699330082,1
-0.3034990542705592,-0.2051087150244015,0.5693561964423357,-0.13478617003801185,1,0,0,1,0,0,-0.34411449859924853,-0.29429518799573734,0.6873145279526244,-0.6200761336795798,0.7340204451583188,0.25287437357832476,0.36469700172435665,0.052970261129820874,0.9188106827692152,2.498079874054395,3.1172205128938213,1.888811011200155,-2.2595650800341756,-0.9826360634910893,-1.1953830941084458,1.5841835790230618,-0.4739099972175032,0.3011935839334866,0.4783555005605047,2.1016857808501404,-1.4889584351998093,-1.2702118878945778,0.33590673515063896,-3.8446657880705346,-3.7584824235076093,-2.1016857808501404,-0.4783555005605054,-1.1216603760228097,-1.3852146900196616,-1.537656681467537,-0.6512357844370638,-0.7843815472730677,-1.6947494093066184,-0.30171300108041293,-0.5408768497097485,-1.4725082230767892,-1.5808290728091832,-1.6969572021918669,-2.9963763738550835,-2.435307859640635,-3.22387446252099,-2.761207072091096,-0.20711139779498602,1.127095675598167,-2.3120123683735136,1
-0.6633027272718879,0.0783367106616796,0.5693561964423357,-1.6014324776621007,1,0,0,0,1,0,-0.11697363252486404,-0.389656608846373,-0.3361399854376369,-0.2960323277300582,-0.22818860832777924,-0.07089313767606957,0.04648641958595903,0.2792984522095111,-1.2876107949197941,0.46759764765173745,0.30319492712041574,0.9003133531772962,0.1934239710708318,-0.5426565933605908,-0.15519340660022113,-1.8679979898339238,0.12070958004186533,-0.04989977868813588,0.06512235289855199,1.163332477313009,-0.6068565721974981,-0.5388152387334267,-0.11695073887138474,-0.5120007018177185,-0.442885676205755,-1.163332477313009,-0.0651223528985527,-0.5367575899491508,-0.18442671521636386,-0.11842961547497735,-1.051771299771562,-0.9550643496276378,1.4557499713346498,-0.05703537174666111,-0.09793149585751397,-0.23228628620644656,-0.859173275299045,-0.9381911455531051,-1.6552635615447422,-1.4498712357875443,-1.5146398993058652,-1.1433249167342867,-1.1948939252628807,-0.8769950965056176,-1.3841377820692236,1
0.930113538876852,-0.6173929705677911,1.7280720791585935,-1.8947617391869185,1,0,0,1,0,0,-0.48292280564470574,-0.20707437624210723,0.57217589519622,-0.6032952937286225,0.9012659350619028,0.3069846896857581,1.7308753030244004,0.24731783664708773,1.0848886187509394,1.2505176183247333,1.2303402214117871,0.4752709731348956,-1.065487802332388,1.57582738796497,1.0415627961065306,0.5209780676151059,0.5953616372470059,0.4527505224994261,0.7646392799752116,-0.11014700605881177,-0.8322760843851841,0.7039632519532737,-0.959546370796525,-1.0990182175336944,-1.1574797804529933,0.11014700605881177,-0.7646392799752123,2.6755656478522134,2.1921328182484965,2.704861834181161,2.6564123421962105,2.8682304231147313,1.2247133500876244,1.8188264531454346,1.4892893554463265,2.7235759966678703,-0.8098292891445057,0.5793409677244183,-0.17831619379253782,-0.6344368365172972,-0.9862626580919494,0.3406149251071443,1.2562701243796726,1.3126596359781475,-0.3188002940902252,1
1.2128164248064663,-0.7462318004251005,1.0038746524609323,-1.6014324776621007,1,0,0,0,1,0,3.492042350657023,-0.7693578760138429,-0.2977604411855021,-0.3133918173344969,-1.3630989856249336,-0.3494941867250857,-0.43734148518032434,1.294155683248607,-0.7221102425218084,-0.20820450238101695,-0.21088404208791264,-0.5129430454010263,-0.66596646647890545,-1.132196322392039,1.2861877162680524,-0.40151637321098094,-0.9664957278167907,-0.2570001758291941,-3.5663204598883063,2.837440075669029,-0.5231432438563812,-0.48779467047531805,0.583663659378017,-0.6770897688445655,0.023248932291923315,-2.8374400756690283,3.5663204598883063,-1.038102835155144,1.3165582532877582,0.2636699792153276,0.007709740790658993,-0.3747428216220998,1.0146800580448727,-2.666930084640012,-2.2019219266556282,-0.4803306735805153,-0.7203933142394032,-0.7864379342253526,-1.2264723902618437,-0.7885913960966542,-0.9731002357129547,-0.857816301083085,-2.1003612421084505,-1.4336869776455579,-0.6418381130257917,0
-1.100207187344929,-0.87507063028241,-1.6032360836506476,1.478524768348486,1,0,0,1,0,0,-0.5207796166571032,-0.16753427491379488,-0.15703544559434116,-0.37530733025699475,0.5077234935847349,0.16119987108226008,-0.89349913285565,-1.35593885017163,-0.4637204487884568,-0.7416959999547688,0.033894854446942055,-1.6539016772813684,-0.2891169238145545,-0.2901590911868629,-1.340522917017835,-0.6005124529698163,0.0037791823521097045,0.6553855996904336,-1.2890243254862828,-0.9772859963810728,0.9525087493426537,0.5181621946940986,0.0304642861863378,1.0057308182318192,0.5957915068270406,0.9772859963810728,1.2890243254862819,-0.5646101035717058,-1.4602639384448675,-1.3375092747249961,-1.3877043126327533,-1.3134982345722352,0.006520256239666901,-1.6882195673050053,-1.482135726645747,-0.9144083514851348,0.4731143508735179,0.04820472807728505,-1.0987473605180025,-0.9182541097615345,-0.5161761445564365,-0.9529858396334858,-0.7833178721512579,-1.211010225189582,-1.0748462533011267,1
0.18480593051695732,-0.41125084279609675,-0.15484123025532542,0.5985369837740325,1,0,0,1,0,0,-0.40720918361991093,-0.2512662541972798,0.9687645191349462,-0.6490086163536443,0.9343046974203224,0.30832626777106636,-0.6864405205134233,0.5701735598231009,0.15053241259157427,-0.3314671683382747,-0.40190549503280615,-0.28522123420226425,-0.12139577989281324,-0.716498305211128,1.1067307321991224,-1.7864296414221232,-0.008698663079773478,-0.665620492660606,-0.088318892712161,-0.3014141428425148,0.2385955892639819,0.3261174475075473,-2.0009723578897414,0.43916531453945734,-0.1273520313143098,0.30141414284251544,0.0883188927121603,-0.7317251853070371,0.8662627627365218,-0.3367722410122935,-1.168055804223513,-1.1086788717467513,0.6996301199807459,0.02452383803125581,0.06817301183707392,-0.5423417704240322,0.3065783976019474,0.4275877563966659,0.34272083230535716,-0.7885913960966542,-0.5838686025055501,1.7117612397777302,0.7806711296729086,0.6817421706862145,0.2860364732784985,1
-0.12359721776989524,-1.0812127580541053,-0.4445202009343899,-0.8681093238500562,1,0,0,1,0,0,0.17326191857018283,-0.5042066082828072,0.03486227566633282,-0.4592115300117816,-0.09920064193564243,-0.03288175859233543,-0.25020740728085994,-3.8875317166559458,0.5609079580605879,-2.0921717076814867,0.010037938186083964,3.2371462751429543,1.0125386495929156,-0.5909093310073579,-0.040743091610998,-1.6924178332526032,-1.1545008157192707,-2.272728070117731,-0.789655040815896,5.198251682522675,-0.24251015052263022,5.294943748623373,-2.4674966754618857,1.6816057551755905,-2.2319264211040464,-5.198251682522674,0.7896550408158953,-0.5208418678791192,0.02999970885565349,0.22468022465509221,-0.7121467153404663,-1.0818572885196043,0.24955877988913647,0.9449777769534646,1.5947525349349545,-0.39174339237549116,-1.0257092285706153,1.33810702436318,-3.6350015225742935,-3.731934996289439,-3.22387446252099,-3.0784388672590977,-2.676567716464722,-1.0996718489615938,-2.9305954259097073,0
-1.1773079744166424,-1.5192647795689571,-1.6032360836506476,-0.13478617003801185,1,0,0,1,0,0,-0.05387894750420167,-0.4425705679769086,2.6318781033941208,-0.7421712105641317,0.9644888803638193,0.23319789499380358,-0.8427364999095134,-0.6097825993540821,2.351884792751973,-0.6747951318415838,2.210996632427855,1.3464601325610743,-1.0063526649737364,-1.4258388464436331,0.47198473299235016,1.171498126867099,-2.2588563163833646,-1.5096425969399847,-0.6222674091696871,2.4535682696765635,-0.2528357576146304,1.309769698706845,-2.0378626616461197,-1.3282385674852457,-4.348276075671882,-2.453568269676564,0.6222674091696865,-1.3444804850032512,0.41596727218528484,-0.04564874029587195,0.5632912620610914,-0.4430159425639276,-0.7180946013078251,0.8401159358104279,1.3416409041622488,-0.35630847989348147,-0.7481493064513315,0.07349692996524401,-2.327340503768292,-2.694633286970396,-2.829001791151159,-2.761207072091096,-0.7558794686104828,0.5704037944582268,-2.7244010733976425,1
-1.460010860346257,-1.0039094601397194,-0.4445202009343899,-1.8947617391869185,1,0,0,1,0,0,-0.0412600105000692,-0.45071117707391406,-0.438485436776663,-0.24395385891674226,-0.4369598684263855,-0.15809571322110672,-0.6411534013256434,0.1323109880825763,-0.5409444693326664,-0.3311133063016556,-1.1955872346290197,-0.10483249281449729,1.1589207791344334,-1.3382738050039404,0.3528923563341128,-1.0207909768371601,-1.2228732720407105,-1.6197421795583469,-1.4375436385994584,1.282759261399553,-0.44564800561307644,0.17191883228071528,-0.2863072756900778,-0.7652674883701326,-0.02704102104801544,-1.282759261399553,1.4375436385994576,-1.3723329986258064,-0.18442671521636386,-1.3738997123145495,-1.594432320547333,-1.8767514823423164,-0.8126095827270634,-0.5463906304141645,0.12354118106860354,-1.4725082230767892,-0.6093693453916895,-0.17942508891434333,-0.9618991143638861,-0.944186652494511,-1.1423313805857394,-0.0012904541294803558,-1.1948939252628807,-0.8213259083916238,-0.76555472453303,1
2.215126656738738,0.0010334127472937634,-0.8790386569529866,-0.4281154315628296,0,1,0,1,0,0,-0.20530619155379135,-0.3530238679098483,-0.4001058925245282,-0.2659425457490312,-0.22754669978598083,-0.06597401802993927,0.07410371397637716,0.14843725477034192,-2.815689172436434,1.4940914225198936,0.1877441994313059,0.45174586424747465,-0.08211933155153336,-0.6257043998786429,-0.45128534769298023,-3.3930945030562736,0.9303001742052784,-0.7102539095777916,0.3186972389638403,0.30004743805884815,-0.7282394820772422,-0.6558225450885524,0.43940867808111456,-1.0959513931260894,-0.9375013572103061,-0.3000474380588474,-0.3186972389638417,-0.5367575899491508,-0.3345252120667762,0.32735324499704527,-1.5556708190633497,-1.1940202729240363,2.211869822688555,0.6769975162545934,0.5664865349208381,-0.10826409251941274,-0.7481493064513315,-0.7105613285614767,-0.3871364805165972,-0.11434528503927678,-0.5330992590437151,-0.7309235830158842,0.12214944469431245,0.29205785388825667,-0.76555472453303,1
-1.922615582776536,-0.6946962684821769,-0.15484123025532542,-0.8681093238500562,1,0,0,1,0,0,-0.33149556159511606,-0.2983654925442401,1.582837227169103,-0.6987724865530351,1.017846564770201,0.3105622312465801,0.722449352329789,0.4241776017969109,-0.39736800914225867,0.9017332472129449,1.1166136266610982,0.7874918593727487,-1.686328168683359,-0.09550348928185415,0.6250304065404144,-0.6847640297145047,0.3187608741734571,0.26564428105149734,1.5275383624814358,-0.440948977121442,-1.1000093719888808,0.04394466992624977,-0.1449064310672265,-0.9021056156927303,-1.1923024649063712,0.440948977121442,-1.5275383624814365,-0.14682239923337803,0.491016520610491,-0.20940570944885942,-0.5220307794904515,-0.3747428216220998,0.4790951633358572,-0.13859458152457876,-0.762349526635866,-0.6663639641110671,-0.9794492415507348,0.19995793940503753,0.4856512227329909,0.330830031876813,-0.06489309156234463,-0.0647368131630805,1.9879608854670021,1.8693515171180877,0.16231986177126023,0
-1.4343105979890196,0.49062096620506923,0.5693561964423357,-0.13478617003801185,1,0,0,1,0,0,-0.10435469552073157,-0.4024489945702387,-0.08027635709007157,-0.4256498501098669,0.0218975026052634,0.019439786734686864,0.6965245705315577,0.3206321752374204,-1.0109841927002645,0.498780169231987,-0.12389022450303377,0.9339962735172695,1.359957003127853,0.5517536624752654,0.6076852302049673,-0.9727601905982257,0.3022633388517561,-0.7805914523781506,0.4407888507730546,0.8366905045627424,-0.4172286121819529,0.16868800055754704,0.40451908067613557,-0.37410067732710894,-0.6010322639517534,-0.8366905045627424,-0.4407888507730553,0.2152602778598393,0.19081952690966666,-0.9190192424451392,-1.2197378062021575,-1.05747403104038,-0.7180946013078251,1.0032343553662626,0.8433273810784847,-1.720552610450858,-0.4150773999081907,0.12408133374116129,-0.08607033897753999,0.13201387092399572,-0.025405824425361403,-0.7309235830158842,0.03983423407198747,0.514734606344233,0.2860364732784985,0
0.72451144001895,-0.6689285025107157,-1.168717627632051,0.5985369837740325,1,0,0,1,0,0,1.0944443198718534,-0.6745779272415647,-0.8350740607153893,1.0904122420111093,-2.86643939628717,-1.3614912557426193,-1.6588614169368943,0.7293451945291397,0.47340058874872726,-1.5088510578818821,-1.219144135847462,-1.1789862549237402,0.9205950076861666,-1.2998784446476352,0.841656040090987,-0.36607513680263765,-0.5661971530853533,-0.6497643081687576,-0.5745260083472232,-1.0381887348318,1.007863955523611,-0.15789662392846285,-1.0150246721681535,1.4769290313516583,0.9505787047961045,1.0381887348318,0.57452600834722245,-1.2052179168904753,0.8662627627365218,0.20908432283099887,-0.018131260198663828,-0.23819657973844427,0.25856020669096863,-0.05703537174666111,0.2342775195316623,0.2638024885416898,1.1670141561717275,0.04820472807728505,0.6437869738444144,-0.02358138547386016,0.5669031826293847,1.3628062650929278,-0.5363722402842841,-0.9883334727336057,0.34789477903211874,0
-1.6656129592041589,-0.4885541407104817,-0.15484123025532542,-1.6014324776621007,1,0,0,0,1,0,1.3342041229503703,-0.6943479779057209,-0.6175899766199587,-0.05820732014924861,-1.4615210870686899,-0.4890183075971452,0.041025164235745,-0.6271182510611052,-0.5174035179994239,-0.44413404002838947,-1.1474798117679796,-0.9400725900386586,0.6639431678549891,0.14881136248975463,-0.39082738361324504,-1.0896492721531523,-0.89321067534416,-0.8226330719763577,-1.046543814281098,-0.2441974779926877,0.09164407047593272,0.46921718711462623,-0.38768449091304563,-0.2856959808417506,0.6886388719799872,0.2441974779926877,1.0465438142810974,-0.003580900603094244,-0.5060663513243898,-0.5031285271359642,-0.9520988673841753,-1.203773575915726,0.3845801819166189,-0.4531801049536876,0.012804842605544792,-0.4803306735805153,-0.08200549336504998,0.19995793940503753,-0.6060936743631827,-0.6978274965312384,-0.7530997473783346,0.6966194952401235,-0.7010026615289333,-0.8769950965056176,-0.6418381130257917,1
-0.6633027272718879,0.928672987719922,0.5693561964423357,1.7718540298733036,1,0,0,1,0,0,-0.11697363252486404,-0.389656608846373,-0.5024513438635544,-0.20344838317305206,-0.4792341593842556,-0.14244396889251032,-1.5845301044978546,-0.9312229576382902,-1.7213207793846022,-0.22909806380655737,-0.24853859893364919,-0.0628715886482205,-1.927394385995902e-4,-0.6483108209801426,-0.22905783565859444,-2.099830290065733,0.3862834352035077,0.24109116084063256,0.8989187262297652,-0.9772859963810728,1.5555431485337865,1.0486676225082188,0.2429762353513286,0.6925287460150626,0.5584909450054194,0.9772859963810728,-0.8989187262297659,-0.6667359868544083,-0.3095087959250406,-0.3125119492859251,-1.3058744761665655,-1.1143682984919032,1.5922716111624382,0.3235742738836193,-0.07947543944700425,-0.4803306735805153,2.3050098368607914,1.8800827791051529,1.9692599865942861,1.825038446491148,2.0706427842132706,1.1362121256872117,1.674379130715289,1.2066230871895867,2.018069034379841,1
-0.6376024649146498,0.18140777454752677,0.27967722576327125,-0.4281154315628296,1,0,0,1,0,0,-0.6595879237025604,0.11564262724632428,0.815246342126407,-0.6316491267492056,1.4606999022748035,0.5770890775278218,-0.10091211303977406,0.2545831106137171,-0.8997336149656674,0.14843558635127954,-0.10945257830966983,0.2574941173078678,0.5915044091045726,-0.4538702437922979,0.5191105217091675,-0.4125755851635217,-0.06889602990501392,-0.2656599133108359,0.7520553775833569,-0.39468810214486993,-0.31318105015230213,0.17061021602702214,0.8153673184610041,-0.26884302479362965,-0.11707148649328564,0.39468810214486993,-0.7520553775833577,-0.6481676444393714,0.04072103005925432,-1.11916664918768,-1.1292943027395286,-1.091610591511294,-0.655084613695,0.35076067714292497,0.012804842605544792,-1.3484860293897554,-0.3318094232724056,0.10511218232519232,-0.1453712456443243,0.28760912732185256,0.1607484349347019,-0.7388543778950843,-0.001323371239174659,-0.195047542109191,-0.45626319576493324,1
-1.5371116474179702,-1.158516055968491,1.0038746524609323,-0.13478617003801185,1,0,0,1,0,0,-0.7479204827314877,0.59535709189129,0.009275912831576286,-0.4545823327839313,1.485357360065366,0.8091820862861515,1.0209577797946716,-0.6183977186624191,-0.5166176155697173,0.8086907075895962,0.8521133393352193,-0.4497033071311732,-1.1936325072100984,0.6451902100994591,-1.6391617005663068,-1.8785090985050026,1.1998705986837868,0.6428034530479867,-0.4863880375980577,-0.13094794135889734,-0.7750001897854545,-0.7933059320471147,-1.1814868939943184,0.09728217281151304,-0.48021661384771047,0.13094794135889734,0.48638803759805704,0.15955525061472892,-1.685411683720486,-1.3193140559302208,-1.9174448329138638,-1.4841810369268051,0.3530751881102058,-1.2804235184154193,-1.2606630497196296,-1.1004416420156866,-1.0257092285706153,-1.1911131644326922,-1.9522749402347879,-2.103947591385941,-1.945239145704395,-0.9988082100466414,-0.20711139779498602,-0.2955613539816801,-1.7621607616746748,1
0.6217103905899984,-1.4677292476260335,1.0038746524609323,-0.4281154315628296,1,0,0,1,0,0,-0.571255364673633,-0.11229442746982914,-0.054689994255315046,-0.445902587981712,0.7118913981583822,0.25824068591955784,0.9570891009642485,-0.07099646058724589,0.8559072033819809,0.75505747711245,1.3812898875867876,0.3834317065319048,-1.4554281238614821,0.3395565839879742,0.3060684482576792,0.10676059836868113,0.4597004577479331,0.5027764095098453,-0.04921092906325296,0.5717619163874261,-0.9915747551751506,0.40405752275797807,-1.0627697146765436,-0.5642028345356669,-1.3048811974692132,-0.5717619163874261,0.049210929063252244,0.6609004958207222,0.7161642658861095,1.2007237471463126,1.0801112818475405,1.2467438007463156,0.8886600828192224,-0.05703537174666111,-0.04256332662598434,1.4420133285685155,-1.071969215590496,-0.05296407947454983,-1.1261170097488256,-1.419616602599072,-1.503357822981013,-0.7520723693604175,0.06727263761276221,0.3848398340782469,-1.3841377820692236,1
0.4932090788038099,-0.02473435322416849,-0.15484123025532542,0.5985369837740325,1,0,0,1,0,0,-0.06649788450833415,-0.4303596543314004,-0.7966945164632545,0.7524808443780368,-1.6579381242278053,-0.9125097898594539,0.1458525955693791,0.14573998813319602,0.20357425198120485,0.09966971172851201,-0.045904634251319326,-0.6199853045519013,-0.07735027558693833,-0.6974252442167339,-0.05739452875144285,0.31838796479690534,-0.614007634604356,-0.7105964664077733,-0.46081074412575107,-0.38855952469070976,-0.8996706710954329,-0.2575292864206326,0.041656377166501224,-0.74348681034465,-0.6340808703170224,0.38855952469070976,0.46081074412575035,-0.6481676444393714,-0.03432821836595151,0.07262018187017576,0.22735824919990022,-0.03337721691295973,-0.4660546508565234,0.5138790966987595,0.8433273810784847,0.3258135853852078,-0.8869292675109735,-0.3311783002420958,-0.2959043164138529,-0.23104172733766892,-0.4992530300691578,-0.3185222492974822,0.6160407084282594,0.45906541823023866,-0.5181215015185524,0
0.6217103905899984,-1.6738713753977288,-0.15484123025532542,-0.13478617003801185,1,0,0,1,0,0,-0.5586364276695006,-0.12799417358548257,1.339766780238916,-0.6883567927903719,1.3424154160687745,0.43354022239983764,0.03650808223922844,0.045975608393496244,0.18871740782245036,0.8616723411217302,0.5314755658827528,0.04410440425012596,-0.32319969619252953,0.10984130873631386,0.10597083560986886,-0.8695966036046945,0.30795938637695996,-0.1053083783815299,-0.6392523306161405,0.6941558255444424,0.05898676440975572,0.043056291426940514,-1.131843741609844,-0.8586964864778716,-0.7937574000530784,-0.6941558255444424,0.6392523306161398,-0.06326485836571254,-0.10937746679115769,-0.600602913536552,-0.9225662948249498,-0.767313267037611,0.006520256239666901,-0.5463906304141645,-0.319404172783631,-0.5423417704240322,-0.19302946221276363,-0.27427084599418855,-0.9322486610304939,-1.300759115072932,-1.4892552275749478,0.05422511002492019,-0.41289942435079735,-0.1254610569666985,-0.9202004889170784,1
-0.020796168340944693,-0.6689285025107157,0.5693561964423357,0.5985369837740325,1,0,0,1,0,0,-0.7605394197356201,0.6709484620777695,-0.13144908275958464,-0.38514437436617666,1.4706739894140408,0.813654013237179,0.95992269202473135,1.894136543249722,0.3330859186044511,0.916254713944803,0.12540817211391164,-0.26807671384910886,-0.2068335098614905,0.7959768967647509,2.1308768386435766,-1.2985066248493007,2.0361980701337568,0.7036888873908508,0.3506288912831737,-0.7133741297612541,-0.539465133831954,-0.46509621017826036,-1.7602135396486462,0.7812581441972877,0.5239784708743114,0.7133741297612541,-0.3506288912831744,0.2152602778598393,1.0914105080121401,-1.492168634480596,-1.8011603284619129,-1.1257471519822078,-0.655084613695,-0.8726274695258333,-1.0945585420250417,-1.3484860293897554,-0.6291950541144954,-0.6130056927079216,-0.6504064397845165,-1.3794829055123232,-1.0480454570137594,1.000255642043783,-0.20711139779498602,-0.5429799678216537,-0.6330012122038462,1
-1.8198145333475857,-0.35971531085317227,-0.8790386569529866,-0.8681093238500562,1,0,0,1,0,0,-0.7226826087232228,0.3366020170221873,-0.5664172509504457,-0.1554204619341051,0.6063414942485372,0.37898271359730157,0.6381103191084918,1.3012264193045309,-1.8624315618462468,0.22225538902799868,-0.423965966558119,0.010641878386633828,0.5217146325550776,-0.0054025467773087844,0.8603314800499196,-1.3897236977945693,-0.14463926312138684,-0.03540519471096453,0.2857518833962749,-0.26889098598050765,-0.8927060931314429,-0.9241129064824875,1.1494680450294203,-0.4436745092456843,0.5166102390945772,0.26889098598050765,-0.2857518833962756,-0.23037994010104354,0.41596727218528484,-0.8735311954581982,-1.3747838121380926,-1.347634795043149,0.5421051509486824,-0.22015379130249568,-0.3747723420151606,-0.9764194483286528,-0.8869292675109735,-0.9381911455531051,-0.3415203984652251,0.2746428559553643,0.0761328624983096,-0.4136917878478824,-0.5363722402842841,-0.7099875321636356,-0.332546584257695,1
-0.6376024649146498,-1.1069805240255675,0.27967722576327125,-1.6014324776621007,1,0,0,1,0,0,-0.6595879237025604,0.11564262724632428,-0.5408308881156891,-0.16410020673632444,0.37038129452519264,0.21575737988479615,0.026450971599397802,1.2740632843231252,0.391465798137186,0.07265718833473768,-0.8099265647624877,1.0952838448009359,1.3518274614759695,-0.13984342212941006,0.5289127464571555,-0.3024751734865907,0.10924684521990237,-0.3363174917785695,0.8063022000563537,0.6941558255444424,-0.17651061956392886,-1.2188386631317998,-0.8391052389948959,0.010172127654279339,0.724595629292741,-0.6941558255444424,-0.8063022000563543,-0.3139374809687093,0.19081952690966666,-0.7552622732921518,-0.7804407893836761,-0.6990401460957827,-0.655084613695,0.5954383064766764,0.2342775195316623,-1.0384305451721696,-0.49834537654397587,-1.3934507795363622,-1.4363063676981567,-1.5665676780859363,-1.4638705558440304,0.15732544345452057,-1.4418395571298541,-1.378017789531564,-1.198562864808365,0
0.18480593051695732,-1.5450325455404195,-0.15484123025532542,1.0385308760612593,1,0,0,1,0,0,-0.40720918361991093,-0.2512662541972798,-0.7711081536284979,0.5950881386311262,-1.051674357086622,-0.6531380266998561,-0.9390840108425821,1.7246480480423707,0.10888970377307339,-0.5484482390608137,-0.9412863327953989,-0.08390374652800893,0.6334958302684872,-0.62468676827921,0.8480739071780439,-1.6168806217806975,0.4013065998154627,-0.16986864355498058,0.03622492998512883,-0.15036214763897582,0.6816395185111628,-1.51755174757188,-1.7736649664013349,1.1388469428924863,1.0578746648576738,0.15036214763897582,-0.036224929985129536,-0.6481676444393714,0.641115017460903,-0.32767463161490584,-1.077612300760884,-0.8867912286858101,0.7626401075935709,-0.22015379130249568,-0.26403600355210183,-0.35630847989348147,0.1400424443303771,-1.6210805965279906,-1.4545528005187045,-1.9685220904470657,-1.531563013793144,0.506280418139323,-1.1948939252628807,-1.378017789531564,-1.198562864808365,0
-0.14929748012713334,0.6194597960623787,-0.15484123025532542,1.0385308760612593,1,0,0,1,0,0,-0.6974447347149578,0.14936800779106127,-0.5920036137852022,-0.10912848965560201,0.4143599156901133,0.19921125016599422,-0.06125353634853609,0.7681999114449668,-0.5940056347111297,0.6035792825177377,0.29608638284087424,1.2554329185349173,0.11138850547236838,0.44987768474307943,1.778516169531906,-0.7445628946171611,1.881582456671474,1.28407794604036,1.2994551316290586,0.4234769879856554,0.534687015217258,0.7272999690581459,0.06381169823824762,1.0503482843037877,0.8687253900063008,-0.4234769879856554,-1.2994551316290595,0.27096530510494976,1.391607501712964,-0.46413877257572894,-0.7545997883943533,-0.05044549714841698,0.2270552128845555,-0.6279498401920818,-1.149926711256571,-0.29429738304996345,0.5286263352973745,0.7310941790521709,0.13288685486904556,0.14498014229048395,0.5669031826293847,0.09387908442092041,-1.0302635040182315,-0.9883334727336057,0.5953280020465953,1
-1.8198145333475857,-0.02473435322416849,-0.8790386569529866,0.5985369837740325,1,0,0,1,0,0,-0.7226826087232228,0.3366020170221873,-0.7839013350458762,0.6703125935836938,-0.278208395179635,-0.2591612623143293,-0.43902611684194665,-0.7916420783683303,-0.17526297346897832,-1.070497958758395,-0.3640993014915549,-0.20560087692686627,0.3747444418562526,0.07690800355406091,0.8501061184458124,-1.6219718753022068,0.375990321937551,0.1456068044650496,0.18609969967169646,-0.4649864905896614,0.6873220735212219,1.938171244212962,-1.3903349562309124,1.81899924658226,0.6155036285488285,0.4649864905896614,-0.18609969967169718,-0.20252742647848845,0.340918023760079,-1.028190555213798,-1.594432320547333,-1.39883963574952,0.4475901695294441,-0.46483142063624716,-0.5962450189412776,-1.0384305451721696,0.22331042096616224,1.1104772073715516,-1.2173491738515698,-1.6313990349183765,-0.9900233502002335,-0.3185222492974822,-0.7833178721512579,-1.0440026608476,-1.0748462533011267,1
-0.6633027272718879,-1.8284779712265005,0.5693561964423357,-0.8681093238500562,1,0,0,1,0,0,-0.81101516775215,1.0930971909653393,-0.7455217907937414,0.3375890428319528,0.9787998169698778,0.5797722336984383,0.36932567056646654,-1.0247852222523175,0.42093361214608854,-0.08819224246443043,-0.09537695418144743,0.31612711764956736,-0.2553703875433282,0.8146049420384177,-0.1259371484275749,-1.4597256229766717,1.2819328816533573,0.7202432669667028,0.6912331826893887,-0.2543969704224406,0.30038732458120754,1.2803888076721666,-2.04231382485232,1.3902847313303466,0.8271720778301478,0.2543969704224406,-0.6912331826893894,1.0229831729139398,0.11577027848446049,0.764038496071679,-0.18609776662925942,0.32505666803163763,1.833809897011603,-0.5463906304141645,-0.8730858650989243,0.5118468759157585,-0.22078545442469194,0.35171115073279,-1.7191260764166634,-2.266746331876291,-1.7684866166150421,0.15732544345452057,-1.1125787146405561,-1.32234860141757,-1.5078543935764617,1
-1.5371116474179702,-0.1535731830814779,1.0038746524609323,-0.13478617003801185,1,0,0,1,0,0,-0.7479204827314877,0.59535709189129,-0.7199354279589849,0.15126385441097787,0.2862315061001322,0.3409713345135674,0.18858355935239735,-1.3882662483103803,-1.1430664603719527,-0.39692611372958764,-0.17681066432930592,-1.747017395397427,0.10930032774630834,0.6448297218651355,-1.076894430541429,-2.0376264311822907,1.5940447894952878,1.6581297652583988,-0.37315522795503414,-2.0126325500434374,0.38207623037844807,0.8266297936388542,-0.48500791111274344,2.1168490986770734,1.8487035101039302,2.0126325500434374,0.3731552279550334,-0.06326485836571254,-1.3852146900196616,-1.9925371513369474,-2.460105853689636,-1.9450246032841443,0.3845801819166189,-1.7697787770829225,-1.8697129112664523,-1.4725082230767892,0.11228645211844858,0.4275877563966659,-0.7885580025686714,-0.892321567028559,-0.11002139686175369,0.09387908442092041,-1.0302635040182315,-1.712032918215528,-0.5181215015185524,1
-1.5371116474179702,-0.6689285025107157,1.0038746524609323,0.5985369837740325,1,0,0,1,0,0,-0.7479204827314877,0.59535709189129,-0.8350740607153893,1.0904122420111093,-0.8359652222306702,-0.3848224096382033,-0.18791953211874798,-0.7088602108141241,-0.2937629360303059,0.34821382874001194,0.9390720366954262,-0.4414193127101332,-0.3634258905755344,0.5923790523684678,-1.0934828434408115,-1.9695052678574991,1.6266351577180937,1.7942643049770253,0.03622492998512883,-0.6379707392984506,0.8532048532168435,-0.1224942224888732,-1.5775790811627923,1.1425291600721557,0.5309102289368722,0.6379707392984506,-0.036224929985129536,0.04814519612450831,-1.3101654415944555,-1.537656681467537,-2.111252340333782,-1.5695224381040902,0.8886600828192224,-1.5251011477491712,-1.7036084035718644,-0.9144083514851348,1.055990187324014,0.12408133374116129,0.7715120035882557,-0.24400799870415715,0.2115177783965368,1.870377137361731,-0.4540570296619595,-0.7656567202776299,0.47161139053935697,0
-0.8689048261297889,0.49062096620506923,1.4383931084795292,-0.4281154315628296,1,0,0,1,0,0,-0.10435469552073157,-0.4036119387269538,-0.16982862701171944,-0.3689421840687006,-0.05833978005278265,-0.0252794827755886,1.007798952288377,1.1373217711873769,0.18452717845857328,1.0631463819402152,0.3171056728039969,1.1737798788359088,-0.4518993005499417,0.8000847251470184,0.5209866996599287,0.33421641249094636,0.5656776949815682,0.4001648362847454,0.8432886699243073,0.7645323233097284,-0.6019337454474526,-1.0390967846841672,0.0836004281955134,-0.8753258543860515,-0.021569828334994712,-0.7645323233097284,-0.843288669924308,0.5494904413305014,0.26586877533487285,-0.5460172571522233,-0.3023822710812103,-0.06751377738387422,-0.7180946013078251,-0.38327221085833024,-0.762349526635866,-0.6043528672675491,-0.8036612908751883,-1.2416975682086098,-1.3541974200056863,-1.112748180258855,-1.3284856399458025,-0.5088613263982832,-0.7833178721512579,-0.5429799678216537,-1.2604211705619852,0
-0.12359721776989524,0.7225308599482267,-0.4445202009343899,-0.8681093238500562,1,0,0,0,1,0,0.7032572727437467,-0.6298045772080346,0.6361418022831113,-0.6171828854121734,-0.03884697294406776,-0.0073917749714784145,0.4830408254924256,-1.2499868106388436,-0.5195591959448105,0.6945198803496463,0.10673284548444832,0.15143731057915832,-0.16020962945073958,-0.516591767725089,0.12180539682244601,-1.8182923610672166,-1.0074117951943873,-2.081798181429183,-0.7099870034754222,0.9106988955914741,-1.1878524338604448,1.8376680985105567,-1.1169536412330852,-1.9371838430074837,-2.1712286615014036,-0.9106988955914734,0.7099870034754215,-0.44623692067584636,0.19081952690966666,0.24092595572185707,-0.7675202888890147,-1.0788093813347013,0.46334266643265065,1.0032343553662626,1.604639708012013,-0.24778906041732607,-1.1644891896302574,1.4329527814430254,-0.49889588154245845,-0.960394491702621,-1.552716906902242,-0.1836987363510812,0.8218287349840708,1.5446145864531222,-0.6109089601489817,0
-0.7918040390580765,2.217061286293016,-0.8790386569529866,-0.8681093238500562,1,0,0,0,1,0,-0.29363875058271866,-0.3152281828166086,-0.2210013526812325,-0.3434815993155239,0.08798328676507507,0.023017328295508902,-0.2709510770278304,0.3628101830613738,2.367819664281564,-1.7630266354529107,-0.4669984625784187,-0.7963580995979571,0.4519568823979639,-0.9065071740161287,-0.14351745003267577,0.04146262396213853,-1.206788125220005,-1.0754898887655693,-0.16027754582615011,-0.9271761482887021,-0.5290072189409667,-0.6417409931996012,-3.1952228650594634,1.1851047962120722,-0.442885676205755,0.9271761482887021,0.16027754582614942,-0.8431352397972577,-0.10937746679115769,0.09081540066495114,0.09815324425328795,-0.3918111018575571,-0.11949971898598452,0.6769975162545934,0.8433273810784847,-0.5423417704240322,-0.4150773999081907,-0.482931511569848,0.4795690784594736,-1.3461410648556402,-0.8884846632765624,2.251055291563333,0.9453015509175579,0.514734606344233,-0.1469716669968365,0
-1.1516077120594044,-0.2824120129387873,-1.6032360836506476,-0.8681093238500562,1,0,0,1,0,0,-0.05387894750420167,-0.4425705679769086,0.2267599969270068,-0.5217056925877608,0.1963975728950433,0.06281747815965406,-1.5060543787336802,-0.42596754147540483,2.3471889338954957,-2.6562121118051927,-1.0072883768337613,-0.7346285936776262,0.4063110314705282,-1.3239628687114473,0.9387944434037528,0.5097934117117837,-2.1499737259324667,-1.600221678537064,-1.0705131521703464,0.05977612737849499,0.7713171764198481,1.5251174833952816,-2.696392689448747,1.4564940549315368,-0.2527807884100495,-0.05977612737849499,1.0705131521703457,-1.2887754577581405,0.641115017460903,-0.50962681956267,-0.18609776662925942,-1.0062691903340089,-0.6865896075014126,0.2692014673650073,0.954063719541543,-0.6663639641110671,0.25106641317809053,0.7310941790521709,-1.3268277707748632,-2.266746331876291,-1.751563502127764,0.15732544345452057,0.03983423407198747,0.06938110143228039,-1.3222794763156045,0
-0.9974061379159777,-0.7204640344536393,-0.4445202009343899,2.2118479221605303,1,0,0,1,0,0,-0.38197130961164594,-0.2727807210965086,0.21396681550962854,-0.5193910939738356,0.5464568506828977,0.1916089743492474,1.1012835379014116,-1.6126816442577083,-0.9626346558745914,1.2361824336654694,0.7776430577902703,0.836961090077492,-0.9539337148869038,0.47489071252387177,0.8613861597763814,-1.8121819673912927,0.5934679896323263,0.5521601458821213,1.0187373090415193,0.13114384342216406,-1.0568563631783872,3.0763739128345486,-0.5051142880331191,-1.0815300164474708,-0.4718971477446461,-0.13114384342216406,-1.01873730904152,0.32667033235006016,0.641115017460903,-0.3549674598070702,-1.1938968052128347,-0.9379960693921812,1.4557499713346498,0.18764225758709038,-0.26403600355210183,-0.6663639641110671,-1.1182292026103766,2.096873081001942,-1.0805009276974533,-1.1386807229918314,-1.4187422505446208,-0.11760877902441451,0.6160407084282594,0.7559677548382072,-0.8686519007890618,0
1.110015375377516,-1.0812127580541053,-1.6032360836506476,-0.13478617003801185,1,0,0,1,0,0,-0.44506599463230834,-0.22975178729805104,0.15000090842273722,-0.5026102540228783,0.604492399893782,0.21173264562887137,-0.7521589992044406,0.11846287995733695,0.28662056827514487,-0.41721139696279036,0.027270125768550226,0.14625548781496323,-0.04698191035815033,-1.0547521402245856,-0.7546192879661944,-0.4832345017667479,-0.5146280476871065,-0.11722942385402428,0.2430696413654208,-0.04159846927444537,-0.008000512773089956,-0.9185550574255095,-0.8774239899958878,0.05332931832628506,-0.14990421461735023,0.04159846927444466,-0.24306964136542153,-1.1495128896453646,-1.009968447893631,-1.3193140559302208,-1.3231018101594472,-1.4159079159849774,-0.37153966943728567,-0.5463906304141645,-0.7069813574043363,-1.534519319920306,0.41760236644966076,-0.482931511569848,1.765942592308169,0.9359226956462544,0.9053654723749538,1.9972698554289314,0.9453015509175579,1.0157572993701793,1.770635811365363,1
0.23620645523143258,-0.30817977891024867,-0.15484123025532542,-0.4281154315628296,1,0,0,1,0,0,-0.1295925695289965,-0.39605280170830587,0.12441454558798068,-0.4927732099136964,0.19833084053262517,0.0762332590127367,0.7132545734591916,1.7699271764699767,-2.1194599755611843,1.6746953750782043,-0.3515934819043659,-0.05991937257386636,0.0846240244870226,0.01658238704669465,2.003510850900824,-1.5369215091916313,0.6964103539291475,-1.3154247143553321,-0.21462929445480022,0.13114384342216406,-0.9752289211836901,-0.42220740674404034,1.3529148923293373,-1.5718568235204566,-0.8271674608162088,-0.13114384342216406,0.2146292944547995,-0.06326485836571254,1.6918044954137887,-0.2821865846279648,-1.0043961312911374,-0.71610842633123994,-0.5080613092650741,0.3235742738836193,0.47420625286828905,-0.5836825016530435,-1.0257092285706153,-0.6346847228976005,-0.8615437338508666,-0.11434528503927678,-0.7192535184037778,-1.2702176348014877,-0.04248097655033679,0.013711913318286572,-1.198562864808365,0
-0.020796168340944693,-1.8027102052550381,0.27967722576327125,-0.8681093238500562,1,0,0,0,1,0,-0.2684008765744537,-0.3204614315218264,-0.3233468040202586,-0.3081839704531653,-0.056716407695032486,-0.008286160361683923,0.3834018451364585,2.732268705549792,-1.889562996582613,-0.15750620386574635,-1.5529442319023323,-1.3567134017860916,0.9917597886131779,-0.19880201020471486,2.9823885434677218,-2.4298097000378744,0.26080967231030255,-1.2611700639974839,-1.0021120160631036,-0.8565127692838675,-0.731770224881897,-0.7624331728561285,0.1413714984796297,0.47139512651897536,0.7876164577568736,0.8565127692838675,1.002112016063103,-0.3696425082138195,2.2171492343902317,-0.7825551014843162,-1.7882398279672513,-1.6207272788104614,0.19555021907814235,0.35076067714292497,1.009431888773073,-0.5423417704240322,-0.9424412519348303,-1.0899443568808573,-1.60964747949337,-1.3072422507561756,-1.0746389226366257,-0.9212626601166852,-0.20711139779498602,-0.5986491559356475,-1.3222794763156045,1
0.4932090788038099,-0.5916252045963298,-0.4445202009343899,0.3052077222492148,1,0,0,1,0,0,-0.15483044353726144,-0.373375390652362,-0.822280879298011,1.029654028395574,-1.913965681136189,-1.0828902066936033,-0.04462491445397712,-0.03586033766037419,-0.7019863916866266,-0.6247508490747561,-0.334231181198421,-0.811481851944477,0.07651373917869161,-0.6244508077054238,-0.910679969515844,0.4226829175647552,-0.8690356111058936,-0.07383360727811954,-0.8773392119444982,-0.2366301126415829,-0.5618918595407085,-0.8630797629920651,1.384394482886355,-0.01772274437259407,0.36243275789105134,0.2366301126415829,0.8773392119444975,-0.8431352397972577,-1.1600669447440433,-1.4648758062884317,-1.0646918002662225,-1.2964299543367779,-0.8756195703398886,-0.9541866793037505,-0.7069813574043363,-1.3484860293897554,-0.6371253376036178,-0.9381911455531051,-0.5878472415426337,0.15794641365697218,0.1438253204474232,-1.238494455284687,-0.28942660841731066,-0.4316415915936655,-0.5799798072721716,0
-0.27779879191332196,0.18140777454752677,-1.6032360836506476,-0.13478617003801185,0,1,0,1,0,0,3.668707468714878,-0.7722652364056305,-0.42569225535928473,-0.24742575683763,-1.5591565967571883,-0.4027101174423135,-0.6251741582003133,-1.5854984509789931,1.490764201605554,-0.47293336264799685,-1.0835980894748674,-2.0750213673701543,0.015462890493250944,-1.580735023952689,-1.4959024774333318,0.6369951763071839,-0.35553607144632343,-1.5349178677452884,-2.7148097313727666,-0.13756642077256032,-0.7101319252969444,0.6775841183962111,-1.397805883883067,0.2863589794055306,-0.08981796375206053,0.13756642077256032,2.7148097313727657,-1.5951531076062477,-1.685411683720486,-2.1017084641056063,-1.5427503185686884,-1.5695224381040902,-2.76591919872465,-1.85133798686084,-1.0945585420250417,-2.340663578886029,-0.7481493064513315,0.4275877563966659,-0.48749186102961545,-1.0868156375258795,-0.9223308922511192,0.5697267771729232,-0.12479618717266176,-0.2089648391376897,-0.5181215015185524,1
0.72451144001895,-0.35971531085317227,-0.8790386569529866,-0.8681093238500562,0,1,0,1,0,0,0.6401625877230843,-0.6228269122677442,-0.5664172509504457,-0.1554204619341051,-1.0821060777901368,-0.35888523332224354,-0.08898804503848534,1.98115240446584,-1.2060353310288654,-0.6211496437419989,-1.4552082602986145,-0.6122802995803035,1.5177500738791818,-0.9634903101236988,1.8633442613748799,-0.8592069539484369,-1.462297008194816,-1.7147668832982925,-0.7613439424253534,-0.0799856498736912,-0.8389681225803501,-0.8525364734344254,0.7852705728237891,-0.6108555864114793,0.21770589936848728,0.0799856498736912,0.7613439424253534,-0.94526112307996,1.5667224147051118,-0.2821865846279648,-0.6670275072638717,-1.1522978101262527,-0.07049195084267496,0.7766809948720481,1.3662489793762618,-0.34252823615047884,-0.8314172830871166,-0.8623145398892288,-0.2867811000035777,0.14498014229048395,-0.11002139686175369,-0.2233527107470814,-0.4540570296619595,-0.5429799678216537,-0.332546584257695,1
2.215126656738738,0.6194597960623787,-0.8790386569529866,1.0385308760612593,0,1,0,1,0,0,-0.20530619155379135,-0.3477906192046305,-0.579210432367824,-0.10912848965560201,-0.551732720508216,-0.18313850414686098,-0.8101381365821302,-1.229113376015041,-2.1774942390542567,0.31504081160997377,-0.8573070063284394,0.7525059457088689,1.0061156995608278,-0.6773005642937636,-0.5648168640596457,-3.0041344961528376,1.0594695477890452,-0.5893599386461257,0.633698674005907,0.3978337296906128,0.4497660564130988,1.121175546485443,-0.04215787973126102,0.6249520559481935,0.5391458251811218,-0.3978337296906128,-0.6336986740059076,-0.5646101035717058,-0.40957446049198204,0.46381738595786837,-1.258499307686141,-0.8526546682148961,1.9913348660436665,0.5138790966987595,0.2342775195316623,-0.29429738304996345,0.5008703430854462,1.1863538130354276,0.3062279666642602,0.2357440418559006,0.4822876101929924,0.31594134103852145,-0.7833178721512579,-0.7099875321636356,0.5953280020465953,0
-0.04649643069818187,-0.6689285025107157,-0.8790386569529866,0.5985369837740325,1,0,0,1,0,0,-0.7353015457273552,0.534302523663749,-0.10586271992482811,-0.4048184625845405,1.3040009144660398,0.7237682815215254,0.17841430747562823,-0.35744000860403286,-0.2865209906928669,0.06850995205036214,0.3080998905115273,0.3556502863678323,0.4504555379674864,-0.16224275854733758,-1.1184174168007837,-1.926002148704538,1.030334094603907,0.8967324005307699,1.0345842828972671,-0.5410235229891278,-0.41020049032304334,-0.6298083868487135,-1.5437626237217679,0.9291091257278097,0.47493970716427253,0.5410235229891278,-1.0345842828972678,-0.3974950218363748,-1.2351161931692491,-1.0372881646111858,-1.7365578259886068,-1.347634795043149,0.9516700704320475,0.02452383803125581,-0.4301405112466897,-0.9144083514851348,-0.5322693670252218,-0.7695764663000468,-0.7155722712864762,-1.3259713093966585,-0.9486557370091084,0.6225987430342572,-0.5729567783386508,-0.8522532351216203,-0.6624575482769981,0
1.1871161624492292,0.0010334127472937634,0.27967722576327125,-0.4281154315628296,1,0,0,1,0,0,-0.7100636717190902,0.27845480918643384,-0.38731271110714993,-0.2723076919373254,0.8499456331526289,0.42459636849778254,1.2940400855300964,1.5021000198618737,-1.5977104268091664,2.12289553764044,0.7843134161918534,2.0309021605039637,0.42835847854269793,0.9615072006725423,1.6396083172104403,-1.829359046990038,1.738625847866567,0.3692269501219447,1.6035661060988957,1.179510982546407,-0.8386675735397373,-0.4191557987995335,0.3457942575532126,-1.1439032844299342,-0.659167600956274,-1.179510982546407,-1.6035661060988964,1.3293608227620468,2.142099985965025,1.1825285283515359,-0.09565426316663046,0.59814915179895,1.8968198846244282,1.5741488238116832,0.7879592118469556,0.8219023601333442,-0.9146852597229018,-0.6346847228976005,-0.8706669502611417,-0.5811310542328463,-0.9561771212256767,-0.6992004034990842,-1.0302635040182315,-0.6543183440496418,-0.9511296417938885,0
-0.7404035143436003,0.28447883843337485,-1.6032360836506476,-0.13478617003801185,0,1,0,1,0,0,-0.2810198135785862,-0.3175540711300387,-0.5920036137852022,-0.10102739450686397,-0.49820599573992563,-0.1661451817329563,-0.38564745125369376,-0.14661193368318123,-0.4842101727629725,-1.1532644763090452,-1.161539978779987,-2.329869685354176,1.1175538209327098e-4,-0.6574429729173944,-0.19868094624082774,0.710410285068865,-1.5954827911881397,-1.2549078159788236,-3.156940301948143,-0.04664941409013511,-0.12065710345669262,0.002195269680524343,1.3758253520912898,-0.0240675193551462,0.2848856256394171,0.04664941409013511,3.1569403019481417,-0.8709877534198129,-0.6347222057676005,-1.4830710250832082,-0.9613277963089331,-1.4500444764558913,-1.537224440274555,-1.9328971966387571,-0.983822203561983,-1.1624527388592034,-0.24854144663662048,-0.17942508891434333,-0.5422311594912614,0.19684522775643593,0.17767154942198057,-1.2702176348014877,-0.6186874509066087,-0.7099875321636356,-0.5181215015185524,0
-0.020796168340944693,0.0010334127472937634,0.27967722576327125,0.5985369837740325,1,0,0,1,0,0,-0.2684008765744537,-0.3204614315218264,-0.7966945164632545,0.6917226307625014,-1.4576827254211728,-0.781035137499244,0.16737723490389697,2.043363651987503,-1.9084221580207505,0.9697019061612582,-0.11569688714148241,-0.7197300961842215,0.28178039562775886,-0.3431028986858251,2.8547387608056765,-2.5790976239882673,0.5128388684664813,-0.8201787503998134,-0.611077343275553,-0.3755669404878874,-0.5755664932562637,0.055233882993084245,0.01713263765356771,-0.801482472026215,-0.6503332952741712,0.3755669404878874,0.6110773432755515,-0.48105256270404034,2.142099985965025,-0.7370670544973751,-1.8270013294512357,-1.5865907183395476,0.6051151385615076,0.4323198869208419,0.8433273810784847,-0.5423417704240322,-0.6648813298155464,-0.17942508891434333,-0.6790794056453779,-0.5681647828663581,-0.8207922053274488,-0.5405845059150832,0.4514102871836102,0.29205785388825667,-0.8892713360402683,1
-0.27779879191332196,-0.5916252045963298,-1.6032360836506476,0.3052077222492148,0,1,0,1,0,0,3.668707468714878,-0.7722652364056305,-0.822280879298011,1.029654028395574,-3.157287804526706,-1.3896643955340928,-0.17851102206665093,-0.6594634966490669,-1.860354381209886,-0.846023621985627,-0.5748417439379744,0.9801885531560821,0.45489647172759423,-0.8168212191077109,-1.8215171644758352,-1.228379840360071,-1.186943753074907,-0.502306322170264,1.2994551316290601,0.048076501797563044,-0.5679342161978074,-0.9196215635959027,1.3087634862929292,-0.034029775155941154,0.2569180629418226,-0.048076501797563745,-1.2994551316290608,-0.7595776989295921,-1.685411683720486,0.08171779126756346,-0.5737127814690962,-0.972132629863095,1.487254965141063,0.5954383064766764,0.012804842605544792,-0.790386157798101,-0.6648813298155464,-1.0140677512169813,-0.7155722712864762,0.002351157259115363,-0.008482709938082702,-1.3336639938350878,-0.4540570296619595,-0.48731077970765985,-0.7036964187794109,0
-1.5371116474179702,0.5679242641194551,-0.4445202009343899,1.478524768348486,1,0,0,1,0,0,-0.6848257977108253,0.12320176426497223,-0.5408308881156891,-0.18203834599424437,0.47185516586120685,0.23543385846931736,-1.7985890027852576,-0.23470749415364625,0.47776430527405245,-2.078799288800543,-1.7563083366328633,-0.4496746751797011,0.6948075359865736,-0.29590167348172375,-0.05677566000754655,0.20761028975238446,-1.286158591729568,-0.6218072350385148,-0.5252107151899527,-0.09240503183226943,2.2053203252438576,0.2652667917108196,-0.4444914911674692,1.532990882996657,1.6762131144610803,0.09240503183226943,0.525210715189952,-0.3696425082138195,-0.18442671521636386,-0.4004555067940112,-0.23777976860790415,-0.71610842633123994,-0.11949971898598452,-0.22015379130249568,0.012804842605544792,-0.29429738304996345,1.611110031562582,-0.05296407947454983,-0.8220097960730116,-0.9009657479395505,-0.31873980887152153,0.2524949820049213,-0.6186874509066087,-0.7285439282016336,0.05922268551522836,0
0.4932090788038099,0.28447883843337485,-1.6032360836506476,-0.13478617003801185,1,0,0,1,0,0,-0.5333985536612357,-0.1605566099735045,-0.5920036137852022,-0.10102739450686397,-0.09920064193564308,-0.04540315405521256,-0.32208205428403947,-0.7194881651348669,-1.9136199239473017,-0.5826043947302877,-0.9374708669442853,0.057004450452573636,1.6361741026639964,-0.6422987890821336,-0.9184234384476964,-1.4299139478374403,-0.30484445022351975,-0.44075219047621017,0.7976720237538321,-0.7133741297612556,-0.1939144452466084,0.06746364729816771,1.1790569254816972,0.48478241223420265,0.7884493120208542,0.7133741297612556,-0.7976720237538328,-0.7317251853070371,-1.009968447893631,-0.7279694450999874,-1.2843403086754637,-1.3134982345722352,0.4475901695294441,0.9216751455883455,0.5664865349208381,-0.9764194483286528,-0.24854144663662048,-0.02767187758659086,-0.2594114507727547,0.36540675552078095,0.549980068142106,-0.857816301083085,-0.7010026615289333,-1.0440026608476,-0.20882997275045564,1
-0.020796168340944693,-1.0039094601397194,0.27967722576327125,-1.8947617391869185,1,0,0,1,0,0,-0.2684008765744537,-0.3204614315218264,-0.4128990739419065,-0.2659425457490312,-0.17673452384362007,-0.04093122710418501,0.21368827740266225,1.8650435680283892,-1.3446823262284802,0.8424705600224981,-0.2736479038496858,0.6187093193820128,1.1559713682035861,-0.16777398294263843,2.5421779684960426,-2.0461288484283586,0.44410025989101537,-0.38396741959471237,-0.3305796915292576,1.171710631808875,-0.46477653841357425,-0.013132745830725613,-0.2179363776776876,-0.697761159277604,-0.019113774865312558,-1.171710631808875,0.3305796915292576,-0.48105256270404034,1.4666567501381707,-1.3829973217119373,-2.0337293373658145,-1.808478361400488,0.006520256239666901,0.10608304780917345,0.2896456887631914,-1.1624527388592034,-0.5816133531797613,-0.2553016945782196,-0.7338187041070253,-0.723760039264214,-0.9223308922511192,0.09387908442092041,-1.1125787146405561,-0.7656567202776299,-0.5799798072721716,0
-0.9974061379159777,0.49062096620506923,-1.8929150543297122,-1.6014324776621007,1,0,0,1,0,0,-0.3945902466157784,-0.2698733607047209,-0.5536240695330674,-0.15715641089454896,-0.25966415036706153,-0.08609768930956323,0.023625465154040036,0.6095322061789118,1.0816793832868645,-0.35466416743609,0.3535088382712858,-1.747017395397428,-1.4008728549077205,-0.4322756678924373,-0.16827488567445292,-0.13458819381202067,-0.7897215858235337,-0.02517998750674299,-1.6831717333635567,-0.7133741297612556,-0.46477653841357425,-1.0051761683379241,-1.613940108572136,-0.30394599694621927,-0.4841621601025536,0.7133741297612556,1.683171733363556,-0.6203151308168162,-0.4846237089171882,-1.06458099280335,-0.9613277963089331,-1.176951992688579,-0.18250970659880966,-1.4435419379712537,-0.983822203561983,-0.9144083514851348,-0.5816133531797613,-1.0899443568808573,-0.7338187041070253,-1.3720736075886157,-1.3792549834076382,0.5380035976561225,0.9453015509175579,0.6260729825722207,-0.9511296417938885,1
-0.020796168340944693,-0.5916252045963298,0.5693561964423357,0.3052077222492148,1,0,0,1,0,0,-0.7479204827314877,0.6709484620777695,-0.822280879298011,1.029654028395574,-0.5690568034191699,-0.27973212628905597,0.9365056374541435,1.095254073173838,-1.910396955019332,0.9742858016056708,0.37646643185414125,1.17579027564668,-0.04820536451503416,0.918981024068027,0.7579025247938174,-1.2542330529471917,0.8601182735303502,0.5295427397520022,1.7556215933338144,-0.13756642077256032,-0.383998874729229,-0.744020476207212,1.3511933757508487,-0.46331870567577627,0.027570619019505905,0.13756642077256032,-1.755621593333815,0.4102278732177254,0.19081952690966666,-1.2101427431615621,-1.5685913195580112,-1.2281568333949502,0.038025250046078915,-0.05703537174666111,-0.762349526635866,-1.534519319920306,-0.44283339212011924,-0.7864379342253526,-0.378013264106322,0.3394742127878045,0.12690220596014448,-1.0481553781838862,-0.12479618717266176,-0.2089648391376897,-0.5181215015185524,0
-0.9974061379159777,-1.235819353882877,-1.8929150543297122,-1.6014324776621007,1,0,0,1,0,0,-0.36935237260751347,-0.27743249772336886,-0.5280377066983108,-0.19303268941038887,-0.24355422794317863,-0.06418524724952825,0.8076700168427666,-0.4994333480236454,0.08800533286719954,0.6395481730633162,0.8952093629193786,-0.47183938783427165,-1.226574925572143,-0.16503839641885543,-0.23495797703745186,-0.31195827881384974,-0.6597977832188365,-0.2374741462633541,-0.8569681418843186,0.20639792024048925,-1.2879892404016386,0.4501122003620634,-0.433794223291764,-1.518232509089048,-1.395663298771543,-0.20639792024048853,0.8569681418843179,-0.48105256270404034,-0.6347222057676005,-1.3920949311093263,-1.3101813096647865,-1.4500444764558913,-0.5605696322757617,-1.0357458890816678,-0.8177176958673952,-1.4725082230767892,-1.1367331974183288,0.7310941790521709,0.8171280856396278,0.4432043837197094,-0.2284831982727022,0.6966194952401235,1.439192814651505,1.739456744852101,0.34789477903211874,1
-0.9717058755587404,0.0783367106616796,0.27967722576327125,-1.6014324776621007,1,0,0,0,1,0,0.3246891626197725,-0.5565390953349852,-0.3361399854376369,-0.2960323277300582,-0.5433304434038175,-0.19923744117056014,0.19734958871327576,-0.7507693021471684,0.011177195248942735,-0.12072437508912558,-0.5122558832399878,1.4909630556667048,1.9794215144828133,-0.4505238688344505,-1.2911599090656976,-0.27922922224767316,-0.5004842219269497,-0.8265975513591153,1.0318374740956051,1.0101319379600069,-0.7245775485060174,-0.26300122425631617,-0.2958780399389364,-0.33318074496622524,-0.1410538883051748,-1.0101319379600069,-1.0318374740956058,-0.2423167316535674,-1.0421324115044335,0.9654855612995614,0.6537347655237203,0.4055214177130772,0.4745944499349406,2.576161972511809,2.0693368426337764,-0.037394267555393414,-0.9701972441467586,-0.7864379342253526,-1.8194814569296822,-1.657331577651353,-1.650024815204093,-1.016432198667086,-1.3595243465075295,-1.1553410370755877,-1.5078543935764617,0
-0.5605016778429365,0.6194597960623787,-0.8790386569529866,-0.13478617003801185,1,0,0,1,0,0,-0.19268725454965888,-0.35534975622327847,-0.5920036137852022,-0.10044874485338269,-0.5953914013716011,-0.19565989960973812,-0.5798892210750158,-0.12415154189032115,-0.0898104808844821,-0.8529114163521642,-0.542680713429575,0.6170182208882478,0.9247634895389752,-0.5340951733531528,-0.35333907151833827,-1.2943580796372807,-0.9333111827749518,-0.8932629929013401,0.2905222516232541,0.5534028300138731,0.27268847381060374,-0.18356543771229636,-1.1779311065801237,0.22677290572253767,-0.16658594726393403,-0.5534028300138731,-0.29052225162325485,-0.5089050763265954,-0.3345252120667762,-0.009258302706318612,-0.6770767854263857,-0.972132629863095,0.9201650766256344,0.9216751455883455,0.8433273810784847,-0.35630847989348147,0.029018475482663446,-0.4070549059059717,-0.7611883533378483,-1.1905458084577836,-1.0407926936620688,0.12560226393772106,-0.7010026615289333,-0.5429799678216537,-0.8274130302866491,0
-2.0254166322054865,0.0010334127472937634,-1.6032360836506476,-0.4281154315628296,1,0,0,1,0,0,3.1008553035289164,-0.7612172669168373,-0.4128990739419065,-0.26362794713510607,-1.4513833744078832,-0.381692060772484,-0.9167949052374578,-0.6749498191894596,0.06938863663262643,-0.2008279561375378,-1.2947151797846688,-1.9654547411831316,0.4811107634978343,-1.7687547192022974,-0.7764598413637281,0.30876919444941014,-1.1086687296136917,-2.3454739596447185,-4.34042112217516,1.6241309745857062,-0.49249324183062637,0.14854938485732253,0.2154266720241752,-0.828031321803154,-0.6067056684837796,-1.6241309745857062,4.340421122175159,-1.7344156757190237,-1.3101654415944555,-2.5565889339750165,-2.0595703383551376,-2.2522536475223704,-2.9234441677567133,-2.259134035750426,-0.8177176958673952,-2.0306080946684437,-0.6371253376036178,-0.17942508891434333,-0.9071598159022387,-0.671894953798262,-0.9223308922511192,-0.794369942049485,-1.277209135885205,-0.7656567202776299,-0.8274130302866491,0
-1.1516077120594044,-0.2824120129387873,-1.6032360836506476,0.5985369837740325,1,0,0,1,0,0,-0.05387894750420167,-0.4425705679769086,-0.3617263482723934,-0.29024583119524533,-0.31645932121373416,-0.11605959988144779,-0.2827290710272717,1.8823831051672664,-1.1812039340418,-1.2455472557103708,-1.6724112675383553,-1.007594462467356,1.3122803948225747,-1.3838899144362622,1.1613432588324442,0.19485547133406514,-2.386921406319774,-2.057535578307672,-0.805928537777492,-0.5749285603869245,-0.9896248409751237,-1.4202217042018899,1.8105563053018887,-0.6841764209707055,0.1654335303434643,0.5749285603869245,0.8059285377774913,-1.3723329986258064,0.641115017460903,-0.9190192424451392,-0.6899972859210471,-1.5012493171622625,-0.9701345517591269,0.5954383064766764,1.1755363964676604,-1.1624527388592034,-1.1089772052064004,-1.5452039908641146,-1.4363063676981567,-0.46443461193445323,-0.685407289429221,-1.7460653275534903,-0.20711139779498602,-0.48731077970765985,-1.5078543935764617,0
-1.8455147957048228,1.109047349520155,0.27967722576327125,-1.6014324776621007,1,0,0,1,0,0,1.6370586110495498,-0.7065588915512291,-0.4896581624461761,-0.22312247139141586,-1.2691483636890768,-0.3709594360900179,1.741821584980369,1.947099505141268,0.3793601850489279,1.1799026783747681,0.46663309247684037,-1.4716510245374845,-0.6708799257190556,1.4846628967643805,1.6082095703276569,-0.08800894224449056,1.0959126273635693,0.6056482877667535,-1.4375436385994584,-0.5814181964513455,-0.9385876413562017,-1.061386133098468,-0.6070385810089909,-0.5072841959390124,-0.015348200895783934,0.5814181964513455,1.4375436385994576,0.7723105503109431,0.7536888900987124,-1.3966437358080201,-1.2197378062021575,-0.801449827508525,-1.1119070238879838,-1.4435419379712537,-1.0945585420250417,-0.9454138999068937,-0.9979532363586869,-1.1658209625447336,-0.8797901666714156,-1.0219842806934394,-1.1254082660984612,0.15732544345452057,-0.04248097655033679,-0.32030321536567735,-0.9511296417938885,0
-0.48340089077122306,-1.4677292476260335,-1.6032360836506476,-0.4281154315628296,0,1,0,1,0,0,-0.596493238681898,-0.06112488457436613,-0.041896812837936774,-0.44300933971430556,0.7881408364247878,0.29535767961308645,0.5499780558112642,-0.5850495304701943,0.673090180356523,-0.07362419115486557,1.248088382827294,0.8561517772662786,-0.6863647669607384,0.22449842674338338,0.6257280896108904,-0.3371661628806213,-0.4875611338118094,0.4436886946476089,0.10398440440281079,1.0645584453617305,-0.5404416917381512,1.4298395050888353,-1.2589563027161192,-0.3839957418520744,-1.1894003706821044,-1.0645584453617305,-0.1039844044028115,-0.06326485836571254,0.19081952690966666,-0.9554096800346926,-0.9613277963089331,-1.0745423112758372,0.25856020669096863,-0.5463906304141645,-0.6516131881728072,-0.9764194483286528,-0.8098292891445057,0.49503362809788926,-1.6481677265589734,-1.9022500367961266,-1.8888287640801336,-0.9988082100466414,-0.7558794686104828,-0.35741600744167373,-1.8308922125120284,1
-1.1773079744166424,-0.02473435322416849,-0.8790386569529866,0.5985369837740325,0,1,0,1,0,0,-0.6091121756860305,-0.057636052104220924,-0.7966945164632545,0.7027169741786459,-0.8545094670432389,-0.5874007005197512,-0.8139640198786968,-1.426840372293513,2.548548245058016,-2.231153516406936,-1.6489800867570605,-1.7956455347009326,0.8014355199092073,-0.21884668190921608,-0.6344962442797593,2.1489139524665264,-2.298067256841423,-2.0950927584820667,-0.7768887630270574,-1.6785375276851617,0.9131677577506174,1.3227587806637364,-1.3244995461085862,0.735420304843127,0.0983045712347764,1.6785375276851617,0.7768887630270568,-0.6899464148732042,-1.1225423205314402,-2.147196511092547,-1.0259302987822392,-1.7402052404586603,-2.9234441677567133,-0.22015379130249568,0.15122526568436812,-2.1856358367772364,0.6396503041450882,0.9587239960437993,-0.5513543759015367,-1.0997819088923677,-0.7869459763528921,0.3476645205553221,0.7806711296729086,0.013711913318286572,-1.0748462533011267,0
-0.6633027272718879,0.38754990231922204,-0.4445202009343899,0.3052077222492148,1,0,0,1,0,0,0.07231042253712305,-0.49722894334251677,0.40586453677030254,-0.5778347089754458,0.19833084053262517,0.06415905624496233,-0.368008200989081,1.7162002791293207,-2.2457101617266977,1.1652459988575008,0.8015273337232383,-0.6950713666479996,-0.8723902481275817,-0.006370713138862293,0.8748009457708555,-3.68638674064859,1.7740114447510578,0.9957373802721903,-0.5252107151899527,-0.42709685071602743,0.5053588202836771,-1.479182359083478,-0.6345021377536956,0.18490721221309706,-0.06988104213429698,0.42709685071602743,0.525210715189952,0.49378541408539117,1.6918044954137887,2.0377038117060278,-0.7029177864157086,-0.03337721691295973,5.740429129006776,-0.22015379130249568,0.012804842605544792,2.00011320016017,0.3967853722907147,-1.412419930952331,-0.2023913482085395,-0.4903671546674297,-0.38925278590184803,0.2128410076089211,0.41025268187244807,0.22247136874576415,-0.30161743138088487,1
-0.7918040390580765,-1.0554449920826439,-1.168717627632051,0.3052077222492148,1,0,0,1,0,0,1.8894373511321991,-0.7234215818235976,-0.3745195296897717,-0.2821447360465073,-1.1551830898805373,-0.33831436934751685,-0.36977671425640996,-0.42506172643404594,-0.6657655656966923,-0.4654409565746689,-0.6243286036270909,1.5776922498470036,1.6264068784936943,-0.5568966834338144,-0.016537056973071645,-1.7684810505951256,0.11620636279037748,-0.6054298137496551,2.0749381165271403,0.09388569754642515,-0.04226108183678846,0.5668440985816149,-0.8670290725999001,0.7440089447199864,0.2205733860361018,-0.09388569754642515,-2.0749381165271408,-0.4114212786476524,0.19081952690966666,0.6503183786043264,-0.44450777652248397,-0.3747428216220998,1.487254965141063,2.8383165753693995,1.6738499195514247,-0.32530293147172246,0.029018475482663446,0.6552175733882943,0.32447439948480933,-0.1921429132382052,0.10997909147286698,0.728342674756924,-0.12479618717266176,-0.09762646290970158,0.2860364732784985,0
-0.5605016778429365,0.20717554051898904,-0.8790386569529866,-0.4281154315628296,1,0,0,1,0,0,0.009215737516460692,-0.46059620240599214,0.7384872536221374,-0.6304918274422431,0.3992155604577123,0.13302673129078654,-0.49069412094064835,-0.03865611368369715,-1.0492570897239553,-0.05785296611422712,-0.3894229872810268,-0.8556210895030062,0.33508181242315577,-1.0856949924905515,0.13442246610637176,-0.48813796725880243,-0.7255124897710443,-0.8313661809401067,-1.3500596596423822,0.1720076163181367,-0.4024915241553852,0.1877182048217766,0.9438380107242313,-0.6412501407492922,-0.3053983075588234,-0.1720076163181367,1.3500596596423813,-1.1495128896453646,-0.25947596364157,-1.110069039790291,-1.1551353037288514,-1.3305665148076924,-0.655084613695,-0.46483142063624716,0.17890935030013266,-0.728375060954584,-0.43974939298546056,0.07349692996524401,-0.27968526501780955,0.2299812545819059,-0.04608963102092359,-0.8225683238421961,-0.11565005265907018,-0.048142740141706566,-0.3875317449275787,1
-0.27779879191332196,-0.3854830768246345,-1.6032360836506476,-0.4281154315628296,1,0,0,0,1,0,0.36254597363216995,-0.5687500089804935,-0.6943490651242283,0.11828082416254442,-1.320565539919605,-0.5288184574612904,-0.9512464481844333,-2.02043533743504,0.12752684369796444,-2.0599615736223718,-2.139446751285377,-1.1223658752423953,2.4260967627565817,-1.70056464039896,-0.22057828651686232,-2.0930261724404042,-2.935245039284851,-3.923177191067205,-0.24687185720061178,-1.2859286878517078,-0.3764528094382104,2.552140422679042,-2.2776229201376967,-0.12766354740164923,-1.0488333844558961,1.2859286878517078,0.24687185720061106,-1.5951531076062477,-0.18442671521636386,0.08171779126756346,-1.0259302987822392,-1.9535587434018729,-0.009232240663539667,3.653908673148572,4.303837958049067,-1.2554693841244795,-0.16527347000083534,3.007392348968456,0.9722227646142934,-0.5033334260339178,-0.5161761445564365,1.9338234963953311,3.414757869587294,2.68583294279,0.038603250264021984,0
-0.7918040390580765,-0.1535731830814779,-0.8790386569529866,-0.13478617003801185,1,0,0,1,0,0,-0.2810198135785862,-0.3152281828166086,-0.7199354279589849,0.20218502391733126,-0.923865887798175,-0.3986853831863887,-0.9919908697161244,-0.4280612796572515,0.4025364357658682,-2.3972159159453845,-1.9898181670421078,-2.0731857876733644,1.7349078525786878,-0.9874997465328492,0.11610401084784254,-0.018473864681945586,-1.4208123058602469,-1.1554803963007727,-0.37315522795503414,-2.457487335248751,0.39268934069445455,0.7038379894663329,-0.5688452451350016,1.8296308857982542,1.4587593594422668,2.457487335248751,0.3731552279550334,-0.9266927806649233,0.11577027848446049,0.03622974428062242,0.020630241285320403,-0.5454256239766699,-0.024984737566746233,0.5138790966987595,0.7879592118469556,-0.6663639641110671,0.1400424443303771,0.35171115073279,-0.7246954876967501,-0.8793552956620708,-0.194636969298146,0.062155904904119784,-0.4540570296619595,-1.32234860141757,-0.7036964187794109,0
-1.6656129592041589,-0.6173929705677911,-0.4445202009343899,-1.8947617391869185,1,0,0,1,0,0,0.7789708947685415,-0.6402710746184702,0.6105554394483548,-0.6108177392238793,-0.08180023261061364,-0.020360363129458298,0.7078955167758798,3.6016613892299825,1.5540127218451216,0.5526195403119153,0.8656187253212648,1.0828376590587803,-1.1132839420086267,0.20262812080878598,5.589570675064577,1.0255296994448415,-0.32115392835607404,-0.10329623687356335,1.2994551316290601,0.1880776393671132,-0.7818823173465733,0.6561159101558298,-1.0938290042617491,-1.0650040847990094,-1.2261954077558208,-0.1880776393671132,-1.2994551316290608,0.35452284597261524,5.819513158800124,0.6275743551108558,1.1059522828368633,0.9053781960371756,-0.40304466324369825,0.5954383064766764,0.012804842605544792,0.139780294854656,-0.8036612908751883,0.4275877563966659,-0.44187577897824326,-0.9052878383950472,-1.2100238385348534,0.15732544345452057,0.8629863402952329,1.0714264874841732,-0.5181215015185524,1
-1.3315095485600683,-0.8235350983394863,-0.15484123025532542,-0.13478617003801185,1,0,0,1,0,0,1.0692064458635884,-0.6681817343796319,0.23955317834438508,-0.5240202912016859,-0.3818656090062607,-0.10890451675980371,0.2509823414378487,1.6188478693100308,-1.4499857285083082,-0.24237463332541476,-0.47315911105588815,-0.20615649207736028,0.4664250978525579,-0.7552758692814779,1.4209523479826516,-1.9071184418105556,0.04304724058781459,-0.1143895444164723,-0.16027754582615011,-0.12221154853286169,-1.103659804798875,-0.7984406360064673,0.0657089534620808,0.37011739980377506,0.5034508917922318,0.12221154853286169,0.16027754582614942,-0.7131568428920001,1.3165582532877582,0.005904379622662163,-0.9828619638000348,-0.9152383624115719,1.5922716111624382,-0.22015379130249568,-0.17175572149955282,-0.3769788455079871,-1.1644891896302574,-1.0140677512169813,-1.1626098753899237,-0.9571529238609991,-0.7700228618656133,-0.6992004034990842,-0.9479482933959068,-1.0996718489615938,-1.198562864808365,0
-0.9974061379159777,0.6194597960623787,-0.4445202009343899,1.0385308760612593,1,0,0,0,1,0,-0.38197130961164594,-0.2727807210965086,0.12441454558798068,-0.5014529547159157,0.4891792487721614,0.177746000801062,-1.4311147401265192,-2.0448255030180245,0.10881382570181031,-1.3540116680492134,-0.17029988792656955,0.6226218608675915,0.6117588421320187,0.24213059289705352,0.9387944434037528,-1.9829068823416562,0.3320425006371022,0.379262641242955,0.4292298816076853,0.4234769879856554,2.2319339188263476,3.7470508401785465,-2.1413823309617506,2.15843006974771,0.5916743465962108,-0.4234769879856554,-0.42922988160768605,0.0759977097470634,0.641115017460903,-0.50962681956267,-1.3877043126327533,-1.2110885531594928,1.4557499713346498,-0.05703537174666111,-0.26403600355210183,-0.728375060954584,1.4445740782910115,2.5521327149851984,-1.1808563082104715,-1.929623276347602,-1.2100238385348534,0.15732544345452057,-1.0302635040182315,-0.9883334727336057,-0.7036964187794109,1
0.18480593051695732,0.6194597960623787,-0.15484123025532542,1.0385308760612593,1,0,0,1,0,0,-0.4198281206240434,-0.2512662541972798,-0.579210432367824,-0.10912848965560201,-0.27820839517963436,-0.10890451675980371,-0.8295880074568978,-0.0520496136225738,-1.2515841877673817,-0.15262925549201917,-0.4225394122416189,0.2279473086860794,0.3786426527616895,-0.7865790487973642,0.7462751676624152,-1.1768736583476809,0.1043178692464566,-0.18724512680924424,-0.46991781074089073,0.7769517052683067,0.3676218011999257,0.8190418085889811,0.5283129836200176,0.30963209079330506,0.36651350816704975,-0.7769517052683067,0.46991781074089,-0.7874302125521474,0.5660657690356972,-0.2912841940253525,-0.8321227913623208,-0.7502449868021539,0.5736101447550955,-0.38327221085833024,-0.2086678343205727,-0.23228628620644656,0.0012624832707351544,0.27583454506891375,-1.1261170097488256,-0.723760039264214,-0.5669454880182719,-1.1116017372174867,-1.1948939252628807,-1.0440026608476,-1.0748462533011267,1
0.004904094016293398,0.6194597960623787,0.5693561964423357,-0.13478617003801185,1,0,0,1,0,0,-0.7605394197356201,0.6924629289769982,0.6233486208657331,-0.6108177392238793,1.938405532084567,1.0046052940460555,-0.758561748038113,-1.394143167501544,0.4917785065800857,-1.4017352207482081,-0.675980325047525,0.723111526594726,1.030985212903968,-0.5903443368616178,0.4681977423724626,0.008012032188648627,-0.9009526696489529,-0.7674901104568461,0.3637290563372595,0.625495827724652,0.46493347051036327,2.382535469981673,-0.664226373500316,1.0002846060082606,0.12950281631831562,-0.625495827724652,-0.36372905633726016,-0.7038726716844818,0.11577027848446049,-0.8189455390738695,-0.6899972859210471,-0.972132629863095,-0.655084613695,0.5954383064766764,0.4557501964577793,-1.0384305451721696,0.5471303301053266,2.476256109321323,0.4096244193140364,-0.014937204562868624,0.3863899614317484,0.30536694786625534,-0.3443034154988601,-0.07907006687170363,0.3685142142833251,1
-1.4343105979890196,-0.7462318004251005,0.5693561964423357,-1.6014324776621007,1,0,0,0,1,0,-0.1295925695289965,-0.4024489945702387,-0.2849672597681238,-0.3133918173344969,-0.15525808194476112,-0.06731559611524753,0.44314585339947593,-0.08434025403968572,-0.8147906948386794,-0.06642779439623624,-0.74344477984064,0.39240565171621555,1.3449385248597352,-0.16336924310408366,-0.45785098667039065,-0.3999448483854753,-1.2267446124619643,-1.7036172648075634,-1.0827475017179835,1.6090502964931452,-0.7794417193066457,-0.34290542199383284,0.7119401734010682,-1.1266792937615737,-0.6967360521710523,-1.609050296493146,1.0827475017179828,-0.27215871053487645,-0.5596729573423944,-0.48688279606919943,-0.6060140327057493,-1.0148033304517377,-0.7180946013078251,0.3915402820318834,1.1201682272361313,-0.6353584156893081,-0.859173275299045,-0.5588081172337243,-0.8250508682097696,-0.37367071236903754,-0.7700228618656133,-0.9847090191502859,-1.1125787146405561,-0.5429799678216537,-0.7036964187794109,0
-1.100207187344929,-1.158516055968491,-1.6032360836506476,-0.8681093238500562,1,0,0,1,0,0,-0.48292280564470574,-0.21928528988761545,1.1478690589782419,-0.6681040549185268,1.1235970267486513,0.3476792249401088,0.14092139276743598,-0.10795647479675424,0.5475238671961049,0.734986291060906,0.6467372164895295,1.8759109649977064,0.25121259168240107,-0.24337591982472037,-0.9002451729674323,-0.5004349971931359,-0.27269147904791396,0.5247495658783545,-0.10705812529392912,2.664697762972419,-0.43913297852804434,-0.7536722020684933,-1.2513723790271574,-1.2633152645805676,-0.3284742391509749,-2.664697762972419,0.10705812529392841,-0.5646101035717058,-1.1600669447440433,-1.501266243877985,-1.4781478160953823,-1.4841810369268051,-0.15100471279239655,-1.1173050988595852,-1.2052948804881005,-1.4725082230767892,-0.6093693453916895,-0.9381911455531051,-0.989268763594709,-1.3980061503215924,-1.7007941586659285,0.728342674756924,-1.853415610241477,-1.0996718489615938,-0.45626319576493324,1
-1.074506924987691,-1.9315490351123477,1.4383931084795292,-0.13478617003801185,1,0,0,1,0,0,0.2868323516073751,-0.5454911258461922,-0.34893316685501513,-0.29429637876961434,-0.5377616854340396,-0.19208235804891607,0.8166042779598719,-1.4705521336111682,0.9909786562858505,-1.1778300549353344,-0.3982504580160096,-0.951886144639922,0.5998448586766707,0.8894324650707117,-1.1289761891789758,0.5647550890906342,-1.3910934764264538,-0.483087946502303,-0.31054414497595056,-0.9902652685099177,-0.24679768761979998,0.8873953911067887,-0.7871766213613339,0.21178793833204462,0.046103745801109,0.9902652685099177,0.3105441449759499,1.050835686536495,-0.9349191994684248,0.6275743551108558,0.8475422729436388,0.17997628603025284,0.5421051509486824,0.5954383064766764,0.8433273810784847,0.6048635211810345,-0.24854144663662048,0.8069707847160468,-0.040454256926167845,-0.4385020692014777,-0.33002188519637315,0.5697267771729232,-0.04248097655033679,-0.48731077970765985,-0.45626319576493324,0
0.4932090788038099,-1.0812127580541053,0.27967722576327125,-1.8947617391869185,1,0,0,1,0,0,0.3751649106363024,-0.57572767392078394,1.4549054129953203,-0.6906713914042971,0.40614571929570636,0.0909906179511276,0.16232188525150545,-2.2250624955810157,-1.4923250557890948,0.16767773922583137,0.347423477907575,-0.285768205783895,-1.2868385577870434,-1.1024394445148895,0.6123645576950575,0.7131282521610822,-0.8622660030267817,-0.5531914872248535,-0.5252107151899527,0.13114384342216406,-1.3272570361065534,3.6674214752647765,2.7566834640444258,-1.081530016447473,-0.9917513539685618,-0.13114384342216406,0.525210715189952,-1.038102835155144,0.5660657690356972,0.005904379622662163,0.3737905881393941,-0.0049300831871984556,-0.5080613092650741,-0.22015379130249568,0.012804842605544792,-0.5836825016530435,-1.3032691506898992,2.8556391376407038,-0.7155722712864762,0.6765972683164937,0.1607484349347019,-2.761207072091096,1.439192814651505,1.6837875567381073,-0.45626319576493324,1
-1.5371116474179702,0.7225308599482267,-0.4445202009343899,-0.8681093238500562,1,0,0,0,1,0,-0.6848257977108253,0.12436470842168729,0.7001077093700027,-0.6270199295213553,1.515320055342949,0.5802194263935411,0.49922252640584264,-1.6474198085914658,0.5303264686609201,-0.2592158080590175,0.4421045974160304,-0.20989227928422366,-0.7818757754391618,-0.30120795500793635,-0.27708201162129653,-0.10668085455949744,-1.3090320086947222,-0.6104795186470531,-0.47521987007162214,0.1850492459657866,-0.9951445150099018,1.9835607115908978,-0.8321780192712457,-0.9478298984657118,-1.1707720589019515,-0.1850492459657866,0.4752198700716215,-0.3974950218363748,-0.40957446049198204,-0.50962681956267,-0.4832692780064673,-0.9379960693921812,0.06953024385249205,-0.05703537174666111,0.17890935030013266,-0.35630847989348147,-0.9146852597229018,1.9451198696741894,0.16937972051014377,-0.2958730841701091,-0.6346379459673855,0.37938770007212164,1.1099319721622063,1.3497724280541432,-0.08511336124321738,1
0.13340540580248203,-0.87507063028241,-0.4445202009343899,-0.4281154315628296,1,0,0,1,0,0,0.4634974696652297,-0.5920088921147949,-0.68155588370685,0.04421366851693947,-1.325005043008762,-0.48946550029224795,-0.30681555846371444,0.16779717743052586,0.8540031432516538,0.30501190812588513,0.5386904199773445,0.2753048241478729,-0.3667931827122728,-0.6876466013788655,0.33875151754723465,-0.48923603165274415,0.19347652048876485,-0.006351187285620285,-0.2645441656443792,0.6378546273322141,-0.2604538790424043,0.1090469418676373,-1.6590859361676429,-0.22020340434552108,-0.7065246270797434,-0.6378546273322141,0.2645441656443785,-0.48105256270404034,0.6911478497443743,1.0369667779933252,0.5891322630504142,0.6493539925053206,1.067188381055561,0.4595062901801475,0.6587668169733866,1.3800022317249987,-0.3318094232724056,-0.02767187758659086,-0.3688900476960481,-1.1257144516253432,-1.1254082660984612,0.6331731362065233,-0.04248097655033679,0.29205785388825667,-0.332546584257695,0
-0.6633027272718879,-0.46278637473902035,1.0038746524609323,-0.4281154315628296,1,0,0,1,0,0,-0.10435469552073157,-0.41465990821574694,1.7363554041776421,-0.7062949320482919,0.8133652694943978,0.22693719726236503,0.6165577292231248,3.0599050921445867,-1.1539051061848435,1.2063569796293196,0.5129389317956642,-0.11225549642349941,-1.1658820730909698,-0.6295741644192282,2.590644836282104,-1.6968394412516186,-0.47699334598238435,-1.296003818601266,-1.0726104692356557,0.910698895591472,-1.4864016182055997,-1.6045646417968185,-0.12773305968143223,-2.102688888569039,-1.9321412152021713,-0.910698895591472,1.072610469235655,-0.7038726716844818,1.9920014891146134,-0.6278957417287164,-1.3360223106541085,-1.4159079159849774,0.1010352376589052,-0.46483142063624716,0.012804842605544792,-0.9144083514851348,-1.488309098769422,-1.6969572021918669,-1.5366617482111748,-1.3547852457666318,-1.9264356851629745,-1.2807920279737544,0.34165667302051117,0.9415317152181866,-1.4872349583252553,1
-1.074506924987691,-0.12780541711001567,-1.168717627632051,-0.13478617003801185,1,0,0,1,0,0,0.48873534367349464,-0.5925903641931524,0.29072590401389814,-0.5408011311526433,-0.11277384770415039,-0.03780087823846573,-1.6853192239105947,-1.3323887700456396,1.3006571051944962,-1.609503882261125,-1.1658811887665932,-0.6561620691864447,0.9106017683127549,-1.4830989817566107,-0.7088227348996383,0.9290323988471011,-1.8195337385981945,-1.8276699048842608,-1.2817794809441767,0.37632648079799585,0.8615823783174236,1.1186623457501166,-0.8444538697734808,0.3701173998037728,-0.26866128948426227,-0.37632648079799585,1.281779480944176,-1.3166279713806959,-0.3720498362793791,1.2189189659410893,1.5904710513866593,0.606683291916678,-0.48180714775973,0.7993363309214695,1.812270342630248,1.069946747507413,0.8246902522246106,1.0851850054835932,0.09538029851569509,-0.3607044410025493,-0.19651731535228834,0.30536694786625534,-0.20711139779498602,-0.048142740141706566,0.024856960096552163,0
-2.2053184687061513,-0.35971531085317227,0.27967722576327125,-0.8681093238500562,1,0,0,1,0,0,3.4289476656363607,-0.7676134597787702,-0.5536240695330674,-0.1554204619341051,-1.7524378344889202,-0.4702362144028295,0.9337938581436902,0.4247524352403399,-1.5787466615436891,0.46278807767152946,-0.2867583503173339,-0.8498931372893188,0.3850102473821676,0.5434031724972164,-0.08060548844394654,-1.3532507001843184,0.47135700169619515,0.31841783633168447,-1.0117882743416888,-0.15567358143258175,-0.7555010435767312,-0.6637348561969021,0.7983131279712297,-0.15780730209673854,0.6836729418542626,0.15567358143258175,1.0117882743416882,-0.10968571440330459,-0.6847550380510711,-1.919756276157842,-2.1457070083195453,-1.9108880428132304,-0.4555529862543859,-1.3076099216747252,-1.0945585420250417,-1.5138489543058005,-0.7203933142394032,-0.6346847228976005,-0.04957747333644305,0.36540675552078095,0.27921023634565156,0.030432725387320277,-0.7833178721512579,-0.9326642846196119,0.038603250264021984,0
-0.5091011531284612,-0.3854830768246345,-0.4445202009343899,0.5985369837740325,1,0,0,1,0,0,1.296347311937973,-0.6867888408870729,0.8920054306306766,-0.6466940177397191,-0.14948406187221255,-0.028409831641307882,-0.773472092740349,0.5579991594573043,0.4368343184917219,-1.6764870165220425,-2.0300251319176668,0.42771104132291393,2.7549756538258703,-1.0547521402245856,1.4665649925629782,-1.6540518807688513,-1.9404868893806326,-2.9733529717910576,0.6912331826893887,-0.1022098070627286,0.021635862606812724,0.7033012568792618,-2.2593297714318976,0.3406722189467518,-0.2637683668238064,0.1022098070627286,-0.6912331826893894,-1.17736540326792,0.5660657690356972,-1.5558519002623137,-1.9949678358818312,-2.4229364498769406,-1.1906695084040155,2.2266225020350205,1.9506907657090713,-2.0306080946684437,0.05677446769459199,0.7310941790521709,0.1876261533306929,-1.0349505520599276,-0.8546384343020056,1.7434844192945298,0.36909507656128593,0.3477270420022505,0.038603250264021984,0
-0.5862019402001745,-0.6431607365392533,0.27967722576327125,-1.161438585374874,1,0,0,1,0,0,-0.7983962307480176,1.020994653249005,0.13720772700535894,-0.502031604369397,2.1334305513855543,1.173196940099794,0.7381193461875775,-0.2892153640252495,0.2466868953440481,0.5174377711692727,0.5235370130084785,0.8960704537305708,0.08298066499830596,-0.13778050810310244,-0.9672179002100567,1.1329768299415086,-0.21621372980637582,0.12372745007761722,0.4407888507730546,0.7849642097577141,-1.1640415789693537,-0.5719804960990807,0.8013032002270435,-0.9134188798996091,-0.5598279842347129,-0.7849642097577141,-0.4407888507730553,-0.17467491285593337,-0.9349191994684248,-0.16391766246191838,0.4340862571144791,0.32505666803163763,-0.844114576533476,0.10608304780917345,-0.09793149585751397,-0.35630847989348147,-1.192245181842186,-0.7864379342253526,-0.97102233077416,-0.46443461193445323,-0.7700228618656133,-1.175048096251087,-0.7010026615289333,-0.4316415915936655,-0.8274130302866491,1
-0.04649643069818187,-1.3646581837401863,-0.8790386569529866,-0.13478617003801185,1,0,0,1,0,0,-0.7353015457273552,0.4831329807682859,0.2267599969270068,-0.5240202912016859,1.5443469971607722,0.7765370195436504,-0.49935710635184105,-1.2038989389692256,-0.6510325363914131,0.8773975402905021,1.0717382784478542,0.4420708295956384,-0.24941431089731228,-0.26924686395470177,-1.156421233559056,-1.6378153093745804,0.7966925252370831,0.657627623712019,1.1569031123463245,-0.5444705351245722,0.4253399180574882,0.49391167011739723,-0.7558631486490168,-0.3953208016404201,-0.7512668736747126,0.5444705351245722,-1.1569031123463254,-0.5367575899491508,-1.3101654415944555,-1.2829236183406676,-1.7882398279672513,-1.467112756691348,0.41608517572303205,0.18764225758709038,-0.319404172783631,-1.2244638357027204,0.3620903820258042,0.4275877563966659,-0.07694712256726609,-0.4514683405679659,-0.5669454880182719,0.15732544345452057,0.5337254978059351,0.29205785388825667,-0.6418381130257917,1
-0.4063001036995106,0.8513696898055362,-0.4445202009343899,2.2118479221605303,0,1,0,1,0,0,0.6906383357396142,-0.6309675213647497,-0.4768649810287978,-0.22427977069837846,-0.9293288001252924,-0.3119300003364543,-1.0478984698038358,-2.5464263372825893,0.3939777626711715,-3.331615499791203,-1.6145805072548884,-1.2132706873649282,0.607499297245003,-0.751913510199314,0.005543023929320555,-0.7531383939139813,-2.3753009274406254,-1.0765929571424708,-0.31054414497595056,-1.3467626096488186,0.7058252110748192,3.5006029420237414,-1.2954122533983976,2.1454898628203347,1.0479502542363597,1.3467626096488186,0.3105441449759499,-0.6203151308168162,0.19081952690966666,0.5820863081239148,0.07231224326396513,-0.8867912286858101,1.8023049032051899,0.5954383064766764,0.8433273810784847,0.7598912632898273,0.5008703430854462,2.9315157433045793,-0.43275256256796935,-0.996051737960463,-0.21156008378542468,0.41111087958892223,0.03983423407198747,-0.5429799678216537,-0.3944048900113141,0
0.4932090788038099,-0.6431607365392533,-0.15484123025532542,0.5985369837740325,1,0,0,1,0,0,-0.06649788450833415,-0.4291967101746853,-0.15703544559434116,-0.3903522212475083,-0.07945844018198493,-0.028409831641307882,-0.27761833687950643,0.8779409098390962,1.1945823823254056,-1.3458628781711608,-1.13976250584192,-0.24339782594007975,1.3635745824179364,-0.6503828747645255,0.20166934254481603,0.311617037527292,-0.8094948669367779,-0.9270644550583004,-0.31054414497595056,-0.023971702672748577,-0.2638198498264734,-1.0029735309128434,-1.319889064903135,1.0154926673736002,0.5766490766535154,0.023971702672748577,0.3105441449759499,-0.6481676444393714,0.11577027848446049,-0.19121049065408274,-0.0052107597040024186,-0.32353798091572933,-0.6865896075014126,0.5954383064766764,0.8433273810784847,-0.10826409251941274,-0.4150773999081907,-1.0899443568808573,-0.7429419205172992,-1.2424108939237355,-0.8377153198147269,0.4428340591057229,-1.0302635040182315,-1.1553410370755877,-0.7036964187794109,0
0.10770514344524394,1.830544796721088,1.0038746524609323,-0.13478617003801185,0,1,0,1,0,0,-0.40720918361991093,-0.2617327516077154,-0.19541498984647596,-0.3527399937712245,0.26839092480453836,0.07131413936660641,0.8757480658361887,-1.0316654289579068,-0.023461413063658478,-0.0404476602671612,0.11402922881802642,-1.1743635961447116,-1.619459941782929,0.689301347543943,1.9124233639388595,-0.41798007765146145,0.956137623802641,0.8158673191299989,1.233103646290187,-2.824669062719801,-0.5290072189409668,3.331816921646055,-0.38795713057468606,1.0027318802509588,0.6482920592868692,2.824669062719801,-1.2331036462901876,0.18740776423728422,1.0163612595869336,-1.3375092747249961,-1.3101813096647865,-0.9379960693921812,-0.5605696322757617,-0.30171300108041293,-0.8177176958673952,-1.4104971262332722,-0.7481493064513315,2.096873081001942,-1.3541974200056863,-1.3115643412116724,-0.911048815926267,-0.7520723693604175,1.9879608854670021,0.5704037944582268,-1.899623663349385,1
0.18480593051695732,1.2121184134060021,-0.8790386569529866,0.3052077222492148,1,0,0,1,0,0,0.059691485532990585,-0.48792539008879626,-0.7327286093763631,0.27220163198856717,-1.301585599147691,-0.5856119297393402,-1.214435114322027,-1.7841607970773246,1.580622579911512,-1.7769356966590493,-0.9634537482303319,-1.7158304705123886,0.17267606938931104,-0.565521865427191,-0.6298137868047257,0.28998282332094183,-0.5609358873101524,-0.8202883219777756,-0.7279513648365089,-1.6182148153149178,1.1236388044993304,1.8178830605618546,-1.8693592463082325,1.8443110640418243,0.45168516853208046,1.6182148153149178,0.7279513648365081,-0.7874302125521474,-0.9349191994684248,-1.4011925405067138,-1.0646918002662225,-1.1940202729240363,-1.5057194464681423,-0.6279498401920818,-0.3747723420151606,-1.5965304167638241,1.5278420549267964,2.400379503657447,1.2732889061533492,-0.0495139282068366,0.6853649840403343,2.028993034945732,1.6038232358961542,0.793080546914203,0.9664778365683122,0
0.05630461873076867,-0.6946962684821769,0.27967722576327125,1.478524768348486,1,0,0,1,0,0,0.04707254852885811,-0.4698997556597127,-0.6687627022894718,0.005444141733693132,-1.0253397591341906,-0.3655931237487849,-2.274602912267969,-1.0991570616739017,-1.0066171359300748,-1.5570270200419687,-1.781431598206727,-2.1681032600876677,0.961159902278506,-0.38576324652851934,0.23741182287393198,-2.099280395457259,-0.7871390178576225,-1.1670976230336587,-1.7736662945924346,-1.1979336225714128,2.7774406288611737,1.7464615143490676,-0.7334949969149132,1.3229294771283675,1.1765046532280454,1.1979336225714128,1.7736662945924346,-0.06326485836571254,0.7536888900987124,1.514591271356206,-0.024591510445994075,-0.33207212103345735,2.589929748365507,0.18764225758709038,1.397009073393778,1.6900577159425842,3.165445595430572,2.1727496866658176,0.9995924138451164,0.4172718409867329,0.9561348158367899,1.7117612397777302,0.03983423407198747,-0.48731077970765985,0.7809029193074537,0
-0.27779879191332196,-1.3131226517972627,-0.8790386569529866,1.0385308760612593,1,0,0,1,0,0,0.31207022561564,-0.55305026286484,0.25234635976176334,-0.5303854373899801,-0.040890448193640676,-0.015441243483327998,-0.09535529588719613,0.9939175524504691,-1.4580979228999154,0.25778980421412184,0.006753670820859717,0.08883735588607834,0.7135589276397039,0.7508036497366122,0.9554960430606908,-2.978956106541177,1.435403108001161,0.06357839738792509,-0.8963291925090734,1.0101319379600069,0.8827880205036831,-0.40698807232921397,-1.0002948904684144,1.0750637565266252,0.05329182768369052,-1.0101319379600069,0.8963291925090727,0.15955525061472892,0.19081952690966666,-1.5558519002623137,-2.537628856657603,-2.064502564932343,0.4475901695294441,-0.8726274695258333,-0.5962450189412776,-1.2244638357027204,0.5841383197212315,-0.5588081172337243,-0.6334633235940058,-1.0090180093269512,-0.5838686025055501,-0.2550758902638815,-1.3595243465075295,-1.1553410370755877,-0.5799798072721716,1
-0.6890029896291251,0.28447883843337485,-1.8929150543297122,-0.13478617003801185,1,0,0,1,0,0,0.6023057767106869,-0.6129418869356661,-0.6047967952025805,-0.0894544014372382,-1.1570091025838745,-0.40226292474721076,-0.5014310589065877,0.13072445426157553,-2.192828841843698,-0.09554230588393188,-1.2195802309835349,0.4644059095903421,1.8611099281728656,-0.7870165390171041,0.34822587953444295,-2.0901197982149244,0.5831899917694294,-0.7023841477797012,0.7902460580981725,-0.15036214763897582,-0.08912555905789708,0.16942162572271238,0.8973016601803075,0.7073527042248264,0.8997726180718455,0.15036214763897582,-0.7902460580981732,-0.7038726716844818,0.41596727218528484,0.2636699792153276,-0.8967252938356269,-0.6478353053894121,1.0776900456576979,1.247911984700014,0.8986955503100138,-0.35630847989348147,-0.16527347000083534,0.04820472807728505,-0.3050275328241268,0.1838789563899486,0.46536449570571364,-0.6992004034990842,-1.1948939252628807,-1.378017789531564,-0.1469716669968365,1
-1.6399126968469209,0.23294330649045036,-0.15484123025532542,-0.13478617003801185,1,0,0,1,0,0,1.1701579418966481,-0.6774852876333524,-0.10586271992482811,-0.41234090807979723,-0.6638940680240326,-0.20236779003627944,0.12887524994598154,-1.2876479850785267,0.3542742444390556,-1.2263032514522128,0.2824188922997163,-0.6500929973222733,-0.47290803100705536,0.15647486887438453,0.141874275453049,-1.1985371898128399,-0.9842673530414039,-1.0230606075840623,-1.1128149709452269,0.21702702713573208,-0.022856326929169276,1.9094638044001673,-1.688719049681586,0.6806739195366245,-1.3659779524432007,-0.21702702713573208,1.1128149709452262,-0.17158018912009393,-0.26781476902214846,-1.151513704822838,-1.4996819835864839,-1.721240484641486,-0.17550859686405132,-0.6732605122909244,-0.23327590953458566,-1.1004416420156866,-0.03442379243031576,1.7716876281567582,-0.011781291065306424,-0.8793552956620708,-0.5887037780733438,-0.26867153862822435,0.6160407084282594,0.808986029232487,-0.27952517932602033,1
-0.27779879191332196,0.9802085196628456,-0.4445202009343899,1.478524768348486,1,0,0,1,0,0,0.097548296545388,-0.49781041542087434,0.21396681550962854,-0.5159191960529479,0.07213777612221915,0.015862245173864826,-0.8775592334623834,0.48685666384843373,0.8820867552685044,-1.3096704130097834,-0.9510067006901497,-0.5206838766689937,0.647496206963343,-0.8415305152906029,-0.27093547271740615,1.349370308622356,-1.34318379990442,-0.9570560538528751,-0.05671543019588151,-0.653901033058197,0.3794201008630073,-0.9396432590184802,0.15014488285572483,0.4374021715862395,0.3019763266266755,0.653901033058197,0.056715430195880795,-0.8709877534198129,-0.40957446049198204,-0.5278220383574467,0.2015172482105774,-0.3576745413866426,-1.348194477436079,0.18764225758709038,0.2342775195316623,-0.9764194483286528,0.4731143508735179,-0.7864379342253526,0.44307621281837667,0.45617065508619664,0.6176725260912207,0.12560226393772106,0.36909507656128593,0.06938110143228039,0.22417816752487937,0
0.7502117023761872,-0.6689285025107157,0.5693561964423357,0.5985369837740325,0,1,0,1,0,0,0.45087853266109723,-0.5891015317230072,-0.8350740607153893,1.1991983768655914,-2.5995309774756743,-1.3798261562418324,1.708183340462686,1.438125813401045,1.1103374861737298,1.2482027337299795,1.3887917478620277,0.9872681596177687,-0.49446334157272226,2.97994544477023,1.5376702377111227,-0.2756577328380158,2.7384902593084197,2.3046492529047597,1.7556215933338128,-0.39468810214486993,0.602255860081903,-0.4334685229868433,-1.7948779772972556,1.0291986979868106,0.4445441422453675,0.39468810214486993,-1.7556215933338135,2.7816704616524244,1.4237714653237672,0.003738282147092742,-0.13995312200546972,0.9419530822560122,0.4745944499349406,-0.6862064186048799,-1.3318506958744534,0.7598912632898273,0.6396503041450882,-0.3311783002420958,0.2788583174334372,-0.723760039264214,-0.3130987707090945,1.648314880744129,-0.7010026615289333,-0.9326642846196119,-0.08511336124321738,1
-0.9974061379159777,0.9802085196628456,-1.8929150543297122,-0.8681093238500562,1,0,0,1,0,0,-0.36935237260751347,-0.27743249772336886,-0.8478672421327675,1.3617989294938335,-2.3882847556968674,-1.26579201899063,0.39677491451232916,-0.9183505521761784,-0.4054268725628308,-0.2466296179218187,-0.31379169280716657,-1.2074168848865074,-0.30777357180591897,0.1182873190693187,-0.2456302361719579,-0.36520618672484023,-0.33661070181454006,-0.11144675940508515,-0.5609884768922861,-1.0903910820752818,-0.43353388172463553,1.01439797500715,0.18723511936593684,-5.967072550768453e-4,0.2991384996928082,1.0903910820752818,0.5609884768922854,-0.2582324537235989,-0.6347222057676005,-1.364802102917162,-1.3101813096647865,-1.347634795043149,-0.5920746260821743,-1.1173050988595852,-1.0391903727935126,-1.534519319920306,-0.6648813298155464,0.35171115073279,-1.2994581215440402,-1.0219842806934394,-0.9561771212256767,-0.826093121566285,-0.28942660841731066,-0.7656567202776299,-1.6315710050837011,1
0.6217103905899984,0.0783367106616796,-0.15484123025532542,-1.6014324776621007,1,0,0,0,1,0,-0.571255364673633,-0.10357234629446613,-0.3361399854376369,-0.2960323277300582,0.42912011159186164,0.1491256683144857,0.6297206516697411,0.13534305321449683,-0.6937645148477553,0.8794792598392637,0.23555485963622327,0.3245746710697377,0.07458718670484386,0.4240726877449533,-0.25542721987612726,-1.212084206510082,0.4660631920089832,-0.20831515816404178,-0.43967950362031105,0.87874991804355,-0.4519134623483961,-0.44164396963058855,-0.2696284015416665,-0.7259794575989164,-0.5096120607452052,-0.87874991804355,0.4396795036203104,0.2152602778598393,-0.40957446049198204,-0.5733100853443877,-1.0646918002662225,-0.8526546682148961,0.1325402314653172,-0.46483142063624716,-0.319404172783631,-0.5423417704240322,-0.6371253376036178,-0.7105613285614767,-1.0805009276974533,-1.0349505520599276,-1.2100238385348534,-0.5405845059150832,-0.7833178721512579,-0.48731077970765985,-0.7036964187794109,0
0.10770514344524394,-0.6431607365392533,0.27967722576327125,0.3052077222492148,0,1,0,1,0,0,-0.23054406556205628,-0.3443017867344853,-0.6559695208720935,-0.006707500989413929,-0.7344913508946546,-0.259608455009432,0.4472065130071405,0.37152337153378584,-0.5907171163995438,0.4807815214516445,0.8586099733602003,-0.7530080763342799,-0.968949648152509,0.9708235864280352,0.3744829760526468,-0.6780106465342184,0.8350168667754293,0.9234998875721643,-0.5666803935267488,-0.4649864905896614,0.34818394614350573,-0.13477866233266558,0.1261947745893142,0.1784836133162616,-0.21461712107417294,0.4649864905896614,0.566680393526748,0.29881781872750485,-0.25947596364157,-1.6195351660440314,-1.6461143225259778,-1.3134982345722352,-0.43454965705011084,-1.4435419379712537,-1.4267675574142176,-1.1624527388592034,0.19555442875423396,-0.2553016945782196,-0.40538291333714505,-0.2829068128036209,-0.194636969298146,-0.7309235830158842,0.12214944469431245,-0.09762646290970158,-0.7036964187794109,1
-1.7941142709903475,-0.05050211919562982,-0.8790386569529866,0.5985369837740325,1,0,0,1,0,0,-0.7226826087232228,0.3668385650967791,0.43145089960505906,-0.5818852565498148,1.5803456897045005,0.7318177500333749,-1.2601276344810457,-1.4807357848953049,-1.0165430642597348,0.7224008725176059,0.3557483618249375,-0.22452842600963774,-0.5377607850880969,0.16418200805934138,1.1693672882328436,-2.610269960381316,1.1327195508887542,-0.033530151083064466,0.08301123374971872,-0.38855952469070976,1.9162868786089786,3.2038028135646868,-1.2334211534705992,0.1472683435291292,-0.49522595990994,0.38855952469070976,-0.08301123374971872,-0.06326485836571254,0.7161642658861095,-0.7734574920869285,-1.865762830935219,-1.4500444764558913,0.9516700704320475,-0.30171300108041293,-0.3747723420151606,-0.790386157798101,2.4437897979204335,3.9937882225988464,1.3827675030766426,0.4172718409867329,0.4569029384620749,1.6007301114689292,1.6449808412073161,1.5446145864531222,1.3994859768436472,1
-0.25209852955608386,-0.4885541407104817,0.5693561964423357,-1.6014324776621007,1,0,0,0,1,0,0.7537330207602766,-0.6373637142266826,-0.6175899766199587,-0.05820732014924861,-1.2566569612165528,-0.4451934234770752,1.6206951992123122,-1.0236715432656536,-0.4303408104040948,1.60229467008818,-0.2390669785018973,0.5069755535820231,0.6674799797968556,2.346484672056292,-1.0696743736586536,-0.9155371754818744,1.7841904001690114,0.31979882656331304,0.4783555005605047,0.21702702713573208,0.09096370993288723,0.3334450133888286,-0.3317362629657871,-0.395424068640391,0.623020090936491,-0.21702702713573208,-0.4783555005605054,3.4182993444536853,-0.5596729573423944,2.265144046640733,1.2997597902567817,2.100157812519166,1.487254965141063,1.8188264531454346,1.6738499195514247,2.3101686843777554,-0.05424950115312168,0.12408133374116129,-0.49661507743988936,-0.5811310542328463,-0.685407289429221,0.7600658542737248,-0.6186874509066087,-0.5986491559356475,-0.332546584257695,0
0.2876069799459088,-0.02473435322416849,0.27967722576327125,0.5985369837740325,1,0,0,1,0,0,-0.016022136491804253,-0.45478148162241677,-0.7966945164632545,0.7027169741786459,-1.6997475484068099,-0.8928333112749326,-0.42221837963337544,0.13707518192475351,0.9945851910732548,-0.43526066258314544,-0.24026669178146895,-2.195210495624901,-0.9239230765867732,0.2184557106353981,1.5703211030243474,-0.09907006114874088,0.2329034242331661,-0.05494963789750438,-1.321428539256431,-1.6834285584178834,0.8053833068969278,1.3849732196488116,-1.459187132172481,0.8189521231258062,0.2587108402812469,1.6834285584178834,1.3214285392564302,-0.03541234474315745,1.0163612595869336,-0.8371407578686448,-0.7545997883943533,-0.6307670251539549,-0.7180946013078251,-1.1988643086375024,-0.8177176958673952,-0.4803306735805153,0.6674062963570164,1.1863538130354276,-0.2046721523111086,-0.9052878383950472,-0.5669454880182719,0.8552353928241243,1.0276167615398821,0.23638866577426285,-0.6418381130257917,0
-0.7661037767008384,0.6452275620338409,1.4383931084795292,-0.13478617003801185,1,0,0,1,0,0,0.2742134146032426,-0.5361875725924716,-0.8094876978806327,0.9480644272547123,-2.0460626161289794,-1.1450499913128862,-0.27440452144014255,-0.7833625112585467,-0.023658096445403485,-1.467665661133002,-1.7600337675886786,-0.8376658346190495,1.8641331107296026,0.5277104844155285,1.0974284736030382,-0.20265465576108732,0.026319110573927357,-0.3767796194382757,0.7837886966584708,-1.919828377166137,0.9088482650142283,2.1745693845904905,-0.1713069747076061,2.0088192018151623,1.9202781330382064,1.9198283771661375,-0.7837886966584715,0.744458036688388,1.391607501712964,0.8186241524560076,0.5762117625557528,0.5640125913280355,0.3530751881102058,1.5741488238116832,1.2309045656991897,0.44983577907224165,0.6951622885689447,1.793366658346437,-0.3871364805165972,-0.41256952646850126,0.36382580878204385,0.2524949820049213,-0.8656330827735822,-1.545025353873546,-0.1469716669968365,0
-1.0488066626304537,-0.5658574386248675,0.27967722576327125,-0.8681093238500562,1,0,0,1,0,0,-0.356733435603381,-0.28615457889873186,-0.0035172685858019803,-0.4557396320908939,0.3620132518726542,0.13213234590058104,0.4095237290753538,0.6440116213517503,0.05368935485960049,0.32971757426431475,0.3380821655044192,0.8411029109317899,-0.3183891587671663,-0.19322251522324652,0.923675994108197,-0.6016721249858159,0.4220818413027175,0.13065931691044314,-0.16027754582615011,1.3061253713295295,-0.7625183747317913,0.04139217267644198,-0.6780176072693209,-0.02689804254553853,-0.311959980865488,-1.3061253713295295,0.16027754582614942,-0.2582324537235989,0.7161642658861095,-0.30947941282012914,-0.5607922809744348,-0.3747428216220998,0.1325402314653172,-0.30171300108041293,-0.26403600355210183,-0.29429738304996345,-0.8869292675109735,-0.3311783002420958,-1.0987473605180025,-1.2294446225572482,-1.159254495073018,-0.5088613263982832,-0.6186874509066087,-0.04195727479570725,-0.6418381130257917,0
-0.48340089077122306,-0.3854830768246345,-0.8790386569529866,-0.4281154315628296,1,0,0,0,1,0,1.460393492991695,-0.6978368103758661,-0.6943490651242283,0.11828082416254442,-1.748531133660709,-0.6280952357741019,0.4756269821444108,-2.0315336906875516,0.3791486451223343,-0.3607342611099839,0.05775935622654505,-0.9316745622708753,-1.9686238542075973,0.08975794950372537,-0.04683298193216757,-1.7310811962207293,-0.47535263070022254,-0.9771115811976736,-0.16027754582615011,-1.1117316642817359,-0.5716858111578307,2.7414274928209754,-2.2578785568047217,0.015977182561689448,-1.0290492716165334,1.1117316642817359,0.16027754582614942,1.1900982546492709,1.3165582532877582,4.266618114066138,2.204194824883068,1.8441336089873108,4.480229376750269,1.4110304042558486,1.6738499195514247,4.480557073900855,-0.44283339212011924,2.9315157433045793,0.561678026151944,-0.7756251247301669,-0.7192535184037778,1.489698983160128,2.591605763364049,2.017802685422071,-0.332546584257695,1
-0.14929748012713334,-1.6738713753977288,-0.15484123025532542,-0.4281154315628296,1,0,0,1,0,0,-0.6974447347149578,0.20053755068652426,0.7768667978742723,-0.634542375016612,1.6042010295911835,0.6446151744883378,0.08555997002836194,-3.760804698297706,-0.9172468120552583,1.3273404461463776,1.4306680918246986,1.502409627275674,-0.7348545892168906,0.309589453111873,0.46397617905849003,-0.512903562448165,1.657922649850405,1.6852529180884483,2.5724778154562777,-0.5022446364653989,0.19036491268308803,5.626623624405756,0.7384885040002281,-0.149183590439693,-0.21461712107417003,0.5022446364653989,-2.5724778154562786,0.04814519612450831,0.11577027848446049,-0.8098479296764806,-0.9225662948249498,-0.3064697006802721,0.2270552128845555,-0.6279498401920818,-1.482135726645747,-0.790386157798101,0.269570407986043,5.637781345316164,0.37921369794645543,0.7198181728714541,0.6120314879287937,-0.5405845059150832,0.06727263761276221,-0.17185204706169332,0.16231986177126023,1
-0.8175043014153137,0.5679242641194551,-0.15484123025532542,1.478524768348486,1,0,0,1,0,0,0.24897554059497767,-0.5292099076521812,-0.5664172509504457,-0.14905531574581093,-0.8794708331811569,-0.29180632905683035,-2.3669097996993327,-1.1743183236127355,0.39338061886571696,-1.3186605386860275,-1.0768155786649891,-0.9668807396225575,0.5181423387623172,-1.179049831038837,-1.1140261516528445,0.06999143037585409,0.08602778659946522,0.31979882656331304,-0.4291756706205317,-0.8930588049066626,2.113152994601267,0.4957818095922736,-0.4674298467382559,1.8667289954580275,1.712134300694525,0.8930588049066626,0.42917567062053097,-1.17736540326792,-1.1600669447440433,-0.6551885699208807,-0.5220307794904515,-0.4600842227993849,-0.30852968182446,-0.7910682597479163,-0.7069813574043363,-0.6043528672675491,1.7807299839688107,0.326418948844831,-0.34050670775297154,-0.519181091037403,0.19835535601754278,0.48160683407070015,-0.5729567783386508,-0.975962542041607,0.4372456651206797,0
-1.5371116474179702,2.217061286293016,1.0038746524609323,-0.8681093238500562,1,0,0,0,1,0,-0.7479204827314877,0.602916228909938,-0.23379453409861076,-0.3434815993155239,1.269648225209414,0.7291345938627584,1.1529407687740723,0.4709018955525205,0.3890831035832025,0.8202513038056733,1.5780723765736782,0.3461965309910303,-0.8936080085789722,0.9209372515047453,-0.28544813401825836,-2.408438879861583,2.1186129884916785,1.6123866789171823,1.2589070016997488,-0.7763978591033001,-0.6830025540396137,-0.932283304327576,-2.952138442260132,0.9926737799451761,-0.4773896108029822,0.7763978591033001,-1.2589070016997495,0.29881781872750485,-0.7097714541928067,-1.5194614626727603,-2.2792188467643784,-1.6207272788104614,0.8886600828192224,-0.8726274695258333,-1.3713993881826885,-1.1004416420156866,-0.6371253376036178,-0.8623145398892288,0.05077790717657645,-1.488770049887009,-1.0915620371239039,1.6800380602609295,0.2044646553166367,-0.15329565102369538,-0.7036964187794109,1
-1.100207187344929,-0.7462318004251005,-1.6032360836506476,-1.6014324776621007,1,0,0,0,1,0,-0.48292280564470574,-0.21928528988761545,-0.2849672597681238,-0.3133918173344969,0.301024873770259,0.07355010284212017,0.31238477872101805,-0.2577829990027881,-0.7776112452062988,0.7562402644707029,0.9696811997434367,1.264119412119918,-0.2924077450290076,-0.2806476189950322,-0.6976873576159158,-0.4066645543847733,0.052410785061001434,0.8957412236986259,0.328888191831712,1.3979208031972914,-0.7147984332300442,-0.3451126228092806,0.6543619637513498,-0.9696621714424875,-0.3861160876798436,-1.3979208031972914,-0.3288881918317127,-0.5924626171942612,-1.009968447893631,-1.501266243877985,-1.4393863146113988,-1.347634795043149,-0.11949971898598452,-1.0357458890816678,-1.2606630497196296,-1.4104971262332722,-0.7203933142394032,-0.4070549059059717,-0.2867811000035777,0.08014878545804377,-0.3130987707090945,-0.4136917878478824,-0.9479482933959068,-0.4316415915936655,-0.2706882785040748,1
-1.5371116474179702,0.49062096620506923,-0.4445202009343899,0.3052077222492148,1,0,0,1,0,0,-0.6848257977108253,0.12436470842168729,0.36748499251816774,-0.570312263480189,1.357548890776926,0.5363945422734712,0.530846323196566,-0.620188038635659,-0.8250974703491248,-0.2948608775875079,-0.05821177281432755,-0.2751746161663883,-0.20770053888046666,-0.3349446622307954,-0.5714013122424401,-0.45065562631956035,-1.4232838239126393,-0.5928055515061601,-0.5972369986170187,0.21702702713573208,-1.0728274946055558,0.2788102554034876,0.6750704395078955,-1.0129658533799026,-0.5030810851710078,-0.21702702713573208,0.5972369986170181,-0.3417899945912644,-0.5596729573423944,-0.10023439668020068,-0.3153027715758717,-0.8355863879794388,0.7626401075935709,0.02452383803125581,0.34501385799472056,0.015758101167622184,-0.9067549762337794,0.5793409677244183,0.8875071836617436,1.139678388548209,0.5959142360361476,0.27515439594549335,0.6160407084282594,0.808986029232487,0.33905787821017314,1
-0.5862019402001745,-0.3854830768246345,0.27967722576327125,0.5985369837740325,1,0,0,1,0,0,-0.7983962307480176,1.020994653249005,0.8920054306306766,-0.6466940177397191,2.504219707678616,1.2849951138754825,0.08338174246880965,-0.7737758680282704,2.3220939811403745,-0.4495930529300197,0.22424638456947177,0.5227640133409517,0.12911312956467694,0.016759242270244227,-0.8755909931560764,1.0182889555678456,-0.28255551740267404,0.21928799009338493,1.0833762813478618,-0.36149164093482894,-0.09919870523124406,0.18488382664600725,-2.151098065894563,0.32719399488369383,-0.07743924124122284,0.36149164093482966,-1.0833762813478625,0.1317027369921738,-0.7097714541928067,0.49111021415003275,0.9767472778902511,0.8029685146244333,-0.18250970659880966,0.8401159358104279,0.34501385799472056,0.139780294854656,-0.08200549336504998,0.19995793940503753,0.0872707728176734,-1.047916823426415,-0.8715615487892844,1.7434844192945298,0.28677986593896093,0.1250502895462747,0.038603250264021984,1
0.930113538876852,0.5163887321765315,1.7280720791585935,-1.6014324776621007,1,0,0,1,0,0,-0.43244705762817587,-0.246033005492062,-0.5408308881156891,-0.15715641089454896,-0.1738023267573339,-0.06776278881035029,1.1322777645056172,1.6517216746829957,1.337445865759627,0.5352010425623247,0.6759717173601554,0.29025179002552837,-0.5941373891522514,1.2946235343080215,1.0143534705404291,0.2633076173794315,0.5742442748024342,0.45725380753173134,0.39961991949913633,-4.693472038239746e-4,-0.2808872128451616,-1.2508827951520078,-1.5637345410186227,-0.1536112871710713,-0.4323769931127555,4.693472038232714e-4,-0.39961991949913706,1.7780957644587692,1.5667224147051118,1.3958169264458598,1.3428281252389862,1.5596622717296946,0.6996301199807459,0.7766809948720481,0.6280067229558705,1.586705887870056,-0.3595654154843339,-1.2416975682086098,-0.41450612974742024,-1.112748180258855,-1.0915620371239039,0.728342674756924,0.36909507656128593,0.4033962301162448,-0.45626319576493324,1
-0.6890029896291251,-0.8493028643109486,1.4383931084795292,0.5985369837740325,1,0,0,1,0,0,-0.6469689866984278,0.0028370440449626386,-0.5152445252809326,-0.19476863837083272,0.3756265585919498,0.15270320987530775,0.6271888524345721,1.682596857184599,0.13441682594225032,0.03129755910071996,0.045774645649019265,0.6031934512023658,0.24991429077369037,2.729136847564859,2.3327835510414303,-0.8458139652620567,1.5587400128568798,1.1844766018314363,1.1393967240133565,-0.30735587342307225,1.854800014868454,0.027514359828980418,-1.0337137691538965,1.503338931199908,1.0969015808231874,0.30735587342307225,-1.1393967240133573,2.8891015856251374,2.5173462280910557,0.5820863081239148,0.020630241285320403,0.6493539925053206,1.2982250023025865,-0.22015379130249568,-0.7069813574043363,0.5738579727592754,1.8609139614699375,0.12408133374116129,0.3062279666642602,-0.2958730841701091,0.2961333508329291,1.2359135470257274,-0.7833178721512579,-0.9883334727336057,0.7809029193074537,0
-0.27779879191332196,-0.6946962684821769,-0.8790386569529866,-1.8947617391869185,1,0,0,1,0,0,0.31207022561564,-0.55305026286484,0.5977622580309765,-0.6073458413029915,0.13703550175437115,0.04403538496533837,0.6257495763619982,0.5318998860977879,-0.38278068411052296,0.8471355367444264,0.7802354949013893,-0.32930387269728584,-0.606089371170748,0.5116900757266523,0.8305999795587272,-2.891054488565914,1.600516804627255,0.7702246952725406,0.18609969967169646,-0.6337026228571581,-0.35884532375916683,0.10202753957920051,-2.381956930368837,0.4426196084691622,-0.26236985329709916,0.6337026228571581,-0.18609969967169718,0.15955525061472892,0.340918023760079,-0.9918001176242447,-2.137093341323105,-1.603658998575004,1.424244977528238,-0.46483142063624716,-0.5962450189412776,-0.728375060954584,-0.05424950115312168,0.5793409677244183,1.4283835851280149,-0.2526521796151487,-0.06489309156234463,2.948965240932937,1.3020007969476304,1.0343136954081773,0.8840000955634856,1
-1.6399126968469209,0.9802085196628456,-0.15484123025532542,1.478524768348486,1,0,0,1,0,0,1.1701579418966481,-0.6774852876333524,0.21396681550962854,-0.5159191960529479,-0.43133833846916014,-0.12232029761288635,-0.2991766450643781,0.5888746504894695,-0.8150725387509415,-1.0290224114283655,-0.9448413959244931,-1.302228472037011,0.360376838278774,0.11910045160426742,-0.02743851951065439,-1.154474027157747,-0.6226354444010321,-0.7499485647881623,-0.946287449071263,-0.8375679493470506,0.5350161756542233,-0.8357362449344902,-0.04590359467857387,0.7727482423922007,0.4961612813493771,0.8375679493470506,0.946287449071263,-0.14682239923337803,-0.3345252120667762,-0.9463120706373036,-1.3231018101594472,-1.4500444764558913,-0.024984737566746233,-0.6279498401920818,-0.26403600355210183,-0.790386157798101,0.6951622885689447,-0.6346847228976005,0.6620334066649622,0.533968283285125,0.8376730144258402,0.41111087958892223,0.28677986593896093,-0.09762646290970158,0.5334696962929761,0
-0.9974061379159777,0.0783367106616796,-1.8929150543297122,-1.6014324776621007,1,0,0,0,1,0,-0.36935237260751347,-0.27743249772336886,-0.3361399854376369,-0.2960323277300582,0.05627490836719799,0.015415052478762072,0.6427029410989552,0.1790173898677593,-0.17117671764384867,0.1579131125107954,-0.012453850919428185,-0.22861939861683933,-0.34282076158617375,0.306873459224576,-0.3473287968260252,-0.4631140934220451,0.0350812400658534,0.009395169121842717,-0.32687747097049374,0.012383503443245562,-0.5870697400448567,-0.5936533496441446,-0.23138069386311885,-0.1785444701654238,0.025363170160808943,-0.012383503443245562,0.326877470970493,-0.03541234474315745,-0.6347222057676005,-1.0918738209955157,-1.1292943027395286,-1.05747403104038,-0.43454965705011084,-1.2804235184154193,-1.3160312189511594,-1.4104971262332722,-0.6093693453916895,-0.6346847228976005,-0.3050275328241268,-0.37367071236903754,-0.4146374576327655,0.12560226393772106,-0.28942660841731066,-0.32030321536567735,-0.023255055489598248,1
-0.27779879191332196,-1.8027102052550381,0.5693561964423357,-0.8681093238500562,1,0,0,1,0,0,-0.34411449859924853,-0.29429518799573734,-0.7455217907937414,0.3676788248129798,-0.9765561738802919,-0.5104835569620774,-1.0598077679994256,-1.0902963737018379,2.592309599839708,-0.9419090991005414,0.19651662731090647,0.2766304471429869,-0.1159753002228663,-1.1520342409768056,-0.33098786430713667,1.2405048883445797,-0.1573640852373709,0.2256819612600204,0.2857518833962749,0.09388569754642515,0.32258946040614217,1.1648896131615716,-2.2971862869156072,1.1164188927981447,-0.035146730354758335,-0.09388569754642515,-0.2857518833962756,-1.17736540326792,-0.5596729573423944,-0.8735311954581982,-0.173177266134598,-0.22112829950298704,-1.3166894836296663,-0.22015379130249568,-0.3747723420151606,-0.728375060954584,0.16779843654230542,0.8828473903799233,-0.42362934615769415,-1.4758037785205207,-1.0407926936620688,0.9821281108913258,-0.12479618717266176,-0.09762646290970158,-0.45626319576493324,0
-0.020796168340944693,-0.4885541407104817,0.5693561964423357,-1.6014324776621007,1,0,0,0,1,0,-0.7731583567397526,0.7035108984657914,-0.6175899766199587,-0.05820732014924861,0.8675007310361066,0.5860329314298769,0.5926659790834412,0.980668151672115,-0.8110490089960621,0.47022610330495856,-0.44525534733045485,1.236749595891924,0.7864449860002737,0.9031165869362086,1.6508849415638025,-1.36186964518674,0.6329505423983446,0.30705122442518396,1.4819217163109606,0.21702702713573208,0.07826698156340872,0.30782247909807403,-0.2598164896045218,-0.007622206047752856,0.8786295163194747,-0.21702702713573208,-1.4819217163109613,0.744458036688388,1.391607501712964,-0.2548937564358004,-0.8967252938356269,-0.6307670251539549,0.8886600828192224,0.6769975162545934,0.012804842605544792,-0.5423417704240322,0.05677446769459199,0.27583454506891375,-0.02220782410562002,-0.1532440991387405,-0.14386762583630988,1.0772976494417266,-0.6186874509066087,-0.5986491559356475,0.34789477903211874,1
-0.48340089077122306,-0.5658574386248675,-0.8790386569529866,-0.8681093238500562,1,0,0,1,0,0,1.460393492991695,-0.6978368103758661,-0.0035172685858019803,-0.4557396320908939,-0.6691256002463765,-0.18448008223216925,0.3040013715962785,-0.37226825415390385,-0.05479203192155804,0.1754269103124761,0.47676408459386244,1.3824841977540812,-0.5232119840392823,-0.13954761499313778,-0.2491664807661297,-1.0541271356806172,0.8899107628591358,0.7485223118651827,0.6912331826893887,1.199986903232429,-0.5621556400802785,0.26134035108350256,-0.9843935685448942,0.6454298408169414,0.11096968953671545,-1.199986903232429,-0.6912331826893894,0.49378541408539117,0.5660657690356972,2.720024516510143,1.5581698001500064,1.9294750101645959,3.3775545935258244,0.5954383064766764,0.2896456887631914,3.2403351370305127,-0.6648813298155464,-0.02767187758659086,-0.7429419205172992,-1.0868156375258795,-0.8038690908401701,-0.033013633646279864,-0.7833178721512579,-0.32030321536567735,-0.20882997275045564,1
0.5703098658755232,-0.1535731830814779,1.4383931084795292,-0.13478617003801185,1,0,0,1,0,0,-0.5460174906653681,-0.152416000876499,-0.7199354279589849,0.20218502391733126,-0.49684451199202506,-0.2734714285576174,1.3433964118107486,-0.04409235990828835,0.04676587719688548,0.24019507311193813,0.05090034367788275,-1.0377305740989629,0.05281053795608407,2.158562037131552,0.5417735601302669,-0.5312895358606684,1.8005824245373414,1.6751261007238725,0.773109214277421,-2.182101039645461,0.2887843414237578,0.6032550070227084,-0.5978252669667611,1.4609386623029148,1.569261660842016,2.182101039645461,-0.7731092142774217,1.8028535543454847,0.340918023760079,-0.4004555067940112,-0.5995537824584191,0.08610074473523979,0.4790951633358572,-0.6279498401920818,-0.983822203561983,0.38782468222872474,0.11228645211844858,0.35171115073279,-0.5148615102604385,-0.723760039264214,-0.1607907403235886,0.6014499566897238,-0.5363722402842841,-1.32234860141757,-0.3944048900113141,1
0.004904094016293398,-1.0039094601397194,0.5693561964423357,-0.4281154315628296,1,0,0,1,0,0,-0.7605394197356201,0.6924629289769982,-0.4001058925245282,-0.26883579401643765,1.1681743538733984,0.7403144112403273,-0.9078649249337042,0.6689186645950733,0.7278426404613012,-0.7723008450042882,-1.2713310020815043,-0.2256953425449689,0.6829864789603215,-0.39476678518195063,1.485149317999424,-0.3912824130594398,-0.1573640852373709,-0.6310455895019137,0.27586209560863995,-0.5814181964513455,0.8679619576443112,0.5696781243458761,-1.388186362376063,0.8872890837262076,1.0366993722776976,0.5814181964513455,-0.27586209560863995,-0.3696425082138195,1.391607501712964,0.03622974428062242,-0.173177266134598,-0.22112829950298704,-0.11949971898598452,0.758556726032511,0.6772228733838963,-0.046252995675895824,0.6396503041450882,0.35171115073279,-0.44187577897824326,-1.047916823426415,-0.685407289429221,1.267636726542527,-0.04248097655033679,-0.32030321536567735,-0.2706882785040748,0
-1.5371116474179702,-1.1069805240255675,1.0038746524609323,-1.6014324776621007,1,0,0,1,0,0,-0.7479204827314877,0.602916228909938,-0.5024513438635544,-0.21560002589615912,0.9012659350619028,0.6303050082450496,0.9215316253983504,0.32184328224812436,-1.2275835186563164,1.414823506277584,0.6243199868637107,0.7015138365342243,-0.12090269641636735,0.8971790890362518,-0.24590262915307706,-2.322058056041168,1.8089156918765563,1.5542046383809989,0.7781220325379118,0.1850492459657866,-0.3849613830571647,-0.6880798610112124,-0.6552966136016453,-0.11764544495105672,0.7057317683952471,-0.1850492459657866,-0.7781220325379125,0.5216379277079463,-0.4846237089171882,-0.8553359766634215,-1.7882398279672513,-1.176951992688579,1.6132749403667133,-0.7910682597479163,-1.149926711256571,-0.23228628620644656,-0.6093693453916895,-0.9381911455531051,-1.208225957441296,-1.3072422507561756,-1.2607931819966884,0.28421816152172197,-1.1948939252628807,-1.266679413303576,-0.9511296417938885,1
-1.922615582776536,-1.5450325455404195,-0.15484123025532542,-0.4281154315628296,1,0,0,1,0,0,-0.33149556159511606,-0.2983654925442401,-0.7071422465416066,0.12638191931128245,-0.8038477716495906,-0.32713455196994795,0.32197606771056364,0.9238465187502496,-0.001539035747467585,1.0496167398381802,0.5204292542797968,0.8488515280539988,-0.5320746161106287,0.1819299076940433,1.094348109249669,-0.8225657269016233,0.49347795182653936,0.44644792729224236,0.9704170281043213,0.1952844489803987,-0.2659333397648859,-0.17171442776903376,-0.8244953141750494,-0.9286402101705429,-0.2407140121260114,-0.1952844489803987,-0.970417028104322,0.29881781872750485,1.2415090048625523,0.5002078235474204,-0.031051760693324323,0.17144214591252482,1.2352150146897614,-0.05703537174666111,-0.4855086804782194,0.38782468222872474,-0.10976148557697851,0.04820472807728505,0.6894030558957865,0.11904759955750843,-0.2623294272472596,1.7434844192945298,0.36909507656128593,0.514734606344233,0.904619530814692,0
-0.6633027272718879,-0.87507063028241,1.0038746524609323,-0.4281154315628296,1,0,0,1,0,0,-0.10435469552073157,-0.41465990821574694,-0.68155588370685,0.04421366851693947,-0.9469657020547847,-0.3530717282859077,0.08475622515534689,1.589368863898271,-0.16143789557828697,0.25443114269131,0.10961151766187636,0.3565939266653518,-0.5253441359171253,-0.13165877684511298,2.179778165192977,-1.4979832864996305,0.08158363718850467,-0.3460435267072245,-0.24687185720061178,0.7311960875261709,-0.24940749280938118,0.002195269680524343,-1.2846377265176696,-0.2628231211517506,-0.4803444932124937,-0.7311960875261709,0.24687185720061106,-0.2582324537235989,1.6918044954137887,-0.5460172571522233,-1.1809763047181743,-1.091610591511294,0.5106001571422693,-0.6279498401920818,-0.5962450189412776,-0.790386157798101,-0.3595654154843339,-0.17942508891434333,-0.5422311594912614,-1.0738493661593913,-1.0915620371239039,0.41111087958892223,-0.04248097655033679,0.3477270420022505,-0.20882997275045564,0
-0.5862019402001745,-0.87507063028241,0.27967722576327125,1.478524768348486,1,0,0,1,0,0,-0.7983962307480176,1.020994653249005,-0.13144908275958464,-0.3990319660497276,1.926956945129057,1.0935966403715036,-0.5952080082528213,-0.9208291471754881,0.8051363532463588,-0.29402192884113265,-0.06473771258253151,0.017283821374853642,0.11284807918688348,0.15401868091810203,-0.7258974643201221,0.956360908050345,-0.007396152639827177,0.3229722664449061,0.8164553486475558,-0.7861774033115495,0.9815448756715769,0.5366787582968976,-0.1395978856190426,0.38987075880023253,0.3994817536817325,0.7861774033115495,-0.8164553486475564,0.27096530510494976,-0.5596729573423944,0.5002078235474204,0.9509062769009282,0.9053781960371756,-0.24551969421163483,0.2692014673650073,-0.09793149585751397,0.20179139169817292,0.6951622885689447,0.27583454506891375,-0.5604775923118106,-0.5422322401333817,-0.36386811417093057,-0.1916295312302808,-0.28942660841731066,-0.6543183440496418,-0.7036964187794109,1
-0.04649643069818187,-0.6431607365392533,-0.8790386569529866,0.5985369837740325,1,0,0,1,0,0,-0.7353015457273552,0.4831329807682859,-0.15703544559434116,-0.3903522212475083,1.2577870546255794,0.6732355069749141,0.0855154835131307,-0.2566607562597935,-0.19721310052680788,-0.018289442031936592,0.10118361402450399,0.5868986559992748,0.6879301342242244,-0.07813976243006432,-1.1597810808077862,-1.560544033564444,0.8817532955429225,0.8102935042526281,1.1169885469471594,-0.30735587342307225,-0.19698769143007216,-0.8095682840129584,-1.2985993403412721,0.899039330345283,0.6595502422721131,0.30735587342307225,-1.1169885469471603,-0.28608496734615396,-1.2351161931692491,-0.8553359766634215,-1.4393863146113988,-1.091610591511294,0.8256500952063961,-0.05703537174666111,-0.5408768497097485,-0.9764194483286528,-0.22078545442469194,-0.7864379342253526,-0.12256320461863823,-0.7626588533636787,-0.39771434314548676,1.109020828958526,-0.7833178721512579,-0.9883334727336057,-0.023255055489598248,0
0.004904094016293398,-1.0039094601397194,-0.4445202009343899,-1.8947617391869185,1,0,0,1,0,0,-0.3945902466157784,-0.2675474723912908,-0.38731271110714993,-0.27346499124428797,0.025280387290095564,0.00557681318650147,-0.6254966617625272,0.9329993202522655,0.1557983152109057,0.15511279452221982,0.056755101934060685,-0.7189289408538408,0.05981474746886162,-0.21635886804518215,0.6296557868965337,-0.3421663662097065,0.17965237571028025,0.26564428105149734,-0.964482122757493,-0.023971702672748577,0.6535851027858285,-0.6497955024864506,-0.556825715809956,-0.03140715787338813,0.18556552483265554,0.023971702672748577,0.9644821227574922,-0.3417899945912644,0.340918023760079,-0.5915053041391644,-0.6641562849317252,-0.5624939042121272,-0.024984737566746233,-1.1173050988595852,-0.8730858650989243,-0.29429738304996345,0.3620903820258042,-0.7864379342253526,-0.7155722712864762,-0.8663890242955825,-0.8207922053274488,0.12560226393772106,-1.0302635040182315,-1.1553410370755877,-0.8274130302866491,0
-1.7941142709903475,-0.02473435322416849,-0.8790386569529866,0.5985369837740325,1,0,0,1,0,0,-0.7226826087232228,0.3668385650967791,-0.7966945164632545,0.7027169741786459,-0.398226511328222,-0.2609500330947403,-0.3581476113759102,-0.029156164360680335,-0.8670226485199904,0.39201922529633787,-0.07074764126316065,-0.7419353828391642,-0.22246227754666525,0.38718477536942664,1.0406742013110717,-2.36382200171831,1.2320675719704837,0.21611832917317397,0.3586118043630053,-1.3675781934948876,0.884883437387807,1.082542320151604,-1.1901641396446145,0.692104431553817,0.30297288299409997,1.3675781934948876,-0.35861180436300605,0.24311279148239442,0.7912135143113154,-0.3731626786018469,-1.4781478160953823,-1.0233374705694662,1.2667200084961745,-0.13859458152457876,-0.319404172783631,-0.35630847989348147,0.8339422496285867,1.0346006017076752,0.05990112358685037,-0.5681647828663581,-0.2792525417345383,0.9504049313745251,0.6983559190505837,0.06938110143228039,-0.1469716669968365,1
-0.48340089077122306,0.6452275620338409,-0.8790386569529866,-0.13478617003801185,1,0,0,1,0,0,1.460393492991695,-0.6978368103758661,-0.8094876978806327,0.9480644272547123,-2.5244127942693373,-1.269369560551452,-1.1938502297184177,-1.5221426903431212,-0.7176274608973292,-1.1180438297464073,-1.2589126357120797,-1.7794930361868047,0.603006347096848,-0.37494950846208663,-0.02046092677199104,-0.9813380311942632,0.5755345224419064,0.4750853546574339,-0.37315522795503414,-2.056925450734873,1.2854326750003044,2.0686913045763986,-0.005129301762390847,2.0810952643259113,2.1004764638484756,2.056925450734873,0.3731552279550334,0.16883942182224726,0.8162299304530506,2.5987230578783023,1.5151014651678019,1.7303450740842645,3.1150129784723855,0.3235742738836193,0.5664865349208381,3.447038793175569,1.2502821328075124,2.020996475338066,0.16025650409986858,0.13201387092399572,0.9730579303240674,0.6331731362065233,-0.7010026615289333,-1.4336869776455579,0.47161139053935697,0
-1.5371116474179702,-1.5450325455404195,-0.4445202009343899,1.0385308760612593,1,0,0,1,0,0,-0.6848257977108253,0.12436470842168729,-0.7711081536284979,0.602610584126383,-0.36610906074714133,-0.37006505069981244,-1.002280210286102,0.2978775263562586,1.039889198450879,-1.99339299017327,-1.0478000367453975,-0.9225531562644423,0.4442365603485104,-0.36009922463380406,-0.024578567919004774,-0.8303680367040445,-0.8377501761895952,-0.1755035495684096,-0.47959406901947754,-0.7825969144484197,1.0338881282740005,-0.4334685229868433,-2.2560031672761,1.8622465925456204,1.190846307627445,0.7825969144484197,0.4795940690194761,-0.06326485836571254,0.41596727218528484,1.373578325696689,0.6537347655237203,0.2567835470898098,2.3378897979142055,0.2692014673650073,0.5664865349208381,1.5660355222555504,1.055990187324014,-0.3311783002420958,0.2788583174334372,-0.9701191952274875,-0.2792525417345383,2.3462248301137336,-0.12479618717266176,-0.48731077970765985,0.6571863078002155,0
-0.5862019402001745,-0.87507063028241,0.27967722576327125,-0.4281154315628296,1,0,0,1,0,0,-0.7983962307480176,1.020994653249005,-0.68155588370685,0.04421366851693947,1.0027398063979185,0.7510470359227934,0.07563708324059838,-0.5543054973024115,1.790520001858813,-0.22781069031840973,0.2909223939263768,0.7100011554046471,-0.3112790322424838,-0.12421587530747659,-0.9505661396742556,1.4264132702980812,-0.03352738374169445,0.5693411557770856,0.6312676384277316,0.3422733367180179,-0.22929024447302354,-0.19145460070288764,-1.014293051437931,0.27451236570010434,0.17763746504274938,-0.3422733367180179,-0.6312676384277323,0.15955525061472892,-0.6347222057676005,1.2098213565437015,1.881182312516537,1.7758604880454831,0.006520256239666901,0.35076067714292497,0.06817301183707392,1.069946747507413,-0.27629743884854874,-0.2553016945782196,-0.24116501795220557,-0.7107937678977266,-0.5669454880182719,0.6966194952401235,-0.04248097655033679,0.1250502895462747,0.22417816752487937,0
-0.27779879191332196,0.7482986259196881,-0.8790386569529866,0.5985369837740325,1,0,0,0,1,0,0.31207022561564,-0.55305026286484,0.44424408102243734,-0.5836212055102586,0.06381820683819467,0.02570048446612543,-1.424244575767836,-0.8862648775557438,-1.4214101093005198,-0.5045433793600941,-0.9572059183720271,-0.9958642115137907,0.6210792121924182,0.6738258817152112,0.04557529106100942,-2.4454559554034216,1.7879191122589588,1.135672953885188,0.18609969967169646,-1.5428114248521114,2.653725634123926,1.2620826841638184,-0.5143321593728131,2.4544755413882537,2.3531781726312233,1.5428114248521114,-0.18609969967169718,0.5494904413305014,-0.03432821836595151,-0.2185033188462471,-1.4135453136220761,-0.7843815472730677,2.0228398598500785,-0.46483142063624716,-0.5962450189412776,0.07776919801113909,3.1932015876424997,1.793366658346437,1.2732889061533492,0.7673611678819103,1.8192136546879905,2.092439393979332,-0.12479618717266176,-0.7656567202776299,2.203643951640699,1
0.6474106529472365,0.5679242641194551,-0.15484123025532542,1.478524768348486,1,0,0,1,0,0,-0.785777293743885,0.9500550596893859,-0.5664172509504457,-0.14905531574581093,1.140158331871535,0.8458518872845774,-0.45966477644040127,0.8717098852230555,0.35862308417141203,0.34243415403874294,0.43895088557666156,0.6983210330885474,-0.43123222759729307,1.2512370502536687,1.7489978330774005,-0.031881891421838664,2.3675612861527844,2.5483404267161878,2.5158990295084,-1.5428114248521114,1.8893963788587103,0.5556584601363267,-0.5222879962078164,1.8850267935772895,1.9173007831775546,1.5428114248521114,-2.515899029508401,1.217950768271826,1.6918044954137887,0.13630344765189217,0.09815324425328795,1.0589927181562884,0.8256500952063961,-0.709509049969999,-1.5375038958772762,0.5738579727592754,1.916425945893794,0.6552175733882943,0.3518440487156324,0.015317428625603584,0.7699805564767266,1.2993599060593275,-0.12479618717266176,-0.7656567202776299,1.0283361423219313,1
-0.8689048261297889,-1.5450325455404195,-0.4445202009343899,1.0385308760612593,1,0,0,1,0,0,-0.6595879237025604,0.04179567329491743,-0.7711081536284979,0.602610584126383,-0.46758293208315554,-0.43356641340440355,-0.9689383024202661,-0.023270167756870398,0.7733309242630272,-0.9642953678046053,-0.5267671053085147,-0.2525966584061723,0.606006767174373,-0.2205319751719487,-0.4022516499718838,-1.1190894547383297,0.5217833548231074,0.42141138776559056,0.6380137621571677,-0.9772859963810728,1.1269793449460739,-0.3710278370127484,-2.18174625764331,1.8200922735624254,1.0962492349101567,0.9772859963810728,-0.6380137621571684,-0.11896988561082296,-0.25947596364157,0.427426948368315,-0.25070026910256554,-0.03337721691295973,1.424244977528238,0.8401159358104279,0.5664865349208381,0.7598912632898273,1.1670141561717275,-0.2553016945782196,0.33359761589508324,-0.892321567028559,-0.21156008378542468,2.251055291563333,0.12214944469431245,-0.32030321536567735,0.7190446135538346,0
-0.27779879191332196,0.928672987719922,-0.8790386569529866,1.7718540298733036,1,0,0,1,0,0,0.31207022561564,-0.55305026286484,-0.4512786181940413,-0.24221790995629838,-0.6992809714092597,-0.2381432056444998,-0.5287040353464416,0.03185288932151274,-2.0409419777180724,0.8107387786590009,0.670306139328269,-0.6285408620203626,-0.5886470890215303,0.4189990875888921,0.12405551327338743,-2.2873127847005392,1.8958308676013853,1.6338911008542245,0.6152054390719316,-1.4674080343893063,1.1538347826356161,0.08055699964699616,0.4915072944815849,0.7846176502084036,0.7237458388688104,1.4674080343893063,-0.6152054390719323,0.5216379277079463,0.26586877533487285,0.4547197765604794,-0.8708842928463041,-0.1699234587966153,2.967989674042459,-0.46483142063624716,-0.762349526635866,0.8839134569768611,1.9996939225295793,0.8828473903799233,2.395444524617104,2.3622125459599386,2.648446264564636,1.2359135470257274,1.5215080252738291,0.793080546914203,2.389218868901558,0
0.930113538876852,-1.5450325455404195,1.7280720791585935,1.0385308760612593,1,0,0,1,0,0,-0.43244705762817587,-0.246033005492062,-0.7711081536284979,0.602610584126383,-1.01176655336568,-0.6549267974802672,-0.22931939345292413,0.1332121343939363,1.939208290379498,-1.0556441137872261,-0.5147762622727159,-0.16356834835326214,0.13243683432116388,0.9250239452591844,-0.335625513576667,0.7492048445512508,0.6747494049266335,0.8091264371899778,0.5641420291796073,-0.7825969144484197,1.2431472257275682,-0.5190601067576454,-1.898084081076816,2.0951770528805573,1.4591888348522586,0.7825969144484197,-0.564142029179608,1.4129183636297125,0.11577027848446049,1.5191400760548999,1.7519773075699248,2.014816411341881,0.5421051509486824,0.10608304780917345,-0.1532996650890431,1.876091006473136,1.5000860627148682,-0.2553016945782196,0.8809906005115491,-0.3477381696360611,0.46536449570571364,2.6634566252817358,-0.12479618717266176,-0.48731077970765985,1.5232025883508855,0
-1.5371116474179702,0.6452275620338409,1.0038746524609323,-0.13478617003801185,1,0,0,1,0,0,-0.7479204827314877,0.602916228909938,-0.8094876978806327,0.9480644272547123,-0.37968226651564924,-0.26899950160658986,0.0674345409706981,-1.6793391658863337,-1.3704702614379156,-0.4316712100759264,-0.7762932632388596,-1.5487277219979294,0.3753858226264828,1.1394996878532588,-0.6458533320464767,-1.7907483485072646,1.9813009465366935,1.4087032504032742,0.6257323574189628,-2.732873630852038,1.0448052910292103,1.6579440178220213,0.07394936727373075,2.547784058584772,2.3845438041009377,2.732873630852038,-0.6257323574189636,1.6078859589875987,-0.25947596364157,1.4008711538888534,0.08523274375862654,0.8883099158017184,3.0309996616552843,0.02452383803125581,-0.26403600355210183,2.00011320016017,1.0837461795359422,1.717490052682561,0.32447439948480933,0.31354167005482897,1.3622895635314727,0.6014499566897238,-0.37174181903963527,-1.32234860141757,0.5334696962929761,1
0.33900750466038404,-1.132748289997029,-0.8790386569529866,-0.13478617003801185,1,0,0,1,0,0,0.7284951467520117,-0.63794518630504,-0.029103631420558513,-0.449953135556081,-0.4364774373623219,-0.14289116158761306,1.105731297549411,1.5117135186066664,-0.7367897081719131,1.275730781420105,0.49876341671315144,0.4098586554018796,-0.5605022824900833,0.7275374608775478,2.066099019322001,-2.1164502028574486,1.1355655000930938,-0.48183174459614636,0.5910554499228551,-0.027203276549727037,-0.8105994271302438,-0.005101604653161876,-1.1196121305199356,-0.5974226710148597,-1.1188317868053201,0.027203276549727737,-0.5910554499228557,0.939425632046274,2.367247731240644,0.7822337148664557,-0.5478717804797735,-0.10165033785478751,1.3927399837218248,1.0847935651441794,0.8433273810784847,0.38782468222872474,-0.9424412519348303,-0.4070549059059717,-1.2173491738515698,-1.5147025926199844,-1.5992554717422576,-0.6040308649486834,0.5337254978059351,0.5704037944582268,-1.198562864808365,0
0.6217103905899984,-0.02473435322416849,1.0038746524609323,0.5985369837740325,1,0,0,1,0,0,-0.5586364276695006,-0.13264595021234282,0.38027817393554597,-0.5679976648662639,0.9653651229656843,0.33694660025764267,-1.1320852022903158,-1.8422700712450588,1.187106923956426,0.028604335832260918,0.6676484825742716,0.10444333003576878,-0.6737224575516108,0.3789627544679644,0.47793981155855303,1.0945296805035571,-0.06707895140066933,0.20475171726667046,-0.20147967785109497,0.3422733367180179,1.9528471508765304,3.00736309997015,-0.5229181604997102,-0.10515695226971265,-0.6680755258523924,-0.3422733367180179,0.20147967785109425,0.27096530510494976,0.340918023760079,-0.2548937564358004,0.33072225315718967,0.2909201075607231,-0.9071245641463012,-0.46483142063624716,-0.4301405112466897,-0.29429738304996345,2.582569758980075,3.917911616934971,1.5834782641026803,1.0137203238451828,0.9053654723749538,0.9821281108913258,1.1099319721622063,1.461110804282131,1.5232025883508855,0
0.13340540580248203,-1.3131226517972627,0.27967722576327125,1.0385308760612593,0,1,0,1,0,0,-0.3188766245909836,-0.3094134620330332,0.31631226684865466,-0.5402224814991621,0.5207304906675454,0.17953477158147302,-0.02516025540581011,0.44516737726075556,0.28966986933199,-0.2800792113253825,0.7360423611453124,0.1728725725254596,-0.07539487092883972,0.5084021825892285,-0.059845726296247286,-0.5243763868463353,0.645129698146683,0.9334543236661701,-1.046543814281098,1.2737269836114935,0.5429754181332698,-0.6709583308087609,-0.9229361134894991,1.018068510713902,-0.04555465295572631,-1.2737269836114935,1.0465438142810974,0.27096530510494976,-0.25947596364157,-0.6278957417287164,-0.7804407893836761,-0.5112890635057554,0.3845801819166189,-1.3619827281933365,-1.149926711256571,-0.17027518936292965,0.3898463742377325,-0.7105613285614767,-0.33239718205494984,-0.7367263106307022,-0.33002188519637315,-0.15990635171348128,-1.3595243465075295,-1.0440026608476,-0.1469716669968365,1
0.2619067175886707,-0.7977673323680251,-0.15484123025532542,1.0385308760612593,1,0,0,1,0,0,1.031349634851191,-0.6681817343796319,1.3141804174041594,-0.682570296255559,0.0799281292620776,0.013626281698351053,0.0349888785421419,0.33413724361278574,0.21239700514185392,0.21827041743396094,-0.01833559061624299,-0.9049704235013859,-0.11386941390765998,-0.011447497440402627,-1.117708186052362,0.08094174821871787,0.4029253555288293,0.5353271058078198,-0.5252107151899512,-0.7133741297612541,-0.06009109189729148,-1.5783093774679566,-0.2090151704033342,0.10466463298667117,0.5464798916589959,0.7133741297612541,0.52521071518995055,0.12241856578465546,-0.9349191994684248,0.566923625794934,0.5245297605771081,0.6778011262310818,0.5421051509486824,-0.7638818564886103,-0.6331571317622975,0.5531876071447698,-0.007989514133240944,-1.4440351833122795,0.24236545179233895,0.09311505682453199,0.1325432441225715,0.834086606479591,-0.20711139779498602,-0.5429799678216537,0.3685142142833251,1
1.2128164248064663,-0.2824120129387873,0.27967722576327125,-0.4281154315628296,1,0,0,1,0,0,-0.6595879237025604,0.05691394733221332,0.21396681550962854,-0.5153405463994666,1.1681743538733984,0.44203688360679,1.0610143552039275,1.4355129324056073,-2.24358956731721,2.258796595416745,0.9742205649594717,1.2397138470738753,-0.3866558140513834,0.650289444216231,2.0977211815658023,-1.8686636113291595,2.0126749007455405,0.22975826346097336,1.34624143539365,0.3556359628759853,-0.8256047383301495,0.13116447926123023,1.1892353830639146,-1.055754496189797,-1.042220222387241,-0.3556359628759853,-1.3462414353936507,0.8837206048011639,2.4422969796658496,0.855014590045561,-0.354064273059855,0.4274663494443799,1.3297299961089997,1.0847935651441794,0.4557501964577793,0.5118468759157585,-0.7759052986632599,0.12408133374116129,0.014285041535478216,0.6247321828505417,0.12690220596014448,-1.238494455284687,0.28677986593896093,0.514734606344233,-0.332546584257695,0
-0.2006980048416086,-1.3131226517972627,1.0038746524609323,-0.13478617003801185,1,0,0,1,0,0,0.9430170758222637,-0.6565522928124812,1.0455236076392158,-0.6634748576906765,0.025027980401476878,0.007812776662015243,-0.22782000389075285,-0.7250595229634638,1.8504702961970578,-1.070534755075082,-0.5015707122390822,-0.6000143410638745,0.32734568789635826,-1.2108286300878637,0.52853606990606,0.3040029298839121,-1.6812558875354544,-1.2779490894156758,-1.5250276175565338,0.6941558255444424,-0.8930564392613435,1.5246427819742498,-2.224161259420719,-0.22088116954848425,-0.5956020623864785,-0.6941558255444424,1.5250276175565338,-1.1618917845887227,0.399289661424128,-0.221535855312043,-0.035358594191545405,-0.6971436705140656,-0.3855418889068024,-0.22015379130249568,0.6280067229558705,-0.13582458000542025,-0.7481493064513315,1.7716876281567582,0.6789765228554729,-0.6755996027601162,-0.7095831672681902,2.1785451669535045,0.028074918268798287,0.4113489712753868,0.25068886999071616,0
0.4161082917320974,-1.5192647795689571,1.0038746524609323,1.0385308760612593,1,0,0,1,0,0,1.4730124299958276,-0.6989997545325811,-0.8350740607153893,1.1639007480032328,-2.9843027571322582,-1.4370668212149849,-1.8633866805829997,2.2061546214859424,1.2129819932378012,-2.2428504073476994,-2.3266715397293765,1.0592388092581304,3.9200686382084444,-1.388941615811412,2.3197544785089454,-0.020733310429688817,-1.1086687296136917,-1.697793662422324,2.110417730215288,-0.6484112087471453,1.203270442092953,-0.7041373413140772,-1.6790219973623899,1.9306092694788306,1.3672218899994386,0.6484112087471453,-2.1104177302152882,-1.038102835155144,4.318528190296002,3.538809362275082,2.9794248545627413,2.185499213696451,1.3297299961089997,7.935767186489225,6.103303458073771,2.00011320016017,1.7776459848341521,-0.2553016945782196,1.6838336446156987,0.36540675552078095,1.1592121896841308,3.1710274975505377,0.03983423407198747,-0.26463402725168356,2.265502257394317,0
0.004904094016293398,0.38754990231922204,0.5693561964423357,0.3052077222492148,1,0,0,1,0,0,-0.7353015457273552,0.527906330801816,0.43145089960505906,-0.5795706579358897,1.6578795716124752,0.853901355796427,-0.5145659069625993,1.786618980297312,0.16273814983301885,-0.10357196665403835,-0.4145922396011549,0.26105972674583705,0.5944477289931419,-0.3008642873622028,1.6643981343057987,-0.6098898629324084,-0.050469678264605876,-0.8674171914910052,0.3041828515459608,0.05436948222367098,0.41489636859796525,-0.7848331064765923,-0.8353489972749394,0.08987417601118072,-0.30787384189734357,-0.05436948222367098,-0.30418285154596153,-0.2582324537235989,1.6167552469885829,0.14540105704928116,-0.19901826712392082,-0.20406001926752979,-0.15100471279239655,1.0847935651441794,1.009431888773073,-0.046252995675895824,0.3312503906792172,-0.7695764663000468,-0.14790547242495553,-0.5479950274073763,-0.4785692234735956,0.2701189706253664,0.15873398274867878,0.1992758736982665,-0.11260594157815922,0
-2.128217681634438,0.1298722426046032,-0.4445202009343899,0.3052077222492148,1,0,0,0,1,0,0.9051602648098662,-0.6548078765774086,-0.3361399854376369,-0.30529072218575887,-0.8102388622153178,-0.2676579235212816,-0.19296644617194342,1.1615709540473775,0.2047002008964328,-1.627495391075054,-0.9081862568065088,-2.497204697632081,-0.5431299854751589,0.07690800355406058,1.8823499006326354,-0.4056050013586888,-1.5184614994988752,-0.15994313593683276,-3.5663204598883063,0.13114384342216406,0.3451701116980684,0.2914042203512494,-0.6874259420910159,0.6929608460627495,1.0245332713097752,-0.13114384342216406,3.5663204598883063,-0.48105256270404034,0.5660657690356972,-2.1017084641056063,-1.9303653334085251,-2.2522536475223704,-0.5605696322757617,-2.666930084640012,-2.2019219266556282,-2.340663578886029,0.19555442875423396,0.12408133374116129,-0.39625969692687113,-0.671894953798262,-0.38079122865820925,0.7917890337905242,-0.7833178721512579,-0.8213259083916238,-0.08511336124321738,0
0.13340540580248203,-0.7462318004251005,1.0038746524609323,-1.161438585374874,0,1,0,1,0,0,-0.356733435603381,-0.297202548387525,0.8536258863785419,-0.6438007694723127,0.8182962075876768,0.26897331060202395,-0.12535520522977472,-0.3701905000647186,3.2188866904366473,-0.08400899075539886,0.6562474875925537,-0.9826695434852426,-0.6201075135708394,0.16499018747407396,2.1418827337747075,-0.35487669565919655,0.3092867838828342,0.0900522698465258,1.4967163042581422,-2.824669062719801,0.33916571566005366,2.6537891822081057,-4.75694279412878,0.42017420726071253,-0.7652353599712147,2.824669062719801,-1.4967163042581428,0.04814519612450831,1.7668537438389946,-0.3640650692044592,-0.4832692780064673,-0.34060626115118536,-0.08799472517957138,0.9216751455883455,0.2342775195316623,-0.6663639641110671,-0.19302946221276363,1.33810702436318,-1.7191260764166634,-3.3429468552947976,-3.054643317648205,1.3628062650929278,0.6160407084282594,-0.5429799678216537,-2.9305954259097073,0
0.2619067175886707,-0.2824120129387873,-0.15484123025532542,-0.4281154315628296,1,0,0,1,0,0,1.031349634851191,-0.6681817343796319,0.21396681550962854,-0.5153405463994666,-0.38414517959279965,-0.11561240718634504,0.8287846923432135,-1.0399963209533385,-1.0483178675046927,1.0963189046514434,1.2892417610140332,-0.29129679701351646,-1.4143688765260836,0.5006394175923347,-1.2426309612000126,-0.018387865016807486,0.5721963817467618,0.8471029479136535,-0.37315522795503553,-0.027203276549727037,-0.6522122823556508,0.1825871705012989,1.4146076127124148,-0.9136759742460717,-0.8490462777502336,0.027203276549727737,0.3731552279550348,0.4738907614978518,-1.1493456235404425,0.042728036707328096,0.026167598640175427,0.25922187283773196,0.42958731592577976,-1.0357458890816678,-1.015461157408571,0.139780294854656,-0.6371253376036178,0.12408133374116129,-0.12256320461863823,0.6117659114840535,0.17767154942198057,-1.4288335323854886,0.5337254978059351,0.5704037944582268,-0.3944048900113141,0
-0.7918040390580765,0.7225308599482267,-1.168717627632051,-0.8681093238500562,1,0,0,0,1,0,1.725391170078477,-0.7123736123348045,0.40586453677030254,-0.5766774096684832,-0.4839996721110323,-0.10219662633326239,0.2380133891321386,0.2666325295563784,0.6661645564090773,0.3737494675706847,0.22092841651324635,0.35781007326419695,-0.44042905312222214,-0.4306883531321929,0.050147209298868685,-2.28813048973406,-0.21485657492072047,-1.3480687725635194,1.0782835138328166,-0.5814181964513455,-0.7613021392801588,-0.3157251411128439,-3.210019740975472,-0.7179595201812796,-1.6033445377614053,0.5814181964513455,-1.0782835138328173,-0.24894828251608053,0.3159016076183434,0.824689225387602,-0.6167811164513006,-0.6592141588797168,1.5922716111624382,2.7703505672211355,2.227531611866718,0.03642846678212782,-0.6556293324115703,-0.17942508891434333,0.4096244193140364,-1.3980061503215924,-1.531563013793144,2.1030137871515984,2.2623449208747504,2.054915477498067,-0.8686519007890618,1
-1.5114113850607322,-1.3131226517972627,1.0038746524609323,-0.13478617003801185,1,0,0,1,0,0,-0.81101516775215,1.1669441449167461,1.0455236076392158,-0.6634748576906765,2.8264006182381425,1.4102090685042539,1.369856151930446,-1.7483674472729254,0.2049837212933493,1.6062720817778633,1.5099176961696597,0.792307083992096,-1.3097212828003848,1.0764917387340098,-0.819120258979915,-1.6294813908197345,1.9137522638391047,1.3896096271464657,0.9573302853504951,0.13114384342216406,-0.8292004638275783,1.579112496563273,-1.9176912651908937,-0.27232596904357514,-0.606283619355832,-0.13114384342216406,-0.9573302853504958,1.6078859589875987,-0.40957446049198204,1.5828233418366175,0.31780175266252825,1.1101975588626602,3.0309996616552843,0.10608304780917345,-0.319404172783631,2.0621242970036877,-0.713454316186421,1.717490052682561,0.4704458620491997,-0.6524455467485302,-0.7065611825383191,1.7196920346569298,0.5131466951503537,0.6399902796007193,-0.06964878480481232,1
-0.7404035143436003,0.38754990231922204,1.4383931084795292,0.3052077222492148,1,0,0,1,0,0,0.29945128861150755,-0.5408393492193319,0.43145089960505906,-0.5795706579358897,0.06460651989653063,0.031961182197564,0.35953538900260923,1.8901027575356266,0.14518103819248238,0.2639849848913651,-0.011190138696079766,0.22058353891741544,0.2285627429900032,1.0340868313842857,2.0816568255922796,-0.764122382300683,0.5620248706874451,-0.2300535204917504,0.2430696413654208,0.05977612737849499,0.533304667175802,-0.5088672412700492,-0.9663366453332555,0.2006675573915355,-0.2100547581229354,-0.05977612737849499,-0.24306964136542153,0.8558680911786088,1.7668537438389946,-0.2730889752305771,-0.6124742829530796,-0.3747428216220998,-0.11949971898598452,0.4323198869208419,0.34501385799472056,-0.29429738304996345,0.3898463742377325,-0.5588081172337243,-0.3050275328241268,-0.7367263106307022,-0.6177148314801074,0.28421816152172197,0.03983423407198747,0.06938110143228039,-0.2706882785040748,0
-0.020796168340944693,0.1298722426046032,0.5693561964423357,0.3052077222492148,1,0,0,0,1,0,0.3877838476404349,-0.5734017856073538,-0.3361399854376369,-0.30529072218575887,-0.578168051398727,-0.20505094620689596,1.5299371682343652,2.6968260329315035,-0.0377018855633318,0.09595051607186025,-0.7492887170819235,-0.0096166779043614491,0.8131125853339007,2.4435122028252345,4.021909740074415,-0.7076917195029037,0.8190413687229157,0.10518019696571805,0.07195265285990604,-0.08447776675232606,0.31411372680696303,0.32758252236671803,-0.6596221879854502,0.6825244439562739,1.0768000200171883,0.08447776675232606,-0.07195265285990675,2.821459766827503,4.53295461436802,0.9784821461529727,0.4137826134800123,0.7468870224222174,0.8796586560173902,0.47892514965108013,0.4873891503043674,1.0256531069049009,0.08453045990652028,0.04820472807728505,-0.6882026220556532,-0.892321567028559,-0.6007917169928287,0.5697267771729232,-1.1125787146405561,-1.266679413303576,-0.5181215015185524,1
-0.7918040390580765,-1.5192647795689571,-1.168717627632051,1.0385308760612593,1,0,0,1,0,0,1.725391170078477,-0.7123736123348045,-0.8350740607153893,1.1639007480032328,-3.052579149494869,-1.4473522532023482,-1.1735354279726227,0.659839508984772,-0.3965828928187244,-1.3654816213269132,-1.7611397919927225,0.3506989581386122,2.254841572227359,-0.4299923513106764,0.25167098457657144,-2.395203610295469,0.04821916226434081,-1.1178263401032753,1.1360522199736263,-0.6484112087471453,1.2021862886313943,-0.6535319662406863,-1.8648065357026031,1.8924908727750005,1.1982281292434922,0.6484112087471453,-1.136052219973627,-0.40147395235388267,0.24442613292767115,0.042728036707328096,-1.2105088772773998,-1.1306238034780527,1.1046943260631943,1.9935961883838287,1.436557765702013,-0.6575052359905647,1.8054019770460803,-0.17942508891434333,1.7568193758978938,0.30057539868834077,1.0745966172477384,3.297920215617739,0.03983423407198747,-0.26463402725168356,2.203643951640699,0
-0.9717058755587404,0.20717554051898904,-0.4445202009343899,-0.8681093238500562,1,0,0,1,0,0,-0.4198281206240434,-0.22684442690626339,0.20117363409225028,-0.5147618967459854,0.5958507995942983,0.22335965570154298,1.065347103802661,0.6681358477895399,-1.0870330650400388,1.1605642355332153,1.4122260245549567,0.8503572919031107,-0.654176277618348,0.9252126151529722,0.5859938419592908,-1.044589523629982,0.6938463211400226,0.7834956889380911,0.1590389773671773,1.002053003267564,-0.556929537648405,-0.3300016522826562,0.43629888431446606,-0.8798412739932353,-1.071031951867635,-1.002053003267564,-0.15903897736717798,0.744458036688388,0.41596727218528484,-0.30947941282012914,-0.7804407893836761,-0.4942207832702994,0.9516700704320475,-0.22015379130249568,-0.319404172783631,-0.23228628620644656,-0.7759052986632599,-0.7105613285614767,-1.3906902856467844,-0.996051737960463,-1.2269469530221315,-1.6191726094862895,-0.7010026615289333,-0.32030321536567735,-1.6934293108373202,0
-0.4577006284139859,-0.6173929705677911,-0.8790386569529866,0.3052077222492148,1,0,0,1,0,0,0.5013542806776271,-0.6001495012118003,-0.6559695208720935,-0.013072647177708103,-1.2560035843316955,-0.45145412120851375,-0.9871079910234881,-0.0617203563347662,-0.5128336778541535,-0.3146609838304765,0.2827430066078092,0.43025710307339815,0.15386269925336754,-0.6122139564105665,-0.21695625285632134,-0.7169697602996287,-0.041224659670829895,0.31808352421678715,0.5791922973583978,0.012383503443245562,0.7608807186424991,-0.13262888536000175,-0.019424647144499218,0.3842090220710646,-0.05703310473849967,-0.012383503443245562,-0.5791922973583985,-0.1328961424221005,0.5660657690356972,2.5835603755493204,1.6873748050966186,1.5881094054554559,3.141267139977729,1.6149284287006416,1.397009073393778,2.930279652812927,0.6396503041450882,-0.17942508891434333,-0.1681792866700104,-0.1532440991387405,0.008440404549195996,-0.44541496736468245,-0.28942660841731066,-0.32030321536567735,-0.20882997275045564,0
-1.9997163698482496,-1.132748289997029,-1.6032360836506476,-0.8681093238500562,1,0,0,1,0,0,2.949428059479327,-0.7588913786034072,1.1222826961434853,-0.6669467556115642,-0.4459981407218752,-0.06820998150545304,-0.15829980958781906,-0.46107175080455187,-0.0943093615727969,0.277662212067847,-1.0021473212559249,-0.20251412609078603,0.9596320061080368,-1.2270755822202282,-0.8827467229501544,-1.2717091629100952,-1.5184614994988752,-2.2524003194219535,-3.5663204598883054,3.2608280969842443,-1.0059597248874026,-0.2514808408486888,-1.1490210089081832,-1.8807841652640624,-0.8961899190009316,-3.2608280969842443,3.5663204598883045,-1.3166279713806959,-1.1850833608857785,-1.6771533588941567,-1.9303653334085251,-2.2522536475223704,-1.1906695084040155,-1.5794739542677825,0.012804842605544792,-1.1004416420156866,-1.0257092285706153,-0.4323471077939307,-0.6547508285513128,-1.0954598184368711,-1.6443837770416672,0.834086606479591,-1.853415610241477,-0.7285439282016336,-0.2500688432528684,0
-1.0488066626304537,1.0059762856343069,-0.8790386569529866,-0.13478617003801185,1,0,0,1,0,0,-0.0412600105000692,-0.4478038166821264,0.11162136417060241,-0.48004291753710804,0.11219190592850758,0.026594869856330937,0.07308479585378481,4.340410722360578,-1.1167546693112926,-0.34795481912394866,-1.022470695847654,-1.4888595841949,0.010453088915058356,-0.017553271910478264,6.1714056159222705,-2.1202734308042794,-0.06889602990501392,-1.4102265317724618,-3.179270128744878,1.122534507594003,-0.11916521018493487,0.22502873735624473,-0.6040292751167238,0.4017483885649082,-0.04754974886234678,-1.122534507594003,3.179270128744878,-0.3417899945912644,4.318528190296002,-1.2829236183406676,-1.9949678358818312,-1.9108880428132304,-0.40304466324369825,-1.85133798686084,-0.8177176958673952,-1.1004416420156866,-0.026493508941193386,0.35171115073279,0.40658334717727845,0.015317428625603584,0.17767154942198057,0.506280418139323,-0.5363722402842841,-0.04195727479570725,0.6571863078002155,0
-0.8432045637725518,-0.2566442469673251,-0.4445202009343899,-0.4281154315628296,1,0,0,1,0,0,-0.6722068607066928,0.10168729736574346,0.35469181110078946,-0.5419584304596059,1.2979655871833329,0.49704158510442875,0.1000015768013129,-0.39121320203875193,-2.3006717624910595,1.2112895986031185,0.964316386483353,0.5393481134851311,-0.5302421879715249,-0.20548942974025952,-0.29319819438304234,-1.2719305098109512,0.572430953795611,0.24971428415867786,0.9659140628556914,-0.2223753081429896,-0.34437724383888707,0.2432328825052369,1.8669278744362998,-1.0687613668558684,-1.0098611352145435,0.2223753081429896,-0.965914062855692,0.10385022336961848,0.11577027848446049,1.3553831069019124,0.369483754641173,0.59814915179895,2.1488598350757298,1.7372672433675176,1.2862727349307197,1.4420133285685155,-0.38732140769626244,0.12408133374116129,-0.2776578835933038,0.6895635396829819,0.17767154942198057,-1.9046812251374914,0.9453015509175579,0.9044189231421907,-0.45626319576493324,1
0.544609603518286,-0.5400896726534062,-1.6032360836506476,-0.8681093238500562,1,0,0,1,0,0,-0.5333985536612357,-0.1745119398540853,-0.20820817126385424,-0.35621189169211226,0.4848907830678219,0.14107619980263614,0.24260035690658083,-0.9632836483118684,-0.3931785811605719,0.5707010021595046,0.5674264420303509,-0.025679873563855347,-0.36364858975428777,-0.045316941195645985,-1.276387344006261,-1.5542248595382653,-0.14251497287708695,-0.48251104770286546,-0.2249492467260648,0.1880776393671132,-0.38262185551553923,0.04348021656849033,-1.0243578029549647,-0.9122956429070843,-1.2087602898236853,-0.1880776393671132,0.22494924672606412,-0.11896988561082296,-1.2351161931692491,-0.2821865846279648,-1.0130097982875779,-1.0062691903340089,0.7941451013999841,0.35076067714292497,0.5111183656893089,-0.29429738304996345,-0.3595654154843339,0.04820472807728505,0.03253147435602734,-0.5033334260339178,-0.8038690908401701,0.37938770007212164,0.8629863402952329,1.0714264874841732,-0.1469716669968365,1
-0.6376024649146498,-1.4419614816545723,1.0038746524609323,-0.4281154315628296,1,0,0,1,0,0,-0.15483044353726144,-0.37395686273071954,0.07324181991846762,-0.4748350706557764,0.18715438942048138,0.07936360787845599,0.5539356729301774,0.8929923796127276,-0.09571264881780552,0.6148918321016453,0.7887729443005804,1.1418771884617043,-0.19611333492960423,0.1323846778347417,2.2697710791970946,-1.51659528438685,0.6061563997520056,0.004489362110764764,0.2654778184316193,1.2940866261665431,-0.6379838272474008,1.0481467744100423,-1.3931896035904698,-0.22962488578620602,-1.0210604701890416,-1.2940866261665431,-0.26547781843162,-0.06326485836571254,1.6918044954137887,-0.6733837887156574,-1.2843403086754637,-1.0233374705694662,0.41608517572303205,-0.38327221085833024,-0.5408768497097485,-0.8523972546416179,-0.7759052986632599,0.5034643620605421,-1.0257616292358074,-1.488770049887009,-1.4638705558440304,-0.3819686083310823,-0.9479482933959068,-0.48731077970765985,-1.198562864808365,1
0.10770514344524394,-1.0296772261111817,-1.6032360836506476,-0.4281154315628296,0,1,0,1,0,0,-0.3188766245909836,-0.3030172691711004,-0.1826218084290977,-0.36141973857344384,0.1576928346764115,0.04627134844085214,-0.185923730436123,-1.4305535093686326,1.8198985306708708,-0.09721894042105055,1.079814932129288,0.47717738390372855,-0.9976100759185957,-0.6467872520210366,-0.505058846938493,-0.2607994211273172,-0.11345771703538463,-0.05154030781631057,0.1590389773671773,0.4930801176436278,-0.38773072830084454,1.457522721021382,-2.7499405252214144,0.018833786411267796,-1.4541313758219514,-0.4930801176436278,-0.15903897736717798,-0.6203151308168162,-0.4846237089171882,-0.04564874029587195,-0.173177266134598,-0.20406001926752979,0.2270552128845555,0.18764225758709038,0.12354118106860354,0.2638024885416898,-0.5261013687559044,0.9587239960437993,-0.7794347861583975,-1.929623276347602,-1.8023328455895995,0.37938770007212164,0.12214944469431245,0.4033962301162448,-1.3841377820692236,0
-0.12359721776989524,-1.132748289997029,-0.15484123025532542,-0.13478617003801185,1,0,0,1,0,0,-0.7100636717190902,0.2278667383693284,-0.029103631420558513,-0.4447452886747494,1.2208646399555152,0.5189540271644637,0.4885415293686315,0.5511535412054334,0.3563346627761858,1.3410089695613092,1.9486745366508011,2.0436115656295275,-1.4670027417317417,0.0025143579007081245,1.200738565434055,-0.30602408680602367,1.3882270187758419,1.4592254205081092,2.110417730215288,0.6941558255444424,-0.6768165722178975,0.44639800360053233,-0.7946461156865416,-0.43507445490464336,-1.1087227279180107,-0.6941558255444424,-2.1104177302152882,0.10385022336961848,1.3165582532877582,0.43652455776570404,0.2015172482105774,0.76883195415352,1.0146800580448727,-0.05703537174666111,-0.8730858650989243,0.6358690696027934,-0.859173275299045,-0.1035484832504671,-1.3450742035954124,-1.4758037785205207,-1.5146398993058652,-1.016432198667086,-0.20711139779498602,0.1250502895462747,-1.198562864808365,1
0.2105061928741954,-0.6431607365392533,-0.8790386569529866,0.5985369837740325,1,0,0,1,0,0,0.21111872958258027,-0.5199063543984607,-0.822280879298011,1.1326536667152434,-2.1969304363763924,-1.2751830655877878,-0.8386206443543028,0.1900962051938,1.7187307226971578,-1.7985107281876922,-1.3782353336928985,-0.7844582647994911,1.7037660223439581,-0.7708335889374252,-0.17578029140460857,0.37084294636793397,-0.9583131090083348,-1.1879679354185626,-1.1515885432024495,0.07222398482797085,0.39591458065348606,-0.4370058445383469,-1.9769010786046932,1.4794250889592664,0.6319539644668214,-0.07222398482797085,1.1515885432024489,-0.9266927806649233,-0.5596729573423944,-1.2920212277380552,-0.9354867953196102,-1.2110885531594928,-1.537224440274555,-0.6279498401920818,-0.1532996650890431,-1.5965304167638241,0.3620903820258042,-0.4070549059059717,0.014285041535478216,-1.0090180093269512,-0.44848368660732285,1.489698983160128,-1.3595243465075295,-1.4893561657595522,-0.08511336124321738,0
0.31330724230314594,0.5163887321765315,-0.15484123025532542,-0.4281154315628296,1,0,0,1,0,0,-0.6091121756860305,-0.07566168653330448,-0.1442422641769629,-0.38745897298010185,0.7358313875864229,0.24124736350565315,0.5765853424672879,0.6469747532885917,0.18076390279283908,1.4530307612516709,1.8287343992144338,0.8512806780310684,-1.862376989557904,0.15770506936020712,0.38657023135059737,1.2415721346769562,1.013304176515914,1.3856783550394673,0.22845561284398783,0.9344658179137063,-0.64417890722167,-0.5007355812597458,1.0005499478457305,-0.9581757409285868,-1.0245990697221425,-0.9344658179137063,-0.22845561284398855,0.0759977097470634,0.26586877533487285,-0.23669853764102378,0.42116575661981864,0.8371050750953478,-0.7811045889206503,-1.1173050988595852,-1.3160312189511594,0.3258135853852078,-0.6648813298155464,-0.5588081172337243,-0.33239718205494984,0.20981149912292413,-0.194636969298146,-1.3336639938350878,0.12214944469431245,0.6817421706862145,-0.5799798072721716,1
-0.6633027272718879,0.3102466044048362,1.4383931084795292,0.3052077222492148,1,0,0,1,0,0,-0.6469689866984278,0.03772536874641469,0.022069094248954552,-0.4545823327839313,0.9932680292086238,0.38032429168260984,1.7977930437667577,0.7172044393586129,-0.5264259850261613,1.3802987129664124,1.0259408251391349,1.9011800627647302,-0.16023761591446892,2.6581083372082923,2.6153190727505518,-0.8842461489883285,1.5161749797323487,1.0312887263056265,1.0967144819825039,1.505274782839251,0.15607554051062955,1.6355836334842258,-0.16894014645409555,-0.3612813555978585,-0.326920601948626,-1.5052747828392519,-1.0967144819825045,2.8333965583800262,2.81754322179188,0.6093791363160792,0.020630241285320403,0.6322857122698633,1.2352150146897614,0.10608304780917345,-0.3747723420151606,0.5738579727592754,-0.10976148557697851,1.0346006017076752,-0.9162830323125138,-0.8534227529290943,-0.9223308922511192,-0.5723076854318833,-1.1125787146405561,-0.5986491559356475,-0.45626319576493324,1
-0.4577006284139859,0.8256019238340739,-1.6032360836506476,0.3052077222492148,0,1,0,1,0,0,-0.6217311126901629,-0.0657766612012264,0.38027817393554597,-0.5471662773409375,1.1350881361455076,0.37227482317076027,-0.7765692511004189,1.971995674268766,2.1685494529146285,-1.236147766917832,0.3237285197888666,5.971883699536197,0.7421118375846463,0.5646260784342058,0.975791199900132,-0.40267752392440853,0.2729916531933524,0.8769411383511323,0.416552302523086,7.73180560207293,1.6440061722320194,-1.7290997469242575,-3.3691318264426693,1.9406497337652517,0.43529940821473595,-7.73180560207293,-0.4165523025230867,0.5494904413305014,0.9413120111617277,0.09081540066495114,-0.1344157646506147,-0.01630893667750248,1.0776900456576979,-0.22015379130249568,-0.4301405112466897,0.2638024885416898,1.194770148383656,-1.6969572021918669,-0.7155722712864762,-2.1759824323108745,-1.531563013793144,1.6800380602609295,-3.4997198226879678,-1.6563637301015341,-0.45626319576493324,0
-0.6119022025574117,-1.132748289997029,0.27967722576327125,-0.8681093238500562,1,0,0,1,0,0,-0.6343500496942954,-0.015770062462478456,1.1222826961434853,-0.6669467556115642,1.4835397505605072,0.5033022828358673,0.9993142565564892,-0.16095107950225465,0.7008667915298984,1.4063085647994389,0.4895017417871345,2.464560441709402,0.3093462914965656,0.7449667236914784,-0.1673450972251232,1.35954481723262e-4,0.546589256182872,0.09913461525367774,-0.37315522795503414,3.731457308046211,-0.645208827110642,0.053267762968457276,-0.9579717620551405,-1.3578435936097788,-0.5395905813353921,-3.731457308046211,0.3731552279550334,0.6609004958207222,-0.18442671521636386,-0.082039177885424,-0.06981326217730856,0.15437386567706757,-0.37153966943728567,-0.6279498401920818,-0.5408768497097485,0.015758101167622184,-0.8175392869811524,-0.36911660307403377,-1.240157214877256,-1.4628375071540325,-1.785409731102321,0.17318703321292087,-2.2649916633530998,-1.2388448192465789,-0.76555472453303,1
1.0072143259485644,-0.8493028643109486,-0.15484123025532542,-0.4281154315628296,1,0,0,1,0,0,0.12278617055365294,-0.4850180296970086,-0.6943490651242283,0.10381458282551219,-1.173675237256694,-0.45324289198892476,0.08084234771219481,0.24103866013078654,0.5856425995116028,-0.33377844661277684,-0.34877668865465494,-1.531446331536895,-0.45943441856385436,1.8396574010645048e-4,0.29129315741033673,-0.3835931421469039,0.5227214745494817,0.04214409626562872,-0.946287449071263,-1.1501937710630232,-0.11222943601483644,-0.039022035032949445,-1.1860671669516158,0.969234814054019,0.494572284246535,1.1501937710630232,0.946287449071263,-0.007559831120602114,0.26586877533487285,-1.6069330893092284e-4,-0.19901826712392082,0.017827623793410803,0.006520256239666901,-0.6279498401920818,-0.26403600355210183,0.2638024885416898,0.16779843654230542,0.35171115073279,1.209426391281428,0.31354167005482897,0.7022880985276131,1.9021003168785307,1.5215080252738291,0.9600881112561845,1.3994859768436472,0
-0.12359721776989524,-1.0296772261111817,-0.15484123025532542,-0.4281154315628296,1,0,0,1,0,0,-0.7100636717190902,0.2278667383693284,-0.1826218084290977,-0.36141973857344384,1.086513328932512,0.4545582790696671,0.24132809867723792,-0.12747660839357425,1.775600962720356,0.8260068197843485,1.8497933484676967,1.6381815421240262,-1.3763653607663562,-0.03477061912317567,1.2252584952478671,-0.3026608115817322,1.093378625803822,1.2507584819987931,1.90767708056873,0.3422733367180179,-0.3703149887261491,1.4024027087685331,-2.731450926165333,-0.0317063950101367,-1.1836997311354711,-0.3422733367180179,-1.9076770805687304,0.1317027369921738,1.4666567501381707,0.7003552302899613,0.42116575661981864,0.8712416355662611,1.2352150146897614,0.4323198869208419,-0.3747723420151606,0.9459245538203791,-0.5538573609678327,0.8069707847160468,-0.989268763594709,-2.0592859900124822,-1.9377177614878267,0.4428340591057229,-0.04248097655033679,0.1250502895462747,-1.5078543935764617,1
-0.6119022025574117,-0.8493028643109486,0.27967722576327125,-0.4281154315628296,1,0,0,1,0,0,-0.6343500496942954,-0.015770062462478456,-0.6943490651242283,0.10381458282551219,-0.14798422718954263,-0.09235838704100179,0.6150866740136222,-0.19257690970102878,0.6758152558825303,-0.32224695885542703,-0.11433260332329465,-0.8623598179267516,-0.5663484838713334,0.7744910315730402,-0.11332903159878276,-0.033943224667403155,0.5044704321679477,0.4044496589711456,0.05260013630273529,-1.2283241134096814,-0.08143067988742543,0.15078731618994373,-0.9579717620551405,0.9355590968373632,0.5435043561165458,1.2283241134096814,-0.052600136302735995,0.7166055230658329,-0.10937746679115769,-1.6069330893092284e-4,-0.018131260198663828,0.18851042614798086,0.038025250046078915,-0.46483142063624716,-0.5408768497097485,0.20179139169817292,0.11228645211844858,0.4275877563966659,0.8353745184601769,0.15794641365697218,0.5330569536548284,1.4262526241265279,1.2745623934068555,0.6817421706862145,1.0901944480755505,0
0.544609603518286,-0.12780541711001567,-1.6032360836506476,-0.13478617003801185,1,0,0,1,0,0,-0.5333985536612357,-0.1745119398540853,-0.7327286093763631,0.22938155763095183,-0.5876010482317433,-0.31148280764135156,0.22948488031873998,-1.8727808057781388,-0.7106008627304073,-0.7002498325841109,-1.0691371399397944,-0.9511024388436305,1.3185631050549738,0.02855071034999669,-1.450064588992817,-1.3991638319068567,0.0016695209235451812,-0.35023814630923594,0.3186972389638403,-1.6132703306944058,-0.2905767789856302,1.1178075565179815,-0.43460953159855237,0.947647815838215,1.0479912623976235,1.6132703306944058,-0.3186972389638417,-0.17467491285593337,-1.4602639384448675,-0.7643598826895395,-1.2972608091701252,-1.2281568333949502,0.29006520049738066,0.6769975162545934,0.5664865349208381,-0.790386157798101,-0.24854144663662048,1.1104772073715516,0.15113328768959466,-0.10137901367278856,0.27921023634565156,0.8552353928241243,0.2044646553166367,-0.48731077970765985,0.47161139053935697,0
-0.6119022025574117,0.026801178718756015,-1.168717627632051,0.3052077222492148,1,0,0,1,0,0,0.17326191857018283,-0.5146731056932429,0.047655457083711085,-0.46846992446748226,-0.08986322073364038,-0.03377614398254093,-0.8255616185671516,-2.0021294670422667,1.259262875890437,-0.7158776578300984,-0.455311541602128,0.9338541662956671,0.30523733837903666,-1.3481340002461362,-0.30865222200346343,9.800261433224953e-4,-0.831962863966918,-1.1117014112972805,-0.12528395424331848,1.3979208031972914,-0.19907608145188796,2.4387845059376976,-1.7204697051376092,0.14214439669988224,-0.49343274960440997,-1.3979208031972914,0.12528395424331776,-1.3444804850032512,-0.5596729573423944,-0.9372144612399159,-0.7933612898783374,-1.040405750804923,-1.0646495331783645,0.10608304780917345,0.17890935030013266,-1.1004416420156866,-0.47058938433204756,1.4898602356909325,-1.235595606672119,-1.7869942913162333,-1.633101700716815,-0.0647368131630805,-0.6186874509066087,0.013711913318286572,-0.76555472453303,0
0.5189093411610479,1.3667250092347738,-0.4445202009343899,-0.8681093238500562,1,0,0,0,1,0,-0.09173575851659908,-0.41640432445081954,0.17558727125749374,-0.5095540498646537,0.19731576375869894,0.07355010284212017,0.15777603225707662,-1.9226669218536652,1.1573933304096629,-0.306456215339527,0.39200236588999166,-0.49685987091485695,-0.21693896267368862,-0.6300582380159704,-0.47879423457476056,1.134149024466306,-1.0290518486074247,-0.8462932191844761,-1.802476807963261,1.1100169487029459,-0.8489381812237259,2.1592751357303537,-0.442485062902412,-0.6063876218562048,-1.335862885275172,-1.1100169487029459,1.8024768079632603,-0.6203151308168162,-0.4846237089171882,-0.13662483426975403,0.459927258103802,7.593435579547688e-4,-1.0961545269847772,-0.7910682597479163,0.012804842605544792,-0.23228628620644656,-0.5816133531797613,2.9315157433045793,1.5378621820513083,1.026686595211671,0.6853649840403343,0.506280418139323,0.28677986593896093,1.0157572993701793,1.0901944480755505,1
-0.7918040390580765,0.20717554051898904,-0.15484123025532542,0.5985369837740325,1,0,0,1,0,0,0.3877838476404349,-0.5664241206670634,-0.016310450003180245,-0.45284638382348746,-0.26477370117543686,-0.08565049661446048,-1.4135539324409077,-0.17929557001811036,1.3123665914607308,-2.076145676683589,-0.7675359157145307,-1.6103300152674813,0.12755720080529678,-1.233930505121887,-0.636264159561004,0.16265321087679863,-0.6059332696514541,-0.448750613850937,-1.1676986894219978,-1.0381887348318,0.7326523310189285,-0.39130667083537946,-1.630598304352557,2.2039058095677557,0.5597166490353408,1.0381887348318,1.1676986894219978,-1.17736540326792,-0.6347222057676005,-0.16391766246191838,-0.05689276168264715,-0.2894014204448148,-0.24551969421163483,-0.46483142063624716,0.06817301183707392,-0.10826409251941274,0.5933903171252076,-0.4323471077939307,-0.2290007294051737,-1.0090180093269512,-0.20591904562299765,0.41111087958892223,0.2044646553166367,-0.26463402725168356,-0.45626319576493324,1
1.0329145883058024,-0.5916252045963298,-0.15484123025532542,-1.8947617391869185,1,0,0,1,0,0,0.08492935954125552,-0.4762959485216456,0.8024531607090287,-0.6391715722444624,0.36857532039531354,0.1276604189495535,0.63835508316212,0.07937659289534477,0.7483868728517766,1.244112716167936,1.1005085606254998,-0.4152722410405287,-1.3841504254141426,-0.08055744450177983,0.44836343976766346,-0.40337436340904076,0.3187608741734571,-0.14346932656985187,-1.2379708116036303,0.6614225707698917,-0.9681403317893736,0.34021378647628575,-1.428422260247805,-1.3646381897695086,-1.5707849006386216,-0.6614225707698917,1.2379708116036297,-0.17467491285593337,0.26586877533487285,-0.38226028799923456,-0.5220307794904515,-0.3747428216220998,-0.2770246880180474,-0.7910682597479163,-0.319404172783631,-0.10826409251941274,-1.053465220782544,-0.1035484832504671,-1.1261170097488256,-1.5795339494524245,-1.886948418025992,-0.2550758902638815,0.4514102871836102,0.9044189231421907,-0.9511296417938885,0
-0.09789695541265715,0.8256019238340739,0.27967722576327125,0.3052077222492148,0,1,0,1,0,0,1.3215851859462378,-0.6850444246520003,0.3035190854312764,-0.5245989408551672,-0.4265438733021422,-0.12142591222268084,0.5556223913365526,0.7101020704537664,1.540699942411615,0.2812567523069601,0.5657529424364447,1.3305908300760514,-0.4618764198785903,0.31907396024743384,-0.16128425399986382,0.2665789266289109,-0.21432369803994364,-0.0920431491808589,-0.16027754582615011,1.9737285121859853,-0.45379151895669867,-1.136208401885552,-1.8383023225418988,-0.5924794373991412,-0.8253687538933782,-1.9737285121859853,0.16027754582614942,0.26168113389743136,-0.18442671521636386,-0.10023439668020068,0.05077807577286339,-0.03337721691295973,-0.24551969421163483,-0.22015379130249568,-0.17175572149955282,-0.2736270174354578,-0.5631093583718088,-1.1911131644326922,-0.6851615499188952,-1.4412270548765527,-1.531563013793144,0.6225987430342572,-0.7558794686104828,0.1992758736982665,-0.6624575482769981,0
-0.07219669305541997,-0.5400896726534062,-0.4445202009343899,-0.8681093238500562,1,0,0,1,0,0,1.1196821938801182,-0.6734149830848497,-0.23379453409861076,-0.3567905413455935,-0.7693751230017505,-0.2421679399004246,-0.16223035689445672,0.14007491984365894,-0.6373877307702814,0.2640443064067394,-0.30272972211577204,0.07526743721109516,0.48853267298163944,-0.6809114432316399,0.20520332996158783,-1.7972952721064175,-0.9091881081497566,-1.9167697529507708,-0.37315522795503553,0.47274661909186166,-0.4547734307557474,0.013310967794480736,-0.9347780373933205,-1.2582421878884826,-1.4777891295649204,-0.47274661909186166,0.3731552279550348,-0.5367575899491508,0.41596727218528484,0.6548671833030202,-0.4574282770171454,-0.767313267037611,0.8571550890128092,1.6557080335896,2.1167952734036595,0.139780294854656,-0.49834537654397587,-0.1035484832504671,-0.3415203984652251,-0.7496925819971905,-1.1423313805857394,-0.0012904541294803558,0.6983559190505837,1.0714264874841732,-0.45626319576493324,1
0.10770514344524394,-1.132748289997029,-0.15484123025532542,-0.13478617003801185,0,1,0,1,0,0,2.60871676036775,-0.7484248811929716,-0.041896812837936774,-0.4447452886747494,-0.9661893902207619,-0.23188250791306123,0.8687769556082998,-0.12385212156236422,0.4708420008322256,0.4627890682460051,1.0519831644257662,1.159730752887695,-1.0676608927694122,0.5125705941167319,0.2172853382240529,-0.304612391556296,0.018261387570564846,-0.13056333397511377,0.4407888507730532,1.1445654112422656,-0.6959010069429699,0.3876626055859419,-0.9497628652450751,-0.6070904952209829,-1.49509931917974,-1.1445654112422656,-0.44078885077305385,0.35452284597261524,0.06573744620098994,-0.3731626786018469,-0.46604194401358573,-0.4316370890736236,-0.14050304819025958,-0.49201782389555315,-0.725437413814846,-0.8937379858706291,-0.8869292675109735,-0.17942508891434333,-1.4271831512878814,-1.605466492185401,-1.68387104417865,-1.175048096251087,-0.28942660841731066,0.29205785388825667,-1.2604211705619852,0
0.10770514344524394,-0.9523739281967958,-2.327433510348309,0.3052077222492148,1,0,0,1,0,0,0.6023057767106869,-0.6222454401893867,0.11162136417060241,-0.47772831892318285,-0.278208395179635,-0.10935170945490646,-0.1749086195386992,0.2413404335347854,-1.0480823580156862,0.363597154556303,0.09101523275401581,-0.5963792077992699,-0.4929978119552055,-0.7943157022399028,-0.9904704481547036,-1.7597050956805318,-0.34496402210039356,-1.0334491388183304,-0.19143037735720503,-0.6235317921885499,-0.5504561973252275,-1.3234788707466503,-0.33557022147217613,-0.8332567177286978,-1.1272861996416084,0.6235317921885499,0.19143037735720433,-0.7595776989295921,-0.9349191994684248,-0.05980057713625324,-0.9541497404785655,-1.0195445194060313,0.7696412173283294,0.9579236832674197,1.1816884152711638,-0.34252823615047884,-0.19302946221276363,-0.9381911455531051,1.8389283235903642,1.3411186758490055,0.8588269075349383,1.0455744699249259,2.879709000542184,2.6579983487330026,0.7809029193074537,1
0.5189093411610479,-0.6431607365392533,-0.4445202009343899,-1.6014324776621007,1,0,0,1,0,0,-0.09173575851659908,-0.41640432445081954,1.2374213288998899,-0.6727332521463771,0.6616758411467345,0.199658442861097,0.08914403311333291,-0.8162889858245844,0.7034138364772256,-1.176497653027122,-1.0331765010557814,-2.8657774462734453,-0.4579633586458947,-0.2529914687507226,-0.09175580923638006,1.3555439474012299,-0.5787511774616068,-0.6407901551687843,-1.802476807963261,-2.120904085066952,-0.37674304271863396,1.028463295183325,0.4006006600109284,1.0154926673736024,0.7175731853498925,2.120904085066952,1.8024768079632603,-0.2582324537235989,-0.10937746679115769,-0.06384395909064733,0.6408142650290589,0.3591932285025509,-1.411204465048904,-0.7910682597479163,0.012804842605544792,-0.10826409251941274,-0.19302946221276363,1.33810702436318,0.8353745184601769,0.9359226956462544,1.345366449044194,0.09387908442092041,2.2623449208747504,1.127095675598167,0.7809029193074537,1
-0.5862019402001745,0.5421564981479937,-1.8929150543297122,-1.6014324776621007,1,0,0,1,0,0,0.8042087687768065,-0.6449228512453304,-0.5664172509504457,-0.1710440025780999,-1.1514624985450665,-0.3638043529683739,-0.7618949463730569,1.262959690522796,-0.040996542852616676,-0.8892348538331605,-0.6533565021145482,-0.05055177892367896,0.5013929419184617,-1.2189478552508188,0.3500305199129588,-1.3925396572732822,-1.3370778144677296,-1.5878269483343583,-0.5666803935267488,0.4930801176436292,-0.15852486503101287,-1.382798919831913,-1.3433244120752184,-0.12452455398356543,-0.7008085180956316,-0.4930801176436292,0.566680393526748,-1.2609229441355856,-0.10937746679115769,-1.1646546961746211,-1.594432320547333,-1.9108880428132304,-0.30852968182446,0.5954383064766764,1.009431888773073,-0.9764194483286528,-0.3040534310604773,-1.3934507795363622,-0.642586540004281,-1.1775795370912954,-1.1423313805857394,0.09387908442092041,0.4514102871836102,0.793080546914203,-0.3944048900113141,1
0.13340540580248203,0.2587110724619126,-1.6032360836506476,-0.13478617003801185,1,0,0,1,0,0,1.750629044086742,-0.7123736123348045,-0.09306953850744984,-0.419863353575054,-0.8201023544756483,-0.2233858467061089,-0.09365438970787267,-2.500531669896393,0.7137681871133682,-1.0449871562332513,-1.3099580118170575,-0.5239638953877829,0.8902792902722146,0.01840295552441066,-1.0587168755659715,-0.6427454339258292,-0.6732639116106821,-3.1201828526538606,-1.4375436385994584,0.7111140177770428,0.1486167250140017,2.3714588664878526,-1.6216421981218987,0.7441132612320503,-1.3432416894816883,-0.7111140177770428,1.4375436385994576,0.0759977097470634,-0.9349191994684248,0.2636699792153276,-0.12149526415595328,-0.3747428216220998,-1.8207693845322692,0.5954383064766764,1.6738499195514247,-0.4803306735805153,0.11228645211844858,2.1727496866658176,-0.058700689746716966,-0.8793552956620708,-0.5669454880182719,-0.3819686083310823,0.28677986593896093,0.7374113588002092,-0.20882997275045564,1
-0.6633027272718879,0.7740663918911503,1.4383931084795292,0.5985369837740325,1,0,0,0,1,0,-0.6595879237025604,0.09703552073888318,0.25234635976176334,-0.519969743627317,1.1912741681300145,0.47647072112970207,0.580597037702702,0.6945397554753635,0.5219150794139465,-0.4712732473662907,-0.5133700255502186,-0.14079625798495915,0.26120210493743007,3.311200109681588,2.3967840157577878,-0.2485065733091145,1.9096611791710272,1.5255274885461931,1.164294698531354,-1.3467626096488186,2.501177820688462,1.4477680006763147,-0.9632005381106155,2.5302470890561626,2.1567868487400683,1.3467626096488186,-1.1642946985313547,3.1676267218506893,2.2921984828154374,0.11810822885711679,-0.031051760693324323,0.7346953936826055,0.3845801819166189,-0.38327221085833024,-0.8730858650989243,0.3258135853852078,3.2209575798544283,2.1727496866658176,1.6199711297437773,0.7673611678819103,1.8530598836625478,2.6634566252817358,0.03983423407198747,-0.5429799678216537,2.451077174655176,1
-0.25209852955608386,0.10410447663314094,-0.4445202009343899,-1.6014324776621007,1,0,0,0,1,0,0.3499270366280375,-0.5472355420812648,-0.3361399854376369,-0.31859966421582847,-0.5574874870442571,-0.17464184293990864,0.3689299255188264,0.46192323048135653,1.2904178083785214,-0.5727714156434327,-0.9087982755614412,-0.22009524329870597,0.914626666878369,-0.20006526180149742,0.23741182287393198,1.4565581007761808,-1.20120258087809,-1.475161581932514,-0.30219600057873947,-4.693472038239746e-4,-0.7129088944790613,-0.396170177965351,-0.3003439519535961,-0.4173146867303887,-0.2587259003501862,4.693472038232714e-4,0.30219600057873874,-0.2582324537235989,0.11577027848446049,-0.2821865846279648,0.48576825909312477,-0.05044549714841698,-1.8837793721450944,0.8401159358104279,1.1201682272361313,-0.5423417704240322,-0.6926373220274746,-0.4070549059059717,-0.12256320461863823,-0.2569742700706454,-0.39771434314548676,0.2207718024881207,0.36909507656128593,0.4033962301162448,0.22417816752487937,0
-0.25209852955608386,-0.07626988516709207,-1.6032360836506476,-0.4281154315628296,0,1,0,1,0,0,2.9999038074958566,-0.7588913786034072,1.1222826961434853,-0.6675254052650456,-0.45471717093668906,-0.06776278881035029,-0.27565394136173643,-1.754683360221356,0.7288952955050908,-0.7143530113834382,0.4958153503039767,-0.03986759461486417,-1.2829551582954624,-0.9949089085497353,-2.0179960267707995,-0.8510796227250165,-1.8509982553893118,-1.0161774007448228,-0.018359091073560794,-0.03616632107643766,-0.6107977431443735,0.3867738593447018,-1.851677230125123,-0.8703733526771505,-1.6366836873751578,0.03616632107643766,0.018359091073560086,-1.038102835155144,-1.9355758451378398,-0.7977177838132969,-1.0689986337644437,-1.6264167055556134,0.3845801819166189,-0.49201782389555315,-0.5408768497097485,-1.5138489543058005,-0.44283339212011924,0.6552175733882943,0.7897584364088047,-0.38663698373552574,-0.685407289429221,1.2359135470257274,1.8507688677631275,2.017802685422071,0.10046155601764112,1
0.10770514344524394,-1.8284779712265005,-2.327433510348309,0.3052077222492148,1,0,0,1,0,0,0.6023057767106869,-0.6222454401893867,1.672389497090751,-0.6987724865530351,0.3521141607070098,0.0614759000743458,-1.2004304584903267,-2.329524927597942,-1.0734887648057907,-0.838356740641016,-0.6683882955792435,0.31403959564145273,0.8769580351784942,-0.7832382390338595,-1.0577483069613314,-1.8805763390313923,-0.5609358873101524,-0.8329481161900439,-0.01001094667634824,0.43824128821613356,0.8866253544202258,2.1377170367499816,-0.42230275505978127,0.5763514465263656,0.05572580395114776,-0.43824128821613356,0.010010946676347532,-0.7595776989295921,-1.009968447893631,-0.12752722487236504,-1.0646918002662225,-1.1940202729240363,1.140700033270523,0.758556726032511,0.8433273810784847,-0.4183195767369984,0.6951622885689447,1.793366658346437,-0.33239718205494984,-0.4903671546674297,-0.24540631275998087,-0.2233527107470814,-0.37174181903963527,-0.2089648391376897,-0.332546584257695,1
0.15910566815972013,-0.6431607365392533,-0.4445202009343899,0.5985369837740325,1,0,0,1,0,0,0.4634974696652297,-0.5838682830177894,-0.822280879298011,1.1326536667152434,-2.3390448257748164,-1.3243742620490908,-0.46208447731691843,0.9828351764990676,0.5343871405144204,-0.7355131250278302,-0.777686501832969,0.32432809696716225,1.9536757869945014,-0.5585867528784623,0.6570221677344432,-0.8250136901416318,0.24633315643372689,-0.022607234404850855,0.5391776954544701,-0.09240503183227083,0.08440641224333399,-0.6907817396170004,-1.5595843177337658,1.2378905217762646,0.9889589760744578,0.09240503183227083,-0.5391776954544708,-0.32631637591206714,1.0663940918704047,1.1329970994102008,0.4671053139341695,0.554530213419448,1.4347466421303747,1.501651748453534,1.3047287913412295,1.1732985755799412,0.0012624832707351544,-0.7105613285614767,-0.2594114507727547,-0.996051737960463,-0.5161761445564365,1.331083085576127,-1.7711003996191523,-1.9903788587854983,-0.20882997275045564,0
-0.6633027272718879,0.1298722426046032,1.4383931084795292,-1.6014324776621007,1,0,0,1,0,0,-0.6595879237025604,0.09703552073888318,1.7619417670123987,-0.7062949320482919,1.7554847444963106,0.6204667689527891,2.592800992197449,1.7458966562415033,0.10403947935182421,2.60690009635229,2.896199056743703,0.787259239825921,-2.690361304322062,3.2050906944553246,1.922967362889647,-0.10778098709178038,2.0739113295577765,1.817580638790998,1.0614552385657117,0.020989325180847843,-0.4028640379567752,-0.4699114617468166,-0.25053495128560205,-1.4652988736173422,-1.9906868874968717,-0.020989325180847843,-1.0614552385657123,2.8891015856251374,1.6918044954137887,-0.1548200530645294,-0.18609776662925942,0.6322857122698633,0.19555021907814235,-0.8726274695258333,-1.3160312189511594,0.2638024885416898,-0.19302946221276363,-0.17942508891434333,0.9722227646142934,0.6765972683164937,-0.008482709938082702,-0.0647368131630805,2.2623449208747504,2.5188253784480175,0.47161139053935697,1
-0.25209852955608386,0.10410447663314094,-1.6032360836506476,-1.6014324776621007,0,1,0,0,1,0,2.9999038074958566,-0.7588913786034072,-0.3361399854376369,-0.31859966421582847,-1.3301290566613373,-0.3374199839573113,-0.3047983302962173,-0.9099292484162741,-0.3562932210018391,-0.5878328450286157,-0.47898927448406714,-0.6760217043453403,-0.8896033082578472,-1.1311798919345155,-1.6829199824617194,-0.7015609999658453,-0.9772257656882551,-0.6830489526319229,-0.16027754582615011,-0.7630516575955741,-0.7064321218439412,-0.4370058445383469,-0.21793637767768986,-0.1748760913836545,-0.044154841762702096,0.7630516575955741,0.16027754582614942,-1.17736540326792,-1.685411683720486,-1.0327393599124919,-1.1874365549655046,-1.4415103363381627,-0.16675720969560312,-1.0357458890816678,-1.0945585420250417,-1.4104971262332722,-0.6648813298155464,-0.4070549059059717,0.014285041535478216,-0.10137901367278856,-0.1607907403235886,0.28421816152172197,1.1922471827845313,0.848749735028197,0.2860364732784985,0
-1.1259074497021662,0.10410447663314094,-0.15484123025532542,-2.334755631474145,1,0,0,1,0,0,-0.028641073495936725,-0.449548232917199,0.5977622580309765,-0.6166042357586922,0.36873354108047707,0.13079076781527277,0.3466434957509081,1.009025279163446,0.8312917949414669,0.3135383727132039,0.12637663641707242,-0.33672739450909067,-0.17240265056069562,-0.5326317446740731,0.43502091657369796,-0.9317023302729119,-0.1966229827104514,-0.6941868967622029,-1.2246659564705729,0.7553527801229527,-1.0142155825498558,-0.9491244573958295,-2.0726747210190455,-0.6185380976098276,-0.8420342089320674,-0.7553527801229527,1.2246659564705722,-0.7874302125521474,-0.18442671521636386,-1.537656681467537,-1.684875824009962,-1.6548638392813753,-0.844114576533476,-0.9541866793037505,-0.5408768497097485,-1.2864749325462383,-1.0257092285706153,-1.0140677512169813,-0.5969704579529088,-1.488770049887009,-1.5823323572549794,0.886958572340925,-0.37174181903963527,-0.04195727479570725,-0.7036964187794109,0
-0.9717058755587404,-0.6431607365392533,-0.4445202009343899,0.5985369837740325,1,0,0,1,0,0,-0.4198281206240434,-0.2355665080816264,-0.822280879298011,1.1326536667152434,-1.5897796604139562,-1.0565058376825407,0.3366045879387652,1.2435142605859948,0.6953445590181973,-0.15904860631660273,-0.24511529176340047,-0.14939628878658961,1.3768156147577832,0.5588914698322969,1.0173451515991836,-0.8593906413194199,0.9092073924416338,0.5190783558225047,0.513835114248652,-0.7133741297612541,0.09038089804607452,-0.6876083081340288,-1.8141640215670112,1.1164188927981447,0.8254408681068853,0.7133741297612541,-0.5138351142486527,0.4102278732177254,0.7912135143113154,-0.32767463161490584,-0.7029177864157086,-0.34060626115118536,0.3845801819166189,0.35076067714292497,0.12354118106860354,-0.29429738304996345,0.08453045990652028,-0.6346847228976005,0.041654690766301246,-0.9052878383950472,-0.4654068010946016,1.7752075988113303,-1.1948939252628807,-1.545025353873546,-0.023255055489598248,1
-0.6119022025574117,1.1605828814630785,0.27967722576327125,-1.6014324776621007,1,0,0,1,0,0,-0.6343500496942954,-0.015770062462478456,-0.4512786181940413,-0.21386407693571524,0.44498297934688336,0.1531504025704105,1.3683483597115529,0.5213529919214488,0.34631807571658785,0.8788846391310805,0.20639412603615614,-0.08869018901036511,0.024090139341398285,0.8603560767734911,-0.19720691603570953,-0.14854867207205164,0.5034086130751368,0.18575205210908896,0.06512235289855199,-0.18555039652161812,-1.0430640488256018,-0.9131309023321013,-0.6227055006818785,-0.6881450831298364,-0.08697174701729701,0.18555039652161812,-0.0651223528985527,0.8001630639334981,-0.18442671521636386,0.00893691608845806,-0.06981326217730856,0.13730558544161034,-0.05648973137315825,-0.05703537174666111,-0.09793149585751397,0.07776919801113909,-1.0257092285706153,-0.9381911455531051,-0.3871364805165972,-0.6329961396987983,-0.8377153198147269,0.6331731362065233,-0.20711139779498602,-0.32030321536567735,-0.332546584257695,1
-0.6633027272718879,-0.6431607365392533,1.4383931084795292,1.0385308760612593,1,0,0,1,0,0,-0.6595879237025604,0.09703552073888318,-0.20820817126385424,-0.36720623510825673,0.839699867446829,0.3584118496225749,2.0829520272304114,-0.5371759051933108,0.45700578641981815,1.4118825103530028,1.6724097002882987,1.2362913477424013,-1.051624845661648,3.052644599707306,1.492942744795354,-0.024887775191666912,2.095004031050528,1.7236243998953968,1.339121780472951,0.3580292690535297,0.1537710172751345,2.2328880560861513,-0.649752033720098,0.17000795069944383,-0.49143076802382063,-0.3580292690535297,-1.3391217804729518,2.5827239357770297,1.1664597564373458,-0.4186507255887879,-0.3669847735545164,0.4445346296798359,-0.18250970659880966,-0.7910682597479163,-1.3160312189511594,-0.10826409251941274,-0.026493508941193386,1.717490052682561,-0.5969704579529088,-0.8145239388296306,-0.7023304039164997,-0.44541496736468245,-0.28942660841731066,-0.15329565102369538,-0.5181215015185524,0
-0.6376024649146498,0.10410447663314094,1.0038746524609323,-1.6014324776621007,1,0,0,0,1,0,-0.19268725454965888,-0.37163097441728943,-0.3361399854376369,-0.31859966421582847,-0.15497131341160345,-0.039589649018876745,0.505493902877264,2.002152100536591,-0.4516839142503058,0.16133287279341285,-0.502892324595158,-0.8366938323596247,0.0048919709212682195,0.19442747192207638,1.9755536071283488,-0.3975886273106039,0.39936866356378814,-0.16678380624433647,-0.07652239220166908,-1.0652566185876786,-0.5086319379612735,-0.7689503560148004,0.21792881513475704,0.17805682762254119,0.4909527266467947,1.0652566185876786,0.07652239220166766,-0.03541234474315745,1.391607501712964,-0.7643598826895395,-0.8321227913623208,-0.6478353053894121,-0.6235796198885869,-0.46483142063624716,-0.4855086804782194,-0.6043528672675491,-0.4150773999081907,-0.6346847228976005,0.3700904815361815,0.4302381123532211,0.4822876101929924,0.41111087958892223,0.6160407084282594,0.1250502895462747,0.7190446135538346,1
-0.6376024649146498,-0.6173929705677911,1.0038746524609323,0.3052077222492148,1,0,0,1,0,0,-0.19268725454965888,-0.37163097441728943,-0.6559695208720935,-0.013072647177708103,-0.7743991546155897,-0.2757073920331312,-0.882766082073307,1.2332222537180835,-0.23443194654790736,-0.04184196261908335,-0.22244133821372097,0.0760373055053652,0.030186819521838968,-0.03912700837141175,0.8928488815087963,-0.2100894411598414,0.5178655684768446,0.11860013231339736,0.2654778184316193,-0.1595918522639314,1.1884124802867715,-0.7981998360966491,0.10935669703051541,0.5700324250112183,0.404974579518339,0.1595918522639314,-0.26547781843162,-0.14682239923337803,0.641115017460903,-0.4186507255887879,-0.4574282770171454,-0.23819657973844427,-0.37153966943728567,-0.38327221085833024,-0.5408768497097485,-0.29429738304996345,1.0282341951120857,-0.7864379342253526,-0.1681792866700104,-0.08841274230630035,0.1438253204474232,-0.2550758902638815,-0.37174181903963527,-0.48731077970765985,-0.08511336124321738,1
-0.25209852955608386,0.026801178718756015,-0.8790386569529866,-0.4281154315628296,1,0,0,1,0,0,-0.05387894750420167,-0.4443149842119812,-0.5408308881156891,-0.1814596963407631,-0.6091858395930236,-0.2014734046460739,0.5395686354702635,-0.2824269909790541,-1.5658418921319823,1.3889563606288307,1.1358555968026465,0.818538727093419,-0.6310376879770797,0.5573512436693412,0.07937784391391238,-2.127231961401824,1.8458639639781576,1.6622761240203106,0.7646392799752116,0.3580292690535297,-0.193384526573297,0.4671588900131394,0.0028953508177798357,-0.04606332584950955,0.14622119384345325,-0.3580292690535297,-0.7646392799752123,0.7723105503109431,0.340918023760079,0.8095265430586199,-0.5349512799851129,0.17144214591252482,3.220029624493761,-0.30171300108041293,-0.6516131881728072,1.2559800380379649,-0.19302946221276363,0.4275877563966659,-0.013084607695344815,-0.010615114107371936,-0.025405824425361403,0.15732544345452057,-0.28942660841731066,-0.15329565102369538,0.22417816752487937,0
-0.8175043014153137,-0.9523739281967958,0.5693561964423357,-1.8947617391869185,1,0,0,1,0,0,-0.5333985536612357,-0.18381549310780584,-0.5280377066983108,-0.18724619287557598,0.04139030971397822,0.0033408497109876974,1.319616474684611,0.7807553664334471,-0.6894051582961134,1.5036988147207848,0.8591363706778847,1.2687628888136495,-0.40044340085771074,2.067354746583319,0.3762845669580985,-1.1177811227181476,1.5037601784043615,0.9094816554697435,0.7610291440431215,0.9756618166055823,0.23071767281243458,-0.6946576240268442,-0.18082228333090652,-0.5402972364388318,-0.22898753858850532,-0.9756618166055823,-0.7610291440431222,2.63842896302214,0.8662627627365218,1.4008711538888534,0.49868875958778525,1.1272658390981163,2.0228398598500785,-0.13859458152457876,-0.4855086804782194,1.814079909629618,0.22331042096616224,-0.6346847228976005,0.06902433999712428,-0.03654765684034838,-0.24540631275998087,0.37938770007212164,-0.8656330827735822,-0.5429799678216537,0.10046155601764112,0
0.8787130141623758,-0.12780541711001567,2.1625905351771904,-0.13478617003801185,1,0,0,1,0,0,-0.40720918361991093,-0.25010331004056474,-0.7327286093763631,0.18598283361985518,-0.8168833888562058,-0.33607840587200305,0.8792007214893662,2.021582216822214,-0.6157811085736364,0.8648975569811777,0.1564396762740936,0.1001455885722372,-0.15043463438951363,0.8795341470876707,3.8455231114851305,-1.2825666341530766,1.9453555862367957,0.9322723589889733,1.3891927962267179,-1.2411978630008902,-0.3437298488142805,1.077675598723171,-0.4470623728597617,0.7605604979679019,0.7068032655210679,1.2411978630008902,-1.3891927962267185,0.7166055230658329,3.3428879607683233,-0.2730889752305771,-0.8708842928463041,-0.15285517856115927,0.5421051509486824,0.10608304780917345,-0.4855086804782194,-0.17027518936292965,-0.24854144663662048,1.1863538130354276,0.39746013076700454,0.09311505682453199,0.39767203775660004,0.8552353928241243,0.6983559190505837,0.1250502895462747,0.7190446135538346,0
-0.7661037767008384,-1.0812127580541053,-0.8790386569529866,-1.6014324776621007,1,0,0,1,0,0,-0.3062576875868511,-0.32278731983525655,-0.5152445252809326,-0.18724619287557598,-0.3021483846076716,-0.10353820441857066,-0.3617417969931333,0.36829252489499814,0.29953363190974436,-1.4594511789312086,-1.7311147189022829,-0.5797591747001842,1.6432144835839206,-0.9923617298105163,-0.2978250357549312,0.046314174967731575,-1.7266626648437684,-1.3955959407586649,-0.8293216896597884,0.031788787753525546,-0.4885453732944178,-0.803847631370524,-0.3629312299361243,0.2594952451754584,0.8880061121449455,-0.031788787753525546,0.8293216896597884,-0.9266927806649233,-0.25947596364157,0.07262018187017576,0.08523274375862654,-0.6136987449184976,-0.05648973137315825,0.2692014673650073,0.7879592118469556,-0.5423417704240322,-0.5538573609678327,-0.8623145398892288,-0.47836864461934153,-0.5811310542328463,-0.44848368660732285,0.6014499566897238,-0.9479482933959068,-1.0440026608476,-0.023255055489598248,1
0.5960101282327613,-1.5192647795689571,1.4383931084795292,-0.4281154315628296,1,0,0,1,0,0,-0.5838743016777656,-0.1064797066862538,-0.7199354279589849,0.1599435992131972,-0.4048424178453047,-0.20549813890199872,1.7072271030616604,0.19831672087919114,0.47535501159788035,1.949458493507942,1.4994410072759135,1.1914051235600582,-0.9227872511277492,1.9070680090909493,0.4923398075742431,-0.3904779898523757,1.734516310189321,1.7444582504184076,1.2685285918524662,0.36682327779893126,-0.46842096093608826,0.22101928800541912,-1.042218947589309,-0.9136759742460717,-0.24622279574334077,-0.36682327779893126,-1.2685285918524671,2.109231204193592,0.7161642658861095,0.6821600114951846,0.3565632541465125,1.0760609983917457,1.3297299961089997,-0.05703537174666111,-0.5962450189412776,1.5040244254120325,-0.16527347000083534,0.7310941790521709,1.4831228835896608,0.6117659114840535,0.17767154942198057,2.631733445764935,0.6160407084282594,0.9044189231421907,1.5850608941045057,1
-0.25209852955608386,-1.776942439283576,0.5693561964423357,-0.8681093238500562,1,0,0,0,1,0,-0.33149556159511606,-0.31464671073825107,-0.19541498984647596,-0.3741500309500322,0.16140842586256568,0.047165733831057655,-0.29952286055925414,0.22610118100798318,1.118373380223678,-0.5765574224909583,-0.39793473159931797,-0.5638863577876129,-0.17509514304662074,-1.1418490008980495,-0.30331136947178916,0.9891934466148943,-0.41202102080887537,-0.13102867848940877,0.5745878774132874,-1.3389429987860084,-0.7244282388984474,-0.6141816381786038,-0.5348098601001345,0.3703388901022533,0.3894106384345668,1.3389429987860084,-0.5745878774132882,-1.1495128896453646,-0.4846237089171882,-0.6915790075104341,-0.12149526415595328,-0.27233314020935756,-1.1276595207911904,0.4323198869208419,0.17890935030013266,-0.6043528672675491,-0.7203933142394032,-0.6346847228976005,-0.23204180154193166,-0.46443461193445323,-0.29617565622181696,0.41111087958892223,1.2745623934068555,0.6260729825722207,-0.20882997275045564,0
-0.8432045637725518,-1.2615871198543382,1.4383931084795292,-0.13478617003801185,1,0,0,1,0,0,-0.29363875058271866,-0.3256946802270442,-0.08027635709007157,-0.4256498501098669,0.2188822648167747,0.07846922248825047,1.5945457189973085,-0.3083019593197718,0.025952478899003137,1.2950922524886572,1.0897312597762567,1.4260824563362289,-0.6590876235426955,1.1136469417197938,0.26997285879129884,0.13261395251846428,0.4541531266404552,0.4138817521374876,0.8763442106275502,1.0758588642714109,-1.1045117353475709,0.6936069979770153,0.09778632497210439,-1.2992556144979996,-1.0126290329333767,-1.0758588642714109,-0.8763442106275509,1.217950768271826,0.41596727218528484,0.47291499535525605,0.47284775859846334,0.6493539925053206,0.25856020669096863,0.35076067714292497,-0.04256332662598434,0.139780294854656,-1.0257092285706153,0.6877361186728133,0.10551720563822252,0.13942316884770314,-0.39529675536159015,-0.04207739922250845,0.1456680763006908,0.808986029232487,0.07395085355180434,1
-0.5605016778429365,-1.9057812691408853,0.27967722576327125,-0.13478617003801185,1,0,0,1,0,0,-0.785777293743885,0.9843619123124804,-0.46407179961141953,-0.2109708286683088,1.3366494478975959,0.9200858746716347,-0.2890205100334455,-0.8427163028212691,1.3179042486738117,-0.7693387782119774,-0.27297165005906876,-0.9003147677290758,0.04724622374083325,-0.11815806988486503,-0.4744645530214669,1.0336747051834265,-0.3467102981084254,0.199309521262953,-0.09305301462755473,-1.1356331163529647,0.2838279035259166,0.6813463989868441,-0.7628758664899766,0.6955350591128123,0.5494634691893986,1.1356331163529647,0.09305301462755473,0.24311279148239442,-0.03432821836595151,1.5373352948496766,1.9457848149898431,1.673450806632741,0.5106001571422693,0.2692014673650073,0.34501385799472056,1.4420133285685155,0.5286263352973745,1.0346006017076752,0.9722227646142934,0.37837302688726915,0.65151875506577694,1.5214221626769286,0.5337254978059351,0.013711913318286572,0.8427612250610729,0
-0.5091011531284612,-0.7204640344536393,-0.15484123025532542,-1.6014324776621007,1,0,0,0,1,0,-0.36935237260751347,-0.2948766600740949,-0.2210013526812325,-0.3591051399595187,0.18691062820405024,0.05074327539187969,0.9335434193003832,0.09054304210865359,-1.6372478425446502,1.0667712338837239,0.0905969536818602,-0.034729211431499984,-0.08784610174589413,0.3730706648821639,0.16079720535294506,-1.566930591926305,0.17232076012815717,-0.730449667328563,-0.9053494332772469,0.850548042800631,-0.925347036910998,0.036809943631879144,0.6635585182102129,-1.2702687986621626,-0.8309224065142663,-0.8505480428006302,0.9053494332772463,0.18740776423728422,-0.03432821836595151,-0.5187244289600577,-1.1938968052128347,-1.0745423112758372,0.19555021907814235,-0.30171300108041293,0.12354118106860354,-0.4803306735805153,-0.8036612908751883,0.19995793940503753,0.5069387276902979,0.7932937106148858,0.17767154942198057,-0.09645999267988113,0.12214944469431245,0.6260729825722207,0.22417816752487937,0
-0.9460056132015023,-1.0296772261111817,-1.8929150543297122,0.3052077222492148,1,0,0,1,0,0,-0.5081606796529707,-0.19079315804809627,-0.5024513438635544,-0.19187539010342627,0.03748360888576389,0.0015520789305766788,0.20839198328001898,-0.8708996182227459,0.1051910983300308,-0.3979685869328299,-0.21250625463093614,-0.4256492328092468,-0.24784369827290786,0.2167336379036527,-0.42901348273034656,-0.06444447052507249,-0.39047521538192476,-0.29161349533984265,-0.9140739284464625,0.3260326064644921,-0.07321642827543141,0.7655607683082346,-0.2085602332164584,0.15044134669656928,-0.008435281518877206,-0.3260326064644921,0.9140739284464617,0.18740776423728422,-0.40957446049198204,-0.027453521501095285,-0.05689276168264715,-0.20406001926752979,0.038025250046078915,-0.7910682597479163,-0.4855086804782194,-0.046252995675895824,-0.10976148557697851,0.6552175733882943,-0.13168642102891215,-0.21807545597118072,-0.14386762583630988,-0.033013633646279864,-0.37174181903963527,-0.26463402725168356,-0.2706882785040748,0
-0.7147032519863632,1.2378861793774645,-1.6032360836506476,0.3052077222492148,0,1,0,1,0,0,-0.20530619155379135,-0.36349036532028395,-0.6687627022894718,0.05925855950745297,-0.8038477716495906,-0.32534578118953694,-0.8732089494285297,-1.4490971487244189,1.6962808250638537,-2.2646558672594317,-0.28815727033960264,-0.8717988761236654,-0.05113338698565949,-0.94612581210192,-0.06383069560558792,0.7260768929907724,-1.2057624869384038,-0.48868663617119856,-0.47959406901947754,-0.7133741297612556,0.26886053685119965,1.9249871239726501,-1.5892354587392037,1.8637905313265588,-0.10248882086346525,0.7133741297612556,0.4795940690194761,-0.7874302125521474,0.19081952690966666,0.8004289336612322,1.093031782342202,0.47867119015075044,0.3530751881102058,0.2692014673650073,0.5664865349208381,0.5738579727592754,0.3898463742377325,2.096873081001942,0.534308376921121,-0.4255357978349895,0.2961333508329291,0.506280418139323,0.7806711296729086,0.45906541823023866,0.22417816752487937,0
-0.7661037767008384,-0.12780541711001567,-0.8790386569529866,-0.13478617003801185,1,0,0,1,0,0,-0.3062576875868511,-0.32278731983525655,-0.7327286093763631,0.18598283361985518,-0.9559833383792545,-0.3919774927598474,-0.27887156793638934,-1.5765136538474822,0.8278177855800564,-1.346579352353881,-1.080914899526125,-1.429421765441669,0.5987588512040907,-0.9025628312378201,-0.9369404293716923,0.5068800172587051,-1.217096388571639,-0.9520481444786609,-0.6910894285371356,-1.2641467209678323,-0.5140524426971763,1.2252081115439244,-0.6222891109254277,0.6122898861999291,0.4757525962862771,1.2641467209678323,0.691089428537135,-0.8431352397972577,-0.8598699510432187,0.06352257247278678,0.31780175266252825,-0.20406001926752979,-0.40304466324369825,0.02452383803125581,0.40038202722625016,-0.4183195767369984,-0.47058938433204756,1.1863538130354276,0.0963939892279486,-0.24400799870415715,0.008440404549195996,0.664896315723324,0.5337254978059351,-0.04195727479570725,0.22417816752487937,0
1.2385166871637046,-1.0296772261111817,0.27967722576327125,0.3052077222492148,1,0,0,1,0,0,-0.6469689866984278,0.05691394733221332,-0.5024513438635544,-0.19187539010342627,0.39956654801998714,0.19205616704435016,0.05561109158434956,0.3847489836257241,-0.5820990599177803,1.075850756726314,0.06993871616852865,0.07096187749128677,-1.6790293554736415e-4,0.07421001685564485,1.5304486112507638,-1.4622332196094758,1.709037884162605,-0.005974611281198191,-0.16027754582615011,0.2557448558590603,-0.0031788021199013073,1.005089767114261,-0.6736544531318596,0.24124774656356912,-0.0967568013875563,-0.2557448558590603,0.16027754582614942,-0.06326485836571254,1.1664597564373458,-0.4823339913705056,-1.1163738022448682,-0.4942207832702994,-0.15100471279239655,-0.30171300108041293,-0.26403600355210183,-0.29429738304996345,-0.16527347000083534,0.6552175733882943,-0.615216890773458,-0.840456481562607,-0.7023304039164997,-0.12818317219668063,-0.5363722402842841,-0.48731077970765985,-0.76555472453303,0
-0.6633027272718879,0.7482986259196881,2.1625905351771904,-0.8681093238500562,1,0,0,0,1,0,0.2742134146032426,-0.5268840193387511,0.5082099881093286,-0.5975087971938096,0.11738795485132536,0.0565567804282155,0.3663817635007063,2.3565379099004344,1.8544751216596258,0.7924214354057483,1.4444870257219007,-0.42389235388129815,-1.9733164546241546,-0.13029737488428322,2.8958256140524252,-0.7878917331695099,-0.17698182422123337,-0.2516081180573981,-0.07652239220167051,-0.5022446364654003,-0.6396543626059796,-0.33344770670295615,-3.3268848244393117,-1.2460023838059882,-2.1235502343208337,0.5022446364654003,0.07652239220166979,-0.08315951095325189,2.81754322179188,0.19868705494826952,-0.25070026910256554,-0.3015930491844266,0.7446372539899067,0.8284646201278684,0.96197345800319,0.3169548572647054,-0.7481493064513315,-0.5588081172337243,-0.8524205174405927,-2.240813789143315,-2.4200265243752632,0.8076506235489245,1.8507688677631275,1.6837875567381073,-1.8480750752213686,1
-0.3034990542705592,0.0010334127472937634,-0.8790386569529866,0.5985369837740325,1,0,0,1,0,0,-0.48292280564470574,-0.2000967113018168,0.27793272259651985,-0.5222843422412421,0.7499527009281882,0.2497440247126055,-2.2536781939886255,-3.6218123707131697,0.9659773286103602,-0.712000046687165,0.5123745107761416,-0.11253901392245429,-0.6925376504175593,-0.41143739971994475,-0.5835184071450611,0.4537502965962121,0.05667945974730311,0.8275387169074208,0.1590389773671773,-0.31122271395962775,2.722690987370073,4.386495211383366,-0.8645480800750202,1.0180685107139045,0.14181853167318492,0.31122271395962775,-0.15903897736717798,-0.28608496734615396,-0.40957446049198204,0.5365982611369737,0.705416767502365,0.700558833211691,0.7311351137871589,-0.6279498401920818,-0.762349526635866,0.6978801664463103,2.767609707059598,4.457478590544756,0.41976132643656383,-0.11578598185777568,0.2923726587246456,0.5168548113115892,0.15873398274867878,0.013711913318286572,0.23105131260861483,0
-0.7404035143436003,-0.4370186087675581,-0.8790386569529866,-1.6014324776621007,1,0,0,0,1,0,-0.29363875058271866,-0.33092792893226203,-0.438485436776663,-0.23006626723319132,-0.18554103856350657,-0.07670664271240538,-1.040621568681878,-1.2339628835354137,0.8128986784959779,-1.2047594594163644,-1.3049335459131248,-0.7336924991327525,0.574477864564402,-0.9788058604607783,-0.5704271624603909,0.44135286268342055,-1.2158453001990475,-0.9639168805453403,-0.7279513648365089,-0.2786957612109654,0.4689983399350834,1.1222113739708321,-0.6677426626819111,0.4219409181121357,0.7554002974116526,0.2786957612109654,0.7279513648365081,-0.8988402670423681,-0.4846237089171882,0.1908891040362222,0.3953247556304958,-0.135786898325702,-0.2770246880180474,-0.22015379130249568,0.12354118106860354,-0.23228628620644656,0.6674062963570164,1.413983630027056,0.7897584364088047,0.28760912732185256,0.4484413812184362,1.7117612397777302,0.03983423407198747,-0.09762646290970158,0.9664778365683122,0
0.2105061928741954,0.33601437037629844,-0.15484123025532542,-1.161438585374874,1,0,0,1,0,0,-0.34411449859924853,-0.29429518799573734,-0.4001058925245282,-0.2508976547585177,-0.06399026245025044,-0.03243456589723267,0.059993217196392244,1.2486544305510843,0.34510252585724865,0.6045723387650086,0.5748600671895095,-0.545434641507826,-0.9100188489475416,-0.6940246461566728,1.2818549287739027,-0.6510360114005096,0.027318693388266993,-0.17975984493185576,-0.30025191215747105,-0.4461216066019436,-0.7768832779051973,-0.4296832645801382,-1.125995119633833,-0.7896494771915162,-0.9228467428339191,0.4461216066019436,0.3002519121574703,-0.5367575899491508,1.5417059985633763,0.7367456678795146,0.2531992501892221,0.2567835470898098,0.9516700704320475,0.02452383803125581,0.17890935030013266,0.7598912632898273,-0.7759052986632599,-0.482931511569848,-0.2867811000035777,-0.8015576674631424,-1.0238695791747903,0.41111087958892223,0.6983559190505837,0.514734606344233,-0.8274130302866491,1
-0.7147032519863632,-2.0088523330267334,-1.6032360836506476,-0.13478617003801185,0,1,0,1,0,0,-0.21792512855792381,-0.36174594908521135,2.7853962804026597,-0.7468004077919821,1.1477081305934185,0.2989352211739085,-0.38777938626964364,0.4547487849580031,2.5998423017527905,-1.1113796191137655,-0.7339991273624294,-0.8900618628821857,1.8864189997374712,-1.1114023595381273,-0.07503838852059175,0.8265588449737062,-1.5163455299469721,-0.8281035477794947,-0.5047088517425482,-0.7133741297612541,-0.5712834661911036,-0.69932878906693,-2.7234595955612892,-0.002180105657213756,0.14575287675725285,0.7133741297612541,0.5047088517425475,-0.9545452942874786,0.19081952690966666,0.8368193712507843,1.183475285804831,0.4103980692089227,0.19555021907814235,0.6769975162545934,1.0648000580046022,0.5738579727592754,-0.7481493064513315,-0.9381911455531051,-1.1717330918001976,-2.1759824323108745,-2.0392564484114977,1.3628062650929278,-1.853415610241477,-2.213055611241474,-1.6934293108373202,1
-0.8175043014153137,1.3924927752062353,0.5693561964423357,-0.4281154315628296,1,0,0,0,1,0,-0.4703038686405733,-0.2018411275368894,-0.2721740783507456,-0.3382737524341923,0.29239327175239216,0.10619516958462126,2.4494072288713196,1.3450443072754477,-1.0924613032975539,1.4244631350557,0.5664214928034387,0.23994314570288056,-0.8688074896832697,2.1225192605635677,0.7138609330449647,-1.32605955151559,1.4557627968922204,0.5606241659837085,0.23272740579640636,0.0964376253461319,-1.2851641406550907,-1.1309853114649728,0.16086923470051945,-0.4808483269641961,-0.18903530024045775,-0.0964376253461319,-0.23272740579640636,2.6105764493995856,1.1664597564373458,1.2280165753384769,0.24027874969456073,0.8371050750953478,1.7707999093987767,-0.13859458152457876,-0.26403600355210183,1.5660355222555504,-1.2200011740541141,-1.0899443568808573,-0.1681792866700104,-0.06248019957332482,-0.24540631275998087,-0.09645999267988113,0.12214944469431245,0.18071947766026855,-0.20882997275045564,1
0.6474106529472365,-0.6173929705677911,1.0038746524609323,0.5985369837740325,1,0,0,1,0,0,-0.5586364276695006,-0.14485686385785104,-0.2977604411855021,-0.33017265728545425,0.44498297934688336,0.14375935597325265,0.5801833446186739,0.11921462493174122,1.357026294662391,0.0015510301431642857,0.45078095736859003,0.3228375454101572,0.3832956094038527,0.34179421015982836,0.0768482314313099,1.1049403775136504,0.2871878928077188,0.8448671519438954,0.7577574583546642,-0.31122271395962636,-0.46524231636745683,-0.08664094278397728,-0.7447418860960275,0.282675256795509,0.23881101181361647,0.31122271395962636,-0.7577574583546649,0.35452284597261524,0.11577027848446049,0.14540105704928116,0.705416767502365,0.8029685146244333,-0.34003467563087314,0.02452383803125581,-0.319404172783631,0.139780294854656,-0.1375174777889068,0.4275877563966659,1.6108479133335034,0.8970238815467907,0.9730579303240674,1.9972698554289314,-0.20711139779498602,-0.3759724034796717,1.3376276710900281,0
-1.7684140086331095,-1.2615871198543382,-0.8790386569529866,-0.13478617003801185,0,1,0,1,0,0,-0.20530619155379135,-0.37104950233893186,-0.10586271992482811,-0.4256498501098669,0.09765439771018122,0.043588192270235616,0.2669940785754978,-0.8527656507358636,-0.6188523087497996,1.2177212978385807,1.2347317282051833,2.1255268590150704,-0.07002937343859635,-0.6949387498505089,-0.5538476638351697,-0.5200971955338418,0.4429557127243054,0.6639716839017005,1.713046056908035,1.1999869032324277,-1.0656363762528427,0.6156151866159465,0.3233443142068568,-1.2058356102865566,-0.9569726011166103,-1.1999869032324277,-1.7130460569080357,-0.7317251853070371,-0.6347222057676005,-0.45504116317834126,-0.6383152839424023,-0.4430159425639276,0.41608517572303205,1.0847935651441794,0.2896456887631914,-0.4803306735805153,-1.0257092285706153,0.4844952106445732,-0.21379536872138252,-0.020339817632238334,-0.4950222514473384,-0.4612765571230828,-0.10421738451708033,0.5704037944582268,-0.1469716669968365,1
1.8553229837374106,-1.5192647795689571,-0.15484123025532542,-0.4281154315628296,1,0,0,1,0,0,-0.16744938054139394,-0.3902380809247305,-0.7199354279589849,0.1599435992131972,-1.0463727674309302,-0.423728174112143,-0.17737108317937506,1.1624317950124006,0.8939213907023318,0.53019617592914,0.07361224363632045,1.6710542467325815,1.6502023219086301,-0.9066079365676666,2.156158027165379,-0.07354398586921512,-0.42410161691531784,-0.448750613850937,1.4967163042581422,0.7946936794948511,-0.6592331591311199,0.5645176595214015,-1.2959251008775468,-1.136792731879933,-0.533817154163472,-0.7946936794948504,-1.4967163042581428,-0.968471551098756,1.5041813743507735,-0.8280431484712572,-0.7352190376523616,-0.8441205280971675,-0.6393321167917935,2.0227244775902276,1.2585886503149546,-1.4104971262332722,-0.44283339212011924,0.9587239960437993,1.0908245779478607,0.15794641365697218,-0.3130987707090945,2.377948009630533,0.28677986593896093,0.793080546914203,1.1520527538291696,1
0.2105061928741954,-0.4370186087675581,-0.15484123025532542,-1.6014324776621007,1,0,0,0,1,0,-0.34411449859924853,-0.29429518799573734,-0.438485436776663,-0.23006626723319132,-0.12126786436098712,-0.04853350292093184,-0.6714169569935746,-0.02804803853770396,-0.3237374820921612,-0.09468578860170354,-0.4918048298911781,-0.4549236988445621,0.1615938632881185,-0.4570616050896538,1.0530536733344458,-0.9687447936337483,0.2405699158976092,-0.10725068417555605,-0.2611143426240418,-0.36149164093482894,0.47693105238753064,1.09342286599698,-0.5309351089203391,0.36645940233576557,0.5346609470290327,0.36149164093482966,0.2611143426240411,-0.2582324537235989,1.391607501712964,0.9186978558272787,0.21443774870523882,0.3079883877961804,1.3297299961089997,0.18764225758709038,0.34501385799472056,0.8839134569768611,0.6951622885689447,1.413983630027056,0.853620951280726,0.4172718409867329,0.549980068142106,1.4262526241265279,0.28677986593896093,0.1250502895462747,0.904619530814692,0
-0.7147032519863632,0.3102466044048362,-1.6032360836506476,-0.13478617003801185,0,1,0,1,0,0,-0.21792512855792381,-0.36174594908521135,1.9538394882730727,-0.7143960271970299,0.977305430045573,0.27389243024815424,0.41495817945860175,2.1504504797608854,0.08398636317633659,-0.7456375617350622,-1.7253873824022599,-0.23893778595652077,1.5232813286454088,-1.1060463388030286,0.3224674578817211,0.7100561736057406,-1.4099217928806376,-0.8010771870187305,-0.46081074412575107,0.13114384342216406,-1.682157919324772,-2.6285199506224295,0.5987258048955628,-0.39074607354170776,1.46099214353398,-0.13114384342216406,0.46081074412575035,-0.9823978079100336,0.491016520610491,0.5365982611369737,0.8475422729436388,0.17144214591252482,0.038025250046078915,0.5138790966987595,0.8433273810784847,0.3258135853852078,-1.5808290728091832,-2.4557232588306284,-0.1681792866700104,0.15794641365697218,-0.008482709938082702,1.0455744699249259,-1.0302635040182315,-1.0996718489615938,0.7809029193074537,0
0.8787130141623758,-0.6173929705677911,2.1625905351771904,0.5985369837740325,1,0,0,1,0,0,-0.3945902466157784,-0.25010331004056474,-0.2977604411855021,-0.33017265728545425,0.13934120343722167,0.06281747815965406,1.0871902840794991,2.8650167633680086,-0.12675000912505294,1.0366373763404946,0.1909190504384552,0.45158348604352727,0.601624366641945,1.0222495901697102,3.8866650307913675,-1.0825434542876318,1.6485552232671896,0.5998499410548631,1.078283513832815,-0.45352244570481864,-0.4903448094603884,-0.03874971429306251,-0.9145802628419409,0.23424892242065157,0.33743260010780757,0.45352244570481864,-1.078283513832816,0.8280155775560533,3.3428879607683233,-0.31857702221751816,-0.806281790372998,-0.18699173903207253,0.19555021907814235,0.2692014673650073,-0.2086678343205727,-0.23228628620644656,-0.10976148557697851,0.5793409677244183,1.9119140548725593,1.026686595211671,1.0745966172477384,2.6000102662481344,-0.04248097655033679,-0.26463402725168356,1.646919199858125,0
-1.7684140086331095,-0.8493028643109486,-0.8790386569529866,1.478524768348486,0,1,0,1,0,0,-0.20530619155379135,-0.37104950233893186,-0.3233468040202586,-0.3070266711462027,-0.12607282844996656,-0.048086310225829085,-1.1322398129781557,-0.5413491908449347,-0.3247188741152662,-0.19316851544927213,0.13298466657974406,1.1850538687943495,0.890730020908156,-0.4976049067449514,-0.587342257969183,-0.36344252852807085,0.36691908537003054,0.43172247303924294,1.9434548422710636,-0.31122271395962636,1.0772060619993722,0.15463217312699204,0.07867688815536843,0.6247888863476456,0.2486063873556313,0.31122271395962636,-1.9434548422710642,-0.4253475354589299,-0.4846237089171882,0.2545723698179399,0.020630241285320403,0.17144214591252482,0.6681251261743327,1.8188264531454346,0.8433273810784847,0.015758101167622184,1.055990187324014,0.19995793940503753,0.16937972051014377,0.1838789563899486,0.43151826673115745,-0.1916295312302808,-0.20711139779498602,-0.3759724034796717,-0.08511336124321738,0
-0.5091011531284612,1.8563125626925503,-0.15484123025532542,-0.13478617003801185,1,0,0,1,0,0,-0.33149556159511606,-0.2948766600740949,-0.1826218084290977,-0.38572302401965797,0.1739474175024704,0.07131413936660641,0.49498668135027973,-1.4544942670176189,-1.2469332570292053,0.09119355440635889,-0.4746356817344522,-1.1615537600555685,-0.7118254193869703,0.17091527591937605,0.1425877139865826,-1.4603338611808545,0.0850754261388044,-0.6028880159825096,-0.5505532963957722,-1.0381887348318013,-0.5175144998640135,2.139180269554129,0.2371048384442376,-0.038837272438770706,0.028446827019212046,1.0381887348318013,0.5505532963957714,-0.03541234474315745,-0.10937746679115769,-0.6915790075104341,-1.2714198081808024,-1.176951992688579,0.1325402314653172,-0.13859458152457876,0.12354118106860354,-0.6663639641110671,-0.6926373220274746,1.33810702436318,-1.0987473605180025,-0.8274902101961188,-0.7869459763528921,-0.9212626601166852,0.9453015509175579,0.45906541823023866,-1.4459960878228426,1
0.004904094016293398,0.5421564981479937,-0.8790386569529866,-0.13478617003801185,1,0,0,1,0,0,-0.7226826087232228,0.46336293010412977,0.11162136417060241,-0.48814401268584606,1.3931401075060592,0.733606520813786,0.15087867369093666,-0.7006803026391055,-1.468801533850477,1.1081397508762196,1.253821625157659,1.556425904134257,-1.116693242058682,-0.08745517049976219,-0.6348654603970132,-1.5562162074000054,1.1554363240019556,1.2376796408689024,1.943454842271065,0.1952844489803987,-0.29718464447191634,0.32571142340446463,0.44405369439815906,-0.3513144319804884,-0.42167624531570275,-0.1952844489803987,-1.9434548422710656,-0.20252742647848845,-0.7097714541928067,-0.4732363819731166,-1.1551353037288514,-0.71610842633123994,1.3927399837218248,-0.30171300108041293,-1.0391903727935126,-0.6043528672675491,-0.38732140769626244,0.12408133374116129,-0.47836864461934153,-0.1921429132382052,-0.3130987707090945,-0.857816301083085,0.36909507656128593,0.514734606344233,-0.2706882785040748,1
0.31330724230314594,-0.4370186087675581,-0.15484123025532542,-1.6014324776621007,1,0,0,0,1,0,1.939913099148729,-0.72051422143181,-0.438485436776663,-0.23006626723319132,-1.260130727364607,-0.376325748431251,-1.1940745067333596,-2.075059756566948,1.0940539928970336,-0.5810699164294849,0.34618405381814776,-2.2318323186102984,-1.115206384548302,-1.329833273190613,-2.1700208658002373,1.1689340424632408,-0.23785909360767243,1.277388726565884,-2.3498765620089648,-0.7133741297612541,0.33163593098454924,0.6742053712638466,-0.3209424782097084,0.5491309640178108,0.7970652432881731,0.7133741297612541,2.3498765620089634,-1.3166279713806959,-2.0606579258465163,-0.7825551014843162,-0.12149526415595328,-0.20406001926752979,-0.24551969421163483,-2.259134035750426,-1.9250810804979817,-0.17027518936292965,0.5841383197212315,1.0346006017076752,0.9904691974348425,0.6506647255835172,0.854596128913119,1.4579758036433286,0.4514102871836102,0.1250502895462747,1.2139110595827887,0
-0.8432045637725518,-0.514321906681944,1.4383931084795292,-0.13478617003801185,1,0,0,1,0,0,-0.3062576875868511,-0.31115787826810587,-0.34893316685501513,-0.29082448084872664,-0.04341742694921697,-0.014546858093122488,0.5877054363693834,0.06876573007749294,1.09553629438639,0.37342575949462586,0.5277876620376166,0.5757882526380123,-0.44722539487768864,0.9685190259251154,0.03557193395657343,0.3543346836955486,0.6122989304772534,0.41782402409581043,0.5516412599819246,0.23819541748766626,0.1505140833845884,-0.05874794005622328,-1.1415626299019068,0.10267102853383957,-0.2782259728769144,-0.23819541748766626,-0.5516412599819253,0.911573118423719,0.04072103005925432,0.03622974428062242,0.21443774870523882,0.4616029099152932,-0.37153966943728567,-0.22015379130249568,-0.4855086804782194,-0.23228628620644656,0.029018475482663446,-0.17942508891434333,-0.378013264106322,-0.8793552956620708,-0.7869459763528921,0.37938770007212164,-0.04248097655033679,0.06938110143228039,-0.2706882785040748,1
-1.3315095485600683,-0.7977673323680251,-0.15484123025532542,-0.13478617003801185,1,0,0,1,0,0,0.5392110916900246,-0.6135233590140237,0.4570372624398156,-0.5847785048172213,-0.048570900968220386,-0.019913170434355545,1.10497109315317,0.7748579783929938,-0.8602568615184004,0.11494213654519939,-0.5288565215880872,0.8534355615665405,0.4418344979667207,0.21627671669475537,0.42489579612519507,-0.9377516737809314,-0.7700205378335734,-1.3066311925278344,-0.0632699944762795,1.2267347275520042,-1.3203880559976942,-0.6378656116181532,0.2336499527479324,-0.918818595206286,-0.588131665054562,-1.2267347275520042,0.06326999447627879,0.10385022336961848,0.26586877533487285,-0.32767463161490584,-0.7416792878996918,-0.972132629863095,-0.11949971898598452,0.4323198869208419,0.5111183656893089,-0.790386157798101,-1.2755131584779709,-0.7105613285614767,-0.4509989953885172,-0.2699405414371327,-0.6007917169928287,-0.4136917878478824,-0.37174181903963527,0.23638866577426285,-0.332546584257695,0
-1.1259074497021662,0.5421564981479937,-0.15484123025532542,-1.6014324776621007,1,0,0,1,0,0,-0.06649788450833415,-0.4390817355067634,-0.5664172509504457,-0.1710440025780999,-0.6533701186510468,-0.20549813890199872,-0.3145592348968062,1.525259277479404,0.2688507752401987,-0.3122604372691302,-0.18749660677524504,-0.40039404062493306,-0.36614796045585474,-0.563723815225249,0.5317616608784141,-0.8339729013595947,-0.6323284159009992,-0.8590336641348034,-1.0255223183500044,0.471010832630124,-0.12586392067316152,-1.5607590670877012,-1.2055903541340276,-0.20516232768642786,-0.5949244040566298,-0.471010832630124,1.0255223183500037,-0.8431352397972577,-0.18442671521636386,-1.7196088694153011,-1.7882398279672513,-1.8767514823423164,-0.9386295579527137,-0.7910682597479163,-0.4301405112466897,-1.534519319920306,-0.27629743884854874,-1.5452039908641146,-0.642586540004281,-1.112748180258855,-1.1084851516111824,0.12560226393772106,0.36909507656128593,0.6817421706862145,-0.332546584257695,0
-2.1025174192772003,-0.35971531085317227,-0.4445202009343899,-0.4281154315628296,1,0,0,0,1,0,0.816827705780939,-0.6495746278721908,0.5977622580309765,-0.6171828854121734,-0.10279976056491824,-0.022596326604972072,0.23508749916170496,0.02114180682819801,-0.6439753308448614,0.6507651564560077,0.5181883880145021,-3.0532230155824824,-2.4351111793381675,-0.5568966834338144,0.2203219927071327,0.16866140666048107,-1.7251711267860932,-1.3559995871356323,-4.174542408827977,-0.02397170267274998,-0.8833394946221967,0.19169594232946627,1.0498242986159463,-2.589791900521195,-1.9975399561288238,0.02397170267274998,4.174542408827976,-0.8524194110047761,-0.43459087663371765,-1.798454817525999,-1.4566136486042804,-1.9108880428132304,-1.4007028004467665,-2.3950660520469547,-1.2791191061301395,-1.5138489543058005,-0.7481493064513315,0.38964945356472797,0.6072941082033162,1.098001087727355,-0.1777138548108673,-0.4612765571230828,2.673920973986373,2.9363442893029728,0.47161139053935697,1
-1.2030082367738797,-0.6173929705677911,-2.327433510348309,1.0385308760612593,1,0,0,1,0,0,0.021834674520593164,-0.4722256439731428,-0.42569225535928473,-0.2312235665401539,-0.46758293208315554,-0.18448008223216925,-0.8584751061118114,0.9749352115251139,-0.3355335363585027,-1.2452247570495203,-1.154051790797514,-0.8900618628821857,0.712758050826242,-1.4167531330595482,1.5929583886764471,-0.47025368621037233,-1.3570046858480518,-1.1840282587676474,-0.5047088517425482,-0.7133741297612541,-0.22187250481049808,0.25766157031178394,-0.013874018906732368,0.33663569415376765,0.3443507065512778,0.7133741297612541,0.5047088517425475,-1.2609229441355856,1.9920014891146134,0.9914787310063841,0.5632912620610914,-0.05044549714841698,0.9831750642384596,0.6769975162545934,1.0648000580046022,0.8839134569768611,-0.3318094232724056,0.04820472807728505,-0.5239847266707137,-0.4514683405679659,-0.29617565622181696,-0.28679906978068154,-0.20711139779498602,-0.5429799678216537,-0.3944048900113141,0
-0.25209852955608386,1.3924927752062353,-0.4445202009343899,-0.8681093238500562,1,0,0,0,1,0,0.33730809962390496,-0.5478170141596223,0.17558727125749374,-0.5095540498646537,-0.10224118848435002,-0.027515446251102374,0.567118529765181,-1.4320326644878731,1.5473742551003158,-0.45914880475812603,0.049244697451859464,0.451444764770897,0.5703512898887397,0.022592030565368418,0.03879712635634437,1.4644958027555819,-1.1720003395050367,-1.2017423562755238,-0.04921092906325296,0.6645236159590602,-0.7660184300870456,2.004375882936587,-0.6436353977339727,-0.5418550610523446,-1.2372880292265704,-0.6645236159590602,0.049210929063252244,0.02029268250195297,0.04072103005925432,0.02713213488323473,0.7829397704703327,0.22264698661889537,-1.5057194464681423,1.0847935651441794,1.2309045656991897,-0.23228628620644656,-0.44283339212011924,2.9315157433045793,1.8389283235903642,1.143383037510063,0.8207498999385615,0.9821281108913258,0.8629863402952329,1.4054416161681371,1.3376276710900281,1
-0.6119022025574117,0.6452275620338409,0.27967722576327125,-0.13478617003801185,1,0,0,1,0,0,-0.6469689866984278,0.05109922654863798,0.8792122492132983,-0.6478513170466818,1.4399409287384703,0.5399720838342932,0.3177777986359456,-2.867316442209997,0.8269858345936908,-0.5151361727803304,0.20612830200910653,0.6246064833602748,-0.07719411927816446,0.976021974802975,-1.1081874365751279,-0.04883337938104342,0.2875974671379611,0.37322217146062076,0.1590389773671773,0.6941558255444424,0.5333518925343935,2.8253239552620872,-1.1795901768838235,0.9810924609612918,0.09640192068562,-0.6941558255444424,-0.15903897736717798,0.8001630639334981,-1.0850176963188372,-0.2821865846279648,-0.26362076959722697,-0.135786898325702,-0.024984737566746233,-0.22015379130249568,-0.319404172783631,-0.10826409251941274,0.8379073913731478,3.397614892382676,1.1221041770688014,0.25056263770331544,0.6442659917140859,1.3628062650929278,0.028074918268798287,0.4113489712753868,1.2227479604047344,1
-0.5605016778429365,-0.7977673323680251,0.27967722576327125,-0.13478617003801185,1,0,0,1,0,0,-0.785777293743885,0.9843619123124804,0.4570372624398156,-0.5847785048172213,2.127070336135024,1.2089723557080143,0.9508200113025927,-0.16844476036275952,0.4535912575212223,0.37046863450639383,0.6338556661147504,1.1875543652531964,-0.37309068013748564,-0.038206095578352424,-0.80773995597545,0.926606336769925,-0.24936759099982198,0.27291927963249757,0.48604987461335547,1.13762416762706,-1.3603134517748476,-0.577980436157791,0.3110755624507322,-0.7477478591610727,-0.5575908525084335,-1.13762416762706,-0.4860498746133562,0.49378541408539117,-0.25947596364157,2.1923631714616274,2.4755253352709525,2.2196357741673656,1.0461850518512859,0.9216751455883455,0.7325910426154264,1.938102103316653,-1.3032691506898992,-0.6346847228976005,-0.3597668312857729,-0.1532440991387405,-0.4315605721200442,-0.5088613263982832,-0.37174181903963527,0.18071947766026855,-0.2706882785040748,1
0.7759119647334253,0.5163887321765315,0.5693561964423357,-0.4281154315628296,0,1,0,1,0,0,0.21111872958258027,-0.5193248823201031,-0.13144908275958464,-0.4100263094658721,-0.25867351487919804,-0.08252014774874118,2.1363502350758043,0.9803730305062929,-1.287656081952383,1.9554645926772225,1.942595336459374,2.1939251474667456,-0.8823211198410292,2.5420111655937374,1.487640000789876,-0.9548510743352485,2.407245598125428,2.061751430717241,1.3298662290760435,1.6733070988005811,-0.4306994013464393,0.14469234411360177,0.800735756542641,-0.254722980537096,-0.5125700931374052,-1.6733070988005805,-1.3298662290760441,3.1397742082281335,2.067050737539819,1.3553831069019124,0.5632912620610914,1.5881094054554559,2.3693947917206186,0.02452383803125581,-0.5408768497097485,2.0621242970036877,-0.4150773999081907,0.12408133374116129,-0.02220782410562002,0.39133929825375646,0.2622871218583729,-1.0481553781838862,-0.7833178721512579,-0.04195727479570725,0.038603250264021984,0
0.544609603518286,-0.6173929705677911,-1.6032360836506476,-1.161438585374874,1,0,0,1,0,0,-0.5460174906653681,-0.1745119398540853,0.16279408984011548,-0.5095540498646537,0.8092638409151819,0.2595822640048661,0.7763506372456612,-0.8058501523566968,-0.6919803349190512,0.924564866008822,0.8183972806712773,0.09570458905991673,-0.380090363252194,-0.27236501917940736,-1.3616268634903308,-0.8581518716102275,-0.06965869936690153,-0.40959979455787937,-0.16027754582615011,0.28949096339405445,-1.3516783775449528,-0.2579932767658771,0.08360042819551111,-1.318099859908351,-1.4638510239237217,-0.28949096339405445,0.16027754582614942,-0.4253475354589299,-1.3852146900196616,-0.7552622732921518,-1.0388507992769007,-1.0062691903340089,-0.15100471279239655,0.4323198869208419,0.5664865349208381,-0.4183195767369984,-1.3310251429018278,-0.482931511569848,-0.8068044353892204,-0.6459624110652865,-1.0746389226366257,-1.0481553781838862,0.36909507656128593,0.5704037944582268,-1.136704559054746,1
-2.1025174192772003,-1.41619371568311,-0.4445202009343899,-0.4281154315628296,1,0,0,1,0,0,0.816827705780939,-0.6495746278721908,0.07324181991846762,-0.4748350706557764,-0.3962195672204569,-0.13260572960024972,-0.39846294847680325,-0.26514599997476496,1.32684179160194,-1.092790764917725,-0.24094525375039066,-1.835784146888396,-0.3590381584374616,-0.7458637181281217,0.5302269901901739,0.35034354595136064,-1.2330701061859795,-1.0314295535429223,-3.3534427777594216,0.8221130942085976,-0.19118580938886387,0.895090965042174,-1.4617757019046416,0.25359861269812395,-0.6937495771596958,-0.8221130942085976,3.3534427777594207,-0.8988402670423681,0.003196405846651406,-1.2374355713537264,-0.8967252938356269,-1.2708275339835926,-1.1906695084040155,-2.0552360113056327,-1.0945585420250417,-1.2554693841244795,-0.47058938433204756,0.27583454506891375,-1.262965255902942,-1.6962303917508168,-1.5146398993058652,-0.5088613263982832,-1.0302635040182315,-0.8213259083916238,-1.5078543935764617,0
0.2105061928741954,-0.7204640344536393,0.5693561964423357,-1.161438585374874,1,0,0,1,0,0,-0.016022136491804253,-0.4600147303276346,0.57217589519622,-0.6154469364517295,0.34687626193787247,0.12184691391321768,0.7668530948313164,-0.7408578260282288,0.9575154502142428,2.4155893529387664,1.8110540301427167,-0.4273744752619037,-3.1738489618870203,0.4704241004201588,-0.6120683818833003,-1.4353552048460472,1.6512135672488328,0.47015732939611876,0.2567889334467677,-0.8375679493470506,-0.5962856773353329,0.40369394794999636,-2.751349253142355,-1.625990267013593,-1.8954418138477354,0.8375679493470506,-0.2567889334467684,0.2152602778598393,-0.7472960784054096,-0.7029510192571693,-1.2681896830571373,-0.6734377257425974,0.10891148611050791,-0.3221028035248922,-0.4716666381703368,-0.6353584156893081,-0.47058938433204756,0.5793409677244183,0.5434315933313949,-1.060883094792903,-1.531563013793144,2.0607162144625315,4.0732795545658895,3.687878328841892,-0.332546584257695,1
1.0329145883058024,-0.6173929705677911,-0.15484123025532542,1.0385308760612593,1,0,0,1,0,0,0.03445361152472564,-0.4733885881298579,-0.42569225535928473,-0.2312235665401539,-0.47719298826832723,-0.18537446762237475,-0.03504581546498418,0.4142976750455455,-0.6619515617806809,-0.36990775034103146,-0.9783236247400353,-1.98120284953417,0.3011943322287535,-0.31321881088144504,0.42489579612519507,-0.7549092647040713,-0.14066166270950586,-0.8932629929013431,-1.7923397754809332,-0.924503623057108,-0.2642324857742656,-0.14298527982167109,0.14629895260713768,0.3602438093420835,0.3997711734715832,0.924503623057108,1.7923397754809325,-0.3696425082138195,0.26586877533487285,-0.32767463161490584,-0.6512357844370638,-0.6649035856248688,-0.30852968182446,-0.709509049969999,0.12354118106860354,-0.10826409251941274,-0.44283339212011924,-0.4070549059059717,-0.8706669502611417,-0.671894953798262,-0.4992530300691578,-0.635754044465484,-0.12479618717266176,-0.5429799678216537,-0.7036964187794109,0
-0.6119022025574117,-0.2566442469673251,0.27967722576327125,-0.4281154315628296,1,0,0,1,0,0,-0.6469689866984278,0.05109922654863798,0.32910544826603294,-0.5425370801130872,1.1897591452346847,0.45858301332559187,0.685416196150535,-0.7373763416466822,-0.9988853372937977,0.9452203993191555,0.9364137023372257,0.18001560531162805,-0.8698291659922159,0.9722657576656393,-1.1101012155471637,0.09131063325576615,0.4019568284262231,0.5562257509216828,0.3586118043630053,-0.11014700605881247,0.01838858357401504,-0.10000285836310739,1.4572680993956497,-0.8783582685340134,-0.6743374895858789,0.11014700605881318,-0.35861180436300605,0.8001630639334981,-1.0850176963188372,-0.2730889752305771,-0.18609776662925942,-0.01630893667750248,-0.05648973137315825,-0.13859458152457876,-0.319404172783631,-0.10826409251941274,0.0012624832707351544,-0.1035484832504671,-0.02220782410562002,0.7284623537824456,0.2961333508329291,-1.2702176348014877,0.7806711296729086,0.793080546914203,-0.1469716669968365,1
-0.6119022025574117,-0.6173929705677911,1.0038746524609323,0.3052077222492148,1,0,0,1,0,0,-0.40720918361991093,-0.23498503600326887,-0.6687627022894718,0.05347206297264009,-0.5499749700447042,-0.22204426862080062,-1.0767006525661875,0.8073287983538114,0.10844729739051343,-0.08684548534810434,-0.3922209682855754,0.5915359148177959,0.49352663522628937,-0.7596286040773376,-0.23654509713480387,0.1572881796683641,-0.03454230634635568,-0.07339774058363982,0.9245237932415912,-0.11014700605881247,0.7381665164299934,-1.3450497976867457,0.009808363213685539,0.08307108822044684,0.43824786020271855,0.11014700605881318,-0.9245237932415918,-0.8152827261747027,-0.40957446049198204,-0.6278957417287164,-0.4574282770171454,-0.4430159425639276,-0.6235796198885869,0.5954383064766764,0.17890935030013266,-0.6663639641110671,0.3898463742377325,-1.3934507795363622,-0.8432973010303187,-0.7107937678977266,-0.6346379459673855,-0.28679906978068154,-0.28942660841731066,-0.3759724034796717,-0.5799798072721716,1
0.544609603518286,-0.5658574386248675,-1.6032360836506476,0.3052077222492148,1,0,0,1,0,0,-0.5460174906653681,-0.1745119398540853,-0.8094876978806327,0.9822047568101083,-1.1627582846078073,-0.8932805039700353,-0.1425869992280037,-0.6796189866644695,-1.10103408374263,0.4262093199259058,-0.1655197265066335,-0.25008679026196723,0.39241460510947923,-0.38841607488176266,-1.8626841641947802,-0.5634844568338085,0.18660590484752235,-0.12065814359944849,-0.2682155254971324,-0.07507566165750797,-0.18983007207589658,-0.933197717613988,0.9389029404521998,-0.3907460735417055,0.0973845579241638,0.07507566165750797,0.2682155254971317,-0.5924626171942612,-1.835510180570898,-1.1009714303929035,-1.1809763047181743,-1.05747403104038,-0.5605696322757617,-0.05703537174666111,0.06817301183707392,-0.728375060954584,0.3065783976019474,-0.4070549059059717,2.2038569800013414,2.491875259624819,2.1238297154590033,0.9821281108913258,0.8629863402952329,0.9044189231421907,1.9562107286262216,0
-0.6119022025574117,0.20717554051898904,1.0038746524609323,0.5985369837740325,1,0,0,1,0,0,-0.40720918361991093,-0.23498503600326887,-0.029103631420558513,-0.4551609824374126,0.4152812274674489,0.17103811037452069,-1.1243064444790158,0.32756522852979075,0.8000563127882214,-1.2202729248981647,-0.5849815089300053,0.3725594267893735,0.5202802344269059,-0.9380226646125546,-0.3980882457884639,-0.010570531438796533,0.033376694656496744,-0.033376424222248645,0.8222348332302418,-0.30735587342307225,0.626114285604557,-0.8483896217576965,-1.1043261463044565,1.6816057551755883,0.7279190295836724,0.30735587342307225,-0.8222348332302425,-1.0102503215325889,-0.6347222057676005,-0.9463120706373036,-0.806281790372998,-0.7502449868021539,-0.7180946013078251,0.10608304780917345,-0.26403600355210183,-1.0384305451721696,0.3620903820258042,-0.9381911455531051,-0.6446139214287867,-1.0666458820668978,-0.4409623023907547,0.05863110718003145,-0.48149543320273464,-0.6666892747416404,-0.5937260974396413,1
-0.6119022025574117,-0.5658574386248675,1.0038746524609323,0.3052077222492148,1,0,0,1,0,0,-0.40720918361991093,-0.23498503600326887,-0.8094876978806327,0.9822047568101083,-1.420056647234133,-0.9397885442607218,-0.7473041562840999,0.22068578078149437,-0.6578002371503343,0.39894025852481935,0.13975141763443844,0.7463461313871261,0.15601410482906908,-1.0624392817009192,-0.5401117274173934,-0.0419733317640522,0.20154026401004127,0.1972255954866149,1.0187373090415193,0.007555847346540335,-0.022432191222131206,-0.8439702316661757,0.8570558100927094,-0.3390986759412753,0.010868719760019704,-0.007555847346540335,-1.01873730904152,-1.0938078624002545,-0.7097714541928067,-0.7916527108817039,-0.6899972859210471,-0.5795621844475838,-0.49755964466293656,0.18764225758709038,-0.26403600355210183,-0.8523972546416179,0.3898463742377325,-0.4070549059059717,1.7203265102567968,1.9991569476982738,1.7007518532770418,0.6014499566897238,0.6160407084282594,0.6817421706862145,1.4613442825972665,0
0.33900750466038404,0.6709953280053031,-1.168717627632051,1.0385308760612593,1,0,0,0,1,0,-0.38197130961164594,-0.25708097498085514,0.6873145279526244,-0.6270199295213553,0.786710731240429,0.28686101840613415,-2.057347977105067,-3.046730542339816,0.7411085821828405,-1.7279614691826732,-0.4561164800754831,0.32811286635464254,0.1623277079570784,-0.9065071740161287,-0.3833693035897061,-1.1429111037353166,-0.7052647111521053,-0.8802467860538963,-0.12528395424331848,0.5717619163874261,1.9550211563385702,3.7976823323520974,-2.1616356964557455,1.6350360511594695,-0.26641589760367396,-0.5717619163874261,0.12528395424331776,-0.8431352397972577,-0.3345252120667762,0.09081540066495114,-0.5220307794904515,-0.7502449868021539,0.7311351137871589,0.10608304780917345,0.17890935030013266,-0.4183195767369984,1.3890620938671545,2.8556391376407038,-0.8524205174405927,-1.709196663117305,-1.1254082660984612,-0.0012904541294803558,-0.28942660841731066,-0.04195727479570725,-0.45626319576493324,1
0.15910566815972013,0.15564000857606544,1.0038746524609323,0.3052077222492148,0,1,0,0,1,0,0.2868323516073751,-0.5379319888275442,-0.3617263482723934,-0.2763582395116944,-0.5544278201068591,-0.20013182656076567,0.4461854693810655,0.7717247847451211,0.35804672034242807,0.6895631026903162,0.11173629889315538,0.720345502214679,0.30435265904341413,0.7578906742745035,2.0442951093916504,-0.44938568514770605,0.6228051874157498,0.06538717128261395,0.8989187262297652,0.09092870184200141,0.13684367524868551,0.9887134772941331,-0.9410511363274158,-0.31399230210773255,-0.0814248147769077,-0.09092870184200141,-0.8989187262297659,0.939425632046274,2.2921984828154374,0.6912576208925736,0.33072225315718967,0.5810808715634928,0.5106001571422693,1.0847935651441794,0.6772228733838963,0.44983577907224165,-0.08200549336504998,0.5793409677244183,-0.7520651369275744,-1.0738493661593913,-1.1084851516111824,0.3476645205553221,-0.37174181903963527,-0.3759724034796717,-0.8274130302866491,1
-0.2263982671988458,-0.30817977891024867,0.5693561964423357,-0.8681093238500562,1,0,0,1,0,0,-0.23054406556205628,-0.36058300492849626,-0.46407179961141953,-0.20865623005438366,-0.29910783805896474,-0.11605959988144779,-0.6622070281721661,0.11551251041505618,0.8091668790843926,-0.4211013821659626,-0.8824914511729,0.17012793253557765,1.1977624246482577,-1.176864835189331,-0.3095193352923605,1.228313706344365,-0.4546729213479461,-0.3937072469671851,0.5274811195133241,-0.29111514316954507,-0.25509448416600555,-0.4686142210684052,0.128178585794555,0.11803491434696946,0.7629036096294098,0.29111514316954507,-0.5274811195133248,-1.17736540326792,-0.4846237089171882,-0.6733837887156574,0.007709740790658993,-0.1699234587966153,-1.5057194464681423,0.6769975162545934,0.4557501964577793,-0.728375060954584,-0.22078545442469194,-0.4070549059059717,0.12376363845877164,0.1709126850234604,0.2115177783965368,0.6331731362065233,-0.37174181903963527,-0.5429799678216537,0.34789477903211874,0
0.8787130141623758,-0.514321906681944,2.1625905351771904,-0.8681093238500562,1,0,0,1,0,0,-0.48292280564470574,-0.194863462596599,-0.1442422641769629,-0.4059757618915031,0.444982979346884,0.16388302725287662,1.3304698315323207,2.6708668102175968,-0.2588664900439245,0.9430432829331881,0.5293619403466359,1.7968280730609616,0.029926781823791743,1.3216327498991653,3.6789475038537933,-1.095665303023095,1.4652287785810885,0.5740369729997336,1.0614552385657101,1.3979208031972914,-0.5294908165968454,0.01964033082311718,-0.747158800010406,0.17890514003934901,-0.12776107155918254,-1.3979208031972914,-1.061455238565711,1.2736557955169365,3.492986457618735,0.10901061945972781,-0.4832692780064673,0.08610074473523979,0.6366201323679207,0.4323198869208419,-0.04256332662598434,0.015758101167622184,-0.6093693453916895,-0.17942508891434333,-0.5878472415426337,-0.8534227529290943,-0.7361766328910565,-0.033013633646279864,-0.7010026615289333,-0.09762646290970158,-0.023255055489598248,1
0.004904094016293398,0.1298722426046032,0.5693561964423357,-1.6014324776621007,1,0,0,0,1,0,0.19849979257844777,-0.5187434102417455,-0.438485436776663,-0.2260157196588223,-0.6104715375748849,-0.2242802320963144,2.376011342584572,3.1945653914134793,-0.7089172541755792,0.724174387399877,0.08442941002573505,-0.3699454657961803,-0.052918928686244385,2.719210841412125,3.5842878252311374,-0.7048583058464196,0.9560227740935403,0.3697377487718139,0.21054164239835904,-0.7133741297612541,-0.5868981771379564,-0.7939803951189918,0.26079901422684093,-0.03033705985174294,0.2512145800168887,0.7133741297612541,-0.21054164239835974,2.6105764493995856,3.4179372091935294,0.1272058382545045,-0.26362076959722697,0.12023730520615308,0.41608517572303205,-0.30171300108041293,-0.4301405112466897,-0.046252995675895824,-0.4150773999081907,-0.5588081172337243,0.8080048692293539,0.8321925247143505,0.7699805564767266,0.6014499566897238,0.4514102871836102,0.1250502895462747,1.0283361423219313,1
-0.6119022025574117,-0.9523739281967958,0.5693561964423357,-0.4281154315628296,1,0,0,1,0,0,-0.356733435603381,-0.27917691395844146,-0.579210432367824,-0.15657776124106768,-0.3710772138195086,-0.09369996512631006,-0.6753956569023384,-0.7979864578669399,-0.37717629338733716,-0.433278787066195,0.028640637091694638,0.4218914716075251,-0.6967440877651108,-0.2443379703445204,-0.24323936971861324,-1.0731816346851302,0.3849098191255743,0.5117070244802898,1.2994551316290601,-0.7133741297612541,0.6950144808541654,0.851589595712982,-0.5628314170751414,0.9670016763075558,0.46234808279206313,0.7133741297612541,-1.2994551316290608,0.5216379277079463,0.7912135143113154,3.4569308776985874,2.113751321420439,2.2196357741673656,4.196684432492555,1.0032343553662626,0.40038202722625016,2.620224168595341,0.4731143508735179,0.5793409677244183,-0.48749186102961545,-0.6848612251647502,-0.29617565622181696,-0.09645999267988113,0.28677986593896093,-0.04195727479570725,-0.5799798072721716,0
-0.7918040390580765,-1.880013503169424,0.5693561964423357,-0.13478617003801185,1,0,0,1,0,0,-0.4955417426488382,-0.18672285349959353,-0.5408308881156891,-0.165257506043287,-0.06196167176179002,-0.01588843617843075,1.0298607489602758,0.5731210483267172,-0.8222053942397082,0.6316333354934973,-0.014691102642721913,-0.7960997039027073,-0.7122419683284401,1.8967455033215361,0.7994955959279699,-1.489531715405201,1.5208959673060902,0.6309677350753348,0.23272740579640636,-1.3166012534636966,0.4631593172287755,0.01429051207272187,-0.3728534061217756,0.6547985199702759,0.6351163383428023,1.3166012534636966,-0.23272740579640636,2.8612490720025816,1.6918044954137887,2.2469488278459564,0.8992242749222835,1.5539728449845414,2.8419696988168086,-0.13859458152457876,-0.26403600355210183,2.2481575875342377,0.8061862574166584,0.4275877563966659,1.2641656897430753,0.8451587960808378,1.0915197317350172,1.4579758036433286,1.0276167615398821,0.4033962301162448,1.0901944480755505,0
0.6731109153044746,-0.35971531085317227,-0.15484123025532542,-0.4281154315628296,1,0,0,0,1,0,-0.596493238681898,-0.09950204174596339,0.5849690766135982,-0.6148682867982482,1.1623745176108686,0.3986591921818228,0.923052933563479,-0.3043882930864006,-1.6091296298652253,2.00253328298241,0.995620176815071,-0.23738121929559258,-1.497207362888941,0.44062791122893397,0.22659442655742842,-1.4911538202230727,0.3685601468880837,-0.443145161403894,-0.5532824974487066,0.22497917377587734,-0.843257356580156,0.6447798070987873,0.7012683271894824,-2.3398353399561147,-1.7269999902222504,-0.22497917377587734,0.553282497448706,0.32667033235006016,0.11577027848446049,-0.2548937564358004,-0.9613277963089331,-0.7843815472730677,0.4790951633358572,-0.46483142063624716,-0.26403600355210183,-0.4183195767369984,-0.7481493064513315,0.7310941790521709,0.32447439948480933,0.6506647255835172,-0.4146374576327655,-0.28679906978068154,1.7684536571408034,2.12914106165006,0.2860364732784985,1
-0.9460056132015023,-1.776942439283576,-1.8929150543297122,-0.8681093238500562,1,0,0,0,1,0,-0.5081606796529707,-0.17567488401080036,-0.2210013526812325,-0.3608410889199626,0.41916487977909284,0.14375935597325265,0.5504900089222348,0.006889338980504864,0.1962893574209629,-0.4805125489432847,-0.3693508395131624,-1.8928662333843875,-0.9342234448143434,0.2641797000160572,-0.35128785313503136,-0.17860850698080244,-0.35797076753953566,-0.41405239016978884,-1.1234618125076608,-1.4674080343893063,-0.5015045142974017,-0.36136829361195166,-0.4478184519038121,0.29418376815299146,0.07593261043864911,1.4674080343893063,1.12346181250766,0.15955525061472892,-0.40957446049198204,-0.2821865846279648,-0.3282232720705331,-0.4430159425639276,-0.18250970659880966,-0.8726274695258333,-0.4855086804782194,-0.29429738304996345,-0.47058938433204756,-0.3311783002420958,0.03253147435602734,-0.2051091846046925,-0.07617516788719629,0.28421816152172197,1.5215080252738291,0.793080546914203,-0.1469716669968365,1
-0.2006980048416086,0.5421564981479937,0.5693561964423357,-1.6014324776621007,1,0,0,1,0,0,0.47611640666936217,-0.5989865570550853,-0.5536240695330674,-0.16236425777588057,-0.9765561738802919,-0.3351840204817976,1.6252994472374143,1.2663778746291352,-0.15456692315538287,0.9994996642816554,0.21771554571395116,0.6716537106868488,-0.1540066042724858,1.8318474696318587,-0.11848943053107298,-0.5133907202091693,1.2960035647379522,0.12567963443883856,0.2654778184316193,0.6527578856825103,-0.42965803790314544,-1.85684348600023,-0.3046100006219173,-0.06516461416717018,-0.1603391707835097,-0.6527578856825103,-0.26547781843162,3.1397742082281335,0.8162299304530506,2.9929527984317894,2.161126489900864,2.754441888211685,1.6447799341731264,1.6828944368489056,1.6738499195514247,3.2403351370305127,-0.6371253376036178,-1.848710413519619,-1.1717330918001976,-1.1257144516253432,-1.0746389226366257,-0.6992004034990842,-0.37174181903963527,-0.09762646290970158,-0.7036964187794109,0
0.23620645523143258,0.6709953280053031,-0.15484123025532542,1.0385308760612593,1,0,0,1,0,0,-0.29363875058271866,-0.32802056854047434,-0.5920036137852022,-0.14153287025055417,-0.48307252103177484,-0.14289116158761306,-0.36352130046275943,0.8664034441961928,-1.4769447098000996,0.06537966915772864,-0.5619116230507897,-0.8837066110797688,-0.004146904255672378,-0.4366668738291697,1.0574962200250964,-0.9089292250594558,0.4746215176699801,0.06179608413537808,0.03622492998512883,-1.2411978630008902,0.0691728221418111,-0.1297894188466203,1.1056466818529496,0.38230285731080504,0.7908444786563066,1.2411978630008902,-0.036224929985129536,-0.17467491285593337,1.5417059985633763,1.237114184735866,0.49868875958778525,0.683490552976235,1.518759958947476,0.4323198869208419,0.4557501964577793,1.1939689411944467,0.19555442875423396,0.04820472807728505,0.5525548097416701,1.078551680677623,1.1930584186586881,-0.1916295312302808,0.6983559190505837,0.1250502895462747,0.47161139053935697,0
-1.0231064002732158,-1.0554449920826439,0.27967722576327125,-1.6014324776621007,1,0,0,1,0,0,-0.5838743016777656,-0.1152017878616168,-0.4512786181940413,-0.20865623005438366,0.2980926766839729,0.07265571745191467,0.2209308617016221,1.0888667277243669,-0.545849650966923,-0.09033071046125336,-0.624764040801987,0.049157417739564335,0.44494723595927027,-0.25092521940189205,0.5095314183357649,-0.9899923620886056,0.07401226440378425,-0.23876334349273212,-0.20147967785109497,0.266869946255213,-0.5579312639142804,-0.9840663662275927,-0.24865209045627776,0.1954202566300017,0.5791179180576549,-0.266869946255213,0.20147967785109425,-0.3139374809687093,0.340918023760079,-0.32767463161490584,-0.7675202888890147,-0.6990401460957827,0.3530751881102058,-0.46483142063624716,-0.4301405112466897,-0.6043528672675491,-0.6093693453916895,-1.0140677512169813,-0.4509989953885172,-0.5033334260339178,-0.39771434314548676,0.28421816152172197,-0.7833178721512579,-0.7656567202776299,-0.08511336124321738,0
0.33900750466038404,-1.4934970135974959,-1.168717627632051,1.0385308760612593,1,0,0,1,0,0,-0.38197130961164594,-0.25708097498085514,-0.8350740607153893,1.2680576856298647,-1.913965681136189,-1.1776950580553873,-1.330380757978627,0.07023733094424567,0.2529882356452721,-1.4627862244254763,-1.1932085374544157,-0.44679942726360505,0.7965825038716821,-0.9320921001456998,-0.5357389593517806,-1.3256450937272855,-0.7920106801569583,-0.8214144743068424,-0.12528395424331848,-0.4851260289008703,0.9185913850683357,-0.6330944696905083,-1.6779888677535988,1.190785585216227,0.7492781784243076,0.4851260289008703,0.12528395424331776,-0.8709877534198129,-0.4846237089171882,0.06352257247278678,-0.6383152839424023,-0.8867912286858101,0.9831750642384596,0.10608304780917345,0.17890935030013266,-0.4183195767369984,1.5555980471387252,-0.1035484832504671,1.9666533533342068,0.5728670973845897,1.0576735027604598,3.2661970361009387,0.4514102871836102,0.23638866577426285,2.141785645887079,0
-1.7684140086331095,0.6194597960623787,-0.8790386569529866,1.478524768348486,1,0,0,1,0,0,-0.7353015457273552,0.5593058230331229,-0.38731271110714993,-0.2717290422838441,0.9968359358155401,0.6401432475373102,-0.8467397501533807,-0.33572621726750895,-0.8364314377363701,-0.5845465057142095,-0.7149995155392577,0.025721518152297913,0.5291692892342346,1.1028963743059086,0.10159823302270682,-1.3963989590163204,0.989470252198456,0.7527212512635648,0.9153149533513734,-0.8727171435694476,2.2794132966940732,0.5625736487998529,-0.2598164896045218,1.770826381852264,1.6644201845472701,0.8727171435694476,-0.915314953351374,0.9672781456688292,0.04072103005925432,-0.1457224436671417,-0.8321227913623208,-0.4430159425639276,1.2037100208833493,-0.30171300108041293,-0.7069813574043363,-0.10826409251941274,2.3882778134965768,0.7310941790521709,0.5251851605108457,0.30057539868834077,1.0238272737859035,0.9821281108913258,-0.5363722402842841,-0.9326642846196119,1.3376276710900281,1
-0.6119022025574117,0.0010334127472937634,1.0038746524609323,0.5985369837740325,1,0,0,1,0,0,-0.4703038686405733,-0.20067818338017435,0.188380452674872,-0.5136045974390228,0.672928716146751,0.24258894159096142,-2.61597689628813,-2.7282316077718547,0.2912199736159893,-0.2162813998952102,0.3693483955073359,1.6295160386293237,0.2532800034938307,-1.0595500669623654,-0.41865363238678593,-0.24336364718109252,0.24507900146990194,0.4381007206278129,1.2718086794045298,0.9611011618955224,2.5788896116158067,3.3251854832033882,-0.6426644553762585,0.535198360566023,-0.052450919046845894,-0.9611011618955224,-1.2718086794045305,-1.038102835155144,-0.4846237089171882,-0.3367722410122935,-0.40574627503850064,-0.2894014204448148,0.19555021907814235,0.35076067714292497,-0.2086678343205727,-0.35630847989348147,2.0274499147415077,2.6280093206490753,-0.6334633235940058,-0.840456481562607,-0.6007917169928287,-0.3185222492974822,-0.9479482933959068,-0.6543183440496418,-0.6418381130257917,1
-0.9460056132015023,-0.35971531085317227,-0.4445202009343899,-0.4281154315628296,1,0,0,0,1,0,-0.5586364276695006,-0.15997513789514695,-0.7071422465416066,0.12696056896476374,-0.4103053301724193,-0.22114988323059512,1.0590477796467066,-1.6302450417818686,1.6851155042848192,0.6297922138098959,1.2089708191007995,-0.23198069671814783,-1.8424063002920952,0.8188198445097669,0.6914655371797129,-0.2913900628846365,0.9889298661282758,0.655898648665627,0.9573302853504951,-1.2658625234326495,-0.6544765769059115,2.930257477578969,-2.596428257709431,0.1297972767996033,-0.9313639052347469,1.2658625234326495,-0.9573302853504958,0.6330479821981672,0.491016520610491,-0.3549674598070702,-0.44450777652248397,-0.05044549714841698,-0.08799472517957138,0.10608304780917345,-0.319404172783631,-0.35630847989348147,-0.49834537654397587,3.2350221659600846,0.7258959215368835,-0.8534227529290943,-0.7530997473783346,1.9972698554289314,2.756236184608697,2.073471873536065,-0.2706882785040748,0
-1.8712150580620608,0.026801178718756015,-0.15484123025532542,0.5985369837740325,1,0,0,1,0,0,-0.5207796166571032,-0.16869721907050997,-0.7966945164632545,0.8334917958654171,-1.0707561904610863,-0.7738800543775999,0.3512564512768165,-1.3491656224595012,0.4088997875280252,0.6528667100860039,1.4510334461928143,1.1198230907739344,-1.161820518803918,0.3449756878703335,0.22852997957723886,-0.15365284988021127,0.6622488105256502,0.9094816554697435,1.3799550954593118,0.15868247298249136,-0.14373500343500434,2.0807084744010194,-0.7133860036800385,-0.22530622166931683,-0.9984827254882929,-0.15868247298249136,-1.3799550954593125,0.5494904413305014,0.491016520610491,0.8004289336612322,0.5891322630504142,0.8541733553308051,1.140700033270523,0.5138790966987595,-0.09793149585751397,0.6978801664463103,-0.08200549336504998,2.096873081001942,0.269735101023162,-0.1532440991387405,-0.2284831982727022,-0.0012904541294803558,1.0276167615398821,1.2384340518261547,0.16231986177126023,0
0.6731109153044746,0.026801178718756015,-0.15484123025532542,0.5985369837740325,1,0,0,1,0,0,-0.596493238681898,-0.09950204174596339,-0.7711081536284979,0.624599270958672,-0.668608696287777,-0.5592275607282777,-0.37792034531051566,-0.6853106491667353,-0.4231873994263076,-0.08372068858341412,-0.42665453023605693,-0.6328747153147691,0.11955083402692591,0.4291822019631434,0.3504942273862774,-1.362057240120289,0.561377147658126,-0.21314651129096743,-0.43967950362031105,-0.42709685071602743,0.9543412390574463,1.2917277958630589,-0.7902248181438423,0.6697532190882703,0.3465757024507181,0.42709685071602743,0.4396795036203104,0.4102278732177254,0.340918023760079,0.05442496307539909,-0.6641562849317252,-0.42594766232847037,0.6996301199807459,-0.46483142063624716,-0.319404172783631,-0.10826409251941274,0.6951622885689447,0.9587239960437993,-0.49661507743988936,-0.8015576674631424,-0.5161761445564365,0.1890486229713212,-0.37174181903963527,-0.5986491559356475,-0.3944048900113141,1
0.33900750466038404,0.05256894469021735,-0.15484123025532542,-0.4281154315628296,1,0,0,1,0,0,-0.6343500496942954,-0.03205128065648941,-0.42569225535928473,-0.2260157196588223,0.4848907830678219,0.1500200537046912,0.1514497269705344,-0.2585622307097855,0.7238252561623172,0.49432823068772813,0.7398252619749066,0.7944704457775998,-0.6169354516107964,0.3700867091766129,0.4754009692858144,0.9460487643254688,0.888978057884687,1.1931302889547055,1.0713719007766844,0.020989325180847843,0.15919174716293588,0.8311310309294506,-0.038805601911431856,0.2136898765008372,0.2030504289732704,-0.020989325180847843,-1.071371900776685,0.438080386840281,0.5660657690356972,0.33645085439443295,0.795860270964994,1.1614023995690306,-0.2140147004052217,-0.30171300108041293,-0.762349526635866,0.6358690696027934,0.11228645211844858,0.7310941790521709,-0.0951935553878152,-0.10137901367278856,-0.008482709938082702,-0.0012904541294803558,-0.04248097655033679,-0.04195727479570725,0.2860364732784985,0
1.0329145883058024,-0.23087648099586283,-0.8790386569529866,-0.8681093238500562,1,0,0,1,0,0,-0.7605394197356201,0.8291088673910187,-0.11865590134220637,-0.42217795218897913,1.4821225763695443,0.9639107587917047,-0.9308064249067299,0.8223473175873798,1.531491099760805,-1.6275530389463642,-1.1454866667514116,0.33190888331853013,1.0703654963579654,-0.38841607488176266,1.0796127879398172,0.05164964798905727,-0.17758825961202998,-0.0820279011343533,0.3242026962602782,0.13114384342216406,0.9062082267186442,-0.04716511023920554,-2.0416967234726267,2.0226256763569195,1.409104488069377,-0.13114384342216406,-0.3242026962602789,-0.5924626171942612,0.491016520610491,-1.1009714303929035,-0.9096457943302884,-0.9209277891567239,-0.7811045889206503,-0.46483142063624716,-0.6516131881728072,-1.4104971262332722,1.2780381250194413,0.35171115073279,1.2367960405122524,-0.17917664187171697,0.6176725260912207,3.1710274975505377,-0.7833178721512579,-0.8213259083916238,1.708777505611744,1
0.544609603518286,0.0010334127472937634,-1.6032360836506476,-0.8681093238500562,1,0,0,1,0,0,-0.5333985536612357,-0.16578985867872228,-0.7455217907937414,0.540695071203885,-0.6569574689866768,-0.5453645871800923,-0.4677089195006307,-0.3261151401088291,1.2166430196310973,-0.8832096109274115,-1.2012725497776804,-1.6866127035291816,0.8707675957502844,-0.6407596045647507,-1.5566387932683372,0.18256740207672534,-0.08468053112950634,-0.20737909607210944,-0.663442976312604,-1.6423439002630147,0.010121190822127858,-1.1118033068525899,-1.479729133264161,1.109191439315057,1.359247823944672,1.6423439002630147,0.6634429763126033,-0.8152827261747027,-1.6103624352952797,-1.2283379619563388,-0.9613277963089331,-0.9379960693921812,-1.1276595207911904,-0.46483142063624716,-0.2086678343205727,-0.9144083514851348,-0.16527347000083534,-1.1658209625447336,-0.6608329728248301,-1.2553771652902237,-0.8207922053274488,1.2993599060593275,-0.4540570296619595,-1.0996718489615938,-0.5799798072721716,1
-0.5091011531284612,-0.6173929705677911,-0.15484123025532542,0.5985369837740325,1,0,0,1,0,0,-0.3188766245909836,-0.29603960423080994,-0.822280879298011,1.132075017061762,-1.7326682659056873,-1.1025666852781244,-0.028473825682372497,0.6590237942502306,0.3335263056454794,-0.611256546959447,-0.5395724118514886,-0.6414801180896877,0.9007779919366412,0.33045494477938603,0.11072140416616448,-1.2051998248470843,-0.042031089338375655,-0.22592307165343198,-0.5252107151899527,-0.3540047794704373,0.36978023493282614,-0.7936125676391911,-1.667051227958046,0.7840908512542294,0.4809006543747303,0.3540047794704373,0.525210715189952,0.18740776423728422,-0.03432821836595151,-0.3913578973966235,-0.9225662948249498,-0.8867912286858101,0.5736101447550955,-0.22015379130249568,0.012804842605544792,-0.046252995675895824,0.27882240539001907,-0.7864379342253526,-0.1864257194905595,-0.996051737960463,-0.6684841749419423,1.2993599060593275,-1.0302635040182315,-1.266679413303576,-0.332546584257695,0
-1.7684140086331095,-0.10203765113855341,-0.8790386569529866,-0.13478617003801185,1,0,0,1,0,0,-0.7353015457273552,0.5593058230331229,-0.7327286093763631,0.34684743728765344,0.13559032629477505,0.1620942564724656,1.2263854713402778,-0.8771188482015927,-0.7116049819778381,0.16080406815153275,0.2520515010702226,-0.3894876919508581,-0.6039168527158932,1.1940152612216532,0.18642368668405968,-1.4989920636854204,1.2242162074925025,0.9094816554697465,0.8432886699243073,-1.3675781934948876,-0.5122728710711211,1.390628302618195,-0.5335546124886059,0.9966759134808914,0.5602525244687077,1.3675781934948876,-0.843288669924308,1.1343932274041606,0.19081952690966666,0.06352257247278678,-0.7287587874050313,-0.2552648599739003,1.487254965141063,-0.38327221085833024,-0.762349526635866,0.20179139169817292,-0.47058938433204756,1.33810702436318,0.0872707728176734,-0.2051091846046925,0.19459466390925928,0.37938770007212164,0.6983559190505837,0.06938110143228039,0.22417816752487937,1
-0.5348014154856993,-0.6173929705677911,0.27967722576327125,1.0385308760612593,1,0,0,1,0,0,-0.785777293743885,1.051231201323597,-0.4896581624461761,-0.19708323698475788,1.2927480394660236,0.9607804099259855,0.5844763945660665,-0.21336812735365443,0.5113328413545682,-0.23689861493822298,-0.303911826629099,-1.3070497856556023,-0.18191639015937763,-0.2978960914480943,-0.8841465135984488,0.6915376403299465,-0.18499844477663777,0.15682669664277912,0.13830413819877924,-1.919828377166137,-1.1103829189494532,-0.5928641172523645,-0.004080486987476451,0.13659345430153444,0.5482110044247179,1.9198283771661375,-0.13830413819877996,0.04814519612450831,-0.4846237089171882,1.5737257324392298,1.764897808064586,1.5881094054554559,0.6996301199807459,0.4323198869208419,0.40038202722625016,1.3179911348814817,-1.1089772052064004,-0.7105613285614767,-0.6060936743631827,-0.5162996974004062,-0.4315605721200442,-0.033013633646279864,0.4514102871836102,-0.3759724034796717,-0.8274130302866491,0
0.030604356373531493,-0.35971531085317227,0.5693561964423357,-0.4281154315628296,1,0,0,0,1,0,-0.7731583567397526,0.8349235881745941,-0.7071422465416066,0.12696056896476374,0.5650010954954711,0.543996818090218,0.4059061800847417,-0.5757159561462601,1.0316162415857868,-0.24340587354996615,-0.18680506704703093,-0.9065729137128709,-0.24891800188315472,-0.0966569722672345,2.2241495530016624,-1.0045890249981015,0.059901620639547196,-0.7023841477796982,-0.01835909107355938,-1.2182490050339507,-0.6610009320748779,3.0182924142246916,-2.4197690495232913,0.38822305356479603,-0.4428856762057579,1.2182490050339507,0.01835909107355796,-0.03541234474315745,2.2171492343902317,0.2636699792153276,-0.3153027715758717,-0.27233314020935756,0.3845801819166189,1.0032343553662626,1.1201682272361313,0.2638024885416898,-0.5261013687559044,3.2350221659600846,0.5981708917930423,-0.840456481562607,-0.6515610604546642,2.0607162144625315,1.8507688677631275,1.2384340518261547,-0.08511336124321738,1
0.05630461873076867,0.6709953280053031,-0.4445202009343899,-0.13478617003801185,1,0,0,1,0,0,-0.40720918361991093,-0.22975178729805104,-0.6175899766199587,-0.09639819727901366,-0.39436563716697975,-0.10219662633326239,-0.4177883273914669,0.4237635237858412,0.8013585636998086,-0.2734900001086058,0.4396472077584729,0.4837165778312366,0.03191507887603293,0.007929360016718593,1.0066693969120246,-0.06304282768260419,0.26629385355370433,0.5343982435849933,0.2857518833962749,0.3763264807979944,0.5888677624332656,0.4268305676475403,-1.1588359642423283,0.6335197728358078,-0.04982702954980871,-0.3763264807979944,-0.2857518833962756,-0.11896988561082296,0.7161642658861095,-0.4732363819731166,-0.43158727602782254,-0.3064697006802721,0.006520256239666901,-0.22015379130249568,-0.3747723420151606,-0.10826409251941274,0.5008703430854462,0.35171115073279,-0.11343998820836432,-0.6848612251647502,-0.4146374576327655,0.47455723862252236,-0.5363722402842841,-0.4316415915936655,-0.1469716669968365,0
0.544609603518286,-1.0554449920826439,-1.6032360836506476,-1.6014324776621007,1,0,0,1,0,0,-0.5333985536612357,-0.16578985867872228,-0.4512786181940413,-0.20865623005438366,0.17807456053538515,0.03374995297797501,-0.26146634621163706,-0.35647028731793157,0.3124712248955675,-0.6018684373022098,-1.023427332641442,-1.202509151495506,0.7175875463369844,-0.9893914474733307,-1.302631301194097,0.22636352240852073,-0.5389801826938664,-0.39463149441572265,-0.8569681418843172,-0.7901484909597473,-0.6250129574676634,-0.8156807851918726,-0.19968512267455496,0.27864190653069365,0.945224810265967,0.7901484909597473,0.8569681418843165,-1.0659553487776992,-1.3852146900196616,-1.0554833834059623,-0.7933612898783374,-0.9379960693921812,-0.9071245641463012,-0.5463906304141645,-0.2086678343205727,-0.8523972546416179,-0.6648813298155464,-0.8623145398892288,-0.43275256256796935,-0.46443461193445323,-0.33002188519637315,0.5380035976561225,-0.4540570296619595,-0.8213259083916238,-0.2706882785040748,0
0.030604356373531493,-1.776942439283576,0.5693561964423357,-0.8681093238500562,1,0,0,1,0,0,-0.7731583567397526,0.8349235881745941,-0.7583149722111197,0.5592118601152863,0.2980926766839722,0.20994387484846033,-0.8601422750763517,1.5699675945810911,0.2675549712754085,-0.6034023022588287,-1.21224232104021,-0.6703780595327222,1.193734883076387,-0.18301555745156062,2.375634539907754,-0.9261362110045585,0.1922998832145757,-0.7855769187729843,-0.13280945780952072,-0.7825969144484197,1.0131817830791536,0.22502873735624473,-1.2964341847019594,1.005838854506904,0.8090114270483686,0.7825969144484197,0.13280945780952,-0.007559831120602114,2.667444724941468,0.7549408866742913,0.11107374474794844,0.18851042614798086,0.4790951633358572,1.0847935651441794,1.2862727349307197,0.6978801664463103,1.0837461795359422,0.35171115073279,0.40658334717727845,-0.3607044410025493,0.04228663352375219,1.648314880744129,-0.12479618717266176,-0.48731077970765985,0.5334696962929761,0
0.6731109153044746,-1.776942439283576,-0.15484123025532542,-0.8681093238500562,1,0,0,1,0,0,-0.596493238681898,-0.09950204174596339,-0.7583149722111197,0.5592118601152863,-0.5807080307202706,-0.5086947861816664,-0.29843815780577637,0.07924753819811121,-0.12584232362676268,-0.6509465386831197,-0.9223847321882257,-1.0966282527948967,0.30720978417964667,0.4656520296822565,0.2070273234670181,-1.5594158646422553,0.25696821816745896,-0.26521001863012655,-0.5860329100839196,-0.9144498376620688,0.8802595446672005,0.09862569469938182,-1.3950318823322099,1.1341920645710195,0.9402193622762683,0.9144498376620688,0.5860329100839188,0.29881781872750485,0.04072103005925432,-0.4186507255887879,-1.1163738022448682,-0.972132629863095,0.6366201323679207,-0.709509049969999,-0.5408768497097485,-0.4183195767369984,1.0837461795359422,0.35171115073279,0.7715120035882557,-0.1402778277722523,0.31305646532020776,2.1241625734961316,0.03983423407198747,-0.3759724034796717,0.9664778365683122,1
0.33900750466038404,-0.2051087150244015,0.27967722576327125,-0.13478617003801185,1,0,0,1,0,0,0.21111872958258027,-0.5175804660850305,0.9943508819697028,-0.6565310618489011,0.3559483304542421,0.10932551845034055,0.8100008397776475,0.9398235183148836,0.6772711855639978,-0.502617792402832,0.1453505201395855,1.8283770990995571,0.5925625008390356,0.17537113377802555,1.2810856610203725,-0.17603333473600247,-0.17980511787393813,-0.10250293826337135,-0.83882515761197,3.325624872420312,-0.9510971147815355,-0.0065737810538186335,-1.1027489242046054,0.5007125343422709,-0.2890369634995145,-3.325624872420312,0.8388251576119693,0.02029268250195297,0.9413120111617277,-0.5005292101652823,-0.5091102789957901,-0.5454256239766699,-0.18250970659880966,-0.6279498401920818,-0.319404172783631,-0.17027518936292965,-0.8869292675109735,0.010266425245347094,0.05990112358685037,-0.5227828330836498,-0.30463721346545575,0.41111087958892223,-1.853415610241477,-0.6821529381066387,0.9355486836915021,1
2.266527181453213,0.28447883843337485,-0.8790386569529866,-0.13478617003801185,0,1,0,1,0,0,-0.2684008765744537,-0.3454647308912004,-0.31055362260288033,-0.3388524020876736,-0.041226818746413214,-0.003814233410656377,-0.48140096564195256,-2.0848747824287996,-1.0915391618217878,0.47403451566500215,0.8400758793760036,1.1118547887394639,-0.3122886895018663,-0.4670061148465915,-0.8983342501810967,-2.8157982579832948,1.1836424973018933,-0.21723374976218496,1.2301640235220075,0.29637562078413626,0.20277275393445865,1.9616245372165182,-1.337435093735663,0.5332895903452237,-1.3042262622397316,-0.29637562078413626,-1.2301640235220082,-0.3974950218363748,-0.7848207026180125,0.2454747604205509,-1.2972608091701252,-0.8526546682148961,1.8968198846244282,1.0847935651441794,0.5111183656893089,-0.35630847989348147,0.3065783976019474,2.096873081001942,0.4704458620491997,-0.3347718982695729,-0.11002139686175369,-0.12818317219668063,0.9453015509175579,1.2384340518261547,0.16231986177126023,0
0.8787130141623758,-0.6946962684821769,2.1625905351771904,-1.161438585374874,1,0,0,1,0,0,-0.4576849316364408,-0.20591143208539214,0.6489349837004895,-0.618340184719136,0.8902021929916332,0.3195060851486352,1.3701635436360717,2.506694178869996,1.034779361227174,2.1251488097869853,1.5216796286341974,-0.4678193647257191,-2.9031314857313726,1.3201402741841228,3.732345250525903,-1.3240861102548158,1.4303661999710553,0.4948067363529091,0.416552302523086,-1.0511813190346209,-0.5861771536783649,0.2984651099785055,-2.74515689853976,-1.4526122998266036,-1.4951755712206056,1.0511813190346209,-0.4165523025230867,1.245803281894381,3.492986457618735,0.04532735367801011,-0.6512357844370638,-0.10165033785478751,0.7626401075935709,-0.22015379130249568,-0.4301405112466897,0.015758101167622184,-0.47058938433204756,0.4528799582846249,0.4856512227329909,-1.0954598184368711,-1.503357822981013,2.314501650596933,3.634265097913492,3.075517259587958,-0.35316601950890136,0
0.544609603518286,0.10410447663314094,-0.4445202009343899,0.3052077222492148,1,0,0,1,0,0,-0.21792512855792381,-0.37395686273071954,-0.2210013526812325,-0.3706781330291445,0.0019990043776797386,-0.001131077240039849,-0.2062995816330888,-0.6496287317179277,2.0775514970596696,0.18339210363033012,0.8301091107746906,-0.5402090521471095,-1.2827693830923834,-0.4688406162463306,0.16956648206137498,0.6273994163686828,-0.5481475845983239,-0.4972218516625545,-2.0362621195869473,1.282759261399553,-0.1815954294234169,1.0615038008949174,-2.2096065875862365,-0.7912846622853879,-1.5646228611694584,-1.282759261399553,2.036262119586946,-0.4253475354589299,0.19081952690966666,0.10901061945972781,0.42116575661981864,0.17144214591252482,-0.5605696322757617,-1.1173050988595852,-0.319404172783631,0.139780294854656,0.1400424443303771,1.6416134470186852,1.419260368717741,-0.1532440991387405,-0.44848368660732285,2.1241625734961316,1.1099319721622063,2.2404794378780473,1.3994859768436472,1
0.6731109153044746,-0.6173929705677911,1.0038746524609323,1.0385308760612593,0,1,0,1,0,0,0.7284951467520117,-0.6327119375998222,-0.5152445252809326,-0.16352155708284313,-1.014807099914391,-0.3602268114075518,2.0708448565782427,3.163422163319316,-1.4248999300493228,1.1537525100052952,-0.3380906601739025,-0.7722842339904963,0.04980007051017823,1.801677806940434,3.6038868108295716,-2.038127992625779,1.1821943559439188,-0.3213078634984659,-0.34274413050805214,-0.7133741297612541,-1.0793449468523644,-0.7316015036654421,-0.10023613746695992,-0.38640152044167303,0.12583982533731544,0.7133741297612541,0.34274413050805214,1.357213336384602,2.81754322179188,-0.6733837887156574,-1.5298298180740268,-1.091610591511294,0.25856020669096863,-0.13859458152457876,0.012804842605544792,-0.4803306735805153,-1.0257092285706153,-0.7105613285614767,-0.10431677179808911,-0.1402778277722523,-0.2792525417345383,0.41111087958892223,0.4514102871836102,0.1250502895462747,-0.1469716669968365,0
-0.9974061379159777,-0.8235350983394863,-0.4445202009343899,1.478524768348486,1,0,0,1,0,0,-0.0412600105000692,-0.45071117707391406,-0.34893316685501513,-0.2919817801556892,-0.3103258457607151,-0.12097871952757809,-1.1460258968339085,1.2794377710146554,-2.5173395026945387,-0.9213435810834811,-1.5690176729181522,-0.7759699614769089,1.2150029514496092,-0.3936020260875931,1.7299105647955977,-2.8499737827665013,-0.46526797944364057,-1.4128313195061124,-0.5505532963957722,-0.5122984218604396,1.2002944001155564,-0.0230820651764788,0.5773386302994751,0.7833239739064937,0.6604450207537367,0.5122984218604396,0.5505532963957714,-0.6203151308168162,0.9413120111617277,-1.21924035255895,-2.2662983462697173,-2.2693219277578276,0.3845801819166189,-0.13859458152457876,0.12354118106860354,-1.658541513607341,1.194770148383656,0.04820472807728505,0.22411901897178985,0.4950694691856613,0.8038267854512828,-0.3502454288142823,-0.12479618717266176,-0.3759724034796717,0.10046155601764112,1
-1.4086103356317816,-0.9523739281967958,-0.4445202009343899,-0.4281154315628296,1,0,0,1,0,0,0.11016723354952047,-0.5053695524395223,-0.579210432367824,-0.1450047681714419,-0.8186411393197116,-0.2766017774233367,-0.44275085069981995,-0.29804574973441117,-0.6587076245705886,-0.5343329271127834,-0.6811165991183794,-1.8705521858511427,-0.6858200375549574,-0.2737930536303771,0.7190532244691152,-1.409756800825197,0.04924708066133858,-0.5280517925847827,-1.7278313869570296,-0.8375679493470506,0.3420850424664911,1.1294088803874993,-0.5161942387776977,0.7706818744207335,0.36994513867936246,0.8375679493470506,1.7278313869570274,-0.5089050763265954,0.19081952690966666,-1.1373618679824566,-1.5815118200526717,-1.4841810369268051,-0.18250970659880966,-1.7697787770829225,-1.4267675574142176,-1.4725082230767892,0.25106641317809053,0.9587239960437993,-0.19554893590083341,-0.4255357978349895,-0.11002139686175369,0.12560226393772106,0.28677986593896093,-0.09762646290970158,-0.2706882785040748,0
-0.9203053508442651,-0.7462318004251005,0.27967722576327125,-0.8681093238500562,1,0,0,1,0,0,0.07231042253712305,-0.4989733595775894,-0.3233468040202586,-0.32670075936456655,-0.36610906074714133,-0.13126415151494145,0.28813832204779116,-0.5240127596405033,-0.298567634773229,-0.07934049225083985,-0.341751189881291,1.2430929355886022,1.565164461868756,-0.617667772056162,-1.4702819285205888,-0.18119557344649545,-0.8901629906896709,-1.0338887942910666,0.4046670721312756,1.2940866261665431,-1.01782971095307,-0.7536722020684933,0.22606788193073699,-0.7754864974385888,-0.5650978930597286,-1.2940866261665431,-0.40466707213127634,-0.4253475354589299,-1.2351161931692491,0.9277954652246664,0.6795757665130432,0.2567835470898098,0.4475901695294441,1.9819448727012692,1.8953225964775422,0.20179139169817292,-0.9979532363586869,-0.7864379342253526,-0.3415203984652251,-0.17917664187171697,-0.4654068010946016,-0.4136917878478824,-0.9479482933959068,-0.48731077970765985,-0.3944048900113141,1
0.2105061928741954,-0.6946962684821769,0.5693561964423357,-1.6014324776621007,1,0,0,0,1,0,-0.10435469552073157,-0.4210561010776798,-0.1826218084290977,-0.37357138129655093,-0.07064438423874114,-0.035117722067849196,1.1051340481356056,-1.1268259546238095,-1.2220363256194204,1.9870269508834044,1.1018355443631729,0.1931221793473672,-0.9059846403082601,0.3720520041413033,-1.0359105532758088,-1.017706255090024,1.2923986162669792,0.6703908532985104,0.10398440440281079,0.16026515284228104,-1.1649658170951687,0.5088515343314641,0.6478679564326053,-1.4028248736129436,-0.777933983877125,-0.16026515284228104,-0.1039844044028115,0.15955525061472892,-1.0850176963188372,-0.6097005229339397,-1.0000892977929163,-0.5112890635057554,0.19555021907814235,-0.5463906304141645,-0.6516131881728072,-0.4803306735805153,-1.0257092285706153,0.7310941790521709,0.6620334066649622,0.9229564242797662,0.22844089288381547,0.1890486229713212,0.7806711296729086,0.9600881112561845,0.34789477903211874,1
0.9815140635913272,0.43908543426214564,-0.8790386569529866,0.3052077222492148,1,0,0,1,0,0,1.8389616031156693,-0.7158624448049496,1.1478690589782419,-0.6663681059580829,-0.20900724678240956,-0.035564914762951955,0.1545879012653381,-1.356084630085444,1.66011783674562,3.0137660938147453,4.573704885363589,-2.121260494017889,-4.550219777792038,-0.636799411066901,-1.3916354287275925,0.6884816048338943,1.247639697226122,2.41176886244565,-4.63070887053273,1.6995343650485126,-0.8512407081556712,0.4671588900131394,-1.5775790811627923,-2.8342653939695635,-3.5914174711241826,-1.6995343650485126,4.630708870532729,-1.038102835155144,-1.685411683720486,-2.5565889339750165,-1.9303653334085251,-1.4841810369268051,-1.348194477436079,-3.074726133529598,-2.7556036189709214,-1.720552610450858,-1.0257092285706153,-0.17942508891434333,-1.582277830262547,-1.981488361813554,-2.631565455466244,-1.3336639938350878,0.6160407084282594,1.9621334973080773,-1.6934293108373202,0
0.05630461873076867,-0.2051087150244015,0.5693561964423357,0.3052077222492148,1,0,0,1,0,0,-0.7731583567397526,0.9017928771857106,0.16279408984011548,-0.5107113491716163,1.8138318464919418,1.0882303280302705,0.7697702017461213,-0.630789170627186,0.07695583803018462,-0.18589961225783702,0.37017288058943487,-0.45790474031790296,-1.0782651518278727,-0.18017608210114838,2.2394009649810718,-1.0671346298175943,0.43943728995256426,-0.4000412333257956,-0.0741697193470499,-0.550966827225982,-1.2504140220977973,3.109160659176256,-1.1775685975184058,0.6868768773912873,-0.8718052769747078,0.550966827225982,0.07416971934704919,0.0759977097470634,2.7424939733666744,1.1097476531724306,0.3048812521678669,0.47867119015075044,1.109195039464111,0.9216751455883455,1.0648000580046022,1.13195784435093,-0.8869292675109735,5.131937307556989,3.1161786210287845,1.7787303344679768,2.0222910285353324,1.8386539578449304,3.4970730802096184,3.353863200157928,2.018069034379841,1
-1.485711122703495,0.33601437037629844,1.0038746524609323,0.3052077222492148,1,0,0,1,0,0,-0.7983962307480176,1.148337038409305,0.20117363409225028,-0.5124472981320601,2.1743304836401203,1.2791816088391468,0.5080242215972252,-1.2185749960234693,-0.8729055945464779,0.810850026255538,0.4164691694705734,1.025713988845897,-0.24650310185639368,0.9606924463298129,-0.5165264945902638,-1.5122459567606914,1.2552369789150062,0.719050882754488,0.6190712565440033,0.7849642097577141,0.2534925260672551,1.1550875212654883,-0.32637015584483936,0.149265427482624,0.1605829178202755,-0.7849642097577141,-0.619071256544004,0.9951306592913848,-0.40957446049198204,0.28186519801010423,-0.5737127814690962,-0.08458205761933026,1.487254965141063,-0.30171300108041293,-0.5962450189412776,0.38782468222872474,0.11228645211844858,0.8828473903799233,-0.40538291333714505,-0.5033334260339178,-0.4146374576327655,0.030432725387320277,-0.7010026615289333,-0.4316415915936655,-0.023255055489598248,1
-0.6119022025574117,0.7225308599482267,1.0038746524609323,0.5985369837740325,1,0,0,1,0,0,-0.4955417426488382,-0.16695280283543737,8.874950635074715,-0.8029294241796671,2.1865534876031627,0.49212246545829846,0.844674411439276,0.3525080741465674,-0.12144889033297575,-1.895662478853551,-1.8698453922497849,1.028253090340091,1.2041820387350728,-0.813657931693693,-0.39249118616346323,0.02589619074016268,-0.3415734996937835,0.3408306590036981,0.004530982273630621,1.3979208031972914,-1.9875377490706807,-0.8770174486838838,0.19204787592183803,2.2222192757105366,2.7636453886190617,-1.3979208031972914,-0.00453098227363133,-0.8709877534198129,-0.5596729573423944,-0.6915790075104341,-0.5737127814690962,-0.6649035856248688,0.006520256239666901,-0.38327221085833024,-0.4301405112466897,-0.35630847989348147,-1.858388994928467,-1.6969572021918669,-3.999930178985271,-3.3429468552947976,-2.716181027902636,-2.4439752769230942,-2.676567716464722,-2.7697474923814145,-3.5491784834459006,0
0.44180855408933456,0.05256894469021735,0.27967722576327125,0.5985369837740325,1,0,0,1,0,0,1.1449200678883833,-0.6722520389281346,-0.7966945164632545,0.9000365060157653,-2.280254878399569,-1.212576088273402,-0.46216898005989904,-1.2048461557453773,0.07113110629860661,-1.9907083785689053,-1.886569003196859,-0.5941478816965604,1.880247668848449,-0.8050901117454379,0.6117682540149039,-1.15295557118998,-2.536225509951425,-3.118775191554144,-1.038397984607798,0.21952363131345246,-0.16177933635492683,2.266545167488145,-1.2558477636508838,0.17444078883573577,-0.5922448535234156,-0.21952363131345246,1.0383979846077973,-0.8524194110047761,0.3159016076183434,-0.6157655958655328,-1.0689986337644437,-1.8539937753617073,-0.6655862782971376,1.1391663716627913,2.0429710477616196,-1.307145298160744,-0.10976148557697851,2.2486262923296945,0.22411901897178985,-0.47740088330094144,-0.38079122865820925,0.6014499566897238,0.6983559190505837,0.9044189231421907,0.2860364732784985,0
-1.485711122703495,-0.514321906681944,1.0038746524609323,-0.8681093238500562,1,0,0,1,0,0,-0.7983962307480176,1.148337038409305,-0.13144908275958464,-0.41118360877283466,1.926956945129057,1.2009228871961646,0.9860880519855848,-0.49950168526699884,-0.3513293732773379,1.0519249837243314,0.796973637329792,1.2079129203405214,-0.7128403306398545,0.949590509823581,-0.4396848847776708,-1.4456684389329175,1.2618686128471344,0.6134104540949318,0.1590389773671773,1.4897162350650546,-0.422359791598613,0.2451150734494466,-0.9724783385210272,-0.16983547251092862,-0.4372288433151635,-1.4897162350650546,-0.15903897736717798,0.8837206048011639,-0.40957446049198204,0.00893691608845806,-0.7416792878996918,-0.2552648599739003,1.0776900456576979,-0.6279498401920818,-0.762349526635866,0.139780294854656,-0.5816133531797613,-0.1035484832504671,-0.9162830323125138,-1.21647835119076,-1.1931007240475748,-0.15990635171348128,-0.7010026615289333,-0.04195727479570725,-0.332546584257695,1
-1.0231064002732158,-0.9523739281967958,-0.8790386569529866,-0.4281154315628296,1,0,0,1,0,0,-0.1295925695289965,-0.41000813158888666,-0.579210432367824,-0.1450047681714419,-0.6263344053299075,-0.20326217542648495,-0.44601382944751933,1.647418029138818,-0.10770971127731256,-0.547406207752678,-0.699209837101416,-2.602154226058774,-0.5522814304698566,-0.12741952240597254,3.6066662186038063,-0.7591719597569538,0.4057828112663389,-0.12334079932619117,-2.7148097313727666,-0.8565127692838675,0.4928770015775911,1.3519460968985488,-0.615651821678271,1.1418777604728028,0.7885887485048965,0.8565127692838675,2.7148097313727657,-0.6481676444393714,1.6167552469885829,-2.2290749956690408,-2.1629343423124268,-1.9450246032841443,-1.3796994712424915,-2.1775748259725085,-1.648240234340335,-1.8445748041378918,0.16779843654230542,0.8069707847160468,-0.9071598159022387,-1.047916823426415,-0.6007917169928287,-0.1916295312302808,-0.20711139779498602,-0.5986491559356475,-0.76555472453303,0
0.2105061928741954,0.05256894469021735,0.5693561964423357,0.5985369837740325,1,0,0,1,0,0,-0.10435469552073157,-0.4210561010776798,-0.7966945164632545,0.9000365060157653,-1.6247406452544073,-1.0193888439890122,0.15699134723008246,-2.2305022940423216,0.7342296018761553,0.3815142341030342,0.6255330213310513,0.9218684175905939,-0.1351905804909571,0.1789516919778691,-1.076894430541429,-0.5529857834272784,0.9343846471696573,0.5642227624848583,0.6912331826893902,0.5717619163874261,-0.039493867815732865,1.982625198271991,-1.5594138452007318,0.4111187044041813,-0.2623698532971021,-0.5717619163874261,-0.6912331826893908,-0.06326485836571254,-1.1600669447440433,-0.8189455390738695,-0.9484072958142716,-0.5795621844475838,-0.24551969421163483,-0.05703537174666111,-0.3747723420151606,-0.728375060954584,-0.16527347000083534,1.5657368413548085,-0.48749186102961545,-1.164613265724808,-0.9561771212256767,0.47455723862252236,-0.28942660841731066,-0.04195727479570725,-0.3944048900113141,0
0.544609603518286,-1.4934970135974959,-0.4445202009343899,1.0385308760612593,1,0,0,1,0,0,-0.21792512855792381,-0.37395686273071954,-0.822280879298011,1.1453839590918318,-1.8500050049967245,-1.1727759384092569,-0.876342566148432,0.18996404077235962,1.5850910849790456,-0.8530494644897567,-0.4166764733620403,-1.0443579357148476,0.17179322323706978,-0.3729951100635734,-0.13753803108593865,0.6646636973067614,-0.2796445847787883,-0.1560730824094273,-1.3361733137761789,-0.09917924017331377,0.8458833516645559,-0.39851418784500264,-1.4989496981613462,0.8751240090245215,0.38932483469078943,0.09917924017331377,1.3361733137761782,-0.3417899945912644,-0.10937746679115769,0.07262018187017576,0.4082452561251572,0.2738518273252659,-0.49755964466293656,-0.8726274695258333,-0.3747723420151606,0.139780294854656,0.6396503041450882,-0.482931511569848,-0.3871364805165972,-1.060883094792903,-0.7023304039164997,0.8235122133073248,-0.7010026615289333,-0.8213259083916238,-0.3944048900113141,0
0.05630461873076867,-0.9523739281967958,0.5693561964423357,-0.4281154315628296,1,0,0,1,0,0,-0.7731583567397526,0.9017928771857106,-0.579210432367824,-0.1450047681714419,0.9640064492997569,0.8056045447253295,-0.19420537416731146,0.5516390221778417,-0.8308613515501647,-0.45133970444780974,-0.5317073357174426,-0.4950183209902933,0.35675693742328723,0.08081753899629344,2.2131940239113335,-1.7207987564735927,0.5229535357449525,0.08342615621614623,0.18286856865026183,-0.8565127692838675,0.35079923298370735,1.4599873181884044,-0.5934214954674123,1.1282825968782741,0.7726949812737844,0.8565127692838675,-0.18286856865026252,-0.11896988561082296,1.6167552469885829,-0.7188718357025985,-1.4135453136220761,-1.176951992688579,0.6681251261743327,-0.05703537174666111,-0.1532996650890431,-0.728375060954584,0.0012624832707351544,0.8069707847160468,-1.0805009276974533,-1.1775795370912954,-0.7361766328910565,-0.3502454288142823,-0.20711139779498602,-0.5986491559356475,-0.76555472453303,0
-1.485711122703495,-0.9523739281967958,1.0038746524609323,-0.4281154315628296,1,0,0,1,0,0,-0.7983962307480176,1.148337038409305,-0.579210432367824,-0.1450047681714419,1.3002712888661887,0.9952142474488975,0.3168674224715174,-1.2073160698592356,-0.6892333995969938,-0.17212055946666588,-0.4016742622839852,-0.9989010035899213,-0.2506596035926034,0.802126828088264,-0.36981835141134267,-1.419244062978288,0.9271114382073492,0.5275442299673965,-0.32687747097049374,-1.0381887348318,0.3608638110987189,1.286603289004908,-0.4839982652128675,1.151831603473424,1.0372404757640727,1.0381887348318,0.326877470970493,0.38237535959517033,-0.6347222057676005,-1.028190555213798,-1.5039888170847049,-1.1428154322176651,0.29006520049738066,-1.2804235184154193,-1.3160312189511594,-0.8523972546416179,0.0012624832707351544,0.6552175733882943,-1.1078705769282764,-1.1516469943583196,-0.7023304039164997,-0.2550758902638815,-0.5363722402842841,-0.9883334727336057,-0.76555472453303,1
-0.5348014154856993,0.43908543426214564,0.27967722576327125,0.3052077222492148,1,0,0,1,0,0,-0.785777293743885,0.9913395772527708,1.007144063387081,-0.6547951128884572,2.3567285130000393,1.2684489841566806,0.04670725394970563,-0.6894079832512572,1.1783523235763953,1.504914961802327,2.0768984711204155,0.43507503530892766,-2.1733141822924504,-0.3166972952417273,-0.5798053503211806,0.5935535022377727,-0.2749755698964546,-0.10640928367379683,-0.31993580742281313,0.9106988955914741,-0.38138777947282115,0.36539782085729955,-1.0143830736980222,-2.3057040924830057,-2.8039576851840318,-0.9106988955914734,0.3199358074228124,-0.007559831120602114,-0.18442671521636386,1.409968763286241,1.5581698001500064,1.349153482159058,0.4790951633358572,0.35076067714292497,0.5664865349208381,1.1939689411944467,-0.5399793648618685,0.010266425245347094,-0.8752285584662787,-1.2035120798242718,-1.870025303538713,-0.857816301083085,0.8218287349840708,1.5446145864531222,-1.538783546453272,1
-0.7918040390580765,-0.8235350983394863,0.5693561964423357,1.478524768348486,1,0,0,1,0,0,-0.4198281206240434,-0.22102970612268805,-0.3617263482723934,-0.30124017461138985,0.09866791162471487,0.06281747815965406,0.46120340431701257,0.7332004671232214,-1.5607170647685202,0.5416935501335345,-0.2016253288856221,0.07563018561118759,-0.1820164972982718,1.7607637596584325,0.7133027256258712,-1.4342480146649124,1.6300608126342415,0.7737328114659009,0.07195265285990604,0.031788787753525546,1.118019841565681,-0.2917696393194306,0.6922715754827395,0.8845473595150924,1.0175222978706355,-0.031788787753525546,-0.07195265285990675,2.387756340419144,1.3165582532877582,1.5919209512340051,0.44700675760914055,1.1272658390981163,2.3063848041077932,-0.709509049969999,-0.8177176958673952,1.5660355222555504,1.055990187324014,-0.2553016945782196,0.06902433999712428,0.4172718409867329,0.7699805564767266,-0.28679906978068154,-0.9479482933959068,-1.0440026608476,0.10046155601764112,1
0.4932090788038099,-0.514321906681944,-1.168717627632051,-0.8681093238500562,1,0,0,1,0,0,1.220633689913178,-0.6757408713982798,-0.2210013526812325,-0.3706781330291445,-0.7892039954259552,-0.2332240859983695,0.30336643136551966,1.8139651521828872,0.30508049466379783,1.2431660432544915,1.0258367807061728,0.6501306389480065,-0.8737109711940138,0.13096158053797635,1.891529934268684,-0.24222653148894668,0.41423556405264716,-0.21723374976218496,0.06512235289855199,0.8221130942085976,-0.290983139371187,-0.5948309344826738,-0.6604695603712292,-1.2686882275795779,-1.54572453178833,-0.8221130942085976,-0.0651223528985527,0.35452284597261524,2.2546738586028345,0.900502637032502,0.6214335142870673,0.777366094271248,0.30581769740058723,0.7993363309214695,0.8433273810784847,0.7598912632898273,-0.47058938433204756,-0.7864379342253526,-0.8980365994919648,-1.060883094792903,-1.4131012123821949,-0.667477223982284,0.4514102871836102,1.0157572993701793,-0.8274130302866491,0
-0.3291993166277972,-0.6946962684821769,-0.4445202009343899,-0.4281154315628296,0,1,0,1,0,0,0.4634974696652297,-0.5914274200364373,4.3717507761575645,-0.776890189773009,0.8964551183458439,0.14554812675366366,0.527376494461364,1.05358496506682,-0.6715176276475159,-0.277729427185434,-0.6605509053722346,3.996377001158502,2.4828818104646113,-0.9397399683520575,0.9628495531254715,0.09569316560056015,-2.026408226242787,-1.749242466228624,0.02218903885575186,5.428574766118151,-1.672306957074904,-0.48151688373001855,1.0141494957827004,-1.6341571707720846,-0.8490462777502336,-5.428574766118151,-0.02218903885575257,-0.7595776989295921,1.3165582532877582,0.9611533663484251,0.8690764404347405,-0.09027148436448348,0.3845801819166189,2.3625545183315495,2.5966527400769133,0.5531876071447698,-1.5808290728091832,-0.5588081172337243,-0.39625969692687113,0.15794641365697218,-0.5161761445564365,-0.6992004034990842,-2.676567716464722,-0.8213259083916238,0.7809029193074537,1
-0.2006980048416086,-0.514321906681944,0.5693561964423357,-0.8681093238500562,1,0,0,1,0,0,0.5013542806776271,-0.5995680291334429,-0.24658771551598904,-0.35042539515729937,-0.5328122098051744,-0.19029358726850507,1.268258547547813,-0.3152278276589877,0.08932441248428379,0.4975601055894645,0.29495785009793224,0.47817352646762407,-0.2839691395636637,1.3660838170751084,-0.2649502066376763,-0.9010905255561438,0.48606698933708903,-0.02986422561053301,-0.5745260083472232,1.2219795587840785,-0.39856952925456945,0.16723878553421956,-1.0276185415964683,-0.19019589656906452,-0.4126162546814364,-1.2219795587840785,0.57452600834722245,2.443461367664254,0.5660657690356972,2.788256586990555,1.7196760563332716,1.8868043095759535,2.589929748365507,0.7993363309214695,1.2585886503149546,3.0853073949217196,-0.5261013687559044,-0.1035484832504671,-0.7338187041070253,-1.0997819088923677,-1.0915620371239039,0.062155904904119784,-0.4540570296619595,0.1250502895462747,-0.1469716669968365,0
-1.8712150580620608,-2.086155630941119,-0.15484123025532542,-0.4281154315628296,1,0,0,1,0,0,-0.4703038686405733,-0.18904874181302367,0.5465895323614635,-0.6027166440751413,0.8663049502214519,0.32040047053884074,0.9230993419145201,-0.3664105326384376,-0.5701803881194978,1.252068970124926,1.2883080841824153,3.759494423516756,0.4397815618294719,0.3710059600471932,0.1863344316295503,-0.24749470374454752,0.48366889051159917,0.718980274384923,1.0994917511557436,4.037039469395473,-0.9128873218123505,0.6895756982112965,0.5307473827503948,-1.2118666094485586,-0.9729193057872575,-4.037039469395474,-1.0994917511557445,0.5494904413305014,0.41596727218528484,0.7094528396873502,0.459927258103802,0.6493539925053206,1.109195039464111,0.6769975162545934,0.17890935030013266,0.5738579727592754,-1.0257092285706153,0.12408133374116129,-1.244718823082393,-0.8274902101961188,-1.1931007240475748,-1.3019408143182878,-2.347306873975424,-1.211010225189582,-1.3222794763156045,1
-0.2263982671988458,0.05256894469021735,-0.4445202009343899,0.5985369837740325,1,0,0,1,0,0,0.31207022561564,-0.5611908719618456,-0.7966945164632545,0.8236547517562353,-1.92123953589141,-1.0681328477552123,-0.09769909658421776,-1.9154904052157715,2.3052280378124936,-0.8203497786091842,-0.40184318091566973,0.21230010260400195,0.6021454325337542,-0.15748483218256223,-0.25218918155936476,1.4391996442182502,-0.7756631326706622,-0.7554735930258462,-0.06904425348519984,0.3580292690535297,-0.02150401666957893,2.376433109006714,-1.7050671067313161,0.339105341713486,-0.21515710673820684,-0.3580292690535297,0.06904425348519913,-0.23037994010104354,-0.3345252120667762,-0.32767463161490584,0.4340862571144791,0.08610074473523979,-1.5687294340809674,0.6769975162545934,0.7879592118469556,-0.29429738304996345,-0.16527347000083534,1.8692432640103136,-0.5513543759015367,-1.2813097080232,-1.0915620371239039,0.6331731362065233,-0.28942660841731066,-0.15329565102369538,-0.6418381130257917,0
-0.5091011531284612,-0.6173929705677911,-0.8790386569529866,1.0385308760612593,1,0,0,1,0,0,-0.20530619155379135,-0.3751198068874346,-0.5408308881156891,-0.1606283088154367,-0.46758293208315554,-0.16435641095254527,0.30291228128896497,-0.33964243135290945,-0.7256112130656066,-0.40521793017078866,-1.0696670937205888,-0.49948489205181296,1.1358078668687688,-0.4520033411272655,-0.47879423457476106,-0.8623213952216721,-1.2321252856044158,-1.4166404714606864,-0.8989374548998709,0.21031740340811067,-0.8728433134962608,-0.013475657487312992,0.12538499614076218,-0.6743310606293369,0.007545916128106554,-0.21031740340811067,0.8989374548998709,-0.6203151308168162,-0.7097714541928067,-0.982702508226857,-1.2197378062021575,-1.552454157868633,-0.4660546508565234,0.18764225758709038,0.7325910426154264,-0.790386157798101,-0.859173275299045,-0.1035484832504671,-0.2685346671830286,-0.16621037050522874,-0.4146374576327655,0.1890486229713212,-0.37174181903963527,-0.32030321536567735,-0.1469716669968365,0
-0.6119022025574117,-0.5400896726534062,1.0038746524609323,0.3052077222492148,1,0,0,1,0,0,-0.5207796166571032,-0.16404544244364969,-0.8094876978806327,0.9891485526518837,-1.2176464931239974,-0.8905973477994189,-0.4978264914996529,0.7278435467401002,-0.3691887084939498,-0.2912413523472859,0.06376329568478392,-0.21666507472891672,-0.44648228578044696,-0.8514559170344221,0.14980327437630017,0.19499948362624442,-0.7305300985296589,0.11180703229669685,-0.4633576356367666,0.1640471410786609,-0.15852486503101287,-0.848918478064549,0.7006490077720423,-0.33093286286565643,0.026262398305512254,-0.1640471410786609,0.4633576356367659,-0.8431352397972577,0.04072103005925432,-0.2730889752305771,-0.1344157646506147,-0.40887938209301433,0.25856020669096863,-0.709509049969999,-0.5962450189412776,0.015758101167622184,0.08453045990652028,-0.5588081172337243,1.0634549287170376,1.3119445652744073,1.0745966172477384,0.3476645205553221,0.28677986593896093,0.4033962301162448,0.8427612250610729,0
-0.5091011531284612,-1.0554449920826439,-0.8790386569529866,-1.6014324776621007,1,0,0,1,0,0,-0.23054406556205628,-0.3547682841449209,-0.6047967952025805,-0.07267356148628083,-0.5876010482317433,-0.21667795627956757,-0.04292368112011575,0.23052321969057427,0.13227845959636286,-0.07480112520621188,-0.13036972756004991,-0.911671746203957,0.24017665271978142,-0.4228865969310779,-0.18065986305069365,-0.6509763467586185,0.07401226440378425,-0.08415712709699667,-0.7279513648365089,-0.5214382267650228,-0.3628568814569784,-0.49738143841148935,-0.8349975341957135,0.17444078883573577,0.08732397605673585,0.5214382267650228,0.7279513648365081,-0.5089050763265954,-0.3345252120667762,-0.5369196477548344,-0.7675202888890147,-0.6990401460957827,0.038025250046078915,-0.22015379130249568,0.12354118106860354,0.015758101167622184,-0.3595654154843339,-0.482931511569848,-0.058700689746716966,-0.47740088330094144,-0.38079122865820925,0.664896315723324,0.03983423407198747,-0.2089648391376897,-0.023255055489598248,0
-0.5348014154856993,-0.23087648099586283,0.27967722576327125,-0.8681093238500562,1,0,0,1,0,0,-0.785777293743885,0.9913395772527708,-0.13144908275958464,-0.39671736743580244,1.7375824082255362,1.069001042140852,-0.5625810461477985,-0.4415918114602396,1.242462700328706,-1.4888004854444885,-0.6976801540776348,0.19996731542558377,0.5874261500095334,0.17028979966640853,-0.6109417461088766,0.21426677841201558,-0.4004316873906824,-0.11113050532330715,0.18032674558006626,0.09388569754642515,0.9524342007727873,-0.005929409913595546,-1.4831706856014486,1.6142121997701493,0.7985210612092054,-0.09388569754642515,-0.18032674558006695,0.32667033235006016,-0.40957446049198204,0.6457695739056325,0.6666552660183818,0.4616029099152932,0.4475901695294441,0.35076067714292497,0.2896456887631914,0.3258135853852078,1.2780381250194413,0.35171115073279,1.099947794358136,0.054216242725068246,0.7022880985276131,1.9972698554289314,-0.12479618717266176,-0.09762646290970158,1.3376276710900281,0
-0.2263982671988458,0.05256894469021735,-0.8790386569529866,0.5985369837740325,1,0,0,1,0,0,-0.11697363252486404,-0.40128605041352367,-0.7966945164632545,0.8236547517562353,-1.6132920582988972,-0.9451548566019549,0.6336476812951144,-1.4032388465357373,0.27278366084621597,0.692991944981374,0.22215211137408086,-0.12594165932759405,-0.039227443402012036,0.9653150639718672,0.03557193395657343,-1.537248869873864,1.5651865842637047,0.568421857129268,0.1590389773671773,-0.3295023237687909,0.08342891242456343,1.9616245372165182,-1.9176912651908937,0.6158248146924082,0.2661446842490462,0.32950232376879157,-0.15903897736717798,1.245803281894381,0.340918023760079,0.9459906840194431,-0.09565426316663046,0.529876030857121,1.7077899217859516,0.18764225758709038,0.12354118106860354,1.0079356506638961,-0.22078545442469194,1.1863538130354276,-1.1169937933385516,-1.7869942913162333,-1.4977167848185873,0.5697267771729232,-0.6186874509066087,-0.8213259083916238,-1.198562864808365,1
-1.3572098109173063,-0.07626988516709207,-1.6032360836506476,-0.13478617003801185,1,0,0,1,0,0,0.3751649106363024,-0.5728203135289962,-0.7327286093763631,0.32080820288099543,-1.5001669596617824,-0.6884662496129738,-0.6142469370843963,0.4179337019508178,0.5032071848342213,-2.253584467045435,-1.2652790280756632,-2.5446210836735097,-0.6716016767938793,-1.2542295791407534,1.4046172411081552,-0.41613631628460623,-2.1562592691698033,-1.5488065013999215,-2.147135912362408,-1.3410564071273077,-0.3990860988969028,0.8334875954719653,-1.1060779450415377,0.9063374451518512,0.13281660686768865,1.3410564071273077,2.147135912362407,-1.223786259305512,1.0663940918704047,-0.46413877257572894,-0.595246948960198,-1.341945368297997,0.06953024385249205,-1.3076099216747252,-0.5408768497097485,-0.4803306735805153,-0.47058938433204756,0.5793409677244183,-0.4509989953885172,-0.9182541097615345,-0.5500223735309933,0.15732544345452057,0.8629863402952329,0.23638866577426285,-0.5799798072721716,0
-0.894605088487027,0.33601437037629844,0.27967722576327125,0.3052077222492148,1,0,0,1,0,0,0.08492935954125552,-0.4902512784022264,0.06044863850108935,-0.48351481545799574,-0.020379805253232745,-0.0033670407155536224,-0.8507157187156896,-2.0374740080335307,0.17546352210771438,-0.9768511502730403,-0.9888519086323558,0.5664853960745214,1.4937150617735233,-0.8748601150458913,-1.2521110687069221,-0.14923443457105143,-1.1764360164624066,-1.2897429155671478,0.28185302474922574,0.4930801176436292,0.30879099679933886,1.5421596362390693,-0.38983072741393276,0.15312906702663284,0.026372982236622895,-0.4930801176436292,-0.28185302474922647,-0.7595776989295921,-1.0850176963188372,0.47291499535525605,0.31780175266252825,-0.18699173903207253,0.06953024385249205,1.9003856629233515,1.8953225964775422,-0.17027518936292965,0.1400424443303771,1.1863538130354276,-0.47836864461934153,-0.5940973255993336,-0.4992530300691578,-0.09645999267988113,-0.20711139779498602,0.013711913318286572,-0.08511336124321738,0
0.18480593051695732,-0.5916252045963298,1.0038746524609323,-1.161438585374874,0,1,0,1,0,0,0.03445361152472564,-0.48269214138357847,0.20117363409225028,-0.5130259477855414,0.11030626397040935,0.025253291771022673,1.7840521025809566,1.2436968568362232,-0.171558098000405,1.6892705252040867,1.611024393953432,0.8271547201136402,-1.1453857448109985,1.0080116623998274,1.689232344837439,-0.4607754240470718,0.9601638601703013,0.33502652418115975,0.8549852458654548,0.28017642692511974,-1.4735745012514796,-0.014777086579494381,-0.2285091969579554,-1.3300134491473896,-1.76732242037253,-0.28017642692511974,-0.8549852458654554,1.07868820015905,1.7668537438389946,0.381938901381374,0.07231224326396513,0.4616029099152932,0.3215701943037938,0.8401159358104279,0.4557501964577793,0.3258135853852078,-1.4420491117495413,-0.3311783002420958,-0.9618991143638861,-0.9182541097615345,-1.311562525458524,-1.175048096251087,0.6160407084282594,0.848749735028197,-1.3222794763156045,0
-1.2544087614883548,0.3617821363477598,1.0038746524609323,-1.161438585374874,1,0,0,1,0,0,0.2868323516073751,-0.5542132070215552,-0.46407179961141953,-0.20865623005438366,-0.7055514309762787,-0.26497476735066505,1.2553686095391638,-0.34867682965749847,0.3001457872381144,1.2580217449834896,0.6146918209263086,-0.3562838222220733,-0.7663946672836017,0.8235139784096478,-0.9298414221273721,-1.0624710650355793,1.121976643406649,0.02744171357236213,-0.8350596325743129,0.3422733367180179,-0.9227751465667854,-0.4529248332023955,-1.477990302139752,-0.5869733829583554,-0.7723379801219792,-0.3422733367180179,0.8350596325743123,0.5216379277079463,-1.009968447893631,-0.6824813981130464,-1.077612300760884,-0.6478353053894121,-0.2770246880180474,-1.1173050988595852,-0.9284540343304539,-0.5423417704240322,-0.859173275299045,-0.4070549059059717,0.06902433999712428,-0.7107937678977266,-0.8715615487892844,1.0138512904081252,-0.04248097655033679,0.1250502895462747,-0.332546584257695,1
-0.07219669305541997,-1.0039094601397194,-0.15484123025532542,-0.13478617003801185,1,0,0,1,0,0,-0.7100636717190902,0.3197393267498188,0.32910544826603294,-0.5651044165988575,1.4566675640461804,0.6826265535720719,-0.549067423043177,0.17915957583401249,-0.7008216394150389,0.2842774138402261,-0.3056959680486223,1.7552575916924613,1.3145232779852425,-0.3786013407814717,0.48948000370736483,-1.1504561843008807,1.006154672115208,0.20179264061332833,1.3799550954593118,1.0253393444399002,0.3851976187392591,0.2444481820537466,-0.19805085690667432,0.6136453035666763,0.5944309680265425,-1.0253393444399008,-1.3799550954593125,-0.5367575899491508,0.11577027848446049,-0.8644335860608106,-1.258499307686141,-0.8697229484503528,-0.11949971898598452,0.5138790966987595,-0.09793149585751397,-1.0384305451721696,1.8886699536818656,2.096873081001942,5.214518395391903,4.242321894100704,4.391527056754317,4.217892421604944,0.2044646553166367,0.848749735028197,6.348150437133195,1
-0.5862019402001745,1.0317440516057692,-1.168717627632051,-1.6014324776621007,1,0,0,1,0,0,0.21111872958258027,-0.5181619381633881,2.977294001663334,-0.7514296050198324,0.834547903239547,0.18221792775208956,-1.023120596396883,0.5462567122476566,0.7527957782215378,-1.0794078214231477,-0.9616369136352316,-0.5732549497241591,1.2486448174328224,-1.5824835925471052,-0.09898799198833258,-0.34010644354939173,-1.294666904294587,-1.600669120743162,-0.06904425348519984,-0.7133741297612541,-0.15852486503101287,-0.848918478064549,-1.3708712236634564,0.17444078883573808,-0.3125667666192917,0.7133741297612541,0.06904425348519913,-1.5394480803611372,-0.40957446049198204,-1.0008977270216337,-1.0000892977929163,-1.381771355514063,-0.9701345517591269,0.6769975162545934,0.7879592118469556,-1.4725082230767892,0.08453045990652028,-0.5588081172337243,1.0634549287170376,0.09311505682453199,0.1607484349347019,1.6800380602609295,0.6160407084282594,0.29205785388825667,0.16231986177126023,0
-0.07219669305541997,0.43908543426214564,0.27967722576327125,0.3052077222492148,0,1,0,1,0,0,1.3215851859462378,-0.6838814804952853,-0.0035172685858019803,-0.47425642100229515,-0.628086541465363,-0.15943729130641499,-0.10789419114584964,0.16239086887601886,1.0287895958267652,-0.2129420081290524,0.5224232891896863,0.5129506212718609,-0.423766572151632,0.2747699033890835,0.3739348246615358,-0.25626704487604623,0.3479582978872835,0.16830016873892675,0.8164553486475558,-0.11014700605881247,0.42457634917548576,0.15171313473318637,-1.663913507951496,0.63270040697961,-0.5148635043275637,0.11014700605881318,-0.8164553486475564,0.0759977097470634,0.11577027848446049,-0.6097005229339397,-0.6383152839424023,-0.47715250303484213,-0.30852968182446,0.2692014673650073,-0.09793149585751397,-0.8523972546416179,0.3065783976019474,0.04820472807728505,-0.2594114507727547,-1.047916823426415,-0.7700228618656133,0.37938770007212164,0.7806711296729086,0.793080546914203,-0.20882997275045564,0
-0.9460056132015023,-0.6431607365392533,-0.4445202009343899,2.2118479221605303,1,0,0,1,0,0,-0.596493238681898,-0.06112488457436613,0.2651395411791416,-0.5292281380830175,0.9977716533255531,0.3619893911833969,0.10678219911462893,-0.8674020726409762,0.03946551854392626,0.5469444049298732,0.5804537991318455,0.9437465841999866,-0.4677902771261944,0.07107123233044532,1.2146295949210049,-0.32337174790898643,0.7344040922242883,0.592097034277652,1.0345842828972671,0.2610696854503818,-0.0774697092980352,2.4073258304871348,-0.378908106748293,-0.010664078755127105,-0.1765508555208533,-0.2610696854503818,-1.0345842828972678,-0.20252742647848845,0.641115017460903,-1.0099953364190213,-1.0000892977929163,-0.6990401460957827,-0.43454965705011084,0.02452383803125581,-0.4301405112466897,-0.6663639641110671,-0.1375174777889068,2.096873081001942,-0.23204180154193166,-0.38663698373552574,-0.36386811417093057,-0.0012904541294803558,0.28677986593896093,0.45906541823023866,-0.08511336124321738,1
-0.4320003660567478,1.0317440516057692,-0.8790386569529866,-1.6014324776621007,1,0,0,1,0,0,0.4130217216486998,-0.5786350343125716,2.977294001663334,-0.7514296050198324,0.7185073046754643,0.13570988746140308,-0.09503725105607393,0.7822233022898903,1.0090576549895947,-0.1482987488553129,0.5717932997282259,-0.6985213071992348,-0.808295392016643,-0.6051178630841029,-0.0070419784509057745,-0.5945699509550784,-0.3206867453614597,0.5415745843736028,0.12891477706591967,-1.080555857232306,-0.47247502785066786,-1.0806805303046452,-1.9769010786046932,-0.11764544495105443,-0.21461712107416708,1.080555857232306,-0.12891477706592036,-0.5158682047322343,0.09700796637815903,0.3319020496957391,-0.04074213606432061,-0.16138931867888728,1.5660174496570947,-0.11820477908009916,-0.19482579201269018,0.8374051343442237,-0.37806941029228636,-0.9381911455531051,0.37921369794645543,-0.7496925819971905,-0.7418176710534824,1.9972698554289314,0.8904247438360077,0.3848398340782469,-0.2500688432528684,1
-1.2544087614883548,-1.0039094601397194,1.0038746524609323,-0.8681093238500562,1,0,0,1,0,0,0.2868323516073751,-0.5542132070215552,-0.19541498984647596,-0.37357138129655093,-0.36505328320333785,-0.13752484924638,0.710995803899672,-3.143797601601287,-0.10800043118671446,0.8135502256016893,0.5562775692744563,0.6093781361359216,-0.5920894099893077,0.9440501949578549,-0.9544300575231554,-1.1704539207736369,1.29886379346177,0.27840195689862307,-0.4157307643808121,1.2434358081027634,-0.04537314148163697,3.3588337903139385,-1.0285531047635958,0.18887723487347644,-0.45138275992007565,-1.2434358081027634,0.41573076438081064,0.6609004958207222,-1.009968447893631,-0.5824076947417753,-1.051771299771562,-0.5624939042121272,0.006520256239666901,-1.1173050988595852,-1.0945585420250417,-0.5423417704240322,-0.3516351319952115,2.2052682319503365,-1.2368989233021572,-1.4906223743679354,-1.3381559910813903,-0.5859033337962262,-1.0302635040182315,-0.6225073794130739,-1.0748462533011267,0
0.44180855408933456,-0.9523739281967958,0.27967722576327125,-0.4281154315628296,1,0,0,1,0,0,0.009215737516460692,-0.4792033089134332,-0.6175899766199587,-0.05820732014924861,-0.8408961603239492,-0.32355701040912593,0.08506462595102363,-0.48967144167891,-0.6590523174294298,-0.31694601344616,-1.0603849621308707,-0.6338646906118485,0.9268710426058315,0.3771279567894358,0.5581448934476577,-1.3991998235413448,0.6329505423983469,-0.6064097047388014,0.06048449490010199,-0.924503623057108,0.2585373777733444,1.2312267226735452,-0.5051142880331191,1.0557965395728421,0.786511335541317,0.924503623057108,-0.0604844949001027,0.2152602778598393,0.340918023760079,-0.43684594438356456,-1.051771299771562,-0.7843815472730677,-0.05648973137315825,0.5954383064766764,0.6218547041523672,-0.4803306735805153,-0.05424950115312168,0.6552175733882943,-1.0166384128255321,-1.0868156375258795,-0.6684841749419423,-0.3185222492974822,-0.12479618717266176,-0.5429799678216537,-0.5181215015185524,0
-0.07219669305541997,-0.4370186087675581,-0.15484123025532542,-0.8681093238500562,1,0,0,1,0,0,-0.7100636717190902,0.3197393267498188,0.40586453677030254,-0.5732055117475955,1.4978232869227481,0.6888872513035105,0.17907625961296986,0.3835599650094631,-0.42775647416857726,0.9062672637309582,-0.3566220697621144,0.6832430570077652,0.7334016143861988,-0.23685210816533106,0.4430402036004593,-1.1765915642187992,1.0672586228245182,0.2735066099114253,1.2718086794045298,-0.3295023237687909,-0.4856697339268666,-0.08262013906148301,-0.5976036218668509,-0.16603322464465148,0.7306521274371011,0.32950232376879157,-1.2718086794045305,-0.3974950218363748,0.11577027848446049,-0.7643598826895395,-1.1938968052128347,-0.7843815472730677,0.006520256239666901,0.35076067714292497,-0.2086678343205727,-0.9764194483286528,-0.47058938433204756,-0.09511774928781422,-0.04653640119968508,-0.3462974728175622,-0.38455192076649275,1.3275582878520387,-0.2985727429309022,-0.4811253143616605,0.4372456651206797,1
-0.9974061379159777,-0.9523739281967958,-0.8790386569529866,-0.4281154315628296,1,0,0,1,0,0,-0.1800683175455264,-0.37802716727922225,-0.6175899766199587,-0.05820732014924861,-0.6740565383396562,-0.24574548146124664,0.2179124220219841,1.4145526452203234,-0.21597630191491385,-0.34517227606515455,-0.533593575333391,-1.1813999849824102,0.12032162097334313,0.22760282423649283,3.0694630614565153,-0.8940959936916519,0.4345382202703901,-0.05177204689595678,-0.9053494332772469,-0.7133741297612541,-0.07559446718325122,1.133402814410795,-0.603233407404557,0.8971861371444905,0.6431524540109975,0.7133741297612541,0.9053494332772463,-0.06326485836571254,2.160862298071327,-0.9645072894320803,-1.2197378062021575,-1.0148033304517377,-0.2849009364696507,-0.8318478646368748,-0.5408768497097485,-0.7128722867437045,-0.3595654154843339,0.5034643620605421,-1.1717330918001976,-1.2553771652902237,-0.8884846632765624,-0.3819686083310823,-0.37174181903963527,-0.7099875321636356,-0.76555472453303,0
-0.07219669305541997,-0.9523739281967958,-0.15484123025532542,-0.4281154315628296,1,0,0,1,0,0,-0.7100636717190902,0.3197393267498188,-0.6175899766199587,-0.05820732014924861,0.41121777532108655,0.2908857526620589,-0.1358959872687099,-0.7391012989411274,-0.5023725388745525,0.12286767545886774,-0.2702363021676405,0.9813849040451169,0.5254531883870487,-0.17476334660754814,0.0937666464546436,-1.266067240444489,1.4609334749942278,0.7647357347976131,1.98370482418619,-0.6289223324429117,0.014345201615701882,1.1083730960021465,-0.5855153873663167,1.2826503229091584,1.0979360291981761,0.6289223324429117,-1.9837048241861908,-0.45320004908148526,-0.3345252120667762,-1.2374355713537264,-1.594432320547333,-1.0745423112758372,-0.11949971898598452,0.02452383803125581,-0.762349526635866,-1.4725082230767892,-0.3595654154843339,0.35171115073279,-1.4545528005187045,-1.4758037785205207,-0.9900233502002335,-0.4771381468814831,-0.7833178721512579,-1.0996718489615938,-0.8892713360402683,1
0.6988111776617119,0.026801178718756015,-0.15484123025532542,-0.8681093238500562,1,0,0,1,0,0,-0.7983962307480176,1.0349499831295859,-0.7711081536284979,0.5638410573431366,0.5464568506828977,0.3602006204029859,0.6148192114389025,1.9186995199889283,1.2293869821538301,0.9035320872221244,0.8089712964416707,1.2669875939640234,-0.2552720530213179,0.895929262921838,1.4930392849921499,0.17792235033043327,2.3161915147898653,2.18845589924653,2.2978571987564447,-0.550966827225982,0.040280883234168424,-1.1377813257840892,-1.5018183859959493,1.076082298925698,1.084898931711874,0.550966827225982,-2.297857198756445,1.050835686536495,1.6918044954137887,0.6093791363160792,0.6149732640397371,1.605177685690913,0.6366201323679207,-0.05703537174666111,-0.9284540343304539,0.8839134569768611,-0.10976148557697851,-1.1658209625447336,-0.5422311594912614,-1.1775795370912954,-0.7530997473783346,1.2041903675089267,-0.7010026615289333,-0.9883334727336057,-0.2706882785040748,1
-1.7427137462758722,0.6967630939767645,-0.8790386569529866,-0.13478617003801185,1,0,0,1,0,0,-0.7605394197356201,0.6511784114136133,-0.822280879298011,1.0325472766629804,-0.46758293208315554,-0.29717264139806343,-0.23256832675357447,-1.0482212454042656,-1.233293502975133,-0.6576059668310609,-0.8126030153430476,-1.3639478086019545,0.04024457695612525,0.557070780310974,0.22143458740813576,-1.391613102575058,1.2731505119521744,1.116477387537404,0.6912331826893887,-2.5458187885554646,0.8800104796135721,1.6605448642512473,0.28751657271198566,2.1508174899795067,2.1464465822020724,2.545818788555465,-0.6912331826893894,0.911573118423719,0.641115017460903,1.2462117941332536,0.21443774870523882,0.7346953936826055,2.62143474217192,-0.22015379130249568,-0.5408768497097485,1.6280466190990672,0.9727222106882286,1.793366658346437,0.4613226456389258,0.5469345546516133,1.446905135967865,0.5380035976561225,0.03983423407198747,-0.9326642846196119,0.6571863078002155,1
0.05630461873076867,-0.5916252045963298,0.5693561964423357,0.5985369837740325,1,0,0,1,0,0,-0.7731583567397526,0.8314347557044489,-0.8350740607153893,1.2408611519162442,-0.6144732347460667,-0.3195322761532011,-0.3785566498918225,2.422502338176233,-0.36527447549147435,0.028846562322317606,-0.7928430708612249,-1.348835910268418,0.37593413087847966,0.030927034743304823,2.323610393835072,-1.7103195495332593,0.47548907396986034,-0.2552129207250568,-0.4633576356367666,-1.3800988454323733,0.5572941654785603,-0.9972186007777053,-1.2193637599281477,0.43251698170215214,0.7815690784503905,1.3800988454323733,0.4633576356367659,-0.23037994010104354,1.5417059985633763,-0.9918001176242447,-1.6073528210419945,-1.381771355514063,0.16404522527173035,-0.709509049969999,-0.5962450189412776,-1.0384305451721696,0.5008703430854462,-0.9381911455531051,-0.02220782410562002,-0.6459624110652865,-0.44848368660732285,1.5531453421937294,-0.12479618717266176,-0.7099875321636356,-0.2706882785040748,0
0.05630461873076867,1.0317440516057692,0.5693561964423357,-0.8681093238500562,1,0,0,1,0,0,-0.7731583567397526,0.8314347557044489,-0.7583149722111197,0.5001895954601949,0.2980926766839722,0.25287437357832476,0.23687196029603955,1.2671970439690798,-1.447824200950111,-0.27489147719197987,-0.5457387067145497,-0.8240052623244307,0.2780441702041846,-0.02221618324929717,1.781748725109056,-1.5263250770629266,-0.0887149018055398,-0.558170687944758,-1.1234618125076608,-0.009609152108405178,-0.35157437543188336,0.045649047873029105,0.4454146808776909,0.2833924731494611,0.16454200913977768,0.009609152108405178,1.12346181250766,-0.3139374809687093,1.0163612595869336,-1.155557086777232,-1.6461143225259778,-1.5865907183395476,-0.05648973137315825,-0.8726274695258333,-0.4855086804782194,-1.1004416420156866,-0.6093693453916895,-0.4070549059059717,-1.3359509871851372,-0.944186652494511,-0.7869459763528921,-1.3336639938350878,-0.7833178721512579,-0.8769950965056176,-1.2604211705619852,0
-0.5348014154856993,0.05256894469021735,0.27967722576327125,0.5985369837740325,1,0,0,1,0,0,-0.785777293743885,0.9913395772527708,-0.7966945164632545,0.8300198979445294,0.13559032629477505,0.12095252852301216,0.17849546377684594,-2.03282170758689,1.5803119795817535,0.006307670191780676,0.7039573754282852,0.8708800926797318,-0.40681752359542767,0.32088364099585165,-0.7897370123140272,0.24320733941899442,-0.07812478167757775,0.16374196279824924,0.4977080171176754,0.6941558255444424,0.07242086578337938,1.9989703873394689,-1.915939495563267,-0.08598845167151589,-0.7553169081630466,-0.6941558255444424,-0.49770801711767615,0.32667033235006016,-0.7097714541928067,0.11810822885711679,0.22735824919990022,0.18851042614798086,0.06953024385249205,0.02452383803125581,-0.2086678343205727,-0.17027518936292965,-0.27629743884854874,1.1104772073715516,-1.2994581215440402,-1.9166570049811138,-1.8192559600768776,-0.0647368131630805,-0.6186874509066087,-0.3759724034796717,-1.4459960878228426,0
-1.7170134839186342,0.8256019238340739,-0.8790386569529866,0.5985369837740325,1,0,0,0,1,0,-0.7479204827314877,0.7093256192493668,0.20117363409225028,-0.5136045974390228,1.6165736565890818,0.9424455094267725,-1.3334643104398418,-1.1584243805251224,-0.32749950570122327,-0.6341854022173572,-0.5265476174760543,-0.08565132980025679,-0.04359496272659015,0.5416335322369691,0.09130439776543257,-1.6073954195438187,1.2679545840061446,1.2079493124848286,1.2994551316290601,-1.4056019766329109,2.395408427324954,1.6814405583940772,-1.167574584426269,2.114025624947311,1.8638650862814532,1.4056019766329109,-1.2994551316290608,0.744458036688388,0.340918023760079,0.7731361054690666,-0.26362076959722697,0.2397152668543526,2.526919760752682,-0.22015379130249568,-0.762349526635866,1.1939689411944467,2.8323736888874302,2.1727496866658176,1.127317443588959,0.2616765845888761,1.1253659607095745,2.473117548180934,0.12214944469431245,-0.48731077970765985,1.770635811365363,1
-1.5628119097752085,0.3617821363477598,-0.15484123025532542,0.3052077222492148,1,0,0,1,0,0,0.766351957764409,-0.6385266583833976,-0.0035172685858019803,-0.4690485741209635,-0.43226457635583293,-0.1285809953443249,-0.1211886347429051,-1.150320021151589,-0.509290068233382,-0.6493815420213395,-0.8423694514808391,-0.037469417324175705,0.2539235324067702,-0.050602998561843436,-0.10995278386780702,-1.0472051106915357,-0.592016122605336,-0.8298026206640294,-1.0618771407249559,1.002053003267564,0.11795382674242547,1.4687020443364125,-0.3561235595758031,0.2902395155639781,0.2849807916783279,-1.002053003267564,1.0618771407249543,-0.17467491285593337,-0.25947596364157,-0.4914316007678933,-0.9225662948249498,-1.0745423112758372,0.16404522527173035,-0.5463906304141645,-0.09793149585751397,-0.35630847989348147,-0.10976148557697851,0.9587239960437993,-0.7976812189789466,-0.840456481562607,-0.685407289429221,-0.2233527107470814,-0.7010026615289333,-0.32030321536567735,-0.1469716669968365,1
-0.4577006284139859,-1.158516055968491,-0.8790386569529866,-2.334755631474145,1,0,0,1,0,0,-0.20530619155379135,-0.3663977257120716,0.08603500133584588,-0.49798105679502797,0.24677237477469768,0.10306482071890198,0.7753486186997871,-1.383178164747426,0.4358435854466131,0.0010165288542144458,-0.19295059596045586,-0.48655658725965817,0.07231095471736654,-0.3273262272328854,-0.44663172972116466,-0.9205044069726667,-1.074181219276818,-1.6974887773724823,-1.14725589024189,0.4742292700279266,-1.4052016378639534,1.451029577161789,-1.5208309380530025,-1.0665129742103898,-1.4064221770320398,-0.4742292700279266,1.1472558902418892,-0.48105256270404034,-0.6347222057676005,-0.8007503202790929,-1.1034533017502068,-1.39883963574952,-0.6235796198885869,0.2692014673650073,1.009431888773073,-0.4803306735805153,-1.2755131584779709,1.6416134470186852,0.5708012425622179,-0.3607044410025493,-0.7361766328910565,1.1407440084753266,1.0276167615398821,1.461110804282131,0.34789477903211874,0
-1.3572098109173063,-0.978141694168258,-0.4445202009343899,-0.13478617003801185,1,0,0,1,0,0,0.26159447759911014,-0.5286284355738237,0.35469181110078946,-0.5598965697175259,0.046607857431288056,0.026147677161228185,-0.02978275782552104,-0.2314268352270828,-0.7790115825024473,0.04721150025352787,-0.38480952320619455,0.05973622494250436,0.20274801645001347,-0.19172421757025984,0.20520332996158783,-1.2278542194895057,-0.002878715637793921,-0.4329877635300012,-0.5609884768922861,0.6378546273322155,-0.15015492942955774,0.5232087854564024,-0.16894014645409786,-0.06663417615937958,0.0775429497286704,-0.6378546273322155,0.5609884768922854,-0.4253475354589299,-0.18442671521636386,-1.0554833834059623,-1.4393863146113988,-1.3647030752786062,-0.15100471279239655,-1.1173050988595852,-1.0391903727935126,-1.4725082230767892,0.6396503041450882,1.843951062122355,3.450696556072182,2.794421591509539,2.586394844777948,2.84322130921027,0.34165667302051117,0.7559677548382072,3.4614295019642913,1
-0.894605088487027,0.23294330649045036,-1.8929150543297122,-0.4281154315628296,1,0,0,1,0,0,-0.6091121756860305,-0.026236559872914074,0.43145089960505906,-0.5766774096684832,1.124062733989484,0.42549075388798807,0.7193182380189568,-0.5071640817015507,0.399110100623668,-0.110582991476302,-0.08720944632926879,-0.6291964261977894,-0.8905201738576833,0.3546942894896502,-0.2780329056163631,-0.2982163374790746,-0.3508092974410885,-0.4721839509460515,-0.46991781074089073,-0.3920901182240855,-0.6458231652900287,0.4175713570967806,-0.8452755371125913,-0.19846600695969124,-0.3476191735551648,0.3920901182240855,0.46991781074089,0.32667033235006016,-0.25947596364157,0.00893691608845806,-0.1473362651452761,-0.27233314020935756,0.06953024385249205,-0.38327221085833024,-0.2086678343205727,-0.10826409251941274,-0.5261013687559044,0.5793409677244183,0.5069387276902979,-0.03654765684034838,-0.11002139686175369,0.9504049313745251,1.3568776040291806,1.2384340518261547,0.34789477903211874,1
-0.3034990542705592,-0.6173929705677911,-0.4445202009343899,2.2118479221605303,0,1,0,1,0,0,0.45087853266109723,-0.585612699252862,0.23955317834438508,-0.5211270429342795,-0.1236188567079617,-0.047639117530726326,-0.46018336046638514,-1.771426285610677,0.6540713723511913,-1.346077230866068,-0.9139303179536405,0.3549055174067742,1.072692629994287,-0.8138020858968575,0.39354467984514485,0.3271154748925826,-1.8419821073029699,-1.518812746435674,0.1961688056454712,0.28949096339405445,-0.17324529065708635,2.825582590625386,-0.5654179721538481,-0.00801442949932349,-0.2946708600211492,-0.28949096339405445,-0.19616880564547262,-0.7247620569013982,0.47225420850418953,0.2977860144555334,0.4276260068671489,-0.3747428216220998,-0.16675720969560312,2.0227244775902276,2.0891111887878946,-0.015247447254136822,-0.24854144663662048,2.400379503657447,-0.3415203984652251,-0.5681647828663581,-0.5330992590437151,-0.033013633646279864,0.36909507656128593,0.5704037944582268,-0.20882997275045564,1
-1.7170134839186342,-1.3646581837401863,-0.8790386569529866,-1.6014324776621007,1,0,0,1,0,0,-0.7479204827314877,0.7093256192493668,1.8003213112645335,-0.7039803334343667,2.2213312169530592,1.0895719061155786,0.5072444077362707,-1.4874954637580613,0.41378793595917407,1.1377685625333684,0.15035019505689107,-2.7223691404384414,-2.084525978089306,0.4885123670433216,0.15255250163046058,-1.552935896645626,1.278974176919078,1.1332987111365853,1.233103646290187,-4.935963995678347,-0.21721989547120904,2.1944579532663204,-2.126212781996012,-0.26884302479362965,0.9109829956091665,4.935963995678347,-1.2331036462901876,0.6330479821981672,0.340918023760079,0.5911839175213025,-0.3669847735545164,0.13730558544161034,2.211869822688555,-0.30171300108041293,-0.8177176958673952,0.8839134569768611,-0.47058938433204756,1.33810702436318,-1.1717330918001976,-1.9166570049811138,-1.870025303538713,1.6800380602609295,2.2623449208747504,0.013711913318286572,-2.3120123683735136,1
0.10770514344524394,-1.235819353882877,-0.4445202009343899,1.0385308760612593,1,0,0,1,0,0,-0.4955417426488382,-0.1745119398540853,0.3035190854312764,-0.5303854373899801,0.7885216736685329,0.27568120102856525,-0.9264890428792256,1.5066043847671167,0.7468599159348408,-0.733999060762913,0.09303194737937606,0.058913755203600385,0.47937983238056725,-0.016320205126017107,0.9323612346470063,-0.07094321593507624,0.19754572439533488,0.390172497502765,-0.20147967785109497,0.28017642692511974,1.271998610700711,-1.1338427825216362,-1.0922736153153054,1.187468336162705,0.2599814149742483,-0.28017642692511974,0.20147967785109425,-0.23037994010104354,0.491016520610491,-0.8371407578686448,-0.7416792878996918,-0.6307670251539549,-0.34003467563087314,-0.46483142063624716,-0.4301405112466897,-0.4183195767369984,0.9449662184763004,-1.1658209625447336,-0.5604775923118106,-0.996051737960463,-0.5330992590437151,-0.0012904541294803558,-1.0302635040182315,-1.0440026608476,-0.45626319576493324,0
-0.894605088487027,-1.3646581837401863,-1.8929150543297122,-0.4281154315628296,1,0,0,1,0,0,-0.6091121756860305,-0.026236559872914074,0.25234635976176334,-0.5234416415482046,1.025839620654528,0.38434902593853465,0.17051665028481822,-0.09827248286170864,0.4962583458683887,-0.4764787376883979,-0.1506564291459909,0.07911881537105539,0.22070413560653993,0.12368869332691336,-0.3492740572079768,-0.39133909242825626,-0.668101008630411,-0.7760948686628573,-0.16027754582615011,0.266869946255213,-0.11351926806370886,-0.2150130162914906,-1.0716598308472816,-0.018785488900140753,-0.5618448482062323,-0.266869946255213,0.16027754582614942,0.24311279148239442,-0.18442671521636386,0.5093054329448095,0.21443774870523882,-0.06751377738387422,0.4475901695294441,0.18764225758709038,0.2896456887631914,0.20179139169817292,-0.3318094232724056,-0.482931511569848,-0.9254062487227878,-1.268343436656712,-1.1931007240475748,-0.28679906978068154,-0.7833178721512579,-0.7656567202776299,-1.3841377820692236,0
-0.2006980048416086,-0.30817977891024867,-0.8790386569529866,-0.4281154315628296,1,0,0,0,1,0,-0.34411449859924853,-0.2762695535666538,0.44424408102243734,-0.5801493075893709,0.6215750338892285,0.2358810511644201,1.6149938183150063,-0.0656597824731859,-1.584264554963455,2.377507696773334,1.0184130282087163,-0.41440872712145266,-1.2968169485659922,1.3625643466733717,0.11519915605131201,-1.675121489020089,1.4953057159188665,-0.002018447639229369,-0.12528395424331848,-0.440948977121442,-0.8842299770854617,0.20552409767555305,0.4824071714471647,-1.7291399629216282,-1.3259574356927808,0.440948977121442,0.12528395424331776,1.1900982546492709,0.04072103005925432,-0.18211288125669506,-1.0000892977929163,-0.4430159425639276,0.41608517572303205,0.10608304780917345,0.17890935030013266,-0.10826409251941274,-0.7789892977979186,0.326418948844831,0.38935060506898284,0.5901554592065738,-0.19651731535228834,-0.15285675626530348,1.9879608854670021,1.8693515171180877,-0.11260594157815922,1
-1.7170134839186342,-0.978141694168258,-0.8790386569529866,0.3052077222492148,1,0,0,1,0,0,-0.7479204827314877,0.7093256192493668,-0.5664172509504457,-0.14789801643884834,0.7717760417240237,0.6598197261218315,0.6548586765797936,-0.15682402508352952,-0.977222173951898,1.0547274787047123,0.7003971237659824,1.077280831918896,-0.37313174040118624,0.47403269153797717,0.4410611070633277,-1.980759093412253,1.3563923938494997,0.8105384804768235,1.1169885469471594,0.3614669270176405,-0.43694905078397855,0.6570912307291437,-0.6545764162717007,-0.07989329923411072,-0.11921749584944012,-0.3614669270176405,-1.1169885469471603,0.6887530094432773,0.7161642658861095,0.8186241524560076,-0.44450777652248397,0.08610074473523979,2.495414766946269,-0.05703537174666111,-0.5408768497097485,0.9459245538203791,-0.6093693453916895,0.19995793940503753,-0.998391980004983,-1.1386807229918314,-1.0915620371239039,-0.2550758902638815,-0.8656330827735822,-0.8213259083916238,-0.9511296417938885,0
-1.3572098109173063,-0.05050211919562982,-0.4445202009343899,-0.13478617003801185,1,0,0,1,0,0,0.26159447759911014,-0.5286284355738237,-0.7327286093763631,0.35842043035727916,-1.4353661083508866,-0.6835471299668434,-0.0992045398375502,-0.007678996856337256,-0.5056442232007834,-0.5436310870909089,-0.6600274797702624,-1.0964057183051512,0.08144571997408764,-0.08102105888934472,-0.5611029518434383,-0.924595045484835,0.36680496999972345,-0.02251336215194228,0.09517567272851181,-1.5897607057063121,0.056991040150156116,-0.5515609554158699,-0.23789626080877435,1.098128055828001,0.8360881329130218,1.5897607057063121,-0.09517567272851252,-0.3974950218363748,-0.8598699510432187,-1.3102164465328319,-1.5039888170847049,-1.3134982345722352,-0.4660546508565234,-0.9541866793037505,-1.0945585420250417,-1.658541513607341,-0.22078545442469194,-0.7864379342253526,-1.0348848456460813,-0.9830854665939747,-0.5500223735309933,-0.5405845059150832,-0.28942660841731066,-0.9326642846196119,-1.0748462533011267,1
-0.4577006284139859,0.7225308599482267,-0.15484123025532542,1.0385308760612593,1,0,0,1,0,0,-0.23054406556205628,-0.3489535633613456,-0.5408308881156891,-0.15947100950847412,-0.4407107455688328,-0.14512712506312683,0.21843903891028774,0.47679722819025144,-1.9314052684273924,-0.20885427716144658,-0.6388609351005257,-1.2725821875516994,-0.23923997610710196,0.38733749865657335,0.4531420330139842,-1.3825929063740499,0.1273191408464637,-0.1884139890924272,-0.22931895624632825,-1.5082145751103553,0.08327826379857262,-0.2004714178921715,1.2509231702454142,0.40839613491790505,0.6466009159199887,1.5082145751103553,0.22931895624632756,0.35452284597261524,0.41596727218528484,-1.6069330893092284e-4,-0.7158382869103699,-0.6307670251539549,0.9831750642384596,0.10608304780917345,0.2342775195316623,0.2638024885416898,0.3343343898138759,0.12408133374116129,1.0360852794862145,1.6101688067036326,1.7176749677643206,-0.2233527107470814,1.6038232358961542,0.848749735028197,0.7809029193074537,1
-1.2030082367738797,-0.9523739281967958,-0.15484123025532542,-0.4281154315628296,1,0,0,1,0,0,-0.07911682151246661,-0.433267014723188,-0.08027635709007157,-0.43722284317949267,-4.191144650236073e-4,0.004682427796295961,-0.5674859653884567,-0.2281012836676634,2.2972774959412696,0.23526352146275692,0.6771008892920558,-0.5874929654935928,-0.7203400475112054,-1.0456221048789083,0.9717992134331628,0.46202344052691857,-0.7025512312072975,-0.6532304183609495,-1.2550770539175564,0.4434998061064408,-0.2556702379928263,1.286603289004908,-2.6761662958445815,-1.014463614223611,-1.5180166802940787,-0.4434998061064408,1.2550770539175558,-1.0071555977967495,0.8162299304530506,-0.18110203576809555,0.07949029909433268,-0.20406001926752979,-0.6305807296233447,-0.22015379130249568,0.4434461588507728,0.001977857424619528,-0.5538573609678327,0.5034643620605421,-1.4180599348776075,-2.318611417342243,-2.4284880816189025,0.2207718024881207,-0.04248097655033679,0.18071947766026855,-1.8171459223445585,1
0.18480593051695732,0.15564000857606544,-1.6032360836506476,0.3052077222492148,0,1,0,1,0,0,-0.4576849316364408,-0.20067818338017435,-0.20820817126385424,-0.3706781330291445,0.33800048040491076,0.13213234590058104,-0.4509851376157513,-1.6344131301040723,1.6859951993903308,0.06854960402575437,0.92551726555603,1.0938098996224972,-0.8513286229256044,-0.6792020426310688,-0.9771037627536643,0.09418467835483808,-0.8090353064718356,-0.5556122191483092,-0.01001094667634824,1.5017549802280383,-0.051544866153220556,1.264442214063622,-2.210165400129245,-0.8948316534999662,-1.745664964178607,-1.501754980228039,0.010010946676347532,-0.48105256270404034,-0.7097714541928067,0.9823811216089964,0.8863037744276221,0.47867119015075044,0.6681251261743327,0.758556726032511,0.8433273810784847,1.2559800380379649,0.08453045990652028,1.464568033802974,0.592088747519525,-0.7280821297197106,-0.9956643883626592,1.3099342992315937,0.6160407084282594,1.776569536928097,0.6778057430514218,1
0.3904080293748593,2.3201323501788633,-1.168717627632051,-0.8681093238500562,1,0,0,0,1,0,-0.44506599463230834,-0.21230762494732502,-0.31055362260288033,-0.31628506560190334,0.20409680870380478,0.081152378658867,-0.44907228576379105,0.43857980917953954,0.974475401662559,-0.9919230346693678,-0.20694052069659935,-0.1632886462353805,-0.2857929204332683,-0.9386541599030067,-0.325331077296894,-1.4632220540115195,-0.4366085870019873,-0.6929580319712221,-0.35678002163742906,0.13114384342216406,-0.31344623176442066,-0.9278740834672325,-2.8025375708765514,0.9070904252509417,-0.4075058328656465,-0.13114384342216406,0.3567800216374284,-0.8988402670423681,-0.3345252120667762,-0.10023439668020068,-0.8321227913623208,-0.9379960693921812,0.8571550890128092,-0.38327221085833024,-0.26403600355210183,-0.6043528672675491,-0.22078545442469194,-0.7864379342253526,0.38833691435672935,-1.1905458084577836,-0.8207922053274488,1.9655466759121307,0.4514102871836102,0.5704037944582268,0.2860364732784985,0
0.2876069799459088,-0.5658574386248675,-0.15484123025532542,1.0385308760612593,1,0,0,1,0,0,-0.11697363252486404,-0.3954713296299483,-0.579210432367824,-0.13748232267618515,-0.6379856326310068,-0.1978958630852519,0.4302613355741638,0.9071084175188842,-0.7567239738616341,1.1431984186426765,0.17430646596709332,0.10496642722783144,-0.006218164876880598,-0.2505064930889478,1.0194457254699734,-0.7502632469228306,0.7198705430348024,0.2197034549554703,0.04968400367083265,0.09388569754642515,-0.8485919971045872,-0.22377642231985737,0.2805248146262994,-0.830576002772336,-0.01210928062827929,-0.09388569754642515,-0.04968400367083336,0.04814519612450831,1.5417059985633763,1.328090278709748,0.6666552660183818,0.9565830367435462,1.3927399837218248,0.18764225758709038,0.17890935030013266,1.2559800380379649,-0.7481493064513315,-0.1035484832504671,0.36096726512590627,0.45617065508619664,0.0761328624983096,0.6331731362065233,-0.12479618717266176,-0.09762646290970158,0.5953280020465953,0
-1.1516077120594044,-0.978141694168258,-1.6032360836506476,-0.8681093238500562,1,0,0,1,0,0,-0.40720918361991093,-0.23847386847341406,-0.2721740783507456,-0.33017265728545425,0.1876846167205568,0.07176133206170916,-0.7963401613541854,-1.8333130041932326,0.12297189851030284,-1.1980708188606757,-0.995928414763452,-0.0010457574584400427,0.8793385006684532,-1.0206799068693397,0.5073848626999894,-0.8798957424063688,-1.5345668922017857,-1.8664838356813842,-0.772300881946693,0.7645323233097284,0.08747904279254655,3.0245666501856348,-1.0523170691430617,0.09686612145059785,-0.5275024681941874,-0.7645323233097284,0.7723008819466923,-0.9545452942874786,0.491016520610491,0.06352257247278678,-0.40574627503850064,-0.9550643496276378,0.1010352376589052,0.8401159358104279,1.4523772426253072,-0.17027518936292965,-0.22386945355935062,2.012565741375413,-1.1413223704326168,-1.4268200866915657,-1.305921487296098,-0.5053365286741943,-0.48149543320273464,-0.17185204706169332,-1.0748462533011267,0
-0.7918040390580765,0.33601437037629844,1.4383931084795292,-0.13478617003801185,1,0,0,1,0,0,-0.33149556159511606,-0.3053431574845305,-0.3745195296897717,-0.26362794713510607,-0.0450651803939327,-0.031092987811924405,1.113496106525911,-1.2404675732212378,1.359786378355823,0.5847283414023626,1.7887603715654805,-0.4091972192823981,-1.9753361706854626,1.5022460320384408,-0.31032163856739686,0.5935535022377727,0.9884563319430704,1.1069472419536952,-0.6949470730335814,0.13114384342216406,-0.047316906837166044,1.3917072685922196,-1.2624095046583141,0.19020611275142674,-1.244757557331039,-0.13114384342216406,0.6949470730335807,1.217950768271826,-0.40957446049198204,-0.4095531161914002,-0.05689276168264715,0.3421249482670949,-0.5290646384693491,-1.5251011477491712,-1.482135726645747,-0.29429738304996345,0.11228645211844858,1.6416134470186852,0.6894030558957865,-0.127311556405765,-0.0423289389126401,0.2524949820049213,1.1922471827845313,1.4054416161681371,0.2860364732784985,1
-0.6633027272718879,0.2587110724619126,-1.6032360836506476,0.5985369837740325,0,1,0,1,0,0,-0.15483044353726144,-0.37802716727922225,-0.1442422641769629,-0.38745897298010185,0.012640013059901256,0.008707162052220753,-0.8808875842289913,1.0874490900874203,0.5847240076483752,-1.889993853395033,-1.2065453230628325,-0.6325919849041356,0.5934573616644754,-1.2374507855387462,0.6247327062552758,0.486632099432844,-1.778522295772167,-1.1639969925375253,-0.48326437388376714,-0.3834842964864804,-0.01155061542068214,-0.866714492790128,-0.31031897751629134,0.7897074997782706,0.43215150212168135,0.3834842964864804,0.4832643738837664,-1.1495128896453646,0.641115017460903,0.16359627584405784,0.3953247556304958,-0.3747428216220998,-0.08799472517957138,0.5954383064766764,0.954063719541543,-0.10826409251941274,-0.3318094232724056,-1.0899443568808573,-1.262965255902942,-1.2035120798242718,-0.8715615487892844,-0.794369942049485,-0.12479618717266176,-0.32030321536567735,-1.0748462533011267,0
0.5703098658755232,-0.7977673323680251,-0.4445202009343899,-0.4281154315628296,1,0,0,1,0,0,-0.2810198135785862,-0.3256946802270442,-0.6047967952025805,-0.07846005802109372,-0.5303234463210064,-0.1898463945734023,-0.5576283406710578,-0.039181919982770284,0.7032548838698416,-1.0107421348472327,-0.38108842297177314,-2.065974581721685,-0.851759029517138,-0.5845553199221905,0.35924893530802204,0.2123806595056544,-0.37225466110965766,-0.026558835030625345,-1.2094604077470812,-1.6182148153149178,0.19131499382097647,0.4136661118304735,-0.7479509045376808,0.9963260667949694,0.4695040808869092,1.6182148153149178,1.2094604077470805,-0.6203151308168162,0.19081952690966666,-0.3731626786018469,-0.21193876761858224,-0.34060626115118536,-0.2140147004052217,-1.1173050988595852,-0.762349526635866,-0.17027518936292965,0.3620903820258042,0.6552175733882943,0.7167727051266096,0.1838789563899486,0.5838262971166633,0.9821281108913258,1.6038232358961542,0.793080546914203,0.6571863078002155,0
2.317927706167689,-0.3854830768246345,-0.8790386569529866,-1.6014324776621007,0,1,0,0,1,0,-0.29363875058271866,-0.3204614315218264,-0.38731271110714993,-0.2607346988676996,-0.11022731780711129,-0.0449559613601098,-0.29735692323054014,-1.3092883944084688,-1.883877776584644,-0.08014203563164259,-1.0768754745269553,-0.8239060359702964,1.0797812180871627,-0.2289888756754578,-1.2722108226027784,-2.848929495971453,0.7490584938658131,-0.6674112367284397,-0.27639264516917894,-0.8495867060811616,0.18467905374086518,0.5225665366988804,-0.28757536286780455,0.8510203000150851,0.7483936862919023,0.8495867060811616,0.27639264516917894,-0.09111737198826762,-1.0850176963188372,0.5911839175213025,-1.0905328012555453,-0.7843815472730677,2.0543448536564917,0.758556726032511,1.009431888773073,0.44983577907224165,0.27882240539001907,0.6552175733882943,0.4339529964081015,0.20981149912292413,0.549980068142106,0.6966194952401235,-0.04248097655033679,-0.4316415915936655,0.5953280020465953,0
-0.5605016778429365,-0.6946962684821769,1.0038746524609323,-0.8681093238500562,1,0,0,1,0,0,-0.5586364276695006,-0.1407865593093483,-0.2593808969333673,-0.3330659055528607,0.48840160289619244,0.1491256683144857,0.2732800545399471,0.2915251240105003,0.2503777791083764,0.37331061826635364,0.7452911318712823,0.18103140068815596,-0.9775746368881608,-0.8551348398262683,-0.17638058743210513,0.28221262096239674,-0.8283275993099448,-0.030599909631742236,-0.16027754582615011,0.4058665575902641,-1.2344432244198573,-0.5768215821370797,-0.05867834416060393,-1.3256740295326706,-0.9987898287512159,-0.4058665575902641,0.16027754582614942,-0.8152827261747027,-0.18442671521636386,-0.054746349693259644,0.09815324425328795,-0.23819657973844427,0.29006520049738066,-0.30171300108041293,-0.26403600355210183,0.20179139169817292,-1.1644891896302574,-0.5588081172337243,-0.06782390615699217,-0.08841274230630035,-0.6007917169928287,-0.0012904541294803558,0.4514102871836102,0.7374113588002092,-0.332546584257695,0
-0.9717058755587404,-0.7977673323680251,-0.8790386569529866,1.478524768348486,1,0,0,1,0,0,-0.25578193957032125,-0.3344167614024072,-0.34893316685501513,-0.30124017461138985,-0.10330207051485639,-0.02438509738538309,-1.1571699345448858,2.186553622312289,-1.3110685397884954,-0.7848818088683205,-1.4259683950845015,0.0788352978721005,1.5913585994332744,0.05395058946572133,2.6629309425342402,-1.0666095647557574,0.23733467643216624,-0.4476982644687165,-0.946287449071263,1.046038314370867,1.6629797559378845,-0.3334477067029552,0.7204348658017042,1.2956616899084017,1.4167385339308347,-1.046038314370867,0.946287449071263,-0.23037994010104354,1.7668537438389946,-1.06458099280335,-1.3747838121380926,-1.2281568333949502,-0.43454965705011084,-0.6279498401920818,-0.26403600355210183,-0.9764194483286528,1.3890620938671545,-0.4070549059059717,-0.323273965644676,0.08014878545804377,0.600749411603942,-0.5088613263982832,-1.9357308208638015,-1.8790404825575102,-0.08511336124321738,1
-0.7918040390580765,0.2587110724619126,-0.4445202009343899,0.5985369837740325,1,0,0,1,0,0,-0.5838743016777656,-0.08147640731687983,-0.1442422641769629,-0.38745897298010185,0.6664749668314865,0.23677543655462563,0.10430816214702208,1.0193452985253038,-0.402022878097193,0.2972737213229302,0.1907295427501834,1.0519422457001217,0.36885126180959305,0.0581335935740119,0.387955386431078,-0.8026763029080495,1.172023174211594,0.6903635214135904,1.6035661060988957,-0.15567358143258175,-0.0869566368757214,-1.0104382227375495,-0.25703353241003396,0.7605604979679019,0.4260478635652488,0.15567358143258175,-1.6035661060988964,0.24311279148239442,0.641115017460903,0.764038496071679,0.188596747715916,0.6664222727407777,1.1722050270769362,1.5741488238116832,0.7879592118469556,0.8839134569768611,-0.5261013687559044,-1.317574173872486,-1.8377278897502307,-1.657331577651353,-1.3284856399458025,-1.238494455284687,-0.7833178721512579,-0.9326642846196119,-1.6315710050837011,1
-0.1749977424843705,0.0783367106616796,0.27967722576327125,0.5985369837740325,1,0,0,1,0,0,0.12278617055365294,-0.5053695524395223,-0.7966945164632545,0.8878848632926583,-1.802666595202418,-1.0748407381817537,-0.6784553592990015,0.004495904883449394,1.5337772500126703,0.19564778504620395,0.23681862896365444,0.006754948131159525,0.22521109656831145,-1.07634781881885,1.4004141055710322,0.2778531526853282,-0.2259301944843019,-0.5771240566525478,0.12891477706591967,-0.11864316273067908,-0.13206536580439868,1.3967333379395734,-1.81750926021649,-0.48833604885526327,-0.8713251293117411,0.11864316273067908,-0.12891477706592036,-1.038102835155144,1.1914761725790812,-0.2063731729830635,-0.035358594191545405,-0.11871861809024475,-0.7706029243185127,1.0032343553662626,1.0278879451835827,-0.2736270174354578,-0.3595654154843339,0.8069707847160468,-0.9801455471844351,-1.6443653062848649,-1.68387104417865,0.2524949820049213,0.12214944469431245,0.06938110143228039,-1.3841377820692236,1
0.18480593051695732,-0.46278637473902035,-1.6032360836506476,-0.13478617003801185,0,1,0,1,0,0,-0.4576849316364408,-0.20067818338017435,-0.24658771551598904,-0.3446388986224865,0.2980926766839729,0.11200867462095708,-0.9775489725281129,-0.9482026139213755,0.8458974588803002,-1.2898952700981894,-0.8313768538168761,-0.5437252320249504,0.39740014321145306,-0.7926752239904636,-1.143836363091563,0.21539729025650095,-0.5976144258572645,-0.2093177164701596,0.11588809585456382,-0.8565127692838675,0.5672738984767919,0.15556768644589988,-0.9399166601496873,1.1499810580224594,0.8764726177001617,0.8565127692838675,-0.11588809585456454,-0.7038726716844818,-1.009968447893631,0.30006041680488094,0.369483754641173,0.10316902497069583,0.25856020669096863,0.2692014673650073,0.2342775195316623,0.5118468759157585,0.3620903820258042,-0.02767187758659086,-0.48749186102961545,-0.8663890242955825,-0.4146374576327655,0.506280418139323,-0.20711139779498602,-0.5986491559356475,-0.1469716669968365,0
-0.38059984134227254,-0.6946962684821769,-1.6032360836506476,-0.8681093238500562,0,1,0,1,0,0,-0.36935237260751347,-0.2646401119995031,-0.2593808969333673,-0.3330659055528607,0.14617946332829893,0.05387362425759897,1.1209694594528623,0.7866487718911871,-0.34929081400496476,1.9400827796220854,1.7841742632228637,0.9224199917963691,-1.831400461307234,0.15009415521844735,0.44212757072599645,-0.32038308957347655,0.8759671850046732,0.8587857992163378,1.0520428134163116,0.21466759901173121,-1.4087630094026242,-0.6367864322085223,0.15553813666235036,-1.7523326056328221,-1.4810767400039833,-0.21466759901173121,-1.0520428134163122,0.29881781872750485,0.641115017460903,0.6184767457134681,0.3436427536518511,0.700558833211691,0.9516700704320475,-0.13859458152457876,-0.5962450189412776,0.7598912632898273,-1.3310251429018278,-0.6346847228976005,-0.14993285384946126,-0.0495139282068366,-0.7361766328910565,-0.3819686083310823,0.9453015509175579,1.1827648637121608,-0.5181215015185524,1
-0.7918040390580765,-0.978141694168258,-0.4445202009343899,-0.8681093238500562,1,0,0,1,0,0,-0.5838743016777656,-0.08147640731687983,-0.2721740783507456,-0.33017265728545425,0.5369850734936037,0.1925033597394529,0.029740822722164263,-1.2434341024732618,-0.3251499614056879,0.9605212773318342,0.6129304059235048,1.819487182721031,0.10097109470284545,0.07593291942023307,0.2700623931399756,-1.0045890249981015,1.4981420517204522,0.8564597540470646,1.7106474351375698,0.7849642097577141,0.03451594042733174,1.9771949052213988,-0.5650241980970909,0.1879297354318583,0.03932670690335868,-0.7849642097577141,-1.7106474351375704,0.1317027369921738,0.340918023760079,0.2636699792153276,-0.3153027715758717,0.2738518273252659,0.9201650766256344,0.8401159358104279,0.06817301183707392,0.2638024885416898,-0.16527347000083534,1.413983630027056,-0.7429419205172992,-0.892321567028559,-0.7700228618656133,-0.15990635171348128,-0.7010026615289333,-0.4316415915936655,-0.5181215015185524,0
-0.1749977424843705,-0.46278637473902035,0.27967722576327125,-0.13478617003801185,1,0,0,1,0,0,0.12278617055365294,-0.5053695524395223,-0.24658771551598904,-0.3446388986224865,-0.3137996119087717,-0.12232029761288635,-0.9128445819115963,0.4052477545204692,1.0864889621675626,-1.1599374785184124,-0.9711710971459342,-0.3686335272025745,1.2583377324792997,-0.9028672566904787,0.6885459388533105,0.32051287724480654,-0.4237622743280593,-0.5773180545270271,0.2857518833962749,-0.7861774033115495,0.3671982875242793,0.13355494533956086,-1.1631822773917624,1.1468052832485471,0.6989312759273114,0.7861774033115495,-0.2857518833962756,-0.8391563092797498,0.6732789810717061,0.0947143761209748,0.2476618928343671,0.0641558130039371,-0.4705553642574395,1.1780040906046567,1.1201682272361313,-0.12598154876041756,0.1400424443303771,-0.1035484832504671,-0.6517097564145549,-1.0997819088923677,-0.6515610604546642,0.41111087958892223,-0.28942660841731066,-0.6543183440496418,-0.45626319576493324,1
-0.1749977424843705,-0.3854830768246345,0.27967722576327125,-1.6014324776621007,1,0,0,0,1,0,0.12278617055365294,-0.5053695524395223,-0.38731271110714993,-0.2607346988676996,-0.4851380299666346,-0.18716323840278576,-0.7975533317215341,0.34207451887980317,0.37255286344851607,-1.1121325078140178,-1.0857056664332778,-0.7332931168973827,1.4081089036813215,-1.0157372395414113,0.9898597635565525,0.2745461875048846,-0.7161911471884432,-0.7153096585127812,0.1590389773671773,-1.1578572735420007,0.09410464067657964,0.5221117688409898,-0.2333998036199039,0.7922563873859815,0.7131098820362187,1.1578572735420007,-0.15903897736717798,-0.8988402670423681,1.128935132224743,0.4797382024032975,0.5568310118137612,0.22264698661889537,-0.08799472517957138,1.105183367588659,1.1201682272361313,0.139780294854656,0.1400424443303771,0.5793409677244183,0.24236545179233895,0.08014878545804377,0.39767203775660004,0.506280418139323,-0.20711139779498602,-0.7099875321636356,0.2860364732784985,0
-1.7684140086331095,-0.514321906681944,0.27967722576327125,0.3052077222492148,1,0,0,1,0,0,1.4477745559875626,-0.6955109220624359,-0.8094876978806327,0.9891485526518837,-2.5207859137035586,-1.2993314711233366,0.1454250845347361,2.0899199113829736,-0.43600076819144035,0.4290131836561309,-0.2808947530399627,-0.12552969276801104,0.5688138033469174,0.7869378123821703,2.3209559715996244,-0.5561774559012451,0.6329505423983446,-0.25421565584201,-0.22109974072011698,0.048076501797563044,0.5840818698422359,-0.5433979245051132,0.0371229505985155,0.048053789561953726,0.11698482717635436,-0.048076501797563745,0.22109974072011698,0.540206270122983,1.8168865761224657,-0.5399521842206302,-0.7244519539068103,-0.4600842227993849,-0.5605696322757617,-0.08422177500596675,0.012804842605544792,-0.6870343297255728,0.4731143508735179,-0.5588081172337243,-0.1864257194905595,-0.1402778277722523,-0.11002139686175369,-0.09645999267988113,-0.4540570296619595,-0.48731077970765985,-0.2706882785040748,1
-0.5862019402001745,1.289421711320388,-1.8929150543297122,0.3052077222492148,1,0,0,1,0,0,0.6023057767106869,-0.6181751356408839,-0.6559695208720935,0.06909560361663487,-1.3038994052467858,-0.5288184574612904,-0.25689675350141916,-0.9766915774933697,-0.6598780912043867,-0.4825029699627669,-0.13295149684705995,0.7479157485307318,0.5255408479784474,-0.30406326861787947,0.3457480744902387,-2.3535947665461276,0.6016639686496257,-0.48024224493159723,0.5581846313588362,0.4664671563038157,0.05340475396930867,1.6869026726077034,-1.46306030384155,1.248430076013778,-0.2960196232782029,-0.4664671563038157,-0.5581846313588369,0.03620840457198445,0.8877054051437235,1.5503318797030878,-0.15841097985498523,0.08853907048316191,2.679944016383829,1.4110304042558486,1.1992656118526015,0.9370658256998767,0.0012624832707351544,1.4898602356909325,-0.14993285384946126,-0.8663890242955825,-0.38079122865820925,0.09387908442092041,-0.28942660841731066,-0.09762646290970158,-0.1469716669968365,0
-0.4063001036995106,2.474738946007635,-1.168717627632051,-0.8681093238500562,1,0,0,1,0,0,0.6401625877230843,-0.6268972168162469,0.8920054306306766,-0.6495872660071256,0.09258076111342275,0.01988697942978962,0.32364093263030125,-0.49612520076458544,-0.8059932704329992,0.894040411387241,-0.12361609011312882,-0.8697156388487356,-0.9515426732245841,-0.8555161994184861,-0.6513393829168401,-0.014629934733987387,-0.6872092616534852,-0.9047211156664142,-0.8822105547849768,-0.31122271395962775,-1.3048523013353157,0.028449912597719913,1.0871181281141729,-1.8892158573834426,-0.7225771084070427,0.31122271395962775,0.882210554784976,-0.8524194110047761,-0.6847550380510711,-0.3125119492859251,-0.2722344365936673,-0.5169784902509086,-0.5605696322757617,-0.08422177500596675,0.3819259708157405,-0.4803306735805153,-1.2107491766501381,0.07349692996524401,0.15113328768959466,0.6982077205939734,-0.1777138548108673,-0.0647368131630805,1.9879608854670021,1.9621334973080773,0.05922268551522836,0
-1.3315095485600683,-1.5708003115118816,-1.6032360836506476,-0.4281154315628296,1,0,0,1,0,0,0.3751649106363024,-0.5704944252155661,0.6105554394483548,-0.6148682867982482,0.10757430429290762,0.03643310914859154,-0.659514321068854,-2.7622414655388114,-0.7613719812243082,-1.5319863661657385,-1.2065835269250065,-1.6294338477125854,0.18082443140490573,-1.1861306635443725,1.7747095062334748,-0.6879758828098632,-2.611242219192702,-2.6032193137827417,-2.620197428204374,0.3763264807979944,-0.2680970654573521,5.569128122966776,0.3494715903632802,-0.5196483403997214,-0.9729193057872575,-0.3763264807979944,2.6201974282043725,-1.246996687324308,0.9413120111617277,-1.2829236183406676,-1.381244062385423,-2.1242415457564428,-0.9543820548559203,-1.2396439135264608,-0.12561558047327853,-1.2554693841244795,-0.19302946221276363,5.51132033587637,0.3107895748693972,0.449687519402953,0.20305622115289804,-0.6992004034990842,0.2044646553166367,0.4312308241732417,0.16231986177126023,1
-0.9717058755587404,-0.87507063028241,-0.4445202009343899,0.3052077222492148,1,0,0,1,0,0,0.2868323516073751,-0.5321172680439689,0.06044863850108935,-0.4852507644184396,-0.15083515047395374,-0.03422333667764369,-0.3545574790187078,-0.4218313017057515,0.5862101695419494,-1.229716909758251,-0.9460082742136311,0.6383299367671342,1.772427900329814,-1.329833273190613,-1.718055128145153,0.6109892761839996,-3.0017331557137297,-2.5856355199435863,0.6912331826893887,0.1850492459657866,-0.8357329321630345,-1.1421332120046068,-0.1873836409370207,-1.3151990034769048,-1.2945127439603028,-0.1850492459657866,-0.6912331826893894,-0.7595776989295921,-0.9349191994684248,5.904187805596016,5.563524953494987,3.0389132254693014,2.904979686429634,6.304582990930881,6.103303458073771,2.00011320016017,-0.8036612908751883,-1.0899443568808573,-0.11343998820836432,-0.1921429132382052,-0.685407289429221,-0.2233527107470814,1.1099319721622063,1.3497724280541432,-0.5799798072721716,1
-1.7170134839186342,-1.235819353882877,-0.8790386569529866,-0.13478617003801185,0,1,0,1,0,0,-0.1800683175455264,-0.3751198068874346,0.32910544826603294,-0.5558460221431568,0.3713932503854396,0.14107619980263614,0.3313197471994493,-1.0197237545582856,0.2088191839202294,0.32678548199406665,0.237208685489498,1.069114099492812,0.21313953909828595,-0.3531886305670435,0.37952944917715986,-1.6565554790790789,0.3110398712681563,-0.3781930933667457,0.9477123177844309,0.5182145811312309,-0.8136100918656286,1.779807125685236,-1.9501413187761203,-0.13304429173230026,-0.6776148550204232,-0.5182145811312309,-0.9477123177844317,-0.3417899945912644,0.340918023760079,-0.018355912103706302,-0.8708842928463041,-0.71610842633123994,0.9201650766256344,1.166352774922097,0.7325910426154264,-0.23228628620644656,-0.7173093151047445,1.843951062122355,0.338666069456347,-0.7640995501821776,-0.7606211315949029,1.4685501968155947,0.25019532788459464,0.5704037944582268,-0.04387449074080463,1
-0.3034990542705592,-2.060387864969657,-0.4445202009343899,-0.4281154315628296,0,1,0,1,0,0,-0.6595879237025604,0.11215379477617907,0.5849690766135982,-0.6096604399169167,1.363400281815489,0.5574125989433006,0.3794952544332479,2.27953157847207,-1.6813106760556897,1.2989484986094164,0.4551779062404855,3.4211522136766273,1.3300821613186602,-0.6274956688082536,3.066280813950275,-2.297202279559177,0.38649498503815266,-0.26353712257993417,1.2994551316290601,3.3772598028459284,-1.1546836679454748,-0.056995822776291324,-0.010058731204497654,-1.371553809270503,-0.8490462777502306,-3.3772598028459284,-1.2994551316290608,-0.5089050763265954,3.1927894639179106,0.5002078235474204,-0.8450432918569822,-0.6649035856248688,2.0543448536564917,1.8188264531454346,1.1755363964676604,-0.046252995675895824,-1.1644891896302574,-0.3058860983541368,-0.7763937140216395,-0.6632507728872705,-1.1084851516111824,-0.3819686083310823,-1.9906076279453513,-0.914107888581614,-0.8686519007890618,0
-1.7170134839186342,-1.776942439283576,0.27967722576327125,0.3052077222492148,1,0,0,1,0,0,1.649677548053682,-0.7048144753161565,1.4549054129953203,-0.6895140920973345,-0.0670604603972761,-0.009180545751889433,-2.0809650625288616,-3.1760363594063326,0.8779988814739769,-2.5224763073670213,-0.31848957821599033,0.7901961673407872,2.0639150913539828,-1.9951457808293762,-1.6153356423144518,0.5158850546591282,-2.298067256841423,-0.3196624229650875,1.465333844976243,-0.375566940487886,0.9001064196335983,2.741001790780168,-0.6818391559441519,1.1289786008509792,0.1019639112319588,0.375566940487886,-1.4653338449762439,-1.8736782438317996,-1.685411683720486,-1.4648758062884317,-1.0259302987822392,-1.7402052404586603,-0.24551969421163483,3.042214599814193,2.227531611866718,-1.1004416420156866,0.6396503041450882,2.2052682319503365,-0.5200747767805959,-0.7682158268064594,-0.32276912184468215,-0.4499468501527968,0.2632612343325826,0.09323932490970681,-0.721370220423302,1
-0.5091011531284612,-1.3388904177687242,0.27967722576327125,-1.6014324776621007,1,0,0,1,0,0,0.7537330207602766,-0.63794518630504,0.36748499251816774,-0.5651044165988575,-0.190307729612128,-0.05389981526216489,1.898699673275743,-0.9416772743527058,-0.545259082701341,2.3000121735496113,1.7923721640308643,1.9770306820039911,-0.17011653816044878,1.3281870849972621,-0.0418326836379485,-1.0736789016106085,1.3793588018320737,0.4719222747971517,0.6912331826893887,2.0108773966368703,-1.313079229386465,1.2505745475359449,-0.33355631857999035,-1.739419485881533,-1.8694313472745485,-2.0108773966368703,-0.6912331826893894,2.0256736633259265,0.5660657690356972,1.9012396707452048,0.9121447754169449,1.5027680042781708,1.9598298722372534,1.4110304042558486,1.1201682272361313,2.00011320016017,-1.3587811351137562,0.4275877563966659,-1.5184153153906257,-1.4239386930545688,-1.870025303538713,-1.3019408143182878,-1.1948939252628807,-0.4316415915936655,-1.4459960878228426,0
1.2128164248064663,-0.30817977891024867,-1.6032360836506476,0.5985369837740325,1,0,0,1,0,0,-0.3945902466157784,-0.25882539121592774,0.8024531607090287,-0.6403288715514249,0.852482349808004,0.29580487230818925,-0.7423368199764058,-1.0068428695829867,0.9670456907583936,-0.6324027494422438,0.1985208046748576,0.028907738960594922,-0.5179671184574218,-0.9750980644717149,-1.0261075828855992,-0.5308224689671057,-0.49079936482006536,-0.02493718881868206,0.004530982273630621,0.03493293508481349,0.05793092186889735,0.3539913852257545,-1.8554092444773225,0.3676670665716169,-0.2824330800767463,-0.03493293508481349,-0.00453098227363133,-0.9545452942874786,-1.009968447893631,-0.2730889752305771,-0.4961897785011287,-0.6478353053894121,0.5736101447550955,-0.38327221085833024,-0.4301405112466897,-0.23228628620644656,0.11228645211844858,0.4275877563966659,0.269735101023162,-0.7626588533636787,-0.5838686025055501,1.3945294446097283,0.4514102871836102,0.514734606344233,0.2860364732784985,0
-1.7170134839186342,-0.6689285025107157,-0.8790386569529866,-1.161438585374874,0,1,0,1,0,0,-0.1800683175455264,-0.3751198068874346,0.7001077093700027,-0.628177228828318,0.5500638578307924,0.19697528669048045,0.24608554683807735,-0.2897745996891221,0.9342979773420883,1.1464114890979578,0.9456060160320959,0.19109249563725061,-1.7636226941493718,-0.34350146150419547,0.18303597825204643,-1.6850644875815466,0.5103012978904541,-0.22131112758570312,1.2554872798984806,-0.9845496257375829,-0.6854105562454856,0.5810861569908444,-2.970543937213929,-1.0427219297673738,-1.4454013741803842,0.9845496257375829,-1.2554872798984815,-0.3139374809687093,0.19081952690966666,0.07262018187017576,-0.8192022908676594,-0.596630464683041,1.0461850518512859,1.3294711944779316,0.7325910426154264,-0.23228628620644656,-0.5631093583718088,0.7479556469774766,0.5211303976618356,-1.196308595731778,-1.4563491716274621,2.3497496278378223,3.3598810625057447,2.8590259724779807,-0.3875317449275787,0
-0.9974061379159777,-2.060387864969657,1.4383931084795292,-0.4281154315628296,1,0,0,1,0,0,1.0565875088594558,-0.6646929019094866,0.5849690766135982,-0.6096604399169167,-0.1977553193193766,-0.0400368417139795,1.4184063230623096,-0.05226446374887239,0.2684572624914219,0.4283947300069229,0.7113525678814205,1.6050099947463046,0.13685754752667384,0.7660829052451642,-0.32264178511169656,0.40214109864231484,-0.5727858766869112,0.21990719980867512,-0.16027754582615011,2.348003523028638,-1.206867507614974,-0.2514808408486884,0.0371229505985155,-1.146698312948017,-0.7100965982744909,-2.348003523028638,0.16027754582614942,1.0044148304989031,-0.05934463450768712,0.855014590045561,0.9552131103991494,0.6493539925053206,0.9096634120234974,0.18764225758709038,0.2896456887631914,1.1732985755799412,-1.1843148983530636,-0.39621539081113233,-0.5331079430809875,-0.43479742023962353,-0.8304625564630365,-0.26867153862822435,-1.5006361361458005,-0.7020347910044936,-0.6330012122038462,1
-0.3034990542705592,-2.034620098998195,0.5693561964423357,-0.8681093238500562,1,0,0,1,0,0,0.8042087687768065,-0.6460857954020456,0.815246342126407,-0.6420648205118689,-0.006255682279264894,-6.838845449370944e-4,1.1737197522947345,0.08702555670391107,-0.9480454158188479,0.4746465325724367,-0.12690984952087328,-1.4483688555892171,0.07096621850427218,0.275233151487904,0.06720953559242938,-1.6033540149867451,0.7170287141506495,0.008109331284200126,-0.49837739391320257,-1.4811177417461807,-1.3570761650791272,-0.052116270351536126,-0.31520631505614016,0.06977655506213656,0.17290620355522449,1.4811177417461807,0.4983773939132019,0.29881781872750485,0.11577027848446049,0.17269388524144552,-0.7029177864157086,-0.40887938209301433,1.140700033270523,-0.30171300108041293,-0.09793149585751397,0.3258135853852078,-1.3032691506898992,-0.17942508891434333,-0.39625969692687113,-0.4903671546674297,-0.4315605721200442,0.09387908442092041,-0.20711139779498602,-0.8213259083916238,-1.0748462533011267,0
-0.6633027272718879,-1.0039094601397194,-1.168717627632051,1.478524768348486,1,0,0,1,0,0,0.7032572727437467,-0.6338748817565374,1.058316789056594,-0.6588456604628262,0.12470946439166247,0.021675750210200635,-0.9796612245651204,0.7727191364733911,-2.46836311248071,-0.3796628592280872,-1.200240394996873,0.9100901145361827,2.6014839282207496,-0.617667772056162,0.6531735658903237,-2.9802890081767623,-0.9453919228625635,-1.312210692874905,1.1725218553286059,0.07836147009819919,0.7450764202750142,-0.4062463254583314,0.379432030173504,-0.42453441857514,0.279252955922571,-0.07836147009819919,-1.1725218553286068,-0.5367575899491508,0.7161642658861095,0.28186519801010423,-1.3618633116434313,-1.5865907183395476,2.243374816494967,3.1237738095921097,2.5043724580243647,-0.6663639641110671,0.798255973927536,-0.2878202398627378,0.3401141990452791,0.4913648202238072,0.2816278241295482,0.5017485353512081,-0.0895182397630935,-0.06581549827313367,0.6041649028685409,1
-2.0254166322054865,-0.6689285025107157,-0.8790386569529866,-1.161438585374874,1,0,0,1,0,0,0.816827705780939,-0.6478302116371182,0.7001077093700027,-0.628177228828318,-0.058153694636009105,-0.012758087312711469,-0.3867065623320242,-0.32703823554516853,2.0322393175459976,0.9676451873202458,1.6436120386453679,0.8507489937108776,-2.6394207072069804,-1.238952956425524,0.1177644660414768,-0.06702865500327668,0.4057828112663389,0.8630191645323445,2.001249688097911,-0.8244949157064412,-0.7002223075188404,0.5668440985816149,-2.845496561564966,-0.9048589313053336,-1.2942059066092855,0.8244949157064412,-2.001249688097912,-1.3166279713806959,-0.43459087663371765,-1.5861772649202739,-1.3704769786398716,-1.171262565943427,-0.6655862782971376,-0.7638818564886103,-1.4636796702352375,-1.9272562665959154,-0.6093693453916895,0.6552175733882943,0.32447439948480933,-1.2553771652902237,-1.4638705558440304,2.1241625734961316,2.8385513952310224,2.4631561903340238,-0.3944048900113141,0
-0.3034990542705592,-0.6431607365392533,-0.4445202009343899,-1.6014324776621007,0,1,0,0,1,0,-0.6595879237025604,0.11215379477617907,-0.19541498984647596,-0.37357138129655093,0.852482349808004,0.3749579793413768,0.36718096631553565,1.9006914490201865,-2.0788123790905177,1.1714489065319205,0.28908203869748944,0.6600461707296367,0.2799202962028499,-0.7231682553870583,3.2154252128251404,-2.384335589028989,0.11675977021164634,-0.3305565708664347,1.0187373090415193,-0.11014700605881247,-1.2331552717886258,0.6123837287365422,0.4457788403171617,-1.4667749076833794,-0.6985449622135615,0.11014700605881318,-1.01873730904152,-0.6203151308168162,3.2678387123431163,0.4001341201761507,-0.9613277963089331,-0.8697229484503528,2.1488598350757298,1.6557080335896,1.1755363964676604,-0.10826409251941274,-1.1367331974183288,0.6552175733882943,0.21499580256151593,0.4172718409867329,-0.2284831982727022,0.1890486229713212,0.7806711296729086,0.793080546914203,-0.1469716669968365,0
-0.5605016778429365,0.2587110724619126,-0.4445202009343899,0.5985369837740325,1,0,0,1,0,0,-0.028641073495936725,-0.44896676083884146,-0.1826218084290977,-0.37588597991047606,-0.13544523554963855,-0.0547942006523704,0.6955714413064467,1.3391267326315714,-1.8325318237412482,1.3555020028740943,1.2405614416145474,-0.201449106796468,-1.3086904934442036,0.8106188517947531,0.5093579846836936,-2.389678836725577,2.285256005589249,1.7776066398287713,0.2181716668474219,-0.4911325578708816,-0.15724821574015227,-1.3277298188895688,0.10373562207303894,0.4348249801749403,0.12269626894168521,0.4911325578708816,-0.2181716668474226,1.245803281894381,1.0163612595869336,1.409968763286241,-0.2765412700918884,0.615217432034406,3.9761494758476648,-0.709509049969999,-0.8730858650989243,1.876091006473136,-0.5816133531797613,-1.5452039908641146,-1.8650975389810545,-1.5406351353529608,-1.311562525458524,-1.5557262504526888,-0.4540570296619595,-0.7099875321636356,-1.8790042280981787,0
-0.8432045637725518,0.20717554051898904,-0.15484123025532542,1.0385308760612593,1,0,0,0,1,0,2.4446705793140278,-0.7420286883310387,0.07324181991846762,-0.47772831892318285,-0.8474582288466078,-0.2014734046460739,-1.7745349009282902,0.5233393724917415,1.265537453517095,-2.1304815761891924,-1.342289163364749,0.7938148816001751,3.34270942496111,-1.6407945539348177,2.192431036783618,1.150740191388919,-2.037532341353443,-1.4419244076229771,1.7556215933338128,-0.6585353003337585,0.8280713913106911,1.478029570802752,-0.5736491793286538,0.8577609708084697,0.3372831160508075,0.6585353003337585,-1.7556215933338135,-1.5951531076062477,1.3165582532877582,-1.1919475243667854,-0.5091102789957901,-1.2281568333949502,-1.5057194464681423,3.857806697593365,2.7812133041820113,-1.720552610450858,0.8894542340524437,1.5657368413548085,0.3700904815361815,0.002351157259115363,0.34690269429476517,0.506280418139323,0.6983559190505837,0.4033962301162448,0.34789477903211874,0
1.2128164248064663,0.15564000857606544,-1.6032360836506476,0.3052077222492148,1,0,0,1,0,0,-0.3945902466157784,-0.2559180308241401,-0.23379453409861076,-0.3706781330291445,0.21019201111646588,0.08964903986581935,-0.7694265888820678,-1.4680322295069526,1.1647636269750063,-0.10553592757332349,0.7982529558918371,0.7052317721255734,-0.873362558070854,-0.97121463407949,-0.8514050905857212,-0.4342720959222607,-0.6011770212128311,-0.2687080576154186,-0.43967950362031105,1.3979208031972914,0.09948018286115859,1.162001376855964,-2.0286724732479158,-0.45354461380586636,-1.300109056349879,-1.3979208031972914,0.4396795036203104,-0.9545452942874786,-0.8598699510432187,-0.30038180342274146,-0.4703487775118068,-0.6649035856248688,0.3215701943037938,-0.46483142063624716,-0.319404172783631,-0.23228628620644656,0.16383329479774422,1.2297118734147854,0.3140478664444957,-0.8237855612342646,-0.9271660678189131,1.0908932978060688,0.2632612343325826,1.2066230871895867,0.42742688642962906,1
-0.7404035143436003,-1.3646581837401863,0.5693561964423357,-0.4281154315628296,1,0,0,1,0,0,-0.4198281206240434,-0.21812234573090036,-0.0035172685858019803,-0.46268342793266937,0.4548820705125279,0.1898202035688364,1.2828981651084586,0.7881692854654196,-0.31368366836973965,0.8901350033102242,0.595445337719386,-0.02039582676211257,-0.7806138487490684,1.7124717694239382,0.5774306931214989,-1.4863056636592094,1.8496982529820933,1.0849537267763552,0.6060821098378343,-0.6289223324429117,-0.0728195132182479,-0.5033296870221041,-1.0647777700792045,0.6316141619588276,0.28513804354377664,0.6289223324429117,-0.606082109837835,2.248493772306368,1.0914105080121401,1.409968763286241,0.279040251178545,1.0419244379208312,2.4008997855270304,-0.7910682597479163,-1.0945585420250417,1.3800022317249987,-0.3595654154843339,-0.7864379342253526,-1.1808563082104715,-1.4628375071540325,-1.176177609560296,-0.15990635171348128,-0.7833178721512579,-1.0996718489615938,-1.4459960878228426,1
1.4698190483788447,-1.3388904177687242,-0.4445202009343899,0.5985369837740325,0,1,0,1,0,0,-0.24316300256618875,-0.3547682841449209,-0.029103631420558513,-0.4447452886747494,0.20213959073831633,0.07086694667150364,-0.5956276432173035,0.14611161702290318,0.18304072763187726,0.01951788464403975,0.7277340381340516,0.4779560587248024,-0.3039218219306207,-1.0558810641628866,-0.6280201138005388,0.03663436972007292,-0.6890014351529574,-0.10767318814899439,-0.4481121582821066,1.0963072413460702,-0.2267891811663414,-0.8296795432260851,-0.21340879800992307,-0.7095694318059061,-1.0512118023928654,-1.0963072413460702,0.4481121582821059,-0.9823978079100336,-0.5596729573423944,0.10901061945972781,0.11107374474794844,-0.1699234587966153,0.4475901695294441,-0.13859458152457876,0.06817301183707392,-0.046252995675895824,-0.08200549336504998,-0.6346847228976005,0.6346637574341392,0.4172718409867329,0.09305597698558829,0.09387908442092041,0.12214944469431245,0.793080546914203,0.5334696962929761,1
-0.38059984134227254,-1.1842838219399534,-1.6032360836506476,-0.13478617003801185,0,1,0,1,0,0,-0.5460174906653681,-0.14253097554442093,-0.08027635709007157,-0.42275660184246044,0.6307701659147746,0.21709895797010442,0.7225303186525693,-0.16665025348462087,-0.2604911935673025,0.7106476763902935,0.5726434856690892,1.6824102719609897,-0.37417038708807054,0.05746651125614202,0.5769264508367741,-0.3240848228580649,0.34391585470273145,0.2417984523693409,0.9041108648182726,1.3979208031972914,-0.9472761354846171,0.8066849564054283,0.030426195761957764,-0.6190180892319478,-0.5083954506484132,-1.3979208031972914,-0.9041108648182734,0.02029268250195297,0.491016520610491,-0.10023439668020068,-0.25070026910256554,-0.10165033785478751,0.19555021907814235,-0.13859458152457876,-0.5408768497097485,-0.23228628620644656,-0.9424412519348303,0.5793409677244183,-0.39625969692687113,-0.32180562690308556,-0.5330992590437151,-0.3502454288142823,-0.6186874509066087,0.013711913318286572,-0.08511336124321738,0
-0.4577006284139859,-1.6996391413691911,0.27967722576327125,-2.6280848929989626,1,0,0,1,0,0,2.65919250838428,-0.7484248811929716,0.047655457083711085,-0.47367777134881384,-0.907437441215119,-0.2095228731579235,1.3297252467043832,0.6526228624882122,0.9333061410060772,-1.2307886743713439,-0.6385373409830426,-1.8498569245637944,-0.7311197349397546,0.679098634640497,0.49233980757424267,0.9139358484996817,-2.8078094827961655,-1.4847885806481056,-1.4375436385994584,-1.097245935753718,-1.1704679704863095,-0.4025301488276226,-0.35744337259115544,-1.1214597241298854,-0.6194772420946579,1.097245935753718,1.4375436385994576,0.0759977097470634,-0.18442671521636386,-1.6468279942361959,-1.0259302987822392,-1.9108880428132304,-1.1906695084040155,-1.0357458890816678,-0.5408768497097485,-2.340663578886029,-0.933189254530854,0.07349692996524401,1.626053274017296,1.1520272184210547,0.555621106304533,1.7857819919835964,2.8111129916902473,2.2404794378780473,0.5747085667953888,1
-0.9460056132015023,-0.07626988516709207,-0.4445202009343899,-0.8681093238500562,1,0,0,1,0,0,-0.05387894750420167,-0.44198909589855107,0.41865771818768077,-0.5732055117475955,0.303380071837016,0.10306482071890198,0.7309834624015366,1.284831304871535,-2.454428441040285,0.38006786074317944,-0.3375913034152668,0.22152670668915667,0.6060965237481484,-0.2487004482776227,1.1951588113055518,-2.447093858558483,-1.0179002984990557,-1.623878448219437,-0.47521987007162214,0.7734532878151871,-1.2649488561507838,-0.5661874272130992,0.8961925717223537,-1.5227796716075424,-1.146516014092667,-0.7734532878151871,0.4752198700716215,-0.5924626171942612,0.340918023760079,-1.6104375566466425,-2.356741849732346,-2.4912095708187683,-0.15100471279239655,-0.05703537174666111,0.17890935030013266,-2.0306080946684437,-1.2107491766501381,-0.6009617870469885,-0.2695483578952821,0.2155742863969188,-0.42215884184933367,-0.8930642783239741,0.06727263761276221,0.5085491409982337,-0.45626319576493324,1
-1.7170134839186342,-0.7462318004251005,-0.8790386569529866,0.5985369837740325,0,1,0,1,0,0,-0.20530619155379135,-0.3751198068874346,-0.438485436776663,-0.21444272658919655,-0.28482430169671774,-0.1227674903079891,-1.6171616627233152,-0.3551327065966676,-0.040795213210018694,-1.2332045155736813,-1.1103404420442593,0.33471368585293054,1.9000494336913287,-0.3844583858541093,0.26666398068804187,-1.4697256921340491,0.08158363718850467,-0.4799855636304995,0.74512626677265,-0.28249761283093816,1.8645563688860118,0.75456890685638,-1.4211641576834781,1.7468766789147174,0.9748844733763645,0.28249761283093816,-0.7451262667726507,-0.48105256270404034,0.04072103005925432,-0.5642124759469986,-1.1809763047181743,-1.091610591511294,0.3530751881102058,0.8401159358104279,0.5111183656893089,-0.728375060954584,2.360521821284648,1.2622304186993043,1.3280282046149967,0.2616765845888761,0.9730579303240674,2.2193321120465326,-0.9479482933959068,-1.1553410370755877,1.3376276710900281,0
-0.9974061379159777,1.4697960731206219,-1.8929150543297122,-0.4281154315628296,1,0,0,0,1,0,1.1070632568759857,-0.6716705668497771,-0.2593808969333673,-0.35042539515729937,-0.7925465986813591,-0.24574548146124664,-0.04166346757680039,0.9782113743677016,1.4743319394029806,-0.5364925723390827,-0.8869076112295916,0.16805702210842807,1.12957010023889,-1.1447028362824354,0.5555290391023788,2.1313887642949347,-1.5413691698651284,-1.2459739023652494,-0.16027754582615011,0.38817105265189955,-1.085839520524514,-0.7861090143272124,0.12637900619136377,-0.8036284302210157,-0.06342767476281916,-0.38817105265189955,0.16027754582614942,-0.7595776989295921,1.6918044954137887,2.9929527984317894,4.077667396608946,2.8682304231147313,-0.40304466324369825,2.6344185509246065,3.058054150339658,2.620224168595341,-0.9701972441467586,-0.6346847228976005,0.44307621281837667,0.4432043837197094,0.0761328624983096,0.7600658542737248,-0.20711139779498602,-0.04195727479570725,0.22417816752487937,0
-1.1773079744166424,-0.46278637473902035,-0.15484123025532542,0.3052077222492148,1,0,0,1,0,0,-0.06649788450833415,-0.4274522939396127,2.683050829063634,-0.7421712105641317,0.9847679191137552,0.2448249050664752,-2.250859264644094,0.2117323466740231,-0.7534899449901025,-0.8948556148285716,-1.1107182863605882,-0.38702871883167983,1.459459834247735,-0.9348859337348817,1.306730025438741,-0.04300117259534945,-1.1240812895430015,-1.1633193528412908,-1.941727622588921,1.3979208031972914,2.195747589914372,1.0184441630030356,0.9868339654229991,0.0942724395623422,0.30823324445868844,-1.3979208031972914,1.9417276225889217,-0.9545452942874786,0.9413120111617277,-0.5460172571522233,-0.4832692780064673,-0.8697229484503528,-0.6235796198885869,-0.6279498401920818,0.34501385799472056,-0.29429738304996345,1.611110031562582,0.5793409677244183,-0.8068044353892204,-0.23104172733766892,-0.1777138548108673,-1.175048096251087,-1.853415610241477,-1.6563637301015341,-0.76555472453303,0
-0.894605088487027,-0.9523739281967958,-0.4445202009343899,-0.4281154315628296,1,0,0,1,0,0,-0.6217311126901629,-0.005885037130400375,-0.06748317567269331,-0.43722284317949267,0.8404586884616378,0.3333690586968206,-0.1982684373976552,-0.007822387646662333,1.3794701160337426,0.9194078830541805,1.3481809152523017,0.868321976519265,-0.8013205698325567,-0.11435849961979494,0.7488937017725318,-0.3754588969308164,0.825367402478996,0.8504720106785459,0.5174554829923397,0.6710815639820534,0.16143142321534462,0.7609617429438303,-2.263081843438055,-0.42364054701341075,-0.922380830806872,-0.6710815639820534,-0.5174554829923405,-0.5646101035717058,-0.10937746679115769,-1.9106586667604537,-1.7623988269779296,-1.4329761962204342,-0.9386295579527137,-0.8726274695258333,-1.149926711256571,-1.4725082230767892,-0.27629743884854874,0.04820472807728505,-1.554908181031724,-2.240813789143315,-2.2084875932842825,-0.0012904541294803558,-0.7010026615289333,-0.48731077970765985,-1.8171459223445585,1
0.2105061928741954,-0.6431607365392533,1.0038746524609323,-1.6014324776621007,0,1,0,0,1,0,0.08492935954125552,-0.48269214138357847,-0.19541498984647596,-0.37357138129655093,-0.2345979379826165,-0.08252014774874118,1.5326127149914803,1.0277029523091636,-1.0463767169408833,1.8026449588527822,0.8668871937319723,0.17001652279740717,-0.7273841114099612,1.0219960975254578,1.786652413787926,-1.0266338227467835,1.0897078354846594,0.41629772954750127,0.9068055190224368,-0.6674764138273739,-1.1099688292910121,0.37927461238211835,0.3987640422136193,-1.354721406297209,-0.7205621013636246,0.6674764138273739,-0.9068055190224374,1.07868820015905,1.841902992264201,0.34554846379182197,-0.26362076959722697,0.17144214591252482,0.8571550890128092,0.9216751455883455,0.5111183656893089,0.2638024885416898,-0.9979532363586869,0.5034643620605421,0.40658334717727845,0.5599008260181015,-0.0592520533999176,0.2524949820049213,1.5215080252738291,1.2384340518261547,-0.1469716669968365,1
1.4698190483788447,-0.7462318004251005,-0.4445202009343899,0.5985369837740325,0,1,0,1,0,0,-0.24316300256618875,-0.3547682841449209,-0.438485436776663,-0.21444272658919655,-0.2440931368209664,-0.10711574597939269,-2.2344677007117557,-1.202294305464194,1.1462261088819725,-2.1606996270328174,-0.9962141600682168,-0.875403820541883,1.0661657159268854,-1.1259287231143977,-0.7933912795480546,0.005695986160875018,-1.055080444321014,-0.40329684420415535,-0.8251557858999272,-0.3755669404878874,1.9820670170920602,0.8553846988169463,-1.561205572870738,1.8727660915771853,0.9013863256344699,0.3755669404878874,0.8251557858999266,-1.0102503215325889,-0.6347222057676005,0.46381738595786837,0.3953247556304958,-0.06751377738387422,0.7311351137871589,-0.22015379130249568,0.17890935030013266,0.3258135853852078,2.2772538446488637,1.1863538130354276,0.8992370333320981,-0.1402778277722523,0.600749411603942,1.8386539578449304,-0.8656330827735822,-1.0996718489615938,0.904619530814692,1
-0.894605088487027,-0.2051087150244015,-0.4445202009343899,-0.8681093238500562,1,0,0,1,0,0,-0.6217311126901629,-0.005885037130400375,-0.4001058925245282,-0.2578414506002932,0.48260905753392247,0.19473932321496668,-0.4822212801051615,0.5993700236468646,0.780733965399378,0.12051744586170925,0.553940566506094,-0.12174150424475765,-1.0095692899641282,-0.4141531639930518,1.0746173771552083,-0.6899029946670793,0.8285334552980926,0.5706198794601421,0.9153149533513734,-1.0738391183151534,0.25672346690975145,0.25387393052053175,-1.760575461092862,0.6587482972997,-0.16305061608652965,1.0738391183151534,-0.915314953351374,-0.6760201580619267,0.340918023760079,-1.4193877593014905,-1.4910683165900436,-1.1598837124531223,-0.5290646384693491,-0.30171300108041293,-0.7069813574043363,-1.1624527388592034,0.08453045990652028,0.04820472807728505,-0.5148615102604385,-1.2813097080232,-0.9900233502002335,0.5697267771729232,1.1922471827845313,0.6817421706862145,-0.76555472453303,1
0.2105061928741954,1.4697960731206219,1.0038746524609323,-0.4281154315628296,0,1,0,0,1,0,0.08492935954125552,-0.48269214138357847,-0.2593808969333673,-0.35042539515729937,-0.3011472024261591,-0.10040785555285138,1.6686528449489053,1.7290283612092539,-0.852247843349392,1.765197565555912,0.9784467876115591,1.3543035939769121,0.01645439102308007,1.2237016007088295,1.6187982966700418,-1.0424414573975067,1.4230509926281931,1.1132493351393478,0.8285736227725414,1.0253393444399002,-1.097594179423379,-0.7514690907305919,0.11749822031678592,-0.9735950253684488,-0.18515744490843625,-1.0253393444399008,-0.8285736227725421,0.8837206048011639,1.1664597564373458,-0.6278957417287164,-1.0259302987822392,-0.4942207832702994,0.5106001571422693,-0.05703537174666111,-0.4301405112466897,-0.4183195767369984,-0.9979532363586869,-0.6346847228976005,0.29710475025398503,0.31354167005482897,-0.11002139686175369,0.664896315723324,-0.5363722402842841,-0.09762646290970158,0.34789477903211874,0
-0.894605088487027,-0.2566442469673251,-0.4445202009343899,0.5985369837740325,1,0,0,1,0,0,-0.6217311126901629,-0.005885037130400375,0.08603500133584588,-0.48814401268584606,0.9569281320945984,0.372722015865863,-0.2570022954972127,1.5027397280834789,-2.50985211500933,0.6602607699288298,-0.09212131813329687,-0.4724861030617155,-0.17744107098348633,-0.4953453668548313,1.358664558145948,-0.6093656637555849,0.8040416043844131,0.5494470609305837,1.0520428134163116,-1.68781794497289,-0.1375753060665109,-0.7014771088459453,2.818698196687545,-0.09469581229638074,0.6561903391094767,1.68781794497289,-1.0520428134163122,-0.6760201580619267,0.7161642658861095,-1.0918738209955157,-1.1938968052128347,-0.8697229484503528,-0.34003467563087314,-0.13859458152457876,-0.5962450189412776,-0.9144083514851348,-0.2855494362525249,-0.8117301361133116,-0.639545467867523,0.7846495297038942,0.696647060365186,-2.1267434817550925,0.47884869072438496,-0.26463402725168356,-0.6624575482769981,1
1.4698190483788447,-0.9008383962538722,-0.4445202009343899,-0.4281154315628296,0,1,0,1,0,0,-0.24316300256618875,-0.3547682841449209,-0.6431763394547153,-0.0032356030685261974,-0.6807245688122868,-0.27034107969189813,-0.6739315005592162,-1.6325589976268782,0.4655621713522326,-1.3470590014685562,-0.5804102785457208,-1.8766622153740746,-0.40795726582871183,-1.1055245668300089,-0.6724865026543425,0.0761284923124372,-1.013237536626732,-0.20136451870258085,-1.0504933074560319,-1.5176769613645098,-0.1675089643386164,1.567056243132942,-0.5599372916933759,0.8150808091628153,0.5579685281731853,1.5176769613645098,1.0504933074560312,-1.0102503215325889,-0.5596729573423944,0.28186519801010423,0.279040251178545,-0.15285517856115927,0.6996301199807459,-0.6279498401920818,-0.2086678343205727,0.2638024885416898,-0.4150773999081907,0.8828473903799233,-1.0987473605180025,-1.1775795370912954,-0.8377153198147269,-0.3819686083310823,0.28677986593896093,-0.3759724034796717,-1.136704559054746,0
-0.48340089077122306,0.10410447663314094,0.27967722576327125,-0.4281154315628296,1,0,0,1,0,0,-0.785777293743885,0.9913395772527708,-0.5152445252809326,-0.1710440025780999,1.24570823578138,0.8945958910507776,0.32044630078181074,-1.124685566614287,0.34308606136352404,-0.6154880513099843,-0.4229535926414783,0.29624167093433196,0.1539687791996479,0.25602671944193806,-0.49797882099696533,0.07569763820317689,-0.2471427784264991,-0.13942987267455864,0.1590389773671773,0.24630538521990228,-0.18976950036940393,1.044801985112024,-0.3929413131932338,0.5864221008192946,0.4137342521502035,-0.24630538521990228,-0.15903897736717798,0.1317027369921738,-0.5596729573423944,-0.3549674598070702,-0.26362076959722697,-0.34060626115118536,-0.2770246880180474,-0.22015379130249568,-0.319404172783631,-0.6043528672675491,-0.3040534310604773,0.7310941790521709,-0.5239847266707137,-0.6329961396987983,-0.38079122865820925,-0.0647368131630805,-0.28942660841731066,-0.2089648391376897,0.038603250264021984,1
0.8273124894479005,1.4440283071491598,-1.168717627632051,-0.8681093238500562,1,0,0,0,1,0,1.5361071150164898,-0.6984182824542237,0.57217589519622,-0.6027166440751413,-0.35225008238571404,-0.07134033037117232,-0.43307200431191545,-0.2945150061808742,-0.23796999437436783,-0.06374024903579323,-0.08856695434791273,-0.17967216990380147,-0.046223092087600025,-1.3035418055426584,0.47333948005270904,-0.3830529176487799,-0.8878293982922801,-1.1452273031562055,-0.67984341407292,0.42920901042807535,-0.7002864487964463,0.8784121889092324,-0.05961828640270913,-0.7942474693032965,-1.0029501828197784,-0.42920901042807535,0.6798434140729193,-1.1972600558554596,0.5660657690356972,0.3416494883357983,0.0815411721887229,-0.277209791705203,0.11453737786165287,0.36241199282548453,0.8037786887702496,0.139780294854656,-0.5538573609678327,1.1104772073715516,0.6711566230752374,0.533968283285125,0.1607484349347019,0.09387908442092041,0.5337254978059351,0.848749735028197,0.10046155601764112,1
-0.2006980048416086,-0.5658574386248675,-0.4445202009343899,0.5985369837740325,1,0,0,1,0,0,0.6527815247272168,-0.6205010239543141,-0.34893316685501513,-0.3070266711462027,-0.7234276088243847,-0.23993197642491082,0.15559512667898517,-0.47285691693672205,1.8751594558821723,-1.3317987813168806,-1.3920875650521571,-1.4714178911723792,1.579687778781462,-0.06047509865744681,-0.7185510889379342,1.3453374525385688,-1.5539487084373858,-1.3285778670646191,-0.5860329100839196,-1.4256182035304013,-0.27678481727464144,-0.07081774881635465,-1.211471398452609,0.25830529411696923,0.5126843129104149,1.4256182035304013,0.5860329100839188,-0.2582324537235989,-0.8598699510432187,-0.8007503202790929,-0.05689276168264715,-0.6649035856248688,-1.6632444155002057,0.6769975162545934,1.1201682272361313,-0.8523972546416179,0.41760236644966076,0.9587239960437993,3.2165340015418025,1.8305954199339287,1.8530598836625478,4.313061960155345,1.439192814651505,0.7374113588002092,2.451077174655176,1
1.2899172118781799,0.5679242641194551,0.27967722576327125,-0.4281154315628296,1,0,0,1,0,0,-0.6343500496942954,0.046447449921777705,-0.2977604411855021,-0.3214929124832349,0.6546137962476455,0.2841778622355176,0.5981882048738387,0.907199803254611,-0.8802170821216357,0.7934039865444852,0.05572727032587724,0.21274508922058674,0.3571467729000317,0.10745425098968847,1.1325494137727845,-1.264191797954133,0.9092073924416338,-0.20892872220519335,-0.4291756706205303,0.7158101325491454,-0.7244282388984474,-0.11059706006764743,-0.06710460004460306,-0.17028311303986854,-0.2764264132776918,-0.7158101325491454,0.4291756706205296,0.0759977097470634,1.0163612595869336,-0.06384395909064733,-0.7029177864157086,-0.34060626115118536,0.29006520049738066,0.10608304780917345,0.34501385799472056,0.139780294854656,-0.7203933142394032,-0.17942508891434333,-0.23204180154193166,-0.23104172733766892,-0.2792525417345383,-0.2550758902638815,-0.5363722402842841,-0.26463402725168356,-0.1469716669968365,0
1.0843151130202777,0.0010334127472937634,-0.15484123025532542,-1.161438585374874,1,0,0,0,1,0,-0.0412600105000692,-0.4443149842119812,2.503946289220338,-0.7375420133362814,0.9293907901891644,0.22827877534767327,-0.5335370964854562,-0.20362462134161088,0.38844498563217694,-0.34555220421282534,-0.6379071532405969,-1.2905542220800457,0.2586559092601985,-0.631115953452832,0.06522391205879777,-0.8399005658350385,-0.023438630470510684,-0.9385201807265565,-0.7279513648365089,-1.0381887348318013,0.11129269591838359,0.34482106641413934,-1.3750363773056642,0.4435773899678523,-0.08697174701729701,1.0381887348318013,0.7279513648365081,-0.7595776989295921,-0.25947596364157,-0.9463120706373036,-1.1809763047181743,-1.1257471519822078,-0.7811045889206503,-0.22015379130249568,0.12354118106860354,-0.9144083514851348,0.45461035606556566,0.8322629866040054,1.3827675030766426,0.330830031876813,0.49921072468027106,1.9972698554289314,1.439192814651505,0.9415317152181866,1.1932916243315823,1
1.0072143259485644,-0.46278637473902035,-0.4445202009343899,-0.8681093238500562,1,0,0,1,0,0,-0.00340319948767178,-0.46117767448434965,-0.09306953850744984,-0.419863353575054,-0.07404049060598678,-0.030198602421718897,-0.6858340561893251,0.17392306926512047,1.5136040161576627,-1.4861645412718463,-0.7764282874033643,0.292891009583046,0.789713057360318,-1.3622377992779233,0.09350236528980266,1.4944651680205783,-1.5910724383583688,-0.9079993251768563,-0.9053494332772469,1.2973829492468834,-0.40746300809682406,-0.14504625384389455,-0.5673540279329115,0.4300322218583589,0.12291018664226855,-1.2973829492468834,0.9053494332772463,-1.3444804850032512,-0.18442671521636386,-0.7916527108817039,0.020630241285320403,-0.6136987449184976,-1.3796994712424915,-0.30171300108041293,0.12354118106860354,-0.6663639641110671,-0.4150773999081907,-0.17942508891434333,-0.13168642102891215,-0.39960325510201306,-0.21156008378542468,0.2207718024881207,-0.8656330827735822,-0.3759724034796717,0.40975308478573785,0
1.0329145883058024,-0.978141694168258,1.7280720791585935,0.3052077222492148,1,0,0,1,0,0,-0.15483044353726144,-0.3867492484545853,-0.6047967952025805,-0.09003305109071949,-0.6651349301397209,-0.22785777365713644,0.8465099685850033,-0.4023486204733049,1.1362287581438042,0.18242114107019106,0.32154402498996537,0.43571294968157515,-0.2905081496181479,0.7044069414115055,-0.24667140177276603,0.7363948427373003,0.537320865232956,0.653571531883944,0.5581846313588362,0.040659774866796713,-0.4732576015703062,0.305126113230562,-0.8132569769682125,0.2863589794055306,0.22006241309204982,-0.040659774866796713,-0.5581846313588369,1.050835686536495,0.11577027848446049,1.1825285283515359,1.4418852956980555,1.6393142461618264,0.29006520049738066,-0.05703537174666111,-0.319404172783631,1.3800022317249987,-0.6093693453916895,-0.02767187758659086,-0.8432973010303187,-1.0868156375258795,-0.9223308922511192,0.062155904904119784,-0.7010026615289333,-0.7656567202776299,-0.7036964187794109,0
1.0586148506630406,-1.0039094601397194,1.4383931084795292,-1.6014324776621007,1,0,0,1,0,0,0.2742134146032426,-0.5280469634954661,-0.6175899766199587,-0.0437410788122164,-1.0203716060618253,-0.3723010141753262,0.5894200913991976,0.036805093698007905,0.869300755576203,0.3075211537573661,0.363012299015339,-0.06162168541336836,-0.5689172412526412,0.5082082644386456,-0.5746626804988418,-0.15549150612008852,0.8447691025079155,0.40772370164876753,0.74512626677265,-0.8230517886162441,-0.3118072753747187,-0.6262006042426241,-1.344617222727372,0.4222173422589561,-0.07387092991685011,0.8230517886162441,-0.7451262667726507,0.9951306592913848,-0.10937746679115769,1.6828970452078873,1.3256007912461045,1.673450806632741,1.0776900456576979,0.8401159358104279,0.5111183656893089,1.6280466190990672,-0.27629743884854874,-0.5588081172337243,0.11464042204849642,-0.6070635969658218,-0.4146374576327655,0.9504049313745251,0.7806711296729086,0.4033962301162448,-0.20882997275045564,0
0.930113538876852,-0.978141694168258,2.1625905351771904,-0.8681093238500562,1,0,0,1,0,0,-0.4703038686405733,-0.1832340210294483,-0.3617263482723934,-0.2665211954025125,0.1837250429328524,0.06505344163516784,0.9417704750836489,1.6431457398161238,-0.8818552713153206,0.38215844802149174,-0.18337515675011554,0.17227271049883272,-0.007511746431739631,1.4506593483474912,3.484535771112451,-1.366432616070374,0.8748421079555693,0.04787575735120926,-0.1984048918790851,0.43173498641965286,0.13992695743202246,1.2354623468327077,-0.16760730267708415,0.3512070503200418,0.28513804354377664,-0.43173498641965286,0.1984048918790844,1.3293608227620468,3.1927894639179106,-0.04564874029587195,-0.7416792878996918,-0.3918111018575571,0.6681251261743327,-0.22015379130249568,-0.1532996650890431,0.015758101167622184,-0.19302946221276363,0.5793409677244183,-1.1808563082104715,-1.0738493661593913,-0.8884846632765624,-0.6992004034990842,-0.7010026615289333,-0.5986491559356475,-0.9511296417938885,1
-1.8198145333475857,0.7225308599482267,-0.15484123025532542,-0.13478617003801185,1,0,0,1,0,0,-0.4576849316364408,-0.18904874181302367,-0.6943490651242283,0.21375801698695704,-0.5617829486639526,-0.310588422251146,-0.11781511014961658,-0.10246224314175607,1.1874955641678706,0.14170339532300316,0.512598881976662,0.8917320345089513,0.1774505628201763,0.44137818254526073,-0.23541897136468576,0.08569365323859447,0.6127773461974318,0.7423674354585189,1.2465662665038717,-0.020113106998745453,0.6048446579995489,-0.09520491321650595,-1.5372323603139908,0.4161873818880354,0.05837365903367906,0.020113106998745453,-1.2465662665038724,0.5216379277079463,-0.10937746679115769,0.381938901381374,0.369483754641173,0.615217432034406,0.4475901695294441,0.5138790966987595,-0.04256332662598434,0.07776919801113909,0.6951622885689447,0.04820472807728505,0.44307621281837667,-0.46443461193445323,-0.2792525417345383,1.5531453421937294,-0.12479618717266176,-0.15329565102369538,0.34789477903211874,1
0.72451144001895,2.3201323501788633,1.0038746524609323,-0.8681093238500562,1,0,0,0,1,0,-0.44506599463230834,-0.203585543771962,-0.3361399854376369,-0.31049856906709045,0.1727443520001637,0.08338834213438077,0.10069310376864872,0.5543227668070521,3.0707070832733967,-0.2829823569451275,0.9033018228189359,1.4029287279912177,-0.2954242228393767,-0.0053273528830079225,-0.3999476925758112,1.425047484509483,0.29162817250653766,0.5778731081105126,1.34624143539365,0.5782415939310317,-0.14533924016264577,-1.1614842123397964,-2.765724161254423,0.6714644115294698,-0.6101559935471608,-0.5782415939310325,-1.3462414353936507,0.15955525061472892,-0.18442671521636386,0.6912576208925736,1.3902032937194106,1.4686314438072563,-0.5920746260821743,1.0847935651441794,0.4557501964577793,0.38782468222872474,-0.05424950115312168,-1.0140677512169813,0.39746013076700454,-1.164613265724808,-0.8715615487892844,1.870377137361731,0.4514102871836102,0.848749735028197,0.34789477903211874,0
0.3904080293748593,0.33601437037629844,-1.168717627632051,-0.13478617003801185,1,0,0,1,0,0,-0.25578193957032125,-0.3431388425777702,-0.3745195296897717,-0.26362794713510607,-0.13706727454065257,-0.060160512993603456,-0.6609983333559041,-1.3483461830869017,0.2572310706734733,-0.8232798140475246,0.5742224274160665,-0.537586619210478,-1.0955383477711798,-0.982975652778683,-0.47324910554790306,-1.2135189812058527,-0.7897215858235337,-0.5014633798012882,-0.9813771768947055,0.24011390447808975,-0.06304341719274331,1.3765568864142887,-1.5711130356899936,0.32912350906535354,-1.2360986671870393,-0.24011390447808975,0.9813771768947048,-0.9823978079100336,-0.5596729573423944,-0.43684594438356456,-0.9613277963089331,-1.176951992688579,0.7626401075935709,-1.0357458890816678,-0.762349526635866,-0.728375060954584,0.1400424443303771,1.717490052682561,0.8718673841012752,-0.16621037050522874,-0.025405824425361403,0.6014499566897238,1.0276167615398821,1.2941032399401495,0.47161139053935697,1
-0.4577006284139859,0.5936920300909173,-0.8790386569529866,-1.6014324776621007,1,0,0,1,0,0,-0.23054406556205628,-0.3663977257120716,-0.4512786181940413,-0.20865623005438366,-0.278208395179635,-0.12053152683247534,0.6364327882579685,0.9748346532845897,-0.9728159575970734,0.16848798024987008,-0.6326790359315642,0.5685193259583293,0.9494151497076949,-0.21135507638657852,-0.03128488459466936,-1.1570639973367338,-0.7676523686602839,-1.6755861421944533,-0.9053494332772455,1.6733070988005811,-1.096158786569109,-1.3693316654449892,0.16713427306579112,-0.9888073395473712,-0.8133700086956515,-1.6733070988005805,0.9053494332772448,-0.2582324537235989,-0.10937746679115769,-0.23669853764102378,-0.7804407893836761,-1.0062691903340089,-0.2140147004052217,0.758556726032511,1.4523772426253072,0.015758101167622184,-1.1089772052064004,-1.3934507795363622,-0.7155722712864762,-0.5292659687668935,-0.8546384343020056,-0.6992004034990842,-0.7833178721512579,-0.04195727479570725,-0.45626319576493324,1
0.8530127518051386,-1.7254069073406524,0.5693561964423357,-0.8681093238500562,0,1,0,1,0,0,0.22373766658671274,-0.5187434102417455,-0.7711081536284979,0.6708912432371751,-1.6470572623246933,-0.917428909505584,1.5424189873877712,0.772412588149373,0.5123651940253134,0.7008001362492446,0.5965566238479378,0.39631553610858383,0.11921151436360235,2.2727185229038276,1.569746105396248,-1.2472132064636685,1.9571286529458047,1.535039735346145,1.1921218465220598,-0.6418048099999468,0.12610242085605944,0.5123766708314125,-1.9537493762810945,0.9939194981124507,0.7231147023854122,0.6418048099999468,-1.1921218465220604,2.7498390175123615,2.067050737539819,1.1825285283515359,0.2531992501892221,1.0589927181562884,2.3378897979142055,0.4323198869208419,-0.09793149585751397,1.6900577159425842,0.27882240539001907,0.7310941790521709,0.6529101902546883,-0.5422322401333817,-0.14386762583630988,2.473117548180934,-0.28942660841731066,-0.5986491559356475,0.8427612250610729,0
0.8273124894479005,-0.4885541407104817,-1.168717627632051,0.3052077222492148,1,0,0,1,0,0,1.5361071150164898,-0.6984182824542237,-0.8094876978806327,0.9891485526518837,-2.5457641953933066,-1.3015674345988502,-1.0780992141625172,0.5937813478736279,-0.118928509987959,-0.5636189098454697,-0.6351816310604327,-0.42498818492979223,0.4593486710196012,-1.2976165639243213,0.37075949723374907,-0.36855564569588756,-0.9277212727812716,-1.0394314779044027,-0.6392523306161405,0.05436948222367098,0.20256001981412003,-0.44356480931525344,-0.2077836232711841,-0.15849974790959476,-0.18903530024045775,-0.05436948222367098,0.6392523306161398,-1.212181045296114,0.3784426479726819,0.10446181476103397,-0.10534463853762675,-0.4600842227993849,0.06953024385249205,0.18764225758709038,0.5664865349208381,-0.09276131830853324,0.11228645211844858,-0.482931511569848,-0.24116501795220557,-0.30883935553659736,-0.3469449996836519,-0.0647368131630805,-0.20711139779498602,-0.2089648391376897,-0.45626319576493324,0
0.5703098658755232,1.0832795835486928,-0.4445202009343899,-0.13478617003801185,1,0,0,1,0,0,-0.2810198135785862,-0.3256946802270442,-0.054689994255315046,-0.4395374417934178,0.2249853787865927,0.0892018471707166,-0.32929265129600216,-0.1892761768258601,0.4814445405571681,-0.6547350288633227,0.0226242979750005,0.05680649577939064,-0.08655025554132395,-1.2379772237488738,-0.3073388450643159,-0.05134515604426424,-0.639188751940881,-0.5792365057657349,-0.49837739391320257,0.5717619163874261,-0.7790828078301857,-0.048097815413502165,-0.7097477455457433,0.25069615915650306,-0.5949244040566298,-0.5717619163874261,0.4983773939132019,-1.2052179168904753,-0.40957446049198204,-0.4186507255887879,-0.37990527404917784,-0.596630464683041,-0.34003467563087314,-0.30171300108041293,-0.09793149585751397,-0.4803306735805153,-0.8314172830871166,-0.2553016945782196,-0.642586540004281,-0.8793552956620708,-0.7361766328910565,-0.5723076854318833,-0.28942660841731066,-0.04195727479570725,-0.5799798072721716,1
-0.4577006284139859,-0.978141694168258,-0.8790386569529866,0.3052077222492148,1,0,0,1,0,0,-0.07911682151246661,-0.424544933547825,-0.6047967952025805,-0.09003305109071949,-0.7344913508946546,-0.2569252988388155,-0.13884520905876135,-0.06396995463702673,0.2625618226962914,-0.8465952740756789,-0.8584862073507371,-0.9317363410877997,0.7520139860628811,-0.5885839340496283,0.142915179653749,-0.5013149319889715,-0.3627932383879827,-0.37031258694792063,-0.7471295343976714,-0.529783266025729,-0.39503848876608916,0.2309700599498333,-0.8627039675201386,0.7839560325761196,0.7545359490883319,0.529783266025729,0.7471295343976706,-0.5646101035717058,0.11577027848446049,-0.03655113089848297,-0.28946177058654887,-0.40887938209301433,0.3215701943037938,-0.13859458152457876,0.2342775195316623,0.3258135853852078,-0.6371253376036178,-0.2553016945782196,-1.308581337954314,-1.4758037785205207,-1.1423313805857394,-0.12818317219668063,-1.0302635040182315,-1.32234860141757,-1.0748462533011267,1
-0.9974061379159777,-1.158516055968491,-1.6032360836506476,-2.334755631474145,1,0,0,1,0,0,-0.596493238681898,-0.04658808261542777,0.11162136417060241,-0.4921945602602151,0.9012659350619028,0.3445488760743895,0.7390428907416332,-1.0137296202781296,0.2934293419606137,1.2112863358796655,0.8811146885954204,1.0279370418418685,-0.15409962446094075,-0.2814872818048768,-0.5431704759428883,-0.9301672935009699,0.4429557127243054,-0.02686256114352607,1.068484771272222,0.3422733367180179,-1.3089159051908836,0.8472394587800625,-1.3358561653779633,-1.1971423918291892,-1.1717183111994547,-0.3422733367180179,-1.0684847712722227,-0.3139374809687093,-0.5596729573423944,-0.20030810005147043,-0.6383152839424023,-0.4430159425639276,0.3530751881102058,1.0032343553662626,0.5111183656893089,-0.6663639641110671,-1.1644891896302574,1.1104772073715516,0.7441423543574326,-0.127311556405765,-0.5838686025055501,1.4579758036433286,1.1099319721622063,1.461110804282131,0.5334696962929761,1
2.317927706167689,0.38754990231922204,-0.8790386569529866,-1.161438585374874,0,1,0,1,0,0,-0.3188766245909836,-0.31464671073825107,-0.2721740783507456,-0.3388524020876736,0.06444753495252525,0.01988697942978962,0.5615046801884421,-0.2948223265251124,-1.2341337876085852,1.1251201820428716,0.03786003911782968,-0.1602156823757395,0.26267732990941733,-0.1554436586753443,-1.009390403569463,-2.8155635026462313,0.6053057920489481,-0.5454032852666303,-1.0117882743416888,0.7849642097577141,-0.9361033985531213,-0.6065322521819821,-1.1422675568628382,-0.9197539174063101,-0.5817000590120953,-0.7849642097577141,1.0117882743416882,-0.14682239923337803,-0.9349191994684248,0.02713213488323473,-1.4393863146113988,-1.176951992688579,1.7077899217859516,-0.22015379130249568,0.2896456887631914,0.139780294854656,-0.9146852597229018,-0.6346847228976005,-0.2594114507727547,-0.7885913960966542,-1.057715808149347,0.8552353928241243,-0.7010026615289333,-0.4316415915936655,-0.6418381130257917,0
-0.2006980048416086,-0.4885541407104817,-0.4445202009343899,0.3052077222492148,1,0,0,1,0,0,0.6527815247272168,-0.6205010239543141,-0.8094876978806327,0.9891485526518837,-2.239166778632351,-1.2416436134550812,-0.22285986207236522,-0.1496045869046792,1.0716723196269098,-1.0723854486279,-1.0457249452181325,-1.0523995229579333,1.0940100783240818,-0.26698783395879233,-0.5348987468491218,1.0900622692195796,-1.6423907645851215,-1.473727892769519,-0.7279513648365089,-0.7133741297612556,0.04312096535224265,-0.330512831710731,-0.3696045068040206,-0.179843011327116,-0.0793148052580128,0.7133741297612556,0.7279513648365081,-0.3696425082138195,-0.6347222057676005,-0.5187244289600577,0.08523274375862654,-0.5795621844475838,-1.3796994712424915,0.5954383064766764,1.1201682272361313,-0.728375060954584,-0.05424950115312168,-0.4070549059059717,-0.33239718205494984,-0.46443461193445323,-0.4992530300691578,0.12560226393772106,0.12214944469431245,-0.2089648391376897,-0.76555472453303,0
0.5703098658755232,-0.46278637473902035,-0.4445202009343899,-0.8681093238500562,1,0,0,1,0,0,-0.2810198135785862,-0.3256946802270442,-0.09306953850744984,-0.419863353575054,0.19286792820551132,0.07399729553722294,-0.407383194330945,-0.3362492091946378,0.41123213810729586,-0.10389508565203945,-0.15382317489972985,0.47120052852035643,0.2151674546966622,-1.2991613785005833,-0.31964628639056125,0.03526347310810902,-0.5894282013119659,-0.5184348976954732,-0.22931895624632825,0.8700970699576553,-0.7316304933225123,0.14129795941992207,-0.5267317194735812,-0.4441113566846417,-0.30617311142640385,-0.8700970699576553,0.22931895624632756,-1.2330704305130304,-0.3345252120667762,-0.11842961547497735,-0.08273376267196997,-0.3064697006802721,-0.18250970659880966,0.10608304780917345,0.2342775195316623,-0.17027518936292965,-0.6926373220274746,0.12408133374116129,-0.013084607695344815,-0.2829068128036209,-0.4315605721200442,0.47455723862252236,-0.28942660841731066,0.1250502895462747,0.16231986177126023,1
0.3904080293748593,-1.7254069073406524,-1.168717627632051,-0.8681093238500562,1,0,0,1,0,0,-0.25578193957032125,-0.3431388425777702,-0.7711081536284979,0.6708912432371751,-1.2506589501753123,-0.7823767155845522,-0.516565115047272,-0.9270864909828426,0.5705970577953811,-1.776413855403558,-1.2491719117740354,-1.242008337648826,0.7769527303784359,-1.0120624159429157,-0.8985374871051948,-1.1317739966979534,-1.1086687296136917,-0.5635781739385356,-1.3293007493813815,-0.3755669404878874,-0.2929444741800884,0.3723201740861542,-1.9173490119341665,1.3004835797793062,1.073760269445875,0.3755669404878874,1.3293007493813809,-1.0102503215325889,-0.9349191994684248,-0.45504116317834126,-0.9354867953196102,-1.262293393865864,0.8256500952063961,-1.0357458890816678,-0.5962450189412776,-0.6043528672675491,-0.19302946221276363,0.5034643620605421,0.42482977999782756,-0.6848612251647502,-0.1777138548108673,2.377948009630533,-0.8656330827735822,-1.0996718489615938,0.7809029193074537,0
0.5703098658755232,-0.4885541407104817,-0.4445202009343899,0.3052077222492148,1,0,0,1,0,0,-0.2810198135785862,-0.3256946802270442,-0.8094876978806327,0.9891485526518837,-1.5897796604139562,-1.0149169170379846,-0.9529934441723852,-0.14467376371791502,0.315552234197542,-0.13186043579782827,-0.20392851497981465,-0.649865997621279,-0.12257577447941226,-1.2704609907756848,-0.5671733013327224,0.065087776444935,-0.5693285679583503,-0.3217743543713297,0.04968400367083265,-0.9356157016516281,0.05573092995649154,-0.3696124814556268,-0.36596353692453193,-0.38640152044167303,-0.049032971677779466,0.9356157016516281,-0.04968400367083336,-1.2330704305130304,-0.6347222057676005,-0.4095531161914002,-0.3153027715758717,-0.5112890635057554,-0.24551969421163483,0.18764225758709038,0.17890935030013266,-0.4183195767369984,0.05677446769459199,-0.3311783002420958,0.05990112358685037,-0.1402778277722523,-0.2792525417345383,0.6014499566897238,0.7806711296729086,0.3477270420022505,-0.3944048900113141,0
-0.9974061379159777,-1.7254069073406524,-1.6032360836506476,-0.8681093238500562,1,0,0,1,0,0,-0.596493238681898,-0.04658808261542777,-0.7711081536284979,0.6708912432371751,-0.668608696287777,-0.5543084410821474,0.25221692018921027,-0.23975356545994977,0.6831226827907386,-1.2456905314583973,-1.3748239327755887,0.989077176493506,2.5282602351649874,-0.1676797885200667,-0.05346997580207247,-0.965420388851103,-0.5690120537789757,-0.8444773774170713,1.3843233105508752,-0.023971702672748577,-0.5182574361422515,0.2755042448086975,-1.904005978128269,1.1186249305123421,0.9628706510737726,0.023971702672748577,-1.3843233105508759,-0.2582324537235989,-0.18442671521636386,-0.4095531161914002,-0.8192022908676594,-0.972132629863095,0.1325402314653172,1.5741488238116832,0.8986955503100138,-1.4725082230767892,-0.44283339212011924,0.35171115073279,0.269735101023162,-0.7885913960966542,-0.3469449996836519,2.2193321120465326,-1.0302635040182315,-1.1553410370755877,0.5953280020465953,0
-1.7170134839186342,-0.4885541407104817,-0.8790386569529866,0.3052077222492148,1,0,0,1,0,0,-0.7479204827314877,0.671529934156127,-0.8094876978806327,0.9891485526518837,-0.37968226651564924,-0.24798144493676041,-0.5081051547047052,0.42181369248020084,-1.3424884100444534,1.4636834237824508,0.8507167570742836,-0.25563196339498245,-1.3084902740712556,-0.36322145369085224,0.48990863941574897,-1.993515186078531,1.4914952539535753,0.9305910775818171,0.19034451885672046,-0.5374328853480426,0.34360598944770765,-0.08817281040621788,-0.16806387797855737,-0.4984007139945544,-0.19743238646831593,0.5374328853480426,-0.19034451885672118,-0.28608496734615396,0.5660657690356972,0.30006041680488094,-0.8192022908676594,-0.2552648599739003,2.0543448536564917,-0.8726274695258333,-1.0391903727935126,0.6358690696027934,0.22331042096616224,-0.17942508891434333,-0.2959043164138529,-0.3347718982695729,-0.4992530300691578,0.09387908442092041,0.36909507656128593,0.1250502895462747,-0.6418381130257917,1
-0.6376024649146498,1.4440283071491598,-1.6032360836506476,-0.8681093238500562,0,1,0,0,1,0,-0.23054406556205628,-0.36349036532028395,0.57217589519622,-0.5998233958077348,0.5464568506828977,0.18400669853250057,-0.33240411488214694,0.031988635503491236,0.19094941868658857,-0.4583187114510423,0.0641076753298469,0.08515000580336993,-0.021011910361327768,-1.1949562830056635,0.6798285490867291,0.3046268772452135,-1.6062742359028452,-1.0243716946010595,0.013895103188392356,0.10235345797273021,-0.7317702248818966,0.637131910468598,0.04508638133943435,-0.9735950253684488,-1.0834426996695927,-0.10235345797273021,-0.013895103188393775,-1.1216603760228097,0.641115017460903,0.03622974428062242,0.188596747715916,-0.47715250303484213,-0.024984737566746233,0.9216751455883455,1.009431888773073,-0.29429738304996345,-0.6371253376036178,0.7310941790521709,0.34272083230535716,0.31354167005482897,-0.11002139686175369,-0.15990635171348128,0.8629863402952329,1.0157572993701793,-0.332546584257695,1
-1.1516077120594044,-0.35971531085317227,-0.4445202009343899,-0.4281154315628296,1,0,0,1,0,0,0.4130217216486998,-0.5774720901558565,1.5060781386648334,-0.6900927417508158,0.40027858395469157,0.0892018471707166,0.6918005906989818,1.8077736465017498,-0.5710756061932757,0.6178948891229434,0.025038014101906945,0.477563998675032,0.4864246404689295,-0.5098511522105948,1.7244876399753477,-1.01135245660693,-1.4659239648982105,-2.2074132973213887,-0.9462874490712617,1.5898567061935227,-1.4714028255564686,-0.7536722020684933,-0.2356321996186047,-2.288321242005737,-2.187660091291184,-1.5898567061935227,0.9462874490712609,-0.6667359868544083,1.0663940918704047,-0.9796699717610611,-1.2843403086754637,-1.6833109730071372,-0.8756195703398886,0.3235742738836193,0.9356076631310333,-1.5138489543058005,-1.4420491117495413,-0.9381911455531051,-0.989268763594709,-0.944186652494511,-1.6584863724477323,-0.9371242498750855,-0.20711139779498602,0.7095767647432119,-1.0748462533011267,0
-0.25209852955608386,-0.46278637473902035,0.5693561964423357,-0.13478617003801185,1,0,0,1,0,0,0.097548296545388,-0.49606599918580174,-0.2721740783507456,-0.32438616075064136,-0.3242605360271608,-0.13081695881983868,-0.24327138802712409,-0.4290366215775971,2.667275644422573,-0.8848251644366287,-0.25010470917063854,0.03883907926953515,0.4182987812149782,-0.19597757031379578,-0.4909255121344623,2.3248271620379763,-0.25638695820354723,0.0761374312227317,1.0387885820834866,-0.9772859963810728,0.14245630780963459,0.09706782650254693,-1.3100280678173093,0.9411127940458383,0.3994817536817325,0.9772859963810728,-1.0387885820834872,-0.32189534200372505,-0.6132795633603989,-0.581108036256435,0.6168190498246884,0.47867119015075044,-2.0908121885872353,0.47892514965108013,0.012804842605544792,-0.7460925171955889,-0.026493508941193386,-0.1035484832504671,-0.5604775923118106,-1.0997819088923677,-0.7192535184037778,0.47455723862252236,0.12214944469431245,-0.32030321536567735,-0.3944048900113141,0
-1.9483158451337743,-0.05050211919562982,0.5693561964423357,1.0385308760612593,1,0,0,1,0,0,4.059894515842984,-0.7798243734242785,-0.10586271992482811,-0.41118360877283466,-1.2511438689135943,-0.2819680897645698,-1.3439245614259003,1.2335602376642594,-0.6967725991244273,-0.7614799225964481,-0.6078657930760375,-1.648817243486686,-1.6863281686833587,-1.4330714209276625,1.1963446284583201,-1.6159799202581506,-1.1086687296136917,-1.2662446442884654,-1.4375436385994584,-0.8230517886162441,0.43685173898844304,-0.4946283528408117,-0.6713924903267012,-0.07062668536586417,-0.44598613881296556,0.8230517886162441,1.4375436385994576,-1.3166279713806959,1.3165582532877582,0.4456221671630917,-0.5091102789957901,-0.8867912286858101,1.3297299961089997,-1.0357458890816678,-0.5408768497097485,0.139780294854656,0.3967853722907147,-0.463962360153879,0.002881021022635179,-0.34449660179443925,-0.3469449996836519,0.2128410076089211,1.8507688677631275,1.4750281013106297,-0.2242945491888607,0
0.3904080293748593,-0.7462318004251005,0.27967722576327125,0.5985369837740325,1,0,0,1,0,0,0.021834674520593164,-0.4739700602082154,-0.4512786181940413,-0.19997648525216433,-0.5074907358040941,-0.20997006585302627,-1.3157986291795887,0.6824153831562776,0.7158104638569573,-1.2825445445685049,-0.7095212875113083,-0.8529366236931945,1.1643235169244437,0.022755291169899217,1.7646299644872827,-0.4605793344313956,0.19441331563272218,0.06638237012425739,-1.0618771407249559,-0.11014700605881247,1.8523868427838168,0.8311310309294506,-1.4413746968868177,1.9254118526717423,0.9872218874007268,0.11014700605881318,1.0618771407249543,-0.20252742647848845,1.1664597564373458,-0.8553359766634215,-0.9354867953196102,-0.8185181077439823,-0.30852968182446,-0.5463906304141645,-0.09793149585751397,-0.23228628620644656,1.6666220159864384,0.7310941790521709,-0.0951935553878152,-0.8145239388296306,-0.093098282374475,0.9186817518577256,-1.3595243465075295,-1.545025353873546,-0.08511336124321738,1
-1.280109023845593,-0.6173929705677911,-0.15484123025532542,2.2118479221605303,1,0,0,1,0,0,0.551830028694157,-0.6007309732901579,0.21396681550962854,-0.5211270429342795,-0.18881334268781735,-0.05926612760339795,0.23768288909640434,-1.6845843565194414,-0.09171639759436415,-0.658493091639915,-0.8497282154870218,-0.06292345160534571,0.3085362828174825,0.10984130873631386,0.36996671680972504,-0.7881218877341155,-0.8935518599114934,-1.5021370132121072,-0.12752713319093578,0.04065977486679812,-0.22075170166292893,2.6827694318146573,-0.6666071029586781,0.0035509558160078587,-0.3618561297629673,-0.04065977486679812,0.1275271331909351,-0.06326485836571254,0.11577027848446049,-0.600602913536552,-0.8838047933409655,-1.1428154322176651,-0.5290646384693491,0.35076067714292497,0.4557501964577793,-1.2244638357027204,-0.24854144663662048,2.400379503657447,-0.14993285384946126,-0.46443461193445323,-0.4315605721200442,0.12560226393772106,0.6983559190505837,0.793080546914203,-0.08511336124321738,0
-0.14929748012713334,0.10410447663314094,0.5693561964423357,0.5985369837740325,1,0,0,1,0,0,0.5392110916900246,-0.5995680291334429,-0.7966945164632545,0.8878848632926583,-2.040050910808464,-1.1472859547884,0.7499339755583827,-1.1476908893939515,0.5223843372088577,0.33658499304838396,0.44690273427432836,0.485999603950996,0.0020224531279187776,0.9741426783098485,-0.3527240952288456,-1.1718930509777576,0.33859235557940937,-0.1851640513210506,0.05712944868845589,0.6061852033378367,-0.06944956223687297,1.2218905081846219,-1.8917563882410464,-0.1189622271525529,-0.7617720989059654,-0.6061852033378367,-0.057129448688456604,1.6914434998552643,0.26586877533487285,2.1195822962825224,1.0155087793742343,1.1272658390981163,2.3378897979142055,1.247911984700014,1.3416409041622488,2.1241353938472036,-0.27629743884854874,0.7310941790521709,-0.8432973010303187,-1.5795339494524245,-1.5146398993058652,0.31594134103852145,-0.5363722402842841,-0.32030321536567735,-1.0748462533011267,0
0.8273124894479005,-0.4885541407104817,-0.8790386569529866,0.3052077222492148,0,1,0,1,0,0,0.6654004617313493,-0.6234083843461017,-0.8094876978806327,0.9573228217104129,-2.244721893096667,-1.2192839786999434,-0.7820233453709629,0.10558550205590476,-1.4410075435650247,-0.38834725931579145,-1.265374099373386,-0.0028987468266109635,1.9244446572469467,-0.8215345173545975,-0.4959397735258054,-2.16088032269128,-1.1843913066576912,-1.9749097819239934,0.2567889334467663,-0.25863368266248993,0.2665548884025138,-0.6417409931996012,-0.20157074370899447,-0.6497900521313712,-0.28306671494673646,0.2586336826624906,-0.25678893344676695,-0.8709877534198129,-0.6347222057676005,-0.646090960523493,-1.5685913195580112,-1.8426149218714025,0.25856020669096863,1.5741488238116832,1.5631135810883663,-1.4725082230767892,0.029018475482663446,-0.7864379342253526,-0.7429419205172992,-0.723760039264214,-0.9054077777638412,-0.1916295312302808,-0.12479618717266176,-0.26463402725168356,-1.0129879475475077,0
0.5960101282327613,0.4133176682906843,-1.6032360836506476,-1.161438585374874,1,0,0,1,0,0,-0.4198281206240434,-0.23847386847341406,-0.2593808969333673,-0.33017265728545425,0.22149318408469418,0.07176133206170916,0.15511069716386766,-0.17013529398589294,0.6673258314574423,0.511596806408865,0.1490549655700843,0.057964751658712114,0.04618103930054223,-1.1438144905882706,-1.3265193498422807,-0.1703665211610965,-0.8280286573463493,-0.8104070410959863,-1.535794876505097,1.6022396676771504,-1.3585711620601368,-1.0953619340203964,-1.0834586908322466,-1.5121933224984492,-0.9849834980503502,-1.602239667677151,1.5357948765050964,-1.17736540326792,-1.3852146900196616,-0.9372144612399159,-0.8708842928463041,-1.1086788717467513,-0.6865896075014126,-0.8726274695258333,-0.26403600355210183,-0.790386157798101,-1.3310251429018278,-1.1658209625447336,-0.7338187041070253,-1.1257144516253432,-1.5484861282804228,0.41111087958892223,-1.0302635040182315,-0.4316415915936655,-1.0129879475475077,0
-1.922615582776536,-1.5708003115118816,-1.6032360836506476,-0.4281154315628296,1,0,0,1,0,0,0.16064298156605036,-0.5111842732230976,0.6233486208657331,-0.6119750385308418,0.2415721503684177,0.07981080057355874,-0.1983848436124719,-4.24734454757725,-1.0585027826772553,0.03229350129610876,-0.02363428001704212,-1.1228778241615505,-0.24242896492839183,-0.4314679830795499,-0.30434834408448286,-1.2542330529471917,-0.7300558443936823,-1.2391384196237012,-1.8632990028572278,0.3165258375355961,-0.15525877059522766,5.524724195901501,0.18662550353552146,-0.7675373151266686,-1.17905176650512,-0.3165258375355961,1.863299002857227,-0.3417899945912644,-0.18442671521636386,0.35464607318920965,-0.37990527404917784,-0.6307670251539549,0.6996301199807459,-0.6279498401920818,0.2896456887631914,-0.4803306735805153,-0.19302946221276363,4.980184096229237,-0.1681792866700104,-0.0495139282068366,-0.3469449996836519,-0.857816301083085,0.4514102871836102,0.6817421706862145,-0.332546584257695,1
0.2619067175886707,-0.6431607365392533,0.5693561964423357,-1.161438585374874,1,0,0,1,0,0,-0.20530619155379135,-0.37453833480907706,0.38027817393554597,-0.5616325186779697,0.4249323788256025,0.14599531944876643,0.5757672293708023,-1.376159891199288,2.468986346661564,0.8031646213494745,1.1874344600383278,-0.1245885076280373,-1.7061365515279356,-0.0470783041944115,-1.3256165852056163,0.44768836898031883,0.4679550324182565,0.5137572204614587,0.28185302474922574,-0.44946226314143684,-0.8476584350128117,0.5608490440802946,-2.925303411495077,-0.6210073878436287,-1.042139022746786,0.44946226314143684,-0.28185302474922647,-0.5089050763265954,-1.535313186870074,-1.874268229170901,-1.4135453136220761,-1.1940202729240363,-1.537224440274555,-0.7910682597479163,-0.983822203561983,-1.658541513607341,-0.8314172830871166,0.4275877563966659,-0.23204180154193166,-1.657331577651353,-1.7346403876404854,1.7434844192945298,1.6038232358961542,1.461110804282131,-0.76555472453303,1
-1.2030082367738797,-1.0039094601397194,1.0038746524609323,-1.6014324776621007,1,0,0,1,0,0,0.3246891626197725,-0.5559576232566278,-0.6175899766199587,-0.03506133400999707,-1.0496331859706922,-0.40047415396679975,1.395555755354121,-0.5535570618212781,-0.31584999442943373,1.6262263694820638,0.8616719245568242,-0.8745063506602035,-2.0218834172029467,1.7037358722161338,-1.0036015966980776,-1.2071595823932648,1.6180669325340307,0.07744566391385707,-0.030386078764458365,-1.1625858176247739,-0.23820144040275837,-0.24561160847887695,-0.7813014388564264,-0.5924794373991435,-1.0446050859012783,1.1625858176247739,0.030386078764457654,1.4129183636297125,-1.009968447893631,-0.3731626786018469,-0.9096457943302884,-0.3064697006802721,-0.18250970659880966,-0.5463906304141645,-0.5962450189412776,-0.35630847989348147,-0.24854144663662048,-0.2553016945782196,-0.07694712256726609,-0.46443461193445323,-0.6515610604546642,0.030432725387320277,1.933084078385452,1.3497724280541432,-1.136704559054746,0
-0.27779879191332196,-0.978141694168258,-0.4445202009343899,-0.4281154315628296,0,1,0,1,0,0,-0.6595879237025604,0.11215379477617907,0.2267599969270068,-0.5211270429342795,1.1759647070132608,0.4889921165925792,0.24927261935588427,1.9346668121448287,-2.1989230773593347,1.3464862977023904,1.069019355535766,0.501695484139438,-1.1160113571447416,-0.6918887771638728,2.8440231345587144,-2.314018381798462,-0.15641646577977433,-0.5736570471298761,0.9226219676120906,-0.2307924307993011,-1.0379467590480669,0.1936890277661817,0.6806362004839107,-1.9741160100897543,-1.9498419716887987,0.2307924307993011,-0.9226219676120913,-0.5924626171942612,2.892592470217086,0.381938901381374,-0.9354867953196102,-0.9379960693921812,1.9913348660436665,1.6557080335896,1.2309045656991897,-0.17027518936292965,-0.8406692804910928,0.5793409677244183,1.1394817321359896,1.368131741195856,0.3299795798074865,-0.32909664246974885,2.5367289562824986,2.611607358638007,-0.2500688432528684,1
-0.04649643069818187,0.4648532002336079,-0.8790386569529866,0.5985369837740325,1,0,0,0,1,0,0.4256406586528323,-0.5786350343125716,1.9282531254383162,-0.7143960271970299,0.5017117882642238,0.10708955497482678,-1.4768747441146923,-1.0769888595765467,-0.5178857170517499,-1.0036802176197857,-1.5121285185758546,-0.4532673426002914,1.3965399405613326,-1.3435532328976305,-0.42983806371200695,0.6065639528473937,-1.476069143993512,-1.2638780094446362,-0.871666255725209,0.24630538521990228,0.711167723102467,1.0475986726323088,1.317505400290982,-0.10773767402524796,0.7319102497731808,-0.24630538521990228,0.8716662557252083,-1.2887754577581405,-0.4846237089171882,-0.30038180342274146,0.046471242274642305,-0.5454256239766699,-0.8126095827270634,0.02452383803125581,0.5111183656893089,-0.4803306735805153,0.77843026520473,1.1484155102034896,0.37921369794645543,1.0331697308949146,0.9222885868622325,-0.14404476195508095,-0.8244754774624201,-0.8213259083916238,0.6262571549234054,0
-0.5605016778429365,-0.3854830768246345,0.5693561964423357,-1.6014324776621007,1,0,0,0,1,0,-0.3062576875868511,-0.31115787826810587,-0.5664172509504457,-0.13921827163662903,-0.40769828851751666,-0.13171134421004418,0.013233718136837668,0.049556836981638576,-0.6476294779575568,0.11002307517172807,0.15633991582909312,0.9878836465326548,0.5349289661815171,-0.32808432702997486,-0.06664185594388441,-1.0733308727192912,0.17934552299971024,0.30278874496023916,1.1316697664043236,0.22497917377587734,-0.3462198010823333,-0.13477866233266558,-0.19326282336420653,0.029201874127878426,0.09236472893037712,-0.22497917377587734,-1.1316697664043243,0.29881781872750485,0.8662627627365218,2.938367142047461,1.7132158060859415,1.7246556473391115,3.6610995377835382,1.4925896140337656,0.954063719541543,2.0621242970036877,-0.4150773999081907,-0.2553016945782196,-0.40538291333714505,-0.4385020692014777,-0.39771434314548676,-0.0647368131630805,-0.8656330827735822,-0.8769950965056176,-0.332546584257695,1
-0.3034990542705592,0.928672987719922,-0.4445202009343899,2.2118479221605303,0,1,0,1,0,0,0.47611640666936217,-0.5885200596446497,-0.4768649810287978,-0.19418998871735144,-0.8296658712173806,-0.30253895373929646,-1.953239257271395,-2.369472606566176,1.1018931250464212,-2.3515865013472474,-1.4040769332749794,0.3356593568310545,1.935463300997645,-0.9668648840932969,0.32740663315834667,0.44983058055018793,-2.0041705103079686,-1.5756102663502087,0.3699083794759778,0.09092870184200141,1.7499467343867112,3.580164291323909,-1.0542884636195289,1.1895404807769636,0.2870920218437081,-0.09092870184200141,-0.36990837947597854,-0.8709877534198129,0.41596727218528484,0.3182556355996563,0.5116092600824467,-0.3747428216220998,-0.18250970659880966,2.063504082479186,2.0060589349406004,-0.23228628620644656,1.5555980471387252,3.2350221659600846,-0.13168642102891215,-0.6459624110652865,-0.1777138548108673,0.31594134103852145,-0.37174181903963527,-0.3759724034796717,-0.023255055489598248,0
-1.3572098109173063,-0.978141694168258,-0.4445202009343899,0.3052077222492148,1,0,0,1,0,0,-0.00340319948767178,-0.46757386734628253,-0.6047967952025805,-0.09003305109071949,-0.7972318651325021,-0.29001755827641934,0.14565720934546444,-0.13226434477558213,-0.4984714872571432,-0.2554637991535478,-0.6558731456977748,-0.22047817602456737,0.41205164675998784,-0.10377741786896749,-0.09898799198833258,-1.320629629858695,0.3288582885549759,-0.19346338256319665,-0.018359091073560794,-0.28249761283093816,-0.30623306844713755,0.08237296670380269,-0.6456781949978195,0.6712053610746174,0.6637878729463288,0.28249761283093816,0.018359091073560086,-0.3417899945912644,-0.40957446049198204,-1.0008977270216337,-1.4393863146113988,-1.262293393865864,-0.024984737566746233,-0.7910682597479163,-0.8730858650989243,-1.2864749325462383,-0.49834537654397587,-0.2553016945782196,-0.97102233077416,-1.112748180258855,-0.8207922053274488,-0.033013633646279864,-0.9479482933959068,-1.1553410370755877,-0.8274130302866491,0
0.5960101282327613,-1.7254069073406524,-0.4445202009343899,-0.8681093238500562,1,0,0,1,0,0,-0.3188766245909836,-0.2966210763091675,-0.7711081536284979,0.6708912432371751,-1.1749114388546489,-0.7466012999763318,-0.695442747557992,-0.7240227395541488,1.4082002798931226,-1.4160578281580354,-0.9923998356124666,-0.20380509125058524,1.4656466861996096,-1.2778557335313345,-0.33391005657645806,0.0966339447703212,-0.6205716087950323,-0.562146628914819,0.09840925777350726,-0.3755669404878874,-0.30978832299677195,0.6592401674742625,-1.8279491624504616,1.2976545850094383,0.7413416198636819,0.3755669404878874,-0.09840925777350797,-1.2330704305130304,-0.40957446049198204,-0.3367722410122935,-0.23777976860790415,-0.4600842227993849,-0.40304466324369825,0.5138790966987595,0.5111183656893089,-0.4183195767369984,-0.27629743884854874,0.6552175733882943,0.10551720563822252,-0.8663890242955825,-0.36386811417093057,1.648314880744129,-0.8656330827735822,-1.0996718489615938,0.22417816752487937,0
0.3904080293748593,-0.5400896726534062,-1.8929150543297122,-1.161438585374874,1,0,0,1,0,0,0.31207022561564,-0.5547946790999126,0.16279408984011548,-0.5083967505576912,-0.09610771303133156,-0.03377614398254093,-0.36078290084620235,1.6473617615170821,-0.6098549960009799,-0.8527685421238711,-1.6379750339918522,-4.066319408438907,-1.0416052425052649,-1.9951457808293762,2.0403967955129145,-1.4299139478374425,-2.50196414722332,-3.834583208664696,-5.695097281177154,0.10235345797273021,-1.491848750062829,-0.21703099867805514,-0.603233407404557,-1.3288695356464666,-1.6142763966021443,-0.10235345797273021,5.695097281177153,-1.8736782438317996,0.5660657690356972,-2.28366065205337,-2.4471853531949743,-2.934984856940651,-2.135819322596396,-2.666930084640012,-0.5408768497097485,-2.340663578886029,-1.46980510396147,-0.5588081172337243,-1.1717330918001976,-1.2553771652902237,-1.5992554717422576,-0.9212626601166852,0.8629863402952329,1.0157572993701793,-1.569712699330082,0
-2.0511168945627247,-0.514321906681944,-0.4445202009343899,-1.8947617391869185,1,0,0,1,0,0,0.5896868397065544,-0.6094530544655209,0.6105554394483548,-0.6108177392238793,2.4904191832603444e-4,0.0033408497109876974,-0.24406221955468457,-0.13916796605508833,0.37710059354931,0.32888547965228626,0.3607022534191515,-1.8535602871099512,-1.4354603192538862,-1.2363453949620624,0.01266194656509126,0.11629428297865387,-1.3881262632316675,-1.0797538185949043,-2.501932049243882,-0.04664941409013511,-0.8959672938087087,0.20369686102287862,-0.3986446053109194,-1.8207453059038265,-1.5231000420155338,0.04664941409013511,2.5019320492438806,-1.246996687324308,-0.27823827574787147,-0.8735311954581982,-0.686767160797382,-1.1428154322176651,-0.7180946013078251,-1.4435419379712537,-0.5408768497097485,-0.9454138999068937,-0.6926373220274746,0.5793409677244183,1.1090710107684099,0.7025298110494701,-0.14386762583630988,0.9821281108913258,2.2623449208747504,2.4631561903340238,0.904619530814692,1
0.8273124894479005,-0.9523739281967958,-1.168717627632051,-0.4281154315628296,1,0,0,1,0,0,1.4225366819792977,-0.6896962012788607,-0.06748317567269331,-0.4314363466446798,-0.709239267834178,-0.19700147769504636,-1.0807029442486027,-0.8152805077615715,2.0823691546528313,-1.171308151853224,-0.5290814943378852,-0.031145865264151546,0.5637392521291733,-1.301287770329085,0.161267270185514,-0.1961456863861781,-1.2691866348682557,-1.331768447910528,-0.2548898489945435,0.21031740340811067,0.20251234369750612,1.2805520938895645,-3.043775892790271,0.3238580053263269,-0.6123808267730009,-0.21031740340811067,0.25488984899454276,-1.223786259305512,0.14912550000677452,0.010958607065655754,-0.09278304083448399,-0.5833551356110187,-0.17550859686405132,0.8673023390697335,1.1201682272361313,-0.4114294548654965,-0.24854144663662048,0.4275877563966659,-1.564031397441998,-2.5649705733055157,-2.3269493946952315,0.4428340591057229,-0.37174181903963527,-0.32030321536567735,-1.6934293108373202,0
-0.9974061379159777,-0.46278637473902035,1.4383931084795292,-0.8681093238500562,1,0,0,1,0,0,0.8042087687768065,-0.6414340187751852,-0.23379453409861076,-0.36199838822692515,-0.6535903150596735,-0.2135476074138483,0.8412615584251727,-0.1627080089886886,1.0466985825269235,0.1453191852822679,1.1443806523537472,0.47526831333612385,-1.0594959363525875,0.8645307870916239,6.040584643110029e-4,0.30876919444941014,-0.592016122605336,-0.11839906509271765,-0.07652239220167051,0.7241032714020105,-0.30596569956074116,0.2239269811060595,-1.1205887640903223,-0.7833498972075762,-1.6033445377614053,-0.7241032714020105,0.07652239220166979,0.911573118423719,0.09700796637815903,0.3091580262022686,0.4276260068671489,0.15864093573593158,0.26643645514257136,0.2895912698094869,0.3588559003026031,0.44983577907224165,-0.38732140769626244,0.04820472807728505,-0.44187577897824326,-0.9182541097615345,-1.1254082660984612,-0.3502454288142823,0.7806711296729086,1.3497724280541432,-0.2706882785040748,0
-1.4343105979890196,-1.4934970135974959,-0.4445202009343899,-0.8681093238500562,1,0,0,1,0,0,-0.6848257977108253,0.25287003773870237,4.25661214340116,-0.7751542408125652,2.296986988721285,0.7935303419575551,0.22446830324962236,-0.5471335765502809,-0.6337693844299362,2.017820608468638,1.6521966515403974,5.256895801511968,0.9047026706223326,-1.1565525236126712,0.8673051525249261,-1.7387475650836484,-1.0210400869967349,-0.5106869581987976,-0.5666803935267488,7.73180560207293,-1.4677422941840272,1.6198052668455325,-0.8808896388173498,-3.738391335315802,-2.646522982457706,-7.73180560207293,0.566680393526748,-0.9823978079100336,1.2415090048625523,1.0187715591985484,-0.1602567656399366,-0.5454256239766699,2.6844447297847456,0.5954383064766764,1.009431888773073,1.0079356506638961,-1.5808290728091832,-0.17942508891434333,-3.1788407020605725,-2.953958714300157,-3.562336752266559,-1.8095116865870906,-3.4997198226879678,-1.6563637301015341,-2.3120123683735136,1
1.2899172118781799,0.4648532002336079,0.27967722576327125,0.3052077222492148,1,0,0,1,0,0,-0.6217311126901629,0.046447449921777705,0.047655457083711085,-0.47425642100229515,0.9296851896383719,0.40223673374264485,-0.14282495389514466,0.8010770925001407,0.027928516377155543,0.0760127961016261,0.33667576011946415,-0.40591366489157454,-0.6153745377567261,0.05493554665431023,1.392204775496061,-1.4259219035462927,0.5228247336294324,-0.6798678187415106,-0.46081074412575107,-0.09659134035763388,0.2534925260672551,0.2951767322000525,-1.471093215178287,0.41573567260935895,-1.1014535766428608,0.09659134035763388,0.46081074412575035,0.02029268250195297,1.2415090048625523,-0.09113678728281299,-0.806281790372998,-0.5795621844475838,0.2270552128845555,0.5138790966987595,0.8433273810784847,0.015758101167622184,0.11228645211844858,0.12408133374116129,-0.40538291333714505,-1.060883094792903,-0.8546384343020056,-0.3185222492974822,1.0276167615398821,1.0714264874841732,-0.8274130302866491,1
1.0072143259485644,0.15564000857606544,-0.4445202009343899,0.3052077222492148,1,0,0,1,0,0,0.07231042253712305,-0.4815291972268634,-0.20820817126385424,-0.3706781330291445,-0.23830059145869648,-0.08386172583404945,-1.2914132453010978,-0.5946719842798713,2.2799490992236064,-1.1594006730097872,0.26449161778590147,0.6756817836610458,0.041949019189138716,-1.3633567716375274,-0.04683298193216757,1.1035160999053053,-1.6211133663090815,-0.9072377576173998,-0.5702641928891875,1.4871304482518777,0.43349153179778593,0.7692897077928879,-2.00783953966776,-0.041192753035174244,-1.2295931476657787,-1.487130448251877,0.5702641928891868,-1.3166279713806959,-0.18442671521636386,-0.4277483349861756,0.17567624722125458,-0.4942207832702994,-0.844114576533476,0.2692014673650073,0.6218547041523672,-0.4183195767369984,0.43148036255562516,0.7690324818841089,0.1283252466639086,-0.944186652494511,-0.8969462205202018,0.728342674756924,0.10157064203873102,1.0575091904556744,0.3942885083473328,1
-0.6890029896291251,-1.0554449920826439,-0.8790386569529866,-0.13478617003801185,1,0,0,1,0,0,-0.2810198135785862,-0.3169725990516812,-0.09306953850744984,-0.41870605426809143,0.19286792820551132,0.07981080057355874,-0.4632049641928489,-0.28721417858371073,0.5174671608650404,-0.4985108744375603,-0.3144120323653202,0.20323258252590556,0.1687792443648706,-1.4272307949384637,-0.5102347094238645,0.5371536760009575,-1.6150727615543214,-1.3825164304788253,-0.21768276347888266,0.4930801176436278,-0.7819744153858159,-0.11693145727659025,-0.16760730267708415,-0.928022473579525,-0.9410071686659655,-0.4930801176436278,0.21768276347888196,-1.3444804850032512,-0.4846237089171882,-0.027453521501095285,0.2531992501892221,-0.42594766232847037,-0.5920746260821743,0.8401159358104279,1.0648000580046022,-0.35630847989348147,-0.9146852597229018,-0.482931511569848,-1.1808563082104715,-1.0738493661593913,-1.311562525458524,-0.9212626601166852,0.12214944469431245,0.4033962301162448,-1.0748462533011267,0
0.7502117023761872,0.0783367106616796,-0.15484123025532542,0.3052077222492148,1,0,0,1,0,0,-0.7983962307480176,1.1512443988010927,0.09882818275322415,-0.49798105679502797,2.1076124518177646,1.2702377549370916,0.48749133082202506,-0.7551388711670144,1.2738237322054657,1.2657795500965725,1.1864240672638118,2.119589184991784,-0.21228919500982776,0.826035140984995,0.9104017239869587,0.5587608492500542,1.8751581175357857,1.7252032158186517,1.3891927962267179,1.5130823449950297,0.1474960176342406,1.948472260747066,-1.1798589484670776,0.14938817968780144,0.14191576298077777,-1.5130823449950297,-1.3891927962267185,0.9672781456688292,1.0914105080121401,0.5729886987265271,0.795860270964994,1.605177685690913,0.06953024385249205,0.10608304780917345,-0.4855086804782194,0.8219023601333442,-0.16527347000083534,1.1863538130354276,-1.0987473605180025,-1.4498712357875443,-1.311562525458524,0.15732544345452057,-1.277209135885205,-0.8213259083916238,-0.7036964187794109,1
0.72451144001895,-0.41125084279609675,1.0038746524609323,0.3052077222492148,1,0,0,1,0,0,-0.44506599463230834,-0.203585543771962,2.1329440281163685,-0.7242330713062118,1.3192979647428265,0.4031311191328503,-0.15370589161124812,0.1347374075174323,2.8298801871449166,-0.21251034620065873,1.0199899122230485,0.8892755230132943,-0.722981315011585,-0.07695057579463205,-0.2727635869586186,1.213785403509445,0.07786446750749272,0.3318065747762468,1.2554872798984806,-0.032311248161722386,0.13684367524868518,-0.4581798938724923,-2.648803743865629,0.36429684079715263,-1.0020923015206133,0.032311248161722386,-1.2554872798984815,0.10385022336961848,-0.03432821836595151,0.764038496071679,1.338521291740765,1.3150169216881435,-0.40304466324369825,1.3294711944779316,0.7325910426154264,0.38782468222872474,0.3620903820258042,-0.17942508891434333,0.9266066825629212,-0.7496925819971905,-0.5725865261806978,1.9972698554289314,1.713576850059253,1.8693515171180877,0.5747085667953888,0
-0.9717058755587404,-1.235819353882877,-0.15484123025532542,-0.13478617003801185,1,0,0,1,0,0,0.3751649106363024,-0.5652611765103484,0.34189862968341117,-0.5552673724896755,-0.025158954729563525,-0.005603004191067395,0.46454320175017116,-0.7552088946204301,1.2565728802421006,-0.28663648429545163,0.019689275480444936,0.3012676629612604,0.19975995601034813,-0.1755934343568512,0.6227069596638523,-0.062112694763342254,-0.5349588517744327,-0.5788307867901066,0.08301123374971872,0.328563629361145,-0.8214095209240121,1.6603620708309077,-1.7801944908433354,-0.14322864200872967,-0.5907126254552387,-0.328563629361145,-0.08301123374971872,0.35452284597261524,1.5041813743507735,2.310632093627674,1.91348356375319,1.5454387048668132,1.487254965141063,1.8188264531454346,1.9506907657090713,2.00011320016017,-0.7481493064513315,1.6416134470186852,0.1785029369204177,-0.7885913960966542,-0.7869459763528921,1.267636726542527,0.2044646553166367,0.4033962301162448,-0.20882997275045564,0
0.3904080293748593,0.026801178718756015,-0.15484123025532542,-1.161438585374874,1,0,0,0,1,0,-0.6469689866984278,0.07552105383965442,2.3760144750465555,-0.7317555168014686,1.8485563387279258,0.6235971178185084,0.46402360356019856,0.4558359639202402,1.6088377037260075,0.4900325690622385,0.6925572277968527,0.5838973211640273,-0.4086429837059626,0.48407381712870823,0.39796627996728584,0.8026608611033538,0.8342753389795509,0.972514685133069,1.3891927962267179,-0.5814181964513455,-0.16155526193019482,-0.22697528301596995,-1.3927382802850474,0.16525075855317714,0.04911299061358399,0.5814181964513455,-1.3891927962267185,0.5494904413305014,0.491016520610491,0.33645085439443295,0.7183372679970265,1.0589927181562884,-0.24551969421163483,0.10608304780917345,-0.4855086804782194,0.38782468222872474,0.15392044043634126,0.19995793940503753,1.3827675030766426,0.3200248057380726,0.37228736602568263,2.3938095993889337,0.8218287349840708,0.5704037944582268,1.3994859768436472,1
-0.894605088487027,-1.3388904177687242,-0.4445202009343899,-1.8947617391869185,1,0,0,1,0,0,-0.6343500496942954,0.06098425188071606,1.877080399768803,-0.7103454796226609,1.6958676388971465,0.5958711707221376,0.6044228207479676,2.151423390677908,-0.031668044386909976,0.9718810412143034,-0.026716918405033922,-0.00356967954152855,0.22073175161740075,-0.1840172878127426,1.7525953511321588,-0.5772264297810559,0.759154837471681,0.31598547493605295,1.2465662665038717,-1.2411978630008915,-1.024332551305807,-1.1971845726941557,-0.5367656168626136,-0.5601836444431219,0.34323161710613465,1.2411978630008915,-1.2465662665038724,-0.3696425082138195,1.1664597564373458,-0.8371407578686448,-0.9742482968035945,-0.6649035856248688,-0.34003467563087314,0.5138790966987595,-0.04256332662598434,-0.9144083514851348,-0.8406692804910928,-0.9381911455531051,1.0178388466656656,0.5469345546516133,0.27356919818322456,2.1030137871515984,1.1648087792437567,0.5704037944582268,0.7809029193074537,1
-0.8689048261297889,1.4697960731206219,0.27967722576327125,-0.4281154315628296,1,0,0,0,1,0,0.33730809962390496,-0.5571205674133428,-0.34893316685501513,-0.2896671815417641,-0.5667016053524135,-0.2046037535117932,0.07266526407404261,-0.23189498674817613,-0.35393405924963217,-0.2769101590582299,-1.1944349218319614,0.4314144038690723,1.837522907364783,-0.9376651207521677,-1.141695150768486,-0.2630388783314189,-1.5626638656887388,-1.772189610455791,-0.4291756706205303,1.0140489972048288,-1.0379467590480669,-0.8254419922074845,0.21951101050506533,-1.175422979560877,-0.1773743289063627,-1.0140489972048288,0.4291756706205296,-0.9545452942874786,-1.1600669447440433,-0.5278220383574467,-0.5737127814690962,-1.1086788717467513,-0.6865896075014126,1.0032343553662626,1.397009073393778,-0.9764194483286528,-0.9424412519348303,-0.7105613285614767,0.2788583174334372,0.35244048415429274,-0.1607907403235886,0.728342674756924,-0.6186874509066087,-0.2089648391376897,0.16231986177126023,0
-0.6633027272718879,-1.158516055968491,1.4383931084795292,-2.334755631474145,1,0,0,1,0,0,0.40040278464456736,-0.5728203135289962,0.07324181991846762,-0.4852507644184396,-0.20516789015506842,-0.06552682533483652,1.6561069640399084,1.1238207423764077,0.2655060975602358,1.115287739594327,0.2789216062703634,-0.16319144023573823,-0.3667742983631586,0.9904227182629541,2.160252409882278,-0.7571587030823571,0.4287606967141764,-0.5039813721733938,-0.3305796915292576,0.10529125240634482,-1.3132383373175063,0.6216142037178863,-1.1238272063625705,-1.081530016447473,-0.854651466518894,-0.10529125240634482,0.3305796915292576,0.7723105503109431,1.7668537438389946,-0.3913578973966235,-0.7029177864157086,-0.5112890635057554,-0.37153966943728567,0.10608304780917345,0.2896456887631914,-0.4183195767369984,-1.1367331974183288,1.0346006017076752,1.127317443588959,0.28760912732185256,-0.1777138548108673,1.8386539578449304,1.3568776040291806,1.5724491805101195,0.904619530814692,0
1.0843151130202777,-0.7462318004251005,1.4383931084795292,-0.13478617003801185,1,0,0,1,0,0,0.24897554059497767,-0.5280469634954661,0.4570372624398156,-0.5778347089754458,0.10744117108233155,0.04045784340451634,1.1988651473812095,-0.12579420344874517,-0.3644243191356272,0.989764494713379,0.5829623932080916,1.7899223554298163,0.10198810758100804,0.38844493435181143,-0.6855746038335888,-0.31060089806719426,0.687187820765501,0.302527427123698,0.6399373556703797,1.8065585321570097,-1.2789215695497873,-0.5141370960723068,0.1860563042242501,-0.6557042982178899,-0.4625205119157801,-1.8065585321570103,-0.6399373556703803,0.8280155775560533,-0.25947596364157,1.5828233418366175,1.1447137843208466,1.4174266031008858,1.2037100208833493,1.0032343553662626,0.7325910426154264,1.5660355222555504,-1.2755131584779709,-0.7105613285614767,-0.8615437338508666,-0.6459624110652865,-0.8377153198147269,-0.7309235830158842,-1.1125787146405561,-0.4316415915936655,-0.5799798072721716,0
-0.8689048261297889,-0.2051087150244015,-0.15484123025532542,-0.4281154315628296,1,0,0,1,0,0,2.0408645951817888,-0.7274918863721004,0.5210031695267069,-0.5934582496194406,-0.5031741488122929,-0.10085504824795413,0.036854590943466554,1.3900372493430666,-1.1917645040284315,1.005044389776862,0.6525258727942913,-0.07454293091540999,-1.145904128809865,-0.28625841241852035,1.1286000420856583,-0.31591896457022617,-0.14110246738478346,-0.10819677506232091,-0.8195116582252774,0.7111140177770428,-0.3372732386557031,-0.777263001553609,1.311713909069805,-1.4976649218123903,-0.953948684771653,-0.7111140177770428,0.8195116582252766,-0.06326485836571254,1.5041813743507735,0.9914787310063841,0.6537347655237203,0.5640125913280355,1.0146800580448727,-0.01625576685770265,0.42806611184201476,1.6900577159425842,-0.44283339212011924,-0.8623145398892288,-0.5787240251323598,0.13201387092399572,-0.48232991558187904,-1.238494455284687,0.28677986593896093,0.7374113588002092,-0.7036964187794109,1
-1.305809286202831,0.23294330649045036,-1.6032360836506476,-0.4281154315628296,1,0,0,1,0,0,0.03445361152472564,-0.4774588926783606,0.44424408102243734,-0.5749414607080393,0.24599838625819043,0.07712764440294222,-0.12306774529571089,-0.36645232479760004,0.8521504148711405,-0.876978275272584,-0.23384710862372998,-0.2922657253733457,-0.6096607859263486,-0.9176778129499891,0.6436573620084476,-0.6141250368918625,-1.5258230462632805,-1.1682579392630361,-0.2971274843375756,-0.1039281697319839,-0.7458041623970089,1.1477691315713148,-1.7820546004202764,-0.32823894181705493,-0.8365638006342094,0.1039281697319839,0.29712748433757485,-1.0690500725135388,-0.01765060760479466,-1.505309625832379,-1.5283942069079532,-1.9108880428132304,-0.6655862782971376,-0.49201782389555315,-0.41783647363968324,-1.8583550478808943,-0.6648813298155464,1.1863538130354276,0.2514886682026129,-0.7367263106307022,-0.8038690908401701,1.2041903675089267,1.439192814651505,1.5167799923961247,0.10046155601764112,1
-0.9717058755587404,0.10410447663314094,-1.8929150543297122,-0.4281154315628296,1,0,0,1,0,0,1.031349634851191,-0.662948485674414,-0.5280377066983108,-0.1710440025780999,-1.1561201393732163,-0.37766732651655927,-0.7066520994078281,-0.7081083578183598,1.9937481103315373,-1.357695459607926,-1.3193474157913925,0.27952692383275735,1.5700669427259581,-1.4077527560672247,-0.22778972290406527,2.4946811785546865,-1.9248250411841852,-1.6890691890291192,-0.03566621970192337,0.41661470759684033,-0.42399302077162737,0.7437061997765836,-0.21860645946851998,-0.07446458715433003,0.06616894439665359,-0.41661470759684033,0.035666219701922665,-1.130944547230328,0.5660657690356972,2.629048422536261,3.969996559153436,2.526864818405591,-1.0856528623826396,3.3140786324072504,3.7040161247074996,2.00011320016017,-0.5261013687559044,0.4275877563966659,-0.6243401071837319,-0.6329961396987983,-0.6177148314801074,-0.15990635171348128,-0.12479618717266176,0.06938110143228039,-0.08511336124321738,0
-1.4343105979890196,-0.5916252045963298,1.0038746524609323,-1.8947617391869185,1,0,0,1,0,0,-0.81101516775215,1.5786263763938804,0.6361418022831113,-0.6125536881843231,2.6672473890085517,1.6874685394679616,0.5981257396898031,-0.5439045462646226,0.8249347190215154,-0.3501486124954163,0.3577774368658981,-0.7899757259252823,-0.9022135322324114,0.8391691303789176,-0.48777409086895324,-1.3681171765502278,0.3985901654257483,0.17931971688369017,-0.671183982935474,-0.41176056791003435,0.006779506412805529,0.25788468267425574,-2.502539218094541,0.8682633707865429,-0.29005738863481156,0.41176056791003435,0.6711839829354733,0.438080386840281,-0.7097714541928067,-0.9554096800346926,-1.4264658141167375,-1.2281568333949502,0.3215701943037938,-1.1988643086375024,-1.0945585420250417,-0.8523972546416179,0.3620903820258042,0.7690324818841089,1.473999667179387,-0.2958730841701091,0.05497896938921152,2.790349343348936,1.1305107748177878,0.9879227053131819,1.0128715658835263,1
-0.35489957898503444,-0.6431607365392533,-0.4445202009343899,-1.6014324776621007,1,0,0,0,1,0,1.4982503040040924,-0.6960923941407935,-0.24658771551598904,-0.3591051399595187,-0.8994177724032214,-0.257819684229021,-0.18230018822040017,-0.7612147680777096,-0.5426407569755405,0.3620130060804868,-0.2610279984547555,-0.7685985065040816,-0.4704878625913747,-1.178436481264464,-0.26402756712952735,-0.749510696705677,-1.3166232695554263,-1.4803781602205264,-0.9053494332772455,-0.15036214763897582,-0.9239869975868497,0.7802941376574548,-0.011377874294637174,-1.794597312350199,-1.1059519591368814,0.15036214763897582,0.9053494332772448,-0.9823978079100336,0.11577027848446049,1.2462117941332536,0.6020527635450756,7.593435579547688e-4,1.0776900456576979,0.758556726032511,1.4523772426253072,1.0079356506638961,-0.9146852597229018,0.5793409677244183,-0.3415203984652251,-0.2958730841701091,-0.9561771212256767,-0.0012904541294803558,1.1099319721622063,1.127095675598167,-0.5181215015185524,1
0.72451144001895,0.05256894469021735,-0.15484123025532542,0.5985369837740325,1,0,0,1,0,0,-0.6722068607066928,0.21216699225367497,-0.0035172685858019803,-0.4667339755070384,1.068105557046196,0.523873146810594,-0.31824971201444424,-2.2573999847832886,-0.22969333373947928,0.2899463572265256,0.5440346489261431,0.34251687694327826,-0.4732425057278015,0.5505880334394275,-0.11342162248871612,-1.4768349321870125,0.19944705547831898,-0.039331317357144416,0.0915777400728132,0.3763264807979944,0.9926750472448151,2.984729031493874,-1.1700781994359397,-0.1939305367361541,-0.7456710644053324,-0.3763264807979944,-0.09157774007281391,0.6609004958207222,0.04072103005925432,0.48201260475264507,-0.40574627503850064,-0.3064697006802721,1.5817699465603012,0.10608304780917345,0.06817301183707392,0.38782468222872474,0.3898463742377325,1.793366658346437,-1.4089367184673323,-1.6832641203843295,-1.633101700716815,-0.635754044465484,-0.5363722402842841,-0.4316415915936655,-1.6934293108373202,1
0.3904080293748593,-0.6173929705677911,0.27967722576327125,2.2118479221605303,1,0,0,1,0,0,0.021834674520593164,-0.4739700602082154,0.21396681550962854,-0.5211270429342795,0.12779997315491662,0.03822187992900256,0.20557975480622545,-0.39707762463601687,-0.16874516040020043,-0.04943380398212622,0.15640825430977084,-0.04174762737306091,-0.13295705224752918,0.0616867553749405,1.5501283989981858,-0.6333134919784479,-0.1447536608271558,-0.23325340007353995,-0.18963998474047816,0.13114384342216265,-0.2242269742863877,2.097886102338628,-0.4057386956545969,-0.07675337222090554,-0.43106493692914283,-0.13114384342216265,0.18963998474047747,0.10385022336961848,1.5417059985633763,0.20908432283099887,-0.1602567656399366,-0.20406001926752979,0.6051151385615076,0.758556726032511,0.954063719541543,0.5738579727592754,-0.1375174777889068,2.1727496866658176,0.3700904815361815,0.09311505682453199,0.05920974801103089,0.2524949820049213,0.9453015509175579,1.127095675598167,0.5334696962929761,1
0.10770514344524394,-0.7719995663965628,0.5693561964423357,-0.4281154315628296,1,0,0,1,0,0,-0.7731583567397526,0.8895819635402024,-0.579210432367824,-0.10739254069515815,0.9640064492997569,0.7671459729464926,0.00537355412712482,0.3548431721889416,-0.24979085662814576,-0.6510726067894763,-0.251044276843136,-0.7998112057072079,-0.12074955241651071,0.01721921141132792,0.9323612346470063,-2.039822380891663,-0.03098166626922821,-0.35169772816434963,0.11065768597424898,-1.2005960373670737,0.009733175333841597,0.4469856274260597,-1.7083523040217305,0.8488361981390791,-0.016994524112320292,1.2005960373670737,-0.11065768597424969,-0.20252742647848845,0.491016520610491,-0.8371407578686448,-1.6461143225259778,-1.5695224381040902,0.7626401075935709,-0.13859458152457876,-0.2086678343205727,-1.0384305451721696,0.05677446769459199,0.5034643620605421,0.23324223538206504,-0.7107937678977266,-0.36386811417093057,1.1724671879921262,1.0276167615398821,0.45906541823023866,-0.08511336124321738,1
-0.48340089077122306,0.4133176682906843,0.27967722576327125,-1.161438585374874,1,0,0,1,0,0,-0.785777293743885,0.9593586129431064,-0.2593808969333673,-0.33017265728545425,1.6105983312269954,0.9929782839733837,1.0021637276630853,0.11219042899464367,0.9205322171190661,0.4361752759162984,0.163454581232054,1.055162287381265,0.2841032341369568,0.07233729667674438,-0.8307400402487743,-0.23567139396952047,-0.5828968739119453,-0.581759322043102,-0.05671543019588151,1.4953651847184546,-1.321254484170516,-0.9862020202333,-1.4952254016903594,-1.1672352202819338,-0.7804737086583088,-1.4953651847184546,0.056715430195880795,0.04814519612450831,-0.7848207026180125,-0.04564874029587195,-0.1602567656399366,-0.3747428216220998,0.038025250046078915,0.18764225758709038,0.2342775195316623,-0.35630847989348147,-1.2755131584779709,-1.0140677512169813,-0.44187577897824326,-1.0997819088923677,-1.4131012123821949,0.9504049313745251,-0.8656330827735822,-0.26463402725168356,-0.6418381130257917,1
2.317927706167689,-0.17934094905293926,-0.8790386569529866,-0.8681093238500562,0,1,0,1,0,0,-0.29363875058271866,-0.31464671073825107,-0.42569225535928473,-0.24337520926326098,-0.16588951483980877,-0.05389981526216489,0.0024716549241955246,-0.687106388254242,-1.349599643212668,0.18585452549015596,-0.2527687949416132,-1.4821420259671858,-0.35600975619780445,0.12727042192449134,-0.7764598413637281,-3.322230729852227,0.9534084884485586,-0.4050196506341755,-1.052824935956895,-0.9772859963810728,0.12373020966646682,0.16523465740794244,-1.4935735646639041,0.6943060631923499,-0.0668110451460544,0.9772859963810728,1.0528249359568944,0.2152602778598393,-0.6347222057676005,0.391036510778763,-1.4781478160953823,-1.1086788717467513,2.495414766946269,0.10608304780917345,0.7325910426154264,0.7598912632898273,0.08453045990652028,0.12408133374116129,-0.07694712256726609,-0.8274902101961188,-0.5330992590437151,0.7600658542737248,1.0276167615398821,0.5704037944582268,-0.3944048900113141,0
-0.27779879191332196,0.4648532002336079,-0.4445202009343899,0.5985369837740325,0,1,0,0,1,0,-0.6595879237025604,0.11215379477617907,1.9282531254383162,-0.7143960271970299,1.7959589705875922,0.6383544767568993,-1.102957793359789,1.2530062861942426,-2.0045997131076847,-0.34299335046804924,-1.0270628831338615,1.557379054921882,2.2533875236346717,-0.7112293491360777,2.914593682819459,-2.06313298548655,-0.2579238317644941,-0.6339641051219398,1.2234273880116016,0.9106988955914741,0.8230376751394539,1.199985518216693,0.667105279678755,0.2076090319330061,0.7162894919189661,-0.9106988955914734,-1.2234273880116022,-0.5924626171942612,3.042690967067499,0.5002078235474204,-0.7158382869103699,-0.767313267037611,1.865314890818015,2.063504082479186,1.4523772426253072,-0.23228628620644656,1.0282341951120857,1.4898602356909325,0.7806352199985308,1.0396528665781584,1.0745966172477384,0.47455723862252236,-1.1948939252628807,-0.9883334727336057,1.1520527538291696,0
0.2876069799459088,-0.46278637473902035,-0.8790386569529866,-0.8681093238500562,1,0,0,1,0,0,0.36254597363216995,-0.5652611765103484,-0.11865590134220637,-0.4053971122380218,-0.3361162289790591,-0.12142591222268084,-0.16456962853501525,-0.5922144403162448,0.22409418020383864,-0.8772317085686965,-1.2068037563229879,-0.7289899139388205,0.6787406788224168,-0.945343461816272,-0.13742702900514248,0.07526183958692693,-1.3339127925067031,-1.6123633512543534,-1.3475953222069719,0.3422733367180179,-0.7157379738576947,0.6751615239783627,-0.2307133609774011,-0.13760164725947033,-0.005255003839429583,-0.3422733367180179,1.3475953222069719,-1.0102503215325889,-0.40957446049198204,-0.9008240236503626,-0.7287587874050313,-1.1598837124531223,-1.1906695084040155,-0.5463906304141645,0.06817301183707392,-1.4725082230767892,-0.6648813298155464,0.6552175733882943,0.06902433999712428,-0.06248019957332482,-0.11002139686175369,0.3476645205553221,-0.04248097655033679,0.1250502895462747,0.10046155601764112,0
-0.5605016778429365,0.928672987719922,0.5693561964423357,2.2118479221605303,1,0,0,1,0,0,-0.3062576875868511,-0.31115787826810587,-0.4768649810287978,-0.19418998871735144,-0.23279196385273812,-0.0892280381752825,-1.5517208548582584,-2.698677659189615,-0.007276294568248574,-0.7217845129664608,-0.012320928301065083,1.4499668062190794,0.6628336770588265,-0.2233896463565823,-0.21477778333585182,-1.0222878963005524,0.34701304997845767,0.41960539232542415,1.465333844976243,0.5242815205937548,1.9344973192346198,3.4888601112952866,-1.0173538082810674,1.3191765115882583,0.4256808062637454,-0.5242815205937548,-1.4653338449762439,0.35452284597261524,0.5660657690356972,2.5744627661519326,1.4677262966873774,1.5710411252199985,3.283039612106586,1.7372672433675176,1.009431888773073,1.6900577159425842,1.7776459848341521,3.2350221659600846,-0.02220782410562002,-0.5422322401333817,-0.025405824425361403,0.41111087958892223,-0.7833178721512579,-0.6543183440496418,0.16231986177126023,1
1.0843151130202777,-0.5400896726534062,-0.8790386569529866,-1.161438585374874,1,0,0,1,0,0,-0.7605394197356201,0.7907317102194216,0.16279408984011548,-0.5083967505576912,1.6938137303433574,1.0010277524852333,1.0752481552216133,-0.20384983247481153,0.871242781415334,1.5513339303412572,1.7732501362894717,0.41668809162670484,-2.057518242230305,-0.1228305144000185,-0.527064332972972,0.5858566290543039,0.5324725074745736,0.6658675137979774,0.4407888507730546,0.13114384342216265,-1.617889536998604,-0.24821118595216365,-0.6022886565990537,-1.5677614325704639,-1.6552219971844573,-0.13114384342216265,-0.4407888507730553,-0.45320004908148526,-0.8598699510432187,-1.410290149904103,-0.9484072958142716,-0.71610842633123994,-1.2536794960168407,-0.7910682597479163,-1.0391903727935126,-1.1004416420156866,-1.5530730805972546,-0.482931511569848,-0.8341740846200435,-0.9830854665939747,-1.4469474413567518,-0.5723076854318833,0.9453015509175579,1.127095675598167,-1.3222794763156045,1
-0.5091011531284612,0.33601437037629844,-1.8929150543297122,-0.13478617003801185,1,0,0,1,0,0,0.7411140837561441,-0.6338748817565374,-0.3617263482723934,-0.26362794713510607,-0.7780296720818008,-0.2837568605449808,-0.6784658226681204,-0.9665363395257912,-0.02122191268146226,-0.2890389899019263,0.4231562831325556,0.4071485616618696,-0.03969799679883448,-1.2350348588897528,-0.21228326642381073,-1.4648615721910732,-0.695840457729356,-1.3556249623022183,-0.30219600057873947,0.8550163918650929,-0.29060903692141876,1.1139407426045844,-1.4430335437667123,-0.2995104584409463,-1.8736278172582415,-0.8550163918650929,0.30219600057873874,-1.2052179168904753,-0.3345252120667762,-0.44594355378095224,-1.0905328012555453,-1.262293393865864,0.1325402314653172,0.8401159358104279,1.1201682272361313,-0.6043528672675491,-0.10976148557697851,1.413983630027056,0.8080048692293539,-0.1402778277722523,-0.24540631275998087,0.1890486229713212,1.1922471827845313,1.9621334973080773,0.5334696962929761,0
-2.0511168945627247,-0.9523739281967958,-0.4445202009343899,-0.4281154315628296,1,0,0,1,0,0,0.5896868397065544,-0.6094530544655209,-0.06748317567269331,-0.4314363466446798,-0.4064331004335459,-0.13528888577086623,-0.9964285793297808,-1.1171625180103022,2.057206345158377,-1.3764694287039063,-0.30634079422348043,-0.9070878225642663,-0.3275778271369491,-1.1469475951858399,-0.11674665491469671,0.17990751671711716,-1.178159772885992,-0.8443196992804088,-1.7990340422145463,0.5471004570796687,0.2395416722806982,1.4163863798212841,-2.6314802865660853,0.6912783326027235,-0.4260558170257381,-0.5471004570796687,1.7990340422145463,-1.1618917845887227,-0.351202822827933,-0.7673924191553354,-0.5665347256387286,-0.9626502519545076,-0.6305807296233447,-1.2169885774770395,-0.6023970377447808,-0.8937379858706291,-0.026493508941193386,0.8828473903799233,-0.8615437338508666,-1.929623276347602,-1.6161785862295364,0.7600658542737248,-0.37174181903963527,-0.15329565102369538,-0.76555472453303,1
1.2899172118781799,1.0059762856343069,0.27967722576327125,-0.4281154315628296,1,0,0,1,0,0,-0.6217311126901629,0.046447449921777705,0.06044863850108935,-0.4765710196162203,0.9388920132489426,0.40402550452305586,1.0696012526028678,0.7962298445067956,-1.4914119206003165,1.3814872441729076,0.11221434473752771,-0.35420955828031253,-0.30617963443595236,0.18616676502088383,1.0051738504024577,-1.3005844703359626,0.5807019642379823,-0.44677763391729264,-0.4019224822967764,-0.08447776675232606,-1.3012909406529083,-0.08588935230265327,0.7318480932562518,-1.290486013411851,-0.5820755452743699,0.08447776675232606,0.40192248229677574,-0.007559831120602114,0.641115017460903,-0.6369933511261053,-1.1551353037288514,-0.9038595089212672,-0.11949971898598452,0.02452383803125581,0.2342775195316623,-0.6043528672675491,-1.1644891896302574,0.12408133374116129,0.6529101902546883,0.9618552383792308,0.31305646532020776,0.2207718024881207,1.2745623934068555,1.3497724280541432,0.5953280020465953,1
1.0329145883058024,-0.5658574386248675,1.7280720791585935,-0.4281154315628296,1,0,0,1,0,0,-0.15483044353726144,-0.3925639692381606,-0.054689994255315046,-0.4412733907538617,0.09017389496787814,0.03911626531920807,0.025300649384925822,-0.6971241697133763,1.9563702256294662,-0.9506098105368066,-0.5524888324861265,0.9084074998141254,0.3825569417060042,0.7791650443694866,-0.3674300499775741,0.6941189046699306,1.1079376165834447,0.9190402167018302,0.9041108648182726,0.3422733367180193,0.7433513628564797,0.5887414426665006,-1.9769010786046932,2.382824500844283,1.6155264358512222,-0.3422733367180193,-0.9041108648182734,1.106540713781605,-0.03432821836595151,1.1097476531724306,1.3514417922354265,1.8270653287518537,0.06953024385249205,-0.13859458152457876,-0.5408768497097485,1.3179911348814817,1.0758158960468198,1.0129215715179964,1.1612036759699764,-0.19399523771913182,0.7409695030699637,2.9942840688140797,-1.0302635040182315,-1.0201444373701736,1.664593001502016,1
-1.0488066626304537,-1.3388904177687242,-0.15484123025532542,0.5985369837740325,1,0,0,1,0,0,-0.07911682151246661,-0.42338198939110994,-0.041896812837936774,-0.4447452886747494,0.031184257872474037,0.0180982086493786,-0.3536341851213237,0.2174415073746686,0.4964478161924458,-0.060220874837147394,0.19037698179677556,-0.07471181077241834,0.11324594423273181,-0.7374937713064792,-0.5112177197318039,0.3104925488081885,-0.3499435022025081,-0.2632569206264216,-0.7279513648365089,0.6200753015809853,-0.24515814384364376,-0.8105719819942577,-0.36664572807039003,-0.26564346970837915,-0.5045185444219137,-0.6200753015809853,0.7279513648365081,-0.9266927806649233,-0.8598699510432187,-1.455778196891044,-1.1034533017502068,-1.1598837124531223,-1.2536794960168407,-0.6279498401920818,-0.3747723420151606,-1.1624527388592034,0.005227625015296339,-0.5046105417595268,1.1221041770688014,0.7321670027442998,0.5717383581971791,0.8189803305192099,0.2632612343325826,0.6499312060496465,1.1343789521852785,0
0.8530127518051386,-0.41125084279609675,0.5693561964423357,0.3052077222492148,0,1,0,1,0,0,0.19849979257844777,-0.5187434102417455,2.1329440281163685,-0.7242330713062118,0.678970680659505,0.16075267838715732,1.7175907770678611,1.0317559837348997,0.9466546096196223,1.3224368272552383,1.7644957424634113,0.23801527363668082,-1.7752615847839939,2.293122119060299,1.7557745531340392,-1.4727884519475618,2.1492216646121496,1.5121433838496108,0.8164553486475558,-0.48512602890087175,-0.09709118397695916,0.3427789365947461,-2.774118923497629,0.34460457535797884,-0.8176171835831014,0.48512602890087175,-0.8164553486475564,3.1676267218506893,2.667444724941468,1.9194348895399813,0.6666552660183818,1.5881094054554559,3.0940096492681106,0.2692014673650073,-0.09793149585751397,2.4341908780647894,-0.05424950115312168,0.38964945356472797,0.19674936974096682,-1.300759115072932,-1.1084851516111824,1.6800380602609295,1.439192814651505,1.266268645883152,-0.1469716669968365,1
-1.2287084991311177,-0.7719995663965628,-0.15484123025532542,1.478524768348486,1,0,0,1,0,0,0.3499270366280375,-0.560609399883488,-0.2849672597681238,-0.3214929124832349,-0.49620818796233845,-0.18269131145175824,-1.846298201158261,1.1598677275826803,-2.120149745392152,-0.6671506080796453,-0.6414861726105818,1.0858711627083448,0.8248589579698968,-0.6923451733991957,1.4944299662657046,-1.4740440929691956,0.2253375212891459,0.10528329931907306,-0.40749033797582196,1.8851427108031094,1.8755394529859117,-0.09486772234236603,1.4170435702243402,1.1247182593528804,0.936752091851619,-1.8851427108031087,0.40749033797582124,-0.6760201580619267,1.3165582532877582,-0.12752722487236504,-0.8579637923516437,-0.7331767065666972,1.1722050270769362,-0.5463906304141645,-0.4301405112466897,-0.23228628620644656,1.1392581639597994,-0.482931511569848,-1.235595606672119,-0.4385020692014777,0.008440404549195996,-1.9681275841710915,-2.018046031486126,-1.712032918215528,-0.9511296417938885,1
-1.1516077120594044,-0.7462318004251005,-2.327433510348309,-0.13478617003801185,1,0,0,1,0,0,0.08492935954125552,-0.4902512784022264,0.4570372624398156,-0.5778347089754458,0.2153248024818682,0.06952536858619539,-0.022764448348670124,0.7496435033414998,-1.0901901042210698,-0.4704348810679161,-0.6020327841014317,0.5816855923088124,0.9194836554439394,-1.2557233618054482,0.3918776652829665,-0.6466362252276826,-1.1957496932142933,-0.8987148416363374,-0.403566325402019,1.1936019387174324,-1.2230494678020112,-0.6363347919549133,0.8405193490608924,-0.550157752673807,-0.09474801773906164,-1.1936019387174324,0.40356632540201826,-1.038102835155144,0.9413120111617277,1.555530513644453,0.9121447754169449,0.32505666803163763,1.7707999093987767,1.4925896140337656,1.9506907657090713,1.6280466190990672,-1.2200011740541141,-0.7864379342253526,-0.7611883533378483,-0.2569742700706454,-0.44848368660732285,-0.9212626601166852,-0.8656330827735822,-0.4316415915936655,-0.3944048900113141,1
-0.8689048261297889,-1.3131226517972627,-0.15484123025532542,-1.6014324776621007,1,0,0,1,0,0,2.0408645951817888,-0.7274918863721004,0.022069094248954552,-0.47252047204185127,-0.798098589625658,-0.19431832152442985,0.49495981705628006,-0.21354699143766118,1.2893691699119112,0.6852322187748995,0.9126745006271413,-0.5582787658869591,-0.9533755028848284,-0.2524724684343214,0.5349403848309472,0.6655184353074031,-0.39047521538192476,-0.005518328044739557,-0.47959406901947754,-0.28577009270635834,-0.9405211899418504,0.8289914817757392,-1.0938290042617491,-1.312893059525959,-1.1919091232098542,0.28577009270635834,0.4795940690194761,-0.03541234474315745,0.8662627627365218,0.9550882934168308,1.1963957862994923,0.9565830367435462,0.3215701943037938,0.2692014673650073,0.5664865349208381,1.6280466190990672,-0.9424412519348303,0.5793409677244183,-0.44187577897824326,-0.9052878383950472,-1.2946394109712458,0.3476645205553221,0.6160407084282594,0.514734606344233,-0.8892713360402683,0
0.72451144001895,-1.6996391413691911,-0.15484123025532542,-0.8681093238500562,1,0,0,0,1,0,-0.6722068607066928,0.21216699225367497,-0.19541498984647596,-0.3706781330291445,0.9012659350619028,0.4496391594235368,0.5429778251256414,-0.4198881473892485,0.16899991868536438,0.3171879313409193,0.15057045850522052,-0.272788035070873,-0.574542676180671,0.548964068342401,-0.3661181845131329,-1.5540258615331821,0.4899544337489335,0.17890605864904052,0.1590389773671773,-0.529783266025729,-0.20650545454158367,0.20954049956134901,-1.7926746715317734,0.05732999753230231,-0.021082025358329887,0.529783266025729,-0.15903897736717798,0.7723105503109431,-0.10937746679115769,0.8368193712507843,-0.18609776662925942,0.017827623793410803,1.9913348660436665,0.18764225758709038,0.12354118106860354,0.8839134569768611,-0.38732140769626244,-0.1035484832504671,-0.8341740846200435,-1.5276688639864726,-1.4131012123821949,0.7917890337905242,0.2044646553166367,-0.04195727479570725,-0.9511296417938885,0
0.2619067175886707,-0.4885541407104817,0.5693561964423357,0.3052077222492148,1,0,0,1,0,0,-0.20530619155379135,-0.37453833480907706,-0.8094876978806327,0.9573228217104129,-1.6739294488390202,-1.0278855051959643,0.18276711803819803,-0.4485244250041558,0.25053652350691635,0.8103938283657453,0.7121972411502183,0.8413376418923458,-0.27857997411870017,0.12656879673349847,-1.5238219185743727,0.31818355173167057,0.6329505423983446,0.4625201724025333,1.0967144819825039,0.05977612737849499,-0.12767607629559682,-0.9109174971085011,-0.022748036671595587,-0.46716685681327835,-0.47433036793822997,-0.05977612737849499,-1.0967144819825045,-0.11896988561082296,-1.535313186870074,-0.8644335860608106,-0.5866332819637576,-0.32353798091572933,-0.9071245641463012,0.10608304780917345,-0.3747723420151606,-0.790386157798101,-0.22078545442469194,-0.9381911455531051,-0.39625969692687113,-0.3477381696360611,-0.4992530300691578,-0.3819686083310823,0.03983423407198747,0.06938110143228039,-0.5799798072721716,0
-0.1749977424843705,-1.0039094601397194,-0.8790386569529866,-1.6014324776621007,1,0,0,1,0,0,-0.40720918361991093,-0.24719594964877709,-0.6175899766199587,-0.03506133400999707,-0.39436563716697975,-0.16301483286723703,0.39841439727015393,0.23848615463050649,-0.6371481262994653,0.6580461724242032,0.3430790798850331,-0.4926913817627059,-0.836578573068448,0.07888846117354271,-0.24066174914358823,-1.3938122585648929,0.7511599952498375,0.23102936844836922,0.8549852458654548,-1.5199362389813735,-0.47518049699570347,-0.5684193888185209,-0.5296440678759785,-0.14414053233735044,-0.22046439440758686,1.5199362389813735,-0.8549852458654554,0.10385022336961848,-0.18442671521636386,0.14540105704928116,-0.6124742829530796,-0.3064697006802721,1.109195039464111,0.8401159358104279,0.4557501964577793,0.015758101167622184,-0.4150773999081907,-0.482931511569848,0.19674936974096682,-0.11434528503927678,-0.1607907403235886,0.506280418139323,1.8507688677631275,1.0714264874841732,-0.7036964187794109,0
0.46750881644657266,-0.46278637473902035,0.5693561964423357,-0.8681093238500562,0,1,0,1,0,0,1.9146752251404642,-0.72051422143181,-0.11865590134220637,-0.4053971122380218,-0.8828931976372159,-0.24082636181511632,0.9844638818372422,0.6145719234711888,0.3495123560109967,0.6782158594557813,0.7361806856627124,-0.6510647522151135,-1.3005288453208348,0.5490585307892282,1.244831374260398,0.3991769112076202,0.4083864528839003,0.8617899981054274,-1.4375436385994584,0.5377636082882545,-0.8203081775974292,0.40352549162229734,-0.07666080011117138,-0.5112768553245132,-0.11570074718381633,-0.5377636082882545,1.4375436385994576,0.8651522623861272,1.6918044954137887,1.127942871967207,1.1920889528012713,1.3320852019236007,0.9621717350341845,-1.4435419379712537,-1.0945585420250417,1.586705887870056,-0.6648813298155464,0.6552175733882943,0.7441423543574326,0.585833368751077,0.3299795798074865,0.886958572340925,0.28677986593896093,0.6260729825722207,0.904619530814692,0
-1.7170134839186342,-0.5658574386248675,-0.8790386569529866,0.5985369837740325,1,0,0,1,0,0,-0.7479204827314877,0.671529934156127,-0.3233468040202586,-0.3070266711462027,1.168174353873405,0.75373019209341,0.2191166435030971,0.44984638351006706,-0.2252778634116637,0.44666094029379494,-0.005992701817818308,-0.3641077390359099,-0.6274817271894085,0.1530829288065384,0.2967193046849097,-1.3650382284361873,1.157717921301536,0.6385489337492344,1.205075863690145,-1.6917790986932637,-0.1517283679392054,-0.3201813931542884,-1.0637693896566243,0.5445631588882235,0.6312095562023258,1.6917790986932637,-1.2050758636901457,0.24311279148239442,0.41596727218528484,0.4001341201761507,-0.40574627503850064,0.0519641842643253,1.424244977528238,-0.13859458152457876,-0.6516131881728072,0.20179139169817292,0.3065783976019474,0.27583454506891375,2.0031462189753038,1.0007540524786946,1.1930584186586881,2.948965240932937,1.5215080252738291,0.6817421706862145,1.1520527538291696,0
0.33900750466038404,1.0832795835486928,-0.15484123025532542,-0.8681093238500562,1,0,0,1,0,0,-0.34411449859924853,-0.2675474723912908,-0.7839013350458762,0.7895144222008392,-1.2434645926917873,-0.8159161677172588,0.007552011968072489,1.0022852815667664,-1.5364636726738625,-0.5640739890608398,-1.845522556191172,-0.6395980444796046,1.5629883447126942,-0.20110340567138993,0.7208543241068099,-1.4106832299331649,-0.16687858649783913,-1.698262175507301,-1.0117882743416888,0.13114384342216406,-0.2114414098956619,-0.6535319662406871,0.6827967120721282,0.5965536184415329,0.7412472348252486,-0.13114384342216406,1.0117882743416882,0.0759977097470634,1.1664597564373458,1.2098213565437015,0.17567624722125458,0.10316902497069583,0.5736101447550955,1.0847935651441794,1.9506907657090713,1.069946747507413,-0.49834537654397587,-0.9381911455531051,-1.317704554364588,-0.8274902101961188,-0.5669454880182719,-1.238494455284687,-1.0302635040182315,-1.0996718489615938,-0.76555472453303,0
-1.3315095485600683,0.7482986259196881,0.5693561964423357,-0.13478617003801185,1,0,0,1,0,0,-0.028641073495936725,-0.449548232917199,-0.822280879298011,1.1482772073592382,-2.0258063361317347,-1.2331469522481289,-0.48207636956966915,-1.335525809999536,-0.5950841019235394,-1.1896147305092017,-1.3445626127387853,-0.9453291394776165,0.5276818947230214,-0.164646929598661,-0.8455437308537875,-0.24252449228528383,-0.26376418575430416,-0.4522171765217846,-0.24010667662448162,-1.0511813190346222,0.5058256548472269,0.9860039391458801,0.5697861769910649,1.3455487018700842,1.3064951918697099,1.0511813190346222,0.2401066766244809,0.0759977097470634,-0.5596729573423944,1.0369667779933252,0.734487893615353,0.5853479416223567,0.6996301199807459,0.3915402820318834,0.5664865349208381,0.9924328764530166,1.1670141561717275,1.9451198696741894,2.2768427112835368,2.3103474604939858,2.9022929818738126,1.2359135470257274,0.7806711296729086,0.29205785388825667,2.203643951640699,0
-0.04649643069818187,0.8513696898055362,-0.15484123025532542,0.5985369837740325,1,0,0,0,1,0,-0.7100636717190902,0.3575350118430585,0.188380452674872,-0.5136045974390228,1.3738034736029834,0.6718939288896059,-1.7142557050187963,-1.6615054227702024,1.2534240502379619,-0.7917858251799927,-0.5850250811122764,0.2151019740939314,0.5287084245900937,-0.23069585722038752,-0.3959388594891724,-0.14629851387220005,0.8273106799751794,0.6887848235171012,0.7646392799752116,-0.4649864905896614,2.153205705111134,1.883825478100604,-1.8604885640962059,1.8899986764991161,1.4330255766903472,0.4649864905896614,-0.7646392799752123,-0.3139374809687093,-0.4846237089171882,-0.4095531161914002,-0.4186667755331612,-0.08458205761933026,-0.11949971898598452,-0.30171300108041293,-0.6516131881728072,-0.5423417704240322,3.137689603218643,3.007392348968456,2.2221034128218906,0.6376984542170299,1.4299820214805863,4.027553344504143,0.12214944469431245,-0.09762646290970158,2.884085314930511,1
-1.2287084991311177,0.38754990231922204,-0.15484123025532542,-0.13478617003801185,1,0,0,1,0,0,0.3499270366280375,-0.560609399883488,-0.6687627022894718,0.07777534841885421,-1.2193995624888543,-0.49125427107265895,-0.9656135488767887,0.4953004067546755,-1.4259310914167955,-0.7666263894378517,-0.7577468542664987,-1.0432159528026856,0.29839172656812313,-0.7405727369210467,1.317381810040075,-1.0693660418719297,0.337203873566111,0.45725380753172834,-0.20147967785109497,-1.2229970446133172,0.6027375925240822,0.6399088253164645,0.8746858281277344,1.370028382326484,1.4315273677522946,1.2229970446133172,0.20147967785109425,-0.6203151308168162,1.4666567501381707,0.5093054329448095,-0.1602567656399366,-0.01630893667750248,1.6132749403667133,-0.46483142063624716,-0.4301405112466897,0.44983577907224165,0.77843026520473,0.8828473903799233,0.7076494887163344,1.0915179520441112,1.6669056243024845,-0.033013633646279864,-0.12479618717266176,-0.6543183440496418,0.9664778365683122,0
-0.894605088487027,-1.158516055968491,-0.4445202009343899,-2.334755631474145,1,0,0,1,0,0,-0.6343500496942954,0.06098425188071606,0.07324181991846762,-0.4852507644184396,0.9878796458549773,0.42191321232716605,0.6735467760747909,1.4879486308162184,-0.14445178938882217,1.3796265883526317,0.8134922880701287,0.8239708337617405,-0.5586932215254438,-0.3002643027688807,2.4099759673823478,-0.7981972804968884,0.8014943429156381,0.3077953800185461,0.6912331826893902,0.43824128821613356,-1.2366037414987736,0.3720048272886865,-0.6046408537889841,-1.069038444243027,-0.7570775349824762,-0.43824128821613356,-0.6912331826893908,-0.3696425082138195,1.9920014891146134,-0.38226028799923456,-0.7158382869103699,-0.3918111018575571,0.16404522527173035,0.10608304780917345,-0.2086678343205727,-0.35630847989348147,-1.0257092285706153,0.8828473903799233,1.4375068015382888,0.8451587960808378,0.31305646532020776,1.6800380602609295,1.1922471827845313,1.6281183686241134,1.5850608941045057,1
-1.305809286202831,-1.4419614816545723,-1.6032360836506476,1.0385308760612593,1,0,0,1,0,0,0.03445361152472564,-0.4774588926783606,-0.8350740607153893,1.5735847026679852,-2.3422326148493418,-1.5832988325135857,-1.4246632117755087,1.4660358602183503,-0.055800884213887944,-1.4502511213622655,-1.1361816781038605,0.7904642202488902,1.6012146655531343,-0.9412563560136629,1.223618422971989,-1.4139654359156686,-1.076115098361127,-1.133036911650208,0.3871222082195544,0.6941558255444445,1.0405366156781632,-0.7863861519530085,-1.344617222727372,0.8921383918547139,0.37090181064328864,-0.6941558255444438,-0.3871222082195551,-0.8988402670423681,1.0914105080121401,-0.082039177885424,-0.7933612898783374,-1.1257471519822078,0.8256500952063961,0.9216751455883455,0.7879592118469556,-0.6043528672675491,1.0004782029001573,-0.7105613285614767,0.11464042204849642,-0.6070635969658218,-0.24540631275998087,1.0772976494417266,-1.0302635040182315,-0.8769950965056176,0.16231986177126023,0
0.10770514344524394,-1.6996391413691911,0.5693561964423357,-0.8681093238500562,1,0,0,0,1,0,-0.7731583567397526,0.8895819635402024,-0.19541498984647596,-0.3706781330291445,1.530257293007627,0.970618649218246,-0.10064832895205268,0.6477423981861005,-0.09366402080681839,-0.26328068785502035,-0.6271257952222051,-0.904166264777079,0.1334633851291982,-0.3318645117324679,1.2950497895554076,-1.8997621720725937,0.1622426310437405,-0.34753417077540166,-0.3305796915292576,-0.9053100327574869,-0.19164115842300383,0.40830568011512497,-1.7810359163613274,0.51655223952855,0.47599477215532054,0.9053100327574869,0.3305796915292576,-0.20252742647848845,1.4666567501381707,0.5547934799317504,-0.5866332819637576,-0.4942207832702994,1.7707999093987767,0.10608304780917345,0.2896456887631914,0.3258135853852078,-0.24854144663662048,0.27583454506891375,-0.2685346671830286,-1.112748180258855,-0.8715615487892844,1.489698983160128,0.2044646553166367,-0.2089648391376897,-0.332546584257695,1
-0.9974061379159777,-0.4885541407104817,-1.6032360836506476,0.3052077222492148,1,0,0,1,0,0,-0.596493238681898,-0.03786600144006476,-0.8094876978806327,0.9573228217104129,-1.03699098643529,-0.7689609347314696,-0.29421414679449726,0.3672154448430234,-0.6849294505924316,0.2811611331672938,0.1476394534807909,1.227803794553381,0.8287954386867152,-0.42964763639998116,-0.8430620877255903,-0.2866587645586257,0.17316305458716677,0.13297930401770205,1.7914998543667704,-0.1022098070627286,-0.020186922822998537,-1.3485758145904154,0.6482570911167214,-0.20812503116432088,-0.06211011225780913,0.1022098070627286,-1.791499854366771,-0.3417899945912644,-0.7097714541928067,0.34554846379182197,0.13691474573727128,0.20557870638343811,0.5106001571422693,1.9819448727012692,1.0648000580046022,-0.4803306735805153,0.0012624832707351544,-1.2416975682086098,0.12376363845877164,0.4432043837197094,0.3299795798074865,-0.4136917878478824,0.36909507656128593,0.3477270420022505,0.10046155601764112,1
1.0843151130202777,-0.46278637473902035,-0.8790386569529866,-0.8681093238500562,1,0,0,1,0,0,-0.7605394197356201,0.7907317102194216,-0.23379453409861076,-0.36199838822692515,1.3711220965454298,0.8878880006242363,0.21334304496712314,-0.5703888035744126,1.3887796967620323,0.4847704179197071,1.336007739333616,0.31872100647059126,-1.2213341996276132,-0.18669647197400963,-0.4597718170994893,0.7300477562665162,0.5717695375267261,0.8028103745010425,-0.31054414497595056,0.7426913412446393,-0.48320361239132675,0.3222872201311799,-1.164880780358308,-0.08793667391178134,-0.9530874170621174,-0.7426913412446393,0.3105441449759499,-0.48105256270404034,-0.7848207026180125,-1.3193140559302208,-0.806281790372998,-0.5624939042121272,-1.222174502210428,-1.0357458890816678,-1.0391903727935126,-0.728375060954584,-0.47058938433204756,0.27583454506891375,-0.058700689746716966,-0.6459624110652865,-0.6346379459673855,0.12560226393772106,0.4514102871836102,0.9600881112561845,0.16231986177126023,1
1.0329145883058024,0.7482986259196881,1.7280720791585935,-0.13478617003801185,1,0,0,1,0,0,-0.15483044353726144,-0.3925639692381606,-0.822280879298011,1.1482772073592382,-1.913965681136189,-1.1893220681280587,0.2729868813925356,-0.5342454968811126,0.2542872104962515,0.08096061563573353,0.11499409089812769,-0.13096765135452249,-0.3921904708436166,0.7388350034016429,0.15637004929347756,0.8265588449737062,1.080795498058583,0.9750360063196015,0.6912331826893887,-0.8641809106868654,0.3586403261577998,0.8899167933598477,0.48299279074709256,0.962325746346257,0.802434934697131,0.8641809106868654,-0.6912331826893894,1.5521809317424884,1.0163612595869336,2.538072328562379,2.721014844669517,3.2095960278238715,0.8886600828192224,0.4323198869208419,0.12354118106860354,2.806257459125893,1.1670141561717275,2.096873081001942,2.8880982107719237,2.7900995010540433,3.173062813670267,1.489698983160128,1.1922471827845313,0.793080546914203,2.6985103976696543,1
0.3904080293748593,-0.05050211919562982,-0.15484123025532542,-0.13478617003801185,1,0,0,1,0,0,-0.6469689866984278,0.07552105383965442,-0.7327286093763631,0.35842043035727916,-0.27820839517963436,-0.21891391975508134,0.7179164848496704,0.6444238719152794,0.3498389715654639,0.37186004641540604,0.3210906981822004,0.535378983258151,-0.012196909408700506,0.7743888083202014,0.5707324632294489,0.9395957618158526,1.201072337011897,1.3838881418831859,1.205075863690145,-0.4649864905896614,-0.22452017527986654,-0.3127447354304856,0.46596153255018924,0.6886038372485516,0.9336637852143134,0.4649864905896614,-1.2050758636901457,0.8837206048011639,0.7161642658861095,0.48201260475264507,0.9250652759116064,1.434494883336343,-0.18250970659880966,-0.13859458152457876,-0.6516131881728072,0.6978801664463103,-0.3040534310604773,-0.4070549059059717,-0.3871364805165972,-0.10137901367278856,0.17767154942198057,-0.3185222492974822,-0.7833178721512579,-1.0440026608476,-0.3944048900113141,1
-0.894605088487027,-1.4419614816545723,-0.4445202009343899,1.0385308760612593,1,0,0,1,0,0,-0.6343500496942954,0.06098425188071606,-0.8350740607153893,1.5735847026679852,-1.3801488435131979,-1.169198396848435,-0.8414519991153481,2.8144525171897157,0.34585331108844636,-0.21786365780724007,-0.17444133524890046,0.9513903499373711,0.7103558155069724,-0.10755227302916942,2.7476280529559247,-0.918311079881152,0.7815788828982776,0.26797421123636406,0.8111642712127044,0.4930801176436278,1.0625945240217105,-1.1104109393383599,-1.3956071361100382,1.0693199876000234,0.4884069395805001,-0.4930801176436278,-0.8111642712127051,-0.09111737198826762,2.5923954765162622,0.07262018187017576,-0.4186667755331612,-0.10165033785478751,0.6051151385615076,0.4323198869208419,0.06817301183707392,0.015758101167622184,1.0282341951120857,-1.0140677512169813,0.13288685486904556,-0.62002986833231,-0.194636969298146,1.1407440084753266,-0.8656330827735822,-0.7656567202776299,0.2860364732784985,1
-0.894605088487027,0.38754990231922204,-0.4445202009343899,-0.13478617003801185,1,0,0,1,0,0,-0.6343500496942954,0.06098425188071606,-0.6687627022894718,0.07777534841885421,-0.05378421060874626,-0.013205280007814225,-0.5855383647649912,1.556648127360193,-1.7043832419978164,-0.43125584239066145,-0.9959999033545041,-1.0450785574027284,0.7744919299553452,-0.15929198415381252,2.442189221533214,-1.0947411825007518,0.6439041227254616,0.26344688386918264,0.5745878774132874,-1.995231767628944,0.6550426761036302,0.30998314313760356,1.2298396770115199,1.2210831265717463,1.5520532607400772,1.995231767628944,-0.5745878774132882,-0.03541234474315745,2.5923954765162622,0.527500651739586,-0.1602567656399366,0.10316902497069583,1.2352150146897614,0.4323198869208419,0.17890935030013266,0.5118468759157585,0.8616982418405155,0.5793409677244183,0.7988816528190786,1.3767759221068474,1.8869061126371052,-0.09645999267988113,0.03983423407198747,-0.7656567202776299,0.904619530814692,0
-0.894605088487027,1.0832795835486928,-1.8929150543297122,-0.8681093238500562,1,0,0,1,0,0,-0.6091121756860305,-0.026236559872914074,-0.7839013350458762,0.7895144222008392,-0.7344913508946546,-0.6303311992496157,-0.38640144039232277,0.5459040103153291,-1.5396207613104582,-1.6660923807830599,-2.026184135210429,-0.30472337571402247,1.687963529314042,-0.7977787555735213,-0.4745960125005583,-0.37292801244065843,-1.085053553044036,-0.8032140437662536,0.12645565867397954,-0.5410235229891278,-0.2598305237092112,-1.22471025303893,1.729956470849769,1.174862789759317,1.8499564292872617,0.5410235229891278,-0.12645565867398026,-0.48105256270404034,0.04072103005925432,1.8193611861687105,1.2997597902567817,0.7176271134471482,1.7077899217859516,1.4925896140337656,1.5631135810883663,1.3179911348814817,-0.27629743884854874,-1.1658209625447336,-0.11343998820836432,0.7803274392483975,1.2607508766078017,-0.826093121566285,-0.8656330827735822,-1.1553410370755877,0.904619530814692,0
-0.14929748012713334,0.2587110724619126,0.27967722576327125,-0.4281154315628296,1,0,0,1,0,0,-0.15483044353726144,-0.38616777637622773,0.41865771818768077,-0.5743628110545581,0.39432128395322985,0.14688970483897193,-0.23150306586069727,-0.5877797388141549,1.7597911191974667,-0.19003698132174837,0.27822059820241984,-0.28479896516871184,-0.8639879914195101,-0.95740290206674,0.610550954990824,0.7049908400680024,-0.8341277606265732,-0.5461506693019375,-0.18963998474047816,-0.20034919278067423,-0.6347150505220293,1.4183826814353615,-1.6972456080834928,-0.5703791073205834,-0.89491023275634,0.20034919278067423,0.18963998474047747,-0.7317251853070371,1.0914105080121401,1.318992669312359,1.5452492996553449,1.0589927181562884,0.3215701943037938,0.758556726032511,0.954063719541543,1.13195784435093,-0.44283339212011924,1.793366658346437,0.9357298989731951,-0.1921429132382052,-0.39771434314548676,1.8069307783281299,2.0153992890077768,2.073471873536065,0.8427612250610729,1
-0.38059984134227254,-0.4370186087675581,-1.168717627632051,-0.8681093238500562,1,0,0,1,0,0,0.7158762097478791,-0.6327119375998222,-0.31055362260288033,-0.31859966421582847,-0.7031388941910095,-0.24037916912001359,-0.22881448402139704,-0.7036111295869981,0.5485185728974644,-0.6561540151875604,-0.20128343081489508,-0.3982141290982097,-0.02807574944573329,-0.8330623846447491,-0.6010295407846791,-0.25430244072150104,-0.8817476518271049,-1.2325628411689025,-0.67984341407292,0.13114384342216406,-0.5142140090684889,0.3636301568559193,-1.0053926927230177,0.012095865106744368,-0.9416793974007286,-0.13114384342216406,0.6798434140729193,-0.8789456144548287,-0.7204927753964075,-0.6330943756700818,-0.6567731417919188,-0.9355577436442585,-0.7405981683124055,0.36241199282548453,0.8037786887702496,-0.834679798400613,-0.3318094232724056,0.6552175733882943,0.853620951280726,0.14498014229048395,0.1438253204474232,0.5697267771729232,1.6861384465184783,1.9621334973080773,0.8427612250610729,0
0.4932090788038099,-0.4885541407104817,0.27967722576327125,-1.8947617391869185,1,0,0,1,0,0,0.021834674520593164,-0.4716441718947853,0.7256940722047591,-0.628177228828318,0.38417573274661515,0.12274129930342319,0.7778478892015477,0.5189437460687087,-0.26840767981485586,1.0022407649412355,0.24526522446170124,0.5688050847023334,0.13364687103075623,-0.011044341850479627,0.11519915605131201,-1.3935370049147422,0.2747451602114732,-1.1835926553730878,-0.27639264516917894,1.049905154907421,-1.0926518010973219,-0.5968625918414547,-1.0334480077254797,-1.081530016447473,-1.4744046642552227,-1.049905154907421,0.27639264516917894,-0.06326485836571254,0.04072103005925432,-0.18211288125669506,-0.8579637923516437,-0.71610842633123994,-0.18250970659880966,0.758556726032511,1.009431888773073,-0.5423417704240322,-1.0257092285706153,-0.5588081172337243,0.0051618251252043045,-0.5292659687668935,-0.8884846632765624,0.2207718024881207,0.4514102871836102,1.1827648637121608,-0.023255055489598248,0
-0.9460056132015023,1.109047349520155,-0.15484123025532542,-0.4281154315628296,1,0,0,0,1,0,0.5013542806776271,-0.5914274200364373,0.39307135535292426,-0.5726268620941142,-0.06295604832164671,-0.012310894617608715,-0.16722316613882804,-0.9913371467495207,0.9371230644681766,-0.5620500624406015,-0.2318157638089573,0.33755140119769955,0.6471459932433146,-0.3121468370318925,1.4431124977483412,-0.14645008147998065,-0.3848789022840136,-0.9863301162398079,-0.2548898489945435,0.7131765006161427,-0.07936555846902554,2.80631976545197,-1.4282468312318573,0.3776540427242561,-0.6615875385758597,-0.7131765006161427,0.25488984899454276,0.1317027369921738,2.367247731240644,2.0468014211034156,1.6356928031179738,1.3662217623945152,0.7626401075935709,1.7372672433675176,2.1167952734036595,1.752068812786101,-0.026493508941193386,2.7797625319768278,0.24236545179233895,-0.5551985114998699,-0.38079122865820925,0.5697267771729232,-0.12479618717266176,0.23638866577426285,0.10046155601764112,0
-0.14929748012713334,-0.4370186087675581,0.5693561964423357,-0.8681093238500562,1,0,0,1,0,0,0.47611640666936217,-0.5896830038013647,-0.23379453409861076,-0.3388524020876736,-0.5067000123967623,-0.1916351653538133,1.2232175890630292,-0.7579430827168627,-1.1958406825301207,0.29942787191208947,-0.5096170153149049,0.2147688573051082,0.4613448885735457,0.8600625424542482,-0.5457689961022785,-1.4299139478374403,0.17577548349518568,-0.706465438876048,-0.24687185720061178,0.5377636082882545,-0.8415494753973342,0.4935612681848716,0.19782865671748331,-0.2302117769509292,-0.027198919827612314,-0.5377636082882545,0.24687185720061106,1.422202534837231,-0.05934463450768712,1.7496128474553996,0.5675980955593125,0.6209068587795592,1.854813226215878,1.2750983879593196,1.5815696374988761,1.7934095440151123,-0.6371253376036178,0.8828473903799233,1.0908245779478607,1.0396528665781584,0.8715192434003977,0.728342674756924,0.28677986593896093,0.6260729825722207,1.3376276710900281,0
0.5960101282327613,-1.2873548858258006,-0.4445202009343899,-1.6014324776621007,1,0,0,1,0,0,-0.25578193957032125,-0.3373241217941949,-0.029103631420558513,-0.43664419352601136,0.21629663437875657,0.07802202979314772,-0.24039622200000405,-0.95786969687576,0.9063679646161594,0.402929254311775,0.5938343361296013,0.19814613243229665,-0.30364283854410806,-1.3136061388579603,-0.38420502433380704,-0.12386480623256395,-0.4778460011683871,-0.5980400017046844,0.14025565247345223,0.13114384342216406,-0.9782629776139712,0.9298180606063057,-1.3635075559241936,-1.0181553427863934,-1.3558833832012391,-0.13114384342216406,-0.14025565247345292,-1.2052179168904753,-0.25947596364157,0.36374368258659734,0.24027874969456073,0.03489590402886805,0.1325402314653172,0.8401159358104279,0.8433273810784847,0.2638024885416898,-0.9146852597229018,0.8828473903799233,0.041654690766301246,-0.671894953798262,-0.9900233502002335,0.6014499566897238,0.6983559190505837,0.848749735028197,-0.3944048900113141,0
-1.691313221561397,0.49062096620506923,-0.8790386569529866,0.5985369837740325,0,1,0,0,1,0,-0.24316300256618875,-0.34023148218598254,1.1606622403956202,-0.670418653532452,0.786826472279402,0.25645191513914684,-0.49007855623573676,-0.5746413313447408,-1.524458275385521,0.12812597031488576,-0.15487375587961325,1.2646280806631844,1.0555351545863096,-0.30266971071741694,0.2523814067244156,-1.703378028440933,0.31820007155279667,0.22983132450165708,0.633698674005907,1.0963072413460702,0.3790421535801778,1.0415434140952982,0.3722548866742283,0.14243182413798616,0.4257290230734158,-1.0963072413460702,-0.6336986740059076,-0.3139374809687093,0.19081952690966666,-0.10933200607758836,-0.9613277963089331,-0.801449827508525,1.4557499713346498,0.5138790966987595,0.2342775195316623,-0.10826409251941274,0.7189531390363123,1.554897326259969,1.2785021726735066,1.3063875918316266,1.2970146933662556,0.864299158400353,-0.9126703459863393,-0.5429799678216537,1.5762239932825601,1
-1.6656129592041589,-0.17934094905293926,0.27967722576327125,0.5985369837740325,1,0,0,1,0,0,1.0187306978470585,-0.6600411252826264,-0.06748317567269331,-0.4140768570402411,-0.5795894626389703,-0.18761043109788852,0.4667484715665701,0.5493513792952895,-1.6586234461442935,0.9384041593349919,1.7362094760981046,1.221608621566578,-0.5465583030805731,-0.4521698074098658,-0.0418326836379485,-0.8746063757779661,0.1746296813425466,1.2595291600078204,1.7556215933338128,-0.07507566165750797,-1.1008278554405075,-0.7959090724989948,1.388498754154089,-1.0945636757475818,-1.0274722741734015,0.07507566165750797,-1.7556215933338135,-0.6667359868544083,-0.43459087663371765,-1.2222728890247456,-1.4135453136220761,-1.2850511008464733,0.6996301199807459,0.5954383064766764,-0.17175572149955282,-1.307145298160744,-1.053465220782544,-0.7864379342253526,-0.17730250308028428,0.5469345546516133,0.04228663352375219,-1.4605567119022886,0.8629863402952329,0.9044189231421907,-0.5799798072721716,1
-0.09789695541265715,-2.034620098998195,1.0038746524609323,-0.4281154315628296,1,0,0,1,0,0,1.1701579418966481,-0.6763223434766373,0.3035190854312764,-0.5633684676384135,-0.378648052387046,-0.08475611122425496,0.00870302931454311,0.5651333698524891,-0.02525629664532568,-0.4556160440216423,-0.3828355650235159,0.04916612866365532,0.6130360282703732,-1.265761348816841,0.5663942617924124,0.19795817974576715,-1.794874181541345,-1.510545207129573,-1.5144873791279718,1.56910687884258,-1.2768355998438383,-0.20826194794371172,0.233455083235527,-1.164258632364329,-0.9770484067218241,-1.5691068788425793,1.5144873791279712,-1.2330704305130304,0.340918023760079,-0.45504116317834126,-0.28946177058654887,-0.9550643496276378,-0.5920746260821743,-0.13859458152457876,0.7325910426154264,-0.4183195767369984,-1.192245181842186,-0.17942508891434333,0.05990112358685037,0.1709126850234604,-0.3130987707090945,-0.2550758902638815,-0.5363722402842841,0.23638866577426285,0.10046155601764112,0
-0.9460056132015023,0.18140777454752677,-0.8790386569529866,-2.334755631474145,1,0,0,1,0,0,-0.4198281206240434,-0.24894036588384968,0.9175917934654332,-0.6449580687792753,0.9352804392828588,0.3069846896857581,1.0105661908001904,1.5502889823490416,1.595855043082209,1.306401452588785,1.6509431376874237,0.32868988297304524,-1.1658290531768172,0.15599010585766634,1.4121016348712845,-0.076589497130385,0.17386261713994214,0.23931635867751663,-0.43967950362031105,0.8843625762614299,-1.2493534124186998,-0.7132078621716454,-2.25855236370688,-1.5924648854606114,-1.9126610904278578,-0.8843625762614299,0.4396795036203104,0.10385022336961848,1.2415090048625523,-0.12752722487236504,-0.1473362651452761,-0.06751377738387422,0.06953024385249205,-0.46483142063624716,-0.319404172783631,0.139780294854656,-1.2755131584779709,-0.9381911455531051,-1.1261170097488256,-1.9425895477140902,-2.2592569367461177,0.15732544345452057,-0.20711139779498602,0.23638866577426285,-1.4459960878228426,0
-0.020796168340944693,-0.17934094905293926,-0.15484123025532542,-0.4281154315628296,1,0,0,1,0,0,-0.7100636717190902,0.3575350118430585,0.5465895323614635,-0.5998233958077348,1.5671797076776843,0.7385256404599163,-0.12689852488529932,0.9174059132760242,-0.9050749222284064,1.3365163802248456,0.7791076703275013,0.5112983852314409,-0.998260439250746,-0.434492504932064,0.28373638366761317,0.40571704390927876,0.28195241656098685,0.3021740611603383,0.03622492998512883,0.6614225707698917,-0.2576843035534828,-0.9749275264320018,1.6449742408018786,-1.5259682150081662,-0.7178639716613315,-0.6614225707698917,-0.036224929985129536,-0.3696425082138195,0.340918023760079,0.22727954162577424,0.4082452561251572,0.512807750621665,-0.15100471279239655,-0.22015379130249568,-0.26403600355210183,0.139780294854656,-0.27629743884854874,-0.9381911455531051,-0.12256320461863823,0.7284623537824456,0.008440404549195996,-0.9847090191502859,0.4514102871836102,0.9044189231421907,-0.1469716669968365,1
0.3647077670176212,-0.1535731830814779,-0.15484123025532542,0.3052077222492148,1,0,0,1,0,0,0.2868323516073751,-0.567005592745421,-0.16982862701171944,-0.38167247644528896,-0.340209687377475,-0.14110239080720205,0.9495483202185171,-0.6111870359699595,-0.8417659082035559,0.9427412861592313,0.6910590180554144,0.25907142220771273,-0.5404568723702985,0.37557161704840236,-0.6990064750820255,-0.2632722226421229,0.36068748002425377,0.45292548547706785,0.2567889334467677,0.0986623829151082,-0.9451033193034647,0.13862404587566682,0.8861590019601407,-0.9159311260248567,-0.45621698697854945,-0.0986623829151082,-0.2567889334467684,0.4589697720571972,-0.5596729573423944,0.38876210842941544,0.18536662259225087,0.32932373809050164,0.6996301199807459,-0.3221028035248922,-0.4716666381703368,0.2172941659090524,-0.7759052986632599,0.4275877563966659,0.8718673841012752,1.2471132084419672,0.7361343275021692,0.030432725387320277,0.36909507656128593,0.45906541823023866,0.5953280020465953,0
-0.4320003660567478,-0.4885541407104817,-0.8790386569529866,-1.8947617391869185,1,0,0,1,0,0,-0.29363875058271866,-0.32278731983525655,0.7256940722047591,-0.628177228828318,0.6858691499899593,0.23722262924972837,0.46237001973882935,0.656082605222099,-0.17166911155400089,1.065413360190909,0.7539734662672354,0.9361956320556439,-0.18986571502193955,-0.5148601753679732,0.2907863237706595,-1.0063516590534314,0.19422202349455034,-0.6335774381255459,0.01676923931074428,1.2602276553956464,-1.1573789885963655,-0.6091906097952232,-0.7766089387210794,-1.2467174810553734,-1.5987674852127924,-1.2602276553956464,-0.01676923931074499,-0.2582324537235989,0.7161642658861095,1.2462117941332536,0.44700675760914055,0.512807750621665,1.0776900456576979,1.5741488238116832,1.7292180887829538,1.1939689411944467,-1.0812212129944723,-0.5588081172337243,0.05077790717657645,-0.3607044410025493,-0.8038690908401701,0.030432725387320277,0.36909507656128593,1.2384340518261547,-0.023255055489598248,0
-2.0254166322054865,-1.6738713753977288,-0.4445202009343899,0.3052077222492148,1,0,0,1,0,0,0.31207022561564,-0.5687500089804935,1.0199372448044592,-0.6542164632349758,0.3043920276972623,0.06818379050088712,-0.5781185401627398,-0.22555109321093814,0.7287019053421491,-1.281414222011021,-1.5672877327147499,-2.0676958118678925,0.18988811948663792,-1.425210241068897,-0.45381530253652613,0.32470118369631035,-1.2679024916262187,-0.9184762047666716,-1.3500596596423822,-1.4811177417461807,-0.620165377074074,-0.14504625384389455,-0.6698665407090406,0.4738775371151787,1.140837564891179,1.4811177417461807,1.3500596596423813,-1.3166279713806959,-0.3345252120667762,0.33645085439443295,0.459927258103802,-0.10165033785478751,0.006520256239666901,-0.46483142063624716,0.17890935030013266,0.20179139169817292,-0.8175392869811524,-0.5588081172337243,-1.3541974200056863,-1.4304218287378123,-1.1931007240475748,0.17318703321292087,-0.20711139779498602,-0.8213259083916238,-1.3841377820692236,1
0.18480593051695732,1.9593836265783975,-2.327433510348309,-0.13478617003801185,1,0,0,1,0,0,0.9177792018139987,-0.6507375720289058,0.188380452674872,-0.5327000360039053,-0.35870883081238286,-0.08878084548017975,-0.5824041878117862,-1.9546480631931078,-2.0107998390703123,-0.869882936259927,-0.9970442742386982,-0.7883852588368041,-0.2901330339311813,-1.138495223548516,-1.0701276035067695,-2.373607964456462,-1.3839398607523712,-1.4854053956509696,-0.6862106428504532,-0.39468810214486993,-0.3277238124474822,1.6107854680823304,0.3635836478031822,-0.19713534905946833,-0.15400287043633323,0.39468810214486993,0.6862106428504524,-1.2052179168904753,-1.2351161931692491,-1.2374355713537264,-2.0724908388497987,-2.3375950486996553,0.41608517572303205,-0.38327221085833024,-0.09793149585751397,-1.534519319920306,-0.5895436366688835,0.7961312696212074,-1.3281310874049017,-0.971971519708414,-0.9755178234968519,-1.22036692413223,0.4984475503963669,0.33182155968396654,-1.3399532779594956,0
-0.020796168340944693,-0.1535731830814779,-0.15484123025532542,0.3052077222492148,1,0,0,1,0,0,-0.7100636717190902,0.3575350118430585,-0.16982862701171944,-0.38167247644528896,1.0988179331184689,0.5699339944061778,0.3905949061252549,0.10081581475049603,-0.40210711181479275,0.509277426330685,0.20734410986625065,-0.5011428902073696,-0.07459442375080809,-0.5286957207397835,0.2133555500694796,0.4546102932476022,0.08706987505128821,0.2233158723527182,-0.5252107151899512,-0.1626015385546773,-1.0713982598329543,0.07536203674520077,1.006533394783103,-0.6016639494854691,-0.051533013259253614,0.1626015385546773,0.52521071518995055,-0.4253475354589299,0.340918023760079,0.41832933897092733,0.6020527635450756,0.615217432034406,0.006520256239666901,-0.5463906304141645,-0.3747723420151606,0.44983577907224165,-0.859173275299045,0.5034643620605421,1.2915353389738984,1.7009327062690485,1.294597105582359,0.3476645205553221,0.03983423407198747,-0.04195727479570725,0.9664778365683122,1
-0.35489957898503444,-1.6996391413691911,-0.4445202009343899,-0.8681093238500562,1,0,0,0,1,0,0.8925413278057338,-0.6501560999505483,-0.2593808969333673,-0.33595915382026714,-0.715546815916236,-0.24037916912001359,-0.8269853534192093,-0.2934308783982074,0.9674316577373072,-1.0309369492819027,-0.8850455818300124,-1.1793005199585034,-0.01819410027183438,-1.0823370203489928,-0.23018391978461622,-0.21979048080579278,-1.188013571163214,-1.0374825647710293,-0.5252107151899527,-1.0875276621842873,0.06848486704038895,0.1721498915862356,-1.5433797219759369,0.21471538710491395,0.13770280743764907,1.0875276621842873,0.525210715189952,-0.8988402670423681,0.09700796637815903,1.0597108014867955,0.7667891448520061,0.2013116363245741,0.8177738467547934,0.5954383064766764,0.981747804157308,0.527349650126638,0.029018475482663446,0.12408133374116129,-0.0951935553878152,-0.8663890242955825,-0.7361766328910565,1.2993599060593275,1.0276167615398821,0.514734606344233,-0.332546584257695,0
-2.0254166322054865,-1.6996391413691911,-0.4445202009343899,-0.8681093238500562,1,0,0,0,1,0,0.31207022561564,-0.5687500089804935,-0.2593808969333673,-0.33595915382026714,-0.4462315309591905,-0.17777219180562792,-0.9890718397901845,-0.39656410866827335,1.3346029427752137,-0.9396043694479288,-0.8181353826075126,-1.7596607433237947,-0.3680370470087355,-1.4568439749675377,-0.6973352872531962,0.39456747953049187,-1.1086687296136917,-0.792994460894609,-1.0923365864985648,-1.3166012534636966,-0.08033286441221646,-0.15427849806983673,-1.427944667251479,0.17000795069944383,0.28941131914395074,1.3166012534636966,1.0923365864985641,-1.3444804850032512,-0.5596729573423944,0.381938901381374,0.5374502610717695,0.03489590402886805,-0.024984737566746233,-0.30171300108041293,0.2342775195316623,0.2638024885416898,-0.10976148557697851,-0.17942508891434333,-0.10431677179808911,-0.8145239388296306,-0.7023304039164997,1.3628062650929278,1.0276167615398821,0.4033962301162448,-0.332546584257695,0
-1.691313221561397,-0.02473435322416849,-0.8790386569529866,-0.13478617003801185,0,1,0,1,0,0,-0.24316300256618875,-0.34023148218598254,-0.7327286093763631,0.35842043035727916,-1.0300250255853338,-0.538656696753551,0.21818963418335807,-0.28295239816289497,-1.5563302463800055,-0.1595712507471187,-0.3674104559609974,1.0278752669147257,0.9695063921346665,-0.12364633804552126,-0.07926084235134784,-1.6910495002422097,0.03008233285571669,-0.05865898902583923,0.5274811195133241,0.87874991804355,-0.42694396175128585,0.3089592744638192,0.4282139206220275,0.24539959139411038,0.42038250129295845,-0.87874991804355,-0.5274811195133248,-0.14682239923337803,-0.10937746679115769,-0.10023439668020068,-0.9484072958142716,-0.8867912286858101,1.3612349899154128,0.6769975162545934,0.4557501964577793,-0.17027518936292965,-0.3318094232724056,0.4275877563966659,0.38833691435672935,0.5599008260181015,0.6345956405784983,0.09387908442092041,-0.7833178721512579,-0.48731077970765985,0.5953280020465953,0
-0.4577006284139859,-1.6738713753977288,0.27967722576327125,-2.6280848929989626,1,0,0,1,0,0,-0.7731583567397526,0.7849169894358462,0.047655457083711085,-0.47425642100229515,1.735268602126435,0.9701714565231433,0.8463183006260109,-0.7896739051672091,0.973504817391546,0.8584791996309447,0.9128259733649136,-0.17429111479131404,-1.2072651737960762,-0.14501161014009117,-1.6165075293472122,0.6681477621357721,-0.1023998168956265,0.16445912907657162,0.2430696413654208,-0.4787858038769716,-1.3217200909244644,-0.5355295395008972,-0.6593896329567647,-1.2612879198058498,-1.0261561417360872,0.4787858038769716,-0.24306964136542153,-0.06326485836571254,-1.4602639384448675,0.34554846379182197,0.6537347655237203,0.5810808715634928,-0.15100471279239655,0.4323198869208419,0.34501385799472056,0.38782468222872474,-1.1367331974183288,-0.17942508891434333,1.2367960405122524,0.6506647255835172,0.05920974801103089,1.4262526241265279,2.2623449208747504,2.12914106165006,0.5334696962929761,1
-0.7404035143436003,-0.514321906681944,1.4383931084795292,-1.8947617391869185,1,0,0,1,0,0,-0.1800683175455264,-0.3489535633613456,0.6233486208657331,-0.6166042357586922,0.5168663788573931,0.20815510406804932,1.7737902022056034,-0.3346789658088268,1.3152132241835799,1.9634568972889546,2.0775290422543145,-0.4013111595855462,-2.3997899799709588,1.5347556462884735,-0.3340222997232266,1.628961349759704,0.8173572888466794,1.040807424556382,-0.7581467807413153,0.2045801889163744,-0.932988696710708,0.12474117652557241,-0.16099147728796584,-1.8420261003804237,-1.684743630568365,-0.2045801889163744,0.7581467807413146,1.1622457410267157,-0.4846237089171882,-0.600602913536552,0.26611975068388355,0.59814915179895,-1.5057194464681423,-1.3619827281933365,-1.2606630497196296,-0.29429738304996345,-0.7481493064513315,0.4528799582846249,0.9874281252980858,0.7414286251489338,-0.12130347318660537,0.5168548113115892,2.125152903170876,2.5188253784480175,0.6778057430514218,1
0.33900750466038404,0.0783367106616796,-0.15484123025532542,0.5985369837740325,1,0,0,1,0,0,2.217529713239643,-0.7344695513123908,-0.10586271992482811,-0.3944027688218773,-0.940392542195562,-0.26005564770453476,-0.9601021922228649,-1.0917498965541526,-0.6138736542441724,0.20068083136570464,-0.26326185924475654,-0.4071602248465232,0.18975886740521733,-0.6958579488826607,0.42714456869600675,-1.7713944450482042,-0.48135562689845357,-1.5072412427088864,-1.1598770966922176,0.595033997706013,0.6397524062851835,1.9263650474356333,-0.9408947344034729,-0.7484108561629663,-1.1292744022795196,-0.595033997706013,1.159877096692217,-0.8524194110047761,-0.05934463450768712,-1.1919475243667854,-1.779626160970811,-1.8255466416359454,-0.4555529862543859,-0.22015379130249568,0.3819259708157405,-1.1004416420156866,0.27882240539001907,1.2622304186993043,-0.934529465133063,-1.21647835119076,-1.3792549834076382,-0.44541496736468245,-0.20711139779498602,0.06938110143228039,-1.2604211705619852,0
2.343627968524927,0.9544407536913834,-0.8790386569529866,2.2118479221605303,0,1,0,1,0,0,-0.33149556159511606,-0.31464671073825107,-0.3617263482723934,-0.28677393327435763,-0.027966111040955588,-0.020360363129458298,-1.2316303361524905,-3.0939807635041205,-1.4610833495674591,-0.28374878860983765,-0.5731156873171903,-0.44951981268027286,0.618696985438368,0.004099925826554389,-0.7866561218172726,-3.2269617252302063,0.6987547970083696,-0.7737440106888933,-0.7858772647355261,0.16633209230480636,1.716708561204604,3.45853086237218,-1.2454354414132844,1.0761996029660408,-0.010331966979685763,-0.16633209230480636,0.7858772647355247,0.18740776423728422,-0.5596729573423944,0.764038496071679,-1.1938968052128347,-0.9038595089212672,2.526919760752682,0.9216751455883455,1.5631135810883663,1.069946747507413,1.63886602377451,3.3108987716239606,0.11464042204849642,-0.5551985114998699,-0.1269445113490324,0.47455723862252236,0.03983423407198747,0.1250502895462747,0.038603250264021984,0
-0.9717058755587404,-1.1842838219399534,-1.6032360836506476,1.0385308760612593,1,0,0,1,0,0,-0.6595879237025604,0.17146394676864757,0.35469181110078946,-0.5685763145197452,1.249182001929434,0.5712755724914861,-1.2567659548670154,0.43899507035853624,0.45650858440424513,-0.8994166056006003,-0.10832343461337202,0.4097710985272034,0.9260617253796565,-0.2325130044125699,-0.569289483930171,-0.5863509985166915,0.016588005116407883,-0.18590386722741248,0.8242817340199426,-0.25863368266248993,1.515239398926136,-1.172836218756129,-1.213288734043255,1.231502190567306,-0.040673172853690626,0.2586336826624906,-0.8242817340199433,0.0759977097470634,-0.18442671521636386,1.3644807162993,0.795860270964994,0.76883195415352,1.3612349899154128,1.8188264531454346,1.4523772426253072,0.6978801664463103,1.4168180860790833,-1.0899443568808573,0.041654690766301246,-0.5940973255993336,-0.11002139686175369,0.2524949820049213,-0.12479618717266176,-0.26463402725168356,-0.1469716669968365,1
1.4698190483788447,0.10410447663314094,-0.8790386569529866,0.3052077222492148,0,1,0,1,0,0,0.5392110916900246,-0.6048012778386607,0.08603500133584588,-0.49798105679502797,-0.26623938985766216,-0.08028418427322742,-0.3329946578307292,-1.1859477510516383,0.7851113911517881,-0.4453534096373574,-0.7288251889708756,1.0876502470481368,1.6033351563311398,-0.6367994110669009,0.08980782247518325,0.006549112714818433,-0.9762261994226621,-0.9607126226023007,-0.025828483428959336,1.5090415891424784,-0.17324529065708635,1.717718011934423,-1.066692346407419,-0.3663654637920917,0.009559552147250017,-1.5090415891424784,0.02582848342895863,-0.5089050763265954,0.26586877533487285,0.5547934799317504,0.47284775859846334,0.03489590402886805,0.16404522527173035,1.247911984700014,1.397009073393778,0.015758101167622184,-0.24854144663662048,1.413983630027056,-0.3415203984652251,-0.8145239388296306,-0.8884846632765624,0.9186817518577256,-1.1948939252628807,-0.7099875321636356,0.038603250264021984,0
0.4161082917320974,-0.17934094905293926,-1.168717627632051,-0.8681093238500562,1,0,0,1,0,0,-0.20530619155379135,-0.3460462029695579,-0.4896581624461761,-0.22022922312400942,-0.36988143300485526,-0.09593592860182383,-0.8518317869902435,-0.9809614967953095,-0.10521975182775441,-0.9062971006835141,-0.30525793991321987,-1.9585697079154727,-0.9230363363874067,-1.289555571191152,-0.9547604193826145,-1.622189901269933,-0.7873991551648682,-0.7304052580422248,-1.9287998281276528,-0.7582952985476056,-0.10401589666961028,0.38994241099501864,-1.4863054817475012,0.44357738996785456,-0.3162483004407549,0.7582952985476056,1.9287998281276528,-1.2330704305130304,-0.9349191994684248,-0.2185033188462471,-1.0000892977929163,-1.2110885531594928,1.0776900456576979,-1.0357458890816678,-0.26403600355210183,-0.35630847989348147,0.029018475482663446,0.5793409677244183,0.5799244589724931,-0.3347718982695729,-0.14386762583630988,1.2041903675089267,1.6861384465184783,1.3497724280541432,0.34789477903211874,1
-0.27779879191332196,-1.8027102052550381,0.5693561964423357,-0.13478617003801185,1,0,0,1,0,0,0.6023057767106869,-0.6187566077192415,-0.5664172509504457,-0.15368451297366123,-1.0650070084371601,-0.3570964625418325,0.1379459180289022,0.021754880924060416,-1.5118872798996021,0.8924899870880002,-0.008824310114072354,-0.17916562617685455,0.13888704458703224,0.14740055498153862,0.20338168696325237,-1.493886114643943,0.5042594631856321,-0.21723374976218496,-0.946287449071263,0.6941558255444424,-0.04453625922536607,0.17388405247924335,0.5655890847569626,-0.7056813420709772,-0.2006144401967711,-0.6941558255444424,0.946287449071263,0.02029268250195297,0.04072103005925432,-0.4095531161914002,-1.077612300760884,-0.8526546682148961,0.4790951633358572,-0.6279498401920818,-0.26403600355210183,-0.17027518936292965,0.029018475482663446,0.27583454506891375,0.33359761589508324,0.585833368751077,0.24536400737109418,0.062155904904119784,-0.6186874509066087,-0.3759724034796717,-0.023255055489598248,0
-0.9717058755587404,-0.4370186087675581,1.0038746524609323,-0.13478617003801185,0,1,0,1,0,0,1.006111760842926,-0.6582967090475538,-0.11865590134220637,-0.39093087090098955,-0.6189974941871269,-0.20415656081669045,0.114533375294387,-0.6040218429780021,1.4246560036328137,-0.6692368066054735,0.056418908920451816,-0.9419509668433307,-0.5934342326818982,0.07690800355406091,-1.013294994852479,0.9348809413545771,-0.2937223532759847,0.6257567108108587,-0.946287449071263,-0.34619240229020387,-0.08241587542647892,-0.1860577460842737,-1.008087296737624,0.6128456925666705,0.5375822896785623,0.34619240229020387,0.946287449071263,0.0759977097470634,-0.9349191994684248,0.04532735367801011,0.5245297605771081,0.3762615087380082,0.006520256239666901,-1.1988643086375024,-0.983822203561983,0.6358690696027934,0.029018475482663446,-0.02767187758659086,0.48869229486974886,-0.1402778277722523,0.10997909147286698,1.4262526241265279,0.12214944469431245,-0.04195727479570725,0.8427612250610729,1
0.8530127518051386,-1.2100515879114147,-0.8790386569529866,-0.13478617003801185,0,1,0,1,0,0,0.9430170758222637,-0.653063460342336,0.13720772700535894,-0.5147618967459854,-0.40103366763961423,-0.10443258980877616,0.15334596708867657,-0.8898528376778628,-1.0421267602053286,-0.9970225375782068,-1.4759684094720715,0.49759064382848295,2.282565686015954,-0.631387672541951,0.024984051337402436,-2.214578616392505,-1.478318534285633,-1.9275069345963103,0.1590389773671787,0.5209213695068188,-0.844106423081433,1.2463794201046272,-0.8008157436730702,-0.1189622271525529,0.036995856440974466,-0.5209213695068188,-0.15903897736717942,-0.5738942747792242,0.06573744620098994,0.14236852058348526,-1.047464466273341,-1.4841810369268051,1.1722050270769362,1.9547584694419635,2.0429710477616196,-0.5836825016530435,-0.7203933142394032,1.413983630027056,0.5251851605108457,0.002351157259115363,-0.0423289389126401,1.267636726542527,-0.4540570296619595,-0.26463402725168356,0.5334696962929761,0
-0.8689048261297889,0.7482986259196881,-1.8929150543297122,1.0385308760612593,1,0,0,0,1,0,-0.6848257977108253,0.29357308322372977,0.7001077093700027,-0.6258626302143927,1.515320055342949,0.7094581152782372,-1.4814628132805265,-2.2709801661421967,1.0244514458983238,-1.3659347136231716,-0.12012741533715106,0.8967244391024756,0.38129947811381226,-0.805798538455497,-0.32241537136364457,-0.42543618652788834,-1.0746859145500407,-0.802198249204395,0.24941157827095015,0.9756618166055823,1.2548656994798368,2.794002906890336,-1.8279817844207082,0.7796495188426712,-0.6270189318336731,-0.9756618166055823,-0.24941157827095087,-0.4253475354589299,0.340918023760079,2.256046437243345,1.6227723026233125,1.0077878774499178,2.0858498474629035,1.9819448727012692,2.0060589349406004,1.6900577159425842,0.9449662184763004,2.2486262923296945,-0.5239847266707137,-1.3202085221226638,-0.9900233502002335,0.12560226393772106,-0.20711139779498602,0.29205785388825667,-0.332546584257695,1
-0.2263982671988458,1.3151894772918502,0.5693561964423357,0.3052077222492148,1,0,0,1,0,0,0.08492935954125552,-0.4937401108723716,-0.6175899766199587,0.08934834148847998,-0.8973544999541347,-0.4487709650378972,-0.511545385448172,-1.5240643813655175,2.3855880091260975,-0.6366097913770756,0.2880117912082615,1.1696390615241705,0.3098363341304526,-0.3511385865245777,-0.9111120085549598,2.122588562509202,-0.3821036345411849,0.05840049100270646,0.9454154897089528,0.6575966059261134,0.3604627725454605,1.179094184026583,-1.1281819224856162,0.48113133431187194,-0.3174127214952195,-0.6575966059261134,-0.9454154897089535,-0.23734306850668244,-0.7472960784054096,0.4797382024032975,1.5743204257683328,1.3107498516292795,-1.308813235178063,1.2071323798110556,0.7741171695390731,0.37232190801784526,0.4731143508735179,1.33810702436318,0.5069387276902979,-0.1921429132382052,0.008440404549195996,0.7600658542737248,0.03983423407198747,0.4033962301162448,0.47161139053935697,0
-1.3315095485600683,-0.6431607365392533,-1.8929150543297122,1.478524768348486,1,0,0,1,0,0,1.8137237291074042,-0.7100477240213743,0.48262362527457214,-0.5847785048172213,-0.46758293208315554,-0.09414715782141281,-1.4596623324852334,-1.9246066225740712,0.20039733909790136,-1.183904528891033,-0.04774174179061326,0.03857581302050545,0.03675454720056628,-1.1520342409768056,-0.6582733984711631,-0.8584256039738336,-1.4802141743095927,-0.9332253126928202,-0.22109974072011698,0.2718968389527333,0.8785969658629894,1.98213914945267,-1.1365848216414816,0.13162360229199357,-0.8490462777502336,-0.2718968389527333,0.22109974072011698,-0.8988402670423681,-0.18442671521636386,1.7647755297843817,0.944446026653598,0.22264698661889537,2.353642294817412,1.6149284287006416,1.9506907657090713,1.8450854580513771,1.055990187324014,2.2486262923296945,0.6985262723060605,-0.0495139282068366,0.008440404549195996,0.6014499566897238,0.8629863402952329,1.127095675598167,0.5334696962929761,1
-0.4577006284139859,-0.7462318004251005,0.27967722576327125,1.478524768348486,1,0,0,1,0,0,-0.7731583567397526,0.7849169894358462,-0.19541498984647596,-0.3446388986224865,1.530257293007627,0.8700002928201261,-0.9993362966598761,-1.1878881447204337,-0.5894786524748248,-0.5594072670392409,-0.6126659108824081,0.4868551995370692,0.9491024750287766,0.21133881005308391,-1.8117553420492556,0.5060344222832999,0.15049805250895956,0.3268873483742107,-0.088318892712161,0.7516060278018181,1.6007686959240868,-0.18456297117329573,1.3143528582059136,0.9049544204800554,1.1156375622788646,-0.7516060278018188,0.0883188927121603,0.18740776423728422,-1.685411683720486,-0.009258302706318612,0.2531992501892221,0.3079883877961804,-0.2770246880180474,0.02452383803125581,0.06817301183707392,0.139780294854656,1.4723300705029398,-0.17942508891434333,-0.013084607695344815,0.6636309969500054,1.0238272737859035,-0.857816301083085,-1.277209135885205,-1.1553410370755877,0.2860364732784985,0
-0.9717058755587404,-0.9523739281967958,-1.6032360836506476,-0.13478617003801185,1,0,0,1,0,0,-0.6595879237025604,0.17146394676864757,0.15000090842273722,-0.5251775905086485,1.1277765782969766,0.5377361203587794,-0.2559326334688572,-0.2813424069307107,0.23228201519671784,0.23855213064615832,0.7020719320597099,0.6810382644221465,-0.25399259158406606,0.0012947505352295294,-0.7466932806848312,-0.667306054018773,0.10018328745369624,0.10987717433740717,0.9387653712113495,-0.0022010997120603167,0.35717425640874295,-0.3618696539960767,-0.9881155258058334,-0.22292850549115237,-0.805454221444118,0.0022010997120603167,-0.9387653712113503,0.38237535959517033,-0.3345252120667762,1.555530513644453,0.8992242749222835,0.9053781960371756,1.865314890818015,1.3294711944779316,0.8986955503100138,0.9459245538203791,0.7229182807808735,0.04820472807728505,1.3736442866663687,0.5599008260181015,0.43151826673115745,1.267636726542527,1.2745623934068555,1.4054416161681371,1.1520527538291696,1
-1.7941142709903475,-0.978141694168258,-0.15484123025532542,1.0385308760612593,1,0,0,0,1,0,-0.5460174906653681,-0.15706777750335926,1.007144063387081,-0.652480514274532,1.205270204760368,0.3834546405483291,0.05660607456403436,1.014179529666272,-0.18219327176282588,0.014247068021804072,-0.7176808351172332,0.3433313500789314,0.7641585690711891,0.26929564684030716,0.1820024747049426,0.5665106781687742,-0.3491655884355115,-0.28459891467054255,-0.35678002163742906,0.8221130942085976,0.19036491268308803,-1.2096671486644603,0.8183529034886082,-0.36547349026466525,0.655164787272044,-0.8221130942085976,0.3567800216374284,0.32667033235006016,0.26586877533487285,0.2909628074074919,0.5503707615664309,0.3762615087380082,-0.34003467563087314,-0.38327221085833024,-0.26403600355210183,-0.23228628620644656,0.269570407986043,-1.0646521549928987,0.37921369794645543,0.7630390774264136,0.555621106304533,0.46398284545025625,-1.0302635040182315,-0.8213259083916238,0.9870972718195186,1
-1.2030082367738797,-0.87507063028241,-0.15484123025532542,-1.8947617391869185,1,0,0,1,0,0,0.1480240445619179,-0.5199063543984607,-0.7071422465416066,0.2947689684743374,-1.2434645926917873,-0.6276480430789991,-0.09477058362451365,1.2592314903088417,-0.25219529592674444,0.5759220901559521,0.43473729317544496,-0.3154274716745645,-0.7762175957447243,-0.8592463775436826,1.2362574984783237,-0.7430474127131865,-0.08248641996344576,-0.03271938026427244,-0.31054414497595056,-0.12221154853286169,-0.7267680527487205,-0.48987911573349496,-0.4019315724331624,-0.8598257104473124,-0.5971238793239119,0.12221154853286169,0.3105441449759499,-0.7595776989295921,1.3165582532877582,0.36374368258659734,-0.09565426316663046,-0.11871861809024475,0.9831750642384596,-0.22015379130249568,-0.09793149585751397,0.3258135853852078,-0.38732140769626244,0.04820472807728505,1.9027908384622854,1.3508433793738719,0.854596128913119,1.8386539578449304,1.6038232358961542,1.6837875567381073,1.5232025883508855,1
-1.3315095485600683,1.3151894772918502,-1.8929150543297122,0.3052077222492148,1,0,0,1,0,0,1.8137237291074042,-0.7100477240213743,-0.6175899766199587,0.08934834148847998,-1.5929218007829846,-0.615126647616122,-1.2079412022957454,-1.3708327420356394,0.7404044305323028,-1.220267137154836,-0.18898652931326118,0.22879530963639055,0.1526940295749132,-1.2278790029300701,-0.8150691878509996,-0.4252355486369152,-1.2099993054398472,-0.5990912720374403,-0.1602775458261487,0.471010832630124,0.45278941427065506,1.0649925395920403,-1.4394783770530313,0.44868757859694613,-0.339204279585078,-0.471010832630124,0.160277545826148,-1.038102835155144,-0.4846237089171882,1.2280165753384769,0.7829397704703327,0.20557870638343811,1.6447799341731264,0.9216751455883455,1.1201682272361313,1.13195784435093,0.6396503041450882,1.33810702436318,0.7532655707677065,-0.17917664187171697,0.008440404549195996,1.267636726542527,0.36909507656128593,0.6817421706862145,0.7190446135538346,0
0.10770514344524394,-1.9315490351123477,0.5693561964423357,0.5985369837740325,1,0,0,1,0,0,-0.7479204827314877,0.627919528279312,3.719298523871273,-0.7664744960103459,2.5787723606461657,1.0752617398722906,0.4483782850515315,0.5422340371393024,-1.4730743119538208,0.5024923387975557,0.16772604900915564,0.425242132958809,0.35067694224651585,0.16297461972782754,0.6896128201109024,-1.4691365775377572,0.5605267706909156,0.4321193654026351,0.33643704580791395,0.24630538521990228,-0.46063860034113646,-0.053394248367544465,0.537401355288414,-0.1230259808366027,0.20382837684869273,-0.24630538521990228,-0.33643704580791395,0.49378541408539117,1.1664597564373458,1.2916998411201945,0.2015172482105774,0.4274663494443799,2.526919760752682,0.2692014673650073,0.12354118106860354,1.2559800380379649,0.08453045990652028,0.8322629866040054,2.751249964617807,2.70797978239962,2.4735740815294243,1.6800380602609295,0.06727263761276221,0.1992758736982665,2.842846444428098,1
0.10770514344524394,-0.978141694168258,0.27967722576327125,-1.6014324776621007,1,0,0,1,0,0,0.097548296545388,-0.5030436641260921,-0.68155588370685,0.17325254124326683,-1.1073365541193174,-0.5207689889494408,0.22270620212880088,1.4579608811018623,-0.047643358605756546,-0.4517487735823336,-0.08536915508219095,-0.883218589155339,-0.4106689880679449,0.27279212243351114,1.3457786842943305,-0.888265735873218,-0.43604335559524987,-0.07549953741408087,-0.49529816032406576,-0.7133741297612556,-0.037107720806124685,-0.6529255216190749,-0.8274913332555516,0.17791032144701785,0.03727347915132753,0.7133741297612556,0.4952981603240644,0.15955525061472892,1.0914105080121401,-0.30947941282012914,-0.7029177864157086,-0.8185181077439823,0.7626401075935709,-0.6279498401920818,-0.4855086804782194,-0.23228628620644656,0.3065783976019474,-0.2553016945782196,1.446630017948564,0.7154960824159574,0.7530574419894479,1.8069307783281299,0.9453015509175579,0.6260729825722207,0.904619530814692,0
1.3156174742354179,0.10410447663314094,0.27967722576327125,0.5985369837740325,1,0,0,1,0,0,-0.596493238681898,0.0871504954068051,-0.7711081536284979,0.6274925192260784,-0.668608696287777,-0.41791466907580715,0.23662757682132882,-0.026214053435370453,0.025472965540985926,0.16255105299642936,-0.6480645407290034,-0.607333627370157,0.6192355627726503,0.6502052375946038,0.9372435805784658,-1.344894307077979,0.7674518327121455,-0.24563833981004862,-0.5029586926677684,-0.329502323768793,0.3206410065459554,0.9748896552766168,-1.386311474744762,0.5413961144757127,0.6026976133328386,0.329502323768793,0.5029586926677676,0.9951306592913848,1.391607501712964,1.1916261377489248,0.2015172482105774,0.512807750621665,1.3927399837218248,0.35076067714292497,0.6772228733838963,1.069946747507413,0.6118943119331598,1.413983630027056,1.127317443588959,0.13201387092399572,0.34690269429476517,2.5048407276977347,-0.04248097655033679,-0.2089648391376897,1.1520527538291696,0
-0.7404035143436003,-0.978141694168258,1.4383931084795292,-1.6014324776621007,1,0,0,1,0,0,-0.1800683175455264,-0.3489535633613456,-0.68155588370685,0.17325254124326683,-0.8750823025442762,-0.40226292474721076,0.9941777430384864,0.9717636628101216,1.4024706777124962,0.12221404052887211,0.19991897655538957,-0.7391126866127725,-0.611930373693688,1.1965614975825718,0.2424477482461221,0.9895230607315317,0.5358342261151459,0.6935840927905716,-0.2971274843375756,-0.7133741297612541,-0.1868382029341886,-1.0908972921549274,-0.9228491526837963,0.36622076209754356,0.4172454106733601,0.7133741297612541,0.29712748433757485,1.1622457410267157,0.26586877533487285,0.1272058382545045,0.6278937645343975,0.8371050750953478,-0.5920746260821743,-0.7910682597479163,-0.762349526635866,0.20179139169817292,0.0012624832707351544,-0.8623145398892288,0.826251302049903,0.1709126850234604,0.31305646532020776,1.6800380602609295,0.6160407084282594,0.29205785388825667,0.6571863078002155,0
-1.7941142709903475,0.10410447663314094,-0.15484123025532542,0.5985369837740325,1,0,0,1,0,0,-0.5460174906653681,-0.15706777750335926,-0.7711081536284979,0.6274925192260784,-0.794375994460296,-0.6057356010189642,0.028929114488052056,-0.7621195577573856,1.2112238458318139,-0.515970349972095,-0.2319774231451597,-0.5502705114318345,-0.06544063879854621,0.5009338591981888,-0.07849960419219713,0.38541647914418775,0.14003942767795607,0.26116281440821626,0.13286549185952784,-0.8822777243979375,0.46030057187884404,0.9673938303712447,-1.26847718137476,0.8359033544858099,0.5565566684591905,0.8822777243979375,-0.13286549185952856,0.577342954953057,0.04072103005925432,0.3728412919839863,0.5245297605771081,0.5640125913280355,0.038025250046078915,-0.38327221085833024,-0.4855086804782194,0.07776919801113909,0.9727222106882286,1.717490052682561,1.820681890769815,0.7284623537824456,1.0576735027604598,2.6951798047985354,0.6983559190505837,0.29205785388825667,1.646919199858125,0
0.7502117023761872,0.3102466044048362,1.0038746524609323,-0.8681093238500562,0,1,0,1,0,0,0.6906383357396142,-0.6315489934431072,0.39307135535292426,-0.5784133586289271,-0.15007998558965321,-0.038695263628671234,1.4579432743415284,1.9853773810275241,-1.4210817854976856,1.2929720994752385,0.35419692556022614,0.6944300245775739,0.10337780928140183,1.0126211807875338,2.3873003222218614,-1.9152606378025723,0.5779520390716485,-1.0220304677849918,-0.7099870034754222,1.6512761951523172,-1.0155064607547906,-0.33344770670295615,0.01801417333714797,-1.1736345421682401,-1.45828718006695,-1.6512761951523172,0.7099870034754215,0.7166055230658329,1.841902992264201,-0.5915053041391644,-1.4135453136220761,-1.1598837124531223,-0.05648973137315825,0.10608304780917345,0.5111183656893089,-0.6663639641110671,-1.0257092285706153,-0.482931511569848,-0.5878472415426337,-0.4903671546674297,-0.8884846632765624,-0.9529858396334858,-0.5363722402842841,0.29205785388825667,-0.8274130302866491,1
-0.8432045637725518,-0.3854830768246345,0.27967722576327125,-1.161438585374874,1,0,0,1,0,0,0.29945128861150755,-0.569331481058851,0.7896599792916505,-0.6328064260561682,0.22568160006508511,0.051190468086982445,-0.19799161081118552,-0.13552059394646926,-0.2598549001071001,-0.6523530219821232,-0.6602582570353026,-0.09629249082091758,0.7432147298798977,-1.1023001332888729,-0.8490367365021616,-0.47198778420633,-1.9794783656197088,-2.192150639831636,-0.8940261523129447,0.7553527801229513,-0.8260931506927981,-0.6645400959896999,-0.11907185116188586,-1.081530016447473,-1.2818403613632012,-0.7553527801229513,0.894026152312944,-1.1495128896453646,-1.009968447893631,-0.9918001176242447,-1.051771299771562,-1.6548638392813753,-0.9386295579527137,0.6769975162545934,1.3416409041622488,-1.2864749325462383,-0.8522342772460629,-0.7484996313934147,-0.5102999020553015,-0.4903671546674297,-0.8546384343020056,-0.6992004034990842,0.41025268187244807,0.9183362201706894,-0.6882318423410059,1
0.33900750466038404,-0.4885541407104817,-0.4445202009343899,0.3052077222492148,1,0,0,1,0,0,0.766351957764409,-0.6385266583833976,0.6233486208657331,-0.6177615350656547,-0.07093784311459592,-0.013652472702916979,-0.9986968379637392,-0.909003686299466,1.4383412915822822,-0.8507533815337202,0.45952219859662286,-0.14792031096022368,-1.2515926917202067,-0.34268937105575176,0.03889803976059334,0.9945326590111243,-0.7569630902170837,-0.39914399666446004,-0.604544012877736,0.39783372969061137,1.0463010823919434,1.286603289004908,-0.9668513203692978,0.3987212897791689,-0.9870877893862644,-0.39783372969061137,0.6045440128777353,-0.3696425082138195,-0.03432821836595151,-0.20030810005147043,0.33072225315718967,7.593435579547688e-4,-0.8126095827270634,-0.30171300108041293,-0.04256332662598434,-0.23228628620644656,0.77843026520473,0.9587239960437993,-0.48749186102961545,-0.8793552956620708,-0.685407289429221,-0.6992004034990842,1.0276167615398821,1.4054416161681371,-0.45626319576493324,1
-1.5371116474179702,-0.6946962684821769,-0.4445202009343899,1.0385308760612593,1,0,0,1,0,0,0.5013542806776271,-0.6007309732901579,2.0305985767773422,-0.7207611733853241,0.48707896399944645,0.0950153522070524,-0.18334919018544604,4.810709639594421,-0.3114787628796796,-0.057761732267212644,-0.9574548978291959,-0.8668804638591858,0.4839493197613932,-0.2713815564925803,5.020343142348828,-0.08644168166505473,-0.30064474134478386,-0.9133306513247682,-0.8822105547849768,-0.30735587342307225,-0.016209741489021247,-1.5735804033453227,0.33893634978746723,-0.22008180529439977,0.3530486438237639,0.30735587342307225,0.882210554784976,-0.10968571440330459,5.319184835965417,0.7033877667557571,0.5460639280682098,0.39332978897346543,-0.14050304819025958,-0.08422177500596675,0.3819259708157405,0.5531876071447698,-0.13134947951958942,-1.5283425229388086,-0.43173887185571586,-0.2022277909676956,-0.2717311575179701,-0.11760877902441451,-0.48149543320273464,-0.6666892747416404,-0.3188002940902252,1
0.44180855408933456,-0.6173929705677911,-0.4445202009343899,-1.161438585374874,1,0,0,1,0,0,0.8042087687768065,-0.6402710746184702,0.40586453677030254,-0.5784133586289271,-0.19062428511592067,-0.04540315405521256,-0.24354541125478318,-0.47433780944842496,1.3998445497609089,-1.069352836247093,-1.8020410939118836,-1.6257349097333893,0.9877401317808648,-1.0248983738561797,0.014480199532669307,-1.155835817033604,-1.5184614994988752,-2.953542591039727,-2.147135912362408,-0.08780526073650123,-0.6854105562454854,0.6655494756122471,-3.0751379223306894,-0.061053737154865895,-0.5408178009436344,0.08780526073650123,2.147135912362407,-1.17736540326792,-0.5596729573423944,-1.7378040882100778,-1.9303653334085251,-2.2522536475223704,-1.8207693845322692,-0.22015379130249568,1.1201682272361313,-1.4104971262332722,-0.6926373220274746,0.5034643620605421,-0.2776578835933038,-1.761061748583257,-1.6669479296913718,1.9972698554289314,0.6160407084282594,0.6260729825722207,-0.45626319576493324,0
-0.25209852955608386,0.0010334127472937634,0.5693561964423357,-0.13478617003801185,1,0,0,1,0,0,0.5644489656982895,-0.6187566077192415,0.9815577005523245,-0.6507445653140882,0.1600384416897268,0.027042062551433693,-0.3407705232872871,-0.09582442690148477,-0.7150140276254637,0.9887638810788445,1.0576134416843377,-0.02039582676211257,-0.6242460044430308,-0.030999506546794307,0.5067180458523101,-1.4299139478374425,0.6329505423983446,0.03557496997129339,-1.4375436385994584,1.3979208031972914,0.4428753662197567,0.6391410478262264,-0.4594774883254745,-0.708133290552464,-1.3402172377575094,-1.3979208031972914,1.4375436385994576,-0.2582324537235989,0.11577027848446049,-0.9008240236503626,-1.4135453136220761,-1.1428154322176651,0.16404522527173035,-1.1173050988595852,-0.6516131881728072,-0.4803306735805153,0.27882240539001907,0.4275877563966659,-0.40538291333714505,-0.5681647828663581,-0.7869459763528921,-0.667477223982284,-0.4540570296619595,0.23638866577426285,-0.2706882785040748,0
0.3647077670176212,-2.086155630941119,-0.15484123025532542,0.3052077222492148,1,0,0,1,0,0,0.2868323516073751,-0.5611908719618456,0.7256940722047591,-0.6310704770957244,0.20701448045375836,0.05610958773311275,-0.2875364035507499,-0.456771250305597,0.8852933962212198,-0.5831987619109797,0.16612283466151018,-0.3357789597251814,-0.7922372135859366,0.21346320206686265,-0.6778439075115053,-0.299930089373046,0.049870129667837645,0.04939355987285284,-0.4291756706205303,-0.032311248161723795,0.6131162848944784,-0.052116270351536126,-1.5116265448110986,0.8373142694018771,-0.1677446235465929,0.032311248161723795,0.4291756706205296,0.3235756086142207,-0.5179789304395023,0.475947531821052,0.23740752736241424,0.2510941203446566,0.6296190226331623,-0.49201782389555315,-0.3563162856046509,0.2086815135696748,0.43148036255562516,-0.17942508891434333,-0.39625969692687113,-1.0738493661593913,-0.7277150756474172,0.3318029307969218,0.41025268187244807,0.4312308241732417,-0.30161743138088487,0
-0.1749977424843705,-0.6431607365392533,-0.4445202009343899,1.478524768348486,1,0,0,1,0,0,0.5139732176817596,-0.6013124453685155,0.43145089960505906,-0.5847785048172213,-0.04928804365280474,-0.010522123837197696,-1.0851610397056757,-2.404603258673914,1.9486547014028504,-1.603570692582473,-0.0808988438454514,-0.3957742568578106,0.22601810843018508,-0.5642160172627992,-1.0159556807191255,1.473993537766684,-1.8650290991732026,-1.120326250138921,-0.9237009575987005,0.3763264807979944,0.9451848449649198,2.2826313378528327,-1.1826549030759794,0.3169896225642005,-0.9886080703514171,-0.3763264807979944,0.9237009575986999,-0.5924626171942612,-1.009968447893631,-0.31857702221751816,0.459927258103802,-0.3576745413866426,-1.0646495331783645,0.35076067714292497,0.954063719541543,-0.4183195767369984,1.1670141561717275,2.6280093206490753,0.8171280856396278,0.015317428625603584,0.1438253204474232,0.4428340591057229,0.9453015509175579,1.2941032399401495,0.5953280020465953,1
-1.8969153204192981,-1.2615871198543382,0.27967722576327125,-0.13478617003801185,1,0,0,1,0,0,2.495146327330558,-0.7414472162526812,0.6361418022831113,-0.618340184719136,-0.5469895809938259,-0.09235838704100179,-0.3370324740253464,-1.0041262837573397,-0.05816092996880313,-0.44426112199219164,0.43433254349676154,-0.207975445960497,-0.954434695044723,-0.679438086350925,-1.1323237461616582,-0.8201515592945959,-1.7266626648437684,-1.1115325243184686,-1.1014209826064827,0.8087222172553705,-0.21023467089473732,0.24385776525706013,-0.7446652823061727,-1.111961027148168,-1.6498487461468017,-0.8087222172553705,1.101420982606482,-0.20252742647848845,-0.5596729573423944,2.6745364695232023,1.6873748050966186,0.7346953936826055,3.0625046554616975,0.5954383064766764,1.397009073393778,2.930279652812927,-0.22078545442469194,0.19995793940503753,-0.06782390615699217,-0.4385020692014777,-0.8207922053274488,-0.2233527107470814,0.36909507656128593,0.9044189231421907,-0.5181215015185524,1
0.3904080293748593,-0.7204640344536393,-0.15484123025532542,-0.13478617003801185,1,0,0,1,0,0,0.9177792018139987,-0.654226404499051,0.7768667978742723,-0.6328064260561682,-0.0655707605863332,-0.014099665398019734,0.06238717768699895,-0.989173491349275,0.434905354194238,-0.04950980816985788,0.9262632138605209,0.35461396706679094,-0.7376505611531977,-1.2100465028932665,-2.012454828819566,1.6987256324623403,-1.061597938478232,0.4960081122653662,-1.0117882743416888,1.4871304482518777,-1.2958150973939762,-0.6583614091883382,1.112525247550053,-0.9857777867377637,-0.7199321611717447,-1.487130448251877,1.0117882743416882,-1.223786259305512,-1.9355758451378398,-0.8583685131292175,0.05077807577286339,-0.3747428216220998,-0.7706029243185127,-1.3076099216747252,-1.0945585420250417,-0.6870343297255728,-1.2477571662660425,-0.7105613285614767,-0.378013264106322,0.22277777048941236,-0.194636969298146,-1.1433249167342867,-0.6186874509066087,0.06938110143228039,-0.1469716669968365,1
-1.2030082367738797,0.7482986259196881,-0.15484123025532542,1.0385308760612593,1,0,0,0,1,0,0.13540510755778543,-0.5059510245178798,0.6873145279526244,-0.6258626302143927,0.2862315061001322,0.09456815951194965,-1.3842552907266203,-0.5094093243306698,0.6764898057028589,-0.19944891458784328,0.7250366223905319,-0.1509398840586772,-1.1014554036096,-0.8143923993397336,1.2907909840180207,-0.677409680577435,0.21758527668836097,0.08136573925687673,-0.7497849732599842,0.5377636082882545,1.1111093885380072,1.9922663562274592,-1.6055156267782236,0.4851964519985943,-0.8631453106476358,-0.5377636082882545,0.7497849732599834,-0.7317251853070371,1.3165582532877582,0.2545723698179399,-0.1473362651452761,-0.05044549714841698,0.7311351137871589,-0.5463906304141645,-0.26403600355210183,0.38782468222872474,0.77843026520473,1.4898602356909325,-0.6334633235940058,-1.2942759793896883,-1.057715808149347,-0.1916295312302808,0.28677986593896093,0.6260729825722207,-0.6418381130257917,0
0.4932090788038099,-0.8493028643109486,0.27967722576327125,0.3052077222492148,1,0,0,1,0,0,0.03445361152472564,-0.4733885881298579,0.29072590401389814,-0.5639471172918948,0.16360634829664183,0.07176133206170916,0.39419135765180785,0.9481565890736834,-0.6758788691727662,1.0853868265638327,0.10390401037907596,0.6369641089938034,0.1951350677459074,-0.11894019823419093,0.29129315741033673,-1.057917983000226,-0.2670808934736466,-1.5717625012407628,-0.3182898459630537,1.1844190684037315,-0.6669763231424262,-1.00956358396572,-0.1391564914585651,-1.731120421473538,-1.6696004660056272,-1.1844190684037315,0.318289845963053,-0.11896988561082296,0.26586877533487285,-1.6069330893092284e-4,-0.5478717804797735,-0.6136987449184976,-0.37153966943728567,1.166352774922097,1.5077454118568363,-0.4803306735805153,-0.7481493064513315,-1.0899443568808573,-0.7155722712864762,-0.671894953798262,-1.2438700675094103,-0.7309235830158842,0.28677986593896093,1.0714264874841732,-0.76555472453303,1
0.33900750466038404,-0.514321906681944,-0.4445202009343899,0.3052077222492148,1,0,0,1,0,0,0.766351957764409,-0.6385266583833976,-0.5408308881156891,-0.15657776124106768,-1.0812052536229355,-0.37006505069981244,-0.16281413001725467,0.10750056867747446,0.3374035260891348,-0.0936158852828268,0.4093642187792354,-0.06002588111860903,-0.4835904205651071,-0.3089227011242345,0.19770415241936737,0.7227262253990726,-0.772053240065146,-0.15447241419224036,-0.7046860443852642,0.617030896486598,-0.08227491191381549,0.0505077756131328,0.2650282338257178,-0.6390857554954328,-0.6830057802634977,-0.6170308964865974,0.7046860443852634,-0.4253475354589299,-0.03432821836595151,-0.6097005229339397,-0.173177266134598,-0.4600842227993849,-0.6235796198885869,-0.709509049969999,-0.4855086804782194,-0.6663639641110671,-0.1375174777889068,-0.02767187758659086,-0.21379536872138252,-0.0495139282068366,-0.29617565622181696,-0.5723076854318833,-0.12479618717266176,0.18071947766026855,-0.5181215015185524,1
-0.35489957898503444,0.05256894469021735,-0.8790386569529866,-1.161438585374874,1,0,0,0,1,0,0.21111872958258027,-0.5332802122006839,2.4143940192986904,-0.7317555168014686,0.7301418348172453,0.15538636604592426,-0.7622604757008818,-0.12150920088843034,0.6499296148519795,-0.6376255600822336,0.11609499384012574,0.17445801797416072,0.2807151847199235,-0.9033609195866815,-0.5140523934047585,-0.27083882093184214,-0.7153998617400067,0.19982306886068027,0.3041828515459622,-0.06374491962016399,0.15731416006546672,-0.3481912114818819,-1.1606424517138205,0.15201273874139637,0.044159156481411714,0.06374491962016399,-0.3041828515459622,-0.8152827261747027,-0.40957446049198204,0.2727675886127153,0.08523274375862654,-0.20406001926752979,1.1722050270769362,0.5138790966987595,0.40038202722625016,0.44983577907224165,0.41760236644966076,-0.02767187758659086,1.0543317123067637,0.20981149912292413,0.2622871218583729,1.870377137361731,0.4514102871836102,0.45906541823023866,1.3994859768436472,0
1.110015375377516,-1.5450325455404195,-0.15484123025532542,-0.4281154315628296,1,0,0,1,0,0,0.12278617055365294,-0.5053695524395223,0.4954168066919504,-0.5951941985798844,0.20771262152826656,0.07131413936660641,-0.38986157857675274,-3.549092626444696,-0.5325858450885051,0.06251350360152934,-0.33587296982095133,-0.08684439543608885,0.3768069498080387,-0.8076499507256931,-0.1398335485874244,-0.6544614157040091,-0.1859565325212202,-0.9875534975483968,-0.4019224822967764,0.28017642692511974,-0.2648822992219641,4.731158831561653,0.07039208520320445,-0.26884302479362965,-0.5275024681941874,-0.28017642692511974,0.40192248229677574,-0.7874302125521474,-0.18442671521636386,-0.16391766246191838,-0.4703487775118068,-0.5112890635057554,-0.34003467563087314,0.02452383803125581,0.2342775195316623,-0.4803306735805153,-0.1137266273215397,5.023542156608595,0.66594335655508,0.6025042890794194,0.4508589690023328,0.04856025653977746,0.028074918268798287,0.17276673650112656,0.33905787821017314,1
-1.5371116474179702,-0.7204640344536393,-0.15484123025532542,0.5985369837740325,1,0,0,1,0,0,0.6780193987354818,-0.6286416330513195,-0.5024513438635544,-0.191296740449945,-0.9692823191250707,-0.3356312131769003,-1.2639853888985961,-0.852496866863727,0.1826653572042028,-1.3038245898646879,-0.7127205597798929,-0.10166014252019949,0.8482117123917191,-0.2317446683499351,-0.13398103791713942,-1.073678901610606,-0.53997672242609,-0.39069478995739326,-0.007768161614413057,-0.13094794135889734,1.526045910028316,1.0358594410737192,-1.328653413543955,1.2259512304681934,0.5451342140681679,0.13094794135889734,0.007768161614412348,-0.4253475354589299,-0.40957446049198204,-0.9099216330477515,-1.258499307686141,-1.3647030752786062,0.19555021907814235,-0.13859458152457876,-0.1532996650890431,-0.790386157798101,1.6943780081983673,1.2622304186993043,0.6529101902546883,-0.1921429132382052,0.2961333508329291,1.4579758036433286,-0.5363722402842841,-0.6543183440496418,0.5334696962929761,0
-0.6119022025574117,-0.23087648099586283,-1.168717627632051,0.5985369837740325,1,0,0,1,0,0,0.4130217216486998,-0.5838682830177894,0.08603500133584588,-0.48756536303236475,-0.20289467442323905,-0.07223471576137783,-0.10086338132581114,1.1228114939764084,-3.8324379317874957,0.45753172033965206,-0.4341062458642351,-0.5463156324598261,0.01525757075643891,-0.522609691149604,0.7124657646900918,-3.2172678811535653,0.24481824749280517,-0.49290439470600833,0.13830413819877924,-0.8822777243979375,-0.3819324586540465,-0.8273614499175849,2.0060270917565273,-0.37533825325384634,0.08313417502130131,0.8822777243979375,-0.13830413819877996,-0.5367575899491508,0.5660657690356972,-0.2185033188462471,-1.8011603284619129,-1.6377955590459181,2.0858498474629035,0.4323198869208419,0.40038202722625016,-0.35630847989348147,-0.2855494362525249,-0.6852691266735177,0.3994875121915103,1.4257596139358026,1.1573318436299884,-1.2102960734919759,1.1648087792437567,0.7559677548382072,0.2997827634459683,0
-2.1539179439916754,0.23294330649045036,-0.15484123025532542,1.0385308760612593,1,0,0,0,1,0,1.9272941621445965,-0.7210956935101674,-0.20820817126385424,-0.3533186434247058,-0.9705717948703143,-0.281520897069467,0.22785009030642658,-1.5219974137744587,-0.7956623475477683,0.2663210895333275,2.1387335749914103,3.257733561154022,-0.9443096223814295,1.0611335511361932,-1.2378415318866263,-1.5423288061749532,1.6779221056055669,3.726270168549569,4.948786825267084,-0.4649864905896614,0.743441044282769,0.8489467421692879,-0.4621946246385626,1.3040162270618432,0.8575191659202456,0.4649864905896614,-4.948786825267085,-0.20252742647848845,-1.685411683720486,-3.1024454978183087,-3.0932103779280355,-2.5936192522315107,0.06953024385249205,-1.0357458890816678,-2.2019219266556282,-2.340663578886029,0.6951622885689447,0.8069707847160468,0.041654690766301246,-0.2051091846046925,0.31305646532020776,0.3476645205553221,0.12214944469431245,-0.09762646290970158,0.34789477903211874,1
-1.8969153204192981,1.9593836265783975,0.27967722576327125,-0.13478617003801185,1,0,0,1,0,0,2.495146327330558,-0.7414472162526812,0.13720772700535894,-0.5124472981320601,-0.8138979998053215,-0.17419465024480588,0.46701534552600904,-1.2198682644655856,-0.9360791919414809,-0.3938008013859095,-1.8559927173079707e-4,-0.9491991533383505,-0.9344329451923524,0.11397989234814158,-1.1361311911643255,-0.7575797152245901,-0.7105843245823684,-0.09844266869939175,-1.4375436385994584,0.13114384342216406,-0.5355088409177707,0.5361561895815408,0.5183570611310677,-0.17260377578199168,-0.09586881753105153,-0.13114384342216406,1.4375436385994576,0.6330479821981672,-0.6847550380510711,2.022541129377046,1.213623120292374,0.8200367948598906,2.799963040408259,-0.49201782389555315,0.1973654067106424,2.620224168595341,-0.624789341064983,0.2421116092183019,-0.6446139214287867,-0.30307656826260265,-0.3469449996836519,-0.857816301083085,0.06727263761276221,0.13742122023827333,-0.5249946466022879,0
0.3904080293748593,-0.5916252045963298,-0.15484123025532542,1.478524768348486,1,0,0,1,0,0,0.9177792018139987,-0.654226404499051,-0.630383158037337,0.08645509322107353,-1.356885745823417,-0.5699601854107438,-2.770500379508378,-2.177380304752978,1.0370785541043752,-2.0581552191895973,-0.5333228682594566,-1.0523995229579333,-0.11355686848656628,-1.0895815343210595,-1.3916354287275925,1.2960214614490684,-0.8347061474994383,0.5088717336095043,-0.7279513648365089,-0.7133741297612556,2.7637511882173906,1.5944129781894019,-0.11534454487485343,1.9527545925778522,1.1901600527627265,0.7133741297612556,0.7279513648365081,-1.17736540326792,-1.4977885626574707,-1.3284116653276086,-0.5737127814690962,-0.8441205280971675,-0.9543820548559203,-1.4435419379712537,-1.3713993881826885,-1.1004416420156866,2.055205906953436,1.0346006017076752,-0.8524205174405927,-0.7756251247301669,-0.0423289389126401,-0.7626467625326843,-0.7010026615289333,-1.0440026608476,-0.5799798072721716,0
0.7502117023761872,0.4133176682906843,1.0038746524609323,0.3052077222492148,0,1,0,1,0,0,0.6906383357396142,-0.6315489934431072,0.36748499251816774,-0.5760987600150019,-0.16365319135816114,-0.040484034409082256,0.7145014205884203,0.6220753468621305,-1.1300903943033291,0.19837921705482045,-1.0062975788706703,-0.4316156903803707,0.8082831614760971,1.137160400190063,1.6750607829071944,-1.3319284593760883,0.47387992973213855,-0.9739829025299002,-0.18963998474047816,-0.4005896952488784,0.14270565489636597,0.8242211845456091,0.20641177628294072,0.20189370261242126,0.35733140299611316,0.4005896952488784,0.18963998474047747,0.9951306592913848,1.4666567501381707,-0.1548200530645294,-0.806281790372998,-0.596630464683041,-0.15100471279239655,0.758556726032511,0.954063719541543,-0.29429738304996345,0.3343343898138759,1.1104772073715516,0.7988816528190786,0.7932937106148858,0.8376730144258402,0.5697267771729232,0.7806711296729086,0.6260729825722207,1.0901944480755505,0
0.6217103905899984,0.49062096620506923,-1.6032360836506476,0.3052077222492148,1,0,0,1,0,0,-0.4198281206240434,-0.23847386847341406,0.022069094248954552,-0.46846992446748226,0.4742445592557529,0.17864038619126751,-0.7002093300508727,-1.166363145608625,0.4998794098918958,-0.3191312324733503,0.5494189907660466,-1.1828072627499493,-1.5855550628438562,-1.13668500618105,-1.326038031895555,-0.3296809312035665,-0.8431303652710496,-0.8721645509828251,-1.631068804171171,0.004466147444651183,-0.1621041466044757,0.2724742306705539,-1.0146494409333655,-0.4049079311411424,-1.5657705273000742,-0.004466147444651183,1.631068804171171,-1.1216603760228097,-1.3101654415944555,-0.4732363819731166,-0.5607922809744348,-0.8355863879794388,-0.2770246880180474,-0.8726274695258333,-0.2086678343205727,-0.4803306735805153,-0.19302946221276363,0.19995793940503753,-0.14080963743918734,-0.6329961396987983,-0.7361766328910565,-0.44541496736468245,1.5215080252738291,1.6837875567381073,-0.5799798072721716,0
0.33900750466038404,0.05256894469021735,-0.4445202009343899,-1.161438585374874,1,0,0,0,1,0,0.766351957764409,-0.6385266583833976,2.4143940192986904,-0.7317555168014686,0.4501459639113209,0.07444448823232569,-0.405603074546635,0.47473281545942864,1.3344875052108405,-1.07881983025711,-0.6547159164579871,-0.8358630331311303,0.3452820883062217,-0.35171437049946774,0.02098999410794809,0.8291158309022199,-1.033598933406274,-0.4629782620144162,-1.0383979846077995,-0.11014700605881177,0.212572093751627,-0.6305583724261146,-0.9911076747884598,0.43251698170215214,0.3991545952888928,0.11014700605881177,1.0383979846077986,-0.5089050763265954,-0.25947596364157,-0.8371407578686448,-0.3282232720705331,-0.6990401460957827,-0.9386295579527137,-0.709509049969999,-0.319404172783631,-0.790386157798101,0.3620903820258042,-0.4323471077939307,0.6377048295708971,-0.014937204562868624,0.1607484349347019,1.5214221626769286,0.06727263761276221,0.013711913318286572,0.8840000955634856,1
-1.0231064002732158,1.109047349520155,-0.15484123025532542,-0.13478617003801185,1,0,0,1,0,0,-0.028641073495936725,-0.42512640562618254,0.11162136417060241,-0.5002956554089532,0.10182512226897887,0.059687129293934785,-0.035794984640264337,-0.7457273186886871,0.8378340531240203,-0.6887432608000267,0.15082625735915783,-0.13236115928089265,0.19326765857442704,-0.8563677283709724,-1.074777865920999,0.47417816226073284,-0.8928928906033515,-0.7080495016303403,-0.8251557858999272,0.6378546273322141,-0.8058987464262934,-0.05315472407191963,-0.6688438947230642,0.04507040545892684,-0.8873540491171861,-0.6378546273322141,0.8251557858999266,-0.9266927806649233,-1.1600669447440433,-0.8280431484712572,-0.4832692780064673,-0.7843815472730677,-0.9701345517591269,-0.22015379130249568,0.17890935030013266,-0.728375060954584,-0.7481493064513315,-0.02767187758659086,0.07814755640739948,-0.2829068128036209,-0.24540631275998087,-0.2550758902638815,-0.04248097655033679,0.29205785388825667,-0.08511336124321738,0
-2.1539179439916754,-0.17934094905293926,-0.15484123025532542,-0.4281154315628296,1,0,0,1,0,0,1.9272941621445965,-0.7210956935101674,0.5082099881093286,-0.5957728482333657,-0.48278631356750484,-0.09414715782141281,0.4211342619675612,0.8299153986688145,-0.7399386260201265,2.1213718369762025,1.719318428623901,2.3876127976948003,-1.3728392327883805,0.18192990769404296,0.10838175689936484,0.5584431081268796,1.2645267619191927,1.5885977901300852,2.110417730215288,1.1633324773130074,-0.4038152226573236,-1.0305104650602512,1.5727023574796943,-1.6119534011786862,-0.6842416158990529,-1.1633324773130074,-2.1104177302152882,-0.06326485836571254,-0.18442671521636386,-0.8280431484712572,-0.44450777652248397,0.0519641842643253,-0.5605696322757617,-0.6279498401920818,-1.3713993881826885,-0.4803306735805153,-0.3595654154843339,-0.9381911455531051,0.13288685486904556,0.9359226956462544,0.1438253204474232,-0.667477223982284,-0.04248097655033679,0.6260729825722207,0.038603250264021984,1
1.958124033166361,-0.5916252045963298,-0.15484123025532542,1.478524768348486,1,0,0,1,0,0,0.1480240445619179,-0.5175804660850305,-0.630383158037337,0.08645509322107353,-0.9765561738802919,-0.46486990206159645,-2.580822149787108,-0.3382611154321734,0.2663825460520105,-1.6576694885619374,-1.511474904351453,-0.7596231213414046,1.4886111221400022,-0.6562802586123864,0.8428876304584914,0.5033284868628419,-0.2890831898433204,-0.40673347241527114,-0.4291756706205303,-0.6103841330315712,2.932948521764809,1.3086603213408374,0.141642724161714,1.9527545925778522,1.5678953300320415,0.6103841330315712,0.4291756706205296,-0.7038726716844818,0.5660657690356972,-0.4914316007678933,-0.173177266134598,-0.27233314020935756,-0.9386295579527137,0.10608304780917345,0.34501385799472056,-0.35630847989348147,2.110717891377293,0.7310941790521709,-0.989268763594709,-0.7756251247301669,-0.0423289389126401,-0.7626467625326843,-1.277209135885205,-1.6006945419875402,-0.5799798072721716,0
0.4932090788038099,0.4133176682906843,0.27967722576327125,0.3052077222492148,1,0,0,1,0,0,0.03445361152472564,-0.4733885881298579,0.36748499251816774,-0.5760987600150019,0.2060905825372519,0.081152378658867,-0.2976389760074034,-0.18919003706537885,-1.1342158710964907,-0.2613208344576846,-1.20754297748969,-0.4072239027656488,1.1903877139819115,-0.225720904428257,0.26286312465627415,-0.8633430618163818,-0.24820125080489377,-1.1423263982684004,0.1039844044028122,-0.6585353003337585,0.18833657335789197,0.5229997710167127,0.6829345756075206,0.10691547672373836,0.45460561920255493,0.6585353003337585,-0.10398440440281291,-0.3417899945912644,0.04072103005925432,-0.555114866549611,-0.8838047933409655,-0.9209277891567239,-0.5290646384693491,0.9216751455883455,0.954063719541543,-0.9144083514851348,0.3343343898138759,0.7310941790521709,0.6255405410238652,0.9099901529132779,0.9053654723749538,0.15732544345452057,0.6983559190505837,0.4033962301162448,0.7809029193074537,1
1.110015375377516,0.33601437037629844,-0.15484123025532542,-0.4281154315628296,1,0,0,1,0,0,0.12278617055365294,-0.5053695524395223,0.764073616456894,-0.6328064260561682,0.3266948961453316,0.10038166454828545,-0.4068332759072016,-0.12848518653798627,-0.9384507044597827,0.6489871435351079,-0.21515273147357697,0.399485731594706,-0.01094775577537224,-0.6848139349695656,-0.3492740572079768,-0.41471933206424416,0.27083168386118833,-0.49859141651907735,-0.4481121582821066,0.9892830742375731,-0.11854644133615688,-0.1735451323315174,0.8661406179365727,-0.6081877001094749,-0.20706838705766548,-0.9892830742375731,0.4481121582821059,-0.5646101035717058,-0.18442671521636386,0.5093054329448095,0.2015172482105774,0.3079883877961804,0.038025250046078915,-0.13859458152457876,0.06817301183707392,0.44983577907224165,-0.3040534310604773,-0.4070549059059717,-0.7885580025686714,-0.2699405414371327,-0.48232991558187904,-1.016432198667086,-0.7833178721512579,-0.4316415915936655,-0.6418381130257917,0
-0.9460056132015023,-0.7204640344536393,0.27967722576327125,0.5985369837740325,1,0,0,1,0,0,-0.571255364673633,-0.1134573716265442,-0.5024513438635544,-0.191296740449945,0.17807456053538515,0.060581514684140296,-1.042068903016072,-0.3533718064324216,0.24261630274578547,0.11857761276346485,0.12562513718711946,0.2616851835314117,0.12784492589593585,-0.23613609336717808,0.24588232180931335,-0.7746404599281941,1.1715956780721728,0.818695953753215,0.6060821098378343,-0.2441974779926877,1.2130777742277874,0.731333406461608,-1.1101035697344144,1.0015435142661449,0.6359784216467612,0.2441974779926877,-0.606082109837835,-0.48105256270404034,-0.18442671521636386,-1.1464594773798444,-1.3101813096647865,-0.8697229484503528,-0.24551969421163483,-0.7910682597479163,-1.0945585420250417,-1.0384305451721696,1.1670141561717275,0.7310941790521709,0.12376363845877164,-0.47740088330094144,-0.07617516788719629,1.0455744699249259,-0.7010026615289333,-0.8769950965056176,-0.08511336124321738,1
-2.1539179439916754,-0.5916252045963298,-0.15484123025532542,1.478524768348486,1,0,0,1,0,0,1.9272941621445965,-0.7210956935101674,-0.630383158037337,0.08645509322107353,-1.6561370912097928,-0.6213873453475606,-2.0886228194991414,0.22894182622899184,-0.3240206406981086,-0.2532776210612885,-0.04400244642831903,-0.22037740425460348,-0.060910670807394,0.3334479959062959,0.8581495764888264,0.08094174821871787,1.5452273039284599,1.6820865047716411,0.30418285154596364,-0.6022533438160685,3.23745818184198,0.5454455658962647,0.524285721557405,1.874382669474871,1.6994354157557172,0.6022533438160685,-0.30418285154596436,-0.016844002328120476,0.3159016076183434,-1.1009714303929035,-0.8967252938356269,-0.31784855417057606,-0.4555529862543859,-1.5794739542677825,-1.8328007984454329,-0.6870343297255728,2.2494978524369347,0.04820472807728505,-1.1534866589796486,-0.7496925819971905,-0.0423289389126401,-1.0481553781838862,-1.4418395571298541,-1.7677021063295222,-0.7036964187794109,0
0.33900750466038404,0.49062096620506923,-0.4445202009343899,0.3052077222492148,1,0,0,1,0,0,0.766351957764409,-0.6385266583833976,0.022069094248954552,-0.46846992446748226,-0.4129020876126085,-0.12902818803942767,0.06161435823622771,-0.3050460374730456,1.342550451905906,-0.36714015605253614,0.6193408652187509,-0.7460234256497986,-0.8780288713712746,-0.07358262360441123,-0.6414212977960502,1.1422842416348644,-0.6162358377350273,-0.07982943205097293,-0.83882515761197,-0.18555039652161812,-0.15919915549517502,-0.22387651570292938,-0.6874259420910159,-0.11506624311601149,-0.8831113604604138,0.18555039652161812,0.8388251576119693,-0.2582324537235989,-0.7848207026180125,-0.7552622732921518,-0.10857476366129187,-0.34060626115118536,-1.0961545269847772,-0.6279498401920818,-0.319404172783631,-0.6043528672675491,-0.24854144663662048,-0.3311783002420958,-0.39625969692687113,-0.671894953798262,-0.6684841749419423,-0.44541496736468245,0.6160407084282594,0.5704037944582268,-0.8892713360402683,0
-0.5862019402001745,-0.9523739281967958,1.4383931084795292,0.3052077222492148,1,0,0,1,0,0,-0.6091121756860305,0.08424313501501743,-0.5920036137852022,-0.1102857889625646,0.09017389496787814,0.1500200537046912,2.3257179995980266,-0.07914463726328469,1.1176993207538237,0.2648054799183373,0.5306015926044328,-0.033295872964560234,-0.6038765991570638,3.3890687889078563,-0.016537056973071184,0.7056631618648657,1.9579144861778361,1.929133605905881,0.9573302853504951,-0.9948801208223941,0.1523501090028413,0.09206203779014346,-0.8188089908410738,1.583699369566899,1.193615433666885,0.9948801208223941,-0.9573302853504958,2.1927887450612573,-0.4846237089171882,-1.4375829780962672,-0.9225662948249498,-0.20406001926752979,-1.2851844898232538,-1.6882195673050053,-2.0911855881925696,-1.1004416420156866,-0.19302946221276363,-0.3311783002420958,-1.2173491738515698,-1.385039878955104,-0.8038690908401701,-0.1916295312302808,-0.9479482933959068,-1.378017789531564,-1.0129879475475077,1
0.4932090788038099,-0.5916252045963298,0.27967722576327125,1.478524768348486,1,0,0,1,0,0,0.03445361152472564,-0.4733885881298579,-0.630383158037337,0.08645509322107353,-0.8958498657963117,-0.43088325723378706,-2.4877793267378134,-0.7238191801316471,-0.736881860357078,-1.6269232889459087,-1.8800607974914432,-0.49734888635531727,2.1345473870260525,0.17674585749878088,-0.47590972263817877,-0.437879300263553,0.08232149855378822,-0.5948274723769222,0.46109514795545875,-1.1356331163529647,3.635920091372275,0.5167086275538012,0.5673157209504388,2.2794969918226333,1.8634378615277458,1.1356331163529647,-0.4610951479554595,-0.03541234474315745,-0.6347222057676005,-0.7097742263052108,-0.806281790372998,-0.7331767065666972,-0.7180946013078251,0.4323198869208419,0.2342775195316623,-1.1624527388592034,2.33276582907272,-0.1035484832504671,-1.481922449749529,-1.0219842806934394,-0.194636969298146,-1.4288335323854886,-1.7711003996191523,-2.213055611241474,-1.3222794763156045,0
-0.7404035143436003,-1.41619371568311,1.4383931084795292,1.0385308760612593,1,0,0,1,0,0,-0.3188766245909836,-0.3140652386598935,-0.8478672421327675,1.657488902422772,-2.4558596404322057,-1.522480625979611,-0.08581354043060815,0.9333614161635757,1.6237367000491996,-0.5585296316767556,-0.007694165110191758,0.3468366573387377,0.3381170577848991,0.9183167599228488,0.17217541017867993,0.8330917050504155,0.41245195566654524,0.4461594327575496,-0.11972941589683889,0.5917900106131198,1.0368971032205319,-1.1085862890844127,-1.3825256439507878,1.1635177979962659,0.4455906396727883,-0.5917900106131198,0.11972941589683818,0.9672781456688292,0.26586877533487285,0.3182556355996563,0.7183372679970265,0.8712416355662611,-0.4660546508565234,-0.38327221085833024,-0.3747723420151606,0.20179139169817292,1.0004782029001573,-1.0140677512169813,0.12376363845877164,-0.62002986833231,-0.1607907403235886,1.0138512904081252,-0.9479482933959068,-0.8213259083916238,0.22417816752487937,1
-0.14929748012713334,-0.9523739281967958,0.27967722576327125,-0.8681093238500562,1,0,0,1,0,0,-0.15483044353726144,-0.37163097441728943,-0.42569225535928473,-0.2427965596097797,-0.3158344733666735,-0.0981718920773376,-0.8161342699692734,-1.006485990198942,0.642024222771946,-0.33049504635819743,-0.22675550473206507,-0.17419462655680656,-0.3656538603433204,-1.0232745288235885,0.018892696274071922,0.6686221691443303,-0.7493329729922381,-0.3728053329113618,-0.2682155254971324,0.02843219803499119,0.1124107169786682,1.4003598964517074,-0.20576782215415382,-0.2965482631454653,-0.0691785851963092,-0.02843219803499119,0.2682155254971317,-0.8152827261747027,0.41596727218528484,1.2280165753384769,1.4418852956980555,1.0077878774499178,0.41608517572303205,-0.05703537174666111,0.06817301183707392,0.8219023601333442,0.11228645211844858,1.33810702436318,0.06902433999712428,-0.0495139282068366,-0.1607907403235886,0.37938770007212164,0.2044646553166367,0.23638866577426285,0.10046155601764112,0
-0.14929748012713334,-0.87507063028241,-0.8790386569529866,-0.4281154315628296,1,0,0,1,0,0,-0.4576849316364408,-0.2239370665144757,-0.68155588370685,0.2050782721847377,-0.5129993634100525,-0.33071209353077,0.02402380808144832,-1.102197526169772,-0.2687973649071654,-0.15881614706724761,-0.6340156730909423,0.42771104132291393,1.2605775041589005,-0.10069660653594811,0.8367003550407885,-1.5226766202864104,0.4753562231211528,-0.5855305529251629,0.6912331826893887,-0.1022098070627286,-0.13402055272038033,2.3509887429815706,-1.1626881544212622,0.6859054624715761,0.2525948058909496,0.1022098070627286,-0.6912331826893894,-0.09111737198826762,0.7912135143113154,0.04532735367801011,-0.7545997883943533,-0.5454256239766699,0.5421051509486824,1.5741488238116832,1.2862727349307197,-0.23228628620644656,0.1400424443303771,2.9315157433045793,1.1911799584608802,0.31354167005482897,0.5838262971166633,1.8069307783281299,0.36909507656128593,0.3477270420022505,1.2139110595827887,0
-0.020796168340944693,-0.12780541711001567,-0.15484123025532542,0.5985369837740325,1,0,0,1,0,0,-0.7100636717190902,0.3575350118430585,0.41865771818768077,-0.58419985516374,1.504439193439837,0.7264514376921419,-0.5104294660607002,0.71932172923141,1.2110397071495749,0.4430569006124718,1.0463275866484079,-0.5069118549687127,-1.1668604603460415,-0.18820003260030946,0.4467876891681132,0.27983037333465527,0.3954570053057945,0.46191803029678385,-1.0117882743416888,0.312111980532898,0.5217173427074009,-0.5397095488811681,-1.3743293112808108,-0.20641289201159854,-0.9093040560107539,-0.31211198053289735,1.0117882743416882,-0.09111737198826762,0.5660657690356972,0.40923172957353837,0.49868875958778525,0.6493539925053206,0.16404522527173035,-0.8726274695258333,-0.5408768497097485,0.6358690696027934,0.9965130611555962,-0.07102993796594885,1.6694971616852672,0.5469345546516133,0.42668309116336306,1.7706757160232154,1.3215996566196124,1.6837875567381073,1.5762239932825601,1
-0.4320003660567478,0.6194597960623787,-0.15484123025532542,-0.4281154315628296,1,0,0,1,0,0,-0.07911682151246661,-0.3954713296299483,-0.2593808969333673,-0.3388524020876736,-0.1720492573924745,-0.04227280518949327,0.9353211527108709,0.011592505685828473,-0.6426642669774199,1.0776788634324992,1.224381372563034,0.196814437358153,-1.2310948635365846,0.006311480811793187,-0.27016488893152113,-1.1075916991528942,0.52632079105067,0.6502374029385032,0.11065768597424898,0.15868247298249136,-1.2942804738245768,-0.28655633282037846,-0.23447925957387167,-0.9339839315549766,-0.9569254840628406,-0.15868247298249136,-0.11065768597424969,0.18740776423728422,-0.03432821836595151,0.7549408866742913,0.007709740790658993,0.22264698661889537,1.9283248784308402,-0.13859458152457876,-0.2086678343205727,1.069946747507413,-1.1644891896302574,-0.1035484832504671,0.5708012425622179,0.35244048415429274,-0.0592520533999176,0.3476645205553221,1.0276167615398821,1.2384340518261547,0.40975308478573785,1
-0.9460056132015023,0.4133176682906843,-0.15484123025532542,-1.161438585374874,1,0,0,1,0,0,0.45087853266109723,-0.5914274200364373,-0.24658771551598904,-0.34174565035508003,-0.5074907358040941,-0.1907407799636078,0.49350473084203933,1.8731167239794513,1.058426963905972,0.43159562136544827,0.16156288739563235,1.3469500315842953,0.3891940882263748,-0.4536248568257265,1.4504542375874239,-0.04833337013284825,-0.3072156132895672,-0.9216775320175246,-0.20509389995854563,2.0404888262716314,-1.1394869535146188,-1.1178782733830432,-1.495475492903712,-0.8876875834892229,-1.1098783863522277,-2.0404888262716314,0.20509389995854493,-0.20252742647848845,1.941968656831142,1.1885936012831302,0.9767472778902511,0.7915896611341293,0.12203856686318024,1.1391663716627913,1.397009073393778,0.8632430913623554,-1.1367331974183288,-1.1658209625447336,-0.6334633235940058,-1.2424108939237355,-1.4469474413567518,0.31594134103852145,-0.9479482933959068,-0.04195727479570725,-0.76555472453303,1
-1.1773079744166424,-1.41619371568311,1.0038746524609323,-0.4281154315628296,1,0,0,1,0,0,0.3246891626197725,-0.5739832576857113,-0.6687627022894718,0.14142681030179596,-1.2052425188484166,-0.5507308995213254,1.8837248923896732,-1.5449872516180607,0.3858172371412267,1.7254224139850367,0.39808078848486805,0.22696588392399802,-0.8540365635308529,1.607425025931971,-1.097421017379657,-1.3504089465784475,1.2875454851819113,-0.03761245327593454,-0.37315522795503414,0.679645207448506,-1.0132451716161361,1.0211712049623767,-1.8844558464950127,-1.0542263032891435,-0.5542457613749786,-0.679645207448506,0.3731552279550334,1.5243284181199328,-1.009968447893631,0.06352257247278678,-0.6512357844370638,-0.15285517856115927,0.3845801819166189,-0.6279498401920818,-0.5408768497097485,0.015758101167622184,-0.7481493064513315,1.717490052682561,1.6838336446156987,0.2357440418559006,-0.21156008378542468,3.4248129336849398,0.9453015509175579,1.5167799923961247,1.646919199858125,1
2.343627968524927,-0.978141694168258,-0.8790386569529866,-1.6014324776621007,0,1,0,1,0,0,-0.2684008765744537,-0.3344167614024072,-0.6943490651242283,0.20797152045214415,-0.828691367475449,-0.41791466907580715,0.006394792992446726,0.18161735469126644,-1.6751844216044005,0.04494937685855352,-1.2678042134251215,-0.17315953179109722,1.5155245973723401,0.11712301191369194,-0.8135887821395351,-3.6317019613630728,0.839583337382822,-0.8292602243201203,-0.6392523306161391,0.3978337296906128,0.10813581816328845,-1.064310900712565,-1.3594770078243734,0.7717927572021425,0.8385963627447972,-0.3978337296906128,0.6392523306161384,0.15955525061472892,-0.7097714541928067,0.21818193222838655,-1.749478326483268,-1.4159079159849774,2.27487981030138,0.9216751455883455,1.4523772426253072,0.5118468759157585,0.16779843654230542,-0.9381911455531051,0.29710475025398503,-0.47740088330094144,-0.1607907403235886,1.8069307783281299,-0.7833178721512579,-0.7099875321636356,0.40975308478573785,0
-0.4320003660567478,-1.8027102052550381,-0.8790386569529866,-0.13478617003801185,1,0,0,1,0,0,-0.3062576875868511,-0.3169725990516812,-0.5664172509504457,-0.1450047681714419,-0.40769828851751666,-0.13171134421004418,-0.9136363206303898,0.2728676214025357,-0.7551234708581309,-0.2706091153256367,-0.7336683157373445,0.5733186483374685,1.4152140597333336,-0.5850395596959314,0.45705907583240385,-0.8819870255513692,0.019978396382934593,-0.6314844188330359,0.569588792901455,0.21702702713573208,0.685868909473248,0.08335237484703012,0.1459671792744447,0.3853856924257765,0.3372831160508075,-0.21702702713573208,-0.5695887929014557,-0.3139374809687093,0.9413120111617277,1.3644807162993,0.6149732640397371,0.59814915179895,1.1722050270769362,2.145063292257104,1.9506907657090713,1.13195784435093,0.7506742729928018,0.19995793940503753,0.3700904815361815,0.39133929825375646,0.5330569536548284,0.15732544345452057,-0.6186874509066087,-0.5986491559356475,0.10046155601764112,0
-0.5348014154856993,0.3617821363477598,1.0038746524609323,-0.13478617003801185,1,0,0,1,0,0,-0.4955417426488382,-0.1931190463615264,-0.46407179961141953,-0.2260157196588223,0.0796412357480778,0.026147677161228185,-0.4420375610370549,-0.5883023236159978,1.0251482293065566,-0.36107626343848265,0.9523351973542556,0.3803712851819183,-0.8772711081886964,-0.8898981282552787,-0.20469245421076462,0.23466875714174118,-0.9695920545346908,-0.511645603168985,-0.5702641928891875,1.0843621497876061,-0.27451173539352197,0.6024069947011017,-1.1655925025722502,-0.4736401466903997,-1.7376047458540096,-1.0843621497876061,0.5702641928891868,-0.7317251853070371,0.04072103005925432,0.7822337148664557,0.795860270964994,0.32505666803163763,0.5736101447550955,0.2692014673650073,0.6218547041523672,0.9459245538203791,-0.05424950115312168,0.9587239960437993,0.9904691974348425,0.15794641365697218,-0.0423289389126401,0.31594134103852145,0.8629863402952329,1.739456744852101,0.6571863078002155,1
1.110015375377516,0.0783367106616796,-0.4445202009343899,-0.8681093238500562,0,1,0,1,0,0,0.26159447759911014,-0.5489799583163374,-0.7583149722111197,0.5869870434823882,-1.582256411013798,-0.875839988861028,-0.22320435692515392,2.7022416778700054,0.19252317215720263,-0.3374105634575343,-0.7596936066495689,-0.6395980444796056,0.30853628281748313,-0.10512764179790758,2.7583466317957526,-1.2776366428011061,0.14049267927770095,-0.32921405384045116,-0.16027754582615011,-0.7133741297612556,0.20532879069766624,-0.9456604038799585,-1.5470872371103377,0.5951300391490458,0.6662254481129173,0.7133741297612556,0.16027754582614942,-0.11896988561082296,2.5173462280910557,-0.054746349693259644,-0.7029177864157086,-0.6136987449184976,0.6996301199807459,-0.05703537174666111,0.012804842605544792,-0.10826409251941274,0.11228645211844858,-0.9381911455531051,-0.25028823436248077,-0.9830854665939747,-0.7192535184037778,1.4262526241265279,-0.04248097655033679,-0.3759724034796717,-0.08511336124321738,0
-0.9717058755587404,0.1298722426046032,1.4383931084795292,-0.4281154315628296,1,0,0,1,0,0,0.8420655797892039,-0.6489931557938332,-0.5536240695330674,-0.15657776124106768,-1.1384648577713057,-0.378114519211662,0.8447419392960689,-0.14176340426896494,0.2731583854695397,-0.3045701315610327,-0.13771831461665587,0.08972651886853807,0.05931133377774102,0.6943800313003249,0.03557193395657343,0.4141393883311052,-0.5434373228755058,-0.1834322876052248,-0.19575715951429745,0.3165258375355961,-0.4808178842450511,0.23020990386317028,0.042753482025464286,-0.1274085483455849,-4.537275968439144e-5,-0.3165258375355961,0.19575715951429676,0.8496786437069304,0.23251355381255878,0.6174659002248687,0.7542275471488633,0.47867119015075044,0.2795635358952437,0.4141956180813048,0.5664865349208381,0.8287924820048461,-0.3040534310604773,0.5034643620605421,0.8171280856396278,0.7154960824159574,0.6176725260912207,0.6331731362065233,0.4514102871836102,0.6817421706862145,1.2139110595827887,0
-0.14929748012713334,-0.7462318004251005,0.5693561964423357,-0.4281154315628296,1,0,0,1,0,0,-0.05387894750420167,-0.424544933547825,-0.15703544559434116,-0.36778488476173804,-0.09016236964015273,-0.04227280518949327,-0.7957409053706478,-1.2622546711460156,2.5866127082747887,-1.11317279726555,-0.3173449252037399,-0.32592323682008506,0.2600111117170881,-1.0274583933996444,-0.8689796526559185,1.4659402603968512,-0.9159203516835056,-0.8861281196228299,-0.2611143426240418,-0.18555039652161812,0.07987277888731939,0.8619594096174374,-2.0628576372912333,0.5956136910881604,-0.4525676929291055,0.18555039652161812,0.2611143426240411,-1.038102835155144,-0.9349191994684248,-0.5733100853443877,0.21443774870523882,-0.1699234587966153,-1.726254403113031,0.18764225758709038,0.34501385799472056,-0.8523972546416179,0.11228645211844858,0.8828473903799233,0.1876261533306929,-0.9312203811280227,-0.6684841749419423,1.2041903675089267,0.6160407084282594,0.5704037944582268,0.10046155601764112,0
-0.9460056132015023,-0.87507063028241,-0.8790386569529866,-0.4281154315628296,1,0,0,1,0,0,-0.40720918361991093,-0.24661447757041954,-0.68155588370685,0.2050782721847377,-0.5953914013716011,-0.34815260863977743,0.0399096640658511,-0.7953211853655388,0.9216025349622984,-0.5521162965705959,-0.03580102926339304,0.07113841411786484,0.1020453537643173,-0.06876365643895686,1.0019568566518073,-0.018473864681945586,-0.10129627899980433,0.18838379612130998,0.1359000988749071,-0.037759751214519306,-0.12420319468886419,2.0953416700719956,-1.2784259915537783,0.6454298408169414,0.2304632024140607,0.037759751214519306,-0.1359000988749078,-0.06326485836571254,0.9413120111617277,0.03622974428062242,0.020630241285320403,-0.01630893667750248,0.29006520049738066,0.02452383803125581,-0.04256332662598434,0.139780294854656,0.1400424443303771,2.6280093206490753,1.145563876409508,0.20981149912292413,0.46536449570571364,1.9021003168785307,0.28677986593896093,0.29205785388825667,1.1520527538291696,1
-0.4320003660567478,-0.02473435322416849,-0.15484123025532542,-0.13478617003801185,1,0,0,1,0,0,-0.07911682151246661,-0.3954713296299483,-0.7327286093763631,0.35842043035727916,-1.1907743066096708,-0.5811400027883127,0.2759917192700361,-0.5413785584911975,-1.0702430971166037,0.1904757384676357,0.25435779552588605,1.0062248397218063,0.1699771511249876,0.08214166408866902,-0.2573392251611553,-1.1808718001358776,0.5995292770505677,0.7025075282170384,0.4977080171176754,0.87874991804355,-0.3016982211166575,0.4852622750460963,0.276395890820093,0.33716253424191117,0.35518427770619626,-0.87874991804355,-0.49770801711767615,0.18740776423728422,-0.10937746679115769,0.4547197765604794,-0.26362076959722697,-0.01630893667750248,1.7392949155923647,0.02452383803125581,-0.2086678343205727,0.6358690696027934,-0.22078545442469194,0.5793409677244183,0.33359761589508324,0.4302381123532211,0.549980068142106,0.062155904904119784,-0.7833178721512579,-0.48731077970765985,0.5334696962929761,1
-0.9460056132015023,-1.1842838219399534,-0.15484123025532542,1.0385308760612593,1,0,0,1,0,0,0.45087853266109723,-0.5914274200364373,0.31631226684865466,-0.5685763145197452,-0.0792238020909414,-0.015441243483327998,-1.5983539730647247,1.5735098209077851,0.968900828660906,-1.3046218961714529,-0.5598592722591643,0.040509309406821285,0.8695549744340945,-0.4385314626854217,1.5046570881780548,-0.1865078625738307,-0.22403671843297535,-0.6581223865920693,-0.07652239220167051,0.13114384342216406,1.7843746373395948,-0.652359170525496,-1.511942306286358,1.540309039581227,0.08531605620659861,-0.13114384342216406,0.07652239220166979,-0.2423167316535674,1.852624313467802,0.900502637032502,0.6537347655237203,0.5274377051091989,0.2945659138982973,0.8284646201278684,0.96197345800319,0.6713039820848031,1.7498899926222238,-0.5588081172337243,0.21499580256151593,-0.62002986833231,-0.025405824425361403,0.6014499566897238,-0.5363722402842841,-0.5429799678216537,0.038603250264021984,0
-0.5348014154856993,0.0783367106616796,1.0038746524609323,-0.8681093238500562,1,0,0,1,0,0,-0.4955417426488382,-0.1931190463615264,-0.7583149722111197,0.5869870434823882,-0.8120252328026295,-0.6021580594581422,-0.6607626675394991,0.5446464447096221,1.2067476904324048,-1.301658918302597,-0.9000729248012996,-0.5406142374593924,0.6610507259204124,-0.9332182163328651,-0.08829731990584572,0.20257843561306896,-1.1573853526070361,-0.5609774327143011,-0.21768276347888266,-0.5214382267650228,-0.013654072024525298,-0.835998654727478,-1.44609272790675,0.6108137189564081,0.6224536065338547,0.5214382267650228,0.21768276347888196,-0.7317251853070371,0.26586877533487285,1.1188452625698195,1.06719078135288,0.47867119015075044,0.9516700704320475,0.8401159358104279,1.0648000580046022,1.069946747507413,0.05677446769459199,-0.7105613285614767,0.32447439948480933,-0.5033334260339178,-0.24540631275998087,1.8069307783281299,0.03983423407198747,-0.2089648391376897,0.40975308478573785,0
-0.8689048261297889,0.1298722426046032,-1.8929150543297122,-0.4281154315628296,1,0,0,1,0,0,-0.6848257977108253,0.29357308322372977,-0.5536240695330674,-0.15657776124106768,0.44498297934688336,0.34678483954990325,-0.17093612261295413,0.15038584884001346,-0.4693669491907617,0.09381326814327398,0.11833122205721112,0.7641389471623597,0.13815747738849846,-0.6046111084658945,0.21190283217347652,-0.5409947874631676,-0.43636312045097647,-0.2524769804471647,0.10862057896823145,0.9344658179137063,-0.3664294561238305,0.005870308405044835,0.09799275536757358,-0.5594258735535796,-0.4003310148099448,-0.9344658179137063,-0.10862057896823216,-0.20252742647848845,0.9413120111617277,2.1286799056799097,1.4418852956980555,1.1614023995690306,2.211869822688555,1.3294711944779316,1.397009073393778,1.876091006473136,-0.27629743884854874,0.12408133374116129,0.3700904815361815,0.36540675552078095,0.10997909147286698,0.1890486229713212,0.12214944469431245,0.6817421706862145,0.904619530814692,0
0.13340540580248203,-0.7462318004251005,0.5693561964423357,-0.4281154315628296,1,0,0,1,0,0,-0.7605394197356201,0.6657152133725517,-0.15703544559434116,-0.36778488476173804,1.4471615915291,0.7962134981281717,0.12592033900905278,-0.3581380069533846,0.7451022369096332,0.045006370570585846,0.7237739412010631,1.00741093659387,-0.38113472325446085,0.34147762961917705,0.4544974176865271,-1.1513466062704374,0.5948128941061108,0.5187389730641887,0.5745878774132874,0.8041191033027003,0.16610512737429675,0.9468611896984039,-2.175572022786531,0.5290055807766435,-0.43449392823995936,-0.8041191033027003,-0.5745878774132882,0.8280155775560533,1.0914105080121401,1.7647755297843817,0.7570987694810098,0.9907195972144606,2.6529397359783324,0.4323198869208419,0.17890935030013266,1.6280466190990672,-0.08200549336504998,0.5034643620605421,-0.8432973010303187,-1.709196663117305,-1.4469474413567518,0.47455723862252236,-0.6186874509066087,-0.32030321536567735,-0.6418381130257917,0
-1.6656129592041589,-0.9523739281967958,-0.8790386569529866,-0.8681093238500562,0,1,0,1,0,0,-0.356733435603381,-0.28499163474201683,-0.42569225535928473,-0.2427965596097797,-0.08451727128431191,-0.031540180507027164,-0.26151319235311127,-0.7422739157109705,-0.9551864954331183,0.3179782676446132,-0.05875985951764045,0.9213977561298777,0.3885148697270893,-0.31556885065009954,-0.3026083754212917,-1.5076928768493423,0.3626992760516506,0.02638039190958408,1.0187373090415208,0.24630538521990228,0.04832778256871188,0.715647816559255,-0.20931400169275227,-0.06992173185743616,0.10214601336679789,-0.24630538521990228,-1.0187373090415215,-0.17467491285593337,-0.10937746679115769,0.6093791363160792,-0.3282232720705331,-0.1699234587966153,1.6762849279795395,0.9216751455883455,0.4557501964577793,0.38782468222872474,0.029018475482663446,0.6552175733882943,-0.02220782410562002,-0.127311556405765,-0.14386762583630988,0.31594134103852145,-0.28942660841731066,-0.2089648391376897,0.10046155601764112,0
-1.7941142709903475,0.0783367106616796,-0.15484123025532542,-0.8681093238500562,1,0,0,1,0,0,-0.5460174906653681,-0.14834569632799627,-0.7583149722111197,0.5869870434823882,-0.7064753288927844,-0.56772422193523,0.5151608518843149,0.48473507046025555,1.1761385280316548,-0.3208609038179698,-0.16963925569431584,-0.41791355484841025,-0.05207714499379638,0.7743888083202014,0.19064686005269094,-0.09266589387469061,0.44093449113202476,0.4557015380307955,-0.04053384962865217,-0.529783266025729,0.05741646797781628,-0.47432825738997675,-1.7009410553725217,0.8706854743731702,0.6654431974284497,0.529783266025729,0.04053384962865146,0.8837206048011639,0.340918023760079,0.48201260475264507,0.3565632541465125,0.529876030857121,0.5421051509486824,-0.30171300108041293,-0.319404172783631,0.3258135853852078,0.22331042096616224,-0.2553016945782196,0.7076494887163344,-0.3607044410025493,-0.008482709938082702,2.2827784710801327,0.2044646553166367,-0.04195727479570725,0.7809029193074537,1
0.13340540580248203,-0.7462318004251005,-0.4445202009343899,-0.4281154315628296,1,0,0,1,0,0,-0.5333985536612357,-0.15997513789514695,-0.15703544559434116,-0.36778488476173804,0.5345956800990577,0.16119987108226008,-0.5621487554291545,-0.5208706660828287,1.4312121209013562,-0.6938576873363641,0.21636014050259497,-0.17519638119148606,-0.0983763664936344,-0.2993539699027047,-0.024750958443696666,-0.2758825748815544,-0.29440517386780474,-0.10214680420885802,-1.4375436385994584,1.1867913099014362,0.4825705690956733,0.6901163688400787,-2.2337502969038865,0.6454298408169391,-0.3810052521477364,-1.1867913099014362,1.4375436385994576,-0.3417899945912644,-0.10937746679115769,-0.2548937564358004,-0.354064273059855,-0.4430159425639276,0.16404522527173035,-0.7910682597479163,-0.2086678343205727,0.38782468222872474,0.16779843654230542,0.27583454506891375,-0.8797901666714156,-1.761061748583257,-1.4638705558440304,0.47455723862252236,-0.9479482933959068,-0.5429799678216537,-0.6418381130257917,1
-0.9460056132015023,-0.4370186087675581,-0.8790386569529866,-0.13478617003801185,1,0,0,1,0,0,-0.40720918361991093,-0.24661447757041954,-0.09306953850744984,-0.39093087090098955,0.36259094138533476,0.11245586731605983,0.07575654527550366,0.9033224243490448,0.5132010469289806,-0.3505398245153523,-0.5336663805536328,-0.5037699233409512,0.1150829304755431,-0.12848205867768964,0.45466126526307954,-0.4169139728310769,-0.09398619722407073,0.040824972587556116,-0.3224700655433951,-0.36726020632542794,-0.23371907949719917,-0.784368701729956,-1.120521359153727,0.3803615836554258,0.7336500713412153,0.36726020632542794,0.32247006554339436,-0.17467491285593337,0.340918023760079,-0.20030810005147043,-0.37990527404917784,-0.3918111018575571,0.3215701943037938,-0.46483142063624716,-0.3747723420151606,-0.046252995675895824,-0.27629743884854874,-0.7864379342253526,-0.22291858513165644,-0.7496925819971905,-0.5669454880182719,1.267636726542527,-0.28942660841731066,-0.48731077970765985,0.038603250264021984,0
0.13340540580248203,-1.8027102052550381,-0.4445202009343899,-0.13478617003801185,1,0,0,1,0,0,-0.5333985536612357,-0.15997513789514695,-0.5664172509504457,-0.1450047681714419,-0.03931599837000361,-0.010969316532300452,-0.9809560703749358,-0.3151385725185424,-0.10819263950512803,-0.9160680150645326,-0.7966282345736765,-1.41360081662647,0.17610542873258894,-0.34107086562045796,-0.1703643364701786,-0.14100085622741565,-0.5560045764908713,-0.2546523425558625,-1.4375436385994584,-0.5022446364654003,1.023249304762224,0.2618703283982226,0.006210700240573185,0.6862241681538983,0.7870372721331536,0.5022446364654003,1.4375436385994576,-0.3417899945912644,-0.18442671521636386,-0.07294156848803632,-0.1344157646506147,-0.34060626115118536,0.2270552128845555,-0.7910682597479163,-0.2086678343205727,0.44983577907224165,1.055990187324014,0.35171115073279,0.3062279666642602,0.2616765845888761,0.5330569536548284,0.47455723862252236,-0.28942660841731066,-0.5429799678216537,0.22417816752487937,0
-1.7941142709903475,-0.4370186087675581,-0.15484123025532542,-0.13478617003801185,1,0,0,1,0,0,-0.5460174906653681,-0.14834569632799627,-0.09306953850744984,-0.39093087090098955,0.619889304011662,0.18803143278842535,1.1544812315181394,1.0273044895819252,0.6955764423392208,0.5428384553065272,0.27410625018313967,0.2788794113093713,-0.09684344882259728,1.3484760524321011,0.37952944917715986,-0.20446845914720377,0.937733915000452,0.8764643542175259,0.5444209881177442,-0.1595918522639314,-0.25795287263367483,-1.0298033812170817,-1.1563473812063803,0.19650116597771505,0.49934530209274886,0.1595918522639314,-0.544420988117745,1.245803281894381,0.340918023760079,-0.018355912103706302,-0.12149526415595328,0.2567835470898098,0.3215701943037938,-0.38327221085833024,-0.6516131881728072,-0.10826409251941274,-0.3040534310604773,-1.0140677512169813,-0.25028823436248077,-0.7885913960966542,-0.6684841749419423,1.1724671879921262,-0.37174181903963527,-0.48731077970765985,-0.023255055489598248,0
-0.6376024649146498,0.3102466044048362,1.4383931084795292,-0.8681093238500562,1,0,0,1,0,0,0.43825959565696476,-0.5902644758797223,0.48262362527457214,-0.5899863516985528,0.014267398703211693,0.0019992716256794336,1.2215313339019493,1.6442600094275477,-1.1507184740631842,0.7926739552445836,0.05062679083467209,0.5409688211685809,0.26792784770613776,0.7738502164214224,1.8173099341240042,-1.3309175788190406,0.06478903148610286,-1.1015075615693493,-0.6655696264837223,1.3979208031972914,-0.925347036910998,-0.43625726703663464,0.23562688983030872,-1.0066076799067174,-1.1412250504027805,-1.3979208031972914,0.665569626483721,0.911573118423719,1.9920014891146134,0.5638910893291381,-0.26362076959722697,-0.22112829950298704,0.5106001571422693,0.6769975162545934,1.1755363964676604,0.44983577907224165,-0.9424412519348303,-0.5588081172337243,-0.5422311594912614,-0.3477381696360611,-0.7023304039164997,-0.9212626601166852,-0.5363722402842841,0.1250502895462747,-0.76555472453303,0
-0.5348014154856993,0.8771374557769975,1.0038746524609323,0.5985369837740325,1,0,0,0,1,0,-0.48292280564470574,-0.18730432557795104,0.047655457083711085,-0.4730991216953325,0.6012107032117973,0.22157088492113197,-2.3194626689551057,-1.6614227253092373,1.5685668631619367,-1.9838998267781527,-1.1387809585209976,-0.041747627373059884,1.0363092128358555,-1.0067320394277453,-0.00683591504468063,0.10275501434718887,-1.0593485378399008,-0.46175496536571076,-0.18963998474047816,0.13114384342216406,2.2193545113293918,2.2735067612346205,-2.041024569480219,1.629688799132569,1.0296571686053912,-0.13114384342216406,0.18963998474047747,-0.8152827261747027,0.340918023760079,1.0824548249802661,0.9767472778902511,0.4445346296798359,1.0461850518512859,0.758556726032511,0.954063719541543,1.069946747507413,2.7491057122516462,2.9315157433045793,1.3280282046149967,-0.11434528503927678,0.5330569536548284,3.1075811385169376,-0.28942660841731066,-0.26463402725168356,1.9562107286262216,0
0.4161082917320974,-2.086155630941119,0.27967722576327125,0.3052077222492148,1,0,0,1,0,0,0.2868323516073751,-0.5553761511782702,0.712900890787381,-0.6223907322935051,0.20168427191853627,0.05387362425759897,-0.5193830886162809,0.4470077045269618,1.2430270092122895,-0.9619738154121729,0.08512093023469154,0.3447357021130659,-0.20231663914632697,0.2035210408663315,0.32925662606492956,0.9739858440612311,0.12277924049583083,0.6067455552557502,0.8063022000563537,-0.329502323768793,0.925570653925523,-0.2836900428781429,-0.7204977207996892,1.4213103563995053,0.48170756308248414,0.329502323768793,-0.8063022000563543,0.438080386840281,0.641115017460903,0.9277954652246664,1.3514417922354265,1.349153482159058,0.19555021907814235,0.5954383064766764,0.2342775195316623,1.069946747507413,0.5841383197212315,-0.482931511569848,-0.7338187041070253,-0.9571529238609991,-0.4146374576327655,-0.4136917878478824,-0.04248097655033679,-0.2089648391376897,-0.45626319576493324,0
-0.6890029896291251,-0.7204640344536393,-0.15484123025532542,0.5985369837740325,1,0,0,1,0,0,0.8042087687768065,-0.6385266583833976,-0.5280377066983108,-0.165257506043287,-1.0707561904610863,-0.3633571602732711,-2.085039461628333,-0.6941596573606118,1.2141614769204898,-1.8781380626926556,-1.578250348339414,-1.7313493230867618,0.9773874219930018,-1.317764609628564,-0.606028610036008,0.8978744643862873,-1.4677654867295742,-1.1358486843708027,-1.4375436385994584,-0.9356157016516281,1.582603255688254,0.3456497567756325,-0.757522167575588,1.081832223754171,0.942867583894666,0.9356157016516281,1.4375436385994576,-1.2887754577581405,-0.7097714541928067,-0.5733100853443877,-0.05689276168264715,-0.6307670251539549,-1.0961545269847772,-0.30171300108041293,0.4557501964577793,-0.23228628620644656,1.5000860627148682,0.35171115073279,0.0872707728176734,-0.32180562690308556,0.10997909147286698,0.9186817518577256,-0.28942660841731066,-0.7099875321636356,-0.023255055489598248,0
-0.5091011531284612,-1.5192647795689571,-1.168717627632051,-0.13478617003801185,1,0,0,1,0,0,0.17326191857018283,-0.5222322427118907,0.6105554394483548,-0.6148682867982482,0.2275924204414953,0.07355010284212017,-0.6864394674502778,-0.20227861143050646,0.7811970432804417,-1.1092624788638652,-0.7636334626713746,-0.654307599425381,0.9408385872232913,-1.3189384177161791,-0.7845189101938224,0.37343637351052356,-1.9670971859608573,-1.2947476089141166,-0.6187833227191311,-0.2786957612109654,-0.36335693712568096,-0.508280079854717,-0.6926549871087215,-0.4519978517303958,-0.27130813677214566,0.2786957612109654,0.6187833227191303,-1.3444804850032512,-1.009968447893631,-1.21924035255895,-0.8708842928463041,-1.5012493171622625,-0.9386295579527137,0.10608304780917345,0.4557501964577793,-1.5965304167638241,-0.5261013687559044,-0.7105613285614767,-0.8797901666714156,-1.060883094792903,-1.1423313805857394,-0.033013633646279864,0.03983423407198747,-0.09762646290970158,-0.76555472453303,0
-0.9203053508442651,-0.2824120129387873,0.27967722576327125,-0.4281154315628296,1,0,0,0,1,0,-0.571255364673633,-0.0931058488840305,0.5593827137788417,-0.6009806951146973,1.084736601383045,0.392845687145487,1.1683956647466798,0.07480981587369372,-1.0911185039302282,2.5373958166313617,2.1513077624954784,0.8052071301945437,-2.382403849561089,0.4735501111040848,0.5942841022644678,-0.7358338266498162,1.6263185716200235,1.0216856792272826,0.9750700921945687,0.13114384342216406,-1.1515169223898658,0.49266194763561255,0.7521535153195302,-1.8152283926800497,-1.7993282428340165,-0.13114384342216406,-0.9750700921945695,0.15955525061472892,0.19081952690966666,-0.8917264142529749,-1.0905328012555453,-0.4942207832702994,-0.18250970659880966,-0.9541866793037505,-1.3713993881826885,-0.8523972546416179,-1.1089772052064004,0.35171115073279,-0.2685346671830286,0.14498014229048395,-0.6007917169928287,-1.175048096251087,1.1922471827845313,1.4054416161681371,-0.8892713360402683,1
1.0843151130202777,-0.3854830768246345,-1.6032360836506476,-1.161438585374874,1,0,0,1,0,0,2.3311001462768357,-0.7321436629989606,0.815246342126407,-0.6328064260561682,-0.4393483948402933,-0.07402348654178885,0.13575876448116359,-0.352938371795533,-1.582361219071987,0.640044403513752,0.4078342502711791,0.08636317629262727,-0.8143349044883474,-0.5378470265146678,-1.3020071974560359,-2.3089832506515755,-0.15435679974408328,-0.6425501610086748,0.10398440440281079,0.01465860574169185,-0.7261862783810571,-0.8199032366641485,-0.15716469352298884,-1.0177162572875864,-1.1575296694124082,-0.01465860574169185,-0.1039844044028115,-0.6203151308168162,-1.3101654415944555,-0.600602913536552,-1.6073528210419945,-1.5695224381040902,1.0146800580448727,0.18764225758709038,0.15122526568436812,-0.9454138999068937,-0.6864693237581573,-0.7695764663000468,-0.005988772709576649,-0.08697204548780145,-0.4785692234735956,-0.25860068798797037,1.347731469515589,1.4982235963581267,-0.3875317449275787,1
-1.6656129592041589,0.33601437037629844,-0.8790386569529866,-0.4281154315628296,1,0,0,1,0,0,-0.7605394197356201,0.627919528279312,0.34189862968341117,-0.5697336138267077,1.7999728681305163,0.923216223537354,0.2860643400217009,0.5670416198656271,-1.906763302131546,0.9729800953489132,0.25319427480199663,1.1646062791334442,-0.20417916363008506,0.11783746102336301,0.3855384903235719,-1.336651250550024,0.8759671850046732,0.3252588527568916,0.5061221547512287,1.0864182721050466,-0.2800376257602228,-0.39205842260950197,1.263403710314983,-0.4458392714421665,-0.011612994458260284,-1.0864182721050466,-0.5061221547512293,0.4659329004628361,0.8662627627365218,1.373578325696689,0.3436427536518511,0.700558833211691,2.0858498474629035,0.18764225758709038,-0.04256332662598434,1.13195784435093,-0.4150773999081907,-0.5588081172337243,-0.6790794056453779,0.015317428625603584,-0.1607907403235886,-1.206771275767887,-0.8656330827735822,-0.48731077970765985,-0.5181215015185524,1
0.23620645523143258,1.0832795835486928,1.0038746524609323,-1.6014324776621007,0,1,0,1,0,0,-0.10435469552073157,-0.407100771197099,2.350428112211799,-0.7259690202666557,0.9530825950603106,0.24795525393219447,0.8466210955405118,1.580901512144964,1.3155865691618778,0.8091993600272412,0.7461389303472191,0.39885567481743994,-0.33204040686504643,0.687394249970118,1.0226651049952762,-0.43459921582330235,1.245806628175941,0.6210425117303713,0.33643704580791395,0.21031740340811067,-0.49041100714087693,-1.1453534865853325,-2.235181211769064,0.14214439669988224,-0.3636900157374738,-0.21031740340811067,-0.33643704580791395,0.8001630639334981,1.1664597564373458,0.49111021415003275,0.17567624722125458,0.683490552976235,0.4475901695294441,0.2692014673650073,0.12354118106860354,0.6978801664463103,-0.6371253376036178,-1.2416975682086098,-0.9162830323125138,-1.7869942913162333,-1.633101700716815,0.728342674756924,-0.37174181903963527,-0.32030321536567735,-1.0748462533011267,1
0.31330724230314594,1.109047349520155,-0.8790386569529866,-0.8681093238500562,1,0,0,1,0,0,0.48873534367349464,-0.5954977245849401,-0.8094876978806327,0.7895144222008392,-2.1623298551351158,-1.0681328477552123,-0.7525519526316439,0.6899494494999638,-1.5036256875974432,-1.3451832988439516,-2.0678955617338803,-0.22010642650732457,1.9244092449280992,-0.9036174479845301,-0.41865363238678593,0.018172962012302292,-1.1533256340242544,-1.114007235559027,-0.9333596546099943,0.625495827724652,0.1435579022534874,-1.3663752905655762,2.073768760933006,0.6736378965617306,1.6007542658258749,-0.625495827724652,0.9333596546099936,-0.8988402670423681,-0.4846237089171882,-0.3367722410122935,-0.2765412700918884,-0.6990401460957827,-0.4660546508565234,-0.13859458152457876,0.34501385799472056,-0.6663639641110671,0.05677446769459199,-1.317574173872486,-0.25028823436248077,0.8192262533478623,1.0745966172477384,-1.0481553781838862,-1.6064699783745033,-1.6006945419875402,0.7809029193074537,0
-0.7147032519863632,-0.23087648099586283,0.5693561964423357,0.5985369837740325,1,0,0,1,0,0,-0.5081606796529707,-0.16869721907050997,0.06044863850108935,-0.47367777134881384,0.6592011120762655,0.23632824385952286,1.064732956557671,1.1315929952422366,-2.091029236948674,0.6966712290269037,0.2004925435190976,0.1142133510025592,-0.17691349010932306,1.4758046162772511,0.4662566718034758,-0.7845735751501378,0.7741629158047267,0.7509488346330919,0.6912331826893887,-0.529783266025729,-0.0059305108585258,-1.0860612003636871,2.0700862377641926,-0.17351118966618254,0.47250525079772965,0.529783266025729,-0.6912331826893894,1.2736557955169365,0.340918023760079,-0.2276009282436361,-0.5866332819637576,-0.27233314020935756,0.6996301199807459,-0.22015379130249568,-0.5408768497097485,-0.10826409251941274,0.08453045990652028,-0.9381911455531051,0.40658334717727845,1.4675398216722642,1.294597105582359,-1.0481553781838862,0.2044646553166367,-0.04195727479570725,0.47161139053935697,1
-0.9203053508442651,-1.5192647795689571,0.27967722576327125,-0.13478617003801185,1,0,0,1,0,0,-0.571255364673633,-0.0931058488840305,0.6105554394483548,-0.6148682867982482,1.1080408812904556,0.4035783118279531,0.5986544402133692,0.873489195175818,0.14678138122168963,1.0824663392338165,0.7434395048956359,0.6155178144449153,-0.4533204957117238,0.5544776190991202,0.48678842359736285,-0.5440608181788441,1.0499579737251679,0.9215320876112625,1.233103646290187,-0.3834842964864804,-0.27841606818822817,-0.7112373764839395,-0.7473837185798818,-0.4212218357287244,-0.06681104514605733,0.3834842964864804,-1.2331036462901876,0.29881781872750485,0.19081952690966666,-0.6642861793182697,-0.8192022908676594,-0.40887938209301433,0.1010352376589052,-0.30171300108041293,-0.8177176958673952,-0.6663639641110671,-0.44283339212011924,-0.8623145398892288,-0.8159276517994943,-1.0349505520599276,-1.1084851516111824,0.2207718024881207,-0.12479618717266176,-0.32030321536567735,-0.76555472453303,0
-1.6656129592041589,0.23294330649045036,-0.8790386569529866,1.0385308760612593,1,0,0,0,1,0,-0.7605394197356201,0.627919528279312,-0.11865590134220637,-0.4025038639706153,1.4821225763695443,0.7939775346526579,-0.5330090588798069,-0.043536789322976395,-0.8791563261960814,-0.47064015112106805,-0.3209297539375406,-0.4082477653324095,-0.3224271901600133,0.04237377381433661,0.6999615683095461,-1.4782523369225726,0.7056622813889059,0.31795606772298113,0.03622492998512883,-0.5927287050207662,0.7835014467718253,0.7609617429438309,-0.2836648866739716,1.3355271197635563,0.727646612967563,0.5927287050207662,-0.036224929985129536,0.35452284597261524,1.1664597564373458,1.2644070129280303,0.17567624722125458,0.4616029099152932,2.27487981030138,-0.22015379130249568,-0.26403600355210183,1.13195784435093,0.8616982418405155,0.8828473903799233,0.41570656358755365,0.19684522775643593,0.7361343275021692,0.28421816152172197,0.28677986593896093,0.013711913318286572,0.6571863078002155,0
1.110015375377516,-0.7204640344536393,-0.8790386569529866,0.5985369837740325,1,0,0,1,0,0,-0.785777293743885,0.7907317102194216,-0.5280377066983108,-0.165257506043287,1.2208646399555152,0.7358424842892998,-1.2199525568645035,-1.2513191964596253,1.8713346337938477,-0.12707278291668322,0.7566116762081427,-1.3116589880998095,-1.1821754775097262,-0.01936924299304835,-1.19589774183909,1.9915855586533742,0.4901948643645698,1.4899108036195268,-0.65872285032305,-1.1356331163529647,1.6770202078802254,0.5194507623211734,-0.556825715809956,0.6577359680658577,0.470975677269318,1.1356331163529647,0.6587228503230493,-0.09111737198826762,-1.1600669447440433,-0.2639913658331881,0.7700192699756713,0.9565830367435462,-0.9701345517591269,-1.6066603575270884,-1.592872065108806,0.6978801664463103,1.2225261405955843,0.19995793940503753,-0.7155722712864762,-0.8663890242955825,-0.5838686025055501,-0.0647368131630805,-0.04248097655033679,-0.5429799678216537,-0.7036964187794109,1
0.4932090788038099,-0.02473435322416849,0.5693561964423357,1.0385308760612593,0,1,0,1,0,0,1.1070632568759857,-0.6728335110064921,-0.13144908275958464,-0.3880376226335831,-0.6655625216828176,-0.2175723416697731,-0.04019192636614695,1.1786930509807045,0.7233101215841078,0.1110793296765589,0.5400384719895308,-1.304911065644143,-1.4697534056795762,0.4025982254640539,1.2322074079845804,0.5227507737821027,-0.04047557611297671,0.24963727450518905,-1.4375436385994584,-0.3540047794704373,0.45815925520558587,-0.3833948719677974,-0.46347505347940743,-0.1901958965690668,-0.45835425189025686,0.3540047794704373,1.4375436385994576,0.5982323401699732,1.5041813743507735,0.764038496071679,0.944446026653598,0.8840428457428543,0.30581769740058723,-1.0357458890816678,-0.5408768497097485,1.1474606185618093,0.6951622885689447,-0.1035484832504671,0.9174834661526473,0.5080357405521495,0.39767203775660004,0.7600658542737248,1.439192814651505,1.3497724280541432,0.5953280020465953,0
0.4161082917320974,-0.7462318004251005,-0.15484123025532542,-0.4281154315628296,1,0,0,1,0,0,-0.6974447347149578,0.3371834891005448,-0.2593808969333673,-0.34174565035508003,0.9446845586112138,0.5234259541154913,-0.06775442275536048,-0.27063378745857997,2.180100408237309,0.7702853185396774,1.2618566399577886,1.5376416577488745,-0.9710995028029589,0.5023245619412627,0.296170115357535,0.8475031454443505,1.3028041085568196,1.0567948034469505,1.2685285918524662,0.8390486150612049,0.5961309577487891,0.6681500864934943,-2.1286113635765966,0.251232482093542,-0.6087209954441294,-0.8390486150612049,-1.2685285918524671,0.911573118423719,0.7912135143113154,1.4372615914784068,1.7390568070752632,2.3220454555801067,0.06953024385249205,-0.05703537174666111,-0.5962450189412776,1.3800022317249987,0.3343343898138759,0.35171115073279,-0.6517097564145549,-1.553601406719449,-1.3792549834076382,0.6014499566897238,-0.4540570296619595,-0.09762646290970158,-0.5799798072721716,1
0.13340540580248203,1.0317440516057692,0.5693561964423357,-0.4281154315628296,1,0,0,1,0,0,-0.7479204827314877,0.627919528279312,0.2267599969270068,-0.5373292332317556,1.6322476627282771,0.8981734326115997,1.1847911420881676,0.26975166573462017,-1.1809257020748223,1.403437157988809,0.9774187309100489,-0.13694221089075712,-1.45456685405374,0.28853095858855204,0.5481974386350092,-1.1056113473786866,0.6133817865330419,0.2872144671995208,-0.088318892712161,-0.09917924017331377,-1.3591841899227202,0.17892953293750274,0.5033322166177752,-1.2877341785088947,-0.9902831947482121,0.09917924017331377,0.0883188927121603,0.6887530094432773,1.0914105080121401,1.4918472478627354,0.5762117625557528,0.8200367948598906,2.0858498474629035,0.02452383803125581,0.06817301183707392,1.4420133285685155,-1.1644891896302574,0.6552175733882943,1.4010139358971918,1.4934723644052397,0.7699805564767266,0.47455723862252236,2.097714499630101,2.2404794378780473,1.275769365336409,1
-0.4320003660567478,-0.1535731830814779,-0.8790386569529866,-0.8681093238500562,1,0,0,1,0,0,-0.16744938054139394,-0.36930508610385926,-0.46407179961141953,-0.22022922312400942,-0.3643371157809835,-0.11382363640593401,-0.4156474051432802,0.11099011018910813,1.2997226094720196,-0.687008299833025,0.4696951300400179,-0.7523332308575182,-1.0424900686881229,-0.9274499443348541,1.0771259895579592,0.2465892145829554,-0.6333974022423653,-0.14343143064218827,-0.6392523306161405,-0.3920901182240855,-0.34872922173859827,0.9267037613869916,-1.528965968430736,0.30003786936405985,-0.750659548183557,0.3920901182240855,0.6392523306161398,-0.7595776989295921,1.391607501712964,0.8641121994429487,0.8733832739329616,0.5469443110925782,0.7311351137871589,0.18764225758709038,0.5664865349208381,1.069946747507413,-0.3595654154843339,0.8069707847160468,-0.12256320461863823,-0.8793552956620708,-0.7192535184037778,0.3476645205553221,1.3568776040291806,1.2384340518261547,-0.2706882785040748,0
-0.9460056132015023,-0.4370186087675581,-0.8790386569529866,-0.8681093238500562,1,0,0,1,0,0,-0.4955417426488382,-0.1843969651861634,-0.3233468040202586,-0.3128131676810156,0.27954843187139944,0.0999344718531827,0.41599022030478383,0.2033224396316053,0.43878851723154516,0.11521603083324164,0.8158580740129387,-0.5589551327003675,-1.448744223721639,-0.0257960254116611,0.34183332674381756,-0.17822255864593362,-0.13865293254369754,0.20580809383790424,-0.2859102762628674,-0.4787858038769716,-0.6042196123045822,0.06337469340850031,-0.778935086278993,-0.29313529900067664,-0.8597239073156104,0.4787858038769716,0.28591027626286675,-0.06326485836571254,0.26586877533487285,-0.12752722487236504,-0.19901826712392082,-0.23819657973844427,0.3530751881102058,-0.5463906304141645,-0.4855086804782194,0.07776919801113909,-0.3040534310604773,0.5793409677244183,1.5561086148718575,0.8321925247143505,0.65151875506577694,1.1724671879921262,2.2623449208747504,2.12914106165006,1.0901944480755505,1
-0.8689048261297889,-0.07626988516709207,-0.4445202009343899,1.0385308760612593,1,0,0,1,0,0,-0.6469689866984278,0.20344491107831195,1.1478690589782419,-0.6675254052650456,1.5344635511367786,0.6723411215847086,0.9230087568763075,1.1437406159051293,-0.7915403372805909,1.8640447490111145,1.2853440029556664,0.8392025460692292,-1.1123005857306791,0.11036420028791576,1.9550786924101584,-1.0756074836692662,0.5605267706909156,0.08475993796951568,-0.3305796915292576,1.4724370949487693,-1.173191536414924,0.3887350260503719,0.0011803679235051364,-1.962395446998451,-1.5882585725611824,-1.47243709494877,0.3305796915292576,0.35452284597261524,2.367247731240644,0.9823811216089964,0.2015172482105774,0.4274663494443799,1.4557499713346498,0.10608304780917345,0.2896456887631914,1.069946747507413,-1.1644891896302574,0.12408133374116129,-0.6243401071837319,-0.5292659687668935,-1.2100238385348534,-0.5405845059150832,-0.04248097655033679,0.848749735028197,-0.6418381130257917,1
2.343627968524927,-0.1535731830814779,-0.8790386569529866,0.5985369837740325,0,1,0,1,0,0,-0.2684008765744537,-0.3344167614024072,-0.09306953850744984,-0.419863353575054,0.17807456053538515,0.06728940511068161,0.8516064541162127,0.15366967374137883,-3.7720204142515974,1.6755578195399086,0.39780911531773683,0.12519971996120013,-0.09960839806429862,0.12213432577547848,-0.6516733343183885,-3.7329383481128464,0.8874565105147172,-0.7906156107876849,-0.5448307780589747,0.7111140177770428,-1.0621443255982297,-0.8637484903358648,1.4052352330623097,-1.383583831786496,-1.289053596090085,-0.7111140177770428,0.544830778058974,0.15955525061472892,-0.5596729573423944,0.19998671343360988,-1.8140808289565742,-1.467112756691348,2.3693947917206186,0.8401159358104279,1.2862727349307197,0.44983577907224165,-1.0257092285706153,-0.8623145398892288,-0.24116501795220557,0.4950694691856613,-0.1269445113490324,-1.5240030709358887,0.28677986593896093,0.7374113588002092,-0.6418381130257917,0
-1.4086103356317816,0.0783367106616796,1.0038746524609323,0.5985369837740325,1,0,0,1,0,0,-0.81101516775215,1.6629398277557228,-0.1442422641769629,-0.3822511260987702,2.182214136639453,1.5743287876069647,0.49706412758588486,-1.6599961590490335,-0.6445298724922709,1.6443187796083332,1.1859469858123493,0.002257912910477562,-1.4655269886930629,0.9907123683720095,-1.1676774960006555,-1.473429376871318,1.2645267619191927,0.6083319158225012,-0.16027754582615011,0.16204084244106823,0.2987283559789043,1.1086431417491205,-0.5995604991927908,-0.9674854975715207,-0.9478714508532995,-0.16204084244106823,0.16027754582614942,1.07868820015905,-1.009968447893631,0.427426948368315,-0.44450777652248397,0.0519641842643253,1.4557499713346498,-0.5463906304141645,-0.5408768497097485,0.5738579727592754,0.08453045990652028,0.7310941790521709,-0.642586540004281,-0.8274902101961188,-1.1084851516111824,-0.1916295312302808,0.5337254978059351,0.6817421706862145,-0.76555472453303,1
-0.020796168340944693,0.4133176682906843,1.0038746524609323,-0.13478617003801185,1,0,0,1,0,0,-0.11697363252486404,-0.3925639692381606,-0.7199354279589849,0.3381676924854341,-1.094268588346027,-0.5632522949842025,-0.32258738121981434,-0.34432176517348323,-0.6492910636252776,-1.385795784104634,-1.315165045253523,-0.9858267431400437,1.6213320145573435,0.2580514352647922,-0.22257198374968792,-0.2459041024136052,-0.33626615268724513,-0.5161009743131199,-0.0632699944762795,-1.2817996886347096,0.7064075598229588,0.24962470121172123,0.6404927273307028,1.5386849394019837,1.2059068197937175,1.2817996886347096,0.06326999447627879,0.18740776423728422,-0.25947596364157,-0.16391766246191838,-0.26362076959722697,-0.3747428216220998,-0.15100471279239655,0.4323198869208419,0.5111183656893089,-0.5423417704240322,0.9727222106882286,0.5793409677244183,0.9722227646142934,1.1952481229760152,1.8530598836625478,-0.0012904541294803558,-0.4540570296619595,-0.9883334727336057,0.9664778365683122,1
0.13340540580248203,-0.1535731830814779,0.5693561964423357,-0.8681093238500562,1,0,0,1,0,0,-0.7479204827314877,0.627919528279312,-0.46407179961141953,-0.22022922312400942,0.9682671577500781,0.6531118356952901,0.6786847483665956,-0.21098439208408554,0.054126686610132195,0.6270692005086161,0.9600529695266435,-0.14656230244997964,-1.5566159689776957,0.48149436748755126,0.456542952275052,-1.2403592384338424,0.8537191825125436,0.3946892720448092,0.18286856865026183,-0.38126032008238236,-0.46262416490385383,0.7469374068196051,-1.3204344086878539,-5.967072550768453e-4,-0.8627786257868494,0.38126032008238236,-0.18286856865026252,0.744458036688388,0.7912135143113154,0.9732835122116075,0.09815324425328795,0.4445346296798359,1.7392949155923647,-0.05703537174666111,-0.1532996650890431,0.8219023601333442,-0.5261013687559044,0.5034643620605421,-0.4509989953885172,-1.0219842806934394,-0.9561771212256767,-0.0012904541294803558,1.1922471827845313,1.0714264874841732,-0.7036964187794109,0
-0.9460056132015023,-0.7462318004251005,-0.8790386569529866,1.478524768348486,1,0,0,1,0,0,-0.4955417426488382,-0.1843969651861634,-0.3361399854376369,-0.3070266711462027,0.2636855641163776,0.09546254490215515,-0.5759206301772862,-0.08977186820742432,-0.48550809856981303,-0.9317780666370906,-0.5441409606916052,-0.22251636633963406,0.3564909270529634,-0.04284567523920288,0.15682935771681167,-0.16334471504004536,-0.26788701209064,0.18975470459915722,0.21054164239835904,-0.5122984218604396,0.7580207618602797,0.2803229141995464,0.4995601496515362,0.9931398791923274,0.8926684350122956,0.5122984218604396,-0.21054164239835974,-0.11896988561082296,0.04072103005925432,-0.2912841940253525,-0.3282232720705331,-0.40887938209301433,0.29006520049738066,-0.30171300108041293,-0.4301405112466897,-0.17027518936292965,1.1392581639597994,0.7310941790521709,1.3006585553841723,1.4027084648398238,1.8022905402007128,0.506280418139323,-0.12479618717266176,-0.3759724034796717,1.1520527538291696,0
-0.3291993166277972,-0.41125084279609675,-0.4445202009343899,-0.13478617003801185,1,0,0,1,0,0,0.7032572727437467,-0.6274786888946045,-0.3745195296897717,-0.26362794713510607,-0.7791374168235626,-0.2788377408988505,-0.5843959279737667,0.5903377586875667,0.5680133499229453,-0.5995628289171379,-0.6584836397766974,-0.5224138849386702,0.31218179683237285,-1.1402424711886574,-0.06664185594388441,-0.2727484130624934,-1.1226016837897888,-0.9815092344299973,-0.5702641928891875,-0.14692914774798616,-0.3267000785227553,-0.8770174486838838,-1.0505791292756528,-0.3031819117649207,-0.10219175056811938,0.14692914774798616,0.5702641928891868,-1.038102835155144,0.04072103005925432,0.33645085439443295,0.13691474573727128,-0.32353798091572933,0.3530751881102058,0.2692014673650073,0.6218547041523672,-0.046252995675895824,-0.1375174777889068,-0.6346847228976005,0.853620951280726,0.11904759955750843,-0.008482709938082702,1.7752075988113303,0.6983559190505837,0.6817421706862145,0.8427612250610729,1
-1.4086103356317816,-0.1535731830814779,-0.4445202009343899,0.5985369837740325,1,0,0,1,0,0,-0.6343500496942954,0.1394829824589832,-0.09306953850744984,-0.419863353575054,0.8587817008212933,0.43175145161942663,0.060558571002597754,1.5410425823170326,-2.1601350218675397,0.36182857597275214,0.6729485782048282,-0.15702282212566646,-0.5679020630340786,-0.9763860035075199,1.2536195969370245,-1.505713680887878,-0.9023721415849307,-0.28161748720400925,-0.4372750117287954,0.21952363131345246,-1.05980155743754,-0.8592807144870381,1.4398799010260261,-1.383583831786496,-1.149810773830636,-0.21952363131345246,0.4372750117287947,-0.8988402670423681,1.2415090048625523,0.17269388524144552,-0.6512357844370638,-0.9379960693921812,1.833809897011603,0.4323198869208419,0.7325910426154264,0.20179139169817292,-1.0257092285706153,-0.8623145398892288,-0.2594114507727547,0.4950694691856613,-0.1269445113490324,-1.4288335323854886,0.6983559190505837,0.9044189231421907,-0.7036964187794109,1
-0.4577006284139859,0.1298722426046032,0.27967722576327125,-0.4281154315628296,1,0,0,1,0,0,-0.7731583567397526,0.7849169894358462,-0.579210432367824,-0.10160604416034526,0.9640064492997569,0.6821793608769692,0.5332308684886325,-1.0484239492644587,0.6084418715255266,0.6563119160165378,0.7810496266436631,1.2609170779176861,0.17002835448310308,0.22760282423649283,-1.7361337576513562,0.8762666514240391,0.028175728777467064,0.5161555503705977,-0.34274413050805214,2.0596699612887766,-0.5140524426971763,-0.30022591306359087,0.048803056548703566,-0.8586964864778692,-0.5114773338851621,-2.0596699612887766,0.34274413050805214,0.2152602778598393,-1.6103624352952797,0.03622974428062242,0.48576825909312477,0.47867119015075044,-0.30852968182446,-0.13859458152457876,0.012804842605544792,0.38782468222872474,-0.47058938433204756,-0.2553016945782196,0.0963939892279486,0.10608132819102022,-0.24540631275998087,0.15732544345452057,-1.0302635040182315,-0.15329565102369538,0.5334696962929761,1
-0.14929748012713334,-0.7462318004251005,-0.8790386569529866,1.478524768348486,1,0,0,1,0,0,-0.44506599463230834,-0.2239370665144757,-0.3361399854376369,-0.3070266711462027,0.1727443520001637,0.06505344163516784,-0.7311872816534605,0.37359944463223277,-1.0074882653347632,-0.7548739716017381,-1.5567925724252532,-0.7753168664677599,1.7343996669899269,-0.4106960127964003,0.8392554560709705,-1.3051291698912537,-0.027950326933190824,-1.0032143818744195,0.013895103188392356,-1.0712207285677868,0.6063710973084375,0.32797072978954667,0.06574126020591146,0.9920709694902684,1.0444630055064155,1.0712207285677868,-0.013895103188393775,-0.45320004908148526,0.641115017460903,-0.30947941282012914,-0.9096457943302884,-0.8697229484503528,0.006520256239666901,0.9216751455883455,1.009431888773073,-0.6043528672675491,0.8616982418405155,0.6552175733882943,0.9539763317937442,0.8451587960808378,1.243827762120523,0.9186817518577256,-0.12479618717266176,-0.5986491559356475,0.7190446135538346,1
-0.8689048261297889,-0.3339475448817109,-0.4445202009343899,-0.4281154315628296,1,0,0,1,0,0,-0.6469689866984278,0.20344491107831195,0.7001077093700027,-0.6218120826400237,1.3684297526800375,0.6370128986715909,0.7644015907258668,1.0631373893956235,-0.8219934753484175,0.9021947468419405,0.5677761122443885,-0.4006958901329749,-0.7657254359252385,-0.0648640974827009,1.5741584556160912,-1.343579336634234,0.3841477892537689,0.10299062856688922,-0.5505532963957722,-4.693472038239746e-4,-1.1277304614365684,0.11776795290257172,-0.22647504127442294,-0.8378925262109984,-0.6375864500043824,4.693472038232714e-4,0.5505532963957714,0.2152602778598393,2.067050737539819,1.1734309189541483,0.188596747715916,0.3421249482670949,2.0543448536564917,-0.13859458152457876,0.12354118106860354,1.2559800380379649,-1.053465220782544,0.12408133374116129,0.05077790717657645,-0.07544647093981212,-0.39771434314548676,0.2207718024881207,0.36909507656128593,0.4033962301162448,-0.332546584257695,1
-1.4086103356317816,-0.46278637473902035,-0.4445202009343899,0.3052077222492148,1,0,0,1,0,0,-0.6343500496942954,0.1394829824589832,-0.7966945164632545,0.7837279256660263,-0.776975585135264,-0.49840935419430304,-0.7252961279053972,1.9302283394960587,-1.7490816301759806,-0.6218535004092701,-0.16644623607697612,1.0656511046003467,0.9848968824523453,-0.9264600276652568,0.9859571062760584,-1.467077853322266,-0.8975633633092013,0.0021399781438972824,0.4316262532639202,1.0253393444399002,0.08283397802022703,-1.6615887873246369,0.9167814248919629,-0.04992450624793686,0.21847753090964614,-1.0253393444399008,-0.4316262532639209,-0.9545452942874786,0.641115017460903,-0.600602913536552,-1.2068173057074962,-1.4329761962204342,1.3297299961089997,0.8401159358104279,0.6772228733838963,-0.5423417704240322,0.08453045990652028,-1.5452039908641146,0.06902433999712428,0.533968283285125,0.4822876101929924,-0.5405845059150832,-0.5363722402842841,-0.09762646290970158,0.40975308478573785,1
-0.14929748012713334,-1.41619371568311,-0.8790386569529866,1.0385308760612593,1,0,0,1,0,0,-0.44506599463230834,-0.2239370665144757,-0.8350740607153893,1.657488902422772,-1.8155323563488843,-1.453165758238684,-0.7803878322856336,1.1853563806617013,0.46710901426970064,-0.8315098026500455,-1.1691178206922872,-0.39879718203391323,1.3264175780475966,-0.39917746126511006,0.7606760257569469,-1.166458133623994,0.24076993150943754,-0.7379351250260262,-0.2548898489945435,-0.29111514316954507,0.6862948616077835,-0.864910288532235,-1.8107316022498383,1.362059441450474,0.799460403403216,0.29111514316954507,0.25488984899454276,-0.48105256270404034,0.491016520610491,-0.5005292101652823,-0.9871687972982559,-0.8526546682148961,-0.18250970659880966,0.4323198869208419,0.6218547041523672,-0.6043528672675491,0.77843026520473,-0.7105613285614767,0.4521994292286506,-0.6070635969658218,-0.07617516788719629,1.9655466759121307,-0.37174181903963527,-0.5429799678216537,0.5334696962929761,0
-1.4086103356317816,-0.87507063028241,-0.4445202009343899,-0.4281154315628296,1,0,0,1,0,0,-0.6343500496942954,0.1394829824589832,-0.6687627022894718,0.2050782721847377,-0.05378421060874626,-0.051216659091548364,-0.5813729567153667,-0.6637862453447887,0.12591014836255104,-0.4949371457476727,0.22818132908897953,1.0956676091348532,0.931595874549312,-0.9113022628441939,0.5830220629149552,-1.2610718138024837,-0.4120210208088777,0.40414906172817433,0.74512626677265,0.7553527801229527,-0.10214923498724347,1.4951261572024517,-1.439378946395945,0.2600751619232294,0.09792599432901099,-0.7553527801229527,-0.7451262667726507,-0.9266927806649233,0.340918023760079,-0.4914316007678933,-1.0259302987822392,-1.1086788717467513,1.3297299961089997,0.8401159358104279,0.5111183656893089,-0.35630847989348147,0.11228645211844858,1.8692432640103136,0.9266066825629212,-0.0495139282068366,0.05920974801103089,2.028993034945732,-0.37174181903963527,-0.04195727479570725,1.0901944480755505,1
-1.1773079744166424,0.43908543426214564,-0.15484123025532542,-1.8947617391869185,1,0,0,1,0,0,0.1480240445619179,-0.5030436641260921,0.4570372624398156,-0.5847785048172213,0.17171434528485036,0.06505344163516784,0.7260652713311295,-0.22708223981142994,-0.5778712908234318,2.4248214221877333,3.227837421313222,1.649981697317684,-2.3869306785775084,-0.6876466013788655,1.0197212853778228,-0.4344112451266396,0.6572522066589758,0.8853807911867084,-0.8822105547849753,3.1253439301633743,-1.696699815979339,1.3332118990004718,0.35342800646696787,-2.62405726759627,-3.3319447169536733,-3.125343930163374,0.8822105547849747,-0.7595776989295921,0.641115017460903,-0.6642861793182697,-0.7675202888890147,-0.4942207832702994,0.2270552128845555,-1.4435419379712537,-1.3160312189511594,-0.17027518936292965,-1.5808290728091832,1.33810702436318,0.19674936974096682,0.35244048415429274,-0.7700228618656133,-1.4922798914190887,-0.20711139779498602,2.2404794378780473,0.47161139053935697,0
-1.280109023845593,-1.880013503169424,0.5693561964423357,0.3052077222492148,1,0,0,1,0,0,0.11016723354952047,-0.4902512784022264,2.350428112211799,-0.726547669920137,0.7838756753271134,0.18445389122760333,-0.13036103828951986,0.3647458107109283,0.4285161199349909,0.3461880270828169,0.0696886623772752,1.2440744431849378,0.5676393667480523,-0.11225940667201639,-0.7682208826043905,-0.39047798985237797,-0.16543198655107968,-0.3077733805397511,-0.3593320018427697,2.0531502651499434,0.06910192064666455,-1.2702118878945778,-0.9781886135739823,-0.6317172164158101,-0.3910794770291654,-2.0531502651499434,0.359332001842769,0.26168113389743136,-0.351202822827933,1.587877569279611,1.0987742270064957,0.9717548413972856,1.3297299961089997,0.5954383064766764,0.8740874750960009,1.7245083253000937,0.43148036255562516,-0.9381911455531051,1.473999667179387,0.6441815899002735,0.3299795798074865,2.1558857530129325,-0.8244754774624201,0.15288488360327163,2.1727147987638893,0
-1.1516077120594044,-0.4370186087675581,-0.15484123025532542,-0.8681093238500562,1,0,0,1,0,0,-0.06649788450833415,-0.424544933547825,-0.1826218084290977,-0.3648916364943316,-0.10384186321214041,-0.04450876866500705,-0.022266291221207532,-0.27354371545000566,-0.4080332684512948,-0.1726809390459264,-0.5461535272868853,-1.019965121077492,-0.04402788789383585,-0.9547102635645015,0.787271845665068,-0.28860064266360363,-1.1086687296136917,-1.1437068677063371,-2.2039032942634433,0.7946936794948511,-0.9229734263810323,1.16411898653612,0.26777933383128344,-0.8660561259998028,-0.406580817967143,-0.7946936794948504,2.2039032942634433,-0.9266927806649233,0.641115017460903,-0.20030810005147043,-0.3153027715758717,-0.71610842633123994,-0.18250970659880966,-0.7910682597479163,0.2896456887631914,0.07776919801113909,-0.7759052986632599,1.413983630027056,0.6985262723060605,0.7414286251489338,0.31305646532020776,0.506280418139323,0.28677986593896093,0.793080546914203,0.904619530814692,0
0.31330724230314594,1.109047349520155,-0.8790386569529866,1.478524768348486,1,0,0,1,0,0,0.3751649106363024,-0.5751462018424264,0.7384872536221374,-0.6270199295213553,0.1624625128090985,0.04224661418492735,-1.0689348224799662,-0.18731808604777075,0.0398945719786656,-1.2358132791714387,-0.7940724787993868,-0.7799435386481698,0.3080246618024172,-0.9105346110570577,-0.6852360850626225,-0.18933263666331904,-1.09362234281445,-1.0440629254647062,-0.7652983266135058,-0.30473640080153597,0.5765844365509452,-0.42935451572971706,-0.24479825704767078,0.5850868175181849,0.013008876548246957,0.30473640080153597,0.7652983266135052,-0.8988402670423681,-0.7097714541928067,-0.2912841940253525,-0.3411437725651945,-0.7331767065666972,-0.24551969421163483,-0.05703537174666111,0.34501385799472056,-0.6043528672675491,1.1392581639597994,0.12408133374116129,1.9210372712828345,1.4675398216722642,1.6669056243024845,1.109020828958526,1.3568776040291806,1.2941032399401495,1.8943524228726025,0
0.2619067175886707,-0.5400896726534062,-0.4445202009343899,1.0385308760612593,1,0,0,1,0,0,0.40040278464456736,-0.5797979784692867,-0.4896581624461761,-0.18377429495468825,-0.8128654079740606,-0.3038805318246047,0.401923379071726,1.0111580092481653,-1.1859626149591271,0.5839748294015986,-0.2920140204895494,0.2007915267012023,0.8265118337682598,-0.5668647464850705,1.3906636634289742,-1.7055863449962037,-0.3958824638481489,-1.0271301697605824,0.17292230446253995,0.10235345797273021,-1.1252888180234086,0.005290228763233738,-0.09269916596921209,-1.1814625940830252,-0.6231601678003613,-0.10235345797273021,-0.17292230446254067,-0.23037994010104354,2.142099985965025,1.7192874827974407,0.369483754641173,0.18851042614798086,2.211869822688555,2.3897409215908554,2.5043724580243647,1.3179911348814817,-0.9424412519348303,0.35171115073279,1.0634549287170376,0.8451587960808378,0.2622871218583729,1.1407440084753266,0.8629863402952329,1.0157572993701793,0.904619530814692,1
-1.3829100732745436,-1.3131226517972627,-0.15484123025532542,-0.4281154315628296,1,0,0,1,0,0,1.4225366819792977,-0.6902776733572181,0.009275912831576286,-0.4597901796652629,-0.6484320212339116,-0.17553622833011415,-0.36980758120617285,0.6928560600899419,-0.6262233364539088,-1.8485174774913742,-3.347760431754669,-2.2300489020846137,2.189170251620053,-0.530385179334357,1.0520574574827815,-2.3002225285149533,-2.302921944707657,-4.905823661856345,-3.034126254566094,-0.032311248161722386,-0.015728178071104756,0.10296137935013172,-1.4554335290040945,0.21368987650083948,-0.4373294436264861,0.032311248161722386,3.034126254566093,-0.968471551098756,-0.18442671521636386,-2.533844910481546,-2.93170412174477,-3.2763504616497907,-2.6083942296925864,-1.0357458890816678,0.5664865349208381,-2.8057468052124075,-0.22078545442469194,-0.17942508891434333,-0.7976812189789466,-1.3461410648556402,-1.1931007240475748,0.09387908442092041,-0.37174181903963527,-0.4316415915936655,-1.0748462533011267,0
1.135715637734753,-0.8493028643109486,-0.15484123025532542,-0.13478617003801185,1,0,0,1,0,0,2.3815758942933654,-0.7356324954691058,0.86641906779592,-0.6432221198188314,-0.4299568538961165,-0.0686571742005558,-0.005023457673545173,-0.61860676708363,0.4914852388177385,-0.20223244303026405,-0.13256079467729462,0.6583450657359072,1.0528419794246935,-0.32808432702997486,-0.608684681173583,1.3702379780242202,-0.9494349676011624,-0.4733054327694399,0.4783555005605047,0.42347698798565403,-0.32083275368905956,0.23929025003816995,0.7050802363506897,-0.6682404779568442,-0.2897551082985008,-0.42347698798565403,-0.4783555005605054,-0.20252742647848845,-0.43459087663371765,0.5365982611369737,1.213623120292374,0.7062482599568443,-0.6130779552864494,1.8188264531454346,1.6738499195514247,0.2431321229271842,-0.10050948817300241,0.5793409677244183,1.002633485981873,1.2600794798084554,0.8658782052379705,0.2524949820049213,0.6160407084282594,0.9415317152181866,1.605680329355712,0
1.495519310736081,1.109047349520155,-0.4445202009343899,-0.8681093238500562,0,1,0,1,0,0,-0.33149556159511606,-0.3024357970927428,-0.8094876978806327,0.8502726358163745,-1.5270391461761088,-0.8897029624092133,-0.7465560107931164,-0.13552800160841488,-1.0600727634113907,-1.2434642598720458,-1.1203531095131785,0.15529206603288806,1.0787832558613482,-0.9825903870478476,-1.2462711608243162,0.49053165155184797,-1.1223553250715466,0.04214409626562872,-0.7046860443852642,0.910698895591472,0.05631156896729771,-1.0624706547714946,1.9420919833486374,0.5669316654867408,1.4976594200623008,-0.910698895591472,0.7046860443852634,-0.9266927806649233,-1.1600669447440433,-1.6069330893092284e-4,0.2531992501892221,-0.22112829950298704,0.4475901695294441,-0.709509049969999,-0.4855086804782194,-0.17027518936292965,-0.08200549336504998,-1.0899443568808573,-0.48749186102961545,0.5210020119186368,0.7361343275021692,-1.0798785577006862,-1.7711003996191523,-1.712032918215528,0.47161139053935697,1
-0.4320003660567478,-1.0296772261111817,-0.8790386569529866,-0.13478617003801185,1,0,0,1,0,0,-0.29363875058271866,-0.32278731983525655,-0.10586271992482811,-0.40886901015890953,0.19693766084339173,0.06773659780578437,0.20316363128550688,0.7909841913565676,-0.7003847292906301,0.331900122979767,0.2320912007928166,0.28060525129500197,0.03302468547808782,-0.8234092957307554,-0.21631593593656717,-0.27717679346019625,-0.7902739815310532,-0.7895907767010895,0.1590389773671773,0.22497917377587734,-1.105244841212015,-1.3023511820313516,0.678913441368175,-1.2319978059913042,-1.0726116399951373,-0.22497917377587734,-0.15903897736717798,-0.6203151308168162,0.11577027848446049,1.0733572155828786,0.7441782689863493,0.3591932285025509,0.8256500952063961,1.4110304042558486,1.4523772426253072,0.6978801664463103,-1.053465220782544,-1.2416975682086098,-0.14080963743918734,0.22277777048941236,-0.29617565622181696,-0.794369942049485,0.4514102871836102,0.6260729825722207,-0.5799798072721716,0
-0.35489957898503444,-0.4370186087675581,-1.6032360836506476,-0.8681093238500562,0,1,0,1,0,0,-0.5207796166571032,-0.13962361515263325,-0.1826218084290977,-0.3648916364943316,0.4833400705545787,0.17461565193534273,0.10905139650481083,-0.907463964466893,-0.2892787700707174,0.09107445044789254,-0.40959333321849456,0.5118337468306775,0.15107420826393472,-0.6335104368059749,-0.12851461012091625,-0.2814859325889407,-0.35553607144632576,-0.5527930593106785,-0.2682155254971324,0.9640930772469049,-0.7846347854760104,1.1167796549296314,0.11258755373080108,-0.4755791893371491,-0.00720343656542983,-0.9640930772469049,0.2682155254971317,-0.5924626171942612,-0.10937746679115769,0.04532735367801011,-0.10857476366129187,-0.23819657973844427,0.006520256239666901,-0.05703537174666111,0.06817301183707392,-0.046252995675895824,-0.6926373220274746,1.1863538130354276,0.31535118307453414,0.3265079414213163,0.10997909147286698,0.47455723862252236,-0.28942660841731066,0.18071947766026855,0.5953280020465953,1
-1.6656129592041589,1.109047349520155,-0.8790386569529866,1.478524768348486,1,0,0,1,0,0,-0.7605394197356201,0.627919528279312,0.7384872536221374,-0.6270199295213553,1.9875943356691799,0.9674883003525268,-0.2826132233498602,0.5379767393230792,-0.9372895734492697,0.05292580277497932,0.16109084480045657,0.40360139535915746,-0.4045418996251302,0.10280867585885346,0.685885516734272,-1.8826219197186767,0.5890441741963606,-0.07400721519880597,0.5791922973583978,-0.023971702672748577,0.49570578419711603,-0.05128490420753158,-0.6105472236597362,0.5125867748735254,-0.2816796291261466,0.023971702672748577,-0.5791922973583985,0.38237535959517033,1.0914105080121401,1.1188452625698195,-0.173177266134598,0.06903246449978255,2.243374816494967,0.5954383064766764,0.34501385799472056,0.8219023601333442,1.055990187324014,0.5793409677244183,1.9575301369239315,1.2600794798084554,1.4299820214805863,1.267636726542527,1.439192814651505,1.5724491805101195,1.9562107286262216,1
0.2619067175886707,-1.3131226517972627,-0.4445202009343899,-0.4281154315628296,1,0,0,1,0,0,0.40040278464456736,-0.5797979784692867,0.009275912831576286,-0.4597901796652629,-0.25187379722720377,-0.09056961626059078,-0.6250368349524541,0.7714202020235047,0.07043075850555182,-0.7812832727520781,-0.48783979236282854,0.04574059168568408,0.9809835738442877,-0.8357563609056619,1.2285328790961592,-1.3969357638952258,-0.3995063913093897,-1.0186382793001763,0.17396031022667943,-0.11014700605881247,0.034051025684845235,0.17191883228071528,-1.5000669290646738,0.6593195983820719,-0.36028639538675256,0.11014700605881318,-0.17396031022668015,-0.6203151308168162,1.6918044954137887,1.1643333095567605,0.14983524623193267,-0.01630893667750248,1.4557499713346498,1.9819448727012692,2.0614271041721297,0.8219023601333442,-0.22078545442469194,-0.17942508891434333,-0.9618991143638861,-1.488770049887009,-1.1931007240475748,-0.1916295312302808,-0.28942660841731066,-0.3759724034796717,-1.136704559054746,0
1.495519310736081,-0.8493028643109486,-0.4445202009343899,-0.13478617003801185,0,1,0,1,0,0,-0.33149556159511606,-0.3024357970927428,0.86641906779592,-0.6432221198188314,0.7894252800663573,0.2645013836509964,-0.6770426493197431,-1.217820007605931,-0.3309271134598729,-0.7779241808767867,-0.12360825876271217,0.04494206958794771,0.00883331608781516,-1.2451385828010155,-1.4807037959778209,0.28221262096239674,-1.4590951424933778,-0.26285535512740543,-0.663442976312604,0.7192902890320441,-0.3026835159898043,0.1881596214605611,0.73598491780937,-0.3958883857717735,-0.09593030341305989,-0.7192902890320441,0.6634429763126033,-1.17736540326792,-1.3852146900196616,-0.054746349693259644,0.09815324425328795,-0.4942207832702994,0.5421051509486824,-0.46483142063624716,-0.2086678343205727,-0.17027518936292965,-0.1137266273215397,0.47094581677602393,0.8484076847605686,1.139678388548209,0.8860247701037786,0.09387908442092041,0.1456680763006908,0.5704037944582268,1.487854985063103,1
-0.35489957898503444,-1.6738713753977288,-1.6032360836506476,-0.8681093238500562,0,1,0,1,0,0,-0.5207796166571032,-0.13962361515263325,-0.7839013350458762,0.6274925192260784,-0.9507380743125019,-0.5923198201658815,-0.6334749753355945,-0.7598698113994777,1.2853242131625924,-0.8155876781537907,-0.3433300553587564,-0.6807871280270756,-0.01322910690394852,-0.7163041176407944,-0.05709511342516177,-0.09269510992970291,-0.5660168301236261,-0.6508016952374855,-0.2682155254971324,-0.6624995530634572,0.16513973930211945,0.985748531861414,-1.8502309040063194,0.540553736124769,-0.18903530024045775,0.6624995530634572,0.2682155254971317,-0.7038726716844818,-0.10937746679115769,-0.16391766246191838,-0.18609776662925942,-0.3918111018575571,-0.24551969421163483,-0.05703537174666111,0.06817301183707392,-0.17027518936292965,0.5286263352973745,1.5657368413548085,1.4375068015382888,0.08014878545804377,0.2961333508329291,2.377948009630533,1.0276167615398821,0.7374113588002092,1.0901944480755505,0
-0.4577006284139859,1.4955638390920825,0.27967722576327125,-0.4281154315628296,1,0,0,0,1,0,-0.7731583567397526,0.7849169894358462,-0.34893316685501513,-0.2983469263439834,1.357548890776926,0.8342248772119057,0.8369586712071436,0.08770969575677447,0.7036507808448408,0.6097208421096646,0.4847384267689605,-0.9927726427332849,-0.6145692644117556,-0.11654800751410208,-1.4618184410228876,0.9068493938093699,-0.2600251570696445,0.44777755460636787,-0.3305796915292576,-1.0261585642736313,-1.2802648020113987,-1.5848019337857089,-0.05061800529931605,-1.0815300164474755,-0.19301606608792415,1.0261585642736313,0.3305796915292576,-0.03541234474315745,-1.3101654415944555,0.34554846379182197,0.7829397704703327,0.6322857122698633,0.038025250046078915,0.10608304780917345,0.2896456887631914,0.5738579727592754,-1.192245181842186,-1.4693273852002382,0.0963939892279486,0.054216242725068246,-0.38079122865820925,0.728342674756924,1.1099319721622063,0.6260729825722207,-0.332546584257695,0
0.4161082917320974,1.9593836265783975,-0.15484123025532542,-0.13478617003801185,1,0,0,1,0,0,-0.6974447347149578,0.3284614079251818,0.12441454558798068,-0.4950878085276215,1.269648225209414,0.63522412789118,0.6881917102159003,0.11791043127408103,-0.09613637863067175,1.6291350179431519,1.4842329524827953,1.3064660683467983,-1.4159056188937185,0.5924600466663117,0.5349403848309472,0.7540906606238709,1.292744874116214,1.0457582487591344,0.6912331826893887,1.0963072413460702,-0.3649682276137215,0.37405576698650655,0.8892100398767951,-0.9189926181167053,-0.9085961403826925,-1.0963072413460702,-0.6912331826893894,0.8558680911786088,0.8662627627365218,0.9550882934168308,1.248077788278137,1.8099970485163963,-0.11949971898598452,-0.38327221085833024,-0.7069813574043363,1.13195784435093,-0.38732140769626244,0.27583454506891375,-0.1864257194905595,0.28760912732185256,-0.11002139686175369,-1.0798785577006862,0.12214944469431245,0.793080546914203,0.038603250264021984,1
-2.0511168945627247,-0.9523739281967958,0.27967722576327125,-0.13478617003801185,1,0,0,1,0,0,0.6780193987354818,-0.6222454401893867,0.25234635976176334,-0.5454303283804937,-0.22299113034194412,-0.05703016412788418,0.4891700394956472,-0.2771547334682816,0.12105930870556243,1.1511330985654742,1.2415431261072616,-0.13513035533917805,-1.2435182669753877,1.0176793426248345,-0.417850375744034,-0.9491406390044048,1.3536205859895332,0.6958863179850193,0.06512235289855058,-0.24888924451037456,0.3366503605630479,-0.038189763971693706,-1.1192869379364996,-0.21287954932046266,-0.9346693234812306,0.24888924451037456,-0.06512235289855128,0.540206270122983,-0.6847550380510711,-1.070646065734943,-1.3274086436576682,-0.8298969612342869,-0.24551969421163483,-0.6279498401920818,-0.725437413814846,-0.6870343297255728,0.5841383197212315,0.27583454506891375,0.9722227646142934,0.1709126850234604,0.0761328624983096,0.9504049313745251,1.6861384465184783,1.6837875567381073,0.7190446135538346,0
-1.100207187344929,-0.8493028643109486,-1.6032360836506476,0.3052077222492148,1,0,0,1,0,0,-0.4576849316364408,-0.203585543771962,0.5082099881093286,-0.5899863516985528,0.8257859617077169,0.29938241386901127,-0.13967949595688145,0.5958551180056353,-0.7602442973779784,0.351286882648481,-0.26750095387915274,-0.5246358680283784,-0.5323038187538517,-0.8413144824693409,0.0654321422421001,-0.932762394560535,-1.1797552305121422,-1.683229748929123,-1.3044950872689045,0.5782415939310317,-0.6464037786732175,-0.752281365459774,0.10194317157948823,-1.6443910069632812,-1.2955818945817756,-0.5782415939310325,1.3044950872689036,-0.7038726716844818,0.26586877533487285,0.6275743551108558,0.007709740790658993,-0.4600842227993849,0.4790951633358572,0.5138790966987595,1.4523772426253072,0.5738579727592754,-0.8314172830871166,-1.0140677512169813,-1.317704554364588,-1.0738493661593913,-1.5484861282804228,-1.0481553781838862,0.4514102871836102,0.848749735028197,-1.3222794763156045,0
-0.7147032519863632,0.928672987719922,0.5693561964423357,0.3052077222492148,1,0,0,1,0,0,-0.5333985536612357,-0.13671625476084556,0.06044863850108935,-0.4754137203092577,0.7118913981583822,0.26226542017548266,1.416093121898884,0.8440770995972537,-0.050822033551736395,0.7224298835138302,0.8506514377997999,1.5667460136560099,-0.4992691726580875,1.6660221689210457,0.751867008493373,-0.687975882809861,0.5361939161754532,0.24049438361328737,1.1360522199736263,1.0101319379600069,-0.30444223648362556,-0.40531844503028847,-0.6218739916692761,-0.4442754565713051,-0.8710925734499335,-1.0101319379600069,-1.136052219973627,1.3293608227620468,0.491016520610491,-0.4823339913705056,-0.7416792878996918,-0.5112890635057554,0.1010352376589052,0.35076067714292497,-0.1532996650890431,-0.4803306735805153,-0.3318094232724056,-0.4323471077939307,-0.18338464735380153,-0.46875670238994993,-0.6007917169928287,-0.11760877902441451,0.06727263761276221,0.6631857746482165,-0.1469716669968365,1
-1.7170134839186342,0.23294330649045036,0.27967722576327125,1.0385308760612593,1,0,0,0,1,0,1.5487260520206223,-0.6960923941407935,-0.3361399854376369,-0.315706415948422,-1.017262637461172,-0.2913591363617276,0.056880212247814935,1.7114669855354778,-0.5525873401265823,-0.2056037958115681,-0.431727380228325,-0.318089200664753,0.32259164468550894,0.766010014988945,2.70617904029193,-0.7110476065995921,1.1660992991367223,0.27512797396437144,0.28185302474922574,-0.7133741297612541,0.6862948616077835,0.36194860683485686,0.0408711342756915,1.4340415675446208,0.8298756558230175,0.7133741297612541,-0.28185302474922647,0.5286010561135852,2.160862298071327,-0.5209988313094053,-0.7836709145073412,-0.33207212103345735,-0.2849009364696507,-0.11820477908009916,-0.26403600355210183,-0.790386157798101,0.77843026520473,0.5034643620605421,0.4521994292286506,0.4043055696202447,0.9899810448113461,-0.0012904541294803558,0.4514102871836102,0.1250502895462747,0.904619530814692,0
-0.5348014154856993,0.4133176682906843,-0.4445202009343899,0.3052077222492148,1,0,0,1,0,0,-0.016022136491804253,-0.45420000954405926,0.32910544826603294,-0.5645257669453762,0.22450294772252838,0.08696588369520282,0.46777196713898345,0.1117539764383678,-2.0131604578817086,1.5044049492224394,0.7128333880453405,-0.9134759484700339,-0.939394379671501,0.8051889765380913,0.40540458756192316,-1.8432462151434459,2.196594122379953,1.5311177411149481,-0.37315522795503414,-0.8757814322965277,0.15408703096556292,0.2527395763760441,0.8997731029670217,0.14575110039018116,0.568120150149543,0.8757814322965277,0.3731552279550334,1.3641764647902408,1.0351235716932352,1.7647755297843817,0.31457162753886314,1.2254084504519944,3.41693583578384,-0.6279498401920818,-0.5408768497097485,2.387682555432152,0.3898463742377325,0.5793409677244183,0.9630995482040194,1.3378771080073837,1.3284433345569153,0.2524949820049213,0.8629863402952329,0.45906541823023866,1.0901944480755505,0
1.0072143259485644,0.026801178718756015,1.4383931084795292,-0.4281154315628296,1,0,0,1,0,0,1.3972988079710327,-0.6896962012788607,1.5444576829169683,-0.6895140920973345,0.028389021581317404,0.002446464320782188,2.3981208844945368,-1.5716149180786396,-0.187677426844545,1.4815890774859317,0.6809134336328092,-5.751309969466561,-3.000302259535686,2.662041772641968,-0.2491664807661297,-1.7254044326103313,0.997475506307841,-0.7001117805758703,-7.823874102466001,-0.08447776675232606,-0.6747646932822392,1.907481286377003,-1.4773037276767276,-1.0124516221568949,-1.5687437001462106,0.08447776675232606,7.823874102465999,2.5827239357770297,-0.18442671521636386,0.17269388524144552,-0.7675202888890147,-0.3747428216220998,0.3845801819166189,-3.482522182419184,-1.648240234340335,0.7598912632898273,-0.7203933142394032,1.4898602356909325,-0.5057382938501646,-1.1386807229918314,-1.396178097894916,0.062155904904119784,1.2745623934068555,1.3497724280541432,-1.0129879475475077,1
0.31330724230314594,-0.6173929705677911,0.5693561964423357,-1.161438585374874,1,0,0,1,0,0,-0.11697363252486404,-0.39779721794337847,0.34189862968341117,-0.5668403655593013,0.3179989023483418,0.13213234590058104,0.15765400120437048,-1.7014756963958444,2.760578883408783,0.2720255409009915,0.9503214134537273,1.223602344339604,-0.4328885202074006,0.0503640465776456,-1.4929584666463462,0.13454820615535082,0.3722743389952416,0.3085667726793802,0.9454154897089528,0.7311960875261709,-0.16889856447966003,0.839715772819158,-3.6385958421532454,0.0016519058603872594,-0.9342089845256871,-0.7311960875261709,-0.9454154897089535,-0.09111737198826762,-1.4602639384448675,-0.50962681956267,-0.3669847735545164,-0.20406001926752979,-0.4660546508565234,0.2692014673650073,-0.1532996650890431,-0.23228628620644656,-0.19302946221276363,0.7310941790521709,-0.11343998820836432,-1.9425895477140902,-1.8192559600768776,2.251055291563333,-0.04248097655033679,0.3477270420022505,-0.332546584257695,1
-0.9460056132015023,1.1348151154916164,1.4383931084795292,-0.13478617003801185,1,0,0,1,0,0,0.8546845167933363,-0.6460857954020456,0.022069094248954552,-0.4655766762000758,-0.44822044333993055,-0.13707765655127727,0.8612297798515332,0.16250139634725103,0.5970493280211331,-0.8784212231917136,-0.16845669314861306,0.026434593065261622,0.48069947633489,0.5814484541909247,-0.015076603191411467,0.26024092675452953,-0.7622693163958268,-0.5355434830788274,-0.46081074412575107,0.4930801176436292,-0.616584529111494,-0.23814167637184372,-0.5546693988267726,0.4308371958314226,-0.30385202472307693,-0.4930801176436292,0.46081074412575035,0.744458036688388,0.19081952690966666,0.6457695739056325,0.6924962670077037,0.32505666803163763,0.25856020669096863,0.5138790966987595,0.8433273810784847,0.8839134569768611,-0.47058938433204756,-0.02767187758659086,0.6620334066649622,0.2487103132223888,0.4145951522438788,0.3476645205553221,-0.20711139779498602,0.013711913318286572,0.5953280020465953,1
-0.2006980048416086,-0.4885541407104817,0.5693561964423357,0.3052077222492148,1,0,0,1,0,0,-0.00340319948767178,-0.458270314092562,0.6617281651178678,-0.6154469364517295,0.3767338375030749,0.12318849199852594,-0.19408602579797246,-1.7466538756622256,1.79334040191802,0.23437630470677015,1.1907155185540028,0.603502399107082,-1.0449579558691313,-0.05558389708199574,-1.0248961362606734,1.92437247901801,-0.40473898900952293,0.0427774975990316,-0.088318892712161,0.910698895591472,0.21434256841055027,1.3706188091685847,-0.5177476510423167,-0.717959520181282,-1.506224590120482,-0.910698895591472,0.0883188927121603,-0.03541234474315745,-0.9349191994684248,0.09991301006234013,1.093031782342202,0.8541733553308051,-1.3166894836296663,0.02452383803125581,0.06817301183707392,0.139780294854656,0.08453045990652028,1.0851850054835932,-0.38105433624308,-0.5768089637773496,-0.7982280526777443,-0.7520723693604175,0.34165667302051117,0.9415317152181866,-0.6624575482769981,0
-0.5091011531284612,-0.6173929705677911,0.5693561964423357,-1.6014324776621007,1,0,0,0,1,0,-0.5460174906653681,-0.12508681319369488,0.21396681550962854,-0.5384865325387181,0.8413812914962613,0.319953277843738,0.7743529450109415,-1.0672491176896843,-0.6482068259381522,2.1271072208654984,1.778985699710972,1.1201200227837094,-1.1619437516008453,0.35147116755285623,-1.182132906715131,-1.0701864011574032,1.1782393087778227,1.3559818779765145,1.5677883443965623,-0.027203276549727037,-0.725570770518051,0.2805981122000022,-0.18931367866544457,-1.7052626962720896,-0.9889161537787947,0.027203276549727737,-1.567788344396563,0.7166055230658329,-0.8598699510432187,1.3462854975045246,0.48576825909312477,0.9736513169790033,2.6844447297847456,0.5954383064766764,-0.09793149585751397,1.2559800380379649,-0.7759052986632599,0.04820472807728505,-0.5787240251323598,-0.5811310542328463,-1.159254495073018,-0.0012904541294803558,0.5337254978059351,0.5704037944582268,-0.5799798072721716,1
0.44180855408933456,0.3102466044048362,-1.168717627632051,-0.13478617003801185,1,0,0,1,0,0,-0.1800683175455264,-0.3663977257120716,0.08603500133584588,-0.4806215671905893,0.22095427520690705,0.08964903986581935,-0.6098163097301917,-1.5660208655956345,-0.6176853433110039,-1.0363292941103768,-0.6780185484505327,-1.3472577218710236,0.2466294490298244,-1.1541822958554109,-1.0139097814544935,-1.6168806217806975,-1.0400334873669121,-1.099947092714589,-1.9849433926451614,0.13114384342216406,-0.30528092744881885,1.133700223120182,-0.7804125366292403,0.3687346150673946,-0.19242692910741613,-0.13114384342216406,1.9849433926451607,-1.1216603760228097,-1.009968447893631,-0.32767463161490584,-1.077612300760884,-1.3647030752786062,0.7941451013999841,-0.8726274695258333,0.012804842605544792,-0.5423417704240322,0.0012624832707351544,1.717490052682561,1.4101371523074657,0.7154960824159574,0.8376730144258402,1.2993599060593275,0.4514102871836102,0.5704037944582268,1.2139110595827887,1
-1.5114113850607322,0.5163887321765315,-0.15484123025532542,0.3052077222492148,1,0,0,1,0,0,0.43825959565696476,-0.5827053388610743,-0.16982862701171944,-0.3741500309500322,-0.4234713121992346,-0.15899009861131222,-0.22776380574035612,-0.30948521030488235,-0.2028540371559983,-0.09819057130371635,0.401718643728486,-0.6468237032702152,-0.9159389681295763,-0.20766126291739817,-1.0607576976650435,-0.3634109993904869,-0.275207588154206,-0.13780472641685085,-0.43967950362031105,-0.4461216066019436,0.10921842915870614,-0.6378656116181532,-0.08788474272154179,-0.14024200633412107,-0.6567934052376324,0.4461216066019436,0.4396795036203104,-0.3139374809687093,-1.0850176963188372,-0.5005292101652823,-0.5995537824584191,-0.6649035856248688,0.006520256239666901,-0.46483142063624716,-0.319404172783631,-0.29429738304996345,-0.026493508941193386,-0.7105613285614767,-0.4509989953885172,-0.4255357978349895,-0.44848368660732285,-0.7626467625326843,0.6983559190505837,0.514734606344233,-0.8274130302866491,1
0.4161082917320974,-0.9523739281967958,-0.15484123025532542,-0.13478617003801185,1,0,0,1,0,0,-0.6974447347149578,0.3284614079251818,0.25234635976176334,-0.5454303283804937,1.3500256413767604,0.6741298923651196,0.011203981834507905,0.6305594994784248,1.4214971677292985,0.8748952550728396,1.2841303536406563,0.0623315950381996,-1.4430485531788084,0.44226078921170087,0.6206211654532728,0.9794761623248074,1.0374556636398506,0.8814015207599144,0.6257323574189628,-0.5355808722489565,0.42632236010436436,-0.24373804244551725,-0.9589551659075233,-0.15320376906423017,-0.8089153171198871,0.5355808722489565,-0.6257323574189636,0.8001630639334981,1.0914105080121401,1.2916998411201945,1.6873748050966186,2.1342943729900803,-0.11949971898598452,0.02452383803125581,-0.26403600355210183,1.5040244254120325,0.6674062963570164,0.04820472807728505,0.9357298989731951,0.2357440418559006,0.1607484349347019,0.8552353928241243,1.6038232358961542,1.4054416161681371,0.5334696962929761,1
1.0072143259485644,0.4133176682906843,1.4383931084795292,0.3052077222492148,1,0,0,1,0,0,1.3972988079710327,-0.6896962012788607,0.32910544826603294,-0.5645257669453762,-0.4349343986516048,-0.09414715782141281,1.1773475259575845,1.091179959117627,-1.9004341312001432,0.2530948428141783,-0.48906406449585715,-2.8804304604267488,-1.1738233841567363,1.5829373395205584,1.4291697035750055,-1.4693962395462261,0.26842557848884807,-0.29967634038891156,-3.034126254566094,-0.9193541232206256,-0.055478056193338565,-0.06596790304116455,1.1213556095600266,-0.07574859557667658,0.3432316171061376,0.9193541232206256,3.034126254566093,1.4686233908748227,1.3165582532877582,-0.009258302706318612,-0.7675202888890147,-0.6307670251539549,0.8571550890128092,-2.259134035750426,-1.648240234340335,-0.4803306735805153,0.25106641317809053,0.35171115073279,1.3006585553841723,1.7787303344679768,1.6330593953279282,0.1890486229713212,1.1099319721622063,0.6817421706862145,1.275769365336409,0
-0.9460056132015023,0.3102466044048362,1.4383931084795292,0.5985369837740325,1,0,0,1,0,0,0.8546845167933363,-0.6460857954020456,-0.13144908275958464,-0.39324546951491474,-0.5739877415124476,-0.19297674343912158,0.12336320051176661,0.9311045681019918,-0.16077823333990607,-0.9776240982913539,-0.6816152514714563,-1.1684327010112245,0.181173463604629,0.42596547481083064,-0.022907349262758808,0.18622142386077317,-0.6020158504829168,-0.4899594835469299,-0.38662849897585155,-1.2101494081044426,0.25408015012801166,-1.300918320163692,0.4069238029327759,0.7237584736518283,0.4077831368694456,1.2101494081044426,0.3866284989758509,0.38237535959517033,-0.03432821836595151,-0.027453521501095285,0.07231224326396513,-0.1699234587966153,-0.2140147004052217,0.2692014673650073,0.5111183656893089,0.2638024885416898,0.05677446769459199,-1.317574173872486,-0.6060936743631827,-0.32180562690308556,-0.025405824425361403,-0.9212626601166852,0.4514102871836102,-0.09762646290970158,-0.45626319576493324,1
-0.5091011531284612,-0.4885541407104817,0.5693561964423357,0.3052077222492148,1,0,0,1,0,0,-0.5460174906653681,-0.12508681319369488,0.6617281651178678,-0.6154469364517295,1.0706636321207237,0.37942990629240436,0.2035306543602396,-1.2366566998630462,-1.1871591622232225,1.2835001128839358,1.816993546217309,1.8175346846622196,-1.0145876457186027,0.5098942692768752,-1.2038657190306177,-1.0832394818266915,1.2180524982216423,1.3808503201985736,1.7079624107676439,0.7849642097577141,0.22646601658715843,0.49134388095560533,0.5343351328080554,-0.5261258412468568,-1.0140490221276768,-0.7849642097577141,-1.7079624107676445,0.8001630639334981,-0.9349191994684248,1.0551619967881019,0.2531992501892221,0.7517636739180628,2.4324047793334436,0.5954383064766764,-0.1532996650890431,0.9459245538203791,0.15392044043634126,0.38964945356472797,-0.1681792866700104,0.1255307352407521,-0.093098282374475,-1.175048096251087,-0.001323371239174659,0.4312308241732417,-0.6109089601489817,0
0.44180855408933456,-1.5192647795689571,-1.168717627632051,-0.4281154315628296,1,0,0,1,0,0,-0.1800683175455264,-0.3663977257120716,2.606291740559364,-0.7375420133362814,1.0754333932814075,0.2882025964914424,-1.0548119763887416,1.13347752286595,-0.4522743773440829,-0.8408732151896451,-2.3500375136834024,0.04322083944173954,2.3263477275610915,-1.0120624159429157,-1.0708823987402072,-1.557288293159945,-0.969686643069089,-0.844160998587734,-1.3500596596423822,1.3979208031972914,0.4555008888965903,-2.6285199506224295,-0.9466503252045899,0.17444078883573808,2.231004950628718,-1.3979208031972914,1.3500596596423813,-1.0102503215325889,-1.0850176963188372,-0.45504116317834126,-1.1422148032341901,-1.39883963574952,0.8256500952063961,-0.46483142063624716,0.17890935030013266,-0.5423417704240322,-0.19302946221276363,-2.4557232588306284,-1.9928225687248964,-2.0463197186459943,-1.870025303538713,0.728342674756924,-2.676567716464722,-2.7697474923814145,-1.0748462533011267,1
0.4161082917320974,-0.7204640344536393,0.27967722576327125,0.5985369837740325,1,0,0,1,0,0,0.33730809962390496,-0.5699129531372086,-0.5536240695330674,-0.13343177510181614,-0.9029664449188455,-0.3351840204817976,-1.3276651234728487,-0.699733913307052,1.4215768530508208,-0.5095752598646522,0.08581658249470392,-0.042284357631937185,-0.17866692066168996,-0.12036740467158293,-0.21631593593656717,1.1421954753891574,-0.11833620239116062,0.36232273663506936,0.9153149533513734,-0.965469047129439,1.725880980639571,0.7437061997765836,-0.7955468813725756,0.5710631483988567,0.24217187173259477,0.965469047129439,-0.915314953351374,0.1317027369921738,0.11577027848446049,1.0733572155828786,1.584010801139329,1.4515631635718003,0.06953024385249205,0.758556726032511,0.34501385799472056,1.0079356506638961,1.3057941172313696,0.4275877563966659,-0.6243401071837319,-0.9052878383950472,-0.6515610604546642,0.062155904904119784,0.28677986593896093,-0.15329565102369538,-0.5181215015185524,0
-0.48340089077122306,-0.9523739281967958,0.27967722576327125,1.478524768348486,1,0,0,1,0,0,0.6654004617313493,-0.6210824960326716,0.8536258863785419,-0.6403288715514249,0.06684825664131751,0.01720382325917309,-0.2398067124164462,0.15298329744652006,0.14164099175881684,-0.30870136362153866,-0.7911908442578361,-0.35987072682652743,0.5887617785109727,0.17967293517846822,0.2433056201693631,0.3241214482385394,-0.21867826462075501,-0.9369953428618243,-0.7279513648365089,0.23115255077283092,0.512984150966408,0.03376385232416026,0.13208281659081172,0.20019800261595744,0.11379326591108331,-0.23115255077283092,0.7279513648365081,-0.03541234474315745,-0.03432821836595151,-0.7188718357025985,-0.4574282770171454,-0.5112890635057554,-1.442709458855317,-0.22015379130249568,0.12354118106860354,-1.1004416420156866,0.5563823275093027,0.12408133374116129,0.2879815338437111,0.31354167005482897,0.38074892326932136,0.030432725387320277,0.2044646553166367,0.3477270420022505,0.7190446135538346,0
0.44180855408933456,-1.5192647795689571,-1.168717627632051,-0.13478617003801185,1,0,0,1,0,0,-0.1800683175455264,-0.3663977257120716,0.43145089960505906,-0.5772560593219644,0.42571495528882536,0.16433021994797936,-0.42920541529219924,0.3247249454192853,-1.3858874354653603,-0.49355486073608873,-0.850775566873611,-0.6631435232355127,0.8012611589056633,-0.98047740823572,-0.9321066767208501,-1.7636370935526577,-0.6149813769173653,-0.8281035477794977,-1.0001237438140784,0.08746187929198715,-0.382860895714162,-1.3794591851649143,0.12226935727755435,0.05695576918786395,0.29756796736058544,-0.08746187929198715,1.0001237438140778,-1.0102503215325889,-1.009968447893631,-0.6733837887156574,-1.4006248131274146,-1.5183175973977192,0.6051151385615076,-0.30171300108041293,0.17890935030013266,-0.790386157798101,-0.49834537654397587,-1.3934507795363622,-0.6608329728248301,-0.5033334260339178,-0.44848368660732285,-0.3502454288142823,-0.6186874509066087,-0.6543183440496418,-0.5181215015185524,0
0.8787130141623758,-0.7204640344536393,0.5693561964423357,0.5985369837740325,0,1,0,1,0,0,0.04707254852885811,-0.4722256439731428,-0.5536240695330674,-0.13343177510181614,-0.7159471060820791,-0.26005564770453476,0.6713253784038413,0.8259294692117045,-0.9887896731733815,1.0002694891592891,1.11819614814823,-1.0708281603900005,-1.423081593478273,2.4863810201575434,1.5200934112140896,-1.9695052678574991,1.79258232700486,1.7636499427278634,-0.22109974072011698,-1.2411978630008902,1.5508683386652906,0.38918209301980045,-0.6274542479546863,0.42619440236689493,0.26815114513784744,1.2411978630008902,0.22109974072011698,2.2206412586838127,1.3165582532877582,-0.17301527185930607,-1.1422148032341901,-0.4942207832702994,2.180364828882142,-1.4435419379712537,-1.5375038958772762,0.5118468759157585,1.333550109443298,0.27583454506891375,-0.22291858513165644,-0.5033334260339178,-0.3130987707090945,0.3476645205553221,0.6983559190505837,0.1250502895462747,-0.1469716669968365,0
-0.9460056132015023,-1.5192647795689571,1.4383931084795292,-0.13478617003801185,1,0,0,1,0,0,0.8546845167933363,-0.6460857954020456,0.43145089960505906,-0.5772560593219644,-0.19740762241048587,-0.05076946639644561,0.6800311773819154,1.1892671466657352,-0.11898764594516799,0.07695309399530056,-0.18255081017110802,-0.20208661834588218,0.17417095321131332,0.5677101409152455,0.09960948907493236,0.08094174821871787,0.31820007155279667,0.3121867418528186,-0.2682155254971324,-0.009609152108405178,-0.3783506222658914,-1.5325198820441182,0.24399874908415178,0.211563078647064,0.5421145850248631,0.009609152108405178,0.2682155254971317,0.5494904413305014,0.11577027848446049,0.08171779126756346,0.11107374474794844,0.2397152668543526,0.038025250046078915,-0.05703537174666111,0.06817301183707392,0.44983577907224165,-0.6371253376036178,-1.6210805965279906,-1.3724438528262355,-1.060883094792903,-0.9223308922511192,-0.857816301083085,-0.7833178721512579,-0.8769950965056176,-1.136704559054746,0
-0.7147032519863632,-1.5192647795689571,0.5693561964423357,-0.13478617003801185,1,0,0,1,0,0,-0.5333985536612357,-0.13671625476084556,0.43145089960505906,-0.5772560593219644,0.9346881970859567,0.3409713345135674,1.1609197667693927,1.256492719412881,-0.8378616671378809,0.08677011963893856,-0.183970849783872,1.3831292000642026,0.8257851609860409,1.319154755142799,0.22201183134932262,-0.835786049694071,0.30849470371515775,0.3414348875525763,1.2021396197987126,0.6941558255444424,-0.29620330740103157,-1.5021691109142572,0.30550059046630434,0.1886772337318933,0.5725158276554368,-0.6941558255444424,-1.2021396197987133,1.3015083091394917,0.26586877533487285,0.1817914946388332,-0.28946177058654887,-0.15285517856115927,1.0146800580448727,0.8401159358104279,0.2896456887631914,0.20179139169817292,-0.6093693453916895,-1.6210805965279906,-1.5366617482111748,-1.1775795370912954,-1.0407926936620688,-0.9847090191502859,-1.4418395571298541,-1.378017789531564,-1.2604211705619852,1
-0.5091011531284612,-0.46278637473902035,0.5693561964423357,-1.8947617391869185,1,0,0,1,0,0,-0.8236341047562825,1.7559753602929284,0.7384872536221374,-0.6252839805609115,3.167068665910714,1.8337005507665625,1.4121385581878216,-0.22226905867625388,-0.9527364406935145,1.1327615310563335,1.3550161993958323,1.9083767506955145,-0.6039512643959292,0.7629599577736983,-0.866485537075513,-1.4485583633665906,0.643056650359727,0.717115610674049,1.7171497230695563,0.899750088678983,-1.2012724402996051,-0.562954931094903,-0.15323882545968456,-0.892643782059177,-1.0614636038453331,-0.899750088678983,-1.717149723069557,1.217950768271826,-0.4846237089171882,1.4827496384653478,0.3565632541465125,0.615217432034406,2.936484680236047,1.5741488238116832,0.7325910426154264,1.4420133285685155,-1.0812212129944723,-0.4070549059059717,0.4704458620491997,0.31354167005482897,-0.07617516788719629,0.062155904904119784,0.4514102871836102,1.0714264874841732,0.40975308478573785,1
0.7502117023761872,-1.7254069073406524,-0.15484123025532542,0.3052077222492148,1,0,0,1,0,0,-0.6217311126901629,0.09587257658216812,1.6595963156733726,-0.6976151872460725,1.6014727298454443,0.6128644931360422,0.04475882513611394,-2.2383417410700077,-0.6233465772154821,-0.1508074092167172,0.13495519789497162,-0.5173648198072314,-0.687061584816615,0.683612473610908,-0.1956442223596067,-1.6281311674366468,0.6003630716122551,0.16398574824861878,-0.5505532963957722,-0.1595918522639314,0.6208192929695636,2.876202198327286,-0.7839791536151018,0.7990408254253661,-0.015348200895781003,0.1595918522639314,0.5505532963957714,0.9672781456688292,0.11577027848446049,1.0005763404037717,-0.10857476366129187,0.13730558544161034,2.1173548412693166,-0.13859458152457876,0.12354118106860354,1.3800022317249987,0.3312503906792172,2.1811804206284706,-0.7257091784090036,-0.9802040729569779,-0.6478003683463802,-0.3995925969515268,-0.024188707523153618,-0.1099973936017002,-1.0061148024637723,0
-0.6376024649146498,0.4133176682906843,-0.8790386569529866,0.3052077222492148,1,0,0,1,0,0,-0.36935237260751347,-0.27045483278307847,0.27793272259651985,-0.5500595256083439,0.5664820346070426,0.21709895797010442,-0.8568637652191857,-0.15422946759567524,-0.6755373145501881,-0.7740819736996323,-1.0744921829090166,-0.19146789072344012,1.2768988884533004,-1.3939105024099199,-0.44365993344557225,0.8156452457823264,-1.2241352006863127,-1.0959134451772525,0.328888191831712,-0.5873266710771624,-0.2012890261474793,-0.23276399746464374,1.743126951107711,-0.16809670351422945,0.32694628510182694,0.5873266710771624,-0.3288881918317127,-1.2887754577581405,-0.3345252120667762,0.30006041680488094,0.6924962670077037,0.12023730520615308,-0.655084613695,1.4110304042558486,1.3416409041622488,0.07776919801113909,-0.05424950115312168,-0.02767187758659086,0.6437869738444144,1.519404907138216,1.345366449044194,-0.7626467625326843,0.12214944469431245,-0.15329565102369538,0.5334696962929761,1
-0.8689048261297889,-0.7204640344536393,-0.4445202009343899,0.5985369837740325,1,0,0,1,0,0,-0.6595879237025604,0.247055316955127,-0.6175899766199587,-0.0437410788122164,0.1897257878364852,0.22380684839664572,-0.926055967956541,0.7053017000596702,-0.43629904333144176,0.2055256708487295,-0.0660560674963879,-1.3088857644782246,-0.5423557434130748,0.07183734913176498,1.220979023502924,-1.4563233116648966,0.5001151741940371,0.32795112373713525,-0.3224700655433951,-1.4653421880752575,1.3594823989641045,0.2551012645129282,-0.8670290725999001,0.21825372390375752,0.4060565647273708,1.4653421880752575,0.32247006554339436,0.24311279148239442,1.4666567501381707,0.7094528396873502,-0.22485926811324272,-0.01630893667750248,1.9283248784308402,-0.46483142063624716,-0.3747723420151606,0.7598912632898273,1.3890620938671545,0.35171115073279,0.32447439948480933,-0.1921429132382052,-0.093098282374475,1.2993599060593275,0.8629863402952329,0.18071947766026855,0.2860364732784985,0
0.7502117023761872,0.3102466044048362,1.0038746524609323,0.5985369837740325,0,1,0,1,0,0,0.7537330207602766,-0.6315489934431072,-0.1442422641769629,-0.38745897298010185,-0.5451168139911325,-0.18626885301258025,0.6331014605854811,1.9850303952729558,-0.7183908725972907,-0.31795813006913404,-1.007624496209206,-0.7821614009303708,0.9792657384107433,1.1228765679435782,1.488504821203228,-0.9598154493351202,0.47680536628691844,-0.7976628979119682,0.013895103188392356,-1.080555857232306,0.2416220438957563,-1.2333650600523918,0.017542426744456722,0.9023329600794153,0.5311986271284094,1.080555857232306,-0.013895103188393775,0.939425632046274,1.2415090048625523,-0.2639913658331881,-0.7029177864157086,-0.4942207832702994,-0.40304466324369825,0.9216751455883455,1.009431888773073,-0.29429738304996345,0.19555442875423396,-1.1658209625447336,-0.06782390615699217,-0.0495139282068366,0.31305646532020776,-0.2233527107470814,0.4514102871836102,-0.04195727479570725,0.10046155601764112,1
0.3904080293748593,0.7740663918911503,-0.15484123025532542,-0.13478617003801185,1,0,0,1,0,0,-0.43244705762817587,-0.22975178729805104,-0.822280879298011,0.9717890630474451,-1.5695233804167184,-0.9277143414929474,-0.6056764695375754,-0.7815443321867421,-0.9660072051502635,-0.9645736197485248,-1.505910883292339,-0.8190878322715766,0.9207128473576206,-0.3893040979322128,-0.1586775777822203,-1.1658342975733895,-0.7117574613359,-1.6781444023086702,-1.1083513466475745,-0.01788874008079301,0.4532198070684226,0.9137344090404004,0.14901317444313644,0.5973102163111212,0.31937651716903404,0.01788874008079301,1.1083513466475738,-0.14682239923337803,0.19081952690966666,1.1188452625698195,0.2531992501892221,-0.05044549714841698,0.6996301199807459,0.6769975162545934,1.5077454118568363,0.8219023601333442,1.1115021717478706,1.8692432640103136,2.3042123605143594,2.051022033164225,2.242291516869952,1.267636726542527,0.7806711296729086,0.848749735028197,2.265502257394317,0
0.2876069799459088,0.43908543426214564,-0.4445202009343899,-1.161438585374874,1,0,0,1,0,0,0.3751649106363024,-0.5734017856073538,-0.23379453409861076,-0.3533186434247058,-0.45400972631464825,-0.16793395251336732,0.17630130956286102,1.5898271845057002,0.09945758392198199,0.13042274511812577,-0.22330089541269402,0.19050301027855918,0.21445798971931943,-0.8604387581327669,1.268914017617342,-1.5276962422941143,-0.651124683576632,-1.3414591761980212,-0.5816436795245596,0.8366905045627424,-1.1048915314825056,-0.9109174971085011,-1.6711492421117609,-0.8218368048287631,-1.0193716913011437,-0.8366905045627424,0.581643679524559,-0.7038726716844818,1.5417059985633763,0.764038496071679,-0.22485926811324272,-0.4600842227993849,1.109195039464111,1.0032343553662626,1.5077454118568363,0.5118468759157585,-1.0812212129944723,-0.9381911455531051,-0.39625969692687113,-1.1516469943583196,-1.3454087544330806,0.6966194952401235,0.03983423407198747,0.514734606344233,-0.6418381130257917,0
0.44180855408933456,0.2587110724619126,-0.15484123025532542,1.0385308760612593,1,0,0,0,1,0,-0.6974447347149578,0.3371834891005448,-0.3361399854376369,-0.315706415948422,0.8547800036501129,0.5033022828358673,-0.1865525389537255,0.10734071561730879,0.5257928163820166,-0.723326067017284,-0.17534549268501412,-0.7373592155138261,-0.3676524389209031,0.4944279515327165,0.4400449375069368,0.8984833237603622,0.6767098205895994,0.67761739201365645,-0.04053384962865217,-0.965469047129439,0.7534324301121107,0.29349885748968146,0.18411269681991144,1.6481807256801484,0.8895192239828343,0.965469047129439,0.04053384962865146,0.7723105503109431,0.7912135143113154,1.0187715591985484,1.3902032937194106,1.6563825263972836,-0.08799472517957138,-0.30171300108041293,-0.319404172783631,1.3179911348814817,0.6951622885689447,0.27583454506891375,0.014285041535478216,0.10608132819102022,0.7699805564767266,-0.5405845059150832,0.28677986593896093,-0.15329565102369538,0.40975308478573785,1
-0.5091011531284612,-0.46278637473902035,0.27967722576327125,0.3052077222492148,1,0,0,1,0,0,-0.4955417426488382,-0.15997513789514695,-0.7966945164632545,0.7837279256660263,-1.121417885854741,-0.7287135921722216,-0.17836909393131856,1.3148565587665204,-0.5538800930408059,-0.16689311301781454,-0.686853033723459,-0.5620112605728341,-0.11804611784053277,-0.3162907170780022,0.36403422509736966,-0.011213173852120407,-0.8457828017628185,-0.9472778138263185,-1.1820904200447964,0.4058665575902641,-0.06800739066782509,-1.4400003957355596,0.7459044839527198,-0.613201919562208,-0.03188982940479756,-0.4058665575902641,1.1820904200447957,-0.3417899945912644,0.26586877533487285,-0.18211288125669506,-0.1602567656399366,-0.47715250303484213,-0.40304466324369825,-0.30171300108041293,0.2896456887631914,-0.23228628620644656,-0.026493508941193386,-1.317574173872486,0.19674936974096682,0.5599008260181015,0.2622871218583729,-0.09645999267988113,0.4514102871836102,0.7374113588002092,0.2860364732784985,1
0.7502117023761872,0.6194597960623787,1.0038746524609323,-0.4281154315628296,1,0,0,1,0,0,-0.10435469552073157,-0.41291549198067434,-0.20820817126385424,-0.3533186434247058,-0.09596585823982136,-0.04450876866500705,0.8160972315157518,0.0940884899087114,1.1853305466010027,0.5114883291733062,0.7390862659351602,0.8135812207123939,-0.0939802538437631,-0.21943041477116812,-0.09804832770100778,0.9744326267323771,-0.3104265632748403,-0.40984543356161085,0.82857362277254,0.28785851885826175,-1.3540553514016027,-0.2273620674687979,-0.6411757500701761,-0.9988014005306151,-1.360982639110689,-0.28785851885826175,-0.8285736227725408,-0.06326485836571254,0.11577027848446049,0.6730624020977969,1.1188727833315248,0.9224464762726329,-0.655084613695,1.6557080335896,1.2862727349307197,0.139780294854656,-1.2200011740541141,-0.02767187758659086,0.6255405410238652,0.1709126850234604,-0.24540631275998087,0.37938770007212164,1.1922471827845313,1.5167799923961247,0.2860364732784985,0
-0.7404035143436003,1.3409572432633117,1.4383931084795292,0.3052077222492148,1,0,0,1,0,0,-0.356733435603381,-0.28208427435022915,-0.6047967952025805,-0.0639938166840615,-0.4338177280573594,-0.16748675981826458,0.014956538272416381,-0.1367371456735536,0.9254490601931775,0.3499288251747932,1.1070854486361352,1.31939844549211,-0.8177939191166822,0.6531837934777693,0.5036976719470705,0.18413711226631724,1.2092910971509716,1.4025737365340456,1.5875602653373244,0.22497917377587734,0.6318561196628047,0.6922692940296328,-1.080079828298872,0.7263810841262108,-0.06992503890642265,-0.22497917377587734,-1.587560265337325,0.8837206048011639,0.7912135143113154,0.8459169806481733,0.821701271954316,1.3320852019236007,0.8886600828192224,-0.05703537174666111,-0.7069813574043363,0.8219023601333442,0.9449662184763004,1.1104772073715516,1.127317443588959,0.31354167005482897,0.600749411603942,1.267636726542527,0.4514102871836102,0.6260729825722207,1.0901944480755505,0
-1.8712150580620608,-0.5658574386248675,0.27967722576327125,1.478524768348486,1,0,0,1,0,0,1.7632479810908743,-0.7094662519430168,-0.6687627022894718,0.22243776178917635,-1.7358715673968825,-0.7175337747946529,-2.6985775021600684,-1.1679334866358801,-1.0329083014866798,-1.5325732539335024,-1.5554428288394324,-1.837862120062555,0.9598896186245034,-0.057017423973161445,-1.2040818959947068,-1.5631666823545887,0.03538615874612175,-0.2584550450755468,-1.3072103638266717,-1.2101494081044426,3.695466569195431,0.39680255272596754,-0.1588115137809827,2.1054959019586725,1.769820809481068,1.2101494081044426,1.307210363826671,0.19536562527229998,-0.9349191994684248,1.0564616552734434,-0.029205974908372956,-0.008993959433734914,2.049844140255575,-0.5696932617792836,0.012804842605544792,1.557176794135048,2.9711536499470723,0.12408133374116129,-0.642586540004281,-0.62002986833231,0.17767154942198057,-0.15990635171348128,-1.5241547677521787,-1.9903788587854983,-0.3944048900113141,1
-0.7404035143436003,-1.8027102052550381,-0.4445202009343899,-0.13478617003801185,1,0,0,1,0,0,-0.29363875058271866,-0.3460462029695579,-0.5920036137852022,-0.08713980282331305,-0.48307252103177484,-0.1987902484754574,-0.6352221684703634,0.3370978898415476,-1.193408937598769,-1.0138014491219371,-1.2509550664058653,-0.7289255775273745,0.9030704028069603,0.4204982305506197,0.6600449681147752,-2.1474479328040346,-0.2189284493466708,-0.9077042050378243,-0.8414861286385814,-0.1595918522639314,1.3034487656667844,0.19854112653565997,-0.5265480762453264,1.1524946499711737,0.7401063671276704,0.1595918522639314,0.8414861286385807,0.18740776423728422,0.340918023760079,-0.6551885699208807,-1.5685913195580112,-1.552454157868633,0.6366201323679207,-0.13859458152457876,0.2896456887631914,-0.6043528672675491,1.2225261405955843,0.19995793940503753,0.05077790717657645,-0.23104172733766892,0.22844089288381547,0.41111087958892223,-0.37174181903963527,-0.48731077970765985,0.16231986177126023,1
0.5189093411610479,-0.9266061622253344,0.27967722576327125,0.3052077222492148,1,0,0,1,0,0,-0.14221150653312897,-0.3803530555926524,-0.579210432367824,-0.09003305109071949,-0.6144732347460667,-0.22293865401100615,-0.507998452197023,-0.7801882740342521,0.28381507857387506,-0.3894327637851227,-0.6587431588672107,-0.8937358530882542,0.25990165644392965,-0.164646929598661,-0.7567215872237105,-0.1054625259700281,-0.05266428414033228,-0.5245197693708927,-0.1227108960387,-1.0972459357537168,0.5418709417540186,0.31276581652184576,-0.4939643881045472,0.473877537115181,0.3443069038078459,1.0972459357537168,0.1227108960386993,-0.3139374809687093,-0.8598699510432187,-0.6642861793182697,-0.6124742829530796,-0.596630464683041,-0.8126095827270634,-0.13859458152457876,-0.09793149585751397,-0.8523972546416179,0.41760236644966076,0.19995793940503753,-0.24116501795220557,-0.4514683405679659,-0.24540631275998087,0.2524949820049213,0.28677986593896093,-0.2089648391376897,-0.45626319576493324,0
1.110015375377516,0.20717554051898904,-0.8790386569529866,-1.6014324776621007,1,0,0,0,1,0,-0.785777293743885,0.8517862784469626,-0.3233468040202586,-0.31859966421582847,1.5365566440209162,0.9013037814773189,0.6172648500054388,0.3675216613458763,0.9879916875421619,1.5306792545643726,1.6281762895030183,0.35668244684789824,-1.160457969561875,-0.11665214264566041,-1.0015240806431907,1.5812688331525369,0.5193666768323417,1.1513132546414768,-0.2094031647789695,0.6941558255444424,-0.9748792462863197,-1.507739852231702,0.23840494554578476,-1.5528538154450091,-0.9926756096435518,-0.6941558255444424,0.2094031647789688,-0.11896988561082296,-0.9349191994684248,-0.009258302706318612,0.8087807714596554,1.0077878774499178,-0.7811045889206503,-0.9541866793037505,-0.983822203561983,0.6358690696027934,-0.9701972441467586,-1.4693273852002382,-0.42362934615769415,-0.24400799870415715,-0.8207922053274488,-0.3185222492974822,-0.20711139779498602,0.1250502895462747,-0.3944048900113141,1
-1.6656129592041589,-0.2051087150244015,-0.8790386569529866,-0.8681093238500562,1,0,0,1,0,0,-0.7353015457273552,0.5697723204435585,-0.42569225535928473,-0.2578414506002932,0.9411737387828446,0.6374600913666937,0.005132332044664363,0.9266256992105744,-0.9747977446003667,0.417655511945474,-0.12293384418048292,0.7350011095158384,0.16185260487352715,-0.016971455932567624,0.7465476807506939,-2.0911607003107813,0.38197483944464394,-0.22817273427899928,0.19997699316119485,0.8041191033027003,-0.024094311442176195,-0.5239477743800662,-0.7688336602567479,-0.1854659395649916,-0.06294624656599794,-0.8041191033027003,-0.19997699316119558,0.2152602778598393,1.0914105080121401,0.9641859028142197,-0.40574627503850064,-0.23819657973844427,2.3063848041077932,0.5138790966987595,0.4557501964577793,0.7598912632898273,-0.16527347000083534,-0.6346847228976005,-0.5422311594912614,-0.8274902101961188,-0.8377153198147269,0.31594134103852145,-0.6186874509066087,-0.32030321536567735,-0.3944048900113141,1
-0.12359721776989524,-0.2566442469673251,0.27967722576327125,-0.4281154315628296,1,0,0,0,1,0,-0.15483044353726144,-0.3803530555926524,-0.630383158037337,0.05636531124004653,-0.7344913508946546,-0.33607840587200305,-0.1694196757863107,-2.295426464702137,1.5984383559268724,-0.2661295226687603,-0.0015010274052552873,-0.6461229080098971,-0.971124063884312,-0.9638087223060154,0.3855384903235719,0.034532453616170744,-0.7969158823000057,-0.8431867526688122,0.12009793795335687,-1.000346256571153,-0.7274441358033514,3.5367688562012534,-2.1504169949668155,-0.4306843314827266,-0.8212563418550838,1.000346256571153,-0.12009793795335758,-0.7317251853070371,0.8662627627365218,1.373578325696689,1.183475285804831,0.7517636739180628,0.6681251261743327,0.6769975162545934,0.6772228733838963,0.7598912632898273,-0.49834537654397587,4.221418039590476,1.2003031748711541,-0.2699405414371327,-0.4146374576327655,2.473117548180934,2.3446601314970748,1.8507951210800897,0.40975308478573785,1
-0.8432045637725518,-0.4370186087675581,-1.8929150543297122,-0.8681093238500562,1,0,0,1,0,0,-0.6848257977108253,0.2993878040073051,-0.34893316685501513,-0.3128131676810156,0.7812478189133183,0.4719987941786745,0.18427855789559586,0.39084352981705806,-0.3239032077165105,0.5353123120888447,0.684262392963984,0.03335436574808689,-0.6970850416665209,-0.6728617040694446,0.12180539682244601,-0.5682656649342248,-0.36139956099952825,-0.12749535465521472,0.2920875286977298,-0.2441974779926877,-0.9285593072098679,-0.41442303788963075,-0.12826565415692878,-1.081530016447473,-1.0140490221276768,0.2441974779926877,-0.29208752869773047,-0.3417899945912644,0.7161642658861095,1.7829707485791584,1.1447137843208466,0.9224464762726329,2.0543448536564917,1.4925896140337656,1.4523772426253072,1.6280466190990672,-0.6648813298155464,0.04820472807728505,1.5834782641026803,1.2600794798084554,0.6684418695530556,1.0138512904081252,2.097714499630101,2.12914106165006,0.9664778365683122,1
-0.4063001036995106,-1.6738713753977288,-0.15484123025532542,-0.8681093238500562,1,0,0,0,1,0,-0.38197130961164594,-0.2675474723912908,-0.2721740783507456,-0.3475321468898929,0.1500585385335177,0.06281747815965406,-0.11714884126174517,-0.3161148996559761,0.402295210562196,-0.5196004389123867,0.07091241040917878,-0.8633760067268134,-0.29664713463330405,-0.36907213383439375,-0.8545655689008566,-1.1141192696153064,-0.3933608143230322,-0.14775069575151117,-0.02757457514840374,-1.1501937710630232,-0.20587421198957706,-0.42220740674404034,-1.669533450518474,0.311896821173601,-0.23643940359751206,1.1501937710630232,0.027574575148402326,-0.3417899945912644,-0.7848207026180125,0.05442496307539909,-0.5349512799851129,-0.6478353053894121,1.1722050270769362,0.35076067714292497,0.40038202722625016,0.07776919801113909,-0.026493508941193386,-0.17942508891434333,0.7897584364088047,-0.2829068128036209,-0.14386762583630988,1.7434844192945298,1.5215080252738291,0.9600881112561845,0.34789477903211874,1
-0.5091011531284612,-1.7254069073406524,0.5693561964423357,0.3052077222492148,1,0,0,1,0,0,-0.8236341047562825,1.7559753602929284,1.6595963156733726,-0.6976151872460725,3.4665123564264637,1.8895996376544069,0.03581056278627272,-2.7277933980455713,-0.5691657839254108,-0.2647642118078199,0.3640713339541735,1.0228005565799498,-0.12865240157273966,0.7048801320727226,-0.8557155918829987,-1.6759852451063026,0.6225631511139813,0.6329870774987214,1.7931882431212631,-0.3834842964864804,0.6545124633377443,2.8867449501447338,-0.9061348461382961,0.9750023326612978,0.14467811535437394,0.3834842964864804,-1.793188243121264,1.1343932274041606,-0.4846237089171882,1.4281639820810177,0.17567624722125458,0.4274663494443799,3.0625046554616975,1.7372672433675176,0.8433273810784847,1.3800022317249987,0.27882240539001907,2.020996475338066,-0.97102233077416,-1.2294446225572482,-0.8377153198147269,-0.44541496736468245,-0.12479618717266176,-0.32030321536567735,-1.198562864808365,1
-0.6376024649146498,-0.7204640344536393,-0.8790386569529866,0.5985369837740325,1,0,0,1,0,0,-0.36935237260751347,-0.27045483278307847,-0.6175899766199587,-0.0437410788122164,-0.45002783419967723,-0.17419465024480588,-2.1787501927777044,0.03906090986703997,1.4260092127794965,-1.5193484968769688,-1.3741639158424663,-0.7979008738960669,1.3336516569697234,-1.2208387149964426,-0.19425346940060628,1.1149065041938162,-1.1086687296136895,-0.847151375829729,0.4407888507730546,-1.525410642437618,1.8097575203970167,-0.24821118595216365,-0.8290288499195739,0.9532048648838669,0.9594019577373477,1.525410642437618,-0.4407888507730553,-1.1495128896453646,-0.18442671521636386,-1.6069330893092284e-4,0.5762117625557528,0.06903246449978255,-0.9386295579527137,1.0032343553662626,0.8433273810784847,-0.29429738304996345,1.2780381250194413,-0.482931511569848,-0.8341740846200435,-1.0868156375258795,-0.7023304039164997,0.31594134103852145,-0.37174181903963527,-0.9883334727336057,-0.6418381130257917,0
0.13340540580248203,1.4955638390920825,0.5693561964423357,-0.4281154315628296,1,0,0,0,1,0,-0.7605394197356201,0.627919528279312,-0.46407179961141953,-0.22022922312400942,1.0697410290860936,0.6531118356952901,1.3143768972955778,1.4930369900682907,-1.0853785607231576,1.0845391705416247,-0.09891947116751675,-0.4846255531145464,-0.25936819214867474,0.5903962747185074,0.3563117574373192,-1.4510014247117886,0.46145630335995824,-0.17838149440936096,0.46109514795545875,-1.1182800073149486,-1.23775606989914,-1.6922948281028491,0.025632355114176032,-1.0075702795196613,-0.04555465295572631,1.1182800073149486,-0.4610951479554595,0.6887530094432773,0.491016520610491,0.4456221671630917,-0.4186667755331612,-0.22112829950298704,1.2037100208833493,0.4323198869208419,0.2342775195316623,0.07776919801113909,-1.192245181842186,-1.6210805965279906,-0.33239718205494984,-0.2699405414371327,-0.6346379459673855,0.41111087958892223,0.6983559190505837,0.18071947766026855,-0.6418381130257917,1
0.7759119647334253,0.43908543426214564,-0.15484123025532542,-1.161438585374874,1,0,0,1,0,0,-0.7983962307480176,0.9738954149020448,-0.23379453409861076,-0.3533186434247058,1.8274050522604526,1.0220458091550628,1.25866434381283,1.3961267131658988,1.2395591059964854,0.9922691478221262,0.9476429789201347,0.3922645712382663,-1.0160544231840984,0.6881344652104041,1.0236708035903233,0.17405570921366306,0.5920674608957152,0.40635046221575166,0.13830413819877924,0.39783372969061137,-1.062627559761923,-0.8907367894301387,-1.5196096214819312,-0.7534076435672338,-0.8352601476716996,-0.39783372969061137,-0.13830413819877996,1.357213336384602,1.9169522406894068,2.1468751244746866,1.9328643144951818,2.1513626532255365,1.2352150146897614,0.4323198869208419,0.40038202722625016,2.00011320016017,-1.053465220782544,-0.9381911455531051,-0.47836864461934153,-1.1386807229918314,-1.311562525458524,0.6331731362065233,0.12214944469431245,0.3477270420022505,-0.8892713360402683,1
0.6217103905899984,-0.514321906681944,-0.4445202009343899,0.3052077222492148,1,0,0,1,0,0,-0.19268725454965888,-0.3576756445367086,-0.5152445252809326,-0.15657776124106768,-0.42995685389611715,-0.15407097896518193,-0.4824559798361813,-0.5224049477641396,-0.41864739290374964,0.1519635273212114,-0.005545427727719506,0.7356068809162211,0.41018677290402367,-1.1478604214725847,-0.31964628639056125,-0.8021715705863842,-0.597793743156827,-1.0204368109176174,-0.3979084468072301,1.3979208031972914,-0.47606182406567726,0.39680255272596754,-0.2338000564378541,-0.7980549642831192,-0.9890486063129118,-1.3979208031972914,0.39790844680722937,-1.0938078624002545,-0.3345252120667762,-0.11842961547497735,-0.5091102789957901,-0.6990401460957827,0.06953024385249205,0.5954383064766764,0.8986955503100138,-0.23228628620644656,-0.49834537654397587,0.27583454506891375,-0.24116501795220557,-0.32180562690308556,-0.6007917169928287,-0.3502454288142823,-0.28942660841731066,0.45906541823023866,-0.08511336124321738,0
0.004904094016293398,1.3409572432633117,-0.15484123025532542,0.3052077222492148,1,0,0,1,0,0,-0.7100636717190902,0.35172029105948316,-0.6047967952025805,-0.0639938166840615,0.44498297934688336,0.319953277843738,-0.3139079028572445,0.003253950183165158,0.555421867883129,-0.821805430213006,-0.3130374323695898,-1.0523995229579333,-0.14846719073095194,0.25065355051124927,0.5277124038476652,-0.2835821657503875,-0.04508444136206446,0.10826181174926217,-1.4375436385994584,-0.009609152108407288,0.6869466545987528,0.5241845528669532,-1.044253028158286,1.0655011574488262,0.5126605811120396,0.009609152108406583,1.4375436385994576,-0.14682239923337803,-0.03432821836595151,-1.3284116653276086,-1.2455788071914804,-1.1940202729240363,-0.6235796198885869,-1.3619827281933365,-0.983822203561983,-0.9144083514851348,1.0282341951120857,0.9587239960437993,1.2003031748711541,0.39133929825375646,0.8207498999385615,1.6800380602609295,0.12214944469431245,0.1250502895462747,1.2139110595827887,1
-1.8712150580620608,-0.7462318004251005,0.27967722576327125,-0.4281154315628296,1,0,0,1,0,0,1.7632479810908743,-0.7094662519430168,-0.31055362260288033,-0.34174565035508003,-1.0426070352486434,-0.281520897069467,-0.1481929905114182,-1.2431181352169347,0.8443473185032647,0.361909961983123,0.667552401520909,0.09218639464106743,-1.0006145448052368,1.4538926213538046e-4,-1.0728916010779217,-1.2789402106297574,0.1764095681815976,-0.16469261687572173,-0.8569681418843186,0.9756618166055823,0.2062112319611542,0.6314193999244153,-2.4394626413557594,-0.3139923021077349,-1.0286411015624175,-0.9756618166055823,0.8569681418843179,0.31970720394442126,-0.7472960784054096,1.3098950599149712,0.33072225315718967,0.39332978897346543,1.9598298722372534,-0.42405181574728873,-0.05640536893386687,1.612543844888188,-0.026493508941193386,0.27583454506891375,-0.7611883533378483,-1.7740280199497451,-1.751563502127764,0.6966194952401235,-0.20711139779498602,0.29205785388825667,-0.5799798072721716,0
2.3693282308821653,-0.8493028643109486,-0.8790386569529866,-1.8947617391869185,0,1,0,1,0,0,-0.2810198135785862,-0.3489535633613456,-0.7071422465416066,0.3005554650091503,-0.8665882858874382,-0.5006453176698168,0.5585702111749485,-0.37980722823591606,-2.075834541624324,0.7790145808776614,-0.7380274174524549,-0.6276586400156356,0.5955654802144124,0.08952708872082973,-0.3561023450042538,-3.6053673817794496,0.648095057807144,-1.110646330524654,-0.5062037792855866,-0.3540047794704373,-0.6872510635609766,0.16456182831334773,-0.7853111591142986,-0.40975847564003104,-0.12485818369651944,0.3540047794704373,0.5062037792855859,0.0759977097470634,-0.3345252120667762,-1.6069330893092284e-4,-1.865762830935219,-1.5865907183395476,1.865314890818015,1.0032343553662626,1.4523772426253072,0.07776919801113909,-0.4150773999081907,0.6552175733882943,1.446630017948564,0.7414286251489338,0.5161338391675497,2.0607162144625315,1.439192814651505,1.3497724280541432,1.275769365336409,0
-0.4063001036995106,-0.1535731830814779,-0.15484123025532542,-0.8681093238500562,1,0,0,1,0,0,-0.38197130961164594,-0.2675474723912908,-0.5280377066983108,-0.15079126470625479,-0.2255181090975203,-0.0892280381752825,-0.2826640618690237,-0.9516496182049128,-0.18220222361273963,-0.9915054303053578,0.17757467328549678,0.5739927261276075,-0.12757239000062945,-0.45057450553494865,-0.6573935986481408,-1.418309833428409,-0.6999213494476019,-0.28992506622876396,-0.007768161614413057,0.7905619868667512,-0.05715747813799288,0.6476064908273886,-1.176188057827411,0.6454298408169414,-0.5139111699991565,-0.7905619868667512,0.007768161614412348,-0.5646101035717058,-0.7848207026180125,-0.7006766169078218,-1.258499307686141,-1.4159079159849774,0.8256500952063961,-0.13859458152457876,-0.1532996650890431,-0.790386157798101,-0.16527347000083534,0.4275877563966659,-0.42362934615769415,-0.9312203811280227,-0.6515610604546642,-0.1916295312302808,-0.20711139779498602,0.18071947766026855,-0.45626319576493324,1
0.7502117023761872,0.1298722426046032,1.0038746524609323,0.5985369837740325,0,1,0,1,0,0,0.7537330207602766,-0.6315489934431072,-0.7839013350458762,0.6274925192260784,-2.0154395524722046,-0.9706448402228118,1.1986515204559882,0.3068504236325673,0.8742603139999101,0.3939296826876863,0.44865332549347,0.42520083959708677,0.14766011737386606,1.929350482382463,1.101980773809754,-0.65042788808872265,1.3288119671074448,0.6224204057291246,1.1709575367826512,-0.5814181964513455,0.2610301515459619,0.6827783117489504,-1.8487604376345312,0.7854536130275681,0.0244010855214107,0.5814181964513455,-1.1709575367826521,1.6357384726101538,0.8662627627365218,-0.32767463161490584,-0.5995537824584191,-0.08458205761933026,0.006520256239666901,0.5954383064766764,0.06817301183707392,-0.23228628620644656,0.19555442875423396,0.5793409677244183,-0.13168642102891215,-1.047916823426415,-0.7192535184037778,1.0772976494417266,-0.04248097655033679,-0.32030321536567735,-0.6418381130257917,0
0.7759119647334253,-0.978141694168258,-0.15484123025532542,-1.6014324776621007,1,0,0,1,0,0,-0.7983962307480176,0.9738954149020448,-0.6559695208720935,0.20797152045214415,1.0906404719654235,0.5882688949053907,0.5267967340542338,1.690795305655722,1.4695238443495973,0.007965762180193934,0.33165851482816894,0.4070385399458581,-0.2379495726702954,0.7032966235931993,1.2674344805688036,-0.060739811433382813,0.6498594673693344,0.3472052536265535,-0.37315522795503414,0.9252428331319453,-0.029797982753793213,-1.0509815798019335,-2.0699259773315646,0.633628292817413,-0.09219396042525149,-0.9252428331319453,0.3731552279550334,1.3293608227620468,2.142099985965025,2.0104109835138635,1.6615338041072958,1.9124067299291387,1.2982250023025865,-0.05703537174666111,0.12354118106860354,2.00011320016017,0.11228645211844858,-0.8623145398892288,0.6164173246135901,-0.6329961396987983,-0.36386811417093057,1.9338234963953311,-0.5363722402842841,-0.15329565102369538,0.47161139053935697,1
0.10770514344524394,0.43908543426214564,-0.8790386569529866,-0.13478617003801185,1,0,0,1,0,0,-0.7479204827314877,0.5930312035778599,-0.7199354279589849,0.3381676924854341,0.2862315061001322,0.19473932321496668,-0.5090856732842927,0.27419614080027715,-2.3270151823346046,-0.42342890192729843,-1.1867819768791867,-0.14939628878658961,1.4946665929481837,-0.3576011964967848,0.5235070464836994,-2.277309092441688,0.28462668799593865,-0.7246459992315281,-0.01835909107355938,-0.18555039652161812,0.3505851191679344,0.14809505858567032,0.8926316946692111,0.8542560807548648,0.8353989163851456,0.18555039652161812,0.01835909107355796,-0.2582324537235989,0.641115017460903,0.40923172957353837,-0.8967252938356269,-0.7502449868021539,1.550264952753888,1.0032343553662626,1.1201682272361313,0.07776919801113909,0.3065783976019474,0.12408133374116129,-0.031331040515893936,0.4302381123532211,0.7699805564767266,-0.6992004034990842,-0.6186874509066087,-0.7656567202776299,0.34789477903211874,0
0.004904094016293398,-0.514321906681944,-0.15484123025532542,0.3052077222492148,1,0,0,1,0,0,-0.7100636717190902,0.35172029105948316,-0.5152445252809326,-0.15657776124106768,0.6425349774034481,0.39150410906017874,0.6301543129692398,-0.007828007099374578,-0.32371743255821894,0.28065959785594347,0.7897433772755875,-0.15308201627300422,-0.7053231592194154,0.3334479959062959,0.43971678065976477,-0.5363971383418623,-0.05712501821019652,0.32795112373713825,-1.4375436385994584,1.2169526660865582,-0.5430676032288498,0.4512428034288958,-0.09649481918548178,-0.43579720025295077,-0.7065246270797405,-1.2169526660865582,1.4375436385994576,-0.14682239923337803,-0.18442671521636386,-1.546754290864926,-1.5298298180740268,-1.467112756691348,-0.43454965705011084,-1.5251011477491712,-1.2052948804881005,-1.1624527388592034,-0.5816133531797613,0.27583454506891375,-0.3688900476960481,-0.3607044410025493,-0.4992530300691578,-0.5405845059150832,-0.5363722402842841,0.013711913318286572,-0.332546584257695,0
0.13340540580248203,-0.7204640344536393,0.5693561964423357,0.5985369837740325,1,0,0,1,0,0,-0.7605394197356201,0.627919528279312,-0.6175899766199587,-0.0437410788122164,0.7474826148875222,0.51671806368895,-1.0396121980849686,0.4306842710809895,-0.458682806143285,-0.2798363271898716,-0.6125538820554552,-0.44558909446305545,0.9889027153059935,0.19002011835373642,0.5876251567039716,-1.796158297899364,0.7446458401283318,0.1909964695247478,0.6257323574189628,-1.2283241134096814,1.6354719317243194,-0.002457696015249406,-1.1779311065801237,1.1164188927981447,0.9828209251340418,1.2283241134096814,-0.6257323574189636,0.18740776423728422,0.5660657690356972,0.06352257247278678,-0.8838047933409655,-0.5795621844475838,1.3927399837218248,0.02452383803125581,-0.26403600355210183,-0.35630847989348147,1.1670141561717275,-0.2553016945782196,-0.7611883533378483,-1.1905458084577836,-0.7530997473783346,0.6014499566897238,-1.1125787146405561,-1.6006945419875402,-0.6418381130257917,1
0.7759119647334253,0.43908543426214564,-0.15484123025532542,-0.13478617003801185,1,0,0,1,0,0,-0.7983962307480176,0.9738954149020448,-0.7199354279589849,0.3381676924854341,0.843988333151166,0.4876505385072709,0.28201323332126926,1.1576616261582762,-0.9741664443992282,0.09810427916560827,-0.2208199650688322,-0.2874074744592507,-0.11445796376786248,0.7319061302476234,1.5581579024833114,-0.2005304827774449,0.7943689139506789,0.5399963366901587,-0.23432195700141584,-0.1595918522639314,0.33916571566005366,-0.027998531382781442,1.1302043681575185,0.655150065154266,0.8142780904795266,0.1595918522639314,0.23432195700141514,1.3850658500071569,2.5173462280910557,2.074094249295581,1.6227723026233125,1.9465432904000532,1.6132749403667133,-0.13859458152457876,-0.04256332662598434,2.0621242970036877,0.3065783976019474,-0.02767187758659086,0.0051618251252043045,0.585833368751077,0.8376730144258402,-0.7626467625326843,-0.37174181903963527,-0.48731077970765985,0.47161139053935697,1
1.110015375377516,-0.514321906681944,-0.8790386569529866,0.3052077222492148,1,0,0,1,0,0,-0.785777293743885,0.8517862784469626,-0.5152445252809326,-0.15657776124106768,1.24570823578138,0.7760898268485477,0.21856247560074527,-0.7746620764467768,0.8445272372374214,0.44868805009175633,1.1644391194633967,0.4286958915824416,-0.9382952471773292,-0.30574514506951356,-0.6188017762604258,0.8640270407905398,0.18040380242671408,0.7849201533838057,-0.45503125954306783,1.0359845289758263,-0.6094133891917073,0.4433459758544045,-0.286233175589142,-0.4272632863825406,-0.7475061273641146,-1.0359845289758263,0.4550312595430671,-0.3417899945912644,-0.6347222057676005,-0.2276009282436361,0.24027874969456073,0.3079883877961804,-0.34003467563087314,-1.0357458890816678,-0.983822203561983,0.20179139169817292,-0.6371253376036178,0.27583454506891375,-0.350643614875499,-0.4385020692014777,-0.5669454880182719,-0.4136917878478824,-0.4540570296619595,0.013711913318286572,-0.332546584257695,1
-0.4063001036995106,-1.6738713753977288,-0.15484123025532542,-0.8681093238500562,1,0,0,1,0,0,-0.38197130961164594,-0.2675474723912908,-0.7583149722111197,0.5696275538779495,-1.00139976970615,-0.6459829435782121,-0.09226354829879153,-1.2535579071078382,0.41200887275804055,-0.6377433797774305,-0.17279751545052593,-0.125183894375842,-0.10419429335510454,-0.09952969056952198,-0.5266710680451543,-1.8482567583654754,-0.11345771703538463,-0.3105097951361823,0.03622492998512883,-0.20666334585120408,0.02884581575876567,1.1929400536071253,-2.420549728394211,0.7490474322528063,-0.07850714611202629,0.20666334585120408,-0.036224929985129536,-0.23037994010104354,-0.6347222057676005,-0.5460172571522233,-1.3489428111487698,-1.3134982345722352,0.9516700704320475,-0.22015379130249568,-0.26403600355210183,-0.6663639641110671,0.05677446769459199,1.1863538130354276,0.16025650409986858,-1.1386807229918314,-0.8207922053274488,1.8069307783281299,0.36909507656128593,0.29205785388825667,0.16231986177126023,0
0.13340540580248203,0.7740663918911503,0.5693561964423357,-0.13478617003801185,1,0,0,1,0,0,-0.7605394197356201,0.627919528279312,-0.822280879298011,0.9717890630474451,-0.46758293208315554,-0.2681051162163844,-0.36361207798022466,-0.5816885166396161,-1.042106139608877,-0.01452654298011322,-0.499524410617033,0.7521184785152407,0.8463210281254352,0.26876483544141616,0.49490303918825806,-1.6910495002422097,0.9343846471696573,0.2417984523693409,0.8222348332302418,0.21031740340811067,0.774158102544495,1.29416874454042,-0.2747476599436552,0.9461442438231841,0.8854753249807729,-0.21031740340811067,-0.8222348332302425,0.2152602778598393,0.41596727218528484,-0.10023439668020068,-0.9484072958142716,-0.5795621844475838,1.0776900456576979,0.10608304780917345,-0.26403600355210183,-0.6043528672675491,1.3890620938671545,2.1727496866658176,1.9757765697444807,1.4934723644052397,1.8699829981498264,1.9338234963953311,-0.37174181903963527,-0.32030321536567735,2.141785645887079,0
-1.6656129592041589,1.109047349520155,-0.8790386569529866,-0.8681093238500562,1,0,0,1,0,0,-0.7353015457273552,0.5697723204435585,-0.8094876978806327,0.8502726358163745,-0.46758293208315554,-0.21891391975508134,0.16021354019256395,1.300966562361583,-2.174420567001635,0.42277873240522257,-0.24642069444657394,-0.21245346378296184,0.2525734686035198,-0.164646929598661,1.2861877162680533,-2.4629283465924177,0.5155380072065217,0.05390097342196876,-0.67984341407292,0.3844992353771891,-0.38729409974714085,-0.4971428158034712,0.4975002941903126,-0.059948129051621786,0.3729827810451574,-0.38449923537718983,0.6798434140729193,-0.3139374809687093,0.8662627627365218,-0.6642861793182697,-1.7236373254939452,-1.4841810369268051,1.3297299961089997,-0.7910682597479163,-0.5962450189412776,-0.4183195767369984,-0.6093693453916895,-0.7864379342253526,-1.1991027410310207,-0.8015576674631424,-0.7700228618656133,-0.8895394805998851,-1.1125787146405561,-1.0996718489615938,-0.8892713360402683,0
0.23620645523143258,0.9802085196628456,-1.6032360836506476,2.2118479221605303,0,1,0,1,0,0,-0.16744938054139394,-0.3925639692381606,-0.054689994255315046,-0.42854309837727333,0.10247849915383699,0.029278026026947467,-2.084222505887727,-3.529339779017614,0.8677036349966785,-2.1107541344984764,-0.779269677082569,-1.0462794120835308,-0.02696127891463621,-0.9978335777669272,-1.4855306499568137,-0.02697651578529164,-1.5864580874223035,-1.1779068847494105,-1.1676986894219978,-0.26889098598050765,1.9011385762478183,3.3559576137168072,-1.213288734043255,1.2783879785473375,-0.13690806629375657,0.26889098598050765,1.1676986894219978,-1.0102503215325889,-1.4602639384448675,-0.555114866549611,-0.4832692780064673,-1.040405750804923,-0.34003467563087314,-0.46483142063624716,0.06817301183707392,-0.4183195767369984,1.7776459848341521,3.159145560296209,0.041654690766301246,-0.5940973255993336,-0.093098282374475,0.12560226393772106,0.4514102871836102,0.3477270420022505,0.038603250264021984,1
0.44180855408933456,0.8771374557769975,0.27967722576327125,-0.8681093238500562,1,0,0,0,1,0,0.26159447759911014,-0.5553761511782702,0.23955317834438508,-0.5477449269944188,-0.0189102016761266,-0.003814233410656377,0.6709381526921961,-1.4324647696924928,1.9331433440658372,0.24292114486185704,0.8051071739037652,0.3485507279123555,-0.865824257296439,-0.13740736336010834,-0.1793776536282121,1.5735465613918482,-0.42344147505157864,-0.21723374976218496,-0.1227108960387,0.5970847941440487,-1.0702516522118808,1.7864062557658447,-1.0614091700764439,-0.7480481129757228,-1.2587652324997307,-0.5970847941440487,0.1227108960386993,-0.14682239923337803,-0.18442671521636386,-0.04564874029587195,0.7700192699756713,0.5469443110925782,-1.3166894836296663,-0.13859458152457876,-0.09793149585751397,-0.17027518936292965,-1.0257092285706153,1.5657368413548085,-0.17730250308028428,-0.6848612251647502,-0.9054077777638412,0.09387908442092041,0.5337254978059351,0.9600881112561845,-0.2706882785040748,1
0.6474106529472365,0.20717554051898904,-1.6032360836506476,0.3052077222492148,1,0,0,1,0,0,-0.3945902466157784,-0.2559180308241401,-0.13144908275958464,-0.4025038639706153,0.3097439039850729,0.11424463809647085,-0.9597062465516395,-1.5920405819388717,1.3218436899638895,-1.195452832632668,-0.13383853123496617,-0.026364040908787408,-0.007444522829932731,-0.9526939156628258,-1.3344097926937442,-0.19457051233932704,-1.2774600246985577,-1.4312914344694578,-1.522694711451012,1.4742326682439855,0.3825743623901042,0.8483432248675201,-2.002529206798726,0.34827215964176866,-1.2233808620095064,-1.4742326682439855,1.5226947114510108,-0.9545452942874786,-1.3101654415944555,-0.4277483349861756,-0.4574282770171454,-0.9038595089212672,-0.5605696322757617,-0.46483142063624716,0.2896456887631914,-0.5423417704240322,0.5471303301053266,1.0851850054835932,0.6833209116222693,-0.5479950274073763,-0.38455192076649275,0.90458256096137,0.25019532788459464,1.2508049825181522,1.1245601734942279,1
0.2619067175886707,0.1298722426046032,0.27967722576327125,0.3052077222492148,0,1,0,1,0,0,-0.00340319948767178,-0.45187412123062914,0.09882818275322415,-0.4806215671905893,0.07284981205692426,0.02391171368571441,-0.26636553374824445,0.04288335204554315,-0.3626650113595835,-0.2951764671001271,-0.6472191511745959,0.7969655034678007,1.5062480032795558,-0.2350349918413801,1.7448936223388718,-1.3437820000408132,-0.9853682501792096,-1.6719132635592762,-0.02757457514840374,1.1143140211580842,0.1355435642178897,1.6891373797377063,-0.8545960963206176,-0.5783099255889659,-0.7908812956441066,-1.1143140211580842,0.027574575148402326,-0.5924626171942612,0.7161642658861095,-1.655925603633584,-1.9432858339031864,-2.115707405638714,-0.9701345517591269,0.35076067714292497,0.40038202722625016,-2.0306080946684437,0.11228645211844858,1.5657368413548085,-0.013084607695344815,-0.4514683405679659,-0.6346379459673855,0.37938770007212164,-0.6186874509066087,-0.15329565102369538,-0.08511336124321738,1
-1.0231064002732158,-1.158516055968491,-1.6032360836506476,-0.13478617003801185,1,0,0,1,0,0,0.059691485532990585,-0.4780403647567182,-0.09306953850744984,-0.419863353575054,-0.12211126890615309,-0.04316719057969878,0.00365551244100543,-0.34262747538516636,-0.46344212800404616,-0.1948888264072462,0.031514163095264315,0.4565080028937191,0.4085562404531779,-1.1085263930346225,0.3432112067671547,-0.6397174540842205,-1.418289933526943,-1.164806119852638,-0.871666255725209,1.4871304482518777,-1.1127095895863794,0.8140884152567804,-0.00931343285383553,-1.1430697886439751,-1.1781764203811045,-1.487130448251877,0.8716662557252083,-1.1495128896453646,-0.03432821836595151,-0.9463120706373036,-1.0905328012555453,-1.5012493171622625,-0.2770246880180474,0.02452383803125581,0.5111183656893089,-0.728375060954584,-1.1089772052064004,0.5034643620605421,-0.5878472415426337,-0.5033334260339178,-0.8884846632765624,-0.6992004034990842,-0.6186874509066087,0.06938110143228039,-0.6418381130257917,1
-1.691313221561397,-0.514321906681944,0.27967722576327125,1.0385308760612593,1,0,0,1,0,0,1.4099177449751652,-0.6862073688087155,-0.438485436776663,-0.2358527637680042,-1.120678663814727,-0.3454694524691609,1.347416802775408,1.679814134112831,-0.6429140480151244,1.6699258202064737,0.816908809637715,0.47717738390372855,-0.5419362582571348,0.7392107606430705,2.6482042542210613,-0.8629571382454957,1.1971370671346377,0.1827575449430387,0.1590389773671773,0.4930801176436278,-1.1350051818410987,0.3473152707737031,0.011696340717205178,-1.068901425169488,-0.8835942896591429,-0.4930801176436278,-0.15903897736717798,0.5216379277079463,2.142099985965025,-0.4732363819731166,-0.8192022908676594,-0.3576745413866426,-0.2140147004052217,-0.22015379130249568,-0.319404172783631,-0.728375060954584,-0.9701972441467586,0.6552175733882943,0.8992370333320981,0.7673611678819103,0.24536400737109418,0.5380035976561225,0.7806711296729086,1.1827648637121608,0.7190446135538346,1
-0.14929748012713334,1.109047349520155,-0.4445202009343899,1.478524768348486,1,0,0,1,0,0,0.5013542806776271,-0.5954977245849401,0.712900890787381,-0.6194974840260986,0.08661563139881454,0.020781364819995127,-0.5687927308411577,-1.044489903355784,1.8289039102413873,-1.2537617137964825,0.1377617871601011,-0.6145044168174508,-0.3231488863480079,-0.3427244237987359,-1.2521110687069221,1.7297548126923783,-1.4605110067878386,-0.5773180545270271,-0.7450499738428467,-0.09917924017331377,0.4484739321239133,0.17925778978145263,-0.7619361441060106,0.24553347592724176,-0.7427357847285238,0.09917924017331377,0.7450499738428459,-0.23037994010104354,-1.0850176963188372,0.47291499535525605,1.3514417922354265,0.5810808715634928,-0.6235796198885869,0.2692014673650073,0.7325910426154264,0.139780294854656,1.0282341951120857,0.8828473903799233,2.048762301026676,1.234146937075479,1.2776739910950803,1.1724671879921262,2.097714499630101,2.2404794378780473,1.8324941171189824,1
-0.894605088487027,-0.9266061622253344,-0.4445202009343899,-0.13478617003801185,1,0,0,1,0,0,0.08492935954125552,-0.4797847809917908,0.29072590401389814,-0.5570033214501194,0.12651049740967815,0.0614759000743458,-0.11359038923493459,0.881662684311529,-0.8744088415744802,0.8706996423413048,0.6115363712595691,-0.7236745762244761,-0.8046181444118838,0.09356773247372671,1.0505189130686543,-2.2528584987223015,0.511442221095179,-0.4380473216418084,-0.6501878279857761,-0.3421574382520592,0.2514419771406233,-0.15772291772536307,-1.0685593470686405,-0.6691216923246253,-1.222695183811451,0.3421574382520592,0.6501878279857761,0.02029268250195297,0.8662627627365218,-0.2276009282436361,-1.3231018101594472,-1.091610591511294,1.109195039464111,-0.13859458152457876,0.17890935030013266,0.015758101167622184,0.3343343898138759,-0.02767187758659086,0.39746013076700454,-0.24400799870415715,-0.48232991558187904,0.506280418139323,1.2745623934068555,1.1827648637121608,-0.08511336124321738,0
-0.5091011531284612,-1.158516055968491,-0.4445202009343899,1.0385308760612593,1,0,0,1,0,0,0.009215737516460692,-0.46408503487613734,0.2651395411791416,-0.5512168249153065,0.16817546936974073,0.06907817589109264,-0.7235131902397915,0.12330291820902146,0.09883078203443753,0.1132206895130705,0.9358791593235231,-0.724252353242714,-0.6581429625564055,0.7215469586955742,0.10939300444023625,-1.6049813538883937,1.8214375134280165,1.4202593058415531,-0.8350596325743129,-0.1595918522639314,1.7270239226924218,-0.05964961444589591,-1.7479564667380023,1.653152411989537,0.16991803840520908,0.1595918522639314,0.8350596325743123,1.2210454920076654,0.6494538228414815,1.6283113888235585,0.3666125323090265,1.1234728879346818,3.1500185271461776,-0.8545032006862961,-0.6023970377447808,2.344619293735266,1.7498899926222238,0.04820472807728505,0.33359761589508324,-0.6589286824317738,-0.025405824425361403,0.9504049313745251,-0.37174181903963527,-0.48731077970765985,-0.023255055489598248,0
-0.48340089077122306,-0.5916252045963298,-1.8929150543297122,-1.6014324776621007,1,0,0,0,1,0,0.6906383357396142,-0.6210824960326716,0.20117363409225028,-0.5384865325387181,-0.2594375099250044,-0.06150209107891172,-0.1806049398215377,0.12646294969074676,0.4219074720514709,0.10890643888543224,-0.07991659855612276,-0.12778043689842145,0.32422487197024275,-0.9431327170073998,0.5323855477754134,0.09919498575055266,-1.521497001498023,-1.2703950335843155,-0.02757457514840374,-0.14692914774798616,-0.6912315330064148,0.359757787378844,-0.47708025392699194,-1.6558159547301772,-1.136397995849729,0.14692914774798616,0.027574575148402326,-0.7197883937545132,0.9949186171797318,1.290400182634853,1.152096927460653,0.3811381602338536,0.6996301199807459,1.9935961883838287,2.227531611866718,0.8484785444948515,-0.7759052986632599,0.04820472807728505,-0.7611883533378483,-0.8663890242955825,-1.3792549834076382,-0.09645999267988113,0.6983559190505837,0.6817421706862145,-0.8274130302866491,1
-0.4577006284139859,1.1348151154916164,-1.8929150543297122,-0.13478617003801185,1,0,0,1,0,0,0.7032572727437467,-0.6222454401893867,0.022069094248954552,-0.46268342793266937,-0.3864616998395478,-0.12097871952757809,-0.5417038515067916,-0.5717093221366741,-0.014700835896139346,-1.0257343469495748,-0.7263749240107613,-0.13118152335566824,1.2374467010250383,-1.2524984665199856,-0.8368275391891539,-0.34064548873153067,-0.9682155625159471,-1.1965284477675049,-0.6222674091696871,0.43824128821613356,-0.4982293179534698,-0.05362647180538815,-0.32221932929855057,0.4256349498923794,-0.2238541677526942,-0.43824128821613356,0.6222674091696865,-1.1495128896453646,-0.7097714541928067,0.3182556355996563,0.08523274375862654,-0.3064697006802721,0.06953024385249205,0.8401159358104279,1.3416409041622488,0.07776919801113909,-0.4150773999081907,0.04820472807728505,0.31535118307453414,0.09311505682453199,0.2622871218583729,-0.033013633646279864,-0.37174181903963527,-0.2089648391376897,0.2860364732784985,1
-1.8969153204192981,-0.4885541407104817,-1.6032360836506476,-1.161438585374874,1,0,0,1,0,0,-0.24316300256618875,-0.35709417245835107,0.31631226684865466,-0.5593179200640446,0.43082593570644384,0.15762232952143804,0.8735481267602815,0.6457006711535545,-0.7859068018182023,1.1155776071995303,0.35381155445114243,0.35394005940346196,-0.03855789444895269,-0.10982648207471155,-0.22057828651686232,-0.9566338502776814,-0.10036283529093352,-0.4371468770484155,0.013895103188392356,0.4689510326955308,-1.3244272616224217,-1.107214920367236,0.11303616400694297,-1.6065914457345145,-0.8867611907507925,-0.4689510326955308,-0.013895103188393775,0.35452284597261524,0.3784426479726819,1.9694717412256162,1.0413497803635572,0.9480488966258181,2.038592356753285,2.0227244775902276,2.227531611866718,1.8450854580513771,-1.3310251429018278,-1.2416975682086098,-1.0805009276974533,-0.8663890242955825,-1.3623318689203594,-0.5723076854318833,0.03983423407198747,0.29205785388825667,-1.3222794763156045,1
-0.7147032519863632,1.0575118175772313,1.4383931084795292,1.7718540298733036,1,0,0,1,0,0,-0.3188766245909836,-0.33150940101061954,-0.4001058925245282,-0.26362794713510607,-0.09691097994912856,-0.051216659091548364,-0.03385825217168918,0.444233614298136,-0.8983662179223384,0.5951759800571315,0.4724181053125026,0.4491544137243214,-0.2615408868990723,0.9028682232438446,0.5891025384117549,-0.11726026484273533,1.3357091960172376,1.3658727056902722,1.233103646290187,-0.6103841330315712,0.9492160143394532,-0.01957458623661615,1.110261457716171,0.5204220227307784,0.7193421775169004,0.6103841330315712,-1.2331036462901876,0.9951306592913848,0.7161642658861095,0.43652455776570404,0.3048812521678669,0.8541733553308051,0.7626401075935709,-0.30171300108041293,-0.8177176958673952,0.44983577907224165,1.9719379303176512,0.9587239960437993,3.006700024105491,3.3476491698130286,3.4607557599540013,1.109020828958526,0.9453015509175579,0.6817421706862145,3.1933768436986076,1
-1.6656129592041589,-0.6173929705677911,-0.8790386569529866,1.478524768348486,0,1,0,1,0,0,-0.21792512855792381,-0.36349036532028395,0.6489349837004895,-0.6119750385308418,0.5672363341710169,0.1933977451296584,-0.8337848401194858,-2.276419239433705,-0.0029379711872418047,-0.45146628000871586,0.22985530570303145,0.9685132095925632,0.0841270601352596,-0.2447934117394752,-0.8383902696218353,-1.5337279378189297,-0.24159647401971648,-0.6633828028406007,0.9750700921945687,0.3538738583276802,0.9148034240622942,2.2845758794981514,-1.5372323603139908,0.3703388901022533,-0.9464873447874327,-0.3538738583276802,-0.9750700921945695,-0.09111737198826762,-0.6347222057676005,0.6639647927004092,-0.3023822710812103,-0.3747428216220998,1.4557499713346498,1.5741488238116832,1.1201682272361313,0.015758101167622184,1.0004782029001573,2.400379503657447,0.44307621281837667,-0.46443461193445323,-0.29617565622181696,0.5380035976561225,0.8629863402952329,1.1827648637121608,0.2860364732784985,1
-0.7147032519863632,-1.1842838219399534,-0.4445202009343899,-0.13478617003801185,1,0,0,1,0,0,-0.34411449859924853,-0.3053431574845305,0.13720772700535894,-0.4962451078345841,0.44498297934688336,0.14867847561938297,0.5548363319011635,-0.3233005081475274,-1.2742274104029123,-1.2750127491096266,-1.677386859360139,0.07871428430547332,1.6957696082864586,0.17748780263686406,0.6382808330247881,-2.622167448040912,-0.6547622904490801,-1.2662446442884654,-0.5029586926677684,0.6061852033378352,-0.5941697046026557,1.0831558202790266,-0.8931138475247379,1.0732088880292283,0.9444436281825405,-0.6061852033378352,0.5029586926677676,-0.007559831120602114,0.340918023760079,-0.6097005229339397,-1.7623988269779296,-1.8596832021068592,0.9831750642384596,0.35076067714292497,0.6772228733838963,-0.4803306735805153,-0.6093693453916895,0.8828473903799233,-0.2685346671830286,-0.671894953798262,-0.24540631275998087,0.7600658542737248,-1.277209135885205,-1.211010225189582,0.16231986177126023,1
-0.12359721776989524,-0.6431607365392533,0.27967722576327125,-0.8681093238500562,1,0,0,1,0,0,-0.2684008765744537,-0.3454647308912004,-0.42569225535928473,-0.24916170579807387,-0.19581635721808574,-0.073129101151583345,0.1759126904078485,0.09549054748105854,-1.1437275788166086,0.45488806528087244,0.2288680143292899,0.3049704523202093,-0.48862911831302797,-0.9160413477079673,-0.07554549617911575,-0.24293838440191587,-0.4577255424600867,-0.5038198981312804,0.8111642712127044,-0.38855952469070976,-1.159908599445633,-0.20674359286047564,1.3193842679075538,-1.0683972418675152,-0.7894216975987862,0.38855952469070976,-0.8111642712127051,-0.8152827261747027,0.04072103005925432,0.36374368258659734,0.17567624722125458,-0.01630893667750248,0.3215701943037938,0.4323198869208419,0.06817301183707392,-0.17027518936292965,-1.1089772052064004,-0.2553016945782196,-0.19554893590083341,0.4950694691856613,0.008440404549195996,-1.206771275767887,0.6160407084282594,0.45906541823023866,-0.5799798072721716,1
-1.0488066626304537,-0.6173929705677911,-0.8790386569529866,-1.161438585374874,0,1,0,1,0,0,-0.23054406556205628,-0.3576756445367086,0.35469181110078946,-0.5668403655593013,0.43808996183541066,0.1629886418626711,-0.17790232588122298,-0.9444827462478039,3.161061476849012,-1.7251812834366367,-0.8532900463072383,0.7040551883756286,1.6686426593667976,-0.36984116498641456,-0.3177450970288232,1.1713528781552052,-2.2800232842412558,-2.112460240643637,-0.003877616098807187,0.9640930772469049,-0.12216341958828171,0.978022146965315,-3.1441802573338733,0.06977655506213656,-0.9530874170621203,-0.9640930772469049,0.0038776160988064777,-0.5924626171942612,-0.6347222057676005,-1.1737523055720087,-0.4832692780064673,-1.2964299543367779,-1.8837793721450944,1.4110304042558486,1.5631135810883663,-1.2244638357027204,-0.1375174777889068,0.8828473903799233,-0.058700689746716966,-1.657331577651353,-1.531563013793144,1.8069307783281299,-0.28942660841731066,0.18071947766026855,-0.332546584257695,0
0.31330724230314594,0.928672987719922,0.5693561964423357,0.3052077222492148,1,0,0,1,0,0,-0.15483044353726144,-0.3937269133948757,0.08603500133584588,-0.4754137203092577,0.19611067938104415,0.06460624894006509,0.24325104528553615,-1.147645557650973,0.5130213312731849,0.6835967995371822,0.869807418594758,1.2655636022738166,-0.5320074782399937,0.24080204398153948,-1.4383946182659384,-0.07004128621919843,0.6643625132362364,0.2885838549618888,0.4513710056427588,1.2784135428411474,-0.09763993479411279,0.13422739205799364,-0.7717020840611775,-0.26472467855214027,-0.8490462777502306,-1.2784135428411474,-0.4513710056427595,0.27096530510494976,-1.3101654415944555,0.1908891040362222,0.12399424524260985,0.39332978897346543,-0.024984737566746233,0.2692014673650073,0.06817301183707392,0.38782468222872474,-0.23268087965837572,-0.07102993796594885,-0.5591742756817722,-0.8423088060435336,-0.8788143121409748,-0.35930919439051084,-0.3247045558268782,0.33182155968396654,-0.45626319576493324,1
-0.3291993166277972,0.6194597960623787,-0.8790386569529866,-0.4281154315628296,1,0,0,1,0,0,0.1858808555743153,-0.5326987401223264,-0.2977604411855021,-0.33595915382026714,-0.41301987899834885,-0.15004624470925715,0.07099101982519487,-0.20247588417112228,0.17109595483983817,-0.21777873445333742,0.2659090452494321,0.5069467212939935,-0.17261585109393895,-0.9738829082315447,-0.49985755023943473,-0.45811926092171346,-0.9893286510175778,-0.34180916311706816,0.19997699316119485,0.4930801176436278,-1.071807068172641,-0.22284181542972809,-0.6942595783876984,-0.6867963347870348,-0.6794049020047488,-0.4930801176436278,-0.19997699316119558,-0.9266927806649233,-0.4846237089171882,-0.06384395909064733,-0.28946177058654887,-0.6478353053894121,0.7311351137871589,0.5138790966987595,0.4557501964577793,-0.17027518936292965,-1.0812212129944723,-0.4070549059059717,-0.6517097564145549,-0.8793552956620708,-1.057715808149347,-0.0647368131630805,0.12214944469431245,0.4033962301162448,-0.6418381130257917,0
-0.14929748012713334,0.43908543426214564,-0.8790386569529866,0.3052077222492148,1,0,0,1,0,0,-0.5207796166571032,-0.1541604171115716,0.25234635976176334,-0.5500595256083439,0.8095928972366806,0.30653749699065536,0.3504889664902651,0.6240573873959527,-2.320530211739341,0.7013303182293427,-0.5103001456815313,-1.3642469906944428,0.14070248451155293,0.07198105928472094,0.6253603544125818,-1.495491756875547,0.6329505423983446,-0.6860783371440332,-0.8569681418843186,-1.0107396132765438,-0.4154408134418063,-0.2300660740939708,1.669417546685245,-0.3198290908099359,-0.006406780080094398,1.0107396132765438,0.8569681418843179,-0.09111737198826762,0.340918023760079,-0.5824076947417753,-1.2068173057074962,-0.9379960693921812,-0.15100471279239655,-0.05703537174666111,0.40038202722625016,-0.4803306735805153,-0.47058938433204756,-0.3311783002420958,-0.378013264106322,0.4950694691856613,0.3299795798074865,-1.4605567119022886,0.5337254978059351,0.06938110143228039,-0.76555472453303,1
0.7759119647334253,-1.776942439283576,1.0038746524609323,-0.13478617003801185,1,0,0,1,0,0,-0.10435469552073157,-0.41291549198067434,-0.5536240695330674,-0.12764527856700325,-0.5921566176757793,-0.21891391975508134,-1.1275274987687325,0.24042137463611493,0.9029951165062042,-1.2837190856783611,-1.301694662901413,-0.21837274204356424,1.1728836113549233,-0.4376188135776919,0.09306719077558027,0.5442639105051692,-0.47657524865179285,-0.8672618681652219,0.356369413048447,-0.651277219968356,1.130590871878872,-0.23675321315492404,-0.6874918333331904,1.2616578075060043,0.8455543980865101,0.651277219968356,-0.3563694130484477,-0.3974950218363748,0.11577027848446049,0.09991301006234013,0.369483754641173,0.15437386567706757,-0.9071245641463012,1.166352774922097,1.0648000580046022,-0.5423417704240322,1.0004782029001573,-0.2553016945782196,-0.10431677179808911,-0.4385020692014777,0.05920974801103089,0.47455723862252236,0.2044646553166367,-0.09762646290970158,0.038603250264021984,0
-0.5605016778429365,0.6452275620338409,1.4383931084795292,-1.6014324776621007,1,0,0,1,0,0,-0.6343500496942954,0.09296521619038045,-0.4128990739419065,-0.2520549540654803,0.5039726164422876,0.2662901544314074,3.508440213388535,1.3008683189643901,-0.20618216935210743,2.3466567409686663,2.1838158668490615,1.169407768185604,-1.717810113791621,3.9055526983442,0.533650940968302,-0.29808825218561547,2.166959570064574,1.8004401787340156,0.46109514795545875,1.13762416762706,-0.976189283159262,-1.2508827951520078,-0.01769201327720131,-1.0214618474991446,-1.0812881741055456,-1.13762416762706,-0.4610951479554595,3.3625943172085755,0.340918023760079,-0.38226028799923456,-0.4703487775118068,0.3591932285025509,0.1325402314653172,-1.5251011477491712,-1.814344742034923,-0.046252995675895824,-0.9701972441467586,-1.2416975682086098,-0.41450612974742024,-0.3607044410025493,-0.7192535184037778,-0.5723076854318833,-0.37174181903963527,0.18071947766026855,-0.5181215015185524,1
2.3693282308821653,0.10410447663314094,-0.8790386569529866,-0.8681093238500562,0,1,0,1,0,0,-0.3062576875868511,-0.3373241217941949,-0.7327286093763631,0.34684743728765344,-0.9559833383792545,-0.5274768793759821,0.16681748512754074,-0.767186678784799,-1.0804710105359865,0.30088638547090246,-0.28329955041325755,-0.4159027378041916,0.11040646988084918,-0.22028519255400186,-0.5431704759428883,-3.7017352251183837,0.5070503540601236,-1.1437068677063371,-0.38485180389618157,-0.18555039652161812,-0.4520701427163914,0.5088515343314641,-2.2428468398639803,0.09630435624899367,-0.7483038614299972,0.18555039652161812,0.3848518038961809,-0.2582324537235989,-0.5596729573423944,-0.20030810005147043,-2.0337293373658145,-1.7914100811650315,1.8023049032051899,0.8401159358104279,1.1755363964676604,-0.35630847989348147,-0.3040534310604773,0.7310941790521709,0.6620334066649622,-0.6978274965312384,-0.6177148314801074,1.8069307783281299,1.439192814651505,1.461110804282131,0.2860364732784985,0
-1.0231064002732158,1.4955638390920825,-1.6032360836506476,-0.4281154315628296,1,0,0,0,1,0,0.059691485532990585,-0.4780403647567182,-0.4896581624461761,-0.22022922312400942,-0.6007108416914593,-0.19744867039014913,0.17117240619851762,1.934146203403876,-0.4225073167611601,0.07887192648384224,-0.5804640546548882,-1.496015759688867,-0.1163568852133313,-0.9957201306683726,0.9666873339257043,-0.7871307111420146,-1.090431878597859,-0.8143106725347269,-1.1676986894219978,-0.8822777243979375,-1.2329312199688212,-1.686270213414821,-0.21340879800992307,-1.1878044692022058,-0.04038417917969763,0.8822777243979375,1.1676986894219978,-1.0938078624002545,0.340918023760079,-1.2374355713537264,-1.3877043126327533,-1.6548638392813753,-0.30852968182446,-0.46483142063624716,0.06817301183707392,-0.790386157798101,-1.192245181842186,-1.6210805965279906,-0.378013264106322,-0.4255357978349895,-0.8377153198147269,0.6966194952401235,0.6983559190505837,0.29205785388825667,-0.6418381130257917,0
1.110015375377516,-1.6996391413691911,-0.8790386569529866,0.3052077222492148,1,0,0,1,0,0,-0.7983962307480176,1.139614957233942,1.4165258687431854,-0.6802556976416338,2.6765583951242817,1.4021595999924041,-1.0021629669209364,-2.052531310780462,1.6205537534224455,-1.1632964553674228,0.3197161717759647,-0.1773614239107776,-0.6972393080281966,-0.6920477206364827,-0.3856119576669111,0.9494340327278603,-0.1656085124543333,0.5555065491977228,0.28185302474922574,-0.5214382267650228,0.7020460725446636,2.4308660444923214,-1.2612616299781485,1.4073238954924199,0.12669734299816474,0.5214382267650228,-0.28185302474922647,-0.8152827261747027,-0.6347222057676005,-0.982702508226857,-0.40574627503850064,-0.4430159425639276,-0.8756195703398886,-0.7910682597479163,-0.983822203561983,-0.790386157798101,0.4731143508735179,1.9451198696741894,-0.5057382938501646,-1.0349505520599276,-0.4992530300691578,-0.0647368131630805,0.03983423407198747,-0.2089648391376897,-0.8892713360402683,1
-0.9203053508442651,0.9029052217484598,0.27967722576327125,0.5985369837740325,1,0,0,0,1,0,-0.5460174906653681,-0.11636473201833188,-0.041896812837936774,-0.42854309837727333,0.6623735382522707,0.24169455620075592,-1.5542076768710757,-1.3245122942700198,0.951615844393786,-0.8766741302377451,-1.1599137776776038,1.0371329075485727,1.572307872660424,0.41587609419782406,0.6537650703456868,-0.6604335319302047,0.2815027072389653,0.11180703229669985,0.5641420291796073,0.8550163918650944,2.5767021015029026,2.4728621867602576,-1.964562746228644,1.4634634574158745,1.617102524441981,-0.8550163918650944,-0.564142029179608,0.29881781872750485,0.491016520610491,-0.2730889752305771,-0.5607922809744348,-0.42594766232847037,0.29006520049738066,0.10608304780917345,-0.1532996650890431,-0.29429738304996345,2.471545790132362,2.400379503657447,0.15113328768959466,-0.9052878383950472,-0.3469449996836519,2.6000102662481344,-1.9357308208638015,-1.9347096706715041,0.6571863078002155,1
-0.8432045637725518,-0.1535731830814779,-0.4445202009343899,-0.4281154315628296,1,0,0,1,0,0,-0.6722068607066928,0.22961115460440099,0.4954168066919504,-0.5899863516985528,1.3700878824168272,0.6325409717205634,0.2837567180812703,1.9833543883340832,-2.4421041880771592,1.2178164546834556,0.171567537460771,0.03824074688537783,-0.4324133705971159,0.03773249920239205,1.464236660219004,-1.4323722226439108,0.3841477892537666,0.0676532889183265,-0.46991781074089073,0.5182145811312309,-0.3568687552818471,-1.2553759988599293,1.8990422897694779,-1.2642770912902694,-0.1569959324001818,-0.5182145811312309,0.46991781074089,0.15955525061472892,1.6167552469885829,0.5184030423421971,-0.354064273059855,-0.18699173903207253,1.550264952753888,-0.38327221085833024,-0.2086678343205727,0.44983577907224165,-0.3318094232724056,-1.1658209625447336,0.05077790717657645,1.026686595211671,0.38074892326932136,-0.7626467625326843,-0.12479618717266176,0.1250502895462747,-0.08511336124321738,1
-0.9203053508442651,-0.8493028643109486,-0.15484123025532542,-1.8947617391869185,1,0,0,1,0,0,0.29945128861150755,-0.5623538161185606,-0.7199354279589849,0.34106094075284055,-1.3949422111833185,-0.6960685254297206,0.6203931279156218,-0.11304806860065335,-0.1514980641842924,-0.12482033607258357,-0.7834263071688189,-0.038554249569076035,0.6456042002685144,0.15556930462787605,-0.007490357158897969,-1.0439562675453187,-0.5761991432660631,-1.2187585544127904,0.2792118624399347,-0.3295023237687902,-0.707228730242913,0.1476583465678645,-0.8419724411692868,-0.40272498584643257,-0.1713879479006256,0.3295023237687902,-0.2792118624399354,0.24311279148239442,0.11577027848446049,0.391036510778763,-0.23777976860790415,-0.4430159425639276,0.4475901695294441,1.3294711944779316,1.2862727349307197,-0.10826409251941274,-0.49834537654397587,0.5034643620605421,1.0634549287170376,0.4043055696202447,0.2115177783965368,1.7434844192945298,1.1099319721622063,1.0157572993701793,0.904619530814692,0
-0.4320003660567478,-0.4370186087675581,-0.8790386569529866,0.3052077222492148,1,0,0,1,0,0,-0.20530619155379135,-0.3751198068874346,-0.7839013350458762,0.7142899672482717,-1.407021030027518,-0.8405117659479103,-0.4634239423661202,1.5901985594190329,-0.5756163443085479,0.15813290871122804,0.11045892917928814,-0.6075703435631835,-0.7415369124478104,-0.9425526529691555,0.8920053125567162,-0.519312113806053,-1.033598933406274,-0.6205230276496266,-1.4375436385994584,0.5970847941440487,-0.2973852322379777,-1.2890060875046487,0.2650282338257178,-1.2385263671078741,-0.749421979258192,-0.5970847941440487,1.4375436385994576,-0.8988402670423681,0.7912135143113154,-0.07294156848803632,-0.3282232720705331,-0.6990401460957827,0.5421051509486824,-0.38327221085833024,0.34501385799472056,0.38782468222872474,-0.3318094232724056,-1.2416975682086098,-0.21379536872138252,-0.0495139282068366,-0.5330992590437151,-0.1916295312302808,0.5337254978059351,0.9600881112561845,-0.2706882785040748,0
-1.6656129592041589,-0.4885541407104817,-0.8790386569529866,-1.8947617391869185,1,0,0,1,0,0,-0.7479204827314877,0.68025201533149,0.6873145279526244,-0.6154469364517295,1.8647111901459548,0.9987917890097195,0.46542633522270616,0.7713454905973605,-2.2745329442519515,1.6569078711237075,0.811518307931262,-0.6583101994106275,-1.486934485005655,-0.34804913485990757,1.654773018876694,-2.7368881331554844,0.9880379667891478,0.005410611750711905,-0.946287449071263,0.04065977486679812,-0.994953243474542,0.59901939108870494,0.35905410276119987,-1.2586541043720276,-1.0497311359183423,-0.04065977486679812,0.946287449071263,-0.6203151308168162,0.7912135143113154,-1.3920949311093263,-2.330900848743023,-1.9620928835196014,0.5736101447550955,-1.1988643086375024,-0.983822203561983,-0.9764194483286528,-0.782844296716242,1.0535697531236445,1.2345152364096832,1.2600794798084554,0.5838262971166633,0.41111087958892223,1.7478748544852218,1.9621334973080773,0.8582258014994779,1
0.44180855408933456,0.0010334127472937634,-1.168717627632051,-0.13478617003801185,1,0,0,1,0,0,-0.1800683175455264,-0.38093452767100994,-0.7455217907937414,0.37577991996171783,-1.1659307107838124,-0.5833759662638264,-1.0660778808426943,-1.2083720973288408,-0.4847583025585781,-0.7913883912456704,-0.8187571757779009,0.4647999408523405,0.741844891281351,-1.174668107818485,-1.105929719696858,-1.1575832950487943,-1.0046914596428245,-0.8932629929013401,-0.7703150826731027,1.3979208031972914,0.30869271188468955,0.550632510523344,-0.5005787355198004,0.07287980727644938,0.192326974900012,-1.3979208031972914,0.7703150826731019,-1.17736540326792,-1.1600669447440433,-0.6915790075104341,-1.1292943027395286,-1.39883963574952,0.29006520049738066,-0.46483142063624716,-0.1532996650890431,-1.0384305451721696,-0.16527347000083534,-0.1035484832504671,-1.5457849646214488,-1.5147025926199844,-1.396178097894916,-0.635754044465484,-1.4418395571298541,-1.0996718489615938,-1.2604211705619852,1
-0.7147032519863632,-0.9523739281967958,1.4383931084795292,-1.6014324776621007,1,0,0,1,0,0,-0.3188766245909836,-0.33150940101061954,-0.6687627022894718,0.20797152045214415,-0.6732120518127372,-0.4156787056002934,0.8173829303062223,1.56116141285459,0.7881106863195704,0.8229792104695252,1.0454242105272946,1.7718405042852914,-0.34209713377352385,1.0500466853612271,1.0735301051585582,-0.6926247197568332,1.6329770921342877,1.3236551538863208,1.233103646290187,1.1936019387174324,-0.08739658620724781,-1.0673041402525165,-1.7733947569454143,0.5074403122703899,-0.0668110451460544,-1.1936019387174324,-1.2331036462901876,0.9951306592913848,1.0163612595869336,0.05442496307539909,-0.3153027715758717,0.32505666803163763,0.7941451013999841,-0.30171300108041293,-0.8177176958673952,0.07776919801113909,-0.10976148557697851,-1.0140677512169813,-0.07694712256726609,-0.9701191952274875,-0.7361766328910565,1.1407440084753266,-0.8656330827735822,-0.4316415915936655,-0.08511336124321738,0
-1.6656129592041589,0.15564000857606544,-0.8790386569529866,-0.4281154315628296,0,1,0,1,0,0,-0.21792512855792381,-0.36349036532028395,-0.5920036137852022,-0.1044992924277517,-0.5690568034191699,-0.1987902484754574,0.32712700791725086,-0.36093076388490686,-1.2928941936207556,0.745746098173148,0.4563657407071365,1.8427394176199847,0.34844679061441347,-0.2669136672729476,-0.774321339901281,-1.3636373778233901,-0.22452065279357764,-0.41698746586935376,1.2766468085438225,1.2471140222716814,-0.7215750590545646,-0.2803093195780284,0.39710561886632384,-1.2300857030938734,-1.0004049142684621,-1.2471140222716814,-1.2766468085438232,-0.17467491285593337,-0.6347222057676005,0.381938901381374,-0.4186667755331612,-0.47715250303484213,1.2982250023025865,1.166352774922097,0.5664865349208381,-0.29429738304996345,-0.5538573609678327,-0.02767187758659086,0.8080048692293539,0.9099901529132779,0.2961333508329291,0.12560226393772106,0.03983423407198747,0.793080546914203,0.9664778365683122,0
0.8016122270906633,-0.7204640344536393,-0.15484123025532542,-0.4281154315628296,1,0,0,1,0,0,-0.785777293743885,1.10472663253249,-0.3617263482723934,-0.30124017461138985,1.4877730587670175,1.0824168229939346,0.8072695419571991,0.6015440363620218,1.4415962171578631,1.3899329551756816,1.3665124706342622,-0.369122350476634,-1.6290044775482775,1.2871382798936017,1.459587942057827,-0.5348921678724338,1.394257170283843,0.8479545343649283,-0.70065935430716475,0.1914665557924087,0.1635654541709413,0.6365450907271614,-2.5082253665217262,-0.49518820814549797,-0.948670576242275,-0.191466555792408,0.7006593543071641,1.4129183636297125,1.6167552469885829,0.527500651739586,0.14983524623193267,0.7176271134471482,0.6996301199807459,-1.1173050988595852,-0.983822203561983,1.0079356506638961,0.08453045990652028,0.5034643620605421,-0.21379536872138252,-1.436904964421056,-1.4977167848185873,1.4262526241265279,0.6160407084282594,0.793080546914203,-0.08511336124321738,1
0.13340540580248203,-0.2051087150244015,0.5693561964423357,-0.8681093238500562,1,0,0,1,0,0,-0.7731583567397526,0.7383992231672435,-0.3745195296897717,-0.2983469263439834,1.3237836867511297,0.7984494616036854,0.23248681424913664,0.7789384632446263,-1.040572759272006,1.078230652493814,0.23161147153231962,0.8091324210948551,0.007728695876344288,-0.011815576043208856,0.38190270080014393,-1.6695728585910308,0.45743852273821506,-0.10935674287827835,-0.20147967785109497,1.303385209184222,-0.33508455893366756,-0.686535744229029,-0.2552618885726939,-1.0030318411172725,-0.4078718312450251,-1.303385209184222,0.20147967785109425,-0.17467491285593337,0.11577027848446049,-0.6278957417287164,-1.3231018101594472,-1.1086788717467513,0.5736101447550955,-0.46483142063624716,-0.4301405112466897,-0.9144083514851348,-0.44283339212011924,-0.7864379342253526,-0.5878472415426337,-0.62002986833231,-0.939254006738398,0.09387908442092041,-0.7010026615289333,-0.15329565102369538,-0.332546584257695,1
1.135715637734753,-1.1069805240255675,-0.4445202009343899,-1.6014324776621007,0,1,0,1,0,0,0.2363566035908452,-0.5489799583163374,-0.46407179961141953,-0.2318022161936352,-0.675280481346335,-0.2430623252906301,0.41039760413092746,1.8094028011217433,-0.3208724057555021,0.9975197790970014,0.9614226156365117,1.3667779726699314,-0.2363071066264252,-0.3538105840330521,2.530108940717043,-1.210080447088531,0.22757364287830242,-0.24853139990751721,0.4700615648931452,1.3979208031972914,-0.9241912254723043,0.05114546583632511,-0.7773708216535405,-1.1219267382548266,-1.4925390262254863,-1.3979208031972914,-0.4700615648931459,-0.2582324537235989,2.5923954765162622,0.391036510778763,-0.3282232720705331,-0.22112829950298704,1.0146800580448727,0.5954383064766764,0.40038202722625016,0.139780294854656,-0.7481493064513315,0.35171115073279,0.9174834661526473,0.3265079414213163,-0.1607907403235886,0.664896315723324,0.2044646553166367,1.127095675598167,0.8427612250610729,0
0.13340540580248203,0.3102466044048362,0.5693561964423357,0.5985369837740325,1,0,0,1,0,0,-0.6595879237025604,0.21507435264546262,-0.16982862701171944,-0.3891949219405457,0.8773259456338688,0.4661852891423387,-0.11650239246990605,2.056060157098033,-0.4181269478581303,-0.6638979978622681,-0.17317510019409035,-1.1264233645032478,-0.27979374195252005,0.01658238704669465,1.1625113137451608,-0.7755740939397021,-0.11345771703538463,0.06515821256176847,-0.5532824974487066,-0.9875682768987283,0.17856833846483472,-1.6574287767081297,-0.20778362327118183,0.784380633930169,0.28875042421947944,0.9875682768987283,0.553282497448706,-0.06326485836571254,0.9413120111617277,-0.2821865846279648,-0.625394783447741,-0.6307670251539549,0.6051151385615076,-0.46483142063624716,-0.26403600355210183,0.07776919801113909,0.3343343898138759,-1.4693273852002382,0.6620334066649622,0.4432043837197094,0.7530574419894479,0.3476645205553221,0.8629863402952329,0.4033962301162448,0.6571863078002155,1
-0.4063001036995106,-0.7204640344536393,-0.8790386569529866,0.5985369837740325,1,0,0,1,0,0,-0.33149556159511606,-0.3169725990516812,-0.6175899766199587,0.017017134803318904,-0.5013481361089525,-0.2569252988388155,-1.9487728513469325,-0.1651661591114876,0.6474707082734643,-2.005764443281909,-1.9272128011508112,-0.82569251152947,2.3218124368888,-0.9797261994987391,-0.29843815544492197,-0.2551971068757444,-1.4217688234585528,-1.5434331939532127,-0.11207882534413707,-1.0149876916124754,1.7308852134115096,-0.07227305590130804,-1.1415626299019068,1.2998567340960874,0.9986089196028777,1.0149876916124754,0.11207882534413637,-0.8152827261747027,-0.03432821836595151,0.855014590045561,0.5762117625557528,-0.06751377738387422,0.3530751881102058,1.7372672433675176,2.0060589349406004,0.20179139169817292,1.1115021717478706,-0.4070549059059717,-1.0531312784666302,-1.3980061503215924,-0.9054077777638412,0.2207718024881207,-1.1125787146405561,-1.545025353873546,-1.0129879475475077,0
-0.4063001036995106,0.6194597960623787,-0.15484123025532542,-0.4281154315628296,1,0,0,1,0,0,-0.43244705762817587,-0.23847386847341406,-0.2977604411855021,-0.33595915382026714,0.19833084053262517,0.0762332590127367,0.5980348727113171,-0.1466117699875628,-0.6701072419790222,0.24171898442642514,-0.01633442843885916,0.3234000314332701,-0.1601887394783588,-0.14655457290726276,-0.5368836140451329,-1.7208775982904834,-0.31305435465554626,-0.8392578037204654,-0.1984048918790851,0.6378546273322141,-0.9780176507370978,-0.3366089632372799,-0.8132569769682125,-0.6369660927952459,-0.7981363400910729,-0.6378546273322141,0.1984048918790844,-0.3974950218363748,-0.7848207026180125,-1.0918738209955157,-1.684875824009962,-1.689000399752289,0.038025250046078915,-0.22015379130249568,-0.1532996650890431,-1.2244638357027204,-1.0257092285706153,-0.5588081172337243,-0.8432973010303187,-1.0868156375258795,-1.2269469530221315,-0.2550758902638815,-0.04248097655033679,0.29205785388825667,-0.76555472453303,0
-0.2006980048416086,-1.3904259497116478,0.5693561964423357,1.0385308760612593,1,0,0,1,0,0,0.021834674520593164,-0.4652479790328524,-0.8350740607153893,1.6603821506901784,-2.332622558664172,-1.640986690181841,-0.3993027715992488,-0.08429654950275701,2.4776621383921373,-1.0759991496157422,-0.5940374729681501,-0.03944820269188229,0.6564720841118027,-0.20328461220653626,-0.8157263682167404,1.8599347858073052,-0.5810869880059139,-0.20924286036337506,0.010024599876957354,-0.06374491962016399,0.35212063472871025,-0.7014771088459446,-1.5179920570456267,0.8774095231360436,0.5679928810903546,0.06374491962016399,-0.010024599876958064,-0.14682239923337803,-0.7097714541928067,0.22727954162577424,1.183475285804831,0.8541733553308051,-1.2851844898232538,0.2692014673650073,0.2896456887631914,0.07776919801113909,0.5286263352973745,-0.482931511569848,0.7258959215368835,-0.24400799870415715,0.10997909147286698,1.9972698554289314,-0.20711139779498602,-0.26463402725168356,0.8427612250610729,1
-1.7684140086331095,-0.5658574386248675,-0.15484123025532542,1.478524768348486,1,0,0,1,0,0,-0.5333985536612357,-0.13090153397727022,-0.6559695208720935,0.09513483802329287,-0.278208395179635,-0.17419465024480588,-2.012224587837556,-0.6425083478894035,-0.11122500064590757,-0.7004100151078122,-0.5913669391829433,-0.08635095020320004,1.1092393780981815,0.7982699885666251,-0.14864906863680602,-0.7981972804968884,0.9941158292211159,0.8284854260820804,0.4884925330428311,-0.6022533438160685,3.5956692392131067,0.732949497542456,-0.6500629871045602,1.9319569828058658,1.577660750669544,0.6022533438160685,-0.4884925330428318,0.605195468575612,-0.25947596364157,-0.38226028799923456,-0.7158382869103699,-0.32353798091572933,0.5106001571422693,-0.13859458152457876,-0.3747723420151606,-0.17027518936292965,3.165445595430572,0.5793409677244183,-0.24116501795220557,-0.5292659687668935,0.2115177783965368,0.5697267771729232,-1.4418395571298541,-1.7677021063295222,-0.023255055489598248,1
0.2619067175886707,0.10410447663314094,0.27967722576327125,-0.8681093238500562,0,1,0,1,0,0,-0.00340319948767178,-0.45187412123062914,-0.7327286093763631,0.34684743728765344,-1.2535148208475249,-0.6155738403112248,0.013741874988769812,0.47386639195304164,0.798094715330443,-1.148097159385602,-1.2467531170913688,-0.8660395088536054,0.6046619154465194,-0.424947224957157,1.3399699316770894,-1.1543428455642035,-1.3060193553374333,-2.02618050128134,-0.7652983266135058,-0.4221610355600758,-0.443710671862982,0.6919559676867871,-2.2510254475803304,0.2559787568324846,-0.3573307823105801,0.4221610355600758,0.7652983266135052,-0.7038726716844818,0.491016520610491,-1.5194614626727603,-1.7623988269779296,-2.0474342846968865,-1.0961545269847772,-0.05703537174666111,0.34501385799472056,-1.720552610450858,-0.27629743884854874,0.9587239960437993,0.7623887871779818,-0.6329961396987983,-0.4992530300691578,2.2193321120465326,1.1099319721622063,0.9600881112561845,0.40975308478573785,0
0.3904080293748593,1.109047349520155,-0.15484123025532542,-0.8681093238500562,1,0,0,1,0,0,-0.4576849316364408,-0.22975178729805104,-0.822280879298011,1.1367042142896124,-1.5270391461761088,-1.0551642595972324,0.3459485861744081,-0.1018918404399768,-1.7002107341544757,-0.31580147113739837,-1.4016953075677525,-1.1166407168978327,0.8905157705209028,-0.4491122077507743,-0.44365993344557225,-1.2732176394475438,-0.5128516102411526,-1.2858982441859124,-1.052824935956895,-0.4787858038769716,-0.9297975566546836,-0.30459903324586696,1.0447840919821987,-0.081907464078436,0.5668431935556544,0.4787858038769716,1.0528249359568944,-0.3696425082138195,-0.3345252120667762,0.30006041680488094,-0.43158727602782254,-0.596630464683041,0.4790951633358572,0.10608304780917345,0.7325910426154264,0.20179139169817292,-0.9979532363586869,-0.5588081172337243,-0.934529465133063,-0.32180562690308556,-0.33002188519637315,-0.9529858396334858,-0.6186874509066087,-0.8769950965056176,-0.76555472453303,0
-0.8432045637725518,-0.9266061622253344,-0.4445202009343899,0.3052077222492148,1,0,0,1,0,0,-0.6722068607066928,0.22961115460440099,-0.5664172509504457,-0.11317903722997104,0.3642766712629019,0.26405419095589366,-0.34565332676723487,0.3359353279967346,-0.5333146869856827,0.04711181539604178,-0.04808054512792311,-0.4301620002516289,-0.07592329113621248,-0.15571840510935755,1.2228608175688307,-1.423668677929803,0.16213917875553222,-0.06074549903552965,-0.31054414497595056,-0.2786957612109654,0.32504736939348344,0.7639533419672777,-0.7015906799783547,0.09712941097273309,0.0032009068012242496,0.2786957612109654,0.3105441449759499,-0.06326485836571254,1.3165582532877582,0.391036510778763,-0.44450777652248397,-0.3576745413866426,1.4557499713346498,-0.22015379130249568,-0.09793149585751397,0.2638024885416898,0.3065783976019474,0.7310941790521709,0.05077790717657645,-0.32180562690308556,-0.2623294272472596,0.6014499566897238,0.03983423407198747,-0.09762646290970158,0.038603250264021984,0
-0.8432045637725518,-0.514321906681944,-1.8929150543297122,0.5985369837740325,1,0,0,1,0,0,-0.6974447347149578,0.3400908494923325,-0.579210432367824,-0.1044992924277517,0.44498297934688336,0.3423129125988757,-0.7131075083258489,0.7584165949962598,-0.05201774930783828,-0.9835174631941772,-0.701404000019481,-0.28825996521132946,0.2767992498480706,-0.5616696339782686,0.4647793968571666,-1.2210013792456063,-0.39047521538192476,-0.3368849432381422,0.08301123374971872,-0.4754817429490244,0.4303796689689063,-0.5753447812548801,-1.1558786273089818,0.9414801020622707,0.5829569742247056,0.4754817429490244,-0.08301123374971872,-0.3974950218363748,0.7161642658861095,0.7549408866742913,-0.05689276168264715,-0.20406001926752979,1.6762849279795395,0.758556726032511,0.7879592118469556,0.6358690696027934,0.27882240539001907,-0.6346847228976005,-0.3688900476960481,-0.8793552956620708,-0.4992530300691578,0.664896315723324,0.28677986593896093,0.06938110143228039,-0.023255055489598248,0
-1.6656129592041589,-0.514321906681944,-0.8790386569529866,0.3052077222492148,1,0,0,1,0,0,-0.7479204827314877,0.68025201533149,-0.5024513438635544,-0.21444272658919655,0.9012659350619028,0.6888872513035105,0.27304703027639,0.3931717513825765,-1.4004874901136124,0.9390748461093035,0.7369692836323303,0.1832891132765357,-0.7097613061090936,-0.24359388297776344,1.3604658831633796,-2.509096587877558,0.8264637948441271,-0.039331317357144416,-0.653257441282515,0.8978772664439514,-0.6230746799932158,0.8232442885702899,-0.6068867788705157,-0.44912218139289917,-0.996495538683268,-0.8978772664439514,0.6532574412825142,-0.5089050763265954,0.641115017460903,-1.2465331807511142,-2.137093341323105,-1.808478361400488,0.5736101447550955,-0.8726274695258333,-0.7069813574043363,-0.9144083514851348,-0.6926373220274746,0.5034643620605421,-0.6060936743631827,-0.8015576674631424,-0.9054077777638412,-0.5405845059150832,-0.12479618717266176,0.3477270420022505,-0.5181215015185524,1
0.44180855408933456,-1.9057812691408853,-1.168717627632051,-1.6014324776621007,1,0,0,1,0,0,-0.1800683175455264,-0.38093452767100994,-0.2593808969333673,-0.3527399937712245,-0.07784924081167806,-0.020360363129458298,-0.6157057041019178,-0.795276144483825,0.6213862766494794,-0.9955900164195837,-0.36712645017495577,0.11852774772578577,0.10767870715377627,-1.2600406866049778,-1.3192618302141963,-0.40151637321097866,-1.2508417314105904,-0.8225671243377713,-0.01835909107355938,0.1798660341827443,-0.4028640379567752,-0.2300660740939708,-1.2529410897289461,0.10466463298667117,-0.3257943316163572,-0.1798660341827443,0.01835909107355796,-1.2330704305130304,-1.3101654415944555,-0.50962681956267,-0.625394783447741,-1.040405750804923,0.06953024385249205,0.10608304780917345,0.12354118106860354,-0.9144083514851348,-0.19302946221276363,0.07349692996524401,0.9722227646142934,0.09311505682453199,0.1325432441225715,1.5214221626769286,0.7532327261321339,0.9415317152181866,0.7809029193074537,1
0.15910566815972013,-0.9523739281967958,-0.4445202009343899,-1.6014324776621007,1,0,0,1,0,0,-0.571255364673633,-0.10764265084296887,-0.6687627022894718,0.20797152045214415,-0.23279196385273812,-0.24350951798573287,-0.11668710505396168,0.49723221853866495,1.7073953093648695,-1.1846946913726935,-0.8941062124351259,0.21559775893783922,0.7833729000096186,-0.6337122602265317,-0.5080195850594965,0.756657242152926,-1.3838258138813038,-1.169820410549181,-0.7768887630270574,1.0645584453617318,-0.47094156355793493,-1.1913896926215717,-1.5736990293657864,0.22826810906216138,0.020279922046720248,-1.0645584453617318,0.7768887630270568,-0.5089050763265954,-0.3345252120667762,0.5365982611369737,0.8733832739329616,0.20557870638343811,-0.40304466324369825,0.4323198869208419,0.954063719541543,0.5118468759157585,-0.5816133531797613,-1.2416975682086098,-0.7064490548762022,-1.333174793489152,-1.176177609560296,0.664896315723324,-1.0302635040182315,-0.7099875321636356,-0.76555472453303,1
0.8016122270906633,-2.060387864969657,-0.15484123025532542,0.3052077222492148,1,0,0,1,0,0,-0.785777293743885,1.10472663253249,0.6617281651178678,-0.6137109874912857,2.222121940360395,1.3239008783494222,0.1931460324737285,1.2955123496956253,0.005367796244465069,0.007513182898106941,-0.01871280872555777,-0.569609724737596,-0.2154625948846741,1.3783676083781893,1.9194108971852581,-0.7496190684197498,1.60226805578061,0.9551207604917975,-1.046543814281098,0.2610696854503818,1.108674413630895,0.14469234411360082,-0.7606328280629054,1.57863175126417,0.9568170912695689,-0.2610696854503818,1.0465438142810974,1.1622457410267157,1.6167552469885829,-0.2821865846279648,-0.6124742829530796,7.593435579547688e-4,0.25856020669096863,-1.3619827281933365,-1.149926711256571,0.3258135853852078,0.6743452944099986,-0.17942508891434333,-0.8980365994919648,-1.1062650445756115,-0.5161761445564365,-0.1836987363510812,-1.1331575172961372,-1.1692583341040863,-0.5335860779569574,0
-1.100207187344929,0.1298722426046032,-1.6032360836506476,0.5985369837740325,1,0,0,1,0,0,-0.44506599463230834,-0.2355665080816264,-0.7966945164632545,0.7374359533875232,-1.212359097970957,-0.7510732269273594,-0.608186992547193,-0.22094057261796904,1.0528586535692745,-1.2947458322405399,-1.133485014557412,-0.4984958618418409,0.6648612410902723,-1.0321168447176872,-0.005134651955644609,-0.5786112306942012,-1.0684000759255494,-1.4968077001240465,-1.0866463603650327,0.3978337296906128,-0.18558017213028213,0.2981040880777224,-2.020741536196187,0.6897108627980778,0.012244643255428855,-0.3978337296906128,1.086646360365032,-0.8709877534198129,0.26586877533487285,0.8459169806481733,0.3824042551358344,-0.08458205761933026,0.41608517572303205,0.4323198869208419,1.1755363964676604,0.6978801664463103,-0.4150773999081907,-0.1035484832504671,-1.0348848456460813,-1.7740280199497451,-1.4638705558440304,0.47455723862252236,-0.7833178721512579,-0.7099875321636356,-1.2604211705619852,1
-1.4086103356317816,-0.12780541711001567,-0.4445202009343899,0.3052077222492148,1,0,0,1,0,0,-0.6848257977108253,0.27031420008942836,-0.2849672597681238,-0.3411670007015987,0.8587817008212933,0.4715516014835717,0.35203353430293644,0.43893132734866974,-0.11217970289568213,0.01833671213301705,0.8318157682321732,-0.12038661550835905,-0.32262575112326025,-0.4494412910996628,0.7381448806286838,-1.09747607711244,0.057330613513009984,0.5675818083648835,0.7472536253548848,-0.9053100327574869,-0.9385876413562017,0.13701031559632704,-0.9495042054079159,0.03207633987416508,-0.5272680726485133,0.9053100327574869,-0.7472536253548856,-0.3417899945912644,0.8662627627365218,0.4456221671630917,-0.22485926811324272,-0.18699173903207253,1.8968198846244282,0.6769975162545934,0.34501385799472056,0.5738579727592754,-0.9979532363586869,-0.17942508891434333,-0.8797901666714156,-1.1775795370912954,-1.0915620371239039,-0.3502454288142823,0.2044646553166367,-0.2089648391376897,-1.2604211705619852,1
0.13340540580248203,-0.7204640344536393,0.5693561964423357,0.5985369837740325,1,0,0,1,0,0,-0.6595879237025604,0.21507435264546262,-0.6175899766199587,0.017017134803318904,0.1897257878364852,0.15225601718020498,-1.1465465528662,0.8880101450882868,0.441880418371635,-1.2195452422450384,-0.7707600302844122,-0.622135786815318,0.8485349283002227,-0.01614506456968632,1.2810856610203725,-0.6846298530838885,-0.20351161376520852,-0.06720115010989186,-0.24010667662448304,-0.6103841330315712,1.5781689335116076,0.06454169975706787,-1.2920523118936442,1.4457283112565493,0.9364169446461523,0.6103841330315712,0.24010667662448232,-0.14682239923337803,0.9413120111617277,-0.5005292101652823,-0.7545997883943533,-0.7843815472730677,0.29006520049738066,-0.38327221085833024,-0.319404172783631,-0.4183195767369984,0.9449662184763004,-0.3311783002420958,-1.1534866589796486,-1.5406351353529608,-1.0069464646875115,0.12560226393772106,-1.277209135885205,-1.6006945419875402,-1.0748462533011267,0
0.6217103905899984,-0.2051087150244015,-0.4445202009343899,0.5985369837740325,1,0,0,1,0,0,-0.2810198135785862,-0.34023148218598254,0.009275912831576286,-0.4603688293187442,0.27525996616706055,0.0941209668168469,-0.5061923528205476,0.40310833614679453,-1.874035495936299,-0.1810732568392274,-0.5126252883922436,-0.23220732706828856,0.5695154148215639,-0.9366940641313436,-0.3210701208476202,-0.9191319767939233,-0.7074580072653709,-0.8074180096455774,-0.7896550408158974,0.4664671563038157,-0.23206088346545622,-0.8749198408971308,1.6382303075777016,-0.4568849616922593,-0.12184855402688971,-0.4664671563038157,0.7896550408158968,-1.038102835155144,-0.6347222057676005,-1.1646546961746211,-1.3877043126327533,-1.5353858776331764,-0.37153966943728567,-0.38327221085833024,-0.04256332662598434,-1.1004416420156866,-0.19302946221276363,-0.7864379342253526,0.15113328768959466,0.9877877811122063,0.7192112130148905,-1.1433249167342867,-0.28942660841731066,-0.09762646290970158,0.16231986177126023,1
-1.4086103356317816,-1.1069805240255675,-0.4445202009343899,-1.6014324776621007,1,0,0,1,0,0,-0.6848257977108253,0.27031420008942836,-0.46407179961141953,-0.2318022161936352,0.6134580733710749,0.3870321821091512,0.4362975841453225,0.4934410747126831,-0.5606491129106527,0.4859622997314996,1.4672685235527705,1.1539532068400271,-0.35359609381713264,-0.4231444711616666,0.7342870947686561,-1.1808718001358776,-0.2471427784264991,0.4541385755137876,0.6912331826893902,0.888297888345227,-1.0294833812403785,0.058329331474762554,-0.42023615708896817,-0.9015662637866492,-1.4641430134225486,-0.888297888345227,-0.6912331826893908,-0.3139374809687093,0.8662627627365218,0.4547197765604794,-0.26362076959722697,-0.34060626115118536,2.0858498474629035,0.9216751455883455,0.6218547041523672,0.5738579727592754,-0.9146852597229018,0.19995793940503753,0.44307621281837667,0.14498014229048395,-0.2284831982727022,-0.12818317219668063,0.36909507656128593,0.9600881112561845,0.2860364732784985,0
0.44180855408933456,-1.776942439283576,-0.15484123025532542,-0.13478617003801185,1,0,0,1,0,0,-0.7353015457273552,0.3895159761527229,-0.5536240695330674,-0.12764527856700325,0.7118913981583822,0.39821199948672004,-0.3490052499600702,-0.19718020634207306,1.7670763052354979,-0.7373107168494978,0.19638930799765691,0.3460402682639391,-0.35701996324006197,0.0912742431257861,-0.23018391978461622,1.6939600675320088,-0.17798023847955627,0.8013169765674811,0.454702424768406,0.020989325180847843,0.5765004440789312,0.04004282355752467,-0.7133860036800385,0.8195770533141926,0.5270143451710917,-0.020989325180847843,-0.4547024247684067,-0.09111737198826762,-0.40957446049198204,-0.646090960523493,0.2531992501892221,0.17144214591252482,-1.033144539371952,-0.6279498401920818,-0.8730858650989243,-0.35630847989348147,0.6118943119331598,0.12408133374116129,0.269735101023162,-0.1532440991387405,0.17767154942198057,0.7917890337905242,-0.04248097655033679,-0.04195727479570725,0.47161139053935697,1
-1.1516077120594044,1.109047349520155,1.0038746524609323,-0.8681093238500562,1,0,0,1,0,0,0.2742134146032426,-0.5565390953349852,-0.822280879298011,1.1367042142896124,-2.2354371530324997,-1.3064865542449806,1.4946293435325695,0.28331537195804624,-1.5616702814559662,0.7954935001676191,-0.22590645693199154,-0.2549421213520721,-0.292085152722321,1.2256755082981425,0.19386866241638806,-1.1357037893843507,1.1642920152155742,0.2899817763044236,-0.018359091073560794,-0.3295023237687909,-0.853637959296842,-0.19464586916633486,0.9935828095390631,0.07983163428929653,0.5768002221864967,0.32950232376879157,0.018359091073560086,1.3293608227620468,0.340918023760079,0.47291499535525605,-0.22485926811324272,0.2397152668543526,0.8886600828192224,-0.7910682597479163,-0.8730858650989243,0.015758101167622184,-0.9424412519348303,-0.482931511569848,-0.9801455471844351,-0.38663698373552574,-0.33002188519637315,-1.0481553781838862,-0.6186874509066087,-0.8213259083916238,-0.76555472453303,0
-1.6656129592041589,-2.060387864969657,-0.8790386569529866,0.3052077222492148,1,0,0,1,0,0,-0.7479204827314877,0.68025201533149,0.6617281651178678,-0.6137109874912857,1.8537396502128838,0.9974502109244113,-0.8179616927206418,0.45667580474626696,-0.777782662144644,-0.21677985629173932,-0.4013209902540841,-0.46955094032382405,0.0945918426618997,-0.0711928898871163,1.0811687355612531,-1.7005941837819285,1.3173568377896547,0.5252901730300044,-0.8822105547849753,0.23455420748543962,1.066260548388408,0.4562892311625934,-0.6456781949978195,1.599124090351019,1.034580556940584,-0.23455420748543962,0.8822105547849747,-0.5367575899491508,0.11577027848446049,-1.919756276157842,-2.2792188467643784,-1.8255466416359454,-0.4660546508565234,-1.4435419379712537,-1.3160312189511594,-1.4104971262332722,0.6118943119331598,0.04820472807728505,-0.97102233077416,-1.112748180258855,-0.5161761445564365,-0.28679906978068154,-1.1125787146405561,-1.1553410370755877,-0.7036964187794109,1
0.44180855408933456,1.109047349520155,-0.15484123025532542,-0.8681093238500562,1,0,0,1,0,0,-0.7353015457273552,0.3895159761527229,-0.822280879298011,1.1367042142896124,-0.6569574689866768,-0.5789040393127989,0.8169465317473292,-0.022484717577061494,0.4503419282240926,0.13912566372774346,0.33468919057180824,0.45535055800901086,-0.33504633718084026,0.21831557379749872,-0.30865222200346343,1.6573299834193755,0.2244225650128043,1.0350209763869531,0.872405678118227,-0.2441974779926877,-0.9178456900737118,-0.27834003982918293,1.0498242986159463,0.034583777767083566,0.5753841934855529,0.2441974779926877,-0.8724056781182278,-0.06326485836571254,-0.5596729573423944,-0.9372144612399159,-0.04397226118798574,0.0519641842643253,-1.2851844898232538,-0.8726274695258333,-1.2606630497196296,-0.728375060954584,-0.9979532363586869,-0.5588081172337243,-1.0075151964152582,-0.38663698373552574,-0.3469449996836519,-1.0798785577006862,-0.7010026615289333,-0.8769950965056176,-0.76555472453303,0
1.110015375377516,-0.7204640344536393,-0.8790386569529866,0.5985369837740325,1,0,0,1,0,0,-0.7983962307480176,1.139614957233942,-0.6175899766199587,0.017017134803318904,1.2037655706025385,0.8632924023935848,-1.806012008863563,-0.7718264401863385,1.7287772656874512,-0.6890979032703121,0.6617211726266996,-0.6697710339022783,-1.0214071708032169,-0.8638662669077923,-0.5395713316027169,1.3969002809243511,0.1750416551502345,1.124734747812563,0.1590389773671773,-1.0712207285677868,1.648138666263088,0.5188252962546228,-0.9595463707965274,1.1044951193302668,0.2378146365356828,1.0712207285677868,-0.15903897736717798,-1.0102503215325889,-0.8598699510432187,-1.3738997123145495,-0.5737127814690962,-0.47715250303484213,-1.2536794960168407,-1.4435419379712537,-1.648240234340335,-0.9144083514851348,1.1115021717478706,0.12408133374116129,-0.9071598159022387,-1.2035120798242718,-0.7700228618656133,-0.3502454288142823,-0.12479618717266176,-0.5986491559356475,-1.198562864808365,1
1.2128164248064663,-1.2873548858258006,-0.8790386569529866,-0.13478617003801185,1,0,0,1,0,0,-0.7983962307480176,1.3896479509276818,0.6617281651178678,-0.6119750385308418,2.4114964772639156,1.5416837208644636,-0.3304813285469603,-1.00849976788145,2.8117196681000203,1.5064149519492638,4.135252872663922,2.0380331672717125,-3.001306981140209,-0.8007377660382341,-0.5219044259028185,1.742510881935655,0.16998845743311977,1.3757087197036493,-0.16027754582615011,2.93859548400488,-0.34054540886802626,0.8613651843262834,-2.0926595902226826,-1.8665117697494764,-4.032919457647574,-2.9385954840048796,0.16027754582614942,-0.9266927806649233,-0.7848207026180125,-1.1373618679824566,-0.19901826712392082,-0.11871861809024475,-1.1591645145976028,-1.7697787770829225,-1.9250810804979817,-0.6663639641110671,-0.859173275299045,-0.3311783002420958,-2.594954851803009,-2.9020936288342045,-3.122335775597319,-2.4439752769230942,-1.1948939252628807,0.23638866577426285,-2.559445591387991,1
-1.0231064002732158,-0.41125084279609675,-1.6032360836506476,-1.161438585374874,1,0,0,1,0,0,4.3879868779504285,-0.7827317338160661,1.096696333308729,-0.6611602590767514,-0.6665675251718485,-0.09101680895569353,0.045983804935394675,3.3043269408386338,-0.4785653421753557,-0.7506871522060206,-2.437851971036932,-1.4054534190249235,1.6348697602732258,-1.180137958971891,3.2836990352377775,-0.37471314424266444,-2.9842587148574227,-4.198294848248334,-2.501932049243882,0.5645149086083918,-1.2431215435958891,-1.2457548175130513,0.27766428202156873,-1.9450099450796792,-0.9294908290256636,-0.5645149086083918,2.5019320492438806,-1.038102835155144,3.568035706043941,0.7185504490847379,0.3953247556304958,-0.8867912286858101,-1.1906695084040155,0.5954383064766764,2.7812133041820113,-0.4803306735805153,-1.2477571662660425,-1.317574173872486,-0.8797901666714156,-0.62002986833231,-1.277716296483967,-0.3502454288142823,0.03983423407198747,0.3477270420022505,-1.136704559054746,0
-0.38059984134227254,-0.35971531085317227,-1.8929150543297122,0.3052077222492148,1,0,0,1,0,0,0.5896868397065544,-0.6042198057603031,-0.5920036137852022,-0.09871279589293881,-1.1190918157402654,-0.3883999511990254,-0.4619868694289489,0.2756193099071867,-0.5657143467846086,0.4938006528027419,-0.03664621015146569,0.5147927989153881,0.4434049356612811,-1.255952640074913,-0.767875995958651,-0.34822158072746706,-0.7729348940451047,-0.8618197722902189,0.025990426036624787,0.6763389906671557,-0.6125290915760127,-1.1475374686168005,0.4234213573274814,-1.4335218344886274,-0.7937574000530813,-0.6763389906671557,-0.0259904260366255,-1.1495128896453646,-0.6347222057676005,0.35464607318920965,0.11107374474794844,-0.20406001926752979,0.29006520049738066,1.3294711944779316,1.4523772426253072,-0.046252995675895824,-0.6648813298155464,-1.1658209625447336,-0.49661507743988936,-0.21807545597118072,-0.7530997473783346,-0.4136917878478824,0.12214944469431245,0.514734606344233,-0.6418381130257917,0
-0.14929748012713334,1.1863506474345409,0.5693561964423357,-1.161438585374874,1,0,0,1,0,0,0.9934928238387936,-0.654226404499051,1.5060781386648334,-0.6958792382856287,0.14907087569639674,0.034644338368180524,1.2026665000381038,1.8667229521508322,-2.1821759145058746,1.63228949877545,0.8910817813119198,0.016461448102023695,-1.135903201521433,-0.013602038126424536,0.20714508128948375,-1.1808718001358753,0.41969103970299304,-0.21723374976218496,-0.9306920144830665,0.9455004604204603,-1.68592804067966,-2.3546224400312177,1.796445302161114,-1.788959355567835,-1.3705364328196843,-0.9455004604204603,0.9306920144830657,-0.23037994010104354,-0.10937746679115769,-0.8462383672660339,-1.258499307686141,-1.05747403104038,-0.08799472517957138,-0.709509049969999,-0.3747723420151606,-0.728375060954584,-1.5808290728091832,-2.2028012399510413,-0.07694712256726609,0.8494808865363345,-0.008482709938082702,-1.4922798914190887,0.6160407084282594,1.3126596359781475,-0.2500688432528684,1
0.7502117023761872,-0.2051087150244015,-1.6032360836506476,0.3052077222492148,1,0,0,0,1,0,-0.3062576875868511,-0.3518609237531332,1.7875281298471553,-0.7080308810087357,1.0386844605355192,0.2765755864187708,0.18793810864404062,-0.43787190832678785,-0.5819778657906067,1.1202053793620554,0.09370720938213827,-0.5900361206082475,-0.6097076117116574,-0.9193354559774959,-1.0274514810081843,-0.30180836144884154,-1.2364939972842983,-1.3259217085104045,-0.7471295343976714,-0.06374491962016399,-1.1799216704038145,-0.4282854027326859,0.4922949419410077,-2.7394114794213094,-1.4163284402379746,0.06374491962016399,0.7471295343976706,-0.9545452942874786,-1.0850176963188372,-0.646090960523493,-0.6899972859210471,-1.091610591511294,-0.5605696322757617,-0.13859458152457876,0.2342775195316623,-0.8523972546416179,-0.7481493064513315,0.5793409677244183,3.572339441542506,3.3995142552789814,1.5145975939169787,2.948965240932937,3.0854970270979956,3.353863200157928,2.636652091916034,1
0.8787130141623758,0.5163887321765315,-0.15484123025532542,0.3052077222492148,1,0,0,1,0,0,-0.6848257977108253,0.31101724557445576,0.32910544826603294,-0.5471662773409375,1.3366494478975959,0.6620556895973452,1.2150441743054576,1.4138567167116534,-1.601626303137357,1.424024646211581,0.9383107708961,-1.0551153221584493,-1.5118404454234031,1.2141543025336567,2.0530148831961843,-0.7902901368258456,1.241671841354007,0.8119041372899818,-1.0117882743416888,-0.43557216489828954,-0.47637982867855455,0.11610252664209639,1.3953114389678087,-0.692544883549081,-0.4271835910944995,0.43557216489828954,1.0117882743416882,0.8280155775560533,1.4666567501381707,-0.7461646638947628,-1.0000892977929163,-0.5283573437412127,0.038025250046078915,-1.5251011477491712,-1.3713993881826885,-0.29429738304996345,-0.5261013687559044,-0.02767187758659086,-0.3871364805165972,0.35244048415429274,0.04228663352375219,-1.3336639938350878,0.5337254978059351,0.3477270420022505,-0.6418381130257917,1
-0.4320003660567478,-0.6431607365392533,1.0038746524609323,1.478524768348486,1,0,0,1,0,0,-0.4955417426488382,-0.17567488401080036,-0.2210013526812325,-0.37935787783136377,0.39432128395322985,0.1580695222165408,-1.3283042149439124,-0.6108894419368117,0.6656823976643628,-2.0719422791764273,-1.5537040479223099,-1.0488408895227739,1.2462880581170563,-1.2576677053666867,0.6151786683341088,-0.0427511112197547,-1.2855519369274133,-1.2132397112317104,-0.8698698195890981,-0.567767582660665,0.5903925928334334,1.45473741586007,-0.952970881973918,1.5243290538890095,0.8353989163851456,0.567767582660665,0.8698698195890975,-1.1495128896453646,0.7161642658861095,0.3728412919839863,0.29196075167320634,-0.2552648599739003,0.06953024385249205,0.5138790966987595,1.1201682272361313,0.20179139169817292,0.5286263352973745,1.33810702436318,-0.031331040515893936,-0.5162996974004062,0.0761328624983096,0.6014499566897238,-0.37174181903963527,-0.6543183440496418,-0.023255055489598248,0
-1.4086103356317816,-0.5400896726534062,-0.15484123025532542,1.478524768348486,1,0,0,1,0,0,-0.23054406556205628,-0.37279391857400446,0.7896599792916505,-0.628177228828318,0.6394803215394946,0.1987640574708915,-0.6621171205098985,-2.68780944805462,0.997649896642478,0.2860749920132914,1.2136466944779465,0.080561056561392,-1.3607296030360951,-0.07458354201113325,-1.518015911932253,0.10572056412296016,0.5016727078245754,0.6916273172980106,-0.32687747097049374,0.4340687685857812,0.8461669774003657,2.168387802434489,-1.257581858888405,0.11098121130563741,-0.9025606813321081,-0.4340687685857812,0.326877470970493,-0.4253475354589299,-1.6103624352952797,-1.446680587493655,-1.1809763047181743,-0.9550643496276378,-0.8756195703398886,-1.2804235184154193,-1.3160312189511594,-1.2244638357027204,1.0004782029001573,2.400379503657447,0.6346637574341392,-0.16621037050522874,-0.11002139686175369,0.6331731362065233,0.8629863402952329,1.2384340518261547,0.47161139053935697,1
-1.305809286202831,-1.9830845670552713,1.0038746524609323,0.3052077222492148,1,0,0,1,0,0,-0.81101516775215,1.395462671711257,-0.42569225535928473,-0.21328542728223396,1.8537396502128838,1.2380398808896933,-0.6512864595187474,-1.104387472554427,-0.12962981862271772,-1.164744222204196,-0.35039419673375893,0.4973317800250871,0.30756092879766656,0.15647486887438486,-0.8755909931560764,-0.9501401798653225,0.03551357798673121,0.18838379612130998,-0.23432195700141584,0.9106988955914741,1.0619775213232479,0.6386586294312394,-0.777590944913131,1.6087089571805102,0.639449727629456,-0.9106988955914734,0.23432195700141514,0.27096530510494976,-0.7097714541928067,0.49111021415003275,-0.10857476366129187,-0.08458205761933026,1.424244977528238,-0.13859458152457876,-0.04256332662598434,0.5738579727592754,0.6118943119331598,0.19995793940503753,-0.9618991143638861,-1.164613265724808,-0.5669454880182719,-0.5088613263982832,-1.1948939252628807,-0.9883334727336057,-0.7036964187794109,1
-0.8432045637725518,-0.8235350983394863,1.0038746524609323,0.3052077222492148,0,1,0,1,0,0,1.1953958159049132,-0.6821370642602127,-0.579210432367824,-0.1247520302995968,-1.3215097578545596,-0.4282001010631705,-0.1471177279016919,-0.6926062745947027,0.7080392528598923,0.15895259332480544,0.6642240939391253,-0.22916558452913016,-0.46003397226068093,0.3471995339578841,-0.8781817888805875,0.8020963417993306,0.417047326859662,1.406301046753115,-0.34719453501248815,0.031788787753525546,0.5514884652932759,0.0708806100331746,-0.16188390848283996,0.19880229152442028,0.5094554047286944,-0.031788787753525546,0.3471945350124874,0.3854700833310098,-0.7681430918568557,0.23334461455736732,0.6250225422022511,0.7821072832255418,0.45459127926420245,-1.3076099216747252,-1.3406392941651721,0.8976937007198638,0.41760236644966076,-0.02767187758659086,-0.2685346671830286,-0.30883935553659736,-0.21156008378542468,0.28421816152172197,-0.9479482933959068,-1.0440026608476,-0.1469716669968365,0
1.2128164248064663,0.33601437037629844,-0.8790386569529866,1.0385308760612593,1,0,0,0,1,0,-0.7983962307480176,1.3896479509276818,-0.4128990739419065,-0.21733597485660297,1.605913064775846,1.236698302804385,-1.291575436093181,-0.6926328713110456,1.002784317174773,-0.740467274125265,0.626353503193949,-0.3927831744803248,-1.262441582157469,-0.7708335889374252,-0.6650215538147509,2.0619332689050167,0.42307253287469654,1.5997815208253885,-0.08286747959746427,-0.45352244570481864,1.025759244708579,0.28445635896767113,0.7012043281117515,1.4198349978639293,0.7475850524590896,0.45352244570481864,0.08286747959746356,-0.9266927806649233,-0.9349191994684248,-1.2920212277380552,-0.21193876761858224,-0.03337721691295973,-1.5057194464681423,-1.85133798686084,-2.0358174189610403,-0.790386157798101,0.7229182807808735,0.04820472807728505,-0.5878472415426337,-0.16621037050522874,0.39767203775660004,-1.3653871733518879,-0.04248097655033679,-0.26463402725168356,-0.20882997275045564,1
-0.35489957898503444,-0.1535731830814779,0.27967722576327125,0.5985369837740325,1,0,0,1,0,0,-0.571255364673633,-0.10182793005939353,0.9943508819697028,-0.648429966700163,1.260630588884944,0.42280759771737153,-0.35961785223836,-0.8274147020135888,0.9011298685456071,-1.420319100958658,-0.6687917450367932,-0.32411410412243846,0.6334043518697504,-0.5071646952804405,-1.2435848724325542,0.2284151159033139,-1.4260480958117836,-0.7735787008933016,-0.8251557858999272,0.3763264807979944,-0.00669561017829884,-0.11014338026754768,-1.0023395551181107,0.50471459318799,0.1142129867234943,-0.3763264807979944,0.8251557858999266,-0.6481676444393714,-1.3101654415944555,-0.8917264142529749,-0.6512357844370638,-1.1257471519822078,-0.5290646384693491,-0.22015379130249568,0.17890935030013266,-0.9144083514851348,-0.19302946221276363,-0.3311783002420958,-0.7155722712864762,-1.0738493661593913,-0.8377153198147269,0.09387908442092041,-0.5363722402842841,-0.4316415915936655,-0.6418381130257917,1
0.7502117023761872,0.8771374557769975,-1.6032360836506476,-0.13478617003801185,1,0,0,1,0,0,-0.3062576875868511,-0.3518609237531332,-0.7071422465416066,0.3121284580787761,-0.8359652222306702,-0.5118251350473857,-1.6621716820239438,-2.351865486791479,0.2990008620664414,-1.6230200054817199,-1.4897801715148657,0.008448997044602424,1.4838616984963378,-0.861918612797199,-1.0356630382867045,-0.3279957184706419,-0.9231209137092599,-0.9768171690196673,-0.7896550408158974,0.7946936794948511,1.4500712633696053,2.190504692689362,-0.7383482603094891,1.277244422742947,0.9831153428779945,-0.7946936794948504,0.7896550408158968,-0.9545452942874786,-1.1600669447440433,-0.9918001176242447,-0.9871687972982559,-1.2452251136304073,-0.6865896075014126,-0.38327221085833024,-0.04256332662598434,-0.9764194483286528,1.0004782029001573,1.5657368413548085,-0.7885580025686714,-1.0090180093269512,-0.5161761445564365,0.09387908442092041,-1.6064699783745033,-1.545025353873546,-0.2706882785040748,0
-0.6376024649146498,-1.6223358434548052,1.4383931084795292,0.3052077222492148,1,0,0,1,0,0,-0.20530619155379135,-0.3838418880627976,0.6873145279526244,-0.6218120826400237,0.570464007822585,0.18534827661780884,0.11292232838120901,-1.6411744846689063,0.2094850181164976,0.5242131138707162,1.1736818582387532,-0.32418912261196414,-1.5328043948208145,0.6032786448110058,0.9509153994672006,-0.9062132812878836,1.6876202175610837,1.0595180218514615,0.2181716668474219,-0.6585353003337585,0.4457676672313821,3.205169657427867,-1.1970299903735409,0.9652372217918319,-0.49143076802382063,0.6585353003337585,-0.2181716668474226,0.438080386840281,0.7161642658861095,-0.3640650692044592,-0.7545997883943533,-0.11871861809024475,0.3845801819166189,-0.709509049969999,-0.8730858650989243,-0.17027518936292965,0.22331042096616224,2.5521327149851984,-0.5969704579529088,-1.0738493661593913,-0.685407289429221,-0.4771381468814831,0.6983559190505837,0.4033962301162448,-1.2604211705619852,0
-1.4086103356317816,-1.3131226517972627,-0.15484123025532542,1.0385308760612593,1,0,0,1,0,0,-0.23054406556205628,-0.37279391857400446,-0.8350740607153893,1.3913100618213792,-2.1033402180397163,-1.3619384484377222,0.10043431153654608,-0.3412474758127872,0.7947374676758164,0.7665436407076611,0.5184990656983002,-0.13664920755887455,-0.4926111989570127,0.08010561741884997,-1.2891061641669477,0.0872702883917931,0.7538341422552216,0.8677514552759681,-0.04921092906325296,-0.13756642077256032,-0.05961576596457266,-0.8230253863553217,-0.9987345186563841,-0.2880619739205792,0.17311622256083678,0.13756642077256032,0.049210929063252244,-0.3417899945912644,-1.4602639384448675,-1.5740471190570904,-1.2972608091701252,-0.9892009100985523,-0.9701345517591269,-1.1988643086375024,-1.3160312189511594,-1.2244638357027204,-0.08200549336504998,-0.7864379342253526,-0.06782390615699217,-0.5681647828663581,-0.6346379459673855,1.2041903675089267,-0.12479618717266176,-0.2089648391376897,-0.023255055489598248,1
-1.4086103356317816,-1.6223358434548052,-0.15484123025532542,0.3052077222492148,1,0,0,1,0,0,-0.23054406556205628,-0.37279391857400446,0.6873145279526244,-0.6218120826400237,0.5973361943369084,0.19384493782476117,-0.3041166474709015,-3.0014436955969277,0.5065531505863959,-0.34765192257602234,0.8414231927519162,-0.45567011300115207,-1.1824419631471697,0.17566944561345804,-1.2766493376315429,-0.5642144780233312,1.0480762318916255,1.1622028678582166,-0.10086982058087872,-0.5214382267650228,0.5984084415353444,2.8406563855143676,-1.2594562642592175,1.5089097694491476,0.04077353593982554,0.5214382267650228,0.10086982058087801,-0.28608496734615396,-1.4602639384448675,-1.6286327754414192,-1.6073528210419945,-1.2110885531594928,-0.4660546508565234,-1.3619827281933365,-1.482135726645747,-1.1624527388592034,0.25106641317809053,2.020996475338066,-0.9162830323125138,-1.3461410648556402,-0.7869459763528921,-0.5088613263982832,0.03983423407198747,-0.2089648391376897,-1.2604211705619852,1
1.2128164248064663,-0.4370186087675581,-0.8790386569529866,0.5985369837740325,1,0,0,1,0,0,-0.7983962307480176,1.3896479509276818,-0.8478672421327675,1.657488902422772,-0.7344913508946546,-0.21220602932854002,-1.2420639262419957,-0.06797520376296536,2.6615475737106378,-0.869842161205242,-0.06974726208318784,-0.700121569519659,-0.4660878066000019,-0.8428519531663635,-0.8607180587788082,2.3337156421699095,0.26439210724226964,1.4803065441292167,0.20465562353765385,-1.1578572735420007,0.8849523840456681,-0.7689503560148004,-1.2932655379317521,1.4372673299556489,1.5359060786995242,1.1578572735420007,-0.20465562353765385,-0.9823978079100336,-1.0850176963188372,-1.2920212277380552,-0.09565426316663046,0.017827623793410803,-1.6947494093066184,-1.6882195673050053,-1.9250810804979817,-0.8523972546416179,0.9449662184763004,-0.6346847228976005,0.3700904815361815,-0.38663698373552574,0.17767154942198057,2.0607162144625315,-0.20711139779498602,-0.7099875321636356,1.0283361423219313,1
0.8787130141623758,-1.41619371568311,-0.15484123025532542,-0.13478617003801185,1,0,0,1,0,0,-0.6848257977108253,0.31101724557445576,-0.24658771551598904,-0.3683635344152193,0.9012659350619028,0.523873146810594,0.7988431889196377,2.695547436137687,-0.3899211883770528,0.591475155951416,-0.0438659608463133,-1.052399522957932,-0.5520214107092752,1.0943539786575582,2.433151918795565,-0.9944285618429943,1.6571782532342088,0.8482471225767073,-0.7279513648365089,-0.7133741297612541,-0.017345299097075252,-1.2622452716908958,-0.4662694753787357,0.8441848116018478,0.8851761147681196,0.7133741297612541,0.7279513648365081,0.7166055230658329,1.7668537438389946,-0.7734574920869285,-1.1163738022448682,-0.5112890635057554,-0.024984737566746233,-1.4435419379712537,-1.3713993881826885,-0.35630847989348147,-0.3318094232724056,-1.3934507795363622,-1.244718823082393,-1.2553771652902237,-0.9054077777638412,-0.3185222492974822,-0.5363722402842841,-0.8769950965056176,-0.8274130302866491,1
0.8787130141623758,1.2121184134060021,-0.15484123025532542,-0.8681093238500562,1,0,0,1,0,0,-0.6848257977108253,0.31101724557445576,-0.822280879298011,1.3855235652865663,-0.923865887798175,-0.8315679120458552,1.3212152974991715,1.996928063102511,-2.2760130863363845,0.9524120154034581,-0.4077196340383637,-0.6792723284523501,0.3790084645489189,1.1240199571437153,1.8437324751860653,-0.6897338106357189,1.6269478830100925,1.0578557006031646,-0.32687747097049374,-0.6022533438160685,-0.7140745358641476,-0.8938357168780816,2.4182701738978,0.32660648255274305,1.5628456894459843,0.6022533438160685,0.326877470970493,0.7166055230658329,1.2415090048625523,-0.8371407578686448,-1.0259302987822392,-0.42594766232847037,-0.15100471279239655,-1.2804235184154193,-1.3160312189511594,-0.4183195767369984,-0.8036612908751883,-1.0140677512169813,-0.8159276517994943,0.4172718409867329,0.5330569536548284,-1.4288335323854886,-1.4418395571298541,-1.7677021063295222,-0.332546584257695,0
2.6263308544545425,-0.4370186087675581,-0.8790386569529866,0.5985369837740325,1,0,0,1,0,0,1.4099177449751652,-0.6966738662191511,-0.8478672421327675,1.657488902422772,-3.422349722387073,-1.8167334193572235,-1.4729461815976246,0.367780562623696,1.474884853413174,-2.450180841627865,-1.64665419670066,-0.4878846805944073,2.0753566684936726,-1.367269664292643,-0.21332327649589986,1.0349261605321236,-2.0038935890591287,-0.9014325305827839,0.37585883879474463,-1.0381887348318,0.68200778248296,-0.7184929396784082,-0.976216020114527,1.3230096640896973,1.2606576856805725,1.0381887348318,-0.37585883879474535,-1.2818123293525019,-0.18442671521636386,0.05897376777409294,0.5891322630504142,-0.3107367707391361,-0.16675720969560312,1.8188264531454346,1.7430601310908362,-0.24778906041732607,0.8894542340524437,-0.482931511569848,0.7988816528190786,0.11904759955750843,0.65151875506577694,1.9021003168785307,0.2044646553166367,-0.26463402725168356,1.3994859768436472,0
0.9815140635913272,-1.0039094601397194,0.5693561964423357,-1.6014324776621007,0,1,0,1,0,0,-0.20530619155379135,-0.373375390652362,-0.11865590134220637,-0.42275660184246044,0.0864015227101642,0.039563458014310826,2.8265448490931906,1.3239576083849798,-1.2343710900565645,1.7476024835851576,2.273446234013873,0.681366686651045,-1.598079121900524,2.8281635371113247,1.9116895614843252,-1.8677461107321276,1.3903623633962068,1.6363948201355067,-0.7279513648365089,1.6512761951523172,-1.1045117353475709,0.09791526926263235,-0.1894780847539129,-0.9822386899517768,-1.3579704049866848,-1.6512761951523172,0.7279513648365081,2.5548714221544753,1.6918044954137887,-0.13662483426975403,-1.0646918002662225,-0.5454256239766699,2.243374816494967,-1.85133798686084,-1.8697129112664523,0.2638024885416898,-1.0257092285706153,0.12408133374116129,0.10551720563822252,-0.010615114107371936,-0.39771434314548676,-0.3819686083310823,-0.5363722402842841,0.29205785388825667,0.22417816752487937,0
-0.25209852955608386,-1.95731680108381,-0.8790386569529866,0.3052077222492148,1,0,0,1,0,0,-0.016022136491804253,-0.44838528876048395,-0.4128990739419065,-0.21328542728223396,-0.41879934682925535,-0.1800081552811417,-1.6289776051214446,-0.8048166719717267,-0.05335323028959664,-2.1447324461014983,-1.2615276558676025,0.8305228654203736,1.5443656388662648,-1.0123714280414222,-0.5988756584097256,-0.5334431067809773,-1.1533256340242544,-0.682467029145402,0.14025565247345223,0.9936302841201231,1.2535834111426751,0.5046956519894625,-0.4631232241081073,1.7537772118970842,0.9737515146305444,-0.9936302841201231,-0.14025565247345292,-0.9545452942874786,-0.5596729573423944,-1.6069330893092284e-4,-0.2765412700918884,-0.6990401460957827,0.6366201323679207,0.8401159358104279,0.8433273810784847,-0.29429738304996345,0.7229182807808735,0.04820472807728505,-1.0713777112871794,-1.112748180258855,-0.4654068010946016,-0.667477223982284,-1.4418395571298541,-1.266679413303576,-0.7036964187794109,0
0.2619067175886707,-1.41619371568311,-0.4445202009343899,-0.13478617003801185,1,0,0,1,0,0,-0.29363875058271866,-0.3431388425777702,-0.3233468040202586,-0.33075130693893556,-0.02678956531675538,-0.008286160361683923,-0.4919419937152225,0.7307748356921473,0.6866247379538895,-1.602456674963041,-1.8396650570899187,-1.5088626962753136,0.8183851434305103,-0.6702562182039078,-0.4128092478481427,0.6314312180519871,-1.3276542569393697,-1.3661504437671577,-1.2737915754233924,-0.7945777810288902,0.014345201615701882,-1.4165546382036487,-0.3041115397001282,0.848336351461588,1.0578746648576738,0.7945777810288902,1.2737915754233915,-0.6481676444393714,-0.40957446049198204,-0.082039177885424,0.2531992501892221,-0.3064697006802721,-0.9071245641463012,-0.22015379130249568,0.4557501964577793,-0.10826409251941274,-0.3595654154843339,-1.5452039908641146,-1.4545528005187045,-1.3591073362221284,-1.0069464646875115,-0.4771381468814831,-0.6186874509066087,-0.9883334727336057,-1.0129879475475077,1
0.31330724230314594,-0.8493028643109486,-1.6032360836506476,-1.8947617391869185,0,1,0,1,0,0,-0.40720918361991093,-0.194863462596599,0.27793272259651985,-0.5344359849643492,0.6221442316397401,0.26315980556568813,0.42162964121722757,-0.5993580661464574,-2.219525400984119,0.2316001320080315,0.2169130456141686,-1.4489124638350135,-1.3287855987905806,-0.9467954705562627,-1.5192652186371076,0.0015330117731661573,-1.900681205981113,-1.4094015021860093,-2.261586279098367,0.266869946255213,-1.5323131581451026,-0.69932878906693,3.035706106675309,-2.1975597849303257,-1.6580038319651116,-0.266869946255213,2.2615862790983656,-1.0102503215325889,-1.535313186870074,-0.8917264142529749,-0.7545997883943533,-1.381771355514063,-0.5920746260821743,-1.2804235184154193,-0.4301405112466897,-0.790386157798101,-1.2338791701600784,0.19995793940503753,3.5495314005168197,5.3120392818359665,3.376140187517609,-0.9371242498750855,3.291285053653807,3.910555081297868,3.1005893850681794,1
-1.5628119097752085,-0.9008383962538722,-0.8790386569529866,0.5985369837740325,1,0,0,1,0,0,-0.7731583567397526,0.9041187654991407,3.0540530901676037,-0.7537442036337575,2.696949140887986,1.2778400307538385,-0.5621129649690094,0.1548497008631541,-1.21784172467396,1.9354670642321976,1.5970802425479635,1.2448010123241093,-0.8582465047434364,-0.25448337984236313,1.007956763042713,-1.6639750833428306,1.2881577926408136,0.34239310714109034,-1.171446535938352,2.8595865260147466,0.527354966483863,0.7972128840514905,-0.007304050045674069,-1.337375921227385,-1.7420023061458114,-2.859586526014746,1.1714465359383512,-0.6760201580619267,0.04072103005925432,-1.9743419325421714,-2.3050598477537005,-1.8596832021068592,-0.655084613695,-1.4435419379712537,-1.2052948804881005,-1.4104971262332722,0.08453045990652028,0.19995793940503753,-1.262965255902942,-1.0738493661593913,-1.4469474413567518,-1.4922798914190887,-1.4418395571298541,-0.26463402725168356,-1.3841377820692236,1
-1.074506924987691,1.2121184134060021,1.0038746524609323,-0.8681093238500562,1,0,0,1,0,0,0.08492935954125552,-0.4821106693052209,-0.8350740607153893,1.4838940063783854,-2.3793284657363114,-1.5175615063334806,1.2736979943685738,1.0580923003999143,-2.622446363618196,0.41413157979669274,-1.1426291883601165,-0.9867265604727442,0.7784026035968408,1.075618287306646,0.2119028321734756,-0.9005518471542582,0.8347690846486645,0.15121820739896474,0.07195265285990604,-1.417139107414103,-0.6963629473633614,-1.2399852828825537,2.6800042740383287,0.26827768808103636,1.6331090535243589,1.417139107414103,-0.07195265285990675,1.07868820015905,0.26586877533487285,0.20908432283099887,-0.3023822710812103,0.03489590402886805,0.5421051509486824,-0.709509049969999,-0.8177176958673952,-0.35630847989348147,-0.8036612908751883,-1.317574173872486,-0.9071598159022387,0.4432043837197094,0.5330569536548284,-1.5874494299694895,-1.3595243465075295,-1.8790404825575102,-0.6418381130257917,1
0.5189093411610479,-0.05050211919562982,0.27967722576327125,-0.8681093238500562,1,0,0,1,0,0,0.31207022561564,-0.5524687907864826,-0.6687627022894718,0.09513483802329287,-1.1980481613648917,-0.49840935419430304,-0.7194390752325592,0.576013075538295,2.395856976847729,-1.2899859477199533,-0.6044747569612795,0.8063412001903633,1.0946897612414601,-0.6281695103695535,0.33273222784761064,1.6650227974872565,-1.0433171621835933,-0.9688545728203346,0.3871222082195544,0.7158101325491454,0.37273797393408503,-0.45727218159447064,-1.6020294117464398,0.7081523537926483,-0.1600511293335014,-0.7158101325491454,-0.3871222082195551,-0.6481676444393714,0.19081952690966666,-0.30947941282012914,0.5632912620610914,0.08610074473523979,-1.726254403113031,0.9216751455883455,0.7879592118469556,-0.6663639641110671,0.27882240539001907,-0.482931511569848,-0.19554893590083341,-0.9701191952274875,-0.6684841749419423,0.664896315723324,-0.5363722402842841,-0.26463402725168356,-0.08511336124321738,0
-0.7404035143436003,-0.3854830768246345,-1.8929150543297122,-1.8947617391869185,1,0,0,1,0,0,-0.6848257977108253,0.30810988518266813,0.5593827137788417,-0.5986660965007722,1.4531188915305564,0.6996198759859766,0.32433291468879566,0.9955786854004596,-0.5558852522125675,0.5418745491439304,0.7498391166598879,-0.2634471645577645,-1.4021152607609404,-0.6384743141122305,0.5729820450978194,-1.0972435902418447,-0.2695248985533449,-0.21306587526687323,-0.16027754582615011,-0.20034919278067423,-1.08894882476088,-0.7924621554868507,-0.34271022838384246,-0.9992938327682156,-1.1828449330425352,0.20034919278067423,0.16027754582614942,-0.6203151308168162,0.491016520610491,-0.09113678728281299,-0.6383152839424023,-0.6990401460957827,0.8886600828192224,0.18764225758709038,0.2896456887631914,0.015758101167622184,-0.9701972441467586,-0.6346847228976005,0.4704458620491997,0.20981149912292413,-0.21156008378542468,0.1890486229713212,2.0153992890077768,2.073471873536065,-0.08511336124321738,1
0.6217103905899984,-0.7719995663965628,0.5693561964423357,-0.4281154315628296,0,1,0,1,0,0,1.0565875088594558,-0.6641114298311291,-0.6175899766199587,-0.07846005802109372,-1.3714298132983846,-0.4501125431232055,0.31027506487499246,-0.7094559991906457,1.234500632408073,-0.21898263692417708,0.24240994103299782,-0.1652732687280637,-0.2365403652632249,0.17690387646188058,0.8076357587509052,0.33201689304437787,-0.2890831898433204,-0.07521079952286662,-0.7497849732599842,0.5182145811312309,-0.254684761675291,1.7828223972832566,-1.3539587625953298,0.009181472351102778,-0.38857350274341573,-0.5182145811312309,0.7497849732599834,0.41641732068940435,1.149782145676189,0.9510449114624366,0.9982814453813528,0.8200367948598906,0.4895968279379942,-0.22015379130249568,0.13584521867561003,0.8976937007198638,-0.16527347000083534,1.8692432640103136,0.37921369794645543,-0.41256952646850126,-0.38079122865820925,1.1407440084753266,-0.12479618717266176,0.1250502895462747,0.16231986177126023,0
-0.3291993166277972,-0.35971531085317227,-0.8790386569529866,0.3052077222492148,1,0,0,1,0,0,0.21111872958258027,-0.5204878264768181,-0.579210432367824,-0.09871279589293881,-0.8853591711420675,-0.32400420310422867,-0.5444974940767469,0.7929609909287045,-0.535645116926274,-0.4178276640671395,-0.867444208514326,-0.4008247617234083,0.49483827900649785,-0.9578630984653042,-0.3670884504997749,-0.1675972840329442,-1.5539487084373858,-1.6143608522497797,-0.38485180389618157,-0.16498583548630744,-0.1999485017775555,-1.4561049967502864,0.5638257116232028,-0.9764107207878991,-0.448389207391995,0.16498583548630744,0.3848518038961809,-0.8988402670423681,-0.3345252120667762,0.03622974428062242,-0.05689276168264715,-0.6649035856248688,-0.24551969421163483,0.8401159358104279,1.1755363964676604,-0.6663639641110671,-0.3595654154843339,-1.4693273852002382,-0.7338187041070253,-0.3607044410025493,-0.7023304039164997,-0.6992004034990842,0.4514102871836102,0.4033962301162448,-0.9511296417938885,0
-0.6119022025574117,-0.4370186087675581,0.5693561964423357,1.0385308760612593,1,0,0,1,0,0,-0.571255364673633,-0.10182793005939353,-0.4896581624461761,-0.17220130188506247,0.20117437479199465,0.05476800964780448,1.906132596149849,-0.22950785896087098,-0.9693324299268167,1.9129838890456858,0.863522791303049,0.7542336682771786,-0.5626307551697096,1.4036102422358812,0.4879223233032786,-1.2860229291654268,1.1887864802745252,-0.24120641795860864,0.23272740579640636,0.7978685590932831,-1.2480529595514398,0.8037966114723883,0.032780884305820504,-1.4055374943582433,-1.3581130406725705,-0.7978685590932831,-0.23272740579640636,0.8558680911786088,0.04072103005925432,-1.0554833834059623,-1.4652273156007207,-1.0233374705694662,-0.6235796198885869,-0.13859458152457876,-0.26403600355210183,-1.2864749325462383,-1.1089772052064004,1.0346006017076752,0.6711566230752374,0.585833368751077,-0.0592520533999176,0.12560226393772106,0.7806711296729086,1.4054416161681371,0.34789477903211874,1
-0.4063001036995106,0.7225308599482267,0.27967722576327125,-0.4281154315628296,1,0,0,1,0,0,-0.5460174906653681,-0.12799417358548257,-0.2721740783507456,-0.35621189169211226,0.44498297934688336,0.1768516154108565,0.1897005479922917,0.5790356534662459,0.38532921086875704,0.5772448463302896,0.20414697596402587,0.08860314115046242,-0.4372402013547943,-0.5007881360711786,0.48828996828811766,-0.6496466554287254,-0.4023899464936036,-0.9424926907112178,-0.5972369986170187,0.7131765006161427,-0.7641648347623359,-0.3055864351530998,-1.179590176883826,-1.1788235295327913,-1.1855617382104517,-0.7131765006161427,0.5972369986170181,-0.5646101035717058,0.26586877533487285,-0.4732363819731166,-0.7158382869103699,-0.8185181077439823,-0.37153966943728567,0.02452383803125581,0.34501385799472056,-0.4183195767369984,-0.9424412519348303,-0.7105613285614767,-1.4545528005187045,-1.7221629344837932,-1.9546408759751055,-0.4771381468814831,-0.12479618717266176,0.23638866577426285,-1.4459960878228426,1
-0.04649643069818187,-1.3131226517972627,0.5693561964423357,-0.4281154315628296,1,0,0,1,0,0,-0.43244705762817587,-0.19137463012645378,-0.8094876978806327,0.9399633321059743,-1.3801488435131979,-0.8736040253855142,-0.4609146682167055,-1.399271684149356,1.5451356519407984,-1.1213868776332798,-1.385958200610712,-1.0398141120287163,0.715111017563673,-1.1042465423616799,-1.0977458768695516,1.2818783271351533,-1.8509982553893118,-1.6450148098334134,-1.126015323288895,-0.3014141428425148,-0.46243706812527036,0.8208465785192063,-0.8240881036575832,-0.3204968590089169,0.195776753784676,0.30141414284251544,1.1260153232888943,-1.1216603760228097,-1.1600669447440433,-0.7279694450999874,-0.018131260198663828,-0.7502449868021539,-1.6317394216937933,0.02452383803125581,0.6772228733838963,-1.0384305451721696,-0.38732140769626244,0.8828473903799233,0.2788583174334372,-0.2051091846046925,-0.3130987707090945,1.3945294446097283,0.7806711296729086,0.6817421706862145,0.47161139053935697,0
-1.1259074497021662,0.0783367106616796,-0.15484123025532542,-0.13478617003801185,1,0,0,1,0,0,0.6023057767106869,-0.6065456940737333,-0.7583149722111197,0.5175490850646336,-1.7601823609618084,-0.8664489422638701,-0.4112649177090346,0.40114753351781346,-0.30176799299540996,-0.7055470176136084,-1.2146661268590857,1.0818122025082535,1.8282329908456851,-0.6068937551856876,0.9193718183565888,-1.1260421268296212,-1.2578438278588335,-1.889681529718268,-0.39487744041716594,1.8670974549658579,-0.03452720999800773,0.37041892624327816,-0.7190367866627079,-0.2941079053631811,-0.2657807627415945,-1.8670974549658579,0.3948774404171652,-0.5089050763265954,1.0163612595869336,0.381938901381374,-0.28946177058654887,-0.7502449868021539,0.3215701943037938,1.166352774922097,1.5631135810883663,-0.4803306735805153,-0.3318094232724056,-0.1035484832504671,-1.1899795246207467,-1.3202085221226638,-1.3284856399458025,-0.3502454288142823,-1.4418395571298541,-0.8769950965056176,-0.8892713360402683,0
-1.3829100732745436,-0.12780541711001567,0.5693561964423357,-0.8681093238500562,0,1,0,1,0,0,0.6275436507189519,-0.6094530544655209,-0.2977604411855021,-0.3446388986224865,-0.6494342195865163,-0.20236779003627944,1.3883337208466309,2.444419725751252,-0.1803667519764628,1.6439990644924671,0.8416592950324676,0.8893795187318979,-1.0048666975985225,1.4668343474148084,2.473627111346246,-0.36664845588051403,0.9528397964413706,0.4308768815659173,-0.2763926451691775,1.4871304482518777,-0.46486823787224335,-0.8770174486838838,-0.12187894644384345,-1.2761170426181119,-0.673530893149296,-1.487130448251877,0.2763926451691768,1.4686233908748227,2.4422969796658496,0.24092595572185707,0.007709740790658993,0.39332978897346543,0.2270552128845555,-0.8318478646368748,-0.8177176958673952,0.44983577907224165,-0.6093693453916895,-1.0140677512169813,-0.8797901666714156,-0.8015576674631424,-1.1931007240475748,-0.28679906978068154,-0.6186874509066087,0.06938110143228039,-0.5181215015185524,0
0.544609603518286,0.3102466044048362,-1.168717627632051,0.3052077222492148,1,0,0,1,0,0,-0.5207796166571032,-0.1338088943690579,-0.6047967952025805,-0.09003305109071949,-0.1581902790310473,-0.03332895128743818,-1.106250140946542,-1.6739932667176498,0.9629228989636441,-1.057949654525977,0.42173500137737074,1.2691865333778378,0.015739293338943475,-1.2542295791407534,-1.3636729020292344,-0.7526995891254022,-1.5018107774719378,-0.9683773532501382,0.19997699316119485,1.5326843095563485,0.28505633275933834,0.9315107161084749,-2.0727383579907492,-0.059948129051621786,-1.4937081627597801,-1.5326843095563485,-0.19997699316119558,-1.2052179168904753,-1.3101654415944555,-0.2639913658331881,-0.5995537824584191,-1.1086788717467513,0.5736101447550955,0.5138790966987595,0.4557501964577793,-0.728375060954584,0.3620903820258042,1.0346006017076752,0.37921369794645543,-0.8015576674631424,-0.7700228618656133,0.728342674756924,0.28677986593896093,1.3497724280541432,0.7809029193074537,1
0.2105061928741954,-0.6431607365392533,0.5693561964423357,-0.4281154315628296,1,0,0,1,0,0,-0.6722068607066928,0.2877583624401544,-0.5280377066983108,-0.13343177510181614,0.44498297934688336,0.3244252047947655,-0.1822053534885389,0.4472902944815809,1.0120212668684805,0.306408611961209,0.5385980579891072,-0.4226937103088022,-0.7874060972816759,-0.12895710723591072,1.5895388924432186,-0.7360539580574454,-0.27204792458250476,-0.4664812714887828,-0.974766068754056,0.3902573124670771,0.12450855730102452,0.9784452017568215,-2.123130217796967,-0.6836963320514841,-1.1556320221418737,-0.3902573124670771,0.9747660687540554,-0.23037994010104354,1.2415090048625523,-0.43684594438356456,-0.7287587874050313,-0.7843815472730677,0.06953024385249205,-0.46483142063624716,-0.04256332662598434,-0.29429738304996345,0.0012624832707351544,0.7310941790521709,-0.39625969692687113,-1.3720736075886157,-1.4977167848185873,0.8552353928241243,0.6983559190505837,1.0157572993701793,-0.20882997275045564,0
0.8530127518051386,-1.5708003115118816,-0.15484123025532542,-0.8681093238500562,1,0,0,0,1,0,-0.6091121756860305,-0.0727543261415168,-0.2849672597681238,-0.3446388986224865,0.5918732820097946,0.2103910675435631,0.3986445171676119,0.26394910277897826,-0.03593909105609195,0.198283750256129,0.45191307082291465,-1.0018242848343673,-0.7718602026285797,0.30605277500352274,-0.35524549801576394,-1.4629242403563145,-0.046515272243123025,-0.19337389412197709,-0.4019224822967764,-0.9677470132502359,-0.2485205785314063,-0.7181555684850948,-1.4209678362418372,-0.3139923021077349,-0.7763010953840564,0.9677470132502359,0.40192248229677574,0.35452284597261524,-0.25947596364157,0.2636699792153276,-0.5607922809744348,-0.5454256239766699,1.3927399837218248,0.02452383803125581,0.2342775195316623,0.5738579727592754,-0.1375174777889068,-0.5588081172337243,0.4795690784594736,-0.37367071236903754,-0.4654068010946016,1.109020828958526,1.1922471827845313,0.7374113588002092,-0.3944048900113141,0
-0.7661037767008384,-0.02473435322416849,-0.8790386569529866,0.3052077222492148,0,1,0,1,0,0,0.5139732176817596,-0.5902644758797223,-0.34893316685501513,-0.30124017461138985,-0.6590113775404686,-0.22114988323059512,0.39894106992904665,-0.3719170990653977,0.614669498885825,-0.14306072605177952,-0.5885143019069511,1.100065329107635,0.8902670359133786,-0.4670061148465915,-0.1305254746316701,-0.1753641287908084,-0.3675541457787819,-1.5692922360405015,2.110417730215288,-0.5927287050207662,-1.0213642764282573,0.3797103351929266,-1.0164978339096806,-0.1711945878119681,-0.7670110150089043,0.5927287050207662,-2.1104177302152882,-0.48105256270404034,-0.18442671521636386,-0.19121049065408274,-0.25070026910256554,-0.3747428216220998,-1.1906695084040155,2.2266225020350205,1.1201682272361313,-1.1004416420156866,-1.0812212129944723,-0.02767187758659086,-1.0075151964152582,-1.3072422507561756,-1.277716296483967,-0.4771381468814831,0.28677986593896093,0.013711913318286572,-1.2604211705619852,0
0.31330724230314594,0.43908543426214564,-2.327433510348309,-0.4281154315628296,1,0,0,1,0,0,0.9430170758222637,-0.651900516185621,0.8408327049611636,-0.6368569736305372,-0.04975044684507834,-0.009180545751889433,-0.6035263750820329,-0.659648634181347,-2.338972581944631,-1.1192795247188743,-1.0003577424356733,0.6444137581804729,0.7687176102635399,-1.158954445134282,-1.1677822054187166,-2.179879448713472,-1.8481271914735484,-1.4333465469276983,-0.6280087910670794,1.5017549802280383,-0.31879551002199863,-0.2644701256015508,1.006885256379211,-0.3204968590089169,-0.09886986615442499,-1.501754980228039,0.6280087910670786,-1.17736540326792,-1.2351161931692491,-0.8189455390738695,-1.6977963245046235,-2.149843966109628,0.9516700704320475,-0.22015379130249568,0.06817301183707392,-1.1004416420156866,-0.47058938433204756,-0.482931511569848,-0.7885580025686714,-0.2051091846046925,-0.3130987707090945,-1.238494455284687,-1.0302635040182315,-0.48731077970765985,-0.3944048900113141,1
-0.3034990542705592,-1.2873548858258006,-0.15484123025532542,1.0385308760612593,1,0,0,1,0,0,-0.48292280564470574,-0.16869721907050997,-0.822280879298011,1.3913100618213792,-1.4816227148492067,-1.2049738124566554,-0.1270919685641387,0.12405250928777259,-0.6624893494652027,-0.03604890727681506,-0.9371629090329627,-0.13020508704698802,0.9045093193614226,-0.297212818626282,-0.5919071651545686,-1.6277640985114619,-0.49067479438361516,-1.1186060739477313,-0.7076772998718532,0.5242815205937548,-0.12024707036958206,-0.7632255663923347,-0.730100803789283,-0.4378449787398267,0.12625656799669518,-0.5242815205937548,0.7076772998718532,-0.48105256270404034,-0.7848207026180125,-0.9190192424451392,-1.5169093175793655,-1.5865907183395476,-0.024984737566746233,-0.30171300108041293,0.012804842605544792,-1.0384305451721696,-0.19302946221276363,-0.7864379342253526,-0.3050275328241268,-0.62002986833231,-0.7361766328910565,0.8235122133073248,-0.7833178721512579,-0.6543183440496418,-0.1469716669968365,1
-0.4320003660567478,-1.0039094601397194,0.5693561964423357,-1.6014324776621007,1,0,0,1,0,0,-0.8236341047562825,1.6629398277557228,-0.11865590134220637,-0.42275660184246044,2.661596906611085,1.6056322762641575,1.0698761542124269,0.10581780405825071,-0.9303764946243345,1.4628595568749625,1.3296066672496667,1.414805099290723,-0.30615835307505496,0.4801310684565744,-0.3799518418592354,-1.1276456943278939,1.2955624483821344,1.071708395480639,0.4407888507730546,1.4924563972103608,-1.0079475297156393,-0.5258656712599951,0.1386806628851891,-0.6915713390006704,-0.6822391291207892,-1.4924563972103608,-0.4407888507730553,0.6330479821981672,-0.18442671521636386,0.6184767457134681,-0.10857476366129187,0.4103980692089227,1.7077899217859516,0.10608304780917345,-0.09793149585751397,1.3179911348814817,-0.9424412519348303,-0.482931511569848,0.041654690766301246,0.10608132819102022,-0.1777138548108673,-0.2550758902638815,-0.7833178721512579,-0.15329565102369538,0.16231986177126023,1
-1.9483158451337743,-0.41125084279609675,0.27967722576327125,0.5985369837740325,1,0,0,1,0,0,-0.3945902466157784,-0.2169594015741853,-0.6559695208720935,-0.023488340940371298,-0.5265725691785598,-0.14870466662394888,0.8933809572657762,0.6856719110817481,0.6534825809051641,0.8726494157307972,0.6757732872802296,-0.1561940590973542,-0.6419043165911333,1.2696170469306514,0.560140817974015,-0.4963974696605078,1.8264459826096398,1.053387251493559,-0.003877616098807187,-0.20918429502488586,0.026318425469907186,-0.37996944137699934,-1.3921641645127425,0.6321795094312813,0.14988925577807638,0.20918429502488586,0.0038776160988064777,0.6887530094432773,0.04072103005925432,-1.2010451337641732,-1.232658306696819,-0.5795621844475838,-0.7180946013078251,-1.0357458890816678,-1.149926711256571,-1.0384305451721696,-0.16527347000083534,-0.5588081172337243,-0.7155722712864762,-1.2553771652902237,-0.9731002357129547,0.37938770007212164,-0.04248097655033679,-0.15329565102369538,-0.5181215015185524,1
0.2619067175886707,1.5986349029779314,-0.4445202009343899,-0.4281154315628296,1,0,0,0,1,0,-0.29363875058271866,-0.3431388425777702,0.047655457083711085,-0.47194182238836996,0.31881269545167906,0.1008288572433882,0.6165669421632183,1.018866272432807,0.5971086539941699,-0.4692577190338399,-1.143205594248827,-1.405718231514681,0.40479017543454926,-0.6016090906067332,-0.21228326642381073,0.6865141830184306,-1.6247040694691097,-1.5307620719237622,-1.2737915754233924,-0.653901033058197,-1.4584720567720362,-1.6110866501332874,-0.1263869865102422,-0.9770918393342882,-0.008267962451157046,0.653901033058197,1.2737915754233915,-0.6481676444393714,-0.3345252120667762,-0.44594355378095224,-0.04397226118798574,-0.6819718658603261,-1.0961545269847772,-0.22015379130249568,0.4557501964577793,-0.5423417704240322,-1.3865371273256843,-1.5452039908641146,-0.3050275328241268,-0.32180562690308556,-0.6684841749419423,0.5697267771729232,0.36909507656128593,0.06938110143228039,-0.332546584257695,1
-0.8175043014153137,-1.0812127580541053,0.27967722576327125,1.0385308760612593,1,0,0,1,0,0,-0.5333985536612357,-0.12799417358548257,0.07324181991846762,-0.4771496692697016,0.7209712270434818,0.2703148886873322,-0.4349339450540219,-0.1659607336543155,0.5409556283765949,-0.3340128609739397,0.18504413701865227,-0.2948149914323647,-0.13252650759914852,0.40010621470598134,0.33649141211135547,-0.22166875288158833,0.08774798768153193,0.4966393695832343,0.1590389773671773,-0.5598254073642694,1.0045676534902441,0.5648760251342115,-0.9622601851045933,0.538239228986735,0.24430524054878625,0.5598254073642694,-0.15903897736717798,0.27096530510494976,0.19081952690966666,-0.31857702221751816,-0.37990527404917784,-0.32353798091572933,0.3530751881102058,-0.6279498401920818,-0.762349526635866,-0.23228628620644656,0.8339422496285867,0.4275877563966659,-0.24116501795220557,-0.6848612251647502,-0.44848368660732285,0.5380035976561225,-0.5363722402842841,-0.8213259083916238,-0.76555472453303,1
0.33900750466038404,-0.05050211919562982,0.27967722576327125,-0.8681093238500562,0,1,0,1,0,0,-0.23054406556205628,-0.3663977257120716,-0.6687627022894718,0.09513483802329287,-0.776975585135264,-0.3553076917614215,-0.5577127657181606,1.4477425185823938,0.7046744950875203,-1.3209058641994933,-1.258038513527419,-0.1871041161475906,1.175629562070478,-0.41431164360580575,1.1963446284583206,-0.6143247687266657,-1.1970757992589711,-1.7713239638751892,-0.7825353858951971,0.5209213695068188,0.36153786435938756,-0.7886002550764095,-1.5806507888354222,0.5974587336707063,-0.09384140925347276,-0.5209213695068188,0.7825353858951963,-0.6203151308168162,0.5660657690356972,-1.1373618679824566,-1.232658306696819,-1.552454157868633,-1.0646495331783645,0.02452383803125581,0.4557501964577793,-1.2864749325462383,0.3620903820258042,-0.7105613285614767,0.12376363845877164,-0.723760039264214,-0.4654068010946016,1.0455744699249259,-0.4540570296619595,-0.26463402725168356,-0.023255055489598248,1
-0.7404035143436003,-0.6431607365392533,-1.8929150543297122,1.478524768348486,1,0,0,1,0,0,-0.6848257977108253,0.30810988518266813,-0.20820817126385424,-0.37935787783136377,0.9411737387828446,0.5301338445420326,-0.9233512809860808,-0.38976007617486624,-0.2205788314305297,-1.4640245918915398,-0.884582382855491,-0.7973755326480044,0.2246068035677371,-0.5364670087549002,0.7754603903951118,-1.0666095647557574,-0.3083423800729106,-0.14041224486000878,-0.6392523306161405,-0.45352244570481864,0.7479109189235604,1.3117971322457531,-0.7703010971451147,1.6720557467483241,1.0129151929079734,0.45352244570481864,0.6392523306161398,-0.7038726716844818,0.26586877533487285,-1.06458099280335,-1.3747838121380926,-1.39883963574952,0.1325402314653172,-0.5463906304141645,-0.319404172783631,-0.728375060954584,0.5563823275093027,1.0346006017076752,-0.378013264106322,-0.6978274965312384,-0.0592520533999176,0.2207718024881207,-0.04248097655033679,-0.26463402725168356,-0.023255055489598248,1
-0.7661037767008384,-0.9266061622253344,-0.4445202009343899,-1.6014324776621007,1,0,0,1,0,0,-0.596493238681898,-0.08147640731687983,-0.3361399854376369,-0.30529072218575887,0.4950027661987392,0.17327407385003446,0.6395643016468167,0.38985223076070646,-0.4675408913208681,1.0308662384261469,0.6318707111240558,1.3064660683467983,-0.5336998935631101,-0.16137818165003465,1.7795947241331291,-1.3800017507355877,0.2253375212891459,-0.0820279011343533,-0.16027754582615011,1.9408252145294884,-1.050576907804824,1.2476745067927035,-0.7476246114795727,-1.1691929533644467,-0.9015471509612375,-1.9408252145294884,0.16027754582614942,-0.20252742647848845,1.5417059985633763,-0.19121049065408274,-0.8579637923516437,-0.7331767065666972,0.8571550890128092,-0.5463906304141645,-0.5408768497097485,-0.35630847989348147,-1.1089772052064004,0.6552175733882943,-1.0440080620563552,-1.21647835119076,-1.5146398993058652,-0.2233527107470814,-0.8656330827735822,0.013711913318286572,-0.5799798072721716,0
-0.35489957898503444,0.5163887321765315,0.27967722576327125,-0.13478617003801185,1,0,0,1,0,0,-0.5586364276695006,-0.10182793005939353,-0.7455217907937414,0.41628539570540807,-0.5996798670759406,-0.40002696127169696,-0.2346948751746072,-0.7376162826703252,-0.52273321491739555,-0.9586361678526573,-1.0884286295691088,0.26201059010228384,1.7482927932673713,-0.12463602574662365,-0.9882416009480088,0.7196055728981966,-0.5658263591164338,-0.27264598280637753,0.1590389773671773,0.19961827368027837,0.20181408865247805,0.022402755014288508,1.4377280187242378,0.7339918847792187,1.1488247893063834,-0.19961827368027837,-0.15903897736717798,-0.3139374809687093,-1.0850176963188372,-0.8098479296764806,-0.354064273059855,-0.5454256239766699,-1.0016395455655394,0.18764225758709038,0.12354118106860354,-0.9764194483286528,-0.10976148557697851,-0.3311783002420958,-1.0531312784666302,-0.2569742700706454,0.04228663352375219,-1.4288335323854886,-1.6887851889968277,-1.823371294443516,-0.7036964187794109,0
-0.6119022025574117,-0.2051087150244015,0.5693561964423357,0.3052077222492148,1,0,0,0,1,0,-0.571255364673633,-0.10182793005939353,1.6595963156733726,-0.7028230341274041,1.4623727803223954,0.46484371105703043,1.4712757156175558,1.0581168368985554,-1.7925534593451349,2.764715690849804,0.8827184139364537,0.5268788606144588,-0.6410716063288127,1.4007201435768115,0.38913600837833107,-1.3100047656107643,1.207110741962752,-0.11839906509271765,0.4977080171176754,0.22497917377587734,-0.6462616341082574,-1.0624706547714946,1.1340521767603222,-2.538002185224689,-1.2631708126583263,-0.22497917377587734,-0.49770801711767615,0.7723105503109431,-0.10937746679115769,-1.2465331807511142,-1.6202733215366558,-1.176951992688579,-0.655084613695,0.02452383803125581,-0.2086678343205727,-1.4104971262332722,-0.5631093583718088,-0.9381911455531051,0.2879815338437111,0.8494808865363345,-0.3469449996836519,-0.011864847301746482,0.8904247438360077,1.127095675598167,-0.45626319576493324,1
-1.305809286202831,-0.41125084279609675,-0.4445202009343899,0.3052077222492148,1,0,0,1,0,0,-0.785777293743885,0.9419144505923804,-0.5664172509504457,-0.1247520302995968,1.140158331871535,0.8208090963588232,-0.06076777087576787,0.7307620383531773,0.20095048598935436,-0.07007985377556217,0.449444905204485,0.5465545390584396,-0.03345683484114806,-0.44841560796115604,1.257660896416057,-0.5975516682931206,-0.3312936039087502,-0.04452554896021171,0.19997699316119485,0.5471004570796687,-0.3635525273005297,0.2569032462127472,-0.8751878451999597,-0.23383170530984695,-0.6277709211284574,-0.5471004570796687,-0.19997699316119558,-0.4253475354589299,1.1664597564373458,0.00893691608845806,-0.3023822710812103,-0.40887938209301433,0.7311351137871589,0.5138790966987595,0.4557501964577793,0.20179139169817292,-0.5816133531797613,-0.17942508891434333,-1.1534866589796486,-1.3591073362221284,-1.3454087544330806,-0.5405845059150832,-0.37174181903963527,-0.15329565102369538,-1.0129879475475077,1
-0.12359721776989524,0.0783367106616796,-0.8790386569529866,-0.13478617003801185,1,0,0,1,0,0,-0.2810198135785862,-0.3489535633613456,-0.7583149722111197,0.5175490850646336,-1.1334967046989404,-0.6683425783333498,-0.010742964626783156,-0.5119433174300193,0.5996989418902453,-0.22725787051183538,0.07329960260347886,-0.12753180369769435,0.24998422687236416,-0.4910083085531275,-0.7088227348996383,0.016529800069726444,-0.9253403851913716,-0.3765076552138212,-1.2601455701587203,1.0758588642714124,-0.4756713627055621,-0.007424785977404313,-0.8031976886552078,-0.6105409644662698,-0.4628795173506999,-1.0758588642714124,1.2601455701587196,-0.5646101035717058,-0.7848207026180125,-0.5187244289600577,-0.43158727602782254,-0.7502449868021539,-0.08799472517957138,-0.46483142063624716,0.12354118106860354,-0.10826409251941274,-0.6371253376036178,-0.3311783002420958,-0.9801455471844351,-1.1905458084577836,-1.311562525458524,-0.09645999267988113,-0.9479482933959068,-0.5986491559356475,-0.9511296417938885,1
0.544609603518286,-0.6431607365392533,-1.168717627632051,-0.4281154315628296,1,0,0,1,0,0,-0.5207796166571032,-0.1338088943690579,-0.5280377066983108,-0.13343177510181614,0.014518123199654896,2.1050084526841485e-4,-0.9716814430826839,-1.987037458554171,1.0435954436061567,-0.6321136683149994,0.06477336649958508,0.3867508369425401,-0.11491678723486647,-1.2002746931920372,-1.4988311747701903,-0.48966379331614707,-1.2669977543420585,-0.6611801317976559,0.39961991949913633,0.13114384342216406,0.1518463689232573,1.225775103078495,-1.9186948213504496,-0.40238849954573686,-0.7297222592173928,-0.13114384342216406,-0.39961991949913706,-1.17736540326792,-1.4602639384448675,-0.4732363819731166,-0.6383152839424023,-1.05747403104038,0.3215701943037938,0.35076067714292497,0.17890935030013266,-0.8523972546416179,-0.1375174777889068,0.6552175733882943,-1.0075151964152582,-1.709196663117305,-1.7177172731532073,0.37938770007212164,0.2044646553166367,0.29205785388825667,-0.8892713360402683,1
-1.5628119097752085,-0.02473435322416849,-0.8790386569529866,0.3052077222492148,0,1,0,1,0,0,-0.2684008765744537,-0.3489535633613456,-0.34893316685501513,-0.30124017461138985,-0.08883385827611308,-0.035564914762951955,0.2655043419013246,-0.776291137780114,-0.2690340067907265,-0.07720095597433041,0.1658019701735872,0.07237536331894528,-0.17345861751153213,-0.630346459191545,-0.8071455594982674,-1.3850548119687913,-0.20067845746359508,-0.5785320388508104,0.633698674005907,-0.529783266025729,-0.9990250053845021,0.2569032462127472,-1.0240680118762753,-0.09469581229637845,-0.7803746153503722,0.529783266025729,-0.6336986740059076,-0.5646101035717058,-0.7097714541928067,0.1908891040362222,-0.5737127814690962,-0.6136987449184976,0.9831750642384596,0.5138790966987595,0.2342775195316623,-0.4803306735805153,-1.0812212129944723,-0.17942508891434333,-1.1534866589796486,-1.4239386930545688,-1.3623318689203594,-0.635754044465484,0.2044646553166367,-0.04195727479570725,-1.3222794763156045,0
-0.3034990542705592,0.3102466044048362,-0.15484123025532542,-2.334755631474145,1,0,0,1,0,0,-0.48292280564470574,-0.16869721907050997,0.9431781563001896,-0.6461153680862378,1.052841504175957,0.36959166700014373,0.5794568288237448,0.39288516527379536,0.15873442695289205,0.7809080522976493,-0.061513417955863854,-0.17821774677736252,0.049096816016186706,-0.27329826986285816,-0.4697384921710404,-1.8539871261067264,-0.4294857266006388,-1.1217799201596497,-0.7703150826731027,0.5209213695068188,-1.0788252370942997,-1.0098209288022575,-2.080073543179811,-1.4808270932716163,-1.015229299269148,-0.5209213695068188,0.7703150826731019,-0.48105256270404034,-0.7097714541928067,-1.0099953364190213,-1.684875824009962,-1.723136960223203,0.038025250046078915,-0.46483142063624716,-0.1532996650890431,-1.1624527388592034,-1.1367331974183288,-1.1658209625447336,-1.0896241441077272,-1.8388593767821853,-2.1407951353351686,0.7600658542737248,-0.4540570296619595,-0.26463402725168356,-1.2604211705619852,1
-0.4320003660567478,-1.95731680108381,0.5693561964423357,0.3052077222492148,1,0,0,1,0,0,-0.8236341047562825,1.6629398277557228,-0.4128990739419065,-0.21328542728223396,2.3291044393023643,1.4437485206369605,-0.7141557592280432,-1.5532634812447312,-0.24979621747139222,-0.2953818311560996,-0.04575361035406391,0.5884369758261386,0.32585610142343435,0.48353883383106033,-0.5431704759428883,-0.7761912973000011,1.3592760683943939,1.157669279150367,0.07195265285990604,0.7311960875261709,1.4761972730850281,1.5877666151300889,-0.4385176006769371,1.7468766789147174,1.1897206633357733,-0.7311960875261709,-0.07195265285990675,0.38237535959517033,-0.5596729573423944,-0.20030810005147043,-0.5607922809744348,-0.03337721691295973,0.6996301199807459,-0.709509049969999,-0.8177176958673952,0.44983577907224165,0.7506742729928018,0.7310941790521709,-1.4180599348776075,-1.385039878955104,-0.7530997473783346,-0.7626467625326843,-1.7711003996191523,-1.7677021063295222,-1.136704559054746,0
0.31330724230314594,0.2587110724619126,-1.6032360836506476,-0.4281154315628296,0,1,0,1,0,0,-0.40720918361991093,-0.194863462596599,-0.31055362260288033,-0.3388524020876736,0.14328956210353652,0.11200867462095708,-0.41677950974036543,-1.007620037229713,-0.9565115384639115,-0.41863608533018865,-0.03471345034976217,-0.8613393792027596,-0.45887941853586467,-1.2823109512164155,-1.5566387932683372,-0.6244598491486103,-1.9525461088360152,-1.2716816946002263,-2.0761766849861125,0.8843625762614299,-0.7017279396142225,-0.17641644790846553,0.6800613906903068,-1.3705609549017668,-1.196420476439587,-0.8843625762614299,2.0761766849861125,-1.3166279713806959,-1.6103624352952797,-1.2283379619563388,-1.3101813096647865,-1.8596832021068592,-0.2770246880180474,-1.2804235184154193,-0.5408768497097485,-1.1624527388592034,-0.7481493064513315,-0.3311783002420958,-0.5331079430809875,-0.127311556405765,-0.6515610604546642,-1.0481553781838862,-0.20711139779498602,0.23638866577426285,-0.7036964187794109,0
-0.8175043014153137,0.33601437037629844,0.27967722576327125,0.3052077222492148,1,0,0,0,1,0,-0.5333985536612357,-0.12799417358548257,-0.24658771551598904,-0.36199838822692515,0.44498297934688336,0.18132354236188405,0.3162093486341171,-0.5493069351483769,0.008674370291247643,0.787974845480102,1.5525431287908114,0.5295535113422392,-1.357726348609269,0.21016950184381927,0.33085621589122793,-0.37471314424266217,0.0891870592814643,0.6973940497790281,0.1590389773671773,0.5645149086083918,-0.22969790677411242,1.085385501358863,-0.38840872754726574,-0.976066819057279,-1.3375125518543847,-0.5645149086083918,-0.15903897736717798,0.04814519612450831,0.11577027848446049,-0.50962681956267,-0.6124742829530796,-0.5454256239766699,0.5106001571422693,-0.6279498401920818,-0.762349526635866,-0.29429738304996345,-0.49834537654397587,0.4275877563966659,-1.2538420394926681,-1.2294446225572482,-1.4638705558440304,-1.1116017372174867,0.03983423407198747,0.3477270420022505,-1.2604211705619852,1
-0.7404035143436003,-0.9266061622253344,-1.8929150543297122,-1.6014324776621007,1,0,0,1,0,0,-0.6848257977108253,0.30810988518266813,-0.3361399854376369,-0.30529072218575887,0.797502401739376,0.47289317956888,0.3751248810968655,-0.6211978637781038,0.023712099747238088,0.7517576380208132,0.8577447391981166,1.1306852189947638,-0.5419790851126013,-0.6306530474028172,0.28409173685180267,-0.7478965629553784,-7.923193850107228e-4,0.379262641242955,-0.2094031647789695,1.7498032920237159,-1.151761372923983,1.1372104285454439,-0.7839791536151018,-1.0163617199469293,-0.7448340181434281,-1.7498032920237159,0.2094031647789688,-0.8431352397972577,-0.25947596364157,-1.4375829780962672,-1.5298298180740268,-1.4500444764558913,-0.18250970659880966,-0.9541866793037505,-0.983822203561983,-1.0384305451721696,-1.1367331974183288,0.8069707847160468,-0.5331079430809875,-0.8274902101961188,-1.1254082660984612,0.2524949820049213,-0.7010026615289333,0.1250502895462747,-0.08511336124321738,1
0.5189093411610479,1.1605828814630785,-0.15484123025532542,1.7718540298733036,1,0,0,1,0,0,-0.7226826087232228,0.4156822196788119,-0.438485436776663,-0.191296740449945,0.843988333151166,0.46752686722764697,-0.3472857418849474,-0.7089762028619842,0.6814355354454777,0.563900141150592,0.751896005810556,0.19207552245467419,-1.1890451480865252,0.18730194297309447,0.2505487751977025,1.3335160760309672,0.9195461188053907,1.286624887346541,-0.01835909107355938,0.28017642692511974,0.6700591724705621,1.2240863510467865,0.4085098474314733,0.15001347981888213,0.27863714889321517,-0.28017642692511974,0.01835909107355796,-0.09111737198826762,-0.10937746679115769,-0.9463120706373036,-0.19901826712392082,0.17144214591252482,-1.3166894836296663,-1.6882195673050053,-1.8697129112664523,-0.6663639641110671,1.1670141561717275,1.9451198696741894,1.6747104282054248,1.675000163536073,1.6499825098152057,0.9186817518577256,0.6160407084282594,0.848749735028197,2.018069034379841,1
-1.305809286202831,-0.6173929705677911,-0.4445202009343899,0.5985369837740325,1,0,0,1,0,0,-0.785777293743885,0.9419144505923804,-0.5920036137852022,-0.09871279589293881,1.0802736883058934,0.8006854250791992,-1.1851175347907343,0.6783426772116298,0.8130767549479722,-0.8651616233260185,0.27512705003647353,0.11829426272664641,-0.2643895628150266,-0.280453999778563,1.3470943290429622,-0.3184959821857391,0.15371302459637476,0.3709994877744845,0.8164553486475558,-0.6484112087471453,1.3677084489959568,0.4184429139802478,-1.4315609087076446,1.3211967414856258,0.004530150960547564,0.6484112087471453,-0.8164553486475564,-0.3696425082138195,1.0163612595869336,-0.46413877257572894,-0.5478717804797735,-0.4600842227993849,0.16404522527173035,0.2692014673650073,-0.09793149585751397,-0.4183195767369984,0.8061862574166584,-0.02767187758659086,-1.0896241441077272,-1.553601406719449,-1.057715808149347,-0.4136917878478824,0.03983423407198747,-0.26463402725168356,-1.3222794763156045,1
-0.3034990542705592,-0.02473435322416849,-0.15484123025532542,0.3052077222492148,1,0,0,1,0,0,-0.48292280564470574,-0.16869721907050997,-0.34893316685501513,-0.30124017461138985,0.22349099186228139,0.10306482071890198,0.539050479393225,-0.3604593822585072,-0.8749821670772551,-0.21878819512231731,-0.3931807142858545,-1.124813227691001,-0.1576964050811807,-0.23036506420883765,-0.09346962232195695,-1.8887790073820576,-0.40113590035880076,-1.0777959096637368,-0.8901438845537553,-0.651277219968356,-0.979740871388592,0.401105998676677,-0.7019108147951769,-0.1021907556190447,-0.5411037448580478,0.651277219968356,0.8901438845537545,-0.3417899945912644,-0.25947596364157,-0.5369196477548344,-1.3618633116434313,-1.4159079159849774,0.4790951633358572,-0.38327221085833024,0.012804842605544792,-0.6663639641110671,-1.053465220782544,-0.02767187758659086,-1.0531312784666302,-1.2035120798242718,-1.159254495073018,-0.6040308649486834,0.2044646553166367,-0.09762646290970158,-1.198562864808365,0
-0.7404035143436003,-0.8235350983394863,-1.8929150543297122,0.3052077222492148,1,0,0,1,0,0,-0.6848257977108253,0.30810988518266813,-0.5536240695330674,-0.1247520302995968,0.44498297934688336,0.3333690586968206,-0.8319947635060353,-0.01210956526513536,0.017106805520213906,-0.1861629866141793,-0.14513028744059944,-0.06362691607643775,-0.03371647264282302,-0.9352701380550682,0.15871739682618194,-0.48300780478281413,-0.09007155747088125,0.5052788195120974,-0.2645441656443792,0.17559215780023885,0.22239806966055584,0.17562036227050834,-0.5087618389391193,0.16218077012906795,0.6819829042798777,-0.17559215780023885,0.2645441656443785,-1.0659553487776992,-0.3345252120667762,-1.3829973217119373,-1.3747838121380926,-1.3305665148076924,-0.18250970659880966,-1.1173050988595852,-1.149926711256571,-0.9144083514851348,0.16779843654230542,0.12408133374116129,-0.10431677179808911,-0.3477381696360611,-0.2623294272472596,0.9186817518577256,-0.7010026615289333,-0.7099875321636356,0.10046155601764112,0
0.544609603518286,-0.02473435322416849,-1.168717627632051,0.3052077222492148,1,0,0,1,0,0,-0.5207796166571032,-0.1338088943690579,-0.34893316685501513,-0.30124017461138985,0.2980926766839729,0.12989638242506726,-0.08937682950414828,-0.984061949413825,-0.02063844585064141,-0.8415592973333811,-0.47356389633422774,0.0643833815460631,0.7824789588105234,-1.174478182431214,-0.8533567897842114,-0.9015641136511351,-1.5029976213900016,-1.0309726535408028,0.4407888507730546,-0.34935776200978186,-1.049244104332184,0.495781809592274,-0.8777715408378693,-0.35345439538998064,-0.39088787515453927,0.34935776200978186,-0.4407888507730553,-1.0659553487776992,-0.7097714541928067,0.391036510778763,-0.1602567656399366,-0.7331767065666972,1.1722050270769362,1.0032343553662626,0.8433273810784847,-0.29429738304996345,-1.1089772052064004,0.04820472807728505,-1.0531312784666302,-1.2813097080232,-1.311562525458524,-0.1916295312302808,-0.4540570296619595,-0.6543183440496418,-1.3222794763156045,1
0.5189093411610479,0.5421564981479937,-0.15484123025532542,-1.161438585374874,1,0,0,1,0,0,-0.7226826087232228,0.4156822196788119,-0.5408308881156891,-0.1305385268344097,0.6612297027647274,0.4205716342418578,0.9870583711472045,0.7563624665040379,1.5564750886707885,1.504683756687109,1.2836436588628355,-0.4400957256695569,-1.734198998235133,0.22760282423649283,0.39796627996728584,1.092850665243345,0.841944855039789,0.9328939236304079,0.013895103188392356,-0.614019074092617,-1.1451106325302427,-0.6394573392255527,-1.0295440639839084,-1.1978725752526547,-0.7580102808523334,0.614019074092617,-0.013895103188393775,0.0759977097470634,0.19081952690966666,-0.46413877257572894,0.13691474573727128,0.47867119015075044,-1.0646495331783645,-1.2804235184154193,-1.4267675574142176,-0.23228628620644656,-1.0257092285706153,-0.482931511569848,0.4704458620491997,-0.16621037050522874,-0.6177148314801074,1.3945294446097283,1.1099319721622063,0.848749735028197,-0.1469716669968365,1
-0.8175043014153137,0.5163887321765315,0.27967722576327125,0.3052077222492148,1,0,0,1,0,0,-0.6343500496942954,0.0028370440449626386,0.29072590401389814,-0.5384865325387181,1.125690119632789,0.418335670766344,0.9771076816098807,-0.48921127158183186,-1.4007531518172176,1.5793291596981724,1.8263362521193407,-1.022913703066623,-2.5835685516672457,0.54822120832366406,0.3267607334788203,-0.5333391886362912,0.8744889815824946,1.0344986213762037,-1.2550770539175564,-0.15036214763897582,-0.8109158448532374,0.998799552758538,1.3789220344983006,-1.266443500208097,-1.3643400193801734,0.15036214763897582,1.2550770539175558,0.2152602778598393,-0.03432821836595151,-0.9099216330477515,-1.0130097982875779,-0.6649035856248688,0.1010352376589052,-2.0144564064166746,-1.9250810804979817,-0.6663639641110671,-0.8036612908751883,0.8069707847160468,-0.2685346671830286,0.45617065508619664,-0.11002139686175369,-1.6826189685198898,1.1099319721622063,1.127095675598167,-0.76555472453303,1
-0.5348014154856993,-0.30817977891024867,-0.8790386569529866,-0.13478617003801185,1,0,0,1,0,0,-0.21792512855792381,-0.3948898575515908,-0.46407179961141953,-0.165257506043287,-0.312681043827472,-0.1759834210252169,-0.5683865371586498,-0.5452357777597031,2.1394446397560696,-0.29675183671923616,0.10173705535286609,1.0701810521907675,0.864615620407868,-1.0884235237756523,0.01178304679303994,0.8360935904565062,-0.8149016234911785,-1.0730763977260802,0.4073962731842086,1.055548651906717,-0.29718464447191634,0.7601572137025382,-2.0844990685159304,-0.4071499138745619,-1.1799133996350275,-1.055548651906717,-0.40739627318420935,-1.0659553487776992,-0.10937746679115769,-0.3549674598070702,0.11107374474794844,-0.22112829950298704,-1.348194477436079,1.247911984700014,1.1201682272361313,-0.728375060954584,-0.38732140769626244,0.5034643620605421,-0.47836864461934153,-1.4109724216880806,-1.4469474413567518,0.5697267771729232,-0.28942660841731066,0.23638866577426285,-0.45626319576493324,0
-0.4063001036995106,0.8771374557769975,0.27967722576327125,-0.13478617003801185,1,0,0,1,0,0,-0.5207796166571032,-0.11055001123475654,-0.7071422465416066,0.30923520981136965,-0.49445511859747904,-0.32400420310422867,-1.001280306828497,-1.3868816500040424,-0.3674534297722937,-0.9697708655245121,-0.9172001827028037,0.041800824571117924,1.0899400839759819,-0.1381659335591571,0.11126189230058284,-1.1908545022589359,0.079730303053347,-0.55952703742758,-0.43967950362031105,0.4930801176436292,1.2542508676574355,2.014998310330925,-0.6943727809383528,1.389157078616943,0.6461359093307378,-0.4930801176436292,0.4396795036203104,-0.5367575899491508,-0.4846237089171882,-1.7196088694153011,-1.9303653334085251,-1.808478361400488,-0.844114576533476,-0.46483142063624716,-0.319404172783631,-1.4104971262332722,0.8339422496285867,1.413983630027056,-0.7976812189789466,-0.996051737960463,-0.4654068010946016,-0.3185222492974822,-1.1948939252628807,-1.1553410370755877,-0.45626319576493324,0
-0.8432045637725518,-0.9266061622253344,-1.8929150543297122,-1.6014324776621007,1,0,0,1,0,0,0.24897554059497767,-0.5309543238872538,-0.3745195296897717,-0.2705717429768815,-0.5489551756386524,-0.19923744117056014,-0.26379881173378616,-1.3381159613404432,2.708010225219428,-0.8754798326326145,-0.7190989979929231,1.0013098995500722,1.1128877584272,-1.4989233062667007,-0.660688789867207,2.835047703391201,-2.0713728498213473,-1.6516131401865963,-0.49529816032406576,1.856897962536105,-1.130887837056183,1.1747426250155562,-0.8529911658045812,-0.8712210876939611,-0.6776148550204203,-1.8568979625361057,0.4952981603240644,-1.2609229441355856,-0.03432821836595151,2.3925105782041682,3.961382892156994,2.4244551369928486,-1.3166894836296663,2.2266225020350205,2.8919496426450695,2.1241353938472036,-1.1089772052064004,0.8828473903799233,-0.44187577897824326,-0.7885913960966542,-1.0407926936620688,0.3476645205553221,-0.8656330827735822,-0.04195727479570725,-0.08511336124321738,0
0.544609603518286,0.3617821363477598,-1.168717627632051,0.3052077222492148,1,0,0,0,1,0,-0.6217311126901629,-0.005885037130400375,-0.2210013526812325,-0.39093087090098955,0.6988557809517671,0.29759364308860026,-0.6331531069809986,-0.9516180875721946,-0.550420942122964,-0.34747352810006876,0.0492431080676255,0.46527920571725057,-0.008843012150771146,-1.1792000903621587,-0.4812605088772705,-0.8251245972050666,-1.411559037789697,-1.0924154511793926,0.21285636891661422,0.42347698798565403,-0.29782802828640137,0.8240094768299199,-0.07672677838548518,-0.9302634596067947,-1.1305495188783241,-0.42347698798565403,-0.21285636891661494,-1.0659553487776992,-0.3345252120667762,0.43652455776570404,-0.08273376267196997,-0.6307670251539549,1.0146800580448727,1.0847935651441794,1.0648000580046022,-0.17027518936292965,-0.5261013687559044,0.27583454506891375,-1.1352402261590995,-0.996051737960463,-1.2438700675094103,-1.1116017372174867,0.2044646553166367,0.45906541823023866,-1.136704559054746,1
-0.8175043014153137,0.7482986259196881,-0.8790386569529866,-1.6014324776621007,1,0,0,1,0,0,0.13540510755778543,-0.5059510245178798,0.03486227566633282,-0.45747558105133773,-0.07404049060598678,-0.035564914762951955,0.4959697831052601,1.0759959492552196,-0.10082457019514918,0.1172196527883841,0.7330252686969286,0.4104293782413259,-0.5068169672926812,-0.28859386957956584,0.4976093954101638,-0.7205020093339134,-0.7619210012493058,-0.47460528902836213,0.0915777400728132,0.4689510326955308,-0.9780176507370978,-0.9783440397051216,-0.5862044693318262,-0.9138640108878221,-1.4163284402379717,-0.4689510326955308,-0.09157774007281391,-0.3417899945912644,0.340918023760079,-0.30038180342274146,-0.6124742829530796,-0.8526546682148961,0.4790951633358572,0.10608304780917345,0.06817301183707392,-0.4803306735805153,-1.0257092285706153,-1.0899443568808573,-0.8432973010303187,-0.9830854665939747,-1.2269469530221315,-0.794369942049485,0.03983423407198747,0.29205785388825667,-1.136704559054746,0
-0.6119022025574117,-0.7719995663965628,0.5693561964423357,-0.4281154315628296,1,0,0,1,0,0,-0.5586364276695006,-0.08147640731687983,-0.6047967952025805,-0.05820732014924861,-0.07404049060598704,-0.01767720695884177,1.2647576564464338,-1.1790434243017436,0.04307481578795681,0.6635914565792478,0.2172415945843006,0.5827232164692111,0.431855890576381,1.397164263027695,0.33472119340346185,-1.2985474746388423,0.979562731668551,0.012828558112396044,1.133576418281877,-0.3295023237687909,-0.3626462395708624,1.9535904453474884,-1.363799696767994,0.07484839017891826,-0.2699001224557772,0.32950232376879157,-1.1335764182818777,1.07868820015905,0.11577027848446049,-0.5187244289600577,-1.0646918002662225,-0.6819718658603261,0.1325402314653172,0.9216751455883455,0.40038202722625016,-0.8523972546416179,-0.27629743884854874,2.020996475338066,0.3518440487156324,-0.4385020692014777,-0.38079122865820925,1.2041903675089267,0.5337254978059351,0.4033962301162448,0.10046155601764112,1
-0.35489957898503444,1.1605828814630785,-1.8929150543297122,1.7718540298733036,1,0,0,1,0,0,0.5770679027024219,-0.6042198057603031,-0.4896581624461761,-0.15079126470625479,-0.9007660735415657,-0.34815260863977743,-1.3402737562211484,-1.4586213602534697,-0.4180080870766018,-1.2702241220929844,-1.2967478347931853,-0.11833986626187412,1.5285403843317262,-1.0811183170639722,-0.6815963162094871,-0.22087638732520926,-1.5675384779282406,-1.5440201148016541,-0.3243300715034551,0.16026515284228104,0.7834425999244553,1.319195365921681,0.3494715903632802,0.16164651917241069,0.1784005717342881,-0.16026515284228104,0.3243300715034544,-0.9823978079100336,-0.5596729573423944,0.3182556355996563,0.14983524623193267,-0.4942207832702994,0.06953024385249205,1.7372672433675176,2.172163442635189,0.015758101167622184,1.1670141561717275,1.8692432640103136,1.3006585553841723,1.3119445652744073,1.3115202200696365,0.6014499566897238,0.7806711296729086,0.9600881112561845,1.5850608941045057,0
-0.35489957898503444,-1.5708003115118816,0.27967722576327125,-0.8681093238500562,1,0,0,1,0,0,-0.5460174906653681,-0.0843837677086675,-0.7966945164632545,0.9023511046296905,-1.0158679819448961,-0.7622530443049282,0.04721247209216189,-1.1680253857120486,1.6669503509267365,-1.2384073494814305,-0.6239632827602198,1.1669349563611404,1.1865352231126312,-0.14596836989222509,-0.5748476740764106,0.6150918112301699,-0.9216492104714592,-0.7569209606715976,-0.19575715951429745,1.7857096684345772,-0.21149996702662274,1.0272817173979278,-1.6606690218259879,0.7591168533641297,0.07219683140719162,-1.7857096684345766,0.19575715951429676,-0.3696425082138195,-0.7848207026180125,-0.973604898829468,-0.5478717804797735,-0.8526546682148961,-1.1906695084040155,0.02452383803125581,0.12354118106860354,-1.2864749325462383,-0.6093693453916895,0.12408133374116129,-1.8194814569296822,-2.1889487036773625,-1.8531021890514345,-0.4771381468814831,-1.6064699783745033,-1.1553410370755877,-1.198562864808365,0
0.31330724230314594,-0.02473435322416849,-2.327433510348309,0.3052077222492148,1,0,0,1,0,0,0.8673034537974689,-0.6478302116371182,-0.38731271110714993,-0.2375887127284481,-0.8633455347119099,-0.31461315650707083,-0.044532391728568,-1.1084156799585734,-0.6553995958803012,-0.6179734605422565,-0.12774405455053853,-0.14950023758757625,0.10142053862433414,-1.15738393348856,-1.0200319013352073,-1.7613380581035678,-1.4725891745117285,-0.9550321623252254,-0.30025191215747105,0.09388569754642515,-1.0945210145656732,0.49948973952369413,-0.8740216820145055,-0.6253519409436659,-0.7663294972790307,-0.09388569754642515,0.3002519121574703,-1.1216603760228097,-1.009968447893631,-0.30038180342274146,-1.1292943027395286,-1.552454157868633,1.3297299961089997,0.02452383803125581,0.17890935030013266,-0.5423417704240322,-1.0812212129944723,0.27583454506891375,-0.47836864461934153,-0.8274902101961188,-0.9900233502002335,0.09387908442092041,-0.12479618717266176,-0.09762646290970158,-0.8274130302866491,0
-0.6376024649146498,-0.10203765113855341,1.4383931084795292,-0.8681093238500562,1,0,0,1,0,0,-0.24316300256618875,-0.3838418880627976,-0.3361399854376369,-0.30124017461138985,-0.10120453132923703,-0.06239647646911723,1.2656135576523506,2.0152286376954986,-1.0819540621143666,2.4292808024083423,1.2905801867859865,0.8759429334120583,-0.505865109438216,0.7101322833194194,1.751446563854169,-1.079255162838414,1.4947827594764669,0.5307537881648946,0.3210111268130686,0.8763067609369452,-1.0503106501062547,-1.0114038299067905,0.3945200929044935,-1.7996006431686438,-1.159639678931303,-0.8763067609369452,-0.32101112681306926,0.32667033235006016,1.0914105080121401,-0.973604898829468,-1.3101813096647865,-0.767313267037611,-0.2770246880180474,0.10608304780917345,-0.04256332662598434,-0.728375060954584,-1.0257092285706153,-1.0140677512169813,-0.33239718205494984,-0.08841274230630035,-0.7869459763528921,-0.3502454288142823,0.28677986593896093,0.848749735028197,-0.2706882785040748,1
0.08200488108800677,-0.41125084279609675,-0.8790386569529866,0.5985369837740325,1,0,0,1,0,0,0.08492935954125552,-0.48443655761865106,-0.630383158037337,-0.0032356030685261974,-0.9329457166832746,-0.37006505069981244,-0.7340751487568542,-0.6160864185011615,1.6117002493940487,-1.1328071362158525,-0.6586128819778776,-0.7744657470728072,0.15422126159397745,-1.266592900742232,-0.4839031555971221,1.024294010680481,-1.5071203711810202,-1.3251481827971574,-0.7768887630270574,-0.28577009270635834,-0.2448153388958773,0.3608343855791571,-1.1739315350035573,0.03591459707655994,-0.4375202785631636,0.28577009270635834,0.7768887630270568,-1.17736540326792,-0.40957446049198204,0.16359627584405784,0.6795757665130432,-0.01630893667750248,-0.9071245641463012,0.4323198869208419,0.954063719541543,0.015758101167622184,-0.3595654154843339,0.12408133374116129,-0.5604775923118106,-1.0349505520599276,-0.9561771212256767,0.15732544345452057,0.6160407084282594,0.514734606344233,-0.3944048900113141,0
0.31330724230314594,-1.8027102052550381,-1.6032360836506476,-1.6014324776621007,0,1,0,1,0,0,-0.4576849316364408,-0.1541604171115716,-0.5024513438635544,-0.1450047681714419,-0.05671640769503281,-0.006497389581272905,-0.5368191797654641,-0.9784851546671423,0.5832375232093964,-1.8104028444909646,-0.9728205689504398,-1.0521470141015117,0.0878781106301823,-1.3096251830053234,-1.3801368196179875,-0.6919681861900738,-2.478806882664712,-1.9546920849329186,-1.9141354642611406,0.4634132099205562,-0.562101914924461,-0.03958918600662128,-1.4926665267634773,-0.012205027429260192,-0.6436619865316319,-0.46341320992055685,1.91413546426114,-1.3723329986258064,-1.535313186870074,-1.6286327754414192,-1.659034823020639,-2.3034584882287414,-0.7811045889206503,-0.9541866793037505,-0.1532996650890431,-1.658541513607341,-0.43093796688643543,0.1457603639308401,0.5747111924523357,-0.3421811961932803,-0.32276912184468215,1.1815309535683547,0.6160407084282594,0.9680408524153266,0.42742688642962906,1
0.72451144001895,-1.41619371568311,-0.4445202009343899,-0.13478617003801185,1,0,0,1,0,0,-0.25578193957032125,-0.36930508610385926,-0.2977604411855021,-0.333644555206342,-0.04056155627700565,-0.026173868165794107,-0.6162186319500234,0.6375494068290186,-0.3399163058027576,-1.4583077634411425,-1.614483151266851,-0.6443611384620469,1.8617066089406424,-0.8120699103910913,-0.15731537924267763,-1.1427121162138638,-1.191850545590386,-1.2421813119409093,-0.3305796915292576,-0.550966827225982,0.045456322016328765,-1.0326516625373794,-0.6836384967625357,0.7882611072072304,0.8861588873812484,0.550966827225982,0.3305796915292576,-1.038102835155144,-0.7097714541928067,-1.82878018218396,-1.9949678358818312,-2.2181170870514566,-0.8126095827270634,0.10608304780917345,0.2896456887631914,-2.0306080946684437,-0.22078545442469194,-1.1658209625447336,-0.998391980004983,-1.1516469943583196,-0.8207922053274488,0.09387908442092041,-0.7010026615289333,-0.9883334727336057,-0.6418381130257917,0
0.2105061928741954,-1.2615871198543382,0.5693561964423357,-0.13478617003801185,1,0,0,1,0,0,-0.11697363252486404,-0.4280337660179702,0.6745213465352461,-0.6119750385308418,0.47874818337268027,0.14375935597325265,0.3511755712052495,0.6192561387848154,0.842512023418768,1.0825419898251851,1.9837258455971234,1.968300951071534,-0.4704829638284241,-0.005010401875052148,1.0690669207278654,-0.538960838036882,-1.1086687296136917,-1.2216699637286335,-0.3364521793121226,3.018216914537571,-0.4933245148399339,0.22101928800541912,-1.6933458253753066,-2.5617813226741126,-3.7716636949800617,-3.0182169145375717,0.33645217931212196,-0.11896988561082296,0.7912135143113154,-0.4277483349861756,-0.625394783447741,-0.9892009100985523,-0.2140147004052217,0.6769975162545934,0.954063719541543,-0.6043528672675491,-0.933189254530854,-0.6852691266735177,-2.49459947128999,-2.694633286970396,-3.1110536992724667,-2.1267434817550925,-1.30464753942598,0.10649389350827677,-2.5182067208855785,0
-0.4063001036995106,0.8513696898055362,1.0038746524609323,-0.13478617003801185,1,0,0,1,0,0,-0.43244705762817587,-0.17567488401080036,-0.4128990739419065,-0.19708323698475788,0.047689660727268074,0.01720382325917309,-1.1099655854007,1.1679423977580479,1.2605818765204369,-1.0017454211055101,-0.7083503636446399,-0.9609561574722271,0.11080211868050516,-1.1840005552840118,1.0778134930600531,0.04692959392361495,-1.4673388371171616,-1.1944324187548092,-1.3567040124745664,0.03493293508481349,0.36039476187110014,-0.5233076976841289,-1.6760979389258317,-0.10169463643929369,-0.24524061462693453,-0.03493293508481349,1.3567040124745657,-1.0938078624002545,1.0914105080121401,0.20908432283099887,0.2015172482105774,-0.40887938209301433,0.038025250046078915,-0.22015379130249568,0.5111183656893089,0.015758101167622184,0.3343343898138759,-0.482931511569848,0.03253147435602734,-0.840456481562607,-0.8207922053274488,1.3628062650929278,0.4514102871836102,0.514734606344233,0.2860364732784985,1
-0.894605088487027,-0.514321906681944,-0.15484123025532542,-1.6014324776621007,1,0,0,0,1,0,-0.00340319948767178,-0.45768884201420446,0.2267599969270068,-0.5222843422412421,0.15524185001847285,0.0516376607820852,-0.2877779509063333,-1.19066877013762,0.9222203785612438,0.5496610850340318,0.38690554661954357,-0.3705399379714084,-0.9138553022613672,-1.0276904527251673,-1.347378192226595,0.5382356870558584,-0.7865195001085747,-0.22533961598687804,-0.3224700655433951,-0.18555039652161812,-0.6266939454284347,0.28445635896767113,-0.7198311938194248,-1.5224559374511515,-0.7229964358916033,0.18555039652161812,0.32247006554339436,-0.9545452942874786,-1.2351161931692491,0.11810822885711679,0.3824042551358344,0.03489590402886805,-0.024984737566746233,-0.46483142063624716,-0.3747723420151606,-0.10826409251941274,-0.6926373220274746,0.04820472807728505,-0.5878472415426337,-0.840456481562607,-1.311562525458524,0.506280418139323,0.6160407084282594,0.5704037944582268,-0.5181215015185524,0
0.4932090788038099,0.3617821363477598,-0.15484123025532542,1.0385308760612593,1,0,0,0,1,0,-0.1800683175455264,-0.40128605041352367,-0.4001058925245282,-0.21444272658919655,-0.2533647993537721,-0.14289116158761306,-0.9565874395127292,-1.1883195797059647,-1.0488455045117504,-1.707431792958935,-1.7573164570437594,-2.0839870886310936,0.5318675548108369,-0.48858446699782476,-0.4045115722387211,-1.193020197584736,-0.776139990327382,-1.6361141252853215,-1.597201900196122,-1.2582244350408798,0.8419702779535596,1.225775103078495,0.23493669705654377,1.5370230694511273,0.6872504608600938,1.2582244350408798,1.5972019001961206,-0.5367575899491508,-0.4846237089171882,-0.38226028799923456,-0.9096457943302884,-1.1257471519822078,-0.24551969421163483,-0.30171300108041293,0.5664865349208381,-0.35630847989348147,0.41760236644966076,0.6552175733882943,-1.0075151964152582,-0.7496925819971905,-0.1607907403235886,-1.3336639938350878,0.12214944469431245,-0.4316415915936655,-1.0129879475475077,0
-0.9974061379159777,1.2121184134060021,-1.6032360836506476,-0.8681093238500562,1,0,0,1,0,0,-0.1295925695289965,-0.4274522939396127,-0.8350740607153893,1.4838940063783854,-2.204814089375725,-1.475525392993822,-0.26945231425224786,0.06169276018515963,-1.7828526414639791,-0.5388410598079667,-1.3147727177444521,-0.7555690283999374,1.0698949569886216,-1.0159123528153764,-0.46001783084239056,-0.16028731249613268,-0.6343553959593494,-0.6698941315887827,-0.974766068754056,-0.06374491962016399,-0.6404076506386536,-0.5455110138907459,2.276145995789174,0.09892355687250529,1.0552476901468224,0.06374491962016399,0.9747660687540554,-0.9823978079100336,-0.4846237089171882,-0.20030810005147043,-0.25070026910256554,-0.47715250303484213,-0.18250970659880966,-0.46483142063624716,-0.04256332662598434,-0.17027518936292965,-0.8314172830871166,-0.8623145398892288,-1.3450742035954124,-0.17917664187171697,-0.1269445113490324,-1.8729580456206907,-1.5241547677521787,-1.712032918215528,-1.0748462533011267,1
-0.8175043014153137,-0.41125084279609675,0.27967722576327125,0.5985369837740325,1,0,0,1,0,0,-0.6343500496942954,0.0028370440449626386,-0.8478672421327675,1.6806348885620235,-1.8364317992282138,-1.29664831495272,-0.22907233891818157,0.5872680037585107,0.05483072666234881,-0.42981238358221785,0.003699848788925172,-0.7373109158861376,-0.7206037337611404,0.5451383392459024,0.2541589998043048,-0.682428136554245,0.9276861115080749,1.182624784010822,-0.8569681418843172,-0.15567358143258175,0.8632264689101238,-0.5514328587712914,-0.7607299043060647,1.5005264691711653,1.149792937720346,0.15567358143258175,0.8569681418843165,0.1317027369921738,-0.18442671521636386,-1.1646546961746211,-1.2843403086754637,-0.9209277891567239,0.1010352376589052,-2.0144564064166746,-2.0358174189610403,-0.9764194483286528,0.5286263352973745,-0.7105613285614767,-0.7429419205172992,-0.9830854665939747,-0.4146374576327655,0.15732544345452057,-0.7833178721512579,-0.9326642846196119,-0.2706882785040748,0
0.8787130141623758,-0.9266061622253344,-0.15484123025532542,-1.6014324776621007,1,0,0,1,0,0,-0.6848257977108253,0.30810988518266813,-0.3745195296897717,-0.2705717429768815,0.7474826148875222,0.4460616178627148,1.6991586545385429,0.7435668561663162,0.2002686402413789,1.3336984263277765,0.6433362772023798,1.1563685689000895,-0.35800939360078876,1.3484760524321011,2.4887028915675526,-0.6551161549881291,1.21349029973569,0.21611832917317098,-0.31054414497595056,1.8851427108031094,-1.0153400882621393,1.4725590783068483,-0.9321024968510594,-0.5984643221077749,-0.6253711839600133,-1.8851427108031087,0.3105441449759499,0.8001630639334981,1.6167552469885829,-1.0827762115981268,-1.2068173057074962,-0.7502449868021539,-0.8126095827270634,-1.0357458890816678,-1.0391903727935126,-0.9144083514851348,-0.9979532363586869,1.1863538130354276,-0.3597668312857729,-0.7626588533636787,-0.9223308922511192,0.3476645205553221,-1.0302635040182315,-0.26463402725168356,-0.1469716669968365,0
-0.7404035143436003,0.7482986259196881,-0.15484123025532542,-1.6014324776621007,1,0,0,1,0,0,-0.4198281206240434,-0.18381549310780584,0.03486227566633282,-0.45747558105133773,0.4837163364450475,0.2121798383239741,0.2900457339999033,0.8676221266366693,0.5382956091268742,0.3346017297804634,0.6464927045146355,-0.21814368163018816,-0.5687789971977848,-0.3316509968070379,0.3630759385670245,0.254663831737369,-0.2709278139623315,-0.24760733578255933,-0.7703150826731041,0.4664671563038157,-0.7346974219079778,-0.8271170925032988,-0.47995553947634007,-0.7206727328399841,-1.0822125490072492,-0.4664671563038157,0.7703150826731033,-0.233474663836883,0.4826777152299126,0.40518834761914424,0.4814614255949037,0.34591789943052914,-4.808534950914491e-4,-0.1295324471048102,0.25888559474567524,0.8287924820048461,-0.859173275299045,-1.0140677512169813,-1.0622544948769042,-1.112748180258855,-1.277716296483967,-0.857816301083085,-0.28942660841731066,-0.09762646290970158,-1.2604211705619852,1
-0.6119022025574117,-0.05050211919562982,0.5693561964423357,0.5985369837740325,1,0,0,1,0,0,-0.5586364276695006,-0.08147640731687983,-0.3233468040202586,-0.31512776629494077,0.4143599156901133,0.1808763496667813,1.608407936374276,1.315975906015122,-2.3173108296099247,2.209346828325074,1.2874293683989377,1.8678205846217824,-0.45328868959180063,1.2347857859069638,0.20921922475337307,-1.4161175788596565,1.1258616571187308,0.09005226984651979,1.2465662665038717,1.3111552580072139,-1.0027469802776725,-1.596627003743907,1.7447799375538169,-1.8682998830827398,-1.5858027177611431,-1.3111552580072139,-1.2465662665038724,0.7166055230658329,-0.18442671521636386,-1.06458099280335,-1.5298298180740268,-1.1086788717467513,-0.2140147004052217,0.5138790966987595,-0.04256332662598434,-1.3484860293897554,-1.1367331974183288,-1.6969572021918669,-1.582277830262547,-0.6329961396987983,-1.2607931819966884,-2.3488057383726932,-0.4540570296619595,0.18071947766026855,-1.7552876165909395,1
1.1614159000919912,-0.6431607365392533,1.7280720791585935,-0.4281154315628296,1,0,0,1,0,0,-0.4703038686405733,-0.1541604171115716,-0.5280377066983108,-0.13343177510181614,-0.08318337587864583,-0.015441243483327998,0.6546045182676552,0.009226678616731194,1.9427333728122052,0.5961048078212621,0.7863470342469786,-0.1899807038055264,-0.6359259498587485,0.7900119974940865,1.3964990881957284,0.4281948719090456,0.2573071700035908,0.30069188006216996,-0.0741697193470499,-0.18555039652161812,-0.12087283802330197,1.386318224062441,-2.2254870512749596,-0.550157752673807,-0.728722560670704,0.18555039652161812,0.07416971934704919,1.2736557955169365,2.067050737539819,1.555530513644453,1.584010801139329,1.6393142461618264,0.7311351137871589,0.9216751455883455,1.0648000580046022,1.876091006473136,-0.27629743884854874,0.9587239960437993,-0.6608329728248301,-1.605466492185401,-1.6669479296913718,1.0138512904081252,0.6160407084282594,0.5704037944582268,-0.6418381130257917,0
-0.25209852955608386,0.10410447663314094,-0.8790386569529866,-0.13478617003801185,1,0,0,1,0,0,-0.0412600105000692,-0.44838528876048395,-0.7583149722111197,0.5349085746690722,-1.3697820598536676,-0.7582283100490035,-0.3174764207512308,-0.16335008572471377,0.4177115096042321,-0.43481555173148195,-0.1891638953505695,1.0177599033901643,0.9320412710378414,-0.8703165835926533,-0.2089491905510587,-0.8027860214218783,-1.0480906679784894,-0.8146930082265746,0.3041828515459608,1.0864182721050466,-0.42815138441072076,0.014882406913190678,-1.3777481581876128,-0.4518610068282755,-0.5494668269656543,-1.0864182721050466,-0.30418285154596153,-0.8152827261747027,-0.18442671521636386,0.04532735367801011,-0.37990527404917784,-0.7502449868021539,0.6996301199807459,1.0847935651441794,1.009431888773073,-0.35630847989348147,-0.6093693453916895,-0.3311783002420958,-1.0348848456460813,-1.488770049887009,-1.531563013793144,0.12560226393772106,-0.8656330827735822,-0.48731077970765985,-1.0129879475475077,0
-0.020796168340944693,-1.5708003115118816,0.27967722576327125,-0.8681093238500562,1,0,0,1,0,0,-0.36935237260751347,-0.24138122886520175,-0.7966945164632545,0.9023511046296905,-1.3288285416039172,-0.882995071982672,-0.7270638951336128,0.10457828181128732,0.6318228405152027,-0.4965948617716239,-0.47629482658856104,0.7635958196677795,0.6792178246384453,-1.3119774595664844,0.7976659263026307,-0.7030526991045413,-0.4886157950753744,-0.6944308625662975,-0.49529816032406576,1.5326843095563485,-0.299912374159079,0.6555472405123436,-1.5702231496309687,0.1863645623036161,-0.058769975731948726,-1.5326843095563485,0.4952981603240644,-1.3444804850032512,0.19081952690966666,-1.2829236183406676,-1.3877043126327533,-1.467112756691348,-0.655084613695,-0.6279498401920818,-0.4855086804782194,-1.4104971262332722,-0.6926373220274746,-0.17942508891434333,-1.9198368374427013,-2.2278475177768264,-2.0392564484114977,-0.44541496736468245,-1.6064699783745033,-1.266679413303576,-1.5078543935764617,0
0.31330724230314594,-1.3131226517972627,-1.6032360836506476,-0.4281154315628296,0,1,0,1,0,0,-0.4576849316364408,-0.1541604171115716,-0.8094876978806327,0.9688958147800386,-1.3376646092725883,-0.8673433276540756,-0.6515094481709038,-1.9252695120854841,0.01923305885385624,-1.1599543605393667,-0.8359962413571661,-0.6519279575084626,0.27793387982921397,-1.1493829468263255,-1.1594936976468886,-0.5509570177418773,-1.185646376995439,-0.7912208429935458,-0.7768887630270574,-0.11864316273067908,-0.2425101505226299,1.4809374933931903,-0.5799509045028587,0.39135685541983256,0.3143629029449656,0.11864316273067908,0.7768887630270568,-1.2609229441355856,-1.3852146900196616,-1.6832184318257484,-1.6461143225259778,-1.9108880428132304,-0.7495995951142377,-0.8726274695258333,-0.6516131881728072,-1.8445748041378918,-0.22078545442469194,1.413983630027056,0.06902433999712428,-0.24400799870415715,-0.07617516788719629,0.6014499566897238,0.12214944469431245,0.06938110143228039,0.22417816752487937,1
-1.2544087614883548,-0.7462318004251005,-0.15484123025532542,-1.8947617391869185,1,0,0,1,0,0,0.6780193987354818,-0.6175936635625264,-0.7199354279589849,0.3613136786246856,-1.5843167480868459,-0.7542035757930787,0.3943206020294666,0.46044256917903886,-0.839900488703426,-1.1744012519379867,-2.375963900786079,-1.8188968136779189,1.4417855043451808,-0.29371192592070866,0.1177644660414768,-1.3881929694853754,-1.788325030886678,-2.8307488649908867,-2.8889823803873096,0.3844992353771891,-0.8417858916276337,-0.5139980193864843,-0.2468279526226747,-0.18673216294259543,0.3251941300432543,-0.38449923537718983,2.8889823803873083,-0.799367004104671,-0.7204927753964075,-2.426623085440899,-2.5394746424425545,-2.837451827023753,-1.9107836525505915,-1.501798516384052,-0.38268208047680763,-2.5178381412960786,-0.9979532363586869,-0.8623145398892288,-1.4363063676981567,-1.3202085221226638,-1.2946394109712458,-0.4771381468814831,-1.1125787146405561,-1.0996718489615938,-1.0748462533011267,1
-0.5091011531284612,-0.41125084279609675,-1.6032360836506476,1.0385308760612593,0,1,0,1,0,0,0.2363566035908452,-0.5274654914171085,-0.4512786181940413,-0.17220130188506247,-0.6543810384670052,-0.2725770431674119,0.3335015927884965,-0.8660097073298476,-0.3152617889633233,-0.28569890979045043,0.268142849863769,0.9443822765477115,0.3640240076906112,-0.7186275056309055,0.046244859809632714,-0.6107753174455491,-1.65215275775929,-0.7195044725764188,0.1590389773671773,1.1302918680335317,-1.1817862193980981,1.234952586635155,-0.18279686424039868,-1.252285597839909,-1.0510549146661543,-1.130291868033531,-0.15903897736717798,-0.7874302125521474,-0.18442671521636386,-0.6733837887156574,-0.8579637923516437,-1.381771355514063,0.4475901695294441,0.5954383064766764,0.5664865349208381,-0.6043528672675491,-1.1644891896302574,0.8828473903799233,-0.5513543759015367,-0.5551985114998699,-0.9731002357129547,-0.3502454288142823,-0.4540570296619595,0.06938110143228039,-0.7036964187794109,1
-0.9203053508442651,0.23294330649045036,-1.6032360836506476,0.5985369837740325,1,0,0,1,0,0,-0.356733435603381,-0.2745251373315812,-0.7839013350458762,0.65063850536533,-1.2263655233388107,-0.7139562332338307,-0.8072648774961143,0.5697278346867922,0.29474458505071177,-0.6921101224793438,-0.384451492840069,-0.8323737572212676,-0.07980248211953792,-1.069484155482102,1.8882302354943694,-1.032616944585077,-0.29202428627790245,-0.45552081979817827,-1.5457865278175358,0.3978337296906128,0.053905496354024814,1.109618265843672,-1.440606165875874,0.6454298408169414,0.05507834897548659,-0.3978337296906128,1.5457865278175342,-1.0659553487776992,1.4666567501381707,-0.5005292101652823,-0.9225662948249498,-0.972132629863095,0.29006520049738066,-1.1173050988595852,-0.5962450189412776,-0.4183195767369984,-0.16527347000083534,0.6552175733882943,-0.8068044353892204,-1.3461410648556402,-1.057715808149347,0.2524949820049213,-0.7833178721512579,-0.7099875321636356,-0.8892713360402683,0
-0.7404035143436003,-0.6173929705677911,-0.15484123025532542,0.5985369837740325,1,0,0,1,0,0,-0.4198281206240434,-0.18381549310780584,-0.579210432367824,-0.07846005802109372,-0.27820839517963436,-0.08073137696833017,-1.2736304998327224,-0.004892700450854838,1.1529060466155177,-1.2000239931078738,-0.5748424097788292,-1.7972369732557856,-0.6034315306951794,-0.2249930455733,0.23398693788099034,0.07166370742199293,-0.3725881316312444,-0.44665543861031753,-1.0117882743416888,-1.4477375847033576,1.5462038134967204,0.24111836270664797,-1.5040460735670949,1.251702982197002,0.31125118479824426,1.4477375847033576,1.0117882743416882,-0.09111737198826762,0.41596727218528484,0.5729886987265271,0.5245297605771081,0.3421249482670949,0.16404522527173035,-0.22015379130249568,0.2896456887631914,0.9459245538203791,1.0282341951120857,-0.1035484832504671,-0.9071598159022387,-1.4498712357875443,-0.9731002357129547,0.09387908442092041,0.6160407084282594,-0.04195727479570725,-1.198562864808365,0
-0.6376024649146498,0.10410447663314094,-0.4445202009343899,-0.13478617003801185,1,0,0,1,0,0,-0.5081606796529707,-0.13671625476084556,-0.7583149722111197,0.5349085746690722,-0.7871816369767712,-0.518533025473927,0.2832344209057395,0.8544196879942021,-0.9267657051608114,0.16926978793942524,0.07295420083211492,0.4723496000130755,0.25823144036490336,-0.10671302286691046,1.3391440078632204,-2.2473436169193177,-0.1966229827104514,-0.2630351889992536,0.0915777400728132,0.5534028300138731,-0.5004707520471245,0.1688072336330446,-0.9914438362219877,-0.42364054701341075,-0.3516467004964889,-0.5534028300138731,-0.09157774007281391,-0.28608496734615396,0.8662627627365218,-0.7552622732921518,-1.684875824009962,-1.6548638392813753,1.1722050270769362,0.10608304780917345,0.06817301183707392,-0.5423417704240322,-0.6926373220274746,-0.2553016945782196,-1.1717330918001976,-1.4239386930545688,-1.4638705558440304,-0.12818317219668063,-0.7010026615289333,-0.5429799678216537,-1.136704559054746,0
-1.074506924987691,0.3102466044048362,1.0038746524609323,-1.6014324776621007,1,0,0,0,1,0,0.009215737516460692,-0.45768884201420446,-0.4768649810287978,-0.15079126470625479,-0.5402225374866508,-0.23546004947388327,1.511783881334298,1.0055198432635295,-0.2979645082951317,1.2134033679007186,1.347475591077629,0.8889996691095469,-0.9956982743219283,1.0229830462988976,0.23461237919962796,-1.0168010370869962,0.2881629707817494,0.7719629929726446,0.8615353283924961,0.3580292690535297,-1.0800196814751122,-1.1450780099018187,-0.6144595176446747,-1.3534921986938377,-0.9981126500852788,-0.3580292690535297,-0.8615353283924969,0.605195468575612,-0.10937746679115769,-0.9099216330477515,-1.232658306696819,-1.0745423112758372,0.6366201323679207,-0.709509049969999,-1.0945585420250417,-1.2244638357027204,-1.1644891896302574,-1.317574173872486,-1.3268277707748632,-1.385039878955104,-1.7177172731532073,-0.5088613263982832,-0.28942660841731066,-0.15329565102369538,-1.5078543935764617,1
0.23620645523143258,-0.41125084279609675,0.5693561964423357,0.5985369837740325,1,0,0,1,0,0,-0.7605394197356201,0.6511784114136133,-0.8478672421327675,1.6806348885620235,-1.1907743066096708,-0.7980284599131486,-0.8907260466636188,1.0888168329783792,-0.3151143961979248,-0.8438696677440991,-0.9216274226078799,-0.5159908221103877,0.5059407353065316,-0.13732605122208333,1.074075134464884,-1.2044130976798062,0.42184517609385636,0.016670533820563,-0.4633576356367666,-0.2441974779926877,1.101361678244259,-0.4184503824036773,-0.7795470740145357,1.558307934702707,1.2144363186021692,0.2441974779926877,0.4633576356367659,-0.3139374809687093,0.641115017460903,-0.7643598826895395,-1.2068173057074962,-1.0062691903340089,0.19555021907814235,-0.709509049969999,-0.5962450189412776,-0.8523972546416179,0.8894542340524437,-0.482931511569848,-0.323273965644676,-0.6589286824317738,-0.0592520533999176,0.5380035976561225,-0.7010026615289333,-0.8769950965056176,-0.023255055489598248,0
-0.6119022025574117,0.10410447663314094,0.5693561964423357,-0.13478617003801185,1,0,0,1,0,0,-0.5586364276695006,-0.08147640731687983,-0.7583149722111197,0.5349085746690722,-0.6772137489839177,-0.4760497194391653,1.706297478342003,0.06898315413821432,-0.40156384017834357,1.742834119176795,1.1792790741245738,1.8170309942520568,-0.36340335385752026,1.855857002984595,0.5370725792036919,-1.466795375357386,1.8318555936700867,1.0032350918634876,2.056863596346385,0.43824128821613356,-0.51829772903442,0.4433459758544045,-0.9250366730353585,-0.5380198075622249,-0.5536567493542497,-0.43824128821613356,-2.0568635963463855,1.07868820015905,-0.03432821836595151,-1.3466068841223853,-1.7623988269779296,-1.1428154322176651,-0.05648973137315825,-0.13859458152457876,-0.9284540343304539,-1.5965304167638241,-0.6648813298155464,0.04820472807728505,-0.9436526815433369,-1.21647835119076,-1.311562525458524,-0.09645999267988113,-0.37174181903963527,-0.2089648391376897,-0.9511296417938885,0
-1.074506924987691,-1.5708003115118816,1.0038746524609323,-0.8681093238500562,1,0,0,1,0,0,0.009215737516460692,-0.45768884201420446,-0.7966945164632545,0.9023511046296905,-1.7196968677281919,-1.0493507545608967,0.691688614541206,-0.3430033962927712,0.30071427729990696,-0.44538078705343054,0.12037241388429713,0.7145815955286076,-0.06234610695550059,1.0202620593268472,0.14219018137131445,-0.9183845835390807,-7.923193850107228e-4,0.6817947385135148,0.9416775146057242,0.040659774866796713,0.05762397221090055,0.6132259281557618,-1.333974428842074,0.6008950593975165,0.5091498281755135,-0.040659774866796713,-0.9416775146057249,0.438080386840281,-0.3345252120667762,-1.3466068841223853,-1.5298298180740268,-1.4500444764558913,0.25856020669096863,-0.6279498401920818,-1.0391903727935126,-1.658541513607341,-0.3318094232724056,-0.02767187758659086,-1.4727992333392537,-1.7999605626827215,-1.5146398993058652,-0.0012904541294803558,-0.7010026615289333,-0.7656567202776299,-1.198562864808365,0
-0.4063001036995106,0.10410447663314094,0.5693561964423357,-0.13478617003801185,1,0,0,1,0,0,-0.8236341047562825,1.6861987108900243,-0.7583149722111197,0.5349085746690722,1.357548890776926,0.8834160736732087,1.355918720113257,-0.35909949100833793,-0.09956633990707021,1.4800193776760453,1.3982306265697058,0.6241140046146157,-0.7685278685491596,1.254369276641113,-0.3073388450643159,-0.9244387241799421,1.3548863998834269,1.2351387532400053,0.7610291440431215,0.0964376253461319,-0.6320869856013892,0.18499001286141697,-0.7928612431250498,-0.6559285350363374,-0.6118957019475136,-0.0964376253461319,-0.7610291440431222,0.9951306592913848,-0.40957446049198204,-0.4186507255887879,-0.806281790372998,-0.2894014204448148,0.7311351137871589,-0.13859458152457876,-0.4855086804782194,-0.10826409251941274,-0.6926373220274746,-0.02767187758659086,-0.5604775923118106,-0.8534227529290943,-1.0238695791747903,0.12560226393772106,0.12214944469431245,0.18071947766026855,-0.7036964187794109,1
0.544609603518286,-1.5708003115118816,-0.15484123025532542,-0.8681093238500562,1,0,0,1,0,0,-0.7479204827314877,0.5465134373092572,-0.7966945164632545,0.9023511046296905,-0.23279196385273812,-0.27704897011843943,0.30078186759732173,-0.1253828777273841,1.2737167377614924,0.9824207810682922,0.8335035986966859,0.538912008587257,-0.9716796413393097,0.36882718312189267,0.49807521532936144,0.6077140479289054,1.797874691227587,1.5195264605124448,0.11588809585456382,0.6200753015809853,-0.04971673311930445,0.6710527513297883,-1.1305194398340686,0.4555546732643079,0.39992633691415874,-0.6200753015809853,-0.11588809585456454,0.0759977097470634,0.11577027848446049,-0.8826288048555859,-0.4703487775118068,0.22264698661889537,-1.0646495331783645,-1.6066603575270884,-1.814344742034923,-0.4803306735805153,-0.3040534310604773,0.19995793940503753,-1.0257616292358074,-1.3720736075886157,-1.1423313805857394,0.2207718024881207,-0.8656330827735822,-0.7099875321636356,-0.7036964187794109,1
-0.5605016778429365,-0.5400896726534062,-1.168717627632051,-0.8681093238500562,1,0,0,1,0,0,0.7158762097478791,-0.629223105129677,0.009275912831576286,-0.4597901796652629,-0.40144547694766525,-0.1285809953443249,0.39171323067675173,0.05415396337714198,-2.3756431121592785,0.7859701283065739,-0.1656748135819114,-0.15408721467838932,-0.03737962528367952,-0.42268428342464454,0.47793981155855303,-2.473713550499191,0.2587564813029212,-1.2956410543914825,0.2654778184316193,-0.47345425101596506,-0.9670279382742258,0.40446159703824236,0.7617401646107698,-0.8052164392851652,-1.0495559418038372,0.47345425101596506,-0.26547781843162,-0.45320004908148526,0.340918023760079,-0.2548937564358004,-1.4523068151060594,-1.2964299543367779,0.6366201323679207,1.166352774922097,1.1201682272361313,-0.5423417704240322,-0.9424412519348303,0.27583454506891375,-0.2594114507727547,0.15794641365697218,-0.1777138548108673,-1.238494455284687,1.1922471827845313,1.0157572993701793,-0.76555472453303,0
0.2105061928741954,-0.23087648099586283,0.5693561964423357,-0.4281154315628296,1,0,0,1,0,0,-0.11697363252486404,-0.4274522939396127,0.07324181991846762,-0.4765710196162203,0.1515631726913447,0.039563458014310826,0.8531653845202601,0.9731420813706056,-0.36079014175111596,-0.026110461104187105,-0.379883589556075,0.04596787783948349,0.7531975762008515,0.07245795515806919,1.6586445977450452,-0.8273099501774586,-1.0077052935550204,-1.3288254582795906,-0.48326437388376714,0.5419904249708541,-1.113948100475726,0.3259256999964738,-0.3381545041458355,-0.9639497708464893,-0.8034721535325404,-0.5419904249708541,0.4832643738837664,-0.11896988561082296,1.1664597564373458,-0.6915790075104341,-0.9742482968035945,-1.262293393865864,-0.34003467563087314,0.5954383064766764,0.954063719541543,-0.728375060954584,-1.053465220782544,0.27583454506891375,-0.06782390615699217,-0.23104172733766892,-0.5838686025055501,0.15732544345452057,-0.04248097655033679,0.23638866577426285,-0.3944048900113141,1
-0.9974061379159777,1.2636539453489257,-1.6032360836506476,-0.13478617003801185,1,0,0,1,0,0,4.892744358115728,-0.789127926677999,3.181984904341386,-0.7566374519011639,-0.24982998552344465,-0.022149133909869317,-0.5730495193131557,1.818427319096871,-0.42817604191618774,-1.7072506176828062,-2.2009266216069108,-2.30125462873414,0.33038988940856956,-1.2802266388491261,1.6518648455988947,0.608542150016108,-3.5176374423032364,-3.834583208664696,-2.7148097313727666,-0.446121606601945,-0.48234806691075105,-0.8410466232096327,1.196857166466712,-1.1816436313613503,-0.8824117616053874,0.446121606601945,2.7148097313727657,-1.17736540326792,1.6918044954137887,0.3091580262022686,0.5891322630504142,-0.972132629863095,-1.348194477436079,-0.22015379130249568,1.6738499195514247,-1.1004416420156866,-0.31198371454959967,-0.6130056927079216,0.7832418532586102,1.3434340814501646,0.6926177473920254,-0.5405845059150832,2.4975312369385345,2.399534261060888,0.33905787821017314,1
-0.25209852955608386,0.6194597960623787,-1.168717627632051,0.3052077222492148,1,0,0,1,0,0,1.0187306978470585,-0.6582967090475538,-0.15703544559434116,-0.4152341563472037,-0.6584518559109874,-0.18537446762237475,-0.314814800236662,0.4176645723680501,-0.30890158483932845,-0.4519641496553585,-0.6379338595904457,-0.31106610229150666,1.1571457230285165,-0.750859029901918,-0.7623718508134103,0.013115256592786971,-1.0492531467731951,-1.2923438692583005,-0.40749033797582196,-0.020113106998745453,-0.3124918524048935,-1.3369851173689091,0.43545838278493865,-0.4298470514420364,-0.4323769931127555,0.020113106998745453,0.40749033797582124,-0.7595776989295921,-0.7848207026180125,-0.31857702221751816,-0.26362076959722697,-0.6478353053894121,-0.6865896075014126,0.9216751455883455,1.2862727349307197,-0.5423417704240322,-0.38732140769626244,-1.317574173872486,-0.41450612974742024,-0.1402778277722523,-0.29617565622181696,-0.7626467625326843,-0.12479618717266176,-0.15329565102369538,-0.5799798072721716,1
-0.3034990542705592,-1.6481036094262664,-0.8790386569529866,-1.161438585374874,1,0,0,1,0,0,-0.10435469552073157,-0.4326855426448305,0.39307135535292426,-0.5755201103615206,0.33398249952276754,0.11200867462095708,0.10159082970612189,1.7671709424319504,-1.5504532313174004,0.6289612919759057,-0.236415632981091,-1.8498569245637944,-0.3899962359665401,-0.9264600276652568,1.3379516145425343,-0.8967548422282193,-0.7578389482011952,-0.7141823986922939,-1.4375436385994584,-1.097245935753718,-1.0669724651989556,-1.0851670213780298,1.2183693739695365,-1.6011462566863202,-0.3899082064390853,1.097245935753718,1.4375436385994576,-0.9545452942874786,0.9413120111617277,-0.600602913536552,-0.9354867953196102,-1.1428154322176651,0.16404522527173035,-0.5463906304141645,0.12354118106860354,-0.29429738304996345,-0.6556293324115703,-0.4323471077939307,3.02494645692604,3.442735159833941,2.2479325550323788,1.8915259237062645,2.8111129916902473,2.2404794378780473,2.4304577394039706,0
0.08200488108800677,-0.514321906681944,-0.8790386569529866,-1.161438585374874,1,0,0,1,0,0,0.07231042253712305,-0.475714476443288,0.09882818275322415,-0.4904586112997712,0.015572210146187213,0.013179089003248299,-0.8309023996993838,-1.0914793899072799,3.2197493770160777,-1.271014777516494,-0.22878064532676912,0.26953163303872135,0.5775381895099156,-1.074975659377377,-0.47879423457476106,1.1998684801097719,-1.5235102810580365,-1.2349121802942493,-0.9462874490712617,1.3061253713295295,0.08128700039101827,1.018444163003036,-3.1957531529883765,0.20637224998700687,-0.908225344226824,-1.3061253713295295,0.9462874490712609,-1.0938078624002545,-0.6347222057676005,-0.7006766169078218,-0.031051760693324323,-0.6307670251539549,-1.442709458855317,-0.05703537174666111,0.4557501964577793,-0.6663639641110671,0.029018475482663446,0.8828473903799233,-0.14080963743918734,-1.7351292058502814,-1.5654092427677009,1.7434844192945298,-0.6186874509066087,-0.04195727479570725,-0.2706882785040748,1
-0.38059984134227254,0.33601437037629844,-1.8929150543297122,-0.13478617003801185,1,0,0,0,1,0,0.03445361152472564,-0.47106269981642773,1.3141804174041594,-0.6802556976416338,0.582263225824623,0.16343583455777386,-1.0580422149662634,-0.671585512315361,0.9151123043337728,-0.7612197230038301,-0.12060638114114282,0.6744607972554493,0.9920378233527252,-0.9295181202893229,0.7562657746106466,0.23981415624399455,-1.3445852843882302,-1.2402804252149047,-0.025828483428959336,0.9455004604204603,0.5424699018986614,1.6793826431422785,-1.0099990770317806,-0.3049090155474984,-1.0540982319280283,-0.9455004604204603,0.02582848342895863,-0.7595776989295921,1.0663940918704047,0.8802857272605263,0.8834325520954757,0.23212936452748284,0.1745468898738673,1.7735157810465918,1.9814508597265874,0.484286388429751,0.3620903820258042,1.33810702436318,-0.4190677379525572,-0.8469396172458507,-0.8969462205202018,-0.2233527107470814,-0.41289942435079735,0.013711913318286572,-0.6109089601489817,1
0.4932090788038099,0.49062096620506923,-0.15484123025532542,-0.13478617003801185,1,0,0,1,0,0,-0.1800683175455264,-0.40128605041352367,-0.06748317567269331,-0.4395374417934178,0.1044848315739407,0.031066796807358486,-0.7026935645221505,0.2951065029703454,-0.5262694791122651,-0.9307131780044464,-1.3186025690423846,-0.794398598908978,0.7573547281819283,-0.4446430953444044,-0.2723159453777316,-0.844259954157135,-0.7105843245823684,-1.2560103916589402,-1.4375436385994584,0.3422733367180179,0.5328303651276762,-0.6778430727307317,-0.12897182572995008,0.552730206331577,0.48799823471974674,-0.3422733367180179,1.4375436385994576,-0.4253475354589299,-0.25947596364157,-0.009258302706318612,-0.44450777652248397,-0.6819718658603261,0.038025250046078915,-0.38327221085833024,0.34501385799472056,0.015758101167622184,0.5841383197212315,-0.5588081172337243,0.31535118307453414,0.19684522775643593,0.4145951522438788,0.41111087958892223,-0.6186874509066087,-0.5429799678216537,0.2860364732784985,0
-0.9460056132015023,-1.132748289997029,0.27967722576327125,-0.13478617003801185,1,0,0,1,0,0,2.9746659334875916,-0.7583099065250497,0.7001077093700027,-0.6223907322935051,-0.6079663235363695,-0.10219662633326239,0.3528066737423224,-2.2823140366945958,-0.2862169982406428,0.62742916720712,0.3583085304165366,-1.7851221472569658,-1.4430104185430452,-0.22765893824687833,-2.2217518839655783,-1.5989425541087852,-0.4606243493301425,-1.3167993861933436,-2.7148097313727666,0.2578215393996755,-0.718060396778219,0.906845376616113,-1.215514840526095,-1.3043635464170746,-1.7514169444610568,-0.2578215393996755,2.7148097313727657,-0.20252742647848845,-2.0606579258465163,0.08171779126756346,-0.7675202888890147,-0.8867912286858101,0.5421051509486824,-1.0357458890816678,0.2896456887631914,0.44983577907224165,-0.6093693453916895,1.0346006017076752,0.4339529964081015,-0.2958730841701091,-0.7700228618656133,0.5697267771729232,1.3568776040291806,1.6837875567381073,-0.3944048900113141,0
-0.2263982671988458,-0.23087648099586283,-1.6032360836506476,-0.8681093238500562,0,1,0,1,0,0,-0.028641073495936725,-0.45361853746570174,-0.09306953850744984,-0.4302790473377172,-0.05378421060874626,-0.016335628873533507,-0.0385228622081008,1.2218723595952665,0.25731196655976785,0.28661907237415735,-0.5807976044420845,-0.7251474145512683,-0.09272226049082864,-0.9233546726332315,1.2915413797197288,-0.4808245575555883,-0.9420065983206716,-1.7082023544937521,-1.043325708731153,0.04574314950473895,-0.8690381316880749,-0.3832203577759085,-0.8349363880889161,-1.3212814933778918,-0.9126617936547922,-0.04574314950473895,1.0433257087311523,-0.9823978079100336,0.7912135143113154,-0.8280431484712572,-0.9225662948249498,-1.1940202729240363,-1.0646495331783645,0.02452383803125581,0.6218547041523672,-0.790386157798101,-0.8036612908751883,-0.3311783002420958,0.10551720563822252,-0.3477381696360611,-0.8207922053274488,0.8552353928241243,0.9453015509175579,1.0714264874841732,-0.2706882785040748,1
-1.2030082367738797,-0.7719995663965628,-0.4445202009343899,-0.8681093238500562,1,0,0,0,1,0,0.21111872958258027,-0.5233951868686059,0.5849690766135982,-0.5998233958077348,0.19180960457328897,0.06102870737924305,0.42236260647966806,1.2662475310557104,-0.4779657173941735,0.5746549465917556,0.6687385062365278,-0.775228251611223,-1.1188236264460498,-0.2370729826814052,0.2974352252594758,-1.5190075878940144,0.3663761640291534,-0.590805169073436,-0.1227108960387,-0.9356157016516281,-0.8241860167053139,-1.4400003957355596,-0.8730609856760114,-0.4130294265386661,-1.4461990669257452,0.9356157016516281,0.1227108960386993,-0.3696425082138195,0.04072103005925432,-0.6369933511261053,-1.258499307686141,-1.0745423112758372,0.06953024385249205,-0.13859458152457876,-0.09793149585751397,-0.6663639641110671,-0.7481493064513315,-1.317574173872486,0.19674936974096682,-0.2958730841701091,-0.4315605721200442,-0.2233527107470814,1.8507688677631275,1.4054416161681371,-0.45626319576493324,1
-0.8432045637725518,0.3617821363477598,0.5693561964423357,0.3052077222492148,1,0,0,0,1,0,3.2775204215867713,-0.7652875714653401,-0.24658771551598904,-0.39093087090098955,-1.272359137655298,-0.2864400167155973,-0.7579532484984958,-1.142483369850769,0.9922130214266927,-0.5530446713794819,-0.08875942374145289,-0.06147060074005542,0.5547045089780497,-1.225059649940414,-1.0525622703380608,1.7439027140128138,-1.3905493054306688,-0.6164636177577528,-0.2548898489945435,0.16895808102739213,-0.17011272511791845,0.5136605034990813,0.3960656066230088,-0.6317172164158101,-0.48646513989078355,-0.16895808102739213,0.25488984899454276,-1.130944547230328,-0.9349191994684248,0.23334461455736732,1.1274864503279651,0.4217769226992267,-0.8756195703398886,0.8673023390697335,1.1201682272361313,-0.06692336129040147,-0.4150773999081907,0.04820472807728505,-1.0896241441077272,-0.7496925819971905,-0.9223308922511192,-1.0798785577006862,-0.20711139779498602,-0.15329565102369538,-1.0748462533011267,0
-0.4063001036995106,-1.6481036094262664,1.0038746524609323,-1.161438585374874,1,0,0,1,0,0,-0.4198281206240434,-0.17567488401080036,0.39307135535292426,-0.5755201103615206,0.7052083239296482,0.30966784585637464,-0.14565605736737486,1.6784040046684061,-1.0929907310269595,0.04916169422598457,-0.6979606996523304,-1.9443455746700342,-0.5005466720605267,-1.0466452984952337,1.3872611900540024,-0.2607994211273172,-1.297415645792337,-1.3050968996412864,-1.6504213207283431,-1.0149876916124754,-0.8432573565801557,-0.9139343632446493,1.2320766778874281,-1.3529094225890228,-0.3667900131529259,1.0149876916124754,1.6504213207283416,-1.1216603760228097,0.7161642658861095,-1.1373618679824566,-1.077612300760884,-1.4500444764558913,-0.8756195703398886,-1.1173050988595852,-0.5408768497097485,-1.4104971262332722,-0.47058938433204756,-0.36911660307403377,2.2722811030783996,2.7512006869545798,1.8107520974443516,1.1248824187169264,2.4681329474305618,1.9621334973080773,1.8634232699957924,1
0.7502117023761872,-0.6173929705677911,-1.6032360836506476,-0.4281154315628296,1,0,0,1,0,0,-0.0412600105000692,-0.4448964562903387,-0.5664172509504457,-0.09292629935812594,-0.674606707329013,-0.27034107969189813,-0.3721013302406194,-1.8215622226509802,1.1655652866297135,-0.728175497747778,-0.7646549529063263,-0.7592166547204832,0.26294708845593595,-0.688644692355545,-0.7961830281341722,-0.8581942896787879,-0.7632235847517992,-1.3061052787878524,-0.8569681418843172,-0.18555039652161812,-0.1706697048984739,1.7025526371724882,-2.4557692906764537,0.2269186776358712,-0.28106870347887253,0.18555039652161812,0.8569681418843165,-0.8988402670423681,-1.0850176963188372,-1.5103638532753727,-1.6331938220313174,-1.7743418009295742,-1.033144539371952,-0.5463906304141645,-0.2086678343205727,-1.5965304167638241,-0.3040534310604773,1.2622304186993043,-0.5969704579529088,-1.6702978490178413,-1.4977167848185873,1.2359135470257274,0.2044646553166367,0.1250502895462747,-0.45626319576493324,1
-0.7147032519863632,-0.35971531085317227,-0.15484123025532542,-1.8947617391869185,1,0,0,1,0,0,-0.48292280564470574,-0.1407865593093483,0.5593827137788417,-0.5986660965007722,0.8953620644795246,0.3543871153666501,0.6961588311495165,0.396705207984253,0.09636909978628004,1.0862446299910116,0.9384256208158326,-0.010472714298691298,-1.446551357764046,-0.07109583818761334,-0.04808002969077426,0.1901665287360953,0.0059676044740112014,-0.19268062955131715,-0.19575715951429745,0.17986603418274572,-1.0390639249186817,-0.5926558660162138,0.05935923399786082,-1.4615290420144953,-1.4081143998761594,-0.17986603418274572,0.19575715951429676,-0.06326485836571254,-0.03432821836595151,0.04532735367801011,0.13691474573727128,0.13730558544161034,-0.34003467563087314,0.02452383803125581,0.12354118106860354,0.139780294854656,-0.9424412519348303,-0.482931511569848,0.2879815338437111,0.2746428559553643,-0.3469449996836519,-0.15990635171348128,1.6038232358961542,1.9064643091940836,-0.08511336124321738,1
0.544609603518286,0.4648532002336079,-1.168717627632051,0.5985369837740325,1,0,0,0,1,0,-0.571255364673633,-0.05821752418257845,2.6702576476462556,-0.7439071595245756,1.6843419531540629,0.5301338445420326,-1.2000525838196598,-1.7630236922650075,0.2585813067752236,-2.0585310841838385,-0.6561881280089137,1.383609201783363,1.3470196680259297,-0.9919122369250863,-0.2074404528173162,-0.6834687454650298,-1.1086687296136917,-0.7601177257883547,0.49320743187182114,1.3979208031972914,0.6775953105299783,2.2119960547350064,-1.040309484604601,1.6816057551755905,0.11096968953671252,-1.3979208031972914,-0.4932074318718218,-0.8988402670423681,-0.10937746679115769,0.2909628074074919,-0.12149526415595328,-0.5454256239766699,0.8886600828192224,1.0847935651441794,0.8986955503100138,-0.23228628620644656,-0.19302946221276363,0.5793409677244183,-2.448983389238618,-2.435307859640635,-1.870025303538713,-1.8095116865870906,-1.853415610241477,-1.6563637301015341,-2.3120123683735136,1
-1.9483158451337743,-1.132748289997029,0.27967722576327125,-0.13478617003801185,1,0,0,1,0,0,-0.4576849316364408,-0.14718275217128118,0.7001077093700027,-0.6223907322935051,0.9121467969650147,0.3678028962197327,1.3640887578277627,0.271824357149925,0.5013677781573962,2.272001373239083,2.6351627018076758,0.08092817250074931,-2.4036142486156953,1.2165375849649511,1.2254674937864751,-0.5504105815900605,1.6053186223058102,1.6733565064744433,-0.27639264516917894,0.3844992353771891,-0.6812486024897738,0.8545589724590008,-1.23849610176503,-1.4775208117437717,-1.792133635830185,-0.38449923537718983,0.27639264516917894,0.7166055230658329,0.641115017460903,-1.028190555213798,-1.1163738022448682,-0.5283573437412127,0.1010352376589052,-1.3619827281933365,-1.4267675574142176,-0.5423417704240322,-0.5538573609678327,1.0346006017076752,0.5525548097416701,-0.21807545597118072,-0.7700228618656133,0.7600658542737248,1.2745623934068555,1.6837875567381073,-0.332546584257695,1
0.2105061928741954,-1.2100515879114147,-0.8790386569529866,-0.4281154315628296,1,0,0,1,0,0,-0.7100636717190902,0.39533069693629824,0.20117363409225028,-0.518233794666873,1.3817826883586657,0.7045389956321069,-0.16206038593007832,0.48865651392828363,-0.7171768921484322,-0.1362861273408662,0.028938550678115335,0.3044565682473126,0.5274411283395752,-0.5022167062286833,0.9755148728799047,-2.37109051294155,0.1442947754309373,-0.6066515165474149,0.1039844044028122,0.312111980532898,-0.2764601038017747,0.3065529838841871,-1.4023124612738944,0.32719399488369383,-0.6298986639467262,-0.31211198053289735,-0.10398440440281291,-0.3974950218363748,1.0914105080121401,0.427426948368315,-0.9354867953196102,-0.8355863879794388,1.865314890818015,0.9216751455883455,0.954063719541543,0.015758101167622184,-0.3595654154843339,0.12408133374116129,-0.43275256256796935,-1.047916823426415,-0.8715615487892844,0.09387908442092041,-0.12479618717266176,0.013711913318286572,-0.45626319576493324,1
0.3647077670176212,-0.41125084279609675,1.0038746524609323,0.3052077222492148,0,1,0,1,0,0,-0.4703038686405733,-0.14543833593620858,-0.5280377066983108,-0.10739254069515815,-0.08318337587864583,-0.028857024336410634,0.9862676688627344,0.9799923775492623,0.5954179688132023,1.1446496382925897,1.365476830116283,1.3583867511988863,-0.5684407924532132,1.1900584857352372,1.6643981343057996,-0.2650393860075404,1.5000546054851884,0.7976488609057851,1.8468548856747633,0.020989325180847843,-0.1823367850554558,0.3222872201311799,-1.0802953326243085,-0.05891934568063077,-0.9964378917754031,-0.020989325180847843,-1.846854885674764,1.050835686536495,1.4666567501381707,-0.13662483426975403,-0.25070026910256554,0.3421249482670949,-0.18250970659880966,0.8401159358104279,0.012804842605544792,-0.728375060954584,-0.6093693453916895,-0.4070549059059717,-1.9107136210324267,-2.033353447279506,-1.9207946470005486,-1.3336639938350878,-0.04248097655033679,-0.04195727479570725,-1.8790042280981787,1
0.7502117023761872,-0.7204640344536393,-1.6032360836506476,-0.13478617003801185,1,0,0,1,0,0,-0.0412600105000692,-0.4448964562903387,-0.5024513438635544,-0.13748232267618515,-0.5451168139911332,-0.23590724216898604,-0.4067938559966356,-0.045865455466895674,-0.8573264833939027,-0.5483098801164279,-0.8266411964524767,-0.15902318893766987,0.6365575855995126,-0.5907876783650793,-0.46932504885069354,-1.1692571687997713,-0.5947482886921069,-1.1481429431865033,-0.7703150826731027,0.5471004570796687,-0.024651327959770902,-0.4072077540971539,-0.0029966685056105977,0.15098905180762737,-0.046264075191990744,-0.5471004570796687,0.7703150826731019,-0.7874302125521474,-0.7848207026180125,-1.2920212277380552,-1.594432320547333,-1.689000399752289,-0.6235796198885869,-0.46483142063624716,-0.1532996650890431,-1.3484860293897554,-0.05424950115312168,-0.4070549059059717,-0.08607033897753999,-0.07544647093981212,-0.008482709938082702,-0.2233527107470814,-0.37174181903963527,-0.15329565102369538,0.16231986177126023,1
-0.4577006284139859,0.5421564981479937,-0.15484123025532542,-1.161438585374874,1,0,0,1,0,0,0.7537330207602766,-0.6327119375998222,-0.5920036137852022,-0.055314071881842175,-1.1907743066096708,-0.4438518453917669,1.7279426154569137,-1.0851228537317943,-0.020058415379681834,2.1371274784429017,2.099778681066444,-2.3866328730396713,-2.938597921347532,1.4007201435768122,-1.5146705462003653,-0.8303680367040445,2.0959107308884533,2.1113114210504698,-2.7148097313727666,-0.5625673488356443,-1.0031632062999856,-0.027998531382781442,-0.8070192707144667,-0.808852144247828,-0.6685304548415777,0.5625673488356443,2.7148097313727657,1.6078859589875987,-1.3101654415944555,0.7185504490847379,0.13691474573727128,0.9907195972144606,1.9598298722372534,-2.666930084640012,-2.478762772813275,2.00011320016017,-0.9424412519348303,-0.02767187758659086,0.0051618251252043045,-0.41256952646850126,-0.685407289429221,0.6331731362065233,1.0276167615398821,0.793080546914203,-0.5181215015185524,0
-0.7404035143436003,-1.95731680108381,-0.4445202009343899,0.3052077222492148,1,0,0,1,0,0,-0.5586364276695006,-0.06112488457436613,-0.4768649810287978,-0.14384746886447933,0.19286792820551132,0.06415905624496233,-1.1554832623885654,0.19338394737129014,-0.6021798452948535,-0.8081779009819214,-1.2027771177339897,0.04293167277717651,0.9250265247520426,-0.4326455779783393,1.6238169770252209,-1.277934380778538,0.15796346821324206,-0.3492394599609556,0.1590389773671773,-0.09917924017331377,1.1744332401240158,1.361278664147664,-0.46100078749827605,1.248430076013778,1.222704801517506,0.09917924017331377,-0.15903897736717798,-0.3696425082138195,1.6167552469885829,0.21818193222838655,-0.4961897785011287,-0.40887938209301433,0.8886600828192224,0.5954383064766764,0.5664865349208381,0.015758101167622184,0.77843026520473,0.8828473903799233,-0.7703115697481222,-0.8663890242955825,-0.38079122865820925,0.09387908442092041,-0.7010026615289333,-0.8213259083916238,-0.3944048900113141,0
-0.2263982671988458,0.20717554051898904,-1.6032360836506476,-0.8681093238500562,0,1,0,1,0,0,-0.028641073495936725,-0.45361853746570174,-0.7327286093763631,0.39603265783356295,-1.2332585408502867,-0.6549267974802672,-0.2930027556592615,0.11048763702787098,1.343112332888863,-0.9475649699187422,-0.7594450465898219,-0.623878194718274,0.3167903706874614,-0.9023978632550944,1.1824791798508127,-0.5662663881405336,-1.2798352428335469,-1.709030124287143,-0.8989374548998709,0.04065977486679812,-0.4942378481126911,1.032933934848125,-2.405122663147522,0.011036423862666258,-0.6812195255228108,-0.04065977486679812,0.8989374548998709,-0.9823978079100336,0.641115017460903,-0.9554096800346926,-1.0646918002662225,-1.4329761962204342,-0.8756195703398886,0.18764225758709038,0.7325910426154264,-0.9144083514851348,-0.47058938433204756,0.9587239960437993,-0.0039613912850709025,-1.2424108939237355,-1.159254495073018,1.489698983160128,0.6983559190505837,0.793080546914203,-0.20882997275045564,1
0.3647077670176212,-0.41125084279609675,0.27967722576327125,1.0385308760612593,0,1,0,1,0,0,-0.23054406556205628,-0.3954713296299483,-0.438485436776663,-0.17220130188506247,-0.2579521151823943,-0.1710643013790866,0.6806083242821445,-1.2369403630960034,0.6774153049000112,0.7068408446950557,1.1629057407292496,1.2116902186961618,-0.7389867052433543,-0.0838442516945657,-0.172172317493029,0.9035399611578505,-0.45054531806997183,0.23145822577265412,0.2567889334467663,1.3979208031972914,-1.0301786311444643,1.525261019141843,-0.018078891443396274,-1.4016494046233143,-1.2858605095999531,-1.3979208031972914,-0.25678893344676695,-0.3974950218363748,-0.5596729573423944,-1.301118837135444,-0.7158382869103699,-0.8355863879794388,-1.1276595207911904,-0.9541866793037505,-1.149926711256571,-1.3484860293897554,-1.1089772052064004,0.8069707847160468,-1.1808563082104715,-1.0090180093269512,-1.4131012123821949,-1.016432198667086,-0.9479482933959068,-0.4316415915936655,-1.5078543935764617,0
0.544609603518286,0.7482986259196881,-1.168717627632051,-1.6014324776621007,1,0,0,1,0,0,-0.571255364673633,-0.05821752418257845,-0.054689994255315046,-0.4401160914468991,0.7118913981583822,0.29535767961308645,-0.11522407061150564,0.4705555941073733,-0.0666599836137178,0.07839876642651143,0.24118030751071212,1.2348904607625397,0.5824117887678938,-0.8681183191058373,0.18529354169808848,-1.273771005040344,-0.5072462471922685,-0.533175713585222,0.5834470145228646,1.1055876586338,-0.7071917206742356,-0.46022931791097244,-1.1888905873354918,-0.6088883713014216,-0.8340885218859873,-1.1055876586338,-0.5834470145228654,-0.8709877534198129,0.04072103005925432,-0.3640650692044592,-0.9354867953196102,-1.05747403104038,0.6681251261743327,0.758556726032511,0.5111183656893089,-0.790386157798101,-0.8314172830871166,-0.7105613285614767,-1.0257616292358074,-1.3980061503215924,-1.4977167848185873,-0.15990635171348128,-0.7010026615289333,-0.26463402725168356,-0.9511296417938885,0
-0.4063001036995106,1.2121184134060021,1.0038746524609323,-0.8681093238500562,1,0,0,1,0,0,-0.4198281206240434,-0.17567488401080036,-0.8350740607153893,1.4665345167739468,-1.856688079225452,-1.2684751751612464,-0.18436218241679522,1.3526969212262496,-1.8362027390271658,-0.8909292999511804,-1.4048841577308093,-1.7435151204103376,0.3810932554795268,-0.883771478296442,1.0798911246110998,-0.19565814251297242,-1.091252536893571,-0.7822435277523895,-1.9287998281276544,-0.4649864905896614,-0.6266939454284347,-0.7748077536105472,2.313533093379817,0.12152067063560457,1.0627096571056678,0.4649864905896614,1.9287998281276544,-1.0102503215325889,0.41596727218528484,-1.264728399545891,-1.1551353037288514,-1.4500444764558913,-0.7180946013078251,-1.5251011477491712,-0.983822203561983,-1.3484860293897554,-0.6926373220274746,-0.8623145398892288,-0.5878472415426337,0.5987996401175653,0.6176725260912207,-1.4922798914190887,-0.7833178721512579,-1.0440026608476,-0.3944048900113141,1
0.7502117023761872,-1.95731680108381,-1.6032360836506476,0.3052077222492148,1,0,0,1,0,0,-0.0412600105000692,-0.4448964562903387,-0.4768649810287978,-0.14384746886447933,-0.4997003826642363,-0.23098812252285572,-1.5047714831650165,-1.085375627581131,-0.4426335828754604,-1.1401480083720312,-1.261072929588886,-1.2255059290410426,0.2690604003817565,-0.7567113192514321,-0.3144104494073662,-1.2721752406825184,-0.3723744032346181,-0.5254091645072413,-1.1128149709452282,-0.567767582660665,1.336324343401797,1.1747426250155562,-0.6733184926698702,1.1710263191148087,1.1264967841837896,0.567767582660665,1.1128149709452275,-0.8988402670423681,-0.6347222057676005,-1.1828499149693978,-1.5556708190633497,-1.5865907183395476,-0.08799472517957138,-0.9541866793037505,-0.5962450189412776,-1.0384305451721696,0.917210226264372,0.7310941790521709,-0.7611883533378483,-0.9571529238609991,-0.4992530300691578,0.2524949820049213,-0.37174181903963527,-0.6543183440496418,-0.45626319576493324,0
-1.9483158451337743,-0.41125084279609675,0.27967722576327125,1.0385308760612593,1,0,0,1,0,0,-0.4576849316364408,-0.14718275217128118,-0.438485436776663,-0.17220130188506247,0.05144053786971456,0.01988697942978962,1.5757922745026949,0.07318626188335291,-0.3342915385968308,1.7786177875840647,1.5158356314060795,1.4085323679705612,-0.3472467437678511,1.4244674577334988,1.0948784838340413,-0.6073201872474241,1.3683009016923156,1.4515657105743363,0.5274811195133241,1.3979208031972914,-0.7678664169538891,0.9963747886391907,-0.15331048635337782,-1.0460141324934473,-0.5534891683056141,-1.3979208031972914,-0.5274811195133248,0.911573118423719,0.5660657690356972,-0.9645072894320803,-1.0905328012555453,-0.5795621844475838,0.16404522527173035,-0.709509049969999,-0.983822203561983,-0.4803306735805153,-0.9424412519348303,0.27583454506891375,-1.4363063676981567,-1.2813097080232,-1.531563013793144,-0.7309235830158842,-1.3595243465075295,-0.9883334727336057,-1.4459960878228426,1
0.544609603518286,-1.0296772261111817,0.27967722576327125,-0.13478617003801185,1,0,0,1,0,0,0.29945128861150755,-0.5524687907864826,0.21396681550962854,-0.5188124443203543,-0.05671640769503281,-0.023937904690280336,0.2071946430318871,-0.0702818972294127,1.0400692986450253,0.06806326838980932,-0.07231015071844143,0.7991365202169213,0.602286675354985,-0.8940756109027077,1.0739557333426781,1.1129548159127094,-1.3782472727357158,-1.6454014885793455,-0.31054414497595056,1.3979208031972914,-1.1814590106550837,1.172329387340659,-0.30339731673650616,-1.458595487465903,-1.5124075647905153,-1.3979208031972914,0.3105441449759499,-0.9266927806649233,0.7161642658861095,-0.600602913536552,0.020630241285320403,-0.5283573437412127,-1.7892643907258567,0.5954383064766764,0.8433273810784847,-1.0384305451721696,-1.1367331974183288,0.9587239960437993,-0.2776578835933038,-0.38663698373552574,-0.9054077777638412,-0.3502454288142823,-0.28942660841731066,0.45906541823023866,-0.5181215015185524,1
-1.0488066626304537,0.8771374557769975,1.0038746524609323,-0.13478617003801185,1,0,0,1,0,0,-0.25578193957032125,-0.3815159997493675,-0.42569225535928473,-0.19708323698475788,-0.21028456945682905,-0.14110239080720205,0.5188426208462495,0.2535902670184279,0.5270417531615077,0.32260272520204447,0.8755153257487718,0.9703277215858739,-0.599262534976265,0.9825553274456033,-0.10467811064297217,-1.150991235729647,0.20081944483144884,0.7021294293377521,0.8615353283924961,0.4689510326955308,0.2602944117708761,-0.4529248332023955,-1.877118923311704,-0.23668634526776056,-0.45272007333758396,-0.4689510326955308,-0.8615353283924969,0.6330479821981672,-0.3345252120667762,-0.7461646638947628,-1.168055804223513,-1.040405750804923,0.8886600828192224,-0.709509049969999,-1.0945585420250417,-1.1004416420156866,0.25106641317809053,-0.4070549059059717,0.06902433999712428,-0.9182541097615345,-0.939254006738398,1.4579758036433286,0.03983423407198747,0.29205785388825667,0.2860364732784985,1
-1.074506924987691,-1.596568077483343,-0.15484123025532542,0.3052077222492148,1,0,0,1,0,0,0.009215737516460692,-0.46117767448434965,0.764073616456894,-0.6275985791748366,0.4096646236195608,0.13034357512017,-0.862375209995219,-0.5084059887692941,0.03022772134660393,-0.2729736034408994,0.025835933671637314,-0.6786386535145779,-0.5644477313465812,-0.655406895584195,1.5976735898201029,-1.139623225236364,0.8014943429156381,0.19107781053979705,-0.40749033797582196,-0.5214382267650228,0.5442788743947282,2.2983175043594835,-1.186533744233147,1.1635177979962659,0.15296231260108217,0.5214382267650228,0.40749033797582124,-0.6481676444393714,1.391607501712964,-0.16391766246191838,-0.7158382869103699,-0.3918111018575571,0.5421051509486824,-0.5463906304141645,-0.4301405112466897,0.139780294854656,0.27882240539001907,1.717490052682561,-0.6882026220556532,-1.1386807229918314,-0.685407289429221,-0.09645999267988113,0.03983423407198747,-0.2089648391376897,-0.8892713360402683,0
0.8787130141623758,0.1298722426046032,1.0038746524609323,-0.4281154315628296,1,0,0,1,0,0,-0.21792512855792381,-0.3966342737866634,1.390939505908429,-0.686620843829928,0.8304151273826553,0.22559561917705676,0.1591325488391659,-0.9942909456292215,1.399367574041028,0.2826569594095607,0.3970392789838198,-0.3606819395747335,-0.8518590077312413,-0.43922175728326796,0.2253975437717087,0.42712111456924934,-0.6540144354463365,-0.9986181996243273,-0.3593320018427697,-0.1355460428462847,-0.6601428875619438,1.5904938380057374,-1.4837668240664816,-1.0303608354914888,-1.4911268147325754,0.1355460428462847,0.359332001842769,-0.5089050763265954,0.04072103005925432,-0.46413877257572894,-0.18609776662925942,-0.42594766232847037,-1.1276595207911904,0.18764225758709038,0.40038202722625016,-0.9764194483286528,-0.6926373220274746,1.2622304186993043,-0.41450612974742024,-1.0738493661593913,-1.3454087544330806,0.2207718024881207,1.3568776040291806,1.4054416161681371,-0.9511296417938885,1
-1.2544087614883548,-0.30817977891024867,-0.15484123025532542,-0.13478617003801185,1,0,0,1,0,0,0.3751649106363024,-0.576890618077499,-0.46407179961141953,-0.1450047681714419,-0.7553907937739843,-0.3316064789209755,0.24668489821272196,-0.7002346944114936,0.7617070533935021,-0.5942275169248815,-1.0445874441502,-0.20959650439801292,1.1856394861144406,0.051118492932979216,0.08689817180358408,-1.2214881160700386,-1.331595996431231,-2.4368147411847416,-1.9106051544414244,1.6090502964931452,-0.2919443601132264,1.0481467744100423,-2.268756816111805,-0.5176247569325596,-1.0210604701890387,-1.609050296493146,1.910605154441423,-0.5158682047322343,-0.6534845178739019,-2.1699405345860177,-2.285679097011709,-2.5082778510542254,-1.7813881422742535,-0.9337968768592713,-0.12561558047327853,-2.340663578886029,-0.49834537654397587,0.5034643620605421,-1.0257616292358074,-1.87775819088165,-1.90387153251327,0.4428340591057229,-1.1125787146405561,-0.5429799678216537,-0.8892713360402683,0
0.8787130141623758,0.9802085196628456,1.0038746524609323,-0.8681093238500562,0,1,0,0,1,0,-0.6217311126901629,-0.011118285835618183,0.27793272259651985,-0.5327000360039053,1.0784271873547575,0.4031311191328503,2.5795724815791186,-0.5179277187744477,0.0269654453056566,1.5798400475395347,1.1881225271700355,1.6315802391632854,-0.5456348862642552,2.6132754108255134,1.1173791396307866,-0.8691344869789033,1.7075666889589631,0.7915009847648274,1.8985991410323173,0.3422733367180179,-0.9758043301804589,1.8302379410359881,-0.9102590074840036,-0.4410680826275548,-0.7718708163118181,-0.3422733367180179,-1.898599141032318,2.137083717816147,0.7912135143113154,-0.5187244289600577,-0.8579637923516437,-0.22112829950298704,-0.024984737566746233,0.6769975162545934,-0.1532996650890431,-0.5423417704240322,-0.9146852597229018,1.717490052682561,0.023408257945752128,-0.4514683405679659,-0.5838686025055501,0.37938770007212164,0.5337254978059351,0.793080546914203,-0.08511336124321738,1
-0.3291993166277972,-0.8235350983394863,0.27967722576327125,-0.8681093238500562,1,0,0,1,0,0,2.1544350282189813,-0.730399246763888,0.15000090842273722,-0.5095540498646537,-0.7344913508946546,-0.16793395251336732,1.5649928906389912,0.13627129896208126,0.9009319196292049,0.9558245988202596,1.5000330077388837,-1.8232938502367377,-2.5508766864528303,1.7129466788065755,0.841656040090987,0.2169903653991318,-0.020156684606166455,0.9522007229666901,-2.147135912362408,-0.3572520928766799,-0.4646045721560184,0.6561159101558298,-1.0135497247760257,-1.3112443917605543,-1.0204777004800438,0.3572520928766799,2.147135912362407,1.0972565425740868,0.3159016076183434,-1.070646065734943,-0.8105886238712191,-0.7730026937827631,-0.14050304819025958,-2.3950660520469547,-2.2019219266556282,-0.6870343297255728,-0.5261013687559044,0.4275877563966659,-0.44187577897824326,-0.8663890242955825,-1.2607931819966884,0.4428340591057229,0.8629863402952329,0.7374113588002092,-0.8892713360402683,0
0.44180855408933456,-1.9830845670552713,-0.15484123025532542,-0.4281154315628296,1,0,0,1,0,0,0.6780193987354818,-0.6222454401893867,3.732091705288651,-0.7658958463568646,0.7100603061363888,0.11335025270626534,0.4907602094942992,-0.11959833321770331,-0.46954614114785553,0.3717823402210088,-0.37419630045466207,-0.5060446249719096,0.2609676058811378,-0.28742429157145283,0.9872253791716976,-0.741964925638922,0.3536017086696835,-0.17975984493185576,-0.6862106428504532,-0.009609152108405178,-0.9696049832509848,1.1531331785630667,-0.10371789060450642,-0.15162855484355672,0.31097301605482897,0.009609152108405178,0.6862106428504524,-0.11896988561082296,1.2415090048625523,0.7367456678795146,0.2015172482105774,0.3421249482670949,0.7941451013999841,-0.38327221085833024,-0.09793149585751397,0.7598912632898273,-0.8406692804910928,1.33810702436318,0.561678026151944,0.4172718409867329,0.3299795798074865,0.939830538202259,-0.48149543320273464,-0.5429799678216537,0.5747085667953888,0
-1.1516077120594044,-0.05050211919562982,-1.6032360836506476,-0.4281154315628296,1,0,0,1,0,0,-0.20530619155379135,-0.3966342737866634,0.6489349837004895,-0.608503140609954,0.5539373534252008,0.16522460533818487,-0.3893095976673726,1.3452423134153482,-2.31270488297778,0.05283909910556833,-0.8534338583987421,0.29458296885100255,1.0167570235840233,-1.0099714906719766,0.622895615606821,-1.431231631158614,-1.4157756082051396,-1.5998332396988026,0.14187142235678196,0.2610696854503818,-0.46780714094550063,-1.2223841392069772,1.7232952892407447,-1.4752410719896192,-0.4524199626269879,-0.2610696854503818,-0.14187142235678266,-0.9545452942874786,0.5660657690356972,-0.018355912103706302,-0.7545997883943533,-1.2110885531594928,0.6681251261743327,1.247911984700014,1.2862727349307197,-0.728375060954584,-0.38732140769626244,-1.0899443568808573,0.3062279666642602,1.1822818516095268,0.4145951522438788,-0.5723076854318833,0.28677986593896093,0.45906541823023866,-0.023255055489598248,1
0.2619067175886707,-1.776942439283576,-0.4445202009343899,0.3052077222492148,1,0,0,1,0,0,-0.5838743016777656,-0.05531016379079078,1.582837227169103,-0.6970365375925912,1.474129520485224,0.4961471997142233,-0.3359338631268985,0.48679052657975647,1.176054687603432,-0.48842998751798006,0.15504536825741183,1.4488975712115972,0.5853148750075003,-0.5549713165028963,-0.39846038406785916,0.24014646968112893,-0.5869501811695583,0.004489362110764764,0.6912331826893902,1.2905668235553296,-0.08739658620724781,-1.0673041402525156,-1.3663821136268561,0.07782764996779751,-0.19718358391341856,-1.2905668235553303,-0.6912331826893908,-0.6481676444393714,-0.5596729573423944,-0.6733837887156574,-0.4574282770171454,-0.6478353053894121,-0.2770246880180474,-0.05703537174666111,-0.3747723420151606,-0.9144083514851348,0.08453045990652028,-0.853883805926576,0.7441423543574326,-0.144599918227749,-0.10250001264518552,1.6095421057791517,-0.7558794686104828,-0.23370670052168696,1.1245601734942279,1
-0.5091011531284612,0.33601437037629844,0.5693561964423357,-1.6014324776621007,1,0,0,0,1,0,0.8799223908016013,-0.646667267480403,-0.5152445252809326,-0.12764527856700325,-1.075614346514656,-0.3986853831863887,-0.22012057066238416,0.06396681422613593,-0.3887144148496628,-1.781958612258515,-1.3122107798185385,-0.5055915943765656,0.8342147624171702,-1.373529645514345,-0.9328604144223374,-1.2744384827469166,-3.762564763155841,-3.1390550548551555,-1.4375436385994584,0.7361716451058063,-1.0663316261569287,-1.022315544621471,-0.7493021416724444,-1.3235836891637787,-1.3587380130217324,-0.7361716451058063,1.4375436385994576,-1.038102835155144,-0.18442671521636386,3.2658810803534357,1.8165798100432309,-0.20406001926752979,3.220029624493761,2.2266225020350205,3.8885766888125977,2.620224168595341,-1.1644891896302574,-1.2416975682086098,-1.4180599348776075,-1.5147025926199844,-1.8192559600768776,-0.794369942049485,-0.4540570296619595,-0.15329565102369538,-1.6934293108373202,0
1.135715637734753,0.7225308599482267,-0.4445202009343899,-0.4281154315628296,1,0,0,1,0,0,0.6906383357396142,-0.6251528005811743,-0.16982862701171944,-0.4053971122380218,-0.5424022651652037,-0.16748675981826458,-0.3511937746567414,0.5327602921039295,0.927161450758402,-0.4530683323487775,-0.26234457508310627,-0.1580207862476858,-0.16278198851134712,-1.3537440322531813,0.724362027073822,0.08524488991038069,-1.5592974923021221,-1.369959374212479,-0.11424993887936329,-0.1022098070627286,-0.8643015936834298,-0.005580243285887892,-1.1817978699051066,-0.9341066139980679,-0.9964378917754031,0.1022098070627286,0.11424993887936258,-1.17736540326792,1.1664597564373458,1.2007237471463126,1.06719078135288,0.2909201075607231,0.5736101447550955,1.9819448727012692,2.282899781098247,0.9459245538203791,-1.0812212129944723,-0.6346847228976005,-1.9107136210324267,-2.0722522613789707,-2.1915644787970034,-0.826093121566285,0.36909507656128593,0.3477270420022505,-2.064579145359036,0
-0.04649643069818187,-0.9008383962538722,-0.8790386569529866,-0.13478617003801185,1,0,0,1,0,0,-0.6595879237025604,0.09296521619038045,0.047655457083711085,-0.4702058734279261,1.0574936589268187,0.4348818004851459,1.160106830009573,0.551563207512955,-1.4480627662119867,1.3871143867092668,0.4045279664378585,0.3513819023022206,-0.03081996870220026,0.5331981083642325,-0.5921240308140385,-1.6924178332526032,0.7405563097766604,-0.2132617800610131,-0.4194329849395745,0.895231533445257,-1.0803915198638836,-1.3502146675174729,0.2788336055363772,-1.13957908727989,-0.7341147887088366,-0.895231533445257,0.41943298493957376,0.577342954953057,-0.4846237089171882,0.2727675886127153,-0.6770767854263857,-0.3747428216220998,1.0776900456576979,-0.22015379130249568,-0.04256332662598434,0.139780294854656,-1.053465220782544,-1.317574173872486,-0.3415203984652251,-0.1532440991387405,-0.5838686025055501,-0.3502454288142823,-0.7010026615289333,-0.3759724034796717,-0.6418381130257917,1
-0.48340089077122306,-1.880013503169424,-1.6032360836506476,-0.8681093238500562,0,1,0,1,0,0,0.17326191857018283,-0.5187434102417455,-0.3617263482723934,-0.28503798431391375,-0.48424906675597507,-0.17866657719583343,0.16560564556218577,-1.0605684264598827,0.12479301774532306,-0.5602592033076617,0.12345645309951805,-0.37762787544527976,-0.32822238095420775,-0.7530215603513908,-0.4902551563334803,-0.24252449228528156,-1.6985077507985462,-0.5245197693708927,0.19997699316119485,-0.7133741297612541,-0.98268895196332,0.9645365957707828,-0.4143099616225322,-0.927337172048863,-0.6725909007296217,0.7133741297612541,-0.19997699316119558,-0.8152827261747027,-0.6347222057676005,-0.6642861793182697,-0.6770767854263857,-1.2452251136304073,0.3845801819166189,0.5138790966987595,0.4557501964577793,-0.6043528672675491,-0.9701972441467586,0.7310941790521709,-0.3688900476960481,-0.5162996974004062,-0.8207922053274488,0.09387908442092041,1.1099319721622063,0.793080546914203,-0.7036964187794109,0
0.4161082917320974,-0.8493028643109486,-0.8790386569529866,-1.8947617391869185,1,0,0,1,0,0,0.5013542806776271,-0.594334780428225,0.23955317834438508,-0.5257562401621299,-0.1489403307090426,-0.05076946639644561,0.21959292038393854,-0.714666751354171,-1.639910431589875,0.407346396378611,0.2346370224235041,-0.44037646138788916,-0.45897873479114437,-1.0120624159429157,-0.8123650312876888,0.0915796056302676,-1.1387615032121705,-1.2299623824803778,-1.1820904200447964,0.5717619163874261,-1.3165901425207034,0.16709308962843172,2.3338411690629415,-1.6794751150902778,-1.5058584944643234,-0.5717619163874261,1.1820904200447957,-1.0102503215325889,-0.8598699510432187,-0.45504116317834126,-0.3411437725651945,-0.7502449868021539,-0.7180946013078251,-0.30171300108041293,0.2896456887631914,-0.728375060954584,-1.071969215590496,0.8322629866040054,1.945365848376901,3.161799280226701,1.9658806469110703,-1.2807920279737544,1.8507688677631275,2.5188253784480175,1.8118746818677758,0
1.2385166871637046,-0.5916252045963298,1.0038746524609323,-0.13478617003801185,1,0,0,1,0,0,1.48563136699996,-0.6989997545325811,0.5210031695267069,-0.5917223006589967,-0.3620330281733111,-0.08028418427322742,1.3460720019384507,0.31379794474338296,-0.35627395258825817,1.690565129406615,1.6355996091043186,0.6079700601393582,-1.7771229781570816,0.5719723264297963,-0.06991374422494842,0.11769752059396413,0.6996508549434859,0.9210229144221844,-0.27639264516917894,1.103321510226331,-1.3002378764967684,-0.5007355812597458,0.6053130859275314,-1.5900826124517171,-1.2271599835358848,-1.103321510226331,0.27639264516917894,0.4102278732177254,-0.18442671521636386,-0.3640650692044592,-0.25070026910256554,0.03489590402886805,-0.024984737566746233,-1.3619827281933365,-1.4267675574142176,-0.23228628620644656,-1.2477571662660425,-0.5588081172337243,-0.33239718205494984,0.015317428625603584,-0.6177148314801074,-0.7309235830158842,0.2044646553166367,0.9044189231421907,-0.1469716669968365,0
-0.4063001036995106,-0.8235350983394863,0.5693561964423357,-0.13478617003801185,1,0,0,1,0,0,-0.8236341047562825,1.8461035324383461,1.1734554218129984,-0.6692613542254894,3.3254438732669964,1.9370020633352987,1.5528099930294603,-0.20320101958493175,-1.0261931134234292,1.2448356701913237,1.1223189990739342,0.017879035596799174,-1.8658081718777861,1.2452467639052036,-0.3095193352923605,-0.912715306425982,1.64748604065778,1.4162773397507722,1.0713719007766844,-1.0381887348318,-0.9149842006948058,-0.031169898967220038,0.4856495026931124,-0.048073723911288814,-0.07635049920220335,1.0381887348318,-1.071371900776685,0.8837206048011639,-0.4846237089171882,-0.6733837887156574,-1.0000892977929163,-0.3918111018575571,0.4790951633358572,-0.30171300108041293,-0.762349526635866,-0.4183195767369984,-0.6093693453916895,0.5793409677244183,1.8845444056417364,1.9083930481328573,1.7684443112261554,0.728342674756924,3.908649133321241,3.353863200157928,2.018069034379841,1
0.544609603518286,-1.0554449920826439,0.27967722576327125,1.0385308760612593,1,0,0,1,0,0,0.29945128861150755,-0.5524687907864826,-0.2721740783507456,-0.37704327921743863,-0.45311471984441287,-0.13350011499045522,-1.6592014985071302,0.8971802191677868,1.5442575052742378,-1.2536922669338622,-1.7021013513139436,-0.3924787920572038,1.6787274298408936,-1.071894732631444,1.0979032763855463,1.2343181947615907,-1.3989386082823634,-1.5199984370616044,-0.2548898489945435,-0.28249761283093816,1.236135486021966,-0.13155260633229085,-0.8706809941000567,0.3064937940641131,0.7288324886638226,0.28249761283093816,0.25488984899454276,-1.0659553487776992,0.7912135143113154,-0.4823339913705056,0.188596747715916,-0.3918111018575571,-1.6947494093066184,0.4323198869208419,0.6218547041523672,-1.0384305451721696,0.9727222106882286,-0.2553016945782196,-0.41450612974742024,-0.7756251247301669,-0.6177148314801074,0.9186817518577256,-0.9479482933959068,-1.1553410370755877,-0.6418381130257917,0
-0.7918040390580765,-0.9008383962538722,-0.4445202009343899,-0.8681093238500562,1,0,0,1,0,0,0.551830028694157,-0.6036383336819455,1.2885940545694028,-0.6796770479881525,0.2674696130272021,0.06102870737924305,0.24444175288557415,0.39986805965713845,-0.9700947956533247,1.2131032719711978,0.1392481941953089,2.013908405542459,0.5973652599157474,-0.02245639383341797,0.7754603903951123,-1.9229041993103115,0.5620248706874451,-0.3708767595665403,-0.1934532884955867,2.9385954840048787,-0.3623403718821526,0.22800773494258092,-0.6061811921067027,-1.081530016447473,-0.5431184426813234,-2.9385954840048787,0.19345328849558602,0.10385022336961848,0.9413120111617277,0.5365982611369737,-0.6124742829530796,-0.3747428216220998,1.487254965141063,0.2692014673650073,0.40038202722625016,0.5118468759157585,-0.6291950541144954,-0.2878202398627378,-1.3932969189068625,-1.4350526399401293,-1.6766182808269594,-0.35930919439051084,-1.853415610241477,-0.9406170257787538,-0.721370220423302,1
0.10770514344524394,0.1298722426046032,-0.15484123025532542,-0.13478617003801185,1,0,0,1,0,0,-0.7226826087232228,0.4621999859474147,0.4570372624398156,-0.5836212055102586,1.5932534985120261,0.806498930115535,-0.5694955240139001,-0.658996420198661,-0.0025012520922791217,0.1754675030644287,0.7553230748103346,1.1442940589445991,0.09913899784470502,-0.5935399725394336,-0.25218918155936476,-0.4414651348580253,-0.537139567179587,-0.41100009333710347,-0.01835909107355938,1.5788889403080233,0.19883924210625467,0.6518556820614358,-0.4402105903944247,-0.7696636765351613,-1.3832185863962754,-1.578888940308024,0.01835909107355796,-0.6203151308168162,-0.3345252120667762,-0.32767463161490584,-0.4961897785011287,-0.6649035856248688,0.1325402314653172,0.10608304780917345,0.12354118106860354,-0.4183195767369984,0.05677446769459199,0.4275877563966659,-0.43275256256796935,-0.5811310542328463,-0.8207922053274488,-0.6992004034990842,-0.7010026615289333,0.013711913318286572,-0.3944048900113141,1
-1.5628119097752085,-1.596568077483343,-0.8790386569529866,0.3052077222492148,1,0,0,1,0,0,-0.785777293743885,1.0320426227377981,0.764073616456894,-0.6275985791748366,2.2649518176425247,1.278734416144044,-0.39895644579012196,-0.8240494336722102,-0.1369672761837949,-0.8473626298297091,-0.050297366889179455,-0.7020648508067153,-0.14886723886037562,-0.2511430291623102,0.7231919751051057,-1.381614864646837,-0.002878715637793921,0.12787208764451694,-0.7046860443852642,-0.25863368266248993,0.3038194939369314,1.8555115536799507,-1.2011508415663061,1.1418777604728028,0.19023124562050772,0.2586336826624906,0.7046860443852634,-0.45320004908148526,0.26586877533487285,-0.9645072894320803,-1.4393863146113988,-1.3647030752786062,0.5106001571422693,-0.709509049969999,-0.4855086804782194,-0.728375060954584,0.11228645211844858,1.413983630027056,-0.5604775923118106,-1.047916823426415,-0.6007917169928287,0.062155904904119784,-0.12479618717266176,-0.26463402725168356,-0.6418381130257917,1
0.8787130141623758,-0.8235350983394863,1.0038746524609323,-0.8681093238500562,0,1,0,1,0,0,-0.6217311126901629,-0.011118285835618183,0.15000090842273722,-0.5095540498646537,0.9999681090085364,0.3852434113287402,2.3752613925186634,-0.04220450672927133,0.489867470280324,1.930156496199088,1.7285855470793003,1.17843553460822,-1.6531018572422584,2.8301323167904364,1.0739557333426781,-0.6523306946164845,1.7858534407725057,1.1482557810818093,2.0357238066612937,-0.41176056791003435,-0.4750239220653718,1.1337922877273947,-1.3251946800878043,-0.8366952012403642,-1.1261975899750645,0.41176056791003435,-2.0357238066612946,2.2763462859289234,0.7161642658861095,-0.600602913536552,-0.8192022908676594,-0.15285517856115927,-0.024984737566746233,0.10608304780917345,-0.7069813574043363,-0.4803306735805153,-0.5816133531797613,0.7310941790521709,-0.6882026220556532,-1.2035120798242718,-1.396178097894916,0.09387908442092041,0.9453015509175579,0.793080546914203,-1.2604211705619852,1
-1.1516077120594044,0.5421564981479937,-1.6032360836506476,-0.13478617003801185,1,0,0,1,0,0,-0.20530619155379135,-0.3966342737866634,-0.7839013350458762,0.749008946457149,-1.407021030027518,-0.8838894573728775,-0.9013545023087176,0.21448585142676937,-1.5108944306281993,-2.319453870426589,-2.3751894225208665,-0.014070982863057288,2.578554451766717,-0.9763860035075196,0.7976659263026316,-1.6679689419639365,-1.3574714827582675,-1.5096425969399847,-0.0741697193470499,0.05436948222367098,0.27776198656230916,0.5046956519894625,0.3892953735695797,1.7873870550173092,1.6139904086485872,-0.05436948222367098,0.07416971934704919,-0.9266927806649233,0.7161642658861095,-0.04564874029587195,-0.8967252938356269,-1.3134982345722352,0.8886600828192224,0.9216751455883455,1.0648000580046022,-0.6663639641110671,-0.05424950115312168,0.04820472807728505,-1.0713777112871794,-0.7367263106307022,-0.0592520533999176,-0.8895394805998851,-1.853415610241477,-2.046048046899492,-0.6418381130257917,0
-1.5371116474179702,0.2587110724619126,0.27967722576327125,-0.4281154315628296,1,0,0,1,0,0,0.3499270366280375,-0.5623538161185606,-0.6047967952025805,-0.05242082361443573,-1.0300250255853338,-0.3919774927598474,-0.2902208983569511,0.4877240441880459,-0.609442432517152,0.5037386686940541,0.43138573130991836,0.1423678992065901,0.18123815491750864,-0.7802272886194607,0.06033179610637316,-0.6322572138947495,0.46070248252902296,0.8534957968246776,0.9848575718326791,-0.7825969144484197,-0.37603468972551524,-0.6089774879650562,0.19777069638233125,-0.22369374747952672,0.2724499478864302,0.7825969144484197,-0.9848575718326797,-0.9823978079100336,-0.4846237089171882,-1.6104375566466425,-1.6202733215366558,-1.39883963574952,-0.30852968182446,-0.22015379130249568,-0.6516131881728072,-1.4725082230767892,-0.47058938433204756,-0.7105613285614767,-0.5513543759015367,-0.37367071236903754,-0.4315605721200442,-0.15990635171348128,-0.12479618717266176,-0.48731077970765985,-0.7036964187794109,1
-0.4577006284139859,0.23294330649045036,2.1625905351771904,0.5985369837740325,1,0,0,1,0,0,1.649677548053682,-0.7088847798646593,-0.6175899766199587,-0.03795458227740351,-1.550855387665543,-0.5158498693033104,0.12543023653463228,-0.4790372389395824,0.9429180143246167,0.7361248967792875,0.7680863235700984,0.3793423137896872,-0.4422822306842453,-0.15929198415381252,1.6863420834752239,-0.09167836462501419,0.19084718873375017,-0.16724296386452656,-0.1602775458261487,0.6763389906671557,-0.33357647089819853,2.3468341239956683,-1.3811284285425758,-0.8052164392851652,-1.1618300414220029,-0.6763389906671557,0.160277545826148,-0.03541234474315745,1.841902992264201,0.527500651739586,0.3953247556304958,0.4616029099152932,0.1325402314653172,0.9216751455883455,1.1201682272361313,0.8839134569768611,-0.5261013687559044,1.5657368413548085,-0.998391980004983,-1.4628375071540325,-1.6161785862295364,-0.15990635171348128,0.12214944469431245,0.514734606344233,-1.0748462533011267,0
-1.4086103356317816,-0.05050211919562982,-0.15484123025532542,-0.8681093238500562,1,0,0,1,0,0,-0.3062576875868511,-0.32453173607032915,-0.68155588370685,0.09513483802329287,-0.7344913508946546,-0.3231098177140232,-0.19534984664443117,0.08128941353180173,0.48463207878447734,0.05408567975791086,0.7622008697983121,0.5425152802537898,-0.39843418986900003,0.19865240825155386,-0.6028574686633603,-1.1238071497942248,0.8844142875551635,0.9225261174695386,0.6912331826893902,0.05436948222367098,0.4701298627766342,-0.715501649103922,-1.791826092963956,0.8039038041894414,-0.09023126169109126,-0.05436948222367098,-0.6912331826893908,-0.14682239923337803,-0.8598699510432187,-1.1828499149693978,-1.4910683165900436,-1.1428154322176651,0.25856020669096863,-0.709509049969999,-1.0391903727935126,-0.790386157798101,0.4731143508735179,-0.6346847228976005,0.15113328768959466,-0.8145239388296306,-0.48232991558187904,1.1407440084753266,-0.20711139779498602,-0.2089648391376897,-0.023255055489598248,0
-0.8432045637725518,-1.880013503169424,-1.8929150543297122,-0.8681093238500562,1,0,0,1,0,0,0.24897554059497767,-0.5309543238872538,-0.3617263482723934,-0.28503798431391375,-0.531856106285675,-0.1880576237929913,-0.2917196351226797,-0.47774663941213613,1.7951671204213067,-0.8680735201607983,-0.8235748554986586,-0.904166264777079,0.3937584450504179,-1.1753857267744714,0.18665762340127273,2.125410784656229,-1.6746949930176036,-1.3899375388811324,-0.3305796915292576,-0.9053100327574869,-0.7687883151641058,0.8427117652376365,-0.3182207273256165,-0.4878875655128278,-0.286315829805389,0.9053100327574869,0.3305796915292576,-0.9585242248049864,0.6732789810717061,1.4463592008757944,2.536436266174356,1.478384746798946,-1.1456623743948546,1.6440567179070404,2.0693368426337764,1.2028276693149491,-0.8406692804910928,0.4528799582846249,-0.7611883533378483,-0.7929134865521509,-0.911048815926267,-0.2233527107470814,0.6160407084282594,0.1992758736982665,-0.9717490770450948,0
-0.5862019402001745,-1.2873548858258006,-0.15484123025532542,1.0385308760612593,1,0,0,1,0,0,0.526592154685892,-0.5972421408200127,-0.822280879298011,1.0643730076044513,-2.370248636851212,-1.281890956014329,-0.5727482947768362,0.4245903462082221,0.8584725225127076,-0.626068849997922,-0.6751962622508048,-0.08064252902651763,0.8965203397389424,-1.01189237644367,-0.30641951321707506,0.6141679159382726,-1.4816064752265463,-0.842515489394916,-1.2649401125490116,1.1445654112422656,-0.21465049365176148,-0.8897279167676181,-0.5563811718846676,-0.6233569930916089,0.05523581625445257,-1.1445654112422656,1.264940112549011,-1.038102835155144,-0.4846237089171882,-0.6824813981130464,-0.28946177058654887,-0.8355863879794388,-0.6865896075014126,-0.38327221085833024,0.2342775195316623,-0.4183195767369984,-0.47058938433204756,-1.0899443568808573,-1.1808563082104715,-1.2424108939237355,-1.3623318689203594,-0.0012904541294803558,-1.3595243465075295,-1.0996718489615938,-0.9511296417938885,0
-1.0488066626304537,-0.41125084279609675,1.0038746524609323,0.5985369837740325,1,0,0,1,0,0,-0.25578193957032125,-0.3815159997493675,-0.8478672421327675,1.839763543269378,-2.5316071517528687,-1.7152206775688983,-0.07927730883574896,0.038469436338841846,0.11409743163744993,-1.2177079363589618,-0.5141398386783602,-0.6428209577793711,-0.1729438591977895,1.1627489764956622,-0.24309788710196292,-0.7895805143609537,-0.08606658824882757,0.5521601458821213,0.12891477706591967,-1.004587223962434,1.272042104820961,-0.29633063537272153,-0.949427281413218,1.5597027064275146,1.2074838839783357,1.004587223962434,-0.12891477706592036,0.939425632046274,-0.3345252120667762,-0.3549674598070702,-0.6899972859210471,-0.6819718658603261,0.9831750642384596,-0.7910682597479163,-0.9284540343304539,-0.6043528672675491,0.8894542340524437,-0.482931511569848,-0.6973258384659271,-1.0349505520599276,-0.44848368660732285,0.37938770007212164,-0.20711139779498602,-0.6543183440496418,-0.45626319576493324,0
-0.7918040390580765,0.10410447663314094,-0.4445202009343899,-0.13478617003801185,1,0,0,1,0,0,0.551830028694157,-0.6036383336819455,-0.7455217907937414,0.46257736798391114,-1.6591360811688927,-0.8217296727535947,0.6276575021023765,0.5514719080891485,-0.8531465829095671,0.5567764160428175,-0.07288032145369751,-0.5338620392428353,-0.2873286302021294,0.11683462132623312,0.3946219246146579,-1.7310811962207293,0.51985838187808,-0.3183012445836547,-0.4019224822967764,-0.329502323768793,-0.7560332585422199,-0.36158891950305844,-0.5732896979506027,-0.23668634526776056,-0.21601122575175943,0.329502323768793,0.40192248229677574,0.29881781872750485,0.641115017460903,0.74584327727690225,-0.354064273059855,-0.135786898325702,1.550264952753888,0.02452383803125581,0.2342775195316623,0.7598912632898273,-0.8314172830871166,-0.5588081172337243,-0.7703115697481222,-0.9182541097615345,-0.939254006738398,-0.12818317219668063,-0.04248097655033679,-0.2089648391376897,-0.8892713360402683,0
-1.5628119097752085,0.8771374557769975,-0.8790386569529866,1.0385308760612593,1,0,0,1,0,0,-0.785777293743885,1.0320426227377981,-0.23379453409861076,-0.39208817020795217,1.638030515356932,1.096726989237223,0.11807910491057445,0.018030845288245466,-1.202488465912625,0.6379901423888873,0.9950496900754283,-0.4333846017370275,-0.9668033917640874,-0.2188466819092164,0.785139726559928,-1.239289094041182,0.18828179209739868,0.21611832917317098,-0.9971070548845234,0.39783372969061137,-0.382860895714162,0.7617878413336834,0.3984759935778501,-0.6751865206205514,-1.0826158461987307,-0.39783372969061137,0.9971070548845228,-0.45320004908148526,0.26586877533487285,-1.0827762115981268,-1.4652273156007207,-1.3305665148076924,0.25856020669096863,-0.9541866793037505,-0.6516131881728072,-0.8523972546416179,-0.49834537654397587,0.4275877563966659,-0.6608329728248301,-0.37367071236903754,-0.6007917169928287,-1.3019408143182878,0.12214944469431245,0.3477270420022505,-1.0748462533011267,0
-0.6119022025574117,0.7225308599482267,1.4383931084795292,-0.4281154315628296,1,0,0,1,0,0,-0.24316300256618875,-0.3838418880627976,-0.16982862701171944,-0.4053971122380218,0.08009288390126874,0.0180982086493786,1.1465783812220716,1.458005241856983,-0.19431715271581385,1.9499938567119193,0.6413097801140943,-0.06725437296776215,-0.7870715380361222,0.7472454035289183,1.9569149305989557,-0.9719905032798787,1.5852645285724103,0.20300064462161596,0.11588809585456382,-0.20666334585120408,-0.847706347219699,-0.040763532517268934,-0.7111186599638205,-1.062394727170303,-0.6355435043100558,0.20666334585120408,-0.11588809585456454,0.438080386840281,1.391607501712964,-0.7370670544973751,-1.077612300760884,-0.4942207832702994,-0.5290646384693491,0.2692014673650073,0.2342775195316623,-0.4803306735805153,-1.0257092285706153,-0.5588081172337243,-1.600524263083096,-1.6443653062848649,-1.8531021890514345,-0.5405845059150832,0.36909507656128593,0.29205785388825667,-1.8171459223445585,1
-1.8712150580620608,-1.2873548858258006,-0.8790386569529866,1.0385308760612593,1,0,0,1,0,0,-0.34411449859924853,-0.28906193929051954,-0.822280879298011,1.0643730076044513,-1.6997475484068099,-1.044878827609869,-0.1759636025342043,1.207568765693016,0.030584546602490038,0.5713385069613814,0.11975754572910038,1.633487455230954,0.860820396718925,-0.6827077376791516,0.6801487561519037,-0.4408419854945138,-0.1444504475309046,-0.07611432525003632,0.9573302853504965,1.2784135428411474,-0.43747185463627464,-0.9760679350004084,-0.48481378057695806,-0.9150760543015057,-0.2300014988445127,-1.2784135428411474,-0.9573302853504972,-0.799367004104671,0.24442613292767115,-0.9320158272985506,-0.9890145830832072,-0.9843242586027074,-0.2905268282207957,0.36241199282548453,-0.0662925420109259,-1.0118543608106625,-0.5816133531797613,-1.0899443568808573,-0.8524205174405927,-0.944186652494511,-1.1931007240475748,0.15732544345452057,-1.277209135885205,-0.9326642846196119,-0.7036964187794109,0
-0.4063001036995106,0.10410447663314094,0.5693561964423357,-0.13478617003801185,1,0,0,1,0,0,-0.8236341047562825,1.8461035324383461,-0.7455217907937414,0.46257736798391114,1.4350827726849007,1.0622931517143108,1.5729158142800013,0.2435757325540424,-0.398469803344083,1.1087806679428593,0.9491859342691142,0.5886555349272236,-0.22907804904224685,1.4562725676700001,-0.16777687233615773,-0.9145259324093133,1.4079294529108783,1.182985131146095,1.179804912165518,-0.36726020632542794,-0.7320873378930555,-0.5023905246581393,-0.37428879553786615,-0.10181240511477803,-0.07903347065549561,0.36726020632542794,-1.179804912165519,1.106540713781605,-0.3345252120667762,-0.5733100853443877,-0.9225662948249498,-0.3918111018575571,0.5106001571422693,0.02452383803125581,-0.4855086804782194,-0.35630847989348147,-0.8314172830871166,-0.7105613285614767,-0.8980365994919648,-0.9312203811280227,-0.9054077777638412,-0.3502454288142823,-0.28942660841731066,-0.48731077970765985,-0.9511296417938885,1
-1.280109023845593,0.23294330649045036,1.0038746524609323,0.5985369837740325,1,0,0,1,0,0,-0.7983962307480176,1.0669309474392503,-0.6175899766199587,-0.03795458227740351,1.2037655706025385,0.8498766215405021,-0.11489309661912982,-2.542861687627265,0.5304476304397358,-0.4919223057543151,0.3039235597021587,-1.0766819628684219,-1.2377310640784633,-0.3468153546007546,-1.1289761891789758,-0.41439095791205294,-0.9217632467636202,-0.17925457879931309,-1.31232147264129,-0.16692132358374867,-0.1867721682594246,2.3591739062492523,-1.1415626299019093,-0.24944935794734402,-0.5701227196871346,0.16692132358374867,1.312321472641289,-0.5367575899491508,-1.2351161931692491,-0.9918001176242447,-1.0259302987822392,-1.2793616741013212,0.038025250046078915,-1.3619827281933365,-1.0391903727935126,-0.8523972546416179,-0.19302946221276363,2.1727496866658176,-0.040454256926167845,-0.62002986833231,-0.6684841749419423,0.6014499566897238,0.8629863402952329,0.848749735028197,-0.1469716669968365,1
0.8787130141623758,-0.41125084279609675,1.0038746524609323,0.5985369837740325,0,1,0,1,0,0,-0.6217311126901629,-0.011118285835618183,-0.8478672421327675,1.839763543269378,-1.876339602949156,-1.4303589307884437,1.18369794588311,1.1018869328633714,0.2318659148953967,0.5600445415318961,-0.013468180616243523,-0.11135006957199708,-0.31568218908428936,3.0405890770206287,1.3368117359535887,-0.8008567094720906,2.1639553908182263,1.2714316820209335,1.5275383624814358,-1.6668621640005967,1.3921599714374011,-0.17318574500633935,-1.1217522319089566,1.389157078616943,1.2588148678145787,1.6668621640005967,-1.5275383624814365,2.5548714221544753,1.0163612595869336,-0.44594355378095224,-0.7675202888890147,0.03489590402886805,0.1010352376589052,-0.13859458152457876,-0.762349526635866,-0.23228628620644656,1.055990187324014,-0.3311783002420958,-0.5422311594912614,-0.996051737960463,-0.4654068010946016,0.8235122133073248,0.28677986593896093,-0.4316415915936655,-0.3944048900113141,0
0.544609603518286,-0.41125084279609675,-0.15484123025532542,0.5985369837740325,1,0,0,1,0,0,-0.7605394197356201,0.7500286647343941,-0.8478672421327675,1.839763543269378,-1.1907743066096708,-0.8449836928989379,-0.7480813078922043,0.46268385803096995,1.189295068874104,0.12896206027129997,0.15655274776484493,-0.14260679078530314,-0.7718466959872321,0.453278273707714,0.2425584125310737,0.7254494333831468,1.5766473285546472,1.686742908592187,1.5875602653373244,-1.7690215962405291,1.4931355792160221,-0.39205842260950197,-0.8967994822981352,1.389157078616943,1.443249912955756,1.7690215962405291,-1.587560265337325,0.1317027369921738,-0.10937746679115769,-0.9281168518425269,-0.4574282770171454,0.15437386567706757,-0.9071245641463012,-1.1988643086375024,-1.7589765728033937,-0.6663639641110671,1.0837461795359422,-0.5588081172337243,-0.6790794056453779,-0.996051737960463,-0.4654068010946016,0.664896315723324,-0.04248097655033679,-0.7656567202776299,-0.5181215015185524,1
-0.2263982671988458,0.23294330649045036,-0.8790386569529866,0.5985369837740325,1,0,0,1,0,0,-0.00340319948767178,-0.46117767448434965,-0.6175899766199587,-0.03795458227740351,-0.8309970691582983,-0.32534578118953694,-0.46045332832943126,-1.8970675432294235,0.26895633680258346,-1.023100342753746,-0.6819827970063548,-0.34185205908231264,0.6897329061810591,-0.9447777049271281,-0.5606345159639946,-0.5992781449426033,-1.5779892913348292,-1.4999145332839727,-0.054936012401546316,-0.41176056791003435,-0.3037391890681759,2.0421533878803593,-0.9698890640030889,-0.18256461129613163,-0.5777635702023527,0.41176056791003435,0.054936012401546316,-0.8709877534198129,-0.4846237089171882,0.15449866644666885,-0.18609776662925942,-0.7843815472730677,0.3215701943037938,1.3294711944779316,1.5077454118568363,-0.5423417704240322,-0.3318094232724056,1.793366658346437,-0.1864257194905595,-0.6459624110652865,-0.6684841749419423,0.28421816152172197,0.9453015509175579,0.793080546914203,-0.332546584257695,0
0.4932090788038099,-0.30817977891024867,-0.15484123025532542,-0.8681093238500562,1,0,0,1,0,0,-0.06649788450833415,-0.4385002634284058,-0.10586271992482811,-0.427964448723792,-0.033244580341518795,-0.006497389581272905,1.255543471272527,-1.1139510744362269,0.47528576870104117,1.277621840645967,1.041047250857267,0.7989769228757374,-0.5910988355863476,0.7322425994023657,-0.2678501037794303,-0.4357063188241086,0.5136615511646461,0.12876546916730455,-0.5532824974487066,1.6384480740406713,-1.0142155825498558,1.2606064547444344,-1.0875743990428526,-1.216646680096521,-1.227697993931139,-1.6384480740406706,0.553282497448706,0.49378541408539117,-0.40957446049198204,-0.5369196477548344,-0.6641562849317252,-0.4430159425639276,-0.24551969421163483,-0.46483142063624716,-0.26403600355210183,-0.5423417704240322,-1.0257092285706153,0.8828473903799233,-0.5969704579529088,-1.0219842806934394,-1.3623318689203594,0.12560226393772106,-0.37174181903963527,0.514734606344233,-0.45626319576493324,1
0.9044132765196139,-1.5450325455404195,-0.15484123025532542,-2.6280848929989626,1,0,0,1,0,0,-0.7100636717190902,0.2848510020483667,0.08603500133584588,-0.4962451078345841,1.306228588867645,0.6025790611486789,1.8796790612718421,2.443566434324563,-0.2099159049121302,2.093372043503344,1.2187132517381831,-0.22980771736948732,-1.7038130011145216,1.2321448767411531,3.0019715639514857,-0.8663235877591032,1.3638892006002872,0.49565218095127406,0.03622492998512883,-0.34935776200978186,-1.3825948482406898,-0.3465624052396382,-0.5836095835302699,-1.4756013932729088,-1.1004790310872898,0.34935776200978186,-0.036224929985129536,0.6887530094432773,1.9920014891146134,-1.1282642585850677,-1.3360223106541085,-0.8355863879794388,-0.5290646384693491,-0.8726274695258333,-0.983822203561983,-0.9764194483286528,-1.2570091636700185,-0.17942508891434333,0.5160619441005718,0.11472550910201175,-0.4879709537443061,0.886958572340925,1.5763848323553793,1.4982235963581267,-0.2500688432528684,1
-0.7147032519863632,-1.596568077483343,-0.15484123025532542,0.3052077222492148,1,0,0,1,0,0,-0.48292280564470574,-0.12624975735040997,0.815246342126407,-0.6333850757096495,1.004416946559787,0.3923984944503842,-0.2988341124721468,-1.6727133717800597,1.119663892443868,-0.7414497036092274,-0.11655538251105589,-0.620198486507637,-0.3959490966120828,-0.09840030450650163,-0.5281526042823131,0.08094174821871787,-0.01092082483034572,-0.303273835252623,-0.8740438917877038,0.020989325180847843,0.3172156829739146,1.7667599127327893,-1.449279398965828,0.9908218122698229,-0.1445601669850824,-0.020989325180847843,0.874043891787703,-0.09111737198826762,-0.4846237089171882,0.03622974428062242,0.07231224326396513,0.06903246449978255,-0.34003467563087314,-0.46483142063624716,-0.09793149585751397,0.20179139169817292,0.08453045990652028,1.2622304186993043,-0.6973258384659271,-1.268343436656712,-0.8715615487892844,-0.033013633646279864,-0.04248097655033679,-0.04195727479570725,-0.7036964187794109,1
-0.894605088487027,-0.5916252045963298,-1.6032360836506476,0.5985369837740325,1,0,0,1,0,0,-0.356733435603381,-0.2454515334137045,-0.6047967952025805,-0.040847830544809956,-0.4338177280573594,-0.1572013278309012,-1.982575906478717,0.9692559292194105,0.43039410191024585,-1.3028186348004582,-0.9121452640985056,-2.5671146254388937,-0.5480434447153084,-1.0701684294148281,2.3211393015668027,-0.999873955085013,-0.4023899464936036,-0.6818440114404195,-1.8495649588489131,-1.6668621640005967,1.6875203739459876,0.9949322167117539,-1.5931400529828772,1.3610209418933534,0.5201455495193301,1.6668621640005967,1.8495649588489116,-1.038102835155144,1.9920014891146134,-0.2548937564358004,-0.7158382869103699,-0.8185181077439823,0.3215701943037938,-1.1173050988595852,-0.4301405112466897,-0.10826409251941274,1.055990187324014,0.4275877563966659,-1.0987473605180025,-1.6313990349183765,-1.1254082660984612,0.12560226393772106,0.28677986593896093,-0.4316415915936655,-1.4459960878228426,1
0.4932090788038099,0.6194597960623787,-0.15484123025532542,0.3052077222492148,1,0,0,1,0,0,0.009215737516460692,-0.46234061864106474,-0.16982862701171944,-0.4181274046146101,-0.1532960025265649,-0.03243456589723267,0.03966713791330918,0.7427590905511675,-0.8475409829414912,-0.2195650897897709,-0.4408937971149924,-0.655927682437943,0.2251208698142245,-0.26017512194747633,-0.0901469981680364,-0.9321569088701869,-0.5267434358626508,-1.0211844265571102,-1.1598770966922176,0.2557448558590603,-0.3151220371736231,-1.1097674455857847,0.22188911992707058,-0.22569150311289582,-0.4238043056633974,-0.2557448558590603,1.159877096692217,-0.3696425082138195,-0.25947596364157,-0.5460172571522233,-0.9096457943302884,-1.040405750804923,-0.18250970659880966,-0.5463906304141645,-0.04256332662598434,-0.5423417704240322,-0.44283339212011924,-1.1658209625447336,-0.669956189235104,-0.46443461193445323,-0.5161761445564365,-0.8895394805998851,-0.5363722402842841,-0.48731077970765985,-0.8892713360402683,1
1.0072143259485644,-0.7462318004251005,0.5693561964423357,-1.8947617391869185,0,1,0,1,0,0,-0.10435469552073157,-0.4315225984881154,-0.7071422465416066,0.2513702444632408,-1.0484395733908003,-0.5261353012906739,2.795910264735743,1.7538236006742174,-1.5159175022819558,1.7857705721233095,1.536284410897926,1.170377668848449,-1.0853962727286666,3.1592280114585023,1.8671325475782845,-1.803252807094562,2.0781239808764167,2.103190949661412,0.6912331826893887,0.9106988955914741,-0.7311178781160843,-0.5367255340215374,0.2602148430640999,-0.35182866830758097,0.05611163426317157,-0.9106988955914734,-0.6912331826893894,2.4713138812868096,1.3165582532877582,-0.7370670544973751,-1.4652273156007207,-0.7502449868021539,1.5817699465603012,-1.85133798686084,-2.2019219266556282,-0.4183195767369984,-0.859173275299045,-0.7864379342253526,-1.0805009276974533,-0.8015576674631424,-0.8715615487892844,-0.6992004034990842,-1.1948939252628807,-0.9883334727336057,-0.76555472453303,0
-0.8175043014153137,-1.0812127580541053,0.27967722576327125,-0.13478617003801185,1,0,0,1,0,0,-0.6343500496942954,0.02318856678747634,0.009275912831576286,-0.4603688293187442,0.9411737387828446,0.37361640125606854,1.1914703091352796,-0.7895307123508176,0.5325493116759822,0.7195353505744573,1.1390275163026362,0.3546978243552151,-1.1898285718653718,1.147933711535813,0.6552716825907359,-0.7282032626095658,1.7336539223099527,1.475365625810443,0.1590389773671773,0.3260326064644921,-0.5097666295795388,1.7400924673401208,-1.459786800836303,0.7470157147736736,-0.04038417917969763,-0.3260326064644921,-0.15903897736717798,0.5216379277079463,0.04072103005925432,-1.3829973217119373,-1.4781478160953823,-0.8697229484503528,-0.2770246880180474,-1.85133798686084,-2.0911855881925696,-1.2244638357027204,-0.5538573609678327,1.413983630027056,-0.378013264106322,-1.0349505520599276,-0.7192535184037778,0.47455723862252236,-0.37174181903963527,-0.26463402725168356,-0.1469716669968365,1
1.0329145883058024,0.7482986259196881,0.27967722576327125,-0.4281154315628296,1,0,0,1,0,0,0.2363566035908452,-0.5263025472603935,-0.1826218084290977,-0.4053971122380218,-0.32224334193348825,-0.09146400165079628,0.4843917268508095,0.5740450580213682,-0.3919226336766986,0.8288416162107524,-0.17692409107292856,-0.9417406476454852,-0.5506234083454518,-0.24579454922179558,0.5838868401779953,-0.8265772306103573,0.0385056411726791,-0.6952910348439516,-1.2173253467419909,-0.07709346503402185,-0.91915350506167,-0.20296983860840817,-0.2948590322371795,-1.0815300164474708,-0.44880638468307765,0.07709346503402185,1.2173253467419902,-0.3766056366194584,0.28463108744117427,-0.6347189487767578,-0.92902654507228,-0.8654558783914887,-0.40304466324369825,-0.42405181574728873,0.15122526568436812,-0.4803306735805153,-1.0257092285706153,-0.5588081172337243,-1.208225957441296,-1.1516469943583196,-1.430024326869473,-0.3502454288142823,0.2044646553166367,0.18071947766026855,-1.5078543935764617,0
-0.4320003660567478,0.20717554051898904,-1.8929150543297122,-0.8681093238500562,1,0,0,1,0,0,-0.25578193957032125,-0.36930508610385926,-0.7199354279589849,0.2860892236721181,-0.9531274677070419,-0.5051172446208444,0.48768329078229233,-0.3379991097927712,-0.14996208070487554,0.8648390977618321,0.4688604929689382,0.37054157716373365,-0.4831608358220363,0.10604625989695275,0.4274580073444601,-2.6102699603813173,0.8941934332001512,-0.1908263574520646,0.17827491249930566,0.328563629361145,-0.5721753139762925,0.8921324336268389,-2.4180663886248897,-0.28167492466184973,-0.7958464004698487,-0.328563629361145,-0.17827491249930708,0.577342954953057,1.0914105080121401,1.846654014360876,-0.12149526415595328,0.2397152668543526,3.3775545935258244,0.758556726032511,0.7325910426154264,1.4420133285685155,-0.5816133531797613,0.7310941790521709,-0.22291858513165644,-1.3980061503215924,-1.396178097894916,1.3628062650929278,0.2044646553166367,0.4033962301162448,-0.45626319576493324,1
0.4932090788038099,-0.02473435322416849,-0.15484123025532542,-0.8681093238500562,1,0,0,1,0,0,-0.06649788450833415,-0.4385002634284058,-0.68155588370685,0.09513483802329287,-0.9801631810281827,-0.41075958595416306,0.21184839142276923,0.40297155979364496,1.162333412591038,0.3344043401555342,0.5542749963877963,-0.0754390440965254,0.015139742638983567,0.7075793867699964,-0.2308670967865213,-0.2827622212138234,0.5983488350073779,0.3997081045164797,-0.1984048918790851,0.09388569754642515,0.41242464087197817,-0.784368701729956,-1.8730974762470016,0.14155377273729924,-0.3303474742664809,-0.09388569754642515,0.1984048918790844,0.5216379277079463,-0.3345252120667762,-0.3913578973966235,-0.4703487775118068,-0.22112829950298704,-0.08799472517957138,-0.22015379130249568,-0.1532996650890431,-0.4183195767369984,0.3065783976019474,-0.7864379342253526,-0.22291858513165644,-1.1257144516253432,-1.0069464646875115,1.0772976494417266,-0.12479618717266176,-0.09762646290970158,-0.2706882785040748,0
-0.7147032519863632,0.10410447663314094,-0.15484123025532542,-0.8681093238500562,1,0,0,1,0,0,-0.48292280564470574,-0.12624975735040997,0.022069094248954552,-0.4649980265465945,0.5824015048205006,0.26226542017548266,0.32098443046557884,-0.35047712440283424,-0.9324861905155265,1.0292430127530454,0.6976066051064108,0.028280403913353794,-0.7721740137021246,-0.2031410048197503,-0.31106613614063067,-0.45395747336638154,0.15796346821324436,-0.4229817802827985,-0.6280087910670794,0.6614225707698917,-0.6493127626682268,0.16942162572271238,0.8185563796656478,-1.2338070379297055,-1.3198821343177163,-0.6614225707698917,0.6280087910670786,-0.23037994010104354,-0.3345252120667762,-0.1457224436671417,-0.354064273059855,-0.27233314020935756,-0.2140147004052217,-0.22015379130249568,0.06817301183707392,-0.046252995675895824,-0.6648813298155464,0.04820472807728505,-0.3050275328241268,0.14498014229048395,-0.36386811417093057,-1.238494455284687,0.4514102871836102,0.9044189231421907,-0.332546584257695,0
0.4932090788038099,-0.7462318004251005,-0.15484123025532542,-1.8947617391869185,1,0,0,1,0,0,0.009215737516460692,-0.46234061864106474,-0.7071422465416066,0.2513702444632408,-1.1433957958645848,-0.5498365141311198,0.16171350562172904,0.7152073642625908,-0.967249644532855,-0.061116422077167644,-0.6054671372784532,-0.5482403402262052,0.314223048005859,-0.3651301371144059,0.17037562788326305,-0.869990201265903,-0.5433263481228747,-0.7756926897467048,-1.0117882743416888,0.2557448558590603,-0.5897002969177559,-0.8109659889228724,0.44800641639424627,-0.45618876286962073,0.02982399659308309,-0.2557448558590603,1.0117882743416882,-0.5924626171942612,-0.25947596364157,-1.1919475243667854,-1.3877043126327533,-1.4841810369268051,-0.49755964466293656,-0.8726274695258333,-0.5408768497097485,-1.2864749325462383,-0.6371253376036178,-0.8623145398892288,-0.4509989953885172,-0.16621037050522874,-0.33002188519637315,-0.3502454288142823,-0.5363722402842841,-0.48731077970765985,-0.3944048900113141,0
-1.8455147957048228,-0.8235350983394863,-0.8790386569529866,0.3052077222492148,1,0,0,1,0,0,-0.34411449859924853,-0.27917691395844146,-0.6559695208720935,0.025696879605538233,-0.5978071000732473,-0.23456566408367777,-1.2862035406434091,0.017265110922660927,0.4258899111501018,-1.2471889345797442,-1.038255145349779,-0.4044874279778498,0.9601748371881303,-0.7764424958088376,0.8965877840837914,-0.3087070616898462,-0.02540955774561454,0.024957412110099338,0.46715141202740545,-1.0149876916124754,1.0126851396610552,0.8744850532546621,-0.8924266013414288,1.6596761061944545,1.374148593861639,1.0149876916124754,-0.4671514120274062,-0.8833666483631708,0.399289661424128,-0.9796699717610611,-0.9685058521393006,-0.9247207403201588,-0.42054743758059415,-0.1295324471048102,-0.3563162856046509,-0.8937379858706291,0.4731143508735179,0.27583454506891375,-1.2264723902618437,-1.4239386930545688,-0.8207922053274488,-0.033013633646279864,-1.1125787146405561,-1.545025353873546,-1.0748462533011267,0
-0.020796168340944693,0.23294330649045036,-0.8790386569529866,0.5985369837740325,1,0,0,1,0,0,-0.6595879237025604,0.09296521619038045,-0.6175899766199587,-0.03795458227740351,0.1897257878364852,0.1008288572433882,0.2608129642711881,-2.215831167409691,-0.3318925052302348,-0.28943155031201556,0.13546827120387467,0.007454347947819262,-0.612327869773936,0.39104022166780633,-0.9343658744838639,-1.5583193689117343,0.2702997428277155,0.12620356627107981,0.5444209881177442,-0.529783266025729,0.028056006293497138,2.1052705951574247,-1.1122525088947903,0.6590279499292588,-0.05290216832165595,0.529783266025729,-0.544420988117745,0.15955525061472892,-1.009968447893631,-0.6642861793182697,-1.2972608091701252,-1.1428154322176651,0.7626401075935709,-0.38327221085833024,-0.6516131881728072,-0.728375060954584,-0.24854144663662048,1.33810702436318,-1.0531312784666302,-1.385039878955104,-1.0915620371239039,-0.3185222492974822,0.2044646553166367,-0.04195727479570725,-0.9511296417938885,1
-0.8175043014153137,0.7482986259196881,0.27967722576327125,-0.4281154315628296,1,0,0,1,0,0,-0.6343500496942954,0.02318856678747634,-0.1826218084290977,-0.4053971122380218,0.7771206758804003,0.33113309522130685,1.2943040879477277,1.0593861073242827,-0.6317813996129603,2.0319765009959663,1.3092880603655175,0.22855118257166682,-1.9887600563960308,0.6031080381713259,1.2702142517460218,-1.0476421679867214,1.782419261926289,1.1919280240837418,1.1441644212614832,-0.8230517886162441,-1.1971428956106813,-0.18156792585534332,-0.18911300652804444,-0.9776527317999872,-0.538452876569161,0.8230517886162441,-1.1441644212614839,0.29881781872750485,0.7912135143113154,-0.7916527108817039,-1.1551353037288514,-0.5112890635057554,0.2270552128845555,-0.7910682597479163,-1.2606630497196296,-0.728375060954584,-1.2477571662660425,-0.5588081172337243,-1.262965255902942,-1.1516469943583196,-1.396178097894916,-0.6040308649486834,0.7806711296729086,0.4033962301162448,-1.7552876165909395,1
-0.020796168340944693,0.9029052217484598,-0.8790386569529866,-0.13478617003801185,1,0,0,1,0,0,-0.6595879237025604,0.09296521619038045,-0.7327286093763631,0.2860892236721181,-0.23279196385273812,-0.14959905201415438,-0.6508951732951259,-2.806423133382626,-0.6445280205673705,-0.9490446790722677,-0.7079125617055037,-0.0203958267621136,0.3723453344976126,0.657624776589105,-0.8850202391338216,-1.5004487609119586,0.4239562297569001,-0.009564635856689818,-0.16027754582615011,0.13114384342216265,1.562176511223644,2.9653099772211884,-0.62671490605755,1.70248587435662,0.9109829956091665,-0.13114384342216265,0.16027754582614942,0.438080386840281,-0.9349191994684248,-0.50962681956267,-1.1551353037288514,-0.9550643496276378,0.6366201323679207,-0.7910682597479163,-0.8177176958673952,-0.5423417704240322,0.9727222106882286,2.020996475338066,-1.0622544948769042,-1.1775795370912954,-0.5500223735309933,-0.5405845059150832,-1.277209135885205,-1.378017789531564,-0.8274130302866491,0
-0.8175043014153137,-0.7462318004251005,0.27967722576327125,-1.8947617391869185,1,0,0,1,0,0,-0.6343500496942954,0.02318856678747634,-0.7071422465416066,0.2513702444632408,-0.2006745132716574,-0.17643061372031965,0.857593451715579,1.3903589852453253,-1.1762929853416924,1.6030532142492266,0.7133305355993175,0.5772063135931419,-0.7115364775687213,0.7365356082929535,1.3185312278795565,-1.1069034197150904,2.0820841351411854,1.2700305851439633,1.0872846843245239,-0.29111514316954507,-0.4565668692778578,-0.5874357016967111,0.49570072955555244,-0.10106248458122434,0.31257304266697183,0.29111514316954507,-1.0872846843245245,0.38237535959517033,0.7912135143113154,-0.8735311954581982,-1.2455788071914804,-0.5112890635057554,0.1010352376589052,-1.0357458890816678,-1.482135726645747,-0.790386157798101,-0.5538573609678327,-0.7105613285614767,-0.6243401071837319,-0.2958730841701091,-0.3130987707090945,-0.5088613263982832,-0.37174181903963527,-0.5429799678216537,-0.5799798072721716,1
0.9044132765196139,-0.8235350983394863,-0.15484123025532542,0.3052077222492148,1,0,0,1,0,0,-0.7100636717190902,0.2848510020483667,-0.6559695208720935,0.025696879605538233,0.2980926766839722,0.19921125016599422,0.6945684422546108,1.3457027932561676,0.6505937786300388,0.03312119378333399,0.18034560374604058,-0.8962043689391055,-0.30059024385268895,1.7498091590754152,2.7596672830562463,-0.35391004900510514,2.0289049207286047,1.3210065752009916,-0.22931895624632825,-0.9948801208223941,0.7825743677501319,0.9175547869088886,-1.2450289587029804,1.9670827928050116,1.0552476901468224,0.9948801208223941,0.22931895624632756,1.0229831729139398,1.6918044954137887,-1.2920212277380552,-1.2455788071914804,-0.5283573437412127,-0.8126095827270634,-1.6882195673050053,-1.814344742034923,-1.0384305451721696,0.44535835866158957,0.5034643620605421,-0.7885580025686714,-1.2424108939237355,-0.5330992590437151,0.1890486229713212,-0.9479482933959068,-1.378017789531564,-0.76555472453303,0
-1.5371116474179702,-0.9008383962538722,0.27967722576327125,-1.6014324776621007,1,0,0,1,0,0,0.31207022561564,-0.551887318708125,-0.3745195296897717,-0.2416392603028171,-0.5861558727721472,-0.23769601294939705,0.4311175459799432,-1.68683736829642,0.43077005675841534,0.3826446486165137,1.1696272006419852,2.396881661265451,0.23964083682420795,-0.5512342854125718,-0.13706474268632507,-0.31461692811094405,0.048474922299389024,0.714302608894133,1.6167883223801918,1.6655497383610505,-1.1502662452385684,2.1779287756275334,-0.9050367696816977,-0.46886133094346866,-0.8231951745919581,-1.6655497383610505,-1.6167883223801924,-0.6799990885794346,-0.3988531392883812,-0.8670329030314925,-0.8782674359861105,-0.8136414562481374,0.20455164587997451,0.47892514965108013,-0.22448731124386676,-1.1004416420156866,-1.0812212129944723,2.020996475338066,-0.013084607695344815,-0.47740088330094144,-0.6177148314801074,0.31594134103852145,-0.7010026615289333,0.06938110143228039,0.038603250264021984,1
-0.6119022025574117,-0.978141694168258,1.4383931084795292,-1.6014324776621007,1,0,0,1,0,0,-0.2810198135785862,-0.36349036532028395,-0.1826218084290977,-0.4053971122380218,0.11120690326461959,0.03374995297797501,1.0217931702744922,1.3405488904863325,-0.5486046602369983,1.3054952863045597,0.24910242359937107,0.42731165908754415,0.7621730449840655,0.5768918907468434,1.4333786971407514,-0.9043379867789443,1.4320464436744544,0.30076268329249406,-0.19575715951429745,0.7769517052683067,-0.8444046965458882,-0.40401810992507836,-0.1588115137809827,-0.3436471683435865,-0.030209129181953606,-0.7769517052683067,0.19575715951429676,0.38237535959517033,1.0914105080121401,-0.46413877257572894,-0.8321227913623208,-0.2894014204448148,-0.2140147004052217,0.02452383803125581,0.12354118106860354,-0.17027518936292965,-0.8869292675109735,-0.5588081172337243,-0.642586540004281,-0.62002986833231,-0.7023304039164997,-0.12818317219668063,-1.1948939252628807,-1.0440026608476,-0.6418381130257917,1
1.0072143259485644,-0.7204640344536393,0.5693561964423357,-0.13478617003801185,0,1,0,1,0,0,-0.10435469552073157,-0.4315225984881154,-0.5152445252809326,-0.1149149861904149,-0.5146227357678024,-0.2430623252906301,2.305675415811684,1.6565972527424415,-0.34465110346201644,1.0153870478728717,1.4199514743451327,1.2540536442156778,-1.1818796866946404,3.1669138746775785,2.0816568255922796,-1.2825666341530766,1.7967814303305576,1.7185516304024095,0.8063022000563537,0.9106988955914741,-0.0417547630790491,-0.188373607845846,-0.8177061727562839,0.4099353148263397,-0.16817528198793377,-0.9106988955914734,-0.8063022000563543,2.777691531134916,1.7668537438389946,-0.2730889752305771,-0.8708842928463041,-0.20406001926752979,1.3612349899154128,-1.4435419379712537,-1.814344742034923,-0.10826409251941274,-0.10976148557697851,-0.2553016945782196,-0.25028823436248077,-0.62002986833231,-0.4315605721200442,0.09387908442092041,-0.6186874509066087,-0.26463402725168356,-0.08511336124321738,0
-0.7404035143436003,0.43908543426214564,-0.4445202009343899,0.5985369837740325,1,0,0,1,0,0,-0.5586364276695006,-0.06112488457436613,0.03486227566633282,-0.47194182238836996,0.7506247552565437,0.3177173143682242,-0.25612150591904864,2.1081570964909555,-0.3052359805216917,-0.18899364965141335,-0.1693053895543043,-0.5899509802181694,0.018134545594004063,-0.19354954303914598,1.8849840155473063,-1.501859457173448,0.43424230330972236,-0.2290939119225196,0.3758588387947461,-1.177394994147749,0.16275076578916567,-1.0051761683379241,-1.0919561048463857,0.6859054624715761,-0.003560317165070208,1.177394994147749,-0.37585883879474674,-0.11896988561082296,1.9169522406894068,0.3091580262022686,-0.5478717804797735,-0.3576745413866426,1.109195039464111,0.758556726032511,0.6218547041523672,-0.046252995675895824,0.44535835866158957,-0.7105613285614767,1.136440659999233,0.31354167005482897,0.5838262971166633,1.3945294446097283,1.7684536571408034,1.1827648637121608,0.9664778365683122,1
-1.1516077120594044,-0.514321906681944,-1.6032360836506476,1.478524768348486,1,0,0,1,0,0,-0.20530619155379135,-0.3966342737866634,1.3653531430736725,-0.6843062452160029,0.8095928972366806,0.22380684839664572,-0.9362402177241533,-0.5595731658484807,-0.32848806977251876,-1.1328995562564748,-0.7572812973789057,-0.15288953147197237,0.6488325004526733,-1.1842961621446333,1.1914743080094499,-1.6818149977447663,-1.8174170189684629,-2.2177284488474487,-0.8940261523129447,0.678161166961424,0.11853004228041465,1.9616245372165182,-1.241007683318906,-0.2716453937303679,-1.1806774093068693,-0.678161166961424,0.894026152312944,-1.1495128896453646,0.9413120111617277,-0.3367722410122935,-1.1163738022448682,-1.6548638392813753,0.29006520049738066,0.6769975162545934,1.3416409041622488,-0.790386157798101,0.08453045990652028,1.793366658346437,-0.058700689746716966,-0.6848612251647502,-0.7361766328910565,0.09387908442092041,0.5337254978059351,1.0157572993701793,-0.08511336124321738,0
-0.4320003660567478,-0.7462318004251005,-1.8929150543297122,-1.8947617391869185,1,0,0,1,0,0,-0.2684008765744537,-0.36349036532028395,-0.7071422465416066,0.2513702444632408,-0.8813816535575657,-0.47381375596365155,0.5360065832152983,0.5731504288464838,-2.6092225002149614,0.9766453880848149,-0.1652688845804257,-0.13335145520145547,-0.008534402203383825,0.25948651324358496,0.3732125678080851,-3.1669999391315184,1.154224060007514,-0.10640928367379683,0.2181716668474233,-0.39825548305102343,-0.48605433521115454,-0.41279079324050466,0.38436505274765537,-0.1748760913836545,0.11096968953671545,0.39825548305102343,-0.21817166684742473,0.6330479821981672,0.8662627627365218,1.409968763286241,-0.7545997883943533,-0.3064697006802721,3.535079562557888,0.6769975162545934,0.6218547041523672,1.13195784435093,-0.5261013687559044,-0.482931511569848,-0.3415203984652251,-0.10137901367278856,-0.1607907403235886,-0.3502454288142823,0.03983423407198747,-0.15329565102369538,-0.45626319576493324,0
-1.5371116474179702,-0.5400896726534062,-0.8790386569529866,-0.8681093238500562,0,1,0,1,0,0,-0.3062576875868511,-0.33150940101061954,-0.016310450003180245,-0.4545823327839313,0.2862315061001322,0.09635693029236066,0.0842556218000007,-0.6591362111131571,-1.1495923179140664,-0.4606014680455248,-0.24426173772187476,0.13721928320234097,-0.021689721882718643,-0.6029616011439923,-0.4152357420219569,-1.3249400730055456,-0.6732639116106798,-0.8868475315192373,0.5209310369862826,-0.3295023237687909,-0.7196316205053885,0.488711084473261,0.2400942135221098,-0.04535410208882395,-0.548281781669831,0.32950232376879157,-0.5209310369862833,-0.5367575899491508,-0.3345252120667762,0.19998671343360988,-0.5349512799851129,-0.7502449868021539,0.9516700704320475,0.5138790966987595,0.2896456887631914,-0.728375060954584,-0.7203933142394032,0.35171115073279,-0.2594114507727547,-0.10137901367278856,-0.11002139686175369,-0.8895394805998851,0.5337254978059351,0.4033962301162448,-0.5799798072721716,0
-1.7427137462758722,-0.41125084279609675,0.27967722576327125,0.5985369837740325,1,0,0,1,0,0,1.5865828630330199,-0.7007441707676538,-0.6431763394547153,-0.0032356030685261974,-1.6071494586037582,-0.5364207332780372,0.4101396444269287,-0.8966709797023944,-0.5924777119189846,0.08428740799561982,-0.1640657492623037,-1.0795575149630863,-0.579796761147068,-0.07906778904522238,-1.2286750082338531,-1.5847635540242135,0.12158147955225736,-0.43362280109811424,-0.7652983266135058,-0.7133741297612556,-0.6493127626682268,-1.505910254780044e-4,-0.7825976574657213,0.00669126347257124,-0.2100547581229354,0.7133741297612556,0.7652983266135052,0.10385022336961848,-1.009968447893631,0.7731361054690666,-0.25070026910256554,-0.18699173903207253,1.5817699465603012,-0.05703537174666111,0.34501385799472056,1.069946747507413,-0.6648813298155464,-0.1035484832504671,-0.3050275328241268,-0.6459624110652865,-0.6007917169928287,0.2524949820049213,0.7806711296729086,0.45906541823023866,-0.2706882785040748,0
-0.3034990542705592,-0.23087648099586283,-0.15484123025532542,-0.8681093238500562,1,0,0,1,0,0,-0.44506599463230834,-0.14834569632799627,-0.0035172685858019803,-0.45631828174437516,0.49603779338909826,0.23856420733503664,0.8400245791651285,1.5710484087158965,-1.1075859375217678,1.418509388235428,1.2215782968408242,-0.570252999735225,-2.127862715277541,0.18192990769404296,1.4735659370767076,-1.9133286372800689,-0.0076995985325162865,-0.3005798208341359,-1.19191554383536,0.4043702465109161,-0.9862924056414717,-0.6801272376931344,-0.40860367881531073,-1.9239494590154798,-1.8815693057983103,-0.4043702465109161,1.1919155438353592,-0.06326485836571254,0.9413120111617277,-0.8280431484712572,-1.5815118200526717,-1.5012493171622625,0.6996301199807459,-1.2804235184154193,-0.983822203561983,-0.6663639641110671,-0.8869292675109735,-0.5588081172337243,0.32447439948480933,0.054216242725068246,-0.7192535184037778,0.12560226393772106,1.3568776040291806,1.795125932966095,-0.3944048900113141,1
0.4932090788038099,-0.02473435322416849,-0.15484123025532542,-0.4281154315628296,1,0,0,1,0,0,-0.028641073495936725,-0.4565258978574894,0.6745213465352461,-0.6113963888773605,0.4024987451062733,0.12139972121811492,0.2843746712981123,1.2884710314692192,-2.0352925706260163,1.274554349206726,0.17379258741914572,-0.4059068352255067,-0.8453659322560348,-0.14984505209544757,0.3672846106146617,-1.09159253963909,0.10208263595617581,-0.39875103565586395,-0.8773392119444982,0.3165258375355961,-0.545153313370447,-1.4005292666064748,1.6853678971964097,-1.6206173040145873,-0.6152416510309038,-0.3165258375355961,0.8773392119444975,-0.4253475354589299,-0.10937746679115769,-1.2010451337641732,-1.4910683165900436,-1.381771355514063,-0.40304466324369825,-0.9541866793037505,-0.7069813574043363,-1.1004416420156866,-0.5261013687559044,-1.317574173872486,-0.04957747333644305,0.8192262533478623,0.04228663352375219,-0.794369942049485,0.4514102871836102,0.6817421706862145,-0.3944048900113141,0
0.2619067175886707,-1.0812127580541053,0.5693561964423357,-0.13478617003801185,1,0,0,1,0,0,-0.7479204827314877,0.68025201533149,0.009275912831576286,-0.4603688293187442,1.485357360065366,0.8789441467221812,0.24859363589940733,-0.5811857426271422,0.21040288458459205,-0.4393113661666392,-0.12033522021511532,-0.386288046322449,-0.11715715757242023,-0.1443312052964417,0.907307602934977,-1.275130780341647,0.39900168496389016,0.04761170405727232,-0.5860329100839196,0.05436948222367098,-0.4898895418876795,1.7066165101143542,-1.5690112528651887,0.9891245544248448,0.20292524195883294,-0.05436948222367098,0.5860329100839188,-0.28608496734615396,0.5660657690356972,-0.6187981323313287,-1.1292943027395286,-0.9379960693921812,0.41608517572303205,-0.709509049969999,-0.5408768497097485,-0.6043528672675491,-0.5261013687559044,1.413983630027056,-0.323273965644676,-1.047916823426415,-0.6515610604546642,0.6966194952401235,-0.20711139779498602,-0.2089648391376897,-0.20882997275045564,1
2.08662534495255,-1.5450325455404195,-0.15484123025532542,-0.8681093238500562,1,0,0,1,0,0,0.1858808555743153,-0.5233951868686059,-0.8094876978806327,1.0094012905237288,-1.9914995630441705,-1.1826141777015176,-0.13627867030104848,-0.16595216864315934,1.5250251651485858,-0.5608931918411545,-0.8960573046603331,-0.04572847155476208,0.8600099670695134,-0.49144131245763234,0.5651223436253643,0.8426084134770433,-0.7993463878663802,-1.0529156554877133,-1.3641375413136354,1.2905668235553318,-0.3015435604870434,0.7939017175768396,-1.238020294704756,-0.03488767871146495,0.13695117714934696,-1.2905668235553318,1.3641375413136347,-0.48105256270404034,0.491016520610491,-0.07294156848803632,0.369483754641173,0.017827623793410803,-1.1906695084040155,0.10608304780917345,0.954063719541543,0.3258135853852078,-0.44283339212011924,0.4275877563966659,-0.7246954876967501,-1.1905458084577836,-1.1254082660984612,0.6331731362065233,-1.0302635040182315,-0.5986491559356475,-0.5181215015185524,0
-0.48340089077122306,1.109047349520155,-1.168717627632051,2.2118479221605303,1,0,0,1,0,0,0.11016723354952047,-0.5030436641260921,0.31631226684865466,-0.5500595256083439,0.12318635201919426,0.03822187992900256,-1.0902917260833127,-1.8082356700313629,-1.462505445424941,-0.4668872464250324,-0.6408773229940312,-1.7372793484082372,-0.4681323880099812,0.12447163132745295,0.8662617820364813,-3.158714465215501,0.08448480480339263,-1.2696602271766269,-1.8749635333848382,-0.5098758229700693,1.640447773180117,3.349662241622907,-1.1749094741614992,0.7145082351075173,-0.40640418504906695,0.5098758229700693,1.8749635333848376,0.10385022336961848,0.7912135143113154,-0.018355912103706302,-1.6461143225259778,-1.5353858776331764,1.5817699465603012,-0.709509049969999,0.17890935030013266,-0.046252995675895824,1.5833540393506536,3.2350221659600846,0.15113328768959466,-0.4903671546674297,-0.194636969298146,0.28421816152172197,0.9453015509175579,0.7374113588002092,-0.1469716669968365,1
1.2128164248064663,0.3102466044048362,-1.168717627632051,0.3052077222492148,1,0,0,1,0,0,1.649677548053682,-0.7059774194728716,-0.5408308881156891,-0.10160604416034526,-1.3701998809768359,-0.4644227093664937,-1.5175134824010368,-2.326385507355935,2.7294770779483364,-1.723599904610414,-0.04697673415161852,-0.3521113005393403,0.2276346168024508,-1.598226387067614,-1.974853842721905,1.6920072608500327,-2.04197666485459,-1.5780718366007491,-1.4375436385994584,0.9455004604204603,0.513210463021801,1.2146718909015188,-2.030982482982652,0.30368316721580446,-1.4796079465522225,-0.9455004604204603,1.4375436385994576,-1.5255218235498598,-1.8730348047835013,-0.46413877257572894,0.4276260068671489,-0.4600842227993849,-1.584481930984174,-0.01625576685770265,0.8433273810784847,-0.6353584156893081,0.3065783976019474,0.8828473903799233,-0.5148615102604385,-1.4109724216880806,-1.2269469530221315,-0.1916295312302808,0.2044646553166367,0.793080546914203,-0.2706882785040748,0
-1.2030082367738797,0.23294330649045036,-1.6032360836506476,0.5985369837740325,1,0,0,1,0,0,1.674915422061947,-0.7065588915512291,-0.5664172509504457,-0.0842465545559066,-1.431737410246171,-0.4782856829146791,-0.7096659807104958,-0.8843691051183671,-1.3681700742351404,-0.22150893179887315,-0.8641019273478581,0.48515535099457463,1.1141341583367503,-0.6774684640538013,1.3563944405744603,-3.1359272231104374,0.49173816899196243,-1.411417143331355,1.116988546947158,-0.4461216066019436,0.30988931444821005,2.572630525332829,-1.2809701061092604,0.7868434271438048,-0.25459930462884706,0.4461216066019436,-1.1169885469471588,-0.6203151308168162,1.3165582532877582,0.1272058382545045,-1.5427503185686884,-1.3134982345722352,1.3297299961089997,2.2266225020350205,1.6738499195514247,-0.790386157798101,0.11228645211844858,2.020996475338066,-0.5787240251323598,-1.0997819088923677,-0.7700228618656133,-0.0647368131630805,0.6983559190505837,0.514734606344233,-0.5181215015185524,1
-0.25209852955608386,-0.02473435322416849,0.27967722576327125,0.5985369837740325,1,0,0,1,0,0,0.8546845167933363,-0.6425969629319004,-0.3361399854376369,-0.32091426282975366,-0.790876373472089,-0.24619267415634938,0.3192616438952916,0.8165095356216525,-2.949626425178128,1.5336730647532115,0.607044021618209,1.545121092467067,0.3276990707674226,-0.3858946676075902,-0.08291793713822455,-2.687814732088022,0.4182303581776841,-0.6980613430777224,0.5274811195133241,1.584211532575986,-0.8295224925418523,-1.2037503313085058,1.3312435424048108,-1.657183302202278,-1.470707993569837,-1.5842115325759867,-0.5274811195133248,-0.14682239923337803,0.26586877533487285,1.1006500437750428,-0.6641562849317252,-0.47715250303484213,2.526919760752682,2.063504082479186,1.8953225964775422,0.8839134569768611,-0.9979532363586869,-1.3934507795363622,-1.5001688825700765,-0.723760039264214,-1.2607931819966884,-2.0950203022382925,-0.7833178721512579,-0.09762646290970158,-1.6315710050837011,0
0.10770514344524394,-1.9830845670552713,-0.8790386569529866,0.5985369837740325,1,0,0,1,0,0,-0.0412600105000692,-0.4466408725254113,0.12441454558798068,-0.5055035022902847,0.12079695862464888,0.047165733831057655,-0.3290118916918128,-2.2464278452284714,3.518844348064563,-2.539789886220789,-1.3810159300553302,1.2750403918836932,1.4366450447526542,-0.5662359632870321,0.1391131756739199,0.4537502965962121,-1.1672105538830038,-1.1039734063473146,-0.9333596546099943,2.664697762972419,-0.10827725832662612,3.2226532426667793,-4.354402817220314,2.273706277666247,0.7175731853498925,-2.664697762972419,0.9333596546099936,-0.6203151308168162,-0.03432821836595151,-0.46413877257572894,-0.173177266134598,-0.6136987449184976,-0.8756195703398886,-0.13859458152457876,0.34501385799472056,-0.35630847989348147,0.08453045990652028,3.6144051942794655,0.8353745184601769,-1.7869942913162333,-1.0238695791747903,4.535124216772946,-1.853415610241477,-1.0996718489615938,0.7809029193074537,1
-0.7918040390580765,-0.30817977891024867,0.27967722576327125,-0.13478617003801185,1,0,0,1,0,0,-0.6469689866984278,0.10168729736574346,1.4165258687431854,-0.6877781431368907,1.6171021810313253,0.6097341442703229,1.4135937110586225,0.8782564235037051,0.40806753627992737,3.5115749666010845,2.4278294077781184,2.218258344985743,-1.9173727183902884,1.0914795870564198,1.2418396388811206,-0.9079263162719393,2.096985251776071,1.0629067319268575,1.5427439112049275,1.4953651847184546,-0.875042923038226,0.03861318529856235,-1.4702203802111997,-2.664576552273185,-2.118575589681602,-1.4953651847184555,-1.5427439112049282,0.605195468575612,0.641115017460903,-1.0554833834059623,-1.2972608091701252,-0.5624939042121272,-0.40304466324369825,-0.7910682597479163,-1.3713993881826885,-1.0384305451721696,-1.0873892112637895,-0.6009617870469885,-1.9015904046221521,-2.1759824323108745,-2.7349844884440566,-0.6110804603968606,-0.5729567783386508,0.13742122023827333,-2.037086565024094,1
0.2105061928741954,-0.8235350983394863,-0.8790386569529866,-0.13478617003801185,1,0,0,1,0,0,-0.6974447347149578,0.2848510020483667,0.32910544826603294,-0.5523741242222691,1.393927049808333,0.645956752573646,-0.005769218489725607,0.004951843191814131,-1.4955771979034165,-0.08705015296625832,-0.21045729674647462,0.07716754787824923,0.3304911247068888,-0.5418101544401545,1.2497478624710987,-2.1845871226906683,-0.11345771703538463,-0.6348275712817125,0.3871222082195544,-0.2786957612109654,-0.533348083613972,1.2451734134532961,-0.15079524585848036,0.005096410595304428,-0.34618077107611794,0.2786957612109654,-0.3871222082195551,-0.45320004908148526,1.3165582532877582,0.33645085439443295,-0.8967252938356269,-0.8867912286858101,1.7392949155923647,0.9216751455883455,0.7879592118469556,-0.046252995675895824,-0.2971144330074951,1.717490052682561,1.1546870928197819,0.8872991780219243,0.8376730144258402,0.5697267771729232,0.9247227482619764,0.848749735028197,0.8582258014994779,1
1.1614159000919912,-1.95731680108381,-0.4445202009343899,0.3052077222492148,1,0,0,1,0,0,0.6906383357396142,-0.6251528005811743,-0.630383158037337,-0.03390403470303449,-1.265593639691724,-0.454584470074233,-1.9907492410591814,0.05730464955439749,0.2738975126991023,-2.0805402971679348,-2.209789874655933,-0.8259905487925215,2.0108130347726507,-1.261891587431225,0.74462064404165,-0.029320138891894925,-1.4479058747708193,-1.2903515245487513,-0.06904425348519842,-1.0580753433055055,1.5073180741562267,0.6672921850748617,-0.4038909874436019,1.3749570358904524,1.6130579464678003,1.0580753433055055,0.06904425348519772,-1.0659553487776992,1.2415090048625523,1.328090278709748,1.1059522828368633,0.3762615087380082,0.7626401075935709,2.063504082479186,2.3382679503297763,1.0079356506638961,1.0282341951120857,0.27583454506891375,-0.8341740846200435,-0.892321567028559,-0.36386811417093057,0.2524949820049213,-0.7010026615289333,-1.1553410370755877,-0.3944048900113141,0
-1.5114113850607322,-1.8542457371979617,-2.617112481027373,-0.8681093238500562,1,0,0,1,0,0,0.097548296545388,-0.5012992478910195,-0.3617263482723934,-0.27115039263036284,-0.4329287648467005,-0.1759834210252169,-0.545410725066774,-0.469695426567597,-0.07057856930244628,-0.8654103041338973,-0.6850933383734482,-0.008500292354118205,0.9865936579581627,-1.4139199173810904,-0.0949895789749142,-0.23101215597037272,-1.1086687296136895,-0.7047033307896264,0.3586118043630067,-0.36726020632542794,-0.654365231762484,0.5495132384338675,-0.13566166939032054,0.06977655506213656,0.2026492498506089,0.36726020632542794,-0.35861180436300744,-1.276838666205617,0.13721292089166215,0.7315470339381492,0.48761404487807614,-0.008993959433734914,0.8796586560173902,1.2945172474302522,1.1992656118526015,0.139780294854656,-0.7481493064513315,0.19995793940503753,-0.7794347861583975,-0.723760039264214,-0.6515610604546642,-0.3185222492974822,-0.28942660841731066,-0.48731077970765985,-0.6418381130257917,0
-0.8432045637725518,-0.7977673323680251,-1.6032360836506476,-0.4281154315628296,1,0,0,1,0,0,-0.7353015457273552,0.4883662294735037,0.4570372624398156,-0.5865144537776651,1.6707873804200013,0.8288585648706727,-0.42143621405369064,-1.1493498254783894,0.29662368301944286,-0.40801212916712476,0.17803615707199635,-0.674612455600534,-0.2086639429983652,-0.6074297598287932,-1.1854684751245674,-1.47074788556869,-0.1750171611123907,-0.45475753789215834,-1.5389139634227365,0.6061852033378367,-0.020919344357798596,0.38994241099501864,-1.8834542982509432,0.3776540427242561,-0.6754379480651228,-0.6061852033378367,1.5389139634227358,-0.7038726716844818,-1.2351161931692491,-0.7370670544973751,-1.3101813096647865,-1.2964299543367779,0.3845801819166189,-0.9541866793037505,-0.3747723420151606,-0.728375060954584,0.11228645211844858,0.5793409677244183,0.5799244589724931,-0.5551985114998699,-0.38079122865820925,1.267636726542527,0.2044646553166367,0.5704037944582268,0.5953280020465953,0
0.7502117023761872,-0.10203765113855341,-0.4445202009343899,0.5985369837740325,1,0,0,1,0,0,-0.19268725454965888,-0.40128605041352367,-0.08027635709007157,-0.427964448723792,0.10656338447694912,0.02212294290530339,-0.6625696970757636,0.53821128791023,-1.1833072345331,-0.31624930510230886,-0.0792037732351601,0.8131456201652808,0.9424698326271488,-1.2178261819479599,-0.029714908725510643,-0.2509225087184732,-1.074181219276818,-0.7056941855563746,0.6912331826893902,0.42347698798565403,-0.2955182792756084,-0.7684796265710457,1.3654677082461864,-0.6379073008199169,-0.5860042356807232,-0.42347698798565403,-0.6912331826893908,-1.2609229441355856,-0.40957446049198204,-1.1737523055720087,-1.1034533017502068,-1.39883963574952,-0.5605696322757617,0.758556726032511,0.4557501964577793,-1.7825637072943747,-0.27629743884854874,-0.7105613285614767,0.041654690766301246,0.7414286251489338,0.4145951522438788,-1.2702176348014877,0.2044646553166367,0.45906541823023866,-0.023255055489598248,1
0.5703098658755232,1.2636539453489257,-1.168717627632051,1.0385308760612593,1,0,0,1,0,0,-0.5838743016777656,-0.04658808261542777,1.4676985944126986,-0.6900927417508158,1.4423566274401152,0.4974887777995315,-0.8477537337641732,0.0650554491954531,-0.7646848903753701,-0.9449203305542884,-1.1555138711157178,0.07227856280757886,1.5462053751127132,-0.9022234143538214,0.09327116146104635,-1.1446127901256873,-0.6145923403904185,-0.8172852491002619,0.4316262532639202,-0.3295023237687909,0.277331198364984,0.004146356370489633,-0.10487560580104656,0.6671071612010133,0.7043046507770983,0.32950232376879157,-0.4316262532639209,-0.8988402670423681,-0.03432821836595151,-0.3458698504096825,-0.8579637923516437,-1.0233374705694662,0.3845801819166189,0.8401159358104279,0.6772228733838963,-0.8523972546416179,0.22331042096616224,-0.02767187758659086,-0.08607033897753999,-0.127311556405765,0.1438253204474232,0.2207718024881207,-0.6186874509066087,-0.8213259083916238,-0.023255055489598248,1
-1.3829100732745436,0.4648532002336079,-0.15484123025532542,0.5985369837740325,1,0,0,0,1,0,-0.29363875058271866,-0.33325381724569214,2.4911531078029596,-0.7352274147223563,1.1783018945146844,0.3119038093318884,0.06889837638342602,-1.455852315096029,0.8966231391263239,0.030843415938234208,1.910433552628269,-0.3822672527009057,-3.655890423597547,0.14424975154652223,-0.5919071651545686,-1.0581954829347344,0.3663761640291534,0.6090242140745633,0.3871222082195544,-0.90531003275748545,0.04832778256871154,1.405243387175434,-2.289098276604724,0.3216248675798638,-1.8890635756444256,0.90531003275748545,-0.3871222082195551,-0.11896988561082296,-0.7848207026180125,-0.9190192424451392,-1.258499307686141,-1.0745423112758372,0.4790951633358572,-0.5463906304141645,-0.762349526635866,-0.6043528672675491,-0.3318094232724056,0.5793409677244183,-1.4454295841084306,-2.1759824323108745,-1.9546408759751055,-1.016432198667086,2.673920973986373,2.2404794378780473,-2.002720839605417,1
-1.6142124344896835,0.9802085196628456,-1.168717627632051,-0.8681093238500562,1,0,0,0,1,0,0.5392110916900246,-0.6013124453685155,0.25234635976176334,-0.5257562401621299,-0.1597018231106974,-0.056135778737678665,-0.4154193132514754,-1.2066599359874142,1.174129940620258,-1.4255464631494918,-0.48083279182819666,0.3949227339020586,0.8261334585474484,-1.0072575119112124,-0.608684681173583,0.9508283610995385,-1.7001620672781566,-1.1117774957342006,0.6912331826893887,-0.14692914774798616,-0.42878917024493723,1.04641167921182,-0.6495841570462799,0.23996970041573126,-0.46032815602668425,0.14692914774798616,-0.6912331826893894,-0.7595776989295921,-0.18442671521636386,1.5373352948496766,1.8941028130111983,0.9224464762726329,0.3845801819166189,2.7159777607025237,2.4490042887928354,0.8839134569768611,-0.4150773999081907,0.9587239960437993,-0.031331040515893936,-0.3607044410025493,-0.24540631275998087,-0.0647368131630805,0.6983559190505837,0.6817421706862145,-0.08511336124321738,0
-0.2263982671988458,-0.8235350983394863,-1.6032360836506476,-1.161438585374874,0,1,0,1,0,0,-0.1295925695289965,-0.4274522939396127,0.07324181991846762,-0.4945091588741402,0.16321439999244405,0.05342643156249622,0.27675264412771233,1.4253987042507377,-0.7090551891103103,0.13074742639067477,0.033882420613944454,0.3456427138137976,0.26161885018434333,-0.8510839988101792,1.3750098598981295,-0.48923603165274415,-1.222606438997655,-1.7536638478057236,-0.648221895874381,1.1143140211580829,-1.235224392160176,-0.578949761968248,0.47766716693525935,-1.3889469543898287,-1.7561602306323885,-1.1143140211580829,0.6482218958743803,-0.8988402670423681,0.9413120111617277,-0.6642861793182697,-0.7933612898783374,-1.176951992688579,-0.8126095827270634,0.5954383064766764,1.0648000580046022,-0.728375060954584,-1.1050120634618392,-0.39621539081113233,0.5747111924523357,0.7506902475535678,0.08822080141779386,-0.7671786453207986,0.6160407084282594,1.445205321963847,0.33905787821017314,1
0.2619067175886707,-0.02473435322416849,-0.4445202009343899,-1.6014324776621007,1,0,0,0,1,0,-0.571255364673633,-0.05531016379079078,1.3269735988215376,-0.6819916466020778,1.369200118078025,0.48452018964155164,0.5401824751372263,0.7462437467932954,1.0493279480935953,0.617770183454868,0.9806553942786074,0.8493865526403851,-0.1409406709722565,-0.3401490544521073,-0.5855432797680457,0.5575462909082095,-0.09510341557390004,0.6677342888299455,0.03622492998512883,1.122534507594003,-1.0910098085322328,-1.6108273653981988,-0.8741862049348579,-0.9288705815511717,-0.6229874719976509,-1.122534507594003,-0.036224929985129536,-0.3974950218363748,-0.6347222057676005,-0.3458698504096825,-0.018131260198663828,-0.05044549714841698,-0.05648973137315825,-0.8726274695258333,-0.983822203561983,-0.29429738304996345,-1.192245181842186,-1.6969572021918669,-1.5001688825700765,-1.6313990349183765,-1.8023328455895995,-0.4136917878478824,-1.5241547677521787,-1.32234860141757,-1.569712699330082,1
0.5189093411610479,0.5421564981479937,-0.15484123025532542,0.3052077222492148,1,0,0,1,0,0,-0.07911682151246661,-0.4326855426448305,0.29072590401389814,-0.5413797808061246,0.2556084424433628,0.08562430560989455,1.198075376313954,-0.8516879392879299,-1.0999514199512876,1.4804634388038385,1.2673831882626951,-0.19745528444276797,-1.088196397182449,0.696913734373457,-0.040161599492988885,-0.34933340282318104,0.48099718309528106,0.18558160236736637,-0.49837739391320257,0.22497917377587734,-0.9696049832509848,1.1287354164392893,1.1526240594117465,-1.5230620211913628,-1.4664759018722824,-0.22497917377587734,0.4983773939132019,0.49378541408539117,-0.18442671521636386,-0.44594355378095224,-0.5478717804797735,-0.34060626115118536,-0.18250970659880966,-0.30171300108041293,-0.09793149585751397,-0.4803306735805153,-0.9979532363586869,0.7310941790521709,-0.6790794056453779,-0.03654765684034838,-0.6346379459673855,-1.6191726094862895,0.4514102871836102,0.6260729825722207,-1.3841377820692236,0
-0.38059984134227254,0.7740663918911503,0.27967722576327125,-1.6014324776621007,1,0,0,1,0,0,-0.5081606796529707,-0.11055001123475654,-0.19541498984647596,-0.3996106157032089,0.44498297934688336,0.22380684839664572,0.23720806757446117,0.5501095928541756,0.3314648904087322,0.027638352229719897,-0.13802922599991393,0.7909151289210693,0.7193684770109225,-0.31833542963933514,0.23902139136609654,-0.9393763841828447,-0.1394197434504714,-0.7725049781779183,-0.007768161614413057,1.0864182721050466,-0.6479206027105612,-0.5155962974902152,-1.3971062823189215,-0.17558386181695998,-0.5747560013825347,-1.0864182721050466,0.007768161614412348,-0.6760201580619267,-0.40957446049198204,-1.765096916402242,-1.865762830935219,-1.808478361400488,-1.0961545269847772,-0.13859458152457876,-0.1532996650890431,-1.7825637072943747,-0.8036612908751883,-0.7864379342253526,-1.1443634425693747,-1.5795339494524245,-1.531563013793144,-0.12818317219668063,-0.8656330827735822,-0.48731077970765985,-0.9511296417938885,1
0.004904094016293398,-1.9057812691408853,0.27967722576327125,-0.4281154315628296,1,0,0,1,0,0,-0.3945902466157784,-0.22975178729805104,-0.029103631420558513,-0.45400368313045003,0.39619939409298316,0.17416845924023996,0.05783457523416164,1.2012597148703783,-1.0670613972303593,0.4523230958915848,0.0556623726472339,-0.6146302131200282,-0.7319653472349653,-1.2234023627146844,0.809581091911544,-0.6603963408074056,-0.5236973710752963,-0.8622257823124592,-1.2246659564705729,0.3763264807979944,-1.302829610626939,-0.8377460921381767,0.7950740426511865,-1.1303486696563592,-0.9141594683565784,-0.3763264807979944,1.2246659564705722,-1.2609229441355856,0.26586877533487285,-1.1282642585850677,-1.2455788071914804,-1.347634795043149,-0.6865896075014126,-0.9541866793037505,-0.5408768497097485,-1.1004416420156866,-1.1644891896302574,-0.6346847228976005,0.6711566230752374,1.0137203238451828,0.43151826673115745,-0.3185222492974822,0.9453015509175579,1.2941032399401495,0.5334696962929761,0
-0.35489957898503444,-0.5658574386248675,0.27967722576327125,-0.13478617003801185,1,0,0,1,0,0,0.7032572727437467,-0.6298045772080346,0.5593827137788417,-0.5975087971938096,-0.07350114018052373,-0.022596326604972072,0.4591686134254959,0.18545472521303022,-0.4180189120500015,0.586984325530374,-0.2612626151998584,0.3370597713883166,0.20306069112893324,-0.34945690977099275,-0.1944090933194558,-0.11621661871168924,-0.33713706513930203,-0.8412607434291005,-0.7581467807413153,1.2116300738185948,-0.9876583610895332,-0.44929719241239713,0.45465936257153655,-1.127277297434608,-0.4816731824924028,-1.2116300738185954,0.7581467807413146,-0.48105256270404034,-0.3988531392883812,-0.7110738847905511,-0.6567731417919188,-0.7404916838104642,-0.9206267043490494,-0.4531801049536876,-0.14538992662739608,-1.0118543608106625,-1.0257092285706153,-0.6346847228976005,-0.7794347861583975,-0.4514683405679659,-0.8377153198147269,-0.5723076854318833,-0.6186874509066087,-0.09762646290970158,-0.45626319576493324,0
0.2105061928741954,0.9029052217484598,0.5693561964423357,-0.13478617003801185,1,0,0,1,0,0,-0.14221150653312897,-0.4274522939396127,-0.7327286093763631,0.3555271820898727,-1.1334967046989404,-0.6034996375434504,-0.6200094918755794,-0.5585611111581978,0.18371021202278942,-1.291444996916491,-0.9944171551475726,0.966859741685378,1.449789930953082,0.7373600712655675,2.0186860462744125,-0.40600958039542573,0.4535109810395311,0.13297930401770505,1.3219818704786768,0.007555847346540335,1.5988997863173189,2.7889180204898167,-0.6591384870464226,2.1943525993943034,1.4226194122834148,-0.007555847346540335,-1.3219818704786774,0.8001630639334981,2.067050737539819,0.34554846379182197,0.07231224326396513,0.2567835470898098,0.41608517572303205,1.247911984700014,0.6218547041523672,0.07776919801113909,0.9449662184763004,1.793366658346437,-1.1899795246207467,-1.2942759793896883,-0.5161761445564365,-0.4771381468814831,-1.4418395571298541,-1.6006945419875402,-0.8274130302866491,0
-0.2006980048416086,-1.6738713753977288,-0.4445202009343899,-0.13478617003801185,1,0,0,1,0,0,0.07231042253712305,-0.48443655761865106,-0.6943490651242283,0.23979725139361502,-1.1380840205275606,-0.5578859826429694,-0.9962099713686078,-0.14694170144696284,0.0504237545721888,-0.967871499159453,-0.567049249307466,-0.30532681060471734,0.24787993171883757,-1.1251374311164781,0.14970021470432357,-0.6235063063841526,-0.8064354503057455,-0.5282901499795885,-0.30025191215747105,-0.11864316273067908,0.2610301515459619,0.35164848551181255,-0.6954946689030734,0.5078843654595974,0.22141928776313227,0.11864316273067908,0.3002519121574703,-1.0659553487776992,0.11577027848446049,-0.054746349693259644,-0.3669847735545164,-0.6478353053894121,0.5736101447550955,0.02452383803125581,0.17890935030013266,-0.4183195767369984,0.19555442875423396,0.27583454506891375,-0.13168642102891215,-0.46443461193445323,-0.24540631275998087,0.37938770007212164,0.12214944469431245,0.06938110143228039,-0.023255055489598248,0
-1.9740161074910114,-0.9008383962538722,-0.4445202009343899,-0.13478617003801185,1,0,0,1,0,0,3.2901393585909036,-0.7635431552302675,0.047655457083711085,-0.47599236996273897,-1.0166737068404117,-0.2193611124501841,0.2344211623993117,1.4472991607942407,-0.3081438068894802,0.11452548710163783,0.07691643503377232,0.2698552127929629,0.37732471217958086,-0.7642415189851195,0.8748009457708551,-0.6322572138947495,-0.5727858766869088,-0.47248506582159183,0.1590389773671773,0.21031740340811067,-1.0895894537468425,-1.1101071352536527,-0.21411461841440377,-0.7226812149379829,-0.5612848376192292,-0.21031740340811067,-0.15903897736717798,-0.6481676444393714,1.0163612595869336,0.48201260475264507,0.05939174276930372,-0.1699234587966153,0.8886600828192224,0.5954383064766764,0.5664865349208381,0.139780294854656,-1.053465220782544,-1.0899443568808573,-0.2685346671830286,-0.3347718982695729,-0.5838686025055501,-0.033013633646279864,-0.37174181903963527,-0.32030321536567735,-0.6418381130257917,1
-0.3034990542705592,-0.4885541407104817,-0.8790386569529866,-1.6014324776621007,1,0,0,0,1,0,0.2742134146032426,-0.5321172680439689,0.21396681550962854,-0.5222843422412421,-0.04192304002490651,-0.005603004191067395,0.02377716165038018,0.05045507115259142,-0.2441941540731806,0.03708080065326206,-0.7545834926204349,-0.45936514089791974,0.5298660031062538,-0.7366778206082593,-0.26079795195578254,-0.4115675840740973,-1.657093521651524,-1.7084747272750305,-0.40749033797582196,-0.2223753081429896,-0.769142520416927,-0.330512831710731,-0.07976414139734521,-1.693239339538969,-0.6869975466992396,0.2223753081429896,0.40749033797582124,-0.7038726716844818,-0.25947596364157,-0.04564874029587195,-0.25070026910256554,-0.8697229484503528,-0.11949971898598452,0.9216751455883455,1.2862727349307197,-0.728375060954584,-0.7759052986632599,-0.4070549059059717,-0.33239718205494984,-0.32180562690308556,-0.939254006738398,0.37938770007212164,0.9453015509175579,0.9044189231421907,-0.332546584257695,1
-0.6119022025574117,-0.30817977891024867,-0.4445202009343899,-0.8681093238500562,1,0,0,1,0,0,-0.4703038686405733,-0.14543833593620858,-0.10586271992482811,-0.427964448723792,0.45623585434690045,0.21888772875051543,0.6929687721957541,0.3727518123644864,-0.7459477026147266,1.292518628799521,0.7294372535978635,0.9997593769400698,-0.5764710787369195,-0.07684279587226361,1.883847352927877,-2.296704259784556,0.46070248252902296,-0.36106975894073007,-0.1984048918790851,1.5603281057325635,-1.0403703626929954,1.3755833626328022,-1.288230788898742,-1.2892845857424402,-1.3008184976499721,-1.5603281057325635,0.1984048918790844,-0.23037994010104354,1.391607501712964,-0.6278957417287164,-1.6202733215366558,-1.39883963574952,0.8886600828192224,-0.22015379130249568,-0.1532996650890431,-0.5423417704240322,-1.053465220782544,0.9587239960437993,-0.642586540004281,-1.1516469943583196,-1.4977167848185873,0.2207718024881207,-0.37174181903963527,0.45906541823023866,-0.7036964187794109,0
1.2385166871637046,-0.8235350983394863,-0.8790386569529866,0.5985369837740325,1,0,0,1,0,0,-0.81101516775215,1.4332583568044968,3.0540530901676037,-0.7502723057128698,3.30012239926592,1.6821022271267285,0.3590838487855872,0.3163564935563375,0.24513489377502098,1.034466677670115,1.3069762593184229,0.6372535874803209,-1.490608708950723,-0.5460145969465842,-0.6950053184466969,2.025375740765145,0.05451800741067877,0.8185487602177335,0.2181716668474219,0.6527578856825103,-1.0448861845817017,-1.1304502865849597,1.7001996811191449,-1.3434386203927866,-0.8999796007734948,-0.6527578856825103,-0.2181716668474226,-0.5646101035717058,-0.7097714541928067,-0.2548937564358004,0.795860270964994,0.785900234388976,-1.2536794960168407,-0.709509049969999,-0.8730858650989243,-0.10826409251941274,-1.0257092285706153,-1.1278826597127956,-0.37345165590118506,0.5145188762353932,-0.093098282374475,-1.4922798914190887,0.41025268187244807,0.848749735028197,-0.45626319576493324,1
-0.4063001036995106,-1.5450325455404195,0.5693561964423357,0.3052077222492148,1,0,0,1,0,0,-0.8236341047562825,1.8024931265615312,0.3035190854312764,-0.5465876276874562,2.9580957972480877,1.8086577598408082,1.479869833231055,-0.25036675784296875,-0.35770425926899313,0.8643255014858167,0.6799677292934663,0.282050634623008,-0.8199215226702676,1.5935717886665457,-0.5258327502154867,-0.7178606558493836,1.5144057729765628,1.651351881136855,1.943454842271065,-1.5428114248521114,-0.465516872381806,-0.18313147347500344,-0.23238702332656364,0.33401085016270365,0.7282323522092289,1.5428114248521114,-1.9434548422710656,1.106540713781605,-0.7097714541928067,-0.8371407578686448,-1.0388507992769007,-0.47715250303484213,0.4475901695294441,-0.30171300108041293,-1.0391903727935126,-0.5423417704240322,-0.5052843745969581,-0.27427084599418855,-0.3278355738498129,-0.3931201194187694,-0.2411755341381615,0.41111087958892223,0.7189347217061651,0.013711913318286572,-0.45626319576493324,1
-0.6119022025574117,-0.7204640344536393,1.4383931084795292,-0.13478617003801185,1,0,0,1,0,0,-0.2810198135785862,-0.36349036532028395,-0.5152445252809326,-0.1149149861904149,-0.3327714482644417,-0.1907407799636078,0.27180739269639953,1.29719680412595,-0.08523070841652845,0.6271833621757824,0.16428938721857328,0.08233222995303317,0.2518379410402388,0.3844391005063467,1.4193128755773647,-0.8968869991071666,1.2544094015744442,0.21864885226184747,-0.09305301462755473,0.2045801889163758,0.006172223448285829,-0.35860684214178046,-0.7847717049992156,0.3965666299447758,-1.1620192767015781e-4,-0.2045801889163758,0.09305301462755473,0.35452284597261524,1.3165582532877582,0.00893691608845806,-0.4574282770171454,0.03489590402886805,0.16404522527173035,0.2692014673650073,0.34501385799472056,0.2638024885416898,0.0012624832707351544,-0.3311783002420958,0.023408257945752128,-0.38663698373552574,-0.21156008378542468,0.4428340591057229,-0.12479618717266176,-0.04195727479570725,0.16231986177126023,1
-0.7404035143436003,-0.10203765113855341,-0.4445202009343899,-0.8681093238500562,1,0,0,1,0,0,-0.5586364276695006,-0.06112488457436613,-0.34893316685501513,-0.3128131676810156,0.3822424651090326,0.19473932321496668,0.6010935123953769,2.192710473988565,-1.402600177199201,1.3672867810303817,0.5304410887721775,0.8161549213883914,-0.08735545908417391,-0.2365442162645011,1.9254598497726887,-1.5175505891400047,0.09885396564798703,-0.4917235816632369,0.02438743144227863,1.0889508130082355,-1.0721873550002565,-1.0806805303046452,0.3924094395505799,-1.7490943310202716,-1.169671765532759,-1.0889508130082355,-0.02438743144227934,-0.14682239923337803,1.9920014891146134,0.3728412919839863,-0.5091102789957901,-0.4430159425639276,1.140700033270523,0.6769975162545934,0.7325910426154264,0.015758101167622184,-1.053465220782544,-1.0899443568808573,-0.40538291333714505,-0.1532440991387405,-0.8207922053274488,-0.44541496736468245,0.03983423407198747,0.6817421706862145,-0.2706882785040748,0
1.2385166871637046,-0.7462318004251005,-0.4445202009343899,-1.8947617391869185,0,1,0,1,0,0,0.3751649106363024,-0.5786350343125716,-0.7071422465416066,0.2513702444632408,-1.3801488435131979,-0.6392750531516708,0.19572768885235167,1.7854219107599094,-1.277271037006033,0.23698679367406894,-0.34841042587742777,-0.043850456221109085,0.49220653615282356,0.011164502736642995,2.2482656396135225,-1.5432635467913267,0.018261387570564846,-0.5500709044805896,0.3041828515459608,-0.36149164093482894,-0.26100867630229174,-0.19828444145445967,0.19524126366407332,-0.3020461898222884,-0.0840865582336023,0.36149164093482966,-0.30418285154596153,0.2152602778598393,2.5923954765162622,0.8459169806481733,-0.173177266134598,-0.15285517856115927,1.550264952753888,1.0847935651441794,1.009431888773073,0.38782468222872474,-0.19302946221276363,-0.1035484832504671,0.2788583174334372,0.3394742127878045,0.19459466390925928,0.15732544345452057,0.28677986593896093,0.1250502895462747,-0.023255055489598248,0
-0.4063001036995106,-0.5400896726534062,0.5693561964423357,-0.8681093238500562,1,0,0,1,0,0,-0.6217311126901629,-0.005885037130400375,-0.016310450003180245,-0.4545823327839313,0.8816144113382056,0.34678483954990325,0.07955929264694442,-0.3181691085779073,-0.5727784716646684,0.0029222951241785916,0.2759977741423112,0.09828459830040667,-0.2430993839470649,-0.3651301371144059,0.08478598094568228,-0.8303680367040445,0.23818350740894845,0.10826181174925915,0.513835114248652,-0.3755669404878874,-0.4754628639210351,0.5216338210680125,-0.05143243754139706,0.2322308565634951,-0.25311403592101844,0.3755669404878874,-0.5138351142486527,-0.3696425082138195,0.04072103005925432,-0.10023439668020068,-0.5091102789957901,-0.3918111018575571,0.6051151385615076,0.35076067714292497,0.12354118106860354,0.015758101167622184,-0.44283339212011924,0.5034643620605421,0.05077790717657645,0.015317428625603584,0.10997909147286698,-0.3502454288142823,0.4514102871836102,0.29205785388825667,-0.2706882785040748,1
0.2619067175886707,-0.02473435322416849,0.5693561964423357,-0.4281154315628296,1,0,0,1,0,0,-0.7479204827314877,0.68025201533149,0.6745213465352461,-0.6113963888773605,1.8592482778188377,0.9956614401440003,0.3320791290598282,1.598058495075154,-2.3071487273899787,1.4037515232824471,0.3673640814539879,-0.8550990039291269,-0.9429204320786466,0.08312416490721079,0.6999615683095471,-1.3800017507355877,0.4229680769784552,-0.14963082544826764,-1.3392924006938196,0.16204084244106823,-0.37870742650686817,-1.4921793030232757,1.7671809276542143,-1.47696984065113,-0.6236766756737218,-0.16204084244106823,1.339292400693819,0.02029268250195297,0.5660657690356972,-0.19121049065408274,-0.8579637923516437,-0.6649035856248688,0.6681251261743327,-0.7910682597479163,-0.26403600355210183,0.139780294854656,-0.3595654154843339,-1.3934507795363622,0.014285041535478216,0.9229564242797662,0.19459466390925928,-0.9529858396334858,0.5337254978059351,0.6817421706862145,-0.3944048900113141,1
0.31330724230314594,-0.4885541407104817,0.27967722576327125,-1.161438585374874,1,0,0,1,0,0,-0.5207796166571032,-0.1047352904511812,0.09882818275322415,-0.49798105679502797,0.7118913981583822,0.30430153351514155,0.3624068893224531,0.6253466538540056,0.7210086626730168,0.11579819373823438,-0.2884510498032869,0.5232181603644489,0.5868619609818205,0.703906096750607,1.5196630652385403,-1.9162469038035714,0.727457014523028,-1.1390918085883082,-0.7825353858951971,1.4897162350650546,0.19939907643594534,0.6640571908309498,-2.9112863319828777,0.5648980340015022,-0.7371009529429222,-1.4897162350650546,0.7825353858951963,0.49378541408539117,1.1664597564373458,-0.46413877257572894,-1.3231018101594472,-1.0233374705694662,-0.15100471279239655,0.02452383803125581,0.4557501964577793,-0.29429738304996345,0.25106641317809053,0.7310941790521709,0.2788583174334372,-1.3202085221226638,-1.057715808149347,1.8386539578449304,-0.7010026615289333,-0.04195727479570725,0.22417816752487937,1
-1.2030082367738797,-0.02473435322416849,-1.6032360836506476,0.5985369837740325,1,0,0,1,0,0,1.674915422061947,-0.7065588915512291,-0.3361399854376369,-0.32091426282975366,-1.051201965851812,-0.29538387061765237,0.6667395708020893,0.8132927373872647,-2.6733419569634465,1.6139594616486097,0.33477299161570057,1.5276097175316183,0.26595296940285057,0.0353235331408293,0.36661728809784755,-2.572577919644621,0.7866228311052883,-0.8371221561008586,0.6912331826893902,1.3979208031972914,-0.8918227453312072,-0.749000654522263,1.0693553018806599,-1.4003533747116714,-1.252508137756207,-1.3979208031972914,-0.6912331826893908,0.35452284597261524,0.8162299304530506,1.2947323775859891,-0.46604194401358573,-0.14716575181600602,2.169863164280005,1.9547584694419635,1.6738499195514247,0.7598912632898273,-1.1089772052064004,-1.1658209625447336,-1.9745761359043472,-1.268343436656712,-1.633101700716815,-2.1901898407886926,-0.8656330827735822,-0.32030321536567735,-1.940862533851798,0
-1.9483158451337743,-0.41125084279609675,0.27967722576327125,0.3052077222492148,1,0,0,1,0,0,-0.6091121756860305,-0.03670305728334969,1.9922190325252074,-0.7161319761574738,1.645451982436443,0.5252147248959023,1.7290697379924782,-0.9204293482788076,0.5953133561498319,0.06775409502491972,1.3656679471983972,-0.4040067125820858,-1.7564110039743137,1.7588955882071038,0.5713414121263946,-0.5322760509816468,1.4038312037807206,1.8722291312353445,1.4159231644047408,-1.9553123256192222,-0.6468458136008371,1.8356754506599622,-1.3486993997021912,1.3004835797793062,0.05243213055580167,1.9553123256192222,-1.4159231644047414,1.3293608227620468,0.26586877533487285,-0.6551885699208807,-0.806281790372998,-0.27233314020935756,0.6996301199807459,-0.709509049969999,-1.2606630497196296,-0.23228628620644656,0.6396503041450882,5.890703364195751,7.495322497960511,4.955466819257546,5.5761450708638085,6.121283192612955,7.201257558214223,5.58063072471769,6.966733494669389,1
-1.8455147957048228,1.1863506474345409,-0.8790386569529866,1.7718540298733036,1,0,0,1,0,0,-0.34411449859924853,-0.2751066094099387,-0.42569225535928473,-0.2115494783217901,-0.1016163406372893,-0.048086310225829085,-1.004884040789941,-0.7101864174600945,0.02120734707365645,-0.06935937836396538,0.10519550890318881,0.8032225077018584,0.2789045762478542,-0.4157517409564857,0.5142626021860442,0.15735592273087654,-0.16260393987875854,0.04729943233574627,0.513835114248652,0.5858842905209262,0.9819014793978252,1.4899301312838968,0.1291363730971739,-0.06753523787020106,-0.09058062403734113,-0.5858842905209262,-0.5138351142486527,-0.4253475354589299,0.41596727218528484,-0.1457224436671417,-0.04397226118798574,-0.10165033785478751,-0.08799472517957138,0.35076067714292497,0.12354118106860354,-0.23228628620644656,1.194770148383656,1.793366658346437,0.7897584364088047,0.7414286251489338,0.6684418695530556,0.37938770007212164,0.12214944469431245,0.45906541823023866,1.2139110595827887,1
-0.8175043014153137,-1.2873548858258006,-0.8790386569529866,-0.4281154315628296,1,0,0,1,0,0,0.1480240445619179,-0.5146731056932429,-0.7966945164632545,0.9862553043844773,-1.8197656645553943,-1.158018579470866,0.14414140908853557,0.004476637143413715,-0.37023542416658056,0.012982424284324593,-0.48922972402132886,0.7644444964112315,0.6749914934001251,-0.013481946992344507,2.050121671494076,-1.1263536343100695,-0.03454230634635568,-0.5838527076028494,0.33216239355632987,0.7131765006161427,-0.21390314071036706,2.04762256040788,-0.6257525495553794,-0.05178997733328658,0.06600407046004186,-0.7131765006161427,-0.3321623935563306,0.02029268250195297,1.9920014891146134,0.16359627584405784,-0.4574282770171454,-0.4430159425639276,0.6051151385615076,0.8401159358104279,0.7325910426154264,-0.17027518936292965,-0.1375174777889068,2.096873081001942,0.32447439948480933,-0.06248019957332482,-0.07617516788719629,0.9186817518577256,-0.12479618717266176,0.23638866577426285,0.5953280020465953,0
-1.5885121721324456,-0.7977673323680251,0.27967722576327125,-0.4281154315628296,1,0,0,1,0,0,0.8294466427850714,-0.636782242148325,0.4570372624398156,-0.5865144537776651,-0.17460072243731817,-0.03645930015315746,0.3584355127243336,0.7691209413900881,-0.010837061871021491,0.4136334210744644,0.15846338552226158,0.4486778854524459,0.28950969597264775,0.3990020434765776,1.5253660712082837,-1.655789384124908,1.1914270310482853,-0.10552757127529666,-0.34274413050805214,0.9518725779243598,-0.09973516518688057,0.47243561530967704,-1.6490940207046614,0.6226065827914214,-0.30903729615132525,-0.9518725779243598,0.34274413050805214,0.35452284597261524,1.391607501712964,-0.03655113089848297,-0.8838047933409655,-0.42594766232847037,0.6051151385615076,-0.13859458152457876,0.012804842605544792,-0.10826409251941274,0.029018475482663446,0.6552175733882943,0.561678026151944,-0.4385020692014777,-0.1777138548108673,1.2359135470257274,-0.37174181903963527,0.06938110143228039,0.8427612250610729,0
0.3647077670176212,0.7482986259196881,1.0038746524609323,-0.4281154315628296,0,1,0,1,0,0,-0.4576849316364408,-0.14543833593620858,-0.20820817126385424,-0.39671736743580244,0.33800048040491076,0.19473932321496668,1.8172834005745642,0.7130736765116822,-0.10883442141956959,1.8947993823306644,1.4913342928646145,1.4899270119743215,-1.3551186252685206,1.3503823362595027,1.0143534705404291,-0.2744378942483124,1.8496982529820933,1.4747664653922608,2.9837620671543017,-0.9271761482887021,-1.1776906867610883,0.03744103989729005,-0.12700331697467585,-0.7256225985569144,-0.49898520680582503,0.9271761482887021,-2.983762067154303,1.4686233908748227,1.1664597564373458,0.5093054329448095,0.279040251178545,1.0419244379208312,0.6996301199807459,1.0032343553662626,-0.26403600355210183,-0.17027518936292965,-1.192245181842186,-0.2553016945782196,-0.8615437338508666,-0.7885913960966542,-0.9900233502002335,-0.4771381468814831,0.9453015509175579,0.514734606344233,-1.569712699330082,1
0.10770514344524394,0.9802085196628456,-0.15484123025532542,-0.8681093238500562,1,0,0,0,1,0,-0.7226826087232228,0.4621999859474147,0.25234635976176334,-0.5257562401621299,1.4821225763695443,0.7617796606052595,-0.30763162093832896,-0.512210035556063,0.27249192865694954,-0.37982686176389674,-0.016137254077487413,0.6081517019335885,0.3793150038947444,-0.8662163556561892,0.12275793700653803,-0.21304700985782254,0.09095284363941193,0.1318700513728613,1.3918432757717942,-0.550966827225982,-0.43774391875695656,0.8260005549311037,-0.5865972937395024,0.603308868688538,0.14972465938105126,0.550966827225982,-1.391843275771795,-0.8152827261747027,0.11577027848446049,0.018034525485845748,-0.09565426316663046,-0.05044549714841698,0.25856020669096863,1.166352774922097,0.5111183656893089,-0.29429738304996345,-0.3318094232724056,0.9587239960437993,0.44307621281837667,0.054216242725068246,0.2961333508329291,0.5697267771729232,0.6983559190505837,0.45906541823023866,0.5334696962929761,1
0.3904080293748593,-0.02473435322416849,-0.4445202009343899,-0.8681093238500562,1,0,0,1,0,0,-0.11697363252486404,-0.4280337660179702,-0.68155588370685,0.11538757589513797,-0.9355171150992746,-0.4183618617709099,-0.9113654038005354,2.350053606899916,-0.08179162624861419,-0.6429514702496677,-1.0311240081085433,-0.2230200570496804,1.3491357403270179,-0.7420016356043134,2.1452738708313914,-1.6425547185970548,-0.5550414113582097,-1.441478051118973,-0.39487744041716594,0.08746187929198715,0.5258764875211615,-1.076434057272223,-1.5387971916993,0.31821639417736725,-0.06681104514605733,-0.08746187929198715,0.3948774404171652,-0.6203151308168162,2.2921984828154374,0.5184030423421971,-0.4703487775118068,-0.6478353053894121,0.8571550890128092,1.166352774922097,1.5631135810883663,0.139780294854656,0.22331042096616224,-1.1658209625447336,-0.8159276517994943,-1.3980061503215924,-1.2100238385348534,0.41111087958892223,-0.6186874509066087,-0.6543183440496418,-0.76555472453303,0
-0.2263982671988458,0.2587110724619126,-1.6032360836506476,-0.4281154315628296,0,1,0,1,0,0,-0.1295925695289965,-0.4274522939396127,-0.5920036137852022,-0.05242082361443573,-0.6569574689866775,-0.28822878749600833,-0.39624924923369703,1.541634379283547,-1.1036300257798388,-0.9195643672722504,-2.0469690379066274,-0.5438661226614406,2.2265695806570514,-0.5256303987078237,1.2861877162680524,-0.6060366638170492,-1.1243944115280191,-1.6263484125714271,-0.2947266082233409,-0.44946226314143684,0.025790525760895695,-0.8274669473990293,0.8996908158826775,0.1273418836376191,1.073347319719816,0.44946226314143684,0.2947266082233402,-0.5646101035717058,1.0163612595869336,-0.3549674598070702,-0.5995537824584191,-0.972132629863095,-0.4660546508565234,1.0847935651441794,1.397009073393778,-0.4183195767369984,0.0012624832707351544,-0.7864379342253526,-0.04957747333644305,0.4172718409867329,0.4484413812184362,0.09387908442092041,-0.9479482933959068,-1.211010225189582,0.10046155601764112,1
0.33900750466038404,0.5421564981479937,-1.6032360836506476,0.3052077222492148,0,1,0,1,0,0,-0.48292280564470574,-0.13090153397727022,0.29072590401389814,-0.5413797808061246,0.7573078294852779,0.3177173143682242,0.08214616508190155,-1.6935103264339544,-0.8655020649937273,0.4177365635759218,0.38074840368060053,-0.5184497844913992,-0.897321747929863,-0.842152745746665,-1.1476129349882507,-0.049877340185590445,-0.7343019702092326,-0.7657456876767563,-0.4194329849395745,-0.29111514316954507,-0.955695342972703,1.1747426250155557,1.133048400603069,-1.2924564112278591,-1.2425931960169336,0.29111514316954507,0.41943298493957376,-0.9266927806649233,-1.2351161931692491,-0.9099216330477515,-0.7933612898783374,-1.0062691903340089,-0.7811045889206503,-0.22015379130249568,-0.04256332662598434,-1.1004416420156866,-0.9146852597229018,1.0346006017076752,-0.12256320461863823,0.4691369264526849,-0.11002139686175369,-1.2702176348014877,1.1922471827845313,1.127095675598167,-0.8892713360402683,1
-1.0488066626304537,-1.2873548858258006,1.0038746524609323,1.0385308760612593,1,0,0,1,0,0,-0.23054406556205628,-0.3815159997493675,-0.822280879298011,1.0267607801281675,-1.8364317992282138,-1.086914940949528,0.7175857905097581,1.1005877180001684,0.04551727868375406,0.2871914042954664,0.17369501339150853,-0.3419046705769641,-0.04138746654623309,1.1755397293381127,-0.13496658181317406,-0.8181847508093556,0.281277420165144,0.7046243090639382,-0.16027754582615011,-0.30735587342307225,0.17676493691374687,-1.6457977414810712,-0.8844204139253891,-0.10906718420149375,0.4621164695175076,0.30735587342307225,0.16027754582614942,0.8280155775560533,-0.3345252120667762,-0.6642861793182697,-0.9484072958142716,-0.801449827508525,0.6366201323679207,-1.0357458890816678,-1.0945585420250417,-0.790386157798101,-0.026493508941193386,-1.6210805965279906,-0.669956189235104,-0.9830854665939747,-0.9561771212256767,0.728342674756924,-0.7833178721512579,-0.9883334727336057,-0.6418381130257917,0
0.544609603518286,-1.0039094601397194,-0.15484123025532542,-2.334755631474145,1,0,0,1,0,0,-0.7605394197356201,0.8808598823648394,0.15000090842273722,-0.5141832470925041,1.6855334053480153,1.074814547177188,1.2422163801894264,-0.04638823621717094,0.8514480181806662,2.0170083261101133,2.282582591284356,1.0125723588694047,-2.3421932956958935,0.4990591912344793,0.24176182047991018,0.7113952847708896,1.6207938196899088,1.9584925499960268,1.1169885469471594,0.2732122875090939,-1.2286780519064986,0.3058609945090824,-0.4490743100354039,-1.117696715028924,-1.055382374927638,-0.27321228750909315,-1.1169885469471603,0.10385022336961848,-0.18442671521636386,-1.1373618679824566,-0.6512357844370638,-0.03337721691295973,-0.844114576533476,-1.7697787770829225,-2.2019219266556282,-0.790386157798101,-0.9979532363586869,0.8828473903799233,1.6382175625643265,1.1044842234105985,0.5161338391675497,1.3628062650929278,1.6861384465184783,2.073471873536065,1.5850608941045057,1
-0.38059984134227254,0.6452275620338409,0.27967722576327125,0.3052077222492148,1,0,0,1,0,0,-0.5081606796529707,-0.11055001123475654,-0.16982862701171944,-0.4192847039215727,0.46982657517274634,0.2390114000301394,0.106311028825884,1.1494193568991167,-0.6893025887246043,0.3080505646412306,0.024521023726157783,0.8088928576809573,0.7746893129900607,-0.15274191352203154,0.7156065361514539,-0.7946023465579399,0.26500280887467553,-0.43479418122769276,0.1590389773671773,0.9455004604204603,-0.30044599376791714,-0.8607352209102186,0.14380100342739047,-0.1533841900762901,-0.45637042393299593,-0.9455004604204603,-0.15903897736717798,-0.5367575899491508,-0.03432821836595151,-1.6741208224283601,-1.7365578259886068,-1.5695224381040902,-1.0961545269847772,-0.22015379130249568,-0.319404172783631,-1.658541513607341,-0.4150773999081907,-0.9381911455531051,-0.5969704579529088,-0.4385020692014777,-0.4654068010946016,-0.857816301083085,-1.0302635040182315,-0.7656567202776299,-0.8274130302866491,1
0.9044132765196139,-0.5658574386248675,-0.15484123025532542,-0.13478617003801185,1,0,0,1,0,0,-0.7100636717190902,0.35462765145127084,0.5593827137788417,-0.5975087971938096,1.5731370076791473,0.7345009062039914,1.7876888218706508,2.2104500454965796,-0.52062462284214,2.047127661087865,0.9862396709001511,1.1109908784423608,-0.5860311695311154,1.4517252444176947,2.2799659029697796,-0.4431514284858753,1.9751158529397286,1.3013826659851988,0.5174554829923397,1.002053003267564,-1.0352780649167717,-0.7498922670915702,0.26638685218585034,-0.807046330524651,-0.011612994458260284,-1.002053003267564,-0.5174554829923405,1.106540713781605,1.7668537438389946,-0.5642124759469986,-0.6899972859210471,0.0519641842643253,-0.18250970659880966,-0.8726274695258333,-1.149926711256571,-0.4183195767369984,-1.053465220782544,-0.8623145398892288,-0.6790794056453779,-0.4514683405679659,-0.7192535184037778,-0.15990635171348128,-0.7010026615289333,-0.32030321536567735,-0.20882997275045564,1
-1.9740161074910114,-1.6738713753977288,-0.4445202009343899,-0.13478617003801185,1,0,0,1,0,0,3.2901393585909036,-0.7635431552302675,-0.6943490651242283,0.23979725139361502,-2.134250927389265,-0.7725384762922917,-0.7739520070154636,0.12401438982906726,-0.10782247066678625,-0.856836290122819,-0.5059926751128094,-0.7199752554333182,0.059230338826363874,-0.7009934739101182,0.6434444916632636,-0.6322572138947495,-0.7824791669626077,-0.40253477103851315,-0.10705812529392912,-0.8757814322965277,0.37577468625896426,0.47437492460669584,-0.4879605958353146,0.38163760192726615,0.26481840224295594,0.8757814322965277,0.10705812529392841,-0.5738942747792242,0.8162299304530506,0.5517609434659545,0.11538057824616953,-0.20406001926752979,1.1722050270769362,0.4595062901801475,0.5664865349208381,0.34648395099971346,0.44535835866158957,0.5793409677244183,0.36096726512590627,0.04124997135858002,0.19459466390925928,0.6966194952401235,0.8629863402952329,0.45906541823023866,0.2860364732784985,0
-0.3034990542705592,-0.41125084279609675,-0.8790386569529866,1.0385308760612593,1,0,0,1,0,0,0.2742134146032426,-0.5321172680439689,-0.5536240695330674,-0.08540385386286918,-0.8665882858874382,-0.34323348899364714,-0.013191673382950523,-0.7268809987010927,-0.48572752039605666,-0.31562350918903487,-0.8037854481183293,0.52333025856319,1.1819625153562718,-0.7682522855600437,-0.16128425399986382,-0.8303680367040445,-1.4232838239126393,-1.3843332196977685,-0.2493891336940558,0.9611011618955224,-0.7492852887311053,0.8360959573217622,-0.1704340041497197,-0.9849168775795325,-0.30657150171480263,-0.9611011618955224,0.2493891336940551,-0.7038726716844818,-0.10937746679115769,0.14540105704928116,-0.3153027715758717,-0.8355863879794388,0.5106001571422693,0.6769975162545934,0.8986955503100138,-0.5423417704240322,-0.8314172830871166,0.4275877563966659,-0.8068044353892204,-0.7626588533636787,-1.057715808149347,-0.0647368131630805,-0.9479482933959068,-0.6543183440496418,-0.76555472453303,0
-1.2030082367738797,1.2378861793774645,-0.4445202009343899,-0.8681093238500562,1,0,0,1,0,0,0.24897554059497767,-0.5303728518088963,-0.8350740607153893,1.428922289297663,-2.4872120971358442,-1.5121951939922478,-0.16857836501189388,0.2381619463964565,-2.159922129855259,-0.32527954465843945,-1.4483269171951747,-0.5288253206950637,1.3692809637483796,-0.5623931767996574,-0.08291793713822455,-1.198955115319303,-0.4318309082630432,-1.1688417926523373,-0.5702641928891875,-0.15567358143258175,-0.32752431558009937,-0.4099501148336048,1.7478516452264468,0.011235542951480158,0.7417494116323017,0.15567358143258175,0.5702641928891868,-0.5924626171942612,-0.18442671521636386,-0.32767463161490584,-0.8708842928463041,-0.972132629863095,0.006520256239666901,0.2692014673650073,0.6218547041523672,-0.5423417704240322,-0.38732140769626244,-0.482931511569848,-0.350643614875499,0.5599008260181015,0.5330569536548284,-1.0798785577006862,-0.7833178721512579,-0.9326642846196119,-0.20882997275045564,0
-1.7684140086331095,0.2587110724619126,-0.8790386569529866,0.5985369837740325,1,0,0,1,0,0,0.17326191857018283,-0.5199063543984607,-0.7711081536284979,0.6795709880393943,-1.614939811743614,-0.9250311853223309,-0.9408053995500377,0.3754479864181297,1.2410024040814647,-0.09386454994657047,0.5977784833257022,1.2095263865123573,0.03315938383779939,-0.8391063172017377,1.7758644040820926,0.2845322320844419,0.511442221095179,0.6537731947078868,0.6912331826893887,0.9640930772469049,0.4697876645572179,1.2637078314632277,-1.410564407144987,0.6339423029637402,-0.1388590270964401,-0.9640930772469049,-0.6912331826893894,-0.48105256270404034,2.81754322179188,2.1514239291733803,2.0103873174631492,2.185499213696451,1.487254965141063,1.4110304042558486,1.1201682272361313,2.620224168595341,0.5286263352973745,1.33810702436318,0.33359761589508324,-0.47740088330094144,-0.21156008378542468,0.9821281108913258,-0.28942660841731066,0.18071947766026855,0.7190446135538346,0
-1.5371116474179702,0.3102466044048362,-0.8790386569529866,0.3052077222492148,1,0,0,1,0,0,-0.785777293743885,1.0116910999952846,-0.5408308881156891,-0.10160604416034526,1.195046540387725,0.8565845119670434,-0.8035830612437225,-0.4067350941457467,0.4603086812796419,-0.575446013512589,0.6429413899638285,-0.38557550061736495,-0.5721664681354822,-0.3140078129448169,1.1447580062660008,-1.215118850603886,0.22200666922696555,0.03964105311940016,-1.0504933074560319,0.5159874767715705,0.803648901186766,1.705050121741491,-1.8503346469830597,0.99752845249221,-0.7971535227617513,-0.5159874767715705,1.0504933074560312,-0.28608496734615396,1.0914105080121401,0.07262018187017576,-0.5737127814690962,-0.4600842227993849,1.0461850518512859,-0.6279498401920818,-0.2086678343205727,0.20179139169817292,0.7229182807808735,1.5657368413548085,-0.040454256926167845,-0.9830854665939747,-0.5838686025055501,0.2207718024881207,0.2044646553166367,0.514734606344233,0.10046155601764112,1
-1.9483158451337743,0.20717554051898904,0.27967722576327125,-0.8681093238500562,1,0,0,1,0,0,-0.6091121756860305,-0.03670305728334969,-0.7199354279589849,0.2860892236721181,-0.33548599709037125,-0.24932302302206866,1.4770474112522962,0.08323559493650078,0.7322565541881504,0.7659522773323241,1.2043369546825222,0.06269532909597895,-0.8252603261431468,1.6661837742156715,0.7505496115343921,-0.35620939226453474,1.4579280922987827,1.9961614879269363,1.0387885820834852,-0.9447489169347935,-0.38903918551521444,0.6376406582269853,-1.3589753268380027,0.4109044281020192,0.3831661470008413,0.9447489169347935,-1.038788582083486,1.4129183636297125,0.5660657690356972,-0.30038180342274146,-0.43158727602782254,0.13730558544161034,0.9201650766256344,-0.709509049969999,-1.149926711256571,0.38782468222872474,-0.19302946221276363,0.9587239960437993,0.8992370333320981,-0.02358138547386016,0.1438253204474232,2.1241625734961316,0.6160407084282594,0.18071947766026855,0.7809029193074537,1
-1.280109023845593,-1.8542457371979617,-0.4445202009343899,-0.8681093238500562,1,0,0,1,0,0,-0.7731583567397526,0.9884322168609831,-0.3617263482723934,-0.27115039263036284,1.3408827561041061,0.9697242638280406,-0.023299054851039735,0.4531624549213368,-0.36136584194459276,-0.07607295079299058,-7.888806454251846e-4,-1.0185502795943804,-0.13819198325537038,-0.2423343049025852,1.8180413296447453,-0.43727572364501655,0.15796346821324436,0.3290110214255897,-0.4481121582821066,-0.9447489169347935,-0.20973967918839453,1.199294202675191,0.05457928021240968,0.2594035197813656,0.3222408090980983,0.9447489169347935,0.4481121582821059,-0.23037994010104354,1.6918044954137887,0.018034525485845748,-0.21193876761858224,-0.135786898325702,0.6051151385615076,-0.13859458152457876,0.06817301183707392,0.3258135853852078,-0.1375174777889068,1.2622304186993043,0.3062279666642602,0.28760912732185256,0.38074892326932136,0.28421816152172197,0.6160407084282594,0.18071947766026855,0.16231986177126023,0
0.3647077670176212,-0.7977673323680251,1.0038746524609323,-0.4281154315628296,0,1,0,1,0,0,-0.4576849316364408,-0.14543833593620858,0.4570372624398156,-0.5865144537776651,0.8007057032305716,0.3414185272086702,1.2155015014855115,0.5106941247445702,0.6830068074295201,1.1599785097302833,1.2438028265932712,2.372354678530615,-0.153391278889812,1.471482548446286,1.0175269681882508,-0.1745382237091447,1.9606566419029485,1.674341092748564,3.0946908841445384,0.16633209230480636,-0.21989640194533333,0.31839246624609563,-1.10908726904521,0.37709743271609647,0.017663602003425902,-0.16633209230480636,-3.0946908841445393,1.8028535543454847,1.391607501712964,1.0005763404037717,0.7441782689863493,1.5881094054554559,1.0776900456576979,0.8401159358104279,-0.4301405112466897,0.44983577907224165,0.0012624832707351544,0.6552175733882943,0.9813459810245673,0.1838789563899486,0.3299795798074865,1.5531453421937294,0.03983423407198747,0.1250502895462747,1.2139110595827887,0
-0.020796168340944693,-0.23087648099586283,-0.8790386569529866,-1.6014324776621007,1,0,0,0,1,0,-0.6595879237025604,0.11331673893289414,-0.1442422641769629,-0.42275660184246044,0.9012659350619028,0.41386374381531643,0.8917739535792236,-1.800699558654554,-0.628990594841512,0.8293735254077721,0.9234028401673059,-0.5536800334087572,-1.6840956907905433,0.8352161109769529,-0.954062835205178,-1.3546571389085649,0.3579580257648644,-0.07109074740992688,-0.4291756706205317,-0.3295023237687909,-0.4054952935999696,1.5157574512246899,-0.5014485675086572,-0.765485075248755,-1.2698751949171132,0.32950232376879157,0.42917567062053097,0.438080386840281,-1.0850176963188372,-0.9463120706373036,-1.4135453136220761,-1.2281568333949502,0.1325402314653172,-0.7910682597479163,-0.7069813574043363,-0.790386157798101,-0.4150773999081907,1.33810702436318,-0.14080963743918734,-0.37367071236903754,-0.6346379459673855,-0.3502454288142823,1.6861384465184783,1.6281183686241134,-0.332546584257695,1
0.33900750466038404,-1.2873548858258006,-1.6032360836506476,1.0385308760612593,0,1,0,1,0,0,-0.48292280564470574,-0.13090153397727022,-0.822280879298011,1.0267607801281675,-1.4816227148492067,-0.8941748893602409,-0.7950427111598555,0.3238488244943542,1.103461055083692,-0.9894685305227172,-1.026510188845291,-0.6101122245882955,1.0625114203353803,-0.6070034261817885,-1.2503434873717625,0.13385650992391254,-0.09427806154672468,-0.020967195302430883,-0.11972941589683889,-0.7133741297612541,0.49901557201559993,-1.6970593325431524,-1.3739553450626472,1.2432236375623134,1.3140431345464345,0.7133741297612541,0.11972941589683818,-0.6481676444393714,-1.2351161931692491,-0.4186507255887879,-0.28946177058654887,-0.3064697006802721,-0.37153966943728567,-0.38327221085833024,-0.3747723420151606,-0.5423417704240322,0.3620903820258042,-1.6210805965279906,-0.2959043164138529,-0.9312203811280227,-0.44848368660732285,1.4262526241265279,-1.1948939252628807,-1.545025353873546,-0.08511336124321738,0
-0.38059984134227254,0.5421564981479937,0.27967722576327125,-0.13478617003801185,1,0,0,1,0,0,-0.5081606796529707,-0.11055001123475654,-0.7839013350458762,0.8792051184904389,-0.9765561738802919,-0.764489007780442,-0.6249330347064357,0.5810359937788504,-1.1715466669307528,-0.9958060178005561,-1.8454685496507741,-0.8237086618093502,2.0240953002068216,-0.15401365313927434,0.880067192079931,-0.9195775789028101,0.26178577951053444,-0.46158166896911246,0.1359000988749071,-1.2582244350408798,0.7150959697868531,0.0841418573289715,0.6774567576663134,1.604851983741613,1.9485548379826116,1.2582244350408798,-0.1359000988749078,-0.48105256270404034,0.19081952690966666,-1.4284853686988783,-1.594432320547333,-1.4329761962204342,-0.844114576533476,0.02452383803125581,-0.04256332662598434,-1.2864749325462383,0.25106641317809053,-0.3311783002420958,-1.1991027410310207,-0.723760039264214,-0.11002139686175369,-0.826093121566285,-1.6887851889968277,-2.1573864231274804,-0.76555472453303,0
-1.6656129592041589,-0.41125084279609675,-0.15484123025532542,1.0385308760612593,1,0,0,1,0,0,-0.6722068607066928,0.238333235779764,-0.5536240695330674,-0.08540385386286918,0.39229269326476934,0.24929683201750275,0.9935172609740538,-0.2812323504795268,-0.1321809410085373,0.7786442599743219,0.18797085319780507,1.4343852947297462,0.6502102182167107,0.647338012128978,0.2186341609991977,-0.36226651416355116,0.45056330857367427,0.41704546886006644,0.9245237932415912,1.0393990221288592,-0.7346974219079778,0.6050231298795018,-0.18334713543852102,-0.6051272972021159,0.1627924138167106,-1.0393990221288592,-0.9245237932415918,0.6609004958207222,0.26586877533487285,0.1908891040362222,-0.031051760693324323,0.15437386567706757,0.5421051509486824,0.5954383064766764,0.17890935030013266,0.20179139169817292,-0.8036612908751883,0.27583454506891375,-0.7064490548762022,-0.6848612251647502,-0.8546384343020056,0.1890486229713212,-1.1948939252628807,-0.9326642846196119,-0.3944048900113141,1
1.2385166871637046,-0.46278637473902035,-0.8790386569529866,-0.13478617003801185,1,0,0,1,0,0,-0.81101516775215,1.4332583568044968,0.6617281651178678,-0.6108177392238793,2.6784048960754108,1.5743287876069647,-0.8002665944747489,0.5861564132935269,1.3346612730414247,-0.12555833804323902,0.08247104290814182,2.1501771646932264,0.8517661203309927,-0.3967042900192963,-0.5306875122716271,1.5803000989572604,0.21947258573361694,0.9203941533412422,0.1590389773671773,2.774852281213735,0.7164079279028036,-1.3361491724930177,-0.23647747577345124,0.3872464734518286,0.7913693556721213,-2.774852281213734,-0.15903897736717798,-0.3696425082138195,-0.4846237089171882,0.04532735367801011,0.8604627734383002,0.9224464762726329,-0.7180946013078251,-0.6279498401920818,-0.762349526635866,0.2638024885416898,1.3057941172313696,-0.9381911455531051,1.9301604876931084,1.4805060930387524,1.582290051866092,2.251055291563333,-2.018046031486126,-1.32234860141757,2.7603687034232727,1
-0.7918040390580765,-1.5450325455404195,0.27967722576327125,-0.8681093238500562,1,0,0,1,0,0,-0.6469689866984278,0.10168729736574346,-0.8094876978806327,1.0094012905237288,-0.8813816535575657,-0.7018820304660564,1.1737803805056117,-0.1916736789130172,0.39894544330161513,1.5484354311350783,0.8224223457307294,1.7595516853722846,-0.5331586861907409,1.2820210192808794,0.782901141586199,-0.6896598898861416,2.439677076915504,1.5727779781292757,1.894454864287434,0.5209213695068188,-0.3511898952030607,1.047371316665753,-1.2384134645341125,0.3273056565840232,0.46632225087089335,-0.5209213695068188,-1.8944548642874348,0.9672781456688292,0.491016520610491,-0.5460172571522233,-0.7933612898783374,0.10316902497069583,0.006520256239666901,-0.6279498401920818,-1.3160312189511594,-0.4183195767369984,-0.27629743884854874,1.1104772073715516,0.29710475025398503,-0.41256952646850126,-0.2623294272472596,1.6165917012273294,-0.4540570296619595,-0.26463402725168356,0.47161139053935697,0
-1.9483158451337743,-1.8542457371979617,0.27967722576327125,-0.8681093238500562,1,0,0,1,0,0,-0.6091121756860305,-0.03670305728334969,-0.3617263482723934,-0.27115039263036284,0.49767326542899815,0.18132354236188405,1.3274130084832967,-1.0169034642506318,-0.09096809127754624,0.7747101652228958,1.4238166746460281,0.37359956026445507,-0.992471709134046,1.7811993623322697,-0.013126782697571298,-0.09082344684525774,1.4652287785810885,2.313451636858221,1.4895244906727079,-0.9677470132502359,-0.06604668550091719,1.3825817953900523,0.03308762312584292,0.40631232211879265,0.4076038367321178,0.9677470132502359,-1.4895244906727085,1.4129183636297125,-0.18442671521636386,-0.5187244289600577,-0.4832692780064673,0.08610074473523979,0.7626401075935709,-0.6279498401920818,-1.2052948804881005,0.20179139169817292,0.27882240539001907,2.020996475338066,1.464876450769113,1.2600794798084554,1.3792126780187515,1.109020828958526,1.1922471827845313,0.7374113588002092,1.3994859768436472,1
-0.7918040390580765,-1.3904259497116478,-0.4445202009343899,-0.13478617003801185,1,0,0,1,0,0,0.4634974696652297,-0.5920088921147949,-0.31055362260288033,-0.3290153579784917,-0.5863240795336225,-0.20102621195097117,-0.401259486351167,0.2889162791034354,-0.023140705396406946,-0.3531826251705393,-0.38144252396278827,-0.4664142963704291,-0.16029103321848065,-0.49618667128244376,0.18247215461753222,-0.7433585597516198,0.4547237946340948,0.302527427123698,-0.04921092906325296,-0.5873266710771624,0.062177207954013776,-0.213750061328471,-0.7153695438290586,0.928023272005662,0.7912531130677116,0.5873266710771624,0.049210929063252244,-0.17467491285593337,0.7161642658861095,1.5828233418366175,0.8733832739329616,1.0419244379208312,1.8968198846244282,-0.05703537174666111,-0.04256332662598434,1.876091006473136,0.19555442875423396,-0.02767187758659086,0.5799244589724931,0.09311505682453199,0.46536449570571364,1.2359135470257274,0.12214944469431245,-0.15329565102369538,0.9664778365683122,1
-0.020796168340944693,-1.2873548858258006,-0.8790386569529866,1.0385308760612593,1,0,0,1,0,0,-0.6595879237025604,0.11331673893289414,-0.822280879298011,1.0267607801281675,-1.0253397591341906,-0.706353957417084,0.31339362730031556,0.36775805412300105,0.0026004108064755027,-0.614812958784336,-0.8511816817214133,-0.5309082934972778,0.7316908773523572,0.8890642053686952,-0.8407811494259011,-1.3098440294415552,0.5934679896323263,0.02744171357236213,-0.37315522795503414,-0.3540047794704373,0.45256101087256245,-1.347035568939354,-1.31982177739885,1.4190453424874225,1.1333693658892345,0.3540047794704373,0.3731552279550334,0.577342954953057,-0.9349191994684248,-0.6824813981130464,-1.1938968052128347,-0.9379960693921812,0.25856020669096863,-0.6279498401920818,-0.5408768497097485,-0.29429738304996345,0.44535835866158957,-1.2416975682086098,0.11464042204849642,-0.5940973255993336,-0.0423289389126401,1.4579758036433286,-1.0302635040182315,-1.266679413303576,0.34789477903211874,0
0.544609603518286,0.9029052217484598,-0.15484123025532542,-0.13478617003801185,1,0,0,1,0,0,-0.7605394197356201,0.8808598823648394,-0.7327286093763631,0.3555271820898727,0.32496486319829637,0.4026839264377476,-0.8254197173821076,-1.4126970709791928,0.8726297384020125,-0.3472378134019787,0.32152994271698265,0.2389774426275288,-0.5681933736057501,0.3776618017936824,0.0879007940462593,0.8134502462262568,1.3727534190052257,1.8983289309475588,0.9573302853504951,-0.6235317921885499,1.525121432462571,2.027028150385208,-0.3754750370501311,1.8302946756216736,1.4353440485530302,0.6235317921885499,-0.9573302853504958,0.04814519612450831,-0.25947596364157,-1.0008977270216337,-0.4832692780064673,0.0519641842643253,-0.7180946013078251,-1.6882195673050053,-2.0911855881925696,-0.6043528672675491,1.2225261405955843,1.6416134470186852,-0.42362934615769415,-0.5422322401333817,0.1607484349347019,0.09387908442092041,-0.9479482933959068,-1.266679413303576,-0.20882997275045564,0
1.2385166871637046,-1.6738713753977288,-0.8790386569529866,-0.13478617003801185,1,0,0,1,0,0,-0.81101516775215,1.4332583568044968,-0.6943490651242283,0.23979725139361502,1.2208646399555152,0.9169555258059154,-0.6881957549784661,-0.7276168918280667,1.2391306117449756,-0.4454994264531804,0.10133780938824392,-0.6544419332605028,-0.49135602887751245,-0.33702641911932,-0.5600877382219547,1.3772013560829952,0.13491383549715544,0.7540726340584445,0.05260013630273529,-0.9447489169347935,0.6202001229168556,0.4375934179396535,-0.30997851130564985,0.7356192337495114,0.6044610435072484,0.9447489169347935,-0.052600136302735995,-0.23037994010104354,-0.40957446049198204,0.4456221671630917,1.1317932838261862,1.1443341193335734,-0.37153966943728567,-0.46483142063624716,-0.5408768497097485,0.6978801664463103,0.77843026520473,0.6552175733882943,0.6529101902546883,0.37837302688726915,0.6684418695530556,0.8235122133073248,0.6160407084282594,0.18071947766026855,0.7190446135538346,1
-1.5371116474179702,-1.95731680108381,-0.8790386569529866,0.3052077222492148,1,0,0,1,0,0,-0.785777293743885,1.0116910999952846,-0.630383158037337,-0.03390403470303449,0.9787998169698778,0.8042629666400212,-1.3416793096910984,0.6662161582966327,-0.702591365640027,-0.7147585528572017,-1.2412203341220625,-1.8060707005465928,0.43317382141645633,-0.38657771137381347,1.0205004269886129,-1.182601259494916,0.49461418474362145,0.5833271960605034,-0.83882515761197,-1.6313284484388841,1.4793738459226609,0.10791234020463517,-0.2279342823817081,1.4560436513696229,2.1831526958490497,1.6313284484388841,0.8388251576119693,-0.20252742647848845,1.3165582532877582,0.8277217618533966,0.020630241285320403,0.22264698661889537,2.0228398598500785,-0.6279498401920818,-0.319404172783631,1.1939689411944467,1.1115021717478706,-0.1035484832504671,-0.5878472415426337,-0.6070635969658218,-0.0423289389126401,0.7600658542737248,-0.7010026615289333,-1.32234860141757,0.10046155601764112,1
1.2385166871637046,0.9029052217484598,-0.8790386569529866,-0.13478617003801185,1,0,0,1,0,0,-0.81101516775215,1.4332583568044968,-0.7327286093763631,0.3555271820898727,1.048156237724814,0.82751698678536445,-1.4110531500554266,-1.613688114129443,1.1625436204919695,-1.3133000888385225,-0.7075350692421883,0.12360468898614263,0.7347470642201753,-0.18191864529476232,-0.620349234605111,1.2974294333068102,0.20137177727761305,0.8990370167190441,0.6912331826893902,-0.5169746011139472,1.7803327870977468,1.5933853339010797,-0.28544461779855695,1.973860500251108,1.7975649056969225,0.5169746011139472,-0.6912331826893908,-0.09111737198826762,-0.4846237089171882,0.381938901381374,1.0284292798688959,1.0760609983917457,-0.24551969421163483,-0.05703537174666111,-0.3747723420151606,0.5118468759157585,1.5833540393506536,1.413983630027056,-0.13168642102891215,-0.2569742700706454,0.5161338391675497,0.47455723862252236,-1.1948939252628807,-1.4893561657595522,0.22417816752487937,0
-1.5371116474179702,0.2587110724619126,-0.8790386569529866,0.5985369837740325,1,0,0,1,0,0,-0.785777293743885,1.0116910999952846,-0.7711081536284979,0.6795709880393943,0.35708231377937705,0.25287437357832476,-0.6548322390843083,-0.4245905399553866,0.41584333264449314,-0.14529870375942622,0.3758054977647049,-0.816561055958489,-1.0257385066774647,-0.5163009427815202,0.860700995975589,-1.0186931434673174,0.5365509516965692,0.5732843168118316,-1.0255223183500044,-0.09659134035763388,0.3946783501920108,1.4449952043010346,-1.5921601333515445,0.7283239139656333,0.0711350020974195,0.09659134035763388,1.0255223183500037,-0.20252742647848845,1.4666567501381707,1.555530513644453,0.6795757665130432,0.8883099158017184,2.4324047793334436,-0.7910682597479163,-0.4301405112466897,1.876091006473136,0.7506742729928018,2.020996475338066,1.3280282046149967,0.15794641365697218,0.4484413812184362,2.1558857530129325,1.0276167615398821,1.0714264874841732,1.5232025883508855,1
-1.280109023845593,0.9029052217484598,1.0038746524609323,-0.13478617003801185,1,0,0,1,0,0,-0.7983962307480176,1.0291352623460106,-0.7327286093763631,0.3555271820898727,0.7812478189133183,0.51671806368895,-0.9238558835538864,-2.361893671527735,-0.6956154402187956,-0.2518184578999534,-0.2661948737508037,0.12360468898614263,0.16025510217724642,0.5657939019642652,-1.3767138599050952,-1.144352940550092,1.5499664039883545,1.456069062638486,0.6912331826893902,-0.5169746011139472,1.8499786955239261,1.8626114647465406,-0.19903473424168533,1.8771106446772199,1.7676344118460432,0.5169746011139472,-0.6912331826893908,0.7723105503109431,-1.1600669447440433,0.7822337148664557,0.007709740790658993,0.6322857122698633,2.0858498474629035,-0.8726274695258333,-1.2052948804881005,1.1939689411944467,2.0829618991653644,2.1727496866658176,0.7806352199985308,0.5469345546516133,1.3284433345569153,1.1407440084753266,-1.1948939252628807,-1.4893561657595522,1.0283361423219313,0
-1.5371116474179702,0.9029052217484598,-0.8790386569529866,-0.13478617003801185,1,0,0,1,0,0,-0.785777293743885,1.0116910999952846,-0.7327286093763631,0.3555271820898727,0.5918732820097946,0.5033022828358673,-1.7488682543186616,-0.48453153931533827,-0.7400138875130449,-1.1388441902156048,-1.13951567980353,-1.6373408892227699,0.5885421733477605,-0.4559669222130733,1.0804943310194541,-1.0278655133126955,0.5243051057699947,0.658325280309685,-0.8773392119444982,-1.3630033399023458,1.9762471036227702,1.7474502451010212,-0.021281939064731113,2.0583969967605515,2.1241526962280552,1.3630033399023458,0.8773392119444975,-0.17467491285593337,1.6167552469885829,1.3462854975045246,0.5116092600824467,0.7176271134471482,2.3693947917206186,-0.9541866793037505,-0.7069813574043363,1.6900577159425842,2.3882778134965768,2.2486262923296945,1.136440659999233,0.9488889670127426,1.836136769175269,1.4579758036433286,-1.1948939252628807,-1.712032918215528,1.3994859768436472,1
-1.3572098109173063,-0.41125084279609675,-0.4445202009343899,0.5985369837740325,1,0,0,1,0,0,0.6023057767106869,-0.6059642219953757,-0.8478672421327675,1.9381339843611969,-3.1290312281068706,-1.9638598160460299,-1.7380727031620933,-0.8454157630245123,-0.6807900673530999,-1.6716693890681664,-1.716449091023389,-1.277963193499766,1.2102379443723177,-0.8215345173545975,-2.621986603455321,-1.0673085807839626,-0.9037723446710978,-0.4606042772922819,-0.8569681418843186,-0.8930588049066626,1.5959647932328829,-1.4662889539926613,-0.1418793641667933,1.3621523112231215,1.7817774556531083,0.8930588049066626,0.8569681418843179,-1.038102835155144,-2.435904167972547,-1.7832921351970188,-1.9303653334085251,-2.0815708451678003,-0.40304466324369825,-1.0357458890816678,-0.8177176958673952,-1.720552610450858,1.63886602377451,-1.317574173872486,0.3700904815361815,0.2357440418559006,0.7869036709640054,1.1724671879921262,-0.8656330827735822,-1.266679413303576,1.0283361423219313,1
-0.6890029896291251,-0.5400896726534062,0.27967722576327125,-1.161438585374874,1,0,0,1,0,0,0.766351957764409,-0.6362007700699674,0.815246342126407,-0.634542375016612,0.009113354126676597,0.001104886235473924,-0.2551092995544171,-0.639356168049689,1.8983572308432073,-1.5925293473857276,-0.08942517070767449,-0.3103569052387101,0.47449611509829176,-0.5911407095622802,-0.5748476740764106,-0.016698585880149285,-1.6168117642713205,-1.3628855483593587,-0.38485180389618157,-0.04159846927444537,-0.23592514071678847,0.30166662494771623,-2.611898398310418,0.5482015378610372,-1.2143353722210524,0.04159846927444466,0.3848518038961809,-0.7317251853070371,-0.7848207026180125,-0.973604898829468,-0.8321227913623208,-1.347634795043149,-0.7811045889206503,0.8401159358104279,1.1755363964676604,-1.0384305451721696,-0.27629743884854874,0.19995793940503753,-0.21379536872138252,-1.488770049887009,-1.2269469530221315,0.664896315723324,0.9453015509175579,1.0157572993701793,-0.45626319576493324,1
-1.3829100732745436,0.43908543426214564,-0.4445202009343899,-0.13478617003801185,1,0,0,1,0,0,1.510869241008225,-0.6995812266109387,0.9047986120480549,-0.6455367184327565,-0.20779109239419508,-0.03914245632377399,-0.06636220475528541,2.7729717121412176,0.5179465328316587,-0.45548462422722746,-0.06878865453458892,0.49450580417567463,0.2719789099803928,-0.4079067907478098,4.4440357508511665,0.2395398599594203,-0.5545171430644059,-0.7588041379123401,0.18286856865026183,0.4930801176436292,-0.3152973979486985,0.645946758884071,-0.4673358035692495,0.06548063501919171,-0.6513959315440957,-0.4930801176436292,-0.18286856865026252,-0.23734306850668244,4.78758599295354,0.764038496071679,0.7829397704703327,0.5000065404450716,-0.048613482921555526,0.7993363309214695,0.7741171695390731,0.2948080369634488,-0.08200549336504998,1.0346006017076752,1.0634549287170376,0.6247321828505417,0.6176725260912207,0.4428340591057229,0.4514102871836102,0.793080546914203,1.0283361423219313,1
-1.1259074497021662,-1.6223358434548052,0.27967722576327125,-1.161438585374874,1,0,0,1,0,0,0.48873534367349464,-0.5873571154879346,0.5337963509440852,-0.5911436510055155,0.013311381968123778,0.005129620491398716,2.3317841242487556,0.49410858929978024,-0.7358729788960101,2.559586005173878,1.593247593027835,2.007029345055422,-1.5497015957480331,2.190029520600953,0.37075949723374907,-0.5840680948330284,2.2087013123139947,1.1530957971415126,3.3522042093004485,-0.5873266710771624,-1.0541508940333513,-0.30676082014575246,0.4190309060467097,-1.267725149306171,-0.9455262877516628,0.5873266710771624,-3.3522042093004494,3.4182993444536853,1.3165582532877582,2.629048422536261,1.8165798100432309,2.8682304231147313,1.9598298722372534,2.2266225020350205,0.5664865349208381,2.620224168595341,-0.794409293471212,0.19995793940503753,1.6868747167524554,1.6922885253580568,0.9504937776743629,0.7812146406182581,2.5367289562824986,2.3332614180680373,1.1932916243315823,1
-0.3291993166277972,-0.3339475448817109,-0.15484123025532542,-1.8947617391869185,1,0,0,1,0,0,0.8799223908016013,-0.646667267480403,0.5465895323614635,-0.5928795999659593,-0.15096961624042166,-0.03914245632377399,1.1397786029670796,1.1077203882664248,-1.0493665246778083,1.6779184828645304,0.5639511979844923,-0.7730817006865845,-1.3393311543202164,0.440136555398169,1.3484693787337638,-1.6018952450549904,0.713332970337359,-0.9579032392572804,-1.046543814281098,-0.016441821794354616,-1.1451106325302427,-0.169513974994422,-0.1752310418705245,-1.5594308574514633,-1.6683702498313324,0.016441821794355316,1.0465438142810974,0.4473645580477994,1.3165582532877582,0.14236852058348526,-0.7244519539068103,-0.4316370890736236,0.1745468898738673,0.051710241290561454,0.6587668169733866,0.03642846678212782,-1.0812212129944723,-0.17942508891434333,-0.058700689746716966,-0.1402778277722523,-0.7361766328910565,-0.3819686083310823,1.6861384465184783,1.8507951210800897,-0.7036964187794109,0
-0.6890029896291251,-1.3646581837401863,0.27967722576327125,-0.4281154315628296,1,0,0,1,0,0,0.766351957764409,-0.6362007700699674,0.5977622580309765,-0.600402045461216,-0.08238643007010554,-0.0252794827755886,-0.2764721384127037,1.1807578502511078,-0.035053616395439885,-0.6577752466721069,-0.8290408133074989,-0.25170700004738145,1.3752855188657462,-0.41327405908067066,-0.37932117104021995,-0.08055618834987144,-1.4892601144714268,-1.1062454830042543,-0.3364521793121226,-0.009609152108405178,-0.028497331832774947,-2.00062282728597,-0.0330317325667646,-0.5881129143719258,-0.0022397405678806492,0.009609152108405178,0.33645217931212196,-0.5924626171942612,-0.6347222057676005,-1.0008977270216337,-0.8838047933409655,-1.347634795043149,-0.6235796198885869,0.6769975162545934,0.954063719541543,-1.0384305451721696,-0.2855494362525249,-1.9498792210714542,-1.01967948496229,-0.8793552956620708,-1.0238695791747903,-0.32909664246974885,-0.48149543320273464,-0.5429799678216537,-0.8686519007890618,0
-0.3034990542705592,-0.7719995663965628,1.7280720791585935,-0.4281154315628296,1,0,0,1,0,0,0.5013542806776271,-0.5902644758797223,-0.08027635709007157,-0.44185204040734294,-0.37504104523915127,-0.11248205832062574,-0.13912911362839223,1.4562722911768318,-0.08362858661383873,-1.4446741436275448,-1.465271457360782,0.22863115210253127,2.0299173760818157,-0.8774207679962539,1.554176812477656,-0.2705634545372048,-1.9282542693840607,-1.6658678422032378,0.4783555005605047,-0.1626015385546773,-0.6832460737698792,-0.44183920898252005,-0.15756709929445242,0.03963763957759211,0.2785289446073275,0.1626015385546773,-0.4783555005605054,0.35452284597261524,5.819513158800124,8.451518436864713,6.8555750029611096,4.916424051369572,6.055479067070903,7.120175088710053,7.210666842704358,6.961000947641541,-0.4150773999081907,-0.02767187758659086,1.419260368717741,1.1044842234105985,1.0576735027604598,1.4579758036433286,0.03983423407198747,-0.04195727479570725,1.4613442825972665,1
-1.1773079744166424,-1.4934970135974959,-0.4445202009343899,-1.6014324776621007,1,0,0,0,1,0,0.16064298156605036,-0.5129286894581703,1.3781463244910508,-0.6837275955625216,0.5122529414376306,0.13392111668099205,-0.2604555203103706,-0.5220806519318971,-0.5932969170749172,0.5940320786057585,-0.3599811728556714,-1.1543998882796116,0.010453088915058356,-0.3955977192399195,-0.6815963162094871,-0.7239066132317583,-0.2813995754079755,-0.6279057198934463,0.19616880564547262,-1.7690215962405276,-0.033106838696864004,0.03376385232416026,0.08360042819551111,-1.081530016447473,-0.14503456840647172,1.7690215962405276,-0.19616880564547334,-0.3139374809687093,-0.5596729573423944,0.3182556355996563,-0.12149526415595328,-0.22112829950298704,0.4790951633358572,0.9216751455883455,0.8986955503100138,0.07776919801113909,-0.19302946221276363,-0.17942508891434333,-0.6243401071837319,-0.4903671546674297,-0.8546384343020056,0.09387908442092041,1.439192814651505,0.5704037944582268,-0.45626319576493324,0
1.0072143259485644,-0.2824120129387873,-0.8790386569529866,-0.8681093238500562,0,1,0,1,0,0,0.17326191857018283,-0.5135101615365277,5.8429666391560655,-0.7896204821495975,1.2259089340443872,0.21531018718969339,-1.2315769950248836,2.478264598480364,-2.209242125204654,0.3080362129924392,-1.4706521273693356,-3.3978624688575247,1.1942079308872773,-0.4964934863808789,0.7716040373941472,-0.7708898157811612,0.46303646708009627,0.00913245537521846,0.3041828515459622,-4.935963995678347,1.2164473499027895,-2.6285199506224295,2.245438074674415,0.04300198363167972,1.9208358573727582,4.935963995678347,-0.3041828515459622,-0.3696425082138195,0.9413120111617277,0.5456958705343614,0.03355074177998182,0.22264698661889537,0.7941451013999841,0.5138790966987595,0.40038202722625016,0.6978801664463103,0.3620903820258042,-2.4557232588306284,-1.9015904046221521,-0.7496925819971905,-0.685407289429221,-1.4922798914190887,-1.0302635040182315,-2.213055611241474,-2.3120123683735136,1
-0.4063001036995106,-0.2566442469673251,-0.4445202009343899,0.3052077222492148,1,0,0,1,0,0,0.7284951467520117,-0.6303860492863921,0.7512804350395157,-0.628177228828318,-7.673171483358087e-4,6.576935403711695e-4,0.7579006120486351,-0.44088836554368227,0.9913212593292576,1.2887097513793218,1.6816218509192498,-0.3604879539175527,-1.814149318481461,0.7160697555916937,-0.4118194730472436,-0.9566836570940441,1.524531784400837,1.0639507029612183,-0.663442976312604,0.16633209230480636,-0.3383907878054901,0.19258141042772445,-2.3165441841212107,-0.22926411286243786,-1.1474499850074005,-0.16633209230480636,0.6634429763126033,1.1900982546492709,0.04072103005925432,1.555530513644453,0.7183372679970265,1.3662217623945152,2.1173548412693166,-0.46483142063624716,-0.2086678343205727,2.0621242970036877,-0.15337804476715156,0.47094581677602393,0.8353745184601769,-0.62002986833231,-0.6612314115902519,1.8159945439043583,1.5567859726833975,1.8428423799209477,0.6041649028685409,1
-1.1259074497021662,-1.4934970135974959,0.27967722576327125,-1.6014324776621007,1,0,0,0,1,0,0.48873534367349464,-0.5873571154879346,1.3781463244910508,-0.6837275955625216,0.32496486319829637,0.07668045170783946,1.3596456615719257,0.0876581027281699,0.012595151874341159,1.923912600577443,1.3447823554300047,1.267440718490653,-1.760161082865344,1.22463820675575,-0.7081069983232982,0.2665789266289109,1.7626495296493923,1.6884453924202125,2.2117880550385642,-0.4649864905896614,-0.6669763231424262,-0.8296795432260851,0.25066811793606886,-0.8512687021455498,-0.09984462760400109,0.4649864905896614,-2.211788055038565,1.0972565425740868,-0.6847550380510711,-0.10023439668020068,0.05077807577286339,0.7631425274083669,-0.0354864021688832,-0.49201782389555315,-1.2791191061301395,0.34648395099971346,-0.7481493064513315,-0.9381911455531051,-0.7155722712864762,-0.4903671546674297,-0.7700228618656133,-0.2233527107470814,1.0276167615398821,0.848749735028197,-0.1469716669968365,1
1.0072143259485644,-0.4370186087675581,-0.8790386569529866,-0.13478617003801185,0,1,0,1,0,0,0.17326191857018283,-0.5135101615365277,0.38027817393554597,-0.5593179200640446,0.11553972577349417,0.03732749453879705,-0.9362417284827095,1.438614807380007,-0.5665021954236732,0.20278532796641313,-0.2634999096803871,2.046181935981199,1.2885352921763014,-0.3899721105825123,0.7272225732361052,-0.8517352063388103,0.5998119093156639,0.12751738829823023,0.04968400367083265,2.7414721241709117,0.9122113761130234,-1.24602836155521,-0.08148426226029208,0.32081332629355336,0.4670586981743013,-2.7414721241709117,-0.04968400367083336,-0.3139374809687093,0.7912135143113154,0.2909628074074919,-0.21193876761858224,0.03489590402886805,0.6996301199807459,0.18764225758709038,0.17890935030013266,0.5738579727592754,1.313724400720492,-0.9381911455531051,1.3176016715746817,1.0655854093111348,1.1519594263324398,1.272168609330642,-1.971008768273369,-1.258726672144434,2.018069034379841,1
-0.4063001036995106,-0.7204640344536393,-0.4445202009343899,-0.13478617003801185,1,0,0,1,0,0,0.7284951467520117,-0.6303860492863921,-0.5536240695330674,-0.09524089797205108,-1.092340981822366,-0.41120677864926586,0.4576762811254021,-0.21379716373417681,-0.9774933344393943,0.9147870774671061,0.30849830240316695,-0.8854577485733149,-0.6224004612162432,0.5376477578661933,-0.5095682788458669,-1.1177811227181476,1.5433424345864544,0.8540125893660185,-0.49837739391320257,-0.7133741297612541,-0.09919870523124406,-0.21703099867805514,0.21300390446798878,0.2945336148389111,0.4327141713267216,0.7133741297612541,0.4983773939132019,0.939425632046274,-0.10937746679115769,1.4008711538888534,0.49868875958778525,1.1443341193335734,1.9283248784308402,-0.30171300108041293,-0.09793149585751397,1.752068812786101,-0.08200549336504998,-0.17942508891434333,0.0872707728176734,0.1838789563899486,0.2961333508329291,0.062155904904119784,0.4514102871836102,0.1250502895462747,0.16231986177126023,1
-0.3034990542705592,1.0059762856343069,1.7280720791585935,-0.8681093238500562,1,0,0,0,1,0,0.5013542806776271,-0.5902644758797223,0.16279408984011548,-0.5083967505576912,-0.19654737023874264,-0.06105489838380897,-0.4862563491593265,0.6721138132949348,-0.24976929111614046,-1.093375313459345,-1.1293391085332873,-0.9882245031944958,0.703014995732661,-0.8041601385734524,0.9950343285522713,-0.823840029648722,-1.3600364595948093,-1.2341831842838362,-0.8901438845537553,-0.4649864905896614,-0.12735604503468753,0.0743062452624334,-0.48643679069083906,0.1284906374229381,0.26325648637791854,0.4649864905896614,0.8901438845537545,-0.29536913855367236,2.3172148989571726,3.1142542570636307,2.031921484954252,1.2182966670205544,2.904979686429634,1.6828944368489056,2.5966527400769133,2.8269278247403977,-0.19302946221276363,-0.02767187758659086,-0.2776578835933038,-0.47740088330094144,-0.39771434314548676,0.37938770007212164,0.12214944469431245,-0.09762646290970158,-0.1469716669968365,1
0.6731109153044746,0.6452275620338409,1.0038746524609323,0.3052077222492148,1,0,0,1,0,0,1.8768184141280666,-0.7187698051967374,-0.2210013526812325,-0.40192521431713407,-0.9714729273278778,-0.2421679399004246,-0.637618717929005,1.6481910437790073,0.10974912792425623,-1.0035647974937736,-0.9542675767409542,2.101678269763307,3.992288237727648,-1.3222035425984253,1.3399699316770903,-0.08836121641142797,-1.918724204968126,-2.2329172728835256,1.9434548422710636,0.9389436438584764,-0.4345058520743716,-0.9198414707361708,-0.23882523546026677,-0.546822780307025,-0.9394145289496161,-0.9389436438584764,-1.9434548422710642,-1.038102835155144,2.4422969796658496,2.4470962345884972,2.0103873174631492,0.9053781960371756,0.8571550890128092,7.120175088710053,5.549621765758477,0.139780294854656,-0.4150773999081907,-0.8623145398892288,-0.0039613912850709025,-0.127311556405765,-0.33002188519637315,-0.3185222492974822,-0.4540570296619595,-0.04195727479570725,-0.332546584257695,1
-0.38059984134227254,-0.8235350983394863,1.0038746524609323,-1.8947617391869185,1,0,0,1,0,0,-0.5460174906653681,-0.08845407225717024,0.25234635976176334,-0.5315427366969427,0.8644811057528708,0.3427601052939785,0.3057952407247337,-0.2103893960272005,-1.4308168268892025,0.845959303834533,1.1203418175501587,-0.3521113005393403,-1.463219030349236,-0.8091269355890062,0.3528923563341128,-0.0822779147525235,-0.5525213990552262,0.03501596782705145,-0.9813771768947055,0.4930801176436292,-1.2336858264979231,0.6422858644262378,1.8732931655305438,-1.6907072040349174,-1.4223129553587233,-0.4930801176436292,0.9813771768947048,-0.7874302125521474,0.26586877533487285,-0.1548200530645294,-0.173177266134598,-0.3747428216220998,0.3845801819166189,-1.0357458890816678,-0.762349526635866,0.139780294854656,-1.0257092285706153,1.1694923451101218,1.403041317321699,2.333398609589964,1.2701526068785123,-0.9635602328057525,1.2562701243796726,1.7456422101981004,0.9870972718195186,1
-1.3829100732745436,-1.1069805240255675,-0.15484123025532542,-0.13478617003801185,1,0,0,1,0,0,-0.34411449859924853,-0.2751066094099387,0.6873145279526244,-0.6194974840260986,0.7340204451583188,0.26718453982161294,0.5526714129568248,-0.8300778680008332,0.35939705348004536,1.7314244675101351,2.1993365002345637,1.2745703497143728,-1.645423694236469,0.1276256380253712,-0.39808824578846347,-0.6826138351736807,0.7300668586815456,0.6171956507652303,0.9573302853504951,0.7888934186900178,-0.6409810194824213,0.7405118585057063,-1.1772688853020277,-1.6151209535563102,-2.2566737393458856,-0.7888934186900178,-0.9573302853504958,0.438080386840281,-0.03432821836595151,1.2280165753384769,0.6278937645343975,0.9224464762726329,1.6762849279795395,1.0032343553662626,0.5664865349208381,1.3179911348814817,-0.49834537654397587,0.9587239960437993,0.6437869738444144,-0.11434528503927678,-0.7361766328910565,0.37938770007212164,1.1922471827845313,1.9064643091940836,-0.2706882785040748,0
0.08200488108800677,-1.0554449920826439,0.27967722576327125,-0.13478617003801185,1,0,0,1,0,0,2.5456220753470875,-0.7426101604093962,-0.016310450003180245,-0.4603688293187442,-0.9337649789638196,-0.21533637819425933,0.17406399942331582,-0.1363860142095948,1.0604657629242682,-0.8711299627151535,-0.5182921339621865,0.03765438114890101,-0.08777112143265163,-0.1492340253640786,2.3059365122753435,-0.08200768352243795,-0.17357113390253154,-0.7141823986922939,-0.24010667662448304,0.28949096339405445,-0.3911531081585785,2.4972306618184956,-1.5321020368800289,1.0047302138048382,-0.023454949990050284,-0.28949096339405445,0.24010667662448232,-0.28608496734615396,1.7668537438389946,-0.600602913536552,-0.5478717804797735,-0.5795621844475838,-0.8756195703398886,-0.38327221085833024,-0.319404172783631,-0.8523972546416179,-0.3040534310604773,2.5521327149851984,0.3518440487156324,-0.5292659687668935,-0.1269445113490324,0.9821281108913258,0.36909507656128593,0.5704037944582268,0.6571863078002155,1
-0.48340089077122306,-0.30817977891024867,-1.168717627632051,-0.8681093238500562,1,0,0,1,0,0,0.059691485532990585,-0.48618097385372366,-0.06748317567269331,-0.4511104348630436,-0.10052647754487275,-0.0252794827755886,0.7745709279693103,-0.40243090926347297,-1.237069169410249,1.1991202089521484,0.35830625454273035,-0.6235723281429972,-1.1955651537435823,0.26399870782821394,0.797094555788052,-2.8448422981122587,0.5126852729755194,-0.8300087947128828,-1.7234987339964678,0.8588667777610675,-0.8132753322282645,1.3508608802766344,-1.1676771574111784,-1.111564100921635,-1.2761577192336981,-0.8588667777610675,1.7234987339964665,0.32667033235006016,0.8662627627365218,0.3091580262022686,-1.2714198081808024,-1.040405750804923,1.7707999093987767,-0.8726274695258333,-0.1532996650890431,0.139780294854656,-0.7203933142394032,1.413983630027056,0.31535118307453414,-0.3607044410025493,-0.7530997473783346,0.7917890337905242,0.6983559190505837,1.3497724280541432,-0.023255055489598248,0
-0.48340089077122306,-0.5400896726534062,-1.6032360836506476,-0.8681093238500562,0,1,0,1,0,0,0.29945128861150755,-0.5449096537678346,1.6595963156733726,-0.7022443844739228,0.5043904375654562,0.12363568469362869,-0.13433889126665832,-3.039828912908111,0.5693365654522544,-1.283514424010647,1.1740996499351797,2.6233889230429095,0.6742637831967397,-0.8363668871931415,-0.41785037574403444,0.07122398984868944,-1.9898041715802532,-0.7138429094141715,0.06934332478478145,3.5092157361558383,-0.648886440595464,3.7536672482221345,-0.7067289168785391,-0.23911057387946644,-2.223315710373327,-3.509215736155838,-0.06934332478478215,-0.7595776989295921,-0.3345252120667762,0.20908432283099887,0.21443774870523882,-0.6136987449184976,0.8886600828192224,1.0032343553662626,1.0648000580046022,0.3258135853852078,-0.7481493064513315,2.8556391376407038,-0.8068044353892204,-1.0090180093269512,-1.0238695791747903,-1.8095116865870906,-1.853415610241477,-0.5429799678216537,-1.0748462533011267,1
0.2619067175886707,-0.2051087150244015,0.5693561964423357,-0.4281154315628296,1,0,0,1,0,0,-0.7605394197356201,0.8983040447155654,0.07324181991846762,-0.48814401268584606,1.6335371384735209,1.0681066567506465,1.2499108192898931,1.1361986623384257,-0.8475639679463354,1.4186047844494638,0.32742692101594983,-0.014325216784490119,-0.23214275720466349,0.47042410042015814,1.6351318519576394,-1.6679689419639387,0.824884094824163,-0.04680620947500296,-0.30219600057873947,0.28017642692511974,-1.2679892021237988,0.07857087285061044,-0.5174995906185721,-1.098502594897245,-0.4713681868329973,-0.28017642692511974,0.30219600057873874,0.8001630639334981,2.142099985965025,1.1916261377489248,0.007709740790658993,0.3421249482670949,1.9283248784308402,0.8401159358104279,1.1201682272361313,1.6280466190990672,-1.2755131584779709,-0.2553016945782196,-0.9618991143638861,-1.047916823426415,-1.3454087544330806,-0.0012904541294803558,-0.20711139779498602,-0.09762646290970158,-1.198562864808365,1
1.110015375377516,-1.2615871198543382,2.1625905351771904,1.0385308760612593,1,0,0,1,0,0,0.4256406586528323,-0.5728203135289962,-0.7711081536284979,0.7085034707134588,-1.7618301144065251,-0.9880853553318193,0.626739934880029,3.633707124681173,0.29204903077997635,-0.8443315985312816,-1.5069637259618855,-0.14093266799046353,1.6457585609934742,1.7983787354042184,3.924094731619277,-0.8664901686092504,0.9855483091247078,0.03158788559480997,0.74955583532744,-0.9356157016516281,0.9254217067733091,-1.056305106362633,-1.2699798642356697,2.1178903506950206,1.989966070953229,0.9356157016516281,-0.7495558353274407,1.9421161224582606,4.093380445020383,0.5638910893291381,-0.0052107597040024186,0.39332978897346543,0.5421051509486824,0.5138790966987595,0.17890935030013266,0.139780294854656,1.0837461795359422,-0.8623145398892288,0.6437869738444144,-0.16621037050522874,0.6684418695530556,2.2827784710801327,-1.3595243465075295,-1.7677021063295222,1.275769365336409,0
-1.5371116474179702,0.6709953280053031,0.27967722576327125,1.0385308760612593,1,0,0,1,0,0,0.2742134146032426,-0.5379319888275442,1.8898735811861813,-0.7126600782365861,0.5767398073016438,0.13705146554671133,0.5797635295575793,-0.47800320698821075,0.23130087552952122,1.0100229666898426,1.600496569065971,-0.30103170628824166,-2.8320106375815737,-0.451252097671511,0.03214724511970217,-0.11987522758256045,0.24507900146990194,0.7584785599231968,1.1360522199736263,-1.5372941035987358,-1.2570610799110316,0.6882788072013949,-0.43665908847165,-1.1214597241298854,-1.3402172377575066,1.5372941035987358,-1.136052219973627,-0.5089050763265954,-0.10937746679115769,-0.4095531161914002,-0.40574627503850064,-0.2894014204448148,0.3215701943037938,0.35076067714292497,-0.1532996650890431,-0.35630847989348147,-1.0257092285706153,1.33810702436318,1.6868747167524554,1.1520272184210547,0.555621106304533,1.0455744699249259,4.731801239544486,3.724991120917888,-0.04387449074080463,1
-0.38059984134227254,0.5163887321765315,1.0038746524609323,-0.13478617003801185,1,0,0,1,0,0,-0.5460174906653681,-0.08845407225717024,-0.13144908275958464,-0.4297003976842359,0.5861240999858659,0.26405419095589366,-0.7997597050837693,-0.2839667189245395,0.12075318963446935,-0.800382593082531,-0.12074073864028226,-0.26730854096049156,-0.6803965595734878,-0.7529405504889716,0.09484833256055566,0.050451829764051916,-0.7192383333873951,-0.19629108423742947,-0.9140739284464625,0.5419904249708541,0.3597560118081131,0.4847702108511431,-0.11437443212915951,0.36808082733764375,-0.03467116517179782,-0.5419904249708541,0.9140739284464617,-0.7317251853070371,0.04072103005925432,-0.12752722487236504,-0.08273376267196997,-0.3576745413866426,0.19555021907814235,-0.7910682597479163,-0.4855086804782194,0.07776919801113909,0.25106641317809053,0.35171115073279,-0.25028823436248077,-0.2699405414371327,-0.11002139686175369,-0.3819686083310823,-0.04248097655033679,0.23638866577426285,-0.2706882785040748,1
2.4978295426683537,0.43908543426214564,-0.8790386569529866,-0.8681093238500562,0,1,0,1,0,0,0.6527815247272168,-0.6175936635625264,0.4570372624398156,-0.5795706579358897,-0.10079646612919696,-0.02706825355599962,0.5815114879971893,0.6588279927761539,-2.8256291439785124,1.7424742090945378,0.07874486821276327,0.8966998948572811,0.6197512342447102,-0.2505884972857865,0.10739784037311084,-3.620946378102669,1.117731164504788,-0.8640292959007313,0.387122208219553,0.8390486150612049,-1.0589909535130024,-0.7966732972188131,0.22402779169958734,-1.2456471519110452,-0.9459286230727694,-0.8390486150612049,-0.3871222082195537,-0.03541234474315745,0.41596727218528484,0.9459906840194431,-1.3101813096647865,-0.8867912286858101,2.7789597112039837,1.6557080335896,1.5631135810883663,0.5738579727592754,-1.053465220782544,-0.8623145398892288,-0.5057382938501646,-0.32180562690308556,-0.7700228618656133,-0.5405845059150832,-0.4540570296619595,-0.09762646290970158,-0.8892713360402683,0
1.0072143259485644,-0.30817977891024867,0.5693561964423357,-0.8681093238500562,1,0,0,1,0,0,7.97176498712405,-0.8071535611070826,-0.06748317567269331,-0.4511104348630436,-1.6050447422980711,-0.27212985047230914,0.35877656389709484,0.6981887819355407,-0.3943700051609813,0.34827164704314384,-0.2128991573683961,-1.3081090042071162,-0.6196793335608369,-0.11435849961979494,1.9941200372105006,-1.7151073750440726,-0.46768536558020446,-1.0475922493996088,-1.8749635333848382,0.07546133969578361,-0.6131532110638348,1.039379663081253,-1.1844004990661534,-0.9342413292607398,-0.7459906027314841,-0.07546133969578361,1.8749635333848376,-0.14682239923337803,1.7668537438389946,-0.13662483426975403,-0.9871687972982559,-1.091610591511294,0.7311351137871589,-0.709509049969999,0.17890935030013266,-0.29429738304996345,-0.49834537654397587,1.1863538130354276,0.4795690784594736,-0.24400799870415715,-0.5838686025055501,1.3628062650929278,1.0276167615398821,1.1827648637121608,0.038603250264021984,0
-1.5371116474179702,-1.2615871198543382,0.27967722576327125,1.0385308760612593,1,0,0,1,0,0,0.2742134146032426,-0.5379319888275442,-0.7711081536284979,0.7085034707134588,-1.6776803259814614,-0.961253793625654,-0.8325530171595833,1.1375461129955282,0.7001109087112221,-0.9848414824829537,-0.8714218341041762,0.15830201893739215,1.3161174949581287,-0.1733635907949976,0.41770453410730307,-0.2138937704327656,0.7262515748275604,0.9094816554697435,1.0520428134163116,-0.827498180191446,0.9844623797064683,-1.1428705070138419,-1.1720176775108633,2.0505959358581736,2.0208228833860233,0.827498180191446,-1.0520428134163122,-0.28608496734615396,0.19081952690966666,-0.50962681956267,-0.5349512799851129,-0.23819657973844427,0.1325402314653172,-0.13859458152457876,-0.5962450189412776,-0.4803306735805153,1.1670141561717275,-0.9381911455531051,0.7076494887163344,-0.06248019957332482,0.7530574419894479,2.314501650596933,-1.4418395571298541,-1.823371294443516,1.3376276710900281,0
-1.100207187344929,-0.7462318004251005,-0.15484123025532542,-0.4281154315628296,1,0,0,1,0,0,0.6906383357396142,-0.6251528005811743,-0.5024513438635544,-0.1247520302995968,-0.9747452314521878,-0.38437521694310056,-0.3966331167937603,-1.021162532468946,0.45598014420068583,-0.8499267748990897,-0.9089272272424138,-0.2925726257588135,0.4360860429536599,-0.5602068079387524,0.28328452490060446,-0.8723155526958863,-0.8769356040237312,-1.341356024026954,-0.8293216896597884,0.42347698798565403,-0.008224037754604827,1.685365841189174,-1.4999331372157572,0.27864190653069365,-0.12792317269325754,-0.42347698798565403,0.8293216896597884,-0.45320004908148526,0.41596727218528484,0.43652455776570404,-0.10857476366129187,-0.4430159425639276,0.41608517572303205,0.2692014673650073,0.7879592118469556,-0.046252995675895824,0.08453045990652028,1.793366658346437,0.41570656358755365,-0.46443461193445323,-0.33002188519637315,1.3945294446097283,0.2044646553166367,0.45906541823023866,0.40975308478573785,0
-0.3034990542705592,0.2587110724619126,-0.8790386569529866,0.5985369837740325,1,0,0,1,0,0,-0.05387894750420167,-0.45594442577913186,-0.7839013350458762,0.8965646080948776,-1.5486239375373885,-1.0435372495245607,-0.8750582029833145,-0.11184571665370902,0.5618743263218872,-1.2522276781954138,-0.5752834438267684,-0.06144422987166908,0.619624323856478,-0.6979014969039674,0.9796642402113179,-1.106283629024952,-0.9900903962001039,-0.8995008636569516,-0.2444928926024105,0.15868247298249136,0.5194547799428544,1.13491788600364,-1.879809384566987,0.7099221176442406,-0.13029086768723094,-0.15868247298249136,0.2444928926024098,-0.5924626171942612,1.0914105080121401,0.41832933897092733,-0.25070026910256554,-0.6136987449184976,1.140700033270523,0.9216751455883455,1.1755363964676604,0.015758101167622184,0.8616982418405155,1.6416134470186852,1.2459192569225261,-0.07544647093981212,0.2115177783965368,2.187608932529733,1.0276167615398821,1.2384340518261547,1.646919199858125,0
0.2619067175886707,-0.7462318004251005,0.5693561964423357,-0.4281154315628296,1,0,0,1,0,0,-0.7605394197356201,0.8983040447155654,-0.5024513438635544,-0.1247520302995968,1.0027398063979185,0.7872696442261166,0.3594861662127486,-0.08818992685596275,-0.5346814288890379,0.336197711230164,-0.09628233008088186,0.15646475753680233,0.10647382151433309,0.652331857051626,1.1866163960203238,-2.100106988626684,1.0037469035363924,-0.0378204686742989,0.013895103188392356,0.19961827368027837,0.15192804039178148,1.309769698706845,-1.3794775647987156,0.5411168293043243,0.08824741812163547,-0.19961827368027837,-0.013895103188393775,0.9672781456688292,1.6167552469885829,1.1006500437750428,-0.3153027715758717,0.08610074473523979,2.211869822688555,0.9216751455883455,1.009431888773073,1.4420133285685155,0.19555442875423396,1.33810702436318,0.24236545179233895,-0.5292659687668935,-0.29617565622181696,1.1724671879921262,0.12214944469431245,0.23638866577426285,0.22417816752487937,1
-0.48340089077122306,-1.1069805240255675,1.4383931084795292,-0.13478617003801185,1,0,0,1,0,0,1.5613449890247548,-0.7019071149243689,0.6233486208657331,-0.5992447461542535,-0.3361162289790591,-0.07670664271240538,0.3544781589296138,1.200346900101293,-0.15624727929059534,0.3736294633736648,-0.19811605176791314,-0.09077637720123147,0.26620576290583653,0.0468518387695975,2.342683191709756,-1.2034041849279238,-0.33936451130162676,-1.487574415441263,-0.7555083463418667,0.625495827724652,-0.44609670368656945,0.6993348030608079,-0.995709884890309,-0.8412573406541632,-1.1947663135886888,-0.625495827724652,0.7555083463418653,0.24311279148239442,2.667444724941468,0.8095265430586199,-0.0052107597040024186,-0.135786898325702,0.4475901695294441,1.166352774922097,1.839954427246013,0.8839134569768611,-0.38732140769626244,0.7310941790521709,0.19674936974096682,-0.3607044410025493,-0.6515610604546642,0.4428340591057229,0.28677986593896093,0.6817421706862145,-0.3944048900113141,1
-0.020796168340944693,0.7740663918911503,-0.4445202009343899,0.5985369837740325,1,0,0,1,0,0,0.7284951467520117,-0.6315489934431072,3.655332616784382,-0.7630025980894581,0.6773806933083397,0.10395920610910749,0.6587402706435026,-1.7458982401452283,1.5000785760056536,0.20616655729621136,1.666869313817384,3.364700634554899,0.13427226176683485,0.16557263060674723,-1.2314036478328183,1.63069821385772,-1.1926021885058367,-0.3272850219011184,0.02438743144227863,4.56486320263511,-0.750556160226493,1.1627069839534097,-0.4119632253387157,-1.4610816334286616,-2.4865418675213213,-4.56486320263511,-0.02438743144227934,0.24311279148239442,-1.0850176963188372,0.35464607318920965,1.183475285804831,0.5640125913280355,-0.5920746260821743,0.6769975162545934,0.7325910426154264,0.139780294854656,-0.7481493064513315,0.9587239960437993,-0.2594114507727547,-0.4255357978349895,-0.939254006738398,-1.175048096251087,-1.853415610241477,0.5704037944582268,0.16231986177126023,1
1.3927182613071303,-0.2051087150244015,-1.6032360836506476,-0.4281154315628296,1,0,0,1,0,0,0.9682549498305286,-0.662948485674414,0.07324181991846762,-0.48814401268584606,-0.4539157873694365,-0.13260572960024972,0.05977716867914893,-1.076126888277007,0.8068089752293368,-0.21515875246863372,-0.2932971489126279,-0.7471992827396796,-0.4475330328904882,-1.2662769970543897,-0.9114983849314056,0.5310398736988635,-1.4729289695116317,-1.252346276519973,-1.3422252734671216,0.312111980532898,-1.3483706635559878,0.5638988537830016,-0.569291037621995,-1.169865559018543,-0.8413717315001205,-0.31211198053289735,1.342225273467121,-1.2609229441355856,-1.009968447893631,-0.7552622732921518,-0.39282577454383927,-0.9209277891567239,-1.033144539371952,-0.709509049969999,-0.1532996650890431,-0.8523972546416179,-1.3587811351137562,0.04820472807728505,-1.1899795246207467,-1.2553771652902237,-1.5484861282804228,-0.4136917878478824,-0.12479618717266176,0.013711913318286572,-1.4459960878228426,1
0.030604356373531493,-0.2566442469673251,-1.8929150543297122,0.3052077222492148,1,0,0,1,0,0,0.5896868397065544,-0.5966606687416551,0.7001077093700027,-0.6200761336795798,0.03914592582330571,0.020334172124892372,-0.19969655142380133,-0.3663590719832315,1.0023026510491138,-0.07960284793795266,0.6343327260254115,0.07279514245958345,-0.6954820099348152,-0.6183364507011975,-0.17084037962881699,-0.7949773654449077,-0.40473898900952293,-0.42069886177494137,-0.3268774709704952,0.4234769879856554,-0.34015157999662443,0.33169518177872853,-2.1690568862689883,-0.2937939412040546,-1.2353941670242485,-0.4234769879856554,0.32687747097049447,-0.5274734187416323,-0.05934463450768712,0.3394833908602289,-0.14302943164705503,-0.2894014204448148,0.8571550890128092,0.18764225758709038,0.3819259708157405,0.03642846678212782,-0.22772445247767412,0.4844952106445732,0.48184988256204275,-0.7821082604134105,-0.8334845411929076,1.3231522906969275,1.1305107748177878,1.5446145864531222,0.3942885083473328,0
-0.3034990542705592,-0.8235350983394863,-0.8790386569529866,-1.8947617391869185,1,0,0,1,0,0,-0.09173575851659908,-0.44722234460376886,0.29072590401389814,-0.5315427366969427,0.2666721845136325,0.06684221241557886,0.4934428316999238,0.1652262401480152,-2.2720580940107236,0.9507993582789017,0.688016805278292,0.4138862716370339,-0.08026788314220108,-0.6046111084658945,0.7629368891012974,-1.264967786030364,-0.537139567179587,-0.7138429094141715,0.03622492998512883,0.5285640660967139,-1.290264564872834,0.5375152273003123,1.8348088969770808,-1.8170869926897222,-1.5913842059430476,-0.5285640660967139,-0.036224929985129536,-0.5367575899491508,0.7912135143113154,0.20908432283099887,-0.4961897785011287,-0.6649035856248688,0.9831750642384596,1.0847935651441794,1.1755363964676604,-0.10826409251941274,-1.1089772052064004,0.9587239960437993,1.1638103092300558,2.0769545758972012,0.9899810448113461,-1.1116017372174867,1.2745623934068555,1.795125932966095,0.6571863078002155,1
-0.48340089077122306,-1.6223358434548052,1.4383931084795292,0.3052077222492148,1,0,0,0,1,0,1.5613449890247548,-0.7019071149243689,0.5465895323614635,-0.588250402738109,-0.3710772138195086,-0.08520330391935772,-1.7738617907642336,-0.20588549582940446,0.09007480180789056,-1.1931907382135531,-2.863275984113978,-2.1313124780717447,1.7626988909090404,-0.2197138037539419,2.4091797147777774,-1.1612377718938456,-0.45221223477838607,-1.4374525081253964,-0.5086228438552337,-2.402410076128092,2.2470625567392557,2.69604765527075,-1.2900672430046252,1.1635177979962659,2.319006414296687,2.402410076128092,0.5086228438552337,0.0759977097470634,3.042690967067499,1.3007974505175837,0.3953247556304958,0.18851042614798086,0.8886600828192224,1.6557080335896,2.227531611866718,1.2559800380379649,1.7498899926222238,2.096873081001942,-0.6243401071837319,-1.1386807229918314,-0.685407289429221,1.9972698554289314,-0.20711139779498602,-1.0996718489615938,-0.45626319576493324,0
-0.5605016778429365,0.49062096620506923,-0.15484123025532542,0.5985369837740325,1,0,0,0,1,0,0.5644489656982895,-0.594334780428225,2.4655667449682035,-0.7323341664549499,0.5489935673382733,0.10887832575523779,-0.7683926911245978,-1.5509165407589895,1.754064046684053,-0.9452618887002201,0.667206604404168,-1.079557514963085,-2.2422366970650978,-0.8851351277474026,-0.9100623922390702,0.28221262096239674,-1.2488392947655675,-0.4619314512665427,-0.7652983266135058,-0.7133741297612541,0.18405215134467123,1.2170010980781996,-2.1142678457247066,0.038660161237554384,-1.3183874173127375,0.7133741297612541,0.7652983266135052,-0.8431352397972577,-0.8598699510432187,-0.054746349693259644,0.09815324425328795,-0.40887938209301433,0.19555021907814235,-0.05703537174666111,0.34501385799472056,0.20179139169817292,-0.007989514133240944,0.8322629866040054,-0.6243401071837319,-1.5276688639864726,-1.4187422505446208,0.09387908442092041,2.5367289562824986,2.2404794378780473,-1.0748462533011267,0
-1.0488066626304537,-0.02473435322416849,-0.15484123025532542,-0.4281154315628296,1,0,0,1,0,0,-0.016022136491804253,-0.47106269981642773,0.7256940722047591,-0.6258626302143927,0.41387748462604973,0.12139972121811492,-0.317788281108876,2.9250870212498645,-2.5227508350189165,1.3927275001082637,0.09243537032004821,-0.5029818925283795,-0.35360170683940717,-0.42630505836763105,2.8475648657943404,-1.6219718753022068,0.6696591453213138,-0.3891055912382415,-0.6392523306161405,-0.05200463268990121,0.01593334938473098,-1.1621457629529497,1.8187595918167347,-1.21746245601748,-0.5000563851134867,0.05200463268990121,0.6392523306161398,-0.3974950218363748,2.667444724941468,0.04532735367801011,-0.806281790372998,-0.5283573437412127,0.6996301199807459,0.18764225758709038,0.5664865349208381,0.3258135853852078,0.0012624832707351544,-1.0899443568808573,-0.013084607695344815,0.9229564242797662,0.31305646532020776,-1.1116017372174867,0.6983559190505837,0.7374113588002092,-0.20882997275045564,1
1.3927182613071303,-0.3339475448817109,-1.6032360836506476,0.3052077222492148,1,0,0,1,0,0,0.9682549498305286,-0.662948485674414,1.0327304262218375,-0.66058160942327,0.0113234583061449,6.576935403711695e-4,-0.5734730341279846,-0.888371630428465,0.6106447673986874,-0.22046180214549885,0.17568049375864658,-0.4244207342170751,-0.4720992626866282,-1.2895113030306877,-0.9921707616081997,0.3235631844643892,-1.0922383591230105,-1.0415406912522103,-1.0255223183500044,0.43824128821613356,-0.4910362863035929,0.22538305406763554,-0.5096220576826491,-0.7852151883913797,-1.24525501156927,-0.43824128821613356,1.0255223183500037,-1.3166279713806959,-1.1600669447440433,-1.1646546961746211,-0.8450432918569822,-1.176951992688579,-1.222174502210428,-0.7910682597479163,-0.4301405112466897,-1.4104971262332722,-0.47058938433204756,0.19995793940503753,-0.019927020003050896,-0.27966524496199907,-0.5584839307746327,-0.2233527107470814,0.41025268187244807,0.7095767647432119,-0.3789403135729091,0
1.6240206225222695,-0.2051087150244015,-0.4445202009343899,-0.8681093238500562,0,1,0,1,0,0,0.009215737516460692,-0.4739700602082154,0.38027817393554597,-0.5489022263013813,0.2322746572735195,0.059687129293934785,-0.33534018148637645,-0.6554693782050915,0.1304641617047918,0.8292660418667147,1.6489338986244801,0.5806787451362221,-1.6995969569854366,-1.3666050441783593,-1.3410297248827499,-0.33547294142143874,-0.6761601742581519,0.19116437912650916,-0.030386078764458365,0.8221130942085961,-0.8991969724850268,-0.4437618473837278,-0.5154668328671487,-1.7907537771310111,-1.9570600172508152,-0.8221130942085961,0.030386078764457654,-1.3166279713806959,-1.3101654415944555,-0.3913578973966235,-0.4961897785011287,-0.71610842633123994,0.6366201323679207,-0.5463906304141645,-0.5962450189412776,-0.29429738304996345,-0.8036612908751883,-0.3311783002420958,0.31535118307453414,-0.010615114107371936,-0.7192535184037778,0.030432725387320277,0.9453015509175579,1.6281183686241134,-0.20882997275045564,1
0.3647077670176212,-0.1535731830814779,-1.6032360836506476,0.3052077222492148,1,0,0,0,1,0,1.6118207370412847,-0.7059774194728716,0.9815577005523245,-0.6571097115023823,-0.20749609926469995,-0.035117722067849196,0.08870103379949448,0.005618238535428459,-1.0618771129467943,1.3382924378156211,-0.17868765534795727,0.47292462141940506,0.292847693664724,-0.6836389410587104,-1.0946541106898648,-0.5161232832824039,-0.5943650519725506,-1.1626386300142642,0.387122208219553,0.2610696854503818,-0.8064249215546974,-1.1043116664927024,0.932967461533002,-2.397308955315598,-0.9027876296085333,-0.2610696854503818,-0.3871222082195537,-0.5738942747792242,-0.9349191994684248,0.4456221671630917,0.09384641075506688,-0.14716575181600602,0.06953024385249205,1.4110304042558486,1.3047287913412295,-0.06692336129040147,-0.8036612908751883,-1.0899443568808573,-0.2959043164138529,0.20981149912292413,-0.7869459763528921,-0.033013633646279864,0.28677986593896093,0.45906541823023866,-0.8274130302866491,0
-1.6142124344896835,0.49062096620506923,0.27967722576327125,0.5985369837740325,0,1,0,0,1,0,0.551830028694157,-0.5937533083498675,2.4655667449682035,-0.7323341664549499,0.5549508673397344,0.10932551845034055,0.8315022937099732,1.4139887009781347,0.7535226245340096,0.27129228814579687,1.778521568105784,1.5542338915120997,-1.4373795671824323,1.2269781660490537,3.0433513638956162,-0.618435528582472,0.1319367792168004,1.119103126210568,2.626484838406524,-0.48512602890087175,0.06975794605965259,1.1080187201798013,-1.6515587354257126,-0.23567212717510624,-1.2195787563522107,0.48512602890087175,-2.6264848384065247,0.49378541408539117,1.6918044954137887,-1.6013399472492547,-1.6073528210419945,-1.4841810369268051,0.06953024385249205,0.18764225758709038,-0.8177176958673952,-2.340663578886029,-0.19302946221276363,0.5793409677244183,-0.966460722569023,-1.5600845424026928,-1.531563013793144,-0.3026606595390819,1.439192814651505,1.266268645883152,-1.3841377820692236,0
-1.0488066626304537,-0.3339475448817109,-0.15484123025532542,0.3052077222492148,1,0,0,1,0,0,-0.016022136491804253,-0.47106269981642773,1.0327304262218375,-0.66058160942327,0.5303469282590154,0.1482312829242802,-0.022929650044843836,2.150812707212235,-0.7606620294406418,0.8931123491783959,0.3522578427306742,0.2907742066347688,0.3122293489366287,-0.44050658306654333,3.2154252128251404,-1.6494933058109227,0.5158012640118855,-0.6431712497747155,0.025990426036624787,0.37080434932556555,-0.4082647509124187,0.2690844523207578,-0.6177312192378049,-0.6950774609757154,-1.0858839899964874,-0.37080434932556555,-0.0259904260366255,-0.3417899945912644,3.2678387123431163,0.4001341201761507,-0.5607922809744348,-0.34060626115118536,0.8571550890128092,1.3294711944779316,1.4523772426253072,0.44983577907224165,-0.3472294189456991,0.326418948844831,0.2170231839860217,-0.144599918227749,-0.4033553813079138,0.12912706166180937,0.43311801815642703,0.694113101378213,-0.11260594157815922,1
-0.3034990542705592,-0.1535731830814779,-0.8790386569529866,0.3052077222492148,1,0,0,0,1,0,-0.09173575851659908,-0.44722234460376886,0.9815577005523245,-0.6571097115023823,0.57606483756574145,0.16388302725287662,0.19749585708195244,0.5183323287472472,-1.1573485724941175,1.1579458600522954,0.07965761708466668,0.1155266112734335,0.3503904299065219,-0.5038989403277516,0.5859938419592908,-1.044589523629982,-0.13433626974681692,-0.2816583917385989,-0.16027754582615011,0.3165258375355961,-0.7781126807700516,-0.12439162111821156,0.5324225385876353,-1.6975156980194932,-0.3785434026937597,-0.3165258375355961,0.16027754582614942,-0.5367575899491508,0.41596727218528484,-0.30947941282012914,-0.7804407893836761,-0.7843815472730677,0.5106001571422693,0.18764225758709038,0.2896456887631914,-0.4803306735805153,-0.7018893194314507,-0.05296407947454983,0.21195473042475796,0.46049274554169334,-0.29053461805938996,0.6225987430342572,-0.20711139779498602,-0.07907006687170363,-0.35316601950890136,1
-1.0488066626304537,0.49062096620506923,-0.15484123025532542,0.5985369837740325,1,0,0,0,1,0,-0.016022136491804253,-0.47106269981642773,2.4655667449682035,-0.7323341664549499,0.9012659350619028,0.20368317711702177,-0.4009686005024646,1.6489205985540594,-0.20368428462526814,0.2602800129163497,0.2713717249593744,-0.320685624076235,-0.31111544753725434,-0.5208995501656661,3.1224516457854055,-1.6779172394052508,0.5404751828224841,-0.5979328115982298,-0.025828483428959336,-0.41176056791003435,0.037079906703300566,0.8648082438516863,-1.4077017673339176,0.18430443390340548,-0.9365615454863349,0.41176056791003435,0.02582848342895863,-0.3974950218363748,3.2678387123431163,0.527500651739586,-0.4832692780064673,-0.2552648599739003,1.0146800580448727,1.247911984700014,1.397009073393778,0.44983577907224165,-0.19302946221276363,0.4275877563966659,-0.8615437338508666,-1.3720736075886157,-1.2269469530221315,-0.4136917878478824,0.9453015509175579,0.793080546914203,-1.0748462533011267,1
-0.3034990542705592,1.6244026689493918,-0.8790386569529866,-0.4281154315628296,1,0,0,0,1,0,-0.09173575851659908,-0.44722234460376886,-0.0035172685858019803,-0.4690485741209635,0.0724033711056295,0.018545401344481353,0.6446405601804941,1.381262663841855,-0.1787361140882103,0.5531090690147871,-0.26354943550786586,0.09064417243006515,0.7735965878805029,-0.44176365530685036,0.417152765884837,-0.6016721249858159,0.047204150466047395,-0.04113972835999004,0.2246519615849838,-0.09917924017331377,-1.3377934304623642,-1.4779318708915232,-0.36028420491836244,-0.7004078410511887,0.3024622362029937,0.09917924017331377,-0.2246519615849845,-0.48105256270404034,0.26586877533487285,-0.30947941282012914,-0.5607922809744348,-0.5112890635057554,0.2270552128845555,0.2692014673650073,0.17890935030013266,-0.4803306735805153,-1.3032691506898992,-1.4693273852002382,-0.6060936743631827,-0.6848612251647502,-0.8884846632765624,0.6014499566897238,-0.7010026615289333,-0.8213259083916238,-0.5799798072721716,1
-1.0488066626304537,-0.30817977891024867,-0.15484123025532542,-0.8681093238500562,1,0,0,1,0,0,-0.016022136491804253,-0.47106269981642773,-0.10586271992482811,-0.44243069006082425,-0.07505400452052062,-0.020360363129458298,-0.23652532694873882,1.5321076429873093,-0.7127657681302538,0.0614326844358765,-0.5286623139790425,0.025133748070056756,0.9898821415468531,-0.5808941655928058,2.994655466714421,-1.638788007200045,0.5428667869494466,-0.5744238392962236,0.31556668481488753,-0.2786957612109654,-0.25152838100608266,0.8971142845458572,-0.6724492202944876,0.45530581983370205,0.12647382337532484,0.2786957612109654,-0.31556668481488825,-0.4253475354589299,3.2678387123431163,0.7094528396873502,-0.3282232720705331,-0.10165033785478751,1.140700033270523,1.8188264531454346,1.784586258014483,0.5738579727592754,-0.3318094232724056,0.6552175733882943,-0.40538291333714505,-0.671894953798262,-0.4654068010946016,0.09387908442092041,0.03983423407198747,-0.09762646290970158,-0.3944048900113141,0
-0.25209852955608386,-0.3339475448817109,0.27967722576327125,-1.8947617391869185,1,0,0,1,0,0,0.7032572727437467,-0.6175936635625264,0.5849690766135982,-0.5870931034311464,-0.06174587855957794,-0.02125474851966381,0.5473302430882654,0.26645250639400797,-1.1970482185801867,1.066194094508979,0.7267159459656939,-0.6459925596367568,-1.5131158342495985,-0.1400906639149513,0.10498577635165973,-2.0715175572145266,-0.023438630470510684,-0.9739829025299002,-0.8989374548998709,0.010498418681674735,-0.9010529672555033,-0.2605419810384239,-0.445270352457145,-1.4636007813289809,-1.8956710553006784,-0.010498418681674735,0.8989374548998709,-0.17467491285593337,0.04072103005925432,-0.1548200530645294,-1.1809763047181743,-1.1257471519822078,0.8256500952063961,0.18764225758709038,0.7325910426154264,-0.046252995675895824,-0.8869292675109735,-0.3311783002420958,-0.2867811000035777,-0.46443461193445323,-0.9731002357129547,-0.6040308649486834,1.7684536571408034,1.9621334973080773,-0.9511296417938885,0
-1.922615582776536,-0.5658574386248675,0.27967722576327125,-0.13478617003801185,1,0,0,1,0,0,-0.6469689866984278,0.1057576019142462,0.5337963509440852,-0.5830425558567773,1.2942595835456736,0.5319226153224437,1.7051960956232202,0.6996219964675918,-0.5950216525804586,2.018030617434888,2.0084212111527275,1.7797735166020894,-1.1914323855181976,1.4678911179057255,0.29840739370060665,-0.6050441887835818,1.4887462191628813,2.1311218018018003,1.6930105103547295,0.7482915930561997,-0.9044171706615459,-0.6613151701200239,0.20540347293247027,-1.2500139049610755,-0.5304202886075813,-0.7482915930561997,-1.6930105103547302,1.357213336384602,0.26586877533487285,-0.018355912103706302,-0.3282232720705331,0.2567835470898098,1.518759958947476,-0.38327221085833024,-1.0391903727935126,0.6978801664463103,-0.859173275299045,-0.6346847228976005,-0.058700689746716966,0.054216242725068246,-0.44848368660732285,0.1890486229713212,0.03983423407198747,0.45906541823023866,0.2860364732784985,0
-1.0488066626304537,1.6501704349208541,-0.15484123025532542,-0.4281154315628296,1,0,0,0,1,0,-0.19268725454965888,-0.4041934108053113,-0.09306953850744984,-0.4343295949120862,0.09568252257383655,0.024806099075919918,0.6249043659054313,2.9960078394174867,-0.9536026406087614,0.9397659410065937,-0.54163983732986,1.3120797148261056,1.866383752428182,-0.5350340478599402,2.716214584614174,-1.5353715348120458,0.4587886151971416,-0.4704694597328778,0.6502951668953726,1.1445654112422656,-1.4035444491581859,-1.391070639823882,-0.2392935662300178,-0.8146362203247899,0.24483645788349764,-1.1445654112422656,-0.6502951668953733,-0.3417899945912644,3.1177402154927045,0.9096002464298897,-0.12149526415595328,0.06903246449978255,1.3612349899154128,2.145063292257104,1.8953225964775422,0.5738579727592754,-1.3587811351137562,-1.3934507795363622,-0.5969704579529088,-0.62002986833231,-0.8715615487892844,0.5380035976561225,-1.3595243465075295,-1.0996718489615938,-0.3944048900113141,1
1.0072143259485644,1.0317440516057692,-1.168717627632051,0.5985369837740325,1,0,0,0,1,0,1.9146752251404642,-0.7164439168833072,0.25234635976176334,-0.5193910939738356,-0.6159847788257169,-0.14959905201415438,-2.9343290760298273,-1.4145809314863078,0.82175864249216,-1.8469752521676455,-1.950041684392711,-0.8506897096105676,1.6644786310202413,-1.3618626760076817,0.07148488716484236,-0.12225570382487146,-1.1618479440262723,-1.3439491549941134,-0.37315522795503414,-0.7901484909597473,2.719498870180681,2.0131687129073814,-1.2462267854131301,1.3430758758707775,1.22304492350977,0.7901484909597473,0.3731552279550334,-1.2330704305130304,0.26586877533487285,0.6093791363160792,0.44700675760914055,-0.06751377738387422,0.06953024385249205,1.0847935651441794,1.4523772426253072,0.3258135853852078,2.6658377356158605,2.020996475338066,0.2514886682026129,-0.4514683405679659,0.0761328624983096,1.648314880744129,-0.4540570296619595,-0.8213259083916238,0.34789477903211874,0
0.46750881644657266,0.7740663918911503,-0.8790386569529866,-0.4281154315628296,1,0,0,1,0,0,0.3499270366280375,-0.544328181689477,-0.23379453409861076,-0.39671736743580244,-0.44015074795322046,-0.11203486562552299,0.19991117867916058,-1.0519234407266913,-0.20725646582824692,-0.35134783420065546,-0.1854269148903812,0.058892262091957574,0.2663745231279691,-1.0022428506476684,-0.9357184959604645,-0.06997947885287974,-1.3473488868059196,-0.783451136147773,0.5873904109192033,-0.5022446364654003,-1.2794106076308922,0.5064156869052577,0.21300390446798878,-0.8613598354416516,-0.5238234772381684,0.5022446364654003,-0.587390410919204,-0.9823978079100336,-0.9349191994684248,-0.30038180342274146,-0.28946177058654887,-0.7843815472730677,0.06953024385249205,0.9216751455883455,0.6772228733838963,-0.9144083514851348,-1.192245181842186,0.5034643620605421,0.0872707728176734,0.1838789563899486,-0.1777138548108673,-0.0012904541294803558,0.7806711296729086,0.5704037944582268,-0.5799798072721716,0
1.0072143259485644,-0.2051087150244015,0.5693561964423357,-1.6014324776621007,1,0,0,0,1,0,6.2303516805537695,-0.7984314799317195,-0.11865590134220637,-0.42275660184246044,-1.5039393319194994,-0.2873344021058028,0.1729509484511773,0.6593450324053439,-0.9282333073769166,-0.010683787238446485,-0.2898637603762494,-2.0062504104774312,-1.0434902528048657,-0.07869249555134522,2.249644090915408,-1.9046997363759508,-0.5485499687655967,-1.2556351788570952,-1.9553542167508,-0.7969897706705045,-0.31912111826376427,1.34867231597461,-0.6451135193313913,-0.5294996517063622,-0.8490462777502306,0.7969897706705045,1.9553542167507993,-0.14682239923337803,1.9169522406894068,-0.2730889752305771,-1.1809763047181743,-1.2964299543367779,0.6366201323679207,-0.709509049969999,0.2342775195316623,-0.4183195767369984,-0.3040534310604773,1.2622304186993043,0.014285041535478216,-0.32180562690308556,-0.4992530300691578,0.12560226393772106,2.097714499630101,1.739456744852101,-0.1469716669968365,0
0.4932090788038099,-0.2051087150244015,0.5693561964423357,-0.8681093238500562,0,1,0,1,0,0,1.460393492991695,-0.6949294499840785,0.36748499251816774,-0.5431157297665685,-0.43237255259776336,-0.11471802179613952,0.5179470987562225,0.527425103229025,-0.7302645963534649,1.2904238588121388,0.6171819350900349,1.1739643360039036,0.20789838207238823,-0.0509102539886285,0.5798911524626232,-1.500125830442463,-0.2097684601881235,-1.349379108754268,0.2818530247492272,1.3216089381505973,-0.7710869749790937,-0.14298527982167109,-0.5091856207871206,-1.951282196377248,-2.119772807063658,-1.3216089381505973,-0.28185302474922785,-0.3417899945912644,0.06573744620098994,-1.1767848420378046,-1.6504211560241988,-1.6264167055556134,-0.6655862782971376,1.0032343553662626,0.9356076631310333,-1.307145298160744,-0.859173275299045,-0.4070549059059717,-0.8706669502611417,-0.9701191952274875,-1.5654092427677009,-0.826093121566285,-0.04248097655033679,0.7374113588002092,-1.2604211705619852,1
0.44180855408933456,-1.1842838219399534,0.5693561964423357,-0.4281154315628296,1,0,0,1,0,0,0.2363566035908452,-0.5175804660850305,0.13720772700535894,-0.5037675533298408,-0.0678739147618941,-0.008733353056786679,0.1529192024453718,0.06689344355460712,-0.18859337797622697,0.4780119496189417,0.1792433671641826,0.20562875186141924,-0.25449923237198013,-0.09199238060000553,-0.5390353173757282,-1.426413896031905,0.32181937881508366,-0.6009260228952209,0.5538927426062359,-0.26889098598050765,-0.30455557624878304,-0.6318070984124873,-1.1755949370712808,-0.3266527180143666,-0.8197124565275752,0.26889098598050765,-0.5538927426062367,0.1317027369921738,-0.25947596364157,0.9459906840194431,-0.031051760693324323,0.10316902497069583,1.2352150146897614,1.4925896140337656,1.2862727349307197,0.8219023601333442,-0.1375174777889068,-0.4070549059059717,0.7441423543574326,-0.03654765684034838,-0.1607907403235886,1.0455744699249259,1.439192814651505,1.4054416161681371,0.40975308478573785,0
0.7759119647334253,-1.235819353882877,-1.6032360836506476,-0.13478617003801185,1,0,0,1,0,0,-0.14221150653312897,-0.42163757315603734,0.41865771818768077,-0.5535314235292317,0.38224246510903326,0.10351201341400473,-0.35565486985962824,-0.5989849579224712,-0.6364949222957608,0.8642858331448172,0.6831387494720612,0.3815652767561759,-0.3601579764487768,-0.6539936689119955,-0.659654350092108,-1.6666966367913902,-0.13793011898403154,-0.8019847828572321,-1.2497103896622064,1.7598570774187565,-0.1589160140652383,0.16129840575872675,-0.8047595028800246,-1.304363546417077,-1.6710958784809697,-1.7598570774187565,1.2497103896622048,-0.7874302125521474,-0.8598699510432187,-1.0008977270216337,-1.594432320547333,-1.552454157868633,0.006520256239666901,-0.6279498401920818,-0.09793149585751397,-0.790386157798101,-0.47058938433204756,-0.3311783002420958,-1.3724438528262355,-1.5017363212534962,-1.8023328455895995,-0.9847090191502859,-0.7833178721512579,0.013711913318286572,-1.3222794763156045,1
1.2899172118781799,0.026801178718756015,1.0038746524609323,-1.8947617391869185,1,0,0,1,0,0,1.4225366819792977,-0.6931850337490059,0.5977622580309765,-0.588250402738109,-0.30830630750623705,-0.0784954134928164,0.6450476823963436,0.13554362356335423,0.8505309216575321,0.8753742977873534,1.019230241090603,-0.15075418838684815,-1.2789825453143693,0.03760206525545203,0.10092173405686519,0.07133778093030511,0.5104929373349983,0.582285612732605,-0.16027754582615011,-0.04664941409013511,-0.8593829640221,-0.0849366993995732,-1.0910166728147954,-0.6763781437754679,-0.7565606630673336,0.04664941409013511,0.16027754582614942,0.10385022336961848,0.19081952690966666,0.30006041680488094,0.29196075167320634,0.4957394703862077,0.3215701943037938,-0.7910682597479163,-0.8177176958673952,0.44983577907224165,-0.7084978890057194,0.1457603639308401,0.718076021756648,-0.008762789626445312,-0.27441736616674384,1.272168609330642,0.6160407084282594,0.6499312060496465,-0.10278716288710855,1
-0.3291993166277972,-1.2615871198543382,-1.8929150543297122,-0.4281154315628296,1,0,0,1,0,0,0.5896868397065544,-0.5925903641931524,-0.7966945164632545,0.9428565803733807,-2.0637751777513835,-1.1844029484819285,-0.4908615948477055,-0.6875785636682862,-0.18686526407815104,-1.5870139261143885,-2.166778102109906,-0.12662172268175328,2.5553465821107024,-0.7612693971407534,-0.1514806589821123,-0.2676070141421784,-1.4736550007414977,-1.855684438645268,-0.1866129291823007,0.012383503443245562,-0.07809641532752487,0.791973158088392,-0.013468165272593487,0.6827023557219262,1.005202978123053,-0.012383503443245562,0.18661292918230002,-0.8152827261747027,-0.3345252120667762,-0.6187981323313287,-0.6512357844370638,-1.1428154322176651,-0.8756195703398886,1.247911984700014,1.5077454118568363,-1.2244638357027204,0.16779843654230542,1.1863538130354276,1.0543317123067637,0.8840576101803024,1.142289075196852,1.2993599060593275,-0.28942660841731066,-0.32030321536567735,1.4613442825972665,0
-0.27779879191332196,-0.4370186087675581,-0.8790386569529866,1.478524768348486,1,0,0,1,0,0,-0.2810198135785862,-0.3600015328501387,-0.3745195296897717,-0.2520549540654803,-0.10780569463178309,-0.08207295505363843,-2.6496944753272866,0.20669655497569892,0.37306690849912905,-0.9004541109110763,-0.6984702189658513,-0.4133510803135986,1.1316018182197,-0.2205319751719487,0.5928019498655188,-0.26079942112731946,0.8978050860683794,0.6914077060700153,0.4783555005605047,-1.0381887348318013,3.464111717514995,0.3101584714844864,-0.7720732285663886,2.1067035661945215,1.583070546295336,1.0381887348318013,-0.4783555005605054,-0.3696425082138195,0.26586877533487285,-0.7006766169078218,-0.7158382869103699,-0.3576745413866426,-0.2770246880180474,-0.30171300108041293,-0.5408768497097485,-0.4803306735805153,3.331981548702142,0.35171115073279,0.1785029369204177,-0.2569742700706454,0.5669031826293847,0.9186817518577256,-1.277209135885205,-1.712032918215528,0.40975308478573785,1
-0.8175043014153137,-1.1842838219399534,-1.6032360836506476,-0.4281154315628296,1,0,0,1,0,0,-0.7226826087232228,0.4476631839884763,0.13720772700535894,-0.5037675533298408,1.4102391768590359,0.733606520813786,-0.2566771460751531,-0.24156111271908876,-0.21361285490763768,-0.0259247886648503,-0.19912487589410757,-1.2425054669940045,-0.4811960499758968,-0.615132536457193,-1.0731027933072845,-1.4537486564518256,-0.19716705454197211,-0.8932629929013431,-1.4375436385994584,-0.26889098598050765,-0.2577173627104125,-0.7434606130240818,-1.1688612720163782,-0.16048475923978445,-0.6132253620386758,0.26889098598050765,1.4375436385994576,-0.5924626171942612,-1.009968447893631,-0.054746349693259644,-0.7933612898783374,-0.8185181077439823,0.5421051509486824,-0.46483142063624716,0.2342775195316623,-0.23228628620644656,-0.05424950115312168,-0.482931511569848,0.9083602497423721,0.09311505682453199,0.025363519036474696,1.267636726542527,1.439192814651505,1.4054416161681371,0.6571863078002155,1
-0.27779879191332196,-1.2615871198543382,-0.8790386569529866,-0.4281154315628296,1,0,0,1,0,0,-0.2810198135785862,-0.3600015328501387,-0.7966945164632545,0.9428565803733807,-1.4428893577510453,-1.0055258704408268,-0.018387279216284413,-0.29497253721145317,0.003882142460690175,-0.010829543341389249,-0.11334726017672633,-0.05053220984375408,-0.021036021787177096,-0.19236350206627537,-0.07056711669274941,-0.22142831866809676,0.7563723805724256,1.0340953408410192,-0.04921092906325296,-0.020113106998745453,-0.166639385368367,0.3341664760520875,-0.22782112459209677,0.7646359194599736,1.1569498195258578,0.020113106998745453,0.049210929063252244,-0.5367575899491508,-0.5596729573423944,-1.546754290864926,-1.4006248131274146,-1.091610591511294,-0.5920746260821743,-1.1988643086375024,-1.3160312189511594,-1.1004416420156866,0.1400424443303771,0.8069707847160468,1.3462746374355445,1.0007540524786946,1.294597105582359,1.870377137361731,-0.12479618717266176,-0.15329565102369538,1.8943524228726025,1
-0.5605016778429365,0.7740663918911503,-0.15484123025532542,-0.4281154315628296,1,0,0,1,0,0,0.5392110916900246,-0.5885200596446497,-0.23379453409861076,-0.39671736743580244,-0.5376107217463121,-0.14602151045333234,0.523531550967617,-0.18749023257050815,-0.8192785645630877,-0.16162222011843091,-0.09738284597378494,-0.9848715428370127,-0.35680360952655443,-0.5586570862458039,-0.019726101705608252,-0.7271903682764393,-0.8500877023280595,-0.4365088408660729,-0.7471295343976714,-0.6022533438160685,-1.2861869439126126,0.23757505254973663,0.3892250536060692,-0.6245912215292618,-0.2995634543688892,0.6022533438160685,0.7471295343976706,-0.5367575899491508,-0.03432821836595151,-0.03655113089848297,-0.40574627503850064,-0.6990401460957827,0.7941451013999841,-0.13859458152457876,0.2342775195316623,0.20179139169817292,-1.192245181842186,0.27583454506891375,0.16025650409986858,0.3394742127878045,0.05920974801103089,-0.0647368131630805,0.6160407084282594,0.3477270420022505,-0.45626319576493324,1
-0.2006980048416086,-0.8235350983394863,-1.6032360836506476,-1.6014324776621007,0,1,0,1,0,0,-0.10435469552073157,-0.4274522939396127,-0.7455217907937414,0.4481111266468789,-1.2378141102943208,-0.6750504687598912,0.4559400550261929,1.6803414698453227,0.7688787030909012,0.08791497695543006,0.587971706496954,1.8672006773909253,0.480773978041961,0.12105295768207,1.0936411785453308,-0.3995891104089976,0.017551584851367773,-0.08670879602692812,1.3219818704786768,1.2355135006620177,-0.5130410563330382,-1.2107356768638908,-1.452631464448429,-0.10136361097307463,-0.8490462777502306,-1.2355135006620177,-1.3219818704786774,-0.06326485836571254,0.7161642658861095,-0.6369933511261053,-0.7287587874050313,-0.6819718658603261,-0.2140147004052217,1.247911984700014,0.6218547041523672,-0.6663639641110671,-0.44283339212011924,-1.0899443568808573,0.24236545179233895,-0.5681647828663581,-0.5669454880182719,0.728342674756924,-0.20711139779498602,0.45906541823023866,0.10046155601764112,1
1.2899172118781799,-0.2824120129387873,1.0038746524609323,-0.8681093238500562,1,0,0,1,0,0,1.4225366819792977,-0.6931850337490059,0.16279408984011548,-0.5095540498646537,-0.5414495222919398,-0.13931362002679104,0.21575170115595252,0.04306214232590237,0.35292920702497566,0.7294009894412699,0.8693990857175704,0.7958252784109453,-0.8325634438402364,-0.0993465144790119,0.105268452041492,-0.2510576546123222,0.3880353322716497,0.364752656817135,0.2654778184316193,0.8221130942085976,-0.39927385913923963,0.046351482598139516,-0.7347547801790373,-0.6006044865763672,-0.7741514150540858,-0.8221130942085976,-0.26547781843162,0.02029268250195297,0.26586877533487285,0.5093054329448095,0.29196075167320634,0.4445346296798359,0.6681251261743327,-0.38327221085833024,-0.5408768497097485,0.44983577907224165,-0.3318094232724056,0.12408133374116129,0.2514886682026129,-0.17917664187171697,-0.39771434314548676,0.506280418139323,-0.04248097655033679,0.4033962301162448,0.038603250264021984,0
-0.27779879191332196,-0.5658574386248675,-0.8790386569529866,-0.13478617003801185,1,0,0,1,0,0,-0.2810198135785862,-0.3600015328501387,0.5337963509440852,-0.5830425558567773,0.5858615766892841,0.17372126654513723,0.21528329936104024,-0.24066063976889368,0.6319605230844234,1.226854504292091,0.9611726420692492,-0.05055177892367896,-0.74873262467176,-0.16324746564512055,-0.08227087580633953,0.03704838701830859,1.0471975815214125,1.033523718431059,-0.5666803935267488,0.4930801176436292,-0.46247161252448515,0.24789712338949235,-0.8266811498386737,-0.6190180892319478,-0.24053675706895059,-0.4930801176436292,0.566680393526748,-0.5089050763265954,-0.5596729573423944,-1.5194614626727603,-1.2714198081808024,-0.8697229484503528,-0.9386295579527137,-1.4435419379712537,-1.4267675574142176,-0.9764194483286528,-0.4150773999081907,0.27583454506891375,0.13288685486904556,-0.32180562690308556,-0.5330992590437151,1.0455744699249259,-0.20711139779498602,0.013711913318286572,0.22417816752487937,1
-1.1773079744166424,-0.3339475448817109,-0.4445202009343899,0.3052077222492148,1,0,0,1,0,0,0.16064298156605036,-0.5146731056932429,0.8920054306306766,-0.648429966700163,0.35110337024744454,0.10530078419441576,0.17054766265183102,-0.8863456120415946,-0.2707128466923166,0.3429621430638356,0.2880310914910957,0.49745549032539504,0.17932254117495977,-0.2542682867448436,-0.7862660409497615,-1.0434266474192495,-0.1716571914551686,-0.5944020310034793,0.14187142235678196,0.5377636082882545,-0.49121255267141023,0.4288731092985653,-0.6784696226116336,-0.633532061843315,-0.9547724178460298,-0.5377636082882545,-0.14187142235678266,-0.007559831120602114,-0.4846237089171882,1.091552434377654,0.3048812521678669,0.22264698661889537,1.3297299961089997,1.247911984700014,1.2862727349307197,0.7598912632898273,-0.4150773999081907,0.5034643620605421,0.2788583174334372,-0.127311556405765,-0.36386811417093057,0.31594134103852145,0.28677986593896093,0.6260729825722207,0.038603250264021984,1
-0.2263982671988458,0.38754990231922204,-1.168717627632051,-1.6014324776621007,1,0,0,1,0,0,1.725391170078477,-0.7094662519430168,1.5060781386648334,-0.6918286907112596,-0.07242111178820508,-0.010969316532300452,0.023196607155790062,-0.3866249594675109,0.4407569435855258,-0.23939499030914557,-0.17579511972731082,-0.4007477044837676,0.7705652333662408,-0.8543403807514336,-0.8625689084474463,-0.19831206985975783,-1.0187787026711357,-1.261541218671981,-0.1866129291823007,-0.36149164093482894,-0.8859022889793385,-0.33344770670295615,-0.8018140123923754,-0.6867963347870348,-1.0031071955774489,0.36149164093482966,0.18661292918230002,-0.8431352397972577,-0.8598699510432187,-0.2548937564358004,-0.3153027715758717,-0.6819718658603261,-0.4660546508565234,1.247911984700014,1.5077454118568363,-0.4803306735805153,-0.6787593259215104,0.010266425245347094,1.131879051794096,0.4821031978191731,0.1607484349347019,1.0455744699249259,1.2334047880956935,1.127095675598167,0.47161139053935697,1
0.5960101282327613,0.0783367106616796,-0.4445202009343899,1.0385308760612593,1,0,0,1,0,0,1.1323011308842508,-0.6751593993199223,0.7768667978742723,-0.6351210246700933,-0.1415241443582278,-0.028409831641307882,0.7146787319799831,0.1480834683623908,-2.1257590982487264,0.06594261204213779,0.05516686914822104,-0.9507242819534188,0.08889603467885472,-0.11435849961979494,1.211030517811834,-3.5467722033007436,-1.7419848285271586,-1.5172899865682588,-2.3498765620089648,1.0339044354458178,-1.1080438394024634,1.009934580071243,-0.6581801142525633,-1.8164065514536054,-1.5530579870939925,-1.0339044354458178,2.3498765620089634,-0.7595776989295921,-0.18442671521636386,-2.7385411219227804,-3.4808253927678723,-3.617716066358931,-0.24551969421163483,-1.0357458890816678,0.012804842605544792,-2.340663578886029,-1.1089772052064004,0.6552175733882943,-0.6243401071837319,-0.840456481562607,-1.4131012123821949,-0.12818317219668063,0.28677986593896093,0.9600881112561845,-0.8274130302866491,0
-0.14929748012713334,-0.87507063028241,-1.6032360836506476,-0.13478617003801185,0,1,0,1,0,0,6.12940018452071,-0.79726853577500445,0.09882818275322415,-0.4904586112997712,-1.3252606349970009,-0.234118471388575,-0.04698477629691723,0.9960756397198383,-0.7624136451188233,-1.1321078902627093,-1.1139396436267506,1.3256959508846091,3.9729038216524613,-0.8666734121036276,0.44442709355840293,-1.4963251872245253,-2.74783980915443,-2.557334976013116,0.6912331826893887,1.122534507594003,-0.8006363864954883,-0.9219277692464105,-0.4614175142239741,-1.1953061952790087,-1.0485637662282177,-1.122534507594003,-0.6912331826893894,-1.038102835155144,-0.18442671521636386,-1.5558519002623137,-1.9303653334085251,-2.5936192522315107,-0.5605696322757617,3.042214599814193,2.7812133041820113,-2.340663578886029,-0.859173275299045,-1.0140677512169813,-0.7064490548762022,-0.8145239388296306,-1.176177609560296,-0.28679906978068154,-0.5363722402842841,-0.04195727479570725,-0.7036964187794109,0
1.3927182613071303,0.0010334127472937634,-1.6032360836506476,-1.6014324776621007,1,0,0,0,1,0,0.9430170758222637,-0.6571337648908387,1.2246281474825116,-0.674469201106821,0.08414383303891333,0.015862245173864826,-0.474300160391866,0.22974548740419265,0.9883074629156166,-0.3310629103954566,-0.319863631007795,0.11619289773439354,0.7302962304632741,-1.385494260542281,-0.9653720296093242,0.506100053389377,-1.3443212315349793,-1.1132830090411214,-1.2497103896622064,1.3979208031972914,-0.7248436215819793,-1.2824213985707833,-0.8424676647484012,-0.8857612876887523,-0.6710657894329921,-1.3979208031972914,1.2497103896622048,-1.3444804850032512,-1.009968447893631,-0.5369196477548344,-0.21193876761858224,-0.71610842633123994,-0.844114576533476,-0.6279498401920818,-0.09793149585751397,-0.790386157798101,-0.794409293471212,-1.317574173872486,-0.7003669106026851,-0.9874075570494714,-1.2213059148597059,0.14675105028225444,-1.30464753942598,-0.914107888581614,-0.6624575482769981,1
-1.100207187344929,-0.3339475448817109,-0.15484123025532542,-0.13478617003801185,1,0,0,1,0,0,0.6654004617313493,-0.6135233590140237,0.8536258863785419,-0.6409075212049062,0.06684825664131751,0.023464520990611654,-0.5088181158960022,-0.24002775642850535,0.3018653106188719,-0.6473843631189283,0.06554919242543726,0.10906966937204322,-0.22789029133336786,-0.47838184437003667,0.7576629013178697,-1.1808718001358776,-0.354234574917233,-0.6785440273385311,-0.47521987007162214,0.6200753015809853,0.22953047386645847,1.0884556904897373,-1.599322268458058,0.5233215680810749,-0.7476833353054505,-0.6200753015809853,0.4752198700716215,-0.48105256270404034,0.641115017460903,-0.13662483426975403,-0.7158382869103699,-0.801449827508525,0.5421051509486824,-0.05703537174666111,0.17890935030013266,-0.4183195767369984,0.20348471224335632,1.0129215715179964,0.001251875235086544,-0.8237855612342646,-0.5887037780733438,0.3657920517077793,0.2632612343325826,0.6499312060496465,-0.10278716288710855,0
0.46750881644657266,-0.5400896726534062,-0.8790386569529866,-0.13478617003801185,1,0,0,1,0,0,0.31207022561564,-0.544328181689477,0.32910544826603294,-0.5425370801130872,0.0030109602379267534,6.576935403711695e-4,-0.46524550541341597,-0.5384672886253447,0.36880220944087516,-0.4836017801595381,-0.4136905737479565,0.8814188843714427,1.0326515842244846,-1.093037886406969,-0.5933159642095999,-0.37819142586450594,-1.4155619934043566,-1.085922726315046,0.17827491249930566,1.0253393444399002,-0.4452153766165955,0.14469234411360082,-0.8842108856045856,-0.7503322356022425,-0.5223741777706479,-1.0253393444399008,-0.17827491249930708,-1.0659553487776992,-0.6347222057676005,-0.31857702221751816,-0.4574282770171454,-0.9550643496276378,0.06953024385249205,0.758556726032511,0.7325910426154264,-0.9144083514851348,-0.47058938433204756,0.04820472807728505,-0.24116501795220557,-0.6459624110652865,-0.8715615487892844,0.6014499566897238,-0.5363722402842841,-0.09762646290970158,-0.1469716669968365,1
-0.27779879191332196,-0.3854830768246345,-0.8790386569529866,-1.6014324776621007,1,0,0,1,0,0,0.03445361152472564,-0.4797847809917908,4.486889408913969,-0.7751542408125652,1.1745039906936716,0.2300675461280843,0.31920448596359124,0.15564499290793832,-0.5080547523937027,0.5744753280798865,0.6243405015653959,-0.8452018696676536,-1.6071007717800243,-0.30786484473797027,-0.03778601814262566,-0.6445614619864177,-0.4120210208088777,-0.7304052580422248,-0.7471295343976714,-0.41176056791003435,-0.7514765334324784,-0.2514808408486888,0.046805758431221874,-1.1846320974781839,-1.5247718023435723,0.41176056791003435,0.7471295343976706,-0.3417899945912644,-0.10937746679115769,-0.2185033188462471,-0.5091102789957901,-0.6307670251539549,0.006520256239666901,-0.13859458152457876,0.2342775195316623,-0.4183195767369984,-0.2855494362525249,0.5793409677244183,2.751249964617807,2.3622125459599386,1.5710079755412405,1.0455744699249259,3.908649133321241,3.910555081297868,1.605680329355712,0
0.31330724230314594,-0.4370186087675581,-1.8929150543297122,-0.13478617003801185,1,0,0,1,0,0,3.0251416815041217,-0.7548210740549045,0.29072590401389814,-0.5384865325387181,-0.8168833888562058,-0.16435641095254527,-1.5449991513069716,0.8897773758999892,-0.5112400401218192,-1.6511038432145313,-1.0996007772690974,0.8328526710042773,1.7509140516593806,-1.3750311337638983,0.02594309867609527,-0.8551318895552067,-2.0648518593457887,-1.3439491549941134,-0.8195116582252774,1.9486933944038682,0.7744440219824922,-1.1952581455367826,-0.1604428189086854,0.1830630140436313,0.11743009308507753,-1.9486933944038696,0.8195116582252766,-1.3862592554370838,-0.3720498362793791,-1.1919475243667854,-1.381244062385423,-1.9535587434018729,-0.08799472517957138,-0.01625576685770265,0.42806611184201476,-1.1004416420156866,1.055990187324014,-0.9381911455531051,1.0064348261528224,0.7576364643570439,0.7953652282076441,0.8473045979449247,-1.3389455438519484,-0.6821529381066387,1.4768088590356714,0
0.2619067175886707,-1.1069805240255675,0.27967722576327125,0.3052077222492148,1,0,0,1,0,0,1.0692064458635884,-0.670507622693062,0.39307135535292426,-0.5604752193710071,-0.2958813266188651,-0.08252014774874118,-0.7846237675287013,1.5173072799246787,-0.46577391435811044,-1.9037170182318668,-1.902161257502403,-1.9070275838700963,0.9349695795416554,0.027715359752151714,1.2815016559326533,-0.5927063122187937,-0.6815485698813523,-0.48472733517696087,-0.83882515761197,-1.7690215962405276,1.1187313095131344,-0.7987716324460795,0.04111586104499158,1.8959869788359986,1.9996608966562204,1.7690215962405276,0.8388251576119693,0.04814519612450831,1.2415090048625523,0.11810822885711679,-0.21193876761858224,-0.4600842227993849,0.6366201323679207,-0.6279498401920818,-0.319404172783631,0.139780294854656,0.7090402846749091,-0.9381911455531051,-0.8296124764149065,-0.6848612251647502,0.03382507628011344,-0.14404476195508095,-1.0302635040182315,-1.6563637301015341,-0.1469716669968365,1
-0.6890029896291251,-0.2051087150244015,0.27967722576327125,-0.8681093238500562,1,0,0,1,0,0,1.6244396740454172,-0.7048144753161565,0.34189862968341117,-0.5431157297665685,-0.4916479622860874,-0.12232029761288635,0.30905820523806843,0.266234955503159,0.04871699760872424,0.5044811341184485,0.91809690473326655,0.41263788225767667,-0.2845955464379595,-0.31124532244614234,0.031911385006970286,-0.38789324443782724,-1.3746917210427363,-1.176338598843911,-0.48326437388376714,1.0420845785413573,-0.740745616590832,-0.33344770670295615,-0.45639307013833585,-2.044642244537241,-2.342036626875795,-1.0420845785413573,0.4832643738837664,-0.48105256270404034,-0.25947596364157,-0.8644335860608106,-0.9096457943302884,-1.3305665148076924,-0.43454965705011084,0.5954383064766764,0.954063719541543,-0.9764194483286528,-0.8314172830871166,-0.5588081172337243,-0.8524205174405927,-0.9312203811280227,-1.5654092427677009,-0.9847090191502859,0.36909507656128593,1.0714264874841732,-1.2604211705619852,0
-0.1749977424843705,-1.3388904177687242,-0.4445202009343899,0.5985369837740325,1,0,0,0,1,0,0.08492935954125552,-0.49315863879401406,0.5849690766135982,-0.592300950312478,0.27631999402487006,0.07846922248825047,-1.847882128620114,-1.508742498049896,-0.35247842370716276,-1.1925799672183706,-0.6841654281065394,-0.6274568245243596,0.8321893379336387,-1.4394586295629093,0.39796627996728584,-0.7889448646621027,-1.1843913066576912,-0.9752059314636659,-0.49837739391320257,-0.36149164093482894,1.1312349802492394,2.4694703103391253,-0.3109636901279318,0.43667645147728545,-0.06265021944071303,0.36149164093482966,0.4983773939132019,-1.4558905394934718,-0.18442671521636386,-1.4648758062884317,-1.5685913195580112,-1.8426149218714025,-0.5605696322757617,-0.30171300108041293,-0.09793149585751397,-1.534519319920306,1.4723300705029398,3.007392348968456,1.1090710107684099,0.754394896515422,0.9053654723749538,0.664896315723324,0.28677986593896093,0.1250502895462747,0.904619530814692,1
0.44180855408933456,-0.23087648099586283,0.5693561964423357,0.3052077222492148,1,0,0,1,0,0,0.19849979257844777,-0.5175804660850305,0.6489349837004895,-0.6067671916495102,0.22829011754703346,0.07086694667150364,0.2278018336886251,-0.26326913900110366,0.6082666827964206,0.3203436198151789,0.24657628834184098,0.6301231190327111,-0.10172647372249073,0.12979210454162476,-0.2831012019927078,-1.439411704845498,0.3487532553336221,-0.548183159219748,0.4573016638664392,0.4058665575902641,-0.18707725349124366,0.07774058604500615,-2.277990879471305,-0.0869458054574969,-0.8557554109396579,-0.4058665575902641,-0.45730166386643994,0.32667033235006016,-0.03432821836595151,0.8004289336612322,-0.1473362651452761,7.593435579547688e-4,1.1722050270769362,1.3294711944779316,1.1755363964676604,0.6358690696027934,-0.24854144663662048,-0.02767187758659086,-0.2867811000035777,-1.3720736075886157,-1.311562525458524,1.0138512904081252,0.4514102871836102,0.7374113588002092,-0.332546584257695,0
-0.12359721776989524,-1.596568077483343,-0.4445202009343899,0.3052077222492148,0,1,0,0,1,0,1.0439685718553235,-0.6693446785363469,0.48262362527457214,-0.5679976648662639,-0.24168773649241607,-0.07581225732219987,-1.198403045317698,-0.9013056325980217,0.5660221623597853,-0.42448621446116425,-1.6089063167827027,-0.8063063338650835,1.0557583432080198,-0.9790321327992648,0.5705350161628634,0.26734602240746613,-1.4948700180769139,-1.5956310377212444,0.03622492998512883,-1.1356331163529647,0.6881712353696635,1.80861972095522,-0.5051142880331191,-0.9088340307210301,0.533833865603582,1.1356331163529647,-0.036224929985129536,-0.9823978079100336,0.340918023760079,-0.46413877257572894,-0.26362076959722697,-0.8185181077439823,-0.9386295579527137,1.0847935651441794,1.1755363964676604,-1.0384305451721696,0.269570407986043,1.0851850054835932,-1.0805009276974533,-1.1386807229918314,-1.3623318689203594,0.6225987430342572,0.34165667302051117,-0.17185204706169332,-1.2810406058131916,1
1.6497208848795075,0.0783367106616796,-0.4445202009343899,1.0385308760612593,0,1,0,1,0,0,-0.07911682151246661,-0.4390817355067634,0.7768667978742723,-0.6351210246700933,0.4874672135874935,0.1531504025704105,-0.23298141129908523,-1.5277995599231406,0.39571385653265545,0.5541828745193378,1.2334101653981415,-0.19967037906158183,-1.7909512042864364,-1.4401593699806472,-1.113914293448571,0.008542610198371554,-1.0792121668735293,1.527029496524789e-4,-1.3170468373944293,1.0339044354458178,-1.1150239497966554,0.9810579568117693,-0.5323695989696289,-1.8187936214049025,-1.6033445377614024,-1.0339044354458178,1.3170468373944286,-1.3723329986258064,-1.0850176963188372,-0.2548937564358004,-0.21193876761858224,-0.6136987449184976,0.5736101447550955,-1.2804235184154193,-0.9284540343304539,-0.23228628620644656,-1.1089772052064004,0.6552175733882943,-0.5696008087220858,-0.7367263106307022,-1.3284856399458025,-0.2233527107470814,0.28677986593896093,0.9600881112561845,-0.8274130302866491,1
1.0329145883058024,-1.235819353882877,0.5693561964423357,-0.13478617003801185,0,1,0,1,0,0,0.21111872958258027,-0.5187434102417455,0.5337963509440852,-0.5795706579358897,0.16808533763037095,0.04895450461146867,2.1531045778239206,1.1842477404366352,-0.30286263297977034,1.8636718538637438,1.9050515130099686,1.4778460490583407,-1.127806857488468,2.8479379144822103,1.9242569929575841,-1.2433565646852487,1.3592760683943939,1.190822356896206,0.5274811195133241,1.4924563972103608,-0.14831831991918448,0.30226122449632975,-0.8354300734170794,-1.169865559018543,-1.3140540119048498,-1.4924563972103608,-0.5274811195133248,2.7219865038898057,1.841902992264201,0.10901061945972781,-0.5607922809744348,-0.03337721691295973,1.4557499713346498,-0.709509049969999,-0.983822203561983,0.20179139169817292,-0.38732140769626244,-0.1035484832504671,-1.0440080620563552,-1.2553771652902237,-1.5484861282804228,-0.5088613263982832,-0.7833178721512579,-0.15329565102369538,-1.0748462533011267,0
-1.6399126968469209,-0.87507063028241,-1.8929150543297122,-0.13478617003801185,1,0,0,1,0,0,3.1260931775371814,-0.7577284344466921,0.09882818275322415,-0.4904586112997712,-0.953890245495117,-0.20370936812158769,0.14084535130463005,-0.21978418851691306,0.18513656082020324,1.8874976420301088,1.792205999736187,-0.15698455125861865,-1.7435190636227607,-0.5568966834338144,-1.0587168755659715,-0.1602873124961304,1.2599334803226778,1.0155254583151012,-1.4375436385994584,1.2116300738185948,-0.7522934939186899,-0.7589386283284766,-0.4141611717618409,-1.3005590715151558,-1.3384926206226526,-1.2116300738185954,1.4375436385994576,-0.48105256270404034,-0.9349191994684248,0.2636699792153276,0.13691474573727128,0.6493539925053206,0.3845801819166189,-1.85133798686084,-1.648240234340335,0.7598912632898273,-0.859173275299045,-0.9381911455531051,-0.97102233077416,-1.0090180093269512,-1.3792549834076382,-0.6992004034990842,-0.6186874509066087,-0.09762646290970158,-1.0129879475475077,1
-0.2006980048416086,1.3924927752062353,-1.6032360836506476,-1.6014324776621007,0,1,0,1,0,0,-0.2684008765744537,-0.3344167614024072,0.9431781563001896,-0.6513232149675694,0.7405166540375657,0.24616648315178347,0.9336376599218149,0.9170064027494587,-0.5411941231982335,0.9825291996962994,1.001781295721615,1.9069628548684203,0.17696852826744702,0.08429804448601798,0.38553849032357146,-0.29595797764440024,0.3372038735661133,0.6498270764862527,1.9870103782565134,0.6301771912123648,-1.2140162805850012,-0.8723960700508007,0.44242127106836915,-0.9929679724851935,-0.6679350860325107,-0.6301771912123648,-1.987010378256514,-0.14682239923337803,0.04072103005925432,-0.8371407578686448,-0.8450432918569822,-0.6819718658603261,-0.024984737566746233,0.8401159358104279,-0.04256332662598434,-0.790386157798101,-1.192245181842186,-0.9381911455531051,-0.5513543759015367,-0.2569742700706454,-0.6177148314801074,-0.667477223982284,-0.4540570296619595,-0.2089648391376897,-0.7036964187794109,1
0.46750881644657266,-0.3854830768246345,-0.8790386569529866,-1.6014324776621007,1,0,0,1,0,0,0.31207022561564,-0.544328181689477,4.486889408913969,-0.7751542408125652,0.9923238112736757,0.18042915697167852,-0.3019822798247477,-0.0506847488395674,-0.34222520322500116,-0.6948994333936672,-0.2568987579571429,-0.1830977081919582,-0.049771074319104415,-0.7953332048853331,-0.4191032004282204,-0.20187852986076096,-1.2820425937958848,-0.9076084410316173,-0.02757457514840374,-0.2223753081429889,-0.37477385603605207,-0.3502819774407519,0.264964864001886,-0.33248718679061884,-0.5521220238094039,0.22237530814298817,0.027574575148402326,-0.8431352397972577,-0.5596729573423944,-0.6097005229339397,-0.6124742829530796,-1.040405750804923,-0.2140147004052217,0.35076067714292497,0.40038202722625016,-1.0384305451721696,0.0151404793766993,0.19995793940503753,1.8617363646160503,1.7463146560517566,1.4722898076987825,0.6490347259649236,2.056556894318939,2.101306467593062,1.5541317412276956,0
0.2619067175886707,-0.4370186087675581,0.27967722576327125,-0.13478617003801185,1,0,0,1,0,0,1.0692064458635884,-0.670507622693062,0.29072590401389814,-0.5384865325387181,-0.3519387666279831,-0.09951347016264586,-0.6043711322801978,2.1249564649596135,-0.5312428765955467,-0.5632053697133554,-0.5667731521472652,0.7458669176632841,0.6878853420150076,0.03739206341178472,1.7639596379946276,-0.7913755642440242,-0.42118743802999487,-0.5560748129492943,-0.6392523306161405,1.6512761951523172,0.8777544806440195,-1.14947339342988,-0.06902931304894644,0.34321186579566776,0.193934032388671,-1.6512761951523172,0.6392523306161398,0.02029268250195297,1.6167552469885829,-0.027453521501095285,-0.43158727602782254,-0.5624939042121272,0.4475901695294441,-0.5463906304141645,-0.319404172783631,-0.10826409251941274,1.0714101829973075,-0.9381911455531051,0.7441423543574326,0.5901554592065738,0.7060487906358965,0.5168548113115892,-1.30464753942598,-0.7903985816616271,1.1245601734942279,1
-0.4577006284139859,-1.0554449920826439,0.5693561964423357,-0.13478617003801185,1,0,0,1,0,0,0.6780193987354818,-0.6135233590140237,-0.13144908275958464,-0.41118360877283466,-0.5013481361089525,-0.15407097896518193,0.4354055312702659,-2.645934583729473,1.3994680680887959,-1.6263265950289307,-0.5955155962809617,-1.941581279055224,-0.8762321781955582,0.06816516058197891,-0.9399875291439954,0.7557724117374743,-2.083975521940431,-1.3724735956328975,-2.3498765620089648,-0.31750632983152677,-0.5373321648891957,2.6899693817480417,-1.1536413441525564,0.13062785376771863,-0.5657538947095065,0.31750632983152677,2.3498765620089634,-0.016844002328120476,-0.9349191994684248,-0.2821865846279648,0.13691474573727128,-0.71610842633123994,-0.5605696322757617,-1.0357458890816678,0.012804842605544792,-0.2736270174354578,-0.4150773999081907,2.8556391376407038,0.5251851605108457,-0.1921429132382052,-0.1269445113490324,0.7917890337905242,1.5215080252738291,1.461110804282131,0.22417816752487937,0
-0.2263982671988458,-0.1535731830814779,0.27967722576327125,0.3052077222492148,1,0,0,0,1,0,0.6527815247272168,-0.6123604148573085,0.8024531607090287,-0.636278323977056,0.052454051784248404,0.020781364819995127,0.5442208030326168,-0.29643846195618256,-1.8930807785015207,1.3794952791318131,0.05741332438207797,-0.08231604853386218,0.13166161655610423,-0.12428349846522828,0.09517417028375265,-2.0777082766214137,0.0059676044740112014,-0.529384455697151,-0.5008818372323651,0.3844992353771884,-0.8809348816987461,0.5022144866405459,0.5000083982108843,-1.8576917500494563,-0.5914810182342235,-0.3844992353771884,0.5008818372323643,-0.2582324537235989,-0.10937746679115769,-0.5733100853443877,-1.4781478160953823,-1.39883963574952,0.8571550890128092,0.02452383803125581,0.2896456887631914,-0.4803306735805153,-0.8274521413425554,0.47094581677602393,0.014285041535478216,0.26908588251258353,-0.5161761445564365,0.41111087958892223,-0.0895182397630935,0.09323932490970681,-0.5446322039843892,1
-0.7918040390580765,-1.5450325455404195,-1.8929150543297122,-0.8681093238500562,1,0,0,1,0,0,0.2742134146032426,-0.5367690446708291,-0.822280879298011,1.3276585999384374,-2.2354371530324997,-1.438855591995396,-0.4949258675535155,0.03156763117572561,1.3385483366469335,-1.7010995192369929,-1.7275652196325435,0.016304608634516857,1.5952188693667315,-0.990771571608342,1.130663449372771,0.9653450824954949,-1.1503841612786518,-1.1501367489593552,-0.7076772998718532,0.7241032714020105,-0.30176081378110703,1.0893462583117455,-0.8597617074479555,1.1573744625356428,1.1230347152910247,-0.7241032714020105,0.7076772998718532,-0.9823978079100336,0.8662627627365218,-0.38226028799923456,0.14983524623193267,-0.32353798091572933,-1.2851844898232538,-0.30171300108041293,0.012804842605544792,-0.790386157798101,-0.10976148557697851,1.413983630027056,0.8627441676909999,0.2357440418559006,0.7022880985276131,1.8069307783281299,-1.3595243465075295,-1.266679413303576,1.3994859768436472,0
-1.6399126968469209,-0.2051087150244015,-1.8929150543297122,-1.6014324776621007,1,0,0,0,1,0,3.1260931775371814,-0.7577284344466921,-0.2849672597681238,-0.33017265728545425,-1.2901550850615486,-0.32758174466505074,-0.7043298831035008,-0.8899340183197754,0.16434757037247108,-0.020140602829669275,-0.4042932356812616,-2.084403219153754,-1.245683447262383,-0.6823815040119506,-1.2842893530802066,0.30112397813294317,0.5755345224419041,0.6675025080373851,-0.5252107151899527,-2.321979792967767,0.29756028919306626,-0.06511051174675886,0.07793192336249788,0.597898835571131,1.1772872873141673,2.321979792967767,0.525210715189952,-0.7595776989295921,-1.3101654415944555,-0.6915790075104341,-0.44450777652248397,-0.20406001926752979,-0.5605696322757617,-1.85133798686084,-1.9250810804979817,-0.790386157798101,0.029018475482663446,-0.3311783002420958,-0.8341740846200435,-0.671894953798262,-0.4146374576327655,-0.033013633646279864,0.6160407084282594,-0.3759724034796717,-0.6418381130257917,0
0.2619067175886707,-0.2824120129387873,0.27967722576327125,-0.8681093238500562,1,0,0,1,0,0,1.0692064458635884,-0.670507622693062,-0.3233468040202586,-0.3093412697601279,-0.8536381536699023,-0.2766017774233367,0.12867637284168518,1.1512923399479378,-0.819655394619033,-0.9947998360684054,-1.1160647617727844,0.08972651886853807,1.028678180813568,0.10469790136814427,1.7551686346348572,-0.6427454339258292,-0.41202102080887537,-0.7023841477796982,-0.19575715951429745,0.3165258375355961,-0.07431471933727578,0.1781045404357221,0.4745992081003682,0.9353574080949077,0.7651974383278891,-0.3165258375355961,0.19575715951429676,0.15955525061472892,1.7668537438389946,0.2636699792153276,-0.12149526415595328,-0.27233314020935756,0.3845801819166189,0.02452383803125581,0.12354118106860354,0.015758101167622184,-0.4150773999081907,-0.3311783002420958,-1.4089367184673323,-0.996051737960463,-0.6177148314801074,-1.3336639938350878,-1.5241547677521787,-1.6006945419875402,-1.0748462533011267,1
-0.1749977424843705,-1.0554449920826439,-0.4445202009343899,-0.13478617003801185,1,0,0,1,0,0,0.08492935954125552,-0.49315863879401406,-0.13144908275958464,-0.41118360877283466,-0.1741631254276169,-0.06150209107891172,-0.3786104172620521,-1.559713952062554,0.9021623708162934,-1.0177300229016053,-0.17403789672283626,-0.009971547002557892,-0.2632524510730793,-1.1982020176049775,0.49640020706711047,-0.05807160880339866,-1.3536437480945047,-1.0765929571424708,0.06048449490010199,-0.07358778644048274,-0.6707623364048352,2.638039177912969,-1.2916425499670106,0.03263763340053707,-0.8248256914196003,0.07358778644048274,-0.0604844949001027,-1.17736540326792,0.26586877533487285,-0.4914316007678933,-0.44450777652248397,-0.9209277891567239,-0.34003467563087314,0.5954383064766764,0.6218547041523672,-0.8523972546416179,-0.5538573609678327,2.7797625319768278,0.48869229486974886,-0.2958730841701091,-0.2623294272472596,0.6966194952401235,1.5215080252738291,1.6281183686241134,0.16231986177126023,0
-0.38059984134227254,-0.23087648099586283,1.0038746524609323,0.3052077222492148,1,0,0,1,0,0,-0.5333985536612357,-0.08845407225717024,0.6489349837004895,-0.6067671916495102,1.0370924956545442,0.4008951556573366,-0.5824011855673952,-0.4341308257818679,1.4359201350181083,-0.41456587672344725,0.6089725160829439,0.6060697600781637,-0.47641612779223486,-0.9012416910327518,-0.37254165038600373,0.2743333652126045,-0.40372759570405853,0.4408116441036192,0.004530982273630621,0.8221130942085961,-0.09066705292474099,0.22265413553188335,-1.6872723527492437,0.15972238096132504,-0.36132732248196453,-0.8221130942085961,-0.00453098227363133,-0.8431352397972577,-0.3345252120667762,0.05442496307539909,0.188596747715916,0.017827623793410803,0.5106001571422693,-0.38327221085833024,-0.4301405112466897,0.44983577907224165,-0.24854144663662048,-0.02767187758659086,-0.6517097564145549,-1.3461410648556402,-1.2100238385348534,0.506280418139323,-0.5363722402842841,-0.2089648391376897,-0.45626319576493324,1
1.6497208848795075,-1.5450325455404195,-0.4445202009343899,-0.8681093238500562,0,1,0,1,0,0,-0.07911682151246661,-0.4390817355067634,-0.822280879298011,1.3276585999384374,-1.9833221018911251,-1.3637272192181331,-0.8454484479204664,-1.636199529589389,1.0019842025108838,-1.6307835441610647,-0.9145004186628277,-0.16663294626560549,0.5493646015405702,-1.348477106055805,-1.1994899052184758,0.45797608618739166,-1.037727007739474,0.08076402744021258,-0.4157307643808121,0.1850492459657866,-0.17176578841933068,1.0441125478117737,-0.909524171928911,1.1740910216121696,1.2677456861549932,-0.1850492459657866,0.41573076438081064,-1.2887754577581405,-1.1600669447440433,-0.24579614703841146,0.020630241285320403,-0.3918111018575571,0.25856020669096863,-1.1173050988595852,-1.0945585420250417,-0.5423417704240322,-0.026493508941193386,1.2622304186993043,0.6346637574341392,0.028283699992091807,0.49921072468027106,1.8069307783281299,-1.1948939252628807,-1.266679413303576,1.2139110595827887,0
-1.0488066626304537,-0.3854830768246345,-0.15484123025532542,1.0385308760612593,1,0,0,1,0,0,-0.11697363252486404,-0.415822852372462,-0.5536240695330674,-0.08540385386286918,-0.5807080307202706,-0.2537949499730962,0.3394651301746243,2.1644801891954843,-1.2742663919442494,0.33743683199461116,-0.8937863238723168,0.02797934649706786,1.4896794739176134,-0.6111702342789297,2.3922747878878763,-1.2199314766032208,-0.021592085105077468,-0.7912208429935428,0.4251360800282837,-0.3834842964864804,-1.0827086238976178,-0.5742886211883331,0.5160513617214788,-0.4772657323947152,0.3894928405397158,0.3834842964864804,-0.4251360800282844,-0.5367575899491508,2.367247731240644,0.2454747604205509,-0.44450777652248397,-0.42594766232847037,0.5421051509486824,1.5741488238116832,1.4523772426253072,-0.17027518936292965,-1.0257092285706153,-0.5588081172337243,-0.07694712256726609,0.19684522775643593,-0.008482709938082702,0.2207718024881207,-0.12479618717266176,-0.32030321536567735,0.16231986177126023,1
-1.5371116474179702,-1.235819353882877,-0.8790386569529866,-0.13478617003801185,1,0,0,1,0,0,-0.7983962307480176,1.3315007430919283,0.5337963509440852,-0.5795706579358897,2.353715797638624,1.471921660428434,0.020456734376272812,1.1834405709281435,-0.6627154816991837,1.1497474840090856,0.8210871040652784,-0.29098010193489576,-1.1563397537375761,-0.06776241832856669,0.9693087173715634,-0.7918836707866981,1.2979324462574862,1.3053546356863677,0.05712944868845589,-0.45352244570481864,-0.09615299709601934,-0.653277129081412,0.11018754441228894,-0.26622707954152713,0.20697128626540476,0.45352244570481864,-0.057129448688456604,0.0759977097470634,1.1664597564373458,0.6093791363160792,0.07231224326396513,0.59814915179895,1.5817699465603012,-1.1173050988595852,-1.2606630497196296,1.1939689411944467,-0.19302946221276363,-0.7105613285614767,-0.39625969692687113,-0.2829068128036209,-0.36386811417093057,-0.0012904541294803558,-0.04248097655033679,-0.26463402725168356,-0.3944048900113141,1
0.2619067175886707,-1.0554449920826439,0.27967722576327125,-0.13478617003801185,1,0,0,1,0,0,1.0692064458635884,-0.670507622693062,-0.13144908275958464,-0.41118360877283466,-0.6526123894652782,-0.1978958630852519,0.571977696916008,-0.07350066193105366,0.6978887354347689,-0.09604906495374736,0.22528955152744137,-0.554892364756005,-1.1432231132465211,0.03724148274470504,1.5618272148883414,-0.3167520055290625,-0.26241554755144414,-0.4300893049067559,-0.20147967785109497,-0.5569819125050662,-0.7581376602871509,1.6654861831623926,-1.2723424988601073,-0.13045067476562014,-0.7127859469095066,0.5569819125050662,0.20147967785109425,-0.03541234474315745,1.3165582532877582,-0.24579614703841146,-0.3669847735545164,-0.4430159425639276,-0.11949971898598452,-0.46483142063624716,-0.4301405112466897,-0.35630847989348147,-0.7759052986632599,1.33810702436318,-0.39625969692687113,-0.9571529238609991,-0.939254006738398,0.2207718024881207,0.8629863402952329,0.6260729825722207,-0.9511296417938885,0
-1.5371116474179702,-1.0554449920826439,-0.8790386569529866,-0.13478617003801185,1,0,0,1,0,0,-0.7983962307480176,1.3315007430919283,-0.13144908275958464,-0.41118360877283466,1.926956945129057,1.3417885861535324,0.5844718631620407,-0.3894555197508514,0.25969506344057647,0.9205311910876444,1.2942180805894679,-0.17117558756994367,-2.025259472376867,-0.04828868880447039,0.9566929258464096,-0.8170291932479166,1.4579280922987827,1.3738889419353635,0.594470599903532,-0.8230517886162441,-0.8609718422346534,1.492933894518865,-1.1760473967785274,0.20207828821849833,-0.3412117443303294,0.8230517886162441,-0.5944705999035328,0.02029268250195297,1.0163612595869336,0.30006041680488094,-0.18609776662925942,0.39332978897346543,1.2982250023025865,-1.1173050988595852,-1.4267675574142176,0.7598912632898273,-0.8869292675109735,1.1104772073715516,-0.5422311594912614,-1.0219842806934394,-0.8884846632765624,0.15732544345452057,0.7806711296729086,0.4033962301162448,-1.0129879475475077,1
-1.8198145333475857,-0.2051087150244015,-0.8790386569529866,-1.6014324776621007,1,0,0,0,1,0,-0.44506599463230834,-0.1832340210294483,-0.2977604411855021,-0.31859966421582847,0.2192302834119556,0.10530078419441576,-0.21795258544541768,1.0590288995992472,-0.06217914832254995,-0.2724257006625255,-0.563745921280729,-1.166123614479511,-0.21305756793378614,-0.019628395214695397,1.072940009420607,0.08524488991038069,0.4868006734183139,0.4744016249079914,0.5791922973583978,-2.164889396170255,0.2834559143918528,-0.37870265235770606,0.17066387214481543,0.8507327609113128,1.1960581596039996,2.164889396170255,-0.5791922973583985,0.27096530510494976,1.5417059985633763,1.2007237471463126,1.06719078135288,1.2467438007463156,0.8571550890128092,0.5954383064766764,0.34501385799472056,1.3179911348814817,-0.026493508941193386,-0.6346847228976005,-0.989268763594709,-0.7626588533636787,-0.4146374576327655,-0.3819686083310823,0.6160407084282594,-0.32030321536567735,-0.7036964187794109,1
0.004904094016293398,0.38754990231922204,0.5693561964423357,1.0385308760612593,1,0,0,0,1,0,-0.34411449859924853,-0.2931322438390223,-0.5280377066983108,-0.11896553376478392,-0.27820839517963436,-0.13350011499045522,-1.660989251912614,-0.49745754723209773,0.8918299877302557,-2.278097808758884,-1.8162472141109551,-2.652718618671726,0.9196068303174532,-0.8042667717225486,-0.09386775127505631,1.0733955550866585,-1.157728427416846,-0.6957019355456094,-0.5252107151899512,-3.0970942153596117,1.5060321058271282,0.5887414426665006,-0.14050245471931475,1.9295794782699671,1.6819927981382103,3.0970942153596117,0.52521071518995055,-0.9823978079100336,-0.5596729573423944,-1.492168634480596,-0.8192022908676594,-1.176951992688579,-1.6317394216937933,-0.5463906304141645,-0.3747723420151606,-1.4104971262332722,2.0829618991653644,1.1863538130354276,1.5926014805129542,1.2600794798084554,2.1069066009717248,1.5531453421937294,0.8629863402952329,-0.4316415915936655,1.0283361423219313,1
-1.5114113850607322,0.23294330649045036,-0.8790386569529866,-0.8681093238500562,0,1,0,1,0,0,-0.25578193957032125,-0.3373241217941949,-0.7199354279589849,0.2860892236721181,-0.9531274677070419,-0.48052164639019285,-0.25274095312511313,-0.5937233048980256,0.08881889842793769,-0.7519701275851612,-0.7704053991300033,0.14263463056097214,0.6226961038043043,-0.6683888615264933,-0.04683298193216757,-1.3677683251551764,-0.4819772760863474,-0.7974360348483946,0.74512626677265,-0.5444705351245722,-0.31640382733411104,0.7679876155689306,-1.4958936693082283,0.5379427127714366,0.22302367051754685,0.5444705351245722,-0.7451262667726507,-0.5089050763265954,0.19081952690966666,0.74584327727690225,-0.1473362651452761,-0.32353798091572933,1.3927399837218248,0.8401159358104279,0.5111183656893089,-0.29429738304996345,-0.10976148557697851,1.1104772073715516,0.9357298989731951,-0.07544647093981212,0.1438253204474232,2.028993034945732,0.5337254978059351,0.29205785388825667,0.904619530814692,1
-0.4063001036995106,-0.87507063028241,1.4383931084795292,-1.6014324776621007,1,0,0,1,0,0,-0.24316300256618875,-0.3373241217941949,-0.38731271110714993,-0.2503190051050364,-0.16877941606457111,-0.06597401802993927,2.9962456990048594,-1.2688716103152453,0.036013672855576835,1.6246366084730095,1.559362581918287,0.5452215836529033,-1.5687188879729292,3.213693499726612,0.394450618869006,-0.8834128437426235,2.1179101322191327,1.5495714316666953,0.1590389773671773,0.5858842905209262,-0.9552679020422565,2.1367180769521585,-0.9369766092102235,-0.09469581229637845,-0.5143928243649959,-0.5858842905209262,-0.15903897736717798,3.2233317490957996,0.491016520610491,0.34554846379182197,-0.18609776662925942,0.6493539925053206,1.109195039464111,-1.4435419379712537,-1.648240234340335,0.6978801664463103,-0.859173275299045,2.1727496866658176,0.3062279666642602,-0.24400799870415715,-0.2623294272472596,0.6331731362065233,0.12214944469431245,0.45906541823023866,0.40975308478573785,0
0.2619067175886707,-0.35971531085317227,0.5693561964423357,0.5985369837740325,1,0,0,1,0,0,-0.4576849316364408,-0.17160457946229762,-0.6175899766199587,-0.046634327079622846,-0.31197359920543116,-0.09593592860182383,0.29086669831514844,2.176399412219982,-0.5235277934447736,0.4577875534402798,-0.5693130561875518,-0.4316156903803707,0.5467373506811227,0.13096158053797635,2.5775844480027326,-1.2180992184879524,0.6329505423983423,-0.6581223865920693,-0.18963998474047816,-0.4005896952488784,-0.273601956287406,-0.40500897934186997,-0.5083922096156841,0.009181472351105079,0.09760643832169189,0.4005896952488784,0.18963998474047747,0.0759977097470634,2.2921984828154374,-0.1457224436671417,-0.7416792878996918,-0.47715250303484213,-0.05648973137315825,0.758556726032511,0.954063719541543,0.07776919801113909,-0.10976148557697851,-0.17942508891434333,0.7258959215368835,0.3265079414213163,0.31305646532020776,1.109020828958526,0.7806711296729086,0.6260729825722207,0.8427612250610729,1
0.9044132765196139,0.7998341578626126,1.0038746524609323,-1.6014324776621007,0,1,0,1,0,0,-0.6595879237025604,0.09063932787695031,-0.09306953850744984,-0.4256498501098669,0.9466823663887984,0.3986591921818228,2.804322732657271,1.8117681180800171,-0.11734274565829067,1.4924736710540718,1.0190596065680468,0.8175857925217939,-0.5871090061522097,3.469111206624217,1.2368420809180098,-1.063373379439978,1.8330918968938752,0.9436245465373786,0.4025854781078499,0.7158101325491454,-0.43318398217587506,-1.2476673557331197,-0.9081762306792751,-0.19857309694386197,-0.40356168988747937,-0.7158101325491454,-0.40258547810785056,3.056216667360468,1.0163612595869336,-0.2639913658331881,-0.7545997883943533,-0.06751377738387422,0.41608517572303205,-0.38327221085833024,-0.5962450189412776,0.139780294854656,-0.5816133531797613,-1.317574173872486,-0.8706669502611417,-1.1516469943583196,-1.1423313805857394,-0.12818317219668063,-0.5363722402842841,-0.26463402725168356,-0.76555472453303,0
-0.4577006284139859,-0.7977673323680251,-1.6032360836506476,-0.13478617003801185,0,1,0,1,0,0,0.29945128861150755,-0.5390949329842593,0.39307135535292426,-0.5489022263013813,0.04475746364098211,0.0096015474424262625,-0.5381949640773295,-0.1545051166464851,0.8975308767069203,-1.0483623898941385,0.39098101731503276,-0.192396442794749,-1.1003836469021742,-0.693612377102594,-0.09579027511701842,-0.24130847990986418,-1.758470280125773,-0.8384266537873941,0.2181716668474233,-0.4787858038769716,0.0553238840520084,0.11610252664209546,-1.469446526529041,-0.32739907441060867,-1.3268549120986601,0.4787858038769716,-0.21817166684742473,-0.7038726716844818,-0.18442671521636386,-0.2912841940253525,-0.3669847735545164,-1.0062691903340089,0.4475901695294441,0.6769975162545934,0.6218547041523672,-0.35630847989348147,0.16779843654230542,0.27583454506891375,0.4978155112800227,-0.38663698373552574,-0.48232991558187904,0.6014499566897238,2.2623449208747504,2.12914106165006,-0.20882997275045564,1
-1.6399126968469209,-1.1842838219399534,-0.15484123025532542,-0.4281154315628296,1,0,0,1,0,0,-0.6848257977108253,0.23542587538797632,0.13720772700535894,-0.5037675533298408,1.2208646399555152,0.5703811871012805,0.4018398792443029,1.1300902643560187,0.229460995950484,0.5614853772377664,0.4290933886058251,0.05893789815092573,-0.48023479644574085,0.35911115237844066,0.6922540319481434,-0.5184928782908012,0.6754290612279049,0.35527361391714907,0.39961991949913633,-0.31595390708670573,-0.19994850177755583,-0.8575994608575143,-0.8347162078728727,-0.08878662544517676,-0.21098688485830006,0.31595390708670573,-0.39961991949913706,0.438080386840281,0.7912135143113154,0.3728412919839863,0.03355074177998182,0.3079883877961804,0.6051151385615076,0.35076067714292497,0.17890935030013266,0.6358690696027934,-0.026493508941193386,-0.6346847228976005,0.7623887871779818,0.1709126850234604,0.12690220596014448,1.2041903675089267,0.9453015509175579,0.848749735028197,0.5953280020465953,1
-1.0231064002732158,-0.7204640344536393,-0.15484123025532542,-0.4281154315628296,1,0,0,1,0,0,-0.3062576875868511,-0.3187170152867538,-0.5024513438635544,-0.1247520302995968,-0.278208395179635,-0.14870466662394888,-0.7962383372263199,-0.2269969096608096,0.19543188417108112,-0.25574270526004583,-0.19380601287970026,0.008834805073487061,-0.11564642604256384,-0.8916090967910326,0.9389169375056089,-1.0585168192481798,0.11858630144142263,-0.33642085186711607,0.004530982273630621,0.007555847346540335,0.21630348649935427,1.2521467588431712,-1.3308692530402728,0.4630800422238044,-0.07649217426244644,-0.007555847346540335,-0.00453098227363133,-0.9823978079100336,0.41596727218528484,-1.019092945816409,-1.3360223106541085,-1.2281568333949502,-0.24551969421163483,-0.38327221085833024,-0.4301405112466897,-1.2864749325462383,0.41760236644966076,1.5657368413548085,0.826251302049903,-0.06248019957332482,0.12690220596014448,1.489698983160128,0.6160407084282594,0.6817421706862145,0.5334696962929761,1
-1.6399126968469209,-0.07626988516709207,-0.15484123025532542,-0.8681093238500562,1,0,0,1,0,0,-0.6848257977108253,0.23542587538797632,-0.438485436776663,-0.2260157196588223,0.6546137962476455,0.35572869345195834,0.9665383874946517,1.5688271993047678,-1.0859262257372508,0.628319247697433,0.010090123845839563,0.5907360656456289,0.1861244602501276,0.5038329063991502,0.7732682062462869,-0.1714942375003038,0.44708603510852135,0.40697443641160186,0.4513710056427588,0.3580292690535297,-0.8405712523724318,-1.3786214515864723,1.3121623594801402,-0.40549590862154705,0.3842136708361063,-0.3580292690535297,-0.4513710056427595,0.577342954953057,0.8662627627365218,0.36374368258659734,0.21443774870523882,0.39332978897346543,0.4790951633358572,0.2692014673650073,0.06817301183707392,0.5738579727592754,-0.7481493064513315,-1.2416975682086098,0.3062279666642602,0.9618552383792308,0.7192112130148905,-0.28679906978068154,-0.28942660841731066,-0.15329565102369538,0.6571863078002155,1
-0.7661037767008384,0.026801178718756015,0.27967722576327125,0.3052077222492148,1,0,0,1,0,0,-0.6343500496942954,0.06970633305607908,-0.42569225535928473,-0.2260157196588223,0.4848907830678219,0.22827877534767327,1.4068101696910844,-0.12579974930814486,0.16334103251137527,1.5543077424119505,1.4478531949709663,1.9653961275189316,-0.534616517339375,0.9623077523780248,0.6402858526490998,-0.5329645440196709,1.6867033792459636,0.9850458024074557,1.7079624107676439,0.9866295824910817,-0.9946772188623072,0.8140884152567813,-0.7588706312351156,-0.4272632863825406,-0.9205745610271553,-0.9866295824910817,-1.7079624107676445,0.939425632046274,0.641115017460903,0.1272058382545045,-0.173177266134598,0.4957394703862077,0.3215701943037938,0.5954383064766764,-0.1532996650890431,0.07776919801113909,-0.9424412519348303,0.7310941790521709,-0.058700689746716966,-0.4385020692014777,-0.5669454880182719,0.030432725387320277,-0.12479618717266176,0.4033962301162448,-0.20882997275045564,1
-1.6399126968469209,-0.46278637473902035,-0.15484123025532542,-1.6014324776621007,1,0,0,0,1,0,-0.6848257977108253,0.23542587538797632,0.29072590401389814,-0.5338573353108679,1.3150646565363096,0.5936352072466238,0.9450280041684568,0.38582157858396415,0.19164380738094897,1.487414963113156,0.9371474149005119,0.10742976766651344,-1.0055220148014523,0.5985024722808567,0.7039209821018766,-0.2709824118706446,0.814591816166473,0.6731265764222849,0.5516412599819246,-0.4005896952488784,-0.7160678259650379,0.17562036227050834,-0.53429469528113,-1.201666354344128,-0.5611604486505568,0.4005896952488784,-0.5516412599819253,0.605195468575612,0.7161642658861095,0.16359627584405784,-0.0052107597040024186,0.32505666803163763,0.41608517572303205,-0.22015379130249568,-0.4855086804782194,0.3258135853852078,-0.6926373220274746,0.12408133374116129,-0.10431677179808911,-0.3607044410025493,-0.7869459763528921,0.6966194952401235,0.7806711296729086,0.6260729825722207,-0.1469716669968365,0
-1.0231064002732158,-0.6946962684821769,-0.15484123025532542,-0.13478617003801185,1,0,0,1,0,0,-0.3062576875868511,-0.3187170152867538,-0.5920036137852022,-0.06630841529798666,-0.46758293208315554,-0.19387112882932708,-0.26130832265277687,0.6936604773383164,-1.2208606505859236,0.09511407438211482,-0.5957412220754733,-0.3875509879087021,0.011208579972541858,-0.8415305152906029,0.5998242053336729,-0.9348760395621595,-0.4617815714377928,-0.8152936961828031,0.513835114248652,-1.0381887348318,-0.47749179182821744,-0.35118005295840404,0.7294971477664391,-0.5863876797492846,-0.02148284458124025,1.0381887348318,-0.5138351142486527,-0.8709877534198129,0.340918023760079,-0.5278220383574467,-0.8967252938356269,-1.0062691903340089,-0.024984737566746233,0.35076067714292497,0.12354118106860354,-1.3484860293897554,-0.3040534310604773,-0.1035484832504671,0.7988816528190786,1.0915179520441112,0.7530574419894479,0.31594134103852145,1.6861384465184783,1.1827648637121608,0.40975308478573785,0
-0.7661037767008384,0.2587110724619126,0.27967722576327125,0.5985369837740325,1,0,0,1,0,0,-0.6343500496942954,0.06970633305607908,-0.4768649810287978,-0.16815075431069346,0.4024987451062733,0.18355950583739783,0.49255965113670164,-1.0523184217843469,0.7485750772812684,0.041219482413144125,0.3861936666710339,0.7665183173520843,0.012387763490867208,0.943584346060594,0.4124852842145101,-0.19507996548385118,1.4466579071908545,1.0828224870438858,1.8985991410323173,-0.8375679493470506,0.25790217553159045,1.8575587614505624,-1.2193637599281477,1.3787963555456664,0.5550947234225243,0.8375679493470506,-1.898599141032318,0.911573118423719,0.41596727218528484,0.09991301006234013,-0.018131260198663828,0.5640125913280355,0.2270552128845555,0.6769975162545934,-0.1532996650890431,0.015758101167622184,0.22331042096616224,1.717490052682561,-0.02220782410562002,-0.6459624110652865,-0.11002139686175369,0.6966194952401235,0.28677986593896093,-0.09762646290970158,0.16231986177126023,1
-0.6890029896291251,-0.7719995663965628,-0.15484123025532542,0.3052077222492148,1,0,0,1,0,0,-0.571255364673633,-0.06926549367137161,-0.6559695208720935,0.07198885188404132,-0.190307729612128,-0.10890451675980371,-1.2852394841138428,-0.4473703739272675,0.9182258235571347,-1.5678100010714966,-0.7829625301065547,-0.3699454657961813,1.2206338801901935,-0.6153356986778774,-0.37236030203441745,1.0621940448511298,-0.6960202609836612,0.09560145304487655,1.3779353831051453,-1.871181028480457,1.1723206090187237,0.24100750165533194,-0.18784288407757008,1.42784838839388,1.1112258470692176,1.871181028480457,-1.377935383105146,-0.48105256270404034,-0.18442671521636386,0.5911839175213025,1.093031782342202,0.7176271134471482,0.06953024385249205,1.9819448727012692,1.2862727349307197,0.20179139169817292,1.1392581639597994,0.27583454506891375,0.15113328768959466,0.028283699992091807,0.600749411603942,0.31594134103852145,0.36909507656128593,-0.4316415915936655,0.038603250264021984,0
-0.8689048261297889,-0.41125084279609675,-1.6032360836506476,1.478524768348486,1,0,0,1,0,0,-0.33149556159511606,-0.2541736145890675,-0.24658771551598904,-0.3648916364943316,0.1087181397804516,0.08651869100010007,-2.8215381236142947,1.3110373688821646,-0.004851515954016643,-1.2769129625757674,-1.3343148590843896,0.3967009573520803,1.759044461249305,-0.9372029351489868,2.3289938448480876,-0.8604894538739686,-0.1717455637590621,-0.6397520267241614,-0.28338753067176975,0.8221130942085976,2.986975314663581,0.5336949736919586,-0.8580767310208733,1.5547270717847341,1.1100813296995957,-0.8221130942085976,0.2833875306717691,-0.8709877534198129,2.2171492343902317,0.09991301006234013,-0.3669847735545164,-0.40887938209301433,0.3530751881102058,0.5138790966987595,0.7325910426154264,0.20179139169817292,3.137689603218643,0.7310941790521709,0.5981708917930423,0.028283699992091807,0.65151875506577694,1.267636726542527,-1.5241547677521787,-1.4336869776455579,0.9664778365683122,0
0.5960101282327613,-0.17934094905293926,-1.168717627632051,-1.6014324776621007,1,0,0,0,1,0,-0.596493238681898,-0.0436807222236401,-0.2721740783507456,-0.31859966421582847,0.5707502775194006,0.21262703101907687,-0.6188838884038868,-0.20598529336382845,-0.9962541451114245,-1.048813903239304,-1.3349028453173308,-0.7624809588204465,1.139566022301495,-0.8011276622368338,-0.4098124602156755,-1.0705856548163148,-0.7532362251214392,-0.7011836518984295,0.7351254882829744,-1.7690215962405276,0.060095791422118544,-0.12781984669860957,0.2860774548753005,0.6699837724368131,1.050869715312587,1.7690215962405276,-0.7351254882829752,-0.6481676444393714,-0.18442671521636386,0.7276480584821255,0.007709740790658993,-0.2894014204448148,1.3927399837218248,1.8188264531454346,1.5077454118568363,0.139780294854656,-0.24854144663662048,-0.482931511569848,-1.1534866589796486,-0.8534227529290943,-0.5669454880182719,-0.6040308649486834,0.2044646553166367,-0.5429799678216537,-0.9511296417938885,0
-0.5605016778429365,0.3102466044048362,0.5693561964423357,-0.4281154315628296,1,0,0,1,0,0,-0.571255364673633,-0.06693960535794147,-0.5664172509504457,-0.11896553376478392,0.04858466719750325,0.04045784340451634,1.121291288809516,1.165290333997294,-1.4669624499932237,0.2421926373848705,-0.6792990346911407,1.1755549449163214,1.3406213263668552,1.7233959635809537,0.5971287177703922,-1.1553977715688248,0.7502166779203522,0.3150369194658234,2.172121406194675,-0.550966827225982,0.16281410830882426,-1.0012071126355164,0.8443234783833639,0.4167153875515962,1.1906942493215404,0.550966827225982,-2.1721214061946754,1.2736557955169365,0.26586877533487285,-0.7097742263052108,-1.1422148032341901,-0.8355863879794388,0.25856020669096863,0.9216751455883455,-0.04256332662598434,-1.2244638357027204,0.1400424443303771,-0.9381911455531051,-0.0039613912850709025,0.4302381123532211,0.5838262971166633,0.062155904904119784,-0.7010026615289333,-0.9883334727336057,0.34789477903211874,0
-0.7147032519863632,0.9029052217484598,-0.4445202009343899,-0.13478617003801185,1,0,0,1,0,0,-0.5081606796529707,-0.12799417358548257,-0.4001058925245282,-0.23469546446104164,0.20291815636124805,0.08294114943927802,-0.0043302070679859875,0.9921184114532736,0.22413358235357275,0.28243172967523583,0.44665132361472687,0.08328962097554087,-0.10453269275315438,0.37190427126240844,1.0102118531440791,-1.4323722226439108,0.5650952460861867,0.006056091365783735,-0.604544012877736,0.7131765006161427,0.37762362416799916,-0.3497055974509102,-1.745794061903372,0.17879172696027673,-0.5747560013825347,-0.7131765006161427,0.6045440128777353,0.49378541408539117,1.1664597564373458,0.5184030423421971,-0.354064273059855,-0.11871861809024475,1.3612349899154128,-0.30171300108041293,-0.04256332662598434,0.20179139169817292,0.41760236644966076,-0.2553016945782196,0.2606118846128881,-0.7107937678977266,-0.6007917169928287,1.109020828958526,-0.12479618717266176,0.23638866577426285,0.47161139053935697,0
1.6497208848795075,-0.6946962684821769,-0.4445202009343899,-0.13478617003801185,0,1,0,1,0,0,-0.1295925695289965,-0.41291549198067434,-0.630383158037337,0.026275529259019523,-0.7584313403226951,-0.33786717665241406,-0.3272803308005898,-0.5290779734494964,-0.6400262131275447,-0.09155217086261953,0.06612309160862244,-1.2953282280761942,-1.5179007416391916,-1.2598003776496904,-1.3731339073031155,0.36872378556274926,-1.0517995288949322,0.028441037844774645,-0.4914206069155262,-1.2792882355027224,-0.8036864267076859,-0.6493992821323987,1.2454691192546579,-0.9192653318722909,-0.058196119676845653,1.2792882355027224,0.49142060691552547,-1.2052179168904753,-1.3101654415944555,-0.20940570944885942,0.007709740790658993,-0.40887938209301433,0.3215701943037938,-0.9541866793037505,-0.8730858650989243,-0.4803306735805153,-0.6371253376036178,-0.4070549059059717,0.8171280856396278,1.4027084648398238,0.8715192434003977,0.09387908442092041,2.180029710252426,1.5167799923961247,0.2860364732784985,0
0.030604356373531493,-1.5192647795689571,0.27967722576327125,-0.8681093238500562,1,0,0,0,1,0,-0.4198281206240434,-0.20649290416374969,-0.2977604411855021,-0.3128131676810156,0.17807456053538515,0.08294114943927802,0.09536527484263628,0.5815442645538816,0.08130673107902837,0.25415230436269365,-0.16525752717885714,-1.1689606547157643,-0.09053684563111766,-0.9375020425410365,0.7591311286208802,-0.7694981083217989,-0.4739099972175032,-1.0171156786672952,-1.6200102232813596,0.012383503443245562,-1.0693487307742569,-0.03770685379521175,-0.8844204139253891,-0.8132644075520311,-0.7781726157357622,-0.012383503443245562,1.6200102232813582,-0.9266927806649233,0.5660657690356972,-0.31857702221751816,-0.6512357844370638,-0.7843815472730677,-0.18250970659880966,-0.709509049969999,0.012804842605544792,-0.35630847989348147,-1.0812212129944723,-0.2553016945782196,-0.669956189235104,-0.9830854665939747,-1.1931007240475748,0.062155904904119784,-0.28942660841731066,-0.32030321536567735,-1.198562864808365,1
0.3647077670176212,-0.30817977891024867,0.27967722576327125,-0.13478617003801185,1,0,0,1,0,0,-0.5586364276695006,-0.1134573716265442,0.8024531607090287,-0.6322277764026869,1.1581241257176675,0.4013423483524393,0.4493432760713406,0.5527932571336962,-0.5030923116327303,0.19260097991735406,-0.12572395415134097,-0.14397880576602048,-0.29765819166414703,0.7382342605354074,1.5406511547758397,-1.8939359675107097,0.913308766673453,-0.9065510369925309,-0.9197330604481181,0.7158101325491454,0.11281221117267397,0.7846644121296085,-1.215478953165704,0.6454298408169414,-0.7216233439323588,-0.7158101325491454,0.9197330604481174,0.6609004958207222,1.391607501712964,-0.06384395909064733,-1.0259302987822392,-0.6649035856248688,0.2270552128845555,-0.22015379130249568,0.2342775195316623,0.07776919801113909,-0.10050948817300241,0.41072628847136017,-0.7459829926540572,-1.196308595731778,-0.911048815926267,-0.5758324831559722,-0.20711139779498602,0.13742122023827333,-0.7999204499517073,0
-0.35489957898503444,-0.35971531085317227,0.27967722576327125,0.5985369837740325,1,0,0,1,0,0,-0.4576849316364408,-0.1832340210294483,-0.6047967952025805,-0.046634327079622846,-0.278208395179635,-0.10487978250387892,0.11048535226124927,1.239371284626943,-0.10594985770991848,-0.16976637041439058,-0.7575379344640761,-0.9436664455106436,0.3123942305116898,-0.13635601168072592,1.1661999082063703,-0.9202999233740543,-0.12929661909233575,-0.7509410469773126,-0.6862106428504532,-0.6064731204975302,-0.28987789206845116,-0.532802516163931,-0.7799756647739549,0.10113509981142771,0.25168864239636446,0.6064731204975302,0.6862106428504524,-0.4253475354589299,0.491016520610491,-1.2465331807511142,-1.4523068151060594,-1.4159079159849774,-0.7180946013078251,-0.38327221085833024,-0.09793149585751397,-1.0384305451721696,-0.08200549336504998,-0.2553016945782196,0.9357298989731951,0.3394742127878045,0.36382580878204385,1.648314880744129,0.7806711296729086,0.514734606344233,0.904619530814692,1
0.544609603518286,-0.35971531085317227,-0.15484123025532542,1.0385308760612593,1,0,0,1,0,0,-0.0412600105000692,-0.46234061864106474,-0.4512786181940413,-0.195347288024314,-0.45721614842362623,-0.2046037535117932,0.6683569202201912,1.1713309463301693,-1.0445249179890226,0.33495319190177075,-0.720443029447727,-0.6790709969147443,0.4152222079921305,-0.18133015355010668,1.0252561964052165,-0.9959992661595922,-0.3157363781285354,-0.788949875265626,-1.0255223183500044,0.09092870184200141,-1.110549520056789,-0.5806093329712073,0.42701734599554636,-0.7655789406901591,0.16635522611095838,-0.09092870184200141,1.0255223183500037,-0.48105256270404034,0.340918023760079,-1.3375092747249961,-1.5556708190633497,-1.5695224381040902,-0.655084613695,-0.7910682597479163,-0.4301405112466897,-1.2864749325462383,-1.0812212129944723,-0.6346847228976005,-0.350643614875499,-0.08841274230630035,-0.38079122865820925,0.09387908442092041,-0.37174181903963527,-0.3759724034796717,-0.1469716669968365,0
0.3647077670176212,-0.2824120129387873,-1.6032360836506476,-0.8681093238500562,0,1,0,1,0,0,-0.4703038686405733,-0.1832340210294483,-0.2849672597681238,-0.31859966421582847,0.2779250595136488,0.10530078419441576,-0.38481078592881024,-1.038621952205232,-0.279854767377304,-0.41132120548637446,-0.12591190328641197,0.797886280175762,0.9614804218418418,-0.6185107818534529,-1.1582150712211077,-0.14995314220846992,-0.05138634410950342,-0.07242944431622055,0.2430696413654208,0.8471482119907131,-0.08291992037055956,0.2652667917108196,0.23188239570137223,0.50471459318799,0.09297838580195199,-0.8471482119907131,-0.24306964136542153,-0.5924626171942612,-1.0850176963188372,-0.03655113089848297,-0.10857476366129187,-0.11871861809024475,0.06953024385249205,0.4323198869208419,0.34501385799472056,-0.10826409251941274,-0.4150773999081907,-0.2553016945782196,-1.3815670692365094,-1.0738493661593913,-0.8377153198147269,-1.397110352868688,-1.4418395571298541,-1.32234860141757,-1.198562864808365,1
-0.4063001036995106,0.9029052217484598,1.4383931084795292,1.0385308760612593,1,0,0,0,1,0,-0.23054406556205628,-0.36930508610385926,-0.6687627022894718,0.0928202394093677,-0.776975585135264,-0.35575488445652426,-0.5591013640007476,-0.5048542743532444,0.23980235132270608,-0.3199918561902955,0.1048973418855628,-1.1645738377618262,-0.9105211929351915,2.5467776757957634,0.6297535424324248,-0.8861211381175613,1.232179708422606,0.86937610155715,-0.8822105547849753,-0.7133741297612556,3.3221543025684004,1.3238016095714387,-1.218284134295829,1.6540966601041203,0.7124048709427262,0.7133741297612556,0.8822105547849747,2.777691531134916,0.8662627627365218,0.7094528396873502,0.09815324425328795,0.59814915179895,1.3612349899154128,-1.4435419379712537,-1.3160312189511594,1.069946747507413,3.2209575798544283,1.33810702436318,0.21499580256151593,-0.46443461193445323,0.17767154942198057,0.8552353928241243,0.12214944469431245,-0.2089648391376897,0.47161139053935697,0
0.2619067175886707,-1.2615871198543382,0.5693561964423357,-0.4281154315628296,1,0,0,1,0,0,-0.4955417426488382,-0.13090153397727022,-0.7966945164632545,0.9197105942341292,-1.121417885854741,-0.8114442407662313,0.3144976052398258,1.3265947998412242,-0.9782989898930016,0.45543431800921913,-0.597386089229851,0.4118702652145816,0.44064084678662624,0.2872565207551793,2.02951608746398,-1.5268766821234272,1.1355655000930938,0.11013163635537566,0.5061221547512287,0.05977612737849499,-0.15029324490830243,0.2123316683754556,-0.19699632171427162,0.5107449299384331,0.8841532810762498,-0.05977612737849499,-0.5061221547512293,0.35452284597261524,2.067050737539819,0.32735324499704527,-0.5478717804797735,-0.10165033785478751,1.0146800580448727,0.18764225758709038,-0.04256332662598434,0.20179139169817292,0.19555442875423396,0.7310941790521709,1.5104925328204852,1.1563493088765513,1.3284433345569153,1.870377137361731,0.03983423407198747,0.06938110143228039,1.9562107286262216,1
-0.04649643069818187,-0.8235350983394863,-0.8790386569529866,-1.6014324776621007,1,0,0,1,0,0,-0.3945902466157784,-0.22975178729805104,-0.7583149722111197,0.45679087144909825,-0.9828555248935813,-0.5297128428514959,-0.16094687998496796,-0.11009416189079205,1.6243946375471896,-0.2811880347627801,0.9974123673364577,0.653510346280044,-0.5554322513557308,-0.7420016356043134,-1.3355829834097,1.0197568968094253,-0.44519472122815446,0.4064378754573133,-0.34274413050805214,1.231239624279511,-0.5175987370566791,-1.1868500212289697,-1.1958445507562383,-0.061580570546343555,-0.8998774480999603,-1.231239624279511,0.34274413050805214,-0.6203151308168162,-1.1600669447440433,0.5184030423421971,1.002588278879574,0.7517636739180628,0.16404522527173035,-0.13859458152457876,0.012804842605544792,0.8839134569768611,-0.47058938433204756,-1.0899443568808573,0.11464042204849642,-0.5292659687668935,-0.5161761445564365,0.31594134103852145,-0.28942660841731066,0.3477270420022505,-0.023255055489598248,0
-0.6890029896291251,0.0010334127472937634,-0.15484123025532542,-0.8681093238500562,1,0,0,1,0,0,-0.6091121756860305,0.02377003886583387,-0.6431763394547153,0.06909560361663487,-0.04892605455517482,-0.035117722067849196,-1.42936254878903,0.1664221745316001,1.8053263329850213,-1.2895338959688543,-0.31733786385291135,0.7719627423526626,1.340921978772221,-0.9965947738861332,-0.45128534769298023,1.4638570052689555,-1.0477729508720137,-0.23695455615480826,1.2002885095193314,-0.13756642077256032,0.9917776630845276,-0.680507411881023,-0.9969064595167924,0.7031233772511636,0.1812147603138067,0.13756642077256032,-1.200288509519332,-0.8988402670423681,-0.3345252120667762,0.32735324499704527,1.06719078135288,0.529876030857121,-0.49755964466293656,1.8188264531454346,1.2309045656991897,-0.29429738304996345,0.917210226264372,-0.6346847228976005,0.014285041535478216,-0.5033334260339178,-0.21156008378542468,0.6014499566897238,-0.12479618717266176,-0.2089648391376897,0.2860364732784985,1
0.030604356373531493,-1.5192647795689571,0.27967722576327125,-0.8681093238500562,1,0,0,1,0,0,-0.4198281206240434,-0.20649290416374969,-0.822280879298011,1.428922289297663,-1.5897796604139562,-1.2631088628200133,-0.6970581762576044,0.1561868115109757,-0.06355734215671827,-1.479633711686166,-2.000217877920469,-2.2874977680618547,1.5550229437600902,-0.9164589577827049,0.6644327108575164,-0.7359475710202021,-0.377105503183814,-0.8498814371918759,-1.530099152568539,-1.6023404173227471,0.053561370053645994,0.4512428034288958,-0.6526713184503207,1.6249583247778498,1.7706373964787983,1.6023404173227471,1.5300991525685383,-0.9545452942874786,0.340918023760079,-0.6642861793182697,-0.9096457943302884,-0.9892009100985523,-0.37153966943728567,-0.709509049969999,-0.04256332662598434,-0.6043528672675491,-0.05424950115312168,0.27583454506891375,-0.3688900476960481,-0.6329961396987983,-0.008482709938082702,0.8552353928241243,-1.1948939252628807,-1.7677021063295222,0.038603250264021984,0
-0.35489957898503444,-0.6946962684821769,0.27967722576327125,-1.8947617391869185,1,0,0,1,0,0,-0.4576849316364408,-0.1832340210294483,-0.6943490651242283,0.19350527911511192,-0.5617829486639526,-0.2904647509715221,0.3910102737492228,0.5417781967817386,-1.1059097469657346,0.6008024653951094,-0.09696242966930832,-0.21323384619253832,0.26947710568544103,0.05089896023544003,0.9918482277533216,-0.8113029784420634,0.3579580257648644,-0.10880507059760813,-0.04053384962865217,-0.2506245554141756,-0.49285166255062046,0.2500042034073743,0.696534420724687,-0.4567003193467803,0.01982893314871272,0.2506245554141756,0.04053384962865146,-0.20252742647848845,0.491016520610491,-0.9463120706373036,-1.168055804223513,-0.9892009100985523,-0.34003467563087314,-0.30171300108041293,-0.319404172783631,-0.728375060954584,-0.24854144663662048,0.6552175733882943,1.182056742050605,1.4156747362063122,1.1084428462222957,0.5380035976561225,0.28677986593896093,0.18071947766026855,1.0901944480755505,1
-1.5114113850607322,-0.6946962684821769,-0.8790386569529866,-0.13478617003801185,1,0,0,1,0,0,-0.7983962307480176,1.4332583568044968,-0.630383158037337,0.026275529259019523,1.1681743538733984,1.081969630298832,0.7595531144730866,0.9362831904263514,-1.1797244973021233,1.7596532214448906,1.215500070403043,0.3971972057567377,-2.026555534180503,0.2613234099012087,0.7377587030072507,-0.5567446815597242,1.7243652861925547,1.5476213540081842,1.5219753568508918,-0.9677470132502359,-0.795065823154241,-0.5460075891185268,1.053248196101491,-0.6673268785349243,-0.06925858967861075,0.9677470132502359,-1.5219753568508925,0.15955525061472892,0.5660657690356972,-0.2730889752305771,-0.5091102789957901,0.15437386567706757,0.5421051509486824,-1.0357458890816678,-1.592872065108806,0.07776919801113909,-0.7759052986632599,-0.5588081172337243,-0.17730250308028428,0.37837302688726915,0.0761328624983096,-0.6040308649486834,1.1922471827845313,0.7374113588002092,-0.5181215015185524,1
-0.35489957898503444,0.15564000857606544,0.27967722576327125,-0.13478617003801185,1,0,0,1,0,0,-0.4576849316364408,-0.1832340210294483,-0.7455217907937414,0.3613136786246856,-0.8038477716495906,-0.42015063255132096,0.838213738860799,0.8231820571691476,-0.6571150164707604,0.08458482397267192,-0.39144497530145445,-0.4402386950652319,0.34288228581549124,0.35956019524963795,1.0593279932234247,-0.5628661539265831,0.4753562231211528,0.005731040191364349,-0.007768161614413057,-0.5927287050207662,-0.8062882977458464,-0.06863167855840126,0.3326720389076252,0.35708645351785523,0.5144928845776546,0.5927287050207662,0.007768161614412348,0.15955525061472892,0.7161642658861095,-0.5733100853443877,-0.7545997883943533,-0.5454256239766699,-0.24551969421163483,-0.13859458152457876,-0.1532996650890431,-0.29429738304996345,-0.6371253376036178,0.19995793940503753,0.8353745184601769,0.8970238815467907,1.0069041592986248,0.506280418139323,0.28677986593896093,0.013711913318286572,1.0901944480755505,0
-0.5862019402001745,0.928672987719922,1.4383931084795292,-0.13478617003801185,1,0,0,1,0,0,-0.16744938054139394,-0.3954713296299483,-0.7327286093763631,0.3555271820898727,-1.1091132816687843,-0.5789040393127989,-0.8601107758163399,-0.7702991431878351,0.09501034853945177,-0.1641592971171066,-0.45078244998241196,-0.37644564031450306,0.9124413689255683,0.8573815956718213,0.5615470611526772,0.14501821747110058,1.4180328049115423,1.1348247365161286,0.288491621905012,-0.799549433147316,2.052690559366489,1.6198052668455325,0.015846993735931375,1.627865675338513,1.693974741977953,0.799549433147316,-0.2884916219050127,1.245803281894381,1.0163612595869336,1.2644070129280303,1.1576342848155081,1.7758604880454831,0.7626401075935709,0.35076067714292497,0.2342775195316623,1.752068812786101,2.887885673311288,2.5521327149851984,1.9666533533342068,1.675000163536073,2.394599547255459,1.9338234963953311,-0.7833178721512579,-1.1553410370755877,2.018069034379841,1
0.2876069799459088,0.2587110724619126,0.5693561964423357,0.5985369837740325,1,0,0,1,0,0,-0.7605394197356201,0.8168979537455106,-0.5152445252809326,-0.12764527856700325,0.9787998169698778,0.7268986303872447,-0.3776976429296732,0.09932707955945624,-0.48911137839495833,-0.03265174647974416,-0.33020028297119547,-0.6068962051971653,0.44803317082371297,0.08170812815108786,1.9953930947506728,-2.0882570255453117,1.1772065649021073,-0.06497491121732968,-0.7703150826731027,-0.06374491962016399,0.6068395655848281,1.8626114647465406,-1.4298652803391536,1.21140828143301,0.3658411852766071,0.06374491962016399,0.7703150826731019,-0.03541234474315745,1.6167552469885829,-0.4004555067940112,-1.3618633116434313,-0.9209277891567239,0.7626401075935709,-0.46483142063624716,-0.1532996650890431,-0.35630847989348147,0.8061862574166584,2.1727496866658176,0.7806352199985308,-0.1532440991387405,0.3299795798074865,1.489698983160128,-0.20711139779498602,-0.26463402725168356,0.7190446135538346,1
0.9044132765196139,-1.5192647795689571,-0.15484123025532542,-0.8681093238500562,1,0,0,1,0,0,-0.38197130961164594,-0.23847386847341406,-0.822280879298011,1.428922289297663,-1.6470572623246933,-1.287704461050665,-0.019031386690608897,-1.069467908890426,-0.7628794207677155,-1.1335194024779829,-1.4756417371431365,-1.0369097864296644,1.5786172073628264,0.38080922526363115,-0.7451797267520057,-1.633556321720717,0.27852911505234884,-0.43493808229852265,0.27586209560863995,-1.6878179449728916,0.4069636974137966,0.7213735762640071,-0.5986848389568759,1.8074962868266404,1.4937741457281735,1.6878179449728916,-0.27586209560863995,0.5216379277079463,-0.5596729573423944,0.5820863081239148,-0.4186667755331612,-0.2894014204448148,1.3612349899154128,0.758556726032511,0.6772228733838963,0.38782468222872474,0.19555442875423396,0.4275877563966659,-0.5787240251323598,-0.7756251247301669,-0.093098282374475,0.2524949820049213,-1.1125787146405561,-1.712032918215528,-0.332546584257695,0
0.2876069799459088,-0.5916252045963298,0.5693561964423357,1.478524768348486,1,0,0,1,0,0,-0.7605394197356201,0.8168979537455106,-0.1826218084290977,-0.39093087090098955,1.422778168498944,0.9303713066589981,-0.5012976363322383,1.1328628948244193,-1.6769456648852343,-0.11858884936003669,-0.8918936399891101,-1.052399522957932,0.3663171151136103,0.35956019524963795,2.0234818161630956,-2.1047590288123956,1.2196992810975888,-0.02994332620120234,-0.7279513648365089,-0.7133741297612541,1.0563348767823653,0.4721897873706192,0.1773610601409156,1.3696388132181465,1.1302715832974997,0.7133741297612541,0.7279513648365081,0.15955525061472892,1.5417059985633763,-0.5733100853443877,-1.4910683165900436,-1.040405750804923,0.6366201323679207,-0.6279498401920818,-0.3747723420151606,-0.5423417704240322,1.333550109443298,0.8069707847160468,0.9539763317937442,0.9099901529132779,1.480751364942421,0.5697267771729232,0.28677986593896093,-0.04195727479570725,1.3376276710900281,0
-0.6633027272718879,-0.5916252045963298,-0.15484123025532542,-0.4281154315628296,1,0,0,1,0,0,-0.6217311126901629,0.058658363567285925,-0.3233468040202586,-0.28098743673954474,0.5840829288699368,0.26226542017548266,-0.9872845489130159,-2.1459834977844006,2.4274212803180486,-1.0897106705524702,0.44995146194181684,0.3225054013634174,0.09234592794082316,-1.046773042667939,-0.9308129887386613,0.8762666514240391,-0.9632583919124972,-0.27049665982769394,0.7902460580981725,-0.3438975164935092,0.3269199079509444,2.0129616795147167,-2.4378027314415815,0.5169782811857055,-0.8490462777502336,0.3438975164935085,-0.7902460580981732,-0.9823978079100336,-0.8598699510432187,0.03622974428062242,0.48576825909312477,0.0519641842643253,-0.2770246880180474,1.247911984700014,0.8986955503100138,-0.35630847989348147,0.1400424443303771,1.5657368413548085,-0.5331079430809875,-1.6184327635518894,-1.3623318689203594,0.6014499566897238,0.6983559190505837,0.5704037944582268,-0.7036964187794109,1
-1.8455147957048228,-1.5192647795689571,1.7280720791585935,-0.8681093238500562,1,0,0,0,1,0,4.337511129933898,-0.7798243734242785,-0.2849672597681238,-0.3128131676810156,-1.4657598470941848,-0.35799084793203806,1.6406353714570379,0.782175079473193,-0.049848309166434485,0.7221129151897998,-0.2804498159440632,1.8372108263903644,1.5347421486433657,1.09626319863005,1.1963446284583201,-0.9089292250594558,0.19754572439533488,-1.2662446442884654,2.394254639720468,0.13114384342216406,-1.185970150308238,0.12491194258196062,-0.8452419058256925,-0.7796450028382674,-0.8716429445979272,-0.13114384342216406,-2.3942546397204683,1.1900982546492709,1.3165582532877582,0.4456221671630917,-0.12149526415595328,-0.03337721691295973,-0.24551969421163483,3.042214599814193,1.6738499195514247,-1.1004416420156866,-1.2200011740541141,-0.2553016945782196,-1.0713777112871794,-1.2813097080232,-1.4469474413567518,-0.3819686083310823,-0.28942660841731066,-0.26463402725168356,-1.4459960878228426,0
-0.9460056132015023,0.928672987719922,-2.327433510348309,-0.13478617003801185,1,0,0,1,0,0,0.26159447759911014,-0.5361875725924716,-0.4768649810287978,-0.165257506043287,-0.7121747338243685,-0.28465124593518626,-1.2624683537360895,0.8793283638783538,1.1724647142167988,-1.508736918126237,-0.7470365483877819,-0.7415226775846961,0.5402065749307012,-1.2908180335451298,0.2488328042427124,-0.007657814204328506,-1.5418175641037308,-1.3439491549941134,-0.5940660301642549,-0.4221610355600758,0.46572280788390086,-0.9576305345471641,-1.6104939068933593,0.5093663369112583,-0.340920671633922,0.4221610355600758,0.5940660301642541,-1.0938078624002545,0.7161642658861095,1.373578325696689,1.1576342848155081,0.3762615087380082,0.7941451013999841,1.4110304042558486,2.0060589349406004,1.3179911348814817,0.8061862574166584,-0.6346847228976005,1.2550424733328,0.09311505682453199,0.2961333508329291,1.8069307783281299,1.1099319721622063,0.9600881112561845,0.904619530814692,0
0.7759119647334253,1.4955638390920825,-0.4445202009343899,0.3052077222492148,1,0,0,1,0,0,-0.16744938054139394,-0.3925639692381606,0.2651395411791416,-0.5315427366969427,0.32247609971412833,0.10887832575523779,-1.3231118873957917,-0.3848265148497402,0.8654815389657317,-0.8659342726955285,-0.353724891260083,0.5468819316141842,0.45691810751042655,-1.131414665273889,-0.2749580038388379,0.11994481645929815,-0.7469780455841026,-0.47441878791295183,0.18286856865026183,0.5645149086083918,0.7093230850490331,0.2527395763760441,-1.062609284461747,0.4291306936844228,-0.0033179256164943705,-0.5645149086083918,-0.18286856865026252,-1.1495128896453646,-0.4846237089171882,-0.7734574920869285,-0.5995537824584191,-0.8355863879794388,-0.5605696322757617,-0.05703537174666111,-0.1532996650890431,-1.1624527388592034,0.9727222106882286,0.5793409677244183,0.9630995482040194,0.19684522775643593,0.36382580878204385,1.4262526241265279,0.03983423407198747,0.3477270420022505,0.9664778365683122,0
0.004904094016293398,-0.7977673323680251,-0.8790386569529866,-1.161438585374874,1,0,0,1,0,0,-0.6091121756860305,0.040632729138202366,0.15000090842273722,-0.5095540498646537,0.9623420308214967,0.42504356119288533,1.6401696411159867,-0.5210040690771176,-0.5139066493831256,1.2584161009651633,1.3197774558477138,0.2191764598547744,-1.3967069485262313,1.0718824819637394,-0.8305491368529305,-0.659430679625918,0.25276338322731895,-0.09439139022341525,-0.19575715951429745,0.4930801176436292,-1.2096834657556301,-0.11693145727659025,0.039863367909657436,-1.4494031221369337,-1.8079301507361338,-0.4930801176436292,0.19575715951429676,1.106540713781605,-0.7097714541928067,0.2909628074074919,-0.10857476366129187,7.593435579547688e-4,0.5421051509486824,0.02452383803125581,0.12354118106860354,0.6358690696027934,-1.0257092285706153,0.2421116092183019,1.129344825013466,0.9791436002012148,0.2547657376418047,-0.04711282454263545,1.6221155049233373,2.178624784418054,0.7121714684700992,1
-1.1259074497021662,0.28447883843337485,-1.6032360836506476,0.5985369837740325,1,0,0,1,0,0,-0.016022136491804253,-0.4733885881298579,-0.6047967952025805,-0.05820732014924861,-0.7871816369767712,-0.3190850834580984,-1.3172402293593224,-0.33176476845064895,-0.38929705937783954,-2.1307146945572,-1.981338022123218,-0.8781651326911061,1.7458561834157365,-1.1658395761322862,1.3410392856676792,-1.8376051674081522,-1.8165786415631566,-2.284855353047445,-1.5020520271233626,0.2920044097428146,0.6667614363039597,1.7987812737898592,-1.314433853580238,1.0771698051330456,0.3451199254603588,-0.2920044097428146,1.502052027123361,-1.0659553487776992,1.391607501712964,0.3091580262022686,-0.7287587874050313,-1.3305665148076924,0.8571550890128092,0.5138790966987595,1.6184817503198954,0.015758101167622184,0.8616982418405155,2.096873081001942,0.7623887871779818,-0.10137901367278856,0.3299795798074865,1.4262526241265279,-0.4540570296619595,-0.3759724034796717,0.7809029193074537,0
-0.1749977424843705,-0.7977673323680251,-1.6032360836506476,-1.8947617391869185,0,1,0,1,0,0,-0.2810198135785862,-0.29952843670095514,0.31631226684865466,-0.5384865325387181,0.4742445592557529,0.18579546931291158,0.7907264063672236,-1.9339552287297876,-0.5258858722034274,1.6917462892632755,2.084701104297947,1.7469211906668531,-0.9905349297065237,0.10465603094318376,-1.26806303999948,0.31374359283872516,0.9315138461718376,1.381816497837715,1.4425661784383952,0.9518725779243598,-0.9949532434745418,1.384096528261683,1.0341856580692625,-1.3617669101212082,-1.3611386744550644,-0.9518725779243598,-1.442566178438396,-0.23037994010104354,-1.3852146900196616,-1.21924035255895,-0.8967252938356269,-0.5283573437412127,-0.5920746260821743,-0.46483142063624716,-1.0391903727935126,-0.8523972546416179,-0.9979532363586869,1.0346006017076752,-0.5057382938501646,0.06718251409155555,-0.48232991558187904,-1.4605567119022886,-0.37174181903963527,0.06938110143228039,-0.9511296417938885,1
-0.4063001036995106,-0.7977673323680251,1.4383931084795292,-1.6014324776621007,1,0,0,1,0,0,-0.21792512855792381,-0.3518609237531332,-0.7583149722111197,0.47704360932094336,-1.2043475123781813,-0.6392750531516708,2.001453836466007,1.4904838361838775,-0.017334310233395708,1.1239243432161512,1.2928262431666946,0.9434566819490788,-1.2255946432807245,2.224142500468224,0.6852626825937728,-1.2210013792456063,1.2900976079204116,0.7100629996764803,-0.11207882534413707,1.3979208031972914,-0.5607333001982581,-1.3592547287170234,-1.2032920504258315,-0.23911057387946644,-0.9874991168941195,-1.3979208031972914,0.11207882534413637,2.4713138812868096,0.9413120111617277,0.7549408866742913,-0.05689276168264715,0.4616029099152932,1.550264952753888,-0.8726274695258333,-0.9284540343304539,1.0079356506638961,-0.49834537654397587,-1.2416975682086098,0.1876261533306929,-0.47740088330094144,-0.5330992590437151,0.41111087958892223,-0.37174181903963527,0.3477270420022505,-0.023255055489598248,0
2.138025869667024,-0.2824120129387873,-0.15484123025532542,1.7718540298733036,1,0,0,1,0,0,0.059691485532990585,-0.49432158295072914,0.03486227566633282,-0.4858294140719209,-0.02063739757013823,-0.004708618800861887,0.1562299550922728,0.34230290309666306,0.8214570052183263,0.24840192331584154,-0.26875631703770464,-0.10573075521931158,0.21592677520679238,-0.5079052299945493,1.015182927674096,0.47506660045721194,-0.6296378885887692,-1.1630167541539504,-1.14725589024189,0.9936302841201231,-0.7247344769603616,0.5471664942442779,-0.6455631268948195,-0.9599131250908214,-0.7860631228387626,-0.9936302841201231,1.1472558902418892,-0.48105256270404034,0.9413120111617277,0.00893691608845806,0.2531992501892221,-0.01630893667750248,-1.0646495331783645,0.2692014673650073,1.009431888773073,0.38782468222872474,-0.4150773999081907,1.1863538130354276,1.7112032938465216,1.0396528665781584,0.5330569536548284,1.8069307783281299,0.6160407084282594,1.3497724280541432,1.5232025883508855,0
-0.6633027272718879,1.289421711320388,-0.15484123025532542,1.0385308760612593,1,0,0,1,0,0,-0.6217311126901629,0.058658363567285925,0.9303849748828115,-0.6553737625419385,1.37663072415139,0.5515990939069648,-0.7016338923006927,-1.4871595646490445,0.7051681672524794,-0.901846211885673,0.13234774603471966,0.8236828996916556,0.7141248909142243,-1.0730566393117835,-0.7629888431002855,0.8991249857771115,-0.8967606813080438,-0.2748031500295094,0.741322049072657,0.38817105265189955,-0.09654654365281794,1.2768277003916064,-0.06045460848465246,0.32912350906535354,-0.4403503416143406,-0.38817105265189955,-0.7413220490726576,-1.0102503215325889,-0.7097714541928067,0.00893691608845806,0.47284775859846334,0.06903246449978255,-0.37153966943728567,1.166352774922097,0.8433273810784847,-0.35630847989348147,-0.1375174777889068,1.1104772073715516,-0.15905607025973648,-0.16621037050522874,-0.025405824425361403,-0.7309235830158842,-0.20711139779498602,-0.04195727479570725,-0.332546584257695,1
-1.5114113850607322,0.928672987719922,-0.8790386569529866,-0.13478617003801185,0,1,0,1,0,0,-0.2684008765744537,-0.3169725990516812,-0.4768649810287978,-0.165257506043287,-0.27820839517963436,-0.11605959988144779,-1.3306673853227444,0.24515320397391394,0.7044678914688061,-1.3136733534731668,-0.5241892568152389,-0.9340335076236449,0.0134878725633862,-0.8143105843881336,-0.3570219408883657,-0.6005988792838901,-0.8467710947246627,-0.7933950365285138,-0.40749033797582196,-0.8697663470174435,1.0366758501353057,-0.6941372089766298,-1.5665751595971198,0.9350442268178057,-0.09312412482192374,0.8697663470174435,0.40749033797582124,-0.9266927806649233,-0.6347222057676005,-1.06458099280335,-1.168055804223513,-1.381771355514063,-0.43454965705011084,-0.5463906304141645,-0.4301405112466897,-1.4725082230767892,1.333550109443298,-0.4070549059059717,1.0087156302553917,-0.06248019957332482,0.31305646532020776,1.5214221626769286,1.0276167615398821,0.6260729825722207,0.5334696962929761,0
0.004904094016293398,1.4955638390920825,-0.8790386569529866,0.3052077222492148,1,0,0,1,0,0,-0.6091121756860305,0.040632729138202366,0.2651395411791416,-0.5315427366969427,1.0333628700546864,0.44203688360679,0.3544720442145259,-0.7612374678382567,0.3669115451542749,0.1065117435844589,-0.12933048206454847,-0.5463207873234441,-0.3569791511806007,1.2114423707410567,-0.7548494577326792,-0.8650490296899825,0.5114422210951813,0.012331215706613654,-0.19575715951429745,-0.550966827225982,0.7175569365678196,0.28863069851166506,-1.3708712236634564,0.36324685760380215,0.18017499283017727,0.550966827225982,0.19575715951429676,1.245803281894381,-0.6347222057676005,0.30006041680488094,-0.21193876761858224,7.593435579547688e-4,0.6681251261743327,0.02452383803125581,0.12354118106860354,0.6978801664463103,0.8061862574166584,0.4275877563966659,0.44307621281837667,-0.37367071236903754,-0.21156008378542468,1.5531453421937294,0.6983559190505837,0.45906541823023866,0.34789477903211874,1
0.2876069799459088,-2.421136588570123,0.5693561964423357,1.0385308760612593,1,0,0,1,0,0,-0.5838743016777656,-0.06112488457436613,6.265141625929548,-0.7913564311100413,2.1786781720544015,0.5645676820649447,-2.4122487891543836,1.1915152964677025,-0.03616827228488281,-0.07887242953204095,-2.477247697670051,-4.101501352627401,1.3296297768236611,0.6416442310624877,1.720429307348428,-1.3887686402106392,0.9453647210891645,0.025783298425096076,-0.663442976312604,-4.935963995678347,3.9954140173797774,0.08809617483327406,-1.3461353112168748,1.0439590386471915,3.2457157051675547,4.935963995678347,0.6634429763126033,0.8837206048011639,2.067050737539819,0.8823074182377254,-0.05689276168264715,0.32505666803163763,1.3612349899154128,-0.46483142063624716,-0.2086678343205727,0.8219023601333442,1.4723300705029398,-0.9381911455531051,-2.9963763738550835,-2.953958714300157,-2.5469498830298516,0.09387908442092041,-1.853415610241477,-2.7697474923814145,-2.3120123683735136,1
-0.7918040390580765,-0.17934094905293926,-1.6032360836506476,-1.6014324776621007,1,0,0,0,1,0,-0.7353015457273552,0.47673678790635304,-0.2977604411855021,-0.29545367807657696,1.110896751962668,0.594976785331932,-0.3682441144696614,-0.06776840093061541,-0.7467507475121522,-0.90653230236076,-1.3525970865552464,-2.171510067417322,0.2036109985638297,-0.5042778140169034,-1.4066397113462235,-1.0192981140660828,-0.3000597818938163,-0.72837781164789,-1.532862003731795,-1.4414068652642016,0.008183955184272985,-1.3161265266346747,-0.0034630157537931983,0.9271325125692924,1.0473232914327828,1.4414068652642016,1.5328620037317944,-0.48105256270404034,-1.3101654415944555,-0.009258302706318612,-0.5349512799851129,-0.6136987449184976,0.41608517572303205,-0.7910682597479163,-0.1532996650890431,-0.17027518936292965,-0.24854144663662048,-1.3934507795363622,-0.989268763594709,-0.840456481562607,-0.4654068010946016,-0.4136917878478824,-0.04248097655033679,-0.6543183440496418,-0.7036964187794109,0
-0.27779879191332196,-0.35971531085317227,1.7280720791585935,1.0385308760612593,1,0,0,1,0,0,0.04707254852885811,-0.49083275048058395,-0.34893316685501513,-0.24453250857022354,-0.37968226651564924,-0.18850481648809403,0.16220901936320178,0.7630757470443907,-1.0527578548392489,-0.12339900792453912,-0.49231729053091533,-0.8434304487282362,0.6000561770376522,-0.7282942442633371,0.36145562334559633,-0.5706683570628418,-0.7486987888938791,-0.5383184507350137,-1.19191554383536,0.031788787753525546,-0.9532586176684786,-0.685247101756306,0.8656885913605546,-0.5756928042510332,0.11447339744652033,-0.031788787753525546,1.1919155438353592,-0.48105256270404034,0.8162299304530506,1.3098950599149712,0.7614056029792309,0.39332978897346543,1.5397632881517511,0.18764225758709038,0.9356076631310333,1.3800022317249987,-1.053465220782544,-0.9381911455531051,-1.2173491738515698,-0.6589286824317738,-0.8207922053274488,-1.0481553781838862,-0.9479482933959068,-1.0440026608476,-1.136704559054746,0
0.004904094016293398,-1.6223358434548052,-0.8790386569529866,-0.13478617003801185,1,0,0,0,1,0,-0.6091121756860305,0.040632729138202366,0.4570372624398156,-0.570312263480189,1.1369705427970034,0.4719987941786745,1.7606809326207822,-0.16565915975003107,-2.433029522732261,0.27583256817074164,-0.565630807926609,-0.4564537265631624,1.0371591876120563,1.3734284541728592,-0.8675708066564239,-1.2985782878555225,0.8581599310205906,0.11263126554681996,0.0915777400728132,-0.7133741297612541,-1.0759561677396097,-0.6417409931996019,2.021086919664361,0.47830469333974024,0.8453102615285937,0.7133741297612541,-0.09157774007281391,1.4686233908748227,-0.7097714541928067,0.4547197765604794,-0.3282232720705331,0.017827623793410803,1.0776900456576979,0.10608304780917345,0.06817301183707392,0.7598912632898273,-1.1644891896302574,-0.9381911455531051,-1.3541974200056863,-0.2958730841701091,-0.093098282374475,-2.1267434817550925,-1.853415610241477,-2.213055611241474,-2.002720839605417,0
-0.1749977424843705,0.28447883843337485,-1.6032360836506476,0.5985369837740325,0,1,0,1,0,0,-0.2810198135785862,-0.29952843670095514,-0.6047967952025805,-0.05820732014924861,-0.5303234463210064,-0.18537446762237475,-0.5653585551005368,-2.128790147851915,0.9658635574148783,-0.13138329264830295,0.6270219153652135,1.3206259253567494,0.14191542058484594,0.1490049244816881,-1.6822558617962353,-0.06986906484488056,0.9197565800327844,1.202714519066172,1.164294698531354,0.6464429457035722,0.9350287980910955,1.2365842929121085,-1.3905795116290256,1.0895052326849342,0.35905743950343283,-0.6464429457035722,-1.1642946985313547,-0.14682239923337803,-1.685411683720486,-1.0372881646111858,-0.9096457943302884,-0.5454256239766699,-0.2770246880180474,-0.38327221085833024,-0.8730858650989243,-0.6663639641110671,1.0004782029001573,1.33810702436318,0.38833691435672935,-0.4255357978349895,0.008440404549195996,1.2041903675089267,-0.7833178721512579,-0.5986491559356475,0.47161139053935697,0
-0.6633027272718879,-0.35971531085317227,-0.15484123025532542,1.0385308760612593,1,0,0,1,0,0,-0.6217311126901629,0.058658363567285925,-0.34893316685501513,-0.24453250857022354,0.551965478288856,0.2340922803840091,-0.16435074527135776,-0.3225743652057028,0.03689610736156573,-0.260630576096256,-0.40944342264503947,0.26273202789042216,0.9651960246790003,-1.0771144420662515,-0.7926284112443798,0.9688699929776288,-0.5665304348239504,-0.06070632800906116,0.9068055190224368,-0.5410235229891278,-0.847706347219699,-0.351294302689888,0.9231826906864217,-0.2096667875372848,0.47302858855239616,0.5410235229891278,-0.9068055190224374,-1.038102835155144,-0.7848207026180125,-0.20030810005147043,0.31780175266252825,0.06903246449978255,-0.6235796198885869,0.9216751455883455,0.5111183656893089,-0.4803306735805153,-1.0257092285706153,-0.7864379342253526,-1.600524263083096,-0.9830854665939747,-0.9900233502002335,-1.3019408143182878,-0.8656330827735822,-1.1553410370755877,-1.569712699330082,0
-1.6142124344896835,-0.35971531085317227,-0.15484123025532542,1.0385308760612593,0,1,0,1,0,0,0.4634974696652297,-0.57572767392078394,-0.34893316685501513,-0.24453250857022354,-0.6339311190633232,-0.2537949499730962,0.22826481699214965,-0.5692265353717093,0.7562138380285895,0.2450104759619205,0.25256053222963476,-0.10693029818225858,-0.483205051212939,-0.5899598810750915,-1.0946541106898648,2.1549571208015594,0.3759903219375533,1.0130876697439448,0.3871222082195544,-0.529783266025729,-0.9068887464943209,-0.31531917397057385,1.1317544332344804,0.041832220802192815,0.660741866695511,0.529783266025729,-0.3871222082195551,-0.8292089829859801,-1.3101654415944555,-1.533107876768843,-0.4122065252858309,-0.2467307198561723,-2.135819322596396,-1.647439962416047,-1.9250810804979817,-1.8755803525596506,-1.0812212129944723,-0.7864379342253526,-1.6917564271858405,-0.9830854665939747,-0.9054077777638412,-1.5240030709358887,-1.0302635040182315,-1.32234860141757,-1.569712699330082,0
-1.2544087614883548,-0.2824120129387873,-0.4445202009343899,-0.8681093238500562,1,0,0,1,0,0,-0.7731583567397526,0.9215629278498667,-0.2721740783507456,-0.31859966421582847,1.44955098492364,0.9549669048896496,0.07036087643270818,-0.5424574272975017,-0.008330374380074453,0.12645360819200746,0.8189086835652062,0.8726118340840074,-0.029599704905017354,-0.2160726593705588,-0.0741797460545378,-0.18519296773217592,0.29162817250653766,0.6701792685178318,0.8915886482224574,0.30587169994287167,-0.3137357667898973,0.6702282017166394,-0.17471317178235762,0.1183428372350001,-0.4103217795804685,-0.30587169994287167,-0.8915886482224581,0.18740776423728422,0.491016520610491,1.7829707485791584,1.3902032937194106,1.4686314438072563,1.9913348660436665,1.247911984700014,0.8433273810784847,1.938102103316653,-0.5538573609678327,0.12408133374116129,-1.208225957441296,-1.0997819088923677,-0.9900233502002335,-1.1433249167342867,-0.7010026615289333,-0.6543183440496418,-1.2604211705619852,0
-0.7661037767008384,0.15564000857606544,0.27967722576327125,1.0385308760612593,1,0,0,1,0,0,-0.7100636717190902,0.4011454177198736,1.339766780238916,-0.6802556976416338,1.8614388860216444,0.8342248772119057,0.7630881385757231,-0.765768994407866,0.22571162332341263,0.7082558474017144,0.7843777744468751,0.5366095525167182,-0.5266779707799711,0.8310213214760069,-0.01515558849667552,-0.3930746351371825,0.8634589754587602,0.6609590634355536,1.409374760955505,-0.6659292998071308,-0.23074591952118242,1.0358594410737192,-0.7035574508068131,-0.1006168175212837,-0.3744316422375868,0.6659292998071308,-1.4093747609555056,1.1622457410267157,0.340918023760079,1.1097476531724306,0.705416767502365,1.0589927181562884,1.2037100208833493,1.4110304042558486,0.7325910426154264,0.8839134569768611,-0.08200549336504998,1.2622304186993043,0.6529101902546883,0.15794641365697218,0.10997909147286698,0.8235122133073248,1.3568776040291806,1.0714264874841732,0.16231986177126023,0
-0.7918040390580765,-0.4370186087675581,-0.15484123025532542,-1.6014324776621007,1,0,0,0,1,0,0.48873534367349464,-0.578053562234214,0.07324181991846762,-0.49335185956717764,-0.2505843214819647,-0.06329086185932274,0.47859927307511513,-0.2292720512849356,-0.6573277018163387,0.37302479599439187,-0.48144808642980547,-0.19643678391135388,1.019253894203593,-0.1641950289606017,-0.09608131156037564,-1.095466793262798,-0.6649440743240013,-1.323180207432234,0.49593255688307264,-0.7597762161999033,-0.8295656778954428,0.21843093692161147,-0.20224949182301427,-1.163279595489576,-0.6659218446839376,0.7597762161999033,-0.49593255688307336,-0.06326485836571254,0.04072103005925432,0.427426948368315,-0.23777976860790415,-0.47715250303484213,0.4790951633358572,2.3081817118129377,2.172163442635189,-0.35630847989348147,-0.7203933142394032,0.35171115073279,0.42482977999782756,0.2487103132223888,-0.24540631275998087,0.6966194952401235,1.5215080252738291,1.1827648637121608,0.10046155601764112,0
-0.7147032519863632,-1.3131226517972627,-0.4445202009343899,0.5985369837740325,1,0,0,0,1,0,-0.5081606796529707,-0.14543833593620858,0.5849690766135982,-0.592300950312478,0.9559009113543713,0.34589045415969777,-0.13953457763869118,-0.6726344777469702,-0.9173704196296013,0.5131983939612629,0.39090566452223274,-0.5757292842604925,-0.22130691431315577,0.6677510628633975,1.032521836330012,-1.2589543216924726,0.8694667398320772,0.19552337888713509,-0.7497849732599842,-0.04159846927444537,0.8612352209971619,1.9575696392590638,-0.011051584484356251,0.16885041433151224,-0.3173059849155004,0.04159846927444466,0.7497849732599834,0.8837206048011639,1.3165582532877582,0.8004289336612322,-0.04397226118798574,0.3079883877961804,1.3927399837218248,-0.5463906304141645,-0.26403600355210183,0.5738579727592754,1.194770148383656,2.476256109321323,1.1394817321359896,0.9575331479237341,0.9786989684864944,0.30536694786625534,0.2044646553166367,0.1992758736982665,0.8840000955634856,0
-0.2006980048416086,-0.3339475448817109,-0.4445202009343899,-1.8947617391869185,1,0,0,1,0,0,0.4130217216486998,-0.5588649836484154,0.27793272259651985,-0.5332786856573866,-0.08139561916307979,-0.01767720695884177,-0.17787754009966894,-0.3149888908718835,-1.7740725563702473,-0.5268750465950397,-1.5688678489440318,-0.3254215497756551,1.3904402406610754,-0.9084686850193961,1.2167090616951923,-2.6529876065495714,-0.9096265270980289,-2.21527573504014,-0.3364521793121226,-0.11014700605881247,-0.6603881563833606,1.6512045663094497,-0.2407800750923261,-0.1901958965690668,-0.12318054638693379,0.11014700605881318,0.33645217931212196,-0.94526112307996,0.8162299304530506,-0.646090960523493,-1.8011603284619129,-1.9677823102647536,0.2795635358952437,1.1391663716627913,1.4892893554463265,-0.8937379858706291,-0.49834537654397587,1.9451198696741894,0.7623887871779818,0.5080357405521495,0.39767203775660004,0.7917890337905242,0.7806711296729086,0.793080546914203,0.8427612250610729,1
0.46750881644657266,-1.8542457371979617,0.5693561964423357,-0.4281154315628296,1,0,0,1,0,0,0.3751649106363024,-0.5524687907864826,-0.10586271992482811,-0.42854309837727333,-0.33175637149051485,-0.09369996512631006,0.5914251004086166,0.6787893520260656,-1.3430241368782974,0.5582063185018231,-0.44886232549335353,0.13483956068531988,0.4508463632323796,-0.015841070604054982,-0.09097847258684993,-1.4568935138384442,0.3130612883553161,-0.8932629929013431,0.21285636891661422,-0.027203276549727037,-0.8382192100993473,-1.0227999247197823,0.37192150755476616,-0.4436745092456843,-0.288554446427097,0.027203276549727737,-0.21285636891661494,0.02029268250195297,-0.03432821836595151,0.17269388524144552,-0.625394783447741,-0.47715250303484213,0.3845801819166189,1.0847935651441794,1.0648000580046022,-0.17027518936292965,-0.7759052986632599,-0.9381911455531051,0.0963939892279486,0.2746428559553643,0.0761328624983096,-0.2233527107470814,0.5337254978059351,0.5704037944582268,-0.023255055489598248,0
0.46750881644657266,0.28447883843337485,-0.8790386569529866,0.5985369837740325,1,0,0,1,0,0,0.33730809962390496,-0.544328181689477,-0.7839013350458762,0.8763118702230325,-1.8155323563488843,-1.0958587948515832,-0.9341882590560037,-2.0365441318673025,1.6425966348101226,-1.425653141306281,-0.35452301965407107,0.6391554076487493,0.636664997590709,-0.8735753837777912,-0.35801144052251427,-0.07492447318681293,-1.031605929967141,-0.8507342856003219,-0.4291756706205303,1.2973829492468834,0.42614528443503397,2.4365727318861023,-2.3207764969625373,0.9030426372044494,-0.36967915923846395,-1.2973829492468834,0.4291756706205296,-0.8988402670423681,-0.4846237089171882,-0.5278220383574467,-0.4832692780064673,-0.8355863879794388,-0.37153966943728567,0.10608304780917345,0.34501385799472056,-0.728375060954584,0.19555442875423396,1.8692432640103136,-0.6334633235940058,-1.6313990349183765,-1.2607931819966884,0.6331731362065233,-0.8656330827735822,-0.3759724034796717,-0.6418381130257917,0
-0.27779879191332196,1.0317440516057692,-0.8790386569529866,0.5985369837740325,1,0,0,1,0,0,-0.25578193957032125,-0.32278731983525655,4.973030302774343,-0.7803620876938968,1.4986900114159043,0.3548343080617528,-0.3852115675181141,-1.1725453872461318,1.037376799862057,0.21419928525703014,0.6332921210481874,1.3546547475134287,-0.042969613368753316,-0.36984116498641456,0.16230521681003074,-0.1323995598123347,-0.13541090113637427,-0.19769533233041797,0.5516412599819246,1.300476421676128,0.16610512737429675,1.771949145157058,-1.5511776267864683,-0.42364054701341075,-1.0163217872017476,-1.300476421676128,-0.5516412599819253,-0.5924626171942612,-0.25947596364157,-1.1737523055720087,-1.051771299771562,-1.040405750804923,-0.8126095827270634,-0.22015379130249568,-0.4855086804782194,-1.4104971262332722,-0.08200549336504998,1.1863538130354276,-0.8432973010303187,-1.4239386930545688,-1.4638705558440304,-0.0012904541294803558,-0.7833178721512579,-0.26463402725168356,-1.0748462533011267,1
-1.305809286202831,-0.7719995663965628,0.5693561964423357,-0.8681093238500562,0,1,0,1,0,0,0.5896868397065544,-0.5978236128983703,0.06044863850108935,-0.48930131199280863,-0.30799977564623926,-0.08162576235853568,0.6654968161697309,-0.4933915329212574,0.6287896350243546,0.4124993937769236,0.46431777621790854,-0.14978838745535722,-0.9115217504927857,0.8334867546189483,1.6949666466987068,-0.23101215597037272,0.42055794825053594,-0.019031832201575765,0.05712944868845589,-0.2609537869844238,-0.09257937833234413,2.3751757410731305,-1.091721433678591,-0.14024200633412107,-0.622216729393652,0.26095378698442306,-0.057129448688456604,1.0309410339489555,1.9598375255038103,0.7315470339381492,0.48761404487807614,0.6493539925053206,0.3845801819166189,-0.10364063447689935,-0.14538992662739608,0.5827167008797779,-0.05424950115312168,2.3245028979935705,0.1785029369204177,-0.4255357978349895,-0.44848368660732285,0.6014499566897238,0.8629863402952329,0.793080546914203,-0.023255055489598248,1
0.13340540580248203,0.928672987719922,-0.8790386569529866,1.0385308760612593,1,0,0,0,1,0,-0.24316300256618875,-0.3256946802270442,-0.6687627022894718,0.1333257151530579,-0.763116606773838,-0.3535189209810105,-2.7564998393572675,-0.7823492464470297,0.17459777059525325,-1.8567241106093553,-1.005704184294251,-1.5430619945867472,0.17384630810519336,-0.46101341027411,0.33085621589122793,-0.7231551208307786,-0.6215024996802532,-0.5044357158016953,-1.3361733137761789,-0.7793520964162078,3.372340959681757,1.405243387175434,-0.9653821570845931,1.8920432477164217,0.8149813988804743,0.7793520964162078,1.3361733137761782,-0.5367575899491508,0.11577027848446049,-0.50962681956267,-0.7804407893836761,-0.9550643496276378,0.19555021907814235,-0.8726274695258333,-0.3747723420151606,-0.23228628620644656,3.165445595430572,1.33810702436318,0.05990112358685037,-0.4514683405679659,0.27921023634565156,0.41111087958892223,0.03983423407198747,-0.32030321536567735,0.40975308478573785,0
-0.8689048261297889,-1.235819353882877,-1.6032360836506476,1.0385308760612593,1,0,0,1,0,0,-0.3188766245909836,-0.2628956957644305,-0.7711081536284979,0.6679979949697686,-1.1749114388546489,-0.7184281601848583,-1.4280113976280626,2.082322666293733,0.049345280955941,-0.7295249223375581,-1.1785657190368413,0.898993952585313,1.555418244924426,-1.0409902820693935,2.0773547126998575,-0.5942054400015007,0.10484663411082643,-0.13479115913545833,-6.192842294857107e-4,1.2267347275520042,0.9455393858241391,-0.7770048607254603,-0.6645758143907992,1.0895052326849342,1.4005958242157361,-1.2267347275520042,6.192842294857107e-4,-0.9823978079100336,1.9169522406894068,-0.009258302706318612,-0.3153027715758717,-0.2552648599739003,0.3215701943037938,0.5138790966987595,0.5664865349208381,0.3258135853852078,0.41760236644966076,-1.0140677512169813,-1.235595606672119,-1.333174793489152,-0.9054077777638412,0.12560226393772106,-1.9357308208638015,-1.823371294443516,-0.5799798072721716,0
0.5960101282327613,-0.2051087150244015,-1.168717627632051,-0.4281154315628296,1,0,0,1,0,0,-0.596493238681898,-0.05531016379079078,0.40586453677030254,-0.5535314235292317,1.0753055352335281,0.3852434113287402,-0.1621927929692689,-1.3647202160301206,1.3500972855565958,-0.459561513852294,0.5375504124444392,0.5766920260368976,0.1277317225815868,-0.8517894839789475,-0.7897370123140272,-0.6664633991280097,-0.5898885209292537,-0.5495742649744816,0.23506672098463585,0.5534028300138731,-0.6255649892282998,1.081980123170727,-2.5153596605211233,0.03591459707655994,-1.2353941670242485,-0.5534028300138731,-0.23506672098463727,-0.7874302125521474,-0.7097714541928067,0.11810822885711679,-0.25070026910256554,-0.4600842227993849,0.5736101447550955,0.8401159358104279,0.7879592118469556,-0.35630847989348147,-0.7481493064513315,0.5793409677244183,-0.9208446405176508,-1.9166570049811138,-1.785409731102321,0.2524949820049213,-0.001323371239174659,0.29205785388825667,-0.9202004889170784,1
0.2876069799459088,-1.8542457371979617,0.5693561964423357,-0.4281154315628296,1,0,0,1,0,0,-0.7605394197356201,0.8779525219730516,-0.10586271992482811,-0.42854309837727333,1.4933754513695605,1.0063940648264664,0.8461077937812767,2.637461902933886,-2.136152152174378,1.2865586484269596,0.23285401922364415,-0.5308192765022063,-0.4162800262711713,0.36267077117576585,2.3806830343411773,-2.5247782378649304,1.3043009880342702,0.09979449503887483,-0.5860329100839196,-0.14275387761029457,-0.8141571224607848,-1.2350832310998923,0.38303291317386645,-0.4447351993399547,-0.20529172825794317,0.14275387761029457,0.5860329100839188,0.15955525061472892,1.841902992264201,-0.5824076947417753,-1.6977963245046235,-1.2281568333949502,1.0776900456576979,-0.709509049969999,-0.5408768497097485,-0.728375060954584,-0.7759052986632599,-1.1658209625447336,-0.058700689746716966,0.14498014229048395,-0.0423289389126401,-0.2550758902638815,0.28677986593896093,0.23638866577426285,-0.20882997275045564,1
0.2876069799459088,0.5936920300909173,0.5693561964423357,-1.161438585374874,1,0,0,1,0,0,-0.7605394197356201,0.8779525219730516,-0.6175899766199587,-0.05242082361443573,0.7474826148875222,0.7157188130096758,0.6434522818982257,2.5252286551825165,-1.546927216166014,1.3066043934376912,0.3989341642189132,-0.508867088452361,-0.7747416657547425,0.12447163132745295,2.569824947044106,-2.332527022840469,1.254642485065933,0.11706642541651818,-0.24010667662448304,-0.45589913793704195,-0.7703654739268446,-0.8915613603251291,-0.22926338303868316,-0.5210562290999937,-0.40434137238184314,0.45589913793704195,0.24010667662448232,0.10385022336961848,2.367247731240644,-0.018355912103706302,-1.2197378062021575,-0.7502449868021539,1.4557499713346498,-0.38327221085833024,-0.319404172783631,-0.29429738304996345,-0.6926373220274746,-0.7864379342253526,0.22411901897178985,0.06718251409155555,-0.14386762583630988,0.3476645205553221,0.8629863402952329,0.6817421706862145,-0.2706882785040748,1
-1.305809286202831,-0.2824120129387873,0.5693561964423357,-0.8681093238500562,0,1,0,1,0,0,0.5896868397065544,-0.5978236128983703,-0.2721740783507456,-0.31859966421582847,-0.6029242164596048,-0.2135476074138483,0.9343052150125989,0.9248196774279227,0.0626684390939703,0.5992165265606318,0.4303546943823703,-0.23357455637883415,-0.6333279801652832,0.8437784172228219,1.717278062130138,-0.19879993467121665,0.5294880113877285,0.268447636818198,-0.10705812529392912,-0.21238889143210804,-0.4560806924344809,0.45098743338295405,-0.2854446177985547,-0.2844716207869727,-0.29739531147340664,0.21238889143210804,0.10705812529392841,0.911573118423719,1.7856160559452963,0.3660180849359449,0.2015172482105774,0.4146651392677867,0.30581769740058723,-0.5260008279696852,-0.5408768497097485,0.2948080369634488,-0.6926373220274746,-0.1035484832504671,-1.3541974200056863,-1.268343436656712,-1.277716296483967,-0.826093121566285,-0.4540570296619595,-0.5986491559356475,-1.5078543935764617,0
-0.27779879191332196,-1.235819353882877,-0.8790386569529866,1.0385308760612593,1,0,0,1,0,0,-0.25578193957032125,-0.32278731983525655,-0.7711081536284979,0.6679979949697686,-1.2506589501753123,-0.764489007780442,-1.1728711535623304,1.544068701878693,0.03870183240347371,-0.7944679874822805,-1.2071634840062762,-0.038361074858364125,0.9857095619177692,-0.61982008144487,0.5961506879418949,-0.36759353654795424,-0.12959627399611573,-0.5129965436355676,0.3041828515459622,-0.3540047794704373,1.0115889676154828,-1.5220720785538342,-0.42230275505978127,0.9447695494094382,1.0685303730198534,0.3540047794704373,-0.3041828515459622,-0.8709877534198129,-0.10937746679115769,-1.6468279942361959,-1.5427503185686884,-1.5012493171622625,-1.222174502210428,-0.6279498401920818,-0.8177176958673952,-1.9065859009814097,0.8061862574166584,-1.4693273852002382,-0.33239718205494984,-0.4903671546674297,-0.11002139686175369,0.47455723862252236,-1.0302635040182315,-1.266679413303576,-0.332546584257695,0
-0.7918040390580765,0.5936920300909173,-1.6032360836506476,-0.13478617003801185,1,0,0,1,0,0,-0.7479204827314877,0.636641609454675,-0.7966945164632545,0.8415928910141551,-0.23279196385273812,-0.16077886939172326,-0.6681830334497691,-1.4979649238230839,-1.7901331221141619,-0.6933236941583233,-1.6924925148143473,-1.9278488122889843,0.9391315499019309,-0.23546980181889673,-1.6153356423144518,-1.3740471697545584,0.12168760574564601,-0.6610913336414305,-1.535794876505097,-1.106173187055868,0.6938461218690065,0.4377960825816373,1.0663870547452021,1.0572989281143121,1.5548961443991918,1.106173187055868,1.5357948765050964,-0.28608496734615396,-1.535313186870074,-0.2639913658331881,-0.9096457943302884,-0.8185181077439823,0.3215701943037938,-0.8726274695258333,-0.26403600355210183,-0.29429738304996345,0.3898463742377325,0.12408133374116129,-0.7338187041070253,-0.127311556405765,0.2961333508329291,-0.794369942049485,-1.0302635040182315,-1.4893561657595522,-0.3944048900113141,1
1.2899172118781799,-0.7977673323680251,-0.8790386569529866,-1.6014324776621007,1,0,0,1,0,0,-0.7983962307480176,1.1715959215436065,-0.7711081536284979,0.6361722640282977,0.5464568506828977,0.4093918168642889,0.16677414334542745,0.523526861146662,1.6134360571314712,0.1739540989616849,0.9398371116928683,1.8372108263903644,-0.4294525123319985,0.0798741337157551,-0.7877820914379093,0.9447292437436687,0.7993472881319796,1.075378402252361,1.1169885469471594,1.3979208031972914,-0.1520942127740267,-1.507739852231702,-1.2562593599051417,0.5576183226509568,-0.17193657025316075,-1.3979208031972914,-1.1169885469471603,0.438080386840281,-0.40957446049198204,1.4281639820810177,1.790738809053908,2.117226092754623,0.4475901695294441,-0.05703537174666111,-0.5408768497097485,1.4420133285685155,-0.24854144663662048,-1.4693273852002382,-0.42362934615769415,-0.9701191952274875,-0.7192535184037778,0.2524949820049213,-1.1125787146405561,-0.6543183440496418,-0.3944048900113141,0
0.31330724230314594,-0.7977673323680251,0.5693561964423357,-1.6014324776621007,1,0,0,1,0,0,-0.7605394197356201,0.8372494764880243,-0.7711081536284979,0.6361722640282977,0.09017389496787814,0.15225601718020498,-0.005658394936386752,2.8103954243805704,-0.7821055428810464,0.025169135260520926,-0.14306960629341042,0.1796642118012717,0.38503700075513203,0.1204493068105727,2.305501413995657,-2.184941604528054,0.6329505423983446,0.09612962004891967,-0.8963291925090734,1.1340089365774726,0.12821966405388385,-1.547755213296345,-1.1264911197764629,0.5936210450990078,0.2798493590188525,-1.1340089365774726,0.8963291925090727,0.0759977097470634,2.067050737539819,-0.10933200607758836,-1.2068173057074962,-0.9379960693921812,1.5817699465603012,-0.8726274695258333,-0.5962450189412776,-0.35630847989348147,-0.08200549336504998,-1.5452039908641146,-0.7246954876967501,-1.1386807229918314,-0.8715615487892844,0.28421816152172197,-1.4418395571298541,-1.211010225189582,-0.7036964187794109,0
-0.7918040390580765,-1.4934970135974959,-1.6032360836506476,-0.8681093238500562,1,0,0,1,0,0,-0.7479204827314877,0.636641609454675,-0.8350740607153893,1.2813666276599345,-0.8359652222306702,-0.5006453176698168,0.016158055935500668,-1.1922578660979635,0.19243428339256613,-0.6397251933695867,-0.6680321833306763,-1.9983266020797446,-0.09098175474502307,0.23071591752089832,-1.319261830214197,-1.2228438894543974,0.6193086159857193,0.4550082147039218,-1.1598770966922176,-1.5751271636218847,0.2080604562351405,0.3148037972857118,-1.4919042902708346,1.4783232869635368,1.312701517345979,1.5751271636218847,1.159877096692217,-0.06326485836571254,-1.3852146900196616,-0.973604898829468,-1.3747838121380926,-1.1086788717467513,0.29006520049738066,-1.5251011477491712,-1.3160312189511594,-0.8523972546416179,-0.10976148557697851,-0.1035484832504671,-1.0713777112871794,-1.5665676780859363,-1.0238695791747903,0.664896315723324,-0.5363722402842841,-1.1553410370755877,-0.7036964187794109,0
1.2899172118781799,-1.4934970135974959,-0.8790386569529866,-0.8681093238500562,1,0,0,1,0,0,-0.7983962307480176,1.1715959215436065,-0.8350740607153893,1.2813666276599345,-0.27820839517963436,-0.0892280381752825,-0.004380499192412267,-0.611707217873218,1.6360640874878392,-0.3340174924701963,-0.17536205549434258,-0.4880002601418733,-0.09993837666702567,0.014811074323839307,-0.6861999476922347,0.9216036882125062,0.8704440794908946,1.0032769025233932,0.9848575718326791,-1.6423439002630147,0.020890241711037653,0.1521673098676069,-1.310431588534546,1.3143535323649285,1.2074838839783357,1.6423439002630147,-0.9848575718326797,0.32667033235006016,-0.3345252120667762,1.273504622325418,1.6356928031179738,1.9977481311064238,0.2270552128845555,-0.22015379130249568,-0.6516131881728072,1.3179911348814817,-0.16527347000083534,-0.1035484832504671,-0.6973258384659271,-1.2035120798242718,-0.7023304039164997,0.8552353928241243,-0.4540570296619595,-1.0996718489615938,-0.332546584257695,0
-1.485711122703495,0.5936920300909173,-0.8790386569529866,-0.13478617003801185,1,0,0,1,0,0,-0.81101516775215,1.2849829768233256,-0.7966945164632545,0.8415928910141551,0.5918732820097946,0.33784098564784815,-0.41395963425311216,-0.018806400379327647,-2.0787496883305416,0.4081481450064959,-0.43818336527159774,0.2620472900914795,0.46168699354910214,-0.05166559024614212,0.18889261880725927,-1.4963251872245276,1.196415600990474,0.7708089902104296,1.3634784946753398,-0.9948801208223941,0.5239972993068874,0.21504085359288608,1.3380579543649274,0.6349634174395824,1.322204788450148,0.9948801208223941,-1.3634784946753404,-0.14682239923337803,0.04072103005925432,-0.3731626786018469,-1.051771299771562,-0.596630464683041,0.9831750642384596,-0.13859458152457876,-0.7069813574043363,-0.17027518936292965,0.27882240539001907,-0.02767187758659086,-0.6334633235940058,0.09311505682453199,0.34690269429476517,-0.857816301083085,-0.9479482933959068,-1.378017789531564,-0.3944048900113141,1
-1.485711122703495,-1.235819353882877,-0.8790386569529866,-0.4281154315628296,1,0,0,1,0,0,-0.81101516775215,1.2849829768233256,-0.8094876978806327,0.9283903390363485,0.44498297934688336,0.27076208138243496,0.08014221812439777,0.37666210708483194,-1.021286403645207,0.5181986751142504,0.07878200146245574,0.1917477901884393,-0.48332716531904085,-0.19221774023907887,0.21434689378247004,-1.664458169734906,0.8692506446311338,0.6529461945113746,1.5275383624814358,-1.2534728335413483,-0.30350140639421247,-0.302252549989487,-0.2764872137695735,0.1618810807829059,0.5350544129498787,1.2534728335413483,-1.5275383624814365,-0.28608496734615396,0.04072103005925432,-0.43684594438356456,-1.1809763047181743,-0.8355863879794388,1.1722050270769362,-0.13859458152457876,-0.762349526635866,-0.4183195767369984,0.11228645211844858,0.27583454506891375,1.9301604876931084,1.454573550305776,1.446905135967865,2.187608932529733,1.5215080252738291,0.9044189231421907,1.708777505611744,1
1.2899172118781799,0.5936920300909173,-0.8790386569529866,-0.13478617003801185,1,0,0,1,0,0,-0.7983962307480176,1.1715959215436065,-0.7966945164632545,0.8415928910141551,0.3249648631982956,0.250638410102811,-0.23084091077730864,-0.37563238970804674,-0.3152997288625264,-0.01955787449378724,-0.4359595196135442,-0.6312142620346861,0.05314689354249457,0.11546864572980622,-0.536458603244193,0.9498531518922706,0.4597004577479331,0.6467498120972769,0.3041828515459622,-1.1625858176247739,0.4363648160143399,-0.021845208833993015,1.3855361061214893,0.4822525314691254,1.1981940389119448,1.1625858176247739,-0.3041828515459622,0.27096530510494976,-0.3345252120667762,0.6457695739056325,1.0801112818475405,1.2467438007463156,-0.2140147004052217,-0.6279498401920818,-0.8177176958673952,0.8219023601333442,0.25106641317809053,-0.17942508891434333,-0.47836864461934153,0.2616765845888761,0.4484413812184362,-0.794369942049485,-0.7833178721512579,-1.266679413303576,-0.2706882785040748,1
0.31330724230314594,-1.235819353882877,0.5693561964423357,-0.4281154315628296,1,0,0,1,0,0,-0.7605394197356201,0.8372494764880243,-0.8094876978806327,0.9283903390363485,-0.27820839517963436,-0.0735762938466861,0.36805657983180823,2.2402553258936795,-1.3410733581405443,-0.09579007084420411,-0.6217357951949173,-1.3459606916705256,-0.12951641083042834,0.19869842104968016,2.561807682783744,-2.0894924144419336,-0.13702850417539755,-0.5908519920692632,-0.8569681418843172,-0.9857992824010663,-0.31325451262592946,-0.5084580419053094,-0.2664461598323213,-0.006468913249757708,0.23143501361712238,0.9857992824010663,0.8569681418843165,0.04814519612450831,2.067050737539819,-0.4732363819731166,-1.4135453136220761,-1.381771355514063,0.9831750642384596,-0.5463906304141645,-0.2086678343205727,-0.790386157798101,0.11228645211844858,0.04820472807728505,1.9848997861547546,1.5064386357717279,1.4130589069933075,1.9972698554289314,1.7684536571408034,1.2941032399401495,1.708777505611744,1
0.31330724230314594,0.928672987719922,0.5693561964423357,1.0385308760612593,1,0,0,0,1,0,-0.7605394197356201,0.8372494764880243,-0.6943490651242283,0.15647170129230945,0.49767326542899815,0.5229787614203886,-1.9077966367956982,0.6354021394442553,-0.6698607263665997,-1.058099010125752,-0.6149246234689156,-0.7786987455185749,0.45024796516453747,0.37291568703740907,2.0432190614929193,-1.9198576403496,0.016039619541067675,-0.3891055912382415,-0.49837739391320257,-0.567767582660665,3.0254506249400834,1.1747426250155562,-1.0135497247760257,1.4453281119964219,0.4195462504503752,0.567767582660665,0.4983773939132019,0.35452284597261524,1.9169522406894068,0.04532735367801011,-0.9613277963089331,-0.9038595089212672,1.3927399837218248,-0.30171300108041293,-0.09793149585751397,-0.35630847989348147,2.527057774556219,0.8828473903799233,-0.44187577897824326,-0.8663890242955825,-0.3130987707090945,-0.0012904541294803558,-0.37174181903963527,-0.6543183440496418,-0.332546584257695,1
0.31330724230314594,-0.35971531085317227,0.5693561964423357,0.5985369837740325,1,0,0,1,0,0,-0.7605394197356201,0.8372494764880243,-0.8478672421327675,1.507039992517637,-1.1907743066096708,-0.5207689889494408,-0.6374876631135863,1.7791433299193915,-0.8459474508294372,-0.9238651961304138,-0.8974494728326717,-0.4026619344742464,0.6898204372267536,0.47701111407742236,1.392204775496061,-1.678751375318947,0.1442947754309373,0.02033509647044546,-0.20147967785109497,-0.34935776200978186,1.3630659984654252,-1.0472498732783424,-0.5305447293388903,1.3911625064538478,1.1865815319343447,0.34935776200978186,0.20147967785109425,0.4102278732177254,1.2415090048625523,-0.09113678728281299,-0.9354867953196102,-0.8355863879794388,1.3612349899154128,-0.46483142063624716,-0.4301405112466897,-0.35630847989348147,1.6666220159864384,-0.7864379342253526,0.9813459810245673,0.5210020119186368,1.0915197317350172,1.4262526241265279,-0.4540570296619595,-0.6543183440496418,1.5232025883508855,1
-0.35489957898503444,0.928672987719922,0.5693561964423357,1.0385308760612593,1,0,0,0,1,0,-0.8236341047562825,1.511757087382764,-0.6943490651242283,0.15647170129230945,1.677147595670538,1.041722287739584,-0.9372593438462731,-1.6908619752490799,0.4493174438256086,-0.06881508866120735,0.42333604964375565,-0.8726583765719864,-0.5888319833159502,1.5901697750817216,-0.8639544949138254,-0.28529024362731087,1.1871021289476305,0.9790473254730406,-0.33645217931212407,-0.8565127692838675,2.8921608359031117,1.4552704781794548,-0.900921179492314,1.2700748955721552,0.4054915593962853,0.8565127692838675,0.33645217931212335,1.8307060679680403,-0.6347222057676005,0.7822337148664557,0.49868875958778525,0.9907195972144606,0.9201650766256344,-0.709509049969999,-0.6516131881728072,1.4420133285685155,2.3882778134965768,1.1104772073715516,-0.47836864461934153,-0.840456481562607,-0.3469449996836519,-0.033013633646279864,-0.20711139779498602,-0.5986491559356475,-0.5181215015185524,0
-1.2287084991311177,0.928672987719922,-0.4445202009343899,1.0385308760612593,1,0,0,0,1,0,-0.785777293743885,0.9302850090252297,-0.6943490651242283,0.15647170129230945,0.7645816842404989,0.5945295926368293,-2.591572759170927,-1.9077074845080453,0.6298227741557089,-1.5503070973718163,-0.5120822727961567,-0.4571902376706261,0.8427669785306524,-0.37131615473761276,-0.857004652612507,0.05370620910575076,-0.2696001738424408,0.02008201870222254,1.207300290880625,-1.8209386847559008,3.232630280773916,1.759859944344477,-0.8070192707144667,1.8270339536820657,0.68533821697334385,1.820938684755901,-1.2073002908806256,0.0759977097470634,-0.3345252120667762,2.1195822962825224,1.8295003105378922,1.605177685690913,1.7077899217859516,2.2266225020350205,1.6184817503198954,1.5660355222555504,2.9989096421590014,1.6416134470186852,0.0051618251252043045,-0.41256952646850126,0.2961333508329291,0.12560226393772106,0.28677986593896093,-0.48731077970765985,-0.20882997275045564,1
-1.2287084991311177,-0.35971531085317227,-0.4445202009343899,0.5985369837740325,1,0,0,1,0,0,-0.785777293743885,0.9302850090252297,-0.8478672421327675,1.507039992517637,-0.923865887798175,-0.449218157733,-1.2980615846321253,-0.5120560012172017,0.21066495523871412,-0.8296985723676872,-0.5149759969154706,1.7755911882194477,1.7578206427813816,-0.30646225888731055,-1.3293997661927268,-0.07463691642519692,0.09244800970495429,0.29570672654962843,2.0966392394626086,0.3422733367180179,1.4987727536079354,-0.6289505707269225,-0.36298895417964067,1.2125391074881868,0.9581940812679473,-0.3422733367180179,-2.09663923946261,0.10385022336961848,-0.9349191994684248,1.8830444519504281,1.5452492996553449,1.519836284513628,1.6762849279795395,3.042214599814193,1.839954427246013,1.0079356506638961,1.8331579692580091,-0.3311783002420958,1.0360852794862145,0.6636309969500054,1.1592121896841308,1.1724671879921262,-0.6186874509066087,-0.5429799678216537,1.646919199858125,1
0.5703098658755232,0.4133176682906843,0.5693561964423357,-2.334755631474145,0,1,0,1,0,0,1.0944443198718534,-0.6722520389281346,1.1862486032303767,-0.6721546024928958,0.018148640665859115,0.002446464320782188,0.773320495491882,1.3099656338186834,-0.21039888842479593,0.9486677866937706,-0.07515889164095858,0.3340525955676806,0.6197982203371752,-0.0589393532121461,0.803963628935703,-1.4974870781530292,0.11782371546520796,-1.0327018054825308,0.6257323574189628,-0.16498583548630744,-1.1342124809579213,-0.9925758285013039,-1.2172077675593387,-1.1647569975204557,-0.9105220738442849,0.16498583548630744,-0.6257323574189636,-0.3766056366194584,0.19081952690966666,-1.2942956300874027,-1.7365578259886068,-1.6121931386927328,-0.6787133590498093,0.901285343143866,0.6356967464602498,-1.4880109972876687,-1.1089772052064004,-1.0140677512169813,-0.41450612974742024,-0.944186652494511,-1.277716296483967,0.6331731362065233,0.4514102871836102,0.4033962301162448,-0.76555472453303,1
0.46750881644657266,-0.2824120129387873,1.0038746524609323,-1.8947617391869185,0,1,0,1,0,0,-0.44506599463230834,-0.19195610220481132,0.2651395411791416,-0.5419584304596059,0.675513239126975,0.2712092740775377,1.2795269514887408,-0.9468836304968183,0.7149106763487658,1.0205237511512186,0.9471102229888946,1.6154070469094715,-0.5531598792202008,1.12130899912308,-0.14343459965148145,0.3359196155028075,1.3667292204541757,1.180360385017731,2.089235871296991,0.13114384342216406,-0.658814633241757,1.1559378656798909,-0.6397400266020888,-0.02343644963339093,-0.07889749806021329,-0.13114384342216406,-2.0892358712969914,1.5521809317424884,0.26586877533487285,1.3098950599149712,1.3126802907514432,1.9124067299291387,0.6681251261743327,0.758556726032511,-0.1532996650890431,0.6358690696027934,-0.6371253376036178,1.0346006017076752,-0.08607033897753999,-0.39960325510201306,-0.38079122865820925,0.4428340591057229,0.2044646553166367,0.29205785388825667,-0.023255055489598248,1
-0.12359721776989524,0.33601437037629844,-1.6032360836506476,0.5985369837740325,0,1,0,1,0,0,-0.34411449859924853,-0.2559180308241401,-0.5536240695330674,-0.1363250233692226,-0.33089868126174904,-0.09146400165079628,-0.45842746484890334,-1.7867772954409356,0.8353264014322644,-0.17959567714945782,0.1969855322939497,0.5601062523480362,0.4323369641559902,0.3679567954326621,-1.080876626863372,-0.3841080904789793,0.8662031234713876,0.6539379553140491,0.9573302853504951,-0.18555039652161812,1.0051126437278604,1.369609435428102,-1.5279107620463461,1.1015343629386953,0.3823522951301968,0.18555039652161812,-0.9573302853504958,0.2152602778598393,-1.0850176963188372,-0.4095531161914002,-0.5349512799851129,-0.18699173903207253,0.038025250046078915,0.10608304780917345,-0.319404172783631,-0.23228628620644656,1.0282341951120857,1.413983630027056,0.2788583174334372,-0.5811310542328463,-0.14386762583630988,1.267636726542527,-0.6186874509066087,-0.7656567202776299,0.038603250264021984,0
0.46750881644657266,1.0832795835486928,0.27967722576327125,0.5985369837740325,0,1,0,0,1,0,-0.20530619155379135,-0.3972157458650209,0.12441454558798068,-0.5107113491716163,0.27293252535431667,0.0892018471707166,-1.574202754034195,-1.5430437517178768,1.485344986798296,-0.6907154380302506,0.20761134794642813,0.21326538747090326,-0.21142838624539284,0.5309626466115533,-0.41865363238678593,0.8289364505118271,0.20365360761381374,1.3693654943399163,0.6912331826893887,-0.39468810214486993,2.719498870180681,1.6984779560579033,-1.197515165867026,1.1350514267226768,1.0670139595594725,0.39468810214486993,-0.6912331826893894,0.38237535959517033,-0.4846237089171882,-0.3367722410122935,0.12399424524260985,0.20557870638343811,0.1325402314653172,-1.0357458890816678,-1.3713993881826885,-0.10826409251941274,2.6658377356158605,1.717490052682561,0.2514886682026129,-0.4255357978349895,0.025363519036474696,1.5848685217105287,-0.7010026615289333,-0.9326642846196119,0.34789477903211874,1
-0.7404035143436003,-0.978141694168258,-1.8929150543297122,1.0385308760612593,1,0,0,1,0,0,0.26159447759911014,-0.5460725979245497,-0.38731271110714993,-0.24221790995629838,-0.574120498830121,-0.23277689330326676,-1.7171416949208365,0.7070542230098266,1.4603960203284396,-1.7671894964846095,-1.8625926066049476,-1.0399887477030345,1.33185913885501,-1.132196322392039,0.7650978069716027,1.2602838228246471,-1.745762061721473,-1.4941778756917035,-1.344988124630379,-0.08447776675232606,1.2564501015791623,-0.2039959232621395,-0.729946582715027,0.6562912235670294,0.9626877333694328,0.08447776675232606,1.3449881246303783,-1.1216603760228097,0.491016520610491,-0.50962681956267,0.17567624722125458,-0.5454256239766699,-1.442709458855317,-0.6279498401920818,-0.04256332662598434,-0.9144083514851348,1.2780381250194413,-0.1035484832504671,0.29710475025398503,-0.1402778277722523,0.12690220596014448,1.3945294446097283,-1.1125787146405561,-1.266679413303576,0.10046155601764112,0
-1.100207187344929,-0.1535731830814779,-0.4445202009343899,-0.4281154315628296,1,0,0,1,0,0,0.17326191857018283,-0.5204878264768181,0.32910544826603294,-0.5517954745687877,0.08781869690112187,0.026147677161228185,0.02192308053400427,-1.2332425831549387,0.776831949423969,-0.4064932579930032,0.2713673557591598,1.043857984939827,0.4691102067251269,-0.2073866877226345,-0.8359929627215213,-0.7127796773591725,0.012373560417043936,-0.19542635482221093,1.090378836681049,0.3422733367180179,-0.23770291195913681,0.8551847502029979,-1.7782301344228546,0.5614155774905654,-0.5435866517952938,-0.3422733367180179,-1.0903788366810496,0.02029268250195297,-0.5596729573423944,0.9914787310063841,0.42116575661981864,0.4103980692089227,1.2037100208833493,1.9819448727012692,1.4523772426253072,0.6358690696027934,-0.4150773999081907,0.4275877563966659,-0.8432973010303187,-1.5276688639864726,-1.2607931819966884,0.030432725387320277,-0.04248097655033679,0.1250502895462747,-0.5799798072721716,1
-0.2006980048416086,-1.6996391413691911,-0.8790386569529866,-0.13478617003801185,1,0,0,1,0,0,-0.00340319948767178,-0.4885068621671538,1.058316789056594,-0.662317558383714,0.5291327677719437,0.13615708015650582,0.19314793051769175,-0.32700200388879713,0.6500415456628652,0.26766706003690155,0.1386618628779454,-1.4232758512783064,-0.5864785959216329,-0.19221774023907887,0.04244789394987665,-0.7625797926768018,-0.09272415427333898,-0.43149916317627746,-1.2379708116036303,-0.7133741297612541,-0.46063860034113646,0.49134388095560533,-1.6549477181671612,-0.45354461380586636,-0.6015421611840672,0.7133741297612541,1.2379708116036297,-0.28608496734615396,-0.10937746679115769,-0.43684594438356456,-0.7416792878996918,-0.7331767065666972,0.006520256239666901,-0.7910682597479163,-0.319404172783631,-0.29429738304996345,-0.7481493064513315,-0.17942508891434333,-1.6278939123139191,-2.0463197186459943,-2.0392564484114977,-0.2233527107470814,-0.20711139779498602,-0.5429799678216537,-2.002720839605417,0
-0.894605088487027,-0.30817977891024867,-1.6032360836506476,1.0385308760612593,1,0,0,1,0,0,2.3184812092727034,-0.7338880792340332,-0.5280377066983108,-0.15079126470625479,-1.5012210466083122,-0.44787657964769173,-0.45791529233749684,1.354812264260952,-0.12202620034498404,-1.8790664349169404,-2.2582766522244597,-1.4652010014362609,1.627308742873704,-1.125374587542732,1.317082374921993,1.0696948547851164,-2.6803739263074773,-2.688882168353966,-2.147135912362408,0.13114384342216406,-0.4877186670989591,-0.5400981406711486,1.2417540718540188,-0.11931537664110724,0.3107001602205584,-0.13114384342216406,2.147135912362407,-1.038102835155144,1.3165582532877582,0.20301924989940578,0.7398714354881283,-0.4885313565251461,-1.2956861544253913,-0.22015379130249568,1.1201682272361313,-0.6870343297255728,-0.6093693453916895,-0.7105613285614767,-0.7794347861583975,-0.08841274230630035,-0.1269445113490324,-1.206771275767887,-0.7833178721512579,-0.8213259083916238,-0.6418381130257917,0
1.2642169495209417,0.9802085196628456,1.7280720791585935,-0.13478617003801185,1,0,0,1,0,0,-0.11697363252486404,-0.4565258978574894,-0.7327286093763631,0.3121284580787761,-1.1570091025838745,-0.5923198201658815,-0.5823648033659095,0.3018366562166969,-0.12948238085045352,-0.9984876937911149,-1.2501736067577156,-0.4814403695927272,1.2545158071365574,0.9162382796097108,1.626590992186627,-0.014007286704325604,-0.2185077683630951,-0.18369315886774185,-0.28338753067176975,-0.3755669404878874,1.725286928691129,1.2152028651819171,0.16293078002773928,1.1322238945424812,1.4459463005816278,0.3755669404878874,0.2833875306717691,1.1343932274041606,1.9169522406894068,0.7822337148664557,0.6537347655237203,0.529876030857121,0.5421051509486824,0.5138790966987595,0.7325910426154264,1.2559800380379649,2.3050098368607914,1.8692432640103136,1.5378621820513083,1.4027084648398238,1.8699829981498264,1.5848685217105287,-0.8656330827735822,-1.0996718489615938,1.5232025883508855,1
0.46750881644657266,0.2587110724619126,1.0038746524609323,-1.161438585374874,0,1,0,0,1,0,-0.44506599463230834,-0.19195610220481132,1.966632669690451,-0.7149746768505112,1.2816718865557866,0.40491988991326133,0.662886877601536,0.3917138023359653,1.0758717171803882,0.8486042339572568,0.8586728108110524,0.8803681541061631,-0.5450655906303693,1.4178160361024266,-0.26545586375941943,0.5876883791940761,1.6090228816578358,1.5385859091919185,1.3338827891162104,-0.12221154853286169,0.4949047378960618,-0.8035673437638806,-0.8801825346626488,0.44906997366442813,0.3858129704938615,0.12221154853286169,-1.333882789116211,1.5243284181199328,-0.10937746679115769,0.48201260475264507,0.7312577684916879,1.4174266031008858,0.006520256239666901,-0.38327221085833024,-0.9284540343304539,0.2638024885416898,0.6396503041450882,-0.6130056927079216,0.613810691353512,0.028283699992091807,0.20910019061264015,1.3628062650929278,0.1456680763006908,0.09323932490970681,0.8692719275269096,1
0.33900750466038404,0.4648532002336079,0.5693561964423357,0.3052077222492148,1,0,0,0,1,0,-0.5333985536612357,-0.13962361515263325,-0.2210013526812325,-0.3926668198614334,0.47185516586120685,0.19608090130027495,0.29767863332830746,1.3654989419522685,-1.565553566369818,0.6959334329936109,-0.8251203512431563,-0.29759947249783725,0.5640361633052758,1.007008179259589,1.6137914667997644,-1.2795673698861618,1.2340403796414363,0.2816071911610419,0.4025854781078499,-0.8051695616290189,0.5922613215563359,-0.2575292864206326,0.8543223658536059,0.2834921461806878,1.3476314794578759,0.8051695616290189,-0.40258547810785056,1.0229831729139398,1.6167552469885829,0.23637715102316323,-0.4832692780064673,7.593435579547688e-4,0.7941451013999841,-0.38327221085833024,-0.5962450189412776,-0.10826409251941274,0.44535835866158957,-0.3311783002420958,-0.2959043164138529,0.1709126850234604,0.27921023634565156,0.09387908442092041,-0.9479482933959068,-1.32234860141757,-0.08511336124321738,1
-1.074506924987691,-0.8235350983394863,0.5693561964423357,-1.6014324776621007,1,0,0,1,0,0,0.04707254852885811,-0.500717775812662,-0.3361399854376369,-0.2705717429768815,-0.3634276836895903,-0.1759834210252169,0.5409077776551146,-1.6367771577696224,-0.1389924626354256,-0.23371218664515708,-0.308809930148529,-0.47796805382540575,-0.19917588377600667,-0.3734465434598903,-0.7237305053039679,-0.27474804028429917,-0.21803330504711566,-0.23103026492828888,-0.31054414497595056,-0.3438975164935092,-1.1252888180234086,1.5215106833825482,-0.0860879311880364,0.09953199329200794,0.17591194614729957,0.3438975164935085,0.3105441449759499,-0.06326485836571254,-0.3345252120667762,1.4463592008757944,1.0542702808582185,0.9053781960371756,1.2352150146897614,0.5954383064766764,0.8433273810784847,1.752068812786101,-1.0257092285706153,1.5657368413548085,0.2879815338437111,0.19684522775643593,0.22844089288381547,0.37938770007212164,0.6983559190505837,0.5704037944582268,0.5953280020465953,0
-1.2544087614883548,1.2636539453489257,0.5693561964423357,1.7718540298733036,0,1,0,1,0,0,0.2868323516073751,-0.5472355420812648,-0.13144908275958464,-0.4516890845165249,-0.30461847064833764,-0.07178752306627507,-0.16812740765631726,0.012285086637121136,-0.23725179876543756,0.6027082681845204,0.3450056451459827,-0.2197876416008826,-0.6683569863645388,0.6128792491145765,1.8072776255645027,-0.46584412273494136,0.42307253287469654,-0.008279256428261404,-0.49529816032406576,0.1914665557924087,0.8461669774003657,1.7936293842269173,-0.14379726061802384,-0.39470850533657503,-0.4566073181498248,-0.191466555792408,0.4952981603240644,0.577342954953057,1.6918044954137887,0.03622974428062242,-0.21193876761858224,-0.03337721691295973,0.1325402314653172,-0.6279498401920818,-0.4855086804782194,0.139780294854656,1.0004782029001573,2.020996475338066,0.6346637574341392,0.45617065508619664,0.2622871218583729,0.41111087958892223,0.6160407084282594,0.793080546914203,0.8427612250610729,0
0.33900750466038404,-0.8235350983394863,0.5693561964423357,-1.6014324776621007,1,0,0,1,0,0,-0.5333985536612357,-0.13962361515263325,-0.3361399854376369,-0.2705717429768815,0.3412194460243546,0.10172324263359372,1.5627317403327068,0.3030065286130143,-0.9820707083707199,0.8892883417724494,0.022687026673520412,-0.038766145721294006,-0.603916852715893,0.9543188281475427,1.6474845530406756,-1.3569139947343918,1.0553858551842448,0.1676532488683393,0.5581846313588362,-0.6064731204975302,-1.219472397351829,1.2345278892033347,-0.021044146515018944,-0.15486862962266645,0.13418652066819833,0.6064731204975302,-0.5581846313588369,1.106540713781605,1.841902992264201,0.6002815269186915,-0.25070026910256554,0.17144214591252482,1.1722050270769362,-0.05703537174666111,-0.319404172783631,0.20179139169817292,-1.1367331974183288,1.1863538130354276,0.07814755640739948,0.054216242725068246,-0.008482709938082702,0.31594134103852145,0.7806711296729086,0.514734606344233,0.22417816752487937,0
-0.35489957898503444,1.2636539453489257,1.4383931084795292,1.7718540298733036,1,0,0,1,0,0,0.47611640666936217,-0.5844497550961469,-0.13144908275958464,-0.4516890845165249,-0.40714811952815533,-0.10040785555285138,1.0192209598209327,-0.6700856290463671,-0.5495599905833009,0.5300579267724858,0.21053849598447533,-0.3646302800016679,-0.697536633376266,2.184615003892252,0.7927534166828668,-0.9270992429248986,0.9402951198122343,0.31528090544799064,-0.4633576356367666,-0.037759751214519306,0.7655900161356151,1.7138765251208217,-0.18037841253334036,0.21630648234517866,0.034100083615162036,0.037759751214519306,0.4633576356367659,2.387756340419144,1.0163612595869336,0.6730624020977969,0.046471242274642305,0.4274663494443799,1.0146800580448727,-0.709509049969999,-0.5962450189412776,0.8839134569768611,0.77843026520473,1.717490052682561,0.22411901897178985,0.09311505682453199,0.17767154942198057,0.1890486229713212,0.28677986593896093,0.29205785388825667,0.5953280020465953,1
0.2105061928741954,-0.8235350983394863,-0.15484123025532542,-1.6014324776621007,1,0,0,1,0,0,-0.7226826087232228,0.40405277811166124,-0.3361399854376369,-0.2705717429768815,0.9868769386428966,0.5198484125546693,0.33024683354312,-1.5257177404560518,0.703337483289839,0.4202255625671836,0.5389738764414939,0.20254573826973588,-0.9646280615891795,-0.8944921307324508,-0.5568955642017055,0.7446448552444617,0.2964342762807643,0.7355834578776759,0.8939738323359463,-0.6103841330315712,-1.3529822586895717,1.5362097293117274,-0.21318963535776567,-0.2737584703076674,0.01746164077499859,0.6103841330315712,-0.893973832335947,-0.7038726716844818,-0.25947596364157,1.0187715591985484,1.2997597902567817,1.3832900426299712,0.4790951633358572,0.02452383803125581,-0.3747723420151606,1.2559800380379649,-1.2477571662660425,1.5657368413548085,0.2606118846128881,0.10608132819102022,-0.008482709938082702,0.6014499566897238,0.9453015509175579,0.6817421706862145,0.47161139053935697,1
0.4161082917320974,-0.35971531085317227,-1.6032360836506476,1.478524768348486,0,1,0,1,0,0,-0.5207796166571032,-0.14543833593620858,0.46983044385719386,-0.5789920082824084,0.9270840346296927,0.3356050221723344,-1.9422785133600642,-1.1994386687269083,0.3814880869369971,-0.7062348512825048,-0.48217855096656126,0.3173508374474286,0.9824635038142692,-0.4449084333585203,-1.0700197156452602,-0.29311087762833404,0.06351097162576738,-0.1533155232139893,-0.16027754582615011,0.5917900106131198,2.256238288712842,0.574344953157211,-0.8160551592806358,1.017054113899156,0.47717296344311677,-0.5917900106131198,0.16027754582614942,-0.28608496734615396,-0.8598699510432187,0.7094528396873502,0.4340862571144791,0.4445346296798359,0.5736101447550955,0.4323198869208419,0.5664865349208381,0.6358690696027934,2.2494978524369347,0.6552175733882943,0.3062279666642602,-0.17917664187171697,0.22844089288381547,0.728342674756924,-0.9479482933959068,-0.8213259083916238,0.6571863078002155,0
1.0843151130202777,0.33601437037629844,0.5693561964423357,0.5985369837740325,1,0,0,1,0,0,4.122989200863647,-0.7751725967974181,-0.8094876978806327,0.977575559582258,-3.0311564754001283,-1.3516530164503588,-0.3166087698942328,0.16293815297116343,0.18928076958147164,-0.6956052521933865,-0.9509241894067588,-0.630216192696006,0.6279999226545273,0.012208612170890157,1.580747288144916,-1.2105915001307697,-0.7943915677468583,-1.1771406831562783,-0.7279513648365089,-0.13756642077256032,0.45245090308140024,1.3599202036046714,-1.4752808615934063,0.15201273874139407,0.08699925339971033,0.13756642077256032,0.7279513648365081,-0.17467491285593337,1.0914105080121401,-0.7097742263052108,-1.168055804223513,-1.3647030752786062,-0.05648973137315825,-0.22015379130249568,0.12354118106860354,-1.1624527388592034,0.3620903820258042,1.1863538130354276,-0.15905607025973648,-0.8793552956620708,-0.7700228618656133,1.1724671879921262,-0.12479618717266176,-0.2089648391376897,-0.3944048900113141,0
-1.7941142709903475,-1.5450325455404195,-0.4445202009343899,-1.161438585374874,1,0,0,1,0,0,-0.10435469552073157,-0.45885178617091954,0.15000090842273722,-0.5141832470925041,0.19211085261032956,0.04448257766044113,0.2777963777538554,-0.44197717881451654,0.3323275292677964,0.9966704617265303,0.7342143017830607,-0.49670522500633657,-1.054944738095043,-0.7499949418804405,-1.1609445834661436,0.2850371688003792,-0.2494258250157254,-0.15463844947152344,0.03622492998512883,-0.7133741297612541,-1.135668734586452,-0.5563812496988699,-0.16786799978259526,-1.5937638724157317,-1.1054888991487999,0.7133741297612541,-0.036224929985129536,-0.6481676444393714,-1.009968447893631,0.391036510778763,0.48576825909312477,0.3591932285025509,0.038025250046078915,0.4323198869208419,0.4557501964577793,0.2638024885416898,-0.8869292675109735,-0.08457933183449812,1.6906760569234047,1.3249108366408955,0.47805683157117296,1.4817681882809284,2.673920973986373,2.3796524081630324,0.9355486836915021,0
-0.2263982671988458,-1.5708003115118816,-0.8790386569529866,-0.13478617003801185,1,0,0,0,1,0,-0.29363875058271866,-0.3024357970927428,-0.08027635709007157,-0.4615261286257068,0.2188822648167747,0.12408287738873144,-0.24750789829603326,0.49608783283019225,-1.5982561206510375,0.3822202636888351,-0.2751464360630255,0.3020431294263597,0.3410369665397475,-0.9625566852633317,0.3843013347934282,-0.5004821417093802,-0.593994960575834,-0.8443196992804088,0.13286549185952784,0.28017642692511974,-0.6176095408647346,-0.2959114784145528,1.6819333727227737,-1.1053501524097402,-0.46661001040811917,-0.28017642692511974,-0.13286549185952856,-1.0938078624002545,-0.18442671521636386,-1.4375829780962672,-1.4264658141167375,-1.5353858776331764,-0.9701345517591269,-0.38327221085833024,-0.4855086804782194,-1.720552610450858,-0.5261013687559044,-0.17942508891434333,0.34272083230535716,1.1952481229760152,0.600749411603942,-0.857816301083085,-0.20711139779498602,-0.09762646290970158,-0.20882997275045564,1
0.5960101282327613,0.49062096620506923,-0.15484123025532542,-0.4281154315628296,1,0,0,1,0,0,0.29945128861150755,-0.5536317349431976,-0.16982862701171944,-0.4048184625845405,-0.34756481593456784,-0.11292925101572851,0.829538787543309,-1.2694492241430915,1.1375287185471434,0.5786874387319962,0.8912368399966707,-0.7236326311698359,-0.7538627928860304,0.34618995911688794,0.3773099674951753,0.06411181375024087,0.17965237571028025,-0.17561772248275764,-1.2550770539175564,0.2578215393996755,-0.8075849491743039,2.1203397417905325,-1.4906136757923492,-0.6036291754434853,-1.3301080659681144,-0.2578215393996755,1.2550770539175558,0.0759977097470634,0.04072103005925432,-0.8189455390738695,-0.6641562849317252,-0.5624939042121272,-0.9071245641463012,-0.5463906304141645,0.012804842605544792,-0.6663639641110671,-0.6371253376036178,2.476256109321323,0.8444977348704508,-0.1402778277722523,-0.36386811417093057,1.0772976494417266,1.3568776040291806,1.6837875567381073,0.47161139053935697,1
0.9815140635913272,1.547099371035007,1.0038746524609323,0.3052077222492148,1,0,0,1,0,0,-0.356733435603381,-0.2512662541972798,0.21396681550962854,-0.5228629918947234,0.5108656339537611,0.21083826023866584,-0.6557070301538753,0.05474164491922957,1.317370398310265,-0.9856924536526848,-0.8790995834259994,-0.505019184097311,0.2677928462596247,-0.2787716924142752,0.8099598521428201,0.21673294133634885,-0.5306640803869879,-0.8932629929013431,-0.5505532963957722,-0.14275387761029457,0.6332311967141843,0.7362653736935433,-1.5830937622618673,0.8054094950528365,0.2707750601701745,0.14275387761029457,0.5505532963957714,-0.3974950218363748,0.491016520610491,-0.600602913536552,-0.40574627503850064,-0.5795621844475838,-1.033144539371952,-0.13859458152457876,0.12354118106860354,-0.790386157798101,0.5563823275093027,0.6552175733882943,-0.06782390615699217,-0.8663890242955825,-0.5330992590437151,1.109020828958526,0.28677986593896093,0.23638866577426285,0.038603250264021984,1
0.544609603518286,-0.4370186087675581,-0.15484123025532542,-0.8681093238500562,1,0,0,1,0,0,1.725391170078477,-0.7094662519430168,-0.19541498984647596,-0.39671736743580244,-0.9078486217411785,-0.23903759103470532,-0.012527044891909804,-0.24110665380474142,0.2622636566697749,-0.4994058818524505,-0.23440334657032955,-0.399886460705417,0.11411464984863541,-0.33113420162528995,0.4410611070633277,-0.36020821352764654,-0.17011109536052624,-0.7923409544085598,-0.21768276347888266,-0.3295023237687909,-0.31344623176442066,0.7727717836879646,-0.7204977207996892,0.5059858771868962,-0.46883089465516925,0.32950232376879157,0.21768276347888196,-0.14682239923337803,0.7161642658861095,0.8186241524560076,0.48576825909312477,0.39332978897346543,0.2270552128845555,0.8401159358104279,1.0648000580046022,0.6978801664463103,-0.22078545442469194,0.8828473903799233,0.38833691435672935,-0.06248019957332482,0.1438253204474232,0.09387908442092041,0.5337254978059351,0.4033962301162448,-0.20882997275045564,0
0.4161082917320974,0.28447883843337485,0.27967722576327125,0.3052077222492148,1,0,0,0,1,0,-0.5838743016777656,-0.10764265084296887,0.8536258863785419,-0.6385929225909811,1.240813959276897,0.41073339494959715,0.794243746321146,-2.7316660468519296,-1.9849169533831341,1.7913192012926225,1.4928611853298703,-0.4728897550941254,-1.3607296030360956,0.7247280977348307,1.501274593348847,-1.9695052678574991,0.9143831648077827,-0.8742645130004794,-0.7825353858951971,0.13114384342216406,-0.3802754872501079,5.2532413081010265,0.7342851145534703,-1.513269980763575,-2.794341790410624,-0.13114384342216406,0.7825353858951963,0.7723105503109431,1.5417059985633763,0.30006041680488094,-0.806281790372998,-0.4430159425639276,0.6051151385615076,0.02452383803125581,0.4557501964577793,0.44983577907224165,-0.47058938433204756,4.373171250918228,-0.5331079430809875,-0.10137901367278856,-0.685407289429221,-2.4439752769230942,1.439192814651505,1.6837875567381073,-0.45626319576493324,0
-0.894605088487027,-0.9008383962538722,-0.15484123025532542,-2.334755631474145,1,0,0,1,0,0,6.003210814479385,-0.7966870636966469,0.022069094248954552,-0.4921945602602151,-1.368114191005187,-0.232329700608164,0.7689620850824237,-0.240797765062376,0.8387537385262778,0.6077716383204925,-0.37313372851245036,1.239466111267041,2.20881664394544,-0.2233896463565823,0.26666398068804187,1.150740191388919,-0.6442369237438149,-1.8338254181384326,1.116988546947158,0.5826683043321095,-1.2924688004393181,0.5976406114308658,0.009778456402879034,-1.4598745788163534,-1.305281474005673,-0.5826683043321095,-1.1169885469471588,-0.48105256270404034,-0.18442671521636386,-1.1919475243667854,-0.5091102789957901,-0.71610842633123994,-2.76591919872465,2.2266225020350205,1.6738499195514247,-2.340663578886029,-1.1089772052064004,1.0346006017076752,1.1911799584608802,1.0137203238451828,0.27921023634565156,0.6014499566897238,1.1922471827845313,1.739456744852101,1.0283361423219313,1
-1.5371116474179702,0.33601437037629844,-1.168717627632051,0.5985369837740325,1,0,0,1,0,0,0.16064298156605036,-0.5193248823201031,-0.8094876978806327,0.977575559582258,-1.9750417768957826,-1.1548882306051467,-1.000869215403359,-1.343933496325523,1.0157036769234107,-1.060948678359822,-0.7996939805639314,0.8109136173618858,1.3151453832906381,-1.1481399613470014,-0.47384459861891753,-0.2647456240066014,-1.3017987875001757,-1.0681250604107795,0.866802405063726,0.24630538521990228,0.24452508661906577,1.3699037834650638,-1.6545447727848857,0.14243182413798386,-0.003174887299659955,-0.24630538521990228,-0.8668024050637267,-0.94526112307996,-0.10103866141057925,1.284623922700006,0.92650088707768,0.2890236319790054,1.0846911553924563,2.4984865346280776,2.104491235796654,0.5531876071447698,0.16779843654230542,1.1863538130354276,-0.17730250308028428,-0.9830854665939747,-0.8715615487892844,1.2359135470257274,-0.28942660841731066,-0.2089648391376897,-0.3944048900113141,0
0.5960101282327613,0.05256894469021735,-0.15484123025532542,0.5985369837740325,1,0,0,1,0,0,0.29945128861150755,-0.5536317349431976,-0.4896581624461761,-0.17914509772683793,-0.7568079679649407,-0.2873344021058028,0.8224723453719069,0.33139317755393666,-0.8773474545303477,1.115760046410687,0.4400150490977922,-0.8106364193036677,0.11161098696120601,0.5488092700552597,0.35432534234557167,0.16390781245301508,0.4579553045406779,0.07584251171432889,-1.0504933074560319,-0.06374491962016399,-0.5953040612195902,-0.09989218662973957,1.3640749059628028,-1.0532191991152684,-0.49799566284679797,0.06374491962016399,1.0504933074560312,0.1317027369921738,-0.10937746679115769,-1.1737523055720087,-0.9225662948249498,-0.71610842633123994,-1.1906695084040155,-0.6279498401920818,-0.2086678343205727,-0.9144083514851348,-0.6926373220274746,-0.3311783002420958,-0.7429419205172992,0.002351157259115363,-0.4146374576327655,-1.3019408143182878,-0.20711139779498602,-0.26463402725168356,-0.76555472453303,0
-0.4320003660567478,0.28447883843337485,-0.8790386569529866,0.3052077222492148,1,0,0,0,1,0,-0.1800683175455264,-0.40128605041352367,0.8536258863785419,-0.6385929225909811,0.6118226013311757,0.18490108392270607,0.20173814316189495,-2.4629953539669773,-0.8583409992885658,1.4645519738881523,1.626678223439374,0.37652867177474086,-1.4434236503767677,-0.3918517050441597,0.6455034015593031,-0.7690093568058505,0.5562754801085069,-0.3676383823107089,0.5274811195133241,-0.009609152108407288,-0.6720554055498426,4.027189556744045,0.4006006600109284,-1.4269219879003547,-2.473688683928142,0.009609152108406583,-0.5274811195133248,-0.3139374809687093,0.7161642658861095,0.30006041680488094,-0.1602567656399366,0.06903246449978255,0.16404522527173035,0.6769975162545934,0.4557501964577793,-0.23228628620644656,-0.8869292675109735,2.476256109321323,-1.5366617482111748,-1.1386807229918314,-1.531563013793144,-2.4439752769230942,1.0276167615398821,1.127095675598167,-1.6934293108373202,1
0.18480593051695732,0.7482986259196881,-0.8790386569529866,1.0385308760612593,1,0,0,1,0,0,-0.2684008765744537,-0.32278731983525655,1.0327304262218375,-0.6594243101163075,0.7724117512446539,0.2613710347852771,0.6647814807291793,-0.6607544053827632,-0.44865582087426187,0.6686236673343277,1.4303001910498139,-1.0213195858083484,-3.560406224767305,-0.31483512426485527,-0.01288285003550892,-1.121143599214463,-0.04384451149234292,0.17624750676341122,-0.11207882534413707,-1.2817996886347096,-1.238974378105779,0.8940004014656762,-0.5133136573399231,-0.9467429056365904,-1.6873889121359091,1.2817996886347096,0.11207882534413637,-0.5089050763265954,-0.3345252120667762,-0.982702508226857,-1.3360223106541085,-1.2793616741013212,0.3530751881102058,-0.8726274695258333,-0.9284540343304539,-0.8523972546416179,-1.0950992091004363,1.1484155102034896,0.7213343133317466,0.3200248057380726,-0.093098282374475,-0.0647368131630805,4.114437159877053,3.353863200157928,-0.76555472453303,1
0.33900750466038404,-0.23087648099586283,0.5693561964423357,-0.8681093238500562,1,0,0,1,0,0,-0.785777293743885,0.9797101356856202,-0.31055362260288033,-0.2983469263439834,1.5520462329695328,0.9840344300713286,0.8298898235519311,0.4905130816438755,-0.5853205194886613,0.6779056112448317,0.4938452385815352,-0.24001434733186464,-0.11336286626636469,0.19835613206457336,0.9542733900714508,-1.356333313289253,0.47962514373362924,0.12239816664744034,0.02218903885575044,-0.34935776200978186,-0.9557868914072783,0.2827255352543082,-0.5628314170751391,-0.44021866361718676,-0.5225250098419266,0.34935776200978186,-0.02218903885575115,0.2152602778598393,0.9413120111617277,0.13630344765189217,-0.5995537824584191,-0.3918111018575571,1.140700033270523,0.02452383803125581,0.012804842605544792,-0.046252995675895824,-1.0812212129944723,-0.2553016945782196,-1.4180599348776075,-1.436904964421056,-1.4807936703313085,-0.7626467625326843,-0.4540570296619595,-0.6543183440496418,-1.6315710050837011,0
-0.2263982671988458,0.9802085196628456,-0.8790386569529866,1.0385308760612593,1,0,0,1,0,0,-0.29363875058271866,-0.3024357970927428,-0.3745195296897717,-0.24742575683763,-0.09267221992363296,-0.04137841979928776,-0.8742028454007522,-0.24440266655290108,-0.5296519992643494,-0.3277251910820335,0.11082655939896748,0.26105972674583805,-0.09742746879838075,-0.9684640767787338,0.16782990160382197,-0.4229005978777712,-0.29905112208377155,-0.0858128238020062,0.3041828515459622,0.05436948222367098,0.24792244253335782,0.5035786410794403,0.2990777099523968,0.1462016165542079,-0.22785947538809145,-0.05436948222367098,-0.3041828515459622,-1.1216603760228097,-0.40957446049198204,-1.6195351660440314,-1.5427503185686884,-1.552454157868633,-0.7495995951142377,-0.6279498401920818,-0.8177176958673952,-1.5965304167638241,0.08453045990652028,0.27583454506891375,-0.48749186102961545,-0.2699405414371327,-0.194636969298146,-0.9212626601166852,-0.20711139779498602,-0.2089648391376897,-0.5799798072721716,0
0.9815140635913272,0.18140777454752677,1.0038746524609323,-0.8681093238500562,1,0,0,1,0,0,-0.356733435603381,-0.2512662541972798,-0.2849672597681238,-0.31859966421582847,0.0999991095656377,0.05297923886739346,0.28091340477936994,0.42368955893017213,1.270614837371754,-0.6478928044846817,-0.8698899102424135,-0.7298983678967395,0.8789817796434607,0.3350561407797321,0.2227756430836535,0.3811453168707603,0.4098667255338803,0.36168632032935627,-0.018359091073560794,-0.9772859963810728,-0.055832779515164264,-0.3583554674896791,-1.3539587625953275,1.2816782092827754,1.4840157822843194,0.9772859963810728,0.018359091073560086,0.04814519612450831,-0.10937746679115769,-0.8826288048555859,-0.5737127814690962,-0.3918111018575571,-0.9071245641463012,-0.7910682597479163,-0.8730858650989243,-0.790386157798101,-0.44283339212011924,-0.7864379342253526,-1.582277830262547,-1.8907244622481374,-1.4131012123821949,0.31594134103852145,-1.6887851889968277,-2.1017172350134863,-1.4459960878228426,1
-0.7404035143436003,0.2587110724619126,-0.15484123025532542,-0.13478617003801185,1,0,0,1,0,0,0.45087853266109723,-0.578053562234214,9.054055174918009,-0.8029294241796671,1.323613830690981,0.175957230020651,-1.41692094294843,0.683747843049643,-0.24596629436704057,0.3596475820264064,0.47569338297471864,-0.4181387263268771,-0.2290239177116359,-0.2934810978302313,-0.026080828205607323,-1.1057638508290566,-0.4967484448527056,-1.1375910221677563,0.47177165472146704,-1.0381887348318,1.6770202078802254,-0.9645925737808109,-0.7749418663045735,-0.97842793541676,-1.7290609144299336,1.0381887348318,-0.47177165472146776,-0.28608496734615396,-0.03432821836595151,-0.018355912103706302,-0.5866332819637576,-0.7331767065666972,0.2270552128845555,1.6557080335896,1.5077454118568363,-0.6043528672675491,3.137689603218643,-0.17942508891434333,3.4811072774397616,2.3622125459599386,1.6838287387897632,1.9972698554289314,3.908649133321241,3.353863200157928,1.3994859768436472,1
0.6474106529472365,-0.7462318004251005,-1.168717627632051,1.478524768348486,1,0,0,1,0,0,-0.5586364276695006,-0.1134573716265442,0.5465895323614635,-0.5888290523915902,1.048156237724814,0.3678028962197327,-0.985670475594036,-0.6388693884445934,-0.23172476690980467,-0.4903976830518436,-0.30793444914786766,1.033748793803451,0.853921415284272,-0.617667772056162,-0.9064265147504599,-0.35706453925296255,-0.5858296783808665,-0.45527221565625575,0.6417267449849983,0.7734532878151856,0.7534324301121107,-0.031169898967220038,-0.042039907584987005,0.08159695107353024,-0.044154841762702096,-0.7734532878151856,-0.6417267449849989,-0.5367575899491508,-0.7848207026180125,0.28186519801010423,0.046471242274642305,-0.18699173903207253,0.5106001571422693,1.166352774922097,0.8986955503100138,-0.29429738304996345,0.6951622885689447,-0.02767187758659086,0.014285041535478216,-0.010615114107371936,0.025363519036474696,-0.0647368131630805,-0.28942660841731066,0.06938110143228039,0.22417816752487937,1
0.004904094016293398,0.33601437037629844,0.5693561964423357,0.3052077222492148,1,0,0,1,0,0,0.36254597363216995,-0.559446455726773,0.43145089960505906,-0.5720482124406329,0.0290153031673932,0.011837510917940035,-0.3806104581783196,-1.7102718559136867,1.2830911078759741,-0.3593633933734482,0.3165908792176459,0.2436845737834182,0.011610277446383339,-0.39423755932360166,-0.8028245093936082,1.4723165091275816,-0.8478915124140268,-0.5713443056922186,-0.38662849897585155,0.7158101325491454,0.1353305830661214,1.5431498260745062,-0.2744924262626444,-0.3552779493338322,-0.9693901596893394,-0.7158101325491454,0.3866284989758509,-0.3417899945912644,-0.7097714541928067,0.17269388524144552,0.9250652759116064,0.4957394703862077,-1.0961545269847772,0.2692014673650073,0.5111183656893089,0.139780294854656,-0.16527347000083534,0.8828473903799233,-1.0622544948769042,-1.0219842806934394,-1.0746389226366257,-1.1433249167342867,-0.5363722402842841,-0.26463402725168356,-1.2604211705619852,0
-0.25209852955608386,-0.6689285025107157,-0.15484123025532542,-0.4281154315628296,1,0,0,1,0,0,0.4634974696652297,-0.5821238667827168,-0.4001058925245282,-0.22890896792622875,-0.7032875398182594,-0.2707882723870009,-0.32352683830530443,0.07170196098966274,-0.1707733272290667,-0.6392464231580006,-1.152843202753694,-0.3564759778258832,1.096212331215576,0.008415114570274848,1.2536195969370245,-1.3714582215019355,-0.23100232482022504,-1.4941778756917035,-1.1014209826064827,0.6061852033378367,0.45828022750633673,1.1574354005530392,-1.1447303904203108,0.6345227259289551,0.03997874770093058,-0.6061852033378367,1.101420982606482,-0.23037994010104354,0.7161642658861095,-0.9190192424451392,-1.4006248131274146,-1.39883963574952,-0.6865896075014126,-0.22015379130249568,0.34501385799472056,-1.1004416420156866,0.5841383197212315,1.33810702436318,0.5525548097416701,-0.16621037050522874,0.09305597698558829,1.0772976494417266,-0.5363722402842841,-0.32030321536567735,0.22417816752487937,0
0.3647077670176212,0.0783367106616796,-0.4445202009343899,-1.6014324776621007,1,0,0,1,0,0,-0.48292280564470574,-0.1745119398540853,0.8024531607090287,-0.6339637253631308,0.9993726524709151,0.35572869345195834,1.2655753484773713,-0.5793611694488296,2.556761526177938,2.4974985409599046,3.437804171382685,0.8497709261666361,-4.480294176626084,0.38196036625495555,-1.0071506866251771,1.1156580665164382,0.8002947429119566,1.0346722560510695,1.0008734476041308,0.16633209230480636,-1.3781630321173934,-0.213750061328471,-2.3740498951081355,-2.5804008359599826,-3.4591577171539707,-0.16633209230480636,-1.0008734476041314,0.4659329004628361,-0.8598699510432187,0.391036510778763,0.9379857764062678,1.263812080981773,-0.43454965705011084,-0.38327221085833024,-0.8177176958673952,0.5118468759157585,-1.2477571662660425,-0.02767187758659086,0.5799244589724931,-0.8274902101961188,-1.6669479296913718,0.728342674756924,3.5793882908319428,4.133231833753844,-0.7036964187794109,1
-1.0231064002732158,-0.5400896726534062,-0.15484123025532542,1.478524768348486,1,0,0,1,0,0,0.6780193987354818,-0.6111974707005935,-0.4128990739419065,-0.22312247139141586,-0.8223920164621596,-0.29761983409316617,-0.9115290058630774,0.9889165753294379,-1.188781892692212,-1.2549750417246508,-1.5897870409329933,-0.7077968901372996,1.2612650038373165,-0.3717562169669054,0.6189384421689405,-1.1082063857658617,-0.35977244264851543,-0.5928055515061601,-0.663442976312604,-0.30735587342307225,0.8960488400054424,-0.7372800906057263,0.5114641290611275,1.3386461215498402,1.4880417737597904,0.30735587342307225,0.6634429763126033,-0.5089050763265954,0.26586877533487285,-0.7552622732921518,-1.1551353037288514,-1.2110885531594928,0.06953024385249205,-0.46483142063624716,-0.2086678343205727,-0.9764194483286528,1.1392581639597994,-0.482931511569848,0.8809906005115491,1.0396528665781584,1.5992131663533709,0.5697267771729232,-0.7833178721512579,-0.9883334727336057,1.1520527538291696,1
-0.1749977424843705,0.05256894469021735,0.27967722576327125,-0.8681093238500562,1,0,0,1,0,0,0.5770679027024219,-0.6036383336819455,-0.630383158037337,-0.01480859613815197,-1.2147142960377113,-0.452795699293822,-1.0177073337322764,0.3353074012846254,-0.03893948529430994,-0.4680707971754282,-0.2710679349908103,-0.8474124874121878,0.09417007103233514,0.020346535385755815,-0.287644644917846,-1.3599129117267312,0.04648690998612727,-0.5278417803936881,-1.4375436385994584,0.26996871572628706,1.4354768397196198,-0.7483760219878323,-1.3133497459063213,0.6784290737582984,-0.1629331711864005,-0.26996871572628706,1.4375436385994576,-0.17467491285593337,-0.4846237089171882,-0.7370670544973751,-1.258499307686141,-1.176951992688579,0.1010352376589052,-0.8726274695258333,-0.319404172783631,-0.4803306735805153,1.5833540393506536,-0.5588081172337243,0.6072941082033162,-0.21807545597118072,0.05920974801103089,1.0455744699249259,0.03983423407198747,0.18071947766026855,0.8427612250610729,0
-0.6376024649146498,-0.9523739281967958,-0.15484123025532542,3.2385003374973924,1,0,0,1,0,0,-0.6469689866984278,0.09703552073888318,1.6084235900038595,-0.6964578879391099,1.6703611731163794,0.6128644931360422,-3.7773245393676964,-0.12129151696117353,-2.057315094293643,-0.40418612249887714,-0.5926837601693522,0.5988063909553794,0.7671258118981366,-1.1333228882646724,-0.7138179408227594,0.6805502751130699,-0.6461640266727355,-0.13780472641685085,0.6912331826893887,0.13114384342216406,4.120058845847497,-0.5486107295704064,3.496306048833351,-0.09469581229637845,0.6359784216467612,-0.13114384342216406,-0.6912331826893894,-1.1216603760228097,-0.7848207026180125,-0.5005292101652823,-0.09565426316663046,-0.34060626115118536,-0.5920746260821743,0.5954383064766764,0.2896456887631914,-0.6663639641110671,2.582569758980075,-0.9381911455531051,-1.6278939123139191,0.028283699992091807,-0.008482709938082702,-3.0784388672590977,-1.0302635040182315,-1.0996718489615938,-1.6934293108373202,1
-0.7404035143436003,-0.7204640344536393,-0.15484123025532542,-0.13478617003801185,1,0,0,1,0,0,0.45087853266109723,-0.578053562234214,0.6361418022831113,-0.600402045461216,0.07901638790101774,0.019439786734686864,-0.22080746846609486,-0.5535494120717973,-1.2704033044319956,-0.21053320660846586,-0.6687999217533448,0.014110798373847756,0.5907026300078537,-0.4472627083093463,-0.21850989003371127,-0.9098427272496344,-0.2113473248299722,-0.9421746694075381,0.2905222516232541,-0.26889098598050765,-0.13986146825509785,0.5408655290758909,0.8223796799333993,0.07484839017891826,-0.0503775318560517,0.26889098598050765,-0.29052225162325485,-0.5089050763265954,-0.3345252120667762,-0.4277483349861756,-0.806281790372998,-0.8355863879794388,-0.24551969421163483,0.9216751455883455,0.8433273810784847,-0.9144083514851348,-0.3595654154843339,0.12408133374116129,-0.9527758979536108,-0.4385020692014777,-0.38079122865820925,-1.4288335323854886,0.4514102871836102,0.3477270420022505,-0.5799798072721716,1
-1.0231064002732158,-0.41125084279609675,-0.15484123025532542,-1.161438585374874,1,0,0,1,0,0,0.6780193987354818,-0.6111974707005935,0.17558727125749374,-0.5153405463994666,-0.27003093402659095,-0.07178752306627507,-0.3537400556402321,-0.6309678980860056,0.8209776062761502,0.0882607872836757,0.8579371513431333,-0.05817012473291731,-0.7724435755298157,-0.40056525980386176,0.17037562788326305,-1.196873058901244,-0.33878851233613244,-0.3837916792312523,-1.321428539256431,1.231239624279511,0.09164407047593272,1.0367018056244401,-2.3250458888900853,-0.45517151899405967,-1.49005819082606,-1.231239624279511,1.3214285392564302,-0.6203151308168162,-0.25947596364157,-1.1919475243667854,-1.5298298180740268,-1.552454157868633,-0.05648973137315825,-1.1988643086375024,-0.8177176958673952,-1.2244638357027204,0.029018475482663446,0.8828473903799233,-0.17730250308028428,-1.3202085221226638,-1.3792549834076382,0.7600658542737248,-0.28942660841731066,0.3477270420022505,-0.7036964187794109,1
0.5189093411610479,0.3617821363477598,0.5693561964423357,-0.4281154315628296,1,0,0,1,0,0,0.4256406586528323,-0.57572767392078394,-0.5024513438635544,-0.1710440025780999,-0.8492642029764863,-0.310588422251146,-0.5550634273352683,0.9274703581928592,-2.1311058314370506,-0.5711649121552342,-1.7838496509020418,-0.1974299610151889,2.080153118086855,-0.16433110854082258,0.02594309867609527,-1.4989920636854204,-0.12724816986556847,-1.4092659900800255,0.12645565867397954,-0.39468810214486993,0.6076315000520605,-1.246992946651367,1.4069506022820895,0.6454298408169414,0.9432179639857093,0.39468810214486993,-0.12645565867398026,-0.14682239923337803,0.04072103005925432,0.06352257247278678,-0.7287587874050313,-0.7331767065666972,0.1325402314653172,1.4925896140337656,1.5631135810883663,-0.23228628620644656,0.5563823275093027,-1.1658209625447336,0.0051618251252043045,0.7284623537824456,0.9730579303240674,-0.8895394805998851,-0.7010026615289333,-0.9326642846196119,0.22417816752487937,0
0.3647077670176212,-1.0296772261111817,-0.4445202009343899,-0.13478617003801185,1,0,0,1,0,0,-0.48292280564470574,-0.1745119398540853,0.6745213465352461,-0.6056098923425476,0.9466823663887984,0.3338162513919234,0.294788529885377,-1.393171936240953,2.0896710844605417,0.0529609802276791,0.6843154320582215,0.6543758207505387,-0.3637484999567506,0.4883121527629608,-1.3365894874157112,1.7123735941415124,0.5399815421130043,0.9639781684192933,-0.018359091073560794,0.9106988955914741,0.07800512268007327,0.5732061972360781,-1.1358800554209352,0.4638895862797105,0.05149348165086198,-0.9106988955914734,0.018359091073560086,0.4659329004628361,-1.2351161931692491,0.05442496307539909,0.9379857764062678,1.1443341193335734,-1.0646495331783645,-0.7910682597479163,-0.8730858650989243,0.38782468222872474,-0.24854144663662048,0.04820472807728505,-1.208225957441296,-1.5147025926199844,-1.277716296483967,-0.2233527107470814,-1.1948939252628807,-0.9883334727336057,-1.0748462533011267,0
-0.6376024649146498,-1.0296772261111817,-0.15484123025532542,-0.13478617003801185,1,0,0,1,0,0,-0.6469689866984278,0.09703552073888318,0.6745213465352461,-0.6056098923425476,1.357548890776926,0.5426552400049097,-0.743486518472996,-1.1400930842099393,1.0341922955768732,-0.8908736341604693,-0.6550802322753987,0.021207905671312224,0.44857731579696647,-1.022693266113059,-0.9232631065301049,0.47705083086980477,-0.421607915884173,-0.14041224486000878,-0.4291756706205317,0.45457625868389784,0.01197304093229395,0.6399088253164636,-0.9343854352831625,0.7854536130275704,0.7145511570645884,-0.45457625868389784,0.42917567062053097,-1.0938078624002545,-1.0850176963188372,-1.06458099280335,-0.6899972859210471,-0.801449827508525,-0.9701345517591269,-0.7910682597479163,-0.7069813574043363,-0.9764194483286528,-0.3318094232724056,0.04820472807728505,-1.3359509871851372,-1.5276688639864726,-1.1931007240475748,-0.12818317219668063,-1.277209135885205,-1.266679413303576,-1.0748462533011267,1
-1.1773079744166424,0.8513696898055362,1.0038746524609323,-1.6014324776621007,1,0,0,1,0,0,-0.6974447347149578,0.2993878040073051,0.34189862968341117,-0.5529527738757504,1.4009675143262301,0.6575837626463177,1.0507176529849507,0.04809658918282847,-0.1442347501543249,0.8087292212322726,0.807773737759047,0.9703277215858749,-0.6012971811071594,0.8486236102283465,-1.530069378854985,-0.2456781304482871,0.8365164313348157,0.8297141931524405,0.3506288912831737,0.9756618166055823,-0.6131137614660276,-1.5988039930833127,-0.049709092638254564,-0.26306562911836706,-0.24009100173558864,-0.9756618166055823,-0.3506288912831744,0.6887530094432773,-1.4602639384448675,-0.2730889752305771,-0.354064273059855,-0.01630893667750248,0.19555021907814235,-0.8726274695258333,-1.0945585420250417,-0.23228628620644656,-0.7481493064513315,-1.6210805965279906,-0.9801455471844351,-0.8534227529290943,-0.8884846632765624,-0.6992004034990842,-0.8656330827735822,-0.5429799678216537,-0.7036964187794109,1
0.8273124894479005,-0.9008383962538722,-0.4445202009343899,-1.6014324776621007,1,0,0,1,0,0,-0.06649788450833415,-0.4652479790328524,-0.2721740783507456,-0.3706781330291445,-0.19708716293602663,-0.07134033037117232,-0.05037614406311633,0.05332706331491601,-0.18746241637784006,-0.30013889610356576,-0.4068552537177167,0.4138498843644405,0.8172217332814036,-0.9141211016425951,0.05630711110152932,-0.2496895001472785,-0.6121714761225081,-0.5556879222050684,0.20465562353765385,0.3614669270176405,-0.843329779389807,-0.016785840136851395,0.005353535532214068,-0.2015504713445873,-0.013589344193554558,-0.3614669270176405,-0.20465562353765385,-0.9266927806649233,-0.10937746679115769,-0.4732363819731166,-0.5220307794904515,-0.71610842633123994,-0.2140147004052217,0.10608304780917345,0.012804842605544792,-0.790386157798101,-0.8314172830871166,-0.1035484832504671,-0.2594114507727547,-0.21807545597118072,-0.2792525417345383,-0.0647368131630805,-0.8656330827735822,-0.8213259083916238,-0.45626319576493324,1
-0.5091011531284612,1.7274737328352407,0.5693561964423357,-0.4281154315628296,1,0,0,0,1,0,-0.571255364673633,-0.11055001123475654,-0.2210013526812325,-0.39671736743580244,0.5597558314287138,0.22157088492113197,2.0630880448493873,1.3551326428681492,-1.402578454141201,1.3828712102223149,0.07741039233215499,2.0207600552137626,1.0230252357224958,1.6550823016211365,0.37075949723374907,-1.3493571999322602,0.7344040922242883,0.07423316973796734,2.0536503483142514,0.7192902890320441,-1.2150354129545478,-1.4885433551578167,0.5613978790477305,-1.1399472632048315,-0.028163059345454683,-0.7192902890320441,-2.053650348314252,1.357213336384602,0.19081952690966666,-0.4004555067940112,-1.0000892977929163,-0.6990401460957827,0.4790951633358572,1.247911984700014,0.2896456887631914,-1.0384305451721696,-1.192245181842186,-1.4693273852002382,-0.5422311594912614,-0.1921429132382052,-0.6177148314801074,-0.0647368131630805,-0.9479482933959068,-0.7656567202776299,-0.76555472453303,0
-1.6656129592041589,-1.1069805240255675,-0.8790386569529866,-1.6014324776621007,1,0,0,1,0,0,-0.2684008765744537,-0.3547682841449209,1.7107690413428855,-0.7028230341274041,0.9739055404654015,0.2703148886873322,-0.39154983565432994,0.8503361750628492,2.101017506278491,0.08406298602473566,1.3731864291642342,0.36989918812896666,-1.1066722112695,-0.8024514073793979,1.740797111808108,0.28098535954322706,0.19888543152765276,0.13156182596627358,0.05712944868845589,0.44783808336594555,-0.257340413399809,0.576779245559725,-2.5897981273696273,0.0836477185743007,-1.656765094419421,-0.4478380833659462,-0.057129448688456604,-0.4253475354589299,2.81754322179188,2.2287536090511795,2.0749898199364556,2.083089532283709,1.2037100208833493,1.247911984700014,1.3416409041622488,2.744246362282375,-0.12363948168294266,0.7690324818841089,0.5844860671776301,-0.944186652494511,-0.8546384343020056,1.1248824187169264,1.2334047880956935,1.6837875567381073,0.3169656261553086,1
-0.9717058755587404,-1.880013503169424,-0.15484123025532542,-0.4281154315628296,1,0,0,1,0,0,-0.2810198135785862,-0.33092792893226203,1.390939505908429,-0.6877781431368907,0.9012659350619028,0.2770227791138735,-0.18653495046723165,-0.640708713463239,0.16321432443300288,-0.029294322992287573,-0.3243638950202353,0.038833483151820045,0.10002987214210271,-1.101403521873387,0.15353145128295037,-0.5507886640449713,-0.9488871450254318,-1.1615565828677952,-0.47521987007162214,0.5242815205937562,-0.8411280322251977,1.0331972540775716,-0.7766089387210794,-0.9013255096024896,-0.712344974965036,-0.5242815205937562,0.4752198700716215,-1.0938078624002545,-0.03432821836595151,-0.5005292101652823,-0.6899972859210471,-0.9892009100985523,-0.30852968182446,-0.05703537174666111,0.17890935030013266,-0.8523972546416179,-0.7084978890057194,1.2297118734147854,0.5877443587527287,0.06533018961062892,-0.2985932440057136,1.0908932978060688,0.3808543923644751,0.7294586176410672,0.33905787821017314,1
0.4932090788038099,0.05256894469021735,-0.4445202009343899,0.5985369837740325,1,0,0,1,0,0,-0.1800683175455264,-0.40942665951052915,-0.5024513438635544,-0.14731936678536706,-0.418799346829256,-0.20102621195097117,-0.16230318509278627,1.8851393663245648,-2.0741435787072593,0.03983604458123945,-1.158046980005576,-0.9470930233461139,0.9693302916098181,-0.8604387581327669,2.4435255258656934,-1.2105000188127117,-0.764645169710079,-1.6701363772822522,-0.7858772647355261,-0.5122984218604396,-0.6340537391165143,-0.1395427110255483,1.61898797758403,-0.8120249873877275,-0.12504531627136878,0.5122984218604396,0.7858772647355247,-0.7038726716844818,2.7424939733666744,0.764038496071679,-0.04397226118798574,-0.34060626115118536,0.5421051509486824,0.9216751455883455,1.5631135810883663,0.38782468222872474,-0.7481493064513315,-0.4070549059059717,-0.8797901666714156,-0.010615114107371936,-0.33002188519637315,-1.4288335323854886,-0.12479618717266176,-0.3759724034796717,-0.8274130302866491,0
0.18480593051695732,-0.3854830768246345,-0.8790386569529866,-1.6014324776621007,1,0,0,0,1,0,-0.38197130961164594,-0.22975178729805104,-0.041896812837936774,-0.46441937689311324,0.36744909743890647,0.18221792775208956,0.5348341896288722,-0.8042493516937865,-0.31332917342748223,0.8728666530136413,0.927619145845996,-1.1045253463226623,-1.7207143939997893,-0.13480183963294254,-0.8681630345111361,-1.2053635227359283,0.8443609742610779,1.231400342678868,-0.40749033797582196,-1.1022968805694087,-0.8783923698262807,0.23415080523411835,-0.7829426188698073,-0.3419326471693537,-0.003727558645717849,1.1022968805694087,0.40749033797582124,-0.5089050763265954,-1.1600669447440433,-1.6104375566466425,-1.8528423304405577,-1.5183175973977192,0.19555021907814235,-2.0144564064166746,-2.146553757424099,-1.4104971262332722,-0.8036612908751883,0.27583454506891375,0.16937972051014377,-0.2699405414371327,-0.38079122865820925,1.0772976494417266,0.8629863402952329,0.3477270420022505,-0.2706882785040748,1
0.46750881644657266,-0.6946962684821769,1.0038746524609323,-0.4281154315628296,0,1,0,1,0,0,-0.4576849316364408,-0.19195610220481132,-0.11865590134220637,-0.4551609824374126,0.42266636227659665,0.20413036981212454,1.4711998256237488,0.2281477864679639,0.6925050832461952,0.812285098451605,0.5123700396937282,0.4823132336798803,0.10364691505466699,1.485810178129131,-0.12485016454323364,0.7161599582104402,1.3308557380421573,1.299597239969182,1.179804912165518,-0.5122984218604396,-0.5611351472851194,-0.4382121509583037,-0.227005956056749,0.22230900464508027,0.6026976133328386,0.5122984218604396,-1.179804912165519,1.6078859589875987,0.04072103005925432,0.5184030423421971,0.8346217724489774,1.4003583228654286,-0.11949971898598452,0.02452383803125581,-0.4855086804782194,0.44983577907224165,-0.3318094232724056,-0.1035484832504671,1.127317443588959,0.8192262533478623,0.8715192434003977,1.5214221626769286,-0.12479618717266176,-0.3759724034796717,1.0901944480755505,1
-1.0488066626304537,-0.4885541407104817,-1.6032360836506476,-0.13478617003801185,1,0,0,1,0,0,0.4130217216486998,-0.5722388414506387,0.27793272259651985,-0.5419584304596059,-0.08139561916307979,-0.02125474851966381,-0.34989515580484565,0.33623618142236333,-0.7719230638522219,-0.6891130713279103,-1.28074140606077,-0.6506942064304762,1.0422948759136494,-1.1407020966239483,0.8607009959755886,-1.8041466375287745,-2.1591692428907896,-2.870466800792213,-2.131709993367561,1.2267347275520042,-0.6532383629247072,0.4007366522101654,-0.7577486916162769,-1.2100479593136608,-1.1374255865191367,-1.2267347275520042,2.1317099933675605,-1.1495128896453646,0.491016520610491,-0.7006766169078218,-1.4393863146113988,-2.0303660044614293,-0.2770246880180474,-0.13859458152457876,1.2309045656991897,-0.9144083514851348,-0.6926373220274746,0.19995793940503753,-0.4509989953885172,-0.7496925819971905,-1.1254082660984612,0.062155904904119784,-0.37174181903963527,0.23638866577426285,-0.5181215015185524,1
-1.3829100732745436,-1.8027102052550381,-1.6032360836506476,-0.4281154315628296,1,0,0,1,0,0,-0.05387894750420167,-0.46757386734628253,-0.09306953850744984,-0.4597901796652629,-0.03288476772941667,-0.004261426105759132,0.005375902059785305,1.9700570790685397,-0.5399290495680308,1.19606473143471,1.202883499104348,3.5026512740443065,0.6202721420894843,-0.8120699103910913,1.6643981343057987,-0.6466362252276803,1.080795498058583,1.2002469213360476,4.948786825267084,-0.13094794135889876,-0.8188860088129886,-1.0366076538719062,0.08829405349574006,-0.544107973579611,-0.3919999516386789,0.13094794135889876,-4.948786825267085,-1.038102835155144,0.5660657690356972,-1.82878018218396,-1.8011603284619129,-1.39883963574952,-0.5605696322757617,2.2266225020350205,0.012804842605544792,-2.340663578886029,-0.6926373220274746,-0.8623145398892288,0.5434315933313949,0.5080357405521495,0.24536400737109418,0.31594134103852145,0.9453015509175579,0.9600881112561845,0.22417816752487937,0
0.8273124894479005,-1.1842838219399534,-0.4445202009343899,1.0385308760612593,1,0,0,1,0,0,-0.06649788450833415,-0.4652479790328524,-0.7199354279589849,0.3005554650091503,-1.138914654274935,-0.5900838566903678,-1.073519836079893,1.0202723980355766,0.0998972307877919,-0.641728871793962,-0.5651341516052852,-0.057647297079341506,0.813662483322084,-0.812585411859692,-0.016537056973071645,-0.2138937704327656,-0.3000597818938163,-0.2570001758291941,0.25295560183580257,-0.3295023237687909,0.680829695311047,-1.4169223461261053,-0.35150547251229824,0.5694001615663072,0.4837914244054278,0.32950232376879157,-0.2529556018358033,-0.8431352397972577,-0.18442671521636386,-0.50962681956267,-0.5349512799851129,-0.6136987449184976,-0.2140147004052217,0.02452383803125581,-0.09793149585751397,-0.728375060954584,0.6396503041450882,-1.317574173872486,0.05077790717657645,-0.1402778277722523,0.09305597698558829,0.41111087958892223,-0.6186874509066087,-0.8213259083916238,-0.08511336124321738,1
-1.6656129592041589,1.7274737328352407,-0.8790386569529866,-0.4281154315628296,1,0,0,0,1,0,-0.2684008765744537,-0.3547682841449209,-0.2210013526812325,-0.39671736743580244,0.05805644438679743,0.03374995297797501,0.37732215808383834,2.085072699437597,-0.3195747315159795,1.0443870447646875,0.3733544252821666,0.7006836789131732,0.11475106901426253,-0.7606876793188528,1.598077849275293,0.43492771516347356,0.12287207486975402,0.14610444280446797,-0.2094031647789681,1.163332477313009,-1.284745812121192,-1.26090840801288,0.8739297732695637,-1.2890616731144393,-0.3427364867838298,-1.163332477313009,0.2094031647789674,-0.4346317066664483,2.4422969796658496,1.8405889414292815,1.8381139775343325,1.8156864752615496,0.8571550890128092,0.7313703227732054,0.9356076631310333,2.516872340522812,-1.2755131584779709,-1.317574173872486,-0.8068044353892204,-0.2829068128036209,-0.7530997473783346,-0.667477223982284,-1.1948939252628807,-0.8769950965056176,-1.136704559054746,1
-0.9717058755587404,-0.5916252045963298,-0.15484123025532542,-0.13478617003801185,1,0,0,1,0,0,-0.2810198135785862,-0.33092792893226203,4.9986166656091,-0.7792047883869342,1.5308324587562734,0.3476792249401088,0.33742805058424713,-1.681291247021909,-0.9454933181381118,0.23769975896203205,0.13914803418871363,-1.00291989368827,-1.3213400381275602,-1.1727575517881879,-0.2154006057990132,-0.41774394262517395,-0.9990836967679899,-0.9912128961763577,0.04968400367083265,-1.417139107414103,-1.641007445812912,2.0918414021197513,0.8727286648423992,-1.311791330749394,-1.1486257285348127,1.417139107414103,-0.04968400367083336,-1.1495128896453646,-0.3345252120667762,-0.43684594438356456,-0.5737127814690962,-0.9038595089212672,-0.18250970659880966,0.18764225758709038,0.17890935030013266,-0.9764194483286528,-1.5808290728091832,1.33810702436318,-1.0348848456460813,-0.4903671546674297,-0.939254006738398,-1.4922798914190887,1.8507688677631275,1.127095675598167,-1.6934293108373202,1
-0.3034990542705592,0.18140777454752677,1.0038746524609323,-0.8681093238500562,1,0,0,1,0,0,-0.4703038686405733,-0.1541604171115716,-0.4001058925245282,-0.2260157196588223,0.13103475685073834,0.05610958773311275,0.011539557208753616,0.6476188277168378,1.6922560779757985,-0.5629076968188627,-0.9039914588359097,0.3922687811994786,0.9617246581198606,-0.44983600624004333,-0.5690972838253464,1.2847154177690814,-0.024334342774638563,0.27649547275517933,-0.2094031647789695,0.7426913412446393,-0.465516872381806,-1.4589863311171387,-1.0223556521317552,0.7363224648834875,1.4451771840089838,-0.7426913412446393,0.2094031647789688,-0.6203151308168162,-0.7848207026180125,-0.9918001176242447,-0.26362076959722697,-0.2552648599739003,-1.4742144526617298,-0.9541866793037505,-0.983822203561983,-0.8523972546416179,-0.7759052986632599,-1.6210805965279906,-1.755618942057761,-1.8907244622481374,-1.5654092427677009,0.15732544345452057,-2.182676452730775,-2.2687247993554687,-1.4459960878228426,0
0.8273124894479005,0.4648532002336079,-0.4445202009343899,0.3052077222492148,1,0,0,0,1,0,-0.06649788450833415,-0.4652479790328524,-0.23379453409861076,-0.3926668198614334,-0.1554979351656519,-0.05434700795726765,-1.0418282029231933,0.2958505869705951,-0.8465137923796487,-0.4403080949729901,-1.3629491058672423,0.23176797230835947,1.5338362072902338,-0.5683416364634872,-0.06664185594388441,-0.33784981739897074,-0.3594137567572555,-0.297926895494976,0.03622492998512883,0.28017642692511974,0.8808072104860337,-0.4728245636211428,0.8177062281891092,0.23843930120685558,1.4810329626891368,-0.28017642692511974,-0.036224929985129536,-0.6481676444393714,-0.25947596364157,-0.6097005229339397,-0.6770767854263857,-0.767313267037611,-0.18250970659880966,-0.22015379130249568,-0.26403600355210183,-0.728375060954584,0.5563823275093027,-0.6346847228976005,-0.7064490548762022,-0.21807545597118072,-0.11002139686175369,-0.033013633646279864,-1.853415610241477,-1.9903788587854983,-0.2706882785040748,0
-0.9717058755587404,-1.6738713753977288,-0.15484123025532542,-0.8681093238500562,1,0,0,1,0,0,-0.2810198135785862,-0.33092792893226203,-0.2849672597681238,-0.35042539515729937,0.0034933913019904545,0.01630943786896758,-0.0974712618290184,-1.4436164964944629,-0.5265480324175318,-0.9369737954211154,-0.7891981372353548,0.1760920124792864,0.7348180432053851,-0.9114788708803655,-0.5055099289236885,-0.29393222147942677,-1.0589081789847743,-0.8633004779699662,-0.08286747959746427,0.32235545999199317,-0.7752027858688773,1.475000196776449,0.42443526390682296,0.2157959251072599,0.18315134121242352,-0.32235545999199317,0.08286747959746356,-0.9823978079100336,-0.7097714541928067,-0.9008240236503626,-0.8967252938356269,-1.2110885531594928,-0.4660546508565234,-0.22015379130249568,-0.2086678343205727,-1.2864749325462383,-0.5498922192232715,1.9884779300535471,1.2003031748711541,1.2693411022130894,1.2970146933662556,0.41111087958892223,0.1456680763006908,0.33182155968396654,1.841331017940928,1
-0.9717058755587404,0.4648532002336079,-0.15484123025532542,0.3052077222492148,1,0,0,0,1,0,-0.2810198135785862,-0.33092792893226203,-0.23379453409861076,-0.3926668198614334,0.05955083131110808,0.04895450461146867,-1.3479774583275237,0.14485674454037867,-0.8247473576351494,-1.0007850560027656,-1.999328467326468,-1.0682765028994063,1.5539683730204272,-0.9653125276670647,-0.4554986653477984,-0.32580453486161615,-0.9455193832893791,-0.9153074247428362,-0.7497849732599842,-0.7133741297612541,0.9098665654996675,-0.6551289915649848,0.8000551300209201,0.41443521022743274,1.7056053764385433,0.7133741297612541,0.7497849732599834,-1.0102503215325889,-0.6347222057676005,-0.7734574920869285,-0.806281790372998,-1.091610591511294,-0.4660546508565234,-0.5463906304141645,-0.26403600355210183,-0.9764194483286528,0.5841383197212315,-0.7864379342253526,-0.6973258384659271,-0.21807545597118072,-0.0423289389126401,0.062155904904119784,-1.5241547677521787,-1.8790404825575102,-0.2706882785040748,0
0.46750881644657266,0.4648532002336079,1.0038746524609323,0.3052077222492148,0,1,0,0,1,0,-0.4576849316364408,-0.19195610220481132,-0.23379453409861076,-0.3926668198614334,0.3116658824524801,0.15583355874102703,0.5881850501115857,0.8298607043595326,-0.4077454584836554,0.4933438279955503,-0.6067986407175974,-0.8402454530082698,0.8751407009791167,1.5571788877379342,0.6825691695044945,0.36542785254342847,1.1788312097454008,0.8976835883992507,0.08301123374971872,-1.2283241134096814,0.7380291667567503,-0.45522705025786675,0.9246214513792691,0.5024331647377213,1.6652812556203385,1.2283241134096814,-0.08301123374971872,1.217950768271826,0.41596727218528484,-0.5187244289600577,-0.26362076959722697,0.20557870638343811,-0.7180946013078251,-0.30171300108041293,-0.3747723420151606,-0.10826409251941274,0.41760236644966076,-0.6346847228976005,-0.7611883533378483,-0.21807545597118072,-0.008482709938082702,-0.1916295312302808,-1.1125787146405561,-1.6006945419875402,-0.3944048900113141,1
-0.7404035143436003,-1.0296772261111817,-1.6032360836506476,-0.13478617003801185,1,0,0,1,0,0,-0.7605394197356201,0.8052685121783598,0.23955317834438508,-0.5390651821921995,1.7414207698730537,1.0359087827032483,0.09101985593643816,-1.2774652202453545,-0.47172071377889474,0.08649875820447354,-0.10383022393428337,-1.028326414425981,-0.4821675532990227,0.0745297495691157,-1.0968454055144918,-1.3370144379344207,0.4352532196294105,0.10768704859020659,-1.0618771407249543,-0.34935776200978186,-0.052096077736370774,0.6545654565987001,-0.6987125504700387,0.31473540006418144,0.2401198196650034,0.34935776200978186,1.0618771407249536,-0.23037994010104354,-1.2351161931692491,-1.1282642585850677,-1.5427503185686884,-1.3305665148076924,0.06953024385249205,-1.2804235184154193,-1.0391903727935126,-0.9764194483286528,-0.38732140769626244,0.04820472807728505,-1.3633206364159602,-1.4498712357875443,-1.2607931819966884,-0.44541496736468245,-0.4540570296619595,-0.6543183440496418,-1.3222794763156045,0
-0.2006980048416086,-0.514321906681944,-0.8790386569529866,-0.4281154315628296,1,0,0,1,0,0,-0.33149556159511606,-0.2530106704323524,-0.31055362260288033,-0.30124017461138985,0.03630706316156396,0.03822187992900256,-0.8920479352900256,-1.2298609212907436,1.5543170441476706,-0.6737113097421252,0.5601447938228787,0.06993871428420548,-0.6142441188775951,-0.9987412337308833,0.39796627996728584,-0.5232652094965311,-0.34312179686114674,-0.24902195868722277,0.3242026962602782,-0.2261522221554376,0.24248389594031589,2.0866965941058626,-2.6506345413186585,0.5699068149890536,-0.9713371400681213,0.2261522221554376,-0.3242026962602789,-1.1495128896453646,-0.25947596364157,-1.6650232130309723,-1.6202733215366558,-1.6377955590459181,-0.8126095827270634,-0.46483142063624716,-0.6516131881728072,-1.720552610450858,0.0012624832707351544,1.4898602356909325,-0.7703115697481222,-1.87775819088165,-1.5992554717422576,0.4428340591057229,0.5337254978059351,0.45906541823023866,-0.9511296417938885,1
-0.6119022025574117,-0.35971531085317227,-0.15484123025532542,-0.13478617003801185,1,0,0,1,0,0,-0.6595879237025604,0.18600074872758593,0.3035190854312764,-0.5448516787270123,1.2208646399555152,0.5641204893698419,-1.039938447558319,-0.271363291990151,0.239280238257024,0.310206793544441,0.7332998156308281,0.3893703467274054,-0.4636160108690761,-1.1219231145534994,-0.8186433102115357,0.3738627505153216,-0.3148143637663435,-0.004767416204165936,-1.0618771407249543,1.584211532575986,0.32504736939348344,-0.4476442625290465,0.04859190744890411,-0.7312338993552979,-0.9579801284071857,-1.5842115325759867,1.0618771407249536,-1.17736540326792,-1.009968447893631,-1.1009714303929035,-0.7675202888890147,-0.8355863879794388,-0.8756195703398886,-1.2804235184154193,-1.0391903727935126,-0.9144083514851348,0.3065783976019474,-0.4070549059059717,0.05077790717657645,0.06718251409155555,-0.2284831982727022,-0.4136917878478824,-0.7833178721512579,-0.09762646290970158,-0.08511336124321738,1
-0.8175043014153137,-0.2051087150244015,-1.6032360836506476,-0.13478617003801185,1,0,0,1,0,0,-0.3188766245909836,-0.2541736145890675,-0.4512786181940413,-0.2115494783217901,-0.17444486185710553,-0.031987373202129916,-1.028992231605148,0.3373541338469977,0.8181105550884752,-0.45344259059312786,0.1234585592224152,0.5494873118765096,0.5441639503784467,-1.445377190937345,1.7810689614874626,0.12947303854004916,-0.424338956720946,-0.029225617054843844,0.7431545685744835,0.012383503443245562,-0.013365112329451584,1.3212066509713112,-0.9882766182712633,0.19180444052168202,-0.18903530024045775,-0.012383503443245562,-0.7431545685744843,-1.3444804850032512,1.7668537438389946,0.21818193222838655,0.2531992501892221,0.06903246449978255,0.3215701943037938,1.0032343553662626,0.6772228733838963,0.44983577907224165,-0.08200549336504998,1.1104772073715516,-0.24116501795220557,-0.6978274965312384,-0.5838686025055501,0.37938770007212164,-0.28942660841731066,-0.32030321536567735,-0.08511336124321738,0
-1.074506924987691,0.0010334127472937634,0.5693561964423357,-0.8681093238500562,1,0,0,1,0,0,0.009215737516460692,-0.491995694637299,-0.3233468040202586,-0.25494820233288673,-0.31873055000204886,-0.18134973336644997,0.28506075902568745,0.8305962692235042,-0.9865102419283338,0.4536757560681574,-0.21036765587204503,0.19460494327868322,0.06726423881175528,-0.3497041215587434,-0.38639582540115075,-0.2554091818631841,-0.09193964108774547,-0.1141588388734572,-0.2548898489945435,0.5182145811312309,-0.7458041623970089,-1.5271023016492544,1.091930952799867,-0.7040524520180919,0.16203436864772142,-0.5182145811312309,0.25488984899454276,-0.09111737198826762,-0.03432821836595151,1.1825285283515359,0.8475422729436388,0.76883195415352,1.0461850518512859,0.4323198869208419,0.6218547041523672,1.3800022317249987,-0.6648813298155464,-1.3934507795363622,0.2514886682026129,0.7932937106148858,0.43151826673115745,-0.09645999267988113,-0.12479618717266176,0.1250502895462747,0.5334696962929761,1
-0.12359721776989524,-0.30817977891024867,-0.8790386569529866,0.5985369837740325,1,0,0,1,0,0,0.6149247137148194,-0.6053827499170181,-0.6175899766199587,-0.05242082361443573,-1.1965234886336034,-0.42506975219745124,-0.22961671940164455,0.1485883744725323,0.5212694447480796,-1.3650811948603345,-1.7180309469093369,-1.3122147994966826,1.223721267525546,-0.5209404559989252,-0.27708201162129653,0.020634483040005803,-2.0180856893835233,-2.2850879052466686,-1.516387224573119,-0.28577009270635834,-0.20122992776127835,-0.48151688373001855,-0.691857128127146,-0.156962597644342,0.0025807900043172717,0.28577009270635834,1.516387224573119,-0.7317251853070371,-0.6347222057676005,-1.2829236183406676,-1.077612300760884,-1.689000399752289,-1.5057194464681423,-0.22015379130249568,0.6218547041523672,-1.534519319920306,0.029018475482663446,-0.17942508891434333,1.0178388466656656,0.45617065508619664,0.36382580878204385,1.5531453421937294,0.6160407084282594,0.514734606344233,0.8427612250610729,1
0.33900750466038404,0.6452275620338409,0.27967722576327125,-1.161438585374874,1,0,0,1,0,0,0.19849979257844777,-0.5367690446708291,-0.579210432367824,-0.1102857889625646,-0.8773799563863852,-0.32758174466505074,0.40700158316127744,1.367216463335093,0.07125544084630693,1.1117612742345706,0.2838618850027583,-1.4986930468562805,-1.3608739532510599,-0.12718788080130655,0.822325279957093,-0.3330639248771612,0.055142736860232744,-0.4063005912949657,-1.6656268694518341,-0.3920901182240855,-0.6930302407903907,-1.0527600898028584,-0.4321056986473806,-1.4472391626917005,-0.7657078003194604,0.3920901182240855,1.6656268694518332,-0.3139374809687093,0.41596727218528484,-0.8007503202790929,-0.8321227913623208,-0.767313267037611,-0.6865896075014126,-1.2804235184154193,-0.762349526635866,-0.6043528672675491,-0.5538573609678327,-0.8623145398892288,0.6255405410238652,0.28760912732185256,-0.33002188519637315,1.1724671879921262,1.3568776040291806,1.2384340518261547,-0.08511336124321738,1
-0.27779879191332196,0.3617821363477598,-1.8929150543297122,-0.4281154315628296,1,0,0,1,0,0,0.2742134146032426,-0.5472355420812648,-0.5152445252809326,-0.14211151990403548,-0.7890544039794632,-0.3110356149462488,-0.9133566899012387,1.7597527039397678,-1.426979473142368,-0.599607352936776,-0.7985461166719257,-0.3760685292010279,0.7494632316719186,-0.8517894839789475,1.3611646816344483,-0.15016379076349318,-0.3566864777469885,-0.35503347558191645,-6.192842294857107e-4,-0.5122984218604396,0.41894669481229146,-1.0517309152114196,1.7998286159044097,0.456346644766094,0.6915279739932813,0.5122984218604396,6.192842294857107e-4,-0.7874302125521474,1.3165582532877582,0.11810822885711679,0.020630241285320403,-0.11871861809024475,0.1325402314653172,0.5138790966987595,0.5664865349208381,-0.046252995675895824,0.3343343898138759,-1.0140677512169813,-0.14993285384946126,0.7803274392483975,0.9392117013495113,-1.4288335323854886,-0.12479618717266176,-0.3759724034796717,0.038603250264021984,0
-0.9460056132015023,-0.12780541711001567,1.0038746524609323,-1.6014324776621007,1,0,0,0,1,0,-0.356733435603381,-0.246033005492062,-0.2593808969333673,-0.37357138129655093,0.12862436544482056,0.09948727915807995,0.5536155287117799,0.25776605919237894,-0.04835772553832929,0.19722776072875436,0.6845694450818832,-0.28388613217381164,-1.138768480964951,1.064579187361633,-0.37489652108900723,-0.6634144402553998,0.8837437175680779,1.1432084137140233,0.328888191831712,-0.7133741297612541,0.29389911128786056,-0.7293551106475599,-0.6005609022076673,0.6098631618343798,0.22614670247321844,0.7133741297612541,-0.3288881918317127,1.217950768271826,-0.18442671521636386,0.6002815269186915,0.13691474573727128,0.4957394703862077,1.5817699465603012,-1.0357458890816678,-1.2606630497196296,0.2638024885416898,0.1400424443303771,-0.7864379342253526,-0.43275256256796935,-0.6589286824317738,-0.39771434314548676,-0.0012904541294803558,0.28677986593896093,-0.04195727479570725,-0.3944048900113141,0
-1.5628119097752085,-1.776942439283576,-0.15484123025532542,-0.8681093238500562,1,0,0,1,0,0,-0.6722068607066928,0.1976301902947366,-0.42569225535928473,-0.22022922312400942,0.6215750338892292,0.32218924131925175,0.4703168875421103,-0.5856662882086194,0.0015065728845892951,0.11285865878134266,0.07643234923252616,0.3113196470151162,-0.41079269853552963,0.38957441541281673,0.282855968267321,-0.10755225998559795,0.3454346473982522,0.4345433232195122,0.6912331826893902,-0.2609537869844238,-0.26472891524459347,1.0872042601502347,-0.11013918458883706,0.19006231626463363,0.3248811807784176,0.26095378698442306,-0.6912331826893908,0.5494904413305014,0.491016520610491,0.6457695739056325,0.48576825909312477,0.615217432034406,0.7311351137871589,-0.05703537174666111,-0.3747723420151606,0.6358690696027934,0.1400424443303771,1.8692432640103136,1.848051540000638,1.4934723644052397,1.4976744794297,1.648314880744129,0.8629863402952329,0.793080546914203,1.8324941171189824,1
-0.5091011531284612,-1.0296772261111817,1.4383931084795292,-0.13478617003801185,1,0,0,1,0,0,-0.3945902466157784,-0.22684442690626339,0.23955317834438508,-0.5390651821921995,0.5804906844440905,0.24214174889585868,0.5036176637593527,-0.941496438002027,0.8539811282108811,0.6990689591418247,0.7870696959835105,-0.020395826762111536,-0.9712713739934882,0.8712357731828811,-0.8305491368529305,0.42228228313410315,1.4077393440158652,1.5223725675771485,0.6912331826893902,-0.7133741297612541,0.1702358982357412,0.4602075153709945,-0.7430678409997796,0.45149317235409203,0.46307135418536693,0.7133741297612541,-0.6912331826893908,0.911573118423719,-0.7097714541928067,0.2909628074074919,0.47284775859846334,1.0589927181562884,0.19555021907814235,-0.709509049969999,-1.0391903727935126,0.44983577907224165,-0.22078545442469194,-0.1035484832504671,-1.3724438528262355,-1.4758037785205207,-1.2438700675094103,-0.3185222492974822,-0.20711139779498602,-0.5429799678216537,-1.2604211705619852,1
-1.074506924987691,0.9802085196628456,0.5693561964423357,-0.13478617003801185,1,0,0,1,0,0,0.009215737516460692,-0.491995694637299,-0.054689994255315046,-0.4632620775861506,-0.05182213119055074,-0.020360363129458298,-0.9679684501170647,-0.30060502241127546,0.46667814199039126,-0.6022658714411813,0.2097713115840317,-0.3840479636116031,-0.39954895535205215,-0.3026375245758127,-0.499336014468185,-0.43003226856704996,0.20722138701762471,0.21833354746804876,0.2430696413654208,-0.7648691281260978,1.0435918441654877,-0.0876340305249418,-1.0701056116671694,1.019099517534974,-0.059552764885942085,0.7648691281260978,-0.24306964136542153,-0.06326485836571254,-0.18442671521636386,1.0733572155828786,0.6537347655237203,0.7176271134471482,1.2667200084961745,0.4323198869208419,0.34501385799472056,1.2559800380379649,1.3890620938671545,0.27583454506891375,1.136440659999233,0.3265079414213163,0.7361343275021692,1.0455744699249259,1.0276167615398821,0.6817421706862145,0.7190446135538346,1
0.08200488108800677,-1.8542457371979617,0.27967722576327125,0.3052077222492148,1,0,0,1,0,0,-0.34411449859924853,-0.24719594964877709,-0.6687627022894718,0.09976403525114318,-0.6402913343138573,-0.26721073082617885,-1.7802581340489763,0.1168261646613348,0.04465014914337188,-0.7070581955368375,-1.480162009116429,-2.061162722039179,0.8973066214503174,-0.5852166375316172,0.46167836611544216,-0.3977842780381743,0.35259231812323616,-0.42165890767346104,-1.2315329784747313,-1.5897607057063121,1.890750702858822,0.3021516748691813,-0.4607730869266738,1.3048145135906275,1.5126152501178856,1.5897607057063121,1.2315329784747306,-0.7317251853070371,0.04072103005925432,-1.0008977270216337,-1.0259302987822392,-0.8526546682148961,-0.9701345517591269,-0.8726274695258333,-0.4301405112466897,-0.8523972546416179,1.9441819381057224,0.4275877563966659,0.40658334717727845,0.09311505682453199,0.6176725260912207,1.2993599060593275,-0.28942660841731066,-0.9326642846196119,0.7809029193074537,0
0.31330724230314594,-0.514321906681944,0.5693561964423357,1.478524768348486,1,0,0,1,0,0,-0.16744938054139394,-0.41000813158888666,-0.4128990739419065,-0.22312247139141586,-0.28444803580624894,-0.14289116158761306,0.5435361809832839,2.8829376978073538,-1.4408793587816,0.12627450006345237,-0.6369127718809546,0.19697117566243424,0.4864246404689301,1.497744884274132,2.927999446224483,-1.2992622965008662,1.4879272759315254,0.6912316980398305,1.2405949430219954,-0.9617617689328484,0.7407287501821095,-1.0237168968157926,0.6640970455935382,1.3048145135906275,1.5028710126653122,0.9617617689328484,-1.2405949430219962,1.4129183636297125,2.7424939733666744,0.04532735367801011,-0.6383152839424023,-0.06751377738387422,0.8886600828192224,0.10608304780917345,-0.4301405112466897,-0.23228628620644656,0.5841383197212315,-1.0140677512169813,-0.2776578835933038,0.09311505682453199,0.6176725260912207,-0.3502454288142823,-0.6186874509066087,-1.0440026608476,-0.20882997275045564,0
-1.8455147957048228,-0.12780541711001567,0.27967722576327125,-0.8681093238500562,1,0,0,1,0,0,-0.6469689866984278,0.09761699281724072,0.6105554394483548,-0.5998233958077348,1.3295328687750558,0.538630505748985,1.725331338883999,0.3612801300262057,-0.35650118983844536,2.1502059549826216,2.491544742674221,2.164488254377777,-1.82646319705296,1.8927007191974963,0.11695770777601808,-0.31513988975124785,1.4490033858766005,1.610195123034476,1.815869993936328,1.151146070773566,-0.5079509683299395,-0.37870265235770606,0.17066387214481543,-1.4679825719192285,-1.6670880526919256,-1.151146070773566,-1.815869993936329,1.8864110952131505,0.19081952690966666,0.2545723698179399,0.046471242274642305,0.6322857122698633,0.9831750642384596,-0.22015379130249568,-0.9284540343304539,0.6358690696027934,-0.6648813298155464,-0.6346847228976005,-0.989268763594709,-0.7626588533636787,-1.2269469530221315,-1.3019408143182878,-0.20711139779498602,0.4033962301162448,-1.3222794763156045,1
-0.12359721776989524,-1.5708003115118816,-1.6032360836506476,-0.13478617003801185,0,1,0,1,0,0,-0.24316300256618875,-0.37802716727922225,-0.6943490651242283,0.1992917756499248,-0.8573166233546324,-0.44474623078197245,-0.0352550060614186,-0.663612256874688,-0.2349852271192903,0.19050725134811453,-0.07966563414700503,-0.22087231975445748,0.24129947216280084,0.28767711085989417,-0.9895796394431009,-0.40773972735718794,0.6440909641809384,0.5551338130380802,1.1360522199736263,-1.4279662609164547,0.33646652370560864,-0.08051051044732925,-0.0885064262007929,0.3813065685294438,0.6455493464946397,1.4279662609164547,-1.136052219973627,0.24311279148239442,-0.9349191994684248,-0.06384395909064733,-0.26362076959722697,7.593435579547688e-4,0.3845801819166189,0.35076067714292497,-0.1532996650890431,-0.10826409251941274,0.41760236644966076,0.04820472807728505,0.39746013076700454,0.28760912732185256,0.43151826673115745,0.728342674756924,0.36909507656128593,-0.26463402725168356,0.34789477903211874,0
-1.5628119097752085,-1.8542457371979617,-0.15484123025532542,0.3052077222492148,1,0,0,1,0,0,-0.6722068607066928,0.1976301902947366,-0.6687627022894718,0.09976403525114318,0.08290004021266031,0.07489168092742844,-0.9217365068816101,-0.4097653235949974,0.07499674640575574,-0.501721257131651,-0.6594267064337918,-0.5913814783458656,0.37686402863438584,0.35638316056707653,-0.3893910766608556,-0.12814207265579816,0.5610959162446061,0.7737013517106257,0.9704170281043213,-1.7690215962405291,1.6377909052772077,0.1723323337621329,-0.23129348978724515,1.2341661557934467,1.6126557956195604,1.7690215962405291,-0.970417028104322,0.438080386840281,-0.25947596364157,0.381938901381374,0.2531992501892221,0.47867119015075044,0.7311351137871589,-0.05703537174666111,-0.4855086804782194,0.44983577907224165,1.8609139614699375,0.4275877563966659,0.7715120035882557,0.5210020119186368,1.0238272737859035,1.5214221626769286,-0.04248097655033679,-0.7656567202776299,1.1520527538291696,1
-1.460010860346257,-0.7977673323680251,-0.8790386569529866,-1.6014324776621007,1,0,0,1,0,0,-0.8236341047562825,1.642588305013209,-0.3617263482723934,-0.2503190051050364,2.400338970197056,1.4567171087949402,1.0538996848714481,-1.095438316700528,-1.640111283471051,1.0405736332918474,0.4602491212652081,0.9684793567568676,-0.2498771039616489,-0.14095060770887619,0.28151565464250666,-1.7586623870270377,0.7513982006963902,0.6082518299064533,1.5427439112049288,-0.20918429502488586,-1.606309353028974,1.785539670647923,0.4748009743500352,-0.6606742529124471,-0.004506873498455027,0.20918429502488586,-1.5427439112049297,-0.23037994010104354,0.11577027848446049,-0.3913578973966235,-1.1938968052128347,-0.8867912286858101,1.3297299961089997,0.10608304780917345,-0.5408768497097485,-0.35630847989348147,-1.5253170883853264,1.413983630027056,-0.4509989953885172,-0.1532440991387405,-0.39771434314548676,-0.2550758902638815,-0.04248097655033679,-0.15329565102369538,-0.20882997275045564,0
1.0843151130202777,-0.978141694168258,-0.8790386569529866,-0.13478617003801185,0,1,0,1,0,0,0.021834674520593164,-0.5036251362044497,-0.3233468040202586,-0.2879312325813202,-0.3284829825601029,-0.16480360364764804,0.578101932547746,0.538912898342953,-0.32490642745345266,0.8145768577018491,0.9666691170992959,0.7645083928797788,-0.5223445639622822,-0.20391979872501345,0.13616328274749964,-0.5800082056813082,-0.02998840630301125,0.051031822912083,0.271474372857786,0.7734532878151856,-1.0076190699413468,-0.6032694781181079,-0.13869434017297494,-1.130176772990131,-1.2068945532465418,-0.7734532878151856,-0.2714743728577867,-0.20252742647848845,0.11577027848446049,-0.018355912103706302,-0.3153027715758717,-0.3064697006802721,0.5736101447550955,0.18764225758709038,0.06817301183707392,0.139780294854656,-1.053465220782544,-0.7864379342253526,-0.8706669502611417,-0.8015576674631424,-1.1423313805857394,-0.826093121566285,-0.28942660841731066,0.06938110143228039,-1.0748462533011267,0
-0.3034990542705592,0.33601437037629844,1.0038746524609323,0.3052077222492148,1,0,0,1,0,0,-0.4576849316364408,-0.1541604171115716,0.17558727125749374,-0.5257562401621299,0.6425349774034488,0.2877554037963396,-0.059795271844828704,-0.9747547308157472,1.0410525042016467,-0.27757011056274555,0.29715523890367734,0.6430351207923439,-0.1283200903197833,-0.297212818626282,-0.5919071651545686,1.1061652562568252,-0.17087373699182515,-0.029447848890197387,-0.5252107151899512,1.3979208031972914,-0.2138247653410185,0.7449218544811255,-0.31156424434151514,0.20554383943826948,-0.41506645692188704,-1.3979208031972914,0.52521071518995055,-0.48105256270404034,-0.7848207026180125,-0.9190192424451392,-0.2765412700918884,-0.32353798091572933,-1.442709458855317,-0.8726274695258333,-0.762349526635866,-0.790386157798101,-0.38732140769626244,0.35171115073279,-0.8068044353892204,-0.8274902101961188,-0.7023304039164997,-0.826093121566285,-1.0302635040182315,-0.5429799678216537,-0.6418381130257917,0
-0.2006980048416086,-1.6738713753977288,-0.8790386569529866,-0.13478617003801185,1,0,0,1,0,0,-0.3188766245909836,-0.2617327516077154,0.9559713377175679,-0.6513232149675694,0.8064481078703383,0.3020655700396278,-0.4076289408752858,0.3621491469248363,1.163906196391603,0.013268887207781006,0.8565054963905421,-1.0292684056294052,-1.8751591512459806,-0.8422078864943973,0.07878426789823013,-0.11910186310579134,0.3306860406441895,0.9094816554697435,0.4783555005605047,-1.8782265065659696,-0.27470623167665337,-0.4181367193937115,-1.7107846478371382,0.3099772066720551,-0.2255672731653533,1.8782265065659691,-0.4783555005605054,-1.0659553487776992,-0.5596729573423944,-1.874268229170901,-1.6331938220313174,-1.4500444764558913,-0.7811045889206503,-1.3619827281933365,-1.648240234340335,-1.5965304167638241,-0.5399793648618685,-0.7484996313934147,-1.285773296928628,-1.8194099697324535,-1.6161785862295364,0.01457113562891996,1.0276167615398821,0.15288488360327163,-1.8480750752213686,1
1.4698190483788447,-1.5450325455404195,-1.6032360836506476,0.3052077222492148,1,0,0,0,1,0,1.8768184141280666,-0.7176068610400222,0.46983044385719386,-0.5795706579358897,-0.48937187204506494,-0.10398539711367341,-1.4405999980641477,-1.9063194084354813,0.9234798871560088,-0.36727162228347254,-0.5170981923051935,-0.4331973052404402,-0.11291655890417833,-1.3197249339861565,-0.7866561218172726,0.8909249617515878,-1.7255705883825312,-1.2443500031504102,-0.7279513648365089,0.13114384342216406,0.6845357612060218,1.8284283802033345,-0.36713427641703555,-1.2148859899814037,-0.5426126096206932,-0.13114384342216406,0.7279513648365081,-1.3166279713806959,-0.9349191994684248,-0.8826288048555859,-0.3411437725651945,-0.972132629863095,-1.1906695084040155,-0.22015379130249568,0.12354118106860354,-1.0384305451721696,0.40835036904568467,1.33810702436318,-0.6547508285513128,-0.7280821297197106,-1.1084851516111824,0.14675105028225444,0.2044646553166367,0.29205785388825667,-0.9717490770450948,1
0.004904094016293398,0.20717554051898904,-0.8790386569529866,-0.8681093238500562,1,0,0,1,0,0,-0.33149556159511606,-0.25882539121592774,-0.42569225535928473,-0.2115494783217901,-0.11828247531010876,-0.035564914762951955,0.0794881266536305,-0.32092869586840483,1.4027313811632023,-0.9417899205165808,-0.40922628431820746,0.11619289773439354,0.8341197604942664,-0.6006457054078238,-1.4430949835641131,1.0840755228770445,-0.7140831132984642,0.12120928070672086,-0.8740438917877038,1.0253393444399002,-0.7106882867184486,-1.0051761683379241,-0.8281894371829766,0.564224831854665,0.6503514830036826,-1.0253393444399008,0.874043891787703,-0.6203151308168162,-1.3852146900196616,-0.2912841940253525,0.29196075167320634,-0.01630893667750248,-0.49755964466293656,-0.46483142063624716,-0.09793149585751397,0.139780294854656,-1.0257092285706153,-1.3934507795363622,-2.2300261953920315,-2.1889487036773625,-1.90387153251327,-0.8895394805998851,-2.018046031486126,-1.9903788587854983,-2.1882957568662755,1
-0.48340089077122306,0.9802085196628456,0.5693561964423357,-0.13478617003801185,1,0,0,1,0,0,-0.571255364673633,-0.11055001123475654,-0.10586271992482811,-0.4545823327839313,0.6687102055070331,0.2662901544314074,0.5211575803843023,0.13533453209993396,0.05763725228437989,-0.6085496933996872,-0.06076851625495973,1.0139262346048792,0.7846599194338839,1.5705134397971217,-0.026714594264017896,-1.1685494022027267,0.15337422111966828,-0.39328303182967295,1.8335036721614553,-0.43557216489828954,0.8445562223433685,-0.21251298659010287,-1.253071509471131,0.9741946276484597,-0.3049622869225049,0.43557216489828954,-1.833503672161456,1.245803281894381,-0.18442671521636386,-0.4823339913705056,-0.9742482968035945,-0.8697229484503528,0.19555021907814235,1.5741488238116832,0.6772228733838963,-1.1624527388592034,0.8894542340524437,-0.1035484832504671,0.32447439948480933,-0.39960325510201306,-0.008482709938082702,0.41111087958892223,0.5337254978059351,0.3477270420022505,-0.1469716669968365,0
1.0843151130202777,-1.6738713753977288,0.5693561964423357,-0.8681093238500562,1,0,0,1,0,0,3.921086208797527,-0.7722652364056305,-0.2721740783507456,-0.33075130693893556,-1.3960543002862824,-0.33831436934751685,0.8256449677102973,-0.5195046122013441,-0.9672244296303709,-0.4549156095148161,-0.854700547707532,-0.2693058993929655,0.5960569337238254,0.2832488254759717,0.704581802206299,-0.9000787991112106,-0.5646868915041399,-1.0211350055118107,-0.7497849732599842,0.3763264807979944,-0.8650605370316644,1.4188709660193453,0.4177358076766266,0.05462778438437812,0.1142129867234943,-0.3763264807979944,0.7497849732599834,-0.007559831120602114,0.26586877533487285,-0.9281168518425269,-1.1938968052128347,-1.3134982345722352,-0.4660546508565234,-0.5463906304141645,-0.26403600355210183,-1.3484860293897554,-0.6787593259215104,1.8123358097624063,0.9722227646142934,1.0655854093111348,1.028058052407723,0.3318029307969218,0.2044646553166367,0.4312308241732417,1.6314546234197198,0
-1.8455147957048228,-0.6946962684821769,0.27967722576327125,-0.4281154315628296,1,0,0,1,0,0,-0.6469689866984278,0.1383200383022681,-0.06748317567269331,-0.4603688293187442,0.9228507264231826,0.4621605548864139,1.3274723254657292,0.3481719917651652,0.01085531530502993,0.5592302021101151,0.467141685227027,0.684939389900171,-0.19756619868432246,1.2648855066005644,0.35505984555800296,-0.3224248778946359,1.0166971616552318,1.2345667559956752,1.5985806802879148,-0.651277219968356,-0.5820238883154516,-0.12218582650953118,-0.3388454874246133,0.25265557725139015,0.5980070787983959,0.651277219968356,-1.5985806802879157,1.5243284181199328,0.641115017460903,0.855014590045561,0.5374502610717695,0.9565830367435462,1.424244977528238,0.18764225758709038,-0.4855086804782194,1.069946747507413,-0.3318094232724056,0.27583454506891375,1.2550424733328,0.858125067447326,0.9222885868622325,1.7117612397777302,0.2044646553166367,-0.09762646290970158,1.275769365336409,1
-1.1773079744166424,0.5936920300909173,1.0038746524609323,-0.13478617003801185,1,0,0,1,0,0,-0.6974447347149578,0.2993878040073051,0.23955317834438508,-0.5367505835782743,1.3424154160687745,0.6450623671834406,0.22264253840992684,-0.9589890572501683,-0.3644154753865156,0.37064616300243364,0.4261667982360446,1.866235930345871,-0.14164461675844306,0.7551278331025574,-1.061615397929178,-0.2586873001795669,0.7215074545345495,0.5640855856335036,1.1569031123463245,1.3979208031972914,0.44492496405690535,0.2527395763760441,0.23821237387171829,0.21471538710491395,-0.0033179256164943705,-1.3979208031972914,-1.1569031123463254,0.6609004958207222,-1.009968447893631,-0.10933200607758836,-0.22485926811324272,0.06903246449978255,0.16404522527173035,0.18764225758709038,-0.319404172783631,-0.29429738304996345,0.05677446769459199,-0.17942508891434333,-1.1443634425693747,-0.8663890242955825,-0.7361766328910565,-1.1433249167342867,-0.9479482933959068,-0.4316415915936655,-0.8892713360402683,1
-0.7147032519863632,-0.9008383962538722,-0.15484123025532542,-2.334755631474145,1,0,0,1,0,0,0.8546845167933363,-0.6425969629319004,0.07324181991846762,-0.5066608015972472,-0.4111245924529668,-0.10264381902836514,0.543034149768434,0.28955198616929534,-0.32368256755877106,1.0841817719111357,0.634797843591814,1.0228253009140962,-0.22920852683827964,-0.48029428585513756,0.9888266267238827,-0.25337026527197126,-0.018940470030740977,-0.4229817802828015,0.6912331826893887,0.7094550641890696,-1.2350065954614005,0.5931656194999562,0.18787223161994351,-1.4834406741380983,-1.2382276682290458,-0.7094550641890696,-0.6912331826893894,-0.10968571440330459,1.7334985223166808,1.8304804865432984,1.3858964602211896,1.3131204461064256,1.0846911553924563,1.5922730926512203,1.3047287913412295,1.3111010130099798,-1.0812212129944723,0.8828473903799233,0.826251302049903,0.806259981981374,0.09305597698558829,0.28421816152172197,0.6983559190505837,1.2384340518261547,0.5953280020465953,0
-1.2544087614883548,-1.8027102052550381,0.5693561964423357,-0.4281154315628296,0,1,0,1,0,0,0.22373766658671274,-0.5414208212976894,-0.11865590134220637,-0.45400368313045003,-0.25510858092302485,-0.06552682533483652,0.7978465885923498,1.9694247237152915,-0.4379813749808426,0.33860199104508165,-0.11657170129234196,-0.677702796339143,-0.40872640251022624,0.4558557372261413,1.9264020913816615,-0.741242385366856,0.153815109486736,-0.25855583063866044,-0.5532824974487066,-0.3755669404878874,-0.653939421725016,-0.7732699137258516,-0.14614190008883085,-0.3049090155474984,-0.10088052391801244,0.3755669404878874,0.553282497448706,0.4102278732177254,1.7668537438389946,-0.027453521501095285,-0.40574627503850064,-0.32353798091572933,0.29006520049738066,-0.46483142063624716,-0.26403600355210183,0.015758101167622184,-0.5538573609678327,-0.6346847228976005,0.38833691435672935,0.2487103132223888,0.10997909147286698,0.5380035976561225,0.4514102871836102,0.29205785388825667,0.038603250264021984,0
-1.074506924987691,-0.7204640344536393,0.5693561964423357,-0.13478617003801185,1,0,0,1,0,0,-0.14221150653312897,-0.4193116848426072,0.5849690766135982,-0.5946155489264031,0.462695540969291,0.13705146554671133,-0.025665269667820994,-0.6454620983832882,-0.4978893446464225,-0.115802670868591,0.030216351361793625,-0.02597422511992913,-0.26775789206053774,-0.351674819300721,-0.42824724474267234,-0.4945374850668239,-0.002650717696769511,0.1973124842382422,0.11588809585456382,-0.15036214763897582,-0.31570115355223927,0.45690829782560455,0.18366893404452775,0.1538135310847349,0.1533545004544568,0.15036214763897582,-0.11588809585456454,-0.28608496734615396,-0.3345252120667762,0.2454747604205509,-0.05689276168264715,-0.05044549714841698,0.8256500952063961,0.2692014673650073,0.2342775195316623,0.44983577907224165,-0.4243293973121668,0.19995793940503753,-0.5787240251323598,-0.40392534555750975,-0.31873980887152153,-0.5405845059150832,0.34165667302051117,0.29205785388825667,-0.1469716669968365,1
-1.5628119097752085,1.0059762856343069,-0.15484123025532542,-0.13478617003801185,0,1,0,1,0,0,-0.07911682151246661,-0.4617591465627072,-0.7327286093763631,0.3121284580787761,-1.1907743066096708,-0.5963445544218063,-1.6633984458044029,-1.0395563884988486,1.081629008166544,-1.5742594896039077,-1.4104847754189547,-0.9581982676702975,1.0118477817946323,-0.5965094763705565,-0.22905783565859444,1.5058286576954094,-1.0866229160439183,-0.5609774327143011,-0.9197330604481166,-0.39468810214486993,1.7169707901661124,1.1973586561888239,0.03458949047181748,1.0492463248538948,1.286014010249673,0.39468810214486993,0.919733060448116,-0.6203151308168162,-0.3095087959250406,-0.3125119492859251,0.4814614255949037,-0.0049300831871984556,-1.1906695084040155,-0.7638818564886103,-0.44859656765719946,-0.6870343297255728,2.3882778134965768,1.9451198696741894,1.738572943077346,1.4934723644052397,1.9207523416116614,1.7752075988113303,-0.7010026615289333,-0.9326642846196119,1.708777505611744,0
0.004904094016293398,-0.7462318004251005,0.5693561964423357,-1.6014324776621007,1,0,0,1,0,0,0.5770679027024219,-0.6001495012118003,-0.7711081536284979,0.775048180863807,-1.8364317992282138,-1.0605305719384654,-0.21942810272608845,0.48161437339989815,2.160687316864671,-1.1608116971599127,-0.8379326179120294,0.9270903253487043,1.6212893929550194,-0.3343751249688404,-0.2819979541618291,1.4479064256028626,-1.0429472476509734,-0.7912208429935458,0.39760879354609974,0.8700970699576539,-0.02898356673404993,-0.9435302019220564,-1.4987256234400879,0.5340130758321383,0.3168802873021983,-0.8700970699576539,-0.39760879354610046,-0.3696425082138195,-0.3345252120667762,-0.23669853764102378,0.5245297605771081,0.0519641842643253,-1.348194477436079,1.0847935651441794,0.954063719541543,-0.4803306735805153,-0.27629743884854874,-1.0899443568808573,-0.9801455471844351,-1.5017363212534962,-1.2438700675094103,0.4428340591057229,-1.3595243465075295,-1.211010225189582,-0.8892713360402683,0
1.726821671951222,-0.6431607365392533,-0.4445202009343899,-0.8681093238500562,0,1,0,0,1,0,-0.06649788450833415,-0.46234061864106474,0.4570372624398156,-0.5795706579358897,0.33354188561244025,0.09233219603643587,-0.412518172486978,-0.09083304844016676,0.9341105952291936,-0.2203752868221097,0.8704431015687738,-1.2409938904445525,-1.6277520271537287,-1.3007444976324158,-1.0330128890087473,1.5092052900595494,-1.2330701061859772,-0.3435471359989489,-1.5678769133722459,-0.1375664207725589,-0.7260720151805237,-0.9101784254847859,0.23964529273803944,-0.924978414655797,-1.467025575108783,0.1375664207725589,1.5678769133722459,-1.3444804850032512,-1.2351161931692491,-1.3829973217119373,-0.5349512799851129,-0.9550643496276378,-1.537224440274555,-1.5251011477491712,-1.149926711256571,-1.5965304167638241,-0.6688464715601076,-0.8297959946047105,0.10551720563822252,0.2135161480847783,-0.1777138548108673,-0.903135128964228,1.3215996566196124,1.3656779103724273,-0.45626319576493324,1
0.4932090788038099,1.3409572432633117,-0.4445202009343899,1.478524768348486,1,0,0,1,0,0,-0.1800683175455264,-0.4123340199023168,2.926121275993821,-0.7473790574454634,1.133520186636944,0.2604766493950716,-0.8448413703348149,1.794771143425169,-0.3105971145063473,-0.47685583340618515,-0.5712928691781298,0.15714903701370467,0.675532269344129,-0.8976290132407428,2.8455590159083015,-1.1258051240854907,-0.49870068964634245,-1.6417841498933292,-0.7768887630270574,0.984841359792358,0.2778721575796865,0.3872388356447819,-0.7067289168785414,0.1496983996134615,-0.8601739654637801,-0.984841359792358,0.7768887630270568,-0.8709877534198129,2.5173462280910557,-0.17301527185930607,-0.7158382869103699,-0.8526546682148961,-0.34003467563087314,0.4323198869208419,0.954063719541543,-0.6043528672675491,0.5841383197212315,0.8069707847160468,1.1911799584608802,0.585833368751077,0.6176725260912207,0.47455723862252236,0.5337254978059351,1.2384340518261547,1.3994859768436472,1
-0.5091011531284612,0.0783367106616796,-0.4445202009343899,0.5985369837740325,1,0,0,1,0,0,-0.29363875058271866,-0.3053431574845305,-0.5536240695330674,-0.11838688411130263,-0.3951718554642685,-0.14333835428271582,0.4579402979829984,1.856520920830356,-3.0984008308517232,0.49004530582949074,-1.1094545816684556,-0.925111339886201,0.9855245216080566,0.09490141497882863,1.8854057598620029,-2.512025170347137,0.16885142406848958,-1.4509641866986387,0.02438743144227863,-1.2859286878517078,-0.5419527561906388,-0.659375125957792,1.7112746954015923,-0.494589411364142,0.0257611717301795,1.2859286878517078,-0.02438743144227934,-0.11896988561082296,1.3165582532877582,-0.7643598826895395,-1.8140808289565742,-1.6719321195168326,0.16404522527173035,0.6769975162545934,0.7325910426154264,-1.1004416420156866,-0.7481493064513315,-0.9381911455531051,-1.2994581215440402,-0.37367071236903754,-0.5330992590437151,-1.8412348661038906,-0.04248097655033679,-0.5986491559356475,-1.5078543935764617,0
-0.2006980048416086,0.4133176682906843,-0.8790386569529866,0.3052077222492148,1,0,0,1,0,0,0.009215737516460692,-0.49432158295072914,-0.6047967952025805,-0.1044992924277517,-0.8071309562981465,-0.2994086048735772,-0.6536743925501678,-1.2086676138988746,1.1885720010450476,-0.7744654165067485,0.49793695272344385,0.009134399484454861,-0.31984774342606825,-0.26573893932690784,-0.19129281923712552,-0.14410731452135497,-0.41634802521139214,-0.3986074491409835,-0.5505532963957722,0.5584902876836534,0.6434269379709954,1.4673012846800164,-1.769631696263844,0.6334092385621998,-1.0365050169246073,-0.5584902876836534,0.5505532963957714,-0.2582324537235989,-0.18442671521636386,-0.009258302706318612,-0.08273376267196997,-0.23819657973844427,0.038025250046078915,-0.13859458152457876,0.12354118106860354,0.015758101167622184,0.6674062963570164,1.4898602356909325,0.24236545179233895,-0.7367263106307022,-0.4654068010946016,0.3476645205553221,0.36909507656128593,0.7374113588002092,0.34789477903211874,0
1.110015375377516,0.4648532002336079,0.5693561964423357,0.3052077222492148,0,1,0,0,1,0,0.12278617055365294,-0.5158360498499579,-0.2849672597681238,-0.3272794090180478,-0.35628384614938174,-0.14378554697781856,1.480705818185938,1.2184552550457242,-1.6734933213459202,0.5017023312987923,-0.4467755512547689,-0.26788260657082774,0.6556541621168562,2.553735085351936,1.0690669207278654,-1.0952836718560117,1.0807954980585806,0.9444185672598818,0.5444209881177442,-0.90531003275748545,0.4927045229773103,-0.6014003037087827,1.187066971177348,0.3939308324774638,1.5028710126653122,0.90531003275748545,-0.544420988117745,2.137083717816147,0.7912135143113154,-0.4277483349861756,-0.8967252938356269,-0.47715250303484213,0.7941451013999841,-0.38327221085833024,-0.6516131881728072,-0.17027518936292965,0.3620903820258042,-0.6346847228976005,-0.2776578835933038,0.35244048415429274,0.49921072468027106,-0.12818317219668063,-1.0302635040182315,-1.4336869776455579,0.038603250264021984,0
-1.1516077120594044,0.3102466044048362,-0.15484123025532542,-0.8681093238500562,1,0,0,1,0,0,0.04707254852885811,-0.5065324965962373,-0.6559695208720935,0.07198885188404132,-0.9828555248935813,-0.4451934234770752,0.0580281770321844,-0.969481087855556,1.666821858431822,-0.7572961788652851,0.11217075293407475,0.42771104132291393,0.1829155082443189,-0.021298712268279195,-0.45925992912923536,0.13967851170006906,-0.19083913486004886,0.20528452719979157,0.6912331826893887,-0.1022098070627286,-0.10197101506909585,0.8705667031384684,-2.138237885624844,0.8338254616094218,0.05459291293429222,0.1022098070627286,-0.6912331826893894,-0.14682239923337803,-0.5596729573423944,-0.4823339913705056,-0.3411437725651945,-0.3918111018575571,-0.15100471279239655,0.2692014673650073,-0.04256332662598434,-0.4803306735805153,0.05677446769459199,1.1104772073715516,0.6894030558957865,-0.62002986833231,-0.2792525417345383,2.092439393979332,0.36909507656128593,0.3477270420022505,0.7809029193074537,1
-0.020796168340944693,-0.3854830768246345,0.5693561964423357,-1.6014324776621007,1,0,0,0,1,0,1.0944443198718534,-0.6751593993199223,-0.029103631420558513,-0.4846721147649583,-0.5748185658705671,-0.1446799323680241,0.9456030190462928,-0.47918308619300304,-0.14429660595192179,1.220663058551589,0.6122930949196642,-1.2385599960005205,-1.071300437343741,0.46933410489352306,-0.33098786430713667,-0.582598134967751,1.0235941174290815,0.5269363719957748,-0.67984341407292,-1.0149876916124754,-0.8459309088990588,0.3261174475075473,-0.38819664579145047,-0.6340586364275421,-0.28156020362967527,1.0149876916124754,0.6798434140729193,0.24311279148239442,-0.4846237089171882,-0.6097005229339397,-0.7933612898783374,-0.3918111018575571,-0.15100471279239655,-0.7910682597479163,-0.5962450189412776,-0.23228628620644656,-0.7481493064513315,0.4275877563966659,0.34272083230535716,0.08014878545804377,-0.1777138548108673,0.7917890337905242,1.2745623934068555,0.793080546914203,-0.20882997275045564,0
-0.5091011531284612,-1.4419614816545723,1.4383931084795292,0.3052077222492148,1,0,0,1,0,0,-0.4198281206240434,-0.2152149853391127,0.188380452674872,-0.5298067877364988,0.5878715848386128,0.2439305196762697,0.6129922782732963,-0.9690621883595997,0.1757857349243685,0.988110349170734,0.998240708125914,0.4741617886875713,-0.871021498767826,0.6560844830443704,-0.8209303657514775,0.28475124078050945,1.3683009016923156,1.3303030718816682,0.8847583482611019,-0.23079243079930178,-0.1968287997752991,0.5076782465659612,0.045842547180848264,0.021910417515783362,0.0010202168435063713,0.2307924307993025,-0.8847583482611027,0.1317027369921738,-1.0850176963188372,-1.4284853686988783,-1.0905328012555453,-0.5795621844475838,-1.033144539371952,-1.0357458890816678,-1.4267675574142176,-1.4104971262332722,-0.3040534310604773,0.27583454506891375,-0.49661507743988936,-0.39960325510201306,-0.36386811417093057,-0.4136917878478824,0.12214944469431245,0.013711913318286572,-0.45626319576493324,0
-0.14929748012713334,0.43908543426214564,0.27967722576327125,-1.6014324776621007,1,0,0,0,1,0,0.6023057767106869,-0.6030568616035881,-0.5280377066983108,-0.13343177510181614,-0.9843007003531734,-0.36067400410265454,0.3650756379502529,0.722488268973361,-0.9275540368605408,0.10072154393733375,-0.5131459140962259,-1.7664434977533383,-0.6886863715988577,0.08805806876150508,-0.23852603178546106,-1.4944390683181663,0.0059676044740112014,-0.7073296883608285,-2.2810212470346625,-0.14692914774798616,-0.41965997674629457,-1.2305879654112684,-0.23376969887289756,-0.13015093340360234,-0.023454949990047352,0.14692914774798616,2.2810212470346625,-0.28608496734615396,-0.6347222057676005,-1.3829973217119373,-1.8011603284619129,-1.7060686799877465,-0.43454965705011084,-1.6066603575270884,-0.9284540343304539,-1.1624527388592034,-0.3318094232724056,-1.0899443568808573,0.3518440487156324,0.1709126850234604,0.10997909147286698,0.5380035976561225,0.6983559190505837,0.6817421706862145,0.34789477903211874,0
-1.7427137462758722,-0.7204640344536393,-0.8790386569529866,-1.8947617391869185,1,0,0,1,0,0,-0.38197130961164594,-0.2239370665144757,0.3035190854312764,-0.5494808759548626,0.5991471367650124,0.252427180883222,0.6609035409301027,0.11119410180560871,-1.1818424780326853,1.2822342476616324,1.4254757105781557,1.349733304056873,-0.36420664962781674,-0.32755052573192833,0.8882372091684592,-0.08845156915164934,0.3276017089936366,0.5977678834171034,0.5391776954544716,1.3061253713295295,-1.2462870877405354,0.7371991428625131,1.5267329626674642,-1.4073714989501926,-1.2695842457210598,-1.3061253713295295,-0.53917769545447225,0.10385022336961848,1.6918044954137887,2.0013133741164744,1.6356928031179738,1.7246556473391115,1.9283248784308402,1.0032343553662626,0.7879592118469556,2.00011320016017,-1.192245181842186,0.5793409677244183,-0.25028823436248077,0.5469345546516133,-0.093098282374475,-1.5874494299694895,-0.6186874509066087,-0.04195727479570725,-0.7036964187794109,1
-1.305809286202831,0.5421564981479937,-0.4445202009343899,-0.8681093238500562,1,0,0,1,0,0,0.9303981388181312,-0.6501560999505483,0.022069094248954552,-0.4985597064485092,-0.47705470927244953,-0.11471802179613952,0.2663007973878863,3.117390221927393,0.05236194892505352,0.5414643347202969,0.1565205940357736,0.2644854272510457,-0.34803986978266954,-0.333479347916057,4.312177056053869,0.24517658203064852,-0.6080835496341829,-0.8407558672206326,-0.0632699944762795,0.42347698798565403,-0.7035063764184498,0.041128399496902945,0.1747982818851487,-1.334448622545693,-1.0243189024831163,-0.42347698798565403,0.06326999447627879,-0.3139374809687093,4.018331196595177,0.02713213488323473,0.14983524623193267,-0.10165033785478751,-0.5605696322757617,0.4323198869208419,0.5111183656893089,-0.29429738304996345,-0.8036612908751883,-0.2553016945782196,-0.8706669502611417,-0.6589286824317738,-1.0915620371239039,-0.7626467625326843,0.2044646553166367,0.45906541823023866,-1.0748462533011267,1
0.72451144001895,-0.9008383962538722,0.27967722576327125,-1.6014324776621007,1,0,0,1,0,0,0.3246891626197725,-0.5547946790999126,2.1329440281163685,-0.7219184726922866,0.6032231693388426,0.13123796051037553,0.4816606498945939,-1.4292038968147214,-1.2508148979716809,1.527500875233341,1.1578764892537161,0.8181071763969915,-0.7897825544501283,-0.5997229592867838,-0.8909466132056382,-0.519437278820967,-0.8209229368464837,-1.148241764507178,-1.0827475017179835,2.189656403056746,-1.2689969731979542,1.0690964423589449,1.187921497199543,-2.8775682680024635,-2.6263307400641374,-2.189656403056746,1.0827475017179828,-0.5924626171942612,-0.8598699510432187,-0.13662483426975403,-0.37990527404917784,-0.6649035856248688,-0.15100471279239655,-0.38327221085833024,0.12354118106860354,-0.4183195767369984,-1.2338791701600784,0.7690324818841089,-0.48749186102961545,0.15794641365697218,-1.0238695791747903,-1.5715878402110892,-0.6186874509066087,0.5704037944582268,-1.2294920176851751,0
0.3647077670176212,0.38754990231922204,0.5693561964423357,0.3052077222492148,1,0,0,1,0,0,-0.785777293743885,0.9797101356856202,0.6233486208657331,-0.6032952937286225,2.2053139508960626,1.2197049803904803,0.25814385221335645,1.9013049147723182,-3.9006904297745506,1.965815503334876,0.9063814526564596,0.3511255038683829,0.47155052948287146,0.04476803886092148,0.8912370799622826,-1.2346212021662557,0.26629385355370433,0.0409442808138749,0.3506288912831737,0.13114384342216406,-0.3142236134766597,-1.7167789222160632,4.091699249642485,-2.3916374943722003,-1.1383661583024625,-0.13114384342216406,-0.3506288912831744,0.10385022336961848,0.9413120111617277,0.2727675886127153,-0.43158727602782254,-0.3064697006802721,1.2037100208833493,0.4323198869208419,0.2896456887631914,0.015758101167622184,-0.47058938433204756,-1.6969572021918669,-0.8068044353892204,1.1952481229760152,-0.008482709938082702,-2.761207072091096,-1.0302635040182315,-1.0996718489615938,-1.6934293108373202,1
-0.25209852955608386,-0.7204640344536393,-1.8929150543297122,-0.8681093238500562,1,0,0,1,0,0,0.5392110916900246,-0.5978236128983703,0.7768667978742723,-0.628177228828318,0.09447356510372067,0.02570048446612543,-0.29657251111713656,-2.2810678141637486,0.7245633590467768,-0.49469294526015356,-0.4075166085954035,-0.31002267053319815,0.313218862961465,-0.5885839340496283,-0.3450086644243223,-0.04956405941404025,-1.123032599898327,-1.528747030515633,-0.13280945780952072,-0.29111514316954507,-0.17571483574567096,2.78521505536944,-1.0403094846045988,-0.4452816479816368,-0.9627323791394751,0.29111514316954507,0.13280945780952,-0.5646101035717058,-0.3345252120667762,-0.03655113089848297,-0.05689276168264715,-0.4942207832702994,-0.6235796198885869,1.0847935651441794,1.2862727349307197,-0.6043528672675491,-0.1375174777889068,2.7038859263129513,0.16025650409986858,-0.41256952646850126,-0.5500223735309933,0.41111087958892223,1.1922471827845313,1.127095675598167,-0.2706882785040748,0
-0.35489957898503444,-0.3339475448817109,1.4383931084795292,-1.8947617391869185,1,0,0,1,0,0,0.1480240445619179,-0.5175804660850305,-0.16982862701171944,-0.41291955773327854,-0.25336479935377143,-0.07894260618791915,1.3065571998560175,0.2774179597804289,1.5098773388516442,0.33597553822217646,0.3177092455984759,-0.7439984183970905,-0.6581576664481201,2.0169022364001,0.6960115704834299,-0.6894996989633082,0.997475506307841,0.21282052500529464,-0.7989105922128049,-0.2223753081429896,0.1984653586483126,0.31648425617689535,-2.756933605761113,0.5351983605660207,-0.20525975888130876,0.2223753081429896,0.7989105922128042,1.9699686360808162,0.7161642658861095,0.1817914946388332,-0.21193876761858224,0.18851042614798086,0.25856020669096863,-0.7910682597479163,-0.5408768497097485,0.5118468759157585,0.6674062963570164,0.9587239960437993,1.811558674359541,-0.23104172733766892,-0.008482709938082702,3.7420447288529415,0.9453015509175579,0.9044189231421907,1.5232025883508855,1
0.46750881644657266,0.28447883843337485,1.0038746524609323,-1.161438585374874,0,1,0,0,1,0,-0.5207796166571032,-0.1338088943690579,1.9282531254383162,-0.7120814285831047,1.4142776996942648,0.447403195948023,0.8962556122693051,0.8116223200462133,0.8984626471351443,0.6631627476591831,0.559381742603287,-0.4251031586036099,-0.29614676767029274,1.632278476225337,0.22133565483129963,0.44364564264589473,1.0794164527755639,1.050923817610128,-0.8114328088086202,0.22497917377587734,0.38468817475261136,-0.8922479052224799,-0.782407451474139,0.17444078883573808,0.2987989005276356,-0.22497917377587734,0.8114328088086196,1.0229831729139398,-0.18442671521636386,-1.0918738209955157,-0.7287587874050313,-0.3064697006802721,-0.9701345517591269,-1.1988643086375024,-1.0391903727935126,-0.4803306735805153,0.4661753528205357,-0.7484996313934147,0.4020217389721415,-0.08517117446467852,-0.008482709938082702,1.2041903675089267,-0.20711139779498602,-0.1254610569666985,0.7809029193074537,1
-1.100207187344929,0.8513696898055362,-0.4445202009343899,-0.4281154315628296,1,0,0,1,0,0,0.4256406586528323,-0.5815423947043593,-0.041896812837936774,-0.4806215671905893,-0.30508058169395846,-0.07581225732219987,0.10314976234049587,-0.2478659173601541,0.0627463732897868,-0.02123048736629841,0.06910683817591186,0.6809732541568936,0.37696569666061386,-0.17347521276607994,-0.8430620877255903,-0.5731007225669458,-0.1807568223941607,-0.27625842174756055,1.1750460966186718,-0.2366301126415829,-0.3167666440778661,-0.504357341888448,-0.6616873508598797,-0.1505543521539885,-0.3595548537004289,0.2366301126415829,-1.1750460966186724,-0.09111737198826762,-0.7097714541928067,0.34554846379182197,-0.018131260198663828,-0.08458205761933026,0.6366201323679207,1.5741488238116832,1.009431888773073,0.07776919801113909,-0.6093693453916895,-0.8623145398892288,-1.4636760169289798,-1.5147025926199844,-1.4638705558440304,-0.7626467625326843,-0.28942660841731066,-0.4316415915936655,-1.6315710050837011,0
-0.35489957898503444,-1.3904259497116478,-0.15484123025532542,-1.6014324776621007,1,0,0,1,0,0,0.2742134146032426,-0.5449096537678346,-0.054689994255315046,-0.46268342793266937,-0.23129757692842745,-0.06150209107891172,1.1800647203475594,-0.9182539017622761,-0.2988083436137085,-0.5358264655197927,-0.8895866703337424,-2.879797560345772,-1.2009431467697949,0.389542205569141,-0.27983748117691815,-0.15036602327754042,-0.4412218229743474,-0.8487769322482346,-1.0001237438140784,-2.9357898486649865,-1.251682737634756,0.9799972521666229,0.2573776637087822,0.28635897940552835,0.3278407664840655,2.9357898486649865,1.0001237438140778,0.438080386840281,-0.18442671521636386,0.2727675886127153,0.14983524623193267,-0.03337721691295973,-0.18250970659880966,-0.30171300108041293,0.17890935030013266,0.07776919801113909,-1.1644891896302574,0.9587239960437993,0.10551720563822252,0.22277777048941236,0.3299795798074865,-0.0647368131630805,3.0854970270979956,1.4054416161681371,-0.45626319576493324,1
-0.6119022025574117,-1.0296772261111817,-0.15484123025532542,-0.13478617003801185,1,0,0,1,0,0,-0.6595879237025604,0.18600074872758593,0.20117363409225028,-0.5332786856573866,1.1602907008740655,0.5551766354677868,-0.5941453618000788,-0.5234745975042646,0.7250964501592685,-0.05546836400171434,-0.17681195513097184,-1.3628335034717158,-0.6608147789119602,-0.895435076673849,-0.4305965051396658,0.4129481616163658,-0.0916647751541102,0.11216580649002696,-1.3016642670278302,-0.567767582660665,-0.0685345893380813,0.28712318704566275,-0.5762580603870304,-0.015959040688578563,0.33937227994108465,0.567767582660665,1.3016642670278296,-1.038102835155144,-0.7848207026180125,-1.4011925405067138,-1.0130097982875779,-0.9892009100985523,-1.1591645145976028,-1.5251011477491712,-1.2606630497196296,-1.1004416420156866,-0.4150773999081907,-0.2553016945782196,-1.4271831512878814,-1.4498712357875443,-1.3623318689203594,-0.3185222492974822,-0.37174181903963527,-0.6543183440496418,-1.3841377820692236,1
0.08200488108800677,-0.2566442469673251,-0.8790386569529866,-1.8947617391869185,1,0,0,1,0,0,-0.6091121756860305,-0.01751447869755106,0.27793272259651985,-0.5419584304596059,1.0408011091677245,0.4053670826083641,1.394057520262739,-1.400622564383068,-1.2867725974699815,0.8592944286025894,0.11696003823265076,-0.17073854478499428,-0.5537806006221411,0.9987605035450597,-0.5881407840074429,-1.6672851861229097,0.7020015267512463,-0.10226279004464026,-0.23432195700141584,-4.693472038239746e-4,-0.9405211899418504,1.3332118990004718,0.08360042819551111,-0.4647586388530372,-0.2518934885747218,4.693472038232714e-4,0.23432195700141514,1.1343932274041606,-0.40957446049198204,0.5547934799317504,-0.4574282770171454,-0.1699234587966153,1.424244977528238,-0.13859458152457876,-0.04256332662598434,0.6978801664463103,-0.859173275299045,1.33810702436318,0.19674936974096682,0.20981149912292413,0.008440404549195996,0.15732544345452057,0.36909507656128593,0.4033962301162448,0.038603250264021984,1
-0.7147032519863632,-1.5192647795689571,-1.168717627632051,-1.161438585374874,1,0,0,1,0,0,0.11016723354952047,-0.5146731056932429,0.047655457083711085,-0.5055035022902847,-0.04737898649303011,-0.0051558114959646415,-0.18932983600828704,0.15997638215461554,0.18427604485745147,-0.44369535956050993,-0.7519704465954045,-0.624685553973827,0.48120070482503563,-1.2127382718461903,-0.2681490417476432,-0.036226652699922264,-1.6579486538636419,-1.8821972000077685,-0.30352234127736116,-0.550966827225982,-0.9484860462007836,-0.4881984285439997,-0.28831581888253516,-1.044589698645025,-0.8600008167960389,0.550966827225982,0.30352234127736116,-1.0938078624002545,-0.10937746679115769,0.49111021415003275,0.3953247556304958,-0.32353798091572933,-0.24551969421163483,1.6557080335896,2.0614271041721297,0.015758101167622184,-0.7203933142394032,-0.1035484832504671,1.3280282046149967,0.9488889670127426,0.4145951522438788,1.1407440084753266,2.097714499630101,1.9064643091940836,0.7190446135538346,1
-0.4320003660567478,0.5679242641194551,-0.8790386569529866,0.5985369837740325,1,0,0,0,1,0,-0.20530619155379135,-0.40128605041352367,0.9943508819697028,-0.6576883611558636,0.6895747810880961,0.199658442861097,-0.26504204413593374,0.2884001647025574,0.07566894889650196,0.630111269039107,0.5334073436537278,0.15402733315830816,-0.6830465866946643,-0.441836755642169,0.8953702842957151,-1.0287119310695874,0.8581599310205906,-0.06612133070755205,0.6912331826893887,-0.475481742949023,-0.07293066602423005,0.5011240183586709,-1.1371982701908145,-3.029753775786302e-4,-0.7580102808523334,0.475481742949023,-0.6912331826893894,-0.3696425082138195,0.9413120111617277,0.2636699792153276,-0.3282232720705331,0.017827623793410803,0.4790951633358572,0.5954383064766764,0.2896456887631914,-0.10826409251941274,-0.3163894275991121,0.07349692996524401,-0.9994056707172365,-1.3547852457666318,-1.2683145662132567,-0.47008855143330586,0.7075020535641753,0.5085491409982337,-1.1435777041384814,1
0.9815140635913272,-0.7204640344536393,1.0038746524609323,-0.13478617003801185,1,0,0,1,0,0,-0.5460174906653681,-0.12043503656683462,0.36748499251816774,-0.558160620757082,0.9292819570637729,0.3387353710380537,0.5665590214884403,0.179691018978243,0.9344866784956303,0.25594381245438735,0.898923869924162,-0.09349608857598353,-1.111148081361861,0.5628271383157204,-0.18468767308435832,0.48211616440754523,0.44962219797602215,0.6645435238975868,0.2181716668474219,-0.3438975164935092,-0.22544386594025279,-0.43164761934009654,-0.792994344868634,0.10007409641765345,-0.5198476483810521,0.3438975164935085,-0.2181716668474226,0.27096530510494976,-0.40957446049198204,-0.7734574920869285,-0.43158727602782254,-0.23819657973844427,-0.6865896075014126,-0.709509049969999,-0.8730858650989243,-0.6043528672675491,-0.22078545442469194,-0.4070549059059717,-0.0039613912850709025,-0.41256952646850126,-0.3469449996836519,0.12560226393772106,0.6983559190505837,0.5704037944582268,-0.45626319576493324,1
-1.0488066626304537,-1.4934970135974959,-1.6032360836506476,0.3052077222492148,1,0,0,1,0,0,0.3877838476404349,-0.5664241206670634,0.7896599792916505,-0.6304918274422431,0.1763757798314325,0.0516376607820852,-0.9604735513183139,0.21657698711988163,-1.2355604844286172,-1.605111393401606,-1.6358998598853842,-0.7064437384377434,1.3079682967519033,-1.14552372715555,1.396843874612859,-2.6424318947551004,-1.7419848285271564,-2.083492085069126,-1.582687512778244,0.6061852033378367,0.19096804274726767,1.10206881783776,-0.9663366453332555,0.4410796024863474,0.09262543538473213,-0.6061852033378367,1.582687512778244,-1.1216603760228097,1.0914105080121401,-0.4004555067940112,-1.6331938220313174,-2.064502564932343,1.0461850518512859,0.02452383803125581,1.009431888773073,-0.6043528672675491,0.08453045990652028,0.8828473903799233,-0.3050275328241268,-0.7367263106307022,-0.5330992590437151,0.41111087958892223,-0.5363722402842841,-0.32030321536567735,-0.023255055489598248,0
-0.3034990542705592,0.3102466044048362,0.5693561964423357,0.5985369837740325,1,0,0,1,0,0,-0.81101516775215,1.4245362756291338,-0.23379453409861076,-0.39093087090098955,2.094313471071948,1.3976876730413768,-0.22081239148062892,-2.5688353638857087,0.5247353639299427,-0.36590003267269955,0.018394984516791814,-1.1912638549833636,-0.6389921696442822,1.4136632634491724,-0.6894590812651274,-0.43732570218369715,1.0432796902545851,0.7557872772234635,-0.1984048918790851,-1.4279662609164547,1.719560681675675,2.835122182290347,-1.156800976395658,1.5288056203392915,0.713964793367442,1.4279662609164547,0.1984048918790844,1.9978211497033713,-0.25947596364157,1.6010185606313942,1.0801112818475405,1.519836284513628,1.5817699465603012,-0.22015379130249568,-0.1532996650890431,2.0621242970036877,1.5278420549267964,2.5521327149851984,-0.13168642102891215,-0.6978274965312384,-0.11002139686175369,0.6014499566897238,0.36909507656128593,-0.26463402725168356,-0.3944048900113141,0
-0.7918040390580765,-0.978141694168258,-1.6032360836506476,-0.13478617003801185,1,0,0,1,0,0,-0.34411449859924853,-0.2541736145890675,-0.3233468040202586,-0.2879312325813202,0.03748360888576416,0.027042062551433693,-0.35498749951061725,1.7814121476271134,0.22570647901093324,0.1257732506139764,0.5438371412174283,0.4805280452550145,-0.20025673155199944,-1.5489736155789282,1.7426168338999801,0.32539893505018896,-0.8732211938347257,-0.37349355048777894,0.13830413819877924,0.5182145811312309,-1.0540974262636866,-0.69932878906693,0.018446230352024466,-1.0357827354603337,-1.0716586759617,-0.5182145811312309,-0.13830413819877996,-1.4558905394934718,1.6167552469885829,0.00893691608845806,0.17567624722125458,-0.18699173903207253,0.006520256239666901,0.4323198869208419,0.40038202722625016,0.139780294854656,-1.053465220782544,-0.7864379342253526,-0.5422311594912614,-0.4514683405679659,-0.8038690908401701,-0.667477223982284,-0.12479618717266176,0.1250502895462747,-0.8274130302866491,1
0.33900750466038404,-0.12780541711001567,0.27967722576327125,-1.6014324776621007,1,0,0,0,1,0,0.1858808555743153,-0.5309543238872538,-0.24658771551598904,-0.37357138129655093,-0.3557422770876119,-0.11963714144226982,-0.5773090912114747,0.7391545970695037,-8.688409550085982e-4,-0.5164193069250499,-0.857048400664358,-1.7665165480282516,0.08786573927180709,-0.4770995076205863,0.18652968443043264,-0.3849458168606868,-0.21593940025283198,-0.6146353524001302,-1.2497103896622064,-1.1698703314820218,0.32605013806856104,-0.8276515382572055,-0.3856456872200937,0.4835273541984026,0.5141331030816798,1.1698703314820218,1.2497103896622048,-0.5646101035717058,-0.03432821836595151,-0.5824076947417753,-0.6770767854263857,-0.71610842633123994,-0.49755964466293656,-0.6279498401920818,-0.09793149585751397,-0.4803306735805153,0.4731143508735179,-0.6346847228976005,0.6255405410238652,0.31354167005482897,0.49921072468027106,0.9821281108913258,0.7806711296729086,0.23638866577426285,0.40975308478573785,0
-1.8712150580620608,-0.2824120129387873,0.5693561964423357,0.3052077222492148,1,0,0,1,0,0,0.2363566035908452,-0.5414208212976894,-0.5152445252809326,-0.13343177510181614,-0.766221693462551,-0.31327157842176256,-0.6950669869799222,0.26297214884291026,-2.54269728446246,0.2341763501912072,-0.4809007760026003,-1.3914864517079872,0.16194948863958455,-0.47154065391478966,1.320978585583098,-3.9469393338063723,0.7866228311052883,-0.6685885856859514,-1.8632990028572278,-0.04982429368856782,0.4953496998044625,0.9623898212315021,-0.49034102037368094,0.46364459268384234,-0.027552062330289097,0.04982429368856782,1.863299002857227,0.0759977097470634,2.567379060374527,2.7503498811681024,-0.46604194401358573,-0.14716575181600602,5.425379190942649,0.3235742738836193,1.6738499195514247,2.620224168595341,0.3898463742377325,0.8069707847160468,-0.19554893590083341,-0.41256952646850126,-0.21156008378542468,-0.0647368131630805,0.03983423407198747,0.013711913318286572,-0.1469716669968365,0
-0.14929748012713334,-1.5708003115118816,-0.4445202009343899,-0.13478617003801185,1,0,0,1,0,0,0.33730809962390496,-0.5571205674133428,-0.7071422465416066,0.2571567409980537,-1.359249400633868,-0.6272008503838964,-0.3314255765812073,0.9097848024816316,-1.2280396837290084,-0.022999366547606055,-0.9437605607530613,-1.6245789916148885,0.3452749720573149,-0.3621059893524115,0.8293881204562303,-1.87440104633263,0.5561143980448726,-0.6123157749733815,-1.171446535938352,-1.0539055705610194,0.09904329403303823,-0.41784538115313813,-0.20482089778601176,0.5825041780016389,0.629127773896808,1.0539055705610194,1.1714465359383512,-0.4412632575289614,0.5660657690356972,-0.46413877257572894,-1.3027981665249802,-1.05747403104038,0.3845801819166189,-0.5696932617792836,-0.0662925420109259,-0.037394267555393414,0.1400424443303771,-0.3311783002420958,0.22411901897178985,0.08014878545804377,0.31305646532020776,0.5380035976561225,0.03983423407198747,-0.4316415915936655,0.16231986177126023,0
-0.2006980048416086,-0.30817977891024867,-0.8790386569529866,0.5985369837740325,1,0,0,1,0,0,-0.3188766245909836,-0.2617327516077154,-0.6175899766199587,-0.05242082361443573,-0.5176027189350113,-0.16077886939172326,-0.3091552879274896,0.21602793012416302,0.34262173567255744,0.556055309806627,0.6505761039274213,-0.5536800334087552,-1.3168687902190237,-0.5947453438915921,0.052027404776461714,-0.0015839830784669445,0.6465216016607742,0.9652941832830925,-0.4291756706205303,-0.3295023237687902,-0.16437458640853847,-0.2443852017150356,-0.46996714079558755,-0.11011509673624038,0.09664109301004234,0.3295023237687902,0.4291756706205296,-0.8431352397972577,-0.4846237089171882,-1.592242337851867,-1.3489428111487698,-1.0745423112758372,-0.7811045889206503,-1.6882195673050053,-1.7589765728033937,-0.9764194483286528,0.22331042096616224,0.27583454506891375,1.7020800774362477,1.143383037510063,1.0238272737859035,1.9338234963953311,1.1099319721622063,1.0157572993701793,1.3994859768436472,1
-1.305809286202831,1.289421711320388,-0.15484123025532542,1.7718540298733036,1,0,0,1,0,0,-0.43244705762817587,-0.21230762494732502,-0.1442422641769629,-0.4314363466446798,0.35708231377937705,0.17014372498431518,-0.6401332818288745,-1.1772248427555516,-0.23479353328421698,-0.19449531231161626,-0.037508360337964876,0.4795581169691158,0.38265201405490845,-0.016971455932567624,-0.11350362585509752,-0.3658654764278797,0.08706987505128821,-0.14066085814448154,0.594470599903532,0.06447137185505257,0.873163232155632,1.502072600787677,-0.04668889424852963,0.34908761678931743,-0.088565245116021,-0.06447137185505188,-0.5944705999035328,0.2152602778598393,0.19081952690966666,0.9641859028142197,0.6020527635450756,0.615217432034406,0.8256500952063961,1.247911984700014,1.009431888773073,0.8219023601333442,0.917210226264372,1.5657368413548085,0.32447439948480933,0.2487103132223888,0.38074892326932136,-0.09645999267988113,0.28677986593896093,0.3477270420022505,0.5953280020465953,0
0.004904094016293398,1.4697960731206219,-0.8790386569529866,-1.6014324776621007,1,0,0,1,0,0,-0.33149556159511606,-0.25882539121592774,1.8898735811861813,-0.7115027789296234,1.0957632772545165,0.35080957380582806,0.6527047215134849,-0.34754804634409553,-0.1267490530532842,0.935892172240199,1.1819883866464385,0.03708381121311792,-0.7304874199082554,-0.42161582773819195,-1.5530428848181108,1.17722035087333,-0.3961881183360392,0.4855689287488211,-0.5796783524084306,0.625495827724652,-1.328875371187348,-1.078783668269942,1.3562631235721105,-1.657183302202278,-1.0625792410622188,-0.625495827724652,0.5796783524084299,-0.4253475354589299,-1.4602639384448675,-0.11842961547497735,0.49868875958778525,0.3079883877961804,-0.37153966943728567,-0.38327221085833024,-0.1532996650890431,0.2638024885416898,-1.2477571662660425,-1.0140677512169813,-0.02220782410562002,0.6765972683164937,-0.093098282374475,-0.9212626601166852,0.28677986593896093,0.6817421706862145,-0.023255055489598248,1
-1.6656129592041589,0.9802085196628456,-0.8790386569529866,-0.13478617003801185,1,0,0,1,0,0,-0.25578193957032125,-0.33499823348076474,-0.10586271992482811,-0.4545823327839313,0.1525426062263721,0.09367377412174413,-1.3179354165216157,0.9901766812429191,1.2225863176821195,-0.8943472766166235,0.032299324643794466,-0.7249475393541779,-0.18340521201449075,-0.8546911495612229,1.0060796592230326,0.37486248089858415,-0.1023998168956265,0.1403926416595523,0.010024599876957354,-0.9986842558367333,0.9786239526555865,-0.35118005295840404,-1.2946158114523088,1.1066675666701686,0.09507538544255877,0.9986842558367333,-0.010024599876958064,-0.6048415121376189,1.5667224147051118,1.4160338362178355,1.428964795203394,1.3131204461064256,0.8396523146759128,0.6860596506743619,0.7510470990259361,1.9312119814451512,1.194770148383656,-0.1035484832504671,0.7988816528190786,-0.06248019957332482,0.38074892326932136,1.1407440084753266,0.6983559190505837,0.23638866577426285,0.2860364732784985,0
-1.1773079744166424,-0.9008383962538722,1.0038746524609323,-2.334755631474145,1,0,0,1,0,0,-0.6974447347149578,0.2993878040073051,0.07324181991846762,-0.5066608015972472,1.234531784669235,0.6218083470380973,1.3290169793694313,-1.2102001938288076,-0.27064428582557365,1.263332642423494,1.178008320157553,0.7122801005370923,-1.0297964244995255,0.8148930362384924,-0.8901652816821674,-0.29319194902741647,0.4094841184945593,0.47161121362605546,0.8222348332302418,0.15598260733932334,-1.0337989414558306,0.7692897077928869,0.07535017191202563,-1.3006434540970488,-1.0710319518676379,-0.15598260733932334,-0.8222348332302425,0.8280155775560533,-0.7848207026180125,0.20908432283099887,0.020630241285320403,0.18851042614798086,0.5736101447550955,0.10608304780917345,-0.26403600355210183,0.139780294854656,-0.7759052986632599,1.413983630027056,1.6473407789746017,1.4416072789392878,0.7192112130148905,0.9821281108913258,1.5215080252738291,1.795125932966095,1.2139110595827887,1
-1.6656129592041589,-1.8027102052550381,0.27967722576327125,-0.4281154315628296,1,0,0,1,0,0,0.9430170758222637,-0.6548078765774086,-0.11865590134220637,-0.45400368313045003,-0.5960586869406028,-0.15272940087987366,0.5176176580774128,-0.036053421893542666,-1.2577207259214171,0.9142246084809056,-0.06260185605014276,-0.5288480834609243,-0.18600748222696475,0.11783746102336334,-0.9815183704850156,-1.5897928574730127,0.6103321102942911,-0.18309085869454975,-0.0632699944762795,-0.6585353003337585,-0.6020181511494277,-0.9337791038392996,0.12175786350662665,-0.6298635922398566,-0.0973671089196589,0.6585353003337585,0.06326999447627879,0.27096530510494976,-0.7848207026180125,0.6366719645082435,-0.354064273059855,-0.10165033785478751,1.3927399837218248,0.4323198869208419,0.5111183656893089,0.8219023601333442,-0.49834537654397587,-0.7864379342253526,0.41570656358755365,0.4172718409867329,0.12690220596014448,0.5697267771729232,0.6983559190505837,0.4033962301162448,0.10046155601764112,0
1.0072143259485644,-1.0812127580541053,-0.15484123025532542,0.5985369837740325,1,0,0,1,0,0,-0.7100636717190902,0.31101724557445576,-0.15703544559434116,-0.4146555066937224,1.110896751962668,0.5596485624188144,1.5465741582326054,1.048216560700019,0.2683664914144113,0.8632669329291266,0.8954167503854572,0.1253923666217154,-1.1564758063067186,1.8896978586104738,1.0067551929114662,0.2194029171295257,1.069067970578118,1.4375945365715008,0.4251360800282837,-0.2506245554141756,-0.2623851801188494,-0.43016487415742083,-0.14638721151567258,-0.10614843362115094,0.23944563048912215,0.2506245554141756,-0.4251360800282844,2.5827239357770297,1.6918044954137887,1.6919946546052762,1.5710903006446677,2.0318846915773383,1.6447799341731264,-0.9541866793037505,-1.2052948804881005,1.752068812786101,-0.1375174777889068,-0.2553016945782196,0.5434315933313949,0.37837302688726915,0.31305646532020776,0.8552353928241243,0.28677986593896093,0.18071947766026855,0.7190446135538346,1
0.08200488108800677,0.49062096620506923,0.5693561964423357,-0.4281154315628296,1,0,0,1,0,0,-0.5333985536612357,-0.12159798072354969,-0.19541498984647596,-0.40771171085194696,0.49767326542899815,0.22157088492113197,0.32378160075443435,-2.7310836452134586,2.1040073358616302,-0.1590676690778527,1.0577742814010433,1.0187251363040235,-0.9168668546817674,-0.4692240243763199,-0.7898526335414607,1.6463047822623893,-0.5555364286313297,0.07221273314935257,0.9848575718326791,0.4126498344833025,-0.9190693140258933,2.9572409834558173,-1.2218709756400792,-0.3359702542804563,-1.304656692485113,-0.4126498344833025,-0.9848575718326797,-0.6760201580619267,-1.009968447893631,-1.2010451337641732,-0.3023822710812103,-0.4942207832702994,-1.6632444155002057,-0.22015379130249568,-0.6516131881728072,-1.3484860293897554,-0.8314172830871166,2.9315157433045793,0.2514886682026129,-0.4385020692014777,-0.5330992590437151,0.2207718024881207,0.7806711296729086,1.127095675598167,-0.1469716669968365,1
-0.38059984134227254,-1.158516055968491,-1.6032360836506476,-0.13478617003801185,0,1,0,1,0,0,-0.016022136491804253,-0.48966980632386886,0.03486227566633282,-0.5014529547159157,0.037483608885764484,0.010943125527734526,-0.5185339609290929,-0.10929318324601665,-0.19143205542768618,-0.6826721502718754,-0.38024550471327623,-0.15075418838684815,0.49675287853438316,-0.9885272359566428,-0.31857725358585687,-0.02569038262814868,-1.451282356894746,-0.7702154166853292,0.5119677661598024,-0.7133741297612556,-0.26669067151867687,-0.16913537515213836,0.2358776758112331,-0.5168207095092991,-0.25762766510867785,0.7133741297612556,-0.5119677661598031,-0.8152827261747027,-0.03432821836595151,0.9277954652246664,0.7700192699756713,0.08610074473523979,1.0461850518512859,1.5741488238116832,1.397009073393778,0.38782468222872474,-0.16527347000083534,-0.02767187758659086,0.4339529964081015,0.4950694691856613,0.24536400737109418,0.2207718024881207,0.9453015509175579,0.6260729825722207,0.22417816752487937,1
-1.4343105979890196,0.43908543426214564,0.27967722576327125,-1.6014324776621007,1,0,0,0,1,0,0.19849979257844777,-0.5350246284357565,-0.5280377066983108,-0.13343177510181614,-0.7674120683935317,-0.3083524587756323,0.14043887757353626,1.3513069362243595,0.4441806234735952,0.18478943549826538,0.24651503361730845,0.33376827234459383,-0.4239988335931631,-0.3109967762530232,0.72856382809104,0.13642739933025294,0.057149885120896124,0.21100125665437808,0.4513710056427588,0.007555847346540335,-0.506027992396117,-1.124851928744154,-0.470113413108704,-0.19296975793798077,-0.11447995795338338,-0.007555847346540335,-0.4513710056427595,-0.3139374809687093,0.641115017460903,-0.07294156848803632,0.007709740790658993,0.03489590402886805,-0.024984737566746233,0.2692014673650073,0.06817301183707392,0.015758101167622184,-0.44283339212011924,-1.0140677512169813,0.20587258615124074,-0.07544647093981212,-0.14386762583630988,0.6014499566897238,0.6160407084282594,0.6817421706862145,0.10046155601764112,1
-1.305809286202831,-1.7511746733121147,-0.4445202009343899,-0.8681093238500562,1,0,0,1,0,0,0.9303981388181312,-0.6501560999505483,-0.4001058925245282,-0.22022922312400942,-0.9053216429855997,-0.3298177081405645,-0.1597819286737605,1.9844570507462056,0.3666056095387006,-0.324381246879224,-0.5949791698508455,-0.4127406359378582,0.2530281220761222,-0.5515894911925021,3.752231290706049,0.18686890034073733,-0.3440553906815779,-0.5207401135331441,-0.02757457514840374,-0.5355808722489565,-0.3289610590745518,1.0351733561848042,-0.31337692632562875,0.09705870130644025,0.2651006934589298,0.5355808722489565,0.027574575148402326,-0.5367575899491508,3.4179372091935294,-0.07294156848803632,0.03355074177998182,-0.10165033785478751,-0.4660546508565234,0.35076067714292497,0.40038202722625016,-0.23228628620644656,0.19555442875423396,2.096873081001942,2.4775534723095745,1.8824605053998806,1.8192136546879905,2.377948009630533,1.6038232358961542,1.4054416161681371,2.3273605631479377,1
0.3647077670176212,-0.9008383962538722,0.5693561964423357,-1.6014324776621007,1,0,0,1,0,0,-0.785777293743885,0.9797101356856202,2.1329440281163685,-0.7219184726922866,2.6672473890085517,1.311379482886545,0.9530384665652679,0.4500319010477572,-2.0104103653369805,2.2785200015288396,1.7130563561868424,1.1891023626369202,-0.6317189417711737,-0.10967992429340315,0.8487055162990185,-1.4084376763938589,0.5343683194542682,0.23681574189844237,0.8063022000563537,0.8221130942085976,-1.4348140753224294,0.23253164756677844,1.3329542829974454,-2.5482630459049207,-1.9958526821111116,-0.8221130942085976,-0.8063022000563543,-0.14682239923337803,0.7161642658861095,-0.1548200530645294,-0.8450432918569822,-0.6136987449184976,1.0146800580448727,0.5954383064766764,0.2342775195316623,-0.29429738304996345,-1.3032691506898992,0.4275877563966659,0.5981708917930423,1.2471132084419672,-0.0423289389126401,-0.7309235830158842,0.4514102871836102,1.0157572993701793,-0.332546584257695,0
0.2105061928741954,-0.7204640344536393,-0.15484123025532542,-0.8681093238500562,1,0,0,1,0,0,-0.7353015457273552,0.4621999859474147,0.7768667978742723,-0.628177228828318,1.8138318464919418,0.840932767638447,-0.5913794047274032,-3.1940527901381492,2.235624353294037,0.05952251626032625,1.1885069839483497,0.8549496610224173,-1.4597556885777274,-1.017136394600394,-1.6789819611478747,1.9065010270478655,0.06545662230453732,0.8513286022964844,1.5601216811746321,-0.38126032008238236,-0.1939832428878126,2.701970422351833,-1.1403237148871472,-0.015505413197836401,-0.713960604933997,0.38126032008238236,-1.5601216811746328,-1.0102503215325889,-1.6103624352952797,-0.4186507255887879,0.5762117625557528,0.5810808715634928,-1.222174502210428,-0.5463906304141645,-1.149926711256571,-0.23228628620644656,-0.026493508941193386,3.007392348968456,0.7350191379471587,-0.02358138547386016,-0.025405824425361403,0.886958572340925,1.1922471827845313,1.0714264874841732,0.34789477903211874,1
0.46750881644657266,-0.35971531085317227,1.0038746524609323,1.478524768348486,0,1,0,1,0,0,-0.5207796166571032,-0.1338088943690579,0.13720772700535894,-0.5124472981320601,0.7377094977261722,0.2931217161375727,-0.8467712538759707,-0.36646593132293,0.7193563728320139,0.2916756882402267,0.5066761595476357,-0.4006077148342562,-0.3355994693345747,1.446241134520595,0.2279421229917512,0.36679495153229213,1.614037381217352,1.5861150355554077,-0.7279513648365089,0.17559215780023885,2.622523142285828,0.731333406461608,-0.6147907075228263,1.2064168008200322,0.8898287976120614,-0.17559215780023885,0.7279513648365081,1.050835686536495,-0.03432821836595151,-0.6824813981130464,-0.40574627503850064,0.22264698661889537,-0.5290646384693491,-1.4435419379712537,-1.3713993881826885,0.015758101167622184,2.49930178234429,0.7310941790521709,0.12376363845877164,-0.21807545597118072,0.2622871218583729,0.664896315723324,-0.7010026615289333,-0.7099875321636356,0.5953280020465953,1
0.8530127518051386,0.33601437037629844,-0.4445202009343899,0.5985369837740325,1,0,0,1,0,0,-0.028641073495936725,-0.4855995017753661,-0.5024513438635544,-0.1363250233692226,-0.5554835976506626,-0.2681051162163844,-0.816652393271473,-1.1379063058509347,0.18520287205111938,-0.6117046133343296,-0.1923191929810247,-0.2116825530592787,0.2934570322988034,-0.33946059941810713,-0.32016424821667233,-0.952354385866935,-0.2503348763584752,-0.33966424261415934,0.2430696413654208,-0.529783266025729,0.7963900011710936,1.2410786001720322,-1.210202843516245,0.5781456905339117,-0.08159165273886566,0.529783266025729,-0.24306964136542153,-0.6760201580619267,-0.7848207026180125,-1.6923160412231368,-1.8140808289565742,-1.7914100811650315,-0.655084613695,-0.5463906304141645,-0.7069813574043363,-1.9065859009814097,0.8616982418405155,1.33810702436318,0.37921369794645543,-0.3347718982695729,-0.093098282374475,0.9186817518577256,0.2044646553166367,-0.04195727479570725,0.10046155601764112,1
-0.6119022025574117,-0.35971531085317227,-0.15484123025532542,-0.13478617003801185,1,0,0,1,0,0,-0.6595879237025604,0.18600074872758593,0.2651395411791416,-0.5396438318456808,1.198797417530173,0.5600957551139172,-0.8507253668278034,-0.255929008304977,0.3485867597486858,0.2798593785113801,0.9545350232143971,0.21103357354758026,-0.9253380484020362,-1.0704016561801875,-0.4107049157449697,0.6206963333885549,-0.1999978050856715,0.1867474167128043,-0.5252107151899527,0.8087222172553705,0.11342160882840534,-0.06016457291761582,0.1472101770272707,-0.5763863653280842,-1.0586197744677832,-0.8087222172553705,0.525210715189952,-1.17736540326792,-0.7848207026180125,-1.455778196891044,-0.9742482968035945,-0.9892009100985523,-1.222174502210428,-1.1988643086375024,-1.149926711256571,-1.2864749325462383,0.3065783976019474,0.19995793940503753,0.8080048692293539,0.7673611678819103,0.46536449570571364,-0.2550758902638815,0.36909507656128593,0.9044189231421907,0.5334696962929761,1
0.08200488108800677,-0.7204640344536393,-0.8790386569529866,-1.161438585374874,1,0,0,1,0,0,-0.6091121756860305,-0.01751447869755106,0.09882818275322415,-0.5095540498646537,0.9281381215762295,0.38032429168260984,1.6851203558819223,-0.4447170893518267,-1.1583010097605213,1.6345939349939973,1.507796614003533,0.21631693317916947,-1.7967172196120587,1.1061297360915185,-0.5152018059600486,-1.7721236185183389,0.6097289521048518,-0.06028471822930975,-0.38904162214375715,0.6808772410604255,-1.2379690760579953,0.09427030239112814,-0.1973770500045152,-1.6036341593413643,-2.0190657378811956,-0.6808772410604255,0.3890416221437564,1.245803281894381,-0.3345252120667762,0.5638910893291381,-0.5091102789957901,-0.2552648599739003,1.6447799341731264,-0.30171300108041293,-0.1532996650890431,0.7598912632898273,-1.1089772052064004,0.27583454506891375,0.561678026151944,0.36540675552078095,-0.33002188519637315,-0.28679906978068154,1.3568776040291806,2.017802685422071,0.16231986177126023,1
0.9815140635913272,-0.4370186087675581,1.0038746524609323,-0.8681093238500562,1,0,0,1,0,0,-0.5460174906653681,-0.12043503656683462,-0.2210013526812325,-0.39671736743580244,0.4998711878630743,0.21396860910438514,1.4136386885318202,-0.32502036067078194,1.1678506324164075,0.3213990928909077,0.9652307677197669,-0.7571317987685736,-1.256229957027281,1.4148275984556504,0.03951489914561149,0.8597465495770429,0.997475506307841,1.2571920475887948,-0.47959406901947754,-0.5569819125050662,-0.5520199422128719,0.48568580364044717,-0.7325285690572368,0.5548901978147299,-0.027443929250578886,0.5569819125050662,0.4795940690194761,0.744458036688388,-0.40957446049198204,-1.3375092747249961,-0.7675202888890147,-0.3747428216220998,-1.2536794960168407,-1.6066603575270884,-1.648240234340335,-0.8523972546416179,-0.3595654154843339,0.8069707847160468,0.9174834661526473,0.35244048415429274,0.5669031826293847,0.9186817518577256,0.8629863402952329,0.6260729825722207,0.6571863078002155,1
-1.485711122703495,-1.4419614816545723,0.27967722576327125,-0.8681093238500562,1,0,0,0,1,0,0.791589831772674,-0.6362007700699674,-0.4128990739419065,-0.21733597485660297,-0.8699990559918621,-0.3213210469336122,0.5153653461689861,0.5876911604416633,-0.4832238687080837,0.866262368496601,0.6937203278015062,-0.6426710083392455,-0.4971287893209287,0.09168953373564974,0.5941670405463343,-1.04223305039628,0.339967861125293,0.2434995560715076,-0.8195116582252774,-0.06374491962016399,-0.6250129574676634,-0.2114010633816864,-0.38676048645667405,-0.8331582616948386,-0.6641404786035268,0.06374491962016399,0.8195116582252766,-0.007559831120602114,0.41596727218528484,-0.32767463161490584,-0.7933612898783374,-0.6307670251539549,0.6681251261743327,-0.709509049969999,-0.4301405112466897,0.07776919801113909,-0.6648813298155464,-0.3311783002420958,-0.43275256256796935,-0.5551985114998699,-0.8207922053274488,-0.033013633646279864,-0.20711139779498602,-0.26463402725168356,-0.8892713360402683,1
-0.7918040390580765,-0.12780541711001567,-1.6032360836506476,-1.6014324776621007,1,0,0,0,1,0,-0.34411449859924853,-0.2541736145890675,-0.24658771551598904,-0.37357138129655093,0.12538427445327108,0.09322658142664138,-1.2721273362787804,1.6986882492121431,0.5201889322310232,-0.9734329497717455,-0.7488576075219315,-0.4799431172632483,0.4965981539783176,-1.578380417379526,1.6059474333363286,0.5469524336905851,-0.9688306858754976,-0.4016053615274102,0.12009793795335687,-0.7736968421314995,0.19182491255210493,-0.7227000476320299,-0.16148124882477674,0.35436919071619793,0.5814620964119224,0.7736968421314995,-0.12009793795335758,-1.4558905394934718,1.7668537438389946,0.5365982611369737,0.7570987694810098,0.2909201075607231,0.2270552128845555,0.6769975162545934,0.6772228733838963,0.6358690696027934,0.3898463742377325,-0.482931511569848,0.8171280856396278,0.5987996401175653,0.7192112130148905,1.0772976494417266,0.36909507656128593,0.013711913318286572,0.7190446135538346,0
-0.894605088487027,-0.2824120129387873,-1.6032360836506476,0.3052077222492148,1,0,0,1,0,0,-0.24316300256618875,-0.3751198068874346,-0.5152445252809326,-0.13343177510181614,-0.3761900718137507,-0.18537446762237475,-0.9930540013053767,-0.6433306203434922,0.3379798800145664,-0.970627958975917,-0.6117001185339739,-0.5784136704137693,0.27328789420154265,-0.9500288889086417,0.06845511045998266,0.07171588987866585,-0.4943639957707948,-0.3883322646174274,-0.8079054238520522,0.012383503443245562,0.43160809048126264,0.9515682929487795,-0.38996226529890987,0.821052877148913,0.41610923904112207,-0.012383503443245562,0.8079054238520514,-0.8152827261747027,0.26586877533487285,0.6184767457134681,0.5632912620610914,0.32505666803163763,0.3530751881102058,-0.30171300108041293,0.06817301183707392,0.3258135853852078,0.3898463742377325,0.8828473903799233,-0.0039613912850709025,-0.2051091846046925,0.12690220596014448,0.15732544345452057,-0.28942660841731066,-0.32030321536567735,0.2860364732784985,0
-0.9460056132015023,0.9802085196628456,1.0038746524609323,-0.13478617003801185,1,0,0,1,0,0,-0.36935237260751347,-0.246033005492062,-0.10586271992482811,-0.4545823327839313,0.29586500228236695,0.1620942564724656,0.11133183994939118,0.21201397118096166,0.7535249847712514,0.029895646422769543,0.7308742506093616,-0.2522399751010352,-1.0535721907922875,1.055356085480304,0.015476973371228527,-0.34155111520719456,1.0505982307927506,0.9776383529506976,0.8285736227725414,-1.1657944725380867,0.8996897321633667,-0.2754913369070094,-1.3733198291379674,1.001368132008846,0.0043012487270511915,1.1657944725380867,-0.8285736227725421,1.8028535543454847,0.7161642658861095,2.1559727338720744,1.5969313016339897,2.0489529718127955,2.1488598350757298,-0.05703537174666111,-0.4301405112466897,1.752068812786101,1.3890620938671545,0.19995793940503753,1.5652318312821314,0.4691369264526849,0.8715192434003977,1.8069307783281299,1.3568776040291806,0.793080546914203,0.8427612250610729,0
-0.2006980048416086,1.0059762856343069,-0.15484123025532542,-0.13478617003801185,1,0,0,1,0,0,-0.44506599463230834,-0.20067818338017435,-0.7327286093763631,0.3121284580787761,-0.7560761422559342,-0.3955550343206694,-1.288937284290679,-0.31980315209285987,-0.0049614776928750505,-1.0959084349114714,-1.132964414665298,0.8003705233744272,1.3676307028215802,-0.07538907939844053,1.2179971065455075,-0.012971855571032254,-0.38139914349877607,-0.19143110689428,0.8018189915875111,0.29637562078413626,1.7169707901661124,1.659102625976389,-0.006252957631257498,1.1023127315075263,1.286014010249673,-0.29637562078413626,-0.8018189915875119,0.1317027369921738,1.5417059985633763,0.8732098088403377,0.7312577684916879,0.529876030857121,0.7311351137871589,0.758556726032511,0.40038202722625016,0.8839134569768611,2.3882778134965768,2.476256109321323,1.738572943077346,1.4675398216722642,1.9207523416116614,1.7752075988113303,-1.277209135885205,-1.32234860141757,1.9562107286262216,0
-0.6376024649146498,0.4648532002336079,-0.4445202009343899,0.3052077222492148,1,0,0,0,1,0,-0.2810198135785862,-0.313483766581536,-0.2849672597681238,-0.3272794090180478,0.0034933913019904545,0.011837510917940035,0.003016189312283847,0.9554772201766644,-1.744785785721772,-0.7031789282473537,-1.8064160715473145,-0.8439097074106806,1.2773066630003629,0.421447179329446,0.6227069596638523,-1.0396513884740992,0.15391240574684661,0.050033625432366814,-0.5532824974487066,-0.6022533438160685,0.4169109711644221,-0.6876083081340288,1.340431237932697,1.1025662736222281,2.3972774609612744,0.6022533438160685,0.553282497448706,0.49378541408539117,0.7161642658861095,0.35464607318920965,-0.26362076959722697,-0.18699173903207253,1.1722050270769362,-0.46483142063624716,-0.26403600355210183,0.139780294854656,0.3898463742377325,-0.6346847228976005,0.041654690766301246,0.7284623537824456,1.1761353041714093,0.2524949820049213,-1.4418395571298541,-1.7677021063295222,1.0283361423219313,1
-0.38059984134227254,-1.4419614816545723,-1.6032360836506476,0.3052077222492148,0,1,0,1,0,0,-0.016022136491804253,-0.48966980632386886,0.188380452674872,-0.5298067877364988,0.14163885727932998,0.03285556758776951,-0.6375525420129114,-1.138225538389834,0.053967826022087835,-1.212475724003182,-0.8975865190248123,0.11474751440638647,1.139363908375305,-1.156288083256586,-0.6777586119077696,0.1926714544428526,-1.491824969456339,-0.9642085441490429,0.5729678037288967,-0.41176056791003435,-0.26881709924446007,0.8832865733649067,0.11984040444576807,0.15870837791360903,0.22554445950186477,0.41176056791003435,-0.5729678037288973,-0.9266927806649233,-0.25947596364157,1.5464329042470641,1.428964795203394,0.6322857122698633,1.109195039464111,2.3081817118129377,2.1167952734036595,0.8219023601333442,-0.3040534310604773,0.7310941790521709,-0.2046721523111086,-0.11434528503927678,-0.0423289389126401,-0.15990635171348128,0.2044646553166367,0.013711913318286572,-0.08511336124321738,1
-0.894605088487027,-1.3131226517972627,-1.6032360836506476,-0.4281154315628296,1,0,0,1,0,0,2.1165782172065835,-0.7280733584504578,0.9303849748828115,-0.644379419125794,-0.3494429260743224,-0.06194928377401448,-0.5228450810392969,-2.5326070494297666,1.1018714883803593,-1.3733623027123993,-0.8304657082648587,-0.879538903845132,0.17988985176485814,-1.3468441043518313,-0.10535920060314821,1.642077544549475,-2.455130687807868,-1.6000208380013714,-1.171446535938352,-0.037759751214519306,-0.6187219470427336,3.370536121790714,0.14383433338820953,-0.5791416943341882,-0.4824628359177619,0.037759751214519306,1.1714465359383512,-1.223786259305512,0.06573744620098994,0.5365982611369737,1.3643622927300878,0.10885845171584906,-0.6655862782971376,-0.08422177500596675,0.5664865349208381,-0.06692336129040147,-0.5816133531797613,3.159145560296209,0.023408257945752128,0.09311505682453199,-0.14386762583630988,-0.15990635171348128,0.28677986593896093,0.29205785388825667,-0.1469716669968365,0
0.2105061928741954,0.4648532002336079,-0.15484123025532542,1.0385308760612593,1,0,0,0,1,0,-0.7353015457273552,0.4621999859474147,-0.5408308881156891,-0.1305385268344097,0.7387635846727023,0.4563470498500781,-1.5681307162565958,-1.4368931945155514,1.0393347730227949,-1.195530788906346,-0.4034938624573867,1.5926519672918589,0.16968600644918927,-0.9598930058671907,-1.5463869463458992,1.7968824640384162,0.033376694656496744,0.9319317756238054,1.6930105103547295,0.4930801176436292,1.2214101521007033,0.42304450752576794,0.38488813303122965,1.6481807256801484,1.4344117757904036,-0.4930801176436292,-1.6930105103547302,-0.9266927806649233,-1.4602639384448675,-0.16391766246191838,0.7700192699756713,0.7517636739180628,-0.8756195703398886,-0.38327221085833024,-1.0391903727935126,0.07776919801113909,1.0837461795359422,0.35171115073279,-0.10431677179808911,0.10608132819102022,0.7699805564767266,-0.28679906978068154,-1.1948939252628807,-1.1553410370755877,0.40975308478573785,1
0.8530127518051386,-0.6173929705677911,-0.4445202009343899,-0.13478617003801185,1,0,0,1,0,0,-0.028641073495936725,-0.4855995017753661,-0.68155588370685,0.18771878258029903,-1.01176655336568,-0.518533025473927,0.5852190811340025,-0.13694574674550575,-1.4296679844170737,0.22848645390629438,-0.14976680156262945,0.7012308179462433,0.5560749351451485,-0.14596836989222509,-0.3887441350419644,-0.935666436222433,0.008094773050516094,0.07628034739907592,0.46715141202740545,0.4930801176436292,-0.9596112534322779,-0.2014730054397036,1.0141494957827004,-0.30064382011921714,0.26917708947530583,-0.4930801176436292,-0.4671514120274062,-0.3696425082138195,-0.6347222057676005,-0.973604898829468,-1.2455788071914804,-1.176951992688579,0.1010352376589052,-0.46483142063624716,-0.7069813574043363,-1.2244638357027204,-1.0257092285706153,-0.482931511569848,-0.9618991143638861,-0.3607044410025493,-0.44848368660732285,-1.0481553781838862,-1.1948939252628807,-1.1553410370755877,-0.76555472453303,1
-0.27779879191332196,-0.12780541711001567,0.27967722576327125,-1.6014324776621007,1,0,0,0,1,0,-0.4955417426488382,-0.13671625476084556,-0.24658771551598904,-0.37357138129655093,0.36744909743890647,0.18355950583739783,0.23198310670368133,1.282704456125965,0.15901141766923588,0.2195863321697398,-0.330341405203498,-0.6777081753272656,0.1574530201546102,0.49813472682674614,1.311899389424128,-0.23831644945981642,0.7211751584289743,0.13857111504789912,-0.02757457514840374,-0.8969649934967807,0.17515219273641142,-0.44632011214161815,-0.4568589834242149,0.4184579738621879,0.5647477287187941,0.8969649934967807,0.027574575148402326,0.7166055230658329,1.6167552469885829,0.8277217618533966,0.5632912620610914,0.8541733553308051,0.3845801819166189,0.35076067714292497,0.40038202722625016,1.13195784435093,0.3898463742377325,-0.17942508891434333,0.8809906005115491,0.4821031978191731,0.6345956405784983,1.3628062650929278,0.36909507656128593,-0.04195727479570725,0.6571863078002155,0
-1.5628119097752085,-0.7204640344536393,-0.15484123025532542,0.3052077222492148,1,0,0,1,0,0,-0.6848257977108253,0.25577739813049005,-0.7455217907937414,0.4336448853098467,-0.2006745132716574,-0.1384192346365855,-0.5033938603125504,-0.7514753896539632,0.5062967730866631,0.18149887291726483,0.4294510041516358,0.5906589933538344,-0.4671538936145769,0.03532353314082896,-0.9361074851432775,0.14716149037573475,0.9826064191885253,1.283753900806301,1.7556215933338144,-0.9356157016516281,0.7352762748396724,0.09365162703257034,-0.5442415442241827,0.7291424371295772,0.6950284835405307,0.9356157016516281,-1.755621593333815,0.1317027369921738,-0.7848207026180125,0.41832933897092733,0.4340862571144791,0.8371050750953478,0.6681251261743327,-0.05703537174666111,-0.762349526635866,0.3258135853852078,1.1670141561717275,0.5793409677244183,1.455753234358838,0.8970238815467907,1.1761353041714093,1.8069307783281299,0.7806711296729086,0.3477270420022505,1.3376276710900281,0
0.9815140635913272,0.0010334127472937634,-0.15484123025532542,-0.8681093238500562,1,0,0,1,0,0,-0.09173575851659908,-0.45943325824927705,-0.34893316685501513,-0.25494820233288673,-0.26714465310936397,-0.1563069424406957,0.6290124220685424,0.9425022930261843,-2.016897393407238,0.6099863113360836,-0.685516303210409,0.8565992497430053,0.7257161233287448,0.805020757954721,-0.14753731350011284,-1.3585713338310663,0.7890534999952071,-0.09763825982136858,0.9659140628556914,0.21031740340811067,-0.07028982866830395,-1.4414136175606327,1.3919331328700777,-0.04164020992266423,0.7958800110256187,-0.21031740340811067,-0.965914062855692,1.5521809317424884,0.5660657690356972,2.3015344842302863,1.0284292798688959,1.349153482159058,2.4324047793334436,1.7372672433675176,1.2862727349307197,1.6280466190990672,-0.026493508941193386,-1.317574173872486,0.20587258615124074,0.9099901529132779,0.8376730144258402,-0.3185222492974822,-0.37174181903963527,-0.32030321536567735,0.5334696962929761,1
1.0072143259485644,-1.1842838219399534,-0.15484123025532542,1.0385308760612593,1,0,0,1,0,0,-0.7100636717190902,0.31101724557445576,-0.7199354279589849,0.3005554650091503,0.05144053786971456,0.006918391271809734,0.6264517031763182,2.1784076025180563,0.488540323268804,0.305858019741874,0.3028880634557257,-0.9715500355286892,-0.9465508494032523,1.7835268477826003,1.7871446063416851,0.006380038543218568,1.0152572118644014,1.1225332957317824,0.07195265285990604,-1.3964401374831386,0.9109826688565895,-1.199610564860136,-0.6614396646588007,0.5935172198570886,0.7021659631766967,1.3964401374831386,-0.07195265285990675,2.8612490720025816,3.042690967067499,2.538072328562379,2.152512822904422,2.5951379393474188,2.211869822688555,-0.709509049969999,-0.8177176958673952,2.6822352654388593,1.055990187324014,-1.0140677512169813,0.6072941082033162,0.14498014229048395,0.38074892326932136,1.3628062650929278,0.5337254978059351,-0.09762646290970158,0.5334696962929761,0
-1.305809286202831,-0.3854830768246345,-0.4445202009343899,-1.6014324776621007,1,0,0,0,1,0,0.9303981388181312,-0.6501560999505483,-0.029103631420558513,-0.4846721147649583,-0.5163665173370557,-0.12545064647860563,0.43675414765404863,2.4292333482060657,-0.047017354872298474,0.7160552380646121,0.3427371896119836,-0.02039582676211257,-0.5436564700773762,-0.5186823354353813,2.914593682819459,0.4078246058540588,-0.5349588517744327,-0.36419662870548075,0.5274811195133241,-0.550966827225982,-1.1255785522072286,-0.41442303788963075,0.47409869762942036,-1.4978004706414991,-0.8011422551890398,0.550966827225982,-0.5274811195133248,-0.48105256270404034,2.7424939733666744,0.06352257247278678,0.26611975068388355,0.03489590402886805,-0.2770246880180474,0.6769975162545934,0.4557501964577793,-0.17027518936292965,-0.8869292675109735,0.04820472807728505,1.5834782641026803,1.6361013494366081,0.7869036709640054,1.0455744699249259,2.097714499630101,1.9064643091940836,0.9664778365683122,0
0.2105061928741954,0.8513696898055362,-0.15484123025532542,-0.4281154315628296,1,0,0,1,0,0,-0.7353015457273552,0.4621999859474147,-0.041896812837936774,-0.4806215671905893,1.357548890776926,0.7268986303872447,-0.6456821242228615,-0.7814143714368764,2.1650741133524063,-0.20591831711926672,0.6362613042944362,0.7845670562706272,-0.749840077718656,-1.0850874189537723,-1.4679599432888657,2.049981438594641,-0.2890831898433204,0.8982983760133515,1.37244176550182,-0.29111514316954507,-0.18636985244601706,-0.3980542980197236,-0.89969519703354,-0.008467580865700408,0.04984266749096164,0.29111514316954507,-1.3724417655018208,-1.038102835155144,-1.3852146900196616,-0.13662483426975403,0.9250652759116064,0.7517636739180628,-0.844114576533476,-0.5463906304141645,-1.0945585420250417,0.139780294854656,-0.3318094232724056,-0.5588081172337243,-0.6608329728248301,-0.9830854665939747,-0.9223308922511192,0.31594134103852145,-0.37174181903963527,-0.5429799678216537,-0.8274130302866491,0
0.08200488108800677,-0.3854830768246345,0.5693561964423357,-1.6014324776621007,1,0,0,0,1,0,-0.5333985536612357,-0.12159798072354969,-0.029103631420558513,-0.4846721147649583,0.6445635680919086,0.28104751336979833,0.4958066599590729,-0.28672014803760804,0.6961987698767375,0.8532782715523788,0.9009816772530322,0.1757889868589726,-1.127993993426063,-0.24650917433464659,-0.8713991101789792,1.5679660584973296,-0.34183636357853975,0.4570990586388572,0.5516412599819246,-0.30735587342307225,-0.9357402924115816,-0.4794160979502804,0.6239276335012397,-1.491682982547771,-0.7250520432278509,0.30735587342307225,-0.5516412599819253,-0.28608496734615396,-0.8598699510432187,-0.2185033188462471,0.6020527635450756,0.4274663494443799,-0.844114576533476,-0.22015379130249568,-0.4855086804782194,0.015758101167622184,-0.6371253376036178,0.04820472807728505,1.8571747564109133,1.9732244049652974,1.0745966172477384,1.1724671879921262,1.933084078385452,1.9064643091940836,1.4613442825972665,1
0.8530127518051386,0.0783367106616796,-0.4445202009343899,-0.8681093238500562,1,0,0,1,0,0,-0.028641073495936725,-0.4855995017753661,-0.630383158037337,-0.01480859613815197,-0.8463320058902002,-0.3620155821879628,-1.0559608383394194,0.2158685260227614,0.8046252251848501,-0.5170032254822813,-0.1807487165598554,1.2211319489892272,0.7868243166700095,-0.1334527867386739,-0.42983806371200695,-0.9546901203070868,0.5484840188134659,0.2803512261524238,0.7610291440431215,0.9106988955914741,1.3349947985648078,-0.726888662803437,-2.0593211388767014,1.242305367521231,0.5086905902698771,-0.9106988955914734,-0.7610291440431222,-0.20252742647848845,-0.4846237089171882,-0.30038180342274146,-0.7287587874050313,-0.4942207832702994,0.5106001571422693,-0.13859458152457876,-0.4855086804782194,-0.4803306735805153,1.4445740782910115,-0.5588081172337243,0.5160619441005718,-0.6978274965312384,-0.21156008378542468,2.0607162144625315,-1.1948939252628807,-0.9883334727336057,0.9664778365683122,0
-1.1773079744166424,-0.7204640344536393,1.0038746524609323,0.3052077222492148,1,0,0,1,0,0,-0.6974447347149578,0.2993878040073051,-0.7455217907937414,0.4336448853098467,-0.14339691136092045,-0.10487978250387892,0.26383392343461437,-0.762174666372492,-0.18661046547034948,-0.1856160494165206,-0.10487667443133253,0.478911843897335,0.08698796302514021,0.9865901527955695,-1.136562624210868,-1.135990220672045,0.7900891233317601,0.717115610674049,1.578223524893075,-0.9120842410985298,0.6189217630705227,-0.09247483773935275,-0.8864578595105969,1.0341941578427756,0.8364686317920894,0.9120842410985298,-1.5782235248930756,1.4686233908748227,-0.7848207026180125,1.4827496384653478,0.5503707615664309,0.8712416355662611,2.4639097731398567,0.8401159358104279,0.12354118106860354,1.2559800380379649,1.63886602377451,0.9587239960437993,3.307766165644547,2.1417859327296416,2.5638306921282434,3.6468751903025405,1.2745623934068555,0.848749735028197,3.255235149452228,1
0.08200488108800677,-0.4885541407104817,0.5693561964423357,-1.161438585374874,1,0,0,1,0,0,-0.6343500496942954,0.1400644545373407,0.6745213465352461,-0.6160255861052109,1.3150646565363096,0.5837969679543632,1.073303562082195,-1.2178145001750735,2.5018040493904645,2.252162764003234,3.21155485029008,2.0412859234972554,-2.653269069361928,-0.1840172878127426,-0.9069516326227296,1.6320094124559474,-0.4606243493301425,0.2721476888739045,0.6312676384277316,2.1579869790623687,-1.676322635953831,0.7629243843413788,-1.7800378773180496,-3.4992738166176505,-3.909479345438872,-2.157986979062368,-0.6312676384277323,-0.03541234474315745,-0.7097714541928067,0.6366719645082435,1.4548057961927168,1.1614023995690306,-0.4660546508565234,0.35076067714292497,0.06817301183707392,0.8219023601333442,-1.5808290728091832,0.5793409677244183,-0.3050275328241268,-1.1386807229918314,-2.2084875932842825,-0.2233527107470814,1.0276167615398821,3.075517259587958,-0.1469716669968365,1
-0.6890029896291251,0.5421564981479937,-0.8790386569529866,0.5985369837740325,1,0,0,1,0,0,0.7158762097478791,-0.6263157447378894,0.4570372624398156,-0.5847785048172213,-0.12811479102552562,-0.029751409726616142,-0.0279361837704229,2.3139788688777125,-0.06596023069518937,0.11612255433082617,0.2303171663200027,0.3276971786667237,-0.07165671410704315,-0.33044895320557666,2.749674270036805,-0.8352154291770368,-0.4680731353104159,-1.1234006075870142,0.17516607449815386,0.2732122875090939,-0.29133475690687605,-0.42144529532992003,-0.7491411134128616,-0.6210073878436265,-1.3962056373438285,-0.27321228750909315,-0.17516607449815458,-0.09111737198826762,3.2678387123431163,1.0824548249802661,0.42116575661981864,0.20557870638343811,0.7626401075935709,1.5741488238116832,1.6184817503198954,0.5738579727592754,0.0012624832707351544,-0.02767187758659086,1.3371514210252706,0.6765972683164937,0.36382580878204385,0.6331731362065233,1.6861384465184783,2.073471873536065,1.0901944480755505,1
-1.7684140086331095,1.3667250092347738,-0.4445202009343899,1.0385308760612593,1,0,0,1,0,0,-0.07911682151246661,-0.45885178617091954,0.9431781563001896,-0.6432221198188314,0.5511421171340439,0.14420654866835542,-0.777444646225136,-1.3329135435116681,0.10400900729512115,-0.7034867696985486,0.37101777949931114,-0.06746356290617843,-0.6363181201802027,-0.9895544612637366,-0.9044105804511587,0.4279034054631087,-0.8300096460917643,-0.24503753767037295,-0.6392523306161405,0.5419904249708541,0.0923045475469449,0.9234470037535792,0.2878178583485182,0.1273418836376168,-0.7215727471511442,-0.5419904249708541,0.6392523306161398,-0.8988402670423681,-0.7848207026180125,0.2727675886127153,0.459927258103802,0.08610074473523979,0.19555021907814235,-0.5463906304141645,-0.319404172783631,0.07776919801113909,0.0012624832707351544,0.7310941790521709,-0.2867811000035777,-0.10137901367278856,-0.0423289389126401,-1.238494455284687,-0.04248097655033679,0.23638866577426285,-0.45626319576493324,0
0.13340540580248203,-0.4885541407104817,-1.8929150543297122,-0.4281154315628296,1,0,0,1,0,0,0.8042087687768065,-0.636782242148325,-0.2977604411855021,-0.31859966421582847,-0.7244411227389171,-0.24350951798573287,-0.60107954221308,-1.3622806753038823,0.8699246245340728,-0.24789380881261214,0.8454458879197714,0.523751576686592,-0.8046593616676778,-0.9160055375124035,0.14281263155705293,-1.2842991401649435,-0.7134076182350731,-0.920542861476945,0.3041828515459622,0.4126498344833025,-0.07944620477267292,2.0128395384755304,-2.4798128829143664,-0.3725142392714681,-1.9978519959262444,-0.4126498344833025,-0.3041828515459622,-0.7905249362879868,0.3159016076183434,0.546706716022961,-0.25070026910256554,-0.5074961123423212,1.1897078014138325,0.9579236832674197,0.8740874750960009,-0.13582458000542025,-0.3040534310604773,1.33810702436318,-0.9254062487227878,-1.9036907336146256,-1.886948418025992,-0.2233527107470814,0.7806711296729086,1.127095675598167,-1.198562864808365,1
-0.2263982671988458,0.6194597960623787,-1.8929150543297122,-0.13478617003801185,1,0,0,1,0,0,0.5896868397065544,-0.6065456940737333,0.21396681550962854,-0.5327000360039053,-0.2065259043102243,-0.0547942006523704,-0.582655401414915,-0.44610944460540347,-0.024373311838964518,-0.7337187865341958,-0.7037367365387723,1.3021092083927102,0.9925307545400104,-0.6034471564521975,-0.3974677384342045,0.15874888945375434,-1.327578360846258,-1.4244288267963938,0.09517567272851181,1.6815275852364984,0.20723923054645477,0.21412475797297148,0.1928464580111328,-0.32519723224408115,-0.4757852831055284,-1.6815275852364993,-0.09517567272851252,-0.45320004908148526,-0.18442671521636386,0.6821600114951846,0.6666552660183818,0.0519641842643253,-0.08799472517957138,1.5741488238116832,1.6738499195514247,0.015758101167622184,-0.16527347000083534,-0.2553016945782196,-1.272088472313216,-0.996051737960463,-1.0407926936620688,-1.238494455284687,-0.8656330827735822,-0.15329565102369538,-0.9511296417938885,1
-1.0231064002732158,0.2587110724619126,-1.6032360836506476,-0.13478617003801185,1,0,0,1,0,0,0.6023057767106869,-0.6071271661520907,0.06044863850108935,-0.5031889036763596,-0.3137996119087717,-0.07804822079771365,-0.5448321080852504,0.48407020193211703,-1.5423501444926073,-1.1370085591385917,-1.3096226221591538,-0.9656173939596473,0.9550231555590802,-1.1466157863505033,1.4770754079769062,-2.733810710867914,-1.689208486951037,-2.2766030379881523,-1.7213805481046385,0.3902573124670771,-0.3880826745831327,0.815300174625271,-0.6387718001652776,-0.1389650102396056,-0.5200862129301564,-0.3902573124670771,1.7213805481046378,-1.1216603760228097,1.1664597564373458,-0.3913578973966235,-1.6719553235153006,-2.0815708451678003,0.9201650766256344,0.02452383803125581,1.1201682272361313,-0.6043528672675491,-0.1375174777889068,1.2622304186993043,1.172933525640331,0.6117659114840535,0.5161338391675497,1.0138512904081252,0.6983559190505837,1.0157572993701793,1.3994859768436472,1
-1.2287084991311177,-0.87507063028241,0.5693561964423357,-2.334755631474145,0,1,0,1,0,0,0.6275436507189519,-0.6135233590140237,0.15000090842273722,-0.5298067877364988,-0.2641721031046899,-0.06239647646911723,1.0128961915077335,1.1107967470734417,-0.4716412572310877,0.9070939648727655,0.5771177028779595,-0.37664915750368394,-0.8321114024645321,0.3811650814951414,2.357045785138392,-0.9370787843530817,0.12158147955225736,-0.49429491498315375,-0.6501878279857761,0.13114384342216406,-1.0276011526198867,0.8366333292442026,-0.2969244080308523,-1.104867311815912,-1.2328640564199658,-0.13114384342216406,0.6501878279857761,0.438080386840281,2.367247731240644,0.30006041680488094,-0.25070026910256554,-0.18699173903207253,0.5106001571422693,-0.13859458152457876,0.17890935030013266,0.20179139169817292,-0.7481493064513315,1.5657368413548085,1.820681890769815,1.3508433793738719,0.7361343275021692,1.109020828958526,1.6861384465184783,1.9621334973080773,1.2139110595827887,0
0.5960101282327613,1.1348151154916164,0.5693561964423357,0.5985369837740325,0,1,0,0,1,0,1.0187306978470585,-0.6606225973609839,0.27793272259651985,-0.5512168249153065,-0.3416209637458453,-0.08207295505363843,-1.4410792674407717,-1.1428305612846317,0.5336839923997769,-0.7251975926516698,-0.8520695897775921,-0.3276922127261272,0.7797572872061158,0.13096158053797635,0.09674335809137423,-0.5798161137393466,0.1622426310437405,-0.34690687824156413,0.19997699316119485,-0.6452678416013011,2.1347110693356326,1.6654861831623935,-1.312223173185273,1.140572177515132,0.7690451509834115,0.6452678416013011,-0.19997699316119558,0.02029268250195297,-0.03432821836595151,-0.3549674598070702,-0.5866332819637576,-0.4942207832702994,-0.18250970659880966,0.5138790966987595,0.4557501964577793,-0.17027518936292965,1.916425945893794,1.4898602356909325,-0.11343998820836432,-0.7626588533636787,-0.3130987707090945,1.0772976494417266,-0.12479618717266176,-0.4316415915936655,0.10046155601764112,1
0.7502117023761872,0.026801178718756015,0.27967722576327125,0.5985369837740325,1,0,0,1,0,0,-0.14221150653312897,-0.4175672686075346,0.5593827137788417,-0.5946155489264031,0.45094027934834513,0.1383930436320196,-0.24721110167680319,-0.3331854791962747,-1.567987594876622,-0.01874346651012799,-0.5811534017784796,-1.133485527659033,-0.2410546059401124,-0.8157815209650153,-0.8242264163825691,-0.6668683399973149,-1.079581142607227,-1.5295258099734923,-0.9813771768947055,-0.572621134230685,-0.47136622902073533,-0.3683844036244472,1.4733532009319488,-1.0451729668208514,-0.7377563705354698,0.572621134230685,0.9813771768947048,-0.7317251853070371,-0.7097714541928067,0.2636699792153276,-0.1344157646506147,-0.5454256239766699,0.06953024385249205,0.18764225758709038,0.7879592118469556,0.015758101167622184,-0.38732140769626244,-0.2553016945782196,0.32447439948480933,1.0655854093111348,0.5161338391675497,-1.016432198667086,1.3568776040291806,1.127095675598167,0.038603250264021984,1
0.08200488108800677,-0.2051087150244015,-0.4445202009343899,-0.8681093238500562,1,0,0,1,0,0,0.6527815247272168,-0.6175936635625264,-0.3233468040202586,-0.30124017461138985,-0.6913101582433054,-0.2421679399004246,0.7225104668064795,-0.4887721574995836,1.5010227468664752,-1.0174964190633258,-0.8219467833781976,-0.07377532828948193,1.4049983313416916,0.1569531130730297,-0.591455936117382,1.8406163268073565,-1.183176505956452,-0.7544208011563815,-0.18963998474047816,0.08746187929198715,-0.8478426906888199,0.07834755237350528,-0.202306479446622,0.20135444894895088,0.3320259977935784,-0.08746187929198715,0.18963998474047747,0.1317027369921738,-0.5596729573423944,-0.027453521501095285,0.9250652759116064,0.3421249482670949,-1.411204465048904,0.758556726032511,0.954063719541543,-0.17027518936292965,-0.7759052986632599,0.12408133374116129,0.16025650409986858,0.028283699992091807,0.10997909147286698,0.47455723862252236,-0.6186874509066087,-0.6543183440496418,0.34789477903211874,0
-0.6890029896291251,0.0783367106616796,-0.8790386569529866,0.5985369837740325,1,0,0,1,0,0,0.7158762097478791,-0.6263157447378894,-0.6559695208720935,0.14200545995527725,-1.353919192098646,-0.591425434775676,0.07031748994506251,2.686641099495684,-1.97596670793759,0.24449418795641897,-0.714862283116175,-0.41147091163631827,0.7128059518729902,-0.01885738378635507,2.6793607380140014,-1.0027141877386616,-0.11911232506139624,-0.6690874925857662,0.3775187037626116,-0.9356157016516281,-0.11662025717565619,-1.0033744549280628,1.6935816277375153,-0.44840561705757276,0.27612226992459155,0.9356157016516281,-0.3775187037626123,0.29881781872750485,3.3428879607683233,1.3098950599149712,0.49868875958778525,0.4274663494443799,1.3297299961089997,1.4925896140337656,1.397009073393778,0.8219023601333442,0.05677446769459199,-0.7864379342253526,0.7532655707677065,1.5972025353371444,1.2776739910950803,-0.44541496736468245,0.7806711296729086,0.3477270420022505,0.7809029193074537,0
-1.5114113850607322,1.3667250092347738,0.27967722576327125,1.0385308760612593,0,1,0,1,0,0,0.26159447759911014,-0.544328181689477,0.9431781563001896,-0.6432221198188314,0.3065503153928324,0.07846922248825047,0.4229697226152436,0.5574267760684503,-0.5256096821075672,-0.7885782163335538,0.03625334346381675,-0.2594260946309976,-0.2675896986263118,0.5328877406730084,2.504476624576882,-0.38737022458881265,-1.0155340091852396,-0.9266471530563629,-0.6392523306161405,0.28017642692511974,-0.05569454386541787,1.7438439593263495,0.329256325599915,0.05833215574295579,-0.9518217097712215,-0.28017642692511974,0.6392523306161398,0.4589697720571972,2.2546738586028345,-0.10023439668020068,-0.2830015203392186,-0.6521023754482762,0.10891148611050791,0.18764225758709038,0.5664865349208381,-0.09276131830853324,-0.05424950115312168,1.6416134470186852,0.03253147435602734,0.19684522775643593,0.2115177783965368,-1.2702176348014877,0.6160407084282594,0.848749735028197,-0.20882997275045564,0
-0.09789695541265715,0.1298722426046032,-0.4445202009343899,-1.8947617391869185,1,0,0,1,0,0,0.33730809962390496,-0.5629352881969182,0.8024531607090287,-0.6310704770957244,0.20918005525621883,0.05476800964780448,-0.2869412890720647,-0.28297093657255884,1.1401311735578614,-0.38398106859562875,-0.026574390824858282,0.2602864972032341,0.18879774913653666,-1.1367570216816285,-0.0637479207824894,0.15525013385228495,-1.0433171621835933,-1.0096349577452295,0.3169427525726682,0.04065977486679812,-0.7368353746847062,0.32452522329443584,-1.4025860966182895,-0.5158017873436098,-0.9511640171601624,-0.04065977486679812,-0.31694275257266885,-1.0102503215325889,0.11577027848446049,0.5638910893291381,0.5632912620610914,0.08610074473523979,0.038025250046078915,1.247911984700014,1.1755363964676604,0.20179139169817292,-0.6093693453916895,0.5034643620605421,0.5525548097416701,-0.30883935553659736,-0.48232991558187904,1.109020828958526,0.6983559190505837,0.793080546914203,-0.023255055489598248,1
-1.0231064002732158,-0.23087648099586283,-1.6032360836506476,-1.8947617391869185,1,0,0,1,0,0,0.6023057767106869,-0.6071271661520907,0.5849690766135982,-0.6009806951146973,-0.017099812630669137,-0.002472655325348113,-0.2872307674315989,1.1634555978400893,-1.885139969421388,-0.3396832885205063,-0.7521457682923591,-1.4580028565333294,0.1426484804704645,-1.0351365673530746,1.372503222715931,-2.434944161077255,-1.4489336773589732,-2.0545402203796472,-1.8729752611358153,-0.13094794135889876,-0.6348948873712879,-0.22193572197014494,0.1301654339989056,-0.9778476235160263,-1.0280323055494947,0.13094794135889876,1.872975261135814,-0.9823978079100336,1.2415090048625523,-0.054746349693259644,-1.2972608091701252,-1.689000399752289,1.0461850518512859,-0.13859458152457876,1.009431888773073,-0.23228628620644656,-0.49834537654397587,-0.02767187758659086,0.6072941082033162,0.585833368751077,0.12690220596014448,-0.0012904541294803558,0.9453015509175579,0.9600881112561845,-0.023255055489598248,0
-0.8689048261297889,-0.8493028643109486,-2.327433510348309,-0.13478617003801185,1,0,0,1,0,0,0.16064298156605036,-0.5350246284357565,3.130812178671873,-0.7496936560593885,0.8928801253844257,0.1679077615088014,-1.2397683784895206,1.4775051798196386,-1.3364501309575587,-0.7766251384310088,-1.490665906681213,-0.7857019385477767,0.843781917868524,-1.0061475250922032,1.0358889115217245,-0.7254138199011426,-0.92717734255031,-1.4401630547667281,-0.36119580761071546,-0.7133741297612541,0.7185973576007575,-0.9901914565014517,1.0980011700048442,0.1297972767996033,0.5318997675009906,0.7133741297612541,0.36119580761071474,-0.8709877534198129,1.2415090048625523,0.6275743551108558,0.12399424524260985,-0.2552648599739003,0.3530751881102058,0.758556726032511,1.0648000580046022,0.015758101167622184,0.1400424443303771,-1.2416975682086098,-1.5366617482111748,-0.8534227529290943,-0.7530997473783346,-1.5557262504526888,-0.5363722402842841,-0.8769950965056176,-1.6934293108373202,1
0.7502117023761872,0.5936920300909173,0.27967722576327125,0.5985369837740325,1,0,0,0,1,0,-0.14221150653312897,-0.4175672686075346,1.0199372448044592,-0.6547951128884572,0.6358519031747153,0.18490108392270607,-0.6452464867679865,-0.7643089733801748,-0.391731080753147,-0.8232435893117733,-0.9822198677155468,-1.0164151835511062,0.12755720080529678,-0.77986784527857,-0.892214774370656,-1.0838092194932172,-1.017603669639205,-1.4372865258417309,-0.958568853809468,-0.43557216489828954,0.11799618479211273,0.1552368775536622,-0.553614232969572,0.10311059833524397,-0.1262966141653861,0.43557216489828954,0.9585688538094672,-0.7038726716844818,-0.7848207026180125,0.21818193222838655,-0.39282577454383927,-0.7502449868021539,0.4475901695294441,0.02452383803125581,0.5664865349208381,0.015758101167622184,0.029018475482663446,0.04820472807728505,-0.2685346671830286,-0.5033334260339178,-0.4315605721200442,0.09387908442092041,0.5337254978059351,0.3477270420022505,-0.08511336124321738,1
-0.2263982671988458,-1.41619371568311,-0.15484123025532542,-2.6280848929989626,1,0,0,1,0,0,0.7537330207602766,-0.6315489934431072,0.36748499251816774,-0.5593179200640446,-0.190307729612128,-0.05345262256706214,0.5210226217482888,1.1247626462965552,-0.5113793541757298,0.02726064115298955,-1.035959479128668,-1.0355386174989587,0.5051218257679281,-0.6329184214390082,1.0796127879398172,-0.85640545913041,-1.306171946027427,-1.7817585695985205,-2.067181853346863,0.6378546273322141,-1.356899267889455,-0.4622396395828365,-0.161532186530439,-1.332005110249181,-0.39274239206446043,-0.6378546273322141,2.067181853346862,-0.7874302125521474,0.491016520610491,-1.1009714303929035,-1.3101813096647865,-1.6548638392813753,-0.8126095827270634,-0.8726274695258333,0.06817301183707392,-1.0384305451721696,-1.2200011740541141,-0.2553016945782196,0.6620334066649622,0.4691369264526849,-0.1269445113490324,1.267636726542527,-0.04248097655033679,0.29205785388825667,0.5953280020465953,0
-0.2263982671988458,-0.10203765113855341,-1.8929150543297122,-0.4281154315628296,1,0,0,1,0,0,0.5896868397065544,-0.6065456940737333,0.32910544826603294,-0.5575819711036006,-0.1395246816220477,-0.035564914762951955,0.2871673714324324,-0.22814635094736152,-8.119362748081084e-4,0.015033287266833291,-0.02000138275668627,0.1837367724854126,0.35788686852523705,-0.7656482667129414,-0.19221879782158927,0.1043754284024477,-1.0954244765945884,-0.9550713808454961,0.5976605751602089,-0.3421574382520592,-1.1643399471469265,0.12057745459415707,0.10599718370420773,-1.1065131608563605,-0.9064385366641267,0.3421574382520592,-0.5976605751602097,-0.6481676444393714,-0.03432821836595151,0.49111021415003275,0.47284775859846334,-0.01630893667750248,0.1325402314653172,1.4110304042558486,1.1755363964676604,-0.23228628620644656,-0.9979532363586869,0.4275877563966659,0.9266066825629212,0.8451587960808378,0.2961333508329291,0.47455723862252236,1.2745623934068555,1.1827648637121608,0.5334696962929761,0
-1.4086103356317816,-0.2051087150244015,-2.617112481027373,-0.8681093238500562,1,0,0,1,0,0,0.3751649106363024,-0.5646797044319908,-0.3233468040202586,-0.30124017461138985,-0.5554835976506626,-0.2014734046460739,-0.2954464890549945,-0.3974126544546388,-0.09575686850088444,-0.9173349459107354,-0.4807652759130323,-0.6942335342782066,0.317017484031917,-1.2054850921875544,-0.3967581630386629,-0.17904316051821753,-1.165422107113065,-0.2657525949635583,-0.8740438917877038,-0.0799856498736912,-0.7936809653202866,0.14799772229564648,-0.0490182623494387,0.0836477185743007,0.36556272019385716,0.0799856498736912,0.874043891787703,-1.1216603760228097,-0.3345252120667762,0.13630344765189217,0.020630241285320403,-0.4430159425639276,0.8571550890128092,-0.46483142063624716,-0.09793149585751397,0.2638024885416898,-0.7203933142394032,0.19995793940503753,0.1876261533306929,0.13201387092399572,0.1607484349347019,0.47455723862252236,-0.4540570296619595,-0.5429799678216537,0.22417816752487937,1
1.3670179989498932,-0.10203765113855341,1.0038746524609323,-0.4281154315628296,1,0,0,1,0,0,0.9430170758222637,-0.6489931557938332,0.32910544826603294,-0.5575819711036006,-0.2852488596975368,-0.06820998150545304,0.9702519599739595,1.4924245928300717,0.30234822472511497,1.089662548311994,0.3725076057796454,-0.26223980434788424,-0.11809528845536148,0.20228037177371655,2.0876108046163897,0.6779073351776175,0.4332074870569209,-0.37982306140324906,-0.05671543019588151,-0.3014141428425148,-1.1470428048158858,0.042923085591177974,0.2679113427946133,-1.0425026750403672,-0.8551014243328918,0.30141414284251544,0.056715430195880795,0.10385022336961848,1.7668537438389946,-0.2821865846279648,0.09815324425328795,0.2738518273252659,-1.4742144526617298,0.18764225758709038,0.2342775195316623,-0.4803306735805153,-1.0257092285706153,0.19995793940503753,0.48869229486974886,0.5599008260181015,0.0761328624983096,0.030432725387320277,0.7806711296729086,0.6817421706862145,0.038603250264021984,0
-0.09789695541265715,-1.41619371568311,-0.4445202009343899,-2.6280848929989626,1,0,0,1,0,0,0.33730809962390496,-0.5629352881969182,0.36748499251816774,-0.5593179200640446,0.009599466511193486,-6.838845449370944e-4,0.07101095355346608,-0.03189767029422966,0.18839773284618958,0.5028420975335821,-0.17379511242714693,1.1255303553774019,0.3295679328621588,-1.1755848426486648,-0.32074876379697725,0.1496718157966927,-0.7216422247221266,-0.5609134208552757,0.13830413819877924,1.3979208031972914,-1.27337298279523,-0.27753851683889996,-0.10714027158136413,-1.3948753101366853,-0.32168062458773033,-1.3979208031972914,-0.13830413819877996,-1.038102835155144,-0.10937746679115769,0.6730624020977969,0.6537347655237203,0.3079883877961804,0.3215701943037938,0.4323198869208419,0.40038202722625016,0.38782468222872474,-1.192245181842186,-0.2553016945782196,0.023408257945752128,-0.03654765684034838,-0.5838686025055501,0.8235122133073248,-0.7010026615289333,-0.09762646290970158,0.2860364732784985,1
-0.9460056132015023,-1.1842838219399534,-0.15484123025532542,-0.4281154315628296,1,0,0,1,0,0,-0.29363875058271866,-0.31115787826810587,-0.822280879298011,0.9283903390363485,-1.7640207226093256,-0.9567818666746264,-0.5816682122701298,0.4924328037710151,0.31555047732227715,-1.0872641200022093,-1.3566262964838667,-1.558534962092212,0.14755058576216598,-1.1981649073016842,-0.6110284552391031,0.3100953146253721,-1.3475193726324857,-1.4724917739844847,-0.10413398130864084,-2.022376988195553,-0.3883684492935145,-1.2879943700853753,-0.11975218778275622,0.13264653848928312,0.326079007483687,2.0223769881955533,0.10413398130864013,-1.0938078624002545,-0.4846237089171882,0.34554846379182197,0.459927258103802,-0.135786898325702,-0.4660546508565234,1.0032343553662626,1.1755363964676604,-0.29429738304996345,-0.05424950115312168,-0.9381911455531051,1.5926014805129542,1.2730457511749436,1.2607508766078017,1.5214221626769286,2.8385513952310224,1.6837875567381073,0.7809029193074537,0
0.6731109153044746,0.5421564981479937,-1.168717627632051,-0.8681093238500562,1,0,0,1,0,0,-0.5081606796529707,-0.13090153397727022,0.03486227566633282,-0.49566645818110283,0.6406568672636948,0.2823890914551066,-0.08821492229302505,-0.13957638990498458,-0.25805224084004214,-0.6409928686334799,-0.0978435389049832,0.10995390528751225,0.10755930012059826,-0.9632484213849636,-0.6747719658440271,-0.32289775787835684,-1.9953112680925449,-1.108831520608085,-0.10413398130864084,0.2532428274968747,-0.8398014762001508,-0.4843987670412837,0.028284951502889163,-1.1125764857915508,-0.9553567707719404,-0.2532428274968747,0.10413398130864013,-0.8709877534198129,-0.5596729573423944,0.2909628074074919,0.07231224326396513,-0.7331767065666972,0.8886600828192224,1.0032343553662626,1.1755363964676604,-0.29429738304996345,-0.8869292675109735,-0.6346847228976005,-0.669956189235104,-0.5551985114998699,-0.9223308922511192,-0.6040308649486834,0.5337254978059351,0.7374113588002092,-0.76555472453303,1
0.3647077670176212,1.7532414988067013,0.5693561964423357,-0.4281154315628296,1,0,0,0,1,0,-0.5333985536612357,-0.11927209241011955,-0.13144908275958464,-0.4343295949120862,0.5581080779839983,0.2439305196762697,1.213596228813349,1.7187728601974182,-2.0470570345398222,1.0314712784934015,-0.08822602390147195,1.4889095789242741,0.672029581964954,0.42177396674799356,1.4254445023731386,-1.2153178596455572,0.39799976266224374,-0.3337905158206599,0.6380137621571677,1.3979208031972914,-1.2661035204092048,-0.9310906802873561,1.5771182988963313,-0.9988014005306151,-0.21118331961998074,-1.3979208031972914,-0.6380137621571684,0.5216379277079463,1.5417059985633763,0.4456221671630917,-0.28946177058654887,-0.11871861809024475,0.8571550890128092,0.8401159358104279,0.5664865349208381,0.2638024885416898,-1.2477571662660425,-1.0140677512169813,-0.669956189235104,0.1709126850234604,-0.24540631275998087,-1.206771275767887,-1.1948939252628807,-0.7656567202776299,-0.7036964187794109,1
-1.7427137462758722,-1.6738713753977288,-0.8790386569529866,-0.13478617003801185,1,0,0,1,0,0,-0.40720918361991093,-0.2152149853391127,1.0711099704739724,-0.66058160942327,0.9701381504566787,0.34499606876949224,-0.09229413694209042,1.5028172457170246,0.9928326832035574,0.021456708573529947,0.5528786294781015,-0.5229950294548821,-0.5064667912425608,-0.45995099173494436,1.365578145662249,-0.29393222147942677,-0.08028401661610789,0.010606207528480786,0.3041828515459622,-1.0149876916124754,-0.33124036739795476,-0.6946576240268442,-1.6526090739024808,-0.10859488559428203,-0.7084143987650995,1.0149876916124754,-0.3041828515459622,0.02029268250195297,2.4422969796658496,2.3834129688067796,1.8165798100432309,1.690519086868198,2.1173548412693166,1.6557080335896,1.6184817503198954,2.2481575875342377,-0.3040534310604773,-0.6346847228976005,0.06902433999712428,-0.8015576674631424,-0.7869459763528921,0.9186817518577256,1.2745623934068555,0.793080546914203,-0.45626319576493324,1
0.5960101282327613,0.4648532002336079,-0.15484123025532542,-1.6014324776621007,1,0,0,0,1,0,7.189390892867837,-0.8030832565585798,-0.5664172509504457,-0.11607228549737747,-2.1965855177635976,-0.5279240720710848,-0.07613711306862235,1.230126228110924,-0.5742956638706374,0.10479479430299253,-0.6926112356095431,-0.8875319253225631,-0.12100159959591127,-0.7926752239904636,0.5093579846836941,-1.507314342102613,-0.6169174057514694,-1.7133640419554022,-1.5536587379424858,0.33041212922948743,-0.686161234899253,-1.17812320567574,-0.7296241374423424,-0.7532957455203263,-0.7723379801219792,-0.33041212922948743,1.553658737942485,-0.9187349196299076,0.02999970885565349,-1.1269646000997273,-1.6165817499667523,-1.7158219829794361,-0.6955910343032448,-0.33666694812809167,0.4873891503043674,-0.834679798400613,-0.6371253376036178,-1.0899443568808573,0.06902433999712428,-0.32180562690308556,-0.5838686025055501,0.47455723862252236,0.7806711296729086,1.0714264874841732,-0.1469716669968365,0
-0.6119022025574117,1.7274737328352407,-1.8929150543297122,-0.8681093238500562,1,0,0,0,1,0,-0.23054406556205628,-0.3460462029695579,4.793925762931047,-0.776890189773009,1.4501469805799776,0.33426344408702613,0.04426184578438949,0.7533397655453332,0.3022572282753869,0.38069837216177715,0.3297635566161874,-0.42454284386411606,-0.9727470480018248,-0.7751238886394544,0.3549119618736847,0.49437200196932063,-0.9713982451201302,-0.5683283668711161,-1.195024760224781,0.6061852033378367,-0.8360418305383365,-0.6784394580182402,0.08360042819551111,-1.4775208117437717,-0.9835708081980828,-0.6061852033378367,1.1950247602247803,-0.5089050763265954,0.8662627627365218,1.464554419670571,1.5452492996553449,0.9907195972144606,0.7311351137871589,-0.13859458152457876,0.5111183656893089,1.752068812786101,-0.8314172830871166,-0.7105613285614767,-0.3050275328241268,-0.21807545597118072,-0.7700228618656133,-0.15990635171348128,0.2044646553166367,0.5704037944582268,-0.7036964187794109,1
0.3647077670176212,-0.4885541407104817,0.5693561964423357,1.478524768348486,1,0,0,1,0,0,-0.785777293743885,0.8546936388387503,-0.38731271110714993,-0.22890896792622875,1.4531188915305564,0.8342248772119057,-0.4164165977616892,1.712347806672571,-1.2495460772386071,-0.37103585651511994,-0.9375024165980145,0.11564102410006404,1.4350134690766458,-0.08768066584377257,1.3831991355519664,-1.3151072840033873,0.470399410343888,-0.20924286036337506,0.594470599903532,-0.4318681387001143,0.4914279276902265,-0.9645925737808115,0.3866153556661284,0.9676855079619755,1.0145141293361928,0.4318681387001143,-0.5944705999035328,-0.03541234474315745,1.391607501712964,0.22727954162577424,-0.5091102789957901,-0.3064697006802721,0.8571550890128092,1.247911984700014,1.009431888773073,0.07776919801113909,0.05677446769459199,-1.1658209625447336,-1.262965255902942,-0.9052878383950472,-0.5161761445564365,-0.9847090191502859,-1.1125787146405561,-1.378017789531564,-1.198562864808365,1
-0.38059984134227254,-1.1842838219399534,-1.168717627632051,-0.4281154315628296,1,0,0,1,0,0,0.5770679027024219,-0.6024753895252305,-0.822280879298011,0.9283903390363485,-2.394188626279246,-1.1808254069211066,0.08579182830869346,1.260559504487868,-1.5410316183792434,-0.10590436408414733,-1.1301737503680616,-1.8668642654719692,-0.38201468166444946,-0.23974431836710058,0.5296052518087848,-2.3375342194609225,-0.0896361768406928,-1.2746128223644564,-0.5483077512256369,-2.002375246725419,-0.35884532375916683,-1.199610564860136,-0.24235461242824802,0.054188264925640814,0.22486988904533353,2.002375246725419,0.5483077512256362,-0.3139374809687093,0.340918023760079,-0.3731626786018469,-1.4652273156007207,-1.4159079159849774,0.6366201323679207,0.18764225758709038,0.5111183656893089,-0.8523972546416179,-0.22078545442469194,-1.0140677512169813,0.6072941082033162,0.37837302688726915,0.38074892326932136,0.8552353928241243,2.509290552741724,1.4054416161681371,-0.20882997275045564,0
0.6731109153044746,0.49062096620506923,-1.168717627632051,1.0385308760612593,1,0,0,0,1,0,-0.5081606796529707,-0.13090153397727022,-0.4768649810287978,-0.17393725084550635,0.08290004021266031,0.03374995297797501,-1.3731614097853388,-0.8634919036124193,-0.24636937155401367,-1.8327390134894637,-1.2931095299003985,-0.5898757144967527,1.1122049575410577,-0.8999173519409882,-0.5306875122716271,-0.25666211883499107,-1.2965612651834542,-0.520055565696188,-0.2249492467260648,-0.5814181964513455,1.0102275521047541,0.653538636725717,0.07887450730835482,1.1902642126116438,1.1733726808577019,0.5814181964513455,0.22494924672606412,-0.8431352397972577,-0.4846237089171882,0.04532735367801011,-0.09565426316663046,-0.596630464683041,0.6996301199807459,0.35076067714292497,0.5111183656893089,-0.4183195767369984,1.1115021717478706,0.8069707847160468,0.48869229486974886,0.45617065508619664,0.9392117013495113,0.5380035976561225,-0.04248097655033679,-0.32030321536567735,0.9664778365683122,0
-0.4320003660567478,-0.17934094905293926,0.27967722576327125,-0.13478617003801185,1,0,0,1,0,0,3.8201347127644674,-0.7705208201705579,-0.5152445252809326,-0.13921827163662903,-1.7326682659056873,-0.4849935733412204,0.8568504198905853,-1.6248009356091508,-0.42335193782618236,0.052279950821989725,0.8044659854047472,2.811321632311784,0.4451263033145439,1.104179738910356,-1.686226555070851,-0.38113081878437277,-0.25909835302245493,1.1633893524234182,4.948786825267084,-1.0738391183151534,-0.08818798194355079,0.5408655290758909,0.19573656462001035,-0.3275443323769741,0.08997808675347115,1.0738391183151534,-4.948786825267085,0.6330479821981672,-1.685411683720486,-1.0099953364190213,-1.0259302987822392,-1.05747403104038,0.6996301199807459,1.4110304042558486,-0.5408768497097485,-1.720552610450858,0.3620903820258042,1.2622304186993043,1.9210372712828345,1.7527977917350004,1.480751364942421,1.5531453421937294,1.1922471827845313,0.6817421706862145,1.8943524228726025,0
-0.7147032519863632,-1.7511746733121147,-1.6032360836506476,-0.8681093238500562,1,0,0,1,0,0,-0.7226826087232228,0.5348839957421064,-0.42569225535928473,-0.2115494783217901,0.863639856874863,0.5748531140523081,0.20849372902489408,-1.6983217188545316,-0.3201866797734203,-0.03244896452139498,0.0264387152488433,-0.19716073345930443,-0.3869715175122051,-0.2851293693247141,-0.9100623922390702,-0.9002537564067102,0.05241078506099912,0.16847618650739507,-0.2859102762628674,0.01465860574169185,-0.5748135117615909,1.4193193310261742,-0.4669622874799161,0.09580609493974579,0.13011258021043381,-0.01465860574169185,0.28591027626286675,-0.28608496734615396,-0.8598699510432187,-0.054746349693259644,-0.5091102789957901,-0.4600842227993849,0.8886600828192224,-0.5463906304141645,-0.4855086804782194,0.015758101167622184,-0.24854144663662048,2.1727496866658176,1.6838336446156987,1.130416766143575,1.1084428462222957,1.7752075988113303,0.8629863402952329,0.9600881112561845,1.8943524228726025,1
-1.1773079744166424,1.572867137006469,-0.4445202009343899,0.3052077222492148,1,0,0,1,0,0,-0.7983962307480176,0.9302850090252297,0.40586453677030254,-0.5685763145197452,2.2903710822042025,1.1548620396005809,-0.5489201019775682,-1.6404778785778305,0.7056869560698932,-0.4471329564196999,0.23183238727596717,1.17858989985266,0.4534569139543756,-0.11219667515863446,-1.3237539846046829,-0.4846988079402398,0.15033315376850434,0.4432545912358437,2.012542933834192,-0.38855952469070976,0.6511811681512504,0.9254996892334552,-1.4517732674056134,0.7531155593992515,0.13135837816234558,0.38855952469070976,-2.0125429338341925,-0.007559831120602114,-1.1600669447440433,0.4456221671630917,0.11107374474794844,0.17144214591252482,1.109195039464111,1.9819448727012692,0.954063719541543,-0.23228628620644656,0.6118943119331598,0.8828473903799233,0.05077790717657645,-0.7107937678977266,-0.39771434314548676,0.9821281108913258,0.6160407084282594,0.45906541823023866,-0.08511336124321738,0
-0.7147032519863632,0.3617821363477598,-1.6032360836506476,0.5985369837740325,1,0,0,1,0,0,-0.7226826087232228,0.5348839957421064,-0.5536240695330674,-0.11607228549737747,0.6343575162504046,0.5010663193603535,-0.5826471728896083,-1.7134389087239128,0.3213060258077158,-0.522594264336139,0.09321094037109101,-0.9465529900147729,-0.7153262590955773,-0.27881157470092843,-0.9037375490941824,-0.8584256039738358,0.19174032682196054,0.39885201368975487,-0.2548898489945435,-1.0381887348318013,0.531599836803197,1.4464042375611266,-1.3018710468387817,0.8961175620327408,0.26822257354451035,1.0381887348318013,0.25488984899454276,-0.28608496734615396,-0.8598699510432187,-0.082039177885424,-0.5091102789957901,-0.40887938209301433,0.9516700704320475,-0.8726274695258333,-0.8730858650989243,0.015758101167622184,0.8061862574166584,1.8692432640103136,1.0269620630759395,0.10608132819102022,0.46536449570571364,1.6800380602609295,0.9453015509175579,0.45906541823023866,0.7809029193074537,0
1.572620097807795,-0.17934094905293926,0.27967722576327125,-0.13478617003801185,1,0,0,1,0,0,0.4130217216486998,-0.5739832576857113,-0.5152445252809326,-0.13921827163662903,-0.8665882858874382,-0.3338424423964893,0.37863913070751654,0.5315480635533371,-1.233547932000119,0.5153560333042714,-0.18794246214693058,-0.09587289033761655,0.622559290368999,0.7084859359093962,0.8916124243729041,-1.2548061877347805,0.6916568099942548,0.17278312127963838,0.74512626677265,-0.8697663470174435,0.18140387097831087,0.1636313549069204,0.4253421415184722,-0.010377699916381471,0.41302349387821574,0.8697663470174435,-0.7451262667726507,0.6887530094432773,0.8662627627365218,0.09991301006234013,-0.5737127814690962,-0.2894014204448148,0.9201650766256344,0.8401159358104279,0.5111183656893089,0.015758101167622184,0.6674062963570164,0.8069707847160468,1.8845444056417364,1.8694942340333933,1.7515211967388769,1.3628062650929278,1.0276167615398821,0.6260729825722207,2.079927340133461,0
0.3647077670176212,0.3617821363477598,0.5693561964423357,0.5985369837740325,1,0,0,1,0,0,-0.785777293743885,0.8546936388387503,-0.5536240695330674,-0.11607228549737747,1.168174353873405,0.7470223016668686,-0.011894160560438878,-0.37248583607179725,0.17644442552444844,0.24706461780888003,0.22332054441676566,0.6260240708550503,0.8632570793218318,0.18386818733126106,0.7614791270459336,-1.1151523444924092,1.1241764909145626,0.4713145534351038,1.5801729542166008,-0.7133741297612541,0.20025804612389042,1.2740815728866972,-1.361826001947914,0.7809458054714922,0.16981928241411218,0.7133741297612541,-1.5801729542166016,0.27096530510494976,0.8662627627365218,0.391036510778763,-0.2765412700918884,0.17144214591252482,1.0146800580448727,1.9819448727012692,1.1755363964676604,0.20179139169817292,0.4731143508735179,1.717490052682561,1.0908245779478607,0.11904759955750843,0.43151826673115745,1.7752075988113303,0.6160407084282594,0.29205785388825667,0.7809029193074537,0
-1.6399126968469209,-0.3854830768246345,0.27967722576327125,1.478524768348486,1,0,0,1,0,0,0.8546845167933363,-0.6373637142266826,1.442112231577942,-0.6895140920973345,0.18296883703986688,0.042693806880030105,0.25068963731125743,-2.426705183507346,-0.3030343265408086,0.3933087708425292,0.4312272928817691,0.4664074009888847,-0.29728127222750056,-0.0031065733875318222,-0.9165221402724651,-1.5804695616823237,0.23968167452465947,-0.6397520267241584,0.013895103188392356,0.622343072722724,-0.35169409466888585,2.412577261323638,-1.1739614134959397,-0.29367052963030654,-1.1852099369868254,-0.622343072722724,-0.013895103188393775,0.15955525061472892,-0.7097714541928067,0.6821600114951846,-0.3153027715758717,-0.20406001926752979,1.2037100208833493,0.9216751455883455,1.009431888773073,0.6358690696027934,-0.16527347000083534,2.7797625319768278,0.8444977348704508,0.04124997135858002,-0.07617516788719629,0.6966194952401235,1.0276167615398821,1.5724491805101195,0.8427612250610729,0
-1.8455147957048228,-1.4677292476260335,-0.4445202009343899,0.3052077222492148,1,0,0,1,0,0,1.1070632568759857,-0.6716705668497771,0.48262362527457214,-0.5870931034311464,-0.2634150275095082,-0.06284366916421999,-0.6601797880715049,0.34871381488679554,-0.010569940312869222,-1.2308657914220018,-1.0164176442910355,0.586416375509248,1.1803646519200084,-0.7726340480431484,1.2861877162680524,-0.7332063316938973,-1.1635228799132826,-1.0523286971693797,-0.49837739391320257,1.2940866261665431,0.1459892287359149,0.8098539646222437,-0.7223521907005083,0.5090909047171177,0.2939985639887121,-1.2940866261665431,0.4983773939132019,-0.6899464148732042,1.3165582532877582,0.2636699792153276,-0.1699471410109329,-0.6094316748596337,0.66024887772273,0.4934892942542799,0.8433273810784847,-0.09276131830853324,0.11228645211844858,0.7310941790521709,-0.04957747333644305,-0.41256952646850126,-0.194636969298146,0.5380035976561225,-0.9479482933959068,-0.48731077970765985,0.40975308478573785,0
-1.1259074497021662,0.8771374557769975,-0.15484123025532542,-1.6014324776621007,1,0,0,1,0,0,-0.028641073495936725,-0.4803662530701483,0.35469181110078946,-0.5529527738757504,0.24871542493188936,0.05789835851352376,0.23914699317603796,0.8428052477280106,0.15874959563683386,-0.12214532009232952,0.22928573618798884,0.2784870494123364,-0.2717169858217432,-0.5972359245689648,-0.400187394723694,0.25347127060700825,-0.9975015420384546,-0.4907083626825555,0.02438743144227863,0.3556359628759853,-0.9292908143076302,-1.5576755991897047,0.037698166905407504,-0.8240950066689264,-0.77716389406105,-0.3556359628759853,-0.02438743144227934,-0.3974950218363748,-0.10937746679115769,0.9641859028142197,0.9638267773955896,0.4616029099152932,0.7311351137871589,0.6769975162545934,0.7325910426154264,0.8839134569768611,-0.8869292675109735,-1.4693273852002382,-0.0951935553878152,-0.06248019957332482,-0.38079122865820925,-0.2550758902638815,0.28677986593896093,0.514734606344233,-0.20882997275045564,1
-1.485711122703495,-0.46278637473902035,-1.168717627632051,0.5985369837740325,1,0,0,1,0,0,0.26159447759911014,-0.5425837654544045,-0.5664172509504457,-0.10739254069515815,-0.8870810584891431,-0.33428963509159204,-1.583677205027551,-0.39650086514252764,0.7685367110189878,-0.8975887332209664,-0.4676127649187286,-1.0636614680553087,0.26184353076563427,-0.9971770193712312,-0.3847562020626547,-0.6095149000518443,-0.9580421979802176,-1.279565417552289,0.04499736194098943,-1.495335216042199,1.2057741761911074,0.15876956388383515,-1.6631191232544074,0.2626062271376366,-0.6413270868588311,1.495335216042199,-0.04499736194099014,-0.7595776989295921,0.04072103005925432,1.4463592008757944,0.8475422729436388,0.3762615087380082,1.0146800580448727,2.145063292257104,2.3382679503297763,0.9459245538203791,1.0004782029001573,0.04820472807728505,-0.2776578835933038,-1.060883094792903,-0.9054077777638412,0.47455723862252236,1.3568776040291806,0.6260729825722207,-1.0748462533011267,0
-0.3291993166277972,0.7482986259196881,-0.15484123025532542,0.3052077222492148,1,0,0,1,0,0,0.17326191857018283,-0.5292099076521812,-0.20820817126385424,-0.3724140819895883,-0.30765701221362934,-0.11918994874716707,0.3133006092358495,0.681741320025188,1.1441979261275308,-0.05706842406584689,-0.26925142980305716,-0.5400549044534992,0.08577090127810412,-0.15451013820741544,0.14008266295591773,0.21917413132498095,-0.8764528266787522,-1.4401630547667281,-0.5062037792855866,-0.23452373259539866,-0.5900368332843183,-0.7953796202036972,-1.3439080309648004,-0.7919798607384688,-1.0559988723931277,0.23452373259539866,0.5062037792855859,-0.007559831120602114,0.340918023760079,0.6275743551108558,0.6537347655237203,0.2397152668543526,-0.5605696322757617,1.0032343553662626,1.4523772426253072,0.2638024885416898,-0.3595654154843339,-0.482931511569848,1.145563876409508,0.1709126850234604,-0.1607907403235886,1.6165917012273294,1.5215080252738291,1.5167799923961247,0.5334696962929761,0
0.030604356373531493,-1.2873548858258006,0.5693561964423357,-0.13478617003801185,1,0,0,1,0,0,0.5644489656982895,-0.6001495012118003,-0.4512786181940413,-0.19997648525216433,-0.8300613516482919,-0.307010880690324,-0.39359614102843316,-0.001280224195383546,1.170457800692481,-1.0823028020973118,-0.6182292052260822,-0.053902440274964915,0.3609970418180518,-0.6779614222718243,-0.3104177297244363,1.1947648186798738,-1.4552001799625693,-1.1846156633451552,0.387122208219553,-0.4574595924329467,-0.13010604966578637,-0.3092125193331627,-0.39943160402164296,0.019169672797975795,-0.3528183833606254,0.4574595924329467,-0.3871222082195537,-0.5367575899491508,-0.10937746679115769,0.6366719645082435,1.2093162867941527,0.4616029099152932,-0.6865896075014126,1.6557080335896,1.5631135810883663,0.20179139169817292,0.1400424443303771,0.04820472807728505,1.172933525640331,0.754394896515422,0.7192112130148905,0.8235122133073248,1.7684536571408034,1.6281183686241134,1.0901944480755505,0
-0.07219669305541997,-1.8284779712265005,-0.4445202009343899,0.3052077222492148,1,0,0,1,0,0,-0.016022136491804253,-0.48443655761865106,-0.6431763394547153,0.12580326965780117,-0.8941641359187406,-0.46978902170772674,-1.412877960329138,-0.027560556423210376,0.4776645355104836,-1.1042180545704514,-1.0725427268910945,-0.9846196191823593,0.6539093668803673,-1.0160173907259902,-0.26545586375941943,0.32962296527143975,-0.5878106295727091,-0.31778729851286214,0.1590389773671773,-1.500636647135627,0.9494485916550003,-0.22810012829353746,-0.3217441305192828,0.9088643953149022,1.0841006290543542,1.500636647135627,-0.15903897736717798,-0.8988402670423681,-0.10937746679115769,0.48201260475264507,0.5891322630504142,0.3079883877961804,0.16404522527173035,0.18764225758709038,0.12354118106860354,0.3258135853852078,1.194770148383656,0.04820472807728505,0.8809906005115491,0.5599008260181015,0.9222885868622325,1.3945294446097283,0.03983423407198747,-0.5986491559356475,0.7809029193074537,0
-0.4577006284139859,-0.2566442469673251,0.5693561964423357,-1.161438585374874,1,0,0,1,0,0,-0.5460174906653681,-0.11055001123475654,1.4165258687431854,-0.6877781431368907,1.33572554998109,0.44650881055781755,1.623673388239612,0.5433181557469382,-1.3283707697403573,1.726526925744413,0.3750342616268579,0.786138897106281,-0.4901450140819526,1.1379244891252778,0.21585856840411377,-1.6861520369926957,0.2880332782590427,-0.6758465528967872,1.3219818704786768,-0.2389258302200081,-1.1207566291611368,-0.5294788444884557,0.12150715762416149,-2.0468176222546557,-1.1473955238256113,0.2389258302200081,-1.3219818704786774,0.9672781456688292,0.11577027848446049,-0.2276009282436361,-1.0388507992769007,-0.8867912286858101,0.5106001571422693,1.247911984700014,0.6218547041523672,-0.9764194483286528,-1.1089772052064004,-0.6346847228976005,-0.5239847266707137,-0.38663698373552574,-1.1254082660984612,-0.09645999267988113,1.1099319721622063,1.0714264874841732,-1.136704559054746,1
1.3156174742354179,0.7482986259196881,1.7280720791585935,0.3052077222492148,1,0,0,1,0,0,0.19849979257844777,-0.5379319888275442,-0.20820817126385424,-0.3724140819895883,-0.32391159503968897,-0.1258978391737084,1.0196320840694737,1.3323991990560493,0.9437530269757762,1.0201833004293148,1.169268899518862,0.1078766849272103,-1.1571015212015006,1.09626319863005,1.0574962200250964,-0.030472300721683852,0.8992438230047551,0.6269197983582874,0.633698674005907,-0.4813636975680082,-0.32244996229969175,-0.7693832167211804,-1.3207637272772539,-0.4865270404151959,-0.9080416723879787,0.4813636975680082,-0.6336986740059076,1.4964759044973779,1.5417059985633763,1.237114184735866,1.0284292798688959,1.4003583228654286,0.8256500952063961,0.5138790966987595,0.2342775195316623,1.3800022317249987,-0.16527347000083534,-0.5588081172337243,0.6985262723060605,-0.1532440991387405,-0.33002188519637315,1.1724671879921262,1.3568776040291806,1.1827648637121608,0.038603250264021984,1
0.5703098658755232,0.8771374557769975,-0.8790386569529866,-0.4281154315628296,1,0,0,1,0,0,0.059691485532990585,-0.500717775812662,-0.2977604411855021,-0.3388524020876736,-0.3262791734798005,-0.12321468300309187,-0.4854794698138206,0.013375748116827589,0.6727455260991131,-1.196275178793985,-1.0079795073639723,-0.7411230834235447,1.0439594988661385,-0.747684829006695,-0.8423715114384277,0.12278760568966159,-1.1824661563938619,-1.1484985234742913,-0.4215365193479638,-0.5927287050207662,-0.07200685078512467,-0.8622279221295176,-0.7962759691594609,0.44357738996785456,0.18913745526876144,0.5927287050207662,0.42153651934796316,-0.7595776989295921,-0.8598699510432187,-0.3367722410122935,-0.22485926811324272,-0.6649035856248688,-0.5605696322757617,0.6769975162545934,1.009431888773073,-0.5423417704240322,-0.05424950115312168,-0.7864379342253526,0.0963939892279486,-0.3347718982695729,-0.14386762583630988,0.664896315723324,0.28677986593896093,0.013711913318286572,0.038603250264021984,1
-0.1749977424843705,-0.46278637473902035,-0.8790386569529866,0.5985369837740325,1,0,0,1,0,0,-0.3188766245909836,-0.2966210763091675,-0.5664172509504457,-0.10739254069515815,-0.3918354207624942,-0.14512712506312683,-1.3184820327429851,-0.16782461728795375,1.0594337146850292,-0.2626008086715125,0.45437982390473663,-0.7664764209816018,-0.7862295003969535,-0.8282644376593918,0.10636150654024172,-0.0692574782641108,-0.325918495001539,-0.19097290235943967,0.13830413819877924,-1.1825507815298206,1.0057892949733767,0.3368951764220396,-1.5178784657036573,0.03158155032010956,-0.7771638940610471,1.1825507815298206,-0.13830413819877996,-0.6760201580619267,0.340918023760079,0.7276480584821255,0.5762117625557528,0.4103980692089227,0.6366201323679207,0.4323198869208419,0.40038202722625016,0.5738579727592754,0.8894542340524437,0.27583454506891375,-0.0951935553878152,-0.8534227529290943,-0.7869459763528921,0.506280418139323,1.1922471827845313,0.6260729825722207,-0.8274130302866491,0
-1.280109023845593,1.3151894772918502,-0.15484123025532542,1.7718540298733036,1,0,0,1,0,0,-0.43244705762817587,-0.203585543771962,0.188380452674872,-0.5327000360039053,0.6081278648358535,0.25511033705383857,-0.740960250818022,-0.9135841497035068,-0.04905323979722699,-0.7414179844053999,-0.890475099666056,-0.3550997282310279,0.8351587856601628,0.10644671578426444,-0.3934259850805671,-0.14258706695101725,0.13091794085750624,-0.2243200101724514,0.6912331826893887,-1.1698703314820218,1.1366835699231035,0.8597974012467917,-0.076228829145386,1.131423853746219,0.9386564118569578,1.1698703314820218,-0.6912331826893894,0.4102278732177254,-0.03432821836595151,1.2098213565437015,0.9379857764062678,0.9565830367435462,0.6366201323679207,1.5741488238116832,1.2862727349307197,0.9459245538203791,1.5278420549267964,1.33810702436318,1.2367960405122524,1.0007540524786946,1.4638282504551436,1.0455744699249259,0.7806711296729086,0.23638866577426285,1.3376276710900281,1
-1.1259074497021662,-0.46278637473902035,-0.15484123025532542,0.5985369837740325,1,0,0,1,0,0,-0.028641073495936725,-0.4803662530701483,-0.5664172509504457,-0.10739254069515815,-0.6849734909885431,-0.2864400167155973,-1.0954136889614603,-0.430966885170531,1.2754530235990176,-0.7178775818756699,0.22431806360199077,-0.41242320486247425,-0.4751122948173981,-0.4027985658557181,-0.5283217893177996,0.2920171763442101,-1.0127447765940951,-0.558088830336552,0.3041828515459608,-0.8641809106868654,1.1207278188543843,0.06225440431764344,-1.4501379109922727,-0.03441408489348611,-0.8364895885229365,0.8641809106868654,-0.30418285154596153,-0.14682239923337803,-0.18442671521636386,1.1916261377489248,1.183475285804831,0.6493539925053206,0.7941451013999841,1.0847935651441794,1.009431888773073,0.9459245538203791,1.1115021717478706,0.12408133374116129,0.20587258615124074,-0.5940973255993336,-0.5669454880182719,0.664896315723324,1.1922471827845313,0.793080546914203,-0.5181215015185524,1
-1.8198145333475857,-1.132748289997029,0.27967722576327125,-0.13478617003801185,1,0,0,1,0,0,-0.6217311126901629,0.12378323634332976,-0.041896812837936774,-0.4754137203092577,0.8613581313409676,0.4626077475815167,1.0850570941245363,-0.031364742862952766,-0.2679181909534351,1.2179268719481333,1.0024491010072514,0.5175556313125645,-0.48785236220892214,0.9510315627796694,-0.7237305053039679,0.05547035671466725,0.784709898050845,1.122227918320991,1.1393967240133565,-0.4241556457943308,-0.5585387707321198,-0.6819682386817291,0.42199550130330576,-0.8672357275898425,-0.20759578892183664,0.4241556457943308,-1.1393967240133573,0.8280155775560533,-0.7097714541928067,-0.1457224436671417,-0.09565426316663046,0.22264698661889537,0.3215701943037938,-0.22015379130249568,-0.7069813574043363,-0.17027518936292965,-0.4150773999081907,-0.482931511569848,0.6437869738444144,0.7803274392483975,0.34690269429476517,0.5380035976561225,0.36909507656128593,0.18071947766026855,0.34789477903211874,1
-0.6376024649146498,-0.2824120129387873,-0.8790386569529866,1.0385308760612593,0,1,0,1,0,0,0.45087853266109723,-0.5850312271745045,-0.5024513438635544,-0.15079126470625479,-0.8622998201831014,-0.3333952497013865,-0.32798139777271945,-0.18910297425325973,-0.778910362403942,-0.7071946458617371,-1.1092727236183788,0.06884617800870033,1.19569467554492,-0.9174494874641067,-1.0662532998739782,0.17696819249776874,-1.4736550007414977,-1.8467808234447294,-0.34719453501248815,0.43824128821613356,-0.46063860034113646,-0.8085993822019092,1.2426325257706268,-0.5058767306926683,-0.36091315896696075,-0.43824128821613356,0.3471945350124874,-0.8833666483631708,-1.0183072532742095,-0.13055976133816094,-0.021002482530810298,-0.6023198914281931,-0.9106251190136804,0.8673023390697335,1.1816884152711638,-0.549231892295534,-0.5261013687559044,-0.8623145398892288,-0.4601222117987924,0.20981149912292413,-0.008482709938082702,-1.3336639938350878,-0.37174181903963527,-0.2089648391376897,-0.3944048900113141,1
0.46750881644657266,0.10410447663314094,-1.6032360836506476,-0.8681093238500562,0,1,0,1,0,0,-0.5333985536612357,-0.11927209241011955,-0.7455217907937414,0.52044233333204,-0.6569574689866768,-0.4939374272432755,-1.408246913216173,-0.5919568695181552,0.33239516395094043,-1.7922456177343056,-1.4000339278641933,0.16188493313688213,1.5818856165762054,-0.6070034261817885,-1.1646157926165401,-0.6598649156539779,-0.5985376842646304,-0.6141283376696927,-0.4291756706205303,0.6464429457035722,1.3516909420202625,-0.3542071541353935,-1.1174959275272212,1.8277084815044522,1.2205358828834354,-0.6464429457035722,0.4291756706205296,-0.6481676444393714,-1.1600669447440433,-0.4186507255887879,-0.6770767854263857,-0.8526546682148961,0.1010352376589052,0.10608304780917345,0.34501385799472056,-0.6043528672675491,1.916425945893794,0.12408133374116129,1.6108479133335034,0.6636309969500054,1.4299820214805863,2.314501650596933,-0.7833178721512579,-0.5986491559356475,2.512935480408796,0
-0.48340089077122306,0.23294330649045036,-0.4445202009343899,-0.13478617003801185,1,0,0,1,0,0,-0.3062576875868511,-0.32278731983525655,-0.7199354279589849,0.38445966476393717,-0.893242824141407,-0.5453645871800923,0.5707053605183935,2.721119904040994,-2.9749945307588255,-0.1824667883256107,-2.1945294861699907,-1.292890387109451,2.375422017256538,-0.33165099680703825,2.2394009649810704,-2.1142736707897103,-0.8909663206121857,-2.399792859511842,-0.23257562654916758,-1.5326826112078547,-1.1249614645947652,-1.4914397386577702,1.9422760470859033,-0.6369660927952459,0.5100651656867532,1.5326826112078547,0.23257562654916686,-0.3974950218363748,1.841902992264201,-0.38226028799923456,-1.3618633116434313,-1.5695224381040902,-0.11949971898598452,1.6557080335896,2.0060589349406004,-0.8523972546416179,-0.9979532363586869,-1.317574173872486,0.5434315933313949,1.5323711785047043,1.1253659607095745,-0.3819686083310823,0.5337254978059351,-0.15329565102369538,0.5953280020465953,0
-0.9460056132015023,0.10410447663314094,-0.15484123025532542,0.3052077222492148,1,0,0,1,0,0,-0.29363875058271866,-0.32976498477554694,-0.3617263482723934,-0.2607346988676996,-0.07557315057065565,-0.052111044481753875,-0.5178304429524401,-0.6470123512818932,0.21328486662984003,-0.9120639540596257,-1.1283108679857576,0.5044631408113449,0.9822080910330705,-1.3682166870928492,-0.5939352165414824,0.4464671015119151,-1.494165485474064,-1.5337986371943675,-0.611077343275553,1.2940866261665431,-0.6470501562216981,0.2930534956838416,0.15708882212802822,-0.24944935794734402,-0.030596451044010268,-1.2940866261665431,0.6110773432755515,-1.2887754577581405,-0.5596729573423944,-0.018355912103706302,0.21443774870523882,-0.40887938209301433,-0.7495995951142377,0.4323198869208419,0.8433273810784847,-0.4183195767369984,-0.7481493064513315,-0.02767187758659086,-0.8159276517994943,-0.62002986833231,-0.6684841749419423,-0.5723076854318833,-0.9479482933959068,-0.48731077970765985,-0.6418381130257917,0
1.0072143259485644,-0.1535731830814779,1.0038746524609323,0.3052077222492148,0,1,0,1,0,0,-0.6595879237025604,0.20635227147009963,0.7896599792916505,-0.626441279867874,1.4505723616335173,0.6428264037079268,1.4127929458407915,1.5003064309030345,0.9921770616616609,0.3265641565872087,0.26355902051375824,1.6482380408799044,0.27275438643267846,1.918001876897255,1.3749090402118302,-0.8174379886773308,0.7395802937460192,-0.021561267355274527,1.799363582812351,0.4634132099205562,-0.04807810611616187,-0.6818639665737394,-2.1777856266214255,0.29218805183103774,-0.36369001573747084,-0.46341320992055685,-1.7993635828123518,2.0535261769484814,1.5417059985633763,0.5456958705343614,0.007709740790658993,0.3079883877961804,0.6051151385615076,1.0032343553662626,0.17890935030013266,-0.23228628620644656,-0.27629743884854874,-0.8623145398892288,-0.9162830323125138,-1.761061748583257,-1.5654092427677009,0.6014499566897238,-0.6186874509066087,-0.48731077970765985,-0.8892713360402683,0
-0.48340089077122306,0.10410447663314094,1.4383931084795292,0.5985369837740325,1,0,0,1,0,0,-0.356733435603381,-0.2442885892569894,-0.6559695208720935,0.15068520475749658,-0.5807080307202706,-0.30432772451970747,0.5299262964157428,0.22855546530359255,-1.2069283142614504,1.2897031467416469,0.6712024386029699,-0.03689908416396424,-0.6026552292268523,0.6824015301721599,-0.8987858227127383,0.010032917691585182,1.2134902997356922,1.0393623938250103,-0.22109974072011698,0.16895808102739213,-0.055027846546393124,-1.2140834555504518,1.6599935526424212,-0.539029537725666,0.14213903912395048,-0.16895808102739213,0.22109974072011698,0.24311279148239442,-1.0850176963188372,-1.155557086777232,-0.9742482968035945,-0.5112890635057554,-0.7495995951142377,-1.4435419379712537,-1.5375038958772762,-1.0384305451721696,0.0012624832707351544,-1.0899443568808573,0.2606118846128881,1.1044842234105985,0.7869036709640054,-0.7626467625326843,-0.20711139779498602,-0.15329565102369538,0.5334696962929761,1
1.3670179989498932,-0.9266061622253344,-0.4445202009343899,1.0385308760612593,0,1,0,1,0,0,1.296347311937973,-0.6867888408870729,-0.438485436776663,-0.20171243421260818,-1.0865240618731389,-0.3723010141753262,-0.7137657014096179,2.1303965974444683,-1.139403018050025,-0.5397662705378771,-1.0840984084723078,-0.5298660058967569,1.2333377440409998,0.34025674963944114,2.623194720383944,-1.7296869034041404,0.36424356900220334,-0.4873818878587281,0.6912331826893902,-1.408230689975459,1.3324891179104827,-0.29617730274187015,-0.18056643165066805,1.0903670966186896,0.9335474734727486,1.408230689975459,-0.6912331826893908,0.8558680911786088,3.643084954469147,1.8648492331556514,0.459927258103802,0.59814915179895,2.4008997855270304,2.063504082479186,1.784586258014483,1.3179911348814817,2.5548137667681474,0.6552175733882943,3.2074107851315286,2.5826391591902356,3.03767789777204,2.6634566252817358,1.1922471827845313,0.514734606344233,2.822227009176893,0
0.3904080293748593,0.33601437037629844,0.5693561964423357,0.5985369837740325,1,0,0,1,0,0,-0.785777293743885,0.7965464310029968,-0.09306953850744984,-0.46615532585355707,1.7713476122513325,0.9728546126937598,-1.5696893952099453,-1.4538858938303034,-0.145398383102609,-0.448624164283442,-0.49821140422406296,0.5601062523480362,1.4577945171721496,0.4861209060115422,0.3325397066662262,-1.2330277193238515,1.2777202303347166,0.45725380753172834,1.4895244906727079,-0.7133741297612556,2.668417596014808,2.3286349946231373,-1.040309484604601,1.8730278116434516,1.0941185716980435,0.7133741297612556,-1.4895244906727085,0.605195468575612,0.491016520610491,0.5093054329448095,-0.25070026910256554,0.2567835470898098,1.109195039464111,2.2266225020350205,1.4523772426253072,0.3258135853852078,2.9711536499470723,2.7038859263129513,0.8627441676909999,0.13201387092399572,0.8884423578876751,1.4262526241265279,0.12214944469431245,-0.2089648391376897,1.1520527538291696,1
-1.7170134839186342,-0.17934094905293926,-0.8790386569529866,-0.13478617003801185,1,0,0,1,0,0,-0.40720918361991093,-0.2152149853391127,-0.579210432367824,-0.0842465545559066,-0.29785991890333213,-0.10040785555285138,-1.0386603098631633,0.8233169785804886,-0.37946222652396383,-0.3316324425799372,-0.7450735923479319,-0.4342922693743346,0.7757466498615084,-0.7027385552301278,1.1765733340535893,-0.41010381550180125,-0.2476434715403261,-0.16983148352265512,-0.3364521793121226,-0.25863368266248993,0.7421143603899573,0.04863694619537015,0.10662279139998151,0.20245500754094195,0.8028247721066352,0.2586336826624906,0.33645217931212196,-0.5089050763265954,1.5417059985633763,0.9641859028142197,0.5762117625557528,0.4445346296798359,1.109195039464111,0.6769975162545934,0.954063719541543,1.2559800380379649,0.917210226264372,0.27583454506891375,0.6985262723060605,0.6506647255835172,0.7022880985276131,1.0772976494417266,-0.12479618717266176,-0.26463402725168356,1.1520527538291696,0
0.23620645523143258,0.6709953280053031,-0.15484123025532542,-1.161438585374874,1,0,0,1,0,0,-0.6974447347149578,0.38370125536914756,-0.5152445252809326,-0.12764527856700325,0.5797944631655974,0.3937400725356925,-0.1818840491743828,-0.47400659741140105,1.3665072016362927,0.2030583676014903,0.5708237998119116,1.4416094095152996,-0.5233021301664702,-1.0916729067148427,-1.2410381717747756,1.6767861926013643,-0.8001024531413717,0.3994672919005577,1.7556215933338128,0.22497917377587734,-0.8378725076743182,-0.5926558660162138,-0.18305270797863302,-1.0676866508581784,-0.35209683586052104,-0.22497917377587734,-1.7556215933338135,-0.9823978079100336,-1.0850176963188372,0.40923172957353837,1.2609982887727984,0.8200367948598906,-0.2140147004052217,0.9216751455883455,0.12354118106860354,0.44983577907224165,-0.7481493064513315,-0.482931511569848,0.2879815338437111,0.14498014229048395,-0.29617565622181696,0.8235122133073248,0.4514102871836102,0.6260729825722207,0.038603250264021984,1
-1.5371116474179702,-0.17934094905293926,-0.15484123025532542,-0.13478617003801185,1,0,0,1,0,0,-0.6722068607066928,0.26740683969764073,-0.579210432367824,-0.0842465545559066,0.3350150913540324,0.27076208138243496,-0.3637544929590383,-0.5295035729354988,0.184910726779744,0.3462191377709571,0.24602752358886718,0.7242330261381914,-0.30272826721791124,0.3153125303553952,-0.8282035823569499,0.2981230521021797,0.810666794644472,1.1902830025680455,1.652616263271448,-0.651277219968356,0.8208660423425888,-0.1029158964878301,0.04680575843122416,0.3361235977248067,0.842231852118566,0.651277219968356,-1.6526162632714487,0.6609004958207222,-0.4846237089171882,1.2916998411201945,1.2739187892674588,1.605177685690913,1.2037100208833493,0.2692014673650073,-0.4301405112466897,1.4420133285685155,1.0004782029001573,0.12408133374116129,0.7076494887163344,0.6247321828505417,0.7361343275021692,1.0772976494417266,0.2044646553166367,-0.09762646290970158,1.0901944480755505,0
-0.6119022025574117,-0.7204640344536393,-1.8929150543297122,-1.6014324776621007,1,0,0,1,0,0,-0.2684008765744537,-0.3460462029695579,-0.7327286093763631,0.48861660239056914,-1.00139976970615,-0.6437469801026983,-0.1687524599418587,1.1783571640476502,0.9224094431468993,-0.6496145974315025,-0.49766851221744607,0.03891473049052092,0.4773608705150363,-0.3599390044911098,0.763438284967474,0.5772282871416239,-0.7176929746722128,-0.43970621831116535,-0.2548898489945435,0.30587169994287167,-0.12499240881609046,-0.8525364734344254,-0.6809058487875396,0.16593534320176695,0.21770589936849022,-0.30587169994287167,0.25488984899454276,-0.11896988561082296,1.1664597564373458,1.1006500437750428,1.2739187892674588,0.8712416355662611,0.3215701943037938,0.4323198869208419,0.6218547041523672,1.1939689411944467,-0.19302946221276363,-0.8623145398892288,-0.2867811000035777,-0.5811310542328463,-0.48232991558187904,0.47455723862252236,-0.7010026615289333,-0.6543183440496418,-0.1469716669968365,0
0.23620645523143258,0.10410447663314094,-0.15484123025532542,0.3052077222492148,1,0,0,1,0,0,-0.6974447347149578,0.38370125536914756,-0.3617263482723934,-0.2607346988676996,0.8218592861512359,0.496594392409326,-0.4491193351427922,-1.1234535426847911,0.9239917324381756,-0.38689893888587695,0.3041840740447499,1.4080454546829424,-0.044366394541273474,-1.108062437311025,-1.115434144605041,1.5873926171726733,-0.8271949078743719,0.35762104882553253,1.3508541695676228,0.5806453452778549,-0.4826515631668572,0.42455780505026486,0.33204884054887923,-0.29755680501266607,-0.04630684507779519,-0.5806453452778549,-1.3508541695676235,-0.9823978079100336,-0.9349191994684248,0.5547934799317504,1.3514417922354265,0.8883099158017184,-0.05648973137315825,0.6769975162545934,0.06817301183707392,0.6978801664463103,-0.5538573609678327,0.19995793940503753,-0.5057382938501646,-0.2699405414371327,-0.36386811417093057,-0.4771381468814831,-0.6186874509066087,-0.4316415915936655,-0.5181215015185524,1
-0.9203053508442651,-0.1535731830814779,1.0038746524609323,0.3052077222492148,1,0,0,1,0,0,-0.4198281206240434,-0.2053299600070346,0.7896599792916505,-0.626441279867874,0.8861324603537513,0.32621397557517656,1.0943735756436648,0.5011647047723577,1.4129008250493051,0.6781359183614781,1.0897289869399753,0.995482811680649,-0.6037683232778822,1.5849218559489282,-0.07939732057372575,-0.3318770353839802,1.3600828353043737,1.1719444786518929,1.7556215933338128,-0.3834842964864804,0.06188214696045222,-0.767402778123149,-2.264987174761845,0.4325169817021498,-0.272525370631172,0.3834842964864804,-1.7556215933338135,3.0283641537379133,1.0163612595869336,3.4660284870959766,2.6822533431855335,3.3290739894720707,3.0940096492681106,1.4110304042558486,0.5664865349208381,3.1783240401869945,-0.10976148557697851,-0.8623145398892288,-0.615216890773458,-1.5925002208189127,-1.3623318689203594,0.9504049313745251,-0.12479618717266176,-0.32030321536567735,-0.8274130302866491,1
-0.7147032519863632,-0.17934094905293926,-1.6032360836506476,-0.13478617003801185,1,0,0,1,0,0,-0.7100636717190902,0.4883662294735037,-0.579210432367824,-0.0842465545559066,0.5077234935847342,0.44069530552148173,-0.765237118397281,-0.49279905246840017,-0.6605328007726249,-0.3428141091769498,-0.6369388424902971,-0.5786929083106696,0.10387586874518295,-0.25088623717943914,-1.0420863465458723,-0.7761912973000011,-0.046515272243123025,0.14235627318417338,-0.07652239220166908,-0.7133741297612541,0.8133982689809675,-0.3675570606465572,0.12297306845283987,0.4169959972634455,0.9670348832957717,0.7133741297612541,0.07652239220166766,-0.28608496734615396,-1.009968447893631,-0.20030810005147043,-0.5607922809744348,-0.5454256239766699,0.6996301199807459,-0.46483142063624716,-0.4855086804782194,-0.17027518936292965,1.1392581639597994,-0.02767187758659086,1.127317443588959,1.026686595211671,1.1592121896841308,1.3945294446097283,0.4514102871836102,0.1250502895462747,1.5850608941045057,0
-0.9203053508442651,0.23294330649045036,1.0038746524609323,-0.13478617003801185,1,0,0,1,0,0,-0.4198281206240434,-0.2053299600070346,-0.7199354279589849,0.38445966476393717,-0.7344913508946546,-0.4550316627693358,2.0381133521586663,0.6754317043412186,-1.09944000353004,1.58731093162996,0.7063871448830941,0.38737148734452787,-0.32042216255511835,1.7756861431051736,-0.16935874899397482,-0.19491822769309586,1.327162420053492,1.1165236987609277,1.677739514506172,-1.1356331163529647,-1.0598015574375401,-1.096711088167545,1.3070972952943654,-0.8283631263772974,0.17173019379538002,1.1356331163529647,-1.6777395145061729,3.3625943172085755,0.9413120111617277,3.620687846851576,2.914822352089435,3.5509616325330113,2.967989674042459,1.4925896140337656,0.6772228733838963,3.3023462338740304,-0.9424412519348303,-0.9381911455531051,0.4613226456389258,1.1044842234105985,0.65151875506577694,-0.033013633646279864,0.5337254978059351,0.013711913318286572,0.5334696962929761,0
0.23620645523143258,-0.17934094905293926,-0.15484123025532542,-0.13478617003801185,1,0,0,1,0,0,-0.6974447347149578,0.38370125536914756,-0.579210432367824,-0.0842465545559066,0.44498297934688336,0.3602006204029859,-1.3366370144189126,-0.7776651969566996,0.8683040858473231,-0.8323496913862074,-0.43888468265302455,0.6339470256203643,0.19193955046664227,-0.96829143092948,-1.2645503471155337,1.2772297916502477,-0.628222033886232,0.2546822372191804,1.2994551316290601,-0.4241556457943308,0.8911209171472716,-0.19942888953977486,0.09649199132460427,0.5015165193782385,0.8192192170189969,0.4241556457943308,-1.2994551316290608,-0.8431352397972577,-1.0850176963188372,0.5456958705343614,1.1705547853101694,0.8200367948598906,-0.05648973137315825,0.5954383064766764,0.012804842605544792,0.5738579727592754,1.2780381250194413,0.19995793940503753,1.2824121225636245,1.143383037510063,1.3115202200696365,1.2993599060593275,0.36909507656128593,0.18071947766026855,1.5850608941045057,0
-1.4086103356317816,-1.235819353882877,-0.8790386569529866,0.5985369837740325,1,0,0,0,1,0,-0.8236341047562825,1.6018852595281818,0.6233486208657331,-0.6079244909564728,3.1178798623261015,1.70177870571125,-0.22190356290725183,-0.9391853216296915,-0.917308232568735,0.2989890848759426,0.4550721975252551,1.2903828938606312,-0.07351080310783796,-0.2259117191458674,0.7669522194602023,-2.0789597349078295,0.4450060166416489,0.011317061975251572,0.7520553775833569,1.0140489972048288,0.0828339780202267,2.057377225359182,-0.8351629555406936,0.037345384033696395,-0.5805672360513432,-1.0140489972048288,-0.7520553775833577,-0.17467491285593337,0.7912135143113154,0.19998671343360988,-0.9354867953196102,-0.7331767065666972,1.8023049032051899,0.35076067714292497,0.012804842605544792,0.20179139169817292,-0.05424950115312168,1.6416134470186852,-0.4692454282090663,-0.8015576674631424,-0.7361766328910565,-0.1916295312302808,-0.6186874509066087,-0.2089648391376897,-0.45626319576493324,1
-0.3291993166277972,-0.978141694168258,-0.15484123025532542,-0.13478617003801185,1,0,0,1,0,0,0.17326191857018283,-0.5292099076521812,0.07324181991846762,-0.5037675533298408,-0.07157656823797295,-0.01767720695884177,-0.1545577109507746,0.13121101393868248,0.5762891955757622,-0.23627737126982187,-1.0649844612471702,-1.0005776402542228,0.3644618351443922,-0.40746820578232734,0.044984774112695795,0.2939752044344288,-0.973920623461891,-1.6020162017650659,-0.2645441656443792,-1.1022968805694087,-0.1922211707373841,-0.1350264752401775,-0.4923899065584353,-0.646527533509333,-0.17952505560775261,1.1022968805694087,0.2645441656443785,-0.3417899945912644,0.11577027848446049,0.23637715102316323,0.3565632541465125,-0.06751377738387422,-0.9386295579527137,1.247911984700014,1.5631135810883663,-0.29429738304996345,-0.44283339212011924,-0.482931511569848,-1.1352402261590995,-1.1775795370912954,-1.311562525458524,-0.1916295312302808,0.8629863402952329,0.3477270420022505,-1.4459960878228426,0
1.3156174742354179,-0.87507063028241,1.7280720791585935,-2.334755631474145,1,0,0,1,0,0,0.04707254852885811,-0.5030436641260921,0.12441454558798068,-0.5095540498646537,0.05144053786971456,0.006918391271809734,1.5927634529923551,-0.30425982598205636,0.6340919901701482,1.8070227065996354,1.7412693265348351,0.8895990941538554,-1.2172645624808758,1.1124995903288917,0.8674547534405482,0.05509577742784127,1.2012684101075346,0.9473544422002284,0.9245237932415912,0.29637562078413626,-1.1031798710734788,1.286603289004908,-0.8114590498715453,-1.2500139049610755,-1.3388281796126924,-0.29637562078413626,-0.9245237932415918,1.4964759044973779,1.3165582532877582,1.1916261377489248,1.0413497803635572,1.5539728449845414,0.7941451013999841,0.5954383064766764,0.17890935030013266,1.3179911348814817,-0.9701972441467586,1.4898602356909325,0.5981708917930423,0.054216242725068246,-0.44848368660732285,0.728342674756924,0.9453015509175579,1.2384340518261547,0.038603250264021984,1
-0.2006980048416086,-0.46278637473902035,1.7280720791585935,0.5985369837740325,1,0,0,1,0,0,0.1480240445619179,-0.5146731056932429,-0.579210432367824,-0.07846005802109372,-0.8444592388875082,-0.3351840204817976,-1.124336457518425,0.748283747957947,0.5891764894447382,-0.26865685943594875,-0.01852187904059019,-0.8566273932144733,0.0498530343712834,-0.3239940956326399,0.45195071636916273,-0.40633588125891124,-0.015389478569638109,-0.42693787881165945,-0.3979084468072301,-0.7736968421314995,1.2396861307132447,-0.5742886211883331,-1.2137523723823942,0.347678141288594,-0.3927423920644633,0.7736968421314995,0.39790844680722937,-0.06326485836571254,0.8662627627365218,1.1825285283515359,0.7570987694810098,0.7176271134471482,0.7941451013999841,0.5954383064766764,0.8986955503100138,0.8839134569768611,1.1115021717478706,-0.5588081172337243,-0.07694712256726609,-0.6848612251647502,-0.5161761445564365,0.41111087958892223,0.36909507656128593,0.013711913318286572,-0.6418381130257917,0
-1.460010860346257,0.5936920300909173,0.27967722576327125,0.5985369837740325,1,0,0,0,1,0,0.4256406586528323,-0.5797979784692867,0.9559713377175679,-0.6461153680862378,0.21952943231846792,0.05342643156249622,0.12747743483415677,0.5475067004643769,-0.27197360890214956,0.03477897168904212,0.13204262058039581,-1.369372086789507,-0.3929677750130351,0.24997010579690354,0.8879963704849164,-0.4864775518275309,0.16213917875553222,0.2632147060536935,-1.6504213207283431,-0.23079243079930178,0.07250670812262343,0.13810514151327832,-0.1170659893313499,0.11379028717216151,0.08531605620659861,0.2307924307993025,1.6504213207283416,0.15955525061472892,0.7161642658861095,-0.23669853764102378,-0.44450777652248397,-0.3576745413866426,0.3845801819166189,-1.1173050988595852,-0.5408768497097485,0.3258135853852078,0.11228645211844858,0.19995793940503753,0.21499580256151593,0.11904759955750843,0.1607484349347019,0.2524949820049213,0.12214944469431245,0.013711913318286572,0.34789477903211874,0
0.9044132765196139,1.1348151154916164,-1.6032360836506476,0.5985369837740325,1,0,0,0,1,0,0.3751649106363024,-0.5646797044319908,0.3035190854312764,-0.5512168249153065,-0.04651035585352863,-0.008286160361683923,-2.092666266375049,-2.523449147464369,0.8952363905069349,-1.2996615581246302,-1.0125150744037326,-0.8816101788691875,0.3654634491717809,-0.9224903249653312,-1.8504373506583194,0.26614341418689463,-0.828238507849042,-0.6490201695736445,-0.37315522795503414,-0.8323203231673697,1.9881619212062465,1.6097856318986745,-0.9563696719347802,0.9344917911745043,0.6826773115649041,0.8323203231673697,0.3731552279550334,-0.9266927806649233,-1.760460932145692,-0.4186507255887879,-0.22485926811324272,-0.5283573437412127,-0.5290646384693491,-0.05703537174666111,0.12354118106860354,-0.4803306735805153,1.9719379303176512,1.6416134470186852,0.269735101023162,-0.2829068128036209,0.09305597698558829,1.109020828958526,0.4514102871836102,0.06938110143228039,0.34789477903211874,0
-0.6890029896291251,-0.4370186087675581,-0.15484123025532542,-0.13478617003801185,1,0,0,1,0,0,0.6023057767106869,-0.6117789427789511,0.29072590401389814,-0.5489022263013813,-0.16690930924586117,-0.04629753944541806,-0.028415137942415018,-0.387528845928677,0.868503361305073,0.8382523824188031,0.8338355542811002,1.3386512942844961,0.2705452875161942,-0.6133428803488675,0.40270717931331856,0.2676386507813879,-0.5520687560840718,-0.6045974448105248,-0.01835909107355938,1.843969028470223,-0.5733330382357917,0.9353187146823404,-0.9183221568766571,-1.6798468173894745,-1.6742987879795321,-1.8439690284702237,0.01835909107355796,-0.6203151308168162,0.28463108744117427,-0.2253265258942885,-0.05689276168264715,-0.26806607015049355,-0.5605696322757617,1.0032343553662626,1.1201682272361313,-0.015247447254136822,-0.7481493064513315,0.35171115073279,-1.1626098753899237,-1.385039878955104,-1.8192559600768776,-0.5405845059150832,-0.7833178721512579,0.06938110143228039,-1.198562864808365,0
-1.2544087614883548,-1.4934970135974959,-0.15484123025532542,-1.161438585374874,1,0,0,1,0,0,-0.4955417426488382,-0.14834569632799627,0.23955317834438508,-0.5373292332317556,0.7513209765350395,0.3011711846494223,0.5445133972038696,-0.3573391970873542,0.6745972680876837,0.33351285059476177,0.73301806947741,0.7207704641421578,-0.5650046794351096,-0.0928972339628392,-0.8300643531257242,-0.14026830330817847,-0.1397396980013615,-0.259310258671261,0.5493147279367994,0.43824128821613356,-0.8499809553386921,-0.3410809846760801,-1.0631531820192373,-0.589117837186744,-1.2061253875337932,-0.43824128821613356,-0.5493147279368,0.2152602778598393,-0.4846237089171882,1.3007974505175837,1.0155087793742343,0.9053781960371756,0.8886600828192224,1.3294711944779316,1.1201682272361313,1.069946747507413,-0.6926373220274746,-0.1035484832504671,0.7623887871779818,0.04124997135858002,-0.194636969298146,0.728342674756924,1.1922471827845313,1.6281183686241134,0.5334696962929761,1
-1.6142124344896835,-1.132748289997029,0.27967722576327125,-0.13478617003801185,1,0,0,1,0,0,0.9051602648098662,-0.6431784350102578,-0.19541498984647596,-0.3764646295639574,-0.653785042810673,-0.20370936812158769,0.39363870046492,0.13537729520229905,-1.504689476653892,0.6372213450832026,-0.4150893428434479,-0.06380484605415243,0.5549525890961183,0.1273661340418646,-0.6745085320711824,-1.5418472092621198,0.1127266040051376,-0.7164436192730633,-0.01001094667634824,-0.07709346503402185,-0.4201014547996444,-0.8615174265428354,0.5075531718513058,-0.749067156225448,-0.15983127468693004,0.07709346503402185,0.010010946676347532,0.27096530510494976,-0.4846237089171882,0.6002815269186915,-0.354064273059855,-0.2894014204448148,1.109195039464111,0.758556726032511,0.8433273810784847,0.38782468222872474,-0.24854144663662048,-0.6346847228976005,0.7806352199985308,0.9488889670127426,0.549980068142106,0.506280418139323,0.2044646553166367,0.18071947766026855,0.5953280020465953,0
-0.38059984134227254,0.7740663918911503,1.4383931084795292,0.3052077222492148,1,0,0,1,0,0,1.1827768789007806,-0.6780667597117099,-0.08027635709007157,-0.4592115300117816,-0.6460766070835643,-0.16659237442805905,-0.09433414464543444,2.8971429293749815,0.03134633855820995,0.5141977151838304,-0.07732756832169686,-1.2817336776681143,-0.282033146167878,-0.3913556363325922,2.887184869521069,-1.233577502186579,0.25888450937959334,-0.8531028398435714,-1.043325708731153,-0.7133741297612541,-0.2598640161435498,-1.0841011699075573,-1.2824779188543496,-0.43794249200110424,-0.7323592541020945,0.7133741297612541,1.0433257087311523,-0.3974950218363748,2.5923954765162622,-0.11842961547497735,-0.7287587874050313,-0.596630464683041,0.038025250046078915,0.02452383803125581,0.6218547041523672,-0.046252995675895824,-0.08200549336504998,-0.8623145398892288,0.7897584364088047,-0.06248019957332482,-0.2284831982727022,1.3628062650929278,1.439192814651505,1.127095675598167,0.16231986177126023,0
0.030604356373531493,1.0059762856343069,0.5693561964423357,-0.13478617003801185,1,0,0,1,0,0,0.5896868397065544,-0.6117789427789511,-0.24658771551598904,-0.3533186434247058,-0.5749081944577374,-0.19744867039014913,-1.432859995592772,-0.14858706967736626,1.9332537818384352,-2.005554181736429,-1.2382078589533858,-0.4057503984267213,1.3007274853784108,-0.9295878511923817,-0.27432005097131573,1.42375510621445,-1.6142006952950612,-1.479314256682759,0.4783555005605047,-1.027822311265718,1.0635934756395358,-0.07086738883967943,-1.2120861088316908,1.1087605342293447,0.16546841257046954,1.027822311265718,-0.4783555005605054,-0.8431352397972577,-0.18442671521636386,0.2545723698179399,0.9767472778902511,0.18851042614798086,-1.2536794960168407,1.8188264531454346,1.6738499195514247,-0.17027518936292965,2.110717891377293,0.8828473903799233,2.979330374874668,1.6490676208030963,2.1069066009717248,2.8220725228657364,1.8507688677631275,1.3497724280541432,2.512935480408796,0
-1.4086103356317816,-0.10203765113855341,0.27967722576327125,-0.8681093238500562,1,0,0,1,0,0,0.097548296545388,-0.5123472173798127,0.35469181110078946,-0.5587392704105633,0.15314542417825341,0.037774687233899804,0.3012171546535658,1.6059379688886197,-0.5181231362133794,0.9460292124669707,0.8454674715358987,0.8008022363693161,-0.5971231819099788,-0.34584001115328183,1.1520610236384932,0.17800432886138046,-0.03165955161798962,-0.2212339227985097,0.1590389773671773,0.9344658179137063,-0.7644090502201372,-1.0500908184406574,0.8871688682651546,-1.3094175027669002,-1.315140986505488,-0.9344658179137063,-0.15903897736717798,-0.28608496734615396,1.1664597564373458,0.21818193222838655,0.279040251178545,0.2567835470898098,-0.2140147004052217,0.5954383064766764,0.5664865349208381,0.2638024885416898,-0.8036612908751883,-1.0899443568808573,-0.5422311594912614,-0.03654765684034838,-0.5500223735309933,-1.3653871733518879,0.12214944469431245,0.6817421706862145,-0.8274130302866491,1
-0.8689048261297889,0.5679242641194551,-1.6032360836506476,-0.8681093238500562,1,0,0,1,0,0,1.1070632568759857,-0.6716705668497771,-0.06748317567269331,-0.46384072723963193,-0.610212526295741,-0.15809571322110672,-0.5517941144228921,0.18541196543695798,1.4830230790096397,-1.1571633639823125,-0.4373236386417118,-1.0306731293538096,-0.658251282328352,-1.3808182769166992,-0.062361546484066534,1.9287482719188924,-2.5121095022059126,-1.8082238445871714,-1.54958452393045,0.13114384342216406,-0.6124142043465881,-0.3169561696208994,-0.0891362250691767,-0.9277117295656222,-1.1968364934440077,-0.13114384342216406,1.54958452393045,-1.276838666205617,0.02999970885565349,0.28966314892215156,1.2813019324072652,0.015389298045488687,-1.1906695084040155,-0.22015379130249568,0.6455839195373082,-0.12598154876041756,-0.5538573609678327,-0.2553016945782196,0.15113328768959466,0.08014878545804377,-0.29617565622181696,-0.3185222492974822,1.1922471827845313,1.4054416161681371,-0.2706882785040748,0
1.3670179989498932,-0.23087648099586283,-0.8790386569529866,-1.8947617391869185,1,0,0,1,0,0,-0.7731583567397526,0.6482710510218256,0.5465895323614635,-0.6009806951146973,2.0234626633927073,0.9630163734014991,0.4885277005817479,-0.492180851210602,0.6160056208439939,1.152289803127702,1.2451994804803117,0.2082638157283337,-1.6758461223043724,-0.07015668337515123,-0.6701956682233186,0.8857000365494561,0.36402403716119297,0.7082351906104593,0.454702424768406,-0.16692132358374867,-0.7494093911391841,0.004146356370489633,0.04794280014210738,-1.1957091805641273,-0.927366492633967,0.16692132358374867,-0.4547024247684067,-0.007559831120602114,-0.5596729573423944,0.2727675886127153,0.705416767502365,0.8371050750953478,-0.24551969421163483,-0.6279498401920818,-0.8730858650989243,0.44983577907224165,-0.7203933142394032,-0.02767187758659086,-0.08607033897753999,-0.0495139282068366,-0.5161761445564365,-0.12818317219668063,0.8629863402952329,0.848749735028197,-0.5181215015185524,1
-0.9717058755587404,-1.41619371568311,-0.15484123025532542,-0.8681093238500562,1,0,0,1,0,0,0.08492935954125552,-0.5088583849096675,-0.8478672421327675,1.5967306888072368,-2.8356114214513277,-1.6253349458532447,0.19348565081096092,-0.28956876707553936,1.1438384378736985,-0.7482227905668315,-0.21181657292544798,0.21887879836282384,0.9188285964413146,-0.06023512462095833,-0.040904570717149924,-0.597623451346073,-0.6135891396001183,-0.037283519574065574,1.2744597090698961,-0.965469047129439,-0.32923273420804855,0.3564649193479896,-2.164219397404712,0.40237623127602373,0.2389718185083061,0.965469047129439,-1.274459709069897,-0.3417899945912644,-0.40957446049198204,-1.1464594773798444,-1.232658306696819,-1.3647030752786062,-0.024984737566746233,0.758556726032511,0.17890935030013266,-1.3484860293897554,-0.3040534310604773,0.35171115073279,0.05990112358685037,-1.0738493661593913,-0.8715615487892844,1.9972698554289314,0.28677986593896093,-0.15329565102369538,0.10046155601764112,0
0.5960101282327613,-0.46278637473902035,0.5693561964423357,0.5985369837740325,0,1,0,1,0,0,0.9556360128263961,-0.651900516185621,-0.579210432367824,-0.07846005802109372,-1.238845084909837,-0.44072149652604764,-1.0394287940450682,0.25831332547769537,1.1485080745013716,-0.5899746293353229,0.2444052589110509,-0.15442228081351592,-0.251462517780242,-0.015841070604054982,-0.011884468497210964,0.25181233289173766,0.09103769650810173,0.2334524123305852,0.30418285154596364,-0.5122984218604396,1.4295228295240643,-0.36644874550441187,-1.3170019032242355,0.8872890837262076,-0.08981796375206053,0.5122984218604396,-0.30418285154596436,0.02029268250195297,0.04072103005925432,0.17269388524144552,0.279040251178545,0.3079883877961804,0.038025250046078915,-0.05703537174666111,-0.2086678343205727,0.20179139169817292,1.1115021717478706,-0.482931511569848,-0.48749186102961545,-1.047916823426415,-0.685407289429221,0.12560226393772106,-0.12479618717266176,-0.3759724034796717,-0.8274130302866491,0
-0.4320003660567478,1.1348151154916164,-0.15484123025532542,0.5985369837740325,1,0,0,0,1,0,0.29945128861150755,-0.5542132070215552,0.3035190854312764,-0.5512168249153065,-0.004026121612918485,-2.3669184983433978e-4,-1.804902294876682,-0.8250511403238092,0.12574591709361366,-1.856330623773523,-1.3788168685628541,-1.451456750143641,0.6557316832327278,-0.6030886252479782,0.5787225839385662,-0.6075295126535883,-1.6293590274317211,-1.3275007549177371,-1.3422252734671216,-0.6484112087471453,1.9071615288481567,1.7121601628774459,-0.782407451474139,0.8921383918547162,0.4964833478977176,0.6484112087471453,1.342225273467121,-0.7874302125521474,0.04072103005925432,-1.2374355713537264,-1.3101813096647865,-1.7572735206941175,-0.5290646384693491,-0.709509049969999,-0.1532996650890431,-1.3484860293897554,1.8054019770460803,1.6416134470186852,0.0872707728176734,-0.3347718982695729,0.025363519036474696,0.6331731362065233,0.03983423407198747,-0.26463402725168356,-0.023255055489598248,0
-1.2544087614883548,-1.132748289997029,-0.15484123025532542,-0.13478617003801185,1,0,0,1,0,0,-0.4955417426488382,-0.14834569632799627,-0.19541498984647596,-0.3764646295639574,0.4201393835210205,0.1768516154108565,0.20046991150986906,-0.19217555957585455,-0.3360090767103814,0.4511380879224399,0.04432925475315637,0.32018904470969406,0.38519412546768994,-0.20675525470105166,-0.8086961166841049,-0.22349143320744433,-0.30284488733946596,-0.3205569965301791,0.4407888507730546,-4.693472038239746e-4,-0.4853457063076342,-0.5463670303028205,0.234748327291966,-0.9097542579984353,-0.3705917180020468,4.693472038232714e-4,-0.4407888507730553,-0.007559831120602114,-0.5596729573423944,0.8641121994429487,0.6020527635450756,0.4445346296798359,0.7311351137871589,1.0032343553662626,0.8433273810784847,0.6358690696027934,-0.27629743884854874,-0.2553016945782196,0.9904691974348425,0.9748215097457181,0.49921072468027106,0.8235122133073248,0.36909507656128593,0.4033962301162448,0.8427612250610729,0
-1.8198145333475857,0.7740663918911503,0.27967722576327125,0.3052077222492148,1,0,0,1,0,0,-0.6722068607066928,0.2604291747573503,-0.08027635709007157,-0.4592115300117816,1.0063468135458091,0.5551766354677868,0.6213461030762818,0.16330514607143864,1.0658972264938447,1.1456479469206118,1.7764539295481885,-0.2905023660157104,-1.9368261848878545,0.5524429451392173,-1.0037168580759537,0.2085744447539072,0.9595041559006012,1.5437355236381913,0.594470599903532,-0.9857992824010663,-0.31200240002233137,-1.2296429523927508,-1.2475200142506397,-0.596268568951686,-0.8023198368645869,0.9857992824010663,-0.5944705999035328,0.27096530510494976,-1.0850176963188372,-0.7461646638947628,-0.5349512799851129,-0.15285517856115927,-0.024984737566746233,-1.1173050988595852,-1.4267675574142176,-0.4183195767369984,-0.1375174777889068,-1.0140677512169813,0.7806352199985308,-0.0495139282068366,-0.2792525417345383,1.3628062650929278,1.7684536571408034,1.2941032399401495,0.038603250264021984,1
1.0072143259485644,-1.41619371568311,-0.15484123025532542,0.3052077222492148,1,0,0,1,0,0,-0.23054406556205628,-0.3576756445367086,0.08603500133584588,-0.5072394512507286,0.2736445612890211,0.11692779426708738,0.9979462474622882,-0.9829902008918583,-1.0313460163948533,1.0201736121855305,0.4991503855170069,0.573858678718576,-0.5118963568342614,1.1214909526651358,-0.0574664708540765,-1.1780400821189234,1.2251010948824388,0.43209415881851515,1.0418552473722593,-0.2506245554141756,-0.2670880040233068,1.2916162508994378,0.22606788193073699,-0.16339945942082018,-0.22706410176150657,0.2506245554141756,-1.04185524737226,2.0813786905710367,0.7912135143113154,2.6654388601258145,1.428964795203394,1.9636115706355104,2.7789597112039837,1.3294711944779316,0.8433273810784847,2.4962019749083075,-0.3318094232724056,1.0346006017076752,-0.3415203984652251,-0.17917664187171697,-0.2284831982727022,-0.5405845059150832,0.28677986593896093,0.18071947766026855,-0.3944048900113141,1
-1.4086103356317816,1.3151894772918502,-0.8790386569529866,1.7718540298733036,1,0,0,1,0,0,-0.8236341047562825,1.6018852595281818,0.03486227566633282,-0.49798105679502797,2.785387395017387,1.6168120936417265,-1.129111366560912,0.3278904056185746,-1.6431815125686848,-0.6080043105172667,-0.8156122617169387,0.09570458905991673,0.7494733381978265,-0.38548220531062005,0.922430288098568,-2.097512743321962,0.4287606967141764,-0.0829487128162665,1.116988546947158,-0.9772859963810728,1.1848875632730562,0.47403054115772525,0.13848615090717,1.2465263657211298,0.9793526122213517,0.9772859963810728,-1.1169885469471588,-0.2582324537235989,1.0914105080121401,0.5456958705343614,-0.7029177864157086,-0.5112890635057554,2.0543448536564917,1.0847935651441794,0.5664865349208381,0.3258135853852078,1.3890620938671545,0.7310941790521709,0.7532655707677065,0.7154960824159574,1.2269046476332444,0.41111087958892223,0.12214944469431245,-0.32030321536567735,0.6571863078002155,1
1.135715637734753,-0.46278637473902035,0.5693561964423357,0.5985369837740325,0,1,0,1,0,0,0.31207022561564,-0.5565390953349852,-0.579210432367824,-0.07846005802109372,-0.9459331102235171,-0.3673818945291959,0.185255731223075,1.3699925458082483,0.1946884665634828,0.21486371413446953,0.5340387614970672,-0.18266394379107753,-0.6190894094039616,1.5501382442506841,1.6134973155448855,-0.8930205844174851,1.2239978066558206,0.6954057284756794,0.4025854781078499,-0.6484112087471453,1.2912772650432882,-0.2639915730053931,-1.1635452206572439,0.9234282568643839,-0.015348200895781003,0.6484112087471453,-0.40258547810785056,1.357213336384602,1.391607501712964,-0.19121049065408274,-0.6124742829530796,-0.135786898325702,0.4790951633358572,-0.38327221085833024,-0.5962450189412776,-0.10826409251941274,0.9727222106882286,-0.4070549059059717,-0.5331079430809875,-1.0090180093269512,-0.6346379459673855,-0.0012904541294803558,0.03983423407198747,-0.26463402725168356,-1.0129879475475077,0
-1.8198145333475857,-1.132748289997029,0.27967722576327125,-0.13478617003801185,1,0,0,1,0,0,-0.6722068607066928,0.2604291747573503,-0.19541498984647596,-0.3764646295639574,0.9012659350619028,0.49122808006809293,0.49083464908644897,-0.07786408850655836,0.08911767486756154,1.233662818507761,1.410836544849708,0.7373121501816599,-0.8107996283929525,0.2885000462930919,-0.636264159561004,0.3158622033607009,0.8776994828643941,1.5380850197834481,1.116988546947158,-0.1022098070627286,-0.3942516808311563,-0.5305245624308236,0.195584205739001,-0.796287095678485,-0.33251594752519215,0.1022098070627286,-1.1169885469471588,0.2152602778598393,-0.6347222057676005,-0.16391766246191838,0.020630241285320403,0.3762615087380082,0.3845801819166189,-0.6279498401920818,-1.0945585420250417,-0.046252995675895824,-0.19302946221276363,-0.2553016945782196,0.9266066825629212,0.8970238815467907,0.4822876101929924,0.7600658542737248,0.36909507656128593,0.3477270420022505,0.7190446135538346,1
1.0072143259485644,1.3667250092347738,-0.15484123025532542,-0.8681093238500562,1,0,0,1,0,0,-0.23054406556205628,-0.3576756445367086,-0.7966945164632545,0.6477452570979235,-1.5001669596617824,-0.7756688251580109,0.8219260717293702,0.3863233430811103,-1.5581891173379119,0.506047196662813,-0.15208374504136338,0.3464424618856451,0.5003678045417058,0.8418610747064227,0.08500393509532342,-1.2339596155006627,1.0906653593403506,0.4144853392651045,0.8915886482224574,-0.41176056791003435,-0.3017305441385144,-0.44508583621487613,0.8900863120788487,0.39784798517372577,0.6023805777690013,0.41176056791003435,-0.8915886482224581,1.7750010407229295,1.0163612595869336,2.8019030010866377,1.4935672976767,1.9636115706355104,3.0625046554616975,1.247911984700014,0.8433273810784847,2.744246362282375,-0.16527347000083534,-0.2553016945782196,0.5981708917930423,1.0007540524786946,1.1253659607095745,-0.15990635171348128,-0.5363722402842841,-0.7656567202776299,0.7190446135538346,0
-0.4577006284139859,-1.41619371568311,0.5693561964423357,-0.8681093238500562,1,0,0,1,0,0,-0.5586364276695006,-0.08147640731687983,-0.8478672421327675,1.5967306888072368,-2.0460626161289794,-1.29664831495272,1.1887977795066875,-0.9459706522530379,0.7739051022953164,0.6868955000927196,0.6003687042149093,0.023477736137096358,-0.45394482954987603,1.5924965422670756,-0.24624068530042206,-0.7938482241146592,1.4652287785810885,0.8205669995698169,0.9848575718326791,-0.9447489169347935,-0.061848469731773034,1.0516958946272683,-1.8556951076164463,0.524944269379889,0.020615245556764788,0.9447489169347935,-0.9848575718326797,1.4407708772522676,-0.25947596364157,-0.09113678728281299,-0.4832692780064673,0.08610074473523979,0.41608517572303205,-0.22015379130249568,-0.6516131881728072,-0.4183195767369984,0.0012624832707351544,1.1104772073715516,0.2879815338437111,-0.7496925819971905,-0.5161761445564365,1.6165917012273294,0.6160407084282594,0.18071947766026855,0.10046155601764112,0
-1.4086103356317816,1.3667250092347738,-0.8790386569529866,-0.8681093238500562,1,0,0,1,0,0,-0.8236341047562825,1.6018852595281818,-0.7966945164632545,0.6477452570979235,1.048156237724814,0.7313705573382722,0.31951218494135786,0.8597585214962555,-1.8611539408145514,0.43592004535624873,-0.13500597071097134,0.43081260745532135,0.4742549132985184,0.11160987518572477,0.845095226299274,-1.6708964791085357,0.7808238768144625,0.20938664639359245,1.1569031123463245,-0.5598254073642694,-0.33277019872339136,-0.33344770670295615,0.8651699652576571,0.18535173212487957,0.3799396803714178,0.5598254073642694,-1.1569031123463254,0.10385022336961848,0.7912135143113154,0.02713213488323473,-0.8450432918569822,-0.5283573437412127,1.2352150146897614,0.18764225758709038,-0.319404172783631,-0.23228628620644656,-0.3318094232724056,-0.3311783002420958,-0.058700689746716966,0.39133929825375646,0.4484413812184362,-0.6040308649486834,-0.5363722402842841,-0.8213259083916238,0.038603250264021984,1
0.13340540580248203,-1.158516055968491,0.27967722576327125,-0.4281154315628296,1,0,0,1,0,0,-0.34411449859924853,-0.2646401119995031,-0.822280879298011,0.9283903390363485,-1.6997475484068099,-0.9210064510664061,-0.3202721116787507,1.0283927841067648,0.7685391327361389,-0.42544613599293524,-0.2234340244185508,-1.4555367527762344,-1.0249197050175662,-0.42982986176890536,0.525569922928805,0.4327469980960743,-0.21256586766558902,-0.08306661444007113,-0.35678002163742906,-1.6313284484388841,0.015865234228220237,-0.88499695894328545,-0.6157497415384978,0.3639736065344099,0.20937679324494254,1.6313284484388841,0.3567800216374284,-0.48105256270404034,0.340918023760079,-0.3640650692044592,-0.09565426316663046,-0.1699234587966153,-0.5605696322757617,-0.38327221085833024,-0.26403600355210183,-0.4183195767369984,0.1400424443303771,-0.7105613285614767,0.5434315933313949,0.11904759955750843,0.2622871218583729,0.9186817518577256,2.097714499630101,1.2384340518261547,-0.08511336124321738,0
0.3904080293748593,1.0059762856343069,-0.4445202009343899,1.0385308760612593,1,0,0,1,0,0,-0.4576849316364408,-0.17160457946229762,-0.5920036137852022,-0.07672410906064984,-0.24609094459855363,-0.07268190845648059,-0.8903507420709476,-0.36034783182153685,0.01959121924414849,-0.6657927920812555,-0.7084263296380164,0.2892052820966333,1.1198604647173152,0.010032193581897062,-0.7764598413637275,0.9868270701359914,-0.36481491323072773,-0.16358063522732835,0.6912331826893887,-0.29111514316954507,1.2480784300111243,-0.2832517159489452,0.9648841832303496,0.537698885637876,0.7612842724801796,0.29111514316954507,-0.6912331826893894,-0.14682239923337803,-0.8598699510432187,-0.5915053041391644,-0.031051760693324323,-0.1699234587966153,-1.1276595207911904,0.5954383064766764,0.2896456887631914,-0.8523972546416179,1.1670141561717275,-0.2553016945782196,0.041654690766301246,0.533968283285125,0.7361343275021692,-0.5405845059150832,-0.37174181903963527,-0.5429799678216537,0.34789477903211874,0
0.2619067175886707,-1.5450325455404195,-0.15484123025532542,-0.13478617003801185,1,0,0,1,0,0,0.12278617055365294,-0.5140916336148853,-0.68155588370685,0.20218502391733126,-1.1248916520027952,-0.5516252849115308,-0.6207843574110343,1.1540543675570811,-0.777822364316683,-0.8067794426505497,-1.431324896415936,-1.5113695878450206,1.083552586963787,-0.4153592474078094,0.878276877728337,-0.950396412948843,-0.07566489377291645,-0.7212316944484335,-0.2947266082233409,-1.7690215962405262,0.44819369456568064,-0.7041373413140772,0.10825249009142653,1.0148789645103222,1.1566500925885452,1.7690215962405262,0.2947266082233402,-0.06326485836571254,1.5417059985633763,1.6828970452078873,0.821701271954316,0.7517636739180628,1.4557499713346498,1.0847935651441794,1.397009073393778,1.6900577159425842,0.917210226264372,-0.2553016945782196,1.6838336446156987,1.4934723644052397,1.9038292271243826,1.5214221626769286,0.4514102871836102,-0.32030321536567735,1.708777505611744,0
0.5703098658755232,-1.776942439283576,0.5693561964423357,-0.4281154315628296,1,0,0,1,0,0,0.47611640666936217,-0.5902644758797223,0.022069094248954552,-0.4945091588741402,-0.28138082135563885,-0.07178752306627507,0.637331463997808,0.2460662535863311,-0.6833377747166243,0.4910816080301513,-0.36873332604776077,0.43569288948117685,0.7760387800905222,-0.22231909884330558,-0.5478598496847086,-0.4931008202296097,-0.4708926581726624,-1.1601345571617148,0.008417975860890584,0.5858842905209262,-1.1083635391151747,-0.8865676259027421,0.43862686011964813,-1.1303486696563592,-0.6532742102664159,-0.5858842905209262,-0.008417975860891293,0.1317027369921738,-0.10937746679115769,1.5646281230418408,1.0155087793742343,0.7517636739180628,0.6996301199807459,1.8188264531454346,2.0060589349406004,1.2559800380379649,-0.9424412519348303,-0.6346847228976005,0.8992370333320981,1.0137203238451828,0.43151826673115745,0.4428340591057229,0.12214944469431245,0.45906541823023866,0.5334696962929761,1
1.341317736592655,-0.4885541407104817,-1.6032360836506476,1.478524768348486,1,0,0,1,0,0,1.43515561898343,-0.6937665058273633,-0.3745195296897717,-0.24048196099585453,-1.0351649737319464,-0.3477054159446747,-0.899058331073861,-0.3396651655851998,-1.6822564374220115,-1.0774649637814315,-1.6178158736395718,-0.7712556588780087,1.0429048787043653,-0.6337741407556259,-0.9943059847732029,-1.9466717821550894,-0.45846420139586563,-0.9775784441614588,-1.1334326641296226,0.07222398482797085,0.6169028409544879,-0.529872808660028,0.3434835011252663,1.0009803996654982,1.1488247893063863,-0.07222398482797085,1.133432664129622,-0.8789456144548287,-1.256558835576451,-1.6338314093827844,-2.1703174854522334,-2.179103875084698,-0.2905268282207957,-0.9192327322560718,-0.5408768497097485,-1.5433780480408084,0.11228645211844858,-0.8623145398892288,-1.3906902856467844,-1.0349505520599276,-0.6346379459673855,-0.9529858396334858,-1.3595243465075295,-1.4893561657595522,-1.0748462533011267,0
1.572620097807795,-0.9266061622253344,0.27967722576327125,1.0385308760612593,1,0,0,1,0,0,0.2868323516073751,-0.5536317349431976,-0.438485436776663,-0.17856644807335664,-0.6643957080997102,-0.28778159480090554,-0.6957493684411786,1.0179537357187256,-0.788432886128589,-0.406513344873308,-0.5695875446633861,-0.742976039520218,0.43820596260056377,0.9388823778575703,1.1500319657744646,-1.268384675263696,0.759154837471681,0.32795112373713525,0.569588792901455,-1.5782419336237905,1.9055766426766267,-0.2450966713506394,-0.19679010809242964,1.301938244570894,1.060672145984407,1.5782419336237905,-0.5695887929014557,0.7166055230658329,0.8662627627365218,-0.4186507255887879,-0.9742482968035945,-0.6649035856248688,0.6051151385615076,0.2692014673650073,0.012804842605544792,-0.35630847989348147,3.0821776187947867,0.5793409677244183,2.723880315386984,2.167718475462618,2.7330618370010282,2.2827784710801327,1.5215080252738291,0.7374113588002092,2.512935480408796,0
0.6988111776617119,0.4133176682906843,-1.168717627632051,0.3052077222492148,1,0,0,1,0,0,-0.5081606796529707,-0.13090153397727022,0.6745213465352461,-0.6160255861052109,0.9954659516426972,0.37540517203647955,-0.5471924589666234,0.34959420331075874,-0.5548027194593209,0.22705559631837588,0.5387219421662938,1.2106316649025954,0.3957142398128003,-0.9168875183004029,-0.4839031555971221,-0.4664958341425126,-1.1810853313605536,-0.42270151734321715,-0.871666255725209,2.515665179469463,-0.15525877059522766,-0.9645925737808115,0.28965057887552953,-1.4778814590983202,-1.1130506687541468,-2.515665179469463,0.8716662557252083,-0.8431352397972577,-0.40957446049198204,0.16359627584405784,-0.10857476366129187,-0.5624939042121272,0.9831750642384596,0.02452383803125581,0.5111183656893089,0.20179139169817292,-0.47058938433204756,-1.1911131644326922,-1.3846081413732674,-1.0522389138819115,-1.4751526321688826,-1.175048096251087,-1.5790315748337282,-0.7285439282016336,-1.2810406058131916,1
0.33900750466038404,-0.23087648099586283,0.5693561964423357,-0.13478617003801185,1,0,0,1,0,0,-0.0412600105000692,-0.47106269981642773,0.8792122492132983,-0.636278323977056,0.49525756672735194,0.1294491897299645,2.4610946567960132,0.5793438303625169,-0.29419654699208897,2.5553688127110212,2.270911385372509,1.9815463740672683,-0.8780982940187468,2.626718879879349,2.417141311707255,-1.0722851616397844,1.7317403835389829,0.993623762744941,0.5641420291796073,2.1430837207120725,-0.7976254748704881,1.6262715152739466,-0.6753666412803636,-1.734974286763738,-1.9822158099131355,-2.1430837207120725,-0.564142029179608,2.63842896302214,2.4422969796658496,0.32735324499704527,-0.3023822710812103,0.3762615087380082,1.0146800580448727,0.10608304780917345,-0.1532996650890431,0.6978801664463103,-0.9701972441467586,0.7310941790521709,-1.4727992333392537,-1.5276688639864726,-1.9546408759751055,-1.1433249167342867,-1.0302635040182315,-0.09762646290970158,-1.3841377820692236,0
1.0072143259485644,-1.158516055968491,1.0038746524609323,-0.4281154315628296,1,0,0,1,0,0,-0.571255364673633,-0.07973199108180722,-0.822280879298011,0.9283903390363485,-1.2922481779456862,-0.7787991740237302,0.7465248732714335,0.09382745936504909,0.9916634293348601,0.036811492849109166,0.29053486178351273,-1.1464825666900713,-1.2029935987342755,1.1665224936177647,-0.4946306313891492,0.7324384602232292,0.6431354504218071,0.7318713452854001,-0.2971274843375756,-1.2689780594871891,0.1275145221933305,-0.6242912407504679,-0.619607112393769,0.5879921515509425,0.33682037192856235,1.2689780594871891,0.29712748433757485,1.050835686536495,-0.4846237089171882,-0.082039177885424,0.3048812521678669,0.5640125913280355,-0.5290646384693491,-0.7910682597479163,-0.762349526635866,0.38782468222872474,0.05677446769459199,-0.6346847228976005,-0.19554893590083341,-0.47740088330094144,-0.2284831982727022,0.31594134103852145,0.9453015509175579,0.3477270420022505,-0.5799798072721716,1
0.10770514344524394,0.5679242641194551,-0.8790386569529866,0.5985369837740325,1,0,0,1,0,0,-0.7100636717190902,0.5203471937831681,0.46983044385719386,-0.5847785048172213,1.530257293007627,0.8521125850160159,1.3336406220887413,0.5417621327738247,-0.7806243153587995,1.7330903654182253,1.7638837121294662,-0.06778375158742934,-1.8714785532028364,1.6151230838142696,-0.32165589388290766,-1.0925320023259213,1.8582924317126293,1.3867867558531275,-0.06904425348519842,-0.023971702672748577,-0.2406477944942972,-1.0658133427028735,-0.03074970878806419,-0.4986423087891069,-0.9392078627248863,0.023971702672748577,0.06904425348519772,2.1649362314387024,0.11577027848446049,1.464554419670571,0.5632912620610914,1.349153482159058,2.3063848041077932,-0.709509049969999,-0.762349526635866,2.3101686843777554,0.0012624832707351544,-0.7864379342253526,1.0817013615375868,0.8970238815467907,0.6176725260912207,0.15732544345452057,1.439192814651505,1.5724491805101195,0.904619530814692,1
-0.48340089077122306,0.23294330649045036,1.4383931084795292,-0.13478617003801185,1,0,0,1,0,0,-0.356733435603381,-0.2442885892569894,-0.7199354279589849,0.46257736798391114,-0.827360169534525,-0.5453645871800923,1.1408281235462296,0.6502431104341588,-0.7822099460162573,1.167598125948399,0.6082824278008493,-0.6008979058722603,-0.426149020382789,0.79916675125343,-0.32409764253526196,0.08094174821871787,0.8817532955429201,1.0992442500351216,0.4251360800282837,-1.2411978630008902,-0.7878312750688958,-1.2171529791942712,1.1506458513599038,-0.7030182669100674,0.28240111226652576,1.2411978630008902,-0.4251360800282844,0.24311279148239442,-0.7097714541928067,-1.4193877593014905,-1.168055804223513,-0.8185181077439823,-0.7495995951142377,-0.9541866793037505,-1.2052948804881005,-1.1624527388592034,-0.6371253376036178,-1.0140677512169813,0.7076494887163344,1.2471132084419672,0.8376730144258402,0.28421816152172197,0.6983559190505837,0.1250502895462747,0.6571863078002155,0
-0.9203053508442651,-0.4885541407104817,1.0038746524609323,-0.4281154315628296,1,0,0,1,0,0,-0.4198281206240434,-0.18207107687273325,-0.2593808969333673,-0.35042539515729937,0.22149318408469418,0.13079076781527277,1.7067807279022622,-1.8683841214655528,1.2992106025273322,1.8411084990032802,2.746576498212771,1.338632417319136,-2.607259322991689,2.072318906321828,-0.3373754072601516,-0.06388536444094085,1.2717262628541688,1.0518917810380917,1.4653338449762416,0.3724346929031413,-0.3026835159898043,2.2264405653610724,-1.8402630476497734,-1.2261968107732888,-2.5437163738496045,-0.3724346929031413,-1.4653338449762423,3.111921694605578,0.340918023760079,2.319729703025062,1.9199438140005203,2.492728257934677,1.8023049032051899,1.0847935651441794,0.40038202722625016,2.3101686843777554,-0.4150773999081907,1.717490052682561,-0.5878472415426337,-1.3720736075886157,-1.6669479296913718,-0.4771381468814831,1.5215080252738291,1.9621334973080773,-1.0748462533011267,1
0.6988111776617119,-0.7204640344536393,-1.168717627632051,-1.6014324776621007,1,0,0,1,0,0,-0.5081606796529707,-0.13090153397727022,-0.7455217907937414,0.5378018229364786,-0.7096477550687896,-0.5162970619984132,-0.21017603431434856,0.7586361328304021,0.09846782676618558,-0.386813466752567,0.016441102898648592,-0.6653981368844999,0.18813417994789416,-0.7642415189851195,-0.41749010503012274,-0.6087967217199634,-0.7286790702656112,-0.13214997774238466,-0.7279513648365089,-0.18555039652161812,-0.47136622902073533,-1.4594843228648522,-0.7463908110776398,-0.19998565416187222,-0.15039297134644497,0.18555039652161812,0.7279513648365081,-0.6481676444393714,-0.25947596364157,0.48201260475264507,0.07231224326396513,-0.22112829950298704,1.3297299961089997,0.18764225758709038,0.6218547041523672,0.6978801664463103,-0.38732140769626244,-1.317574173872486,0.32447439948480933,-0.127311556405765,-0.194636969298146,0.9186817518577256,0.2044646553166367,0.1250502895462747,0.22417816752487937,1
0.10770514344524394,-0.23087648099586283,0.5693561964423357,-0.13478617003801185,1,0,0,1,0,0,-0.6217311126901629,0.14878653571270373,0.8792122492132983,-0.636278323977056,1.357548890776926,0.6061566027095009,0.44816565422212284,-2.0197077625500706,1.6188020765963453,0.5989217916588963,1.3698647331801188,0.8936783425829723,-0.6994458420100976,-0.20116406644485244,-1.2067187432951407,1.7310056191439591,-0.6482754611861616,0.09877992010759906,-0.5796783524084306,1.7937886031270187,-0.8241860167053136,1.5632479418818015,-0.4734629592036222,-1.4519235515175881,-1.6844518775475517,-1.7937886031270187,0.5796783524084299,-0.14682239923337803,-1.0850176963188372,0.21818193222838655,1.1059522828368633,0.7517636739180628,-0.8126095827270634,-0.38327221085833024,-0.1532996650890431,0.5738579727592754,-0.9979532363586869,0.6552175733882943,-1.527538531800901,-1.488770049887009,-1.8361790745641564,-1.238494455284687,-1.0302635040182315,-0.32030321536567735,-1.5078543935764617,1
0.3904080293748593,-0.2824120129387873,0.5693561964423357,1.0385308760612593,1,0,0,1,0,0,-0.785777293743885,0.7965464310029968,-0.5024513438635544,-0.15079126470625479,1.269648225209414,0.7291345938627584,0.7862766564818314,1.1193966783078297,-1.7447858138394254,1.1928974743148257,0.5259866068057288,0.9978110285754747,0.4675139862321098,0.4825506041048494,0.7813455992436523,-1.124666296868411,1.4715079696633977,0.46782929172627086,1.465333844976243,-0.09240503183227083,-0.6111779530327814,-0.7536722020684933,1.2549994922406986,-0.15240541487831374,-0.22706410176150657,0.09240503183227083,-1.4653338449762439,0.6609004958207222,1.0163612595869336,0.7003552302899613,-0.04397226118798574,0.5469443110925782,1.0146800580448727,1.7372672433675176,1.009431888773073,0.44983577907224165,-0.6371253376036178,-0.7864379342253526,-0.3415203984652251,0.3265079414213163,0.24536400737109418,-1.4288335323854886,-0.04248097655033679,-0.09762646290970158,-0.45626319576493324,1
-0.1749977424843705,1.0059762856343069,-0.8790386569529866,1.0385308760612593,1,0,0,1,0,0,-0.33149556159511606,-0.2762695535666538,-0.5920036137852022,-0.07672410906064984,-0.43546548150207487,-0.15317659357497643,-1.6862640042413761,0.3600543168813043,-0.6391190534182658,-0.8832977965345645,-0.9830403769620517,0.6595124907316039,1.2984818196909973,-0.8650929185900061,-0.10958882649029542,-0.22490223947332189,-0.5208331404965233,-0.4444704701450943,0.12355936367902995,0.7769517052683067,1.4804004949386258,-0.6039695301307266,0.6476920954564026,0.676829110949023,0.8440617304624217,-0.7769517052683067,-0.12355936367903066,-0.6481676444393714,0.26586877533487285,1.1916261377489248,0.8733832739329616,0.59814915179895,1.0146800580448727,1.0847935651441794,1.1201682272361313,0.9459245538203791,1.2502821328075124,-0.6346847228976005,-0.2685346671830286,0.09311505682453199,0.36382580878204385,-0.4771381468814831,-1.1948939252628807,-1.0440026608476,0.22417816752487937,0
0.23620645523143258,0.10410447663314094,-0.15484123025532542,-0.8681093238500562,1,0,0,1,0,0,-0.6974447347149578,0.4621999859474147,-0.7327286093763631,0.52044233333204,-0.07404049060598678,-0.04674473214052082,-1.8896774767264557,-0.5364611767709854,1.5420797336394545,-2.03181230667,-0.9120860529832204,1.2928093099464364,1.1309545384753374,-0.8512751536609761,-1.0678588037992427,0.9922515331414825,-0.5902920315919588,0.34019387177361193,1.3508541695676228,0.4234769879856554,1.7770584279694028,-0.33344770670295615,-1.110957557427883,2.15952387074459,1.5178896415951688,-0.4234769879856554,-1.3508541695676235,-0.7595776989295921,-0.9349191994684248,0.3091580262022686,0.795860270964994,0.4957394703862077,0.1010352376589052,0.6769975162545934,0.06817301183707392,0.3258135853852078,2.110717891377293,-0.02767187758659086,0.9995924138451164,0.19684522775643593,1.0745966172477384,1.870377137361731,-1.0302635040182315,-0.9883334727336057,2.018069034379841,0
1.0072143259485644,0.10410447663314094,1.0038746524609323,-0.8681093238500562,1,0,0,1,0,0,-0.571255364673633,-0.07973199108180722,-0.7327286093763631,0.52044233333204,-0.4997003826642363,-0.4635283239762882,-0.12662938947894592,-0.17225472002571282,1.0677605602044666,-1.0395085404064934,-0.3212923728722772,0.08817469783767452,0.13136786869900385,1.3991220890241503,-0.5897359571991663,0.4427853392909925,0.8021364145366555,1.1109648808759236,-0.060099813059615065,0.17986603418274572,1.5740675545718104,-0.35435952669311027,-1.0147078920579005,2.199693712354915,1.5023367947447301,-0.17986603418274572,0.06009981305961435,1.4129183636297125,-0.4846237089171882,0.2636699792153276,0.459927258103802,0.785900234388976,0.2270552128845555,-0.9541866793037505,-1.0391903727935126,0.6978801664463103,1.6943780081983673,-0.17942508891434333,0.5434315933313949,-0.10137901367278856,0.7699805564767266,1.331083085576127,-0.9479482933959068,-0.9883334727336057,1.4613442825972665,1
0.10770514344524394,0.6967630939767645,0.5693561964423357,-1.161438585374874,1,0,0,1,0,0,-0.6217311126901629,0.14878653571270373,-0.5280377066983108,-0.12764527856700325,0.26839092480453836,0.2130742237141796,0.34405523211476347,-0.6019475561785328,1.889629685268809,0.03354738098896803,0.5040844247378503,0.3771131901342989,-0.7202318008403933,-0.3250477852197756,-1.3512960459496344,1.8400684232130684,-0.47030628728258767,0.46618379111619695,-0.11207882534413707,0.625495827724652,-0.8032010925589261,-0.5275068028630014,-0.7340957729247498,-0.5116680112334606,-0.2001967034677957,-0.625495827724652,0.11207882534413637,-0.48105256270404034,-1.3852146900196616,-0.8098479296764806,0.1627557467265941,-0.03337721691295973,-1.3166894836296663,-0.8726274695258333,-0.9284540343304539,-0.5423417704240322,-0.6648813298155464,-0.3311783002420958,0.6255405410238652,0.11904759955750843,-0.093098282374475,1.331083085576127,0.28677986593896093,0.6817421706862145,0.8427612250610729,0
0.004904094016293398,0.49062096620506923,-0.4445202009343899,1.0385308760612593,0,1,0,0,1,0,-0.14221150653312897,-0.433267014723188,-0.38731271110714993,-0.24337520926326098,-0.27225109517817325,-0.14512712506312683,-1.4031313596618302,1.9820841975157963,-0.5893534037151095,-1.7917463134894407,-2.310647265758825,-0.856161129114246,1.90198758448023,-0.7756085291448183,3.2783106359323995,-1.1463331081188715,-1.1086687296136895,-1.7222623567508213,-0.682171218142126,-0.4911325578708816,1.1761094080092385,0.5636668634622101,-0.3462883753815106,1.3211967414856258,1.3225006314665808,0.4911325578708816,0.6821712181421253,-0.7317251853070371,3.042690967067499,0.00893691608845806,-0.5866332819637576,-0.9550643496276378,0.1325402314653172,0.758556726032511,1.2862727349307197,-0.4183195767369984,1.1392581639597994,0.5793409677244183,0.14201007127932075,-0.06248019957332482,0.46536449570571364,0.7600658542737248,-0.4540570296619595,-0.7099875321636356,0.5953280020465953,0
-1.8198145333475857,-1.0296772261111817,-0.4445202009343899,0.5985369837740325,1,0,0,1,0,0,1.0692064458635884,-0.6670187902229168,-0.3361399854376369,-0.281566086393026,-0.8695010214249239,-0.29538387061765237,-0.32038581134541355,1.1644262472469642,-0.20181445439240117,-0.4218056965644127,-0.7151719663202307,-0.35129627480524395,0.5404217347552579,-0.6418117592948069,1.1371675392552298,-0.3679876107745976,-1.0345572712301996,-0.9531327413712308,-0.8569681418843186,0.37080434932556694,-0.19578647791889897,-0.4590220902468618,-0.09390494025991994,-0.4560169972808346,-7.900272603735762e-4,-0.37080434932556694,0.8569681418843179,-0.6203151308168162,1.0163612595869336,-0.07294156848803632,-0.25070026910256554,-0.6307670251539549,0.1010352376589052,-0.05703537174666111,0.40038202722625016,-0.35630847989348147,-0.10976148557697851,-0.3311783002420958,0.3700904815361815,0.2616765845888761,0.05920974801103089,0.6966194952401235,0.03983423407198747,0.23638866577426285,0.7190446135538346,0
1.0072143259485644,-0.23087648099586283,-0.15484123025532542,-1.8947617391869185,1,0,0,1,0,0,-0.23054406556205628,-0.3460462029695579,0.5210031695267069,-0.6009806951146973,0.5225168612548611,0.19831686477578872,0.901582056411041,0.2185809729340838,-1.3406267851475597,1.3313816657643718,0.5573339774213778,0.8718756202459024,-0.3169817760660466,0.6644318462558357,-0.010583104627362703,-1.444710784766694,0.8782916920209091,0.06084043617256713,0.9659140628556914,0.23115255077283092,-0.5897793243630387,-0.31061116696246377,0.3808867152462858,-0.9277117295656222,-0.6651626223246265,-0.23115255077283092,-0.965914062855692,1.4407708772522676,0.7912135143113154,2.4834866721780506,1.1059522828368633,1.4686314438072563,2.810464705010396,1.7372672433675176,1.2862727349307197,2.2481575875342377,-0.5816133531797613,-0.3311783002420958,-0.13168642102891215,0.08014878545804377,-0.29617565622181696,-0.3819686083310823,0.2044646553166367,0.3477270420022505,-0.3944048900113141,1
-1.2544087614883548,0.43908543426214564,-0.4445202009343899,0.3052077222492148,1,0,0,1,0,0,0.4130217216486998,-0.5751462018424264,-0.5280377066983108,-0.11607228549737747,-0.8914318817133031,-0.352624535590805,-0.2897975880468254,-1.80053228819103,0.9741631559690843,-0.8139787596066733,0.4322553737637256,-0.5078570320991066,-0.4731585553751441,-0.35051116273131194,-0.983357460432292,-0.13053933415685492,-0.9762261994226621,-0.5052282703820026,-0.9197330604481166,0.21952363131345246,0.05274397678051081,1.4861811547993604,-1.4628931105308896,0.13162360229199357,-1.0552102273411381,-0.21952363131345246,0.919733060448116,-0.48105256270404034,-1.0600012801771017,-0.7067416898394149,-0.6598494514335042,-0.972132629863095,-0.19301137120094664,-0.7638818564886103,-0.44859656765719946,-0.6870343297255728,0.27882240539001907,1.8692432640103136,0.9448531153834703,-0.0495139282068366,0.008440404549195996,0.886958572340925,0.6983559190505837,0.9044189231421907,0.7190446135538346,0
-0.27779879191332196,0.05256894469021735,-1.8929150543297122,0.5985369837740325,1,0,0,1,0,0,0.13540510755778543,-0.5193248823201031,0.712900890787381,-0.6235480316004676,0.29702317659907657,0.08249395674417527,0.8207885080354315,0.5804159074578358,-3.057996774108115,1.3265230146435631,0.7454218689163419,-0.3497435409982174,-1.1250353172621672,0.19821804569926652,0.2639362653111361,-2.5406873922602227,0.29855964217203573,-0.162972667923819,0.19616880564547262,-0.6715663093066304,-0.9432692649001939,-0.5322334916093673,1.627238227440659,-1.4960003821909327,-1.1281960275181473,0.6715663093066304,-0.19616880564547334,0.7723105503109431,1.0163612595869336,2.165070343269463,0.13691474573727128,0.2567835470898098,4.070664457266903,0.9216751455883455,0.8986955503100138,1.814079909629618,-0.8036612908751883,-0.3311783002420958,0.6437869738444144,1.454573550305776,0.6345956405784983,-0.9847090191502859,2.0153992890077768,1.739456744852101,0.34789477903211874,0
-0.1749977424843705,-0.2824120129387873,-0.8790386569529866,1.0385308760612593,1,0,0,1,0,0,-0.33149556159511606,-0.2646401119995031,-0.5024513438635544,-0.15079126470625479,-0.24609094459855363,-0.08699207469976873,-0.28294677809250324,0.3365036285651391,-1.2322853537560263,-0.2384572675897659,0.03990600161008497,0.0908114680865753,0.22504709482876614,-1.041507159370997,-0.17461416921901532,-0.44777590056366523,-0.8063499125851852,-0.4186509132110118,-0.042827790168833695,0.16633209230480636,-0.6472172993130759,-0.6367864322085223,1.234603763664953,-0.4774223857694274,-0.4606108894901169,-0.16633209230480636,0.04282779016883299,-0.8709877534198129,0.11577027848446049,0.9277954652246664,0.5245297605771081,0.15437386567706757,1.2982250023025865,0.8401159358104279,0.954063719541543,0.5738579727592754,-0.6371253376036178,-0.6346847228976005,-0.14993285384946126,0.4950694691856613,0.2622871218583729,-1.2702176348014877,0.03983423407198747,0.1250502895462747,-0.3944048900113141,1
-0.6119022025574117,0.23294330649045036,-0.8790386569529866,-0.8681093238500562,0,1,0,1,0,0,0.3751649106363024,-0.5675870648237784,-0.438485436776663,-0.20576298178697722,-0.7142350708974166,-0.2774961628135422,0.013288537692892606,0.13348837865520824,0.7031066171520307,-0.9068841910933664,-1.334464094872585,0.22085179053041687,1.4131975308088212,-0.8120699103910913,-1.1382380403841643,0.39639513530736786,-1.3053031635505343,-1.5508398249374435,-0.5252107151899527,0.8221130942085976,-0.8298887212757322,-1.3234788707466503,-0.5628314170751414,-0.069174238051091,0.22077543742901196,-0.8221130942085976,0.525210715189952,-0.7874302125521474,-1.0850176963188372,-0.13662483426975403,0.08523274375862654,-0.4430159425639276,-0.9386295579527137,0.4323198869208419,0.7879592118469556,-0.5423417704240322,-1.053465220782544,-1.5452039908641146,-1.883343971801603,-1.8129268340492097,-1.7177172731532073,-0.7626467625326843,-1.5241547677521787,-1.4336869776455579,-1.7552876165909395,0
-0.6376024649146498,-0.41125084279609675,-0.4445202009343899,-0.8681093238500562,1,0,0,1,0,0,-0.05387894750420167,-0.4716441718947853,0.022069094248954552,-0.48930131199280863,0.05911732641730381,0.015415052478762072,0.021592841504818407,-0.47032013417071883,-0.021074611809411867,-0.14166816123004686,0.42116916505586344,0.11619289773439252,-0.31089249580007805,-0.7214359060163505,-0.11101454308146788,-0.5767092865595574,0.06911696512826229,0.28340077656660895,0.4783555005605047,-0.31595390708670573,-0.7508756286120416,0.5343172119690766,-0.550727515013642,0.2599197456381325,-0.27085484290695927,0.31595390708670573,-0.4783555005605054,-0.45320004908148526,0.340918023760079,1.4372615914784068,0.8604627734383002,0.8541733553308051,1.8968198846244282,0.758556726032511,0.5664865349208381,1.5040244254120325,-0.49834537654397587,1.0346006017076752,1.3645210702560935,0.8192262533478623,0.8884423578876751,1.0138512904081252,0.9453015509175579,0.848749735028197,1.0901944480755505,0
0.4932090788038099,1.3667250092347738,1.0038746524609323,-0.8681093238500562,0,1,0,1,0,0,-0.36935237260751347,-0.24719594964877709,-0.7966945164632545,0.6477452570979235,-1.3288285416039172,-0.6907022130884876,0.9617889150234447,0.3640785316261572,-0.5920512202404844,0.8506692593794877,0.7751217603621585,0.5917700021176808,0.0593785979446358,1.0825061338772115,0.39796627996728584,-0.17715647758108563,1.5037601784043615,1.6343614965979787,1.0008734476041308,-0.18555039652161812,-0.25576352468881813,-0.10103532757186959,0.6313286768386042,0.34190356287349816,0.5879396479672535,0.18555039652161812,-1.0008734476041314,1.1343932274041606,0.491016520610491,0.33645085439443295,0.188596747715916,0.8029685146244333,0.8886600828192224,-0.38327221085833024,-0.8177176958673952,0.8219023601333442,-0.3040534310604773,-0.17942508891434333,-0.2594114507727547,0.09311505682453199,0.22844089288381547,-0.44541496736468245,-1.0302635040182315,-1.211010225189582,-0.08511336124321738,0
0.44180855408933456,-0.6946962684821769,0.27967722576327125,-0.13478617003801185,1,0,0,1,0,0,-0.5081606796529707,-0.11927209241011955,0.57217589519622,-0.6061885419960289,0.9500495203158017,0.3767467501217878,0.42929266654828724,0.7163186726721301,-1.0472574528902356,0.35205987959052926,-0.3858496944869976,-0.0784038776593933,-0.30944965400973995,0.016403072654335833,1.2273160289489293,-1.244839752326507,-0.24916830965969797,-1.0436657909114428,0.06048449490010199,-0.16692132358374867,-0.5805521460528809,0.24632839680026208,0.18069212223321754,-0.7226812149379829,-0.5173130115673112,0.16692132358374867,-0.0604844949001027,0.10385022336961848,1.3165582532877582,0.381938901381374,-0.354064273059855,-0.42594766232847037,0.5736101447550955,0.5954383064766764,0.6218547041523672,-0.10826409251941274,-0.6371253376036178,0.04820472807728505,-0.49661507743988936,-0.3347718982695729,-0.5838686025055501,-0.4771381468814831,0.8629863402952329,0.848749735028197,-0.3944048900113141,0
0.23620645523143258,-0.17934094905293926,-0.8790386569529866,-0.8681093238500562,1,0,0,1,0,0,-0.4198281206240434,-0.20940026455553734,-0.34893316685501513,-0.2607346988676996,0.11533404629753435,0.04045784340451634,-0.09727299221580822,-0.7728031305182872,0.21897163159640834,0.39859453067224643,0.3627309123130951,-0.03675211175842381,-0.5743837934858981,-1.0185831540474781,-1.2460317394107012,-0.24057805016009598,-0.17392623425533232,0.08277922796229407,-0.35307242775419667,0.30004743805884815,-0.8824958223617685,-0.1875506936420598,-0.5410992951375575,-0.7109377723993159,-0.390750146667651,-0.3000474380588474,0.35307242775419595,-1.1216603760228097,-1.3852146900196616,-1.3193140559302208,-1.2197378062021575,-1.2110885531594928,-0.5920746260821743,-0.9541866793037505,-0.9284540343304539,-1.1624527388592034,-0.8314172830871166,-0.17942508891434333,-0.0039613912850709025,-0.2829068128036209,-0.5330992590437151,0.6014499566897238,0.12214944469431245,0.29205785388825667,-0.08511336124321738,0
-0.4063001036995106,-0.2566442469673251,-0.8790386569529866,0.5985369837740325,1,0,0,1,0,0,0.03445361152472564,-0.49432158295072914,-0.5408308881156891,-0.09581954762553238,-0.6796031423784643,-0.30611649530011853,-0.5479469362355825,0.3577775625804265,0.19141062607435846,0.40374181912566703,-0.1407230038016884,0.23096571141968983,0.09079695268969508,-0.8573625839788278,0.14082177702239065,-0.2844844526661529,0.2419747874568679,-0.2774739793488426,0.21285636891661422,0.10390132815818369,-0.09473303857351593,-0.34998876792039346,-0.5475441774910362,-0.3054910932463755,-0.0879525379191404,-0.10390132815818369,-0.21285636891661494,-0.5646101035717058,0.7161642658861095,1.7192874827974407,1.2739187892674588,1.3320852019236007,0.9831750642384596,1.0847935651441794,1.0648000580046022,1.5040244254120325,0.5286263352973745,0.4275877563966659,2.660017800515063,1.8694942340333933,1.5992131663533709,2.726902984315336,1.1099319721622063,1.2941032399401495,2.203643951640699,0
0.05630461873076867,-0.6946962684821769,0.5693561964423357,-0.13478617003801185,1,0,0,1,0,0,0.7158762097478791,-0.629223105129677,0.57217589519622,-0.6061885419960289,-0.0729709905210912,-0.015441243483327998,-0.16339063028763734,-0.5353122382270666,1.1419827517563985,-0.6187677509875085,-0.588558803283253,0.4553149108087501,0.6039096295026127,-0.7825043849860593,-0.6295840090865423,1.6607555968218481,-1.440970873506957,-0.8683115098789066,0.6464168285569918,-0.020113106998745453,-0.5546705127262405,0.104029407240639,0.10777053384712731,-0.5929267397580272,-0.08258191677113927,0.020113106998745453,-0.6464168285569925,-0.6760201580619267,-0.4846237089171882,0.41832933897092733,1.2609982887727984,0.512807750621665,-0.9071245641463012,1.6557080335896,1.397009073393778,0.2638024885416898,-0.7481493064513315,-0.3311783002420958,-1.244718823082393,-1.0090180093269512,-1.1423313805857394,-0.667477223982284,-0.12479618717266176,-0.15329565102369538,-1.0748462533011267,1
-0.1749977424843705,-0.2566442469673251,-0.8790386569529866,0.5985369837740325,1,0,0,1,0,0,-0.33149556159511606,-0.2646401119995031,-0.5408308881156891,-0.09581954762553238,-0.3206926294202451,-0.12947538073453044,-0.636418725082285,0.1531224229265255,0.1785308249873971,-0.5787101113561978,-0.3505341254230294,0.24272983071796875,0.5870520523349017,-0.7615634372675942,-0.12945110588271674,-0.523847281102597,-0.8243227260198898,-0.3965170548637721,-0.22931895624632825,0.5584902876836534,0.12401051608690504,-0.33984660701128133,-0.7704736164447221,-0.03558427926902481,0.06858980250499253,-0.5584902876836534,0.22931895624632756,-0.7874302125521474,-0.25947596364157,-0.43684594438356456,-0.625394783447741,-0.8867912286858101,0.3215701943037938,0.10608304780917345,0.2342775195316623,-0.4803306735805153,0.7229182807808735,0.35171115073279,2.3498284425657316,1.4675398216722642,1.3622895635314727,2.6951798047985354,0.36909507656128593,0.7374113588002092,2.203643951640699,1
-1.7941142709903475,-1.4934970135974959,0.27967722576327125,-1.161438585374874,1,0,0,1,0,0,-0.6722068607066928,0.29531749945880237,0.23955317834438508,-0.5373292332317556,1.2324475280759204,0.642379211012824,0.6846350812461713,-0.36760881237054926,1.3616794014433298,0.8189157037472066,2.169754225352754,1.116914369045525,-2.142117435452063,0.2167336379036527,-0.6726771628109001,0.36168754993086766,0.6121343758005912,1.3943274044204048,1.0387885820834852,0.4930801176436292,-0.7354440490397792,-0.1693185831807049,-1.4980002516368285,-0.49932031513737446,-1.4594974321573673,-0.4930801176436292,-1.038788582083486,0.18740776423728422,-0.6347222057676005,-0.027453521501095285,0.1627557467265941,0.4103980692089227,0.5106001571422693,-0.709509049969999,-1.149926711256571,0.015758101167622184,-0.6648813298155464,-0.1035484832504671,0.1876261533306929,-0.6329961396987983,-0.7700228618656133,0.37938770007212164,1.1099319721622063,1.5724491805101195,-0.1469716669968365,1
-0.6890029896291251,-0.10203765113855341,-0.4445202009343899,-0.8681093238500562,1,0,0,1,0,0,-0.00340319948767178,-0.4821106693052209,0.32910544826603294,-0.5587392704105633,0.21445271956679232,0.06102870737924305,-0.343097847238116,0.28212250226385766,-0.5599999052293054,-0.43291091786339064,-0.5266174304104174,-0.12511384887609975,0.6570753930490068,-1.2360181847913565,-0.3013501057153097,0.2719277574780817,-1.9517455746641037,-2.2155866871140284,-0.9053494332772455,0.7272741774339888,-0.7579288981732467,-0.6891079087408077,1.0387998022088514,-1.3504827811034061,-1.4784607198787616,-0.7272741774339881,0.9053494332772448,-1.130944547230328,-0.18442671521636386,0.34453761830322244,0.4383930906127002,-0.4126723332564486,-0.7005918269709293,1.2297877158604769,2.0429710477616196,-0.34252823615047884,-0.8036612908751883,-0.7864379342253526,-0.5787240251323598,0.002351157259115363,-0.5330992590437151,-1.6191726094862895,0.36909507656128593,0.848749735028197,-0.8892713360402683,0
-0.6890029896291251,-0.12780541711001567,-1.168717627632051,-0.4281154315628296,1,0,0,1,0,0,0.097548296545388,-0.5059510245178798,0.2267599969270068,-0.5367505835782743,0.07992812926207694,0.02570048446612543,-0.6712744279116011,-0.3746227158502129,1.1517506393233208,-1.631753584915398,-1.0102317498500728,0.21540945707778492,1.4220382079865312,-1.265691266238699,0.24112894790003478,-0.10031323662779722,-1.6034839246526258,-2.1482123061320455,-0.5898006566702714,0.87874991804355,-0.33124036739795476,0.7557391209198459,-1.6752868364690698,0.6144066098481199,-0.7839604494595933,-0.87874991804355,0.5898006566702707,-1.1216603760228097,0.491016520610491,0.764038496071679,0.5891322630504142,-0.135786898325702,-0.34003467563087314,1.7372672433675176,2.393636119561306,0.3258135853852078,-0.3318094232724056,0.6741867248042637,-0.06554310205442304,-0.9117709740782909,-0.6430995032110249,0.29214895640092153,-0.10421738451708033,0.3616443390307492,0.16231986177126023,1
-0.35489957898503444,-0.6946962684821769,-1.6032360836506476,-1.8947617391869185,0,1,0,1,0,0,-0.20530619155379135,-0.364653309476999,0.31631226684865466,-0.5529527738757504,0.39009477083069316,0.14688970483897193,0.28209328962614066,-0.6256585581511036,-0.5910474296760189,-0.18844786355266954,0.21212117901957978,1.1926062115872416,0.6637861166463993,-0.9029525576294977,-0.26121125296252123,0.476459446751186,-1.8852596181174195,-1.2776044915388332,-0.18415167840135102,1.8092120239035026,-1.294477142555143,0.5970603070847271,1.286777430984286,-1.614810259624275,-1.5231000420155338,-1.8092120239035019,0.1841516784013503,-0.6481676444393714,0.19081952690966666,1.4918472478627354,1.5581698001500064,0.5469443110925782,0.7941451013999841,1.7372672433675176,2.0614271041721297,1.13195784435093,-1.192245181842186,0.6552175733882943,0.2514886682026129,0.8970238815467907,0.10997909147286698,-1.206771275767887,-0.5363722402842841,0.4033962301162448,-0.08511336124321738,0
-1.5114113850607322,-0.2566442469673251,-0.15484123025532542,-1.161438585374874,0,1,0,1,0,0,0.021834674520593164,-0.4873439180104387,1.3653531430736725,-0.6843062452160029,0.6071827431265463,0.15404478796061602,0.2328274436517428,-0.1290651061707109,1.2254144825508513,-0.019221355515982932,-0.14264750842424426,-0.880680875148301,-0.4824003737304281,-0.670442664807148,-0.35935936572073657,1.3950053157969755,-1.3522518445804088,-0.9602380262773578,-0.7046860443852655,-0.5022446364654003,-0.9936506391364892,-0.18285241510718966,-0.2733368406990129,-1.3149029701318509,-0.7520367902422355,0.5022446364654003,0.7046860443852648,-0.6551307728450102,-0.3720498362793791,-0.1229784201736712,0.6052828886687408,-0.01204186661863847,-1.1512882661459996,-0.01625576685770265,0.3588559003026031,-0.4803306735805153,-0.9979532363586869,-0.3311783002420958,-0.5148615102604385,-0.5681647828663581,-1.0069464646875115,0.062155904904119784,0.7806711296729086,0.5704037944582268,-1.0748462533011267,1
-0.8432045637725518,0.7740663918911503,-2.327433510348309,0.3052077222492148,1,0,0,1,0,0,0.12278617055365294,-0.5146731056932429,-0.09306953850744984,-0.4551609824374126,-0.16690930924586117,-0.04406157596990429,-0.7202324273296365,1.8713553528015805,-0.062363546134809086,-0.8653287383348635,-0.9961036290145441,-1.032238278587806,0.5475019539850265,-1.0937546414478259,1.4347703804971674,-1.0718441317872638,-1.1824661563938619,-1.44779389280351,-0.38485180389618157,-1.0261585642736313,-0.09136602781374373,-1.1311724798988134,-0.9918469274347413,-0.0035099002084955163,-0.11850544325122557,1.0261585642736313,0.3848518038961809,-0.9823978079100336,1.5417059985633763,0.427426948368315,-0.22485926811324272,-0.6649035856248688,0.6996301199807459,0.8401159358104279,1.1755363964676604,-0.17027518936292965,0.05677446769459199,-0.9381911455531051,0.6437869738444144,-0.010615114107371936,-0.008482709938082702,1.2993599060593275,1.1099319721622063,0.6260729825722207,0.10046155601764112,0
-0.3034990542705592,-1.41619371568311,-0.15484123025532542,0.3052077222492148,1,0,0,1,0,0,0.17326191857018283,-0.5321172680439689,0.09882818275322415,-0.5014529547159157,-0.05378421060874626,-0.02170194121476656,-0.19056512992795477,-0.6815214677800231,-0.28184395934558243,-0.7815656594057071,-1.2248405392096504,-0.2781132333121128,1.4803129893719944,-0.5124323831576136,0.1430118748269706,0.06631311314564318,-1.1916029806618835,-1.8771628663880577,-0.3322172121610194,-0.04982429368856782,-0.24703094741006024,1.0786757594392076,0.45192841775306064,-0.12572833443949513,-0.24033149020235756,0.04982429368856782,0.3322172121610187,-0.45320004908148526,0.19081952690966666,0.1817914946388332,0.188596747715916,-0.3064697006802721,-0.8756195703398886,1.4925896140337656,1.8953225964775422,-0.35630847989348147,-0.3318094232724056,0.8069707847160468,-0.42362934615769415,-0.1402778277722523,-0.1777138548108673,-0.826093121566285,0.03983423407198747,0.013711913318286572,-0.3944048900113141,0
-0.9717058755587404,-0.17934094905293926,-0.15484123025532542,1.7718540298733036,1,0,0,1,0,0,0.07231042253712305,-0.5030436641260921,0.13720772700535894,-0.5141832470925041,0.04139030971397822,0.01049593283263177,0.1872134171645335,-0.05292266283615279,-0.2383537088664201,-0.31179188899608135,0.3675101987255933,0.4728871727679199,0.044874321832306455,0.04237377381433661,0.46397617905849003,-0.4848919911902943,-0.4269848140767588,-0.08793853932573464,0.9068055190224368,-0.2543969704224406,-0.2179854383268198,0.5374391663951367,-0.1614321834239725,-0.002180105657213756,-0.563636125313574,0.2543969704224406,-0.9068055190224374,-0.17467491285593337,0.11577027848446049,-0.8098479296764806,-0.9096457943302884,-1.0062691903340089,0.006520256239666901,0.9216751455883455,0.5111183656893089,-0.8523972546416179,0.0012624832707351544,0.8828473903799233,0.9722227646142934,0.7284623537824456,0.6853649840403343,0.2207718024881207,1.2745623934068555,1.2384340518261547,0.40975308478573785,1
-1.074506924987691,-0.9008383962538722,-0.4445202009343899,-0.13478617003801185,1,0,0,1,0,0,-0.1295925695289965,-0.433267014723188,0.9431781563001896,-0.6455367184327565,0.5965585484609401,0.16567179803328763,-0.10506680938322781,-1.893954086719579,-1.3109848867512885,-0.509864128607245,0.03312056191997835,2.0484680536116264,1.3469055179548082,-0.38233346844648997,-0.956630000195889,-0.6169676583085422,-0.13433626974681692,-0.31533825734174487,1.0318374740956051,1.7705022619546833,-0.23592514071678847,1.6411804880654983,1.1721672619767511,0.5555879985315098,-0.35092478529002596,-1.7705022619546826,-1.0318374740956058,-0.48105256270404034,-1.009968447893631,-0.5733100853443877,-0.7804407893836761,-0.7843815472730677,-0.08799472517957138,0.758556726032511,0.2896456887631914,-0.9144083514851348,-0.10050948817300241,1.843951062122355,0.592088747519525,1.1520272184210547,1.345366449044194,-1.5980238231417563,-1.30464753942598,-0.7285439282016336,0.5747085667953888,1
-0.9974061379159777,-0.07626988516709207,0.27967722576327125,-0.4281154315628296,1,0,0,1,0,0,0.791589831772674,-0.6362007700699674,0.15000090842273722,-0.5257562401621299,-0.33409575970467664,-0.08296734044384395,0.7252820730461954,0.24121009167285126,0.3047174329486847,0.649416483498982,0.6028805925256864,0.6852715655015155,-0.40872640251022624,0.0353235331408293,-0.32306053302980664,0.47826020116082385,0.428626493726542,0.6131827945783043,1.2589070016997475,-0.31393995325558316,-0.9732275197841508,-0.6547033707391334,0.06404643999337584,-0.4523010783550906,-0.1851206443833391,0.31393995325558316,-1.2589070016997481,0.35452284597261524,0.06573744620098994,1.2947323775859891,1.3858964602211896,1.531215138003932,0.6996301199807459,0.8673023390697335,0.2896456887631914,1.3800022317249987,-0.8869292675109735,-0.5588081172337243,0.22411901897178985,0.22277777048941236,0.025363519036474696,0.2524949820049213,0.36909507656128593,0.23638866577426285,0.038603250264021984,0
-0.6890029896291251,-1.235819353882877,-1.168717627632051,0.5985369837740325,1,0,0,0,1,0,0.097548296545388,-0.5059510245178798,0.5849690766135982,-0.6079244909564728,0.267363704064308,0.08070518596376425,-0.9949075293549474,-1.5187409562095875,0.5196577102108598,-1.1921744020254916,-1.0252770107689397,1.23899851435821,1.9028274554400781,-1.2416316415987578,0.06098960328357286,-0.150033154761174,-1.1589682031736053,-1.801340530975619,-0.030386078764458365,1.719982742123172,0.14281943171653189,2.1456176706952945,-0.8611583498872811,0.46133767329129327,-0.42574809808151565,-1.719982742123172,0.030386078764457654,-1.0659553487776992,0.41596727218528484,1.091552434377654,0.8346217724489774,0.2738518273252659,-0.08799472517957138,2.3897409215908554,2.670476965718953,0.5738579727592754,-0.1375174777889068,1.413983630027056,-0.9801455471844351,-1.21647835119076,-0.9900233502002335,-0.667477223982284,-1.1948939252628807,-0.5986491559356475,-0.7036964187794109,0
0.6474106529472365,-1.5192647795689571,-0.15484123025532542,-0.13478617003801185,1,0,0,0,1,0,0.19849979257844777,-0.5373505167491867,0.009275912831576286,-0.48235751615103317,-0.13453705813616704,-0.040484034409082256,0.33393395567498146,0.33566125105025657,-0.9599347804196909,0.23587706870637226,-0.1554162830637172,-1.5099452176349608,-0.1983980809227242,-0.2190081783269742,-0.054793271334093854,0.2330614650218975,-0.9491310863759455,-1.0688007252775082,-2.5183072555614885,0.43824128821613356,-0.683173685509512,-0.5155962974902152,1.546467298824227,-1.2597968404231534,-0.841427103406685,-0.43824128821613356,2.5183072555614867,-0.5646101035717058,-0.5596729573423944,-1.583144728454478,-1.2455788071914804,-1.4841810369268051,-1.537224440274555,-1.2804235184154193,-0.26403600355210183,-1.2244638357027204,-0.7173093151047445,-0.6009617870469885,-0.44187577897824326,0.3740509364317725,-0.1777138548108673,-1.4217839369373113,-0.024188707523153618,0.1992758736982665,-0.7999204499517073,1
0.7759119647334253,-1.41619371568311,0.27967722576327125,0.3052077222492148,1,0,0,1,0,0,-0.07911682151246661,-0.4600147303276346,0.09882818275322415,-0.5014529547159157,0.13559032629477505,0.03374995297797501,0.1668809528218265,-1.436278818476148,-0.7805610978530755,0.04804984644416422,0.23482699309985997,0.2866616110144602,-0.22324319514955418,-0.019658437451162917,-0.8326468388044558,-0.6009399292586194,0.07160218199777182,0.012331215706613654,0.513835114248652,-0.11864316273067908,-0.251694506304462,1.1372104285454439,0.4631664952376553,0.006087255361603748,-0.29324755984726614,0.11864316273067908,-0.5138351142486527,0.04814519612450831,-0.7097714541928067,0.30006041680488094,-0.06981326217730856,-0.03337721691295973,0.7311351137871589,0.35076067714292497,0.12354118106860354,0.07776919801113909,-0.3595654154843339,0.8069707847160468,-0.5331079430809875,-0.23104172733766892,-0.21156008378542468,-1.0481553781838862,0.12214944469431245,0.06938110143228039,-0.5799798072721716,1
-0.4320003660567478,-0.07626988516709207,-0.15484123025532542,-0.4281154315628296,1,0,0,1,0,0,0.2742134146032426,-0.5489799583163374,0.15000090842273722,-0.5257562401621299,-0.08232081560132923,-0.01588843617843075,-0.15114987280471778,0.5801485951953943,-0.03494325246129083,-1.2042717523528077,-0.9231029780308788,-1.1124058854160397,0.40221957232967276,-0.8786967097917253,0.007257002812154265,-0.23739249172005583,-1.761775956618205,-1.0661289180876121,-1.5422375806300568,0.012383503443245562,-0.6678058215255469,-0.7890022475814441,-0.19078796341355836,-0.12005343638591555,0.15921169794309165,-0.012383503443245562,1.5422375806300554,-1.038102835155144,-0.4846237089171882,-1.492168634480596,-1.3618633116434313,-1.8426149218714025,-0.6865896075014126,-1.0357458890816678,-0.4855086804782194,-1.4104971262332722,-0.6648813298155464,-0.7864379342253526,-0.2046721523111086,-0.2699405414371327,-0.29617565622181696,0.2524949820049213,-0.28942660841731066,-0.32030321536567735,-0.08511336124321738,1
-0.4577006284139859,-1.6223358434548052,0.5693561964423357,0.3052077222492148,1,0,0,1,0,0,-0.5460174906653681,-0.08147640731687983,0.8536258863785419,-0.6374356232840185,1.148811865130176,0.4299626808390156,0.9166492262831423,0.3856337514126763,0.4907465722767412,1.4786119818076926,1.3361362199415805,0.9501514695478895,-0.8440520669385592,1.640576844557175,0.012520001166135662,-0.5593465393292466,1.5777505396336322,0.8089568609509092,1.1169885469471594,0.1880776393671132,0.36462198989124317,-0.5167521638212507,-1.2329563332610742,-0.43303896800532427,-0.9472536004431538,-0.1880776393671132,-1.1169885469471603,1.4686233908748227,-0.03432821836595151,-0.12752722487236504,-0.39282577454383927,0.22264698661889537,0.06953024385249205,-0.05703537174666111,-0.5408768497097485,-0.4803306735805153,0.5841383197212315,-0.2553016945782196,0.8718673841012752,0.028283699992091807,-0.14386762583630988,1.1407440084753266,0.8629863402952329,1.0714264874841732,0.47161139053935697,1
-1.7941142709903475,-1.235819353882877,0.27967722576327125,0.5985369837740325,1,0,0,0,1,0,-0.6722068607066928,0.29531749945880237,0.5849690766135982,-0.6079244909564728,1.4121838670693876,0.6969367198153601,0.1644135352466731,-2.1268714395569734,1.2723721996178954,0.06540099087723127,1.2125325757305727,2.2366612080997244,-0.4799767664280353,0.5421427211797758,-0.47301743573680877,0.5451939028020123,0.9722270239591291,1.577614779866034,1.1750460966186718,1.8851427108031107,0.3130815961002917,2.4453393150829537,-1.1915081275821937,0.8756911551188624,-0.03611795866495009,-1.88514271080311,-1.1750460966186724,0.27096530510494976,-0.6347222057676005,-0.7188718357025985,-0.354064273059855,0.03489590402886805,-0.2770246880180474,-0.9541866793037505,-1.4267675574142176,-0.6043528672675491,-0.10976148557697851,1.413983630027056,-1.3633206364159602,-1.657331577651353,-1.2946394109712458,-0.6040308649486834,-1.5241547677521787,-0.9883334727336057,-0.9511296417938885,1
-1.5628119097752085,0.6452275620338409,0.27967722576327125,-0.13478617003801185,0,1,0,1,0,0,0.980873886834661,-0.6571337648908387,0.188380452674872,-0.5321213863504239,-0.3819719285021631,-0.09414715782141281,0.8336507355947389,-0.9171185265899457,1.0729277371242376,2.025044983031541,2.1458467637176004,3.344653658560889,-1.5276779627616037,0.6943800313003249,-1.2932073347493738,1.8238217118835043,1.7389423428731412,1.8108539796552867,2.626484838406524,1.9567929913333766,-0.4653952955085182,-0.03673275928034468,0.3660367718067537,-1.0113996669138918,-1.0217594307434479,-1.9567929913333766,-2.6264848384065247,1.1900982546492709,-0.9349191994684248,1.6283113888235585,2.5272073372495982,3.380278830178441,-0.5605696322757617,0.18764225758709038,-0.8177176958673952,1.6900577159425842,-0.7481493064513315,-0.5588081172337243,-1.60964747949337,-1.21647835119076,-1.4638705558440304,-1.5874494299694895,-0.9479482933959068,-0.09762646290970158,-1.3222794763156045,0
0.6474106529472365,-1.8027102052550381,-0.15484123025532542,0.3052077222492148,1,0,0,1,0,0,0.19849979257844777,-0.5373505167491867,-0.6943490651242283,0.2965049174347813,-1.2236950241085542,-0.64240540201739,-0.8303579868960566,0.3939850905001429,-0.2799873684406076,-1.5240561646139552,-2.0023046327430865,-2.153532653348688,1.5627353816899485,-0.5052096064961612,0.18090716647128652,0.2731711559758637,-0.7871390178576225,-0.977766648293736,-2.018119135314598,-0.9356157016516281,0.6498335078258046,-0.35952807311113166,0.657262779520568,1.2783879785473375,1.6484952621447082,0.9356157016516281,2.0181191353145973,-0.7874302125521474,-0.40957446049198204,-1.6468279942361959,-1.2843403086754637,-1.467112756691348,-1.6317394216937933,-1.0357458890816678,-0.2086678343205727,-1.3484860293897554,0.25106641317809053,-0.6346847228976005,-1.0440080620563552,-0.5940973255993336,-0.093098282374475,-0.7309235830158842,-1.3595243465075295,-1.7677021063295222,-0.8274130302866491,0
-1.7941142709903475,0.7740663918911503,0.27967722576327125,0.3052077222492148,1,0,0,1,0,0,-0.6722068607066928,0.29531749945880237,-0.09306953850744984,-0.4551609824374126,0.9954659516426972,0.5788778483082329,0.32713832747157556,0.21198984029649778,1.197757070529638,0.5725813148002811,1.1487870165290892,0.8733583176791718,-0.6496744700510395,0.7215469586955745,-0.37932117104021995,0.8134502462262568,1.2802780594293652,1.86029634342918,1.116988546947158,0.08334093927970501,0.2660674116210533,-0.6709583308087609,-0.8199349918986959,0.4959813916305961,0.3227379176147161,-0.08334093927970501,-1.1169885469471588,0.32667033235006016,-0.6347222057676005,-1.0008977270216337,-0.4832692780064673,0.017827623793410803,-0.6865896075014126,-1.1988643086375024,-1.648240234340335,-0.6663639641110671,0.05677446769459199,-0.7864379342253526,-0.642586540004281,-0.9312203811280227,-0.7023304039164997,0.1890486229713212,-0.8656330827735822,-0.9326642846196119,-0.8274130302866491,0
-0.25209852955608386,-1.41619371568311,0.5693561964423357,-0.8681093238500562,1,0,0,1,0,0,-0.5333985536612357,-0.09892056966760585,-0.8478672421327675,1.6459159093531461,-2.1033402180397163,-1.3480754748895367,-0.262923670362266,-1.0410607347871494,0.9266005823533807,-0.6321489649326104,-0.3790452696816839,-2.0041488243783925,-0.5360424095331853,-0.1248852941041774,-0.5767573186000856,-0.6497212743009779,-0.25657070562102663,-0.39380855207465165,-0.8569681418843186,-1.8834893938105675,0.24081784952015528,0.8511057095135464,-1.9196012591719855,0.5995813490311592,0.10830001220832663,1.883489393810568,0.8569681418843179,0.4102278732177254,0.04072103005925432,2.28333926543551,1.4935672976767,1.2979486414526862,2.1173548412693166,0.4323198869208419,1.009431888773073,2.0621242970036877,0.41760236644966076,1.1104772073715516,0.7350191379471587,-0.46443461193445323,-0.21156008378542468,2.1241625734961316,1.6861384465184783,0.7374113588002092,0.038603250264021984,0
0.4161082917320974,-0.2824120129387873,-0.4445202009343899,-1.8947617391869185,1,0,0,1,0,0,-0.44506599463230834,-0.17160457946229762,0.12441454558798068,-0.5141832470925041,0.5876125735594687,0.26539576904120193,-0.18522075977326277,-0.9920735824182002,2.3904443858097824,-0.5366101802751679,0.3399087855726062,0.33735301331155715,0.3700566399970478,-0.1065759315596177,-0.972467511268628,0.8728385268412567,-0.41653493684864856,0.15108563098259656,0.7520553775833569,-0.28577009270635834,0.1510645601694638,0.3874555213047064,-2.390699012514105,0.311896821173601,-0.29439235638259365,0.28577009270635834,-0.7520553775833577,-0.3139374809687093,-1.0850176963188372,-0.8735311954581982,-0.3411437725651945,-0.47715250303484213,-0.9071245641463012,0.35076067714292497,0.012804842605544792,-0.9144083514851348,0.5008703430854462,0.8828473903799233,1.3918907194869166,-0.2829068128036209,-0.14386762583630988,2.9806884204497375,0.6160407084282594,0.514734606344233,0.9664778365683122,1
-0.4577006284139859,-1.1069805240255675,0.5693561964423357,-0.13478617003801185,1,0,0,1,0,0,-0.4955417426488382,-0.13962361515263325,-0.23379453409861076,-0.35621189169211226,0.3810223032074137,0.1679077615088014,1.7588020154044206,0.19828665917226002,-0.31406133780580553,2.182664649704719,1.5993575471771493,1.1276410474869993,-0.9516211194733486,1.8731884461028905,0.18642368668405968,-0.33509097968080365,1.8956245146070705,1.3013826659851988,1.1921218465220598,0.3556359628759853,-0.5739891921682204,-0.08539950566799026,0.09259825136931185,-1.0689703083946387,-0.8086962616579296,-0.3556359628759853,-1.1921218465220604,1.7750010407229295,0.19081952690966666,0.06352257247278678,-0.12149526415595328,0.6322857122698633,0.2270552128845555,-0.5463906304141645,-1.0391903727935126,-0.046252995675895824,-0.38732140769626244,0.19995793940503753,0.890113816921823,0.806259981981374,0.27921023634565156,0.5380035976561225,0.28677986593896093,0.514734606344233,0.5334696962929761,1
0.10770514344524394,-1.3904259497116478,0.5693561964423357,-2.6280848929989626,1,0,0,1,0,0,-0.6469689866984278,0.18948958119773113,0.047655457083711085,-0.4927732099136964,1.012077227599923,0.5265563029812106,0.6484889477080271,-0.7187883518438313,1.437550576894597,0.44856650514787444,0.2786539172491996,0.4651805125078707,-0.2166113768226353,-0.34755584445979715,-1.2788808736312505,1.7610924029011177,-0.7094042324725911,0.08342615621614623,-0.67984341407292,1.3087111581427058,-1.2490133724179386,-0.29459521406102995,-0.19545177103256905,-1.3094175027669002,-0.2808143358071109,-1.3087111581427051,0.6798434140729193,-0.48105256270404034,-1.3101654415944555,-0.7188718357025985,0.21443774870523882,-0.08458205761933026,-1.348194477436079,-0.7910682597479163,-0.5962450189412776,-0.35630847989348147,-1.1644891896302574,-0.2553016945782196,0.07814755640739948,-0.03654765684034838,-0.5500223735309933,0.9186817518577256,-0.5363722402842841,0.06938110143228039,0.47161139053935697,1
0.3647077670176212,0.10410447663314094,0.5693561964423357,-0.8681093238500562,1,0,0,1,0,0,-0.5586364276695006,-0.04077336183185243,-0.7455217907937414,0.5059760919950078,-0.5996798670759406,-0.4223865960268347,-0.4180293247670462,1.122620132852841,-0.3262461955126307,-0.7708843635793722,-0.8378506188846561,0.30508953504770076,0.6660467704588935,0.4750841122232081,1.076677340365357,-1.2719305098109512,0.8145093082065498,0.33334676784599304,0.633698674005907,-0.21238889143210804,1.055978399238714,-0.4622396395828365,-0.8321780192712457,1.8490685292133506,1.4146950772103453,0.21238889143210804,-0.6336986740059076,0.8558680911786088,1.6167552469885829,1.3553831069019124,0.369483754641173,0.700558833211691,2.0543448536564917,0.5138790966987595,0.2342775195316623,1.069946747507413,1.2225261405955843,-0.2553016945782196,0.6620334066649622,0.09311505682453199,0.8376730144258402,1.3945294446097283,-0.4540570296619595,-0.5986491559356475,1.5232025883508855,1
1.3670179989498932,-0.9266061622253344,-0.8790386569529866,-0.13478617003801185,1,0,0,1,0,0,-0.7731583567397526,0.7471213043426065,-0.2977604411855021,-0.32554346005760393,1.4202894050147734,0.8261754087000561,0.33863301925285294,0.45865719624390355,0.27831780814313467,0.5878239469149418,1.003741785443723,0.5233158448185578,-0.8701322377236835,-0.61117023427893,-0.21128401146339995,0.9023109447891625,-0.1608487176343524,0.4254355597532702,0.12891477706591967,0.5858842905209262,-1.0815515534050688,-0.8411810803577757,0.526265713543894,-0.9536070640575159,-0.889558460512979,-0.5858842905209262,-0.12891477706592036,-0.7874302125521474,-0.5596729573423944,-1.2010451337641732,-0.625394783447741,-0.6478353053894121,-1.0961545269847772,-0.7910682597479163,-0.9284540343304539,-0.8523972546416179,-1.053465220782544,-0.8623145398892288,-0.33239718205494984,-0.02358138547386016,-0.39771434314548676,-0.826093121566285,0.12214944469431245,0.45906541823023866,-0.20882997275045564,0
-0.07219669305541997,-0.9266061622253344,-1.6032360836506476,1.0385308760612593,0,1,0,1,0,0,-0.3945902466157784,-0.2355665080816264,-0.4896581624461761,-0.15831371020151155,-0.13509046477443712,-0.05881893490829519,-1.4231904583845236,0.19594941009183758,0.2261270945885355,-0.674044080376361,-0.3203137157950041,-0.25563196339498345,-0.07070569665165218,0.17344228317738247,-0.3555502289568727,-0.07094321593507624,0.3579580257648644,0.5668547486155887,0.8686312511301267,-1.2101494081044426,2.152282462423468,-0.6251291290071033,-0.38041440388212683,1.2655351177497232,0.9698468509054685,1.2101494081044426,-0.8686312511301275,0.6609004958207222,0.19081952690966666,1.8648492331556514,1.5323287991606835,1.6393142461618264,1.7392949155923647,0.5138790966987595,0.12354118106860354,1.5660355222555504,2.360521821284648,-0.4070549059059717,0.7167727051266096,0.39133929825375646,0.9053654723749538,0.9186817518577256,0.4514102871836102,-0.09762646290970158,0.7809029193074537,1
-1.6399126968469209,-0.5916252045963298,-0.8790386569529866,-1.8947617391869185,1,0,0,1,0,0,-0.25578193957032125,-0.3379055938725524,-0.31055362260288033,-0.3214929124832349,-0.0556950309851562,-0.011416509227403206,-0.8231431888395184,0.2614664937925442,0.4294732319575677,0.3045933996885355,0.40021314680080194,-0.2757707004274899,-0.6865110804212908,-0.9526939156628255,0.9832284666770933,0.19618004950982287,-0.3953014757975617,-0.16482838207698183,-0.36119580761071546,-0.01788874008079301,0.19268010632798385,0.6261057253513967,-0.38996226529890987,-0.8034602089218471,-0.681219525522808,0.01788874008079301,0.36119580761071474,-0.6481676444393714,1.7668537438389946,1.9194348895399813,1.7519773075699248,1.4686314438072563,1.2982250023025865,0.758556726032511,1.0648000580046022,2.3101686843777554,0.16779843654230542,0.5793409677244183,-0.0039613912850709025,-0.2051091846046925,-0.4992530300691578,0.2524949820049213,0.7806711296729086,0.848749735028197,-0.023255055489598248,1
0.05630461873076867,0.1298722426046032,-0.8790386569529866,0.3052077222492148,1,0,0,1,0,0,-0.4576849316364408,-0.17160457946229762,-0.34893316685501513,-0.2607346988676996,0.17807456053538515,0.06952536858619539,0.2223656338243496,-1.6687756281425161,0.9700266073768692,-0.13226527721100373,0.5850717963673809,0.5263024027475713,-0.01719777996503322,-0.024211832546568918,-1.5363826257543838,1.514914498023656,-0.3270639831497547,0.5854589245533718,0.13830413819877924,0.5806453452778549,-0.3333970046136742,0.7513325335871083,0.1962841043486478,-0.14562919057514329,-0.18903530024045775,-0.5806453452778549,-0.13830413819877996,0.18740776423728422,-1.3101654415944555,0.8823074182377254,1.6227723026233125,1.3832900426299712,0.006520256239666901,0.4323198869208419,0.40038202722625016,1.2559800380379649,-0.4150773999081907,0.5034643620605421,-0.4601222117987924,-0.2958730841701091,-0.33002188519637315,-0.5723076854318833,-0.6186874509066087,-0.4316415915936655,-0.5799798072721716,1
-1.460010860346257,-0.4885541407104817,0.27967722576327125,-0.4281154315628296,1,0,0,1,0,0,0.3751649106363024,-0.576890618077499,-0.2593808969333673,-0.3388524020876736,-0.48144191044458345,-0.1817969260615527,0.3379147985607109,-1.1711688115995624,1.1595543518146265,1.5027737033269775,2.485149242339167,-0.36744131751822917,-3.1678182645410824,0.10230081953915182,0.7162456279750611,-0.4869516655474874,0.44275229213578676,0.4124013296321323,-0.7279513648365089,0.22082716800801308,-0.36766097964718575,2.3249850954554603,-2.07448910666695,-1.5911247284271368,-2.8281860966428765,-0.22082716800801308,0.7279513648365081,0.0759977097470634,0.641115017460903,-0.04564874029587195,-0.28946177058654887,-0.10165033785478751,0.4790951633358572,-0.6279498401920818,-0.3747723420151606,0.3258135853852078,-0.49834537654397587,1.717490052682561,-0.7246954876967501,-1.5795339494524245,-1.9546408759751055,-0.44541496736468245,2.0153992890077768,2.40748700222003,-1.3222794763156045,0
0.6988111776617119,-0.7204640344536393,-1.168717627632051,-1.6014324776621007,1,0,0,1,0,0,-0.5838743016777656,-0.008792397522188045,-0.7711081536284979,0.5378018229364786,-0.7023739003135752,-0.4223865960268347,-0.16148005334963222,0.9936613949266363,0.027759138258913293,0.14470084896535343,-0.03533170641359782,-0.36349854814661775,0.1815132203423507,-0.7097008044057413,-0.22057828651686232,-0.65569201002115,-0.02649753147028997,-0.14689116696019314,-0.47959406901947754,-0.020113106998745453,-0.4845827365697062,-1.5848019337857089,-0.6968549073114413,-0.22175601025574732,-0.09747768574875128,0.020113106998745453,0.4795940690194761,-0.5367575899491508,0.04072103005925432,0.8368193712507843,0.33072225315718967,0.3079883877961804,1.109195039464111,0.2692014673650073,0.5664865349208381,0.9459245538203791,-0.44283339212011924,-1.4693273852002382,0.0963939892279486,-0.2829068128036209,-0.3469449996836519,0.7600658542737248,-0.12479618717266176,-0.15329565102369538,-0.023255055489598248,1
-1.1259074497021662,-0.7719995663965628,1.0038746524609323,-1.6014324776621007,1,0,0,1,0,0,-0.7353015457273552,0.5116251126078051,-0.4001058925245282,-0.23874601203541065,0.9787998169698778,0.5779834629180274,1.9429674536292725,-1.4628042898231064,-1.4888951493983211,1.3782368743716888,0.9044498015966379,0.8217536213383707,-0.5485267606257648,1.064075109684764,-0.8315236812336407,-1.446532737289456,0.652089215717158,0.6318693900805502,1.1824893722175853,-0.05200463268990121,-1.638532229361071,1.1747426250155562,0.581743649619737,-1.2153085969397848,-0.5589315623613195,0.05200463268990121,-1.182489372217586,1.7471485271003746,-0.3345252120667762,1.983118155321699,0.7312577684916879,0.9907195972144606,3.283039612106586,1.0032343553662626,0.4557501964577793,2.0621242970036877,-1.497561096173398,1.4898602356909325,0.8353745184601769,1.0396528665781584,0.4145951522438788,0.4428340591057229,0.6983559190505837,0.7374113588002092,0.8427612250610729,1
0.9044132765196139,-0.978141694168258,-1.6032360836506476,-0.13478617003801185,1,0,0,1,0,0,0.33730809962390496,-0.5646797044319908,0.009275912831576286,-0.4788856182301454,-0.2174011485793661,-0.06418524724952825,-0.4305504245054247,-1.3753684127401284,0.9382654636350366,-0.399742597085801,-0.3703376379711186,-0.8330117709127087,-0.46429984160040466,-1.01189237644367,-1.8204441491420824,0.2293655268623043,-0.9241262901951947,-0.7337708390240059,-0.3305796915292576,-0.8082637896695036,-0.41238009374412177,0.06405532416552445,-1.0521500862986588,-0.3763213508360192,-0.23492734039600466,0.8082637896695036,0.3305796915292576,-1.038102835155144,-1.760460932145692,-0.6824813981130464,-0.4703487775118068,-0.7843815472730677,-0.6865896075014126,0.10608304780917345,0.2896456887631914,-0.6663639641110671,-0.44283339212011924,-0.02767187758659086,-0.25028823436248077,-0.7367263106307022,-0.8207922053274488,0.7600658542737248,1.439192814651505,1.0714264874841732,-0.332546584257695,0
-0.25209852955608386,-0.1535731830814779,1.0038746524609323,-0.13478617003801185,1,0,0,1,0,0,-0.48292280564470574,-0.1541604171115716,-0.5664172509504457,-0.09003305109071949,-0.1407898697060178,-0.04898069561603459,-1.1729465861368114,-0.5058793749512394,1.0840969194681993,-1.475399861920521,-1.4453984005885683,-0.6295460604257497,1.106629995523975,-0.7907007238971322,-0.9037375490941824,1.287978292165062,-0.7831324170880776,-0.63350791425674,-0.3593320018427697,-0.5022446364654003,0.8409519339334239,-0.2110091193428925,-0.1877028349019022,1.2166293293898913,1.2605915345852137,0.5022446364654003,0.359332001842769,-0.7595776989295921,-0.8598699510432187,-0.082039177885424,0.5891322630504142,0.22264698661889537,-1.1906695084040155,0.18764225758709038,0.40038202722625016,-0.23228628620644656,0.9727222106882286,-0.02767187758659086,0.5708012425622179,0.37837302688726915,0.8715192434003977,0.9504049313745251,-0.28942660841731066,-0.5429799678216537,1.0283361423219313,0
-1.2544087614883548,0.23294330649045036,-0.4445202009343899,-0.8681093238500562,1,0,0,1,0,0,-0.07911682151246661,-0.47106269981642773,-0.4512786181940413,-0.20576298178697722,-0.42509869784254545,-0.20326217542648495,0.5869013228732951,2.7637503714987917,0.5708947358146498,-0.0882453970717585,-0.12861416538229417,1.3285059741241418,0.693208256191836,-0.2587029988649749,2.553098750038631,0.60236126433432,-0.5727858766869112,-0.32951810286089916,0.5335460107420674,1.282759261399553,-1.0745935644790252,-1.235695838468011,-0.17511724978837231,-0.44875083210631284,-0.15450557794921504,-1.282759261399553,-0.5335460107420681,-0.14682239923337803,2.667444724941468,0.47291499535525605,0.7312577684916879,0.4445346296798359,-0.11949971898598452,0.8401159358104279,0.6218547041523672,0.20179139169817292,-1.1644891896302574,-1.3934507795363622,-1.3633206364159602,-1.2294446225572482,-1.2946394109712458,-0.6992004034990842,-1.1948939252628807,-0.8213259083916238,-0.9511296417938885,1
-1.1516077120594044,0.5163887321765315,-0.4445202009343899,1.0385308760612593,1,0,0,0,1,0,-0.785777293743885,0.7878243498276338,-0.3745195296897717,-0.24337520926326098,1.4706739894140342,0.7939775346526579,-0.4326214645511195,-0.6549714240083435,-0.5020139267514078,-0.43769096632721316,-0.7516685785318308,0.28014145918705524,1.0908934417389962,0.59664154538408265,-0.41583966946077305,-0.5946844716378129,0.8683044980756466,0.5641282745557412,1.4653338449762416,-1.0712207285677868,1.1977278797673356,0.48238978221798845,0.08866931259108352,1.4522881347847427,1.527967427229624,1.0712207285677868,-1.4653338449762423,0.438080386840281,-0.4846237089171882,-0.3458698504096825,-0.5866332819637576,-0.23819657973844427,0.19555021907814235,1.0847935651441794,0.40038202722625016,-0.4803306735805153,1.0837461795359422,0.4275877563966659,-0.04957747333644305,0.002351157259115363,0.5838262971166633,0.28421816152172197,-0.12479618717266176,-0.5986491559356475,0.40975308478573785,0
-0.6633027272718879,-0.6946962684821769,0.27967722576327125,-0.4281154315628296,1,0,0,1,0,0,-0.7605394197356201,0.645363690630038,-0.016310450003180245,-0.4771496692697016,1.5671797076776843,0.8650811731739958,1.2530967458383773,0.5498433197614301,-1.1131927267086776,2.044504497433778,2.1294859395258907,1.1771178961820945,-1.938745094353802,0.4902912957442772,0.2881498114791911,-1.2238881711025107,0.7054061977825095,0.514665678760376,0.6912331826893902,0.919891761772715,-1.25256824306368,-0.46601505653223907,0.29188216895510155,-2.0625249649527024,-2.2659651512489543,-0.919891761772715,-0.6912331826893908,1.5521809317424884,1.5417059985633763,3.538809362275082,2.062069319441795,2.339113735815564,4.165179438686142,1.7372672433675176,1.4523772426253072,3.3643573307175463,-1.1644891896302574,-0.4070549059059717,0.11464042204849642,0.2487103132223888,-0.6177148314801074,-0.857816301083085,1.1922471827845313,2.017802685422071,-0.5181215015185524,1
1.3156174742354179,1.1348151154916164,1.7280720791585935,0.5985369837740325,1,0,0,0,1,0,-0.028641073495936725,-0.4797847809917908,0.38027817393554597,-0.5772560593219644,0.26243002843640467,0.07712764440294222,-0.5892739296832515,-0.6908622311530489,0.49523906173785426,-0.424767480415902,-0.2764754425281023,-0.3966591055638074,0.45615843598820727,1.321092942590736,0.27994513279904637,0.033805035205472914,1.2358187519409725,0.9094816554697435,0.8164553486475558,-1.3507461849940225,2.1394202460158316,1.2286729821300282,-0.6430375877660895,1.799250182133341,1.2473634362635517,1.3507461849940225,-0.8164553486475564,1.4129183636297125,0.41596727218528484,0.4456221671630917,0.3953247556304958,0.9053781960371756,0.2270552128845555,0.2692014673650073,-0.09793149585751397,0.44983577907224165,1.9441819381057224,1.1104772073715516,-0.06782390615699217,-0.38663698373552574,0.31305646532020776,0.47455723862252236,-0.37174181903963527,-0.9326642846196119,-0.08511336124321738,1
0.46750881644657266,0.0010334127472937634,0.27967722576327125,-0.4281154315628296,1,0,0,0,1,0,-0.5207796166571032,-0.11927209241011955,-0.15703544559434116,-0.42854309837727333,0.5077234935847349,0.23945859272524214,0.6812667556877479,-1.3368842882834728,-0.0613239086062184,0.748895223963004,0.6914630607882322,0.7367502606918991,-0.629998199623246,0.06352449583485957,0.9796642402113179,-1.0116839973720702,0.03771357601448577,-0.5564179720984419,0.41113096936191074,0.5970847941440487,-0.8838450799035379,2.8163217709105837,-0.9328130134983638,-0.9743129964842708,-1.442169695878677,-0.5970847941440487,-0.4111309693619114,0.15955525061472892,1.0914105080121401,0.41832933897092733,-0.19901826712392082,-0.1699234587966153,0.6681251261743327,0.5138790966987595,0.34501385799472056,0.015758101167622184,-0.8314172830871166,2.6280093206490753,0.0051618251252043045,-0.47740088330094144,-0.8038690908401701,0.09387908442092041,0.5337254978059351,0.9600881112561845,-0.332546584257695,0
0.3647077670176212,0.5421564981479937,-0.8790386569529866,-0.4281154315628296,1,0,0,1,0,0,-0.6091121756860305,0.046447449921777705,-0.1826218084290977,-0.389773571594027,0.6995867939724253,0.33694660025764267,0.620824368100257,-1.1202178110435228,-0.4404193299907092,0.8917998893005045,1.2277936557590126,0.5096689647850077,-1.309309451649704,-0.24309688036569155,0.8598414268436854,-2.046259968994043,0.5428667869494466,0.11897330698616662,0.3758588387947461,0.3223554599919946,-1.1061709349223985,2.398904367230488,-1.454225950047708,-0.6664667031135361,-1.4800376068689358,-0.3223554599919946,-0.37585883879474674,-0.007559831120602114,1.2415090048625523,1.0369667779933252,-0.3282232720705331,-0.10165033785478751,2.589929748365507,0.758556726032511,0.6218547041523672,1.1939689411944467,-0.9701972441467586,2.6280093206490753,0.6255405410238652,-0.2829068128036209,-0.5161761445564365,0.7600658542737248,1.6038232358961542,2.017802685422071,0.34789477903211874,1
-0.48340089077122306,-1.0296772261111817,1.4383931084795292,0.5985369837740325,1,0,0,1,0,0,-0.34411449859924853,-0.2617327516077154,-0.3361399854376369,-0.2665211954025125,0.021620741130742083,0.004682427796295961,0.6107245396792031,0.3822260815100028,0.39751861695652185,1.1201570860338659,0.9415051578777892,0.7745259392265609,-0.5099764946683474,0.7415520598702793,0.21561271852350541,-0.021731592792464303,0.9950694009355008,0.9625816451124851,0.6912331826893902,0.37080434932556694,-0.10827725832662612,-0.3086212040644036,-0.56525942130167,-0.5265661722525662,-0.28422919122744567,-0.37080434932556694,-0.6912331826893908,0.24311279148239442,-0.25947596364157,-1.2920212277380552,-1.1034533017502068,-0.71610842633123994,-0.7495995951142377,-0.709509049969999,-1.0391903727935126,-1.1624527388592034,-0.08200549336504998,-0.2553016945782196,0.12376363845877164,-0.1921429132382052,-0.38079122865820925,0.6966194952401235,0.03983423407198747,0.23638866577426285,0.22417816752487937,0
-1.4086103356317816,0.4133176682906843,-0.8790386569529866,-0.4281154315628296,1,0,0,1,0,0,-0.8236341047562825,1.651310386188572,-0.46407179961141953,-0.16815075431069346,2.2492153593276347,1.3999236365168906,0.4635685865795294,1.8018527452170652,-2.1490064434802525,0.7265488697964596,-0.04933569148067837,1.0335759378706542,0.5056140073695211,0.44987768474307943,1.3794509670796329,-2.1326090077726536,0.6450171886247574,-0.0021335360360898318,1.9007654675125978,-0.4754817429490244,-0.19509092230121555,-1.0911957437578907,0.7946974155966718,-0.3419326471693537,0.06205583250782666,0.4754817429490244,-1.9007654675125985,0.577342954953057,1.5417059985633763,0.5365982611369737,-0.7287587874050313,-0.4600842227993849,2.0228398598500785,1.9819448727012692,1.009431888773073,-0.23228628620644656,-0.3595654154843339,-1.1658209625447336,-0.7520651369275744,-0.2699405414371327,-0.38079122865820925,-0.8895394805998851,0.28677986593896093,0.06938110143228039,-0.76555472453303,1
0.10770514344524394,-0.46278637473902035,0.5693561964423357,0.5985369837740325,1,0,0,1,0,0,-0.6469689866984278,0.18948958119773113,-0.5152445252809326,-0.1363250233692226,0.3756265585919498,0.25108560279791375,-1.3793627180258934,-0.7780216825993805,1.7774745038573079,-2.123070641298648,-1.004086437080188,-0.4009298042273105,0.9449767786220167,-0.26472288252121606,-1.0546191829633778,1.8062195782592583,-0.7883709324620527,-0.035600728997402915,0.569588792901455,-1.1117316642817359,1.653529451745925,0.01136482994359935,-0.6147907075228263,2.086396345922918,1.2706043615600073,1.1117316642817359,-0.5695887929014557,-0.3696425082138195,-1.0850176963188372,-0.5278220383574467,0.42116575661981864,0.06903246449978255,-1.3166894836296663,0.2692014673650073,0.012804842605544792,-0.5423417704240322,1.5833540393506536,0.04820472807728505,0.12376363845877164,-0.21807545597118072,0.600749411603942,0.41111087958892223,-0.4540570296619595,-0.9326642846196119,0.038603250264021984,0
-0.12359721776989524,0.3617821363477598,-0.4445202009343899,0.5985369837740325,1,0,0,1,0,0,0.2363566035908452,-0.5420022933760469,-0.579210432367824,-0.03795458227740351,-0.9010331772812628,-0.38750556580881984,-0.4956682255167669,-0.25514338785376484,-0.2004169439505571,-0.23215047638888447,-0.7253686096584436,-0.42102402220432766,0.7546402408152897,-0.30786484473797027,0.6291044554864568,-1.5450087086949191,0.6203605235645234,-0.6625478685175911,-0.6392523306161405,0.05977612737849499,0.38162380808214696,0.9804153401289432,-1.2786080757787632,0.9287591923993843,0.2961656790550493,-0.05977612737849499,0.6392523306161398,-0.3417899945912644,0.491016520610491,-0.2185033188462471,-0.9613277963089331,-0.6990401460957827,0.19555021907814235,0.18764225758709038,0.5664865349208381,0.015758101167622184,0.7229182807808735,1.4898602356909325,1.2824121225636245,0.31354167005482897,0.6853649840403343,1.870377137361731,0.03983423407198747,0.06938110143228039,1.1520527538291696,0
-0.1749977424843705,-1.6481036094262664,-0.8790386569529866,-0.8681093238500562,1,0,0,1,0,0,-0.36935237260751347,-0.2442885892569894,-0.2721740783507456,-0.333644555206342,0.13202241968785935,0.06997256128129814,0.08744626340290207,-0.4606487976066739,-0.823232413915991,-0.06214261126671572,0.05259027408002623,0.09856112102992169,0.2295720081594813,-0.7759292279158876,-0.025315525795451994,-0.8088748813992631,-0.3158735162038511,0.010538906282003968,-0.23432195700141584,0.36682327779893126,-0.8968954999781493,0.6068943932362738,0.312545040062202,-0.22926411286243786,-0.05808074121074092,-0.36682327779893126,0.23432195700141514,-0.8431352397972577,-0.25947596364157,-0.7188718357025985,-0.9871687972982559,-1.040405750804923,0.3530751881102058,-0.13859458152457876,-0.04256332662598434,-0.4803306735805153,-0.6093693453916895,1.2622304186993043,1.7294497266670708,1.6620338921695847,1.446905135967865,1.0138512904081252,0.6160407084282594,0.9044189231421907,2.079927340133461,1
1.0329145883058024,0.05256894469021735,-0.15484123025532542,-0.8681093238500562,1,0,0,1,0,0,-0.6722068607066928,0.3168319663580311,-0.4768649810287978,-0.16815075431069346,0.5391829959276805,0.37361640125606854,1.157826262192374,2.1604098372263283,-1.1843320781102196,0.7256791979175017,-0.15293555487105473,-0.05098882170862741,-0.2727654788723382,1.6226148583989837,1.468595057903603,0.056507424293280116,0.7629221298619316,0.5245858268701574,-0.2763926451691775,0.2045801889163758,0.011312045629813599,-1.494024011866781,1.6758061379956695,-0.2238452551215212,0.710979669091053,-0.2045801889163758,0.2763926451691768,2.2763462859289234,2.2171492343902317,1.6919946546052762,1.4677262966873774,1.7758604880454831,1.0461850518512859,-0.30171300108041293,-0.2086678343205727,1.752068812786101,0.1400424443303771,-1.317574173872486,0.561678026151944,1.4027084648398238,1.209981533145967,-0.28679906978068154,-0.12479618717266176,-0.04195727479570725,1.0901944480755505,1
-0.48340089077122306,0.6967630939767645,-0.4445202009343899,-1.161438585374874,1,0,0,1,0,0,-0.24316300256618875,-0.3431388425777702,-0.6047967952025805,-0.0061288513359326405,-0.5737420698703161,-0.2591612623143293,0.25620520524905455,1.7166564377860176,-1.0550191065800143,-1.0621342858624514,-1.8540553941455056,0.035042859692089416,2.4661106815194085,-0.31460404573240563,2.2131940239113335,-2.2182117792414067,-1.3011128480680598,-2.5769584663799967,-0.20714969601966604,0.2532428274968747,-0.6706082302544402,-0.13903564643694963,-0.7868424525649715,0.14471366918406264,-0.10553556161161085,-0.2532428274968747,0.20714969601966532,-0.45320004908148526,1.6167552469885829,-0.7188718357025985,-1.6461143225259778,-1.9450246032841443,-0.2140147004052217,1.8188264531454346,2.172163442635189,-1.4104971262332722,-0.49834537654397587,0.12408133374116129,0.826251302049903,0.2487103132223888,0.2961333508329291,1.1407440084753266,0.5337254978059351,0.7374113588002092,0.9664778365683122,0
-0.9717058755587404,-1.132748289997029,-0.15484123025532542,1.0385308760612593,1,0,0,1,0,0,0.021834674520593164,-0.4838550855402935,-0.7583149722111197,0.5117625885298207,-1.420056647234133,-0.7676193566461613,-1.0977909600601272,0.9823843049751009,0.16438606139800627,-1.007747622815603,-1.0870034067920513,-0.7054706208325293,1.4983938359562954,-0.40902284722668186,0.3055564610131058,-1.204038511549977,-0.4263030922877916,-0.46960696782515204,0.6006469349749696,-1.5578921029446724,1.117814243578879,-1.0422535337724261,-1.4346638399730611,0.9386871750693901,0.9546778633688334,1.5578921029446724,-0.6006469349749702,-0.3974950218363748,0.26586877533487285,-0.03655113089848297,-0.6512357844370638,-0.767313267037611,0.8886600828192224,1.5741488238116832,1.3416409041622488,-0.17027518936292965,1.6943780081983673,-0.6346847228976005,1.7203265102567968,0.5469345546516133,0.9222885868622325,3.2027506770673386,1.0276167615398821,0.29205785388825667,1.8943524228726025,0
0.3647077670176212,0.5163887321765315,0.5693561964423357,1.0385308760612593,1,0,0,0,1,0,-0.0412600105000692,-0.4768774206000031,-0.3745195296897717,-0.24337520926326098,-0.3440910497865119,-0.17866657719583343,0.677818472789446,1.3710789274729334,-0.9697018676790324,0.20895590569285932,-0.357088245823006,-0.5551613784272197,0.23441470290513894,2.6072513308364216,2.3023130393961297,-0.9080974007121632,1.8026948295706071,1.1427780217295322,0.4977080171176754,-1.2507946581507028,1.662611723121572,0.42455780505026486,0.41306462718584586,1.5052353867741182,1.579932522836202,1.2507946581507028,-0.49770801711767615,2.5827239357770297,2.2921984828154374,0.2636699792153276,-0.26362076959722697,0.4445346296798359,0.8886600828192224,0.02452383803125581,-0.2086678343205727,0.7598912632898273,1.3057941172313696,0.19995793940503753,-0.5057382938501646,-0.23104172733766892,0.36382580878204385,-0.3502454288142823,-0.28942660841731066,-0.8213259083916238,0.038603250264021984,1
-0.6633027272718879,1.3151894772918502,0.27967722576327125,1.7718540298733036,1,0,0,1,0,0,-0.7605394197356201,0.645363690630038,-0.041896812837936774,-0.4748350706557764,1.5469234276804464,0.8632924023935848,-0.6571923596411976,1.7613173030963083e-4,-0.8194965298873839,-0.3464627283127533,-0.28200438154817575,-0.1837019061601329,0.13549741047956282,0.5851343019875129,0.20520332996158783,-1.0882493162672944,0.8131180532961405,0.6716727869612173,0.5976605751602089,-0.8432999717894734,1.4985012740356667,0.2053264449191072,0.026693597167656846,1.2743227368149648,1.0223772534167221,0.8432999717894734,-0.5976605751602097,1.5800334453650435,1.3165582532877582,3.2203930333664945,1.9199438140005203,2.253772334638279,3.8186245068156013,1.4110304042558486,1.1755363964676604,3.1783240401869945,1.5833540393506536,0.35171115073279,0.4613226456389258,0.4043055696202447,0.9222885868622325,0.3476645205553221,0.12214944469431245,-0.26463402725168356,0.40975308478573785,0
-1.4086103356317816,-0.46278637473902035,-0.8790386569529866,0.5985369837740325,1,0,0,1,0,0,-0.8236341047562825,1.651310386188572,-0.5152445252809326,-0.1363250233692226,2.158274147211419,1.375328038286239,-0.9080603311497454,1.1601492012926427,-0.9853261680373208,-1.1101784375826818,-1.002937850875811,0.19865033074881794,1.4778321839569708,0.4583379735512881,1.5927111923247879,-2.0522799455537704,0.7058555351802429,0.16093716479662826,1.7171497230695563,-1.4321128303428865,1.7206458978439265,0.0032019209127832245,-0.7153695438290586,2.1996937123549127,1.4609921435339772,1.4321128303428865,-1.717149723069557,0.5494904413305014,1.6918044954137887,0.41832933897092733,-0.7675202888890147,-0.47715250303484213,1.9598298722372534,1.5741488238116832,0.7325910426154264,-0.10826409251941274,1.4445740782910115,-0.1035484832504671,-0.31415074923440073,-0.62002986833231,0.2115177783965368,0.28421816152172197,-0.7010026615289333,-1.266679413303576,-0.332546584257695,1
-1.5371116474179702,0.3617821363477598,-0.15484123025532542,0.5985369837740325,1,0,0,1,0,0,-0.6595879237025604,0.20053755068652426,-0.579210432367824,-0.03795458227740351,0.2862315061001328,0.18355950583739783,0.1693110913077403,-1.2189166063055206,1.13814664872011,-0.07267397209967531,0.5433718982795067,0.7536069453847529,-0.7965063479465184,0.6394716493443673,-0.5478598496847086,0.12636957737649995,1.1746582089438948,1.26349495499881,1.4008254564523381,-0.36149164093482894,0.40352134340792456,1.1241673248076038,-1.4288953587110227,1.262948820081187,0.5271468242914251,0.36149164093482966,-1.4008254564523388,1.106540713781605,-0.10937746679115769,1.5646281230418408,1.4031237942140713,1.9124067299291387,1.3612349899154128,-0.30171300108041293,-0.8730858650989243,1.752068812786101,0.6951622885689447,1.5657368413548085,1.1090710107684099,0.09311505682453199,0.600749411603942,1.9021003168785307,0.28677986593896093,0.1250502895462747,1.0901944480755505,0
-0.1749977424843705,-0.07626988516709207,-0.8790386569529866,-1.6014324776621007,1,0,0,0,1,0,-0.36935237260751347,-0.2442885892569894,-0.4128990739419065,-0.2318022161936352,-0.04788034002636778,-0.008733353056786679,-0.5714088492650534,0.5701490320476426,-0.7431090868098116,-0.32285839134684,-0.5337201870663646,-0.5460343817005606,0.767033323253616,-0.9694931768679944,0.07512963884362425,-1.01226004384357,0.012175356334650486,0.4825800134332899,0.416552302523086,-1.1578572735420007,-0.17414824460012918,-0.7072842165372623,-0.0013687061055279576,0.4482337325479949,1.165007839186811,1.1578572735420007,-0.4165523025230867,-1.0102503215325889,-0.18442671521636386,-0.7461646638947628,-1.1034533017502068,-1.040405750804923,0.6996301199807459,-0.22015379130249568,-0.4301405112466897,-0.5423417704240322,0.1400424443303771,-0.3311783002420958,1.3827675030766426,1.1693155802430386,1.3115202200696365,1.9338234963953311,-0.20711139779498602,-0.7099875321636356,1.3994859768436472,1
0.6988111776617119,1.0317440516057692,-1.168717627632051,-0.13478617003801185,1,0,0,1,0,0,-0.5838743016777656,-0.008792397522188045,-0.6943490651242283,0.317914954613589,-0.2948745298524538,-0.25245337188778794,-1.7574756410207997,-0.9901925232748487,-0.7221898895800783,-0.7440153253326532,-0.9686414537140768,0.31974022292040505,1.5522105141691562,-0.7125999897366817,-0.10086522309805532,-0.7795136960275512,0.0059676044740112014,-0.3379532574656055,0.21285636891661422,0.22497917377587734,1.731791147104726,1.2580257471098177,0.20392168406705485,1.0110340791018342,0.9293357513271999,-0.22497917377587734,-0.21285636891661494,-0.5646101035717058,0.11577027848446049,0.6821600114951846,0.13691474573727128,0.13730558544161034,0.8886600828192224,1.0847935651441794,1.0648000580046022,0.6978801664463103,2.193985868013078,1.793366658346437,1.2824121225636245,1.2082143943425034,1.6161362808406496,0.8552353928241243,-0.8656330827735822,-0.8769950965056176,1.5850608941045057,0
-0.8432045637725518,0.3617821363477598,-1.6032360836506476,0.5985369837740325,1,0,0,1,0,0,-0.05387894750420167,-0.4768774206000031,-0.054689994255315046,-0.47194182238836996,-7.673171483358087e-4,-0.002025462630245358,-2.309188982619189,-1.5648319552938101,0.6724683200872774,-1.5430521428919708,-1.0930131231831473,-0.4032074542398784,0.6507212442256461,-0.9631553570487945,-0.033455560521657705,0.11644732425466893,-0.6826611378985156,-0.43672376376840694,-0.09720267704722074,-0.45352244570481864,2.2486100079747056,2.1142659216102127,-0.8022683906425819,1.4076487970082703,0.9945948375739849,0.45352244570481864,0.09720267704722003,-0.7874302125521474,0.26586877533487285,0.9368930746220554,0.8604627734383002,0.512807750621665,0.6366201323679207,0.5138790966987595,0.6218547041523672,0.6358690696027934,2.193985868013078,2.096873081001942,0.21499580256151593,-0.24400799870415715,0.31305646532020776,0.886958572340925,-0.04248097655033679,-0.26463402725168356,0.7190446135538346,1
0.3904080293748593,1.3151894772918502,0.27967722576327125,1.7718540298733036,1,0,0,1,0,0,0.22373766658671274,-0.5379319888275442,-0.041896812837936774,-0.4748350706557764,-0.190307729612128,-0.04674473214052082,-1.4720610864111308,0.07864238634702254,-0.3422950007579324,-1.15568565863278,-1.4106172967220592,-2.076026565775541,0.48753063680589226,-0.7115867271997903,0.10022444639040982,-0.3286225725340226,-0.41663458179433865,-0.7409183747291389,-2.211644300886312,-0.6379707392984506,1.3359277011473256,-0.0075364930676127505,0.13769473982988492,1.1481290467929197,1.1105089872191252,0.6379707392984506,2.2116443008863107,-0.7317251853070371,-0.03432821836595151,-0.3640650692044592,-0.4703487775118068,-0.596630464683041,-0.37153966943728567,-1.1173050988595852,-0.2086678343205727,-0.046252995675895824,1.3057941172313696,0.04820472807728505,0.1785029369204177,0.22277777048941236,0.6853649840403343,0.2207718024881207,-0.4540570296619595,-0.7656567202776299,0.16231986177126023,0
1.0329145883058024,-0.17934094905293926,-0.15484123025532542,-0.8681093238500562,1,0,0,1,0,0,-0.6722068607066928,0.3168319663580311,-0.38731271110714993,-0.24048196099585453,0.6772372309219279,0.4295154881439129,1.670104336804845,0.7533841216174647,0.8220604542675233,0.5402323624370923,0.25727971874071986,-0.40770956262252916,-0.7715167170336966,1.4645495136448483,1.0261930149559377,0.0982633703186224,0.7890534999952071,0.7000815379187221,-0.24687185720061178,-0.31122271395962636,-0.8589601174010175,-0.00602571538292188,-1.0250389694850326,0.05259287489035028,0.3490171270772954,0.31122271395962636,0.24687185720061106,1.8585585815905954,1.4666567501381707,1.1461380907619838,1.0284292798688959,1.349153482159058,0.7941451013999841,-0.6279498401920818,-0.5962450189412776,1.5040244254120325,-0.9146852597229018,-0.2553016945782196,-0.7520651369275744,-1.112748180258855,-1.0238695791747903,0.5697267771729232,-0.20711139779498602,-0.3759724034796717,-0.5799798072721716,1
-0.8432045637725518,0.2587110724619126,-1.6032360836506476,-0.13478617003801185,1,0,0,1,0,0,-0.05387894750420167,-0.4768774206000031,-0.7199354279589849,0.46257736798391114,-1.1496185837331028,-0.7242416652211942,-0.1027695792303375,0.33894224003314277,0.026447865830802036,-0.5554224119041506,-0.5387756041815202,-0.4184543952947867,0.4449472359592709,-0.9616822541441116,0.049270689304056633,0.2500507804724259,-0.5182893153723223,-0.33571310165255236,-0.16027754582615011,-0.41176056791003435,-0.8179979755757109,-0.41585056652453256,0.21512180096999362,0.23641303251747256,0.37267616998062536,0.41176056791003435,0.16027754582614942,-0.7317251853070371,0.491016520610491,1.3553831069019124,1.2997597902567817,0.9907195972144606,0.7626401075935709,0.4323198869208419,0.5664865349208381,1.0079356506638961,-0.859173275299045,-0.5588081172337243,-0.6060936743631827,-0.41256952646850126,-0.29617565622181696,-0.44541496736468245,-0.5363722402842841,-0.7656567202776299,-0.5799798072721716,0
1.3156174742354179,0.2587110724619126,1.7280720791585935,-0.13478617003801185,1,0,0,1,0,0,-0.028641073495936725,-0.4797847809917908,-0.7199354279589849,0.46257736798391114,-1.1705180266124326,-0.726477628696708,1.4939486724203104,0.32142949719133146,-0.09191781952360464,0.8984034229381448,0.7919000403298121,0.28998122472535315,-0.36370636604974993,1.2300736147121798,-0.11800556946170168,0.27156119443686033,1.2039143862125998,1.1586046596416308,0.9153149533513734,-0.5122984218604396,-0.8482969334382748,-0.559387461285702,0.3985475497012417,-0.019904167350190863,0.10164310954364116,0.5122984218604396,-0.915314953351374,1.050835686536495,-0.18442671521636386,-0.2276009282436361,-0.05689276168264715,0.4274663494443799,-0.2140147004052217,-0.30171300108041293,-0.7069813574043363,-0.23228628620644656,-0.859173275299045,-0.6346847228976005,-0.42362934615769415,-0.16621037050522874,-0.1607907403235886,-0.5405845059150832,-0.12479618717266176,-0.3759724034796717,-0.5181215015185524,0
-0.9717058755587404,0.9029052217484598,-0.15484123025532542,-1.6014324776621007,1,0,0,1,0,0,0.009215737516460692,-0.4838550855402935,0.31631226684865466,-0.5593179200640446,0.1974370492786102,0.06013432198903754,0.43976262259674215,1.542221462971776,-1.084729276670274,0.48173240967453135,0.2561637637636462,0.5833263355124417,0.6039224218576905,-0.40665919810077455,0.42489579612519507,-1.355677180242326,-0.2713517719155984,-0.44544744330597774,0.1590389773671773,0.6378546273322141,-1.01782971095307,-1.6910960763454614,0.12053643471945882,-0.9198571787461224,-0.7679181678386594,-0.6378546273322141,-0.15903897736717798,-0.45320004908148526,0.26586877533487285,-0.32767463161490584,-0.9484072958142716,-0.9892009100985523,0.6996301199807459,1.0032343553662626,1.009431888773073,-0.29429738304996345,-0.9979532363586869,-1.6210805965279906,-0.3415203984652251,-0.23104172733766892,-0.5669454880182719,-0.4136917878478824,-0.04248097655033679,0.29205785388825667,-0.20882997275045564,1
-0.27779879191332196,-1.1069805240255675,-1.8929150543297122,-0.13478617003801185,1,0,0,1,0,0,0.16064298156605036,-0.5193248823201031,-0.23379453409861076,-0.35621189169211226,-0.3257112851707183,-0.12410906839329737,0.413267609548341,0.4633969958191767,-1.7414304781355712,0.7550425104033142,0.40114451161932607,0.7563971500428162,-0.09218288449153225,0.08351391359991651,0.20219887732246267,-2.416202014186537,0.14529714623497494,-0.22082582863114797,0.2430696413654208,0.7905619868667512,-0.49121255267141023,-0.4334685229868433,-0.04745620474584652,-0.875939557249327,-0.7371009529429222,-0.7905619868667512,-0.24306964136542153,0.35452284597261524,0.5660657690356972,1.091552434377654,-0.5091102789957901,-0.42594766232847037,2.936484680236047,0.4323198869208419,0.34501385799472056,0.6978801664463103,-0.4150773999081907,-0.3311783002420958,0.2788583174334372,0.20981149912292413,-0.1607907403235886,0.15732544345452057,-0.20711139779498602,0.18071947766026855,0.10046155601764112,0
-1.8198145333475857,-1.5192647795689571,0.5693561964423357,-0.13478617003801185,1,0,0,0,1,0,0.2868323516073751,-0.5559576232566278,-0.016310450003180245,-0.4765710196162203,-0.20811275238469068,-0.05926612760339795,0.11391063863603633,1.2263999967556245,-3.640905106495748,1.1252952764260602,-0.267649494737073,-1.3986639210236356,-0.18310331922105172,-0.5703069314281785,0.9400091051969847,-3.379486316208279,0.3222833209043066,-1.1075752937566454,-2.4459116065783864,0.5182145811312309,-0.7282394820772422,-0.741591997503068,1.5811814202513317,-1.200630696258813,-0.7333742507639818,-0.5182145811312309,2.445911606578386,-0.1328961424221005,1.879427616476804,2.2878880701342035,-0.3476040228125248,-0.20406001926752979,4.007654469654078,-0.22015379130249568,1.397009073393778,2.1551409422689627,-0.7481493064513315,-0.7864379342253526,-0.3871364805165972,0.4432043837197094,-0.093098282374475,-1.3653871733518879,-0.12479618717266176,0.1250502895462747,-0.7036964187794109,0
-0.8432045637725518,-1.2615871198543382,-2.327433510348309,-0.4281154315628296,1,0,0,1,0,0,0.13540510755778543,-0.5146731056932429,-0.06748317567269331,-0.4401160914468991,-0.15392957058072085,-0.05568858604257591,-0.7531370698544301,-0.7227698158538445,-1.3443701044302456,-0.3405877571826099,-0.7787746988659303,-0.9853862959322303,0.4481976394011371,-1.1021271347134922,1.143445833053975,-1.0398315577977537,-1.0443132830728308,-1.315568414308172,-0.5252107151899527,-0.8230517886162441,-0.0539770180161822,2.1375031890746694,0.7928685348076435,-0.575411087981863,-0.2719512521889205,0.8230517886162441,0.525210715189952,-1.0659553487776992,0.9413120111617277,-0.24579614703841146,-0.7287587874050313,-1.05747403104038,0.19555021907814235,0.4323198869208419,0.7879592118469556,-0.6663639641110671,-0.10976148557697851,1.8692432640103136,-0.2046721523111086,0.22277777048941236,-0.025405824425361403,-0.667477223982284,0.7806711296729086,0.4033962301162448,-0.3944048900113141,0
-1.280109023845593,-0.7719995663965628,-0.8790386569529866,-1.6014324776621007,1,0,0,1,0,0,0.8799223908016013,-0.6425969629319004,-0.3617263482723934,-0.24742575683763,-0.8335495235290252,-0.3029861464343992,1.8053482693310248,1.2934485372386293,1.5020569063971134,1.182523503818432,0.8998551011219489,-0.4369687473195617,0.7907296847184642,0.9057295173074351,3.008434026654624,2.7221955316389295,0.025408935882517122,0.29838177466598476,-0.5252107151899527,-0.07507566165750797,-1.6053864537461915,1.2384844558921702,0.6821818715117711,-1.5723178977304313,-0.8785439750691046,0.07507566165750797,0.525210715189952,0.0759977097470634,1.3165582532877582,-2.1017084641056063,-0.7675202888890147,-0.71610842633123994,-3.080969136788777,-0.22015379130249568,0.012804842605544792,-2.340663578886029,-1.46980510396147,1.4898602356909325,0.6985262723060605,0.9748215097457181,0.19459466390925928,0.2207718024881207,0.8629863402952329,0.9044189231421907,0.5334696962929761,1
1.5983203601650333,-0.30817977891024867,0.27967722576327125,1.478524768348486,1,0,0,1,0,0,0.3499270366280375,-0.5710758972939236,0.9303849748828115,-0.6426434701653501,0.25092317599221653,0.05745116581842101,-1.003841057020764,0.40618619815569884,-0.5915409053136395,-0.25929418419920836,-0.4865684752002049,0.5949604144478172,0.8492843866855432,0.6137711865393177,1.3770754911453411,-1.5908317423167475,0.7294518740929448,0.046334423007530434,0.3210111268130686,0.4930801176436278,2.009138363732918,0.8220206925975168,-0.789976247498584,1.0736017062543979,0.6777993937239923,-0.4930801176436278,-0.32101112681306926,0.29881781872750485,0.8662627627365218,-0.8189455390738695,-1.4264658141167375,-1.1257471519822078,0.3215701943037938,0.10608304780917345,-0.04256332662598434,-0.790386157798101,2.0829618991653644,0.9587239960437993,0.4521994292286506,-0.0495139282068366,0.38074892326932136,0.9821281108913258,-0.5363722402842841,-0.3759724034796717,0.904619530814692,0
-1.485711122703495,-0.4885541407104817,0.27967722576327125,1.478524768348486,0,1,0,1,0,0,0.26159447759911014,-0.543165237532762,-0.34893316685501513,-0.2578414506002932,-0.5228001969208458,-0.2184667270599786,-0.09889725846979172,1.7274988080495426,-0.7764638967360811,-1.5548036858049568,-1.6358473476478594,-1.0003702305821545,1.1938315867632612,0.5517536624752654,2.8223173447148793,-0.43167000580033693,-1.209632165672361,-1.1186060739477313,-0.5745260083472218,-0.7945777810288902,0.6888248037586326,0.4562892311625934,0.6276654328000607,0.900988922833648,1.034580556940584,0.7945777810288902,0.574526008347221,0.4473645580477994,2.483991006568742,-0.19121049065408274,-0.37990527404917784,-0.8109322054171125,0.034524695178700306,0.3235742738836193,0.6895269109909028,-0.34252823615047884,0.3065783976019474,0.04820472807728505,-0.97102233077416,-0.5422322401333817,-0.1777138548108673,-0.9212626601166852,-0.6186874509066087,-0.9883334727336057,-0.76555472453303,0
-0.4577006284139859,0.8771374557769975,-0.4445202009343899,-0.4281154315628296,1,0,0,1,0,0,-0.19268725454965888,-0.3663977257120716,-0.24658771551598904,-0.35621189169211226,-0.05120778008907436,-0.006497389581272905,-0.38284412636668846,1.6196546579625608,-0.6642639365245949,-1.388225277171189,-2.0979579455204513,-0.5586511238345961,2.5513952660638815,-0.5314582640240966,2.2592433632195874,-2.0113511253284417,-1.4512823568947484,-2.769589055491657,-0.35307242775419667,-0.41176056791003435,0.0013272417410709928,0.04023355779912106,-1.1131428527892975,0.43633604643963625,0.023483422773018056,0.41176056791003435,0.35307242775419595,-0.6481676444393714,1.6167552469885829,-0.7825551014843162,-1.594432320547333,-1.9450246032841443,-0.49755964466293656,1.5741488238116832,2.0060589349406004,-1.534519319920306,0.0012624832707351544,0.04820472807728505,0.041654690766301246,-0.5422322401333817,-0.3469449996836519,0.7600658542737248,0.2044646553166367,0.013711913318286572,-0.08511336124321738,0
0.004904094016293398,-1.6223358434548052,-0.4445202009343899,-0.8681093238500562,0,1,0,1,0,0,-0.11697363252486404,-0.415822852372462,-0.2849672597681238,-0.34232430000856134,-0.16690930924586117,-0.055241393347473154,0.05106374805552784,1.5276010861431064,-0.7843007696216693,-0.20217632456764356,-0.6882011571895199,-0.6589481137832761,0.3784635597906017,-0.8935081743136266,2.9492406182779987,-0.8275166293669922,-0.5908900271236255,-1.2452381683029574,-1.118227115406131,0.21031740340810925,-0.9637882245891576,0.8578040770457238,0.2405910191898128,-0.3127892649379201,-0.3210374957424129,-0.21031740340810925,1.1182271154061303,-0.8709877534198129,2.5923954765162622,-0.20030810005147043,-0.5866332819637576,-0.767313267037611,-0.18250970659880966,-0.05703537174666111,0.5664865349208381,-0.29429738304996345,-0.6371253376036178,1.717490052682561,2.112624815898597,1.947291862232321,1.6669056243024845,1.109020828958526,1.1922471827845313,1.461110804282131,2.3273605631479377,1
-0.09789695541265715,-1.3388904177687242,-0.4445202009343899,-1.6014324776621007,1,0,0,1,0,0,0.1480240445619179,-0.5158360498499579,-0.16982862701171944,-0.393824119168396,-0.25336479935377143,-0.09235838704100179,0.84413792376683106,-0.22566810158498926,-1.4875222656841949,1.823651610032455,0.9021659803422182,-1.4263375711048365,-2.0585196275161644,-0.14818560899406838,0.3255453475111087,-1.2811057900381453,0.9734468944546316,-0.41988040537944016,-0.7099870034754222,-1.2411978630008915,-1.3218596460823235,0.6358607341894654,0.7461049998642425,-1.498382395787158,-1.5827914516575576,1.2411978630008915,0.7099870034754215,-0.11896988561082296,0.340918023760079,0.11810822885711679,-0.5737127814690962,-0.18699173903207253,0.19555021907814235,0.10608304780917345,0.5111183656893089,0.3258135853852078,-0.933189254530854,2.096873081001942,3.69398232701283,3.7020605871637016,2.5299844631536863,1.0455744699249259,5.829337381175481,5.023938843577749,2.2242633868919044,0
1.2385166871637046,0.5421564981479937,2.1625905351771904,-0.4281154315628296,1,0,0,1,0,0,0.6275436507189519,-0.6146863031707387,-0.15703544559434116,-0.3984533163962463,-0.5025439169236051,-0.16480360364764804,2.10723925556105,1.4368035408910331,0.19148184757248435,1.269480677697699,0.8889096730162825,0.5494144480740691,-1.0995519474263513,1.8012985341962213,4.15278602957616,-1.0547635515314926,1.0553858551842448,-0.16631613585251392,0.4513710056427588,0.30167151108420126,-1.130331209433042,2.188111929708571,-1.32169774859147,-0.6684839474935117,-1.3180014459808653,-0.30167151108420126,-0.4513710056427595,1.8585585815905954,4.1684296934455904,0.381938901381374,-0.25070026910256554,0.17144214591252482,0.3530751881102058,0.2692014673650073,0.06817301183707392,-0.10826409251941274,-0.9701972441467586,2.5521327149851984,0.853620951280726,-0.03654765684034838,-0.29617565622181696,0.9821281108913258,1.5215080252738291,1.9064643091940836,0.47161139053935697,0
-0.12359721776989524,-0.8493028643109486,0.27967722576327125,-1.6014324776621007,1,0,0,1,0,0,0.6401625877230843,-0.6152677752490963,-0.1442422641769629,-0.4025038639706153,-0.496333228737233,-0.16212044747703153,0.977401337711389,-0.7547099364879778,-2.071382331012159,1.1975401206387963,0.37995101304613543,0.1077149769035746,-0.5249156995465228,0.21859168124298262,-1.0059037090832232,-2.32971893284386,0.7061278227349821,-0.198962689136804,-0.16027754582615011,0.3058716999428703,-1.1406861203635388,0.028170819124692378,0.4905061879417709,-0.9176151825376315,-0.6882032664243225,-0.3058716999428703,0.16027754582614942,-0.007559831120602114,-1.0850176963188372,-0.7370670544973751,-1.710716824999284,-1.4159079159849774,0.8256500952063961,-0.5463906304141645,-0.5408768497097485,-0.728375060954584,-0.9424412519348303,0.4275877563966659,1.2185496076917033,1.3249108366408955,0.8038267854512828,0.37938770007212164,0.6983559190505837,0.9600881112561845,0.8427612250610729,0
0.3904080293748593,1.1348151154916164,0.27967722576327125,-0.8681093238500562,1,0,0,0,1,0,0.03445361152472564,-0.48618097385372366,-0.09306953850744984,-0.43201499629816104,-0.10330207051485639,-0.0400368417139795,-0.28380421414264795,0.09996100262876609,-0.03068851642792687,-0.0452226336896423,-0.6871889992449712,-1.2588002621970964,0.3514274513430886,-0.819058544224904,0.3215117765894987,-0.671753991859893,-0.4824685419239696,-0.9617216504344198,-1.8632990028572278,0.13114384342216406,-0.4237569783911473,0.18488382664600725,-0.6330957480828214,-0.4173146867303887,-0.04555465295572338,-0.13114384342216406,1.863299002857227,-0.8152827261747027,0.19081952690966666,-0.2821865846279648,-0.5737127814690962,-0.71610842633123994,-0.18250970659880966,-0.6279498401920818,0.2896456887631914,0.015758101167622184,-0.38732140769626244,0.19995793940503753,0.0872707728176734,-0.2569742700706454,-0.39771434314548676,0.886958572340925,-0.04248097655033679,0.013711913318286572,0.40975308478573785,0
-1.5628119097752085,-1.2615871198543382,0.27967722576327125,-0.13478617003801185,0,1,0,1,0,0,0.7537330207602766,-0.6315489934431072,-0.4128990739419065,-0.21444272658919655,-0.8545094670432389,-0.3199794688483039,0.8388698039356798,-0.1447754536403471,0.8748619893732693,1.5993915614463325,1.5807360186741672,1.2857338512357224,-1.3778444833113601,0.7316461882105373,-1.387061632539013,1.346273364087314,1.630957091528838,1.8812213358184697,1.7556215933338128,0.012383503443245562,-0.43541663219185545,-1.1908190405178547,0.15690924927607652,-0.5434456819735086,-0.21838775794419926,-0.012383503443245562,-1.7556215933338135,0.911573118423719,-1.1850833608857785,0.6882250844267777,1.3428281252389862,2.0717106787934045,-0.35053634023301067,-1.0357458890816678,-1.648240234340335,0.9665949194348847,-0.47058938433204756,-1.1658209625447336,-0.2867811000035777,-0.16621037050522874,-0.36386811417093057,-0.15990635171348128,-0.28942660841731066,-0.32030321536567735,-0.5181215015185524,1
1.7525219343084582,-0.6431607365392533,-0.4445202009343899,-0.4281154315628296,0,1,0,1,0,0,0.22373766658671274,-0.5332802122006839,-0.054689994255315046,-0.46268342793266937,-0.2006745132716574,-0.05255823717685663,-0.26965216678880594,-0.8965022712287777,1.422839707012094,-0.7436632857614549,-0.5527695726085109,-1.628781462947458,-0.2631921103455678,-1.1989373252833937,-1.0894731999274312,1.2160603134278027,-1.1086687296136895,-0.7171468264390379,-1.9610133487524535,-0.27655448845948655,-0.8230061467941925,0.13906716704517133,-0.72304620631248,-0.09469581229637845,0.01847322210034354,0.27655448845948655,1.9610133487524521,-1.2052179168904753,-1.1600669447440433,-0.7643598826895395,-0.08273376267196997,-0.5112890635057554,-1.348194477436079,-1.1988643086375024,-0.4855086804782194,-0.6663639641110671,-0.5538573609678327,0.6552175733882943,1.528738965641033,0.8451587960808378,0.7530574419894479,1.9655466759121307,1.0276167615398821,0.9600881112561845,1.5232025883508855,1
-0.9203053508442651,-1.6223358434548052,-0.15484123025532542,0.3052077222492148,1,0,0,1,0,0,-0.29363875058271866,-0.3140652386598935,1.058316789056594,-0.66058160942327,0.8111746612915908,0.26897331060202395,-0.8249932390156911,0.12117178196246134,0.6817919631666333,0.19530406194360547,0.22332602442802468,-0.32649495407951495,-0.4432887707249964,-0.8608565442235978,-0.3959388594891724,0.09151106273457689,-0.8246278182984238,-0.9141711138231697,-0.6910894285371356,0.24011390447808975,0.28701546558850227,-0.562954931094903,-0.8400726610597528,-1.0815300164474708,-1.1828449330425324,-0.24011390447808975,0.691089428537135,-0.8709877534198129,-0.4846237089171882,-0.4095531161914002,-0.3023822710812103,-0.596630464683041,-0.6235796198885869,0.02452383803125581,0.40038202722625016,-0.4183195767369984,0.3898463742377325,-0.4070549059059717,0.4704458620491997,-0.06248019957332482,-0.48232991558187904,0.6966194952401235,1.0276167615398821,1.2941032399401495,0.10046155601764112,0
-1.7170134839186342,-0.6689285025107157,-0.8790386569529866,-0.4281154315628296,1,0,0,1,0,0,-0.38197130961164594,-0.21812234573090036,-0.029103631420558513,-0.47425642100229515,0.37765514928041044,0.1987640574708915,-0.07168753870015308,0.7683340263629032,0.10242787476750488,0.24397550072719046,0.7074560878425677,0.20942854864410818,-0.8139771206549218,-1.2367638125997065,0.9225238527702202,0.3709553460260261,-1.4042162424399762,-1.181791602876366,-1.052824935956895,1.3298145150373384,-1.1360765615753852,-0.13039841970739913,0.23275201179767036,-1.7219919502673868,-2.0735170456772143,-1.3298145150373384,1.0528249359568944,-1.17736540326792,0.7912135143113154,-0.13662483426975403,0.07231224326396513,-0.4942207832702994,-0.49755964466293656,0.10608304780917345,0.7325910426154264,-0.23228628620644656,-1.1367331974183288,-0.3311783002420958,-0.6608329728248301,-0.4514683405679659,-1.057715808149347,-1.3336639938350878,0.36909507656128593,1.2941032399401495,-0.8892713360402683,1
0.05630461873076867,-1.6481036094262664,0.5693561964423357,-1.6014324776621007,1,0,0,1,0,0,0.31207022561564,-0.5623538161185606,0.38027817393554597,-0.5760987600150019,0.03073198911029879,0.012731896308145543,-0.17856300895650787,-0.45216497120380966,2.304103384906225,-0.8627277021158559,0.119502554733884,0.9597272488369069,0.26611675137752283,-0.8228742562398427,-0.8775845954509388,1.7756034373045417,-1.446507919502313,-0.7265708507574412,0.5581846313588362,0.7553527801229513,-0.5739100505436251,-0.2585343693643377,-1.3654762991387566,-0.26884302479362965,-0.8647141941302857,-0.7553527801229513,-0.5581846313588369,-0.7038726716844818,-0.7097714541928067,0.5002078235474204,1.4031237942140713,0.6322857122698633,-0.8126095827270634,1.6557080335896,1.4523772426253072,0.44983577907224165,-0.5052843745969581,-0.17942508891434333,0.2195574107666529,-0.5389906722917598,-0.6007917169928287,0.728342674756924,0.41025268187244807,0.9183362201706894,0.16231986177126023,0
-0.6119022025574117,-1.4934970135974959,-0.4445202009343899,-1.161438585374874,1,0,0,1,0,0,-0.09173575851659908,-0.4355929030366182,0.23955317834438508,-0.5373292332317556,0.23674534213535553,0.0802579932686615,0.6237800819683521,0.5602975102736727,0.6888568772265823,0.7391454954206137,1.299521070094335,0.16815823201652236,-1.6118874175393465,-0.03706587162488091,0.5984478728604614,-0.7271374762412444,0.08296550913138424,-0.07832363130893433,-0.7076772998718532,0.9312135022275074,-0.9044171706615459,-0.169513974994422,-1.6723934667622988,-0.9162706999628378,-1.7659088179362274,-0.9312135022275074,0.7076772998718532,0.24311279148239442,1.0163612595869336,1.1643333095567605,0.5503707615664309,0.5640125913280355,1.424244977528238,-0.30171300108041293,0.012804842605544792,1.069946747507413,-0.859173275299045,-0.17942508891434333,-0.058700689746716966,-0.9052878383950472,-1.159254495073018,0.31594134103852145,0.6983559190505837,1.4054416161681371,-0.3944048900113141,0
0.3647077670176212,1.3151894772918502,0.5693561964423357,1.7718540298733036,1,0,0,1,0,0,-0.06649788450833415,-0.44198909589855107,-0.2593808969333673,-0.3446388986224865,-0.18293011929558706,-0.0735762938466861,0.7762855728401207,1.9069410793161452,-1.0688371049292398,0.27373903313121806,-0.26662583118820904,0.003886613148378242,0.3647326104959479,1.9697571363151465,2.0167698526127382,-0.7687930512362893,1.18071789407955,0.7876745846338604,0.4407888507730546,-0.4318681387001143,0.8887141357454377,-0.5969807114553369,0.6885732543199905,0.800975878769163,1.1156375622788646,0.4318681387001143,-0.4407888507730553,2.137083717816147,2.2171492343902317,0.6093791363160792,0.08523274375862654,0.5640125913280355,1.109195039464111,0.10608304780917345,-0.09793149585751397,0.8839134569768611,0.3898463742377325,-0.8623145398892288,-1.1899795246207467,-0.7107937678977266,-0.38079122865820925,-0.9847090191502859,-1.1125787146405561,-1.378017789531564,-1.136704559054746,0
-1.4086103356317816,-0.978141694168258,-0.8790386569529866,-0.13478617003801185,1,0,0,1,0,0,-0.8236341047562825,1.8112152077368942,-0.0035172685858019803,-0.4788856182301454,2.7565531290848697,1.7630441049403272,0.8104980969152388,0.6621414725654723,-0.12332451222404305,0.9473716471886717,0.8265571351635198,1.3153413987488656,-0.4135926571469276,0.5178771281628697,1.7965659829308391,-1.8579331811302564,0.7579471408681091,0.21192628971551328,1.509993498569716,0.29637562078413626,-0.6095606089716326,0.8909504116747656,-1.6984549290370963,-0.5282705656076147,-0.8676599833439262,-0.29637562078413626,-1.5099934985697168,0.49378541408539117,1.6918044954137887,0.05442496307539909,-0.9225662948249498,-0.6136987449184976,1.4557499713346498,1.166352774922097,0.4557501964577793,-0.29429738304996345,-0.5261013687559044,0.9587239960437993,0.29710475025398503,-0.6589286824317738,-0.8038690908401701,1.267636726542527,0.9453015509175579,1.2384340518261547,0.10046155601764112,1
-0.4320003660567478,-0.46278637473902035,-0.15484123025532542,0.5985369837740325,1,0,0,1,0,0,0.19849979257844777,-0.5303728518088963,-0.4896581624461761,-0.165257506043287,-0.6955286688830233,-0.2801793189841587,-2.0949520658784584,-0.4772346832800758,0.7326991828538193,-3.1469908929408,-1.7388018112947388,-2.065053149850081,0.9333645161898734,-1.0251638314230669,-0.5315677812777023,0.2324111584350199,-2.00301376118744,-0.8414741589536098,-1.8366892925911174,-0.9948801208223941,1.8887502231707227,0.12250664575571318,-0.7680735279485735,2.2652275112344005,1.4389917776169872,0.9948801208223941,1.8366892925911165,-1.0659553487776992,-0.7097714541928067,-0.8189455390738695,-0.5866332819637576,-1.2793616741013212,-0.15100471279239655,-1.0357458890816678,-0.319404172783631,-0.6663639641110671,1.4445740782910115,-0.1035484832504671,-0.6243401071837319,-0.892321567028559,-0.0592520533999176,0.030432725387320277,-0.9479482933959068,-1.378017789531564,-0.45626319576493324,0
0.7759119647334253,-0.5658574386248675,0.27967722576327125,-0.13478617003801185,1,0,0,1,0,0,-0.1800683175455264,-0.3698865581822168,-0.6431763394547153,0.11943812346950698,-0.7472738332558294,-0.37677294112635373,0.7393376233169314,-0.35275742506218954,-1.117894984581916,1.050368690866415,0.7662554403010929,0.5174783384790522,-0.5759319260086765,0.3412831028266716,-0.8335892027743695,-0.8242354001971625,0.7468094294306084,0.7881664032240484,0.3506288912831737,0.3580292690535297,-0.6870609075671908,-0.3509007275692638,0.6999228053879687,-0.6784568908082945,-0.22667851188550192,-0.3580292690535297,-0.3506288912831744,0.10385022336961848,-0.9349191994684248,-0.7097742263052108,-0.9871687972982559,-0.6819718658603261,0.3845801819166189,-0.8726274695258333,-1.0945585420250417,-0.728375060954584,-0.6926373220274746,-0.4070549059059717,-0.2685346671830286,0.11904759955750843,-0.1607907403235886,-0.5088613263982832,-0.28942660841731066,-0.15329565102369538,-0.20882997275045564,0
-1.5114113850607322,1.0317440516057692,-0.15484123025532542,-0.13478617003801185,0,1,0,1,0,0,-0.00340319948767178,-0.4815291972268634,-0.6943490651242283,0.2455837479284279,-1.0808064186168236,-0.5601219461184832,-1.5845934312800085,-1.340720199795808,1.1939475769568588,-1.777092613431452,-1.2206880862259466,-0.8223038221932097,0.9671865343169416,-0.6830258582054146,-0.8827467229501549,1.5731518803370108,-1.3797378770085602,-0.730449667328563,-0.6862106428504532,-0.440948977121442,1.5209443498052309,0.9558642613700747,-0.051300409630901884,1.032613011662699,0.8738123668159368,0.440948977121442,0.6862106428504524,-0.7317251853070371,-0.9349191994684248,-0.5187244289600577,0.31780175266252825,-0.27233314020935756,-1.2851844898232538,-0.38327221085833024,-0.09793149585751397,-0.728375060954584,1.916425945893794,1.413983630027056,1.172933525640331,0.9618552383792308,1.3792126780187515,0.9821281108913258,-0.20711139779498602,-0.4316415915936655,1.5232025883508855,0
-1.2544087614883548,-0.2566442469673251,-0.4445202009343899,0.5985369837740325,1,0,0,1,0,0,-0.05387894750420167,-0.4448964562903387,-0.5664172509504457,-0.11317903722997104,-0.6640740481092146,-0.25468933536330174,0.1839665654301111,1.818686030831652,0.9421991450951247,-0.025616922839413286,0.2880120255239375,1.0059530546600322,0.20198165694286052,0.036911254901083136,1.9200873043196995,0.7790832255422557,-0.5489940375506274,-0.3712886711209751,0.39961991949913633,0.9756618166055823,-0.21892869648819682,-0.5727023421694645,-0.5051142880331168,-0.5097662799207399,-0.736920860721545,-0.9756618166055823,-0.39961991949913706,-0.14682239923337803,1.391607501712964,-0.6824813981130464,-0.21193876761858224,-0.40887938209301433,-1.0646495331783645,0.35076067714292497,0.17890935030013266,-0.6663639641110671,0.22331042096616224,-0.02767187758659086,1.9848997861547546,1.3508433793738719,1.0238272737859035,1.5214221626769286,0.4514102871836102,1.127095675598167,1.5850608941045057,1
-0.25209852955608386,-1.2873548858258006,1.0038746524609323,-0.8681093238500562,1,0,0,1,0,0,-0.4576849316364408,-0.17160457946229762,0.8792122492132983,-0.6368569736305372,0.983657973023454,0.3602006204029859,-0.5129108432702566,-2.078468422043444,-1.260080307422679,-1.3945480350188177,-1.5959514460634725,-0.5129430454010263,0.5983893971643622,-0.8380985617539927,-0.9672179002100567,1.1840464941028117,-1.0688602891105583,-0.8865279568551225,-0.37315522795503414,-0.3295023237687909,-0.12420319468886386,1.883825478100604,2.912424530751726,0.8240808605339489,1.2092930419412684,0.32950232376879157,0.3731552279550334,-0.8152827261747027,-0.9349191994684248,-0.16391766246191838,0.459927258103802,-0.01630893667750248,-1.1591645145976028,0.5138790966987595,0.7879592118469556,-0.35630847989348147,-0.6093693453916895,0.5793409677244183,-2.084054732827641,-0.6848612251647502,-0.3469449996836519,-3.0784388672590977,-0.6186874509066087,-0.8213259083916238,-2.002720839605417,0
0.8787130141623758,0.4133176682906843,-0.4445202009343899,-0.4281154315628296,1,0,0,1,0,0,-0.23054406556205628,-0.36058300492849626,-0.5024513438635544,-0.15079126470625479,-0.36610906074714133,-0.16077886939172326,0.08740430770663789,0.8128639737546516,-1.4715541467373683,0.6486929321846049,0.06170933762742168,-0.14351805729417383,-0.8689418485778091,-0.1187995557737727,0.044984774112695795,-1.182733980697204,0.22046176744812315,-0.1334284716870853,0.271474372857786,-0.4649864905896614,-0.24024093387952491,-1.0706165548799524,0.8231302277752983,-0.6577361864439346,-0.21049209404766908,0.4649864905896614,-0.2714743728577867,-0.06326485836571254,0.11577027848446049,0.23637715102316323,-0.43158727602782254,-0.32353798091572933,0.9831750642384596,0.18764225758709038,0.06817301183707392,0.07776919801113909,-0.3318094232724056,-1.0899443568808573,-0.4509989953885172,0.015317428625603584,-0.24540631275998087,-0.7309235830158842,1.0276167615398821,0.848749735028197,-0.5181215015185524,0
-0.38059984134227254,0.38754990231922204,-0.8790386569529866,0.5985369837740325,1,0,0,1,0,0,0.059691485532990585,-0.49432158295072914,-0.6047967952025805,0.01412388653591246,-0.8453026434326681,-0.39108310736964186,-1.1205573373533935,-0.8936056926531358,0.8629255566853928,-1.2953049824097573,-0.8779413943310262,0.06587073607778665,1.0678365871208326,-1.202903540588022,-0.023814849002351608,-0.42307874735308926,-0.35114889091330864,-0.5004862259378092,-0.31054414497595056,0.3978337296906128,0.35623521060446633,1.2026446642273467,-1.6048014836972058,1.4016802358281557,0.6527394227686263,-0.3978337296906128,0.3105441449759499,-1.0659553487776992,0.19081952690966666,0.6730624020977969,0.33072225315718967,0.17144214591252482,0.6366201323679207,0.5954383064766764,0.8433273810784847,0.7598912632898273,0.5008703430854462,1.413983630027056,0.6164173246135901,-0.37367071236903754,0.17767154942198057,1.7117612397777302,-0.7833178721512579,-0.7099875321636356,0.7190446135538346,0
0.004904094016293398,1.0317440516057692,-0.4445202009343899,1.0385308760612593,0,1,0,0,1,0,-0.11697363252486404,-0.415822852372462,-0.6559695208720935,0.14721330683660885,-0.8476164495317695,-0.43356641340440355,-1.9593174680831993,0.38152624906454186,0.6029666666615746,-0.8050768018840069,-0.6204815577742404,-2.0906201088898713,-0.10256936982686629,-0.7873237751393782,2.0793018639288703,-0.34064548873153294,-0.4023899464936036,-1.0882193567438796,-1.4375436385994584,-1.4256182035304013,1.9377939950789793,1.5593422113160256,-1.1665914972787703,0.6886038372485516,-0.2557779833594229,1.4256182035304013,1.4375436385994576,-0.8431352397972577,1.5417059985633763,-0.6551885699208807,-0.7158382869103699,-0.8185181077439823,-0.8756195703398886,-0.46483142063624716,0.2342775195316623,-0.6663639641110671,2.110717891377293,1.793366658346437,0.6529101902546883,-0.10137901367278856,0.17767154942198057,0.8235122133073248,1.439192814651505,0.7374113588002092,-0.023255055489598248,1
-1.5114113850607322,-0.87507063028241,-0.15484123025532542,-0.13478617003801185,1,0,0,1,0,0,-0.6595879237025604,0.24124059617155166,0.9175917934654332,-0.6409075212049062,1.4997203405626247,0.680837782791661,0.5828193695753957,-2.1593960401214463,-0.31245069572301093,0.41365467863484195,1.1072020852142406,1.6280887792301961,-0.6508961103328271,0.658567780329348,-0.5917126944736317,0.15872477517208283,0.8609111800962562,0.9474741664996952,1.205075863690145,1.0253393444399002,-0.15239135435348192,2.371074045521401,0.5866336599026043,0.2948440051316831,-0.5143928243649959,-1.0253393444399008,-1.2050758636901457,0.9951306592913848,-0.25947596364157,1.1643333095567605,1.0801112818475405,1.434494883336343,0.9516700704320475,-0.13859458152457876,-0.6516131881728072,1.2559800380379649,-0.08200549336504998,2.400379503657447,0.3062279666642602,0.5728670973845897,0.6684418695530556,-1.1116017372174867,-0.5363722402842841,-0.09762646290970158,0.2860364732784985,1
0.46750881644657266,-0.17934094905293926,0.27967722576327125,1.7718540298733036,1,0,0,1,0,0,-0.5207796166571032,-0.13090153397727022,0.16279408984011548,-0.5141832470925041,0.7543756323989916,0.2966992576983947,0.259363367247722,0.2492935674420071,-0.5850736596261805,0.049119769329068676,0.031128579722065224,0.06650974765437709,-0.42278583886859006,0.04470236759107222,0.7948743732171145,-0.9501401798653225,0.03551357798673121,-0.429700083320207,0.2430696413654208,-0.15036214763897582,-0.31598499677728475,0.4541244527894114,-0.1549839568024067,-0.031142983406504385,-0.4599871752181525,0.15036214763897582,-0.24306964136542153,0.15955525061472892,0.9413120111617277,0.49111021415003275,-0.10857476366129187,-0.08458205761933026,0.7941451013999841,0.4323198869208419,0.34501385799472056,0.3258135853852078,-0.05424950115312168,0.8828473903799233,1.2003031748711541,0.9229564242797662,0.854596128913119,0.506280418139323,1.1099319721622063,1.127095675598167,0.6571863078002155,1
0.544609603518286,-0.6946962684821769,-0.4445202009343899,-1.6014324776621007,1,0,0,1,0,0,-0.14221150653312897,-0.40303046664859626,-0.7583149722111197,0.4972963471927884,-1.2803870073618515,-0.6942797546493096,-0.42105423627755656,2.790289403527102,-0.43794985423686494,0.2173339503629561,-0.38647120353137004,-0.08173870380871741,0.6579435755196488,-1.14838440747095,2.339364562167533,-1.4369216273182217,-0.16260393987875854,-0.9634997973833336,-0.2118842566452726,0.0986623829151082,-0.5619660038037382,-1.4862357102277262,-0.8452755371125913,-0.4548394290690466,-0.4382385297349978,-0.0986623829151082,0.2118842566452719,-0.9823978079100336,2.7424939733666744,0.9368930746220554,-0.04397226118798574,-0.10165033785478751,1.2037100208833493,1.3294711944779316,1.6184817503198954,0.7598912632898273,-0.44283339212011924,-1.317574173872486,0.5069387276902979,-0.03654765684034838,-0.21156008378542468,1.0455744699249259,0.36909507656128593,0.45906541823023866,0.34789477903211874,0
-0.1749977424843705,-0.8493028643109486,-0.8790386569529866,-1.6014324776621007,1,0,0,1,0,0,-0.44506599463230834,-0.1745119398540853,-0.1442422641769629,-0.4025038639706153,0.3779817566587068,0.1768516154108565,0.2431234649730937,-0.1616296170316434,-1.1570416254572533,0.4292474674065031,0.5265884105215133,0.8027788862034956,0.26778328666229495,-0.9248208711396554,-0.16801668176855078,-1.0298339267008183,-0.37535535192441133,0.00934239875914859,0.5209310369862826,0.5782415939310317,-1.262139213937239,0.05352629836936306,0.5468308835949219,-0.9520815774020995,-0.6754696898155298,-0.5782415939310325,-0.5209310369862833,-0.9823978079100336,-0.40957446049198204,-0.8189455390738695,-1.168055804223513,-1.2281568333949502,0.4790951633358572,0.5138790966987595,0.2896456887631914,-0.728375060954584,-1.0812212129944723,0.4275877563966659,1.136440659999233,1.2860120225414318,0.7530574419894479,0.31594134103852145,0.4514102871836102,0.848749735028197,0.904619530814692,0
-0.14929748012713334,1.1348151154916164,-0.15484123025532542,-0.8681093238500562,1,0,0,0,1,0,-0.5081606796529707,-0.14543833593620858,-0.09306953850744984,-0.43201499629816104,0.5391829959276798,0.2220180776162347,0.9345223137474772,-0.5182093760648863,0.6390117473885595,0.7625311694435806,0.4664910874187142,0.5488707282362268,-0.07471353791420608,0.8018604972676489,-0.14546997154835042,0.16527890055090155,0.8330514800337707,0.7125236926014415,0.6225629626478131,0.13114384342216406,-0.498266465225522,0.5655300075171239,-0.7074611100831663,-0.20409082799904052,0.08917944384602529,-0.13114384342216406,-0.6225629626478137,0.605195468575612,-0.25947596364157,-0.3913578973966235,-0.25070026910256554,0.08610074473523979,-0.37153966943728567,-0.13859458152457876,-0.4301405112466897,-0.23228628620644656,-0.5538573609678327,0.35171115073279,-0.43275256256796935,-0.7107937678977266,-0.7361766328910565,0.506280418139323,-0.28942660841731066,-0.26463402725168356,-0.08511336124321738,1
-1.0231064002732158,-1.8027102052550381,0.5693561964423357,0.3052077222492148,1,0,0,1,0,0,-0.36935237260751347,-0.22684442690626339,-0.7071422465416066,0.3265946994158083,-0.7525274697403103,-0.42685852297786225,-0.5055316671459543,-0.26392697922427744,-1.6258704715318895,-0.8029352436416539,-1.2309886422717338,-0.8280508933501451,0.9153080973503599,0.1136157162843968,-0.5312499918550542,-1.4198516388393982,0.2630491040949028,-0.004497274648465592,-0.4194329849395745,-0.7133741297612541,0.8164775741899071,-0.1699465178221492,0.7958054345037621,1.3455487018700818,1.5959548104390147,0.7133741297612541,0.41943298493957376,0.18740776423728422,-0.40957446049198204,0.33645085439443295,-0.4832692780064673,-0.3576745413866426,1.3927399837218248,-0.22015379130249568,-0.04256332662598434,0.5118468759157585,0.5563823275093027,-0.3311783002420958,-0.5513543759015367,-0.08841274230630035,0.4484413812184362,-0.6040308649486834,-1.1948939252628807,-1.545025353873546,-0.20882997275045564,1
-1.5628119097752085,0.3617821363477598,0.27967722576327125,-0.8681093238500562,0,1,0,1,0,0,0.7537330207602766,-0.6315489934431072,-0.630383158037337,0.025696879605538233,-1.2922481779456862,-0.5055644373159471,0.35605842390847836,-0.39658719855157343,1.8361160406653894,0.6353829873110864,0.3773268586731022,0.26538981218442226,-0.6341432914917866,0.27769293364642755,-0.5633144970094878,0.7740505987233561,1.21349029973569,0.7825278069929075,-0.16027754582615011,0.5209213695068188,-0.21764039852432082,-0.019987720894476955,-1.7321859352792526,0.34491478444842355,0.27344270062743486,-0.5209213695068188,0.16027754582614942,0.4241541300290032,-0.3720498362793791,0.6048303316173853,0.944446026653598,1.4600973036895282,-0.5605696322757617,-1.0357458890816678,-1.0945585420250417,0.9149190053986201,-0.16527347000083534,0.04820472807728505,0.21499580256151593,-0.7367263106307022,-0.5669454880182719,1.8069307783281299,-0.4540570296619595,-0.26463402725168356,0.6571863078002155,0
1.7525219343084582,0.49062096620506923,-0.4445202009343899,-1.6014324776621007,0,1,0,0,1,0,0.22373766658671274,-0.5332802122006839,-0.5536240695330674,-0.1247520302995968,-0.8359652222306702,-0.31371877111686536,-0.41333236949116936,0.18673522446978916,1.4240224287457193,-0.414769429811751,0.036244722274772254,-1.2877687870025933,-0.9110372888736337,-1.1663242670760015,-0.9328604144223374,1.129334149093848,-0.9877754178905142,-0.6564617890898841,-1.9977480652544186,0.22497917377587734,-0.5906287438797382,-1.1908190405178547,-0.8118144578599789,-0.4191344547570096,-0.6880270812040106,-0.22497917377587734,1.9977480652544177,-1.2052179168904753,-1.0850176963188372,-1.028190555213798,-0.3669847735545164,-0.71610842633123994,-1.4742144526617298,-1.3619827281933365,-0.7069813574043363,-0.9764194483286528,-0.6093693453916895,-1.1658209625447336,-0.2867811000035777,-0.6459624110652865,-0.7530997473783346,0.12560226393772106,0.4514102871836102,0.6260729825722207,-0.5181215015185524,0
-1.6142124344896835,-0.07626988516709207,0.27967722576327125,-1.6014324776621007,1,0,0,0,1,0,1.0565875088594558,-0.6664373181445593,-0.438485436776663,-0.191296740449945,-1.0080156762232388,-0.36469873835857936,0.3848984406182052,-0.07138378777059244,-0.3560003065581513,-0.9473388859092345,-1.3145080206848128,0.0508939022514144,1.6568870705548333,0.3666771057828754,-0.5070250890495877,-0.7428382823892884,-1.067689452625171,-1.207902289378841,-0.10705812529392912,0.17559215780023885,-0.16883120747282335,-0.4099501148336048,-0.2598164896045218,0.22109113303196992,0.5296433197146287,-0.17559215780023885,0.10705812529392841,0.577342954953057,-0.25947596364157,0.8186241524560076,0.26611975068388355,-0.18699173903207253,0.8571550890128092,1.247911984700014,1.4523772426253072,0.44983577907224165,0.0012624832707351544,-0.17942508891434333,0.7441423543574326,0.4821031978191731,0.549980068142106,1.1724671879921262,-0.7010026615289333,-0.7099875321636356,0.8427612250610729,0
0.3904080293748593,-1.7254069073406524,0.5693561964423357,-0.8681093238500562,1,0,0,1,0,0,-0.785777293743885,0.7383992231672435,-0.4001058925245282,-0.21444272658919655,1.4350827726849007,0.733606520813786,1.4165791946842012,-0.6805710368900222,-1.2661866724982485,1.9117944184223359,1.1790371595736895,0.6571738131172741,-0.8924938804127107,0.6745203200619867,0.12050056897373071,-1.3278873600307188,1.0912714034541449,0.3453738094415081,0.13286549185952784,0.7645323233097278,-1.2958150973939762,1.0548199311891326,0.39652086294766453,-1.5006248772062005,-1.1956157485661782,-0.764532323309727,-0.13286549185952856,0.4102278732177254,-0.10937746679115769,-0.6369933511261053,-1.168055804223513,-0.7502449868021539,0.29006520049738066,-0.38327221085833024,-0.4855086804782194,-0.6663639641110671,-1.2477571662660425,0.8069707847160468,-0.378013264106322,-0.127311556405765,-0.7023304039164997,-0.635754044465484,0.12214944469431245,0.5704037944582268,-0.7036964187794109,1
0.10770514344524394,-0.5916252045963298,-0.8790386569529866,-1.8947617391869185,1,0,0,1,0,0,-0.7226826087232228,0.4883662294735037,-0.2210013526812325,-0.36199838822692515,1.1175126584797501,0.6553477991708039,0.6345730544870786,-1.029883491158285,-0.19740509319978888,1.456914071320447,1.416304755393111,0.010564284123762747,-1.2246190543957207,0.894427405756253,-0.5835184071450611,-1.0374838969137647,1.5908411420049653,1.227010542398744,0.05260013630273529,-0.037759751214519306,0.011312045629813599,0.8289914817757392,-0.77271188631886,-0.3907460735417055,-0.6433285704744593,0.037759751214519306,-0.052600136302735995,1.0229831729139398,-0.40957446049198204,0.5365982611369737,-0.12149526415595328,0.512807750621665,1.487254965141063,-0.46483142063624716,-0.5408768497097485,1.2559800380379649,-0.10976148557697851,0.5793409677244183,-0.44187577897824326,-0.7496925819971905,-0.8377153198147269,-0.0012904541294803558,0.28677986593896093,0.29205785388825667,-0.5799798072721716,1
-1.6399126968469209,0.05256894469021735,-1.6032360836506476,-0.8681093238500562,1,0,0,1,0,0,0.3877838476404349,-0.5815423947043593,-0.5152445252809326,-0.15079126470625479,-0.853153591883238,-0.33071209353077,-0.3529685427421004,0.9341026150172926,-2.213666327213574,0.3541279462730741,-0.8266771718882052,-0.4655382661423524,0.526610239731368,-0.5062952266918864,-0.1945819853862704,-1.2064837124840748,0.014390549064095511,-0.5419839274542018,-0.8079054238520536,0.16633209230480636,-0.015072874125940772,-1.477013115437919,1.8137562493610795,-0.46413458686896364,0.5455789942196689,-0.16633209230480636,0.8079054238520529,-0.48105256270404034,-0.18442671521636386,8.501521796685712e-4,-0.6239591722816673,-0.5833551356110187,0.5596079252855788,0.051710241290561454,0.5049663468858057,0.139780294854656,0.08453045990652028,-1.317574173872486,0.44307621281837667,1.3638096507403592,1.0576735027604598,-0.44541496736468245,0.03983423407198747,0.1250502895462747,0.8427612250610729,1
1.0329145883058024,-0.2566442469673251,1.0038746524609323,-0.4281154315628296,1,0,0,1,0,0,-0.571255364673633,-0.012862702070690785,-0.11865590134220637,-0.4297003976842359,0.6574573305070168,0.32218924131925175,0.7932360506711829,0.1864864763262555,0.9610122977275719,-0.10414712063777945,0.39435733181023114,0.12593305553430947,-0.7002230492484655,1.01452362668356,-0.08891065548646751,0.219425097888356,0.5672880563799368,0.7032853721593267,0.18286856865026183,-0.009609152108407288,-0.0893139839497939,-0.34502728411929984,-1.09323494299411,0.7032091668964207,0.17393743713878193,0.009609152108406583,-0.18286856865026252,1.2736557955169365,0.19081952690966666,0.8823074182377254,0.8733832739329616,1.0931292786272029,0.6681251261743327,-0.05703537174666111,-0.1532996650890431,1.1939689411944467,0.27882240539001907,0.12408133374116129,1.5743550476924053,0.6506647255835172,0.9222885868622325,1.9338234963953311,1.0276167615398821,1.127095675598167,1.5850608941045057,0
-0.25209852955608386,-1.4934970135974959,0.27967722576327125,-1.161438585374874,1,0,0,1,0,0,-0.5586364276695006,-0.07856904692509216,0.23955317834438508,-0.5373292332317556,0.8861324603537513,0.3548343080617528,0.9160352436823569,0.8484277737784518,1.228571746167826,0.6389732778351811,0.7803045466048578,0.33521520298205226,-0.7582842564196478,0.4235871098444507,0.8785609323829269,-0.20567987768440815,0.3357567950641804,-0.340808987755363,-0.5029586926677684,0.9560218637408522,-0.8505260559286804,-0.28437069016631283,-1.88618717578959,-0.5302809847022228,-1.347167770210441,-0.9560218637408522,0.5029586926677676,0.6887530094432773,1.2415090048625523,0.9914787310063841,0.7183372679970265,0.8371050750953478,0.25856020669096863,0.35076067714292497,0.6772228733838963,1.13195784435093,-0.8314172830871166,-0.3311783002420958,-0.21379536872138252,-1.1257144516253432,-1.2269469530221315,0.5380035976561225,0.28677986593896093,0.9044189231421907,-0.332546584257695,1
-1.1516077120594044,1.3151894772918502,-0.4445202009343899,1.7718540298733036,1,0,0,1,0,0,-0.7983962307480176,0.7878243498276338,-0.2593808969333673,-0.3446388986224865,1.7999728681305163,0.87223625629563994,0.111155051700715,0.2706946410950707,-0.7315447933207345,0.2506167814619258,-0.22454715986478765,0.9405259821957301,0.930172856522078,0.6583680577763891,-0.30434834408448286,-0.6714186556128668,0.96849187003369,0.7347970965190544,1.578223524893075,-0.28249761283093816,0.5032698008121514,-0.676426380026117,0.3253352418424628,0.6217728564708527,1.0093086533387448,0.28249761283093816,-1.5782235248930756,0.4659329004628361,-0.40957446049198204,-0.4277483349861756,-0.6899972859210471,-0.3064697006802721,0.29006520049738066,0.8401159358104279,0.12354118106860354,-0.5423417704240322,0.16779843654230542,-0.8623145398892288,-0.934529465133063,-0.6459624110652865,-0.38079122865820925,-0.4771381468814831,-0.9479482933959068,-1.1553410370755877,-0.8892713360402683,1
-0.4577006284139859,-1.41619371568311,0.5693561964423357,-0.8681093238500562,1,0,0,1,0,0,-0.4703038686405733,-0.16869721907050997,-0.8478672421327675,1.8050445640605006,-2.2279139036323348,-1.524716589455125,0.778793827681616,-1.1145691363203925,0.7540511101644322,0.6594365908791979,0.41758372193487114,-0.8602711752619028,-1.040919790460833,1.7689035016966403,0.08802374719496615,-0.6744860998093624,2.0002030550059238,1.348307655402179,0.6006469349749696,-1.7690215962405276,0.6845357612060218,1.6179613756921185,-1.708606611573416,1.092510819093515,0.7734807086279654,1.7690215962405276,-0.6006469349749702,1.3850658500071569,-0.10937746679115769,-0.555114866549611,-0.7933612898783374,-0.05044549714841698,0.06953024385249205,-0.9541866793037505,-1.2606630497196296,-0.35630847989348147,0.4731143508735179,1.2622304186993043,-0.4601222117987924,-1.21647835119076,-0.7869459763528921,1.1724671879921262,0.6983559190505837,-0.09762646290970158,-0.6418381130257917,0
1.0329145883058024,-1.2615871198543382,-0.15484123025532542,-0.4281154315628296,1,0,0,1,0,0,-0.6722068607066928,0.24414795656333935,-0.06748317567269331,-0.4401160914468991,1.017050743003977,0.5278978810665188,1.0021841958200968,-0.5921832614901269,-0.7328528234933734,0.7473462244678077,0.4927217578024122,0.30988983893848915,-0.48436223622152297,1.5742315411742083,0.8419843785726955,-0.16280273544414905,0.9293963759323085,0.8154907978904377,0.5581846313588362,-0.13094794135889734,0.17939208718068952,1.656271577725086,0.838233311944941,-0.08804299743693292,0.15560562506865172,0.13094794135889734,-0.5581846313588369,2.0256736633259265,1.3165582532877582,1.2553094035306427,0.9638267773955896,1.349153482159058,1.1722050270769362,-0.05703537174666111,-0.319404172783631,1.5040244254120325,-0.1375174777889068,0.9587239960437993,-1.0896241441077272,-0.5551985114998699,-0.5500223735309933,-1.238494455284687,-0.5363722402842841,-0.6543183440496418,-0.8892713360402683,0
0.004904094016293398,0.38754990231922204,-0.4445202009343899,0.5985369837740325,0,1,0,1,0,0,-0.11697363252486404,-0.415822852372462,-0.6047967952025805,0.01412388653591246,-0.7007261468688584,-0.33071209353077,-0.9311188077225441,0.7244553270214716,1.0619839824922068,-1.5757057998022004,-1.407380535444246,-0.4895484022066319,1.3398509045781046,-0.7949238832832901,2.0371272419372004,-0.25840291923849384,-0.17087373699182515,-0.8856778120526568,-1.2497103896622064,0.5717619163874247,0.5004647902088715,1.04641167921182,-1.711437694293012,1.9592414068697734,0.9649716236263277,-0.5717619163874247,1.2497103896622048,-0.8988402670423681,1.3165582532877582,-0.982702508226857,-0.9484072958142716,-0.9550643496276378,-1.1276595207911904,-0.6279498401920818,-0.09793149585751397,-0.9764194483286528,0.44535835866158957,0.9587239960437993,-0.031331040515893936,-0.9052878383950472,-0.1777138548108673,1.2041903675089267,-1.3595243465075295,-1.32234860141757,0.038603250264021984,1
0.46750881644657266,-1.5192647795689571,0.27967722576327125,-0.13478617003801185,1,0,0,1,0,0,-0.5207796166571032,-0.13090153397727022,-0.68155588370685,0.24269049966102146,-0.39298124726146477,-0.28822878749600833,-0.5422805104909689,0.9271557708303605,-0.759580021482471,-0.5403857063059992,-0.8253406637429836,-0.6325708695949893,0.9650069902405689,-0.11228942670317302,0.5208906547600652,-0.7401393451275352,-0.013741092985297194,-0.25070054397699476,0.5834470145228646,-1.4414068652642016,0.6418559783131113,-0.750733569233769,0.2946026723610498,0.7164007938552053,0.8282229984292571,1.4414068652642016,-0.5834470145228654,0.0759977097470634,0.7912135143113154,0.8004289336612322,0.2531992501892221,0.2397152668543526,1.0461850518512859,0.758556726032511,0.5111183656893089,0.6358690696027934,1.0004782029001573,-0.4070549059059717,1.2641656897430753,1.2471132084419672,1.5145975939169787,0.886958572340925,-0.04248097655033679,-0.6543183440496418,1.2139110595827887,0
0.23620645523143258,0.2587110724619126,-0.8790386569529866,-0.13478617003801185,1,0,0,1,0,0,-0.40720918361991093,-0.2152149853391127,-0.7839013350458762,0.6217060226912655,-1.1531482284226375,-0.6459829435782121,0.001434753185691354,-0.1057705612477515,-0.5601758888498465,-0.2261388826908078,-0.29945970211875905,-0.7860310013722552,-0.35447300301397033,-1.1777687501874217,-0.11121182247024605,-0.5091578290822858,-1.16184794402627,-1.0819223165680858,-0.5745260083472232,-0.5022446364654003,-1.17880771719186,0.03376385232416026,0.2541246908272535,-0.8465694916495942,-0.6669742839544331,0.5022446364654003,0.57452600834722245,-1.2330704305130304,-0.4846237089171882,-1.2101427431615621,-1.2455788071914804,-1.552454157868633,-0.655084613695,-0.05703537174666111,0.2342775195316623,-1.1004416420156866,-1.192245181842186,-0.2553016945782196,-0.8524205174405927,-0.6070635969658218,-0.8715615487892844,-0.826093121566285,0.7806711296729086,0.5704037944582268,-1.198562864808365,0
-0.6890029896291251,-0.8493028643109486,-1.6032360836506476,-1.6014324776621007,1,0,0,1,0,0,-0.7353015457273552,0.4970883106488667,-0.1442422641769629,-0.4025038639706153,1.269648225209414,0.6933591782545381,0.49286552123576916,-0.8487847485414571,-1.1355517443911594,0.3309752004310566,-0.16623181386171146,0.6557060542050953,0.3678271476155609,-0.5640610624992962,-1.5463869463458992,-0.9608794006718113,-0.44519472122815446,-0.6508016952374825,0.010024599876957354,0.8843625762614299,-1.2489446724759246,-0.3841527911616424,0.5867461449723067,-0.8885736078145791,-0.4192716877438681,-0.8843625762614299,-0.010024599876958064,-0.5646101035717058,-1.4602639384448675,-0.16391766246191838,-0.625394783447741,-0.7502449868021539,0.41608517572303205,0.2692014673650073,0.2896456887631914,-0.35630847989348147,-1.1367331974183288,-0.2553016945782196,0.37921369794645543,0.6376984542170299,0.2115177783965368,-0.0012904541294803558,-0.20711139779498602,0.23638866577426285,0.47161139053935697,0
-0.14929748012713334,-1.0296772261111817,-0.15484123025532542,0.5985369837740325,1,0,0,1,0,0,-0.5081606796529707,-0.14543833593620858,-0.38731271110714993,-0.22312247139141586,0.2209542752069064,0.060581514684140296,0.3417441838252208,0.4268294226696816,1.0366966542418703,0.27935086135548076,0.35139052254767117,0.9905175527950333,0.2781047929870262,0.59664154538408265,0.17812296661468274,-0.3328138437864434,0.7020015267512463,0.4259869221901445,0.4292298816076853,0.9252428331319453,0.12095359555009386,-0.40739710006284685,-1.7516448724527738,0.3187077056588101,-0.04093157110995772,-0.9252428331319453,-0.42922988160768605,0.438080386840281,0.04072103005925432,-0.3458698504096825,-0.4574282770171454,-0.1699234587966153,-0.05648973137315825,-0.05703537174666111,-0.26403600355210183,-0.29429738304996345,0.22331042096616224,-0.2553016945782196,0.4613226456389258,-0.5681647828663581,-0.4146374576327655,1.7434844192945298,-0.5363722402842841,-0.15329565102369538,0.7809029193074537,0
-0.07219669305541997,0.38754990231922204,-1.6032360836506476,0.5985369837740325,0,1,0,1,0,0,-0.4198281206240434,-0.194863462596599,-0.8094876978806327,0.7374359533875232,-1.4004051235104358,-0.7197697382701665,-0.5040103073402473,-0.3527457604078875,0.5387667226343867,-0.806800399563084,0.10784926589780512,0.16135381204160487,-0.3340824025995326,-0.23516211236636814,-0.1939846174477765,-0.4367790930496956,0.05912222734235654,0.49023871398809454,-0.20509389995854704,0.4234769879856554,0.4658673894820234,0.2898250950403811,-1.1754330243330444,1.1485598779727137,0.33841335929705585,-0.4234769879856554,0.20509389995854635,-0.06326485836571254,0.04072103005925432,0.74584327727690225,0.3824042551358344,0.39332978897346543,1.424244977528238,-0.709509049969999,-0.7069813574043363,0.8219023601333442,0.11228645211844858,-0.1035484832504671,-1.0166384128255321,-1.385039878955104,-0.939254006738398,-0.1916295312302808,-1.0302635040182315,-0.9883334727336057,-1.0129879475475077,1
0.10770514344524394,-1.6481036094262664,-0.8790386569529866,-1.6014324776621007,1,0,0,1,0,0,-0.7226826087232228,0.4883662294735037,0.38027817393554597,-0.5760987600150019,1.5537450136734845,0.8208090963588232,0.949682442698303,0.023618342409674763,-0.253737647464111,1.4484685574333498,1.05566422430015,0.4709710943943475,-0.8326965166946566,0.8294300638752656,-0.3034186857373627,-1.266283367037135,2.0921450675976168,1.039643723944191,0.004530982273630621,0.6378546273322141,-0.4917998074580661,-0.3363750947691797,-0.9256247996249981,0.11774766220836934,-0.3574054475643798,-0.6378546273322141,-0.00453098227363133,0.8001630639334981,-0.25947596364157,0.09081540066495114,-0.5866332819637576,0.20557870638343811,0.8256500952063961,-0.38327221085833024,-0.4301405112466897,0.7598912632898273,-0.5261013687559044,-0.4070549059059717,-0.31415074923440073,-0.723760039264214,-0.6346379459673855,0.15732544345452057,-0.04248097655033679,0.29205785388825667,-0.1469716669968365,1
1.3670179989498932,-0.2566442469673251,-0.8790386569529866,-0.4281154315628296,1,0,0,1,0,0,-0.7100636717190902,0.459292625555627,-0.11865590134220637,-0.4297003976842359,1.1458577368031124,0.6853097097426885,-0.11814993777339824,-0.02123069774630362,1.4264457299821465,-0.674059544273823,0.1378389103187935,-0.007810415832896748,-0.701357614918824,-0.5708602669036738,-0.5025744550339073,0.8886074244540116,-0.3530855313438285,0.3219019157094053,-0.018359091073560794,0.007555847346540335,-0.4061064878865097,-0.47432825738997675,-1.05703433449746,0.560497388820332,0.13507723335809213,-0.007555847346540335,0.018359091073560086,-0.7038726716844818,-0.7097714541928067,-0.9099216330477515,-0.3669847735545164,-0.47715250303484213,-0.844114576533476,-0.7910682597479163,-0.8730858650989243,-0.6663639641110671,-0.24854144663662048,-0.2553016945782196,0.7076494887163344,0.002351157259115363,0.22844089288381547,1.267636726542527,0.6160407084282594,0.6817421706862145,0.6571863078002155,1
0.4161082917320974,0.0010334127472937634,-0.4445202009343899,-0.4281154315628296,1,0,0,0,1,0,-0.48292280564470574,-0.1541604171115716,-0.13144908275958464,-0.41118360877283466,0.4566342066479835,0.19921125016599422,0.4394744866236556,-2.01124122687606,0.8455208615979186,-0.36575752951418805,0.4707888802803057,0.8995857585847719,0.18715638740815224,-0.0689519451814444,-1.3556785328969214,1.117889540338585,-0.7140831132984642,0.061939698802270474,0.3041828515459622,0.9252428331319453,-0.6799959428346767,1.4024027087685331,-0.03248416373689464,-0.21395776587862134,-0.5515765414078,-0.9252428331319453,-0.3041828515459622,-0.14682239923337803,-1.3101654415944555,-0.30947941282012914,0.29196075167320634,-0.01630893667750248,-0.5920746260821743,0.5138790966987595,0.40038202722625016,-0.35630847989348147,-0.8036612908751883,0.8069707847160468,-0.989268763594709,-0.8534227529290943,-0.8715615487892844,-1.016432198667086,-0.5363722402842841,-0.15329565102369538,-0.9511296417938885,1
-1.0231064002732158,-0.8493028643109486,0.5693561964423357,-1.6014324776621007,1,0,0,1,0,0,-0.36935237260751347,-0.22684442690626339,-0.1442422641769629,-0.4025038639706153,0.26151231302574107,0.1366042728516086,1.0479244048181324,0.30991206292226026,-1.9429197743395177,0.827927739454095,-0.14212413017155287,0.038990575192889315,-0.059896878178155394,0.15988034225407186,0.05292269698646605,-1.9806611275749986,0.5760348799142897,-0.0811451643642045,-0.604544012877736,0.6527578856825103,-1.2974138400403783,-0.3723472362609128,0.6656630007379434,-0.5472906361426532,0.10554587051249274,-0.6527578856825103,0.6045440128777353,0.38237535959517033,0.340918023760079,0.8914050276351143,-0.39282577454383927,-0.15285517856115927,2.1488598350757298,-0.30171300108041293,-0.04256332662598434,1.13195784435093,-1.1644891896302574,-0.17942508891434333,0.6072941082033162,0.8840576101803024,0.5838262971166633,0.3476645205553221,-0.37174181903963527,-0.09762646290970158,0.7809029193074537,1
0.3647077670176212,-0.07626988516709207,-0.8790386569529866,-1.6014324776621007,1,0,0,0,1,0,-0.6091121756860305,0.02318856678747634,-0.438485436776663,-0.191296740449945,0.3877053774361472,0.16567179803328763,-0.13661619147636225,0.1470434763061189,-1.2221512205010985,-0.39949674565504917,-0.5512292009832787,-1.1089932740396389,0.3478815537486494,-0.31560522323667223,0.44982808641972155,-2.3351728334721487,-0.32613294712061214,-0.2931419210525822,-1.2315329784747313,-0.29111514316954507,-0.12538088054045174,0.24880611627092608,-0.6759018336967153,0.21630648234517866,0.43042892779772685,0.29111514316954507,1.2315329784747306,-0.4253475354589299,0.19081952690966666,-0.5824076947417753,-1.6073528210419945,-1.6207272788104614,1.4557499713346498,-0.8726274695258333,-0.4301405112466897,-0.29429738304996345,0.0012624832707351544,0.4275877563966659,0.5525548097416701,0.09311505682453199,0.17767154942198057,1.331083085576127,-0.37174181903963527,-0.5429799678216537,0.5334696962929761,0
-0.25209852955608386,0.28447883843337485,0.27967722576327125,-0.13478617003801185,1,0,0,1,0,0,-0.5586364276695006,-0.07856904692509216,0.11162136417060241,-0.506082151943766,0.8047602167982526,0.3306859025262041,0.7605031027536155,0.012849521529381487,0.7818470835782467,0.2884946006269026,0.017157549134480487,-0.9893167004069393,-0.6119815596949609,0.5684075708982264,0.7486485200941505,-0.15484810030413826,0.3326713575686807,-0.32012433355450426,-0.9197330604481181,-0.4371299329255579,-0.48955192957767435,0.7323432812307943,-1.2244185625956017,-0.059866369796928214,-0.3348447587525368,0.4371299329255579,0.9197330604481174,0.7166055230658329,0.9413120111617277,0.6002815269186915,0.42116575661981864,0.5469443110925782,-0.024984737566746233,-0.22015379130249568,0.2342775195316623,0.7598912632898273,0.029018475482663446,1.793366658346437,2.650894584104789,1.3897421934733356,1.2776739910950803,2.9806884204497375,2.180029710252426,2.073471873536065,2.389218868901558,1
-1.4086103356317816,-1.132748289997029,-0.8790386569529866,1.0385308760612593,1,0,0,1,0,0,-0.8236341047562825,1.8112152077368942,-0.7711081536284979,0.5522680642735108,1.269648225209414,0.9661467222672184,0.045477593976779494,1.7700962894669472,-1.0340708726705612,-0.43530694066931225,-0.24172452538406775,-0.6822703380759716,0.18648931153431994,0.6979235435692704,1.1332591559310514,-1.8506387741719212,0.6479214816993087,0.791911352315108,0.5364130502320184,-1.462543299520739,0.6341192798800467,-1.2942385635324527,-0.4461039685998236,1.2305394433808585,1.087401024188823,1.462543299520739,-0.5364130502320191,0.24311279148239442,0.491016520610491,-1.1919475243667854,-1.8140808289565742,-1.5353858776331764,0.8571550890128092,-0.5463906304141645,-0.8177176958673952,-1.0384305451721696,0.6674062963570164,-1.1658209625447336,0.269735101023162,-0.010615114107371936,0.4822876101929924,0.7917890337905242,0.2044646553166367,-0.4316415915936655,0.40975308478573785,1
0.4161082917320974,-1.5192647795689571,-0.4445202009343899,-0.13478617003801185,1,0,0,1,0,0,-0.48292280564470574,-0.1541604171115716,-0.68155588370685,0.24269049966102146,-0.46758293208315554,-0.30611649530011853,-0.5955125174201116,-0.4065792508752013,0.6870646116491592,-1.0250340792579675,-0.6886945924918373,-0.8444163026950299,1.5381487936272251,-0.15447566872966076,-1.3715669654007911,1.1563330314305849,-0.773741946534453,0.016026026728739772,0.33216239355632987,-1.4811177417461807,0.6737243837912706,-0.8159628952394031,0.22276283933016802,0.6175256420460635,0.9109829956091695,1.4811177417461807,-0.3321623935563306,-0.20252742647848845,-1.3101654415944555,-0.2185033188462471,0.3953247556304958,0.0519641842643253,-0.5605696322757617,0.8401159358104279,0.7325910426154264,-0.29429738304996345,0.917210226264372,-0.5588081172337243,0.9083602497423721,0.8970238815467907,1.1253659607095745,0.886958572340925,-0.20711139779498602,-0.8213259083916238,0.8427612250610729,0
1.3670179989498932,-0.07626988516709207,-0.8790386569529866,-1.6014324776621007,1,0,0,0,1,0,-0.7100636717190902,0.459292625555627,-0.438485436776663,-0.191296740449945,0.7746319123962297,0.5010663193603535,-0.23562345575269802,-0.3252880858603946,1.237191129046826,-0.11731478671841988,0.16339067709769808,0.40971334824816125,0.30932071227512065,-0.23140891033156546,-0.3666328234735158,1.0612120331320998,0.38197483944464394,0.9732279301646174,1.1921218465220598,-0.6235317921885499,0.09641909433972073,0.0791833922694432,-0.6248659691557409,0.5372444205242759,0.7377517679163106,0.6235317921885499,-1.1921218465220604,-0.45320004908148526,-0.6347222057676005,-1.0372881646111858,-0.40574627503850064,-0.23819657973844427,-1.033144539371952,-0.5463906304141645,-1.0391903727935126,-0.8523972546416179,-0.05424950115312168,-0.1035484832504671,-0.5148615102604385,-0.7367263106307022,-0.4992530300691578,0.47455723862252236,-0.9479482933959068,-1.266679413303576,-0.45626319576493324,1
-0.35489957898503444,1.0059762856343069,0.5693561964423357,-1.6014324776621007,1,0,0,1,0,0,-0.16744938054139394,-0.3925639692381606,0.4954168066919504,-0.5911436510055155,0.44498297934688336,0.15493917335082152,2.0164395416770735,1.103807909160966,-0.5708347106249871,1.919551184268487,1.2933383041632762,-0.1265447783708257,-1.3605862938082576,1.6143240335587157,-0.14864906863680602,-1.035091030749597,1.4812215760606784,0.7937727563445123,-0.671183982935474,0.4930801176436292,-1.1908947149509184,-1.66392436984468,-0.2598164896045218,-1.1244358514105626,-0.9064385366641267,-0.4930801176436292,0.6711839829354733,1.3293608227620468,-0.25947596364157,-0.38226028799923456,-0.8321227913623208,-0.27233314020935756,0.3845801819166189,-1.1988643086375024,-1.0945585420250417,0.015758101167622184,-1.1089772052064004,-1.5452039908641146,0.0872707728176734,-0.06248019957332482,-0.4992530300691578,0.2207718024881207,0.4514102871836102,0.793080546914203,0.16231986177126023,1
-1.1516077120594044,0.4133176682906843,-0.15484123025532542,-1.161438585374874,1,0,0,0,1,0,-0.5586364276695006,-0.0029776767386127034,1.6468031342559943,-0.7057162823948105,1.4283996984561667,0.5431024327000125,-0.4030417968199508,-0.021969539734744217,0.7086761176800439,-0.22428380371388099,-0.1317286541629836,-0.41219871886623244,-0.18364759548652038,-0.3808249232299559,-0.8856175453113738,0.07530090360777887,-0.18193553900178308,0.14077348353709238,-0.946287449071263,0.37632648079799585,0.17992365343513603,-0.8570383326921898,-0.8931138475247379,0.12258878311303831,0.3086916092884599,-0.37632648079799585,0.946287449071263,-0.5367575899491508,-1.009968447893631,-0.8553359766634215,-0.6899972859210471,-0.71610842633123994,-0.43454965705011084,-1.1988643086375024,-0.983822203561983,-0.6663639641110671,0.30041039933263,-0.6852691266735177,0.531267304784363,-0.043751140932841937,0.010320750603338341,1.4685501968155947,-0.20711139779498602,-0.048142740141706566,0.9870972718195186,1
0.3904080293748593,-0.87507063028241,-0.4445202009343899,-0.13478617003801185,1,0,0,1,0,0,0.097548296545388,-0.5059510245178798,-0.09306953850744984,-0.42854309837727333,-0.14935421136238286,-0.05792454951808968,-0.12216415852597028,0.43454955295849934,0.5168423002200037,-0.5642940479236764,-0.390414569775885,0.3387159604522189,0.5573514601010572,-0.7555901582324408,1.2515144333300758,-1.2288495015942282,-1.1580763685360167,-1.283971909088232,0.2792118624399347,0.1850492459657866,-0.5851045470228788,0.6573067866537862,-1.9414159780283402,-0.3860038496773659,-0.7459906027314841,-0.1850492459657866,-0.2792118624399354,-0.7595776989295921,1.0163612595869336,-0.2912841940253525,-0.8579637923516437,-1.2110885531594928,0.41608517572303205,1.3294711944779316,1.2862727349307197,-0.790386157798101,-0.47058938433204756,0.8069707847160468,0.4795690784594736,-0.6589286824317738,-0.7530997473783346,1.6800380602609295,1.1099319721622063,1.3497724280541432,0.34789477903211874,0
-0.6633027272718879,-1.132748289997029,-0.8790386569529866,0.5985369837740325,1,0,0,0,1,0,1.460393492991695,-0.7007441707676538,0.43145089960505906,-0.5830425558567773,-0.3989502905737067,-0.088333652785077,-0.2777044552290143,-1.5666744897708618,-0.09117314804635483,-0.7223788419900499,-0.24057773121357115,-0.5467177118219811,0.02972570921047371,-0.12772110907776718,0.21022498170833206,-0.8586947174076828,-0.4388151634552166,-0.5474434155939236,-1.9484500757087815,1.1867913099014362,0.2585373777733444,2.360908675833343,-0.7382686310939615,0.5407656070433399,-0.22170911100826843,-1.1867913099014362,1.9484500757087815,-0.3766056366194584,-0.18442671521636386,-1.0668553951526976,-1.2843403086754637,-1.3561689351608777,-0.2849009364696507,-1.1376949013040643,-0.4024564266309252,-0.4803306735805153,-0.05424950115312168,1.5657368413548085,-1.0166384128255321,-1.1905458084577836,-0.939254006738398,-0.667477223982284,-0.9479482933959068,-0.5429799678216537,-0.7036964187794109,0
0.2105061928741954,-0.17934094905293926,-0.4445202009343899,0.5985369837740325,1,0,0,1,0,0,0.5896868397065544,-0.6065456940737333,-0.6175899766199587,0.07488210015144776,-1.184974470347141,-0.5243465305102628,-0.7672732161093513,0.17869025556031773,1.765885763072421,-1.7253961400424391,-1.292307708868851,0.39763700685822095,1.7771412869221113,0.09717258824240738,-0.5102347094238645,2.0160824528774466,-1.427556765334204,-1.0849974481681945,-0.13280945780952072,0.6740482547543618,1.1640057897231804,-0.7563999146027618,-0.3880565607519654,0.9153580201876808,0.620774483028084,-0.674048254754361,0.13280945780952,0.0759977097470634,-0.4846237089171882,-0.027453521501095285,1.0155087793742343,0.3079883877961804,-1.6632444155002057,1.0847935651441794,1.2862727349307197,-0.29429738304996345,1.8331579692580091,-0.2553016945782196,1.9392837041033824,1.3897421934733356,1.7515211967388769,1.7434844192945298,-0.28942660841731066,0.013711913318286572,2.265502257394317,0
-0.5091011531284612,-0.17934094905293926,-0.8790386569529866,-1.6014324776621007,0,1,0,1,0,0,1.220633689913178,-0.6844629525736429,0.6745213465352461,-0.6142896371447669,-0.21290292356234608,-0.051663851786651116,-0.7710043040422239,-0.14235787306079573,-0.13663900585985914,-0.8593447493566728,-1.1746018951858903,-0.695427752634461,0.49543925318775356,-0.6719566112254591,-0.9023899027770363,0.4427853392909925,-1.2280940511230876,-1.4977126691198839,-0.5860329100839196,-0.36726020632542794,0.40068912458322187,-0.7086037465744078,0.6317466623763351,-0.05683772262306317,0.0648150757248395,0.36726020632542794,0.5860329100839188,-0.5924626171942612,-0.7848207026180125,0.2636699792153276,0.459927258103802,-0.08458205761933026,-0.7495995951142377,0.6769975162545934,1.1201682272361313,-0.23228628620644656,0.5603474692538639,-0.5046105417595268,0.66594335655508,0.9173994508369854,0.8376730144258402,-0.04207739922250845,1.086413340555828,0.9680408524153266,0.6041649028685409,1
-1.7427137462758722,-0.6689285025107157,-0.4445202009343899,-0.13478617003801185,1,0,0,1,0,0,0.45087853266109723,-0.5885200596446497,3.335503081349925,-0.7583734008616079,0.7575945980184341,0.1334739239858893,0.09778361110296796,1.2366383759284245,0.13013696631696495,-0.037529677404922655,0.28062562310981387,0.37493631321896687,0.1460347657724559,-0.6168237291586294,1.123347119612912,-0.43669561123189404,-1.5394317052072846,-1.3770878433832876,-0.9813771768947055,1.484686348387369,-0.7522934939186899,-0.5719804960990807,-0.616738567093324,-1.4757739540859962,-1.7092853046169048,-1.4846863483873682,0.9813771768947048,-0.5924626171942612,1.0163612595869336,-0.04564874029587195,-0.26362076959722697,-0.8355863879794388,0.1325402314653172,0.18764225758709038,0.7879592118469556,-0.29429738304996345,-0.859173275299045,-0.7864379342253526,-0.97102233077416,-1.0997819088923677,-1.5146398993058652,-0.7626467625326843,-0.5363722402842841,0.18071947766026855,-1.0129879475475077,1
-0.5862019402001745,-0.35971531085317227,-0.15484123025532542,0.5985369837740325,1,0,0,1,0,0,0.7032572727437467,-0.6228269122677442,-0.1826218084290977,-0.3880376226335831,-0.5601248189271605,-0.1791137698909362,-1.1355138855161995,-0.22353860499952885,1.0442858745396015,-1.3073677698862312,-0.3406096184520935,0.003511594771379904,0.6710458646630214,-0.45471544729177016,-0.30641951321707506,0.11942198712631628,-0.7052647111521053,-0.11755115358884839,0.11588809585456382,-0.11014700605881247,1.1246133820978172,-1.505910254780044e-4,-1.3075661942301047,1.066841097852758,0.32804336366847353,0.11014700605881318,-0.11588809585456454,-0.5646101035717058,-0.4846237089171882,-0.6824813981130464,-0.5220307794904515,-0.7502449868021539,-0.2140147004052217,0.2692014673650073,0.2342775195316623,-0.6043528672675491,0.917210226264372,-0.1035484832504671,-0.3050275328241268,-0.9052878383950472,-0.48232991558187904,0.5380035976561225,-0.28942660841731066,-0.3759724034796717,-0.1469716669968365,0
-1.3572098109173063,-1.158516055968491,0.27967722576327125,-0.13478617003801185,1,0,0,1,0,0,0.059691485532990585,-0.49955483165594694,-0.579210432367824,-3.423548011197542e-4,-0.7825621291948207,-0.3839280242479978,0.31567101373559564,0.4588471997826173,-0.10249572187925358,0.21483399544972737,0.10858446322920963,0.431943455661382,0.6617778277307215,0.26876483544141616,-0.07340202723359703,-0.016698585880149285,0.23818350740894845,0.444487996167677,-0.5252107151899512,1.1100169487029459,-0.17040157207023093,-0.7033147212189041,0.12333461703188207,-0.05404817917345221,0.2927908954622737,-1.1100169487029459,0.52521071518995055,0.0759977097470634,-0.25947596364157,-0.5915053041391644,-0.5091102789957901,-0.3918111018575571,-0.18250970659880966,-0.5463906304141645,-0.3747723420151606,-0.17027518936292965,-0.3595654154843339,-0.8623145398892288,-0.8432973010303187,-0.6589286824317738,-0.6346379459673855,-0.4136917878478824,-1.6064699783745033,-1.4336869776455579,-0.76555472453303,0
-0.6119022025574117,-1.132748289997029,-1.6032360836506476,0.5985369837740325,1,0,0,0,1,0,-0.6974447347149578,0.27322156048121604,0.43145089960505906,-0.5830425558567773,1.4482487547117167,0.660714111512037,-0.4024288343928036,-2.5789471412192424,-0.29762271638598525,-0.5672507535614609,-0.29714377701276656,0.877734260946438,0.5545717215463497,-0.32959846095713147,-1.4452747169991007,-1.0197069225360902,-0.29214897116415794,-0.6132726796665986,0.3210111268130686,0.87874991804355,0.2302561917790405,2.0918414021197513,-0.6178468932683895,0.4766292532647821,-0.21243994483300263,-0.87874991804355,-0.32101112681306926,-0.48105256270404034,-1.4602639384448675,-0.7916527108817039,-1.1422148032341901,-1.176951992688579,-0.08799472517957138,0.10608304780917345,-0.04256332662598434,-1.1004416420156866,-0.08200549336504998,1.33810702436318,-1.0348848456460813,-1.1516469943583196,-0.9223308922511192,-0.7309235830158842,-0.7833178721512579,-0.48731077970765985,-0.7036964187794109,0
-0.1749977424843705,-0.514321906681944,0.5693561964423357,-0.8681093238500562,1,0,0,0,1,0,-0.596493238681898,0.07261369344786675,1.2246281474825116,-0.67851974868119,1.4035425050934065,0.5802194263935411,1.1888616418605598,-0.044536067399923024,-0.6066578086288992,1.5263062839631198,1.3443606870663334,0.1394670521666726,-1.3070193881975118,1.1088879156981553,-0.8052961970214094,-0.20740236341699977,1.016106782240992,0.627802804161762,-0.5252107151899527,0.7111140177770428,-0.545153313370447,-0.7456009017979663,0.6209021741261914,-1.0543872289069696,-1.1348074881849692,-0.7111140177770428,0.525210715189952,1.7471485271003746,-0.3345252120667762,1.846654014360876,1.428964795203394,1.8612018892227682,1.3612349899154128,-0.22015379130249568,0.012804842605544792,2.0621242970036877,-0.5261013687559044,-0.7105613285614767,-0.04957747333644305,0.2746428559553643,-0.1777138548108673,-0.8895394805998851,0.28677986593896093,0.7374113588002092,-0.332546584257695,1
1.4698190483788447,-1.7511746733121147,-0.8790386569529866,-0.4281154315628296,1,0,0,1,0,0,-0.7479204827314877,0.5261619145667434,0.44424408102243734,-0.5830425558567773,1.752265778876868,0.8552429338817352,0.05602717491655564,-0.988464061681729,0.951575513022563,1.075651239241998,1.1672313824217135,1.0529406705313458,-1.2414457743399239,-0.38304239693544945,-0.1579041683550068,0.7625463881781219,0.14559937951428192,0.41422213668647956,0.5174554829923397,0.9228794432816189,-0.46063860034113646,1.1985130161132924,-0.5345500238445486,-1.308761576613843,-1.1130506687541408,-0.9228794432816189,-0.5174554829923405,-0.5367575899491508,-0.40957446049198204,-0.8462383672660339,-0.3669847735545164,-0.2894014204448148,-0.9701345517591269,-0.8726274695258333,-1.149926711256571,-0.728375060954584,-0.47058938433204756,1.0346006017076752,-0.1681792866700104,-0.41256952646850126,-0.8715615487892844,0.1890486229713212,0.03983423407198747,0.5704037944582268,-0.332546584257695,1
-0.38059984134227254,-0.35971531085317227,-0.4445202009343899,0.5985369837740325,1,0,0,1,0,0,-0.06649788450833415,-0.4361743751149757,-0.1826218084290977,-0.3880376226335831,-0.10384186321214041,-0.035564914762951955,-1.1997452294278794,1.3720373456439476,-0.20930365776607726,-1.4052497444397627,-1.7118130073855535,0.32083276182072223,2.6349535672383286,-0.41992057891995127,1.8444983333713918,-1.8259165412415181,-0.7815137282412649,-1.7794862023946925,0.07674090437920666,0.3614669270176405,1.2486952518729766,-0.03538637632380323,-1.5487449213475077,1.123466110533523,0.4881188195422999,-0.3614669270176405,-0.07674090437920737,-0.5924626171942612,1.1664597564373458,-0.973604898829468,-1.6461143225259778,-1.7914100811650315,-0.30852968182446,1.4110304042558486,1.5077454118568363,-1.4725082230767892,0.9727222106882286,-0.17942508891434333,-0.44187577897824326,-1.1257144516253432,-0.685407289429221,0.7600658542737248,-0.8656330827735822,-0.8213259083916238,-0.20882997275045564,0
-1.7170134839186342,-0.35971531085317227,0.27967722576327125,0.5985369837740325,1,0,0,1,0,0,-0.6848257977108253,0.24414795656333935,-0.1826218084290977,-0.3880376226335831,0.966495212783921,0.4876505385072709,0.09376327510509871,0.03932042038340684,1.5183039378719034,0.6314785883101688,1.0173396576402791,1.489481502154925,-0.6677332734881245,1.2297842275972817,-0.2970699825700834,0.6108015424133814,1.4981420517204522,1.5524524923719498,1.2994551316290601,0.7426913412446393,1.0984057936248188,-0.3515666981023202,-1.4617757019046416,0.6324451802360063,0.19307631831782993,-0.7426913412446393,-1.2994551316290608,0.8558680911786088,-0.4846237089171882,-0.7097742263052108,-0.3153027715758717,0.2738518273252659,-0.7180946013078251,-1.0357458890816678,-1.5375038958772762,-0.5423417704240322,0.8061862574166584,-0.482931511569848,-0.5331079430809875,-1.1516469943583196,-0.8715615487892844,0.6331731362065233,-0.8656330827735822,-0.6543183440496418,-0.3944048900113141,0
1.4698190483788447,-0.35971531085317227,-0.8790386569529866,0.5985369837740325,1,0,0,1,0,0,-0.7479204827314877,0.5261619145667434,-0.1826218084290977,-0.3880376226335831,1.3213042971629283,0.7045389956321069,-0.9296071119569014,0.8945569689700429,1.2140087251837655,0.009004554346377015,0.5715808177886598,0.24512828032086048,-0.8741090163959363,-0.17476334660754814,0.3847402089449976,0.35034354595136064,0.7324716436561748,1.1594973366306973,-0.46991781074089073,0.8003845014165709,1.1180198415656804,-0.8423832184195624,-1.3075291201808967,0.7141417714773264,0.3889404145279889,-0.8003845014165709,0.46991781074089,-0.45320004908148526,-0.10937746679115769,-1.2374355713537264,-0.8967252938356269,-0.596630464683041,-0.6865896075014126,-1.9328971966387571,-2.0358174189610403,-0.9144083514851348,0.6396503041450882,-1.0140677512169813,-1.0075151964152582,-1.436904964421056,-1.1254082660984612,0.2207718024881207,-1.1125787146405561,-0.9326642846196119,-0.7036964187794109,1
-0.5348014154856993,0.8771374557769975,-0.4445202009343899,0.3052077222492148,1,0,0,1,0,0,-0.3945902466157784,-0.2506847821189223,-0.16982862701171944,-0.39556006812883987,0.27415268725593556,0.11290306001116258,-0.7841718903721919,0.6354960188932476,0.165513955499566,-0.5803501136416536,-0.673787053552067,-0.10248702986859846,0.7250005807664456,-0.9298865945841157,0.13481685859021247,-0.7571040239120199,-0.3848789022840136,-0.4276162943075682,-0.13124877099039398,-0.009609152108405178,0.16127837363395536,-0.7371816603017808,-0.9870796511160969,0.40237623127602373,0.4584720863557337,0.009609152108405178,0.13124877099039328,-0.7038726716844818,0.5660657690356972,1.3007974505175837,0.6408142650290589,0.4445346296798359,1.550264952753888,0.8401159358104279,1.009431888773073,1.13195784435093,-0.05424950115312168,-0.8623145398892288,-0.7246954876967501,-1.0738493661593913,-0.8715615487892844,0.4428340591057229,-0.7833178721512579,-0.8769950965056176,-0.76555472453303,1
0.2105061928741954,-1.158516055968491,0.5693561964423357,-0.13478617003801185,1,0,0,1,0,0,-0.6722068607066928,0.17146394676864757,-0.5536240695330674,-0.020595092672964856,0.39229269326476934,0.14778409022917743,0.01390024812741699,-0.31321063614841416,1.6786128656440953,-0.7366983533602887,-0.2623823287469911,1.0084324734454122,1.0246335326154772,-0.26482148211656165,-0.8843521751475442,1.5635726675353694,-0.9333111827749518,-0.3524395983900166,0.23272740579640636,1.1445654112422656,-0.28393513802525466,-0.45603316780251235,-0.7234802806995255,0.06977655506213887,-0.0029787932273176547,-1.1445654112422656,-0.23272740579640636,-0.5924626171942612,-1.1600669447440433,-1.5558519002623137,-0.6770767854263857,-0.972132629863095,-1.8837793721450944,-0.13859458152457876,-0.26403600355210183,-1.658541513607341,-0.5538573609678327,-0.7864379342253526,-1.317704554364588,-1.4239386930545688,-1.311562525458524,-0.44541496736468245,-1.3595243465075295,-1.0996718489615938,-1.0748462533011267,1
-0.6119022025574117,0.23294330649045036,-1.6032360836506476,0.3052077222492148,1,0,0,1,0,0,-0.6974447347149578,0.27322156048121604,-0.08027635709007157,-0.43722284317949267,1.1163147015386627,0.5480215523461428,-0.0631633834585753,-1.7295499305458162,-1.4424919518576134,0.35588606262100164,-0.32318731523153005,0.2751769916004003,0.3804873985870333,-0.5027288602851501,-1.414005450086278,-1.4102924452912566,-0.16493414872047052,-0.7527893839373624,0.04968400367083265,0.3260326064644921,-0.4144905314570634,0.9573419390231087,0.5547269225230232,-0.6443249892919237,-0.314792976638506,-0.3260326064644921,-0.04968400367083336,-0.5646101035717058,-1.3852146900196616,-0.46413877257572894,-1.077612300760884,-1.0745423112758372,0.29006520049738066,0.18764225758709038,0.17890935030013266,-0.728375060954584,-0.49834537654397587,0.6552175733882943,-0.5239847266707137,-0.17917664187171697,-0.4146374576327655,-0.667477223982284,-0.37174181903963527,-0.26463402725168356,-0.7036964187794109,1
-1.4086103356317816,1.0575118175772313,-0.15484123025532542,1.478524768348486,0,1,0,1,0,0,-0.356733435603381,-0.27685102564501135,1.096696333308729,-0.6628962080371952,0.9055825220537047,0.29938241386901127,-1.8595275618553153,-1.0547026274064166,1.3674492268054135,-2.2164615952471607,-1.7678674261187965,-1.3170781179822728,1.4872532413279977,-0.5660342253486527,-0.9335758427107885,1.4826450451043667,-1.413286549053059,-0.7626957184958166,-0.8414861286385814,-0.9617617689328484,2.020143612089112,0.5123766708314125,-0.3794336182764439,1.5929058714561712,1.5536903145325447,0.9617617689328484,0.8414861286385807,-0.5924626171942612,-0.9349191994684248,-0.30947941282012914,0.47284775859846334,-0.15285517856115927,-1.0961545269847772,-0.13859458152457876,0.2896456887631914,-0.4183195767369984,2.193985868013078,0.7310941790521709,0.6529101902546883,0.3394742127878045,0.9899810448113461,1.2359135470257274,-0.6186874509066087,-1.0440026608476,1.275769365336409,1
-0.7404035143436003,-0.7462318004251005,-1.6032360836506476,-0.13478617003801185,1,0,0,1,0,0,0.6275436507189519,-0.6117789427789511,0.2267599969270068,-0.5471662773409375,-0.21598397438840908,-0.047639117530726326,-1.5259419692623508,0.494747094161935,1.2107027775197468,-1.9448252851194987,-1.1607190359933022,-0.9491991533383505,0.5801796880923153,-1.408063875254069,-0.18213766374101106,1.7664787021118793,-2.5365801824434357,-1.6494990953959927,-1.4375436385994584,0.13114384342216406,0.7149386203621412,-0.8615174265428346,0.12006948141321529,0.11210400254410734,-0.1014232235798658,-0.13114384342216406,1.4375436385994576,-1.2818123293525019,0.003196405846651406,0.5820863081239148,1.4774166720583737,0.15864093573593158,-0.7180946013078251,-0.11820477908009916,0.7049069579996614,0.2172941659090524,0.45461035606556566,-0.9381911455531051,-0.5939293858161508,-0.4471462501124692,-0.37515019049578224,-0.6992004034990842,-0.6186874509066087,-0.6357619480116439,-0.9717490770450948,0
0.3904080293748593,0.1298722426046032,-0.4445202009343899,-0.8681093238500562,1,0,0,1,0,0,0.097548296545388,-0.5059510245178798,-0.7711081536284979,0.5117625885298207,-1.56361950983434,-0.784612679060066,-0.466452736192286,2.642135263189931,-2.480992684545326,0.019762036457738223,-1.0007310579465238,0.6682381888465934,1.4787396971936755,-0.6743047730171253,1.9242569929575841,-1.4156630366244283,-0.7119445218660727,-1.0815448469328932,0.47177165472146704,0.4434998061064408,-0.02514349971396714,-1.698735153318615,1.9689952877356287,-0.7326492372021363,0.24508134969321346,-0.4434998061064408,-0.47177165472146776,-0.6203151308168162,1.841902992264201,0.10901061945972781,-0.6512357844370638,-0.8697229484503528,0.7941451013999841,1.6557080335896,1.5077454118568363,-0.35630847989348147,0.05677446769459199,-1.5452039908641146,0.3700904815361815,1.3767759221068474,0.9392117013495113,-0.6992004034990842,-0.04248097655033679,0.18071947766026855,0.7809029193074537,1
-0.07219669305541997,-1.6223358434548052,-0.8790386569529866,-0.8681093238500562,1,0,0,1,0,0,-0.5081606796529707,-0.07566168653330448,-0.42569225535928473,-0.2375887127284481,0.1652920781742089,0.12542445547403971,0.2505682081051065,-1.1401875697707995,-1.3791958278966514,1.0583604069625991,1.0893290707345453,1.1737798788359088,-0.2201739693641876,-0.9243325842283009,-0.29419810353249404,-1.026598975793254,-0.456725686614533,-0.1432159494184813,0.20465562353765385,1.3979208031972914,-1.272003419958928,1.2702220202198562,0.8537739342240411,-1.8826580027495645,-1.556003642781624,-1.3979208031972914,-0.20465562353765385,-1.038102835155144,-0.6347222057676005,-1.2374355713537264,-1.4910683165900436,-1.552454157868633,0.038025250046078915,0.10608304780917345,0.012804842605544792,-1.1624527388592034,-1.2755131584779709,0.7310941790521709,-0.9254062487227878,-0.39960325510201306,-1.0746389226366257,-1.3653871733518879,-0.4540570296619595,0.23638866577426285,-1.198562864808365,0
-1.5371116474179702,0.10410447663314094,-0.8790386569529866,0.5985369837740325,1,0,0,1,0,0,-0.6595879237025604,0.12843501297019003,1.1350758775608636,-0.6698400038789707,1.5756737243345225,0.6164420346968642,-0.8712291525354218,0.5383106573849441,0.5221554404088621,-1.2249148252418425,-0.7515328883534835,-0.0920929256557167,0.17056074428652032,-1.0948464427309916,0.532576582910542,0.1365740316006304,-0.6606637721829445,-0.6364766912438339,-0.4291756706205303,0.30004743805884815,0.11750767927490435,-0.20532474162978126,-0.5765602487404771,0.9996780166660529,0.35563395304430645,-0.3000474380588474,0.4291756706205296,-0.8152827261747027,1.2415090048625523,1.9194348895399813,1.7132158060859415,1.2979486414526862,1.0461850518512859,1.0032343553662626,1.397009073393778,2.00011320016017,0.11228645211844858,-0.17942508891434333,0.05077790717657645,-0.2569742700706454,0.1438253204474232,0.1890486229713212,0.12214944469431245,0.29205785388825667,0.34789477903211874,1
-0.5091011531284612,-1.6996391413691911,-0.4445202009343899,0.3052077222492148,1,0,0,1,0,0,-0.16744938054139394,-0.3914010250814456,-0.7071422465416066,0.2455837479284279,-0.9890951655201933,-0.4908070783775562,-1.1098931364445581,1.2268328524536813,-0.98656901461848,-0.9906634431943268,-1.1941710562805088,-0.5719501432672262,0.9553841099169825,-0.08749010988822958,1.0285058929895883,-0.6626269499188112,-0.008698663079773478,-0.26923599923442765,-0.9878020566370264,0.19961827368027837,1.455914337084967,-0.6535319662406871,0.6827967120721282,1.3296969540726535,1.2896243081271404,-0.19961827368027837,0.9878020566370257,0.10385022336961848,1.3165582532877582,0.8095265430586199,0.3048812521678669,0.2909201075607231,0.9516700704320475,-0.38327221085833024,0.06817301183707392,0.8219023601333442,0.77843026520473,-0.9381911455531051,-1.317704554364588,-0.8274902101961188,-0.3130987707090945,-1.2702176348014877,-1.6887851889968277,-1.823371294443516,-0.8892713360402683,0
-0.14929748012713334,-0.7462318004251005,0.27967722576327125,-1.6014324776621007,1,0,0,1,0,0,-0.48292280564470574,-0.11927209241011955,-0.5920036137852022,0.027432828565982097,-0.2006745132716574,-0.11292925101572851,1.3391815967314844,0.3295537290929066,-0.32444769427625353,0.9250128320296819,-0.04416773512358966,-0.2609642559428951,-0.0684512859414661,0.47018037069682433,0.29407703486733916,0.23174568059917647,0.3880353322716497,-0.21322408639837065,-0.9053494332772469,0.5419904249708541,-1.3923659231157774,-0.15772291772536307,0.676412926671673,-0.8648634660895745,-0.1507516008489409,-0.5419904249708541,0.9053494332772463,0.49378541408539117,0.340918023760079,0.19998671343360988,0.29196075167320634,0.4445346296798359,-0.5920746260821743,-0.30171300108041293,0.12354118106860354,0.5118468759157585,-1.2755131584779709,-0.02767187758659086,0.39746013076700454,0.7025298110494701,0.27921023634565156,0.1890486229713212,-0.04248097655033679,0.23638866577426285,0.5334696962929761,1
-0.25209852955608386,-1.1842838219399534,-1.6032360836506476,-0.4281154315628296,0,1,0,1,0,0,-0.3062576875868511,-0.3053431574845305,-0.31055362260288033,-0.3093412697601279,0.00418961258048316,0.004235235101193206,-0.8553872095840594,-1.5535953141784125,-0.4948212286062035,-1.9559293812495737,-1.7130889861660592,-1.0062309365491724,1.4005611343325597,-1.0122217745690925,-0.1513919832482832,0.14276427131649264,-2.571628918103803,-2.034699302925248,-0.8773392119444982,-0.5022446364654003,0.178036666855986,1.9806971597421643,0.819901520653201,0.09235119371918918,0.24061173498058658,0.5022446364654003,0.8773392119444975,-0.7595776989295921,0.340918023760079,1.5828233418366175,1.428964795203394,0.10316902497069583,0.9201650766256344,1.5741488238116832,2.4490042887928354,1.13195784435093,-0.08200549336504998,1.33810702436318,-0.8797901666714156,-0.37367071236903754,-0.3130987707090945,-1.1433249167342867,-0.28942660841731066,-0.5429799678216537,-0.76555472453303,1
0.8530127518051386,-1.3131226517972627,0.5693561964423357,0.3052077222492148,0,1,0,1,0,0,7.378674947929824,-0.8036647286369374,0.2651395411791416,-0.5523741242222691,-1.3286263369770934,-0.19118797265871057,0.44208626376759036,-0.16451203783546894,-0.19504994139213563,0.16475192110257586,0.4515749429898999,-0.5883173654581089,-0.8499796390290741,0.21291505812372225,0.6706933024790197,0.3338603228889122,-0.23159427608245164,-0.05343811816459267,-0.8740438917877038,0.06447137185505257,-0.4019894939660941,0.8976837618896094,0.602137231231326,-0.4522141362578995,-0.6392414637073918,-0.06447137185505188,0.874043891787703,0.4102278732177254,0.9413120111617277,0.7913313242638433,0.8604627734383002,0.7176271134471482,0.3530751881102058,-0.46483142063624716,-0.09793149585751397,0.6978801664463103,-0.49834537654397587,0.5793409677244183,-0.5787240251323598,-0.2051091846046925,-0.36386811417093057,-1.175048096251087,0.28677986593896093,0.3477270420022505,-0.6418381130257917,0
0.5960101282327613,1.4182605411776974,1.0038746524609323,1.7718540298733036,0,1,0,1,0,0,-0.34411449859924853,-0.28208427435022915,-0.2593808969333673,-0.36199838822692515,0.11152529609184321,0.06281747815965406,0.760873409245083,0.6414058856145617,0.05362543213604295,0.2492577992719979,0.21611551689792383,0.12633018309941024,0.02346210761446341,1.5766016456376906,0.2896811168166745,0.5493041476411744,0.866899399832799,1.160860391298384,0.9704170281043213,-0.7901484909597473,0.5173087905229259,-0.5901535235994082,0.4786899314967501,0.5228713993336614,0.8523934725279672,0.7901484909597473,-0.970417028104322,1.1900982546492709,0.04072103005925432,-0.6187981323313287,-0.26362076959722697,0.08610074473523979,-0.49755964466293656,-0.05703537174666111,-0.4855086804782194,0.015758101167622184,0.27882240539001907,-0.7105613285614767,-0.615216890773458,-0.2958730841701091,-0.07617516788719629,-0.44541496736468245,-0.4540570296619595,-0.8213259083916238,-0.7036964187794109,0
0.004904094016293398,-0.4885541407104817,-0.8790386569529866,-1.8947617391869185,1,0,0,1,0,0,0.3499270366280375,-0.569331481058851,-0.38731271110714993,-0.2607346988676996,-0.6250623717795906,-0.23635443486408877,-0.6320891808258848,-0.9809506746210778,1.1311381206137459,-0.5220854861537223,-0.3123378772132678,-0.7134402809695654,0.4081116856496033,-0.8522877870065573,-0.4575444518804783,0.7605516657284022,-1.0619138498281353,-0.9928480372164613,-0.7099870034754222,-0.26889098598050765,0.027339478118821314,0.8880275983727438,-0.7820226274963268,-0.3476717861087842,-0.5632683287253805,0.26889098598050765,0.7099870034754215,-0.9545452942874786,-0.7097714541928067,-1.0463857740085747,-0.5478717804797735,-0.9038595089212672,-1.442709458855317,0.10608304780917345,0.5111183656893089,-1.1004416420156866,-0.08200549336504998,0.6552175733882943,-0.3871364805165972,-0.7107937678977266,-0.7869459763528921,0.09387908442092041,0.4514102871836102,0.3477270420022505,-0.5799798072721716,1
-0.07219669305541997,-0.5658574386248675,0.5693561964423357,0.3052077222492148,1,0,0,1,0,0,1.965150973156994,-0.7263289422153852,-0.822280879298011,0.9197105942341292,-2.844567711411891,-1.269369560551452,0.7560777706210714,3.4532450659267115,-0.11233965782334898,0.5508381298937068,-0.011690547215329545,-2.3500339624243076,-0.7725121004019772,1.4130687469382892,5.028560701215284,-1.658831477542921,1.4320464436744544,0.2539381469711681,-3.179270128744878,-0.05200463268990121,0.3605770972373307,0.2978144953566951,-1.5133935821874689,0.6758459635476249,0.2631194594032531,0.05200463268990121,3.179270128744878,1.3293608227620468,4.693774432422033,0.03622974428062242,-0.8321227913623208,-0.2894014204448148,0.8571550890128092,-1.85133798686084,-0.8177176958673952,0.44983577907224165,0.7506742729928018,0.8069707847160468,1.455753234358838,0.30057539868834077,0.5669031826293847,2.4413943686641333,0.6983559190505837,0.7374113588002092,1.3994859768436472,0
-1.4343105979890196,-0.4885541407104817,-0.15484123025532542,-0.13478617003801185,1,0,0,1,0,0,-0.7100636717190902,0.2964804436155174,-0.6175899766199587,0.07488210015144776,0.41121777532108655,0.17014372498431518,0.7161020143730804,-0.3701369929427895,-0.30357971379973636,0.5923500474308767,0.5973595292863595,0.9067518789111378,-0.6774312047059214,0.5231965109597237,-0.8029276306505695,-0.03133827091453071,0.31212593965928553,0.7567066852688052,1.1921218465220598,0.05436948222367098,-0.47298549372709003,-0.29633063537272153,0.38351169872707663,-0.4907279600149098,-0.037819847172183285,-0.05436948222367098,-1.1921218465220604,0.32667033235006016,-0.8598699510432187,-0.4914316007678933,-0.43158727602782254,-0.2894014204448148,0.1325402314653172,-0.5463906304141645,-1.0391903727935126,-0.6663639641110671,-0.5816133531797613,-0.482931511569848,-0.6973258384659271,-0.41256952646850126,-0.5669454880182719,-0.5088613263982832,-0.20711139779498602,-0.2089648391376897,-0.6418381130257917,0
0.6988111776617119,0.0010334127472937634,0.5693561964423357,-1.6014324776621007,0,1,0,0,1,0,0.5392110916900246,-0.5978236128983703,-0.5152445252809326,-0.10160604416034526,-0.9299330013218594,-0.3812448680773813,-0.08313983085858083,-0.3440639982295883,0.6835877773909281,-0.3659283170891025,-0.3325058612367569,-0.9267099686754884,0.2388108764783736,-0.07805862446979116,-0.2978250357549312,0.39258990747758765,-0.12516608188924702,0.039641053119397154,0.02218903885575044,-1.2859286878517078,0.03761270082324102,0.17388405247924335,-0.5399723962308675,0.37023300443993423,0.470975677269318,1.2859286878517078,-0.02218903885575115,-0.06326485836571254,-0.25947596364157,0.07262018187017576,0.26611975068388355,0.20557870638343811,-0.18250970659880966,0.02452383803125581,0.012804842605544792,-0.046252995675895824,-0.10976148557697851,-0.02767187758659086,-0.5331079430809875,-0.7107937678977266,-0.5330992590437151,0.2524949820049213,-0.04248097655033679,-0.5986491559356475,-0.7036964187794109,0
-0.1749977424843705,0.5163887321765315,0.5693561964423357,-0.4281154315628296,1,0,0,1,0,0,-0.5838743016777656,0.05226217070535305,-0.6431763394547153,0.08645509322107353,-0.11828247531010876,-0.026621060860896863,0.7541105127059596,0.4488208458111379,-1.3547124999317488,1.3272692599892864,0.16373211356928483,-0.3521113005393403,-1.0010751264587436,0.8657700835457615,-0.6784849645029605,-0.6921412004210685,0.9047639547932879,0.07939880004427256,-0.37315522795503414,-0.11014700605881247,-0.18354175858170724,-1.2957120392599315,1.1564022139638286,-0.8959066920582074,-0.13534229205756151,0.11014700605881318,0.3731552279550334,1.1343932274041606,-0.40957446049198204,0.9277954652246664,0.3824042551358344,0.7517636739180628,0.7311351137871589,-0.05703537174666111,0.12354118106860354,1.0079356506638961,-0.22078545442469194,-1.2416975682086098,-0.17730250308028428,0.4302381123532211,0.025363519036474696,-0.5723076854318833,0.7806711296729086,0.793080546914203,-0.332546584257695,0
0.33900750466038404,-1.3646581837401863,-0.8790386569529866,0.3052077222492148,1,0,0,1,0,0,-0.14221150653312897,-0.40128605041352367,0.09882818275322415,-0.5089754002111725,0.19286792820551132,0.08472992021968904,-1.3539215824289728,0.5448876826873962,-0.031236220006218052,-1.71912447977236,-1.6519282109903206,0.5268907108756484,1.8236057495696558,-1.3622377992779233,0.6366001590388266,-0.09784382266531236,-1.7507403506319525,-1.571134277574941,-0.2444928926024105,0.9611011618955224,0.5215289601930027,-0.11014338026754768,-0.055622646588287375,0.5864221008192946,0.6136807534876463,-0.9611011618955224,0.2444928926024098,-1.3444804850032512,0.26586877533487285,-0.7916527108817039,-0.7158382869103699,-1.2964299543367779,-0.6865896075014126,0.9216751455883455,1.1755363964676604,-0.8523972546416179,0.25106641317809053,-0.3311783002420958,-0.7155722712864762,-0.6329961396987983,-0.38079122865820925,-0.3185222492974822,-0.9479482933959068,-0.6543183440496418,-0.08511336124321738,0
0.2105061928741954,-0.5400896726534062,0.5693561964423357,-0.4281154315628296,1,0,0,1,0,0,-0.6722068607066928,0.17146394676864757,-0.4128990739419065,-0.2468471071841487,0.6406568672636948,0.3226364340143545,0.43944242092424174,-0.3830161334090339,1.5530685819569112,-0.44687447819057213,0.014813129233250764,0.19743546189096614,-0.05070607828142444,-0.33160133431647165,-0.5194877605661643,1.274872922136515,-0.9746980163819972,-0.4739537155112335,-0.24687185720061178,0.5141229242844115,-0.9423875296194419,0.005290228763233738,-0.8419724411692868,-0.362795278164018,-0.48198134908169515,-0.5141229242844115,0.24687185720061106,-0.6760201580619267,-0.9349191994684248,-1.7196088694153011,-0.9484072958142716,-1.2281568333949502,-1.852274378338682,-0.6279498401920818,-0.5962450189412776,-1.720552610450858,-0.7481493064513315,0.35171115073279,1.0634549287170376,0.4043055696202447,0.22844089288381547,1.3628062650929278,0.5337254978059351,0.9044189231421907,0.9664778365683122,1
0.3904080293748593,-0.7462318004251005,-0.4445202009343899,-0.13478617003801185,1,0,0,1,0,0,0.097548296545388,-0.5059510245178798,0.2267599969270068,-0.5471662773409375,0.07992812926207694,0.03374995297797501,-1.0085851746797911,1.8372741256897787,-1.0642185784236058,-0.5739971483145844,-0.4771602264832778,0.701243121476296,1.19687559430083,-0.5945096735275961,1.763150460144629,-1.3183670498009168,-0.7007953638029102,-0.9875534975483968,0.594470599903532,0.36682327779893126,0.8084351761826686,-0.7554309710633845,0.1299907060221578,0.08053642956222828,-0.34382211485344366,-0.36682327779893126,-0.5944705999035328,-0.5924626171942612,1.5417059985633763,-0.16391766246191838,-0.806281790372998,-1.0062691903340089,0.5736101447550955,1.247911984700014,1.009431888773073,-0.728375060954584,0.5603474692538639,-0.8297959946047105,-0.5200747767805959,-0.3792276858118183,-0.32276912184468215,-0.857816301083085,-0.5598908718906624,-0.4634525562302334,-0.8097392286427579,0
-1.0231064002732158,0.33601437037629844,-0.15484123025532542,-0.13478617003801185,1,0,0,1,0,0,-0.44506599463230834,-0.20067818338017435,-0.8094876978806327,0.696930477643833,-1.359249400633868,-0.6929381765640014,0.34056424145824987,0.007041443103722209,-0.5390654747199679,0.19490086789340935,-0.3826874606849775,-0.8118310937771507,-0.3753824225604185,-0.6659926958784839,-0.01818399094682807,-0.6085891067449656,-0.4400113305376413,-1.0505188471840268,-0.5745260083472232,-0.5374328853480426,-1.1390149225697472,-0.027880924589219796,0.12534720257351897,-0.6996062018601499,-0.5281147459943945,0.5374328853480426,0.57452600834722245,-0.6760201580619267,-0.10937746679115769,-0.2730889752305771,-0.5349512799851129,-0.6649035856248688,-0.34003467563087314,-0.05703537174666111,0.2342775195316623,-0.6043528672675491,-1.192245181842186,-0.4070549059059717,-1.1626098753899237,-0.9312203811280227,-1.1084851516111824,-0.9212626601166852,0.36909507656128593,0.1250502895462747,-1.5078543935764617,0
-0.14929748012713334,-1.6996391413691911,0.27967722576327125,0.3052077222492148,1,0,0,1,0,0,-0.48292280564470574,-0.11927209241011955,-0.7071422465416066,0.2455837479284279,-0.5690568034191699,-0.281520897069467,-0.8884570802321514,0.42707598707867656,-0.24098626527740172,-0.9009042219571607,-1.1811904561580167,-0.6536708221550027,0.963668758550465,0.34458959292416974,-0.07886838583628342,0.3360212813191108,0.1839393238327393,-0.2010608013617262,-1.244018473027745,0.3422733367180179,1.579731058580644,-0.6651838127562132,0.6671052796787572,1.3994545672281649,1.3393087037276064,-0.3422733367180179,1.2440184730277444,0.35452284597261524,-0.03432821836595151,0.13630344765189217,0.29196075167320634,0.3591932285025509,-0.5605696322757617,-0.709509049969999,-0.2086678343205727,0.3258135853852078,0.8894542340524437,-0.9381911455531051,-1.281211688723491,-0.8015576674631424,-0.2623294272472596,-1.238494455284687,-1.7711003996191523,-1.8790404825575102,-0.8892713360402683,0
-1.0488066626304537,-0.2566442469673251,-0.4445202009343899,-1.6014324776621007,1,0,0,0,1,0,-0.7353015457273552,0.4621999859474147,-0.3233468040202586,-0.30124017461138985,1.0802736883058934,0.5882688949053907,1.046985001670814,-0.13503763474610736,-0.610140823671785,1.808836622994802,1.502271107349226,1.135758690028693,-1.129793605673968,0.5926527776232222,-0.1163809264550559,-0.472828613787267,0.5774849604871344,0.5147200536366592,0.4884925330428311,1.0645584453617318,-0.8636864588776316,0.06875553429059916,0.35893578835939555,-1.8709973797683452,-1.4505020644842217,-1.0645584453617318,-0.4884925330428318,0.5494904413305014,-0.10937746679115769,0.00893691608845806,-0.23777976860790415,7.593435579547688e-4,0.5106001571422693,-0.13859458152457876,-0.3747723420151606,0.20179139169817292,-0.6926373220274746,0.35171115073279,0.8627441676909999,0.9359226956462544,0.025363519036474696,0.2524949820049213,0.6160407084282594,1.4054416161681371,0.5953280020465953,0
0.2105061928741954,1.4182605411776974,-0.8790386569529866,1.7718540298733036,1,0,0,1,0,0,-0.7226826087232228,0.32264668714160644,-0.2593808969333673,-0.36199838822692515,1.0767814936039974,0.5278978810665188,-0.10424235572484798,-0.32489392287871266,-1.5147853328363945,0.5128008331525874,-0.19821583441304746,-0.4044874279778498,-0.03580119979393892,0.4948356834028276,-0.8364981943030584,-1.5199730366102395,1.3834043750539382,0.705493576446142,0.3871222082195544,-0.9356157016516281,0.6393855175607931,-0.39205842260950197,0.5433359794439422,0.6789992548890355,0.9464674567656031,0.9356157016516281,-0.3871222082195551,0.1317027369921738,-1.009968447893631,-1.0372881646111858,-1.5556708190633497,-1.05747403104038,0.25856020669096863,-0.5463906304141645,-0.762349526635866,-0.728375060954584,0.3620903820258042,-0.5588081172337243,-0.6790794056453779,-0.32180562690308556,-0.0423289389126401,-0.5723076854318833,-0.28942660841731066,-0.7099875321636356,-0.7036964187794109,0
-0.5605016778429365,-0.17934094905293926,0.27967722576327125,1.0385308760612593,1,0,0,1,0,0,-0.7983962307480176,0.9215629278498667,-0.579210432367824,-0.0032356030685261974,1.3002712888661887,0.7112468860586483,1.39639386552524,0.21858872477084582,-1.6558703553648078,1.2738467760689212,0.8954215598857039,0.38901090271557076,-0.66558248003111,0.595042058135623,0.54913970719333,-1.3846862702571814,0.7020015267512463,0.2588986042531714,0.2430696413654208,0.28949096339405445,-1.347160648686075,0.2500962190118247,0.8721540847953294,-1.0247921155927886,-0.9113277854575773,-0.28949096339405445,-0.24306964136542153,0.6609004958207222,0.641115017460903,0.34554846379182197,-0.4574282770171454,-0.1699234587966153,1.3297299961089997,0.4323198869208419,0.34501385799472056,0.2638024885416898,-1.3032691506898992,0.04820472807728505,-0.5057382938501646,-0.010615114107371936,-0.4146374576327655,-1.175048096251087,0.36909507656128593,0.5704037944582268,-0.8274130302866491,1
0.4932090788038099,1.109047349520155,0.5693561964423357,1.0385308760612593,1,0,0,1,0,0,-0.7731583567397526,0.68025201533149,-0.630383158037337,0.0835618449536671,0.8319095143069667,0.45858301332559187,-0.35015768118631546,0.0660454350482149,-0.8710384070849575,0.5734020485489092,0.3448656134422467,-0.4439194215645524,-0.5590987280056459,-0.06290839162318008,0.10423226091098439,-1.1281364314736406,0.9264818803779007,0.5122202967861453,-0.44411445533132876,-0.16498583548630744,0.4240454557897153,0.013768158525204948,0.05707036587619555,0.14405439838533785,0.05174123661933121,0.16498583548630744,0.4441144553313281,-0.4253475354589299,-0.40957446049198204,-1.4830710250832082,-1.7236373254939452,-1.3647030752786062,-0.34003467563087314,-1.3619827281933365,-1.3713993881826885,-1.4104971262332722,0.6951622885689447,0.35171115073279,1.0360852794862145,0.9099901529132779,0.9222885868622325,0.6014499566897238,0.4514102871836102,0.4033962301162448,1.0283361423219313,1
-0.14929748012713334,0.0010334127472937634,0.5693561964423357,-1.6014324776621007,1,0,0,0,1,0,-0.6343500496942954,0.10459465775753113,-0.5152445252809326,-0.10160604416034526,0.3331423243513398,0.1589639076067463,-0.126637793238564,-0.38411856621659196,0.18239938835655056,-0.5356271816692255,-0.6096978962285737,-1.9691863681401098,-0.04075994022696324,-0.21065153035710454,-0.4507786480534468,-0.0932792400753392,-0.3388922557962148,-0.3276960443927659,-1.3500596596423822,-1.3467626096488186,-0.03438759289763329,0.07563463297338602,-0.34308271475918123,0.38755800692677866,0.47270571915007875,1.3467626096488186,1.3500596596423813,-0.007559831120602114,-0.18442671521636386,0.8823074182377254,0.6924962670077037,0.512807750621665,0.6366201323679207,-0.46483142063624716,0.17890935030013266,0.7598912632898273,-0.16527347000083534,-0.1035484832504671,-0.5057382938501646,-0.5940973255993336,-0.4146374576327655,0.09387908442092041,0.03983423407198747,-0.5429799678216537,-0.8892713360402683,0
-1.3572098109173063,0.20717554051898904,0.27967722576327125,0.5985369837740325,1,0,0,1,0,0,0.11016723354952047,-0.5140916336148853,-0.6943490651242283,0.17325254124326683,-1.1649562070418809,-0.5292656501563932,0.552856593394382,0.32698261487534597,-0.8950340957201552,1.0398406030959846,0.6480453245562342,-0.9313921431872656,-0.7500848886702703,0.368916642836707,-0.07002641852336997,0.08094174821871787,0.45994200544350916,0.3961172854038069,-1.3293007493813815,0.048076501797563044,-0.4001433884263368,-0.5189448294286183,1.304880243636521,-0.9486869505040572,-0.4557592293450432,-0.048076501797563745,1.3293007493813809,0.15955525061472892,-0.25947596364157,-0.600602913536552,-0.4703487775118068,-0.27233314020935756,-0.4660546508565234,-1.0357458890816678,-0.5962450189412776,-0.10826409251941274,-0.7203933142394032,-0.9381911455531051,-1.710002860006389,-0.9312203811280227,-1.1931007240475748,-1.8729580456206907,-0.4540570296619595,-0.48731077970765985,-1.6934293108373202,0
-1.5371116474179702,0.33601437037629844,-0.8790386569529866,-0.13478617003801185,1,0,0,1,0,0,-0.6595879237025604,0.12843501297019003,-0.8094876978806327,0.696930477643833,-0.8359652222306702,-0.43982711113584216,0.0776924785220123,0.252287042290873,-0.21116880573992525,0.06299950948980021,-0.2773409274950008,-0.9890325852546197,-0.38575188485248935,-1.0127702812690145,0.26988792107213133,-0.07009564359046669,-0.5970065706045055,-0.6397520267241584,-0.38662849897585155,-0.965469047129439,-1.119981414565258,-0.07590408842221917,0.21823546983302558,-0.6770897688445655,-0.26403654768475254,0.965469047129439,0.3866284989758509,-0.8709877534198129,0.491016520610491,0.6821600114951846,0.5374502610717695,0.2567835470898098,0.3530751881102058,0.2692014673650073,0.5111183656893089,0.5738579727592754,-1.1644891896302574,-0.4070549059059717,-1.0440080620563552,-0.7885913960966542,-0.9731002357129547,-0.6992004034990842,0.28677986593896093,-0.15329565102369538,-1.5078543935764617,1
-0.25209852955608386,-1.6996391413691911,-1.6032360836506476,0.3052077222492148,0,1,0,1,0,0,-0.3062576875868511,-0.3053431574845305,-0.7071422465416066,0.2455837479284279,-0.8359652222306702,-0.4246225595023485,-1.8088202890277907,0.6446471650040884,-0.32809628623779924,-2.6129872970216694,-2.243405492531871,-0.32931045866108366,1.9992782413026133,-0.5929817862358535,0.23560322171875872,0.3455155567446798,-1.8827217393968174,-1.3520259679348474,-1.2817794809441767,0.8221130942085961,1.92270822954549,-0.6487763294510983,0.7957284277128626,1.6631026138477554,1.5965468060536951,-0.8221130942085961,1.281779480944176,-0.5367575899491508,0.26586877533487285,0.14540105704928116,0.3048812521678669,-0.4942207832702994,-0.08799472517957138,-0.05703537174666111,0.6772228733838963,-0.046252995675895824,1.2780381250194413,-0.8623145398892288,-1.0257616292358074,-0.5162996974004062,0.12690220596014448,-1.1433249167342867,-2.018046031486126,-2.046048046899492,-0.45626319576493324,0
0.8016122270906633,1.4182605411776974,-1.168717627632051,1.7718540298733036,1,0,0,1,0,0,-0.33149556159511606,-0.28208427435022915,-0.2593808969333673,-0.36199838822692515,0.09485916141902373,0.06281747815965406,-1.2835715179179985,0.023526483303382403,-0.7499919899253138,-1.079396096063739,-1.2479236309904405,-0.017193056670470257,1.4073833007881005,-1.0946349062323781,-0.3974677384342045,-0.48201580307006364,-0.7420120407690516,-0.6095721497983011,0.9892619376698285,-1.004587223962434,0.6910911406424434,-0.43046529165067476,0.5408847784497182,0.7224280510134428,1.027233277865401,1.004587223962434,-0.9892619376698293,-0.9545452942874786,-0.18442671521636386,0.6821600114951846,0.3048812521678669,-0.01630893667750248,0.8886600828192224,2.145063292257104,1.6738499195514247,0.3258135853852078,0.44535835866158957,-0.5588081172337243,-0.5604775923118106,-0.21807545597118072,0.0761328624983096,-0.44541496736468245,-0.20711139779498602,-0.6543183440496418,-0.5799798072721716,1
1.135715637734753,-0.5658574386248675,-0.15484123025532542,0.3052077222492148,1,0,0,1,0,0,-0.6469689866984278,0.11331673893289414,-0.822280879298011,0.9197105942341292,-1.0707561904610863,-0.6236233088230744,0.9413678853001902,-0.40466636500212894,1.175393745610147,0.43550346690905767,0.3583046645151601,0.7827627001280264,-0.3318625208392059,1.8684526199572875,0.19853542917522757,0.06159790844441507,1.1677785078193648,0.8031877493157916,1.0967144819825039,-0.020113106998745453,0.5579408826105924,0.7543057202118648,-1.544902668665642,0.5696120909858208,0.3183428972098792,0.020113106998745453,-1.0967144819825045,1.8585585815905954,0.26586877533487285,0.2454747604205509,0.24027874969456073,0.7176271134471482,0.006520256239666901,0.10608304780917345,-0.3747723420151606,0.20179139169817292,0.41760236644966076,0.5793409677244183,-0.2867811000035777,-1.0090180093269512,-0.7530997473783346,1.0772976494417266,-0.12479618717266176,-0.15329565102369538,-0.2706882785040748,0
0.4932090788038099,-0.4885541407104817,0.5693561964423357,-0.13478617003801185,1,0,0,1,0,0,-0.7731583567397526,0.68025201533149,-0.6175899766199587,0.07488210015144776,0.8675007310361066,0.46529090375213317,0.07612710489901672,0.5269323742071021,-0.9876554656853525,0.9627605883212011,0.32179391511648564,-0.4545559890882066,-0.7187105645155174,-0.03484999939373404,0.47720702617954114,-1.1624780166321658,1.0001027132549345,0.620411813894207,-0.4863880375980577,-0.13756642077256032,-0.1406783012704894,-0.24517569732143724,0.18197981048305356,-0.3089427118818131,0.1873635330873987,0.13756642077256032,0.48638803759805704,-0.3417899945912644,-0.03432821836595151,-1.2283379619563388,-1.5427503185686884,-1.1598837124531223,-0.05648973137315825,-1.2804235184154193,-1.2606630497196296,-1.0384305451721696,-0.27629743884854874,-0.4070549059059717,-0.5878472415426337,-0.41256952646850126,-0.4992530300691578,-0.1916295312302808,-0.12479618717266176,-0.2089648391376897,-0.5799798072721716,0
0.004904094016293398,-1.0296772261111817,-1.6032360836506476,1.0385308760612593,0,1,0,1,0,0,-0.4955417426488382,-0.1047352904511812,-0.8350740607153893,0.9804688078496644,-1.7245911442326685,-0.8382758024723965,-0.5879472955330165,0.5685201855364471,0.5252408345366388,-0.8543205053239576,-0.07177500436654939,0.7939744369026164,0.5036054317683346,-0.2987494095423029,-0.11674665491469671,-0.06750690452888106,0.3803492739385846,0.7463373433999624,1.637356214373321,-0.5410235229891278,0.5190481367049875,-0.8972660325213234,-0.7858597451941709,1.531279715786771,0.8219641739797207,0.5410235229891278,-1.6373562143733216,-0.5924626171942612,-0.5596729573423944,-1.4375829780962672,-1.2455788071914804,-1.05747403104038,-0.6235796198885869,-0.22015379130249568,-0.8730858650989243,-1.5965304167638241,0.11228645211844858,-1.0899443568808573,-1.1534866589796486,-1.3202085221226638,-0.7530997473783346,-0.44541496736468245,-0.8656330827735822,-1.1553410370755877,-0.9511296417938885,0
0.2105061928741954,-0.6173929705677911,0.5693561964423357,-1.6014324776621007,1,0,0,1,0,0,-0.6722068607066928,0.17146394676864757,-0.7199354279589849,0.27451623060249236,-0.12126786436098712,-0.08028418427322742,-0.11140633934899959,0.31085629671712967,2.070834088211921,-0.5416042767424942,0.20837937236134205,-0.4382784779381803,-0.1839102299405599,-0.5121610972006708,-0.5554558589670671,1.3947584987994375,-0.9455193832893791,-0.33814100164554883,0.004530982273630621,-0.6022533438160685,-0.35683210691700185,-0.9831035087518553,-1.429301790641721,-0.2058883986796025,-0.6010322639517534,0.6022533438160685,-0.00453098227363133,-0.7874302125521474,-0.9349191994684248,-1.6195351660440314,-0.806281790372998,-1.091610591511294,-1.7892643907258567,-0.38327221085833024,-0.4301405112466897,-1.5965304167638241,-0.3595654154843339,-0.9381911455531051,-0.08607033897753999,-0.8015576674631424,-0.8207922053274488,0.7600658542737248,0.6160407084282594,0.3477270420022505,-0.5799798072721716,1
0.8016122270906633,-0.5658574386248675,-1.168717627632051,0.3052077222492148,1,0,0,1,0,0,-0.33149556159511606,-0.28208427435022915,-0.822280879298011,0.9197105942341292,-1.7164136830796295,-0.9277143414929474,-1.4950419001598039,-0.7506543014234588,0.44207162352033813,-0.8800042806206217,-0.9619403493475946,0.6762066681700656,1.4849837471533844,-1.0259971817915967,-0.289474863371269,-0.28595590584701547,-0.4445493184962619,-0.3971509322510901,1.116988546947158,-0.18555039652161812,1.0537278604371394,0.7403070230103961,-0.8916848267331754,0.7480215155059166,0.8628289799221803,0.18555039652161812,-1.1169885469471588,-0.8988402670423681,-0.10937746679115769,0.5638910893291381,0.31780175266252825,0.12023730520615308,0.6051151385615076,2.2266225020350205,1.6738499195514247,0.2638024885416898,0.6674062963570164,0.35171115073279,-0.7976812189789466,-1.0868156375258795,-0.7700228618656133,0.4428340591057229,-0.6186874509066087,-0.7656567202776299,-0.7036964187794109,0
-1.0231064002732158,-0.4885541407104817,1.0038746524609323,-0.13478617003801185,1,0,0,1,0,0,-0.81101516775215,0.9826174960774078,-0.6175899766199587,0.07488210015144776,1.4706739894140342,0.6978311052055656,0.49056167051684446,-0.3698004296123872,-0.40683436119980354,1.3939526576602672,0.6792624773328111,0.42614423409184754,-0.602274750678752,0.5046681265486241,-0.7609512131108574,-0.7346422189600571,1.5734249492848447,0.9473544422002284,0.773109214277421,-0.18555039652161812,-0.17787949872455427,-0.25474152549858414,-0.18208838063743835,-0.3229588641911389,0.041832737160080936,0.18555039652161812,-0.7731092142774217,0.15955525061472892,-0.9349191994684248,-0.973604898829468,-1.1551353037288514,-0.5795621844475838,-0.2770246880180474,-0.6279498401920818,-0.983822203561983,-0.790386157798101,-0.3595654154843339,-0.482931511569848,-0.8159276517994943,-0.7756251247301669,-0.8377153198147269,-0.1916295312302808,-0.20711139779498602,-0.32030321536567735,-0.8892713360402683,0
-1.691313221561397,-0.4885541407104817,0.27967722576327125,-0.13478617003801185,1,0,0,1,0,0,-0.6848257977108253,0.24414795656333935,-0.6175899766199587,0.07488210015144776,0.29119965917249946,0.12989638242506726,1.345770525617533,0.21791994256002528,0.8398069078758833,1.1940440118600932,0.8711434333455875,-0.2737058249192679,-1.113934252790411,2.0363432921755886,-0.49188243224731387,0.8322505785367234,1.4974953608791384,1.583790722417706,-0.08286747959746427,-0.29111514316954507,0.16336354848263282,-0.7918589827552028,-0.31171260727469796,-0.12818566085354444,0.4137342521502035,0.29111514316954507,0.08286747959746356,1.1343932274041606,-0.8598699510432187,-1.5103638532753727,-0.9354867953196102,-0.3747428216220998,-1.411204465048904,-1.85133798686084,-2.0358174189610403,-0.9764194483286528,0.0012624832707351544,-0.8623145398892288,-0.5239847266707137,-0.5940973255993336,-0.6007917169928287,0.3476645205553221,-0.37174181903963527,-0.5429799678216537,-0.5181215015185524,0
0.8787130141623758,0.9802085196628456,0.27967722576327125,-0.4281154315628296,1,0,0,1,0,0,-0.16744938054139394,-0.4018675224918812,-0.2593808969333673,-0.3706781330291445,-0.09038823245158278,-0.022596326604972072,0.212507865681199,-0.5998190908546566,0.41838682049321874,0.08221470136402298,0.4495195498274282,-0.27865295828281317,-0.6078689400597181,0.03682194941476238,-0.9021769232500764,-0.684483977128536,0.13956203192520197,0.3814297489305283,-0.11207882534413707,-0.26889098598050765,-0.2587053022492944,-0.08051051044732925,-1.2597891852867558,0.02732056435571049,-0.21200551987536903,0.26889098598050765,0.11207882534413637,-0.17467491285593337,-1.009968447893631,-0.7916527108817039,-0.9871687972982559,-0.8867912286858101,0.2270552128845555,-0.8726274695258333,-0.9284540343304539,-0.8523972546416179,-0.16527347000083534,0.04820472807728505,0.39746013076700454,-0.3477381696360611,-0.3130987707090945,1.2359135470257274,0.4514102871836102,0.3477270420022505,0.22417816752487937,1
-0.6119022025574117,-0.514321906681944,-1.6032360836506476,-0.4281154315628296,1,0,0,1,0,0,-0.7100636717190902,0.34590557027590785,-0.16982862701171944,-0.4042398129310592,1.0988179331184689,0.5784306556131301,0.002033911374034139,-1.4157164998792349,-0.5107988762702215,-0.25161109127955383,-0.27282837265764015,1.119092316665371,0.8502210784594941,-0.40620480187645425,-0.9477952171547245,-1.6159799202581528,-0.35843273551619986,-0.6565630987518241,0.5791922973583978,0.9518725779243598,-0.40870325514625394,0.9936348833185088,-0.9256247996249981,-0.015505413197836401,-0.28631582980539194,-0.9518725779243598,-0.5791922973583985,-0.5089050763265954,-1.009968447893631,-0.6097005229339397,-1.2843403086754637,-1.3305665148076924,0.5421051509486824,0.5954383064766764,0.34501385799472056,-0.9764194483286528,-0.27629743884854874,1.1863538130354276,0.5799244589724931,-0.02358138547386016,-0.025405824425361403,1.0138512904081252,-0.37174181903963527,0.06938110143228039,0.5334696962929761,0
-0.25209852955608386,0.4648532002336079,-1.6032360836506476,0.5985369837740325,0,1,0,1,0,0,-0.36935237260751347,-0.27045483278307847,-0.46407179961141953,-0.2260157196588223,-0.1277694200011018,-0.03332895128743818,-0.4422503978719507,-1.309578539770749,1.8104183383306822,-2.3608312279161674,-1.0628733377682003,-0.7571415163175007,0.8796536627313717,-0.614131243150454,0.021925933764470974,0.33362841515494085,-1.9849551557832683,-1.3584127673847703,-1.6929968571541203,0.6464429457035722,0.0013272417410709928,1.819402563413489,-2.1396381356423775,1.2210831265717463,0.055561720586375325,-0.6464429457035722,1.6929968571541196,-0.6481676444393714,-0.10937746679115769,-0.38226028799923456,-0.1602567656399366,-0.9209277891567239,-0.37153966943728567,-0.5463906304141645,0.2896456887631914,-0.5423417704240322,0.0012624832707351544,1.717490052682561,0.041654690766301246,-1.0738493661593913,-0.6007917169928287,1.267636726542527,-0.7833178721512579,-0.5986491559356475,-0.08511336124321738,0
-1.5371116474179702,-0.9266061622253344,-1.6032360836506476,0.5985369837740325,1,0,0,1,0,0,0.3499270366280375,-0.5710758972939236,-0.5408308881156891,-0.06978031321887439,-0.8831347229224225,-0.3852696023333061,-0.44398540044749213,-0.6172402955363572,1.4675892128483214,-0.3621227984976861,-0.27914528227432905,-0.5147286100510614,0.6025929102973568,-0.7100256304611045,-0.11485590778372262,-0.753606767758396,-0.13504060646479335,-0.6818899680923339,-1.175091701728231,0.4634132099205562,-0.092076736854695,0.7321215494025141,-2.7635457425308796,0.3553005847965196,-0.30283029636283226,-0.46341320992055685,1.1750917017282303,-0.7874302125521474,-0.3345252120667762,-0.7188718357025985,-0.9613277963089331,-0.9550643496276378,-0.40304466324369825,-0.38327221085833024,0.17890935030013266,-0.35630847989348147,-0.10976148557697851,0.6552175733882943,-0.058700689746716966,-1.4628375071540325,-1.2607931819966884,1.9338234963953311,-0.6186874509066087,-0.48731077970765985,-0.1469716669968365,1
-0.14929748012713334,0.3617821363477598,0.5693561964423357,-0.13478617003801185,1,0,0,1,0,0,-0.596493238681898,0.011559125220325652,-0.8094876978806327,0.7200764637830845,-1.03699098643529,-0.5476005506556061,1.5311661971304735,-0.156173216447068,-1.0144050798564952,1.3705393808866546,0.4626300086295674,-0.8019326946793892,-0.8914428395805362,1.0234017075316801,-0.5341179433112965,-0.8303680367040445,1.086827079952998,0.21144921586478027,-0.1984048918790851,-0.8969649934967807,-1.1065529420367133,-0.32071498967704976,0.5522859304357812,-0.7738311554649465,-0.3950026649279727,0.8969649934967807,0.1984048918790844,1.1900982546492709,-0.3345252120667762,0.6366719645082435,0.07231224326396513,0.512807750621665,0.6681251261743327,-0.22015379130249568,-0.1532996650890431,0.5738579727592754,-1.1367331974183288,-0.5588081172337243,-0.8889133830816909,-0.5033334260339178,-0.7530997473783346,-0.8895394805998851,0.36909507656128593,-0.04195727479570725,-1.3841377820692236,0
-1.1516077120594044,-0.4885541407104817,-0.4445202009343899,-1.8947617391869185,1,0,0,1,0,0,-0.34411449859924853,-0.313483766581536,-0.3361399854376369,-0.33017265728545425,0.021620741130742083,0.014073474393453808,0.13470596425768785,0.8065245238330977,1.1294272596826058,0.39205542837847285,0.5777663641663648,0.12524985616874829,-0.6266145271591466,0.26691674514241925,2.2592433632195874,0.8062699443817339,-0.004773002599638657,-0.010286022270605103,0.004530982273630621,0.16633209230480636,0.07938814435516574,1.1562801853279925,-0.7337413622966645,-0.5343744181062707,-0.7611668688168908,-0.16633209230480636,-0.00453098227363133,0.02029268250195297,1.6167552469885829,-0.7825551014843162,-0.28946177058654887,-0.27233314020935756,-1.222174502210428,-0.38327221085833024,-0.4301405112466897,-0.6663639641110671,-0.16527347000083534,0.6552175733882943,-0.8889133830816909,-1.0868156375258795,-1.1931007240475748,-0.3819686083310823,0.03983423407198747,0.1250502895462747,-1.0129879475475077,1
-0.2006980048416086,0.7998341578626126,1.4383931084795292,-1.161438585374874,1,0,0,1,0,0,0.13540510755778543,-0.5146731056932429,-0.3233468040202586,-0.33595915382026714,-0.4103053301724193,-0.13618327116107173,2.4096758593348726,0.9219378600243033,-0.38810463034691745,1.6678448155434706,1.0721336159250465,-0.6243289437182392,-1.955167972325568,2.3179213138136237,0.8707159135871807,-0.7957680740755507,1.3887475849696038,0.856831402888814,0.5641420291796073,-1.4110194119562531,-1.034673274890597,-0.3931245581158127,-0.2691181395991078,-0.8760924126093274,-0.557297113260538,1.4110194119562531,-0.564142029179608,2.3320513131740337,0.9413120111617277,0.3182556355996563,-0.1602567656399366,0.39332978897346543,0.8256500952063961,0.10608304780917345,-0.1532996650890431,0.6358690696027934,-0.859173275299045,-0.1035484832504671,0.9539763317937442,0.6506647255835172,0.22844089288381547,1.0455744699249259,3.33244265896497,2.5188253784480175,0.47161139053935697,1
-0.38059984134227254,-0.3854830768246345,1.4383931084795292,-0.4281154315628296,1,0,0,1,0,0,-0.48292280564470574,-0.16869721907050997,-0.09306953850744984,-0.4343295949120862,0.49039941067378034,0.20591914059253555,0.2364853341857341,-0.9125824652850298,2.1306160489794648,0.07335747118499532,1.4017483514145725,0.8420644050586809,-0.7393407911318094,0.18066695625621776,0.18388213891017804,1.0767847937338653,0.41423556405264716,0.8279094994348529,0.8432886699243073,0.312111980532898,-0.14831831991918448,1.436757163251979,-1.830558642042179,0.311647683530541,-1.0140490221276797,-0.31211198053289735,-0.843288669924308,-0.23037994010104354,-0.3345252120667762,-1.4375829780962672,-0.7675202888890147,-0.5795621844475838,-1.442709458855317,-0.38327221085833024,-0.762349526635866,-1.4104971262332722,-0.38732140769626244,0.8069707847160468,-1.0440080620563552,-1.6962303917508168,-1.4977167848185873,-0.3502454288142823,-0.12479618717266176,0.013711913318286572,-1.4459960878228426,0
0.15910566815972013,-0.1535731830814779,-0.8790386569529866,0.3052077222492148,1,0,0,1,0,0,-0.7479204827314877,0.4709220671227777,-0.5152445252809326,-0.11607228549737747,0.8773259456338688,0.4518751228990506,-0.3678912083954331,-0.9717464730246874,1.260057650400132,-0.8119208748709726,-0.11935279871258661,0.4070286492950178,0.4630031027222506,-0.03912700837141175,-1.494537526977548,2.143815715907518,-0.7591396023586797,-0.008279256428261404,-0.6501878279857761,1.199986903232429,0.4724664349935848,-0.16344235530151371,0.43178702540943265,0.3441028863599255,0.14708140126915073,-1.199986903232429,0.6501878279857761,-0.03541234474315745,-1.3852146900196616,0.03622974428062242,1.1447137843208466,0.7346953936826055,-1.2851844898232538,-0.13859458152457876,0.17890935030013266,0.38782468222872474,0.5563823275093027,-0.02767187758659086,0.41570656358755365,0.585833368751077,0.7022880985276131,-0.2550758902638815,-0.7833178721512579,-0.32030321536567735,0.7190446135538346,1
-0.07219669305541997,0.49062096620506923,-0.8790386569529866,0.5985369837740325,1,0,0,1,0,0,-0.5081606796529707,-0.10764265084296887,-0.7966945164632545,0.7200764637830845,-1.0965742900288764,-0.6392750531516708,-0.47340903132730794,-0.15615513146858825,0.3813001862938189,-0.6744842511417091,-0.19709152702679317,0.8013194450376405,0.9399941256863652,-0.9394949809304052,0.15401465428690853,-0.6844061630743534,-0.2982122366971977,-0.05717111559274593,0.2246519615849838,0.8700970699576539,-0.28044553309976183,0.3686163182227216,-1.2090123183064811,0.6154825600551294,0.200412170960962,-0.8700970699576539,-0.2246519615849845,-1.0102503215325889,-0.18442671521636386,-0.9372144612399159,-1.1034533017502068,-1.1428154322176651,0.006520256239666901,0.2692014673650073,0.17890935030013266,-0.790386157798101,-0.6093693453916895,-0.2553016945782196,-1.591401046672821,-1.8388593767821853,-1.5484861282804228,-0.44541496736468245,-1.3595243465075295,-1.211010225189582,-1.4459960878228426,1
-1.1516077120594044,0.4648532002336079,-0.15484123025532542,0.5985369837740325,1,0,0,1,0,0,-0.5460174906653681,-0.0233291994811264,-0.20820817126385424,-0.3880376226335831,0.5129068050696894,0.28194189876000386,-1.530017189626215,-1.7162921171865266,-0.1481094470564545,-0.9605796055782116,-0.9886269377076324,-1.4754521871508823,0.181507554357446,-0.1088831363557208,-0.20426595442703346,-0.6413408979100239,-0.22888167467977538,-0.5862453453621623,-1.5495845239304507,-0.4754817429490244,2.0187314000074807,2.1510356441637852,-0.44201517589714373,1.0707259250686236,0.7129089616298158,0.4754817429490244,1.54958452393045,-0.3974950218363748,-0.5596729573423944,-1.21924035255895,-1.3101813096647865,-1.3134982345722352,-0.7180946013078251,-1.1988643086375024,-0.7069813574043363,-1.1004416420156866,2.3882778134965768,2.6280093206490753,1.0452084958964885,0.6247321828505417,1.0576735027604598,1.109020828958526,0.28677986593896093,0.06938110143228039,1.1520527538291696,1
-0.8175043014153137,-1.4419614816545723,1.0038746524609323,-0.13478617003801185,1,0,0,1,0,0,-0.40720918361991093,-0.23614798015998392,-0.68155588370685,0.3005554650091503,-0.5953914013716011,-0.41388993481988234,1.8215108670624767,0.39786118953892147,-0.2810984176997305,1.2191047829202026,0.6966454237756903,-0.2683867024437118,-0.5150650630337499,2.970851700022684,-0.00252926371241453,-0.31591896457022617,1.9445403645308654,1.6525484460169657,0.6006469349749696,-0.9617617689328484,0.43558481304359636,-0.5486107295704064,0.06680286156398867,0.281241027380226,0.7077187452891298,0.9617617689328484,-0.6006469349749702,2.8612490720025816,0.04072103005925432,0.14540105704928116,-0.04397226118798574,0.7346953936826055,0.5736101447550955,-0.9541866793037505,-1.2606630497196296,0.3258135853852078,0.16779843654230542,-0.7105613285614767,-0.7520651369275744,-0.6070635969658218,-0.4654068010946016,-0.15990635171348128,-0.6186874509066087,-1.0440026608476,-0.8892713360402683,1
-0.14929748012713334,0.33601437037629844,1.0038746524609323,-0.8681093238500562,1,0,0,1,0,0,-0.5838743016777656,0.011559125220325652,-0.2210013526812325,-0.38514437436617666,0.5918732820097946,0.30653749699065536,0.08779444787795443,-0.19360065573007645,0.38396122242262654,0.805236688738822,0.690503115081997,-0.21558447191889468,-0.8050830541119923,-1.2209958708855908,0.2704748653636926,0.7626207034313932,-0.9780472842127895,-0.9218024860153965,-0.45503125954306645,0.15726295599484702,-1.3420850045614945,0.5366787582968976,0.24147240625946254,-2.0576377618577935,-1.797648580961113,-0.15726295599484702,0.4550312595430657,-1.2052179168904753,0.04072103005925432,-0.5733100853443877,-0.12149526415595328,-0.4942207832702994,-1.1591645145976028,0.18764225758709038,0.4557501964577793,-0.8523972546416179,-1.3032691506898992,0.27583454506891375,-0.5604775923118106,-0.3607044410025493,-1.1084851516111824,-0.794369942049485,1.2745623934068555,1.5167799923961247,-0.7036964187794109,1
-0.27779879191332196,-0.7977673323680251,-0.8790386569529866,-0.13478617003801185,1,0,0,1,0,0,-0.1800683175455264,-0.40128605041352367,0.43145089960505906,-0.5789920082824084,0.42571495528882536,0.13884023632712236,-0.8764335425615817,-1.8732295104109802,-0.6725428029637477,-0.561764578469822,-0.1264082250710611,0.6547827330975954,0.8998249456312014,-1.3280575280634632,-0.49404827278743396,-0.47362755150296465,-0.5894282013119659,-0.7906156107876849,-0.3364521793121226,1.2267347275520042,-0.10827725832662612,2.076139576414164,0.4434385291751727,0.17444078883573808,-0.6075453795345985,-1.2267347275520042,0.33645217931212196,-1.2330704305130304,-0.40957446049198204,0.19998671343360988,-0.08273376267196997,-0.3064697006802721,0.2270552128845555,0.6769975162545934,0.954063719541543,0.2638024885416898,-0.14676947519288291,1.843951062122355,-0.15297392598621923,0.09311505682453199,0.1607484349347019,-1.2279200621124204,-0.8930714863143573,-0.45019798763166347,-0.1469716669968365,1
1.0072143259485644,-0.5658574386248675,-1.6032360836506476,0.3052077222492148,1,0,0,1,0,0,0.5644489656982895,-0.6024753895252305,-0.822280879298011,0.9197105942341292,-2.3882847556968674,-1.1741175164945652,-1.4906373668243398,-1.6897447755404749,0.32244184129053877,-1.212325218265585,-1.1134456113046105,-0.5468950460537988,0.6043202124143243,-1.2498865767861893,-1.6873235774018995,-0.2267454945219095,-0.92717734255031,-0.7284164717138335,-0.591162492785821,-0.1595918522639314,0.8238956041456232,0.628904014623067,-0.66864615365218,0.7183999756309306,0.7363769169028823,0.1595918522639314,0.5911624927858203,-1.1495128896453646,-1.535313186870074,0.2909628074074919,0.12399424524260985,-0.2552648599739003,0.3845801819166189,0.35076067714292497,0.7325910426154264,0.44983577907224165,0.5563823275093027,0.35171115073279,-0.5696008087220858,-0.8015576674631424,-0.4992530300691578,0.3476645205553221,-0.37174181903963527,-0.48731077970765985,-0.3944048900113141,1
-1.0488066626304537,-0.2051087150244015,-0.4445202009343899,-0.13478617003801185,1,0,0,1,0,0,-0.7353015457273552,0.4098674988952366,0.8792122492132983,-0.6374356232840185,1.8537396502128838,0.8078405082008432,0.8758812257615479,-0.40896273783737297,-0.32547212516046053,1.5063678325552847,1.9427711064920472,0.8411230168582673,-1.6928794476702258,0.576970488646598,0.009259473190118548,-0.5230265560215523,0.6442842903723923,0.519035722963631,0.4292298816076853,0.7214865042882422,-0.64143205171474,0.5705901291199555,-0.0806599498377994,-1.396144485493662,-2.0189602261614628,-0.721486504288243,-0.42922988160768605,0.49378541408539117,-0.03432821836595151,-0.11842961547497735,-0.3669847735545164,-0.10165033785478751,0.41608517572303205,-0.05703537174666111,-0.26403600355210183,0.139780294854656,-0.5538573609678327,0.6552175733882943,0.31535118307453414,0.22277777048941236,-0.36386811417093057,-0.6992004034990842,1.1922471827845313,1.8507951210800897,-0.08511336124321738,1
-0.9974061379159777,0.5163887321765315,-0.15484123025532542,-0.4281154315628296,1,0,0,1,0,0,-0.4576849316364408,-0.20067818338017435,-0.4896581624461761,-0.18261699564772566,-0.033616593438423055,-0.013205280007814225,-0.5872428929080223,0.8111726097875269,-0.7470990249727165,-0.17818093089141337,-0.7432430861058626,-0.466538680659255,-0.43341819514442514,-0.7953332048853331,0.021473480177199824,-0.3650440749066122,-0.8530181942724739,-1.2662446442884654,-0.47521987007162214,-0.16498583548630744,0.02188797046949887,-1.09184820288991,0.6544753045384267,-0.6051272972021159,-0.26998902764064475,0.16498583548630744,0.4752198700716215,-0.8431352397972577,-0.18442671521636386,-0.6097005229339397,-0.6899972859210471,-0.9550643496276378,-0.6865896075014126,-0.05703537174666111,0.17890935030013266,-1.0384305451721696,-0.27629743884854874,-1.2416975682086098,-1.1443634425693747,-0.6848612251647502,-0.8546384343020056,-1.1433249167342867,0.4514102871836102,0.4033962301162448,-1.4459960878228426,1
0.030604356373531493,-0.7462318004251005,-1.6032360836506476,-1.6014324776621007,0,1,0,1,0,0,-0.5333985536612357,-0.06112488457436613,-0.5920036137852022,0.010073338961543441,-0.09920064193564308,-0.0547942006523704,0.840844431759377,-0.02152466889177916,-0.15991908329628648,0.5498756954306621,0.3010058479717476,1.5763362843011541,0.3988927509691554,-0.1640709387707091,-0.28052533701312304,0.2736416146341059,0.21747992088222035,0.5521093683477251,1.2994551316290601,0.8611509049874916,-1.333152399615162,-0.2514808408486888,0.4935981769975919,-0.5271972227576603,0.14770499440738635,-0.8611509049874916,-1.2994551316290608,-0.45320004908148526,-0.6347222057676005,-1.2738260089432798,-0.9613277963089331,-0.8355863879794388,-0.8126095827270634,-0.22015379130249568,-0.762349526635866,-1.4104971262332722,-1.2755131584779709,-0.3311783002420958,-0.31415074923440073,-0.02358138547386016,-0.2284831982727022,-0.12818317219668063,-0.8656330827735822,-0.5986491559356475,0.038603250264021984,1
0.2105061928741954,-1.3646581837401863,-0.8790386569529866,0.3052077222492148,1,0,0,1,0,0,-0.6974447347149578,0.32264668714160644,-0.0035172685858019803,-0.4597901796652629,1.1780734450390493,0.6034734465388844,0.09417812775107968,-0.6621627810408222,-0.9260863039675945,0.7726394341757419,0.4268411863609504,1.8806031953739035,0.1062655440979808,0.48781175825689727,-0.7478268450548317,-1.2320384285070978,1.0179400656852144,0.5026563469515862,0.7646392799752116,1.8065585321570097,0.35645878195197084,0.159682680841904,0.027911198281992636,-0.03441408489348611,-0.06416835854941902,-1.8065585321570103,-0.7646392799752123,0.1317027369921738,-0.9349191994684248,-1.019092945816409,-1.4135453136220761,-1.0233374705694662,0.06953024385249205,-0.30171300108041293,-0.6516131881728072,-0.9764194483286528,0.11228645211844858,-0.1035484832504671,-0.7155722712864762,-0.5940973255993336,-0.5669454880182719,-0.5723076854318833,-1.1125787146405561,-0.4316415915936655,-0.20882997275045564,0
-0.48340089077122306,1.1348151154916164,-0.15484123025532542,-0.13478617003801185,1,0,0,1,0,0,-0.6848257977108253,0.30520252479088045,-0.6559695208720935,0.1587862999062346,0.17807456053538515,0.11200867462095708,-1.1242602315732837,-0.7584319799062541,-0.5332567432352409,-0.9096095553202487,-0.4773787517226882,-0.8966253801359217,0.36244910163600785,0.5005142653910294,-0.9511842685439967,-0.5742306711192443,0.3063969288960879,0.7228069137745116,0.12891477706591967,-1.3507461849940225,2.063419176130151,0.08809617483327406,0.15193338632919048,1.5326417759443272,1.3262960256748408,1.3507461849940225,-0.12891477706592036,0.04814519612450831,-1.1600669447440433,-1.3193140559302208,-1.3618633116434313,-1.1940202729240363,-0.11949971898598452,-0.7910682597479163,-0.9284540343304539,-1.1624527388592034,1.7498899926222238,-0.02767187758659086,-0.31415074923440073,-0.1921429132382052,0.4145951522438788,-0.2233527107470814,-0.37174181903963527,-0.9326642846196119,-0.08511336124321738,0
-1.6142124344896835,1.4182605411776974,-0.8790386569529866,1.7718540298733036,1,0,0,1,0,0,-0.4198281206240434,-0.2355665080816264,-0.2849672597681238,-0.36199838822692515,0.19286792820551132,0.09859289376787443,-1.4373340347484984,0.7995045730074466,0.6924873386350032,-2.1014390150106075,-2.333471753764726,-1.8900648607792154,1.1851288368217627,-1.4589564243441888,0.97193393324936,1.5378383122728723,-2.155916919320273,-2.174160506217643,-1.802476807963261,-0.7901484909597473,0.5408758950621125,-0.12368303924795032,0.5987258048955628,0.7011382233093418,0.9109829956091665,0.7901484909597473,1.8024768079632603,-1.4558905394934718,0.340918023760079,-1.2465331807511142,-0.39282577454383927,-1.176951992688579,-2.2933442916284594,-0.7910682597479163,0.012804842605544792,-1.658541513607341,0.27882240539001907,-0.3311783002420958,-0.6790794056453779,-0.2958730841701091,-0.008482709938082702,-0.667477223982284,-0.4540570296619595,-0.8213259083916238,-0.7036964187794109,1
0.6217103905899984,-1.0296772261111817,1.0038746524609323,1.0385308760612593,0,1,0,1,0,0,-0.356733435603381,-0.28208427435022915,-0.8350740607153893,1.049906766267419,-1.9495568978653288,-1.0283326978910672,1.0507136701793038,1.2642364331287188,0.5861773046474578,-0.15599638985700978,0.3785648371273721,0.11017955766221854,-0.1682497469030893,1.949492076960852,1.0985953489213311,0.1902989224094488,1.3464773807116475,1.2700305851439633,0.3699083794759778,-0.21659885141806862,0.48686657754381674,-0.6346554762330432,-0.6100919478456404,1.5458849804988894,0.74778484615359,0.21659885141806862,-0.36990837947597854,1.4964759044973779,0.7161642658861095,-0.646090960523493,-0.4574282770171454,0.06903246449978255,-0.43454965705011084,-0.709509049969999,-0.9284540343304539,0.015758101167622184,0.11228645211844858,-0.8623145398892288,-1.0713777112871794,-1.1775795370912954,-0.6007917169928287,-0.6040308649486834,-0.8656330827735822,-1.0440026608476,-0.8274130302866491,1
0.004904094016293398,-1.41619371568311,-0.8790386569529866,-0.13478617003801185,1,0,0,0,1,0,0.2363566035908452,-0.543165237532762,-0.4128990739419065,-0.2572628009468119,-0.5953914013716011,-0.21891391975508134,0.14302440898967872,-0.21854942803045008,-0.03156983227387429,0.8836447623751096,1.0264939458342883,1.1485907893833058,-0.1220513708440018,-0.5489833458965622,-1.0683932356423154,1.034244487467357,-0.3230872707486862,0.4011423804820238,0.25295560183580257,1.3156625590560507,-0.7474166130466856,-0.7703269409515862,1.0824729860605862,-1.5141148730616512,-0.9428549446044124,-1.31566255905605,-0.2529556018358033,-0.6760201580619267,-1.1600669447440433,-0.8553359766634215,-0.25070026910256554,-0.3576745413866426,-0.8756195703398886,0.02452383803125581,-0.09793149585751397,-0.790386157798101,-0.7481493064513315,-0.7864379342253526,-0.2776578835933038,0.30057539868834077,-0.3469449996836519,-0.857816301083085,-0.28942660841731066,0.4033962301162448,-0.1469716669968365,0
-1.1516077120594044,0.3617821363477598,-0.4445202009343899,-0.13478617003801185,1,0,0,1,0,0,-0.34411449859924853,-0.313483766581536,-0.8094876978806327,0.7200764637830845,-1.5103730115032894,-0.7975812672180459,0.9951446283138283,2.3602257272778533,0.07110884155624822,0.6375469932223128,0.07812306168680304,-0.5106732425501568,-0.3919592228532146,0.43618007429169287,2.5889124895091764,0.528938575260579,0.1622426310437405,-0.07521079952286662,0.21054164239835904,-0.9053100327574869,-0.947946839297374,-0.645968182470714,0.4343240889274614,-0.7004078410511887,-0.17499251348493022,0.9053100327574869,-0.21054164239835974,0.10385022336961848,1.7668537438389946,-0.973604898829468,-0.5866332819637576,-0.4942207832702994,-1.2851844898232538,-0.30171300108041293,-0.4301405112466897,-0.9764194483286528,-1.0257092285706153,-0.8623145398892288,-1.0348848456460813,-0.6848612251647502,-0.8884846632765624,-0.7626467625326843,0.2044646553166367,-0.2089648391376897,-1.3841377820692236,1
1.0586148506630406,-0.2051087150244015,1.4383931084795292,1.478524768348486,1,0,0,1,0,0,1.081825382867721,-0.6658558460662017,0.12441454558798068,-0.5095540498646537,-0.4589778793870149,-0.11829556335696156,-0.0622170803793375,-0.12104349107767717,0.3197903226110588,-0.18513874101599498,0.4419780065278396,-0.2252789135068712,-0.7878422670495551,2.317887269286517,0.46635615456207696,-0.5153741897104819,1.3637761659357552,1.5111127657723693,0.1590389773671773,-0.4649864905896614,2.402520013437601,0.6333213482036134,-0.9550654422101935,1.6024075961163284,0.9007144467564279,0.4649864905896614,-0.15903897736717798,2.248493772306368,0.491016520610491,0.16359627584405784,-0.1344157646506147,0.4103980692089227,1.0776900456576979,-1.0357458890816678,-1.2052948804881005,0.8219023601333442,2.4160338057085053,0.7310941790521709,0.3518440487156324,-0.21807545597118072,0.4145951522438788,0.9186817518577256,0.12214944469431245,-0.09762646290970158,0.7190446135538346,1
-1.691313221561397,-0.3854830768246345,0.27967722576327125,-0.4281154315628296,1,0,0,1,0,0,-0.7226826087232228,0.37497917419378457,-0.09306953850744984,-0.4343295949120862,1.2375307746283346,0.6240443105136111,1.488528264783469,-1.2669836407140747,2.106844801886456,0.4275364923401233,1.6340070025134168,-0.44172798095496185,-1.6587199361304508,2.0602071491861302,-0.3752583713438167,1.0847032504524843,1.1904415748786263,1.5626500063288329,-0.8195116582252774,0.21031740340811067,-0.011300078190601363,1.3630492100018157,-1.7901052655753873,0.602847268993984,-0.5986655443016158,-0.21031740340811067,0.8195116582252766,0.9951306592913848,-0.8598699510432187,-1.8196825727865715,-1.1163738022448682,-0.6649035856248688,-1.6317394216937933,-2.0960156161945913,-2.146553757424099,-1.2244638357027204,-0.24854144663662048,0.8069707847160468,-0.9254062487227878,-1.5925002208189127,-1.311562525458524,-0.09645999267988113,-0.37174181903963527,-0.32030321536567735,-1.2604211705619852,1
0.15910566815972013,1.109047349520155,-0.8790386569529866,-0.13478617003801185,1,0,0,1,0,0,-0.7479204827314877,0.4709220671227777,-0.2977604411855021,-0.34174565035508003,1.198797417530173,0.6262802739891249,-0.4827459406557934,-1.0950930379124981,2.53024596194861,-1.2263470890762098,-0.04529153880807329,-1.3769766312476417,-0.19438733251049964,0.12481676157448691,-1.6234819506705056,2.048422700060638,-0.42590768610066765,0.4509801264042659,-0.23432195700141584,-1.6456342300286648,0.7959854193152225,-0.12331901702568926,-1.4004637292963957,1.2343930291325502,0.4991755359218215,1.6456342300286648,0.23432195700141514,0.2152602778598393,-1.4602639384448675,0.4001341201761507,1.4548057961927168,1.178470679804488,-0.844114576533476,-0.13859458152457876,-0.04256332662598434,0.7598912632898273,1.2502821328075124,0.35171115073279,1.50136931641021,0.4043055696202447,0.9053654723749538,2.187608932529733,1.1922471827845313,0.4033962301162448,1.0901944480755505,0
-0.35489957898503444,-0.07626988516709207,0.5693561964423357,-0.8681093238500562,1,0,0,1,0,0,-0.23054406556205628,-0.37802716727922225,-0.5280377066983108,-0.1044992924277517,-0.41489264600104153,-0.20997006585302627,1.3827694042644516,-0.9016536969526496,-0.40214728076715783,0.22256145053202897,0.08353460141056863,-0.7932381749627303,-0.6799775015726158,1.1217396568692215,-0.9280753543967478,-1.127253660687379,0.2773319475896042,0.1562101664195059,-0.5566704711695901,-0.529783266025729,-0.801945468880682,0.30782247909807403,-0.5830324122398493,-0.025668549311716877,0.04390975064534442,0.529783266025729,0.5566704711695893,0.6330479821981672,-1.0850176963188372,-1.0463857740085747,-1.3877043126327533,-1.2281568333949502,0.1010352376589052,-0.7910682597479163,-0.6516131881728072,-0.790386157798101,-0.9424412519348303,-0.17942508891434333,-1.262965255902942,-1.3202085221226638,-1.2438700675094103,-0.4136917878478824,0.2044646553166367,-0.04195727479570725,-1.136704559054746,0
1.0072143259485644,-0.2824120129387873,-1.6032360836506476,-0.8681093238500562,1,0,0,1,0,0,0.5644489656982895,-0.6024753895252305,-0.19541498984647596,-0.39671736743580244,-0.5104626467546769,-0.15675413513579844,0.15546317298962506,-0.8456971565479331,-0.18990002568723502,-0.2967361050082833,-0.016087937235503336,-0.33220291776126043,-0.22418225313417903,-1.1920358833785698,-1.6520747284874764,-0.4478840028860976,-0.9167954199852469,-0.8011519524736247,-0.5029586926677684,0.04574314950473895,-1.4072435357767923,-0.4942663081177409,-0.19048053232898216,-0.5082073107969394,-0.7612538436871776,-0.04574314950473895,0.5029586926677676,-1.1216603760228097,-1.535313186870074,0.00893691608845806,-0.22485926811324272,-0.5624939042121272,0.29006520049738066,0.35076067714292497,0.6772228733838963,0.07776919801113909,-1.3032691506898992,-0.4070549059059717,0.21499580256151593,0.08014878545804377,-0.1269445113490324,-0.0647368131630805,0.9453015509175579,1.0714264874841732,0.22417816752487937,1
-1.3572098109173063,0.026801178718756015,0.27967722576327125,-1.6014324776621007,1,0,0,0,1,0,0.009215737516460692,-0.4646665069544949,-0.5536240695330674,-0.05820732014924861,-0.687112840149562,-0.3123771930315571,0.4438233087848081,0.3306414631884115,-0.2817832419810862,-0.21663872131331646,-0.526418145292267,-2.29338166610866,-0.05031445022798448,0.5254969671834644,0.21561271852350541,-0.0821276757402149,-0.17287329987588124,-0.3118181063133186,-1.7622723062536898,-1.3800988454323733,-0.09207673685469432,-0.2378196965396439,0.3026767378265699,0.12124673120021394,0.3799396803714178,1.3800988454323733,1.7622723062536891,0.0759977097470634,-0.25947596364157,-1.2920212277380552,-1.1292943027395286,-1.1257471519822078,-1.0016395455655394,-1.1988643086375024,-0.5962450189412776,-1.0384305451721696,-0.3595654154843339,-0.5588081172337243,-1.1169937933385516,-0.8145239388296306,-0.7192535184037778,-0.794369942049485,-0.12479618717266176,-0.7099875321636356,-1.3841377820692236,1
1.2385166871637046,1.1348151154916164,0.5693561964423357,-0.13478617003801185,0,1,0,1,0,0,0.04707254852885811,-0.48269214138357847,-0.6559695208720935,0.1587862999062346,-0.9828555248935813,-0.4939374272432755,-0.022462625519516697,1.0282979419843152,-0.5883903251899347,0.4176672542227751,0.07422452703728982,-0.14345156703430956,-0.18258782623967976,2.019966282733235,1.4490283129231938,-0.6125918013364708,1.7864905797050183,1.1414524741939664,1.0713719007766844,-1.2582244350408798,2.0495613367561587,0.04023355779912106,0.18875360351216783,1.2072119630595843,1.0179106549870174,1.2582244350408798,-1.071371900776685,1.8585585815905954,1.3165582532877582,-0.04564874029587195,-0.354064273059855,0.3421249482670949,0.3530751881102058,-0.30171300108041293,-0.762349526635866,-0.046252995675895824,1.916425945893794,0.04820472807728505,0.041654690766301246,0.13201387092399572,0.6176725260912207,-0.0647368131630805,0.12214944469431245,-0.4316415915936655,0.16231986177126023,1
-1.4086103356317816,-1.3131226517972627,-0.15484123025532542,-0.8681093238500562,0,1,0,1,0,0,-0.3945902466157784,-0.2611512795293579,-0.8478672421327675,2.129088370010022,-2.3517043920386365,-1.8462481372340054,-0.4011924342055997,-1.8250331959955322,1.8387159199279821,-0.3230317288710204,0.19793418772677868,-0.17519638119148553,-0.1677744455599756,-0.7830236661688106,-1.2103938959065106,0.7605516657284022,-0.8281394509003441,-0.303413115034881,-1.6504213207283431,1.3979208031972914,-0.22452017527986687,1.2923693026126064,-1.7493051831554816,-0.3847738780698999,-0.5535479903231776,-1.3979208031972914,1.6504213207283416,-0.8988402670423681,-1.3101654415944555,-1.0463857740085747,-0.5478717804797735,-0.8185181077439823,-1.033144539371952,-1.1173050988595852,-0.5408768497097485,-0.728375060954584,-0.49834537654397587,0.5793409677244183,-1.272088472313216,-1.825893105415697,-1.8192559600768776,0.15732544345452057,-1.0302635040182315,-0.5429799678216537,-1.136704559054746,0
1.4698190483788447,0.4648532002336079,-0.8790386569529866,0.5985369837740325,1,0,0,1,0,0,-0.7605394197356201,0.5232545541749558,-0.46407179961141953,-0.2260157196588223,1.0697410290860936,0.5770890775278218,-0.107161683649748,-1.616724530927024,1.7929335743146728,-0.13927090702356842,0.996938998386805,0.3931715171679388,-0.708800210662043,-0.29361659147486857,-0.008653699797633923,0.6827370903046287,1.1353407170172014,1.7413078547937721,0.30418285154596364,0.23455420748543962,-0.14436730890332974,2.210336069822332,-1.764915326876277,1.3139304307257462,0.403978678180534,-0.23455420748543962,-0.30418285154596436,-0.5924626171942612,-0.4846237089171882,-1.455778196891044,-0.9484072958142716,-0.5112890635057554,-0.9071245641463012,-1.7697787770829225,-2.0358174189610403,-0.9144083514851348,-0.3318094232724056,1.5657368413548085,-0.8159276517994943,-1.5017363212534962,-1.0069464646875115,0.4428340591057229,-1.1125787146405561,-1.1553410370755877,-0.76555472453303,1
-1.691313221561397,1.109047349520155,0.27967722576327125,-0.13478617003801185,1,0,0,1,0,0,-0.7226826087232228,0.37497917419378457,-0.2977604411855021,-0.34174565035508003,1.0333628700546864,0.5524934792971703,0.9320090960482303,-0.16661740745515868,2.164439237767555,0.3416718749118456,1.2097716176556041,-1.6273730108384616,-1.5638892167443497,2.0027411250119878,-0.33493106351393187,1.294975781833552,1.546959612044347,1.871359178697002,-0.7279513648365102,-1.4975693905744285,0.7051339988610995,-0.10683896620114768,-1.6575351734175208,1.0723620104301945,0.2542556548034231,1.4975693905744285,0.7279513648365102,0.7723105503109431,-0.9349191994684248,-2.1835869486821,-1.3747838121380926,-0.8185181077439823,-2.009799347370745,-2.259134035750426,-2.368026434350216,-1.534519319920306,0.8061862574166584,0.04820472807728505,0.4795690784594736,-0.5033334260339178,-0.07617516788719629,1.4579758036433286,0.6983559190505837,0.013711913318286572,-0.08511336124321738,1
-0.07219669305541997,-1.158516055968491,-0.8790386569529866,-0.13478617003801185,1,0,0,1,0,0,-0.5081606796529707,-0.10764265084296887,-0.5664172509504457,-0.020595092672964856,-0.09200628445211761,-0.06686840342014477,-0.8742832947320387,0.29693121247605925,0.1549676221707041,-0.5327624227278019,-0.1708024718404056,1.5751362035406367,1.0583759368757946,-0.903921918928141,0.06522391205879777,-0.5825222792982729,-0.0987863016165407,0.15519519171614857,0.8686312511301267,1.286800017252106,0.31252407293412954,-0.342207524427839,-0.7972246434137354,0.6217728564708527,0.37356947702614457,-1.286800017252106,-0.8686312511301275,-0.9823978079100336,-0.25947596364157,-0.9463120706373036,-1.0646918002662225,-1.040405750804923,-0.024984737566746233,0.5138790966987595,0.12354118106860354,-0.9144083514851348,0.19555442875423396,-0.4070549059059717,-0.2959043164138529,-0.6459624110652865,-0.38079122865820925,0.41111087958892223,-1.1125787146405561,-0.7099875321636356,0.10046155601764112,1
1.4698190483788447,-1.3131226517972627,-0.8790386569529866,-0.8681093238500562,1,0,0,1,0,0,-0.7605394197356201,0.5232545541749558,-0.8478672421327675,2.129088370010022,-1.1907743066096708,-1.2429851915403893,0.002384357315806522,-0.7574817539096858,2.1300573556190803,1.1127762531945877,1.7086396244209372,1.272675018386469,-1.2728517401314963,-0.26448158080068046,-0.3206369663892984,0.8714755375493071,0.9286972112305758,1.6153756442897471,0.004530982273630621,1.731283161032851,-0.2675823861339524,0.71846040509347,-2.0361108920184905,-0.5824086704172958,-0.6442152847299588,-1.731283161032851,-0.00453098227363133,-0.5646101035717058,-0.7097714541928067,-1.4284853686988783,-0.8450432918569822,-0.47715250303484213,-1.0016395455655394,-1.9328971966387571,-2.146553757424099,-0.9144083514851348,-0.49834537654397587,0.19995793940503753,-1.1169937933385516,-1.8388593767821853,-1.886948418025992,0.5380035976561225,-1.277209135885205,-0.7099875321636356,-1.0129879475475077,0
-0.14929748012713334,-0.07626988516709207,0.5693561964423357,-0.8681093238500562,1,0,0,1,0,0,-0.6217311126901629,0.10459465775753113,-0.5280377066983108,-0.1044992924277517,0.26839092480453836,0.16119987108226008,0.638726664252159,-0.46261133664843396,0.17536376050098268,-0.04472472119602347,-0.41134032049966646,-1.3862162311475268,-0.5597855556413665,-0.0143672770744755,-0.6876876679972966,-0.23051855802070695,0.06748973979703315,-0.20867641757055,-1.1234618125076608,-0.7763978591033001,-0.9025205889419503,-0.05396183172708852,-0.47137705501141886,0.1273418836376168,0.3310306562500539,0.7763978591033001,1.12346181250766,-0.09111737198826762,-0.7097714541928067,-0.2821865846279648,-0.354064273059855,-0.3064697006802721,-0.24551969421163483,-0.8726274695258333,-0.4855086804782194,-0.23228628620644656,-0.9979532363586869,-0.4070549059059717,-1.0987473605180025,-1.1386807229918314,-1.0238695791747903,-0.2233527107470814,0.2044646553166367,-0.15329565102369538,-0.9511296417938885,1
-1.0488066626304537,1.2378861793774645,-0.4445202009343899,0.5985369837740325,1,0,0,0,1,0,-0.7353015457273552,0.4098674988952366,0.03486227566633282,-0.47772831892318285,1.4165385278723253,0.684415324352483,-1.629803444432351,-0.9479109828714593,0.6735783215845433,-1.3341295878786446,-0.6236839738335819,-0.6489976986385035,0.6407301659501988,-0.09147787576079765,0.36857501102886625,0.2505651023466786,0.3821573672286112,0.7449976547059568,0.8285736227725414,-1.7069246864476295,2.174877747688701,1.6702679271866523,-0.6690103671613565,2.181263705973041,1.538164919300715,1.7069246864476295,-0.8285736227725421,-0.09111737198826762,0.340918023760079,0.00893691608845806,0.13691474573727128,0.2909201075607231,0.19555021907814235,-0.05703537174666111,-0.4301405112466897,0.015758101167622184,2.3882778134965768,1.9451198696741894,0.7258959215368835,0.2357440418559006,1.1253659607095745,1.1407440084753266,-0.37174181903963527,-1.0440026608476,0.7190446135538346,1
-1.305809286202831,-1.158516055968491,-0.8790386569529866,-0.4281154315628296,1,0,0,1,0,0,-0.8236341047562825,2.1368395716171134,-0.3617263482723934,-0.3093412697601279,2.400338970197056,1.8824445545327626,-0.16885085762663196,-1.3402178493029764,-1.8922441431854726,-1.2779615401307025,-0.8634812716972998,-0.8672459186404474,0.35783916495442447,-0.2957677692967475,0.5821619877505091,-2.1003848646283227,-0.6882778708521647,-0.7398379164442291,-1.2246659564705729,0.031788787753525546,-0.060736442340541576,2.4226881576467694,0.4760769056812653,1.0439590386471893,0.400260215393268,-0.031788787753525546,1.2246659564705722,-0.5089050763265954,0.11577027848446049,-1.0554833834059623,-1.8270013294512357,-1.9279563230486876,0.6366201323679207,-0.9541866793037505,-0.5408768497097485,-1.1624527388592034,-0.38732140769626244,1.413983630027056,-1.3359509871851372,-0.9312203811280227,-0.5161761445564365,-1.6508957890030895,-0.9479482933959068,-1.0440026608476,-1.3841377820692236,1
-0.12359721776989524,-0.5658574386248675,-1.168717627632051,-0.13478617003801185,1,0,0,1,0,0,1.5361071150164898,-0.7036515311594415,0.5849690766135982,-0.6038739433821038,-0.34639869134714646,-0.0744706792368916,-0.4534474914489818,0.16829532689271412,-0.21552132931853207,-0.830290047596504,-0.9784247147406487,-0.31603614291370047,0.6989623058098251,-1.071894732631444,-0.026714594264017896,-0.4209905942582717,-1.7075966240612697,-1.2735294421671188,-0.042827790168833695,-0.38855952469070976,-0.4404948120993218,-0.25775271185073007,-0.12843006986572233,-0.5715552934969095,0.02864642057411313,0.38855952469070976,0.04282779016883299,-1.0659553487776992,-0.18442671521636386,-0.4823339913705056,-0.6124742829530796,-1.1940202729240363,0.006520256239666901,0.8401159358104279,0.954063719541543,-1.0384305451721696,-0.5261013687559044,-0.4070549059059717,-0.5513543759015367,-0.5292659687668935,-0.7023304039164997,0.12560226393772106,0.6160407084282594,0.45906541823023866,-0.5181215015185524,0
0.030604356373531493,0.2587110724619126,-0.4445202009343899,-1.8947617391869185,1,0,0,1,0,0,0.2363566035908452,-0.5449096537678346,1.8131144926819118,-0.7138173775435486,0.58094078850091,0.13257953859568378,0.4414463822073109,-0.06256573956217655,0.42577567879971184,0.6410300084921827,1.0930274373333315,-0.045474412243437914,-1.0084774219440331,-0.4670061148465915,0.08612331917908227,-0.8551318895552067,-0.13541090113637427,-0.14375231029053556,-0.49529816032406576,0.42920901042807535,-1.080468947845209,0.1721498915862356,-1.4413746968868177,-1.0002613172820891,-1.5613353524885063,-0.42920901042807535,0.4952981603240644,-0.5924626171942612,-0.18442671521636386,-0.7734574920869285,-1.051771299771562,-1.040405750804923,0.1010352376589052,-0.6279498401920818,-0.4855086804782194,-0.790386157798101,-1.0257092285706153,0.12408133374116129,-0.0951935553878152,-0.8145239388296306,-1.1084851516111824,0.3476645205553221,0.5337254978059351,0.848749735028197,-0.5799798072721716,1
0.7502117023761872,-0.87507063028241,-0.15484123025532542,0.3052077222492148,1,0,0,1,0,0,0.4130217216486998,-0.5838682830177894,0.7512804350395157,-0.6206547833330611,0.14745149687861508,0.030619604112255734,-0.2840836013270237,-0.027653302251794718,-0.49190968521191963,-0.5086823144723704,-0.5512167727864943,-1.8448309325368657,0.2494643991600638,-0.2239476797847628,-0.2155359593421883,-0.14509178111251786,-0.5126065188716039,-0.4248332811198793,-1.4375436385994584,-1.0903910820752802,0.17125928006092808,-0.17796416735053217,0.5266537713366457,0.17890514003934901,0.30184178907093734,1.0903910820752802,1.4375436385994576,-0.5924626171942612,-0.7097714541928067,-1.6923160412231368,-1.4910683165900436,-1.5695224381040902,-1.1276595207911904,-1.0357458890816678,-0.5408768497097485,-1.5965304167638241,0.5206960518082521,0.25415551487923493,1.3827675030766426,1.491620039924313,1.4904217160780089,0.5923861911134952,1.086413340555828,0.5704037944582268,1.2227479604047344,0
-0.09789695541265715,0.49062096620506923,-1.8929150543297122,0.3052077222492148,1,0,0,1,0,0,0.6527815247272168,-0.6199195518759565,0.07324181991846762,-0.4950878085276215,-0.3274212449792013,-0.09414715782141281,-0.05820818423413556,-0.6865084044464187,1.0028290802199624,-0.5246556853795672,0.08486138986238723,1.353724163241089,0.4688018115063125,-0.8523303848668511,-0.1703643364701786,0.6408424094351035,-1.3135651145562834,-0.8533498272547514,-0.16027754582615011,2.0052796195278315,-0.7706985807344922,0.771587077406421,-0.7269161287578259,-0.5937326991336043,-0.9434539782369411,-2.0052796195278324,0.16027754582614942,-0.8152827261747027,-0.18442671521636386,-0.07294156848803632,0.26611975068388355,-0.2894014204448148,-0.43454965705011084,0.4323198869208419,0.5664865349208381,-0.35630847989348147,-0.7759052986632599,0.5793409677244183,-0.323273965644676,-0.6329961396987983,-0.8038690908401701,-0.09645999267988113,-0.7833178721512579,0.18071947766026855,0.038603250264021984,0
-0.5605016778429365,-0.4885541407104817,-0.15484123025532542,-0.4281154315628296,1,0,0,1,0,0,0.21111872958258027,-0.5420022933760469,-0.2210013526812325,-0.38688032332662053,-0.34492642700198883,-0.1178483706618588,0.04505204982985212,-0.021795073342596193,0.25689784379313635,-0.014986426990749072,-0.2158506640809057,1.0690031733023955,0.7248541291708425,-0.5711211250564076,0.9554960430606908,-0.6175621803347187,-0.35114889091330864,-0.8932629929013431,0.46476756340334147,0.9970420184583276,-0.6333034708183134,0.9871093826476067,-0.9717783923606923,-0.3279475332775469,-0.5914810182342235,-0.9970420184583276,-0.4647675634033422,-0.3974950218363748,1.2415090048625523,0.8095265430586199,0.33072225315718967,0.17144214591252482,0.5106001571422693,1.4925896140337656,1.3416409041622488,0.38782468222872474,-0.47058938433204756,1.2622304186993043,0.7623887871779818,0.09311505682453199,-0.0423289389126401,1.109020828958526,-0.04248097655033679,0.514734606344233,0.7190446135538346,1
-1.1516077120594044,-1.3904259497116478,-0.4445202009343899,0.3052077222492148,1,0,0,0,1,0,-0.4955417426488382,-0.18555990934287844,0.38027817393554597,-0.5737841614010768,0.8305536391469658,0.30072399195431954,-0.37043871232212416,-0.427654089311163,0.8751146935227806,1.7027163988499097,1.3577363315739017,0.2892052820966333,-1.2763889164670186,0.019220142511567163,2.1910633044994583,0.7974331771317137,0.9953008607364175,0.5893920517106696,-0.37315522795503414,0.7645323233097278,0.5343085868955344,2.781927777946446,-0.39496766370647135,-1.3133367086977288,-1.189697104852054,-0.764532323309727,0.3731552279550334,-0.2582324537235989,1.391607501712964,-1.06458099280335,-0.5478717804797735,-0.15285517856115927,-1.5687294340809674,-1.1988643086375024,-1.2052948804881005,-1.0384305451721696,0.3620903820258042,2.3245028979935705,-0.39625969692687113,-0.5292659687668935,-0.9731002357129547,-0.15990635171348128,0.12214944469431245,0.5704037944582268,-0.5181215015185524,1
0.5703098658755232,-1.5450325455404195,-2.327433510348309,-1.6014324776621007,1,0,0,1,0,0,3.6813264057190103,-0.7716837643272729,0.21396681550962854,-0.5396438318456808,-0.9656150274258806,-0.17643061372031965,-0.39144316000156426,-0.61349494968866,-0.31315928824318895,-1.0018555698266307,-0.34418709101581263,0.9798539095507598,0.7241634988726933,-1.2283109182855423,-1.0992600590998933,-1.1656508888167636,-1.5294626476837154,-1.3629769181705316,0.03622492998512883,1.300476421676128,-0.6830025540396139,-0.25917352405183947,-0.7432674903909782,-0.16314673975194527,-0.8832216034465321,-1.300476421676128,-0.036224929985129536,-1.1495128896453646,-1.009968447893631,0.07262018187017576,-0.5478717804797735,-1.0745423112758372,0.8256500952063961,1.0847935651441794,1.1755363964676604,-0.4183195767369984,-0.9424412519348303,-0.7864379342253526,-1.8286046733399568,-1.8388593767821853,-1.7684866166150421,-1.3653871733518879,-0.7833178721512579,-0.26463402725168356,-1.3841377820692236,0
-1.3829100732745436,-2.24076222676989,-1.168717627632051,-0.13478617003801185,1,0,0,1,0,0,0.29945128861150755,-0.560609399883488,6.648937068450896,-0.7930923800704851,1.2231113218546303,0.1817707350569868,-0.4248280916256874,0.9079650582085077,0.611370185523394,-0.4994153975096206,-0.6017658041723387,-1.5540013194810174,-1.3073883999167142,-0.833920915913698,-0.43072791495606816,-1.4284902240379158,-0.9515301486802739,-1.670964180259318,-0.9919856992599327,-1.1356331163529634,-0.24251015052263022,-1.6777043067129336,-2.2712584367190085,-0.26884302479362965,-0.8490462777502336,1.1356331163529634,0.9919856992599321,-0.8709877534198129,-0.5596729573423944,-0.5733100853443877,-1.168055804223513,-1.4159079159849774,-0.11949971898598452,0.2692014673650073,0.8986955503100138,-0.8523972546416179,-0.47058938433204756,-1.6969572021918669,-1.0805009276974533,-1.9166570049811138,-1.870025303538713,0.41111087958892223,2.2623449208747504,1.6837875567381073,-1.6934293108373202,0
-0.7404035143436003,-1.132748289997029,-1.6032360836506476,-0.4281154315628296,1,0,0,1,0,0,0.5770679027024219,-0.6042198057603031,0.06044863850108935,-0.4887226623393273,-0.3021483846076716,-0.08699207469976873,-0.7697065397121321,0.3726706716824444,1.263701305959642,-1.0812685233197505,-0.8611782223936917,-0.853164044146902,0.05401909417772026,-1.4768739739125218,-0.4681049958272275,1.7632287015580586,-2.586020360717137,-1.8103699960626953,-1.3546042819258675,0.17986603418274572,-0.4053793930537817,-0.9804395011793028,0.04435278044693455,-1.1035295050750429,-0.6479000750805873,-0.17986603418274572,1.3546042819258675,-1.3475752087390906,-0.26781476902214846,0.637682809996843,1.529457576828537,0.1752350970759591,-0.8056084729923056,0.051710241290561454,0.8740874750960009,0.139780294854656,-0.5102408017776596,-1.0465862965014996,-0.6243401071837319,-0.5088903994766987,-0.8788143121409748,-0.3139903665093679,0.1456680763006908,0.2522941480925468,-0.8097392286427579,1
-0.35489957898503444,1.4182605411776974,-1.168717627632051,1.7718540298733036,1,0,0,1,0,0,0.526592154685892,-0.5908459479580798,-0.2593808969333673,-0.37935787783136377,-0.5589757923525605,-0.161226062086826,-1.3384214950641635,0.905117135364006,-1.7363075131661982,-2.8096642962045073,-3.6607985329277932,-2.7206100432290166,2.013404611034113,-1.657124103561295,1.0520574574827815,-1.827769299004304,-3.2619434659194786,-4.1581415496287,-2.634980600574435,-1.0972459357537168,0.20532879069766624,-0.188373607845846,0.5368586610441041,0.5611878965601415,0.6996014773169528,1.0972459357537168,2.6349806005744343,-1.5951531076062477,0.5660657690356972,-0.888693877787179,-1.5858186535508927,-2.4798307173284635,-0.8756195703398886,0.051710241290561454,2.0429710477616196,-0.6870343297255728,0.11228645211844858,-0.2553016945782196,-0.25028823436248077,0.054216242725068246,0.27921023634565156,-0.4136917878478824,0.28677986593896093,-0.2089648391376897,-0.332546584257695,0
-1.305809286202831,1.7017059668637786,-0.8790386569529866,0.3052077222492148,0,1,0,1,0,0,0.4256406586528323,-0.5844497550961469,0.7384872536221374,-0.618340184719136,0.13559032629477505,0.028383640636741956,-1.1166169860266395,-1.4647780466275473,1.1514099198257757,-1.363030543866646,-0.6089478515781086,-0.3618676380033764,-0.1450009887393997,-0.7788713528022622,-0.2491664807661297,-0.13874900350373323,-0.972958136989376,-0.8725682201521858,-0.31054414497595056,-0.18555039652161812,0.7744440219824922,1.7608443274523657,-1.7134453004808439,0.8765976957263515,-0.06023100449494276,0.18555039652161812,0.3105441449759499,-0.7874302125521474,-0.3345252120667762,-0.3367722410122935,-0.354064273059855,-0.6990401460957827,-0.24551969421163483,-0.22015379130249568,-0.09793149585751397,-0.6663639641110671,0.4731143508735179,1.2622304186993043,-0.6882026220556532,-1.385039878955104,-1.0238695791747903,0.3476645205553221,0.2044646553166367,0.1250502895462747,-0.5799798072721716,0
-0.5862019402001745,-1.41619371568311,1.0038746524609323,-1.8947617391869185,0,1,0,1,0,0,2.3058622722685707,-0.7408657441743236,1.966632669690451,-0.7201825237318428,-0.08982598680973851,-0.013205280007814225,0.9279837514400157,-0.3222783158292108,0.0753538010543288,0.14989199351019117,1.0489701773152114,0.49677875280874706,-0.48635223425564944,0.5187094346918751,-0.751611867822715,0.2265059182706402,0.38013484162240413,1.119103126210568,0.07195265285990604,0.6061852033378367,-0.7720956406292524,-0.31061116696246327,0.12460543330596414,0.17444078883573577,-0.2711262178411775,-0.6061852033378367,-0.07195265285990675,0.4659329004628361,-0.7097714541928067,-0.03655113089848297,0.08523274375862654,0.2397152668543526,0.5421051509486824,-0.709509049969999,-0.8177176958673952,0.44983577907224165,-0.933189254530854,-0.6852691266735177,-1.3541974200056863,-1.0954598184368711,-0.9674591975505289,-1.3865359596964213,-1.0302635040182315,-0.914107888581614,-1.2810406058131916,1
-0.1749977424843705,1.2378861793774645,-1.6032360836506476,-0.8681093238500562,1,0,0,0,1,0,0.6654004617313493,-0.6199195518759565,-0.08027635709007157,-0.44185204040734294,-0.4511934425740853,-0.13528888577086623,0.6956662181298388,-0.9641618404501803,1.0089148991280645,-0.016953955732143394,-0.05822660372678646,0.6228930047375596,0.7375532160976079,0.30148030677480875,-0.7017853480999062,0.4602151847183648,-0.19716705454197211,-0.119541662603347,0.06512235289855199,0.7849642097577141,-0.6661052404076451,0.620309228435084,-0.9167485882985192,-0.17260377578199168,-0.04101173008655014,-0.7849642097577141,-0.0651223528985527,0.3893384880008092,-0.5596729573423944,0.4001341201761507,0.5891322630504142,0.47867119015075044,-0.12737596743758725,0.7993363309214695,0.8433273810784847,0.37232190801784526,-0.7203933142394032,0.35171115073279,-0.5513543759015367,-0.9052878383950472,-0.9054077777638412,0.4428340591057229,-0.7010026615289333,-0.4316415915936655,-0.20882997275045564,0
-0.25209852955608386,0.0010334127472937634,-1.168717627632051,-0.4281154315628296,1,0,0,1,0,0,0.8042087687768065,-0.6321304655214648,0.03486227566633282,-0.4794642678836267,-0.41879934682925535,-0.11561240718634504,-0.15995072062727583,-0.03145943652114075,-0.698781599125546,-0.8016963225161577,-0.8591036094913767,0.6733287713656063,0.9286166895681763,-0.2830286120624234,0.31634593176667464,-2.1962131688978683,0.18660590484752235,-1.271972249500183,-0.22109974072011698,1.13762416762706,-0.06038348368387744,0.3600874738018365,-1.251724577425011,1.2680752315313206,-0.12495656455989708,-1.13762416762706,0.22109974072011698,-0.28608496734615396,0.26586877533487285,-0.06384395909064733,-1.1809763047181743,-1.05747403104038,0.6051151385615076,0.5954383064766764,0.7879592118469556,-0.6043528672675491,-0.05424950115312168,0.35171115073279,0.05077790717657645,-0.6070635969658218,-0.11002139686175369,0.1890486229713212,-0.37174181903963527,0.18071947766026855,0.47161139053935697,0
-0.07219669305541997,-0.9008383962538722,1.7280720791585935,-0.4281154315628296,1,0,0,1,0,0,0.009215737516460692,-0.4733885881298579,0.6233486208657331,-0.6073458413029915,0.3500267568731014,0.10530078419441576,-0.18805991869037844,-1.0687991172603377,0.12338375050422908,0.6522071568266926,0.41672227121265815,-0.6665198800325385,-0.5360327665727201,-0.21334730389398335,0.4713254593216812,-0.3922383324142537,-0.08203000084870152,-0.3677665771818365,0.22845561284398783,-1.1356331163529634,0.04832778256871154,1.9391238289427983,-0.5628314170751414,-0.9624293366361332,-0.9008118446137451,1.1356331163529634,-0.22845561284398855,0.1317027369921738,1.0163612595869336,1.5191400760548999,1.0413497803635572,0.9565830367435462,1.140700033270523,1.247911984700014,1.2309045656991897,1.0079356506638961,0.5008703430854462,2.8556391376407038,1.8389283235903642,1.1952481229760152,0.6684418695530556,1.6800380602609295,2.2623449208747504,1.6837875567381073,0.47161139053935697,0
-0.27779879191332196,0.026801178718756015,-0.8790386569529866,-0.4281154315628296,1,0,0,1,0,0,-0.23054406556205628,-0.3838418880627976,0.2267599969270068,-0.5396438318456808,0.36487266691923487,0.12184691391321768,-0.4175153475863327,-0.0849436141384673,0.3365540072752838,-0.6123695603720541,-0.7470473502738835,0.09017599783029633,0.6916600801297738,-0.96162136905358,-0.21477778333585182,-0.3103271268296415,-0.7031357598312643,-1.0500233971075217,-0.22109974072011698,0.3422733367180179,-0.3802754872501079,-0.09857189226675275,-0.7719294372010648,0.13005438603122546,-0.05394533408348825,-0.3422733367180179,0.22109974072011698,-0.8988402670423681,-0.18442671521636386,0.06352257247278678,-0.10857476366129187,-0.3747428216220998,-0.18250970659880966,0.5954383064766764,0.7879592118469556,-0.23228628620644656,-0.6093693453916895,-0.482931511569848,-1.2264723902618437,-1.3720736075886157,-1.2438700675094103,-0.4136917878478824,-0.6186874509066087,-0.5429799678216537,-1.136704559054746,0
-0.5862019402001745,0.49062096620506923,-1.8929150543297122,0.5985369837740325,1,0,0,1,0,0,1.460393492991695,-0.6960923941407935,-0.5024513438635544,-0.1855102439151321,-1.2434645926917873,-0.3919774927598474,-0.5989701286085302,-2.0019630669752098,2.9752224053852836,-1.5970891056402001,-0.3434347850642325,-0.8251080206378806,0.06985681112846978,-1.2310759478379838,-0.21357417892579186,2.0801275888930304,-1.2210312632918874,-0.6228512956456799,-1.535794876505097,0.3978337296906128,-0.39719403737453485,2.533803212985916,-1.9769010786046932,0.9468106469323383,-0.1616110213965608,-0.3978337296906128,1.5357948765050964,-1.17736540326792,-0.25947596364157,-0.19121049065408274,0.8863037744276221,0.2909201075607231,-1.537224440274555,-0.8726274695258333,-0.26403600355210183,-0.17027518936292965,-0.5538573609678327,1.793366658346437,-0.8797901666714156,-1.6443653062848649,-1.2607931819966884,0.28421816152172197,-0.7833178721512579,-0.7099875321636356,-0.9511296417938885,0
0.4932090788038099,-0.5658574386248675,0.27967722576327125,-0.13478617003801185,1,0,0,1,0,0,0.08492935954125552,-0.5001363037343045,0.20117363409225028,-0.5367505835782743,0.07321041308344502,0.03017241141715298,-0.14625846721591623,-0.09506775462377952,-0.04497753344263919,-0.23248324008646848,-0.32271638668405755,-1.7535549753733282,-0.49367839570332805,-0.6735114751145354,1.1403227802680818,-0.7424037717501105,-0.5801773643134852,-1.0394314779044027,-1.7923397754809332,-0.614019074092617,-0.4695887712012158,1.272833805160967,-0.6845583984896761,-0.2612240842468772,-0.5952554212165782,0.614019074092617,1.7923397754809325,-0.7038726716844818,0.8662627627365218,-0.4004555067940112,-0.7029177864157086,-0.8697229484503528,-0.2140147004052217,-0.709509049969999,0.12354118106860354,-0.23228628620644656,-0.38732140769626244,1.33810702436318,0.31535118307453414,-0.10137901367278856,-0.194636969298146,0.4428340591057229,1.1099319721622063,0.848749735028197,-0.08511336124321738,1
-0.9974061379159777,0.9029052217484598,-0.15484123025532542,1.0385308760612593,1,0,0,1,0,0,-0.43244705762817587,-0.2239370665144757,0.9175917934654332,-0.6391715722444624,0.9555367192800969,0.321742048624149,-0.028227977281672208,-0.5645811502109422,-0.07208996779935443,-0.18066873208094444,-0.06806037191453927,-1.4238507684477693,-1.2729649729105295,-0.8923645785737582,-0.31032163856739686,-0.30483823161005363,-1.0005415907748056,-1.5065678732750099,-1.1014209826064827,-0.8495867060811603,-0.8523884829444742,0.4640319416892652,-0.2077836232711841,-0.7480481129757252,-1.3823884817985344,0.8495867060811603,1.101420982606482,-0.8988402670423681,-0.40957446049198204,-0.4095531161914002,-0.4961897785011287,-0.8355863879794388,-0.7180946013078251,-0.22015379130249568,0.34501385799472056,-0.9144083514851348,-0.794409293471212,0.4528799582846249,0.05990112358685037,-0.058158109117828136,-0.3469449996836519,-0.5934564717764167,2.2623449208747504,1.8693515171180877,-0.8686519007890618,1
-2.2310187310633887,-1.41619371568311,-0.15484123025532542,-0.13478617003801185,1,0,0,0,1,0,6.571062979665346,-0.7995944240884346,-0.42569225535928473,-0.2543695526794055,-1.8865106111558763,-0.4183618617709099,0.7138088162946361,0.42497362119009774,-2.317667357552826,0.4482846492759124,-0.4434833203072491,1.7657644166537299,1.4205590408964457,0.1126330688020511,-0.7128209874985008,-2.4408723979899634,-0.18540068180008268,-0.9554266014658616,1.116988546947158,1.300476421676128,-0.8800268998588514,-1.2973780491491347,0.7154875569475729,-0.7894437826606783,-0.3562380812096,-1.300476421676128,-1.1169885469471588,0.2152602778598393,-0.5596729573423944,0.4456221671630917,-0.9613277963089331,-0.972132629863095,1.8023049032051899,2.2266225020350205,1.6738499195514247,-0.17027518936292965,-0.9146852597229018,-1.317574173872486,-0.6243401071837319,-0.1921429132382052,-0.48232991558187904,-0.794369942049485,-0.7833178721512579,-0.26463402725168356,-0.3944048900113141,0
-0.7404035143436003,1.4182605411776974,-1.6032360836506476,1.7718540298733036,1,0,0,1,0,0,0.5770679027024219,-0.6042198057603031,-0.2593808969333673,-0.37935787783136377,-0.5829157817805977,-0.17151149407418936,-1.4989646219193604,-0.39949645531119937,0.8012309581198758,-2.381779013057749,-1.9995204969082483,-1.9525038703422082,0.6992937177375537,-1.5233478362807753,-0.5104190935934299,1.486696569683004,-2.480674404000082,-1.7404097402630108,-1.0787610282698779,-1.5930803518273147,0.5622355866718595,0.03699477926948301,0.3986771149149605,0.7578355119998293,0.9003032063290736,1.5930803518273147,1.0787610282698772,-1.4001855122483615,-0.3345252120667762,0.5456958705343614,1.2868392897621204,0.03489590402886805,-0.655084613695,0.35076067714292497,1.0648000580046022,0.015758101167622184,0.5286263352973745,0.04820472807728505,0.05077790717657645,0.2487103132223888,0.549980068142106,-0.033013633646279864,0.8629863402952329,0.1250502895462747,-0.023255055489598248,1
-0.8689048261297889,-0.6431607365392533,-0.15484123025532542,-0.8681093238500562,1,0,0,1,0,0,-0.15483044353726144,-0.41000813158888666,1.7107690413428855,-0.7109241292761421,0.8538874243168104,0.2340922803840091,-0.10966359396644398,0.20079608570551868,-0.3685699134254636,0.5618350316946908,0.1017125165816686,-0.21662188167258511,-0.08247231115533991,-0.41771128691166304,0.6324906974373804,-1.6142904323365312,0.21061792447394867,-0.318193911521318,-1.7073885877769175,1.3979208031972914,-0.26488229922196377,0.35801636678560433,-1.1183587841046063,-0.550157752673807,-0.4428856762057521,-1.3979208031972914,1.7073885877769168,-0.3696425082138195,0.641115017460903,0.14540105704928116,-0.7287587874050313,-0.6136987449184976,1.140700033270523,-0.709509049969999,0.06817301183707392,0.38782468222872474,-0.5014293756786345,-0.09511774928781422,-1.1413223704326168,-1.455634023061539,-1.531563013793144,-0.011864847301746482,-0.847340813746399,-0.2955613539816801,-0.5937260974396413,1
0.030604356373531493,-0.5916252045963298,-1.6032360836506476,1.0385308760612593,0,1,0,0,1,0,-0.5460174906653681,-0.04077336183185243,2.3248417493770424,-0.734648765068875,1.5566890130234468,0.5363945422734712,-0.6577023615383975,0.28396651584447,0.3512055326444179,-0.3659220020197889,-0.4315973190747814,1.138424624577519,0.5981028140369815,-0.1359457280985278,-0.3342748065440777,0.7222580315825845,-0.03203136146079477,0.5732452074234857,1.6975640436622979,-0.13094794135889734,0.7787157742534045,-0.7246221177643206,0.2456899388615581,0.4625752676948254,1.1207600246150535,0.13094794135889734,-1.6975640436622985,-0.3974950218363748,-0.6347222057676005,-1.1282642585850677,-0.6383152839424023,-0.6136987449184976,-0.8756195703398886,-0.13859458152457876,-0.8177176958673952,-1.4104971262332722,0.77843026520473,-0.6346847228976005,0.1876261533306929,0.28760912732185256,0.46536449570571364,0.664896315723324,-0.5363722402842841,-0.6543183440496418,0.7809029193074537,1
0.004904094016293398,1.2378861793774645,-0.4445202009343899,-0.8681093238500562,1,0,0,0,1,0,0.04707254852885811,-0.48443655761865106,-0.08027635709007157,-0.44185204040734294,-0.10189298580103848,-0.031092987811924405,0.5312406752559996,-0.14165141979333787,0.0518936785588755,1.2326288155725413,-0.10350571180486756,0.08352622376390131,0.5654812983759074,0.08193726031227265,0.5225759863221016,-1.123447033068769,1.3124163570398097,-0.08596593556040984,-0.9462874490712617,1.0524361778040754,-0.6568323457086198,0.7179261703998203,-1.199896320453778,-0.363832413428495,0.05063349047538452,-1.0524361778040754,0.9462874490712609,0.0759977097470634,0.491016520610491,0.02713213488323473,-0.5607922809744348,-0.05044549714841698,0.06953024385249205,-0.05703537174666111,0.4557501964577793,0.5118468759157585,-0.7759052986632599,0.27583454506891375,-0.934529465133063,-1.333174793489152,-1.3623318689203594,0.5380035976561225,-1.1125787146405561,-0.8213259083916238,-0.6418381130257917,0
-0.25209852955608386,-1.6996391413691911,1.4383931084795292,0.3052077222492148,1,0,0,1,0,0,0.8799223908016013,-0.6402710746184702,-0.7455217907937414,0.44521787837947246,-1.7988057210411743,-0.8364870316919856,-1.9294275232992117,2.072233757864055,-1.9000106923503297,-0.6224175417827212,-1.8293020873692876,-0.020395826762111536,1.8232619496964055,-0.4448006507438034,3.1705782403090454,-1.2246268934572881,0.45278303150054855,-0.6860783371440332,-0.7279513648365089,0.6941558255444445,2.2384763693241037,0.33200981377451927,1.3667463418206804,1.2898178472588844,1.7083603435067534,-0.6941558255444438,0.7279513648365081,-0.5367575899491508,2.5173462280910557,-0.5824076947417753,-1.077612300760884,-0.8697229484503528,-0.2770246880180474,-0.22015379130249568,0.12354118106860354,-0.4803306735805153,1.055990187324014,-0.4070549059059717,-1.9289600538529752,-1.112748180258855,-0.6177148314801074,-1.8412348661038906,-2.2649916633530998,-2.3800631755834565,-1.5078543935764617,0
1.4698190483788447,-0.9008383962538722,-0.8790386569529866,-0.4281154315628296,1,0,0,1,0,0,-0.7605394197356201,0.5930312035778599,0.6233486208657331,-0.6073458413029915,1.938405532084567,0.9254521870128678,0.06137879106624647,-1.222813039464962,1.1871291382468878,1.6700197845064384,1.6248287468222735,-0.8800867460976509,-2.196026006171887,-0.0894060978790376,-0.3081918569524278,1.277885943341156,1.0146152191364977,1.3130812036125252,0.2430696413654208,-1.4414068652642016,-0.17468222266387198,1.3696094354281025,-0.33869316683774575,-1.250013904961073,-0.8303887236156797,1.4414068652642016,-0.24306964136542153,-0.5646101035717058,-0.8598699510432187,-1.9834395419395596,-1.1938968052128347,-0.801449827508525,-1.94678935975792,-1.5251011477491712,-1.7589765728033937,-1.5965304167638241,0.08453045990652028,1.843951062122355,1.1394817321359896,0.7630390774264136,0.1607484349347019,1.2570623333702609,2.2623449208747504,1.4982235963581267,-0.2500688432528684,1
0.4932090788038099,0.026801178718756015,0.5693561964423357,-0.4281154315628296,1,0,0,1,0,0,-0.48292280564470574,-0.18904874181302367,0.2267599969270068,-0.5396438318456808,0.719681751298238,0.2716564667726405,0.03515773271293959,1.4626328260935602,-0.9280088280174599,0.5128720686991024,0.0274274894284926,-0.042147661108160296,-0.2822104105527768,-0.22190700523986884,2.1037974065867497,-1.9838040615539878,0.9540311903111784,-0.033376424222248645,-0.5252107151899512,0.4634132099205562,-0.27061454815663966,0.1000286029099461,-0.7249126081477609,0.2531439202372986,-0.06824266160396696,-0.46341320992055685,0.52521071518995055,-0.4253475354589299,1.391607501712964,-0.9463120706373036,-1.6977963245046235,-1.3305665148076924,0.3530751881102058,-0.8726274695258333,-0.762349526635866,-0.9764194483286528,-0.5261013687559044,-0.3311783002420958,-1.235595606672119,-1.3591073362221284,-1.1931007240475748,-0.5405845059150832,-0.6186874509066087,-0.48731077970765985,-1.0748462533011267,1
0.4932090788038099,0.4648532002336079,0.27967722576327125,-0.8681093238500562,1,0,0,1,0,0,0.08492935954125552,-0.5001363037343045,-0.579210432367824,-0.011915347870745526,-0.8008487816904843,-0.37543136304104546,-0.21353291107249078,1.2687997409649925,0.6322874280275382,-0.07462622690969752,-0.7675976310941294,-0.19000506672623255,0.66961462631676,-0.7131110048737817,1.6082095703276569,-0.8047694472399218,-0.7025512312072975,-1.1160741292168672,-1.3567040124745664,1.0864182721050466,-0.41560940292551984,-0.13039841970739913,-1.673073778674368,-0.5958225565918545,-0.09171464672025029,-1.0864182721050466,1.3567040124745657,-0.7038726716844818,1.391607501712964,-0.18211288125669506,-0.5607922809744348,-0.7843815472730677,0.006520256239666901,-0.22015379130249568,0.5111183656893089,-0.10826409251941274,-0.5261013687559044,-0.3311783002420958,-0.6608329728248301,-1.3461410648556402,-1.4469474413567518,1.1724671879921262,-0.8656330827735822,-0.48731077970765985,-0.3944048900113141,0
-0.9974061379159777,-1.5450325455404195,-0.15484123025532542,-1.6014324776621007,1,0,0,1,0,0,-0.43244705762817587,-0.2239370665144757,0.21396681550962854,-0.5396438318456808,0.6239907325908753,0.2448249050664752,0.12826881057906286,-0.2646597403883001,-0.7569817464790861,-0.5266789995234067,-0.9030477317595824,-0.08673892151755785,0.2978904544638251,-0.7567572722926782,-0.8100148734017567,-0.4516418923205573,-0.9037723446711,-1.2795654175522921,-1.0726104692356557,0.9455004604204603,-0.9345038533951329,-0.4482013188989296,0.5809628608714237,-0.18465583643170136,-0.07524030411808323,-0.9455004604204603,1.072610469235655,-0.7874302125521474,-0.8598699510432187,-0.46413877257572894,-0.6124742829530796,-0.9038595089212672,-0.49755964466293656,-0.46483142063624716,0.012804842605544792,-0.9764194483286528,-1.1644891896302574,-1.0140677512169813,-2.175286896930385,-1.6313990349183765,-1.5823323572549794,-1.8729580456206907,-1.0302635040182315,-0.7656567202776299,-1.8171459223445585,1
-0.7404035143436003,-1.41619371568311,-1.6032360836506476,-0.13478617003801185,1,0,0,0,1,0,0.5770679027024219,-0.6042198057603031,-0.42569225535928473,-0.2543695526794055,-0.7960574185097282,-0.2681051162163844,-0.4741691058270613,0.14188354970304604,0.771456370477968,-1.4815809508790316,-0.986809891820851,0.8618661566523541,1.1038024960363872,-1.4648324720864923,-0.7258974643201221,1.5649410726391784,-2.3742256878838957,-1.3439491549941134,-0.46081074412575107,1.6325091290815754,-0.8042996623059058,-0.9219277692464105,0.5180081532758954,-0.352721269345059,-0.029203582040086395,-1.6325091290815745,0.46081074412575035,-1.3444804850032512,-0.5596729573423944,0.5002078235474204,1.2868392897621204,0.08610074473523979,-0.43454965705011084,0.5138790966987595,0.8433273810784847,-0.046252995675895824,-0.9146852597229018,-1.0899443568808573,-1.0622544948769042,-0.671894953798262,-0.7530997473783346,-0.9529858396334858,-1.3595243465075295,-0.8769950965056176,-0.7036964187794109,0
-0.8689048261297889,-0.1535731830814779,-0.15484123025532542,1.0385308760612593,1,0,0,1,0,0,-0.15483044353726144,-0.41000813158888666,-0.630383158037337,0.01412388653591246,-0.7344913508946546,-0.3262401665797425,0.3218357373167606,-0.003166072671925378,-1.8883102755767598,0.279150763859395,-0.11836284189415827,-1.17843066488466,-0.274906288587884,-0.41378732050888267,0.43552788299493,-1.7399776168041916,0.11173601573780842,-0.4358501716728587,-1.7152101805067,0.09388569754642515,-0.8609718422346534,0.4406478063976838,0.8328737033955835,-0.26631915214874136,-0.27164536988924287,-0.09388569754642515,1.7152101805067,-0.4253475354589299,0.340918023760079,-0.1548200530645294,-1.0130097982875779,-0.9209277891567239,0.9516700704320475,-0.7910682597479163,-0.04256332662598434,-0.046252995675895824,-0.8869292675109735,0.19995793940503753,-0.5422311594912614,-0.06248019957332482,-0.1607907403235886,-1.1433249167342867,-0.12479618717266176,-0.09762646290970158,-0.8274130302866491,1
0.6217103905899984,0.026801178718756015,0.27967722576327125,-1.6014324776621007,0,1,0,0,1,0,0.31207022561564,-0.567005592745421,-0.5664172509504457,-0.03795458227740351,-0.9166715303146503,-0.4067348516982383,0.32991405740172963,0.02353824380814389,0.16348225540532887,0.4341122796233506,0.6082252224794913,-1.030500240280037,-0.8555994339095537,0.26876483544141616,-0.2381812024203463,1.0207299639203165,0.7265859871301759,1.472839358085709,0.03622492998512883,-1.4414068652642016,-0.19020687100211625,-0.2709116782582836,0.8022494550904047,0.13401254403048182,0.6472183906098004,1.4414068652642016,-0.036224929985129536,0.35452284597261524,-0.10937746679115769,0.391036510778763,0.8863037744276221,1.178470679804488,0.16404522527173035,-0.8726274695258333,-0.983822203561983,1.0079356506638961,-0.3595654154843339,-0.482931511569848,-0.7703115697481222,-0.2829068128036209,-0.21156008378542468,-0.7309235830158842,-0.04248097655033679,-0.6543183440496418,-1.0129879475475077,0
1.2385166871637046,-1.6996391413691911,-0.8790386569529866,0.3052077222492148,0,1,0,1,0,0,-0.06649788450833415,-0.4466408725254113,-0.7455217907937414,0.44521787837947246,-1.2710115892677187,-0.6875718642227683,-2.0723773222764574,0.1979583004956169,-1.8575464274637354,-1.283827569684397,-1.3044955940519467,-1.4610964412809357,0.8991106982510517,-0.751913510199314,0.6624254307754808,-1.187555134608094,-0.17614817452063192,0.1456068044650496,-0.6247379431982625,-1.373153796310799,2.130387994018398,0.3918992747626795,1.3459498116160573,1.5597027064275146,1.8380648656931293,1.373153796310799,0.6247379431982617,-0.8709877534198129,0.19081952690966666,-1.028190555213798,-1.4006248131274146,-1.381771355514063,0.41608517572303205,-0.9541866793037505,-0.8177176958673952,-0.8523972546416179,1.0282341951120857,-0.3311783002420958,-1.8377278897502307,-1.0349505520599276,-0.44848368660732285,-1.8412348661038906,-1.6064699783745033,-2.1017172350134863,-1.6315710050837011,1
0.4932090788038099,1.4697960731206219,0.5693561964423357,-0.8681093238500562,1,0,0,1,0,0,-0.48292280564470574,-0.18904874181302367,-0.7839013350458762,0.5927735400172011,-1.0253397591341906,-0.6034996375434504,0.038966071573841854,2.0517126397585024,-2.4813591452192783,-0.005128558121634753,-1.066179169189983,-0.6045488623446521,0.6314597428784428,0.03052772989198976,2.1098581760934736,-2.178126330539672,1.1445835036125624,0.1365024821129593,-0.11207882534413707,-0.7133741297612556,-0.02368032305197421,-0.702430382574254,1.2032941730483562,1.1418777604728028,1.5193532428314682,0.7133741297612556,0.11207882534413637,-0.28608496734615396,1.2415090048625523,-1.2101427431615621,-1.9691268348925084,-1.552454157868633,0.3215701943037938,-0.8726274695258333,-0.9284540343304539,-1.2244638357027204,-0.47058938433204756,-1.0899443568808573,-1.7921118076988587,-1.047916823426415,-0.6007917169928287,-1.6826189685198898,-1.3595243465075295,-1.712032918215528,-1.4459960878228426,0
1.4698190483788447,-1.0039094601397194,-0.8790386569529866,-0.13478617003801185,1,0,0,1,0,0,-0.7605394197356201,0.5930312035778599,-0.4512786181940413,-0.22022922312400942,1.0906404719654235,0.6262802739891249,0.5861696782123922,0.04588171014226547,1.2029886991172047,1.1446698202892247,1.5922908316031663,0.3021258763178801,-1.4903183681774408,0.15084603787450537,-0.8056696174543865,1.1725466344751223,0.8861374850256457,1.2077775325383424,0.49320743187182114,-0.07709346503402185,-0.6643596228268487,-0.8700762234450257,-0.4662295643720473,-0.6676963179324971,-0.890896379362479,0.07709346503402185,-0.4932074318718218,-0.17467491285593337,-1.009968447893631,-1.1464594773798444,-0.4574282770171454,-0.10165033785478751,-1.348194477436079,-1.1988643086375024,-1.482135726645747,-0.9764194483286528,-0.7203933142394032,-0.9381911455531051,-0.5604775923118106,-0.6978274965312384,-0.8884846632765624,-0.3819686083310823,0.2044646553166367,0.18071947766026855,-1.0748462533011267,0
-0.6633027272718879,1.4955638390920825,-1.6032360836506476,1.0385308760612593,1,0,0,1,0,0,0.021834674520593164,-0.48269214138357847,1.1862486032303767,-0.6715759528394145,0.551965478288856,0.14778409022917743,-1.2195332041171643,-0.7300708165763529,-0.2737889409905885,-1.3572522346215732,-0.5161293789745588,-0.6586376848639661,-0.3581080747197611,-1.5038290087876298,1.6187982966700427,0.40571704390927876,-1.6034089450796825,-1.2001131458155712,0.013895103188392356,-0.9120842410985298,0.19318238055081613,2.6237217046085526,0.7819851562442228,0.24364734341256739,-0.5006834332172609,0.9120842410985298,-0.013895103188393775,-1.4001855122483615,1.6167552469885829,0.22727954162577424,0.4082452561251572,-0.2894014204448148,-0.15100471279239655,0.9216751455883455,1.009431888773073,0.139780294854656,0.05677446769459199,2.1727496866658176,-0.41450612974742024,0.028283699992091807,0.12690220596014448,-1.6191726094862895,1.2745623934068555,0.848749735028197,-0.8274130302866491,1
-1.460010860346257,0.7225308599482267,0.27967722576327125,-0.13478617003801185,0,1,0,1,0,0,0.13540510755778543,-0.5193248823201031,3.37388262560206,-0.7595307001685704,0.9486741293529821,0.1875842400933226,0.8508580028315692,-1.065033999041413,1.4748224389185907,1.0182667257138531,1.501979084543087,0.44531770563134065,-1.5558386026813182,0.42625426961677493,-0.8567001353677102,0.4078246058540588,1.0222536737892711,0.517580644954291,-0.9053494332772455,1.505274782839251,-0.7572305213173791,0.6035691986382682,-1.6063072824176061,-0.36196340925396764,-1.447329609881397,-1.505274782839251,0.9053494332772448,0.4102278732177254,-0.7848207026180125,0.06352257247278678,0.26611975068388355,0.683490552976235,-0.6235796198885869,-1.3619827281933365,-1.2052948804881005,0.2638024885416898,-0.8869292675109735,0.10511218232519232,-1.1261170097488256,-1.657331577651353,-1.6584863724477323,-0.5802384803110835,-0.5157934376287031,0.22247136874576415,-0.9202004889170784,0
-0.7147032519863632,-0.7977673323680251,1.4383931084795292,1.0385308760612593,1,0,0,1,0,0,0.5139732176817596,-0.5896830038013647,-0.38731271110714993,-0.2931390794626518,-0.7103316794497425,-0.22696338826693094,-1.4854608063563355,2.3978161428408717,-0.05818614036265509,-1.7961901819090227,-2.2508563316132006,0.10992096650751398,2.628503527501717,0.8459026122653788,2.9925736868514976,-0.4533296573786057,-0.4248427577807454,-1.2169953065172774,0.9573302853504951,-0.799549433147316,2.910785334572971,-0.29318328137103516,-0.37601018359701427,2.0052702490316543,1.7380644210600147,0.799549433147316,-0.9573302853504958,1.1900982546492709,3.568035706043941,1.1431055542961892,0.6968031005059248,0.47867119015075044,0.2795635358952437,2.4984865346280776,2.0429710477616196,-0.2736270174354578,2.582569758980075,-0.3311783002420958,-0.1864257194905595,-0.3477381696360611,0.43151826673115745,0.4428340591057229,-0.7833178721512579,-1.1553410370755877,0.16231986177126023,1
0.23620645523143258,0.7482986259196881,0.27967722576327125,-0.13478617003801185,1,0,0,1,0,0,0.16064298156605036,-0.5292099076521812,2.452773563550825,-0.7381206629897628,0.7703252925804663,0.16343583455777386,-0.07966477845916746,-0.0999102648478964,0.6860119763313087,0.17080611475970914,0.7775952956784128,0.3847418895887347,-0.43131444637996397,-0.49328861524432993,0.5612069763685074,0.020486307941286804,-0.3346157198305637,-0.3750292733450346,-0.09305301462755473,0.617030896486598,-0.38211235840647423,0.6993348030608079,-0.9172145893931581,-0.5625472614146453,-1.377055059758051,-0.6170308964865974,0.09305301462755473,-0.48105256270404034,0.491016520610491,-0.06384395909064733,-0.04397226118798574,-0.1699234587966153,-0.18250970659880966,0.2692014673650073,0.34501385799472056,-0.23228628620644656,-0.5816133531797613,0.19995793940503753,-1.0805009276974533,-1.3202085221226638,-1.4131012123821949,-0.8895394805998851,-0.12479618717266176,0.18071947766026855,-1.3841377820692236,0
-1.5371116474179702,-0.35971531085317227,-0.15484123025532542,1.478524768348486,1,0,0,1,0,0,0.24897554059497767,-0.5495614303946948,-0.46407179961141953,-0.20576298178697722,-0.6829797171550959,-0.26363318926535684,-0.23256346632371672,-0.48312886927953025,-1.855043899200608,0.02464688222440213,-0.8438432324987989,-0.13702268325581435,0.5253094518602709,-0.3410072840361716,-0.6555056561103675,-1.5143320401873024,0.019505697600583637,-0.6531511264163984,0.6006469349749709,-0.7825969144484197,-0.017345299097075252,0.006438358745529024,1.0141494957827004,-0.013954831956742344,0.45936258089084575,0.7825969144484197,-0.6006469349749717,-0.38821085062885646,-0.6847550380510711,-0.2973492669569456,-1.0043961312911374,-0.9436854961373332,0.4895968279379942,0.7313703227732054,0.47420625286828905,-0.6870343297255728,-0.3318094232724056,-0.4070549059059717,-1.244718823082393,-0.62002986833231,-0.5838686025055501,-1.2702176348014877,-0.12479618717266176,-0.48731077970765985,-1.3222794763156045,0
-1.280109023845593,-0.35971531085317227,0.27967722576327125,-0.4281154315628296,1,0,0,1,0,0,0.1858808555743153,-0.5373505167491867,-0.029103631420558513,-0.45747558105133773,-0.15616168834258673,-0.059713320298500704,-0.03988354810281145,-0.9550744365059166,1.718240139459559,-0.6412823914178182,0.4453963883631313,0.6460818760049928,0.05325965653724286,-0.1691155976803269,0.23741182287393198,0.47026713101799944,-0.42484275778074304,-0.208676417570547,0.5274811195133241,0.3580292690535297,-0.11351926806370886,1.5487035895657342,-1.876318717742759,0.4450643325155453,-0.7827690247785396,-0.3580292690535297,-0.5274811195133248,-0.23037994010104354,0.11577027848446049,-0.2821865846279648,-0.0052107597040024186,-0.1699234587966153,-0.49755964466293656,0.6769975162545934,0.4557501964577793,-0.29429738304996345,-0.3318094232724056,0.9587239960437993,-0.9254062487227878,-1.6313990349183765,-1.396178097894916,-0.09645999267988113,-0.28942660841731066,-0.15329565102369538,-1.2604211705619852,0
-0.020796168340944693,0.33601437037629844,0.27967722576327125,-0.8681093238500562,1,0,0,1,0,0,0.7789708947685415,-0.6274786888946045,-0.20820817126385424,-0.393824119168396,-0.6170496652657382,-0.1782193845007307,0.9056904026457098,-1.2555257585350506,-2.179539362036491,1.799126720104178,0.9399074019945951,-0.31349367821900687,-1.6989314590198996,-0.02929776830880859,-1.2865300519920575,-2.4074148064667407,0.3175391781756922,-0.5059899591432301,-0.1984048918790851,-0.2307924307993011,-1.28865853671686,0.43443094207109667,0.5602836126045135,-2.1156377154082,-1.715926367613822,0.2307924307993011,0.1984048918790844,-0.09111737198826762,-1.2351161931692491,-0.2276009282436361,-1.4006248131274146,-1.2281568333949502,1.2982250023025865,-0.22015379130249568,-0.1532996650890431,-0.35630847989348147,-1.2200011740541141,0.35171115073279,-0.13168642102891215,0.1709126850234604,-0.7023304039164997,-0.635754044465484,1.933084078385452,1.9621334973080773,-0.3944048900113141,0
-0.9460056132015023,1.8563125626925503,-1.6032360836506476,-0.4281154315628296,1,0,0,0,1,0,0.8546845167933363,-0.63794518630504,0.25234635976176334,-0.5471662773409375,-0.29563073574543935,-0.06776278881035029,0.6507150741405319,0.6898592675940205,-2.335488979474177,1.00572514443987,-0.3802261402727043,0.6830456828468205,0.776149902788529,-0.27642180276257067,0.24046306836021064,-2.225229952402152,0.21982224996758096,-1.4205964614724764,-0.8822105547849753,1.8065585321570097,-1.1810325590952409,-0.7059628714656763,0.9565501724795058,-1.1406978059897241,-0.8926233436655963,-1.8065585321570103,0.8822105547849747,-0.14682239923337803,0.41596727218528484,0.5547934799317504,-0.7675202888890147,-0.6478353053894121,0.9516700704320475,0.5954383064766764,1.2309045656991897,0.38782468222872474,-1.192245181842186,-0.8623145398892288,-0.8341740846200435,-0.2699405414371327,-0.685407289429221,-1.3336639938350878,-1.1125787146405561,-0.4316415915936655,-0.8274130302866491,0
-0.7661037767008384,0.5163887321765315,-0.15484123025532542,-0.4281154315628296,1,0,0,1,0,0,0.5392110916900246,-0.5931718362715099,-0.4896581624461761,-0.19997648525216433,-0.8828931976372159,-0.301644568349091,0.02379186090554104,1.9618608203344192,-0.491130572095807,0.4036382426436569,-0.4909738781880139,-0.9905192239597307,-0.8124055510705118,-0.0648640974827009,1.6241125634621791,0.11177553793414947,-0.08546740730662103,-0.9034288461816304,-1.0299055238845727,-0.3295023237687909,-0.09789460368163187,-1.065715232041904,0.7837155810585639,-0.6300372433064484,-0.24373234257552223,0.32950232376879157,1.029905523884572,-0.20252742647848845,1.2093450412517492,-0.555114866549611,-0.4168209897482098,-0.42350933658054823,-1.2356766424131762,-0.5696932617792836,-0.14538992662739608,-0.5689179547855394,-0.3040534310604773,-1.1658209625447336,-0.8615437338508666,-0.37367071236903754,-0.5838686025055501,-1.016432198667086,0.5337254978059351,0.4033962301162448,-1.2604211705619852,0
-0.48340089077122306,0.9802085196628456,-1.8929150543297122,-0.4281154315628296,1,0,0,1,0,0,-0.3062576875868511,-0.3518609237531332,-0.2721740783507456,-0.3706781330291445,0.04858466719750325,0.015862245173864826,0.5476191363088807,0.880711728960617,0.6207559170600969,-0.04553246166372704,-0.14836565452069495,0.39067741586134247,0.5085634529346919,0.4794247961095139,1.0913693589404523,-0.6066703931240616,-0.1054960289347584,-0.6154987117323859,0.30418285154596364,0.23115255077283092,-0.28244213218276865,-0.11549462175408134,-1.458239372087481,-0.043096638223119606,-0.40803207767505245,-0.23115255077283092,-0.30418285154596436,-0.007559831120602114,0.340918023760079,-1.446680587493655,-1.4781478160953823,-1.4329761962204342,-1.0016395455655394,-0.05703537174666111,-0.2086678343205727,-1.720552610450858,-0.16527347000083534,0.04820472807728505,0.5069387276902979,-0.37367071236903754,-0.36386811417093057,1.3628062650929278,0.2044646553166367,0.3477270420022505,0.40975308478573785,1
-0.25209852955608386,-2.1119233969125806,0.5693561964423357,1.478524768348486,1,0,0,1,0,0,0.6401625877230843,-0.6170121914841689,0.7896599792916505,-0.6241266812539489,0.0529731978343831,0.007812776662015243,0.2510807107948643,-0.421394207389536,3.0888154343058405,-0.38362990657451024,0.5569166405425281,2.7585036139376835,1.2626854936791994,-0.4528304222122428,-1.2660893904900687,0.9406839108035534,-1.1489373833018317,-0.8631615052662027,-0.35307242775419667,4.112442859858279,-0.8015966626788017,-0.6899637834283108,-3.2772175634786094,-0.6210073878436287,-1.5667281173725136,-4.112442859858279,0.35307242775419595,0.02029268250195297,-0.7848207026180125,2.3379249218198384,2.617650840712227,1.8441336089873108,0.6366201323679207,1.5741488238116832,2.0060589349406004,1.876091006473136,-0.47058938433204756,-0.17942508891434333,1.9301604876931084,-0.4903671546674297,-0.685407289429221,3.5834288312689404,-1.853415610241477,0.013711913318286572,2.018069034379841,0
-0.07219669305541997,-1.3388904177687242,0.27967722576327125,0.3052077222492148,1,0,0,1,0,0,5.4227397122892915,-0.7908723429130716,-0.1442422641769629,-0.4192847039215727,-1.447150066201373,-0.2842040532400835,1.1843035182631467,0.8767100309900414,-0.11696222381589015,-0.13697853032718776,0.13019082768749507,-1.220585274796982,-1.037873278829617,2.1349614245295014,1.1937646749232431,0.10865049167920701,-0.2476434715403261,-0.034523143508357425,-2.564543132222966,0.87874991804355,0.48642542861769517,-0.007424785977404313,0.2690745441381453,-0.06050986988929684,-0.20295958246640147,-0.87874991804355,2.5645431322229655,1.6078859589875987,0.7536888900987124,-0.7370670544973751,-0.5737127814690962,-0.6307670251539549,-0.48180714775973,-2.0552360113056327,-1.5098198112615118,-0.4803306735805153,0.1400424443303771,-0.3311783002420958,-0.9801455471844351,-0.7107937678977266,-0.685407289429221,-1.0481553781838862,-0.7833178721512579,-0.48731077970765985,-1.0129879475475077,0
0.8016122270906633,-0.6431607365392533,-1.168717627632051,-0.13478617003801185,1,0,0,1,0,0,-0.29363875058271866,-0.3576756445367086,3.220364448593521,-0.7566374519011639,1.307881514174175,0.30966784585637464,-0.27963736093371033,-0.16964544716855967,0.30164486266871243,0.5187292664296774,1.213654425407315,2.0825551013350307,0.4437942866903504,-1.0400584895901357,-0.694070253770353,-0.16163345680815464,-0.7649715677745038,-0.27759350361389673,1.4543795903212409,1.3979208031972914,-0.6503716306566419,-0.462460643491328,-0.5747846686518909,-1.4593024852240628,-1.8488262200135586,-1.3979208031972914,-1.4543795903212415,-0.8988402670423681,-0.4846237089171882,0.6821600114951846,0.48576825909312477,0.13730558544161034,0.9516700704320475,2.7975369704804414,2.0060589349406004,0.38782468222872474,-0.8314172830871166,-0.7864379342253526,-1.2994581215440402,-1.3461410648556402,-1.7177172731532073,-1.1433249167342867,-0.37174181903963527,0.3477270420022505,-1.2604211705619852,1
-0.2006980048416086,-0.23087648099586283,-0.15484123025532542,-1.6014324776621007,1,0,0,0,1,0,0.8294466427850714,-0.6344563538348948,-0.3617263482723934,-0.315706415948422,-0.8138979998053215,-0.2439567106808356,0.18632117294116107,0.13504906779923287,-0.06648180533286757,0.9154813741030671,0.12101787798262041,0.9742502695714149,0.47740180507532687,-0.6029616011439923,0.5305146271637707,0.06148317629866075,-1.34318379990442,-1.977475966476834,-0.5609884768922861,1.8851427108031094,-0.8615562539181678,0.3460988236195703,0.15266751780892918,-2.5686343379807193,-2.0879495651428828,-1.8851427108031087,0.5609884768922854,-0.5367575899491508,0.5660657690356972,0.19998671343360988,0.2015172482105774,-0.3576745413866426,-0.844114576533476,1.247911984700014,1.784586258014483,-0.17027518936292965,-0.9424412519348303,-0.02767187758659086,-0.934529465133063,-0.723760039264214,-1.5823323572549794,-0.8895394805998851,-0.5363722402842841,0.45906541823023866,-1.2604211705619852,0
-0.9460056132015023,0.3617821363477598,-0.4445202009343899,-0.13478617003801185,1,0,0,1,0,0,-0.00340319948767178,-0.4652479790328524,-0.7966945164632545,0.6101330296216397,-1.7097977765625407,-0.8293319485703414,0.31205184625358673,0.030913884341818746,-0.76064251570503,0.5290121091722554,0.3891940417297216,0.06442639484302434,-0.5364149245136205,-0.6211412396575353,-0.42011893917313237,-0.5513286573148705,-0.22683618682278686,-0.12956425137238287,0.6912331826893902,-0.5976867361744845,-1.054552696381624,-0.4632962070661508,0.48579166997546597,-0.9395881103709454,-0.6324655892321733,0.5976867361744845,-0.6912331826893908,-0.7874302125521474,-0.7097714541928067,-1.155557086777232,-1.2197378062021575,-1.2281568333949502,-0.37153966943728567,-0.05703537174666111,-0.3747723420151606,-1.4104971262332722,-1.1089772052064004,-0.7105613285614767,-1.0166384128255321,-0.6459624110652865,-0.939254006738398,-1.016432198667086,0.4514102871836102,0.18071947766026855,-1.4459960878228426,0
0.7502117023761872,-0.8235350983394863,-0.15484123025532542,-0.13478617003801185,1,0,0,1,0,0,2.4320516423098955,-0.7443545766444688,-0.4128990739419065,-0.26941444366991896,-1.3288285416039172,-0.3642515456634766,0.5276633767900452,0.21198238059434696,-0.9848349795648675,0.42124918053591504,-0.0375048323144749,-0.04625262266679976,-0.21111321369544828,-0.2908398798941524,0.7623037592005766,-1.089956949969577,-0.4894263217871893,-1.3137423076688601,-0.8414861286385814,0.7714926362755244,-1.024332551305807,0.4727067015554973,0.2510007895604013,-1.0543872289069696,-1.233855545402288,-0.7714926362755244,0.8414861286385807,-0.4253475354589299,0.41596727218528484,-0.6824813981130464,-1.0905328012555453,-1.1940202729240363,-0.43454965705011084,-0.13859458152457876,0.2896456887631914,-0.9764194483286528,-0.9424412519348303,0.5034643620605421,0.16937972051014377,0.2746428559553643,-0.1777138548108673,-0.5405845059150832,0.6160407084282594,1.1827648637121608,0.038603250264021984,0
-0.35489957898503444,-0.35971531085317227,-0.4445202009343899,1.478524768348486,1,0,0,1,0,0,-0.016022136491804253,-0.46234061864106474,-0.46407179961141953,-0.20576298178697722,-0.4986884268039899,-0.19655428499994362,-0.27106116759015625,0.9305455265338038,-2.0416159462329295,0.5691753956880503,-0.7725829277123674,-1.0099199519280795,-0.19389325155893153,0.11144223329378454,1.2254674937864751,-1.7957385715798542,1.0393283725344846,-0.35091184868800773,-0.5252107151899512,-0.8565127692838675,0.48826891831790964,-0.049556505145106795,0.9864133089693733,0.2616609836470723,0.6617985232259448,0.8565127692838675,0.52521071518995055,-0.17467491285593337,0.641115017460903,-1.028190555213798,-1.6719553235153006,-1.2793616741013212,-0.18250970659880966,-0.8726274695258333,-0.762349526635866,-1.2244638357027204,0.029018475482663446,-0.482931511569848,-1.3450742035954124,-0.723760039264214,-0.5838686025055501,-1.3336639938350878,-0.20711139779498602,-0.5986491559356475,-1.3222794763156045,1
-0.5862019402001745,0.6709953280053031,-1.6032360836506476,-0.8681093238500562,1,0,0,1,0,0,-0.6974447347149578,0.34881293066769553,0.39307135535292426,-0.5766774096684832,1.4283996984561667,0.7139300422292647,0.1925875400067239,-0.5690145726248885,-1.2140921532919968,0.4684061501232386,0.3223759069266494,-4.991160575747893e-4,-0.6519584995414618,-0.4026017611078536,-0.7552468900753185,-1.5636057946878772,-0.0987863016165407,-0.7827499110088634,-0.02757457514840374,0.02666739313143155,-0.6700725984669944,0.024400603310280156,0.08843161578472801,-0.7307412954406383,-1.1833074058677264,-0.026667393131430846,0.027574575148402326,-0.45320004908148526,-0.7848207026180125,-0.3458698504096825,-1.0646918002662225,-1.040405750804923,0.4475901695294441,0.35076067714292497,0.40038202722625016,-0.6043528672675491,-0.5816133531797613,0.12408133374116129,0.31535118307453414,0.31354167005482897,-0.008482709938082702,-0.5088613263982832,1.3568776040291806,1.5167799923961247,-0.1469716669968365,1
0.33900750466038404,1.1348151154916164,-0.8790386569529866,1.0385308760612593,1,0,0,1,0,0,-0.19268725454965888,-0.398378690021736,-0.6047967952025805,-0.0061288513359326405,-0.6275088519526818,-0.301644568349091,-1.5009160284986096,-0.07809345868666198,0.3872790385740214,-1.8869639533082663,-1.2050544550685252,0.05106157642116524,1.621409779099025,-1.2367638125997065,0.01578861978229128,0.7016726066834803,-1.794345608358585,-1.1146919261379873,0.47177165472146704,-0.39825548305102343,0.8513004447683827,0.12300241555142052,0.17568988101339728,0.7699241743350765,0.47835010159903507,0.39825548305102343,-0.47177165472146776,-1.17736540326792,-0.03432821836595151,-0.13662483426975403,0.24027874969456073,-0.5112890635057554,-0.40304466324369825,1.6557080335896,1.5077454118568363,-0.23228628620644656,1.0282341951120857,0.35171115073279,0.6985262723060605,0.6895635396829819,0.9899810448113461,0.1890486229713212,0.03983423407198747,-0.15329565102369538,0.7190446135538346,1
0.5189093411610479,1.8563125626925503,-0.4445202009343899,-0.4281154315628296,1,0,0,0,1,0,-0.4703038686405733,-0.203585543771962,0.25234635976176334,-0.5471662773409375,0.7118913981583822,0.2662901544314074,0.7881099461794713,-0.1435712843097031,-0.2918431315547728,0.5106616589113971,0.561775532272292,1.3640294301644598,0.8358177036235185,-0.2366226797260885,-0.7841176287582988,0.7388998501961509,-0.6818386235626024,-0.28736126461064504,0.18032674558006626,1.6815275852364984,-1.3323166584281176,-0.5884557338051195,1.1414824278553881,-1.365970463526319,-1.0108880500131658,-1.6815275852364993,-0.18032674558006695,-0.4253475354589299,-0.9349191994684248,-0.8917264142529749,-0.4186667755331612,-0.6478353053894121,-1.0016395455655394,0.35076067714292497,0.2896456887631914,-1.3484860293897554,-1.2755131584779709,-0.6346847228976005,-0.323273965644676,0.28760912732185256,-0.29617565622181696,-1.1116017372174867,-0.8656330827735822,-0.15329565102369538,-0.3944048900113141,1
-0.48340089077122306,1.1348151154916164,-1.8929150543297122,-0.13478617003801185,1,0,0,1,0,0,-0.3062576875868511,-0.3518609237531332,-0.3745195296897717,-0.30124017461138985,-0.07718263097501368,-0.03780087823846573,-0.4696829718949702,1.164291794152772,0.5973743904272147,-0.7917974006491579,-0.6676274823183243,-0.8402880913287514,0.5337136800688508,0.06040492031560866,1.1997236826458544,-0.7598020135352458,-0.1528460156862403,-0.8852862466696099,-0.04921092906325296,-1.0972459357537168,0.7134614904210844,-0.396170177965351,-1.5801585524506179,0.9181077130165866,0.0036387118276119375,1.0972459357537168,0.049210929063252244,-0.28608496734615396,0.491016520610491,-1.301118837135444,-1.4264658141167375,-1.39883963574952,-0.9701345517591269,-0.05703537174666111,-0.04256332662598434,-1.5965304167638241,0.6118943119331598,-0.4070549059059717,-0.12256320461863823,-0.9052878383950472,-0.5330992590437151,0.728342674756924,0.28677986593896093,-0.2089648391376897,-0.8274130302866491,1
0.4932090788038099,-2.1119233969125806,0.5693561964423357,1.478524768348486,1,0,0,1,0,0,-0.785777293743885,0.6511784114136133,0.7896599792916505,-0.6241266812539489,2.2752376074960514,0.9831400446811231,0.20791906018470746,0.5100479512578852,1.3926232071202735,1.0021060340336079,1.3348949221272515,1.521768187175792,0.050753855314976386,-0.42635138194877104,0.4972135578262445,-1.2475168819151676,0.6023958183279571,-0.10614913234495012,-0.5940660301642549,2.664697762972419,-0.7151217917960606,-0.20195919272840274,-3.157396733542311,-0.7564552197859352,-1.8390627440148957,-2.664697762972419,0.5940660301642541,-0.7317251853070371,-0.18442671521636386,-1.655925603633584,-1.9045243324192023,-1.6377955590459181,-0.6865896075014126,-1.0357458890816678,-0.9284540343304539,-1.658541513607341,-0.47058938433204756,0.19995793940503753,1.2915353389738984,-0.8145239388296306,-1.0238695791747903,2.631733445764935,-1.0302635040182315,0.29205785388825667,1.0901944480755505,0
-1.1516077120594044,-1.3388904177687242,-0.15484123025532542,0.3052077222492148,1,0,0,1,0,0,-0.596493238681898,-7.03163468250324e-5,-0.1442422641769629,-0.4192847039215727,0.7002401708572829,0.32397801209966276,-0.16768229368629506,-0.636875422100138,-0.9653286472511904,0.6141536394786357,0.274182376198443,-0.26200830735968156,-0.3000179779807139,0.4403885897926046,-0.3013501057153097,-0.9747864696316502,0.5343683194542682,0.023268244886286597,-1.6577619304569258,1.286800017252106,0.6731974011907037,0.5722455833303296,0.3400702055624383,-0.2998114667388681,-0.33373360506933447,-1.286800017252106,1.657761930456925,0.27096530510494976,-0.40957446049198204,-0.43684594438356456,-0.8450432918569822,-0.6136987449184976,0.19555021907814235,-1.1988643086375024,-0.6516131881728072,-0.10826409251941274,0.27882240539001907,0.12408133374116129,-1.0166384128255321,-0.7107937678977266,-0.7700228618656133,-1.0798785577006862,-1.1125787146405561,-0.7099875321636356,-1.0748462533011267,1
0.8016122270906633,1.2636539453489257,-1.168717627632051,0.5985369837740325,1,0,0,0,1,0,-0.29363875058271866,-0.3576756445367086,-0.1826218084290977,-0.3996106157032089,0.12634037797277042,0.03374995297797501,-2.540865966691345,-1.1314603797162455,-0.3969382914198686,-2.0276870819420827,-1.4293592107128585,-0.43192965428656893,2.1216229771244177,-0.8890637368799321,-0.7237305053039679,-0.7490010916216552,-0.6788222709894453,-0.08846627487853634,1.3935100721867422,-1.9711668557791118,2.644793967847937,0.8279475471645074,-0.2100459218074152,2.066165888339626,1.7718668793175727,1.9711668557791118,-1.3935100721867428,-0.8152827261747027,-0.6347222057676005,0.17269388524144552,-0.25070026910256554,-0.4942207832702994,1.2037100208833493,2.2266225020350205,1.5077454118568363,0.015758101167622184,2.49930178234429,0.8069707847160468,0.0872707728176734,-0.03654765684034838,0.7869036709640054,0.47455723862252236,-0.5363722402842841,-1.266679413303576,0.10046155601764112,1
-1.305809286202831,0.6194597960623787,-0.8790386569529866,1.0385308760612593,1,0,0,0,1,0,-0.8236341047562825,2.209523581411805,-0.3361399854376369,-0.33017265728545425,2.4332596876959336,1.9544425784443062,-0.9650075696872978,-0.3030405601493471,-2.3197477949262812,-1.0116260860027642,-1.326253658707784,-0.2930202849676883,1.102767867231877,0.15599010585766634,0.42416165813823803,-2.464966442745805,-0.23785909360767243,-0.8329481161900439,-0.09305301462755473,-0.30735587342307225,1.4977299923366743,0.8408485168662668,0.6941193931733481,1.1307845719435428,0.9109829956091665,0.30735587342307225,0.09305301462755473,0.10385022336961848,0.340918023760079,-0.12752722487236504,-1.3618633116434313,-1.3647030752786062,1.4557499713346498,0.2692014673650073,0.34501385799472056,-0.4803306735805153,1.0282341951120857,0.4275877563966659,-0.8159276517994943,-0.37367071236903754,0.0761328624983096,-1.1433249167342867,-0.7833178721512579,-0.9883334727336057,-0.3944048900113141,0
-0.5605016778429365,-0.8235350983394863,0.27967722576327125,-0.13478617003801185,1,0,0,1,0,0,-0.7983962307480176,0.9041187654991407,-0.4128990739419065,-0.26941444366991896,1.605913064775846,0.9035397449528327,1.4327117748583926,-0.24943848698766793,-0.5624658022907417,1.1111475598097202,1.3288198598807623,0.7774872486996279,-0.9769879913206767,1.1412291474221874,0.6770515809180649,-0.5695448913640816,0.6836773173113164,0.8224526034794172,0.46715141202740545,0.5970847941440487,-0.8519178816007933,1.020617562355613,0.19657190532639235,-0.8231659433134259,-0.9245660081923531,-0.5970847941440487,-0.4671514120274062,0.7166055230658329,0.26586877533487285,-0.8735311954581982,-1.0000892977929163,-0.71610842633123994,0.1010352376589052,-0.46483142063624716,-0.7069813574043363,-0.790386157798101,-0.7759052986632599,1.0346006017076752,0.1876261533306929,0.2616765845888761,-0.093098282374475,-0.3502454288142823,0.5337254978059351,0.9600881112561845,0.038603250264021984,1
-0.35489957898503444,-0.5916252045963298,-0.4445202009343899,-1.6014324776621007,1,0,0,1,0,0,-0.016022136491804253,-0.46234061864106474,-0.7199354279589849,0.3497406855550598,-1.18072407845394,-0.6258592722985881,0.36456709511987584,1.7035732257432183,-0.011626397909178224,0.6498048231809582,0.004792229958409898,-0.6380558222686021,-0.4941533095781649,0.192872377282338,1.5304486112507638,-1.5617459180696147,1.061217576499664,-0.4861090169198061,-0.6247379431982625,-0.2506245554141756,-0.3142236134766597,-0.8050378938096969,-1.5535103580293093,0.17444078883573808,-0.48082097522921236,0.2506245554141756,0.6247379431982617,-0.11896988561082296,0.8662627627365218,-1.06458099280335,-1.594432320547333,-1.1940202729240363,-0.5290646384693491,-0.9541866793037505,-0.8177176958673952,-1.2244638357027204,-0.3318094232724056,-0.7864379342253526,-0.14080963743918734,-0.9052878383950472,-0.7869459763528921,0.6966194952401235,0.28677986593896093,0.18071947766026855,-0.3944048900113141,0
0.33900750466038404,0.5163887321765315,-0.8790386569529866,-0.4281154315628296,1,0,0,1,0,0,-0.19268725454965888,-0.398378690021736,-0.4896581624461761,-0.19997648525216433,-0.3829170502114703,-0.15183501548966816,-0.5212551138775505,0.33726308798931803,0.4987116238156725,-0.7071618657532601,-0.32260753357426564,0.3324929751285548,0.14978415420361169,-1.200513154518328,0.20166934254481603,1.183057019359684,-1.6547979086002549,-1.028468841529175,0.872405678118227,-0.41176056791003435,-0.47472067417658703,-0.2608762523497705,0.5071027141781618,-0.6855392211511745,-0.5846940548741205,0.41176056791003435,-0.8724056781182278,-1.1495128896453646,0.11577027848446049,-0.19121049065408274,0.4340862571144791,-0.2894014204448148,-0.844114576533476,1.7372672433675176,1.3416409041622488,-0.6043528672675491,-0.5538573609678327,-0.4070549059059717,-0.5422311594912614,-0.21807545597118072,-0.4654068010946016,-0.857816301083085,0.9453015509175579,0.793080546914203,-1.136704559054746,1
-0.48340089077122306,-2.1119233969125806,-1.8929150543297122,1.478524768348486,1,0,0,1,0,0,-0.3062576875868511,-0.3518609237531332,0.7896599792916505,-0.6241266812539489,0.7273809871069988,0.21173264562887137,0.01657747790931245,0.27809251579951594,1.314870716968648,0.09797914559586623,0.5904398883437985,-0.18926915886688422,0.07581352345844776,-0.21963706150293344,0.6949359281102049,-0.8062410756811277,-0.04855265099767006,-0.304166405839082,-1.089198340570375,0.8221130942085961,-0.24251015052263022,0.31448085195458203,-2.6076668459925116,-0.1805074822225622,-1.0645600663248536,-0.8221130942085961,1.089198340570374,-0.5367575899491508,0.04072103005925432,-1.455778196891044,-1.5685913195580112,-1.5012493171622625,-0.655084613695,-1.1173050988595852,-0.8177176958673952,-1.4104971262332722,0.08453045990652028,0.8322629866040054,1.473999667179387,-0.3607044410025493,-0.4033553813079138,2.737477377487602,-0.20711139779498602,0.1992758736982665,0.9870972718195186,1
-0.7918040390580765,0.7998341578626126,-0.15484123025532542,-1.161438585374874,1,0,0,1,0,0,0.9430170758222637,-0.6507375720289058,-0.31055362260288033,-0.3533186434247058,-0.793043449152117,-0.22741058096203368,-0.26865268979674134,1.7627963789686327,0.5780488492527897,-0.9722111847822296,-1.7293877485048956,-1.556812024734927,0.4907759716780267,-1.2293666193525445,1.5397381754894792,0.2323170312847469,-1.8014675560494169,-2.1152576874347657,-0.46991781074089073,-1.6572471586133108,-0.8548005359780864,-0.8770174486838838,-0.5567559298075592,-0.4729098024335804,0.18315134121242352,1.6572471586133108,0.46991781074089,-1.0938078624002545,1.7668537438389946,0.6639647927004092,0.6924962670077037,-0.135786898325702,-0.49755964466293656,1.166352774922097,1.6184817503198954,-0.17027518936292965,-0.8314172830871166,-0.8623145398892288,-0.1864257194905595,-0.4385020692014777,-0.5838686025055501,0.8552353928241243,1.6861384465184783,0.848749735028197,-0.3944048900113141,1
-0.7147032519863632,0.6194597960623787,1.4383931084795292,1.0385308760612593,1,0,0,0,1,0,0.5139732176817596,-0.5896830038013647,-0.3361399854376369,-0.33017265728545425,-0.6427567947144096,-0.19834305578035463,-0.05783202066972759,1.637271673151729,-0.7900506109376761,-0.7260845744590344,-0.9684224888209015,0.05548679795816799,1.1562344770387005,1.3389771267694273,2.9145936828194583,-0.6232521764943265,0.35304744511069697,-0.11480507655928238,1.0460293195708634,-0.9617617689328484,1.4183070009105014,0.6725692152295756,0.4537173208379092,1.3309692201648533,1.146911852627857,0.9617617689328484,-1.046029319570864,1.1343932274041606,2.5173462280910557,-0.2639913658331881,-0.5349512799851129,-0.3747428216220998,0.006520256239666901,0.5954383064766764,0.12354118106860354,-0.8523972546416179,1.0282341951120857,0.35171115073279,-0.6608329728248301,-0.3477381696360611,0.17767154942198057,-0.7626467625326843,-0.6186874509066087,-1.0440026608476,-0.332546584257695,0
0.33900750466038404,-0.4885541407104817,-0.8790386569529866,-1.8947617391869185,1,0,0,1,0,0,-0.19268725454965888,-0.398378690021736,-0.3233468040202586,-0.3475321468898929,-0.13910844565658095,-0.03780087823846573,-0.6723023546377058,-0.18223902311771029,1.456957948727233,-1.3712605917377103,-0.7990338721024463,1.547188473119823,1.5218545140514157,-1.1727575517881879,0.3002963936987674,0.9615994575813372,-1.9637091770401232,-1.2360876543638895,0.5976605751602089,1.517428063553434,-0.2369527377884007,0.5509591134061412,-1.0253956057192497,-0.09469581229637845,-0.16801584235798012,-1.5174280635534347,-0.5976605751602097,-1.1495128896453646,0.11577027848446049,-0.43684594438356456,0.09815324425328795,-0.6990401460957827,-0.7811045889206503,1.4110304042558486,1.1755363964676604,-0.790386157798101,-0.6093693453916895,-0.17942508891434333,-1.7373725092372125,-1.87775819088165,-1.785409731102321,-0.6040308649486834,-1.3595243465075295,-0.9326642846196119,-1.4459960878228426,1
-0.7918040390580765,-0.07626988516709207,-0.15484123025532542,-0.8681093238500562,1,0,0,1,0,0,0.9430170758222637,-0.6507375720289058,-0.5536240695330674,-0.06688706495146794,-1.1769153282482447,-0.4487709650378972,-0.2881819722180307,0.20125368618069395,0.35444265432694766,-1.1666893056558398,-1.3743358556423324,-0.19331133968853945,1.1398249734262271,-1.3013252741402572,1.148669664155199,0.2997181608307105,-1.9114969442214689,-1.9552657993764768,-0.07874992288317216,-0.18555039652161812,-0.8995448333767544,0.8744850532546621,-0.18334713543852102,-0.319285665654902,-0.12223256972327304,0.18555039652161812,0.07874992288317145,-1.17736540326792,1.3165582532877582,0.5456958705343614,0.6278937645343975,-0.23819657973844427,-0.37153966943728567,1.166352774922097,1.3416409041622488,-0.4183195767369984,-0.9424412519348303,0.5034643620605421,-0.7064490548762022,-0.6848612251647502,-0.7530997473783346,-0.2550758902638815,-0.20711139779498602,-0.32030321536567735,-0.8892713360402683,0
0.6217103905899984,-0.5658574386248675,1.0038746524609323,0.3052077222492148,0,1,0,1,0,0,-0.3188766245909836,-0.3344167614024072,-0.822280879298011,0.9023511046296905,-1.7326682659056873,-0.9545459031991127,-0.029132878366717224,0.020051329883783754,0.8126486399920357,0.4153127147481967,0.034673519080342365,0.08618816153351998,-0.3456236021561304,1.3375205418381912,0.948128076554104,0.4356717693485494,1.331816874479606,1.1693793111982103,1.116988546947158,-0.9902652685099177,1.376944742422707,0.9222928138534809,-0.6731098025896756,0.7595461309445456,1.0965940231966966,0.9902652685099177,-1.1169885469471588,1.0229831729139398,0.641115017460903,-0.5278220383574467,-0.23777976860790415,0.2909201075607231,-0.655084613695,-0.6279498401920818,-1.0945585420250417,-0.29429738304996345,1.2225261405955843,0.8069707847160468,-0.11343998820836432,-0.4385020692014777,-0.1269445113490324,1.0455744699249259,-0.04248097655033679,-0.48731077970765985,0.10046155601764112,1
0.33900750466038404,-0.07626988516709207,-0.8790386569529866,-0.8681093238500562,1,0,0,1,0,0,-0.19268725454965888,-0.398378690021736,-0.5536240695330674,-0.06688706495146794,-0.5074907358040941,-0.25468933536330174,-0.28662650287819885,-0.5837407064707881,0.787576007620414,-1.3414120771595832,-0.9736782797450555,1.254834568944941,2.3126495987703706,-1.232908249595757,0.3255453475111087,0.9070211216019407,-1.9696939876870574,-1.392584352342257,1.1289256132347607,0.5917900106131198,-0.8333462665664585,1.1273266217759736,-0.16517403194309602,-0.14095366561596195,-0.09375812500938899,-0.5917900106131198,-1.1289256132347614,-1.1495128896453646,0.340918023760079,0.11810822885711679,0.5762117625557528,-0.3064697006802721,-0.5290646384693491,2.6344185509246065,2.0614271041721297,-0.5423417704240322,-0.859173275299045,0.8069707847160468,-0.5148615102604385,-0.5162996974004062,-0.5330992590437151,-0.2233527107470814,-0.9479482933959068,-0.8213259083916238,-0.6418381130257917,1
0.33900750466038404,0.6194597960623787,-0.8790386569529866,1.0385308760612593,1,0,0,0,1,0,-0.19268725454965888,-0.398378690021736,-0.3361399854376369,-0.33017265728545425,-0.15497131341160345,-0.051216659091548364,-1.6711402220944207,-0.5999019618637145,0.41529069650748335,-2.2217156194979553,-1.9900466680034468,-0.04312877531467786,2.576818522622489,-1.2585222570184396,-0.15843291871660087,1.107353232511796,-1.7419848285271586,-1.2943371209282828,1.233103646290187,-1.2817996886347096,1.066260548388408,0.6646696493766067,0.5450669114893082,1.2740721319550337,1.323489856552776,1.2817996886347096,-1.2331036462901876,-1.1495128896453646,-0.03432821836595151,0.381938901381374,0.9250652759116064,0.08610074473523979,-0.6235796198885869,2.879096180258358,2.227531611866718,-0.29429738304996345,0.8061862574166584,0.4275877563966659,-0.4601222117987924,-0.127311556405765,0.38074892326932136,-0.5088613263982832,-0.4540570296619595,-0.9883334727336057,-0.1469716669968365,0
-0.3291993166277972,-0.2051087150244015,-0.15484123025532542,-0.13478617003801185,1,0,0,1,0,0,-0.1295925695289965,-0.4210561010776798,0.9047986120480549,-0.6420648205118689,0.5824015048204999,0.17237968845982896,-0.27837422472395495,-0.5100809580023562,-0.11497202795487829,-0.3038027846517057,0.8879064252364076,-0.5197372435781522,-1.0509946402194763,-1.0687498804771605,-0.46429360961616456,0.06984325286783005,-1.7848730519298739,-0.7249417740412571,-1.3422252734671216,0.622343072722724,-0.6807961520184198,0.2349829769654724,0.2273563472745959,-1.3594316026739306,-1.8620863827652379,-0.622343072722724,1.342225273467121,-1.0938078624002545,-0.6347222057676005,-0.7461646638947628,-0.5995537824584191,-1.2110885531594928,-0.024984737566746233,-0.709509049969999,-0.1532996650890431,-0.6043528672675491,-0.5816133531797613,0.35171115073279,0.37921369794645543,0.4432043837197094,-0.1607907403235886,-0.794369942049485,1.0276167615398821,1.5724491805101195,0.038603250264021984,0
-1.1259074497021662,-0.5658574386248675,-0.4445202009343899,-0.4281154315628296,1,0,0,1,0,0,0.08492935954125552,-0.4937401108723716,-0.08027635709007157,-0.43838014248645524,-0.12951705949870815,-0.04093122710418501,0.7939861803721918,-0.2854266885037877,0.06816496936089846,0.7356883562469441,1.2050408378983544,0.7425877601160925,-1.0497722443723227,-0.15135759367637683,-0.6614926004465468,0.08094174821871787,-1.1086687296136917,-0.9375927793366973,-0.3224700655433951,1.3326230217655826,-1.255291835783488,-0.2709116782582836,-0.011845145688967303,-2.0932044408403554,-2.4819889687008483,-1.3326230217655826,0.32247006554339436,-0.27215871053487645,-0.7472960784054096,-0.5323708430561405,-0.4122065252858309,-0.801449827508525,-0.5211883900177459,0.2895912698094869,0.4972763233814264,-0.8679000288524974,-1.2477571662660425,-0.482931511569848,-0.7703115697481222,-0.6589286824317738,-1.3623318689203594,-1.3336639938350878,0.5337254978059351,1.5167799923961247,-1.136704559054746,1
-0.48340089077122306,1.0832795835486928,-0.4445202009343899,1.478524768348486,1,0,0,1,0,0,-0.1800683175455264,-0.3914010250814456,0.712900890787381,-0.6166042357586922,0.5554375787537388,0.17551003732554823,-2.174698225438081,0.35515813067940954,-0.30795734076380576,-1.4791527330420777,-1.6540068142663633,-0.7475656400217557,1.3558917761498708,-0.7699113047630008,1.2992439779152356,-0.8963314398443327,-0.5889920113520376,-0.9474657829971346,-0.6300765684554116,-0.39468810214486993,2.254684516365097,0.8140884152567813,-0.47973865371291896,1.4142055192120677,1.22527393728049,0.39468810214486993,0.6300765684554109,-0.6203151308168162,1.5417059985633763,0.7003552302899613,0.08523274375862654,-0.15285517856115927,0.8256500952063961,0.5138790966987595,0.954063719541543,0.38782468222872474,2.055205906953436,0.7310941790521709,-0.058700689746716966,-0.2958730841701091,0.2622871218583729,0.5697267771729232,-0.7010026615289333,-0.9326642846196119,0.34789477903211874,0
-1.4343105979890196,0.23294330649045036,0.27967722576327125,0.3052077222492148,0,1,0,1,0,0,0.12278617055365294,-0.5169989940066729,0.13720772700535894,-0.5240202912016859,0.005799092984841001,0.007365583966912489,0.6582981031507017,-0.7238399720385894,0.3097351570297299,1.4743278915208036,1.162614028655325,-0.533047013508737,-1.7894548871741789,0.38668622340621617,-0.6407053876909862,0.5375025152177978,1.1838141460059848,0.7840421670145002,-0.9813771768947055,0.2463053852199044,-0.5290072189409667,0.351648485511813,0.11671985540010665,-0.8178720229719889,-0.7459906027314841,-0.24630538521990367,0.9813771768947048,0.40094370201020707,-0.5596729573423944,0.15753120291246475,0.41685892312159756,0.9053781960371756,-0.5605696322757617,-1.4435419379712537,-1.2791191061301395,0.5531876071447698,-0.4150773999081907,0.5034643620605421,0.4795690784594736,0.4691369264526849,0.09305597698558829,0.09387908442092041,0.7806711296729086,1.0157572993701793,0.16231986177126023,0
0.3904080293748593,1.8820803286640106,-0.15484123025532542,-0.4281154315628296,1,0,0,0,1,0,-0.0412600105000692,-0.45710736993584694,0.20117363409225028,-0.5413797808061246,0.1701909075360489,0.06684221241557886,0.5839101570240968,0.9976010176684815,-1.6751197726657692,1.1484062873246643,0.7473878709621025,1.1633731188742702,0.09170205091017568,-0.5426565933605908,0.5474688979585045,-1.2589543216924726,0.08759501277841497,-0.27504003067867244,0.19034451885672046,1.3979208031972914,-1.3541573614495364,-0.8207963807204244,1.0248171658696774,-1.464565089951625,-1.240163894052323,-1.3979208031972914,-0.19034451885672118,-0.03541234474315745,1.5417059985633763,2.638146031933649,1.3514417922354265,1.3320852019236007,2.967989674042459,1.7372672433675176,1.784586258014483,2.4962019749083075,-1.2755131584779709,-0.7864379342253526,-0.07694712256726609,0.45617065508619664,-0.194636969298146,-1.016432198667086,-0.4540570296619595,0.23638866577426285,-0.1469716669968365,1
-1.5371116474179702,-1.5450325455404195,-1.6032360836506476,-0.13478617003801185,1,0,0,1,0,0,0.16064298156605036,-0.5303728518088963,0.2267599969270068,-0.544273029073531,0.03688815234814487,0.012731896308145543,-0.2440517231869816,-0.3031530879617683,1.7637524848902126,-0.35004521030490304,0.10082394515265605,-1.2603278992473879,-0.3785454791276052,-0.8608565442235978,-0.7954858904574557,0.989902796582401,-0.7742778293873783,-0.6237805454644291,-1.2379708116036303,-0.4911325578708816,-0.5207978538558089,-0.38081317515157503,-1.4163518881993822,-0.2948721455227582,-0.740076360262689,0.4911325578708816,1.2379708116036297,-1.1216603760228097,-1.2351161931692491,-2.1744893392847113,-1.4781478160953823,-1.6377955590459181,-2.1673243164028086,-0.7910682597479163,-0.319404172783631,-1.720552610450858,-0.5895436366688835,-0.5046105417595268,-0.5200747767805959,-1.1201574781825625,-1.1447489683696366,0.32047322382663634,0.8512270244920437,0.6499312060496465,-0.8097392286427579,0
-1.5114113850607322,-1.2873548858258006,0.27967722576327125,-2.6280848929989626,1,0,0,1,0,0,0.5770679027024219,-0.6065456940737333,-0.06748317567269331,-0.4470598872886746,-0.40058170939497834,-0.12097871952757809,1.2715540940981296,0.14355651135491454,-0.0656562645423365,0.4413983977328662,0.2152455515935016,0.7629322799889315,0.062357085615550235,0.49515589706849533,-0.16128425399986382,-0.545583728915682,-1.0661902107841315,-1.0309726535408028,-0.591162492785821,1.6268563983373747,-1.27337298279523,-0.35860684214178046,-0.45850471853876773,-1.6535167207643489,-1.2863738925679138,-1.6268563983373754,0.5911624927858203,0.577342954953057,-0.03432821836595151,0.391036510778763,0.03355074177998182,-0.3918111018575571,0.5421051509486824,0.35076067714292497,0.7325910426154264,0.139780294854656,-1.192245181842186,-0.3311783002420958,0.023408257945752128,-0.21807545597118072,-0.8377153198147269,0.3476645205553221,-0.20711139779498602,0.7374113588002092,0.2860364732784985,1
-0.9460056132015023,-0.5658574386248675,-0.4445202009343899,-0.13478617003801185,1,0,0,1,0,0,-0.016022136491804253,-0.4652479790328524,0.188380452674872,-0.5309640870434614,0.14163885727932998,0.05253204617229071,-0.1903499115730369,-0.8713625219695156,0.10921995187509714,-0.13557816841922937,0.30687357100218954,0.21401261866594504,-0.34135059267967127,-0.6563721253286081,0.058547944366474015,-0.6104193494208144,-0.41733894225013296,-0.246456915892121,0.8222348332302418,-0.5235948099447552,-0.3911531081585785,1.2546244527419075,-0.7627199106535817,-0.23066879240905544,-0.6395678811543661,0.5235948099447552,-0.8222348332302425,-0.8152827261747027,-0.3345252120667762,-1.155557086777232,-1.2455788071914804,-1.3134982345722352,-0.30852968182446,0.10608304780917345,-0.26403600355210183,-1.4104971262332722,-0.3040534310604773,1.33810702436318,0.3518440487156324,-0.11434528503927678,-0.194636969298146,0.47455723862252236,1.2745623934068555,1.0714264874841732,0.16231986177126023,1
-0.2006980048416086,-0.5658574386248675,-0.15484123025532542,0.3052077222492148,1,0,0,1,0,0,0.9051602648098662,-0.6478302116371182,-0.822280879298011,0.9428565803733807,-2.5316071517528687,-1.2268862545166903,-1.4005382639861281,-0.8666288878224344,0.7440827401504577,-1.6877116539772021,-2.1741663974603243,-1.5430494192138118,1.057270904210825,-0.5840334588563717,0.10636150654024172,0.3403767757799728,-1.3358364607456952,-1.5715431658178758,-0.682171218142126,-1.4279662609164547,1.3639231983212434,1.29602596828199,-0.6751401988572713,0.955396994684912,1.292216773232141,1.4279662609164547,0.6821712181421253,-0.4253475354589299,0.340918023760079,0.7276480584821255,0.8087807714596554,0.17144214591252482,-0.37153966943728567,0.758556726032511,1.2862727349307197,0.5118468759157585,1.3057941172313696,1.2622304186993043,0.11464042204849642,-0.2569742700706454,0.12690220596014448,1.2993599060593275,0.36909507656128593,-0.26463402725168356,0.34789477903211874,0
-1.4086103356317816,-0.6431607365392533,-0.15484123025532542,-0.8681093238500562,0,1,0,1,0,0,-0.40720918361991093,-0.22800737106297844,1.7107690413428855,-0.7109241292761421,1.1584219213153457,0.3740635939511713,-0.39380450502117276,0.107653165272346,0.4400393190725848,0.42129205257071023,0.4476038095123462,-0.8299825690342533,-0.9038400178994472,-0.7932381783710063,0.17740792331282562,-0.18400365273495156,-0.3920215650537136,-0.06531706591069149,-2.2810212470346625,1.1302918680335317,-0.24499949089145748,0.02996601523008457,-0.7864544163306784,-0.957860256847974,-0.6456762761209698,-1.130291868033531,2.2810212470346625,-0.8988402670423681,-0.18442671521636386,-0.9918001176242447,-0.9225662948249498,-1.0062691903340089,-0.37153966943728567,-1.6066603575270884,-0.9284540343304539,-0.4803306735805153,-0.47058938433204756,-0.3311783002420958,-1.0713777112871794,-1.2553771652902237,-1.4807936703313085,-0.12818317219668063,-0.4540570296619595,0.06938110143228039,-0.7036964187794109,1
-1.1259074497021662,-0.05050211919562982,-0.4445202009343899,-0.8681093238500562,1,0,0,1,0,0,0.08492935954125552,-0.4937401108723716,-0.5664172509504457,-0.046634327079622846,-0.7715872017816175,-0.3436806816887499,0.26272602491031033,-1.5428198688097527,0.2833736133780455,-0.8573663214433732,-0.6537564157530497,-0.24753659185702698,0.9712171023195676,-0.28931545601138403,-0.6906213873129561,0.26572040373721634,-1.2250537883638994,-0.8067941362207507,-0.3427441305080507,0.002319067851812721,-0.6544075278448858,1.4257193432048647,-0.12035784278217326,-0.0564957785873054,0.062237914547528105,-0.002319067851812721,0.34274413050804997,-0.38821085062885646,-0.7681430918568557,-0.5146810470056635,-0.30812471574550415,-0.7540379379655887,-0.4555529862543859,0.23295292968593312,0.4434461588507728,-0.6870343297255728,-0.6648813298155464,1.1863538130354276,-0.2776578835933038,-0.2958730841701091,-0.29617565622181696,-0.0012904541294803558,-0.5363722402842841,-0.5986491559356475,-0.3944048900113141,1
1.0843151130202777,1.1348151154916164,1.4383931084795292,1.0385308760612593,1,0,0,1,0,0,0.7158762097478791,-0.6222454401893867,-0.6047967952025805,-0.0061288513359326405,-1.2070288894357348,-0.47381375596365155,1.1937322784964888,0.9597784058315466,-0.8933159383775383,0.6801672813738331,0.3707158633945686,-0.2818974417750964,-0.5799574725113682,2.5288383150744616,1.506988525291973,-0.8689828580990749,1.6459331802012624,1.0240628831204508,0.013895103188392356,-0.39825548305102343,0.8668716561144472,0.1923420398994436,0.3479488460209683,0.7132170501675057,0.5178493091199547,0.39825548305102343,-0.013895103188393775,1.7750010407229295,0.8662627627365218,-1.028190555213798,-1.258499307686141,-0.6649035856248688,-0.18250970659880966,-1.2804235184154193,-1.4267675574142176,-0.790386157798101,0.9727222106882286,0.35171115073279,0.4978155112800227,0.6117659114840535,0.8884423578876751,-0.033013633646279864,0.03983423407198747,-0.15329565102369538,0.5334696962929761,0
0.23620645523143258,-0.5400896726534062,0.27967722576327125,-0.4281154315628296,1,0,0,1,0,0,0.1480240445619179,-0.5292099076521812,-0.4128990739419065,-0.2416392603028171,-0.538817462977843,-0.2202554978403896,0.2803869235868087,-0.14948452640956386,0.830001641217637,0.4872846375980095,0.6890997993575902,0.5179868243858262,-0.5160070074093501,-0.5437619884804299,-0.04330537423145056,0.16052530820341185,-0.7399327022689858,-0.5722262746982703,-0.12950004961474557,0.8349088210750116,-0.9332054145595281,0.16178983051764595,-0.9733275950213616,-1.391994709888265,-1.4545310709281263,-0.8349088210750116,0.12950004961474487,-0.4253475354589299,0.11577027848446049,0.5002078235474204,0.5116092600824467,0.17144214591252482,0.19555021907814235,0.5954383064766764,0.7325910426154264,0.20179139169817292,-0.8869292675109735,0.12408133374116129,-0.06782390615699217,-0.5551985114998699,-1.0238695791747903,0.3476645205553221,0.5337254978059351,1.127095675598167,-0.2706882785040748,1
-0.8689048261297889,-0.12780541711001567,-0.15484123025532542,0.3052077222492148,1,0,0,1,0,0,-0.3188766245909836,-0.3169725990516812,-0.5152445252809326,-0.11607228549737747,-0.28628551685264986,-0.15407097896518193,-0.2937319206180385,0.4152267073069428,-1.3035620857201202,2.1149016799609059e-4,-0.18479286642552306,-0.008533715311586558,0.23004169587806902,0.22760282423649283,0.10022444639040982,-1.0112297737885863,0.6696591453213138,0.5055375921343567,-1.2010128806784757,1.179510982546407,0.6358594460619584,-0.4695090365997479,0.7658246407378615,0.6637368357702745,0.7337988405729856,-1.179510982546407,1.201012880678475,0.10385022336961848,-0.03432821836595151,-0.3640650692044592,-0.806281790372998,-0.5283573437412127,0.6366201323679207,-1.1988643086375024,-0.8730858650989243,-0.23228628620644656,0.8061862574166584,-0.2553016945782196,0.6894030558957865,1.0137203238451828,1.2607508766078017,-0.0647368131630805,-1.0302635040182315,-0.6543183440496418,1.2139110595827887,1
0.3904080293748593,0.4648532002336079,-0.15484123025532542,-0.8681093238500562,1,0,0,1,0,0,-0.0412600105000692,-0.45710736993584694,-0.630383158037337,0.008337390001099575,-0.8359652222306702,-0.35799084793203806,0.07857136481401347,0.3509366975111371,-0.08188914380851227,0.548352875469051,-0.20715840077028225,1.1673478437663964,0.8983581067491292,-0.39451372082463787,0.34066167117368845,-1.152439094468495,0.05445134659821335,-0.1851640513210506,0.6034485715022214,0.9936302841201231,-0.5034488568475725,-0.14040424693402856,-1.0461449462494616,-0.6867963347870348,0.08853940992720363,-0.9936302841201231,-0.6034485715022222,0.04814519612450831,1.0914105080121401,2.1195822962825224,1.0284292798688959,1.0077878774499178,2.558424754559094,1.7372672433675176,1.5077454118568363,1.752068812786101,-0.7759052986632599,-0.6346847228976005,-1.60964747949337,-1.7869942913162333,-1.870025303538713,0.030432725387320277,-1.4418395571298541,-1.266679413303576,-1.5078543935764617,0
0.004904094016293398,1.0059762856343069,-0.4445202009343899,-0.4281154315628296,1,0,0,1,0,0,0.021834674520593164,-0.4803662530701483,-0.24658771551598904,-0.3706781330291445,-0.24058231699259588,-0.08296734044384395,0.2684581235449189,0.7269498032415413,0.17919590766784996,0.9296633689335413,0.3245291859590097,-0.7796142762949366,-0.3344717497434621,0.02342010353858131,0.8544707856009363,-1.1827058314561616,1.2084748374692769,-0.17006891884550004,-1.118227115406131,0.04574314950473895,-0.3498964642794333,-0.14177134347451611,-1.4334721097782652,-0.05761227226565003,-0.5879430339002105,-0.04574314950473895,1.1182271154061303,0.10385022336961848,0.9413120111617277,0.35464607318920965,-0.3411437725651945,0.13730558544161034,0.3530751881102058,-0.05703537174666111,0.5664865349208381,0.7598912632898273,-0.16527347000083534,0.12408133374116129,0.8353745184601769,-0.11434528503927678,-0.1269445113490324,1.4262526241265279,0.9453015509175579,1.0714264874841732,0.7809029193074537,0
-0.6633027272718879,0.7998341578626126,-1.6032360836506476,-1.161438585374874,1,0,0,1,0,0,0.03445361152472564,-0.48269214138357847,-0.23379453409861076,-0.37357138129655093,-0.23661916740925962,-0.08252014774874118,-0.20105558640364232,1.2251728788789324,0.8074700437988944,-0.42979508303610725,-0.45422304012868303,-0.9089444637087254,-0.22604266823066632,-1.2437201294714113,0.9120008133158151,0.5511388180990816,-1.2408599457056873,-0.6567326666966242,0.013895103188392356,-1.2534728335413483,-0.9631378119306562,-0.7679658316635676,-0.5499972397150978,-0.6497900521313666,-0.05065942820854901,1.2534728335413483,-0.013895103188393775,-1.1495128896453646,0.9413120111617277,0.22727954162577424,0.48576825909312477,-0.06751377738387422,-0.024984737566746233,0.9216751455883455,1.009431888773073,0.2638024885416898,-0.9424412519348303,-0.7864379342253526,-0.2867811000035777,-0.5162996974004062,-0.7192535184037778,0.664896315723324,1.5215080252738291,0.9044189231421907,-0.3944048900113141,1
-1.5371116474179702,1.1605828814630785,-0.15484123025532542,-0.13478617003801185,1,0,0,1,0,0,0.2363566035908452,-0.5495614303946948,-0.6431763394547153,0.1587862999062346,-1.0707561904610863,-0.5453645871800923,-1.7052126247218262,-0.4370928917648979,-1.3198312834906614,-0.9233525793745926,-1.092725744870414,-0.4925148197431921,1.083552586963787,-0.5330055024139544,-0.5250757973578961,-1.5267177062463564,-0.19903318626982627,-0.5428956775202519,0.6225629626478131,-1.2891818387499494,1.838566846353699,0.07391430410873744,0.2700495204581736,1.0500318645188893,0.8905650226003582,1.2891818387499494,-0.6225629626478137,-0.6203151308168162,-0.6534845178739019,-0.6233469370300225,-1.2520390574388107,-1.2494921836892714,0.46334266643265065,0.697387318699073,0.42806611184201476,-0.9454138999068937,1.8886699536818656,0.19995793940503753,0.39746013076700454,0.4821031978191731,0.9053654723749538,0.09387908442092041,0.36909507656128593,-0.2089648391376897,0.47161139053935697,1
-0.2263982671988458,-0.3339475448817109,-1.6032360836506476,0.5985369837740325,0,1,0,1,0,0,-0.33149556159511606,-0.3169725990516812,-0.09306953850744984,-0.4314363466446798,0.2556084424433621,0.08964903986581935,-0.9314729849193997,0.8772850955011581,0.9261513386818576,-1.6958239981091903,-1.2439151807131645,-1.1140953961000748,0.3164341201017963,-0.5062952266918864,0.6145528873034135,-0.013395462263814875,-1.8844809507826892,-1.3104068831198212,-1.344988124630379,-0.18555039652161812,0.7893516350811344,-0.5884557338051195,-1.2795410539532832,0.42232976356268753,0.3377933855112795,0.18555039652161812,1.3449881246303783,-0.6203151308168162,0.26586877533487285,-0.7461646638947628,-0.6383152839424023,-1.2793616741013212,-0.40304466324369825,-0.6279498401920818,-0.04256332662598434,-1.1624527388592034,0.6118943119331598,-0.6346847228976005,-0.323273965644676,-0.9052878383950472,-0.7023304039164997,0.9186817518577256,0.2044646553166367,0.1250502895462747,-0.1469716669968365,0
-1.4086103356317816,-0.9523739281967958,-0.15484123025532542,-0.4281154315628296,1,0,0,1,0,0,-0.6722068607066928,0.30229516439909276,-0.029103631420558513,-0.4603688293187442,1.048156237724814,0.5882688949053907,0.716092415685859,-0.3779404313110419,0.06921887815706981,0.46198491563815364,0.5696491885231332,-0.09682796357714218,-1.0167584910283085,0.4172773718687802,-0.3187692043650131,-0.30180836144884154,0.3453436901394757,0.6931522976652158,0.5174554829923397,-0.6452678416013011,-0.5788053022913745,0.19939911168805996,-0.3979128222555244,-0.28167492466184973,-0.06384353667638898,0.6452678416013011,-0.5174554829923405,0.18740776423728422,-0.4846237089171882,-0.646090960523493,-0.6899972859210471,-0.5283573437412127,0.16404522527173035,-0.8726274695258333,-1.149926711256571,-0.728375060954584,-0.8036612908751883,-0.3311783002420958,-1.4545528005187045,-1.3980061503215924,-1.396178097894916,-0.635754044465484,-0.12479618717266176,-0.4316415915936655,-1.6315710050837011,0
-0.5605016778429365,-0.1535731830814779,0.27967722576327125,-0.4281154315628296,1,0,0,1,0,0,-0.7983962307480176,0.9448218109841681,-0.2849672597681238,-0.3683635344152193,1.7713476122513325,1.0113131844725967,1.1586215575920509,0.7060885829247834,0.1824229102831498,0.26444686339913165,0.5519253086745347,0.4441931707992174,-0.48648723570216307,1.4085991828445756,1.3859323044744494,-0.7801508501798797,1.165212565237779,1.0767897434856226,0.7547787594442794,-0.14275387761029457,-0.20363577332725252,0.4192678188399416,-1.0333545965303412,0.7981541819355628,0.3337456720445102,0.14275387761029457,-0.7547787594442801,1.4686233908748227,1.4666567501381707,0.3728412919839863,-0.10857476366129187,0.3591932285025509,1.2352150146897614,0.18764225758709038,-0.1532996650890431,0.6358690696027934,-0.22078545442469194,0.35171115073279,-0.0951935553878152,-0.6070635969658218,-0.2792525417345383,0.6331731362065233,0.28677986593896093,0.23638866577426285,0.038603250264021984,1
-1.1259074497021662,-1.41619371568311,-0.4445202009343899,-0.13478617003801185,1,0,0,0,1,0,0.08492935954125552,-0.4937401108723716,-0.42569225535928473,-0.22427977069837846,-0.514288839155291,-0.20639252429220423,0.28322829577449915,-0.8749505453349107,0.3192255438447607,-0.6992918875072793,-0.5667153634878391,1.9160519129351818,1.4812166708645877,-0.4406937762270204,-0.6860168079897024,0.2710494185834008,-1.2298248528840943,-0.749998517534102,0.09840925777350726,2.5156651794694618,-0.8341718684852741,0.5136605034990813,-0.16401348678477054,-0.2747750466305194,0.004530150960547564,-2.515665179469462,-0.09840925777350797,-0.5367575899491508,-0.7848207026180125,-0.600602913536552,-0.37990527404917784,-0.8185181077439823,-0.4660546508565234,0.5138790966987595,0.5111183656893089,-0.9144083514851348,-0.9424412519348303,0.04820472807728505,-1.0896241441077272,-0.996051737960463,-1.0238695791747903,-0.4771381468814831,-1.7711003996191523,-1.0440026608476,-0.45626319576493324,0
-0.48340089077122306,1.1348151154916164,-1.8929150543297122,1.0385308760612593,1,0,0,1,0,0,-0.29363875058271866,-0.33150940101061954,-0.6047967952025805,-0.0061288513359326405,-0.5151899716128562,-0.2502174084122742,-0.8355647753954935,0.24277872472145787,-1.1520149011803722,-0.7966610809930049,-0.6507362470434326,-1.980091329397423,-0.1291076948608206,-0.6346398778876283,0.5468033855095771,-1.007848877169924,-0.27836186737539426,-0.3085890528890957,-2.0636544683902964,-0.653901033058197,0.5277484718375722,0.21455420915076323,0.56205203766062,0.8002188614153353,0.5447118434314185,0.653901033058197,2.0636544683902955,-0.8988402670423681,-0.18442671521636386,-1.746901697607466,-1.8786833314298803,-1.8596832021068592,-0.6235796198885869,-1.6066603575270884,-1.0391903727935126,-1.3484860293897554,0.7506742729928018,0.5034643620605421,0.8627441676909999,1.0526191379446466,1.3622895635314727,-0.0647368131630805,0.36909507656128593,0.06938110143228039,0.7809029193074537,0
0.23620645523143258,-0.87507063028241,0.27967722576327125,-0.13478617003801185,1,0,0,1,0,0,0.1480240445619179,-0.5292099076521812,-0.3361399854376369,-0.3128131676810156,-0.43466221458427784,-0.1652507963427508,-0.57553222812286,-0.08948524770292077,1.1929698804468605,-1.1149984369470476,-1.0710765723948013,0.34424547922707677,1.1571501189096065,-0.4750915099047012,-0.16128425399986382,0.22740224936702086,-0.8810060796774772,-0.8789554956920439,0.010024599876957354,0.45956749966015986,0.32558573434839605,-0.03874971429306251,-1.4023124612738944,0.63270040697961,0.5343230343843934,-0.45956749966015986,-0.010024599876958064,-0.5646101035717058,-0.3345252120667762,-0.5915053041391644,-0.39282577454383927,-0.6990401460957827,-0.7811045889206503,0.2692014673650073,0.2896456887631914,-0.9144083514851348,0.16779843654230542,-0.17942508891434333,-0.43275256256796935,-1.047916823426415,-0.7700228618656133,0.9821281108913258,-0.9479482933959068,-0.8769950965056176,-0.45626319576493324,0
0.46750881644657266,1.0059762856343069,-0.8790386569529866,-0.4281154315628296,1,0,0,1,0,0,-0.6091121756860305,0.00574440443675031,-0.24658771551598904,-0.3706781330291445,0.6343575162504053,0.2908857526620589,-0.20464967980467633,-0.22679475894190262,0.2063399484969264,-0.5132073741131185,0.6598276087846751,-0.20844983362446273,-0.9276092457017584,-0.7476848290066948,-0.0070419784509057745,-1.2222578130192272,-0.8436397099596852,0.06855120724999603,-0.671183982935474,0.38137139103206524,-0.4625075099479047,0.3042284247165308,-1.5103248500146833,-0.14322864200872967,-0.7908812956441066,-0.38137139103206524,0.6711839829354733,-0.8988402670423681,-0.40957446049198204,-1.2283379619563388,-1.5685913195580112,-1.7402052404586603,0.5736101447550955,-1.1988643086375024,-1.0945585420250417,-1.2244638357027204,-0.44283339212011924,0.27583454506891375,-0.013084607695344815,-0.7885913960966542,-0.7869459763528921,0.664896315723324,0.36909507656128593,0.6260729825722207,-0.023255055489598248,1
-0.6633027272718879,-1.5450325455404195,-1.6032360836506476,-0.13478617003801185,1,0,0,1,0,0,0.03445361152472564,-0.48269214138357847,0.2267599969270068,-0.544273029073531,0.12598027010960336,0.04940169730657143,-0.49607513585856583,0.8978231455801527,1.314278599078935,-0.527050225269555,-0.16512085827192366,-0.5232928660194406,-0.13744609013499529,-1.2208387149964426,0.77683978422127975,0.49053165155184797,-0.9170563932037232,-0.45190894378734914,0.06048449490010199,-0.7736968421314995,-0.5300431071015705,-0.45406940134076945,-1.3037258704171277,-0.19732656952809172,-0.22653592396260513,0.7736968421314995,-0.0604844949001027,-1.1495128896453646,0.7161642658861095,-1.6069330893092284e-4,0.2531992501892221,-0.135786898325702,-0.18250970659880966,0.5954383064766764,0.6218547041523672,0.015758101167622184,-0.5631093583718088,-0.5166544474204599,-0.33036980063044413,-0.9225762002170312,-0.9298522764676874,0.798838629238702,0.7989633987000918,0.44669448753824004,-0.5937260974396413,0
-0.3291993166277972,-0.9266061622253344,0.5693561964423357,0.5985369837740325,1,0,0,1,0,0,-0.07911682151246661,-0.4361743751149757,-0.5280377066983108,-0.10160604416034526,-0.561782948663952,-0.2569252988388155,0.8337887982362413,-0.9930962448431463,0.9367169574123823,0.029449603323392644,0.4636695898210943,0.47496594741188214,0.4275167944962824,0.868672636025011,-0.6137559706503635,-1.1173043669693994,0.5600455496164461,0.4553898044946573,0.5209310369862826,0.13114384342216406,-0.29143615795855676,0.7482085043832578,-2.4033065973684224,0.5155470660366092,-0.15819366577738525,-0.13114384342216406,-0.5209310369862833,0.7166055230658329,-0.6347222057676005,-0.24579614703841146,-0.7675202888890147,-0.5283573437412127,0.8571550890128092,0.5138790966987595,0.2896456887631914,-0.046252995675895824,-0.4150773999081907,0.4275877563966659,-0.6334633235940058,-1.6702978490178413,-1.4131012123821949,1.109020828958526,-0.5363722402842841,-0.5429799678216537,-0.6418381130257917,0
-1.5114113850607322,-0.9523739281967958,0.27967722576327125,-0.4281154315628296,1,0,0,1,0,0,0.5770679027024219,-0.6065456940737333,-0.029103631420558513,-0.4603688293187442,-0.3694762146741446,-0.11069328754021474,0.8998300262289614,-0.32754786347411174,-0.21563389713232964,-0.6017186523869961,-0.8661611615824947,-1.3555635866291387,-0.060495638228659464,0.6234347676043864,-0.05709511342516177,-0.6544614157040091,-1.2932111690321841,-1.2232797591660367,-1.3475953222069719,-0.5122984218604396,-0.6283068816803984,0.3923730907884154,-0.3628918456059972,-0.4694429784297045,-0.06824266160396696,0.5122984218604396,1.3475953222069719,0.5216379277079463,-0.10937746679115769,-0.16391766246191838,-0.4703487775118068,-0.9209277891567239,0.19555021907814235,-0.5463906304141645,0.06817301183707392,-0.4183195767369984,-0.8036612908751883,-0.1035484832504671,-1.235595606672119,-1.2035120798242718,-1.277716296483967,-0.3819686083310823,-0.12479618717266176,-0.3759724034796717,-1.3841377820692236,1
-1.4086103356317816,-0.5658574386248675,-0.15484123025532542,0.3052077222492148,0,1,0,1,0,0,-0.40720918361991093,-0.22800737106297844,-0.822280879298011,0.9428565803733807,-1.6094311841376534,-0.9040131286525015,-1.5121254239326503,-0.39804408751884257,0.4284367688645611,-1.1202830563110375,-0.934468669500756,-2.35005911567449,-0.0923927771669965,-0.8869198474254303,0.9540482556683323,-0.255958894649327,-0.2801314060351494,-0.2268092347924822,-2.5779597928613414,-0.6484112087471453,1.2164473499027888,1.502072600787677,-0.8429014202954481,1.2356566274769318,0.9934199639163985,0.6484112087471453,2.5779597928613405,-0.9823978079100336,0.41596727218528484,-1.0463857740085747,-1.0000892977929163,-1.040405750804923,-0.5605696322757617,-1.6066603575270884,-0.762349526635866,-0.29429738304996345,1.2502821328075124,1.5657368413548085,0.32447439948480933,-0.17917664187171697,0.31305646532020776,1.1407440084753266,0.03983423407198747,-0.26463402725168356,0.5953280020465953,0
-0.9203053508442651,-0.87507063028241,0.5693561964423357,-0.13478617003801185,1,0,0,1,0,0,-0.5081606796529707,-0.1047352904511812,-0.3361399854376369,-0.3128131676810156,0.2885291599422405,0.16119987108226008,-0.3819442669723028,0.9674956547094963,0.24153844530359675,-0.8828970340922296,-1.0188740490622192,-0.45964682788893824,0.5836900002658749,-0.35171437049946774,1.0234983587009125,-1.280397560122695,-0.26696070098062513,-0.3146042168809951,-0.653257441282515,0.020989325180847843,0.17967394590028513,-0.30259996148898444,-1.616867213169174,0.928023272005662,1.017436379078485,-0.020989325180847843,0.6532574412825142,-0.5089050763265954,0.5660657690356972,-0.8371407578686448,-1.2972608091701252,-1.3134982345722352,0.3215701943037938,-0.8726274695258333,-0.7069813574043363,-0.8523972546416179,-0.026493508941193386,-0.482931511569848,-0.6790794056453779,-1.333174793489152,-0.9561771212256767,1.2041903675089267,-1.1948939252628807,-1.32234860141757,-0.6418381130257917,0
-0.9974061379159777,-0.87507063028241,-0.15484123025532542,-0.4281154315628296,1,0,0,1,0,0,-0.5081606796529707,-0.10182793005939353,0.5593827137788417,-0.5946155489264031,0.9441456497334234,0.38121867707281537,-0.28443219829085714,-1.7000862547555875,-0.10934011361960735,0.3187743647153052,0.18624398785599672,-0.7221968477758757,-0.36236286835095616,-0.6539936689119955,-1.0334319221612913,-0.5131399470157394,-0.8341277606265709,-0.5737892577469706,-0.007768161614413057,-0.9772859963810728,-0.25795287263367483,1.2981523251100033,-0.3661845614894879,-1.2577504100458816,-0.8023198368645839,0.9772859963810728,0.007768161614412348,-0.7874302125521474,-1.1600669447440433,-1.0008977270216337,-1.077612300760884,-1.2964299543367779,-0.2770246880180474,-0.13859458152457876,-0.1532996650890431,-1.2864749325462383,-0.19302946221276363,1.33810702436318,0.26517349281802505,0.028283699992091807,-0.4738683583382403,0.6490347259649236,1.0276167615398821,0.5704037944582268,-0.76555472453303,1
1.0072143259485644,0.026801178718756015,-0.4445202009343899,-1.6014324776621007,1,0,0,0,1,0,-0.20530619155379135,-0.3867492484545853,-0.579210432367824,-0.009022099603339084,-0.551732720508216,-0.2904647509715221,-0.1944493309018038,0.20949223566863262,-1.7167028512231406,-0.24410808695853523,-1.1040235427587684,-0.30484184552608456,1.2921476694764371,-0.5133133774521303,0.4754009692858144,-1.563239542061511,-0.6088318084981293,-1.3597074124099446,-0.03255093654881916,-0.3834842964864804,-0.2425101505226299,0.18871158688718956,0.7758853259828822,-0.27393292244490913,0.10779503356023275,0.3834842964864804,0.03255093654881845,-0.4253475354589299,0.5660657690356972,0.33645085439443295,-0.5607922809744348,-0.7502449868021539,0.7626401075935709,1.4925896140337656,1.6738499195514247,0.015758101167622184,-0.3595654154843339,-0.02767187758659086,-0.5696008087220858,-0.11434528503927678,-0.21156008378542468,-0.7626467625326843,-0.12479618717266176,-0.32030321536567735,-0.5799798072721716,0
-2.1796182063489136,0.05256894469021735,1.0038746524609323,-0.4281154315628296,1,0,0,1,0,0,2.0282456581776565,-0.730399246763888,0.188380452674872,-0.5298067877364988,-0.6815780334170637,-0.15228220818477092,1.505941717545048,-0.011176083329748074,-0.6636381279695305,-0.30503669239358566,0.1503077711053765,-0.1235961963816942,-0.5735279869264827,1.9754051461686286,0.2172853382240529,-1.5313755635677084,-0.3092369326245598,-0.015002779592352189,-0.7279513648365089,0.5534028300138731,-0.12024707036958206,0.23301120700328426,-0.63166920314596,0.1054508431934212,-0.21005475812293248,-0.5534028300138731,0.7279513648365081,0.7723105503109431,-0.5596729573423944,-2.147196511092547,-2.382582850721668,-2.3375950486996553,-0.40304466324369825,-1.4435419379712537,-1.3713993881826885,-2.0306080946684437,-0.5261013687559044,-0.4070549059059717,-1.7373725092372125,-1.7221629344837932,-1.5823323572549794,-1.016432198667086,-0.7010026615289333,-0.5429799678216537,-1.5078543935764617,1
-0.27779879191332196,-1.41619371568311,-0.8790386569529866,-0.13478617003801185,1,0,0,0,1,0,-0.19268725454965888,-0.389656608846373,-0.46407179961141953,-0.2022910838660895,-0.33901564177990257,-0.14333835428271582,0.17314528060785953,-1.307820632115573,-0.05773616356116215,-0.01910905921195718,-0.4355158544062342,1.8613355881196163,1.3000264186331705,-0.8183965193239162,-0.5790772999635578,-0.5440608181788441,-0.5690120537789757,-1.030637919314646,-0.3593320018427697,2.8950208465678964,-1.0584948867450987,1.2149179339131397,-0.4678013834834162,-0.5384075060547338,-0.44002539027938453,-2.8950208465678964,0.359332001842769,-0.8709877534198129,-0.7097714541928067,-0.6642861793182697,-0.8192022908676594,-0.972132629863095,-0.5605696322757617,0.18764225758709038,0.40038202722625016,-0.9764194483286528,-1.1089772052064004,0.6552175733882943,-0.989268763594709,-1.047916823426415,-1.159254495073018,-0.3819686083310823,-1.7711003996191523,-0.8213259083916238,-0.2706882785040748,1
0.030604356373531493,-1.4934970135974959,-0.8790386569529866,0.3052077222492148,1,0,0,1,0,0,0.1858808555743153,-0.534443156357399,0.34189862968341117,-0.5749414607080393,0.08668170026598032,0.03330276028287226,-0.9173138252932868,-1.0108004206807955,1.410512536744313,0.309554527700765,1.0188777371791353,0.7991365202169213,0.11894367153074935,-0.79828114733237,-1.1352405685395763,1.2280449739956225,-0.4253895269479889,0.3169711766344907,0.06512235289855199,1.0253393444399002,0.4779140874100515,0.2500962190118247,-0.6941511235193752,-0.839997169277624,-1.0151302983031534,-1.0253393444399008,-0.0651223528985527,-0.8988402670423681,-1.2351161931692491,-0.9645072894320803,-0.26362076959722697,-0.40887938209301433,-1.0961545269847772,-0.05703537174666111,-0.09793149585751397,-0.8523972546416179,0.27882240539001907,0.04820472807728505,-0.5057382938501646,-0.7626588533636787,-1.0069464646875115,-0.15990635171348128,-0.5363722402842841,-0.09762646290970158,-0.5799798072721716,0
-1.2544087614883548,0.5936920300909173,-2.617112481027373,-1.6014324776621007,1,0,0,0,1,0,-0.05387894750420167,-0.45187412123062914,-0.0035172685858019803,-0.4632620775861506,0.03975483767407883,0.01049593283263177,-0.46879663939546923,0.691493684008831,0.10381417353452611,-0.5167628396428489,-0.17525359138181923,-1.0249438096500483,-0.5437050977526325,-1.4159008201575976,-0.05389699436028588,-0.6400383746409999,-1.570024828159924,-1.3046124575545974,-1.5126769381743592,0.10235345797273021,-0.7628782775960847,-1.0030896082064527,-0.7850942944657582,-0.8586964864778716,-1.0458618905809136,-0.10235345797273021,1.5126769381743579,-1.3444804850032512,-0.10937746679115769,-0.17301527185930607,-0.4703487775118068,-1.0233374705694662,0.29006520049738066,-0.05703537174666111,0.8433273810784847,0.20179139169817292,-0.7759052986632599,-1.0140677512169813,-0.3688900476960481,-0.6978274965312384,-0.9561771212256767,-0.0012904541294803558,0.8629863402952329,1.0157572993701793,-0.6418381130257917,0
-0.07219669305541997,1.1348151154916164,1.7280720791585935,-0.13478617003801185,1,0,0,1,0,0,-0.00340319948767178,-0.4646665069544949,-0.3617263482723934,-0.30124017461138985,-0.3576150440903046,-0.12455626108840012,-0.7490314491200213,0.6306950069978111,0.7724423989317811,-1.123545639946326,-0.8235078008075886,-0.5112551560246665,1.0467305453640754,-0.11435849961979527,0.5284384277231626,-0.4246479269781579,-0.2665671035858927,-0.7621888298480166,0.08962234189036815,-0.7861774033115495,0.9272807980735415,-0.3362706737926476,-1.4826848500363783,1.2535142976001863,0.32647142881084373,0.7861774033115495,-0.08962234189036815,0.15955525061472892,0.9413120111617277,1.1643333095567605,0.7312577684916879,0.5810808715634928,0.6366201323679207,1.166352774922097,1.2309045656991897,0.5118468759157585,0.8339422496285867,-0.3311783002420958,-0.04957747333644305,-0.8015576674631424,-0.3130987707090945,0.7917890337905242,-0.28942660841731066,-0.6543183440496418,-0.45626319576493324,0
-0.07219669305541997,0.15564000857606544,0.27967722576327125,-0.8681093238500562,1,0,0,1,0,0,1.7884858550991394,-0.7210956935101674,-0.7583149722111197,0.48861660239056914,-2.1560305041218264,-0.9321862684439749,-0.12129016338153635,1.2841734170094874,-1.1795837178674977,-0.1702515026117525,-0.86639232245486,-0.02039582676211257,0.9998356048465108,-0.05350949934536719,0.11373542035104035,0.20155627857614428,-0.584492055512983,-0.8534965668343341,-0.49837739391320257,0.4664671563038157,0.11519086344928056,-1.648630668677196,1.815075080568957,-0.34957352065328307,0.29307917370496,-0.4664671563038157,0.4983773939132019,-0.3696425082138195,-0.3345252120667762,-1.2829236183406676,-1.0000892977929163,-1.1428154322176651,-1.3796994712424915,-0.30171300108041293,-0.09793149585751397,-1.5965304167638241,0.25106641317809053,-1.4693273852002382,0.589047675382767,1.5064386357717279,1.243827762120523,-0.7309235830158842,-0.28942660841731066,-0.09762646290970158,0.8427612250610729,0
-2.076817156919963,-0.4885541407104817,1.4383931084795292,-0.4281154315628296,1,0,0,1,0,0,0.6275436507189519,-0.6158492473274538,-0.19541498984647596,-0.38688032332662053,-0.5394663315936652,-0.17464184293990864,0.17250200386861156,-0.5636942440366379,-0.9549401703338655,0.00202362605406026,-0.09620972489251313,-0.6978759002647809,-0.9453861330350238,-0.4756396722815226,0.7562657746106466,-2.3170386604127904,-0.49757424820595886,-1.229367927343409,-1.6929968571541203,0.7272741774339888,-0.7151217917960606,1.531298491481617,-1.022965195826821,-0.49611989534089296,-1.0751611496748799,-0.7272741774339881,1.6929968571541196,-0.3417899945912644,0.9413120111617277,0.5820863081239148,-0.7998215401256678,-0.9294619292744525,1.7235424186891581,-1.0357458890816678,-0.4024564266309252,0.139780294854656,-0.6093693453916895,1.6416134470186852,0.41570656358755365,-0.2051091846046925,-0.38079122865820925,0.506280418139323,0.36909507656128593,0.848749735028197,0.10046155601764112,0
-0.35489957898503444,0.0010334127472937634,1.4383931084795292,-0.4281154315628296,1,0,0,1,0,0,-0.40720918361991093,-0.2152149853391127,0.07324181991846762,-0.4985597064485092,0.49168888641901887,0.21978211414072094,0.313828255551168,-0.5476723378006088,1.678522809102437,-0.579036714119062,0.6185106607278139,1.0245079156361558,-0.4332527358233005,0.26741324701379154,0.055404460355169584,0.968448665624843,0.03894118512277815,0.31753565152699936,0.1590389773671773,1.2395736832254003,-0.1691896631886782,0.8072004433362548,-1.3213993987702954,0.8208546570176163,-0.49408239068615106,-1.239573683225401,-0.15903897736717798,-0.14682239923337803,-0.40957446049198204,-1.3738997123145495,-0.7545997883943533,-0.6990401460957827,-1.4742144526617298,-0.6279498401920818,-0.762349526635866,-1.2864749325462383,-0.1375174777889068,0.8069707847160468,0.13288685486904556,-0.5811310542328463,-0.24540631275998087,0.2524949820049213,-0.12479618717266176,0.5704037944582268,0.2860364732784985,1
-1.1259074497021662,-1.235819353882877,-0.15484123025532542,-1.6014324776621007,1,0,0,1,0,0,-0.596493238681898,0.0028370440449626386,-0.10586271992482811,-0.4302790473377172,0.7345928601139088,0.33471063678212887,1.1285789683122367,-0.840775813768269,-0.8898323416099172,1.6686487091626767,1.4039212138778383,-1.4394009090313653,-2.121599586115843,0.5767582853408086,-0.01288285003550892,-1.2361756898779255,0.9338585841595846,0.1383216025199825,-1.4375436385994584,-0.5374328853480426,-0.9930264451194024,1.141085434080706,-0.02580673145759682,-1.3282385674852457,-1.6901222136918945,0.5374328853480426,1.4375436385994576,0.2152602778598393,-0.3345252120667762,-0.982702508226857,-1.3877043126327533,-1.0233374705694662,-0.15100471279239655,-1.1173050988595852,-0.6516131881728072,-0.6043528672675491,-0.794409293471212,1.5910290432427672,1.1242763714522022,0.9359226956462544,0.27356919818322456,0.04100711855958641,2.9483050093941214,2.7971713190179877,0.47161139053935697,1
1.8810232460946468,1.0317440516057692,-0.4445202009343899,-1.6014324776621007,0,1,0,1,0,0,0.22373766658671274,-0.5466540700029072,0.8280395235437853,-0.6287558784817991,0.2862315061001322,0.06550063433027059,-0.21246845622839144,0.8478100756640513,1.2887054058527827,-1.1507504882633146,-1.013655918863681,-1.1813999849824102,0.12302581359890032,-1.379270852473594,-0.6137559706503635,0.7678673228739743,-1.5380142360341522,-1.383682191954434,-1.4375436385994584,-0.18555039652161812,-1.0827086238976178,-1.778493193615217,-0.9900708550413776,0.029521080533829527,-0.03309400925794495,0.18555039652161812,1.4375436385994576,-1.3166279713806959,-0.6347222057676005,-0.24579614703841146,0.17567624722125458,-0.4600842227993849,-0.9701345517591269,-0.46483142063624716,0.2342775195316623,-0.29429738304996345,-1.053465220782544,-1.6969572021918669,-0.323273965644676,-0.7626588533636787,-0.7023304039164997,0.5697267771729232,0.2044646553166367,0.1250502895462747,-0.20882997275045564,0
-1.4086103356317816,-0.5658574386248675,-0.15484123025532542,-0.13478617003801185,1,0,0,1,0,0,-0.6722068607066928,0.30229516439909276,1.1478690589782419,-0.6663681059580829,1.6286635677175734,0.7474694943619713,0.3126034953866824,0.01975929641961803,0.4909872924038634,0.19187395518265554,0.960249724234401,0.9372573011573048,-0.5488720581854863,0.18555082360011094,-0.01829749585582974,-0.2515631733071541,-0.04434584116189218,0.2760848871231458,0.5516412599819246,0.7311960875261709,-0.2492825732854297,-0.0454502841153888,-0.9239928054014835,-0.3031819117649207,-0.9788285139487903,-0.7311960875261709,-0.5516412599819253,-0.03541234474315745,-0.25947596364157,-0.7370670544973751,-0.7416792878996918,-0.71610842633123994,-0.05648973137315825,-0.22015379130249568,-0.4855086804782194,-0.9144083514851348,-0.3318094232724056,-0.17942508891434333,-0.41450612974742024,-0.8015576674631424,-0.8546384343020056,-0.2233527107470814,-0.04248097655033679,0.3477270420022505,-0.5799798072721716,1
-0.3034990542705592,-1.4419614816545723,-0.15484123025532542,0.3052077222492148,1,0,0,0,1,0,-0.14221150653312897,-0.4210561010776798,0.09882818275322415,-0.5095540498646537,0.19286792820551132,0.06997256128129814,-1.0522708574351272,-0.0437620891361058,-0.3432710627775995,-1.9801897638234354,-0.8206840809169775,-0.12223829678143669,0.8857998339358368,-0.9868886816242397,-0.5671733013327224,-0.09345194129291856,-1.7005916194478463,-0.670243036401825,-0.9053494332772469,0.731196087526173,0.477120699852053,-0.5081169217269156,0.375352853937133,0.9888310804458885,0.4125676261622596,-0.7311960875261724,0.9053494332772463,-0.9823978079100336,-0.6347222057676005,-0.4095531161914002,-0.39282577454383927,-1.0062691903340089,0.3530751881102058,-0.30171300108041293,0.12354118106860354,-0.29429738304996345,0.40174179947141603,-0.5046105417595268,-0.10301345516805073,0.10237667922916605,0.49921072468027106,-0.7671786453207986,-1.0302635040182315,-0.8610896141873337,0.07395085355180434,0
-0.7147032519863632,1.4440283071491598,-1.6032360836506476,1.7718540298733036,1,0,0,1,0,0,-0.571255364673633,-0.009955341678903114,-0.2593808969333673,-0.3706781330291445,0.5190246665529625,0.2788115498942845,-1.4633573459162745,-0.28488470689492695,0.30740268577825075,-0.9758715037400669,-0.3909659324871092,-1.8577066050382822,-0.8195978319432979,-1.416442001995659,-0.06664185594388441,0.6390515869140198,-0.45145390998650636,0.2827878797786124,-1.0299055238845727,-1.5122424827725962,0.6195418525970308,0.32425285240586255,0.22195544543869086,0.870685474373168,0.784362184576117,1.5122424827725962,1.029905523884572,-1.4280380258709164,-0.4846237089171882,-1.3193140559302208,-0.8450432918569822,-0.9550643496276378,-0.9071245641463012,-1.4435419379712537,-1.2606630497196296,-1.0384305451721696,0.6118943119331598,0.35171115073279,0.14201007127932075,0.2357440418559006,0.5838262971166633,-0.0012904541294803558,0.9453015509175579,0.23638866577426285,0.038603250264021984,1
0.5189093411610479,-0.6431607365392533,-0.4445202009343899,-0.13478617003801185,1,0,0,1,0,0,-0.4576849316364408,-0.20067818338017435,3.2459508114282776,-0.7589520505150891,1.5489773362342354,0.43219864431452937,0.2762608745760041,0.2337894435784518,0.6454669622982658,0.8374359181585985,1.2513000719735914,1.6665332920195166,0.02237641667115538,-0.4166721337536142,0.09159424831571725,0.42133216195468876,-0.3495013546340846,-0.551240292815131,0.5274811195133241,1.7498032920237159,-0.8004813575818813,-0.22912624107025223,-0.45897677108730106,-1.4778814590983227,-2.1649302329107867,-1.7498032920237159,-0.5274811195133248,-0.5089050763265954,-0.10937746679115769,-0.5642124759469986,-0.2765412700918884,-0.3918111018575571,-1.0016395455655394,0.6769975162545934,0.4557501964577793,-1.2244638357027204,-0.9979532363586869,-0.7105613285614767,-1.6461403451344683,-1.5795339494524245,-1.9207946470005486,-1.6826189685198898,-0.7010026615289333,0.1250502895462747,-1.6934293108373202,0
-0.2006980048416086,-1.8542457371979617,-0.15484123025532542,-1.161438585374874,1,0,0,1,0,0,0.8799223908016013,-0.6420154908535428,2.0305985767773422,-0.7242330713062118,0.3230259010970054,0.06594782702537334,0.5762542234630499,-0.5107933797656947,-0.6700994606794267,0.3311394267499471,0.2934114946907981,0.564406267748853,-0.4056724508688198,-0.6756947916988661,0.012157321292151125,0.4241883852711252,-1.3450313451010385,-1.542489314506346,-0.8698698195890981,1.6325091290815754,-1.4764417997051429,0.7132588815281015,1.3423168298391503,-1.781058059896348,-1.887389907640088,-1.6325091290815745,0.8698698195890975,-0.5089050763265954,0.26586877533487285,0.7913313242638433,0.9121447754169449,0.2567835470898098,-0.37153966943728567,0.5138790966987595,1.1201682272361313,0.6358690696027934,-1.3957891247296605,0.5793409677244183,-0.1985900080375914,0.5037136500966528,-0.29053461805938996,-1.703767754864423,0.06727263761276221,1.127095675598167,-0.2500688432528684,1
1.495519310736081,-1.7254069073406524,-0.8790386569529866,-0.4281154315628296,1,0,0,1,0,0,-0.7605394197356201,0.5930312035778599,0.48262362527457214,-0.5870931034311464,1.872821483587348,0.9098004426842713,0.28193282823852733,-1.5714673420673053,0.9049980834646312,1.7021964823465126,1.6393401567206127,0.9729077308263638,-1.3587642193400353,-0.0015112627472203331,-0.8843521751475442,0.8064845385226095,0.6962054796384929,0.8956143889438114,0.4073962731842086,0.9228794432816189,-0.39354449660202173,1.2709636488998728,-0.42672351356858496,-1.6092121950560452,-1.2568293583954209,-0.9228794432816189,-0.40739627318420935,-0.3974950218363748,-1.1600669447440433,-1.5558519002623137,-0.9871687972982559,-0.6990401460957827,-1.442709458855317,-1.1173050988595852,-1.3713993881826885,-1.4104971262332722,-0.49834537654397587,0.8828473903799233,-0.615216890773458,-0.723760039264214,-1.2438700675094103,-0.15990635171348128,0.03983423407198747,0.5704037944582268,-0.6418381130257917,1
0.2619067175886707,0.3617821363477598,-0.15484123025532542,-0.13478617003801185,1,0,0,1,0,0,1.9777699101611264,-0.7286548305288154,-0.7966945164632545,0.6101330296216397,-2.5112614258478247,-1.0319102394518893,0.45017785402767596,1.0692669883030583,-1.357158220310088,1.5963473119564553,0.16721340299377707,-2.282210683310688,-0.8889120057798553,-0.3846512825481179,1.2237817391068007,-1.621625035589079,1.2583196246266044,-0.3859037206052904,-3.1181569185643374,-0.020113106998745453,-1.0103222938837724,-0.2416448169461768,0.225703980388629,-0.9088340307210323,-0.5941454864361105,0.020113106998745453,3.118156918564337,-0.3417899945912644,1.1914761725790812,0.1272058382545045,-0.7459861213979129,-0.2609542867190535,0.3845801819166189,-1.5794739542677825,-0.3563162856046509,0.8632430913623554,-1.053465220782544,-0.482931511569848,-0.8524205174405927,-0.62002986833231,-0.9054077777638412,-0.6992004034990842,-0.12479618717266176,-0.15329565102369538,-1.136704559054746,0
-1.100207187344929,-1.7254069073406524,0.5693561964423357,0.5985369837740325,0,1,0,1,0,0,0.36254597363216995,-0.5821238667827168,-0.11865590134220637,-0.4291217480307546,-0.3361162289790591,-0.11605959988144779,0.446220941196132,0.5583239371575014,2.1545858872959767,0.17475536053956417,0.8510574983935013,0.9084074998141254,-0.5639088190503632,0.12387455600008532,1.5415217718233132,-0.24712977435347722,0.6090927441516034,0.008109331284200126,-0.16027754582615011,1.3979208031972914,-0.49670708416939335,0.7779455452737979,-3.1937326771087515,0.3678827208994473,-1.0984992456279417,-1.3979208031972914,0.16027754582614942,-0.06326485836571254,1.0914105080121401,-0.646090960523493,-0.6641562849317252,-0.40887938209301433,-0.655084613695,-0.30171300108041293,-0.26403600355210183,-0.6043528672675491,-0.1375174777889068,1.4898602356909325,1.8024354579492659,-0.5162996974004062,-0.3469449996836519,3.2661970361009387,0.6160407084282594,1.6837875567381073,1.5232025883508855,1
-0.9203053508442651,0.3617821363477598,0.5693561964423357,-0.8681093238500562,1,0,0,1,0,0,-0.5333985536612357,-0.05821752418257845,-0.3361399854376369,-0.31859966421582847,0.3412194460243546,0.201447213641508,0.6110977381753433,1.2169994485019549,-1.6489473926249563,0.7722262966191867,0.4094049777973604,-1.2345457974477942,-1.3974335077615512,-0.48379885842882003,1.1197682054007112,-0.6175621803347163,-0.5337652806000088,-0.40295606930590894,-0.6135009981005504,-1.0753104039827193,-1.333152399615162,-0.5486107295704064,1.6335758920162018,-1.5725004221490906,-0.9256546947826171,1.0753104039827193,0.6135009981005497,-0.6203151308168162,0.641115017460903,-0.8462383672660339,-1.0000892977929163,-1.1257471519822078,-0.11949971898598452,-0.6279498401920818,-0.4301405112466897,-0.790386157798101,-1.192245181842186,-0.3311783002420958,0.7076494887163344,1.519404907138216,0.65151875506577694,-0.667477223982284,2.509290552741724,1.9621334973080773,0.22417816752487937,1
-1.3572098109173063,0.4648532002336079,0.27967722576327125,-0.8681093238500562,0,1,0,1,0,0,0.5392110916900246,-0.5966606687416551,-0.630383158037337,0.05173611401219622,-1.1968414201333615,-0.4988565468894058,0.8742120357522998,1.5405604498628471,0.5029323619960809,-0.3906786418896761,-0.7508125483642563,-0.03947488669178407,0.9218997779628569,0.44666477611552075,2.441692607119248,-0.1777217386975976,-1.6229724072548306,-1.767392789549083,-1.362410339024558,1.2973829492468834,-0.7693109349899662,0.33156648796373817,-0.866118595154447,-1.081530016447473,-0.749421979258192,-1.2973829492468834,1.3624103390245568,0.24311279148239442,1.9169522406894068,-0.5460172571522233,-0.5478717804797735,-1.1086788717467513,-0.7180946013078251,0.02452383803125581,0.8433273810784847,-0.4803306735805153,-0.8314172830871166,0.04820472807728505,-0.6973258384659271,-0.996051737960463,-1.2946394109712458,0.2207718024881207,-0.8656330827735822,-0.3759724034796717,-0.6418381130257917,0
-0.5605016778429365,-1.3388904177687242,-0.15484123025532542,0.3052077222492148,1,0,0,1,0,0,0.21111872958258027,-0.5361875725924716,-0.1442422641769629,-0.4192847039215727,-0.2703247421802981,-0.088333652785077,-0.527382142435522,0.22824580967535116,-0.8168712426036052,0.32662744045056336,-0.03155217758245409,1.3760502514801278,0.5876505461988442,-0.40601992521215885,1.1658676402902517,-0.9758450833279758,-0.007936383061384947,-0.49859141651907435,0.5910554499228551,1.2905668235553318,0.32764738167623786,0.8546660716202801,0.13606015538420227,-0.44912218139289917,-0.4457580991304005,-1.2905668235553318,-0.5910554499228557,-0.28608496734615396,1.3165582532877582,0.5093054329448095,-0.10857476366129187,-0.10165033785478751,0.7941451013999841,1.0847935651441794,0.8433273810784847,0.2638024885416898,0.0012624832707351544,0.35171115073279,-1.0166384128255321,-0.8015576674631424,-0.9054077777638412,-0.9212626601166852,-1.0302635040182315,-0.5986491559356475,-1.0748462533011267,1
-0.6890029896291251,-1.6996391413691911,1.4383931084795292,0.3052077222492148,1,0,0,1,0,0,0.2742134146032426,-0.561772344040203,-0.7199354279589849,0.343954189020247,-1.3801488435131979,-0.6978572962101316,-0.31381410278397737,1.4595438438700155,-1.1536647144967878,-0.8789976384435586,-1.1290823346099972,0.11901180199229336,1.1940187117629206,1.3506758036381947,2.9728734753065615,-0.6960697526101656,0.3002816926881785,-0.039331317357144416,1.210447041540327,-1.0381887348318013,1.7859454974711229,0.9748896552766168,0.877615340051642,1.4852232876163434,1.4294629567102652,1.0381887348318013,-1.210447041540328,1.143677398611679,2.567379060374527,-0.26702390229898404,-0.5737127814690962,-0.4316370890736236,0.1745468898738673,0.4595062901801475,-0.07947543944700425,-0.8937379858706291,0.8339422496285867,0.12408133374116129,-1.7373725092372125,-1.1257144516253432,-0.5669454880182719,-1.6826189685198898,-1.277209135885205,-1.712032918215528,-1.569712699330082,0
0.6217103905899984,-0.7462318004251005,1.0038746524609323,-1.6014324776621007,0,1,0,1,0,0,-0.3945902466157784,-0.2239370665144757,0.5465895323614635,-0.5928795999659593,0.7425144618151502,0.2859666330159286,1.951234395884984,1.1132662510262399,-0.5812188908880352,2.456472773858459,1.9499376882432051,1.1383968949663368,-1.3541935595817562,1.226978166049053,0.6398746504740058,0.7061426471773554,1.1896976867300608,1.4684722441119429,1.37244176550182,0.1914665557924087,-1.4872567993162908,-0.8869804890817145,1.504150955068007,-2.138852378037927,-1.1013371633512388,-0.191466555792408,-1.3724417655018208,0.9672781456688292,0.41596727218528484,-0.4277483349861756,-0.018131260198663828,0.4616029099152932,-0.4660546508565234,-0.5463906304141645,-1.0945585420250417,-0.10826409251941274,-1.3587811351137562,-0.7105613285614767,0.5525548097416701,1.298978293907919,0.19459466390925928,-0.3185222492974822,0.6160407084282594,0.793080546914203,0.10046155601764112,1
-1.280109023845593,0.23294330649045036,0.27967722576327125,-1.6014324776621007,1,0,0,0,1,0,0.2363566035908452,-0.5472355420812648,1.6851826785081292,-0.7109241292761421,0.5486658365056432,0.128554804339759,0.3844809750979289,0.8752464925600142,1.3978275072250685,0.25314644505022293,0.4995075735885407,1.60221239436505,0.9879144803345478,-0.22912634118800118,0.43933549754841805,0.5712105241672047,-0.4829372546393074,-0.28037471269547987,0.7938248367274053,1.3979208031972914,-0.7635704955800642,-0.7611866219023771,-1.3368655404202636,-0.8208568304452952,-0.9231156459677646,-1.3979208031972914,-0.793824836727406,-0.2582324537235989,0.340918023760079,-0.16391766246191838,0.14983524623193267,-0.05044549714841698,-0.5290646384693491,1.0847935651441794,0.7325910426154264,-0.23228628620644656,-0.8671035587881674,-0.9381911455531051,-0.9632024309939244,-1.4165293951308613,-1.5799147694710822,0.04856025653977746,-1.2654498200820157,-0.8610896141873337,-0.9864772450816709,1
-0.8175043014153137,-0.6431607365392533,-0.15484123025532542,-1.6014324776621007,1,0,0,1,0,0,-0.36935237260751347,-0.27045483278307847,0.009275912831576286,-0.4748350706557764,0.38932078231418654,0.1589639076067463,0.41728810392560634,0.6687519216293625,-0.41506780165839957,-0.2836662645230348,-0.8341155293010064,-1.0143604719471526,0.4003910810303548,-0.6735114751145355,1.6719534540550844,-0.10217690421581928,-0.9563203241096548,-1.230086023560568,-0.9352479841380451,-0.45589913793704195,-1.2532139966180906,0.7570432669975113,0.4647336548868783,-0.5650560404431624,-0.11654854548504988,0.45589913793704195,0.9352479841380443,-0.5924626171942612,1.6918044954137887,0.2727675886127153,0.17567624722125458,-0.22112829950298704,-0.2140147004052217,0.4323198869208419,1.0648000580046022,0.139780294854656,-1.1367331974183288,0.8828473903799233,0.42482977999782756,0.6117659114840535,0.3299795798074865,0.1890486229713212,0.8629863402952329,0.6817421706862145,0.40975308478573785,0
0.4932090788038099,-0.7204640344536393,0.27967722576327125,-0.13478617003801185,1,0,0,1,0,0,0.07231042253712305,-0.48618097385372366,0.08603500133584588,-0.5049248526368034,0.006736142477522844,0.01630943786896758,-0.9068793432277872,2.1605274656804,-0.38295177774278544,-0.5441395877754012,-0.7959632596021412,-0.6130519872893231,0.7428205668568623,-0.6924693442538877,2.4607756265674268,-0.8490424175426272,-0.6796984655713179,-1.5286565984747593,-1.0618771407249559,0.21702702713573208,0.5691305929880912,-0.5002407476854754,-0.32969783915685447,0.06112011467484569,-0.4576444189944365,-0.21702702713573208,1.0618771407249543,-0.7874302125521474,1.7668537438389946,-0.8098479296764806,-1.077612300760884,-1.2452251136304073,-0.7811045889206503,0.18764225758709038,0.8433273810784847,-0.6663639641110671,0.3620903820258042,-0.6009617870469885,-0.4925603145908791,-0.5768089637773496,-0.5161761445564365,-0.5405845059150832,-0.2985727429309022,-0.23370670052168696,-1.0061148024637723,1
-0.5605016778429365,-0.5658574386248675,-0.4445202009343899,0.3052077222492148,1,0,0,1,0,0,-0.06649788450833415,-0.4431520400552661,-0.822280879298011,0.8936713598274711,-1.9942029637942371,-1.0314630467567865,-1.5555965081502239,-2.0601819501256884,0.6356747777882443,-2.650529737292122,-2.3067713781284827,-0.8417865237342959,2.268038939287588,-1.2965676478086747,-0.7237305053039679,-0.11433891997901643,-2.3286048095483882,-2.475263398614746,-1.046543814281098,-0.11014700605881247,0.8675796953007078,2.102647048589884,-0.9838883042431479,1.2716900088359047,0.5823028301022912,0.11014700605881318,1.0465438142810974,-1.2887754577581405,-0.8598699510432187,-0.7825551014843162,-0.7158382869103699,-1.5012493171622625,-1.0646495331783645,0.758556726032511,1.5631135810883663,-1.1004416420156866,0.8339422496285867,2.020996475338066,0.10551720563822252,-0.4255357978349895,0.0761328624983096,0.664896315723324,-0.28942660841731066,-0.3759724034796717,0.40975308478573785,0
-1.0231064002732158,1.2636539453489257,-0.4445202009343899,0.5985369837740325,1,0,0,0,1,0,-0.7479204827314877,0.5203471937831681,-0.1826218084290977,-0.393824119168396,1.3213042971629283,0.7045389956321069,-1.9606185263056157,-0.3500027100210691,0.29935272590046663,-0.9593347085684993,-0.48003822290630094,-0.6008979058722624,0.437254025638985,-0.17222887750316682,0.2871751090961612,0.42066078046803235,0.4825227741823354,0.9948186802447084,0.6912331826893887,-1.5051097296207103,2.5541987224845135,0.7680754237322723,0.013498311317739974,1.7744606232647557,1.5953200156274043,1.5051097296207103,-0.6912331826893894,-0.11896988561082296,0.340918023760079,0.21818193222838655,0.4082452561251572,0.59814915179895,0.3530751881102058,-0.22015379130249568,-0.5408768497097485,0.2638024885416898,2.3882778134965768,0.7310941790521709,0.041654690766301246,0.04124997135858002,0.7530574419894479,0.2524949820049213,-0.6186874509066087,-1.211010225189582,0.038603250264021984,1
-1.5114113850607322,-1.158516055968491,-0.15484123025532542,-0.4281154315628296,1,0,0,1,0,0,0.13540510755778543,-0.5233951868686059,-0.5024513438635544,-0.1768304991129128,-0.6772137489839177,-0.2658691527408706,-0.39451268451189847,-1.5921321275799418,-1.1287913938381053,-0.5587856466451041,-0.2554920779281361,0.36660555931132066,0.7826321235611228,-0.5834000451794327,-0.3366168538382132,-1.239002031171869,-0.229870014378262,-0.2421488324331628,0.7976720237538321,-0.29111514316954507,-0.03434695983288795,1.848035936311874,0.2980180976848747,0.5269481874079469,0.09574100985259074,0.29111514316954507,-0.7976720237538328,-0.5646101035717058,-0.3345252120667762,-0.06384395909064733,-0.6899972859210471,-0.7331767065666972,0.9831750642384596,0.9216751455883455,0.5664865349208381,-0.4183195767369984,-0.10976148557697851,1.5657368413548085,-0.2776578835933038,-0.08841274230630035,0.12690220596014448,-0.7626467625326843,-0.37174181903963527,-0.5429799678216537,-0.7036964187794109,0
-0.2263982671988458,-0.4885541407104817,-1.6032360836506476,-1.8947617391869185,0,1,0,1,0,0,-0.33149556159511606,-0.3169725990516812,-0.31055362260288033,-0.3591051399595187,0.03630706316156396,0.03374995297797501,0.13997537446986222,0.5733114420989351,0.7320823765564897,-0.3997546589803753,-0.3742966955386632,0.936986063708779,0.5763639009928305,-0.4337856873252265,0.9888266267238836,0.28710082320464386,-1.3103707388444839,-0.9520481444786579,-1.1427899248825406,2.411342371017393,-0.62807271321328,0.20369686102287862,-0.7122724942346826,-0.7592984395818082,-0.4428856762057579,-2.4113423710173936,1.14278992488254,-0.5646101035717058,0.5660657690356972,-0.7734574920869285,-0.5220307794904515,-0.972132629863095,-0.7180946013078251,-0.709509049969999,-0.26403600355210183,-1.1004416420156866,-0.9146852597229018,-0.482931511569848,-1.8924671882118775,-1.87775819088165,-1.971563990462384,-0.794369942049485,-1.7711003996191523,-1.0996718489615938,-1.5078543935764617,0
1.3670179989498932,-0.5916252045963298,2.1625905351771904,-1.6014324776621007,1,0,0,1,0,0,0.33730809962390496,-0.5763091459991414,-0.7327286093763631,0.3728866716943114,-1.4792675167824525,-0.7313967483428382,1.4068251510256116,3.8912923934376775,-0.11345270224441069,0.28807129186102925,-0.47551034181811364,0.10418286085616048,0.6106793205509091,1.6385872498024994,4.419931180009375,-1.3553160694936544,0.9055518197567508,-0.5131912525189596,0.3041828515459622,-0.1595918522639314,-0.31896754530437443,-0.9131309023321013,-1.206868299001522,0.5087639528319864,0.11715535942902741,0.1595918522639314,-0.3041828515459622,1.7192960134778195,4.468626687146414,0.427426948368315,-0.37990527404917784,-0.01630893667750248,0.4475901695294441,0.5138790966987595,0.40038202722625016,-0.17027518936292965,-0.38732140769626244,-0.9381911455531051,-0.3871364805165972,-0.9182541097615345,-0.685407289429221,0.5380035976561225,-0.37174181903963527,-0.48731077970765985,-0.3944048900113141,0
-1.5114113850607322,0.6967630939767645,-0.8790386569529866,-0.8681093238500562,1,0,0,1,0,0,-0.6343500496942954,0.18425633249251333,0.31631226684865466,-0.5708909131336704,1.140158331871535,0.5829025825641576,-0.3562861808050918,-0.15675651738863494,-0.19765785578302136,-0.31647551075884717,5.447386244597683e-4,0.042471597535724194,-0.17470474691834798,-1.0537463716250084,0.07820656289900972,-0.3357266293796568,-1.0058424995318018,-1.0667892157392,-0.5047088517425482,0.5584902876836534,-0.557466351236181,0.29349885748968146,-0.06716797474108938,-0.5698382068876469,-1.042220222387241,-0.5584902876836534,0.5047088517425475,-0.8709877534198129,0.41596727218528484,1.0369667779933252,0.6795757665130432,0.20557870638343811,0.7311351137871589,0.6769975162545934,1.0648000580046022,0.6978801664463103,-0.5261013687559044,0.27583454506891375,0.014285041535478216,-0.02358138547386016,-0.24540631275998087,-0.5405845059150832,0.36909507656128593,0.7374113588002092,-0.2706882785040748,0
0.8273124894479005,-0.7977673323680251,-1.168717627632051,1.0385308760612593,1,0,0,1,0,0,-0.23054406556205628,-0.37802716727922225,-0.3745195296897717,-0.2931390794626518,-0.16508329654252002,-0.06418524724952825,-2.671094193643641,-0.23946667305890146,-0.46674925758888214,-1.3518460871470281,-1.1317550167134212,0.3715043110337668,1.4441873926328128,-0.8735753837777912,-0.6192393439378387,-1.0423699853590775,-0.07039570206805423,0.0707210392551503,1.2301640235220075,-0.7133741297612556,2.8413552674576037,-0.29166485700871336,-0.409419438191016,1.7564536767545447,1.5403822806206549,0.7133741297612556,-1.2301640235220082,-0.8988402670423681,-0.7097714541928067,-0.5278220383574467,-0.9484072958142716,-0.9209277891567239,0.6051151385615076,1.0847935651441794,0.5111183656893089,-0.6663639641110671,2.360521821284648,-0.4070549059059717,-0.4509989953885172,-0.5811310542328463,0.09305597698558829,0.2524949820049213,-0.7010026615289333,-1.0440026608476,-0.1469716669968365,0
-0.12359721776989524,-0.9523739281967958,0.27967722576327125,-0.4281154315628296,1,0,0,1,0,0,-0.4955417426488382,-0.11927209241011955,-0.029103631420558513,-0.45747558105133773,0.5670296861839317,0.26181822748037986,0.6571933513555562,-1.0386731804987428,0.8124934414398567,0.5376906356254347,0.536987553985044,-1.427673594301867,-1.3217448794874878,0.291769931773036,-0.6272833132500885,0.7060202842973826,0.6903665623547851,0.6804956146835799,-1.4375436385994584,-0.5214382267650228,-0.6223102749125002,0.7972128840514905,-0.40122345575747653,-0.041829694216856096,-0.03373859964992004,0.5214382267650228,1.4375436385994576,0.38237535959517033,-0.4846237089171882,0.40923172957353837,0.7312577684916879,1.0077878774499178,-0.2770246880180474,-1.2804235184154193,-0.8730858650989243,0.8839134569768611,-0.8036612908751883,0.19995793940503753,-1.262965255902942,-1.2424108939237355,-1.176177609560296,-0.6040308649486834,0.03983423407198747,-0.2089648391376897,-1.3841377820692236,0
-0.14929748012713334,-1.3646581837401863,0.27967722576327125,-0.4281154315628296,1,0,0,0,1,0,0.8420655797892039,-0.63561929799161,0.5082099881093286,-0.5899863516985528,-0.15448861703254016,-0.03288175859233543,-0.03166211902435011,2.7737147309924786,-0.47862913131811474,-0.8417232733565275,-0.8696563998797284,0.0524514929693568,1.7406316274356528,-0.7597655034875039,3.2526164792446552,-0.6960697526101634,-0.4041935184627543,-1.6333371117063162,-0.06009981305961648,0.13114384342216406,-0.7151217917960606,-0.5486107295704064,-0.04518091597950123,0.7363224648834897,-0.4640398742028631,-0.13114384342216406,0.06009981305961577,-0.20252742647848845,5.444266916674094,3.334113150833847,2.301098578593027,1.9721457107532385,1.4084924806250314,2.8383165753693995,3.196474573418481,2.775251910704134,-0.47058938433204756,-0.17942508891434333,1.2915353389738984,1.0655854093111348,1.345366449044194,-0.2233527107470814,-1.0302635040182315,-1.0996718489615938,-0.45626319576493324,0
0.46750881644657266,-0.1535731830814779,0.5693561964423357,0.5985369837740325,1,0,0,1,0,0,-0.15483044353726144,-0.40128605041352367,-0.2721740783507456,-0.3706781330291445,-0.11684988027798053,-0.022149133909869317,0.3942544772750376,2.553729643230219,0.241536791897208,-0.09753300414427156,0.17725208719687077,0.35742247557398454,-0.08826277400068004,1.5510714593138797,2.5945950403193896,-0.5049002563744873,0.8722570072549594,0.5752759954663808,-0.16027754582615011,0.6464429457035722,1.0015918785598625,-0.9058657251864008,-0.8375649513151682,0.9966759134808914,0.3312086467378373,-0.6464429457035722,0.16027754582614942,1.8307060679680403,2.9676417186422928,0.8732098088403377,0.44700675760914055,0.8029685146244333,1.0461850518512859,-0.5463906304141645,-0.5408768497097485,0.7598912632898273,1.0282341951120857,-0.7864379342253526,0.2879815338437111,-0.2051091846046925,0.19459466390925928,0.6014499566897238,-0.7833178721512579,-0.5986491559356475,0.2860364732784985,0
-0.35489957898503444,-1.0296772261111817,-0.4445202009343899,1.0385308760612593,1,0,0,1,0,0,-0.028641073495936725,-0.45943325824927705,-0.8350740607153893,1.0007215457215095,-2.292714754943237,-1.1267150908136732,-0.14885960644169574,1.1163705252508234,-0.5291062152988749,-0.2737748563094237,-0.5126869180442601,-0.8285457800331043,-0.02711316584521808,0.10771696652885852,0.961456030809989,-1.4613769985674732,1.0393283725344846,-0.16796048131180738,-1.171446535938352,0.031788787753525546,0.31462243016711366,-0.5690880355441953,-0.7452370274231368,1.4004323914802785,0.5025373836481254,-0.031788787753525546,1.1714465359383512,-0.23037994010104354,0.340918023760079,-1.2283379619563388,-1.6719553235153006,-1.2793616741013212,-0.4660546508565234,-1.4435419379712537,-1.2052948804881005,-1.1624527388592034,0.0012624832707351544,-0.7864379342253526,-0.9801455471844351,-1.164613265724808,-0.6346379459673855,-0.5405845059150832,-0.9479482933959068,-1.0440026608476,-0.8274130302866491,0
-0.5605016778429365,-1.2873548858258006,-0.15484123025532542,-0.8681093238500562,1,0,0,1,0,0,0.6023057767106869,-0.6123604148573085,-0.8478672421327675,2.201419576695183,-3.1290312281068706,-2.1722516119639135,-0.4855401134777975,-0.22699615887061222,1.4443074672563991,-1.2445218892266123,-0.024172970642090365,-0.9793707422602268,-0.04715485192813113,-0.2603901760724802,0.13518590858513135,-0.3911825981870515,-1.1733228093171528,-0.4661066304359044,-0.0632699944762795,-1.2729944734370133,0.4149765512999767,0.4469856274260597,-2.367517477998098,0.5178219695905064,-0.423636358597015,1.2729944734370133,0.06326999447627879,-0.3974950218363748,-0.10937746679115769,-0.6733837887156574,-0.7545997883943533,-1.1257471519822078,0.19555021907814235,0.4323198869208419,0.5111183656893089,-0.6663639641110671,0.44535835866158957,0.5034643620605421,0.23324223538206504,-1.060883094792903,-0.8207922053274488,1.6165917012273294,1.3568776040291806,0.7374113588002092,-0.3944048900113141,0
-1.3572098109173063,-1.0039094601397194,-1.168717627632051,-0.13478617003801185,1,0,0,1,0,0,0.26159447759911014,-0.5611908719618456,-0.5280377066983108,-0.09871279589293881,-0.8063747504051629,-0.3553076917614215,-0.17284168875947997,0.6273995752149698,-0.7979347387496549,0.06228150475426728,-0.6954751353386354,-0.5621977672649172,0.8132393878644287,-0.8661771621613559,-0.0801265247961873,-1.4284902240379158,-0.8991506217024671,-1.7066385466518847,-0.9053494332772455,0.13114384342216406,-0.6251334389241672,-0.9413946002126774,-0.34469139324331444,-0.9757206597660649,-0.7620486330594667,-0.13114384342216406,0.9053494332772448,-0.8988402670423681,-0.25947596364157,-0.5733100853443877,-1.168055804223513,-1.39883963574952,-0.18250970659880966,0.758556726032511,1.4523772426253072,-0.728375060954584,-0.6371253376036178,-0.9381911455531051,-0.2685346671830286,-0.39960325510201306,-0.7361766328910565,0.062155904904119784,0.4514102871836102,0.5704037944582268,-0.5799798072721716,0
0.030604356373531493,-2.1892266948269663,-1.6032360836506476,1.0385308760612593,0,1,0,1,0,0,-0.5586364276695006,-0.011699757913975716,2.0433917581947205,-0.7242330713062118,1.5250580606990405,0.5507047085167593,-0.8370407965430615,-0.16445344967211734,1.610424383703251,-0.43453420538814874,0.18865932122634566,-0.25689667380698855,-0.23541597567851555,-0.20689723553037281,0.11685364454230884,1.1388851554495318,-0.36936912026980695,0.17831527547880893,-0.964482122757493,0.6061852033378367,0.9571963234791544,0.3427789365947461,-1.05703433449746,0.2207675808338895,-0.0711761971137126,-0.6061852033378367,0.9644821227574922,-0.3417899945912644,-0.10937746679115769,-0.6278957417287164,0.007709740790658993,-0.135786898325702,-0.9701345517591269,-1.1173050988595852,-0.8730858650989243,-0.29429738304996345,0.6396503041450882,0.07349692996524401,-0.6547508285513128,-1.0522389138819115,-0.911048815926267,0.19962301614358732,-1.0302635040182315,-0.914107888581614,-1.0748462533011267,1
0.23620645523143258,-0.05050211919562982,0.5693561964423357,-0.13478617003801185,1,0,0,1,0,0,-0.6595879237025604,0.2819436416565791,0.9303849748828115,-0.6455367184327565,1.504439193439837,0.7157188130096758,-0.040277185495603884,-0.7467106783818969,2.7061951987991577,1.3653092583031188,1.88760312898764,1.9565994892836054,-1.2089781588675874,-0.5860201075243785,-0.5522369637264313,1.6395369878529764,-0.354234574917233,-0.017162789954647192,0.454702424768406,2.21760001246355,-0.5295379796870113,0.47166497275060043,-2.05188293838636,-2.1956976662954832,-2.470732638793175,-2.217600012463551,-0.4547024247684067,-0.8431352397972577,-0.9349191994684248,-1.6286327754414192,-0.7158382869103699,-0.801449827508525,-2.1043143287899837,-0.6279498401920818,-0.8730858650989243,-1.7825637072943747,-0.7203933142394032,-0.02767187758659086,-1.1991027410310207,-1.9036907336146256,-2.394641852644346,-0.1916295312302808,-0.4540570296619595,0.848749735028197,-1.0748462533011267,1
1.135715637734753,0.5936920300909173,1.0038746524609323,-1.6014324776621007,1,0,0,0,1,0,-0.5838743016777656,-0.008792397522188045,-0.0035172685858019803,-0.4632620775861506,0.7845310035618741,0.3512567665009308,0.8547772590491503,0.6224103842040675,1.018321211422329,1.016905990612162,1.1721152920265248,0.4974472411327562,-1.1941841527907882,0.5096512502576565,0.00772789805819405,0.8591090674746499,1.1287399701973924,1.045894230724833,0.6190712565440033,0.06447137185505257,-0.6793510620734808,-0.846536146775984,-0.5287574493274412,-0.25453515522226045,-0.5026951356032033,-0.06447137185505188,-0.619071256544004,0.577342954953057,0.11577027848446049,0.34554846379182197,0.7570987694810098,1.2296755205108585,-0.4660546508565234,-0.30171300108041293,-0.5962450189412776,0.5738579727592754,-0.7481493064513315,-0.9381911455531051,-0.6517097564145549,-0.8015576674631424,-0.8377153198147269,-0.3185222492974822,0.28677986593896093,0.3477270420022505,-0.7036964187794109,1
-0.48340089077122306,0.5163887321765315,-0.4445202009343899,0.5985369837740325,1,0,0,1,0,0,-0.1800683175455264,-0.3914010250814456,-0.8094876978806327,0.65063850536533,-1.6997475484068099,-0.8038419649494845,-0.378871994574184,-0.11316278726032379,0.3576895307194572,-0.8342269619388002,-0.6767620267761412,-0.5253112616853169,0.5821295261275883,-0.9011755501481882,1.0938390920311083,-1.0291436609321662,-0.39489033944482277,-1.1473410977053204,-0.2947266082233409,-0.4241556457943308,-0.3736132602581055,1.251103466883935,-1.5231637001642344,0.735420304843127,-0.2403314902023605,0.4241556457943308,0.2947266082233402,-0.7595776989295921,1.3165582532877582,0.6639647927004092,-0.018131260198663828,-0.1699234587966153,0.5736101447550955,1.0847935651441794,1.397009073393778,0.20179139169817292,-0.44283339212011924,0.9587239960437993,-0.42362934615769415,-1.0997819088923677,-0.7869459763528921,0.31594134103852145,0.36909507656128593,0.18071947766026855,-0.5799798072721716,1
0.7759119647334253,-0.35971531085317227,-0.15484123025532542,1.478524768348486,1,0,0,1,0,0,0.45087853266109723,-0.5879385875662921,-0.42569225535928473,-0.2115494783217901,-0.7344913508946546,-0.28867598019111107,-0.48487560260994866,-0.05674273184550531,-1.0235834165114635,-0.20176733529239102,-0.6108004773267216,-0.7460234256497986,0.8272192715957081,-0.03912700837141175,-0.16128425399986382,-0.3443361514119047,0.1385266569933923,-0.13210414136688434,-0.83882515761197,-0.18555039652161812,0.6351360828647716,-0.08368984486465975,1.053248196101491,0.4099353148263397,0.6650965530074865,0.18555039652161812,0.8388251576119693,-0.3696425082138195,-0.5596729573423944,-1.3284116653276086,-1.2714198081808024,-1.1598837124531223,-0.8756195703398886,-0.6279498401920818,-0.319404172783631,-1.2244638357027204,0.16779843654230542,-0.482931511569848,-1.262965255902942,-0.62002986833231,-0.4315605721200442,-1.4288335323854886,-1.0302635040182315,-1.211010225189582,-1.136704559054746,0
0.4161082917320974,-1.132748289997029,-0.4445202009343899,-0.13478617003801185,1,0,0,1,0,0,0.03445361152472564,-0.48269214138357847,-0.6175899766199587,0.005444141733693132,-0.8602586490671718,-0.37543136304104546,-0.7293596506450178,1.7751111514136761,0.0030967127786405493,-0.8829495843532535,-0.5047366549983572,0.43756956613928344,0.45985139565439204,-0.1216862422738584,2.296222378118639,-1.4369216273182217,-0.17980511787393813,-0.4016053615274102,-0.5796783524084306,1.171710631808875,0.8926048893095971,-0.13609059280141944,-1.4482009693702442,1.014516248306171,0.26409290207207986,-1.171710631808875,0.5796783524084299,-0.23037994010104354,1.841902992264201,-0.46413877257572894,-1.0905328012555453,-1.091610591511294,0.6366201323679207,-0.38327221085833024,-0.1532996650890431,-0.4803306735805153,0.5008703430854462,-0.4070549059059717,-0.8889133830816909,-1.4109724216880806,-1.0069464646875115,0.15732544345452057,-1.1125787146405561,-0.7656567202776299,-0.5799798072721716,0
1.0329145883058024,-1.41619371568311,-1.6032360836506476,-0.13478617003801185,1,0,0,1,0,0,0.8294466427850714,-0.6344563538348948,-0.6943490651242283,0.30344871327655676,-1.5370893743318397,-0.7224528944407831,-0.9027862002784727,-1.2466047169567822,-0.5710255685935587,-0.14900105349092008,-0.5618798762989936,-0.21115702843180797,0.7939395166039448,-1.034096094939625,-1.6234819506705056,-1.033173971498994,-0.031226298623194974,-0.20551069930312535,0.14025565247345223,-0.42709685071602743,0.22208955405895264,0.08463551734861766,-0.25762912070133803,0.17032734733371788,0.5298301593402519,0.42709685071602743,-0.14025565247345292,-0.9266927806649233,-1.4602639384448675,0.4001341201761507,-0.22485926811324272,-0.22112829950298704,1.0776900456576979,0.8401159358104279,0.8433273810784847,0.44983577907224165,0.11228645211844858,-0.02767187758659086,-0.3050275328241268,-0.38663698373552574,-0.29617565622181696,0.37938770007212164,-0.37174181903963527,-0.5986491559356475,-0.332546584257695,0
-0.14929748012713334,-0.3339475448817109,0.5693561964423357,0.5985369837740325,1,0,0,1,0,0,-0.7226826087232228,0.37497917419378457,-0.13144908275958464,-0.42854309837727333,1.2037655706025385,0.6195723835625835,-0.709910170365314,-0.5094331313579414,0.7738460406153698,-0.12651250138502118,-0.35750454593527203,-0.8539372736895059,-0.35938502016854346,-0.1297327825724622,-0.6306280263755637,0.09770289548909478,0.5026252907511826,0.16038476479783342,0.03622492998512883,-1.2005960373670737,0.8575199052709511,0.06746364729816771,-0.9596914739818088,0.6693048618851146,0.6213579253095178,1.2005960373670737,-0.036224929985129536,-0.3139374809687093,-0.7848207026180125,-0.7916527108817039,-0.625394783447741,-0.40887938209301433,-0.844114576533476,-0.22015379130249568,-0.26403600355210183,-0.790386157798101,0.6951622885689447,-0.02767187758659086,-0.2594114507727547,-0.6978274965312384,-0.4146374576327655,0.7917890337905242,1.0276167615398821,0.45906541823023866,-0.2706882785040748,0
-0.7147032519863632,-1.4419614816545723,-1.6032360836506476,0.3052077222492148,1,0,0,0,1,0,-0.571255364673633,-0.009955341678903114,0.09882818275322415,-0.5095540498646537,0.826664250240214,0.38613779671894566,-1.1306862981375279,0.2065154715835433,0.1464560079712994,-1.0998648529893251,-0.3913495176650844,-1.0027839606408255,-0.07461901335612675,-1.0521615241347653,0.031911385006970286,0.4593989109655679,-0.425985006063316,0.0900522698465258,-1.19191554383536,-0.18555039652161812,0.520939423842142,-0.2514808408486888,0.2614413320562425,1.0634470189811893,0.5966920539378462,0.18555039652161812,1.1919155438353592,-1.0938078624002545,-0.25947596364157,-0.8644335860608106,-0.5220307794904515,-0.6478353053894121,-0.6235796198885869,-1.2804235184154193,-0.983822203561983,-0.5423417704240322,0.5355653333503566,-0.17942508891434333,0.19674936974096682,0.3038169665299626,0.7319035488803499,-0.3423146339350821,-0.41289942435079735,-0.5429799678216537,0.3169656261553086,1
0.46750881644657266,0.0010334127472937634,-0.8790386569529866,0.3052077222492148,1,0,0,1,0,0,-0.6091121756860305,0.049354810313565374,0.7768667978742723,-0.6218120826400237,1.280015008868944,0.518506834469361,-0.5168072947039976,1.281260735747193,1.203501126384103,-0.24931367404794175,0.5831921828591989,-0.5627449805366642,-0.6021341981333644,-0.7031915057580657,0.44982808641972155,-0.8725025710135533,-0.476864124969706,-0.1145344591928309,-1.3255027532684673,0.5471004570796687,0.016012456669673908,-1.3079426674147958,-2.5220072973349064,-0.13604361414628266,-0.8699990071949882,-0.5471004570796687,1.3255027532684667,-0.7595776989295921,0.19081952690966666,-0.5824076947417753,-0.9096457943302884,-1.0233374705694662,0.5106001571422693,-1.1173050988595852,-0.7069813574043363,-0.29429738304996345,-0.1375174777889068,-1.317574173872486,-0.5696008087220858,-1.6832641203843295,-1.6161785862295364,0.9821281108913258,-0.37174181903963527,-0.15329565102369538,-0.7036964187794109,1
-0.5605016778429365,-1.6996391413691911,-0.15484123025532542,0.3052077222492148,1,0,0,1,0,0,0.21111872958258027,-0.5361875725924716,-0.7199354279589849,0.343954189020247,-1.34164212685709,-0.6781808176256104,-1.3490240103123106,0.33582277987697334,-1.285442406506619,-1.011152435915725,-1.425486803609886,-0.4878846805944073,1.1281706961059565,-0.40175970214170853,1.259840473663176,-1.0249173166313756,-0.033595104914905805,-0.22482958395476232,0.3758588387947461,-1.0381887348318013,1.4744171646349533,0.8011532254762368,0.7272997717047549,1.3326893758507365,1.6337003300804183,1.0381887348318013,-0.37585883879474674,-0.2582324537235989,1.4666567501381707,0.6275743551108558,-0.04397226118798574,-0.05044549714841698,1.2352150146897614,0.758556726032511,0.6218547041523672,0.6358690696027934,0.5841383197212315,-0.02767187758659086,-1.8012350241091333,-1.2424108939237355,-0.7361766328910565,-1.3653871733518879,-1.277209135885205,-1.712032918215528,-1.5078543935764617,0
0.6217103905899984,-0.8493028643109486,1.0038746524609323,-0.13478617003801185,0,1,0,1,0,0,-0.3945902466157784,-0.2239370665144757,-0.438485436776663,-0.20576298178697722,-0.050033333466299776,-0.013205280007814225,0.9353150487269767,0.8272710801422293,1.393965437692978,0.34299927106256284,0.6065223388769272,0.7833762827750168,-0.06649497912684113,1.278649209261607,0.6638969922590231,0.3678559265840254,1.3001720709687707,1.6705921825262926,1.2643654038056176,-0.18555039652161812,-0.02296711931749261,-0.47037808701462314,-1.5359377211182674,0.8258584826206847,0.8424993662955744,0.18555039652161812,-1.2643654038056185,1.217950768271826,0.641115017460903,0.07262018187017576,0.2531992501892221,0.785900234388976,0.3215701943037938,-0.46483142063624716,-0.983822203561983,0.5118468759157585,-0.1375174777889068,-0.5588081172337243,-0.43275256256796935,-1.112748180258855,-0.7700228618656133,1.267636726542527,-1.0302635040182315,-1.211010225189582,-0.3944048900113141,1
1.1614159000919912,-1.2873548858258006,-0.15484123025532542,0.3052077222492148,1,0,0,1,0,0,-0.6217311126901629,0.09005785579859277,0.2267599969270068,-0.5419584304596059,1.048156237724814,0.48809773120237365,1.2033671832597201,-0.2834525849783891,0.1020102145050525,1.155329779418977,0.9179883683407912,0.43462810320236567,-1.0812619086646846,1.7932971713213517,-0.06664185594388441,0.41892752009941414,1.201072337011897,0.9788179880994033,1.5173256805029718,-0.9120842410985298,0.11853004228041465,0.3222872201311799,0.2815303758930683,-0.36981322678698514,-0.23780458429290524,0.9120842410985298,-1.5173256805029725,2.0535261769484814,0.19081952690966666,0.8095265430586199,0.9250652759116064,1.434494883336343,0.16404522527173035,0.5138790966987595,-0.1532996650890431,0.6978801664463103,0.08453045990652028,0.27583454506891375,-0.058700689746716966,0.09311505682453199,-0.0592520533999176,-0.2550758902638815,1.2745623934068555,0.848749735028197,-0.20882997275045564,1
-0.6376024649146498,0.49062096620506923,-1.6032360836506476,0.5985369837740325,1,0,0,1,0,0,0.021834674520593164,-0.4797847809917908,-0.4896581624461761,-0.1855102439151321,-0.5722915871149916,-0.22562181018162267,-1.3709890764608903,-1.5671360596421366,2.1113588968036514,-1.109833959745104,0.09474093630940324,0.30566932112194234,0.4825217549623027,-1.3994904121864349,0.2298018502639386,0.9325195112758924,-0.5669715961849935,0.04157094888737415,0.33216239355632987,0.08746187929198715,0.5080393542292194,2.381153872126529,-1.9492061658788864,0.9371147496846587,-0.0825819167711422,-0.08746187929198715,-0.3321623935563306,-1.2887754577581405,0.340918023760079,0.3728412919839863,0.821701271954316,0.529876030857121,-0.11949971898598452,0.8401159358104279,0.7325910426154264,0.5738579727592754,0.25106641317809053,1.793366658346437,-0.6790794056453779,-1.488770049887009,-1.1084851516111824,0.506280418139323,-0.6186874509066087,-0.6543183440496418,-0.9511296417938885,0
-0.5605016778429365,0.49062096620506923,0.27967722576327125,0.3052077222492148,1,0,0,1,0,0,-0.7983962307480176,0.8953966843237777,0.06044863850108935,-0.4812002168440706,2.080740265303444,1.0605043809338996,0.8912806396173496,-0.39289671724144587,0.2379631066238788,1.0361367736218894,1.5746198781329466,-0.4997781888659776,-1.987732183313609,0.5917391144861909,2.0642656525042193,-0.6048732947009746,0.8637675543517473,0.6018460499456646,-0.8195116582252774,0.13114384342216406,-0.6480886746190188,2.6071990897373714,-0.9331428659824199,-0.5432568141832401,-1.4594974321573673,-0.13114384342216406,0.8195116582252766,0.7166055230658329,2.2171492343902317,0.527500651739586,0.11107374474794844,0.4616029099152932,0.9201650766256344,-0.709509049969999,-0.4301405112466897,1.069946747507413,-0.5816133531797613,2.5521327149851984,0.1876261533306929,-0.3347718982695729,-0.5161761445564365,-0.09645999267988113,1.439192814651505,1.6837875567381073,-0.1469716669968365,1
-1.0231064002732158,0.33601437037629844,-0.4445202009343899,-0.13478617003801185,1,0,0,1,0,0,-0.7479204827314877,0.5203471937831681,1.8514940369340465,-0.7172892754644363,2.2338702085929674,0.9545197121945469,0.013307622119970563,-0.020528208443133383,-0.17123814499678874,0.6190305419290114,1.5435054074780807,1.4734836495493193,-1.4825743729091005,-0.434492504932064,0.13080359487166918,0.42995400627424474,0.6234680418247746,1.3838881418831859,0.03622492998512883,1.9737285121859853,-0.45264436396035357,0.15921178021169555,0.6661505924217475,-0.218050087815267,-0.6555352058101948,-1.9737285121859853,-0.036224929985129536,-0.28608496734615396,0.340918023760079,0.6548671833030202,0.795860270964994,1.0419244379208312,0.9516700704320475,-0.8726274695258333,-0.983822203561983,0.8219023601333442,-0.7481493064513315,-0.4323471077939307,-1.6583046336815008,-1.1386807229918314,-1.1366903424233135,-2.0209995500324247,-0.7558794686104828,0.1992758736982665,-0.8686519007890618,1
-1.1516077120594044,0.7225308599482267,-0.4445202009343899,0.5985369837740325,1,0,0,0,1,0,-0.48292280564470574,-0.18032666063766065,0.4954168066919504,-0.5894077020450715,0.8650213414479053,0.31682292897801867,0.0359567442857947,1.4225662402584118,-0.09870202698494232,0.2505698794775235,-0.331863685749311,0.3338612714823225,0.2592452409538985,0.24749319206705908,1.6883712033089366,0.2323170312847469,0.5078618654030047,-0.05843493425969886,0.7472536253548848,-0.28577009270635834,0.1972935531764721,-0.26114360145752513,0.368385189297978,0.16508339045200499,0.3743887049508113,0.28577009270635834,-0.7472536253548856,0.4102278732177254,1.9169522406894068,0.6639647927004092,0.6924962670077037,0.8883099158017184,-0.24551969421163483,0.6769975162545934,0.34501385799472056,0.20179139169817292,0.5841383197212315,0.19995793940503753,1.5104925328204852,1.5064386357717279,1.4976744794297,0.9504049313745251,0.6160407084282594,0.514734606344233,1.275769365336409,1
-0.5862019402001745,-0.4885541407104817,-1.6032360836506476,-1.8947617391869185,1,0,0,1,0,0,-0.7100636717190902,0.3720718138019969,-0.31055362260288033,-0.3591051399595187,0.9488729745916055,0.5636732966747392,0.27649899191219046,-0.2487117195101334,-0.8987955932450856,0.5945539285295827,0.2728805377666756,1.965281114305366,0.2716056216260325,-0.26665875503907976,-0.7432498482155497,-1.2579105450546975,0.4319944725508027,0.3649508169514856,0.416552302523086,2.2672775402978687,-0.6509208650764292,-0.40320674147254465,-0.035395099552827686,-0.37484567587891515,0.0015453771559812708,-2.267277540297868,-0.4165523025230867,-0.3417899945912644,-0.7848207026180125,-0.3913578973966235,-0.9484072958142716,-0.7502449868021539,0.8571550890128092,-0.22015379130249568,-0.4301405112466897,-0.23228628620644656,-0.859173275299045,-0.7864379342253526,-1.4636760169289798,-1.2553771652902237,-1.2946394109712458,-0.794369942049485,-1.6887851889968277,-1.0440026608476,-0.8892713360402683,0
0.6988111776617119,-0.17934094905293926,-0.8790386569529866,2.2118479221605303,1,0,0,1,0,0,0.3246891626197725,-0.5763091459991414,0.27793272259651985,-0.5593179200640446,-0.033123317163972175,-0.010969316532300452,0.11735882451964409,-0.4893450947034372,-0.1925166537821617,-0.2932937632936413,-0.31896215853866033,-0.6580182477526662,-0.329681126984316,-0.2651763476413181,0.276883263414965,-0.0593010901449848,-0.12532902136037452,-0.4404509526854928,-0.09305301462755473,-0.8051695616290189,-0.4281513844107204,0.9490170746137491,0.20358483844591696,0.2719468402625313,-0.01534820089577807,0.8051695616290189,0.09305301462755473,-0.20252742647848845,0.340918023760079,0.2454747604205509,0.17567624722125458,0.12023730520615308,-0.11949971898598452,0.2692014673650073,0.34501385799472056,0.015758101167622184,-0.27629743884854874,1.1863538130354276,0.6802798394855113,0.6895635396829819,0.7699805564767266,0.030432725387320277,1.6038232358961542,1.2384340518261547,0.7809029193074537,1
-0.9460056132015023,-1.3646581837401863,-0.4445202009343899,-0.4281154315628296,1,0,0,0,1,0,-0.016022136491804253,-0.46234061864106474,0.5082099881093286,-0.5899863516985528,0.3168127199105833,0.10038166454828545,0.012648318941024772,0.7637902874731902,-0.06979594362782206,-0.8242195097940397,-0.08993930421645997,-0.020395826762111536,1.0438081611101304,-0.6846959685338431,1.2200409012656819,-0.33551011400268577,-0.14251497287708695,0.006838002195079083,0.30418285154596364,-0.3295023237687909,-0.7017279396142225,0.17388405247924335,-0.24174191498346734,0.9721519759750726,0.12360147857996157,0.32950232376879157,-0.30418285154596436,-0.8152827261747027,0.641115017460903,-1.019092945816409,-1.0130097982875779,-1.0062691903340089,-0.37153966943728567,-0.05703537174666111,-0.2086678343205727,-1.1004416420156866,-0.47058938433204756,0.5793409677244183,1.2003031748711541,0.8710913388138142,1.2607508766078017,0.41111087958892223,-0.6186874509066087,-0.8213259083916238,0.47161139053935697,1
-0.14929748012713334,-1.0296772261111817,0.5693561964423357,1.0385308760612593,1,0,0,1,0,0,-0.25578193957032125,-0.3751198068874346,-0.8350740607153893,1.0007215457215095,-2.075324196037846,-1.0618721500237738,0.0070288569954699304,-0.37668326988384254,0.10282130572489635,-0.49043517167952266,0.1315552240835695,-0.3254215497756561,-0.2728106280177852,0.48696672214382786,-1.0714857064822205,-0.66554538015442255,0.5788629873669173,0.45721782886556256,-0.33645217931212407,-0.11014700605881247,0.4767976142586962,-0.5563812496988699,-0.8093690915634812,1.236536906055094,0.27535598530502287,0.11014700605881318,0.33645217931212335,0.5494904413305014,-0.9349191994684248,0.32735324499704527,-0.08273376267196997,0.15437386567706757,0.8886600828192224,-0.709509049969999,-0.6516131881728072,0.2638024885416898,0.3898463742377325,-0.5588081172337243,-0.14080963743918734,-0.5292659687668935,-0.0423289389126401,0.030432725387320277,-0.28942660841731066,-0.3759724034796717,0.038603250264021984,1
-0.9974061379159777,-1.2873548858258006,-0.15484123025532542,-0.8681093238500562,1,0,0,1,0,0,-0.5081606796529707,-0.10182793005939353,-0.8478672421327675,2.201419576695183,-2.1560305041218264,-1.779616425663695,-0.8167157443679662,-1.0879576999367198,1.8552508193379909,-1.1026072353089091,-0.18924723551802525,-1.0726798416630798,-0.10651454687797987,-0.6542344286484495,-0.9164356167849106,0.10008244381802933,-0.8381259300778402,-0.45782758775220184,-0.02757457514840374,-1.435659238404968,0.4819597911128424,0.5751910035852593,-2.4356168171823542,0.6584799153050849,-0.20094885579117294,1.435659238404968,0.027574575148402326,-0.5646101035717058,-0.7848207026180125,0.32735324499704527,0.33072225315718967,-0.03337721691295973,0.3215701943037938,0.35076067714292497,0.40038202722625016,-0.046252995675895824,0.4731143508735179,0.5793409677244183,0.11464042204849642,-1.1775795370912954,-0.8884846632765624,1.7117612397777302,1.0276167615398821,0.3477270420022505,-0.3944048900113141,0
0.030604356373531493,0.23294330649045036,-1.6032360836506476,0.5985369837740325,0,1,0,1,0,0,-0.5586364276695006,-0.011699757913975716,-0.68155588370685,0.28319597540471164,-0.30883145883640506,-0.22785777365713644,0.28437911630301943,1.0178997746370806,-0.38936300484684333,-1.1564184780533048e-4,0.08104943724971743,0.23459479137824124,0.015970528194695275,-0.16680123749889603,0.49365553482858515,0.8761721498908617,-0.4451947212281521,0.01839114486806483,-0.40749033797582196,0.7241032714020105,-0.562101914924461,-0.902566107545224,1.4127407842838118,-0.4412912400957859,-0.08741286448125664,-0.7241032714020105,0.40749033797582124,-0.23037994010104354,0.340918023760079,-0.2912841940253525,0.188596747715916,7.593435579547688e-4,-0.6235796198885869,-0.5463906304141645,-0.4301405112466897,0.07776919801113909,-0.859173275299045,-1.2416975682086098,-1.8377278897502307,-1.0090180093269512,-1.0915620371239039,-2.063297122721492,-1.3595243465075295,-1.266679413303576,-1.8171459223445585,0
1.135715637734753,-0.2824120129387873,1.0038746524609323,-0.8681093238500562,1,0,0,1,0,0,-0.5838743016777656,-0.008792397522188045,-0.20820817126385424,-0.38514437436617666,0.6049088992164097,0.2908857526620589,1.0196268059933364,0.428085729923136,1.5666428885318973,1.0354766343372246,1.3264527576244147,0.4440058365260059,-1.078198575772058,0.5469931027681537,-0.21590264727048644,1.2882142903944356,1.1887864802745252,1.2990935245686361,0.8432886699243073,-0.23079243079930178,-0.871266830939421,-0.803847631370524,-0.8471221845366947,-0.22008180529439977,-0.4561415705120373,0.2307924307993025,-0.843288669924308,0.605195468575612,-0.10937746679115769,0.3182556355996563,0.9638267773955896,1.4686314438072563,-0.7180946013078251,-0.38327221085833024,-0.762349526635866,0.6358690696027934,-0.8869292675109735,-0.8623145398892288,-0.47836864461934153,-0.8145239388296306,-0.8377153198147269,0.09387908442092041,0.12214944469431245,0.013711913318286572,-0.76555472453303,1
-1.5885121721324456,1.1348151154916164,-0.8790386569529866,-0.13478617003801185,1,0,0,1,0,0,-0.43244705762817587,-0.20649290416374969,-0.3617263482723934,-0.30124017461138985,0.1189241916219556,0.07399729553722294,-1.78300164679659,0.36444093578732134,3.0198782953006367,-1.718420799134508,-0.7100023094622148,-0.3890480091855106,0.6395555370954528,-1.400611199535162,-0.13136690020709213,2.5281824624413973,-1.0301732131286416,-0.4329877635300012,0.2507965989744553,-0.7793520964162078,1.079832985266004,-0.6318070984124873,-1.5876952384313199,1.299973512628077,0.5003094984919734,0.7793520964162078,-0.25079659897445594,-1.2052179168904753,0.340918023760079,1.510042466657512,2.850219849616129,2.117226092754623,-1.0961545269847772,1.0032343553662626,0.954063719541543,1.2559800380379649,1.2780381250194413,-0.4070549059059717,0.7441423543574326,-0.2699405414371327,0.24536400737109418,1.7117612397777302,0.03983423407198747,-0.32030321536567735,0.5334696962929761,0
-0.48340089077122306,-0.35971531085317227,-0.4445202009343899,1.478524768348486,1,0,0,1,0,0,-0.1800683175455264,-0.3914010250814456,-0.42569225535928473,-0.2115494783217901,-0.2909908775408106,-0.13752484924638,-1.385812907740309,1.309010217587559,-1.4890563331936695,-0.8692148984580369,-1.9688626948760721,-0.5322363696334271,2.1510435510505883,-1.026529041767059,1.2064290566818612,-1.194126144131199,-0.5333123629668571,-1.4386311218203285,-0.5448307780589747,-0.18555039652161812,0.9013108593285741,-0.5880834593129997,0.8356082773926675,0.6454298408169414,1.1550746466590136,0.18555039652161812,0.544830778058974,-0.9545452942874786,1.1664597564373458,0.10901061945972781,-0.5349512799851129,-0.6990401460957827,0.1325402314653172,0.8401159358104279,1.2862727349307197,-0.29429738304996345,0.3898463742377325,-0.8623145398892288,-1.2173491738515698,-0.671894953798262,-0.39771434314548676,-0.9847090191502859,-1.4418395571298541,-1.6563637301015341,-0.9511296417938885,0
-0.3291993166277972,-0.7204640344536393,0.5693561964423357,-1.6014324776621007,1,0,0,1,0,0,-0.11697363252486404,-0.433267014723188,-0.5920036137852022,-0.007286150642895218,-0.668608696287777,-0.32758174466505074,1.3650006608836336,0.057154350295081334,-0.6930748062870512,0.6863959223517748,0.33159510351894006,1.1958942437543905,0.5711994264781017,1.1940152612216526,0.09159424831571725,-0.8753932237061596,0.7822321942850899,0.6244627387312293,0.6912331826893902,0.9455004604204603,-0.7050206663990023,0.013310967794480736,0.06777071111382088,-0.15162855484355672,0.1785764477963581,-0.9455004604204603,-0.6912331826893908,0.8837206048011639,-0.10937746679115769,-0.5642124759469986,-0.8967252938356269,-0.5795621844475838,0.3845801819166189,0.10608304780917345,-0.2086678343205727,-0.4183195767369984,-0.7203933142394032,-0.1035484832504671,-0.3415203984652251,-0.2569742700706454,-0.29617565622181696,-0.033013633646279864,-1.0302635040182315,-0.7656567202776299,-0.023255055489598248,1
-0.2006980048416086,1.4955638390920825,-0.15484123025532542,-0.8681093238500562,1,0,0,1,0,0,0.8799223908016013,-0.6420154908535428,-0.7839013350458762,0.5927735400172011,-2.0657141398526764,-0.9518627470284962,-0.3471933407171376,0.78884717943873,-0.1476900966254825,-1.1555069553237693,-1.4492793231932317,-1.5134949959149901,0.7216112542885895,-0.497636976748251,0.11547625523733213,0.4965111880025414,-1.0086116080618335,-0.9173531218328044,-1.2694823106029698,-0.8051695616290189,-0.014452211799022835,-0.9670359326307991,0.7008431703206833,0.5608933443074957,0.9885173248320511,0.8051695616290189,1.2694823106029691,-0.3417899945912644,0.340918023760079,0.7003552302899613,0.8733832739329616,0.3762615087380082,-0.11949971898598452,-0.30171300108041293,0.34501385799472056,0.6358690696027934,-0.3318094232724056,-1.1658209625447336,-1.2538420394926681,-0.7626588533636787,-0.5161761445564365,-0.9847090191502859,-0.9479482933959068,-1.32234860141757,-1.0748462533011267,0
0.6217103905899984,1.1605828814630785,1.0038746524609323,-0.13478617003801185,0,1,0,1,0,0,-0.3945902466157784,-0.2239370665144757,-0.6431763394547153,0.09224158975588642,-0.4866647654576212,-0.24350951798573287,-0.7822617294802146,0.46974763422615395,-0.31856329693838553,0.0550572938534735,0.2920626717441481,-0.42298909974320087,-0.16224781069480723,0.9929275299127321,0.978849884536353,-0.1936133251347387,1.4280376013603597,1.6183185522787806,0.8355570349801581,-1.4056019766329109,2.0798754657846907,0.33584695615797233,0.24092397908587676,1.3416387885099263,1.2002773088336707,1.4056019766329109,-0.8355570349801588,1.3293608227620468,1.391607501712964,1.091552434377654,0.8087807714596554,1.4174266031008858,1.550264952753888,-0.22015379130249568,-0.5962450189412776,1.5660355222555504,2.49930178234429,0.7310941790521709,1.136440659999233,1.1044842234105985,1.6669056243024845,0.728342674756924,0.12214944469431245,-0.48731077970765985,1.1520527538291696,0
-0.5605016778429365,0.49062096620506923,0.27967722576327125,0.5985369837740325,1,0,0,1,0,0,-0.7983962307480176,0.8953966843237777,-0.4896581624461761,-0.1855102439151321,1.4821225763695443,0.8319889137363919,-0.01366418474465103,-0.11522582031911487,0.9490496079537992,-0.18560840681686222,0.21994471174202823,-0.2624063064923238,-0.22837598757374364,0.5111425096207489,2.220944672010546,-0.8251783454459427,0.8042573560388728,0.3448406779047705,-0.5796783524084306,0.21702702713573208,0.5297279545151465,2.3830446718331717,-2.126607264699821,1.0482328102056935,0.05073090691302651,-0.21702702713573208,0.5796783524084299,0.6330479821981672,2.367247731240644,0.5184030423421971,-0.018131260198663828,0.3079883877961804,0.9201650766256344,-0.38327221085833024,-0.1532996650890431,0.9459245538203791,0.3065783976019474,1.8692432640103136,-0.5604775923118106,-1.488770049887009,-1.0746389226366257,0.8235122133073248,-0.6186874509066087,-0.5986491559356475,-0.76555472453303,1
1.135715637734753,1.1348151154916164,-0.15484123025532542,1.0385308760612593,1,0,0,1,0,0,-0.34411449859924853,-0.3053431574845305,-0.6047967952025805,-0.0061288513359326405,-0.4509167974103361,-0.23009373713265022,0.4856107711714794,-0.3162566198786947,-2.0026079411828746,-0.1707578535587292,-0.8198412160382793,-0.7460234256497996,0.2785938930251855,1.1096459214848529,-0.5881407840074429,-1.5742943917430365,1.2033498672931167,0.5722335069649499,0.7577574583546642,-1.7690215962405276,0.43349153179778627,-0.15511439045245629,1.1556181040307545,1.4239039733661853,1.6245083767008168,1.7690215962405276,-0.7577574583546649,1.245803281894381,-0.40957446049198204,0.5547934799317504,-0.40574627503850064,0.06903246449978255,1.6762849279795395,0.02452383803125581,-0.319404172783631,0.6358690696027934,0.5841383197212315,0.04820472807728505,0.6346637574341392,1.1822818516095268,1.7853674257134342,-0.2233527107470814,0.2044646553166367,-0.5429799678216537,1.0901944480755505,0
-0.35489957898503444,-1.41619371568311,1.4383931084795292,-0.13478617003801185,1,0,0,1,0,0,-0.40720918361991093,-0.2152149853391127,-0.6943490651242283,0.30344871327655676,-0.6441749866255013,-0.40002696127169696,0.622347369895944,-0.7154777764885694,0.7652445927491119,-0.2934099055173912,-0.06984603793658714,-0.14154408675031685,-0.13636078889175315,1.0489893948502376,-0.3340222997232266,0.7598977138068682,0.305030595785201,0.8617268303473327,-0.32687747097049374,0.13114384342216406,0.18274867601428993,0.647399494780036,-0.28249107601388873,0.6988409704230572,0.9321117984106023,-0.13114384342216406,0.326877470970493,0.744458036688388,-0.4846237089171882,-0.600602913536552,-0.1473362651452761,-0.01630893667750248,-0.5290646384693491,-1.2804235184154193,-1.3160312189511594,-0.35630847989348147,0.19555442875423396,0.6552175733882943,0.13288685486904556,-0.03654765684034838,0.24536400737109418,0.7600658542737248,-0.7833178721512579,-0.8213259083916238,0.5334696962929761,1
1.495519310736081,-0.3339475448817109,-0.8790386569529866,0.5985369837740325,1,0,0,1,0,0,-0.7605394197356201,0.5930312035778599,-0.13144908275958464,-0.42854309837727333,1.4706739894140408,0.7872696442261166,-0.7190342695997293,-0.9933394460695757,1.3210262301988571,-0.31348034662619717,-0.012722859892990669,0.14847750534265697,-0.5208705261902371,0.062377472106771435,-1.131070172929714,0.8344019420643979,0.2876956206338426,0.7830619746583073,1.116988546947158,-0.9053100327574869,1.0621614902710133,0.23030829415243226,-0.9673936289643243,0.7087657769024339,0.781047948582634,0.9053100327574869,-1.1169885469471588,-0.20252742647848845,-1.2351161931692491,-0.982702508226857,-0.4574282770171454,-0.32353798091572933,-0.9071245641463012,-0.6279498401920818,-1.0945585420250417,-0.9764194483286528,0.7229182807808735,-0.02767187758659086,-0.669956189235104,-1.0219842806934394,-0.7192535184037778,0.5697267771729232,0.2044646553166367,-0.2089648391376897,-0.3944048900113141,1
-0.48340089077122306,-1.158516055968491,-1.8929150543297122,-0.4281154315628296,1,0,0,1,0,0,-0.29363875058271866,-0.36349036532028395,-0.5024513438635544,-0.1768304991129128,-0.2936979841282543,-0.14289116158761306,-0.8727927695759599,-1.2913366591229205,0.042157463201453686,-0.7068070126206382,-0.4428106908969031,-1.5181599173831128,0.08821392210699497,-0.9059207903047185,-0.6747719658440271,0.15786355890387527,-0.22940463112217752,-0.09439139022341525,-0.6280087910670794,-1.4477375847033576,0.3084542126937028,1.0964283481148789,0.10100698791504806,0.7273769693690313,0.48352076448702996,1.4477375847033576,0.6280087910670786,-0.8152827261747027,-0.5596729573423944,0.2909628074074919,0.33072225315718967,0.22264698661889537,0.1325402314653172,-0.22015379130249568,0.06817301183707392,0.6358690696027934,0.6118943119331598,1.5657368413548085,1.172933525640331,1.0526191379446466,1.3284433345569153,0.6331731362065233,0.6160407084282594,-0.04195727479570725,0.6571863078002155,0
-0.14929748012713334,-0.1535731830814779,1.0038746524609323,0.5985369837740325,1,0,0,1,0,0,-0.5207796166571032,-0.06112488457436613,-0.2721740783507456,-0.3706781330291445,0.39009477083069316,0.23945859272524214,-1.0515517343206682,1.1473025336742213,1.3630865573765394,-0.7757799508422929,-0.6618323556549474,-0.3490493115506283,0.5876239790692632,-0.8876438626258248,0.3874437960529219,1.1145004067286837,-0.07613730406369829,0.09290742450026221,-0.35678002163742906,-0.12221154853286169,0.5752849954331836,-1.1865760436673216,-0.7434195608508656,0.9725322170401411,0.9511204932912523,0.12221154853286169,0.3567800216374284,-0.7874302125521474,0.491016520610491,0.36374368258659734,0.9121447754169449,0.8371050750953478,-0.655084613695,-0.38327221085833024,-0.26403600355210183,0.5118468759157585,0.6951622885689447,-1.0140677512169813,0.534308376921121,0.04124997135858002,0.43151826673115745,1.3628062650929278,-0.9479482933959068,-1.0996718489615938,0.47161139053935697,1
1.135715637734753,-1.2873548858258006,1.0038746524609323,-0.8681093238500562,1,0,0,1,0,0,-0.5838743016777656,-0.008792397522188045,-0.8478672421327675,2.201419576695183,-1.9833221018911251,-1.7080655944472543,-0.4780710895183472,-0.4276954329711779,2.3605718421183837,-0.27243630581558537,0.5813382394931441,0.10456404900177153,-0.08592251842368595,0.28170146753439185,-0.09097847258684993,0.8186687169657172,1.2675838544959077,1.5103965382601066,2.0704407007075165,-1.9108249872601313,0.9462422746891421,0.49588516746445244,-2.4042976793601936,1.6249583247778498,0.7188400618363068,1.9108249872601313,-2.070440700707518,0.577342954953057,0.26586877533487285,1.127942871967207,1.4418852956980555,1.9977481311064238,0.4475901695294441,1.0032343553662626,0.06817301183707392,1.5660355222555504,1.194770148383656,0.8069707847160468,0.890113816921823,-0.6329961396987983,-0.008482709938082702,2.7586261638321354,0.6983559190505837,-0.15329565102369538,0.7190446135538346,0
1.1614159000919912,-1.6996391413691911,-0.15484123025532542,0.3052077222492148,1,0,0,1,0,0,-0.6217311126901629,0.09005785579859277,-0.7199354279589849,0.343954189020247,-0.29785991890333213,-0.19655428499994362,0.6620000112178152,0.3413050929498978,-0.19679932217925794,0.4366940010431138,0.10410745480906744,0.5076646623621531,-0.12036361658600558,2.0127223541291355,0.6634566433450977,0.3212871860005447,1.63412090235736,1.8009487892796245,1.5985806802879148,-0.8930588049066626,1.0905613305963053,0.19618434958615313,0.5918939033478152,1.030420891799455,1.6229311764773589,0.8930588049066626,-1.5985806802879157,3.111921694605578,1.6167552469885829,2.4652914533832737,2.307558828840357,3.090118066175672,1.9913348660436665,0.18764225758709038,-0.4855086804782194,2.744246362282375,0.77843026520473,-0.02767187758659086,-0.5878472415426337,-0.21807545597118072,0.19459466390925928,-0.1916295312302808,-0.8656330827735822,-1.266679413303576,-0.20882997275045564,1
-1.1516077120594044,-0.1535731830814779,-0.4445202009343899,1.0385308760612593,1,0,0,1,0,0,-0.48292280564470574,-0.18032666063766065,-0.5408308881156891,-0.05820732014924861,-0.08590166118982692,-0.09369996512631006,1.0145041153218504,0.6090071690980141,-0.9203154978232463,0.5395256296766983,0.0021241075996290826,0.8917320345089513,0.25257663207190195,0.5054463998697262,1.0843192080178792,0.21227203230624478,0.837672398904019,0.4532084748386333,1.2465662665038717,-0.020113106998745453,-0.9056565808668432,0.2503657271261999,1.4714150373070805,0.10175729315962585,0.43970842189810483,0.020113106998745453,-1.2465662665038724,0.8837206048011639,1.6167552469885829,1.3371878881071357,1.2609982887727984,1.605177685690913,0.4790951633358572,0.5138790966987595,-0.04256332662598434,0.8839134569768611,-0.6648813298155464,0.7310941790521709,1.3918907194869166,2.0769545758972012,2.005367914048054,-0.1916295312302808,-0.12479618717266176,-0.15329565102369538,1.5232025883508855,0
1.495519310736081,-1.2873548858258006,-0.8790386569529866,-0.8681093238500562,1,0,0,1,0,0,-0.7605394197356201,0.5930312035778599,-0.8478672421327675,2.201419576695183,-1.1907743066096708,-1.2452211550159031,-0.4767810040549298,-1.1902673527323406,2.097737536897044,-1.015886368712483,-0.08611453216842128,-1.1869285762120307,-0.5028203083718754,0.15770506936020712,-0.7834240932961491,0.7257364073621846,0.3207080434320413,0.7053973556541487,0.4251360800282837,-2.0404738019066264,0.8205526393974467,0.8488622371343489,-2.138382387915054,1.6904055506266193,0.8006363327026244,2.040473801906627,-0.4251360800282844,0.0759977097470634,-0.7848207026180125,-0.23669853764102378,0.1627557467265941,0.2909201075607231,-0.40304466324369825,-0.9541866793037505,-1.2052948804881005,-0.23228628620644656,1.194770148383656,1.33810702436318,1.2641656897430753,-0.21807545597118072,0.4484413812184362,2.853795702382536,0.9453015509175579,0.013711913318286572,1.0901944480755505,1
1.1614159000919912,-0.1535731830814779,-0.15484123025532542,1.0385308760612593,1,0,0,1,0,0,-0.6217311126901629,0.09005785579859277,-0.5408308881156891,-0.05820732014924861,0.24257282523674706,0.11424463809647085,1.9361663192407397,0.8308451062269568,-1.1533395672010303,0.9547076205341223,0.8724065513163409,0.7198534410354904,-0.42889300115166223,1.9289659540399966,1.1006143867465252,0.045891371875534784,1.5784010043477366,1.9110064601203487,1.5875602653373244,-0.5927287050207662,-0.764886345454067,-0.03778965118413544,1.6227702284559047,0.2753670142602803,0.7315546174168246,0.5927287050207662,-1.587560265337325,2.8333965583800262,1.9920014891146134,2.1104846868851332,1.8165798100432309,2.543933098641048,2.27487981030138,-0.05703537174666111,-0.7069813574043363,2.558213071751823,-0.3595654154843339,0.7310941790521709,2.377198091796556,3.114256285216244,3.0884472412338746,0.37938770007212164,0.28677986593896093,0.013711913318286572,2.451077174655176,1
-0.9203053508442651,0.33601437037629844,-0.4445202009343899,-0.13478617003801185,1,0,0,1,0,0,-0.10435469552073157,-0.4390817355067634,1.4549054129953203,-0.6918286907112596,0.737854989418104,0.19697528669048045,-0.40624552794188257,0.6349012331175461,-0.23774062233968252,1.0636130677560138,1.4501249923975525,2.1115737428057275,-0.5869218070827527,-0.6676709194705936,1.2368420809180098,0.04987436918725869,-0.006378051125058892,0.22662383411705755,0.6312676384277316,2.2538511814237285,-0.10223462009272237,0.3676193774525108,0.3751183262637071,-1.4431970022620089,-1.6639794461224318,-2.2538511814237285,-0.6312676384277323,-0.6760201580619267,1.0163612595869336,-0.2639913658331881,-0.19901826712392082,-0.18699173903207253,-0.024984737566746233,0.35076067714292497,0.06817301183707392,-0.4183195767369984,-0.19302946221276363,0.19995793940503753,-0.37345165590118506,-0.13379469208900865,-0.685407289429221,-1.0957401474590864,-0.20711139779498602,1.266268645883152,0.3169656261553086,0
-0.14929748012713334,0.4648532002336079,0.5693561964423357,0.3052077222492148,1,0,0,0,1,0,-0.14221150653312897,-0.433267014723188,0.34189862968341117,-0.5679976648662639,0.3415113002332819,0.10574797688951851,1.1045716183992085,-4.273869125003208,-0.27688277162704156,1.7174231403902966,2.6267940340446354,0.9084074998141254,-2.1706646378134162,0.5260384586438326,-1.2660893904900687,-0.8793105600618715,1.1097822265802788,0.7739369450659023,-0.16027754582615011,1.3979208031972914,-1.0103222938837724,4.597678943089742,-0.5051142880331191,-1.2196868050286271,-2.6593621017770466,-1.3979208031972914,0.16027754582614942,0.8001630639334981,-1.009968447893631,1.0005763404037717,0.33072225315718967,0.785900234388976,1.5817699465603012,-1.0357458890816678,-1.0945585420250417,0.8839134569768611,-1.2107491766501381,2.3497950998815287,-2.1448761755628034,-2.0030988140910337,-2.2084875932842825,-2.4439752769230942,-0.48149543320273464,0.1992758736982665,-1.899623663349385,1
-0.5091011531284612,-0.3339475448817109,-0.4445202009343899,-1.161438585374874,1,0,0,1,0,0,-0.23054406556205628,-0.3879121926113004,0.6873145279526244,-0.6113963888773605,0.5973361943369084,0.17416845924023996,-0.14431411472847108,-0.819947390172282,0.3729636610076552,0.2751457876590516,1.1765752991324478,1.273667234984556,-0.2566271773772855,-1.0217172348169234,0.33431387727219575,-0.8650490296899825,-1.300136387424737,-1.2225699778496915,-0.9352479841380451,2.664697762972419,-0.8202155329771041,1.4603118286470769,-1.3791446687821085,-1.6608971943684376,-2.723207142214851,-2.664697762972419,0.9352479841380443,-0.9266927806649233,0.41596727218528484,0.30006041680488094,-0.21193876761858224,-0.6990401460957827,0.7311351137871589,0.4323198869208419,1.0648000580046022,0.20179139169817292,-0.8869292675109735,0.9587239960437993,-0.7839963943635344,-1.300759115072932,-1.7431019448841247,-0.857816301083085,-0.6186874509066087,0.9879227053131819,-0.45626319576493324,1
-1.2287084991311177,-0.87507063028241,-1.6032360836506476,-0.4281154315628296,0,1,0,1,0,0,0.8042087687768065,-0.6298045772080346,0.5210031695267069,-0.5934582496194406,-0.13334668320518372,-0.025726675470691355,-0.26267702316937214,-1.5232398801059772,0.4314717648282122,0.23462083263741754,0.8850429469600858,0.26677041913585453,0.03636198812167873,-0.9164589577827046,-0.6678994435936342,0.8448337738157419,-1.5373750119551166,-0.2835111265405335,-0.04921092906325296,0.4126498344833025,-0.5504561973252275,1.4216075386472307,0.2591401103164225,-1.8413923536438144,-1.4273926109839505,-0.4126498344833025,0.049210929063252244,-1.038102835155144,-0.9349191994684248,-1.2829236183406676,-0.7244519539068103,-1.2281568333949502,-0.7706029243185127,0.3235742738836193,0.3819259708157405,-0.8937379858706291,-0.24854144663662048,2.096873081001942,1.528738965641033,1.454573550305776,0.46536449570571364,0.7917890337905242,0.7806711296729086,1.127095675598167,0.40975308478573785,0
-1.5885121721324456,-1.1842838219399534,-0.8790386569529866,-0.8681093238500562,1,0,0,1,0,0,-0.38197130961164594,-0.25010331004056474,0.27793272259651985,-0.5535314235292317,0.5845181534527016,0.23543385846931736,-0.3295454226840989,-0.5981677832930445,-0.4268894989854918,-0.0887555771484474,-0.27089694206600023,-0.3527047092580823,-0.08882671539225102,-1.3266851067506817,-0.1069469781443799,2.3319056649206864,-1.0467444888310395,-0.5691101696926592,0.03622492998512883,-0.5169746011139472,-0.8673671945442027,0.7138669198891187,2.926912551116317,-0.9180308583632651,-0.20344602027341901,0.5169746011139472,-0.036224929985129536,-1.1495128896453646,0.26586877533487285,1.1825285283515359,2.398002332302986,1.7075873671036554,-1.1906695084040155,1.0847935651441794,1.1755363964676604,1.13195784435093,-0.6926373220274746,1.0346006017076752,0.890113816921823,2.440010174158866,1.7853674257134342,-1.6191726094862895,1.1099319721622063,0.9044189231421907,0.40975308478573785,0
-0.8689048261297889,-0.1535731830814779,0.27967722576327125,-0.4281154315628296,1,0,0,1,0,0,0.7411140837561441,-0.6187566077192415,-0.2849672597681238,-0.36547028614781285,-0.6838296555009996,-0.19342393613422434,0.3786344965683994,-1.0114817386130626,1.044964958822994,-0.4278490296057158,0.4218015751051319,0.07366902626698907,-1.0034991927057875,0.09206937270808563,0.21382281146590748,0.08094174821871787,-0.0042272400450813295,0.392841420875592,0.6225629626478131,-0.5169746011139472,-0.4345058520743716,1.6024934281435446,-1.3471634542770035,0.5738047776124263,-0.16482951866919174,0.5169746011139472,-0.6225629626478137,0.2926283712558259,0.4826777152299126,0.8196349979446071,0.7398714354881283,0.7062482599568443,0.9096634120234974,0.23295292968593312,-0.04871534542948758,0.8287924820048461,-0.4150773999081907,1.4898602356909325,-0.0039613912850709025,-0.6978274965312384,-0.44848368660732285,0.664896315723324,1.1099319721622063,0.9044189231421907,-0.023255055489598248,0
0.4161082917320974,-2.086155630941119,-0.4445202009343899,1.478524768348486,1,0,0,1,0,0,-0.00340319948767178,-0.46931828358135513,0.57217589519622,-0.6032952937286225,0.3368260337821363,0.10530078419441576,0.2251433635628345,0.7980335968961482,0.6217080599367147,0.14704172230661994,0.44699148658571886,1.401755608239445,0.8194050182133303,-0.28998757197860925,1.697331350376068,-1.4120551334632536,-0.2808138290160433,-0.6247691091013907,-0.19143037735720503,2.1016857808501404,-0.6028194927329563,0.6050231298795009,-2.268874976329418,-0.47709406640492813,-1.191076257998214,-2.1016857808501395,0.19143037735720433,-0.23037994010104354,1.6918044954137887,0.22727954162577424,-0.5607922809744348,-0.6307670251539549,1.0461850518512859,0.5138790966987595,0.6772228733838963,0.139780294854656,-0.3040534310604773,1.1863538130354276,1.5469853984615822,-0.10137901367278856,-0.2792525417345383,2.5048407276977347,-0.8656330827735822,0.1250502895462747,1.3994859768436472,1
0.23620645523143258,-0.30817977891024867,-0.4445202009343899,-0.13478617003801185,1,0,0,1,0,0,0.791589831772674,-0.628060160972962,-0.09306953850744984,-0.44243069006082425,-0.5151899716128562,-0.14110239080720205,0.7834090327211363,0.3250528009654007,1.3289491443909927,0.14941809614145668,-0.2976340696533833,0.0994497637638539,0.5055997864399054,0.08385620786097515,-0.15539035615685642,1.7262106114175992,-1.3171724452771045,-1.0551861649107235,0.004530982273632039,0.13114384342216406,-1.0055611954419363,-0.6018118180504217,-0.08204281108440609,-1.5079398577473286,-0.6432450472477935,-0.13114384342216406,-0.004530982273632748,0.10385022336961848,-0.10937746679115769,0.1272058382545045,1.0155087793742343,0.3591932285025509,-1.411204465048904,1.166352774922097,1.2862727349307197,-0.046252995675895824,-0.9424412519348303,-0.5588081172337243,0.023408257945752128,-0.02358138547386016,-0.6177148314801074,0.5697267771729232,0.4514102871836102,0.5704037944582268,-0.1469716669968365,0
-0.48340089077122306,-0.87507063028241,-0.4445202009343899,-0.4281154315628296,1,0,0,1,0,0,-0.2810198135785862,-0.3681421419471442,0.5210031695267069,-0.5934582496194406,0.5797944631655979,0.17551003732554823,-0.3353094396759995,0.004555271263120979,-1.0070899552191694,0.7372231740778932,-0.010487142090948757,0.31451421932696727,0.8029798828899256,-1.1148237432829637,1.3905872625556694,-1.2193417253905896,-0.6563000875326427,-1.2889874279096278,-0.025828483428959336,0.45457625868389784,-0.647662810514591,1.3868075401105433,0.15140486534798595,-1.6467168788249167,-1.2448115439718193,-0.45457625868389784,0.02582848342895863,-1.0102503215325889,1.4666567501381707,0.36374368258659734,-0.354064273059855,-0.5795621844475838,0.5736101447550955,1.247911984700014,1.397009073393778,-0.23228628620644656,-0.47058938433204756,1.717490052682561,0.8505798791439694,0.806259981981374,0.01972248087404766,0.46398284545025625,0.2044646553166367,0.4776218142682366,-0.04387449074080463,1
-1.1773079744166424,-1.5192647795689571,-0.8790386569529866,-1.6014324776621007,1,0,0,1,0,0,0.2868323516073751,-0.5588649836484154,0.03486227566633282,-0.48177886649755186,-0.16937939528652654,-0.05747735682298693,-0.05243196792207427,1.0593387880052647,1.4208652928607268,-0.09605587273912726,0.09368264107239901,0.7154676783514285,0.06548383240473654,-0.8946459822351204,0.3684168388379063,2.665066754780527,-1.0711135970635663,-0.18415991203522122,0.4073962731842086,0.5717619163874261,-0.8210117964260086,-1.084903830223657,0.7357646158867084,-0.9323326205714955,-0.30158833187582124,-0.5717619163874261,-0.40739627318420935,-0.8059985549671841,0.44098368832702045,0.27883266154430836,1.6658406376055168,1.0476138646659843,-1.5057194464681423,0.4595062901801475,0.2896456887631914,-0.17027518936292965,-0.8869292675109735,-1.1658209625447336,-0.7794347861583975,-0.32180562690308556,-0.6515610604546642,-0.7626467625326843,-0.28942660841731066,-0.04195727479570725,-0.6418381130257917,0
0.4161082917320974,-0.1535731830814779,-0.4445202009343899,-0.4281154315628296,1,0,0,1,0,0,-0.00340319948767178,-0.46931828358135513,-0.2849672597681238,-0.36547028614781285,-0.2634150275095082,-0.0784954134928164,0.08967244680149111,-0.07790365570024547,0.19425836860332546,-0.3638156420816413,-0.047677098421089185,-0.22706323362303216,-0.2957067563950554,-0.15784491074602802,1.9864964093976745,-1.2465152795300465,0.03485666712855319,-0.23677216719395194,0.06048449490010199,-0.3696749546284684,-0.28240849513443883,2.0969537068339124,-1.51818534002703,0.5260547354760821,-0.16917937432259225,0.3696749546284684,-0.0604844949001027,-0.06326485836571254,2.067050737539819,0.4001341201761507,-0.3411437725651945,-0.3064697006802721,1.2037100208833493,0.5954383064766764,0.6218547041523672,0.38782468222872474,-0.24854144663662048,2.020996475338066,0.11464042204849642,-0.6978274965312384,-0.4654068010946016,0.9504049313745251,1.0276167615398821,0.9044189231421907,0.16231986177126023,0
-0.1749977424843705,-0.30817977891024867,-0.15484123025532542,-0.13478617003801185,1,0,0,1,0,0,0.9177792018139987,-0.6507375720289058,-0.09306953850744984,-0.44243069006082425,-0.564337950541963,-0.15854290591620948,0.5822562242326735,0.6252298357926396,0.3962593273311667,0.1441293642947739,-0.16063563088071417,-1.2201001235897533,-0.7825319371155438,-0.16137818165003465,0.41109650989521057,0.7049908400680024,-0.9525235535022656,-0.5993372350147516,-1.0117882743416888,-0.6605917564372907,-0.9708886311271758,-0.44632011214161815,0.16674802998316268,-1.1392155231619407,-0.3763019710345303,0.6605917564372907,1.0117882743416882,0.04814519612450831,0.7161642658861095,0.900502637032502,1.1705547853101694,0.6664222727407777,0.1010352376589052,-0.22015379130249568,0.2896456887631914,0.9459245538203791,-0.9424412519348303,-0.482931511569848,-0.23204180154193166,-0.11434528503927678,-0.5500223735309933,0.15732544345452057,0.8629863402952329,0.5704037944582268,-0.5181215015185524,1
-0.14929748012713334,-0.07626988516709207,-0.4445202009343899,-1.8947617391869185,1,0,0,1,0,0,-0.2684008765744537,-0.3698865581822168,0.7768667978742723,-0.618340184719136,0.6768417504910166,0.1933977451296584,0.4109681122369187,1.5650545910133482,-1.4827306328391594,1.8547659349303935,0.6833032434867673,0.3629075817958701,-0.2986907425838787,-0.37477520009496773,2.0955729304119473,-1.5205908323851898,0.7395802937460192,-0.2532353070891227,0.39760879354609974,0.10061909740348675,-0.9459321282319222,-0.04878758342612169,0.4988953055350876,-1.7723139593532384,-1.1355626710878115,-0.10061909740348675,-0.39760879354610046,-0.3139374809687093,2.067050737539819,0.21818193222838655,-0.625394783447741,-0.32353798091572933,0.8256500952063961,1.0847935651441794,0.954063719541543,0.20179139169817292,-0.9424412519348303,-0.17942508891434333,-0.40538291333714505,-0.10137901367278856,-0.7869459763528921,-0.4771381468814831,0.6160407084282594,0.7374113588002092,-0.76555472453303,0
-0.1749977424843705,-0.1535731830814779,-0.15484123025532542,0.5985369837740325,1,0,0,1,0,0,0.9177792018139987,-0.6507375720289058,-0.15703544559434116,-0.42854309837727333,-0.6216155524526993,-0.1692755305986756,-0.7685754379735856,0.9242503588561976,1.349711989822083,-1.7092430866463468,-1.1707112958606216,-0.7870271439361508,1.1411759642652888,-0.2001341153368063,-0.035375123771886514,0.7104449478149767,-0.7769317254209219,-0.42402801212399666,-1.0726104692356557,-0.009609152108407288,0.8687512057666753,-1.3040006456738775,-1.1311728482016252,1.5386849394019837,1.108001197850891,0.009609152108406583,1.072610469235655,-0.03541234474315745,0.19081952690966666,0.7094528396873502,1.002588278879574,0.59814915179895,0.006520256239666901,-0.46483142063624716,0.012804842605544792,0.8219023601333442,0.7506742729928018,-1.2416975682086098,-0.13168642102891215,-0.6848612251647502,-0.093098282374475,0.9504049313745251,-1.6887851889968277,-1.8790404825575102,-0.08511336124321738,0
-1.5114113850607322,-0.07626988516709207,-1.6032360836506476,-1.8947617391869185,1,0,0,1,0,0,0.04707254852885811,-0.4867624459320812,0.7768667978742723,-0.618340184719136,0.3859933422514792,0.10351201341400473,0.3052251689894899,-1.0449516054855794,0.4226665071803472,0.38750606023129197,0.49706485589116156,0.11229036274878011,-0.2293839636501109,-0.6055519303010525,-1.543140106535743,0.8189916890526457,-0.7232891460195363,0.08007275094177219,0.20465562353765385,-0.04982429368856782,-1.0294833812403787,-0.1116550108619987,0.24520838951317367,-1.2406968235686158,-0.5680332004911706,0.04982429368856782,-0.20465562353765385,-0.7038726716844818,-1.535313186870074,-0.7461646638947628,-0.25070026910256554,-0.5112890635057554,-0.6235796198885869,0.10608304780917345,0.012804842605544792,-0.728375060954584,-1.0812212129944723,-0.4070549059059717,-0.9527758979536108,-0.6978274965312384,-1.0915620371239039,-0.5405845059150832,0.03983423407198747,0.013711913318286572,-1.198562864808365,1
0.23620645523143258,-1.0039094601397194,0.5693561964423357,1.0385308760612593,1,0,0,1,0,0,0.9303981388181312,-0.6582967090475538,-0.8094876978806327,0.7605819395267748,-2.3517043920386365,-1.094070024071172,1.3243824449895303,1.5629920473701637,0.49518645011581663,0.4723745800997682,0.8683070957243162,1.013775944425716,-1.3212817773753762,2.573837462917132,1.4046172411081552,0.10165333423968989,1.6427970110439796,1.182624784010819,1.2994551316290601,0.09388569754642515,0.7301620375437982,-0.7381409189443779,-0.5747846686518909,0.9908218122698229,0.0257611717301795,-0.09388569754642515,-1.2994551316290608,3.2790367763409094,2.067050737539819,1.5373352948496766,1.3643622927300878,2.100157812519166,0.8571550890128092,-1.4435419379712537,-1.9250810804979817,0.44983577907224165,0.7506742729928018,-0.6346847228976005,0.24236545179233895,-0.10137901367278856,0.2961333508329291,-0.0012904541294803558,-0.12479618717266176,-0.09762646290970158,0.40975308478573785,0
-1.3572098109173063,-0.6431607365392533,-1.168717627632051,-0.13478617003801185,1,0,0,1,0,0,0.26159447759911014,-0.5478170141596223,2.439980382133447,-0.7415925609106505,0.7042811728503894,0.15180882448510225,-0.11650205488565113,0.11166616941521157,-0.24999134324136552,0.30873324258776746,5.272749417790146e-4,-0.24764664067732473,0.6340477083967494,-0.8202643752945601,-0.033455560521657705,-0.717933712590196,-0.7700205378335734,-1.7009862444442316,-1.3044950872689045,0.9560218637408522,-0.6575995556210424,-0.1867803680382789,-0.37970760291932887,-1.180617877110185,-1.6613674808391876,-0.9560218637408522,1.3044950872689036,-0.8431352397972577,-0.18442671521636386,-0.46413877257572894,-0.7416792878996918,-0.972132629863095,-0.7495995951142377,0.5138790966987595,1.4523772426253072,-0.4183195767369984,-0.5816133531797613,-0.1035484832504671,0.24236545179233895,0.002351157259115363,-0.4654068010946016,-0.28679906978068154,0.28677986593896093,0.9044189231421907,-0.023255055489598248,0
0.5189093411610479,0.23294330649045036,0.5693561964423357,0.3052077222492148,1,0,0,1,0,0,-0.7353015457273552,0.4098674988952366,0.8920054306306766,-0.6432221198188314,1.8585622150600727,0.8123124351518708,-0.05095462962290598,-1.217705660002156,0.44818891948250394,-0.040037135461895065,0.5931113082496307,-0.15925346694792827,-0.7739098916502203,-0.5587335277472185,1.5357518490728668,-1.5374187319027415,0.22315777251316118,-0.8863559252830617,0.19616880564547262,-0.41176056791003435,-0.48742630470481274,3.2098217225060566,-2.157646824815238,0.2753670142602803,-1.6364277947794386,0.41176056791003435,-0.19616880564547334,-0.5924626171942612,1.2415090048625523,-0.3458698504096825,-1.051771299771562,-0.9209277891567239,0.1325402314653172,0.9216751455883455,0.8986955503100138,-0.6043528672675491,0.08453045990652028,5.131937307556989,2.933714292823296,0.9359226956462544,1.0069041592986248,2.314501650596933,3.908649133321241,3.910555081297868,2.018069034379841,1
-0.5605016778429365,-0.2824120129387873,-0.15484123025532542,-0.8681093238500562,1,0,0,1,0,0,0.48873534367349464,-0.5966606687416551,1.1478690589782419,-0.6733119017998584,0.2535153495592252,0.0614759000743458,0.5582861120267799,-1.2248696942496746,-0.5687396381165846,0.9198496414813285,1.7387227993535206,1.3396376157245216,-0.25564068905637416,-0.18632740068648823,0.34403854990616783,-0.6618222218905229,-1.3766101560770831,-0.5966379168300804,-0.47959406901947754,2.3027614887509538,-0.9624865723011965,2.0258223622212594,0.11241863108782116,-2.607680587983465,-2.84292559442312,-2.302761488750954,0.4795940690194761,-0.2582324537235989,0.19081952690966666,-0.3367722410122935,-0.6124742829530796,-1.0745423112758372,0.6996301199807459,0.2692014673650073,0.5664865349208381,-0.29429738304996345,-1.0257092285706153,1.33810702436318,-0.9436526815433369,-0.7496925819971905,-1.6161785862295364,-1.4922798914190887,-1.0302635040182315,0.013711913318286572,-1.6934293108373202,0
-0.07219669305541997,0.9029052217484598,0.27967722576327125,0.3052077222492148,1,0,0,1,0,0,1.7884858550991394,-0.7181883331183798,-0.1826218084290977,-0.3990319660497276,-0.9113268961582737,-0.2439567106808356,-0.04233950344081859,0.5439842175638232,0.9735588075552152,-0.4648508042552446,-0.2858377738818391,0.8842827380848725,1.1173484376101852,0.1896320859107944,-0.0901469981680364,0.22643995960914917,-0.5658263591164338,-0.8790495002729203,-0.1934532884955867,1.3979208031972914,0.24835225606760203,-0.8369426942653709,-1.1033371827203537,0.06691971493432228,-0.48661763868698965,-1.3979208031972914,0.19345328849558602,0.02029268250195297,-0.25947596364157,-0.5460172571522233,-0.354064273059855,-0.5454256239766699,-0.9701345517591269,0.2692014673650073,0.40038202722625016,-1.0384305451721696,0.029018475482663446,-0.9381911455531051,-0.6882026220556532,-1.0997819088923677,-1.0069464646875115,-0.0647368131630805,-1.1125787146405561,-0.6543183440496418,-0.5181215015185524,0
0.2619067175886707,-0.23087648099586283,-0.15484123025532542,-1.161438585374874,1,0,0,1,0,0,1.8768184141280666,-0.721677165588525,0.9047986120480549,-0.6438007694723127,-0.3031697613175476,-0.05747735682298693,3.2298062354603723e-4,0.6095925896604353,0.436826780649703,0.11362393153164957,0.051832748408333316,-1.931372087187737,-0.763778785773608,-0.5068706278722294,1.191032167613919,-1.5594158646422553,0.40578281126634125,-1.128403599210614,-2.9113122071840447,0.2532428274968747,-0.5069082715147589,0.3564649193479896,-2.164219397404712,0.24886868840807563,-1.1690516001792146,-0.2532428274968747,2.9113122071840447,-0.48105256270404034,1.102131829215741,0.003738282147092742,-0.8044360045880466,-0.6185753964143426,0.06953024385249205,-1.1522590459072637,0.2500969964549563,0.4941294196747537,-0.47058938433204756,0.35171115073279,0.05990112358685037,-1.0738493661593913,-0.9223308922511192,0.6966194952401235,0.5337254978059351,0.7374113588002092,-0.45626319576493324,0
-1.280109023845593,-0.05050211919562982,0.27967722576327125,-0.8681093238500562,1,0,0,1,0,0,0.2363566035908452,-0.5472355420812648,-0.5280377066983108,-0.0639938166840615,-0.7910652892884092,-0.3714066287851207,0.626972902790309,-1.0716729598489443,0.5105750679048129,-0.24908127791587348,0.20237432906978708,1.417666141942575,0.9884956421801573,0.10143231163009632,0.18642368668405968,0.20971378304476154,-0.7201002864556284,-0.4621718813343416,0.739614474082317,1.199986903232429,-0.7704711129022956,1.6576599265394552,-0.48723109495205424,-0.37754638036516447,-0.7143174269341436,-1.199986903232429,-0.7396144740823177,0.10385022336961848,0.19081952690966666,0.06352257247278678,0.1627557467265941,-0.135786898325702,-0.05648973137315825,1.3294711944779316,1.009431888773073,-0.10826409251941274,-0.7203933142394032,1.5657368413548085,0.041654690766301246,-0.21807545597118072,-0.3469449996836519,0.030432725387320277,-0.7833178721512579,-0.32030321536567735,-0.20882997275045564,1
0.930113538876852,-0.5400896726534062,1.0038746524609323,-0.8681093238500562,1,0,0,1,0,0,0.8546845167933363,-0.63794518630504,1.096696333308729,-0.6652108066511203,0.07598633809789422,0.023464520990611654,-0.7459387420512463,-1.6837121417829537,0.40434394521135913,-0.652988641835282,-0.6285767819422924,0.3479111881022938,1.4563501398573384,-0.889800633644722,0.381583172100617,-0.17119278540367355,-0.8943155884429804,-1.47027167782301,0.74955583532744,-0.26889098598050765,0.1481676700478289,2.693209399617289,-0.7247839582676812,-0.004642500890957322,-0.6182535265527859,0.26889098598050765,-0.7495558353274407,-0.8789456144548287,0.24442613292767115,-0.2821865846279648,-0.32453170050062946,-0.6429586538935673,-0.7856053023215663,2.2266225020350205,1.9111420734008362,-1.1004416420156866,0.41760236644966076,3.2350221659600846,1.0908245779478607,0.4950694691856613,0.46536449570571364,0.8235122133073248,1.439192814651505,1.4054416161681371,0.7809029193074537,0
-0.5348014154856993,1.3667250092347738,0.27967722576327125,2.2118479221605303,1,0,0,1,0,0,-0.81101516775215,0.8953966843237777,0.35469181110078946,-0.5708909131336704,2.5301302035069906,1.1298192486748266,-0.9732165620556207,-1.917779885879018,0.17053124443013667,-0.19571068150951718,0.4246856928804959,-0.23148749189307655,-0.2230514938236832,0.43085026477753474,1.8374379851006308,-0.9323141702313961,0.7252625179466863,0.3220113663604935,-0.13124877099039398,-0.18555039652161812,1.7837818282681255,4.47291811626121,-1.1700077530132382,0.9835504023444995,-0.2377307753121208,0.18555039652161812,0.13124877099039328,0.9672781456688292,2.7424939733666744,1.8830444519504281,0.9896677783849125,1.2808803612172301,2.1488598350757298,0.8401159358104279,1.009431888773073,2.6822352654388593,1.916425945893794,4.6766776735737325,0.5708012425622179,-0.16621037050522874,0.22844089288381547,0.5697267771729232,0.2044646553166367,0.1250502895462747,0.10046155601764112,1
-1.5628119097752085,-1.0039094601397194,-0.8790386569529866,1.0385308760612593,1,0,0,1,0,0,0.980873886834661,-0.6612040694393414,-0.8094876978806327,0.7605819395267748,-2.370248636851212,-1.0963059875466858,1.542666122643708,2.2471438019665824,0.29307937481332796,2.700081863956374,2.5389641110538537,3.9830667877906376,-1.2284551857418935,2.894901150315535,2.20993801002085,-0.29186680015877636,4.551593904425425,3.5316556894640536,4.948786825267084,0.5242815205937548,0.747436323622239,-0.8704080052803421,-0.6939473102196604,0.8656461984546842,0.14719670717018454,-0.5242815205937548,-4.948786825267085,1.1900982546492709,0.5660657690356972,-2.465612840001134,-2.18877534330175,-0.8867912286858101,-1.5057194464681423,-1.85133798686084,-2.7556036189709214,-2.340663578886029,0.6118943119331598,-0.8623145398892288,-0.21379536872138252,-0.5292659687668935,-0.1777138548108673,-0.0012904541294803558,-0.7833178721512579,-0.6543183440496418,0.038603250264021984,0
-0.6376024649146498,-0.8493028643109486,-0.15484123025532542,-0.13478617003801185,1,0,0,1,0,0,2.419432705305763,-0.747843409114614,-0.46407179961141953,-0.19708323698475788,-1.4061710916816141,-0.42283378872193744,-0.33618835301521666,0.355975247719557,0.6250856802042074,-1.3258877062948689,-1.9151520202755878,-0.8182789022238531,1.5904313821250522,-0.6319654382207711,-0.02117308819457035,-0.4979507664030361,-1.0797621856798798,-1.6567028973716593,-0.6300765684554116,-0.4911325578708816,-0.16397433104900747,-0.5097979340074161,-1.3549055633796039,0.720515052002351,0.8723434945474894,0.4911325578708816,0.6300765684554109,-0.5646101035717058,0.04072103005925432,0.19998671343360988,-0.09565426316663046,-0.5112890635057554,-0.24551969421163483,0.5138790966987595,0.954063719541543,-0.23228628620644656,0.029018475482663446,-0.2553016945782196,0.8444977348704508,-0.06248019957332482,0.22844089288381547,2.377948009630533,-0.4540570296619595,-0.7099875321636356,0.7809029193074537,0
0.72451144001895,0.5163887321765315,0.5693561964423357,0.5985369837740325,0,1,0,1,0,0,0.3751649106363024,-0.5774720901558565,-0.7583149722111197,0.4104988991705952,-1.6470572623246933,-0.7613586589147228,0.7157062241026703,-1.2565070669960676,1.3422999611910682,0.05895627407039456,0.718086617281138,0.4103045110029958,-0.7121005731044185,0.6115919712123339,-0.06411930436687387,0.34812734162647924,0.3384738538938951,0.28661825277489816,0.6399373556703797,-0.07507566165750797,-0.38411143536901127,1.6603620708309077,-1.485134609201302,0.2559787568324846,-0.6537208333320624,0.07507566165750797,-0.6399373556703803,1.1343932274041606,0.491016520610491,1.746580310989605,1.70029530559128,1.7929287682809403,0.8571550890128092,1.0032343553662626,0.7325910426154264,1.3800022317249987,-0.3318094232724056,1.6416134470186852,0.1785029369204177,-0.6329961396987983,-0.4992530300691578,0.664896315723324,0.8629863402952329,0.9044189231421907,-0.1469716669968365,0
-0.27779879191332196,-0.7977673323680251,-0.8790386569529866,1.0385308760612593,1,0,0,1,0,0,1.1449200678883833,-0.679229703868425,-0.3745195296897717,-0.2931390794626518,-0.9451712152803038,-0.29583106331275516,-2.2132268726348414,0.7391590557467916,0.846442716127907,-2.3404141979783493,-2.140439944531177,-0.3108682629911421,1.4862982974990595,-0.8603247630531311,1.0223447242192174,0.4962221565379517,-1.6773607368012957,-1.600669120743162,-0.604544012877736,0.17559215780023885,2.217919475969242,0.0096435007685848,-0.6584601371073939,1.4985063968150267,1.2199349065612712,-0.17559215780023885,0.6045440128777353,-0.8524194110047761,0.8162299304530506,-0.2821865846279648,0.007709740790658993,-0.6592141588797168,-0.8756195703398886,0.051710241290561454,0.3819259708157405,-0.8937379858706291,2.360521821284648,0.19995793940503753,0.589047675382767,0.13201387092399572,0.7361343275021692,1.2041903675089267,-0.7010026615289333,-0.7099875321636356,0.904619530814692,0
0.9044132765196139,-0.23087648099586283,0.27967722576327125,-1.161438585374874,1,0,0,1,0,0,-0.16744938054139394,-0.4036119387269538,0.9047986120480549,-0.6438007694723127,0.618646098434496,0.18713704739821985,0.5568005128483121,-1.0079339725026744,1.244481502898535,0.1748637671548524,0.8657517142646396,-0.7905899466676858,-1.6445925403960062,0.1713307076525464,-1.0240874828595619,-1.0610793746591747,0.07401226440378425,-0.585199034002488,-1.3293007493813815,0.24011390447808975,-0.6030530427846242,0.35751265008507943,-2.767530346267109,-0.1628403737083464,-1.6968525865231192,-0.24011390447808975,1.3293007493813809,0.0759977097470634,-1.009968447893631,-0.2821865846279648,-0.7675202888890147,-0.6990401460957827,0.1325402314653172,-1.0357458890816678,-0.5962450189412776,-0.29429738304996345,-0.5261013687559044,0.4275877563966659,0.2606118846128881,-1.2553771652902237,-1.2269469530221315,1.1407440084753266,1.0276167615398821,1.2941032399401495,-0.5799798072721716,1
-1.280109023845593,0.05256894469021735,0.27967722576327125,-0.4281154315628296,1,0,0,1,0,0,0.2363566035908452,-0.5472355420812648,0.15000090842273722,-0.5251775905086485,-0.05948810508441709,-0.014994050788225242,0.3352939407507545,-0.41364861840258343,0.9987337554488681,-0.0904638974162525,0.9577257384629543,1.28777787264104,-0.3422786905361436,0.21872366869029092,-0.23336874359775903,0.3648918010441889,-0.30775053944763514,0.30936692565247226,0.8111642712127044,0.9518725779243598,-0.24768827396045845,0.3339620259501845,-0.998621431459196,-0.18294927770826566,-0.9430537760305585,-0.9518725779243598,-0.8111642712127051,0.02029268250195297,-0.40957446049198204,-0.6369933511261053,-0.3669847735545164,-0.4600842227993849,-0.2770246880180474,0.4323198869208419,0.06817301183707392,-0.4803306735805153,-0.5261013687559044,-0.17942508891434333,-1.317704554364588,-1.5406351353529608,-1.4977167848185873,-0.857816301083085,-0.37174181903963527,0.06938110143228039,-1.198562864808365,1
-1.6142124344896835,-0.5400896726534062,-0.4445202009343899,-0.8681093238500562,1,0,0,1,0,0,-0.25578193957032125,-0.373375390652362,1.096696333308729,-0.6652108066511203,0.7798152238811875,0.22693719726236503,-1.1321952736911947,-2.515237201522028,1.019498018033072,-1.0906089498548321,-0.11957615119040406,-0.30788257070237673,-0.09841207755365299,-1.2246551929388967,-0.8074770978694686,0.852013210146541,-1.0971918316103184,-0.4160658800972336,-0.16027754582615011,-0.2609537869844238,0.3506840496438688,2.6433291641232928,-0.537496835680459,0.3853856924257765,-0.25075249835743285,0.26095378698442306,0.16027754582614942,-1.038102835155144,-0.4846237089171882,1.1916261377489248,1.519408298666023,0.9053781960371756,0.4790951633358572,0.4323198869208419,0.5664865349208381,0.6358690696027934,0.5563823275093027,3.007392348968456,0.826251302049903,0.39133929825375646,0.5330569536548284,0.5380035976561225,0.8629863402952329,0.793080546914203,0.7809029193074537,0
-0.5348014154856993,0.6967630939767645,0.27967722576327125,-0.8681093238500562,1,0,0,1,0,0,-0.81101516775215,0.8953966843237777,0.188380452674872,-0.5396438318456808,2.4332596876959336,1.1056708431392779,0.5482036249162257,0.9540244328955609,0.18292983444061325,0.6480886359862199,0.5061068298083407,-0.10991903896223154,-0.2855100253721279,0.2382891156070013,1.7859830860019075,-0.6879758828098632,0.8205095409227169,0.3807921191686062,-0.28338753067176975,0.13114384342216406,-0.5241948085623662,0.479730174645162,-0.9414206259487526,-0.06192272064560522,-0.2861942766251455,-0.13114384342216406,0.2833875306717691,0.7723105503109431,2.7424939733666744,1.9922157647190868,1.2351572877834756,1.5710411252199985,1.9283248784308402,0.5138790966987595,0.7325910426154264,2.6822352654388593,-0.22078545442469194,1.0346006017076752,1.5196157492307591,0.7025298110494701,0.6345956405784983,1.8069307783281299,0.4514102871836102,0.5704037944582268,1.275769365336409,1
0.9044132765196139,-1.2873548858258006,0.27967722576327125,0.3052077222492148,1,0,0,1,0,0,-0.16744938054139394,-0.4036119387269538,0.2267599969270068,-0.5419584304596059,0.299643389197216,0.10843113306013503,0.011989282879916862,-0.49726925387856524,-1.1093839102828402,0.1631087099152025,-0.8065486785831271,-1.5832452598367408,-0.5566320116797977,0.11783746102336301,-0.9815183704850163,-1.0328813222424358,-0.2417994087027246,-0.7597263522812615,-1.2246659564705729,-0.9447489169347935,0.10107041292206376,-0.3007459001186113,0.4786188517789701,-0.46011349877073743,0.30682786939123746,0.9447489169347935,1.2246659564705722,0.0759977097470634,-0.9349191994684248,-0.10023439668020068,-0.6124742829530796,-0.6649035856248688,0.29006520049738066,-0.9541866793037505,-0.5408768497097485,-0.29429738304996345,-0.026493508941193386,-0.4070549059059717,-0.42362934615769415,-0.127311556405765,-0.29617565622181696,-0.09645999267988113,0.6160407084282594,0.18071947766026855,-0.2706882785040748,1
-0.8432045637725518,0.5163887321765315,-0.15484123025532542,0.5985369837740325,1,0,0,1,0,0,-0.44506599463230834,-0.20067818338017435,-0.7583149722111197,0.4104988991705952,-0.9029664449188455,-0.47157779248813775,0.23215611814098683,-2.024346283280278,0.2791121922772637,0.859716910388509,1.5575962505802194,0.4209504348024829,-1.8215137517423328,-0.0470323960199136,-0.5505639559345025,-1.069771011380636,1.4649342710665154,1.398679106240191,0.872405678118227,-0.29111514316954507,-0.36981294951884025,2.2269359189490725,-1.456572415271307,0.2911816649678298,-0.6594134940886137,0.29111514316954507,-0.8724056781182278,0.04814519612450831,-0.40957446049198204,0.40923172957353837,-0.23777976860790415,0.3421249482670949,1.6762849279795395,-0.8726274695258333,-1.2606630497196296,0.5118468759157585,-0.22078545442469194,2.476256109321323,0.6620334066649622,-0.2569742700706454,-0.1269445113490324,0.9821281108913258,1.1922471827845313,1.127095675598167,0.22417816752487937,0
-0.5348014154856993,0.9029052217484598,-0.8790386569529866,0.3052077222492148,1,0,0,1,0,0,1.0944443198718534,-0.6710890947714195,-0.1826218084290977,-0.3990319660497276,-0.7091698768935716,-0.2077341023775125,-0.006415411967174649,2.0743881500864276,0.3949146550033306,0.6344814687721274,0.5926014516437165,1.2223691876708824,0.5367882472652413,0.276359890412131,2.007308913326689,-0.2630042028650338,0.3555244636707609,-0.020967195302430883,0.271474372857786,1.3979208031972914,0.28505633275933834,-0.8362848323597314,-0.8041554229595352,-0.504611558636062,-0.7908812956441066,-1.3979208031972914,-0.2714743728577867,0.1317027369921738,1.6167552469885829,-0.4186507255887879,-0.4832692780064673,-0.32353798091572933,-0.34003467563087314,0.18764225758709038,0.06817301183707392,-0.35630847989348147,0.25106641317809053,-0.7864379342253526,-0.013084607695344815,-0.4255357978349895,-0.5838686025055501,0.28421816152172197,-1.0302635040182315,-0.5429799678216537,-0.20882997275045564,1
-1.4086103356317816,-0.46278637473902035,0.27967722576327125,-0.4281154315628296,0,1,0,1,0,0,0.059691485532990585,-0.49722894334251677,-0.2593808969333673,-0.3782005785244012,-0.2828605499304915,-0.09012242356548801,1.1529650448701168,-0.970758643227395,1.3081865896906244,1.079441471530469,1.2894532652317214,-0.15402625586420127,-1.7468183113287594,0.4013766358344071,-0.0636601234497053,0.5068222253033935,0.8293737685651135,0.3941112484091644,-0.04053384962865217,-0.16987246385113386,-1.2021751559239118,1.2686233889377334,-1.2790274339364252,-0.6358629565082676,-1.2915794704777976,0.16987246385113386,0.04053384962865146,0.4659329004628361,0.04072103005925432,0.32735324499704527,0.5503707615664309,0.8883099158017184,-0.5290646384693491,-0.30171300108041293,-0.319404172783631,0.44983577907224165,-1.0812212129944723,1.413983630027056,0.4795690784594736,-0.2958730841701091,-0.5161761445564365,0.664896315723324,1.6861384465184783,1.739456744852101,-0.08511336124321738,1
-0.12359721776989524,-0.10203765113855341,-0.4445202009343899,0.3052077222492148,1,0,0,1,0,0,-0.21792512855792381,-0.38442336014115513,-0.4768649810287978,-0.15657776124106768,-0.33426583518875236,-0.17464184293990864,-0.4577620796860915,2.2353437381140506,-1.4485246033955137,0.5342296777516778,-0.19984270368231433,1.829886791028276,1.074411574202918,-0.3180538730359951,2.334951703389969,-1.3156322723578613,0.9402951198122298,0.06342821038584177,0.5834470145228646,1.9170916883510314,0.31873363254496484,-0.7289760736572447,0.6580981040761416,0.21067071591121578,0.32173060441859136,-1.917091688351032,-0.5834470145228654,-0.28608496734615396,2.2171492343902317,0.09081540066495114,-0.6124742829530796,-0.23819657973844427,0.6996301199807459,0.758556726032511,0.5111183656893089,0.139780294854656,0.5286263352973745,-0.482931511569848,0.8444977348704508,1.0915179520441112,1.1253659607095745,0.09387908442092041,-1.1948939252628807,-0.48731077970765985,1.3376276710900281,0
-0.04649643069818187,1.289421711320388,1.7280720791585935,0.5985369837740325,1,0,0,0,1,0,0.31207022561564,-0.5722388414506387,-0.16982862701171944,-0.393824119168396,-0.3548386706897857,-0.135736078465969,-2.1283490607520026,-0.11735482935066006,-0.2634155443750766,-1.5280529425804286,-1.8318187994369768,-1.4089722286202768,1.6154265211818388,-0.17609112372951904,0.5763880039331734,-0.44400858193646237,-0.15326615753851813,-0.6684130039360232,-0.5252107151899527,-1.4007724800268284,2.7835730027242254,0.7384860354570807,-0.0860879311880364,1.9123248454502793,1.7288789520526533,1.4007724800268284,0.525210715189952,0.02029268250195297,0.8662627627365218,0.8459169806481733,0.459927258103802,0.3762615087380082,0.4475901695294441,0.4323198869208419,0.7879592118469556,0.5118468759157585,2.7491057122516462,0.8069707847160468,0.2879815338437111,0.19684522775643593,0.9730579303240674,0.5697267771729232,-0.9479482933959068,-1.4893561657595522,0.47161139053935697,0
1.521219573093319,1.907848094635473,1.0038746524609323,-0.4281154315628296,1,0,0,0,1,0,1.1323011308842508,-0.6757408713982798,0.43145089960505906,-0.5818852565498148,-0.29747641923769247,-0.06999875228586407,1.1288591016139675,2.147265148060323,-0.16786011560839117,1.470292931043185,0.7088568796994326,1.630810087151199,0.6333622533870806,0.20296644807196929,2.6964033267101075,0.479920354795125,0.4148153254266606,-0.6002059810971749,0.8331516374419781,1.3979208031972914,-1.3669043768388105,-0.24599114313558526,0.7117440746103567,-1.5749471185230182,-1.507532980485159,-1.3979208031972914,-0.8331516374419787,0.15955525061472892,2.4422969796658496,-0.082039177885424,0.17567624722125458,0.3421249482670949,-1.3796994712424915,1.4925896140337656,1.1201682272361313,-0.6043528672675491,-1.2477571662660425,-0.1035484832504671,0.4339529964081015,0.754394896515422,0.008440404549195996,-0.635754044465484,0.03983423407198747,0.9044189231421907,0.34789477903211874,0
-0.6890029896291251,-0.9266061622253344,-0.15484123025532542,-0.4281154315628296,1,0,0,1,0,0,0.08492935954125552,-0.5071139686745949,-0.09306953850744984,-0.4343295949120862,-0.14039792140182072,-0.05434700795726765,0.5773440122138993,-1.0698388417316989,-0.6011851131739883,-0.08902611065385223,-0.4901415663211117,-0.7402184048586962,-0.09774303869692218,0.17429950037400166,-0.07276978099786853,-0.8139775729464417,-0.22284513436618983,-0.7441150543670437,-0.6711839829354725,-0.3438975164935092,-0.6286528960296355,1.3954882158627422,0.0038712284160586628,-0.10070088858938536,-0.0892754789723537,0.3438975164935085,0.6711839829354719,0.18740776423728422,-0.03432821836595151,0.11810822885711679,-0.3282232720705331,-0.3918111018575571,0.25856020669096863,-0.05703537174666111,0.2896456887631914,-0.29429738304996345,-0.5816133531797613,1.33810702436318,0.07814755640739948,0.06718251409155555,0.025363519036474696,0.030432725387320277,0.6983559190505837,0.5704037944582268,-0.023255055489598248,0
0.05630461873076867,0.49062096620506923,-0.8790386569529866,0.3052077222492148,1,0,0,0,1,0,0.1858808555743153,-0.5402578771409743,0.38027817393554597,-0.5778347089754458,0.10736226462045009,0.031066796807358486,0.2546153370371691,-4.162638721241506,1.7359986333219655,0.3614854552064606,2.3874163272638325,0.570147662786127,-1.3320786385833505,-0.7693210081168984,-1.2716011677785453,1.392338755790501,-0.7105843245823684,0.32322323323524643,-0.4194329849395745,1.1936019387174324,-1.122745310852178,4.439490145695951,-0.9740021151178686,-1.1929467814322738,-2.7881935745046156,-1.1936019387174324,0.41943298493957376,-0.8431352397972577,-1.3101654415944555,-0.7552622732921518,0.007709740790658993,-0.27233314020935756,-0.8756195703398886,-0.22015379130249568,-0.04256332662598434,-0.35630847989348147,-1.3032691506898992,2.096873081001942,-2.312135143084501,-2.3056451459757548,-2.462334310593459,-2.3646673281310937,-0.20711139779498602,0.4312308241732417,-2.002720839605417,1
-0.9974061379159777,-0.2051087150244015,-0.4445202009343899,-1.6014324776621007,1,0,0,0,1,0,-0.7605394197356201,0.5203471937831681,-0.3745195296897717,-0.3128131676810156,1.2037655706025385,0.6419320183177213,0.20200231048216072,-0.5776084454229582,-0.2555216667941808,1.4324971865342129,1.5583966300196184,1.6087551694502402,-0.6574536574895002,-0.23974431836710058,-0.03257059264373195,0.5225764901428278,0.3053191941980596,0.9372161885216044,0.004530982273630621,2.189656403056746,-0.5204388280981682,0.7601572137025382,0.8744456540431104,-1.6324619954520696,-1.1109827492423614,-2.189656403056747,-0.00453098227363133,0.0759977097470634,0.41596727218528484,1.4008711538888534,1.5064877981713616,1.5881094054554559,1.2037100208833493,-0.38327221085833024,-0.4301405112466897,1.3800022317249987,-0.5816133531797613,0.5034643620605421,-0.47836864461934153,0.015317428625603584,-0.6346379459673855,-0.8895394805998851,-1.1948939252628807,-0.32030321536567735,-0.5181215015185524,1
-0.9974061379159777,-1.41619371568311,1.0038746524609323,0.3052077222492148,1,0,0,0,1,0,-0.785777293743885,0.6831593757232777,0.047655457083711085,-0.4921945602602151,1.8821589047893463,0.9057757084283465,-0.12040375995877255,-0.8257538705898548,-0.3670579291073036,0.10195917434090788,0.5102651513515313,0.04527713572307533,-0.6198110004595792,0.4558557372261413,-0.591455936117382,-0.2399105965951647,0.8297025103662317,0.7331741103967787,0.07195265285990604,-0.009609152108407288,0.6229100406272158,0.5408655290758909,0.26069347291469286,0.6849785398382633,0.05243213055580167,0.009609152108406583,-0.07195265285990675,0.4102278732177254,-0.5596729573423944,-0.027453521501095285,-0.1473362651452761,0.18851042614798086,0.29006520049738066,-0.709509049969999,-0.8177176958673952,0.20179139169817292,0.6951622885689447,0.6552175733882943,0.38833691435672935,0.4691369264526849,0.7361343275021692,-0.4771381468814831,0.12214944469431245,0.1250502895462747,0.40975308478573785,0
-0.09789695541265715,1.0317440516057692,0.27967722576327125,-0.4281154315628296,1,0,0,1,0,0,-0.4576849316364408,-0.15997513789514695,-0.1442422641769629,-0.3996106157032089,0.39956654801998714,0.18579546931291158,0.5763249239475947,-1.2492197677723558,1.4259065166984695,1.1606622670399738,1.4590303359522019,-0.8447207605655849,-1.9296597512488338,0.2167336379036527,-0.9975620695849697,0.5120870865623723,0.4272474787748761,0.6009434515920529,-1.5627658045576254,0.39783372969061137,-0.5848361387545443,0.7152575530784312,-1.4346638399730587,-1.144328556711634,-1.3101065778288286,-0.39783372969061137,1.5627658045576247,0.18740776423728422,-0.9349191994684248,-0.027453521501095285,0.24027874969456073,0.4103980692089227,-0.24551969421163483,-1.4435419379712537,-1.0391903727935126,0.38782468222872474,-0.5261013687559044,0.7310941790521709,0.16025650409986858,-0.62002986833231,-0.9900233502002335,0.886958572340925,1.0276167615398821,1.4054416161681371,0.038603250264021984,0
1.9067235084518848,-1.3131226517972627,-0.4445202009343899,0.3052077222492148,0,1,0,1,0,0,0.43825959565696476,-0.5873571154879346,-0.06748317567269331,-0.44243069006082425,-0.3325301000830207,-0.10979890215000922,-1.0424692968874094,-1.7821924777807685,0.8276540202976367,-0.9902770082241614,-0.8077623247888924,0.6529249429633617,1.0835525869637874,-1.1296507487683303,-0.27016488893152113,0.5579104599229207,-1.6032462105096037,-1.5974957316455454,-1.052824935956895,1.934690701407091,0.3208452159377645,2.1754698512825055,-0.5707845647777836,-0.2519511473689543,-0.5095130714722388,-1.934690701407091,1.0528249359568944,-1.0938078624002545,-0.3345252120667762,-0.2730889752305771,0.046471242274642305,-0.596630464683041,-0.9701345517591269,0.10608304780917345,0.7325910426154264,-0.4803306735805153,0.1400424443303771,1.717490052682561,-0.5148615102604385,-0.7107937678977266,-0.7530997473783346,-0.1916295312302808,-1.277209135885205,-0.5986491559356475,-0.45626319576493324,1
-0.9203053508442651,-0.9008383962538722,-0.4445202009343899,0.5985369837740325,1,0,0,1,0,0,-0.07911682151246661,-0.4390817355067634,-0.5664172509504457,-0.020595092672964856,-0.6424892567479341,-0.3217682396287149,-0.10922671020590072,1.317187559345493,-0.20073381089251177,0.04188510774000829,-0.3375608471158672,0.049818032002131266,0.3750317645341776,-0.6868692534719385,1.4860111357069412,0.23698052233153424,0.009239531090706724,0.14851334373165082,0.4700615648931452,-0.39825548305102343,-0.5344292655213747,-0.31922792824001045,0.5125524147412791,-0.04742231748674661,0.583840007995896,0.39825548305102343,-0.4700615648931459,-0.6203151308168162,1.4666567501381707,0.1817914946388332,0.279040251178545,0.2738518273252659,0.038025250046078915,0.5954383064766764,0.40038202722625016,0.2638024885416898,-0.5261013687559044,-0.3311783002420958,-0.10431677179808911,0.1709126850234604,0.1438253204474232,0.062155904904119784,0.03983423407198747,-0.15329565102369538,0.16231986177126023,0
0.6474106529472365,0.49062096620506923,0.27967722576327125,-0.8681093238500562,0,1,0,1,0,0,0.8925413278057338,-0.645504323323688,-0.6047967952025805,0.05173611401219622,-1.2779889094184107,-0.5364207332780372,0.7269036325771289,0.31815807732282436,0.4871928754031824,0.7859219814268702,0.3364126173576283,-1.22440013899057,-0.6253579513499934,0.31404304776683173,0.9952458502442021,0.08094174821871787,0.7490584938658131,0.42874974923745346,-2.3836666702833913,0.6941558255444424,-0.6969890828226141,0.5603334988529074,-0.5846703307667175,-0.31897631323980924,-0.01876219793449744,-0.6941558255444424,2.3836666702833913,0.49378541408539117,1.2415090048625523,0.7185504490847379,0.6537347655237203,0.9565830367435462,0.25856020669096863,-1.6066603575270884,-0.8730858650989243,1.3179911348814817,-0.6648813298155464,0.5034643620605421,-0.040454256926167845,-0.3347718982695729,-0.4315605721200442,0.6966194952401235,-0.6186874509066087,-0.3759724034796717,0.22417816752487937,1
-0.7404035143436003,-1.0039094601397194,-0.15484123025532542,-0.4281154315628296,1,0,0,1,0,0,0.4634974696652297,-0.5914274200364373,-0.7839013350458762,0.52044233333204,-1.882761870059794,-0.8570578956667123,0.23074758189791253,1.2751793288854874,-0.16466727283842952,-0.4765685569523943,-1.790419655169417,-0.603248116718861,1.2227559701261015,0.26224998474711103,1.6001537587398345,0.16945025250977616,0.010943659536903178,-1.035926238455893,-0.7825353858951971,-0.04664941409013511,-0.05882303488599332,-0.147224739542823,0.39538684040869926,0.6546649202675541,1.3162528940800808,0.04664941409013511,0.7825353858951963,0.27096530510494976,1.5417059985633763,0.11810822885711679,0.188596747715916,0.18851042614798086,-1.0961545269847772,0.02452383803125581,0.4557501964577793,-0.10826409251941274,0.1400424443303771,0.12408133374116129,0.853620951280726,0.9488889670127426,1.1930584186586881,1.0772976494417266,-0.6186874509066087,-0.7099875321636356,1.0901944480755505,0
-0.12359721776989524,1.907848094635473,0.5693561964423357,-0.4281154315628296,1,0,0,0,1,0,-0.7100636717190902,0.35172029105948316,0.43145089960505906,-0.5818852565498148,1.510989268949564,0.7201907399607034,0.7728197363813869,0.06157181435994745,-0.719239541499151,1.5002164234072088,1.3079576380298605,0.5495516690914894,-0.6261313590799503,0.02553476923050444,-0.24262978621326672,-0.3596501725910459,0.7822321942850899,0.5742605431693358,0.30418285154596364,0.44783808336594555,-1.0491106154084768,-0.327570441033507,0.6218108089730295,-1.251047548448886,-1.1397553382667012,-0.4478380833659462,-0.30418285154596436,-0.20252742647848845,-0.4846237089171882,-0.8644335860608106,-0.8967252938356269,-0.5795621844475838,-0.34003467563087314,-0.05703537174666111,-0.2086678343205727,-0.6043528672675491,-1.0257092285706153,-0.4070549059059717,-0.3415203984652251,0.015317428625603584,-0.48232991558187904,-0.9212626601166852,0.28677986593896093,0.5704037944582268,-0.5799798072721716,1
-0.894605088487027,0.6452275620338409,0.5693561964423357,0.3052077222492148,1,0,0,0,1,0,-0.5460174906653681,-0.0233291994811264,0.8920054306306766,-0.6397502218979436,1.1633868625354242,0.47647072112970207,-0.7718725566666201,-1.4199402437993527,0.7382932805733549,-0.8467677720555825,0.04543785161907661,1.4533246217528157,0.6589659434624796,-0.607270142159021,-0.29501807733983404,0.6802269872168403,-0.3197586563030566,0.4849222274113394,0.25295560183580257,1.731283161032851,0.4665304087068266,1.6533699130332031,-0.32570912620272263,0.8268614211521126,0.4143607401465833,-1.731283161032851,-0.2529556018358033,-0.5646101035717058,-0.25947596364157,0.06352257247278678,0.4082452561251572,0.2567835470898098,0.1325402314653172,0.02452383803125581,-0.09793149585751397,0.3258135853852078,0.6118943119331598,1.8692432640103136,0.6164173246135901,0.3394742127878045,0.6684418695530556,0.5380035976561225,-1.277209135885205,-0.7099875321636356,1.1520527538291696,0
-0.12359721776989524,1.0317440516057692,0.5693561964423357,-0.4281154315628296,1,0,0,1,0,0,-0.7100636717190902,0.35172029105948316,-0.1442422641769629,-0.3996106157032089,1.1227579225465028,0.5793250410033356,0.3977148653655838,-0.10886926801237172,0.5901413568133407,1.6458751770257274,1.4423810630341003,0.6528045189491016,-0.8993044112935746,-0.04573517989998589,-0.19786226189717396,-0.5286506079120478,1.2024848067055962,0.8973009483861552,0.4884925330428311,0.4058665575902641,-0.5987302546190023,-0.04878758342612169,-1.3379858826976543,-1.0311078308339137,-0.9991262933080117,-0.4058665575902641,-0.4884925330428318,-0.23037994010104354,-0.40957446049198204,-0.7370670544973751,-0.8708842928463041,-0.40887938209301433,-0.08799472517957138,-0.13859458152457876,-0.3747723420151606,-0.35630847989348147,-0.6371253376036178,-0.17942508891434333,-0.40538291333714505,-0.996051737960463,-1.277716296483967,0.5697267771729232,0.4514102871836102,0.7374113588002092,-0.3944048900113141,1
1.9067235084518848,1.0575118175772313,-0.4445202009343899,-1.6014324776621007,0,1,0,1,0,0,0.29945128861150755,-0.567005592745421,0.7512804350395157,-0.6171828854121734,0.21019201111646588,0.04090503609961909,-0.2293459598996593,0.734564427037637,1.497647100818686,-1.1897423636904476,-0.5624348148688011,-0.2525966584061723,0.23923402765249308,-1.242830868345544,-0.32217633069502766,0.8695752159403395,-1.5703027535204952,-1.0666038244754856,-0.47959406901947754,0.13114384342216406,-0.9229108196812739,-1.3309619044615348,-1.173494527788101,0.05017984746197297,-0.3101382318936297,-0.13114384342216406,0.4795940690194761,-1.2052179168904753,-0.40957446049198204,-0.3731626786018469,0.11107374474794844,-0.5283573437412127,-0.8126095827270634,0.2692014673650073,0.5664865349208381,-0.5423417704240322,-0.8036612908751883,-1.1658209625447336,0.48869229486974886,-0.23104172733766892,-0.194636969298146,1.109020828958526,0.6983559190505837,0.848749735028197,0.47161139053935697,0
1.2899172118781799,-0.7462318004251005,2.452269505856255,-0.13478617003801185,0,1,0,1,0,0,0.6023057767106869,-0.6135233590140237,0.36748499251816774,-0.5772560593219644,-0.1244250750052511,-0.025726675470691355,-0.2750588336853284,0.13063341135479106,0.17654470729380267,-0.37805411831282715,0.6907490709338417,0.9000399022774026,-0.13014652280267525,-0.03912700837141175,1.968341779347042,0.006380038543218568,-0.6414050224885118,-0.1066107827030486,0.6912331826893887,0.5419904249708541,0.3433807581686238,1.792543127942258,-0.2349312057059685,-0.12527951697048265,-1.0020923015206133,-0.5419904249708541,-0.6912331826893894,1.1900982546492709,4.693774432422033,5.039914912844136,4.271474904028864,3.6363030337102966,4.165179438686142,3.042214599814193,2.7812133041820113,4.790612558118441,0.3343343898138759,1.717490052682561,0.0872707728176734,-0.0495139282068366,-0.093098282374475,-0.635754044465484,-0.04248097655033679,0.23638866577426285,-0.3944048900113141,0
-0.3034990542705592,-0.12780541711001567,0.5693561964423357,-1.6014324776621007,1,0,0,1,0,0,-0.29363875058271866,-0.3663977257120716,0.5465895323614635,-0.6038739433821038,0.6070067567179454,0.18490108392270607,0.40647513356984005,1.2490987624778374,-1.2948342454613868,0.48094605158268794,0.1959119972048857,0.5180408842965755,0.09229966080013075,0.8667137463037776,0.9281870152246908,-1.2129790151067303,0.5091387458098093,0.2902182266399797,0.6912331826893887,0.020989325180847843,0.30079659519945434,-0.7845898760222195,0.5511548598177195,-0.14487382267694074,0.0286464205741102,-0.020989325180847843,-0.6912331826893894,0.6887530094432773,0.7161642658861095,-0.31857702221751816,-0.8708842928463041,-0.6478353053894121,0.7626401075935709,0.5954383064766764,0.2896456887631914,-0.17027518936292965,0.3312503906792172,-0.6852691266735177,0.2170231839860217,0.47489971372667955,0.3863899614317484,-0.2233527107470814,0.34165667302051117,0.3848398340782469,0.23105131260861483,0
-0.1749977424843705,-0.8493028643109486,-0.15484123025532542,-0.4281154315628296,1,0,0,1,0,0,0.7284951467520117,-0.6216639681110291,0.44424408102243734,-0.5865144537776651,-0.13986726667138913,-0.024832290080485844,0.41923839430322407,-1.194482203568107,0.5244017318792352,0.7504486372155713,0.8991426588201398,-0.5184028414477163,-1.0263104710739297,-0.2505884972857865,-0.17990578529304016,0.6351166174285076,-0.7723560426044697,-0.3962901438909345,-1.0923365864985648,0.3763264807979944,-0.8333462665664585,1.459238644453043,-0.0786437849383607,-1.7796627247032992,-1.5558296867370776,-0.3763264807979944,1.0923365864985641,-0.03541234474315745,0.11577027848446049,0.9459906840194431,1.1705547853101694,0.7517636739180628,0.25856020669096863,-0.30171300108041293,0.2342775195316623,1.1939689411944467,-0.6688464715601076,1.7716876281567582,0.8093081858593936,0.6395507786979565,-0.1777138548108673,0.41111087958892223,0.7336338664601519,1.0475682640067472,-0.014418154667652658,0
0.08200488108800677,-0.23087648099586283,-0.4445202009343899,0.5985369837740325,1,0,0,1,0,0,0.13540510755778543,-0.5263025472603935,0.8792122492132983,-0.6391715722444624,0.363160631734567,0.0892018471707166,0.31701249517846686,1.1234040644523722,-1.4498048827353693,0.9396215769531894,0.17105056650733785,-0.4362779132887865,-0.5373247430328136,-0.042131645502683376,0.7458871190712734,-1.1978316596567706,-0.11345771703538463,-1.0012615202231125,-1.1515885432024495,0.5471004570796687,-0.4829110352496712,-0.7946939923528983,0.7782265439401526,-1.3818708611891115,-1.1999111085820102,-0.5471004570796687,1.1515885432024489,-0.4253475354589299,0.04072103005925432,-1.546754290864926,-1.8011603284619129,-1.7402052404586603,-0.9386295579527137,-0.6279498401920818,-0.1532996650890431,-1.2864749325462383,-0.10050948817300241,-0.3058860983541368,1.9149551270093161,2.1244975709076583,1.2607508766078017,0.3582389137275882,1.713576850059253,2.3332614180680373,1.605680329355712,1
1.2899172118781799,0.49062096620506923,0.5693561964423357,0.3052077222492148,0,1,0,0,1,0,-0.16744938054139394,-0.398378690021736,0.38027817393554597,-0.5778347089754458,0.38657528761790716,0.1401818144124306,2.526402862297837,-2.2553092043754903,0.7976603467389718,1.7788182910656207,2.9167964699666733,1.6824102719609897,-2.4044598567756155,2.7174844816118644,0.5417735601302669,-0.016698585880149285,1.9167727486243609,1.890567178392783,1.5427439112049275,0.7645323233097278,-0.7977462046061009,3.638219520599251,-1.1072088841760368,-0.5024297050294646,-1.946207383221029,-0.764532323309727,-1.5427439112049282,2.8612490720025816,0.7161642658861095,0.5547934799317504,0.459927258103802,1.263812080981773,0.8256500952063961,-0.7910682597479163,-1.3713993881826885,0.8219023601333442,-1.0257092285706153,1.9451198696741894,-1.8468511061605053,-1.9944546331800421,-2.005410219436941,-1.7460653275534903,0.12214944469431245,0.5704037944582268,-1.4459960878228426,1
0.7502117023761872,-0.5400896726534062,0.5693561964423357,-0.13478617003801185,0,1,0,1,0,0,0.6906383357396142,-0.6181751356408839,0.41865771818768077,-0.5836212055102586,-0.1367810048438377,-0.02438509738538309,0.406428992378765,-0.5417100082254921,0.6373993401468883,0.8632955252983137,0.4247122787612749,0.9555771670018469,5.114035036017607e-4,0.6015668377070909,0.032777445484005754,0.1111270880978642,0.26757586994826676,0.17018574288854216,0.7938248367274053,0.5159874767715705,0.035929088709763,0.7763497120985441,-0.7596742445022575,-0.9009329071910637,-0.38599350911974417,-0.5159874767715705,-0.793824836727406,0.939425632046274,0.41596727218528484,1.1825285283515359,1.06719078135288,1.1443341193335734,0.6681251261743327,1.0847935651441794,0.7325910426154264,0.5738579727592754,0.029018475482663446,0.7310941790521709,0.023408257945752128,-0.37367071236903754,-0.685407289429221,0.9504049313745251,0.2044646553166367,0.514734606344233,0.16231986177126023,1
-0.07219669305541997,-0.8493028643109486,-1.8929150543297122,0.3052077222492148,1,0,0,1,0,0,0.4130217216486998,-0.5873571154879346,1.0711099704739724,-0.6634748576906765,0.2665982996538601,0.06102870737924305,-0.7592095108863176,-0.7798788910422125,0.08043641220839655,-0.9398746052093575,-0.7700129858837703,-0.744138678639701,0.6729092082778566,-1.0300049391560386,-0.34907469645830635,0.16188044622172557,-1.1997337895881761,-0.8932629929013431,-0.1934532884955867,-0.8230517886162441,0.02653050706936051,0.7207128849902502,0.052714966637477836,0.08007446715077292,0.1289571407439073,0.8230517886162441,0.19345328849558602,-1.038102835155144,-0.4846237089171882,-0.555114866549611,-0.39282577454383927,-0.8185181077439823,-0.49755964466293656,0.2692014673650073,0.40038202722625016,-0.790386157798101,0.27882240539001907,1.1104772073715516,1.0543317123067637,0.9229564242797662,0.9053654723749538,0.7600658542737248,0.7806711296729086,0.4033962301162448,0.8427612250610729,1
-0.04649643069818187,-0.6689285025107157,1.7280720791585935,1.478524768348486,1,0,0,1,0,0,0.3246891626197725,-0.5722388414506387,0.32910544826603294,-0.5668403655593013,-0.004183397245598534,-0.002025462630245358,-1.1038958194009634,-1.8738510695497346,0.1567953341140035,-0.3565542769242473,-0.2570768699854829,-0.9408315558016277,0.15565468920710135,-0.04478024181782205,0.2967193046849097,-0.5827867656556643,-0.016166212750746815,-0.5181253782114061,-0.5745260083472232,-0.7133741297612541,1.4902501186858912,2.8691662856908273,-0.7999889701511497,0.46565168532884665,-0.17163606533246914,0.7133741297612541,0.57452600834722245,0.04814519612450831,0.41596727218528484,0.4001341201761507,0.020630241285320403,0.017827623793410803,0.3215701943037938,-0.05703537174666111,0.2342775195316623,0.139780294854656,1.3533758181661038,2.638848835743915,-0.05088078996648144,-0.45332066504889257,-0.2502414883277753,0.18451674018320632,0.028074918268798287,-0.3043977330473934,-0.5446322039843892,0
-1.460010860346257,0.5679242641194551,0.27967722576327125,-1.8947617391869185,1,0,0,1,0,0,0.2742134146032426,-0.5629352881969182,1.5188713200822117,-0.6999297858599977,0.4813611383782906,0.10798394036503228,1.2972936663778734,0.7762620008310991,-0.010626416358824872,1.4059228718517678,0.6675462073103667,0.0788352978721005,-0.7311197349397539,0.5439170488035582,0.6147834100591657,-0.9442817598193918,0.10924684521990237,-0.511913163438227,-0.946287449071263,1.046038314370867,-1.2604429163423263,-0.4495674333298337,-0.9343854352831625,-1.7909837956479886,-1.3676263315079151,-1.046038314370867,0.946287449071263,0.38237535959517033,0.41596727218528484,-0.3731626786018469,-0.7804407893836761,-0.6990401460957827,0.006520256239666901,-0.6279498401920818,-0.26403600355210183,-0.29429738304996345,-1.3032691506898992,-0.7864379342253526,-1.3359509871851372,-1.5276688639864726,-1.971563990462384,-0.3502454288142823,-0.37174181903963527,0.1250502895462747,-1.198562864808365,1
-0.2006980048416086,-1.41619371568311,-1.6032360836506476,0.3052077222492148,0,1,0,0,1,0,-0.34411449859924853,-0.3169725990516812,0.08603500133584588,-0.5055035022902847,0.4103288121104284,0.14688970483897193,-0.7605766508825166,-0.5731059419208022,0.7382222460321136,-1.4461886732587355,-0.48154796707393976,-1.4810747595879743,-0.30712866136816575,-0.49951972476111905,0.558602071638701,1.0298188248071813,-1.6677070144570598,-1.0802498048334497,-2.0362621195869473,-4.693472038239746e-4,0.5584861242207372,1.3462011837533332,0.025694062664826597,0.3000378693640576,-0.42861773938335285,4.693472038232714e-4,2.036262119586946,-0.5924626171942612,0.26586877533487285,-0.6278957417287164,-0.04397226118798574,-0.6990401460957827,-1.033144539371952,-1.1173050988595852,-0.319404172783631,-0.6043528672675491,0.6118943119331598,1.413983630027056,0.32447439948480933,0.28760912732185256,0.39767203775660004,-0.4771381468814831,0.36909507656128593,0.4033962301162448,0.038603250264021984,0
-0.7147032519863632,-0.12780541711001567,-1.6032360836506476,-0.4281154315628296,1,0,0,1,0,0,0.5139732176817596,-0.5984050849767277,-0.23379453409861076,-0.3799365274848451,-0.5254200556233728,-0.16659237442805905,-0.9718224218485674,-2.8467888261242504,2.165010686647524,-2.314823858996822,-0.6851606703173027,-0.6258956030588245,-0.02381439689833692,-1.5413750503192043,-1.0988225945674992,1.3210592666752967,-1.8801628864719133,-1.0290592600821333,-0.4215365193479638,-0.43557216489828954,-0.18878105444953086,2.8065306511092287,-1.632104976395824,1.2628403597353068,-0.11393364951979967,0.43557216489828954,0.42153651934796316,-1.4001855122483615,-0.8598699510432187,0.8641121994429487,1.4935672976767,0.4957394703862077,-0.11949971898598452,0.6769975162545934,1.009431888773073,0.6358690696027934,-0.3318094232724056,2.1727496866658176,-0.6517097564145549,-1.3202085221226638,-0.8377153198147269,0.030432725387320277,0.5337254978059351,0.3477270420022505,-0.5799798072721716,0
-1.305809286202831,-1.6996391413691911,0.27967722576327125,-1.161438585374874,1,0,0,1,0,0,-0.06649788450833415,-0.4414076238201935,6.111623448921009,-0.79077778145656,1.430269024305473,0.2716564667726405,0.14408424195633732,0.5231077296709036,0.9685474196000391,1.3314018868199584,1.8585757263038827,0.2744623721509788,-1.9361755737038244,0.292233946760532,2.333637723576973,-0.8678112326711612,-0.4883659751984445,-0.8112164602321122,-1.944395262715851,2.3027614887509538,0.09164407047593272,1.6198052668455325,-2.196103366562163,-2.2828933954140203,-3.2082344526787923,-2.302761488750954,1.944395262715851,0.18740776423728422,1.9920014891146134,-0.2730889752305771,-0.6641562849317252,-0.801449827508525,0.1325402314653172,-1.1173050988595852,-0.3747723420151606,-0.29429738304996345,-0.7481493064513315,-0.17942508891434333,-3.1788407020605725,-3.3429468552947976,-3.562336752266559,-2.1267434817550925,-1.0302635040182315,0.013711913318286572,-2.9305954259097073,1
-0.04649643069818187,0.23294330649045036,0.27967722576327125,-0.4281154315628296,1,0,0,1,0,0,1.8389616031156693,-0.7181883331183798,0.764073616456894,-0.6223907322935051,-0.3486006574660906,-0.07134033037117232,-0.23230072906083524,0.17168140510718613,-1.1821189885795707,0.3643498734085584,-0.04676140487283384,-0.25408703601621035,-0.20793207209135012,-0.18632740068648823,0.25929497409583946,-0.034134359826376214,-0.8694763832429383,-1.2519723872200812,-0.3471945350124867,-0.0022010997120603167,0.13684367524868551,0.024117896516382478,1.5816945188884162,-1.3543710710960715,-1.161515242948096,0.0022010997120603167,0.347194535012486,-0.2582324537235989,0.11577027848446049,-0.3367722410122935,-0.3023822710812103,-0.6136987449184976,-0.7495995951142377,0.4323198869208419,0.6772228733838963,-0.8523972546416179,0.1400424443303771,0.04820472807728505,0.0872707728176734,0.8970238815467907,0.22844089288381547,-1.397110352868688,1.2745623934068555,1.4054416161681371,-0.1469716669968365,1
-0.12359721776989524,-0.8493028643109486,-1.6032360836506476,-0.4281154315628296,1,0,0,1,0,0,0.551830028694157,-0.6094530544655209,0.44424408102243734,-0.5865144537776651,-0.061004873399372446,-0.015441243483327998,0.824232645121352,-1.5513404997150455,0.3557711364579436,1.1657587540582859,1.1757204080250767,0.4980749296999015,-0.5138193931248272,0.4354100902722363,-0.892214774370656,0.6147859417533553,0.010708496254157802,0.13078130439821203,0.2430696413654208,0.43824128821613356,-0.7110589251690588,1.2354623468327082,0.1314495197902916,-1.5642465066707787,-1.4008116232446166,-0.43824128821613356,-0.24306964136542153,0.4659329004628361,-0.7848207026180125,0.21818193222838655,0.5116092600824467,0.4957394703862077,-0.30852968182446,0.4323198869208419,0.34501385799472056,0.2638024885416898,-0.6093693453916895,1.33810702436318,0.39061771845929844,0.4010640017786229,-0.28348332035635765,-0.0647368131630805,0.41025268187244807,0.7095767647432119,-0.30161743138088487,1
-0.8432045637725518,0.0783367106616796,-0.15484123025532542,-0.4281154315628296,1,0,0,1,0,0,-0.44506599463230834,-0.18032666063766065,0.12441454558798068,-0.5211270429342795,0.5876125735594687,0.26405419095589366,-0.01996100310465924,-0.9490138067986718,0.4331947844708946,0.697700928115211,1.761264378111057,1.4371109318652142,-1.327640667452677,-0.3200696085020928,-0.4659144727425459,-0.8604894538739686,1.0522992174381183,1.2453295166446459,0.8615353283924961,1.1055876586338,-0.29205352082841046,0.8358083418553881,-1.4569006983396584,0.10089294888672334,-1.0739080618860557,-1.1055876586338,-0.8615353283924969,-0.28608496734615396,-0.40957446049198204,0.09991301006234013,-0.3669847735545164,0.0519641842643253,1.3297299961089997,-0.709509049969999,-1.0945585420250417,0.20179139169817292,-0.6371253376036178,0.04820472807728505,-1.682633210775566,-2.0074209045465303,-1.8531021890514345,-1.0481553781838862,-0.7010026615289333,-0.26463402725168356,-1.5078543935764617,1
-0.9717058755587404,-0.6689285025107157,-0.15484123025532542,1.478524768348486,1,0,0,1,0,0,-0.5081606796529707,-0.07856904692509216,0.32910544826603294,-0.5668403655593013,0.8276762061004563,0.3776411355119933,-1.6312234205348544,-2.736376820681798,0.33201044004196306,-0.9154107736855617,-0.2576079013470066,-0.06169636993990996,0.6816481407007998,-0.7214359060163505,-0.9253838599594748,-0.03215747432276909,-0.7136622967862212,-0.3518871740851014,0.44932672572474713,-0.529783266025729,1.547405617762991,2.828733825514069,-0.48618455439232533,0.5290055807766435,-0.00864644786640305,0.529783266025729,-0.44932672572474786,-0.45320004908148526,-0.5596729573423944,1.4372615914784068,1.1963957862994923,0.8029685146244333,1.2667200084961745,1.166352774922097,1.009431888773073,0.8839134569768611,1.264160128913477,2.3814103522414776,-0.37345165590118506,-0.5551985114998699,-0.3257911065745538,-0.2233527107470814,-0.41289942435079735,-0.6821529381066387,-0.6882318423410059,0
0.5703098658755232,-1.3131226517972627,0.27967722576327125,0.3052077222492148,1,0,0,1,0,0,0.8294466427850714,-0.6350378259132524,-0.08027635709007157,-0.43664419352601136,-0.5194425844178938,-0.15094063009946265,-0.17325067094635452,-1.9853809792871333,1.3861161406019387,-0.3569269330977085,-0.30378662773756077,0.5949998199448215,0.34899043056138346,-0.01625988243440331,-0.11260129384876598,0.8332640346927247,-0.7544410810688695,-1.0683497033546503,-0.9053494332772455,1.7094233342895349,0.22466259239574546,2.6121961969102276,-1.0575172041794059,-0.2659056019322305,-0.648098053626523,-1.7094233342895355,0.9053494332772448,-0.08315951095325189,-0.18442671521636386,-0.24319683006772944,0.21074617713533517,-0.10652698935063296,-1.3256909104314984,-0.4531801049536876,-0.0662925420109259,-0.4803306735805153,0.05677446769459199,2.096873081001942,-0.5148615102604385,-0.944186652494511,-0.9731002357129547,0.09387908442092041,-1.1125787146405561,-0.48731077970765985,-0.45626319576493324,0
-0.9203053508442651,-1.2873548858258006,-0.4445202009343899,-0.8681093238500562,1,0,0,1,0,0,-0.07911682151246661,-0.4390817355067634,-0.8478672421327675,1.8831622672804746,-2.706513476417644,-1.7930322065167776,-0.8670804414195484,-0.1424168992194744,2.341580448090848,-1.3426317766397202,-0.5358070751330206,-0.2715326429416342,0.909156597703331,-0.5440120330652088,0.9492006808607741,0.8202966633100295,-0.3237135647631948,-0.13017511262780182,0.7380194864539785,-1.1022968805694087,0.6621260473316333,1.1463600684809436,-2.3766998784315994,1.4928200813379908,0.5694847783901787,1.1022968805694087,-0.7380194864539793,-0.3974950218363748,1.1664597564373458,0.6548671833030202,1.0155087793742343,0.8200367948598906,-0.2140147004052217,1.4925896140337656,1.1755363964676604,0.6978801664463103,1.1670141561717275,1.8692432640103136,1.7020800774362477,-0.06248019957332482,0.5330569536548284,3.4248129336849398,0.8629863402952329,0.3477270420022505,1.770635811365363,0
-0.8432045637725518,-0.12780541711001567,-0.15484123025532542,-1.6014324776621007,1,0,0,1,0,0,-0.44506599463230834,-0.18032666063766065,0.5465895323614635,-0.6038739433821038,0.8224035417898863,0.32800274635558757,-0.9883104022431926,0.42859958827396594,-1.1529304545064742,0.513857543893788,0.5651588635730221,0.33343401193359695,-0.8436107710753472,-0.3419270674529827,-0.5728608035529112,-0.8627989899041412,0.9350301163447575,1.1340228038433686,0.6912331826893902,-0.23079243079930178,1.0326201754665816,-1.1621457629529497,0.7090647778729303,0.23297146714019765,0.3724183464783818,0.2307924307993025,-0.6912331826893908,-0.28608496734615396,-0.4846237089171882,0.19998671343360988,-0.28946177058654887,0.08610074473523979,1.3927399837218248,-0.709509049969999,-1.0391903727935126,0.3258135853852078,0.9449662184763004,-1.0899443568808573,-0.013084607695344815,0.35244048415429274,0.43151826673115745,-0.4771381468814831,0.12214944469431245,0.013711913318286572,0.10046155601764112,1
0.7759119647334253,0.2587110724619126,-0.15484123025532542,0.3052077222492148,1,0,0,1,0,0,0.2363566035908452,-0.5559576232566278,0.8920054306306766,-0.6409075212049062,0.302915241531163,0.06773659780578437,-1.51299232428269,-0.8739857411324757,-0.3232144655623403,-0.3295259923937813,0.28699088041601994,0.1142133510025592,-0.003693232151497867,0.5855285130089395,0.3448412630735184,-0.20761913090432427,1.2242162074925025,0.9582704145596243,0.6912331826893887,-0.529783266025729,2.6889058483584183,1.5450272652179338,0.23320779832621996,1.6590801918199667,0.5624623474191879,0.529783266025729,-0.6912331826893894,0.29881781872750485,0.04072103005925432,-0.7461646638947628,-0.7287587874050313,-0.2552648599739003,-0.34003467563087314,-0.22015379130249568,-0.5408768497097485,-0.6043528672675491,3.507769499377688,2.3497950998815287,1.74769615948762,1.6274571685256167,2.3607533182809015,0.09387908442092041,0.6160407084282594,0.3848398340782469,1.3994859768436472,1
0.7502117023761872,-0.9008383962538722,0.5693561964423357,0.5985369837740325,0,1,0,1,0,0,0.6906383357396142,-0.6181751356408839,-0.5664172509504457,-0.020595092672964856,-1.104235124790067,-0.45950358972036337,1.028321650051765,0.0041689352587572365,-0.702837926303045,0.6518917522881525,0.1813520533506793,0.5124321685563819,0.15601150585531479,0.873000212467,-0.38420502433380704,-0.0762353749648241,0.571481626915567,0.6582280459406742,0.8686312511301267,-0.1626015385546773,-0.5576147604721535,-0.3906101536249852,0.8841937907380569,-0.31399230210773255,0.40686502191967644,0.1626015385546773,-0.8686312511301275,0.939425632046274,-0.25947596364157,0.36374368258659734,0.26611975068388355,0.4957394703862077,0.5421051509486824,0.5138790966987595,0.12354118106860354,0.139780294854656,-0.5538573609678327,-0.4070549059059717,-0.14080963743918734,0.3265079414213163,0.17767154942198057,-0.2550758902638815,0.03983423407198747,-0.04195727479570725,0.22417816752487937,1
0.6474106529472365,1.547099371035007,0.27967722576327125,1.0385308760612593,0,1,0,1,0,0,0.526592154685892,-0.6048012778386607,1.3653531430736725,-0.6871994934834094,0.3026482461280089,0.06594782702537334,0.4600544384035077,-0.1421979032995969,-0.7853396791003185,0.27853479942416576,0.2180251722691333,-2.1952566498911907,-1.825111841957767,0.79916675125343,2.5033048615533326,-0.6513607575227881,0.7784529119588421,-0.31380935592492143,-2.203903294263443,-0.8082637896695036,0.15880110599100414,2.7029269415832733,0.4190309060467074,0.3956180375648561,-0.5898171599686155,0.8082637896695036,2.203903294263442,0.35452284597261524,1.6167552469885829,-1.1009714303929035,-1.2197378062021575,-0.9038595089212672,-1.0016395455655394,-1.6882195673050053,-1.0945585420250417,-0.8523972546416179,0.029018475482663446,2.2486262923296945,-0.40538291333714505,-0.1402778277722523,0.025363519036474696,-1.4922798914190887,1.439192814651505,1.0714264874841732,-0.8274130302866491,0
-1.280109023845593,-0.8493028643109486,-0.8790386569529866,-0.13478617003801185,1,0,0,1,0,0,-0.8236341047562825,1.889713938315161,-0.46407179961141953,-0.1768304991129128,2.2492153593276347,1.589980531935561,0.5023947051158346,1.2048676668298193,-1.371021155525199,0.1508892901435137,-0.7979072953937946,0.11773918518152343,0.830648299869491,0.4690168116751532,1.0185045436842601,-2.430956161886394,1.275351093550326,0.29210335123306835,1.0418552473722593,-0.8727171435694476,-0.22995599513739243,-0.6334031918195302,-0.5686446530937638,1.0607746166147125,1.3225006314665808,0.8727171435694476,-1.04185524737226,0.9951306592913848,1.7668537438389946,1.8284587955660994,-0.018131260198663828,0.4957394703862077,3.4405645811386494,1.3294711944779316,0.8433273810784847,1.6900577159425842,-0.19302946221276363,-0.5588081172337243,0.14201007127932075,-0.17917664187171697,0.24536400737109418,1.1724671879921262,-0.5363722402842841,-0.9326642846196119,0.40975308478573785,0
0.7759119647334253,0.7482986259196881,-0.15484123025532542,0.5985369837740325,1,0,0,0,1,0,0.2363566035908452,-0.5559576232566278,0.6873145279526244,-0.6125536881843231,0.22116355104953814,0.04582415574574939,-0.020737522493316684,0.7918832727412277,0.016157236082508696,0.44276824846534024,0.27936960391745397,-0.26709568517238874,-0.2938923569601067,0.9203293542705706,0.4388870507453704,-0.080204494237135,1.4101033067973059,1.165969715197337,0.9848575718326791,-1.3410564071273077,0.9484182767113756,-0.6472172306787164,-0.10268526481178468,0.8000829623630088,0.7751483218107569,1.3410564071273077,-0.9848575718326797,0.577342954953057,0.11577027848446049,-0.7552622732921518,-0.6770767854263857,-0.135786898325702,-0.40304466324369825,-0.22015379130249568,-0.6516131881728072,-0.5423417704240322,1.1670141561717275,-0.4070549059059717,0.8080048692293539,0.6247321828505417,0.9392117013495113,0.8552353928241243,0.8629863402952329,0.23638866577426285,0.5334696962929761,0
-0.04649643069818187,1.547099371035007,0.27967722576327125,1.0385308760612593,1,0,0,1,0,0,1.8389616031156693,-0.7181883331183798,1.3653531430736725,-0.6871994934834094,-0.14133010540105176,-0.02125474851966381,-0.029567019533409077,-2.1338614863607477,-0.22127831480710689,-0.8346295469090237,-0.3600077850421547,-0.5674353800087694,-0.001236448100723714,0.20637602991799175,-0.7185510889379342,0.19842984463781851,-0.4967484448527056,-0.6645382285104703,0.2430696413654208,-1.0149876916124754,0.2473221578417352,2.2089631499697444,0.5018977265684854,0.6349634174395824,-0.18076448598594655,1.0149876916124754,-0.24306964136542153,-0.03541234474315745,-0.8598699510432187,-0.8007503202790929,-0.5866332819637576,-0.7331767065666972,-0.9701345517591269,0.4323198869208419,0.34501385799472056,-1.2244638357027204,0.16779843654230542,1.9451198696741894,-0.1864257194905595,0.09311505682453199,0.34690269429476517,-1.238494455284687,1.2745623934068555,0.793080546914203,-0.5181215015185524,1
-0.8432045637725518,0.7482986259196881,-0.15484123025532542,0.5985369837740325,1,0,0,0,1,0,-0.44506599463230834,-0.18032666063766065,0.6873145279526244,-0.6125536881843231,0.8851440560277403,0.33471063678212887,-0.8707795148258367,0.0939386641928095,-0.41932362195759343,0.05516887950683618,0.3243889830869138,-0.5821429924866919,-0.7844354281580739,-0.023827222545928017,-0.5432705392943931,-0.6494220505280452,1.0451461483542863,1.3650488951303084,0.8518955842960956,-1.6388732784554128,1.1870322324687108,-0.6731702648424484,-0.07937709211636845,0.9618194329875216,0.9109829956091665,1.6388732784554128,-0.8518955842960962,-0.007559831120602114,-0.4846237089171882,0.09081540066495114,-0.26362076959722697,0.15437386567706757,1.2352150146897614,-0.5463906304141645,-0.9284540343304539,0.44983577907224165,1.333550109443298,-0.482931511569848,0.6072941082033162,0.4691369264526849,0.854596128913119,0.6966194952401235,0.9453015509175579,0.18071947766026855,0.47161139053935697,0
-0.5091011531284612,-1.6223358434548052,0.27967722576327125,-0.4281154315628296,1,0,0,1,0,0,-0.81101516775215,0.8546936388387503,-0.2849672597681238,-0.3631556875338877,2.038256031062828,0.9379735824757449,0.9698670512543796,2.0548309800078504,-1.198477813795492,1.5161445191914427,0.6021862420905502,-0.4133272807100871,-0.7524535854789598,0.08625881037589389,2.0117052053654176,-0.5079045743467583,0.7548951592896721,0.16064926306944602,-0.7652983266135058,0.1952844489803987,-1.2624349569799382,-0.8050378938096969,1.1279642056147945,-1.2996723142071893,-0.6260288698245567,-0.1952844489803987,0.7652983266135052,0.438080386840281,2.667444724941468,1.4008711538888534,0.8733832739329616,1.178470679804488,1.0776900456576979,-0.05703537174666111,0.34501385799472056,2.00011320016017,-1.1367331974183288,-0.6346847228976005,0.5251851605108457,1.0655854093111348,0.39767203775660004,-0.2550758902638815,0.36909507656128593,0.514734606344233,0.038603250264021984,1
-0.48340089077122306,-1.3388904177687242,-0.4445202009343899,-0.4281154315628296,1,0,0,0,1,0,-0.1800683175455264,-0.40768224327545655,0.35469181110078946,-0.5697336138267077,0.385399675753296,0.12676603355934798,-0.19866370734511649,-0.13868562867642265,-0.7831340401741508,-1.0001007961484012,-0.3664951041651972,-1.221743758820181,0.10930160568446937,-0.7837912607282901,-0.19657463971565226,-0.29867164980321476,-1.6866051696535602,-1.111848719496533,-1.2649401125490116,-0.41176056791003296,-0.5069082715147589,-0.0065737810538186335,0.7704342637955816,-0.3213371606181609,-0.6090422859284955,0.41176056791003296,1.264940112549011,-0.8152827261747027,-0.3345252120667762,-0.4914316007678933,-0.5607922809744348,-1.1428154322176651,0.038025250046078915,-0.38327221085833024,0.2342775195316623,-0.6043528672675491,-0.007989514133240944,0.8322629866040054,2.5687856364123185,2.70797978239962,2.3607533182809015,0.41111087958892223,1.439192814651505,1.3126596359781475,1.605680329355712,0
-0.09789695541265715,-1.4934970135974959,0.27967722576327125,-1.6014324776621007,1,0,0,1,0,0,-0.4576849316364408,-0.15997513789514695,-0.1826218084290977,-0.4036611632775779,0.36332195440599163,0.18892581817863088,0.4007975484189438,0.11074436474849901,0.08179704749743467,0.4422682271564247,0.22332812156263634,-0.8243436241920377,-0.5120122291974164,0.10058861823272854,-0.7237305053039679,0.5336378426771026,0.4038857947224396,0.7221835101844366,-1.1820904200447964,0.048076501797563044,-0.45681178543203993,-0.8770174486838838,0.42443526390682523,-0.19698960175106758,0.41473414033866113,-0.048076501797563745,1.1820904200447957,-0.03541234474315745,-0.7848207026180125,-0.46413877257572894,-0.1344157646506147,0.03489590402886805,-0.43454965705011084,-1.3619827281933365,-1.0945585420250417,0.015758101167622184,-0.47058938433204756,-0.8623145398892288,-0.1864257194905595,0.054216242725068246,-0.025405824425361403,0.030432725387320277,-0.4540570296619595,-0.48731077970765985,-0.1469716669968365,0
0.18480593051695732,0.5421564981479937,-0.8790386569529866,-0.4281154315628296,1,0,0,1,0,0,-0.7479204827314877,0.4011454177198736,-0.4512786181940413,-0.1855102439151321,0.9891666006294079,0.4518751228990506,0.08357298686179288,-0.8736492971266371,0.26438348126619976,-0.18423952157807533,0.5520847894307065,-0.47529219284842855,-0.9824672075976335,-0.139435663369256,-1.2591360714492215,0.5856671675605556,-0.45663392826928284,0.18838379612130998,-0.5505532963957722,-0.1022098070627286,-0.25553274454164554,-0.06226379728460996,0.227117946082091,-0.20389467914916237,-0.5338171541634749,0.1022098070627286,0.5505532963957714,0.18740776423728422,-0.9349191994684248,1.4008711538888534,1.5452492996553449,1.2467438007463156,0.9831750642384596,-0.13859458152457876,0.12354118106860354,1.6900577159425842,-0.27629743884854874,-0.1035484832504671,-0.13168642102891215,0.002351157259115363,-0.07617516788719629,-0.667477223982284,0.36909507656128593,0.3477270420022505,-0.6418381130257917,0
-0.4577006284139859,-0.02473435322416849,-0.4445202009343899,-0.8681093238500562,1,0,0,1,0,0,-0.07911682151246661,-0.4355929030366182,-0.46407179961141953,-0.15657776124106768,-0.4459981407218752,-0.21399480010895106,-0.4251172790849536,-0.5085177941136716,-0.544126415186181,-0.15118946475908354,-0.17679621368084367,1.2869113889852,1.3629339266333909,-1.234597006976193,1.3582277958942905,-1.1190894547383297,-0.6788222709894453,-1.2297199434037787,0.04614929745034409,1.7094233342895349,-0.6424588574881884,2.0585994207624116,-0.3807379395341119,-0.46886133094346866,-0.9707384426175902,-1.7094233342895355,-0.0461492974503448,-1.1216603760228097,1.4666567501381707,0.427426948368315,-0.25070026910256554,-0.4942207832702994,0.6051151385615076,1.4925896140337656,1.6184817503198954,0.015758101167622184,-0.6648813298155464,1.717490052682561,-0.3415203984652251,-0.47740088330094144,-0.6177148314801074,-0.5088613263982832,-1.1125787146405561,-0.48731077970765985,-0.6418381130257917,0
-0.2006980048416086,-0.6946962684821769,-1.6032360836506476,-0.13478617003801185,0,1,0,1,0,0,-0.34411449859924853,-0.3169725990516812,0.08603500133584588,-0.4962451078345841,0.4103288121104284,0.13973462171732787,-0.1989508353283348,0.15730361861554853,1.6844737326568036,-0.6997534974386873,0.2432205398246161,-0.6578670364649932,-0.728887116433475,-0.387459118535159,0.6544554289703016,1.1482977291898997,-1.3428360266909394,-0.5969214068677381,-1.7622723062536898,0.850548042800631,-0.11049860642443245,0.439714928659988,-1.1488035463209219,-0.3862113868267899,-0.8989761862143271,-0.8505480428006302,1.7622723062536891,-0.5367575899491508,0.26586877533487285,-0.8280431484712572,-0.173177266134598,-0.6819718658603261,-1.0646495331783645,-1.1988643086375024,-0.5962450189412776,-0.6043528672675491,-0.05424950115312168,0.5034643620605421,0.2514886682026129,-0.39960325510201306,-0.5161761445564365,0.6014499566897238,0.12214944469431245,0.6260729825722207,-0.023255055489598248,0
-1.485711122703495,-1.3388904177687242,-0.8790386569529866,-1.161438585374874,1,0,0,1,0,0,-0.596493238681898,0.06854338889936401,0.16279408984011548,-0.5309640870434614,0.9350311390876991,0.4630549402766194,-0.26046089102057324,0.11329168763623328,0.12395866226717596,0.054503577417725456,0.3587220260708808,0.7570116496610577,-0.46938815004981993,-1.163505146280922,0.16513544541769765,-0.43515716058958187,-0.9850034558613572,-1.2979607711070973,-0.7118242677055338,1.7384522439970567,-0.800383423715741,0.009932667387298292,-0.6067466239549423,-1.0503433824562403,-1.7335622680702405,-1.7384522439970567,0.711824267705533,-1.038102835155144,0.340918023760079,0.5547934799317504,0.22735824919990022,-0.18699173903207253,0.2270552128845555,0.5138790966987595,1.009431888773073,0.2638024885416898,-0.8036612908751883,-0.1035484832504671,-0.33239718205494984,-0.5811310542328463,-0.9223308922511192,-0.635754044465484,0.12214944469431245,1.2941032399401495,-0.2706882785040748,0
-0.3291993166277972,-1.1069805240255675,-0.4445202009343899,-0.13478617003801185,1,0,0,1,0,0,0.2363566035908452,-0.5408393492193319,-0.5536240695330674,-0.03795458227740351,-0.8437555753705259,-0.38661118041861436,-0.6278378441838841,0.6532288920020085,-0.17141553076509264,-0.04713221215505974,-0.6572062839445577,0.3094455482932094,0.0037932521494111076,-0.045316941195645985,1.078411360029595,-1.2946746043387427,0.9432152583149779,-0.31136440387016945,-0.67984341407292,1.0963072413460702,0.8277436519159311,0.18375167220847508,-1.066692346407419,0.9989486821863631,0.5504136182243999,-1.0963072413460702,0.6798434140729193,-0.11896988561082296,0.8662627627365218,-0.2821865846279648,-0.8838047933409655,-0.5112890635057554,0.038025250046078915,-0.7910682597479163,-0.5962450189412776,-0.29429738304996345,0.6396503041450882,0.04820472807728505,-0.3415203984652251,-0.8145239388296306,-0.4146374576327655,0.5380035976561225,-0.7833178721512579,-0.3759724034796717,0.22417816752487937,1
-0.9717058755587404,0.43908543426214564,-0.15484123025532542,-0.4281154315628296,1,0,0,1,0,0,-0.4955417426488382,-0.11927209241011955,-0.1442422641769629,-0.4192847039215727,0.46892296877492134,0.23230350960359808,-0.3622398260624344,-1.8261261197633498,0.9177383558018882,-0.5449954208323374,-0.20805787421607316,0.8128349836012085,0.43533286529836507,-0.7738802373732057,-0.9288427850226666,0.02659758673249892,-0.8114640756867242,-0.3860687799039714,0.6449554257048498,0.4689510326955308,-0.2695487187957227,1.5759210969392283,-1.2278510671934166,-0.06838023351901512,-0.10643559506939052,-0.4689510326955308,-0.6449554257048504,-0.5089050763265954,-0.5596729573423944,1.4554568102731822,1.248077788278137,0.8029685146244333,1.2667200084961745,1.4925896140337656,1.2309045656991897,1.0079356506638961,-0.22078545442469194,1.5657368413548085,0.1876261533306929,-0.4903671546674297,-0.48232991558187904,1.2041903675089267,0.03983423407198747,0.29205785388825667,0.40975308478573785,1
-0.12359721776989524,-1.3131226517972627,-0.4445202009343899,0.3052077222492148,1,0,0,1,0,0,-0.15483044353726144,-0.4105896036672442,-0.13144908275958464,-0.4250712004563856,0.024291240361001047,0.012731896308145543,-0.16150803004322623,0.39925203270808857,-0.04054850905237844,0.6980580555891427,-0.01932550553085911,0.7403383264336636,0.7310664946843759,-0.0026542826418779267,3.1593044137045307,-1.1481936177717218,1.1541000432305908,-0.3853073184984433,0.5209310369862826,0.4930801176436278,0.22192871937517122,2.616935862676729,-1.0983926842325136,0.20135444894895088,-0.3510534988539668,-0.4930801176436278,-0.5209310369862833,-0.23037994010104354,2.2921984828154374,-0.8826288048555859,-1.2714198081808024,-0.8355863879794388,-0.7180946013078251,0.5138790966987595,0.2896456887631914,-0.9144083514851348,0.08453045990652028,2.1727496866658176,-0.40538291333714505,-0.8793552956620708,-0.7530997473783346,0.1890486229713212,-0.5363722402842841,-0.3759724034796717,-0.5181215015185524,1
-0.020796168340944693,-0.10203765113855341,1.7280720791585935,0.5985369837740325,1,0,0,1,0,0,0.3499270366280375,-0.5734017856073538,-0.7455217907937414,0.36999342342690494,-1.5556644020552857,-0.7269248213918107,0.107006633642606,0.4770189128471557,-0.24245388972375637,-0.9651171351971893,-1.13575055597353,-1.0911506498901862,0.13820302915895474,-0.0937909594850607,0.4456690594138155,-0.8857331512193999,-0.06752490107023221,-0.5909801721538215,-0.974766068754056,-0.5214382267650228,-0.24251015052263022,-0.20826194794371172,-0.5586338076902673,1.2368544494691387,0.8995542340938453,0.5214382267650228,0.9747660687540554,-0.09111737198826762,0.41596727218528484,0.018034525485845748,-0.44450777652248397,-0.4430159425639276,0.29006520049738066,-0.46483142063624716,-0.04256332662598434,-0.10826409251941274,-0.3318094232724056,-0.3311783002420958,-0.44187577897824326,-0.6459624110652865,-0.1607907403235886,0.15732544345452057,0.03983423407198747,-0.2089648391376897,-0.08511336124321738,0
-1.3829100732745436,-0.7462318004251005,-0.15484123025532542,-1.161438585374874,1,0,0,1,0,0,-0.6722068607066928,0.30229516439909276,0.6105554394483548,-0.6079244909564728,1.42373288535585,0.7023030321565932,0.4308542430604591,0.5262426473007032,-0.994259154004102,0.4028561415808249,0.6634683285462346,1.6327435835375164,-0.18854893067613793,0.007603815543966129,0.6281560901940375,-0.4882380833200739,0.4979144557015875,0.7864274132601131,-0.07652239220166908,2.3027614887509538,-0.5915156702322403,-0.09301156686377242,0.8685533831670172,-0.05050920614036052,-0.09474801773906164,-2.302761488750954,0.07652239220166766,0.1317027369921738,0.7912135143113154,0.527500651739586,0.17567624722125458,0.3762615087380082,1.2667200084961745,-0.46483142063624716,-0.4855086804782194,0.8839134569768611,-0.19302946221276363,0.5793409677244183,2.112624815898597,2.3622125459599386,2.1915221734081167,0.41111087958892223,-1.0302635040182315,0.013711913318286572,1.3994859768436472,1
-1.5628119097752085,-1.3646581837401863,-0.8790386569529866,-0.13478617003801185,1,0,0,0,1,0,-0.38197130961164594,-0.27917691395844146,-0.4128990739419065,-0.26015604921421837,-0.029844221180709164,-0.013652472702916979,-0.14332351132555485,-1.0936946927912439,1.962522125259214,-0.08811262666309695,0.1744640079840961,1.7957331658734017,0.664823221166879,-1.3060473093214815,-0.12532409440448042,2.182756956764487,-1.1293714847044736,-0.7747108918080442,-0.2947266082233409,2.7414721241709104,-1.105692251408698,1.3755833626328022,-0.48937325283984046,-1.0008309576967978,-0.9831661555329667,-2.7414721241709112,0.2947266082233402,-1.1216603760228097,0.26586877533487285,1.2462117941332536,2.3721613313136634,1.6393142461618264,-1.1591645145976028,1.0847935651441794,1.397009073393778,1.3179911348814817,-1.1089772052064004,0.9587239960437993,-0.642586540004281,-0.7756251247301669,-1.0746389226366257,-0.28679906978068154,-1.3595243465075295,-0.2089648391376897,0.038603250264021984,1
-0.9974061379159777,-0.9266061622253344,-0.4445202009343899,-0.4281154315628296,1,0,0,1,0,0,-0.7605394197356201,0.5988459243614352,-0.06748317567269331,-0.4343295949120862,1.5260239848011166,0.7962134981281717,0.5114085543886736,-0.7333352255207563,-0.8394527899236404,0.8344292161651623,1.4666070606541257,-0.20251412609078706,-1.8412486765148908,0.07941958389876799,-0.4476205273910436,-0.2421589937084435,0.8280697139515595,1.6305795148181799,0.4407888507730546,-0.7133741297612556,-0.6317709314827503,0.5581091932744677,0.9042136507078866,-0.30616028461447015,-0.31471747767703084,0.7133741297612556,-0.4407888507730553,0.0759977097470634,-0.40957446049198204,0.03622974428062242,-0.09565426316663046,0.2397152668543526,1.2037100208833493,-0.7910682597479163,-1.0391903727935126,0.3258135853852078,-0.44283339212011924,0.8828473903799233,0.9174834661526473,1.298978293907919,1.0745966172477384,-0.3502454288142823,2.097714499630101,1.795125932966095,0.7809029193074537,1
0.2619067175886707,-1.4934970135974959,0.5693561964423357,-1.6014324776621007,1,0,0,1,0,0,-0.6848257977108253,0.323228159219964,-0.1826218084290977,-0.4036611632775779,0.966495212783921,0.5605429478090199,-0.057420241178579794,0.12985342450313112,0.6440689968038542,0.036220360987939716,-0.09045828816144492,-1.005105235922967,-0.5136261010704932,-0.6410979755281748,-0.6246127027106223,1.145097794536756,-0.12795108129623606,0.12505953790321014,-1.2890243254862828,-0.09240503183227083,-0.5607333001982581,-0.8039511941334082,0.270248955629141,-0.1758054729115391,0.23969650279032445,0.09240503183227083,1.2890243254862819,-0.8988402670423681,-1.009968447893631,-1.7196088694153011,-1.0000892977929163,-0.9892009100985523,-1.852274378338682,-1.6882195673050053,-1.482135726645747,-1.534519319920306,-0.49834537654397587,-0.7105613285614767,0.1876261533306929,0.30057539868834077,0.2115177783965368,0.2524949820049213,-0.04248097655033679,-0.09762646290970158,0.2860364732784985,1
-1.3315095485600683,-0.6946962684821769,-1.168717627632051,-0.13478617003801185,1,0,0,1,0,0,0.17326191857018283,-0.5361875725924716,0.08603500133584588,-0.4962451078345841,-0.06262027827741064,-0.028857024336410634,-0.7229171984548718,-0.6041322485607966,0.5512246987824444,-0.7775293027319017,-0.7075337689423392,-0.7269320471122191,0.6517531519179933,-1.0712502742702839,-0.11147246554934817,-0.4890880565204176,-1.240111693539126,-1.9004644563637287,-1.582687512778244,0.5782415939310317,-0.06514668968659858,0.7175198017148141,-1.2450289587029804,-0.17928160122361605,-0.9356050944728288,-0.5782415939310325,1.582687512778244,-1.0938078624002545,-0.3345252120667762,-0.7279694450999874,-0.8450432918569822,-1.2281568333949502,-0.9701345517591269,0.02452383803125581,1.009431888773073,-0.728375060954584,0.1400424443303771,1.0346006017076752,0.8809906005115491,0.028283699992091807,-0.0423289389126401,0.9821281108913258,0.4514102871836102,0.848749735028197,0.34789477903211874,1
-0.9717058755587404,-0.3339475448817109,-0.15484123025532542,-0.4281154315628296,1,0,0,1,0,0,-0.4955417426488382,-0.11927209241011955,0.2267599969270068,-0.5355932842713117,0.7436217407262786,0.32218924131925175,-0.573613507066759,-1.6305505149789679,1.169417200846475,-1.2256679320743242,0.07975310051400257,1.2769059912570024,0.8837444832426016,-0.7574789439176994,-0.90610428332884,0.04281360122556621,-0.8199028399536656,-0.3010390278372846,0.7869085454439438,0.9611011618955224,0.04075950921689233,1.3302663734617186,-1.5556089489615286,0.8427966816471594,-0.3975889548439186,-0.9611011618955224,-0.7869085454439446,-0.5089050763265954,-0.5596729573423944,1.3371878881071357,1.1576342848155081,0.7176271134471482,1.2667200084961745,1.4110304042558486,1.0648000580046022,0.8839134569768611,0.0012624832707351544,1.1863538130354276,-0.10431677179808911,-0.8793552956620708,-0.5330992590437151,0.37938770007212164,-0.9479482933959068,-0.6543183440496418,-0.1469716669968365,1
-0.12359721776989524,-0.10203765113855341,-0.4445202009343899,0.5985369837740325,1,0,0,1,0,0,-0.15483044353726144,-0.4105896036672442,-0.7455217907937414,0.36999342342690494,-1.1907743066096708,-0.6017108667630394,-0.06855561454751767,1.974852792604781,-0.45973451270492166,0.09722946216886082,-0.7024035877311582,-0.09532953604619866,0.46609454245162185,-0.17438362561584558,2.590644836282104,-1.1242412053792719,1.3903623633962068,-0.037438738289004285,0.46109514795545875,-0.5873266710771624,-0.07891381315875037,-0.11529630851790208,-0.5012815099326708,1.247308788792924,0.8766074238638677,0.5873266710771624,-0.4610951479554595,-0.3139374809687093,1.9920014891146134,-0.6278957417287164,-1.0646918002662225,-0.5454256239766699,-0.40304466324369825,0.4323198869208419,0.2342775195316623,-0.4803306735805153,-0.19302946221276363,-0.2553016945782196,-0.4601222117987924,-0.6329961396987983,-0.14386762583630988,0.062155904904119784,0.12214944469431245,-0.15329565102369538,-0.08511336124321738,0
-0.9717058755587404,-0.10203765113855341,-0.15484123025532542,0.5985369837740325,1,0,0,1,0,0,-0.4955417426488382,-0.11927209241011955,-0.7455217907937414,0.36999342342690494,-0.7344913508946546,-0.37766732651655927,-0.5842422107400063,-0.5589550304309732,0.48447058085402717,-1.4422635416354561,-0.8150569473528979,0.1332408137241823,0.6587193031877174,-0.8915745075017887,-0.9560146015672228,0.05626234581860427,-0.8636167717426521,-0.3833592909548563,0.7808658909541826,-0.5927287050207662,-0.07844772672751425,-0.19053112008526027,-0.605749282260235,1.0920573901094626,0.68533821697334385,0.5927287050207662,-0.7808658909541832,-0.6203151308168162,-0.5596729573423944,1.6010185606313942,1.3902032937194106,0.9053781960371756,1.3927399837218248,1.7372672433675176,1.397009073393778,1.069946747507413,-0.08200549336504998,-0.17942508891434333,0.0051618251252043045,-0.30883935553659736,0.12690220596014448,0.4428340591057229,0.28677986593896093,0.013711913318286572,0.22417816752487937,0
-1.3829100732745436,0.28447883843337485,-0.15484123025532542,0.3052077222492148,1,0,0,1,0,0,-0.6722068607066928,0.30229516439909276,0.07324181991846762,-0.4950878085276215,1.1245638966763813,0.615100456611556,0.39702032281408917,0.8136867642247155,-0.4382316214545545,0.8410259405470021,0.9017002324571548,0.12703327269443257,-0.963720049157303,-0.14048054519215047,0.5721943309339752,-0.41414481762874317,0.23551237828428023,0.5916901309171491,-0.3224700655433951,0.4930801176436278,-0.6924329289434527,-0.543598900122088,0.18290170563166636,-0.9026417443802431,-0.5945842141320079,-0.4930801176436278,0.32247006554339436,0.10385022336961848,0.9413120111617277,1.0460643873907127,0.6408142650290589,0.7176271134471482,1.6132749403667133,-0.46483142063624716,-0.3747723420151606,1.3800022317249987,-0.6371253376036178,-0.482931511569848,0.10551720563822252,0.1838789563899486,-0.194636969298146,-0.0012904541294803558,0.12214944469431245,0.4033962301162448,0.038603250264021984,1
0.2619067175886707,0.5421564981479937,0.5693561964423357,-0.4281154315628296,1,0,0,1,0,0,-0.6848257977108253,0.323228159219964,-0.4512786181940413,-0.1855102439151321,0.6343575162504046,0.3919513017552815,-0.18947882122210305,-0.6023496840060696,0.9473999468320148,0.07113990756818808,0.6866993286383717,-0.7214852942864469,-0.8852994332656732,-0.3194287639261355,-0.8626994096857648,1.1923990092693775,-0.26273936892213234,0.235558422433826,-1.1598770966922176,0.16633209230480636,-0.05569454386541787,-0.03748948546759807,-0.09688145561180679,-0.35663328623771906,-0.6627658072121918,-0.16633209230480636,1.159877096692217,-0.6481676444393714,-1.1600669447440433,-1.6286327754414192,-0.8967252938356269,-0.9379960693921812,-1.6632444155002057,-1.5251011477491712,-1.3160312189511594,-1.4104971262332722,-0.05424950115312168,-0.02767187758659086,0.03253147435602734,-0.02358138547386016,-0.1607907403235886,-0.28679906978068154,0.03983423407198747,0.1250502895462747,-0.5181215015185524,1
-0.09789695541265715,-1.3904259497116478,0.5693561964423357,-0.13478617003801185,1,0,0,1,0,0,-0.7226826087232228,0.3691644534102092,-0.6943490651242283,0.30344871327655676,0.23076484661749921,0.04940169730657143,0.006287752365961011,-0.7406300158487629,0.04119358951922255,0.19941940907287214,-0.24831647035686097,0.6096350465911378,1.0411933962513371,-0.1298109772823153,-0.4385464905582249,-0.4533296573786057,0.9855483091247078,0.592097034277649,0.8063022000563537,0.031788787753525546,-0.13844887171013193,0.5772116928339001,-0.5118656035861998,0.70785007662168,0.9008910846380693,-0.031788787753525546,-0.8063022000563543,-0.06326485836571254,-0.3345252120667762,0.28186519801010423,-0.0052107597040024186,0.39332978897346543,0.4790951633358572,0.5954383064766764,0.2342775195316623,0.3258135853852078,-0.026493508941193386,0.7310941790521709,0.48869229486974886,0.13201387092399572,0.4145951522438788,1.2359135470257274,-0.9479482933959068,-1.0440026608476,0.7809029193074537,0
1.9067235084518848,-1.4934970135974959,-0.4445202009343899,-0.8681093238500562,0,1,0,1,0,0,0.5013542806776271,-0.5989865570550853,-0.630383158037337,0.07083155257707874,-1.1784697024237138,-0.5154026766082077,-0.044080027571231466,-0.23859758428894987,0.9971132338961373,-0.4764594356704917,0.2783720351688241,0.1301511773911841,-0.08987031048551597,-1.1920358833785698,-0.35885889519701675,0.9490142075794525,-1.4253267790704252,-0.8998423529318943,-0.5029586926677684,0.6763389906671557,-1.1297738579768408,-0.03201429105163353,-0.409419438191016,-0.7696636765351613,-1.2404181967937422,-0.6763389906671557,0.5029586926677676,-1.1216603760228097,-0.3345252120667762,0.00893691608845806,0.49868875958778525,-0.135786898325702,-0.5920746260821743,0.35076067714292497,0.6772228733838963,-0.10826409251941274,-1.1089772052064004,-0.17942508891434333,-0.4509989953885172,-0.5811310542328463,-0.8207922053274488,-0.6040308649486834,0.12214944469431245,0.514734606344233,-0.5799798072721716,0
-0.6890029896291251,0.0783367106616796,-1.6032360836506476,-1.6014324776621007,1,0,0,0,1,0,-0.5586364276695006,0.0016740998882475702,-0.5408308881156891,-0.09292629935812594,0.0728498120569236,0.07310291014701742,-0.4418798369048799,-0.7200405602086871,-0.13453354619457672,-0.24019738306093008,-0.11575701921466322,-0.403590641824987,0.030186819521838968,-0.7354903626348483,-0.34006711954814656,0.3463893143686119,-0.8083895447840279,-0.40030639816843056,-1.6504213207283431,1.0864182721050466,-0.12044863456201499,0.6476064908273886,0.5319997198307891,-0.47709406640492813,-0.2403314902023605,-1.0864182721050466,1.6504213207283416,-0.7874302125521474,-0.4846237089171882,-0.5824076947417753,-0.3282232720705331,-0.6136987449184976,-0.49755964466293656,-1.1173050988595852,-0.5408768497097485,-0.29429738304996345,-0.22078545442469194,0.4275877563966659,-0.42362934615769415,-0.10137901367278856,-0.2792525417345383,-0.635754044465484,-0.8656330827735822,-0.48731077970765985,-0.08511336124321738,0
-0.27779879191332196,-1.1069805240255675,-0.15484123025532542,-0.4281154315628296,1,0,0,1,0,0,-0.016022136491804253,-0.4512926491522716,-0.6047967952025805,0.05347206297264009,-0.7871816369767712,-0.3883999511990254,-0.9285638150745316,-1.082707804708029,0.08634108411645199,-1.5265923303904136,-0.9585908155436512,-0.958044899305744,1.1738350068429257,-0.8409732132299564,-0.22853326230796286,0.08094174821871787,-1.238478861689121,-0.7253054169661485,0.08301123374971872,-1.3889885083079905,0.45090006283638817,1.2571108352224047,-0.03669250346325779,0.8342733117380888,0.5380954376940383,1.3889885083079905,-0.08301123374971872,-0.8152827261747027,-0.25947596364157,-0.1457224436671417,-0.08273376267196997,-0.5624939042121272,0.038025250046078915,0.758556726032511,0.7879592118469556,-0.35630847989348147,1.0837461795359422,2.2486262923296945,2.2221034128218906,1.8565279626669051,2.174599058920838,1.489698983160128,0.9453015509175579,0.29205785388825667,1.9562107286262216,0
-0.2006980048416086,-1.1069805240255675,-1.6032360836506476,-0.13478617003801185,0,1,0,1,0,0,-0.2684008765744537,-0.37221244649564694,-0.5536240695330674,-0.0842465545559066,-0.42509869784254545,-0.22114988323059512,-1.048893775324402,-0.26665935631221743,1.7709997690703427,-1.7506079635206624,-0.6707082308188144,-0.21179325139625726,0.08844778927448957,-0.7287989659910525,0.3779134719764323,1.0122204726517432,-1.4526922895173022,-0.7065245034286399,-1.2379708116036303,0.9389436438584764,0.7303049878521177,0.7445837552122474,-1.4038320563178632,0.9244936116629465,0.18216988488555821,-0.9389436438584764,1.2379708116036297,-0.7874302125521474,0.11577027848446049,-0.6187981323313287,-0.04397226118798574,-0.6136987449184976,-0.844114576533476,-0.7910682597479163,-0.319404172783631,-0.4803306735805153,0.6396503041450882,0.6552175733882943,-0.08607033897753999,-0.7885913960966542,-0.4146374576327655,0.7600658542737248,-0.4540570296619595,-0.04195727479570725,0.34789477903211874,0
-0.8689048261297889,-1.596568077483343,0.5693561964423357,-0.4281154315628296,1,0,0,1,0,0,-0.5460174906653681,-0.03379569689156202,-0.2977604411855021,-0.3631556875338877,0.41572139943801395,0.2546631443587358,0.403074542733396,0.1801617156890243,-0.32901780770036104,0.7914210510015823,0.8507262800538083,0.8909446875635746,-0.3114129097153411,-0.5175375291151215,-0.6523023967076231,0.8945740875511291,-0.21457541350056228,0.5805886751511881,0.5061221547512287,0.7131765006161427,-1.0776023647262118,-0.9007398301999819,1.3487390508809656,-1.2819280886214999,-0.539153990341577,-0.7131765006161427,-0.5061221547512293,-0.3974950218363748,-0.4846237089171882,0.5093054329448095,0.9250652759116064,0.785900234388976,0.25856020669096863,0.18764225758709038,-0.04256332662598434,0.6978801664463103,-0.9424412519348303,-0.7105613285614767,0.6164173246135901,1.2730457511749436,0.5838262971166633,-0.3185222492974822,-0.12479618717266176,0.23638866577426285,0.34789477903211874,0
-0.48340089077122306,-0.05050211919562982,-0.4445202009343899,0.3052077222492148,1,0,0,1,0,0,-0.16744938054139394,-0.40768224327545655,0.6745213465352461,-0.6119750385308418,0.5266440042877758,0.15941110030184907,-1.0487998247770352,0.6548911680898795,-0.32166909881337946,-1.649626141482732,-1.2728898402730162,-1.1474524949759688,0.6015672191961373,-0.7679139255227384,0.02873137144071211,0.15483173078002224,-1.762240140859145,-1.1786395588597027,-1.0827475017179835,-0.4911325578708816,0.6910911406424434,-0.8700762234450257,0.5953233915752186,0.48113133431187194,0.504107007712342,0.4911325578708816,1.0827475017179828,-0.7874302125521474,-0.10937746679115769,-0.4004555067940112,-0.26362076959722697,-0.9209277891567239,-0.24551969421163483,-0.38327221085833024,0.12354118106860354,-0.6043528672675491,0.44535835866158957,-0.9381911455531051,-0.5604775923118106,-0.1921429132382052,0.008440404549195996,-0.794369942049485,-0.4540570296619595,-0.7099875321636356,-0.8274130302866491,0
-0.9717058755587404,-0.12780541711001567,-0.15484123025532542,-0.4281154315628296,1,0,0,1,0,0,-0.5081606796529707,-0.10764265084296887,-0.19541498984647596,-0.4001892653566902,0.44498297934688336,0.22649000456726226,-0.46496097598649877,-2.3379724154455577,0.8773045573450984,-1.5680433915211203,-0.18507019622161727,0.09909933806056097,0.03692379725388391,-0.918258568765432,-1.1588662875628868,0.11378174046818698,-0.7493329729922381,-0.3085890528890987,0.4073962731842086,-0.26889098598050765,-0.2709735868853964,2.048013705745482,-1.0849650436660854,1.3752997112081378,-0.06067682908109217,0.26889098598050765,-0.40739627318420935,-0.6481676444393714,-0.7848207026180125,1.619213779426171,1.4418852956980555,1.0077878774499178,1.3297299961089997,1.247911984700014,1.1201682272361313,1.2559800380379649,-0.3040534310604773,1.793366658346437,-0.19554893590083341,-0.7107937678977266,-0.1777138548108673,-0.15990635171348128,0.4514102871836102,0.3477270420022505,-0.08511336124321738,0
-1.3572098109173063,-0.02473435322416849,-0.15484123025532542,-0.8681093238500562,0,1,0,1,0,0,-0.36935237260751347,-0.2640586399211456,-0.46407179961141953,-0.15657776124106768,-0.1277694200011018,-0.08207295505363843,-0.35007911303785716,-0.5837872765399802,0.02414951934376296,-0.28135701577099775,-0.01322700623754686,-0.4318770446482926,0.044008420311203646,-1.1006250007418923,1.249118312151435,-0.4136105131113185,-0.9775350432504312,-1.0324993681820345,-2.104772194525814,1.4984586571476979,-0.6129380039228556,2.0526056619754747,-0.4486518791876627,-0.5892118388754334,-0.9908389174198531,-1.4984586571476979,2.1047721945258133,-1.1216603760228097,0.7912135143113154,-0.7552622732921518,-0.8321227913623208,-1.1257471519822078,-0.4660546508565234,-1.0357458890816678,-0.1532996650890431,-0.29429738304996345,-0.6371253376036178,1.717490052682561,-0.33239718205494984,-0.5033334260339178,-0.685407289429221,-0.3819686083310823,-0.9479482933959068,-0.3759724034796717,-0.6418381130257917,1
-0.4320003660567478,-1.41619371568311,-1.8929150543297122,0.3052077222492148,1,0,0,0,1,0,-0.33149556159511606,-0.3169725990516812,0.047655457083711085,-0.4887226623393273,0.36641973498137914,0.13392111668099205,-1.3022967143063329,-0.9735420271297622,-0.11660350365557501,-0.7421864093891037,-0.4144505493370732,-0.9045209445396287,0.021173363620838853,-1.0621401935177772,-0.2358509918621496,0.15918551763127936,-0.5130219897434034,-0.2741385682082406,-0.3471945350124867,-0.8893153741744672,0.7495973161131507,1.0999466387247014,0.3193669891643067,0.49394213403936155,0.2711630571412106,0.8893153741744672,0.347194535012486,-0.9266927806649233,-0.03432821836595151,0.6366719645082435,0.6278937645343975,0.3762615087380082,0.41608517572303205,0.4323198869208419,0.6772228733838963,0.9459245538203791,0.7506742729928018,1.1104772073715516,0.1876261533306929,0.3265079414213163,0.5161338391675497,-0.28679906978068154,0.5337254978059351,0.1250502895462747,-0.08511336124321738,0
0.5703098658755232,-0.30817977891024867,-0.4445202009343899,0.5985369837740325,1,0,0,1,0,0,-0.4703038686405733,-0.13962361515263325,-0.3233468040202586,-0.36199838822692515,0.2325086281867526,0.17237968845982896,-0.662445654865471,-0.8097829663328083,0.9817842603016068,-0.695112787200201,-0.8747042584077858,-0.19362501862355416,0.2367892113322843,-0.05598923916846307,-0.10188799039231773,-0.08403674732764403,-0.1482417912614211,-0.4891995372319618,0.513835114248652,-0.7736968421314995,0.8652030207296105,1.0093833825965128,-1.4265808003909746,0.7920585079431669,0.6595502422721131,0.7736968421314995,-0.5138351142486527,0.04814519612450831,0.04072103005925432,0.4456221671630917,0.33072225315718967,0.2567835470898098,0.006520256239666901,0.35076067714292497,0.12354118106860354,-0.23228628620644656,0.7506742729928018,0.8828473903799233,-0.12256320461863823,-0.8274902101961188,-0.4992530300691578,1.2993599060593275,0.36909507656128593,0.013711913318286572,0.16231986177126023,0
-0.4320003660567478,-1.4934970135974959,-0.15484123025532542,-0.8681093238500562,1,0,0,1,0,0,-0.6343500496942954,0.20053755068652426,-0.630383158037337,0.07083155257707874,0.06623390553984086,0.09948727915807995,1.0411417201034174,-0.3684716545218363,-0.12088153323369015,1.2825432460160002,1.5172368486026675,0.17514171567498973,-1.1924313041779118,0.41151069740884694,-0.6316610226546864,-0.521614721555462,0.7374476987190668,0.8966232770933475,-0.16027754582615011,0.39783372969061137,-1.036556265835099,-0.12704523644442595,-0.3589233853454714,-1.0013926680825358,-1.0971040948008857,-0.39783372969061137,0.16027754582614942,0.04814519612450831,-0.8598699510432187,-1.0918738209955157,-1.1551353037288514,-0.8526546682148961,-0.08799472517957138,-1.0357458890816678,-1.0945585420250417,-0.9144083514851348,-1.053465220782544,-0.3311783002420958,-0.669956189235104,-0.7367263106307022,-1.0407926936620688,-0.5088613263982832,0.12214944469431245,0.3477270420022505,-0.8274130302866491,0
-1.691313221561397,-0.10203765113855341,0.5693561964423357,0.3052077222492148,1,0,0,1,0,0,-0.34411449859924853,-0.31115787826810587,-0.4768649810287978,-0.15657776124106768,-0.1840083785988379,-0.11829556335696156,-0.38705410519148287,1.408986824970656,-2.391078889306462,-0.07690817685135376,-1.3681808966924682,-1.0260902182029403,0.9438855016590264,-0.48052947472254554,1.6112924826875195,-3.257839233710698,0.27334494372379536,-1.6111701537570868,-2.221829835916402,0.8041191033027003,0.05806876597368499,-0.31972119806707405,-0.005129301762390847,0.3749421523297453,0.20570810736108486,-0.8041191033027003,2.221829835916401,-0.24894828251608053,2.067050737539819,1.0976175073092482,-1.0043961312911374,-0.8583440949600482,2.222371487290692,-0.08422177500596675,1.397009073393778,1.069946747507413,0.08453045990652028,-0.2553016945782196,0.16025650409986858,0.13201387092399572,0.27921023634565156,0.030432725387320277,-0.6186874509066087,-0.32030321536567735,0.34789477903211874,0
0.4161082917320974,-0.8235350983394863,-0.15484123025532542,-0.13478617003801185,1,0,0,1,0,0,-0.7731583567397526,0.6104753659285859,-0.5024513438635544,-0.12185878203219036,1.1227579225465028,0.5636732966747392,-0.5479709521246652,0.1509193932634879,0.5105418633071059,-1.0978070316827837,-1.044902739898053,-1.1251690143563564,0.275156832361562,-0.7364464420533374,-0.4843108172488426,0.18122101026620335,-0.4564878958389734,-0.06497491121732968,-0.2548898489945435,-1.2817996886347096,0.026118340405372913,-0.6923135484794553,-0.5158181919645478,1.030420891799455,1.2949893825239474,1.2817996886347096,0.25488984899454276,-0.7595776989295921,-0.5596729573423944,-0.4004555067940112,-0.25070026910256554,-0.40887938209301433,-0.18250970659880966,-0.8726274695258333,-0.8730858650989243,-0.4183195767369984,0.029018475482663446,-0.6346847228976005,0.05990112358685037,-0.21807545597118072,0.19459466390925928,1.0455744699249259,-0.4540570296619595,-0.9883334727336057,0.22417816752487937,0
-1.5628119097752085,0.2587110724619126,-0.8790386569529866,0.5985369837740325,1,0,0,1,0,0,-0.356733435603381,-0.27917691395844146,-0.7455217907937414,0.3931394095661565,-0.9594571045273151,-0.518533025473927,-0.47652721602386683,0.3658855315812569,1.208244439302616,-0.3639907273087308,-0.24970348333402453,0.988992403819399,0.6605336543996506,-1.1610226369240608,-0.4262426093250244,2.686627082081033,-0.8532993348905196,-0.05146964963211652,0.19616880564547262,1.1543098493943817,-0.49745744506227446,-0.9291898636352447,1.0480904952083743,-0.3543890239150884,0.27437666269193567,-1.1543098493943817,-0.19616880564547334,-0.9823978079100336,-0.10937746679115769,1.0642596061854894,2.488445835765615,1.8953384496936814,-1.222174502210428,0.9216751455883455,0.8986955503100138,1.3800022317249987,-0.6648813298155464,-1.0899443568808573,-1.0348848456460813,-0.41256952646850126,-0.5161761445564365,-1.0798785577006862,-1.277209135885205,-0.9883334727336057,-0.76555472453303,0
-0.04649643069818187,0.2587110724619126,0.27967722576327125,-0.8681093238500562,1,0,0,1,0,0,0.6780193987354818,-0.6175936635625264,-0.6431763394547153,0.19639852738251837,-1.2977568055516466,-0.6267536576887937,0.5746896502231972,-0.28186521139917997,1.2695350238182128,-0.06719569776246037,0.35800747139239,0.17154437681463092,-0.3109933823472857,0.7762913967716438,-0.9484610761178563,0.612921704530683,0.5593609956936108,0.6597311374334489,0.6225629626478131,-0.3834842964864804,-0.023458731240857896,-0.5632786366300118,-1.1195697041250607,0.6454298408169414,0.17867180288557782,0.3834842964864804,-0.6225629626478137,0.6330479821981672,-0.9349191994684248,-0.24579614703841146,0.09815324425328795,0.32505666803163763,-0.5290646384693491,-0.13859458152457876,-0.4301405112466897,-0.4803306735805153,-0.27629743884854874,-0.7864379342253526,-0.998391980004983,-1.3461410648556402,-1.057715808149347,-0.0647368131630805,-0.12479618717266176,-0.32030321536567735,-1.0129879475475077,0
-0.12359721776989524,-0.978141694168258,-0.4445202009343899,1.0385308760612593,1,0,0,1,0,0,-0.1800683175455264,-0.40477488288366886,-0.8094876978806327,0.7056102224460523,-1.6997475484068099,-0.8566107029716095,-0.349806978958797,1.8890646780360578,-0.7388504295629369,0.5461202698654849,-0.44491828014460044,0.4684480293306438,0.9651785292522028,-0.32386391828617866,1.7512109897541255,-1.2427645532988405,1.4605284943473267,0.06515821256176847,0.6912331826893887,-0.04664941409013511,0.16281410830882426,-0.8384758288368253,-0.23882523546026677,0.7104618019691594,0.6420298670395784,0.04664941409013511,-0.6912331826893894,-0.3696425082138195,1.4666567501381707,-0.2821865846279648,-0.8579637923516437,-0.3064697006802721,0.006520256239666901,0.5954383064766764,0.2896456887631914,-0.29429738304996345,0.1400424443303771,-0.7864379342253526,-0.0039613912850709025,-0.127311556405765,0.1607484349347019,0.31594134103852145,-0.6186874509066087,-0.7099875321636356,0.2860364732784985,1
-1.3572098109173063,-1.0039094601397194,-0.15484123025532542,-0.4281154315628296,0,1,0,1,0,0,-0.36935237260751347,-0.2640586399211456,-0.7839013350458762,0.5812005469475753,-1.2088104254553331,-0.6522436413096506,-0.9398831140505812,1.5264073598286951,0.23908935607458806,-1.3538597071765286,-2.0688973840269766,-2.285211820137669,0.724147235181344,-1.2106462731590695,1.463832003528206,-0.4344112451266396,-1.0924676201066035,-1.3559995871356323,-2.3498765620089648,-0.7861774033115495,0.09726685784850446,-0.6286072380724074,-0.7633845661863043,0.745704929303263,1.3657982525469952,0.7861774033115495,2.3498765620089634,-1.2052179168904753,1.0163612595869336,-0.6642861793182697,-0.7675202888890147,-1.1086788717467513,-0.5920746260821743,-1.0357458890816678,0.012804842605544792,-0.29429738304996345,0.11228645211844858,-0.5588081172337243,0.12376363845877164,-0.2958730841701091,0.008440404549195996,1.6165917012273294,-0.28942660841731066,-0.6543183440496418,0.34789477903211874,0
0.5189093411610479,0.5421564981479937,-0.8790386569529866,0.5985369837740325,1,0,0,1,0,0,-0.571255364673633,0.049354810313565374,-0.7071422465416066,0.3613136786246856,-0.37968226651564924,-0.2412735545102191,-0.16162318288309238,-1.375657826996266,0.18833603122735423,0.015023328940029456,0.7956917876028298,-0.5918800545062491,-1.643773742319261,-0.576531483398259,0.40140194877664065,-1.0480870979483918,0.22936027268365664,0.17115620221196137,-0.007768161614413057,-0.799549433147316,-0.35132249500484114,2.290249200318153,-1.3106881202859184,0.20713417205352275,-0.8673375750484212,0.799549433147316,0.007768161614412348,-0.45320004908148526,0.5660657690356972,0.527500651739586,-0.1344157646506147,-0.03337721691295973,1.3927399837218248,-0.13859458152457876,-0.1532996650890431,0.6978801664463103,-0.24854144663662048,2.400379503657447,0.4339529964081015,-0.3477381696360611,-0.24540631275998087,0.506280418139323,1.933084078385452,1.5724491805101195,-0.20882997275045564,1
1.1614159000919912,-1.41619371568311,1.0038746524609323,0.3052077222492148,1,0,0,0,1,0,-0.596493238681898,0.05516953109714072,0.047655457083711085,-0.4887226623393273,0.8564678947221988,0.420124441546755,-0.7021410231551936,-1.0525516237223476,0.5421534063362498,0.22098879634012242,0.8006508146529457,0.6699309700175251,-0.5098875279063172,0.02110530247150064,-0.12532409440448042,0.8985521450257277,0.8801297865501351,1.2293841504834033,1.7556215933338144,-0.827498180191446,0.9974323542582507,1.3191132091441629,0.1618163810040614,0.5741800235231245,0.15936907104287404,0.827498180191446,-1.755621593333815,0.32667033235006016,0.26586877533487285,1.2462117941332536,1.5969313016339897,1.9636115706355104,0.4790951633358572,1.166352774922097,0.34501385799472056,1.6900577159425842,1.0004782029001573,1.33810702436318,0.22411901897178985,0.2746428559553643,0.49921072468027106,-0.28679906978068154,0.6160407084282594,0.23638866577426285,-0.08511336124321738,0
1.521219573093319,-0.30817977891024867,-0.8790386569529866,0.5985369837740325,1,0,0,1,0,0,-0.81101516775215,0.8546936388387503,-0.3233468040202586,-0.36199838822692515,1.9928395997359325,0.9370791970855394,-0.8885076474335288,-1.1332911662821015,1.6267983846775278,-0.5351658674923987,-0.0057855552857738485,-0.5871232802662572,-0.6664371595439442,-0.09346086316191078,-0.7026387708800638,0.7416413422877222,0.09118145426806501,0.81934442305119,-0.16027754582615011,-0.6418048099999468,1.142106519174974,0.851589595712982,-1.4786098645418981,0.8133885301768213,0.8074518618821463,0.6418048099999468,0.16027754582614942,0.0759977097470634,-0.4846237089171882,0.7185504490847379,1.0284292798688959,1.0248561576853752,0.5421051509486824,-1.0357458890816678,-1.0945585420250417,0.9459245538203791,0.8616982418405155,0.5793409677244183,-0.48749186102961545,-1.1257144516253432,-0.7869459763528921,1.1407440084753266,-0.28942660841731066,-0.5986491559356475,-0.20882997275045564,1
-1.3829100732745436,-0.10203765113855341,-0.15484123025532542,0.3052077222492148,1,0,0,1,0,0,-0.7479204827314877,0.4127748592870243,-0.4768649810287978,-0.15657776124106768,0.9466823663887984,0.438459342045968,-0.09436598744192504,0.1380664609530803,-0.16013971924168055,0.030823549087724264,0.6468004987312616,0.7737983220494536,-0.6268555048166022,0.02996500673368088,-0.11332903159878276,-0.20876818340715353,0.5134631495160205,1.3925557390771013,0.5061221547512287,0.5534028300138731,0.16115888432222003,-0.30303108660281874,0.009124470118395267,0.4675006434018223,0.5186873141977355,-0.5534028300138731,-0.5061221547512293,0.02029268250195297,-0.10937746679115769,-1.6069330893092284e-4,-0.10857476366129187,0.10316902497069583,1.140700033270523,-1.0357458890816678,-1.3160312189511594,0.5738579727592754,0.16779843654230542,-0.2553016945782196,0.10551720563822252,0.09311505682453199,0.27921023634565156,0.2207718024881207,-0.7010026615289333,-0.5429799678216537,0.2860364732784985,1
-0.7661037767008384,-0.8235350983394863,1.0038746524609323,-0.13478617003801185,1,0,0,1,0,0,-0.15483044353726144,-0.41000813158888666,-0.5024513438635544,-0.12185878203219036,-0.44364294265511894,-0.22114988323059512,1.8245377868360462,0.18213462887329177,-0.08730217524014665,0.3174460798087515,0.2797362292096006,-1.1160430146588132,-0.5511015052350907,2.5284339329931993,-0.28806517130201814,-0.6249498474796524,1.271183691769217,1.468881341439695,-0.060099813059615065,-1.462543299520739,-0.01068281255127077,-0.5385628589373047,-0.5086693285900549,0.8316348148560229,1.070405937036652,1.462543299520739,0.06009981305961435,2.52701890853192,-0.18442671521636386,0.30006041680488094,-0.08273376267196997,0.4274663494443799,1.3297299961089997,-0.9541866793037505,-1.0391903727935126,0.5738579727592754,0.0012624832707351544,-0.482931511569848,0.0872707728176734,-0.1921429132382052,0.1438253204474232,0.9821281108913258,0.2044646553166367,-0.4316415915936655,0.16231986177126023,0
-0.5605016778429365,-1.596568077483343,-1.6032360836506476,-0.4281154315628296,1,0,0,1,0,0,-0.7353015457273552,0.3982380573280859,-0.2977604411855021,-0.3631556875338877,1.110896751962668,0.5869273168200825,0.6699931740682668,0.07193125513476598,-2.428835804600573,0.9197672394182504,0.2004260394255564,0.31391522975202707,-0.039180904261668786,-0.29837181723529477,-0.959122899727742,-1.8878606198908712,0.14938582353270177,0.04810196000233104,-0.2682155254971324,0.6941558255444424,-1.2297714221577558,-1.059556170970283,1.4231820529638841,-1.09441777657631,-0.21360146565645274,-0.6941558255444424,0.2682155254971317,-0.17467491285593337,-0.7848207026180125,0.527500651739586,-0.5995537824584191,-0.5112890635057554,2.1488598350757298,-0.05703537174666111,0.06817301183707392,0.7598912632898273,-1.1644891896302574,-1.0140677512169813,-0.11343998820836432,0.6247321828505417,0.10997909147286698,-0.667477223982284,-0.6186874509066087,-0.3759724034796717,-0.332546584257695,1
-0.12359721776989524,0.2587110724619126,-0.4445202009343899,-0.8681093238500562,1,0,0,1,0,0,-0.1800683175455264,-0.40477488288366886,-0.6431763394547153,0.19639852738251837,-0.7472738332558294,-0.46308113128118544,-0.39362090030402114,1.223353265027508,0.2966131005956062,0.673502546419558,0.10602457387724545,0.0875723691737231,-0.1746190814293549,-0.27002746047974685,1.164222981731231,-0.898376229608728,1.6984620871919478,0.31019747792440217,0.07195265285990604,0.048076501797563044,0.2775311867930145,-0.5127977231152064,-1.3082615167953546,0.7743074421053282,0.16501032345683936,-0.048076501797563745,-0.07195265285990675,-0.4253475354589299,0.7161642658861095,-0.7643598826895395,-1.0646918002662225,-0.4430159425639276,-0.5920746260821743,-0.709509049969999,-0.8177176958673952,-0.8523972546416179,0.08453045990652028,-0.6346847228976005,-0.5787240251323598,-1.112748180258855,-0.7869459763528921,0.3476645205553221,-0.4540570296619595,-0.48731077970765985,-0.5799798072721716,1
0.5189093411610479,-1.0039094601397194,-0.8790386569529866,-0.4281154315628296,1,0,0,1,0,0,-0.571255364673633,0.049354810313565374,-0.7839013350458762,0.5812005469475753,-0.8359652222306702,-0.41120677864926586,-0.2099550841192781,0.6427176399391036,-0.22926332051326778,-3.5289175197495933e-4,-0.6600350285650475,-1.2563528226013758,-0.2790521713498864,-0.2527152651340631,0.432678382075592,-1.003202651085948,0.19388686037850522,-0.05405427728031824,-0.23432195700141584,-1.4811177417461794,0.039437540072469746,-0.4487024263757676,-0.6947112763381902,0.19273162580588168,0.8053043820340948,1.4811177417461794,0.23432195700141514,-0.14682239923337803,0.5660657690356972,0.4456221671630917,-0.173177266134598,-0.08458205761933026,1.0776900456576979,-0.13859458152457876,-0.04256332662598434,0.6358690696027934,0.25106641317809053,-0.17942508891434333,0.890113816921823,0.35244048415429274,0.4145951522438788,2.0607162144625315,1.1099319721622063,0.4033962301162448,0.7190446135538346,0
-1.3829100732745436,0.8513696898055362,-0.15484123025532542,-1.161438585374874,1,0,0,1,0,0,-0.7479204827314877,0.4127748592870243,-0.2210013526812325,-0.39093087090098955,1.2829472059552303,0.6195723835625835,0.4932187159575635,-0.08678365337944734,0.905045958683071,0.18115638418444305,0.8111786576656594,0.11095009820826537,-1.0790613371172146,0.021368417580896682,-0.5671733013327224,0.03866449015529085,0.5428667869494466,1.525109660390286,1.2589070016997488,-1.0972459357537168,-0.6644815597433177,-0.4490684746585968,-1.198374060921997,0.2935668254024106,0.43440076163905256,1.0972459357537168,-1.2589070016997495,-0.09111737198826762,-0.6347222057676005,-0.4095531161914002,-0.3282232720705331,-0.10165033785478751,0.6681251261743327,-0.8726274695258333,-1.3713993881826885,0.015758101167622184,-0.6648813298155464,-0.482931511569848,-0.22291858513165644,-0.7885913960966542,-0.6346379459673855,1.109020828958526,0.28677986593896093,-0.2089648391376897,-0.5181215015185524,0
-0.8175043014153137,0.2587110724619126,-0.15484123025532542,0.5985369837740325,1,0,0,1,0,0,-0.48292280564470574,-0.12508681319369488,-0.7455217907937414,0.3931394095661565,-0.7584313403226886,-0.40002696127169696,0.621524042304757,0.0752552703913116,-1.124782756204409,1.0475996477824445,0.7206027527142109,1.5680804507157677,0.061207794903849304,0.23414032013374522,-0.3747863696143815,-0.3713627406216249,1.1780374901273045,1.3336568668511772,1.6930105103547295,0.45956749966015986,-0.6302940613110859,-0.47874297795883985,1.1644319679382542,-0.24711772897714024,0.3652374844899736,-0.45956749966015986,-1.6930105103547302,-0.14682239923337803,-0.7097714541928067,-1.2829236183406676,-1.2455788071914804,-0.801449827508525,-0.2770246880180474,-0.38327221085833024,-1.0391903727935126,-1.0384305451721696,-0.6648813298155464,-0.5588081172337243,-0.40538291333714505,0.22277777048941236,0.10997909147286698,-0.7626467625326843,-0.9479482933959068,-0.8769950965056176,-0.45626319576493324,0
-0.12359721776989524,-0.5658574386248675,-0.4445202009343899,-1.6014324776621007,1,0,0,1,0,0,-0.1800683175455264,-0.40477488288366886,-0.7583149722111197,0.3989259061009694,-1.2434645926917873,-0.6195985745671495,0.07297516583108954,1.2547640413156598,0.8553901783197487,1.3445916148574495,0.28015805186600484,0.3855496831051238,-0.11868823833431762,-0.19936583436373084,0.7562657746106466,-0.6083328136826074,1.8968188919133113,0.5657379725176304,0.28185302474922574,0.24630538521990228,-0.30067773714089835,-0.9645925737808109,-1.7806628398618174,0.06439661781209186,0.18811382976512964,-0.24630538521990228,-0.28185302474922647,-0.4253475354589299,0.26586877533487285,-1.028190555213798,-1.1422148032341901,-0.4600842227993849,-0.9386295579527137,-0.7910682597479163,-0.983822203561983,-1.0384305451721696,-0.24854144663662048,-0.8623145398892288,0.19674936974096682,-0.7756251247301669,-0.7023304039164997,1.9338234963953311,-0.28942660841731066,-0.2089648391376897,0.40975308478573785,0
0.2619067175886707,0.8513696898055362,0.5693561964423357,-1.161438585374874,1,0,0,1,0,0,-0.7226826087232228,0.39242333654451056,-0.2210013526812325,-0.39093087090098955,1.1175126584797501,0.6039206392339871,0.15172554630920523,0.013417313157345696,1.7060830085937566,-0.11081804873914952,0.37414867362483456,-1.604825030921577,-0.9389051251782891,-0.5809291233645882,-0.5724555977392075,1.2194933047031997,-0.12516608188924702,0.7472809801664326,-1.0618771407249543,-1.1356331163529647,-0.7914356007390917,-0.5918891344148184,-1.106799463126027,0.025595490241227474,0.24316283068699615,1.1356331163529647,1.0618771407249536,-0.6203151308168162,-0.6347222057676005,-0.3913578973966235,0.26611975068388355,0.20557870638343811,-0.5605696322757617,-1.2804235184154193,-1.0391903727935126,-0.046252995675895824,-0.7481493064513315,-0.5588081172337243,-0.013084607695344815,-0.5811310542328463,-0.5330992590437151,1.2041903675089267,0.5337254978059351,0.013711913318286572,-0.3944048900113141,1
-0.5605016778429365,1.5213316050635446,-1.6032360836506476,-0.8681093238500562,1,0,0,1,0,0,-0.7353015457273552,0.3982380573280859,-0.8350740607153893,0.8531658840837809,-0.923865887798175,-0.3530717282859077,-0.2587631009446417,-0.18510582878446774,-1.9302999283692002,0.29218194536103653,-0.36499077716976025,0.0062939240015715565,0.6157912673015206,-0.4018974072733899,-1.0401065216625272,-1.7125570202288993,0.3902309861521676,0.36730281385437896,-0.33645217931212407,0.3422733367180179,-0.0417547630790491,-0.787892321372852,0.9178300205504611,-0.0077725922416184935,0.8331055941330858,-0.3422733367180179,0.33645217931212335,-0.4253475354589299,-1.009968447893631,-0.20940570944885942,-1.0388507992769007,-0.8526546682148961,1.4557499713346498,-0.709509049969999,-0.6516131881728072,0.139780294854656,0.1400424443303771,-0.5588081172337243,0.7806352199985308,1.1822818516095268,1.1084428462222957,0.5380035976561225,-1.1948939252628807,-1.211010225189582,1.0283361423219313,0
-1.0488066626304537,0.0010334127472937634,0.5693561964423357,-0.13478617003801185,0,1,0,1,0,0,0.26159447759911014,-0.5408393492193319,0.6489349837004895,-0.608503140609954,0.18932743553540152,0.05432081695270173,0.5401363633985531,0.012511052251952155,1.644225347930511,2.2037819960141314,2.428477471273539,1.6486567676117287,-1.7709403431905715,0.19694422278730803,0.49377168178621034,-0.003904335205123964,0.6329505423983423,0.5613654475084292,0.3871222082195544,1.8646281041670738,-0.5542884147965483,0.4774778194819253,-2.25163461284472,-2.3495443773977804,-2.6090755511096337,-1.8646281041670745,-0.3871222082195551,-0.06326485836571254,0.11577027848446049,-0.8735311954581982,-0.7416792878996918,-0.47715250303484213,-0.5605696322757617,-0.5463906304141645,-0.762349526635866,-0.790386157798101,-0.6371253376036178,0.19995793940503753,-0.6243401071837319,-1.5925002208189127,-2.1915644787970034,0.37938770007212164,0.12214944469431245,1.4054416161681371,-0.7036964187794109,1
-2.1539179439916754,-0.8235350983394863,1.0038746524609323,-0.13478617003801185,1,0,0,1,0,0,1.3089662489421054,-0.6937665058273633,-0.5536240695330674,-0.05820732014924861,-1.3000385310855487,-0.48857111490204247,-0.10463317420678733,0.9317527598236449,-0.4095970004244241,-0.7278811154429129,-1.2906944237202902,-1.3722928519674187,0.42677262661958165,0.2088190332077669,0.9339015804056642,-1.1897578110397837,0.38675305368460017,-0.36005682929862803,-0.5252107151899527,-1.3507461849940225,0.35414449332999387,-0.34329780217042166,-0.6356590391281662,1.3668181356235944,1.3264405494064515,1.3507461849940225,0.525210715189952,0.35452284597261524,1.128935132224743,0.6048303316173853,-0.15379651539260636,0.009293483675682786,0.935917573528841,-0.22015379130249568,0.012804842605544792,0.139780294854656,0.0012624832707351544,-0.6346847228976005,-1.0896241441077272,-1.2035120798242718,-0.685407289429221,-0.0012904541294803558,-0.37174181903963527,-0.9326642846196119,-0.76555472453303,0
-1.5628119097752085,0.2587110724619126,-0.8790386569529866,-0.8681093238500562,1,0,0,1,0,0,-0.3945902466157784,-0.2617327516077154,-0.6943490651242283,0.23690400312620857,-0.663256819999967,-0.38437521694310056,-1.3387964322368218,-0.27689032942269587,2.994450956251865,-1.5890775798668788,-0.5092811167312182,0.0636830568069993,0.6763836284843049,-1.2037877395168626,-0.5457689961022785,2.6073853930269144,-1.2376775645775469,-0.5190325190207379,-0.13124877099039398,0.21702702713573208,0.6588185034169836,-0.16669873257406415,-1.4733439071938106,0.9194814050679675,0.15535616094363597,-0.21702702713573208,0.13124877099039328,-1.0659553487776992,-0.3345252120667762,0.6821600114951846,2.0491488189471325,1.2979486414526862,-1.442709458855317,0.8401159358104279,1.009431888773073,0.8219023601333442,0.41760236644966076,-0.3311783002420958,-0.5604775923118106,-1.1775795370912954,-0.8038690908401701,0.41111087958892223,-0.6186874509066087,-0.5986491559356475,-0.5799798072721716,1
0.8530127518051386,-0.87507063028241,-1.168717627632051,0.5985369837740325,1,0,0,1,0,0,-0.40720918361991093,-0.25882539121592774,-0.5664172509504457,-0.05242082361443573,-0.26859833899446334,-0.15854290591620948,-0.21851231671090818,0.05918912267271208,-1.1978462831764547,0.16580903903804475,-0.2336767692105571,-0.08673892151755785,-0.017161411806730368,-0.775842740255186,-0.4422305852369037,-1.0276988956440136,0.23103840270325854,0.19973966792207065,0.4783555005605047,-0.5927287050207662,-0.47136622902073533,-0.5242558206587901,0.6047577179716741,0.005096410595304428,0.4987981540730038,0.5927287050207662,-0.4783555005605054,-0.8152827261747027,-0.5596729573423944,-0.5369196477548344,-0.9484072958142716,-0.8185181077439823,0.5106001571422693,-0.30171300108041293,-0.5408768497097485,-0.728375060954584,-0.38732140769626244,-0.4070549059059717,0.32447439948480933,0.5987996401175653,0.5669031826293847,0.15732544345452057,0.28677986593896093,0.013711913318286572,0.40975308478573785,1
1.2899172118781799,0.0783367106616796,0.5693561964423357,-1.6014324776621007,0,1,0,0,1,0,-0.20530619155379135,-0.389656608846373,-0.5280377066983108,-0.11607228549737747,-0.44176483251536497,-0.20997006585302627,2.2057324126869333,0.22052202538832913,-0.4580004817360364,1.7491668175840902,1.76147988739246,1.3886162619700333,-1.35121098003753,3.1288213907575457,0.8588702507857704,-0.054509193617751264,1.8865152775317686,1.7923748203895273,1.4895244906727079,0.41661470759684033,0.05915685454551667,0.5577239624785417,0.5713255189008773,-0.492375267700549,-0.5401049691286369,-0.41661470759684033,-1.4895244906727085,3.251184262718354,1.0163612595869336,0.5184030423421971,0.4082452561251572,1.195538960039945,0.7626401075935709,-0.6279498401920818,-1.2052948804881005,0.7598912632898273,-0.10976148557697851,0.27583454506891375,-0.6060936743631827,-0.24400799870415715,-0.4146374576327655,-1.0481553781838862,-0.12479618717266176,0.06938110143228039,-0.5181215015185524,0
-1.2544087614883548,-1.5450325455404195,-0.8790386569529866,-0.8681093238500562,0,1,0,1,0,0,0.6906383357396142,-0.6245713285028168,1.007144063387081,-0.6536378135814946,0.11233505633843396,0.024806099075919918,-1.819639768895556,-1.2636510441218878,0.3722741474725425,-2.314754418728186,-2.105587920913688,-1.285061070537794,1.5008690584271815,-0.49436411398183333,-0.8378200661903027,-0.13406676241843007,-0.7611004584095545,-0.9693378949425775,-0.43967950362031105,-1.3166012534636966,2.0362905958165882,0.895090965042174,-0.6436353977339727,2.372389698081356,1.7909976322888665,1.3166012534636966,0.4396795036203104,-0.5367575899491508,-0.8598699510432187,-0.3549674598070702,-0.3669847735545164,-0.6307670251539549,-0.49755964466293656,-0.46483142063624716,-0.319404172783631,-0.6663639641110671,2.0274499147415077,0.9587239960437993,0.2879815338437111,-0.10137901367278856,0.8376730144258402,0.886958572340925,-1.4418395571298541,-1.9347096706715041,0.16231986177126023,1
-0.4063001036995106,-0.2824120129387873,-0.15484123025532542,-0.13478617003801185,1,0,0,1,0,0,-0.6217311126901629,0.1598345052014969,-0.029103631420558513,-0.4435879893677868,0.8715641831824683,0.46573809644723596,0.9597945758680285,-0.2627714095523212,-0.4533445522612093,1.5116346997295653,1.2930259325730193,-0.4246984512717696,-1.5342695353566165,0.4325370927886648,-0.4544743211690247,-0.7625045420821365,0.8186053886534346,0.7560565790126295,-0.4157307643808121,-0.16692132358374867,-0.902431755049685,-0.09462039198037057,-0.14650633906136434,-1.2304058662116446,-0.9428549446044124,0.16692132358374867,0.41573076438081064,0.0759977097470634,-0.7097714541928067,-1.0554833834059623,-1.232658306696819,-0.9038595089212672,-0.024984737566746233,-1.1173050988595852,-1.0945585420250417,-0.8523972546416179,-0.8869292675109735,-0.17942508891434333,-0.2776578835933038,-0.30883935553659736,-0.7530997473783346,-0.09645999267988113,0.8629863402952329,0.848749735028197,-0.6418381130257917,1
-0.894605088487027,1.0317440516057692,-0.4445202009343899,-0.4281154315628296,1,0,0,1,0,0,-0.05387894750420167,-0.4460594004470538,-0.2593808969333673,-0.37935787783136377,-0.19363404875375487,-0.0498750810062401,-0.09747464628443539,0.2895738882985353,1.659796666477679,0.369970946520309,0.3411020893447929,0.6830361043948919,0.3830570812930884,-0.7751756524772155,0.41680174493665817,1.014513258656747,-0.5365425919479021,-0.5334636452015005,0.9573302853504965,-0.01788874008079301,-0.6390055098846394,0.020093588894395695,-1.2495096609281136,-1.0318333299074902,-0.9642728412179238,0.01788874008079301,-0.9573302853504972,-0.5367575899491508,0.8662627627365218,1.282602231722807,1.70029530559128,1.349153482159058,-0.2770246880180474,2.7975369704804414,2.3382679503297763,1.0079356506638961,-0.6648813298155464,-0.1035484832504671,-0.3597668312857729,-0.9182541097615345,-1.2100238385348534,0.5697267771729232,0.7806711296729086,0.848749735028197,-0.45626319576493324,1
-1.305809286202831,-0.10203765113855341,0.27967722576327125,1.0385308760612593,1,0,0,1,0,0,-0.11697363252486404,-0.4280337660179702,-0.6687627022894718,0.20797152045214415,-0.8901006837723789,-0.4899126929873507,0.6202606889422814,2.305041584498069,-1.9207416814922569,-0.4132377945917654,-1.1786891985310977,-0.16465440795077518,1.4588756796959517,-0.21694689677668139,2.3710021638033894,-0.7392370582117676,-0.3396420380759092,-0.6965999403517688,0.2181716668474233,-0.440948977121442,-1.07925836984548,-0.7885239952970938,1.8828562720744306,0.22147436961611,0.8522594259546586,0.440948977121442,-0.21817166684742473,-0.20252742647848845,2.2171492343902317,0.03622974428062242,-0.354064273059855,-0.4600842227993849,0.25856020669096863,0.6769975162545934,0.6218547041523672,-0.17027518936292965,-0.7759052986632599,-0.2553016945782196,2.103501599488323,3.023492385650828,2.9699854398229264,0.12560226393772106,-0.20711139779498602,-0.4316415915936655,2.265502257394317,1
-1.0488066626304537,-0.8235350983394863,0.5693561964423357,-0.13478617003801185,0,1,0,1,0,0,0.26159447759911014,-0.5408393492193319,-0.5536240695330674,-0.05820732014924861,-0.8590650364872796,-0.3709594360900179,0.13123201015075023,0.5433778073109407,0.7587902343073231,-0.23164552687800305,-0.28877344415866474,-0.2561812338517928,-0.050583643872107946,0.4891026601265947,0.39796627996728584,0.33313576623878793,0.7926623533688838,0.7769269019130464,0.7686432489180746,-1.1117316642817359,0.30622431042168985,-0.34712921039249045,-0.7025223523422697,1.0989285831755005,1.1339375235309999,1.1117316642817359,-0.7686432489180752,0.24311279148239442,0.11577027848446049,-0.6642861793182697,-0.40574627503850064,-0.08458205761933026,-0.6235796198885869,-0.46483142063624716,-0.8177176958673952,-0.6043528672675491,-0.10976148557697851,-0.7105613285614767,-1.3450742035954124,-1.436904964421056,-1.0069464646875115,-0.15990635171348128,-0.4540570296619595,-0.9326642846196119,-1.0129879475475077,0
-1.5628119097752085,1.4697960731206219,-0.8790386569529866,1.7718540298733036,1,0,0,1,0,0,-0.3945902466157784,-0.2617327516077154,-0.19541498984647596,-0.3880376226335831,0.24930909143007265,0.09859289376787443,-1.220790785650522,-0.979611153980467,1.4999482020775128,-1.646279587736132,-0.8782104591610298,-1.1705204279442,0.18460885463348067,-1.1286922825091261,-0.41471207072118926,2.288067439941955,-1.3049075208263137,-0.6177604884991157,-0.01835909107355938,-1.5782419336237905,0.5697632750821422,0.9290976034264651,0.24880767595677686,0.9300935535528351,0.5385937284173139,1.5782419336237905,0.01835909107355796,-0.9823978079100336,-0.18442671521636386,0.74584327727690225,1.9328643144951818,1.1614023995690306,-1.1591645145976028,1.0032343553662626,1.1201682272361313,0.8219023601333442,0.7506742729928018,1.1863538130354276,0.7258959215368835,0.754394896515422,1.1253659607095745,0.062155904904119784,1.5215080252738291,0.7374113588002092,0.5953280020465953,1
-1.2544087614883548,-0.41125084279609675,-0.8790386569529866,-0.13478617003801185,0,1,0,1,0,0,0.6906383357396142,-0.6245713285028168,-0.6431763394547153,0.16167954817364105,-1.303219717878764,-0.6052884083238614,-0.6808332632743551,-0.07003734197505104,0.4391728583553958,-1.5865272591091377,-1.82296150489927,0.7705250387650125,1.2718156567968972,-0.4847065742981297,-0.6553248801453606,0.04927461283530235,-1.1086687296136917,-1.0742334981432278,-0.7046860443852642,1.7498032920237159,0.46240212798689334,-0.5603616291243723,-0.550847775875738,1.0439590386471915,1.3211593093158063,-1.7498032920237159,0.7046860443852634,-0.5367575899491508,-0.7097714541928067,-0.4004555067940112,-0.3153027715758717,-0.71610842633123994,-0.5290646384693491,-0.709509049969999,-0.4855086804782194,-0.8523972546416179,0.11228645211844858,-0.7864379342253526,-1.0075151964152582,-1.0997819088923677,-0.685407289429221,0.1890486229713212,-2.1003612421084505,-1.8790404825575102,-0.45626319576493324,1
-0.894605088487027,-0.02473435322416849,-0.4445202009343899,-0.8681093238500562,1,0,0,1,0,0,-0.05387894750420167,-0.4460594004470538,-0.4768649810287978,-0.15657776124106768,-0.48916772344443593,-0.22204426862080062,-0.12130582460750085,-1.365863233527327,1.022498219392814,-0.2652318508075072,0.0027928140420044934,1.2504731750749394,1.2294004354089016,-0.6884528701431719,0.17759972835063148,1.0756087488230095,-0.7001748274618997,-0.6653723538986249,1.0614552385657101,0.6527578856825103,-0.5192152940264131,2.0526056619754747,-0.3169062585482623,-0.3359702542804563,-0.6532373943969503,-0.6527578856825103,-1.061455238565711,-0.4253475354589299,0.641115017460903,1.3826759350940767,1.8295003105378922,1.3832900426299712,-0.2770246880180474,3.042214599814193,2.5043724580243647,1.0079356506638961,-0.5538573609678327,1.717490052682561,-0.33239718205494984,-0.4385020692014777,-0.5330992590437151,-0.3502454288142823,-0.37174181903963527,-0.09762646290970158,-0.5181215015185524,1
-1.2544087614883548,0.0783367106616796,-0.8790386569529866,-1.6014324776621007,0,1,0,0,1,0,0.6906383357396142,-0.6245713285028168,-0.5280377066983108,-0.11607228549737747,-1.0235288167060868,-0.3906359146745391,-0.29230930149156253,-0.8551021709563442,-0.17444497031188072,-0.7842356295688244,-0.7102034817032877,-0.47257032256177095,0.09637340270741293,-0.34823878329352526,-0.5565266002854551,0.10218990382572402,-1.0786408111307242,-0.9703233211348213,-0.7046860443852642,0.05436948222367098,0.05850711022690874,0.6161384342187268,0.3411631165455381,-0.010110023369140844,-0.024032555863014546,-0.05436948222367098,0.7046860443852634,-0.4253475354589299,-0.6347222057676005,-0.44594355378095224,-0.3282232720705331,-0.71610842633123994,-0.5290646384693491,-0.709509049969999,-0.4855086804782194,-0.9144083514851348,0.0012624832707351544,0.5034643620605421,-0.1681792866700104,0.028283699992091807,0.025363519036474696,-0.44541496736468245,-0.20711139779498602,-0.2089648391376897,-0.08511336124321738,0
0.6474106529472365,-0.9008383962538722,-1.6032360836506476,-0.4281154315628296,0,1,0,1,0,0,0.22373766658671274,-0.5390949329842593,-0.06748317567269331,-0.4412733907538617,-0.21120717249145773,-0.0735762938466861,-0.021169279046079355,-0.4304993309607273,-1.07081732045107,0.13246819504508098,0.013965116753423032,-0.7566170036720735,-0.5148008759193193,-0.7659899625388753,-0.726309657611239,-0.2422265314889444,-0.6064343348939415,-0.5846409471204229,-0.02757457514840374,-1.004587223962434,-0.7359317473534582,-0.13672722865271492,1.2204288457404517,-0.7802858909697715,-0.5889434294705195,1.004587223962434,0.027574575148402326,-0.8431352397972577,-0.8598699510432187,-0.7734574920869285,-0.7675202888890147,-0.9379960693921812,-0.4660546508565234,0.35076067714292497,0.40038202722625016,-0.8523972546416179,-0.4150773999081907,0.4275877563966659,1.793312241538992,2.2973811891274982,1.734598082251598,-0.033013633646279864,3.0854970270979956,2.5744945665620116,1.3994859768436472,1
0.08200488108800677,0.6452275620338409,-1.6032360836506476,-1.6014324776621007,0,1,0,0,1,0,-0.5081606796529707,-0.11927209241011955,0.21396681550962854,-0.5338573353108679,0.760674983412281,0.3208476632339435,0.5966962730963392,0.8261027122504284,0.4164147930877604,0.11693855525406394,0.3159237659157061,-0.12594165932759405,-0.7364399336810397,0.08170812815108786,0.37075949723374907,0.3923352461556454,-0.04475068060215437,-0.03017289097850768,0.1590389773671773,-0.3295023237687909,-0.7480788940272057,-0.7624331728561285,-0.17499388640958885,-0.20235045274922506,-0.44017432372548726,0.32950232376879157,-0.15903897736717798,-0.03541234474315745,0.19081952690966666,-0.4004555067940112,-0.1473362651452761,-0.15285517856115927,-0.6235796198885869,-0.22015379130249568,-0.319404172783631,-0.35630847989348147,-0.8036612908751883,-0.8623145398892288,-0.6334633235940058,-0.62002986833231,-0.6515610604546642,-0.5723076854318833,0.5337254978059351,0.4033962301162448,-0.7036964187794109,1
-0.8175043014153137,0.0783367106616796,-0.15484123025532542,-1.6014324776621007,1,0,0,0,1,0,-0.5333985536612357,-0.06112488457436613,-0.5280377066983108,-0.11607228549737747,0.04139030971397822,0.042693806880030105,0.38804743376983925,-0.6917258391471359,-0.6253600365301419,1.2863643152174897,1.1934963220029793,0.9626766597002856,-0.42025419679749143,0.37325301773083697,-1.0130658365036758,-0.5382815671775181,1.4689277929641222,1.5258046121778093,1.8657307392625473,-0.5374328853480426,-0.166639385368367,-0.06545169312726565,0.3139670562849773,-0.28123154600786526,-0.061952441216836136,0.5374328853480426,-1.865730739262548,0.02029268250195297,-1.1600669447440433,-1.0827762115981268,-1.1551353037288514,-0.6136987449184976,0.006520256239666901,0.10608304780917345,-0.6516131881728072,-0.6663639641110671,-0.19302946221276363,-0.1035484832504671,-0.12256320461863823,0.054216242725068246,-0.0592520533999176,-0.2233527107470814,0.36909507656128593,0.1250502895462747,-0.1469716669968365,1
-0.2006980048416086,0.7998341578626126,-1.168717627632051,-0.13478617003801185,1,0,0,1,0,0,0.980873886834661,-0.6553893486557661,0.13720772700535894,-0.5205483932807982,-0.41489264600104153,-0.10174943363815964,-1.1728049449600773,0.08398982523983593,-1.9673279638793943,-0.9526118188875988,-1.956422486841648,-0.7483270053288077,1.6293923470332052,-0.6503828747645255,0.36776675113306,-2.6102699603813173,-0.43988692916106953,-1.8735053954531218,-0.10705812529392912,-0.9144498376620688,0.9809589199677629,0.2531419869245079,0.06633365579215775,0.8507327609113128,0.7143316801500188,0.9144498376620688,0.10705812529392841,-0.6481676444393714,0.26586877533487285,-0.19121049065408274,-1.4781478160953823,-1.5353858776331764,0.6681251261743327,1.247911984700014,1.4523772426253072,-0.9144083514851348,0.5563823275093027,-0.1035484832504671,-0.934529465133063,-0.7626588533636787,-0.4146374576327655,-0.667477223982284,0.03983423407198747,-0.3759724034796717,-0.76555472453303,1
-0.5605016778429365,0.7225308599482267,-1.6032360836506476,-0.8681093238500562,1,0,0,1,0,0,-0.7479204827314877,0.48545886908171604,0.2651395411791416,-0.5396438318456808,1.6550803732451893,0.7903999930918358,0.21214954379212195,-1.3741250591404124,-0.3059002242199204,0.060887467339557265,0.223076665097196,-0.8460449997374063,-0.4360704968798054,-0.14151788274195484,-1.3427767178178267,-1.4883534409804084,0.4287606967141764,0.29121183021612274,-0.9971070548845234,-0.16498583548630744,-0.43640210591685774,0.5408655290758909,-1.077475817699843,0.3428967271355846,-0.005698917598854191,0.16498583548630744,0.9971070548845228,-0.11896988561082296,-1.2351161931692491,0.09081540066495114,-0.7029177864157086,-0.5112890635057554,1.424244977528238,-0.9541866793037505,-0.6516131881728072,0.5738579727592754,-0.08200549336504998,1.1863538130354276,1.7294497266670708,0.7803274392483975,0.8884423578876751,2.1241625734961316,0.4514102871836102,0.4033962301162448,1.5232025883508855,1
1.1871161624492292,-1.596568077483343,1.0038746524609323,-0.4281154315628296,1,0,0,1,0,0,-0.571255364673633,0.014466485612113323,-0.3233468040202586,-0.32438616075064136,0.44498297934688336,0.26181822748037986,1.0141923052845905,0.4504084963201895,-0.12645383754477194,1.2728958858356112,1.2802829799402191,2.0169677524747294,-0.10779310184908895,0.07775460367025411,-0.31460687230096956,0.994113248738873,0.6577913877994663,1.13965844918413,1.8710372041265804,0.895231533445257,-1.3325676048435304,-0.9333660546443732,1.1718545752186782,-1.0673455412338024,-0.5517759179066861,-0.895231533445257,-1.8710372041265808,0.438080386840281,0.11577027848446049,1.4372615914784068,1.8295003105378922,2.083089532283709,0.6051151385615076,1.6557080335896,0.7325910426154264,1.6900577159425842,-1.3032691506898992,-1.0140677512169813,-0.6608329728248301,-0.010615114107371936,-0.4315605721200442,-1.1433249167342867,-0.7010026615289333,-0.3759724034796717,-0.8892713360402683,0
0.2876069799459088,-0.6173929705677911,-0.15484123025532542,-1.6014324776621007,1,0,0,1,0,0,1.801104792103272,-0.721677165588525,-0.054689994255315046,-0.44300933971430556,-0.8007056312805626,-0.21265322202364279,0.6965279481273497,0.5259232856816297,-1.867742902675601,0.9433679737915001,-0.6574568676107949,-1.9238693108566252,-0.35365973887723035,-0.21963706150293344,1.3985255560180436,-1.736852429422225,0.5402015870840948,-1.122356110092222,-2.7148097313727666,0.06858695651968806,-1.187997831190483,0.6791659863718179,0.8078979275555832,-0.738774624929345,-0.2410361651351669,-0.06858695651968806,2.7148097313727657,-0.20252742647848845,1.3165582532877582,0.04760175602735768,-0.8644240425989739,-0.6307670251539549,0.18767397062653962,-1.0357458890816678,0.2896456887631914,0.527349650126638,-1.1089772052064004,0.6552175733882943,0.05990112358685037,0.4691369264526849,0.12690220596014448,-0.3502454288142823,0.5337254978059351,0.6260729825722207,0.22417816752487937,1
-0.020796168340944693,-0.3339475448817109,1.7280720791585935,1.478524768348486,1,0,0,1,0,0,0.36254597363216995,-0.5734017856073538,-0.3361399854376369,-0.32438616075064136,-0.5644534478942117,-0.19029358726850507,-1.0805241360658686,-0.4462899520137399,-1.1246136253370207,-0.505374582294123,-0.8727116756326935,-0.9131714028189818,0.406950309494685,-0.3691449539708466,0.15994043693890322,-0.98468465668788685,-0.3885385137705122,-0.7001117805758703,-0.974766068754056,-0.2786957612109654,1.1336498255681091,0.7727717836879646,0.5478713832701243,0.29746031733828926,0.4510450321877213,0.2786957612109654,0.9747660687540554,-0.3696425082138195,0.11577027848446049,-0.082039177885424,-0.5737127814690962,-0.6819718658603261,0.41608517572303205,-0.46483142063624716,-0.04256332662598434,-0.4183195767369984,1.194770148383656,0.8828473903799233,0.38833691435672935,0.6247321828505417,0.7192112130148905,-0.033013633646279864,0.03983423407198747,-0.09762646290970158,0.5953280020465953,0
0.544609603518286,1.5213316050635446,0.27967722576327125,-0.8681093238500562,1,0,0,1,0,0,0.16064298156605036,-0.5292099076521812,-0.8350740607153893,1.1395974625570189,-2.431324732610806,-1.287704461050665,0.05432165109324706,3.1592386891558752,-1.6841971939547822,-0.5070517944245639,-2.124125179262365,0.2376050972868426,2.602517369413043,-0.14469377834898167,3.642729551734008,-1.231751378698561,-0.5765072853877932,-1.6850391784142007,-0.37315522795503414,0.6941558255444424,-0.2201118966322819,-0.6869477489402612,1.0645626391342315,0.1133395064165553,1.1163539726639413,-0.6941558255444424,0.3731552279550334,-0.17467491285593337,3.2678387123431163,-0.13662483426975403,-0.7416792878996918,-0.9038595089212672,-0.2140147004052217,1.0847935651441794,1.4523772426253072,-0.4803306735805153,-0.1375174777889068,-0.5588081172337243,0.3518440487156324,0.8710913388138142,0.8715192434003977,0.28421816152172197,-1.4418395571298541,-1.378017789531564,0.904619530814692,1
-0.5605016778429365,-0.4885541407104817,-1.6032360836506476,-0.4281154315628296,1,0,0,1,0,0,-0.7479204827314877,0.48545886908171604,-0.1826218084290977,-0.4036611632775779,1.3213042971629283,0.6853097097426885,0.416037563822609,-1.1830098148651624,-1.0042059110056645,1.3134221366631946,0.613647358933632,0.019316589112625824,-0.6662117015211942,-0.026196595813095795,-1.4241687530593352,-1.205516596002177,0.48099718309528106,0.40029296272070175,-0.7532939460423284,0.7734532878151856,-0.6046856898439237,0.19701710439164008,0.16135520203703055,-1.297399998605524,-0.40696345319179966,-0.7734532878151856,0.7532939460423277,-0.007559831120602114,-1.3101654415944555,0.09991301006234013,-0.5478717804797735,-0.34060626115118536,1.2352150146897614,-0.9541866793037505,-0.762349526635866,0.5118468759157585,-0.5261013687559044,0.27583454506891375,0.269735101023162,0.31354167005482897,-0.24540631275998087,0.6331731362065233,-0.28942660841731066,0.06938110143228039,0.2860364732784985,1
0.544609603518286,-0.46278637473902035,0.5693561964423357,-0.4281154315628296,1,0,0,1,0,0,-0.6595879237025604,0.23251851499618867,-0.11865590134220637,-0.4250712004563856,0.9243657493185123,0.5073270170917921,0.7686340367254708,0.8301884740869035,0.13737096812058872,0.6829338637902058,0.5157866216589766,0.3232507648577325,-0.18730678781888443,-0.01796279614094401,2.4479570755480085,-1.0587144520605458,0.3487532553336221,-0.3943256927257428,0.5493147279367994,-0.1039281697319839,-1.0867525529486706,1.3128499252482202,-1.2516966376638403,-0.5767818326958686,-1.0555301589823403,0.1039281697319839,-0.5493147279368,0.10385022336961848,2.5923954765162622,0.5184030423421971,-0.1473362651452761,7.593435579547688e-4,0.7311351137871589,1.3294711944779316,1.1201682272361313,0.20179139169817292,-0.9424412519348303,1.5657368413548085,0.6985262723060605,-0.11434528503927678,-0.33002188519637315,1.0138512904081252,1.439192814651505,1.5167799923961247,0.40975308478573785,0
-1.5885121721324456,-1.4934970135974959,-0.4445202009343899,-1.6014324776621007,1,0,0,1,0,0,-0.3062576875868511,-0.32860204061883186,-0.24658771551598904,-0.38340842540573283,0.07660068919937087,0.043588192270235616,-0.5234285005915039,-0.09466262183652603,0.7919767892228169,-0.6208594408895233,-0.5588280960081988,-0.8987663935242561,0.3116574673783746,-1.292745058845497,-0.8951188807868535,1.0458579910781154,-1.035027322763287,-0.6935060619600855,-1.1427899248825406,-0.09240503183227083,-0.5638555591130636,-0.7667830254849545,-0.03167238337373133,-0.18757432562824575,0.04943020445421808,0.09240503183227083,1.14278992488254,-1.2887754577581405,-1.009968447893631,-0.8189455390738695,-0.21193876761858224,-0.596630464683041,-1.2851844898232538,-0.709509049969999,-0.26403600355210183,-0.9144083514851348,-0.47058938433204756,-0.6346847228976005,0.36096726512590627,0.28760912732185256,0.19459466390925928,0.47455723862252236,-0.04248097655033679,-0.09762646290970158,0.22417816752487937,1
0.5703098658755232,0.28447883843337485,-0.4445202009343899,-0.13478617003801185,1,0,0,1,0,0,-0.48292280564470574,-0.15706777750335926,1.8131144926819118,-0.7155533265039925,1.3119225161672878,0.43219864431452937,0.1046055134426126,-1.200450145397173,1.4484918831119715,-0.7136024466736453,0.3986987075538061,1.9962042452409006,0.029229983019147962,-0.11648368298839365,-0.21967380127507738,0.17361731956679555,-0.39248884205734064,-0.49604807037890153,0.4513710056427588,2.274920236887764,-0.26184563637911845,1.4275911064984133,-1.805668266405232,0.5748456504655333,-1.0026222392760564,-2.274920236887764,-0.4513710056427595,0.02029268250195297,-0.03432821836595151,0.5820863081239148,0.5891322630504142,0.39332978897346543,0.038025250046078915,0.2692014673650073,0.06817301183707392,-0.046252995675895824,-0.2855494362525249,1.2537996847366513,-0.14790547242495553,-1.0378319456969245,-0.7794245921363239,0.16437503890269836,-0.9388021588823152,0.13742122023827333,0.16231986177126023,1
-0.5091011531284612,-0.978141694168258,-0.8790386569529866,1.0385308760612593,1,0,0,1,0,0,0.4130217216486998,-0.5838682830177894,-0.822280879298011,0.7056102224460523,-2.3129710349404746,-0.9943460530632579,0.10082021028126661,0.859400490858652,0.6704711816355717,-0.3561590101612108,-0.3414691743648763,0.08905911071320165,0.6931914934308431,0.4647863644112042,0.41638062681742444,0.4060126166210453,0.2191004183558803,0.23620049868481294,0.454702424768406,-0.3295023237687909,0.32421610227685355,-0.7624331728561285,-0.5085530422166964,0.6984040695673817,0.6745304647256047,0.32950232376879157,-0.4547024247684067,-0.03541234474315745,-0.18442671521636386,-1.501266243877985,-1.1034533017502068,-0.972132629863095,-1.3166894836296663,-0.6279498401920818,-0.8730858650989243,-1.658541513607341,0.3898463742377325,-0.6346847228976005,0.34272083230535716,0.015317428625603584,0.2961333508329291,0.886958572340925,-0.6186874509066087,-0.8213259083916238,0.47161139053935697,1
-0.4577006284139859,-0.5658574386248675,-0.4445202009343899,-1.6014324776621007,1,0,0,1,0,0,-0.10435469552073157,-0.4297781822530428,-0.7711081536284979,0.4857233541231627,-1.4032486577698073,-0.7059067647219812,-0.6495273471875104,1.753841906060865,0.05630208970181399,-0.661424533473531,-1.0752247209802253,0.5092196871154024,1.575266136706093,-1.0075271320719434,0.7869995116745654,-1.0741135577805485,-0.6050679762608124,-0.8519336941941456,0.05712944868845589,0.6378546273322155,-0.10352565152322793,-1.6188042225769472,-1.1563473812063803,0.2935668254024106,0.5660973605008168,-0.6378546273322155,-0.057129448688456604,-0.8431352397972577,1.0914105080121401,0.8641121994429487,0.11107374474794844,-0.135786898325702,1.2352150146897614,1.247911984700014,1.3416409041622488,0.6978801664463103,-0.16527347000083534,-1.5452039908641146,-0.25028823436248077,-0.7885913960966542,-0.6346379459673855,1.1724671879921262,-1.1948939252628807,-1.0996718489615938,0.16231986177126023,0
-0.3291993166277972,-0.514321906681944,-0.4445202009343899,-0.8681093238500562,1,0,0,1,0,0,0.17326191857018283,-0.5292099076521812,0.40586453677030254,-0.5784133586289271,0.12897441977769233,0.04001065070941358,-0.466974094146904,1.3539704096713643,-1.625226723366916,1.0918622772389948,-0.2027902811692702,-0.23580225863317464,-0.3489090994692207,0.11946910831436922,1.9569149305989557,-1.637000346331625,1.8092274329195615,0.3857112508754435,0.12891477706591967,-0.44946226314143684,0.7687109706872652,0.10202753957920051,0.5767118999083812,0.3189634568409285,0.6402092612461828,0.44946226314143684,-0.12891477706592036,-0.09111737198826762,1.391607501712964,-0.7370670544973751,-1.3877043126327533,-0.7502449868021539,0.1010352376589052,-0.7910682597479163,-0.9284540343304539,-0.6043528672675491,-0.026493508941193386,-0.6346847228976005,-2.1296708148790127,-1.5925002208189127,-1.396178097894916,-1.6191726094862895,-0.9479482933959068,-1.211010225189582,-2.1264374511126554,0
0.544609603518286,-0.5658574386248675,0.27967722576327125,-1.6014324776621007,1,0,0,1,0,0,0.16064298156605036,-0.5292099076521812,-0.7711081536284979,0.4857233541231627,-1.6066594867482715,-0.7823767155845522,0.25973671796187964,3.483922754022378,0.24069988910624585,-0.15757072455429919,-1.0931651665397535,0.4266989422419773,1.6036223863727483,0.2719534419432059,3.148533694915576,-0.7661912912869498,0.0621677557725511,-0.9630876095636025,0.08962234189036815,0.4930801176436278,-0.0894375541587658,-1.6276613780861182,-1.0989931684391936,0.27451236570010434,0.48090065437472734,-0.4930801176436278,-0.08962234189036815,0.32667033235006016,3.1177402154927045,0.28186519801010423,-0.173177266134598,-0.135786898325702,-0.08799472517957138,1.166352774922097,1.2309045656991897,-0.046252995675895824,-0.1375174777889068,-1.5452039908641146,-0.1864257194905595,-0.7107937678977266,-0.5669454880182719,1.109020828958526,-0.8656330827735822,-0.7656567202776299,0.22417816752487937,0
-0.5091011531284612,-1.596568077483343,-0.8790386569529866,-0.4281154315628296,1,0,0,1,0,0,0.4130217216486998,-0.5838682830177894,-0.3233468040202586,-0.32438616075064136,-0.5757398776479027,-0.19834305578035463,1.9049609775887346,1.1588205848297382,-0.6432081017826172,1.2676470206009316,1.169837182323928,0.9168320197830713,-0.3471013964160907,1.4587907132878475,0.34183332674381756,0.24101382010571185,1.12827345462195,1.5293845550025547,-0.01835909107355938,1.2686578481181965,-1.191288118918385,-1.2480764972427165,1.1214826686578372,-0.5937326991336043,-0.027699283515844275,-1.2686578481181965,0.01835909107355796,0.24311279148239442,-0.6347222057676005,-2.574784152769793,-2.098331839839121,-1.689000399752289,-1.5687294340809674,-1.6882195673050053,-1.8697129112664523,-2.2166413851989955,-1.2477571662660425,-1.3934507795363622,-1.308581337954314,-0.6329961396987983,-0.8038690908401701,-1.397110352868688,-1.4418395571298541,-1.1553410370755877,-1.2604211705619852,0
-0.5605016778429365,-1.596568077483343,-1.6032360836506476,-0.4281154315628296,1,0,0,1,0,0,-0.7479204827314877,0.48545886908171604,-0.3233468040202586,-0.32438616075064136,1.168174353873405,0.6240443105136111,0.7142613807722276,-0.19237031585056802,-1.7127618062552459,0.36031966057834697,0.07089716409278791,0.2665189939475008,0.038181758115283855,-0.07383456580412608,-1.4430949835641131,-0.9689702853615004,-0.12724816986556847,0.08693656876050418,-0.7768887630270574,1.1340089365774726,-1.0669724651989554,-1.1816265794558052,1.3676810773608563,-0.612945722572666,-0.0072931470131269655,-1.1340089365774726,0.7768887630270568,-0.14682239923337803,-1.3852146900196616,-0.2912841940253525,-0.7287587874050313,-0.7331767065666972,0.7941451013999841,-0.8726274695258333,-0.6516131881728072,0.07776919801113909,-1.1367331974183288,-1.317574173872486,-1.1717330918001976,-0.39960325510201306,-0.6007917169928287,-1.4605567119022886,-1.4418395571298541,-1.211010225189582,-1.198562864808365,1
0.2105061928741954,-1.235819353882877,-0.8790386569529866,-0.8681093238500562,1,0,0,1,0,0,-0.6974447347149578,0.3284614079251818,-0.8478672421327675,1.4086695514258178,-1.5897796604139562,-0.8360398389968828,-0.684997712937715,-1.6235068152880454,1.8291770723841803,-1.3438580866211345,-0.44301404247312826,-0.7860310013722552,-0.16839682742639633,-0.3309936838428881,-1.021885913390568,0.18829499513370204,-0.6145068600462616,-0.21369432964103802,-0.5745260083472232,-0.5022446364654003,0.6217810056168753,1.204611179274493,-2.311328024734568,1.206131093175516,0.3673090315871539,0.5022446364654003,0.57452600834722245,-0.06326485836571254,-0.7097714541928067,1.2189189659410893,1.1447137843208466,0.8029685146244333,0.9516700704320475,-0.05703537174666111,0.2342775195316623,1.2559800380379649,0.9727222106882286,1.717490052682561,1.2459192569225261,-0.3347718982695729,0.1438253204474232,2.885518881899337,0.7806711296729086,0.5704037944582268,1.3994859768436472,0
-1.2287084991311177,-0.978141694168258,-0.8790386569529866,1.0385308760612593,1,0,0,1,0,0,-0.8236341047562825,1.412906834061983,-0.822280879298011,0.8358063944793422,0.7118913981583822,0.44069530552148173,-0.027106791454383855,1.422160130791391,-1.430518358257138,-0.01243890186932308,-0.535973509614188,-0.37273648263502857,0.7218783116955115,0.5024588345403362,1.3786391517883907,-2.6088919717952446,0.9205573946572111,0.03718585787083114,-0.4125770209418648,-0.09917924017331377,0.539743600550634,-0.5708689733153153,-0.6661183126854178,0.9296131084680498,0.7330965648891338,0.09917924017331377,0.4125770209418641,0.7723105503109431,1.7668537438389946,0.9914787310063841,-0.6899972859210471,-0.32353798091572933,2.810464705010396,0.35076067714292497,0.6218547041523672,1.3800022317249987,0.5563823275093027,-0.482931511569848,0.20587258615124074,-0.17917664187171697,0.19459466390925928,0.8235122133073248,-0.7010026615289333,-0.8213259083916238,0.47161139053935697,1
-1.2287084991311177,-1.3646581837401863,-0.8790386569529866,-0.13478617003801185,1,0,0,1,0,0,-0.8236341047562825,1.412906834061983,-0.7839013350458762,0.5146558367972272,1.1681743538733984,0.6888872513035105,0.43808327514887024,1.568362765214447,-1.9972534454413893,0.26124538908011685,-1.072466759148241,-0.8617031877913144,1.0406286070418382,0.4340352000849422,1.1089271099739046,-2.633796957731004,0.7415503584360491,-0.005518328044736555,-0.37315522795503414,-0.8051695616290189,-0.17548260037972505,-1.0417282799920118,0.08360042819551111,0.3823829751409047,1.388871738706754,0.8051695616290189,0.3731552279550334,0.6887530094432773,1.4666567501381707,0.9550882934168308,-0.7287587874050313,-0.42594766232847037,2.873474692623221,0.5138790966987595,0.7879592118469556,1.3800022317249987,-0.3040534310604773,-1.0899443568808573,-0.5787240251323598,-0.4514683405679659,-0.2792525417345383,0.506280418139323,-0.9479482933959068,-1.32234860141757,-0.1469716669968365,1
-0.9717058755587404,-1.235819353882877,-0.4445202009343899,-0.8681093238500562,1,0,0,1,0,0,-0.785777293743885,0.5436060769174694,-0.8478672421327675,1.4086695514258178,-0.923865887798175,-0.6705785418088636,-0.2360971103750203,-1.4788714041587467,1.3227409643641685,-0.734779420219524,0.5662312462043555,0.5899606449879868,-0.5315163545438953,-0.06818930279423727,-0.6477021602875705,-0.8303680367040468,-0.5092276778514097,0.2456803314571347,0.9345219622652575,-0.12221154853286169,0.26016483131541757,1.3809436080320727,-2.6426710068698185,0.48769814425180624,-0.49626932591587186,0.12221154853286169,-0.9345219622652582,-0.17467491285593337,-0.7097714541928067,-0.4277483349861756,-0.7675202888890147,-0.9038595089212672,0.9516700704320475,0.4323198869208419,0.012804842605544792,-0.6663639641110671,0.4731143508735179,1.717490052682561,0.8627441676909999,-0.7885913960966542,-0.5669454880182719,2.409671189147334,1.6038232358961542,1.6837875567381073,0.9664778365683122,0
0.2105061928741954,-0.978141694168258,-0.8790386569529866,1.0385308760612593,1,0,0,1,0,0,-0.6974447347149578,0.3284614079251818,-0.822280879298011,0.8358063944793422,-0.8665882858874382,-0.39331907084515566,-0.7528471028148327,-0.2999672283099372,0.33889836599392387,-1.2015348325819095,-0.9993132506384779,-0.8126104288418453,0.8065586163602555,-0.4149308500833707,-1.0605538552697193,-0.10217690421581928,-0.7485724984223365,-0.4674678409359041,-1.2497103896622064,0.13114384342216265,0.632258206372258,-0.6507251357719274,-0.5659633543099799,0.880924366807543,0.8427648067192652,-0.13114384342216265,1.2497103896622048,-0.3417899945912644,-0.9349191994684248,0.2727675886127153,0.17567624722125458,-0.135786898325702,0.3845801819166189,-0.6279498401920818,-0.09793149585751397,0.3258135853852078,0.44535835866158957,-0.7105613285614767,-0.40538291333714505,-0.62002986833231,-0.2623294272472596,0.37938770007212164,-1.277209135885205,-1.378017789531564,-0.20882997275045564,1
-1.3572098109173063,-0.978141694168258,-0.15484123025532542,-0.4281154315628296,1,0,0,1,0,0,-0.7605394197356201,0.5145324729995927,-0.8094876978806327,0.5435883194712915,-0.27820839517963436,-0.02438509738538309,-0.18209927912157803,-0.09373930081155983,0.43423714185602164,0.2922477582391611,0.4408183309516505,-0.15922700275120893,-0.9306814814240741,-0.34790408011345514,-0.9544300575231554,0.04843796460852615,0.04472151675189826,0.9213888195937283,0.6109019818860374,-0.8230517886162441,-0.09440817721412385,-0.8274669473990293,-0.5449412368554746,-0.35046277665519304,0.32647142881084373,0.8230517886162441,-0.6109019818860381,-0.45320004908148526,-1.009968447893631,-0.5824076947417753,-0.4703487775118068,-0.42594766232847037,0.3215701943037938,-0.6279498401920818,-0.9284540343304539,-0.29429738304996345,-0.10976148557697851,-0.7864379342253526,-0.04957747333644305,-0.32180562690308556,-0.4315605721200442,1.0138512904081252,0.7806711296729086,0.4033962301162448,-0.023255055489598248,1
0.2876069799459088,-1.3646581837401863,0.5693561964423357,-0.13478617003801185,1,0,0,1,0,0,-0.7479204827314877,0.48255150868992835,-0.7839013350458762,0.5146558367972272,-0.11277384770415039,-0.026621060860896863,-0.40700780486533594,0.18241673077704834,0.6796178194142881,-0.22677784320300665,-0.09382256767293697,-1.4604009842446526,-0.2653751193661318,-0.8212662020222988,-0.5258327502154867,1.1103842830388755,-0.006378051125058892,0.9836686780364525,-1.2890243254862828,-0.7133741297612556,-0.2546452520424361,-0.777140393635928,0.18676879293098755,0.3000378693640576,1.0823349415551422,0.7133741297612556,1.2890243254862819,-0.8988402670423681,-0.7097714541928067,-0.8371407578686448,-0.19901826712392082,-0.18699173903207253,-0.655084613695,-1.6882195673050053,-1.482135726645747,-0.4183195767369984,-0.44283339212011924,-0.9381911455531051,-0.9071598159022387,-0.6848612251647502,-0.5330992590437151,-0.0647368131630805,-0.8656330827735822,-1.211010225189582,-0.5799798072721716,0
-1.3572098109173063,0.28447883843337485,-0.15484123025532542,-0.8681093238500562,1,0,0,1,0,0,-0.7605394197356201,0.5145324729995927,-0.68155588370685,0.18771878258029903,0.5464568506828977,0.250638410102811,-0.687032629068629,-0.5820627330820143,1.3522094117058303,-0.7188225649251991,0.6333621623562679,1.1937261687623826,-0.20694206801722745,-0.2653332609685912,-0.8141236528349851,-0.030647205037129005,0.35795802576486674,1.0934351910178137,0.9416775146057242,0.6941558255444445,0.6902177269150961,-0.016671835417724122,-1.87931305054244,1.3260279615082804,0.24412481355147686,-0.6941558255444438,-0.9416775146057249,-0.4253475354589299,-0.9349191994684248,-0.7825551014843162,-0.6770767854263857,-0.5112890635057554,0.16404522527173035,-0.6279498401920818,-1.0391903727935126,-0.4803306735805153,0.3898463742377325,-0.2553016945782196,-0.7246954876967501,-1.488770049887009,-0.9900233502002335,0.47455723862252236,-1.0302635040182315,-0.8769950965056176,-0.7036964187794109,1
-0.9717058755587404,0.28447883843337485,-0.4445202009343899,0.5985369837740325,1,0,0,1,0,0,-0.785777293743885,0.5436060769174694,-0.7711081536284979,0.48283010585575625,0.35708231377937705,0.04492977035554388,0.614217670381183,-0.1280553036169259,-1.1535278193083094,-0.1998978751595109,-0.35360628341663525,1.4054686282734499,1.267239215813627,-0.17050140353649879,-0.7912918589695157,-0.2627611959226455,-0.7246896775165492,-0.011553210804808457,0.8847583482611019,1.0393990221288592,-1.024447615837854,-0.6169388905773718,1.3128615110960307,-0.44854074605573635,0.4484260249496678,-1.0393990221288592,-0.8847583482611027,-0.06326485836571254,-0.6347222057676005,0.4547197765604794,0.24027874969456073,-0.06751377738387422,1.109195039464111,1.4110304042558486,1.009431888773073,0.3258135853852078,-1.0257092285706153,-0.7105613285614767,-0.5239847266707137,0.1838789563899486,-0.008482709938082702,-0.7309235830158842,-1.1948939252628807,-0.9326642846196119,-0.20882997275045564,1
-0.9717058755587404,-0.07626988516709207,-0.4445202009343899,0.5985369837740325,1,0,0,1,0,0,-0.785777293743885,0.5436060769174694,-0.7966945164632545,0.5378018229364786,0.13559032629477505,0.002446464320782188,-0.0844376302200071,0.16293191060360526,-0.26484693215430943,-0.8726943673575237,-0.05472255586473622,0.05511663881318969,0.17675923284342465,-0.3249729767989196,-0.7619932262073547,-0.41961530609776054,-0.607190806933183,-0.2210189078984622,0.6912331826893887,-0.6103841330315712,-0.20729658911695192,-0.9869772470118643,-0.05961828640270913,0.5768737784302639,-0.14463994300885913,0.6103841330315712,-0.6912331826893894,-0.17467491285593337,-0.5596729573423944,0.6548671833030202,0.31780175266252825,0.0519641842643253,1.109195039464111,1.4110304042558486,1.1201682272361313,0.5118468759157585,-0.05424950115312168,-0.7864379342253526,0.6711566230752374,0.533968283285125,0.7530574419894479,-0.09645999267988113,0.9453015509175579,0.6817421706862145,0.16231986177126023,1
1.2128164248064663,0.20717554051898904,-0.15484123025532542,-0.4281154315628296,1,0,0,0,1,0,-0.34411449859924853,-0.3082505178763182,0.15000090842273722,-0.5245989408551672,0.4533687890243605,0.16835495420390414,1.1838564946134729,-0.949816634340043,-0.994052111804721,0.7613535548890258,0.7683609096574934,0.7811406408366175,-0.9342577191885546,1.0448940222734642,-0.43324285585253886,-1.3484878400342024,0.7062451410200954,0.49758994516179256,0.4977080171176754,0.5717619163874261,-0.6021354785774845,0.8696399564304893,0.0038023062170802297,-0.32823894181705493,-0.5131070803455359,-0.5717619163874261,-0.49770801711767615,1.3850658500071569,-0.10937746679115769,1.091552434377654,0.12399424524260985,0.4103980692089227,2.180364828882142,0.02452383803125581,-0.2086678343205727,1.3800022317249987,-0.7203933142394032,0.4275877563966659,-0.8706669502611417,-0.7367263106307022,-0.8038690908401701,-0.857816301083085,-0.28942660841731066,-0.04195727479570725,-0.9511296417938885,0
0.5189093411610479,1.1605828814630785,-1.168717627632051,1.478524768348486,0,1,0,1,0,0,0.8925413278057338,-0.6548078765774086,0.57217589519622,-0.6079244909564728,-0.1439310105037724,-0.03377614398254093,-1.9489266798672877,-2.3154692226264064,0.18134403047711958,-1.3429741402924786,-0.6457907483415323,-0.23430204742815453,0.6364277961101499,-0.006638724063690676,-0.7954858904574557,-0.7599059399316661,-0.1807568223941607,0.0731568185965617,0.010024599876957354,-0.3295023237687902,2.7033966556283806,2.381153872126531,-1.0115355493050573,1.6350360511594695,0.9109829956091695,0.3295023237687902,-0.010024599876958064,0.10385022336961848,-0.6347222057676005,0.47291499535525605,-0.018131260198663828,-0.08458205761933026,1.2667200084961745,0.2692014673650073,0.2896456887631914,0.7598912632898273,1.611110031562582,1.2622304186993043,-1.527538531800901,-1.709196663117305,-1.1254082660984612,-0.5405845059150832,-1.1948939252628807,-1.4336869776455579,-1.3841377820692236,0
0.4932090788038099,-2.060387864969657,-0.4445202009343899,-0.8681093238500562,1,0,0,1,0,0,0.009215737516460692,-0.4762959485216456,3.220364448593521,-0.7612666491290143,1.0159405294888835,0.2220180776162347,0.6620614000618511,0.9233243370809993,-1.6758144657085718,0.7752041964841215,0.4107753298737022,-0.5621977672649183,-0.1967461855173409,-0.41867079694445986,1.5809648547386728,-1.071499275415359,0.15371302459637476,-0.2748031500295094,-0.9053494332772469,0.13114384342216406,-1.3389434204068036,0.31648425617689535,1.214141077944297,-0.8948316534999685,-0.8023198368645839,-0.13114384342216406,0.9053494332772463,-0.3974950218363748,1.4666567501381707,0.00893691608845806,-0.5478717804797735,-0.4600842227993849,0.6051151385615076,-0.30171300108041293,0.12354118106860354,0.20179139169817292,-1.0257092285706153,1.33810702436318,2.8424821287205515,3.269851541614101,2.5299844631536863,0.41111087958892223,1.439192814651505,1.6837875567381073,2.636652091916034,1
-0.5348014154856993,-0.46278637473902035,-0.15484123025532542,1.0385308760612593,1,0,0,1,0,0,2.343719083280968,-0.7507507695064017,1.3141804174041594,-0.686620843829928,-0.2704180420397766,-0.04674473214052082,-0.2442809157652134,0.49499243919920577,0.218588782920434,-0.5575748733751632,-0.2860459505540898,3.3232961489123456,1.1015231527205833,-0.6211862344029643,0.008419356307409925,-0.46374915771212816,-0.6587180936373079,-1.3698506585626666,-0.6711839829354725,5.198251682522675,-0.28100340637295507,-0.6709583308087609,-0.7648413687222219,0.10007409641765345,-0.9655188031931347,-5.198251682522674,0.6711839829354719,-0.6481676444393714,-0.10937746679115769,-0.3458698504096825,-0.5220307794904515,-0.7331767065666972,-0.655084613695,-0.05703537174666111,0.2896456887631914,-0.8523972546416179,-0.10050948817300241,-0.4323471077939307,0.8049637970925972,0.24438822276689212,0.27356919818322456,0.19962301614358732,-2.402183681056974,-0.17185204706169332,1.1932916243315823,0
-0.4320003660567478,0.3102466044048362,-0.4445202009343899,0.3052077222492148,1,0,0,1,0,0,-0.16744938054139394,-0.4036119387269538,0.7001077093700027,-0.6212334329865424,0.5375248661908884,0.16969653228921242,-1.966345422266876,-0.3816975457203095,-0.5647039555102177,-1.9559157401270633,-1.163549721699513,-1.417244770392462,0.3161616668475448,-0.5794506499792212,0.6638969922590231,-0.10208971039363532,-1.3503628326684207,-0.8410725567603219,-1.0923365864985648,-0.8495867060811603,2.1552709138164623,1.1889692930042262,0.669378911425496,1.3033193102510037,0.6915279739932813,0.8495867060811603,1.0923365864985641,-0.5367575899491508,0.641115017460903,0.07262018187017576,0.007709740790658993,-0.5283573437412127,0.3215701943037938,-0.30171300108041293,0.2342775195316623,0.07776919801113909,2.8601296810993593,1.9071815668422514,1.6792720364105618,1.843561691300417,2.4030611044990975,0.01457113562891996,0.8218287349840708,0.4312308241732417,1.3994859768436472,1
-1.280109023845593,-1.2873548858258006,0.27967722576327125,-1.161438585374874,0,1,0,1,0,0,0.33730809962390496,-0.5687500089804935,0.17558727125749374,-0.5286494884295363,-0.10224118848435002,-0.028857024336410634,1.3945928542321702,1.7652243744338998,-0.39504501616735993,-0.18740491628400213,-0.5654923455779874,-0.006767017861507228,0.49509222767345434,0.50658354956536,2.544481221663301,-0.10927707455506458,-1.5269791321292818,-2.2508551428342756,-0.7581467807413153,0.7426913412446393,-1.4330429981301789,0.12617957846115777,0.4302268499002181,-1.2609544172022182,-1.462354208787353,-0.7426913412446393,0.7581467807413146,0.2152602778598393,1.841902992264201,-0.8007503202790929,-0.7287587874050313,-1.2281568333949502,-1.411204465048904,0.758556726032511,1.3416409041622488,-1.0384305451721696,-1.3865371273256843,-0.1035484832504671,-0.6334633235940058,-0.3347718982695729,-0.7869459763528921,-1.238494455284687,0.4514102871836102,0.9600881112561845,-0.76555472453303,0
0.08200488108800677,-0.6431607365392533,-0.4445202009343899,-1.6014324776621007,1,0,0,1,0,0,0.36254597363216995,-0.5763091459991414,0.6489349837004895,-0.6148682867982482,0.13141960173597741,0.031961182197564,0.926804103389889,1.1491848397503126,-1.3042813143051846,1.9029388222906747,0.7371387844943795,0.2704670036020194,-0.22462389142672018,-0.1840172878127426,0.5843831246230029,-0.6922907965642302,0.8102411269744189,-0.12239238568542253,-0.5702641928891875,0.9344658179137063,-1.4726115724499447,-0.9918700717618212,1.0873107640607156,-1.7673263496571672,-1.0778088648028017,-0.9344658179137063,0.5702641928891868,-0.03541234474315745,0.7912135143113154,0.6366719645082435,0.14983524623193267,0.47867119015075044,0.3845801819166189,0.2692014673650073,0.6218547041523672,0.6358690696027934,-1.3587811351137562,-0.8623145398892288,0.32447439948480933,0.858125067447326,0.008440404549195996,-0.4136917878478824,0.12214944469431245,0.6817421706862145,0.16231986177126023,0
1.1614159000919912,0.20717554051898904,1.4383931084795292,-0.4281154315628296,1,0,0,0,1,0,0.5770679027024219,-0.6135233590140237,0.15000090842273722,-0.5245989408551672,-0.24107228884808043,-0.06642121072504202,2.4505584869666803,1.3727130369606226,-0.5565432024725724,1.171843138488798,0.9337472756564164,0.5988063909553794,-0.7444138672594981,2.828620393718691,2.280888710294032,-0.9813380311942632,1.4941908417449572,1.1266798058758982,0.6912331826893887,0.13114384342216406,-0.5812370605486912,0.4008525159165278,-0.22533687938363442,-0.10147041781686846,-0.1139336495198026,-0.13114384342216406,-0.6912331826893894,1.7750010407229295,1.2415090048625523,-1.4284853686988783,-1.6202733215366558,-1.091610591511294,-0.24551969421163483,-1.0357458890816678,-1.3713993881826885,-1.3484860293897554,-0.6648813298155464,0.12408133374116129,-0.6517097564145549,-0.6589286824317738,-0.6515610604546642,-0.3185222492974822,-0.28942660841731066,-0.26463402725168356,-0.76555472453303,1
0.4932090788038099,-0.7977673323680251,-0.4445202009343899,-0.4281154315628296,1,0,0,1,0,0,0.009215737516460692,-0.4762959485216456,0.44424408102243734,-0.5870931034311464,0.2653608750014155,0.08741307639030557,0.3916559827574962,0.4419825290945367,-0.8733128187135042,0.9840385506808802,0.5635075867100492,-0.40351425578464045,-0.31743842437760933,-0.17438362561584558,1.697331350376068,-1.1212115850836502,-0.028712674479588987,-0.46495132112523474,-0.9462874490712617,0.38817105265189955,-0.7188492420037894,1.0937143943761316,0.06713836555795978,-1.3578435936097788,-1.1865219306979728,-0.38817105265189955,0.9462874490712609,-0.11896988561082296,1.6918044954137887,0.22727954162577424,-0.40574627503850064,-0.3918111018575571,0.7626401075935709,-0.05703537174666111,0.4557501964577793,0.44983577907224165,-0.6556293324115703,1.0851850054835932,0.14606483412833096,0.15794641365697218,-0.4033553813079138,-0.11760877902441451,0.15873398274867878,0.3848398340782469,-0.45626319576493324,0
-2.565122141707479,-0.5658574386248675,-0.15484123025532542,-1.6014324776621007,1,0,0,1,0,0,1.1953958159049132,-0.6862073688087155,-0.08027635709007157,-0.4401160914468991,-0.6501780356627782,-0.18761043109788852,0.40719686853668957,-0.5859174096454519,-2.1133956512006287,1.042350805446811,0.8871342743050925,1.5849432562091632,-0.10263702212052145,-0.636799411066901,0.33085621589122793,-1.9695052678574991,0.7490584938658131,0.9094816554697435,2.110417730215288,0.06858695651968806,-1.2024996263305554,1.1356345265514123,0.9099197985318405,-0.6653951110825512,-0.2653861845282199,-0.06858695651968806,-2.1104177302152882,-0.48105256270404034,0.5660657690356972,0.7185504490847379,-0.5091102789957901,-0.20406001926752979,2.904979686429634,2.2266225020350205,1.1201682272361313,0.7598912632898273,-1.1644891896302574,0.8828473903799233,-0.3688900476960481,0.13201387092399572,-0.14386762583630988,-0.794369942049485,0.5337254978059351,0.6260729825722207,-0.332546584257695,0
-0.4320003660567478,-0.6173929705677911,-0.4445202009343899,1.478524768348486,1,0,0,1,0,0,-0.16744938054139394,-0.4036119387269538,0.23955317834438508,-0.5396438318456808,0.30734262500597687,0.10664236227972403,-1.4769865497938257,-1.2953150202112627,0.3452590101110745,-1.3444920781450134,-0.48883971772403023,-1.607526785911619,0.12510047118522152,-0.5024574624090737,0.5417735601302669,-0.10432452673810927,-1.0510945388033759,-0.4112103946189663,-1.3392924006938196,-0.8641809106868654,1.5517361751639556,2.320597375368026,-0.5768167214199391,0.7740747060307706,0.23404865970170724,0.8641809106868654,1.339292400693819,-0.48105256270404034,0.491016520610491,-0.018355912103706302,-0.06981326217730856,-0.47715250303484213,0.4475901695294441,-0.7910682597479163,-0.26403600355210183,0.139780294854656,1.2780381250194413,1.9451198696741894,-0.350643614875499,-0.5811310542328463,-0.2623294272472596,-0.0647368131630805,-0.37174181903963527,-0.7656567202776299,-0.6418381130257917,1
-1.280109023845593,-0.7204640344536393,-1.168717627632051,1.0385308760612593,1,0,0,1,0,0,0.1858808555743153,-0.5338616842790415,-0.23379453409861076,-0.38514437436617666,-0.3421690713191047,-0.11292925101572851,-2.4900832119817977,0.2535394270555575,0.9721573315504145,-1.2700594271172105,-1.6293387599691667,-0.46268312513175025,1.5845221139043075,-1.4728443729634313,0.12782363218448936,0.4806283494832411,-0.9885570556818262,-1.1604254174262976,-0.6772662024248698,0.040659774866796713,1.990872578137782,-0.21993991176845842,-0.845986500083473,0.7355320942394343,0.9852906247618549,-0.040659774866796713,0.6772662024248691,-1.4280380258709164,-0.10937746679115769,-0.6551885699208807,-0.3282232720705331,-0.6819718658603261,-1.1906695084040155,0.35076067714292497,0.7879592118469556,-0.728375060954584,1.8886699536818656,-0.17942508891434333,0.0963939892279486,-0.3607044410025493,-0.0592520533999176,1.2993599060593275,-0.7010026615289333,-0.7656567202776299,0.16231986177126023,1
1.1614159000919912,-0.7977673323680251,1.4383931084795292,-0.4281154315628296,1,0,0,1,0,0,0.5770679027024219,-0.6135233590140237,0.44424408102243734,-0.5870931034311464,-0.0728660439832122,-0.018124399653944526,2.5027073413568606,1.12016790746652,-1.070659047042474,2.2214279473607004,1.710477957941592,1.2954088858875585,-1.0068921504040667,2.6637615612510777,2.5792911839460966,-1.1971803208863987,1.7812709415271597,1.1757659462187948,1.2589070016997488,0.5182145811312309,-0.8184763149513732,1.04641167921182,0.2605760177366343,-1.2347280683015731,-1.0757985154223022,-0.5182145811312309,-1.2589070016997495,1.7192960134778195,1.5417059985633763,-1.3102164465328319,-1.6202733215366558,-1.0062691903340089,-0.08799472517957138,-0.8726274695258333,-1.3713993881826885,-1.2864749325462383,-0.7759052986632599,0.9587239960437993,-0.031331040515893936,0.10608132819102022,-0.39771434314548676,-0.3819686083310823,-0.12479618717266176,0.1250502895462747,-0.5799798072721716,1
-1.5371116474179702,-0.5658574386248675,1.0038746524609323,-1.6014324776621007,1,0,0,1,0,0,1.2332526269173105,-0.6879517850437881,-0.08027635709007157,-0.4401160914468991,-0.6623311899096233,-0.1889520091831968,1.0154003268541902,-0.20230949728569303,0.27046550973999295,0.24817532130045994,1.1378495672019893,-1.0245075311688565,-1.7652710804751002,0.1991060472484685,0.785139726559928,1.4479064256028626,-0.17087373699182515,1.602844981766316,-1.4375436385994584,0.02843219803499119,-1.2129944556596572,1.064211876450119,1.0852709097047268,-0.5047043207420463,0.08560599158989828,-0.02843219803499119,1.4375436385994576,0.0759977097470634,0.5660657690356972,-0.3731626786018469,0.3953247556304958,0.3079883877961804,0.06953024385249205,-1.85133798686084,-1.648240234340335,0.7598912632898273,-1.192245181842186,0.7310941790521709,-0.5604775923118106,0.04124997135858002,-0.1607907403235886,-0.857816301083085,0.2044646553166367,0.23638866577426285,-0.45626319576493324,1
0.46750881644657266,0.8513696898055362,-0.15484123025532542,-0.13478617003801185,1,0,0,1,0,0,0.021834674520593164,-0.4803662530701483,0.03486227566633282,-0.48293616580451443,0.0077818570063298165,0.0037880424060904513,-0.6803384581340152,0.11029521592207066,-1.0560947932574485,-0.5167711151582677,-0.5198207753387387,-0.249078463987323,0.2169553148169377,-0.0019201295474830951,0.6277453037059629,-1.1894439030458959,-0.05314189809124614,-0.011485719241571445,0.9573302853504951,-1.2891818387499494,0.9441086164900442,0.4774778194819253,0.24844054873952764,0.6454298408169414,0.6645788973388542,1.2891818387499494,-0.9573302853504958,0.2152602778598393,0.9413120111617277,0.900502637032502,0.07231224326396513,0.0519641842643253,1.865314890818015,1.0032343553662626,0.5664865349208381,0.5738579727592754,0.6396503041450882,0.19995793940503753,-0.6243401071837319,-0.41256952646850126,-0.14386762583630988,-0.5088613263982832,0.36909507656128593,-0.2089648391376897,-0.3944048900113141,1
1.1614159000919912,-1.5450325455404195,1.4383931084795292,1.0385308760612593,1,0,0,1,0,0,0.5770679027024219,-0.6135233590140237,1.2374213288998899,-0.6819916466020778,0.23974557468834096,0.055215202342907235,2.463164409602179,1.7435191118393507,-1.924559655150773,1.8817871468881775,-0.25324831562527017,1.9349795976089157,0.6295489531739401,3.068735894390238,2.7177755273568316,-1.319827310677246,2.334067040642659,1.3970864676257548,1.2514376093443502,1.3979208031972914,-0.35884532375916683,0.3295731637626698,1.3046383581511876,-0.22775210948529126,1.6932182282133457,-1.3979208031972914,-1.251437609344351,1.8585585815905954,1.4666567501381707,-1.583144728454478,-1.8786833314298803,-1.1257471519822078,-0.34003467563087314,-1.2804235184154193,-1.7589765728033937,-1.4725082230767892,-0.6093693453916895,-0.17942508891434333,-1.308581337954314,-0.5551985114998699,-0.6007917169928287,-0.3819686083310823,-2.2649916633530998,-2.213055611241474,-0.45626319576493324,0
-1.280109023845593,0.4648532002336079,-1.168717627632051,-0.13478617003801185,1,0,0,1,0,0,0.1858808555743153,-0.5338616842790415,0.009275912831576286,-0.4754137203092577,-0.1264599364631522,-0.04316719057969878,-0.8536075916058801,-0.16428350119525278,1.184002062149194,-0.6816761492677601,-0.8028607108329173,-0.9580589624948803,0.8618653069083321,-1.298298944296954,0.34183332674381756,0.5078006065840276,-0.5246526863042674,-0.7324233216712097,-0.31054414497595056,-0.9986842558367333,-0.1102828725109848,0.5679253837584815,-1.1082798457486844,0.4006638767952139,0.3286894259811912,0.9986842558367333,0.3105441449759499,-1.2330704305130304,0.26586877533487285,-0.12752722487236504,0.14983524623193267,-0.06751377738387422,-0.844114576533476,0.5954383064766764,0.8433273810784847,-0.29429738304996345,0.1400424443303771,0.9587239960437993,1.0817013615375868,0.2616765845888761,0.4145951522438788,1.9655466759121307,0.6983559190505837,0.23638866577426285,0.7190446135538346,1
-1.5371116474179702,-1.2873548858258006,1.0038746524609323,-1.161438585374874,1,0,0,1,0,0,1.2332526269173105,-0.6879517850437881,0.17558727125749374,-0.5286494884295363,-0.47566005375617104,-0.12053152683247534,0.4699324359087641,-0.25372254065074523,0.0476540324711551,0.46821317933147666,1.4062605233924859,0.743554961330897,-1.794305157803258,-0.49205758478073536,-0.17136909969435332,0.467501431577351,0.1831283463157647,1.3897210085194203,0.6912331826893887,0.328563629361145,-1.1451106325302425,0.17656834750137204,0.4046491942614449,-0.4509388652471892,-0.47141547580338833,-0.328563629361145,-0.6912331826893894,-0.48105256270404034,-0.18442671521636386,-0.06990903202224041,0.17998308071947566,0.2510941203446566,0.6996301199807459,-1.3076099216747252,-1.648240234340335,0.34648395099971346,-1.1089772052064004,0.04820472807728505,-0.323273965644676,-0.07544647093981212,-0.24540631275998087,-0.6992004034990842,0.2044646553166367,0.4033962301162448,-0.3944048900113141,0
-1.3315095485600683,-0.1535731830814779,-0.15484123025532542,-1.161438585374874,1,0,0,1,0,0,-0.7605394197356201,0.688974096506853,0.9175917934654332,-0.6519018646210507,2.0574771676136634,1.0336728192277345,0.3165257528901728,-0.6658522876191943,2.3470667935831737,0.5807369064658388,2.389902506034784,0.7786946702922724,-2.208994502088778,-0.05744706892036996,-0.7073190692968957,0.24639568611535853,0.6577129017160497,1.429004608890805,1.0387885820834852,0.031788787753525546,-0.4975371988720003,0.2053264449191072,-2.960915031794666,-0.13236123993573268,-1.7118454382233128,-0.031788787753525546,-1.038788582083486,-0.3417899945912644,-0.9349191994684248,-1.155557086777232,-0.8708842928463041,-0.596630464683041,-0.2770246880180474,-0.709509049969999,-1.149926711256571,-0.728375060954584,-0.38732140769626244,0.35171115073279,0.4613226456389258,-1.2294446225572482,-1.1931007240475748,1.4579758036433286,1.6038232358961542,1.795125932966095,-0.332546584257695,1
-0.1749977424843705,0.5936920300909173,-0.8790386569529866,0.5985369837740325,1,0,0,1,0,0,-0.10435469552073157,-0.42687082186125513,-0.5152445252809326,-0.12185878203219036,-0.5146227357678024,-0.234118471388575,-0.48323733480353703,-1.9828034687468565,-0.09170361521559424,-0.528123758533492,-0.5317251430477293,-0.20694194943598598,0.1637628384601069,-0.6598781115240304,-0.44498173360941284,-1.0487948358815293,-0.6121714761225081,-1.1032914956241888,0.04764949253229553,-0.3295023237687902,0.012610843417143257,2.2756870548054984,-0.9285757505835355,0.106442369441425,-0.3858806794977612,0.3295023237687902,-0.04764949253229624,-0.6203151308168162,-0.40957446049198204,0.02713213488323473,-0.5220307794904515,-0.71610842633123994,0.3215701943037938,0.8401159358104279,0.8986955503100138,-0.4183195767369984,0.08453045990652028,2.3245028979935705,0.33359761589508324,-0.21807545597118072,-0.1607907403235886,0.6331731362065233,1.1099319721622063,1.0157572993701793,0.10046155601764112,1
0.8273124894479005,-0.35971531085317227,0.5693561964423357,0.3052077222492148,0,1,0,1,0,0,-0.016022136491804253,-0.45594442577913186,3.028466727332847,-0.7572161015546452,1.004184981857517,0.23453947307911185,1.2826317648256793,-1.1454228882962636,0.175533154414714,1.7228996838620592,2.0109736740261974,1.9658685926902981,-1.5795513160884926,1.5329082131174552,-0.9870232974412921,0.14057443548715418,1.3987460293498322,1.605171704337779,2.2706482436456317,0.42920901042807535,-0.2518668668687321,0.5833505891254672,-0.09869595176268224,-0.9405537015687453,-1.047226517645928,-0.42920901042807535,-2.2706482436456326,1.7192960134778195,-0.7848207026180125,0.6639647927004092,0.6408142650290589,1.2296755205108585,0.8571550890128092,0.5138790966987595,-0.4301405112466897,0.6358690696027934,-0.38732140769626244,0.27583454506891375,-0.6608329728248301,-0.6070635969658218,-0.9054077777638412,-0.6992004034990842,0.5337254978059351,0.848749735028197,-0.8274130302866491,0
-1.5371116474179702,-0.4885541407104817,-0.4445202009343899,-0.4281154315628296,1,0,0,1,0,0,-0.43244705762817587,-0.23847386847341406,-0.09306953850744984,-0.4389587921399365,0.4024987451062733,0.15583355874102703,0.061688410059003135,-0.7804157684911376,0.9675481562689662,0.9727793334233938,1.2775742466336,-0.7721181686719594,-2.1039988353114896,-1.1532963840005368,-1.3290127641456422,0.9465496202748468,-0.4753526307002249,-0.19699335326101278,-1.845181753314344,0.7769517052683067,-1.2381393938659964,-0.26023067806258054,-0.37147965919594483,-1.7855136525297817,-1.8532347588694007,-0.7769517052683067,1.8451817533143433,-1.2330704305130304,-1.4602639384448675,-1.3920949311093263,-0.7804407893836761,-0.9038595089212672,-1.537224440274555,-1.6882195673050053,-1.2606630497196296,-1.2244638357027204,-1.1644891896302574,-0.2553016945782196,-0.031331040515893936,-0.21807545597118072,-0.8884846632765624,-0.2233527107470814,1.1099319721622063,1.795125932966095,-0.2706882785040748,1
0.9044132765196139,0.43908543426214564,-1.168717627632051,-0.8681093238500562,1,0,0,1,0,0,-0.3945902466157784,-0.2617327516077154,-0.15703544559434116,-0.41697010530764755,0.2862315061001328,0.12095252852301216,0.34016299455073357,0.25666787647413947,-1.0844546648405866,0.9968446687054937,0.829435915979328,-0.21389651979882918,-1.1138113565930816,-1.0075598033031703,-0.5076499457836792,-0.1750504129070762,0.02338379719413196,0.059963063520089954,0.1590389773671773,-0.44946226314143684,-1.4797468081536962,-0.8608372870031585,1.3065770731092607,-1.3234858633496671,-1.01976505253336,0.44946226314143684,-0.15903897736717798,-0.9545452942874786,-0.4846237089171882,-0.03655113089848297,-0.12149526415595328,-0.10165033785478751,0.16404522527173035,-0.22015379130249568,-0.319404172783631,-0.4183195767369984,-1.3587811351137562,-0.7105613285614767,0.4339529964081015,1.078551680677623,0.39767203775660004,-0.857816301083085,1.6038232358961542,1.461110804282131,0.16231986177126023,1
0.6731109153044746,0.8513696898055362,-1.6032360836506476,-0.13478617003801185,0,1,0,1,0,0,0.29945128861150755,-0.559446455726773,2.068978121029477,-0.734648765068875,0.6034731796561102,0.1374986582418141,-0.22244462837390275,-1.2821010651644482,0.8267632980580156,0.13250436149847822,0.766408476810658,0.1035638907363657,-0.8548231464383552,-0.7492739512383162,-0.6753672926122143,-0.10190066085814226,-0.26788701209064,-0.44544744330597774,0.2600885100232926,-0.11670382262079637,-0.4393510329950974,1.0831558202790266,-1.232613462079906,-0.4446370194421565,-1.4312612845269181,0.11670382262079708,-0.2600885100232933,-0.7595776989295921,-0.7097714541928067,-0.32767463161490584,-0.3282232720705331,-0.40887938209301433,-0.37153966943728567,0.5954383064766764,0.5111183656893089,-0.4183195767369984,-0.47058938433204756,0.8828473903799233,-0.2685346671830286,-0.840456481562607,-0.939254006738398,-0.1916295312302808,1.1922471827845313,1.2384340518261547,-0.8892713360402683,1
-0.14929748012713334,0.05256894469021735,-1.6032360836506476,-0.13478617003801185,0,1,0,1,0,0,-0.15483044353726144,-0.41873021276424965,-0.42569225535928473,-0.25494820233288673,-0.3158344733666735,-0.1250034537835029,-0.7525189403795719,0.3113892220550223,0.6032834973574533,-1.3942114929499434,-0.83941581594066494,-1.6661106411964495,-0.2877437037655301,-0.9266265285226477,0.7085012808333643,0.42883250158897607,-1.8053164384185059,-1.3033989861682849,-1.887285220561891,-0.4005896952488784,0.12052159574741352,0.2823695502352484,-0.3937734433563078,0.09336890283897303,-0.18123375204294084,0.4005896952488784,1.8872852205618895,-0.9266927806649233,0.491016520610491,-0.3913578973966235,-0.12149526415595328,-0.8185181077439823,-0.5290646384693491,-0.7910682597479163,0.06817301183707392,-0.29429738304996345,0.16779843654230542,0.35171115073279,0.2514886682026129,0.002351157259115363,0.04228663352375219,0.28421816152172197,0.7806711296729086,0.6260729825722207,0.038603250264021984,1
0.8016122270906633,-1.2100515879114147,-0.15484123025532542,-0.8681093238500562,1,0,0,0,1,0,5.208217783219039,-0.7926167591481442,1.442112231577942,-0.6953005886321474,-0.6555846277019194,-0.07223471576137783,-0.1269596268766088,0.6210864759866643,-0.7879692312181419,0.42755117459471087,-0.32092486256650055,-0.10183874140661747,0.8856387244204382,-0.42161582773819195,0.17371235298045914,-0.6752874730569152,-0.2053233489656918,-0.9869700167028107,-0.3979084468072301,0.2557448558590603,-0.24473311561632197,-0.6784394580182402,0.3985815502541411,-0.7811891717058346,-0.5463660842425659,-0.2557448558590603,0.39790844680722937,-0.4253475354589299,0.11577027848446049,-0.11842961547497735,-0.44450777652248397,-0.4942207832702994,-0.2770246880180474,0.5954383064766764,0.8986955503100138,-0.23228628620644656,-0.3040534310604773,-0.7105613285614767,-0.3050275328241268,-0.06248019957332482,-0.36386811417093057,-0.5088613263982832,-0.5363722402842841,-0.48731077970765985,-0.76555472453303,0
-0.7147032519863632,-1.3388904177687242,-0.15484123025532542,-0.13478617003801185,1,0,0,1,0,0,0.03445361152472564,-0.4855995017753661,-0.7839013350458762,0.6882507328416136,-1.6190412403228231,-0.9053547067378097,-0.5803046253338812,2.186218827377631,-0.7903947803080802,-0.9109108434831069,-2.0724712556918736,-2.0351077572386926,1.4197513368078334,-0.656529581800881,2.5743569054506175,-0.8125491302949414,-0.647034705706886,-1.5277485395347434,-1.5062138586410354,-1.2817996886347096,0.15093108522427756,-0.4217197160844741,0.2639626290560063,0.5889932441743122,1.2027650369485876,1.2817996886347096,1.5062138586410334,-0.5089050763265954,2.81754322179188,0.6730624020977969,0.11107374474794844,-0.15285517856115927,0.16404522527173035,0.2692014673650073,1.2862727349307197,0.44983577907224165,-0.026493508941193386,-0.5588081172337243,-0.5878472415426337,-0.37367071236903754,-0.1269445113490324,0.030432725387320277,-0.4540570296619595,-0.9883334727336057,-0.332546584257695,0
-0.25209852955608386,-1.4934970135974959,0.5693561964423357,-1.6014324776621007,1,0,0,1,0,0,-0.3062576875868511,-0.3373241217941949,-0.10586271992482811,-0.43838014248645524,0.21242724979201102,0.07936360787845599,0.516188525580329,0.45406700244716897,-0.5520257061501663,0.22359578434236557,0.7474702854964078,0.9084074998141254,0.5470028379394225,1.2906565049201681,0.5292685792465298,-1.2536047945239057,0.6072123265558016,0.12567963443883556,-0.16027754582615011,1.3979208031972914,0.5718360621331269,-0.09301156686377242,-0.5051142880331191,0.3000378693640576,-0.8490462777502336,-1.3979208031972914,0.16027754582614942,0.9672781456688292,0.26586877533487285,-0.5642124759469986,-1.077612300760884,-0.8185181077439823,0.3845801819166189,-0.5463906304141645,-0.5408768497097485,-0.4803306735805153,1.194770148383656,0.5793409677244183,2.112624815898597,1.454573550305776,1.5145975939169787,0.728342674756924,-1.0302635040182315,-0.5429799678216537,1.3994859768436472,1
-0.6376024649146498,0.9029052217484598,-2.327433510348309,-1.161438585374874,1,0,0,1,0,0,0.9682549498305286,-0.6670187902229168,-0.4128990739419065,-0.2578414506002932,-0.9378228167821236,-0.31371877111686536,-0.09594861787088332,1.175744663178855,-1.015101701970975,-0.8093089284028123,-1.4135840973411946,-0.7921588223876753,1.4088461274655606,-1.1543536674963448,1.124915048328986,-1.419522918290976,-1.0177225535295111,-1.6074176816645775,-0.65872285032305,-0.42709685071602743,-1.0199976944301776,-0.48683124775697983,-0.038805601911431856,0.08416788720600893,0.2683980505088947,0.42709685071602743,0.6587228503230493,-1.17736540326792,0.641115017460903,-0.8553359766634215,-1.3747838121380926,-1.6207272788104614,-0.24551969421163483,0.2692014673650073,0.6772228733838963,-1.1624527388592034,-0.9701972441467586,-0.482931511569848,-0.0951935553878152,-0.10137901367278856,-0.0592520533999176,0.15732544345452057,-0.37174181903963527,-0.5986491559356475,-0.45626319576493324,0
1.2128164248064663,0.6709953280053031,1.0038746524609323,-1.6014324776621007,1,0,0,0,1,0,-0.5586364276695006,0.017373846003900996,0.29072590401389814,-0.554110073182713,0.9160593027320304,0.44158969091168726,0.47788649819389417,0.05161149946715727,0.7568011241893762,0.4507983876072267,0.8463164564839583,0.7111958345821844,-0.5456075600738277,0.020835512137341965,-0.5852741937051905,1.0433080010071356,0.4622035549461825,0.8904251581296693,1.7556215933338128,-0.7712178265546397,-0.6436942105555389,-0.6571532418114854,0.013851435017506653,-0.15068640543970266,-0.2309259828750689,0.7712178265546397,-1.7556215933338135,0.29881781872750485,-0.25947596364157,1.137040481364595,1.584010801139329,1.7417239275745686,0.25856020669096863,1.6557080335896,0.7879592118469556,1.3800022317249987,-0.7759052986632599,-0.8623145398892288,-0.998391980004983,-0.840456481562607,-0.8377153198147269,-0.826093121566285,0.5337254978059351,0.18071947766026855,-1.0748462533011267,1
-0.14929748012713334,-0.46278637473902035,-1.6032360836506476,-0.8681093238500562,0,1,0,1,0,0,-0.15483044353726144,-0.41873021276424965,0.07324181991846762,-0.4921945602602151,0.18715438942048138,0.05834555120862652,-0.9806646359329216,0.3840401916611832,-0.3298125727780306,-1.44035490337091,-1.3413638758863455,-2.1433748589363715,0.19958687544614676,-0.8130733674482908,0.5055472987151657,0.3261606025586245,-1.3114352145049044,-0.7762910119001655,-1.944395262715851,-0.9948801208223941,0.5512247196857674,-0.02066102950779762,0.7786247865369786,0.6454298408169391,0.9859416529072671,0.9948801208223941,1.944395262715851,-0.8152827261747027,0.340918023760079,-0.31857702221751816,-0.10857476366129187,-0.6136987449184976,-0.2770246880180474,-1.1173050988595852,-0.3747723420151606,-0.17027518936292965,-0.16527347000083534,-0.7105613285614767,-2.1114243820584635,-1.5017363212534962,-1.2100238385348534,-1.6826189685198898,-0.9479482933959068,-1.378017789531564,-1.940862533851798,1
0.2619067175886707,-1.2100515879114147,-0.8790386569529866,-0.8681093238500562,1,0,0,0,1,0,-0.7226826087232228,0.38660861576093525,1.442112231577942,-0.6953005886321474,1.960722149154853,0.8346720699070085,-0.08875402609794751,-0.06967319744731316,-1.0526271762217974,0.2840118052677949,0.20591029239529213,0.3085373177849235,0.2330641549996355,-0.3790321895128278,-0.8512253178663725,-0.7672175718639819,-0.324275317028117,0.00618742867399646,0.11588809585456382,0.30587169994287167,-0.2553098639594131,-0.7571101869374797,0.6679969435716079,-0.7052274794560023,-0.26165264495424406,-0.30587169994287167,-0.11588809585456454,-0.14682239923337803,-0.5596729573423944,1.0642596061854894,0.44700675760914055,0.2909201075607231,1.8023049032051899,0.2692014673650073,0.2342775195316623,0.8219023601333442,-0.24854144663662048,-0.7105613285614767,-0.0039613912850709025,0.3394742127878045,0.025363519036474696,-0.3185222492974822,-0.7010026615289333,-0.6543183440496418,-0.45626319576493324,0
-0.25209852955608386,-1.3388904177687242,0.5693561964423357,-0.13478617003801185,1,0,0,1,0,0,-0.3062576875868511,-0.3373241217941949,-0.7839013350458762,0.6882507328416136,-1.2922481779456862,-0.7913205694866073,0.9270437894672247,0.36239608085479247,-0.8180039472043593,0.12524119791971455,-0.5693040399332657,-0.9772673857348851,0.267052681944405,1.5821368734981092,0.1425877139865826,-0.9649238438738489,0.9012195256178015,0.3408306590036951,-0.2971274843375756,-1.0381887348318,0.2917755662470098,-0.35455875231062506,0.14858339293034165,0.7244410761166209,1.0728779353399962,1.0381887348318,0.29712748433757485,1.1622457410267157,-0.10937746679115769,-0.6915790075104341,-1.0388507992769007,-0.6819718658603261,0.038025250046078915,-0.7910682597479163,-0.762349526635866,-0.5423417704240322,0.11228645211844858,-0.482931511569848,-0.5239847266707137,-0.37367071236903754,-0.07617516788719629,-0.033013633646279864,-0.5363722402842841,-0.9883334727336057,-0.2706882785040748,1
-1.5371116474179702,-0.17934094905293926,-0.4445202009343899,-0.8681093238500562,1,0,0,1,0,0,-0.43244705762817587,-0.23847386847341406,-0.11865590134220637,-0.42217795218897913,0.38018212803598656,0.14286497058304715,-0.3985515417832648,-0.9776890894811602,0.8319872326470469,0.02497622838518766,0.26102349058139074,-0.9168838860837351,-0.9283208408295339,-1.272154971117091,-1.3717910549416616,0.40063510018758886,-0.4394001884038242,-0.25357940799547596,-0.8569681418843186,-0.4005896952488784,-0.716926637125528,-0.03232120661423027,-0.7347547801790373,-0.4694429784297045,-0.5869142583137238,0.4005896952488784,0.8569681418843179,-1.2609229441355856,-1.3852146900196616,-0.7006766169078218,-0.40574627503850064,-0.5454256239766699,-0.7495995951142377,-1.0357458890816678,-0.8177176958673952,-0.790386157798101,-0.6371253376036178,0.04820472807728505,0.2514886682026129,-0.17917664187171697,-0.3469449996836519,0.6014499566897238,0.7806711296729086,0.6260729825722207,-0.20882997275045564,1
-1.2030082367738797,-0.1535731830814779,-0.8790386569529866,-1.6014324776621007,0,1,0,0,1,0,1.43515561898343,-0.7013256428460113,-0.16982862701171944,-0.4140768570402411,-0.8038477716495906,-0.2193611124501841,0.5148779250191651,-0.6951001346311992,0.08320256823448953,0.8235810387892508,0.5909519701779372,1.543623567989829,-0.00743190271908721,-0.34747653808500195,-0.7031717749990795,0.5843005824901362,-0.30329565585089807,0.06342821038584177,0.05260013630273529,2.0531502651499434,-1.0631447509209027,0.24962470121172123,0.4734250375901451,-1.41334763094369,-0.7063412015319052,-2.0531502651499434,-0.052600136302735995,-0.3139374809687093,-0.6347222057676005,0.09081540066495114,0.3824042551358344,0.2397152668543526,-0.18250970659880966,-0.46483142063624716,-0.5408768497097485,-0.17027518936292965,-1.0812212129944723,-0.02767187758659086,-0.7155722712864762,-0.38663698373552574,-0.8884846632765624,-0.5405845059150832,-1.3595243465075295,-0.6543183440496418,-0.45626319576493324,0
-0.14929748012713334,0.5936920300909173,1.4383931084795292,0.3052077222492148,1,0,0,1,0,0,0.5013542806776271,-0.5960791966632976,0.20117363409225028,-0.5309640870434614,-0.17231357265699815,-0.048086310225829085,-0.12922034571503715,0.08897743985865493,0.029863132792415092,0.7725210850693442,0.6377723508447041,-0.1657029804817997,-0.9649585652708423,0.02103849051963791,3.2044669962369863,-0.6812663048776776,0.75445886370151,-0.5180844600597168,-0.6862106428504532,0.45457625868389784,0.2007054481269974,3.08804036245307,-0.7254308382781889,-0.295517652528439,-1.3349439299046664,-0.45457625868389784,0.6862106428504524,-0.11896988561082296,2.5923954765162622,-0.5187244289600577,-0.7675202888890147,-0.4600842227993849,-0.7495995951142377,-0.38327221085833024,-0.09793149585751397,-0.6043528672675491,0.16779843654230542,2.8556391376407038,-0.031331040515893936,-0.39960325510201306,-0.48232991558187904,-0.4771381468814831,0.9453015509175579,1.3497724280541432,-0.20882997275045564,0
0.004904094016293398,0.1298722426046032,-1.8929150543297122,-0.4281154315628296,1,0,0,1,0,0,0.5644489656982895,-0.6024753895252305,0.11162136417060241,-0.5066608015972472,-0.26065329729615605,-0.07178752306627507,-0.5743093345232443,-0.9111411873558782,1.119462433872668,-0.7466672034861725,0.3166352783278472,0.8049572503649561,-0.025316894353232824,-0.9293663214772803,-0.577710805446172,0.08094174821871787,-0.6620996855080385,-0.26923599923442765,0.02218903885575044,1.0758588642714124,-0.13002076813688818,0.6718318712121855,-1.4490039983500953,0.35217250656449267,-0.6744979200616973,-1.0758588642714124,-0.02218903885575115,-0.9266927806649233,-0.6347222057676005,-0.3731626786018469,-0.2765412700918884,-0.5112890635057554,-0.11949971898598452,0.02452383803125581,0.012804842605544792,-0.4803306735805153,-0.5816133531797613,-0.17942508891434333,-1.9472064866735241,-2.2019149750438505,-1.971563990462384,-1.0798785577006862,-0.9479482933959068,-0.5986491559356475,-1.6934293108373202,1
0.3904080293748593,0.6194597960623787,1.0038746524609323,-0.4281154315628296,1,0,0,1,0,0,1.1196821938801182,-0.6780667597117099,-0.5280377066983108,-0.10160604416034526,-1.1865409984031605,-0.44295746000156144,-0.9395068116195436,1.86449450281914,-0.9069817502509775,-1.4378217779863829,-1.4036099353469873,-1.014874812532877,1.6332151469079512,-1.2043026113719786,2.1236536419230614,-1.1957516768853418,-2.3657773770810255,-2.4676275914787875,-0.9162105395083129,-0.4754817429490244,0.10308211227050475,-0.43164761934009654,0.038259319243917955,-0.4034598884418115,-0.5843963992377527,0.4754817429490244,0.9162105395083121,-1.2052179168904753,1.5417059985633763,-0.7188718357025985,-1.168055804223513,-1.8767514823423164,-0.24551969421163483,0.8401159358104279,1.5631135810883663,-1.1624527388592034,0.08453045990652028,-0.4070549059059717,-0.0039613912850709025,0.015317428625603584,-0.14386762583630988,-0.3185222492974822,0.28677986593896093,0.06938110143228039,-0.5181215015185524,1
-0.09789695541265715,0.6194597960623787,1.4383931084795292,0.3052077222492148,1,0,0,1,0,0,0.17326191857018283,-0.5321172680439689,1.2502145103172682,-0.682570296255559,0.4652392593441241,0.11826937235239564,1.374755670431689,0.7046658892546073,-1.411569389734493,1.801131925488963,1.44126974472003,0.8957619418807461,-0.6912818086762553,1.8742720889985922,1.187586988018151,-1.146504745349843,1.509306736595482,0.6820712067073366,-0.2859102762628674,1.505274782839251,-0.03888063754582657,0.22252252668374106,0.7775359430410737,-0.9366103081455622,-1.2078114767511168,-1.505274782839251,0.28591027626286675,1.9699686360808162,1.3165582532877582,0.46381738595786837,-0.23777976860790415,0.3591932285025509,1.0461850518512859,-0.5463906304141645,-0.4855086804782194,0.6358690696027934,-0.19302946221276363,-0.010810409661285101,-0.604066292938677,-0.144599918227749,-0.49737268401501544,-1.4922798914190887,-0.847340813746399,-0.23370670052168696,-0.7999204499517073,1
-0.8432045637725518,-1.2100515879114147,-1.8929150543297122,0.3052077222492148,1,0,0,1,0,0,0.48873534367349464,-0.5960791966632976,0.188380452674872,-0.5292281380830175,-0.1740531467860691,-0.04942788831113735,-0.9426401531825882,0.19516735949751954,-0.6105607094798902,-0.6436750190115451,-1.0441192630721263,-1.5265633833722285,0.17326616201977232,-1.2114844136587175,-0.407354488945409,-0.28708720338470445,-1.5536639621101578,-1.0666038244754856,-1.0923365864985648,-0.9986842558367333,0.10026312776359406,-0.6759521104511432,0.5461619909465762,-0.6710231651305213,0.3160751417313084,0.9986842558367333,1.0923365864985641,-1.00328719312695,0.003196405846651406,1.4008711538888534,1.009048529126904,0.2439823369132166,1.4084924806250314,0.4934892942542799,1.2585886503149546,1.2249744896162058,0.0012624832707351544,-0.7105613285614767,-0.31415074923440073,0.002351157259115363,-0.2623294272472596,0.09387908442092041,0.6983559190505837,0.23638866577426285,-0.20882997275045564,1
0.2619067175886707,-0.46278637473902035,0.5693561964423357,-0.13478617003801185,1,0,0,1,0,0,0.5392110916900246,-0.5995680291334429,0.7768667978742723,-0.6322277764026869,0.09447356510372067,0.027489255246536448,-0.6896790759972903,-1.3275656193557497,1.930490382779912,-0.17297984162808214,-0.02845547587322408,1.0942559329844719,0.6424184302396014,-0.8591835512492532,-0.7111314604047334,1.7730141752019681,-1.3570682368050353,-0.7556641204039912,0.9416775146057242,0.5584902876836534,0.10052946286715732,1.1097295895345642,-0.8573367678280269,-1.111961027148168,-0.7007654232181263,-0.5584902876836534,-0.9416775146057249,-0.7038726716844818,-0.4846237089171882,0.7549408866742913,1.6486133036126354,0.8883099158017184,-0.7811045889206503,2.2266225020350205,1.784586258014483,0.38782468222872474,0.08453045990652028,1.0346006017076752,0.0051618251252043045,-0.4385020692014777,-0.8207922053274488,0.8552353928241243,0.36909507656128593,0.7374113588002092,0.10046155601764112,0
-0.3034990542705592,0.7740663918911503,-0.8790386569529866,-0.8681093238500562,1,0,0,1,0,0,1.2080147529090457,-0.6867888408870729,0.4570372624398156,-0.5876717530846277,-0.30941220625603205,-0.07402348654178885,-0.9029292343712068,-0.4002315906926649,2.445103245311136,-2.5996619930722886,-1.9183877116565546,-1.9059364145484605,0.6696051147435159,-1.61898832458746,0.44442709355840293,2.289115457839261,-3.228900886845735,-2.557334976013116,-2.3498765620089648,-0.26889098598050765,-0.3621289778424563,0.9945477247585142,-1.0421977741086317,0.3102527890373432,-0.0027418791691496782,0.26889098598050765,2.3498765620089634,-1.5951531076062477,-0.18442671521636386,-1.5558519002623137,-0.37990527404917784,-1.5695224381040902,-2.450869260660523,-1.0357458890816678,0.012804842605544792,-1.1004416420156866,-0.026493508941193386,1.6416134470186852,1.5834782641026803,0.6895635396829819,0.7869036709640054,1.9972698554289314,0.4514102871836102,0.3477270420022505,1.275769365336409,0
0.05630461873076867,-0.978141694168258,-0.15484123025532542,-0.8681093238500562,1,0,0,1,0,0,0.6149247137148194,-0.6175936635625264,1.9794258511078293,-0.7317555168014686,0.42167869943947567,0.09054342525602485,0.2054234748192632,1.847104505930842,-2.0678957223377585,-1.470199403611527,-2.4240028199059536,0.3008444215274141,2.8882920659830225,-0.6554068955841952,0.3814185929348332,-1.9975935831462144,-2.4675145352494554,-2.7453979056113655,-1.9081153569896239,2.3027614887509538,-0.9405211899418504,-2.1531121286676815,0.8194938234812983,-0.46060062956588466,0.470975677269318,-2.302761488750954,1.9081153569896225,-0.7595776989295921,0.04072103005925432,-0.8280431484712572,-1.6202733215366558,-2.2693219277578276,0.038025250046078915,0.10608304780917345,1.397009073393778,-0.9144083514851348,-0.19302946221276363,-1.6969572021918669,5.305750559494648,5.214792246587306,4.5607582016271015,3.900660626436942,-1.0302635040182315,0.013711913318286572,6.348150437133195,1
0.030604356373531493,-0.7719995663965628,1.7280720791585935,-0.13478617003801185,1,0,0,1,0,0,0.551830028694157,-0.6024753895252305,-0.6559695208720935,0.14200545995527725,-1.2803870073618515,-0.5730905342764631,-0.9777642434904918,1.0061027781947343,-0.16282804731673772,-1.269519296131123,-1.6005644456047923,-2.792733028815429,0.23035052703979803,-0.442266618386098,0.1911201920616284,-0.8587400723492121,-0.15371344338686638,-0.5161009743131199,-1.6504213207283431,-2.172086992532613,0.9176973879714794,-1.1894476247053543,-0.640359560680236,1.562619047306657,1.5769400179613742,2.1720869925326127,1.6504213207283416,-0.45320004908148526,0.11577027848446049,-0.16391766246191838,-0.5737127814690962,-0.596630464683041,0.25856020669096863,-1.1173050988595852,-0.5408768497097485,-0.35630847989348147,0.5841383197212315,-1.2416975682086098,-0.7155722712864762,-0.9052878383950472,-0.3130987707090945,0.41111087958892223,0.03983423407198747,-0.8213259083916238,-0.332546584257695,0
-0.48340089077122306,-0.3854830768246345,-0.15484123025532542,-0.13478617003801185,1,0,0,1,0,0,1.674915422061947,-0.7199327493534524,-0.6687627022894718,0.18771878258029903,-1.7131140412964128,-0.6987516816003371,-0.36732751690878523,0.001042478756676809,-0.3577848987279805,-1.0755052925231348,-1.9567162366473727,0.9378266097056803,2.011318924646861,-0.17953429649339447,-0.40187272628573084,-1.0559397656453222,-0.5070184356458972,-1.1543039877768568,-0.611077343275553,1.8851427108031094,0.3313893003367553,-0.40401810992507836,-0.5720136876045526,0.950187462687131,1.4168737626843955,-1.8851427108031087,0.6110773432755515,-0.20252742647848845,-0.40957446049198204,-0.11842961547497735,-0.6383152839424023,-0.7843815472730677,0.1010352376589052,0.4323198869208419,0.8433273810784847,-0.17027518936292965,0.11228645211844858,-0.5588081172337243,-0.642586540004281,-0.8145239388296306,-0.4315605721200442,0.664896315723324,-2.018046031486126,-1.712032918215528,-0.023255055489598248,0
0.004904094016293398,0.5936920300909173,-1.8929150543297122,0.3052077222492148,1,0,0,1,0,0,0.5644489656982895,-0.6024753895252305,0.20117363409225028,-0.5309640870434614,-0.20265429568861534,-0.053005429871959386,-0.6861311450089658,-2.324253245841453,0.4486200892293737,-0.11333324765399394,0.9046904585352128,1.1584641506310729,-0.4123796929278546,-1.0145213962414932,-0.40143301270340376,-0.1054625259700281,-0.5255020955463131,-0.018401619427139294,0.9910609039976785,0.5970847941440487,-0.05961576596457266,2.7879637421788943,-0.7192583586711525,-0.36797297652283645,-1.1941075039698943,-0.5970847941440487,-0.9910609039976793,-1.038102835155144,-0.5596729573423944,-0.6642861793182697,-0.6124742829530796,-0.767313267037611,-0.05648973137315825,0.5138790966987595,0.06817301183707392,-0.8523972546416179,-0.08200549336504998,2.5521327149851984,-0.06782390615699217,-0.4255357978349895,-0.5330992590437151,-0.3185222492974822,0.5337254978059351,0.9600881112561845,-0.20882997275045564,0
-0.6633027272718879,-0.8235350983394863,-1.168717627632051,0.5985369837740325,1,0,0,1,0,0,0.526592154685892,-0.5989865570550853,-0.5664172509504457,-0.09292629935812594,-1.0294157917080202,-0.3888471438941281,-0.2071024217259205,-0.3779460599110326,-0.3638880780523414,-0.05081132314419987,-0.333957598098163,-2.042565231470139,-0.38131339449955665,-0.8408428571685606,-0.9111120085549598,-0.07746188392450924,-0.04855265099767006,-0.2897690762792612,-2.147135912362408,-0.656312104546159,-0.5521793166918285,-0.3939891807631825,0.4196054700718028,0.020498841884682647,0.151258129410866,0.656312104546159,2.147135912362407,-0.8524194110047761,-0.9349191994684248,-0.40348804325980714,-0.37990527404917784,-0.3747428216220998,-0.4555529862543859,-1.3076099216747252,-0.5408768497097485,-0.6870343297255728,-0.49834537654397587,-0.3311783002420958,0.14201007127932075,0.3394742127878045,0.3299795798074865,-0.15990635171348128,0.5337254978059351,0.23638866577426285,-0.08511336124321738,0
0.6731109153044746,0.38754990231922204,0.27967722576327125,1.0385308760612593,1,0,0,1,0,0,0.2742134146032426,-0.5553761511782702,1.1222826961434853,-0.6721546024928958,0.3613430222297029,0.09233219603643587,0.6048977073374516,-1.3193249451165472,0.2506046558987154,0.9774857311476635,0.843820825423528,0.47594637645527405,-1.2159463374263462,-0.2960128660028172,0.1952132595254855,-0.7981662775194959,-0.5489940375506274,-0.9060032377661578,0.19616880564547262,0.45457625868389784,-1.1368975547923832,2.0063752494935,-1.1446650939639431,-1.8648932506705056,-1.981544222446671,-0.45457625868389784,-0.19616880564547334,-0.23037994010104354,0.26586877533487285,0.2545723698179399,-0.21193876761858224,-0.40887938209301433,0.41608517572303205,0.9216751455883455,0.8986955503100138,0.07776919801113909,-1.1644891896302574,1.33810702436318,-0.9162830323125138,-1.2942759793896883,-1.8023328455895995,-0.3502454288142823,0.9453015509175579,1.3497724280541432,-1.3841377820692236,0
-0.4577006284139859,-0.8493028643109486,-0.15484123025532542,-1.8947617391869185,1,0,0,1,0,0,0.7789708947685415,-0.63794518630504,0.48262362527457214,-0.5905650013520342,-0.1416848761762532,-0.03422333667764369,0.869229801154083,1.1844844925886657,-0.43614971165994626,-0.003694394874402708,0.011746356331891424,0.40542075074819545,0.23499032036844741,-0.01907132735103465,1.1447580062660008,-0.7946411754133452,-1.3800899148623207,-0.8410725567603249,-0.4372750117287954,0.9866295824910817,-1.2277410434827736,-0.47894869824330494,-0.202306479446622,-1.3634826462049263,-0.8364144887069815,-0.9866295824910817,0.4372750117287947,-0.007559831120602114,1.0914105080121401,0.07262018187017576,-0.354064273059855,-0.8526546682148961,0.9201650766256344,0.4323198869208419,0.7325910426154264,0.07776919801113909,-1.0565492199172024,-0.17942508891434333,1.0077019395431381,0.7342251410564403,0.08553459276902012,1.116070424406704,0.25019532788459464,0.8796770617581935,0.9183658209821618,0
0.05630461873076867,-0.7719995663965628,-0.15484123025532542,-0.13478617003801185,1,0,0,1,0,0,0.6149247137148194,-0.6175936635625264,-0.6559695208720935,0.14200545995527725,-1.3096485872707184,-0.5847175443491347,-0.8053246922087653,0.9500941846797866,-0.9189161129281509,-2.5018125690218094,-2.7269929910181214,-2.920128700403239,1.6454098306214546,-0.45865562486854383,0.10092173405686519,-1.9134821253417578,-1.752310634487703,-2.082778928916691,-1.7278313869570296,-2.269065132993868,0.6615402920986488,-1.202932907545273,-0.6666758902109885,1.6422261479790614,1.5117962013744253,2.269065132993868,1.7278313869570274,-0.5924626171942612,-0.18442671521636386,-0.8098479296764806,-1.5685913195580112,-2.0132977242259726,0.16404522527173035,-0.05703537174666111,1.009431888773073,-0.8523972546416179,0.3898463742377325,-1.2416975682086098,-0.6517097564145549,-0.8663890242955825,-0.24540631275998087,0.37938770007212164,0.2044646553166367,-0.7099875321636356,-0.332546584257695,0
0.3904080293748593,-0.8235350983394863,1.0038746524609323,0.5985369837740325,1,0,0,1,0,0,1.1196821938801182,-0.6780667597117099,-0.5664172509504457,-0.09292629935812594,-1.2672473064871472,-0.44966535042810274,-0.5259385478874051,1.4737966267389861,-1.2572126496286133,-1.1423550813110093,-1.1981732696231404,-0.19319644566001679,1.5227589930915624,-0.9547102635645015,2.089996618906194,-1.1696855098135845,-1.5119910873427937,-1.6220321060726317,-0.3979084468072301,0.13114384342216406,-0.22260489274451564,0.0708806100331746,0.543230675593275,0.04398353614847751,-0.02591471644526734,-0.13114384342216406,0.39790844680722937,-1.038102835155144,1.3165582532877582,-1.0554833834059623,-1.4135453136220761,-1.808478361400488,-0.30852968182446,0.5954383064766764,0.8986955503100138,-1.4104971262332722,-0.27629743884854874,-0.02767187758659086,-0.2685346671830286,0.04124997135858002,0.05920974801103089,-0.7309235830158842,-0.28942660841731066,-0.26463402725168356,-0.3944048900113141,0
-0.8432045637725518,0.026801178718756015,-1.8929150543297122,-0.8681093238500562,1,0,0,1,0,0,0.48873534367349464,-0.5960791966632976,-0.438485436776663,-0.24337520926326098,-0.773224707992816,-0.27034107969189813,-0.5853482361184467,-1.7440844469982844,0.3110169007454243,-0.6771065909372133,-0.0860128712430254,-0.02679034191926385,0.08443776653832215,-1.2736634467260288,-0.5162708224458965,-0.14315082184425698,-1.1991424580298984,-0.8046034200306321,-0.8989374548998709,0.8550163918650944,-0.4586885375713667,1.8766218615157975,-0.5690232929876938,-0.27432181350140994,-0.6737176911320538,-0.8550163918650944,0.8989374548998709,-1.1216603760228097,-0.25947596364157,0.855014590045561,0.6408142650290589,0.08610074473523979,0.8571550890128092,0.18764225758709038,0.7325910426154264,0.6978801664463103,-0.49834537654397587,1.5657368413548085,-0.323273965644676,-0.5551985114998699,-0.6177148314801074,-0.1916295312302808,-0.37174181903963527,0.013711913318286572,-0.45626319576493324,1
-1.6142124344896835,-0.05050211919562982,-0.4445202009343899,-0.4281154315628296,1,0,0,1,0,0,0.45087853266109723,-0.5891015317230072,-0.2210013526812325,-0.3880376226335831,-0.48061854928977066,-0.15317659357497643,-0.22065515547218012,0.5767868590326757,0.18901525126873842,-2.3898472302985367,-1.5855116211354285,-0.5613743600605064,1.4294099441330617,-0.3431028986858251,1.5080030154955957,-0.22385442984666726,-1.4304459623179924,-1.404852690412058,-0.958568853809468,0.1850492459657866,-0.03599800868262399,0.719026251307454,-0.48334229408975,1.810123698041776,0.6896775396394227,-0.1850492459657866,0.9585688538094672,-0.48105256270404034,1.0163612595869336,-0.7370670544973751,-0.7287587874050313,-1.1940202729240363,-0.6235796198885869,0.02452383803125581,0.5664865349208381,-0.790386157798101,-0.3595654154843339,0.12408133374116129,-1.2994581215440402,-1.3072422507561756,-0.6515610604546642,-1.0798785577006862,-1.1948939252628807,-1.266679413303576,-1.136704559054746,1
0.8273124894479005,-0.23087648099586283,0.5693561964423357,-0.13478617003801185,0,1,0,1,0,0,-0.028641073495936725,-0.4617591465627072,-0.029103631420558513,-0.4592115300117816,-0.0010939245266319317,-2.3669184983433978e-4,1.7691882388117948,-0.9633035505188144,0.4176246373936591,2.1443790724286345,2.2970408440097367,1.6090521755679599,-2.054097032330865,1.521668792939224,-1.256802423277978,0.18393223761067548,1.520190548895043,1.804680196612923,2.16202444103441,0.05028573960672956,-0.9396657842562877,0.06312727662136537,-0.38607270938394567,-1.3895228572334832,-1.2243466375106926,-0.05028573960672956,-2.1620244410344114,1.6357384726101538,-1.0850176963188372,0.5002078235474204,0.5245297605771081,1.1614023995690306,0.7941451013999841,0.02452383803125581,-0.8177176958673952,0.6358690696027934,-0.8869292675109735,0.04820472807728505,-0.02220782410562002,-0.21807545597118072,-0.7361766328910565,0.12560226393772106,1.1922471827845313,1.3497724280541432,-0.45626319576493324,1
-1.6142124344896835,0.43908543426214564,0.5693561964423357,-0.8681093238500562,1,0,0,1,0,0,-0.29363875058271866,-0.3123208224248209,0.12441454558798068,-0.5095540498646537,0.37221578848752784,0.15359759526551325,0.7233194102199088,1.8199868185875552,-3.2445465127879305,0.9109867188524104,-0.4584412665155441,-1.805035933800579,-0.28973015235427096,-0.5217603048329452,2.139111753471526,-3.2051166619099423,-0.024994515917312526,-1.747658257845945,-2.125302303938932,-0.3540047794704373,-1.5271299963324438,-0.3550738291427151,1.2145706309857298,-1.255468419337413,-1.110252035633961,0.3540047794704373,2.125302303938932,-0.40147395235388267,2.2814771616118366,0.5106050914301498,-1.3397138822240122,-1.2769233483533986,1.6897870681822873,-0.10364063447689935,1.2783629964690728,0.4941294196747537,-1.4142931195376127,-0.2553016945782196,0.2788583174334372,0.8840576101803024,0.2622871218583729,-1.016432198667086,1.439192814651505,1.3497724280541432,-0.023255055489598248,0
-1.0488066626304537,-1.3646581837401863,-0.4445202009343899,0.3052077222492148,1,0,0,0,1,0,-0.6217311126901629,0.13424973375376537,-0.06748317567269331,-0.44416663902126813,0.8404586884616378,0.44650881055781755,-0.010462021393484277,0.20727359940225543,-0.37818292958385497,-0.15218376254095878,0.19544061673815114,0.766936499440096,-0.1016018060993923,0.7313989722568617,1.4137437230767944,-0.4544424227966501,0.5421552249000884,0.4600212943618127,1.8374976249218467,-0.7763978591033001,0.7453529306893172,1.131767906646765,0.060317925293815015,0.7431822855677584,0.1950388844121248,0.7763978591033001,-1.8374976249218473,1.5521809317424884,2.5923954765162622,2.5653651567545435,1.8553413115272142,2.0489529718127955,2.4324047793334436,1.3294711944779316,0.4557501964577793,1.938102103316653,0.8894542340524437,1.33810702436318,0.6072941082033162,0.5469345546516133,0.8376730144258402,-0.033013633646279864,0.2044646553166367,-0.15329565102369538,0.22417816752487937,1
-0.5605016778429365,-1.4934970135974959,-1.6032360836506476,-1.6014324776621007,1,0,0,1,0,0,-0.00340319948767178,-0.4652479790328524,-0.11865590134220637,-0.42680714941682946,-0.09635710767627365,-0.027962638946205126,-0.7459018713436892,1.5962249269892432,1.4353056130263337,-0.7727165515094251,-0.07951781572135133,-0.4816166567400383,0.17481482278909702,-1.4814853889023898,1.4722912553024996,1.0458579910781154,-0.8372475443650628,-0.4160658800972336,-0.47521987007162214,-0.18555039652161812,-0.4430880354132105,-0.7159597473562018,-0.9111244371563116,0.2136898765008372,-0.30283029636283226,0.18555039652161812,0.4752198700716215,-1.4558905394934718,0.8662627627365218,-0.973604898829468,-0.354064273059855,-0.6478353053894121,-1.2851844898232538,-0.05703537174666111,0.17890935030013266,-0.9144083514851348,-0.3318094232724056,-0.5588081172337243,0.4704458620491997,-0.10137901367278856,-0.008482709938082702,0.728342674756924,0.6160407084282594,0.5704037944582268,0.16231986177126023,0
-0.7147032519863632,-0.2566442469673251,-0.15484123025532542,0.5985369837740325,1,0,0,1,0,0,0.04707254852885811,-0.4797847809917908,-0.438485436776663,-0.24337520926326098,-0.5063162891813197,-0.1809025406713472,-1.401559385701767,2.0136752322729006,0.015069935993424592,-1.0011445285400922,-1.2923282376182175,-1.2727672295140333,0.9874425305776116,-0.694902088155007,2.9850010621824907,-0.8198326634679437,-0.48588595459067657,-1.7060611580628733,-1.6392172321952445,-0.11014700605881247,1.2545644648537138,0.22647608470903452,-0.8444538697734808,0.8706854743731702,0.01445333893816159,0.11014700605881318,1.6392172321952438,-0.5924626171942612,3.042690967067499,0.4001341201761507,-0.10857476366129187,-0.2894014204448148,-0.30852968182446,0.2692014673650073,1.397009073393778,0.20179139169817292,0.8894542340524437,-0.02767187758659086,-0.6608329728248301,-0.9571529238609991,-0.6007917169928287,-0.3185222492974822,-0.28942660841731066,-0.3759724034796717,-0.7036964187794109,0
-1.074506924987691,-0.17934094905293926,-0.8790386569529866,-0.8681093238500562,1,0,0,1,0,0,0.26159447759911014,-0.5524687907864826,-0.13144908275958464,-0.42217795218897913,-0.2896569821351438,-0.09861908477244036,-0.20086932874086055,0.3662929422834215,2.482768578025511,-0.4592415279466868,0.043497974568207094,-0.3070635201498406,-0.017140898177623057,-0.9246451391601752,0.2868997115752109,2.4294397316054903,-1.1086687296136917,-0.4954594452748003,-0.01835909107355938,-0.4005896952488784,-0.6445808369717132,-0.21533872572932192,-0.9526751834116096,-0.4789312577424416,-0.5402692122485814,0.4005896952488784,0.01835909107355796,-0.8789456144548287,0.24442613292767115,-0.04824805726655397,1.2074705010092015,0.6249707350260957,-1.730755116513947,0.36241199282548453,0.4082917656878972,-0.4803306735805153,-0.5538573609678327,-0.1035484832504671,0.33359761589508324,-0.23104172733766892,-0.39771434314548676,0.9186817518577256,0.7806711296729086,0.6260729825722207,-0.1469716669968365,0
-0.48340089077122306,-0.6173929705677911,-1.8929150543297122,-0.13478617003801185,1,0,0,1,0,0,1.1701579418966481,-0.6809741201034976,0.009275912831576286,-0.4702058734279261,-0.5704382879922135,-0.1603316766966205,-0.7547421498502055,-0.28814144917167067,2.2205762758442518,-0.9042735912547446,-0.050584012418766054,-0.6172844510483445,-0.08850075824107374,-1.1853290915951873,0.34026017391462426,1.8310048065258075,-1.4453386260621146,-0.8932629929013431,-1.2649401125490116,0.4126498344833025,-0.13487953018751273,0.7363483544162328,-1.1956189096966288,-0.21155775752479714,-0.8063357594887317,-0.4126498344833025,1.264940112549011,-1.1495128896453646,0.19081952690966666,-0.32767463161490584,0.6278937645343975,-0.03337721691295973,-1.4742144526617298,-0.38327221085833024,0.2342775195316623,-0.35630847989348147,0.22331042096616224,1.33810702436318,1.5561086148718575,0.5728670973845897,0.4484413812184362,1.6165917012273294,0.7806711296729086,1.127095675598167,1.0283361423219313,1
-0.4577006284139859,0.9802085196628456,-0.15484123025532542,0.3052077222492148,1,0,0,1,0,0,0.07231042253712305,-0.49257716671565654,-0.2593808969333673,-0.3631556875338877,-0.2920673735410622,-0.0981718920773376,-0.3634563674278304,1.5522427688256477,-0.16387948509800157,0.10856584284564122,0.34003866062914195,1.453168772949893,1.0275477846318366,-0.17532039228805255,1.2064290566818612,-0.8495132002528419,-0.6110632233245405,-0.6595337947932053,0.04764949253229553,1.934690701407091,0.3302168561803201,-0.9219277692464105,-0.629650093389175,-0.7525852817304408,-1.0859732953178443,-1.934690701407091,-0.04764949253229624,-0.14682239923337803,1.1664597564373458,0.10901061945972781,-0.354064273059855,-0.5624939042121272,0.6366201323679207,0.8401159358104279,0.8986955503100138,-0.046252995675895824,0.19555442875423396,-0.9381911455531051,-0.350643614875499,-0.6070635969658218,-0.8377153198147269,-0.2233527107470814,-1.277209135885205,-0.5986491559356475,-0.3944048900113141,1
-0.12359721776989524,-0.3339475448817109,-1.6032360836506476,-0.13478617003801185,0,1,0,1,0,0,-0.33149556159511606,-0.28208427435022915,3.0028803644980906,-0.7572161015546452,1.3194386072297255,0.36825008891483546,0.23500001153601202,-1.8921512484854082,-0.1630841509962531,0.6078298630943818,1.5421564550681934,-1.6114015250640017,-2.980844240694139,-0.8776142799444591,-0.597530653903324,0.3876568143353804,-1.1557395207491516,-0.0018781736929225125,-1.9697378439216697,-0.24419747799268982,-1.2036750844822517,1.9984438780280598,0.6124992106896807,-1.9671504560702486,-2.0067125912433172,0.24419747799268912,1.969737843921669,-0.9545452942874786,-0.7848207026180125,-0.9008240236503626,-0.5866332819637576,-0.972132629863095,-0.18250970659880966,-1.6882195673050053,-1.2052948804881005,-0.6043528672675491,-1.3032691506898992,0.8322629866040054,-1.7799475191518261,-1.268343436656712,-1.8136149219144517,-2.0209995500324247,1.1648087792437567,1.127095675598167,-2.105818015861449,1
-1.6142124344896835,0.3102466044048362,-0.4445202009343899,0.5985369837740325,1,0,0,1,0,0,0.45087853266109723,-0.5891015317230072,-0.7711081536284979,0.5383804725899599,-1.7748657316131402,-0.8691320984344867,0.6730667828053203,1.602460432492181,-0.8422319831112636,-0.38916461461816704,-1.1218773945828648,0.11013869481076281,1.2198039951311397,-0.15552484230016894,1.3770754911453411,-0.10418753093453587,-1.1086687296136917,-0.9894422559471312,-0.7471295343976714,0.8912100192872406,-1.0913143356859483,-0.8199032366641485,1.0466609150695223,-0.5736006466638215,0.49249777436202685,-0.8912100192872399,0.7471295343976706,-0.3417899945912644,0.8662627627365218,-0.8189455390738695,-0.7416792878996918,-1.091610591511294,-0.6235796198885869,-0.13859458152457876,0.2342775195316623,-0.8523972546416179,-1.1089772052064004,-0.9381911455531051,-0.7520651369275744,-0.1532440991387405,-0.36386811417093057,-0.5405845059150832,-1.277209135885205,-1.0996718489615938,-0.5799798072721716,0
0.44180855408933456,0.8256019238340739,-0.8790386569529866,0.5985369837740325,1,0,0,0,1,0,0.13540510755778543,-0.5146731056932429,-0.041896812837936774,-0.4568969313978565,-0.13303012770139175,-0.042719997884596024,-2.065857293886591,1.1279671239034479,0.658392594353023,-1.7919556180069995,-2.3324169005544553,-2.0296438393556064,1.6481646332132265,-1.499951154890651,-0.09898799198833258,1.145097794536756,-1.0410330297297277,-1.0986389655005822,-0.16027754582615011,-2.6092308042546417,1.3738913351103301,-1.6473342738607875,0.25066811793606886,1.3885459006095064,1.9596490860014375,2.6092308042546417,0.16027754582614942,-1.4280380258709164,-0.18442671521636386,-0.2821865846279648,0.33072225315718967,-0.11871861809024475,-1.411204465048904,0.6769975162545934,0.8433273810784847,-0.29429738304996345,1.2502821328075124,-1.5452039908641146,-0.040454256926167845,0.09311505682453199,0.65151875506577694,0.6014499566897238,-0.20711139779498602,-1.1553410370755877,-0.023255055489598248,1
-1.485711122703495,-1.0554449920826439,-1.6032360836506476,-0.4281154315628296,1,0,0,1,0,0,-0.10435469552073157,-0.4315225984881154,-0.6431763394547153,0.13621896342046436,-0.8191572327663378,-0.4371439549652256,-0.8664201970171657,-1.3568408222854176,-0.560947022070376,-0.06929711710041889,-0.6171366221096544,-0.5981203839626433,0.7857406243569969,-0.49819263864215874,-0.45255106271091766,-1.0907422609676924,0.5150966066982823,-0.1206581435994515,1.465333844976243,-2.269065132993868,0.7069901604520444,1.4089508902432626,-0.32925741048320606,0.6043769123558234,0.6845086405813033,2.269065132993868,-1.4653338449762439,-0.48105256270404034,-0.43459087663371765,-0.03958366736427887,-0.595246948960198,-0.3747428216220998,0.4895968279379942,0.8673023390697335,0.1973654067106424,-0.6870343297255728,1.4723300705029398,2.5521327149851984,2.4593070394890253,1.8565279626669051,2.0561372575098895,2.4413943686641333,1.439192814651505,0.3477270420022505,1.8324941171189824,1
-0.38059984134227254,-0.2566442469673251,-0.4445202009343899,0.5985369837740325,1,0,0,1,0,0,-0.19268725454965888,-0.3948898575515908,-0.438485436776663,-0.24337520926326098,-0.29785991890333213,-0.11561240718634504,-1.7211409565801101,0.7875439630561597,-0.14683927924521992,-1.5581264350391255,-1.1445054224654063,-1.1216911997025092,0.47213631624467084,-0.9111452295903565,0.9781542723489691,-0.8836774145166447,-0.8449045636965,-0.9332253126928202,-0.6711839829354725,-0.8641809106868654,1.4828828196310682,-0.10103532757186959,-0.6872763661910611,1.2671353894321309,0.5768002221864967,0.8641809106868654,0.6711839829354719,-0.8709877534198129,0.8662627627365218,-0.082039177885424,-0.5220307794904515,-0.801449827508525,0.41608517572303205,-0.05703537174666111,0.2896456887631914,-0.046252995675895824,0.9449662184763004,-0.4070549059059717,-0.9801455471844351,-1.1386807229918314,-0.6515610604546642,-0.44541496736468245,-0.37174181903963527,-0.7656567202776299,-1.0129879475475077,1
-0.1749977424843705,-1.4419614816545723,-0.8790386569529866,-1.6014324776621007,1,0,0,1,0,0,-0.11697363252486404,-0.42687082186125513,-0.2849672597681238,-0.36026243926648127,-0.16690930924586117,-0.0498750810062401,0.20505938995300602,0.3773793999196559,-0.6998076764583654,0.046240939937067266,0.14263272592777562,0.31982517198376204,-0.0032111661534736605,-0.45631982347608235,-0.29894592389946906,-0.9896879291730597,-0.3230872707486862,-0.25662939330176193,0.8549852458654548,-0.41176056791003435,-0.7410894643935018,-0.8174425336519608,-0.03788038626436611,-0.38283633373744064,-0.4359781829822099,0.41176056791003435,-0.8549852458654554,-0.3696425082138195,-0.18442671521636386,0.33645085439443295,-0.25070026910256554,-0.3576745413866426,1.140700033270523,0.8401159358104279,0.4557501964577793,-0.23228628620644656,-0.6093693453916895,-0.6346847228976005,0.5799244589724931,0.4691369264526849,0.27921023634565156,0.28421816152172197,0.9453015509175579,0.793080546914203,0.34789477903211874,0
-0.04649643069818187,-0.4885541407104817,0.5693561964423357,-1.8947617391869185,1,0,0,1,0,0,-0.36935237260751347,-0.2733621931748661,1.1734554218129984,-0.6750478507603023,0.9484590939382652,0.31145661663678564,1.255621265455697,-1.1370826612069185,-2.1823516616647027,2.015710754048001,1.226304953921494,0.7135853386298411,-1.563479483359592,0.5844661323892694,-1.0219656950364624,-1.0994761440636924,1.350954259189778,0.6820712067073366,0.3506288912831737,0.625495827724652,-1.1619802618977608,0.5368988388635024,1.8784803390001934,-1.3835120679909767,-0.9283467206049768,-0.625495827724652,-0.3506288912831744,0.6887530094432773,-0.8598699510432187,0.46381738595786837,-0.21193876761858224,0.32505666803163763,1.109195039464111,-0.8726274695258333,-1.0945585420250417,0.2638024885416898,-1.1089772052064004,0.4275877563966659,-0.17730250308028428,0.7932937106148858,0.12690220596014448,-1.5240030709358887,0.28677986593896093,0.6817421706862145,-0.332546584257695,1
-0.4577006284139859,-0.12780541711001567,-0.15484123025532542,-1.6014324776621007,1,0,0,0,1,0,0.07231042253712305,-0.49257716671565654,-0.34893316685501513,-0.2780941884721383,-0.398226511328222,-0.16390921825744253,0.49625591225428994,0.9862416099369634,-0.4413500531913312,-0.1108191633943781,-0.6753479864407774,1.4654996049698708,1.6784524201191622,-0.17867787598191523,1.0603616058123388,-0.7363354822456236,-0.6100156327849825,-0.6955563274549832,0.4573016638664392,1.5452204496827715,-0.8685887545818545,-0.29140058162351523,-0.1366058397067994,-0.45517151899405967,0.198910083486662,-1.5452204496827708,-0.45730166386643994,-0.11896988561082296,1.0914105080121401,0.2454747604205509,-0.18609776662925942,-0.40887938209301433,0.6051151385615076,1.3294711944779316,1.1755363964676604,-0.046252995675895824,-1.0257092285706153,-0.7105613285614767,-1.4910456661598026,-1.3202085221226638,-1.3792549834076382,-0.5405845059150832,-1.7711003996191523,-1.4893561657595522,-1.3222794763156045,0
0.4932090788038099,-0.4370186087675581,-0.4445202009343899,-0.4281154315628296,1,0,0,1,0,0,0.009215737516460692,-0.4733885881298579,-0.24658771551598904,-0.3845657247126954,-0.23082988443454253,-0.06686840342014477,0.11796961945004583,0.5102022509966289,-0.48539856209927973,0.2163839594449291,-0.06571359574475177,-0.06622493827080872,0.04854485608717356,-0.2753168484220218,1.3503312572717185,-1.0680777988908146,-0.26788701209064,-0.5382089472667092,-1.1014209826064827,1.002053003267564,-0.43913297852804434,0.652463609346959,-0.40975908751721335,-0.5579529448074051,-0.44002539027938453,-1.002053003267564,1.101420982606482,-0.20252742647848845,1.391607501712964,0.2909628074074919,-0.3282232720705331,-0.40887938209301433,0.8571550890128092,-0.22015379130249568,0.34501385799472056,0.5118468759157585,-0.6093693453916895,0.19995793940503753,-0.989268763594709,-1.0219842806934394,-1.1423313805857394,-0.4136917878478824,-0.7010026615289333,-0.32030321536567735,-0.7036964187794109,0
-0.38059984134227254,-1.4934970135974959,-0.4445202009343899,-1.6014324776621007,1,0,0,1,0,0,-0.19268725454965888,-0.3948898575515908,-0.11865590134220637,-0.42680714941682946,0.07336590550354914,0.026147677161228185,-0.08703535175809736,0.14103884183337814,0.4477102593087126,-1.3382827812906322,-0.7391897038895862,-1.2995578765278692,0.1975566620481206,-0.7339378970639829,0.6493339877316535,-0.6113545479476943,-0.978858597538258,-0.8869227420864365,-0.38662849897585155,-1.388988508307989,-0.6123173237248661,0.45690829782560455,-1.2263872847370698,0.8373142694018771,0.09507538544255877,1.388988508307989,0.3866284989758509,-0.6481676444393714,0.7161642658861095,0.2909628074074919,-0.08273376267196997,-0.4600842227993849,0.6051151385615076,0.2692014673650073,0.5111183656893089,0.20179139169817292,-0.6787593259215104,0.19995793940503753,-0.5787240251323598,-1.0738493661593913,-0.7277150756474172,0.17318703321292087,0.2044646553166367,-0.4038069975366686,-1.0748462533011267,1
-1.4343105979890196,-0.05050211919562982,-1.6032360836506476,0.5985369837740325,1,0,0,1,0,0,-0.2684008765744537,-0.364653309476999,-0.38731271110714993,-0.26941444366991896,-0.14015416018538826,-0.07223471576137783,-0.9209792699331737,-0.06386344068250611,0.786809890496267,-1.3686884716312484,-0.8588198012803019,0.09859831011581259,1.3745829195819124,-0.7479807865278866,-0.8881109266148205,0.037159961398584795,-0.36226047017996255,-0.30945600712992305,0.5335460107420674,-0.39468810214486993,0.5332705052533968,-0.8020354535405213,-1.0382533010831945,1.489798543664529,0.814384242954975,0.39468810214486993,-0.5335460107420681,-0.6760201580619267,-0.7848207026180125,0.19998671343360988,0.188596747715916,0.03489590402886805,0.06953024385249205,0.8401159358104279,0.6218547041523672,0.015758101167622184,0.7506742729928018,-0.5588081172337243,0.8444977348704508,0.11904759955750843,0.7192112130148905,1.3945294446097283,-0.7010026615289333,-0.9326642846196119,0.7809029193074537,0
-0.4320003660567478,-0.12780541711001567,-0.4445202009343899,-1.6014324776621007,1,0,0,0,1,0,-0.23054406556205628,-0.3890751367680154,-0.34893316685501513,-0.2780941884721383,-0.13131809251672383,-0.0843089185291522,0.11518896459307895,0.9219955563039949,-0.19403598257420215,-0.4325698555985842,-1.0119723392056483,-0.3299969356208591,0.956307587195163,-0.511172001146672,1.0263957817199665,-0.6657528298899615,-0.30484445022351975,-0.5493868461022358,-1.8632990028572285,1.3979208031972914,-0.6709300998667623,-0.23724707372429513,-0.4037637006584276,0.28209542928858466,0.7792442775433456,-1.3979208031972914,1.8632990028572285,-0.7038726716844818,0.41596727218528484,-1.1737523055720087,-1.2843403086754637,-1.3134982345722352,-0.5920746260821743,-1.1988643086375024,-0.5408768497097485,-0.790386157798101,-0.859173275299045,-0.6346847228976005,-1.3724438528262355,-1.333174793489152,-1.159254495073018,-0.2233527107470814,-1.9357308208638015,-1.7677021063295222,-1.0748462533011267,1
-0.04649643069818187,-0.4370186087675581,0.5693561964423357,-0.4281154315628296,1,0,0,1,0,0,-0.36935237260751347,-0.2733621931748661,-0.24658771551598904,-0.3845657247126954,0.1600384416897268,0.08696588369520282,0.8555412722673622,-1.2915417341092998,-0.06073628858867482,1.0424613188450558,0.761194455384844,1.4262419848864132,-0.6543278501280938,0.7157544368628986,-0.7803948664428141,-0.8109371244455632,1.4937508722433717,0.8710436032656701,0.19034451885672046,1.7564425842657236,-0.4744775654353622,0.9908991168276164,-0.731885062411215,0.07287980727644938,-0.13918552852521945,-1.7564425842657236,-0.19034451885672118,1.0229831729139398,-0.4846237089171882,1.0642596061854894,0.42116575661981864,1.0419244379208312,1.3612349899154128,-0.8726274695258333,-1.0391903727935126,1.13195784435093,-0.7203933142394032,0.27583454506891375,-1.4271831512878814,-1.5147025926199844,-1.396178097894916,-0.635754044465484,-1.4418395571298541,-0.9326642846196119,-0.9511296417938885,1
-0.38059984134227254,-0.05050211919562982,-0.4445202009343899,0.5985369837740325,1,0,0,1,0,0,-0.19268725454965888,-0.3948898575515908,-0.38731271110714993,-0.26941444366991896,-0.22254619814693688,-0.09548873590672108,-0.9776534132565095,0.7953942497314878,0.5369067823426831,-1.929830373183276,-1.026665821390822,-0.3334116537332732,0.9767903052296154,-0.4732096588221648,0.3448412630735184,-0.4018427995448291,-0.8633702405979132,-0.5053923581367948,-0.24010667662448304,-0.21659885141806862,0.8866253544202258,-0.7462491623400562,-1.1377828179168277,1.7509731804046202,0.8412985786775163,0.21659885141806862,0.24010667662448232,-0.5924626171942612,0.04072103005925432,-0.7461646638947628,-0.8192022908676594,-1.0745423112758372,-0.08799472517957138,-0.38327221085833024,-0.319404172783631,-0.6663639641110671,1.0282341951120857,-0.5588081172337243,0.5981708917930423,-0.127311556405765,0.5669031826293847,1.1407440084753266,-0.8656330827735822,-1.0440026608476,0.7190446135538346,0
-1.1773079744166424,-0.9266061622253344,-2.617112481027373,1.0385308760612593,1,0,0,1,0,0,-0.0412600105000692,-0.4600147303276346,-0.822280879298011,0.8358063944793422,-2.0154395524722046,-0.9997123654044909,-1.612520908724556,0.8766828232816202,-0.3062317875817347,-2.056613089145713,-2.3183856046529066,-1.1426998463750682,1.993589677049247,-1.5020805505241364,0.6093271579292473,-0.9114454197042908,-1.737898918211587,-2.202017114850459,-1.7036407412605648,0.13114384342216265,0.7413883890842494,-0.5928641172523645,-0.4972856348917807,1.0550807837029204,0.8641737064240768,-0.13114384342216265,1.703640741260564,-1.4001855122483615,0.641115017460903,0.19998671343360988,-0.3153027715758717,-0.9550643496276378,0.038025250046078915,0.2692014673650073,1.4523772426253072,0.139780294854656,0.4731143508735179,-0.7105613285614767,-0.6060936743631827,-0.7496925819971905,-0.33002188519637315,0.062155904904119784,-1.277209135885205,-1.378017789531564,-0.332546584257695,0
0.13340540580248203,-0.05050211919562982,-0.8790386569529866,0.3052077222492148,1,0,0,1,0,0,0.2363566035908452,-0.5478170141596223,-0.4896581624461761,-0.1797237473803192,-0.7191818897779009,-0.2824152824596725,-0.10058216158096024,-0.8244272168973967,1.0348784592597964,-0.5144450223292741,0.5058136785948334,-0.3635497651523484,-0.21606880870524575,-0.164646929598661,-1.289654449004171,1.1006827776042178,-0.205606884866711,0.9938346804603705,-0.9971070548845234,0.4930801176436278,-0.024651327959770902,-0.16039528781656823,-0.3086334803919208,0.49110576846565374,0.31270357635844254,-0.4930801176436278,0.9971070548845228,-0.3139374809687093,-1.3101654415944555,-0.6642861793182697,-0.04397226118798574,-0.11871861809024475,-0.37153966943728567,-0.9541866793037505,-0.6516131881728072,0.139780294854656,-0.05424950115312168,-0.17942508891434333,-0.08607033897753999,-0.23104172733766892,-0.025405824425361403,0.15732544345452057,-0.5363722402842841,-0.3759724034796717,0.10046155601764112,1
-1.5885121721324456,-1.5192647795689571,0.27967722576327125,-0.8681093238500562,1,0,0,1,0,0,-0.7100636717190902,0.3720718138019969,-0.46407179961141953,-0.20286973351957077,0.7334761895196619,0.4429312689969955,1.5525642695960924,0.7558155577809793,-1.4874889352635354,1.8679223733275652,1.6305003054512441,1.6996103335642536,-0.7167388786271202,0.966609448085712,0.03214724511970217,0.5935535022377727,0.9453647210891645,1.4554159239841846,0.9277639406103714,1.3979208031972914,-1.1930536391626254,-1.0051761683379241,2.629911233346985,-1.5860351432887614,-0.6987998763658934,-1.3979208031972914,-0.927763940610372,0.744458036688388,-0.10937746679115769,-0.4095531161914002,-0.05689276168264715,0.32505666803163763,-0.18250970659880966,-0.46483142063624716,-0.8730858650989243,-0.10826409251941274,-1.192245181842186,-1.0899443568808573,-0.7338187041070253,0.5987996401175653,-0.1269445113490324,-1.9998507636878915,-0.7833178721512579,-0.2089648391376897,-0.6418381130257917,1
-1.305809286202831,0.20717554051898904,-0.15484123025532542,-0.4281154315628296,1,0,0,0,1,0,-0.7605394197356201,0.688974096506853,0.17558727125749374,-0.5303854373899801,1.7019911914963965,0.939762353256156,0.4941432456017751,-0.5153503747087217,0.38510964029861156,0.5806853867928018,0.7945595956992941,1.1292259377501428,-0.5655511730422796,0.067737087772557,-0.14086348761434037,0.11497406383824002,0.8131180532961405,0.9094816554697465,0.9416775146057242,0.6061852033378367,-0.619436111809009,0.5662206129134782,-0.4109199334365362,0.021805447915903782,-0.14503456840647172,-0.6061852033378367,-0.9416775146057249,-0.17467491285593337,-0.40957446049198204,-0.8917264142529749,-0.7029177864157086,-0.3747428216220998,-0.49755964466293656,-0.6279498401920818,-1.0391903727935126,-0.728375060954584,-0.6926373220274746,0.27583454506891375,-0.6243401071837319,-0.723760039264214,-0.6684841749419423,-0.2550758902638815,-0.5363722402842841,-0.32030321536567735,-0.6418381130257917,0
1.2385166871637046,0.5936920300909173,-0.15484123025532542,0.5985369837740325,1,0,0,1,0,0,-0.3188766245909836,-0.3082505178763182,-0.2721740783507456,-0.36199838822692515,0.06444753495252525,0.042693806880030105,0.07463994174364791,-1.504114032314727,0.3626457342745837,-0.32056416608593674,-0.09792036882509408,0.5205555612438295,0.0342536988028939,0.7748154437842988,-0.3784050495400505,-1.5451208091924868,0.5673665530757186,0.11415313412956081,0.3871222082195544,0.3260326064644921,0.6703978061251926,1.685365841189174,-2.048446269813035,0.9956524692132214,0.23874959258994957,-0.3260326064644921,-0.3871222082195551,1.0229831729139398,-0.10937746679115769,0.8823074182377254,-0.1473362651452761,0.08610074473523979,1.8968198846244282,0.18764225758709038,0.012804842605544792,0.9459245538203791,0.7506742729928018,1.793366658346437,0.41570656358755365,-0.7626588533636787,-0.36386811417093057,1.8386539578449304,-0.37174181903963527,-0.26463402725168356,0.40975308478573785,1
-0.6890029896291251,0.026801178718756015,1.0038746524609323,-0.8681093238500562,1,0,0,1,0,0,-0.21792512855792381,-0.389656608846373,-0.3745195296897717,-0.2723076919373254,-0.17865650231102798,-0.0892280381752825,1.692302752055002,-1.0155009176763932,-0.4925097966155675,0.9786410010867816,1.114585775646092,0.4405079064081978,-0.9035992224570625,1.779627288826344,0.17544343592561992,-0.9262953824853876,0.6662298915450702,0.5932106645274475,-0.2859102762628674,0.8843625762614299,-0.5750055536625345,1.569562261645518,-0.25756013666233996,-0.6614586998155884,-0.8698613414299086,-0.8843625762614299,0.28591027626286675,1.8028535543454847,0.26586877533487285,0.3091580262022686,-0.23777976860790415,0.03489590402886805,1.2037100208833493,-0.5463906304141645,-0.4855086804782194,0.2638024885416898,-0.6371253376036178,1.1863538130354276,-0.5239847266707137,-0.5681647828663581,-0.7700228618656133,-0.5088613263982832,-0.20711139779498602,0.23638866577426285,-0.6418381130257917,0
1.1614159000919912,-1.41619371568311,1.4383931084795292,0.3052077222492148,1,0,0,1,0,0,0.3246891626197725,-0.5699129531372086,0.20117363409225028,-0.5321213863504239,-0.0790682729331119,-0.02706825355599962,1.7888461052164353,1.3818521184760892,-0.1105170255484551,1.3919029342744473,1.2284344472836533,2.0952117504393186,-0.7885647191558566,3.3368996534175848,2.620686264466278,-1.484105328614205,2.708578989864742,1.6595475780344704,2.1104177302152864,0.7645323233097284,0.8467567615596968,0.7287105701172801,-1.3403022524179973,0.8054094950528365,0.02320025999282662,-0.7645323233097284,-2.110417730215287,2.359903826796588,1.6918044954137887,-1.1282642585850677,-1.6073528210419945,-0.71610842633123994,0.19555021907814235,-1.1988643086375024,-1.8697129112664523,-1.1004416420156866,0.6951622885689447,0.5793409677244183,-0.23204180154193166,-0.8663890242955825,-0.5330992590437151,0.506280418139323,-0.7833178721512579,-0.5429799678216537,-0.08511336124321738,0
-0.894605088487027,-0.05050211919562982,-0.15484123025532542,0.5985369837740325,1,0,0,1,0,0,-0.48292280564470574,-0.13671625476084556,-0.7966945164632545,0.7113967189808652,-1.145357875282775,-0.6549267974802672,-0.5939149415551789,-0.11169264554524372,-0.14897946141393434,-0.9846640833423457,-0.25409478616638753,-0.21122162118868193,0.10419168143168324,-0.9846018081633412,-0.9476175652673837,-0.04721119028604527,-0.9194265676293625,-0.5170854301868119,0.3775187037626116,-0.6624995530634572,-0.15794934178241624,-0.7960008131316603,0.1562172213867088,0.41853000555592496,-0.17449761351116816,0.6624995530634572,-0.3775187037626123,-0.7317251853070371,-0.5596729573423944,1.555530513644453,1.2868392897621204,0.785900234388976,1.3612349899154128,1.4925896140337656,1.397009073393778,1.1939689411944467,0.029018475482663446,-0.5588081172337243,0.8171280856396278,0.7803274392483975,0.9222885868622325,-0.12818317219668063,1.0276167615398821,0.7374113588002092,0.2860364732784985,0
-0.7661037767008384,0.5163887321765315,-0.15484123025532542,-1.161438585374874,1,0,0,0,1,0,-0.6595879237025604,0.1720454188470051,0.9431781563001896,-0.6547951128884572,1.5091244598909799,0.6383544767568993,0.6381546738613396,0.1180150555239698,-0.1932631330692449,1.2387456111517416,0.8335053431453368,1.2457340811079831,-0.43956705211061875,0.8983731133392104,-0.7546192879661944,-0.8168871227258963,1.8557896057259429,1.6428467121295813,1.5427439112049275,0.16895808102739213,0.010274221229657814,-0.9179404043366535,-0.5566956007867929,0.1667038023555514,0.5203222924102364,-0.16895808102739213,-1.5427439112049282,0.35452284597261524,-1.009968447893631,-1.3193140559302208,-1.4652273156007207,-0.8185181077439823,-0.08799472517957138,-0.7910682597479163,-1.3713993881826885,-0.790386157798101,0.08453045990652028,-0.7864379342253526,0.34272083230535716,-0.010615114107371936,0.05920974801103089,1.1724671879921262,-0.20711139779498602,-0.15329565102369538,0.8427612250610729,1
-1.0488066626304537,-0.2566442469673251,-0.15484123025532542,1.478524768348486,1,0,0,1,0,0,-0.5207796166571032,-0.1047352904511812,-0.2977604411855021,-0.34174565035508003,0.36083319092182303,0.18355950583739783,-0.3732106357552063,0.36628869382875007,-1.7223884370568903,0.3370909838889986,-0.22835797328338509,-0.7887074020549569,0.28327007603189824,0.6481228306003056,0.8876883691709517,-1.4657099322122373,1.1101623803969578,0.45547348235417484,-0.49837739391320257,-0.5814181964513455,1.1665551697092613,0.3865239938244448,0.8816655644646733,0.6454298408169414,0.7415577541193054,0.5814181964513455,0.4983773939132019,0.577342954953057,0.7912135143113154,-0.06384395909064733,-0.806281790372998,-0.3747428216220998,0.9831750642384596,-0.30171300108041293,-0.09793149585751397,0.3258135853852078,1.3057941172313696,0.5793409677244183,0.589047675382767,0.9877877811122063,1.2269046476332444,-0.2233527107470814,-0.04248097655033679,-0.32030321536567735,0.7190446135538346,0
0.4932090788038099,-1.5450325455404195,-0.15484123025532542,-0.4281154315628296,1,0,0,1,0,0,-0.09173575851659908,-0.4396632075851209,-0.4768649810287978,-0.1797237473803192,-0.4565191900128852,-0.19923744117056014,1.0301392042802886,1.2822743305099162,-1.1019735131772812,0.1695450964021942,0.2688857384811219,0.2449765522596688,0.03419422825241989,0.03998512251932648,0.5714454022272014,-0.899811338017034,0.0450153741395035,0.095816134223709,-0.16027754582615011,0.4930801176436278,-1.392480976629397,-1.1875003008543166,0.602211091612071,-0.18440801267375215,-0.2560188229917882,-0.4930801176436278,0.16027754582614942,0.10385022336961848,0.641115017460903,0.2909628074074919,-0.23777976860790415,-0.20406001926752979,1.109195039464111,-0.30171300108041293,-0.26403600355210183,0.139780294854656,-1.3587811351137562,-1.2416975682086098,-0.7246954876967501,-0.3347718982695729,-0.38079122865820925,-1.1116017372174867,-0.8656330827735822,-0.7656567202776299,-0.8892713360402683,0
-1.305809286202831,-0.9266061622253344,-0.15484123025532542,1.0385308760612593,0,1,0,1,0,0,-0.3062576875868511,-0.3082505178763182,-0.822280879298011,0.8358063944793422,-1.748531133660709,-0.882995071982672,-1.5290193293473169,0.9496307685395632,-0.14481690965803978,-1.7950843230081075,-1.59430276156315,-1.3100791507129284,1.1594604900140904,-1.4003257315863973,0.6106390182364841,-0.591163803785778,-1.1715714572710103,-1.2256512507316066,-2.0499314912989903,0.2463053852199044,0.7269496264485094,-0.6916732685845668,-0.3960930442870753,1.2633329090124654,0.8760617798679097,-0.24630538521990367,2.0499314912989886,-1.3444804850032512,0.41596727218528484,-0.3640650692044592,-0.5995537824584191,-0.9892009100985523,-0.08799472517957138,-0.7910682597479163,0.17890935030013266,-0.046252995675895824,0.4731143508735179,-0.7864379342253526,-0.5696008087220858,-0.671894953798262,-0.1777138548108673,-0.12818317219668063,-1.3595243465075295,-1.4336869776455579,-0.332546584257695,0
1.2385166871637046,-0.8235350983394863,-0.15484123025532542,0.5985369837740325,1,0,0,1,0,0,-0.3188766245909836,-0.3082505178763182,-0.5664172509504457,-0.09292629935812594,-0.3918354207624942,-0.1652507963427508,1.011055989388763,-0.24872443814044515,-1.140186542827236,0.5417915627376448,0.3280346023849546,0.6495476738413198,-0.5473883168166217,0.92885722469577,-0.3518625680806959,-1.502433054628293,0.530502349927051,0.12925048647086929,0.4513710056427588,0.43824128821613356,-0.47779477055158065,-0.011106099410894753,0.04887287471011409,-0.2058883986796025,-0.30027310543873403,-0.43824128821613356,-0.4513710056427595,1.050835686536495,-0.18442671521636386,0.5184030423421971,-0.39282577454383927,-0.1699234587966153,1.5817699465603012,0.2692014673650073,0.06817301183707392,0.7598912632898273,-0.6371253376036178,-0.3311783002420958,-0.97102233077416,-0.8015576674631424,-0.8207922053274488,-0.857816301083085,-0.37174181903963527,-0.2089648391376897,-1.198562864808365,1
0.030604356373531493,-0.6431607365392533,-0.8790386569529866,-1.6014324776621007,1,0,0,1,0,0,-0.356733435603381,-0.2762695535666538,-0.5920036137852022,0.05173611401219622,-0.4017002774762786,-0.25245337188778794,-0.21529139309471568,1.3455796121906423,-0.1474323226645684,-0.03665514493550523,-0.2904055172334733,0.04297668166099994,0.38238744639022776,-0.8088810266432792,1.3177902040286193,-0.0903894040679751,-0.759551426795789,-0.9005517178947577,-1.2550770539175564,1.303385209184222,-0.5088564681957538,-0.5267169482961749,0.11071229012709399,-0.7036394568710145,-0.5016720790608771,-1.303385209184222,1.2550770539175558,-0.8709877534198129,0.8662627627365218,-0.7188718357025985,-0.6512357844370638,-0.8867912286858101,-0.7180946013078251,-0.5463906304141645,0.012804842605544792,-0.8523972546416179,-0.5816133531797613,-0.6346847228976005,-0.5331079430809875,-0.39960325510201306,-0.6346379459673855,-0.44541496736468245,-0.7010026615289333,-0.15329565102369538,-0.2706882785040748,1
-1.4086103356317816,-0.05050211919562982,0.27967722576327125,0.5985369837740325,1,0,0,1,0,0,0.21111872958258027,-0.5373505167491867,-0.7966945164632545,0.7113967189808652,-1.8606655968099604,-0.963042564406065,0.7038198124679329,1.3816714945649573,-1.1866899853692818,0.6924054606652312,0.12172875735104186,-0.9980835389476275,-0.6031620712157862,0.8813524139617476,0.8613861597763814,-1.3926531661480788,1.3034528771438971,0.24094463753161605,-0.653257441282515,-0.7133741297612556,-0.09804163473869569,-1.0334697418853658,0.22276283933016802,0.35708645351785523,0.07698219614147878,0.7133741297612556,0.6532574412825142,0.6887530094432773,0.641115017460903,-0.3549674598070702,-0.9871687972982559,-0.4942207832702994,0.3530751881102058,-0.8726274695258333,-0.7069813574043363,-0.29429738304996345,0.11228645211844858,-0.7864379342253526,0.9083602497423721,0.8970238815467907,1.0069041592986248,0.1890486229713212,0.7806711296729086,0.45906541823023866,0.47161139053935697,1
-0.7661037767008384,-0.2566442469673251,-0.15484123025532542,1.478524768348486,1,0,0,1,0,0,-0.6595879237025604,0.1720454188470051,-0.2977604411855021,-0.34174565035508003,0.7425144618151502,0.39642322870630903,0.07892890254321341,-0.8314291866201555,-1.2373581157930305,0.6965790580723404,0.6335475920848777,0.9902777018527605,-0.3499546372380536,0.8287848299926117,-0.6793268538852231,-0.8603453322607152,1.55660614576093,1.4629558896187622,1.9594406506912556,-0.5927287050207662,0.7183594765259802,0.46062792199492114,0.8269459084968502,0.6024706403874791,0.6046487866383871,0.5927287050207662,-1.9594406506912565,0.32667033235006016,-0.9349191994684248,-1.2465331807511142,-1.4264658141167375,-0.8697229484503528,0.038025250046078915,-0.5463906304141645,-1.2606630497196296,-0.8523972546416179,1.055990187324014,0.8828473903799233,1.182056742050605,1.4934723644052397,1.7007518532770418,0.09387908442092041,0.28677986593896093,0.013711913318286572,1.1520527538291696,1
-1.5371116474179702,-0.9523739281967958,-0.4445202009343899,-0.4281154315628296,1,0,0,1,0,0,-0.4576849316364408,-0.1832340210294483,-0.8094876978806327,0.775048180863807,-1.3376646092725883,-0.7398934095497905,-0.7242981404078145,-0.6199139592719882,0.4450721238312829,-0.04082103915730118,-0.42258368039872035,-0.9869553861260032,-0.0703433933802897,-1.4480076626593164,-1.2281621957218098,0.5111054578850562,-0.44967765371724566,-0.5528846327193898,-0.5860329100839196,-0.7648691281260978,-0.4396779995666022,-0.37949456270556403,-0.09481680892974309,-0.3907460735417055,0.009595247373362039,0.7648691281260978,0.5860329100839188,-1.4280380258709164,-1.3101654415944555,-0.9645072894320803,-0.5866332819637576,-0.71610842633123994,-1.2536794960168407,-0.709509049969999,-0.5408768497097485,-1.1624527388592034,-0.19302946221276363,-0.02767187758659086,1.172933525640331,0.9359226956462544,0.7022880985276131,1.267636726542527,1.0276167615398821,0.6817421706862145,1.0901944480755505,0
0.030604356373531493,-1.41619371568311,-0.8790386569529866,0.3052077222492148,1,0,0,1,0,0,-0.356733435603381,-0.2762695535666538,0.20117363409225028,-0.5321213863504239,0.5029819809544248,0.1987640574708915,-1.2054304637497923,0.34401440661057503,0.8589819297382013,-1.2478980485422033,-0.6789900422589311,-0.4324011596696056,0.6932687614251466,-0.8387157633288904,0.9693087173715634,-0.05760196908373012,-0.4739099972175032,-0.6009260228952179,-1.0618771407249559,0.4634132099205562,0.8381454948432713,0.4988616251280821,-1.2321414978335348,1.2159087150143992,0.29603300853178915,-0.46341320992055685,1.0618771407249543,-0.8988402670423681,0.5660657690356972,-0.7370670544973751,-0.6512357844370638,-0.7843815472730677,-0.6865896075014126,-0.5463906304141645,-0.09793149585751397,-0.8523972546416179,0.8061862574166584,0.5034643620605421,0.10551720563822252,-0.5551985114998699,-0.07617516788719629,0.664896315723324,-0.6186874509066087,-0.48731077970765985,0.16231986177126023,1
-0.7661037767008384,-0.9523739281967958,-0.15484123025532542,-0.4281154315628296,1,0,0,1,0,0,-0.6595879237025604,0.1720454188470051,-0.8094876978806327,0.775048180863807,-0.8359652222306702,-0.46665867284200746,0.7649650837359608,0.197460484269671,-0.6938690600115192,1.4475694536822126,0.9903114450781577,1.013696945741795,-0.6386249402077198,0.7702600698870561,-0.2393479147412089,-0.7675190860197164,1.523111503648941,1.4938195759762376,2.00124968809791,-0.6022533438160685,-0.2940677841160952,-0.510794198278552,0.17725958759552218,-0.4452816479816368,0.17097068749214775,0.6022533438160685,-2.0012496880979107,0.4102278732177254,-0.4846237089171882,-0.8735311954581982,-1.0905328012555453,-0.5283573437412127,0.3215701943037938,-0.22015379130249568,-0.983822203561983,-0.4183195767369984,-0.16527347000083534,-0.3311783002420958,0.561678026151944,0.5728670973845897,0.34690269429476517,0.7600658542737248,0.6160407084282594,0.3477270420022505,0.6571863078002155,0
-0.9460056132015023,0.026801178718756015,-0.4445202009343899,-0.8681093238500562,1,0,0,1,0,0,-0.785777293743885,0.7761949082604832,-0.3745195296897717,-0.2723076919373254,1.4706739894140342,0.8073933155057404,0.36401446022422707,-0.8873152045582348,-0.2241826251229546,0.22689455795354285,0.24037111572980394,0.09754745280312357,-0.6530913735819281,-0.29075679975858987,-0.6010295407846791,0.2264741093090442,-0.1196907713939116,0.3611182643302496,-0.16027754582615011,0.2920044097428146,-0.7966917364721589,0.6157697649328678,0.5340497974812279,-0.42520322983866915,0.040067476295429415,-0.2920044097428146,0.16027754582614942,-0.3417899945912644,-0.6347222057676005,-0.2912841940253525,-0.1344157646506147,-0.1699234587966153,0.006520256239666901,-0.5463906304141645,-0.5408768497097485,0.07776919801113909,-0.9424412519348303,0.04820472807728505,-1.290334905133765,-0.8663890242955825,-0.9561771212256767,-1.016432198667086,-0.4540570296619595,-0.3759724034796717,-1.2604211705619852,1
1.6240206225222695,-1.2100515879114147,1.0038746524609323,-0.8681093238500562,1,0,0,1,0,0,1.1196821938801182,-0.6728335110064921,-0.8478672421327675,1.7847918261886555,-3.3312715261568577,-1.8967809117806167,0.14669246793065194,0.5331291846034577,2.312981951407953,0.18780767822582875,0.3869475629075918,0.8967610631172448,-0.020878702922322735,0.15789056400523455,1.946193029610963,0.49152583105183223,0.49063924001603865,-0.2539301501738395,0.9848575718326791,0.24630538521990228,-0.04621705636191047,1.2179169163798669,-2.667987755292068,0.23279341474491155,-0.7509641510614744,-0.24630538521990228,-0.9848575718326797,0.15955525061472892,1.841902992264201,0.07262018187017576,0.31780175266252825,0.512807750621665,-1.033144539371952,1.4110304042558486,0.954063719541543,-0.35630847989348147,0.27882240539001907,1.793366658346437,1.3736442866663687,-0.46443461193445323,-0.3469449996836519,2.790349343348936,1.8507688677631275,2.2404794378780473,1.5850608941045057,0
0.004904094016293398,0.43908543426214564,-1.8929150543297122,-1.161438585374874,1,0,0,1,0,0,0.5139732176817596,-0.5966606687416551,2.145737209533747,-0.7358060643758376,0.5066039743396422,0.1097727111454433,0.11144513995849172,-0.9299231527773204,-1.23049906186,2.1676173979075997,2.2821755655941645,1.5276097175316172,-1.2867001504845033,-1.0778666022834358,-0.47324910554790306,-0.3646922733864613,-0.6411199317581117,-0.11666018836373196,0.6912331826893887,1.3979208031972914,-1.2319587888746175,0.8022581459582272,1.3156528755605823,-3.564034811265067,-3.0808359748966905,-1.3979208031972914,-0.6912331826893894,-1.0659553487776992,-0.5596729573423944,-0.43684594438356456,-0.5478717804797735,-0.7502449868021539,0.3215701943037938,0.4323198869208419,0.12354118106860354,-0.6663639641110671,-1.0257092285706153,1.33810702436318,1.3827675030766426,1.9732244049652974,-0.008482709938082702,-0.5405845059150832,1.439192814651505,2.7971713190179877,0.7809029193074537,0
0.8273124894479005,-0.6173929705677911,0.5693561964423357,-0.13478617003801185,0,1,0,1,0,0,-0.0412600105000692,-0.45594442577913186,0.022069094248954552,-0.46731262516051963,0.04858466719750351,0.01049593283263177,0.7989394667392242,-2.220243079137367,0.8502961020857543,1.1442024676934477,2.2708812004804364,1.630810087151199,-1.4767228458807342,0.9415220793048823,-1.9943580689788276,0.20269568709504007,1.2496932244694223,2.2232226947685145,2.110417730215288,0.13114384342216265,-0.1701870088187257,1.0494491714079284,-0.9586936390062918,-0.3065693068046418,-0.7817125329670866,-0.13114384342216265,-2.1104177302152882,0.605195468575612,-1.9105594289961043,-0.7279694450999874,-0.5220307794904515,-0.03337721691295973,0.3845801819166189,-0.6279498401920818,-1.3713993881826885,-0.4803306735805153,0.08453045990652028,1.4898602356909325,1.1181942271786838,0.37837302688726915,0.22844089288381547,1.1407440084753266,0.9453015509175579,1.127095675598167,0.6571863078002155,0
-0.04649643069818187,0.6967630939767645,0.5693561964423357,-1.6014324776621007,1,0,0,0,1,0,-0.4703038686405733,-0.18032666063766065,0.44424408102243734,-0.5830425558567773,0.8166000531902196,0.3119038093318884,0.9204748055389229,-0.045496228753806954,-1.198930708446319,1.4215329549970515,0.6211294984757435,-0.7334787452603011,-1.4594182995636895,0.7630475528363786,-0.5921240308140385,-1.3069048807588386,1.8901459109368366,0.7400109482198192,0.19034451885672046,-1.1891589033857164,-0.5175144998640135,-0.5307318537447439,0.3256650751261969,-0.04616298258402953,-0.08502210894235365,1.1891589033857164,-0.19034451885672118,0.8001630639334981,-0.4846237089171882,0.2727675886127153,-0.4703487775118068,0.2567835470898098,0.8571550890128092,-0.8726274695258333,-1.0391903727935126,0.3258135853852078,-0.6926373220274746,-0.7864379342253526,-1.0987473605180025,-0.7885913960966542,-0.7530997473783346,-1.0798785577006862,0.6160407084282594,0.06938110143228039,-1.198562864808365,1
-0.14929748012713334,1.2378861793774645,1.4383931084795292,1.0385308760612593,1,0,0,1,0,0,0.5013542806776271,-0.5960791966632976,-0.579210432367824,-0.06110056841665506,-1.0463727674309302,-0.41120677864926586,-0.0102194080878021,2.506151518103176,-1.310152413089845,0.4574476805013281,-0.5305029172987221,-1.4891936697853192,-0.5423557434130746,0.08706775114200521,2.607402776613245,-0.5540353922435931,0.7395802937460192,-0.3001018505340844,-0.43967950362031105,-1.5950137720955933,0.10120740676713756,-0.827732746248384,1.2342701008241963,0.11537285492390228,0.3966887274197297,1.5950137720955933,0.4396795036203104,-0.03541234474315745,2.142099985965025,-0.4186507255887879,-0.625394783447741,-0.32353798091572933,-0.5920746260821743,-0.46483142063624716,-0.319404172783631,-0.4803306735805153,0.3343343898138759,-0.5588081172337243,0.9630995482040194,1.5323711785047043,1.4976744794297,-0.2550758902638815,2.0153992890077768,1.1827648637121608,0.9664778365683122,0
-0.6890029896291251,-0.17934094905293926,1.0038746524609323,-0.8681093238500562,1,0,0,1,0,0,-0.20530619155379135,-0.389656608846373,1.5060781386648334,-0.6993511362065163,0.8499456331526289,0.2408001708105504,1.540220096979891,-0.6477473609780544,-0.7904913815767634,0.7807108401101723,0.6220385667563312,-0.8280508933501451,-0.8909504894458733,1.3025164874396709,0.5263968400156351,-1.060133261942774,0.16644538025226527,-0.1309845753641129,-0.4194329849395745,-0.7133741297612541,-0.8402544107987581,1.4163863798212841,0.015296510843019227,-0.8896455878625374,-0.9365615454863349,0.7133741297612541,0.41943298493957376,1.217950768271826,0.491016520610491,0.018034525485845748,-0.5349512799851129,-0.4430159425639276,0.7311351137871589,-0.22015379130249568,-0.04256332662598434,-0.17027518936292965,-0.6787593259215104,1.717490052682561,0.7897584364088047,0.6765972683164937,0.24536400737109418,0.2524949820049213,1.439192814651505,1.127095675598167,-0.1469716669968365,0
0.5703098658755232,-1.3388904177687242,-0.8790386569529866,0.3052077222492148,1,0,0,0,1,0,-0.596493238681898,0.0871504954068051,-0.06748317567269331,-0.44416663902126813,0.7672413935454582,0.4102862022544944,-0.8737268711303392,-0.7396160143992179,-0.8493382011089506,-0.3622726892806753,-0.33419407622240166,-0.9174451934554012,0.1904166149329811,-0.3089227011242345,0.22201183134932262,-1.3477882772517487,0.18778328452979723,-0.07656179072609358,-0.01835909107355938,-1.2330774978741266,0.9062665601388427,1.2375527700574132,-0.1933234645179551,0.6756097218176801,0.35972097946584936,1.2330774978741266,0.01835909107355796,-0.2582324537235989,0.26586877533487285,0.1817914946388332,-0.5607922809744348,-0.4600842227993849,1.1722050270769362,0.10608304780917345,0.12354118106860354,0.3258135853852078,1.0282341951120857,1.413983630027056,0.5434315933313949,0.35244048415429274,0.6176725260912207,0.41111087958892223,0.28677986593896093,-0.26463402725168356,0.038603250264021984,0
-0.6633027272718879,-1.596568077483343,-1.168717627632051,0.3052077222492148,1,0,0,1,0,0,0.48873534367349464,-0.594334780428225,-0.7327286093763631,0.3728866716943114,-1.5591565967571883,-0.7452597218910236,-1.2368749743290526,-0.5335891092627019,-0.5689201090246582,-0.8099518115857357,-1.5257347744099254,-1.8942972751176803,0.6638514499491728,-1.1045743198592766,-1.0820106297894885,-0.3400109504459364,-0.3523083600541786,-0.5530098639041501,-1.4375436385994584,-1.1578572735420007,0.616227115078647,-0.3515666981023202,0.4360546333060724,0.7448497046679852,1.443623433599513,1.1578572735420007,1.4375436385994576,-1.107734119211532,-1.1225423205314402,-0.600602913536552,-0.6706165351790554,-0.7587791269198825,-0.40304466324369825,-0.8318478646368748,-0.26403600355210183,-0.9454138999068937,0.3898463742377325,-0.482931511569848,-0.5331079430809875,-0.24400799870415715,0.05920974801103089,0.030432725387320277,-0.20711139779498602,-0.7099875321636356,-0.1469716669968365,0
-0.2263982671988458,0.49062096620506923,-0.15484123025532542,-0.13478617003801185,1,0,0,1,0,0,-0.016022136491804253,-0.46408503487613734,-0.10586271992482811,-0.4349082445655675,-0.07505400452052062,-0.020807555824561053,-0.6084476851542564,-0.4919992338024831,0.28621540390972655,-0.8269868205861758,-0.6034535274338342,0.395535725371048,1.4280265434802695,-0.8431912623028955,-0.11780894747238184,-0.5566530836353718,-1.151938773638834,-1.0015550742522554,0.10862057896823145,0.43173498641965286,0.00355454319242497,0.5572659714029209,-0.9506487110521981,-0.025036927297477973,-0.19330445274698935,-0.43173498641965286,-0.10862057896823216,-0.7595776989295921,-0.03432821836595151,0.2545723698179399,-0.08273376267196997,-0.5283573437412127,0.5421051509486824,1.3294711944779316,1.397009073393778,-0.17027518936292965,-0.10976148557697851,0.35171115073279,-0.41450612974742024,-0.8145239388296306,-0.7700228618656133,0.3476645205553221,-0.7010026615289333,-0.5986491559356475,-0.5181215015185524,0
-1.074506924987691,-0.17934094905293926,-0.8790386569529866,-0.8681093238500562,1,0,0,1,0,0,0.26159447759911014,-0.551887318708125,-0.11865590134220637,-0.42217795218897913,-0.278208395179635,-0.0981718920773376,-0.27216310278745665,0.3156028335039471,2.739459289717126,-0.6037739233676608,-0.22385831780162763,-0.05858675301936025,0.023313380793745918,-1.004398211567021,0.16633458268595716,2.5260478860577957,-1.2067881252200028,-0.5645425505066148,0.3586118043630067,-0.43557216489828954,-0.6251334389241672,-0.26654446004877624,-1.206498107114123,-0.3809708290666256,-0.26013914445887876,0.43557216489828954,-0.35861180436300744,-0.8988402670423681,0.28463108744117427,0.38876210842941544,1.703525430714945,1.0120549475087819,-1.584481930984174,0.697387318699073,0.5664865349208381,-0.24778906041732607,-0.6371253376036178,-0.3311783002420958,-0.2685346671830286,-0.8274902101961188,-0.9054077777638412,0.8552353928241243,0.5337254978059351,0.3477270420022505,-0.5799798072721716,0
-0.8175043014153137,-1.4934970135974959,0.5693561964423357,-0.8681093238500562,1,0,0,1,0,0,-0.5081606796529707,-0.12508681319369488,0.5977622580309765,-0.6108177392238793,0.961700747616901,0.3758523647315823,-1.5298188235027614,-0.8416001763787753,0.7231274369387919,-1.1111134601637673,-0.7461888419327233,0.7407068991823041,1.6967523001344889,-0.5758709459324362,-0.25542721987612726,0.3568594205667063,-0.2097684601881235,-0.31533825734174487,0.3186972389638403,0.6941558255444424,1.5518468501045182,0.899241272363334,-0.6299301289296473,1.2930397872910966,0.662215607148475,-0.6941558255444424,-0.3186972389638417,-0.6481676444393714,-0.40957446049198204,-0.5733100853443877,-0.3153027715758717,-0.3747428216220998,-0.844114576533476,0.6769975162545934,0.5664865349208381,-0.9764194483286528,0.986600206794193,0.38964945356472797,-1.0120768046203952,-1.1386807229918314,-0.6430995032110249,-0.4612765571230828,-1.4418395571298541,-1.378017789531564,-0.9202004889170784,1
-1.5371116474179702,-2.575743184398895,-0.4445202009343899,-0.13478617003801185,1,0,0,1,0,0,-0.44506599463230834,-0.1832340210294483,1.1350758775608636,-0.6686827045720081,1.0523895459313242,0.3758523647315823,-0.6660847501361421,-1.7567964247838865,1.5059445216389966,0.4018371053335699,-0.016607784800737657,-0.5573226850935002,-1.1783974063920417,-1.4778629601864026,-1.1226587967349293,0.4164168594526278,-0.45506332776020453,-0.6796797059293113,-0.49529816032406576,-0.26889098598050765,-0.5504561973252275,1.286603289004908,-1.6402178258595608,-0.9940890110163623,-0.6419840102961871,0.26889098598050765,0.4952981603240644,-1.4558905394934718,-1.2351161931692491,-1.019092945816409,-0.6770767854263857,-0.801449827508525,-1.3166894836296663,-0.6279498401920818,-0.4855086804782194,-1.2864749325462383,-0.6093693453916895,0.9587239960437993,-0.48749186102961545,-1.2035120798242718,-1.4469474413567518,1.0455744699249259,1.439192814651505,1.4054416161681371,-0.45626319576493324,1
-0.6633027272718879,-1.1842838219399534,-0.15484123025532542,-2.6280848929989626,1,0,0,1,0,0,0.4256406586528323,-0.5827053388610743,-0.041896812837936774,-0.4551609824374126,-0.30508058169395846,-0.09638312129692658,0.311588249297021,0.9769993459747897,0.758800143186509,-0.21971537849538622,0.11923250021285803,0.9380888490150591,0.09997287737016636,-1.046773042667939,2.048873856238311,0.031233941768385003,-1.8576003435417867,-1.9421326064990674,-0.18963998474047816,1.4675239328552652,-1.4791943360297553,0.7115545879580525,-1.0059181164038624,-1.545143400947987,-2.051122574610144,-1.4675239328552652,0.18963998474047747,-0.9823978079100336,1.9169522406894068,0.03622974428062242,0.046471242274642305,-0.6990401460957827,-0.49755964466293656,0.758556726032511,0.954063719541543,-0.790386157798101,-1.3865371273256843,0.6552175733882943,-0.013084607695344815,-0.5292659687668935,-1.057715808149347,-0.0647368131630805,0.2044646553166367,1.1827648637121608,-0.2706882785040748,0
0.4932090788038099,0.33601437037629844,-0.4445202009343899,0.5985369837740325,1,0,0,1,0,0,0.021834674520593164,-0.4704812277380702,-0.7711081536284979,0.5181277347181148,-1.507957312801638,-0.7622530443049282,0.5963167712231914,1.4801223038695774,-1.5034902385670326,0.5396800384970851,-0.4473782269178644,-0.5401768433249654,0.20633633062236587,-0.3877978641445759,1.661688662284458,-1.1011111460047385,-0.8163689916536281,-1.084704902462873,-1.522694711451012,0.7734532878151856,-1.2166760429159593,-0.36687108889595776,0.9488110123616169,-1.5385704323586584,-0.4773896108029822,-0.7734532878151856,1.5226947114510108,-0.4253475354589299,1.391607501712964,-0.2730889752305771,-0.7804407893836761,-1.0233374705694662,0.29006520049738066,-0.46483142063624716,0.2896456887631914,-0.17027518936292965,-1.1367331974183288,-0.3311783002420958,0.05077790717657645,0.533968283285125,-0.1607907403235886,-0.0647368131630805,-0.28942660841731066,0.06938110143228039,-0.08511336124321738,0
-0.4577006284139859,-0.9266061622253344,-0.15484123025532542,1.0385308760612593,1,0,0,1,0,0,0.07231042253712305,-0.4867624459320812,-0.822280879298011,0.8444861392815616,-2.1033402180397163,-1.0269911198057589,-0.6717163990910223,1.7068450082218733,-0.3110152070670514,-1.327626578686964,-0.9290152439078784,0.37034831933137224,1.6024138827236118,-0.09888786393416973,1.359666904417964,-0.8250136901416318,-0.37225466110965766,-0.6263466289827064,0.594470599903532,-0.08447776675232606,0.8352304158433599,-0.9806138827737843,-0.4038909874436019,1.4244165067428949,0.5962597417759877,0.08447776675232606,-0.5944705999035328,-0.03541234474315745,1.391607501712964,0.2727675886127153,-0.21193876761858224,-0.34060626115118536,0.6051151385615076,1.247911984700014,1.009431888773073,-0.10826409251941274,0.4731143508735179,-1.0899443568808573,-0.8341740846200435,-0.892321567028559,-0.3469449996836519,-0.667477223982284,-1.1125787146405561,-1.266679413303576,-0.6418381130257917,0
-1.1259074497021662,-0.5658574386248675,-1.6032360836506476,-0.8681093238500562,1,0,0,0,1,0,0.1858808555743153,-0.5315357959656113,0.6361418022831113,-0.6125536881843231,0.23076484661749921,0.06460624894006509,-0.6672948839321599,0.8105837060379312,-0.536312132242588,0.35672253135798304,-0.010919344076159717,-0.477382800737388,-0.34158181429097245,-1.2877805014813704,0.5537122777287039,-0.09960075634145218,-1.3458253964408629,-1.8456563920407851,-0.21188425664527402,-0.440948977121442,-0.35884532375916683,-0.5578547705528598,0.633067496675567,-1.8164065514536054,-1.7877285568752443,0.440948977121442,0.21188425664527333,-1.1618917845887227,0.7328418766472664,0.566923625794934,0.4240369789519651,-0.16613050763318102,-0.35053634023301067,1.8641371252442773,2.227531611866718,0.139780294854656,-0.47058938433204756,-0.6852691266735177,-0.6243401071837319,-0.23104172733766892,-0.911048815926267,-1.2807920279737544,1.9879608854670021,1.8693515171180877,-0.8686519007890618,1
-2.0254166322054865,1.1863506474345409,-0.8790386569529866,1.478524768348486,1,0,0,1,0,0,2.8863333744586646,-0.7617987389951949,0.31631226684865466,-0.5616325186779697,-0.778315817340575,-0.15183501548966816,-3.3575840422028222,-2.392422091570581,1.9040288786826136,-2.7356291075197134,-2.3221822284375473,-1.6052586459199787,1.904983588957495,-1.5271987060786671,-0.3967581630386629,1.1208813831664641,-1.2111169220849876,-1.721317951004809,-1.1334326641296226,-1.0652566185876786,3.1428433906605875,2.8862107840526487,-1.4764935698103565,2.4947356280237925,1.3384186762821642,1.0652566185876786,1.133432664129622,-1.3166279713806959,0.19081952690966666,2.0377038117060278,2.4626048347762923,1.673450806632741,-0.7180946013078251,1.0032343553662626,1.9506907657090713,1.6900577159425842,2.221741860225006,1.9451198696741894,-1.0805009276974533,-1.5665676780859363,-0.7192535184037778,0.09387908442092041,-1.4418395571298541,-1.8790404825575102,-1.0129879475475077,0
0.05630461873076867,0.6709953280053031,-0.8790386569529866,0.3052077222492148,1,0,0,1,0,0,-0.38197130961164594,-0.2675474723912908,0.23955317834438508,-0.5465876276874562,0.5619464396315169,0.21665176527500166,-0.22181800771217342,0.44674882564850393,0.8668193827598603,-0.025041699397161766,0.43898309699769666,-0.5195348693666273,-0.149536290794025,-0.7602854446816716,0.44590204002161377,0.589855004734028,-0.6099140189220219,-0.10504996482567318,-0.31054414497595056,-0.4005896952488784,-0.4512249187830013,-0.16648190844001023,-0.5922237404960469,-0.570950580386689,-0.6732603700534215,0.4005896952488784,0.3105441449759499,-0.8988402670423681,-0.03432821836595151,-1.1646546961746211,-0.7287587874050313,-0.9038595089212672,-0.9701345517591269,-0.22015379130249568,-0.09793149585751397,-1.1004416420156866,-0.44283339212011924,-0.17942508891434333,-0.06782390615699217,-0.3607044410025493,-0.5500223735309933,0.2207718024881207,0.7806711296729086,0.6260729825722207,-0.1469716669968365,1
-0.4577006284139859,-0.9008383962538722,-0.15484123025532542,-0.13478617003801185,1,0,0,1,0,0,1.9272941621445965,-0.7344695513123908,-0.5024513438635544,-0.13343177510181614,-1.3652886829702566,-0.4617395531958772,0.6911476420171816,0.20793405105322352,-0.6296631880538532,0.23695910043444723,-0.3787666060171579,-1.3376157343538246,-0.35861576122029687,-0.10466371981974558,-0.3959388594891724,-0.754034098533968,-0.6913221759518202,-1.2974866640567144,-1.3567040124745664,-0.4787858038769716,-1.0656363762528427,-0.6820388682794043,0.10303912165589155,-1.005619693051233,-0.774328053881201,0.4787858038769716,1.3567040124745657,-0.20252742647848845,-0.4846237089171882,-0.4095531161914002,-0.7158382869103699,-0.9209277891567239,-0.37153966943728567,-0.22015379130249568,0.5111183656893089,-0.23228628620644656,-0.7481493064513315,-0.1035484832504671,2.2038569800013414,1.9343255908658337,1.294597105582359,1.4262526241265279,2.2623449208747504,2.12914106165006,1.5850608941045057,0
-1.7427137462758722,-0.5658574386248675,-1.168717627632051,-1.6014324776621007,1,0,0,1,0,0,1.296347311937973,-0.6902776733572181,-0.016310450003180245,-0.4603688293187442,-0.6302411061581212,-0.1750890356350114,0.22895274584884734,-0.7956618622891974,0.15259786360934602,-0.36409905201207593,-0.58088529148638,-0.22713942437210638,0.4090419587411627,-1.1822223779536236,0.26666398068804187,1.150740191388919,-1.3545443915448017,-1.2805534032930856,-0.9919856992599327,0.6740482547543618,-1.4996270367804982,1.3592089981563433,0.9477765237722028,-0.8512687021455498,-0.4950318304696687,-0.674048254754361,0.9919856992599321,-0.968471551098756,0.7536888900987124,1.4236151773823238,1.91348356375319,1.1187316989803882,-0.40304466324369825,1.2071323798110556,2.0891111887878946,1.5350299738337914,-1.46980510396147,0.7310941790521709,-1.0713777112871794,-0.4903671546674297,-0.7700228618656133,-1.3336639938350878,-0.28942660841731066,0.013711913318286572,-1.0129879475475077,0
-0.3034990542705592,-1.0554449920826439,-0.8790386569529866,-0.4281154315628296,1,0,0,1,0,0,1.1827768789007806,-0.6815555921818551,-0.6431763394547153,0.13621896342046436,-1.487131342455167,-0.6294368138594102,-1.7602930349471784,-1.3385338634489894,2.2192625564424375,-2.912733188187486,-2.851170372338069,-4.528529012553836,0.7509145259975136,-1.791393825365005,-0.407354488945409,2.814871102987007,-3.6419331252675615,-3.372036884411588,-4.174542408827977,-2.036113123903957,0.657790712422543,1.4291009501378409,-0.2051322670248997,0.323636078593757,0.4145234189563752,2.036113123903957,4.174542408827976,-1.7344156757190237,-0.9349191994684248,-2.010732370131724,-0.6383152839424023,-1.9108880428132304,-3.2384941058208403,-1.85133798686084,0.012804842605544792,-1.4104971262332722,1.4445740782910115,2.6280093206490753,2.5596624200020446,2.02508949043125,2.073060371997167,2.2827784710801327,1.7684536571408034,0.7374113588002092,1.8324941171189824,0
-0.4320003660567478,0.05256894469021735,-0.4445202009343899,-0.8681093238500562,1,0,0,1,0,0,1.7632479810908743,-0.7280733584504578,5.855759820573444,-0.7901991318030787,0.6045328482736189,0.05074327539187969,-0.05743785043795641,-0.1470045576855112,-0.7528189046193091,-0.9888996769732102,-0.9040519377421521,0.22558861589278115,1.318011300823173,-0.4737978466954039,-0.259712347978082,-0.4658441227349391,-2.0807353000390134,-2.0950927584820667,-1.0117882743416888,1.3111552580072139,-0.39354449660202173,-0.05840576002818487,0.5610002446845068,-0.7272818405983615,-0.8701385060594641,-1.3111552580072139,1.0117882743416882,0.0759977097470634,0.5660657690356972,2.7655125634970843,2.0103873174631492,0.8200367948598906,1.8023049032051899,3.042214599814193,4.442258381127891,2.930279652812927,-0.49834537654397587,-0.2553016945782196,-0.615216890773458,-0.2569742700706454,-0.5161761445564365,-1.175048096251087,-0.4540570296619595,0.18071947766026855,-0.5181215015185524,1
-1.0488066626304537,-0.3854830768246345,-0.15484123025532542,-0.4281154315628296,1,0,0,1,0,0,-0.5460174906653681,-0.1047352904511812,-0.2977604411855021,-0.33190860624589813,0.41572139943801395,0.175957230020651,0.6690342123546557,0.6415308364872778,-0.8560997074340752,1.0652505861142496,0.2997027979007619,-0.040682757812192105,0.3226548145378423,0.5371999513706668,1.174525592847385,-1.26161284564071,0.7842270493214386,-0.02408253743671203,-0.03566621970192337,-0.020113106998745453,-0.39354449660202173,0.2960927490192963,-0.09748226081755589,-0.6614586998155884,-0.41314022602606804,0.020113106998745453,0.035666219701922665,0.5494904413305014,1.1664597564373458,0.17269388524144552,-0.5220307794904515,-0.20406001926752979,0.7311351137871589,0.5954383064766764,0.6772228733838963,0.2638024885416898,-0.49834537654397587,0.04820472807728505,-0.615216890773458,-0.5681647828663581,-0.7700228618656133,-0.28679906978068154,-0.12479618717266176,-0.15329565102369538,-0.5181215015185524,1
-0.12359721776989524,-1.2100515879114147,-1.6032360836506476,-0.8681093238500562,0,1,0,0,1,0,-0.3945902466157784,-0.2675474723912908,0.9943508819697028,-0.6576883611558636,0.9243657493185123,0.30251276273473054,-0.11312003389168733,0.4951407424203565,-0.8262903582239016,0.3031455861813597,0.3037602392662287,-0.06251842660683955,-0.0529324178343079,-0.6568932922764049,-0.36148932681058876,-0.3619062759634208,-0.18218072813414218,0.3227896101418779,-0.7858772647355261,0.6941558255444445,-0.4990638769316814,-1.0417282799920118,0.7658856953478957,-0.5901774210751689,-0.07976195959314415,-0.6941558255444438,0.7858772647355247,-0.8431352397972577,-0.7097714541928067,-1.3193140559302208,-1.2714198081808024,-1.262293393865864,-0.30852968182446,-1.2804235184154193,-1.149926711256571,-1.2244638357027204,-0.5816133531797613,-1.0899443568808573,-0.5787240251323598,-0.127311556405765,-0.3469449996836519,-0.6992004034990842,-1.0302635040182315,-0.8769950965056176,-0.7036964187794109,0
-1.0231064002732158,-1.3131226517972627,-0.4445202009343899,-0.13478617003801185,1,0,0,1,0,0,0.21111872958258027,-0.5361875725924716,-0.7839013350458762,0.6217060226912655,-1.7406474806613694,-0.8928333112749326,-0.21429014105586763,-0.28258631266338735,0.3511076092922426,-1.2136675031149387,-0.8804559162677388,-0.31225299855187844,1.1502416062069079,-0.31934318083027774,-0.38247098204080376,0.8181811247854491,-1.0840522028008006,-0.5590462884280497,0.36728888379760893,-0.7901484909597473,-0.021108286041089986,0.004707548881359857,0.34221726124546964,0.5646588898090303,0.5988359212070924,0.7901484909597473,-0.36728888379760966,-0.17467491285593337,-0.18442671521636386,0.6275743551108558,0.9896677783849125,0.4445346296798359,-0.024984737566746233,1.3294711944779316,1.2309045656991897,0.38782468222872474,-0.22078545442469194,-0.2553016945782196,-0.7794347861583975,-0.5033334260339178,-0.2623294272472596,-0.6992004034990842,-0.4540570296619595,-0.8213259083916238,-0.7036964187794109,0
-1.5371116474179702,-1.41619371568311,1.7280720791585935,0.3052077222492148,1,0,0,1,0,0,1.9525320361528615,-0.7344695513123908,0.12441454558798068,-0.5089754002111725,-0.7053592893644527,-0.17151149407418936,0.5056201058979846,0.1205638354539074,0.3296814329760728,-0.7086053245383406,-0.8194521638084437,0.8192004006514377,0.5024374393773664,1.4607177747500664,0.42997991477388586,-0.7015609999658453,0.46864683749154995,-0.7786007891180206,0.6912331826893902,0.43173498641965286,0.7564549240085007,0.26526679171082057,-1.1556867099524364,1.4219822598553022,0.30517581818473843,-0.43173498641965286,-0.6912331826893908,1.8399902391755587,0.8162299304530506,1.1127801896382252,0.5245297605771081,0.7062482599568443,0.2795635358952437,0.3235742738836193,0.012804842605544792,-0.06692336129040147,0.7229182807808735,0.27583454506891375,0.0872707728176734,-0.5292659687668935,0.025363519036474696,0.4428340591057229,-0.7010026615289333,-0.5986491559356475,0.038603250264021984,0
1.2385166871637046,-1.4934970135974959,-0.15484123025532542,-0.8681093238500562,1,0,0,1,0,0,-0.34411449859924853,-0.2762695535666538,-0.4512786181940413,-0.20286973351957077,-0.1415241443582278,-0.05568858604257591,1.2833808779093647,0.4655479528497857,-2.66285463764053,1.2752113036887591,0.4983541695405123,1.33097117541863,-0.14442183864089783,0.6245222179982546,-0.39297376092911074,-1.2372027621159933,0.4535109810395311,0.23637894585066976,0.633698674005907,1.1867913099014362,-1.1605571099844398,-1.0326516625373794,2.396942035265979,-1.273034475866892,-0.41710679458445515,-1.1867913099014362,-0.6336986740059076,0.8837206048011639,-0.10937746679115769,0.9368930746220554,0.07231224326396513,0.2567835470898098,1.833809897011603,0.5138790966987595,0.2342775195316623,1.13195784435093,-1.192245181842186,-1.1658209625447336,-0.998391980004983,0.22277777048941236,-0.3130987707090945,-1.9681275841710915,-0.9479482933959068,-0.5429799678216537,-0.9511296417938885,1
-0.04649643069818187,0.7998341578626126,-0.4445202009343899,-0.8681093238500562,1,0,0,1,0,0,-0.19268725454965888,-0.3925639692381606,0.34189862968341117,-0.5674190152127826,0.3912161972645177,0.1366042728516086,0.2450378176362508,-0.42214943140775546,0.16838064909282605,1.1156136993162002,0.5365065772594116,0.058786042511223956,-0.16535556004583551,-0.07329327513923643,0.8595311311454137,-0.7308800689177168,1.7864905797050183,0.47650804996577056,-0.31054414497595056,0.38817105265189955,-0.41396482723586625,1.4404727613046726,-0.9646459715521915,0.26433134348821424,-0.23226746033935325,-0.38817105265189955,0.3105441449759499,-0.3696425082138195,0.26586877533487285,-1.21924035255895,-1.3489428111487698,-0.71610842633123994,-0.9701345517591269,-1.0357458890816678,-1.0391903727935126,-1.1004416420156866,-0.22078545442469194,1.793366658346437,0.890113816921823,0.19684522775643593,0.2961333508329291,1.1407440084753266,-0.20711139779498602,-0.04195727479570725,0.7190446135538346,0
-0.09789695541265715,-0.5916252045963298,1.4383931084795292,1.478524768348486,1,0,0,1,0,0,0.47611640666936217,-0.5931718362715099,0.2267599969270068,-0.5350146346178304,-0.14410057487789937,-0.042719997884596024,0.31895831952212966,-0.6041641011301628,0.030003919243036054,0.6010280134499344,0.3534542150672836,-0.7609511267103003,-0.08619251805206296,1.7579376426226998,1.6523033692443962,-1.043795554053338,1.4442638678697906,0.6754910972725938,-0.40749033797582196,-0.6337026228571595,1.3129912717592747,2.4844754325200276,-1.089930231306592,0.6201572575399011,0.19997779246397818,0.6337026228571595,0.40749033797582124,1.9142636088357055,1.841902992264201,0.5911839175213025,-0.08273376267196997,0.4957394703862077,1.0776900456576979,-0.5463906304141645,-0.4301405112466897,0.7598912632898273,0.9727222106882286,1.9451198696741894,-0.5787240251323598,-1.0090180093269512,-0.7361766328910565,0.28421816152172197,-0.6186874509066087,-0.9326642846196119,-0.76555472453303,1
-0.04649643069818187,-0.05050211919562982,1.0038746524609323,0.3052077222492148,1,0,0,1,0,0,-0.5838743016777656,0.06970633305607908,0.9047986120480549,-0.6507445653140882,1.2601764480201194,0.5565182135530952,-0.24530328141050306,-2.919688523355616,2.043385508103151,0.3915681180036834,2.012524820727983,0.7785747767443281,-1.9502307765673499,-1.138911882379878,-0.7477356894245588,1.9598533135336955,0.3022633388517584,1.0585412810646284,0.6912331826893887,0.3763264807979944,-0.7968871493393392,3.2582989277342,-0.823912870828405,-0.22926411286243786,-1.5829212996744588,-0.3763264807979944,-0.6912331826893894,-0.8709877534198129,-0.25947596364157,1.8830444519504281,2.8631403501107897,2.9023669835856456,0.038025250046078915,-0.22015379130249568,-0.5408768497097485,2.0621242970036877,-0.3595654154843339,4.980184096229237,2.641771367694514,1.6620338921695847,1.446905135967865,0.9821281108913258,2.4269753421193996,3.0198480714739637,2.512935480408796,1
0.9044132765196139,-0.8493028643109486,-1.168717627632051,-1.6014324776621007,1,0,0,1,0,0,-0.40720918361991093,-0.25010331004056474,1.1478690589782419,-0.6686827045720081,0.9957885574602111,0.3244252047947655,-0.3647338965880265,-1.059562934835445,1.6843843004956833,-0.24958030406128393,0.9265999585861843,0.8796888449199883,-0.40866462218724564,-1.1361663951828422,-0.7046764917717088,0.30733991310542697,-0.8368759890122228,-0.45897569994369003,0.3637290563372595,0.8390486150612049,-0.62807271321328,0.748353940185438,-1.993762793062961,-0.4926650159376391,-1.6527257659127108,-0.8390486150612049,-0.36372905633726016,-1.0938078624002545,-0.7097714541928067,-0.2185033188462471,-0.031051760693324323,-0.3576745413866426,-0.24551969421163483,0.5954383064766764,0.4557501964577793,-0.6043528672675491,-0.5102408017776596,0.9045264205696022,0.49651219464998436,-0.6755996027601162,-0.8062866786240673,0.864299158400353,0.8512270244920437,1.5247327335552667,0.25068886999071616,1
-0.9203053508442651,0.20717554051898904,-0.4445202009343899,-0.4281154315628296,1,0,0,0,1,0,-0.785777293743885,0.8314347557044489,0.15000090842273722,-0.510132699518135,1.9524418241595107,1.0336728192277345,0.08908256587744612,-0.8835123878040404,1.036813903701182,-0.1350697006238696,0.11264685127424803,0.7199546509435837,0.2351426896969701,-0.2249930455733,-0.5175850466811965,0.6747363592091159,0.21947258573361694,0.5627999923214557,0.6912331826893887,0.29637562078413626,-0.3486818764873319,0.6941431419786186,-0.7393143701521522,0.4000957106763158,0.4030182287269708,-0.29637562078413626,-0.6912331826893894,-0.09111737198826762,-0.3345252120667762,0.5729886987265271,0.8604627734383002,0.9224464762726329,0.1325402314653172,0.2692014673650073,-0.04256332662598434,0.7598912632898273,-0.6648813298155464,-0.02767187758659086,-1.6187706959036452,-1.6702978490178413,-1.4469474413567518,-0.5405845059150832,-1.277209135885205,-1.32234860141757,-1.569712699330082,1
0.2619067175886707,0.8513696898055362,-0.8790386569529866,-0.13478617003801185,1,0,0,1,0,0,-0.7353015457273552,0.3982380573280859,1.8642872183514247,-0.7259690202666557,2.1490673236008484,0.8673171366495096,-0.09427630711563459,-1.4323548930621308,0.5287129449737312,0.3049807707696096,1.3618274030650843,-0.26783821516149503,-1.9710593087292587,-0.5429180205001639,-0.9000264280264477,-0.3087760431737382,-0.279942830663725,0.31570507042311413,-0.1984048918790851,-0.16852382448162845,-0.41138378909179635,1.0643253244325175,-1.0330584529091162,-0.6895958644441991,-1.4622177665335077,0.16852382448162845,0.1984048918790844,-0.3417899945912644,-0.6347222057676005,0.9550882934168308,0.6278937645343975,0.47867119015075044,1.550264952753888,-0.22015379130249568,-0.1532996650890431,0.9459245538203791,-0.47058938433204756,0.8069707847160468,-0.39625969692687113,-0.840456481562607,-1.0238695791747903,-0.3185222492974822,1.2745623934068555,1.2941032399401495,-1.0129879475475077,1
0.46750881644657266,-0.4370186087675581,-0.8790386569529866,-0.4281154315628296,1,0,0,1,0,0,0.08492935954125552,-0.49432158295072914,-0.2721740783507456,-0.35563324203863095,-0.3153042460665987,-0.10532697519898168,-0.6016651035134831,-0.5699698071697529,0.7560153707569618,-0.9184057095866696,-0.7432156674837228,0.3987564436928048,0.6767838165156838,-1.4067711500766462,0.1314998490770561,0.08642422687132764,-0.8914511812112997,-1.030637919314646,-1.3523925657479052,1.8851427108031107,-0.5689991850896847,0.9140351097500485,-0.9466503252045899,0.3567591315381394,-0.040000563383412464,-1.88514271080311,1.3523925657479046,-1.3723329986258064,-0.10937746679115769,-0.6642861793182697,-0.5220307794904515,-0.8185181077439823,-0.844114576533476,-0.38327221085833024,0.2896456887631914,-0.35630847989348147,-0.859173275299045,0.04820472807728505,-1.8103582405194079,-1.9036907336146256,-1.68387104417865,-0.857816301083085,-1.5241547677521787,-0.9883334727336057,-1.3222794763156045,1
-0.9974061379159777,-0.23087648099586283,0.5693561964423357,0.5985369837740325,0,1,0,1,0,0,0.551830028694157,-0.6018939174468729,-0.438485436776663,-0.24337520926326098,-0.8038477716495906,-0.2748130066429257,-1.087498712778241,0.25218041840210365,0.7966368132954148,-0.3908895523407644,0.12462682856777284,0.3005273907434214,0.045752414508766305,0.19300751520823026,-0.03681292893013234,0.5968778326788843,0.6112706344479873,0.7341173900639993,1.4117422606640757,-0.9902652685099177,1.705044267829918,-0.38300392249608917,-0.48922455210251964,1.1341920645710195,0.5547017661841892,0.9902652685099177,-1.4117422606640766,0.04814519612450831,-0.18442671521636386,-0.45504116317834126,-0.09565426316663046,0.15437386567706757,-0.6235796198885869,0.35076067714292497,-0.26403600355210183,-0.4803306735805153,1.2502821328075124,-0.5588081172337243,-0.7064490548762022,-0.8274902101961188,-0.38079122865820925,-0.3502454288142823,-0.04248097655033679,-0.48731077970765985,-0.8274130302866491,0
-1.1773079744166424,-0.46278637473902035,0.27967722576327125,-0.4281154315628296,1,0,0,1,0,0,0.19849979257844777,-0.534443156357399,-0.09306953850744984,-0.4389587921399365,-0.2169290960977163,-0.07178752306627507,0.8173376779175441,0.5528311343994181,0.48286531263147764,0.7047051305419894,1.1874405476927377,1.0723139692099326,-0.8513283541333052,-0.0648640974827009,-0.12428121115090912,0.2659444865113098,-0.9366569496618865,-0.10710367255906347,0.6912331826893902,0.7769517052683067,-1.2013393792838356,-0.8832802705024964,-0.39284449709559666,-1.8807841652640602,-1.648296758262669,-0.7769517052683067,-0.6912331826893908,-0.11896988561082296,-0.18442671521636386,-0.20940570944885942,-0.04397226118798574,-0.40887938209301433,0.19555021907814235,0.758556726032511,0.4557501964577793,-0.17027518936292965,-1.1089772052064004,-0.7864379342253526,0.1876261533306929,-0.0495139282068366,-0.7869459763528921,0.2207718024881207,1.1099319721622063,1.795125932966095,0.16231986177126023,0
0.030604356373531493,0.5936920300909173,1.7280720791585935,0.3052077222492148,1,0,0,1,0,0,0.5644489656982895,-0.6024753895252305,0.16279408984011548,-0.5130259477855414,-0.2268880932703598,-0.06686840342014477,-0.02623079829447713,-0.2987781139915723,-0.7668053604087905,0.48353521435465946,-0.19511801635038772,-0.666298439211691,-0.4058355094659133,-0.3780667692073816,0.19024465306520244,-0.993101926868823,-0.14951608705633693,-0.7358805235991049,-1.7622723062536898,0.8390486150612049,-0.3412852976102558,0.6006652551079353,0.05027695369200409,-0.801482472026215,-0.4647811264237885,-0.8390486150612049,1.7622723062536891,-0.48105256270404034,-0.03432821836595151,-0.5915053041391644,-0.9742482968035945,-0.972132629863095,-0.15100471279239655,-1.1988643086375024,-0.5962450189412776,-0.728375060954584,-0.47058938433204756,0.27583454506891375,-0.6973258384659271,-0.5681647828663581,-0.8207922053274488,-0.4136917878478824,-0.4540570296619595,-0.09762646290970158,-0.7036964187794109,0
-0.4577006284139859,-0.35971531085317227,-0.8790386569529866,-0.13478617003801185,1,0,0,1,0,0,0.059691485532990585,-0.483273613461936,-0.630383158037337,0.10960107936032508,-0.9146590641876045,-0.45637324085464404,0.4472047946627963,-0.11326591497339088,0.8826174841288121,-0.1700605188457842,-0.02184027526506152,1.5832115493266574,0.6487545447301752,0.3819603662549549,-0.3150781508408297,0.9851319254467723,0.11187307826536319,0.5339098537257653,0.2567889334467663,1.904631587107343,-0.24019885569011612,-0.16017735186400267,-0.21660508935153647,0.34067221894674954,0.5496524825353811,-1.9046315871073423,-0.25678893344676695,-0.3139374809687093,-0.9349191994684248,-2.2290749956690408,-1.5298298180740268,-1.4159079159849774,-1.9152843659515075,-0.9541866793037505,-1.149926711256571,-2.0306080946684437,-0.3595654154843339,-0.3311783002420958,-0.5787240251323598,-0.5940973255993336,-0.4315605721200442,0.030432725387320277,-1.6064699783745033,-1.0996718489615938,-0.08511336124321738,0
1.9838242955235992,-1.4419614816545723,-0.4445202009343899,-1.6014324776621007,0,1,0,1,0,0,0.6527815247272168,-0.6222454401893867,-0.2849672597681238,-0.34174565035508003,-0.6458937269164065,-0.2144419928040538,-0.45985682625970103,0.26593107514102327,0.5670138686119409,-1.1238558615032042,-0.6749727347817112,-0.6780072046011792,0.3298781952054622,-1.2451385828010155,-0.4209411890344271,1.1124549710300673,-1.7921721420259598,-1.2582358358230978,-0.8293216896597884,-0.1022098070627286,-0.6046856898439237,-0.7866883888354811,0.34278300766723724,-0.2588304540545705,-0.350924785290023,0.1022098070627286,0.8293216896597884,-1.17736540326792,-0.40957446049198204,-0.054746349693259644,0.5245297605771081,-0.27233314020935756,-0.8126095827270634,0.2692014673650073,0.7879592118469556,-0.23228628620644656,-0.6093693453916895,-0.7864379342253526,-0.21379536872138252,-0.010615114107371936,-0.11002139686175369,-0.6040308649486834,0.36909507656128593,0.3477270420022505,-0.2706882785040748,0
-1.2544087614883548,-1.3131226517972627,-1.168717627632051,-0.13478617003801185,1,0,0,0,1,0,-0.06649788450833415,-0.4460594004470538,-0.3361399854376369,-0.3041334228787963,-0.272834674256688,-0.10801013136959821,0.14187019791624267,-0.17136346363511165,0.9036217764440494,0.4171087951589607,0.7660419623763566,1.4153077505913902,-0.12672383708028803,-1.2310759478379838,-0.15029897565407996,1.0512425683262125,-0.628222033886232,-0.056274406157624184,0.01898787070343759,1.9114790301331543,-1.4273505454603512,0.08463551734861766,-0.17888384018668052,-1.1864212876045297,-1.050833073422012,-1.9114790301331543,-0.0189878707034383,-1.2887754577581405,-0.5596729573423944,-1.3557044935197728,-0.7029177864157086,-0.8867912286858101,-1.3796994712424915,-0.6279498401920818,-0.7069813574043363,-1.4725082230767892,-1.3587811351137562,-0.02767187758659086,-0.3050275328241268,-0.3477381696360611,-0.7700228618656133,-0.2233527107470814,-0.7010026615289333,0.23638866577426285,0.10046155601764112,0
0.05630461873076867,0.6452275620338409,-0.15484123025532542,-1.8947617391869185,1,0,0,1,0,0,-0.36935237260751347,-0.2675474723912908,2.1201508466989902,-0.7352274147223563,1.2000093426790925,0.36243658387849964,0.514198525261758,0.31191862736258036,0.6810998686068142,0.7418231932202106,0.3691139974318151,0.48352938233776077,-0.1826947870778173,-0.21535542999501125,0.07362766480256727,-0.03650629088827236,-0.31130087013829905,-0.40277876876219365,0.4783555005605047,0.18504924596578518,-0.9301861745518164,-0.35435952669311027,-0.9677716390556201,-1.3108358896112118,-0.8731013475455819,-0.18504924596578518,-0.4783555005605054,-0.17467491285593337,0.11577027848446049,0.15449866644666885,0.11107374474794844,-0.01630893667750248,-0.024984737566746233,0.758556726032511,0.5664865349208381,-0.23228628620644656,-0.9794492415507348,-0.5588081172337243,-0.7915990747054293,-1.1170702707143518,-1.4751526321688826,0.2524949820049213,0.34165667302051117,0.4776218142682366,-0.76555472453303,1
-1.485711122703495,0.1298722426046032,-1.6032360836506476,-0.8681093238500562,1,0,0,1,0,0,-0.15483044353726144,-0.41117107574560174,-0.0035172685858019803,-0.46441937689311324,0.13069604979029267,0.042693806880030105,-0.23846778861123624,1.5186351524415265,-2.3309422433386167,0.8688215087601815,-0.7693515068247375,0.9404352007305475,0.5343568842587135,-0.7793882565115808,1.0486743598207755,-1.6862943540348168,1.0262194102720297,-0.011810499084543518,0.5444209881177442,0.7426913412446393,-0.44716029764112786,-1.0338354532710676,1.4919129334738352,-0.15614020613974744,0.9886639849755978,-0.7426913412446393,-0.544420988117745,-0.8709877534198129,0.5660657690356972,-0.8826288048555859,-1.5169093175793655,-1.1257471519822078,0.1325402314653172,-0.38327221085833024,-0.6516131881728072,-1.2244638357027204,-0.47058938433204756,-1.0140677512169813,-0.23204180154193166,0.5469345546516133,0.4484413812184362,-0.4136917878478824,-0.8656330827735822,-0.6543183440496418,0.2860364732784985,0
-0.7918040390580765,1.5986349029779314,-0.4445202009343899,-0.8681093238500562,1,0,0,1,0,0,0.33730809962390496,-0.5722388414506387,-0.8350740607153893,1.154063703894051,-2.5387237308754025,-1.3319765378658375,-0.39040659142835754,0.8666494557399101,-0.5020136159640104,-0.9519896759019546,-1.4435444983830403,0.5455121450648762,1.4039920204088931,-0.9415235016219811,0.914688256218302,0.4863533255417721,-1.1941469760928103,-1.1126083493571395,-0.7896550408158974,1.5271837582763876,-0.3978893202563604,-0.27318896057264996,1.175007619012061,0.10198093468478264,0.7904330453790721,-1.527183758276387,0.7896550408158968,-0.9266927806649233,0.7161642658861095,-0.2912841940253525,-0.0052107597040024186,-0.47715250303484213,-0.7811045889206503,-0.38327221085833024,-0.04256332662598434,-0.790386157798101,-0.27629743884854874,-0.1035484832504671,0.5251851605108457,1.0915179520441112,1.0745966172477384,-0.033013633646279864,-1.5241547677521787,-1.1553410370755877,1.0283361423219313,0
-1.2030082367738797,0.43908543426214564,-0.8790386569529866,-1.161438585374874,1,0,0,1,0,0,-0.8236341047562825,1.7908636849943804,2.145737209533747,-0.7358060643758376,3.582620456749984,1.9459459172373539,1.132474086712225,0.9666900901096421,-3.762666987755957,2.476351528732829,1.3415253815662527,1.0253679187163183,-0.04803158836959452,0.05887190786003518,1.0092927745872473,-2.6128641494198748,0.2605524691171529,-0.5867234170649636,-0.2548898489945435,1.6512761951523172,-1.5159086683820187,-0.3157251411128439,2.5180153358436304,-3.0870317861738874,-2.316869918853053,-1.6512761951523172,0.25488984899454276,0.438080386840281,1.6167552469885829,1.5191400760548999,-0.3411437725651945,-0.22112829950298704,3.0625046554616975,1.7372672433675176,2.1167952734036595,1.876091006473136,-1.1644891896302574,0.9587239960437993,4.347812836415833,5.733443101246828,3.03767789777204,0.2524949820049213,1.439192814651505,3.075517259587958,3.255235149452228,1
-0.04649643069818187,-0.6173929705677911,0.5693561964423357,-0.13478617003801185,1,0,0,1,0,0,-0.4703038686405733,-0.18032666063766065,0.022069094248954552,-0.46731262516051963,0.5593016905638911,0.22246527031133748,0.8886729862281635,-1.324192429527771,0.05718303892139887,1.433019938224211,1.1687126610635121,0.4519443264967429,-1.2918877945436005,0.865411229384703,-0.8219161655531758,-0.9594328461450757,1.7341537592310639,0.99828681056191515,0.773109214277421,-0.15036214763897582,-0.3710127164776093,0.9941180950092688,-1.0423086128735446,-0.21636030321911484,-0.5447509284607732,0.15036214763897582,-0.7731092142774217,0.7723105503109431,-0.7848207026180125,-0.082039177885424,-0.5607922809744348,0.10316902497069583,0.5736101447550955,-0.6279498401920818,-0.983822203561983,-0.046252995675895824,-0.1375174777889068,1.413983630027056,1.0817013615375868,0.30057539868834077,0.19459466390925928,1.3945294446097283,1.1099319721622063,1.127095675598167,0.6571863078002155,0
-0.1749977424843705,1.2378861793774645,-0.8790386569529866,1.0385308760612593,1,0,0,1,0,0,1.4982503040040924,-0.7053959473945141,-0.579210432367824,-0.06110056841665506,-1.412978330028981,-0.49527900532858377,-0.6432476304409739,0.7390132299754263,-1.1587551284904505,-0.5183281263331377,-0.814239465824385,-0.6829891089787463,-0.07504687109162039,-0.9567188263391442,0.4562665286820082,-0.5444841756037556,-0.8016714342081791,-1.0394314779044027,0.4251360800282837,-1.3531604730820255,-0.061490690092334474,-0.5572410582884652,1.0369029925449824,-0.09469581229637845,0.04374865448290611,1.3531604730820255,-0.4251360800282844,-0.6481676444393714,1.1664597564373458,1.9558253271295334,1.2997597902567817,0.8541733553308051,1.4557499713346498,1.5741488238116832,1.4523772426253072,1.13195784435093,0.25106641317809053,-0.17942508891434333,1.3280282046149967,1.7527977917350004,1.5992131663533709,-0.033013633646279864,2.3446601314970748,1.6281183686241134,1.2139110595827887,0
-1.3315095485600683,-1.6223358434548052,0.27967722576327125,-0.4281154315628296,0,1,0,1,0,0,-0.05387894750420167,-0.44896676083884146,0.43145089960505906,-0.5778347089754458,0.3099301473467485,0.10127604993849096,0.5784150846810695,-0.4559318524815183,-0.35905681996654115,1.036273584958655,1.0290274527665337,1.238847144846056,-0.9600343603571211,0.9052982886322262,0.903910519541729,-0.3372555620319961,0.7924165798716186,0.6937525872463609,1.4117422606640757,0.28949096339405445,0.10026312776359406,1.531298491481617,0.15193338632919048,-0.6141920423886028,-0.6604717127474413,-0.28949096339405445,-1.4117422606640766,1.3015083091394917,1.391607501712964,1.273504622325418,0.8733832739329616,1.195538960039945,1.3612349899154128,0.35076067714292497,-0.26403600355210183,0.7598912632898273,0.0012624832707351544,1.2622304186993043,-0.31415074923440073,-0.1921429132382052,-0.4146374576327655,-0.5405845059150832,0.36909507656128593,0.5704037944582268,-0.20882997275045564,1
-0.1749977424843705,-0.8235350983394863,-0.8790386569529866,0.5985369837740325,1,0,0,1,0,0,-0.10435469552073157,-0.42687082186125513,-0.5280377066983108,-0.12185878203219036,-0.5394663315936652,-0.234118471388575,0.45546085496806693,-0.1999839620924458,-0.660240582277197,-0.09262321421591461,0.4551287059154707,-0.060603762977534795,-0.7487328083234329,-0.09529646636429226,-0.4522456804557451,-0.8149742903371069,-0.27664008954316494,0.30044630129032535,0.6359402782403267,-0.7133741297612541,-0.7285485123268113,-0.1785655307329296,0.08360042819551111,-0.1491835904396907,-0.29836227197520665,0.7133741297612541,-0.6359402782403275,0.04814519612450831,-0.25947596364157,0.6093791363160792,0.05939174276930372,-0.05044549714841698,1.7392949155923647,0.6769975162545934,0.40038202722625016,0.44983577907224165,-0.6926373220274746,-0.17942508891434333,-0.031331040515893936,0.015317428625603584,-0.0423289389126401,-0.28679906978068154,1.1099319721622063,0.793080546914203,-0.5799798072721716,1
0.33900750466038404,-1.1842838219399534,0.5693561964423357,-2.6280848929989626,1,0,0,1,0,0,-0.7479204827314877,0.518021305469738,-0.041896812837936774,-0.4551609824374126,1.4454495563444307,0.7501526505325878,0.29388664054332037,-0.7690977829168523,0.8822751916026282,0.548123277850971,1.527944871358791,0.227719470947137,-1.4260240169385314,-1.065136855274209,-0.5839815901026412,1.187931548308946,-1.2001609240158237,-0.1301379577013139,-0.6862106428504532,0.9911575592328019,-1.4729287233347814,0.4705909064661727,-0.012343100945961506,-1.9305382144322119,-2.11345755173792,-0.9911575592328019,0.6862106428504524,-1.0102503215325889,-0.5596729573423944,-0.054746349693259644,0.5632912620610914,0.017827623793410803,-0.2770246880180474,-0.38327221085833024,-0.09793149585751397,-0.10826409251941274,-1.3310251429018278,0.7310941790521709,0.7623887871779818,0.6376984542170299,-0.24540631275998087,-0.15990635171348128,1.2745623934068555,2.1848102497640536,0.47161139053935697,1
-1.1259074497021662,-0.9266061622253344,-1.6032360836506476,1.0385308760612593,1,0,0,1,0,0,0.1858808555743153,-0.5315357959656113,-0.822280879298011,0.8444861392815616,-2.180874099947691,-1.061424957328671,-1.2977463903132305,0.9905271631351655,0.4011852325980136,-1.6456881038704627,-1.5103555844040464,-0.3213582008102186,1.8235700505156927,-0.9333070186379099,0.33929290966078957,-0.01279297251619469,-1.0418119437399096,-1.3877300964545543,-0.10969275007275173,-0.3295023237687909,0.871998570178542,-1.0196334284854958,-0.5612893563755426,1.1901755676050463,0.608687891406217,0.32950232376879157,0.10969275007275102,-0.8152827261747027,0.491016520610491,0.49111021415003275,0.4082452561251572,-0.05044549714841698,-0.24551969421163483,1.4925896140337656,1.7292180887829538,0.20179139169817292,0.6951622885689447,-1.0140677512169813,-0.2959043164138529,-0.5292659687668935,-0.0592520533999176,0.030432725387320277,-0.6186874509066087,-0.8213259083916238,-0.023255055489598248,0
0.05630461873076867,1.1863506474345409,-0.8790386569529866,1.478524768348486,1,0,0,1,0,0,-0.38197130961164594,-0.2675474723912908,0.31631226684865466,-0.5616325186779697,0.6063414942485379,0.22827877534767327,-2.953923072333365,-1.4584510050599016,1.632463130994648,-2.389297773692213,-1.154628170708649,-0.944578241265832,1.5692480328526006,-0.8041601385734524,0.4239257603405468,0.5274574308026506,-0.6431668043754519,-0.07195525911623221,-0.5796783524084306,-0.7133741297612541,3.303994603207234,2.4264492954786916,-1.7015879377523433,2.5900339540653627,1.4308228653777664,0.7133741297612541,0.5796783524084299,-0.9266927806649233,-0.03432821836595151,-1.11916664918768,-0.7158382869103699,-0.9038595089212672,-0.844114576533476,-0.38327221085833024,-0.1532996650890431,-0.9764194483286528,2.4160338057085053,1.6416134470186852,-0.9801455471844351,-1.5925002208189127,-0.7192535184037778,0.41111087958892223,-1.5241547677521787,-1.8790404825575102,-0.6418381130257917,1
-0.894605088487027,-1.6223358434548052,-0.15484123025532542,0.5985369837740325,1,0,0,1,0,0,-0.48292280564470574,-0.13671625476084556,-0.3233468040202586,-0.3081839704531653,0.2556084424433628,0.13302673129078654,-0.44582944253872575,-1.8926930392286923,2.1404018606219233,-0.4795870347979152,0.6012380975238727,1.907902520531188,0.26885933476663393,-1.0582676304698373,-0.6350269493155872,0.1384309168937527,-0.7846465394719171,-0.6658139017517203,0.4046670721312756,2.200807608688568,-0.43747185463627464,1.9616245372165182,-2.7868913261054624,-0.13015093340360692,-1.431676657896793,-2.200807608688569,-0.40466707213127634,-0.7317251853070371,-0.03432821836595151,2.265144046640733,2.0103873174631492,1.5027680042781708,1.3612349899154128,1.9819448727012692,1.8953225964775422,1.6900577159425842,-0.43974939298546056,1.7596437224958255,-0.11749475105737452,-1.5132618958014854,-1.4563491716274621,1.0808224471658148,-0.6644181234745666,0.5085491409982337,-0.04387449074080463,1
-1.0488066626304537,-0.5658574386248675,-0.4445202009343899,-1.6014324776621007,1,0,0,1,0,0,-0.6217311126901629,0.13424973375376537,-0.016310450003180245,-0.4603688293187442,0.8816144113382056,0.4590302060206946,1.5735195886217235,0.46148008098612225,-0.7993530152357241,1.3391184912636018,1.1564332187320991,1.8305786702122806,-0.9041578678833964,0.6306716733945635,1.764388623346882,-0.09233546440743885,0.5707498541122007,0.6159008808670597,1.6737455617457806,0.8366905045627424,-1.5578575866141258,1.1341298965068585,0.9999541133805271,-1.2431169036768919,-0.902112486997252,-0.8366905045627424,-1.6737455617457813,1.5243284181199328,3.1927894639179106,2.865586266868354,2.3592408308190027,2.561001378876506,2.3693947917206186,1.247911984700014,0.4557501964577793,2.558213071751823,-1.46980510396147,0.9587239960437993,-0.2046721523111086,0.3265079414213163,-0.21156008378542468,-0.9212626601166852,0.03983423407198747,0.514734606344233,-0.1469716669968365,0
-1.0488066626304537,0.8513696898055362,-0.15484123025532542,-0.13478617003801185,1,0,0,1,0,0,-0.5460174906653681,-0.1047352904511812,0.03486227566633282,-0.47425642100229515,0.7213631753476768,0.2859666330159286,-0.5983520143658527,0.8479069307623478,-1.364339375842748,0.056754736054849736,-0.8310228240571946,-0.9962271698738575,0.7257626081536894,0.3103354025888201,1.6643981343057996,-1.6387880072000427,0.68318955986023,-0.20884629016988426,-0.2249492467260648,-1.1356331163529647,1.142106519174974,0.5035786410794403,0.21827372929356326,0.6007670858876907,0.8764726177001617,1.1356331163529647,0.22494924672606412,0.24311279148239442,1.4666567501381707,-0.13662483426975403,-0.9484072958142716,-0.6649035856248688,0.7311351137871589,0.35076067714292497,0.5111183656893089,0.015758101167622184,0.8616982418405155,0.27583454506891375,-0.48749186102961545,-0.30883935553659736,-0.0592520533999176,-0.15990635171348128,-0.04248097655033679,-0.5429799678216537,-0.20882997275045564,1
0.15910566815972013,-1.3131226517972627,-0.4445202009343899,-0.13478617003801185,1,0,0,1,0,0,0.12278617055365294,-0.5117657453014551,-0.7839013350458762,0.6217060226912655,-1.6826484790538334,-0.8740512180806169,-0.14943380851138402,-0.043721431680433395,-0.5072250949265096,0.04489062403160401,-0.37718375650276675,-1.4103532525475324,0.07359195728750827,-0.26924686395470177,0.39289072890271076,-0.6427454339258292,0.3841477892537689,-0.30244751990577595,-1.089198340570375,-0.8432999717894734,-0.06123694566720067,0.4535983444033468,0.047496521943692305,0.3202700350558605,0.19507621983719534,0.8432999717894734,1.089198340570374,-0.7038726716844818,-0.40957446049198204,-2.056220417118665,-1.98204733538717,-1.7743418009295742,-1.442709458855317,-1.1173050988595852,-0.8177176958673952,-1.658541513607341,-0.10976148557697851,0.35171115073279,-0.17730250308028428,-0.127311556405765,0.008440404549195996,-0.2233527107470814,0.12214944469431245,-0.26463402725168356,-0.332546584257695,0
-1.4086103356317816,-0.05050211919562982,0.27967722576327125,0.5985369837740325,1,0,0,1,0,0,0.13540510755778543,-0.5140916336148853,-0.7966945164632545,0.7113967189808652,-1.8112716478985564,-0.9451548566019549,0.9638003616694154,0.5791664855771231,-0.7740481845977356,0.8562277796895436,0.336498015805044,-0.3907320813778377,-0.5963224596371789,1.1298546248726975,0.12992312463391895,-1.1080748646538818,1.659669327208935,0.7068062216292096,-0.20509389995854704,-0.3295023237687909,-0.2112504359016429,-0.6647700432856409,-0.05535857753179472,0.48899120365799886,0.2525948058909496,0.32950232376879157,0.20509389995854635,1.1343932274041606,0.19081952690966666,0.21818193222838655,-0.40574627503850064,0.2397152668543526,0.7311351137871589,-0.709509049969999,-0.7069813574043363,0.38782468222872474,0.05677446769459199,-0.3311783002420958,1.1911799584608802,0.9748215097457181,1.142289075196852,0.7600658542737248,0.5337254978059351,0.4033962301162448,0.9664778365683122,1
0.8016122270906633,-0.6431607365392533,-0.8790386569529866,-1.6014324776621007,1,0,0,1,0,0,0.3499270366280375,-0.5728203135289962,-0.5920036137852022,0.05173611401219622,-0.9979075750042542,-0.48052164639019285,0.06365690700620318,1.359667525546522,-0.8007694292572282,0.9838757650178139,0.8772539146915592,0.23862567056235368,-1.069033906145865,-0.33242079309336997,1.6739552909117315,-1.0437181535755955,0.17350496757308476,-0.17578268134228148,-0.83882515761197,1.1573935323539142,-0.4206674184372217,-0.18925468614257004,0.045842547180848264,-1.1571081283627644,-1.312090628463899,-1.1573935323539142,0.8388251576119693,-0.17467491285593337,1.9169522406894068,0.6912576208925736,-0.0052107597040024186,0.06903246449978255,1.2037100208833493,-0.6279498401920818,-0.319404172783631,0.7598912632898273,-0.49834537654397587,-0.3311783002420958,-0.49661507743988936,-0.39960325510201306,-0.8038690908401701,-0.794369942049485,-0.12479618717266176,0.514734606344233,-0.45626319576493324,1
-0.7661037767008384,-0.10203765113855341,-0.15484123025532542,1.478524768348486,1,0,0,1,0,0,-0.6595879237025604,0.18658222080594344,0.46983044385719386,-0.5876717530846277,1.3087653055230202,0.5976599415025485,-0.9940674983292361,-1.4341259058082103,0.0734851602753421,-0.46634259196393824,0.03946951799484107,1.215549016944102,0.5561020422756189,0.6661042497256773,-0.3621579151799008,-0.7001809245722216,1.3034528771438971,1.277388726565884,1.5875602653373244,0.08334093927970501,2.047838572571687,1.605580963662047,-0.8040709798679686,1.922480316429304,1.1958091614988042,-0.08334093927970501,-1.587560265337325,0.35452284597261524,-0.5596729573423944,-0.7825551014843162,-0.9871687972982559,-0.4942207832702994,0.29006520049738066,-0.05703537174666111,-0.7069813574043363,-0.35630847989348147,2.2494978524369347,1.8692432640103136,0.7076494887163344,0.14498014229048395,0.9222885868622325,1.109020828958526,-0.8656330827735822,-0.9326642846196119,1.0901944480755505,0
-0.04649643069818187,-2.0088523330267334,1.0038746524609323,1.478524768348486,1,0,0,1,0,0,-0.5838743016777656,0.06970633305607908,0.2651395411791416,-0.5512168249153065,0.9640064492997569,0.47960106999542135,-0.45992514313019717,-1.4710724433312325,3.192593741137811,0.13304155777562116,1.5221458589429833,0.7744734777999979,-1.0616637172856402,-1.2032353466358685,-1.1425764864750156,1.9529085584421466,0.22750769576596716,1.164931302000059,0.5364130502320184,0.5242815205937562,-0.5627214737270381,0.8744850532546621,-2.401897833207865,0.045862175238495666,-0.8415354842650562,-0.5242815205937562,-0.5364130502320191,-0.9823978079100336,-0.7848207026180125,1.5191400760548999,2.5013663362602756,2.509796538170134,0.038025250046078915,-0.5463906304141645,-0.8177176958673952,1.752068812786101,-0.23268087965837572,1.554897326259969,1.6955634942860531,-0.08285576886351954,-0.056834465616020985,2.813008757289508,0.3808543923644751,0.7294586176410672,1.3994859768436472,0
-0.8175043014153137,-0.9266061622253344,-1.8929150543297122,-0.4281154315628296,1,0,0,1,0,0,0.2868323516073751,-0.559446455726773,-0.8094876978806327,0.8300198979445294,-2.0535008552420106,-1.0717103893160345,-0.6894254206315149,-0.042190994172824944,-0.35567458083426545,-1.4425004336910274,-1.2919599574692764,-1.6513302395001501,0.6902863369004014,-1.2996248825264896,-0.44127664387225685,0.004666913922666253,-1.6966649608984898,-1.112195876893894,-1.2854881513645413,-0.9772859963810728,-0.3399070397439169,-0.3841527911616424,0.49090886558624863,0.26634109166133807,0.5937684172711363,0.9772859963810728,1.2854881513645404,-1.1495128896453646,-0.18442671521636386,0.8459169806481733,0.7183372679970265,-0.06751377738387422,0.7941451013999841,0.02452383803125581,0.7879592118469556,0.6978801664463103,-0.24854144663662048,-0.2553016945782196,0.37921369794645543,0.585833368751077,0.6684418695530556,0.1890486229713212,0.12214944469431245,-0.32030321536567735,0.40975308478573785,0
-0.020796168340944693,-0.46278637473902035,0.27967722576327125,-0.4281154315628296,1,0,0,1,0,0,-0.4576849316364408,-0.1832340210294483,-0.09306953850744984,-0.4389587921399365,0.44498297934688336,0.19831686477578872,0.5362838796491588,0.4779963561436846,0.37194466587740355,0.8607783483294403,0.4031674364568824,0.2324909299611965,-0.5579944712757946,-0.459169501174885,0.44442709355840293,-0.10307272758299331,-0.4437555151362105,-0.9279311592161716,-0.1934532884955867,0.5089545156357984,-1.2045125445939915,-0.21084769367306902,-0.6120389693994297,-1.6028763884518242,-1.4300815827374693,-0.5089545156357984,0.19345328849558602,-0.5089050763265954,0.26586877533487285,-0.3731626786018469,-0.3669847735545164,-0.5112890635057554,-0.7180946013078251,0.2692014673650073,0.40038202722625016,-0.790386157798101,-1.0257092285706153,0.12408133374116129,1.0725781451273115,0.5469345546516133,-0.1777138548108673,1.0772976494417266,1.8507688677631275,2.4631561903340238,1.2139110595827887,1
-0.35489957898503444,-1.4419614816545723,-0.15484123025532542,-1.6014324776621007,1,0,0,1,0,0,-0.6091121756860305,0.1075020181493188,-0.2849672597681238,-0.34174565035508003,0.5918732820097946,0.34678483954990325,0.3425773969329779,0.3546107146066077,-0.49848282379631015,0.6282509712921239,0.7840626756312076,-1.7335848895018193,-1.392830870071741,-0.16058742373749496,-0.3013501057153097,-0.20553726567032557,0.6444844448620016,0.68792830282388,-2.2358349465827754,-0.14692914774798616,-0.6368192713483918,-0.7886002550764095,0.4748975893426652,-0.2096667875372825,-0.34769178521877,0.14692914774798616,2.2358349465827754,-0.2582324537235989,-0.40957446049198204,-0.43684594438356456,-0.4703487775118068,-0.20406001926752979,0.038025250046078915,-1.7697787770829225,-1.2052948804881005,0.139780294854656,-0.5816133531797613,-0.7105613285614767,0.12376363845877164,0.35244048415429274,0.24536400737109418,-0.5405845059150832,0.6983559190505837,0.6817421706862145,0.16231986177126023,0
-1.305809286202831,0.6194597960623787,-0.15484123025532542,0.5985369837740325,0,1,0,1,0,0,-0.3188766245909836,-0.3082505178763182,-0.5152445252809326,-0.12185878203219036,-0.28628551685264986,-0.14289116158761306,-0.989246021481053,-1.240331333128349,0.6389392527946407,-1.054614873483105,-0.9484806522793766,-0.6224723133067788,0.696709799162739,-1.4394586295629093,-0.055026652546105365,0.05764121394512519,-1.1615452160504904,-0.9854487987839559,-0.7917349400062124,-0.06374491962016399,-0.06271942824798263,1.6472691874433054,-0.8155275020445772,0.2729483029755986,0.2709723507512045,0.06374491962016399,0.7917349400062116,-1.3166279713806959,0.11577027848446049,0.5365982611369737,0.48576825909312477,-0.03337721691295973,0.2270552128845555,0.5138790966987595,1.0648000580046022,0.7598912632898273,-0.05424950115312168,1.5657368413548085,0.05990112358685037,-0.37367071236903754,-0.24540631275998087,0.8552353928241243,-0.20711139779498602,-0.26463402725168356,0.038603250264021984,1
-0.6376024649146498,0.05256894469021735,-2.327433510348309,-0.13478617003801185,1,0,0,1,0,0,0.8673034537974689,-0.6495746278721908,-0.38731271110714993,-0.26362794713510607,-0.8633455347119099,-0.29583106331275516,-0.9077777140577638,0.13143845297483248,-0.06549058527174907,-1.4432695386412173,-1.390903572522978,-0.920321858810652,0.9848458686393335,-1.5632802230516325,0.3569343114425224,0.00850747862907072,-2.282972384546634,-2.1644918957608428,-0.805928537777492,-0.45589913793704195,-0.2997241701471565,0.17716555599575626,0.09807701957818053,-0.31399230210773255,-0.3049622869225049,0.45589913793704195,0.8059285377774913,-1.5115955667385823,0.04072103005925432,-0.7734574920869285,-0.6512357844370638,-1.4329761962204342,-0.9071245641463012,0.5954383064766764,1.1755363964676604,-1.1004416420156866,-0.22078545442469194,0.27583454506891375,0.32447439948480933,0.3265079414213163,0.17767154942198057,0.062155904904119784,0.8629863402952329,0.6817421706862145,-0.023255055489598248,0
0.13340540580248203,1.5986349029779314,-0.8790386569529866,-0.8681093238500562,1,0,0,1,0,0,0.009215737516460692,-0.46931828358135513,-0.8350740607153893,1.154063703894051,-2.3228701261061193,-1.25282343083265,0.1615246034878621,-0.7066863347000749,0.31398741538427083,0.03183875452788111,0.4602890564198473,1.305653040224795,0.5890028182935805,-0.35536956439754985,-1.1897694276045994,1.5297605979013142,-0.15077813000707097,1.1793536088187098,-0.24010667662448304,2.018889901126276,-0.5796849746488638,-0.22193572197014494,1.10803055587019,-0.19252111601222746,0.5530109400106442,-2.018889901126276,0.24010667662448232,-0.3139374809687093,-1.0850176963188372,0.1272058382545045,0.9121447754169449,0.8029685146244333,-0.05648973137315825,-0.38327221085833024,-0.319404172783631,0.7598912632898273,-0.44283339212011924,-0.02767187758659086,0.6072941082033162,1.130416766143575,0.9730579303240674,0.09387908442092041,-1.6064699783745033,-1.0440026608476,1.1520527538291696,0
-0.6119022025574117,-1.2100515879114147,-0.15484123025532542,-0.8681093238500562,1,0,0,1,0,0,0.03445361152472564,-0.4722256439731428,-0.8478672421327675,1.7847918261886555,-2.7985155705643647,-1.7424994319701663,-0.30232057127889617,0.17723475267535765,1.1146387564702749,-0.6178894578211641,-0.2317621367981963,-0.34343040392185537,-0.3178066259597649,-0.12927058906446984,0.9337160977399781,-0.7400499212508478,-0.09760479825095314,-0.4215835209786805,-0.10413398130864084,-0.36511929545881483,0.29121846421766323,0.6921160291916463,-2.2674273214290177,0.7379455474561061,-0.11029212504948814,0.36511929545881483,0.10413398130864013,0.27096530510494976,1.6167552469885829,1.710189873400053,0.9767472778902511,0.8883099158017184,1.6132749403667133,1.0032343553662626,1.1755363964676604,1.5040244254120325,0.5286263352973745,1.0346006017076752,0.9448531153834703,-0.5162996974004062,-0.21156008378542468,2.3462248301137336,1.6038232358961542,1.5167799923961247,1.2139110595827887,0
0.33900750466038404,-1.5450325455404195,0.5693561964423357,-0.4281154315628296,1,0,0,1,0,0,-0.7479204827314877,0.518021305469738,-0.46407179961141953,-0.1797237473803192,0.9682671577500781,0.5372889276636766,0.25919908997829566,0.16479488132914397,0.7926354877513042,-0.5414727609038275,0.4783109996566393,-0.5430989975625927,-0.21210755464388867,-0.9613092203336235,-0.5852741937051905,1.1950324102305314,-1.164940757788554,0.0328827778263004,-0.22109974072011698,-0.5214382267650228,-1.3209514904165824,-0.8125009854474026,0.11733305859333348,-0.42364054701341075,-0.5897240928623523,0.5214382267650228,0.22109974072011698,-0.7595776989295921,-0.25947596364157,1.137040481364595,1.674454304601957,1.0077878774499178,0.6681251261743327,0.5954383064766764,0.7879592118469556,1.13195784435093,-1.3032691506898992,-0.9381911455531051,-0.7794347861583975,-0.6070635969658218,-0.7192535184037778,-0.8895394805998851,0.03983423407198747,-0.2089648391376897,-1.2604211705619852,0
-1.4086103356317816,-1.0554449920826439,-0.8790386569529866,-0.13478617003801185,1,0,0,1,0,0,-0.6848257977108253,0.19472282990294892,-0.5664172509504457,-0.10160604416034526,0.41696695734501593,0.22827877534767327,-0.9467084502349861,-1.1124981286778248,1.0331164344576345,-1.5082251598262357,-0.8432099887749036,-0.5621977672649183,0.18033032292114268,-0.9513453362770992,0.04244789394987665,-0.4442697772445303,-1.2498811030200716,-0.8512844629263361,-0.9053494332772469,0.13114384342216406,0.3658480948427455,1.5694619634275255,-1.8587530564257815,0.7981541819355628,0.26510069345892684,-0.13114384342216406,0.9053494332772463,-0.9545452942874786,-0.10937746679115769,-0.43684594438356456,-0.5866332819637576,-1.0062691903340089,0.1325402314653172,-0.30171300108041293,0.12354118106860354,-0.4183195767369984,0.4731143508735179,1.717490052682561,0.48869229486974886,-0.6070635969658218,-0.2792525417345383,1.870377137361731,0.4514102871836102,0.5704037944582268,0.904619530814692,1
-1.305809286202831,-1.2100515879114147,-0.15484123025532542,-0.8681093238500562,1,0,0,0,1,0,-0.7605394197356201,0.6221048074957366,0.9943508819697028,-0.6576883611558636,2.085295834747478,0.9867175862419452,0.15629577851385815,1.3273251483253306,-0.8855608391398394,0.32985903938626066,-0.1718563805951839,0.1344047276672588,0.11902180645957768,-0.12595398224130888,0.6549043181376437,-0.4398869636329467,0.3862834352035054,0.32042206013270674,0.9041108648182726,-0.7133741297612556,-0.34318481966963277,-1.1657266523001275,0.7685473576538231,-0.06258623949319908,0.536251488231823,0.7133741297612556,-0.9041108648182734,-0.14682239923337803,0.5660657690356972,-0.09113678728281299,-0.3023822710812103,-0.135786898325702,0.3530751881102058,-0.13859458152457876,-0.5408768497097485,-0.23228628620644656,-0.49834537654397587,-1.2416975682086098,-0.8250508682097696,-0.3477381696360611,-0.3469449996836519,-0.6992004034990842,-0.7010026615289333,-1.0440026608476,-1.0748462533011267,1
-1.4086103356317816,1.2378861793774645,0.27967722576327125,-0.13478617003801185,1,0,0,1,0,0,0.13540510755778543,-0.5140916336148853,-0.3617263482723934,-0.2723076919373254,-0.4590889154263195,-0.184927274927272,0.49013769806763774,0.052821958681372363,-0.14185395550261007,0.7001225152242784,0.2437653712086971,-1.38437273991603,-0.5923818267175859,1.1476948394053708,-0.3060314510266551,-1.1207363505274746,1.7367937429693514,0.9978514911742112,-0.8569681418843186,-1.0381887348318013,0.46521476022051583,-0.37907538550851216,-0.9323128395707915,0.7763545953387918,0.6573008438824152,1.0381887348318013,0.8569681418843179,1.4129183636297125,-0.03432821836595151,0.8823074182377254,0.09815324425328795,0.8029685146244333,1.518759958947476,-1.0357458890816678,-0.8177176958673952,1.3179911348814817,0.9449662184763004,0.12408133374116129,1.7112032938465216,0.858125067447326,1.1592121896841308,2.377948009630533,0.9453015509175579,0.45906541823023866,2.141785645887079,0
-0.09789695541265715,0.7998341578626126,1.4383931084795292,-0.8681093238500562,1,0,0,1,0,0,0.47611640666936217,-0.5931718362715099,0.34189862968341117,-0.5674190152127826,-0.07784924081167806,-0.01767720695884177,1.3388852522143877,0.13188894636067908,0.16920335717021126,1.2191851139749625,0.8950995880560482,0.007952776435274669,-0.6399999732759939,1.4566520529199727,1.5704185758842988,-0.708535177757151,1.717730546108698,0.8998413097565289,-0.8350596325743129,0.8390486150612049,-0.40628296721484214,1.3921891368912975,-0.9433161803715805,0.056231771867905914,-0.2851534037613002,-0.8390486150612049,0.8350596325743123,1.8028535543454847,1.9920014891146134,1.0369667779933252,0.459927258103802,1.178470679804488,1.0776900456576979,-1.1173050988595852,-0.9284540343304539,1.4420133285685155,-0.19302946221276363,1.793366658346437,0.9904691974348425,0.28760912732185256,0.2961333508329291,1.2993599060593275,-0.4540570296619595,-0.09762646290970158,1.0283361423219313,0
-0.8175043014153137,-2.0088523330267334,-0.4445202009343899,1.478524768348486,1,0,0,1,0,0,1.4099177449751652,-0.7001626986892963,0.2651395411791416,-0.5512168249153065,-0.4750211711961888,-0.11248205832062574,0.4390921763429468,-1.2877838676913234,1.8639554101336924,-0.4427293785435122,-0.20537555724273662,0.6488490239354691,1.0840724995112914,-0.1228305144000185,-1.1256135531107858,0.33955668718328547,-0.5964277672572103,-1.1612385487402888,1.0187373090415193,-0.12541857881077315,-0.7332991626142694,0.6399088253164636,-2.206867764631502,0.006691263472568939,-0.866725143219246,0.12541857881077315,-1.01873730904152,0.49378541408539117,-0.5596729573423944,2.629048422536261,2.4626048347762923,2.014816411341881,0.5421051509486824,3.857806697593365,3.3348949964973045,2.00011320016017,-0.2624194427425846,1.717490052682561,2.751249964617807,0.7738443035651539,0.7319035488803499,3.50412088247694,1.5420868279294104,1.6142010715956148,2.095391916571865,0
0.46750881644657266,0.2587110724619126,-0.8790386569529866,-0.8681093238500562,1,0,0,1,0,0,0.08492935954125552,-0.49432158295072914,-0.7583149722111197,0.3989259061009694,-1.4667625543062723,-0.6884662496129738,-0.516038791217808,0.9326289524967201,-0.07197227903591925,-0.17780627531493784,-0.4931158056992081,-1.8990268706585562,-0.42215466327449963,-1.4447258063521646,0.36934113415285347,0.14410717762390834,-0.5475183158416409,-0.45752850443250376,-2.4051694664580254,-0.2046283627832927,-0.7259885020567971,-0.9100646657015926,0.24320233239652098,-0.30270498277920854,0.19438716435062464,0.20462836278329197,2.4051694664580237,-1.3444804850032512,0.41596727218528484,0.20908432283099887,0.2531992501892221,0.017827623793410803,-0.024984737566746233,-1.1988643086375024,-0.2086678343205727,1.0079356506638961,-0.4150773999081907,-0.482931511569848,1.7203265102567968,1.6101688067036326,1.3622895635314727,1.4579758036433286,0.7806711296729086,0.7374113588002092,1.646919199858125,1
-0.48340089077122306,-0.02473435322416849,-1.6032360836506476,0.3052077222492148,1,0,0,1,0,0,-0.6343500496942954,0.1365756220671955,-0.4768649810287978,-0.1797237473803192,0.4024987451062733,0.2439305196762697,0.18632685794801726,-1.659164249782718,-0.2831856195927528,0.9163201587176724,1.3922794108270238,-1.3918654718054715,-2.0774236484286646,-0.18275076439105256,-1.5998487044507466,-0.29186680015877636,0.7334285773221154,0.9977278969983975,-1.6101471646499057,-0.3014141428425148,-0.44169444216831333,0.6745616907505109,0.09382624212504122,-0.5106341958641947,-0.8359443228616984,0.30141414284251544,1.6101471646499057,-0.3974950218363748,-1.6103624352952797,-0.9645072894320803,-0.9484072958142716,-0.6478353053894121,-0.08799472517957138,-2.0144564064166746,-1.814344742034923,-0.4183195767369984,-0.44283339212011924,0.5793409677244183,-0.11343998820836432,-0.0495139282068366,-0.24540631275998087,-0.6040308649486834,0.7806711296729086,0.6817421706862145,-0.5799798072721716,1
-1.305809286202831,-1.4419614816545723,-0.15484123025532542,-1.6014324776621007,0,1,0,1,0,0,-0.3188766245909836,-0.3082505178763182,-0.2849672597681238,-0.34174565035508003,0.04997932271378241,0.027042062551433693,-0.4922636027415163,0.2902283510197132,-0.07336720672167191,-0.3431661505790258,-0.17911092642544177,-0.4148395471831108,0.00320241663094485,-1.5214060350779854,-0.4049706007704792,0.24868552994292853,-1.022358394009555,-0.8175826470601447,-0.5062037792855866,-0.06374491962016399,-0.8356664614326036,-0.8040381777697779,0.3502004038560642,-0.5501577526738046,-0.5653573488205917,0.06374491962016399,0.5062037792855859,-1.3723329986258064,-0.10937746679115769,0.9823811216089964,0.9767472778902511,0.4616029099152932,0.41608517572303205,1.0032343553662626,1.4523772426253072,1.2559800380379649,-0.6648813298155464,-0.5588081172337243,0.853620951280726,0.9229564242797662,0.6176725260912207,0.09387908442092041,1.1099319721622063,1.1827648637121608,0.7809029193074537,0
1.2385166871637046,-1.2100515879114147,1.0038746524609323,-0.8681093238500562,1,0,0,1,0,0,-0.5586364276695006,-0.0640322449661538,-0.8478672421327675,1.7847918261886555,-2.0460626161289794,-1.4285701600080325,0.1774751881002379,-1.2502342704925287,2.481855906197594,-0.5465103935364686,-0.12427373263006675,0.3047519661856679,-0.07996200573891193,0.3718450209482137,-0.7843131467343305,1.280671385284591,0.2193511353130976,-0.0014797359943687488,0.5873904109192033,-0.16692132358374867,0.12475959433674323,0.930278079482511,-2.105828931703685,0.9558051147031751,0.1601172646537905,0.16692132358374867,-0.587390410919204,0.6609004958207222,-0.4846237089171882,1.0824548249802661,1.674454304601957,1.7075873671036554,-0.7811045889206503,0.9216751455883455,0.6772228733838963,0.9459245538203791,0.25106641317809053,1.1104772073715516,0.5525548097416701,-0.6978274965312384,-0.3130987707090945,1.9655466759121307,0.8629863402952329,0.848749735028197,1.0283361423219313,1
0.05630461873076867,-0.9008383962538722,-0.8790386569529866,-0.13478617003801185,1,0,0,1,0,0,-0.38197130961164594,-0.2675474723912908,-0.5024513438635544,-0.13343177510181614,-0.17673452384362007,-0.10264381902836514,0.116942635297504,0.43030042375293137,0.28711520745667324,-0.4211939382887125,0.17164004009753764,-1.4465371048029307,-0.548426164134716,-0.7139107770359499,0.18256934941749275,0.4032827638464182,-0.8616305350020551,0.004173207597799063,-1.2246659564705729,-0.7582952985476056,-0.8759428177407803,-0.40770686929691285,0.012764178214512093,-0.28537225174252256,-0.21906613339307535,0.7582952985476056,1.2246659564705722,-0.8709877534198129,-0.25947596364157,-1.21924035255895,-0.8579637923516437,-1.1086788717467513,-0.6235796198885869,-0.9541866793037505,-0.5408768497097485,-0.9144083514851348,-0.6093693453916895,0.04820472807728505,1.5561086148718575,1.3249108366408955,1.1084428462222957,1.0772976494417266,1.6861384465184783,1.3497724280541432,1.275769365336409,1
1.2385166871637046,0.7998341578626126,-0.15484123025532542,-0.8681093238500562,1,0,0,1,0,0,-0.34411449859924853,-0.2762695535666538,0.34189862968341117,-0.5674190152127826,0.5678082518068633,0.2260428118721595,0.7037588743641247,-1.2276930044543404,-0.09234694319639097,0.710253079648387,0.8219139238289784,1.272803610119935,0.035879944491312876,0.3694803947726112,-0.6943571033983379,-0.7995209936940869,0.5240993378975916,0.6130923032230468,1.0872846843245239,0.6575966059261134,-0.6094133891917074,0.9894554738947302,-0.6772001281614881,-0.43981815691752707,-0.46996304964205454,-0.6575966059261134,-1.0872846843245245,0.911573118423719,-0.18442671521636386,1.937630108334758,1.1188727833315248,1.3150169216881435,2.558424754559094,1.4110304042558486,0.8986955503100138,2.3721797812212735,-0.3318094232724056,1.5657368413548085,1.4283835851280149,0.7932937106148858,0.549980068142106,1.5531453421937294,0.03983423407198747,0.4033962301162448,1.3994859768436472,1
-0.9203053508442651,-2.0088523330267334,-0.4445202009343899,1.478524768348486,1,0,0,1,0,0,-0.785777293743885,0.8314347557044489,0.2651395411791416,-0.5512168249153065,2.0234626633927073,1.06542350058003,0.21521466141227266,-0.8625045377993532,1.7251258210267766,0.23841520546151948,1.281920463473355,0.18306601914724857,-0.9633872057959852,-0.32997656477549053,-0.43500596824121995,0.3695404201749625,0.5267149860648908,1.0220253054815591,0.3041828515459622,-0.05200463268990402,-0.6289699211279058,0.7480351165293426,-1.9869523054671334,0.20019800261595974,-0.6687505960890235,0.05200463268990402,-0.3041828515459622,-0.20252742647848845,-0.25947596364157,0.5456958705343614,0.6666552660183818,0.8712416355662611,0.6366201323679207,-0.6279498401920818,-0.8177176958673952,1.069946747507413,-0.10050948817300241,1.9282584017488837,2.9235773857007685,1.0511784411261476,1.0821180014643066,3.4776848995462735,1.1648087792437567,1.2508049825181522,2.292994837729259,1
-0.48340089077122306,0.4648532002336079,-1.6032360836506476,-0.8681093238500562,1,0,0,1,0,0,-0.6343500496942954,0.1365756220671955,0.07324181991846762,-0.48930131199280863,0.9878796458549773,0.48317861155624336,0.8568770125723949,-1.5897739793984236,-0.288228438416788,0.9071716282712952,0.9614944826939168,1.0890081466483947,-0.633406609914179,-0.07998379735225694,-1.5811673329284692,-0.33664276158270434,0.5388089601274246,0.709438189266687,-0.44411445533132876,1.9257445364369288,-1.2714272125752013,0.5980359548652634,0.05572442133913853,-0.6912566023764197,-0.5573616067425305,-1.9257445364369281,0.4441144553313281,-0.20252742647848845,-1.535313186870074,-0.5005292101652823,-0.5866332819637576,-0.3576745413866426,0.19555021907814235,-1.3619827281933365,-1.3713993881826885,-0.17027518936292965,-1.1367331974183288,0.8069707847160468,0.6255405410238652,0.5599008260181015,0.22844089288381547,0.3476645205553221,-0.7833178721512579,0.1250502895462747,1.3994859768436472,1
-1.4343105979890196,1.5986349029779314,-1.6032360836506476,-0.8681093238500562,1,0,0,1,0,0,-0.2684008765744537,-0.3460462029695579,-0.8350740607153893,1.154063703894051,-2.0608559837991,-1.158018579470866,-0.2430026570572272,-0.5885965449129512,-0.7063411744376491,-0.5224279036605964,-0.810230253794505,0.16132656322019584,0.9809300522691351,-0.8518829488932651,-1.139289226046985,0.3293487193480379,-0.8909663206121857,-0.6231386619551955,0.08962234189036815,0.13114384342216406,-0.5132902951249138,-0.33344770670295615,1.2965557487010497,-0.17770055843992938,0.44496539244134486,-0.13114384342216406,-0.08962234189036815,-0.6481676444393714,-0.8598699510432187,1.091552434377654,1.1188727833315248,0.6493539925053206,0.5106001571422693,1.166352774922097,1.2309045656991897,1.0079356506638961,-0.49834537654397587,-0.3311783002420958,-0.058700689746716966,0.6117659114840535,0.49921072468027106,-0.635754044465484,-0.5363722402842841,-0.5429799678216537,0.22417816752487937,0
-1.4086103356317816,0.05256894469021735,-0.8790386569529866,-0.8681093238500562,1,0,0,1,0,0,-0.6848257977108253,0.19472282990294892,-0.4001058925245282,-0.26362794713510607,0.7118913981583822,0.3534927299764446,-0.08058238429224869,0.06569547625647408,-0.8111788398120123,-0.3686104923659446,-0.49659968823086487,0.4320981015699008,0.3697512824217232,-0.9763860035075196,-0.016537056973071184,-0.5874637741786765,-1.2741789844053317,-0.813730140767322,-1.1100395122473277,1.6902539477607814,-0.863541623348256,-0.10673556352823126,0.5185642104158505,-0.765485075248755,-0.14884518658966123,-1.690253947760782,1.110039512247327,-0.9266927806649233,-0.03432821836595151,-0.04564874029587195,-0.3411437725651945,-0.801449827508525,0.6051151385615076,-0.13859458152457876,0.4557501964577793,0.20179139169817292,-0.9146852597229018,-0.3311783002420958,-0.7246954876967501,-0.37367071236903754,-0.6346379459673855,-0.5405845059150832,-0.9479482933959068,-0.26463402725168356,-0.2706882785040748,0
1.2385166871637046,-0.9266061622253344,-0.15484123025532542,-0.4281154315628296,1,0,0,1,0,0,-0.34411449859924853,-0.2762695535666538,-0.8094876978806327,0.8300198979445294,-1.5103730115032894,-0.853927546800993,0.5501772037887785,-0.11576459716453567,-0.8653689334971045,0.09977615121029286,-0.5046661569278922,0.0863631762926283,0.6263741025879973,0.38292236793325757,-0.4889131787148966,-0.7012873306243335,0.44854379595001204,0.2711159867830966,0.6912331826893902,-0.567767582660665,-0.3824232764641216,-0.3308919469658513,0.47826218673630794,0.30997720667205275,0.9207827131668488,0.567767582660665,-0.6912331826893908,0.9951306592913848,0.11577027848446049,2.165070343269463,1.3643622927300878,1.519836284513628,2.27487981030138,1.247911984700014,0.954063719541543,2.558213071751823,-0.22078545442469194,-0.1035484832504671,0.7258959215368835,0.8840576101803024,0.9730579303240674,0.7600658542737248,-0.37174181903963527,-0.6543183440496418,1.0901944480755505,1
-1.5885121721324456,0.05256894469021735,0.27967722576327125,-0.8681093238500562,1,0,0,1,0,0,-0.7100636717190902,0.3720718138019969,-0.4001058925245282,-0.26362794713510607,0.8319095143069667,0.48988650198278466,1.405041685829156,-0.957956664299553,0.44919567790291576,1.0848944352239105,1.3290275443118664,1.85107356260792,-0.6312362963226198,0.9754434764081865,-1.1938593520423877,0.7324856598691034,0.9730300452172633,1.8866703433718257,1.1360522199736263,1.3979208031972914,-0.9790930383252029,0.11884349449555548,0.12201190768313319,-0.5007824538275816,0.114165481704779,-1.3979208031972914,-1.136052219973627,1.7471485271003746,-0.7097714541928067,2.265144046640733,2.4109228327976466,2.8340938626438166,2.0858498474629035,0.35076067714292497,-0.1532996650890431,3.1163129433434786,-0.9979532363586869,-0.1035484832504671,-0.615216890773458,-0.46443461193445323,-0.6177148314801074,-0.09645999267988113,-0.9479482933959068,-0.4316415915936655,-0.1469716669968365,0
1.5983203601650333,1.2378861793774645,-0.8790386569529866,-0.13478617003801185,1,0,0,1,0,0,-0.81101516775215,1.157059119584668,-0.3617263482723934,-0.2723076919373254,1.9440560144820336,1.1003045307980448,-0.6868705153713346,0.011034222999630933,1.3775807591541567,-0.23901643229087924,0.18601327263192463,-0.2888845932520842,-0.3012616677401794,-0.6717230660404967,-0.37438973487286636,1.2351852647108772,0.16971572571885402,0.5923547213855195,0.2181716668474219,-0.6103841330315712,0.28393239898988754,-0.3902002349897878,-0.6419569767707319,0.4911829884167913,0.3364927283405212,0.6103841330315712,-0.2181716668474226,-0.7595776989295921,-0.5596729573423944,-0.7461646638947628,-0.05689276168264715,0.017827623793410803,-1.1591645145976028,-0.709509049969999,-0.8730858650989243,-0.6043528672675491,0.7506742729928018,0.12408133374116129,1.7568193758978938,1.078551680677623,1.243827762120523,1.9338234963953311,0.9453015509175579,0.6817421706862145,1.9562107286262216,1
1.5983203601650333,0.05256894469021735,-0.8790386569529866,-0.8681093238500562,1,0,0,1,0,0,-0.81101516775215,1.157059119584668,-0.4001058925245282,-0.26362794713510607,1.891365728399917,1.0935966403715036,0.2295542170508101,-0.3125963386185069,1.0103077753263574,0.6491809559304313,0.48629613122544096,1.541637486323193,-0.16921799324981926,-0.6673846935648641,-0.2460236726566074,1.330220724900917,0.24553623539767266,0.7184623549800915,0.6152054390719316,1.4924563972103608,-0.9860436490344084,0.1825871705012989,-0.04438103185419129,-0.633532061843315,0.06922986487206001,-1.4924563972103608,-0.6152054390719323,-0.7317251853070371,-0.40957446049198204,-0.600602913536552,0.12399424524260985,0.22264698661889537,-1.0961545269847772,-0.46483142063624716,-0.762349526635866,-0.4183195767369984,-0.9424412519348303,0.12408133374116129,-0.12256320461863823,-0.127311556405765,-0.36386811417093057,0.47455723862252236,-0.7833178721512579,-0.15329565102369538,0.47161139053935697,1
-0.07219669305541997,-0.8235350983394863,1.4383931084795292,-1.8947617391869185,1,0,0,1,0,0,0.36254597363216995,-0.5699129531372086,0.25234635976176334,-0.5355932842713117,-0.06920781016756028,-0.02438509738538309,2.020435436595826,1.4789277295919583,-0.7853972068911885,2.5882010351190825,1.4679869793400955,0.44953442775562735,-1.4879300811714156,1.4338505428393111,1.4966889753588437,-0.7400705732589545,1.4579280922987827,0.49726870233611037,-0.5252107151899512,1.1340089365774726,-1.3767780895788633,-0.5305245624308236,0.3299647387911875,-2.0508360819813163,-1.422968866889168,-1.1340089365774726,0.52521071518995055,1.9699686360808162,2.142099985965025,1.4827496384653478,0.795860270964994,1.4174266031008858,1.2037100208833493,-0.5463906304141645,-0.3747723420151606,1.6900577159425842,-1.2200011740541141,-0.2553016945782196,0.9266066825629212,0.9748215097457181,-0.025405824425361403,0.506280418139323,0.6160407084282594,1.461110804282131,0.7809029193074537,1
0.05630461873076867,-0.4370186087675581,1.7280720791585935,-0.8681093238500562,1,0,0,1,0,0,0.6401625877230843,-0.6286416330513195,0.16279408984011548,-0.506082151943766,-0.2615422605068155,-0.09235838704100179,-0.6469414091910858,0.37927293806400786,-1.3095646715375033,-0.36683176372476733,-1.047177735741461,-1.430186590315332,0.07689887826792038,-0.7412875933563221,0.33683363050529036,-0.9318296524343126,-0.6476518634928559,-1.4260579699502864,-2.2358349465827767,0.266869946255213,0.15890194882388642,-0.18313147347500344,0.8538198412805723,-0.14663445462012137,-0.03088570499051067,-0.266869946255213,2.2358349465827754,-0.8152827261747027,0.04072103005925432,-0.7279694450999874,-1.051771299771562,-1.2110885531594928,-0.5920746260821743,-1.1988643086375024,-0.319404172783631,-0.8523972546416179,-0.3318094232724056,-0.7105613285614767,-1.755618942057761,-1.1516469943583196,-1.1254082660984612,-1.7777885070702906,-0.7833178721512579,-0.7656567202776299,-1.569712699330082,0
1.5469198354505571,-0.7719995663965628,1.7280720791585935,-0.4281154315628296,1,0,0,1,0,0,-0.09173575851659908,-0.4448964562903387,0.38027817393554597,-0.5668403655593013,0.31597800474728516,0.0959097375972579,1.4150178403366935,0.2973073093417393,-0.15414254340214678,1.8797204143939787,1.550951241456149,2.1953261083379014,-0.21388228444446933,0.7832899755029599,0.9264580345662426,0.47705083086980477,0.7575801783771884,0.42806689141610343,1.5219753568508918,1.484686348387369,-1.184962638043325,0.5200417085785309,0.690108099053917,-1.7881774736997158,-1.598388570218624,-1.4846863483873682,-1.5219753568508925,0.911573118423719,1.0914105080121401,0.5365982611369737,0.7183372679970265,1.0248561576853752,-0.2770246880180474,1.4110304042558486,0.6772228733838963,0.5738579727592754,-1.1644891896302574,0.27583454506891375,-0.5239847266707137,-0.11434528503927678,-0.8038690908401701,-1.1116017372174867,-0.5363722402842841,0.18071947766026855,-0.8274130302866491,1
0.6988111776617119,-0.87507063028241,-2.327433510348309,-0.13478617003801185,1,0,0,1,0,0,4.85488754710333,-0.790290870834714,-0.5536240695330674,-0.07846005802109372,-1.942299082806446,-0.5471533579605034,-0.18699951251596408,-0.31310741335370207,-0.7400593373959904,-0.9132028485652159,-0.9109884256896489,-0.33490244769579863,0.7400135254735914,-1.1663242670760015,-0.7719912535620531,-1.1006717864692714,-1.5129732034736272,-1.5676553613597757,-0.38485180389618157,-0.07507566165750797,-0.9053500910563858,-0.3436141396771282,-0.09438309066430704,-0.26656019616538823,-0.346180771076115,0.07507566165750797,0.3848518038961809,-1.0938078624002545,-0.7097714541928067,0.04532735367801011,-0.5349512799851129,-1.05747403104038,0.5421051509486824,0.8401159358104279,1.1755363964676604,-0.35630847989348147,-0.7481493064513315,-0.1035484832504671,0.7715120035882557,0.5987996401175653,0.4484413812184362,0.47455723862252236,0.8629863402952329,0.9044189231421907,0.8427612250610729,0
-0.6376024649146498,1.0059762856343069,-1.168717627632051,0.3052077222492148,1,0,0,1,0,0,0.47611640666936217,-0.5972421408200127,0.022069094248954552,-0.4730991216953325,-0.28138082135563885,-0.09369996512631006,-0.7044746420982484,0.273259569975654,0.45007758903022516,0.644872554513313,1.1263814503201544,0.7757213103032341,-0.05600352928222274,-0.79828114733237,-0.45381530253652613,0.10961932886314225,-0.5416298968655885,-0.3511789377967503,-1.6200102232813596,2.664697762972419,0.18195602209716605,-0.8296795432260851,-0.5051142880331191,-1.4082521516056044,-1.807208932359019,-2.664697762972419,1.6200102232813582,-0.7038726716844818,-0.3345252120667762,0.33645085439443295,0.3436427536518511,0.10316902497069583,0.19555021907814235,-0.709509049969999,0.012804842605544792,0.139780294854656,0.05677446769459199,-0.8623145398892288,-0.378013264106322,-0.5681647828663581,-1.0407926936620688,-0.5723076854318833,-1.3595243465075295,-0.26463402725168356,-0.5799798072721716,0
-1.6399126968469209,-1.3904259497116478,-0.15484123025532542,0.3052077222492148,1,0,0,1,0,0,2.394194831297498,-0.7495878253496866,0.08603500133584588,-0.4945091588741402,-0.8282958870445379,-0.19431832152442985,-0.5273657860724715,0.8892232894160303,0.48525122968593115,-0.4406601250672618,-0.1979502529940062,0.9946897760534473,0.5593227909638269,0.42198768323464786,0.6620686233844718,-0.3712480880262281,1.1829355756653026,0.8752089435235267,0.6912331826893887,0.6710815639820534,1.1549600839992524,-0.5572410582884652,-1.036423212430327,1.768282067403308,1.1118162114489314,-0.6710815639820534,-0.6912331826893894,-0.06326485836571254,0.003196405846651406,-1.487619829781902,-1.4135453136220761,-0.972132629863095,-0.7968570858238568,-0.6279498401920818,-0.9561381189462185,-1.2554693841244795,1.5833540393506536,-0.17942508891434333,1.3280282046149967,0.4950694691856613,1.2269046476332444,1.9021003168785307,-0.7010026615289333,-0.48731077970765985,1.8943524228726025,0
-0.2263982671988458,-2.034620098998195,0.5693561964423357,-0.8681093238500562,1,0,0,1,0,0,-0.40720918361991093,-0.22975178729805104,2.9517076388285775,-0.7554801525942014,1.4176439473721454,0.40715585338877514,2.2327240735417853,-0.02678718322700317,-0.9548239976742465,1.6828353430776486,1.55567139340065,0.6553681319968808,-1.375769666922965,1.654552546007174,-0.16128425399986382,0.0441211508481027,0.8388079798031443,0.15075074285565002,0.6380137621571677,0.2610696854503818,-1.4514477658176745,-0.12480477543754878,1.3496138931887411,-1.4416543468722782,-1.8752702427811048,-0.2610696854503818,-0.6380137621571684,1.8307060679680403,0.04072103005925432,0.6366719645082435,0.5632912620610914,0.9053781960371756,-0.11949971898598452,0.8401159358104279,0.5664865349208381,0.7598912632898273,-1.2107491766501381,0.5793409677244183,2.234267701368921,2.794421591509539,1.7966495020382858,-0.857816301083085,2.8111129916902473,3.353863200157928,1.8118746818677758,1
0.8530127518051386,0.026801178718756015,0.5693561964423357,0.3052077222492148,0,1,0,1,0,0,-0.06649788450833415,-0.45594442577913186,0.44424408102243734,-0.5876717530846277,0.32711961850179816,0.10351201341400473,-0.29125139053587745,-0.6690086139277142,-0.22508493703078972,0.0783193761122525,0.5044013900285708,0.020376926818934018,-0.5932300722788144,0.6770110121459849,-1.8051141022016652,0.04732786270926982,0.8953863231124871,1.5374869633039328,1.1921218465220598,-1.154540235155578,1.0814535747439253,-0.8900883628774554,0.355258587052253,0.782045326482889,0.8453102615285908,1.154540235155578,-1.1921218465220604,0.35452284597261524,-1.760460932145692,-0.8098479296764806,-0.6641562849317252,-0.3064697006802721,0.1010352376589052,-0.5463906304141645,-1.0391903727935126,-0.6043528672675491,0.9449662184763004,-0.8623145398892288,-0.13168642102891215,0.06718251409155555,0.38074892326932136,-0.1916295312302808,0.36909507656128593,-0.15329565102369538,-0.2706882785040748,1
0.2876069799459088,0.0010334127472937634,0.5693561964423357,-1.161438585374874,1,0,0,1,0,0,0.5013542806776271,-0.5995680291334429,1.6212167714212378,-0.7057162823948105,0.38657528761790716,0.08428272752458629,0.19614974487226666,-0.2687377038575549,1.6633758995868784,0.7083471117578736,0.963739371998656,0.8680247464847239,-0.8002154148666881,-0.8396030044041554,-0.6951853008204888,2.0939477339261985,-0.9907745019697978,-0.12646720261675334,1.0614552385657117,0.13114384342216265,-1.1116724243192904,-0.327570441033507,-0.16967504511155557,-1.9393662854154172,-1.376378992175458,-0.13114384342216265,-1.0614552385657123,-0.6481676444393714,-0.40957446049198204,1.0005763404037717,2.0749898199364556,1.4515631635718003,-0.6235796198885869,1.7372672433675176,1.2309045656991897,0.8219023601333442,-1.0812212129944723,-0.4070549059059717,-0.3415203984652251,-0.37367071236903754,-1.0746389226366257,-0.033013633646279864,0.9453015509175579,1.127095675598167,-0.9511296417938885,0
-0.9203053508442651,-0.978141694168258,0.27967722576327125,0.5985369837740325,1,0,0,0,1,0,3.1513310515454465,-0.7658690435436976,0.5082099881093286,-0.596351497886847,-0.7241571173455232,-0.12813380264922217,0.11367078845611302,1.6457746142918737,-1.3478012197048614,0.4836904197496663,-0.6054580551106084,-3.592716313593798,-1.3011129642556098,0.40193604816322753,2.5889124895091773,-1.3664326160703761,1.21349029973569,-0.1509563729838364,-3.5663204598883063,-1.3630033399023458,0.243547765054681,0.33463839169826093,0.4693564180530863,0.5498416568355141,0.6397456075914526,1.3630033399023458,3.5663204598883063,-0.48105256270404034,0.5660657690356972,-2.8295172158966624,-2.834800368034811,-2.4229364498769406,-1.8207693845322692,-2.666930084640012,-2.2019219266556282,-2.340663578886029,0.3620903820258042,0.5034643620605421,0.5251851605108457,0.7025298110494701,0.9053654723749538,0.12560226393772106,1.1099319721622063,0.45906541823023866,0.47161139053935697,1
-0.12359721776989524,-0.7462318004251005,1.4383931084795292,-0.13478617003801185,1,0,0,1,0,0,0.40040278464456736,-0.5786350343125716,-0.6943490651242283,0.18193228604548617,-1.3410317631995916,-0.5856119297393402,-0.5313715049003804,1.879625751877893,0.24727537439869673,-0.5164003698469907,-1.3263064582279176,-0.9491991533383514,0.6174289579335549,0.3646623896963183,2.2763283951255837,-0.40280982661963755,0.8516655207440442,-0.19004758716945516,-0.5860329100839196,-0.7133741297612556,1.103251375679299,-0.29946951735825256,-0.7428187494982437,1.5421205359350014,1.5387188737252397,0.7133741297612556,0.5860329100839188,0.1317027369921738,1.6918044954137887,-0.6824813981130464,-0.7675202888890147,-0.42594766232847037,-0.8756195703398886,-0.709509049969999,-0.5408768497097485,-0.6043528672675491,0.7506742729928018,-0.482931511569848,-0.6882026220556532,-0.9312203811280227,-0.3469449996836519,0.506280418139323,-0.7010026615289333,-1.0440026608476,0.10046155601764112,1
-0.8689048261297889,0.15564000857606544,-0.15484123025532542,-0.8681093238500562,1,0,0,1,0,0,-0.5333985536612357,-0.08147640731687983,-0.016310450003180245,-0.4649980265465945,0.6546137962476455,0.2966992576983947,-0.3078191628953971,0.5947230582347599,-1.150404181788535,0.48469378977275207,-0.6787473036803748,0.4235295727125974,0.4006447149965781,-0.7614183440726325,-0.33624244857123786,-0.2999899221991114,-0.07812478167757775,-0.24824426550251535,-0.09720267704722074,0.6740482547543618,-0.33277019872339136,-1.153116365245625,1.2711801143808497,-0.7322572363265796,0.6400425286511289,-0.674048254754361,0.09720267704722003,-0.6481676444393714,-0.18442671521636386,0.46381738595786837,0.22735824919990022,0.18851042614798086,0.41608517572303205,0.5138790966987595,0.6218547041523672,0.5738579727592754,-0.3318094232724056,-1.0899443568808573,-0.058700689746716966,0.5987996401175653,0.24536400737109418,0.030432725387320277,-0.28942660841731066,0.013711913318286572,0.47161139053935697,1
-1.3829100732745436,1.0059762856343069,0.27967722576327125,0.3052077222492148,1,0,0,1,0,0,0.097548296545388,-0.49955483165594694,0.022069094248954552,-0.4730991216953325,-0.05735211721566223,-0.01857159234904728,0.42153337258701146,0.2746248138257464,-0.5015363650260364,1.7982929639490826,1.7742072507782536,1.3920700615796322,-0.5195037612324053,1.0513690804270375,-0.6408460537339941,-0.9759446796629533,1.6779221056055669,0.9958751689699564,-0.40749033797582196,2.3027614887509538,0.464363181416423,-1.0189166840283608,-0.29511327075688404,-0.7655789406901591,-1.334278048398293,-2.3027614887509538,0.40749033797582124,1.3850658500071569,-0.3345252120667762,1.0733572155828786,0.33072225315718967,1.0248561576853752,1.550264952753888,-0.5463906304141645,-0.4301405112466897,1.5660355222555504,0.44535835866158957,-0.9381911455531051,0.07814755640739948,-0.08841274230630035,-0.38079122865820925,-0.44541496736468245,-1.277209135885205,-0.3759724034796717,-0.1469716669968365,0
-0.2263982671988458,0.5163887321765315,0.5693561964423357,-0.4281154315628296,1,0,0,1,0,0,-0.40720918361991093,-0.22975178729805104,0.047655457083711085,-0.4864080637254022,0.4734022339233518,0.19921125016599422,1.362524054745727,-1.4752565781562101,0.7618900005631724,1.250844192507846,0.9606131993628821,2.0662738089581527,0.1614703029470254,1.6511897921052687,-0.16412899660038963,0.19946469712485868,0.7924881856360908,0.38845719062260975,0.633698674005907,2.189656403056746,-0.24477348074123953,1.8604151256818082,-0.841086369927537,-0.9039920871959908,-0.8695913665443091,-2.189656403056747,-0.6336986740059076,1.7192960134778195,-0.03432821836595151,0.4001341201761507,0.44700675760914055,0.76883195415352,-0.15100471279239655,0.5138790966987595,0.2342775195316623,0.5738579727592754,-0.3318094232724056,1.4898602356909325,-0.43275256256796935,-0.7756251247301669,-1.0407926936620688,0.1890486229713212,-1.1948939252628807,-0.32030321536567735,-0.1469716669968365,0
0.004904094016293398,0.8513696898055362,-1.168717627632051,0.5985369837740325,1,0,0,0,1,0,1.6118207370412847,-0.7117921402564469,-0.08027635709007157,-0.4511104348630436,-0.7729163092251966,-0.1987902484754574,-1.2416750345909926,0.8286103088771992,-0.1262238511865816,-1.9158160173355705,-1.8565495710280995,-0.6550626353316892,1.8397356036644201,-1.2348772902906775,-0.30819185695242823,-0.03127177007401199,-1.7062117434420865,-1.3103158593155506,-0.10413398130864084,-0.7901484909597473,0.4927045229773103,-1.4460334899228025,0.14112712000973054,0.8962934832406163,1.1343369643095997,0.7901484909597473,0.10413398130864013,-1.17736540326792,-0.3345252120667762,-0.1548200530645294,-0.1473362651452761,-0.801449827508525,-0.08799472517957138,1.0032343553662626,1.1755363964676604,-0.728375060954584,0.3620903820258042,-1.3934507795363622,-0.2776578835933038,-0.16621037050522874,0.19459466390925928,0.09387908442092041,-0.4540570296619595,-0.8213259083916238,-0.20882997275045564,0
-0.12359721776989524,-0.9266061622253344,1.4383931084795292,0.3052077222492148,1,0,0,1,0,0,0.40040278464456736,-0.5786350343125716,3.181984904341386,-0.7595307001685704,0.7593942881494655,0.14197058519284164,-1.1376593827366532,0.9621611475566013,0.41823560704536594,-0.33470398313766103,-1.2759601312448292,-0.1632886462353805,1.6496885367540253,0.47201890629418786,2.1911853918572946,-0.5503731157219534,0.7754466646538728,-0.29157072992625893,-0.35678002163742906,0.13114384342216406,2.0535787949353312,0.8744850532546621,-1.1248139893264137,1.2210831265717463,1.3741485938616418,-0.13114384342216406,0.3567800216374284,0.29881781872750485,1.7668537438389946,-0.43684594438356456,-0.6383152839424023,-0.32353798091572933,-0.6235796198885869,-0.38327221085833024,-0.26403600355210183,-0.35630847989348147,1.194770148383656,0.19995793940503753,-1.3998135020570583,-1.657331577651353,-1.1931007240475748,0.2524949820049213,-2.2649916633530998,-2.4914015518114443,-1.0748462533011267,1
1.5983203601650333,-0.4370186087675581,-0.8790386569529866,-0.8681093238500562,1,0,0,1,0,0,-0.81101516775215,1.7385311979422022,0.16279408984011548,-0.506082151943766,2.417005104869876,1.7281630747223125,-0.39343881649102314,0.05974345563918899,0.3400163751381406,0.1164855518017884,0.31415928495233103,0.5247391400322343,-0.37389978534607893,-0.5491641614048056,-0.3001948705013812,1.1998684801097719,0.15016080580363023,0.6187163896034363,0.7686432489180746,-0.04664941409013511,-0.0016321077782675763,-0.3827283990570548,0.7409383322053932,-0.008467580865700408,0.1956336743818031,0.04664941409013511,-0.7686432489180752,-0.6481676444393714,-0.4846237089171882,-0.7006766169078218,-0.031051760693324323,0.03489590402886805,-1.0646495331783645,-0.46483142063624716,-0.8177176958673952,-0.6043528672675491,-0.38732140769626244,-0.7864379342253526,-1.5184153153906257,-0.9830854665939747,-0.9223308922511192,-1.4605567119022886,-0.6186874509066087,-0.7099875321636356,-1.3222794763156045,1
-0.8689048261297889,-1.2615871198543382,-0.15484123025532542,-1.161438585374874,1,0,0,1,0,0,-0.5333985536612357,-0.08147640731687983,-0.09306953850744984,-0.44185204040734294,0.5918732820097946,0.2788115498942845,0.09274627412962559,0.350032474764191,-0.9479235654723235,0.7183603473589572,-0.10128851860128828,-0.35007916970899317,-0.24526906202117965,-0.5568966834338144,-0.1207550388323618,-0.1602873124961304,0.17316305458716677,-0.0024950490003350415,0.18032674558006626,-0.656312104546159,-0.6854105562454854,-0.6014003037087827,1.134769978618966,-0.798752963795989,0.12924410515765922,0.656312104546159,-0.18032674558006695,-0.48105256270404034,-0.03432821836595151,0.2636699792153276,0.13691474573727128,0.20557870638343811,0.19555021907814235,0.35076067714292497,0.2896456887631914,0.3258135853852078,-0.6926373220274746,-0.6346847228976005,-0.2776578835933038,0.3265079414213163,-0.025405824425361403,-0.44541496736468245,0.5337254978059351,0.23638866577426285,-0.3944048900113141,1
0.8530127518051386,-0.12780541711001567,0.5693561964423357,1.478524768348486,0,1,0,1,0,0,-0.06649788450833415,-0.45594442577913186,0.39307135535292426,-0.5732055117475955,0.30078502054936823,0.09233219603643587,-0.1619006729127905,-2.2934724103345028,0.4143866847675356,-0.12582827934374802,0.7417065034605581,0.4188687317334832,-0.31185719230690434,0.30922150006510496,-1.402176993260143,0.025727752681780864,0.5901238389882131,0.8212199835788708,0.4025854781078499,0.17200761631813533,0.5340973062038489,1.743192728478875,-0.5406265698431555,0.7551425846902114,-0.1624933038258533,-0.17200761631813533,-0.40258547810785056,0.27096530510494976,-1.3101654415944555,-0.03655113089848297,-0.018131260198663828,0.22264698661889537,0.29006520049738066,-0.38327221085833024,-0.5962450189412776,0.015758101167622184,0.27882240539001907,1.2622304186993043,-0.6608329728248301,-0.8145239388296306,-0.4992530300691578,-0.667477223982284,-0.4540570296619595,-0.4316415915936655,-0.5181215015185524,0
1.5983203601650333,-0.87507063028241,-0.8790386569529866,-0.13478617003801185,1,0,0,1,0,0,-0.81101516775215,1.7385311979422022,-0.5536240695330674,-0.07846005802109372,1.6244573095884214,1.3976876730413768,0.13752251904174284,-0.3907581613080186,0.8936413388002922,0.032985097400098334,0.540713228990947,1.1372431020140685,-0.17692293208569024,-0.297212818626282,-0.4409095209834377,1.1113431527620687,0.21699098811197462,0.8070529822668409,1.5427439112049288,0.020989325180847843,-0.4881999568163992,0.09463436045410652,-0.10484495630125587,0.17060381081552412,0.0849764774260593,-0.020989325180847843,-1.5427439112049297,-0.3417899945912644,-0.4846237089171882,-0.2639913658331881,0.33072225315718967,0.4103980692089227,-0.5920746260821743,0.10608304780917345,-0.5408768497097485,-0.29429738304996345,-0.44283339212011924,0.12408133374116129,0.11464042204849642,0.04124997135858002,0.10997909147286698,0.12560226393772106,-0.04248097655033679,-0.04195727479570725,0.2860364732784985,1
1.5983203601650333,1.0059762856343069,-0.8790386569529866,0.3052077222492148,1,0,0,1,0,0,-0.81101516775215,1.7385311979422022,0.022069094248954552,-0.4730991216953325,2.3196326621130696,1.7026730911014554,-0.4463582183310026,0.16125396926776714,0.639558352276662,1.0085818393520023,1.2159861890499795,2.155657681216503,0.3650693023507012,-0.2126665005633495,-0.7942297001459031,1.0624487105220521,0.3112501673133201,0.9590757310783011,1.2994551316290601,1.6512761951523172,0.4081781065630836,-1.0169680117927746,0.1933607990177983,-1.0538986587312433,-0.644490817408217,-1.6512761951523172,-1.2994551316290608,-0.3974950218363748,-0.9349191994684248,-0.8553359766634215,-0.23777976860790415,-0.10165033785478751,-0.8756195703398886,-0.22015379130249568,-0.762349526635866,-0.728375060954584,0.3898463742377325,-0.9381911455531051,0.06902433999712428,0.15794641365697218,-0.2792525417345383,0.030432725387320277,-1.5241547677521787,-1.0996718489615938,-0.45626319576493324,1
-0.4320003660567478,0.6194597960623787,-0.15484123025532542,0.5985369837740325,1,0,0,1,0,0,0.1480240445619179,-0.5036251362044497,-0.31055362260288033,-0.37357138129655093,-0.4033097578806361,-0.09861908477244036,-0.538353008303711,0.17440122524624055,0.8040006963272155,-0.5155857670272539,-0.31465333075523844,0.9419603293456152,0.6700763074721121,-0.1829847174062336,1.1658676402902517,-0.5082402906082002,-0.4829372546393074,-0.6527600010434006,0.2507965989744553,1.0359845289758263,0.5657567894224294,0.9285694535520519,-1.6098283636165345,0.21765079360465453,-0.22822835116146664,-1.0359845289758263,-0.25079659897445594,-0.06326485836571254,1.3165582532877582,0.5093054329448095,0.14983524623193267,-0.05044549714841698,0.5421051509486824,1.0032343553662626,0.954063719541543,0.38782468222872474,0.5841383197212315,0.9587239960437993,0.21499580256151593,-0.671894953798262,-0.5500223735309933,1.267636726542527,-0.4540570296619595,0.013711913318286572,0.34789477903211874,1
0.6217103905899984,-0.6946962684821769,0.27967722576327125,-0.13478617003801185,1,0,0,1,0,0,-0.05387894750420167,-0.46059620240599214,0.188380452674872,-0.5095540498646537,0.1727443520001637,0.039563458014310826,0.0633444291038732,-1.784545861213618,0.9403660543775965,-0.14657356087399662,0.8140610915238204,0.18151793988489556,-0.9171757962203803,-0.8079296623755594,0.1681010998642531,0.15628625799579643,-0.7300558443936823,-0.5809765183803682,-1.1598770966922176,1.3979208031972914,-0.8953557697441362,2.6177451904782036,-1.1284592816869625,-0.5258994536754437,-1.6255297807029103,-1.3979208031972914,1.159877096692217,-0.8431352397972577,-0.03432821836595151,-0.5369196477548344,-0.37990527404917784,-0.6307670251539549,-0.5290646384693491,-0.5463906304141645,-0.04256332662598434,-0.35630847989348147,-0.8036612908751883,2.6280093206490753,0.2879815338437111,-0.3607044410025493,-0.5330992590437151,-0.033013633646279864,0.4514102871836102,1.461110804282131,0.16231986177126023,1
0.6217103905899984,-1.158516055968491,0.5693561964423357,-2.6280848929989626,1,0,0,1,0,0,-0.5207796166571032,-0.09019848849224284,0.009275912831576286,-0.4713631727348887,0.6473931334570223,0.2949104869179837,1.0037293426744698,1.1928981200167181,-1.0948796426619827,1.440922657627121,1.1431772981799249,0.10585516912961174,-1.1715394802075938,-0.12525529730930604,1.612246292189354,-0.9597254511339857,0.03771357601448577,-0.3856535496172439,-0.2611143426240418,0.4033438513077275,-1.520863701703485,-0.022177163592578354,0.5323056273840945,-1.9091974134774206,-1.8627021056735555,-0.4033438513077275,0.2611143426240411,-0.03541234474315745,1.6918044954137887,0.381938901381374,-0.19901826712392082,-0.1699234587966153,0.7626401075935709,0.18764225758709038,0.34501385799472056,0.2638024885416898,-1.3032691506898992,0.6552175733882943,2.085255166667774,2.115853389996665,0.9730579303240674,0.41111087958892223,2.2623449208747504,2.8528405071319813,1.5232025883508855,0
1.3927182613071303,0.5163887321765315,0.5693561964423357,-0.13478617003801185,0,1,0,1,0,0,-0.2810198135785862,-0.38093452767100994,0.15000090842273722,-0.5014529547159157,0.3739621401136903,0.09456815951194965,2.178470884780055,0.6223882072296147,0.4107240373916816,1.2834442809359985,1.4101505772412566,0.6099015126605716,-1.1865168584033798,3.0877921273436386,1.344518676263924,-0.3300220460481576,2.016001140760843,1.8512139344695668,0.7902460580981725,0.048076501797563044,0.05606871614908941,0.49266194763561255,-0.8931138475247379,0.26518179885046494,-0.02591471644526734,-0.048076501797563745,-0.7902460580981732,3.5575619125664613,1.7668537438389946,1.0642596061854894,0.705416767502365,1.5710411252199985,1.4557499713346498,-1.1173050988595852,-1.482135726645747,1.5660355222555504,-0.026493508941193386,0.35171115073279,-0.2685346671830286,-0.671894953798262,-0.5330992590437151,0.37938770007212164,-0.4540570296619595,-0.48731077970765985,-0.3944048900113141,0
-0.25209852955608386,-1.4934970135974959,1.4383931084795292,-0.8681093238500562,1,0,0,1,0,0,-0.2684008765744537,-0.3867492484545853,-0.4512786181940413,-0.22022922312400942,-0.2357241609390243,-0.12723941725901666,1.054295355126214,0.70966525318085,-1.05616348733361,1.2133119152581957,0.725515698384947,1.0619639625316668,-0.18282518564721273,0.32987653305854175,-0.10844708698701605,1.1334206869408678,0.3130612883553161,0.5500387041074112,0.5274811195133241,0.9252428331319453,-1.1364146106820832,-1.0826777424598937,2.5827893525725347,-1.3286799065747572,-0.4062002025178694,-0.9252428331319453,-0.5274811195133248,0.7166055230658329,0.340918023760079,1.4281639820810177,1.9070233135058599,1.9806798508709664,0.1010352376589052,0.6769975162545934,0.4557501964577793,1.5040244254120325,-1.1089772052064004,-1.0899443568808573,-0.39625969692687113,0.9229564242797662,0.2622871218583729,-1.7460653275534903,-0.5363722402842841,-0.15329565102369538,-0.332546584257695,1
-0.5091011531284612,-1.2615871198543382,-0.4445202009343899,0.3052077222492148,0,1,0,0,1,0,2.633954634376015,-0.7548210740549045,0.6233486208657331,-0.6171828854121734,-0.5795122499056172,-0.10353820441857066,-0.6268718266807309,-2.51191562730138,0.3290726287446144,-0.6759923790345249,1.1205513785091004,0.24497655225966986,-0.864356284494231,-0.7926752239904636,-0.44365993344557136,0.21539729025650323,-2.332509299135662,-0.9375927793366973,-0.16027754582615011,0.4930801176436292,0.079648790747779,3.003234247918433,-0.2333998036199039,-1.3996542006803914,-2.3721485335420227,-0.4930801176436292,0.16027754582614942,-0.20252742647848845,0.5660657690356972,3.629785456248964,3.237834864455966,1.673450806632741,3.535079562557888,3.857806697593365,4.442258381127891,4.480557073900855,-0.026493508941193386,2.5521327149851984,-0.350643614875499,-0.41256952646850126,-0.9054077777638412,-1.3019408143182878,1.439192814651505,1.9621334973080773,-0.76555472453303,1
-1.9740161074910114,0.8771374557769975,1.4383931084795292,-0.13478617003801185,1,0,0,1,0,0,0.009215737516460692,-0.4722256439731428,0.06044863850108935,-0.4910372609532525,0.03607853437695611,0.01630943786896758,-1.1646460949548076,0.6082625858121179,-1.5391509125536276,-0.5114009398727531,-1.6181670700933068,-1.0327756835735646,0.7136736088583716,-0.631832879550402,0.7181806624874159,-1.8008213268640259,-0.11882756062843335,-1.100891718399291,-0.5636247330177211,-0.8495867060811616,0.9881487770770305,-0.1154018662331399,0.29441909636995556,0.5730423018896897,1.0288899505845213,0.8495867060811616,0.5636247330177203,-0.17467491285593337,1.6918044954137887,2.4834866721780506,0.8604627734383002,0.76883195415352,2.62143474217192,0.9216751455883455,1.397009073393778,2.00011320016017,0.917210226264372,-0.1035484832504671,0.023408257945752128,0.1709126850234604,0.39767203775660004,0.31594134103852145,-0.04248097655033679,-0.4316415915936655,0.40975308478573785,1
0.08200488108800677,0.33601437037629844,-0.15484123025532542,0.5985369837740325,1,0,0,1,0,0,-0.33149556159511606,-0.3024357970927428,-0.7327286093763631,0.3011341146626316,-0.923865887798175,-0.4653170947566992,0.47831406837550644,0.801901723238559,-1.019163686585373,0.5934869034960809,-0.442602697249832,-0.02039582676211257,0.20276289072998327,-0.21453086568421847,0.5555290391023788,-0.2979452004040604,-0.5487462720696349,-0.7756926897467048,-0.36119580761071546,0.33041212922948743,-0.8794640687831496,-0.5441184850324967,1.0938247090673203,-1.3458899280420253,-0.18190775188721856,-0.33041212922948743,0.36119580761071474,-0.007559831120602114,0.8662627627365218,0.900502637032502,0.5891322630504142,0.32505666803163763,0.5421051509486824,0.758556726032511,1.0648000580046022,0.5738579727592754,-0.6926373220274746,-0.2553016945782196,0.9813459810245673,1.4675398216722642,0.7192112130148905,0.6014499566897238,0.7806711296729086,1.0714264874841732,1.0901944480755505,1
-1.280109023845593,-1.2873548858258006,-0.15484123025532542,-0.13478617003801185,1,0,0,0,1,0,-0.7605394197356201,0.5872164827942845,-0.4128990739419065,-0.22890896792622875,1.1496301090608296,0.6285162374646386,1.1420537254509755,0.9385091863802435,-0.9322940012991773,0.9568992665592245,0.49118959418936387,0.6972793451991293,-0.5321716380556345,0.07546573873894433,0.3839525774920072,-0.4233445248765932,0.5908145922690223,0.29253308091119284,0.6257323574189628,0.33041212922948743,-1.512649028947453,-0.903498048065244,0.8490567114992612,-0.7068675389392611,-0.35296891236491507,-0.33041212922948743,-0.6257323574189636,0.15955525061472892,0.491016520610491,0.3728412919839863,0.08523274375862654,0.32505666803163763,0.5106001571422693,0.02452383803125581,-0.26403600355210183,0.20179139169817292,-1.3587811351137562,-0.6346847228976005,0.9813459810245673,1.3249108366408955,0.9053654723749538,0.062155904904119784,0.7806711296729086,1.0714264874841732,1.3376276710900281,1
0.6217103905899984,-0.46278637473902035,0.27967722576327125,-1.6014324776621007,1,0,0,1,0,0,-0.05387894750420167,-0.46059620240599214,-0.7071422465416066,0.2629432375328666,-1.092340981822366,-0.5574387899478667,-0.224478912931042,1.3819905461421371,0.7864212545454776,-0.712976097852072,-0.39350409612560017,-0.7549562658625888,0.16609643209617492,-0.8767106504531579,0.5859938419592908,-0.13270076171552647,-0.8984733002329283,-0.6939761003876409,-1.0001237438140784,-0.037759751214519306,-0.5638555591130636,-1.3097896286500514,-1.208415668143077,0.07227396628016068,-0.1659579933345227,0.037759751214519306,1.0001237438140778,-0.8709877534198129,0.41596727218528484,-0.30947941282012914,-0.3282232720705331,-0.6478353053894121,-0.11949971898598452,-0.30171300108041293,0.17890935030013266,-0.23228628620644656,-0.47058938433204756,-1.1658209625447336,0.36096726512590627,-0.3477381696360611,-0.29617565622181696,1.1724671879921262,0.28677986593896093,0.29205785388825667,0.40975308478573785,1
-1.1516077120594044,-2.5499754184274326,-2.617112481027373,-0.13478617003801185,1,0,0,1,0,0,0.021834674520593164,-0.4762959485216456,0.9175917934654332,-0.6530591639280133,0.4593459598441422,0.1383930436320196,-0.40071066677498524,-0.3905153764094708,1.4034176995873004,-1.1013819122670765,-1.3022034843925419,0.09017599783029734,1.037015108732082,-1.4744244232050392,0.14362368475163548,0.5414487256917885,-1.9754154901795549,-2.0660068493441015,-0.37315522795503414,0.4930801176436292,-0.9160295745236324,0.6798736641503788,-1.3744152579028779,-0.4708922768622653,-0.32412526639743017,-0.4930801176436292,0.3731552279550334,-1.2609229441355856,0.7912135143113154,1.9285324989373691,1.9845463164738264,0.8541733553308051,0.16404522527173035,2.2266225020350205,2.7812133041820113,1.1939689411944467,-0.8175392869811524,0.7690324818841089,0.33359761589508324,-0.4579514762512096,-0.6007917169928287,1.5214221626769286,0.6160407084282594,0.9879227053131819,0.7809029193074537,1
0.5189093411610479,1.109047349520155,-0.15484123025532542,-0.4281154315628296,1,0,0,1,0,0,0.16064298156605036,-0.5065324965962373,0.23955317834438508,-0.5327000360039053,0.044587388156906084,0.02212294290530339,0.88121827606427094,0.4787186114451846,-0.02812800768916396,0.7720148304376636,0.612761621944911,-0.45686355541636037,-1.3730431679677562,0.44987768474307943,0.6147834100591657,-0.5762528082159671,0.33809400650466,0.25078649548800247,0.2430696413654208,-0.8641809106868654,-0.7758429822504525,-0.041179793603290375,-0.5406265698431555,-0.7076940002867054,-0.5517759179066861,0.8641809106868654,-0.24306964136542153,0.29881781872750485,0.41596727218528484,-0.3731626786018469,-0.5995537824584191,-0.4430159425639276,0.2270552128845555,-0.5463906304141645,-0.7069813574043363,-0.5423417704240322,-0.8314172830871166,-0.2553016945782196,-0.6608329728248301,-0.8145239388296306,-1.0069464646875115,-0.0647368131630805,1.1922471827845313,0.793080546914203,-0.8274130302866491,0
-0.4320003660567478,-1.2873548858258006,-0.15484123025532542,-0.13478617003801185,1,0,0,1,0,0,0.1480240445619179,-0.5036251362044497,-0.7839013350458762,0.5869870434823882,-1.6997475484068099,-0.8409589586430131,-0.11036859861779934,-0.02849834236906403,0.047537499586909227,-0.6310766320306904,-0.5120407535183201,-0.3139372422379412,0.5261103997953688,0.02553476923050444,0.5156267819188158,-0.3354418252938065,-0.39925151087151955,-0.5165383143161204,0.5873904109192033,-1.0107396132765438,0.17898426359574354,0.5556584601363267,-0.4020720389849349,0.45665285237103376,0.1613789293592471,1.0107396132765438,-0.587390410919204,0.0759977097470634,0.5660657690356972,0.23637715102316323,0.020630241285320403,-0.135786898325702,0.25856020669096863,0.9216751455883455,0.6772228733838963,-0.10826409251941274,0.25106641317809053,0.6552175733882943,0.3518440487156324,0.08014878545804377,0.2622871218583729,0.4428340591057229,0.5337254978059351,0.06938110143228039,0.038603250264021984,0
1.110015375377516,-0.35971531085317227,-0.4445202009343899,-0.4281154315628296,1,0,0,1,0,0,0.24897554059497767,-0.5379319888275442,-0.1442422641769629,-0.415812806000685,-0.29369798412825365,-0.09235838704100179,-0.2863519210081541,-0.6707505290066096,-0.3858526402156616,0.39279379193026753,0.47873954463269713,0.6570356998410665,-0.029582135765837937,-0.7444943917897571,-0.32805819840029676,-0.3700517131177374,-0.2918030533602598,-0.1740093736023919,0.8063022000563537,0.0964376253461319,-0.34571070742600957,0.591984649716187,0.15560720128261363,-0.8199859846123265,-0.792271139899932,-0.0964376253461319,-0.8063022000563543,-0.7595776989295921,-0.40957446049198204,-0.3549674598070702,-0.4832692780064673,-0.5624939042121272,0.1010352376589052,0.5954383064766764,0.2342775195316623,-0.5423417704240322,-0.47058938433204756,0.27583454506891375,-0.6790794056453779,-0.5033334260339178,-0.7700228618656133,-0.7626467625326843,0.12214944469431245,0.18071947766026855,-0.7036964187794109,1
1.110015375377516,-1.2873548858258006,-0.4445202009343899,-0.13478617003801185,1,0,0,1,0,0,0.24897554059497767,-0.5379319888275442,-0.7839013350458762,0.5869870434823882,-1.7640207226093256,-0.8673433276540756,-0.6528516777732956,-1.1026851069230428,0.2900289863932345,-0.3293880255531983,-0.02591807117364264,-0.06325425316971772,-0.12066855063146259,-0.6598781115240304,-0.6062413535979988,-0.0783162724473965,-0.13793011898403154,0.012484925090925263,1.1515092521572485,-1.2283241134096814,0.2484637161874994,0.9061506352106132,-0.47517964144522046,0.3082128272682683,0.045883861246072355,1.2283241134096814,-1.1515092521572492,-0.6203151308168162,-0.5596729573423944,0.02713213488323473,-0.018131260198663828,-0.06751377738387422,0.19555021907814235,0.758556726032511,0.2342775195316623,-0.23228628620644656,0.3898463742377325,1.1104772073715516,0.6072941082033162,0.2487103132223888,0.36382580878204385,0.6966194952401235,1.2745623934068555,0.6817421706862145,0.2860364732784985,0
-0.12359721776989524,0.15564000857606544,1.4383931084795292,-0.8681093238500562,1,0,0,1,0,0,0.24897554059497767,-0.5396764050626168,-0.06748317567269331,-0.4592115300117816,-0.22669676144007703,-0.060160512993603456,0.7644099105530024,1.3926515873170637,-0.9541453657929762,1.1683001995212237,-0.3618282128253305,0.7953096809530112,-0.061772259304326095,0.7704334604350981,0.7085012808333643,-0.07191934038336419,0.9162942417495453,0.12164980399652096,-0.11623388745465664,1.199986903232429,-0.2931225524981726,-1.2016969793080534,1.2320766778874304,-0.6697165120228813,0.5891617539482468,-1.199986903232429,0.11623388745465593,0.577342954953057,0.491016520610491,-0.3913578973966235,-0.3669847735545164,7.593435579547688e-4,-0.7495995951142377,-0.6279498401920818,-0.6516131881728072,-0.23228628620644656,-0.3318094232724056,-1.1658209625447336,-0.23204180154193166,0.4172718409867329,0.10997909147286698,-0.15990635171348128,-0.7833178721512579,-0.32030321536567735,0.34789477903211874,0
-1.5885121721324456,0.8256019238340739,-0.4445202009343899,-0.8681093238500562,1,0,0,1,0,0,0.26159447759911014,-0.5437467096111195,0.12441454558798068,-0.49335185956717764,-0.09167739253548252,-0.03690649284826022,0.5189582903724276,0.30907545808969755,0.8114595493958311,0.23016468302883947,0.1998277082122883,-0.10308737888972752,0.04919424425424422,0.07421001685564485,1.4439395442777208,0.780443204223887,-0.5364734862421835,-0.5693323138971609,-0.5745260083472232,0.42920901042807535,-0.6474743611561439,1.0222911715617127,-0.3250222334906046,-0.842895563443664,-0.8156280004079662,-0.42920901042807535,0.57452600834722245,-0.06326485836571254,1.0914105080121401,-0.4823339913705056,-0.031051760693324323,-0.23819657973844427,-1.1276595207911904,-0.05703537174666111,0.2342775195316623,-0.29429738304996345,-0.4150773999081907,1.4898602356909325,1.182056742050605,0.806259981981374,0.38074892326932136,0.9504049313745251,0.5337254978059351,0.848749735028197,0.9664778365683122,1
1.0072143259485644,1.572867137006469,0.27967722576327125,1.7718540298733036,1,0,0,1,0,0,-0.06649788450833415,-0.45187412123062914,-0.10586271992482811,-0.4314363466446798,-0.033244580341518795,-0.014099665398019734,-0.31823228180608026,-1.4788378545149392,-0.22621288119763988,-1.7462356465454671,-1.1338930296766707,-2.367920718108649,-0.3654828039400711,0.4984543098869029,-0.95001268918956,0.10809998684224498,-1.5536639621101578,-0.8932629929013431,-1.9287998281276544,-1.3166012534636966,0.9405594078150318,1.0780495086857764,0.41787064842702165,0.8184651113876403,0.6020190190509209,1.3166012534636966,1.9287998281276544,0.27096530510494976,-1.009968447893631,-0.600602913536552,-0.4574282770171454,-1.0062691903340089,-0.24551969421163483,-1.5251011477491712,-0.983822203561983,-0.9764194483286528,0.8894542340524437,1.0346006017076752,0.06902433999712428,0.2746428559553643,0.600749411603942,-0.3819686083310823,0.6160407084282594,0.013711913318286572,0.22417816752487937,1
-1.2544087614883548,-0.8235350983394863,0.27967722576327125,-1.8947617391869185,0,1,0,1,0,0,0.6527815247272168,-0.6286416330513195,0.2267599969270068,-0.5344359849643492,-0.22723684938842545,-0.07044594498096682,1.0075834754893678,2.2588773954676555,-0.7406308674936436,0.3268650065542655,-0.9191373840963717,0.4296057849511819,1.6656277692387031,0.033476308510215685,2.3101635205623863,-0.4324161655587341,-1.443765095874234,-2.318139767378054,-0.37315522795503414,0.9560218637408522,-1.3676202169451912,-0.7861090143272124,0.5779306628142469,-1.8731862911269086,-1.068288678583931,-0.9560218637408522,0.3731552279550334,-0.28608496734615396,1.391607501712964,-1.21924035255895,-1.2197378062021575,-1.6207272788104614,-1.537224440274555,1.0847935651441794,1.4523772426253072,-1.720552610450858,-1.2477571662660425,-0.6346847228976005,0.44307621281837667,0.6895635396829819,-0.1777138548108673,0.1890486229713212,0.28677986593896093,0.9044189231421907,0.2860364732784985,1
0.18480593051695732,-0.7719995663965628,-0.4445202009343899,-0.4281154315628296,1,0,0,1,0,0,0.5013542806776271,-0.6018939174468729,0.38027817393554597,-0.5668403655593013,-0.0697076680971124,-0.024832290080485844,0.5029759800051121,-0.012345356067738055,-0.9807501765942854,0.9117313243723535,0.571522419074568,-0.12327612434477023,-0.3553151610464135,-0.40897549461939753,0.636886603022872,-0.7041977737598334,-0.4414568394907689,-0.9018203250929782,-1.7516254646912552,1.56910687884258,-1.1080438394024634,0.6549634063450311,0.633067496675567,-1.6694312444523784,-1.6234591580283695,-1.5691068788425793,1.7516254646912537,-0.7317251853070371,-0.10937746679115769,-1.7196088694153011,-1.7365578259886068,-1.7743418009295742,-1.1591645145976028,-1.1173050988595852,-0.4855086804782194,-1.4104971262332722,-1.1089772052064004,0.35171115073279,-0.6243401071837319,-0.23104172733766892,-0.8546384343020056,-1.238494455284687,-0.5363722402842841,0.23638866577426285,-0.8274130302866491,0
0.8530127518051386,0.3617821363477598,0.5693561964423357,-1.6014324776621007,0,1,0,0,1,0,-0.07911682151246661,-0.4414076238201935,1.390939505908429,-0.6906713914042971,0.6970980304882548,0.19429213051986394,0.7317728563602514,-0.19413323866457452,0.9703375667111155,1.4929432702534282,1.4892176797824712,0.3495945093740259,-0.7748333084665394,0.24584699883347697,-1.076894430541429,-0.10418753093453587,0.3910589768411152,0.6012147867332401,-0.70065935430716475,1.171710631808875,-0.7719005455877691,-0.8123552375368749,-1.4311823809770314,-1.6291026541166764,-1.3490866973082005,-1.171710631808875,0.7006593543071641,-0.007559831120602114,-1.1600669447440433,-0.8189455390738695,-0.7416792878996918,-0.5624939042121272,-0.24551969421163483,-1.1173050988595852,-0.983822203561983,-0.5423417704240322,-0.782844296716242,-0.8433453884732599,-0.362047635388342,-1.0090180093269512,-1.4892552275749478,0.728342674756924,-0.5157934376287031,0.013711913318286572,-0.45626319576493324,0
-0.07219669305541997,-1.2100515879114147,1.4383931084795292,0.3052077222492148,1,0,0,1,0,0,0.31207022561564,-0.5611908719618456,0.009275912831576286,-0.4649980265465945,-0.20309021197330357,-0.07223471576137783,1.0900581990784592,-0.3959321401637323,-0.2943260672396972,1.377661044619547,0.9165676966716604,-0.6292557660586766,-1.4207328249304876,1.196200366423469,1.67981678444163,-0.9685162312324177,1.4352695328757998,0.44628929977316734,-0.43967950362031105,-0.4221610355600758,-0.3205231490459547,2.226232866515469,-0.5709118151410241,-0.43794249200110424,-0.7558682573959091,0.4221610355600758,0.4396795036203104,1.6635909862327087,2.2921984828154374,1.3826759350940767,0.5762117625557528,1.178470679804488,1.3612349899154128,-0.46483142063624716,-0.319404172783631,1.5660355222555504,-0.24854144663662048,2.2486262923296945,0.2879815338437111,-0.06248019957332482,-0.2284831982727022,0.28421816152172197,1.1099319721622063,0.9600881112561845,-0.023255055489598248,0
-1.3829100732745436,-0.2824120129387873,0.27967722576327125,-0.8681093238500562,1,0,0,1,0,0,0.097548296545388,-0.4937401108723716,0.86641906779592,-0.6530591639280133,0.3844626262606143,0.12497726277893696,1.8019419942997463,0.08607822699531224,-2.777105243814315,3.241256519466033,2.133563981197229,1.2851249329709211,-1.1927190755638195,1.06797086507795,-0.7640737557121062,-0.8685941182863772,1.8045853253882587,1.2422029831892414,-0.6247379431982625,2.3723646184089273,-1.4385403023364627,-0.8835773831480733,2.9235425798901766,-2.5893325314194477,-1.560968231019205,-2.372364618408928,0.6247379431982617,1.245803281894381,-0.5596729573423944,0.6639647927004092,0.07231224326396513,0.8029685146244333,1.2667200084961745,-0.9541866793037505,-0.8177176958673952,1.3800022317249987,-1.3032691506898992,-0.6852691266735177,0.6529101902546883,2.1893289277400987,0.6684418695530556,-1.4922798914190887,-0.48149543320273464,0.9415317152181866,1.1932916243315823,1
0.15910566815972013,-1.5708003115118816,-0.8790386569529866,0.3052077222492148,1,0,0,1,0,0,-0.05387894750420167,-0.46408503487613734,-0.7839013350458762,0.6130262778890462,-1.5486239375373885,-0.8306735266556498,-0.7532143867036811,-0.017702785119010425,0.3309445204654162,-0.9744536479926255,-0.5763402316440923,-1.4048844170099744,0.22427206127049595,-0.1454031314967069,-1.1597810808077862,1.1470613796861324,-0.5354775767996042,0.6987068341333726,-0.9971070548845234,-0.9271761482887021,0.9020778442239409,-1.137545598613811,0.7002738182235305,0.7854536130275704,1.4314217592369467,0.9271761482887021,0.9971070548845228,-0.3417899945912644,-1.2351161931692491,-0.8553359766634215,-0.19901826712392082,-0.3918111018575571,-0.5605696322757617,-0.9541866793037505,-0.6516131881728072,-0.29429738304996345,1.8054019770460803,-0.5588081172337243,2.714757098976709,2.7900995010540433,3.0715241267465974,2.1241625734961316,0.9453015509175579,0.514734606344233,3.440810066713086,0
1.0072143259485644,-1.596568077483343,0.27967722576327125,-0.4281154315628296,1,0,0,1,0,0,-0.06649788450833415,-0.45187412123062914,0.25234635976176334,-0.5384865325387181,0.2224109634699628,0.06863098319598987,0.29207387940980756,-1.522407390814537,-0.7935702543234222,-0.24770648941487472,0.021490871898546277,-0.8801342905929388,-0.7873875820309052,0.3657895761387355,-0.9522242948962604,0.01042372914731533,-1.0005415907748056,-0.5212680654596876,-1.6831717333635567,0.4689510326955308,-0.040643204675169,1.1356345265514123,1.0953119649534535,-0.6574844277330409,-0.5368559953291554,-0.4689510326955308,1.683171733363556,0.15955525061472892,-1.009968447893631,-0.5915053041391644,-0.4961897785011287,-0.8355863879794388,-0.2140147004052217,-1.4435419379712537,-0.983822203561983,-0.8523972546416179,-0.1375174777889068,0.8828473903799233,-0.3688900476960481,0.22277777048941236,-0.0592520533999176,-1.206771275767887,0.03983423407198747,0.29205785388825667,-0.20882997275045564,0
-1.2544087614883548,-0.87507063028241,0.27967722576327125,-0.13478617003801185,0,1,0,1,0,0,0.6527815247272168,-0.6286416330513195,-0.5664172509504457,-0.05820732014924861,-1.0877084703926867,-0.4384855330505339,0.30776306977437623,1.7764961063895428,0.02232351679494244,-1.1790501019536415,-1.779262735193596,-0.04809953665999034,2.4194181501515133,-0.05575039737247102,2.6479595047269053,-0.31404521238519817,-1.533453917909309,-2.410019821700811,-0.39487744041716594,0.3260326064644921,-0.48365718047273737,0.2143710449863659,-0.34610214734322386,0.07227396628016068,-0.039786586733221885,-0.3260326064644921,0.3948774404171652,-0.3139374809687093,1.7668537438389946,-1.0463857740085747,-1.0259302987822392,-1.4841810369268051,-1.537224440274555,1.166352774922097,1.5631135810883663,-1.5965304167638241,-0.49834537654397587,0.12408133374116129,-0.2046721523111086,-0.3477381696360611,-0.29617565622181696,0.062155904904119784,-0.37174181903963527,-0.26463402725168356,-0.023255055489598248,1
0.3647077670176212,-0.7719995663965628,-1.6032360836506476,-0.4281154315628296,0,1,0,1,0,0,1.3846798709669002,-0.6966738662191511,0.38027817393554597,-0.5668403655593013,-0.40348374417937677,-0.09772469938223485,0.29869941030064484,-0.9643172065582963,-1.4385256772199038,0.11718344240742028,0.36181931909703047,0.08677378784283651,-0.7543802489799205,-0.6367994110669009,-0.9610125175728869,-1.2290660676077543,-1.3974346192737155,-0.9308201730757407,-0.7989105922128049,0.910698895591472,-1.0516312695323604,0.3608343855791571,0.7314199243889707,-1.5439795179743443,-1.3791475648386662,-0.910698895591472,0.7989105922128042,-0.6357887494960135,-0.9349191994684248,-0.19121049065408274,-0.7818764005497497,-1.2281568333949502,0.9796745093710809,-0.49201782389555315,-0.17175572149955282,-0.20472579872043903,-1.053465220782544,0.12408133374116129,-0.5604775923118106,-0.127311556405765,-0.7192535184037778,-1.1433249167342867,-0.04248097655033679,0.45906541823023866,-0.76555472453303,0
-0.4320003660567478,-0.6431607365392533,-0.8790386569529866,-0.13478617003801185,1,0,0,1,0,0,0.12278617055365294,-0.49664747126415926,0.5082099881093286,-0.5975087971938096,0.21389367311497298,0.07981080057355874,-0.35872780027995144,-0.7642765043358192,1.0540236841370811,-0.15171837971657492,0.5027004168666979,0.5936463724744006,0.20987865934889297,0.20938357337529653,-0.3528963221951655,0.38346671780373437,0.09885396564798703,-0.12488002802186501,0.513835114248652,0.30004743805884815,0.7080333381173652,0.695469698817273,-1.0555386162143585,0.3029836431077921,-0.7754562036028004,-0.3000474380588474,-0.5138351142486527,-0.03541234474315745,-0.5596729573423944,-0.8098479296764806,-0.5091102789957901,-0.4430159425639276,-1.0646495331783645,0.35076067714292497,0.12354118106860354,-0.9144083514851348,0.77843026520473,0.8069707847160468,0.38833691435672935,-0.24400799870415715,-0.11002139686175369,0.2524949820049213,0.12214944469431245,0.29205785388825667,-0.1469716669968365,1
0.5189093411610479,0.05256894469021735,-0.4445202009343899,0.3052077222492148,1,0,0,1,0,0,0.04707254852885811,-0.4739700602082154,0.43145089960505906,-0.5876717530846277,0.2300410673720139,0.08964903986581935,-0.9065759686669789,2.491691452255345,-1.2487616231320442,-1.6817923935534804,-1.929684631048861,-1.9199484365986772,0.5637484382146363,-0.2163127316967765,2.3064386442414877,-0.9603694325560788,-1.4162794062288038,-1.3793096955292095,-2.261586279098367,-0.3755669404878874,1.0444788201611679,-1.109385112992421,0.7420203105396578,0.8676346080044643,1.162057071694678,0.3755669404878874,2.2615862790983656,-0.45320004908148526,1.4666567501381707,-1.0918738209955157,-1.3489428111487698,-1.723136960223203,-0.34003467563087314,-1.2804235184154193,-0.4301405112466897,-0.9764194483286528,0.5563823275093027,-1.2416975682086098,-1.0713777112871794,-0.5811310542328463,-0.2284831982727022,-0.9529858396334858,-0.8656330827735822,-1.0996718489615938,-1.0129879475475077,1
-0.7661037767008384,-1.2615871198543382,-0.4445202009343899,0.3052077222492148,1,0,0,0,1,0,0.3877838476404349,-0.5722388414506387,0.6489349837004895,-0.6229693819469863,0.1177049982314621,0.04135222879472184,-0.4538368032449847,-1.9009443942299946,0.7367299259417824,-0.013181175526799307,0.8788462680950593,0.058473586583521926,-1.2015589655153827,-0.7240326641709133,0.019317753299619426,0.7268012058818677,-1.0243288132934953,-0.7444125173477687,-0.2763926451691775,0.3538738583276802,-0.0923737844980449,2.6284579395400884,-0.27676936989084566,-0.9978999991465322,-1.8693171259176735,-0.3538738583276802,0.2763926451691768,-0.9266927806649233,-0.4846237089171882,-1.5194614626727603,-0.9871687972982559,-1.2793616741013212,-1.537224440274555,-0.30171300108041293,-0.2086678343205727,-1.534519319920306,-0.3318094232724056,1.793366658346437,-0.998391980004983,-0.9701191952274875,-1.2438700675094103,-1.4605567119022886,0.8629863402952329,1.1827648637121608,-1.3841377820692236,1
-0.4577006284139859,1.1348151154916164,1.4383931084795292,-0.4281154315628296,1,0,0,1,0,0,4.779173925078536,-0.7885464545996415,0.022069094248954552,-0.46615532585355707,-1.2383073865687715,-0.24619267415634938,0.7982144754336638,0.9191190034280147,-0.4110485760757112,-0.06384192158434472,-0.49554900588857165,-1.1841399647593729,0.5134895085760547,0.6224675764305467,0.5045528523233778,-0.08791859428167774,-0.08377945622290991,-0.2570001758291941,-0.5483077512256369,-1.0712207285677868,-0.487974390727599,-0.7560697055832678,0.4735674652881333,0.0031720426607531565,0.3933273269740477,1.0712207285677868,0.5483077512256362,0.6609004958207222,0.5660657690356972,0.2636699792153276,0.17567624722125458,0.13730558544161034,0.06953024385249205,0.18764225758709038,0.5111183656893089,0.38782468222872474,-0.5261013687559044,-0.7864379342253526,-0.33239718205494984,-0.0495139282068366,-0.0423289389126401,-0.28679906978068154,-0.12479618717266176,-0.5986491559356475,-0.5181215015185524,0
-0.5862019402001745,-0.4370186087675581,1.4383931084795292,-0.13478617003801185,1,0,0,1,0,0,-0.028641073495936725,-0.46582945111120994,0.06044863850108935,-0.4788856182301454,0.06623390553984151,0.011837510917940035,1.3363260318803847,0.8496033170643608,-0.4699643728367266,1.046550672915084,0.7913041017440595,-0.05417049318306792,-1.2070577946978513,1.7738627234127482,1.404617241108154,-0.6052421016934827,0.8516655207440442,0.7669721971004894,0.3041828515459608,-0.3755669404878874,-0.08577114466502071,0.24100750165533194,0.03424709869131558,-0.5693254896435976,-0.2799350157058761,0.3755669404878874,-0.30418285154596153,1.3850658500071569,1.0163612595869336,-0.5642124759469986,-0.7675202888890147,-0.42594766232847037,0.2270552128845555,-1.1988643086375024,-1.4267675574142176,-0.4183195767369984,-0.05424950115312168,0.27583454506891375,0.15113328768959466,0.14498014229048395,-0.093098282374475,0.2207718024881207,0.4514102871836102,0.29205785388825667,-0.023255055489598248,0
0.08200488108800677,0.28447883843337485,-0.15484123025532542,-0.8681093238500562,1,0,0,1,0,0,-0.3188766245909836,-0.32860204061883186,-0.7583149722111197,0.3555271820898727,-1.087010773287144,-0.5274768793759821,0.3311257743331206,0.6431499819952478,-0.5348901704942053,-0.10192569635696071,-0.3712002799636549,0.003419643150099556,0.4441993427195315,-0.06334658043604435,0.04183976069575224,-0.13184048929862427,-0.4120210208088777,-0.40856278083930425,-0.12752713319093578,0.13114384342216406,-0.5237336064869854,-0.8408293804620133,0.5987258048955628,-0.2708579512192186,0.08369650864787966,-0.13114384342216406,0.1275271331909351,-0.007559831120602114,0.11577027848446049,0.2454747604205509,0.13691474573727128,-0.03337721691295973,0.19555021907814235,0.35076067714292497,0.4557501964577793,-0.046252995675895824,-0.24854144663662048,-0.482931511569848,1.3645210702560935,1.519404907138216,1.294597105582359,0.664896315723324,0.4514102871836102,0.5704037944582268,1.3994859768436472,1
-1.485711122703495,1.2121184134060021,-0.8790386569529866,1.478524768348486,1,0,0,1,0,0,-0.4198281206240434,-0.2239370665144757,0.21396681550962854,-0.518233794666873,0.6037344525936346,0.22827877534767327,-2.810667771352434,-2.6010222146594093,3.46324435304033,-2.7352925263709373,-1.0288220409067772,-1.8420488027567987,0.33480861434962955,-1.1683262514087394,-1.097421017379657,2.6613352153098035,-1.3057238219544876,-0.36419662870548075,-1.643554298724186,-0.8822777243979375,2.7409241308659724,2.470612333247047,-2.059985816782122,2.4004703461669576,0.9819519179220455,0.8822777243979375,1.6435542987241847,-1.0938078624002545,-1.009968447893631,0.06352257247278678,1.4418852956980555,0.7346953936826055,-1.5687294340809674,-1.0357458890816678,-0.4301405112466897,0.07776919801113909,2.138473883589221,1.8692432640103136,-0.6790794056453779,-1.5406351353529608,-0.7192535184037778,0.728342674756924,-0.7010026615289333,-1.0996718489615938,-0.5181215015185524,0
1.5983203601650333,-0.46278637473902035,-1.6032360836506476,-1.6014324776621007,1,0,0,1,0,0,1.220633689913178,-0.6821370642602127,-0.7071422465416066,0.25426349273064724,-1.7286420933703144,-0.7211113163554749,0.055976693239561434,0.19705973970206503,-0.054941046307280285,-0.6610609489866878,-0.6353781937061889,-0.9326494200095259,0.029413869519678722,-0.6559310500776402,-0.9584131841051527,-1.40795874545791,-1.0879966907767513,-1.2487337686364857,-1.5457865278175351,0.2610696854503818,-0.7332355312111717,-1.2305879654112684,-1.339756505323417,-0.185788200371866,-0.3931227086886392,-0.2610696854503818,1.5457865278175342,-0.7905249362879868,-1.101695307079994,-1.0099953364190213,-1.4853258719257498,-1.7402052404586603,-0.0354864021688832,-0.8545032006862961,-0.23327590953458566,-1.0315404233006678,-0.6371253376036178,-1.0899443568808573,0.3518440487156324,-0.4255357978349895,-0.4654068010946016,1.2359135470257274,0.28677986593896093,0.45906541823023866,0.34789477903211874,0
-1.0231064002732158,-0.9008383962538722,-0.15484123025532542,1.0385308760612593,1,0,0,1,0,0,-0.5333985536612357,-0.08147640731687983,-0.7711081536284979,0.48283010585575625,-0.8223920164621596,-0.43580237687991735,-0.3500965772173521,1.5635183644835042,-0.8777911826693104,-0.7901256381231109,-0.6437218472175826,-0.26702721856484235,1.0300731757849175,0.29875040651785045,1.2646194253203522,-1.9242415368182888,0.25400481068583475,-0.34408250399359563,-0.5860329100839196,0.21702702713573208,0.7853256990403196,-0.8791100442656506,-0.7337072184683691,1.3192755846962343,0.5009403333569775,-0.21702702713573208,0.5860329100839188,0.49378541408539117,1.5417059985633763,0.7731361054690666,-0.44450777652248397,-0.32353798091572933,1.9283248784308402,0.6769975162545934,1.1201682272361313,1.069946747507413,0.77843026520473,-0.7864379342253526,0.16937972051014377,-0.24400799870415715,0.27921023634565156,0.3476645205553221,-0.6186874509066087,-0.5986491559356475,0.5953280020465953,0
0.6474106529472365,0.928672987719922,-0.4445202009343899,-1.161438585374874,1,0,0,1,0,0,-0.4576849316364408,-0.16578985867872228,-0.4512786181940413,-0.20576298178697722,0.031184257872474037,0.03151398950246124,0.9883193688327112,-0.403890823040826,-0.09950831342096268,0.31805114735784806,0.25545773092094476,-0.2871503535913006,-1.0014609114379096,0.24770520180168767,-0.9052175224398858,0.2028029403886205,-0.6927596497302179,-0.6976162868765753,-0.04053384962865217,-0.3514378555397904,-1.1267780217039742,-0.35247421235202914,0.3398285948442417,-1.1165951912142649,-1.013194085628311,0.3514378555397904,0.04053384962865146,0.10385022336961848,-0.9349191994684248,-0.4277483349861756,-0.26362076959722697,-0.5112890635057554,-0.6235796198885869,-0.30171300108041293,-0.319404172783631,-0.8523972546416179,-0.9146852597229018,0.04820472807728505,1.3371514210252706,1.3378771080073837,0.7192112130148905,0.41111087958892223,2.0153992890077768,1.9621334973080773,0.7809029193074537,0
-1.280109023845593,0.6194597960623787,-0.15484123025532542,0.5985369837740325,1,0,0,1,0,0,-0.7731583567397526,0.654085771805401,0.047655457083711085,-0.47194182238836996,1.735268602126435,0.8677643293446123,-0.43370531689814046,-0.1278271166146661,0.9199462350522496,0.09897164846303254,0.29119572522427883,1.354477518498766,0.3919277831032932,0.03995103950441557,0.8540114835281322,-0.44568911441203457,0.31924272321605435,0.019898981184369162,0.9573302853504951,0.8978772664439514,0.642996408648947,1.0309766857302707,-1.7054718995874851,0.18285130762111793,-0.359141222279059,-0.8978772664439514,-0.9573302853504958,0.0759977097470634,0.8662627627365218,0.1817914946388332,-0.08273376267196997,0.0519641842643253,0.3215701943037938,1.0032343553662626,0.5664865349208381,-0.046252995675895824,0.7506742729928018,1.1863538130354276,0.4978155112800227,-0.5162996974004062,-0.4146374576327655,1.489698983160128,-0.12479618717266176,0.3477270420022505,0.5334696962929761,1
1.135715637734753,-0.9008383962538722,-0.4445202009343899,-0.4281154315628296,1,0,0,1,0,0,0.03445361152472564,-0.47106269981642773,-0.822280879298011,0.9660025665126323,-2.075324196037846,-1.108827383009563,-0.049508050779795275,-0.0997947258431722,0.027034588694902446,0.2798792649252813,0.11644182741154117,1.180511911364283,-0.12289260826403184,-0.39403900937674513,-0.7185510889379342,0.5341101201209668,0.44962219797602215,0.8111054127209796,1.687681907547998,-0.06374491962016399,-0.32487698558033157,-0.5828573138906925,0.4997719729279368,0.0677388443161019,0.6405064881774262,0.06374491962016399,-1.687681907547999,-0.5367575899491508,-0.8598699510432187,-0.8007503202790929,-0.43158727602782254,-0.23819657973844427,-0.6235796198885869,-0.6279498401920818,-1.2606630497196296,-1.0384305451721696,-0.1375174777889068,-0.3311783002420958,0.8444977348704508,1.0007540524786946,0.9730579303240674,0.728342674756924,-0.20711139779498602,-0.26463402725168356,1.0901944480755505,0
-1.280109023845593,-0.4370186087675581,-0.15484123025532542,-0.13478617003801185,0,1,0,1,0,0,-0.3945902466157784,-0.23265914768983872,0.06044863850108935,-0.4788856182301454,0.46352722415945685,0.19116178165414466,-0.9648858262839533,-0.816917503698159,0.6890426477772441,-0.3681353880346203,-0.20505193415524844,-0.46268312513175025,0.31687427425531306,-1.4555935642686717,-1.2330187267592092,1.2335739848980332,-0.689447099536459,-0.09553278264653976,-0.22109974072011698,-0.41176056791003435,-0.1127147093083122,-0.11396618160557985,0.2976785068241039,-0.1863167828945468,0.17330838871118845,0.41176056791003435,0.22109974072011698,-1.3444804850032512,-1.0850176963188372,0.36374368258659734,0.9767472778902511,0.615217432034406,-0.43454965705011084,0.5954383064766764,0.7879592118469556,0.9459245538203791,-0.05424950115312168,-0.02767187758659086,0.2606118846128881,0.37837302688726915,0.27921023634565156,0.2207718024881207,0.2044646553166367,0.013711913318286572,0.2860364732784985,0
1.2128164248064663,0.0783367106616796,1.4383931084795292,-0.13478617003801185,1,0,0,1,0,0,0.22373766658671274,-0.5233951868686059,-0.3361399854376369,-0.32438616075064136,-0.48344579983817737,-0.15183501548966816,1.8546650002914373,1.4611562957017836,-1.2801500843062699,1.959062027498678,1.0950477428227043,0.7226468344988786,-0.9787444983302785,2.6868140468625605,1.9514088770720308,-1.8796859367402692,2.3832130862317817,1.089981745419288,0.6912331826893902,0.30004743805884815,0.10567610740362415,-0.05060429636076714,-0.13889503967493172,-0.28341311030137023,-0.35946067001997745,-0.3000474380588474,-0.6912331826893908,2.387756340419144,1.6918044954137887,-0.20030810005147043,-1.1163738022448682,-0.27233314020935756,1.0776900456576979,-0.709509049969999,-1.0391903727935126,-0.046252995675895824,0.16779843654230542,0.04820472807728505,0.3062279666642602,0.1838789563899486,0.05920974801103089,0.1890486229713212,0.12214944469431245,0.29205785388825667,0.038603250264021984,0
-0.35489957898503444,-0.46278637473902035,-0.4445202009343899,-1.6014324776621007,1,0,0,1,0,0,-0.16744938054139394,-0.41175254782395926,-0.7071422465416066,0.25426349273064724,-0.9890951655201933,-0.5131667131326939,0.33217563289872964,1.1222339798984295,1.1333761317371824,-0.3874048145188563,0.05777717085587514,-0.031418018137622246,-0.1943835674076335,-0.2370729826814052,0.20896789711660393,0.09186290409662261,-0.6298199718986303,-0.3027500987611432,-0.24010667662448304,0.1952844489803987,-0.6987788345466618,-1.3309619044615348,-1.4570497810174876,-0.10115979179955074,-0.3706896977202098,-0.1952844489803987,0.24010667662448232,-0.3696425082138195,-0.03432821836595151,-0.6369933511261053,-0.4961897785011287,-0.6990401460957827,-0.37153966943728567,-0.38327221085833024,-0.319404172783631,-0.6663639641110671,-0.5816133531797613,-1.1658209625447336,0.48869229486974886,-0.38663698373552574,-0.39771434314548676,1.4262526241265279,0.36909507656128593,0.514734606344233,0.47161139053935697,0
-0.020796168340944693,-1.158516055968491,1.0038746524609323,-2.6280848929989626,1,0,0,1,0,0,-0.596493238681898,0.07842841423144209,0.20117363409225028,-0.5176551450133918,0.9592649366694455,0.4603717841060029,0.2382032330040567,-0.9999345703269974,1.0962674495811024,1.452032537977959,2.0179547483287044,0.35652196524471647,-1.9868800578205166,-1.213106290429908,-1.3094576926921557,2.0715920968458645,0.07591441896129787,0.94339971094239,0.2857518833962749,0.20284819963585052,-1.5433489058039045,0.06065560790947952,0.5831159449955617,-1.8863268431338014,-1.7023938042275182,-0.20284819963585052,-0.2857518833962756,-0.9266927806649233,-0.8598699510432187,2.201460780859015,3.2507553649506264,3.1413229068820434,0.19555021907814235,-0.22015379130249568,-0.3747723420151606,2.3721797812212735,-1.3587811351137562,0.5793409677244183,1.5652318312821314,1.6879664349025603,0.6345956405784983,0.2207718024881207,1.6861384465184783,2.017802685422071,0.8427612250610729,1
0.08200488108800677,-0.46278637473902035,-0.15484123025532542,-1.6014324776621007,1,0,0,1,0,0,-0.3188766245909836,-0.32860204061883186,-0.7071422465416066,0.25426349273064724,-0.8201023544756483,-0.449218157733,0.5173670599934359,1.0629514940404952,0.8529038639590373,0.12297733893293111,0.028101002000196867,-0.17519638119148498,-0.1997979577764232,0.008527934036202073,0.17389447134124517,-0.36865792972490385,0.09244800970495197,-0.22846347140901527,-0.37315522795503414,0.13114384342216406,-0.7108904798241261,-1.2847306201565145,-1.5364138206189022,-0.07446458715433003,-0.25958279189827316,-0.13114384342216406,0.3731552279550334,0.18740776423728422,0.41596727218528484,0.74584327727690225,0.42116575661981864,0.4445346296798359,0.5736101447550955,-0.05703537174666111,0.12354118106860354,0.44983577907224165,-0.6371253376036178,-1.1658209625447336,0.21499580256151593,-0.6329961396987983,-0.6177148314801074,1.3628062650929278,0.2044646553166367,0.29205785388825667,0.22417816752487937,0
0.6217103905899984,-0.23087648099586283,0.5693561964423357,1.478524768348486,1,0,0,1,0,0,-0.5207796166571032,-0.09892056966760585,-0.2721740783507456,-0.3822511260987702,0.39009477083069316,0.2193349214456182,-0.21050728422614218,0.7339261557248287,-1.908715872189866,-0.5889753041891751,-0.9578359307123979,-0.6929148694885477,0.5512611692808856,-0.19325773930772547,1.2197221666128928,-1.3185697071983826,-0.2471427784264991,-0.7767590870542304,-0.5252107151899527,-0.4241556457943308,0.0996146470021246,0.21455420915076323,1.2842431462871973,0.5506050899188931,0.4868795562454562,0.4241556457943308,0.525210715189952,-0.06326485836571254,1.391607501712964,0.5547934799317504,-0.26362076959722697,-0.34060626115118536,1.0461850518512859,0.4323198869208419,0.7879592118469556,0.44983577907224165,0.3065783976019474,0.5034643620605421,0.8627441676909999,1.4675398216722642,1.6499825098152057,-0.667477223982284,0.36909507656128593,0.18071947766026855,0.7809029193074537,0
-1.280109023845593,-0.02473435322416849,-0.15484123025532542,1.0385308760612593,1,0,0,1,0,0,-0.7731583567397526,0.654085771805401,-0.6175899766199587,0.08066859668626065,0.8675007310361066,0.44069530552148173,0.7188346797775607,1.561082690740146,-1.7162025840354502,0.21989257634723067,-0.5930081750695582,0.38912944950607053,1.1750167489747474,0.0136763152982279,1.0430735860505191,-0.5495947755042511,0.5144486125501033,0.17949702672793,0.8489203546367114,-0.31122271395962636,-0.9858919075041,-1.0977067639281406,1.7938166788396803,0.21305775356626022,0.9461835810763536,0.31122271395962636,-0.8489203546367121,0.0759977097470634,1.0914105080121401,0.28186519801010423,-0.05689276168264715,0.15437386567706757,0.5106001571422693,1.0032343553662626,0.6218547041523672,0.20179139169817292,-0.7203933142394032,-0.7105613285614767,1.6564639953848757,2.5307740737242828,2.4961382341791287,0.09387908442092041,-0.20711139779498602,-0.3759724034796717,1.8324941171189824,1
-1.280109023845593,-0.23087648099586283,-0.15484123025532542,1.478524768348486,1,0,0,1,0,0,-0.7731583567397526,0.654085771805401,-0.2721740783507456,-0.3822511260987702,1.44955098492364,0.7984494616036854,-0.012601029272085739,0.5969280406819769,-1.3006325250909245,-0.12782929018859207,-0.44183916985054456,-0.07115010690289061,0.6314906113078963,0.27039942794413874,1.0557418177524749,-0.5260497872262269,0.6990879831076651,0.3237523473347369,0.6912331826893887,-0.7825969144484197,0.28770196032840717,0.23831650773099933,1.2493789291325301,0.8658928013187807,0.8904937141963689,0.7825969144484197,-0.6912331826893894,0.27096530510494976,1.0163612595869336,0.09081540066495114,-0.19901826712392082,0.08610074473523979,0.3530751881102058,0.5954383064766764,0.2896456887631914,0.07776919801113909,0.3620903820258042,0.35171115073279,0.3700904815361815,0.9877877811122063,1.3284433345569153,-0.7626467625326843,-0.12479618717266176,-0.48731077970765985,0.22417816752487937,0
-0.2263982671988458,-0.4370186087675581,1.4383931084795292,-0.13478617003801185,1,0,0,1,0,0,-0.25578193957032125,-0.3867492484545853,0.06044863850108935,-0.4788856182301454,0.28362446444522954,0.07265571745191467,0.42307180497854147,0.06502329434510502,0.6429592903568466,0.8395330195741633,0.8524298216837635,0.0963561065448885,-1.0311422536252624,0.4889534022293973,-0.04330537423145056,1.2840579197520263,1.004214269361048,1.1873018923762477,0.5364130502320184,-0.4005896952488784,-0.09973516518688057,-0.13262888536000175,0.4114074860955452,-0.1383932678307443,0.05096869158127729,0.4005896952488784,-0.5364130502320191,0.605195468575612,0.11577027848446049,0.5002078235474204,1.1317932838261862,1.5539728449845414,-0.5605696322757617,-0.5463906304141645,-0.8177176958673952,0.5738579727592754,0.029018475482663446,0.04820472807728505,0.561678026151944,0.7025298110494701,0.600749411603942,0.15732544345452057,0.7806711296729086,0.6260729825722207,0.5334696962929761,1
-1.280109023845593,-1.158516055968491,-0.15484123025532542,-2.6280848929989626,0,1,0,1,0,0,-0.3945902466157784,-0.23265914768983872,0.21396681550962854,-0.5211270429342795,0.5650010954954711,0.22380684839664572,0.15937231594544315,-0.8737667012255539,0.4429523758389523,1.0777525713211558,1.5150201870752305,0.08734582756270635,-1.064135446365005,-1.2347317843594738,-1.2709550503452072,1.464257677724683,-0.47194770543724845,0.1547440634483579,-0.3593320018427697,0.4755103955940435,-1.4553405354056117,-0.07394265007720628,0.8659070168769162,-1.9239494590154798,-1.8185229833040135,-0.4755103955940435,0.359332001842769,-1.1495128896453646,-1.1600669447440433,0.13630344765189217,0.8863037744276221,0.6322857122698633,-0.7180946013078251,0.18764225758709038,0.40038202722625016,0.8219023601333442,-1.2755131584779709,0.35171115073279,1.3280282046149967,1.6490676208030963,0.5838262971166633,-0.28679906978068154,1.3568776040291806,1.8507951210800897,0.6571863078002155,0
0.18480593051695732,-1.235819353882877,-0.4445202009343899,-0.4281154315628296,1,0,0,0,1,0,0.5013542806776271,-0.6018939174468729,0.32910544826603294,-0.5633684676384135,-0.09742869696948463,-0.027515446251102374,-0.1390421375887317,0.204914346483392,-0.580246343904741,-0.22265766302056203,-0.1403625243997305,-1.5297012324484993,-0.6981975230039138,-0.44574914885919603,0.5613331283750005,-0.9078364110019601,-0.5232504869205703,-1.027006027092708,-1.4375436385994584,-0.6605917564372907,-0.25204582046005125,0.28107983401865216,-0.11907185116188586,-0.2180500878152647,-0.8201933388427017,0.6605917564372907,1.4375436385994576,-0.7317251853070371,-0.10937746679115769,-1.583144728454478,-1.710716824999284,-1.7743418009295742,-0.9701345517591269,-0.7910682597479163,-0.2086678343205727,-1.3484860293897554,-0.05424950115312168,0.5793409677244183,0.8809906005115491,0.6765972683164937,0.5415185108984673,0.01457113562891996,1.9536628810410333,1.6837875567381073,0.3169656261553086,1
-0.6376024649146498,-0.5916252045963298,-0.15484123025532542,-0.13478617003801185,1,0,0,1,0,0,0.3877838476404349,-0.5763091459991414,-0.1442422641769629,-0.4244925508029043,-0.37293064674018317,-0.11516521449124227,-0.8802449029045912,1.4107374768863596,0.29610533306308684,-1.511988397136904,-1.45582424311654,-0.2665927869656903,1.2316700749325002,-0.9797261994987391,2.1703320705661273,0.41708060331318014,-1.9609505010238364,-2.0753906311774672,-0.43576631093411766,0.06858695651968806,0.24507109024814827,0.2379095641047276,0.014339873345084308,0.09815382971202342,-0.13357219288669533,-0.06858695651968806,0.43576631093411694,-0.8152827261747027,2.5173462280910557,0.855014590045561,0.9638267773955896,0.017827623793410803,-0.37153966943728567,1.3294711944779316,1.784586258014483,0.20179139169817292,0.5563823275093027,0.6552175733882943,1.2185496076917033,1.0396528665781584,1.0238272737859035,0.6014499566897238,0.5337254978059351,0.6260729825722207,1.2139110595827887,0
-1.460010860346257,-0.12780541711001567,-0.8790386569529866,1.478524768348486,1,0,0,1,0,0,0.21111872958258027,-0.5204878264768181,0.29072590401389814,-0.5500595256083439,0.04200010795809691,0.024806099075919918,0.15678854194505923,0.7460553644479941,-0.5913753007567261,-0.21363905694003027,-0.39730971093376005,-0.38022278136791876,0.5360789006906456,0.9835630097157474,1.7623104760313069,-1.0327528239648105,0.6086488781377133,-0.440289083792871,-0.5252107151899527,0.002319067851812721,0.7647462861076375,0.7414595467783169,-0.22938714245768393,0.8921383918547162,0.08666548783324726,-0.002319067851812721,0.525210715189952,0.8001630639334981,1.4666567501381707,-0.30038180342274146,-0.7675202888890147,-0.5112890635057554,-0.11949971898598452,-0.22015379130249568,0.012804842605544792,-0.35630847989348147,0.6118943119331598,0.5793409677244183,-0.2594114507727547,-0.3347718982695729,0.025363519036474696,-0.5405845059150832,-0.5363722402842841,-0.5986491559356475,-0.20882997275045564,1
-0.6890029896291251,0.8513696898055362,-0.15484123025532542,0.5985369837740325,1,0,0,0,1,0,0.1858808555743153,-0.5146731056932429,-0.10586271992482811,-0.43664419352601136,-0.2199157164949712,-0.05837174221319244,-0.8973328248887628,2.3488509888832474,-0.9395889733008608,-0.8288249072170352,-1.7345595595198962,-0.06042182661456929,1.7137856255003416,-0.907815633880087,2.3289938448480876,-1.4519645546651854,-0.45506332776020453,-1.6472956102488654,-1.3673641829525736,1.2737269836114935,0.34068445160308963,-0.8907367894301387,-0.17463474759145828,0.6684559722471326,0.6467488357706154,-1.2737269836114935,1.367364182952573,-0.8431352397972577,2.2171492343902317,0.09991301006234013,-0.6770767854263857,-0.801449827508525,0.1010352376589052,0.2692014673650073,1.1755363964676604,-0.10826409251941274,0.16779843654230542,-0.9381911455531051,-0.47836864461934153,-0.4903671546674297,-0.21156008378542468,-0.0647368131630805,-1.3595243465075295,-1.0440026608476,-0.08511336124321738,1
-1.5114113850607322,0.6194597960623787,1.0038746524609323,0.3052077222492148,1,0,0,1,0,0,0.5644489656982895,-0.6088715823871633,-0.1826218084290977,-0.4152341563472037,-0.4979236551147728,-0.1473630885386406,0.29010412317215456,-0.05853147563913386,0.4159821689790318,0.48668398644467065,0.9010951626385656,0.02718631086986618,-0.9775079365612088,-0.38657771137381347,-0.21794516336232433,0.7284513322427862,0.19754572439533488,1.0280832770731048,-0.6392523306161405,0.6710815639820534,-0.7896607394867289,-0.137996393027233,0.1633617768458423,-0.46159570871152733,-0.1677446235465929,-0.6710815639820534,0.6392523306161398,-0.48105256270404034,-0.3720498362793791,-0.555114866549611,-0.12149526415595328,-0.03337721691295973,-0.24551969421163483,-1.647439962416047,-1.648240234340335,-0.17027518936292965,-0.8036612908751883,-0.2553016945782196,-0.39625969692687113,-0.2569742700706454,-0.4146374576327655,-0.2550758902638815,-0.7010026615289333,-0.48731077970765985,-0.3944048900113141,0
0.05630461873076867,-0.4370186087675581,0.27967722576327125,-0.13478617003801185,1,0,0,1,0,0,0.40040278464456736,-0.576890618077499,-0.2721740783507456,-0.38109382679180764,-0.5091721598535309,-0.14915185931905162,0.8938890152671106,-0.7719584792501758,0.021971262548221276,0.7767403090274232,0.7006183305593277,-0.14486321716095318,-0.710979717298694,1.1574632722010103,-1.2893999442946293,0.5274574308026506,0.9459604576447499,1.2064954585681351,0.22845561284398783,-0.4241556457943308,-0.08645077179069031,-0.2321553196310163,0.5000083982108843,-0.1113278494449911,0.26706984681914436,0.4241556457943308,-0.22845561284398855,0.6330479821981672,-1.3852146900196616,-1.11916664918768,-0.7158382869103699,-0.34060626115118536,-0.844114576533476,-1.1173050988595852,-1.3160312189511594,-1.0384305451721696,0.0012624832707351544,-0.1035484832504671,0.38833691435672935,0.5987996401175653,0.5161338391675497,0.15732544345452057,0.36909507656128593,0.18071947766026855,0.34789477903211874,1
0.030604356373531493,-1.158516055968491,-1.8929150543297122,0.3052077222492148,1,0,0,1,0,0,0.5770679027024219,-0.6141048310923812,0.35469181110078946,-0.5668403655593013,-0.11966686521562313,-0.03422333667764369,-0.7999781061086962,-0.7714556389322628,-0.3198139715038587,-0.1808062998001024,-0.36901617161334455,-0.3170551171169027,0.13967600799581867,-1.1560253015204862,-0.42045882098392956,-0.6470276066012401,-0.7143398378373795,-0.5412477657046214,-0.0632699944762795,-0.3696749546284684,-0.042697830078196795,0.6376406582269853,-0.2130039326525003,-0.4640695088222085,-0.04868400186051681,0.3696749546284684,0.06326999447627879,-1.0659553487776992,-0.3345252120667762,0.21818193222838655,-0.1602567656399366,-0.42594766232847037,0.7311351137871589,0.4323198869208419,0.5111183656893089,0.015758101167622184,0.16779843654230542,0.9587239960437993,0.8992370333320981,0.6376984542170299,0.39767203775660004,1.1724671879921262,1.0276167615398821,0.9044189231421907,1.0901944480755505,0
-0.38059984134227254,1.3924927752062353,-1.6032360836506476,0.5985369837740325,1,0,0,0,1,0,0.3751649106363024,-0.5739832576857113,-0.2849672597681238,-0.3764646295639574,-0.5100671663237657,-0.1504934374043599,-2.705493023947285,-0.46808337048033966,-1.892617037709613,-2.785337812731779,-2.3470842986726708,0.5988063909553794,3.853309399494965,-0.6853117814155608,0.34403854990616783,-2.5187321471636293,-1.6344405853154382,-1.1829898113895525,1.5427439112049275,-0.7133741297612541,3.077298451593173,0.9871093826476067,0.05618799129794718,2.1421283837794327,1.8963652384545078,0.7133741297612541,-1.5427439112049282,-0.20252742647848845,1.3165582532877582,2.720024516510143,0.5245297605771081,-0.20406001926752979,4.795279314814395,5.488990893151709,4.442258381127891,1.3800022317249987,3.331981548702142,1.2622304186993043,0.7623887871779818,0.6765972683164937,1.582290051866092,0.7600658542737248,-1.1948939252628807,-1.545025353873546,1.275769365336409,0
0.18480593051695732,-1.158516055968491,-0.4445202009343899,-2.6280848929989626,1,0,0,1,0,0,0.5013542806776271,-0.6018939174468729,0.21396681550962854,-0.5211270429342795,-0.1644299196576619,-0.060160512993603456,0.6730196194912847,0.48413044315837406,-1.8151157226699592,1.087477429453361,0.5896458842455273,-0.3912721550824867,-0.3536936007917046,-0.4716509162629527,0.4071454680627956,-1.1592982402285992,-0.4414568394907689,-0.80285178713197,-1.2379708116036303,0.6941558255444424,-1.4071182022534026,-0.25661483460629975,1.3163410704928276,-1.9068528942235932,-1.5503970357087848,-0.6941558255444424,1.2379708116036297,-0.7317251853070371,-0.18442671521636386,-1.4830710250832082,-1.7365578259886068,-1.7743418009295742,-0.5920746260821743,-0.7910682597479163,-0.319404172783631,-1.3484860293897554,-1.2477571662660425,0.04820472807728505,0.9813459810245673,1.5972025353371444,0.549980068142106,-0.6040308649486834,0.6160407084282594,1.127095675598167,0.40975308478573785,0
0.44180855408933456,-0.4370186087675581,1.0038746524609323,-0.13478617003801185,1,0,0,1,0,0,0.980873886834661,-0.6664373181445593,1.5188713200822117,-0.6993511362065163,0.15717511765605544,0.0279364479416392,-0.4609584821777447,1.873731320310773,-0.027639028323546488,-0.48799454717932605,-0.15185506299266555,1.0245079156361558,1.1290663649574904,-0.809885098072646,1.8870289205468544,-0.8051239983405333,-1.1086687296136917,-0.8633004779699662,-6.192842294857107e-4,1.3979208031972914,-0.168253656967394,-0.6813708926162801,-0.7712884948386171,-0.4400877837492623,-0.6454258697950889,-1.3979208031972914,6.192842294857107e-4,-0.8988402670423681,1.2415090048625523,-0.9008240236503626,-1.1292943027395286,-1.4329761962204342,-0.05648973137315825,0.5138790966987595,0.5664865349208381,-1.2244638357027204,-0.3040534310604773,-0.7864379342253526,-0.6060936743631827,-0.8793552956620708,-0.9731002357129547,-0.09645999267988113,-0.7833178721512579,-0.2089648391376897,-0.20882997275045564,1
1.6497208848795075,-0.5916252045963298,1.0038746524609323,-0.13478617003801185,1,0,0,1,0,0,1.48563136699996,-0.704233003237799,-0.1442422641769629,-0.4244925508029043,-0.794375994460296,-0.2135476074138483,-0.08486508577910025,1.154037949149478,0.3484328973055038,0.401755081974779,0.2425699665506163,0.6341125415032949,0.323104258459331,0.1849541489699917,1.5023282824830029,0.5530537022588418,0.5572279653543427,0.15664246822674088,0.9477123177844309,-0.07507566165750797,0.3028109740236357,-0.07895380868769179,0.07944619128663893,0.009792515201972263,-0.16242195437312887,0.07507566165750797,-0.9477123177844317,0.32667033235006016,1.6918044954137887,0.5911839175213025,0.8087807714596554,1.0248561576853752,-0.43454965705011084,1.166352774922097,0.7325910426154264,0.3258135853852078,0.7229182807808735,0.4275877563966659,1.5834782641026803,1.3897421934733356,1.3115202200696365,0.8235122133073248,0.8629863402952329,0.9044189231421907,1.5232025883508855,0
0.8787130141623758,-1.4677292476260335,-0.15484123025532542,-0.8681093238500562,1,0,0,1,0,0,0.11016723354952047,-0.49432158295072914,0.20117363409225028,-0.5153405463994666,0.055418055454218455,0.0180982086493786,-0.0584415967164876,-1.6339983245943894,1.0361220242565488,-0.059760500369697406,1.1214958970971483,1.03876586143886,-0.42235912860779584,1.0196797007642806,-0.7377743235393661,0.4197332403940743,0.6329505423983446,1.187339955157027,0.6912331826893887,0.7311960875261709,1.1001164053447168,1.5036278588290404,-0.9946220897753285,0.708355503632244,-0.29879322332966923,-0.7311960875261709,-0.6912331826893894,0.911573118423719,-0.7097714541928067,-0.09113678728281299,0.13691474573727128,0.39332978897346543,0.19555021907814235,-0.22015379130249568,-0.5408768497097485,0.2638024885416898,0.77843026520473,1.0851850054835932,-0.6091347464999407,-0.9874075570494714,-0.685407289429221,-0.32909664246974885,-0.6186874509066087,-0.35741600744167373,-0.5593603720209651,0
-0.7918040390580765,-0.6946962684821769,-1.8929150543297122,-0.13478617003801185,1,0,0,1,0,0,0.2742134146032426,-0.5390949329842593,0.17558727125749374,-0.5095540498646537,-0.06586302945294328,-0.020807555824561053,-0.3443523677716456,-1.2809481157087306,1.2587961548743758,-0.9893616090853266,-0.050766956806336444,0.07970450882395283,-0.21179012542107772,-1.500319603273046,-0.17007247667649028,0.32504258346588577,-1.8270019702100952,-1.4083328924359406,-0.648221895874381,0.7516060278018181,-1.020271320011241,1.587766615130088,-1.3941800642381192,-0.4750601736394143,-1.308963429499128,-0.7516060278018188,0.6482218958743803,-1.4001855122483615,-0.10937746679115769,0.17269388524144552,0.31780175266252825,-0.4600842227993849,-0.15100471279239655,0.5954383064766764,1.0648000580046022,0.07776919801113909,-0.8869292675109735,1.793366658346437,0.5981708917930423,-0.2699405414371327,-0.4315605721200442,0.728342674756924,0.9453015509175579,1.5724491805101195,0.40975308478573785,0
1.4698190483788447,0.6194597960623787,2.1625905351771904,0.3052077222492148,1,0,0,1,0,0,0.6023057767106869,-0.619338079797599,-0.1826218084290977,-0.4152341563472037,-0.5154787529982517,-0.1554125570504902,1.7244990045381456,3.7392210473747873,-0.8958257801780666,1.1279240946550049,-0.21148153209036274,0.8424269356311139,0.672510743719954,1.7306042619476991,4.830426226324064,-1.0690444089457212,1.1005448216544949,-0.4068080877853323,0.6912331826893902,0.4634132099205562,-0.668758457320467,-0.2931832813710347,0.15033731910402087,-0.43247127814675324,-0.12223256972327304,-0.46341320992055685,-0.6912331826893908,2.137083717816147,5.5193161650992995,1.127942871967207,0.31780175266252825,0.76883195415352,0.6051151385615076,1.247911984700014,0.954063719541543,0.38782468222872474,-0.7481493064513315,-0.482931511569848,-0.7064490548762022,-0.5292659687668935,-0.6515610604546642,-0.44541496736468245,-0.6186874509066087,-0.48731077970765985,-0.7036964187794109,0
-1.460010860346257,-0.5916252045963298,-0.8790386569529866,-0.13478617003801185,1,0,0,1,0,0,0.21111872958258027,-0.5204878264768181,-0.1442422641769629,-0.4244925508029043,-0.2703247421802981,-0.07223471576137783,0.3380673770593539,1.0316010763079173,-0.8938756124729419,0.18818116641755855,-0.5295038381647984,-0.6634319712271901,0.3908363256217623,0.9388823778575703,1.174525592847385,-1.0907422609676924,0.5779520390716485,-0.6872350330875042,-0.7858772647355247,-0.12541857881077315,0.4680292921682175,-0.23929089669600348,0.12586712577090162,0.3188667332252042,0.01742967221131968,0.12541857881077315,0.785877264735524,0.6330479821981672,0.7804921931077146,-0.646090960523493,-1.0628460144812713,-0.8136414562481374,-0.5155624982666008,-0.33666694812809167,0.012804842605544792,-0.6575052359905647,0.8616982418405155,0.19995793940503753,1.4283835851280149,1.2860120225414318,1.3622895635314727,0.6014499566897238,0.5337254978059351,0.514734606344233,1.3994859768436472,0
0.6217103905899984,-0.6946962684821769,0.27967722576327125,-0.13478617003801185,1,0,0,1,0,0,-0.16744938054139394,-0.41989315692096474,0.17558727125749374,-0.5095540498646537,0.2679130466293209,0.07086694667150364,0.5650949808883612,-1.114285620550191,1.010537582067083,0.06814577461898384,1.102546163861539,0.3748015840452599,-1.4111181134549822,-0.37203698306235067,-0.4636586952465085,0.1156950874742487,-0.2746538669600405,0.29838177466598775,-0.11207882534413707,0.622343072722724,-1.1575132967601696,1.0649088813249912,-1.2651763225751773,-0.3644026180919103,-1.1420522836209377,-0.622343072722724,0.11207882534413637,-0.5646101035717058,-0.7097714541928067,-1.028190555213798,-0.8192022908676594,-0.8697229484503528,-0.40304466324369825,-0.8726274695258333,-0.9284540343304539,-1.0384305451721696,-1.0257092285706153,1.2622304186993043,0.589047675382767,-0.2051091846046925,-0.33002188519637315,0.6966194952401235,1.0276167615398821,1.5724491805101195,0.2860364732784985,1
0.05630461873076867,1.3924927752062353,0.27967722576327125,0.5985369837740325,1,0,0,0,1,0,0.40040278464456736,-0.576890618077499,-0.2849672597681238,-0.3764646295639574,-0.5236403720922742,-0.15272940087987366,-1.802292126162532,-1.81107253545234,0.11374832339515131,-1.0298290517763349,-0.5389276363367477,-0.8348517054671767,0.38733617372993356,0.8890642053686952,-1.1970222402317847,0.25685141179630416,0.7020015267512463,1.15113643407177,-0.22109974072011698,-0.9193541232206256,3.394473552564252,1.286603289004908,0.10261312952700043,2.0873253070549835,1.8244929990829062,0.9193541232206256,0.22109974072011698,0.577342954953057,-1.2351161931692491,-0.6824813981130464,-0.4574282770171454,-0.1699234587966153,-0.18250970659880966,-1.4435419379712537,-1.5375038958772762,-0.6663639641110671,3.4430055175498557,1.413983630027056,0.44307621281837667,0.4302381123532211,1.294597105582359,0.4428340591057229,-1.1948939252628807,-1.6006945419875402,0.904619530814692,0
-0.5862019402001745,-1.158516055968491,-0.15484123025532542,-2.6280848929989626,1,0,0,1,0,0,-0.1295925695289965,-0.4291967101746853,0.21396681550962854,-0.5211270429342795,0.2556084424433621,0.07265571745191467,1.3612422379857683,-0.12787835651779403,-0.749041662779003,1.5799766984200578,1.119722291557198,0.28422064885919446,-0.7279918781711272,0.49540386099141653,-0.5844280315075377,0.2426418414908844,0.20931342217920046,0.03081641064484531,-0.12752713319093578,0.5141229242844115,-1.397838767492374,-0.4099501148336048,1.2677966964714917,-1.9268949815419416,-1.425607591436934,-0.5141229242844115,0.1275271331909351,0.7166055230658329,-0.3345252120667762,0.8368193712507843,0.8475422729436388,0.9053781960371756,0.19555021907814235,0.35076067714292497,0.4557501964577793,1.13195784435093,-1.2755131584779709,-0.2553016945782196,0.4704458620491997,1.0915179520441112,0.12690220596014448,-0.6992004034990842,0.5337254978059351,0.9044189231421907,0.038603250264021984,0
-1.1516077120594044,0.6194597960623787,-2.617112481027373,0.3052077222492148,1,0,0,1,0,0,0.22373766658671274,-0.5263025472603935,-0.1826218084290977,-0.4152341563472037,-0.3144529887936298,-0.08386172583404945,-0.9862352148871618,0.191912557759786,0.9087635940900917,-1.2577078538622921,-1.1191111344014582,0.43577972010705324,1.1498842867058103,-1.5190243728713952,-0.33886071220798886,1.2600075008765204,-1.569864076906076,-0.949017982026219,-0.2548898489945435,0.8471482119907131,-0.14640718132723013,-0.6028692309891549,0.02387574683898455,0.14243182413798386,0.5283679361832112,-0.8471482119907131,0.25488984899454276,-1.4001855122483615,-0.18442671521636386,0.47291499535525605,1.093031782342202,0.3079883877961804,-0.49755964466293656,0.4323198869208419,0.6218547041523672,0.139780294854656,-0.4150773999081907,-0.8623145398892288,-1.1717330918001976,-0.9830854665939747,-0.8715615487892844,-0.5088613263982832,-1.4418395571298541,-1.32234860141757,-0.9511296417938885,0
0.05630461873076867,0.7225308599482267,1.7280720791585935,-1.6014324776621007,1,0,0,0,1,0,0.6527815247272168,-0.6286416330513195,0.5849690766135982,-0.6090817902634353,-0.03980127458619524,-0.012758087312711469,-0.0494411699036884,0.5873258493860417,-0.8166978436274839,-0.3787681028554131,-1.0253964898481642,-2.0943341266780244,-0.26960442512011024,-0.762360840204609,0.07651471254415075,-0.8495132002528419,-0.8447870217330797,-1.7794862023946925,-2.104772194525814,-0.7689345227338477,-0.6929928186260671,-0.7294724009662348,0.2627744722650954,-0.32598507889429135,-0.40425627116755786,0.7689345227338477,2.1047721945258133,-0.8709877534198129,-0.25947596364157,-0.973604898829468,-1.2068173057074962,-1.4159079159849774,-1.0016395455655394,-1.0357458890816678,-0.1532996650890431,-1.2244638357027204,-0.7759052986632599,-0.8623145398892288,-0.7520651369275744,-0.5162996974004062,-0.6007917169928287,-0.8895394805998851,0.6983559190505837,0.3477270420022505,-0.8892713360402683,0
0.08200488108800677,0.6452275620338409,-0.15484123025532542,0.5985369837740325,1,0,0,1,0,0,0.526592154685892,-0.6059642219953757,-0.5664172509504457,-0.09581954762553238,-1.0294157917080202,-0.3919774927598474,-0.208944674650166,-0.8061295782089978,-0.2301871450493544,-1.0113661890820933,-0.9155514772521173,-0.6358679106379325,1.0567835921747037,-0.5051037796494866,0.23065587091340214,-1.713909379426946,-1.7676598055101378,-2.0243479315607673,-1.4375436385994584,0.5584902876836534,-0.2141510887910799,1.3375041328570512,-1.407640098936164,-0.38649073097760567,-0.7861199873701011,-0.5584902876836534,1.4375436385994576,-0.6481676444393714,-0.10937746679115769,-0.9008240236503626,-1.5427503185686884,-1.9962294439905155,0.006520256239666901,0.18764225758709038,1.1201682272361313,-0.9144083514851348,0.0012624832707351544,1.717490052682561,0.9539763317937442,-0.010615114107371936,-0.1607907403235886,1.5214221626769286,0.36909507656128593,0.7374113588002092,0.6571863078002155,0
0.13340540580248203,0.49062096620506923,-0.4445202009343899,-0.13478617003801185,1,0,0,1,0,0,0.45087853266109723,-0.5937533083498675,-0.7071422465416066,0.1992917756499248,-1.420056647234133,-0.6106547206650944,0.45965735475805464,0.7793228326418257,-0.5067436531552176,0.4668796138450503,-0.23736398199303152,-0.45650667834213143,0.7663283653883938,-0.1938603774487026,0.4271445686960072,-0.3103271268296415,0.165863461131082,-0.5601471339632055,-0.8856385367838302,0.2557448558590603,-0.8328677460513242,-0.6417409931996019,0.3808867152462858,-0.46625686892006946,-0.23828985080089254,-0.2557448558590603,0.8856385367838302,-0.17467491285593337,0.41596727218528484,0.06352257247278678,-0.10857476366129187,-0.03337721691295973,-0.34003467563087314,0.10608304780917345,0.6218547041523672,0.015758101167622184,-0.8036612908751883,-0.6346847228976005,-0.13168642102891215,0.08014878545804377,-0.11002139686175369,-0.3185222492974822,-0.5363722402842841,-0.48731077970765985,-0.20882997275045564,1
0.5189093411610479,-0.23087648099586283,-0.15484123025532542,1.478524768348486,1,0,0,1,0,0,0.1480240445619179,-0.5024621920477346,-0.4001058925245282,-0.2520549540654803,-0.5202732181652703,-0.1916351653538133,-0.06595421234141248,0.2357822961327554,-1.0120735001522665,-0.781011217628421,-1.115694177452797,-0.6714800445233715,0.7379346027437572,0.3780570720889713,0.432678382075592,-0.3328138437864434,0.011491683222244736,-0.16111382536365876,-0.6135009981005504,-0.30735587342307225,0.4694611096849747,0.10982910383691977,1.0490925628104657,1.0664907247436013,1.2931607806814949,0.30735587342307225,0.6135009981005497,0.24311279148239442,0.26586877533487285,-0.3458698504096825,-0.4574282770171454,-0.42594766232847037,-0.11949971898598452,-0.6279498401920818,-0.4301405112466897,-0.4183195767369984,0.5841383197212315,0.27583454506891375,0.5160619441005718,1.0137203238451828,1.446905135967865,-0.2233527107470814,-0.7833178721512579,-0.9883334727336057,0.6571863078002155,0
-0.09789695541265715,1.2636539453489257,-1.168717627632051,1.0385308760612593,1,0,0,0,1,0,0.9051602648098662,-0.662948485674414,7.8387029402670745,-0.8000361759122606,1.0385461815396444,0.10843113306013503,-1.7465194712080407,-1.1010048394365095,-1.112002147691254,-0.46760851543773047,-0.8503815588178896,-1.0230271100662056,0.7393534342029539,-0.5742439861436291,6.040584643110029e-4,-2.7339263045525817,0.16246571536191592,-1.3735995603949573,-0.03255093654881916,-1.3630033399023458,1.854800014868454,1.5117688274341798,-1.2271880890412379,0.7928071590517601,-0.23551494654396446,1.3630033399023458,0.03255093654881845,-0.3974950218363748,0.26586877533487285,0.8277217618533966,-0.8708842928463041,-0.767313267037611,1.7707999093987767,1.4925896140337656,1.6738499195514247,0.07776919801113909,1.8609139614699375,1.5657368413548085,0.3062279666642602,-0.39960325510201306,-0.07617516788719629,0.5697267771729232,1.1099319721622063,0.45906541823023866,-0.332546584257695,1
-0.14929748012713334,-1.3131226517972627,-0.8790386569529866,0.3052077222492148,1,0,0,0,1,0,1.2332526269173105,-0.6809741201034976,-0.041896812837936774,-0.4557396320908939,-0.6307278175721257,-0.17151149407418936,-1.0062736841729158,0.15807867064668457,-0.33867510841339943,-1.274530205393902,-1.805321782450589,-1.3061455592039808,1.2405326335650635,-1.0331693353582465,0.31875440105784064,-0.7257915040079898,-1.2308876258952393,-1.5138800029963089,-0.3364521793121226,-1.4477375847033576,0.3669174268328916,0.10235322510999785,-0.266370247577806,0.5012809820272767,0.8689975644698699,1.4477375847033576,0.33645217931212196,-0.7595776989295921,0.9413120111617277,1.7799382121133638,1.0413497803635572,0.4217769226992267,1.3297299961089997,1.1391663716627913,1.4892893554463265,0.9665949194348847,0.9449662184763004,0.8069707847160468,2.094378383078048,1.5972025353371444,1.7515211967388769,2.409671189147334,0.6160407084282594,-0.04195727479570725,1.708777505611744,0
-0.894605088487027,0.3617821363477598,1.0038746524609323,0.3052077222492148,1,0,0,1,0,0,-0.7479204827314877,0.48255150868992835,0.41865771818768077,-0.5807279572428522,1.7392301616702532,0.8199147109686176,-0.3568878277453675,-1.1645797993859914,-0.7455400665176773,0.6641338862722238,0.5591362440842799,-0.4613371503953851,-1.0224644742149698,0.9002767441906371,-0.8735928288422327,-0.3262044296145964,0.9884563319430704,0.5752407218602741,0.004530982273630621,-0.6337026228571581,1.3958071272508994,0.7232762041664419,0.691374253942334,0.08293434445081592,-0.16529389817176096,0.6337026228571581,-0.00453098227363133,0.8837206048011639,-0.7848207026180125,0.13630344765189217,-0.05689276168264715,0.3421249482670949,0.2270552128845555,-0.38327221085833024,-0.4301405112466897,0.6978801664463103,1.7036300056023432,1.0851850054835932,0.9874281252980858,1.2384690275309755,1.2043404949835397,-0.2762246766084149,1.3020007969476304,1.0343136954081773,0.6778057430514218,1
0.72451144001895,0.6452275620338409,-1.6032360836506476,0.5985369837740325,0,1,0,1,0,0,0.5896868397065544,-0.6146863031707387,-0.5664172509504457,-0.09581954762553238,-1.0592071721746237,-0.3986853831863887,-0.23277800653989783,-1.5730921832841074,1.294664049591893,-0.19727326253395952,0.2484013180575915,1.422083705779764,0.5680643145742273,-0.6577556664208802,-0.944705619114013,0.37427357941054823,-0.5837971681854042,-0.31678924840119255,0.6312676384277316,1.3134690058789504,-0.33353822725044174,1.2127330392006195,-1.3937402747933147,-0.3123798279179447,-0.63221692220873,-1.3134690058789504,-0.6312676384277323,-0.7874302125521474,-1.0850176963188372,-0.982702508226857,-0.6641562849317252,-0.8355863879794388,-0.8756195703398886,0.35076067714292497,0.06817301183707392,-1.0384305451721696,-0.16527347000083534,1.4898602356909325,0.7532655707677065,-0.1532440991387405,-0.2623294272472596,1.4579758036433286,-0.37174181903963527,0.29205785388825667,0.7809029193074537,1
-0.2263982671988458,0.0783367106616796,1.4383931084795292,-0.8681093238500562,1,0,0,1,0,0,-0.38197130961164594,-0.2559180308241401,-0.6559695208720935,0.09802808629069931,-0.5451168139911332,-0.2725770431674119,1.2420564088348156,-0.1463155415431861,1.2086321704646672,1.1494450324857524,1.301648011244222,1.247494428564181,-0.8969472219349696,0.8641895369045223,0.23219320999420734,0.8932906853754073,1.3347971147017006,1.6624179644552846,0.12355936367902995,1.5788889403080233,-0.8636216686499024,0.4334287331539147,-0.7545696762655874,-0.22926411286243556,-0.0691785851963092,-1.578888940308024,-0.12355936367903066,0.8558680911786088,0.26586877533487285,0.15449866644666885,0.6020527635450756,1.1614023995690306,-0.18250970659880966,-1.1988643086375024,-1.3713993881826885,0.5118468759157585,-0.8036612908751883,0.4275877563966659,0.06902433999712428,-0.3347718982695729,-0.39771434314548676,0.8235122133073248,-0.7010026615289333,0.013711913318286572,0.7809029193074537,0
0.72451144001895,-1.2873548858258006,-1.6032360836506476,-0.13478617003801185,0,1,0,1,0,0,0.5896868397065544,-0.6146863031707387,-0.7966945164632545,0.6824642363068008,-2.0637751777513835,-1.0001595580995937,-0.707261720104277,-0.9967774783727097,0.5333076821426184,-1.165312225838989,-0.8298770963196349,-0.15488318626636377,0.45842838888173226,-0.6554068955841952,-0.7107287512070409,0.24947163995100902,-0.2613944891754036,-0.07832363130893433,0.4407888507730546,-0.6484112087471453,0.32858979082036804,0.6561159101558298,-0.4783545282045438,1.3150673364908974,1.0024130877317339,0.6484112087471453,-0.4407888507730553,-0.7595776989295921,-0.8598699510432187,-0.8280431484712572,-0.5866332819637576,-0.6478353053894121,-0.6865896075014126,0.10608304780917345,-0.09793149585751397,-0.790386157798101,0.16779843654230542,0.4275877563966659,-0.44187577897824326,-0.6070635969658218,-0.093098282374475,0.12560226393772106,0.03983423407198747,-0.26463402725168356,0.038603250264021984,0
-0.6633027272718879,0.0783367106616796,1.0038746524609323,-0.8681093238500562,1,0,0,1,0,0,-0.07911682151246661,-0.45071117707391406,-0.6559695208720935,0.09802808629069931,-0.8813816535575657,-0.4223865960268347,1.7013254886444384,0.17300924850965504,-0.17725573526517327,0.5256248437991775,-0.06385920599144719,0.7087372194631942,0.08295981175618881,1.4355107521564747,0.48540366857417694,-1.170333268273228,0.3738666837519269,-0.044085948067300554,-0.7896550408158974,1.7498032920237159,-0.931389077366969,0.24880611627092608,-0.933757539894694,-0.33936544968921206,0.03997874770093058,-1.7498032920237159,0.7896550408158968,1.6357384726101538,0.7161642658861095,0.7003552302899613,-0.06981326217730856,0.08610074473523979,1.3297299961089997,-0.38327221085833024,-0.04256332662598434,0.6358690696027934,-0.8036612908751883,0.4275877563966659,0.5525548097416701,-0.0495139282068366,-0.1777138548108673,1.5848685217105287,-0.7010026615289333,0.1250502895462747,1.275769365336409,1
-0.020796168340944693,0.3617821363477598,1.0038746524609323,0.5985369837740325,1,0,0,1,0,0,-0.6469689866984278,0.09877993697395579,-0.7327286093763631,0.3011341146626316,-0.27820839517963436,-0.15675413513579844,-0.23624783094811314,-0.35240069723081274,-0.22993178064438788,1.3437515369833961,1.1663373373471047,-0.9309873234054832,-1.6389236714900508,-1.2423273108405346,-0.7542245791698535,0.8440264476419969,0.28169959678247075,0.7646828885323079,-1.4375436385994584,0.15598260733932334,-0.9128104512524609,-0.2718846100312968,1.162489629181026,-1.5359931367802104,-0.7697316538434795,-0.15598260733932334,1.4375436385994576,-1.2330704305130304,-0.8598699510432187,-0.6733837887156574,-0.173177266134598,-0.05044549714841698,-0.7180946013078251,-1.3619827281933365,-0.983822203561983,-0.17027518936292965,-0.7203933142394032,0.04820472807728505,1.0360852794862145,1.5583037212376798,0.7022880985276131,0.09387908442092041,1.5215080252738291,1.795125932966095,0.8427612250610729,0
-1.460010860346257,0.3617821363477598,-0.8790386569529866,0.5985369837740325,1,0,0,1,0,0,-0.40720918361991093,-0.2239370665144757,-0.7327286093763631,0.3011341146626316,-0.8168833888562058,-0.4049460809178273,-0.24915474753732056,-0.3969598678973429,0.6658117499510695,0.02339592782421824,0.3015317085245354,-0.21236733499063704,-0.8963836780211266,-1.0944870827853515,-0.8944295910532227,2.1069522343091958,-1.1410709486278683,-0.00849232582430755,-0.34274413050805214,0.05028573960672956,-0.7471428556215145,-0.35118005295840404,1.207096834773107,-1.1630728090333124,-0.4002970921585966,-0.05028573960672956,0.34274413050805214,-0.9266927806649233,-0.6347222057676005,0.9277954652246664,2.0103873174631492,1.3150169216881435,-0.40304466324369825,-0.13859458152457876,0.012804842605544792,0.6358690696027934,-0.5816133531797613,-0.1035484832504671,0.7988816528190786,1.3638096507403592,0.7192112130148905,-0.033013633646279864,1.1922471827845313,1.3497724280541432,0.7190446135538346,0
1.2642169495209417,1.3924927752062353,-0.15484123025532542,0.5985369837740325,1,0,0,0,1,0,-0.43244705762817587,-0.18032666063766065,-0.24658771551598904,-0.35621189169211226,0.2556084424433628,0.1366042728516086,-2.2230400161102857,-1.4620264951666522,-0.2713979118405048,-1.1340424195778076,-1.40396176152312,-0.5854231409472475,1.4625740312949558,0.3173631292232122,-0.6450567669108724,-0.36793400662899756,0.5945324702216109,0.12401374278946418,0.13830413819877924,-0.9356157016516281,3.408296756539607,1.3604735388091977,0.0012718441280250635,2.1215463668585905,1.9462943328794042,0.9356157016516281,-0.13830413819877996,0.605195468575612,-0.3345252120667762,1.091552434377654,0.705416767502365,0.9395147565080901,0.7941451013999841,0.4323198869208419,0.40038202722625016,1.13195784435093,3.6650534552452823,1.6416134470186852,0.7532655707677065,0.6376984542170299,1.5315207084042572,0.886958572340925,-1.3595243465075295,-1.7677021063295222,1.275769365336409,1
-1.0488066626304537,-0.6431607365392533,-0.8790386569529866,-0.13478617003801185,1,0,0,1,0,0,0.22373766658671274,-0.5286284355738237,0.35469181110078946,-0.5685763145197452,0.06970767168789749,0.03285556758776951,-0.21077195927307354,-1.7332290358019342,1.668809091301671,0.46571229906805256,1.1898863168589398,0.6601254455254608,-0.7546606443248444,-1.1723013453001845,0.17292171413531285,2.6637163550070326,-1.16633824193197,-0.5422478089637018,0.18032674558006484,0.7214865042882422,-0.878266151290947,2.552140422679042,0.3954601157112169,-1.7856683062283936,-2.0763099332278685,-0.721486504288243,-0.18032674558006553,-1.0071555977967495,0.4826777152299126,0.9409364565764494,2.3477559414904152,1.5975917833640434,-1.4707138977943506,0.7766809948720481,0.7510470990259361,0.484286388429751,-0.6926373220274746,3.007392348968456,0.9722227646142934,1.0526191379446466,0.1607484349347019,-0.4771381468814831,1.1922471827845313,1.8507951210800897,0.5334696962929761,0
-1.6142124344896835,0.5936920300909173,-0.15484123025532542,-0.8681093238500562,1,0,0,1,0,0,2.179672902227246,-0.7431916324877538,-0.6431763394547153,0.08934834148847998,-1.7512912096432647,-0.640616631236979,0.1309705852556428,0.5239379846138599,-0.05413593556295726,0.7004759193801241,0.20839367806946138,-0.04584249324365427,-0.5568421578982272,0.014462547038395336,1.0185045436842601,-1.3234740162170486,1.0100021373700234,0.36618874774147187,-0.16027754582615011,0.0964376253461319,-0.16766698038174302,0.30119416661563464,-1.2559581134714382,0.05520305415695335,0.08659005154127929,-0.0964376253461319,0.16027754582614942,-0.20252742647848845,0.5660657690356972,-0.8280431484712572,-1.3101813096647865,-0.9209277891567239,0.19555021907814235,-1.0357458890816678,-1.0945585420250417,-0.728375060954584,-0.026493508941193386,0.5034643620605421,0.6164173246135901,-0.17917664187171697,-0.14386762583630988,1.7117612397777302,0.12214944469431245,0.18071947766026855,0.5334696962929761,0
-1.2030082367738797,0.6452275620338409,0.27967722576327125,-0.4281154315628296,1,0,0,1,0,0,-0.2810198135785862,-0.34197589842105514,-0.4896581624461761,-0.16236425777588057,-0.28573164457979494,-0.13752484924638,0.4222515995394945,1.670224731068454,-0.7197896846636962,1.457123797654933,1.368407658169304,1.8067582583058959,0.24777649546869654,0.8326669720188792,1.0326249254256337,-0.7693141371499808,1.1607139581595662,1.1891740550759766,2.2267443324715086,0.2557448558590603,0.2448398995223207,-1.257974878320453,0.2108900965692696,-0.8175361529166074,-0.617999963872938,-0.2557448558590603,-2.226744332471509,0.4102278732177254,0.491016520610491,-1.019092945816409,-1.2068173057074962,-0.767313267037611,0.16404522527173035,0.4323198869208419,-0.4855086804782194,-1.2864749325462383,0.11228645211844858,-1.2416975682086098,-0.378013264106322,-0.21807545597118072,-0.5161761445564365,-0.44541496736468245,-0.5363722402842841,-0.48731077970765985,-0.7036964187794109,1
0.030604356373531493,-1.0039094601397194,-1.8929150543297122,-0.13478617003801185,1,0,0,1,0,0,0.6023057767106869,-0.6170121914841689,-0.5408308881156891,-0.13343177510181614,-1.01011879992097,-0.3714066287851207,-1.0629228628261427,-1.1770208595479352,1.0666095785457086,-0.8417963754281714,-0.47925367872387314,0.3605397068650288,0.5545435371148998,-1.1703185876242106,-0.4607191182107082,-0.43784605102947954,-0.8019684804543389,-0.8281035477794947,-0.042827790168833695,0.5342092397142506,0.3086515718603058,1.1539597694109769,-1.898084081076816,0.3419943778268802,-0.18542868287701444,-0.5342092397142506,0.04282779016883299,-1.0938078624002545,-0.40957446049198204,0.08171779126756346,-0.1602567656399366,-0.4600842227993849,0.2270552128845555,0.8401159358104279,0.954063719541543,-0.17027518936292965,0.5286263352973745,1.4898602356909325,0.8809906005115491,-0.3477381696360611,-0.194636969298146,2.092439393979332,0.6160407084282594,1.0157572993701793,1.275769365336409,1
-0.7661037767008384,-0.05050211919562982,0.5693561964423357,1.478524768348486,1,0,0,1,0,0,-0.44506599463230834,-0.1745119398540853,0.29072590401389814,-0.5558460221431568,0.6903066067971025,0.29535767961308645,-1.5684050327782362,-1.3827237878651537,0.30777550428082473,-1.574042165454668,-1.0687587515370678,0.48009570185484807,1.8375871628054934,-0.9200726489821909,-0.201471603928156,-0.37242342116496674,-0.6846222981672817,-0.9476171029024799,-0.13124877099039398,0.7849642097577141,1.261579627312187,1.6960019627933511,-0.7949890467852877,1.4475696652293721,0.4642750582083031,-0.7849642097577141,0.13124877099039328,-0.8988402670423681,-0.25947596364157,-0.2276009282436361,-0.37990527404917784,-0.6136987449184976,-0.24551969421163483,0.8401159358104279,1.009431888773073,-0.6043528672675491,1.7776459848341521,2.400379503657447,1.5196157492307591,0.7932937106148858,1.396135792506029,1.267636726542527,-0.7010026615289333,-0.4316415915936655,1.5850608941045057,0
0.5703098658755232,1.1348151154916164,-1.168717627632051,-0.4281154315628296,0,1,0,1,0,0,0.6906383357396142,-0.6373637142266826,0.022069094248954552,-0.46615532585355707,-0.3810437502635498,-0.12992257342963318,0.4794660204181388,-0.49447526747479553,-0.2935926841158481,-0.6860841076606061,-0.13214850558446611,-0.8288999840425211,0.23213656769332902,0.009884851530724019,-1.259912182230546,0.038905249028089985,-0.5911590030729726,-0.08633970496303194,-0.3471945350124867,-0.7861774033115495,-0.6568323457086198,-0.5834695433310544,0.4404470578648217,0.34067221894674954,0.08750561212397565,0.7861774033115495,0.347194535012486,0.1317027369921738,-1.0850176963188372,0.5184030423421971,0.459927258103802,0.18851042614798086,0.6996301199807459,0.4323198869208419,0.6772228733838963,0.9459245538203791,-0.7759052986632599,-0.7864379342253526,-0.934529465133063,-0.5940973255993336,-0.4315605721200442,-1.175048096251087,-0.28942660841731066,-0.6543183440496418,-1.136704559054746,1
1.0329145883058024,0.2587110724619126,0.27967722576327125,-0.4281154315628296,1,0,0,0,1,0,-0.05387894750420167,-0.45187412123062914,0.2267599969270068,-0.5245989408551672,0.1963975728950433,0.05789835851352376,0.35559998015359173,-1.0507627977480436,0.5110121912193946,-0.6495507099754602,-0.4774300451690749,-1.288130893562662,-0.44100816780006913,0.1602468059011635,-1.0662532998739782,0.007509761417090184,-1.0443132830728308,-0.692130325521095,-1.9484500757087815,0.17559215780023885,-0.3343537083409487,0.37405576698650567,-0.6910241984211084,-0.15802207138628713,-0.05504810931741839,-0.17559215780023885,1.9484500757087815,-0.09111737198826762,-1.1600669447440433,-0.8644335860608106,-0.7287587874050313,-1.05747403104038,-0.5290646384693491,-1.6066603575270884,-1.0945585420250417,-1.1624527388592034,-0.6093693453916895,-0.17942508891434333,-1.3998135020570583,-1.4758037785205207,-1.430024326869473,-0.44541496736468245,-0.7010026615289333,-0.7099875321636356,-1.3841377820692236,0
-1.3829100732745436,-0.02473435322416849,-0.8790386569529866,-0.4281154315628296,1,0,0,1,0,0,-0.7100636717190902,0.3255540475333941,-0.34893316685501513,-0.30991991941360914,0.9012659350619028,0.48988650198278466,-0.5814522138004231,-0.5932963447608763,0.33761506067559566,-1.7396821462995677,-0.6288685853938534,-0.10690963076610997,0.7840187937984235,-0.9848055057994359,-0.2687765644247182,-0.40806686718552715,-1.2942511110575956,-0.7400190558497285,-1.195024760224781,1.0393990221288592,-0.17548260037972505,0.5450633906384061,-0.8715989458178292,1.066841097852758,0.09507538544255877,-1.0393990221288592,1.1950247602247803,-0.8988402670423681,-0.18442671521636386,0.23637715102316323,-0.018131260198663828,-0.5283573437412127,0.7626401075935709,-0.13859458152457876,0.5111183656893089,0.38782468222872474,-0.3040534310604773,0.27583454506891375,-0.5787240251323598,-0.9052878383950472,-0.48232991558187904,-0.28679906978068154,-1.1948939252628807,-0.9326642846196119,-0.5181215015185524,1
-0.5091011531284612,0.0783367106616796,-0.15484123025532542,-0.8681093238500562,1,0,0,1,0,0,2.2806243982603056,-0.7460989928795414,-0.6687627022894718,0.10670783109291863,-1.8553568812845345,-0.6562683755655754,0.15170467973245022,-0.38624022302573585,0.39398146807193135,-0.06109617884287974,-0.8214942380983963,1.2843517034283172,1.2574609801929515,-0.765133976062865,-0.09486038689799796,-0.5228708700123142,-0.6142735814296295,-1.2914151851796178,-0.37315522795503414,2.1217933516402216,-0.975461903652709,0.4350977742873397,-1.0640206641995413,-0.5265661722525662,-0.19283283175662502,-2.1217933516402208,0.3731552279550334,-0.7317251853070371,-0.10937746679115769,-0.054746349693259644,-0.3153027715758717,-0.5283573437412127,-0.37153966943728567,0.5138790966987595,0.7879592118469556,-0.6043528672675491,-0.859173275299045,0.5793409677244183,0.4613226456389258,-0.1921429132382052,-0.38079122865820925,1.5214221626769286,-0.9479482933959068,0.013711913318286572,1.1520527538291696,0
-1.5628119097752085,-0.3854830768246345,-0.4445202009343899,-0.4281154315628296,1,0,0,1,0,0,0.1858808555743153,-0.5117657453014551,-0.3745195296897717,-0.303554773225315,-0.5095255972619959,-0.15899009861131222,0.3580188449336294,0.8429079112849169,1.4782958790851282,-0.14861545396778975,0.01692921589967998,0.5284425025783916,0.02156177937104955,-0.0035853138843934163,1.2910851778215913,1.4736012503657219,-0.2590983530224526,-0.140989850160023,-0.46991781074089073,1.1867913099014362,-0.5014163224140326,0.1364632275120098,-0.5400528468597452,-0.05614760119672592,-0.1596579570278573,-1.1867913099014362,0.46991781074089,-0.06326485836571254,1.0914105080121401,-0.20940570944885942,0.5632912620610914,0.4274663494443799,-1.3796994712424915,-0.38327221085833024,-0.2086678343205727,-0.10826409251941274,-0.7203933142394032,-0.3311783002420958,-1.317704554364588,-1.3461410648556402,-1.277716296483967,-0.635754044465484,-0.9479482933959068,-0.5429799678216537,-0.76555472453303,0
-0.6376024649146498,0.5936920300909173,-0.15484123025532542,-0.8681093238500562,1,0,0,1,0,0,0.36254597363216995,-0.5739832576857113,-0.6431763394547153,0.08934834148847998,-1.1439734853772594,-0.5104835569620774,-0.6339356777725846,1.57313054712927,1.1222279233672996,-1.1819323505164563,-1.3233728536098954,-0.1360655574168107,0.8609850932154955,-0.9130489889005763,2.3486840012929524,0.22354396429988888,-1.6529247521174522,-1.8164810109291076,-0.5609884768922861,0.37080434932556694,-0.030804799933173192,0.19368902776618124,-1.3094830404774183,-0.04229753596977426,-0.05299063467601843,-0.37080434932556694,0.5609884768922854,-0.7038726716844818,2.892592470217086,1.1643333095567605,1.1188727833315248,0.2909201075607231,0.006520256239666901,1.247911984700014,1.784586258014483,0.8219023601333442,0.029018475482663446,0.27583454506891375,0.2788583174334372,-0.46443461193445323,-0.44848368660732285,1.3945294446097283,0.03983423407198747,0.23638866577426285,0.22417816752487937,0
-1.2030082367738797,0.026801178718756015,0.27967722576327125,-1.8947617391869185,1,0,0,1,0,0,-0.2810198135785862,-0.34197589842105514,0.5977622580309765,-0.6113963888773605,0.6153856798947352,0.2094966821533576,1.4925029452426062,1.6004978425524965,-0.12669278020658808,1.589313953800478,1.556194159468674,1.4912597897708737,-0.8742159752767735,0.8813524139617476,1.5653430248197224,-0.5623357470208797,1.3793588018320737,1.3260823095050802,2.5907571155317455,-0.5355808722489565,-1.1947247295380328,-0.6286072380724074,-0.39189991952761366,-0.7793120414261995,-0.7284673491667158,0.5355808722489565,-2.5907571155317455,0.4659329004628361,0.9413120111617277,-0.973604898829468,-1.077612300760884,-0.5624939042121272,0.006520256239666901,0.8401159358104279,-0.26403600355210183,-1.2864749325462383,-1.1089772052064004,-0.5588081172337243,0.12376363845877164,-0.10137901367278856,-0.39771434314548676,0.28421816152172197,1.6038232358961542,1.4054416161681371,-0.2706882785040748,1
0.5703098658755232,-0.05050211919562982,-1.168717627632051,1.478524768348486,0,1,0,1,0,0,0.6906383357396142,-0.6373637142266826,0.29072590401389814,-0.5558460221431568,-0.20613742559877124,-0.060607705688706215,-0.9913847211187301,-2.227586355785513,0.6057662220920175,-1.488294204696857,-0.37889368882903773,0.3513627966067024,0.829448233085626,-0.1840172878127426,-1.3147384803071094,0.02398488666104536,-0.5011271230978667,0.09574275169112866,-0.1934532884955867,0.6710815639820534,1.1946766819225847,1.7403560337001793,-0.804000220887655,1.5136803767896596,0.5860545143735837,-0.6710815639820534,0.19345328849558602,-0.09111737198826762,-1.1600669447440433,0.391036510778763,0.3436427536518511,0.12023730520615308,0.7311351137871589,0.2692014673650073,0.40038202722625016,0.6978801664463103,1.6666220159864384,2.400379503657447,1.4283835851280149,0.7154960824159574,1.345366449044194,1.2993599060593275,-0.7010026615289333,-0.48731077970765985,1.5232025883508855,0
0.2619067175886707,-1.3904259497116478,-0.4445202009343899,-0.8681093238500562,0,1,0,1,0,0,0.2363566035908452,-0.5297913797305387,-0.7327286093763631,0.3265946994158083,-1.420056647234133,-0.6598459171263975,0.4565242271175737,0.10120569352671938,-0.33078819250074626,0.9855653884926612,0.49753827025225644,1.331383662621144,0.19046436834963948,-0.336280302712371,0.12180539682244601,-0.8202871762513593,0.0370118525056312,0.1915744946140027,0.6912331826893887,1.1302918680335317,-0.9708153670391175,-0.016886017886476753,-0.372110963320346,-1.2947349370974008,-0.45978891170403874,-1.130291868033531,-0.6912331826893894,-0.5924626171942612,-0.3345252120667762,-1.301118837135444,-1.4523068151060594,-1.3647030752786062,-0.18250970659880966,-0.22015379130249568,-0.5408768497097485,-1.4104971262332722,-0.8869292675109735,0.04820472807728505,0.20587258615124074,-0.02358138547386016,-0.5330992590437151,0.9821281108913258,-0.4540570296619595,0.06938110143228039,0.2860364732784985,0
0.08200488108800677,-0.3854830768246345,-0.8790386569529866,-0.4281154315628296,1,0,0,1,0,0,-0.6469689866984278,0.10459465775753113,-0.3745195296897717,-0.303554773225315,0.6005923122246085,0.31503415819760766,-0.33926928161080894,0.16193981019378348,-0.22190667487480228,-0.5172899234751929,-0.2821298312456586,-0.032616923164430926,0.2239618386020761,-1.0724954164624119,0.18010064464822984,-0.7519812350042508,-0.6525303488486318,-0.2509976964228506,-1.118227115406131,1.0645584453617318,-0.5998625884913642,-0.041846599478508495,-0.4523147619139612,0.051787389882298404,0.12173220038073554,-1.0645584453617318,1.1182271154061303,-0.9266927806649233,0.41596727218528484,0.7276480584821255,0.188596747715916,-0.08458205761933026,1.487254965141063,-0.05703537174666111,0.5664865349208381,1.1939689411944467,-0.8036612908751883,-0.482931511569848,-1.3633206364159602,-1.3461410648556402,-1.2438700675094103,-0.5723076854318833,-1.0302635040182315,-0.7099875321636356,-0.8892713360402683,0
-1.1516077120594044,0.5936920300909173,-0.8790386569529866,-0.8681093238500562,1,0,0,1,0,0,-0.8236341047562825,1.7879563246025927,-0.6431763394547153,0.08934834148847998,1.8537396502128838,1.306013170545312,0.010616646096272624,0.4407762020119718,-0.5149337129454031,1.1550990562100623,0.578943174165453,0.5028736529991477,-0.4462306135512335,-0.04640231730191408,0.8376406104974642,-2.0675606511980194,1.5523461237609202,0.9286394094375562,0.4513710056427588,0.23819541748766626,-0.06112735354093323,0.23415080523411835,-1.3737674236870714,-0.02118446074561825,0.15398115760512499,-0.23819541748766626,-0.4513710056427595,0.2152602778598393,1.2415090048625523,1.091552434377654,-0.3023822710812103,0.3079883877961804,2.8419696988168086,0.2692014673650073,0.06817301183707392,1.6280466190990672,-0.026493508941193386,0.27583454506891375,0.16937972051014377,-0.5811310542328463,-0.5500223735309933,1.5531453421937294,-0.04248097655033679,0.06938110143228039,0.16231986177126023,1
-0.4320003660567478,-1.2100515879114147,-0.4445202009343899,0.3052077222492148,1,0,0,1,0,0,-0.24316300256618875,-0.3594200607717812,-0.2977604411855021,-0.337695102780711,-0.05471859991744541,-0.015441243483327998,-1.5826257221977924,-0.8224589230347494,-0.16459522818970265,-2.3726889415838346,-1.9704808563051928,-1.7627983616928318,0.9477672696431245,-1.2656634711421213,0.7273027055257182,-0.8514631706142952,-1.7807592835626753,-1.45522968884418,-0.11623388745465664,-2.288967363312408,0.9360435645902894,1.8574465674099954,-0.6306311807641198,1.4395792642305023,1.1409730657180261,2.2889673633124077,0.11623388745465593,-1.0659553487776992,1.2415090048625523,1.373578325696689,0.6408142650290589,-0.1699234587966153,1.6762849279795395,2.2266225020350205,2.5597406272558936,1.2559800380379649,0.5563823275093027,1.2622304186993043,-0.8341740846200435,-0.996051737960463,-0.44848368660732285,-0.0012904541294803558,0.8629863402952329,-0.15329565102369538,-1.0748462533011267,0
-0.38059984134227254,-0.87507063028241,-0.4445202009343899,-0.13478617003801185,1,0,0,1,0,0,-0.356733435603381,-0.3076690457979606,-0.5280377066983108,-0.1363250233692226,-0.26110932582665763,-0.13126415151494145,-0.3268290112437817,-0.5953568650991733,-0.1548247054755672,-0.4318751660449993,-0.41442248450199903,-0.6790018219707179,0.4476676823182233,-0.6953488235566627,-0.5219044259028185,-0.46702254056027065,-0.0610781900575779,0.13243654841324587,-1.321428539256431,0.3844992353771891,-0.24032065541780212,0.29431358460751483,-0.2576620547375216,0.5228713993336614,0.6680680394366048,-0.38449923537718983,1.3214285392564302,-0.8431352397972577,-0.7848207026180125,-1.1373618679824566,-1.168055804223513,-1.1257471519822078,-0.30852968182446,-1.1988643086375024,-0.8177176958673952,-0.6043528672675491,-0.27629743884854874,0.19995793940503753,-0.19554893590083341,-0.2958730841701091,-0.07617516788719629,0.3476645205553221,-1.1125787146405561,-1.0996718489615938,0.16231986177126023,1
-1.1516077120594044,-1.2100515879114147,-0.8790386569529866,0.3052077222492148,1,0,0,1,0,0,-0.8236341047562825,1.7879563246025927,-0.2977604411855021,-0.337695102780711,2.4797456191077236,1.6360413795311448,-0.6023870272350513,-0.5342376472467469,-1.1604106579980542,0.043838123571087344,-0.08861009929608755,-0.875484603610079,-0.648467655500827,0.1175193843649475,0.7384667631350612,-2.109946844301076,1.570745535020211,1.004462933044615,0.9345219622652575,-2.1209040850669534,0.9550578092652479,1.4730377289871628,-0.5339728525541302,1.49830190791804,1.095860020121708,2.1209040850669534,-0.9345219622652582,0.4102278732177254,1.1664597564373458,1.1643333095567605,-0.2765412700918884,0.3421249482670949,3.0309996616552843,0.4323198869208419,0.012804842605544792,1.5040244254120325,0.5286263352973745,0.8828473903799233,-0.9527758979536108,-1.047916823426415,-0.48232991558187904,-0.2550758902638815,0.5337254978059351,-0.3759724034796717,-1.198562864808365,1
-0.04649643069818187,-0.3854830768246345,1.4383931084795292,-0.4281154315628296,1,0,0,1,0,0,0.29945128861150755,-0.5611908719618456,-0.3745195296897717,-0.303554773225315,-0.5788820180169294,-0.19700147769504636,1.7238048184529675,1.3919913224909624,-0.33841492416491004,1.6265242332833394,0.8458207856234697,0.984538920025292,-0.3408334532771701,1.5631004268644262,1.5218156898064683,-0.7972122752983305,1.7247118770924548,0.759565260594811,-0.16027754582615011,1.5017549802280383,-0.8351610330483833,-0.38603022442078744,-0.33849691551558164,-0.48713453069134915,-0.3580408066108865,-1.501754980228039,0.16027754582614942,2.0256736633259265,2.067050737539819,1.282602231722807,0.6020527635450756,1.3320852019236007,1.2037100208833493,-0.30171300108041293,-0.26403600355210183,1.4420133285685155,-0.8869292675109735,-0.5588081172337243,-0.6973258384659271,-0.7496925819971905,-0.8715615487892844,-0.2233527107470814,-1.0302635040182315,-0.48731077970765985,-0.2706882785040748,1
-0.04649643069818187,-1.158516055968491,1.4383931084795292,-0.8681093238500562,1,0,0,1,0,0,0.29945128861150755,-0.5611908719618456,-0.8478672421327675,1.781898577921249,-2.973421895229146,-1.808683950845374,0.9189471123909108,0.66397185044001,0.6403374100026882,0.0788413280162495,-0.3234159475298051,-0.619930760925053,-0.036767168717551174,1.5321011858981002,1.5894449585635277,-1.0395211020961541,1.7114282078326517,0.7912688916421317,0.13286549185952784,-0.9772859963810728,0.253039123319192,0.6809488651951539,-1.9199811474776147,1.5905133671001053,1.1929766360921654,0.9772859963810728,-0.13286549185952856,1.8028535543454847,1.9169522406894068,0.855014590045561,0.12399424524260985,0.8200367948598906,1.2037100208833493,-0.38327221085833024,-0.4855086804782194,0.9459245538203791,0.44535835866158957,0.9587239960437993,0.7897584364088047,-0.4255357978349895,0.19459466390925928,2.6634566252817358,0.12214944469431245,-0.32030321536567735,1.2139110595827887,0
1.3670179989498932,0.1298722426046032,-0.8790386569529866,-0.4281154315628296,0,1,0,1,0,0,0.5013542806776271,-0.5989865570550853,0.40586453677030254,-0.5766774096684832,-0.05627297409291426,-0.014994050788225242,-0.5022264634701591,0.03735830581540225,0.049658625769492384,-0.3792435480025032,0.060526445487633564,0.8386621950712202,0.10513833874288761,-0.9822476823183475,0.43619353165617963,-0.30602408680602367,-0.30855848979825934,-0.034418016577257786,0.23506672098463585,0.910698895591472,-0.2830921876981662,0.3856936573648356,-0.3754096993903365,0.20637224998700457,-0.1122898377393239,-0.910698895591472,-0.23506672098463727,-0.8709877534198129,0.5660657690356972,0.43652455776570404,0.2015172482105774,0.06903246449978255,0.7941451013999841,0.8401159358104279,0.7879592118469556,0.5118468759157585,-0.27629743884854874,0.35171115073279,-0.013084607695344815,-0.2051091846046925,-0.11002139686175369,0.062155904904119784,-0.04248097655033679,0.45906541823023866,0.16231986177126023,1
-0.7404035143436003,-0.514321906681944,-0.4445202009343899,-1.6014324776621007,1,0,0,1,0,0,0.19849979257844777,-0.5187434102417455,0.009275912831576286,-0.46441937689311324,-0.13453705813616704,-0.0400368417139795,0.43141069096602896,-0.8367887713689883,-0.1818879287499796,0.24822269505587322,0.4089634633308906,0.21674544810841556,-0.22525081208272105,-0.7691311490953369,-0.05199804650255787,0.762465684794196,-1.1401912503740905,-0.7305510833778774,-0.16027754582615011,0.45457625868389784,-1.3683938492690495,1.0964283481148789,1.0148513731907478,-1.4659269732199123,-1.2449134743981225,-0.45457625868389784,0.16027754582614942,-0.8988402670423681,-0.40957446049198204,-1.11916664918768,-0.6124742829530796,-0.9892009100985523,-1.222174502210428,-0.05703537174666111,0.012804842605544792,-1.1624527388592034,-1.192245181842186,1.5657368413548085,1.172933525640331,1.5972025353371444,0.7699805564767266,-0.28679906978068154,0.9453015509175579,1.3497724280541432,0.5953280020465953,0
-0.4320003660567478,-1.235819353882877,-0.15484123025532542,0.3052077222492148,1,0,0,0,1,0,-0.16744938054139394,-0.41117107574560174,0.46983044385719386,-0.5911436510055155,0.43244398770697934,0.14062900710753337,0.25960098618019717,-2.565555354074571,1.1902326903666802,0.6871285504609181,1.7771490797621379,0.7334155687200522,-1.753468390435653,0.14387839318297865,-0.36160874660437814,0.9080965590781405,0.38509201222585177,0.5918656481625669,0.8763442106275502,0.13114384342216406,-0.21721989547120937,3.159053534044069,-0.714538495387177,-0.5464156944782174,-1.7325392331519895,-0.13114384342216406,-0.8763442106275509,0.1317027369921738,-0.3345252120667762,0.018034525485845748,0.48576825909312477,0.6322857122698633,-0.5605696322757617,0.35076067714292497,-0.04256332662598434,0.07776919801113909,-0.3318094232724056,2.5521327149851984,-0.5422311594912614,-0.8015576674631424,-0.939254006738398,-1.016432198667086,1.1922471827845313,1.4054416161681371,-1.0748462533011267,0
0.15910566815972013,-0.6431607365392533,-1.6032360836506476,-0.13478617003801185,0,1,0,1,0,0,-0.4576849316364408,-0.1745119398540853,0.5593827137788417,-0.6032952937286225,0.8499456331526289,0.3320274806115123,-0.8427310510403057,-0.8695586020691843,0.8608583031307997,-0.6893638488707028,0.43033051073772316,0.47972904139432365,-0.17625836221063607,-0.4031771853092271,-0.5814778984400459,0.247194208981655,-0.7709001435265093,-0.3085890528891017,0.5274811195133241,0.13114384342216406,0.7689881477507974,0.6109846768568274,-0.9284157985957413,0.16687469964728552,-0.8607278879716452,-0.13114384342216406,-0.5274811195133248,-0.3974950218363748,-0.5596729573423944,-0.06384395909064733,0.07231224326396513,-0.23819657973844427,0.006520256239666901,0.6769975162545934,0.4557501964577793,-0.10826409251941274,0.9727222106882286,0.8828473903799233,0.7806352199985308,0.13201387092399572,0.19459466390925928,0.41111087958892223,0.6983559190505837,0.848749735028197,0.16231986177126023,1
-1.1259074497021662,-0.5658574386248675,-1.6032360836506476,1.478524768348486,0,1,0,1,0,0,0.7537330207602766,-0.645504323323688,-0.0035172685858019803,-0.4609474789722255,-0.4270607772607411,-0.14020800541699655,-1.7376885428702775,-1.1133444556722372,0.3806853089066714,-1.538833250565723,-1.1059380205374232,-1.2029000619864905,1.4476399166588918,-0.8973801432254168,0.08980782247518325,-0.0027499667231672886,-1.2995311155876135,-0.7828908715724998,-1.2010128806784757,-0.44946226314143684,1.519646553287242,1.6180677105193706,-0.5231730216597628,0.7902716352971842,0.673433032333665,0.44946226314143684,1.201012880678475,-1.107734119211532,-0.5596729573423944,-1.8970122526643713,-1.6073528210419945,-1.9108880428132304,-1.1906695084040155,-0.6279498401920818,-0.12561558047327853,-1.4104971262332722,1.3890620938671545,1.4898602356909325,-0.031331040515893936,-0.2958730841701091,0.025363519036474696,0.5380035976561225,-0.9479482933959068,-1.211010225189582,0.038603250264021984,0
-0.1749977424843705,0.15564000857606544,-0.15484123025532542,-0.8681093238500562,1,0,0,1,0,0,0.059691485532990585,-0.4867624459320812,-0.054689994255315046,-0.44763853694215583,-0.089993818325072375,-0.028409831641307882,-0.3224534800933564,0.5309476930142396,-1.010542750120657,-0.5386039923834078,-1.1708115229253728,1.0355069023982428,1.8908003383991527,-0.8531587729572115,-0.3145255979180473,-0.38562703388245606,-1.166481817481311,-1.0551861649107206,0.3506288912831737,1.0645584453617318,-0.4040867800178198,-1.043827210773269,0.9939278134749696,-0.4290441566186197,0.4919284067140756,-1.0645584453617318,-0.3506288912831744,-0.7874302125521474,-0.25947596364157,0.1272058382545045,-0.09565426316663046,-0.5454256239766699,0.25856020669096863,1.7372672433675176,1.6738499195514247,-0.23228628620644656,-0.49834537654397587,-1.0899443568808573,-0.5696008087220858,-0.010615114107371936,-0.1777138548108673,-0.4771381468814831,-1.0302635040182315,-0.7099875321636356,-0.1469716669968365,0
-0.3291993166277972,-0.6689285025107157,-1.8929150543297122,-0.13478617003801185,1,0,0,1,0,0,-0.3062576875868511,-0.32278731983525655,0.11162136417060241,-0.4950878085276215,0.3791003247400065,0.1343683093760948,0.15075347465683636,-0.6046507613905827,0.9706505745568933,0.07299070445401472,0.8082101604759451,0.20838571552708018,-0.9841714458409907,-0.975267716155904,-0.21530625947638313,0.08994480866252326,-0.4846150233717184,-0.10963304695738048,-0.12950004961474557,0.4126498344833025,-1.1841023870107987,0.6142130614927837,-1.236525993944449,-0.5791416943341882,-1.1577481235038922,-0.4126498344833025,0.12950004961474487,-0.8152827261747027,0.04072103005925432,0.8186241524560076,0.7441782689863493,0.4957394703862077,0.7626401075935709,0.5954383064766764,0.7325910426154264,1.1939689411944467,-1.1089772052064004,0.5793409677244183,0.023408257945752128,-0.62002986833231,-0.7869459763528921,0.37938770007212164,0.7806711296729086,1.127095675598167,-0.45626319576493324,0
-0.2263982671988458,-0.2051087150244015,-0.4445202009343899,0.5985369837740325,1,0,0,1,0,0,0.1480240445619179,-0.5059510245178798,-0.3617263482723934,-0.3070266711462027,-0.46758293208315554,-0.15183501548966816,-1.0348066673388545,1.5534168703838809,-1.2492185348312397,0.8578949027928192,-0.021970333183756692,-0.8771036156444003,-0.4662404221229078,-0.010011708646056671,2.232822632682781,-1.7891547184055985,1.633455230575471,0.043481181624362306,-0.07652239220166908,-1.1203707433436239,1.4289202796071898,0.10467929213627772,-0.09020436039140796,0.460745578407802,0.07101342008803602,1.1203707433436239,0.07652239220166766,-0.20252742647848845,1.6167552469885829,-0.7461646638947628,-1.4652273156007207,-0.8867912286858101,0.038025250046078915,-0.46483142063624716,-0.4855086804782194,-0.5423417704240322,1.63886602377451,0.35171115073279,0.7532655707677065,0.585833368751077,0.7530574419894479,0.31594134103852145,1.2745623934068555,0.7374113588002092,0.6571863078002155,0
-0.4063001036995106,-0.6173929705677911,-0.8790386569529866,-1.6014324776621007,1,0,0,1,0,0,-0.016022136491804253,-0.46234061864106474,1.007144063387081,-0.6617389087302327,0.521390638298454,0.15583355874102703,1.0448475094198502,0.3733075835583445,-0.08414783743824897,1.034060126848435,0.7326772780216587,0.6772282934507105,-0.25814934954646673,0.10527706207850526,-0.2141315527801151,0.38369231435077594,-0.25687240443749926,-0.312513039063679,0.11588809585456382,0.8087222172553705,-1.3476942962697287,-0.726888662803437,0.5006066855241248,-1.651658798500216,-1.257624501922953,-0.8087222172553705,-0.11588809585456454,-0.09111737198826762,-0.40957446049198204,-0.6915790075104341,-0.40574627503850064,-0.47715250303484213,-0.9071245641463012,0.2692014673650073,0.2342775195316623,-0.6663639641110671,-1.2477571662660425,-0.6346847228976005,0.19674936974096682,0.4302381123532211,-0.29617565622181696,-0.28679906978068154,0.36909507656128593,0.9044189231421907,-0.08511336124321738,1
-0.5091011531284612,-1.235819353882877,-1.6032360836506476,0.3052077222492148,1,0,0,0,1,0,0.021834674520593164,-0.46931828358135513,0.46983044385719386,-0.5911436510055155,0.26839092480453836,0.0959097375972579,-1.019138433405174,-1.6289182358173893,1.2921271304898148,-0.8790627562196576,0.1708706419143474,-0.7826631277497063,-1.0884420701444566,-1.3305867414891845,1.2153714205539257,0.9912194722299038,-1.3412927448560732,-1.1015075615693493,-0.871666255725209,-0.20295117893611228,0.08763020595943344,3.4532738077175913,-0.7703010971451147,-0.14244585443272262,-1.297547945864985,0.2029511789361116,0.8716662557252083,-1.2052179168904753,1.391607501712964,0.5638910893291381,1.0284292798688959,0.3591932285025509,-0.5605696322757617,0.02452383803125581,0.5111183656893089,0.139780294854656,-0.026493508941193386,2.9315157433045793,-0.378013264106322,-0.6978274965312384,-0.7023304039164997,-0.7309235830158842,1.1922471827845313,1.1827648637121608,-0.9511296417938885,1
-0.5605016778429365,0.15564000857606544,1.4383931084795292,-1.6014324776621007,1,0,0,0,1,0,0.009215737516460692,-0.46582945111120994,-0.4768649810287978,-0.1710440025780999,-0.5402225374866508,-0.22606900287672543,1.4893738862985018,1.3886056621061662,-0.3074173656373466,0.8432567062546965,0.5707311637685312,-0.26807671384910886,-1.2491301633677483,1.6590205164417302,1.1722190848301905,-0.21304700985782254,0.784709898050845,0.8218634465574197,0.6912331826893902,-1.0511813190346222,-0.41333689189226597,-0.7316015036654421,0.20615813863715848,-0.3610805054414611,0.060411227814659,1.0511813190346222,-0.6912331826893908,1.5521809317424884,1.0914105080121401,0.018034525485845748,-0.09565426316663046,0.22264698661889537,0.41608517572303205,-0.8726274695258333,-1.2052948804881005,0.015758101167622184,-0.4150773999081907,-0.7105613285614767,-0.10431677179808911,0.015317428625603584,-0.1269445113490324,0.062155904904119784,0.7806711296729086,0.29205785388825667,-0.2706882785040748,0
-0.2006980048416086,-0.12780541711001567,0.5693561964423357,1.478524768348486,1,0,0,1,0,0,-0.34411449859924853,-0.31115787826810587,0.27793272259651985,-0.5529527738757504,0.531827867370587,0.18803143278842535,0.6696097350760095,-0.21371326387749198,0.20766926009200357,-0.22647123448129944,0.30258957283524607,1.4436500947902624,0.6136897612052593,1.6077571886868405,0.36739307867279397,-0.32038308957347655,0.4709394473274549,0.06793044166321721,1.116988546947158,0.8611509049874916,0.6753434025793225,0.6613744826765877,-0.6058449429011358,0.77292352155458,-0.32706040960562066,-0.8611509049874916,-1.1169885469471588,1.7750010407229295,0.5660657690356972,0.6184767457134681,0.3436427536518511,0.529876030857121,0.4475901695294441,1.0847935651441794,0.5664865349208381,0.5118468759157585,0.5286263352973745,0.5034643620605421,-0.2685346671830286,-0.5292659687668935,-0.21156008378542468,-0.5088613263982832,-0.8656330827735822,-0.5986491559356475,-0.20882997275045564,1
-0.4063001036995106,0.8256019238340739,-0.8790386569529866,-0.8681093238500562,1,0,0,1,0,0,-0.016022136491804253,-0.46234061864106474,0.20117363409225028,-0.5193910939738356,0.1496180720350149,0.04582415574574939,0.4749685022092894,-1.011486155771686,0.536600002269274,0.48667849329554236,0.3717674641660866,0.44186291520562504,0.12065146829115671,-0.0597710059699126,-0.34307756741609724,0.5732654380945378,-0.28388497288917514,-0.4223613565194509,0.288491621905012,0.3165258375355961,-0.7201777492421848,1.0446089165776118,-0.15747369953166457,-0.9389667261667326,-0.895669569759752,-0.3165258375355961,-0.2884916219050127,-0.20252742647848845,-0.4846237089171882,-0.5733100853443877,-0.21193876761858224,-0.3064697006802721,-1.0646495331783645,0.35076067714292497,0.2342775195316623,-0.6663639641110671,-0.5538573609678327,1.33810702436318,0.7988816528190786,0.585833368751077,0.1438253204474232,0.506280418139323,0.4514102871836102,0.6817421706862145,0.40975308478573785,1
0.15910566815972013,0.15564000857606544,-1.6032360836506476,-0.8681093238500562,0,1,0,1,0,0,-0.4576849316364408,-0.1745119398540853,-0.054689994255315046,-0.44763853694215583,0.47710042992796414,0.21173264562887137,-0.02033289937025914,0.29275657964870117,-0.6001696760321454,0.22903131365627166,-0.22861092194324562,1.122432141114228,0.6960156901274818,-0.42069885224105263,-0.7764598413637275,0.07576385171347429,-0.08203000084870152,0.26076672518469274,1.2744597090698961,0.266869946255213,-0.3920839446838918,-1.179658017046054,0.8965874172731444,-0.39074607354170776,0.5517933479847987,-0.266869946255213,-1.274459709069897,-0.45320004908148526,-0.7848207026180125,-0.2639913658331881,-0.18609776662925942,-0.20406001926752979,0.038025250046078915,0.758556726032511,0.17890935030013266,-0.35630847989348147,-0.5261013687559044,-1.2416975682086098,-0.7611883533378483,-0.23104172733766892,-0.36386811417093057,-0.5088613263982832,-0.7833178721512579,-0.7656567202776299,-0.5181215015185524,1
0.15910566815972013,-1.3646581837401863,-1.6032360836506476,0.3052077222492148,0,1,0,1,0,0,-0.4576849316364408,-0.1745119398540853,-0.016310450003180245,-0.4609474789722255,0.5077234935847342,0.2220180776162347,-1.0092251246400754,-0.5385817808212894,0.782054877448343,-1.4731342081358745,-0.5520618785058481,0.7481791559587584,1.083678367834448,-0.3341244047611317,-1.177661311383639,0.06422614754418443,-0.30302171943125344,0.15017344759605303,1.0614552385657101,-0.032311248161722386,1.069498934705968,-0.44053485276070464,-1.0045541321295157,1.6896381266047238,0.8643226225084395,0.032311248161722386,-1.061455238565711,-0.48105256270404034,-1.2351161931692491,-0.7734574920869285,-0.625394783447741,-0.6990401460957827,-0.2770246880180474,0.4323198869208419,-0.04256332662598434,-0.9144083514851348,1.4168180860790833,-0.1035484832504671,1.136440659999233,0.36540675552078095,1.0576735027604598,1.489698983160128,-0.37174181903963527,-0.4316415915936655,1.4613442825972665,0
-0.2006980048416086,-1.3646581837401863,0.5693561964423357,0.3052077222492148,1,0,0,1,0,0,-0.34411449859924853,-0.31115787826810587,-0.016310450003180245,-0.4609474789722255,0.3350150913540324,0.11692779426708738,0.19783187040259098,0.8382961563974906,0.47003465574524894,-0.8811534530613715,-0.6722983343621862,-0.07865409993445747,0.5132480649961059,1.4052179792382775,0.7512941007650749,-0.4079065470047496,0.6529691547203221,0.2230060443350605,0.33643704580791395,-0.440948977121442,1.12898721612,-0.39795784545096263,-1.0524598620402774,1.837854504166182,1.091742758819052,0.440948977121442,-0.33643704580791395,1.6357384726101538,1.0163612595869336,0.7731361054690666,0.42116575661981864,0.683490552976235,0.6681251261743327,0.2692014673650073,0.12354118106860354,0.8839134569768611,1.4168180860790833,-0.1035484832504671,0.9722227646142934,0.20981149912292413,0.9561348158367899,1.5531453421937294,-0.20711139779498602,-0.4316415915936655,1.3994859768436472,1
1.2642169495209417,-1.158516055968491,1.0038746524609323,-0.8681093238500562,1,0,0,1,0,0,-0.5586364276695006,-0.02042183908933873,-0.8478672421327675,1.8686960259434424,-2.0460626161289794,-1.4598736486652255,0.3922632935134404,-0.9344359486160939,2.6065753826523657,-0.7279050759006015,-0.592095665632524,0.12033194999186374,0.35649702353762747,0.8600252725731202,-0.7747494365795836,1.4795784524189908,0.9590512382674519,1.0264345056884452,0.8847583482611033,-0.7133741297612541,0.3138754606086325,0.5064156869052577,-2.0764422141989054,1.9343315879459906,1.7718668793175698,0.7133741297612541,-0.884758348261104,1.6357384726101538,-0.18442671521636386,2.3470225312172275,2.992345355057402,3.414415390649356,0.1325402314653172,0.18764225758709038,-0.2086678343205727,2.620224168595341,0.3065783976019474,0.5034643620605421,0.0872707728176734,-1.0090180093269512,-0.29617565622181696,2.5048407276977347,-1.0302635040182315,-1.378017789531564,0.7190446135538346,0
-0.5862019402001745,0.6452275620338409,-0.15484123025532542,0.5985369837740325,1,0,0,1,0,0,-0.21792512855792381,-0.3884936646896579,-0.5664172509504457,-0.09581954762553238,-0.5091721598535309,-0.22472742479141716,0.8663787132203848,-0.8830740948091033,1.0360547218546083,0.6282346699290274,0.6284492362057047,0.6371794861378727,-0.2162913391392585,0.6642582105812859,-0.4098124602156755,0.4314066100119901,0.29465039603629195,0.13916346498931437,-0.4481121582821066,1.3134690058789504,-0.5410017134321651,0.8015057823405558,-0.9827994744467012,-0.5565342198390894,-0.6811487483837134,-1.3134690058789504,0.4481121582821059,0.8558680911786088,-0.18442671521636386,0.7276480584821255,0.8604627734383002,0.9565830367435462,-0.024984737566746233,-0.13859458152457876,0.06817301183707392,1.069946747507413,-0.3595654154843339,1.1104772073715516,0.853620951280726,0.15794641365697218,-0.07617516788719629,1.267636726542527,-0.37174181903963527,0.29205785388825667,0.8427612250610729,0
-1.3829100732745436,1.0317440516057692,-1.6032360836506476,0.3052077222492148,1,0,0,1,0,0,-0.4198281206240434,-0.19777082298838666,0.27793272259651985,-0.5454303283804937,0.6417957553634379,0.2694205032971267,-0.7932626613069841,-0.44165573342561887,0.385119080708561,-0.2259166812000891,-0.12868523912975582,0.9668636532350084,1.0020334215921403,-1.017136394600394,-1.5276977939327767,0.4910311514339617,-1.1615452160504904,-0.8296367111941262,0.03622492998512883,1.282759261399553,0.08674033976945479,-0.924227758709182,-0.0330317325667646,-0.8465694916495942,-0.6426816594452929,-1.282759261399553,-0.036224929985129536,-0.9266927806649233,-1.3852146900196616,0.2636699792153276,0.48576825909312477,-0.03337721691295973,-0.18250970659880966,1.0847935651441794,1.1755363964676604,0.2638024885416898,-0.10976148557697851,-1.0140677512169813,-0.6973258384659271,-0.6070635969658218,-0.8715615487892844,-0.4771381468814831,-1.1948939252628807,-0.8213259083916238,-1.136704559054746,1
0.6217103905899984,-1.596568077483343,-0.8790386569529866,0.5985369837740325,1,0,0,1,0,0,-0.6217311126901629,0.0871504954068051,-0.2593808969333673,-0.35216134411774325,0.6581246160760146,0.3391825637331564,0.2705057762869643,-1.35533662779913,1.1757999689844176,0.027490828843316262,1.0685628640065243,1.2712417107234788,-0.3090474998248442,-0.0768832860465034,-0.05709511342516177,-1.0374838969137647,-0.15435679974408098,-0.0446484510778399,-0.5505532963957722,2.2798541296230135,-0.4529657402972692,1.8030454248853987,-2.649929208966568,-0.1901958965690668,-1.4327745794674194,-2.2798541296230135,0.5505532963957714,-0.11896988561082296,-0.10937746679115769,-0.16391766246191838,-0.6641562849317252,-0.6819718658603261,0.8571550890128092,-0.13859458152457876,0.12354118106860354,0.015758101167622184,-0.47058938433204756,1.5657368413548085,-0.2046721523111086,-1.5017363212534962,-1.4638705558440304,0.9186817518577256,-0.7010026615289333,0.514734606344233,-0.023255055489598248,1
-1.4343105979890196,0.3617821363477598,-0.8790386569529866,0.5985369837740325,1,0,0,1,0,0,0.11016723354952047,-0.5047880803611647,-0.7583149722111197,0.3589990800107605,-1.4845549119354928,-0.6656594221627333,1.1326362809022237,1.3304264391227816,-1.6309188543649102,1.3936735291968776,0.031076086131409702,-0.36095704650673277,-0.5172331798142435,0.6513254985463027,1.349324619656153,-0.9591880789992671,0.571481626915567,-0.6049403431618622,-0.37315522795503414,-0.12221154853286169,-0.9241615562054623,-0.47432825738997675,1.2656291943733093,-1.3160916269417884,-0.6310069369657528,0.12221154853286169,0.3731552279550334,0.4589697720571972,1.0351235716932352,-0.43002273733552315,-0.8321227913623208,-0.5880963245653125,-0.40304466324369825,0.08569324536469386,0.2896456887631914,-0.5578445446349117,-0.7759052986632599,-0.2553016945782196,0.7076494887163344,1.3119445652744073,0.600749411603942,-0.2550758902638815,1.6038232358961542,1.6837875567381073,0.5953280020465953,0
-1.5628119097752085,0.15564000857606544,-0.4445202009343899,-0.8681093238500562,1,0,0,1,0,0,0.17326191857018283,-0.5146731056932429,-0.10586271992482811,-0.43317229560512366,-0.2117382553419271,-0.06105489838380897,0.298970198168006,1.633476009334775,0.6234748405535673,0.18241541333038544,-0.13722365027481026,0.2698552127929608,-0.012430546922313337,-0.0689519451814444,1.0925170701826508,1.4305371158521105,-0.40404413864698785,-0.07549953741407787,-0.24010667662448304,0.6061852033378367,-0.4846213094834854,-1.1475374686168005,0.5852408473903254,-0.6470747064438487,0.10468686252567048,-0.6061852033378367,0.24010667662448232,-0.14682239923337803,0.8662627627365218,-0.30947941282012914,0.44700675760914055,0.2567835470898098,-1.222174502210428,-0.38327221085833024,-0.319404172783631,-0.29429738304996345,-0.5538573609678327,-1.1658209625447336,-0.49661507743988936,-0.1402778277722523,-0.38079122865820925,-0.28679906978068154,-0.5363722402842841,-0.32030321536567735,-0.332546584257695,1
0.6731109153044746,-0.05050211919562982,-0.4445202009343899,1.478524768348486,1,0,0,1,0,0,-0.48292280564470574,-0.16578985867872228,0.06044863850108935,-0.4864080637254022,0.6104175268223679,0.24840244662729724,-1.016407725255945,-1.577959401760812,0.7464714674782064,-1.9413631895392716,-1.1939626925986386,-0.4668425668092071,0.5978070883351195,0.2046540923257827,-1.054105460439454,0.08699026449033126,-1.0744354269697203,-0.8454025155109615,-0.11623388745465664,-0.5214382267650228,1.617827641762076,1.10981908985874,-0.9330346764812403,1.5572646454525527,0.7268389637048269,0.5214382267650228,0.11623388745465593,-0.17467491285593337,-1.2351161931692491,-1.301118837135444,-1.0646918002662225,-1.3647030752786062,-1.0016395455655394,-0.6279498401920818,-0.6516131881728072,-1.658541513607341,1.8609139614699375,1.413983630027056,0.8171280856396278,0.15794641365697218,0.7869036709640054,1.109020828958526,0.03983423407198747,-0.2089648391376897,0.904619530814692,0
-0.09789695541265715,-0.87507063028241,-1.6032360836506476,1.0385308760612593,0,1,0,1,0,0,-0.16744938054139394,-0.41000813158888666,-0.7711081536284979,0.48283010585575625,-1.3439042498992002,-0.6884662496129738,-0.9166715364636686,0.523924456459948,-0.16864921876635758,-0.9792577068104189,-0.5801303280199687,-0.7366763582742968,0.6864965651790089,-0.6911332658573999,-0.5549966299127365,-0.2835821657503875,-0.6832350143130403,-0.01192116480881108,-0.7989105922128049,-0.21238889143210804,0.5840818698422365,-1.2750861991244624,-0.05442359618344749,0.6454298408169414,0.7425591416991801,0.21238889143210804,0.7989105922128042,-0.8709877534198129,-0.8598699510432187,-1.3284116653276086,-1.2455788071914804,-1.39883963574952,-0.34003467563087314,-0.7910682597479163,-0.5408768497097485,-1.1624527388592034,0.5841383197212315,-1.1658209625447336,0.16025650409986858,0.10608132819102022,0.36382580878204385,0.41111087958892223,-0.4540570296619595,-0.5986491559356475,0.7190446135538346,0
0.8273124894479005,-0.9008383962538722,-0.8790386569529866,-0.4281154315628296,1,0,0,1,0,0,0.1858808555743153,-0.5187434102417455,-0.822280879298011,0.9862553043844773,-2.180874099947691,-1.1611489283365852,-0.36221546511170677,1.2718934136247113,-0.5717473158380388,-0.8586982046836721,-1.3731985245275906,-0.47335267294038924,0.922373358173411,-0.7564775053191014,1.1097172899369314,-0.2758540981910193,-0.976977291276295,-1.1255549795306539,-0.2493891336940558,-0.39825548305102343,-0.25219398847239693,-0.6340232059066162,0.5043909689848998,0.19129191770805484,0.6863399695977026,0.39825548305102343,0.2493891336940551,-0.5924626171942612,1.391607501712964,0.7913313242638433,0.5116092600824467,0.06903246449978255,0.41608517572303205,0.6769975162545934,0.8986955503100138,0.38782468222872474,-0.08200549336504998,-0.4070549059059717,0.7532655707677065,0.9229564242797662,0.9561348158367899,0.6014499566897238,0.03983423407198747,-0.15329565102369538,0.904619530814692,0
-0.9974061379159777,-0.7462318004251005,-0.4445202009343899,-0.4281154315628296,1,0,0,1,0,0,-0.571255364673633,-0.008210925443830511,0.188380452674872,-0.5136045974390228,0.8854030673068809,0.3906097236699732,0.7168280719946972,1.609807889579431,-1.007036260691744,1.2607347203508665,0.6686878848196532,1.15202804448986,-0.6748077878876773,0.3923997370894776,1.7031538733452305,-0.07849626568955899,0.2739908451134212,0.4367909248841964,1.1169885469471594,0.4634132099205562,-0.604685689843924,-0.5033296870221041,1.2977711274130466,-1.4314866395054582,-0.4428856762057579,-0.46341320992055685,-1.1169885469471603,1.1343932274041606,2.9676417186422928,2.5926579849467077,2.1395923224097615,2.185499213696451,2.211869822688555,0.5138790966987595,0.012804842605544792,2.2481575875342377,-0.7759052986632599,-0.7864379342253526,-1.1808563082104715,-0.4385020692014777,-0.939254006738398,-1.206771275767887,-0.6186874509066087,-0.48731077970765985,-1.0748462533011267,0
0.544609603518286,-0.7204640344536393,-0.4445202009343899,-0.13478617003801185,1,0,0,1,0,0,-0.1295925695289965,-0.415822852372462,-0.7071422465416066,0.17325254124326683,-1.0253397591341906,-0.45369008468402755,-0.645598602181006,0.4334113246156212,0.4427686043723291,-1.6652980088460394,-1.3445925460159276,-0.6038546227437895,0.6351385765297072,-0.5590086498029705,1.5731314989202834,-0.6597483633154209,-0.9453919228625635,-1.0362119077501493,-1.2315329784747313,0.3978337296906128,0.33916571566005366,0.9810579568117693,-1.268262994255416,1.31227572629528,0.7363769169028823,-0.3978337296906128,1.2315329784747306,-0.7595776989295921,0.7912135143113154,-1.2738260089432798,-1.3618633116434313,-1.5865907183395476,-0.6865896075014126,-0.8726274695258333,-0.4301405112466897,-1.1624527388592034,0.1400424443303771,0.6552175733882943,-0.5696008087220858,-1.0868156375258795,-0.5838686025055501,0.506280418139323,-0.7833178721512579,-0.7099875321636356,-0.08511336124321738,1
0.004904094016293398,1.1605828814630785,0.5693561964423357,-1.6014324776621007,1,0,0,1,0,0,-0.7731583567397526,0.6686225737643393,0.6617281651178678,-0.6299131777887618,2.0752316376974838,1.0010277524852333,0.30237389424905037,0.5071136577627094,0.9892983687379852,0.4096030470590721,0.7360239903522777,0.24941499873978845,-0.8432838267529249,-0.30469869541355027,-0.49167915863616685,0.04395973790872843,0.5366801303775773,0.33144729927861677,-0.2682155254971324,0.6061852033378367,-0.7249096068520194,-1.1885827975864138,-1.3082287146190512,-0.02118446074561825,-0.6332734581797309,-0.6061852033378367,0.2682155254971317,0.04814519612450831,-0.03432821836595151,1.6101161700287818,1.3902032937194106,1.5881094054554559,0.9831750642384596,-0.05703537174666111,0.06817301183707392,1.6280466190990672,-0.6648813298155464,-1.0899443568808573,0.12376363845877164,-0.5811310542328463,-0.5500223735309933,0.664896315723324,0.2044646553166367,0.5704037944582268,0.10046155601764112,1
-0.6633027272718879,-0.3339475448817109,-0.15484123025532542,-1.8947617391869185,1,0,0,1,0,0,0.097548296545388,-0.5001363037343045,-0.31055362260288033,-0.31859966421582847,-0.3686555906441811,-0.1384192346365855,-0.27013882809238865,0.22671552291631306,-0.7240463207864911,-0.0014740853792425933,-0.1960244139950258,-0.059936198263868194,0.5458915505661838,-1.256176796490789,0.2590722577336576,-0.7974363427679387,-0.6979094673467006,-0.8435157687018782,-0.09720267704722074,0.01465860574169185,-0.879522437603224,-0.05164126967302037,0.18844895619640747,-0.6900436868299462,-0.5686876324363475,-0.01465860574169185,0.09720267704722003,-1.2330704305130304,0.04072103005925432,-0.5460172571522233,-0.8450432918569822,-1.040405750804923,-0.024984737566746233,0.5138790966987595,0.6218547041523672,-0.9144083514851348,-0.7203933142394032,0.19995793940503753,0.7806352199985308,0.7673611678819103,0.4145951522438788,0.31594134103852145,0.8629863402952329,0.9600881112561845,0.8427612250610729,0
-1.3829100732745436,-0.7719995663965628,-0.8790386569529866,0.5985369837740325,1,0,0,1,0,0,-0.7100636717190902,0.33427612870875717,-0.4768649810287978,-0.1710440025780999,0.7118913981583822,0.38926814558466494,-0.12666594395221115,0.47095712544758345,-0.6631133775176711,-0.45332759223422064,0.11126697247803843,-0.6685444896168051,-0.7584479786703324,-1.145417894812043,0.05940653967327188,-0.5672937434107579,-1.1498904875311342,-0.32333699420106576,-1.0827475017179835,0.16204084244106823,-0.9683559859923101,-0.5868912673811798,0.3364226989685432,-0.5277953928757159,-0.46032815602668425,-0.16204084244106823,1.0827475017179828,-1.0102503215325889,0.26586877533487285,0.6457695739056325,0.22735824919990022,-0.2552648599739003,1.550264952753888,-0.38327221085833024,0.12354118106860354,0.6978801664463103,-0.9146852597229018,-0.5588081172337243,-0.031331040515893936,0.14498014229048395,-0.07617516788719629,-0.3819686083310823,0.5337254978059351,0.6817421706862145,-0.20882997275045564,0
-0.020796168340944693,1.2636539453489257,0.5693561964423357,1.0385308760612593,1,0,0,0,1,0,-0.5333985536612357,-0.10182793005939353,7.889875665936588,-0.8000361759122606,2.1938653639405525,0.5399720838342932,-0.7732162601665339,-1.837003920129385,0.19884014041504525,0.6379757778539544,0.9576420085626932,-0.3830864296696421,-1.2880553376200607,0.48149436748755126,-1.0469249702909438,-1.2624545726588021,1.3913976447261658,0.7734987617348565,0.416552302523086,-0.9356157016516281,1.5562795306507777,1.4725590783068483,-1.540466227998745,0.5178219695905064,-0.48981052105685385,0.9356157016516281,-0.4165523025230867,0.744458036688388,-0.7848207026180125,0.9732835122116075,0.08523274375862654,0.6493539925053206,1.7707999093987767,-0.22015379130249568,-0.4301405112466897,1.0079356506638961,1.2780381250194413,1.1863538130354276,-0.3597668312857729,-1.060883094792903,-0.8207922053274488,0.28421816152172197,0.7806711296729086,0.3477270420022505,-0.8892713360402683,1
-0.4320003660567478,-0.46278637473902035,-0.4445202009343899,-1.6014324776621007,1,0,0,1,0,0,-0.2684008765744537,-0.3448832588128428,-0.7199354279589849,0.24847699619583435,-0.9386592554683026,-0.45726762624484957,-0.4988974211285714,1.770429469242901,0.3659993912797486,-1.1338357574197753,-0.8920886867890095,9.559738488347496e-4,0.988110719842814,-1.3391023328945586,0.943365407520388,-0.9643841815456269,-1.9205513977696789,-1.7416134156642107,-0.16027754582615011,0.16026515284228104,-0.6442862642776798,-1.4849272517622105,-1.469446526529041,-0.37264693093282164,-0.5405875391202336,-0.16026515284228104,0.16027754582614942,-1.1495128896453646,1.4666567501381707,1.3462854975045246,0.5503707615664309,-0.3064697006802721,1.550264952753888,2.3897409215908554,2.7812133041820113,1.13195784435093,-0.5261013687559044,-1.317574173872486,0.4978155112800227,-0.38663698373552574,-0.4992530300691578,1.4579758036433286,0.7806711296729086,0.9600881112561845,0.5334696962929761,0
0.08200488108800677,1.3924927752062353,-0.8790386569529866,0.5985369837740325,1,0,0,0,1,0,-0.6469689866984278,0.09587257658216812,-0.24658771551598904,-0.35621189169211226,0.7543756323989916,0.34902080302541705,-3.0018349358134166,-0.7490533336989522,-0.43858539794847007,-2.140625793713784,-1.6834994457164685,-1.394528407891727,1.4803601086496987,-1.097404983534954,0.17619868161659835,-0.6852080007687229,-0.9615838006913684,-0.6479651249804349,-1.2890243254862828,-0.6235317921885499,3.0776104217933997,1.204611179274493,-0.08900702787152102,1.938357309175962,1.5560199020759622,0.6235317921885499,1.2890243254862819,-0.9266927806649233,0.491016520610491,0.9550882934168308,0.4082452561251572,-0.01630893667750248,1.424244977528238,0.10608304780917345,0.8986955503100138,1.3179911348814817,3.6372974630333545,1.717490052682561,1.2459192569225261,1.0007540524786946,1.836136769175269,1.0772976494417266,-0.9479482933959068,-1.266679413303576,1.708777505611744,1
-0.38059984134227254,-1.4934970135974959,-0.4445202009343899,-0.4281154315628296,1,0,0,1,0,0,-0.356733435603381,-0.27859544188008395,-0.5280377066983108,-0.1363250233692226,-0.26110932582665763,-0.10890451675980371,0.10004275497077937,0.11075979743189096,-0.0738697060879706,-0.1818775572892015,0.004154056881614843,-0.9222105378956678,-0.4754749310937729,-0.8866506863340919,-0.470465766820044,-0.5352547643844967,-1.0295042172495084,-0.7951862115132773,-1.0618771407249559,-0.2046283627832927,-1.025042804796206,-0.6233235752860644,-0.43689705556166625,-0.7751339127392709,-0.7817450425001057,0.20462836278329197,1.0618771407249543,-0.8988402670423681,-0.5596729573423944,-0.44594355378095224,-0.6383152839424023,-0.972132629863095,0.1010352376589052,-0.5463906304141645,-0.09793149585751397,-0.29429738304996345,-0.9146852597229018,-0.482931511569848,0.40658334717727845,0.10608132819102022,-0.21156008378542468,0.47455723862252236,0.7806711296729086,0.7374113588002092,0.10046155601764112,1
-0.7404035143436003,-0.9008383962538722,-0.4445202009343899,-0.4281154315628296,1,0,0,1,0,0,0.19849979257844777,-0.5187434102417455,-0.822280879298011,0.9862553043844773,-2.188951221620703,-1.1611489283365852,-0.343373842796216,0.28273561317794826,0.4431365713210958,-1.2777871684559343,-0.842995523929755,-0.6469694994524308,0.35708896412367847,-0.842152745746665,-0.13398103791713942,1.1445578148102662,-1.5681597715913347,-0.5032100592732001,-0.5252107151899512,-0.36149164093482894,-0.36399941371268446,-0.5222827647469629,0.5443876849904954,0.17124764272061027,0.6046487866383842,0.36149164093482966,0.52521071518995055,-0.9266927806649233,-0.40957446049198204,-0.9099216330477515,-0.25070026910256554,-0.8355863879794388,-0.8756195703398886,-0.5463906304141645,-0.3747723420151606,-0.790386157798101,-0.10976148557697851,-0.17942508891434333,1.182056742050605,1.3249108366408955,1.3284433345569153,0.7917890337905242,0.28677986593896093,0.1250502895462747,1.3376276710900281,1
-0.020796168340944693,-1.4677292476260335,1.0038746524609323,-0.8681093238500562,1,0,0,1,0,0,-0.6595879237025604,0.11331673893289414,-0.5152445252809326,-0.15657776124106768,0.4210429899188468,0.20815510406804932,-0.032844642119105594,0.014800994534842722,-0.9921982717373087,0.9109281646727604,0.6879868332197242,-0.7721085488670127,-0.7576939547628075,-1.1452713141865443,-0.8455437308537875,0.8539712382367597,-0.05712501821019652,0.4877165305166171,-1.7990340422145457,0.7311960875261709,-1.0986703284210675,-0.8673619773391289,2.2145270140594495,-1.2872493724852387,-0.418256312275276,-0.7311960875261709,1.7990340422145448,-1.1495128896453646,-0.9349191994684248,-0.6642861793182697,-0.1602567656399366,-0.1699234587966153,-0.7180946013078251,-1.4435419379712537,-0.9284540343304539,-0.17027518936292965,-0.9424412519348303,-0.6346847228976005,0.8080048692293539,1.947291862232321,1.1592121896841308,-0.857816301083085,-0.04248097655033679,0.3477270420022505,0.40975308478573785,0
-0.7661037767008384,-0.87507063028241,0.5693561964423357,-0.13478617003801185,1,0,0,1,0,0,-0.4576849316364408,-0.1745119398540853,-0.5408308881156891,-0.1363250233692226,-0.13131809251672383,-0.028857024336410634,-0.49806267179689767,-0.04493765638346178,0.3612916388407122,-0.46895259280471113,-0.22264248804775016,0.07024514081421451,0.39424307852727103,-0.953478978928685,-0.42045882098392956,0.5177233611106927,-0.5513505625698392,-0.2852366913797357,-0.45503125954306645,0.5471004570796687,-0.2601366919221054,-0.35952807311113166,0.02636427522883896,0.08681491869970147,0.010968026277655757,-0.5471004570796687,0.4550312595430657,-0.8709877534198129,-0.3345252120667762,0.21818193222838655,0.459927258103802,0.20557870638343811,-0.18250970659880966,0.18764225758709038,0.4557501964577793,0.2638024885416898,-0.3040534310604773,-0.4070549059059717,-0.24116501795220557,-0.1921429132382052,-0.14386762583630988,-0.2550758902638815,-0.37174181903963527,-0.15329565102369538,0.10046155601764112,0
-1.280109023845593,-0.02473435322416849,-0.15484123025532542,0.5985369837740325,1,0,0,1,0,0,-0.785777293743885,0.7994537913947846,-0.5536240695330674,-0.09871279589293881,1.168174353873405,0.6911232147790243,-0.028931508925876114,1.1181826966800514,1.0042746393456883,-0.19269581488076973,0.3158141639924246,0.5991449378212722,0.45304183116583235,0.5026479753669452,0.628264845177931,0.051438913455033285,1.0348626820934281,1.2077775325383424,1.2685285918524662,-0.440948977121442,0.5424699018986611,-0.9053589131165464,-1.32118592811272,1.2864717350956194,0.7685858052079203,0.440948977121442,-1.2685285918524671,0.10385022336961848,0.11577027848446049,-1.1464594773798444,-0.9484072958142716,-0.5454256239766699,-0.5290646384693491,-0.05703537174666111,-0.5962450189412776,-0.790386157798101,0.8061862574166584,-0.6346847228976005,0.9904691974348425,0.06718251409155555,0.5838262971166633,1.9338234963953311,-0.20711139779498602,-0.4316415915936655,1.0283361423219313,0
0.08200488108800677,-0.3854830768246345,-0.8790386569529866,-0.4281154315628296,1,0,0,1,0,0,-0.6469689866984278,0.09587257658216812,-0.3745195296897717,-0.27462229055125054,0.6005923122246085,0.2859666330159286,-0.2151348156073764,0.6902969251819029,0.033457696511797926,-0.057924075941064315,0.055474964360415886,-0.02209134214468995,0.2240187918634426,-1.145417894812043,0.13388968253795522,-0.5902808175820171,-0.8333139039991407,-0.44459784498835897,-1.052824935956895,1.0140489972048288,-0.8453378663846841,-0.8133264486133912,-0.6389130871759884,-0.7480481129757228,-0.5061834322906099,-1.0140489972048288,1.0528249359568944,-1.0102503215325889,0.340918023760079,0.6457695739056325,0.21443774870523882,-0.135786898325702,1.2037100208833493,0.10608304780917345,0.7325910426154264,1.0079356506638961,-0.859173275299045,-0.8623145398892288,-0.44187577897824326,-0.6848612251647502,-0.9054077777638412,0.2524949820049213,-0.6186874509066087,-0.2089648391376897,-0.2706882785040748,1
-1.1516077120594044,-1.3904259497116478,-0.8790386569529866,-1.6014324776621007,1,0,0,1,0,0,-0.8236341047562825,1.8751771363562229,-0.438485436776663,-0.19418998871735144,2.2903710822042025,1.592216495411075,0.9415796317771641,1.1716186210710744,-1.7572191049797365,2.209747905280243,2.0703508888185604,1.0716080843288125,-2.031145044469374,0.4394437296979624,0.21324654456590325,-2.0132559154266914,1.7376347663602658,1.8070074405762608,1.4008254564523381,0.07222398482797085,-0.8702024016690859,-1.394457619219499,0.3790493463522777,-1.2622179693202082,-0.9273664926339641,-0.07222398482797085,-1.4008254564523388,0.0759977097470634,-0.18442671521636386,-1.073678602200739,-1.8011603284619129,-1.2110885531594928,1.3612349899154128,-1.3619827281933365,-1.8697129112664523,-0.790386157798101,-0.8314172830871166,-1.317574173872486,-0.08607033897753999,0.11904759955750843,-0.39771434314548676,-0.3502454288142823,0.7806711296729086,0.9044189231421907,-0.20882997275045564,1
-1.460010860346257,-0.7462318004251005,-0.8790386569529866,-0.4281154315628296,1,0,0,1,0,0,-0.4955417426488382,-0.15997513789514695,0.188380452674872,-0.5136045974390228,0.7199685198313944,0.27389243024815424,-0.11610377187170072,-0.7671836978135231,0.430659415317859,0.025800400224030597,-0.10289048388600808,-0.3322790076763295,0.04256136266619877,-1.0303676377060849,-0.8992175403078133,1.8794172595009009,-1.6111687162925732,-0.6859575203716332,-1.0923365864985648,0.6301771912123648,-0.868086082077592,0.1521673098676069,1.29990724757353,-1.6324619954520696,-0.5359413396323879,-0.6301771912123648,1.0923365864985641,-0.8988402670423681,-0.7097714541928067,0.6002815269186915,1.5581698001500064,0.683490552976235,-0.655084613695,-0.30171300108041293,0.2342775195316623,0.2638024885416898,-0.9146852597229018,-0.1035484832504671,-0.6973258384659271,0.015317428625603584,-0.6346379459673855,-0.826093121566285,-0.4540570296619595,-0.2089648391376897,-0.5181215015185524,0
-1.1259074497021662,0.5421564981479937,-2.617112481027373,-0.4281154315628296,1,0,0,1,0,0,-0.00340319948767178,-0.45943325824927705,-0.1442422641769629,-0.41118360877283466,-0.11945692193288315,-0.035564914762951955,-0.7888418136965787,-0.7984107100551737,0.46157831999939136,-0.7606414523650661,-0.2876014073921705,-0.8998116694209193,-0.20340512390928567,-1.4778629601864026,-0.09187092961466016,-0.33551011400268577,-1.21036912505965,-0.6796797059293113,-1.321428539256431,0.08334093927970501,-0.37975951220618476,1.0038094755486804,-0.9681483345050741,-0.17260377578199168,-0.2896790287531832,-0.08334093927970501,1.3214285392564302,-1.4558905394934718,-0.40957446049198204,-1.019092945816409,-1.0130097982875779,-1.3647030752786062,-0.2770246880180474,-1.1988643086375024,-0.8177176958673952,-1.0384305451721696,-0.7203933142394032,0.12408133374116129,-1.7829885912885848,-1.8907244622481374,-1.8192559600768776,-0.7309235830158842,-0.8656330827735822,-0.9326642846196119,-1.7552876165909395,0
0.004904094016293398,-0.87507063028241,0.5693561964423357,-0.13478617003801185,1,0,0,1,0,0,-0.7731583567397526,0.6686225737643393,-0.5408308881156891,-0.1363250233692226,1.048156237724814,0.6195723835625835,-8.397022469115286e-4,0.18666887292649612,0.006960620425205814,0.4327938276298464,0.411617228863417,0.558938240116426,-0.33272970510377226,-0.17307391323258134,-0.21332327649589986,-0.018173515398258133,0.765561146866267,0.55546835594068,0.271474372857786,0.4930801176436278,-0.17176578841933068,-0.4699114617468166,-0.027778031631525847,0.17444078883573808,0.007184179559745137,-0.4930801176436278,-0.2714743728577867,0.18740776423728422,0.26586877533487285,1.5646281230418408,1.3126802907514432,1.6222459659263704,1.0776900456576979,0.18764225758709038,0.06817301183707392,1.6280466190990672,-0.3318094232724056,-0.6346847228976005,-0.7155722712864762,-0.62002986833231,-0.5161761445564365,-0.6040308649486834,-0.5363722402842841,-0.3759724034796717,-0.45626319576493324,0
-0.020796168340944693,-0.02473435322416849,0.5693561964423357,-0.4281154315628296,1,0,0,1,0,0,-0.5333985536612357,-0.10182793005939353,-0.3361399854376369,-0.30991991941360914,0.3412194460243546,0.16119987108226008,0.09407162292819193,-0.9586621779194452,-0.26693872970224475,-0.29145936961765,0.19648733544754882,0.4956060213357967,0.22850902140032944,0.04237377381433661,-0.8735928288422327,-1.4523969195049455,1.0147251218581845,0.7315792230646999,0.2654778184316193,0.4126498344833025,-0.08846950611852014,0.4406478063976838,-1.0946046494741697,1.3999268658353718,0.45880156174212466,-0.4126498344833025,-0.26547781843162,0.24311279148239442,-0.6347222057676005,0.8277217618533966,-0.1344157646506147,0.2738518273252659,2.0858498474629035,-0.38327221085833024,-0.5408768497097485,0.7598912632898273,-0.22078545442469194,0.19995793940503753,-0.5422311594912614,-0.9830854665939747,-0.44848368660732285,0.062155904904119784,-1.3595243465075295,-1.378017789531564,-0.7036964187794109,1
-0.4577006284139859,-1.5450325455404195,-1.6032360836506476,0.3052077222492148,1,0,0,1,0,0,-0.6974447347149578,0.247055316955127,-0.7839013350458762,0.5059760919950078,-0.4103053301724193,-0.20102621195097117,-1.308841768994325,-0.2966871135998726,-1.7873597329983908,-1.3803928576915974,-1.890804373664761,-0.8600608059139018,1.6148420443310498,-0.40056525980386176,-1.5175025565769762,-1.7335203171581897,-0.5687667552899599,-0.9347583940147443,0.19616880564547262,-1.3675781934948876,1.4197362526483783,-1.1129883739924926,0.7013598932323856,1.3008423167666878,1.5455286539360855,1.3675781934948876,-0.19616880564547334,-0.45320004908148526,-1.4602639384448675,-0.3549674598070702,-1.1551353037288514,-1.2793616741013212,0.7311351137871589,0.9216751455883455,0.8986955503100138,-0.4803306735805153,2.221741860225006,-0.6346847228976005,2.1491176815396953,2.284414917761011,2.8515236384119764,1.331083085576127,0.6983559190505837,0.06938110143228039,2.636652091916034,0
0.08200488108800677,-0.23087648099586283,-0.8790386569529866,1.478524768348486,1,0,0,1,0,0,-0.6469689866984278,0.09587257658216812,-0.4001058925245282,-0.2520549540654803,0.5650010954954711,0.2685261179069212,-1.4023764461709032,-0.4262486453741475,-0.9252032372618624,-1.6480128699463004,-1.4878958524428052,-0.6370097883445671,1.376083250783715,-1.1076079888768455,0.25651649620041933,-0.5529200928165534,-0.9796598946498367,-0.5259590481512613,-0.591162492785821,-0.28249761283093816,0.8433297340895406,0.8420122374597415,0.7091524499587245,1.254945084557323,1.420840838413168,0.28249761283093816,0.5911624927858203,-1.0102503215325889,0.340918023760079,0.30006041680488094,-0.04397226118798574,-0.42594766232847037,0.9201650766256344,0.35076067714292497,0.7325910426154264,0.44983577907224165,0.917210226264372,0.9587239960437993,0.40658334717727845,0.7284623537824456,1.243827762120523,0.030432725387320277,-0.9479482933959068,-1.1553410370755877,0.5334696962929761,1
-1.1516077120594044,-1.5708003115118816,-0.8790386569529866,-0.4281154315628296,1,0,0,1,0,0,-0.8236341047562825,1.8751771363562229,0.16279408984011548,-0.5095540498646537,2.873288060584892,1.8359365142420763,0.3476002608512276,-0.3796381483298527,-2.7612280115961396,1.62116302856549,1.1922304989177044,0.4789608004294149,-1.0556409675879674,0.30219170360111897,-0.2141315527801151,-2.093357772184252,1.598413399709365,1.538627438793883,0.6912331826893902,-0.032311248161722386,-0.1814002346201692,0.3065529838841871,1.671068515146643,-0.6051272972021182,-0.047787814781164915,0.032311248161722386,-0.6912331826893908,0.0759977097470634,-0.40957446049198204,-0.6915790075104341,-1.5685913195580112,-1.0062691903340089,1.6762849279795395,-1.3619827281933365,-1.7036084035718644,-0.4183195767369984,-0.27629743884854874,0.12408133374116129,-0.43275256256796935,0.4432043837197094,0.1607484349347019,-1.3019408143182878,-0.37174181903963527,-0.4316415915936655,-0.5181215015185524,1
0.544609603518286,-0.7462318004251005,-0.4445202009343899,-0.4281154315628296,1,0,0,1,0,0,-0.1295925695289965,-0.415822852372462,0.188380452674872,-0.5136045974390228,0.2397455746883403,0.07712764440294222,0.4207745066983978,0.7207122772198714,-1.8127483090545644,1.2892720254556345,0.18534207364501457,0.07610322015490022,-0.30819919415936614,-0.2786706489922387,1.4203216242772791,-1.089828310882522,-0.08771950119284169,-0.4545295059342739,-0.3925077445122049,0.4930801176436292,-0.863541623348256,0.4336468051348111,1.3829153161101186,-1.8287044853047287,-0.6847133686003049,-0.4930801176436292,0.39250774451220416,-0.6203151308168162,0.491016520610491,-1.637730384838808,-1.8270013294512357,-1.7572735206941175,-0.6865896075014126,-0.8726274695258333,-0.8177176958673952,-1.4725082230767892,-0.9146852597229018,0.12408133374116129,-0.7246954876967501,0.028283699992091807,-0.7023304039164997,-0.8895394805998851,-0.20711139779498602,0.013711913318286572,-0.5181215015185524,1
0.08200488108800677,-1.5450325455404195,-0.8790386569529866,0.3052077222492148,1,0,0,1,0,0,-0.6469689866984278,0.09587257658216812,-0.7839013350458762,0.5059760919950078,-0.6144732347460667,-0.3172963126776874,-1.7350730246373307,0.841884923865305,-0.8784647217328392,-1.634832753919689,-1.491057201143696,-1.499461852888916,0.9891665531642061,-1.1132343318044857,0.18762130301247743,-0.4393209275021131,-0.972958136989376,-0.5703833543871183,-0.7825353858951971,-1.2689780594871891,1.300330649619675,-0.9675585762350744,0.7594155391602849,1.243784946291653,1.381579058004728,1.2689780594871891,0.7825353858951963,-1.0659553487776992,0.11577027848446049,-0.1548200530645294,-0.354064273059855,-0.6990401460957827,0.41608517572303205,0.02452383803125581,0.4557501964577793,0.015758101167622184,2.33276582907272,-0.3311783002420958,2.769496397438356,2.88086340061946,3.4269095309794437,1.5214221626769286,0.9453015509175579,0.3477270420022505,3.1315185379449897,1
-0.020796168340944693,0.0783367106616796,0.5693561964423357,-0.8681093238500562,1,0,0,1,0,0,-0.5333985536612357,-0.10182793005939353,-0.6687627022894718,0.09802808629069931,-0.3206926294202451,-0.15407097896518193,1.0377778866341045,-0.8066140062958413,-1.0184398782843531,1.3275987027718352,0.986198828724141,0.33048542994446545,-1.2536217435321726,0.2354019421490044,-0.9901524138164384,-1.5258412936187855,0.8438192434939716,0.6880919618101365,-0.018359091073560794,0.4689510326955308,-1.207844566740701,0.11519008565896216,-0.14108191696089467,-0.9567834804825466,-0.6103189029062746,-0.4689510326955308,0.018359091073560086,0.29881781872750485,-0.8598699510432187,0.3091580262022686,-0.5607922809744348,-0.22112829950298704,1.7707999093987767,-0.7910682597479163,-0.8730858650989243,0.44983577907224165,-1.192245181842186,-0.1035484832504671,-0.6060936743631827,-0.5811310542328463,-0.8884846632765624,-0.2233527107470814,0.03983423407198747,0.29205785388825667,-0.5799798072721716,1
-1.1516077120594044,-0.02473435322416849,-0.8790386569529866,0.5985369837740325,1,0,0,1,0,0,-0.8236341047562825,1.8751771363562229,-0.5536240695330674,-0.09871279589293881,2.080740265303444,1.5184297007191205,0.06279079466504686,0.5956108768650286,-0.38372468011209643,0.3280759453895811,0.46208224839566964,0.6824823663226082,-0.11595211511574399,0.39672500070889494,-0.558664757638633,-1.778469831577107,1.270128324841775,1.315379130646464,0.8063022000563537,0.13114384342216406,0.3090908177610663,-1.3771527106945378,-1.2626261731921655,0.8162280684584762,0.6834821494640042,-0.13114384342216406,-0.8063022000563543,-0.11896988561082296,-0.9349191994684248,-1.6104375566466425,-2.08541133934446,-1.6377955590459181,0.4790951633358572,-1.4435419379712537,-1.814344742034923,-1.4104971262332722,0.3620903820258042,-1.2416975682086098,0.29710475025398503,-0.4255357978349895,-0.093098282374475,1.5214221626769286,-1.0302635040182315,-1.0996718489615938,0.34789477903211874,1
0.544609603518286,-1.3646581837401863,-0.15484123025532542,0.3052077222492148,1,0,0,1,0,0,0.13540510755778543,-0.5065324965962373,-0.1826218084290977,-0.4048184625845405,-0.25717538688289354,-0.07670664271240538,-0.31244064805203015,0.39852464866180626,0.5328029485760601,-1.1314510254074035,-0.8663715889995943,-0.8348010896544745,0.383057081293089,0.5949214496499201,0.287064055434818,-0.3187216532198663,0.11173601573780842,-0.35091184868800773,-1.321428539256431,0.17200761631813533,1.0288948295095979,-0.2594131181894247,-1.048644003794814,1.6393128607119718,0.7837283762895206,-0.17200761631813533,1.3214285392564302,0.2152602778598393,-0.10937746679115769,-1.028190555213798,-1.0130097982875779,-0.9209277891567239,-0.844114576533476,-1.1988643086375024,-0.8177176958673952,-1.1004416420156866,1.2225261405955843,-0.02767187758659086,0.7350191379471587,0.028283699992091807,0.6853649840403343,1.1724671879921262,-0.4540570296619595,-0.4316415915936655,1.0283361423219313,0
-0.12359721776989524,-0.10203765113855341,-0.8790386569529866,-1.161438585374874,1,0,0,1,0,0,-0.05387894750420167,-0.4414076238201935,0.7512804350395157,-0.6397502218979436,0.45551563856668376,0.15493917335082152,0.3283580075508753,-0.12084221615697036,1.2796686101891415,-0.4864065425918584,0.676953043648255,0.473674908305173,-0.11402082113412866,-0.05962080226212422,-0.14696119026613,-0.6924515384037457,-0.4596180692365321,-0.24477859668869398,0.19616880564547262,0.45147824704345946,-0.5161622057494837,0.018637239807418174,-2.4451968756047395,0.20135444894895088,-1.1190507685496847,-0.45147824704345946,-0.19616880564547334,0.02029268250195297,-0.03432821836595151,0.34554846379182197,-0.08273376267196997,-0.2552648599739003,0.9831750642384596,0.9216751455883455,0.8986955503100138,0.20179139169817292,-0.38732140769626244,0.19995793940503753,0.561678026151944,-0.8793552956620708,-0.7530997473783346,1.4579758036433286,0.6160407084282594,0.9600881112561845,0.038603250264021984,1
1.2128164248064663,-1.2100515879114147,1.4383931084795292,0.3052077222492148,1,0,0,1,0,0,0.12278617055365294,-0.5059510245178798,-0.3361399854376369,-0.2971896270370208,-0.41756314523130045,-0.15943729130641499,0.9534415851616792,0.04850368213027836,-0.8082448186941193,-0.11709875617971455,-0.6573201144549633,-0.4331973052404412,-0.15136998847538194,2.678734201149033,1.9819081148806963,-2.0797443547433194,2.2231246603223793,0.7156381448922083,0.6912331826893887,-1.276386111883534,1.3507759177168945,1.918859215901249,-0.9850447632195036,2.3626052229693766,1.5532297025027362,1.276386111883534,-0.6912331826893894,2.5827239357770297,1.9169522406894068,0.14540105704928116,-0.9742482968035945,-0.1699234587966153,1.3297299961089997,-0.5463906304141645,-0.8730858650989243,0.139780294854656,0.5841383197212315,0.8828473903799233,-1.591401046672821,-1.7480954772167696,-0.9561771212256767,-0.5088613263982832,-0.8656330827735822,-1.378017789531564,-1.6315710050837011,0
-0.1749977424843705,1.1348151154916164,-0.15484123025532542,-0.4281154315628296,1,0,0,1,0,0,0.17326191857018283,-0.5111842732230976,0.047655457083711085,-0.46615532585355707,-0.08986322073364038,-0.03288175859233543,-0.3287871958677785,0.11046721692341455,-0.5280175690463007,-0.9674310970675847,-0.6562746012871998,-0.1665681535675537,1.3620549493605973,-0.8586032878934314,-0.4047148797505231,-0.3687391230065786,-1.2092158216061388,-1.0995365164336723,0.3506288912831737,-0.5749285603869245,-0.40071968922725726,-0.5570542040807671,0.35127044802341195,0.10789928921808485,-0.2202942775244155,0.5749285603869245,-0.3506288912831744,-0.7874302125521474,-0.3345252120667762,0.16359627584405784,-0.05689276168264715,-0.5283573437412127,0.25856020669096863,1.7372672433675176,1.6738499195514247,-0.23228628620644656,-0.5261013687559044,-0.7105613285614767,-0.7246954876967501,-0.4514683405679659,-0.38079122865820925,-1.0798785577006862,-0.20711139779498602,-0.48731077970765985,-1.0748462533011267,0
-0.2006980048416086,-0.07626988516709207,0.5693561964423357,-1.6014324776621007,1,0,0,0,1,0,-0.33149556159511606,-0.2937137159173798,-0.11865590134220637,-0.42275660184246044,0.23329182537307536,0.1008288572433882,1.404286331148645,1.375662921241707,-0.6741741689326838,0.764407324046856,0.07653423391043522,0.8192004006514365,-0.25716263357129526,1.2254496442526215,1.2178997241223481,-1.0875925727709548,0.7364130734089606,0.29160546550384725,0.6912331826893887,0.43173498641965286,-0.7282394820772422,-0.6680753240049117,-0.1713069747076084,-0.3024503815913455,0.18519772824446792,-0.43173498641965286,-0.6912331826893894,0.8558680911786088,0.7912135143113154,-0.7006766169078218,-1.1034533017502068,-0.801449827508525,0.19555021907814235,-0.5463906304141645,-0.8730858650989243,-1.0384305451721696,-0.8869292675109735,-0.9381911455531051,-1.272088472313216,-1.1516469943583196,-1.176177609560296,-0.44541496736468245,-0.7010026615289333,-0.5986491559356475,-1.0748462533011267,1
-0.5605016778429365,-1.7254069073406524,-0.15484123025532542,-1.161438585374874,1,0,0,1,0,0,-0.20530619155379135,-0.3884936646896579,0.9431781563001896,-0.6559524121954198,0.6711602332826296,0.20815510406804932,1.4057337958224017,-0.26614679177696626,-0.841469142991277,1.3553565281485718,0.8842732906412683,0.4596510903007276,-0.6975694672254091,0.611781595482445,-0.2358509918621496,0.22822413770118535,0.06314164933710648,-0.4865832237401889,-0.8856385367838302,1.505274782839251,-1.3434221006423985,0.1290244780416466,1.3796597563899915,-1.7683890505867275,-1.6246523982136987,-1.5052747828392519,0.8856385367838302,0.7723105503109431,-0.03432821836595151,0.6366719645082435,0.6666552660183818,0.6664222727407777,-0.34003467563087314,0.10608304780917345,0.6218547041523672,0.8839134569768611,-1.0812212129944723,0.8828473903799233,2.2221034128218906,2.8030657724205326,1.6161362808406496,-0.2233527107470814,1.2745623934068555,2.68583294279,2.512935480408796,1
0.2619067175886707,-0.6689285025107157,0.5693561964423357,1.0385308760612593,1,0,0,1,0,0,0.7789708947685415,-0.6478302116371182,-0.19541498984647596,-0.39093087090098955,-0.6042671829045622,-0.19610709230484086,-1.1614500241784358,0.011637735067751283,0.21010293461135696,0.4818487820954653,0.18087878558776377,0.875626205934965,0.9241206615394043,0.12623164202547923,0.5558503572986124,-0.8176968772918827,0.8837437175680779,0.11739696569601805,0.7338087191151667,0.4664671563038157,1.741153700818316,0.5408655290758909,-1.1089242533958166,0.22535852418505667,-0.12053599244029818,-0.4664671563038157,-0.7338087191151673,0.29881781872750485,0.7912135143113154,0.7094528396873502,0.13691474573727128,0.4957394703862077,0.7626401075935709,1.9819448727012692,1.6738499195514247,0.7598912632898273,1.611110031562582,0.5034643620605421,0.0051618251252043045,-0.5681647828663581,-0.44848368660732285,0.728342674756924,-0.28942660841731066,-0.09762646290970158,-0.1469716669968365,1
-1.074506924987691,1.0317440516057692,-1.6032360836506476,0.3052077222492148,1,0,0,1,0,0,0.2363566035908452,-0.55072437455141,0.23955317834438508,-0.5454303283804937,-0.00360074055937483,-0.002025462630245358,-0.6603609784529566,0.9799272719738538,0.056973775958121926,-0.19074828109797484,-0.6629397639515832,0.8150827636509623,1.4458978720192015,-0.940119474217745,0.5315348540992464,0.05439874477436585,-1.3346085270639019,-1.7450452539439927,-0.6247379431982625,1.731283161032851,-0.021108286041089986,-0.8125009854474026,-0.023219568064253605,-1.0656863480322014,-0.8418428837255688,-1.731283161032851,0.6247379431982617,-0.7595776989295921,0.8662627627365218,0.9641859028142197,0.8475422729436388,0.20557870638343811,-0.15100471279239655,1.5741488238116832,2.227531611866718,0.7598912632898273,-0.22078545442469194,-0.9381911455531051,-0.7794347861583975,-0.671894953798262,-1.0069464646875115,-0.5723076854318833,-1.277209135885205,-0.7099875321636356,-1.0748462533011267,0
0.9044132765196139,-0.41125084279609675,-0.15484123025532542,-0.13478617003801185,1,0,0,1,0,0,0.1858808555743153,-0.5292099076521812,-0.16982862701171944,-0.40655441154498434,-0.278208395179635,-0.09280557973610455,0.5484135755809468,-0.1643131019404745,-0.6146926284402402,-0.18876384107330776,-0.015653039713634884,-0.19741611532935277,-0.08691235179936996,0.8306112657567949,-0.5205108743583244,-0.048770228467369635,0.07620339806662824,0.4489264533311451,0.5061221547512287,-0.7712178265546397,0.06735456323823892,-0.2959114784145528,0.7912960391759558,0.33056975634331925,0.4586390234840884,0.7712178265546397,-0.5061221547512293,0.7723105503109431,-0.4846237089171882,0.00893691608845806,-0.018131260198663828,0.017827623793410803,0.41608517572303205,0.18764225758709038,-0.04256332662598434,0.07776919801113909,0.1400424443303771,-0.17942508891434333,0.34272083230535716,0.7154960824159574,0.8207498999385615,-0.3185222492974822,0.5337254978059351,0.18071947766026855,0.2860364732784985,1
-0.7918040390580765,0.8771374557769975,-0.4445202009343899,0.5985369837740325,1,0,0,0,1,0,0.45087853266109723,-0.5984050849767277,-0.016310450003180245,-0.45226773417000615,-0.29785991890333213,-0.11069328754021474,-0.5893492490576769,0.27574035180957457,0.8074757688050235,-1.2549192948823156,-1.1805599547003602,1.5394506574420745,2.2839954770989643,-0.5552678622589606,-0.289474863371269,1.0608835837613733,-1.1939228198520444,-1.2852527692175917,0.3460261305884952,1.7564425842657236,0.2646873717186091,-0.668451849861496,-0.03776073609745729,0.5114415760291846,0.2799865851858264,-1.7564425842657236,-0.3460261305884959,-0.4253475354589299,-0.10937746679115769,0.5638910893291381,1.06719078135288,0.4616029099152932,-0.9386295579527137,2.3081817118129377,2.282899781098247,0.3258135853852078,0.1400424443303771,-0.7105613285614767,-0.3415203984652251,-0.30883935553659736,-0.093098282374475,-0.3185222492974822,-1.4418395571298541,-0.9326642846196119,0.10046155601764112,1
-1.1259074497021662,0.0783367106616796,-2.617112481027373,1.7718540298733036,1,0,0,1,0,0,-0.1295925695289965,-0.4228005173127524,0.6233486208657331,-0.618340184719136,0.46808279360349286,0.15270320987530775,-0.5133576422479551,-0.2986740486375516,0.18956612990089228,0.0927965075304519,1.0183666141271153,-0.13146717859822904,-1.0889321962424443,-1.5442903900145972,-0.3602346567217938,-0.44257663886457016,-1.1602722635992329,-0.6247691091013937,-2.0400276446246037,1.843969028470223,-0.8292004638275781,0.04906433395028953,-0.7038900902080145,-1.2758682101038261,-1.9338919074502083,-1.8439690284702237,2.040027644624603,-1.5115955667385823,-0.6347222057676005,-1.0554833834059623,-1.0905328012555453,-1.4159079159849774,-0.2140147004052217,-1.5251011477491712,-0.9284540343304539,-0.8523972546416179,-0.9424412519348303,-0.3311783002420958,-1.1169937933385516,-1.2553771652902237,-1.5823323572549794,-1.1116017372174867,-0.7833178721512579,0.06938110143228039,-1.3222794763156045,1
-0.7918040390580765,-2.524207652455971,-1.8929150543297122,-0.13478617003801185,1,0,0,1,0,0,0.2868323516073751,-0.5559576232566278,0.57217589519622,-0.6096604399169167,0.1400132577655818,0.043588192270235616,-0.3386210132963614,-0.7586864245357778,1.1326481118286724,-0.6838891320109449,-0.1610699935337928,0.3113196470151162,0.06634368777176336,-1.4340896715796583,-0.054297195327886474,0.3582969001517322,-1.6709237701845039,-1.01736497956457,-0.37315522795503414,0.7946936794948511,-0.962064740541209,0.9869271891815813,-1.1883140821749845,-0.7329693113115354,-0.7838600083665529,-0.7946936794948504,0.3731552279550334,-1.3444804850032512,-0.03432821836595151,0.06352257247278678,0.24027874969456073,-0.4600842227993849,0.006520256239666901,0.5138790966987595,0.7879592118469556,-0.10826409251941274,-0.9146852597229018,0.8828473903799233,-0.07694712256726609,-0.671894953798262,-0.8884846632765624,0.728342674756924,0.28677986593896093,0.793080546914203,0.038603250264021984,1
-1.9483158451337743,0.2587110724619126,1.4383931084795292,-0.4281154315628296,1,0,0,0,1,0,0.11016723354952047,-0.5036251362044497,0.21396681550962854,-0.536171933924793,0.0633017084535547,0.027042062551433693,0.22955485798184885,-0.1941664464898729,-0.014597270900834335,0.6160850646118787,-0.045909388172095285,-0.9175354035687069,-0.6601957131619817,-0.1438225301348279,0.26917803689704434,-0.9969259608413648,0.5415778301942159,-0.07896841282771835,-0.27639264516917894,-0.9772859963810728,-0.4629073955101252,0.5361561895815408,-0.9818594891395116,-0.29527187005066485,-0.017412832091556946,0.9772859963810728,0.27639264516917894,0.5494904413305014,1.3165582532877582,2.9838551890344016,1.8036593095485693,1.9977481311064238,2.7474547173975705,0.758556726032511,1.009431888773073,2.806257459125893,-0.6926373220274746,-0.02767187758659086,-1.3268277707748632,-1.5406351353529608,-1.531563013793144,-0.0647368131630805,0.12214944469431245,-0.32030321536567735,-1.6315710050837011,0
-1.0231064002732158,-1.235819353882877,-0.8790386569529866,-1.161438585374874,1,0,0,1,0,0,0.19849979257844777,-0.5309543238872538,-0.09306953850744984,-0.42680714941682946,-0.2169290960977163,-0.0784954134928164,-0.3031949876587313,0.7364119545726334,0.7827315513131886,0.039488140196021086,-0.33333011558605796,-0.1754448572018055,0.13329949609908828,-1.151124735540071,-0.0418326836379485,2.752937428283521,-1.3659241612255149,-0.665732114951594,0.356369413048447,-0.5927287050207662,-0.7285902615388001,-1.0526555825830142,1.6964163708441415,-1.4077729463619009,-0.2166123605820914,0.5927287050207662,-0.3563694130484477,-0.9823978079100336,0.26586877533487285,0.9641859028142197,2.423843333292309,1.5539728449845414,-1.4742144526617298,1.166352774922097,1.0648000580046022,0.44983577907224165,-0.8314172830871166,-1.1658209625447336,-0.9162830323125138,-0.010615114107371936,-0.5669454880182719,-1.1433249167342867,0.28677986593896093,0.013711913318286572,-1.0748462533011267,1
0.4932090788038099,0.18140777454752677,-0.8790386569529866,-0.4281154315628296,1,0,0,1,0,0,-0.2810198135785862,-0.3460462029695579,0.41865771818768077,-0.588250402738109,0.5291327677719444,0.18847862548352812,-0.39668549627979627,-0.302638949853983,1.2921364034288123,-0.3338548656817173,0.29434476579806435,-0.03450869782120013,-0.7598411052288311,-1.3323382148609393,0.2463622195545049,0.6244337283834992,-1.175654086229539,-0.5294560909710337,-1.358700052625797,1.300476421676128,-0.779655806854008,0.662181719686353,-1.1388980734467167,-0.7147420821612254,-0.8995734339232297,-1.300476421676128,1.3587000526257962,-1.1216603760228097,0.7912135143113154,1.5919209512340051,1.7390568070752632,1.0589927181562884,0.9201650766256344,-0.13859458152457876,0.6218547041523672,2.1241353938472036,-0.9979532363586869,-0.1035484832504671,-1.7464957256474865,-1.929623276347602,-2.005410219436941,-0.7626467625326843,-0.7833178721512579,-0.26463402725168356,-1.6315710050837011,1
0.004904094016293398,-0.41125084279609675,-0.4445202009343899,-0.4281154315628296,1,0,0,1,0,0,-0.356733435603381,-0.27917691395844146,-0.2849672597681238,-0.3492680958503368,0.0999991095656377,0.055215202342907235,0.9485728294705092,-0.3013900903064392,-0.5410550028439577,2.328821981272311,1.5185558024509367,0.19295109120144566,-1.9235734162989748,0.012208612170890157,0.5971287177703922,-1.4865601429404895,1.4522727192060636,0.38782607081323806,-0.10705812529392912,0.3693412204738959,-1.3068149087702028,1.0118577985047437,-0.7542092660039529,-1.706039485126118,-1.595560241992458,-0.3693412204738966,0.10705812529392841,-0.17467491285593337,0.26586877533487285,-0.7097742263052108,-1.2972608091701252,-0.767313267037611,0.19555021907814235,-1.1173050988595852,-1.2052948804881005,-0.9144083514851348,-1.1089772052064004,1.5657368413548085,1.3736442866663687,0.7025298110494701,-0.093098282374475,1.331083085576127,2.097714499630101,2.6301637546760053,1.3376276710900281,1
-0.9460056132015023,0.6452275620338409,0.5693561964423357,0.5985369837740325,0,1,0,1,0,0,0.6149247137148194,-0.6228269122677442,0.25234635976176334,-0.5471662773409375,-0.19497510834007667,-0.056135778737678665,-0.2715192334071095,-0.5603247704714096,1.1924771441101452,-0.03969129327492732,0.010940236240966763,0.7911557263439006,0.7848066126619895,0.17883582250871957,1.0605425476928005,-0.027973451249533474,0.09524672832084116,-0.38116693805228274,0.4573016638664392,0.625495827724652,0.556244750256065,1.8314915749324243,-1.6582668249757968,0.14806540192478979,-0.3863581698052352,-0.625495827724652,-0.45730166386643994,0.27096530510494976,1.1664597564373458,0.40923172957353837,0.33072225315718967,0.3591932285025509,-0.15100471279239655,1.3294711944779316,1.1755363964676604,0.20179139169817292,0.9449662184763004,2.476256109321323,1.3827675030766426,0.15794641365697218,0.2115177783965368,2.187608932529733,0.28677986593896093,0.6817421706862145,1.3376276710900281,0
-0.04649643069818187,-1.3131226517972627,1.4383931084795292,0.3052077222492148,1,0,0,0,1,0,0.04707254852885811,-0.47106269981642773,-0.13144908275958464,-0.42102065288201657,-0.14653905172994722,-0.03690649284826022,0.9680667053788785,0.5475288643071221,-0.5789751860727401,0.28339025891635783,-0.5220945429291618,-1.2343823175996067,0.30152791459443357,1.5808100606142865,0.8540114835281322,-1.2015019265209836,1.187802699853505,0.5022028407366799,0.2857518833962749,-1.9669554962053912,0.23340646726320227,0.10402940724063946,-0.4159150886045372,0.7949628675070698,1.1690518040196385,1.9669554962053912,-0.2857518833962756,1.5521809317424884,0.8662627627365218,0.1817914946388332,-0.4832692780064673,-0.01630893667750248,0.9201650766256344,-0.22015379130249568,-0.3747723420151606,0.20179139169817292,0.7229182807808735,0.7310941790521709,1.8662979728211873,1.3119445652744073,1.6161362808406496,2.5048407276977347,0.5337254978059351,-0.32030321536567735,1.3994859768436472,1
-0.9974061379159777,0.18140777454752677,-0.15484123025532542,-0.8681093238500562,1,0,0,1,0,0,-0.48292280564470574,-0.15997513789514695,-0.10586271992482811,-0.4244925508029043,0.47933566860350996,0.20502475520233004,0.31577058450764517,1.4595326606894974,-1.7344862471597537,0.761945997307929,-0.058434325672796904,0.29633395816770397,0.42787834986527906,-0.2154534486657746,1.0980001510406114,-1.9350632687072824,-0.2067587494646005,-0.6449566191615371,-0.21462929445480164,0.617030896486598,-0.654365231762484,-0.9033019337061539,0.42654883724002096,-1.2343583224000747,-0.5537071227390378,-0.6170308964865974,0.21462929445480092,-0.06326485836571254,1.3165582532877582,0.6548671833030202,-0.5349512799851129,-0.5795621844475838,1.833809897011603,1.0847935651441794,1.3416409041622488,0.5738579727592754,-0.7481493064513315,-1.0140677512169813,-0.7794347861583975,-0.46443461193445323,-0.8884846632765624,-0.5405845059150832,-0.12479618717266176,0.18071947766026855,-0.45626319576493324,0
-0.8432045637725518,1.3924927752062353,-0.15484123025532542,-0.8681093238500562,1,0,0,0,1,0,-0.5333985536612357,-0.06984696574972914,0.40586453677030254,-0.5876717530846277,0.9215222150591409,0.40044796296223384,0.47332593157703945,-0.5900241845888271,0.19964725201136269,0.22296915588508928,0.11183861071880695,-0.19894884721504114,-0.3063366578833934,-0.2855647297035168,-0.43072791495606816,0.19455490742083156,-0.19801812986883363,-0.1726407917714751,-0.34274413050805214,0.06858695651968806,-0.9435041431017618,0.3783329403734131,-0.07741556256787428,-0.49756833275393686,-0.3139458026995723,-0.06858695651968806,0.34274413050805214,-0.3974950218363748,-0.5596729573423944,-0.5733100853443877,-0.39282577454383927,-0.4430159425639276,-0.5920746260821743,-0.13859458152457876,0.012804842605544792,-0.35630847989348147,-0.8869292675109735,0.35171115073279,0.0051618251252043045,-0.03654765684034838,-0.2284831982727022,0.12560226393772106,0.5337254978059351,0.6260729825722207,0.038603250264021984,1
-1.5628119097752085,0.6194597960623787,-0.4445202009343899,-0.8681093238500562,1,0,0,1,0,0,-0.06649788450833415,-0.4379187913500483,-0.6559695208720935,0.08934834148847998,-0.8922625154606776,-0.4058404663080328,-0.06492790920238928,0.014392707224182327,1.8356596771864242,-0.17873295237071513,0.40002314322523774,-0.10198586257246607,-0.9752654500068451,-0.25842994873752073,0.15401465428690853,1.1432903415061186,-0.4834720678657791,0.24412325460855142,-0.2094031647789695,0.06858695651968806,-0.16793632152485055,0.13453405731969645,-1.3605117389636086,-0.2379459387054087,-0.2817108343230295,-0.06858695651968806,0.2094031647789688,-0.45320004908148526,-0.18442671521636386,-0.9372144612399159,-0.2765412700918884,-0.4430159425639276,-1.033144539371952,-0.9541866793037505,-0.983822203561983,-0.9764194483286528,-0.16527347000083534,0.12408133374116129,0.0051618251252043045,-0.6978274965312384,-0.7361766328910565,1.109020828958526,0.5337254978059351,0.6260729825722207,-0.1469716669968365,1
-1.3572098109173063,-0.46278637473902035,0.27967722576327125,-1.6014324776621007,1,0,0,1,0,0,-0.16744938054139394,-0.40942665951052915,-0.7199354279589849,0.28898247193952453,-1.0463727674309302,-0.5382095040584483,0.9750335610085791,1.4364100320790858,0.40804282118644325,1.1860360819049083,0.6663466896205594,0.07296861783043665,-0.6716352838284052,0.9562434912225816,0.44442709355840293,-1.0595435743325505,1.314453735794359,0.25878684156065196,0.06512235289855199,0.03493293508481349,-0.40034067217474684,-1.5263005417591924,-1.6225473162887345,-0.29886840625867345,-0.6136283494664921,-0.03493293508481349,-0.0651223528985527,0.9672781456688292,0.491016520610491,0.21818193222838655,-0.37990527404917784,0.13730558544161034,0.4790951633358572,-0.05703537174666111,-0.09793149585751397,0.2638024885416898,-0.44283339212011924,-1.4693273852002382,-0.3050275328241268,-1.060883094792903,-1.0915620371239039,0.7917890337905242,0.4514102871836102,0.514734606344233,-0.2706882785040748,1
0.5189093411610479,0.10410447663314094,-0.15484123025532542,-0.13478617003801185,1,0,0,1,0,0,-0.5838743016777656,-0.01751447869755106,-0.0035172685858019803,-0.4545823327839313,0.7845310035618741,0.33784098564784815,-0.6296067851937249,0.3305158373446154,0.33655243592745626,-0.32331327943011423,-0.3287429533366874,-0.10386671395442124,0.1662898954537114,-0.7289190785600402,0.40913749901817176,0.11633787426689092,-0.05227671216376623,-0.3797808550792433,-0.31054414497595056,0.16633209230480636,0.14715620643470131,-0.043778394363605234,-0.3431701104297735,0.3849386891625326,0.05659985320168903,-0.16633209230480636,0.3105441449759499,-0.7038726716844818,0.340918023760079,-0.09113678728281299,-0.018131260198663828,-0.03337721691295973,-0.49755964466293656,-0.22015379130249568,-0.09793149585751397,-0.10826409251941274,0.3898463742377325,0.27583454506891375,0.9904691974348425,0.6376984542170299,0.7699805564767266,0.7917890337905242,0.03983423407198747,0.1250502895462747,0.8427612250610729,0
0.004904094016293398,0.5421564981479937,0.5693561964423357,-0.4281154315628296,1,0,0,1,0,0,-0.7731583567397526,0.7093256192493668,-0.31055362260288033,-0.30124017461138985,1.405155930306622,0.7783257903240615,0.09992802300405239,-1.1633995485162536,0.7160491661233056,0.3484910157324673,0.5735758061296721,0.36560036090593356,-0.08199752573512943,-0.16638847563686338,-0.23944180813215712,-0.22578495705497706,0.5871987226432123,0.22606411459136153,0.13830413819877924,0.3614669270176405,-0.3052057528656738,1.3569348442077942,-1.2057553051016217,0.11146732227557786,-0.5249690313083067,-0.3614669270176405,-0.13830413819877996,0.15955525061472892,0.19081952690966666,1.409968763286241,1.0542702808582185,1.2808803612172301,0.9831750642384596,0.4323198869208419,0.40038202722625016,1.5040244254120325,-0.5816133531797613,0.5793409677244183,-1.3724438528262355,-1.6702978490178413,-1.531563013793144,-0.5723076854318833,-0.8656330827735822,-0.8213259083916238,-1.3841377820692236,1
0.18480593051695732,-1.2100515879114147,-1.6032360836506476,0.3052077222492148,0,1,0,1,0,0,-0.44506599463230834,-0.18904874181302367,-0.3361399854376369,-0.2971896270370208,0.1727443520001637,0.08428272752458629,-1.342437836971325,-2.753990529603432,0.9935186452240683,-2.3643497645850724,-1.0873604686110117,-0.18300145116271385,0.9857390928938581,-0.2606134450890257,-0.9904704481547036,0.17045648834755786,-0.3223846338971949,0.33152122932076067,1.3799550954593118,-1.6182148153149178,1.6062906072505005,2.7877068785333874,-1.1868809390647086,2.8744129124024074,1.737287818782597,1.6182148153149178,-1.3799550954593125,-0.4253475354589299,-1.0850176963188372,-0.8007503202790929,-0.5995537824584191,-0.6819718658603261,-0.2140147004052217,0.5138790966987595,-0.09793149585751397,-0.9144083514851348,0.7506742729928018,1.4898602356909325,-1.6370171287241937,-1.8647919195151619,-0.939254006738398,-0.5088613263982832,-0.9479482933959068,-1.545025353873546,-1.6934293108373202,1
0.6474106529472365,1.1348151154916164,0.5693561964423357,-0.4281154315628296,1,0,0,1,0,0,-0.4955417426488382,-0.15125305671978392,0.047655457083711085,-0.46615532585355707,0.6251506926398339,0.2439305196762697,-0.19908820388581247,0.9234455302682649,-0.8201898340626242,-0.5254692995637317,-0.522402243977292,-1.2617915772585333,-0.13276131777941508,-0.7097008044057413,0.5798911524626241,-0.8802754728991585,-0.6810236014364771,-1.00581112538453,-1.2010128806784743,-0.529783266025729,-0.43228768776525667,-0.686535744229029,0.23663502286502056,0.034583777767083566,-0.3028302963628352,0.529783266025729,1.2010128806784734,-0.5367575899491508,0.8662627627365218,0.8368193712507843,0.2015172482105774,-0.08458205761933026,0.9201650766256344,-0.05703537174666111,0.6218547041523672,0.7598912632898273,-0.5261013687559044,-0.7864379342253526,-0.5878472415426337,-0.38663698373552574,-0.3469449996836519,-0.9212626601166852,0.2044646553166367,-0.04195727479570725,-0.8274130302866491,1
-0.7147032519863632,-1.5708003115118816,-0.15484123025532542,0.5985369837740325,1,0,0,1,0,0,-0.6722068607066928,0.14529770324255853,-0.2721740783507456,-0.3544759427316684,0.8205596269779227,0.3856906040238429,0.7819082014223581,-0.5210043502627186,0.8454047923421585,1.324660354046089,1.6408547597198073,0.8066064572402329,-0.8226358036287909,0.30719727030648963,0.5501654969037039,-0.9905119975823825,1.1010370779754306,0.5627999923214557,-0.8963291925090734,1.9890833844256839,-0.7803144949386097,1.2662385387337647,-2.151065705317326,-0.6977611592776017,-1.5837268977091,-1.9890833844256846,0.8963291925090727,0.10385022336961848,0.26586877533487285,-0.6097005229339397,-0.9871687972982559,-0.5624939042121272,0.19555021907814235,-0.8726274695258333,-0.5962450189412776,-0.046252995675895824,-0.8036612908751883,0.9587239960437993,-0.4509989953885172,-1.4239386930545688,-1.5484861282804228,0.4428340591057229,-0.7010026615289333,0.29205785388825667,-0.3944048900113141,1
0.08200488108800677,-0.2051087150244015,-0.8790386569529866,0.5985369837740325,1,0,0,1,0,0,-0.6848257977108253,0.15401978441792155,-0.34893316685501513,-0.2896671815417641,0.7812478189133183,0.3423129125988757,-1.7780592695419917,-0.7882553947119832,1.0097898391928197,-1.333070074978229,-0.46145352675364704,-0.956243165565905,0.23088435835550664,-1.3265846769619078,-0.026714594264017896,0.19307556941038648,-1.0187787026711357,-0.4637027446566705,-0.2682155254971324,-1.0381887348318,1.1469269185099686,1.055143172951468,-1.1863942112159356,0.7906881465681532,0.14719670717018454,1.0381887348318,0.2682155254971317,-1.2887754577581405,-0.18442671521636386,-0.4823339913705056,-0.3153027715758717,-0.6819718658603261,-0.2140147004052217,-0.05703537174666111,0.06817301183707392,-0.5423417704240322,0.9727222106882286,0.8828473903799233,-0.21379536872138252,-0.7756251247301669,-0.44848368660732285,0.506280418139323,0.2044646553166367,-0.26463402725168356,-0.6418381130257917,1
0.6731109153044746,1.572867137006469,-0.4445202009343899,1.7718540298733036,1,0,0,1,0,0,-0.4576849316364408,-0.1832340210294483,0.5977622580309765,-0.6137109874912857,0.8675007310361066,0.3333690586968206,-0.23938307933819988,-1.6218861351086997,0.2682227968836601,-1.1023887526147478,-0.9198150303975251,-0.816386264195557,0.22299333833478768,-0.07748031763529314,-1.2190522322725716,0.4582487406188674,-1.0237116919545663,-1.00746401135019,-0.4633576356367666,-0.653901033058197,0.25545057859157805,1.0048698548878048,0.09382624212504122,0.47416109464195877,0.21221206822081826,0.653901033058197,0.4633576356367659,-0.4253475354589299,-1.3852146900196616,-1.4375829780962672,-1.0259302987822392,-1.3134982345722352,-1.5057194464681423,-0.709509049969999,-0.5962450189412776,-1.720552610450858,0.19555442875423396,0.8828473903799233,-0.11343998820836432,-0.0495139282068366,0.1438253204474232,-0.3185222492974822,0.36909507656128593,0.06938110143228039,0.10046155601764112,0
-1.5371116474179702,0.2587110724619126,0.27967722576327125,0.5985369837740325,1,0,0,1,0,0,-0.7605394197356201,0.5784944016189215,0.7768667978742723,-0.6420648205118689,2.0032063833954625,0.9411039313414642,0.7533873695138747,-1.0738182083111893,1.0876415244683142,0.5223147813267046,1.0252833736509583,0.10657397347407604,-1.7093254169889796,1.284487914896859,-0.9625490338410484,0.7713790413285648,1.4033310379014783,1.4681490534385833,0.9910609039976785,-0.8375679493470519,0.2358417131144453,0.5095886986841315,-0.711680855130884,0.6859054624715761,0.10044319866733781,0.8375679493470519,-0.9910609039976793,2.1649362314387024,-0.40957446049198204,2.3652177500120026,2.5272073372495982,3.192527747588414,1.140700033270523,0.5138790966987595,0.06817301183707392,2.8682685559694088,0.44535835866158957,0.8069707847160468,0.853620951280726,0.31354167005482897,0.5838262971166633,0.886958572340925,2.180029710252426,1.795125932966095,0.7809029193074537,1
0.9044132765196139,-1.3904259497116478,-0.15484123025532542,-1.6014324776621007,1,0,0,1,0,0,0.1858808555743153,-0.5292099076521812,-0.4896581624461761,-0.15947100950847412,-0.6874515472100045,-0.2837568605449808,1.358109754533574,0.9624436671366073,-0.5571535986170022,0.9900124859198552,0.9112221429739582,0.13400881832089384,-1.0095353427424685,0.9269554341230711,-0.11026969309651845,-0.11910186310579134,0.07160218199777182,0.5577266021290452,0.4407888507730546,-0.2543969704224406,-0.9622817259429295,-1.43144989534069,0.6419617477840538,-1.266443500208097,-0.6401219395457,0.2543969704224406,-0.4407888507730553,0.8558680911786088,-0.10937746679115769,-0.009258302706318612,-0.06981326217730856,-0.03337721691295973,0.5736101447550955,0.10608304780917345,-0.09793149585751397,0.139780294854656,-0.8869292675109735,-1.317574173872486,0.14201007127932075,0.45617065508619664,-0.11002139686175369,-0.12818317219668063,1.2745623934068555,1.2384340518261547,0.10046155601764112,0
-0.7918040390580765,-0.5916252045963298,-0.4445202009343899,-1.6014324776621007,1,0,0,1,0,0,0.45087853266109723,-0.5984050849767277,-0.6175899766199587,0.0025508934662866888,-1.1175570116934976,-0.4621867458909799,-0.11959880772452154,-0.021523108184517012,0.6256811595054519,0.7303077262992831,0.67384997640773725,1.1921286398209034,0.24066912706291252,-0.5518025307866045,-0.2687765644247182,1.1170590125405844,-0.8178720453575979,-0.8357965165069866,0.566011016731223,1.0645584453617318,-0.38504953357234706,-0.23971332050327435,0.2672094733559279,-1.7975865426302786,-1.692030595559746,-1.0645584453617318,-0.5660110167312238,-0.48105256270404034,-0.18442671521636386,0.23637715102316323,0.795860270964994,0.39332978897346543,-1.033144539371952,1.9819448727012692,1.784586258014483,0.015758101167622184,-0.38732140769626244,-0.2553016945782196,-0.0951935553878152,0.054216242725068246,-0.6684841749419423,-0.6040308649486834,0.6160407084282594,1.4054416161681371,-0.08511336124321738,1
0.31330724230314594,-1.132748289997029,-0.8790386569529866,-2.6280848929989626,1,0,0,1,0,0,-0.7226826087232228,0.35462765145127084,-0.1442422641769629,-0.4181274046146101,1.192114343301439,0.5958711707221376,0.8498852673234424,-0.30741748439845584,0.6796067329086691,0.6099903216760176,0.5982829909652966,1.1919369363479249,0.12317362442437849,-0.34005297336494483,-0.7821383852470866,0.27021378047190786,-0.1586945812434914,0.24385286222503494,-0.3305796915292576,1.9535247329232248,-1.521563076978831,-0.36158891950305844,-0.6575063807898505,-0.9814164015335913,-0.5397223318873414,-1.9535247329232248,0.3305796915292576,-0.03541234474315745,-0.40957446049198204,1.4008711538888534,1.3514417922354265,1.2126072402754011,1.109195039464111,0.10608304780917345,0.2896456887631914,1.3800022317249987,-1.46980510396147,-0.5588081172337243,-0.7703115697481222,-0.9571529238609991,-1.2269469530221315,0.12560226393772106,-1.3595243465075295,-0.7099875321636356,-0.5181215015185524,1
0.004904094016293398,-0.7977673323680251,1.0038746524609323,-1.8947617391869185,1,0,0,1,0,0,-0.6595879237025604,0.13076090128362017,0.27793272259651985,-0.5506381752618252,1.2062356566432044,0.5261091102861079,0.14242202468574675,-0.6373865501091335,0.22615022070201302,1.0979747104639463,0.6940958373890215,-1.2045843998163026,-1.025325912477742,-1.1185688661555124,-1.0056737926094186,0.8265588449737086,-0.23961122567207213,0.020804716131885823,-1.8495649588489131,0.1914665557924087,-1.3157021236296813,-0.13262888536000175,0.5214569983905568,-1.720887388150999,-0.8820468266257186,-0.191466555792408,1.8495649588489116,-1.0938078624002545,-1.009968447893631,-0.3640650692044592,0.09815324425328795,7.593435579547688e-4,-0.7811045889206503,-1.1173050988595852,-0.4301405112466897,0.015758101167622184,-1.2477571662660425,-0.17942508891434333,-0.1681792866700104,0.11904759955750843,-0.5838686025055501,-0.12818317219668063,0.6160407084282594,0.793080546914203,-0.20882997275045564,1
-1.460010860346257,0.2587110724619126,-0.8790386569529866,-0.4281154315628296,1,0,0,0,1,0,-0.5207796166571032,-0.11927209241011955,0.21396681550962854,-0.536171933924793,0.786493082980071,0.3226364340143545,-0.32963265955027654,-1.0259364486001514,1.994164240839103,-1.4295655937987832,-0.881007644894254,-1.763322453143648,-0.03442357308004372,-1.011515651001377,-0.5600877382219547,1.4950431386161098,-1.9705009466918118,-1.1108356228771634,-1.5204829952730505,-0.8969649934967807,-0.5523322829019185,0.8470463717621527,-1.223715149226027,-0.02266411856272207,0.060838307432957435,0.8969649934967807,1.5204829952730499,-0.8988402670423681,-0.40957446049198204,0.4456221671630917,1.1963957862994923,0.20557870638343811,-0.5290646384693491,-0.38327221085833024,0.40038202722625016,0.07776919801113909,-0.6093693453916895,0.5793409677244183,-0.47836864461934153,-0.996051737960463,-0.939254006738398,0.7600658542737248,0.36909507656128593,-0.04195727479570725,-0.8274130302866491,0
-1.2544087614883548,-1.0296772261111817,-0.15484123025532542,-0.8681093238500562,1,0,0,1,0,0,-0.785777293743885,0.7761949082604832,0.188380452674872,-0.5257562401621299,1.9769767319809106,1.0032637159607471,1.1038238347648848,0.7871401828077548,-2.1437909822331025,1.7226749969518718,1.2147156925601532,0.04914025116338081,-0.8421153682211139,0.2591311732445188,0.6764016521977395,-0.006311316295163854,0.9812743968007527,1.0629067319268604,0.5364130502320184,-0.4649864905896614,-1.2759730972355534,-0.4027702771773302,2.924291825920066,-1.3542078886471158,-0.5414683464835399,0.4649864905896614,-0.5364130502320191,-0.06326485836571254,0.19081952690966666,-1.0554833834059623,-0.8967252938356269,-0.5112890635057554,-0.49755964466293656,-0.5463906304141645,-0.8177176958673952,-0.6043528672675491,-1.1089772052064004,-0.1035484832504671,0.9904691974348425,2.5437403450907716,1.6330593953279282,-1.4922798914190887,1.0276167615398821,0.848749735028197,0.5334696962929761,1
1.2899172118781799,0.49062096620506923,-0.15484123025532542,-0.8681093238500562,1,0,0,1,0,0,-0.43244705762817587,-0.194863462596599,-0.2977604411855021,-0.34174565035508003,0.19833084053262517,0.11424463809647085,1.0236471628852704,-0.2637650825516802,-0.583406948412893,1.2236470806035755,0.37854800010827855,0.85209763790977,0.24809193768929733,0.17933217200651996,-0.49209222238580885,-0.4109959019670962,0.6798523181257766,0.3035953982612604,0.09840925777350726,1.0645584453617318,-1.2442197050644117,-0.1309413322394722,0.3845255975456436,-0.9789383417584956,-0.1957291235417727,-1.0645584453617318,-0.09840925777350797,0.5216379277079463,-0.10937746679115769,1.328090278709748,0.8733832739329616,1.1443341193335734,1.140700033270523,0.5138790966987595,0.5111183656893089,1.5660355222555504,-1.0257092285706153,0.35171115073279,1.528738965641033,1.5323711785047043,0.9561348158367899,1.331083085576127,-0.20711139779498602,0.3477270420022505,2.079927340133461,1
1.2899172118781799,0.0010334127472937634,1.0038746524609323,-0.4281154315628296,1,0,0,1,0,0,-0.571255364673633,-0.02042183908933873,-0.3745195296897717,-0.27520094020473185,0.3791003247400065,0.19697528669048045,0.38699244441133873,-0.9130274692551504,1.9791849607803373,-0.44297746117279047,0.4568491354525454,0.388069501732199,-0.2526096504092658,0.6797894753574879,-0.5795591560772828,1.274872922136515,0.8051986022676685,0.8768822947397069,0.7520553775833569,-0.21659885141806862,0.14111521966755802,0.6725692152295756,-1.4244878060041017,1.3968551222220675,0.26217863880777953,0.21659885141806862,-0.7520553775833577,1.4964759044973779,0.11577027848446049,2.5926579849467077,3.082788858520031,3.414415390649356,0.5106001571422693,0.35076067714292497,0.012804842605544792,2.8682685559694088,-0.05424950115312168,0.35171115073279,-0.6608329728248301,-1.2294446225572482,-0.7023304039164997,0.09387908442092041,-0.8656330827735822,-1.0440026608476,-0.8892713360402683,1
-1.3572098109173063,-0.978141694168258,-0.8790386569529866,-0.4281154315628296,1,0,0,1,0,0,-0.7100636717190902,0.3168319663580311,0.20117363409225028,-0.5298067877364988,1.3817826883586657,0.6531118356952901,-0.35583349728855695,0.36427739950069676,-0.7430929670267622,-0.24239548684310822,0.29270554791058473,-1.119089794672669,-1.0772106453947525,-1.1934987429367678,0.28244895655767827,-0.7706100180205856,-1.5040265291311,-0.8046034200306321,-1.206712417013922,-0.3295023237687909,-0.6977347414482087,-0.21703099867805514,0.24144422892347794,-1.1639062958399835,-1.166070184131741,0.32950232376879157,1.2067124170139214,-1.038102835155144,0.5660657690356972,0.855014590045561,0.279040251178545,-0.3576745413866426,1.6762849279795395,0.02452383803125581,0.7325910426154264,0.8219023601333442,-0.44283339212011924,0.19995793940503753,1.3462746374355445,1.2860120225414318,0.65151875506577694,0.37938770007212164,2.2623449208747504,2.2404794378780473,0.7190446135538346,1
0.6474106529472365,0.0010334127472937634,0.5693561964423357,0.5985369837740325,1,0,0,1,0,0,0.26159447759911014,-0.5524687907864826,-0.6687627022894718,0.10381458282551219,-1.1684576895393848,-0.5051172446208444,0.03820601809091337,1.987896439641596,-0.20780578303677227,-0.4000634094407661,-0.4716887840428786,-0.7567444099937255,0.11776303871993128,0.16146365214101543,1.402477706653021,-1.6971292030227203,0.2759726791909098,-0.1920891976794318,-0.7471295343976714,-0.29111514316954507,0.10820618055810556,-1.3234788707466503,-1.421373711575226,0.8141096408288155,0.42568080626374827,0.29111514316954507,0.7471295343976706,0.438080386840281,1.841902992264201,1.091552434377654,-0.08273376267196997,0.03489590402886805,2.1173548412693166,-0.13859458152457876,0.2342775195316623,1.2559800380379649,0.08453045990652028,-1.2416975682086098,-0.02220782410562002,-0.7496925819971905,-0.4146374576327655,1.1407440084753266,-0.37174181903963527,-0.5429799678216537,-0.1469716669968365,1
-1.2544087614883548,-0.3339475448817109,-0.15484123025532542,-1.8947617391869185,0,1,0,1,0,0,-0.3945902466157784,-0.2442885892569894,-0.3233468040202586,-0.30124017461138985,0.1087181397804516,0.04492977035554388,-0.4175211953518885,-0.9296493069833623,0.9687325575986724,-0.28408447610451504,0.43459563950141356,-0.302085244460765,-0.09631480848761598,-1.1968914450318395,-1.3365894874157112,1.5636108118385215,-0.6826611378985156,-0.01695906467258964,-0.28338753067176975,-0.13094794135889876,-0.6153464436044824,-0.06299315813535235,0.2469882128757053,-0.29313529900067664,-0.5815528419312941,0.13094794135889876,0.2833875306717691,-1.1216603760228097,-1.2351161931692491,0.05442496307539909,0.8604627734383002,0.512807750621665,-0.844114576533476,0.5138790966987595,0.7325910426154264,0.6978801664463103,-0.44283339212011924,0.19995793940503753,0.8171280856396278,0.8321925247143505,0.65151875506577694,-0.0647368131630805,0.9453015509175579,0.9600881112561845,0.8427612250610729,1
1.6240206225222695,1.1605828814630785,-0.8790386569529866,-1.6014324776621007,1,0,0,1,0,0,-0.81101516775215,1.6803839901064488,0.7001077093700027,-0.6299131777887618,2.694794385584483,1.7791430419640264,0.4620984880521453,0.3147310467709774,1.6449096173962456,0.7340582738609708,1.641926192908782,2.2620602084262744,-0.7663173724436022,-0.1803510358025872,-0.6494397808149134,0.9221507804551163,0.5339532364102921,1.091945688705685,2.0859490311200135,1.0163614779638186,-0.822763826323449,-1.0825727545348625,-1.3219739493038951,-0.46220648142850895,-1.0685120306630171,-1.0163614779638186,-2.085949031120014,-0.3417899945912644,-0.7848207026180125,-0.7279694450999874,-0.18609776662925942,0.03489590402886805,-0.7180946013078251,0.18764225758709038,-0.6516131881728072,-0.8523972546416179,-0.7759052986632599,-1.0140677512169813,-0.0039613912850709025,-0.6848612251647502,-0.8038690908401701,0.4428340591057229,0.12214944469431245,0.7374113588002092,-0.023255055489598248,1
-1.8455147957048228,0.0010334127472937634,0.27967722576327125,0.5985369837740325,0,1,0,1,0,0,1.1827768789007806,-0.6803926480251401,-0.7966945164632545,0.7085034707134588,-2.292714754943237,-1.0708160039258288,-0.5837590762780681,-0.29560815898784576,3.2502496480171437,-2.323872190701192,-0.9674544929537915,0.37402750370176924,1.2490352910148208,-0.8526114511226214,-0.7592119276993204,4.258488005271198,-2.404757490180788,-0.69108602299056765,1.116988546947158,-0.5976867361744845,-0.040188110111261756,-0.3548303673605908,-0.1638303945672467,0.7548850430379264,0.5830272303869203,0.5976867361744845,-1.1169885469471588,-0.48105256270404034,-0.18442671521636386,2.265144046640733,4.788294923815313,2.8682304231147313,-1.1906695084040155,2.2266225020350205,1.6738499195514247,0.7598912632898273,0.27882240539001907,0.04820472807728505,1.3462746374355445,1.0396528665781584,1.3284433345569153,1.1407440084753266,0.4514102871836102,0.18071947766026855,1.4613442825972665,0
-0.894605088487027,0.18140777454752677,-0.4445202009343899,-1.6014324776621007,1,0,0,0,1,0,-0.7983962307480176,1.0058763792117091,-0.46407179961141953,-0.1855102439151321,1.5260239848011166,0.9169555258059154,0.05678297129458518,0.3794934733479397,0.21069381881638352,0.3375974948331155,0.07540124312164295,-0.8855718577834211,-0.37681467348559183,-0.4559669222130733,-0.633617212718868,0.4322051173298133,0.056293994140180485,0.435075169056301,-0.09305301462755473,-1.1155255455628834,-0.5345548800168408,-1.1556105160738326,0.14629895260713768,-0.4002522745908694,0.3267409131662141,1.1155255455628834,0.09305301462755473,-0.17467491285593337,-0.25947596364157,1.3462854975045246,1.4031237942140713,1.3662217623945152,0.9201650766256344,0.2692014673650073,0.34501385799472056,1.6900577159425842,-0.6648813298155464,-1.2416975682086098,-0.8706669502611417,-0.671894953798262,-0.7700228618656133,-0.1916295312302808,0.12214944469431245,-0.3759724034796717,-0.9511296417938885,0
0.08200488108800677,-0.5658574386248675,-0.8790386569529866,-0.13478617003801185,1,0,0,1,0,0,-0.6848257977108253,0.15401978441792155,-0.2210013526812325,-0.3839870750592141,0.9281381215762295,0.4152053219006247,-1.4365292923415054,0.15802221399262165,0.0963846432846298,-0.999547651679381,-0.07658961225500253,0.6912846442508488,0.3346839314054146,-1.3570215247046968,-0.1579041683550068,0.2837332113471365,-1.0145271473427695,-0.29152267757967454,-0.2763926451691775,1.2169526660865582,0.6416090318130812,-0.37507537739073415,0.15336347800253117,0.34433663924980057,-0.1850449073897323,-1.2169526660865582,0.2763926451691768,-1.3444804850032512,-0.40957446049198204,-0.8462383672660339,-0.5866332819637576,-0.9209277891567239,-0.40304466324369825,-0.30171300108041293,-0.2086678343205727,-0.8523972546416179,0.6118943119331598,-0.3311783002420958,0.07814755640739948,0.14498014229048395,0.27921023634565156,-0.5405845059150832,-0.5363722402842841,0.013711913318286572,0.47161139053935697,0
1.0329145883058024,-1.3904259497116478,0.27967722576327125,-1.6014324776621007,1,0,0,1,0,0,0.24897554059497767,-0.55072437455141,-0.4896581624461761,-0.15947100950847412,-0.7268811255866617,-0.3003029902637827,0.47052768754266944,0.6795390020987216,-0.4941121284660334,0.4072291679467908,-0.029269752782942745,-1.4773422213915057,-1.0662536072587563,-0.30649648086566594,-0.42328709408576853,-0.06657242559971413,-0.635218830425955,-0.42636509835918984,-1.5627658045576254,-0.4649864905896614,-0.9605278757850765,-1.3567283250110014,0.6085689649598944,-1.180012452299619,-0.37821042118275067,0.4649864905896614,1.5627658045576247,-0.5367575899491508,-0.7097714541928067,-1.1464594773798444,-1.0000892977929163,-1.1598837124531223,-0.7180946013078251,-1.4435419379712537,-1.0391903727935126,-1.4725082230767892,-0.9424412519348303,-1.317574173872486,-0.3050275328241268,0.04124997135858002,-0.4315605721200442,-0.2233527107470814,1.0276167615398821,0.848749735028197,-0.2706882785040748,0
-0.7918040390580765,0.3102466044048362,-0.4445202009343899,-0.8681093238500562,1,0,0,1,0,0,0.45087853266109723,-0.5984050849767277,-0.7455217907937414,0.3555271820898727,-1.6094311841376534,-0.7349742899036602,-0.29576465616755027,0.24368906949124913,0.35504873999892295,-0.7040392158323466,-1.0667599092765612,0.4862241695521992,1.8216152892076176,-0.5488707398099548,-0.17501585193209274,0.8452824885864174,-0.8036565979128089,-1.0019105498344203,0.5364130502320184,0.13114384342216406,-0.13715722196045352,-0.5097979340074161,0.3640638605151892,0.15421943418896164,0.4086694818073629,-0.13114384342216406,-0.5364130502320191,-0.3974950218363748,0.04072103005925432,0.6821600114951846,1.0542702808582185,0.6322857122698633,-0.7180946013078251,2.3897409215908554,2.227531611866718,0.3258135853852078,0.05677446769459199,-0.2553016945782196,0.8444977348704508,0.9229564242797662,0.9392117013495113,0.5380035976561225,-0.04248097655033679,0.013711913318286572,0.9664778365683122,0
0.2619067175886707,0.0010334127472937634,-0.4445202009343899,1.0385308760612593,0,1,0,1,0,0,0.22373766658671274,-0.5414208212976894,-0.68155588370685,0.13274706549957663,-1.1907743066096708,-0.5189802181690297,0.35938335352314893,1.4529909918389234,-1.445332592888964,0.24749921975760897,-0.21997769798630756,2.1158518243632343,0.9748098785001018,-0.7148652943865836,0.8569374078437736,-1.0660516017702761,-0.07841507574741627,-0.29925517772925847,0.8615353283924961,2.031309283084856,-1.2140162805850012,-1.135814652136545,0.9045390232531124,-0.41211052538415405,-0.006182654756219969,-2.031309283084855,-0.8615353283924969,-0.7317251853070371,0.641115017460903,-0.3458698504096825,-0.8192022908676594,-0.801449827508525,0.4475901695294441,0.6769975162545934,0.2896456887631914,-0.790386157798101,-1.192245181842186,-1.1658209625447336,-0.5513543759015367,-0.03654765684034838,-0.194636969298146,-0.857816301083085,-1.277209135885205,-0.5429799678216537,-0.023255055489598248,0
-1.2544087614883548,-0.7719995663965628,-0.15484123025532542,0.5985369837740325,1,0,0,1,0,0,-0.785777293743885,0.7761949082604832,-0.438485436776663,-0.19418998871735144,1.3778051707741636,0.7470223016668686,0.8231918770327208,1.0441646604631603,-0.6331540943002628,1.234147483548938,1.0091412211288469,0.22496773777096224,-0.9686031497286606,0.19442747192207638,0.452054988327094,-0.07207668581681892,1.2251888338885821,1.245814612255394,-0.04921092906325296,0.3556359628759853,-0.9503987046506128,-0.9802900018642229,0.7931127394993557,-0.452377354693149,-0.0956375204041692,-0.3556359628759853,0.049210929063252244,-0.20252742647848845,-0.10937746679115769,-1.3738997123145495,-1.1938968052128347,-0.7331767065666972,-0.6865896075014126,-1.1988643086375024,-1.3160312189511594,-0.9144083514851348,-0.859173275299045,-0.8623145398892288,0.269735101023162,0.6506647255835172,0.4145951522438788,-0.28679906978068154,0.28677986593896093,0.514734606344233,0.40975308478573785,1
-1.3572098109173063,1.289421711320388,-0.8790386569529866,1.0385308760612593,1,0,0,1,0,0,-0.7100636717190902,0.3168319663580311,-0.5920036137852022,-0.01770184440555841,0.47710042992796414,0.2573463005293523,-1.3973373449509077,0.5329278694463631,-1.6215759676049486,-1.6116548247876912,-1.355316336874405,-1.5858788530075454,1.1196231583267688,-1.1993468975341888,0.21154943531156975,-0.9914581502004941,-1.165771000827201,-0.5776309332538798,-1.118227115406131,-1.0539055705610194,0.7446583045739837,-0.5195346453991291,1.2204288457404517,1.0212831241191533,1.198033436278222,1.0539055705610194,1.1182271154061303,-1.0659553487776992,0.41596727218528484,0.6366719645082435,-0.018131260198663828,-0.47715250303484213,1.6762849279795395,-0.05703537174666111,0.5664865349208381,0.7598912632898273,1.4723300705029398,0.12408133374116129,2.3224587933349086,2.7900995010540433,3.2069090426448246,0.6331731362065233,0.03983423407198747,-0.4316415915936655,2.636652091916034,0
1.6240206225222695,-1.2615871198543382,-0.8790386569529866,-0.13478617003801185,1,0,0,0,1,0,-0.81101516775215,1.6803839901064488,-0.4128990739419065,-0.24048196099585453,1.872821483587348,1.4781823581598725,0.6499895579874795,0.5062035640477522,-0.7206684673074985,0.8225174318323696,0.8293713608224493,1.7032649578651302,-0.5408887584533362,-0.15727579328498026,-0.8383902696218353,0.8240567741792265,0.3904465931308454,1.1030649734156355,1.98370482418619,0.3556359628759853,-1.060974422407999,-1.5346612452398232,1.8132755236636997,-0.724007827882566,-0.0012951359677653045,-0.3556359628759853,-1.9837048241861908,-0.3139374809687093,-0.9349191994684248,-0.6915790075104341,-0.19901826712392082,-0.03337721691295973,-0.49755964466293656,0.02452383803125581,-0.762349526635866,-0.8523972546416179,-1.0257092285706153,-1.4693273852002382,-0.25028823436248077,0.6895635396829819,0.3299795798074865,-1.175048096251087,0.28677986593896093,0.514734606344233,0.34789477903211874,1
-1.5628119097752085,0.18140777454752677,-0.4445202009343899,-0.8681093238500562,1,0,0,1,0,0,-0.06649788450833415,-0.4379187913500483,-0.10586271992482811,-0.4244925508029043,-0.033244580341518795,-0.008733353056786679,0.7033878680431949,0.2459964959170792,0.5721455123497383,0.05420926597914152,0.35675222895089814,0.18989926604760168,-0.3373106373044374,0.13096158053797635,-0.407354488945409,0.942723827439156,-0.5110928168691532,0.4392004428511987,0.12891477706591967,0.13114384342216406,-0.8472226846729448,-0.7457166953561007,0.16520444826680644,-0.5800241094198676,-0.0350016209064927,-0.13114384342216406,-0.12891477706592036,-0.20252742647848845,-0.7097714541928067,-1.1919475243667854,-0.5995537824584191,-0.7502449868021539,-0.8756195703398886,-0.7910682597479163,-0.9284540343304539,-1.2244638357027204,-0.9424412519348303,-0.9381911455531051,-1.0166384128255321,-0.7885913960966542,-0.939254006738398,-0.5088613263982832,-0.28942660841731066,-0.26463402725168356,-0.6418381130257917,1
0.10770514344524394,0.0010334127472937634,-0.15484123025532542,0.5985369837740325,1,0,0,1,0,0,0.009215737516460692,-0.45943325824927705,-0.7966945164632545,0.7085034707134588,-1.7196968677281919,-0.9008827797867822,0.30458063308625205,0.19956790174965652,-0.09701990019335587,-0.0663776743177065,-0.4679928725959786,0.17841157424417275,0.40760510902623037,0.3595240740332345,-0.01799587530816808,-0.41961530609776054,0.8565825889991133,0.2332000684548338,0.5061221547512287,-0.25863368266248993,-0.06429456599006318,-0.29194108101505056,-0.28904346133218434,0.9390445880300848,0.8360881329130218,0.2586336826624906,-0.5061221547512293,0.5216379277079463,0.19081952690966666,0.6548671833030202,0.31780175266252825,0.6664222727407777,0.4475901695294441,0.18764225758709038,-0.04256332662598434,0.5118468759157585,0.19555442875423396,0.04820472807728505,1.1090710107684099,0.7673611678819103,1.142289075196852,1.2359135470257274,-0.12479618717266176,-0.26463402725168356,1.3994859768436472,0
1.572620097807795,-0.5658574386248675,1.7280720791585935,-0.13478617003801185,1,0,0,1,0,0,0.6023057767106869,-0.619338079797599,-0.2210013526812325,-0.3839870750592141,-0.5538358442059471,-0.17956096258603893,-0.0186492959476775,1.420361688108121,0.05464251428824769,0.21184055863366102,0.3390618609095089,0.9072362471954923,-0.23753208920544586,0.29408295156616093,1.3522556826612948,0.0436124137257821,0.4512163574927419,0.1827575449430387,0.13286549185952784,1.1055876586338,0.31977652012063057,-0.5948309344826738,-0.030871877737833193,0.16123548831290127,-0.26236985329709916,-1.1055876586338,-0.13286549185952856,0.1317027369921738,1.0163612595869336,-0.4732363819731166,-0.37990527404917784,-0.18699173903207253,-0.5290646384693491,-0.38327221085833024,-0.4855086804782194,-0.35630847989348147,0.029018475482663446,-0.7864379342253526,-0.8980365994919648,-0.7756251247301669,-0.6684841749419423,-0.9529858396334858,-0.7010026615289333,-0.26463402725168356,-0.5181215015185524,1
0.31330724230314594,-1.3904259497116478,-0.8790386569529866,-1.6014324776621007,1,0,0,1,0,0,-0.7226826087232228,0.35462765145127084,-0.4896581624461761,-0.15947100950847412,0.7589312018430256,0.3959760360112063,0.3715622745861358,0.6161850512770578,-0.3650458227317332,0.9540916185331222,0.38080387156633744,-0.4565295627196506,-0.7263221545004709,-0.29870879480443463,-0.5732079953183982,0.28869629169780575,0.12366837260421346,0.42305826466477325,-0.4194329849395745,-0.20666334585120408,-0.815132695830875,-1.4199605070020582,0.7891418001737934,-1.166288782448181,-0.08202962943796246,0.20666334585120408,0.41943298493957376,-0.11896988561082296,-0.3345252120667762,0.7913313242638433,0.8346217724489774,0.8541733553308051,0.6051151385615076,-0.22015379130249568,-0.04256332662598434,0.9459245538203791,-0.8314172830871166,-1.3934507795363622,-0.43275256256796935,0.015317428625603584,-0.44848368660732285,-0.1916295312302808,0.36909507656128593,0.29205785388825667,-0.3944048900113141,1
-1.2544087614883548,0.0010334127472937634,-0.15484123025532542,1.0385308760612593,1,0,0,1,0,0,-0.785777293743885,0.7761949082604832,-0.68155588370685,0.13274706549957663,0.8133652694943978,0.4943584289338122,1.1064891606234972,1.0114565430326246,-0.6736365162769158,1.0517848483416203,0.9349014790053681,1.288786982787845,-0.4627246425080034,0.32998797543566344,0.43835197974559764,-0.06530112959949623,1.038891876476338,1.244315356875965,-0.04921092906325296,1.8065585321570097,-1.2088800158540207,-0.9491244573958295,0.855262347076863,-0.3907460735417055,-5.859507522751031e-4,-1.8065585321570103,0.049210929063252244,-0.09111737198826762,-0.10937746679115769,-1.3466068841223853,-1.168055804223513,-0.767313267037611,-0.5605696322757617,-1.1988643086375024,-1.3160312189511594,-0.790386157798101,-1.192245181842186,-1.0140677512169813,-0.5969704579529088,-0.10137901367278856,-0.24540631275998087,-0.857816301083085,-1.1125787146405561,-0.4316415915936655,-0.023255055489598248,1
0.004904094016293398,1.289421711320388,0.27967722576327125,1.0385308760612593,1,0,0,1,0,0,-0.34411449859924853,-0.28208427435022915,-0.5920036137852022,-0.01770184440555841,-0.41879934682925535,-0.20326217542648495,-0.9202930392032117,0.3533742988042029,-0.6611351003424095,-1.5134438937169612,-1.6519117750511436,0.3498168451212606,2.522076332686916,-0.3651301371144059,0.03557193395657343,0.32699539014786416,-0.9265386096647206,-0.929317885868764,1.1316697664043236,-0.6452678416013011,0.9148561426210252,-0.4493821324949598,1.232392662108439,1.125825236204334,1.240268173038426,0.6452678416013011,-1.1316697664043243,-0.48105256270404034,-0.18442671521636386,-0.646090960523493,-0.39282577454383927,-0.71610842633123994,-0.9071245641463012,1.4925896140337656,0.954063719541543,-1.4104971262332722,1.6666220159864384,0.19995793940503753,2.2859659276938116,2.764166958321067,3.2407552716193817,0.5380035976561225,-0.12479618717266176,-0.4316415915936655,2.7603687034232727,0
-0.04649643069818187,1.6244026689493918,1.4383931084795292,-0.8681093238500562,1,0,0,1,0,0,0.04707254852885811,-0.47106269981642773,-0.8350740607153893,1.6748483920272106,-2.3517043920386365,-1.6566384345104375,2.003925237747299,1.4673367410894398,-1.347227151962355,0.9047934384750571,-0.010273752811525887,-0.7037962677212171,0.10655423244637242,2.6747489692407984,1.184884425579453,-1.2561846824558127,2.0724521855919655,1.4751450512751374,1.0614552385657117,-2.0126325500434374,-0.11392916957698432,-0.8269745200570681,0.5793601892301478,0.832690548231155,1.4535484107049224,2.0126325500434374,-1.0614552385657123,2.0256736633259265,0.7161642658861095,-0.8007503202790929,-1.258499307686141,-0.5283573437412127,0.4790951633358572,-0.8726274695258333,-1.3160312189511594,-0.728375060954584,-0.44283339212011924,-1.0899443568808573,-1.3998135020570583,-0.944186652494511,-0.6007917169928287,-0.794369942049485,-1.0302635040182315,-1.712032918215528,-1.5078543935764617,0
-1.5628119097752085,0.0010334127472937634,-0.4445202009343899,0.5985369837740325,1,0,0,1,0,0,-0.06649788450833415,-0.4379187913500483,-0.7966945164632545,0.7085034707134588,-1.6579381242278053,-0.8843366500679803,0.253045721540913,0.10922256051014699,0.7593347215241681,-0.8053519235983398,-0.405786245247903,-0.5829030078975497,0.1557357312382606,0.3454510566111186,-0.17578029140460857,0.6728233611066984,-0.4560713443164412,0.2855567771675255,-0.2094031647789695,-0.5873266710771624,-0.00669561017829884,-0.3260042291551091,-0.3619134111126413,0.6357459537668605,0.8063326063823925,0.5873266710771624,0.2094031647789688,-0.06326485836571254,-0.5596729573423944,-1.2920212277380552,-0.806281790372998,-0.9209277891567239,-0.9071245641463012,-0.9541866793037505,-0.983822203561983,-1.2864749325462383,0.22331042096616224,-0.02767187758659086,0.9722227646142934,0.6117659114840535,0.854596128913119,1.4262526241265279,0.12214944469431245,-0.15329565102369538,1.1520527538291696,0
0.31330724230314594,-1.2615871198543382,-0.8790386569529866,-0.13478617003801185,1,0,0,1,0,0,-0.7226826087232228,0.35462765145127084,-0.8094876978806327,0.775048180863807,-0.5451168139911332,-0.3262401665797425,-0.31920907419959,-0.6375109267022186,0.08784182888965056,-0.5982510348275238,-0.7185699577176616,-0.5129430454010253,0.6040825984739298,-0.37750552703415097,-0.6043174318844685,-0.12365817095591601,-0.09699282895964066,0.0980510382528239,-0.37315522795503414,-0.3295023237687902,0.06666891348438202,0.26961181684945895,-0.24434725907298965,0.7120221232307363,1.0299038924577792,0.3295023237687902,0.3731552279550334,-0.17467491285593337,-0.3345252120667762,0.9186978558272787,0.705416767502365,0.6322857122698633,0.9516700704320475,-0.05703537174666111,0.12354118106860354,0.8219023601333442,-0.3040534310604773,-0.2553016945782196,-1.3906902856467844,-1.2813097080232,-0.9731002357129547,-0.4136917878478824,-1.1948939252628807,-1.4336869776455579,-1.0748462533011267,1
1.6240206225222695,1.289421711320388,-0.8790386569529866,1.0385308760612593,1,0,0,1,0,0,-0.81101516775215,1.6803839901064488,-0.5920036137852022,-0.01770184440555841,1.5365566440209162,1.306013170545312,-0.9293359114514481,-0.09127518635068854,-0.39800612835703425,-0.3919729430084337,-0.043090126816447555,0.6404834633017489,0.2459439426176623,-0.10898482167348174,-0.7237305053039679,0.666783752811923,0.8229453720723837,1.5404422823996236,1.4363050701404856,-0.550966827225982,1.183367857730496,-0.599739274827339,1.2141410779442947,1.3455487018700842,1.559961341243166,0.550966827225982,-1.4363050701404863,-0.3696425082138195,-0.9349191994684248,-1.1009714303929035,-0.6383152839424023,-0.3064697006802721,-0.5920746260821743,-1.1173050988595852,-1.648240234340335,-0.9764194483286528,1.8054019770460803,-0.1035484832504671,1.811558674359541,2.3103474604939858,2.9022929818738126,0.4428340591057229,-0.7010026615289333,-0.9883334727336057,2.389218868901558,1
0.004904094016293398,-0.7204640344536393,0.5693561964423357,-0.13478617003801185,1,0,0,1,0,0,-0.7731583567397526,0.7093256192493668,-0.6943490651242283,0.14721330683660885,0.6176913815775852,0.43175145161942663,-0.12661380286883325,-0.7938488487244638,0.3258145230912308,-0.5297305173359405,0.16763976098838765,0.6311456772877819,-0.136083607247058,-0.007111917586724869,-0.09632379070906452,-0.7678177346766129,0.6823348317748666,0.7857452223714091,0.4884925330428311,0.3763264807979944,0.1689534307553261,0.9930873992142253,-1.2169821432067944,1.3922232926069573,0.5491873771435105,-0.3763264807979944,-0.4884925330428318,0.27096530510494976,0.26586877533487285,1.1461380907619838,0.5116092600824467,0.785900234388976,1.9283248784308402,-0.13859458152457876,-0.3747723420151606,1.1939689411944467,0.16779843654230542,0.9587239960437993,0.07814755640739948,-0.5681647828663581,-0.025405824425361403,0.7600658542737248,-0.5363722402842841,-0.4316415915936655,0.5334696962929761,1
1.6240206225222695,0.3102466044048362,-0.8790386569529866,-0.8681093238500562,1,0,0,1,0,0,-0.81101516775215,1.6803839901064488,-0.7455217907937414,0.3555271820898727,0.9787998169698778,1.0175738822040352,0.27283483793148755,-0.08625063241850428,0.8518799289149969,0.5652283798024703,1.0588374253872457,0.6829237653985671,-0.9361415368804789,-0.008992265378362193,-0.6678994435936342,0.7299627925229547,0.899406705965595,1.5533190298879864,1.0872846843245239,-0.14692914774798616,-0.3883684492935145,-0.5507053007899956,-0.4310061918311252,0.12824921806349918,0.1399731930801256,0.14692914774798616,-1.0872846843245245,-0.2582324537235989,-0.8598699510432187,-0.973604898829468,-0.4961897785011287,-0.135786898325702,-0.5920746260821743,-1.0357458890816678,-1.482135726645747,-0.790386157798101,-0.05424950115312168,-0.1035484832504671,1.5926014805129542,1.078551680677623,1.0745966172477384,1.648314880744129,0.6983559190505837,0.6817421706862145,1.3376276710900281,1
0.004904094016293398,1.6244026689493918,0.5693561964423357,-0.8681093238500562,1,0,0,1,0,0,-0.7731583567397526,0.7093256192493668,-0.8350740607153893,1.6748483920272106,-0.6144732347460667,-0.7488372634518456,0.00897032025135332,0.3411091793579807,-1.054287401342397,0.14567348807863664,-0.5021640089288711,-0.28961418229145713,0.1872338160835488,0.05792735820092997,0.13120926409244218,-0.9744682753232402,0.7887614116638374,0.7816971384096353,0.6912331826893902,-1.0805558572323073,0.045406885105814226,-0.33674049327959776,0.4619995571344309,0.5853268295432378,1.4160129162287944,1.0805558572323073,-0.6912331826893908,0.27096530510494976,0.41596727218528484,0.8732098088403377,0.17567624722125458,0.4957394703862077,1.833809897011603,-0.05703537174666111,-0.3747723420151606,0.8839134569768611,-0.24854144663662048,-0.6346847228976005,-1.1078705769282764,-0.7367263106307022,-0.48232991558187904,-0.3502454288142823,-0.8656330827735822,-1.32234860141757,-0.9511296417938885,0
-0.3291993166277972,0.43908543426214564,-0.15484123025532542,0.5985369837740325,1,0,0,1,0,0,1.3342041229503703,-0.6867888408870729,0.44424408102243734,-0.588250402738109,-0.35526405174333,-0.0735762938466861,-1.7895243048226068,-0.7046209877696725,-0.43330511449497355,-2.2199008802444524,-1.4126526498744891,-0.34213815557610344,1.5594488860984406,-0.1328428955039189,1.0509290655721741,-0.9619145965669753,-1.8567468061826196,-1.205532029044247,-0.46081074412575107,-0.009609152108407288,2.3556420517600234,2.0199120862684414,-0.3742887955378684,1.157824523741548,0.6595502422721102,0.009609152108406583,0.46081074412575035,-0.14682239923337803,0.9413120111617277,-0.06384395909064733,-0.5478717804797735,-1.1940202729240363,0.9201650766256344,0.5138790966987595,0.8433273810784847,-0.17027518936292965,2.0274499147415077,1.717490052682561,-0.28221949179844075,-0.4255357978349895,0.03382507628011344,-0.0647368131630805,-1.2360515305740427,-1.378017789531564,-0.76555472453303,0
1.2642169495209417,0.4648532002336079,-1.6032360836506476,-1.6014324776621007,1,0,0,0,1,0,1.3468230599545028,-0.6873703129654305,1.0199372448044592,-0.6565310618489011,-0.11850634103491647,-0.02125474851966381,-0.03438973181745011,-0.10453922195385315,-0.052112750549117244,0.5136035552356918,-0.14723910110077076,-0.7646292615187136,0.320853770168823,-0.6099546211506466,-0.8712892797320708,-1.2536047945239057,-0.5252691705160648,-1.1569054908844691,-1.9697378439216704,0.9106988955914741,-0.5616397113465925,-0.7293551106475599,-1.188512045522901,-1.2146931861642474,-0.9380749958579071,-0.9106988955914734,1.9697378439216704,-0.6760201580619267,-0.9349191994684248,-0.5642124759469986,-1.077612300760884,-1.1940202729240363,-0.05648973137315825,-0.7910682597479163,0.12354118106860354,-0.4183195767369984,-0.6093693453916895,-0.7864379342253526,-0.43275256256796935,-0.944186652494511,-1.2946394109712458,0.6014499566897238,-0.6186874509066087,-0.26463402725168356,-0.3944048900113141,0
0.23620645523143258,-0.41125084279609675,0.27967722576327125,-0.13478617003801185,1,0,0,1,0,0,0.8294466427850714,-0.646667267480403,1.2502145103172682,-0.6767837997207461,0.13559032629477505,0.02570048446612543,0.6496669023933157,-0.3421200529203263,-1.0833510117435932,0.018019077317122753,0.17702238483653776,0.12460722422236248,-0.22950516812632396,0.023680933863477083,-0.7933912795480546,-2.1441829297774926,-0.8300096460917643,-1.240580769193019,-0.38662849897585155,0.5534028300138731,-0.8797159323313457,-0.3252314576197124,-0.6737199346857086,-0.8473659680048405,-1.4413234317924177,-0.5534028300138731,0.3866284989758509,-0.11896988561082296,-0.8598699510432187,-0.5278220383574467,-1.4781478160953823,-1.6548638392813753,0.7941451013999841,0.2692014673650073,0.5111183656893089,-0.8523972546416179,-0.8036612908751883,-0.2553016945782196,0.1785029369204177,-0.2051091846046925,-0.5161761445564365,-0.09645999267988113,0.6983559190505837,1.127095675598167,-0.332546584257695,1
-0.6890029896291251,-0.8493028643109486,-0.4445202009343899,-0.8681093238500562,1,0,0,1,0,0,0.9682549498305286,-0.6588781811259113,6.661730249868274,-0.7936710297239664,0.9194264566590337,0.10664236227972403,0.45451573602385775,-0.7380151360223578,0.31129239515756163,2.1117953946773946,2.307804940789698,2.837460562703236,-0.5832699940217381,-0.269946741860977,-0.6821628535196319,0.051008215137314634,-0.08918427770420663,-0.8011519524736217,0.3637290563372595,3.5092157361558383,-0.901742798863005,0.3295731637626698,-0.3742887955378684,-2.9413329396553034,-3.7824284000159007,-3.509215736155838,-0.36372905633726016,0.14562899380345135,-0.18442671521636386,1.8784956472517342,1.6227723026233125,1.5027680042781708,0.3845801819166189,1.6149284287006416,1.5354294964726014,1.5350299738337914,-1.3032691506898992,-0.9381911455531051,-3.361305030266061,-2.953958714300157,-3.3931056073937746,-3.0784388672590977,-1.853415610241477,-0.5429799678216537,-2.9305954259097073,1
0.3647077670176212,-1.4677292476260335,0.5693561964423357,0.3052077222492148,1,0,0,1,0,0,0.43825959565696476,-0.5937533083498675,-0.7839013350458762,0.7895144222008392,-1.8698540612522678,-1.066791269669904,-0.6018117085449713,0.9011560600255365,-1.0338734793098387,-0.496087207689198,-0.7428945967139298,-0.0883495121118872,1.418510122592288,0.2609917517803998,0.6571897034370378,-0.8474795401763061,0.7239055140508097,0.40657005828467707,0.7351254882829744,-0.8495867060811616,1.097613713660062,-0.578506755335015,0.5617044739212252,1.3879941287016397,1.3627358891819055,0.8495867060811616,-0.7351254882829752,0.5216379277079463,1.0163612595869336,1.0096739498011607,0.3565632541465125,0.6493539925053206,1.4557499713346498,1.8188264531454346,1.5077454118568363,1.1939689411944467,1.5555980471387252,-0.17942508891434333,1.419260368717741,1.5453374498711925,2.140752829946282,0.6966194952401235,-0.04248097655033679,-0.4316415915936655,1.770635811365363,0
0.9558138012340891,0.43908543426214564,0.5693561964423357,0.5985369837740325,0,1,0,1,0,0,0.13540510755778543,-0.5245581310253209,0.44424408102243734,-0.588250402738109,0.17378609483104565,0.051190468086982445,-1.2513848577645212,-1.5221954846876105,0.1324320758270373,-0.38437430709789283,-0.5889754056367836,-2.262334890911653,-0.10911614306526915,0.11153240099545492,-0.2801432447699047,-0.17603333473600247,0.19174032682196054,-0.17310651457033333,-2.0981985141718593,-1.004587223962434,1.8515229677350307,1.80861972095522,-0.3579356089759598,0.7093913170119199,0.5966920539378462,1.004587223962434,2.0981985141718584,-0.03541234474315745,-0.40957446049198204,-0.5005292101652823,-0.5091102789957901,-0.40887938209301433,-0.49755964466293656,-1.3619827281933365,-0.6516131881728072,0.015758101167622184,1.8054019770460803,1.793366658346437,0.19674936974096682,-0.02358138547386016,0.2622871218583729,0.5380035976561225,-0.20711139779498602,-0.6543183440496418,-0.332546584257695,0
0.72451144001895,-0.10203765113855341,0.5693561964423357,0.5985369837740325,1,0,0,1,0,0,0.5770679027024219,-0.619338079797599,-0.3617263482723934,-0.3041334228787963,-0.7057410542405784,-0.2412735545102191,-0.538196824146286,0.6116790384540577,-0.0859114475589104,-0.2147321835272461,-0.004717281679089044,-0.5683473783312902,-0.4421978707242628,0.37866340904679413,1.7499408717907827,-1.4497047837389325,0.32181937881508366,0.03436289412455395,0.5209310369862826,-1.2918110976951038,1.1267318018034393,0.913503673347352,-1.3393696717976986,0.609199913741466,0.03968137513421702,1.2918110976951038,-0.5209310369862833,0.6330479821981672,2.142099985965025,0.9641859028142197,-0.031051760693324323,0.10316902497069583,1.9598298722372534,0.5138790966987595,0.2896456887631914,0.6978801664463103,1.0004782029001573,0.8069707847160468,-0.0951935553878152,-0.7626588533636787,-0.4992530300691578,0.7600658542737248,0.7806711296729086,0.18071947766026855,-0.6418381130257917,0
0.46750881644657266,0.28447883843337485,-1.6032360836506476,-0.4281154315628296,0,1,0,1,0,0,1.0187306978470585,-0.6623670135960565,0.21396681550962854,-0.5408011311526433,-0.37968226651564924,-0.09146400165079628,0.03409668651845339,-0.8509099738467865,-0.285716827700167,-0.30873685286470925,0.15041100498214796,0.414680817604254,-0.802716562681858,-0.521515401825067,-0.660688789867207,-1.502921383510512,-1.026710175636655,-0.7203059417661091,-0.5532824974487066,1.1143140211580842,-0.5685043172843541,0.5060371172110746,-1.119706574205864,-0.6009846648608533,-0.8987802289597598,-1.1143140211580842,0.553282497448706,-0.5089050763265954,-0.6347222057676005,-0.07294156848803632,-0.8321227913623208,-1.1428154322176651,1.2667200084961745,-0.46483142063624716,-0.26403600355210183,-0.046252995675895824,-0.8314172830871166,-0.17942508891434333,-1.6552635615447422,-1.8518256481486735,-1.90387153251327,-0.7626467625326843,-0.6186874509066087,-0.15329565102369538,-1.6315710050837011,0
0.2619067175886707,1.0575118175772313,-0.8790386569529866,-0.4281154315628296,1,0,0,1,0,0,-0.05387894750420167,-0.4443149842119812,1.301387235986781,-0.6790983983346713,0.6487968762984183,0.18311231314229506,-0.6885960050079993,-1.2448341517578074,1.0982146311153393,0.7770472556151596,1.672792394968345,2.6779063275206343,-0.40227748725752926,-0.8587264235914743,-0.6568905018479345,0.19645988996949051,-0.5578310063726745,-0.05536759295421935,-0.04921092906325296,3.701151639152068,0.09948018286115892,1.0505154554595415,-1.3038729482428155,-1.6028763884518242,-2.2287677181726764,-3.701151639152068,0.049210929063252244,-0.9545452942874786,-0.8598699510432187,-1.0099953364190213,-0.7675202888890147,-0.9209277891567239,-0.5605696322757617,-0.05703537174666111,-0.04256332662598434,-0.6663639641110671,-0.2855494362525249,0.326418948844831,-1.4150188627408495,-1.743773386761273,-2.0956668300357593,-0.9635602328057525,-1.5790315748337282,0.1992758736982665,-1.0748462533011267,0
-1.7170134839186342,-0.12780541711001567,0.27967722576327125,-0.4281154315628296,1,0,0,1,0,0,4.160846011876044,-0.7786614292675633,0.11162136417060241,-0.5176551450133918,-1.0979054879698005,-0.1987902484754574,0.008083409434480692,-0.8274172963213369,1.5574437757433186,-0.8932368256423112,-0.6566964404659636,-2.2040396173042978,-0.21286007307204233,-0.15678227288016164,1.374342024231738,0.4201134350884679,-0.00422724004508365,-1.2592337109917144,-2.9113122071840447,-0.11864316273067908,-0.16789517734333398,2.5124418757571916,-1.70690432943777,1.202513665740943,-0.3756590938811548,0.11864316273067908,2.9113122071840447,-0.48105256270404034,0.5660657690356972,-1.4193877593014905,-1.0259302987822392,-0.972132629863095,-2.2933442916284594,-1.4435419379712537,-0.26403600355210183,-0.790386157798101,-0.3595654154843339,1.793366658346437,-0.8524205174405927,-1.5017363212534962,-1.0407926936620688,-0.2550758902638815,0.12214944469431245,0.06938110143228039,-0.6418381130257917,0
-1.922615582776536,0.7482986259196881,-0.8790386569529866,0.5985369837740325,1,0,0,1,0,0,1.0439685718553235,-0.662948485674414,-0.5536240695330674,-0.15079126470625479,-1.2132432850178572,-0.39331907084515566,-0.22378568025312404,-2.076093626261215,0.06686566249927149,1.3510525371945448,2.6789987557195043,-1.9167026185219318,-1.753596325170514,-0.8120699103910913,-2.621986603455321,-0.31591896457022617,1.21349029973569,2.508690617734419,-3.5663204598883063,0.9228794432816189,-0.5002312501954538,0.22285503562250863,-0.4088756929337371,-0.6219086062949067,-1.0335814777755152,-0.9228794432816189,3.5663204598883063,-1.038102835155144,-2.435904167972547,-1.82878018218396,-1.6719553235153006,-1.2281568333949502,0.06953024385249205,-2.666930084640012,-2.2019219266556282,-1.1004416420156866,-0.3595654154843339,0.4275877563966659,0.6255405410238652,0.30057539868834077,0.025363519036474696,0.2207718024881207,0.03983423407198747,0.5704037944582268,0.34789477903211874,0
-2.2053184687061513,-1.2615871198543382,2.1625905351771904,0.3052077222492148,0,1,0,1,0,0,5.8265456964215305,-0.7961055916182894,-0.34893316685501513,-0.3041334228787963,-1.7097977765625474,-0.37722013382145647,2.501320455950981,-2.365671116251566,1.1731809859990714,1.0473706289620364,1.1725365074724619,3.484522386733126,0.953962181479089,4.491651168648568,-2.621986603455321,0.33201689304437787,3.071217523215195,2.1971564043062357,4.948786825267084,-0.15567358143258175,1.009857941311327,0.620309228435084,-1.2701327517339098,1.6304365742196063,0.6207407011897407,0.15567358143258175,-4.948786825267085,1.7471485271003746,-2.435904167972547,-3.0114694038444267,-2.4471853531949743,-1.5695224381040902,-2.450869260660523,0.5954383064766764,-1.0945585420250417,-2.9607745473212006,0.7229182807808735,0.35171115073279,-0.5513543759015367,-1.0738493661593913,-0.4654068010946016,0.2207718024881207,-0.7833178721512579,-0.9326642846196119,-0.5799798072721716,0
-0.020796168340944693,-1.6223358434548052,1.4383931084795292,-1.161438585374874,1,0,0,1,0,0,0.19849979257844777,-0.5390949329842593,0.7384872536221374,-0.6293345281352805,0.2662260461316273,0.07176133206170916,1.4093781617473924,-0.038405420249004764,-1.2834982545979028,2.1029792189036263,1.414634442882722,0.99752345174369,-1.3388303306538762,0.6624884208798145,0.18642368668405968,-0.6817849195970715,0.8796176495931813,-0.10292928836184378,-0.20147967785109497,1.5603281057325635,-1.2978240176980487,0.23946780143741822,1.0694570183733219,-1.9687754477025856,-1.939584475359252,-1.5603281057325635,0.20147967785109425,0.6330479821981672,0.19081952690966666,0.06352257247278678,-0.3023822710812103,0.0519641842643253,-0.05648973137315825,-0.46483142063624716,-0.4301405112466897,0.015758101167622184,-1.1050120634618392,0.6877361186728133,1.3045685052742901,1.7509454672540736,0.6442659917140859,-0.5859033337962262,0.9688201825239362,2.320006849469467,1.487854985063103,0
-0.6119022025574117,-1.41619371568311,-0.15484123025532542,1.478524768348486,1,0,0,1,0,0,-0.6974447347149578,0.24996267734691469,6.584971161364004,-0.7936710297239664,2.601122408922242,0.8056045447253295,-1.998945872418181,0.8326447925820483,-1.6837070979052489,0.3388265080283067,-0.757831970527875,2.126837670161448,1.6625134374735326,0.0706369706631148,1.148194171561553,-1.5170106552303397,1.1125268636770207,0.10245221010815997,-0.6135009981005504,3.5092157361558383,2.8501625241318362,0.007404606750431163,0.7772345988015213,0.6454298408169414,1.0852433197041589,-3.509215736155838,0.6135009981005497,-0.007559831120602114,0.9413120111617277,-0.2548937564358004,-0.9742482968035945,-0.5454256239766699,0.5421051509486824,-0.6279498401920818,-0.4301405112466897,0.015758101167622184,3.692809447457211,0.5793409677244183,1.74769615948762,1.9732244049652974,2.1915221734081167,1.0455744699249259,-2.676567716464722,-2.213055611241474,2.636652091916034,1
-0.894605088487027,-0.10203765113855341,-0.15484123025532542,0.5985369837740325,1,0,0,1,0,0,0.021834674520593164,-0.45943325824927705,-0.3617263482723934,-0.3041334228787963,-0.37726656781400303,-0.11829556335696156,-0.8691293002904524,0.13787726901634123,-0.4561867079372585,-0.942206921480222,-0.6078008913922484,-1.5022215770907017,0.4384829098421767,0.11061605554881528,0.7953285014702611,-1.8468708769438509,-0.12051595116714535,-0.49217387256997513,-0.591162492785821,-1.462543299520739,1.3190717083620251,0.6075017546674467,-1.232304607684777,1.1533592106005952,0.3096589337518164,1.462543299520739,0.5911624927858203,0.1317027369921738,0.7912135143113154,0.13630344765189217,-0.8579637923516437,-0.8526546682148961,1.3927399837218248,0.35076067714292497,0.7325910426154264,0.07776919801113909,1.0004782029001573,0.35171115073279,-0.5239847266707137,-1.0349505520599276,-0.5838686025055501,0.2207718024881207,0.2044646553166367,-0.4316415915936655,-1.0748462533011267,1
0.08200488108800677,0.28447883843337485,1.0038746524609323,-0.4281154315628296,1,0,0,1,0,0,-0.6848257977108253,0.1801860279440106,0.21396681550962854,-0.5408011311526433,1.269648225209414,0.5565182135530952,-0.4500677249926521,-0.9773938978008009,1.311616148570228,0.10102541697774314,0.21291880351914047,-0.09381901463375251,-0.37617834788190985,-1.2592974054176933,-0.8042311059095654,0.9056085371741337,-0.39415825904465174,-0.39756986797304267,-1.344988124630379,1.20598490020106,-0.6324450021791677,0.5358427311682874,-0.8829739711909568,-0.5273194032279458,-0.6649544678584426,-1.20598490020106,1.3449881246303783,-1.2609229441355856,-0.9349191994684248,-0.8189455390738695,-0.2765412700918884,-0.40887938209301433,-1.3796994712424915,-0.6279498401920818,-0.04256332662598434,-0.4803306735805153,-0.8869292675109735,-0.17942508891434333,-1.710002860006389,-1.7999605626827215,-1.8361790745641564,-0.826093121566285,-0.7010026615289333,-0.2089648391376897,-1.569712699330082,1
0.23620645523143258,-1.4934970135974959,0.27967722576327125,-0.4281154315628296,1,0,0,1,0,0,0.8294466427850714,-0.646667267480403,-0.2721740783507456,-0.3550545923851497,-0.7052297709857877,-0.22293865401100615,-0.24330681405664778,0.028264351203254618,-1.6915634932719885,0.09389097902396629,-0.9501221107387277,-0.11981702791675115,0.9277532033185133,0.007383345531155524,-0.2523009855517165,-1.8205295929774574,-0.3467102981084254,-1.0790147532354841,-0.8079054238520522,0.6378546273322155,0.3457013995497461,-0.291543297754988,0.4829672932775735,-0.4706326519729875,0.1817573837537974,-0.6378546273322155,0.8079054238520514,-0.14682239923337803,-0.40957446049198204,-0.5824076947417753,-1.3618633116434313,-1.39883963574952,0.3530751881102058,-0.30171300108041293,0.06817301183707392,-0.790386157798101,0.029018475482663446,-0.5588081172337243,-0.97102233077416,-0.6070635969658218,-0.7361766328910565,-0.6040308649486834,-1.1948939252628807,-1.0996718489615938,-0.9511296417938885,0
-1.2544087614883548,0.6709953280053031,0.27967722576327125,-1.161438585374874,1,0,0,0,1,0,-0.33149556159511606,-0.3082505178763182,0.5210031695267069,-0.6073458413029915,0.6425349774034488,0.23230350960359808,1.157104535515248,1.191619526783441,-0.6785595489455346,1.4100964288954558,0.2853118783101362,0.0736126071018795,-0.6761181699991154,1.172620470163868,0.8044253472958632,-0.9507297064108253,1.601402448803204,0.6033552057463514,0.03622492998512883,0.06447137185505257,-0.43731346645925123,-0.8296795432260855,-0.027778031631525847,-0.31702604801421314,0.2181395096216251,-0.06447137185505188,-0.036224929985129536,0.9951306592913848,0.641115017460903,-0.23669853764102378,-0.6770767854263857,-0.06751377738387422,0.16404522527173035,-0.8726274695258333,-0.983822203561983,-0.29429738304996345,-0.3595654154843339,-0.7105613285614767,0.29710475025398503,0.2357440418559006,0.09305597698558829,0.6966194952401235,0.28677986593896093,0.3477270420022505,0.6571863078002155,0
-1.460010860346257,-0.9008383962538722,0.27967722576327125,-0.13478617003801185,1,0,0,1,0,0,-0.7605394197356201,0.7907317102194216,0.009275912831576286,-0.4545823327839313,1.5868312314013815,0.9594388318406771,0.8777914682955783,-0.749993291289822,1.7754815710577012,1.3417366368981314,1.3477388784860906,1.1233005771615194,-1.358058182466805,1.479693769725793,-0.4760252521860266,0.5736848296013729,1.833694264096085,1.4684722441119429,0.7902460580981725,0.7482915930561997,0.25790217553159045,0.5525176815747828,-1.8506448588252695,0.005660208464750758,-0.31844921739923676,-0.7482915930561997,-0.7902460580981732,1.1900982546492709,-0.5596729573423944,-0.4277483349861756,-0.08273376267196997,0.6493539925053206,-0.8126095827270634,-1.1173050988595852,-1.482135726645747,-0.29429738304996345,0.22331042096616224,0.5034643620605421,-0.02220782410562002,-0.9701191952274875,-0.9054077777638412,1.331083085576127,0.03983423407198747,0.45906541823023866,0.10046155601764112,1
0.08200488108800677,-1.4934970135974959,1.0038746524609323,-0.4281154315628296,1,0,0,1,0,0,-0.6848257977108253,0.1801860279440106,-0.2721740783507456,-0.3550545923851497,0.8732499130600327,0.41296935842511096,-0.9579731796789451,0.06285394855682656,0.18597926747906335,0.07424680570862814,-0.5334293968300172,-0.7120578784678223,0.5795210045469597,-1.1123272610779402,-0.5359908912010869,0.6539081043593256,-0.3075238644881555,-0.3074417335405665,-1.4375436385994584,0.45457625868389784,0.22066073287964996,-0.6232129254474517,0.4028746932377238,-0.40523804437189836,0.3933273269740506,-0.45457625868389784,1.4375436385994576,-1.2330704305130304,-0.9349191994684248,-1.6741208224283601,-1.1551353037288514,-1.1940202729240363,-1.6947494093066184,-1.1988643086375024,-0.762349526635866,-1.4104971262332722,-0.10976148557697851,-0.8623145398892288,-1.1078705769282764,-0.7626588533636787,-0.8546384343020056,-0.5088613263982832,-1.277209135885205,-1.266679413303576,-1.0748462533011267,1
-0.6119022025574117,0.6709953280053031,-0.15484123025532542,-1.161438585374874,1,0,0,0,1,0,-0.6974447347149578,0.24996267734691469,0.5210031695267069,-0.6073458413029915,1.4923603745956378,0.6616084969022424,0.19276615866754174,1.3539195440554408,-1.2580369016214015,1.059571573029636,0.03356559293526826,0.09429446255195674,-0.10736057501454632,-0.07383456580412608,1.0831013447741895,-1.6186683259433179,1.0939674085191782,0.2240274165453769,0.23272740579640636,-0.1022098070627286,-0.34182066426113705,-0.7732699137258516,0.09317302520736051,-0.34665348144134084,0.1750822541348559,0.1022098070627286,-0.23272740579640636,-0.14682239923337803,0.8662627627365218,-0.2912841940253525,-1.051771299771562,-0.6307670251539549,0.7311351137871589,-0.13859458152457876,-0.26403600355210183,-0.35630847989348147,-0.24854144663662048,-0.6346847228976005,0.38833691435672935,0.37837302688726915,0.2115177783965368,0.6331731362065233,0.36909507656128593,0.3477270420022505,0.5953280020465953,1
0.08200488108800677,-1.4677292476260335,1.0038746524609323,0.3052077222492148,1,0,0,1,0,0,-0.6848257977108253,0.1801860279440106,-0.7839013350458762,0.7895144222008392,-0.46758293208315554,-0.47157779248813775,-1.8002060084359528,-0.0013322943195923803,0.20856655060459314,-1.7187650183825554,-1.5628080944422744,-1.4010494203213848,1.220000841432657,-1.2276496257169462,-0.33783688893837155,0.773618916579292,-0.5993272444026243,-0.6264891211693018,-1.4375436385994584,-0.4851260289008703,1.2765772355412375,-0.3366089632372799,0.4922949419410077,1.7276580180359753,1.420082372200731,0.4851260289008703,1.4375436385994576,-1.2887754577581405,-0.7097714541928067,-1.3829973217119373,-0.8450432918569822,-1.0062691903340089,-1.6632444155002057,-1.1173050988595852,-0.6516131881728072,-1.3484860293897554,0.8339422496285867,-0.5588081172337243,-0.8432973010303187,-0.4903671546674297,0.17767154942198057,-0.9529858396334858,-1.5241547677521787,-1.823371294443516,-0.76555472453303,0
-1.460010860346257,-0.6173929705677911,0.27967722576327125,-0.13478617003801185,1,0,0,1,0,0,-0.7605394197356201,0.7907317102194216,-0.7199354279589849,0.2513702444632408,0.3877053774361472,0.41386374381531643,0.8300050830307918,-0.7854272955489642,1.1900827836163654,0.41312751841880097,0.7057533648153458,-0.8834782018414814,-1.3044236271634366,1.0784006660060554,-0.18213766374101106,0.23153955165934467,1.6779221056055644,1.4823877937232683,-0.31054414497595056,-0.8969649934967807,-0.07661703345247824,0.895562099006029,-1.3942081133844182,1.1056902127985735,0.5297492179861951,0.8969649934967807,0.3105441449759499,0.605195468575612,-0.4846237089171882,-1.028190555213798,-0.7675202888890147,-0.135786898325702,-0.7811045889206503,-1.85133798686084,-1.980449249729511,-0.8523972546416179,-0.05424950115312168,0.8828473903799233,0.11464042204849642,-0.6329961396987983,-0.194636969298146,1.1407440084753266,0.36909507656128593,-0.04195727479570725,-0.023255055489598248,1
0.2876069799459088,-0.7462318004251005,-0.4445202009343899,0.5985369837740325,1,0,0,1,0,0,0.19849979257844777,-0.543165237532762,0.7512804350395157,-0.634542375016612,0.2714713101983846,0.07265571745191467,-1.657790514571351,-1.1892589574263477,-0.7540913326333153,-0.6087731233601698,-0.3511989648288961,-2.0692266942096964,-0.09174686328005828,-0.6133428803488679,1.0285058929895883,-0.8911697099524226,-0.6138905273375451,-0.8168515242890686,-1.0618771407249559,-1.7690215962405276,1.692353086361192,2.662629866949244,0.1353284994959355,0.2136898765008372,-0.340920671633922,1.7690215962405276,1.0618771407249543,-0.8709877534198129,0.19081952690966666,-1.6741208224283601,-1.77531932747259,-1.8596832021068592,-0.844114576533476,-0.5463906304141645,-0.09793149585751397,-1.5965304167638241,1.4723300705029398,2.3497950998815287,-0.1985900080375914,-0.10137901367278856,-0.008482709938082702,-0.7520723693604175,1.439192814651505,0.5704037944582268,-0.6624575482769981,1
0.46750881644657266,-0.41125084279609675,0.5693561964423357,-0.13478617003801185,1,0,0,1,0,0,0.4256406586528323,-0.5844497550961469,1.2502145103172682,-0.6767837997207461,0.31834895668121227,0.07355010284212017,1.990704590320152,2.655283200645137,-0.09608111344292687,1.48772321713274,1.389754126801756,0.7785747767443281,-1.3072499711888954,1.903331841920466,3.020143740270104,-0.636892389125122,0.9214396242653695,0.2689917890640727,0.6912331826893887,0.3763264807979944,-0.8663364417910153,-0.6189458240021176,-0.5086693285900549,-1.096134328136812,-1.5441303023740542,-0.3763264807979944,-0.6912331826893894,1.7869378322754532,2.81754322179188,0.029731451853916742,-0.3060738426511139,0.0641558130039371,0.20455164587997451,0.01287252234869625,-0.30358469586033693,-0.39174339237549116,-0.8036612908751883,-0.5588081172337243,0.0872707728176734,-0.1921429132382052,-0.6007917169928287,-0.2233527107470814,0.9453015509175579,1.2941032399401495,-0.45626319576493324,1
0.030604356373531493,-1.2615871198543382,-0.15484123025532542,-0.13478617003801185,1,0,0,1,0,0,1.3089662489421054,-0.6885332571221455,1.4804917758300769,-0.6924073403647409,0.03720696372201511,0.00557681318650147,0.9138391226773586,0.2204369408801113,0.0682803071571273,3.574088445197721,4.398293293785567,1.980684510983442,-2.7660980598823515,-0.3293056174723184,-0.21266155580168072,0.892107600732388,-0.7495719724978094,-0.5069605682503944,-0.8144870079783317,3.5092157361558383,-1.5997538382822252,-0.5155962974902161,0.803140636919392,-5.571625645334948,-6.212945015607454,-3.509215736155838,0.814487007978331,-0.14682239923337803,0.04072103005925432,0.8095265430586199,1.1963957862994923,0.785900234388976,-0.2140147004052217,0.18764225758709038,0.6772228733838963,0.9459245538203791,-1.5808290728091832,-0.9381911455531051,-1.7191260764166634,-1.1386807229918314,-2.8854121727754207,-3.0784388672590977,-0.20711139779498602,2.7971713190179877,-1.0748462533011267,0
-0.38059984134227254,-1.0554449920826439,0.5693561964423357,-0.8681093238500562,1,0,0,1,0,0,3.378471917619831,-0.7658690435436976,2.2480826608727726,-0.7288622685340621,-0.2206844781463044,-0.025726675470691355,1.1090584205451282,0.8997913935411256,-0.6668923193453058,-0.6694301323836024,-0.03929878736619895,0.3511255038683819,0.8621193572077006,0.19770037663470968,0.35733911113200434,-0.17651348249937115,-2.438149089928222,-2.202880181404104,-2.2039032942634442,2.664697762972419,-1.3446328443424516,-0.8770174486838838,0.7342851145534703,-1.513269980763575,-2.0995933930319106,-2.664697762972419,2.2039032942634433,-0.016844002328120476,0.06573744620098994,-0.7067416898394149,-0.6813836189246067,-1.512628170652567,-0.6655862782971376,-0.49201782389555315,0.7510470990259361,-0.6870343297255728,-1.3032691506898992,-0.9381911455531051,-0.5331079430809875,-0.10137901367278856,-0.685407289429221,-1.8095116865870906,-1.853415610241477,-1.0996718489615938,-2.3120123683735136,1
-0.6633027272718879,-0.6173929705677911,-0.4445202009343899,-0.13478617003801185,1,0,0,1,0,0,0.8925413278057338,-0.6559708207341236,1.007144063387081,-0.6547951128884572,0.030583365856808646,0.0015520789305766788,0.24210857391048093,0.5733646788312347,0.49631505758366634,-0.34881074107488425,0.4438198756320223,1.1148082390532899,-0.3037427100631727,-0.23069585722038785,-0.29319819438304234,0.37688255466270926,-0.03330649454585774,-0.7817530146515856,0.12355936367902995,1.3979208031972914,-0.5671664479269186,-1.0806805303046452,-0.2997486893487119,0.43819465794521156,-1.3402172377575066,-1.3979208031972914,-0.12355936367903066,0.0759977097470634,0.11577027848446049,1.3553831069019124,1.3772827932247493,1.2979486414526862,-0.30852968182446,1.0847935651441794,1.1201682272361313,1.2559800380379649,-0.47058938433204756,-0.9381911455531051,0.37921369794645543,0.15794641365697218,0.3299795798074865,-1.175048096251087,0.6160407084282594,1.6837875567381073,1.3994859768436472,0
-0.8175043014153137,-1.3388904177687242,-1.6032360836506476,-0.8681093238500562,1,0,0,1,0,0,0.526592154685892,-0.6071271661520907,0.27793272259651985,-0.5489022263013813,-0.13867322107381672,-0.042719997884596024,-1.5156347541983801,-1.3021909111637937,-0.11215887359636234,-2.4986610877376902,-3.1442160897937197,0.36835669680486555,5.287369252668831,-1.6246876799850647,-0.608684681173583,-1.0374838969137647,-2.8502880016257257,-4.826524043892804,0.03622492998512883,0.4664671563038157,0.48415823362347915,1.1775309406868446,-0.8892463242820055,0.5492331378923996,-0.6245264144331213,-0.4664671563038157,-0.036224929985129536,-1.5951531076062477,-0.9349191994684248,-1.4648758062884317,-1.6719553235153006,-2.4229364498769406,-2.450869260660523,3.042214599814193,3.3348949964973045,-2.9607745473212006,0.269570407986043,0.8322629866040054,-0.5533817573260424,-0.8937622638470579,-0.6478003683463802,-0.5758324831559722,0.06727263761276221,0.32298518061825326,-0.5937260974396413,1
0.930113538876852,-0.3339475448817109,-0.8790386569529866,-0.13478617003801185,1,0,0,1,0,0,-0.16744938054139394,-0.4053563549620264,0.8408327049611636,-0.6461153680862378,0.5943526715979939,0.1875842400933226,-0.703844920994509,1.0747199067132926,0.5858922897236558,-0.8174865441167355,-0.5430754776108516,0.8777939573336895,0.6838346636989705,-0.887129104588082,0.7902864430705244,-0.24531266118716402,-1.1326910644000638,-1.187366349433182,-0.10705812529392912,1.303385209184222,0.0923045475469449,-0.6833951898927104,-1.047449954190371,-0.018785488900140753,-0.453207419574102,-1.303385209184222,0.10705812529392841,-0.6203151308168162,1.391607501712964,1.5646281230418408,1.1705547853101694,0.5810808715634928,0.9831750642384596,1.247911984700014,1.4523772426253072,1.1939689411944467,0.0012624832707351544,-0.7105613285614767,-0.2867811000035777,-0.7626588533636787,-0.7192535184037778,0.28421816152172197,-0.7010026615289333,-0.15329565102369538,-0.023255055489598248,1
-0.7661037767008384,0.4648532002336079,-0.15484123025532542,0.5985369837740325,1,0,0,1,0,0,-0.4955417426488382,-0.19195610220481132,0.41865771818768077,-0.5789920082824084,0.850604239668248,0.299829606564114,-1.8102507052454342,-2.392873958579328,0.255202828127584,-1.2710046194879752,-0.8965193397952718,-1.3777050358892238,0.6321782629739378,-0.5782184355515383,-0.5625578177250801,0.0754149368546307,-0.623363584154158,-0.6090027181581947,-1.0827475017179835,-0.8051695616290174,1.9394486241688276,2.7207365313413523,-0.2730860768456374,1.0989285831755005,0.5709464281131478,0.8051695616290174,1.0827475017179828,-0.6760201580619267,-0.7097714541928067,-0.7188718357025985,-0.5737127814690962,-0.767313267037611,-0.6865896075014126,-0.38327221085833024,0.12354118106860354,-0.4183195767369984,1.7498899926222238,2.476256109321323,-0.08835114308010912,-0.2148338881295589,0.2242101142619961,-0.0647368131630805,-0.3100054110728917,-0.6821529381066387,-0.45626319576493324,1
-1.2544087614883548,-0.9266061622253344,-0.15484123025532542,-0.4281154315628296,1,0,0,1,0,0,1.4730124299958276,-0.6984182824542237,-0.68155588370685,0.063309107081822,-1.7033545555547007,-0.5860591224344429,-1.0667291916750832,-1.8682636097297995,0.9791374454163257,-2.7848457762207213,-2.300650003646009,-2.644633797088627,1.3776231224867557,-1.0425392358011467,-0.46487740101060215,1.092850665243345,-3.3379413977890953,-2.7194199094330944,-2.8567281861253564,-0.7736968421314995,0.44161998754450393,2.098546460859442,-0.24030416472951932,0.45230142890244585,0.33597343186959094,0.7736968421314995,2.8567281861253564,-1.038102835155144,-0.5596729573423944,-0.46413877257572894,0.13691474573727128,-1.2281568333949502,-1.1906695084040155,-0.6279498401920818,1.1201682272361313,0.139780294854656,1.055990187324014,3.2350221659600846,2.167364114360243,1.675000163536073,1.8022905402007128,1.8069307783281299,0.36909507656128593,0.013711913318286572,2.018069034379841,0
-0.5348014154856993,-1.8542457371979617,-0.15484123025532542,1.478524768348486,1,0,0,1,0,0,1.674915422061947,-0.7135365564915195,0.08603500133584588,-0.4887226623393273,-0.6624938948721284,-0.1710643013790866,0.4248474599150958,0.0617789304543534,-0.16893596593527083,-0.28372909787494255,-0.5900262578864213,0.024638715960507047,0.8437986293432659,0.6342031788217124,0.39796627996728584,-0.8101616113177313,-0.012350622132010672,-0.6894049506243459,-0.12950004961474557,0.16204084244106823,0.04292760874473461,0.3138803620948449,-0.5831931628645005,0.3710530410646496,0.09399327985878453,-0.16204084244106823,0.12950004961474487,0.8280155775560533,0.641115017460903,0.7367456678795146,0.1627557467265941,0.15437386567706757,0.6051151385615076,0.5954383064766764,0.7325910426154264,0.07776919801113909,0.7506742729928018,1.33810702436318,2.8516053451308254,1.9991569476982738,2.073060371997167,2.5048407276977347,0.5337254978059351,0.6817421706862145,2.512935480408796,0
-0.12359721776989524,-0.4885541407104817,1.4383931084795292,-1.6014324776621007,1,0,0,1,0,0,-0.40720918361991093,-0.2617327516077154,1.1350758775608636,-0.6640535073441578,0.9915822993310592,0.3119038093318884,1.6452293399230602,1.1788360874495538,-0.3648463482148779,2.0607310158783507,1.8199626400321423,1.6514501610751149,-1.0371264269428457,1.1124380003538403,1.3611646816344483,0.07110746996415482,1.5107266554924113,1.4606805587486724,0.6060821098378343,1.6512761951523172,-1.1761965039892994,-0.25440462819158366,0.5702133301704698,-1.28590396405273,-0.9399702992521939,-1.6512761951523172,-0.606082109837835,1.07868820015905,1.3165582532877582,0.11810822885711679,0.13691474573727128,0.7517636739180628,0.29006520049738066,-0.7910682597479163,-1.0945585420250417,0.20179139169817292,-1.1089772052064004,-0.2553016945782196,-0.04957747333644305,0.2487103132223888,-0.29617565622181696,-0.4771381468814831,-0.5363722402842841,0.29205785388825667,0.16231986177126023,1
0.10770514344524394,0.5936920300909173,-1.168717627632051,-0.13478617003801185,1,0,0,1,0,0,0.9682549498305286,-0.6588781811259113,-0.3745195296897717,-0.28098743673954474,-0.8836873552404149,-0.2895703655813166,-0.31289836346502303,-0.5595617878768361,-0.08411764258557379,-0.9414509502890779,-0.47657880312439427,0.4266989422419783,1.189043724060102,-1.2560213958316568,0.029144948376375043,-0.17195498169636605,-1.5817011244811572,-1.2921774676920408,0.08962234189036815,0.4930801176436292,-0.8199089882774997,0.7972128840514914,-0.057806537957443616,-0.2965482631454653,-0.6419840102961842,-0.4930801176436292,-0.08962234189036815,-1.17736540326792,0.04072103005925432,0.05442496307539909,-0.04397226118798574,-0.6649035856248688,0.1010352376589052,1.166352774922097,1.2309045656991897,-0.6043528672675491,-0.7759052986632599,0.7310941790521709,-0.02220782410562002,-0.0495139282068366,-0.1607907403235886,-0.3819686083310823,-0.20711139779498602,0.013711913318286572,-0.1469716669968365,0
-0.6376024649146498,-0.6173929705677911,-0.4445202009343899,-0.13478617003801185,1,0,0,1,0,0,0.17326191857018283,-0.5385134609059017,1.007144063387081,-0.6547951128884572,0.3847063874770468,0.09188500334133312,-0.050666420260404035,1.2575514459333912,1.0808739964216676,-1.2361772608491746,0.14010370848478815,0.35693052465948333,-0.32319969619252953,-0.8371509053891064,0.3448412630735184,1.0409615960703702,-1.4875984456999898,-0.17606823428009996,0.3586118043630053,0.13114384342216406,-0.7660184300870453,-1.3805744179912156,-0.43152494850454054,0.19491857370448593,-0.35403804461790095,-0.13114384342216406,-0.35861180436300605,-0.8988402670423681,0.04072103005925432,-0.7461646638947628,-0.1473362651452761,-0.71610842633123994,-0.4660546508565234,-0.13859458152457876,-0.319404172783631,-0.5423417704240322,-0.7481493064513315,-1.317574173872486,-0.1681792866700104,-0.3607044410025493,-0.2623294272472596,-0.2233527107470814,0.2044646553166367,0.29205785388825667,-0.1469716669968365,1
0.72451144001895,0.7482986259196881,0.5693561964423357,0.5985369837740325,1,0,0,1,0,0,0.5770679027024219,-0.6164307194058113,-0.5536240695330674,-0.15079126470625479,-1.0253397591341906,-0.35754365523693526,0.8737514012513546,1.3326584334326101,-0.8739605184221695,0.6319681985058314,0.5620967812790156,0.6885841112214557,-0.26365384808651954,0.4684206579381039,2.056813638467028,-1.4474521272530452,0.29899055828057397,-0.00849232582430755,0.20465562353765385,0.7361716451058063,-0.746932190727926,0.2313552283241024,-0.2598164896045218,-0.5572743454922019,-0.7390444481652714,-0.7361716451058063,-0.20465562353765385,0.7166055230658329,2.4422969796658496,0.9277954652246664,-0.05689276168264715,0.06903246449978255,1.8968198846244282,0.10608304780917345,0.012804842605544792,0.6358690696027934,-0.7759052986632599,0.04820472807728505,-0.4601222117987924,-0.5162996974004062,-0.685407289429221,-0.4136917878478824,-0.4540570296619595,-0.15329565102369538,-0.45626319576493324,0
0.6731109153044746,-1.2615871198543382,-1.168717627632051,0.3052077222492148,0,1,0,1,0,0,0.4634974696652297,-0.5896830038013647,-0.34893316685501513,-0.3041334228787963,-0.6339311190633232,-0.2184667270599786,-0.6587410496418801,-0.9538200138898482,0.483848457685617,-1.262701121576229,-0.5333202835744218,-0.6968973541788357,0.49422745278948516,0.0055954425030785215,-0.7831223928514232,0.016788171301773038,-0.2519044103174481,0.09596872750445591,-0.5796783524084306,-0.3755669404878874,0.9215863652821517,0.5246330810364638,-0.6445665575623062,1.4560436513696229,0.7870372721331536,0.3755669404878874,0.5796783524084299,0.02029268250195297,-0.7097714541928067,0.09081540066495114,0.08523274375862654,-0.01630893667750248,0.3215701943037938,-0.38327221085833024,-0.1532996650890431,0.38782468222872474,0.7229182807808735,0.35171115073279,-0.3415203984652251,-0.6070635969658218,-0.0423289389126401,0.062155904904119784,-0.8656330827735822,-1.0996718489615938,-0.332546584257695,0
0.2876069799459088,-0.7719995663965628,-0.4445202009343899,-0.13478617003801185,1,0,0,1,0,0,0.19849979257844777,-0.543165237532762,-0.5152445252809326,-0.18840349218253855,-0.7425684725676668,-0.27212985047230914,-0.0050775662494769195,1.0024221401740279,-1.2442085414496655,-0.04980081860786715,-0.4742485482405531,-0.0023139969131266195,0.5954231811440609,-0.4114812928598554,0.9466149080772381,-1.273065918005389,-0.20179005542990763,-0.6284047744202813,-0.5796783524084306,0.5717619163874261,-0.4040867800178198,-0.42755781194304,0.42156628380824573,-0.13281387168418773,0.0030313863364651496,-0.5717619163874261,0.5796783524084299,-0.7317251853070371,0.11577027848446049,-1.7105112600179135,-1.956206334397848,-1.9108880428132304,-0.6865896075014126,-0.38327221085833024,-0.1532996650890431,-1.720552610450858,-0.49834537654397587,-0.5588081172337243,-0.5696008087220858,-0.2829068128036209,-0.3130987707090945,-0.667477223982284,-0.28942660841731066,-0.04195727479570725,-0.2706882785040748,0
-0.6376024649146498,-0.6173929705677911,-0.4445202009343899,-0.13478617003801185,1,0,0,1,0,0,0.17326191857018283,-0.5385134609059017,-0.7199354279589849,0.28898247193952453,-1.3174083292753438,-0.6374862823712597,-0.8449867595274273,-0.2312871428135786,1.9865782727860368,-1.9074806956726555,-0.7048263895045976,-0.9470103002513686,-0.27050109913940906,-0.8152416955665289,0.049821577588809125,1.3837726940902022,-1.3619951691790781,0.02744171357236213,0.2430696413654208,-1.5326826112078547,0.36039476187110014,0.3673590247128444,-1.3251609426338264,1.226352264198791,0.9431003181157235,1.5326826112078547,-0.24306964136542153,-0.8709877534198129,-0.18442671521636386,-0.6824813981130464,0.07231224326396513,-0.47715250303484213,-0.5920746260821743,-0.5463906304141645,-0.7069813574043363,-0.4183195767369984,0.3343343898138759,0.35171115073279,0.03253147435602734,-0.6589286824317738,-0.1777138548108673,1.331083085576127,0.5337254978059351,-0.15329565102369538,0.038603250264021984,0
0.8530127518051386,-1.4419614816545723,1.0038746524609323,0.3052077222492148,0,1,0,1,0,0,0.021834674520593164,-0.458270314092562,-0.7839013350458762,0.8618456288860002,-1.6094311841376534,-1.0184944585988065,-0.18072400402508756,0.710243193655289,-0.4008056554618112,-0.13822651327612506,-0.05935572461030321,0.8673492882450444,0.35551374677208686,1.0671145283024661,0.758469461745718,-0.5249633387235692,1.8786713596007807,1.9854838428536619,1.637356214373321,-0.440948977121442,1.3175493901597979,-0.2150130162914906,0.02037722993943612,2.049593463078662,2.015603878470715,0.440948977121442,-1.6373562143733216,1.6914434998552643,1.4666567501381707,1.8284587955660994,1.2093162867941527,2.0489529718127955,2.589929748365507,-0.22015379130249568,-0.8730858650989243,2.2481575875342377,0.8339422496285867,-0.482931511569848,-0.9254062487227878,-0.7756251247301669,-0.008482709938082702,-0.28679906978068154,-1.853415610241477,-2.1573864231274804,-0.6418381130257917,0
1.726821671951222,-0.7719995663965628,-0.8790386569529866,-0.13478617003801185,1,0,0,1,0,0,-0.8236341047562825,1.4739614022895242,-0.5152445252809326,-0.18840349218253855,2.158274147211419,1.2791816088391468,0.17133679779273242,0.5040076275477567,0.1654047194077066,0.8388832392943312,1.0538076407758106,1.5781286205573501,-0.8533751898444492,0.07107123233044566,-0.02265313572068235,0.5494319897635191,1.079295179949169,1.4172970493770933,1.2104470415403286,0.9518725779243598,-0.1672344501931064,-0.7144597001379533,0.32601237017200496,-0.0630665108812794,0.013713169974962656,-0.9518725779243598,-1.2104470415403292,-0.3696425082138195,-0.5596729573423944,-1.655925603633584,-1.1809763047181743,-0.767313267037611,-1.1591645145976028,-1.1173050988595852,-1.592872065108806,-1.534519319920306,-0.27629743884854874,-0.7864379342253526,-0.48749186102961545,-0.2569742700706454,-0.2623294272472596,-0.5723076854318833,-0.37174181903963527,0.06938110143228039,-0.023255055489598248,1
-0.6119022025574117,0.5936920300909173,-0.15484123025532542,-0.13478617003801185,1,0,0,1,0,0,-0.6974447347149578,0.2877583624401544,-0.3745195296897717,-0.28098743673954474,0.8047602167982526,0.438459342045968,0.9390906973756106,-0.223505510980021,-0.8131081903605378,0.9713636002479418,1.029283220115374,1.8209913538153295,0.22205940019084502,0.5371999513706668,0.38358555195098804,-1.3348430962148603,1.4061357797489802,1.1348247365161315,1.8523841761196695,0.6464429457035722,-0.7690646129274037,0.6910359134007494,-0.22984244441000717,0.08205061232769786,-0.23018311679343553,-0.6464429457035722,-1.8523841761196702,0.5494904413305014,0.41596727218528484,0.17269388524144552,-0.5607922809744348,-0.01630893667750248,1.518759958947476,0.5954383064766764,-0.2086678343205727,0.139780294854656,-0.7481493064513315,0.5793409677244183,-0.14993285384946126,-0.24400799870415715,-0.194636969298146,-0.1916295312302808,-0.7833178721512579,-0.5986491559356475,-0.08511336124321738,0
0.5960101282327613,-1.4419614816545723,-0.15484123025532542,0.3052077222492148,1,0,0,1,0,0,-0.356733435603381,-0.28499163474201683,-0.7839013350458762,0.8618456288860002,-1.2263655233388107,-0.8852310354581858,-1.6481052530063667,0.8028498147339445,-0.35440704234452114,-1.2779880970567123,-1.7533627382131975,-1.2366858972786148,1.0236953199185228,-0.8380985617539927,0.7702892381974704,-0.2969737665749037,0.17423711529453104,-0.0446484510778399,-0.9813771768947055,-0.7133741297612541,1.454312265745087,-0.3302777174157744,0.1860563042242501,1.8992500111595998,2.2358669099473896,0.7133741297612541,0.9813771768947048,-0.8152827261747027,0.641115017460903,-0.16391766246191838,-0.28946177058654887,-0.20406001926752979,-0.024984737566746233,-1.0357458890816678,-0.762349526635866,-0.046252995675895824,0.9727222106882286,-0.5588081172337243,-0.8615437338508666,-0.6459624110652865,0.0761328624983096,-0.09645999267988113,-1.853415610241477,-2.213055611241474,-0.5181215015185524,1
0.13340540580248203,-1.0554449920826439,-1.8929150543297122,-0.8681093238500562,1,0,0,1,0,0,0.980873886834661,-0.6594596532042688,-0.7966945164632545,0.8936713598274711,-2.2233583341883008,-1.197818729335011,-1.1421388224086633,0.34176447359543316,1.2691843961152642,-2.0502215255877863,-2.1508378848886514,-0.347921210344259,2.4842782985776153,-1.3628121259399482,-0.4946306313891492,-0.17662671931794988,-1.5906262640069608,-1.8323775080010605,-0.5434573736581416,0.06447137185505257,0.22646601658715843,-0.9645925737808109,-1.912510406517186,1.1924792365963501,1.0072345964960092,-0.06447137185505188,0.5434573736581408,-1.2887754577581405,-0.4846237089171882,-0.082039177885424,-0.1602567656399366,-0.767313267037611,-0.49755964466293656,1.166352774922097,1.6738499195514247,-0.4183195767369984,-0.24854144663662048,-1.2416975682086098,-1.6278939123139191,-2.150049889577898,-1.7007941586659285,0.37938770007212164,-1.6064699783745033,-1.7677021063295222,-1.4459960878228426,0
-0.09789695541265715,1.0059762856343069,0.5693561964423357,-0.8681093238500562,1,0,0,1,0,0,-0.23054406556205628,-0.3663977257120716,3.0028803644980906,-0.7502723057128698,1.1994204910811412,0.298040835783703,1.3003526326543415,0.4025863221452812,-0.4226632505304959,1.5353550871749928,1.0688596201652145,1.3256959508846102,-0.570011380434438,1.1421228221366748,0.6211985014755116,-1.526242663266408,0.7726526230410218,0.042052222153110844,0.6912331826893902,1.122534507594003,-0.6669763231424262,0.06974066047208724,-0.955931863523512,-1.308016555105099,-1.3485140445143884,-1.122534507594003,-0.6912331826893908,0.6887530094432773,0.19081952690966666,-0.9463120706373036,-1.4910683165900436,-1.176951992688579,0.1325402314653172,-0.05703537174666111,-0.3747723420151606,-1.2864749325462383,-0.7481493064513315,-0.17942508891434333,-0.7155722712864762,-1.0522389138819115,-1.4187422505446208,-0.11760877902441451,-0.20711139779498602,0.3848398340782469,-1.0748462533011267,0
-0.7918040390580765,-1.7254069073406524,1.0038746524609323,0.3052077222492148,1,0,0,1,0,0,-0.571255364673633,-0.0727543261415168,3.6297462539496252,-0.7635812477429395,1.842582143146018,0.5341585787979574,0.12524216141331346,-0.7800966851392167,-0.7676650864069364,0.7616565846651797,1.9166973670647898,2.137706020282676,-0.7485372370644487,0.24410838318500166,-0.895231365656751,-0.42151927799797717,0.23968167452465947,0.68636969403768,0.25295560183580257,2.6646977629724202,0.06975794605965259,0.17388405247924335,0.6258376668271434,-0.7912846622853855,-1.8216940340804286,-2.664697762972419,-0.2529556018358033,0.18740776423728422,-0.8598699510432187,-0.11842961547497735,-0.3153027715758717,-0.20406001926752979,0.7626401075935709,0.02452383803125581,-0.09793149585751397,0.44983577907224165,-0.37806941029228636,-0.4323471077939307,-1.6887153550490819,-1.181901627546792,-1.3623318689203594,-2.5497192086457616,-1.30464753942598,-0.17185204706169332,-1.4872349583252553,0
-0.12359721776989524,1.0575118175772313,-0.4445202009343899,-0.4281154315628296,1,0,0,1,0,0,0.11016723354952047,-0.5169989940066729,0.6873145279526244,-0.6275985791748366,0.30355558901108676,0.08741307639030557,0.09501831607071763,0.4787763988741061,-0.7251916279989645,0.3849179567185493,-0.241230704728048,2.053487199085946,1.0652313760214909,0.3019304049791414,1.7155890348363854,-2.13275741881898,1.393852166092925,0.019591781273824882,1.078283513832815,1.731283161032851,0.1695600216191068,1.0615038008949174,-1.1518542740337703,0.8621206213862417,0.3327392918360617,-1.731283161032851,-1.078283513832816,-0.23037994010104354,0.641115017460903,-1.7559993070048545,-2.330900848743023,-1.8596832021068592,-0.40304466324369825,0.2692014673650073,-0.2086678343205727,-1.720552610450858,-0.15337804476715156,0.47094581677602393,-1.1196004265986297,-1.4535758847493985,-1.0963972126916977,-0.1327150549847955,-1.383042978113908,-0.8610896141873337,-0.6330012122038462,1
-0.38059984134227254,0.18140777454752677,-0.8790386569529866,1.7718540298733036,1,0,0,1,0,0,2.0408645951817888,-0.7280733584504578,1.058316789056594,-0.6594243101163075,-0.2869274253944489,-0.05032227370134285,0.4758510763655195,-0.24880820276152765,0.28625875783119054,-1.6210228926720292e-4,0.6155516877866595,-0.06627681850407112,-0.23199408028694435,-0.28850547010216376,0.028000542112094542,-0.5090729202248647,-1.334514620248668,-1.170608323419974,-1.0333455079749942,0.9344658179137063,-0.9499537715556237,0.3695473950381444,-0.9028945017011115,-1.3230628636173198,-1.943118528757426,-0.9344658179137063,1.0333455079749936,-0.5089050763265954,-0.3345252120667762,-1.0827762115981268,-1.1422148032341901,-1.5183175973977192,-0.5290646384693491,-0.05703537174666111,0.5111183656893089,-0.790386157798101,-0.9424412519348303,0.19995793940503753,-0.378013264106322,-0.7626588533636787,-1.176177609560296,-0.44541496736468245,0.12214944469431245,0.6817421706862145,-0.9511296417938885,0
-0.020796168340944693,0.6452275620338409,1.4383931084795292,-0.4281154315628296,1,0,0,1,0,0,0.1858808555743153,-0.5390949329842593,-0.46407179961141953,-0.23469546446104164,-0.6435501387784406,-0.2332240859983695,0.5789620739866769,-1.3926879566371846,0.4249672719263605,0.17167386349253733,0.02928416518773967,0.49977854301852964,0.37086910023399466,0.44657805793394,-0.20113368476027524,-1.0701864011574032,0.4644067418810509,-0.5502306104177752,-0.11972941589683889,0.8003845014165709,-0.35884532375916683,1.710016617142384,-1.6563786219913283,0.2285774614772564,-0.5752639463387684,-0.8003845014165709,0.11972941589683818,0.18740776423728422,-0.40957446049198204,-0.7279694450999874,-1.1163738022448682,-0.9038595089212672,-0.40304466324369825,-0.38327221085833024,-0.3747723420151606,-0.9764194483286528,-0.6093693453916895,0.8828473903799233,-1.308581337954314,-1.8129268340492097,-1.633101700716815,-0.28679906978068154,-1.1125787146405561,-0.9326642846196119,-1.2604211705619852,0
1.2642169495209417,-0.8235350983394863,-1.6032360836506476,0.3052077222492148,1,0,0,1,0,0,1.2837283749338404,-0.6873703129654305,2.363221293629177,-0.7340701154153937,0.2556084424433628,0.038669072624105315,-1.2382347114210615,-1.1223476808186275,-0.10413028765294793,-0.7029349666656395,-0.582910678615146,0.6997992660376441,1.002232194894554,-0.3903041238899268,-0.911845974490138,-1.2174108025013568,-0.306772086385129,-0.9698274374267558,-2.1888766343484636,3.1253439301633743,1.3318082264283284,0.6269901345024756,-1.0810308582567787,0.6454298408169414,-0.18903530024045775,-3.125343930163374,2.1888766343484627,-0.45320004908148526,-0.9349191994684248,-0.4004555067940112,-0.9354867953196102,-0.9892009100985523,0.06953024385249205,-1.0357458890816678,-0.09793149585751397,-0.10826409251941274,0.45461035606556566,-0.17942508891434333,-1.8711796832545704,-2.0030988140910337,-1.7007941586659285,-1.0693041645284194,-2.402183681056974,-1.8419276904815143,-1.4872349583252553,1
0.46750881644657266,0.2587110724619126,-1.6032360836506476,-0.8681093238500562,0,1,0,1,0,0,0.9430170758222637,-0.6571337648908387,-0.054689994255315046,-0.4395374417934178,-0.5416246192892353,-0.16569798903785354,0.17328542615014825,0.03520410168294405,-1.0979277466337558,-0.22734726384576773,-0.5411666523087529,-0.6170229636253215,-0.44872257849117675,-0.5643778230821656,-0.46207231752237715,-1.2629142935269426,-0.9561181364447545,-0.8721645509828251,-0.83882515761197,-0.009609152108407288,-0.8048772742594156,-0.5112126384588209,0.23179694044116847,-0.6409388911317225,-0.14795577881868766,0.009609152108406583,0.8388251576119693,-0.6203151308168162,-0.5596729573423944,-0.4732363819731166,-1.0130097982875779,-1.2793616741013212,0.5421051509486824,-0.6279498401920818,-0.319404172783631,-0.35630847989348147,-0.8869292675109735,-0.7105613285614767,-0.8706669502611417,-0.6329961396987983,-0.8207922053274488,-0.5088613263982832,0.12214944469431245,0.1250502895462747,-0.5799798072721716,1
-1.0231064002732158,-1.6223358434548052,-1.6032360836506476,-1.161438585374874,0,1,0,1,0,0,0.9177792018139987,-0.6565522928124812,0.7001077093700027,-0.6293345281352805,-0.09717413292383097,-0.01857159234904728,0.22944220464366777,-0.11363170678037142,-0.2821510789154579,0.7158663665416461,1.2533757167021014,0.7978356752217164,-0.45944451737335984,-0.8994984731436061,0.04183976069575224,0.7386323005450516,-0.8487255546865223,-0.08968106237743975,-0.16027754582615011,1.2471140222716814,-1.2178132466974312,0.1978772374373061,1.1279642056147945,-1.8086710089798579,-1.7170059194069236,-1.2471140222716814,0.16027754582614942,-0.9916819791175521,-0.3095087959250406,-1.0403207010769815,-0.5521786139779945,-0.8298969612342869,-0.8231112473292009,0.18764225758709038,0.2896456887631914,-0.6870343297255728,-1.0604042188355258,0.4844952106445732,0.858182559485863,1.3735343542652256,0.4145951522438788,-0.7785083522910846,0.9247227482619764,1.9621334973080773,1.0128715658835263,0
-0.894605088487027,-0.35971531085317227,-0.15484123025532542,-1.6014324776621007,1,0,0,1,0,0,-0.028641073495936725,-0.45361853746570174,-0.7455217907937414,0.317914954613589,-1.3026149616052163,-0.5945557836413953,0.46660548635734045,1.2874534907621416,-0.8266957791966606,0.33363902637591614,0.01408877639233056,-0.9689698763225376,0.004118381134369435,0.2365534897602475,0.1425877139865826,-2.093357772184252,0.00823928178533251,-0.4577005275230928,-1.344988124630379,0.012383503443245562,-0.4124648274731263,-1.6242290784546491,-0.9735018537568588,-0.44255486925963905,-0.46517158026855454,-0.012383503443245562,1.3449881246303783,0.02029268250195297,-0.10937746679115769,-0.6915790075104341,-1.5685913195580112,-1.4841810369268051,0.8256500952063961,-0.6279498401920818,-0.04256332662598434,-0.4183195767369984,-0.5538573609678327,-1.6210805965279906,-0.8159276517994943,-1.1386807229918314,-1.2100238385348534,0.062155904904119784,-0.28942660841731066,-0.32030321536567735,-0.9511296417938885,0
0.08200488108800677,-0.12780541711001567,1.0038746524609323,-0.4281154315628296,1,0,0,1,0,0,-0.6848257977108253,0.1976301902947366,0.09882818275322415,-0.5118686484785789,1.195046540387725,0.5475743596510401,-1.3063592177849526,-1.2184522313852828,2.13564558900114,-1.6917544015785195,-0.6675385653884924,-1.5922168409680535,-0.2948198182812591,-1.1434685214137168,-0.4041402188227537,1.0213499587848784,-0.8112236404610728,-0.7912208429935458,-0.946287449071263,-1.2330774978741266,0.6739840191213056,1.267505126860385,-1.8931408547510271,1.4810555782029473,0.09535967380846903,1.2330774978741266,0.946287449071263,-1.2052179168904753,-0.7097714541928067,-1.2010451337641732,-0.5737127814690962,-0.8355863879794388,-1.726254403113031,-0.6279498401920818,-0.26403600355210183,-1.3484860293897554,0.0012624832707351544,0.27583454506891375,-1.8559743225707799,-2.3056451459757548,-1.785409731102321,-0.667477223982284,0.28677986593896093,-0.26463402725168356,-1.8790042280981787,0
0.6474106529472365,0.18140777454752677,-0.4445202009343899,1.7718540298733036,1,0,0,1,0,0,-0.44506599463230834,-0.23847386847341406,1.058316789056594,-0.6594243101163075,1.0265714463635343,0.32621397557517656,0.5151314321934686,1.5251966130463408,-0.5744551936875865,1.6036252707153797,1.4117343469880126,-0.03823598669635078,-1.7393043749861772,-0.2696787705905561,2.365923564359796,-1.907930282389744,0.8045130378502753,-0.22738433899850805,-0.7858772647355261,0.7272741774339888,-0.9857626462005035,0.27675007243436467,-1.1319864395728625,-1.3686529267017034,-2.057320342397756,-0.7272741774339881,0.7858772647355247,-0.5646101035717058,1.3165582532877582,-1.410290149904103,-1.9949678358818312,-1.6719321195168326,-0.18250970659880966,-1.2804235184154193,-1.149926711256571,-1.2244638357027204,-0.9979532363586869,0.04820472807728505,-0.5696008087220858,-1.0219842806934394,-1.4131012123821949,-0.4771381468814831,0.36909507656128593,0.848749735028197,-1.136704559054746,1
0.08200488108800677,0.4648532002336079,0.5693561964423357,-1.6014324776621007,1,0,0,0,1,0,-0.6722068607066928,0.09877993697395579,0.9431781563001896,-0.6513232149675694,1.5579080451448788,0.5793250410033356,0.7680487549304423,-0.8235594336976644,0.44663752109816357,0.813371903396073,0.7082060289075214,0.14595700784855656,-0.3216660465988208,0.6894726642501795,-1.5238219185743733,-0.964858855022044,0.7340768227087217,0.4093104720373889,-0.16027754582615011,0.3580292690535297,-0.37907752780030374,-0.396170177965351,-1.5801585524506179,-0.37091495556354986,-0.5210905125279843,-0.3580292690535297,0.16027754582614942,0.7166055230658329,-1.3852146900196616,0.23637715102316323,-0.3153027715758717,-0.01630893667750248,0.9516700704320475,-0.5463906304141645,-0.5408768497097485,0.139780294854656,-0.38732140769626244,-0.4070549059059717,-0.12256320461863823,-0.9052878383950472,-0.9731002357129547,1.0455744699249259,-0.28942660841731066,-0.15329565102369538,0.038603250264021984,1
-1.460010860346257,-0.35971531085317227,-0.4445202009343899,-1.6014324776621007,1,0,0,1,0,0,-0.25578193957032125,-0.3390685380292675,-0.7455217907937414,0.317914954613589,-1.0852244026998321,-0.5064588227061526,0.5242588725849816,1.0566807185064528,0.5689238831264802,-0.11806267874299062,5.603627338207656e-4,-0.7724928600746315,-0.14212627567236355,0.3200844735146987,-0.4295961314153795,0.01622175631961168,-0.2713517719155984,0.262873101534633,-0.9053494332772455,-0.15567358143258175,-0.40917008970980373,-1.8806874217048486,-0.7614367066158089,-0.10957270984639565,0.25591592055265017,0.15567358143258175,0.9053494332772448,-0.03541234474315745,-0.7097714541928067,-1.1282642585850677,-0.9484072958142716,-0.9892009100985523,-0.43454965705011084,-1.3619827281933365,-1.2052948804881005,-1.0384305451721696,-0.5816133531797613,-1.848710413519619,-0.97102233077416,-1.164613265724808,-1.1254082660984612,0.1890486229713212,-0.7833178721512579,-0.9326642846196119,-0.76555472453303,0
-0.12359721776989524,0.6452275620338409,-0.4445202009343899,-0.4281154315628296,1,0,0,1,0,0,0.11016723354952047,-0.5169989940066729,-0.46407179961141953,-0.23469546446104164,-0.5928884433847864,-0.21623076358446483,0.9023656871827688,-1.3151936072717156,0.3077842183767882,0.3965767948956882,0.41749777459104986,1.2882954094058678,1.0028757225271527,0.9078085010375861,0.4888678717759928,-1.6609095630968647,1.3793588018320737,0.4271419502199556,1.4466056031467225,0.3223554599919946,-0.34768989618853996,2.294881602771949,-2.089805270758129,0.8319989112693289,-0.12574657636965803,-0.3223554599919946,-1.4466056031467232,0.10385022336961848,-0.3345252120667762,-2.028927588926501,-2.3438213492376843,-1.8767514823423164,-0.6865896075014126,0.18764225758709038,-0.4301405112466897,-1.9685969978249267,-0.49834537654397587,1.6416134470186852,-0.8068044353892204,-1.6443653062848649,-1.2946394109712458,0.5380035976561225,-0.9479482933959068,-0.9326642846196119,-0.76555472453303,1
0.05630461873076867,0.0783367106616796,1.4383931084795292,0.5985369837740325,1,0,0,1,0,0,-0.5838743016777656,-0.06984696574972914,-0.6943490651242283,0.10092133455810576,-0.2948745298524538,-0.13171134421004418,1.2586343010342362,1.690096292338803,-0.21771611914226305,1.1054743121181627,0.9068999755289984,1.0848538944815054,-0.28254973055216,2.5224575194525936,0.7515009616655602,-1.5212411106052943,2.0733167511434347,1.5324329091381748,1.4895244906727079,0.002319067851812721,0.7702481980825576,-1.5668730353369797,-1.2310753798242509,0.5624409231909613,0.3171080874204113,-0.002319067851812721,-1.4895244906727085,1.7750010407229295,0.26586877533487285,-1.019092945816409,-1.5427503185686884,-0.8355863879794388,0.5736101447550955,-0.6279498401920818,-1.2052948804881005,-0.790386157798101,0.6951622885689447,-1.4693273852002382,-0.031331040515893936,-0.6589286824317738,-0.4146374576327655,1.0138512904081252,-0.5363722402842841,-0.5986491559356475,-0.1469716669968365,1
-1.0488066626304537,-0.12780541711001567,-0.8790386569529866,-0.4281154315628296,1,0,0,1,0,0,-0.7731583567397526,0.8953966843237777,0.09882818275322415,-0.5118686484785789,1.7713476122513325,1.0842055937743458,-0.18717148172342118,-0.3446922624320765,0.19582335776609078,0.3443305676592877,0.6027909075268006,-0.801309337946003,-1.2368659069290675,0.41698499238111786,-0.23852603178546106,-1.4331402038614773,1.4641779222222686,1.0711627898528,0.08301123374971872,-1.1752198963459366,0.6769129927983856,0.23415080523411835,-1.7078647835539746,0.9866853814739822,0.2621242773199885,1.1752198963459366,-0.08301123374971872,-0.03541234474315745,-0.6347222057676005,-1.3829973217119373,-1.77531932747259,-1.262293393865864,0.1325402314653172,-1.3619827281933365,-1.5375038958772762,-1.2244638357027204,0.11228645211844858,-0.3311783002420958,-1.527538531800901,-1.9944546331800421,-1.5992554717422576,-0.15990635171348128,0.2044646553166367,-0.32030321536567735,-1.5078543935764617,1
0.18480593051695732,1.7274737328352407,0.5693561964423357,-0.8681093238500562,1,0,0,1,0,0,2.204910776235511,-0.7350510233907483,-0.8478672421327675,1.5215062338546692,-3.6218165109490004,-1.741157853884858,1.1409592108174367,4.009014882441373,-1.5769854662004124,0.22831718626213673,-0.9748108705602276,-0.8539372736895059,0.6295489531739401,2.1526618839810396,5.089678795284551,-1.5423288061749532,1.4390714625867729,0.024205265644656204,-0.45503125954306783,-0.7133741297612541,0.5643828337642124,-0.4037702545667839,0.6059002530390174,1.1185168395775722,1.2909336047605742,0.7133741297612541,0.4550312595430671,2.0953049473823144,4.881397553485048,0.17269388524144552,-0.6706165351790554,-0.11871861809024475,0.6208676354647141,-0.42405181574728873,-0.26403600355210183,0.139780294854656,0.22331042096616224,-0.6346847228976005,-0.9162830323125138,-0.5033334260339178,-0.0592520533999176,-0.794369942049485,-1.0302635040182315,-1.378017789531564,-0.6418381130257917,0
-0.35489957898503444,0.0783367106616796,0.5693561964423357,0.5985369837740325,1,0,0,1,0,0,3.1260931775371814,-0.7600543227601223,-0.68155588370685,0.14142681030179596,-2.0587628909149625,-0.6938325619542068,-0.8009701286191747,0.9434216579206143,0.7100471333386974,-1.9952427261723928,-1.883314129414818,-2.0360966631616084,0.9812842583510548,-0.03912700837141175,-0.14159863520421984,0.3543346836955463,-1.7750274076009045,-1.6864706381846213,-2.7148097313727666,-0.08447776675232606,1.0746732158745216,-1.4367262371821519,-0.6145860327863737,0.9353574080949077,0.8018902720538322,0.08447776675232606,2.7148097313727675,-0.20252742647848845,-0.3345252120667762,-0.646090960523493,-0.37990527404917784,-1.0233374705694662,-1.0016395455655394,-1.1988643086375024,0.012804842605544792,-0.6043528672675491,0.6674062963570164,-1.4693273852002382,-0.8432973010303187,-0.996051737960463,-0.6177148314801074,-0.0012904541294803558,-1.1125787146405561,-1.266679413303576,-0.8274130302866491,1
0.46750881644657266,0.7482986259196881,0.5693561964423357,0.5985369837740325,1,0,0,1,0,0,0.4634974696652297,-0.5995680291334429,-0.5408308881156891,-0.1710440025780999,-0.9433237721154348,-0.328923322750359,1.6784048097619653,1.9713071951238295,-0.18048265658229365,1.1837987552941893,1.2369273815605193,1.082293054104654,-0.8740344028010656,1.75593624445612,2.659771996003464,-0.09636329361771913,1.1258616571187308,0.6831957163436649,0.6912331826893887,0.7905619868667512,-0.5793519389823074,-0.041179793603290375,0.14989002090758394,-0.4828505992624748,-0.9410585319875189,-0.7905619868667512,-0.6912331826893894,1.5305178655916112,2.3172148989571726,-0.221535855312043,-0.23634415744183046,0.21316460871030787,-0.24551969421163483,-0.582639168093239,-0.9099979779199442,-0.549231892295534,-0.6648813298155464,-0.2553016945782196,-0.6608329728248301,-0.4903671546674297,-0.6346379459673855,-1.1116017372174867,-0.20711139779498602,0.18071947766026855,-0.5181215015185524,0
-0.2263982671988458,0.10410447663314094,-1.8929150543297122,0.5985369837740325,1,0,0,1,0,0,-0.4198281206240434,-0.23847386847341406,-0.8094876978806327,1.003614793988916,-1.4004051235104358,-0.9590178301501402,-0.5170405313080385,0.2071415809269883,0.870949476443791,-0.6091132146094894,-1.2102315041595169,-0.7607463044678088,0.9837859669637921,-0.6097180039047949,-0.18194072702782085,0.192823432201892,-0.44461978707877525,-0.8875880359809725,-0.32687747097049374,-0.7133741297612541,0.10973439953231273,-0.466572546837496,-0.9968481577368458,0.3819952863189784,0.7068032655210679,0.7133741297612541,0.326877470970493,-0.3696425082138195,0.19081952690966666,1.2007237471463126,1.1317932838261862,0.8712416355662611,0.038025250046078915,0.9216751455883455,1.2309045656991897,1.1939689411944467,0.19555442875423396,-0.3311783002420958,0.39746013076700454,-0.2051091846046925,-0.0423289389126401,1.6800380602609295,-0.20711139779498602,-0.5429799678216537,0.47161139053935697,1
-1.3315095485600683,-0.8493028643109486,-0.8790386569529866,0.5985369837740325,1,0,0,0,1,0,0.26159447759911014,-0.5542132070215552,1.3653531430736725,-0.6854635445229654,0.44498297934688336,0.10351201341400473,0.19041869839603762,-0.28921924138304544,-0.29337838113100356,0.5014388574030638,-0.019838423771740155,-0.5449691341307533,-0.407927763898085,0.6447253131048944,0.9646926565478782,-0.6517372626671286,0.8590833408144862,-0.4344667970434055,-0.5252107151899527,-0.2223753081429896,0.3794201008630073,1.3633704113505423,-0.2538750204384315,0.17444078883573577,-0.3983813427031907,0.2223753081429896,0.525210715189952,0.4659329004628361,0.7161642658861095,-0.3913578973966235,-0.6512357844370638,-0.3064697006802721,-0.6865896075014126,-0.22015379130249568,0.012804842605544792,-0.4183195767369984,0.4731143508735179,1.4898602356909325,0.44307621281837667,0.2357440418559006,0.2961333508329291,-0.0012904541294803558,0.9453015509175579,0.9044189231421907,0.22417816752487937,1
-0.12359721776989524,-0.6946962684821769,1.4383931084795292,-0.4281154315628296,1,0,0,1,0,0,-0.43244705762817587,-0.2355665080816264,-0.34893316685501513,-0.307605320799684,0.13559032629477505,0.0565567804282155,1.070441929409219,1.3144738697298717,-0.33061935059965036,1.3534051313117734,1.6952415036110307,0.592964860599553,-2.12743019282093,1.0939184307401142,1.416615464721276,0.07116607710512446,1.3704553235883326,1.4788825277204458,1.3338827891162104,-0.5141953625010154,-0.39544515354144805,-0.3850223638696859,0.5234827723438696,-0.4694429784297045,-0.7600560335916113,0.5141953625010154,-1.333882789116211,1.07868820015905,1.391607501712964,0.16359627584405784,0.17567624722125458,0.7346953936826055,0.4475901695294441,-0.38327221085833024,-0.9284540343304539,0.20179139169817292,-0.24854144663662048,-0.17942508891434333,0.6529101902546883,0.8451587960808378,0.5838262971166633,-0.4771381468814831,2.180029710252426,2.017802685422071,0.2860364732784985,1
1.135715637734753,-1.4677292476260335,0.5693561964423357,-0.4281154315628296,0,1,0,1,0,0,10.331506206896822,-0.8123868098123004,-0.2977604411855021,-0.3290153579784917,-1.987051727490983,-0.3705122433949152,-0.11061218775336579,0.8134217137143837,0.3849828363667814,-0.1534372825700718,-0.4244400752593376,-0.3529596777101267,0.3200010210444997,0.1491230898890645,1.0858826543232332,0.062258859689551437,-0.14183825921917836,-0.20953410006811748,-1.0618771407249559,0.5717619163874247,0.3028109740236357,-0.028633424307400495,-0.46372028454829195,0.06663947993540542,0.3472236189862334,-0.5717619163874247,1.0618771407249543,0.27096530510494976,1.2415090048625523,0.5184030423421971,0.47284775859846334,0.39332978897346543,0.19555021907814235,-0.5463906304141645,-0.09793149585751397,0.5118468759157585,-0.19302946221276363,-0.5588081172337243,-1.6278939123139191,-1.5665676780859363,-1.4469474413567518,-0.6040308649486834,-1.3595243465075295,-1.32234860141757,-1.4459960878228426,1
-0.6119022025574117,-0.41125084279609675,-0.15484123025532542,-1.6014324776621007,1,0,0,1,0,0,-0.7226826087232228,0.30229516439909276,-0.041896812837936774,-0.45284638382348746,1.280015008868944,0.5824553898690549,1.5394722140942654,-0.22019431465498585,-1.4792347335753058,1.4942382384989843,1.0815476662192969,1.4649523502625856,-0.1643440283363724,0.638837343674908,0.33431387727219575,-1.0811382936792797,1.173453075091735,0.9622552107499276,1.8468548856747633,0.16633209230480636,-1.5023548419977415,0.637131910468598,0.93572371488625,-0.8550434777898426,-0.46661001040811917,-0.16633209230480636,-1.846854885674764,0.6887530094432773,0.41596727218528484,0.30006041680488094,-0.3282232720705331,0.13730558544161034,1.3612349899154128,0.8401159358104279,0.012804842605544792,0.20179139169817292,-1.3865371273256843,0.7310941790521709,0.34272083230535716,0.7932937106148858,0.36382580878204385,-0.4136917878478824,0.03983423407198747,0.1250502895462747,-0.023255055489598248,1
-1.3572098109173063,0.2587110724619126,-0.8790386569529866,-0.8681093238500562,1,0,0,1,0,0,-0.6469689866984278,0.020281206395688665,-0.0035172685858019803,-0.4655766762000758,0.9739055404654015,0.37540517203647955,-0.28168905173037373,0.3602114199327657,0.9634049903847889,-0.8737199324482049,-0.7952681771082344,-0.9759915569895891,-0.13577014635854498,-1.017136394600394,-0.27708201162129653,1.3594557700074186,-2.0862028147927365,-1.3704601057054528,-1.2778853770027954,-0.06374491962016399,-0.6246152174292465,-0.7719761549832457,0.049115047328561534,-0.8883037387115943,-0.30409997553853546,0.06374491962016399,1.277885377002794,-0.9266927806649233,-0.18442671521636386,0.2636699792153276,0.9509062769009282,-0.05044549714841698,-0.6865896075014126,-0.13859458152457876,0.5664865349208381,-0.23228628620644656,-0.7481493064513315,-0.9381911455531051,-0.9254062487227878,-0.7626588533636787,-1.0238695791747903,-0.3819686083310823,0.4514102871836102,0.45906541823023866,-0.7036964187794109,1
0.8787130141623758,0.10410447663314094,1.0038746524609323,0.3052077222492148,0,1,0,1,0,0,-0.07911682151246661,-0.449548232917199,-0.1442422641769629,-0.4256498501098669,-0.05671640769503222,-0.016782821568636263,1.082110632694937,0.35424402386335746,-0.5867436839873132,2.200595260732818,2.3488735077308034,0.4679126034203572,-2.431440281064003,1.1184576452204438,0.526157764653537,-0.3805606403946852,1.892275246776278,2.0484318775403216,1.465333844976243,-0.8151232831568466,-0.38715147553597096,0.040882258214391315,0.41967152957201603,-1.0965144837556247,-1.0537555648923014,0.8151232831568466,-1.4653338449762439,1.7192960134778195,1.1664597564373458,1.746580310989605,1.2351572877834756,2.083089532283709,2.4008997855270304,-0.22015379130249568,-0.8177176958673952,2.2481575875342377,-0.49834537654397587,-0.17942508891434333,-0.642586540004281,-0.3477381696360611,-0.7361766328910565,-0.9847090191502859,1.1099319721622063,0.7374113588002092,-1.3841377820692236,1
-1.1773079744166424,-0.4885541407104817,-0.15484123025532542,-1.6014324776621007,1,0,0,1,0,0,-0.7983962307480176,1.3285933827001406,-0.5024513438635544,-0.19997648525216433,1.4590227621129346,1.1763272889655132,0.3017342137881991,0.2917847369658291,-0.3013498505572814,1.7423548106067466,1.8888406616225026,1.0297205873669397,-1.7656039477618468,-0.0019201295474830951,0.17639364993356277,-0.13078919365871697,0.657028228186531,0.9584692817841783,0.5174554829923397,0.8912100192872406,-0.42148734011730177,-0.22377642231985737,0.2805248146262994,-1.702310997643858,-1.5198266651494443,-0.8912100192872399,-0.5174554829923405,-0.20252742647848845,-0.10937746679115769,-0.7734574920869285,-0.7158382869103699,-0.4430159425639276,-0.05648973137315825,-0.8726274695258333,-1.149926711256571,-0.6043528672675491,-0.3318094232724056,-0.1035484832504671,0.36096726512590627,0.45617065508619664,-0.29617565622181696,-0.2233527107470814,0.9453015509175579,1.6837875567381073,0.40975308478573785,1
-0.894605088487027,-1.4419614816545723,-0.15484123025532542,0.3052077222492148,1,0,0,1,0,0,-0.05387894750420167,-0.45361853746570174,-0.7711081536284979,0.7113967189808652,-1.447150066201373,-0.8986468163112684,-0.9072182558744991,0.24510738295516674,-1.0645864596505756,-1.5415809192726624,-2.1645457378139525,-1.0627195599198909,2.0047582848926306,0.39813115637117535,-0.07340202723359703,-1.4541812823356965,-0.038252854623927364,-0.342424350343511,-1.0827475017179835,-0.3755669404878874,1.6593170293442312,-0.4099501148336048,-0.005986593839279882,2.044645491593218,2.4797047392555904,0.3755669404878874,1.0827475017179828,0.18740776423728422,-0.25947596364157,-0.5915053041391644,-1.1938968052128347,-1.1428154322176651,0.5106001571422693,-0.38327221085833024,0.12354118106860354,-0.29429738304996345,1.0004782029001573,-0.7105613285614767,-1.1717330918001976,-0.996051737960463,-0.24540631275998087,-0.0647368131630805,-2.182676452730775,-2.4914015518114443,-0.6418381130257917,0
0.05630461873076867,-0.5658574386248675,-0.15484123025532542,1.0385308760612593,1,0,0,1,0,0,1.2837283749338404,-0.6856258967303579,-0.3233468040202586,-0.3214929124832349,-0.923865887798175,-0.2788377408988505,-1.6513018037755927,-0.6756023747989015,1.7358395384746867,-0.8585112029525448,-0.4199015943612409,-0.030563350862563593,0.5270572111574037,-0.3256363660111796,-0.3536960015894423,1.1468128843288241,-0.8144762850170643,-0.47037245314028486,-0.3364521793121226,0.2920044097428146,1.9708033352307204,0.5729605719082796,-1.2205144495261375,0.352172506564495,0.08666548783324726,-0.2920044097428146,0.33645217931212196,-0.14682239923337803,-0.10937746679115769,0.7913313242638433,1.3256007912461045,0.8712416355662611,-0.37153966943728567,0.6769975162545934,0.954063719541543,0.8839134569768611,1.6943780081983673,0.4275877563966659,-0.2594114507727547,-0.8274902101961188,-0.6515610604546642,0.728342674756924,-0.4540570296619595,-0.3759724034796717,-0.332546584257695,1
-0.35489957898503444,-0.02473435322416849,-1.6032360836506476,-0.8681093238500562,1,0,0,1,0,0,-0.7100636717190902,0.26740683969764073,-0.13144908275958464,-0.43085769699119847,1.134409149847602,0.538630505748985,-0.12700410205930296,-1.2476487783027197,-0.4322547379919029,0.5615717815369524,0.5001984781064173,-0.09779610397679979,-1.251428314198604,-0.18659357300906765,-1.9604322022503684,-0.8465719802481914,0.49897982916664996,0.7299764984484406,0.6912331826893887,-0.8189388764091825,-0.009839804049556606,-0.2514808408486888,-0.2598164896045218,-0.26386739015085137,0.06239745309659856,0.8189388764091825,-0.6912331826893894,-0.4253475354589299,-1.9105594289961043,-1.073678602200739,-1.2843403086754637,-1.05747403104038,0.19555021907814235,-1.0357458890816678,-1.3713993881826885,-0.8523972546416179,0.029018475482663446,-0.17942508891434333,0.19674936974096682,0.028283699992091807,-0.07617516788719629,0.6331731362065233,0.9453015509175579,0.5704037944582268,-0.023255055489598248,1
-1.2544087614883548,1.3667250092347738,0.27967722576327125,1.0385308760612593,1,0,0,1,0,0,-0.34411449859924853,-0.29952843670095514,-0.579210432367824,-0.11896553376478392,-0.3881762831724853,-0.1384192346365855,0.48943790685166866,0.5532648996523838,-1.4700351005762162,0.3706175320290264,-0.1387226094586184,0.18899622753848955,0.3953407293934636,1.79826157055243,0.564084985825511,-0.7403938689401611,1.698979467080774,1.3035936730967084,0.5061221547512287,-0.2441974779926877,1.1162264493092973,-0.19428548209571145,1.2655627939827305,1.1839985810765625,1.4530516842280405,0.2441974779926877,-0.5061221547512293,1.1900982546492709,0.11577027848446049,-1.019092945816409,-1.1938968052128347,-0.5795621844475838,-0.08799472517957138,-1.0357458890816678,-1.3160312189511594,-0.6663639641110671,1.8054019770460803,0.4275877563966659,2.012269435385579,2.5307740737242828,3.03767789777204,0.5380035976561225,-0.7010026615289333,-0.8769950965056176,2.512935480408796,0
-1.1259074497021662,1.7274737328352407,-1.168717627632051,-0.8681093238500562,1,0,0,1,0,0,-0.3945902466157784,-0.2530106704323524,-0.8478672421327675,1.5215062338546692,-2.3517043920386365,-1.3704351096446745,-1.0390128488499815,-0.48538266035106775,0.6334872239941132,-2.026049989313373,-1.6817957248980886,-0.14624161787125128,2.413825647722468,-0.7266511164597494,-1.0708823987402072,1.3681224950162418,-1.1768338674615222,-0.4583596146950873,0.6433955013121125,-0.8375679493470506,0.718711425005355,-0.40658354452133055,0.5088329091133076,1.570134507665125,1.738917858646212,0.8375679493470506,-0.6433955013121132,-0.7595776989295921,-1.0850176963188372,-0.45504116317834126,0.279040251178545,-0.22112829950298704,-1.0016395455655394,1.3294711944779316,1.0648000580046022,-0.6043528672675491,0.16779843654230542,-0.7864379342253526,-1.4545528005187045,-1.0219842806934394,-0.4315605721200442,-1.016432198667086,-1.6064699783745033,-1.9903788587854983,-1.0129879475475077,0
0.46750881644657266,-0.7462318004251005,0.5693561964423357,-0.13478617003801185,1,0,0,1,0,0,-0.6848257977108253,0.20635227147009963,-0.5280377066983108,-0.1797237473803192,0.49767326542899815,0.29759364308860026,-0.5341163955946163,-0.15716534309863747,0.6914739928634903,-0.4973163442520695,-0.25688578470617784,0.7292539169861508,0.5968462572476964,-0.8945877732116044,-0.5205108743583244,1.0238480402829653,-0.8331583363010528,-0.3405967503350234,0.34468811875864686,0.6527578856825103,-0.15115971247783297,-0.3057220017428548,0.0836004281955134,-0.1543032474464454,0.0014376664234387981,-0.6527578856825103,-0.3446881187586476,-0.8431352397972577,-0.4846237089171882,0.00893691608845806,0.5374502610717695,0.15437386567706757,-0.5920746260821743,1.0032343553662626,0.8986955503100138,0.07776919801113909,-0.3040534310604773,-0.482931511569848,-0.669956189235104,-0.5292659687668935,-0.5500223735309933,-0.44541496736468245,-0.37174181903963527,-0.09762646290970158,-0.332546584257695,1
0.18480593051695732,0.7482986259196881,-0.8790386569529866,0.5985369837740325,1,0,0,1,0,0,-0.7353015457273552,0.3778865345855722,-0.5408308881156891,-0.1710440025780999,0.7387635846727023,0.42280759771737153,-0.4606833147471949,-0.10669235179565037,0.2873944063054835,-0.4350694207856818,0.2641677698295596,0.8493865526403851,0.132415529886065,-1.360989838750065,-0.22865218575728927,0.7486665690158704,-1.1404066662335002,-0.6360991309579187,0.03622492998512883,1.122534507594003,-0.7192936473936825,-0.08262013906148348,0.35945991954307915,-0.5430570097280556,-0.9644580333803576,-1.122534507594003,-0.036224929985129536,-1.3723329986258064,-0.5596729573423944,-1.155557086777232,-0.6512357844370638,-1.0233374705694662,-1.1591645145976028,-0.22015379130249568,-0.26403600355210183,-1.2864749325462383,-0.8036612908751883,-0.3311783002420958,-0.7885580025686714,-0.5033334260339178,-0.6684841749419423,-1.3336639938350878,-0.5363722402842841,-0.04195727479570725,-0.5799798072721716,1
-0.2263982671988458,0.6452275620338409,-1.8929150543297122,-0.4281154315628296,1,0,0,1,0,0,-0.4198281206240434,-0.23847386847341406,-0.42569225535928473,-0.24048196099585453,0.00835154735556189,0.002446464320782188,-0.08897044570529909,-1.3633694672955148,1.072204114637435,-1.1179599042288024,-1.171692438144251,-0.413635146202298,1.5390961841092567,-0.5890619987110313,-0.07480589667075827,-0.4518687650108849,-0.6563000875326427,-1.1639626685353377,-0.2118842566452726,-0.3540047794704373,-0.46486823787224335,1.7963284753275806,-1.9198234745382061,0.8595157735356731,0.38687455548136934,0.3540047794704373,0.2118842566452719,-0.3696425082138195,0.26586877533487285,1.0733572155828786,0.6408142650290589,0.32505666803163763,0.4790951633358572,1.3294711944779316,1.6184817503198954,0.8839134569768611,-0.6093693453916895,1.1863538130354276,-0.8797901666714156,-1.6184327635518894,-1.2607931819966884,0.7600658542737248,-1.0302635040182315,-1.266679413303576,-0.8274130302866491,0
0.6217103905899984,-1.2873548858258006,-0.15484123025532542,-0.8681093238500562,1,0,0,1,0,0,-0.4576849316364408,-0.21230762494732502,-0.5920036137852022,-0.09581954762553238,-0.24609094459855363,-0.0892280381752825,0.41462373696175114,0.5191634398501297,0.23285442807687437,1.3074355899588572,0.7066171167075883,0.5529395600133424,-0.6969616482011242,-0.5680892834135459,0.8249116292449312,-0.4403132649472211,0.6211562809625985,0.3483160061713556,-0.2548898489945435,1.0069402600568196,-1.1441725177011328,0.11381024729026058,-0.760792171473168,-1.1503331980117946,-0.5785740731582527,-1.0069402600568196,0.25488984899454276,-0.6203151308168162,0.5660657690356972,-0.45504116317834126,-0.5995537824584191,-0.34060626115118536,-0.05648973137315825,-0.8726274695258333,-0.8730858650989243,-0.35630847989348147,-0.9979532363586869,0.35171115073279,0.7258959215368835,0.1838789563899486,-0.29617565622181696,1.5214221626769286,0.03983423407198747,0.6260729825722207,0.8427612250610729,0
-1.3315095485600683,-0.2824120129387873,-0.8790386569529866,-0.4281154315628296,1,0,0,1,0,0,0.26159447759911014,-0.5542132070215552,-0.46407179961141953,-0.221386522430972,-0.6905899424630888,-0.2551365280584045,1.0714652073079303,1.1311104981487197,-0.24701511880575983,1.5114457692975845,0.5615234182021974,0.6700321093914565,-0.021518228227547582,0.4878529595966538,0.7118681925811057,-0.7323777372499846,0.8223377127024258,-0.318193911521318,-0.30025191215747105,1.2116300738185948,-1.002441524083878,-0.8393507282120874,-0.39829105323357,-1.2264497247493793,-1.0406623679950056,-1.2116300738185954,0.3002519121574703,0.49378541408539117,0.7161642658861095,0.14540105704928116,-0.26362076959722697,0.06903246449978255,-0.11949971898598452,0.02452383803125581,0.17890935030013266,0.015758101167622184,-1.0257092285706153,-0.9381911455531051,-0.6790794056453779,-0.7626588533636787,-1.1423313805857394,-0.28679906978068154,-0.6186874509066087,-0.09762646290970158,-0.5799798072721716,1
-1.2030082367738797,-1.2873548858258006,0.27967722576327125,-0.13478617003801185,0,1,0,1,0,0,-0.36935237260751347,-0.2646401119995031,-0.10586271992482811,-0.4343295949120862,0.29586500228236695,0.13213234590058104,0.7328001907929323,0.0268548814371951,0.7097498843319042,0.8934928387409896,1.1599045045232752,1.3928051708587237,-0.9094356841424767,0.4177063233539684,0.07345379907319037,-0.2832823927948202,0.6624695131104121,1.3245873310815066,1.815869993936328,0.0986623829151082,-0.6016092670202828,0.0367252358647015,-1.2549233537525653,-0.5501577526738093,-0.21473094452615685,-0.0986623829151082,-1.815869993936329,0.6330479821981672,0.340918023760079,0.8277217618533966,0.5374502610717695,0.8029685146244333,1.7392949155923647,-0.22015379130249568,-0.9284540343304539,0.5118468759157585,-0.44283339212011924,0.27583454506891375,0.7350191379471587,-0.08841274230630035,-0.29617565622181696,1.9338234963953311,0.36909507656128593,0.45906541823023866,0.7190446135538346,1
-0.12359721776989524,-1.0554449920826439,1.4383931084795292,-0.8681093238500562,1,0,0,1,0,0,-0.43244705762817587,-0.2355665080816264,-0.7966945164632545,0.9602160699778194,-1.2332585408502867,-0.9232424145419198,0.7443076270792772,0.6862717913425189,1.5668237848483877,-0.5678861023546552,0.30670349341088216,0.39804849056334046,-0.1489220587581048,1.3667614843327505,1.032156385486034,0.209094686723481,1.031547942796974,1.236229122987003,1.0928891867061536,-0.5410235229891278,0.33067409717563456,0.09206203779014346,-1.9317806076528639,1.7900427694689363,0.8082075635881816,0.5410235229891278,-1.0928891867061543,1.1900982546492709,0.8662627627365218,-0.19121049065408274,-0.05689276168264715,0.3591932285025509,0.06953024385249205,-0.46483142063624716,-0.9284540343304539,-0.17027518936292965,-0.05424950115312168,-0.3311783002420958,-1.2173491738515698,-1.8647919195151619,-1.2438700675094103,0.31594134103852145,-0.8656330827735822,-1.1553410370755877,-1.198562864808365,1
1.135715637734753,-0.6173929705677911,0.5693561964423357,-0.13478617003801185,0,1,0,1,0,0,10.331506206896822,-0.8123868098123004,-0.7455217907937414,0.30344871327655676,-3.031714573913806,-0.859293859142226,-0.3369379437273566,0.7949554030856124,0.5629458541775455,-1.235527834959774,-1.4677612849409325,-1.538842801340731,0.6207558246252466,0.24498745019790114,1.3866212462721177,-0.17106849956718456,-0.3405020545057206,-0.5004862259378092,-0.38662849897585155,-1.715344606419548,0.7133089863705238,0.29798548603368374,-0.9414731857402688,1.331482386853489,1.4195341675597488,1.715344606419548,0.3866284989758509,0.4102278732177254,1.6167552469885829,0.6730624020977969,0.47284775859846334,0.3079883877961804,0.3845801819166189,0.2692014673650073,0.5111183656893089,0.38782468222872474,0.5841383197212315,0.19995793940503753,-0.2046721523111086,-0.6459624110652865,-0.1269445113490324,1.1407440084753266,0.12214944469431245,-0.5986491559356475,-0.20882997275045564,0
0.8787130141623758,-1.1842838219399534,1.0038746524609323,-0.13478617003801185,0,1,0,1,0,0,-0.07911682151246661,-0.449548232917199,-0.822280879298011,1.324765351671031,-1.9833221018911251,-1.369540724254469,0.9036008722473954,0.12544067693704097,-0.1797616524079585,1.0467007440688696,1.132630339759116,0.7296566709258678,-0.7434560060208287,1.4199679666301268,0.4713254593216812,-0.5167594062650385,2.041068251684672,2.3691939213572653,1.8833482026111439,-0.8727171435694476,0.16233625234051752,0.299992232618819,-0.27355316631652393,0.6098631618343798,0.8405818246747925,0.8727171435694476,-1.8833482026111446,1.9699686360808162,1.0163612595869336,1.5191400760548999,0.9638267773955896,1.8612018892227682,2.62143474217192,-0.38327221085833024,-1.0945585420250417,2.1241353938472036,-0.026493508941193386,0.04820472807728505,-0.6243401071837319,-0.6589286824317738,-0.39771434314548676,0.12560226393772106,-0.5363722402842841,-0.9326642846196119,-0.5799798072721716,0
-0.6633027272718879,-1.4419614816545723,0.5693561964423357,0.3052077222492148,1,0,0,1,0,0,-0.38197130961164594,-0.2617327516077154,-0.7711081536284979,0.7113967189808652,-1.0893004352736617,-0.7510732269273594,-1.8315597029319455,0.25971524470133656,0.8049344313401524,-1.8486361907270576,-2.1603778325062684,-1.3741584835800806,1.6797609066404704,-0.9464901183942372,-0.2973727586537208,0.9233375877805055,-0.3605083381155629,-0.1485626076825868,-1.0001237438140784,-0.8822777243979375,1.6011065778868925,-0.6543688255561027,-0.17250710372315742,2.139914332680378,2.6635545178102698,0.8822777243979375,1.0001237438140778,-0.8152827261747027,-0.10937746679115769,0.5911839175213025,1.0155087793742343,0.8029685146244333,-0.34003467563087314,-0.30171300108041293,0.17890935030013266,0.8219023601333442,1.0282341951120857,-0.8623145398892288,-1.0075151964152582,-0.9312203811280227,-0.14386762583630988,0.31594134103852145,-2.1003612421084505,-2.4914015518114443,-0.3944048900113141,0
0.7502117023761872,-0.46278637473902035,0.27967722576327125,1.478524768348486,1,0,0,1,0,0,-0.3188766245909836,-0.3123208224248209,-0.6559695208720935,0.01817443411028148,-0.6307278175721257,-0.25424214266819894,-1.2230702127480644,-0.9943289592085457,-0.43392234604832697,0.076497004807044,0.24830636308251972,-0.35814249097165374,-0.2375486292693505,0.24612572927870785,0.05402720157748902,-0.31775628268499195,0.9579416984197291,1.172381916690529,0.013895103188392356,-0.5022446364654003,1.9466348323405782,1.4188709660193453,0.27387196373336936,0.8465360718847004,0.8217923229727129,0.5022446364654003,-0.013895103188393775,-0.03541234474315745,-0.25947596364157,-0.9190192424451392,-0.9225662948249498,-0.5454256239766699,-0.024984737566746233,-1.2804235184154193,-1.4267675574142176,-0.728375060954584,2.110717891377293,1.6416134470186852,0.6346637574341392,0.6895635396829819,1.0238272737859035,0.3476645205553221,-0.28942660841731066,-0.5429799678216537,0.8427612250610729,1
-0.35489957898503444,1.7274737328352407,0.5693561964423357,-0.8681093238500562,1,0,0,1,0,0,3.1260931775371814,-0.7600543227601223,-0.8478672421327675,1.5215062338546692,-3.795994048207536,-1.7603871397742765,-0.21290207765921154,0.425215835851153,-0.18257965836240658,-2.027446739067469,-1.88194215617449,-2.3645185081211904,0.9540943626352338,0.42300929501151374,0.17672431048577628,0.1335173127334925,-1.066319324823125,-0.7248747565150334,-2.6539875364788004,-0.5927287050207662,0.718711425005355,-0.40658354452133055,0.38376453237277935,1.6816057551755883,1.738917858646212,0.5927287050207662,2.6539875364788004,0.2749442356224576,0.02999970885565349,-0.3731626786018469,-0.25070026910256554,-0.6429586538935673,-0.2905268282207957,-1.501798516384052,-0.5408768497097485,-0.30315611117046587,0.16779843654230542,-0.7864379342253526,-1.4545528005187045,-1.0738493661593913,-0.44848368660732285,-0.9847090191502859,-1.6064699783745033,-1.9347096706715041,-0.9511296417938885,0
-1.280109023845593,0.6452275620338409,-0.8790386569529866,-0.4281154315628296,1,0,0,1,0,0,-0.571255364673633,-0.09892056966760585,-0.42569225535928473,-0.24048196099585453,0.30588302982383064,0.1097727111454433,-0.5560912825970009,-1.0479819548507092,0.8793447177359165,-1.5975106617989547,-0.7625300187839805,-0.6552740499914412,1.0754564550702712,-1.238952956425524,0.34607705516621007,-0.6894438431592878,-1.2505521733621272,-0.6082930484852961,-1.0333455079749942,0.13114384342216265,-0.4646887307091194,1.7850805184534815,-1.8949182600317405,0.9181077130165866,0.3974466028517813,-0.13114384342216265,1.0333455079749936,-1.1216603760228097,0.491016520610491,0.47291499535525605,0.020630241285320403,-0.47715250303484213,1.2982250023025865,-0.05703537174666111,0.5111183656893089,0.5738579727592754,-0.5538573609678327,1.33810702436318,-0.5878472415426337,-1.3980061503215924,-1.0238695791747903,0.9821281108913258,-1.277209135885205,-1.378017789531564,-0.5181215015185524,1
-1.2030082367738797,-1.3388904177687242,0.27967722576327125,-0.8681093238500562,0,1,0,1,0,0,-0.36935237260751347,-0.2646401119995031,0.25234635976176334,-0.5489022263013813,0.5515205460938488,0.22067649953092644,0.10390961845609557,-0.28665373555972967,0.29662833041497727,-0.11982770429316354,1.3173401599844377,0.944338948060055,-1.3422888630743348,0.5408424810947038,0.22432750087534364,-0.33978131483187096,0.7752618447806504,1.3566111060240134,1.4425661784383952,-0.14275387761029457,0.3959145806534854,0.6181676139465816,-0.7469483178061119,0.930615872291797,-0.3881400238794813,0.14275387761029457,-1.442566178438396,0.6887530094432773,0.41596727218528484,0.6002815269186915,0.31780175266252825,0.6322857122698633,1.550264952753888,-0.46483142063624716,-1.0391903727935126,0.5118468759157585,0.25106641317809053,0.4275877563966659,-0.3597668312857729,-0.671894953798262,-0.29617565622181696,-0.6040308649486834,0.28677986593896093,0.23638866577426285,-0.5799798072721716,1
-1.1773079744166424,-1.3646581837401863,-0.15484123025532542,-0.8681093238500562,1,0,0,1,0,0,-0.7983962307480176,1.3285933827001406,-0.6687627022894718,0.02280363133813179,1.048156237724814,1.0041581013509526,0.7985251006703121,0.20898705627449715,-1.2596508513048599,1.662793517381773,1.400363664227948,1.0676309272271947,-0.9729364105283215,0.11823886361490032,0.20520332996158783,-0.41531005620398487,0.5484840188134659,0.8615363190768961,0.6060821098378343,0.8550163918650944,-0.9922257113803112,-0.0812731021241491,1.3046383581511876,-1.7024594033290592,-0.9794188165175948,-0.8550163918650944,-0.606082109837835,-0.06326485836571254,-0.03432821836595151,-0.6278957417287164,-0.7287587874050313,-0.4942207832702994,0.29006520049738066,-0.7910682597479163,-1.0945585420250417,-0.5423417704240322,-0.9424412519348303,-0.1035484832504671,-0.07694712256726609,0.5987996401175653,-0.1777138548108673,-0.794369942049485,-0.37174181903963527,0.013711913318286572,-0.7036964187794109,1
-0.35489957898503444,-1.4419614816545723,-1.6032360836506476,0.3052077222492148,1,0,0,1,0,0,-0.7100636717190902,0.26740683969764073,-0.7711081536284979,0.7113967189808652,-0.2460909445985543,-0.34412787438385267,-1.1511327861283764,-0.8686405883810261,-0.3310524110282068,-1.3215794356231643,-1.6731063061909968,1.6701891755586724,1.4157024315979174,0.1385656841194043,-1.7665493060051405,-0.6641420029735005,0.5003399379304244,0.6773686106150953,1.2234273880116016,1.0645584453617318,1.7391313596929525,-0.5774538466574146,-0.21483892718079128,2.2814970740148075,2.8364387492072782,-1.0645584453617318,-1.2234273880116022,-0.17467491285593337,-1.760460932145692,-1.110069039790291,-1.232658306696819,-1.0062691903340089,-0.024984737566746233,-0.709509049969999,-1.2052948804881005,-0.9764194483286528,0.8894542340524437,-0.9381911455531051,-1.5457849646214488,-1.3980061503215924,-0.6007917169928287,-0.0647368131630805,-2.676567716464722,-2.8254166804954086,-0.8274130302866491,0
0.7502117023761872,-0.7977673323680251,0.27967722576327125,-0.4281154315628296,1,0,0,1,0,0,-0.3188766245909836,-0.3123208224248209,-0.8350740607153893,1.397096558356192,-1.9995766847171828,-1.3199023350980632,0.6174239284432946,0.5752944048828906,-0.7471434598359347,1.0250990039290517,0.9733557991367158,0.13649662705144106,-0.7515254566594701,0.42967087924248093,0.21493883248712828,-0.642080891058845,1.321102547437247,1.6171706703261646,0.1590389773671773,0.02843219803499119,-0.4292209223837384,-0.5742886211883331,0.3761407655807272,-0.07485994889635628,0.31344219292542075,-0.02843219803499119,-0.15903897736717798,0.1317027369921738,-0.10937746679115769,-0.8644335860608106,-1.0259302987822392,-0.5283573437412127,0.4475901695294441,-1.4435419379712537,-1.648240234340335,-0.728375060954584,-0.1375174777889068,-0.17942508891434333,1.4010139358971918,1.4156747362063122,1.294597105582359,1.0138512904081252,0.2044646553166367,0.23638866577426285,1.5232025883508855,1
1.726821671951222,0.18140777454752677,-0.8790386569529866,-0.8681093238500562,1,0,0,1,0,0,-0.8236341047562825,1.5262938893417024,-0.7583149722111197,0.3786731682291243,1.357548890776926,0.881180110197695,1.5508402855814796,-0.2743659353695207,-0.15406612671869366,1.4839771628283067,1.017225573833721,0.20177639753519377,-0.7207645560295222,0.874775055284634,-0.29257172691288286,0.31224217381268277,1.8447006094590868,1.8438310159059803,0.20465562353765385,0.07222398482797085,-1.2824162406590747,0.08348392334693203,0.5243868286315505,-0.17558386181695998,0.4776990488568512,-0.07222398482797085,-0.20465562353765385,0.27096530510494976,-0.7097714541928067,-1.501266243877985,-1.1422148032341901,-0.47715250303484213,-1.0016395455655394,-1.6882195673050053,-1.9250810804979817,-0.8523972546416179,-1.3865371273256843,-0.6346847228976005,-2.0931779492379152,-1.5795339494524245,-1.531563013793144,-1.397110352868688,-1.3595243465075295,-1.4893561657595522,-1.8790042280981787,0
-1.2030082367738797,-1.2873548858258006,0.27967722576327125,-0.8681093238500562,0,1,0,1,0,0,-0.36935237260751347,-0.2646401119995031,-0.5920036137852022,-0.09581954762553238,-0.38414517959279965,-0.12947538073453044,1.2749855811408408,-0.3676526483205835,0.32134351599812355,1.1730711046474507,1.2161134704027943,1.8515001083376905,-0.6160985534940382,0.5435683243385627,0.3345062070152661,-0.4107600084176067,0.8347690846486645,1.165743255670825,1.627894984056482,0.9106988955914741,-1.2297714221577558,0.839715772819158,-0.852061546356441,-0.7570006472971131,-0.442885676205755,-0.9106988955914734,-1.6278949840564827,0.4659329004628361,0.26586877533487285,-0.10933200607758836,-0.3023822710812103,0.03489590402886805,0.7941451013999841,-0.46483142063624716,-1.0945585420250417,-0.23228628620644656,-1.1644891896302574,0.7310941790521709,-0.11343998820836432,-0.5292659687668935,-0.7700228618656133,0.7600658542737248,-0.6186874509066087,-0.26463402725168356,-0.1469716669968365,0
0.7502117023761872,-1.4419614816545723,0.27967722576327125,0.3052077222492148,1,0,0,1,0,0,-0.3188766245909836,-0.3123208224248209,-0.7711081536284979,0.7113967189808652,-1.1749114388546489,-0.789978991401299,-0.6351308862012053,0.5518443646482849,-0.22704349938484367,-0.7987940110621847,-0.993714981045195,-0.9590219852292867,0.7814721858115928,0.9032103029799177,0.20520332996158783,-0.6607093001492733,1.2948597535942927,1.6629083702145004,-0.22931895624632825,-1.0805558572323073,1.7856420505979596,-0.5518555177467749,-0.35357305842668424,2.3630799414384196,2.915384508171354,1.0805558572323073,0.22931895624632756,0.29881781872750485,-0.3345252120667762,-1.4830710250832082,-1.5298298180740268,-1.05747403104038,-0.024984737566746233,-1.6882195673050053,-1.814344742034923,-1.3484860293897554,0.8894542340524437,-0.9381911455531051,-1.6187706959036452,-1.5147025926199844,-0.7023304039164997,-0.0012904541294803558,-2.182676452730775,-2.6027399280394325,-0.9511296417938885,0
0.7502117023761872,0.5936920300909173,0.5693561964423357,-0.8681093238500562,1,0,0,1,0,0,0.8294466427850714,-0.6524819882639784,-0.630383158037337,0.005444141733693132,-1.3228712416024608,-0.5060116300110499,1.4646170872017008,1.9254671534214913,-1.3216227200495922,1.3990958615261,0.40711647005074486,1.4428206814591902,0.09894067855150127,0.6740938104069291,2.5277583789749327,-1.5218094128190227,0.6985345317209751,0.09273599054179447,0.8111642712127044,1.1633324773130074,-1.363039119733444,-0.11051124129155486,0.27743083578816885,-1.197433362572601,-0.43873270481981863,-1.1633324773130074,-0.8111642712127051,0.911573118423719,2.892592470217086,0.8641121994429487,-0.1473362651452761,0.13730558544161034,1.7392949155923647,0.4323198869208419,0.06817301183707392,0.44983577907224165,-1.1644891896302574,0.35171115073279,1.455753234358838,1.4027084648398238,0.7361343275021692,1.2993599060593275,-0.04248097655033679,0.6260729825722207,1.9562107286262216,1
1.2642169495209417,0.8513696898055362,-1.6032360836506476,-1.6014324776621007,1,0,0,0,1,0,1.9020562881363317,-0.7222586376668826,0.15000090842273722,-0.5234416415482046,-0.6764558016837715,-0.15094063009946265,0.27108049170299875,-0.21945726299194948,-1.0864882312284951,-0.2292303258960248,-0.9697253104698886,-1.7120624314940194,-0.007207639501103569,-0.3250477852197756,-1.0790052121984153,-1.0171118450898584,-0.46426959896923764,-1.307007666297986,-2.321804779750211,-0.032311248161722386,-0.7017279396142225,-0.7797117541317428,0.463166495237653,-0.15068640543970266,-0.015348200895781003,0.032311248161722386,2.3218047797502095,-0.48105256270404034,-1.1600669447440433,-0.8098479296764806,-1.1551353037288514,-1.2452251136304073,-0.5920746260821743,-1.1988643086375024,-0.26403600355210183,-0.728375060954584,-0.859173275299045,-1.0140677512169813,-1.2264723902618437,-0.840456481562607,-0.8377153198147269,-1.1433249167342867,-0.37174181903963527,-0.4316415915936655,-1.0748462533011267,0
-1.3572098109173063,-1.2873548858258006,-0.8790386569529866,-0.13478617003801185,1,0,0,1,0,0,-0.6343500496942954,0.020281206395688665,-0.16982862701171944,-0.41697010530764755,0.7894252800663573,0.33784098564784815,-0.25682452234577785,-0.3074663807159607,1.613351454796107,-1.031501174642448,-0.7532029750766623,-0.6680225594295998,0.4662122906269073,-0.9925567936237396,-0.07340202723359703,1.0681940152183806,-1.9474894402154068,-1.3081804119708755,-0.9878020566370264,0.06858695651968806,-0.63463030312501445,0.34847471720922024,-1.1320735172435878,-0.5376056519547415,-0.2979827991904207,-0.06858695651968806,0.9878020566370257,-1.0102503215325889,-0.25947596364157,-0.5915053041391644,0.007709740790658993,-0.767313267037611,-1.033144539371952,-0.38327221085833024,0.06817301183707392,-1.1624527388592034,-0.4150773999081907,0.7310941790521709,1.099947794358136,0.2616765845888761,0.025363519036474696,2.028993034945732,0.5337254978059351,0.6260729825722207,0.9664778365683122,0
-0.5348014154856993,-0.3339475448817109,1.4383931084795292,-1.6014324776621007,1,0,0,1,0,0,0.48873534367349464,-0.6106159986222359,-0.7455217907937414,0.30923520981136965,-1.6285130175121179,-0.7085899208925978,1.352225221298946,1.2707196775861795,2.1055877927901094,0.5051499704892431,0.7808629030313057,-0.4915279489384652,-0.040646887182499966,1.979892368720935,0.23122041523843073,1.6785293006216602,1.4131329312182153,1.7942643049770253,0.6912331826893887,-1.3559421528355944,0.09798303943796528,-1.5124711003018316,-1.1916489799765668,0.7188134041567908,0.7365898511452019,1.3559421528355944,-0.6912331826893894,1.8167798111567626,0.19081952690966666,-0.054746349693259644,0.8152410217069858,1.4174266031008858,-1.033144539371952,-0.22015379130249568,-0.5408768497097485,0.7598912632898273,-0.3040534310604773,-1.6210805965279906,-1.481922449749529,-1.7480954772167696,-1.430024326869473,-0.0012904541294803558,-0.7833178721512579,-1.32234860141757,-1.3841377820692236,1
-0.09789695541265715,0.7482986259196881,0.5693561964423357,0.5985369837740325,1,0,0,1,0,0,-0.21792512855792381,-0.3838418880627976,-0.5408308881156891,-0.15368451297366123,-0.45428395133734006,-0.17643061372031965,1.4357564645855552,0.2869218662936594,-0.7976607000636092,0.8485171656203783,0.7863203980162786,1.482080142699449,0.020629471068199057,1.2545689518935075,0.5738116377361975,-1.2168095277788882,0.6329505423983446,-0.10598843127093058,0.6286220997103051,1.3979208031972914,-0.7429037995968166,0.1810226361843786,-0.13234732797569035,-0.5186690259316626,-1.1257321023831537,-1.3979208031972914,-0.6286220997103059,1.050835686536495,0.41596727218528484,-0.2821865846279648,-0.8450432918569822,-0.5795621844475838,0.3530751881102058,0.18764225758709038,-0.09793149585751397,-0.8523972546416179,-0.8869292675109735,-0.2553016945782196,-1.1991027410310207,-1.0738493661593913,-1.176177609560296,-1.3653871733518879,-0.7833178721512579,-0.2089648391376897,-1.0129879475475077,0
-1.280109023845593,0.6194597960623787,-1.6032360836506476,-0.13478617003801185,1,0,0,1,0,0,-0.7731583567397526,0.8343421160962365,-0.4512786181940413,-0.20865623005438366,1.2106585881140144,0.802921388554713,-0.24881324339712987,-1.739501905374837,1.217768922964497,-1.4272742678575696,-0.45540711424025015,0.3086336917618582,1.1017407140493582,-0.8445465029129268,-1.4061101484302714,0.9118418462365308,-1.1797552305121422,-0.1863043072656223,0.2430696413654208,0.17986603418274572,-0.4978800429930764,0.9789106766764728,-0.7484177954175795,0.7583303641732106,0.41016165766136986,-0.17986603418274572,-0.24306964136542153,-0.8709877534198129,-1.3852146900196616,-0.50962681956267,0.007709740790658993,-0.4600842227993849,-0.43454965705011084,0.4323198869208419,0.34501385799472056,-0.6043528672675491,-0.6093693453916895,0.5793409677244183,-0.7338187041070253,-0.9701191952274875,-0.6515610604546642,-0.033013633646279864,-0.9479482933959068,-0.9883334727336057,-0.5799798072721716,1
1.0586148506630406,0.10410447663314094,-1.168717627632051,0.5985369837740325,1,0,0,1,0,0,-0.07911682151246661,-0.4530370653873442,-0.7711081536284979,0.7171832155156781,-1.4255652748400933,-0.9026715505671933,-0.6822357681692244,-0.3383983073575077,0.7902391580235777,-0.9255260517949805,-0.7865411229782435,0.24251813598463465,1.4155354382119771,-0.9010691328105731,-0.6184770056982996,-0.01479896848522969,-1.1086687296136917,-0.966915984371757,0.5444209881177442,-0.20918429502488586,0.04832778256871188,-0.15511439045245629,-1.0951549383073083,0.15098905180762737,0.0785367176689093,0.20918429502488586,-0.544420988117745,-0.5924626171942612,-0.10937746679115769,1.8830444519504281,1.584010801139329,0.9565830367435462,1.2037100208833493,2.7159777607025237,2.5597406272558936,1.5660355222555504,0.19555442875423396,0.04820472807728505,0.6346637574341392,-0.07544647093981212,-0.008482709938082702,1.489698983160128,-0.04248097655033679,-0.15329565102369538,0.47161139053935697,1
0.6474106529472365,1.3924927752062353,-0.4445202009343899,1.0385308760612593,1,0,0,1,0,0,-0.44506599463230834,-0.20940026455553734,-0.579210432367824,-0.10160604416034526,-0.2370526723030639,-0.08252014774874118,-1.302124274380849,1.5311254295693357,-2.070131150753215,-0.3206865312097739,-1.000579227553884,-0.44038292521395184,0.66789213324429475,-0.6026158600397657,2.0419406310754864,-1.684343762310476,0.7945440831004916,0.2528528100365657,-0.060099813059615065,-0.5410235229891278,1.208508833800278,-0.055946404663138216,1.137335589254883,1.2210831265717463,1.5476635553477005,0.5410235229891278,0.06009981305961435,-0.6760201580619267,1.5417059985633763,-0.600602913536552,-1.3101813096647865,-0.9892009100985523,0.7311351137871589,-0.9541866793037505,-1.0391903727935126,-0.4803306735805153,1.8054019770460803,0.5034643620605421,1.738572943077346,2.1936510181955944,2.716138722513749,0.6014499566897238,-0.8656330827735822,-1.1553410370755877,2.141785645887079,0
0.10770514344524394,-0.2824120129387873,0.5693561964423357,-0.4281154315628296,1,0,0,1,0,0,-0.6722068607066928,0.1394829824589832,-0.4768649810287978,-0.20402703282653334,0.5391829959276805,0.26494857634609914,1.389309533028874,-0.8231835901217454,0.1586653081316916,1.4756501954232495,1.4012901015051336,1.2299163436289768,-0.750172992077335,0.9155964400902136,-1.567399882260125,-0.2065547910723925,0.6211562809625985,0.5517942252373902,0.28185302474922574,1.3979208031972914,-1.0170155504261487,-0.44034148244715055,-0.4244684364949506,-1.3775802776928001,-1.28302609857858,-1.3979208031972914,-0.28185302474922647,0.6330479821981672,-1.535313186870074,-0.5915053041391644,-0.5995537824584191,-0.34060626115118536,-0.18250970659880966,-0.7910682597479163,-0.983822203561983,-0.6663639641110671,-1.053465220782544,-0.6346847228976005,-0.8068044353892204,-0.8793552956620708,-1.2946394109712458,-0.4771381468814831,-0.7010026615289333,-0.09762646290970158,-0.7036964187794109,0
0.2876069799459088,0.10410447663314094,-0.8790386569529866,1.0385308760612593,1,0,0,1,0,0,0.03445361152472564,-0.49664747126415926,-0.7071422465416066,0.19639852738251837,-1.1627582846078073,-0.5337375771074206,0.32603220867375504,-0.45093474489143637,-0.7823783405011216,0.1251453043096853,0.6712381465732651,0.23846797663148828,-0.22924267525390196,-0.6539936689119955,-0.8465431361266996,0.15015514960525875,-1.3035352215870644,-0.6878870203021014,-0.6187833227191311,0.9389436438584764,-1.1068184908693135,-0.22912624107025223,1.2204288457404517,-1.4616264443621259,-1.5442302540614696,-0.9389436438584764,0.6187833227191303,-0.7874302125521474,-1.009968447893631,-1.0008977270216337,-0.7804407893836761,-1.1940202729240363,-0.5605696322757617,0.10608304780917345,0.4557501964577793,-0.6663639641110671,-1.2200011740541141,-0.7105613285614767,-1.6461403451344683,-0.9052878383950472,-1.3454087544330806,-2.285359379339093,-0.4540570296619595,-0.04195727479570725,-1.8790042280981787,0
-0.5605016778429365,0.10410447663314094,1.0038746524609323,0.3052077222492148,1,0,0,1,0,0,-0.2810198135785862,-0.3431388425777702,-0.11865590134220637,-0.4256498501098669,0.17055131113522456,0.06505344163516784,1.8055313025914885,0.6042136279809548,-1.184163615455768,0.9106857491550571,0.7986512490024811,-0.7696485102647473,-1.4325860506100152,1.9105410537863643,0.5705350161628634,-1.170629807048583,0.016039619541067675,-0.1557765458404452,-0.24010667662448304,-0.8115738940849077,-0.6016451180338384,-0.25775271185073007,0.44242127106836915,-1.2143730823908891,-1.190371215987478,0.8115738940849077,0.24010667662448232,1.5521809317424884,0.340918023760079,-0.46413877257572894,-0.9613277963089331,-0.9038595089212672,0.5106001571422693,-0.38327221085833024,-0.319404172783631,-0.6043528672675491,-0.6648813298155464,-0.4070549059059717,-0.5513543759015367,-0.2569742700706454,-0.7023304039164997,-0.9847090191502859,1.2745623934068555,0.9044189231421907,-1.3222794763156045,1
-1.7427137462758722,-1.4419614816545723,0.27967722576327125,0.3052077222492148,0,1,0,1,0,0,0.7537330207602766,-0.6460857954020456,-0.8094876978806327,0.9283903390363485,-2.2823479712837065,-1.2143648590538132,-1.6936517744861446,0.04577021098872266,2.865903236245983,-3.4673967864411437,-2.8397341807060346,0.1844872599826461,2.477597439474796,-1.0547521402245856,-0.431691105588375,3.21294323431316,-2.8375754521949825,-1.0715564196633183,0.4407888507730546,-0.18555039652161812,1.3011681097314152,-0.49527972390240593,-0.6890876368545653,1.8705381156284473,2.64562723137204,0.18555039652161812,-0.4407888507730553,-0.8988402670423681,-0.18442671521636386,0.8095265430586199,2.5272073372495982,0.8200367948598906,-0.8756195703398886,1.0032343553662626,0.8433273810784847,-0.17027518936292965,0.4731143508735179,-0.9381911455531051,-1.7738653748783102,-1.7740280199497451,-1.1254082660984612,0.1890486229713212,-2.2649916633530998,-2.547070739925439,-1.136704559054746,0
-1.2544087614883548,0.05256894469021735,0.27967722576327125,1.478524768348486,1,0,0,1,0,0,-0.3188766245909836,-0.3169725990516812,-0.6047967952025805,-0.05242082361443573,-0.48383751490921445,-0.20326217542648495,-0.6607951397288306,0.23410852997285908,0.10243025535571504,0.00865917015144792,-0.051126399072918584,-0.9703477173253415,-0.4754562608507385,1.7204936783852096,0.4430402036004593,-0.898376229608728,1.4930622713281212,1.1173965742099659,0.05712944868845589,-1.3800988454323733,2.6379487388140186,0.12250664575571318,-1.0428070621886003,1.468797009928335,1.157387093879482,1.3800988454323733,-0.057129448688456604,1.245803281894381,0.11577027848446049,-0.7643598826895395,-1.0646918002662225,-0.5112890635057554,0.2270552128845555,-1.1173050988595852,-1.2606630497196296,-0.4183195767369984,2.0829618991653644,-0.1035484832504671,-0.6243401071837319,-1.0219842806934394,-0.4654068010946016,0.5380035976561225,-0.12479618717266176,-0.7099875321636356,-0.5181215015185524,1
-0.2263982671988458,0.4133176682906843,-1.8929150543297122,-0.8681093238500562,1,0,0,1,0,0,-0.4198281206240434,-0.22102970612268805,-0.5536240695330674,-0.1450047681714419,-0.22093079326889742,-0.05792454951808968,-0.1805896947296614,0.16155952091165682,0.12389302292283409,-0.5368846065621259,-0.8266807818627014,-0.8573988245488391,0.3659252194294283,-0.39323385510949144,-0.10188799039231773,-0.626108946979977,-0.6414050224885118,-1.1419174271594226,-0.9919856992599327,-0.18555039652161812,-0.14180026813003524,-0.32381466475575976,-0.7985450227745658,0.08929022576568946,-0.04013460751789559,0.18555039652161812,0.9919856992599321,-0.28608496734615396,0.04072103005925432,0.4456221671630917,0.03355074177998182,-0.22112829950298704,0.2270552128845555,0.2692014673650073,0.8986955503100138,0.38782468222872474,0.1400424443303771,0.04820472807728505,1.2276728241019772,0.5599008260181015,0.5669031826293847,1.5848685217105287,0.6160407084282594,0.5704037944582268,0.7190446135538346,1
0.7502117023761872,-0.6689285025107157,0.27967722576327125,0.5985369837740325,1,0,0,1,0,0,-0.3945902466157784,-0.2425441730219168,-0.38731271110714993,-0.24048196099585453,0.025280387290095564,-6.838845449370944e-4,1.2616700243597208,0.41139241673515675,-1.1691596365068875,1.4540035904110982,1.5859895868590623,0.19404649972013635,-1.08004214567752,0.8024516014086999,0.6062388926171214,-0.7803745532051468,1.513544556337013,1.6582705768151023,-0.7279513648365089,0.9866295824910817,-0.9525826961971436,0.0426678115313395,0.8140792232484274,-0.46346017279494417,-0.442885676205755,-0.9866295824910817,0.7279513648365081,0.15955525061472892,-0.10937746679115769,-1.6650232130309723,-1.7236373254939452,-1.1940202729240363,-0.2140147004052217,-1.85133798686084,-1.8697129112664523,-1.4104971262332722,-0.8036612908751883,0.27583454506891375,0.7167727051266096,1.0655854093111348,0.7869036709640054,-0.3819686083310823,-0.12479618717266176,0.4033962301162448,0.8427612250610729,0
-1.1516077120594044,0.6709953280053031,-0.15484123025532542,-1.161438585374874,1,0,0,0,1,0,-0.81101516775215,1.4565172399387982,0.5977622580309765,-0.6247053309074302,2.650148319655575,1.602949120093541,0.059214793967017634,1.154882997715322,-0.3106462277602733,0.8100521590046303,0.7986669393962152,1.8543843855874598,-0.2044789231875098,0.25351569657534306,0.6483250682302995,-0.48213437536697795,1.1294302443746267,1.2364042600966276,1.465333844976243,1.0758588642714124,0.17097028447469886,-0.9356353369683065,-0.05983475032337952,0.025595490241227474,0.16880197672267488,-1.0758588642714124,-1.4653338449762439,0.10385022336961848,0.41596727218528484,-0.44594355378095224,-0.6124742829530796,-0.1699234587966153,0.4475901695294441,-0.22015379130249568,-0.8177176958673952,-0.23228628620644656,-0.026493508941193386,-1.0140677512169813,-0.6517097564145549,-0.5811310542328463,-0.5330992590437151,-0.28679906978068154,-0.9479482933959068,-0.5986491559356475,-0.332546584257695,1
0.030604356373531493,0.18140777454752677,-1.6032360836506476,-0.8681093238500562,0,1,0,1,0,0,-0.00340319948767178,-0.4885068621671538,-0.7583149722111197,0.43653813357725313,-1.4004051235104358,-0.7130618478436253,0.22989372120189852,-0.36439859280585163,-0.27622534505097385,0.1581712769271809,-0.05144800130971614,-0.1934082111243534,0.22812410360247404,-0.8805027303478155,-0.7656038015867186,-0.1602873124961304,-0.4120210208088777,0.021364806639869838,-0.7989105922128049,0.5285640660967139,-1.1994607690812387,-0.26681657704077777,0.21653600927939565,-0.6222321820686393,0.08774349677977089,-0.5285640660967139,0.7989105922128042,-1.0102503215325889,-1.009968447893631,-1.2829236183406676,-1.1551353037288514,-1.2281568333949502,-0.5290646384693491,-0.7910682597479163,-0.5408768497097485,-0.9764194483286528,-1.3032691506898992,-0.7864379342253526,-1.8103582405194079,-1.4498712357875443,-1.5484861282804228,-1.016432198667086,-1.1125787146405561,-1.0440026608476,-1.5078543935764617,0
-1.460010860346257,1.6759382008923163,0.5693561964423357,1.7718540298733036,1,0,0,1,0,0,0.12278617055365294,-0.5164175219283155,0.5082099881093286,-0.608503140609954,0.21389367311497298,0.07310291014701742,-0.49301840399773433,0.6758032058339842,-1.0288686067973556,-0.8491056431299092,-1.458162877727047,-0.6714647069708333,0.9915308967953611,-0.19283362957290698,1.6286285815567485,-1.6700658566085402,-0.46850597017142964,-1.3220103293011447,-1.1598770966922176,0.23455420748543962,0.4928770015775911,0.7039632519532737,-0.27175727256001936,0.6825244439562739,0.604997377848493,-0.23455420748543962,1.159877096692217,-0.3974950218363748,1.0163612595869336,-0.9281168518425269,-1.5427503185686884,-1.603658998575004,-0.18250970659880966,-0.5463906304141645,-0.04256332662598434,-0.8523972546416179,0.16779843654230542,0.27583454506891375,-0.9071598159022387,-0.892321567028559,-0.6007917169928287,-0.3502454288142823,-1.1125787146405561,-1.1553410370755877,-0.7036964187794109,0
-0.3034990542705592,-0.46278637473902035,-0.15484123025532542,1.478524768348486,1,0,0,1,0,0,1.5865828630330199,-0.7053959473945141,-0.6687627022894718,0.032640675447313694,-1.6895414965653028,-0.56772422193523,-1.484249315007473,-0.3119348585057014,-0.7316875883803962,-1.8475152099117094,-1.39394081578761,-1.292481176591016,0.9656126828778198,-0.1561022370572455,1.2283602294164127,-0.7432823297601301,-1.8298678995217579,-1.2466987501035665,-0.7450499738428467,-1.023858678725748,1.9079092871812502,1.6586846950940954,0.253314385460998,0.6814081711766155,0.5950326508667193,1.023858678725748,0.7450499738428459,-0.17467491285593337,1.0914105080121401,-0.09113678728281299,-0.4574282770171454,-1.1086788717467513,0.6681251261743327,0.2692014673650073,0.7325910426154264,-0.046252995675895824,2.33276582907272,2.1727496866658176,1.172933525640331,1.143383037510063,1.396135792506029,0.6331731362065233,0.36909507656128593,-0.09762646290970158,0.9664778365683122,1
-0.7147032519863632,-0.4885541407104817,0.5693561964423357,-1.6014324776621007,1,0,0,1,0,0,0.7032572727437467,-0.644341379166973,-0.4896581624461761,-0.19997648525216433,-0.9570633667715731,-0.34099752551813334,1.4681677135254803,2.3797814047373564,-0.5087784924880072,1.2532288174050419,0.4581518817679602,1.3431534940180125,-0.16283450945405406,1.2593223132773055,2.82011279056221,-0.3249487873868134,-0.2890831898433204,-1.0593862198843451,0.82857362277254,1.0101319379600069,-0.783222927537519,-0.441197577309504,0.36897505002934117,-1.9796812232847962,-1.6299043356491214,-1.0101319379600069,-0.8285736227725408,0.841941834367331,2.067050737539819,-0.8052991249777867,-0.8321227913623208,-0.8867912286858101,-1.033144539371952,0.7993363309214695,0.42806611184201476,-1.1004416420156866,-0.6926373220274746,-0.3311783002420958,0.3062279666642602,0.45617065508619664,-0.4146374576327655,-0.2233527107470814,0.7806711296729086,1.5724491805101195,0.34789477903211874,0
-1.1259074497021662,-0.7977673323680251,-1.168717627632051,-0.4281154315628296,1,0,0,1,0,0,-0.356733435603381,-0.2442885892569894,-0.822280879298011,1.3102991103339987,-1.6826484790538334,-1.2005018855056278,-0.03762469637151639,-0.2874592781297899,0.4171229041153288,-0.37457512370741464,-0.33416012074586804,1.0255538653282463,1.2963223150251728,-0.6575375235823586,-1.10048362402103,0.978338406654112,-0.9985267993678704,-0.43225577366140683,0.6912331826893887,0.7131765006161427,-0.6046856898439237,-0.7078934557109053,0.41291476446546677,-0.4840952550154589,0.01241089156330503,-0.7131765006161427,-0.6912331826893894,-0.6760201580619267,-1.0850176963188372,-0.31857702221751816,0.21443774870523882,-0.20406001926752979,-0.7180946013078251,1.4110304042558486,1.1201682272361313,-0.4803306735805153,-0.44283339212011924,-0.482931511569848,0.7532655707677065,0.8710913388138142,0.600749411603942,0.5380035976561225,-0.12479618717266176,0.23638866577426285,1.0901944480755505,0
0.8530127518051386,-1.2873548858258006,-1.6032360836506476,-0.13478617003801185,0,1,0,1,0,0,0.16064298156605036,-0.5286284355738237,-0.16982862701171944,-0.41697010530764755,-0.2617506090312486,-0.0843089185291522,0.0036035851751976193,-0.8617687569475124,0.8440442495390794,-0.09671343141173173,-0.13072319132783444,0.011485294287415416,0.3692819800558352,-0.7394989226181293,-0.3473287968260252,-0.05360969648813667,-0.37182980683936934,-0.26063077678252783,-0.04921092906325296,0.06447137185505257,-0.7439094831371152,0.8348582998171383,-1.2077093396408163,-0.23804646510990465,-0.08450867484298243,-0.06447137185505188,0.049210929063252244,-0.8709877534198129,-0.6347222057676005,-1.0918738209955157,-0.9484072958142716,-1.0233374705694662,-0.7180946013078251,-0.05703537174666111,-0.04256332662598434,-1.0384305451721696,-0.6093693453916895,1.0346006017076752,0.5981708917930423,-0.16621037050522874,-0.24540631275998087,1.6800380602609295,0.28677986593896093,0.3477270420022505,0.5953280020465953,1
-0.27779879191332196,1.3924927752062353,-0.4445202009343899,1.0385308760612593,1,0,0,1,0,0,-0.4576849316364408,-0.20765584832046474,-0.579210432367824,-0.10160604416034526,-0.21546788094178354,-0.08117856966343293,-1.5720663596198432,0.00846982890345752,-1.333241204769055,-1.837650308248949,-1.9841444785063211,-1.5131154587596374,1.328522775407234,-1.2818488216672337,-0.0376509106722797,-0.922680616214049,-1.5184614994988752,-1.340296917051711,-1.8937101003042098,-0.18555039652161812,0.905188302343741,-0.049342961761363054,0.8953803544483371,0.9768665811000109,1.27094592557503,0.18555039652161812,1.893710100304209,-1.3723329986258064,-0.6347222057676005,-1.8560730103761243,-1.9303653334085251,-2.2522536475223704,-0.8756195703398886,-1.3619827281933365,-0.762349526635866,-1.7825637072943747,1.194770148383656,0.27583454506891375,1.0087156302553917,1.3767759221068474,1.7684443112261554,0.31594134103852145,-1.0302635040182315,-1.211010225189582,1.3994859768436472,1
-0.7404035143436003,0.10410447663314094,-0.15484123025532542,1.0385308760612593,1,0,0,1,0,0,-0.4955417426488382,-0.1832340210294483,-0.7071422465416066,0.19639852738251837,-0.5451168139911332,-0.2927007144470359,0.5956204038723524,-0.09552607493145063,-0.9259168661727815,0.8091774333068001,0.825818396025485,0.23115507418561762,-0.5655124860745006,-0.22765893824687833,-0.22057828651686232,0.0205537504226313,-0.2339541176614569,0.14928812904820327,-0.24010667662448304,0.5534028300138731,-1.0556987992655857,-0.089857949471038,1.2864139114354345,-1.3251314068928313,-0.927853558646921,-0.5534028300138731,0.24010667662448232,-0.3696425082138195,-0.40957446049198204,-0.6733837887156574,-0.5607922809744348,-0.6136987449184976,-0.2140147004052217,-0.38327221085833024,-0.319404172783631,-0.5423417704240322,-1.2200011740541141,-0.7105613285614767,-1.9654529194940733,-1.1775795370912954,-1.531563013793144,-2.1267434817550925,-0.7010026615289333,-0.5429799678216537,-2.1264374511126554,1
-1.2544087614883548,-0.9008383962538722,0.27967722576327125,-0.13478617003801185,1,0,0,1,0,0,-0.3188766245909836,-0.3169725990516812,0.009275912831576286,-0.48930131199280863,0.32174589757885247,0.1343683093760948,0.8913884721320007,0.10357497543154295,0.7268064832355866,0.8026375815866091,1.128843004128221,0.5998198152069637,-1.0697550751633713,1.6393485598864361,0.5203968022682028,-0.8888642728984112,1.4122080650834379,1.0434694333892178,-0.4863880375980577,1.300476421676128,0.39852039588277643,0.37916218827495723,-1.8867916832635758,0.31600975243702245,-0.44880638468307765,-1.300476421676128,0.48638803759805704,1.1900982546492709,0.19081952690966666,-0.7370670544973751,-1.0388507992769007,-0.5112890635057554,0.2270552128845555,-1.2804235184154193,-1.2606630497196296,-0.23228628620644656,0.0012624832707351544,-0.1035484832504671,-1.208225957441296,-1.8388593767821853,-1.633101700716815,0.030432725387320277,-0.7833178721512579,-0.26463402725168356,-0.9511296417938885,1
-0.2263982671988458,0.8771374557769975,-1.8929150543297122,1.0385308760612593,1,0,0,0,1,0,-0.4198281206240434,-0.22102970612268805,-0.10586271992482811,-0.4447452886747494,0.37117872303876226,0.17372126654513723,-0.9139694952885826,-0.4588744109472069,-0.43091451632744826,-1.7958859462623926,-2.2692594909964106,-1.4468135027566242,1.5999490039516255,-0.1986777301597015,-0.05709511342516177,-0.9098097365105129,-0.7941550913270916,-1.1222542184727624,-1.126015323288895,-0.8565127692838675,1.0723803846558613,0.5726228986119469,-0.325196463935191,1.6386554582073567,1.854485662189607,0.8565127692838675,1.1260153232888943,-0.23037994010104354,-0.10937746679115769,-0.16391766246191838,-0.5995537824584191,-0.8526546682148961,0.16404522527173035,0.02452383803125581,0.6772228733838963,-0.17027518936292965,1.611110031562582,1.1863538130354276,1.6382175625643265,1.1822818516095268,1.8869061126371052,2.2827784710801327,-0.20711139779498602,-0.5986491559356475,2.265502257394317,1
-1.1516077120594044,-1.2615871198543382,-0.15484123025532542,-0.8681093238500562,1,0,0,1,0,0,-0.81101516775215,1.4565172399387982,-0.68155588370685,0.10381458282551219,1.269648225209414,1.039933516959173,0.9327643727532338,0.05376294889231311,0.019229365532421303,0.9069886924400758,1.013937767320815,1.969897015901255,-0.022767569884484876,0.23873047682756027,0.5378139103635763,-0.46823930489806803,1.294613759276278,1.3945756472091457,1.7556215933338128,0.9455004604204603,-1.0584948867450987,0.46497883449156563,-0.49682253146651767,0.05843363317534163,0.043362931277069874,-0.9455004604204603,-1.7556215933338135,0.15955525061472892,0.41596727218528484,-0.20030810005147043,-0.40574627503850064,0.10316902497069583,0.6681251261743327,0.18764225758709038,-0.5408768497097485,-0.046252995675895824,-1.1089772052064004,0.04820472807728505,-0.989268763594709,-1.060883094792903,-0.9731002357129547,-0.3185222492974822,-1.0302635040182315,-0.7656567202776299,-0.6418381130257917,0
-1.2030082367738797,1.6759382008923163,0.27967722576327125,1.7718540298733036,0,1,0,1,0,0,-0.48292280564470574,-0.20067818338017435,0.5082099881093286,-0.608503140609954,0.8712023930346124,0.3159285435878132,0.4334623229459643,-0.39419662222784224,0.15289621486011534,0.3255873572710382,0.7145705908428776,1.7242258063417335,-0.2830513976202128,0.9375643059084746,0.33284600215763416,-0.5601683700153544,1.450108399882662,1.686945654767246,2.001249688097911,0.36682327779893126,0.33406329578125815,0.8744850532546621,-0.7719294372010648,0.9980551519861149,0.7179973296706362,-0.36682327779893126,-2.001249688097912,0.605195468575612,0.04072103005925432,-0.7188718357025985,-0.8708842928463041,-0.32353798091572933,0.4790951633358572,-1.0357458890816678,-1.7036084035718644,-0.728375060954584,-0.05424950115312168,0.27583454506891375,-1.2264723902618437,-1.3720736075886157,-0.9731002357129547,-0.28679906978068154,-1.4418395571298541,-1.4893561657595522,-1.0748462533011267,0
-1.460010860346257,-0.30817977891024867,-0.4445202009343899,-0.13478617003801185,1,0,0,1,0,0,-0.29363875058271866,-0.34197589842105514,1.5956304085864812,-0.6993511362065163,0.9736770116807912,0.2774699718089763,0.5114502876178744,-0.8269286576989361,-0.1256040503789476,1.3589664959532928,1.2383248186683684,-0.3870287188316804,-1.1563594955723082,0.6520976706174929,0.17544343592561992,-0.6590692049516453,0.3403585047003223,0.6926101188235982,-1.4375436385994584,0.8978772664439514,-0.05961576596457266,1.3107409168694415,-0.4905960459559637,-1.498382395787158,-0.9336839370116593,-0.8978772664439514,1.4375436385994576,0.1317027369921738,-0.3345252120667762,-1.4193877593014905,-1.4781478160953823,-1.2964299543367779,-0.18250970659880966,-1.7697787770829225,-1.5375038958772762,-0.9144083514851348,-0.08200549336504998,1.1863538130354276,-0.06782390615699217,-0.30883935553659736,-0.8546384343020056,0.5380035976561225,-0.12479618717266176,0.3477270420022505,0.10046155601764112,1
-0.7918040390580765,-0.4885541407104817,-0.4445202009343899,-1.6014324776621007,1,0,0,1,0,0,-0.7983962307480176,1.3140565807412024,-0.4896581624461761,-0.19997648525216433,1.4821225763695443,1.1651474715879442,0.36433951680091375,-0.20167423615765412,-0.029875190765001045,1.387866957767846,1.4181186333216869,0.6115146459085341,-1.1523672092712782,-0.5811563067633781,-0.6208130060066055,0.40209610013427083,-0.3179531305788733,0.08412868392635474,-0.49837739391320257,1.3283176735393176,-1.0873075012809623,-0.3451126228092806,0.44490818923544634,-2.1901956038270964,-1.7614883915121586,-1.3283176735393176,0.4983773939132019,-0.5367575899491508,-0.5596729573423944,0.08171779126756346,0.279040251178545,0.13730558544161034,0.006520256239666901,-0.30171300108041293,-0.09793149585751397,0.3258135853852078,-1.053465220782544,-0.4070549059059717,-0.2867811000035777,-0.02358138547386016,-0.8884846632765624,-0.635754044465484,0.28677986593896093,1.1827648637121608,-0.1469716669968365,0
-0.27779879191332196,-0.87507063028241,-0.4445202009343899,-0.4281154315628296,1,0,0,1,0,0,-0.4576849316364408,-0.20765584832046474,-0.1442422641769629,-0.423913901149423,0.39956654801998714,0.1679077615088014,-0.18159638435404968,-0.20855037577250277,-0.13668053593159682,0.07374551859194815,-0.008141780383189808,-1.0746347314005595,-0.8398936964267079,-0.9733449295453651,-0.3412460676167553,-0.28630249346657405,-0.8943155884429804,-1.095062766972731,-1.1234618125076608,-0.3514378555397904,-0.7200405920378139,-0.05561088368523761,-0.10085952358314272,-0.9864134666497765,-1.0585309420259679,0.3514378555397904,1.12346181250766,-1.0938078624002545,-0.7097714541928067,-1.3738997123145495,-1.2843403086754637,-1.5012493171622625,-1.0961545269847772,-0.8726274695258333,-0.4855086804782194,-1.4104971262332722,-0.44283339212011924,0.4275877563966659,1.50136931641021,1.2082143943425034,0.6684418695530556,0.7917890337905242,2.0153992890077768,1.9621334973080773,0.904619530814692,1
-0.7404035143436003,-1.4419614816545723,-0.15484123025532542,0.3052077222492148,1,0,0,1,0,0,-0.4955417426488382,-0.1832340210294483,-0.8094876978806327,0.9283903390363485,-1.2683081885176524,-0.8583994737520205,-1.2239776813647194,0.1616410971161884,0.3623442896608961,-1.2383196647924417,-1.900260796067295,-0.22056895748975025,1.5830313092430233,-0.23886131964352783,-0.37616248733259355,0.023182677343331536,0.0907483162059191,0.21123548884714125,-0.11623388745465664,-0.18555039652161812,1.4633033446872623,-0.5986888007032803,-0.4720404275708344,1.7628744543409722,2.676662443200864,0.18555039652161812,0.11623388745465593,-0.45320004908148526,-0.6347222057676005,-1.0099953364190213,-0.8450432918569822,-0.767313267037611,-0.6235796198885869,-0.6279498401920818,-0.6516131881728072,-0.9144083514851348,0.5841383197212315,-1.0140677512169813,-1.7829885912885848,-1.6962303917508168,-1.0746389226366257,0.09387908442092041,-2.2649916633530998,-2.547070739925439,-1.136704559054746,0
-0.6633027272718879,-1.2615871198543382,0.5693561964423357,-0.8681093238500562,1,0,0,1,0,0,-0.36935237260751347,-0.2442885892569894,-0.68155588370685,0.10381458282551219,-0.6510535984042986,-0.2681051162163844,0.12148699400289069,-0.3032764901599581,0.9076061845511564,-0.1361587660571165,-0.030064341030350633,-0.7292194180966092,-0.29441723001776016,-0.8248240702707622,0.38624589361506345,0.6167636075297095,-0.27384296286411836,-0.2565886216137505,-1.773666294592434,0.7645323233097284,-0.9930851148913304,0.8031891576533642,-0.6209401141567977,-0.0875962856478098,-0.21142373231338266,-0.7645323233097284,1.773666294592433,-0.8431352397972577,0.19081952690966666,-0.43684594438356456,-0.06981326217730856,-0.1699234587966153,-0.8756195703398886,-1.2804235184154193,-0.7069813574043363,-0.17027518936292965,-1.0257092285706153,0.4275877563966659,-0.7429419205172992,-0.9182541097615345,-0.8884846632765624,-0.15990635171348128,-0.7833178721512579,-0.5429799678216537,-0.6418381130257917,0
-1.4343105979890196,-0.12780541711001567,0.27967722576327125,1.478524768348486,1,0,0,1,0,0,-0.785777293743885,0.9302850090252297,-0.5280377066983108,-0.16236425777588057,1.2208646399555152,0.840932767638447,0.10865182089263747,-0.5942605747486193,-1.0665000567534118,0.6106941639031985,0.9405398757809005,-0.24556026956847368,-0.8022043776729387,1.142443016931834,-0.4385464905582245,-0.3169540733672758,1.7455213441957906,2.3482919382072334,0.6912331826893887,-1.020471574555225,0.990432599693036,0.37631504141661043,1.1394330287455054,0.9058206685153887,1.0699021173571972,1.020471574555225,-0.6912331826893894,0.4102278732177254,-0.8598699510432187,-1.655925603633584,-1.5298298180740268,-0.9209277891567239,-0.18250970659880966,-2.0144564064166746,-2.368026434350216,-1.2244638357027204,1.1392581639597994,0.5793409677244183,0.6164173246135901,1.1563493088765513,1.5145975939169787,-0.3502454288142823,-0.37174181903963527,-0.8213259083916238,0.5953280020465953,1
-1.2544087614883548,0.18140777454752677,0.27967722576327125,-0.8681093238500562,1,0,0,1,0,0,-0.3188766245909836,-0.3169725990516812,-0.7583149722111197,0.43653813357725313,-1.087010773287144,-0.5811400027883127,1.1916606407030097,-0.11275684077728247,-0.7651567555113289,1.215812484876932,1.030683659699593,0.7925316495932982,-0.44540969161430444,1.475210105789593,-0.1358834555538717,-1.0567256284429243,1.8958308676013853,1.7934080637033094,1.1750460966186718,-0.08447776675232606,-0.18302057329940138,0.01863723980741725,-0.015912428666999778,0.2373892062843008,0.41097467931388276,0.08447776675232606,-1.1750460966186724,1.1900982546492709,-0.25947596364157,-0.4186507255887879,-0.8708842928463041,-0.1699234587966153,1.0146800580448727,-0.9541866793037505,-1.4267675574142176,0.139780294854656,-0.4150773999081907,-0.3311783002420958,-1.0440080620563552,-0.892321567028559,-0.7530997473783346,-0.5405845059150832,-1.1125787146405561,-1.266679413303576,-1.0129879475475077,1
-1.2544087614883548,-1.4419614816545723,0.27967722576327125,0.3052077222492148,1,0,0,1,0,0,-0.3188766245909836,-0.3169725990516812,-0.8094876978806327,0.9283903390363485,-1.5432937290021664,-0.961253793625654,0.230480645304608,0.3603376730807846,-0.6144149896086608,0.22071896656516035,-0.4326532320776239,0.9003309491482459,0.6525076019898737,1.545712171809885,-0.05069088997939294,-1.0863539313452708,1.9181454534692932,1.7534632324225017,1.6167883223801933,-0.3755669404878874,1.2239684416844174,-0.5453557855625001,-0.25175505960921685,1.603823112810867,2.2743859538453237,0.3755669404878874,-1.616788322380194,1.357213336384602,-0.10937746679115769,-0.18211288125669506,-0.7029177864157086,0.017827623793410803,1.2037100208833493,-0.709509049969999,-1.3160312189511594,0.20179139169817292,0.4731143508735179,-0.9381911455531051,-1.6370171287241937,-1.488770049887009,-0.9054077777638412,-0.15990635171348128,-2.182676452730775,-2.4914015518114443,-1.198562864808365,0
-1.100207187344929,-0.6173929705677911,-1.168717627632051,-0.13478617003801185,1,0,0,1,0,0,-0.356733435603381,-0.2559180308241401,-0.7199354279589849,0.2050782721847377,-0.827360169534525,-0.3553076917614215,-1.330377129080148,-0.7434727008702722,1.297459194932102,-2.091232532665831,-2.1980859483770305,-1.6267249708408478,1.9479938492808178,-0.9003591544536499,-1.035384491567623,1.1214670996603822,-1.2844284726607773,-0.8529030380870662,-0.12752713319093578,-2.0921789839382625,0.9502935244342657,-0.016785840136851395,-0.6467039033286115,1.5515029497852653,2.0249255736847376,2.0921789839382625,0.1275271331909351,-1.038102835155144,-1.2351161931692491,-1.3738997123145495,-0.6899972859210471,-1.1086788717467513,-1.6317394216937933,0.35076067714292497,0.4557501964577793,-1.4725082230767892,0.77843026520473,-0.1035484832504671,-0.2594114507727547,-0.5422322401333817,0.05920974801103089,1.2359135470257274,-0.37174181903963527,-1.1553410370755877,-0.08511336124321738,0
0.9558138012340891,0.7225308599482267,-0.8790386569529866,-0.8681093238500562,1,0,0,1,0,0,-0.16744938054139394,-0.40826371535381406,0.2267599969270068,-0.5529527738757504,0.299643389197216,0.11335025270626534,-0.5014970141159313,-0.04415501304928362,0.6171857332559176,-0.36864113382660485,-0.44417406436704315,-0.10094245670910397,-0.24399822845171662,-0.944836000413636,0.36477998454506005,-0.013284588184383665,-0.9099604905250719,-0.8014148639633553,-0.30219600057873947,0.16204084244106823,-0.24672519303120002,0.4260327218404453,-0.857063303169799,-0.4042908567359361,-0.2049775943832031,-0.16204084244106823,0.30219600057873874,-0.6760201580619267,0.9413120111617277,1.6374089982209463,1.3772827932247493,0.8712416355662611,1.0461850518512859,0.8401159358104279,1.1201682272361313,1.5660355222555504,-0.22078545442469194,0.4275877563966659,0.0872707728176734,-0.37367071236903754,-0.4992530300691578,0.9186817518577256,0.5337254978059351,0.6817421706862145,0.10046155601764112,1
-0.5091011531284612,-0.23087648099586283,-0.15484123025532542,-1.8947617391869185,1,0,0,1,0,0,1.6875343590660796,-0.7117921402564469,-0.46407179961141953,-0.20865623005438366,-1.2385459360033273,-0.38616398772351157,0.5583089102023538,0.586974131536309,0.4140395736793545,0.19193950255423506,0.13136765907225742,0.47425861545586095,-0.019088753876527233,0.5406318308451138,0.2792781753786251,-0.4697241534786047,-0.1930745980416516,-0.5567244177141648,-0.19143037735720503,0.8366905045627424,-0.23614917507227243,-0.5258656712599951,-1.0380334418488295,-0.45074735143329786,-0.7143174269341436,-0.8366905045627424,0.19143037735720433,0.7723105503109431,0.5660657690356972,0.8641121994429487,0.459927258103802,0.3591932285025509,0.6366201323679207,0.5138790966987595,0.6772228733838963,0.3258135853852078,-0.22078545442469194,-0.482931511569848,0.041654690766301246,-0.5033334260339178,-0.6346379459673855,0.5697267771729232,0.03983423407198747,0.514734606344233,-0.023255055489598248,1
0.6217103905899984,-1.3904259497116478,-0.8790386569529866,-0.4281154315628296,1,0,0,1,0,0,-0.571255364673633,-0.09601320927581818,-0.4001058925245282,-0.23469546446104164,0.34350910801086915,0.10753674766992953,-0.44215173814535946,0.07923708238344292,1.3793982406263894,0.3657592891454656,0.7558848424666549,-0.7560333946247498,-1.451174545272942,-1.2287582435923072,-0.1364035426807991,0.5909619362417187,-1.2439401293816152,-0.6307804556258789,-1.2817794809441767,0.24011390447808975,-0.6129380039228556,-0.24540145693622398,-1.2918238512798166,-1.7275869414672544,-1.598521658861077,-0.24011390447808975,1.281779480944176,-1.0102503215325889,0.340918023760079,1.5282376854522888,1.6615338041072958,0.9565830367435462,0.8571550890128092,-0.05703537174666111,0.6772228733838963,1.938102103316653,-0.6371253376036178,-0.3311783002420958,-0.33239718205494984,-0.9182541097615345,-1.4469474413567518,0.47455723862252236,1.0276167615398821,1.2941032399401495,-0.5799798072721716,0
-0.894605088487027,-0.6689285025107157,-0.4445202009343899,0.5985369837740325,1,0,0,1,0,0,-0.6469689866984278,0.00865176482853798,-0.42569225535928473,-0.22022922312400942,0.5273750173084321,0.1768516154108565,0.44850082306324435,0.3633527481921346,-0.8514347408918382,-0.07830373287220024,0.1692203701881661,0.6410247239815728,-0.017062282829781332,-0.18191864529476232,1.53526023954127,-0.3419777985501885,-0.3284232957522976,-0.040980470844095514,0.11065768597424898,0.7645323233097284,-0.8054222790865174,1.0392769553187722,0.8202851067020339,-0.21987562677643238,-0.26000422255333966,-0.7645323233097284,-0.11065768597424969,-0.09111737198826762,1.6167552469885829,0.381938901381374,0.13691474573727128,7.593435579547688e-4,0.7941451013999841,-0.13859458152457876,-0.2086678343205727,0.139780294854656,-0.859173275299045,0.6552175733882943,-0.6790794056453779,-0.1921429132382052,-0.2623294272472596,-1.238494455284687,-0.7833178721512579,-0.5429799678216537,-0.6418381130257917,0
-0.020796168340944693,-1.0296772261111817,-0.8790386569529866,-2.6280848929989626,1,0,0,1,0,0,-0.06649788450833415,-0.45885178617091954,-0.2210013526812325,-0.39208817020795217,-0.14219895441983574,-0.0498750810062401,1.1055598523409942,-0.07430943905729233,0.3755072282224938,0.6644810694240134,0.4562425234084613,2.0080945553059055,0.9500572877822824,0.05457448971040673,-0.7123637023210256,-0.21373327205570955,-0.25388626482250587,0.013506770351182574,0.5391776954544716,2.2040515957814644,-1.4827776999038893,-0.6116382817234981,-0.728112286604568,-1.1494203302465662,-0.5799508929804071,-2.204051595781464,-0.53917769545447225,0.0759977097470634,-0.6347222057676005,0.1272058382545045,-0.0052107597040024186,-0.10165033785478751,0.4790951633358572,1.0032343553662626,0.7879592118469556,0.20179139169817292,-1.4420491117495413,-0.7864379342253526,-0.8432973010303187,-1.047916823426415,-1.3623318689203594,0.1890486229713212,-1.5241547677521787,-0.8213259083916238,-0.5799798072721716,0
-1.280109023845593,-0.10203765113855341,-0.15484123025532542,-0.4281154315628296,1,0,0,1,0,0,-0.19268725454965888,-0.4041934108053113,0.03486227566633282,-0.4985597064485092,0.19715639390985149,0.07444448823232569,-1.1659237983129287,0.8139454480417643,0.08665497716151778,-0.48857134150987364,-0.026553417903233914,-0.6718189743608314,-0.4664800213288217,-0.8120699103910913,1.1286000420856592,-1.520674699822384,-0.41663458179433865,-0.45088440983332173,-0.45503125954306645,-0.4649864905896614,0.8098347371513851,0.013441075202430569,-1.6465916767512263,0.24690064298669348,-0.40568012491923994,0.4649864905896614,0.4550312595430657,-0.7038726716844818,1.2415090048625523,0.427426948368315,-0.4703487775118068,-0.596630464683041,1.5817699465603012,0.18764225758709038,0.4557501964577793,0.44983577907224165,0.22331042096616224,-0.482931511569848,-1.4910456661598026,-1.9425895477140902,-1.751563502127764,-0.3185222492974822,0.12214944469431245,-0.09762646290970158,-1.569712699330082,0
0.10770514344524394,-0.07626988516709207,-0.4445202009343899,0.5985369837740325,1,0,0,1,0,0,-0.596493238681898,-0.05240280339900311,-0.23379453409861076,-0.38514437436617666,0.6123395052897752,0.2573463005293523,-0.973959643845973,1.0209107675317413,-0.5166251559207138,-0.030881283136922597,-0.498060532829903,-0.5475128762274991,0.06484188085155863,0.1253739133596127,1.481339653389588,-1.6327038526018787,0.646245346001492,-0.7724483055597847,0.0915777400728132,-0.8375679493470506,1.4795867305674957,0.08274147813395318,-0.9344660193168093,0.6825244439562739,-0.10664233984173478,0.8375679493470506,-0.09157774007281391,-0.03541234474315745,1.0914105080121401,-0.5460172571522233,-1.2455788071914804,-0.972132629863095,-0.08799472517957138,0.10608304780917345,0.06817301183707392,-0.9144083514851348,1.1392581639597994,-0.1035484832504671,-0.5239847266707137,-0.892321567028559,-0.6007917169928287,-0.12818317219668063,0.28677986593896093,-0.09762646290970158,-1.0748462533011267,1
1.2642169495209417,-0.7462318004251005,-0.4445202009343899,-0.13478617003801185,1,0,0,1,0,0,-0.2810198135785862,-0.33557970555912225,-0.3361399854376369,-0.28098743673954474,-0.05778590777992806,-0.04093122710418501,-0.19653760386706684,-0.14841326284712816,0.014382410031315844,-0.3048743738544289,-0.782333135997627,-0.015316235148351176,0.7908890874959521,-0.24870044827762203,-0.5229534179994979,-0.1105835225136754,-0.0717977211600148,-0.551533924940888,0.1359000988749071,-0.15567358143258175,0.024791764861897884,-0.3201813931542884,-0.13078701181838406,0.3406722189467518,0.4786058619804111,0.15567358143258175,-0.1359000988749078,-0.4253475354589299,-0.7097714541928067,-0.8462383672660339,-0.7675202888890147,-0.7502449868021539,-0.9386295579527137,0.02452383803125581,-0.04256332662598434,-1.1004416420156866,-0.27629743884854874,-0.6346847228976005,-1.1534866589796486,-1.0349505520599276,-0.8546384343020056,-0.5405845059150832,-0.7833178721512579,-0.9326642846196119,-1.0748462533011267,0
-1.460010860346257,-1.3646581837401863,0.5693561964423357,-0.8681093238500562,1,0,0,1,0,0,0.11016723354952047,-0.5222322427118907,-0.6431763394547153,-0.01770184440555841,-0.988364152499535,-0.3879527585039226,0.4906699352473463,0.4860547761619798,-1.6673705917405326,1.1780902827250783,0.5716348030622956,0.3736419481490192,-0.5885986168548014,-0.12482185028021013,1.0742005139464788,-1.4419215432759978,-0.27932621913176836,-0.8706973436171421,-0.46991781074089073,0.9756618166055823,-0.8070090112609929,0.40898505945086067,0.8303593635459212,-1.8684990653274587,-1.5932197289021932,-0.9756618166055823,0.46991781074089,-0.3417899945912644,0.5660657690356972,-0.9281168518425269,-1.4393863146113988,-1.4500444764558913,-0.08799472517957138,-0.38327221085833024,-0.2086678343205727,-0.9764194483286528,-0.859173275299045,0.12408133374116129,-0.669956189235104,-0.17917664187171697,-0.8884846632765624,-1.238494455284687,-0.20711139779498602,0.29205785388825667,-1.2604211705619852,0
-1.3315095485600683,-0.30817977891024867,-0.8790386569529866,-0.4281154315628296,1,0,0,1,0,0,0.059691485532990585,-0.5106028011447401,-0.1442422641769629,-0.4204420032285353,-0.16752770023304933,-0.06776278881035029,1.133866463499023,-0.27052514937405986,-0.07277607486360246,2.2340764480850113,1.5751978623433345,0.6742220456773813,-1.5623339616601775,0.22208046745372015,0.5967954760187125,-0.6577286053988024,0.9321714745942461,-0.28861571953464327,0.33643704580791395,0.5858842905209276,-1.3547687324800588,0.9691608641702595,-0.561466484969417,-2.093767873378693,-2.329611443515406,-0.5858842905209276,-0.33643704580791395,0.15955525061472892,0.491016520610491,-0.1457224436671417,-0.4574282770171454,-0.08458205761933026,-0.43454965705011084,0.2692014673650073,0.12354118106860354,-0.4803306735805153,-1.2200011740541141,1.1863538130354276,0.6346637574341392,0.22277777048941236,-0.6515610604546642,0.12560226393772106,1.933084078385452,2.6301637546760053,0.22417816752487937,1
0.9558138012340891,-0.6173929705677911,-0.8790386569529866,-0.13478617003801185,1,0,0,1,0,0,-0.16744938054139394,-0.40826371535381406,-0.7199354279589849,0.2050782721847377,-1.0463727674309302,-0.4724721778783433,-1.1953638492360057,0.14531893226706152,0.41203609703556826,-1.5775877927251454,-1.9121069360192726,-1.4934485334368788,1.2099809761017126,-0.9432469131644163,0.23635285178832194,0.08524488991038069,-0.9016230818919807,-0.8308384667772617,-0.13124877099039398,-1.9067147440421726,0.719701329050594,0.03731830332942899,-0.4776042545644911,1.2371853163830682,1.6746806108852732,1.9067147440421726,0.13124877099039328,-0.7317251853070371,0.641115017460903,1.2007237471463126,1.06719078135288,0.59814915179895,0.6051151385615076,0.8401159358104279,1.009431888773073,1.069946747507413,0.44535835866158957,-0.17942508891434333,-0.6334633235940058,-0.7626588533636787,-0.2792525417345383,0.6331731362065233,-0.6186874509066087,-1.32234860141757,-0.45626319576493324,0
-1.3829100732745436,-0.514321906681944,-0.4445202009343899,-0.13478617003801185,1,0,0,1,0,0,-0.38197130961164594,-0.23847386847341406,1.6979758599255073,-0.7057162823948105,1.1175126584797501,0.3619893911833969,-0.83899501181017,-0.12534867738524436,-0.7040347698848964,-1.0482009264427186,-0.8148568368502979,-0.006705636884639214,1.0332315739164968,-0.6074297598287932,-0.19786226189717396,-1.443039142108201,-1.6101118105014744,-1.5510211754151175,-0.2493891336940558,0.23819541748766626,0.5597063284307393,-0.02616907688909325,-0.4876760559173438,-0.1805074822225622,-0.45491649971122045,-0.23819541748766626,0.2493891336940551,-0.7038726716844818,-0.40957446049198204,-0.7370670544973751,-1.2972608091701252,-1.7402052404586603,0.25856020669096863,0.6769975162545934,0.8986955503100138,-0.9764194483286528,0.5841383197212315,0.04820472807728505,0.23324223538206504,-0.06248019957332482,-0.1269445113490324,0.28421816152172197,-0.04248097655033679,0.06938110143228039,-0.2706882785040748,0
-0.6633027272718879,-1.0296772261111817,0.5693561964423357,-2.6280848929989626,1,0,0,1,0,0,-0.40720918361991093,-0.2239370665144757,-0.2210013526812325,-0.39208817020795217,0.24257282523674706,0.13079076781527277,0.8174505875069787,1.4336502060123435,0.758972599984995,0.9093744378115688,0.2546463507522063,0.22388324802415752,-0.012476387538974176,-0.4629310757373042,1.3643512026625202,0.4910311514339617,-0.02998840630301125,-0.2082200265203305,-0.7768887630270574,1.0758588642714124,-1.5992402172083333,-0.6009528159280073,-0.5441020175846828,-1.2582421878884826,-0.5343390566859694,-1.0758588642714124,0.7768887630270568,-0.5646101035717058,0.9413120111617277,-0.646090960523493,-0.3153027715758717,-0.3064697006802721,-1.033144539371952,-0.8726274695258333,-0.6516131881728072,-0.6663639641110671,-1.5253170883853264,-0.7105613285614767,-0.5787240251323598,-0.7496925819971905,-1.1423313805857394,0.37938770007212164,-0.9479482933959068,-0.5986491559356475,-0.5799798072721716,1
-0.09789695541265715,-0.87507063028241,-0.4445202009343899,-0.4281154315628296,1,0,0,1,0,0,0.04707254852885811,-0.5036251362044497,-0.24658771551598904,-0.38340842540573283,-0.25966415036706153,-0.09101680895569353,1.1023695889951715,0.07051835212209438,-0.9532895072074414,1.1413314757881694,0.9035783912314929,0.5662315380787725,-0.7043124372007212,1.0521708551480247,0.2031306100690533,-1.458396774114161,0.5453830929675734,0.01075265188298531,0.6225629626478131,0.1548219174366513,-0.4815550270360618,0.10670313459666936,-0.16236941899590127,-1.001072652049131,-1.1641982904946282,-0.1548219174366513,-0.6225629626478137,0.49378541408539117,-0.25947596364157,-1.264728399545891,-1.6977963245046235,-1.4500444764558913,-0.08799472517957138,-0.13859458152457876,-0.4301405112466897,-1.3484860293897554,-0.10976148557697851,0.7310941790521709,1.8571747564109133,1.4675398216722642,0.8884423578876751,0.9821281108913258,1.7684536571408034,2.073471873536065,1.3376276710900281,1
-1.1516077120594044,0.10410447663314094,-0.15484123025532542,-0.4281154315628296,0,1,0,1,0,0,-0.34411449859924853,-0.25882539121592774,-0.6175899766199587,-0.049527575347029285,-0.484682001436133,-0.16077886939172326,-0.3842067469940816,-1.7737757581257103,1.2289109327639063,-0.7249459463717876,0.40277603960540503,-0.6285408620203636,-0.09199983345875967,-0.3598119784073424,-1.104620391229933,-0.1465140382301911,-0.3367599109933994,-0.09040934036413797,-0.3224700655433951,-0.5374328853480426,0.17472894503509404,1.327978435526729,-1.8271948925095667,0.6454298408169414,-0.6118957019475136,0.5374328853480426,0.32247006554339436,-0.7317251853070371,-1.3852146900196616,-1.8924634479656777,-1.659034823020639,-1.6719321195168326,-1.1276595207911904,-0.46483142063624716,-0.3747723420151606,-1.658541513607341,0.0012624832707351544,0.9587239960437993,-0.5604775923118106,-1.3461410648556402,-1.057715808149347,0.1890486229713212,0.36909507656128593,0.1250502895462747,-0.9511296417938885,1
-0.7404035143436003,-1.3646581837401863,-0.15484123025532542,-0.8681093238500562,1,0,0,1,0,0,-0.3188766245909836,-0.28499163474201683,-0.6431763394547153,-0.01770184440555841,-0.5908200138511871,-0.20549813890199872,0.7543380767903639,-0.3676061102468201,-0.832269523503331,1.7124338097748857,1.6534464618219136,1.0645311359052865,-1.0267052776200762,0.1402458921596678,-0.1075571284659011,-0.22349143320744433,0.450990319949325,0.5945917605577634,0.2181716668474219,1.2355135006620177,-0.9087934154227949,0.39680255272596754,0.913152982881307,-1.8661933187339388,-1.5690582532154416,-1.2355135006620177,-0.2181716668474226,-0.20252742647848845,-0.4846237089171882,-1.21924035255895,-1.1292943027395286,-0.9209277891567239,-0.49755964466293656,-0.709509049969999,-0.8730858650989243,-1.1004416420156866,-0.9146852597229018,0.19995793940503753,-0.44187577897824326,0.06718251409155555,-0.685407289429221,-1.1433249167342867,-0.20711139779498602,0.45906541823023866,-0.8274130302866491,1
-1.3315095485600683,0.10410447663314094,-0.8790386569529866,0.5985369837740325,1,0,0,1,0,0,0.059691485532990585,-0.5106028011447401,-0.68155588370685,0.10092133455810576,-1.080093611663091,-0.47068340709793227,-0.587593558052062,1.401700237144738,-0.8272268123462347,0.33949630521302643,-0.48428882007910684,0.13706714506530834,0.6009181995313659,0.15270876774811187,0.5760381106384144,-0.8221432191505901,0.9722270239591291,-0.29451747791888677,0.288491621905012,-0.09917924017331377,0.9696479475059334,-1.3468152311845945,0.30467211668301586,0.5054060686063147,0.34206019060303305,0.09917924017331377,-0.2884916219050127,0.15955525061472892,0.5660657690356972,0.09081540066495114,-0.354064273059855,0.03489590402886805,-0.15100471279239655,0.35076067714292497,0.2342775195316623,-0.23228628620644656,0.5841383197212315,-1.3934507795363622,-0.8341740846200435,-0.5681647828663581,-0.3469449996836519,-0.8895394805998851,-0.7010026615289333,-0.8213259083916238,-0.8892713360402683,0
-0.6119022025574117,-0.514321906681944,-0.15484123025532542,-0.13478617003801185,1,0,0,1,0,0,-0.6974447347149578,0.20344491107831195,1.6979758599255073,-0.7057162823948105,1.8979816349170056,0.7018558394614903,0.20799182169649547,0.3616370429283323,-0.15575617135675598,0.9415196486158521,1.4695971355154451,0.9789677525307712,-1.302098363243717,0.9754434764081862,0.21652718817287003,-0.5870276401959656,1.28452104651579,1.6917139795292953,1.3843233105508752,-0.037759751214519306,0.6854339371758629,-0.2794460068460269,-0.37698226155982856,0.0017767779261286464,-0.2589188155061996,0.037759751214519306,-1.3843233105508759,0.6609004958207222,-0.03432821836595151,-0.6551885699208807,-0.8321227913623208,-0.34060626115118536,0.6681251261743327,-0.9541866793037505,-1.482135726645747,-0.4183195767369984,0.7229182807808735,-0.17942508891434333,0.2879815338437111,0.04124997135858002,0.04228663352375219,0.28421816152172197,0.28677986593896093,0.29205785388825667,-0.1469716669968365,1
-0.09789695541265715,-0.6689285025107157,-0.4445202009343899,0.5985369837740325,1,0,0,1,0,0,0.04707254852885811,-0.5036251362044497,-0.42569225535928473,-0.22022922312400942,-0.4866647654576219,-0.21712514897467033,1.0194503006346098,-1.3481941129326942,-1.2051073855525631,-0.010589736276154778,0.08704846450535174,0.6123207250722307,0.26180972809764325,1.2456806094728476,-0.17578029140460857,-1.5618317079601671,0.5885466516105021,0.20590679270341294,0.6152054390719316,0.22497917377587734,-0.1729010716259403,1.67434589320459,0.07793192336249788,0.597898835571131,0.08786063943008134,-0.22497917377587734,-0.6152054390719323,0.6330479821981672,-0.5596729573423944,-1.2920212277380552,-1.7623988269779296,-1.5012493171622625,0.1010352376589052,-0.46483142063624716,-0.762349526635866,-1.4104971262332722,-0.3595654154843339,1.1104772073715516,-0.8341740846200435,-0.671894953798262,-0.4146374576327655,-0.9847090191502859,-0.8656330827735822,-0.8769950965056176,-1.0129879475475077,1
-1.1516077120594044,-0.7462318004251005,-0.15484123025532542,-0.13478617003801185,0,1,0,1,0,0,-0.34411449859924853,-0.25882539121592774,-0.3361399854376369,-0.28098743673954474,0.021620741130742083,0.0180982086493786,-0.44063136393723634,-0.5914630981916434,-0.148936119480892,-0.4385795808987482,-0.4225816487265126,-0.32712138352619546,0.5952885207989352,-0.35445900360399724,-0.9909154880224892,-0.24122341306330433,0.0036259315032368686,0.3193852075577688,0.01898787070343759,-0.4649864905896614,0.2585373777733444,-0.18087571877620182,-0.038805601911431856,0.5960881306093869,0.8611943315820267,0.4649864905896614,-0.0189878707034383,-0.7317251853070371,-1.3101654415944555,-1.9106586667604537,-1.710716824999284,-1.6207272788104614,-0.9701345517591269,-0.6279498401920818,-0.7069813574043363,-1.658541513607341,-0.05424950115312168,-0.482931511569848,-1.0166384128255321,-0.8793552956620708,-0.6177148314801074,-0.3502454288142823,-0.7833178721512579,-1.0440026608476,-0.9511296417938885,0
0.10770514344524394,1.3924927752062353,0.5693561964423357,1.0385308760612593,1,0,0,1,0,0,-0.6595879237025604,0.09877993697395579,-0.579210432367824,-0.09581954762553238,0.2862315061001328,0.1500200537046912,0.11106333362779239,-0.7505576798190254,-0.5183797746637441,-0.39762150482673636,-0.7019754625064992,-1.2925513264751978,0.3142547005673644,0.9865901527955695,-1.0968454055144918,0.07505811259152495,0.5079539439285823,0.4568556677151667,-0.11207882534413707,-1.6517274332983856,0.8313529870454016,-0.06863167855840126,0.7840686823682869,1.0408394363158364,1.3586331209673266,1.6517274332983856,0.11207882534413637,0.49378541408539117,-1.2351161931692491,-1.1282642585850677,-0.9225662948249498,-0.6990401460957827,-0.8126095827270634,-0.8726274695258333,-0.9284540343304539,-1.1004416420156866,0.7229182807808735,-0.1035484832504671,-0.11343998820836432,0.30057539868834077,0.7192112130148905,-0.28679906978068154,-0.20711139779498602,-0.8769950965056176,-0.023255055489598248,0
-1.100207187344929,-0.10203765113855341,-1.168717627632051,1.478524768348486,1,0,0,1,0,0,-0.356733435603381,-0.2559180308241401,-0.630383158037337,-0.046634327079622846,-0.5031741488122929,-0.16077886939172326,-1.5590982130872504,-0.3992016624631405,-0.3893536918114413,-1.9620297556381476,-1.9272547053938898,-0.5687054828804637,2.5197572586784815,-0.9170251975848289,-0.9479339814635762,0.9204948571633126,-1.536585012663332,-1.063601069912783,0.03622492998512883,-0.8115738940849077,1.2516832455079803,-0.40170264332509636,1.4572680993956475,1.1269242248125968,1.467126074551729,0.8115738940849077,-0.036224929985129536,-1.0938078624002545,-1.2351161931692491,-1.6923160412231368,-1.0646918002662225,-1.5183175973977192,-1.6947494093066184,0.4323198869208419,0.4557501964577793,-1.8445748041378918,1.1115021717478706,-0.4070549059059717,-0.10431677179808911,0.6506647255835172,1.1084428462222957,-0.8895394805998851,-1.1125787146405561,-1.4893561657595522,0.22417816752487937,1
-1.074506924987691,-1.9315490351123477,0.27967722576327125,1.0385308760612593,1,0,0,1,0,0,0.08492935954125552,-0.5158360498499579,0.40586453677030254,-0.5917223006589967,0.18925101164752894,0.060581514684140296,0.8193438526319291,1.8277296681743214,-0.016037067708651605,1.8174423386298084,1.5619273889668202,1.7116968633395204,-0.5325500076061624,1.3461242283934327,3.3596564067965304,-1.1453706150937453,2.1879677495519467,0.967447721333766,1.116988546947158,1.2267347275520042,0.20571389598721834,0.8570137066019087,-1.129063800245508,-0.2856959808417506,-1.0860577010953878,-1.2267347275520042,-1.1169885469471588,0.49378541408539117,1.7668537438389946,-1.8105849633891833,-1.98204733538717,-1.2793616741013212,-0.9071245641463012,-0.6279498401920818,-1.0945585420250417,-1.9065859009814097,0.1400424443303771,0.7310941790521709,-0.14993285384946126,-0.6978274965312384,-0.7530997473783346,0.030432725387320277,-0.37174181903963527,0.23638866577426285,-0.45626319576493324,1
0.030604356373531493,0.10410447663314094,-1.6032360836506476,-0.8681093238500562,0,1,0,1,0,0,0.021834674520593164,-0.4885068621671538,0.764073616456894,-0.6426434701653501,0.3999121910615074,0.12095252852301216,-0.5415075880101632,-1.686453922893459,0.861670130548566,0.20242007417305435,0.7882179503953199,0.9896035262312383,0.2473245500228044,-0.8375306536573386,-0.620238781157983,-0.39563273758378803,-0.6407710147447877,-0.24148157053475355,-0.9609518129377761,2.3027614887509538,-0.08387127792735283,1.6933693398752807,-1.5755046811760829,-0.9088340307210301,-1.2604816923017819,-2.302761488750954,0.9609518129377754,-0.9545452942874786,-0.8598699510432187,-1.1282642585850677,-1.1292943027395286,-1.2793616741013212,-0.30852968182446,-0.5463906304141645,-0.1532996650890431,-0.790386157798101,-0.19302946221276363,1.33810702436318,-0.44187577897824326,-1.1386807229918314,-1.3623318689203594,0.41111087958892223,-1.0302635040182315,0.013711913318286572,0.16231986177126023,1
-1.2287084991311177,-1.3904259497116478,0.27967722576327125,1.7718540298733036,1,0,0,1,0,0,-0.5081606796529707,-0.15125305671978392,1.6212167714212378,-0.6981938368995538,1.3116801906878535,0.4232547904124743,0.053513825087787056,-0.27277077833392926,-0.15668091958355154,0.8556483487790751,1.8577966458723745,1.1406083314581852,-1.5283141679023076,1.30591564866204,0.03861261878198717,-1.078006565215666,1.7659197109282796,1.6623441230389067,2.287815798656024,-0.7133741297612541,1.2304432525528748,0.4130677274751529,-0.8691045695723261,0.5951300391490458,-0.7922711398999291,0.7133741297612541,-2.287815798656025,1.4129183636297125,0.19081952690966666,0.48201260475264507,-0.18609776662925942,0.512807750621665,1.8023049032051899,-0.38327221085833024,-1.2052948804881005,0.6358690696027934,1.5417200510327609,0.7690324818841089,1.0178388466656656,0.35244048415429274,0.5838262971166633,0.2524949820049213,1.0276167615398821,0.7095767647432119,0.16231986177126023,1
-0.2263982671988458,-0.6173929705677911,-1.8929150543297122,-0.4281154315628296,1,0,0,1,0,0,-0.43244705762817587,-0.2152149853391127,0.13720772700535894,-0.536171933924793,0.5752071473369751,0.24884963932239998,0.5999362945915643,-0.47325290949672416,-1.7748098065711404,0.8505533505457564,-0.3848922773681997,0.1210251902714384,0.8668016487666864,-0.27286510067770947,-0.6998530701070956,-1.028105065508041,-0.45054531806997183,-0.927277042870609,-1.0228468552315015,1.179510982546407,-1.1068696152240012,-0.051542971802299324,1.3930780213021832,-1.5957957284698736,-0.4049267414819741,-1.179510982546407,1.0228468552315009,-0.3139374809687093,-0.7097714541928067,-0.23669853764102378,-0.7158382869103699,-0.8355863879794388,0.16404522527173035,-0.13859458152457876,0.40038202722625016,-0.35630847989348147,-1.1089772052064004,-0.2553016945782196,-0.6334633235940058,0.11904759955750843,-0.5330992590437151,-0.7626467625326843,-1.0302635040182315,-0.6543183440496418,-0.2706882785040748,1
0.46750881644657266,0.8771374557769975,0.5693561964423357,1.0385308760612593,1,0,0,0,1,0,0.4256406586528323,-0.5984050849767277,0.29072590401389814,-0.5691549641732264,-0.08065639712307031,-0.020360363129458298,0.32712194875896194,1.5797177282484391,0.05308358273673837,-0.24420648889029162,-0.7237914457596096,0.0073462080818611575,0.45323555175406455,1.7355962032093013,2.823830071569053,-0.14659839984522377,1.1140402342389273,0.5457500744617064,0.454702424768406,-0.440948977121442,1.2793162435599725,0.6606388175528629,-0.219884289860334,1.4345704378450517,1.4737830539508363,0.440948977121442,-0.4547024247684067,1.4964759044973779,2.4422969796658496,-0.2548937564358004,-0.28946177058654887,0.15437386567706757,-0.34003467563087314,-0.6279498401920818,-0.8730858650989243,-0.5423417704240322,1.9719379303176512,1.413983630027056,1.9484069205136576,1.5064386357717279,2.1238297154590033,2.1241625734961316,-0.20711139779498602,-0.4316415915936655,2.451077174655176,1
-1.2544087614883548,-0.41125084279609675,-1.6032360836506476,-0.8681093238500562,1,0,0,0,1,0,-0.7731583567397526,0.8866746031484146,0.3035190854312764,-0.5691549641732264,1.8986395831551381,1.1217697801629771,-0.3160275941660917,-0.6090912079692944,0.30827632068706223,0.1912839127446232,1.0863349835119447,-0.1574425952710144,-1.4761578523639813,-0.883771478296442,-1.1120101617440177,1.2343181947615907,-1.3800899148623207,-0.21723374976218496,0.08301123374971872,-0.2970624528398517,-0.44360998529954315,-0.2779905706974663,0.8189466908453975,-1.626885760846761,-1.6243751583936892,0.2970624528398517,-0.08301123374971872,-0.9823978079100336,-1.2351161931692491,-1.06458099280335,-0.354064273059855,-0.8526546682148961,-0.9386295579527137,-0.30171300108041293,-0.3747723420151606,-1.2864749325462383,-0.5102408017776596,-0.39621539081113233,-0.45490894527863496,0.009760455182822786,-0.6370555337512828,-1.3110045798945162,1.7919722887471816,1.763314968329527,-0.6330012122038462,1
-0.7661037767008384,0.18140777454752677,-0.4445202009343899,1.7718540298733036,1,0,0,1,0,0,-0.7983962307480176,1.2907976976069009,1.1094895147261072,-0.670418653532452,2.581219490443739,1.5108274249023737,0.42801301763485217,-0.11199929173314936,0.8712479767047041,0.7168049555058766,1.3750334449889765,0.4952748263113437,-0.894028181370102,-0.36696988389060764,-0.07241012851163013,-0.025514868868759564,-0.32874055467091995,-0.0570010849097873,-0.2611143426240418,0.9344658179137063,-0.96183450412259,0.08118366560819636,-1.2166651537038526,-1.294330757153041,-1.8432612871288232,-0.9344658179137063,0.2611143426240411,-0.23037994010104354,0.11577027848446049,0.5911839175213025,0.48576825909312477,0.32505666803163763,0.6366201323679207,0.18764225758709038,0.34501385799472056,0.6358690696027934,-0.9424412519348303,-0.02767187758659086,-0.2959043164138529,-0.8534227529290943,-1.2438700675094103,-0.0647368131630805,0.12214944469431245,0.6817421706862145,-0.8274130302866491,1
-1.100207187344929,-2.1119233969125806,-0.4445202009343899,0.5985369837740325,0,1,0,1,0,0,0.1858808555743153,-0.5513058466297674,5.177721205452396,-0.7820980366543406,1.14893315065009,0.18042915697167852,0.47103785964108563,-3.5462382149416736,-0.4016880735490838,1.4645247199985256,2.4868487017047194,4.582764354803407,0.6233224143092675,-0.3253736579994065,0.05177655918469383,-0.2941400230147369,-0.27619662475259243,-0.9592170654027244,0.82857362277254,5.428574766118151,-0.9800991354759301,4.9191918618550154,0.2535386967975893,-2.252350258660633,-4.169513875943742,-5.428574766118151,-0.8285736227725408,-0.14063295176169913,0.3159016076183434,0.8196349979446071,0.5245297605771081,0.3838474110648779,0.06953024385249205,2.2266225020350205,1.8584104836565227,0.07087907613963722,-1.3032691506898992,1.717490052682561,-3.0419924559064557,-2.5001392164730754,-2.8854121727754207,-3.7129024575951015,-2.676567716464722,-0.8213259083916238,-2.9305954259097073,1
-0.7918040390580765,1.3924927752062353,-1.6032360836506476,-0.13478617003801185,1,0,0,1,0,0,0.6149247137148194,-0.628060160972962,-0.5664172509504457,-0.10160604416034526,-1.0707561904610863,-0.4044988882227245,-1.6694846221223347,-0.5526426295727519,0.9646950858366066,-0.6279000682651141,-0.750903403154547,0.37956732822287037,2.310877737509857,-1.3951400224066879,-1.399183595443713,1.2382492664948652,-0.39248884205734064,-0.6941868967622029,1.465333844976243,-0.9356157016516281,0.9274515348675396,-0.6431520578000441,-0.07444940329200497,0.4590672662920035,0.29847280814744065,0.9356157016516281,-1.4653338449762439,-1.3166279713806959,-1.3101654415944555,-0.054746349693259644,0.5891322630504142,0.39332978897346543,-1.5057194464681423,3.042214599814193,2.227531611866718,-0.790386157798101,0.4731143508735179,-0.8623145398892288,-1.0440080620563552,-0.9182541097615345,-0.7023304039164997,-0.7309235830158842,-0.28942660841731066,-0.7099875321636356,-1.198562864808365,0
-1.3315095485600683,-1.4677292476260335,-1.6032360836506476,-0.4281154315628296,1,0,0,1,0,0,-0.09173575851659908,-0.449548232917199,-0.34893316685501513,-0.2723076919373254,-0.26714465310936397,-0.13528888577086623,-1.056569418528286,0.5079829833364349,-0.14505608892598157,-0.24747779492383648,-0.8408826906628522,1.7789952332716241,1.649910655378394,-0.889800633644722,0.74201154516733,-0.9127649431165923,-0.10366875625592634,-0.7856851024922168,0.2181716668474219,2.209957315873655,0.5801071872782282,0.04610829035946133,-0.7189442081470725,0.23153037089406636,0.3261200995160125,-2.209957315873655,-0.2181716668474226,-0.8789456144548287,0.5660657690356972,-0.2821865846279648,-0.6936888574909508,-0.6917251688520157,-0.06549115817499042,0.47892514965108013,0.4082917656878972,-0.7460925171955889,0.029018475482663446,-0.482931511569848,-1.564031397441998,-1.6184327635518894,-1.4469474413567518,-0.4771381468814831,-2.1003612421084505,-1.712032918215528,-1.198562864808365,0
-1.5885121721324456,-0.4370186087675581,-1.168717627632051,1.478524768348486,1,0,0,1,0,0,0.6401625877230843,-0.6332934096781798,-0.6559695208720935,8.14944505842823e-4,-1.320998474599769,-0.48767672951183694,-2.256750119093313,-1.1439917438894898,0.8317200561872852,-1.6535103380967466,-1.5266066206522568,-1.5800295817172045,1.004896653606504,-1.1820738445344978,0.37644642569111547,1.1719159325443058,-1.4379931010486946,-1.3814171257144177,-1.1537067290942782,-1.0107396132765438,1.9569517184806424,1.9472803356920212,0.040673313470507004,0.8078964475979139,0.6359784216467612,1.0107396132765438,1.1537067290942775,-1.0938078624002545,0.41596727218528484,0.1908891040362222,0.7829397704703327,0.10316902497069583,-1.1276595207911904,0.35076067714292497,1.1201682272361313,0.38782468222872474,2.4437897979204335,2.5521327149851984,1.2915353389738984,1.1174504947770867,1.4299820214805863,0.886958572340925,0.5337254978059351,0.06938110143228039,1.1520527538291696,0
-0.6119022025574117,0.38754990231922204,-0.15484123025532542,0.5985369837740325,1,0,0,1,0,0,-0.6974447347149578,0.18890810911937359,0.43145089960505906,-0.5940368992729219,1.4482487547117167,0.6043678319290898,0.31557650812491117,-0.24738194730041962,0.49566281111097477,0.3846418072004232,0.9495308803281163,0.3946064212130531,-1.672912152384895,0.628269954763387,0.22947105471194762,-0.4001359494014545,1.2423012058070224,1.6831918049852281,1.34624143539365,-0.7969897706705045,0.18894311958885,0.5694185514155157,-1.079685707775776,0.7122183435840727,0.4088725422483762,0.7969897706705045,-1.3462414353936507,0.2152602778598393,-0.18442671521636386,-1.110069039790291,-1.1163738022448682,-0.6478353053894121,0.1325402314653172,-1.1988643086375024,-1.7036084035718644,-0.8523972546416179,0.6118943119331598,1.1863538130354276,1.6473407789746017,0.7154960824159574,0.9899810448113461,2.251055291563333,2.097714499630101,1.739456744852101,1.646919199858125,1
-0.2263982671988458,0.0010334127472937634,-0.4445202009343899,1.478524768348486,1,0,0,1,0,0,-0.16744938054139394,-0.41291549198067434,0.188380452674872,-0.5465876276874562,0.27599016830233575,0.104853591499313,-0.6986845739825202,-0.3086198446099013,1.1938833593106055,-1.2710465979733117,-0.051813743492447314,0.24974980209282244,0.3571042781174146,-0.6111702342789297,-0.47301743573680877,0.4070236186998423,-1.2763519855623346,-0.7912208429935458,0.3637290563372595,-0.020113106998745453,0.3608638110987189,-0.05026806111174382,-1.2230590639216932,0.45149317235409203,-0.7051127503736389,0.020113106998745453,-0.36372905633726016,-0.7038726716844818,-0.6347222057676005,-0.7188718357025985,-0.4186667755331612,-0.8697229484503528,-0.655084613695,0.5954383064766764,0.4557501964577793,-1.0384305451721696,0.0012624832707351544,-0.4070549059059717,-1.1078705769282764,-1.4758037785205207,-1.2438700675094103,-0.6992004034990842,-0.12479618717266176,-0.15329565102369538,-1.3841377820692236,1
-1.3315095485600683,-1.7511746733121147,-0.8790386569529866,0.3052077222492148,1,0,0,0,1,0,-0.6217311126901629,-0.02042183908933873,0.6617281651178678,-0.6287558784817991,1.269648225209414,0.4702100233982635,-0.16613732687425606,-0.07567001542565283,-0.5427137125392638,0.6714229357617004,-0.19936052828466955,-1.181895505323093,-0.16294014591617964,-0.7385257911812713,0.6950835240044585,1.1468128843288241,-1.9559429700519777,-1.7906645138966395,-2.067181853346863,0.43824128821613356,-0.5069082715147589,0.8001788865057538,1.8943441765956914,-2.8465286370877547,-1.4890569226081956,-0.43824128821613356,2.067181853346862,-0.8988402670423681,0.11577027848446049,-1.2738260089432798,-0.5866332819637576,-1.262293393865864,-1.8837793721450944,-0.8726274695258333,0.06817301183707392,-1.3484860293897554,-0.47058938433204756,0.7690324818841089,0.05990112358685037,1.0331697308949146,-0.3469449996836519,-0.6992004034990842,0.41025268187244807,0.7095767647432119,-0.6109089601489817,0
1.521219573093319,0.20717554051898904,0.5693561964423357,-0.8681093238500562,0,1,0,1,0,0,0.6527815247272168,-0.6338748817565374,-0.7583149722111197,0.5030828437276014,-1.7828838229173347,-0.8762871815561307,2.0795631719843986,1.0750331116314764,-0.19050751026709856,0.8662322953006216,0.2706275594775476,0.057732112633216856,-0.2800461299212646,2.851337257833175,1.4472149432499732,-0.508162182903403,1.9060640453311204,1.2808711431631203,0.6006469349749696,-0.5169746011139472,-0.04266062107997595,-0.025728523160679768,-0.25022383826932676,0.7197965332350283,0.8986922883929744,0.5169746011139472,-0.6006469349749702,3.0840691809830236,1.6918044954137887,0.7003552302899613,0.3048812521678669,1.0931292786272029,0.8571550890128092,-0.9541866793037505,-1.2606630497196296,1.0079356506638961,-0.27629743884854874,-0.3311783002420958,-0.934529465133063,-0.9052878383950472,-0.6007917169928287,-0.15990635171348128,-1.1948939252628807,-1.4893561657595522,-0.8892713360402683,0
-0.25209852955608386,-0.3854830768246345,-1.6032360836506476,-1.6014324776621007,1,0,0,1,0,0,0.17326191857018283,-0.55072437455141,-0.054689994255315046,-0.46731262516051963,-0.16855706269057663,-0.06239647646911723,0.31374222175582384,0.9323073386210537,-1.5773890566997795,-0.6551838474586265,-0.46119911109847195,0.6585539733667162,1.0463743366376894,-1.0389913529518797,1.8320221184640548,-1.1103794231328261,-1.4677654867295742,-0.9536901878188098,0.9153149533513734,-0.009609152108407288,-1.4744141144917908,0.5556584601363267,1.0405194476896549,-0.5703000226002464,-0.33151141557220964,0.009609152108406583,-0.915314953351374,-0.8988402670423681,2.067050737539819,0.6730624020977969,-0.05689276168264715,-0.6307670251539549,1.6447799341731264,1.8188264531454346,1.397009073393778,-0.17027518936292965,-1.3587811351137562,0.6552175733882943,0.3518440487156324,0.858125067447326,0.549980068142106,-0.6040308649486834,0.12214944469431245,0.1250502895462747,-0.023255055489598248,0
0.4161082917320974,-0.30817977891024867,-0.8790386569529866,-0.13478617003801185,1,0,0,1,0,0,-0.5333985536612357,-0.14834569632799627,-0.16982862701171944,-0.419863353575054,0.5225168612548611,0.2103910675435631,-0.33852303164409525,0.479985376730569,-1.3182444522429033,-0.18441563235353098,-0.506737862236085,-0.24545847732489054,0.3595143746548212,-0.25646242753340787,-0.18589127749441778,-0.8759335259501829,-0.01753376401579033,-0.0820279011343533,0.2600885100232926,-0.5927287050207662,0.21447028027862539,-0.8450167939590625,0.9218556087938908,0.23174744154827773,0.5786997588604393,0.5927287050207662,-0.2600885100232933,-0.09111737198826762,0.04072103005925432,0.7185504490847379,0.11107374474794844,0.10316902497069583,1.2982250023025865,0.5954383064766764,0.5111183656893089,0.139780294854656,0.19555442875423396,-0.7864379342253526,0.023408257945752128,0.4950694691856613,0.5669031826293847,-0.44541496736468245,0.28677986593896093,0.013711913318286572,0.10046155601764112,1
-0.5348014154856993,0.6194597960623787,3.176466932553916,-0.8681093238500562,1,0,0,1,0,0,0.5392110916900246,-0.6152677752490963,-0.579210432367824,-0.09292629935812594,-1.0647444851405778,-0.4013685393570052,3.0068687584470157,-0.18994354751011577,-0.16222984651323727,1.0559017860164184,-0.005573579659206796,0.3490145872170742,1.1759386364646707,2.8589449228806454,-0.1793776536282121,0.7443216651845529,-0.21760770672381152,-1.0125622711023705,-0.6392523306161405,1.1100169487029459,-1.3245001229000228,0.08100688431799327,0.9697451263183571,-1.64223126880605,-0.9813240519484338,-1.1100169487029459,0.6392523306161398,1.8864110952131505,-0.5596729573423944,-1.2829236183406676,-0.7675202888890147,-0.801449827508525,-2.135819322596396,0.18764225758709038,0.5664865349208381,-1.720552610450858,-1.1367331974183288,0.5034643620605421,1.2732889061533492,1.6620338921695847,0.7361343275021692,0.28421816152172197,0.28677986593896093,1.0157572993701793,1.4613442825972665,1
-0.9203053508442651,0.3102466044048362,-0.8790386569529866,-0.4281154315628296,1,0,0,1,0,0,0.12278617055365294,-0.5297913797305387,0.2267599969270068,-0.5610538690244884,0.06237303137859926,0.026147677161228185,-0.6435685765571715,-1.0071922153283988,2.8841258936110834,-1.4476579536769059,-0.463956349856648,0.13103949822314323,-0.11211681377468792,-1.2598003776496904,-0.4097332559856991,2.732647663745859,-1.6216640969220975,-0.9106901699532638,0.1590389773671773,0.020989325180847843,-0.36387992167357663,0.9719411430070387,-1.196649348827183,0.3476781412885963,-0.28594572197682255,-0.020989325180847843,-0.15903897736717798,-1.0938078624002545,-0.10937746679115769,1.0005763404037717,2.4496843342816317,1.434494883336343,-1.442709458855317,1.0032343553662626,1.009431888773073,0.5118468759157585,-0.6648813298155464,0.19995793940503753,-1.564031397441998,-1.8129268340492097,-1.5992554717422576,-0.667477223982284,-0.04248097655033679,-0.04195727479570725,-1.5078543935764617,0
-1.485711122703495,0.10410447663314094,-0.15484123025532542,0.5985369837740325,1,0,0,1,0,0,1.3594419969586353,-0.6873703129654305,-0.68155588370685,0.10092133455810576,-1.6701570765813027,-0.6066299864091697,-0.6627868253240652,1.4436763965409796,-1.0127366085944691,-0.03979947209963893,-0.6215269880165278,-0.4511951433559153,0.2411481747614919,0.1136157162843968,1.0948784838340413,-1.4198516388394005,0.49423750303455505,-0.2881459081334247,-0.8569681418843186,0.23455420748543962,1.0351446996515608,-0.8846659312251004,-0.04236909623768993,0.5438439668602115,0.526697128063444,-0.23455420748543962,0.8569681418843179,-0.1561065704408964,0.5660657690356972,-0.9645072894320803,-1.4566136486042804,-1.2281568333949502,-0.08799472517957138,-1.0357458890816678,-0.8177176958673952,-0.9970898139431584,0.5008703430854462,-1.0899443568808573,-1.1991027410310207,-1.0349505520599276,-0.7869459763528921,-0.7309235830158842,-1.1125787146405561,-1.1553410370755877,-1.136704559054746,1
0.2105061928741954,-0.4885541407104817,-0.15484123025532542,-2.334755631474145,1,0,0,1,0,0,0.21111872958258027,-0.551887318708125,0.27793272259651985,-0.5668403655593013,0.034644979401003764,0.013626281698351053,0.9587008096216824,0.6269035767846354,-1.841823786860009,0.9323523490571121,0.25418127916271854,0.1864134245784642,0.16414255271506137,-0.2885522209667225,0.5884867974449539,-1.7630844273129127,-1.4569925840160975,-1.9458722842321112,-1.3016642670278302,1.5452204496827715,-1.6214147924270843,-0.2709116782582836,0.7461049998642402,-2.704276778876965,-2.2302136639287276,-1.5452204496827708,1.3016642670278296,-0.4253475354589299,0.26586877533487285,-0.6915790075104341,-1.4135453136220761,-1.7914100811650315,0.1010352376589052,0.4323198869208419,1.3416409041622488,-0.6663639641110671,-1.5530730805972546,-0.482931511569848,-0.7703115697481222,-0.30883935553659736,-1.311562525458524,-1.206771275767887,-0.04248097655033679,0.9044189231421907,-1.0129879475475077,1
-1.0231064002732158,-0.9008383962538722,-2.617112481027373,-0.13478617003801185,1,0,0,1,0,0,-0.23054406556205628,-0.390819553003088,-0.0035172685858019803,-0.48351481545799574,0.2082299316982703,0.07310291014701742,-1.6634614376741985,-0.568751597386892,0.6922930606433613,-1.4910440938401341,-0.3470725788652968,0.12930141268607284,-0.13144566119220422,-1.6472122993119502,-0.38729960563160615,-0.8421572965348708,-1.3522518445804088,-0.7813202463013253,-1.1334326641296226,1.300476421676128,0.6672085012651431,0.39264117376675384,-1.7926746715317734,0.6734345952590668,-0.3115957981274167,-1.300476421676128,1.133432664129622,-1.5673005939836924,-0.4846237089171882,-0.43684594438356456,-0.7804407893836761,-1.2110885531594928,0.5736101447550955,-0.7910682597479163,-0.3747723420151606,-0.6043528672675491,0.3343343898138759,0.04820472807728505,-0.8341740846200435,-1.5276688639864726,-1.2269469530221315,0.1890486229713212,-0.7833178721512579,-0.26463402725168356,-0.7036964187794109,0
-1.2544087614883548,-0.5400896726534062,-0.15484123025532542,1.0385308760612593,1,0,0,1,0,0,-0.1295925695289965,-0.4303596543314004,-0.31055362260288033,-0.33017265728545425,-0.1851849243230381,-0.07581225732219987,-1.9468753460231945,0.10934028978948111,-0.2503559355976015,-0.45872549197626555,-0.33302720641334865,-0.030752688120009117,0.39063691108089327,-0.5979895147879729,1.1015157429184865,-1.4737928024324791,0.07431794571523778,-0.209804856980436,-0.2611143426240418,0.21702702713573208,2.1096734835652926,0.9534013111642832,-1.138774683473196,0.6934009479631742,0.2281180710266722,-0.21702702713573208,0.2611143426240411,-0.4253475354589299,1.391607501712964,0.8095265430586199,-0.1602567656399366,-0.11871861809024475,1.7707999093987767,0.18764225758709038,0.34501385799472056,0.7598912632898273,1.8609139614699375,0.8069707847160468,-0.17730250308028428,-0.723760039264214,-0.4315605721200442,0.6331731362065233,-0.6186874509066087,-0.5986491559356475,-0.1469716669968365,0
-1.4343105979890196,0.6194597960623787,0.27967722576327125,-0.13478617003801185,1,0,0,1,0,0,-0.785777293743885,1.1686885611518187,-0.438485436776663,-0.22022922312400942,1.3778051707741636,1.069001042140852,1.2195795071925173,-0.6649303247732167,0.6699772582293801,0.8264990609213082,1.2721034179876283,0.8123243970648601,-0.9205752652478613,1.119995227159234,-0.259712347978082,-0.13169720159659343,1.7094287859032704,2.2715553897945657,0.9848575718326791,0.13114384342216406,-0.5767689581318344,0.652463609346959,-1.048224343145445,0.5784934122408004,0.5639349698763285,-0.13114384342216406,-0.9848575718326797,0.5216379277079463,-0.6347222057676005,-1.3284116653276086,-1.1809763047181743,-0.5624939042121272,-0.08799472517957138,-1.85133798686084,-2.2572900958871576,-1.0384305451721696,-0.7203933142394032,0.19995793940503753,-0.989268763594709,-1.3072422507561756,-1.0407926936620688,0.2524949820049213,-1.0302635040182315,-1.0996718489615938,-0.76555472453303,1
0.10770514344524394,0.6967630939767645,0.5693561964423357,-1.161438585374874,1,0,0,0,1,0,-0.7479204827314877,0.6773446549397023,0.5593827137788417,-0.6137109874912857,1.8079279759095637,0.9952142474488975,0.08313045110297893,0.6572461040968215,-0.9734637126325013,-0.47185598892995695,-0.6170597210622889,0.5827232164692121,0.6382368302557578,0.18089488074314297,-0.07611779443898278,-1.399232611964856,-0.11345771703538696,-0.03757208440381774,0.30418285154596364,0.4930801176436292,0.0651531175409381,-0.9783440397051216,-0.07533632714995672,0.524944269379889,0.7655260308687217,-0.4930801176436292,-0.30418285154596436,0.1317027369921738,-0.10937746679115769,-0.10933200607758836,-0.806281790372998,-0.801449827508525,1.2037100208833493,-0.05703537174666111,-0.2086678343205727,-0.23228628620644656,-0.16527347000083534,-1.0899443568808573,-0.8432973010303187,-0.7496925819971905,-0.5161761445564365,-0.2233527107470814,-1.1948939252628807,-1.1553410370755877,-0.5799798072721716,1
0.8273124894479005,0.7482986259196881,0.27967722576327125,0.5985369837740325,1,0,0,1,0,0,0.2742134146032426,-0.5710758972939236,0.9687645191349462,-0.6611602590767514,0.3082987285254762,0.07176133206170916,-1.2819141740269884,-1.6468613438892574,0.5361669459468813,-1.5710970071005899,-1.2602207508943108,-0.2907371732071797,1.2972727535442587,-0.6669848859505115,-0.07926084235134784,-0.4253414656272617,-0.9591735131319721,-1.0601837936764447,0.2507965989744553,-0.6452678416013011,1.1160894250369244,2.180967105982716,-1.1603853299892277,1.1713506612797544,0.6032855701966856,0.6452678416013011,-0.25079659897445594,-0.6481676444393714,-0.10937746679115769,-0.10023439668020068,-0.3023822710812103,-0.6478353053894121,-0.024984737566746233,1.0032343553662626,0.954063719541543,-0.35630847989348147,1.1670141561717275,2.2486262923296945,0.36096726512590627,-0.32180562690308556,0.1438253204474232,1.1407440084753266,-0.12479618717266176,-0.4316415915936655,0.22417816752487937,0
-0.4577006284139859,-0.6946962684821769,-1.6032360836506476,-0.4281154315628296,1,0,0,1,0,0,-0.4576849316364408,-0.194863462596599,-0.3233468040202586,-0.315706415948422,0.21019201111646588,0.0941209668168469,-0.32513058538009815,-4.365112880431836e-4,-0.43882819617653374,-0.5942772018500558,-0.04693229702353407,-0.7750200317123702,-0.6668527209142169,-0.9751717487073747,-0.3255266039039228,0.12004443267309146,-1.4673388371171616,-0.9383853261740432,-0.8293216896597884,-0.23452373259539866,-0.5222781276831596,-0.32550628025340755,0.7205259228004202,-0.6521579129959907,-0.8551363444400576,0.23452373259539866,0.8293216896597884,-0.8988402670423681,-0.25947596364157,0.16359627584405784,0.2015172482105774,-0.40887938209301433,0.19555021907814235,0.2692014673650073,0.7879592118469556,0.3258135853852078,-0.4150773999081907,-0.17942508891434333,0.44307621281837667,0.7673611678819103,0.43151826673115745,-0.7309235830158842,1.5215080252738291,1.5167799923961247,0.038603250264021984,0
-0.48340089077122306,1.3924927752062353,-1.6032360836506476,1.0385308760612593,1,0,0,1,0,0,1.3468230599545028,-0.6873703129654305,-0.5920036137852022,-0.08135330628850015,-1.399454542612471,-0.465764287451802,-1.6244969784463739,-0.004202453223439516,-0.4100809463674158,-1.5967403405879879,-1.5208736237579359,-2.0574690567530367,0.7181230261528564,-1.1049673346258124,-0.28372211362082667,0.6682056994250124,-1.2431567042864324,-0.8079389136701866,-1.2737915754233924,-1.5428114248521114,1.154832251845607,-0.2784585861046335,1.2320766778874304,0.9244002792981172,1.1884151004892778,1.5428114248521114,1.2737915754233915,-1.038102835155144,-0.25947596364157,0.02713213488323473,0.369483754641173,-0.1699234587966153,-0.40304466324369825,-0.22015379130249568,0.4557501964577793,0.2638024885416898,0.9727222106882286,-0.3311783002420958,-0.23204180154193166,0.4172718409867329,0.7869036709640054,-0.857816301083085,-0.12479618717266176,-0.7656567202776299,-0.332546584257695,0
-0.7404035143436003,-0.2824120129387873,-0.15484123025532542,-0.4281154315628296,1,0,0,1,0,0,-0.3945902466157784,-0.23847386847341406,-0.5152445252809326,-0.15484181228062383,-0.18213026845908392,-0.0637380545544255,0.6176485031849778,-0.1652539475784738,-0.10482524512506369,0.976244725784217,1.0727205591328441,0.17325710914874867,-0.920453526631054,0.019770545791347908,-0.20028112166159803,-0.036040965852191395,0.6190175882222498,0.6666396663864749,-0.3471945350124867,0.5806453452778549,-0.8391007825048699,0.026178998184710728,0.10708192684850634,-0.7050363982760854,-0.7437453810535166,-0.5806453452778549,0.347194535012486,-0.4253475354589299,-0.7097714541928067,-1.7287064788126896,-1.4781478160953823,-1.2110885531594928,-1.0646495331783645,-1.5251011477491712,-1.592872065108806,-1.658541513607341,-0.9424412519348303,-0.3311783002420958,-1.0622544948769042,-0.8534227529290943,-1.0407926936620688,-1.016432198667086,-0.6186874509066087,-0.4316415915936655,-1.2604211705619852,1
-0.6633027272718879,0.18140777454752677,-1.8929150543297122,0.3052077222492148,1,0,0,1,0,0,0.3499270366280375,-0.5815423947043593,0.12441454558798068,-0.5309640870434614,-0.14261926548495213,-0.03690649284826022,-1.442880230426094,1.062152418073757,-0.016568777216458726,-1.537833349853913,-1.5467197055858717,-0.6851100063234439,1.3023058432966574,-1.36741190006623,0.19250093616574798,0.35994994296079436,-1.531321105248411,-0.9418607305339434,-0.8569681418843186,-0.08447776675232606,0.6400582251834905,-1.2649943153104761,0.38436505274765537,0.5590818479537187,1.0912676843015499,0.08447776675232606,0.8569681418843179,-1.3166279713806959,0.04072103005925432,-0.38226028799923456,-0.1473362651452761,-0.7331767065666972,-0.34003467563087314,-0.05703537174666111,0.40038202722625016,-0.29429738304996345,0.4731143508735179,-1.2416975682086098,-0.3415203984652251,-0.10137901367278856,0.12690220596014448,0.030432725387320277,-1.1125787146405561,-1.266679413303576,-0.332546584257695,1
-1.1516077120594044,-1.4677292476260335,-0.15484123025532542,0.5985369837740325,1,0,0,1,0,0,-0.81101516775215,1.4070921132784078,0.09882818275322415,-0.5170764953599105,2.3745208706292598,1.4817598997206947,0.4163933922241645,0.070410605537250065,0.4440600629379436,1.10624048948432,1.3937515342698399,1.4647185443136979,-0.5498701175597382,0.5010036366677191,0.72856382809104,-0.6706366168375084,1.5227734892341884,1.3086133119356673,1.8079685643491117,0.2045801889163758,-0.07840821741413775,0.6332184834512069,-1.2809701061092604,0.01549659263364446,-0.5343390566859694,-0.2045801889163758,-1.8079685643491121,0.438080386840281,0.641115017460903,-0.07294156848803632,-0.40574627503850064,0.18851042614798086,0.7311351137871589,0.2692014673650073,-0.4855086804782194,-0.046252995675895824,-0.22078545442469194,0.35171115073279,-0.5787240251323598,-1.0997819088923677,-1.0238695791747903,0.15732544345452057,-0.12479618717266176,-0.04195727479570725,-0.5799798072721716,1
-1.0231064002732158,1.7532414988067013,-0.8790386569529866,-0.8681093238500562,0,1,0,1,0,0,0.3246891626197725,-0.5774720901558565,-0.8478672421327675,1.4578547719717274,-2.987890107467885,-1.5707774370507086,-0.92858878081714,-0.2087046593356028,0.8270659029586033,-0.7911158637885087,-0.4423195188318015,-0.39521224679953154,0.3914446314459713,-0.5312463810598805,-0.7600029148227834,0.9429131052953441,0.1353450361091933,0.691315105666876,0.07195265285990604,-0.6103841330315712,0.760410179613614,-0.47490054145916416,-0.18309005958756702,1.202952314421988,1.2499716846229196,0.6103841330315712,-0.07195265285990675,-0.5646101035717058,-0.7848207026180125,-0.32767463161490584,0.188596747715916,0.2397152668543526,-0.5290646384693491,-0.709509049969999,-0.8177176958673952,-0.29429738304996345,0.16779843654230542,-0.8623145398892288,-1.5457849646214488,-1.385039878955104,-0.9223308922511192,-0.6992004034990842,-1.277209135885205,-1.6006945419875402,-1.136704559054746,0
0.9815140635913272,0.7740663918911503,0.5693561964423357,0.5985369837740325,0,1,0,1,0,0,0.07231042253712305,-0.5129286894581703,-0.5024513438635544,-0.15657776124106768,-0.6330174795586402,-0.2734714285576174,1.1753341899473717,-0.07130162738355907,-0.16572104483276393,0.6354685483285365,0.6466400615343398,0.22417934387238256,-0.5335487399568667,0.8517993503166335,-0.19499250536226642,-0.026730127054690182,0.7633212748522207,0.6007925033514074,-1.321428539256431,1.6163306238481758,-0.7832229275375191,-0.09747549007461503,0.19968502012791686,-0.10158070209278124,-0.2541068050653636,-1.6163306238481758,1.3214285392564302,0.9672781456688292,-0.03432821836595151,0.5002078235474204,0.4082452561251572,0.7176271134471482,0.3845801819166189,-1.1988643086375024,-0.8177176958673952,1.0079356506638961,-0.8869292675109735,-0.4070549059059717,-0.989268763594709,-0.7496925819971905,-0.7361766328910565,-1.016432198667086,-1.1948939252628807,-0.6543183440496418,-0.45626319576493324,0
-1.100207187344929,-1.0812127580541053,-1.168717627632051,0.3052077222492148,1,0,0,1,0,0,-0.356733435603381,-0.2559180308241401,0.07324181991846762,-0.5107113491716163,0.4184715915028429,0.19786967208068595,-1.690915836963991,-3.8374079610562357,2.1078100287182018,-2.4052782024859467,-0.85765541073486,-0.6152446221510928,0.965138219276175,-1.0773441796385146,-1.0258553497544838,1.7557813529416362,-1.323494014267158,-0.6740102653967508,-0.4481121582821066,-0.39468810214486993,1.2747900224182391,4.239283486417331,-1.1170559885135618,1.9370216668382234,0.4569541997501402,0.39468810214486993,0.4481121582821059,-1.17736540326792,-1.2351161931692491,-1.410290149904103,-0.4574282770171454,-0.9209277891567239,-1.9152843659515075,-0.13859458152457876,0.06817301183707392,-1.4725082230767892,0.5841383197212315,2.7038859263129513,-1.4545528005187045,-1.6962303917508168,-1.0238695791747903,-0.9212626601166852,-0.7010026615289333,-0.9326642846196119,-1.3841377820692236,0
0.05630461873076867,1.2636539453489257,-0.15484123025532542,-0.4281154315628296,1,0,0,1,0,0,1.1575390048925156,-0.679229703868425,-0.2977604411855021,-0.34000970139463615,-0.8528450485649853,-0.259608455009432,-0.13107878789639454,-0.9744837945705161,1.6615979954121574,-0.2170714540493479,0.6739626235643981,0.22728506032488477,-0.6904101536421671,-0.49229447811344595,-1.1298585830408416,1.4479064256028649,-0.6639999793127459,-0.1133521875776803,0.5209310369862826,-0.20666334585120408,-0.3096265966206319,0.20564206487703032,-0.8164538014232587,-0.3651614830637168,-0.9868507675599663,0.20666334585120408,-0.5209310369862833,-0.4253475354589299,-1.009968447893631,0.22727954162577424,0.9638267773955896,0.615217432034406,-0.7495995951142377,0.5138790966987595,0.2896456887631914,0.139780294854656,-0.47058938433204756,-0.1035484832504671,-0.8250508682097696,-1.0738493661593913,-1.1254082660984612,-0.5723076854318833,0.36909507656128593,0.29205785388825667,-1.3222794763156045,0
-1.2287084991311177,0.7482986259196881,0.27967722576327125,0.3052077222492148,1,0,0,1,0,0,-0.5081606796529707,-0.15125305671978392,-0.38731271110714993,-0.2503190051050364,0.2209542752069064,0.07712764440294222,0.6345015530504631,-1.2730064201040179,-0.08705217247838984,0.41689016687385616,0.614232391367758,2.5725134599298856,-0.31743842437760844,1.3128271431804157,-0.1207550388323618,-1.4146784282133478,1.8458639639781576,1.8744802613625038,2.5539129013171307,0.9756618166055823,0.4294715578984608,1.6262715152739466,-1.3026121532438963,1.2671353894321309,1.031532945839264,-0.9756618166055823,-2.5539129013171316,1.3293608227620468,-0.03432821836595151,0.2636699792153276,-0.5349512799851129,0.17144214591252482,2.1173548412693166,-0.30171300108041293,-1.2052948804881005,0.44983577907224165,-0.05424950115312168,0.7310941790521709,-1.4727992333392537,-1.7869942913162333,-1.311562525458524,0.030432725387320277,-1.5241547677521787,-1.378017789531564,-1.198562864808365,0
0.46750881644657266,-0.23087648099586283,0.5693561964423357,-1.8947617391869185,1,0,0,1,0,0,0.4256406586528323,-0.5984050849767277,-0.4512786181940413,-0.2115494783217901,-0.7613635374089812,-0.29672544870296064,1.5213531505335711,2.7840671593524493,0.5744200138526345,1.0171162008215586,0.9653507863986219,0.9305218647326081,-0.9683275477794704,1.7580604288369066,3.1424618369820463,-0.24749470374454752,1.1604123790648477,0.568584447212699,0.4783555005605047,0.7946936794948511,-0.35884532375916683,-0.6731702648424484,-1.0339597110859566,-0.22341331718564947,-0.6998912545841811,-0.7946936794948504,-0.4783555005605054,1.9699686360808162,3.4179372091935294,0.7094528396873502,0.459927258103802,0.9395147565080901,0.41608517572303205,-0.30171300108041293,-0.5408768497097485,0.44983577907224165,-0.22078545442469194,-0.482931511569848,0.6072941082033162,-0.06248019957332482,-0.14386762583630988,0.8552353928241243,0.28677986593896093,0.793080546914203,0.40975308478573785,1
-1.2544087614883548,0.5163887321765315,-1.6032360836506476,0.3052077222492148,1,0,0,1,0,0,-0.7731583567397526,0.8866746031484146,1.5444576829169683,-0.6912500410577783,2.3762739399941233,1.2161274388296583,0.03254582711397361,-0.26771318895692814,1.1551349853784554,-0.1189818059676708,0.6462782853220586,0.5464622177017584,-0.2502481297554551,-0.7955671685716059,-1.0880422817168536,1.4479064256028649,-1.0634318654055872,0.09005226984652279,0.3422533759207262,0.4058665575902641,-0.8401771058099925,-0.7225321191887314,-0.12410190009591773,-0.893744090220663,-0.7522749087682737,-0.4058665575902641,-0.3422533759207269,-0.9266927806649233,-1.2351161931692491,-1.1646546961746211,-0.354064273059855,-0.7331767065666972,-1.1276595207911904,-0.30171300108041293,-0.4855086804782194,-1.3484860293897554,-0.7203933142394032,-0.5588081172337243,0.4978155112800227,0.35244048415429274,-0.0423289389126401,0.37938770007212164,0.4514102871836102,0.7374113588002092,0.34789477903211874,1
-2.2053184687061513,-0.6689285025107157,1.4383931084795292,0.5985369837740325,1,0,0,1,0,0,0.6906383357396142,-0.6362007700699674,-0.3361399854376369,-0.2780941884721383,-0.7236996803957075,-0.27436581394782295,2.7623952947421215,-1.9866712607454617,0.12193330031979882,0.6477763371185944,1.9704160151770527,1.8372108263903644,0.1019698589728205,3.464615355885815,-0.0418326836379485,-0.0783162724473965,1.746444831061777,2.5722073020256015,2.394254639720468,0.13114384342216406,-0.37937506021267325,2.6848615888718146,-0.24538720734401623,0.8566407586118684,-0.0503775318560517,-0.13114384342216406,-2.3942546397204683,4.532399889355893,0.5660657690356972,1.9012396707452048,1.5581698001500064,2.356182016051021,2.904979686429634,3.042214599814193,1.6738499195514247,3.860446105465684,-0.5538573609678327,1.8692432640103136,-0.9527758979536108,-0.9182541097615345,-0.5669454880182719,-1.0798785577006862,-0.7833178721512579,-0.8213259083916238,-1.198562864808365,0
1.135715637734753,-1.7511746733121147,0.27967722576327125,0.3052077222492148,1,0,0,0,1,0,0.24897554059497767,-0.567005592745421,0.6617281651178678,-0.6287558784817991,0.20249277530770438,0.04984889000167418,-0.2310058077952465,-1.1230728907560672,-1.345360232165747,1.0867264837297261,-0.11558759900912625,-0.6175380146100631,-0.08221797429465381,-0.6806170358979486,-0.3894945525380716,-0.48127759489895555,-0.519952355975819,-0.6897273067949291,-1.0504933074560319,0.19961827368027837,-0.35884532375916683,1.1512656955363085,1.355514938566009,-1.9836732254661966,-0.5231149308318275,-0.19961827368027837,1.0504933074560312,-0.7595776989295921,-0.5596729573423944,-0.7006766169078218,-0.8192022908676594,-0.9550643496276378,-0.37153966943728567,-0.6279498401920818,-0.2086678343205727,-0.9764194483286528,-0.3595654154843339,1.0346006017076752,-0.07694712256726609,0.6247321828505417,-0.2792525417345383,-0.15990635171348128,0.12214944469431245,0.23638866577426285,-0.332546584257695,0
1.0843151130202777,-0.46278637473902035,-1.168717627632051,-0.13478617003801185,1,0,0,1,0,0,-0.10435469552073157,-0.44722234460376886,-0.2721740783507456,-0.35621189169211226,-0.1638896839626273,-0.0686571742005558,-0.6151524746730845,-0.8198910942822063,0.4775140527000335,-0.915198850649467,-0.4666533730651778,1.641254035363129,1.194729561986853,-0.7400002646217503,-0.23454951902471782,0.26198737797493243,-0.7327374196347,-0.682264132619716,0.7313987830910651,1.5130823449950297,0.11598494525159188,0.8903596982873372,-0.3895056579580104,0.5098047211364879,-0.059425893780833475,-1.5130823449950297,-0.7313987830910658,-0.48105256270404034,0.19081952690966666,1.3917735444914656,1.338521291740765,0.9224464762726329,0.5736101447550955,2.3081817118129377,2.0060589349406004,1.2559800380379649,-0.27629743884854874,0.19995793940503753,-1.4271831512878814,-1.3720736075886157,-1.1254082660984612,-1.0798785577006862,-1.277209135885205,-0.8213259083916238,-1.0129879475475077,0
0.2876069799459088,-1.0554449920826439,-0.8790386569529866,-0.8681093238500562,1,0,0,1,0,0,0.03445361152472564,-0.49664747126415926,-0.7839013350458762,0.7663684360615877,-1.6190412403228231,-0.9742223817836339,-0.7636536038609905,-1.0837673638156906,2.0086521665040937,-1.9339745192335678,-0.8152175021197718,-0.5376470740079586,0.6132509159613405,-0.823097248730729,-0.7641727124549952,0.5560120289074821,-1.2872963472559489,-0.44677763391729264,-0.5252107151899512,-0.21238889143210804,0.2394498528858788,0.7219732707729388,-2.187156334400633,1.3362137837227068,0.6236312775096741,0.21238889143210804,0.52521071518995055,-0.8709877534198129,-0.8598699510432187,-0.6369933511261053,-0.2765412700918884,-0.7502449868021539,-0.40304466324369825,0.10608304780917345,0.40038202722625016,-0.23228628620644656,0.0012624832707351544,0.35171115073279,-0.7611883533378483,-1.657331577651353,-1.159254495073018,1.0455744699249259,-0.4540570296619595,-0.5986491559356475,-0.7036964187794109,0
-0.09789695541265715,0.20717554051898904,-0.4445202009343899,-0.8681093238500562,1,0,0,1,0,0,-0.05387894750420167,-0.46292209071942225,-0.7583149722111197,0.5030828437276014,-1.359249400633868,-0.7448125291959209,1.026085065740295,-0.4637054348579669,-1.147906039769823,0.16221838729421303,-0.5481617430987195,0.3844795205778126,0.718769589277256,1.487160367107152,-0.608684681173583,-1.565629340448548,1.1051680126523387,0.6226813705016156,1.1441644212614832,-0.6103841330315712,0.05915685454551667,0.02668331029504661,-0.004080486987476451,0.8767191074148566,1.320564275978708,0.6103841330315712,-1.1441644212614839,0.744458036688388,-0.9349191994684248,-1.4648758062884317,-1.8916038319245418,-1.4841810369268051,0.006520256239666901,-0.7910682597479163,-1.2606630497196296,-1.658541513607341,-0.10976148557697851,-0.17942508891434333,-0.6060936743631827,-0.5162996974004062,-0.1607907403235886,0.15732544345452057,-1.277209135885205,-1.6006945419875402,-0.2706882785040748,0
0.4161082917320974,-0.3854830768246345,-0.8790386569529866,-1.6014324776621007,1,0,0,1,0,0,-0.5333985536612357,-0.14834569632799627,-0.054689994255315046,-0.46731262516051963,0.6239907325908753,0.24706086854198897,0.7905994146161063,-0.9559366349745174,-1.3252010533308878,0.35742016986079067,0.2881780170906724,0.6604938299385145,0.28240734453265487,-0.29187100705980057,-0.45712150275462043,-0.932762394560535,-0.07080581649631386,0.04862044697793312,0.41113096936191074,0.4930801176436292,-1.3909818025903007,0.8541187450925863,0.874257983130474,-0.5530614262463389,-0.32717713274250515,-0.4930801176436292,-0.4111309693619114,-0.14682239923337803,-0.25947596364157,0.6275743551108558,0.007709740790658993,-0.01630893667750248,1.4557499713346498,0.5138790966987595,0.34501385799472056,0.07776919801113909,-1.2755131584779709,0.9587239960437993,0.37921369794645543,0.7932937106148858,0.49921072468027106,-0.44541496736468245,-0.20711139779498602,0.013711913318286572,0.16231986177126023,0
-0.5348014154856993,0.8513696898055362,3.176466932553916,-1.6014324776621007,1,0,0,0,1,0,0.5392110916900246,-0.6152677752490963,-0.029103631420558513,-0.47425642100229515,-0.35160333876979477,-0.10666855328428994,3.3232707978645735,0.8320105143631626,0.3124555508862313,0.37025614008222046,0.12866716051649688,0.24088278597712043,0.3080353026596636,3.6987444814626436,0.411756019160997,0.3243738140542503,0.7109334948764945,0.7860059946224072,0.24306964136542222,0.08746187929198715,-0.9253470369109976,-0.7294724009662348,-0.10117280475124503,0.20475732551498704,0.6001082598255798,-0.08746187929198715,-0.24306964136542294,2.8612490720025816,0.06573744620098994,-0.8280431484712572,-0.5521786139779945,-0.2609542867190535,-0.6655862782971376,-0.22015379130249568,-0.3563162856046509,-0.6870343297255728,-0.9701972441467586,-0.8623145398892288,-0.7520651369275744,-0.6848612251647502,-0.5669454880182719,-0.0647368131630805,-0.6186874509066087,-0.6543183440496418,-0.5181215015185524,1
0.31330724230314594,0.10410447663314094,-0.4445202009343899,1.0385308760612593,1,0,0,1,0,0,0.2363566035908452,-0.5664241206670634,-0.7071422465416066,0.18193228604548617,-1.3000385310855487,-0.5762208831421823,0.7055531947337855,0.9843183303615265,-1.783781047724799,1.2682535038606628,0.5184529319648943,-0.45978288055227806,-0.3259294765385246,0.028085417891169313,1.1053044728586967,-1.121143599214463,0.17272990575267783,-0.24093743991432906,-0.8901438845537553,0.2557448558590603,-0.9530262737099472,-0.24373804244551725,1.3118472547246232,-1.5420526450513152,-0.9092427186957487,-0.2557448558590603,0.8901438845537545,-0.23037994010104354,0.5660657690356972,-0.982702508226857,-1.3360223106541085,-1.2110885531594928,-0.11949971898598452,-0.38327221085833024,0.012804842605544792,-0.6043528672675491,-1.1367331974183288,-0.7864379342253526,-1.8650975389810545,-1.0738493661593913,-1.5146398993058652,-1.9364044046542914,-0.5363722402842841,-0.48731077970765985,-2.1264374511126554,0
0.10770514344524394,-0.514321906681944,0.5693561964423357,1.478524768348486,1,0,0,1,0,0,-0.7479204827314877,0.6773446549397023,0.35469181110078946,-0.5766774096684832,1.705464957644457,0.9665939149623213,-1.0271069611140518,-0.3841624332718066,-2.0186805675842154,-0.7124653195298087,-0.9466923276612107,-0.285768205783895,0.4695230679999865,0.5266273002543225,-0.23852603178546058,-1.1189835235209524,-0.02691762898509544,0.28296725973540027,0.20465562353765385,-0.5927287050207677,1.9544170253386606,0.2883248534027183,1.6351334353080156,0.9358036221268872,1.507008845153186,0.5927287050207677,-0.20465562353765385,0.6887530094432773,-0.03432821836595151,0.6457695739056325,-0.08273376267196997,-0.08458205761933026,1.865314890818015,0.10608304780917345,0.012804842605544792,0.6358690696027934,1.8886699536818656,0.326418948844831,0.1663386483733858,1.0007540524786946,1.3735716398563242,-0.6992004034990842,-0.3443034154988601,-0.6357619480116439,0.6778057430514218,1
0.7502117023761872,-0.6946962684821769,0.5693561964423357,-0.4281154315628296,1,0,0,1,0,0,0.9682549498305286,-0.6670187902229168,-0.3233468040202586,-0.315706415948422,-0.8178047006335394,-0.26899950160658986,1.0363043445952242,1.7927190213601683,-1.6469078720224513,1.5280389711139104,1.0398098493249341,0.2914678222956804,-0.9867886926787683,0.9400564587534038,2.163532971716157,-1.3418174057933503,1.271281587796421,0.7363489161303843,0.7610291440431215,-0.3572520928766799,-0.50171308036544,-0.29318328137103516,0.9029811443499803,-0.8037010083318082,-0.6329023318990794,0.3572520928766799,-0.7610291440431222,0.911573118423719,2.067050737539819,0.10901061945972781,-0.6124742829530796,-0.11871861809024475,1.1722050270769362,-0.13859458152457876,-0.4855086804782194,0.07776919801113909,-0.4150773999081907,-0.17942508891434333,0.33359761589508324,0.7673611678819103,0.36382580878204385,-0.6040308649486834,0.8629863402952329,0.7374113588002092,-0.08511336124321738,0
1.3927182613071303,-2.3953688225986616,1.0038746524609323,-0.13478617003801185,1,0,0,0,1,0,-0.571255364673633,-0.0843837677086675,-0.2849672597681238,-0.35563324203863095,0.49039941067378034,0.20994387484846033,1.9083291580479254,-0.617692255727824,1.5672789482195986,-0.6669001759196561,-1.2003840704693731,-2.197278623425171,1.607838341724737,1.262928705107509,-0.22922681586958188,1.4150861452334962,0.8781604760029283,1.0934351910178168,1.9551944203296423,-4.935963995678347,-1.3916746666396393,0.6181676139465825,-0.7204977207996892,1.7717080085980812,2.6280847257158992,4.935963995678347,-1.955194420329643,1.217950768271826,-0.18442671521636386,0.10901061945972781,0.8346217724489774,1.195538960039945,-0.9071245641463012,0.5138790966987595,-0.319404172783631,-0.17027518936292965,-1.3032691506898992,0.5793409677244183,0.014285041535478216,-0.3607044410025493,0.3299795798074865,1.9972698554289314,-1.0302635040182315,-2.213055611241474,0.7809029193074537,1
-0.07219669305541997,0.49062096620506923,0.5693561964423357,0.5985369837740325,1,0,0,1,0,0,-0.20530619155379135,-0.3925639692381606,-0.7327286093763631,0.22822425832398924,-1.0707561904610863,-0.4782856829146791,1.560531659757762,0.5111141372622259,-1.1963622216051577,0.8016220178028456,-0.05982652626987859,0.45381713927153,0.29634509228345485,1.2104119760908094,-0.2308670967865213,-1.152489104639469,0.7324716436561748,-0.22592307165343498,0.8111642712127044,-0.18555039652161812,-0.9605278757850765,-0.9327977831405256,0.4773268307687986,-0.35663328623771906,-0.14279249289900636,0.18555039652161812,-0.8111642712127051,0.9672781456688292,-0.3345252120667762,-0.3913578973966235,-0.8967252938356269,-0.596630464683041,0.038025250046078915,0.4323198869208419,0.06817301183707392,-0.9764194483286528,-0.9424412519348303,-0.9381911455531051,-0.3050275328241268,-0.02358138547386016,-0.1607907403235886,-0.5088613263982832,0.2044646553166367,0.1250502895462747,-0.20882997275045564,0
1.0072143259485644,0.05256894469021735,-0.15484123025532542,1.478524768348486,1,0,0,1,0,0,-0.028641073495936725,-0.474551532286573,-0.6047967952025805,-0.05242082361443573,-0.776975585135264,-0.32445139579933147,-1.8104268998357147,-0.7942393461957858,0.06604471221225895,-1.2460439976312512,-1.1339851720767375,-1.1275262288112682,0.6070379125071017,0.39430896961643236,-0.20602429671723485,-0.52487214289471,-0.3037769545005605,-0.12504794387957233,-0.09720267704722074,-1.4414068652642016,2.911431551338622,0.8837278105208284,-0.6177312192378027,1.3821050246849789,1.3521512831266977,1.4414068652642016,0.09720267704722003,0.5216379277079463,-0.03432821836595151,0.5365982611369737,0.1627557467265941,0.03489590402886805,0.9831750642384596,0.5138790966987595,0.6218547041523672,0.6978801664463103,2.360521821284648,0.5793409677244183,-0.5513543759015367,-0.7626588533636787,-0.2284831982727022,0.4428340591057229,-0.04248097655033679,-0.6543183440496418,-0.2706882785040748,0
-1.1516077120594044,-0.6689285025107157,-0.15484123025532542,-1.8947617391869185,1,0,0,1,0,0,-0.81101516775215,1.4070921132784078,0.34189862968341117,-0.5760987600150019,2.5231642426570344,1.5273735546211755,1.4674877334169045,-0.2792509446294377,0.18959616965452392,2.182710904972146,2.0148642198245916,1.8476092642728636,-1.048445994723401,0.6823167386302322,0.5760381106384144,-0.40267752392440853,1.6255644489939318,1.495210963604756,1.5985806802879148,0.9344658179137063,-1.3588145701820447,0.9603430190359642,-0.6638363928986805,-1.336819734477864,-1.159639678931303,-0.9344658179137063,-1.5985806802879157,0.6609004958207222,0.5660657690356972,0.09081540066495114,-0.1344157646506147,0.512807750621665,0.6996301199807459,0.18764225758709038,-0.4855086804782194,0.3258135853852078,-1.2755131584779709,0.8828473903799233,-0.02220782410562002,-0.3607044410025493,-0.8377153198147269,0.37938770007212164,0.12214944469431245,0.6817421706862145,-0.1469716669968365,1
0.7759119647334253,1.7532414988067013,0.5693561964423357,-0.8681093238500562,1,0,0,1,0,0,-0.48292280564470574,-0.15997513789514695,-0.8478672421327675,1.4578547719717274,-2.204814089375725,-1.2496930819669307,-1.0290779571586652,0.5819443042277953,0.27219906920971365,-1.1279664364990067,-1.1578176047902258,-1.0183774230833447,0.81120883164505,-0.8400165844959329,-0.2678501037794303,0.23701251847123792,-0.23597829525776925,-0.11964422647438122,-1.3361733137761789,-0.06374491962016399,0.5916232763493121,-1.067063174700676,-0.13393052266902553,1.2898178472588844,1.3884102911685372,0.06374491962016399,1.3361733137761782,-0.8709877534198129,-0.40957446049198204,-0.5369196477548344,-0.3411437725651945,-0.40887938209301433,-0.5290646384693491,-0.8726274695258333,-0.3747723420151606,0.07776919801113909,0.1400424443303771,-1.2416975682086098,-1.244718823082393,-1.112748180258855,-0.6177148314801074,-0.44541496736468245,-1.5241547677521787,-1.712032918215528,-0.76555472453303,0
-0.894605088487027,-1.0812127580541053,-0.4445202009343899,0.3052077222492148,1,0,0,1,0,0,-0.6469689866984278,0.00865176482853798,0.07324181991846762,-0.5107113491716163,1.0303638800955868,0.4013423483524393,-0.7873616108156366,-2.662003160892139,0.32086559862424374,-1.282914807123962,-0.10906353988166238,-0.0028270374826120204,0.13636530116067663,-0.1212226867774945,1.015182927674096,-0.273271726577903,0.09846613115456941,0.5147200536366592,0.5516412599819246,-0.550966827225982,0.9737212060411629,4.670670851107038,-0.7132457533664721,1.8307724677824897,0.6443118935850162,0.550966827225982,-0.5516412599819253,-0.11896988561082296,0.9413120111617277,0.00893691608845806,-0.1344157646506147,-0.08458205761933026,0.6681251261743327,-0.22015379130249568,-0.4855086804782194,-0.23228628620644656,0.4731143508735179,3.3108987716239606,-1.1443634425693747,-1.2813097080232,-0.6177148314801074,-0.826093121566285,-0.7010026615289333,-0.9883334727336057,-1.0129879475475077,0
1.2642169495209417,0.7482986259196881,-0.4445202009343899,0.3052077222492148,1,0,0,1,0,0,-0.2810198135785862,-0.3443017867344853,-0.38731271110714993,-0.2503190051050364,-0.1253607925152621,-0.07134033037117232,-0.46472825528530537,-1.0882328751243395,-0.09310949367142626,-0.8657829354567638,-1.100385682972292,0.893742184131343,1.1043323726402876,-0.17003173960411985,-0.05677566000754655,-1.191021523015178,0.057966189437433195,-0.6218072350385148,0.07500831336893375,1.1445654112422656,0.47632224092472014,1.436757163251979,-1.0695779719171048,1.2270951713315896,0.8234815402574923,-1.1445654112422656,-0.07500831336893446,-0.2582324537235989,-0.18442671521636386,-0.4004555067940112,-0.9225662948249498,-0.8526546682148961,0.1325402314653172,0.35076067714292497,0.34501385799472056,-0.5423417704240322,0.11228645211844858,0.8069707847160468,-1.0440080620563552,-1.3591073362221284,-0.8884846632765624,0.062155904904119784,-1.3595243465075295,-1.0996718489615938,-0.76555472453303,1
0.46750881644657266,-1.2615871198543382,0.5693561964423357,-1.6014324776621007,1,0,0,1,0,0,0.4256406586528323,-0.5984050849767277,-0.7966945164632545,0.8849916150252518,-1.9833221018911251,-1.1441556059226807,1.5550623894930553,3.0408659631361665,-1.5011672324813214,1.2902930452605224,-0.14456405461761734,-0.7206840491807054,-0.21671033064386575,1.627111205203891,3.194218949803034,-0.5542135564244183,1.1997497137632076,0.4542431079012892,-0.11972941589683889,-0.8641809106868654,-0.536561762432661,-0.9737855427136379,1.4952147201470323,-0.5534513824079415,0.6314203347855034,0.8641809106868654,0.11972941589683818,1.8028535543454847,3.4179372091935294,0.6366719645082435,0.22735824919990022,0.7176271134471482,0.5421051509486824,-0.38327221085833024,-0.3747723420151606,0.6978801664463103,-0.6648813298155464,-1.0899443568808573,-0.8615437338508666,-0.0495139282068366,-0.2623294272472596,-0.857816301083085,-0.37174181903963527,-0.7656567202776299,-0.8892713360402683,0
-0.7661037767008384,-0.6689285025107157,-0.4445202009343899,0.5985369837740325,1,0,0,1,0,0,-0.7983962307480176,1.2907976976069009,-0.3361399854376369,-0.2780941884721383,1.7100683131694152,1.207630777622706,0.009269248981184903,-1.874785542280745,0.17645814053072023,-0.8788513005923475,0.05547638619936683,-0.3858266437757151,0.03449387660957411,-0.3761066734357187,0.28611617317385646,0.0441211508481027,-0.21988741256439673,0.18109997936021666,-0.16027754582615011,-0.36726020632542794,-0.38869047291408987,2.859826894457254,-0.19688668791341782,0.969234814054019,0.10468686252567048,0.36726020632542794,0.16027754582614942,-0.23037994010104354,0.491016520610491,0.6366719645082435,0.5632912620610914,0.4445346296798359,0.7626401075935709,0.18764225758709038,0.2896456887631914,0.6978801664463103,-0.47058938433204756,2.3245028979935705,-0.49661507743988936,-0.5162996974004062,-0.1269445113490324,-0.7626467625326843,-0.28942660841731066,-0.48731077970765985,-0.8274130302866491,1
-1.460010860346257,1.7017059668637786,-0.4445202009343899,1.7718540298733036,1,0,0,1,0,0,-0.33149556159511606,-0.2762695535666538,0.32910544826603294,-0.5737841614010768,0.5441016526161414,0.2309619315182898,-0.3902387544919664,-1.139031703931477,-0.11203769319670175,-1.3075468460966926,-0.7472149991628119,-1.7946483352218499,0.20267786856552622,0.1539382451060671,-0.03718543234144662,-0.3149658888911017,-0.2097684601881235,0.376970628213156,-2.0761766849861125,-0.38855952469070976,0.6964497682966082,1.5261052100308008,-0.16335106325619622,1.5584086188611843,1.3394545415580883,0.38855952469070976,2.0761766849861125,-0.17467491285593337,-0.40957446049198204,-1.155557086777232,-1.1163738022448682,-1.1257471519822078,-0.15100471279239655,-2.0144564064166746,-1.648240234340335,-0.790386157798101,0.5841383197212315,1.33810702436318,-0.15905607025973648,-0.21807545597118072,0.39767203775660004,0.1890486229713212,-1.4418395571298541,-1.712032918215528,-0.1469716669968365,0
-0.4577006284139859,-1.0554449920826439,-0.15484123025532542,-0.8681093238500562,1,0,0,1,0,0,-0.25578193957032125,-0.36058300492849626,-0.7839013350458762,0.7663684360615877,-1.3521328215113277,-0.8695792911295894,0.07985259860812051,0.11065016631577682,1.319376154801664,-0.3756973540373526,-0.3907323992896566,-1.1131056227341576,-0.2026890253689848,0.25199512717274314,1.1146354827548177,-0.43659220371272806,0.5207220928892163,-0.12913666046421643,-1.4375436385994584,-0.09240503183227083,0.14075357971062263,0.9647465318821706,-2.2423644629163757,1.023882000973122,0.3818944410410053,0.09240503183227083,1.4375436385994576,-0.007559831120602114,0.641115017460903,-0.8371407578686448,-0.9096457943302884,-0.6819718658603261,-0.6865896075014126,-1.1173050988595852,-0.6516131881728072,-0.6043528672675491,0.11228645211844858,0.8828473903799233,-0.031331040515893936,-1.1775795370912954,-0.7700228618656133,1.7434844192945298,-0.04248097655033679,-0.09762646290970158,0.038603250264021984,0
-0.38059984134227254,0.20717554051898904,-1.6032360836506476,-0.8681093238500562,1,0,0,1,0,0,-0.0412600105000692,-0.4722256439731428,-0.7583149722111197,0.5030828437276014,-1.3697820598536676,-0.7519676123175649,-1.0598298137677888,0.6801062216026839,0.5913359199635377,-0.7680959226534727,-1.0657344020903405,-0.6622173035743062,0.9991574171532178,-1.429043324632887,0.7475749379158784,0.732020844833877,-0.5250894971070397,-0.24332087601342214,-0.47521987007162214,-0.4318681387001143,0.04583590309302084,-0.18456297117329573,-0.07276565922384481,0.5169782811857055,1.1479514412267133,0.4318681387001143,0.4752198700716215,-1.2887754577581405,1.0163612595869336,0.7822337148664557,1.0801112818475405,0.785900234388976,0.006520256239666901,-0.05703537174666111,0.17890935030013266,0.6978801664463103,0.029018475482663446,-0.17942508891434333,-0.013084607695344815,-0.0495139282068366,0.1607484349347019,0.7917890337905242,-1.1125787146405561,-1.378017789531564,0.2860364732784985,0
-0.6890029896291251,0.10410447663314094,-0.4445202009343899,0.5985369837740325,1,0,0,1,0,0,-0.3062576875868511,-0.31987995944346886,-0.7711081536284979,0.676677739771988,-1.1907743066096774,-0.7689609347314696,-0.7431138870264459,0.08025133521947177,1.3635191425196513,-0.8167364097231206,-1.0668218948143038,-0.5919671046551822,0.7207059940983895,-0.48550659506430077,-0.28938377098120116,0.7114666175690328,-0.7208993715457515,-0.6182680465396473,-0.16027754582615011,-0.6484112087471453,0.5482054800694558,-0.40004578520954803,-1.1490210089081832,0.3885267215544675,0.7833023005551949,0.6484112087471453,0.16027754582614942,-0.45320004908148526,-0.25947596364157,0.04532735367801011,0.4082452561251572,0.08610074473523979,-0.655084613695,0.18764225758709038,0.2896456887631914,-0.17027518936292965,0.7229182807808735,-0.17942508891434333,0.7076494887163344,-0.0495139282068366,0.10997909147286698,2.187608932529733,0.03983423407198747,-0.26463402725168356,0.7190446135538346,0
0.05630461873076867,-1.2615871198543382,1.4383931084795292,-0.8681093238500562,1,0,0,1,0,0,-0.5838743016777656,-0.05531016379079078,-0.6943490651242283,0.17325254124326683,-0.2948745298524538,-0.17643061372031965,2.854219839886749,1.0662598550886442,-0.4138782689050675,0.8332523313560346,0.49330106674986746,1.9920113808197382,0.39726480290771016,3.0688799483740574,1.430199222331557,-0.888265735873218,1.7740114447510578,1.5050516790739146,1.7556215933338144,0.9756618166055823,-0.9024734818712199,-0.030732928904694246,-0.3268359419342722,0.6334092385621998,0.8280744834051587,-0.9756618166055823,-1.755621593333815,2.666281476644696,1.1664597564373458,-0.30947941282012914,-0.7029177864157086,-0.03337721691295973,0.7626401075935709,-0.05703537174666111,-0.762349526635866,-0.046252995675895824,-0.9424412519348303,-0.2553016945782196,-0.6882026220556532,-0.7367263106307022,-0.4654068010946016,0.09387908442092041,-1.5241547677521787,-1.378017789531564,-0.332546584257695,0
-0.7404035143436003,-1.158516055968491,-0.15484123025532542,-0.13478617003801185,1,0,0,1,0,0,-0.3945902466157784,-0.23847386847341406,-0.8350740607153893,1.402883054891005,-1.8954214363236201,-1.267580789771041,-0.38864445928969965,-0.7693877291145261,0.8664774551618828,-0.9533298952895239,-0.5846480364803419,-1.761902064092558,-0.18889741072245284,0.045255696805346086,-0.4606058976394239,0.8001933182143353,0.4584007267178495,0.8202368708969163,-0.6392523306161391,-1.7690215962405276,0.585638540313733,0.5945839270368805,-0.38038659391688256,1.742429498576095,1.5608727394041035,1.7690215962405276,0.6392523306161384,-0.23037994010104354,-0.7097714541928067,-1.0372881646111858,-0.5220307794904515,-0.32353798091572933,-1.0016395455655394,-1.2804235184154193,-1.2052948804881005,-0.790386157798101,0.5563823275093027,0.5793409677244183,0.06902433999712428,-0.1402778277722523,0.549980068142106,0.664896315723324,0.2044646553166367,-0.5429799678216537,0.2860364732784985,0
1.7525219343084582,-1.0812127580541053,-0.8790386569529866,0.3052077222492148,1,0,0,1,0,0,-0.8236341047562825,1.4623319607223735,0.07324181991846762,-0.5107113491716163,2.813011468715055,1.519324086109326,-0.43483464426605883,-3.850278493080781,0.2758787869724309,-0.6515175032285878,0.14439171706365764,-0.8069554251929946,-0.7150658660594005,0.37209685527120284,-1.0597979749628519,-0.310429881405787,0.9812743968007527,1.0590870204797946,-0.32687747097049374,-0.7763978591033001,0.9764429514043174,4.222945718725413,-0.6890876368545653,1.8531730089691802,0.84627603702978,0.7763978591033001,0.326877470970493,0.0759977097470634,-1.1600669447440433,-0.8917264142529749,-0.8967252938356269,-0.5112890635057554,-0.11949971898598452,-1.2804235184154193,-1.3160312189511594,-0.4183195767369984,0.8894542340524437,3.917911616934971,-0.02220782410562002,-0.37367071236903754,0.34690269429476517,0.12560226393772106,0.2044646553166367,-0.15329565102369538,0.16231986177126023,1
-1.2544087614883548,1.2636539453489257,-1.6032360836506476,-0.4281154315628296,1,0,0,1,0,0,-0.7731583567397526,0.8866746031484146,-0.2977604411855021,-0.34000970139463615,1.4202894050147734,0.9446814729022862,-0.1713335725792283,-0.9344372335673627,2.346986226435581,-0.5105306973886925,1.2331740639970485,1.0646160849686455,-0.6862433172255108,-0.7216960591770557,-1.1513324649135828,1.5813990698786595,-0.6101007368520256,0.8390619426427488,1.704936430922174,-0.2389258302200081,-0.4828666954514209,0.12916483966379158,-1.6192552403582965,0.08472858845836437,-0.7840060022509483,0.2389258302200081,-1.7049364309221746,-0.7595776989295921,-1.1600669447440433,-0.4823339913705056,0.3565632541465125,0.08610074473523979,-0.4660546508565234,0.35076067714292497,-0.3747723420151606,-0.5423417704240322,-0.3318094232724056,0.35171115073279,0.6802798394855113,-0.3347718982695729,-0.2792525417345383,1.1724671879921262,1.1099319721622063,1.0714264874841732,0.47161139053935697,1
1.7011214095939837,-0.7719995663965628,1.7280720791585935,-0.4281154315628296,1,0,0,1,0,0,0.33730809962390496,-0.5792165063909291,-0.822280879298011,1.2871531241947474,-2.271815312063907,-1.4401971700807041,0.8427555407549131,0.5037796972065433,0.20174877057407067,1.173595744474155,0.8743072398094414,0.5469662052860083,-1.2215168997207002,0.7520715962183269,1.1105394322355413,0.10398047873642914,1.40447160308405,1.4158706016413984,0.7902460580981725,-0.037759751214519306,-0.4204110168121795,0.42106057967148797,-0.1713069747076061,-0.1928021366856696,0.2456798338581928,0.037759751214519306,-0.7902460580981732,0.911573118423719,1.3165582532877582,0.6275743551108558,0.5891322630504142,1.178470679804488,0.6681251261743327,-1.1173050988595852,-1.482135726645747,0.5738579727592754,-0.3040534310604773,0.5793409677244183,0.4978155112800227,0.3265079414213163,0.22844089288381547,0.9186817518577256,0.28677986593896093,0.29205785388825667,0.6571863078002155,0
-1.0488066626304537,-0.6173929705677911,-0.8790386569529866,-0.13478617003801185,1,0,0,1,0,0,-0.7605394197356201,0.7674728270851201,-0.7199354279589849,0.19061203084770548,0.3877053774361472,0.4429312689969955,0.0415148189493029,0.29469246663418347,-0.8866764452354474,-0.25229734817499555,-0.9402738018624949,-0.04261600203905564,1.204468253041037,0.30678470838642213,1.0972429018285006,-2.0216794921851378,1.1541000432305908,0.6686569887026166,0.8847583482611033,-0.9356157016516281,0.24880829955400552,0.6947191931389173,-0.8194765151454918,1.4852232876163434,1.8752153991833225,0.9356157016516281,-0.884758348261104,0.18740776423728422,0.8662627627365218,-0.31857702221751816,-1.2714198081808024,-0.8355863879794388,1.4557499713346498,0.18764225758709038,-0.2086678343205727,-0.29429738304996345,-0.026493508941193386,0.27583454506891375,-0.8889133830816909,-1.1257144516253432,-0.5669454880182719,0.728342674756924,-1.3595243465075295,-1.7677021063295222,-0.3944048900113141,1
0.10770514344524394,0.20717554051898904,1.0038746524609323,-0.8681093238500562,1,0,0,1,0,0,-0.6848257977108253,0.1801860279440106,-0.7583149722111197,0.5030828437276014,-0.278208395179635,-0.2502174084122742,-0.7190524091500656,-0.10799287333733988,1.1571804302094932,-1.4179401007045402,-1.0663727845510245,-1.055203880828031,1.207861584544767,-1.053458613896381,-0.3372904743185481,1.5701247255065338,-1.3223643458114847,-0.23118208352709152,-0.6392523306161405,-0.8051695616290189,-0.052743555881470866,-0.18966658503896938,-0.004080486987476451,0.604311748977315,1.1606325379296523,0.8051695616290189,0.6392523306161398,-1.0938078624002545,-0.5596729573423944,-0.8553359766634215,-0.0052107597040024186,-0.5283573437412127,-1.0961545269847772,-0.5463906304141645,-0.319404172783631,-0.8523972546416179,0.0012624832707351544,-0.1035484832504671,0.2514886682026129,0.20981149912292413,0.4484413812184362,0.886958572340925,-0.9479482933959068,-1.32234860141757,0.5334696962929761,1
-1.4343105979890196,-0.9008383962538722,0.27967722576327125,-0.13478617003801185,1,0,0,1,0,0,-0.785777293743885,1.1686885611518187,-0.0035172685858019803,-0.48351481545799574,1.8439872176548244,1.2724737184126054,0.17180153792308184,-0.39676736733885415,1.701065773778248,-0.14365544002275563,1.5312095116949782,2.4183337633391337,-0.7452550904278535,1.2794392177051623,-0.6728843598177717,0.4366315367217349,1.3238408321221273,2.6110518592893923,1.5677883443965623,1.7434054285905087,1.0395063705633596,-0.12950511681774607,-1.8866413129751485,1.5067671393532873,0.5585365829214262,-1.743405428590508,-1.567788344396563,1.050835686536495,-0.7097714541928067,-0.3367722410122935,-0.06981326217730856,0.4616029099152932,0.7941451013999841,-1.4435419379712537,-1.980449249729511,0.07776919801113909,0.8894542340524437,-0.17942508891434333,-0.17730250308028428,-1.0997819088923677,-0.5330992590437151,1.1407440084753266,-1.3595243465075295,-0.8213259083916238,0.5334696962929761,1
0.10770514344524394,1.3924927752062353,0.5693561964423357,1.0385308760612593,1,0,0,1,0,0,-0.7479204827314877,0.6773446549397023,-0.5920036137852022,-0.08135330628850015,0.7118913981583822,0.5837969679543632,-0.5742769599597277,0.6052958372509682,-2.4429719284363336,-0.34428370860050495,-0.4003316506989166,-1.3997084591776792,-0.19668317783158312,0.47674607447464445,-0.21266155580168072,-1.4061956480563402,0.19754572439533488,0.6519467057024462,0.03622492998512883,-1.9449628406537391,1.2749051525626314,-1.0438272107732696,1.9265334529112221,0.6609880377292348,1.156949819525855,1.9449628406537391,-0.036224929985129536,0.6887530094432773,0.04072103005925432,0.8095265430586199,-0.12149526415595328,-0.03337721691295973,2.526919760752682,-0.22015379130249568,-0.26403600355210183,0.9459245538203791,1.7221340004102954,-0.7105613285614767,1.3462746374355445,2.3103474604939858,2.5299844631536863,-0.44541496736468245,1.0276167615398821,0.1250502895462747,1.1520527538291696,0
-1.2544087614883548,-1.158516055968491,-0.8790386569529866,-0.13478617003801185,1,0,0,1,0,0,-0.6722068607066928,0.17146394676864757,-0.8350740607153893,1.402883054891005,-1.2434645926917873,-0.9523099397235989,-1.1425281941273766,-0.5270863487645511,-0.4135688752979126,-0.6699782908311838,-0.5319613293630588,-1.6477049337758078,-0.40776954771831025,-0.8593158090475509,-0.26657102934331256,-0.640976027612515,0.7912795671267113,0.9976354280062273,-0.6392523306161391,-1.6132703306944058,0.7300950347631312,0.45639754989505543,-0.07875658508654355,1.6897167212371034,1.6655726029590838,1.6132703306944058,0.6392523306161384,-0.8152827261747027,-0.25947596364157,-0.027453521501095285,-0.354064273059855,-0.03337721691295973,0.9516700704320475,-1.2804235184154193,-1.2052948804881005,0.3258135853852078,0.8061862574166584,0.5793409677244183,0.40658334717727845,0.30057539868834077,0.9899810448113461,0.7600658542737248,0.2044646553166367,-0.48731077970765985,0.7190446135538346,1
-1.2544087614883548,1.7532414988067013,-1.6032360836506476,-0.8681093238500562,1,0,0,1,0,0,-0.7731583567397526,0.8866746031484146,-0.8478672421327675,1.4578547719717274,-1.0707561904610863,-0.44474623078197245,-0.3856876521841189,0.045015413860775684,1.3291974765480317,-0.6071590530408363,0.30229049203179564,1.516135282904104,0.049338448984211344,-0.5625148439705155,-0.9783143309674959,1.4746049544580224,-0.3346157198305637,1.1207407939507301,1.815869993936328,0.266869946255213,-0.0257501351446412,-1.0418388886404601,-0.3352217099495739,0.488433490156538,0.7011928061874079,-0.266869946255213,-1.815869993936329,-0.6203151308168162,-1.009968447893631,-0.4823339913705056,0.3048812521678669,0.15437386567706757,-0.34003467563087314,-0.22015379130249568,-0.9284540343304539,-0.4183195767369984,-0.08200549336504998,-1.0140677512169813,-0.19554893590083341,-0.3347718982695729,-0.1269445113490324,0.47455723862252236,-0.7833178721512579,-0.7656567202776299,0.16231986177126023,0
-1.0488066626304537,-0.7719995663965628,-0.8790386569529866,-0.4281154315628296,1,0,0,1,0,0,-0.7605394197356201,0.7674728270851201,-0.822280879298011,1.2871531241947474,-0.46758293208315554,-0.4044988882227245,0.46032926216762954,0.27963694748790924,-1.2609880703559466,0.792807498986919,0.2827272599949949,0.18923579408873004,-0.21897457985120677,0.23571504542286423,0.7727049589321348,-1.8447822133516456,0.9846236646315428,0.7449976547059568,0.5641420291796073,-0.3014141428425148,-0.40457534865992195,0.3902683788526454,-0.1300152787729756,-0.09469581229637845,0.359785922958816,0.30141414284251544,-0.564142029179608,0.2152602778598393,0.7161642658861095,0.00893691608845806,-0.9484072958142716,-0.5624939042121272,1.7707999093987767,0.10608304780917345,-0.1532996650890431,0.2638024885416898,-0.19302946221276363,0.7310941790521709,0.9813459810245673,0.754394896515422,0.6684418695530556,1.2993599060593275,0.7806711296729086,0.6817421706862145,1.3376276710900281,0
-0.7661037767008384,1.7532414988067013,-0.4445202009343899,-0.8681093238500562,1,0,0,1,0,0,-0.7983962307480176,1.2907976976069009,-0.8478672421327675,1.4578547719717274,-0.7344913508946546,-0.13394730768555796,0.11519628171789786,0.9187566268627291,0.1373824127898594,-0.41630704528182716,-0.323628660978538,0.8850026414521257,0.931606452380027,-0.027885521173377545,0.29382997364236874,-0.18045275121837462,-0.017832459599037242,0.40087031266912365,0.5444209881177456,0.6670879417885637,-0.18804611810852084,-0.9666698863611379,-0.3691439727992906,0.5447215986006593,0.8121049465440344,-0.6670879417885637,-0.5444209881177463,0.27096530510494976,0.7161642658861095,1.237114184735866,0.9379857764062678,0.8883099158017184,1.518759958947476,1.166352774922097,0.954063719541543,1.5660355222555504,-0.22078545442469194,-0.9381911455531051,-0.15905607025973648,-0.32180562690308556,-0.093098282374475,0.6014499566897238,-1.1125787146405561,-0.9883334727336057,0.22417816752487937,1
-1.2544087614883548,-1.4419614816545723,-0.8790386569529866,0.3052077222492148,1,0,0,1,0,0,-0.6722068607066928,0.17146394676864757,-0.8094876978806327,1.1656366969636769,-0.7871816369767712,-0.7689609347314696,-1.6979407814721998,0.31388370962653417,-0.6726883671106767,-1.1486807665779322,-1.5765875058492522,-3.116406915349572,0.3627094357040516,-0.9114056501432067,-0.5390353173757282,-0.16289519423358886,0.4024421093379289,0.9776936151378409,-1.4375436385994584,-2.8246690627197997,1.4503622022406721,-0.9708089898835818,0.7558935723818793,1.9508483155994902,3.0041684950590146,2.8246690627197997,1.4375436385994576,-0.7317251853070371,-0.25947596364157,0.9459906840194431,0.705416767502365,0.8541733553308051,1.550264952753888,-1.1173050988595852,-0.6516131881728072,1.5660355222555504,1.2780381250194413,-0.9381911455531051,-0.14080963743918734,0.2616765845888761,1.0576735027604598,0.6014499566897238,-0.6186874509066087,-1.545025353873546,0.40975308478573785,0
-0.7661037767008384,-1.4419614816545723,-0.4445202009343899,0.3052077222492148,1,0,0,1,0,0,-0.7983962307480176,1.2907976976069009,-0.8094876978806327,1.1656366969636769,0.17807456053538515,0.09188500334133312,-1.3348394918338577,0.9706898373317652,-0.7013882418030656,-1.3915217754195446,-1.9415072276222585,-1.6990607120635675,1.4195187589267217,0.036327721723406065,0.5981016342593881,-0.21516632729772675,0.06810104877281832,0.40128954391112986,0.7380194864539785,-3.049274906651561,1.8924250385005605,-0.7331371774403015,0.7425998148172654,1.9473839793091752,2.9158356180557994,3.049274906651561,-0.7380194864539793,0.4659329004628361,1.2415090048625523,1.7283850921948283,1.3256007912461045,1.2979486414526862,1.865314890818015,1.4925896140337656,1.1755363964676604,1.876091006473136,2.16622987580115,-0.482931511569848,0.8627441676909999,1.1563493088765513,2.005367914048054,1.331083085576127,-0.20711139779498602,-1.266679413303576,1.3994859768436472,0
0.08200488108800677,-0.41125084279609675,-0.15484123025532542,-0.8681093238500562,1,0,0,0,1,0,1.43515561898343,-0.6937665058273633,0.48262362527457214,-0.5992447461542535,-0.36610906074714133,-0.07044594498096682,-0.03937199347755946,-0.322552089197685,0.5457267026502888,0.45162000312974554,1.0902392113460306,0.5907722565271634,-1.3099851319144125,-0.6547268250840707,-0.800817047360876,1.2050446808899433,-0.9142554155286255,-0.2343918523799305,1.0187373090415193,-0.2046283627832927,-0.5994476138620043,-0.35952807311113166,0.46492700575269347,-1.5166695080416561,-1.6462023934438588,0.20462836278329197,-1.01873730904152,-0.3696425082138195,-0.40957446049198204,1.4918472478627354,2.0103873174631492,1.434494883336343,0.3530751881102058,1.6557080335896,1.1755363964676604,1.069946747507413,-0.6440643356566,-0.463962360153879,-0.44187577897824326,-0.1500025312971187,-0.7277150756474172,-1.1353941218550867,1.8507688677631275,1.8925470121655847,-0.5335860779569574,1
0.72451144001895,-0.6173929705677911,0.27967722576327125,-1.8947617391869185,1,0,0,1,0,0,0.3751649106363024,-0.5885200596446497,3.7448848867060294,-0.7618452987824955,0.8587817008212933,0.13615708015650582,0.8620529250399913,-0.011995323298091661,-0.7850522839594503,3.5161590201178186,1.7220925271439338,-0.27839675081106774,-1.660123052735893,0.02553476923050444,-0.42565723369342473,-0.5291086036717267,2.82890527667439,2.3248596851825827,1.7556215933338128,-2.120904085066952,-1.173191536414924,-0.4099501148336048,0.5414896519288906,-1.9450099450796792,0.030968358929466522,2.120904085066952,-1.7556215933338135,0.911573118423719,0.5660657690356972,3.538809362275082,2.5918098397229046,4.063010039596722,3.535079562557888,1.4110304042558486,0.5664865349208381,5.100668042336026,-1.0257092285706153,-0.17942508891434333,0.7441423543574326,0.9359226956462544,-0.008482709938082702,1.6800380602609295,2.2623449208747504,1.127095675598167,0.16231986177126023,1
0.6217103905899984,-0.6431607365392533,-1.168717627632051,0.5985369837740325,1,0,0,1,0,0,0.8799223908016013,-0.6646929019094866,-0.31055362260288033,-0.3214929124832349,-0.7692763493265031,-0.2627388038751513,-0.8024057518623856,-2.107258222230912,1.7920961795543882,-2.9074121697856974,-2.1167421708956375,-1.1921833053373967,1.2423483936925839,-1.5294270254822417,-0.09097847258684993,2.359216210525627,-3.565595916916385,-3.296922524062793,-2.1097889505854086,0.4664671563038157,-0.4124207324865191,2.801137805387063,-0.07907074339397925,0.3921423950848292,-0.46693465919194,-0.4664671563038157,2.1097889505854086,-1.3166279713806959,0.5660657690356972,2.083191858692969,3.323971534420375,0.9907195972144606,-1.2956861544253913,1.1391663716627913,3.1503344323922065,1.586705887870056,-0.49834537654397587,2.2486262923296945,-0.5331079430809875,-0.4903671546674297,-0.3130987707090945,-1.016432198667086,-0.28942660841731066,-0.09762646290970158,-0.8274130302866491,0
-0.7661037767008384,-0.514321906681944,-1.6032360836506476,1.478524768348486,1,0,0,1,0,0,0.5896868397065544,-0.6257342726595319,0.188380452674872,-0.5483235766479001,-0.22238877206524613,-0.05747735682298693,-2.0526029533251604,-1.4053622059639905,-0.793656854836354,-1.1979875250537426,-1.6961092312304833,0.4071862673139041,2.5334046579242404,-1.4330714209276625,-1.6037649416116833,0.5051721653379361,-1.1086687296136917,-1.3698506585626666,0.8164553486475572,-0.25439697042244197,1.4222862940691883,0.3222872201311799,1.592604815770045,0.5190669244317403,0.8676325208958808,0.25439697042244197,-0.8164553486475579,-1.3166279713806959,-1.4352475223031322,0.4456221671630917,0.6537347655237203,0.13730558544161034,-0.6655862782971376,2.7703505672211355,2.412092175971816,-0.4803306735805153,1.5119814879485518,0.47094581677602393,0.4704458620491997,1.2693411022130894,1.4420699604000706,-0.7671786453207986,-0.0895182397630935,-0.22487032145597366,0.6925339110879979,0
-0.6119022025574117,0.5936920300909173,-0.4445202009343899,-0.13478617003801185,1,0,0,1,0,0,0.1480240445619179,-0.5414208212976894,2.4655667449682035,-0.7352274147223563,0.7812478189133183,0.15180882448510225,-0.4519676423485724,-0.04510878850443997,0.9796129872764797,-0.15254628960293531,0.5599941451844914,0.2881935137670305,-0.9240390743912446,-0.8681183191058373,-0.24005193484030668,1.4829119231030983,-1.6291526499851043,-0.533175713585222,-1.2497103896622064,1.6325091290815754,-0.23894158692641737,-0.1785655307329296,0.15101970040165164,-1.4093596842671563,-1.2485621250772156,-1.6325091290815745,1.2497103896622048,-0.8709877534198129,-0.3345252120667762,-0.3640650692044592,0.42116575661981864,-0.2894014204448148,-0.7495995951142377,-0.6279498401920818,-0.09793149585751397,0.07776919801113909,-0.23928944923264436,-0.17942508891434333,-0.031331040515893936,0.04989415226957156,-0.5161761445564365,-0.32909664246974885,0.06727263761276221,1.127095675598167,0.05922268551522836,0
0.3904080293748593,0.10410447663314094,0.5693561964423357,1.0385308760612593,1,0,0,1,0,0,0.4256406586528323,-0.5972421408200127,-0.6943490651242283,0.06620235534922844,-1.3543307439454078,-0.5104835569620774,1.1861523679408703,0.9323264373048666,-2.278318849992604,1.5163135712620193,0.21351114301726704,1.4214964342534187,0.8742860181833094,0.43469120359045554,0.40421877040915527,-1.1629112035625067,0.6028649887551427,0.4336018569866951,0.9573302853504951,0.9892830742375731,-1.2150354129545478,-0.8747098037537939,1.9459245832217824,-1.4506512073131492,0.14575287675725285,-0.9892830742375731,-0.9573302853504958,0.8001630639334981,0.8662627627365218,1.318992669312359,0.4082452561251572,0.6493539925053206,2.180364828882142,1.9003856629233515,1.4523772426253072,1.1939689411944467,-1.192245181842186,-0.9381911455531051,-0.5422311594912614,0.4691369264526849,-0.1777138548108673,-0.7309235830158842,-0.7833178721512579,-0.4316415915936655,-0.08511336124321738,0
0.08200488108800677,-0.87507063028241,-0.15484123025532542,-0.4281154315628296,1,0,0,1,0,0,1.43515561898343,-0.6937665058273633,-0.2721740783507456,-0.34579619792944905,-0.9093976755594357,-0.2663163454359733,-0.2936658842347878,-1.859139519080502,1.338125380188299,0.17562461270853233,1.0596236634824583,1.529461398804696,-0.6086427753438232,-0.6087922694223138,-0.7726546315449822,1.2224277159312518,-0.7800613198001002,-0.16844813427791602,1.0299022224398868,1.0645584453617318,-0.1999485017775555,1.7776988870069446,-0.6008402581515947,-1.0107529731169613,-1.5420194759718768,-1.0645584453617318,-1.0299022224398875,-0.3417899945912644,-0.40957446049198204,1.3553831069019124,1.8941028130111983,1.4003583228654286,0.19555021907814235,1.4925896140337656,1.009431888773073,0.9459245538203791,-0.10976148557697851,1.8692432640103136,0.38833691435672935,0.002351157259115363,-0.39771434314548676,-0.0012904541294803558,0.6160407084282594,1.4054416161681371,0.16231986177126023,1
-0.9717058755587404,-0.6431607365392533,-1.6032360836506476,0.5985369837740325,0,1,0,1,0,0,1.3468230599545028,-0.6908591454355757,-0.31055362260288033,-0.3214929124832349,-0.9276819979488319,-0.28286247515477525,-0.4981406296173346,-1.7716066414894822,0.4067430787781554,-1.0301607322610242,0.22579551378910326,0.38757698796700546,0.2331965744685189,-1.0241978342121558,-0.10354214110650428,0.6583239404712281,-1.1687245665796222,-0.1806256680037463,-0.24687185720061178,0.7734532878151856,-0.33068973661947326,2.3278594697568598,0.10552065699125858,0.23279341474491155,-0.4698910353509993,-0.7734532878151856,0.24687185720061106,-1.107734119211532,-0.46586139681088673,-1.1692035008733148,-0.7029177864157086,-1.0788093813347013,-0.7180946013078251,0.08569324536469386,0.22043547722377976,-0.8679000288524974,-0.44283339212011924,1.793366658346437,-0.6060936743631827,-0.46443461193445323,-0.3469449996836519,-1.1116017372174867,-0.28942660841731066,0.06938110143228039,-0.6418381130257917,1
0.9815140635913272,-0.514321906681944,0.5693561964423357,1.478524768348486,0,1,0,1,0,0,0.07231042253712305,-0.5129286894581703,0.188380452674872,-0.5483235766479001,0.07431102721285636,0.029278026026947467,-0.26047881096989717,-0.4187627859964879,-1.2968595264777103,0.04289146985382121,-0.6086151105045894,-1.5493329936905225,-0.25160519971993706,1.1570705705252464,-0.38749231751482727,-0.10755225998559795,0.6626935660190443,0.31328247243222207,-1.773666294592434,-0.3540047794704394,1.5183334081331068,0.1865837685053845,1.6647707687612283,0.5991719874973579,1.097088810012731,0.3540047794704387,1.773666294592433,1.3293608227620468,-0.18442671521636386,0.6457695739056325,0.48576825909312477,0.7517636739180628,0.3530751881102058,-1.2804235184154193,-0.7069813574043363,1.13195784435093,1.4376350802380293,0.19995793940503753,0.08270916461253644,0.9359226956462544,1.1549814110623113,-0.8974702754790853,-0.41289942435079735,-0.6125664529641461,0.3942885083473328,1
0.4932090788038099,0.5936920300909173,-1.6032360836506476,-0.13478617003801185,0,1,0,1,0,0,1.0187306978470585,-0.6699261506147045,2.4655667449682035,-0.7352274147223563,0.36408194351190315,0.05297923886739346,0.36665922751514574,-0.10972686118676739,-1.254738390908801,0.9336263947930648,0.9184225149633465,0.787259239825921,-1.3014736526492694,0.05457448971040673,0.003744885604334889,-1.6379958700487698,-0.20351161376520852,-0.2779549392657015,-0.04921092906325296,1.122534507594003,-0.4553183942480022,0.15435510472243755,0.06924153267774161,-1.4630676593314722,-1.4653631487349699,-1.122534507594003,0.049210929063252244,0.0759977097470634,0.04072103005925432,0.1272058382545045,-0.7545997883943533,-0.7843815472730677,1.4557499713346498,-0.05703537174666111,-0.04256332662598434,0.139780294854656,-0.43093796688643543,0.1457603639308401,0.014285041535478216,0.04680694480136082,-0.5403520223954056,-0.4046280222716538,0.7336338664601519,1.6042601451466876,-0.014418154667652658,0
0.10770514344524394,0.49062096620506923,1.0038746524609323,0.5985369837740325,1,0,0,1,0,0,-0.6722068607066928,0.06389161227250373,0.2267599969270068,-0.5517954745687877,1.2247482922671598,0.47557633573949654,-1.925001400902975,-3.10398721541465,1.6801082608522124,-1.845066619531353,-0.39379044857485923,-1.036274465204873,0.21384994033936414,-1.2751004580615595,-1.1758119832247766,2.0342485087317854,-1.4550681428315544,0.055428492989202806,-1.4375436385994584,0.012383503443245562,1.4026959540406803,3.0824172326051595,-0.2525407074477434,1.0497453064922742,0.5660620045376743,-0.012383503443245562,1.4375436385994576,-1.2330704305130304,-1.1600669447440433,-0.3640650692044592,0.6924962670077037,0.017827623793410803,-0.7811045889206503,-0.9541866793037505,-0.4301405112466897,0.20179139169817292,1.7776459848341521,3.6902817999433415,1.145563876409508,0.8192262533478623,1.243827762120523,0.8235122133073248,-0.28942660841731066,-0.32030321536567735,1.2139110595827887,1
0.10770514344524394,-0.978141694168258,0.5693561964423357,-1.6014324776621007,1,0,0,0,1,0,-0.6595879237025604,0.014466485612113323,1.3525599616562942,-0.6848848948694842,1.6437630086876946,0.5404192765293959,1.570674847634477,-0.5558699748268078,-0.7849680916542565,1.748116751636005,0.819059802455942,-0.626137126703137,-1.6059395908002252,1.1121369289481988,-1.0015240806431907,-0.1401590853504764,0.9858276497994778,0.8284854260820834,-0.8822105547849753,0.020989325180847843,-1.072827494605556,-0.24035585281542665,0.9322313139915369,-1.3840631301288275,-0.25596309047155963,-0.020989325180847843,0.8822105547849747,0.8837206048011639,-1.009968447893631,-0.38226028799923456,-0.39282577454383927,7.593435579547688e-4,-0.08799472517957138,-1.4435419379712537,-1.3160312189511594,-0.046252995675895824,-1.1182292026103766,-0.5166544474204599,-0.9689949493496542,-0.40392534555750975,-0.8922453553848465,-0.6815764148786396,0.34165667302051117,0.3848398340782469,-0.7311889991143528,1
0.5960101282327613,0.9802085196628456,-0.15484123025532542,0.5985369837740325,1,0,0,0,1,0,2.4446705793140278,-0.7414472162526812,0.06044863850108935,-0.5078181009042099,-0.8565380577317009,-0.17777219180562792,-1.005925193478896,0.41628894309276143,-0.290483667360293,-1.6766538649229468,-1.4964583528358777,0.36878665019092916,1.9866032991794493,-0.07608666540913495,0.17849295995110828,-0.3303397753547084,-1.2134277835693028,-1.160530368095892,-1.0228468552315015,1.517428063553434,1.3227385688916906,-0.39255930984981774,0.06514128815698803,1.0618369839704171,0.8124371236405586,-1.5174280635534347,1.0228468552315009,0.006366425690675429,0.28463108744117427,0.35464607318920965,0.12076412011894473,-0.3747428216220998,0.30581769740058723,0.697387318699073,1.4662192849331896,0.2948080369634488,1.5000860627148682,-0.17942508891434333,0.6802798394855113,0.6117659114840535,1.0407503882731821,0.41111087958892223,-1.3595243465075295,-0.9326642846196119,1.275769365336409,1
1.5469198354505571,-0.7462318004251005,2.452269505856255,-0.4281154315628296,0,1,0,1,0,0,0.7411140837561441,-0.6484116837154758,-0.8478672421327675,1.6488091576205526,-3.1896686186469867,-1.7729085352371536,-0.13609704964908848,0.7984680251067515,-0.21212831981629665,-0.5481066968991781,-0.8876196913124216,-0.032714173268429445,0.6607020815207695,-0.0766054702524494,1.6213778495289997,-0.472828613787267,-0.46526797944364057,-0.5873227514807003,0.5274811195133241,-0.5677675826606664,0.11270297724505582,0.5283383137411154,-0.18516063790886417,0.27910502260933956,0.5805427170140232,0.5677675826606664,-0.5274811195133248,0.5216379277079463,2.81754322179188,2.501681890972826,1.790738809053908,1.4686314438072563,2.0228398598500785,2.063504082479186,1.8953225964775422,1.876091006473136,0.5563823275093027,1.1863538130354276,1.765942592308169,1.3767759221068474,1.4299820214805863,1.9021003168785307,1.1922471827845313,0.9600881112561845,2.141785645887079,0
0.13340540580248203,-1.5708003115118816,-0.8790386569529866,-1.161438585374874,1,0,0,1,0,0,0.766351957764409,-0.651900516185621,0.6233486208657331,-0.6212334329865424,-0.07093784311459592,-0.02125474851966381,-0.14740449607539785,1.3714523023505225,-1.9274731982381135,-0.4386201127498114,-0.7651104236125336,0.9448311596798601,1.607118463709602,-1.186873560805424,1.7706721360684714,-1.4611299746154611,-1.7120643829091997,-2.0330147747227314,0.2654778184316193,1.0253393444399002,-0.980940537436059,-0.10854084983779556,1.1666257190749079,-1.1051062602326516,-0.9901622105808312,-1.0253393444399008,-0.26547781843162,-0.7595776989295921,3.568035706043941,3.538809362275082,1.881182312516537,0.9053781960371756,3.220029624493761,4.265602746482951,4.442258381127891,2.3101686843777554,-0.8314172830871166,0.12408133374116129,0.7258959215368835,1.2730457511749436,0.6684418695530556,-0.7309235830158842,0.2044646553166367,0.848749735028197,0.7190446135538346,0
0.08200488108800677,0.7482986259196881,2.1625905351771904,0.3052077222492148,1,0,0,1,0,0,0.6149247137148194,-0.6263157447378894,0.5465895323614635,-0.6119750385308418,-0.04056155627700533,-0.008733353056786679,-0.49579386547442683,1.284356116299847,1.4284067123127089,-1.3763779590992649,-0.9656771481928549,-0.5987715246300986,0.6440076676258459,-0.7837590284223962,0.9384431863027779,0.611694464210135,-0.1182810337360871,-0.2479934220991526,-0.10413398130864084,-0.7133741297612541,-0.0937093475456646,-0.8227072935850143,-1.3379858826976518,1.7421123779118615,1.0133102789440156,0.7133741297612541,0.10413398130864013,-0.5089050763265954,1.5417059985633763,1.5282376854522888,1.674454304601957,1.5369045647490853,0.2270552128845555,1.0032343553662626,1.1755363964676604,1.814079909629618,0.917210226264372,0.19995793940503753,4.30219675436446,2.556706616457259,3.376140187517609,4.693740114356947,1.439192814651505,1.127095675598167,4.183109735756518,1
0.4932090788038099,1.0832795835486928,0.5693561964423357,-1.161438585374874,1,0,0,1,0,0,0.2363566035908452,-0.5577020394917004,-0.2210013526812325,-0.40076791501017145,-0.3606004331411836,-0.11918994874716707,1.61292146564119,2.672244005508494,-0.27981921878559046,1.1933346712923885,0.8982303537909858,-0.48875790467968083,-1.3027805625431765,1.4082833193549995,3.22286652726683,-0.25699384017691745,0.9919102396832702,0.5280546140549283,-0.7768887630270574,0.10390132815818369,-0.8356664614326036,-0.4391418231992473,0.12426822109288428,-0.6285569391322166,-0.652200898492933,-0.10390132815818369,0.7768887630270568,1.6078859589875987,3.492986457618735,0.7003552302899613,0.44700675760914055,0.8541733553308051,0.5106001571422693,-0.8726274695258333,-0.6516131881728072,0.9459245538203791,-0.6648813298155464,-0.17942508891434333,0.853620951280726,0.7932937106148858,0.46536449570571364,0.28421816152172197,1.1099319721622063,1.2941032399401495,0.9664778365683122,1
-0.27779879191332196,-0.5916252045963298,-0.8790386569529866,-0.13478617003801185,1,0,0,1,0,0,0.26159447759911014,-0.5629352881969182,-0.7199354279589849,0.2571567409980537,-1.3726255941130325,-0.6316727773349239,-0.12438848070204088,-0.6470438588707496,1.2123154179986937,-1.4004516579836634,-1.90786589991209,-0.42831620667735276,1.405365890139139,-0.11933412734786249,0.1023624262989361,0.8240931799712106,-0.9203855650718497,-1.1651054398779337,-0.4019224822967764,-0.18555039652161812,0.05372795639268847,0.9906324340198173,-0.8291416185833611,0.9792812690709217,1.3428204167915132,0.18555039652161812,0.40192248229677574,-0.2582324537235989,-0.10937746679115769,-0.5915053041391644,-0.10857476366129187,-0.4600842227993849,-1.4742144526617298,0.02452383803125581,0.2342775195316623,-0.728375060954584,-0.10976148557697851,0.6552175733882943,-0.5878472415426337,-0.892321567028559,-0.4992530300691578,0.8552353928241243,-1.0302635040182315,-1.211010225189582,-0.023255055489598248,0
0.4161082917320974,-0.514321906681944,0.5693561964423357,1.0385308760612593,1,0,0,1,0,0,0.4130217216486998,-0.5972421408200127,-0.2849672597681238,-0.34174565035508003,-0.5303234463210064,-0.19521270691463535,-1.384994651240647,-0.9686053096372879,-0.010992016130188598,-0.22062031433583032,0.49161961176763813,0.06455569701010541,0.16476824852093006,0.2207354238088947,0.1833661265623833,-1.1987399116599502,0.5728947054324118,0.5938620980824277,0.27586209560863995,-0.18555039652161812,2.1464250116817976,1.5131333454462286,-1.1895915508971913,0.8661163945850111,-0.05933881994377418,0.18555039652161812,-0.27586209560863995,0.577342954953057,0.641115017460903,1.3644807162993,0.42116575661981864,0.6493539925053206,2.4639097731398567,0.758556726032511,0.6772228733838963,1.4420133285685155,2.4437897979204335,1.8692432640103136,0.890113816921823,0.06718251409155555,0.4145951522438788,1.109020828958526,0.2044646553166367,0.1250502895462747,0.7809029193074537,0
-0.6119022025574117,-0.2566442469673251,-0.4445202009343899,-0.4281154315628296,1,0,0,1,0,0,0.16064298156605036,-0.5472355420812648,2.9645008202459557,-0.7462217581385008,0.8648641033825623,0.15583355874102703,-0.0696115993205677,0.3714732634272951,1.022867291280102,0.3838189582587856,0.7758132419315799,-0.28339527840068973,-1.4120978204779975,-0.9141211016425951,0.05630711110152932,1.456794362386893,-1.3531065221767822,-0.626016061933455,-0.8569681418843186,0.4634132099205583,-0.8165824106114224,-0.45345148416279774,0.06564398804910569,-1.8602319157230613,-1.6197780510514082,-0.4634132099205583,0.8569681418843179,-0.9266927806649233,-0.10937746679115769,-0.4732363819731166,0.3048812521678669,-0.27233314020935756,-1.0961545269847772,-0.05703537174666111,0.40038202722625016,-0.046252995675895824,-0.3318094232724056,0.38964945356472797,3.002138415900354,2.589122294873479,1.38767423526239,1.75934600905293,3.70286110676543,4.606419932722794,2.945943620684131,1
1.2899172118781799,0.1298722426046032,0.5693561964423357,0.5985369837740325,1,0,0,1,0,0,4.236559633900839,-0.7757540688757757,-0.7839013350458762,0.7432224499223361,-2.7791530818211423,-1.170987167628846,-0.9899576821478736,0.8046966285252672,1.2203239135040687,-1.522590732581185,-2.5206373526075443,-4.036104326959377,0.7051355352325274,-0.9193354559774959,1.0985953489213311,0.4910311514339617,-1.9626239855679783,-2.623897855337585,-5.269341916919384,-0.2786957612109654,0.4579710998551015,-0.003922672692273255,-1.1747847185257478,0.11081750226417009,0.7152264535772821,0.2786957612109654,5.269341916919384,-1.107734119211532,0.19081952690966666,-1.7832921351970188,-1.3166415599121168,-1.8682173422245878,-2.3721067761444914,-2.463032060195219,-0.4024564266309252,-1.1004416420156866,0.8894542340524437,0.5034643620605421,1.5561086148718575,0.585833368751077,0.600749411603942,3.1393043180337386,0.03983423407198747,-0.09762646290970158,1.708777505611744,0
-0.48340089077122306,-1.0554449920826439,1.4383931084795292,0.3052077222492148,1,0,0,1,0,0,0.17326191857018283,-0.5489799583163374,-0.16982862701171944,-0.42680714941682946,-0.27003093402659095,-0.09235838704100179,0.49228825286748246,-3.1756812215205295,1.9148242829075395,-0.6803173119863721,0.503761420549193,0.0240445237917746,-0.5646008146091841,1.3971642630276957,-0.013126782697571298,1.922049932810715,0.4644067418810509,1.0392603932451492,0.3041828515459622,-0.26889098598050765,0.7114912700958945,4.345572016094149,-0.6861541210419227,1.3795625736621369,0.3597209794658464,0.26889098598050765,-0.3041828515459622,1.406728916158034,0.06573744620098994,0.25356152432934037,1.2423353436138431,1.4079442251922982,-1.0156417650350562,-0.3107751355001815,-0.47935666167471613,0.6220888258597909,0.8339422496285867,4.52492446224598,0.5434315933313949,0.08014878545804377,0.6345956405784983,0.37938770007212164,0.4514102871836102,0.3477270420022505,0.6571863078002155,0
-0.7404035143436003,-1.5708003115118816,-0.4445202009343899,-1.161438585374874,1,0,0,1,0,0,-0.8236341047562825,1.6542177465803598,0.6233486208657331,-0.6212334329865424,3.1178798623261015,1.7523114802578612,0.8717920519112711,0.31941596988614696,-0.8726066132469361,1.2102610571804449,1.3557741732708812,1.6693066382288062,-0.3968429824988052,0.22545524104319264,0.4592406862976,-0.15679123915243792,0.6072123265558039,0.8311014533666542,1.0418552473722593,1.2434358081027634,-0.9869758495619011,0.02164879520039872,1.0353223983444093,-1.0328832599048128,-0.9511640171601653,-1.2434358081027634,-1.04185524737226,0.744458036688388,1.1664597564373458,1.9467277177321458,1.5452492996553449,1.7758604880454831,1.9913348660436665,1.3294711944779316,0.8433273810784847,2.2481575875342377,-0.859173275299045,0.19995793940503753,0.5525548097416701,1.0396528665781584,0.49921072468027106,-0.7309235830158842,-0.04248097655033679,0.6817421706862145,0.6571863078002155,1
0.08200488108800677,0.49062096620506923,2.1625905351771904,0.5985369837740325,1,0,0,1,0,0,0.6149247137148194,-0.6263157447378894,0.2267599969270068,-0.5523741242222691,-0.21028456945682905,-0.0547942006523704,-1.4741492516850079,-1.3895637472323505,0.42242081958194716,-0.6434449062494241,-0.3670784379586281,0.9366064622908244,0.8079020166009491,-0.7752296143547965,1.0455570256693736,0.5989952406031549,-0.13880264944399914,-0.15264496857054646,0.2905222516232541,0.9892830742375731,1.2752401228282135,2.954635927521633,0.024469038375639216,0.7316182255602647,0.32819184549016267,-0.9892830742375731,-0.29052225162325485,-0.5646101035717058,1.4666567501381707,1.1006500437750428,1.2868392897621204,1.1614023995690306,0.1010352376589052,0.9216751455883455,0.8433273810784847,1.13195784435093,1.5000860627148682,3.3108987716239606,0.7988816528190786,0.6895635396829819,0.9730579303240674,0.28421816152172197,-0.7833178721512579,-0.4316415915936655,0.9664778365683122,0
-0.5862019402001745,1.0059762856343069,-0.15484123025532542,0.5985369837740325,1,0,0,0,1,0,-0.6974447347149578,0.25577739813049005,0.009275912831576286,-0.49335185956717764,1.1878258775971022,0.5779834629180274,-0.6212086018289624,0.9073892408152581,-0.5857892754612934,-0.07178223069504457,0.12492628324883547,0.8151638803273333,0.08760403321921531,0.13498829902541473,0.6496290202525034,-0.8303680367040445,0.7754466646538728,0.9094816554697435,0.03622492998512883,1.0758588642714124,0.9986844006048027,-0.5946361180236127,-0.033646232886903465,0.8658928013187807,0.7255215337167106,-1.0758588642714124,-0.036224929985129536,0.04814519612450831,0.491016520610491,-0.2639913658331881,-0.6383152839424023,-0.32353798091572933,0.8571550890128092,-0.8726274695258333,-0.983822203561983,0.139780294854656,1.3613061016552261,-0.2553016945782196,1.1911799584608802,0.9877877811122063,1.3284433345569153,0.9504049313745251,-0.9479482933959068,-0.5986491559356475,1.5850608941045057,1
-0.5091011531284612,-1.8284779712265005,1.0038746524609323,1.478524768348486,1,0,0,1,0,0,-0.2684008765744537,-0.3460462029695579,0.047655457083711085,-0.5159191960529479,0.28888585307340214,0.13257953859568378,1.0873644571859489,0.4098321760777241,-0.7602002474817675,0.4847650582741461,0.06893815541649619,-0.06060376297753377,-0.19521063436387132,2.2124496898304633,1.212371202359322,-1.1841819091294614,1.0505317713602949,0.2474033480931666,-0.08286747959746427,-4.693472038239746e-4,0.6986469144762707,0.6520193326292926,-0.15076941144053127,0.38680300228941933,0.15191823790440043,4.693472038232714e-4,0.08286747959746356,2.6941339902672503,1.6918044954137887,1.2007237471463126,0.3048812521678669,0.7346953936826055,1.550264952753888,-0.22015379130249568,-0.2086678343205727,1.2559800380379649,1.3613061016552261,1.4898602356909325,2.158240897949969,1.7268652490020249,1.8192136546879905,1.5214221626769286,0.36909507656128593,0.4033962301162448,1.9562107286262216,1
-0.6119022025574117,0.1298722426046032,-0.4445202009343899,0.5985369837740325,1,0,0,1,0,0,0.16064298156605036,-0.5472355420812648,-0.7839013350458762,0.7432224499223361,-1.7081333580842872,-0.9952404384534633,-0.7071111980943646,-0.2622686789353622,2.0507352478280656,-1.1806926556672805,-0.8232708556861387,-0.7261042366607254,0.8605708730835316,-0.770933753560831,-0.12706029920910622,1.6095086475467466,-1.2953990433139506,-0.5322126043541476,-0.9053494332772469,-0.09240503183227083,0.2129474110226646,0.23268577414104935,-1.1860228134562,0.3105440890280258,0.5506904115028399,0.09240503183227083,0.9053494332772463,-0.8709877534198129,-0.40957446049198204,-0.9281168518425269,-0.05689276168264715,-0.5624939042121272,-1.442709458855317,-0.30171300108041293,0.12354118106860354,-0.4803306735805153,0.5841383197212315,0.7310941790521709,1.446630017948564,0.4950694691856613,0.600749411603942,2.6951798047985354,-0.04248097655033679,-0.09762646290970158,1.646919199858125,0
1.110015375377516,-0.02473435322416849,-0.4445202009343899,-0.8681093238500562,1,0,0,1,0,0,0.7158762097478791,-0.6460857954020456,6.265141625929548,-0.79077778145656,0.9829492589868095,0.11424463809647085,0.38856630366554357,-0.99773279925963,0.4165917454148439,0.650250623315053,1.189594538434741,0.447751011229943,-0.32534675401175434,0.1865674653737378,1.0577098329611476,-1.3070531549713376,0.8443609742610779,0.18838379612130698,0.004530982273632039,0.6061852033378367,-0.35389489085548453,2.4290100701727635,-1.882957240908635,-0.041192753035174244,-1.3626110505237967,-0.6061852033378367,-0.004530982273632748,-0.0787384770449098,0.5660657690356972,-0.8988023326731649,-1.3561208669791374,-1.0195445194060313,0.06953024385249205,-0.03891110290712402,-0.04871534542948758,-0.6870343297255728,-0.3318094232724056,2.2865645951616322,0.03709308256116429,-0.944186652494511,-0.8969462205202018,0.41111087958892223,0.2044646553166367,0.5704037944582268,-0.30161743138088487,1
0.4932090788038099,-0.7462318004251005,0.5693561964423357,-0.4281154315628296,1,0,0,1,0,0,0.2363566035908452,-0.5577020394917004,-0.8478672421327675,1.6488091576205526,-2.9357958170421066,-1.703146474801124,0.6619229964552114,1.6382990809133646,0.3774780740794114,0.08167886072559682,-0.22156390944004728,-1.5565006779299897,-0.6420371582027493,1.1588536179796345,2.432355708601479,0.34770332252631986,0.5577727320956672,0.4722117297347505,-1.3255027532684673,-0.8082637896695036,0.2374928411663003,0.18806364955105456,-0.16661686609853377,0.44273502188919384,0.7490667791087618,0.8082637896695036,1.3255027532684667,1.3850658500071569,2.7424939733666744,0.7822337148664557,0.8604627734383002,1.0760609983917457,0.2270552128845555,-1.1173050988595852,-0.7069813574043363,1.0079356506638961,0.8894542340524437,1.0346006017076752,2.4501838230787514,1.9602581335988092,2.073060371997167,2.473117548180934,1.439192814651505,1.0714264874841732,2.7603687034232727,0
-1.1259074497021662,0.1298722426046032,-0.15484123025532542,0.5985369837740325,0,1,0,1,0,0,-0.36935237260751347,-0.24719594964877709,-0.7839013350458762,0.7432224499223361,-1.2088104254553331,-0.764489007780442,-0.5196936037330367,0.03261271149233133,0.18069418990198138,0.2512658397236004,-0.31882869914346035,0.5563121211120222,0.5633168505786771,-0.583965361552928,-0.12114732734626166,-0.7731967829447751,0.5977267818407974,0.25352689006495616,1.0460293195708634,-0.2786957612109654,0.13915529812607272,-0.16612470306573662,-1.0240032109332158,0.25325170590032187,0.6620125869729093,0.2786957612109654,-1.046029319570864,-0.5924626171942612,-0.18442671521636386,-0.2185033188462471,-0.5737127814690962,-0.32353798091572933,0.3530751881102058,0.5954383064766764,0.12354118106860354,0.015758101167622184,0.3620903820258042,0.12408133374116129,0.9174834661526473,0.1838789563899486,0.27921023634565156,2.2193321120465326,0.03983423407198747,-0.09762646290970158,1.275769365336409,1
1.110015375377516,-1.0554449920826439,-0.4445202009343899,0.3052077222492148,1,0,0,1,0,0,0.7158762097478791,-0.6460857954020456,-0.16982862701171944,-0.42680714941682946,-0.553193935664148,-0.16703956712316181,-0.37946339030666176,-2.249431989076895,-0.2619182991359945,-0.4480893776550068,-0.15160126098931934,0.17595046470161405,0.3665701789754771,0.18667402555964235,0.8599420751650789,-1.0691673429515103,0.7962273491494752,0.23281404666190172,-0.04053384962865217,0.28017642692511974,0.7141755682107717,3.9488870919515,-0.7163589803269212,1.394865250573195,0.42438666709215583,-0.28017642692511974,0.04053384962865146,-0.11896988561082296,0.340918023760079,-1.0463857740085747,-1.3618633116434313,-1.040405750804923,-0.18250970659880966,-0.30171300108041293,-0.319404172783631,-0.9144083514851348,0.7506742729928018,3.917911616934971,0.2879815338437111,-0.1402778277722523,0.4145951522438788,0.28421816152172197,-0.20711139779498602,-0.09762646290970158,0.5334696962929761,0
-0.5091011531284612,-0.7462318004251005,1.0038746524609323,-0.4281154315628296,1,0,0,1,0,0,-0.2684008765744537,-0.3460462029695579,-0.8478672421327675,1.6488091576205526,-2.517138939514123,-1.5403683337837213,1.8477841844052485,0.61766081140781115,-0.7542065156433996,0.7124823801039378,0.20067607976970955,-0.2389377859565218,-0.8233742237579403,2.784003757708578,0.6784370661166861,-0.8844955077307743,1.4901537778417684,1.1917688844263412,0.4407888507730546,-0.7630516575955741,0.21235486331690914,-0.16811548818363808,0.1421928881045223,0.5150932478158513,0.9026416246453788,0.7630516575955741,-0.4407888507730553,3.1676267218506893,1.0163612595869336,0.9550882934168308,0.29196075167320634,0.9053781960371756,1.7077899217859516,-0.7910682597479163,-1.0391903727935126,1.2559800380379649,0.77843026520473,0.5034643620605421,2.158240897949969,1.9213593194993455,2.073060371997167,1.9972698554289314,1.1922471827845313,0.848749735028197,2.636652091916034,0
-1.0488066626304537,-1.132748289997029,0.27967722576327125,-0.13478617003801185,1,0,0,0,1,0,-0.15483044353726144,-0.4315225984881154,-0.38731271110714993,-0.24337520926326098,-0.260172276333976,-0.14378554697781856,0.9597942216886354,3.2158653611629617,-0.15525841835464302,0.34459963219815143,-0.27573105445767404,-0.7221968477758757,0.21750235286148645,0.6946822591699877,4.0301222201034985,-0.7909417790127015,1.3164685272012921,0.4303838811807632,-0.007768161614413057,-0.9772859963810728,-0.6404989010686768,-0.37658816241572735,-0.5825767506947814,0.8398557850122725,0.7786499675370312,0.9772859963810728,0.007768161614412348,0.605195468575612,3.643084954469147,-0.10933200607758836,-0.4961897785011287,0.017827623793410803,0.1325402314653172,-0.13859458152457876,-0.1532996650890431,0.015758101167622184,-0.6371253376036178,-0.4070549059059717,-0.1864257194905595,-0.4514683405679659,-0.11002139686175369,0.5380035976561225,0.12214944469431245,-0.32030321536567735,0.2860364732784985,1
0.5189093411610479,0.43908543426214564,0.5693561964423357,-0.13478617003801185,1,0,0,1,0,0,-0.6848257977108253,0.18309338833579825,0.9687645191349462,-0.6600029597697887,1.6198699937598013,0.6508758722197764,-0.6528005741054353,-0.3111986473625359,1.0768133395957322,0.6967922073949799,0.6114766417980073,-0.4968638890297372,-0.9012518149576729,-0.9218485421947867,-0.701374170100901,0.5331816682526577,-0.07748623465303676,0.10847627102220372,0.2600885100232926,-0.9356157016516281,-0.013365112329451584,-0.2754913369070094,-0.9362437519379233,-1.0181553427863934,-0.6890436165357415,0.9356157016516281,-0.2600885100232933,-0.7317251853070371,-0.40957446049198204,1.0278691685959374,1.183475285804831,1.0931292786272029,0.3530751881102058,0.5954383064766764,0.5111183656893089,1.2559800380379649,0.3620903820258042,0.19995793940503753,1.5652318312821314,0.7414286251489338,0.24536400737109418,2.1558857530129325,1.8507688677631275,1.4054416161681371,0.47161139053935697,1
0.13340540580248203,0.3102466044048362,-1.6032360836506476,-0.4281154315628296,1,0,0,1,0,0,1.8389616031156693,-0.7176068610400222,0.20117363409225028,-0.5483235766479001,-0.6285965283720176,-0.12813380264922217,0.9547919182137399,-1.5722330432966103,1.4024047476023989,0.49292522770227576,0.9974341456173128,1.267335453206023,-0.7034418295584645,1.2892140982978029,-1.2171826502214216,0.7848265447821948,0.48952307293853037,0.7413151770769152,0.5641420291796073,1.1689852080572094,-0.039493867815732865,0.938592334371367,-1.1284592816869625,-0.18050748222255988,-0.5729632544781688,-1.1689852080572094,-0.564142029179608,1.1343932274041606,-1.1600669447440433,-0.1548200530645294,0.26611975068388355,0.4616029099152932,-0.49755964466293656,0.10608304780917345,-0.1532996650890431,0.139780294854656,-0.16527347000083534,0.6552175733882943,-0.48749186102961545,-0.9571529238609991,-0.9561771212256767,0.1890486229713212,0.03983423407198747,0.7374113588002092,0.038603250264021984,1
-0.5091011531284612,0.18140777454752677,3.176466932553916,-1.8947617391869185,1,0,0,1,0,0,0.2742134146032426,-0.5635167602752758,1.4676985944126986,-0.6935646396717035,0.4670502017722274,0.10261762802379923,3.446335684175465,1.4590668647558656,0.2057176478083727,2.7369785203095476,3.007071009005159,0.8862931348956447,-2.681238152023836,3.4439954031771465,1.600828869127138,0.24602010968248025,1.9255111867835832,2.0743908032519087,0.8432886699243073,0.3724346929031413,-1.3510140344638237,-0.3989398426956947,-0.03399643199407825,-1.7881774736997158,-1.8841007139442207,-0.3724346929031413,-0.843288669924308,3.975349616904789,2.067050737539819,1.1188452625698195,1.093031782342202,1.9465432904000532,1.140700033270523,-0.38327221085833024,-0.762349526635866,1.3800022317249987,-1.2755131584779709,-0.4070549059059717,-0.11343998820836432,-0.11434528503927678,-0.8038690908401701,-0.5723076854318833,1.5215080252738291,1.9621334973080773,-0.45626319576493324,1
0.31330724230314594,0.5163887321765315,-0.8790386569529866,-1.6014324776621007,1,0,0,0,1,0,-0.10435469552073157,-0.44722234460376886,0.8792122492132983,-0.6559524121954198,0.5496916343787195,0.1629886418626711,-0.48948970804108083,-0.6682066487215954,1.401957583292597,-0.6249094503690803,-0.22138534144029434,-0.5191162150766194,0.6662874585702082,-0.7167021386999877,-0.8850202391338216,0.18815466409198375,-1.0033440220190093,-0.3983919129563407,-0.5029586926677684,-0.20918429502488586,-0.035472977813539336,0.03054074844650047,-1.7274456903722226,-0.15068640543970266,-0.10114037587474609,0.20918429502488586,0.5029586926677676,-0.7595776989295921,-0.9349191994684248,-0.50962681956267,-0.3411437725651945,-0.6990401460957827,-0.18250970659880966,0.35076067714292497,0.6772228733838963,-0.046252995675895824,-0.026493508941193386,0.04820472807728505,0.06902433999712428,-0.840456481562607,-0.8377153198147269,1.6165917012273294,-0.04248097655033679,-0.15329565102369538,0.038603250264021984,0
-0.4577006284139859,-0.17934094905293926,-1.6032360836506476,-0.13478617003801185,1,0,0,1,0,0,1.2711094379297079,-0.6862073688087155,1.7491485855950204,-0.708609530662217,0.12043851747369967,0.01988697942978962,-0.29725400567204024,-0.20570576349963687,0.4974881363453595,-0.6992585219698644,-0.4200419638203283,0.9614410230908563,0.7909450889309821,-1.0746663584962166,-0.19891852522682962,0.6840144000058408,-1.1347116346157404,-0.8614498520477347,-0.8856385367838302,2.189656403056746,-0.660455032150188,0.08306540423057829,0.0072855575732800526,-0.1805074822225622,-0.29496298798894244,-2.189656403056747,0.8856385367838302,-0.9823978079100336,-0.10937746679115769,0.2636699792153276,0.5891322630504142,0.06903246449978255,-0.40304466324369825,0.10608304780917345,0.6218547041523672,0.139780294854656,-0.6371253376036178,0.04820472807728505,-0.07694712256726609,-0.06248019957332482,-0.1269445113490324,-0.2233527107470814,-1.1948939252628807,-0.32030321536567735,0.40975308478573785,0
0.030604356373531493,0.49062096620506923,1.4383931084795292,0.3052077222492148,1,0,0,1,0,0,0.3246891626197725,-0.578053562234214,0.6361418022831113,-0.6275985791748366,0.146940213623823,0.04045784340451634,-0.7654808813075648,-0.3084952987507241,-1.4323401351447755,0.20656656534754486,-0.5833365070983227,-0.3985006292476497,0.34243203061909566,0.18976880542686073,0.3936826588560487,-1.4605290581931902,0.20931342217920046,-1.2001131458155712,-0.19575715951429745,-0.34935776200978047,1.2540345537337882,0.8178021243893369,0.49036609782273693,-0.07150649679413332,-0.41331087512242154,0.34935776200978047,0.19575715951429676,-0.11896988561082296,-0.03432821836595151,-1.0554833834059623,-1.5427503185686884,-1.39883963574952,-0.7180946013078251,0.02452383803125581,0.12354118106860354,-1.4725082230767892,1.3930272356117157,1.0129215715179964,0.5877443587527287,0.7692134923628369,0.6926177473920254,-0.4499468501527968,0.8512270244920437,0.7294586176410672,0.25068886999071616,1
0.23620645523143258,0.6967630939767645,-0.8790386569529866,-1.161438585374874,1,0,0,0,1,0,0.6654004617313493,-0.63794518630504,0.57217589519622,-0.6137109874912857,-0.051207780089074964,-0.016335628873533507,-0.15606272615788838,-0.4472710178991727,1.4619392558997302,-0.9930970830266401,-0.23054662043059412,1.0723139692099315,0.30368376570744365,-0.2205319751719487,-1.5503904190150413,1.999101860031955,-0.9466576345428044,0.5460250731368633,0.6912331826893887,0.7769517052683067,-0.003343931432287968,-0.9392535781943909,0.010384638613779789,0.40292058426491756,0.8328091065640184,-0.7769517052683067,-0.6912331826893894,-0.6203151308168162,-1.685411683720486,-1.82878018218396,-0.7675202888890147,-1.05747403104038,-1.6632444155002057,-1.0357458890816678,-1.3713993881826885,-1.720552610450858,-0.08200549336504998,-0.9381911455531051,-0.2776578835933038,-0.23104172733766892,-0.0592520533999176,0.28421816152172197,-1.1948939252628807,-1.0440026608476,0.10046155601764112,0
1.5469198354505571,0.1298722426046032,0.5693561964423357,-1.6014324776621007,0,1,0,1,0,0,0.6527815247272168,-0.6338748817565374,1.8514940369340465,-0.7115027789296234,0.3743856964762614,0.06237028546455131,0.8177011606146909,1.692741005247182,-1.1451662218277665,0.35831998718764624,-0.24701236594278536,-0.35814249097165374,-0.49647950721996287,2.98003798480772,1.2096402323126432,-0.5750228031701916,1.6939369954631451,1.0664126368295752,0.5364130502320184,-1.020471574555225,1.8405854728153561,-1.111549122732635,0.9876381263357725,1.1956117422463106,1.362272552880809,1.020471574555225,-0.5364130502320191,3.3347418035860197,1.5417059985633763,0.8914050276351143,0.42116575661981864,1.1272658390981163,1.0146800580448727,-0.5463906304141645,-0.8177176958673952,1.2559800380379649,1.194770148383656,-1.2416975682086098,-1.0622544948769042,-0.46443461193445323,0.008440404549195996,-1.206771275767887,-0.37174181903963527,-0.8213259083916238,-0.5799798072721716,1
0.5189093411610479,-0.17934094905293926,-1.6032360836506476,-0.13478617003801185,0,1,0,1,0,0,0.8799223908016013,-0.661785541517699,1.7491485855950204,-0.708609530662217,0.2556084424433621,0.038669072624105315,0.5276745656845325,-0.3458022263777395,-1.0851096507061957,0.1570240773989652,0.18482867115450452,1.4605964905059146,0.11411565223282459,0.17429950037400166,-0.3117588581032546,-1.5023770507657956,0.10567131325708577,0.22858889259577295,0.4977080171176754,1.4984586571476979,-0.5595863215421617,0.16231122781586332,-0.02636280342533813,-0.10734753286241806,-0.017113762261418378,-1.4984586571476979,-0.49770801711767615,0.18740776423728422,-0.25947596364157,0.11810822885711679,-0.6899972859210471,-0.6136987449184976,1.6132749403667133,0.02452383803125581,-0.2086678343205727,0.139780294854656,-0.5816133531797613,0.04820472807728505,-0.2867811000035777,-0.2569742700706454,-0.2792525417345383,-0.12818317219668063,-0.9479482933959068,-0.3759724034796717,0.10046155601764112,0
1.5469198354505571,-0.514321906681944,0.5693561964423357,3.2385003374973924,0,1,0,1,0,0,0.6527815247272168,-0.6338748817565374,0.2651395411791416,-0.558160620757082,-0.20440413887151318,-0.056135778737678665,-0.41102057804804676,-0.3444525741246057,-0.5708655864450021,-0.31544846402880117,-0.8041156951035611,-0.6313144027710094,-0.3232537693541736,3.0693447117257673,1.200738565434055,-0.4475969532784899,1.8370760911842192,1.2414024192664916,0.5061221547512287,-1.3630033399023458,3.6383871900968523,1.6756455036681928,0.3306006088214053,2.247763729000417,2.2573776290150174,1.3630033399023458,-0.5061221547512293,3.1397742082281335,1.3165582532877582,0.43652455776570404,0.12399424524260985,0.8712416355662611,0.6051151385615076,-1.0357458890816678,-1.3160312189511594,0.8839134569768611,3.930717952130883,1.9884779300535471,0.7962750195589993,0.8618297164091802,1.828884005823578,0.773661502638067,-0.20711139779498602,-0.7815622025959139,1.0460099439658226,1
-1.8969153204192981,0.6967630939767645,1.0038746524609323,-1.161438585374874,1,0,0,0,1,0,0.3499270366280375,-0.5832868109394319,0.57217589519622,-0.6137109874912857,0.10403287332930536,0.02570048446612543,0.06480958263367637,1.5945436343224644,-0.6734294238381636,-0.7170728192248508,-1.5557257305367707,-0.2739431017809166,1.2451091271704438,0.0693607877831273,0.8979584792094393,-0.7813323280782337,-0.4678355256686123,-0.8664009037699879,-0.8350596325743116,0.45457625868389784,-0.02081482039262596,-1.2890060875046487,0.13543694408985588,0.5048214182004245,1.1766477915879439,-0.45457625868389784,0.8350596325743108,0.15557632009722103,0.9949186171797318,0.3806392428960336,-0.10303740630643685,-0.277209791705203,0.4745944499349406,-0.10364063447689935,0.3291943810714265,0.051193013649631844,-0.08200549336504998,-1.2416975682086098,-0.21379536872138252,-0.11434528503927678,0.09305597698558829,0.47455723862252236,-1.277209135885205,-1.266679413303576,0.22417816752487937,1
0.08200488108800677,-1.9057812691408853,1.4383931084795292,1.0385308760612593,1,0,0,1,0,0,-0.6469689866984278,-0.014607118305763387,0.34189862968341117,-0.5778347089754458,1.196799609752582,0.43532899318024865,2.1263665117273884,0.7401371012947401,0.1054636558951689,1.1186514029194967,1.0319815130615038,1.5747386919480542,-0.37922858644696555,3.2420885978938143,1.6153961427188785,-0.5013753345658614,1.5459256976214977,1.007103206825583,1.90767708056873,0.2557448558590617,0.28269233059377313,0.6024069947011017,-0.648006209447835,0.021687582787779984,-0.35838624453908385,-0.2557448558590617,-1.9076770805687304,3.0840691809830236,1.5417059985633763,0.09081540066495114,-0.18609776662925942,0.4274663494443799,0.3845801819166189,0.4323198869208419,-0.3747723420151606,0.015758101167622184,0.4661753528205357,0.8638782389639541,0.7555463748702756,0.2714012881137425,0.26651790048019225,0.7679966491529243,0.2044646553166367,0.3616443390307492,0.47161139053935697,1
0.18480593051695732,0.3617821363477598,-1.8929150543297122,-1.6014324776621007,1,0,0,0,1,0,1.4099177449751652,-0.6966738662191511,2.1841167537858817,-0.7259690202666557,0.1799210614865203,0.025253291771022673,-0.20800342550546821,-0.4035451402993296,0.5428594461210675,0.7372411220412906,0.7197794643572535,-0.3514544382150283,-1.4725723881862611,-1.5145514878421615,-0.5814778984400459,0.3731430428929699,-1.8749812092989866,-1.7702739029197099,-0.6155407076067343,0.13114384342216406,-1.2240881747059087,-0.028633424307400495,-0.3671342764170332,-2.8551644644487633,-2.6640764659021148,-0.13114384342216406,0.6155407076067336,-1.4280380258709164,-0.5596729573423944,-0.06384395909064733,0.13691474573727128,-0.6307670251539549,-0.655084613695,1.166352774922097,1.7292180887829538,-0.4183195767369984,-1.3032691506898992,-0.5588081172337243,-1.6278939123139191,-1.5276688639864726,-2.2931031657206744,-1.3336639938350878,1.439192814651505,1.6837875567381073,-2.3120123683735136,0
1.5469198354505571,-0.6946962684821769,0.5693561964423357,0.5985369837740325,0,1,0,1,0,0,0.47611640666936217,-0.5989865570550853,0.9175917934654332,-0.6559524121954198,0.17965505867146778,0.04627134844085214,1.0131136716415368,-0.695441239674258,0.028246290420058037,0.9378632673358008,1.0682870841747518,0.2828868921199239,-1.1980578790366985,2.6114201687998877,1.2295475087358299,-0.2855632739784793,1.174948241157275,0.9747984905556527,0.2567889334467663,0.13114384342216406,1.2005410409007926,2.186248629174594,-0.3255771759917642,-0.10193420499186442,-0.43712453292143705,-0.13114384342216406,-0.25678893344676695,2.4713138812868096,1.1664597564373458,0.06352257247278678,-0.09565426316663046,0.3762615087380082,0.3845801819166189,-0.9541866793037505,-1.149926711256571,0.38782468222872474,1.333550109443298,2.3814103522414776,0.573082046664787,0.3038169665299626,0.24536400737109418,0.3318029307969218,0.5131466951503537,0.6399902796007193,0.6262571549234054,0
0.72451144001895,0.20717554051898904,-1.168717627632051,1.7718540298733036,0,1,0,1,0,0,0.4634974696652297,-0.5989865570550853,0.9687645191349462,-0.6588456604628262,0.20469105578316,0.04850731191636592,0.5963161907036201,-0.9354525877220403,0.7236203531271882,1.3195554591570693,2.270574144482826,0.6179824836119646,-1.8863328546056162,-0.08586172263177093,-1.1507275064032818,-0.05766655822932535,0.5200361298710419,1.0985807444597173,0.07195265285990604,0.7714926362755244,-0.9149842006948057,0.13116447926123023,-1.0471625938289904,-1.2669753702476791,-1.8793073158142708,-0.7714926362755244,-0.07195265285990675,-0.007559831120602114,-1.009968447893631,0.33645085439443295,0.2531992501892221,0.4616029099152932,0.9831750642384596,-0.709509049969999,-0.8177176958673952,0.6358690696027934,-0.859173275299045,0.12408133374116129,0.014285041535478216,-0.5292659687668935,-0.9561771212256767,-0.033013633646279864,0.6160407084282594,1.1827648637121608,-0.3944048900113141,1
0.2876069799459088,-1.5708003115118816,0.27967722576327125,-1.161438585374874,1,0,0,1,0,0,1.2080147529090457,-0.6838814804952853,0.6361418022831113,-0.6154469364517295,-0.22551810909751963,-0.05032227370134285,0.6412228555429879,-0.2461851684627119,-1.6666397619489246,0.06380960324311016,-0.6929584961133274,-0.3571899419589755,0.4592846875789835,-0.05465096688298271,-0.12932708063031173,-1.4221276373032403,-0.9559788208345534,-1.821949629940991,-1.5250276175565338,1.0253393444399002,-0.946242591904303,0.20833983940262493,0.8492512613234565,-1.0341348917198039,-0.8778992166577653,-1.0253393444399008,1.5250276175565338,-0.3417899945912644,-0.4846237089171882,-1.1646546961746211,-1.6073528210419945,-1.808478361400488,-0.6865896075014126,-0.5463906304141645,0.17890935030013266,-1.2864749325462383,-0.7759052986632599,0.5034643620605421,0.8809906005115491,1.234146937075479,0.6684418695530556,-0.28679906978068154,0.2044646553166367,0.848749735028197,0.904619530814692,0
0.030604356373531493,0.4133176682906843,1.4383931084795292,0.5985369837740325,1,0,0,1,0,0,0.33730809962390496,-0.5763091459991414,0.44424408102243734,-0.5917223006589967,0.04950727023213174,0.014073474393453808,-0.1265694270973888,0.5066855437773479,-0.2747891239101684,-0.3294723985150016,-1.363175567096175,-0.13023099696017043,1.3066807215528704,0.10630685670220233,0.4597661343347336,-1.3680781076168622,0.20203443385928574,-1.1072313208799018,0.2600885100232926,-0.43557216489828954,0.2822184280617492,-0.23485818973138958,-0.9991406233298707,0.6454298408169437,0.6911991203145407,0.43557216489828954,-0.2600885100232933,-0.11896988561082296,0.11577027848446049,-0.8007503202790929,-1.3101813096647865,-1.176951992688579,-0.5290646384693491,0.5954383064766764,0.5111183656893089,-1.2864749325462383,0.7229182807808735,0.27583454506891375,1.6655872117951496,0.7803274392483975,1.0238272737859035,2.5682870867313348,0.5337254978059351,0.3477270420022505,1.5850608941045057,0
-1.7170134839186342,0.23294330649045036,0.27967722576327125,0.3052077222492148,0,1,0,1,0,0,0.48873534367349464,-0.6001495012118003,3.821643975210299,-0.7618452987824955,0.8106729256289991,0.12721322625445072,-1.2429250075601808,-0.19669440414355246,0.9688969692614459,-0.7916648157183105,0.08856046452731776,1.4293236512272545,0.7588361162433975,-0.0816491555987587,1.1332591559310514,0.7347074634893974,-1.1885595219078218,0.008109331284200126,-0.9644821227574916,2.905988612453396,1.646734604930219,1.405243387175434,-0.5862044693318262,-0.10906718420149375,-0.10721575757395624,-2.9059886124533953,0.9644821227574908,0.006366425690675429,1.2227466927562505,0.37739009668268014,0.7183372679970265,0.15864093573593158,0.5421051509486824,-0.5260008279696852,-0.12561558047327853,0.527349650126638,1.1392581639597994,0.8828473903799233,-0.8432973010303187,-0.9830854665939747,-0.9561771212256767,-0.15990635171348128,-2.182676452730775,-1.545025353873546,-0.5799798072721716,1
0.13340540580248203,0.49062096620506923,-1.6032360836506476,0.3052077222492148,1,0,0,1,0,0,1.7380101070826095,-0.7146995006482346,0.6617281651178678,-0.6275985791748366,-0.36610906074714067,-0.064632439944631,0.37801236985309933,-1.2982658676371381,0.27613092624728663,0.4549446838489311,0.8423517314275946,0.12703327269443257,-0.37689566038060607,1.6906358613022359,-0.9362218595746422,0.8154302315893039,0.5593609956936108,0.7614951544840581,0.6912331826893887,-0.51229842186044094,1.1636280303363786,0.84402414017747,0.4419485163346774,-0.059948129051621786,-0.3516467004964889,0.51229842186044094,-0.6912331826893894,0.939425632046274,-1.1600669447440433,-1.3738997123145495,-0.8192022908676594,-0.5795621844475838,-1.348194477436079,-0.22015379130249568,-0.5408768497097485,-1.1004416420156866,1.2294651386485664,0.9587239960437993,0.4020217389721415,0.5793502330678334,0.5203646177893692,-0.4612765571230828,0.7189347217061651,0.5008173093157343,0.007674097387211866,1
0.4932090788038099,1.547099371035007,-0.4445202009343899,2.505177183685348,1,0,0,0,1,0,2.103959280202451,-0.7286548305288154,0.712900890787381,-0.6403288715514249,-0.43184303615351016,-0.06552682533483652,-0.0647404965712886,-1.2681845810451846,1.4446735263911403,-0.8529393695961935,-0.6431955104613993,-0.7501698690720134,0.5079712923060998,0.2792946522612797,0.12484392616937613,1.5803642431788452,-1.2824963728855265,-1.2566068755187718,-0.5252107151899512,-0.5022446364654003,0.3690911621517669,1.8656890414899803,-0.3868034527781685,-0.1194353884450157,-0.39064637054087303,0.5022446364654003,0.52521071518995055,0.1317027369921738,-0.03432821836595151,-0.4277483349861756,0.4082452561251572,-0.15285517856115927,-1.7892643907258567,0.758556726032511,1.1755363964676604,-0.4183195767369984,0.917210226264372,2.8556391376407038,1.990981930428273,1.4329630980282961,1.288956067419932,1.4685501968155947,1.8507688677631275,1.6837875567381073,1.5025831530996792,0
0.5189093411610479,-0.7719995663965628,0.27967722576327125,-1.6014324776621007,1,0,0,1,0,0,1.6118207370412847,-0.7071403636295867,0.5849690766135982,-0.6108177392238793,-0.36707925570161626,-0.07178752306627507,0.4695676733036874,0.8611080506643571,-0.47258378205706286,-0.3075876017728883,0.20474663952599736,-0.72143723014365,-0.868001323550104,-0.7974640354474091,-0.3994167394310366,-0.0954407907985901,-1.193110876135488,-0.8351099397280842,-0.5029586926677684,-0.48512602890087175,-1.4497619482602753,-1.5820247450616634,0.550129071244614,-0.7675373151266709,-1.0815029742316637,0.48512602890087175,0.5029586926677676,-0.7317251853070371,-0.3345252120667762,0.14540105704928116,0.07231224326396513,-0.40887938209301433,0.25856020669096863,0.35076067714292497,0.6772228733838963,0.015758101167622184,-1.3726591312197203,-1.5072656880321764,-0.21379536872138252,0.09311505682453199,-0.22002164102906344,-1.0957401474590864,1.439192814651505,1.266268645883152,-0.76555472453303,1
-0.5348014154856993,-2.1892266948269663,-0.15484123025532542,1.478524768348486,1,0,0,1,0,0,0.8042087687768065,-0.6548078765774086,0.5465895323614635,-0.6061885419960289,-0.12126786436098712,-0.035117722067849196,-1.660738058785857,-0.3263960887818369,1.0686849500561342,-0.8145978929373818,-0.6459180253731911,0.0020390361986661536,0.781581351401766,-1.2154826859402004,0.34403854990616783,-0.32182462993911143,-0.9861812203732829,-1.1484985234742913,-0.01835909107355938,0.020989325180847843,1.094800719392698,0.7926391419491227,-1.7843308443243002,0.122588783113036,-0.2815602036296782,-0.020989325180847843,0.01835909107355796,-1.17736540326792,0.19081952690966666,-0.3367722410122935,-0.44450777652248397,-0.7843815472730677,-0.34003467563087314,1.0032343553662626,1.1201682272361313,-0.790386157798101,1.8886699536818656,1.717490052682561,2.2950891441040855,0.7414286251489338,0.7530574419894479,3.2661970361009387,2.2623449208747504,2.5188253784480175,3.255235149452228,1
-0.9974061379159777,0.43908543426214564,-0.8790386569529866,-0.13478617003801185,0,1,0,1,0,0,0.24897554059497767,-0.5588649836484154,0.9431781563001896,-0.6576883611558636,0.3141605407008226,0.07846922248825047,-0.2373791571210056,-0.7248199026039533,0.9535172189000728,0.30580061552084636,0.6453971959340897,-0.7348599241284501,-1.0352298045593675,-0.4120370621133978,-0.7897370123140272,0.784092643419914,-0.06830636674827935,0.06647156810196816,0.03622492998512883,-1.0381887348318013,-0.08162108115295165,0.20369686102287862,-0.5155524922215694,-0.4808483269641961,-0.7741514150540858,1.0381887348318013,-0.036224929985129536,-0.3696425082138195,-0.7097714541928067,0.11810822885711679,0.5116092600824467,0.4616029099152932,-0.5290646384693491,-0.22015379130249568,-0.26403600355210183,0.015758101167622184,0.1770504339462815,0.5793409677244183,1.1090710107684099,0.6333763637615332,0.3863899614317484,0.834086606479591,1.439192814651505,0.9415317152181866,-0.2500688432528684,0
-1.8969153204192981,-0.514321906681944,1.0038746524609323,3.2385003374973924,1,0,0,1,0,0,0.1480240445619179,-0.5420022933760469,0.11162136417060241,-0.5355932842713117,-0.02839904572111322,-0.0029198480204508676,-2.368791103039515,-0.5487722785779373,-0.6414929583542468,-1.8917211367298272,-2.2770279325315146,-1.3277450469429524,1.176358671323499,0.3097171039140845,0.6788026627569042,-0.49370582316570194,-0.23979853600412157,-0.5487894932126005,-0.49837739391320257,-1.3166012534636966,3.6033273724910355,1.4332167806414384,0.3808156247381198,2.3178130885967003,2.4244617050166966,1.3166012534636966,0.4983773939132019,0.41641732068940435,0.8162299304530506,0.4658390769350661,0.12255863407653617,0.023517050538564028,0.4195857305904107,0.051710241290561454,0.32040578278070764,0.2086815135696748,3.8662843987817634,1.717490052682561,0.7555463748702756,0.8548834996057042,1.8530598836625478,0.8076506235489245,-0.41289942435079735,-0.9604988786766088,1.1675173302675748,0
0.23620645523143258,0.3617821363477598,-0.8790386569529866,-1.6014324776621007,1,0,0,0,1,0,-0.7353015457273552,0.6337342490628872,2.1841167537858817,-0.7259690202666557,2.222121940360395,1.0484301781661254,0.4079601853264065,-0.06772250605594045,-0.4680806100744983,1.9785219640028624,1.5293878867845963,0.6832430570077642,-1.7971582702840085,-0.09977875325382932,-0.5618637062367987,-0.22106207585452445,0.32153517587963576,0.874544743679605,0.6912331826893887,0.24630538521990228,-0.6669763231424262,-0.4699114617468166,0.4177358076766266,-2.354026753379146,-1.1344564301868902,-0.24630538521990228,-0.6912331826893894,-0.20252742647848845,-0.6347222057676005,-0.4277483349861756,-0.4703487775118068,-0.32353798091572933,0.4475901695294441,-0.38327221085833024,-0.7069813574043363,-0.046252995675895824,-0.933189254530854,-0.9381911455531051,-1.8407689618869894,-1.3980061503215924,-2.0392564484114977,-1.0693041645284194,0.06727263761276221,0.1992758736982665,-2.105818015861449,1
-0.6119022025574117,-0.6946962684821769,-0.4445202009343899,0.5985369837740325,1,0,0,1,0,0,0.13540510755778543,-0.5414208212976894,0.9175917934654332,-0.6559524121954198,0.3775236122318251,0.09054342525602485,-1.2907273586368369,-1.8446713852057743,1.4399635245737339,-1.0315430242115693,-0.31564786888032864,-0.6572895364143906,0.3458677444823135,-0.71737928045959,-0.5574990390816739,1.7375175860656082,-1.383280896984883,-0.6182680465396503,-0.6711839829354725,-0.23079243079930178,1.0779908875591862,1.9733790685554147,-0.2224407687171935,0.021910417515785662,-0.19326072263168376,0.2307924307993025,0.6711839829354719,-0.8431352397972577,-0.7848207026180125,-1.028190555213798,-0.09565426316663046,-0.6307670251539549,-1.6002344278873806,-0.05703537174666111,0.2896456887631914,-0.6663639641110671,1.163930157037069,2.096873081001942,0.4501720478041448,0.25879519095187925,0.2547657376418047,0.30536694786625534,0.5245793632923436,0.44669448753824004,0.4372456651206797,0
0.5189093411610479,0.7225308599482267,-1.6032360836506476,-1.161438585374874,0,1,0,0,1,0,0.7789708947685415,-0.6536449324206935,0.4570372624398156,-0.5934582496194406,-0.15434444244007745,-0.04406157596990429,0.07358215731594658,0.7752578256976917,-1.3562464483672747,0.4820688595170575,-0.27926423194203964,0.08826958706146124,0.14657564680707438,0.1361095402507305,-0.04808002969077426,-1.8453861990877534,1.1079376165834447,0.6584942044253431,0.7646392799752116,-0.6379707392984506,0.033681267952600895,-1.1122312139322257,-4.008322735623763e-4,0.44736804632182453,1.0059486038839538,0.6379707392984506,-0.7646392799752123,0.1317027369921738,-0.03432821836595151,0.04532735367801011,-0.9225662948249498,-0.4942207832702994,1.6447799341731264,-0.30171300108041293,-0.6516131881728072,0.07776919801113909,0.05677446769459199,-1.0140677512169813,0.14201007127932075,0.11904759955750843,0.2961333508329291,0.7600658542737248,-0.4540570296619595,-0.7656567202776299,0.2860364732784985,0
-1.5628119097752085,-0.07626988516709207,-1.168717627632051,-0.4281154315628296,1,0,0,1,0,0,0.6401625877230843,-0.6210824960326716,-0.15703544559434116,-0.4349082445655675,-0.508194399321073,-0.1415495835023048,-1.476803625319916,-0.1510829510357079,1.6458461142695036,-1.2859491473558984,-0.6680590919713785,-0.7435937398283835,0.42472327098130747,-0.9838222062616939,0.1260970422869054,0.9989034293817936,-0.9246485801180805,-0.8340487526263802,-1.3475953222069719,0.3223554599919946,1.0705078339203398,0.3336873405559734,-1.2461251617284037,0.8203686315528177,0.054223265879276276,-0.3223554599919946,1.3475953222069719,-0.9266927806649233,0.11577027848446049,0.00893691608845806,0.5245297605771081,0.10316902497069583,-0.9701345517591269,-0.5463906304141645,0.06817301183707392,0.015758101167622184,0.6396503041450882,-0.02767187758659086,-0.9071598159022387,-1.333174793489152,-0.9900233502002335,-0.09645999267988113,-0.9479482933959068,-0.9326642846196119,-1.0129879475475077,0
0.5189093411610479,-0.6689285025107157,0.5693561964423357,-1.6014324776621007,1,0,0,1,0,0,-0.6848257977108253,0.22961115460440099,0.9815577005523245,-0.66058160942327,1.6244573095884214,0.6870984805230995,0.0277258818282043,-0.8250744320188698,1.945483625684041,0.6368240920548899,1.387438560070681,1.659066698904991,-0.9425189365150819,-0.5936993727223394,-0.7179016738869222,0.9582056711663711,0.6329505423983469,0.789544703428681,0.9454154897089528,1.3251175296469961,-0.6317709314827503,0.41326241400642705,-1.696636999877788,-0.23268534084293227,-1.0329013487431637,-1.3251175296469961,-0.9454154897089535,-0.3139374809687093,-0.3345252120667762,1.4190663726836301,1.790738809053908,2.0318846915773383,0.25856020669096863,0.2692014673650073,-0.1532996650890431,1.6280466190990672,-0.44283339212011924,0.7310941790521709,0.9174834661526473,-0.2051091846046925,-0.2792525417345383,1.3945294446097283,0.12214944469431245,0.9600881112561845,0.904619530814692,1
0.33900750466038404,0.4133176682906843,-0.4445202009343899,0.5985369837740325,1,0,0,1,0,0,0.1858808555743153,-0.5536317349431976,0.44424408102243734,-0.5917223006589967,0.14044848234834603,0.03151398950246124,-0.264118129391429,0.777029286666783,-0.04485525079994125,-0.5819029468011554,-0.9749887414816494,-1.4961611123221346,0.5304936148925187,-0.03406615773115833,0.8159933931965476,-1.054363973489717,-0.2978436053515576,-0.4664812714887828,-1.6929968571541203,-0.36149164093482894,0.3332241848512411,-0.24905281315739863,-0.9982154803798764,0.4907767192708741,0.8121049465440344,0.36149164093482966,1.6929968571541196,-0.14682239923337803,0.5660657690356972,-0.43684594438356456,-0.8838047933409655,-0.9379960693921812,0.3530751881102058,-0.5463906304141645,0.2896456887631914,0.139780294854656,0.7229182807808735,0.19995793940503753,1.464876450769113,0.6247321828505417,0.8038267854512828,2.6634566252817358,0.28677986593896093,0.1250502895462747,1.3994859768436472,0
-0.3291993166277972,-1.8284779712265005,-2.617112481027373,1.478524768348486,0,1,0,1,0,0,3.3658529806156983,-0.7612172669168373,0.06044863850108935,-0.510132699518135,-1.0194358885518124,-0.19118797265871057,0.3747420126469797,0.21836636861007913,-0.9536435750642042,2.0135263712447977,1.0897633653779177,3.645933093933565,1.3518274614759689,1.1743290819497325,1.0690669207278654,-1.2100804470885287,2.9751281840697015,1.4102440577950477,4.948786825267084,0.06447137185505257,0.6522878911690032,0.7712530786806812,0.08764856475111114,0.22994195371732035,-0.03991690650052635,-0.06447137185505188,-4.948786825267085,0.0759977097470634,-0.18442671521636386,-2.5565889339750165,-2.5763903581415866,-1.7402052404586603,-1.5057194464681423,1.4110304042558486,-0.5408768497097485,-2.9607745473212006,1.194770148383656,1.4898602356909325,1.820681890769815,1.5972025353371444,1.6161362808406496,0.9186817518577256,0.28677986593896093,0.3477270420022505,1.5232025883508855,0
0.31330724230314594,-1.7254069073406524,-0.8790386569529866,0.3052077222492148,1,0,0,0,1,0,-0.09173575851659908,-0.44722234460376886,0.48262362527457214,-0.5946155489264031,0.3681460558496468,0.11558621618177911,-0.4800362832349049,-1.618062450651981,-0.23081916251049328,0.020778201677339424,-0.3549213535990882,-0.1105328584551653,0.619826953081259,-0.7167021386999877,-0.7981719209177466,0.2953675799652519,-0.9445761215440348,-0.43373984723812353,-0.7099870034754222,0.5534028300138731,-0.04861819512840204,1.4212503845476472,0.6123534603638189,-0.9646955229327538,0.037952602077722,-0.5534028300138731,0.7099870034754215,-0.7595776989295921,-0.8598699510432187,-0.50962681956267,-0.28946177058654887,-0.6307670251539549,-0.34003467563087314,0.10608304780917345,0.5111183656893089,-0.046252995675895824,-0.007989514133240944,1.4224143639897089,0.19674936974096682,0.48930668191166665,0.04792767168617923,0.37586290234803327,-0.39003408806681844,-0.17185204706169332,0.23105131260861483,1
0.8273124894479005,1.0059762856343069,-1.8929150543297122,0.5985369837740325,1,0,0,0,1,0,2.2806243982603056,-0.7356324954691058,-0.016310450003180245,-0.48756536303236475,-0.8800504556166415,-0.1889520091831968,-1.4828884722079652,0.5158232424500616,-0.8038810077400872,-1.631172389765533,-1.63166399369606,-0.08424798564889745,1.6132781738383977,-1.1670629671773858,-0.1349665818131736,-1.2567830430181717,-1.4569925840160975,-1.4524030442677753,-0.49529816032406576,0.3763264807979944,0.895876952392836,-0.843190147144298,-0.16401348678477054,0.7588797584474508,0.7032542187105255,-0.3763264807979944,0.4952981603240644,-1.1176814455053017,-0.18442671521636386,-0.1782139058006714,-0.7859781467385311,-1.2525400908741744,0.5646087179532634,0.5954383064766764,0.96197345800319,-0.39174339237549116,1.194770148383656,-0.5588081172337243,1.0360852794862145,0.7803274392483975,1.0745966172477384,1.0455744699249259,-0.5363722402842841,-0.4316415915936655,1.275769365336409,0
1.5469198354505571,-0.5916252045963298,2.452269505856255,-0.13478617003801185,0,1,0,1,0,0,0.7158762097478791,-0.6460857954020456,-0.7199354279589849,0.2571567409980537,-1.6005713309129035,-0.6956213327346178,0.4535571574939098,0.9517590823931856,0.28824825343647525,-0.5025207915039375,-0.49301512255211727,0.2039915170181702,0.8666667155632897,0.44987768474307943,1.5793007902473069,-0.22059457767484245,0.13409477101801234,-0.018401619427136293,0.5516412599819246,-0.26889098598050765,-0.18116978645245646,0.27578965259203225,-0.6157212953245583,0.8118392489045176,0.622978205423081,0.26889098598050765,-0.5516412599819253,0.8319945080735611,2.174263949575828,1.3683796917553237,1.0228919225140407,1.039486112172909,1.0596871920540336,1.1780040906046567,0.96197345800319,1.114240388109925,-0.16527347000083534,0.27583454506891375,0.05990112358685037,-0.2699405414371327,0.05920974801103089,0.6331731362065233,-0.5363722402842841,-0.7099875321636356,0.16231986177126023,0
-0.04649643069818187,0.5163887321765315,0.5693561964423357,0.3052077222492148,1,0,0,1,0,0,-0.05387894750420167,-0.45943325824927705,1.6212167714212378,-0.7010870851669603,0.7396124270307566,0.18847862548352812,1.4028222615941273,-0.1930120203885864,-0.7478156737246827,1.3716708954370194,0.48232770087936827,0.9284133997847251,0.10432063314875571,1.2267447464643761,-0.4128092478481427,-1.136195519944751,0.7638695309550607,-0.2338847163419675,0.8018189915875111,0.471010832630124,-0.7249096068520194,-0.14862818706040234,-0.11947784531124027,-1.0955989358549212,-0.8553925371493645,-0.471010832630124,-0.8018189915875119,1.106540713781605,-0.40957446049198204,-0.082039177885424,-0.6512357844370638,-0.34060626115118536,0.2270552128845555,0.758556726032511,0.40038202722625016,-0.6663639641110671,-0.6648813298155464,-0.1035484832504671,0.12376363845877164,0.04124997135858002,-0.39771434314548676,0.15732544345452057,0.36909507656128593,0.6817421706862145,0.038603250264021984,1
-0.3034990542705592,-0.514321906681944,-1.6032360836506476,3.2385003374973924,1,0,0,1,0,0,-0.7100636717190902,0.2586847585222777,0.11162136417060241,-0.5355932842713117,1.3237836867511297,0.6128644931360422,-2.4051496226673317,-1.7781390370791303,-1.2069798947727866,-1.0305185779016197,-1.2048695060577255,0.01207981402726679,0.3312739280216539,0.10058861823272854,-0.9610125175728869,-1.2372027621159933,0.9812743968007527,0.9738653929115707,1.5099934985697145,-1.4811177417461794,3.4449260602909884,1.4778303881126698,0.40671248967317936,2.3651790097420466,2.517179376181373,1.4811177417461794,-1.5099934985697152,0.1317027369921738,-0.8598699510432187,0.17269388524144552,-0.5091102789957901,-0.11871861809024475,1.550264952753888,-0.38327221085833024,-0.983822203561983,0.015758101167622184,3.476929508031101,1.5910290432427672,0.41976132643656383,0.5757484910215867,1.5710079755412405,0.5873507657933682,-0.5729567783386508,-1.161526502421587,0.8496343701448084,1
-0.6890029896291251,0.23294330649045036,0.5693561964423357,-0.8681093238500562,1,0,0,1,0,0,0.9177792018139987,-0.661785541517699,-0.7583149722111197,0.6332790157608913,-1.8907025834464146,-0.9983707873191826,0.7807825431897902,1.9750114414002586,-0.0945466140603068,-0.19822586938048958,-0.9080812265561549,-0.4160279306337917,0.5609383761383155,0.9831310623853314,2.079610577000756,-0.2330478180481751,0.010943659536903178,-0.24076144963941815,0.07500831336893375,-0.6418048099999468,-0.10336415900441946,-0.6274569614795682,-0.10494219334176186,0.27864190653069365,0.9454933735181772,0.6418048099999468,-0.07500831336893446,1.050835686536495,2.142099985965025,0.3728412919839863,0.188596747715916,0.18851042614798086,0.2270552128845555,0.35076067714292497,0.34501385799472056,0.38782468222872474,-0.22078545442469194,-0.7105613285614767,-0.48749186102961545,-0.46443461193445323,-0.33002188519637315,0.41111087958892223,-0.28942660841731066,-0.5986491559356475,-0.023255055489598248,0
0.5189093411610479,0.4133176682906843,0.5693561964423357,0.5985369837740325,1,0,0,1,0,0,-0.6848257977108253,0.22961115460440099,0.44424408102243734,-0.5917223006589967,1.3974566944978608,0.6338825498058717,-0.6508066273362806,-0.5665519121193493,1.4878048090288478,0.11321331869402125,0.03547966866628464,0.4752709731348945,-0.1695971624353995,-0.5212887940472718,-0.8340704722578685,0.9770466874296361,0.8251693918177341,1.074425998969789,0.7646392799752116,-0.11014700605881247,0.38409683684744306,-0.05794320978151541,-1.0520413208551216,0.6652799541188313,1.0028425610245872,0.11014700605881318,-0.7646392799752123,-0.3139374809687093,-0.5596729573423944,0.9823811216089964,1.4031237942140713,1.7417239275745686,0.1010352376589052,-0.30171300108041293,-0.6516131881728072,1.3179911348814817,0.7229182807808735,0.35171115073279,1.2732889061533492,0.4432043837197094,0.7022880985276131,2.631733445764935,-0.28942660841731066,-0.3759724034796717,1.3376276710900281,0
1.0072143259485644,0.3102466044048362,0.5693561964423357,-0.8681093238500562,0,1,0,1,0,0,-0.00340319948767178,-0.49257716671565654,-0.10586271992482811,-0.44243069006082425,-0.08510423267625664,-0.03690649284826022,1.3045294153308402,-0.049170093475942665,-0.37852604687694397,1.2164434661009893,0.8993398483923581,-0.04685745999790339,-1.251163888520609,1.1428522498518505,-0.9876591606619101,0.015152004387396029,1.0262194102720297,0.9866044211754573,-0.4914206069155262,0.42347698798565403,-0.6720554055498426,-0.9219277692464105,0.5326840899340181,-0.6257550438086168,-0.20595865863814425,-0.42347698798565403,0.49142060691552547,1.4686233908748227,-0.7097714541928067,1.0369667779933252,0.8863037744276221,1.3150169216881435,0.9201650766256344,-0.9541866793037505,-0.8730858650989243,1.2559800380379649,-0.6926373220274746,-0.9381911455531051,-0.350643614875499,-0.03654765684034838,-0.2792525417345383,-0.44541496736468245,0.2044646553166367,0.45906541823023866,0.16231986177126023,0
-0.5862019402001745,0.1298722426046032,-0.15484123025532542,-1.6014324776621007,1,0,0,1,0,0,-0.6974447347149578,0.25577739813049005,1.7491485855950204,-0.708609530662217,1.9110172521236206,0.744339145496252,-1.1598349350548884,0.8669725968723924,-0.7701377041187888,0.3472213470943405,0.18497576419972375,-0.32184953801931254,-0.5803993508794586,-0.028868168655722906,0.32053159064875775,-0.6073201872474241,1.0844814647718348,0.814932110974758,0.05260013630273529,-0.4911325578708816,1.5839339767290626,-0.8688455863109202,0.4425058228481143,0.6062796173525065,0.5551450398755428,0.4911325578708816,-0.052600136302735995,0.04814519612450831,0.41596727218528484,0.33645085439443295,-0.04397226118798574,0.39332978897346543,0.8256500952063961,-0.46483142063624716,-0.5408768497097485,0.5738579727592754,0.7506742729928018,-1.1658209625447336,-1.600524263083096,-1.1775795370912954,-0.9054077777638412,-1.397110352868688,-0.4540570296619595,-0.7099875321636356,-1.4459960878228426,1
-0.5348014154856993,-0.05050211919562982,-0.15484123025532542,0.5985369837740325,1,0,0,1,0,0,0.8042087687768065,-0.6548078765774086,-0.06748317567269331,-0.4545823327839313,-0.4986884268039899,-0.15228220818477092,-1.519588845317589,0.1651155902265665,0.9978156782735542,-0.9995448779694909,-0.2736092830469171,-0.33324406302316856,0.3399134611230012,-0.8926153056375529,0.021473480177199824,0.07006404521566081,-0.43051609272404934,-0.3337905158206629,-0.05671543019588151,-0.39825548305102343,1.221134584280351,-0.20511466835635359,-1.293639850732065,0.9234282568643839,0.02982399659308309,0.39825548305102343,0.056715430195880795,-0.9266927806649233,-0.18442671521636386,-0.6097005229339397,-0.4832692780064673,-0.6136987449184976,-0.49755964466293656,0.18764225758709038,0.2342775195316623,-0.8523972546416179,0.9449662184763004,-0.3311783002420958,-0.4509989953885172,-1.0090180093269512,-0.6346379459673855,0.2207718024881207,0.03983423407198747,-0.15329565102369538,-0.8274130302866491,0
0.72451144001895,0.23294330649045036,-1.168717627632051,-0.8681093238500562,0,1,0,1,0,0,0.4634974696652297,-0.5989865570550853,-0.7583149722111197,0.6332790157608913,-1.6933873331562734,-0.9500739762480851,0.30975931764508113,-0.06712498785624732,-0.021607469555440042,0.4746821312547905,0.33716839649687824,0.9719394464867147,-0.1765965759404002,0.4378628274183987,-0.9079592912424903,-0.02989322562324098,0.8920344010447622,1.4188566789652592,1.98370482418619,-0.6418048099999468,0.006779506412805529,-0.8174425336519608,-5.016741228656006e-4,0.24326110693344924,0.9469019603716057,0.6418048099999468,-1.9837048241861908,0.38237535959517033,-0.8598699510432187,-0.06384395909064733,-0.06981326217730856,0.2909201075607231,0.6681251261743327,0.02452383803125581,-0.762349526635866,-0.046252995675895824,-0.19302946221276363,-0.9381911455531051,-0.7611883533378483,-0.6459624110652865,-0.5161761445564365,0.12560226393772106,-0.28942660841731066,-0.5986491559356475,-0.20882997275045564,0
-0.3034990542705592,-0.05050211919562982,-1.6032360836506476,0.5985369837740325,1,0,0,1,0,0,-0.7100636717190902,0.2586847585222777,-0.06748317567269331,-0.4545823327839313,1.1897591452346847,0.5502575158216566,-0.8090652626055096,-0.656347310523121,-0.3349672074002673,-0.21335119420024554,0.4443803976983331,0.7033470251154759,-0.12978991445062057,0.30922150006510496,-0.914253149182072,-1.4299139478374425,1.0460788348291081,1.0529068722924158,1.2994551316290601,-0.3295023237687909,1.433995421904423,-0.015021452965437006,-0.979014223217161,1.3254975650380099,0.4502423481328823,0.32950232376879157,-1.2994551316290608,0.27096530510494976,-0.8598699510432187,-0.03655113089848297,-0.7675202888890147,-0.3576745413866426,1.5817699465603012,-0.22015379130249568,-0.762349526635866,-0.17027518936292965,1.1115021717478706,-0.17942508891434333,-0.49661507743988936,-0.892321567028559,-0.38079122865820925,0.030432725387320277,-0.6186874509066087,-0.8213259083916238,-0.7036964187794109,1
0.23620645523143258,0.4133176682906843,-0.8790386569529866,0.5985369837740325,1,0,0,1,0,0,-0.7353015457273552,0.6337342490628872,0.44424408102243734,-0.5917223006589967,1.6643651133093567,0.9446814729022862,-0.3279121765741047,-0.4543857349647275,0.7034008939357947,-0.2992788543876369,-0.02718902707913607,0.7416992104286473,0.4285438024405372,-0.027885521173377545,-0.8082792682963414,-0.14295763859420021,0.046746982550392925,0.6763681233527936,0.6912331826893887,0.3260326064644921,0.4281069796023598,-0.1860577460842737,-1.1052312260847286,0.4506599321029095,0.69568889489242,-0.3260326064644921,-0.6912331826893894,-0.3139374809687093,-1.009968447893631,-1.1373618679824566,-1.0259302987822392,-0.9550643496276378,-0.18250970659880966,-0.38327221085833024,-0.7069813574043363,-0.8523972546416179,0.8339422496285867,0.27583454506891375,1.4831228835896608,0.5728670973845897,0.7361343275021692,2.6951798047985354,-0.37174181903963527,-0.26463402725168356,1.646919199858125,1
-0.5862019402001745,-0.30817977891024867,-0.15484123025532542,-1.6014324776621007,1,0,0,1,0,0,-0.6974447347149578,0.25577739813049005,-0.7327286093763631,0.26004998926546014,-0.07404049060598678,-0.004261426105759132,-0.5429629782762244,0.7315494705750486,0.6815455651445772,-0.27592375272582725,-0.37728888092664065,-0.8937524963543679,0.04037896224092423,-0.14368035032907578,0.041490772569963065,-0.6679965828202568,1.1079376165834447,0.949631870355515,0.13286549185952784,-1.3507461849940225,0.6114395253625858,-0.9625100614193075,-1.6029677638537192,1.471367163856445,1.4176247138477922,1.3507461849940225,-0.13286549185952856,0.02029268250195297,0.26586877533487285,0.7003552302899613,0.21443774870523882,0.6664222727407777,1.2982250023025865,-0.38327221085833024,-0.4855086804782194,0.8839134569768611,0.5008703430854462,-0.9381911455531051,-0.17730250308028428,-0.9571529238609991,-0.39771434314548676,1.7117612397777302,-0.37174181903963527,-0.9326642846196119,-0.1469716669968365,0
-0.3034990542705592,0.23294330649045036,-1.6032360836506476,-0.8681093238500562,1,0,0,1,0,0,-0.7100636717190902,0.2586847585222777,-0.7583149722111197,0.6332790157608913,-0.1581902790310473,-0.2904647509715221,0.4216733427748943,0.15951896112879102,-1.4092854261384102,0.5678441441143608,0.24409431208745747,0.10292536963864625,-0.4556281446844476,0.6710508111207611,-0.8107633127780697,-1.7027184813791811,1.4658988898823628,1.4456138929035267,1.3338827891162104,-1.1825507815298193,0.08415901592556498,-1.0311496688544757,0.21547252463072344,0.686439441649079,1.0940260400385446,1.1825507815298193,-1.333882789116211,0.577342954953057,-0.7848207026180125,-0.12752722487236504,-0.9742482968035945,-0.42594766232847037,1.865314890818015,-0.38327221085833024,-0.9284540343304539,-0.23228628620644656,-0.38732140769626244,-1.317574173872486,-1.7647421584680356,-1.4109724216880806,-1.1084851516111824,-0.9847090191502859,-0.37174181903963527,-0.8769950965056176,-1.3841377820692236,0
-1.074506924987691,-1.3131226517972627,-0.4445202009343899,-0.8681093238500562,0,1,0,1,0,0,0.22373766658671274,-0.5571205674133428,-0.630383158037337,-0.05820732014924861,-1.0253397591341906,-0.38348083155289503,0.7808711224968815,-0.4479288710073755,-1.1414661403637034,1.5041071607910146,0.5421498104069451,2.003107542770608,0.7158471645554811,0.22760282423649283,0.2984073937006071,-0.6482881595966001,0.013365633240081243,-0.8824573306733414,1.1725218553286059,1.56910687884258,-0.8584022441278246,0.9137344090403989,0.9089553734964329,-2.01869860419709,-1.5663691328588971,-1.5691068788425793,-1.1725218553286068,0.6609004958207222,0.8662627627365218,1.6374089982209463,0.9767472778902511,0.9395147565080901,0.8256500952063961,3.1237738095921097,2.5043724580243647,0.9459245538203791,-0.9424412519348303,0.4275877563966659,-0.9527758979536108,-0.39960325510201306,-1.1254082660984612,-1.3336639938350878,-0.5363722402842841,0.23638866577426285,-1.0748462533011267,0
-0.6376024649146498,1.7532414988067013,-1.8929150543297122,-1.161438585374874,1,0,0,1,0,0,0.3877838476404349,-0.5902644758797223,4.269405324818538,-0.7682104449707897,0.9229601747828117,0.13973462171732787,-0.09963382556290404,2.1390825913030165,-1.8640837979198386,0.9787109206446764,0.3595658370478402,-0.06544360715161221,-0.8748155070361887,-1.4230343787865603,1.6327253406770224,-1.1614473304875623,-1.1086687296136895,-1.2662446442884654,-1.043325708731153,0.9455004604204603,-1.2833359243794498,-1.3003295832987432,1.38112244134686,-2.4215122468332395,-1.7036946388715413,-0.9455004604204603,1.0433257087311523,-1.3444804850032512,1.4666567501381707,-0.082039177885424,-0.6641562849317252,-1.0233374705694662,0.5106001571422693,0.02452383803125581,0.6218547041523672,-0.29429738304996345,-1.2570091636700185,-1.317574173872486,-0.6091347464999407,0.13633596137949242,-0.8546384343020056,-1.2807920279737544,0.6160407084282594,1.3126596359781475,-0.8686519007890618,1
-0.38059984134227254,0.5679242641194551,-0.8790386569529866,1.0385308760612593,0,1,0,1,0,0,0.526592154685892,-0.6088715823871633,0.34189862968341117,-0.5801493075893709,-0.10269283663754095,-0.019913170434355545,0.028449874681513075,-1.6680053826958416,0.5969458331513109,-0.9074057140523955,-1.011469209904967,-0.21205365605562235,1.1100237320769428,-0.5895347113626093,-0.310192111758136,0.4035536841822991,-1.6392849205952442,-1.69508890306942,0.12355936367902995,-0.41176056791003435,-0.6286163806092819,1.9786460866151794,-0.41051241768735675,-0.39964028739886187,-0.3399648810059819,0.41176056791003435,-0.12355936367903066,-0.6976832242128028,-0.5179789304395023,-0.7876093289273097,-0.4803980556743208,-1.05747403104038,-1.2256750570778072,1.5922730926512203,1.6738499195514247,-0.8937379858706291,-0.6093693453916895,1.793366658346437,-0.08607033897753999,-0.2829068128036209,-0.4146374576327655,0.2524949820049213,0.9453015509175579,0.793080546914203,-0.20882997275045564,0
-1.305809286202831,-1.3131226517972627,-1.6032360836506476,-0.8681093238500562,1,0,0,1,0,0,0.19849979257844777,-0.5559576232566278,0.047655457083711085,-0.5031889036763596,-0.10611780355969931,-0.038695263628671234,-0.8275416980797388,0.16151081583967475,0.20850348898892296,-1.2838408847094653,-0.735935806890613,0.12302233395921781,0.6885947215339759,-1.0474622670416027,1.08623461153802,-0.8409646621101243,-0.8556960979247913,-1.3125059343829921,-0.1227108960387,0.28949096339405445,0.10410492042184592,0.866487324935308,-1.130119637453923,0.8858926057524932,-0.32465399424931474,-0.28949096339405445,0.1227108960386993,-1.00328719312695,0.9413120111617277,-0.13435043192040644,-0.54141153023244315,-0.8227851778028462,-0.009232240663539667,0.697387318699073,0.8433273810784847,-0.6353584156893081,0.22331042096616224,1.0346006017076752,0.5251851605108457,-0.17917664187171697,0.17767154942198057,0.47455723862252236,0.36909507656128593,0.5704037944582268,0.40975308478573785,1
1.1614159000919912,0.7740663918911503,0.27967722576327125,0.5985369837740325,1,0,0,1,0,0,0.40040278464456736,-0.5902644758797223,1.1606622403956202,-0.6756265004137836,0.30311133243444605,0.06818379050088712,-1.3512293861021103,-2.1747181855900455,0.7143679820154207,-1.2138645876791516,-0.6207066623681268,-0.3487606391880554,0.4793150234471183,-0.7599655326774882,-0.3844049333546326,-0.5352547643844967,-0.3170236059718558,-0.7251313676646627,-0.7279513648365089,0.24630538521990228,1.119568748094676,2.5997805352140775,-1.5144443813178656,1.3254975650380099,0.09899941563039251,-0.24630538521990228,0.7279513648365081,-0.7874302125521474,-0.4846237089171882,-0.44594355378095224,-0.6383152839424023,-0.71610842633123994,-0.30852968182446,-0.22015379130249568,0.12354118106860354,-0.6663639641110671,0.9727222106882286,2.3245028979935705,-0.14993285384946126,-0.892321567028559,-0.38079122865820925,0.47455723862252236,-0.28942660841731066,-0.2089648391376897,-0.1469716669968365,1
-0.2006980048416086,-0.8235350983394863,-1.8929150543297122,0.5985369837740325,1,0,0,0,1,0,-0.34411449859924853,-0.28208427435022915,1.1094895147261072,-0.670418653532452,0.8927719184050648,0.3011711846494223,-0.7089043496943533,-1.4488287154423014,-0.621787248332062,-0.17322004960079201,-0.1799723512849375,-0.8928933336974596,-0.27727416303958297,-0.4735646541855737,-0.8398255671007779,-1.045484080355343,-0.18986171209552904,-0.579910382347569,-0.8434663861467556,-0.38126032008238236,0.5125685322751358,1.1472440635676715,-0.20060667619072461,0.04574548810463087,-0.33219674697505935,0.38126032008238236,0.843466386146755,-0.2582324537235989,-0.5596729573423944,1.0096739498011607,0.24027874969456073,0.15437386567706757,1.2982250023025865,0.35076067714292497,0.8986955503100138,0.8839134569768611,0.6951622885689447,1.413983630027056,0.7350191379471587,0.5080357405521495,0.49921072468027106,0.31594134103852145,1.1922471827845313,1.0714264874841732,0.47161139053935697,1
-2.3852203052068153,-0.23087648099586283,-0.15484123025532542,-1.6014324776621007,1,0,0,1,0,0,0.36254597363216995,-0.5861941713312195,0.3035190854312764,-0.5651044165988575,-0.039617338342055636,-0.014099665398019734,0.14432412887501672,-0.8800958728161871,0.8295890065555667,0.7907208923523079,1.1998534385461386,0.6898002652436129,-0.6944733831514867,-1.0212370628864695,0.8601393627552322,-0.9593269685327397,-0.8427726575507843,-1.074671259404093,-0.2548898489945435,1.1936019387174324,-1.221094254806439,2.069627936930376,-2.0981070495929415,-1.9038918532400504,-2.6090755511096337,-1.1936019387174324,0.25488984899454276,-0.9916819791175521,0.6911478497443743,-0.23669853764102378,-0.6813836189246067,-0.9436854961373332,0.2270552128845555,0.8673023390697335,1.1201682272361313,-0.2736270174354578,-1.1182292026103766,2.096873081001942,0.2879815338437111,-0.8793552956620708,-1.4751526321688826,0.728342674756924,0.8904247438360077,1.8693515171180877,-0.45626319576493324,0
1.4184185236643685,-1.2615871198543382,1.0038746524609323,0.5985369837740325,1,0,0,1,0,0,-0.596493238681898,-0.0843837677086675,0.5337963509440852,-0.6050312426890664,1.1386502506679492,0.4026839264377476,0.31542911168259474,-1.5335002031941203,1.4844142822015067,0.7864152252760079,1.1949399115554649,1.5181591342331222,-0.2680589861957927,1.1989051125587438,-1.2161943688538133,2.0955483840691334,0.6536021543194358,0.9426508302327791,1.8608907768041416,0.22497917377587734,0.7593200040100673,0.8864203343581621,0.07657998013145681,-0.41429552614076726,-0.6331653447317026,-0.22497917377587734,-1.8608907768041423,2.0813786905710367,-0.7097714541928067,2.419803406396333,3.48332437385453,3.7216444348875815,-0.37153966943728567,2.145063292257104,1.1755363964676604,2.1241353938472036,1.194770148383656,1.464568033802974,1.4587943064955946,1.2816899320859352,1.0069041592986248,0.5697267771729232,0.8904247438360077,1.127095675598167,1.1932916243315823,0
-1.305809286202831,-0.6431607365392533,-0.8790386569529866,-1.8947617391869185,1,0,0,1,0,0,-0.6091121756860305,-0.06112488457436613,0.38027817393554597,-0.5847785048172213,1.097462057958468,0.40491988991326133,0.2653404588429509,-0.6498510626343293,1.7586454701594851,-0.471587707469625,0.060186558344589414,0.22521168722847448,0.3371904750217213,-0.9749201621013014,1.106242999388703,0.9660267911293167,-1.669727287040387,-1.3212527295649805,-1.0228468552315015,1.3216089381505973,-1.3430911059618085,2.000150929800298,-1.4333635108636331,-1.018588427116651,-1.368191602985741,-1.3216089381505973,1.0228468552315009,-1.0659553487776992,0.491016520610491,-1.1464594773798444,-0.5478717804797735,-1.1257471519822078,-1.5057194464681423,-0.13859458152457876,0.40038202722625016,-1.2864749325462383,-1.2477571662660425,1.9451198696741894,0.14201007127932075,-0.6329961396987983,-0.9561771212256767,0.728342674756924,-0.04248097655033679,0.7374113588002092,-0.08511336124321738,1
-0.8689048261297889,0.5679242641194551,-0.4445202009343899,1.0385308760612593,1,0,0,1,0,0,-0.5081606796529707,-0.17160457946229762,0.34189862968341117,-0.5801493075893709,0.8347166706183602,0.31637573628291593,0.4031563957826943,-0.37227652723063004,-0.09935613431085308,0.17242862030708755,0.423573190889172,-0.0906096855263564,-0.7897398012132812,0.15233514660463263,1.244831374260398,-0.11433891997901643,0.16477331873919718,0.5374867280280908,0.3735052989149339,-0.49401881205127574,-0.4083872986735856,1.7580059604429277,0.020923576277634543,-0.06955353957915215,-0.02591471644526734,0.49401881205127574,-0.37350529891493456,0.438080386840281,1.6918044954137887,1.127942871967207,0.8863037744276221,0.9224464762726329,1.3612349899154128,0.02452383803125581,-0.1532996650890431,0.8839134569768611,-0.44283339212011924,1.4898602356909325,-0.2685346671830286,-0.21807545597118072,-0.2284831982727022,-0.1916295312302808,0.6160407084282594,0.4033962301162448,-0.20882997275045564,1
-1.305809286202831,0.8771374557769975,-1.6032360836506476,-1.6014324776621007,1,0,0,0,1,0,0.19849979257844777,-0.5559576232566278,-0.041896812837936774,-0.47425642100229515,-0.17444486185710617,-0.06105489838380897,0.08042701456036735,1.2972718898554867,-0.31538724267367735,-0.8333675519699487,-1.6569470010479699,0.28060525129500197,1.6193904168165132,-0.9230704281738441,0.8550171406832958,-0.6209085741157155,-0.7777610679314043,-1.130399134766281,0.1590389773671773,0.22497917377587734,-1.034156817181014,-0.9240089792236986,-0.19280831052158978,0.35461123699486613,1.0504975111803376,-0.22497917377587734,-0.15903897736717798,-0.9143138857215654,0.6494538228414815,-0.32262040417191223,-0.5808908372994638,-0.8298969612342869,-0.2105141455378431,0.5954383064766764,0.5664865349208381,-0.8937379858706291,-0.9701972441467586,-0.8623145398892288,0.014285041535478216,-0.08841274230630035,0.05920974801103089,0.9504049313745251,-0.8656330827735822,-0.8769950965056176,0.34789477903211874,1
-1.7941142709903475,-1.0039094601397194,-0.15484123025532542,0.3052077222492148,1,0,0,1,0,0,3.3153772325991686,-0.7606357948384798,0.57217589519622,-0.610239089570398,-0.7206323725332286,-0.11337644371083126,-1.644097648838694,0.26586643857759434,-3.4729647708998366,1.0754728081132365,1.0530156960174015,1.8372108263903633,-2.4826063509961296,2.0798933284580494,0.39796627996728584,-2.5908528484866555,3.1611075501577512,3.7774845051510186,4.948786825267084,-2.402410076128092,4.364362709644224,0.03376385232416026,2.1441019349957156,1.6816057551755905,2.319006414296687,2.402410076128092,-4.948786825267085,1.1900982546492709,-0.18442671521636386,-1.4648758062884317,-2.317980348248362,-1.39883963574952,2.27487981030138,-2.666930084640012,-3.309285311286215,-1.1004416420156866,1.7498899926222238,-0.9381911455531051,-2.9051442097523394,-1.7869942913162333,-1.1931007240475748,-2.761207072091096,-0.20711139779498602,-1.0996718489615938,-2.3120123683735136,1
-0.2006980048416086,1.1605828814630785,-1.8929150543297122,0.3052077222492148,1,0,0,1,0,0,-0.34411449859924853,-0.28208427435022915,0.39307135535292426,-0.5847785048172213,0.5952404359367985,0.2349866657742146,0.013901979021446631,-0.2427416760909944,-0.5170960089299907,-0.47643846213931584,-0.1962067914024609,-0.2551171559002737,0.3146397734726046,-0.6862467093237792,-0.9147755515847257,-1.0035559240956833,-0.48154946141366334,-0.5284677696228258,-0.7118242677055338,0.3580292690535297,-0.7050206663990023,-0.5832314976544992,-0.30158935412565385,0.1661414222810025,-0.26086748089132933,-0.3580292690535297,0.711824267705533,-0.48105256270404034,-0.6347222057676005,1.0278691685959374,0.279040251178545,0.06903246449978255,1.550264952753888,0.5138790966987595,1.009431888773073,0.8839134569768611,-0.7203933142394032,-0.6346847228976005,-0.3415203984652251,-0.4385020692014777,-0.3469449996836519,-0.3502454288142823,-0.28942660841731066,-0.15329565102369538,-0.5181215015185524,1
0.08200488108800677,-1.2615871198543382,2.1625905351771904,0.5985369837740325,1,0,0,1,0,0,0.6149247137148194,-0.6175936635625264,0.5337963509440852,-0.6050312426890664,-0.04657326159751584,-0.0073917749714784145,-1.0720930285594792,0.3332923671301176,0.32397296332362113,-0.17190210649954812,-0.3028949074830088,0.21698595650078084,0.37561277212315886,-0.73708001554601,1.4654216615797513,0.5534161165763248,-0.4082688787506835,-0.572640622553464,-0.01001094667634824,0.30587169994287167,0.7542897870652491,1.01057301743406,0.11324793189047837,-0.17260377578199168,-0.16529389817176096,-0.30587169994287167,0.010010946676347532,-0.5924626171942612,1.6918044954137887,0.6639647927004092,0.8733832739329616,0.6493539925053206,-0.34003467563087314,0.758556726032511,0.8433273810784847,0.5738579727592754,1.2344215658292679,1.663292477208364,1.5912981638829147,1.4175270606872388,1.2486629376883174,0.95493681416264,0.4984475503963669,0.7294586176410672,1.3994859768436472,1
0.8016122270906633,-1.3131226517972627,-0.4445202009343899,-0.8681093238500562,1,0,0,1,0,0,0.7537330207602766,-0.6513190441072634,-0.630383158037337,-0.05820732014924861,-1.2922481779456862,-0.4559260481595413,0.6946856651859947,-1.423345988335304,-0.6592553503336749,0.2538785906131176,0.16213437496970243,-0.1862535636507259,-0.8099593713668445,0.045305456626773516,-1.0924565099808492,0.5234842696740184,-0.8667771640564647,-0.5041814141162159,-0.7532939460423284,0.4930801176436292,-0.9207086495216544,0.8591880881722294,1.4272753554829822,-1.202454995511941,-0.7030176480828579,-0.4930801176436292,0.7532939460423277,-0.2582324537235989,-1.2351161931692491,-1.1464594773798444,-0.7416792878996918,-1.0062691903340089,-1.0646495331783645,-0.9541866793037505,-0.762349526635866,-1.1624527388592034,-1.0257092285706153,0.27583454506891375,-1.1991027410310207,-0.39960325510201306,-0.8207922053274488,-1.6826189685198898,-0.20711139779498602,0.013711913318286572,-1.3841377820692236,1
-1.1259074497021662,-1.2873548858258006,-0.15484123025532542,-1.6014324776621007,1,0,0,1,0,0,-0.7983962307480176,1.4070921132784078,0.09882818275322415,-0.5327000360039053,2.1076124518177646,1.493834102488469,1.376884413088633,-0.09028216494507262,0.1887895144207913,1.6256276932001394,1.7745663006829688,1.2105696804279813,-1.0742745269226441,0.7586349141839696,0.32581723497084125,-0.3016217451106323,1.4407074258951182,1.3094079426510405,1.4316772944420317,0.23115255077283092,-1.1565722259525615,0.45031165822736796,-0.5611823562453687,-0.7675373151266686,-1.0286411015624175,-0.23115255077283092,-1.4316772944420324,0.8837206048011639,0.491016520610491,0.527500651739586,0.279040251178545,0.8712416355662611,0.8886600828192224,0.5954383064766764,-0.04256332662598434,0.9459245538203791,-1.1644891896302574,0.12408133374116129,-0.7611883533378483,-0.9052878383950472,-1.1084851516111824,-0.5088613263982832,0.2044646553166367,0.3477270420022505,-1.0129879475475077,1
0.7759119647334253,-1.1069805240255675,0.27967722576327125,-0.13478617003801185,1,0,0,0,1,0,-0.4198281206240434,-0.23091473145476613,-0.4768649810287978,-0.21444272658919655,-0.07404049060598678,-0.011863701922505961,0.6982990714558212,1.521333894025339,-0.5512149598301868,-0.19063423481619424,-0.37347666429346116,-1.143280474677722,0.33876206559763516,0.34614941650667225,1.5656813948906945,-0.9629221872382655,0.41380639558888316,0.02449791899666466,-0.6501878279857761,-0.9144498376620688,-0.6251334389241672,-0.519613262610239,-0.21411461841440377,0.6678578909112854,0.5094554047286974,0.9144498376620688,0.6501878279857761,0.32667033235006016,1.4666567501381707,0.03622974428062242,-0.4703487775118068,-0.2894014204448148,0.6366201323679207,-0.13859458152457876,0.17890935030013266,0.20179139169817292,-0.6371253376036178,-0.5588081172337243,-0.2685346671830286,-0.3347718982695729,-0.0592520533999176,-0.0012904541294803558,0.03983423407198747,-0.3759724034796717,-0.023255055489598248,0
-0.6633027272718879,-0.6173929705677911,-0.4445202009343899,0.5985369837740325,1,0,0,1,0,0,-0.571255364673633,-0.12392386903697983,-0.2849672597681238,-0.3214929124832349,0.49039941067378034,0.1531504025704105,-0.2358403824971351,-1.5058671085453954,-0.05062149085210344,-0.6085060473557633,-0.275980877726401,0.5466564324870361,0.1436498242280025,-0.5686443423390289,0.3239651007935696,0.24363766081286306,-0.6005571569729442,-0.899573650946983,-0.5702641928891875,1.3111552580072139,-0.24024093387952491,2.391390991214443,0.31403362661529927,0.22655021586344296,-0.5194699248714916,-1.3111552580072139,0.5702641928891868,-0.48105256270404034,0.41596727218528484,0.32735324499704527,0.4082452561251572,0.13730558544161034,-0.43454965705011084,0.2692014673650073,0.6218547041523672,0.20179139169817292,-0.3318094232724056,1.9451198696741894,-0.4509989953885172,-0.23104172733766892,-0.1269445113490324,-1.238494455284687,-0.4540570296619595,0.18071947766026855,-0.2706882785040748,0
-0.07219669305541997,-0.05050211919562982,1.4383931084795292,0.5985369837740325,1,0,0,1,0,0,-0.48292280564470574,-0.19195610220481132,-0.1442422641769629,-0.42854309837727333,0.444982979346884,0.18355950583739783,-0.021045790422993736,-0.20382110567774875,1.8953955034226673,-0.1060988317974211,1.0656364373130272,0.7892148211009513,-0.8208211701367735,1.1855974153338855,-0.3672706497687596,1.3937845209553004,1.0868990068239675,1.664024098792484,1.2994551316290586,-0.21238889143210804,1.213899651827906,-0.08817281040621788,-1.190450121810723,1.2210831265717463,0.23921609738039054,0.21238889143210804,-1.2994551316290595,1.3293608227620468,-0.18442671521636386,0.5729886987265271,1.2609982887727984,1.7246556473391115,-0.2140147004052217,-0.6279498401920818,-1.149926711256571,0.8839134569768611,1.0004782029001573,-0.17942508891434333,-0.2959043164138529,-0.840456481562607,-0.36386811417093057,0.2524949820049213,-0.4540570296619595,-0.5986491559356475,-0.5799798072721716,1
-0.2263982671988458,0.1298722426046032,-0.4445202009343899,-0.4281154315628296,1,0,0,1,0,0,-0.5207796166571032,-0.15823072166007435,-0.6559695208720935,-0.026381589207777743,-0.3050805816939578,-0.10130224094305688,-0.9160951687984958,-0.7493461027283094,1.3769547412015208,-1.380681932551321,-0.45318150532829793,-0.00381005307325234,0.08667324017833285,-0.9084686850193961,0.23857987778664813,0.08094174821872015,-0.8667771640564647,-0.7805914523781506,0.02218903885575044,-0.027203276549727037,0.3661214265319343,1.267505126860384,-1.8010046085119928,1.0057308182318192,-0.17293747152070713,0.027203276549727737,-0.02218903885575115,-0.9823978079100336,-0.10937746679115769,-0.9190192424451392,-0.7416792878996918,-1.0062691903340089,-0.8126095827270634,0.02452383803125581,0.012804842605544792,-1.2864749325462383,0.3343343898138759,1.1863538130354276,0.014285041535478216,-0.9182541097615345,-0.5161761445564365,0.8235122133073248,0.5337254978059351,0.5704037944582268,-0.1469716669968365,0
0.9815140635913272,0.43908543426214564,-0.8790386569529866,-0.8681093238500562,1,0,0,1,0,0,-0.23054406556205628,-0.3530238679098483,-0.5664172509504457,-0.1450047681714419,-0.495598954085023,-0.15943729130641499,-0.6332949541932171,1.0167865777858225,0.966454027261123,-0.48486289645741254,-0.6786783593486978,-0.5836236504548816,0.08364965674068293,-1.1110980401781785,0.8784133296027008,0.53000659058252,-0.7730743183954255,-0.943546159746403,-0.13280945780952072,-0.6642742475994289,-0.22958402016301496,-0.5155962974902161,-0.7885695217728296,-0.11154876834449938,-0.038874072553047166,0.6642742475994289,0.13280945780952,-0.8988402670423681,1.391607501712964,1.3371878881071357,1.4548057961927168,1.0077878774499178,0.006520256239666901,1.0847935651441794,1.2862727349307197,1.069946747507413,0.029018475482663446,-0.17942508891434333,1.1546870928197819,0.5080357405521495,0.43151826673115745,1.6800380602609295,1.1922471827845313,0.9044189231421907,0.5953280020465953,0
-1.1516077120594044,1.289421711320388,-0.4445202009343899,-0.4281154315628296,1,0,0,1,0,0,-0.21792512855792381,-0.36756066986878666,-0.3233468040202586,-0.3081839704531653,-0.11277384770415039,-0.04450876866500705,-1.0471458275674586,4.813058639891124,-0.6982551103482972,-1.2312555628163502,-1.9921968602302609,-3.7521949067559266,-0.2317511865065981,-1.9951457808293762,6.577254487585852,-2.442685348490472,-2.232294066395649,-3.805388963346944,-4.63070887053273,-0.5248656536042418,-0.5374443925307515,-0.017124872279447086,-1.5001250760251694,-0.550157752673807,-1.1252681757824936,0.5248656536042418,4.630708870532729,-1.8736782438317996,4.318528190296002,-1.5558519002623137,-2.317980348248362,-2.764302054586081,-1.1906695084040155,-1.85133798686084,0.5664865349208381,-1.1004416420156866,-0.22078545442469194,0.5034643620605421,1.6017246969232295,0.4172718409867329,0.1607484349347019,1.870377137361731,2.509290552741724,2.351817814106035,1.0901944480755505,0
0.13340540580248203,0.5163887321765315,1.0038746524609323,0.3052077222492148,1,0,0,1,0,0,-0.6595879237025604,0.06389161227250373,0.7768667978742723,-0.6391715722444624,1.4454495563444307,0.5431024327000125,-1.6928063730955791,-1.51130293127071,0.9550132631907416,-0.3333317121717451,1.0262055530793808,-0.47939105586132186,-0.8414141625677414,-1.2243313213172529,-1.1976960884489467,1.9219484007360792,-0.6374445024513858,0.852648595937241,-0.49529816032406576,-0.1626015385546773,1.130551038861231,0.8744850532546621,0.6258376668271434,-0.18176941854500403,-0.5016720790608771,0.1626015385546773,0.4952981603240644,-1.17736540326792,-1.1600669447440433,-0.2548937564358004,0.7441782689863493,0.4274663494443799,-0.5605696322757617,-0.6279498401920818,-0.4855086804782194,0.44983577907224165,1.1330901656904824,0.9165703262305349,0.23729699823107525,0.5325275864666261,0.4239968825145893,-0.7873203466013077,0.43311801815642703,0.3848398340782469,-0.11260594157815922,1
-1.305809286202831,-1.0812127580541053,-0.8790386569529866,-0.4281154315628296,1,0,0,0,1,0,-0.6091121756860305,-0.06112488457436613,0.15000090842273722,-0.5494808759548626,0.9623420308214967,0.3776411355119933,-0.87410860347777,0.3205094179030691,1.540264791835499,-0.6133947946669656,0.49741482467765097,-0.8658436225747274,-1.230892575494406,-0.9806132225005565,0.502390653529617,1.589707740684207,-1.137278491782267,-0.4369666296206962,0.0915777400728132,-1.2717331202957456,0.23565211358912094,0.06337469340850031,-0.5080906010575309,-0.29904908997014584,-1.0732764986231191,1.2717331202957456,-0.09157774007281391,-1.038102835155144,0.11577027848446049,-0.8917264142529749,-0.031051760693324323,-0.47715250303484213,-1.442709458855317,0.10608304780917345,0.06817301183707392,-1.1004416420156866,0.6396503041450882,0.5793409677244183,1.5561086148718575,1.0007540524786946,0.8038267854512828,0.6331731362065233,3.5793882908319428,2.8528405071319813,0.6571863078002155,0
-0.8432045637725518,-0.07626988516709207,-0.4445202009343899,-0.4281154315628296,1,0,0,1,0,0,1.801104792103272,-0.7164439168833072,-0.08027635709007157,-0.44069474110038037,-0.8219422199585301,-0.210417258548129,0.3594021400626073,1.0415918248210867,-0.7152013851662157,1.7764999945481081,0.4508859846521288,4.107618958021168,2.94735697831158,0.8813524139617476,2.0678225802127277,-2.572577919644623,2.7228936688127865,0.061131232706878966,4.948786825267084,0.6941558255444424,0.38087952279666015,0.6418817993451611,-1.607488457863621,0.30003786936405985,-0.5264911121146453,-0.6941558255444424,-4.948786825267085,0.911573118423719,2.067050737539819,0.2636699792153276,-1.1551353037288514,-0.20406001926752979,1.0146800580448727,5.488990893151709,2.227531611866718,-1.720552610450858,0.16779843654230542,0.35171115073279,-0.5969704579529088,-1.268343436656712,-1.0915620371239039,0.2524949820049213,-0.6186874509066087,-0.3759724034796717,-0.8274130302866491,0
-1.280109023845593,-1.132748289997029,-0.8790386569529866,-0.13478617003801185,1,0,0,1,0,0,0.04707254852885811,-0.5082769128313099,-0.822280879298011,1.402883054891005,-2.0847959732271404,-1.475078200298719,-0.3478415569215372,0.8803057222969936,-0.8863323104103744,-0.6529605172876486,-1.5080248656097852,-1.4233983200713685,0.8544907957136352,0.13597007844461315,1.2907909840180207,-1.3536466234529818,0.5168425909308759,-0.523795891821755,-0.38662849897585155,-1.5578921029446737,0.6195418525970308,0.08483884134951374,-0.14863835074839635,1.3945997992636228,1.4491214424996304,1.5578921029446737,0.3866284989758509,0.18740776423728422,1.3165582532877582,0.2545723698179399,-0.5091102789957901,-0.2894014204448148,0.5736101447550955,0.2692014673650073,0.5111183656893089,0.2638024885416898,0.6118943119331598,0.12408133374116129,0.14201007127932075,0.04124997135858002,0.600749411603942,0.6331731362065233,0.12214944469431245,-0.5429799678216537,0.5334696962929761,0
-0.6119022025574117,-1.1069805240255675,0.5693561964423357,-0.13478617003801185,1,0,0,0,1,0,-0.2684008765744537,-0.3256946802270442,-0.4768649810287978,-0.21444272658919655,-0.27820839517963436,-0.08475611122425496,0.21500864216967425,1.8647854100810048,0.2403458752573091,-0.2421956487686238,-0.7647996638874455,-1.41360081662647,0.6713742673669513,-0.45932702104768286,2.2190433955990088,0.22004242518871278,0.016352415040046833,-0.7777605091489258,-1.4375436385994584,-0.5022446364654003,-0.7579288981732467,-0.3364875374896041,-0.10743944660715511,0.34340547116083114,0.23494526147111994,0.5022446364654003,1.4375436385994576,-0.48105256270404034,1.9169522406894068,-0.2276009282436361,-0.08273376267196997,-0.06751377738387422,-1.0961545269847772,-0.30171300108041293,0.4557501964577793,-0.10826409251941274,-0.8036612908751883,-0.482931511569848,-0.5787240251323598,-0.5422322401333817,-0.38079122865820925,-0.3502454288142823,-0.28942660841731066,-0.5429799678216537,-0.3944048900113141,0
-1.074506924987691,-0.07626988516709207,-0.4445202009343899,-0.4281154315628296,0,1,0,1,0,0,0.16064298156605036,-0.5547946790999126,-0.08027635709007157,-0.44069474110038037,-0.18151332637320247,-0.08609768930956323,-0.21161729990285175,-0.20129237082503545,0.467373714413692,-0.2706102460282442,-0.31000223771762003,1.6119837683329448,1.6506203772686374,0.17484408541655927,0.39484971352412573,-1.0490259572350493,-0.039947812697215195,-0.9323317623706863,1.4252941555476124,0.7849642097577141,0.4689611568743717,0.6718318712121865,-1.69308544405921,0.3259654168189677,-0.5072224106101832,-0.7849642097577141,-1.4252941555476133,0.5216379277079463,0.8662627627365218,1.3462854975045246,0.49868875958778525,0.4616029099152932,1.0461850518512859,3.3684514389258617,2.5597406272558936,0.44983577907224165,0.16779843654230542,0.27583454506891375,-0.8432973010303187,-1.488770049887009,-1.2946394109712458,0.12560226393772106,-0.7010026615289333,-0.4316415915936655,-0.9511296417938885,0
-1.100207187344929,-1.132748289997029,-0.15484123025532542,-0.13478617003801185,0,1,0,1,0,0,-0.4576849316364408,-0.21812234573090036,-0.822280879298011,1.402883054891005,-1.5270391461761088,-1.2519290454424445,-1.010111317275901,-0.5689058762793536,0.2397230769159759,-1.0758721888227987,-1.0158626583342667,-0.7212882668014288,0.15027637828640827,-0.8509229767437445,-0.33098786430713667,0.10114319665296538,-0.009450008753634742,-0.03407311738458277,0.13286549185952784,-1.1155255455628834,0.5543521632652081,0.44926479266842506,-0.22607031849122358,1.444063450698113,1.287405441356552,1.1155255455628834,-0.13286549185952856,-0.8152827261747027,-0.3345252120667762,-0.082039177885424,-0.018131260198663828,-0.01630893667750248,-0.18250970659880966,-0.38327221085833024,-0.4855086804782194,0.07776919801113909,0.6396503041450882,0.5793409677244183,0.42482977999782756,0.2357440418559006,0.8207498999385615,0.728342674756924,0.12214944469431245,-0.3759724034796717,0.8427612250610729,0
0.6474106529472365,1.289421711320388,-0.15484123025532542,-0.4281154315628296,1,0,0,1,0,0,-0.33149556159511606,-0.2646401119995031,-0.3233468040202586,-0.3081839704531653,0.020817474212944748,0.034644338368180524,-0.10281897782795944,0.18579416242652286,0.23068645615747735,0.6357381527536883,0.7734499187478369,-1.3049878402086583,-1.4433477203208955,-0.4754488754321319,0.2227756430836535,-1.1481936177717218,0.5661365038301073,0.39903600227074837,-0.946287449071263,-0.8413313984254093,-0.33209062272735573,-0.03183656992503739,-1.4691799680995088,-0.29746996383427554,-0.6159417846667012,0.8413313984254093,0.946287449071263,-0.6203151308168162,-0.10937746679115769,-0.8826288048555859,-1.2714198081808024,-1.0233374705694662,0.29006520049738066,-1.1988643086375024,-0.983822203561983,-0.35630847989348147,-0.026493508941193386,0.4275877563966659,1.419260368717741,0.30057539868834077,0.1607484349347019,2.092439393979332,2.0153992890077768,1.6281183686241134,0.904619530814692,1
0.15910566815972013,-0.07626988516709207,0.5693561964423357,-0.4281154315628296,1,0,0,1,0,0,-0.7479204827314877,0.7180477004247298,-0.08027635709007157,-0.44069474110038037,1.4138461840069334,0.8928071202703666,0.09725755472176052,-0.741629954693082,0.8037003939430272,0.20124982700547683,1.2101925910770808,1.203265698727218,-0.6146261191646764,0.49395552028362205,-0.08561048079285533,-0.7192326970793167,0.840364557779741,1.3204997884493694,1.0967144819825039,0.5534028300138731,0.3583155384150388,0.9321476870633382,-1.8214448606705218,0.5614155774905654,-0.284098609758328,-0.5534028300138731,-1.0967144819825045,0.8001630639334981,0.26586877533487285,1.1097476531724306,0.5116092600824467,0.8541733553308051,2.3063848041077932,0.10608304780917345,-0.3747723420151606,1.5040244254120325,0.08453045990652028,0.5034643620605421,-0.8159276517994943,-1.5276688639864726,-1.2607931819966884,0.31594134103852145,-0.7010026615289333,-0.5429799678216537,-0.8892713360402683,1
-0.5605016778429365,0.2587110724619126,-0.15484123025532542,-0.13478617003801185,1,0,0,1,0,0,-0.6974447347149578,0.25577739813049005,0.31631226684865466,-0.5784133586289271,1.3868104706857924,0.6437207890981322,0.23054499213959123,-0.5266216279805217,0.6525350592125441,1.6304321964083202,1.7145061325340947,0.364160256240021,-1.8571293708409486,-0.02635648319758395,-0.019372148971420255,-0.4411524865602109,1.2266843851297209,1.0369880778246101,0.21054164239835904,0.28785851885826175,-0.3469135111195221,0.7033981177783694,-1.3353529904068273,-0.9862494725984026,-1.2165249172428572,-0.28785851885826175,-0.21054164239835974,0.18740776423728422,0.26586877533487285,0.8914050276351143,0.49868875958778525,1.0077878774499178,1.2037100208833493,-0.30171300108041293,-0.4301405112466897,1.1939689411944467,-0.3318094232724056,0.6552175733882943,0.0051618251252043045,-0.6848612251647502,-0.9900233502002335,0.664896315723324,1.1922471827845313,1.5167799923961247,-0.08511336124321738,0
-0.9974061379159777,1.289421711320388,-0.8790386569529866,-0.4281154315628296,0,1,0,1,0,0,0.16064298156605036,-0.5565390953349852,-0.3233468040202586,-0.2879312325813202,-0.4271851565067325,-0.20549813890199872,-0.005799427416064088,-0.456175716115618,1.3607244909269098,0.2969672817409298,0.4773369773261071,-0.6933811353974607,-1.157142357298812,-0.5332911882831252,-0.596883380339575,0.42228228313410315,-0.10210550016186806,-0.12609264429793646,-0.2763926451691775,-0.6715663093066304,-0.5247940267583443,0.028170819124692378,-1.4358029938357315,-0.5024297050294669,-0.7436663737780849,0.6715663093066304,0.2763926451691768,-0.45320004908148526,-0.4846237089171882,0.2909628074074919,0.47284775859846334,0.4103980692089227,-0.24551969421163483,-0.30171300108041293,-0.2086678343205727,0.20179139169817292,-0.27629743884854874,0.4275877563966659,1.2185496076917033,0.1709126850234604,-0.0423289389126401,1.9021003168785307,2.0153992890077768,1.739456744852101,0.7809029193074537,0
-0.6119022025574117,1.4182605411776974,0.5693561964423357,-0.13478617003801185,1,0,0,1,0,0,-0.33149556159511606,-0.2559180308241401,-0.5024513438635544,-0.16236425777588057,-0.24609094459855363,-0.07134033037117232,-0.88684931972277,1.7536684000279852,0.10754805195805552,-0.0026036524478974593,-0.6585682009739064,-1.3161338008746417,0.47911405323884665,-0.4357445332320219,1.6953467605712225,0.06613707662249949,0.15033315376850434,-0.8477062689352852,-1.516387224573119,-0.29111514316954507,0.7977947639964004,-0.7086037465744085,-0.08056040613747166,0.15258514837257356,0.02855073630122853,0.29111514316954507,1.516387224573119,-0.3974950218363748,1.6167552469885829,0.09081540066495114,0.11107374474794844,0.17144214591252482,-0.9386295579527137,-0.22015379130249568,0.6218547041523672,0.20179139169817292,0.44535835866158957,-0.8623145398892288,-0.8250508682097696,-0.7367263106307022,-0.6346379459673855,-0.6040308649486834,-0.37174181903963527,-0.5429799678216537,-0.8892713360402683,1
-1.280109023845593,-0.8493028643109486,-0.8790386569529866,-0.4281154315628296,1,0,0,1,0,0,-0.028641073495936725,-0.491995694637299,-0.5408308881156891,-0.13921827163662903,-0.6300852824723534,-0.2707882723870009,-0.2873182929179105,0.3962337779149539,-1.255186675925353,-0.8320070298877095,-1.603436102247401,-0.3137021404177666,1.3633428166487997,0.15735794732696182,1.8022784560057903,-1.5066504109554184,0.30569162951487333,-0.6368907291375075,-0.16027754582615011,-0.26889098598050765,0.5567532872820564,1.2616396976789104,0.20184387279403637,1.427106407789255,1.4627456264710432,0.26889098598050765,0.16027754582614942,0.29881781872750485,1.9920014891146134,0.5911839175213025,-0.3411437725651945,-0.20406001926752979,1.0146800580448727,0.6769975162545934,0.8433273810784847,0.44983577907224165,0.8616982418405155,1.717490052682561,1.1181942271786838,1.0655854093111348,1.6669056243024845,0.9821281108913258,-0.5363722402842841,-0.7099875321636356,1.4613442825972665,0
-1.0488066626304537,-1.2100515879114147,-0.4445202009343899,-0.13478617003801185,0,1,0,1,0,0,0.2742134146032426,-0.5751462018424264,1.1094895147261072,-0.6663681059580829,0.35708231377937705,0.07265571745191467,0.7399906919057642,0.580092086282271,-1.7259649944828002,1.5119641320845179,0.7864419357960355,3.4183554923068034,1.7629583067331598,0.06599096570167158,0.5284384277231626,-1.0080206291283986,-0.4241016169153201,-1.2180989622074099,1.5496109332090846,3.1253439301633743,-0.963037675084406,-0.26681657704077777,1.3464884484924107,-2.463097902259004,-2.211649586157512,-3.125343930163374,-1.5496109332090853,0.35452284597261524,0.9413120111617277,1.1643333095567605,0.3824042551358344,0.18851042614798086,0.8571550890128092,3.9393659073712817,3.0026859811081286,0.07776919801113909,-0.9563192480407944,-0.36911660307403377,-0.39625969692687113,0.3200248057380726,-0.7277150756474172,-1.5715878402110892,-1.0302635040182315,0.7095767647432119,0.16231986177126023,0
-0.48340089077122306,-1.8027102052550381,3.176466932553916,1.478524768348486,1,0,0,1,0,0,0.07231042253712305,-0.534443156357399,-0.0035172685858019803,-0.5002956554089532,-0.05867848711322833,-0.02438509738538309,2.1074518352202545,0.5526601987107267,0.1354442973960459,2.0198847389285577,2.2981038099709346,1.2263364866010351,-1.1591199868608888,3.283552567144371,1.633890057880453,0.37768496999961854,2.4283650042794775,2.481269694085105,1.4895244906727079,0.1952844489803987,0.35042395823133127,0.8782517253018419,0.19438007909874785,-0.3208088004588842,-0.5651705884987176,-0.1952844489803987,-1.4895244906727085,3.1954792354732438,1.6167552469885829,0.19998671343360988,0.369483754641173,1.3832900426299712,0.3215701943037938,-0.6279498401920818,-1.2052948804881005,0.5738579727592754,0.6118943119331598,1.2622304186993043,1.0178388466656656,0.9748215097457181,0.7699805564767266,0.15732544345452057,0.36909507656128593,0.514734606344233,0.7190446135538346,0
-0.6376024649146498,-0.2566442469673251,-0.4445202009343899,-0.13478617003801185,1,0,0,1,0,0,-0.6722068607066928,0.07493958176129688,-0.10586271992482811,-0.43722284317949267,0.9844022095724276,0.3955288433161035,-0.6231445101260888,0.5746787430327771,-0.6983537345686711,-0.9524804971642477,-1.446063211155431,-0.8692744889729357,0.6672471790290738,-0.5586212027352476,0.48487139891469894,-0.10099239949068478,-0.7553991004023235,-1.03592623845589,-0.4125770209418648,-0.7763978591033001,0.30832988660940547,-0.30303108660281874,0.853185328325709,0.537698885637876,0.8685726516727961,0.7763978591033001,0.4125770209418641,-0.5089050763265954,0.491016520610491,0.11810822885711679,0.046471242274642305,-0.2552648599739003,-0.2770246880180474,0.35076067714292497,0.6218547041523672,-0.046252995675895824,0.3065783976019474,-0.2553016945782196,0.10551720563822252,0.533968283285125,0.7361343275021692,-0.28679906978068154,0.2044646553166367,-0.15329565102369538,0.16231986177126023,0
1.0329145883058024,-0.23087648099586283,0.5693561964423357,-0.4281154315628296,0,1,0,1,0,0,0.6275436507189519,-0.6234083843461017,-0.5152445252809326,-0.15484181228062383,-0.9709056914828252,-0.35977961871244907,1.3830118042474318,-1.1074239348875394,-0.2763423645506521,1.4595205786537575,1.3419237588890363,0.572318778556525,-1.1228853010688293,1.0136968431012503,-0.9278666932426394,-0.08273029741042727,1.0438944155697236,0.8095512425888636,0.21054164239835904,0.5717619163874261,-0.9102376384449995,0.590457620507871,0.29463329944674255,-0.9366103081455646,-0.9541973865426869,-0.5717619163874261,-0.21054164239835974,1.217950768271826,-0.7097714541928067,0.7367456678795146,0.5762117625557528,1.0077878774499178,0.6051151385615076,-0.30171300108041293,-0.4301405112466897,0.8219023601333442,-0.9979532363586869,0.12408133374116129,-1.0531312784666302,-0.7626588533636787,-1.0407926936620688,-1.175048096251087,-0.28942660841731066,-0.04195727479570725,-1.3222794763156045,1
0.9044132765196139,0.7998341578626126,-1.6032360836506476,0.5985369837740325,0,1,0,1,0,0,-0.10435469552073157,-0.44024467966347847,0.7001077093700027,-0.6322277764026869,0.4781804583202834,0.1500200537046912,-1.5524694661293441,-2.9247518737513243,1.0991171701974536,-0.6603912886109735,1.0550359442553972,-0.437757798237533,-1.1349127968990897,-1.222720384658248,-1.0074309914189332,0.06101030699318901,0.21962507622104585,1.0518612449522726,-0.8350596325743129,0.23115255077283092,0.937018782474178,3.005091482456811,-1.4412205175865018,1.1099224920811628,-0.3446606214187005,-0.23115255077283092,0.8350596325743123,-1.1495128896453646,-0.9349191994684248,0.018034525485845748,0.046471242274642305,0.13730558544161034,0.7941451013999841,-1.1173050988595852,-0.9284540343304539,0.5118468759157585,0.8894542340524437,2.8556391376407038,0.07814755640739948,-0.6848612251647502,-0.24540631275998087,0.28421816152172197,0.2044646553166367,0.3477270420022505,-0.08511336124321738,0
0.15910566815972013,-1.0554449920826439,1.0038746524609323,0.3052077222492148,1,0,0,1,0,0,-0.6595879237025604,0.06389161227250373,-0.438485436776663,-0.20576298178697722,0.5531399249116311,0.20815510406804932,-1.5680441242135335,-4.106270408432883,2.252812486787729,-1.3866003266750133,0.09271978986652275,-1.1508472439766129,-0.6083278512067832,-1.3269406101139225,-1.3014606221326404,2.1695958515510143,-0.5044963803847381,0.8870873120117171,-0.6392523306161405,-0.9356157016516281,0.8545401023836067,4.332210321476469,-0.8994355433213896,1.3729576104730128,0.745527834776322,0.9356157016516281,0.6392523306161398,-1.2609229441355856,-1.2351161931692491,-0.1457224436671417,0.9767472778902511,0.700558833211691,-0.7811045889206503,-0.5463906304141645,-0.319404172783631,0.6978801664463103,0.8894542340524437,4.297294645254351,0.29710475025398503,-0.23104172733766892,0.31305646532020776,0.8235122133073248,0.7806711296729086,0.3477270420022505,0.2860364732784985,0
-0.6119022025574117,-1.9057812691408853,0.5693561964423357,1.0385308760612593,1,0,0,1,0,0,-0.33149556159511606,-0.2559180308241401,0.09882818275322415,-0.5494808759548626,0.4024987451062733,0.22783158265257053,-0.37700238190747537,0.651329324029837,-0.03897762512298055,0.02664726437710914,-0.5112128140281511,-0.6502793612743244,0.5147291688251753,-0.5857337580683117,1.4575988706418854,-0.016698585880149285,-0.08203000084870152,-1.0559166453859514,-1.516387224573119,0.617030896486598,-0.06102728027363274,0.5662206129134782,0.036503250897219695,-0.11733827969563917,-0.3662953913430849,-0.6170308964865974,1.516387224573119,-0.5924626171942612,1.2415090048625523,-0.20940570944885942,-0.18609776662925942,-0.20406001926752979,-1.0646495331783645,-0.22015379130249568,0.6218547041523672,-0.10826409251941274,0.05677446769459199,0.7310941790521709,0.5160619441005718,0.45617065508619664,0.38074892326932136,0.030432725387320277,-0.12479618717266176,0.18071947766026855,0.34789477903211874,0
-1.7941142709903475,-0.2566442469673251,1.4383931084795292,-0.13478617003801185,1,0,0,1,0,0,0.009215737516460692,-0.5053695524395223,-0.10586271992482811,-0.43722284317949267,-0.09500332384190172,-0.05076946639644561,-0.008252857799228382,0.8009726260789837,-0.2562691787574867,-0.5501084232336064,-0.8186355005340189,-0.6710068526246946,0.1758248476397806,0.31966933450549323,0.6803050702517666,0.4934577159500282,-0.24450649540924385,-0.2532353070891227,-0.01835909107355938,-0.8969649934967807,0.33088563215567357,-0.41784538115313813,0.8462059680788626,0.5007125343422686,0.8170312550383804,0.8969649934967807,0.01835909107355796,0.35452284597261524,0.7161642658861095,0.21818193222838655,0.44700675760914055,0.32505666803163763,-0.37153966943728567,0.10608304780917345,0.12354118106860354,0.20179139169817292,0.3620903820258042,-0.3311783002420958,0.22411901897178985,0.6376984542170299,0.8207498999385615,-0.2233527107470814,0.36909507656128593,-0.04195727479570725,0.34789477903211874,1
-1.4086103356317816,-1.0554449920826439,-0.4445202009343899,0.3052077222492148,1,0,0,1,0,0,-0.44506599463230834,-0.19777082298838666,-0.438485436776663,-0.20576298178697722,0.029855746508434332,0.006918391271809734,-0.4486988747003785,-2.8640113182719396,0.619389359823086,-1.161406078162921,-0.4629289791288333,-1.4389404280348477,-0.7704321027349026,0.41029449040628996,0.02564332173710223,-0.19483443825230443,-0.2655918845632798,0.15740263030870563,-1.3170468373944293,-0.656312104546159,1.0338881282740005,3.956634332284329,-1.042515825226511,1.3056283175681354,0.7555033778212326,0.656312104546159,1.3170468373944286,0.32667033235006016,-0.03432821836595151,-0.16391766246191838,-0.23777976860790415,-0.32353798091572933,0.3845801819166189,-1.2804235184154193,-0.9284540343304539,0.07776919801113909,1.055990187324014,3.917911616934971,0.2788583174334372,-0.32180562690308556,0.19459466390925928,1.0138512904081252,0.5337254978059351,0.23638866577426285,0.34789477903211874,1
-1.3315095485600683,1.1863506474345409,1.7280720791585935,0.3052077222492148,1,0,0,1,0,0,1.1827768789007806,-0.6769038155549949,0.29072590401389814,-0.5732055117475955,-0.3900490501751786,-0.0776010281026109,1.6633979730253432,1.0272464480076933,-0.08858305087216355,0.9302764262582126,0.22477012402150198,0.46251250305803704,-0.13496596922136767,1.7135976781850228,1.1105394322355413,-0.2799983632254103,1.220957049026202,-0.20457402610789133,0.013895103188392356,0.617030896486598,-0.6007887637510946,-0.29741396374286755,-0.16027535401030857,-0.04606332584950955,-0.49193888895267474,-0.6170308964865974,-0.013895103188393775,1.8864110952131505,1.3165582532877582,0.6275743551108558,0.3737905881393941,0.8769310623114143,-0.4555529862543859,0.18764225758709038,0.1973654067106424,0.44983577907224165,-0.5538573609678327,-0.2553016945782196,0.0872707728176734,-0.010615114107371936,-0.025405824425361403,-0.2550758902638815,-0.12479618717266176,0.18071947766026855,0.038603250264021984,0
-1.2030082367738797,-1.8027102052550381,0.27967722576327125,1.478524768348486,1,0,0,1,0,0,-0.5333985536612357,-0.12799417358548257,-0.0035172685858019803,-0.5002956554089532,0.6645128874132897,0.2882025964914424,0.32950776845312413,-0.14996936358315857,-1.8851235785445608,1.168969241825622,1.098123838268122,1.3728091631022448,-0.7455225300110645,1.0507498161465028,0.08673670761003001,-1.7953449890288287,1.7151593996174062,1.5934221506048694,1.7556215933338128,0.13114384342216406,0.5917082625436386,0.29272858760484893,0.7728785123208461,0.12152067063560457,0.12805182418594824,-0.13114384342216406,-1.7556215933338135,1.1900982546492709,0.26586877533487285,0.5638910893291381,-0.5220307794904515,0.13730558544161034,2.62143474217192,-0.5463906304141645,-1.2052948804881005,0.6358690696027934,0.6118943119331598,0.35171115073279,0.22411901897178985,0.5987996401175653,0.6176725260912207,-0.5405845059150832,-0.28942660841731066,-0.26463402725168356,0.34789477903211874,1
-1.2030082367738797,0.7998341578626126,0.27967722576327125,0.5985369837740325,1,0,0,1,0,0,-0.5333985536612357,-0.12799417358548257,0.7001077093700027,-0.6322277764026869,1.059037099627926,0.39016253097487047,-0.017620087482671878,-2.1237934036979595,-0.26504031333595185,0.6671611810748128,1.7031997249563866,2.1170446644563743,-1.3242383915722533,0.8404394199439307,0.06755568003045827,-1.5432635467913267,1.9501415884578672,1.7280145100364859,1.9784005630035764,0.9252428331319453,0.8642583263774958,2.982648894757867,-1.188512045522901,1.0324353028063153,-0.5271732199763336,-0.9252428331319453,-1.978400563003577,1.07868820015905,0.340918023760079,0.8459169806481733,-0.173177266134598,0.59814915179895,2.589929748365507,-0.7910682597479163,-1.482135726645747,0.8219023601333442,0.6396503041450882,2.476256109321323,-0.43275256256796935,-0.944186652494511,-0.5330992590437151,-0.44541496736468245,-0.5363722402842841,-0.15329565102369538,-0.3944048900113141,1
-1.8969153204192981,-1.2100515879114147,1.0038746524609323,0.3052077222492148,1,0,0,1,0,0,0.11016723354952047,-0.5547946790999126,-0.5536240695330674,-0.1247520302995968,-0.7613635374089747,-0.33026490083566723,-0.8704940248365196,-0.0891297827108076,1.3506856618548824,-1.603399276302536,-1.5399290404308794,-1.57941136781469,1.5409276694654523,-0.11651536576797124,0.34948079789398717,0.47598199902239224,0.013708134571842133,-0.09319168680087236,0.11588809585456382,-2.269065132993868,1.0940223510925813,0.47243561530967704,-1.3681165425046329,2.1796817311763133,1.910999628199737,2.269065132993868,-0.11588809585456454,-0.007559831120602114,0.491016520610491,0.46381738595786837,0.6537347655237203,0.6322857122698633,-0.24551969421163483,0.2692014673650073,0.2342775195316623,0.2638024885416898,1.2225261405955843,0.6552175733882943,0.561678026151944,-0.2829068128036209,0.5669031826293847,2.187608932529733,-1.0302635040182315,-1.7677021063295222,0.6571863078002155,0
0.23620645523143258,-0.6431607365392533,-0.8790386569529866,-1.8947617391869185,1,0,0,1,0,0,-0.7605394197356201,0.8401568368798119,0.34189862968341117,-0.5807279572428522,1.7999728681305163,1.0949382184568117,1.0018596918380331,-2.148129890488703,1.2413792192465296,1.325954861891158,1.8457419570020623,1.7455052347822646,-0.7426667166260742,0.055519061263651144,-0.9074327083508734,0.18015692641595502,0.6190175882222498,0.8949433921764295,1.1393967240133565,1.250621156711811,-1.3376362976162677,2.0393295225003696,-1.515966642379737,-1.177472230739941,-1.5258169052330504,-1.250621156711811,-1.1393967240133573,-0.4253475354589299,-1.2351161931692491,-1.82878018218396,-1.4781478160953823,-1.2110885531594928,-1.1276595207911904,-0.22015379130249568,-0.7069813574043363,-1.5965304167638241,-1.2477571662660425,1.9451198696741894,0.07814755640739948,-0.723760039264214,-1.0915620371239039,0.6966194952401235,0.12214944469431245,0.9044189231421907,-0.2706882785040748,1
-1.3315095485600683,0.8256019238340739,-0.4445202009343899,-0.4281154315628296,1,0,0,1,0,0,-0.36935237260751347,-0.24138122886520175,1.0711099704739724,-0.6652108066511203,0.9144759534239831,0.3284499390506903,-0.6047507197236153,0.8293360995008521,-1.095286550646951,-0.47378317958791494,-1.0020351364496594,0.2551913671698911,1.6808438170097775,-0.8375306536573386,0.047010492941128926,-0.8663235877591032,-1.3432910149624626,-1.638156047034591,-0.3979084468072301,0.7426913412446393,0.0040698362287248935,-1.0911957437578907,0.6267217492814359,-0.6919338664355431,-0.29664578570400485,-0.7426913412446393,0.39790844680722937,-0.9545452942874786,-0.3345252120667762,-1.1282642585850677,-1.3360223106541085,-1.689000399752289,-0.6865896075014126,0.5954383064766764,0.8986955503100138,-1.3484860293897554,-0.19302946221276363,-1.1658209625447336,-0.7520651369275744,-0.3477381696360611,-0.5838686025055501,-0.826093121566285,-0.8656330827735822,-0.6543183440496418,-0.7036964187794109,1
-0.7147032519863632,0.026801178718756015,1.0038746524609323,-0.8681093238500562,1,0,0,1,0,0,-0.356733435603381,-0.2442885892569894,-0.016310450003180245,-0.49798105679502797,0.3521141607070098,0.19697528669048045,0.024533538974432504,-0.4068645222630914,-0.14672579261299412,0.3160202925012752,0.8819393698467778,-0.27526757041023237,-1.0595098143231005,0.24213059289705352,-0.8850202391338216,-0.347909915274348,0.007854686303732523,0.5913502469336674,0.25295560183580257,-0.6263104211856457,0.2078195523284797,-0.32815952180913177,-0.1490368387012851,-0.41913445475701194,-0.569225955488025,0.6263104211856457,-0.2529556018358033,0.0759977097470634,-0.9349191994684248,-0.50962681956267,-0.5995537824584191,-0.5624939042121272,0.4475901695294441,0.02452383803125581,-0.09793149585751397,-0.046252995675895824,0.3065783976019474,-0.17942508891434333,0.4521994292286506,0.30057539868834077,0.10997909147286698,0.1890486229713212,1.7684536571408034,1.5167799923961247,0.2860364732784985,0
-1.074506924987691,0.6967630939767645,-1.168717627632051,-0.4281154315628296,1,0,0,1,0,0,-0.2810198135785862,-0.32860204061883186,-0.4896581624461761,-0.17393725084550635,-0.28573164457979494,-0.11829556335696156,-0.3102052010121742,-1.344828872818418,2.442184944973707,-0.35485652510379817,0.45044615446423386,0.10360591986643176,-0.3953408389184948,-1.2732518179517578,-1.0015240806431907,2.5446367508468812,-1.4439537231561148,-0.62944670289581806,-0.5745260083472232,0.7111140177770428,-0.8408703309895628,0.8425149945491344,-0.7814341026906244,-0.9524115224463932,-1.2001342553564756,-0.7111140177770428,0.57452600834722245,-1.2330704305130304,-1.009968447893631,-0.38226028799923456,0.9250652759116064,0.22264698661889537,-1.8207693845322692,-0.05703537174666111,0.2342775195316623,-0.5423417704240322,-0.859173275299045,0.5793409677244183,-0.4692454282090663,-0.7756251247301669,-1.057715808149347,-0.15990635171348128,0.28677986593896093,0.7374113588002092,-0.5181215015185524,0
-0.2006980048416086,-1.2873548858258006,-0.4445202009343899,-1.6014324776621007,1,0,0,1,0,0,-0.07911682151246661,-0.4530370653873442,0.022069094248954552,-0.5124472981320601,0.08070211777858416,0.04761292652616041,0.4737953828738732,-0.8232781217630406,0.7570603993930021,0.33005069320283453,0.7615998135430836,0.5162460952597132,-0.26808366604294465,-0.48434944018561427,-0.44365993344557136,0.5515361453509655,-0.7420120407690516,-0.4090453256843925,0.010024599876957354,0.6941558255444424,-1.1427802670626344,0.6855262771119144,-0.4806862915091096,-1.1816436313613525,-1.3894702040099645,-0.6941558255444424,-0.010024599876958064,-0.5089050763265954,-0.4846237089171882,-0.2548937564358004,0.05939174276930372,-0.23819657973844427,-0.49755964466293656,0.2692014673650073,0.2896456887631914,-0.35630847989348147,-1.1644891896302574,0.27583454506891375,-0.8706669502611417,-0.9571529238609991,-1.2946394109712458,-0.6992004034990842,-0.20711139779498602,0.1250502895462747,-1.198562864808365,1
-0.5862019402001745,0.15564000857606544,-0.4445202009343899,0.5985369837740325,1,0,0,1,0,0,0.097548296545388,-0.5513058466297674,-0.6047967952025805,-0.10160604416034526,-0.8725455858889013,-0.3454694524691609,-1.1903808488080878,0.33312802453076656,1.442637390822312,-1.9604172739202363,-1.0992142818398192,-0.01639581243577242,1.5244482484997457,-0.7822098579605341,-0.7138179408227594,1.6709750740010592,-1.5113552664950862,-0.8438404894864677,-0.2493891336940558,0.22497917377587734,0.8736786737738707,-1.17231581130158,-0.2929648407435216,1.1497632504605309,0.6051864037127462,-0.22497917377587734,0.2493891336940551,-0.8152827261747027,-0.7848207026180125,-0.5005292101652823,0.3824042551358344,-0.27233314020935756,-1.348194477436079,0.6769975162545934,0.8986955503100138,-0.4183195767369984,0.6674062963570164,-1.1658209625447336,-0.378013264106322,-0.46443461193445323,-0.008482709938082702,-0.2550758902638815,-0.8656330827735822,-0.8769950965056176,-0.08511336124321738,0
0.7759119647334253,0.23294330649045036,-0.8790386569529866,1.7718540298733036,1,0,0,1,0,0,1.081825382867721,-0.6716705668497771,0.9559713377175679,-0.6559524121954198,-0.05609801670784394,-0.009627738446992187,0.20510840899525196,0.016053258230973432,0.3187364268810779,0.20442233749281283,0.9710323369699593,0.03904969975748693,-0.5127268958713219,-0.5095619030132009,0.23741182287393198,-0.6198439408199885,-0.9684040902570179,-0.4482817189363257,-0.7099870034754222,0.7574155988166087,-0.7943564851062017,0.21580035167093517,-1.0586067562822588,-1.236414308578812,-1.7000494428910424,-0.7574155988166087,0.7099870034754215,-0.5367575899491508,0.11577027848446049,-0.2821865846279648,-0.5478717804797735,-0.8697229484503528,0.5736101447550955,0.10608304780917345,0.5111183656893089,-0.17027518936292965,-0.7481493064513315,0.19995793940503753,0.0051618251252043045,-0.5422322401333817,-0.9561771212256767,0.12560226393772106,0.5337254978059351,1.0714264874841732,-0.332546584257695,1
-0.3034990542705592,0.05256894469021735,-1.6032360836506476,-1.6014324776621007,1,0,0,0,1,0,-0.7100636717190902,0.27031420008942836,-0.1442422641769629,-0.42275660184246044,1.1227579225465028,0.5346057714930601,1.2543736341870928,-0.5377780636715916,-1.2876593476779699,1.8374117274623558,1.6563221271609812,1.4273609417315953,-1.2379103622402086,0.6255858266051681,-0.8416489718151968,-1.5324428710081233,1.0724245643079242,1.1949345230559114,0.7686432489180746,1.1844190684037315,-1.119159086286106,-0.10502819427495139,0.22031616798320386,-1.4188268635694306,-0.9866788986527487,-1.1844190684037315,-0.7686432489180752,0.577342954953057,-0.7848207026180125,-1.6069330893092284e-4,-0.7933612898783374,-0.3747428216220998,1.833809897011603,-0.46483142063624716,-0.8177176958673952,-0.10826409251941274,-1.0257092285706153,-0.02767187758659086,0.23324223538206504,0.31354167005482897,-0.29617565622181696,0.062155904904119784,0.28677986593896093,1.0714264874841732,0.34789477903211874,1
-0.25209852955608386,0.23294330649045036,-0.8790386569529866,-0.8681093238500562,1,0,0,1,0,0,0.21111872958258027,-0.560609399883488,-0.7839013350458762,0.8386996427467487,-1.7406474806613694,-1.0793126651327811,-0.029084738741481906,0.8430975713232233,-0.146585231513132,-0.905165820308113,-1.7522356066152671,-1.0804431016589078,0.5181625378798824,-0.04950376578498198,0.28581948854045114,0.3963951353073656,-0.5381382784373316,-1.051062922334356,-0.23432195700141584,-1.2411978630008915,-0.009020542266200731,-0.8708501863531142,0.5987258048955628,0.689211921705335,1.2518337351682087,1.2411978630008915,0.23432195700141514,-0.20252742647848845,0.04072103005925432,-0.6097005229339397,-0.3282232720705331,-0.5112890635057554,-1.3166894836296663,-0.13859458152457876,-0.04256332662598434,-0.8523972546416179,-0.5816133531797613,-1.317574173872486,-2.2847654938536786,-1.7221629344837932,-1.4131012123821949,-1.5240030709358887,-0.7010026615289333,-1.211010225189582,-2.064579145359036,0
-1.3315095485600683,0.7998341578626126,-0.4445202009343899,0.5985369837740325,1,0,0,1,0,0,-0.36935237260751347,-0.24138122886520175,-0.3361399854376369,-0.2607346988676996,0.05627490836719799,0.015862245173864826,-0.2006359503103808,0.20216483142205596,-0.7409069846092293,-0.7090287776541605,-0.821602890373638,0.7495706065262272,1.2687334737952047,-0.9221966536499744,0.20520332996158783,-1.1242412053792719,-1.0744354269697203,-1.1881268117173593,-0.28338753067176975,1.303385209184222,-0.6424588574881884,-0.07190938441251597,-0.11690932150591533,-0.10753964141765157,-0.09185058524222127,-1.303385209184222,0.2833875306717691,-0.9545452942874786,-0.03432821836595151,-0.6278957417287164,-1.0646918002662225,-1.3647030752786062,0.1010352376589052,0.5138790966987595,0.7325910426154264,-0.9144083514851348,-0.6648813298155464,-0.17942508891434333,-0.3415203984652251,-0.3477381696360611,-0.36386811417093057,-0.15990635171348128,-0.7010026615289333,-0.15329565102369538,0.40975308478573785,1
0.030604356373531493,0.33601437037629844,-0.8790386569529866,-0.4281154315628296,1,0,0,1,0,0,-0.00340319948767178,-0.5030436641260921,0.12441454558798068,-0.5500595256083439,0.09017389496787881,0.03822187992900256,-0.015094732701551554,-0.8356147760968958,0.510035652454555,-0.09854356942328985,-0.370842673992669,1.5378306424939407,1.2318526834326553,-0.09718236006536941,-0.19499250536226642,-0.12035784468374007,-0.36755414577878426,-0.6957019355456064,0.5174554829923397,1.584211532575986,-0.07611387584445381,0.9515682929487795,-0.8181838498417423,-0.2313343944096063,-0.1971038940975435,-1.5842115325759867,-0.5174554829923405,0.02029268250195297,-0.03432821836595151,0.5002078235474204,0.3565632541465125,0.18851042614798086,0.038025250046078915,1.7372672433675176,1.5631135810883663,0.38782468222872474,-0.08200549336504998,0.8828473903799233,-0.0039613912850709025,-0.4255357978349895,-0.48232991558187904,0.6966194952401235,-0.7833178721512579,-0.09762646290970158,0.47161139053935697,0
0.6988111776617119,-0.2051087150244015,-0.4445202009343899,-0.4281154315628296,1,0,0,1,0,0,-0.4703038686405733,-0.17741930024587296,-0.09306953850744984,-0.44821718659563714,0.46729959641717017,0.20994387484846033,-0.37811420708923615,1.3913418951742105,-1.2456552870480553,-0.37475640084947404,-0.9341305363752332,-0.5683752541787664,0.928195668107862,-0.9540390148436855,1.0643042710192419,-1.003810866737732,-0.9936561361789341,-1.3468568076527767,-0.30219600057873947,-0.4754817429490244,-0.42748753325505434,-0.8434637609072831,0.6941193931733505,-0.4790206950489338,-0.10052808103416679,0.4754817429490244,0.30219600057873874,-0.9545452942874786,0.7912135143113154,-0.4186507255887879,-0.8450432918569822,-1.1428154322176651,-0.024984737566746233,0.8401159358104279,1.1201682272361313,-0.6043528672675491,-0.47058938433204756,-0.8623145398892288,-0.323273965644676,0.06718251409155555,-0.1269445113490324,-0.5723076854318833,0.28677986593896093,0.06938110143228039,-0.45626319576493324,1
-1.100207187344929,0.15564000857606544,1.7280720791585935,0.5985369837740325,1,0,0,1,0,0,0.17326191857018283,-0.5571205674133428,-0.6047967952025805,-0.10160604416034526,-0.923865887798175,-0.34994137942018844,-1.353570763387429,0.3292559606342739,0.9890610965206371,-1.1386415362506264,-0.45224700261558914,0.5392604686185787,1.218754607055244,-1.0577565927504797,-0.7116010733668985,1.1421954753891574,-0.2890831898433204,0.07434435830103116,0.416552302523086,0.3223554599919946,0.8252751717454528,-1.1647804729351066,-0.20428335283220067,1.2515813138965035,0.6605260485593172,-0.3223554599919946,-0.4165523025230867,-1.038102835155144,-0.7472960784054096,-0.35041865510837633,0.26611975068388355,0.13730558544161034,-0.9543820548559203,0.5954383064766764,0.42806611184201476,-0.4803306735805153,0.6118943119331598,-1.1658209625447336,-0.41450612974742024,-0.4514683405679659,0.04228663352375219,-0.3819686083310823,-0.9479482933959068,-0.9326642846196119,-0.08511336124321738,0
0.15910566815972013,0.6967630939767645,0.5693561964423357,-0.4281154315628296,1,0,0,1,0,0,-0.5838743016777656,-0.1047352904511812,-0.4896581624461761,-0.17393725084550635,0.23329182537307536,0.05387362425759897,1.3334696896855518,-1.4362097035440033,0.4598699468881715,1.8515154212968452,1.5819969438726853,0.176176305846614,-1.7369901396147938,0.8248026460431811,-1.315847086378702,-0.3436593376791069,1.271281587796421,0.5668892911004036,-0.2548898489945435,0.4930801176436278,-1.0300889781859097,0.6530561655253899,-0.9740021151178664,-1.2406968235686158,-1.503216450149302,-0.4930801176436278,0.25488984899454276,0.577342954953057,-1.3101654415944555,-0.5278220383574467,-0.6124742829530796,-0.11871861809024475,-0.43454965705011084,-0.8726274695258333,-0.8730858650989243,-0.29429738304996345,-0.9979532363586869,0.5034643620605421,-0.25028823436248077,-0.6978274965312384,-1.0915620371239039,0.062155904904119784,0.7806711296729086,1.1827648637121608,-0.5181215015185524,1
0.9815140635913272,0.23294330649045036,-0.8790386569529866,-0.8681093238500562,1,0,0,1,0,0,-0.25578193957032125,-0.3530238679098483,-0.7839013350458762,0.8386996427467487,-1.3521328215113277,-0.9196648729810978,-0.5810042052808178,1.0266153688498736,0.41866150452244,-0.9426426161162638,-1.5373636444808916,-0.9767703096003537,0.5507288778632028,-0.9850195609424509,0.6155052588578974,1.0062494058971787,-0.6625396550096218,-0.8187851949283844,-0.27639264516917894,-1.0580753433055055,-0.17631944850873865,-0.7924621554868507,0.4388593086783035,0.6164863795220091,1.1992636524525166,1.0580753433055055,0.27639264516917894,-0.7874302125521474,1.0163612595869336,1.1188452625698195,1.5452492996553449,1.1443341193335734,-0.5605696322757617,0.758556726032511,1.009431888773073,1.0079356506638961,-0.6648813298155464,-1.2416975682086098,-2.175286896930385,-1.6832641203843295,-1.396178097894916,-1.3336639938350878,-0.7010026615289333,-1.1553410370755877,-1.940862533851798,1
0.9815140635913272,0.15564000857606544,-0.8790386569529866,0.5985369837740325,1,0,0,1,0,0,-0.25578193957032125,-0.3530238679098483,-0.6047967952025805,-0.10160604416034526,-0.5595850262298758,-0.19297674343912158,-1.539020516561821,1.2454236259444649,1.2371729133156089,-1.8201150250082063,-1.1589445685863562,-0.05347286830685057,0.8958211682552504,-0.9854820729478934,0.4923398075742431,1.2114337414571692,-0.7644986520099503,-0.6699319036500129,-0.2548898489945435,0.17986603418274572,1.1553634164840296,-1.2161678005181382,-0.4738827381005642,1.7007941980340833,0.8526265873412824,-0.17986603418274572,0.25488984899454276,-0.8431352397972577,0.7161642658861095,0.6821600114951846,1.2609982887727984,0.8371050750953478,-0.7495995951142377,0.4323198869208419,0.6218547041523672,0.5738579727592754,0.8339422496285867,-1.2416975682086098,-0.5878472415426337,-0.723760039264214,-0.07617516788719629,-0.3819686083310823,-0.9479482933959068,-0.9883334727336057,-0.332546584257695,0
-1.2030082367738797,-1.1069805240255675,-0.8790386569529866,-0.13478617003801185,1,0,0,1,0,0,-0.7353015457273552,0.32264668714160644,-0.822280879298011,1.2871531241947474,-0.6569574689866768,-0.7466012999763318,-1.3155447386317098,-0.4915299889400406,0.2733336991238104,-0.9100344356436106,-0.06730909616005458,-1.1794036624308142,-0.02048394480665623,-1.0029623455246115,-0.6962195473597456,0.2394304064661543,-0.12295098583581497,0.7527212512635648,-0.974766068754056,-0.6418048099999468,0.8271488248737142,-0.022817123353675972,-0.13305185551726126,1.1074817191362636,0.8223909180910776,0.6418048099999468,0.9747660687540554,-0.7038726716844818,-0.18442671521636386,1.9467277177321458,1.8036593095485693,1.6563825263972836,2.1173548412693166,-0.46483142063624716,-0.04256332662598434,2.3721797812212735,1.0004782029001573,0.19995793940503753,0.6894030558957865,0.5080357405521495,0.9561348158367899,0.6014499566897238,-0.28942660841731066,-0.5986491559356475,0.7809029193074537,0
-0.7147032519863632,-1.1069805240255675,-0.4445202009343899,-0.13478617003801185,1,0,0,1,0,0,-0.81101516775215,1.6280515030542708,-0.822280879298011,1.2871531241947474,0.2556084424433621,0.2573463005293523,-0.3812119322372846,-0.5246384514362789,0.46171247317208286,-0.4925332359664784,0.01285800238892545,0.46311397497909773,0.766819268095275,0.13860159672358777,-0.6438244477842499,0.24093556056142146,0.3152227022339859,0.5948342322427549,0.7938248367274053,-0.15567358143258175,0.6685735538566985,0.07511354101986571,-0.38905941565830104,0.9779500617808976,0.5640238198573141,0.15567358143258175,-0.793824836727406,0.49378541408539117,-0.25947596364157,1.3917735444914656,1.3256007912461045,1.4174266031008858,1.109195039464111,1.0847935651441794,0.7325910426154264,1.5660355222555504,0.6674062963570164,0.12408133374116129,0.16937972051014377,-0.06248019957332482,0.3299795798074865,0.31594134103852145,-0.7833178721512579,-0.9326642846196119,0.2860364732784985,0
-0.7147032519863632,1.8047770307496258,-0.4445202009343899,-0.8681093238500562,1,0,0,1,0,0,-0.81101516775215,1.6280515030542708,-0.7966945164632545,0.9399633321059743,0.5918732820097946,0.5256619175910051,0.5545057600058652,0.22505161300842771,0.6452617996827434,0.2265833729166926,0.22884225214281464,0.7266402068444248,0.12070303734472208,0.2921342353513077,-0.2644749976867054,0.32346773936751805,0.31156210028715875,0.5024102832569153,0.5791922973583978,0.41661470759684033,-0.47915667160467046,-0.5738356484585792,-0.5570406136100655,0.0028401264859979087,0.19299971981757066,-0.41661470759684033,-0.5791922973583985,0.5494904413305014,0.04072103005925432,0.9914787310063841,1.0284292798688959,1.1272658390981163,0.6366201323679207,0.5954383064766764,0.34501385799472056,1.13195784435093,-0.3040534310604773,-0.3311783002420958,0.8080048692293539,0.36540675552078095,0.34690269429476517,1.331083085576127,-0.12479618717266176,0.06938110143228039,0.904619530814692,0
-1.2030082367738797,-0.7204640344536393,-0.8790386569529866,-0.4281154315628296,1,0,0,1,0,0,-0.7353015457273552,0.32264668714160644,-0.8350740607153893,1.6227699232138946,-0.923865887798175,-1.0059730631359294,-0.8952627392324116,0.08450259544212314,0.12525734465568808,-0.40585110294920634,0.12710917005152922,-0.5876735851384093,-0.23953699796326683,-0.8983128243108918,-0.262472014164387,0.3300614791438665,-0.20462208459981077,0.7241527663848641,-0.5972369986170187,-0.20918429502488586,0.34730104245981086,-0.3789211660813135,0.16044896924167276,0.34537890036559715,0.5417460851141882,0.20918429502488586,0.5972369986170181,-0.5367575899491508,0.41596727218528484,2.265144046640733,2.1395923224097615,1.9294750101645959,2.3063848041077932,0.02452383803125581,0.34501385799472056,2.558213071751823,0.41760236644966076,-0.2553016945782196,0.36096726512590627,0.39133929825375646,0.5161338391675497,0.37938770007212164,-0.04248097655033679,-0.15329565102369538,0.47161139053935697,1
-1.2030082367738797,0.18140777454752677,-1.6032360836506476,0.5985369837740325,1,0,0,1,0,0,-0.785777293743885,1.0611162266556748,-0.7711081536284979,0.45100437491428536,0.35708231377937705,0.46752686722764697,-0.7137513088922466,-1.2080625227479045,1.681056513755978,-1.0636183618542696,-0.4518530604666205,0.41906699539151976,0.5970194273481126,-0.5722698923133391,-0.8071455594982674,1.4884932628173548,-0.5642193657164998,0.6097378897073299,1.215239784852797,-0.6337026228571595,0.4206832360989571,0.8495230223481742,-0.8022683906425819,0.8774095231360436,1.182721481994821,0.6337026228571595,-1.2152397848527976,-0.5089050763265954,-0.7097714541928067,0.1908891040362222,0.9509062769009282,0.6493539925053206,-0.18250970659880966,0.2692014673650073,-0.26403600355210183,0.20179139169817292,0.44535835866158957,0.8828473903799233,0.21499580256151593,-0.24400799870415715,0.10997909147286698,1.4579758036433286,-0.6186874509066087,-0.9326642846196119,0.5953280020465953,1
-0.09789695541265715,-0.2051087150244015,-0.15484123025532542,-0.13478617003801185,1,0,0,1,0,0,2.5960978233636176,-0.7449360487228264,-0.10586271992482811,-0.45863288035830035,-1.0173216678299961,-0.2184667270599786,-0.7150930085974164,0.583969845239247,-0.391657856904099,-0.5479054548444557,-0.7643241367672462,-0.8081865025423629,0.6379143002267242,-0.5673948520279426,0.7727049589321348,0.37528815685253,0.0639066218399562,-0.20900954972399532,-0.2611143426240418,-0.8432999717894734,0.42741998501190887,-0.027438074180359137,0.9125378159886971,0.8035536338519234,0.7896016664119673,0.8432999717894734,0.2611143426240411,-0.5367575899491508,0.7161642658861095,0.00893691608845806,0.2015172482105774,0.22264698661889537,-0.5920746260821743,0.18764225758709038,0.34501385799472056,-0.046252995675895824,0.5286263352973745,0.12408133374116129,0.4704458620491997,0.8970238815467907,1.209981533145967,-0.4136917878478824,0.12214944469431245,-0.26463402725168356,0.47161139053935697,0
-0.38059984134227254,1.2378861793774645,-0.4445202009343899,0.3052077222492148,1,0,0,1,0,0,1.081825382867721,-0.6716705668497771,-0.029103631420558513,-0.4968237574880654,-0.5705019788787665,-0.13260572960024972,-0.27964073900639086,1.3987922421830985,-0.7584288095779904,-0.498917381731748,-1.2695900346190407,-0.3722152686470509,1.2924617208494613,-0.7602854446816716,1.5723924012983004,-1.0892628619661937,-0.4606243493301425,-1.6853780656704562,-0.5666803935267474,0.05436948222367098,-0.37082100335704526,-0.3446980608398156,-0.057806537957443616,0.21725797537948258,0.005085575497710725,-0.05436948222367098,0.5666803935267466,-0.48105256270404034,2.2546738586028345,1.5373352948496766,0.6214335142870673,0.39332978897346543,0.6996301199807459,1.6149284287006416,2.227531611866718,1.069946747507413,-0.3595654154843339,-0.3311783002420958,-0.02220782410562002,-0.0495139282068366,0.04228663352375219,-0.12818317219668063,-0.20711139779498602,-0.2089648391376897,-0.023255055489598248,0
-0.4320003660567478,-1.0554449920826439,1.4383931084795292,-0.13478617003801185,1,0,0,0,1,0,0.19849979257844777,-0.5582835115700578,-0.4001058925245282,-0.24337520926326098,-0.553193935664148,-0.2412735545102191,1.2378945187065205,0.4106343356517212,1.2082958946084201,-0.05317107207249119,0.41662948735170685,0.14255212526880587,0.14020057367913163,1.1475579024257079,-0.060072846310179104,2.2209969886478804,-0.16794007173857534,0.43446539208147683,-0.653257441282515,0.8423168734713579,-0.5746961271137051,-0.6237881712951785,0.5801068153762827,-0.09469581229637845,-0.11746784484783006,-0.8423168734713579,0.6532574412825142,0.911573118423719,-0.18442671521636386,-0.3913578973966235,0.7570987694810098,0.6493539925053206,-1.6632444155002057,-0.8726274695258333,-0.7069813574043363,-0.17027518936292965,-0.5261013687559044,-0.5588081172337243,0.10551720563822252,0.39133929825375646,0.3299795798074865,-0.5088613263982832,-0.9479482933959068,-0.7099875321636356,0.2860364732784985,0
0.46750881644657266,-1.3646581837401863,0.5693561964423357,-0.4281154315628296,1,0,0,1,0,0,0.24897554059497767,-0.5710758972939236,-0.4512786181940413,-0.19997648525216433,-0.6620802742757668,-0.28465124593518626,-0.030325150980543954,0.1316290590589955,-1.1686073358262015,0.3767791218797582,-0.10550348638040166,-0.08073787196696491,0.2585131261396048,0.31632598284206276,-0.10958882649029542,-1.1079729081616103,0.1469172571856826,0.18043051090790635,-0.4194329849395745,0.30587169994287167,0.3582370555348951,-0.2904486951072748,0.48411945644941373,-0.3633236485870349,0.3133149753817348,-0.30587169994287167,0.41943298493957376,0.6330479821981672,0.26586877533487285,1.1916261377489248,0.3436427536518511,0.39332978897346543,2.0858498474629035,-0.22015379130249568,-0.04256332662598434,1.069946747507413,0.41760236644966076,-0.17942508891434333,0.32447439948480933,0.533968283285125,0.34690269429476517,0.37938770007212164,-0.7010026615289333,-0.6543183440496418,0.47161139053935697,1
-0.12359721776989524,-1.158516055968491,-0.4445202009343899,-0.13478617003801185,1,0,0,1,0,0,-0.06649788450833415,-0.4774588926783606,0.9047986120480549,-0.6553737625419385,0.5261042115904917,0.1392874290222251,0.4591028041865271,-0.3685340517297795,-0.36527996884173636,1.201256703879509,1.0339318787712297,2.153797294675415,0.051922018670162065,-0.23569961453654223,-0.47879423457476056,0.7779919745275078,-0.358852213287572,-0.3094958052774566,0.04968400367083265,2.8882466382268537,-0.8739019027038337,0.026178998184710728,1.2811568594981946,-1.9786520202211941,-1.6463244955967986,-2.888246638226853,-0.04968400367083336,-0.2582324537235989,-0.4846237089171882,-0.13662483426975403,0.279040251178545,0.12023730520615308,-0.8126095827270634,0.18764225758709038,0.17890935030013266,-0.17027518936292965,-0.9701972441467586,-0.3311783002420958,-1.0622544948769042,-0.3347718982695729,-1.057715808149347,-1.7460653275534903,-1.3595243465075295,-0.09762646290970158,-0.5799798072721716,1
-1.7427137462758722,-0.30817977891024867,1.4383931084795292,-1.6014324776621007,1,0,0,1,0,0,0.097548296545388,-0.5408393492193319,-0.16982862701171944,-0.4244925508029043,-0.2187106321173164,-0.08788646008997425,1.568260435168564,-0.34708572895792505,0.13152517310913392,0.3276547909479587,0.32523422800367296,0.5295068303017417,-0.06108687762152337,0.8433297366742788,-0.17825461503059056,1.000107651977024,-0.028305972643660113,0.2878455698245418,0.06512235289855199,0.6575966059261134,-1.3380591745599544,0.2978144953566951,0.8252124224630706,-0.47070820198096097,-0.14179525072544394,-0.6575966059261134,-0.0651223528985527,0.939425632046274,-0.03432821836595151,0.4456221671630917,0.9250652759116064,0.8712416355662611,-0.34003467563087314,-0.05703537174666111,-0.09793149585751397,0.5118468759157585,-1.1367331974183288,0.8069707847160468,1.455753234358838,1.739831520368513,1.396135792506029,0.41111087958892223,0.03983423407198747,0.4033962301162448,1.3994859768436472,0
-0.9974061379159777,-0.8235350983394863,0.27967722576327125,-0.8681093238500562,1,0,0,1,0,0,-0.4198281206240434,-0.20940026455553734,-0.041896812837936774,-0.49335185956717764,0.42472669934964274,0.2202293068358237,1.8448421899301939,3.0618213110167276,-2.414074447840872,2.454111546454593,1.7682746725545937,0.6612469507252113,-1.0609224730661189,1.3205971768929174,4.043885141431183,-1.144352940550092,1.6779221056055669,1.0983027597644013,0.7520553775833569,0.15598260733932334,-1.245772834506671,-0.15137047677398643,2.150156297895229,-1.6515475357683127,-1.226564799655921,-0.15598260733932334,-0.7520553775833577,1.5521809317424884,4.393577438721207,0.7822337148664557,0.007709740790658993,0.683490552976235,1.6132749403667133,0.35076067714292497,0.012804842605544792,0.9459245538203791,-0.9979532363586869,0.4275877563966659,1.848051540000638,2.9456947574519,1.8022905402007128,-0.826093121566285,1.5215080252738291,1.795125932966095,1.275769365336409,1
-1.0231064002732158,0.20717554051898904,0.27967722576327125,0.3052077222492148,0,1,0,1,0,0,0.07231042253712305,-0.5245581310253209,-0.13144908275958464,-0.4470598872886746,-0.16508329654252002,-0.05792454951808968,0.27792407228045074,3.2030434924781446,-1.2570328603729144,0.9271499248779982,-0.2281984579404719,-0.6437724414529808,0.06319088475933327,-0.008992265378362193,3.7055337237158565,-0.935666436222433,0.061273987463096646,-1.1735216147069343,-0.5008818372323651,-0.38126032008238236,-0.39544515354144805,-0.6841553754367183,0.7781514979034447,-1.1917614966983938,-0.8490462777502336,0.38126032008238236,0.5008818372323643,-0.2582324537235989,2.667444724941468,-0.973604898829468,-1.2455788071914804,-1.1598837124531223,-0.9701345517591269,0.02452383803125581,0.2896456887631914,-1.2244638357027204,-0.24854144663662048,-0.482931511569848,0.6529101902546883,0.9877877811122063,0.38074892326932136,-0.1916295312302808,1.1922471827845313,1.0714264874841732,0.16231986177126023,0
-0.7404035143436003,0.38754990231922204,0.5693561964423357,-0.4281154315628296,0,1,0,1,0,0,1.3468230599545028,-0.6926035616706483,0.11162136417060241,-0.5384865325387181,-0.5527712857893066,-0.11650679257655054,0.2628261818610221,0.14618323516197426,0.5963057025166923,-0.01831530072110172,-0.2974127731994244,1.5718384473685807,1.211818688582407,0.29369777174395784,1.1828879545132502,-0.25327208259546724,-0.4514539099865087,-0.887306788115974,0.387122208219553,1.7598570774187565,-0.07200685078512467,0.9843501076585269,-1.069683889241516,-0.4229111795306687,-0.47963120710543977,-1.7598570774187565,-0.3871222082195537,0.49378541408539117,1.4666567501381707,0.7913313242638433,0.5245297605771081,0.3079883877961804,0.2270552128845555,1.6557080335896,1.5631135810883663,0.2638024885416898,-0.05424950115312168,0.9587239960437993,0.0963939892279486,-0.47740088330094144,-0.6007917169928287,0.8552353928241243,-0.7833178721512579,0.013711913318286572,0.47161139053935697,1
0.7502117023761872,-1.0039094601397194,-0.4445202009343899,-0.4281154315628296,1,0,0,0,1,0,-0.4703038686405733,-0.17741930024587296,0.15000090842273722,-0.5483235766479001,0.6483938083253511,0.2873082111012369,-0.5530022096863637,-0.04197018932778437,-0.00449539468199507,-0.13878266677265225,0.22099000709674824,-1.3122451931441128,-1.664021334447086,-0.9360390816333867,0.502618112561139,-0.9798093071276431,-1.1715714572710103,-1.4220383414953381,-0.5047088517425482,-1.2891818387499494,-0.16631618722074526,0.5611171934829094,-0.9784685060870225,-0.974223772889295,-1.6756414955899497,1.2891818387499494,0.5047088517425475,-0.8988402670423681,0.41596727218528484,-0.11842961547497735,-0.5995537824584191,-0.9892009100985523,0.2270552128845555,0.6769975162545934,1.0648000580046022,-0.4183195767369984,0.08453045990652028,0.9587239960437993,1.099947794358136,0.35244048415429274,-0.07617516788719629,0.664896315723324,4.237909975810539,3.4652015763859154,-0.08511336124321738,1
0.46750881644657266,0.9802085196628456,0.5693561964423357,1.0385308760612593,1,0,0,0,1,0,0.24897554059497767,-0.5710758972939236,0.6617281651178678,-0.6096604399169167,0.20249277530770438,0.031961182197564,-0.7056564873923129,-0.9107149926448621,-0.6514934794643132,-0.841857250136125,-0.6512580109359719,-0.7325533410861049,0.23924997339111173,0.13809616899894067,-0.09522513052454905,-0.9374010651345712,0.08072979761403934,0.2742863934597961,-0.8963291925090734,-0.11014700605881247,1.1192165882287388,1.1545904630059136,-0.05138425625767952,1.2173451182226869,1.114454587905053,0.11014700605881318,0.8963291925090727,0.29881781872750485,0.11577027848446049,0.6639647927004092,0.03355074177998182,0.06903246449978255,1.6132749403667133,-0.8726274695258333,-0.5962450189412776,0.6978801664463103,1.8054019770460803,2.020996475338066,2.0031462189753038,1.6620338921695847,2.174599058920838,1.7117612397777302,-0.28942660841731066,-0.3759724034796717,2.3273605631479377,1
-0.3034990542705592,-0.12780541711001567,-1.6032360836506476,-0.4281154315628296,1,0,0,1,0,0,-0.15483044353726144,-0.4291967101746853,-0.08027635709007157,-0.47252047204185127,0.06893730628991,0.03509153106328328,-0.8283776720083359,0.871301727288048,-0.06070044850061736,-0.07231505292551424,0.10184040229748292,-0.30174277307210456,-0.278830353234979,-1.294342876684405,0.41078985909009913,0.8166647752184645,-0.35270710904085256,-0.06652659364835778,-0.47521987007162214,0.05977612737849499,-0.14141283373017396,-0.784368701729956,0.9036488868212845,-0.25204536059606175,-0.19734778106552037,-0.05977612737849499,0.4752198700716215,-1.1216603760228097,0.7912135143113154,1.1006500437750428,1.4160442947087326,1.178470679804488,0.16404522527173035,-0.05703537174666111,0.17890935030013266,0.8839134569768611,-0.19302946221276363,-0.7864379342253526,-0.22291858513165644,0.2616765845888761,0.1438253204474232,-0.9529858396334858,0.03983423407198747,0.06938110143228039,-0.1469716669968365,0
-1.2287084991311177,-1.0039094601397194,-0.8790386569529866,0.3052077222492148,1,0,0,1,0,0,-0.00340319948767178,-0.5047880803611647,-0.438485436776663,-0.20576298178697722,-0.46758293208315554,-0.2291993517424447,-0.8854761645872945,-1.4504654074582686,-0.14570395737086048,-1.386181935665189,-1.687342110229213,-1.3521530701340454,0.9047026706223326,0.023151891223358527,1.8438399482097136,-1.630988071807181,-0.20207239623756082,-0.9506617022244765,-0.5047088517425482,-1.3436114231817156,1.2544092586583988,3.8379276750179843,-1.4398035294387632,1.6722708370282156,1.2654912615701834,1.3436114231817156,0.5047088517425475,0.0759977097470634,1.841902992264201,0.2454747604205509,-0.6641562849317252,-0.6990401460957827,0.8886600828192224,0.6769975162545934,1.0648000580046022,0.2638024885416898,1.2502821328075124,3.7661584056072175,0.23324223538206504,-0.5681647828663581,0.0761328624983096,1.648314880744129,0.4514102871836102,-0.15329565102369538,0.2860364732784985,0
0.2105061928741954,-0.7462318004251005,0.27967722576327125,0.5985369837740325,1,0,0,0,1,0,-0.11697363252486404,-0.45187412123062914,1.3525599616562942,-0.686620843829928,0.7195458699565561,0.18311231314229506,-0.6388281606005041,-1.3261606794301113,0.22489322363223216,-0.562168441871954,-0.019844815676053385,-0.2459125293350653,-0.42545469107116485,-0.2940091715277854,-0.42824724474267234,0.30339590562321256,-1.001078349875496,-0.6636681556088007,0.2905222516232541,-0.6235317921885499,0.5945356081305003,1.3911884626534903,-0.0025529449111174082,-0.23319885849302316,-0.6221435491289863,0.6235317921885499,-0.29052225162325485,-0.23037994010104354,-0.3345252120667762,0.2454747604205509,0.369483754641173,-0.06751377738387422,0.006520256239666901,0.9216751455883455,0.8433273810784847,0.07776919801113909,0.6674062963570164,1.4898602356909325,0.38833691435672935,0.3265079414213163,0.2115177783965368,-0.1916295312302808,1.6038232358961542,1.3497724280541432,-0.023255055489598248,0
-1.7941142709903475,-1.0554449920826439,-0.8790386569529866,-0.13478617003801185,1,0,0,0,1,0,2.230148650243776,-0.7327251350773182,-0.4001058925245282,-0.24337520926326098,-1.2683081885176524,-0.37543136304104546,-0.37351419794930263,0.2273945273642631,0.3050558948555122,-1.1531947651320147,-1.7336007743205788,0.1489907981454075,2.0821312865369097,-1.2864433270402587,-0.6962195473597456,1.7450726598168085,-1.8497833134485993,-1.899142253224339,-0.5252107151899527,0.7241032714020105,-0.7660184300870453,-1.00956358396572,1.3366081012496906,-0.2763217394407511,0.3996231391601509,-0.7241032714020105,0.525210715189952,-1.2052179168904753,-0.6347222057676005,0.06352257247278678,0.9638267773955896,0.06903246449978255,-1.8207693845322692,1.0847935651441794,1.5631135810883663,-0.10826409251941274,-0.8314172830871166,-1.0899443568808573,-0.7155722712864762,0.015317428625603584,-0.093098282374475,-1.0481553781838862,-1.3595243465075295,-1.266679413303576,-0.45626319576493324,0
-1.0488066626304537,-0.12780541711001567,-0.15484123025532542,-0.4281154315628296,0,1,0,1,0,0,-0.38197130961164594,-0.24719594964877709,-0.08027635709007157,-0.47252047204185127,0.33584572510140825,0.17506284463044547,-0.5646228814790908,-0.42279223239295144,0.3285966624005341,-0.33227074767485426,0.12737077814633238,-0.5933589178318708,-0.5013082216297896,-0.8792961455345644,-1.1951095363885322,1.4570806851826226,-0.36576473430875966,0.5223150195779653,-0.8569681418843186,0.040659774866796713,-0.09346048704612078,-0.6169388905773718,1.0150229227280627,0.08619029437082638,0.34435070655128075,-0.040659774866796713,0.8569681418843179,-0.9266927806649233,-1.2351161931692491,-0.6915790075104341,0.09815324425328795,-0.05044549714841698,-0.9701345517591269,-1.5251011477491712,-1.4267675574142176,-0.4183195767369984,-0.22078545442469194,-0.7105613285614767,-0.5239847266707137,0.04124997135858002,0.0761328624983096,-0.9847090191502859,-0.7010026615289333,-0.7656567202776299,-0.332546584257695,0
-0.7404035143436003,-1.0039094601397194,0.5693561964423357,0.3052077222492148,0,1,0,1,0,0,1.3468230599545028,-0.6926035616706483,-0.438485436776663,-0.20576298178697722,-1.101923060144201,-0.37364259226063445,-0.6941398090427133,-1.7241266551011125,0.9230568061821233,-1.0420729988785926,-0.9645728101468289,-0.5274166300355343,0.7186987576272192,0.3148763890979743,1.2094628216477168,-0.3970765745475164,0.07711460452216394,-0.1301379577013109,0.2600885100232926,-0.9772859963810728,1.2798390796217431,3.578031246430969,-1.6608732401384037,1.4842389143453725,1.1269375076778054,0.9772859963810728,-0.2600885100232933,0.27096530510494976,1.0914105080121401,-0.054746349693259644,-0.25070026910256554,-0.20406001926752979,0.1325402314653172,0.5954383064766764,0.5111183656893089,-0.17027518936292965,1.1670141561717275,3.3108987716239606,-0.031331040515893936,-0.8793552956620708,-0.3130987707090945,1.6165917012273294,0.12214944469431245,-0.32030321536567735,0.038603250264021984,1
-0.7404035143436003,-0.12780541711001567,0.5693561964423357,-0.4281154315628296,0,1,0,1,0,0,1.3468230599545028,-0.6926035616706483,-0.08027635709007157,-0.47252047204185127,-0.6974997567639204,-0.16748675981826458,0.3828853977448239,1.35406108000708,-0.9346979320337662,-0.2816143597528102,-0.4569811414390202,-0.05173197138344186,0.9133047191660548,0.42198768323464786,1.1673078890521325,-0.31927224477968297,0.06255121750357466,-0.15297241486302757,0.19997699316119485,-0.26889098598050765,-0.11076634506933362,-0.6891079087408077,0.9569255701505642,0.44246754831369944,0.4447500755139617,0.26889098598050765,-0.19997699316119558,0.29881781872750485,0.9413120111617277,-0.2912841940253525,-0.40574627503850064,-0.3576745413866426,-0.11949971898598452,0.5138790966987595,0.4557501964577793,-0.35630847989348147,-0.24854144663662048,-0.7864379342253526,-0.5787240251323598,-0.03654765684034838,0.1438253204474232,-1.1433249167342867,-0.5363722402842841,-0.7099875321636356,-0.3944048900113141,0
0.8530127518051386,0.9544407536913834,0.5693561964423357,-1.6014324776621007,1,0,0,0,1,0,0.3751649106363024,-0.585612699252862,-0.19541498984647596,-0.40655441154498434,-0.41489264600104153,-0.13618327116107173,1.5695379613365432,2.6684206691420083,-0.7676006937434017,0.7495693505889014,-1.0610056298036772,0.31072835383547676,0.7774245966930526,1.0807502349100417,2.7511259721849006,-1.0087695029437391,1.1971370671346377,-0.386458014732835,-0.8569681418843172,1.2737269836114935,-1.1026078413981895,-0.9064735062844025,0.035619798024227725,0.17444078883573808,1.0020582490818386,-1.2737269836114935,0.8569681418843165,0.8558680911786088,2.2921984828154374,-0.38226028799923456,-0.8192022908676594,-0.3576745413866426,-0.5290646384693491,-0.5463906304141645,-0.2086678343205727,-0.23228628620644656,-1.0812212129944723,-0.9381911455531051,-0.41450612974742024,-0.3347718982695729,-0.24540631275998087,0.47455723862252236,-1.3595243465075295,-1.0440026608476,0.22417816752487937,0
-1.074506924987691,0.20717554051898904,-0.4445202009343899,-0.4281154315628296,1,0,0,1,0,0,-0.24316300256618875,-0.3681421419471442,-0.5536240695330674,-0.1247520302995968,-0.45372395372172836,-0.18671604570768302,-1.7201728783871704,2.4393311491603047,-0.41326950347614994,-3.059952402542205,-2.9369185468815764,-2.1102033115586485,1.0390122997105873,-1.79636338525438,4.400017662063913,-2.219559782013136,-3.198611856028134,-4.146997236302817,-3.034126254566094,0.13114384342216406,0.597037132406029,1.059782547162518,-1.6654902715316162,0.9621095212444017,-0.23059770436575902,-0.13114384342216406,3.034126254566093,-1.7344156757190237,2.4422969796658496,-1.874268229170901,-2.4471853531949743,-3.1056676592952206,-1.348194477436079,-1.0357458890816678,0.5664865349208381,-2.0306080946684437,0.4731143508735179,0.8828473903799233,-0.22291858513165644,-1.0219842806934394,-0.6346379459673855,0.47455723862252236,0.4514102871836102,0.5704037944582268,-0.2706882785040748,0
0.13340540580248203,0.15564000857606544,-1.6032360836506476,1.478524768348486,0,1,0,1,0,0,-0.16744938054139394,-0.4274522939396127,-0.7455217907937414,0.12406732069735729,-1.1784697024237138,-0.4246225595023485,-3.1481181818699455,-1.1711279184676886,0.7286117334183962,-2.6730953276513563,-1.715291730930962,-1.6778856039309502,1.504332915687712,-1.3137011137244556,0.044460089600091485,0.5106898407742703,-1.9091257020285584,-1.4419244076229771,-0.8901438845537538,-1.4056019766329109,3.0649002916182533,1.6519489633207,-0.482842608982854,1.7181229680164234,0.8222047220475317,1.4056019766329109,0.8901438845537532,-1.17736540326792,0.26586877533487285,0.6912576208925736,0.8733832739329616,-0.03337721691295973,0.06953024385249205,1.166352774922097,1.9506907657090713,0.5738579727592754,2.6935937278277886,1.413983630027056,-0.23204180154193166,-0.4385020692014777,0.22844089288381547,-0.15990635171348128,0.12214944469431245,-0.48731077970765985,-0.1469716669968365,1
-0.5862019402001745,-0.46278637473902035,-0.4445202009343899,1.0385308760612593,1,0,0,1,0,0,-0.6848257977108253,0.08947638372023524,-0.3233468040202586,-0.3070266711462027,0.8133652694943978,0.30609030429555256,-2.435704426175243,-0.4088173583730867,0.7385214782294056,-1.2810256514083345,-1.3469214106631493,-0.8351355869167079,1.0494859362320812,-0.6735114751145355,0.1105207058694818,0.11467413156192471,-0.4691679031717717,-0.6263466289827064,-0.4291756706205303,-0.7133741297612556,2.7139415660257193,0.6718318712121855,-0.8943471582669243,1.2653641485528848,1.1395582259155832,0.7133741297612556,0.4291756706205296,-0.5924626171942612,0.19081952690966666,0.2727675886127153,0.29196075167320634,0.08610074473523979,-0.18250970659880966,0.10608304780917345,0.34501385799472056,0.3258135853852078,2.6658377356158605,0.7310941790521709,0.2606118846128881,-0.2569742700706454,0.24536400737109418,1.267636726542527,-0.7010026615289333,-1.0440026608476,0.47161139053935697,0
-1.8455147957048228,0.0010334127472937634,1.0038746524609323,0.5985369837740325,1,0,0,1,0,0,-0.07911682151246661,-0.46931828358135513,-0.20820817126385424,-0.3996106157032089,-0.11828247531010876,-0.052111044481753875,-0.9348574737505742,0.24919513973018667,1.489018433150613,-1.015345115346622,-0.304487954891995,-0.15846118611804044,0.22332153924989734,0.0608966788565523,0.24696863579615588,0.9430615163416742,-0.09760479825095314,-0.032862137996962706,0.288491621905012,-0.5022446364654003,1.3607893181941073,-0.09462039198037057,-1.08785220511222,1.2748824990721956,0.36376577229310936,0.5022446364654003,-0.2884916219050127,0.18740776423728422,0.41596727218528484,0.5365982611369737,0.9767472778902511,0.8883099158017184,-0.49755964466293656,0.35076067714292497,0.2342775195316623,0.44983577907224165,1.1392581639597994,-0.17942508891434333,-0.2776578835933038,-0.7756251247301669,-0.2792525417345383,0.2524949820049213,-0.28942660841731066,-0.5429799678216537,-0.5799798072721716,1
0.004904094016293398,0.5936920300909173,-0.4445202009343899,0.3052077222492148,1,0,0,1,0,0,-0.10435469552073157,-0.45885178617091954,2.2864622051249075,-0.7282836188805808,0.9398371349582465,0.20994387484846033,0.6107768139366413,0.5866827760598734,-1.3908308522173238,0.8709095280858894,0.27100772613101,0.2503521785145586,-0.40204920707159364,0.1832660834439551,0.735301442477258,-1.8877055198757364,0.06772845675855423,-0.6127827750031818,-0.04921092906325296,0.3902573124670771,-0.6661827165162676,-0.06863167855840126,0.004350370241657365,-1.1093842076936733,-0.9505864281363524,-0.3902573124670771,0.049210929063252244,-0.007559831120602114,0.41596727218528484,-0.6278957417287164,-1.4264658141167375,-1.3305665148076924,0.5421051509486824,-0.05703537174666111,-0.04256332662598434,-0.9144083514851348,-0.6093693453916895,-0.02767187758659086,0.12376363845877164,0.10608132819102022,-0.3469449996836519,-0.033013633646279864,0.6983559190505837,1.0157572993701793,0.038603250264021984,0
-0.5605016778429365,-0.9266061622253344,0.5693561964423357,-2.6280848929989626,1,0,0,1,0,0,-0.356733435603381,-0.2559180308241401,-0.24658771551598904,-0.36604893580129416,0.14248334380624778,0.0860714983049973,0.7289582700835048,1.0902238356274887,0.615488969964747,0.8842030555702584,0.008213468659882803,-0.635628799494236,0.1911725165771558,-0.7364464420533374,1.054815748819822,0.18122101026620335,-0.3675541457787819,-1.1090355183820528,-1.9287998281276528,1.046038314370867,-1.7494828269788638,-0.4396751674446605,-0.6592844025144275,-1.558961683250593,-1.0934352389718782,-1.046038314370867,1.9287998281276528,-0.7595776989295921,0.7912135143113154,-0.4004555067940112,-0.25070026910256554,-0.3747428216220998,-1.1906695084040155,-0.5463906304141645,0.4557501964577793,-0.10826409251941274,-1.6363410572330401,-0.4070549059059717,0.023408257945752128,-0.32180562690308556,-0.8884846632765624,0.6331731362065233,-0.37174181903963527,0.1250502895462747,-0.2706882785040748,1
1.0329145883058024,0.5679242641194551,-0.8790386569529866,0.5985369837740325,1,0,0,1,0,0,-0.34411449859924853,-0.2599883353726428,-0.0035172685858019803,-0.5014529547159157,0.34491418251967687,0.1875842400933226,-1.6378683266293708,-1.714647109187741,0.712062768914472,-1.2253127199429164,-0.869756157616798,0.4271359850269267,0.7366532348707541,-1.0066701823815345,0.3010117878716733,1.4316523866327786,-1.0091476283558591,-0.7517871940993268,-0.3593320018427697,0.9389436438584764,1.2716427933112353,2.6549539692274733,0.4652589211860687,0.6546649202675541,0.39675173051518525,-0.9389436438584764,0.359332001842769,-0.9266927806649233,0.340918023760079,0.1817914946388332,0.9121447754169449,0.4103980692089227,-1.0961545269847772,0.18764225758709038,0.40038202722625016,0.015758101167622184,1.5000860627148682,3.007392348968456,0.8080048692293539,0.9488889670127426,1.1930584186586881,-0.033013633646279864,-0.4540570296619595,-0.04195727479570725,1.275769365336409,1
-1.3315095485600683,1.3409572432633117,0.27967722576327125,-0.4281154315628296,1,0,0,1,0,0,-0.8236341047562825,1.8199372889122571,-0.4768649810287978,-0.19245403975690759,2.2276305679663553,1.548391611291005,1.7648031744773867,-0.5443238879543955,1.1202180891159321,1.6283800107297168,2.227830252832473,1.838756899343466,-1.6502961342555933,2.1429744292210122,-0.8393105979674664,0.32640289771803693,2.0867474052077175,2.5559512259634607,3.0565407618992184,-0.5235948099447552,-0.3127669744032372,-0.0937013134317165,-1.2033722213184377,-0.13065333390512177,-0.4008995422049676,0.5235948099447552,-3.0565407618992193,2.6941339902672503,-0.4846237089171882,1.3462854975045246,1.338521291740765,2.2879088951091933,1.6132749403667133,0.2692014673650073,-0.8730858650989243,2.0621242970036877,-0.10976148557697851,0.19995793940503753,0.9174834661526473,0.08014878545804377,0.025363519036474696,1.5214221626769286,1.2745623934068555,1.0714264874841732,0.6571863078002155,0
0.9558138012340891,0.20717554051898904,-1.6032360836506476,-0.4281154315628296,0,1,0,1,0,0,-0.1800683175455264,-0.41117107574560174,-0.5536240695330674,-0.1247520302995968,-0.5202732181652703,-0.21980830514528685,-1.046766254936299,-1.3840663143780907,0.9616307952213892,-0.252870617947546,0.8273701947654559,-0.5092396828548699,-0.9842120569140868,-0.9397399683520575,-0.9490630637176178,0.3661358176010211,0.3063969288960879,0.9419051203685038,-1.1014209826064827,0.39783372969061137,0.5165768548457718,0.9489239095870504,-0.9466503252045899,0.6454298408169414,-0.1560347513649697,-0.39783372969061137,1.101420982606482,-0.8709877534198129,-0.8598699510432187,0.11810822885711679,0.29196075167320634,0.4103980692089227,0.41608517572303205,-1.0357458890816678,-0.7069813574043363,0.6358690696027934,0.41760236644966076,0.8069707847160468,-0.1681792866700104,-0.62002986833231,-0.3469449996836519,0.12560226393772106,0.12214944469431245,0.3477270420022505,-0.023255055489598248,0
-0.4577006284139859,-1.8542457371979617,1.0038746524609323,1.0385308760612593,1,0,0,1,0,0,-0.3062576875868511,-0.31115787826810587,-0.09306953850744984,-0.46441937689311324,0.22349099186228139,0.11961095043770391,1.7310704972505095,0.47771271992342074,-1.6562450695364335,1.0756011439956863,0.7652886448292202,0.2546054484505916,-0.5296422776828976,2.7484925595626923,0.7198534735296956,-0.7785270609150259,1.4178004289273742,1.2117382432205863,0.6109019818860374,-0.25863368266248993,0.33916571566005366,0.06545770712114354,1.4817978792385091,-0.04720111797894693,0.18811382976512964,0.2586336826624906,-0.6109019818860381,2.63842896302214,0.7161642658861095,0.1272058382545045,-0.3023822710812103,0.2567835470898098,0.9831750642384596,-0.6279498401920818,-0.9284540343304539,0.38782468222872474,0.3620903820258042,0.12408133374116129,0.19674936974096682,0.9488889670127426,0.8715192434003977,-1.016432198667086,-0.12479618717266176,-0.26463402725168356,0.22417816752487937,1
-0.2263982671988458,0.5936920300909173,-1.6032360836506476,0.3052077222492148,1,0,0,1,0,0,-0.7100636717190902,0.11913145971646949,2.2864622051249075,-0.7282836188805808,2.0969948481295018,0.6544534137805984,0.6994849949371662,-0.2044959027236556,-1.2066342737761024,1.328789343784691,1.3708370154873417,0.3336934179736974,-1.3907082556799961,0.3797114484242232,-0.3486887375676629,-1.675291016102632,0.8796176495931813,0.9691751868727628,0.21054164239835904,0.2463053852199044,-0.5932477075508984,-0.06863167855840126,-0.03399643199407825,-0.922894872982684,-0.8359443228617013,-0.24630538521990367,-0.21054164239835974,0.577342954953057,-0.10937746679115769,0.7731361054690666,-0.3023822710812103,0.0519641842643253,2.62143474217192,-0.30171300108041293,-0.4301405112466897,0.7598912632898273,-0.5816133531797613,-0.1035484832504671,-0.11343998820836432,-0.11434528503927678,-0.4654068010946016,-0.1916295312302808,0.7806711296729086,1.0157572993701793,-0.1469716669968365,1
0.72451144001895,-0.5658574386248675,-0.15484123025532542,0.5985369837740325,1,0,0,1,0,0,-0.6469689866984278,0.043540089529990035,-0.3745195296897717,-0.2520549540654803,0.6005923122246085,0.22827877534767327,0.05107199587782212,-0.006228414322635804,-1.0192362132926154,0.4825492269446431,0.74818764084425,1.1375287448316054,-0.3597976150900587,-0.6051178630841025,0.3803572252534521,-1.1026982202451021,0.07113787400736353,0.06855120724999603,-0.33645217931212407,1.8851427108031094,-0.6756434924056786,0.3895822126225105,0.2852246806509028,-0.581353775987331,-0.9057536648393804,-1.8851427108031087,0.33645217931212335,-0.7874302125521474,-0.10937746679115769,-1.2283379619563388,-1.5169093175793655,-1.4159079159849774,-0.024984737566746233,-0.709509049969999,-0.6516131881728072,-0.8523972546416179,-0.6093693453916895,0.4275877563966659,0.1785029369204177,0.30057539868834077,0.04228663352375219,-0.6040308649486834,-0.5363722402842841,0.45906541823023866,0.47161139053935697,1
-1.280109023845593,1.0317440516057692,-0.4445202009343899,-0.8681093238500562,1,0,0,1,0,0,-0.29363875058271866,-0.32860204061883186,-0.3617263482723934,-0.2561055016398493,-0.07557315057065565,-0.0547942006523704,0.3854722549146958,-0.20338009578573385,-1.8906428607778958,0.5573047036668013,0.10003554021733854,-0.4593120329185675,-0.33507180051792224,-0.5123148380967553,-0.11485590778372262,-1.0023132791423024,-0.31936344377572357,-0.5725590931911221,-0.6392523306161405,0.007555847346540335,-1.0479075036986536,0.1640854370837836,1.5773439447802764,-1.0695580243693845,-0.6890436165357415,-0.007555847346540335,0.6392523306161398,-0.6203151308168162,-0.3345252120667762,-0.7188718357025985,-1.077612300760884,-1.1257471519822078,0.006520256239666901,-0.5463906304141645,-0.319404172783631,-0.9144083514851348,-0.9424412519348303,0.27583454506891375,0.36096726512590627,1.1563493088765513,0.5838262971166633,-1.016432198667086,0.6160407084282594,0.6817421706862145,0.16231986177126023,0
1.341317736592655,0.20717554051898904,-0.4445202009343899,-0.4281154315628296,1,0,0,1,0,0,-0.4576849316364408,-0.19602640675331406,-0.5536240695330674,-0.1247520302995968,-0.1581902790310473,-0.05434700795726765,-0.5411243584845374,-0.5260772019119002,-0.17388928566974138,-0.49043252552602473,-0.07967679898312242,0.9165548974156725,0.09399192023529093,-0.27367711419970464,0.009259473190118548,-1.1687256301159634,0.14245368619903767,-0.07221097483134342,0.6912331826893902,0.5645149086083918,0.47899164503089087,0.731333406461608,-0.9367440679603605,0.8037973386446856,0.033083778729178795,-0.5645149086083918,-0.6912331826893908,-0.09111737198826762,0.26586877533487285,0.8004289336612322,0.007709740790658993,0.06903246449978255,1.550264952753888,0.9216751455883455,0.6218547041523672,0.6978801664463103,0.4731143508735179,0.7310941790521709,0.12376363845877164,-0.38663698373552574,-0.0592520533999176,0.41111087958892223,0.03983423407198747,0.3477270420022505,0.40975308478573785,0
-0.2263982671988458,-0.46278637473902035,-1.6032360836506476,1.0385308760612593,1,0,0,1,0,0,-0.7100636717190902,0.11913145971646949,-0.3233468040202586,-0.3070266711462027,0.9333833856429823,0.32889713174579305,-1.5694571249011897,-0.8412330315143789,-1.0377015146077158,-0.3614455596948078,-0.26657706764292577,-0.5990273298923139,0.2841476578618297,0.5967518858552053,-0.3525756027207822,-1.957429608163293,1.28452104651579,1.164286552766012,0.2430696413654208,-1.0580753433055055,2.778635790031112,0.8014162372228697,-0.548455248737068,1.7619987140482418,1.483262452591056,1.0580753433055055,-0.24306964136542153,0.6330479821981672,-0.25947596364157,0.2545723698179399,-0.8321227913623208,-0.34060626115118536,2.3378897979142055,-0.5463906304141645,-0.7069813574043363,0.44983577907224165,2.5548137667681474,0.7310941790521709,-0.031331040515893936,-0.30883935553659736,0.38074892326932136,0.664896315723324,-0.7010026615289333,-1.1553410370755877,0.2860364732784985,0
-0.4577006284139859,0.7225308599482267,1.0038746524609323,-0.13478617003801185,1,0,0,1,0,0,-0.3062576875868511,-0.31115787826810587,-0.6687627022894718,0.04594961747738333,-0.6890749195677589,-0.2748130066429257,2.3572864567640286,-0.19118739463850176,0.5007227999196605,1.3202575577325957,1.103065264745727,0.8726842949458088,-0.4744501602032172,2.5065219716686475,0.41613687493372786,-0.2052819026414982,1.695087962906711,1.5602919978419783,0.773109214277421,0.4234769879856554,-0.7733769802014049,0.6792874852675342,-0.8907933566467542,-0.10276257690797051,0.08928258184197808,-0.4234769879856554,-0.7731092142774217,2.387756340419144,0.41596727218528484,0.09081540066495114,-0.031051760693324323,0.6493539925053206,0.5106001571422693,-0.6279498401920818,-0.983822203561983,0.5118468759157585,-0.9424412519348303,0.04820472807728505,-1.4089367184673323,-1.5665676780859363,-1.4977167848185873,-0.2233527107470814,-1.0302635040182315,-0.9883334727336057,-1.0748462533011267,1
-0.2006980048416086,0.20717554051898904,-0.15484123025532542,0.5985369837740325,1,0,0,1,0,0,1.2837283749338404,-0.6896962012788607,-0.7711081536284979,0.5088693402624143,-2.1033402180397163,-0.9236896072370226,-0.315160517629191,0.030216205449582298,0.3933209165114917,-1.591168397998758,-1.334879855753615,-1.4489806116907171,0.6237965207685348,-0.22692432193657816,0.9402022091603727,-0.25653830929008636,-1.331953251666516,-0.9000064267481201,-0.8251557858999272,-1.1578572735420007,0.21149826290972365,0.900401243172372,-0.7954791295762131,0.8288238079600629,0.8567280858262037,1.1578572735420007,0.8251557858999266,-0.2582324537235989,0.7912135143113154,-0.17301527185930607,-0.2765412700918884,-0.767313267037611,0.19555021907814235,-0.22015379130249568,0.17890935030013266,0.015758101167622184,0.16779843654230542,0.8069707847160468,-0.06782390615699217,-0.46443461193445323,-0.1269445113490324,0.9186817518577256,-0.20711139779498602,-0.7099875321636356,-0.1469716669968365,0
-0.14929748012713334,0.23294330649045036,-1.6032360836506476,-1.161438585374874,1,0,0,1,0,0,0.47611640666936217,-0.5995680291334429,0.5082099881093286,-0.596351497886847,0.007420066858474563,-2.3669184983433978e-4,0.17476505675448106,0.054148669718637125,-1.245054839523719,0.7685186458852306,0.015032810439512176,-0.413902186628628,-0.6627039295434453,-0.9949089085497353,0.24696863579615588,-1.7364999251215656,-0.6442369237438149,-1.3849206242752732,-0.3979084468072301,-0.16987246385113386,-1.237116324439096,0.17308700924741727,-0.04298328211986034,-1.677033415504168,-1.3716488264951752,0.16987246385113386,0.39790844680722937,-0.8709877534198129,0.41596727218528484,0.5365982611369737,-0.5091102789957901,-0.71610842633123994,1.0776900456576979,0.5954383064766764,0.8986955503100138,-0.10826409251941274,-1.1089772052064004,0.35171115073279,0.5525548097416701,0.4432043837197094,-0.29617565622181696,0.31594134103852145,1.6861384465184783,1.739456744852101,-0.1469716669968365,0
-2.308119518135102,-0.9266061622253344,-0.15484123025532542,0.3052077222492148,0,1,0,1,0,0,-0.21792512855792381,-0.37163097441728943,0.44424408102243734,-0.5888290523915902,0.471317577299314,0.16924933959410968,-1.72237890272218,0.1356502111661584,0.08834789289977422,-0.14971400750002994,-0.08099625049971348,0.7757213103032347,0.815277712451605,-1.3550872819884192,0.8564931575550119,1.6268285037945052,0.511442221095179,1.5701734114172619,2.394254639720468,-1.3166012534636966,1.0410225459300682,0.6718318712121855,1.5140312263047446,0.7093913170119199,1.6382678193113995,1.3166012534636966,-2.3942546397204683,-1.17736540326792,1.3165582532877582,1.2189189659410893,2.0103873174631492,2.185499213696451,0.3845801819166189,1.4110304042558486,0.2896456887631914,1.3800022317249987,0.22331042096616224,-0.17942508891434333,-1.9472064866735241,-1.0738493661593913,-0.7700228618656133,-1.6508957890030895,-1.4418395571298541,-1.9347096706715041,-1.6934293108373202,0
-1.0488066626304537,0.20717554051898904,-1.8929150543297122,1.0385308760612593,1,0,0,1,0,0,1.2080147529090457,-0.6798111759467825,-0.630383158037337,0.025696879605538233,-1.4576827254211728,-0.5426814310094757,0.4176085940099311,1.0986591327226698,-2.1353396732710954,-0.39086920274876297,-1.7263306873348978,-0.45471398462058604,1.1358185124940239,-0.8273733793619348,-0.24208343562377363,-0.4087172406950039,-1.0725729934061867,-1.377582450672679,-0.9197330604481181,0.2920044097428146,-1.4073966477064213,-1.7504580103366156,2.5083594573060433,-0.5355059439300455,0.8993733038323908,-0.2920044097428146,0.9197330604481174,-0.9823978079100336,-0.6347222057676005,-1.3738997123145495,-1.3360223106541085,-1.603658998575004,-1.1276595207911904,-0.22015379130249568,0.2342775195316623,-1.3484860293897554,-1.3587811351137562,-1.6969572021918669,-0.5513543759015367,0.7284623537824456,0.4484413812184362,-1.238494455284687,-0.4540570296619595,-0.3759724034796717,0.10046155601764112,0
0.6988111776617119,0.28447883843337485,-0.8790386569529866,1.7718540298733036,1,0,0,1,0,0,-0.5586364276695006,-0.08147640731687983,0.7896599792916505,-0.6310704770957244,1.1530408791652536,0.42504356119288533,-0.4344410723255372,-0.0905836172259469,1.603189237312752,-0.0822784568412862,0.6664693066429125,-0.08882664128258876,-0.8339901869756083,-1.3863251967724899,-0.041190215032415586,1.1756027050084092,-1.5015950287871365,-0.8501694953307214,-0.805928537777492,0.678161166961424,-0.7810989155065965,0.08306540423057829,-1.0102460507231175,-1.377803039364165,-1.6964677797380932,-0.678161166961424,0.8059285377774913,-1.17736540326792,0.491016520610491,1.664701826413112,2.152512822904422,1.2467438007463156,0.3530751881102058,0.5954383064766764,1.1755363964676604,1.876091006473136,-0.7481493064513315,0.04820472807728505,-0.07694712256726609,-0.5811310542328463,-1.0407926936620688,0.12560226393772106,0.5337254978059351,1.0157572993701793,-0.45626319576493324,1
0.15910566815972013,1.109047349520155,2.1625905351771904,-0.13478617003801185,1,0,0,1,0,0,0.29945128861150755,-0.5763091459991414,0.13720772700535894,-0.5448516787270123,-0.10549999294893256,-0.022149133909869317,-0.9823489800364757,1.3925121608755244,0.9135265355244057,-0.602676855461852,-0.6509000735296785,-0.39879718203391323,0.26180676803547454,-0.9084686850193961,1.5260544999124508,0.6016901967460117,-0.64895196745823,-0.836033004064164,-0.30219600057873947,-0.24419747799268982,0.4582489638549338,-0.38249874453700594,-0.6441807564335832,0.17068788802313653,0.02997846619979095,0.24419747799268912,0.30219600057873874,-0.7038726716844818,1.9920014891146134,1.127942871967207,1.3126802907514432,0.9395147565080901,-0.18250970659880966,0.8401159358104279,1.1201682272361313,0.8839134569768611,0.6118943119331598,-0.17942508891434333,0.6437869738444144,0.1838789563899486,0.24536400737109418,0.9821281108913258,0.6983559190505837,0.6260729825722207,0.6571863078002155,0
-1.2544087614883548,-1.41619371568311,-0.8790386569529866,-0.13478617003801185,1,0,0,1,0,0,-0.571255364673633,-0.0640322449661538,0.39307135535292426,-0.5836212055102586,1.0027398063979185,0.40178954104754205,-1.1939258911037198,-0.1298930481876901,2.14880411404316,-1.1949106931955642,-0.1190994810459225,0.3369113180002409,0.620144794573342,-1.1333228882646724,0.5004712081252336,1.9386574520788957,-1.2140218802836065,-0.42021903164469876,-0.088318892712161,0.5471004570796687,0.527780138540592,0.6796433548141612,-0.9893234333335892,0.4104439423122807,-0.2554269370313812,-0.5471004570796687,0.0883188927121603,-1.1216603760228097,0.26586877533487285,-0.5005292101652823,0.5116092600824467,-0.03337721691295973,-1.411204465048904,0.02452383803125581,0.06817301183707392,-0.790386157798101,0.8246902522246106,1.0851850054835932,1.0989341036458824,0.3452370000617992,0.49921072468027106,1.1865663788884817,-0.024188707523153618,0.26113052715826013,1.2620230751689392,1
0.930113538876852,-0.2824120129387873,0.27967722576327125,-0.13478617003801185,1,0,0,1,0,0,0.2363566035908452,-0.5635167602752758,0.5593827137788417,-0.600402045461216,0.16438033681314843,0.030619604112255734,0.2285381048177806,0.6440314036512234,-0.019814508264244572,-0.056814341984878704,-0.042197589667935874,0.17596851289459653,0.03627727195753262,-0.5811563067633781,0.1796564329728807,-0.7095920411118714,-1.0040220780764866,-1.3167993861933436,-0.27639264516917894,0.5141229242844115,-0.8984723321455118,-0.703977442468269,-0.6859844719346845,-0.918818595206286,-1.2307393731775735,-0.5141229242844115,0.27639264516917894,-0.5367575899491508,0.19081952690966666,0.08171779126756346,-0.3023822710812103,-0.6649035856248688,0.1325402314653172,0.758556726032511,1.009431888773073,-0.17027518936292965,-0.8314172830871166,-0.6346847228976005,0.10551720563822252,-0.2699405414371327,-0.6007917169928287,0.12560226393772106,0.5337254978059351,0.9044189231421907,-0.2706882785040748,0
0.23620645523143258,0.20717554051898904,-1.168717627632051,0.5985369837740325,1,0,0,1,0,0,0.5139732176817596,-0.6018939174468729,-0.7711081536284979,0.5088693402624143,-1.8063682572009236,-0.8561635102765067,-1.134374235192352,-0.4789024766620077,0.45941999554991053,-1.9116557882536633,-1.6038704710387024,-0.5187377185614839,1.7424257300977934,-1.1529710315766417,0.18321407492390046,-0.14688569801197215,-1.5555748069601738,-1.3139034108545966,0.31556668481488753,-1.020471574555225,0.4253399180574882,0.8408485168662668,-0.7756484854770008,1.0400422897741657,0.8023392133030283,1.020471574555225,-0.31556668481488825,-1.0102503215325889,0.41596727218528484,0.7185504490847379,0.5245297605771081,-0.1699234587966153,0.5106001571422693,1.8188264531454346,1.784586258014483,-0.10826409251941274,0.1400424443303771,0.4275877563966659,-0.8159276517994943,-1.047916823426415,-0.6346379459673855,0.09387908442092041,-0.37174181903963527,-0.8213259083916238,-0.8892713360402683,0
-1.6142124344896835,-0.9266061622253344,0.27967722576327125,0.3052077222492148,1,0,0,1,0,0,2.6970493193966774,-0.746680464957899,0.44424408102243734,-0.5888290523915902,-0.6760393023611438,-0.11918994874716707,-0.09456398942208338,-0.3485412378233148,-0.5903801366045726,-0.3495874105032851,-1.236963270134439,-2.230769127989217,0.622004415760033,0.15647486887438453,-0.4959397735258054,0.24497750950481542,0.1746296813425466,-0.31638470542259284,-1.038397984607798,-2.0126325500434374,0.2878413745262876,-0.018437790870871006,1.053248196101491,0.6454298408169414,1.2992247470855065,2.0126325500434374,1.0383979846077973,-0.3417899945912644,-0.9349191994684248,-1.7832921351970188,-1.4135453136220761,-1.2850511008464733,-1.7682610615215817,-1.1716779053781963,-0.9099979779199442,-1.720552610450858,-0.10050948817300241,-0.4323471077939307,-1.262965255902942,-0.62002986833231,-0.3469449996836519,-1.0693041645284194,-0.7558794686104828,-1.4707997697215542,-1.4872349583252553,0
0.2105061928741954,0.7998341578626126,1.0038746524609323,0.3052077222492148,1,0,0,0,1,0,-0.6091121756860305,0.02318856678747634,1.2374213288998899,-0.6802556976416338,1.4431598943579127,0.5435496253951152,-0.4945352264970842,-3.4324737278759008,2.636935533966621,-0.43960784634391087,1.1532890047666073,0.0657313520984855,-0.8259869776122521,-1.404728182608755,-1.7726248549927133,2.428470576283249,-0.9563203241096548,0.43574904190632013,-0.35678002163742906,0.4434998061064408,-0.7159245778889783,2.935401246387399,-1.1644004844405729,-0.3543890239150884,-1.0739080618860557,-0.4434998061064408,0.3567800216374284,-1.4001855122483615,-1.760460932145692,-1.06458099280335,0.17567624722125458,-0.22112829950298704,-1.5687294340809674,-0.38327221085833024,-0.26403600355210183,-0.35630847989348147,-0.9424412519348303,1.5657368413548085,-1.682633210775566,-1.8907244622481374,-1.870025303538713,-1.016432198667086,-0.04248097655033679,0.18071947766026855,-1.3222794763156045,1
0.31330724230314594,0.6967630939767645,-0.15484123025532542,-0.8681093238500562,1,0,0,1,0,0,0.3246891626197725,-0.5815423947043593,-0.579210432367824,-0.07846005802109372,-0.9531274677070419,-0.38661118041861436,0.6052439007204631,0.42948197242401465,-1.3174593903457357,0.9087927091310084,0.1438366256808814,0.9253295704129282,0.7400273397251899,-0.5027288602851501,0.2253975437717087,-0.6646753485362705,-0.49870068964634245,-0.5771973727323878,0.48604987461335547,0.7799808228191798,-1.3439271309453844,-0.3636791742408633,1.1330764975207537,-1.7222233867647916,-0.7505155500429562,-0.7799808228191798,-0.4860498746133562,-0.5646101035717058,0.04072103005925432,-0.46413877257572894,-0.7158382869103699,-0.8526546682148961,0.038025250046078915,0.9216751455883455,0.7325910426154264,-0.6663639641110671,-1.192245181842186,-0.1035484832504671,0.8444977348704508,1.3638096507403592,0.4484413812184362,0.1890486229713212,0.2044646553166367,0.6817421706862145,0.9664778365683122,0
0.2105061928741954,0.6967630939767645,1.0038746524609323,-0.8681093238500562,1,0,0,1,0,0,-0.6091121756860305,0.02318856678747634,-0.579210432367824,-0.07846005802109372,0.12079695862464888,0.07846922248825047,-0.24101147062041714,-1.251553701231982,1.2413543488431549,0.505462964593967,0.8662837427701859,-0.19624499358377487,-0.296950700430923,-1.3905031927434521,-1.8004847371765285,2.578240432404282,-0.8550710625969511,0.4358084093753321,-0.5252107151899512,0.2532428274968747,-1.05424208962251,-0.08588935230265327,0.8939100095214341,-1.5307216840663331,-0.7007292041525279,-0.2532428274968747,0.52521071518995055,-1.4280380258709164,-1.835510180570898,-1.583144728454478,-0.28946177058654887,-0.596630464683041,-2.041304341177158,-0.5463906304141645,-0.3747723420151606,-0.9144083514851348,-0.9146852597229018,0.12408133374116129,0.6529101902546883,1.0526191379446466,0.27921023634565156,0.15732544345452057,0.5337254978059351,0.7374113588002092,0.47161139053935697,1
-1.5628119097752085,-0.514321906681944,-0.15484123025532542,-0.13478617003801185,1,0,0,1,0,0,0.2742134146032426,-0.5745647297640688,-0.7199354279589849,0.11249432762773152,-1.3801488435131979,-0.5288184574612904,-0.585312047732228,0.06815384357289071,-1.048180100842868,-0.7220482339875283,-0.7528025523173154,0.4904460028548189,1.1474425688295944,-0.8623163759309412,-0.3132967543523239,-1.3757464794184389,-0.09166477515410788,-0.2041829921726267,0.8615353283924976,-0.18555039652161812,-0.04772571201956795,-0.40739710006284685,0.05040477676259708,0.8845473595150924,0.7793352363820522,0.18555039652161812,-0.8615353283924982,-1.038102835155144,-0.7472960784054096,-1.5785959237557843,-1.8980640821718722,-1.8255466416359454,-0.24551969421163483,-0.01625576685770265,-0.4024564266309252,-2.1856358367772364,0.05677446769459199,-0.2553016945782196,0.4613226456389258,0.4172718409867329,0.7699805564767266,0.37938770007212164,-0.20711139779498602,-0.32030321536567735,0.6571863078002155,0
-0.5091011531284612,-1.2615871198543382,-0.15484123025532542,-0.8681093238500562,1,0,0,1,0,0,-0.6974447347149578,0.11040937854110647,-0.5920036137852022,-0.06110056841665506,0.4143599156901133,0.13213234590058104,0.6415022916404077,-0.8603722283526185,-0.8479319545927037,1.1942860099313508,0.7508543997932619,0.42467096759099454,-0.5375192706892942,-0.04478024181782205,-0.5481692476714729,0.22316928690608548,0.7623279740335244,0.5760259979675783,0.18286856865026183,0.39783372969061137,-0.9367684424180912,0.6317439657697494,1.3834149987934887,-0.8574919809104657,-0.4137702208979069,-0.39783372969061137,-0.18286856865026252,0.04814519612450831,-0.40957446049198204,0.4001341201761507,0.459927258103802,0.76883195415352,0.038025250046078915,-0.05703537174666111,-0.1532996650890431,0.44983577907224165,-0.859173275299045,0.6552175733882943,0.16937972051014377,0.8710913388138142,0.43151826673115745,-0.857816301083085,0.12214944469431245,0.3477270420022505,-0.023255055489598248,1
-0.5091011531284612,0.20717554051898904,-0.15484123025532542,0.5985369837740325,1,0,0,1,0,0,-0.6974447347149578,0.11040937854110647,-0.7711081536284979,0.5088693402624143,-0.3088314588364044,-0.3083524587756323,-0.6705049870547012,-1.0605344874021345,0.8604810110671586,0.07775887478906197,0.13402893202364355,0.11943739403391075,0.26191772475724234,-0.06106582577206178,-0.8962992414995457,0.2939752044344288,1.208998696197297,1.2074559775145541,0.9704170281043213,-0.799549433147316,0.8713372528059129,0.5577239624785417,-0.8808896388173498,1.0937751883759725,1.004601573979349,0.799549433147316,-0.970417028104322,-0.007559831120602114,-0.7848207026180125,0.23637715102316323,0.3565632541465125,0.8541733553308051,0.1325402314653172,-0.05703537174666111,-0.4855086804782194,0.2638024885416898,0.5841383197212315,0.27583454506891375,-0.6060936743631827,-0.9312203811280227,-0.4992530300691578,0.506280418139323,-0.7833178721512579,-1.1553410370755877,-0.5799798072721716,0
-1.6142124344896835,-0.8235350983394863,-1.168717627632051,-0.8681093238500562,1,0,0,1,0,0,1.6622964850578146,-0.7106291960997319,-0.09306953850744984,-0.49335185956717764,-0.7972318651325021,-0.1652507963427508,0.7547725245492845,-0.2721824464745845,-3.3389258171870284,0.7002576733187696,-0.27808055690296546,1.4081145527089438,2.8339985766886633,-0.16137818165003465,-0.407354488945409,-2.482117021876554,-0.7420120407690516,-1.7946353170868865,1.4008254564523381,0.5311786728248358,-1.2107767462298051,-0.03449983493088091,2.0701352142387868,-1.6817693777352518,-1.390593746476201,-0.5311786728248358,-1.4008254564523388,0.6330479821981672,0.5660657690356972,3.4478332683011996,1.0413497803635572,0.6493539925053206,3.8501295006220144,7.120175088710053,6.103303458073771,1.3800022317249987,-0.9979532363586869,0.4275877563966659,1.4283835851280149,2.4789089882583317,1.396135792506029,-1.1116017372174867,0.9453015509175579,1.4054416161681371,0.8427612250610729,1
-0.35489957898503444,-0.3854830768246345,-0.15484123025532542,-1.6014324776621007,1,0,0,1,0,0,-0.29363875058271866,-0.3576756445367086,-0.42569225535928473,-0.21444272658919655,-0.16588951483980877,-0.10935170945490646,0.7940225575823749,0.7910351949463701,-0.47850658974426885,1.1057934097796034,0.2979235069532198,-0.6961125326046143,-0.5492570809305017,0.11327082337077478,1.096987144057542,-0.5270576695587958,0.14788416690427506,-0.5087138319023662,-1.910605154441425,0.9455004604204603,-0.9909288228877811,0.013217009302521857,0.12449240958735576,-1.347216148334305,-0.8839751938698232,-0.9455004604204603,1.9106051544414244,-0.28608496734615396,0.340918023760079,-1.455778196891044,-1.4523068151060594,-1.3305665148076924,-1.1276595207911904,-1.4435419379712537,-0.8730858650989243,-1.2244638357027204,-0.8314172830871166,0.27583454506891375,0.8080048692293539,0.754394896515422,0.10997909147286698,0.6014499566897238,0.2044646553166367,0.793080546914203,0.7190446135538346,0
-0.3034990542705592,0.1298722426046032,-1.6032360836506476,-1.6014324776621007,1,0,0,0,1,0,-0.1800683175455264,-0.44373351213362366,0.3035190854312764,-0.5732055117475955,0.35708231377937644,0.10172324263359372,-0.10847045174116152,0.38872335588997237,-0.17141280604604345,0.6049004630854676,0.35000017813199646,-0.6132490139384346,-0.837738153132376,-1.4661743579891817,0.2527762374950454,0.568908706371471,-0.665713539044155,-0.3797407793629449,-1.4375436385994584,0.5893397650429548,-1.3141533394876406,-0.2803093195780284,0.8060254327847793,-1.477291650403901,-0.8257603336705052,-0.5893397650429548,1.4375436385994576,-1.3723329986258064,0.26586877533487285,0.09991301006234013,0.3824042551358344,0.08610074473523979,-0.30852968182446,-0.709509049969999,-0.09793149585751397,0.139780294854656,-1.1644891896302574,-0.02767187758659086,0.8080048692293539,1.143383037510063,0.38074892326932136,0.15732544345452057,0.8629863402952329,1.3497724280541432,0.6571863078002155,1
-1.0488066626304537,1.1605828814630785,-0.15484123025532542,-1.161438585374874,0,1,0,1,0,0,-0.36935237260751347,-0.22684442690626339,-0.041896812837936774,-0.4985597064485092,0.34941297859324744,0.21083826023866584,0.06450564610154785,-0.8459766720279402,0.85764018327652,0.22239399800176446,0.8141940082862745,0.2892052820966333,-1.0049312824630483,-0.9164589577827049,-1.1120101617440177,1.182919957393371,-0.5530601274994221,0.12620356627107981,-1.4375436385994584,1.8201797897890004,-1.0054116634556975,0.047142162891731045,0.016297615159325173,-0.8488448988371079,-0.9352788677766342,-1.8201797897890004,1.4375436385994576,-0.9545452942874786,-1.1600669447440433,-0.6642861793182697,-0.0052107597040024186,-0.22112829950298704,-0.9386295579527137,-1.5251011477491712,-1.2052948804881005,-0.4183195767369984,-0.9701972441467586,-0.02767187758659086,-0.2046721523111086,-0.16621037050522874,-0.48232991558187904,-0.44541496736468245,-0.6186874509066087,0.29205785388825667,0.038603250264021984,0
0.2105061928741954,-2.2922977587128135,1.0038746524609323,-0.13478617003801185,1,0,0,0,1,0,-0.6343500496942954,0.02318856678747634,-0.24658771551598904,-0.36720623510825673,0.7118913981583822,0.301618377344525,0.017985469178471946,-1.631226565732646,0.6391501472153123,-0.41594298108956745,-0.3382197014226777,-1.5417116202921581,0.07588598513754152,-1.3007444976324158,-2.0261214605378557,2.796481443650001,-0.32671721973073614,1.1115830734485634,-0.33645217931212407,-1.7690215962405276,-1.3246978085369252,0.2091856532935091,1.9364544963259285,0.2379449306759001,1.524946695618261,1.7690215962405276,0.33645217931212335,-1.3444804850032512,-1.9856086774213102,-1.3829973217119373,0.007709740790658993,-0.11871861809024475,-1.94678935975792,-0.709509049969999,-0.6516131881728072,-0.728375060954584,-1.2107491766501381,0.326418948844831,0.37921369794645543,1.368131741195856,1.401776830668456,-0.2233527107470814,0.6160407084282594,-0.17185204706169332,0.5747085667953888,0
-0.7918040390580765,-0.2051087150244015,-0.4445202009343899,-0.13478617003801185,1,0,0,1,0,0,-0.3945902466157784,-0.22102970612268805,-0.11865590134220637,-0.45863288035830035,0.3211924909405824,0.18445389122760333,0.49440661141947895,0.6035752008450598,0.05804721659684071,0.620459588837357,0.8502323641793639,-0.40380277271721565,-0.5489520942827931,1.1780017063561974,1.1503299763008445,0.48960557992799897,1.5607290330963444,1.619717090517451,-0.060099813059615065,-0.4911325578708816,0.48956099665025327,0.3239494125946374,0.41265390076436426,0.7093913170119199,0.47599477215532054,0.4911325578708816,0.06009981305961435,1.245803281894381,1.2415090048625523,0.381938901381374,0.5891322630504142,1.2467438007463156,0.16404522527173035,-0.9541866793037505,-1.0391903727935126,0.8839134569768611,0.3620903820258042,0.19995793940503753,-0.2685346671830286,-0.02358138547386016,0.2622871218583729,-0.635754044465484,-0.4540570296619595,-0.7099875321636356,-0.2706882785040748,0
0.030604356373531493,-0.2051087150244015,0.5693561964423357,-0.4281154315628296,1,0,0,1,0,0,-0.06649788450833415,-0.5001363037343045,-0.23379453409861076,-0.3845657247126954,-0.1554979351656519,-0.08743926739487148,1.7736392010828843,-0.44230182961424175,-0.5743715592938592,2.5104477403047794,2.2158832174856826,0.630821546748059,-2.239553900583383,1.0649586817143724,0.20520332996158783,-1.520408612271345,1.2469026598702118,-0.09455009487460525,0.3210111268130686,0.5419904249708541,-1.4021943175274507,0.8126413331357729,-0.7426788645692611,-2.1550456033956205,-2.9730664727123313,-0.5419904249708541,-0.32101112681306926,0.911573118423719,0.11577027848446049,-0.20030810005147043,-0.9354867953196102,-0.4600842227993849,0.3215701943037938,0.10608304780917345,-0.04256332662598434,-0.6663639641110671,-1.3310251429018278,0.6552175733882943,-0.23204180154193166,-0.5681647828663581,-1.311562525458524,-0.8895394805998851,1.6861384465184783,2.2961486259920414,-1.0748462533011267,0
-1.5114113850607322,0.23294330649045036,1.0038746524609323,0.3052077222492148,0,1,0,1,0,0,1.5992018000371522,-0.7071403636295867,-0.15703544559434116,-0.4412733907538617,-0.837672816333343,-0.20281498273138218,-0.40469733772418337,1.0392206030078197,-1.647706509288978,-1.6009055268897725,0.4021844972655384,-2.4745509579594906,-0.6692299016523182,-0.7926752239904636,0.6455034015593031,-2.13757469540473,-3.198611856028134,-0.27264598280637753,-3.5663204598883063,0.16204084244106823,-0.22929024447302354,-0.7797117541317421,0.10441357472884666,-1.0089686779069518,-0.7890452797947983,-0.16204084244106823,3.5663204598883063,-1.038102835155144,-0.18442671521636386,-1.919756276157842,-2.4471853531949743,-3.1056676592952206,1.3297299961089997,-1.85133798686084,-0.5408768497097485,-1.1004416420156866,-0.27629743884854874,-0.7864379342253526,-0.24116501795220557,-0.1532440991387405,-0.5330992590437151,-0.28679906978068154,0.5337254978059351,0.6817421706862145,-0.332546584257695,1
0.5960101282327613,-0.7977673323680251,0.5693561964423357,-0.13478617003801185,1,0,0,1,0,0,-0.6595879237025604,0.06098425188071606,-0.1826218084290977,-0.4401160914468991,0.8650213414479053,0.3870321821091512,-0.9999396228193427,-0.4833619963657188,2.180129706203685,-0.6262305666875709,0.5039751865612487,1.2966777428910776,-0.2307908394111724,-0.45578158424650794,-0.739665498782678,1.0104203536173815,0.6584376536960816,1.0702721015469132,0.4783555005605047,1.2940866261665431,0.9350287980910955,-0.07755114988963467,-1.964935332339884,1.4988926009035306,0.38971997039819856,-1.2940866261665431,-0.4783555005605054,-0.20252742647848845,-0.40957446049198204,1.2007237471463126,1.6227723026233125,1.8782701694582253,0.3530751881102058,-0.30171300108041293,-0.5408768497097485,1.752068812786101,1.0004782029001573,0.04820472807728505,0.38833691435672935,-0.7367263106307022,-0.1607907403235886,1.5531453421937294,-0.9479482933959068,-0.48731077970765985,0.904619530814692,1
-0.38059984134227254,-1.6223358434548052,-1.6032360836506476,-1.161438585374874,1,0,0,1,0,0,-0.40720918361991093,-0.21812234573090036,1.672389497090751,-0.704558983087848,1.1485228301497012,0.3767467501217878,-0.5959586184394303,0.31882476348752237,1.6145425679245107,-0.1951677852987822,0.5024645204352536,-2.1124467978547252,-2.248528130546973,-0.9977585862485377,-0.06664185594388441,0.22910924821490256,-1.2824963728855265,-0.6033110564500497,-1.2601455701587203,-1.6313284484388828,-0.168253656967394,-0.504357341888449,-1.9769010786046932,-1.0080423629468585,-1.2422443069049922,1.6313284484388828,1.2601455701587196,-0.8988402670423681,0.04072103005925432,0.33645085439443295,0.4082452561251572,-0.15285517856115927,0.41608517572303205,-0.46483142063624716,0.12354118106860354,0.38782468222872474,0.08453045990652028,-0.17942508891434333,1.1090710107684099,-0.23104172733766892,-0.6007917169928287,2.1558857530129325,3.4970730802096184,2.5188253784480175,-0.45626319576493324,0
-2.282419255777864,-1.7511746733121147,-0.15484123025532542,1.478524768348486,0,1,0,1,0,0,-0.23054406556205628,-0.37163097441728943,0.08603500133584588,-0.5355932842713117,0.2736445612890211,0.12810761164465626,-1.6313708168264784,-0.2550025511513931,1.015467880396187,-0.5306079988082776,0.5114158887715945,1.397973785250861,0.6053998237170337,-1.429822436188346,-0.5097652225643651,2.178797943857391,-0.5066274997823689,0.9355328787121004,1.4252941555476124,0.4930801176436278,0.8397991016105432,-0.16067260519441132,0.8013032002270435,0.2144540180306019,0.2485000668727655,-0.4930801176436278,-1.4252941555476133,-1.3166279713806959,-0.3720498362793791,0.4001341201761507,1.5258685489133532,1.2040731001576732,-0.40304466324369825,0.7993363309214695,0.15122526568436812,0.139780294854656,1.0004782029001573,0.04820472807728505,0.6529101902546883,1.0007540524786946,1.0407503882731821,-0.2550758902638815,-0.5363722402842841,-0.3759724034796717,0.8427612250610729,1
-0.2006980048416086,-0.2051087150244015,-0.15484123025532542,-0.4281154315628296,1,0,0,1,0,0,-0.10435469552073157,-0.4635035627977798,-0.23379453409861076,-0.3845657247126954,-0.12230045619225259,-0.05926612760339795,1.1499513230532952,-0.24082256744137484,0.6415719219645463,1.9242886531438468,2.475463914018762,0.856515376193529,-2.631047484364372,0.43144785962569965,0.1323925339376599,0.4003581175572257,0.824884094824163,0.716977515882381,0.8432886699243073,0.33182138160436125,-1.167937689881661,0.4631644657026427,-0.47472901235680254,-1.7816488775006112,-2.518235330549149,-0.33182138160436125,-0.843288669924308,0.32667033235006016,0.04072103005925432,-0.2276009282436361,0.007709740790658993,0.3421249482670949,-0.4660546508565234,-0.38327221085833024,-0.762349526635866,-0.23228628620644656,-1.1367331974183288,0.27583454506891375,-0.39625969692687113,-0.5681647828663581,-1.176177609560296,-1.016432198667086,1.3568776040291806,1.739456744852101,-1.2604211705619852,1
0.5960101282327613,-1.5192647795689571,0.5693561964423357,1.0385308760612593,1,0,0,0,1,0,-0.6595879237025604,0.06098425188071606,1.6084235900038595,-0.7010870851669603,1.715777604443275,0.5887160876004934,-0.02836110643991103,-0.7328372451161367,1.4846863071445777,0.9815807682835778,0.43512385290065836,3.595846633268323,0.4921655921413393,-0.45118686364594157,-0.6274421524991892,1.0446093934553675,0.574432134858742,1.105432160727471,0.3422533759207262,4.56486320263511,-0.41138378909179635,0.3772843430269458,-0.9798842204755628,-0.7564552197859352,0.5135570306570448,-4.56486320263511,-0.3422533759207269,-0.17467491285593337,-0.25947596364157,1.318992669312359,1.7519773075699248,1.9636115706355104,0.5106001571422693,-0.30171300108041293,-0.4855086804782194,1.876091006473136,-0.47058938433204756,0.19995793940503753,-0.39625969692687113,-0.8145239388296306,-1.0238695791747903,1.5214221626769286,-2.676567716464722,-1.6563637301015341,0.47161139053935697,1
-1.6142124344896835,-0.12780541711001567,-1.168717627632051,-0.4281154315628296,1,0,0,1,0,0,1.6622964850578146,-0.7106291960997319,-0.16982862701171944,-0.44069474110038037,-0.8665882858874382,-0.20594533159710146,0.23707996846617033,-0.34873480189885997,-2.1893143390973377,-1.3171075666450685,-1.624401779003002,0.6083878566067147,2.9462645137569035,0.28814461503595196,-0.5538476638351704,-1.7700454413909417,-1.0023103007885283,-1.2299623824803807,1.465333844976243,-0.6235317921885499,-0.04175476307904876,-0.07618297139634843,1.214141077944297,0.7854536130275704,0.9109829956091695,0.6235317921885499,-1.4653338449762439,0.35452284597261524,-0.43459087663371765,0.3243207085312494,-0.6813836189246067,-1.000579763588857,1.3297299961089997,3.042214599814193,2.227531611866718,-0.8937379858706291,-0.3595654154843339,-0.482931511569848,-1.281211688723491,-0.5681647828663581,-0.24540631275998087,-1.6191726094862895,-0.9479482933959068,-1.266679413303576,-1.0129879475475077,0
0.2105061928741954,0.7482986259196881,0.5693561964423357,-0.4281154315628296,1,0,0,1,0,0,-0.596493238681898,-0.02042183908933873,-0.4896581624461761,-0.17393725084550635,0.2670570293988722,0.11871656504749839,1.683593270882758,-1.1525703997286871,-0.7623138594786597,1.6618616946980846,0.7901351033994586,-0.10194133392420474,-1.0943382212326374,1.3211622489236463,-1.3931525078579592,-0.9202629600009863,1.8368886968764626,0.8539099955322897,-0.31054414497595056,0.16895808102739213,-1.020987674022238,0.18630944539886282,0.11733305859333348,-0.42364054701341075,-0.19353742150587172,-0.16895808102739213,0.3105441449759499,1.1900982546492709,-1.3101654415944555,-0.09113678728281299,-0.5478717804797735,0.15437386567706757,0.3215701943037938,-1.0357458890816678,-1.0391903727935126,0.139780294854656,-1.053465220782544,-0.1035484832504671,-0.7794347861583975,-0.6070635969658218,-0.7192535184037778,-0.5405845059150832,-0.20711139779498602,-0.15329565102369538,-0.9511296417938885,1
-0.2006980048416086,0.5936920300909173,-0.15484123025532542,0.5985369837740325,1,0,0,1,0,0,-0.10435469552073157,-0.4635035627977798,-0.68155588370685,0.063309107081822,-0.9469657020547847,-0.40539327361293004,0.6183824310699182,0.6149164882248762,-0.6964640593544066,0.4838271911534018,-0.1724959551764936,0.6313959813615633,0.36765556365486024,0.5267652151069928,0.13585716178343715,0.442026757339058,1.047959615362514,0.7734254555926803,0.9153149533513734,-0.04664941409013511,-0.33353822725044174,-0.7078934557109053,1.3962839630493602,0.38551949440591055,0.9793526122213517,0.04664941409013511,-0.915314953351374,0.4102278732177254,0.04072103005925432,-0.23669853764102378,0.020630241285320403,0.4445346296798359,-0.6235796198885869,-0.30171300108041293,-0.7069813574043363,-0.23228628620644656,-0.16527347000083534,-0.482931511569848,0.7532655707677065,1.4286410075727993,1.5315207084042572,-0.15990635171348128,-0.6186874509066087,-0.7099875321636356,1.0901944480755505,0
-2.282419255777864,0.5936920300909173,-0.15484123025532542,0.5985369837740325,0,1,0,1,0,0,-0.23054406556205628,-0.37163097441728943,-0.68155588370685,0.063309107081822,-0.8223920164621596,-0.3347368277866948,-0.7621932095086529,0.15973080991068483,0.5159852691054044,-0.2980221113541118,0.17626832499294526,1.0484651442978432,0.9563532930140455,-1.4198461418711514,-0.5897359571991663,2.1072658582234514,-0.5457210861350519,1.079151740022318,1.4008254564523381,0.040659774866796713,-0.35884532375916683,-0.8100200852217536,1.4122298150940027,-0.13851904175703517,0.8244241788865742,-0.040659774866796713,-1.4008254564523388,-1.3166279713806959,-0.4846237089171882,0.2636699792153276,1.3514417922354265,1.0248561576853752,-0.24551969421163483,0.758556726032511,0.12354118106860354,0.015758101167622184,-0.16527347000083534,-0.5588081172337243,0.8809906005115491,1.5583037212376798,1.396135792506029,0.2207718024881207,-0.7010026615289333,-0.7656567202776299,1.0901944480755505,1
-0.6633027272718879,-2.086155630941119,-0.4445202009343899,2.2118479221605303,1,0,0,0,1,0,-0.7983962307480176,1.5931631783528188,4.857891670017938,-0.776890189773009,3.282683573953165,1.825651082254713,-2.4221448417196076,-0.9344513748691957,0.25515254449718777,-1.8431410208887309,-1.0803682540780055,-1.8619886294563779,-0.03491371913253028,-0.05166559024614212,-0.407354488945409,0.1335173127334925,0.07711460452216394,0.146781996543514,-0.7768887630270574,-1.7690215962405276,3.316427714937211,0.8744850532546621,-0.21463005305188673,2.56643013148185,1.5478356932063186,1.7690215962405276,0.7768887630270568,-0.14682239923337803,-0.4846237089171882,-0.3731626786018469,-0.25070026910256554,-0.20406001926752979,-0.30852968182446,-0.8726274695258333,-0.6516131881728072,-0.29429738304996345,2.721349720039717,0.5793409677244183,-0.5331079430809875,-0.5551985114998699,0.4145951522438788,-0.5405845059150832,0.2044646553166367,-0.5429799678216537,-0.1469716669968365,0
1.495519310736081,-0.6431607365392533,-0.15484123025532542,-0.13478617003801185,1,0,0,1,0,0,-0.43244705762817587,-0.203585543771962,-0.3617263482723934,-0.24626845753066742,0.1189241916219556,0.03374995297797501,0.693259359135731,-0.4925698960353437,-0.3377075609928163,-0.04406672220220125,-0.2033321012293265,-0.1840342362168925,-0.42530195725687164,0.7177790076005329,-0.686871163592291,0.09231732112343984,-0.07898158495992384,-0.0906540717818974,0.18609969967169646,-0.43557216489828954,-0.24679768761979998,-0.012024812591383174,0.5544275538279911,-0.018785488900143053,0.17583563327231602,0.43557216489828954,-0.18609969967169718,0.35452284597261524,-0.8598699510432187,-0.9099216330477515,-0.7287587874050313,-0.71610842633123994,-0.7495995951142377,-0.46483142063624716,-0.5962450189412776,-0.9764194483286528,-0.24854144663662048,-0.02767187758659086,-0.040454256926167845,0.2487103132223888,0.22844089288381547,-0.3502454288142823,0.5337254978059351,0.3477270420022505,-0.1469716669968365,1
-0.5862019402001745,-1.776942439283576,-0.4445202009343899,-0.8681093238500562,1,0,0,1,0,0,-0.6848257977108253,0.08947638372023524,1.339766780238916,-0.6871994934834094,1.7414207698730537,0.5998959049780623,0.4230916291352991,0.6870184346563843,-1.2291519557959893,1.2837074590808584,1.143636090873774,-0.030824788434874812,-1.413034526486696,-0.7129993293706496,0.05177655918469475,0.23097445671209976,-0.4791677879225914,-0.530515594143743,-0.30025191215747105,0.2557448558590617,-1.3007397383971508,-0.8910857418721452,1.9123989543113564,-2.2093405354772933,-2.0047281500163474,-0.2557448558590617,0.3002519121574703,-0.6760201580619267,0.04072103005925432,-0.009258302706318612,0.11107374474794844,-0.08458205761933026,-0.37153966943728567,0.02452383803125581,0.17890935030013266,0.015758101167622184,-1.2107491766501381,-0.8117301361133116,0.10551720563822252,1.0871958615886146,-0.008482709938082702,-1.7566397207257571,1.439192814651505,1.776569536928097,-0.35316601950890136,0
0.2105061928741954,-1.4934970135974959,0.5693561964423357,-1.161438585374874,1,0,0,1,0,0,-0.7479204827314877,0.5668649600517709,0.6361418022831113,-0.6067671916495102,1.842582143146018,0.904881323038141,1.313350738373766,0.5395890281940838,-1.5480610569126732,1.4918090569603615,1.2059361470875414,0.6402962823299078,-1.0118660076208374,0.9126186986877386,0.7764258484780476,-0.9206832647494597,1.299695739340308,1.0016936579439715,0.328888191831712,0.5471004570796687,-0.9143683215398384,0.037203495480421296,1.1910534344343817,-0.7265817453891729,-0.5898171599686155,-0.5471004570796687,-0.3288881918317127,0.7166055230658329,0.5660657690356972,-0.3549674598070702,-0.7545997883943533,-0.2552648599739003,0.6051151385615076,-1.0357458890816678,-1.2606630497196296,-0.29429738304996345,-0.9146852597229018,-0.1035484832504671,-0.40538291333714505,0.2357440418559006,-0.07617516788719629,-1.3019408143182878,-0.37174181903963527,-0.15329565102369538,-0.6418381130257917,1
-0.7404035143436003,-1.2873548858258006,0.5693561964423357,-0.4281154315628296,0,1,0,1,0,0,0.6654004617313493,-0.6228269122677442,-0.2849672597681238,-0.3648916364943316,-0.6514488413807191,-0.19700147769504636,0.46994489268010975,0.682817396098941,0.6712006738589937,-0.22567954427890102,-0.25274569487657494,0.4079271768828813,0.9237013796842447,0.2050204726610772,0.7529970253333688,-0.13928042767335752,-0.5252691705160648,-0.7519738622597786,0.19997699316119485,0.3580292690535297,-0.4486157723983842,-0.18285241510718966,-1.0575172041794059,-0.215969413288441,-0.40557433485652633,-0.3580292690535297,-0.19997699316119558,-0.14682239923337803,0.19081952690966666,-1.2010451337641732,-1.077612300760884,-1.1940202729240363,-1.033144539371952,0.5138790966987595,0.4557501964577793,-1.4104971262332722,-0.5261013687559044,-0.3311783002420958,-0.5148615102604385,-0.944186652494511,-0.9561771212256767,0.28421816152172197,-0.28942660841731066,-0.15329565102369538,-0.6418381130257917,1
-1.2287084991311177,0.5163887321765315,-0.8790386569529866,-0.8681093238500562,1,0,0,1,0,0,-0.5838743016777656,-0.0640322449661538,-0.5280377066983108,-0.165257506043287,0.16140842586256568,0.07846922248825047,-0.7156497319011376,0.6175033398686162,1.2188633981711168,-0.2958647850495605,0.009636702338951487,-0.7501698690720144,-0.5991443730336503,-1.1127740994237174,0.31710607470684354,1.14555102548297,-0.7105843245823684,-0.15033912151209422,-0.16027754582615011,-0.8641809106868654,-0.11674239567232028,-0.529872808660028,-0.5150587933748183,-0.3049090155474984,-0.15930507602830457,0.8641809106868654,0.16027754582614942,-1.0102503215325889,0.41596727218528484,0.34554846379182197,0.9121447754169449,0.5469443110925782,-0.40304466324369825,-0.05703537174666111,0.012804842605544792,0.07776919801113909,0.029018475482663446,-0.3311783002420958,0.6346637574341392,0.2487103132223888,0.10997909147286698,1.0138512904081252,1.1922471827845313,0.793080546914203,0.038603250264021984,1
-0.5091011531284612,1.3667250092347738,-0.15484123025532542,-0.4281154315628296,1,0,0,1,0,0,-0.6722068607066928,0.07842841423144209,-0.5408308881156891,-0.1606283088154367,0.41916487977909284,0.18445389122760333,0.042896094887130996,-0.26408302321232924,1.0984197018435211,0.9521203094983729,1.1662148093593663,0.053743684893639926,-0.9462520191336755,-0.08768066584377257,-0.7371933145107152,0.6238497051939819,1.40189188136215,1.5807163649696188,1.0008734476041308,-0.9193541232206256,-0.14725755234860965,-0.37604184223421205,-0.8746677398141887,0.10383887966301351,0.02712550025401097,0.9193541232206256,-1.0008734476041314,-0.03541234474315745,-0.6347222057676005,0.22727954162577424,0.5245297605771081,1.1101975588626602,0.006520256239666901,-0.38327221085833024,-0.8177176958673952,0.44983577907224165,0.05677446769459199,-0.1035484832504671,0.890113816921823,0.2487103132223888,0.27921023634565156,1.4579758036433286,1.1099319721622063,0.6817421706862145,0.7809029193074537,1
-0.35489957898503444,1.6244026689493918,1.4383931084795292,0.5985369837740325,1,0,0,0,1,0,-0.6217311126901629,0.00865176482853798,0.5977622580309765,-0.6021379944216599,1.2413916487895782,0.4719987941786745,0.2545510607323809,0.5875194634533881,0.13409851076034926,0.29645514598368405,-0.218301858782956,-0.2174147142176784,0.20117298478998769,2.4114361602126397,2.2360632460875336,0.06827163277437591,1.584556948755435,0.9280475117866446,0.4977080171176754,-0.7901484909597473,2.055519151790648,1.4336501712444327,-0.1147107496890169,1.17072776956735,1.189860873430201,0.7901484909597473,-0.49770801711767615,3.0005116401153575,2.892592470217086,1.3644807162993,1.1963957862994923,1.8953384496936814,0.5421051509486824,0.02452383803125581,-0.2086678343205727,1.3179911348814817,2.055205906953436,1.4898602356909325,0.3062279666642602,0.19684522775643593,0.6684418695530556,0.6331731362065233,-0.4540570296619595,-0.8213259083916238,0.47161139053935697,1
0.9815140635913272,-0.5658574386248675,1.0038746524609323,0.5985369837740325,0,1,0,1,0,0,0.5770679027024219,-0.6065456940737333,-0.34893316685501513,-0.28098743673954474,-0.6890749195677589,-0.24932302302206866,1.3433843449501264,1.0518048314734283,-0.07238650314607419,1.3271053953986434,1.4689160739813363,1.657649308709343,-0.8755660278920845,1.0843626014334342,1.4177332145432153,0.2902164708149891,0.6887319425695477,0.7039570212906292,0.30418285154596364,1.9591511018318417,-0.7845262985564944,-0.023381128294643172,0.39059433956220974,-1.1098989668748143,-1.2223858205840452,-1.959151101831841,-0.30418285154596436,1.357213336384602,1.7668537438389946,0.9096002464298897,0.9379857764062678,1.2126072402754011,0.5106001571422693,-0.05703537174666111,-0.2086678343205727,1.13195784435093,-0.7759052986632599,-0.1035484832504671,-0.24116501795220557,-0.010615114107371936,-0.44848368660732285,-0.857816301083085,-0.5363722402842841,0.514734606344233,0.038603250264021984,1
0.8530127518051386,-1.0812127580541053,0.27967722576327125,0.3052077222492148,1,0,0,0,1,0,-0.3062576875868511,-0.3431388425777702,-0.5024513438635544,-0.16815075431069346,-0.278208395179635,-0.13394730768555796,-0.38781677667418557,0.527784006791461,-0.08686948410108113,-0.5559532979870309,-0.8050271928403507,-0.9768870573826298,1.353703509549481,0.24879708983902785,1.7333685681076756,-1.150792812094053,0.22926395617039072,-0.4549317553951436,-0.7279513648365089,-0.6103841330315712,0.7878637891530067,1.0120504671516588,-1.0376822992076853,0.9783912528859162,0.602422463814043,0.6103841330315712,0.7279513648365081,0.27096530510494976,1.6918044954137887,0.16359627584405784,-0.4703487775118068,-0.3576745413866426,0.5736101447550955,0.18764225758709038,0.6218547041523672,0.139780294854656,0.3898463742377325,0.5034643620605421,-0.9618991143638861,-1.2813097080232,-0.8884846632765624,0.062155904904119784,-1.277209135885205,-1.6006945419875402,-1.0748462533011267,1
-1.1516077120594044,-0.12780541711001567,0.27967722576327125,-1.8947617391869185,1,0,0,1,0,0,-0.571255364673633,-0.0640322449661538,-0.46407179961141953,-0.19418998871735144,0.24507578322356172,0.1008288572433882,0.9206099109489934,0.9422323998910308,-0.46620922272296855,1.606129387637687,1.2099798489750138,1.5223191996085361,-1.5373183887670043,1.2021925972269119,0.2984073937006071,-1.0682098761756462,2.0579117649536474,1.8702851219092784,2.259805577323277,-0.16498583548630744,-0.07891381315875037,-0.9943055626529825,-0.43612428222507615,-0.1291871048686483,0.2529363364848402,0.16498583548630744,-2.2598055773232777,1.4407708772522676,0.5660657690356972,0.8095265430586199,0.07231224326396513,0.9053781960371756,2.0858498474629035,-1.0357458890816678,-1.7589765728033937,0.8219023601333442,0.08453045990652028,-0.7864379342253526,0.7076494887163344,0.35244048415429274,0.27921023634565156,1.2993599060593275,0.4514102871836102,0.4033962301162448,0.6571863078002155,0
0.31330724230314594,-1.2873548858258006,-0.8790386569529866,1.7718540298733036,1,0,0,1,0,0,-0.7605394197356201,1.0465794246967366,0.35469181110078946,-0.5795706579358897,1.8069388289804724,1.2527972398280842,-1.8692229996555687,-1.367813437270877,0.41827801850060387,-1.0565995367979566,0.15618374936293192,0.44894627975247536,-0.014901041827456574,-0.8159855279291849,-0.7371933145107152,0.34270094176036303,-0.5281289722763464,-0.04942507238721613,0.1590389773671773,0.45457625868389784,1.783876957911384,1.1388627893963288,-0.22741866717055748,0.9037141596453455,-0.25130048679798445,-0.45457625868389784,-0.15903897736717798,-0.9266927806649233,-0.9349191994684248,-1.0554833834059623,-0.7416792878996918,-0.8867912286858101,-0.7180946013078251,-0.6279498401920818,-0.762349526635866,-1.2864749325462383,1.7102385751766118,1.1213167224663911,0.13158353823900715,-0.008762789626445312,0.35415545764645623,-0.6312221616773697,-0.3247045558268782,-0.14534290986455342,-0.014418154667652658,0
-2.076817156919963,1.4955638390920825,2.1625905351771904,-0.13478617003801185,0,1,0,1,0,0,4.8044117990868,-0.7833132058944237,-0.4512786181940413,-0.19997648525216433,-1.7470601226408549,-0.44787657964769173,2.4982724009269535,0.9107395809654139,-0.21052318573995124,2.623762245240274,1.9833385012730478,1.3147589551912302,-0.7927887919989972,4.002081587555891,0.5119267661341768,-0.3252788870416659,3.3090972286607405,2.525149029009868,2.394254639720468,-0.5814181964513455,0.5249241790147399,-0.7371816603017808,-0.03908166422561068,-0.2632893551467919,-0.11312064112228558,0.5814181964513455,-2.3942546397204683,2.9540907840777653,0.06573744620098994,-1.0403207010769815,-1.0259302987822392,0.13730558544161034,-0.4555529862543859,-0.22015379130249568,-1.0945585420250417,-0.4803306735805153,0.25106641317809053,-0.8623145398892288,-0.7246954876967501,-0.6329961396987983,-0.685407289429221,-0.4136917878478824,-0.04248097655033679,-0.32030321536567735,-0.8892713360402683,0
-0.5091011531284612,-1.235819353882877,-0.15484123025532542,-0.8681093238500562,1,0,0,1,0,0,-0.6722068607066928,0.07842841423144209,-0.6047967952025805,-0.06110056841665506,0.2722745771161816,0.10753674766992953,0.7171335872162734,-0.759987879740897,-0.3293239612173291,1.2671216648059334,1.2085531145663237,0.0918771028240267,-0.6550175523003943,0.04237377381433695,-0.7764598413637281,0.7049908400680024,1.293564749023598,1.5953084238717874,0.3871222082195544,-0.25863368266248993,-0.9548523344709892,0.26526679171082057,1.15864469261301,-0.4291229592586931,-0.013670064670226858,0.2586336826624906,-0.3871222082195551,0.04814519612450831,-0.7097714541928067,0.06352257247278678,0.42116575661981864,0.9565830367435462,-0.08799472517957138,-0.5463906304141645,-0.762349526635866,0.5738579727592754,-0.8869292675109735,0.27583454506891375,0.0872707728176734,0.6765972683164937,0.4484413812184362,-0.667477223982284,-0.12479618717266176,-0.26463402725168356,-0.332546584257695,0
0.004904094016293398,-0.35971531085317227,1.4383931084795292,1.478524768348486,1,0,0,1,0,0,-0.5333985536612357,-0.12508681319369488,-0.6431763394547153,0.011230638268506017,-0.23830059145869648,-0.10487978250387892,-1.1664318668022007,-2.213537543352831,1.2942259799824374,-0.6038435769527366,0.6694686114206406,0.6292334726724883,-0.800749945578189,0.9305233232744169,-0.5939352165414824,1.6982662566255988,0.8584839733063765,1.8339660905318391,1.5219753568508918,-0.651277219968356,2.5517198454822863,2.443158484009644,-0.06265646372767554,1.6670117282127928,0.9201689521507093,0.651277219968356,-1.5219753568508925,0.8558680911786088,-0.5596729573423944,-0.018355912103706302,0.8604627734383002,1.2126072402754011,-0.5290646384693491,-1.0357458890816678,-1.592872065108806,0.3258135853852078,3.0821776187947867,3.0832689546323317,1.2732889061533492,1.0396528665781584,1.7515211967388769,0.5697267771729232,0.2044646553166367,-0.09762646290970158,1.275769365336409,0
0.15910566815972013,0.9802085196628456,1.4383931084795292,1.0385308760612593,1,0,0,0,1,0,-0.7100636717190902,0.1162240993246818,0.57217589519622,-0.6009806951146973,1.5790408782615257,0.5538350573824786,1.3116495382891171,0.1812181868488136,-0.6660094781662753,0.9348574496239873,0.24078714287193148,0.4106486275025128,-0.07178040714820635,2.9252741126207824,1.5046570881780548,-0.14830077531775362,1.7572870344567486,0.9206788271987596,1.1569031123463245,-0.5873266710771624,1.0990188137961927,1.258604791462877,0.7614292909807985,0.4795636398367429,0.5858286006500394,0.5873266710771624,-1.1569031123463254,2.63842896302214,1.3165582532877582,-0.1457224436671417,-0.19901826712392082,0.4957394703862077,-0.37153966943728567,0.18764225758709038,-0.319404172783631,0.07776919801113909,1.0837461795359422,1.2622304186993043,0.1876261533306929,0.5599008260181015,0.7361343275021692,-0.3819686083310823,0.12214944469431245,-0.15329565102369538,0.22417816752487937,1
-1.280109023845593,-0.12780541711001567,1.7280720791585935,-1.8947617391869185,1,0,0,1,0,0,0.36254597363216995,-0.5850312271745045,-0.46407179961141953,-0.19418998871735144,-0.7484977762625082,-0.2998557975686799,1.2272674493580575,1.4509952784046467,0.06263175462921537,0.6197690826220866,-0.5291588058487693,-0.8386273287459416,-0.2334331606414706,1.7105929091788763,1.0113942094125032,-0.1753641287908084,0.9664521051240533,-0.04822643897739615,-0.37315522795503414,-0.7736968421314995,0.0026590162155259575,-0.9783440397051223,-0.26184374413699046,0.1210493173560861,0.640848632519764,0.7736968421314995,0.3731552279550334,1.5034390329030167,0.8475004506302201,-0.19121049065408274,-0.25070026910256554,0.13730558544161034,-0.7180946013078251,-0.6279498401920818,-0.5408768497097485,-0.24778906041732607,0.05677446769459199,-0.8623145398892288,0.2606118846128881,0.08014878545804377,0.12690220596014448,0.9821281108913258,0.36909507656128593,0.013711913318286572,0.2860364732784985,0
0.15910566815972013,-0.35971531085317227,1.4383931084795292,1.478524768348486,1,0,0,1,0,0,-0.7100636717190902,0.1162240993246818,-0.6431763394547153,0.011230638268506017,0.33800048040491076,0.08070518596376425,0.037071265095379634,-0.9110155770974244,-0.10377670862883229,0.24021721936054943,-0.09639771753736404,0.13839256396403626,0.10026508736988463,2.69955133734454,1.316405558946326,-0.2784149453204118,2.0663186158241778,0.932712900938443,0.9704170281043213,-0.7736968421314995,2.6458113919017294,2.5691436606069677,-0.13791393257611176,1.724408202584553,1.0359343639004053,0.7736968421314995,-0.970417028104322,2.2763462859289234,1.0163612595869336,-0.4095531161914002,-0.4832692780064673,0.3079883877961804,-0.6235796198885869,-0.05703537174666111,-0.4855086804782194,-0.046252995675895824,3.331981548702142,3.3867753772878366,1.528738965641033,1.2082143943425034,1.9545985705862188,0.9186817518577256,0.36909507656128593,0.013711913318286572,1.4613442825972665,0
-0.12359721776989524,-0.9523739281967958,-1.8929150543297122,-0.8681093238500562,1,0,0,1,0,0,-0.44506599463230834,-0.19777082298838666,-0.6687627022894718,0.028590127872944675,-0.48916772344443593,-0.17419465024480588,-0.06738598238046808,-1.2660567970936156,1.1873438937497636,-0.17632280497019234,0.3738755803034742,0.3088180220243356,-0.3027733688487192,-0.11435849961979494,-1.0248961362606734,-0.2443695572164501,0.18141962002485185,0.7578084278423689,0.8164553486475558,-0.38855952469070976,-0.020563816518268836,0.7109842362709,-1.868706717104099,0.418093323809848,0.2537958690338958,0.38855952469070976,-0.8164553486475564,-0.09111737198826762,-0.9349191994684248,0.09991301006234013,-0.04397226118798574,0.03489590402886805,0.8886600828192224,0.2692014673650073,-0.09793149585751397,0.2638024885416898,0.05677446769459199,0.8069707847160468,0.3518440487156324,-0.7107937678977266,-0.5161761445564365,1.9972698554289314,0.6160407084282594,0.45906541823023866,0.5334696962929761,0
1.495519310736081,0.20717554051898904,-0.15484123025532542,0.5985369837740325,1,0,0,1,0,0,-0.43244705762817587,-0.203585543771962,-0.7711081536284979,0.566734305610543,-1.01176655336568,-0.5945557836413953,-0.7381500347435886,-1.2798425596521465,0.769906412970321,-1.1860460865008955,-0.8499730930647498,1.0032852589805146,1.2662246459536592,0.3239821675455817,-0.82147268921962,-0.024636824424773354,0.14497976686877526,0.35986438462490133,1.0345842828972671,0.3422733367180179,1.3501347563212243,0.9336907716300497,-1.0772454911285465,1.7460312006279401,1.4563441789036289,-0.3422733367180179,-1.0345842828972678,0.0759977097470634,-0.9349191994684248,-0.7552622732921518,-0.6512357844370638,-0.5624939042121272,-0.30852968182446,0.02452383803125581,-0.4301405112466897,-0.790386157798101,0.8339422496285867,0.4275877563966659,-0.989268763594709,-1.3202085221226638,-0.685407289429221,0.3476645205553221,-1.7711003996191523,-1.8790404825575102,-0.5799798072721716,0
-0.35489957898503444,-0.9523739281967958,1.4383931084795292,-0.8681093238500562,1,0,0,1,0,0,-0.6217311126901629,0.00865176482853798,-0.6687627022894718,0.028590127872944675,-0.09369201432968471,-0.015441243483327998,1.8855917667567805,1.3071460396649175,0.9033622409229775,1.074801701973502,0.49678262980703636,0.6596208944812053,-0.40775318312714887,2.455055659154352,2.299418095455594,-0.331317440198722,1.8533552877498447,1.281476582911396,0.9573302853504951,-0.04982429368856782,-0.16889856447966003,0.5094076086818636,-1.567868521423512,0.3857676188416236,0.6052707148767645,0.04982429368856782,-0.9573302853504958,2.916954099247692,2.81754322179188,1.127942871967207,0.7570987694810098,1.5539728449845414,1.0146800580448727,0.10608304780917345,-0.319404172783631,1.0079356506638961,-0.19302946221276363,0.4275877563966659,-0.11343998820836432,-0.892321567028559,-0.7023304039164997,1.648314880744129,0.03983423407198747,0.013711913318286572,0.40975308478573785,0
0.4161082917320974,0.6194597960623787,-0.4445202009343899,0.3052077222492148,1,0,0,1,0,0,0.11016723354952047,-0.5437467096111195,1.7619417670123987,-0.7080308810087357,0.650612099076465,0.12900199703486176,0.26325866329729203,0.750298730960731,-0.7488200681928383,0.4723858647750806,0.20940657405451402,-1.4098736764716695,-1.0069093008768115,-0.15096749779419066,0.934356938093443,-1.071499275415359,-0.36059065304476406,-0.5708743514043241,-1.9849433926451614,0.04574314950473895,-0.5169125247414884,-0.09379028565485359,-0.053091317955855755,-0.9957183465212893,-0.8295864946295545,-0.04574314950473895,1.9849433926451607,-0.14682239923337803,0.8662627627365218,0.00893691608845806,-0.5478717804797735,-0.6478353053894121,0.6681251261743327,-0.8726274695258333,0.012804842605544792,0.38782468222872474,-0.49834537654397587,-0.1035484832504671,-0.040454256926167845,-0.06248019957332482,-0.44848368660732285,-0.0647368131630805,0.9453015509175579,1.0714264874841732,-0.1469716669968365,0
-0.5605016778429365,-1.0039094601397194,0.5693561964423357,0.3052077222492148,1,0,0,0,1,0,-0.33149556159511606,-0.28499163474201683,0.03486227566633282,-0.5193910939738356,0.35708231377937705,0.18221792775208956,-0.546208384734753,-3.1404363156285005,0.6971408035745751,-0.8522515856696963,-0.37315292550417334,-1.5448542444665856,-0.5842458944892869,-0.8369767708213709,-0.5239140739196153,0.26979871022573737,-1.09362234281445,-1.4269702901164678,-2.4269751189168094,0.30004743805884815,-0.07678127244823423,3.7855017813368823,-0.6818931483531678,0.06691971493432228,-0.9080416723879787,-0.3000474380588474,2.426975118916808,-0.8709877534198129,-0.6347222057676005,-0.555114866549611,-0.3411437725651945,-0.7331767065666972,-1.1276595207911904,-1.0357458890816678,0.06817301183707392,-0.29429738304996345,-0.3040534310604773,2.7797625319768278,-0.934529465133063,-1.0997819088923677,-1.0069464646875115,-0.9529858396334858,0.12214944469431245,0.29205785388825667,-1.136704559054746,1
1.495519310736081,0.18140777454752677,1.0038746524609323,-1.8947617391869185,1,0,0,1,0,0,-0.6091121756860305,-0.005885037130400375,0.40586453677030254,-0.5836212055102586,1.110896751962668,0.44650881055781755,0.9807284726564007,-1.122331689239427,3.018186913165816,0.6754869787087548,1.0765569455947805,0.8802314509039041,-0.4295744830361397,1.175173824716998,-1.1345471235606044,1.8750828872854086,0.7818270880384482,1.0187898664250818,1.509993498569716,-0.2970624528398517,-0.18950697580037604,0.4038710632478103,-2.2416851507402313,-0.13729297218779493,-0.4049267414819741,0.2970624528398517,-1.5099934985697168,1.9978211497033713,-0.6347222057676005,2.28333926543551,3.1990733629719825,3.516825072062097,-0.2140147004052217,1.166352774922097,0.4557501964577793,2.1241353938472036,-0.10976148557697851,0.5034643620605421,0.34272083230535716,-0.9182541097615345,-0.9054077777638412,2.028993034945732,0.2044646553166367,0.06938110143228039,-0.08511336124321738,0
0.6731109153044746,-1.0039094601397194,1.0038746524609323,-0.4281154315628296,1,0,0,0,1,0,0.4634974696652297,-0.5966606687416551,0.13720772700535894,-0.5483235766479001,-0.19431429802112257,-0.035117722067849196,-0.0849589357460893,0.6928064635196806,0.8514099410508581,0.6354746538011357,1.2803590565713914,-0.601540765317565,-2.02513293100558,-0.23841514007649306,1.5255576392664216,0.16788649801700242,-0.1716571914551686,-0.01418609722922397,0.3871222082195544,-1.20437295137952,-0.12008413051978273,0.577371539836814,-0.9951961722234455,-1.028697592515864,-1.6783794432075434,1.20437295137952,-0.3871222082195551,-0.17467491285593337,1.5417059985633763,0.2545723698179399,0.3048812521678669,0.22264698661889537,0.1325402314653172,0.9216751455883455,0.7879592118469556,0.2638024885416898,0.16779843654230542,1.0346006017076752,1.2459192569225261,0.45617065508619664,-0.008482709938082702,0.8235122133073248,3.9909643439435656,3.298194012043934,-0.023255055489598248,0
0.2105061928741954,1.0832795835486928,1.0038746524609323,0.5985369837740325,1,0,0,0,1,0,-0.6217311126901629,0.02318856678747634,0.5465895323614635,-0.5969301475403284,1.2178792509046374,0.47915387730031855,-1.7537641481545367,-0.5592804422249208,2.2115189199525584,-1.25821310439993,0.013045777013735214,-0.2109195860598028,0.5205135120947327,-1.3838899144362624,-2.0357604554968147,3.0963050071543323,-0.8069709029659365,0.7769269019130464,0.4292298816076853,-0.7133741297612556,1.0558852427345267,-1.2717501756213367,0.08826747577603444,0.8995861971690614,0.7415577541193054,0.7133741297612556,-0.42922988160768605,-1.4001855122483615,-1.9856086774213102,-1.2829236183406676,0.24027874969456073,-0.10165033785478751,-2.009799347370745,-0.05703537174666111,-0.26403600355210183,-0.9764194483286528,1.194770148383656,-1.0899443568808573,0.589047675382767,0.5469345546516133,0.9053654723749538,0.37938770007212164,0.12214944469431245,-0.2089648391376897,0.5334696962929761,1
-1.0488066626304537,-0.5916252045963298,-0.15484123025532542,-0.4281154315628296,0,1,0,1,0,0,-0.36935237260751347,-0.22684442690626339,-0.6943490651242283,0.09166294010240514,-0.6998371836582001,-0.24529828876614387,-0.17232350283704406,-0.6372199594803507,0.6682684072808377,-0.0621187025196449,0.07609781307174072,-1.1798554118229163,-0.6613857197959401,-0.9245846588979336,-0.9328604144223374,1.071411917001299,-0.9265386096647206,-0.6946555316401208,-1.7858889366285426,0.16204084244106823,-0.684214071608005,-0.059914692387921915,0.16312035013785967,-0.8348214654096983,-0.7771268068751592,-0.16204084244106823,1.7858889366285426,-1.0102503215325889,-1.0850176963188372,-1.028190555213798,-0.39282577454383927,-0.71610842633123994,-1.5057194464681423,-1.3619827281933365,-0.8177176958673952,-0.9144083514851348,-0.5538573609678327,0.12408133374116129,0.5708012425622179,0.5728670973845897,0.17767154942198057,0.09387908442092041,0.5337254978059351,0.6817421706862145,0.40975308478573785,1
-0.4320003660567478,-1.132748289997029,3.176466932553916,0.3052077222492148,1,0,0,1,0,0,0.07231042253712305,-0.5321172680439689,-0.5920036137852022,-0.06110056841665506,-0.8223920164621596,-0.3620155821879628,1.3312124472926181,1.1223054489345807,0.9137417984764193,0.6181003767361032,0.7230062316572886,0.7066976864667597,0.21989845592801352,3.098653105779907,1.7923138950610575,0.5242816435865509,2.791043988152389,2.645232414881099,2.0459093416913814,-1.0652566185876786,1.2450543597150527,0.2551012645129282,-0.7222631587731877,1.9325377093835283,1.6426110893358472,1.0652566185876786,-2.0459093416913823,3.2790367763409094,1.9920014891146134,0.6093791363160792,0.8087807714596554,2.0318846915773383,0.3215701943037938,-0.709509049969999,-1.4267675574142176,0.9459245538203791,1.2780381250194413,0.35171115073279,0.32447439948480933,-0.11434528503927678,0.65151875506577694,1.1724671879921262,-1.4418395571298541,-1.8790404825575102,0.40975308478573785,1
-0.9974061379159777,-0.12780541711001567,-1.168717627632051,-1.8947617391869185,1,0,0,1,0,0,-0.1800683175455264,-0.4274522939396127,-0.46407179961141953,-0.1855102439151321,-0.3517981241410788,-0.18537446762237475,-0.8859078755754226,-0.0981526858575028,2.1931364056621896,-1.3467885697457158,-1.1353134426776654,-0.8683519002153175,0.6493489013891077,-1.2223823593462992,-1.1940948482087277,2.5279986169620168,-1.7820540368942652,-0.9137746260686449,-0.9333596546099943,-0.25863368266248993,0.010486415809615134,-1.0615003640057878,-0.4576961262550999,0.05237019220994024,0.583840007995896,0.2586336826624906,0.9333596546099936,-1.17736540326792,-1.1600669447440433,-0.2730889752305771,1.0284292798688959,0.15437386567706757,-1.726254403113031,-0.13859458152457876,0.34501385799472056,-0.35630847989348147,-0.026493508941193386,-1.0140677512169813,-0.10431677179808911,-0.32180562690308556,-0.2792525417345383,0.8552353928241243,-0.12479618717266176,-0.26463402725168356,0.10046155601764112,1
-1.5371116474179702,-0.6946962684821769,-0.15484123025532542,-0.8681093238500562,1,0,0,1,0,0,0.16064298156605036,-0.5536317349431976,1.3269735988215376,-0.6860421941764467,0.49703198222440714,0.10440639880421025,0.2334847919760105,1.0968059915645176,-1.1865395638140315,0.07812908825253241,-0.5990684850812247,1.60579181572827,1.3042609943638805,-0.9119075365884153,-0.09898799198833304,-1.3206296298586973,0.010943659536903178,-0.003300444971314144,0.2181716668474219,1.9737285121859853,-1.2358335527730588,-1.6045646417968185,0.2949339160724567,-0.09469581229637845,0.7755961284276747,-1.9737285121859853,-0.2181716668474226,-1.0938078624002545,-0.6347222057676005,-1.7196088694153011,-1.98204733538717,-1.8767514823423164,-0.30852968182446,-0.709509049969999,-0.8730858650989243,-2.0926191915119605,-1.0257092285706153,-1.317574173872486,1.4283835851280149,1.3897421934733356,1.2607508766078017,1.6800380602609295,-1.4418395571298541,-0.8213259083916238,2.3273605631479377,0
-0.6376024649146498,-0.6946962684821769,-0.15484123025532542,-1.6014324776621007,1,0,0,1,0,0,-0.34411449859924853,-0.25010331004056474,0.7512804350395157,-0.6304918274422431,0.760674983412281,0.2949104869179837,0.7502990045041422,1.1082523232584744,-0.08000151007271167,0.8147000131731453,1.2732495082451423,0.5670524310724312,-0.6385990268402211,-0.2984752223156526,0.012520001166135662,0.6348419334784644,-0.007249427155487638,0.07177503447946067,0.3637290563372595,0.4126498344833025,-1.3415419553774122,-1.5085688315944177,0.7473196635590386,-1.1077955656073868,-1.5852123680495984,-0.4126498344833025,-0.36372905633726016,-0.3139374809687093,-0.03432821836595151,-0.12752722487236504,0.21443774870523882,0.20557870638343811,-0.5920746260821743,0.5954383064766764,0.4557501964577793,-0.23228628620644656,-1.2477571662660425,-1.3934507795363622,0.12376363845877164,0.4950694691856613,-0.008482709938082702,-1.3019408143182878,0.7806711296729086,1.127095675598167,-0.45626319576493324,1
0.6988111776617119,1.8563125626925503,-1.168717627632051,-0.8681093238500562,1,0,0,1,0,0,1.2837283749338404,-0.6891147292005031,-0.8094876978806327,1.1714231934984898,-2.4717225081872276,-1.435278050434574,-0.6291260100186429,0.3900832045326219,1.7401861098961109,-2.7065934136457073,-2.8032625079467217,-1.1825907584780206,2.2078321551164963,-1.5517477430312627,0.1319600674378339,2.280125853543987,-3.7880829942475924,-3.457270277760738,-1.9287998281276528,0.30004743805884815,-0.6756730295948413,-0.40320674147254465,-0.08758612049508431,-0.0997651660848257,0.2690270296422148,-0.3000474380588474,1.9287998281276528,-1.3862592554370838,0.5660657690356972,1.3098950599149712,2.4949060860129455,0.26531768720753784,-1.5057194464681423,1.4110304042558486,3.3348949964973045,1.069946747507413,-0.38732140769626244,0.04820472807728505,1.5378621820513083,1.2471132084419672,1.1253659607095745,1.5848685217105287,0.12214944469431245,0.29205785388825667,1.646919199858125,0
0.13340540580248203,-1.235819353882877,-1.6032360836506476,-0.8681093238500562,0,1,0,1,0,0,0.3246891626197725,-0.5786350343125716,-0.054689994255315046,-0.4950878085276215,-0.2605591568372969,-0.06239647646911723,-0.6718510344964407,-1.462761792996846,1.8712492903248796,-0.4377222861601904,0.42072130773917327,0.18228421603915407,-0.3174384243776081,-1.2848596344060932,-0.09804832770100778,0.9744326267323771,-1.5803572824502843,-0.8932629929013431,-0.40749033797582196,0.6527578856825103,-0.3495913895244423,1.9094638044001664,-1.578849651154652,-0.9757206597660649,-1.419055758326858,-0.6527578856825103,0.40749033797582124,-1.1495128896453646,0.11577027848446049,0.6730624020977969,1.1188727833315248,0.32505666803163763,-0.05648973137315825,0.9216751455883455,1.2862727349307197,0.44983577907224165,-0.22078545442469194,2.096873081001942,0.561678026151944,-0.39960325510201306,-0.7361766328910565,1.109020828958526,1.1922471827845313,1.795125932966095,0.5334696962929761,0
0.8530127518051386,0.7740663918911503,0.5693561964423357,-0.4281154315628296,1,0,0,1,0,0,0.3751649106363024,-0.585612699252862,-0.4768649810287978,-0.17393725084550635,-0.776975585135264,-0.3159547345923791,1.5200843517022626,1.737158821394185,-0.6280031907655113,1.3974364868341533,0.03799142606581772,-0.6316538962836561,-0.6767138396568598,1.0844639277160835,2.449689994658981,-0.7434109961579797,1.3454311536759949,-0.08822053542265121,-0.7046860443852642,-0.1626015385546773,-1.0301307152726962,0.06974066047208724,0.11144504315227036,-0.553740037598122,-0.13552089665858316,0.1626015385546773,0.7046860443852634,0.8837206048011639,2.067050737539819,-0.31857702221751816,-0.6383152839424023,-0.11871861809024475,-0.5605696322757617,-0.709509049969999,-0.4855086804782194,-0.17027518936292965,-1.053465220782544,-0.17942508891434333,-0.7155722712864762,-0.5551985114998699,-0.7192535184037778,-0.3502454288142823,0.03983423407198747,-0.04195727479570725,-0.9511296417938885,1
0.2105061928741954,0.3102466044048362,0.5693561964423357,-0.13478617003801185,1,0,0,1,0,0,-0.596493238681898,-0.02042183908933873,0.34189862968341117,-0.5760987600150019,1.0411902768748575,0.4295154881439129,1.1771733850167811,-1.0134353514044143,-0.6332337925775704,1.3585269973796315,0.6530883054272354,-0.10217183790645144,-1.2407448552383962,1.2917170398304407,-1.4372039907545449,-1.027255953199706,1.7094287859032704,0.6498270764862527,0.5274811195133241,-0.6624995530634572,-0.3462198010823333,-0.04878758342612169,-0.16664135686807904,-0.14024200633412107,-0.21461712107417294,0.6624995530634572,-0.5274811195133248,0.8558680911786088,-1.4602639384448675,-0.8371407578686448,-1.1809763047181743,-0.5624939042121272,-0.24551969421163483,-0.709509049969999,-0.983822203561983,-0.9764194483286528,-0.4150773999081907,-0.17942508891434333,-0.40538291333714505,-0.4255357978349895,-0.44848368660732285,-0.2550758902638815,1.0276167615398821,0.7374113588002092,-0.5181215015185524,1
0.9815140635913272,0.928672987719922,0.27967722576327125,0.3052077222492148,0,1,0,1,0,0,3.0756174295206518,-0.7559840182116195,0.20117363409225028,-0.558160620757082,-0.8787326473370989,-0.15004624470925715,0.5466527518527933,1.3712558045448109,0.22436171803365498,1.2228524149593671,0.7186401873414713,-1.0655102777190415,-1.365913658582224,0.41884071550450086,2.0634127925459023,-0.5379519914714257,0.4260254803771124,-0.5271202152350023,-1.773666294592434,0.3058716999428703,-0.3416332505722553,0.18499001286141697,-0.8472998562505525,-1.2295551470701367,-1.4488977341924067,-0.3058716999428703,1.773666294592433,0.0759977097470634,1.3165582532877582,-1.019092945816409,-1.1034533017502068,-0.9038595089212672,-1.0016395455655394,-1.2804235184154193,-0.7069813574043363,-0.8523972546416179,-0.44283339212011924,-0.02767187758659086,-0.5604775923118106,-0.8793552956620708,-1.2438700675094103,-0.2233527107470814,0.6983559190505837,0.9600881112561845,-0.76555472453303,1
-1.3572098109173063,-0.514321906681944,0.5693561964423357,-0.13478617003801185,1,0,0,1,0,0,0.43825959565696476,-0.5937533083498675,-0.6687627022894718,0.08066859668626065,-1.2666808028743408,-0.5189802181690297,-0.15600842334453222,0.5817967565534318,-1.3501875522855205,-0.8135480605829699,-1.3964289442099962,-0.12270303818671656,1.076061040155069,-0.16874271016079492,0.33975032076877826,-1.1542672976103283,-0.2067587494646005,-0.6977846575358007,0.27586209560863995,-0.440948977121442,0.04832778256871188,-0.45817989387249186,0.6858242985404994,0.8940325074097084,1.1341751136076452,0.440948977121442,-0.27586209560863995,-0.14682239923337803,0.340918023760079,0.08171779126756346,-0.5349512799851129,-0.5795621844475838,0.5736101447550955,0.758556726032511,0.6772228733838963,-0.23228628620644656,0.05677446769459199,-0.4070549059059717,0.0872707728176734,0.4302381123532211,0.7869036709640054,-0.15990635171348128,-0.20711139779498602,-0.4316415915936655,0.40975308478573785,0
0.030604356373531493,0.5679242641194551,0.5693561964423357,0.5985369837740325,1,0,0,1,0,0,-0.05387894750420167,-0.5001363037343045,-0.09306953850744984,-0.4812002168440706,-0.03288476772941667,-0.012758087312711469,0.09587609582876887,-2.382957451137372,-1.9256753393610346,0.5302991580982149,-0.09139952144904305,0.04162167736905693,0.13807233868300153,1.1329521255165858,0.06679651207237898,-1.7821276032030147,1.249215823264142,0.0034024261970701276,-0.007768161614413057,0.06447137185505257,0.9987143695156219,3.337599165410382,0.8415963259241087,0.5223010758565899,0.12214566121642141,-0.06447137185505188,0.007768161614412348,0.8558680911786088,-0.10937746679115769,-0.5005292101652823,-1.2843403086754637,-0.8185181077439823,0.41608517572303205,-0.13859458152457876,-0.1532996650890431,-0.790386157798101,1.055990187324014,3.3867753772878366,0.3700904815361815,0.7673611678819103,0.9561348158367899,-0.857816301083085,0.28677986593896093,0.3477270420022505,0.5334696962929761,1
-0.12359721776989524,-0.7719995663965628,-0.4445202009343899,-0.4281154315628296,1,0,0,1,0,0,-0.2810198135785862,-0.355931228301636,-0.24658771551598904,-0.36547028614781285,0.04597762554260087,0.008707162052220753,-0.3788628493949836,-1.2703046375965783,1.514285235437654,0.6486062240691904,1.578847382051783,2.1578691177083513,-0.9508074433594275,-0.5777408732511413,-0.11848943053107251,1.269606685074497,0.10355966235944325,0.7527212512635618,1.98370482418619,0.9756618166055823,-0.050453858611424623,1.6248328706531878,-0.7942463676010248,-0.7735371756614631,-1.317693125686168,-0.9756618166055823,-1.9837048241861908,-0.7595776989295921,-0.4846237089171882,-1.1919475243667854,-0.4574282770171454,-0.3918111018575571,-1.2851844898232538,0.02452383803125581,-0.762349526635866,-1.2244638357027204,0.0012624832707351544,1.6416134470186852,0.24236545179233895,-0.21807545597118072,-0.4992530300691578,0.12560226393772106,0.4514102871836102,1.127095675598167,0.10046155601764112,1
-0.7147032519863632,-2.086155630941119,-0.8790386569529866,2.2118479221605303,1,0,0,0,1,0,2.6465735713801473,-0.7449360487228264,4.1926462363142685,-0.7682104449707897,0.2246824440562337,0.020781364819995127,-2.8841038100439964,-0.3278823253670705,-0.04788358592728026,-3.929881568370237,-3.8051367270906926,-3.529208393827901,1.3518274614759689,-0.8691481322104825,6.040584643110029e-4,-0.75542479781237,-2.2560884852922074,-2.529965371027724,-2.7148097313727666,-2.120904085066952,3.141973981892628,0.45063391399551167,-0.6936706028394418,3.0719177415302306,2.4768453384556093,2.120904085066952,2.7148097313727657,-0.8988402670423681,-0.18442671521636386,-0.555114866549611,-0.8321227913623208,-1.5695224381040902,-0.5605696322757617,-1.0357458890816678,0.2896456887631914,-0.4803306735805153,2.2356198563309704,0.010266425245347094,-1.0576928866717672,-1.2035120798242718,-0.13540606859267115,0.01457113562891996,-0.6186874509066087,-1.378017789531564,-0.45626319576493324,0
0.9558138012340891,-0.1535731830814779,-1.6032360836506476,-1.6014324776621007,0,1,0,1,0,0,-0.19268725454965888,-0.41117107574560174,0.4954168066919504,-0.5940368992729219,0.47030445334796367,0.14286497058304715,-0.06672027763229336,-0.6754210496899454,1.7255251694007236,0.49443654372133894,1.9292624184157043,-0.6988518452181212,-1.9036668490726538,-1.033455979114346,-0.9590328106767221,0.5599496327847945,0.14343231489209335,0.8665080047338405,-1.3255027532684673,0.3614669270176419,-0.9398408672913445,-0.03370142923199134,-1.7961553323941484,-0.5257268439945559,-1.6621592169045738,-0.3614669270176419,1.3255027532684667,-0.9545452942874786,-0.8598699510432187,0.16359627584405784,0.4340862571144791,0.47867119015075044,0.3215701943037938,-1.1173050988595852,-0.7069813574043363,0.7598912632898273,-0.8406692804910928,0.07349692996524401,0.33359761589508324,-0.6848612251647502,-0.8264332434898747,0.5697267771729232,0.8904247438360077,1.2198776557881568,-0.45626319576493324,1
1.6240206225222695,-1.3388904177687242,0.5693561964423357,-0.4281154315628296,0,1,0,1,0,0,0.6023057767106869,-0.6077086382304483,1.2246281474825116,-0.67851974868119,0.22406817485187003,0.05700397312331826,2.1953574124234643,1.4548929970828417,0.27127223689397256,0.6664515063756546,0.478218481917084,-0.6838267743165681,-2.039647444670573,2.084785332190688,1.445705035440435,0.1104800005511486,1.18568001195905,1.2882095227745953,0.8432886699243073,-1.7690215962405276,-0.9696049832509848,-0.5486107295704064,-0.2598164896045218,0.2753670142602803,0.6359784216467612,1.7690215962405276,-0.843288669924308,1.9978211497033713,1.391607501712964,0.10901061945972781,0.14983524623193267,0.6322857122698633,0.3215701943037938,-0.38327221085833024,-0.762349526635866,0.38782468222872474,-0.7481493064513315,-0.17942508891434333,1.2915353389738984,0.9359226956462544,1.0069041592986248,1.6800380602609295,3.908649133321241,2.7971713190179877,1.3994859768436472,1
0.8273124894479005,-0.3339475448817109,-0.8790386569529866,1.478524768348486,1,0,0,1,0,0,0.4256406586528323,-0.5896830038013647,-0.6559695208720935,0.04884286574478978,-1.2176464931239974,-0.49125427107265895,-2.3489488112780874,-2.0619117516369894,0.06145276318099171,-1.8472968606694093,-1.285559785034005,-0.7870271439361508,0.9872606561639016,-0.7437558181348125,-0.2678501037794303,-0.5433413327913647,-0.49870068964634245,-0.5100023196256022,-0.16027754582615011,-0.9144498376620688,2.5231184517633856,2.561712234021151,-0.6300136257651117,2.0010758139636544,1.1733726808577019,0.9144498376620688,0.16027754582614942,-0.7874302125521474,-0.40957446049198204,-0.5369196477548344,-0.7158382869103699,-0.8526546682148961,-0.05648973137315825,0.4323198869208419,0.5664865349208381,-0.35630847989348147,2.610325751192004,2.7038859263129513,0.48869229486974886,0.06718251409155555,0.8715192434003977,0.664896315723324,0.03983423407198747,-0.3759724034796717,0.34789477903211874,1
-1.7170134839186342,-0.2051087150244015,1.4383931084795292,-0.13478617003801185,1,0,0,1,0,0,0.08492935954125552,-0.5326987401223264,-0.1442422641769629,-0.44243069006082425,-0.1858143527287163,-0.06776278881035029,0.32718802814870757,-0.15552717213091816,0.2853685954203863,-0.56186205893868435,-0.26909042781954184,-0.913371555703032,-0.14598701250651544,0.899188648540498,-0.22509051559791962,0.8391679277824142,0.1243360647311133,0.32008374337547807,-0.4633576356367666,-0.7861774033115495,0.44349578502451487,-0.012024812591383174,0.45317440853068297,0.8823289067239872,0.6623302112893497,0.7861774033115495,0.4633576356367659,1.050835686536495,-0.03432821836595151,0.6002815269186915,0.9767472778902511,0.9907195972144606,-0.18250970659880966,-0.709509049969999,-0.5962450189412776,0.6358690696027934,0.3898463742377325,-0.02767187758659086,-0.040454256926167845,0.19684522775643593,0.549980068142106,-0.4771381468814831,-0.28942660841731066,-0.6543183440496418,-0.023255055489598248,1
0.15910566815972013,0.5936920300909173,1.4383931084795292,-0.8681093238500562,1,0,0,1,0,0,-0.7226826087232228,0.1365756220671955,5.779000732069174,-0.7873058835356722,2.657802791453749,0.713482849534162,1.3678269965414953,0.3440723039983992,1.0861054300691961,0.48652733462218867,0.5912320730099998,0.4652701297574022,-0.15366159020384434,2.5242459972899236,0.64695175705798,-0.11537764693751658,1.9509326941912368,0.8974953213715317,0.5516412599819246,0.08746187929198715,0.6202001229168556,0.17585203281850012,-1.6006859158462297,1.277244422742947,0.10759884695494461,-0.08746187929198715,-0.5516412599819253,1.9978211497033713,0.340918023760079,-0.6278957417287164,-0.5866332819637576,0.15437386567706757,-0.8756195703398886,-0.22015379130249568,-0.4855086804782194,-0.23228628620644656,0.25106641317809053,-0.17942508891434333,-0.97102233077416,-1.5406351353529608,-1.057715808149347,-0.0647368131630805,-0.6186874509066087,-0.6543183440496418,-1.0129879475475077,1
-0.894605088487027,0.5936920300909173,-2.617112481027373,0.5985369837740325,1,0,0,1,0,0,-0.21792512855792381,-0.37046803026057434,-0.68155588370685,0.0835618449536671,-0.8359652222306702,-0.3494941867250857,-1.0688227756444426,0.17763856115143203,-1.3643879226130753,-1.1706962178970195,-1.5777188493982879,-0.32404306814280576,1.3435571485400692,-1.7841079971178204,-0.6558520504995425,-0.5157358051647426,-2.0866838715642944,-1.6134717056907764,-1.118227115406131,0.6670879417885637,-0.2964356016520508,-0.9008326866583263,1.346899250658924,-0.4875849440425149,0.47587069069954935,-0.6670879417885637,1.1182271154061303,-1.6787106484739132,-0.6347222057676005,-0.09113678728281299,-0.3411437725651945,-1.1086788717467513,0.3215701943037938,-0.05703537174666111,0.5664865349208381,-0.4183195767369984,-0.3040534310604773,-0.8623145398892288,-0.08607033897753999,0.6117659114840535,0.36382580878204385,-0.4136917878478824,-1.1125787146405561,-0.9883334727336057,-0.08511336124321738,0
-0.12359721776989524,0.28447883843337485,-0.4445202009343899,1.7718540298733036,1,0,0,1,0,0,0.13540510755778543,-0.5524687907864826,0.7384872536221374,-0.6287558784817991,0.30764078028734176,0.06102870737924305,-0.17622731746148984,1.241221337084736,0.2980885582451264,-0.40926076555938923,-0.4728496343328565,-2.448669372874282,-0.5123389742368868,-0.7216960591770557,1.7611394565122132,-0.47438765196859134,-1.3619951691790781,-1.8134139071740853,-3.40256839671224,0.03493293508481349,-0.47606182406567726,0.06065560790947952,-0.8842108856045856,-0.7976462042944177,-1.1557180450780082,-0.03493293508481349,3.4025683967122387,-0.48105256270404034,2.3172148989571726,1.2644070129280303,0.7829397704703327,0.13730558544161034,0.4895968279379942,-1.0357458890816678,0.9356076631310333,1.3800022317249987,-0.49834537654397587,-0.02767187758659086,-0.24116501795220557,-0.6459624110652865,-0.8884846632765624,0.030432725387320277,0.4514102871836102,0.514734606344233,-0.6418381130257917,0
0.31330724230314594,0.9544407536913834,0.27967722576327125,-0.13478617003801185,1,0,0,0,1,0,2.495146327330558,-0.739121327939251,0.7896599792916505,-0.634542375016612,-0.4827164067913064,-0.07804822079771365,0.5337456838131306,0.4586464240979165,-0.5765334905654219,-0.6707326416012258,-0.4456037349344747,-1.0890190089519778,-0.3491438981359863,1.2840621612325054,1.4425146890569882,-0.6427454339258292,-0.15077813000707097,-0.5115053026580532,-2.2890543671149977,0.7849642097577141,0.5408334157078662,0.8155729380536246,0.1422434206270835,0.7566075140313897,0.07992130767102955,-0.7849642097577141,2.2890543671149963,0.7723105503109431,0.8162299304530506,-1.025158018748002,-1.1551353037288514,-1.1428154322176651,-0.5605696322757617,-1.7154059705643114,-1.0945585420250417,-0.8937379858706291,0.3620903820258042,0.5793409677244183,-0.41450612974742024,-0.2829068128036209,0.025363519036474696,-0.8895394805998851,-0.7010026615289333,-0.4316415915936655,-0.332546584257695,1
0.8787130141623758,0.0010334127472937634,-0.4445202009343899,1.478524768348486,1,0,0,1,0,0,0.009215737516460692,-0.5152545777716003,-0.5536240695330674,-0.12185878203219036,-0.687112840149562,-0.3020917610441937,-0.6986052858863662,-0.1650343505845368,-0.6982854992176635,-1.225155350993272,-1.9597344024627323,-1.9202208129407807,1.0735001326495135,-0.25088623717943914,-0.8757810563448777,0.6095926685087069,-0.662814195978611,-0.6360503647232417,-0.8569681418843172,-1.7690215962405276,0.7207450838758933,-0.6508234112906774,1.5671615130916576,0.9978706280137609,1.9267713190908797,1.7690215962405276,0.8569681418843165,-0.28608496734615396,-0.8598699510432187,-0.20030810005147043,0.13691474573727128,-0.135786898325702,-0.7811045889206503,-0.5463906304141645,-0.2086678343205727,-0.35630847989348147,0.8339422496285867,-0.482931511569848,0.5160619441005718,1.298978293907919,1.7007518532770418,-0.033013633646279864,-0.5363722402842841,-1.211010225189582,0.7809029193074537,1
-0.27779879191332196,-1.0812127580541053,-1.6032360836506476,0.3052077222492148,1,0,0,0,1,0,-0.16744938054139394,-0.44373351213362366,-0.4896581624461761,-0.16815075431069346,-0.40823852421255064,-0.21131164393833451,-1.5665563101497004,-0.23996016737646206,1.1152553442989066,-1.194118321456413,-0.6358793129287076,-1.0658021683630718,0.822197108625463,-1.256176796490789,0.782901141586199,0.4419928653727435,-0.5898885209292537,-0.23944233199408896,-1.1334326641296226,-0.3295023237687902,0.9231776294980887,1.1136460374551063,-1.0804312128616327,1.0282534544962438,0.5929054160863824,0.3295023237687902,1.133432664129622,-1.2330704305130304,0.491016520610491,-0.5460172571522233,-0.25070026910256554,-0.4600842227993849,-0.5605696322757617,-0.7910682597479163,-0.3747723420151606,-0.6043528672675491,0.6118943119331598,0.7310941790521709,-0.6517097564145549,-1.060883094792903,-0.6515610604546642,0.31594134103852145,-1.1948939252628807,-1.4336869776455579,-0.76555472453303,1
-1.1516077120594044,-0.9008383962538722,-0.8790386569529866,-1.6014324776621007,1,0,0,0,1,0,-0.7353015457273552,0.3807938949773599,0.7768667978742723,-0.6328064260561682,1.8138318464919418,0.7819033318848835,0.16294771331662153,0.07577603051100706,-0.37956049071622827,0.9058403763422972,0.9090512518788606,-0.02039582676211257,-1.1886369190628305,-0.8765075939661612,-0.016537056973071184,0.28005144912621394,-0.0951690001120466,0.7327419840608169,-0.2611143426240418,0.23115255077283092,-1.1023788222709452,-0.12057144060027963,0.8002966044738437,-1.318099859908351,-0.46643121832427814,-0.23115255077283092,0.2611143426240411,-0.5089050763265954,0.7161642658861095,2.2742416560381207,2.113751321420439,1.9636115706355104,2.27487981030138,0.18764225758709038,0.34501385799472056,2.4341908780647894,-1.1644891896302574,-0.482931511569848,-1.1717330918001976,-0.6459624110652865,-1.0746389226366257,-0.9529858396334858,0.2044646553166367,0.3477270420022505,-0.9511296417938885,1
-0.4063001036995106,-0.2051087150244015,1.4383931084795292,-0.4281154315628296,1,0,0,1,0,0,0.17326191857018283,-0.5559576232566278,-0.2210013526812325,-0.3845657247126954,-0.32069262942024446,-0.13036976612473594,1.6639784996715372,-0.2222012781618301,1.8502830576572797,0.9881966769804998,2.3076646421336653,-0.010174220086659328,-2.546373512757363,1.1940152612216532,-0.13453748933186915,2.314641275393536,-0.08802643051294101,0.5828974800402003,-0.33645217931212407,0.3198127523248422,-1.1207566291611368,0.170201524222869,-0.20340766604998195,-1.4222754591364153,-2.4309911174057235,-0.3198127523248422,0.33645217931212335,1.1343932274041606,-0.10937746679115769,0.06352257247278678,1.2609982887727984,1.1614023995690306,-1.442709458855317,-0.709509049969999,-0.6516131881728072,0.3258135853852078,-1.1089772052064004,-0.02767187758659086,-0.5239847266707137,-0.5422322401333817,-1.0238695791747903,-1.4605567119022886,1.0276167615398821,1.3497724280541432,-1.5078543935764617,0
-1.0488066626304537,1.4955638390920825,1.7280720791585935,-0.13478617003801185,1,0,0,1,0,0,0.021834674520593164,-0.5175804660850305,-0.5408308881156891,-0.15947100950847412,-0.6699930861932946,-0.2748130066429257,-0.6411036910601147,0.17074639395419924,1.2750343946062384,-0.11775951491055023,0.2630579356041445,-0.43085184229454027,-0.4877716780361376,-0.7348244068229559,-0.5671733013327224,1.4126753772166756,-0.4606243493301425,0.0963880640652612,0.30418285154596364,-0.8893153741744672,0.15724239948769134,-0.8025365466810103,-0.32341221512304924,-0.2976617124409296,-0.24788401565628387,0.8893153741744672,-0.30418285154596436,-0.7595776989295921,-0.6347222057676005,-0.4095531161914002,0.3436427536518511,0.13730558544161034,-1.0646495331783645,-0.05703537174666111,-0.2086678343205727,-0.4803306735805153,-0.08200549336504998,-0.9381911455531051,-0.8159276517994943,-0.840456481562607,-0.8884846632765624,-0.3502454288142823,0.5337254978059351,0.1250502895462747,-0.9511296417938885,0
-0.38059984134227254,0.20717554051898904,-2.327433510348309,-0.4281154315628296,1,0,0,1,0,0,0.33730809962390496,-0.5792165063909291,-0.579210432367824,-0.0842465545559066,-0.9602440468295823,-0.38035048268717575,-1.4744879547603424,-0.25085389507976114,1.6421640064365135,-2.714670965684782,-2.284900556856065,-0.7756864439779549,1.6311681805508602,-1.6085808060353124,-0.17101035024277064,1.312830864596524,-2.9024322912069245,-2.546372709984709,-1.788440916833884,0.7158101325491454,0.44303640604981764,0.17299042875376444,-0.9256247996249981,0.789343162255642,0.4844452890552305,-0.7158101325491454,1.7884409168338833,-1.5394480803611372,-0.3345252120667762,-0.5642124759469986,0.14983524623193267,-1.040405750804923,-1.5687294340809674,0.02452383803125581,1.1755363964676604,-0.8523972546416179,0.3065783976019474,0.04820472807728505,-0.31415074923440073,-0.723760039264214,-0.39771434314548676,0.506280418139323,-0.5363722402842841,-0.26463402725168356,0.22417816752487937,0
-0.07219669305541997,-0.10203765113855341,-0.4445202009343899,-0.13478617003801185,1,0,0,1,0,0,1.4982503040040924,-0.7036515311594415,2.312048567959664,-0.7271263195736183,0.18162323305100714,0.020781364819995127,-0.5151877995377815,-1.0543163359313235,-2.5794227586265563,-0.3123964181725503,-0.9552144964442099,-1.3104004470068884,0.6831714296058119,-1.3064067764427691,-0.7504665066863814,-2.6914936537998293,-0.47535263070022254,-1.5026414655901605,-2.147135912362408,0.3422733367180179,-0.5889650817812563,0.6952813867956632,0.821465766806061,-0.04932412474920332,-0.22521129778971258,-0.3422733367180179,2.147135912362407,-1.3166279713806959,-0.9349191994684248,-1.0099953364190213,-2.0595703383551376,-2.0815708451678003,0.3845801819166189,-0.22015379130249568,1.1201682272361313,0.139780294854656,-0.5538573609678327,0.6552175733882943,0.023408257945752128,0.4432043837197094,0.39767203775660004,-0.9212626601166852,-0.04248097655033679,0.1250502895462747,-0.023255055489598248,0
1.2642169495209417,-0.35971531085317227,0.27967722576327125,-0.13478617003801185,1,0,0,1,0,0,-0.028641073495936725,-0.5018807199693771,-0.2849672597681238,-0.3533186434247058,-0.24315874751226746,-0.11292925101572851,-0.3387782702651071,-1.3377950543960124,0.530631967081244,-0.41623379346428063,-0.15871175226220602,0.9084074998141254,0.3708525429767069,-0.34436560662122156,-0.7600029148227834,0.1331824365263922,0.06959377999276185,-0.16986864355498058,-0.16027754582615011,1.3979208031972914,0.12699337498136198,1.0748114599678809,-0.5915561706323748,0.6313130027466592,0.04048938281935576,-1.3979208031972914,0.16027754582614942,-0.3974950218363748,-0.7848207026180125,-0.32767463161490584,-0.21193876761858224,-0.1699234587966153,-0.5605696322757617,-0.30171300108041293,-0.26403600355210183,-0.17027518936292965,-0.3040534310604773,0.27583454506891375,-1.564031397441998,-1.5665676780859363,-1.277716296483967,-1.016432198667086,-1.5241547677521787,-1.211010225189582,-1.3222794763156045,0
0.72451144001895,-0.5658574386248675,-0.15484123025532542,-1.8947617391869185,1,0,0,1,0,0,-0.6848257977108253,0.09877993697395579,0.57217589519622,-0.6009806951146973,1.4590227621129346,0.5404192765293959,0.33062601916474355,-0.8537770713404933,1.3386200484754551,0.5745510572365484,1.8318022117204906,0.08376903229316567,-2.4165133930040192,-0.8490410313422878,0.303592752360329,-0.6297245471258827,0.13409477101801234,0.3205167845530513,-0.16027754582615011,0.2732122875090939,-1.3080953225501581,1.475968379192445,-2.4627508897607284,-0.6432153318625956,-2.068510332931536,-0.27321228750909315,0.16027754582614942,-0.9545452942874786,-0.10937746679115769,-1.06458099280335,-1.1809763047181743,-1.0745423112758372,-0.08799472517957138,-0.7910682597479163,-0.8177176958673952,-0.6663639641110671,-1.2200011740541141,1.413983630027056,0.07814755640739948,-1.21647835119076,-1.3454087544330806,0.6331731362065233,1.6861384465184783,2.073471873536065,-0.7036964187794109,1
0.8530127518051386,-0.7719995663965628,0.27967722576327125,-0.13478617003801185,1,0,0,1,0,0,-0.29363875058271866,-0.3373241217941949,-0.16982862701171944,-0.4401160914468991,0.13864498215872859,0.08070518596376425,-0.5378401996391726,1.2553931570055852,0.9217817312764094,-1.1617284604205478,-0.7408148661316553,0.08015560723077479,0.8995194058107288,-0.07082175699920316,1.6073455596712463,-0.7354399341079252,-0.23066231975638557,-0.9683773532501412,-1.206712417013922,1.3061253713295295,0.6771156249540965,-0.11286300939320056,-1.9991527147472432,1.3406993937415754,0.017663602003425902,-1.3061253713295295,1.2067124170139214,0.02029268250195297,1.6918044954137887,0.391036510778763,-0.06981326217730856,-0.15285517856115927,0.16404522527173035,0.02452383803125581,0.7325910426154264,0.2638024885416898,0.9449662184763004,0.19995793940503753,0.9813459810245673,-0.3347718982695729,0.19459466390925928,1.8069307783281299,-0.6186874509066087,-0.04195727479570725,1.3376276710900281,1
0.72451144001895,-0.9008383962538722,-0.8790386569529866,0.3052077222492148,1,0,0,1,0,0,-0.5460174906653681,-0.10182793005939353,0.25234635976176334,-0.56626171590582,0.8644811057528708,0.35930623501278036,-1.1181626201845005,0.2725279884179333,-1.0344929797262097,-1.5915693968858515,-1.778563969496295,-1.5754059210300233,0.9218823895833413,-1.1553755020330243,-0.2523009855517165,-0.05990798075877651,-1.6361970614480705,-0.7575213218879331,-0.946287449071263,-1.2101494081044426,0.40039475420559895,-0.6268028055498058,1.3539848158467649,0.5276825778216394,1.5726481359698434,1.2101494081044426,0.946287449071263,-1.1495128896453646,-0.40957446049198204,-0.5824076947417753,-0.5220307794904515,-1.091610591511294,0.06953024385249205,-0.6279498401920818,-0.26403600355210183,-0.790386157798101,-0.05424950115312168,-0.9381911455531051,-1.3998135020570583,-0.62002986833231,-0.38925278590184803,-1.0957401474590864,-1.0302635040182315,-1.517190759816549,-1.2294920176851751,0
0.6217103905899984,-1.3388904177687242,0.27967722576327125,0.3052077222492148,1,0,0,1,0,0,1.750629044086742,-0.714118028569877,-0.8478672421327675,1.81372430886272,-3.515315854525156,-1.95089122788805,-2.0572687504975886,0.564075576634666,0.025134650985198768,-2.2684515317624165,-2.4563608618594466,-1.806556070177955,2.3718723714160994,-0.6439486024867033,0.17544343592561992,0.18886001222272963,-0.9117900292992873,-1.0711654253063838,0.03622492998512883,-2.4998544576492554,2.217256420851202,-0.59845604859344,0.15542618878113967,2.1604162859983593,2.1476048706819486,2.4998544576492554,-0.036224929985129536,-0.7038726716844818,-0.03432821836595151,-0.555114866549611,-0.37990527404917784,-0.6990401460957827,-0.8756195703398886,1.0847935651441794,1.1755363964676604,-0.728375060954584,2.527057774556219,-0.3311783002420958,0.9083602497423721,0.858125067447326,1.7853674257134342,1.0138512904081252,-0.04248097655033679,-0.9883334727336057,1.4613442825972665,0
-0.5605016778429365,-0.978141694168258,0.5693561964423357,0.3052077222492148,1,0,0,1,0,0,-0.33149556159511606,-0.28499163474201683,-0.5024513438635544,-0.165257506043287,-0.24609094459855363,-0.09146400165079628,-1.5041685933464308,-3.4595815568811883,1.8386477878772634,-1.806809204344826,-1.4419155556635643,-1.5622025865683193,0.7068155082837477,-0.89661148949387,-1.0015240806431907,0.5178791097959334,-0.792010680156956,-0.8030100515836648,-1.532862003731795,-0.6103841330315712,1.1956994087202686,3.745079420639029,-1.9930745598197657,1.6555384365753707,1.0905778194213505,0.6103841330315712,1.5328620037317944,-0.8988402670423681,-1.009968447893631,-0.38226028799923456,-0.06981326217730856,-0.3747428216220998,-0.8756195703398886,-0.7910682597479163,-0.1532996650890431,-0.10826409251941274,0.44535835866158957,2.1727496866658176,-1.6552635615447422,-2.2019149750438505,-1.633101700716815,0.2524949820049213,-1.277209135885205,-1.6006945419875402,-1.569712699330082,0
-0.9974061379159777,0.18140777454752677,-0.4445202009343899,-1.8947617391869185,0,1,0,1,0,0,0.1480240445619179,-0.5536317349431976,0.40586453677030254,-0.5836212055102586,0.14564055445051116,0.025253291771022673,0.21039687789629627,-0.10819395221356348,0.7421960575150063,-0.5252569307567132,-0.6558047833776033,0.511284249583789,1.708747141852045,-0.10661066323994085,0.25178936387988915,-1.0509218981426136,-0.818947565271423,-1.2998552462414754,1.3597746637553074,-0.651277219968356,-0.3990860988969028,0.4007366522101654,-2.070682031449957,-0.10246616036056082,-0.41647731459688314,0.651277219968356,-1.359774663755308,0.2152602778598393,0.7161642658861095,1.3644807162993,0.5116092600824467,0.13730558544161034,1.2667200084961745,3.613129068259613,2.83658147341354,0.20179139169817292,-0.47058938433204756,0.19995793940503753,-0.4509989953885172,-1.385039878955104,-1.3284856399458025,1.109020828958526,0.2044646553166367,-0.09762646290970158,-0.9511296417938885,1
-1.2287084991311177,0.20717554051898904,-1.6032360836506476,1.0385308760612593,1,0,0,1,0,0,0.097548296545388,-0.5379319888275442,-0.6431763394547153,0.025696879605538233,-0.9795280848308706,-0.43356641340440355,0.10230172386113498,1.5714206850775891,-2.4035931665758867,-0.9901108546731773,-2.0576088629160707,-1.4523009552338144,0.9427110031077373,-1.2965676478086747,0.08980782247518325,-0.002749966723169565,-2.20612744896374,-1.9969842061897651,-1.2778853770027954,-0.7133741297612556,-1.4377681540288196,-2.066856701055639,3.2830289282059586,-0.8499823260879988,0.7253258992632395,0.7133741297612556,1.277885377002794,-1.2887754577581405,-0.18442671521636386,-0.7825551014843162,-0.6641562849317252,-1.4159079159849774,-0.8126095827270634,-0.13859458152457876,0.5664865349208381,-1.2864749325462383,-1.4142931195376127,-2.0004636248473715,-0.9801455471844351,0.6376984542170299,0.22844089288381547,-1.9681275841710915,0.12214944469431245,-0.2089648391376897,-0.76555472453303,0
1.8553229837374106,-2.1119233969125806,-0.8790386569529866,1.478524768348486,1,0,0,1,0,0,-0.785777293743885,1.1745032819353942,0.6233486208657331,-0.6027166440751413,2.2053139508960626,1.3690673405548004,-1.3353857644506792,-0.883071326983727,0.46212641620874256,-0.40667085739425857,-0.012187116404762492,-0.6803350324873344,-0.3815378226847501,-0.6245620563843562,-0.36080066071246814,-0.17356819171466667,-0.05242262938151947,0.09743451656384867,-0.4291756706205303,-0.5022446364654003,1.2328313646134488,0.8506009282282273,-0.8061615861045779,0.4974047101942779,0.11096968953671252,0.5022446364654003,0.4291756706205296,-0.3139374809687093,0.11577027848446049,1.619213779426171,1.2609982887727984,1.178470679804488,1.487254965141063,0.10608304780917345,0.34501385799472056,1.6900577159425842,2.16622987580115,1.9071815668422514,2.5687856364123185,1.6166519423868764,1.7684443112261554,2.473117548180934,1.8507688677631275,1.6837875567381073,3.1005893850681794,1
-1.2287084991311177,0.8513696898055362,-0.8790386569529866,0.5985369837740325,1,0,0,1,0,0,-0.0412600105000692,-0.5001363037343045,0.36748499251816774,-0.5801493075893709,0.2659752261028921,0.06371186354985958,-0.6863481530495268,-0.3067137062351889,-0.6155717665136748,-1.4066557415144625,-1.035468758112158,-0.1052805647452004,1.4720403551671346,-0.3287052065285965,2.054722554560023,-1.6602199637566157,-0.8064354503057455,-1.5881757344522098,-0.9555564337793421,0.8041191033027003,0.6259454450338419,2.47935013642626,-0.826853725972022,1.1006535688824561,-0.20438439274068393,-0.8041191033027003,0.9555564337793413,-0.17467491285593337,2.2921984828154374,0.6730624020977969,-0.3669847735545164,-0.6478353053894121,1.0146800580448727,1.166352774922097,2.0060589349406004,0.8839134569768611,0.6951622885689447,2.5521327149851984,0.37921369794645543,-0.127311556405765,0.31305646532020776,0.030432725387320277,-0.6186874509066087,-0.32030321536567735,0.47161139053935697,0
-0.4320003660567478,0.20717554051898904,1.0038746524609323,0.5985369837740325,1,0,0,1,0,0,-0.38197130961164594,-0.22102970612268805,-0.6175899766199587,-0.01770184440555841,-0.43199171535401887,-0.1563069424406957,0.0189628375913571,-0.09357827665435484,1.3052263081023137,-0.48576885949970405,0.9370866029561414,0.06526455908813357,-0.9142443563484793,1.2148850267320068,-1.0731027933072845,0.6595955073567927,0.7554081474616908,1.595188208837891,0.22845561284398783,-0.13756642077256032,1.1875305168795633,-0.9465716996633928,-1.1214582147706724,1.4052921780132825,0.339132329174705,0.13756642077256032,-0.22845561284398855,1.106540713781605,-1.009968447893631,-0.054746349693259644,0.29196075167320634,0.59814915179895,0.29006520049738066,-1.1173050988595852,-1.3160312189511594,0.38782468222872474,1.1392581639597994,-0.8623145398892288,0.11464042204849642,-0.4903671546674297,0.05920974801103089,0.47455723862252236,-0.12479618717266176,-0.2089648391376897,0.038603250264021984,0
-0.5091011531284612,0.9802085196628456,-0.15484123025532542,0.3052077222492148,1,0,0,0,1,0,-0.6469689866984278,0.07842841423144209,3.1052258158371164,-0.7496936560593885,1.9823069405161327,0.6396960548422075,-0.23205534124819024,-1.525243540350775,0.6988183880419565,0.24187765969171993,1.0119583588416468,1.5276097175316172,-0.15883996166769243,0.17820841079058433,-0.407354488945409,0.6378532834492947,0.9209348314712003,1.2433232570199462,0.6912331826893887,1.3979208031972914,0.5007423451552435,1.685365841189175,-0.31432711147754366,0.5864221008192946,-0.10173226088731124,-1.3979208031972914,-0.6912331826893894,0.1317027369921738,-0.40957446049198204,-0.10023439668020068,0.24027874969456073,0.615217432034406,-0.18250970659880966,-0.38327221085833024,-0.7069813574043363,0.20179139169817292,0.27882240539001907,1.2622304186993043,-0.5696008087220858,-0.6329961396987983,-0.38079122865820925,-0.635754044465484,-1.1948939252628807,-0.7656567202776299,-0.45626319576493324,1
-0.2263982671988458,0.026801178718756015,-1.6032360836506476,0.5985369837740325,1,0,0,1,0,0,-0.7100636717190902,0.13076090128362017,-0.06748317567269331,-0.4950878085276215,1.1897591452346847,0.48317861155624336,-0.711259856228334,-0.10486323470167548,-0.02645630678388024,-0.06019646201865061,0.5406880329398259,-0.30969066343155965,-0.7155456390437267,0.26179895662212166,-0.15182001419426533,-1.6803396630262364,1.1671629375541557,0.9788179880994033,-0.11207882534413707,-0.31122271395962636,1.2506105768439428,-0.00816187685610109,-1.6524126523369451,1.2386603261367797,0.25270433037632306,0.31122271395962636,0.11207882534413637,0.1317027369921738,-0.25947596364157,-0.3731626786018469,-1.1422148032341901,-0.6990401460957827,1.3612349899154128,-0.8726274695258333,-0.9284540343304539,-0.046252995675895824,0.9449662184763004,-0.17942508891434333,-0.5148615102604385,-1.2294446225572482,-0.7530997473783346,0.506280418139323,-0.20711139779498602,-0.3759724034796717,-0.8274130302866491,1
-0.12359721776989524,-0.35971531085317227,-0.4445202009343899,-1.6014324776621007,1,0,0,1,0,0,-0.2810198135785862,-0.355931228301636,-0.42569225535928473,-0.21444272658919655,-0.18102298954795892,-0.10801013136959821,0.24992605213095415,-0.3648315275587167,0.7632625238710464,0.5661851180438158,1.051381965926896,2.402132330217036,-0.010773772732283993,-0.8411524047479811,-0.46615003180850356,1.5688767510350894,-0.23785909360767477,0.9892491177870493,2.6679545167433187,0.6301771912123648,-1.187997831190483,0.03376385232416026,0.5331643933155564,-1.0007365728327637,-0.4010388263496589,-0.6301771912123648,-2.667954516743319,-0.9823978079100336,-0.7848207026180125,-1.301118837135444,-0.43158727602782254,-0.4942207832702994,-1.1591645145976028,0.2692014673650073,-0.762349526635866,-1.3484860293897554,-1.1089772052064004,0.04820472807728505,0.05990112358685037,0.3265079414213163,-0.11002139686175369,-0.0647368131630805,-0.4540570296619595,-0.2089648391376897,-0.20882997275045564,1
0.31330724230314594,-1.8284779712265005,-0.15484123025532542,1.0385308760612593,1,0,0,1,0,0,-0.09173575851659908,-0.4687368115029976,-0.13144908275958464,-0.4516890845165249,-0.03400143832366218,-0.011416509227403206,0.047820787758402296,0.2636751367274448,-1.52384084267345,0.40426436242348274,-0.10487690526153656,0.17310486627460303,0.19841229080905462,0.2221549109887819,0.14630353968206927,-0.31105547544291057,0.654996355968118,0.44554001802130355,0.9573302853504951,-0.7133741297612556,0.1554786000234164,-0.21533872572932192,1.7705607261605911,0.10334810174423667,0.5713282235573562,0.7133741297612556,-0.9573302853504958,0.18740776423728422,0.11577027848446049,-0.04564874029587195,-0.19901826712392082,0.06903246449978255,0.19555021907814235,0.10608304780917345,-0.319404172783631,-0.29429738304996345,0.22331042096616224,-0.1035484832504671,0.33359761589508324,1.234146937075479,1.209981533145967,-0.9529858396334858,0.12214944469431245,-0.2089648391376897,0.5334696962929761,1
0.5189093411610479,1.6244026689493918,-0.8790386569529866,0.5985369837740325,1,0,0,0,1,0,-0.4955417426488382,-0.16869721907050997,0.5977622580309765,-0.6021379944216599,0.9368571517910429,0.3356050221723344,-1.5901603572863081,-1.1062060801753957,-0.373773922496729,-1.3719030679055586,-1.6771662103343603,-0.909293759220846,1.4755921735386772,-0.2054326585071959,-0.3774270279385186,-0.3069806602281324,-0.37961880179469887,-0.49129965914292323,-0.12950004961474557,-1.1117316642817359,2.005890793760436,1.140204449916279,0.20247551512629403,1.4769290313516583,1.7007397208345387,1.1117316642817359,0.12950004961474487,-0.06326485836571254,-0.18442671521636386,0.6093791363160792,0.3436427536518511,0.17144214591252482,0.5106001571422693,0.5954383064766764,0.7325910426154264,0.3258135853852078,2.3882778134965768,1.5657368413548085,1.0725781451273115,1.026686595211671,1.6499825098152057,1.1724671879921262,-0.4540570296619595,-0.9326642846196119,1.4613442825972665,1
0.8273124894479005,-1.7254069073406524,-0.8790386569529866,1.478524768348486,1,0,0,1,0,0,0.4256406586528323,-0.5896830038013647,0.07324181991846762,-0.5274921891225737,-0.2184668709008846,-0.04585034675031531,-1.068143227940952,0.10015874139998898,-1.1764968369663729,-0.1822789344471521,-0.8019610919676263,0.5160174868459984,1.4065356419926298,-0.8308488924615405,-0.269446994635268,-0.6300801718858577,-0.055421653666885305,-0.11405468334900497,0.09840925777350726,0.6061852033378352,0.6551047361873567,-0.40739710006284685,0.9751407809652204,0.19129191770805484,0.9312364970287224,-0.6061852033378352,-0.09840925777350797,-0.7874302125521474,-0.25947596364157,-0.018355912103706302,-0.3411437725651945,-0.34060626115118536,0.4790951633358572,0.5138790966987595,0.5111183656893089,0.20179139169817292,0.7506742729928018,-0.2553016945782196,0.4613226456389258,0.9229564242797662,0.9561348158367899,0.1890486229713212,-1.277209135885205,-1.211010225189582,0.7809029193074537,0
0.5960101282327613,0.28447883843337485,0.5693561964423357,1.7718540298733036,1,0,0,1,0,0,-0.6595879237025604,0.08133577462322976,0.7384872536221374,-0.6287558784817991,1.4298375086181414,0.5484687450412455,-0.016735622837828985,-0.7117656342705666,1.5745962774057904,0.005354612495216277,0.6957536903663979,-0.6153369846614862,-0.8519402735965366,-0.3961411362813969,-0.8839875599635943,1.4316523866327786,-0.5613026726956231,0.21282052500529464,-0.67984341407292,-0.16498583548630744,-0.37254826483750886,0.09136133844560042,-0.7138532799651434,-0.5638118579527895,-0.6967360521710552,0.16498583548630744,0.6798434140729193,-0.3417899945912644,-0.7848207026180125,0.1817914946388332,0.9121447754169449,0.615217432034406,-0.5290646384693491,-0.7910682597479163,-0.5962450189412776,0.20179139169817292,-0.3318094232724056,0.12408133374116129,0.12376363845877164,-0.2699405414371327,-0.4654068010946016,0.4428340591057229,0.4514102871836102,0.4033962301162448,-0.08511336124321738,1
0.31330724230314594,0.8771374557769975,0.27967722576327125,-0.4281154315628296,1,0,0,1,0,0,2.495146327330558,-0.739121327939251,-0.0035172685858019803,-0.510132699518135,-0.9139667966325307,-0.17419465024480588,1.5886365410413867,1.8117995118569281,-1.2315881367971353,0.4560516048483093,0.13856486620905517,-0.5482871183645829,-0.03057341519194203,1.8609570851514463,1.2929609819868106,-0.636892389125122,0.21624409081264287,0.1752615647120239,-1.1334326641296226,0.3763264807979944,-0.3495913895244423,-1.1914917615319407,1.0436068120456072,-0.40167235734865325,-0.00903230637415794,-0.3763264807979944,1.133432664129622,1.7471485271003746,1.2093450412517492,0.029731451853916742,-0.3060738426511139,-0.20406001926752979,0.6096158519624242,-0.9192327322560718,-0.5408768497097485,0.3169548572647054,-0.22078545442469194,-1.0140677512169813,0.561678026151944,1.0526191379446466,0.8038267854512828,-0.28679906978068154,-0.5363722402842841,-0.4316415915936655,0.47161139053935697,0
-1.280109023845593,-0.2824120129387873,1.7280720791585935,-1.6014324776621007,1,0,0,1,0,0,0.29945128861150755,-0.5763091459991414,-0.1826218084290977,-0.4389587921399365,-0.35986942012052664,-0.10398539711367341,2.110109772415848,0.029486492850898115,-0.629042416533058,1.0882250648684788,-0.14795323503821706,0.592964860599554,0.01375380507447044,1.724044842858303,0.9339015804056642,-0.12121499984513429,0.8199979582468924,-0.2077122111264207,-0.5940660301642549,1.3979208031972914,-1.211513711128136,0.895090965042174,0.7381126715320486,-0.6570259174551049,-0.01044409456134041,-1.3979208031972914,0.5940660301642541,1.4686233908748227,0.7328418766472664,-0.29229503951395197,-0.30812471574550415,0.023517050538564028,-0.8756195703398886,-0.7638818564886103,-0.6023970377447808,-0.34252823615047884,-1.1089772052064004,0.9587239960437993,0.2879815338437111,0.6376984542170299,0.31305646532020776,0.030432725387320277,-0.8656330827735822,-0.32030321536567735,0.34789477903211874,1
-0.6633027272718879,-1.0812127580541053,-0.4445202009343899,-0.4281154315628296,1,0,0,1,0,0,-0.7983962307480176,1.5931631783528188,-0.2721740783507456,-0.36373433718736903,1.7858158244900784,1.506355497951346,1.179458124613546,-1.7183210916801657,0.17868540035539032,1.2451594575701215,1.429233236892193,-0.2935732757551238,-1.2853651728796325,0.1483369007274572,-0.5488540148353437,0.1479697338854016,0.2983537364452932,0.6416146943447716,-1.4375436385994584,1.0253393444399002,-1.491848750062829,1.80861972095522,-0.09557361587407089,-1.3862876383176628,-1.2316613371761889,-1.0253393444399008,1.4375436385994576,-0.23037994010104354,-0.8598699510432187,-1.3466068841223853,-1.077612300760884,-0.9209277891567239,-0.7495995951142377,-1.6882195673050053,-1.4267675574142176,-1.1004416420156866,-1.3726591312197203,1.9071815668422514,0.4020217389721415,0.28760912732185256,-0.30463721346545575,0.17318703321292087,0.2044646553166367,0.848749735028197,0.3169656261553086,1
-1.1516077120594044,-1.6223358434548052,-0.8790386569529866,0.5985369837740325,1,0,0,1,0,0,-0.7353015457273552,0.3807938949773599,1.9410463068556945,-0.7149746768505112,2.1673539760965186,0.8454046945894746,-0.4318907470326505,1.7923965063977776,0.9159150243793934,-0.9382239692091909,-2.0080090574796947,-3.735609133067065,1.662184669244964,-0.8437496890085523,-0.16810060399835472,0.25512561292694885,0.05417266596338837,0.8345753681413086,-0.16027754582615011,-4.935963995678347,-0.24251015052263022,-2.6285199506224295,-0.995709884890309,1.3211967414856258,3.4253105289797383,4.935963995678347,0.16027754582614942,-0.45320004908148526,0.5660657690356972,2.3834129688067796,2.191274324388407,2.117226092754623,2.3693947917206186,0.18764225758709038,0.2896456887631914,2.620224168595341,-0.19302946221276363,-2.4557232588306284,0.19674936974096682,-0.3607044410025493,0.1607484349347019,3.5834288312689404,-1.853415610241477,-2.7697474923814145,1.3994859768436472,1
1.495519310736081,-0.2051087150244015,-0.15484123025532542,-0.4281154315628296,1,0,0,1,0,0,-0.5207796166571032,-0.16288249828693463,-0.2210013526812325,-0.3845657247126954,0.44498297934688336,0.1719324957647262,0.6048595808294495,-0.4739115164742795,-0.4563493080836066,0.34499707081679465,1.5140351552826548,0.5825891900151586,-1.4956514697498247,-0.31124532244614234,-1.1577670236140567,-0.21843481335714637,-0.7808345137055427,-0.0589348911758796,0.2857518833962749,0.5111769313547013,-1.152064629954515,-0.509367159361878,0.4043388702917699,-1.240330922862593,-2.0258583036874755,-0.5111769313547013,-0.2857518833962756,-0.48105256270404034,-1.2351161931692491,-0.8644335860608106,-0.8321227913623208,-1.05747403104038,0.006520256239666901,-0.22015379130249568,-0.3747723420151606,-0.8523972546416179,-1.053465220782544,-0.4070549059059717,0.269735101023162,0.4432043837197094,-0.11002139686175369,-1.2702176348014877,1.1922471827845313,1.6837875567381073,-0.45626319576493324,1
-2.282419255777864,-0.9008383962538722,-0.15484123025532542,0.3052077222492148,0,1,0,1,0,0,-0.3188766245909836,-0.3070875737196031,0.25234635976176334,-0.56626171590582,0.48394566135851536,0.201447213641508,-1.2745519176285498,-0.38485396703547325,0.029225899405420783,-1.152569880722584,-0.9637143441801763,-0.130530608569572,0.8996504130985626,-1.392366498099649,-0.5745609197789773,1.3952498509732734,-0.5914360919859867,0.7983725862326989,1.465333844976243,-1.6313284484388841,0.3810592683491104,-0.04735836881825729,1.3621387592848333,0.9705896465780246,2.032331286115157,1.6313284484388841,-1.4653338449762439,-1.3166279713806959,-0.5596729573423944,-0.08886238493346542,0.6375841399053939,0.3506590883848229,-0.08799472517957138,0.5954383064766764,-0.05640536893386687,-0.24778906041732607,0.08453045990652028,-0.3311783002420958,-0.8797901666714156,-0.127311556405765,0.2622871218583729,-0.667477223982284,-0.7010026615289333,-1.32234860141757,-0.5799798072721716,1
-1.0488066626304537,-0.41125084279609675,-0.15484123025532542,-0.13478617003801185,1,0,0,1,0,0,-0.81101516775215,1.7269017563750517,1.1350758775608636,-0.6675254052650456,2.8566219259120724,1.8439859827539258,-0.25797618051717386,-0.046507815989885924,0.08884577846969828,0.770221329782422,0.7426146058963424,0.651165402012374,-0.9928062558515737,0.554313360408235,-0.201471603928156,-0.16634834417238345,0.900891968861736,0.8868341096359382,0.4251360800282837,0.4664671563038157,0.9125855372904668,-0.137996393027233,-0.28861919883936465,-0.14721027105386414,-0.0996144581262294,-0.4664671563038157,-0.4251360800282844,0.438080386840281,-0.25947596364157,-0.2276009282436361,-0.2765412700918884,0.08610074473523979,0.16404522527173035,-0.9541866793037505,-1.2052948804881005,0.015758101167622184,0.6951622885689447,-0.2553016945782196,-0.39625969692687113,-0.47740088330094144,-0.4992530300691578,-0.033013633646279864,-0.28942660841731066,-0.09762646290970158,-0.3944048900113141,1
-0.9717058755587404,-1.3388904177687242,0.27967722576327125,0.3052077222492148,1,0,0,1,0,0,-0.48292280564470574,-0.16869721907050997,-0.8478672421327675,1.81372430886272,-2.204814089375725,-1.531424479881666,-1.215413969252029,3.1220405388481436,-1.353179733008029,-1.1405462055522293,-1.394690754616451,-1.9105920703207733,0.7463963257525312,0.9414359271688729,3.883133837337501,-1.67505465197188,0.606428421504762,0.2858167314249181,-0.20509389995854704,-2.402410076128092,2.6307343965274033,-0.39506038439206903,0.16657364323444634,2.1421283837794327,2.092210695850372,2.402410076128092,0.20509389995854635,0.6887530094432773,3.1927894639179106,-0.5005292101652823,-1.232658306696819,-0.972132629863095,0.9516700704320475,-0.709509049969999,-0.7069813574043363,-0.4803306735805153,2.8323736888874302,-0.17942508891434333,0.6894030558957865,0.6765972683164937,1.582290051866092,0.7917890337905242,-0.20711139779498602,-1.0996718489615938,1.275769365336409,0
-0.9974061379159777,0.20717554051898904,-0.4445202009343899,1.0385308760612593,0,1,0,1,0,0,0.1480240445619179,-0.5536317349431976,-0.6431763394547153,0.025696879605538233,-1.0141822520673316,-0.44564061617217793,1.129968047308558,1.703623918432414,-3.1073127290358347,0.3743213385129567,-1.127315999034898,1.0491352765681008,1.7786869458879973,0.06849581938669215,0.5012125323919907,-0.7427420958460867,-0.36415972783755474,-0.9972674918458286,1.5814489443192705,-0.13756642077256032,-1.5028078605851112,-1.8361735806978496,3.501416419633948,-0.8667785316062995,0.4919284067140756,0.13756642077256032,-1.5814489443192712,0.32667033235006016,0.8662627627365218,1.0460643873907127,0.44700675760914055,0.2738518273252659,0.6996301199807459,3.1237738095921097,2.227531611866718,-0.046252995675895824,-1.4420491117495413,-1.772833807855743,-0.5696008087220858,1.1822818516095268,0.7022880985276131,-2.1267434817550925,-0.12479618717266176,-0.2089648391376897,-0.2706882785040748,0
-0.6633027272718879,1.8047770307496258,1.0038746524609323,1.7718540298733036,1,0,0,1,0,0,0.24897554059497767,-0.567005592745421,-0.016310450003180245,-0.5043462029833221,-0.18554103856350657,-0.04629753944541806,0.07490326289367852,-1.9160269528263805,-0.6083228048089993,-0.7456484415151172,-0.5829113703586959,0.4956060213357988,1.4919814340302975,1.0648471347716315,-1.330342113826211,-0.5867615328364761,0.21898964476807406,0.5918656481625699,0.6912331826893902,-0.009609152108405178,0.9598278999514959,1.2970995979583322,0.2419588996743461,1.2244693223703038,1.3356549382428022,0.009609152108405178,-0.6912331826893908,0.9951306592913848,-1.2351161931692491,0.018034525485845748,-0.28946177058654887,-0.18699173903207253,0.9516700704320475,0.758556726032511,0.4557501964577793,0.3258135853852078,1.8886699536818656,2.5521327149851984,2.742126748207533,2.491875259624819,3.020754783284761,2.1558857530129325,-0.7833178721512579,-0.8769950965056176,2.884085314930511,1
-0.6376024649146498,-0.6946962684821769,-0.15484123025532542,-0.8681093238500562,1,0,0,1,0,0,-0.34411449859924853,-0.25010331004056474,1.3269735988215376,-0.6860421941764467,0.961700747616901,0.33784098564784815,0.493711804720693,0.9766093359116642,-0.046734657386147196,0.2150257648466368,-0.2508280371608688,1.9596439921663222,1.7148593918638169,-0.2233896463565823,-0.029607874095892446,0.5106898407742703,0.11703100939657327,0.12567963443883856,1.0299022224398868,1.6512761951523172,-0.9097265852615906,-1.370087480742214,0.5770818815048044,-0.17443999040959876,0.448790434327813,-1.6512761951523172,-1.0299022224398875,-0.06326485836571254,0.19081952690966666,0.6912576208925736,0.8733832739329616,0.8883099158017184,0.006520256239666901,1.4925896140337656,1.009431888773073,0.5738579727592754,-0.4011994038022266,-0.7484996313934147,3.389875113337017,3.302267220030321,2.995370111553844,2.473117548180934,-1.0302635040182315,-0.4038069975366686,4.02846397137247,1
0.8530127518051386,1.8563125626925503,0.5693561964423357,-0.8681093238500562,1,0,0,1,0,0,0.3751649106363024,-0.585612699252862,-0.8094876978806327,1.1714231934984898,-2.1033402180397163,-1.3556777507062836,0.6354678438938662,2.02386327066461,-0.6803241670517112,0.7254129515612965,-0.3394147166980459,-0.3041968432159631,0.027250699025167514,0.3334479959062959,2.4400296582816208,-0.9171594447919271,0.9638916324735669,-0.3781930933667457,-0.5505532963957722,0.13114384342216406,-0.5504561973252275,-0.33344770670295615,0.008369135857977997,-0.024207654857012244,0.0720238085108748,-0.13114384342216406,0.5505532963957714,0.6330479821981672,2.9676417186422928,1.127942871967207,0.4082452561251572,0.8029685146244333,0.5736101447550955,-0.13859458152457876,0.12354118106860354,1.069946747507413,-0.24854144663662048,0.12408133374116129,1.528738965641033,1.298978293907919,1.209981533145967,1.1724671879921262,0.2044646553166367,0.29205785388825667,1.5232025883508855,0
0.2105061928741954,-0.514321906681944,0.5693561964423357,-0.13478617003801185,1,0,0,1,0,0,-0.596493238681898,-0.02042183908933873,-0.6687627022894718,0.08066859668626065,-0.1669093092458605,-0.07804822079771365,0.486297528336141,-0.43495688216439377,-1.3912899638111682,0.12500885191523958,-0.5276296469805675,-0.8193664302685533,0.04735862720773946,0.8846740054106985,-1.087599457143604,-0.951384925002102,1.0720142244181863,0.46191803029678685,-0.40749033797582196,-0.7133741297612541,0.20774729146473594,-0.4925412897217639,0.9458898906048382,0.8941120602630171,1.1369174337811039,0.7133741297612541,0.40749033797582124,0.9672781456688292,-0.9349191994684248,0.40923172957353837,-0.173177266134598,0.2567835470898098,0.8886600828192224,-0.5463906304141645,-0.4301405112466897,0.44983577907224165,0.08453045990652028,-0.5588081172337243,-0.3597668312857729,0.15794641365697218,0.5161338391675497,-0.6992004034990842,-0.37174181903963527,-0.7099875321636356,-0.08511336124321738,0
-0.2263982671988458,-0.12780541711001567,-1.6032360836506476,-0.4281154315628296,1,0,0,1,0,0,-0.7100636717190902,0.13076090128362017,-0.2977604411855021,-0.35158269446426194,0.9640064492997569,0.37227482317076027,0.8150213422491684,-0.007004405906738348,-2.465741379386118,0.9825680999620305,0.23077681794437202,-1.722694382683809,-0.8853089656576826,0.11477294580675279,-0.09258444221303552,-1.8654216629805336,1.2368285814376945,1.13825635703968,0.09517567272851181,-2.443943746940392,-1.0186272410949928,-0.08313529483071826,1.4961821977299326,-0.1009680635939496,0.811264623180877,2.443943746940392,-0.09517567272851252,0.02029268250195297,-0.18442671521636386,-0.30038180342274146,-1.1809763047181743,-0.71610842633123994,1.7077899217859516,-0.9541866793037505,-1.0945585420250417,0.07776919801113909,-1.0812212129944723,-0.4070549059059717,-1.0257616292358074,-0.2051091846046925,-0.2284831982727022,-1.1433249167342867,0.5337254978059351,-0.48731077970765985,-1.0748462533011267,1
-1.3572098109173063,0.3102466044048362,-0.4445202009343899,-0.13478617003801185,1,0,0,1,0,0,-0.4198281206240434,-0.20649290416374969,-0.10586271992482811,-0.46384072723963193,0.37117872303876226,0.199658442861097,-0.2797458396474972,-0.2789371964417646,0.6072216585853685,-0.8149574190279585,-0.24934301124165,-0.8905228260816085,-0.4359109159551136,0.3173331600811354,-0.7062148781007258,0.8566587277723493,-0.3024218333477209,0.5663987639112338,0.07195265285990604,-1.2859286878517078,0.7060689543291303,-0.32462050576480367,0.03076705622627528,0.801078583317165,0.8771362788137936,1.2859286878517078,-0.07195265285990675,0.4102278732177254,-0.5596729573423944,0.41832933897092733,0.821701271954316,0.6493539925053206,0.29006520049738066,-0.709509049969999,-0.8177176958673952,0.5118468759157585,0.5286263352973745,-0.4070549059059717,-0.350643614875499,-0.2829068128036209,0.04228663352375219,-0.033013633646279864,-0.04248097655033679,-0.5986491559356475,-0.3944048900113141,1
0.5189093411610479,0.9544407536913834,-0.8790386569529866,-1.6014324776621007,1,0,0,0,1,0,-0.4955417426488382,-0.16869721907050997,-0.20820817126385424,-0.40655441154498434,0.40735690115984496,0.18445389122760333,0.5956289972106985,0.9734741188456167,-0.47762580024173756,-0.2752418023898546,-1.0978579294748043,0.4218914716075251,1.0184526174148432,-0.19248050506982947,-0.2072786904382835,-0.1703072111758755,-0.23478202775606105,-0.2979641370529434,-0.37315522795503414,0.9455004604204603,-1.0205608725760686,-1.5437710204346458,0.48178814662255837,0.13902807816045892,1.13636509114995,-0.9455004604204603,0.3731552279550334,0.10385022336961848,0.19081952690966666,1.2916998411201945,0.9896677783849125,0.8371050750953478,0.9516700704320475,0.5138790966987595,0.7879592118469556,1.1939689411944467,-0.9146852597229018,-1.3934507795363622,0.3700904815361815,0.5728670973845897,0.600749411603942,0.8552353928241243,-1.0302635040182315,-0.7656567202776299,1.1520527538291696,0
1.495519310736081,-1.158516055968491,-0.15484123025532542,-0.8681093238500562,1,0,0,1,0,0,-0.5207796166571032,-0.16288249828693463,-0.7583149722111197,0.3815664164965307,-0.7613635374089747,-0.42015063255132096,0.3316946703622792,-0.8427962641955465,-0.23360183198241205,-0.6647199009687755,-0.5377156486067615,-0.03379847216725325,0.18930300525651306,-0.40786462964625886,-1.2948662352096805,0.09118118400436782,-0.8334856429756127,0.03174081543888096,0.2857518833962749,-0.3295023237687909,-0.8687630457024913,-0.14040424693402856,0.41096982647218083,0.07152360600524649,0.7300454067591335,0.32950232376879157,-0.2857518833962756,-0.4253475354589299,-1.2351161931692491,-0.18211288125669506,-0.10857476366129187,-0.42594766232847037,0.41608517572303205,-0.22015379130249568,-0.3747723420151606,-0.10826409251941274,-0.49834537654397587,0.5793409677244183,2.2950891441040855,2.219583560928571,2.1238297154590033,1.9972698554289314,0.5337254978059351,0.4033962301162448,2.3273605631479377,0
-0.09789695541265715,0.7225308599482267,-0.15484123025532542,-0.13478617003801185,1,0,0,1,0,0,2.2932433352644384,-0.7333066071556756,-0.7071422465416066,0.10092133455810576,-2.0049068932524046,-0.6419582093222873,0.25930903870548777,0.295511362297616,0.608812759524453,-0.5024705830392681,-1.2480882886858513,-0.9878992919456946,0.8517331832041315,-0.492617394164739,0.8669868953815235,0.6536923113684998,-0.20377046016971542,-0.4702726284790774,-0.6392523306161405,-0.7133741297612556,-0.852793026517577,0.46292982055871906,-0.17536970653894068,0.4767500408050672,1.1634462110500658,0.7133741297612556,0.6392523306161398,-0.3417899945912644,1.0914105080121401,0.6730624020977969,0.9379857764062678,0.8029685146244333,-0.49755964466293656,0.18764225758709038,0.5664865349208381,0.7598912632898273,-0.9146852597229018,0.12408133374116129,-0.7885580025686714,-0.7496925819971905,-0.5330992590437151,0.28421816152172197,-0.7010026615289333,-1.0440026608476,-0.2706882785040748,1
0.2105061928741954,-1.3388904177687242,1.0038746524609323,0.3052077222492148,1,0,0,1,0,0,-0.6217311126901629,0.02318856678747634,-0.8478672421327675,1.81372430886272,-1.876339602949156,-1.3838508904977571,-2.833820594516632,-1.049160948600648,2.550528129656623,-2.1478591269841245,-1.200348633605611,-1.2644550769707723,1.3815879728158662,-1.5429219585903278,-1.720841600017256,3.5295357431977084,-0.8179329281863198,0.4204510480201282,0.39961991949913633,-2.120904085066952,2.398827078188738,-0.28389501052742216,0.060185638345509496,2.0905708219433285,1.9710006261551722,2.120904085066952,-0.39961991949913706,-1.4558905394934718,-1.6103624352952797,-0.09113678728281299,1.726136306580602,1.2296755205108585,-2.072809334983571,0.35076067714292497,0.17890935030013266,0.07776919801113909,2.527057774556219,-0.1035484832504671,0.561678026151944,0.5080357405521495,1.3792126780187515,0.728342674756924,-0.6186874509066087,-1.378017789531564,1.0901944480755505,0
1.8553229837374106,-0.514321906681944,-0.8790386569529866,-0.13478617003801185,1,0,0,1,0,0,-0.785777293743885,1.1745032819353942,-0.6687627022894718,0.08066859668626065,0.8587817008212933,0.840932767638447,-0.477045994288815,0.19665540223634354,-0.7240135168530628,-0.5170183690408431,-0.7624687319338287,-0.5602913564960842,0.08077192723775665,-0.4559669222130733,-0.22223044222167032,0.008996238882710011,0.21713140825014404,0.18391879389623955,0.02218903885575044,-0.7861774033115495,0.20774729146473594,-0.4925412897217639,0.9987910846176813,0.913762248917784,1.1708075995068938,0.7861774033115495,-0.02218903885575115,-0.17467491285593337,0.19081952690966666,1.3462854975045246,1.1447137843208466,1.195538960039945,0.9516700704320475,0.02452383803125581,0.012804842605544792,1.3179911348814817,0.08453045990652028,-0.5588081172337243,-0.3597668312857729,0.1838789563899486,0.549980068142106,-0.7309235830158842,-0.28942660841731066,-0.6543183440496418,-0.023255055489598248,1
-1.3572098109173063,-0.23087648099586283,-0.4445202009343899,-1.6014324776621007,1,0,0,1,0,0,-0.4198281206240434,-0.20649290416374969,-0.7327286093763631,0.13274706549957663,-0.7972318651325021,-0.26139722578984304,0.3440421195980223,-0.3374895669704892,1.9584380228692413,-1.1493494069786545,-0.35303202894325464,0.5820548316103488,0.22118432527581336,0.41201227709040855,-0.6376370318258645,0.7976909264046513,-0.3683288300127559,0.44084781435557563,0.6190712565440033,0.17986603418274572,-0.0667211295386742,-0.17555575871832402,-1.8756479333073874,1.187468336162705,0.8893610143639664,-0.17986603418274572,-0.619071256544004,0.605195468575612,-0.40957446049198204,0.7549408866742913,1.093031782342202,0.8712416355662611,0.5106001571422693,-0.30171300108041293,-0.5962450189412776,0.6978801664463103,-0.08200549336504998,-0.17942508891434333,-0.040454256926167845,-0.996051737960463,-0.5330992590437151,1.7752075988113303,-0.9479482933959068,-0.9883334727336057,0.47161139053935697,0
0.15910566815972013,0.9544407536913834,1.4383931084795292,-1.6014324776621007,1,0,0,0,1,0,-0.7226826087232228,0.1365756220671955,-0.20820817126385424,-0.40655441154498434,1.1305482756863652,0.4192300561565495,1.8902004273148787,0.9984084395675089,-0.36262174000858544,1.4472298938525374,0.30306058602091157,0.33265806930487823,-0.1678187404261483,1.6496096958003712,-0.22853326230796286,-0.07188660080559495,2.045962404596787,1.2901854942561857,0.46715141202740545,-0.009609152108407288,-0.9800991354759301,-1.599286521648233,0.4234769653996674,0.07362707871267216,0.8656214163988729,0.009609152108406583,-0.4671514120274062,1.4686233908748227,-0.25947596364157,-0.1457224436671417,-0.1602567656399366,0.6493539925053206,-0.30852968182446,-0.46483142063624716,-0.7069813574043363,0.38782468222872474,-0.7481493064513315,-1.317574173872486,1.3827675030766426,1.4286410075727993,1.3792126780187515,1.4579758036433286,0.12214944469431245,0.1250502895462747,1.8324941171189824,0
0.8787130141623758,-0.6689285025107157,-0.4445202009343899,-0.4281154315628296,1,0,0,1,0,0,0.009215737516460692,-0.5152545777716003,-0.822280879298011,1.5880509440050175,-2.0559617072946237,-1.6235461750728335,-0.19406887505055248,-0.7090480640559966,0.8002956109830218,-0.5602837969760512,-0.438517787842116,1.6223384150182492,0.6017897251005666,-0.2329667065429218,-1.0258553497544838,1.160556493420009,-0.04019064862471288,0.28691218230855625,0.18286856865026183,2.031309283084856,0.037079906703300566,-0.05448864943097594,0.07221644197009543,0.7170549040214588,0.8502085041257613,-2.031309283084855,-0.18286856865026252,0.1317027369921738,-0.6347222057676005,1.619213779426171,2.100830820925778,1.9806798508709664,0.2270552128845555,-0.05703537174666111,-0.1532996650890431,1.5040244254120325,-0.19302946221276363,-0.3311783002420958,-0.8615437338508666,-0.6978274965312384,-0.39771434314548676,-0.4136917878478824,-2.018046031486126,-1.6563637301015341,-0.3944048900113141,0
-1.3315095485600683,-0.6689285025107157,0.27967722576327125,1.0385308760612593,1,0,0,1,0,0,-0.8236341047562825,1.8199372889122571,0.23955317834438508,-0.5616325186779697,2.9208951001145946,1.8337005507665625,0.9258398281441093,0.583252452359736,0.6881001533177866,1.2288449198080325,1.1203331568163444,1.0853224191619797,-1.2409426105638515,2.115684136193322,-0.5379538733644385,0.024342206997041732,2.2574861658717547,1.9838903229431015,2.2117880550385642,-0.7133741297612541,0.826563842063893,-1.33944267600507,-0.9161943905984701,0.5783944304610195,0.4803947941756763,0.7133741297612541,-2.211788055038565,1.8585585815905954,-0.5596729573423944,-0.2185033188462471,-0.173177266134598,0.7176271134471482,0.038025250046078915,-0.7910682597479163,-1.5375038958772762,0.3258135853852078,1.2780381250194413,-1.0140677512169813,1.4831228835896608,0.6895635396829819,0.9053654723749538,2.1241625734961316,1.1099319721622063,0.793080546914203,1.5850608941045057,0
-1.0488066626304537,-1.158516055968491,-0.15484123025532542,-0.8681093238500562,1,0,0,1,0,0,-0.81101516775215,1.7269017563750517,-0.7583149722111197,0.3815664164965307,0.9012659350619028,1.0332256265326316,0.7200321585103231,-0.27714022912426717,-1.19062635964277,0.33182037226786554,-0.2726243971745946,0.4431780260745116,-0.277230370268596,0.31204547957600526,-0.1793776536282121,-0.6125918013364708,0.4746215176699755,0.44554001802130355,0.9416775146057242,-0.329502323768793,-0.6894300774621414,0.2006870663239996,1.0120304376357745,0.02235865672978089,0.7894081786396034,0.329502323768793,-0.9416775146057249,0.27096530510494976,-0.18442671521636386,-0.04564874029587195,-0.354064273059855,-0.15285517856115927,0.6051151385615076,-0.6279498401920818,-1.0391903727935126,0.015758101167622184,-0.47058938433204756,0.5793409677244183,1.1181942271786838,1.5453374498711925,1.4638282504551436,0.6014499566897238,-0.04248097655033679,-0.2089648391376897,1.1520527538291696,1
-1.0488066626304537,-0.6689285025107157,-0.15484123025532542,-0.4281154315628296,1,0,0,1,0,0,-0.81101516775215,1.7269017563750517,-0.822280879298011,1.5880509440050175,0.2556084424433621,0.1008288572433882,0.19867080253661662,0.11340983485613927,-0.1775037844010143,0.16017380460416547,0.12303526362277893,1.8955414700883881,0.08062143883776621,0.48044047806273515,-0.21357417892579186,-0.43167000580033693,1.0418524584359528,0.9658174257313397,1.339121780472951,1.2571678076667228,0.20379387771208365,-0.3696124814556268,-0.1911331060445157,0.8166985869919263,0.7829808666375759,-1.257167807666722,-1.3391217804729518,0.38237535959517033,-0.25947596364157,-0.19121049065408274,-0.37990527404917784,0.03489590402886805,0.41608517572303205,-0.7910682597479163,-1.3160312189511594,0.07776919801113909,0.19555442875423396,-0.3311783002420958,0.05990112358685037,-0.0495139282068366,0.27921023634565156,0.37938770007212164,-1.6064699783745033,-1.378017789531564,0.22417816752487937,1
-0.35489957898503444,-1.3131226517972627,-2.327433510348309,0.3052077222492148,1,0,0,1,0,0,0.5392110916900246,-0.6053827499170181,-0.822280879298011,1.6979943781664621,-2.376315750374896,-1.7778276548832839,-2.3147308899038688,0.4452925735126181,0.9908081584580786,-3.375192055745038,-3.1974050964089846,-2.3057455598472743,2.367451668545292,-1.5429219585903278,-0.08239613922077302,1.4310511274846869,-2.772882700647414,-2.5804185886025177,-1.5678769133722459,-1.5897607057063121,1.6770202078802254,-0.6937206752251989,0.08360042819551111,1.8101236980417783,1.6375067072865959,1.5897607057063121,1.5678769133722459,-1.4558905394934718,-0.10937746679115769,-0.09113678728281299,0.6537347655237203,-0.596630464683041,-1.537224440274555,0.4323198869208419,1.5631135810883663,-0.4183195767369984,1.7221340004102954,-0.5588081172337243,0.37921369794645543,0.36540675552078095,1.1084428462222957,0.4428340591057229,-0.28942660841731066,-0.9326642846196119,0.9664778365683122,0
0.004904094016293398,-1.2615871198543382,-0.4445202009343899,1.7718540298733036,1,0,0,1,0,0,-0.1295925695289965,-0.45594442577913186,0.12441454558798068,-0.5390651821921995,0.19833084053262517,0.06594782702537334,-1.2247257426611173,0.2565254982790513,-1.611044959763757,-0.7105861012780529,-0.9189825144204188,0.031360105064749726,1.118575055101858,-0.06915933932370362,1.6357840839869657,-1.8189383975181246,-0.13702850417539755,-0.9799102657202483,-0.8251557858999272,0.8611509049874916,1.6339077613278619,1.286603289004908,0.3744947585673055,0.8240808605339489,0.23803062638351583,-0.8611509049874916,0.8251557858999266,-0.23037994010104354,1.1664597564373458,-0.6551885699208807,-1.4135453136220761,-1.381771355514063,0.25856020669096863,-0.22015379130249568,0.17890935030013266,-0.8523972546416179,1.63886602377451,1.33810702436318,0.2879815338437111,0.4432043837197094,0.7699805564767266,-0.5723076854318833,-0.8656330827735822,-0.5986491559356475,0.5334696962929761,0
-0.6890029896291251,-0.6173929705677911,0.27967722576327125,-0.13478617003801185,1,0,0,1,0,0,1.939913099148729,-0.7240030539019552,-0.38731271110714993,-0.24626845753066742,-1.1848170066082142,-0.36648750913899036,1.0756516519210726,1.0346297333305043,-1.07884302131417,-0.1071161472933095,-1.1190010722319634,-2.861756652651903,-0.6379018709693777,1.0093322065266075,1.0377868061161435,-0.9269050901916264,-0.2512561649308419,-1.5349178677452884,-2.9580985109486346,-0.969288667089563,-0.4872069580979454,-0.380429738308268,0.5433643263351673,-0.10443430773208097,-0.04379235227259595,0.969288667089563,2.9580985109486346,0.14562899380345135,0.003196405846651406,-2.1017084641056063,-2.1241728408284435,-2.0815708451678003,-1.8207693845322692,-1.85133798686084,-0.9561381189462185,-2.0306080946684437,-0.19302946221276363,0.04820472807728505,1.446630017948564,1.5583037212376798,1.4130589069933075,0.47455723862252236,2.097714499630101,1.6281183686241134,1.2139110595827887,0
0.4161082917320974,-0.5916252045963298,-0.4445202009343899,0.5985369837740325,1,0,0,1,0,0,0.11016723354952047,-0.5373505167491867,0.9175917934654332,-0.6542164632349758,0.3948476951427797,0.09233219603643587,-0.7566304247725063,-0.5880722395314395,-0.5043383368913598,-0.6292841224382427,-0.6256900928398033,-0.6838267743165681,0.498225588028117,-0.23344765061341477,1.1496576090288089,-1.0293439722766997,-0.8718085086200554,-1.0881011153781313,-1.4375436385994584,0.4930801176436292,0.8188548822097392,1.958849359170667,-0.34494402061904156,-0.014348142229796374,-0.24889119300132195,-0.4930801176436292,1.4375436385994576,-0.03541234474315745,1.4666567501381707,0.8641121994429487,0.13691474573727128,-0.22112829950298704,1.140700033270523,0.18764225758709038,1.1201682272361313,0.9459245538203791,0.77843026520473,1.8692432640103136,0.07814755640739948,-0.11434528503927678,-0.11002139686175369,0.12560226393772106,-0.20711139779498602,0.013711913318286572,0.16231986177126023,0
-0.5091011531284612,0.49062096620506923,-0.4445202009343899,0.5985369837740325,1,0,0,1,0,0,0.2363566035908452,-0.568168536902136,0.07324181991846762,-0.5298067877364988,-0.11148437195891193,-0.027515446251102374,-0.8058041791793196,-0.5890018332737925,1.5606782373985184,-1.2277059948504445,-0.8679671702302344,0.05858404794675179,1.404291180965572,-0.8293880431662233,-0.2878699457535318,1.5165119301139862,-1.4217688234585528,-0.6964765632799064,-0.6772662024248698,0.7516060278018181,0.2917755662470098,0.5200417085785309,-0.6095511956426635,0.2487499664104974,0.4484260249496678,-0.7516060278018188,0.6772662024248691,-0.8152827261747027,-0.3345252120667762,-0.2185033188462471,0.5762117625557528,-0.06751377738387422,-1.0016395455655394,0.35076067714292497,0.7879592118469556,-0.046252995675895824,0.11228645211844858,0.27583454506891375,-0.5239847266707137,-0.7367263106307022,-0.6007917169928287,0.37938770007212164,-1.277209135885205,-1.1553410370755877,-0.332546584257695,0
-1.3315095485600683,0.28447883843337485,-0.4445202009343899,-1.8947617391869185,1,0,0,1,0,0,-0.5207796166571032,-0.16288249828693463,1.5956304085864812,-0.7028230341274041,1.330676704262599,0.41788847807124124,1.165038757843082,0.14664400008968653,0.5555898347856967,1.2504291357461863,1.7908934279884672,0.7833762827750168,-2.2508958533200483,0.20641136507802538,-0.36981835141134267,0.8542035466542404,-0.6342076654775214,0.09786462627725359,0.03622492998512883,1.0325043724929275,-1.4137709490536456,-0.5717493982842117,0.09888226878982766,-2.3181185562170534,-2.232703407362816,-1.0325043724929275,-0.036224929985129536,0.49378541408539117,-0.03432821836595151,1.1188452625698195,1.4548057961927168,1.0760609983917457,0.5736101447550955,-0.22015379130249568,-0.26403600355210183,1.13195784435093,-1.3310251429018278,-0.5588081172337243,-0.08607033897753999,-0.02358138547386016,-0.939254006738398,-0.6040308649486834,1.0276167615398821,1.9064643091940836,-0.45626319576493324,1
0.4161082917320974,-0.7719995663965628,-0.8790386569529866,-0.13478617003801185,1,0,0,1,0,0,0.07231042253712305,-0.5350246284357565,-0.041896812837936774,-0.4864080637254022,-0.08883385827611373,-0.035564914762951955,-1.202436639216339,-0.7802934308426596,1.9235878464416059,-1.247042768539876,-0.2867034480737414,0.7009685274801974,0.4796083170696033,-1.1920358833785698,-0.9246408222615929,0.5000112113583836,-0.33006246683184104,-0.40639035064054047,-0.6280087910670794,1.5788889403080233,0.4809492080420819,0.14469234411360082,-2.127145980142209,1.3573900356722517,-0.024032555863014546,-1.578888940308024,0.6280087910670786,-1.1216603760228097,-0.8598699510432187,0.00893691608845806,0.26611975068388355,0.12023730520615308,-0.5920746260821743,-0.22015379130249568,0.06817301183707392,0.20179139169817292,0.8339422496285867,0.5793409677244183,1.2915353389738984,-0.1921429132382052,0.34690269429476517,2.1558857530129325,-0.7010026615289333,0.013711913318286572,1.646919199858125,1
1.521219573093319,0.026801178718756015,-0.15484123025532542,0.5985369837740325,1,0,0,1,0,0,-0.25578193957032125,-0.38093452767100994,-0.016310450003180245,-0.4950878085276215,0.22634686253449263,0.08964903986581935,-1.2778916781683711,-0.8686814317501887,1.3443442374618564,-1.540909889942291,-0.09270104445300255,-0.20647321955445377,-0.3897705001007846,-0.4319824071823299,-1.4198340684378778,0.24418602211622076,-0.9428002275173056,-0.025596992056875666,0.06512235289855199,-0.34619240229020387,1.3453077544625327,-0.2300660740939708,-1.5923802053923,1.1468052832485471,0.09552541721870944,0.34619240229020387,-0.0651223528985527,-0.3974950218363748,-1.3101654415944555,0.07262018187017576,0.188596747715916,-0.20406001926752979,0.5106001571422693,-0.05703537174666111,-0.09793149585751397,0.2638024885416898,1.0837461795359422,-0.3311783002420958,-0.378013264106322,-1.0997819088923677,-0.6515610604546642,0.47455723862252236,0.12214944469431245,-0.04195727479570725,-0.6418381130257917,0
-0.9974061379159777,1.8563125626925503,0.27967722576327125,-0.8681093238500562,0,1,0,1,0,0,0.03445361152472564,-0.5245581310253209,-0.7966945164632545,0.8531658840837809,-1.7390593564714143,-1.0627665354139793,0.16212436362350743,3.2882811224348054,-0.37568292268427167,-0.5271775523224526,-1.071890813351836,-1.19775215622495,0.8553607592655531,-0.16219646259567488,3.9596510059315646,-0.363733508279739,-0.09272415427333898,-0.8643032395138573,-0.9878020566370264,-0.653901033058197,-0.3875026684860557,-0.5465775827267582,0.14805404326648613,0.6202391783933122,0.5496866638345128,0.653901033058197,0.9878020566370257,-0.3139374809687093,3.1177402154927045,-0.6733837887156574,-0.7416792878996918,-0.7331767065666972,-0.8756195703398886,-0.38327221085833024,0.06817301183707392,-0.6663639641110671,0.0012624832707351544,-0.02767187758659086,1.8662979728211873,1.675000163536073,1.8869061126371052,1.2359135470257274,0.36909507656128593,0.06938110143228039,1.8943524228726025,0
-1.3315095485600683,0.49062096620506923,-0.4445202009343899,0.5985369837740325,1,0,0,1,0,0,-0.5207796166571032,-0.16288249828693463,0.07324181991846762,-0.5298067877364988,0.6940990405291549,0.2841778622355176,-0.22346598966863396,-0.6393294431360318,0.9195104991724965,-0.8237670785320521,-0.6830751252982167,0.6465640088112498,0.5010810645479218,0.10424609536896247,-0.18705077074808812,0.7035905803256334,-0.7383576551659483,-0.21369432964103802,0.1590389773671773,0.7241032714020105,0.41489636859796525,0.6901163688400787,-0.5499609769425015,0.38071336634575365,0.6794001964829289,-0.7241032714020105,-0.15903897736717798,0.4102278732177254,0.19081952690966666,1.2189189659410893,1.4548057961927168,1.0248561576853752,0.5421051509486824,0.18764225758709038,0.12354118106860354,1.13195784435093,0.11228645211844858,0.27583454506891375,-0.8797901666714156,-0.996051737960463,-0.8038690908401701,0.15732544345452057,-1.3595243465075295,-1.266679413303576,-0.6418381130257917,0
0.7759119647334253,0.4133176682906843,-0.4445202009343899,-0.8681093238500562,1,0,0,1,0,0,-0.4955417426488382,-0.17741930024587296,0.06044863850108935,-0.5298067877364988,0.6343575162504046,0.27299804485794876,0.10934877020185406,0.43017777214022185,-0.2925102293507835,-0.5619635339719943,-0.10702810432692232,0.28553412270305145,0.3418099918602771,-0.9990251096702277,-0.48937790059392405,0.18219839098791468,-0.6679324240432977,-0.0920431491808589,-0.04921092906325296,0.43824128821613356,-1.1502662452385684,-1.0806805303046452,0.5829630944702233,0.09686612145059785,0.049279556999913286,-0.43824128821613356,0.049210929063252244,-0.9545452942874786,-0.4846237089171882,-0.10023439668020068,0.007709740790658993,-0.2552648599739003,0.16404522527173035,-0.05703537174666111,-0.04256332662598434,-0.35630847989348147,-1.0812212129944723,-1.0140677512169813,-0.013084607695344815,0.28760912732185256,0.31305646532020776,-0.5723076854318833,-0.37174181903963527,-0.2089648391376897,0.22417816752487937,0
1.110015375377516,-1.132748289997029,0.5693561964423357,0.3052077222492148,0,1,0,1,0,0,0.31207022561564,-0.57572767392078394,-0.5920036137852022,-0.10160604416034526,-0.9765561738802919,-0.3642515456634766,-0.015793933957050026,-1.174953175429961,0.6655329589071997,-0.7354973272120827,-0.6595007338929478,-0.12359619638169521,1.1258350400119026,1.0945558038551368,-1.0881587720207528,0.33506762384420286,0.9232204210670184,0.8875771032416625,0.9041108648182726,-1.0652566185876786,1.1156291120886705,0.5225665366988804,-0.5730952021472769,1.9090590046689502,1.723929542195497,1.0652566185876786,-0.9041108648182734,1.0229831729139398,-1.009968447893631,0.018034525485845748,0.188596747715916,0.5640125913280355,-0.15100471279239655,-0.13859458152457876,-0.5408768497097485,0.015758101167622184,1.194770148383656,0.6552175733882943,0.4339529964081015,0.054216242725068246,0.8207498999385615,1.2041903675089267,-1.4418395571298541,-1.8790404825575102,0.6571863078002155,0
0.030604356373531493,-0.7204640344536393,0.5693561964423357,0.5985369837740325,1,0,0,0,1,0,-0.00340319948767178,-0.5001363037343045,3.9623689708014602,-0.7653171967033833,1.1358075086473816,0.20681352598274105,1.4191464482771907,-0.7098550376223848,-2.774177659238837,-0.009288236987292135,-0.3279393148757366,-1.5402558157050472,1.3095572606599737,1.4100939265550971,-0.37123125495716736,-1.2620110025865339,1.3443161605441054,0.32138427958958987,0.30418285154596364,-2.402410076128092,-0.5644084454004258,0.6024069947011017,2.5241944459588614,1.3455487018700818,0.7401063671276734,2.402410076128092,-0.30418285154596436,1.217950768271826,-0.40957446049198204,-0.2185033188462471,-0.8192022908676594,-0.3064697006802721,0.3845801819166189,-0.05703537174666111,-0.2086678343205727,-0.5423417704240322,-0.19302946221276363,1.33810702436318,1.9301604876931084,3.269851541614101,3.883833622135963,-2.1267434817550925,-0.20711139779498602,-1.0996718489615938,2.018069034379841,1
1.8553229837374106,-0.41125084279609675,-0.8790386569529866,1.478524768348486,1,0,0,1,0,0,-0.7731583567397526,0.8546936388387503,0.29072590401389814,-0.5679976648662639,1.891365728399917,1.09627979654212,-0.9483183540145798,-0.4432165263305454,-1.333506905715405,0.8540778851795606,0.7285183220465803,0.7370160192343541,-0.8130398105607787,-0.4027985658557181,-0.8772659250073863,0.3781704123137988,0.8205095409227169,1.0893773924395467,0.9848575718326791,0.02843219803499119,0.9161881749132755,-0.2704971537268787,2.2029734066185793,-0.340200906987625,0.1164554950640666,-0.02843219803499119,-0.9848575718326797,-0.14682239923337803,-0.5596729573423944,1.1916261377489248,1.2351572877834756,1.5710411252199985,0.9201650766256344,-0.22015379130249568,-0.6516131881728072,1.3800022317249987,1.0282341951120857,-0.1035484832504671,0.5160619441005718,1.6490676208030963,1.3792126780187515,-1.3336639938350878,0.2044646553166367,0.23638866577426285,0.5953280020465953,1
-1.305809286202831,-1.2615871198543382,0.27967722576327125,1.7718540298733036,1,0,0,1,0,0,-0.7983962307480176,1.7036428732407503,0.12441454558798068,-0.5390651821921995,2.1249365347287164,1.7268214966370041,0.1738185157378818,-1.18686343535373,-0.33149059105720036,0.6121257106188476,0.7810314663426513,1.600788161443685,-0.1376974902815568,1.8592233405904994,-0.6232211571467364,0.18950933992431784,1.9105996703753654,1.6904540663164258,1.37244176550182,0.8221130942085976,1.6160151780122867,1.0046780383000364,0.6435973533885999,1.0675755837037981,0.6350202175563011,-0.8221130942085976,-1.3724417655018208,1.7750010407229295,-0.5596729573423944,0.09081540066495114,0.17567624722125458,0.9565830367435462,0.06953024385249205,-0.5463906304141645,-1.0945585420250417,0.6978801664463103,1.6666220159864384,1.1104772073715516,0.38833691435672935,0.6765972683164937,1.1084428462222957,-0.5723076854318833,-1.0302635040182315,-0.8213259083916238,0.904619530814692,1
0.4932090788038099,-0.5916252045963298,0.5693561964423357,0.5985369837740325,1,0,0,1,0,0,0.08492935954125552,-0.5350246284357565,0.9175917934654332,-0.6542164632349758,0.4126400527720069,0.0941209668168469,-0.2698504474477527,-0.9046350244467984,-0.35264720157520113,0.3847019252569466,0.5113342618266582,0.46525297144768446,-0.31929348992641265,0.50658354956536,0.6410457071459136,-0.8086109818116195,0.6841746386339924,0.47908559344390655,-0.018359091073560794,0.6527578856825103,0.8814059298981484,1.883825478100604,-0.330495516270388,0.15870837791360903,-0.19702574791006844,-0.6527578856825103,0.018359091073560086,0.2152602778598393,0.26586877533487285,-0.8007503202790929,-1.051771299771562,-0.767313267037611,0.06953024385249205,-0.7910682597479163,-0.8730858650989243,-0.6043528672675491,0.8339422496285867,1.793366658346437,0.06902433999712428,-0.11434528503927678,-0.0423289389126401,0.030432725387320277,-0.37174181903963527,-0.09762646290970158,0.22417816752487937,0
1.8296227213801723,-1.3131226517972627,1.7280720791585935,0.3052077222492148,1,0,0,1,0,0,-0.07911682151246661,-0.4716441718947853,-0.8350740607153893,1.729820109107933,-2.2502305207026274,-1.699568933240302,-1.225892820562946,1.5936323028953114,-0.1169047247166892,-0.5950370555405499,-0.5616790919252469,-0.9747265174937239,-0.1204394413920455,0.8292067890140168,1.0752912942930988,0.48549874801790477,1.222968499855484,1.2818867472496078,0.07195265285990604,-1.4007724800268284,2.5331674618700233,-1.1101071352536527,0.6476920954564026,2.016531303251111,1.9817232379570902,1.4007724800268284,-0.07195265285990675,1.9421161224582606,2.5173462280910557,3.3204667367377643,3.17323236198266,3.755780995358496,2.1173548412693166,-0.709509049969999,-0.8177176958673952,3.4883795244045803,2.193985868013078,-1.0899443568808573,-0.2685346671830286,0.09311505682453199,0.9053654723749538,-0.4136917878478824,-0.9479482933959068,-1.4893561657595522,0.34789477903211874,0
-0.04649643069818187,-1.0039094601397194,-0.4445202009343899,0.3052077222492148,1,0,0,0,1,0,1.1827768789007806,-0.6786482317900675,0.07324181991846762,-0.5193910939738356,-0.5278595239529928,-0.12053152683247534,-1.1541597432255262,-1.7022534423925308,-1.2593843897771404,-1.6044061918771173,-1.2043983052836953,-0.6208343409124076,1.1589207791344334,-1.50937952939114,0.8979584792094393,-1.6300272850634239,-1.9124930090038614,-1.7170337262629645,-2.147135912362408,1.282759261399553,0.09673297702727045,3.2359513635606176,0.08360042819551111,0.2710539277036763,-0.1105724567602739,-1.282759261399553,2.147135912362407,-1.4558905394934718,0.5660657690356972,-0.600602913536552,-1.2843403086754637,-1.8255466416359454,0.5421051509486824,-0.22015379130249568,1.1201682272361313,0.139780294854656,-0.16527347000083534,2.3245028979935705,-0.9436526815433369,-0.7626588533636787,-0.6177148314801074,-1.016432198667086,-1.1948939252628807,-0.8213259083916238,-0.76555472453303,1
-0.1749977424843705,0.18140777454752677,0.27967722576327125,2.2118479221605303,1,0,0,1,0,0,12.86791254472745,-0.814131226047373,0.2651395411791416,-0.562211168331451,-1.66549760418425,-0.1916351653538133,0.7459085510184537,0.17609611276404002,-0.867920998581511,1.072943300008753,0.6145801060419119,0.16529105568593624,-0.5278733149073999,0.1130763451111215,1.8491949526530194,-0.5141406665415719,0.276928923257763,-0.08572438069726025,-0.12950004961474557,0.3538738583276802,-0.924219445921444,1.6107854680823313,0.6698152942490725,-1.1748791979212243,-0.8826774103621936,-0.3538738583276802,0.12950004961474487,0.4102278732177254,2.367247731240644,1.1825285283515359,0.6924962670077037,0.785900234388976,1.0461850518512859,0.5954383064766764,0.7325910426154264,1.4420133285685155,-0.7203933142394032,2.096873081001942,1.127317443588959,1.3508433793738719,0.7022880985276131,0.15732544345452057,0.8629863402952329,1.1827648637121608,0.7809029193074537,0
1.135715637734753,-2.0088523330267334,-0.15484123025532542,0.5985369837740325,1,0,0,1,0,0,-0.028641073495936725,-0.4890883342455113,3.821643975210299,-0.7635812477429395,1.1365709815359009,0.21396860910438514,0.8936730753445139,-3.084386798412148,0.06491189690761327,1.0629170973114186,1.8701683795577682,3.7131491241463195,0.037753076145260855,0.5172194327355407,-0.29943809353496903,-0.5793716976363362,0.009086922573138312,-0.13129782902415818,-6.192842294857107e-4,5.064906739388451,-0.7258746027026067,3.9334471693163477,-0.6709494193651263,-1.4269219879003547,-2.559497261719229,-5.064906739388451,6.192842294857107e-4,0.8280155775560533,0.04072103005925432,1.1188452625698195,0.6020527635450756,0.5810808715634928,1.2352150146897614,0.5138790966987595,0.5664865349208381,1.13195784435093,-0.8406692804910928,2.8556391376407038,-0.989268763594709,-1.1386807229918314,-1.531563013793144,-1.4922798914190887,-2.402183681056974,-0.35741600744167373,-0.6624575482769981,0
-0.5091011531284612,-0.978141694168258,-0.4445202009343899,-0.4281154315628296,1,0,0,0,1,0,0.2868323516073751,-0.568168536902136,0.13720772700535894,-0.5373292332317556,-0.09814486439183968,-0.02170194121476656,-0.6466685812041184,-0.977630479250506,1.5236364539126028,-0.7495595989215451,0.23046890056056835,-1.1826035970062756,-0.6334066099141787,-1.0417404043168463,-0.19842693097277586,1.2673639210426926,-1.6947585802334202,-0.8932629929013401,-0.38485180389618157,-1.2312389246378799,-0.14168633371763162,1.1430487702185719,-0.8092835580845777,-0.667886936863183,-1.1717183111994576,1.2312389246378799,0.3848518038961809,-1.0102503215325889,-0.25947596364157,-0.23669853764102378,0.4340862571144791,-0.3064697006802721,-0.7811045889206503,0.8401159358104279,1.1755363964676604,-0.17027518936292965,0.029018475482663446,1.413983630027056,0.7441423543574326,0.1709126850234604,-0.11002139686175369,0.5697267771729232,2.673920973986373,2.017802685422071,-0.1469716669968365,0
0.6217103905899984,0.026801178718756015,-1.6032360836506476,-0.4281154315628296,0,1,0,1,0,0,0.7284951467520117,-0.6309675213647497,-0.13144908275958464,-0.4511104348630436,-0.5229329274702328,-0.1366304638561745,-0.055469344539565577,-0.7024970124832591,-0.3876884990006632,0.6555120344060512,0.7246034713751363,0.5972812623403115,-0.8738824176069909,0.11897225331222089,0.4585167137201207,-2.1493690411975175,1.0594695477890452,0.33341663625341944,0.3242026962602782,0.4930801176436278,0.1960071475580976,1.4235311743286625,-1.6299254362678723,0.1649973993223315,-0.6165035499229562,-0.4930801176436278,-0.3242026962602789,0.04814519612450831,0.340918023760079,-0.20940570944885942,-1.258499307686141,-0.8526546682148961,1.424244977528238,-0.46483142063624716,-0.6516131881728072,-0.29429738304996345,0.05677446769459199,1.1104772073715516,-0.42362934615769415,-1.1516469943583196,-1.0238695791747903,0.41111087958892223,0.12214944469431245,0.4033962301162448,-0.3944048900113141,0
-1.2544087614883548,0.4133176682906843,1.7280720791585935,-0.8681093238500562,1,0,0,1,0,0,0.059691485532990585,-0.5239766589469633,0.009275912831576286,-0.5153405463994666,-0.03971923094460415,-0.004708618800861887,2.26156359993107,1.8899628565907194,-0.15680235208828902,0.9404309777307034,0.884031962713133,-0.1332660743153487,-0.5658410859629625,1.804138802265668,1.4575988706418854,0.6770616827170677,1.1117223741466702,0.9433678330707029,-0.8350596325743129,0.6464429457035722,-1.3420850045614945,-1.1338427825216362,0.8947357637654719,-0.16809670351422945,-0.22826977050193592,-0.6464429457035722,0.8350596325743123,1.5800334453650435,1.2415090048625523,-0.20940570944885942,0.1627557467265941,0.615217432034406,-0.7180946013078251,-1.1173050988595852,-0.9284540343304539,0.44983577907224165,-1.3032691506898992,-1.1658209625447336,-0.5604775923118106,-0.0495139282068366,-0.11002139686175369,-1.238494455284687,-0.7833178721512579,-0.5986491559356475,-0.5799798072721716,1
-0.7661037767008384,-1.2615871198543382,-0.15484123025532542,1.478524768348486,1,0,0,1,0,0,-0.016022136491804253,-0.49141422255894146,3.2971235370977903,-0.7554801525942014,1.048156237724814,0.20591914059253555,-0.4824224360100257,0.31275327543297604,-2.4257271318144777,1.0543225734626134,-0.08516425466323778,-1.3420132084516214,-0.5944056253122657,0.4525095722194759,0.09564591596480766,-2.466115147962073,1.1294302443746267,-0.35185744188354573,-1.90032120844486,0.05436948222367098,1.1229623735401681,-0.33344770670295615,0.8378423590666736,-0.30439808067848506,-0.23280260644136946,-0.05436948222367098,1.9003212084448584,0.7166055230658329,0.41596727218528484,0.9823811216089964,-0.6124742829530796,-0.1699234587966153,2.0858498474629035,-0.8726274695258333,-0.04256332662598434,1.2559800380379649,2.582569758980075,0.8322629866040054,3.998089540688648,4.047827823603384,3.6017817140146557,1.6800380602609295,1.9879608854670021,2.2404794378780473,3.873818206988421,1
0.5189093411610479,-1.3388904177687242,0.5693561964423357,-0.4281154315628296,1,0,0,1,0,0,0.03445361152472564,-0.5233951868686059,-0.5280377066983108,-0.15947100950847412,-0.653785042810673,-0.27928493359395323,0.2522058135614547,0.24713295609396055,-1.047125651367392,0.9028175588574073,0.4023279974095164,-0.24859319579161862,-0.22314443591270472,0.4177063233539684,0.17544343592561992,-0.8363634958153777,0.608188183080637,0.4943759798579802,0.3242026962602782,-0.6605917564372907,0.06666891348438167,-0.16344235530151371,0.5909911896297945,-0.6165792856455149,-0.04038417917969763,0.6605917564372907,-0.3242026962602789,0.2152602778598393,-0.03432821836595151,-0.555114866549611,-0.8708842928463041,-0.6136987449184976,0.3530751881102058,-0.46483142063624716,-0.6516131881728072,-0.4183195767369984,0.4731143508735179,0.35171115073279,1.6473407789746017,1.7657640631014886,1.345366449044194,1.0455744699249259,0.8629863402952329,0.5704037944582268,1.5850608941045057,1
0.33900750466038404,0.4133176682906843,0.5693561964423357,-0.4281154315628296,1,0,0,1,0,0,1.2837283749338404,-0.6879517850437881,0.11162136417060241,-0.5321213863504239,-0.5334655866900332,-0.1178483706618588,1.6734784612168079,3.4920309887591716,-0.6959462831809929,1.8376706608502449,0.7768709635998148,1.0113013640294317,-0.2731827370719234,2.0487861596848633,5.830807726735182,-1.8390697070384008,1.341850849096712,-0.32904520218978106,-0.22931895624632825,1.6067301921712127,-0.2798895466583831,1.0482530579565699,-0.8967058129202562,-1.152018173886837,-1.331218897171128,-1.6067301921712127,0.22931895624632756,1.7471485271003746,5.069020674548063,-0.31857702221751816,-1.1809763047181743,-0.6819718658603261,0.25856020669096863,0.10608304780917345,0.2342775195316623,-0.35630847989348147,-0.1375174777889068,1.2622304186993043,0.6255405410238652,0.028283699992091807,-0.4315605721200442,0.7600658542737248,0.12214944469431245,1.1827648637121608,0.6571863078002155,1
-0.12359721776989524,-1.132748289997029,-1.6032360836506476,0.3052077222492148,1,0,0,1,0,0,0.47611640666936217,-0.6024753895252305,-0.6175899766199587,-0.055314071881842175,-1.1303394940546725,-0.4205978252464237,-2.0208359400498694,0.5469176738732379,-0.9829919301807516,-1.676222690042333,-2.5402646753518834,-1.5044620116176237,2.519298501379891,-0.9252003420861622,0.07002974319368065,-1.5540986600624793,-0.5878106295727068,-1.6470849042137248,-0.604544012877736,-1.4523273562967454,1.8855722867310902,-0.680507411881023,-0.21793637767768986,1.6816057551755883,1.6944106599703628,1.4523273562967454,0.6045440128777353,-0.799367004104671,0.24442613292767115,0.5495948459903851,-0.39836313189869427,-0.5941921389351184,0.6096158519624242,1.0614909337790603,1.5947525349349545,-0.037394267555393414,1.7498899926222238,-0.6346847228976005,0.014285041535478216,-0.10137901367278856,0.5669031826293847,0.6331731362065233,-1.1125787146405561,-1.6563637301015341,0.16231986177126023,0
0.8787130141623758,0.18140777454752677,0.5693561964423357,2.2118479221605303,1,0,0,1,0,0,0.17326191857018283,-0.55072437455141,0.2651395411791416,-0.562211168331451,0.05144053786971515,0.010943125527734526,1.081630422974023,0.2869183494795447,-0.9558539883663142,1.4850926150889083,0.35406722096358617,-0.5806264046969865,-0.9566125281607969,0.4797945458346218,2.0339140599748604,-0.6352321817567366,0.6329505423983469,-0.5443446738617771,-1.0726104692356557,0.2718968389527333,-1.0246283759979953,1.6437260169438892,0.668337342287462,-1.3786413897402736,-0.9917513539685618,-0.2718968389527333,1.072610469235655,0.6609004958207222,2.2921984828154374,0.7094528396873502,0.24027874969456073,0.4957394703862077,0.06953024385249205,-0.46483142063624716,0.012804842605544792,0.8219023601333442,-0.8869292675109735,1.8692432640103136,0.6346637574341392,0.9099901529132779,0.22844089288381547,-0.09645999267988113,0.8629863402952329,1.127095675598167,0.34789477903211874,1
-0.9717058755587404,0.026801178718756015,-0.4445202009343899,-0.4281154315628296,0,1,0,1,0,0,0.1480240445619179,-0.5425837654544045,-0.13144908275958464,-0.4511104348630436,-0.2177735826246341,-0.0686571742005558,-0.6125521319562567,-0.669237956194197,0.6908094993349014,-1.0905781753583224,-0.48953165144340466,0.8198953016131714,0.8979090912331118,-0.2546206019472892,0.8313380496787788,-0.5909561440548442,-0.8866296192376556,-1.1377029452228467,1.1549271437622068,-0.027203276549727037,0.597354745294689,1.7513663058380884,-1.5382136610278765,0.5941340034724538,-0.4743303679382329,0.027203276549727737,-1.1549271437622075,-0.11896988561082296,1.0163612595869336,0.5820863081239148,0.1627557467265941,-0.20406001926752979,0.4790951633358572,2.3081817118129377,1.7292180887829538,-0.29429738304996345,0.41760236644966076,1.413983630027056,-0.39625969692687113,-1.0868156375258795,-0.8207922053274488,0.2207718024881207,0.5337254978059351,0.5704037944582268,-0.332546584257695,0
-0.6119022025574117,-1.2615871198543382,-0.15484123025532542,1.7718540298733036,1,0,0,1,0,0,-0.34411449859924853,-0.27917691395844146,0.047655457083711085,-0.5188124443203543,0.3830858696541986,0.18624266200801434,-1.908236031755088,-1.431296715961859,-0.2343498701142553,-0.9590034277111398,-1.0030684750276204,1.5049116890229115,1.6923052433911079,-0.40056525980386176,-0.48988736277807676,0.6413123613078724,0.02941911150308495,0.20965842240643745,1.240594943021994,0.8221130942085976,2.253208565891375,1.4737412551757754,0.9648211983993721,1.3247232484688918,1.5087287865614156,-0.8221130942085976,-1.2405949430219947,-0.11896988561082296,-0.10937746679115769,1.318992669312359,1.5064877981713616,1.4515631635718003,0.4475901695294441,1.9003856629233515,1.2862727349307197,1.13195784435093,1.9719379303176512,1.2622304186993043,-0.21379536872138252,0.30057539868834077,0.8376730144258402,-0.6040308649486834,-1.5241547677521787,-1.4336869776455579,0.5334696962929761,0
-0.7661037767008384,0.5163887321765315,-0.15484123025532542,0.5985369837740325,1,0,0,1,0,0,-0.016022136491804253,-0.49141422255894146,0.022069094248954552,-0.518233794666873,0.028011831696470035,0.022570135600406147,0.2322839118943843,-0.41571603932617485,-0.8985692067112777,0.1635431323920869,-0.6602942107221204,-2.189140070703155,-0.4125173014722956,0.6293043793688783,-0.07503838852059175,-2.1604012113038067,1.1461062207590353,-0.028419448556832167,-1.535794876505097,-1.462543299520739,0.3057970870915553,0.49541150003197826,-0.9426206612408347,0.9155230886355463,0.8306687523659112,1.462543299520739,1.5357948765050964,0.8558680911786088,0.19081952690966666,0.8368193712507843,-0.5349512799851129,-0.08458205761933026,1.9598298722372534,-0.8726274695258333,-0.26403600355210183,1.1939689411944467,0.1400424443303771,0.27583454506891375,-0.4692454282090663,-0.8534227529290943,-0.48232991558187904,0.6331731362065233,0.2044646553166367,-0.4316415915936655,-0.5181215015185524,1
-1.3829100732745436,1.5213316050635446,-0.15484123025532542,-0.13478617003801185,1,0,0,1,0,0,0.26159447759911014,-0.5664241206670634,-0.2721740783507456,-0.3764646295639574,-0.43079810277412617,-0.1446799323680241,0.1770598452251,1.182420101652111,-1.3510804229727815,0.2891180940660962,-0.6422415219017249,-0.21626591604009532,0.7012490620857567,0.18831703493765387,0.5300014292890181,-1.4258983845256634,-0.16093244731738995,-0.6668718045012503,-0.003877616098807187,-0.29111514316954507,-0.05804186246226503,-1.0919649003191128,0.4140818363335767,-0.550157752673807,0.18387491183979268,0.29111514316954507,0.0038776160988064777,0.8001630639334981,1.391607501712964,2.310632093627674,0.9896677783849125,0.8712416355662611,2.62143474217192,1.4110304042558486,1.5631135810883663,2.1241353938472036,-0.05424950115312168,-1.0140677512169813,0.041654690766301246,0.2487103132223888,0.008440404549195996,0.2524949820049213,-0.37174181903963527,-0.5429799678216537,-0.08511336124321738,1
-1.1259074497021662,0.33601437037629844,0.27967722576327125,0.5985369837740325,1,0,0,1,0,0,-0.596493238681898,-0.05821752418257845,1.2885940545694028,-0.6819916466020778,1.4234315453838011,0.48228422616603783,-0.47082787380712865,-4.514661222549436,1.2321148192992335,-0.14669174257875509,1.3344484346759928,0.6592163634156233,-1.490513373174422,1.8933252728521193,-0.5407660621086565,-0.06728333728076548,1.5674779566487043,1.7456945345334443,1.2104470415403286,-0.30141414284251405,2.546485924012683,5.654786641514886,-1.751955499259691,1.75245539034541,-0.030517379877848725,0.30141414284251405,-1.2104470415403292,1.8028535543454847,-0.4846237089171882,0.08171779126756346,0.03355074177998182,0.6664222727407777,0.6366201323679207,-1.1173050988595852,-1.592872065108806,0.38782468222872474,2.0737099017613883,4.752554279237608,-0.5026972217134066,-1.268343436656712,-0.6289969078049598,0.04100711855958641,0.06727263761276221,-0.07907006687170363,-0.6624575482769981,1
0.8787130141623758,-1.3131226517972627,0.5693561964423357,0.3052077222492148,1,0,0,1,0,0,0.17326191857018283,-0.55072437455141,-0.8350740607153893,1.729820109107933,-2.4396050576061477,-1.7603871397742765,-1.6094448226177283,1.8613501996239972,-1.0357965406036411,-1.077285516020849,-1.808502455019225,-2.0315021893487573,0.6011421259615458,0.44445634668194334,1.9447714153788658,-0.6510360114005096,0.47897634349747537,-0.5395093313030261,-1.0726104692356557,-1.7069246864476295,2.682067748816128,-0.6065322521819821,0.7617401646107698,1.9302879746216663,1.8244159096311368,1.7069246864476295,1.072610469235655,0.6330479821981672,2.2171492343902317,0.7367456678795146,0.2531992501892221,0.4445346296798359,0.2270552128845555,-0.46483142063624716,0.012804842605544792,0.8219023601333442,2.33276582907272,-0.6346847228976005,-0.2594114507727547,0.15794641365697218,0.9392117013495113,-0.6040308649486834,-0.37174181903963527,-1.0440026608476,0.2860364732784985,1
-1.3829100732745436,-1.132748289997029,-0.15484123025532542,0.3052077222492148,1,0,0,1,0,0,0.26159447759911014,-0.5664241206670634,-0.6175899766199587,-0.055314071881842175,-1.0128483566616604,-0.3928718781500529,-1.0400246055239801,0.8761000816061317,-1.1491011310255552,-0.8566666371505149,-1.493130733282642,-0.4929599614678758,1.1324999205850839,0.2523688254071428,0.6475259889966379,-1.3317153417799374,-0.097798802501811,-0.5718823313532923,-0.04921092906325296,-0.6235317921885499,1.6983434877627326,-0.5537975356079431,0.2326142528768228,1.0603257408168092,1.3828112920833195,0.6235317921885499,0.049210929063252244,0.8837206048011639,1.5417059985633763,2.3288273124224506,1.06719078135288,0.9736513169790033,2.589929748365507,1.0847935651441794,1.2309045656991897,2.1241353938472036,1.5000860627148682,-0.5588081172337243,-0.14993285384946126,-0.010615114107371936,0.4145951522438788,0.2207718024881207,-0.9479482933959068,-1.266679413303576,0.22417816752487937,0
0.8787130141623758,0.026801178718756015,0.5693561964423357,-0.4281154315628296,1,0,0,1,0,0,0.17326191857018283,-0.55072437455141,-0.13144908275958464,-0.4511104348630436,-0.23443971729745355,-0.07491787193199435,-0.024096706111722606,-0.04950305761032071,0.6176898291371279,0.049009638197028714,-0.017703412633116547,-0.8972660641104326,-0.7497254273506995,0.611781595482445,1.3300505032458687,-0.5312006830677851,0.9209348314712003,-0.061693912676295294,-1.0255223183500044,-0.20666334585120408,0.6447920182306164,1.4003598964517074,-1.3782081468467628,0.846974355051461,-0.03721679451786939,0.20666334585120408,1.0255223183500037,0.7723105503109431,1.5417059985633763,0.6366719645082435,0.24027874969456073,0.615217432034406,0.19555021907814235,-0.7910682597479163,-0.4301405112466897,0.8219023601333442,0.6118943119331598,1.33810702436318,0.06902433999712428,-0.6589286824317738,-0.3130987707090945,0.6966194952401235,0.36909507656128593,0.29205785388825667,0.10046155601764112,0
-1.2544087614883548,0.026801178718756015,1.7280720791585935,-0.4281154315628296,1,0,0,1,0,0,0.059691485532990585,-0.5239766589469633,-0.13144908275958464,-0.4511104348630436,-0.15587647293194926,-0.05434700795726765,1.6078232755682134,-0.15490127854616179,1.8585058452767267,0.44041765408966393,1.560294828480345,-0.6931506687146314,-1.6793302115837512,2.894901150315535,1.2499529874759159,1.330220724900917,1.5020150689133687,2.079474870968861,-0.5745260083472232,-0.3755669404878874,0.6568337163797479,1.4647823294307527,-1.2038962082798923,0.8943965936948749,0.001742780589550674,0.3755669404878874,0.57452600834722245,2.3320513131740337,0.8662627627365218,-0.600602913536552,0.12399424524260985,0.7346953936826055,-0.844114576533476,-1.7697787770829225,-1.814344742034923,0.2638024885416898,0.5841383197212315,1.33810702436318,-0.04957747333644305,-0.6589286824317738,-0.29617565622181696,0.4428340591057229,0.4514102871836102,0.29205785388825667,-0.08511336124321738,1
-1.2544087614883548,0.9029052217484598,-0.4445202009343899,-0.4281154315628296,1,0,0,1,0,0,-0.1295925695289965,-0.45361853746570174,-0.19541498984647596,-0.42622849976334815,-0.060083561622036374,-0.01946597773925279,-0.5156841511905302,0.9916195134902804,-1.3234169474807163,-0.2441771539949591,-0.8288514466206454,-0.47457050700227127,1.094730706735128,-0.7034352707156263,0.21942818497248995,-0.7701872018506553,-0.44967765371724566,-0.8252348929628116,-0.2249492467260648,-0.4241556457943308,0.014207131200453605,-1.1412105635014305,1.0351914406470037,-0.11602508183855009,0.27186622036692537,0.4241556457943308,0.22494924672606412,-0.7038726716844818,0.11577027848446049,-0.23669853764102378,-0.5866332819637576,-0.71610842633123994,0.038025250046078915,0.35076067714292497,0.5111183656893089,-0.4803306735805153,0.5841383197212315,-0.6346847228976005,2.331582009745184,2.673403058755652,2.445368890717294,0.886958572340925,0.36909507656128593,0.18071947766026855,2.018069034379841,0
0.7502117023761872,-1.235819353882877,-0.15484123025532542,-0.8681093238500562,1,0,0,1,0,0,-0.6974447347149578,0.14239034285077085,-0.6047967952025805,-0.06110056841665506,0.3822424651090326,0.15672794413123253,0.023371818985389932,0.33832063229369863,-0.5004742105261796,0.5682704876671757,0.9365087731931718,-0.08626840311503732,-1.0452312089812987,-0.7988932499407049,0.31147598259002784,0.18370878243733688,0.7050886187538719,1.4688057707161453,0.6006469349749696,-0.7133741297612541,-0.8307438055010599,-0.15232588362024665,0.8687746213166726,-0.06854296236304638,0.21649568368606698,0.7133741297612541,-0.6006469349749702,-0.7317251853070371,0.340918023760079,0.15449866644666885,0.22735824919990022,0.512807750621665,0.8256500952063961,-0.9541866793037505,-1.2606630497196296,0.6978801664463103,-0.6926373220274746,0.04820472807728505,0.6255405410238652,1.0137203238451828,0.9222885868622325,-0.12818317219668063,0.28677986593896093,-0.04195727479570725,0.10046155601764112,1
0.15910566815972013,0.33601437037629844,-1.6032360836506476,-0.8681093238500562,0,1,0,1,0,0,0.3499270366280375,-0.5786350343125716,-0.7839013350458762,0.6419587605631106,-1.8225728208667882,-0.94113012234603,-0.3398505449071005,0.3926471164652056,0.5733874393870668,-1.0634551400653,-0.7743883567258967,-0.670991011032433,0.6506616721928941,-1.2664964036720219,-0.05535998067893274,1.2442196359264184,-1.9750877287995103,-1.2991790064418525,-0.8449975130860671,-0.07709346503402185,-0.792897828304289,-0.5943789031387882,0.46648090378674806,-0.5218038967016941,-0.26165264495424406,0.07709346503402185,0.8449975130860656,-1.1216603760228097,0.19081952690966666,0.7731361054690666,1.3643622927300878,0.3421249482670949,-0.30852968182446,0.8401159358104279,1.5077454118568363,0.5738579727592754,-0.7481493064513315,-0.5588081172337243,-0.0039613912850709025,0.2357440418559006,0.008440404549195996,-0.28679906978068154,0.2044646553166367,0.18071947766026855,-0.20882997275045564,0
-0.894605088487027,-0.3339475448817109,-2.617112481027373,-0.13478617003801185,1,0,0,1,0,0,-0.21792512855792381,-0.4024489945702387,-0.24658771551598904,-0.3822511260987702,-0.024873182136643586,-0.014099665398019734,-1.3631971822500388,-1.103588743146525,-0.0655760291434697,-1.7350234502801087,-1.135925801197298,-0.20511093486170143,0.8055527482505378,-1.7548486343357688,-0.8263389430418787,-0.28179089344587077,-2.034592899544139,-1.8367141233756459,-1.5933077962547393,1.300476421676128,0.14213478713989167,0.6869019708552666,-0.1935280434538308,0.32643725571714644,-0.3164346794608991,-1.300476421676128,1.5933077962547393,-1.6508581348513582,-0.7848207026180125,-0.06384395909064733,-0.19901826712392082,-0.972132629863095,-0.08799472517957138,-0.22015379130249568,0.6772228733838963,-0.17027518936292965,0.08453045990652028,0.5793409677244183,-0.14080963743918734,-0.21807545597118072,-0.07617516788719629,-0.4771381468814831,-0.7833178721512579,-0.26463402725168356,0.038603250264021984,0
0.6217103905899984,-0.9008383962538722,-0.8790386569529866,0.3052077222492148,1,0,0,1,0,0,2.6465735713801473,-0.7426101604093962,0.188380452674872,-0.5494808759548626,-0.8102388622153178,-0.1464687031484351,0.5198096034995093,0.37441274223977483,-1.588696674623029,0.8454692399210166,-0.5121453582010462,-0.7408961031384579,-0.03540586399300677,0.6785952948295676,0.26666398068804187,-1.0915141213162982,0.9373111918761758,0.12567963443883556,0.004530982273630621,-1.0149876916124754,-0.044763484285574626,-0.24675511697239905,1.0749351491610188,-0.2127526649402209,0.788515749947977,1.0149876916124754,-0.00453098227363133,0.438080386840281,0.04072103005925432,-0.5642124759469986,-1.0000892977929163,-0.6307670251539549,0.038025250046078915,-0.38327221085833024,-0.4301405112466897,-0.6663639641110671,-0.007989514133240944,-0.17942508891434333,0.18154400905717566,0.7198181728714541,0.5838262971166633,0.09387908442092041,0.47884869072438496,0.013711913318286572,0.16231986177126023,1
-0.9203053508442651,-0.7719995663965628,-0.8790386569529866,-0.4281154315628296,1,0,0,1,0,0,-0.6722068607066928,0.12785354089183248,-0.5408308881156891,-0.15657776124106768,0.41916487977909284,0.2193349214456182,-1.2812404864476172,-0.8539619586067303,-0.6728717090889115,-1.0351687301236183,-0.4394120372768378,-0.32999693562085847,0.30439100452048284,-0.37203698306235067,-0.18213766374101106,-0.6662550457751565,-0.2705962979688025,0.33657551721622153,0.05260013630273529,-0.5022446364654003,1.4098611153591527,0.989628074873884,0.2503161000478685,1.1301275138537321,0.8998576525411597,0.5022446364654003,-0.052600136302735995,-0.5646101035717058,-0.4846237089171882,-1.028190555213798,-1.168055804223513,-1.1940202729240363,0.2270552128845555,-0.46483142063624716,-0.5408768497097485,-0.9144083514851348,1.194770148383656,0.8069707847160468,-0.25028823436248077,-0.08841274230630035,0.36382580878204385,-0.3819686083310823,-0.28942660841731066,-0.5429799678216537,-0.08511336124321738,1
-0.3291993166277972,-1.0296772261111817,1.4383931084795292,-0.13478617003801185,1,0,0,0,1,0,-0.6091121756860305,-0.04658808261542777,-0.38731271110714993,-0.2665211954025125,0.46301909819254244,0.17014372498431518,2.6039899630265757,2.6810134900282803,-1.2217860074611706,1.8955010179810037,0.9173899991377544,0.46980592893090234,-0.50536954074401,2.5306312886275384,2.777116519954849,-0.696654411376778,2.0808027082878673,1.1638192187275176,0.4783555005605047,0.16633209230480636,-1.0923344656547775,-0.8977207879502965,0.9701519039346076,-0.4974112411962741,-0.05640898088270242,-0.16633209230480636,-0.4783555005605054,2.6941339902672503,2.9676417186422928,0.5911839175213025,0.11107374474794844,0.9565830367435462,0.7311351137871589,-0.30171300108041293,-0.5408768497097485,0.5118468759157585,-0.9979532363586869,-0.7864379342253526,0.2514886682026129,0.7284623537824456,0.46536449570571364,-0.3819686083310823,0.03983423407198747,0.1250502895462747,0.40975308478573785,0
0.544609603518286,0.3617821363477598,-0.8790386569529866,0.3052077222492148,1,0,0,1,0,0,-0.4955417426488382,-0.16869721907050997,0.8408327049611636,-0.6391715722444624,1.0383310231270517,0.3642253546589107,-0.09808530456121926,-0.4292770191391787,0.7911824340274335,0.2986784946118431,1.1868955776446866,-0.008174730359794208,-1.3829249000974246,0.03808425896245537,-0.17423531899699746,-0.1348947797893057,-0.26273936892213,-0.4378327659444374,-1.1014209826064827,1.0812265632535092,0.17444334647557666,0.41465106307020666,-1.2171291365692192,-0.6640232377681635,-1.9704808590057807,-1.0812265632535092,1.101420982606482,0.32667033235006016,0.19081952690966666,1.1734309189541483,0.9121447754169449,0.7517636739180628,0.6996301199807459,-0.22015379130249568,0.34501385799472056,1.1939689411944467,-0.19302946221276363,-0.1035484832504671,-1.281211688723491,-1.605466492185401,-1.7007941586659285,-1.238494455284687,-0.04248097655033679,0.5704037944582268,-1.5078543935764617,1
0.030604356373531493,1.0832795835486928,1.4383931084795292,-0.8681093238500562,1,0,0,1,0,0,-0.5586364276695006,-0.12508681319369488,-0.3233468040202586,-0.315706415948422,0.4143599156901133,0.14778409022917743,1.3150630177696592,0.4771853423037073,-0.5056849301800377,1.8763693199439986,1.760532613629412,1.8153382501547586,-1.208631994303308,0.7422174469310905,-0.31106613614063067,1.30675246435124,0.7964963389464254,1.4875356459800377,1.8657307392625473,0.625495827724652,-1.0870122106998674,-0.966571084335914,2.004448444047309,-1.745061762634827,-0.8364895885229365,-0.625495827724652,-1.865730739262548,0.9951306592913848,-0.03432821836595151,0.900502637032502,1.519408298666023,1.8441336089873108,0.16404522527173035,0.10608304780917345,-0.6516131881728072,0.8839134569768611,-0.9979532363586869,-0.8623145398892288,0.20587258615124074,1.234146937075479,0.3299795798074865,-1.016432198667086,0.28677986593896093,0.6817421706862145,0.10046155601764112,1
-0.48340089077122306,-0.978141694168258,-0.15484123025532542,-1.161438585374874,1,0,0,1,0,0,-0.7100636717190902,0.14529770324255853,-0.20820817126385424,-0.41697010530764755,1.061191854931429,0.43398741509494043,0.9097625986230545,0.5778057831142552,-1.3641923137007517,1.6099251398464025,1.2592239026234529,0.9830649841456642,-0.651612675201331,0.09280742615700303,-0.40187272628573084,0.9995826143320735,0.6028649887551427,0.8537036651117291,1.0187373090415193,0.33041212922948743,-1.1723149527629801,-1.195643845699615,2.8693807215658635,-1.5771143971558548,-0.8035772760703372,-0.33041212922948743,-1.01873730904152,0.04814519612450831,-0.40957446049198204,-0.11842961547497735,0.4082452561251572,0.6493539925053206,-0.655084613695,0.18764225758709038,-0.26403600355210183,0.015758101167622184,-0.9979532363586869,-0.9381911455531051,1.0087156302553917,2.5307740737242828,1.4976744794297,-1.4922798914190887,0.7806711296729086,1.0714264874841732,0.8427612250610729,0
0.8530127518051386,-0.17934094905293926,-0.8790386569529866,-0.13478617003801185,1,0,0,1,0,0,0.29945128861150755,-0.5722388414506387,-0.06748317567269331,-0.4707845230814074,-0.25662360381835403,-0.07625945001730262,-0.9826139471838431,-0.025654942467555935,-0.4635495995595949,-1.0247226079900578,-0.7675788578307374,-0.2302158553561428,0.956867229555257,-1.0547521402245856,-0.14179905440010332,-0.09070200652069567,-0.455977759605356,-0.1407598534794751,-0.12950004961474557,-0.18555039652161812,0.31245270228771443,-0.10683896620114768,0.5425410623163405,0.9321943927612163,0.8604655078548813,0.18555039652161812,0.12950004961474487,-0.9266927806649233,0.04072103005925432,0.5729886987265271,0.4340862571144791,0.22264698661889537,0.6996301199807459,0.5954383064766764,0.7325910426154264,1.0079356506638961,0.41760236644966076,0.04820472807728505,0.4795690784594736,0.7025298110494701,1.0745966172477384,-0.0647368131630805,-0.6186874509066087,-0.7656567202776299,0.7809029193074537,0
0.8787130141623758,0.33601437037629844,0.27967722576327125,-0.13478617003801185,1,0,0,1,0,0,-0.20530619155379135,-0.41291549198067434,0.35469181110078946,-0.5760987600150019,0.4112177753210872,0.1276604189495535,0.030383608925350313,1.5634889325411268,-0.30328396329068813,-0.37096340797398286,-0.8340202702376854,-0.7780403645699455,0.11674905014666594,-0.3226541594280222,2.3555253151500186,-0.6893673370824442,-0.7589999954645571,-1.5568139546796245,-1.2315329784747313,0.16026515284228104,-0.36464138221223286,0.21377592440951643,-0.27814835354402595,-0.25146377140795767,-0.435658619238769,-0.16026515284228104,1.2315329784747306,-0.11896988561082296,2.7424939733666744,0.9096002464298897,0.369483754641173,0.03489590402886805,0.25856020669096863,0.4323198869208419,1.2862727349307197,0.6978801664463103,-0.3040534310604773,0.27583454506891375,0.22411901897178985,0.04124997135858002,-0.0592520533999176,0.15732544345452057,0.7806711296729086,0.9600881112561845,0.40975308478573785,0
0.544609603518286,-0.6431607365392533,-0.15484123025532542,-0.4281154315628296,1,0,0,1,0,0,0.40040278464456736,-0.5931718362715099,-0.822280879298011,1.703780874701275,-2.3062879607117406,-1.7729085352371536,-0.5676336391199911,0.6296241437803068,-0.2709390517303378,-0.7553441231221151,-0.8284407536570724,1.2135216360807157,1.3878643849179038,-0.461825980385633,0.41844053680404963,-0.5793716976363362,-0.4432142018001349,-0.3891055912382415,-0.01835909107355938,1.6733070988005785,0.3278573148594176,-0.444994352822979,-0.2118299215036666,0.5809375639896399,0.697127676853471,-1.6733070988005792,0.01835909107355796,-0.40147395235388267,0.4588525569996885,0.19868705494826952,-0.13995312200546972,-0.3015930491844266,0.6096158519624242,0.36241199282548453,0.4082917656878972,0.051193013649631844,0.3065783976019474,-0.4070549059059717,0.041654690766301246,-0.07544647093981212,0.1607484349347019,0.47455723862252236,-1.6887851889968277,-1.32234860141757,0.40975308478573785,0
-1.0231064002732158,0.9029052217484598,-0.15484123025532542,-0.4281154315628296,1,0,0,1,0,0,-0.8236341047562825,2.1891720586692913,-0.19541498984647596,-0.42622849976334815,2.5897135071005772,2.013024821502767,0.6053433689800817,0.28803479403723137,-0.8279529538248168,0.8984494143914628,0.5032574738990723,1.3509351717154858,-0.31205137870467325,0.8182264156181699,-0.6516733343183885,-0.1817489727020783,1.21349029973569,1.1340228038433686,2.0217186959949194,-0.1626015385546773,-0.0241824966403623,-1.0481688347180613,0.9491992347051857,-0.010470986906526257,0.45289318473480294,0.1626015385546773,-2.02171869599492,0.8280155775560533,-0.5596729573423944,0.19998671343360988,0.07231224326396513,0.5640125913280355,0.5106001571422693,-0.46483142063624716,-1.2052948804881005,0.44983577907224165,0.5841383197212315,-0.482931511569848,2.5231695543609463,2.7900995010540433,2.6146000355900783,1.2359135470257274,0.03983423407198747,-0.04195727479570725,2.389218868901558,1
0.7502117023761872,-0.9523739281967958,-0.15484123025532542,-1.161438585374874,1,0,0,1,0,0,-0.6974447347149578,0.14239034285077085,1.8642872183514247,-0.7143960271970299,1.9394365067000832,0.6616084969022424,-0.510186045995362,-0.7327975728744234,0.8476793115515274,0.790914315642529,1.3045547293566722,-1.1914956733147601,-2.6978456442555423,-0.9046423572172482,0.029333533634010246,0.220526169500903,0.6834810822052684,1.512512435734721,0.7837886966584708,-2.402410076128092,-0.19448186799378459,1.0351733561848042,-0.9371984834302773,-0.39074607354170776,-0.21931103315374928,2.402410076128092,-0.7837886966584715,-0.8152827261747027,0.11577027848446049,0.28186519801010423,0.3565632541465125,0.6322857122698633,0.9516700704320475,-0.9541866793037505,-1.3160312189511594,0.7598912632898273,0.3620903820258042,2.096873081001942,2.4775534723095745,1.454573550305776,1.1761353041714093,2.948965240932937,3.0854970270979956,1.6837875567381073,-0.45626319576493324,1
0.33900750466038404,-0.3339475448817109,-0.8790386569529866,-0.13478617003801185,1,0,0,1,0,0,-0.7605394197356201,0.6424563302382503,-0.24658771551598904,-0.3822511260987702,1.357548890776926,0.7895056077016303,-0.7854204295335335,-0.8889216569484797,0.027519269976273155,-0.7035076426813391,-0.04406491301303927,0.8471677200398671,0.42188720910188604,-0.8193638430078501,-0.3281629583402459,0.09105492708962641,-0.6223027727479067,-0.47980984296666473,-0.34274413050805214,1.4953651847184546,0.2734475288557596,0.8913264234656093,0.05388165646281596,0.3333286617932529,-0.4111543792100943,-1.4953651847184546,0.34274413050805214,-0.7874302125521474,-0.3345252120667762,-0.09113678728281299,-0.031051760693324323,-0.27233314020935756,-0.15100471279239655,-0.13859458152457876,0.012804842605544792,-0.29429738304996345,0.27882240539001907,0.8828473903799233,0.12376363845877164,0.13201387092399572,0.2622871218583729,-0.635754044465484,-0.8656330827735822,-0.26463402725168356,0.2860364732784985,1
-0.9203053508442651,0.6194597960623787,-0.8790386569529866,-0.8681093238500562,1,0,0,1,0,0,-0.6722068607066928,0.12785354089183248,2.6702576476462556,-0.7363847140293188,2.0000339572194576,0.6674220019385783,-0.761381487527642,-0.34017067160238795,0.44597827456492833,-1.0172366206514245,0.28806113332993616,0.1884323165359001,-0.1660317214017943,-0.22115399192822568,-0.1069469781443799,-0.4817992309567737,-0.014759104217700726,0.8383955100292466,0.2567889334467663,0.002319067851812721,0.8377450295309251,0.359757787378844,-1.0938290042617491,1.3595861727683909,0.4440364536974901,-0.002319067851812721,-0.25678893344676695,-0.5924626171942612,-0.6347222057676005,-1.701413650620525,-1.6331938220313174,-1.552454157868633,-0.24551969421163483,-0.9541866793037505,-1.149926711256571,-1.534519319920306,0.5008703430854462,0.04820472807728505,-0.7611883533378483,-1.1516469943583196,-0.6346379459673855,-0.09645999267988113,-0.5363722402842841,-0.5986491559356475,-0.7036964187794109,1
-1.0231064002732158,0.5421564981479937,-0.15484123025532542,-0.8681093238500562,0,1,0,1,0,0,-0.36935237260751347,-0.27045483278307847,-0.5152445252809326,-0.165257506043287,-0.21871063211731573,-0.08028418427322742,-0.6907345346525487,-0.4252191963180206,0.8597055068531158,-0.08948414723523548,0.2991365598005326,0.9442620399944585,0.2889541751888564,-0.9333398157333568,-0.9844065187824987,1.1109785121631082,-0.1781284687552748,0.30645087520476594,-0.31054414497595056,1.595854703162155,0.027901038104102268,-0.4025301488276226,-0.058819965808515715,-0.05574183055357299,-0.08970254442794912,-1.595854703162155,0.3105441449759499,-0.8431352397972577,-0.8598699510432187,0.28186519801010423,0.8346217724489774,0.7176271134471482,-0.40304466324369825,-0.22015379130249568,-0.09793149585751397,0.5738579727592754,0.19555442875423396,-0.17942508891434333,0.7167727051266096,0.5728670973845897,0.5161338391675497,0.506280418139323,-0.9479482933959068,-0.32030321536567735,1.0283361423219313,1
0.030604356373531493,-0.978141694168258,1.4383931084795292,-1.161438585374874,1,0,0,1,0,0,-0.5586364276695006,-0.12508681319369488,-0.20820817126385424,-0.41697010530764755,0.5421683849785588,0.2260428118721595,1.4047439430676532,0.5115194649094019,-1.5006707358344586,1.75503276518611,1.716198896901767,1.4150274961284373,-1.298492452660864,0.6545041121193151,-0.48339335982987003,0.9785623303636722,0.7722800841593059,1.4800928907374158,1.6975640436622979,0.2463053852199044,-1.2993578510517314,-1.1863293748117094,3.0348279384770613,-1.605156328854175,-0.7861199873701011,-0.24630538521990367,-1.6975640436622985,0.939425632046274,-0.18442671521636386,1.0096739498011607,1.428964795203394,1.7417239275745686,0.6051151385615076,-0.13859458152457876,-0.8177176958673952,0.9459245538203791,-1.1367331974183288,-0.9381911455531051,0.9539763317937442,2.5696728878237463,1.5145975939169787,-1.6191726094862895,0.7806711296729086,1.0157572993701793,0.7809029193074537,1
-0.6376024649146498,0.33601437037629844,-0.4445202009343899,-0.13478617003801185,1,0,0,1,0,0,-0.7983962307480176,1.7094575940243255,0.35469181110078946,-0.5760987600150019,2.2632217846954887,1.7599137560746079,0.5255110085054592,-0.9428668652878494,0.08664709057531779,0.7560920912037636,1.2353223227723955,-1.103294371550812,-2.02754745577766,0.3530160108368477,-0.8672960925591119,-0.18490252277315639,0.7291135696873521,1.0934351910178137,-1.5933077962547393,0.07546133969578361,-0.3780064111157731,0.42527617628689407,-0.3042586789668799,-0.29845510141259673,-0.538452876569161,-0.07546133969578361,1.5933077962547393,0.35452284597261524,-0.7848207026180125,0.10901061945972781,-0.0052107597040024186,0.2909201075607231,0.7626401075935709,-1.85133798686084,-1.592872065108806,0.5738579727592754,-0.3040534310604773,0.5034643620605421,0.2879815338437111,0.08014878545804377,-0.0423289389126401,0.15732544345452057,1.0276167615398821,1.1827648637121608,0.40975308478573785,1
0.7502117023761872,-1.0296772261111817,-0.15484123025532542,-0.13478617003801185,1,0,0,1,0,0,-0.6974447347149578,0.14239034285077085,-0.8478672421327675,2.181166838823338,-1.5897796604139562,-1.5761437493919417,-1.0667408827968012,0.4119710088952986,0.3742362399657526,-0.5094793151274057,0.36146024349310985,-0.4161468093902491,-0.13201383904973116,-0.7945953366560748,0.16288012736552576,0.3510605168036091,0.6329505423983423,1.632738490444971,1.339121780472951,-1.8956992922180405,0.689378866925752,-0.4022734025990416,-0.1588115137809827,1.3158966089313608,1.1241353297530399,1.8956992922180405,-1.3391217804729518,-0.7317251853070371,0.19081952690966666,0.1272058382545045,0.29196075167320634,0.5469443110925782,0.8571550890128092,-0.7910682597479163,-1.3160312189511594,0.5738579727592754,0.77843026520473,-0.2553016945782196,0.44307621281837667,0.28760912732185256,0.8207498999385615,0.6014499566897238,-0.37174181903963527,-1.0996718489615938,0.6571863078002155,1
0.030604356373531493,-1.0296772261111817,1.4383931084795292,-0.13478617003801185,1,0,0,0,1,0,-0.5586364276695006,-0.12508681319369488,-0.38731271110714993,-0.2665211954025125,0.33092216319975737,0.1097727111454433,1.065989521482698,0.3207993601199632,-0.2763493878723309,0.4170748297558707,0.6427243360139646,1.2506937697254077,-0.3025342646824873,0.5624101455016445,-0.5370818931426424,0.8402076935021708,0.6072123265558039,1.3526249529249816,1.8586269233961765,-0.13756642077256032,-0.9203307879751789,-0.9783440397051223,1.2221065736293912,0.03866016123755208,0.48500188458357407,0.13756642077256032,-1.8586269233961772,0.911573118423719,-0.18442671521636386,1.2280165753384769,1.5452492996553449,1.7758604880454831,0.9201650766256344,0.35076067714292497,-0.4301405112466897,1.0079356506638961,-0.8314172830871166,-0.8623145398892288,0.2606118846128881,0.8710913388138142,0.8376730144258402,-0.5088613263982832,-0.12479618717266176,-0.2089648391376897,0.47161139053935697,1
0.7502117023761872,-0.9266061622253344,-0.15484123025532542,-0.8681093238500562,1,0,0,1,0,0,-0.6974447347149578,0.14239034285077085,-0.6943490651242283,0.12985381723217018,0.09866791162471487,0.009154354747323507,-0.4867525720294314,0.331481145318702,0.9336967982739532,0.3389212936689834,0.6709564086855735,0.8447306760062986,-0.5875003683975992,-0.6735114751145355,0.3447356180973226,0.4519979649939681,0.8117479581562339,1.6297321612819315,0.9750700921945687,0.1850492459657866,0.0038765700875018844,-0.10961970038184228,-0.8221804379670239,0.34705457751994784,0.7188400618363068,-0.1850492459657866,-0.9750700921945695,-0.5924626171942612,0.41596727218528484,0.2727675886127153,0.47284775859846334,0.8029685146244333,0.7311351137871589,-0.9541866793037505,-1.3713993881826885,0.6978801664463103,-0.3040534310604773,-0.482931511569848,-1.1991027410310207,-1.3720736075886157,-1.176177609560296,0.15732544345452057,-1.1948939252628807,-1.266679413303576,-1.198562864808365,0
-0.6376024649146498,0.026801178718756015,-0.4445202009343899,1.478524768348486,1,0,0,1,0,0,-0.7983962307480176,1.7094575940243255,-0.579210432367824,-0.12185878203219036,1.3002712888661887,1.4088674904189455,0.04307727262104387,-0.13454815058268355,-0.6337394468736233,0.3930300229344142,0.05457760628156216,-1.9036836778844388,-0.8601492162780819,0.4632384687079559,-0.8793252674475214,0.08094174821871787,0.9850812148816522,1.4709922836509046,-0.5252107151899527,-2.075499892960316,0.4029624235639608,-0.6962171904192596,0.9476817052407593,0.4458314653542207,1.3651840984115926,2.075499892960316,0.525210715189952,0.6887530094432773,-0.6347222057676005,0.855014590045561,0.7700192699756713,1.178470679804488,1.2667200084961745,-1.5251011477491712,-1.5375038958772762,1.2559800380379649,0.6674062963570164,-0.4070549059059717,1.0178388466656656,1.4156747362063122,1.548443822891536,0.8552353928241243,0.4514102871836102,-0.4316415915936655,0.7190446135538346,1
-0.9203053508442651,-0.6431607365392533,-0.8790386569529866,-0.4281154315628296,1,0,0,1,0,0,-0.6722068607066928,0.12785354089183248,-0.822280879298011,1.703780874701275,-0.9765561738802919,-1.218389593309738,-0.12961587802933874,0.9265909557769824,-0.7186056422623593,-0.19937059498980184,-0.5736668708031909,-0.5409498447705902,0.4987399883063374,0.06692220218353793,0.07959775310044505,-0.8269369004656327,0.4771959733566187,0.6787086206632038,-0.65872285032305,-0.08447776675232606,0.24710190950164337,-1.1920358842843415,0.15136615092686614,0.7425161701009698,1.4084218960961477,0.08447776675232606,0.6587228503230493,-0.3139374809687093,-0.40957446049198204,-1.4284853686988783,-1.5556708190633497,-1.3305665148076924,-0.15100471279239655,-1.6066603575270884,-1.592872065108806,-1.4725082230767892,0.6118943119331598,-0.8623145398892288,1.4101371523074657,1.2860120225414318,1.5653669373788135,1.8069307783281299,-1.1125787146405561,-1.266679413303576,1.708777505611744,1
-0.6376024649146498,0.5936920300909173,-0.4445202009343899,0.5985369837740325,1,0,0,1,0,0,-0.81101516775215,1.776326883035442,-0.15703544559434116,-0.43722284317949267,2.1703529660556184,1.7040146691867637,-0.6351310328391906,-3.6328996823487714,-0.19125006304473832,-0.14635664561993603,0.9426276156489776,0.17445801797416072,-1.3146101314314753,0.08975794950372537,-1.2700309521556656,0.47434146641938774,0.4612416000872998,1.2763192292661862,0.3041828515459622,-0.06374491962016399,0.9728502475249536,3.713979697573858,0.7381126715320486,0.6550776612485847,0.020615245556764788,0.06374491962016399,-0.3041828515459622,0.577342954953057,-0.8598699510432187,1.9194348895399813,1.9328643144951818,2.083089532283709,1.8968198846244282,-0.6279498401920818,-0.8177176958673952,2.1241353938472036,1.0004782029001573,3.6902817999433415,0.2879815338437111,0.6376984542170299,0.8884423578876751,-1.016432198667086,0.4514102871836102,0.45906541823023866,0.34789477903211874,0
-1.7941142709903475,0.8771374557769975,1.0038746524609323,0.5985369837740325,1,0,0,1,0,0,-0.11697363252486404,-0.449548232917199,-0.041896812837936774,-0.4846721147649583,0.06494946189827017,0.028830833331844715,-0.4536655150050371,-1.0825826127295919,1.710831084976243,-0.7279551266584166,0.38366666751080986,1.1700227438125004,0.2985180245020683,-0.025221661647776998,-0.02425462079559096,1.7232429127536977,-0.18627803502892093,0.2152968086443817,0.30418285154596364,1.2940866261665431,0.6056317549169252,1.4615808639603196,-0.6070704679386351,0.7987103015208831,-0.2885900286916555,-1.2940866261665431,-0.30418285154596436,0.02029268250195297,0.04072103005925432,0.20908432283099887,1.093031782342202,0.9565830367435462,-1.0961545269847772,-0.05703537174666111,-0.2086678343205727,0.38782468222872474,0.77843026520473,1.717490052682561,0.6985262723060605,0.2487103132223888,0.5669031826293847,0.15732544345452057,-0.9479482933959068,-0.48731077970765985,0.7190446135538346,1
0.33900750466038404,-1.0296772261111817,-0.15484123025532542,-0.13478617003801185,1,0,0,0,1,0,0.13540510755778543,-0.5414208212976894,-0.4128990739419065,-0.25494820233288673,-0.530323446321007,-0.2193611124501841,1.3287411811404142,0.2690727261783575,-0.37904992271845245,0.5264195711687526,0.27014030935112204,0.4244971600968968,0.14266678196017513,0.7215469586955745,-0.39846038406785916,0.29504464949575393,0.6787826285039235,0.9094816554697435,0.9704170281043213,-0.3834842964864804,-1.1266857381223108,-0.7684796265710457,0.8146653613494111,-0.03808964379822662,0.5367361877866963,0.3834842964864804,-0.970417028104322,0.438080386840281,-0.5596729573423944,-0.6733837887156574,-0.43158727602782254,-0.15285517856115927,-0.40304466324369825,-0.05703537174666111,-0.4855086804782194,-0.6043528672675491,-1.053465220782544,-0.7105613285614767,0.041654690766301246,0.45617065508619664,0.4145951522438788,-0.15990635171348128,-0.12479618717266176,-0.32030321536567735,0.16231986177126023,0
-0.7661037767008384,0.8771374557769975,-0.4445202009343899,0.3052077222492148,1,0,0,1,0,0,-0.5333985536612357,-0.15997513789514695,-0.20820817126385424,-0.4082903605054282,0.4848907830678219,0.1925033597394529,0.970712889759485,-0.9903203310475679,0.7499071610741173,1.215761068440638,1.5760325947514107,1.4220314592111243,-0.5014188419723603,1.0929697941775014,0.5788488745472858,0.46006085796197804,0.8859436577011477,0.5573830913347675,0.7520553775833569,1.1936019387174324,-0.2577173627104125,1.9391238289427983,-0.5628314170751391,-0.7639282036172357,-1.5047434580213832,-1.1936019387174324,-0.7520553775833577,0.8280155775560533,0.340918023760079,-0.4823339913705056,-0.18609776662925942,0.17144214591252482,-0.8756195703398886,0.35076067714292497,0.012804842605544792,-0.4183195767369984,-0.05424950115312168,2.3245028979935705,0.9083602497423721,0.4432043837197094,0.09305597698558829,0.15732544345452057,0.4514102871836102,1.2941032399401495,0.6571863078002155,1
-0.48340089077122306,-0.2566442469673251,-0.15484123025532542,-1.6014324776621007,1,0,0,1,0,0,-0.6848257977108253,0.14529770324255853,-0.08027635709007157,-0.46210477827918806,1.059037099627926,0.46886844531295524,0.8566371660400366,-0.6938133468290499,-0.09183507868904975,0.7541905577165104,0.4442849250951501,1.5514251874438294,0.24399594842343114,-0.05609371395654901,-0.06980833022828481,0.6348419334784644,0.5296924827928885,0.6749238015924657,0.8222348332302418,1.300476421676128,-1.24722301029272,0.8823481396831179,0.7634965482844682,-0.49362878844256314,0.08133956708958763,-1.300476421676128,-0.8222348332302425,-0.09111737198826762,-0.10937746679115769,-0.12752722487236504,0.21443774870523882,0.4274663494443799,-0.43454965705011084,0.10608304780917345,-0.26403600355210183,0.015758101167622184,-1.1089772052064004,1.1104772073715516,0.6620334066649622,0.9877877811122063,0.7022880985276131,0.2207718024881207,-0.7833178721512579,-0.26463402725168356,0.7809029193074537,0
-0.894605088487027,-1.2100515879114147,-2.617112481027373,-0.8681093238500562,1,0,0,1,0,0,-0.1800683175455264,-0.4140784361373894,-0.016310450003180245,-0.4950878085276215,0.14564055445051116,0.06415905624496233,-1.2109248678819178,-1.6065155404445535,1.0140601316072086,-1.0775052679381054,-0.2731026744845034,-0.6533720068555243,-0.5253544653085696,-1.7935537400872419,-0.27432005097131573,-0.3392912091396582,-2.0856746626936142,-1.9570734391132565,-1.5860629517126332,0.681916434628741,-0.10827725832662646,1.930185191409402,-1.7272091151884417,-0.612479191017631,-1.5556544475604877,-0.681916434628741,1.5860629517126332,-1.6787106484739132,-0.18442671521636386,0.2545723698179399,0.03355074177998182,-0.801449827508525,0.1010352376589052,-0.05703537174666111,0.8986955503100138,-0.046252995675895824,0.16779843654230542,2.476256109321323,1.1911799584608802,-0.02358138547386016,-0.2623294272472596,1.331083085576127,1.7684536571408034,2.5188253784480175,1.275769365336409,1
-0.09789695541265715,1.5213316050635446,-1.8929150543297122,1.0385308760612593,1,0,0,0,1,0,-0.5207796166571032,-0.18614138142123599,6.09883026750363,-0.7901991318030787,2.0162420006020776,0.46752686722764697,-0.937063129904933,-2.156889660199034,0.6954027500728616,-0.7296613233840483,0.8142137265097922,0.08955890494824977,-0.48968547355579556,-0.08497119835089534,-0.9906727691065016,-0.5964380695921753,-0.107580486646144,0.38636378875492094,0.3758588387947461,-0.2506245554141756,1.2181068725714566,1.967964515790881,-1.5500015951516126,0.8790504050622578,-0.6813086812560379,0.2506245554141756,-0.37585883879474674,0.0759977097470634,-0.7848207026180125,0.6821600114951846,0.24027874969456073,0.18851042614798086,1.550264952753888,0.758556726032511,0.6218547041523672,0.8839134569768611,0.77843026520473,1.33810702436318,-0.8615437338508666,-1.436904964421056,-1.0746389226366257,-0.4771381468814831,0.28677986593896093,0.18071947766026855,-1.0748462533011267,1
0.9815140635913272,0.5421564981479937,-1.6032360836506476,-0.8681093238500562,0,1,0,1,0,0,-0.356733435603381,-0.2716177769397935,-0.5664172509504457,-0.15368451297366123,-0.34181563391063907,-0.09012242356548801,-0.7030931020113281,-0.6639992734295168,0.5659910804528083,0.10905571250536858,0.6951882603868064,1.8992723891954155,0.44164002455451506,-0.8549793979199412,-1.3138619347810727,0.5271530159658743,0.005967604474013522,0.5918996966893479,0.2600885100232926,2.3324283964740244,0.12338273304389664,-0.40483820276957516,-0.24399082518977339,-0.141409857463295,-0.3259039361295807,-2.3324283964740244,-0.2600885100232933,-0.6203151308168162,-1.009968447893631,1.3098950599149712,1.428964795203394,1.3662217623945152,1.0146800580448727,0.5954383064766764,0.5111183656893089,1.6280466190990672,0.22331042096616224,-0.2553016945782196,0.4521994292286506,0.2487103132223888,0.17767154942198057,0.31594134103852145,-1.3595243465075295,-0.48731077970765985,0.8427612250610729,0
-0.09789695541265715,-1.158516055968491,-0.4445202009343899,0.5985369837740325,1,0,0,1,0,0,-0.2810198135785862,-0.32743909646211683,0.39307135535292426,-0.5876717530846277,0.5158337870261283,0.2023415990317135,-1.3119425613387652,-1.0398504018589139,0.99253931480384,-0.0800627724825524,0.6357753251161716,1.3751546260481446,-0.06436332037310985,-1.2330605448067928,-0.1197399286194465,1.3857716675399487,-0.39975129599626835,0.3709994877744845,1.9330196617745496,-0.04159846927444326,0.5922285001027833,1.3072744782320849,0.03573238896678282,-0.28822690180303945,-0.4643302697403118,0.04159846927444326,-1.9330196617745503,-1.2052179168904753,-0.25947596364157,-0.46413877257572894,0.279040251178545,0.10316902497069583,-0.8756195703398886,1.0032343553662626,0.12354118106860354,-0.6043528672675491,1.225610139730243,2.265487760255,2.132898630143653,1.82915472311543,1.5710079755412405,1.1513184016475928,1.439192814651505,1.560078249818122,1.8118746818677758,1
0.9044132765196139,0.026801178718756015,-0.4445202009343899,1.478524768348486,1,0,0,1,0,0,-0.15483044353726144,-0.4193116848426072,-0.5024513438635544,-0.20286973351957077,-0.44364294265511894,-0.16569798903785354,-0.45608141349620196,-0.5298669927490629,-0.006096439208500709,-0.370466616389029,-0.6153516494447806,-1.1094140355856033,-0.13140578047224002,-0.19635467536735163,-1.1737258201245886,0.8892015165902724,-0.07953006887930804,0.49195224099687873,0.633698674005907,-2.141603054997918,0.4379970296685745,-0.4485536841359696,0.9018958065358181,0.421615843315475,1.2802828943181512,2.141603054997918,-0.6336986740059076,0.38237535959517033,-0.6347222057676005,2.547169937959767,2.7726968466481625,2.5951379393474188,1.424244977528238,0.5138790966987595,0.2342775195316623,2.3721797812212735,0.8339422496285867,-0.02767187758659086,1.446630017948564,1.7787303344679768,1.8869061126371052,1.1407440084753266,0.8629863402952329,-0.09762646290970158,1.0283361423219313,0
1.3927182613071303,-0.17934094905293926,-0.4445202009343899,-0.13478617003801185,1,0,0,1,0,0,-0.36935237260751347,-0.2628956957644305,0.13720772700535894,-0.5373292332317556,0.4796371465833391,0.2130742237141796,-0.40667548240373014,0.19913561047102377,-0.5241780586564002,-1.3539576243826816,-1.4081813870118456,-0.6637228062088585,1.5760378638460537,0.0912742431257861,-0.3187692043650131,-0.21979048080579505,-0.5691238070769333,-0.6769336350968156,-0.1934532884955867,-0.7133741297612556,0.6566923061409532,-0.5926558660162138,0.49570072955555244,1.2647759755853938,1.1698108299267274,0.7133741297612556,0.19345328849558602,-0.09111737198826762,-0.4846237089171882,-0.646090960523493,-0.6512357844370638,-0.8185181077439823,-0.49755964466293656,0.2692014673650073,0.40038202722625016,-0.790386157798101,0.6951622885689447,-0.482931511569848,0.2879815338437111,0.5080357405521495,1.0238272737859035,-0.09645999267988113,-0.7010026615289333,-1.0440026608476,0.47161139053935697,1
1.726821671951222,1.2636539453489257,2.1625905351771904,0.3052077222492148,1,0,0,1,0,0,0.7032572727437467,-0.6274786888946045,0.5593827137788417,-0.6027166440751413,-0.07350114018052373,-0.016782821568636263,1.277445688661347,3.850127314824178,-0.926195371423789,0.690742004252966,-0.3023404014841056,0.1302752247733259,0.3293542679145973,1.427887070972062,4.53865723346006,-0.9670645044424598,0.8233299769907534,-0.44257683080857,-0.09305301462755473,0.26996871572628706,-0.3495913895244423,-0.7376933860296817,0.2943335368455326,-0.11674797328299832,-0.039032805351871154,-0.26996871572628706,0.09305301462755473,1.6357384726101538,4.843872929272444,0.7185504490847379,0.05939174276930372,0.39332978897346543,0.3845801819166189,0.2692014673650073,0.34501385799472056,0.139780294854656,-0.22078545442469194,-0.5588081172337243,0.561678026151944,0.6376984542170299,0.549980068142106,0.15732544345452057,0.03983423407198747,0.18071947766026855,0.7190446135538346,1
-1.1259074497021662,-0.978141694168258,-1.6032360836506476,-1.161438585374874,1,0,0,1,0,0,-0.785777293743885,1.0669309474392503,-0.1826218084290977,-0.4140768570402411,1.6896865873104394,1.1405518733572928,0.5579503566484451,0.2328995832551362,-1.6579877003323475,0.6199549898320228,0.8987189340612232,0.9318227097278119,-0.5544847884467358,-0.5739577640672133,-1.1245485189112527,1.0587349872016838,-0.5727858766869112,0.7170178140066387,1.2994551316290601,-0.01788874008079301,-1.3493353880551973,-1.4462100067851251,3.3304512873958343,-1.405483865534313,-0.4683502907226514,0.01788874008079301,-1.2994551316290608,-0.5089050763265954,-1.009968447893631,0.19998671343360988,0.7312577684916879,0.4445346296798359,0.3215701943037938,0.18764225758709038,-0.3747723420151606,0.20179139169817292,-1.1644891896302574,-1.1658209625447336,1.2641656897430753,3.0753574711167806,2.0561372575098895,-1.6191726094862895,0.7806711296729086,0.848749735028197,1.0901944480755505,1
-0.7661037767008384,-1.0296772261111817,-0.4445202009343899,-0.13478617003801185,1,0,0,0,1,0,-0.5333985536612357,-0.15997513789514695,-0.4128990739419065,-0.25494820233288673,0.23706419763078931,0.07399729553722294,1.5400585382051126,0.8304473425115535,-0.348502247804106,0.5950476917267956,0.13878676044038007,-0.14912123449655879,0.3022859680387438,1.053195163260958,0.4842506480650746,0.5868962067310326,0.6003630716122551,0.47635469449747164,0.3871222082195544,-0.5873266710771624,-1.0891486888454687,-0.6547033707391334,1.0661883353529051,-0.208561297390735,0.28463805847059187,0.5873266710771624,-0.3871222082195551,0.8001630639334981,0.26586877533487285,-0.46413877257572894,-0.10857476366129187,0.13730558544161034,-0.844114576533476,0.18764225758709038,0.012804842605544792,-0.35630847989348147,-0.9979532363586869,-0.5588081172337243,0.22411901897178985,0.754394896515422,0.6176725260912207,-0.3819686083310823,0.12214944469431245,-0.15329565102369538,0.10046155601764112,1
-0.25209852955608386,1.0832795835486928,-1.6032360836506476,-0.8681093238500562,1,0,0,1,0,0,-0.06649788450833415,-0.466992395267925,-0.3233468040202586,-0.315706415948422,-0.2569718065016662,-0.11516521449124227,-0.24530246464483363,0.6756082273702978,-0.6464812809616214,0.40931142702660556,0.03818106800622743,-0.42221426785068505,-0.4017388884914605,-1.3219565006607485,0.3780106441737446,0.9209927283732939,-0.7495719724978094,-0.14278118994509728,-1.3422252734671216,0.7553527801229527,-0.9797843109091818,-0.5486107295704064,1.8092704401406847,-1.2962160681732142,-0.18903530024045775,-0.7553527801229527,1.342225273467121,-1.17736540326792,0.641115017460903,0.7913313242638433,1.1963957862994923,0.785900234388976,0.1325402314653172,-0.709509049969999,-0.1532996650890431,0.8219023601333442,-0.9424412519348303,-0.5588081172337243,-0.1681792866700104,0.7673611678819103,0.1438253204474232,-0.826093121566285,-0.37174181903963527,-0.04195727479570725,-0.1469716669968365,1
-0.894605088487027,-0.10203765113855341,-2.617112481027373,-1.8947617391869185,1,0,0,1,0,0,-0.1800683175455264,-0.4140784361373894,-0.5408308881156891,-0.18261699564772566,-0.49340103165094684,-0.17732499911052518,-1.3803755178850534,0.7243659611965035,0.08592514886666751,-1.4635334390337784,-1.997337453156191,-1.6845017868778722,0.6104657114799388,-1.7334904753578886,-0.17298795126243346,-0.2750217052261412,-1.8621856391372653,-1.7485485038407762,-1.597201900196122,-0.7133741297612541,0.1873625018026213,-1.1675105465663744,-0.39383284777039046,0.13062785376771863,0.8895192239828315,0.7133741297612541,1.5972019001961206,-1.6230056212288029,-0.10937746679115769,0.1817914946388332,0.007709740790658993,-0.7331767065666972,0.038025250046078915,-0.30171300108041293,0.5664865349208381,-0.23228628620644656,0.16779843654230542,-1.0899443568808573,0.014285041535478216,-0.1921429132382052,-0.1269445113490324,1.1407440084753266,0.4514102871836102,0.1250502895462747,0.47161139053935697,0
-0.09789695541265715,0.5421564981479937,-0.4445202009343899,-0.8681093238500562,1,0,0,1,0,0,-0.2810198135785862,-0.32743909646211683,-0.5664172509504457,-0.15368451297366123,-0.4383213521742861,-0.13305292229535245,-0.8685413915052839,0.1395293298421927,1.292744968891529,-0.40056979708798834,0.4883071255804626,2.9700433492419367,0.9219262758170017,-0.9560919840389569,-0.2397130141418701,1.4206760535434197,-0.35779095964442964,0.5144579277390305,1.8905440679225438,2.1757663048135973,0.25241210236630374,-0.43164761934009654,-0.3395832553526978,0.1863645623036161,-0.13255514324084294,-2.1757663048135982,-1.8905440679225447,-0.9823978079100336,-0.40957446049198204,-0.6187981323313287,0.14983524623193267,7.593435579547688e-4,-0.9071245641463012,0.9216751455883455,0.06817301183707392,-0.6043528672675491,0.22331042096616224,-0.4070549059059717,-0.0039613912850709025,-0.17917664187171697,-0.093098282374475,0.030432725387320277,-1.4418395571298541,-0.7099875321636356,0.2860364732784985,1
0.030604356373531493,0.5163887321765315,1.4383931084795292,0.5985369837740325,1,0,0,1,0,0,-0.48292280564470574,-0.20649290416374969,0.022069094248954552,-0.5083967505576912,0.5824015048205006,0.2340922803840091,0.1921262667285003,-0.4512680090256883,1.4882358141785503,-0.4549492758732025,0.306450780155803,0.3494401752516111,-0.46819922807402925,0.581275152334433,-0.24166546878713321,1.0229806302094755,0.5732865869134297,1.3179011490416948,2.0646375835209034,-1.571087696275664,0.3136470324984902,0.3772843430269458,-1.0064713366923383,1.183068286946428,0.8882729404690454,1.571087696275664,-2.0646375835209043,0.911573118423719,0.11577027848446049,1.1643333095567605,1.5969313016339897,1.8099970485163963,0.6681251261743327,0.4323198869208419,-0.4301405112466897,0.8219023601333442,0.16779843654230542,0.19995793940503753,-0.39625969692687113,-0.8274902101961188,-0.36386811417093057,0.6331731362065233,0.36909507656128593,-0.32030321536567735,-0.3944048900113141,1
1.726821671951222,-1.132748289997029,2.1625905351771904,-1.6014324776621007,1,0,0,1,0,0,0.7032572727437467,-0.6274786888946045,-0.8094876978806327,1.0643730076044513,-2.261111382605739,-1.3051449761596723,1.6807849218803592,3.985640971819327,-1.4266546225436936,1.2221866627242122,-0.6215110729583023,-1.313751108358172,0.2330066988019429,1.744635186210764,4.383744187520414,-0.8884468758358548,1.3011189423526446,0.05302127791221605,-0.2763926451691775,-1.5176769613645098,-0.5939534270637392,-1.0788786217827384,1.0574812335050368,-0.3609280616177176,0.8597597920771708,1.5176769613645098,0.2763926451691768,1.8028535543454847,4.393577438721207,0.381938901381374,-0.1602567656399366,0.3591932285025509,0.2270552128845555,-0.30171300108041293,-0.2086678343205727,0.07776919801113909,-0.49834537654397587,-0.9381911455531051,0.3700904815361815,0.8840576101803024,0.6684418695530556,0.4428340591057229,0.28677986593896093,-0.3759724034796717,0.40975308478573785,1
-0.7661037767008384,-1.8027102052550381,-0.4445202009343899,1.0385308760612593,1,0,0,1,0,0,-0.5333985536612357,-0.15997513789514695,-0.13144908275958464,-0.4447452886747494,0.5581080779839983,0.22067649953092644,0.29471488369762144,0.6848308807105589,-1.0127861980525672,-0.02881137801136775,-0.5973275610675484,-0.14423627030561068,1.0242027745717057,0.7105482026651091,0.695478507349001,0.3410524358181307,0.14959365192804366,-0.25828815724026843,0.5209310369862826,-0.7133741297612556,0.300163172031619,-0.24323677457201703,1.7272374683020333,0.18725681746107717,0.5243869702469873,0.7133741297612556,-0.5209310369862833,0.4102278732177254,0.340918023760079,-0.7279694450999874,-0.4574282770171454,-0.3747428216220998,-1.1276595207911904,0.5138790966987595,0.2896456887631914,-0.790386157798101,0.3898463742377325,-0.1035484832504671,0.42482977999782756,1.298978293907919,1.3115202200696365,-0.9847090191502859,-0.04248097655033679,-0.3759724034796717,0.5334696962929761,0
-0.25209852955608386,-0.10203765113855341,-1.6032360836506476,-1.8947617391869185,1,0,0,1,0,0,-0.06649788450833415,-0.466992395267925,-0.5408308881156891,-0.18261699564772566,-0.5984819101348559,-0.21801953436487584,-1.4519867220316598,0.9189031909402516,1.0349188286163256,-0.9609826479952601,-1.1178459907733114,-1.362560742370924,-0.07664914306941652,-1.3810987917586681,0.18422532246477277,1.1670232727157128,-0.9016230818919807,-0.26353712257993417,-0.9609518129377761,-0.9053100327574869,0.6390452425262554,-1.076670583619884,-0.24202286692058367,0.404191545899738,1.1959618287308311,0.9053100327574869,0.9609518129377754,-1.2609229441355856,0.340918023760079,0.5002078235474204,1.06719078135288,0.59814915179895,-0.2770246880180474,-0.5463906304141645,-0.1532996650890431,0.2638024885416898,0.44535835866158957,-1.0899443568808573,-0.42362934615769415,-0.47740088330094144,-0.29617565622181696,0.728342674756924,0.2044646553166367,-0.2089648391376897,-0.08511336124321738,0
0.030604356373531493,-0.10203765113855341,1.4383931084795292,-0.4281154315628296,1,0,0,1,0,0,-0.48292280564470574,-0.20649290416374969,-0.2977604411855021,-0.3232288614436788,0.2862315061001322,0.0909906179511276,0.9789526643099384,0.007733543746292345,-0.20518092031787985,0.5402041516071452,0.45988362681156575,-0.03843960192629419,-0.8214209351144445,0.7129498297730272,-0.37932117104021995,0.9071767272705277,0.5210507868654468,1.3658727056902753,1.8657307392625473,-1.9028360638224084,-0.6488864405954637,-0.3906101536249852,1.1921143147928832,-0.2131159167945088,0.7356376134563001,1.9028360638224084,-1.865730739262548,1.050835686536495,-0.03432821836595151,1.1552357001593716,1.519408298666023,1.7075873671036554,0.8886600828192224,0.10608304780917345,-0.6516131881728072,0.8839134569768611,-0.6371253376036178,-0.4070549059059717,-0.14080963743918734,0.4821031978191731,0.36382580878204385,-0.28679906978068154,0.9453015509175579,0.06938110143228039,-0.08511336124321738,0
1.726821671951222,1.3924927752062353,2.1625905351771904,-0.4281154315628296,1,0,0,1,0,0,0.7032572727437467,-0.6274786888946045,-0.38731271110714993,-0.25899874990725574,-0.7966925147070403,-0.2824152824596725,1.153460074609655,3.0094566915403362,-0.4426462676945238,1.288533117937063,0.5386398181374782,0.5638514270519724,-0.26581913957987147,1.7870464253545681,4.013817296294231,-0.883093024260478,1.6226813181232478,0.27270218162368765,0.004530982273630621,0.7645323233097284,0.18168142001233983,-0.10961970038184228,-0.28231104753902364,-0.13170209495204432,-0.4340175408008578,-0.7645323233097284,-0.00453098227363133,1.6635909862327087,3.7181342028943525,-1.6069330893092284e-4,-0.4574282770171454,0.17144214591252482,-0.05648973137315825,-0.38327221085833024,-0.4301405112466897,-0.29429738304996345,-0.16527347000083534,-0.482931511569848,-1.1991027410310207,-1.1386807229918314,-1.1084851516111824,-0.9212626601166852,-0.7833178721512579,-0.5429799678216537,-1.198562864808365,0
-1.7941142709903475,-0.10203765113855341,1.0038746524609323,-1.8947617391869185,1,0,0,1,0,0,-0.11697363252486404,-0.449548232917199,-0.5408308881156891,-0.18261699564772566,-0.5538358442059471,-0.2046037535117932,-0.2510693118014262,0.4073935356888178,1.1771274926856632,-0.17898233574971867,-0.4423911976541257,-0.01578638097265208,-0.3335699854593868,0.5341888387283363,-0.33098786430713667,1.4007697125896152,0.32560596498445704,0.5675818083648835,0.8285736227725414,-0.8432999717894734,0.8828731832668439,-0.8907367894301387,-0.201534245069269,0.5646588898090303,1.1292633885192784,0.8432999717894734,-0.8285736227725421,0.6330479821981672,-0.18442671521636386,0.4456221671630917,1.1447137843208466,1.2467438007463156,-0.7495995951142377,-0.05703537174666111,-0.4301405112466897,0.5118468759157585,0.6396503041450882,-0.9381911455531051,-0.47836864461934153,-0.5033334260339178,-0.2623294272472596,0.47455723862252236,0.12214944469431245,-0.26463402725168356,-0.1469716669968365,1
-0.35489957898503444,0.43908543426214564,-1.6032360836506476,-0.4281154315628296,1,0,0,1,0,0,1.2584905009255756,-0.6879517850437881,0.11162136417060241,-0.5321213863504239,-0.525581933690697,-0.1178483706618588,-0.6572238851582484,-0.8342464819601659,1.0880372513755674,0.035890970956648116,0.40668380698659945,0.8193548679977324,-0.1415068050393944,-1.1491169000084573,-0.09316792598725632,0.5019101090740432,-1.2511059934957147,-0.8371221561008586,-0.5029586926677684,1.6163306238481745,-0.23429825594122758,1.0516958946272683,-0.9830121165010653,-1.2890616731144393,-1.345995719639943,-1.6163306238481738,0.5029586926677676,-1.038102835155144,0.04072103005925432,0.41832933897092733,0.6278937645343975,0.0519641842643253,-0.024984737566746233,0.35076067714292497,0.6772228733838963,0.139780294854656,-0.16527347000083534,1.1104772073715516,0.2879815338437111,-0.2829068128036209,-0.7530997473783346,0.664896315723324,-0.04248097655033679,0.9600881112561845,0.2860364732784985,0
1.6497208848795075,0.8513696898055362,0.5693561964423357,-0.8681093238500562,0,1,0,1,0,0,0.816827705780939,-0.6484116837154758,0.3035190854312764,-0.5668403655593013,-0.2511352386874248,-0.060607705688706215,2.373845902063073,1.2194358200791002,0.10482154858643031,1.6162448870786312,1.4908844894116973,0.5630448270697166,-1.4223622634178517,2.217892660844277,1.3484693787337638,0.0931954156454668,1.490763019658005,1.627706614980136,0.6109019818860374,0.16204084244106823,-1.0847982985515967,-0.32284691111903213,-0.049642163468241594,-0.7052274794560023,-0.34908415159963996,-0.16204084244106823,-0.6109019818860381,2.9448066128702477,2.067050737539819,1.664701826413112,1.4677262966873774,2.1342943729900803,1.6132749403667133,-0.6279498401920818,-0.9284540343304539,2.1241353938472036,-0.9701972441467586,-0.17942508891434333,0.4339529964081015,0.3394742127878045,0.025363519036474696,0.5380035976561225,0.5337254978059351,0.6817421706862145,0.6571863078002155,1
-0.38059984134227254,-1.3646581837401863,3.176466932553916,-0.13478617003801185,1,0,0,1,0,0,0.04707254852885811,-0.5245581310253209,0.08603500133584588,-0.5292281380830175,0.025280387290095564,0.00557681318650147,1.9779204903295176,0.5059199156953864,1.6474757100762976,2.017553473272813,2.068181794871198,1.3990778612332295,-1.573004682350529,3.00296848581045,1.268914017617342,0.9419029262396725,2.5844034616407447,2.3337495268347457,2.1450319874720183,-0.21924127311138097,0.2501841383969793,0.576779245559725,-1.3056328823383383,-0.16293434768980547,-0.41028543906573833,0.21924127311138167,-2.145031987472019,3.2790367763409094,1.5417059985633763,0.764038496071679,1.183475285804831,2.356182016051021,-0.2140147004052217,-0.8726274695258333,-1.592872065108806,0.8839134569768611,0.8339422496285867,1.413983630027056,2.1947337635910675,0.9877877811122063,0.854596128913119,2.6951798047985354,1.3568776040291806,1.3497724280541432,2.079927340133461,0
1.1614159000919912,-0.3854830768246345,-0.15484123025532542,1.478524768348486,1,0,0,1,0,0,-0.016022136491804253,-0.5012992478910195,0.43145089960505906,-0.592300950312478,0.27882465262591477,0.07220852475681191,-0.501245914869112,0.06467874245170885,-2.229541972745177,-0.1493549851835936,-0.44922219862943247,0.04173148605235141,0.27626978395896595,0.5883757459737629,-0.2336578525132592,-0.7856959884235163,-0.14261428966951503,-0.26878282058978836,0.03622492998512883,0.020989325180847843,1.2848927590609984,-0.32284691111903213,2.258309870707508,0.06035506102359593,0.3215967493340801,-0.020989325180847843,-0.036224929985129536,0.8280155775560533,0.04072103005925432,0.8823074182377254,0.29196075167320634,0.22264698661889537,1.2352150146897614,0.4323198869208419,0.4557501964577793,0.8219023601333442,1.3613061016552261,-0.17942508891434333,0.4339529964081015,1.5972025353371444,1.5315207084042572,-1.5874494299694895,-0.04248097655033679,-0.04195727479570725,0.5953280020465953,0
-1.7941142709903475,-0.7462318004251005,1.0038746524609323,-0.13478617003801185,1,0,0,1,0,0,-0.24316300256618875,-0.36872361402550174,-0.11865590134220637,-0.4545823327839313,0.12713268758591553,0.06773659780578437,0.2928350070313063,0.03457461135169476,2.0414979654569363,-0.6276277580686581,0.15550054083182507,1.304049197863904,0.1890200004376382,0.9533466804980438,-0.35444518928135005,0.9813655800792642,0.20831545487597478,0.386501126078813,0.4884925330428311,1.2940866261665431,0.5453785645408706,-0.4025301488276226,-1.804618343922402,1.054446649116408,0.17518480440540235,-1.2940866261665431,-0.4884925330428318,1.07868820015905,-0.18442671521636386,0.527500651739586,0.9896677783849125,1.0419244379208312,-0.37153966943728567,-0.13859458152457876,-0.3747723420151606,0.5738579727592754,0.7229182807808735,-0.17942508891434333,0.7167727051266096,-0.41256952646850126,0.008440404549195996,1.7434844192945298,-0.9479482933959068,-0.48731077970765985,0.9664778365683122,1
0.2876069799459088,-0.5400896726534062,-1.8929150543297122,-1.8947617391869185,1,0,0,1,0,0,1.5992018000371522,-0.7117921402564469,0.7001077093700027,-0.6258626302143927,-0.31323139680447737,-0.0637380545544255,-0.06445829298428984,-1.6455939857081276,2.293430113537581,-1.1658355849244857,-0.07774199001405617,-0.3323528611409067,-0.10485804135772114,-1.4475120665377856,-0.43361494880125806,0.28625660094835037,-2.3575188339506146,-2.4394906162077676,-1.0035211798900818,0.5419904249708541,-1.3567061758866437,1.8242434521931692,-2.8475355180977378,-0.7627066581832724,-2.2806193838981974,-0.5419904249708541,1.0035211798900812,-1.4001855122483615,-0.5596729573423944,-0.5642124759469986,-0.3411437725651945,-1.2110885531594928,-1.1591645145976028,1.0032343553662626,1.839954427246013,-0.8523972546416179,-1.2477571662660425,1.8692432640103136,0.3062279666642602,-1.268343436656712,-1.430024326869473,1.0138512904081252,1.6861384465184783,2.2961486259920414,-0.45626319576493324,1
-1.460010860346257,-1.2873548858258006,-1.168717627632051,0.3052077222492148,1,0,0,1,0,0,0.6275436507189519,-0.6205010239543141,-0.822280879298011,1.6979943781664621,-2.4172884405358555,-1.7894546649559555,-2.732527001747839,0.007707147825322674,0.773972102729992,-1.8765831760231975,-1.5372078094962294,-1.376349346309241,0.7988018148488264,-0.913808621608143,-0.254996505637602,1.7333904491351768,-0.7062729411343763,-0.27536894266112927,0.06512235289855199,-1.9417639089371364,2.8865785053805446,-0.26602820382160053,0.683844441192388,1.8348146452364018,1.7296012622879589,1.9417639089371364,-0.0651223528985527,-0.8709877534198129,-0.25947596364157,-0.06384395909064733,0.8346217724489774,0.47867119015075044,-1.2851844898232538,-0.05703537174666111,-0.09793149585751397,-0.35630847989348147,2.6658377356158605,-0.2553016945782196,-0.013084607695344815,0.3394742127878045,1.0915197317350172,-0.3819686083310823,-0.04248097655033679,-0.8213259083916238,0.40975308478573785,0
0.05630461873076867,0.43908543426214564,0.5693561964423357,-0.4281154315628296,1,0,0,1,0,0,-0.09173575851659908,-0.4652479790328524,0.11162136417060241,-0.5321213863504239,0.15537309857985868,0.05342643156249622,1.5243326201408842,-0.7511088475389003,0.14384533669891794,2.0832669644776405,1.7560023204581088,0.7277311928848281,-1.4577692666736495,1.4467199210388881,-0.2397130141418701,-0.4854499906177392,1.3481862991179019,0.6221916716655864,0.07195265285990604,0.9211767860776201,-0.6740761157549439,0.7907812299840021,-0.6844718180669308,-1.4775208117437717,-1.6754399509046467,-0.9211767860776201,-0.07195265285990675,1.07868820015905,-0.40957446049198204,-0.6187981323313287,-0.7545997883943533,-0.23819657973844427,-0.37153966943728567,-0.709509049969999,-0.8177176958673952,-0.8523972546416179,-0.6093693453916895,0.8069707847160468,0.16937972051014377,-0.21807545597118072,-0.7700228618656133,0.12560226393772106,0.6160407084282594,1.2941032399401495,-0.2706882785040748,1
-0.6119022025574117,-1.5192647795689571,-0.15484123025532542,-0.13478617003801185,1,0,0,1,0,0,-0.36935237260751347,-0.27917691395844146,0.20117363409225028,-0.5465876276874562,0.5205370788379031,0.20770791137294656,0.35990533732412683,-0.6518814948148257,0.8193128364816922,-0.21615558456148315,0.09108749300662025,0.836961090077493,0.19643387476581697,-0.3280843270299745,-0.7146479402410431,0.06622562130908134,-0.1492138013196341,-0.006985420556223862,1.0187373090415208,0.13114384342216406,-0.8282751264851569,0.1788091913247649,-1.0534777319719135,0.14405439838534015,-0.125238105577828,-0.13114384342216406,-1.0187373090415215,-0.28608496734615396,-0.6347222057676005,0.13630344765189217,0.14983524623193267,0.08610074473523979,0.1325402314653172,0.9216751455883455,0.4557501964577793,0.015758101167622184,-0.7878007238969434,0.1457603639308401,-0.05088078996648144,-0.5829833787137729,-0.4920002667174667,0.6830238468757811,0.028074918268798287,0.09323932490970681,-0.19115617110656447,1
-1.3572098109173063,0.026801178718756015,-0.15484123025532542,-0.4281154315628296,1,0,0,1,0,0,0.097548296545388,-0.534443156357399,-0.2721740783507456,-0.3527399937712245,-0.3242605360271608,-0.1384192346365855,-0.5718504347831649,-0.52615578110757,-0.3961791244455718,-0.8731782338984483,-0.29261517478996035,-0.25615529184132946,-0.2056288576966378,0.13809616899894067,0.6267067188842428,-1.3699018738946551,0.14075379161233464,-0.006582259809906507,0.5444209881177456,-0.8893153741744672,0.9331560148752472,1.3499863551508058,-0.8350291352347168,1.3191765115882583,0.37398776276601375,0.8893153741744672,-0.5444209881177463,0.6609004958207222,1.391607501712964,2.0195085929112513,0.8087807714596554,0.8371050750953478,2.873474692623221,1.166352774922097,0.954063719541543,2.0621242970036877,0.8061862574166584,1.1863538130354276,-0.14080963743918734,-0.5422322401333817,-0.025405824425361403,0.09387908442092041,0.5337254978059351,0.1250502895462747,-0.20882997275045564,0
-0.38059984134227254,-1.3388904177687242,1.4383931084795292,-0.4281154315628296,1,0,0,1,0,0,0.43825959565696476,-0.5978236128983703,-0.5152445252809326,-0.191296740449945,-0.8797542679142543,-0.3119300003364543,1.0849050701032528,-0.21458110712570017,1.5423378353035988,0.4814133930931448,0.6127595420008611,-0.5017607177587862,-0.636441151907538,1.6911086784553622,-0.43083115447024917,2.269051284808885,0.3542914588764194,0.8139298189836458,0.2857518833962749,-0.9677470132502359,0.18114895629064007,-0.13707788904139656,0.17175022527787273,-0.29904908997014584,-0.0019733654382250725,0.9677470132502359,-0.2857518833962756,1.6914434998552643,-0.3345252120667762,0.2545723698179399,1.428964795203394,1.5369045647490853,-1.4742144526617298,-0.22015379130249568,-0.3747723420151606,0.5738579727592754,0.44535835866158957,0.19995793940503753,1.0634549287170376,1.0007540524786946,0.8038267854512828,0.8235122133073248,1.1922471827845313,0.7374113588002092,0.9664778365683122,0
-0.9974061379159777,-1.8027102052550381,1.7280720791585935,1.0385308760612593,1,0,0,1,0,0,0.11016723354952047,-0.5356061005141141,-0.2593808969333673,-0.3643129868408503,-0.3189395600553857,-0.13036976612473594,-1.0030715341235528,-0.1024522563184849,0.8534722414940389,-0.8328824747977495,-0.3774805605724747,0.2547042787634022,0.8244932615760692,-0.6040117400726344,-0.5600877382219547,1.6718058124157829,-0.8427726575507843,-0.007431570856929465,1.000873447604132,-0.6452678416013011,0.7912739718399591,-0.4204646638183862,0.5132784675282551,0.2894915496250393,0.4834877337149996,0.6452678416013011,-1.0008734476041328,-0.560631173054198,-0.5060663513243898,0.0687212064141521,0.9306026332664613,0.5030544476299753,-0.7856053023215663,0.9449777769534646,0.4873891503043674,-0.12598154876041756,0.8061862574166584,-0.3311783002420958,0.23324223538206504,0.4691369264526849,0.5669031826293847,-0.0647368131630805,-0.12479618717266176,-0.4316415915936655,0.22417816752487937,1
-0.3034990542705592,0.28447883843337485,1.4383931084795292,-1.8947617391869185,1,0,0,1,0,0,-0.596493238681898,-0.04658808261542777,1.6084235900038595,-0.7057162823948105,1.514751840238655,0.5095629805673059,2.8664088604911764,2.3817280272694323,-0.6839178187694679,3.4098549355562318,2.5982665727857652,0.21891848136363784,-2.680193484708394,2.660714182119313,2.529495168038658,-0.812183405876054,2.5173254924441557,1.4439327484873974,-0.35307242775419667,0.648751633437808,-1.3272570361065534,-0.735003732310488,0.11877257340405006,-2.110357165456057,-1.9681545070413426,-0.648751633437808,0.35307242775419595,2.777691531134916,2.667444724941468,0.5093054329448095,-0.018131260198663828,0.9907195972144606,0.7626401075935709,-0.9541866793037505,-0.9284540343304539,0.8219023601333442,-1.3310251429018278,-0.9381911455531051,-1.0531312784666302,-0.840456481562607,-1.5146398993058652,-1.1433249167342867,0.7806711296729086,1.2941032399401495,-1.3222794763156045,1
0.05630461873076867,-1.2873548858258006,0.5693561964423357,0.3052077222492148,1,0,0,1,0,0,-0.09173575851659908,-0.4652479790328524,-0.822280879298011,1.6979943781664621,-1.9722583598208554,-1.67005421536352,-1.0607197544235576,0.03720791893335743,-1.0100109809625937,-0.4439039901748442,-0.9794806964208785,-0.7471509269133323,0.9614437785920741,1.386929825102066,-0.26121125296252123,-0.40825119470301874,1.2083754120058439,0.348983636623403,0.8164553486475558,-1.8287752264186004,2.8607605788540584,-0.3127447354304856,0.970465767462611,1.797890026125659,1.6140874733687243,1.8287752264186004,-0.8164553486475564,1.1622457410267157,-0.3345252120667762,-0.30038180342274146,-0.4574282770171454,0.017827623793410803,-0.37153966943728567,0.2692014673650073,-0.09793149585751397,-0.790386157798101,2.4160338057085053,-0.4070549059059717,-0.3871364805165972,0.14498014229048395,0.8715192434003977,-0.9847090191502859,-0.20711139779498602,-0.9326642846196119,0.038603250264021984,0
0.8016122270906633,-0.6173929705677911,-0.4445202009343899,-0.13478617003801185,1,0,0,1,0,0,-0.4703038686405733,-0.21812234573090036,-0.38731271110714993,-0.27520094020473185,0.14907087569639674,0.04492977035554388,-0.3521797865726313,0.4219485195239757,0.7249186140436524,-0.49479237702466755,-0.056184964451247515,-0.752673382081654,-0.022448197886077124,-0.6752950571735297,-0.47011734239305875,0.9774934799443535,-0.6705255165289046,0.2526111358203593,-1.0760532349843712,0.040659774866796713,-0.18503229813303723,-1.0500908184406574,-0.008701352082757635,0.0035509558160078587,0.31966881285996035,-0.040659774866796713,1.0760532349843703,-0.7595776989295921,-0.6347222057676005,-0.7279694450999874,-0.1602567656399366,-0.40887938209301433,-0.6235796198885869,-1.1988643086375024,-0.9284540343304539,-0.6043528672675491,-0.3040534310604773,-1.0899443568808573,-0.5422311594912614,-0.46443461193445323,-0.4315605721200442,-0.09645999267988113,-0.7010026615289333,-0.7656567202776299,-0.2706882785040748,1
-1.3315095485600683,0.026801178718756015,-0.4445202009343899,-0.4281154315628296,1,0,0,1,0,0,-0.4955417426488382,-0.194863462596599,-0.2721740783507456,-0.3527399937712245,0.339433075437039,0.12274129930342319,-0.5634467162702123,-1.1120947322025023,0.7117991168826185,-1.4551542358779017,-0.38195011849385446,-0.44111404592358583,-0.2676685298974005,-0.07748031763529348,-0.39969140204399084,0.05256185872285283,-0.3838329632271802,-0.026198957871650535,0.5209310369862826,-1.1182800073149486,0.7060689543291303,1.1259828484048129,-0.920233639219972,1.5852172980259491,0.470975677269318,1.1182800073149486,-0.5209310369862833,0.02029268250195297,-0.25947596364157,0.41832933897092733,0.3824042551358344,0.20557870638343811,0.5106001571422693,0.5138790966987595,0.2896456887631914,0.5118468759157585,0.5286263352973745,0.8828473903799233,-0.350643614875499,-0.7496925819971905,-0.14386762583630988,-0.0647368131630805,0.6983559190505837,0.18071947766026855,-0.3944048900113141,0
0.8016122270906633,0.026801178718756015,-0.4445202009343899,-0.4281154315628296,1,0,0,1,0,0,-0.4703038686405733,-0.21812234573090036,-0.2721740783507456,-0.3527399937712245,0.29239327175239216,0.104853591499313,-1.0196982338744498,-1.1017647675896631,1.1082251675729697,-1.9706367975995973,-0.6874036494665435,-1.917247690896684,-0.4771058762709338,-0.7587243064564532,-0.6901330522393424,0.6875215228860196,-1.1926021885058367,-0.3326116863282861,-1.4375436385994584,-1.1891589033857164,0.6598068291741828,0.8208465785192063,-0.8240881036575832,1.479639263393817,0.5689278364757147,1.1891589033857164,1.4375436385994576,-0.7595776989295921,-0.7097714541928067,-0.2730889752305771,0.11107374474794844,-0.3747428216220998,-0.2140147004052217,-1.1988643086375024,-0.762349526635866,-0.29429738304996345,0.6951622885689447,0.8828473903799233,0.2788583174334372,-0.2051091846046925,0.38074892326932136,0.47455723862252236,0.6160407084282594,0.06938110143228039,0.16231986177126023,1
-1.0231064002732158,-0.6431607365392533,-0.15484123025532542,1.0385308760612593,1,0,0,1,0,0,-0.8236341047562825,2.049618759863483,-0.4768649810287978,-0.21733597485660297,2.2276305679663553,1.7442620117460115,-0.5670870616205561,0.598293921963284,0.9045155429227634,0.2177741122122393,0.5623156079460271,0.6074941771733541,-0.8435979304804114,0.30640442514958566,-0.5102347094238645,0.035821887229266235,1.0710265556038265,1.2620967456156789,1.8207882307202055,-0.9772859963810728,1.0947040549693143,-1.3323191151488571,-1.200505506609697,0.7678128228278052,0.5011539946152366,0.9772859963810728,-1.8207882307202063,0.27096530510494976,-0.4846237089171882,-0.027453521501095285,-0.0052107597040024186,0.4274663494443799,0.3530751881102058,-0.46483142063624716,-1.149926711256571,0.2638024885416898,2.2772538446488637,-0.7105613285614767,3.307766165644547,1.9083930481328573,2.1915221734081167,3.8689374469201416,1.933084078385452,1.461110804282131,3.317093455205848,1
1.3927182613071303,-1.2100515879114147,-0.4445202009343899,-0.8681093238500562,1,0,0,1,0,0,-0.48292280564470574,-0.21347056910404008,-0.6047967952025805,-0.09581954762553238,-0.23279196385273812,-0.09012242356548801,0.8443739143495353,0.01158903526688229,-0.41428828290800707,0.3256649372738314,-0.2741919229762676,-0.7947502585055922,0.0815393135920001,0.3852664944150168,-0.31186965507919595,0.15508865005179204,0.07916376927009312,-0.4569937734068119,-0.6135009981005504,-0.4754817429490244,-0.7891687404802691,-0.32833048876779497,0.7221950980845373,-0.3614548816163743,-0.08970254442794912,0.4754817429490244,0.6135009981005497,0.0759977097470634,-0.5596729573423944,-0.9281168518425269,-0.7158382869103699,-0.6478353053894121,-1.222174502210428,-0.6279498401920818,-0.4301405112466897,-1.1004416420156866,-0.6371253376036178,-0.1035484832504671,0.7167727051266096,1.0137203238451828,0.7869036709640054,-0.0012904541294803558,0.28677986593896093,0.06938110143228039,0.10046155601764112,0
0.9044132765196139,0.6452275620338409,-0.4445202009343899,0.3052077222492148,1,0,0,1,0,0,-0.16744938054139394,-0.4193116848426072,0.9559713377175679,-0.6588456604628262,0.6374552968257927,0.1866898547031171,0.3805370484606383,-1.2716149124362097,0.6138457440223903,0.9091460502339819,1.454593891386701,0.452000231355692,-2.0588106300120503,-0.24549596142890334,-1.3419698767202342,0.8333993687971486,0.19629095546737124,0.7689006507802533,0.6312676384277316,-0.009609152108407288,-0.7744427012524497,0.40097541135127573,-0.00166170312035777,-1.0335589093012403,-1.1403614678235119,0.009609152108406583,-0.6312676384277323,0.29881781872750485,-0.8598699510432187,2.4470962345884972,2.6434918417015503,2.6292744998183335,1.487254965141063,0.35076067714292497,0.06817301183707392,2.4341908780647894,-0.859173275299045,0.04820472807728505,-0.8524205174405927,-0.723760039264214,-1.0407926936620688,-0.9212626601166852,1.0276167615398821,1.127095675598167,-1.0129879475475077,1
0.3904080293748593,0.7482986259196881,-1.168717627632051,-0.13478617003801185,1,0,0,1,0,0,1.0439685718553235,-0.6681817343796319,-0.7199354279589849,0.17325254124326683,-1.7268038426436167,-0.6477717143586231,0.0077820248276258015,-0.8943508926008502,-0.4172548457459225,-1.1959221918482008,-1.745499554639875,-0.3479123704915288,2.2782232699766416,-0.6883821846021849,-1.220320708195883,-0.051717271105479024,-0.877553375981762,-0.840017370375614,-0.0632699944762795,-0.41176056791003435,-0.698644462852936,0.005034170997397772,0.5184304823883588,0.745446820967391,1.4491214424996304,0.41176056791003435,0.06326999447627879,-0.8152827261747027,-1.3101654415944555,-1.0008977270216337,-0.8708842928463041,-1.1257471519822078,-0.8126095827270634,0.4323198869208419,0.5111183656893089,-1.2244638357027204,-0.6371253376036178,0.04820472807728505,0.14201007127932075,0.39133929825375646,0.6853649840403343,0.47455723862252236,-1.277209135885205,-1.545025353873546,0.5334696962929761,1
-1.1259074497021662,-1.0039094601397194,-0.8790386569529866,-0.13478617003801185,1,0,0,0,1,0,-0.7353015457273552,0.34590557027590785,-0.42569225535928473,-0.25494820233288673,0.9411737387828446,0.4630549402766194,0.38294398610504615,0.47083252689169836,0.0893978174090449,0.37227084706737684,0.6630173571369411,0.0642156564042524,-0.4688969120901921,-0.6511582521848975,0.046808967941401936,1.130007663420505,0.02225287558892871,0.8046709200993343,0.3210111268130686,-0.23079243079930178,-1.1831225877887745,-0.5993402227667972,1.0133389129712143,-0.4808483269641984,-0.07635049920220628,0.2307924307993025,-0.32101112681306926,-0.4253475354589299,0.41596727218528484,1.137040481364595,1.6356928031179738,1.5710411252199985,0.4790951633358572,0.10608304780917345,-0.04256332662598434,1.2559800380379649,-1.1089772052064004,-0.5588081172337243,0.014285041535478216,0.533968283285125,0.2961333508329291,-0.6040308649486834,0.12214944469431245,0.013711913318286572,-0.08511336124321738,0
-0.25209852955608386,1.2121184134060021,-1.6032360836506476,-1.161438585374874,1,0,0,1,0,0,-0.14221150653312897,-0.4466408725254113,0.07324181991846762,-0.528070838776055,0.17507557057628476,0.06460624894006509,-0.5413881399631962,0.9400348039499621,0.5338071576777125,0.04093080939345648,0.27928928233300493,0.2698552127929618,-0.2094443492096813,-1.2184912682357727,0.4263893659289108,0.8528747425062364,-0.6973638092861247,-0.22518703497558556,-1.0383979846077995,1.3979208031972914,-0.4646887307091194,-0.8630797629920651,0.12732459810108426,-0.7467888987398331,-0.5829410560486806,-1.3979208031972914,1.0383979846077986,-1.1216603760228097,0.491016520610491,0.2636699792153276,0.6795757665130432,0.3421249482670949,-0.2770246880180474,-0.709509049969999,-0.319404172783631,0.015758101167622184,-0.5538573609678327,-0.9381911455531051,-0.5878472415426337,-0.4385020692014777,-0.685407289429221,-0.5405845059150832,-0.7833178721512579,-0.2089648391376897,-0.332546584257695,0
-0.5348014154856993,-0.41125084279609675,1.0038746524609323,1.0385308760612593,1,0,0,1,0,0,1.4982503040040924,-0.7071403636295867,-0.3233468040202586,-0.30991991941360914,-0.987318437970733,-0.30432772451970747,0.902809663413265,0.6693538253336101,0.6782304342726027,0.2516357853398144,-0.017128773241607564,-0.7803258212335809,-1.2337202421559312,2.2836452839224206,-0.1305254746316701,1.6187770102758823,0.8264637948441271,1.1348247365161315,-1.4375436385994584,0.3614669270176405,1.02641264652358,-1.0494666867157927,0.6995510565628343,0.4795636398367429,1.1302037236076705,-0.3614669270176405,1.4375436385994576,2.0256736633259265,-0.18442671521636386,-0.19121049065408274,0.6537347655237203,0.9907195972144606,-1.1906695084040155,-2.666930084640012,-2.7556036189709214,-0.4803306735805153,1.0282341951120857,-0.9381911455531051,0.22411901897178985,0.5599008260181015,0.7361343275021692,0.2524949820049213,-0.8656330827735822,-0.8213259083916238,0.6571863078002155,0
-0.9717058755587404,-1.0554449920826439,-1.168717627632051,0.3052077222492148,1,0,0,0,1,0,-0.1800683175455264,-0.41873021276424965,-0.4512786181940413,-0.22890896792622875,-0.33089868126174904,-0.14512712506312683,-1.6889777439373033,-2.307530102305305,3.113834474531891,-1.6120530176515766,-0.6266077800738392,-0.7739223350955685,0.5017138885354724,-1.2900926702626538,-1.4587915690577362,3.1513330575645675,-1.29048612614242,-0.40869414303022567,0.06048449490010199,-1.1155255455628834,1.0595192717935757,1.7057721126736198,-1.0899302313065897,0.8981556735873436,0.41561051800801413,1.1155255455628834,-0.0604844949001027,-1.0938078624002545,-1.1600669447440433,1.3644807162993,3.082788858520031,2.1684309334609937,-1.4742144526617298,0.5954383064766764,0.6218547041523672,1.13195784435093,1.2780381250194413,2.020996475338066,0.7988816528190786,0.054216242725068246,0.4145951522438788,1.4262526241265279,0.12214944469431245,-0.3759724034796717,0.5334696962929761,0
0.33900750466038404,-1.596568077483343,-0.8790386569529866,-1.161438585374874,1,0,0,1,0,0,-0.7605394197356201,0.6337342490628872,1.2374213288998899,-0.6814129969485965,2.1663512688844313,1.0139963406432133,-0.6270284968599077,0.5712940223235441,1.1483769940009407,0.04244025334501781,0.34904990036077943,-0.77810380370588506,-1.3399301606619918,-0.6117376699273721,-0.006922852004502346,-0.090559355216929,-0.6596857987831458,-0.6205230276496266,0.07500831336893375,-1.1356331163529634,0.26065731654337176,-0.7910541357053049,-1.6608732401384037,-0.711467189890812,-1.0596019270171544,1.1356331163529634,-0.07500831336893446,-0.5924626171942612,-0.03432821836595151,-0.07294156848803632,-0.10857476366129187,-0.3576745413866426,-0.08799472517957138,0.35076067714292497,0.34501385799472056,-0.29429738304996345,0.22331042096616224,-0.7484996313934147,-0.031331040515893936,-0.8793552956620708,-1.0661773653929865,0.886958572340925,2.2623449208747504,1.6837875567381073,-0.76555472453303,0
-1.2544087614883548,-1.132748289997029,-0.4445202009343899,-1.6014324776621007,1,0,0,1,0,0,-0.11697363252486404,-0.45361853746570174,-0.8094876978806327,1.0643730076044513,-1.7601823609618084,-1.1714343603239488,0.058668804492084344,0.7996518798260487,-1.1931576409510298,0.14885516902184354,-0.8602764570045537,-1.0528048661221885,0.4309223633908814,-0.5889703135400531,0.18529354169808848,-0.5255284959728386,-0.3346157198305637,-0.6457029883715082,-0.09305301462755473,-1.3436114231817156,-0.6700725984669944,-0.9119242980777351,1.102981009519881,-0.532892949879717,0.48799823471974674,1.3436114231817156,0.09305301462755473,-0.5089050763265954,0.26586877533487285,0.28186519801010423,-0.04397226118798574,-0.1699234587966153,0.29006520049738066,0.2692014673650073,0.34501385799472056,0.015758101167622184,-0.5816133531797613,-0.7864379342253526,0.31535118307453414,0.858125067447326,0.5669031826293847,0.12560226393772106,0.4514102871836102,-0.15329565102369538,0.16231986177126023,1
-1.0231064002732158,-1.2100515879114147,-0.15484123025532542,-0.8681093238500562,1,0,0,1,0,0,-0.8236341047562825,2.049618759863483,-0.6047967952025805,-0.09581954762553238,1.960722149154853,1.650351545774433,0.7813593629875948,-0.375744221862012,-0.21854312423838076,0.927566779698055,0.9115472974821958,1.0938878421937872,-0.6882421388221024,0.24305646459616262,-0.620349234605111,-0.10438254755641968,0.9812743968007527,1.2123761792400887,1.98370482418619,-0.4754817429490244,-0.8436400590525606,-0.10573150858831439,0.19386137839217663,-0.2800679832418886,-0.00140676148350058,0.4754817429490244,-1.9837048241861908,0.32667033235006016,-0.4846237089171882,0.381938901381374,0.26611975068388355,0.6664222727407777,0.8256500952063961,0.02452383803125581,-0.762349526635866,0.5118468759157585,-0.6926373220274746,0.12408133374116129,0.7167727051266096,0.7154960824159574,0.549980068142106,0.5380035976561225,0.28677986593896093,0.06938110143228039,0.22417816752487937,1
0.3904080293748593,0.9029052217484598,-1.168717627632051,-0.4281154315628296,1,0,0,1,0,0,1.0439685718553235,-0.6681817343796319,-0.1826218084290977,-0.4146555066937224,-0.6917310515808229,-0.19342393613422434,-0.4228399315638614,0.23345258650116357,-0.2991765403564055,-0.6759176732619793,-0.8485794253890747,-0.7634384880231038,1.034344904339743,-0.8579255642840482,-0.9860066556641414,0.26046104921581714,-0.9521186826912612,-0.6195220134633247,-0.3305796915292576,-0.7133741297612556,-0.269259897299291,-1.3081808238229484,0.6707225888347046,-0.030983417480312456,0.4983521470307673,0.7133741297612556,0.3305796915292576,-0.9266927806649233,-1.0850176963188372,-0.8189455390738695,-0.5737127814690962,-0.8867912286858101,-0.6865896075014126,0.10608304780917345,0.2896456887631914,-0.8523972546416179,0.3065783976019474,-0.7864379342253526,2.650894584104789,2.712301872855116,2.5299844631536863,1.7434844192945298,0.7806711296729086,0.45906541823023866,2.451077174655176,0
0.23620645523143258,1.2121184134060021,1.0038746524609323,-1.161438585374874,1,0,0,1,0,0,-0.6469689866984278,0.09005785579859277,0.07324181991846762,-0.528070838776055,1.0303638800955868,0.47736510651990754,-0.7905046459345735,-0.49629613312185156,2.663828519602109,-0.24946820061327374,0.51954070620672,1.1737798788359088,0.37807620727884833,-1.5279438447327287,-1.437087892507343,3.502706832371388,-0.8425076448543776,0.2434995560715076,0.20465562353765385,1.3979208031972914,-0.42748753325505434,-0.758461085206562,-0.12166025830565633,-0.4984007139945544,-0.43769843991527596,-1.3979208031972914,-0.20465562353765385,-1.4558905394934718,-1.3852146900196616,-0.32767463161490584,1.4548057961927168,0.9736513169790033,-2.2933442916284594,0.10608304780917345,0.012804842605544792,-0.23228628620644656,-0.47058938433204756,-0.7864379342253526,-0.323273965644676,-0.3347718982695729,-0.4992530300691578,-0.1916295312302808,-0.9479482933959068,-0.4316415915936655,-0.1469716669968365,1
-0.4577006284139859,-0.41125084279609675,-0.15484123025532542,1.0385308760612593,1,0,0,1,0,0,-0.6848257977108253,0.14529770324255853,-0.3233468040202586,-0.30991991941360914,0.8133652694943978,0.3512567665009308,-0.7278660377542273,0.8895211474564231,-0.2207788164701486,-0.31168559872849677,-0.8260089966171243,0.702006760574962,0.7358583440062739,0.050622840837186066,0.06784997287250734,0.42406648505198646,0.004138332590933553,0.10663990923161194,0.2654778184316193,0.6941558255444445,1.062697189814943,-1.1529250773439816,0.7279579589101615,0.4251706353617765,1.177965265780371,-0.6941558255444438,-0.26547781843162,-0.14682239923337803,-0.18442671521636386,-0.7279694450999874,-0.4186667755331612,-0.3918111018575571,-0.7811045889206503,-0.38327221085833024,-0.5408768497097485,-0.6663639641110671,1.1115021717478706,-1.0140677512169813,0.3518440487156324,0.6895635396829819,0.8376730144258402,0.41111087958892223,-1.0302635040182315,-0.8769950965056176,0.9664778365683122,0
-1.0488066626304537,-1.596568077483343,0.27967722576327125,-1.161438585374874,0,1,0,1,0,0,-0.43244705762817587,-0.23265914768983872,1.2374213288998899,-0.6814129969485965,1.0644108205508716,0.3476792249401088,0.6780164400317957,1.3524127794487968,0.46133739411858626,1.1660617125613963,0.8742849830873964,0.4058016484340933,-1.2394484256696878,0.9466531675324888,1.5257352909162505,-1.2130974582947627,1.0416603504180835,0.5616194645241313,1.4850143702886198,-0.9193541232206256,0.0030863263100583123,-0.3277808616562411,-1.849709627567643,-0.5423815732039491,-0.5883012002155081,0.9193541232206256,-1.4850143702886205,1.07868820015905,1.6918044954137887,0.5456958705343614,-0.21193876761858224,0.20557870638343811,1.3927399837218248,0.02452383803125581,-0.5962450189412776,0.20179139169817292,-0.026493508941193386,-0.3311783002420958,-0.07694712256726609,-1.0090180093269512,-1.1254082660984612,1.3628062650929278,1.1099319721622063,0.6817421706862145,-0.45626319576493324,1
-2.256718993420627,-0.87507063028241,-0.15484123025532542,-2.6280848929989626,0,1,0,1,0,0,-0.33149556159511606,-0.30127285293602774,-0.08027635709007157,-0.4702058734279261,0.26648930434647466,0.13168515320547827,0.15752149731446238,-0.24568083460924262,1.1956072700670402,0.8995273608624271,1.647462544613085,1.383626551243093,-0.6367674304610412,-1.510135291742658,-0.5288103925416352,1.5595604832655128,-0.6006964419435142,0.583430989778356,1.0318374740956051,0.8637377478704314,-1.7279468666420452,-0.1925459868873565,-0.06722730902008668,-1.8108437410292568,-1.5721751881741675,-0.8637377478704308,-1.0318374740956058,-1.4001855122483615,-0.40957446049198204,0.32735324499704527,1.1188727833315248,0.785900234388976,-0.15100471279239655,0.758556726032511,0.2896456887631914,0.38782468222872474,-1.6085850650211115,-0.1035484832504671,0.2606118846128881,0.1838789563899486,-0.5669454880182719,0.030432725387320277,0.2044646553166367,0.7374113588002092,-0.332546584257695,1
-0.9974061379159777,0.23294330649045036,-0.15484123025532542,1.0385308760612593,0,1,0,1,0,0,-0.40720918361991093,-0.25882539121592774,-0.6687627022894718,0.09224158975588642,-0.5499749700447042,-0.27034107969189813,0.2184570139162126,0.5040422707155129,-1.6437244398494772,0.29218857242407537,-0.10407582316955502,0.30550007729972534,0.042301590068534345,-1.1281161831086473,-0.6586602608046896,1.2055368019531933,-0.5176499152846971,-0.1133521875776773,0.6912331826893887,-0.26889098598050765,-1.4309701936584729,-1.3516452249885742,3.45847459880592,-0.9080207058275003,0.024637318377813456,0.26889098598050765,-0.6912331826893894,-1.038102835155144,-0.5596729573423944,0.22727954162577424,0.8346217724489774,0.5640125913280355,-0.655084613695,0.5954383064766764,0.2896456887631914,-0.046252995675895824,-1.3310251429018278,-1.2416975682086098,0.14201007127932075,1.9343255908658337,1.345366449044194,-2.1901898407886926,0.4514102871836102,0.3477270420022505,0.16231986177126023,1
-0.9974061379159777,-1.0296772261111817,-0.15484123025532542,-0.13478617003801185,0,1,0,1,0,0,-0.40720918361991093,-0.25882539121592774,-0.8478672421327675,2.0422909219878287,-2.332622558664172,-1.7773804621881812,-0.9719199999520703,-0.013662343348348142,1.1596279795591418,-0.9286741875963962,-0.6472698409713553,-0.4218196247389032,0.7254882503752904,-1.1342220253461173,-0.5165264945902638,1.5201052641970954,-0.18143184924301026,0.36992779944318543,1.4316772944420317,-1.995231767628944,0.21817713549405499,-0.4986929082651577,-0.057691103699360854,1.0746741984028945,1.2026449894801539,1.995231767628944,-1.4316772944420324,-1.038102835155144,-0.40957446049198204,0.28186519801010423,1.0542702808582185,0.9224464762726329,-0.7180946013078251,0.5954383064766764,-0.04256332662598434,0.015758101167622184,0.3343343898138759,-0.3311783002420958,0.5160619441005718,0.4043055696202447,0.8376730144258402,0.8235122133073248,0.03983423407198747,-0.7656567202776299,0.6571863078002155,0
-1.2544087614883548,-1.0554449920826439,-0.4445202009343899,0.3052077222492148,1,0,0,0,1,0,-0.11697363252486404,-0.45361853746570174,-0.4512786181940413,-0.22890896792622875,-0.39133349381674926,-0.1719586867692921,-0.8976435636063465,-0.3901382929947483,0.0819600150862887,-1.1596684064112186,-1.36063756963341,-1.7175243090390648,0.6815599267949883,-0.44085213523319416,0.8705261443659337,-1.2927073530157156,-0.3736734405076941,-1.0849974481681945,-0.47521987007162214,-1.871181028480457,0.8077009671390112,1.4075510321055231,-1.4110883078586411,1.1961090143914912,0.7096066485428714,1.871181028480457,0.4752198700716215,-0.4253475354589299,0.7912135143113154,-0.027453521501095285,-0.6899972859210471,-0.7843815472730677,0.3530751881102058,-0.05703537174666111,0.17890935030013266,-0.35630847989348147,0.917210226264372,1.5657368413548085,0.5069387276902979,-0.3477381696360611,0.12690220596014448,1.6165917012273294,0.36909507656128593,-0.4316415915936655,0.22417816752487937,0
-1.0231064002732158,-1.0554449920826439,-0.15484123025532542,0.3052077222492148,1,0,0,0,1,0,-0.8236341047562825,2.049618759863483,-0.4512786181940413,-0.22890896792622875,2.270114802206965,1.7532058656480667,-0.4664931810550096,-1.2609440746675602,0.8609354155570791,-0.19096943521572027,0.32407112181810704,0.054507667316618276,-0.3260156880966339,0.2093835733752972,-0.5214573145173482,-0.14475148305899432,1.0380588024886204,1.0889117434223694,1.7556215933338144,-1.6668621640005967,0.8578837233853172,1.208300824212362,-1.3223888352681559,1.2873087258178726,0.6418020479189068,1.6668621640005967,-1.755621593333815,0.27096530510494976,-0.40957446049198204,0.30006041680488094,0.17567624722125458,0.59814915179895,0.6366201323679207,-0.05703537174666111,-0.762349526635866,0.38782468222872474,0.8894542340524437,1.2622304186993043,0.2879815338437111,-0.46443461193445323,0.04228663352375219,1.2041903675089267,0.28677986593896093,-0.4316415915936655,0.10046155601764112,1
0.33900750466038404,0.6452275620338409,0.27967722576327125,0.3052077222492148,1,0,0,1,0,0,1.2584905009255756,-0.6891147292005031,0.8920054306306766,-0.6559524121954198,-0.13769370804466244,-0.023043519300074828,2.092589924137344,0.5557386642936245,-0.515104431479397,0.7135129101825761,0.7002682228713619,-0.8711743840910827,-1.5449089222754395,2.0985008129753435,1.4230035600331024,-0.61190336223626,0.29586294136375735,-0.07832363130893433,-1.567876913372245,0.36682327779893126,-0.8129999423556467,0.66276497060275,0.08926114662078867,-0.6705372815378634,-0.9868507675599663,-0.36682327779893126,1.5678769133722443,1.9560423792695385,1.3165582532877582,0.002113709040416646,-0.3153027715758717,-0.18272466897320852,0.26643645514257136,-1.0357458890816678,-0.4716666381703368,0.37232190801784526,-0.8869292675109735,0.27583454506891375,-0.8250508682097696,-0.6589286824317738,-0.8546384343020056,-1.0798785577006862,0.6160407084282594,0.9044189231421907,-0.76555472453303,1
0.33900750466038404,-0.2566442469673251,0.5693561964423357,-1.6014324776621007,1,0,0,1,0,0,1.0187306978470585,-0.6676002623012743,-0.13144908275958464,-0.45631828174437516,-0.6349394580260475,-0.16077886939172326,3.1185451749110724,3.466286888202132,-2.0432724935189217,1.745253221972311,0.11785791126646358,0.5642777246037858,0.14071779176218108,3.0452280903326483,5.4275803950345924,-1.5801798850582176,1.4885892788223771,-0.2966946915416515,-0.003877616098805769,0.7734532878151856,-1.2936569524882608,0.6796433548141612,1.2052935561577531,-0.881664861176364,-0.442885676205755,-0.7734532878151856,0.00387761609880506,2.6623025461271874,4.747381038440037,-0.2821865846279648,-1.0259302987822392,-0.47227585153899665,-0.020484024165829593,0.01287252234869625,0.012804842605544792,-0.4803306735805153,-1.192245181842186,0.7310941790521709,0.24236545179233895,0.8451587960808378,0.39767203775660004,-0.667477223982284,-0.28942660841731066,0.06938110143228039,-0.023255055489598248,0
0.6217103905899984,-1.3646581837401863,-0.8790386569529866,-0.13478617003801185,1,0,0,1,0,0,1.9525320361528615,-0.7251659980586702,0.08603500133584588,-0.526334889815611,-0.7315194399440692,-0.15094063009946265,0.5244755747135541,-0.17507671571863753,0.1788613627250898,1.0021474157655377,0.33008407662481987,-0.237648903950077,-0.08076561841662762,0.7593312805248497,0.4273677684011639,-1.0997050732771854,1.1420392526787861,0.14475687417185326,0.13286549185952784,-0.45589913793704195,0.029418814782587278,0.6684259353795384,-1.349607018226923,-0.22140993189554564,-0.28779855280899913,0.45589913793704195,-0.13286549185952856,0.38237535959517033,0.04072103005925432,-0.9281168518425269,-1.2843403086754637,-0.8526546682148961,-0.34003467563087314,-0.38327221085833024,-0.4855086804782194,-0.9764194483286528,0.3620903820258042,1.1863538130354276,1.3736442866663687,0.3394742127878045,0.22844089288381547,2.251055291563333,0.8629863402952329,0.6817421706862145,1.1520527538291696,1
1.0843151130202777,-1.6996391413691911,-0.8790386569529866,1.478524768348486,1,0,0,1,0,0,-0.2684008765744537,-0.3256946802270442,0.2267599969270068,-0.5413797808061246,0.40735690115984496,0.1679077615088014,-1.0601482424070268,0.1838401193420963,0.7644884472000686,-0.8178069818013579,-0.7608478626393038,0.006492607009739534,1.3571043079455238,-1.0453246350556151,-0.4573085967914969,1.5249908998914428,-1.330033422131109,-0.5476239813715463,-0.7825353858951971,0.7849642097577141,0.4296858792734969,-0.7104480464822353,0.4873874669920933,-0.21403390210069584,0.454491253239294,-0.7849642097577141,0.7825353858951963,-1.0102503215325889,-0.4846237089171882,-0.20940570944885942,0.5891322630504142,-0.01630893667750248,-0.9386295579527137,0.02452383803125581,0.4557501964577793,-0.23228628620644656,1.0004782029001573,-0.17942508891434333,2.030515868206127,2.0380557617977377,1.8022905402007128,1.648314880744129,-0.7010026615289333,-0.4316415915936655,2.265502257394317,1
0.9815140635913272,-1.4677292476260335,-0.15484123025532542,-1.161438585374874,0,1,0,1,0,0,0.6401625877230843,-0.6170121914841689,0.6105554394483548,-0.6090817902634353,-0.022649863697184136,-0.003814233410656377,1.2768205145520901,0.7374202699603654,-1.0922791213426148,1.5548497744729728,0.7041556030563393,-0.2746137460596174,-0.4640117483818247,0.7826323575724666,0.6803050702517666,0.25080126434337396,1.1412051937637226,0.5147979158855407,-0.8195116582252774,0.43824128821613356,-0.993452976531594,-0.3306177779188381,1.7452132339258888,-0.9689021996693586,-0.41283680309518955,-0.43824128821613356,0.8195116582252766,0.8001630639334981,0.7161642658861095,0.21818193222838655,0.31780175266252825,0.785900234388976,-0.4660546508565234,-0.709509049969999,-0.4301405112466897,0.5738579727592754,-0.9424412519348303,-0.3311783002420958,-0.06782390615699217,0.8321925247143505,0.34690269429476517,-1.206771275767887,-0.37174181903963527,-0.2089648391376897,-0.332546584257695,0
-0.12359721776989524,-0.1535731830814779,-0.4445202009343899,-0.13478617003801185,1,0,0,1,0,0,-0.3188766245909836,-0.2937137159173798,0.17558727125749374,-0.5373292332317556,0.4369058576738685,0.18937301087373362,-0.9936440497177018,1.006185222769992,0.18636974613080193,-1.6309917739125277,-1.555589060787624,-0.5871624893055198,1.4707331750875954,-0.7778510255657072,0.7802931741701485,0.6117829387249378,-1.124501632086528,-1.1932930410655205,-0.47521987007162214,-0.3295023237687909,0.6044666595043505,-0.5993402227667972,0.36000916691261203,1.0883280944692457,0.8573235665433331,0.32950232376879157,0.4752198700716215,-0.8988402670423681,0.26586877533487285,-1.073678602200739,-0.6383152839424023,-1.0062691903340089,-1.4742144526617298,-0.05703537174666111,0.17890935030013266,-1.4104971262332722,0.5563823275093027,-0.5588081172337243,0.014285041535478216,0.19684522775643593,0.6345956405784983,-0.3185222492974822,-0.6186874509066087,-0.8213259083916238,0.16231986177126023,0
1.2899172118781799,1.2121184134060021,0.27967722576327125,-1.161438585374874,1,0,0,1,0,0,0.5770679027024219,-0.6082901103088059,0.06044863850108935,-0.5245989408551672,-0.3021483846076716,-0.06239647646911723,0.10687914725981806,-0.10590716774372384,0.5371774541201797,0.38439759037774135,0.3224839890806947,0.5794184545884907,-0.023008951736341335,-0.3884995370242981,-0.7963042151496592,0.49250100592577206,-0.14222104109834072,-0.318193911521318,-0.5252107151899527,1.3111552580072139,-0.5368022158359594,-0.652359170525496,-0.23942356099406803,-0.6603202951634709,-0.7298994029503681,-1.3111552580072139,0.525210715189952,-0.3417899945912644,-0.7097714541928067,0.14540105704928116,0.3824042551358344,0.3079883877961804,-0.5605696322757617,-0.22015379130249568,0.012804842605544792,0.07776919801113909,-0.47058938433204756,-0.5588081172337243,0.21499580256151593,0.054216242725068246,-0.21156008378542468,0.12560226393772106,-0.4540570296619595,0.18071947766026855,0.34789477903211874,1
-0.7404035143436003,-1.1842838219399534,-0.15484123025532542,-0.8681093238500562,1,0,0,1,0,0,-0.1295925695289965,-0.45943325824927705,0.03486227566633282,-0.5141832470925041,0.13559032629477505,0.04403538496533837,0.24215888239079542,-1.403493294756224,-0.1381873769028118,0.7633955277600998,1.1200208669362008,-0.41147091163631827,-1.4797923524541,0.4041763115548094,-0.52636509322982,-1.6820594244823273,0.7279479572353664,0.06707761417484587,-1.5495845239304507,0.9756618166055823,0.06712038747615216,1.3990375974249758,-1.5014007308815684,-0.3094773743763239,-1.390593746476201,-0.9756618166055823,1.54958452393045,0.4659329004628361,-0.40957446049198204,0.3182556355996563,-0.6383152839424023,-0.34060626115118536,1.3927399837218248,-1.1988643086375024,-0.7069813574043363,0.6358690696027934,0.41760236644966076,2.020996475338066,1.4283835851280149,0.28760912732185256,0.1438253204474232,1.2359135470257274,1.1099319721622063,1.9621334973080773,1.5232025883508855,1
0.5189093411610479,-0.17934094905293926,0.5693561964423357,-0.4281154315628296,1,0,0,1,0,0,0.11016723354952047,-0.5367690446708291,-0.11865590134220637,-0.4568969313978565,-0.18050689610133402,-0.059713320298500704,1.1629774038619225,1.1535652058815868,-1.2420896031864221,1.7316652472718783,1.9011771520976852,1.0155771144190755,-1.3996528630663292,0.3832817148636736,0.5663942617924124,-1.1051793531690814,1.1579362559713515,0.8042630962262951,1.215239784852797,0.17986603418274572,-1.234177816657866,-1.0159031096305526,0.5873794309594388,-1.191178261353149,-1.6864170333573463,-0.17986603418274572,-1.2152397848527976,0.2152602778598393,0.340918023760079,-0.45504116317834126,-0.9225662948249498,-0.47715250303484213,0.6051151385615076,0.2692014673650073,-0.26403600355210183,-0.4183195767369984,-1.0812212129944723,-0.7864379342253526,0.8171280856396278,1.026686595211671,0.4145951522438788,-0.826093121566285,1.6038232358961542,1.9064643091940836,0.16231986177126023,0
-0.48340089077122306,-0.2566442469673251,-0.4445202009343899,-0.13478617003801185,1,0,0,1,0,0,0.7032572727437467,-0.629223105129677,0.44424408102243734,-0.5917223006589967,-0.12916333721322132,-0.026621060860896863,-0.2018166964163649,0.5116747919065632,0.9623739602482523,-0.7053726643141399,-0.1596814477418027,0.14617319086949385,0.45690702486868984,-1.087412518161758,-0.15539035615685642,0.8667418022838553,-1.553059388138338,-0.9580322617050935,-0.025828483428959336,0.22497917377587734,-0.8058987464262934,-0.8579563573689538,-0.44460552034335654,-0.5870741415254513,-0.7277383350882178,-0.22497917377587734,0.02582848342895863,-1.0102503215325889,-0.10937746679115769,0.1272058382545045,0.5632912620610914,-0.135786898325702,-0.40304466324369825,1.247911984700014,1.397009073393778,0.07776919801113909,-0.7481493064513315,-0.7864379342253526,0.07814755640739948,-0.16621037050522874,-0.38079122865820925,0.15732544345452057,0.4514102871836102,0.6260729825722207,-0.20882997275045564,0
-1.1773079744166424,0.8771374557769975,-1.6032360836506476,-0.8681093238500562,1,0,0,1,0,0,0.009215737516460692,-0.5059510245178798,0.39307135535292426,-0.5870931034311464,0.23902627704898557,0.06460624894006509,-0.0895002064095847,0.6922002409649995,-0.001400092807309277,-1.052148082789823,-1.1588375336216976,-0.502390287881074,0.9998005466449017,-1.374581449465809,0.41329599003542117,-0.1220212812913637,-2.3671291068094846,-2.1904155508028715,-1.165784895456201,0.471010832630124,-1.2490133724179386,-0.5360357040501402,-0.12070564623933394,-0.925820521120352,-0.6319689066708393,-0.471010832630124,1.1657848954562,-1.3166279713806959,0.26586877533487285,-0.30038180342274146,-0.3153027715758717,-1.1940202729240363,-0.4660546508565234,0.5138790966987595,1.3416409041622488,-0.728375060954584,-1.1644891896302574,-0.482931511569848,0.07814755640739948,0.002351157259115363,-0.36386811417093057,0.2207718024881207,0.36909507656128593,0.6817421706862145,0.22417816752487937,0
-0.2263982671988458,0.7482986259196881,0.5693561964423357,-0.8681093238500562,1,0,0,1,0,0,2.0408645951817888,-0.7280733584504578,-0.38731271110714993,-0.2665211954025125,-1.208329404493155,-0.35396611367611325,1.0006902291820552,0.06431604141320617,0.13796580125852814,0.24916658576048853,-0.16894791452686575,-1.4318126465593373,-0.43943072968613284,0.40912729365020456,0.36776675113306,0.012593514349511314,-1.1475875960273674,-0.9834002253198966,-2.3140988003066307,0.3422733367180179,-0.98268895196332,0.2801448726482659,-0.1759486047947438,-1.474536198406989,-0.7404583534298593,-0.3422733367180179,2.31409880030663,0.18044463583164533,0.09700796637815903,-0.646090960523493,-0.54141153023244315,-0.9294619292744525,-0.5605696322757617,-1.2396439135264608,-0.33324621509151353,-0.5578445446349117,-0.9701972441467586,0.12408133374116129,-0.3688900476960481,-0.39960325510201306,-0.9223308922511192,0.2207718024881207,-0.04248097655033679,0.1250502895462747,-0.7036964187794109,1
0.030604356373531493,-0.7462318004251005,-0.4445202009343899,-0.4281154315628296,1,0,0,1,0,0,-0.33149556159511606,-0.2902248834472346,-0.2721740783507456,-0.3452175482759678,0.08070211777858416,0.043588192270235616,0.4571747734255019,-0.5631615873712086,-0.07774421515110415,1.681465233167254,1.4415748464555782,1.467686922268634,-1.1427856063919843,0.7116320216900089,0.6918789693514812,-1.0465546645141897,1.6126113829051167,0.5476168537894177,1.0345842828972671,0.9756618166055823,0.07534167985222594,1.466066115429321,-0.9454075619314903,-0.6725132081480065,-1.339476630157978,-0.9756618166055823,-1.0345842828972678,0.6609004958207222,0.641115017460903,0.00893691608845806,-0.5349512799851129,0.08610074473523979,0.3845801819166189,0.02452383803125581,-0.4301405112466897,-0.046252995675895824,0.08453045990652028,1.413983630027056,0.0963939892279486,-0.41256952646850126,-0.6346379459673855,0.062155904904119784,0.4514102871836102,1.127095675598167,0.038603250264021984,0
0.3647077670176212,0.05256894469021735,-0.15484123025532542,0.5985369837740325,1,0,0,1,0,0,0.33730809962390496,-0.5699129531372086,0.188380452674872,-0.5384865325387181,-0.09416406681133518,-0.022149133909869317,-1.4457727557697253,-0.07384558704352338,-0.17719491290510822,-0.9409040116246722,-0.5601936091150008,-0.22369256441355145,0.29931576371448004,-0.4064190796314149,-0.061013343284167194,-0.5016742541465493,-0.02141508003392329,-0.26190528565243876,0.6449554257048498,-0.9447489169347935,1.6042930552311392,0.04023355779912106,-0.26190286213064534,1.2498657908594863,0.4725795921599847,0.9447489169347935,-0.6449554257048504,-0.23037994010104354,0.19081952690966666,0.7913313242638433,0.3824042551358344,0.3591932285025509,0.7941451013999841,1.4925896140337656,1.2309045656991897,0.7598912632898273,1.5000860627148682,0.04820472807728505,0.041654690766301246,-0.10137901367278856,0.39767203775660004,-0.1916295312302808,0.6160407084282594,0.18071947766026855,-0.3944048900113141,0
-0.9717058755587404,-0.87507063028241,0.27967722576327125,0.3052077222492148,0,1,0,1,0,0,0.29945128861150755,-0.5623538161185606,0.5082099881093286,-0.596351497886847,0.1025945871811992,0.028383640636741956,0.13205146536325543,2.6002129349858434,-0.26968499224627557,0.6047004829965109,-0.07715891262773597,-1.031733616651131,-0.6415172456552447,0.19146057049558401,3.2296836178107067,0.4754722038865019,0.5071881004368624,0.32322323323524643,-1.0618771407249543,-0.3540047794704373,0.007684369051410051,-0.3334477067029552,0.8464721294427765,-0.3139923021077349,0.4158749423048003,0.3540047794704373,1.0618771407249536,-0.03541234474315745,2.4422969796658496,-0.7552622732921518,-0.4186667755331612,-0.20406001926752979,-1.0016395455655394,-1.2804235184154193,-1.0391903727935126,-0.4803306735805153,-0.0740752098759276,-0.39621539081113233,-0.2854777833735393,0.17646965846624119,0.03986904573985558,-0.3139903665093679,0.028074918268798287,-0.14534290986455342,-0.27952517932602033,1
-0.8689048261297889,0.9802085196628456,-2.617112481027373,-1.6014324776621007,1,0,0,0,1,0,-0.09173575851659908,-0.4635035627977798,-0.2977604411855021,-0.3081839704531653,-0.20440413887151385,-0.11829556335696156,-0.7969288466309243,0.8055553213006053,-0.4283018433756634,-1.4065439151370562,-1.4296238325501747,-0.6413980509264579,0.9192234946941465,-1.7591965923543504,-0.13753803108593865,0.021580194074171565,-2.0797534146143413,-1.8196432344044593,-0.6949470730335814,-0.18555039652161812,-0.649619546459908,-1.243432539450874,0.6071889819497802,-0.16209779821913317,0.08205354594373426,0.18555039652161812,0.6949470730335807,-1.6508581348513582,-0.10937746679115769,0.07262018187017576,0.07231224326396513,-0.767313267037611,-0.18250970659880966,0.4323198869208419,0.8986955503100138,-0.6043528672675491,-0.47058938433204756,-1.0140677512169813,0.8627441676909999,1.078551680677623,0.9392117013495113,0.2207718024881207,0.6160407084282594,0.5704037944582268,0.9664778365683122,0
-0.9460056132015023,-1.3904259497116478,0.27967722576327125,1.0385308760612593,1,0,0,1,0,0,-0.29363875058271866,-0.3024357970927428,0.7512804350395157,-0.634542375016612,0.6964018092097656,0.2577934932244551,0.6113565380180378,3.44855844906108,-1.0283022398811943,-0.4645349954952499,-0.5284332909366594,-2.5078805979375542,-1.3522129403531689,0.5363179082734183,3.9212446439603275,-1.3999366522807741,-0.042031089338375655,-0.38794820510035793,-1.8779802223143918,-1.5578921029446724,-0.3142236134766597,-0.8050378938096969,-0.0010777159195643042,0.5858795009112715,0.30823324445868844,1.5578921029446724,1.877980222314391,0.4102278732177254,3.4179372091935294,-0.2639913658331881,-0.9225662948249498,-0.8867912286858101,0.6996301199807459,-1.2804235184154193,-0.6516131881728072,-0.10826409251941274,-0.47058938433204756,-0.9381911455531051,-0.8068044353892204,-0.6848612251647502,-0.4315605721200442,-0.6992004034990842,1.0276167615398821,0.29205785388825667,-1.3841377820692236,1
-1.5114113850607322,1.5213316050635446,-0.15484123025532542,-0.13478617003801185,1,0,0,1,0,0,0.22373766658671274,-0.5460725979245497,-0.24658771551598904,-0.3706781330291445,-0.37968226651564857,-0.13350011499045522,-0.5188013027496141,0.9702848690239895,-0.680753495922579,0.13445586544851582,-0.19338972565849497,0.2436850370953732,0.6638636947016829,-0.9101908357259095,0.11559350639845302,-0.6534497345597694,-0.36505600673214667,-0.40472205015735613,-0.07652239220167051,0.40825130337297294,-0.18804611810852084,-1.2159473960003315,0.27395886952287224,-0.5436244871356071,-0.14371619441893824,-0.40825130337297294,0.07652239220166979,-0.8988402670423681,0.003196405846651406,-0.29355859637470005,-0.5737127814690962,-0.6734377257425974,0.2270552128845555,0.2895912698094869,0.3588559003026031,-0.5578445446349117,-0.22078545442469194,-1.1658209625447336,-0.15905607025973648,0.002351157259115363,-0.21156008378542468,-0.09645999267988113,-0.4540570296619595,-0.32030321536567735,-0.2706882785040748,0
-1.0231064002732158,0.928672987719922,-0.15484123025532542,-0.4281154315628296,1,0,0,1,0,0,-0.8236341047562825,2.1891720586692913,-0.23379453409861076,-0.3741500309500322,2.5505964267869707,1.972777478943519,0.24842482184321285,0.3958437840337519,-0.3435836500869683,0.7961302486337376,0.42884079501768196,0.5154522462626403,-0.2713482498582421,0.2121670700346461,-0.7764598413637281,2.528610120143914e-4,1.1097822265802788,1.2224581569230542,1.7556215933338144,-1.0381887348318013,-0.1334459256133771,-1.3211484402468723,0.46994446072055046,0.02492045487345086,0.6359784216467612,1.0381887348318013,-1.755621593333815,0.29881781872750485,-0.6347222057676005,0.391036510778763,0.33072225315718967,0.785900234388976,0.6366201323679207,-0.05703537174666111,-0.762349526635866,0.5118468759157585,0.5008703430854462,-0.7864379342253526,2.751249964617807,2.660436787389163,2.5130613486664073,2.187608932529733,0.9453015509175579,0.45906541823023866,2.512935480408796,1
-1.100207187344929,0.33601437037629844,0.27967722576327125,0.3052077222492148,1,0,0,1,0,0,-0.596493238681898,-0.07566168653330448,1.2630076917346462,-0.6831489459090403,1.4155478923844618,0.4697628307031607,-0.1398721105804956,-1.5695870604574347,0.5285127397139542,0.4526464825570616,0.9844971722055523,1.6403531655202765,-0.408492252460371,1.6457487260158064,-0.7719912535620531,0.16534271498214567,1.0831887910748026,1.4114565575585472,0.6006469349749696,1.6415317570001997,1.8389083103961292,1.3809436080320727,-0.556341137504151,0.46257526769482765,0.09811807016205551,-1.6415317570002004,-0.6006469349749702,1.5521809317424884,-0.7097714541928067,0.04532735367801011,0.12399424524260985,0.5640125913280355,0.41608517572303205,-0.9541866793037505,-1.2606630497196296,0.44983577907224165,1.7498899926222238,1.33810702436318,0.10551720563822252,-0.2022277909676956,-0.008482709938082702,0.3406149251071443,-1.213186194290064,-0.6666892747416404,0.5059771159580343,1
-0.4577006284139859,-0.1535731830814779,-0.15484123025532542,0.3052077222492148,1,0,0,1,0,0,-0.6974447347149578,0.14529770324255853,10.422925586577485,-0.8046653731401109,2.874782447509203,0.733606520813786,-0.25704903452716105,-1.3146271246925394,0.5932650545803257,-0.485563376069411,0.2074172831910215,0.404057306350684,-0.07703150580859291,-0.12674840265806647,0.3541988468742042,0.09715081553947838,-0.05453074918535234,0.018797540661894256,0.21054164239835904,0.3422733367180179,0.2307874292722423,2.159195614818077,-0.7133860036800385,0.6018930376926286,-0.25130048679798445,-0.3422733367180179,-0.21054164239835974,-0.2582324537235989,0.11577027848446049,-0.5642124759469986,-0.43158727602782254,-0.42594766232847037,-0.43454965705011084,-0.30171300108041293,-0.4301405112466897,-0.5423417704240322,0.27882240539001907,2.1727496866658176,0.269735101023162,-0.1532440991387405,0.09305597698558829,0.15732544345452057,-0.04248097655033679,0.1250502895462747,0.40975308478573785,0
-0.07219669305541997,0.5679242641194551,-0.15484123025532542,-0.8681093238500562,1,0,0,1,0,0,0.47611640666936217,-0.5989865570550853,-0.5408308881156891,-0.14789801643884834,-0.949683987365965,-0.3463638378593664,-0.7986813780546248,1.139510791378177,0.9917065100857015,-0.489916708321926,-0.3182441523140145,1.9273693910580203,1.3584189817342531,-0.6044912761087449,1.2255645365412164,0.8824608506766392,-0.26322248106415724,-0.25568422377733724,0.1765838412788985,2.4535682696765635,0.5065853376609739,-0.3362706737926476,-0.46890797092188635,0.400838959745156,0.1641071047001972,-2.453568269676564,-0.17658384127889992,-0.3417899945912644,1.7668537438389946,1.328090278709748,1.6615338041072958,1.4515631635718003,-0.05648973137315825,1.166352774922097,1.1755363964676604,1.2559800380379649,0.44535835866158957,-0.3311783002420958,-0.04957747333644305,-0.2829068128036209,-0.11002139686175369,0.2524949820049213,-1.853415610241477,-1.211010225189582,0.2860364732784985,0
-0.5091011531284612,-0.2566442469673251,0.5693561964423357,-1.6014324776621007,1,0,0,1,0,0,-0.40720918361991093,-0.2355665080816264,-0.13144908275958464,-0.45631828174437516,0.3288257373595386,0.17148530306962345,0.14687859208742232,-1.2100399332476373,-0.4350519916673777,-0.1407361804884552,-0.4901202312276779,-0.26743689525445313,0.07468212479897447,-1.049402915875298,-1.0347076135335411,0.42151656545094623,-0.8901629906896709,-0.9055684171223056,-1.1100395122473277,0.7361716451058063,-1.2527892865241332,0.624270410120584,1.0183141443128976,-0.692544883549081,-0.24693100002201862,-0.7361716451058063,1.110039512247327,-0.9266927806649233,-0.8598699510432187,0.527500651739586,0.6795757665130432,0.2567835470898098,-0.24551969421163483,-0.13859458152457876,0.4557501964577793,0.6978801664463103,-1.192245181842186,0.5034643620605421,-0.1864257194905595,0.35244048415429274,0.04228663352375219,-0.7309235830158842,-0.4540570296619595,-0.15329565102369538,-0.332546584257695,1
0.6217103905899984,-0.9008383962538722,-0.8790386569529866,-0.8681093238500562,1,0,0,1,0,0,1.9525320361528615,-0.7251659980586702,-0.7455217907937414,0.17325254124326683,-2.1184044259347865,-0.691596598478693,0.5424421425904784,0.17265349276237674,-0.2385811685818441,0.37032193234639565,-0.5114249351292363,-0.05035722439360465,0.7900552883521688,0.6960209866463464,0.4101271640616053,-1.2126288525273516,1.1554363240019556,0.050455682084864485,-0.20147967785109497,0.13114384342216265,-0.05882303488599332,0.17388405247924335,-0.8924266013414265,0.6454298408169414,0.714137616351866,-0.13114384342216265,0.20147967785109425,0.4102278732177254,0.11577027848446049,-0.6915790075104341,-1.1551353037288514,-0.71610842633123994,-0.15100471279239655,-0.46483142063624716,-0.4301405112466897,-0.6663639641110671,-0.19302946221276363,-0.02767187758659086,-0.5331079430809875,-0.8793552956620708,-0.6007917169928287,0.6014499566897238,-1.277209135885205,-1.378017789531564,-0.6418381130257917,0
0.030604356373531493,-1.4677292476260335,1.4383931084795292,-1.161438585374874,1,0,0,1,0,0,-0.4703038686405733,-0.19195610220481132,0.6105554394483548,-0.6090817902634353,0.8955665301303254,0.3230836267094573,1.5086461168455096,-0.025807754857224086,-0.5344161832447465,1.4335297354745198,1.4877235305147,1.5386668999908593,-0.9371333182097061,1.029097080151229,-0.32378346575635575,0.9965501642024374,0.8623345440779764,1.5047275299318916,1.98370482418619,0.13114384342216406,-1.0695474729860095,-0.28893721469966904,1.7320016336356765,-1.081530016447473,-0.4650398908354528,-0.13114384342216406,-1.9837048241861908,1.4129183636297125,0.04072103005925432,1.2098213565437015,1.6227723026233125,1.9806798508709664,0.6681251261743327,0.02452383803125581,-0.762349526635866,0.8219023601333442,-0.9979532363586869,-0.2553016945782196,0.05990112358685037,0.9488889670127426,0.39767203775660004,-1.0798785577006862,-0.04248097655033679,0.013711913318286572,-0.332546584257695,1
-0.2006980048416086,1.289421711320388,-1.6032360836506476,0.3052077222492148,1,0,0,1,0,0,-0.6595879237025604,0.09005785579859277,0.57217589519622,-0.6027166440751413,1.357548890776926,0.535052964188163,0.1324828715492999,0.13319735709928185,-1.2651099766054195,0.897277853008288,0.8956795468037573,-0.5518777303029594,-1.212049190282769,-0.1561022370572455,-0.3281629583402459,-1.6534684281416825,1.1079376165834447,0.8872529914947626,-0.9266372014901345,0.16633209230480636,-0.3401961738510196,-0.5115640004422537,0.06787140905963326,-0.11355251683429644,-0.29819742120263437,-0.16633209230480636,0.9266372014901345,-0.17467491285593337,-0.3345252120667762,-0.09113678728281299,-0.9225662948249498,-0.4942207832702994,1.550264952753888,-1.2804235184154193,-1.0945585420250417,0.6358690696027934,-0.38732140769626244,-0.5588081172337243,-0.2959043164138529,-0.21807545597118072,-0.24540631275998087,-0.4771381468814831,0.03983423407198747,0.1250502895462747,-0.332546584257695,1
0.2105061928741954,-1.235819353882877,1.4383931084795292,-0.4281154315628296,1,0,0,1,0,0,-0.6722068607066928,0.1075020181493188,-0.20820817126385424,-0.393824119168396,0.888483452700728,0.3870321821091512,1.2304066722252847,-0.2881878725879318,0.7506955982517071,1.4638776860317035,1.2250026008802448,-0.25843954978957345,-0.8776945544699781,1.399051413392829,0.07148488716484144,-0.05508299240550487,1.7038841320206535,0.8873349153177658,-0.5566704711695901,0.19961827368027837,-0.31299474140645606,0.4671588900131394,-1.081579126445487,-0.2880619739205792,-0.7262535377484123,-0.19961827368027837,0.5566704711695893,1.2736557955169365,0.04072103005925432,-0.06384395909064733,-0.08273376267196997,0.59814915179895,-0.40304466324369825,-0.7910682597479163,-0.6516131881728072,0.5118468759157585,-0.3040534310604773,0.4275877563966659,-0.013084607695344815,-0.5681647828663581,-0.6346379459673855,0.4428340591057229,0.12214944469431245,0.23638866577426285,-0.1469716669968365,0
-1.0488066626304537,-0.7977673323680251,0.27967722576327125,-0.8681093238500562,0,1,0,1,0,0,-0.571255364673633,-0.1338088943690579,-0.08027635709007157,-0.4690485741209635,0.6906548094804147,0.2595822640048661,1.257157920012746,0.9008907313844218,-2.6051507397597744,1.6877812182149015,1.0363274344806221,1.2086972971282477,-0.7940724544938267,0.8119994150058196,1.0394028855162898,-1.3221195853994512,1.0279181958783976,0.423092456425882,1.6643883009928626,-0.0022010997120603167,-0.9367684424180912,-0.1952498081443636,2.2327256557183066,-1.2608174520107998,-0.9342089845256871,0.0022010997120603167,-1.6643883009928633,0.911573118423719,1.1664597564373458,0.4547197765604794,-0.3411437725651945,0.06903246449978255,1.2982250023025865,0.758556726032511,0.012804842605544792,0.139780294854656,-0.7481493064513315,0.12408133374116129,1.0178388466656656,2.167718475462618,1.3622895635314727,-1.3653871733518879,1.2745623934068555,1.4054416161681371,0.6571863078002155,0
0.33900750466038404,1.6501704349208541,-0.8790386569529866,0.5985369837740325,1,0,0,0,1,0,-0.7605394197356201,0.6337342490628872,0.7768667978742723,-0.6368569736305372,2.0032063833954625,0.9795625031203011,-1.6542594458838875,-0.7781580180843838,0.23130127254136798,-1.191715170395606,-1.3739225975127904,-0.6390888321295071,0.9702916381536344,-0.6287236300338302,0.1430118748269706,0.09069417160076917,-0.5568685642237402,-0.5588656502784043,-0.09305301462755473,-0.7793520964162078,1.6720747855361622,1.2113124574736132,-0.22505769225634045,1.0577489762883763,1.2405431328272725,0.7793520964162078,0.09305301462755473,-0.5646101035717058,0.19081952690966666,0.1817914946388332,0.2015172482105774,-0.03337721691295973,-0.08799472517957138,0.2692014673650073,0.34501385799472056,0.07776919801113909,2.2494978524369347,1.8692432640103136,1.5469853984615822,1.1693155802430386,1.5992131663533709,1.870377137361731,0.03983423407198747,-0.32030321536567735,1.770635811365363,0
0.8016122270906633,-0.7462318004251005,-0.4445202009343899,-0.4281154315628296,1,0,0,1,0,0,-0.5586364276695006,-0.13962361515263325,-0.2721740783507456,-0.3452175482759678,0.4742445592557529,0.15941110030184907,-0.6825531393937496,-1.815042776495531,1.2775739875615884,-0.550703965326614,0.7724343674448563,-0.0318342913751196,-1.2486749850081607,-0.77986784527857,-0.8135887821395351,0.6633172320746865,-1.1873859848458725,-0.15723115421728975,-0.9971070548845234,0.9455004604204603,0.16987199341285417,1.6761677904603647,-1.0799165918135594,-0.43342608832078217,-1.1577081279289363,-0.9455004604204603,0.9971070548845228,-0.7038726716844818,-0.7097714541928067,0.21818193222838655,0.5374502610717695,7.593435579547688e-4,0.3215701943037938,-0.9541866793037505,-0.6516131881728072,0.20179139169817292,0.11228645211844858,1.4898602356909325,-0.13168642102891215,-0.6589286824317738,-0.7700228618656133,0.030432725387320277,0.2044646553166367,0.793080546914203,-0.20882997275045564,1
-0.48340089077122306,-0.6173929705677911,0.5693561964423357,1.0385308760612593,1,0,0,1,0,0,1.3215851859462378,-0.6908591454355757,-0.4512786181940413,-0.21733597485660297,-1.1145248683432651,-0.3633571602732711,-1.567371310320797,-0.3709303003028968,2.05356984833124,-2.6371498083433926,-1.7335136481561335,-1.249418410413498,1.8825624979630953,-1.132196322392039,-1.8403517395106461,1.528316112507812,-2.941952173836886,-1.8476572185095654,-0.8569681418843186,-0.8541271252918234,1.0481907359774072,-1.3345104944142399,-1.2714884748396182,0.6454298408169391,0.4497749865293589,0.8541271252918234,0.8569681418843179,-1.038102835155144,-1.685411683720486,0.2636699792153276,1.0413497803635572,-0.3747428216220998,-0.5605696322757617,1.4110304042558486,2.227531611866718,0.139780294854656,2.221741860225006,-0.7105613285614767,3.326012598465096,1.8694942340333933,2.0899834864844458,4.027553344504143,1.5215080252738291,1.127095675598167,3.317093455205848,0
0.2619067175886707,-0.978141694168258,0.5693561964423357,0.3052077222492148,1,0,0,0,1,0,-0.7479204827314877,0.59012384318607225,0.29072590401389814,-0.5570033214501194,1.6698737409153168,0.8843104590634143,0.7452387666206619,-1.8777452042737175,-1.1476019713584764,0.5585069912972997,0.4633126241217333,0.33399653949908986,-0.4145243992140524,1.1597232070060508,0.5417735601302678,-1.134837895722016,1.2860577694028557,1.075633235964775,-0.5745260083472232,1.0253393444398995,0.12250911772966143,3.120001081381004,0.42840769788947397,0.5207259561567098,0.44781739735669424,-1.0253393444398995,0.57452600834722245,0.4659329004628361,-0.10937746679115769,-1.546754290864926,-1.77531932747259,-1.3134982345722352,-0.15100471279239655,-1.7697787770829225,-1.814344742034923,-1.2864749325462383,-0.08200549336504998,2.400379503657447,-0.7064490548762022,-0.39960325510201306,-0.1777138548108673,-0.826093121566285,-1.277209135885205,-1.0440026608476,-0.45626319576493324,0
-0.9460056132015023,0.23294330649045036,0.27967722576327125,0.5985369837740325,1,0,0,1,0,0,-0.29363875058271866,-0.3024357970927428,-0.6559695208720935,0.06909560361663487,-0.6620802742757668,-0.28599282402049453,-0.30797159434445404,4.2348112753330485,-0.5071191034935031,-0.8071122035272041,-0.6874767830207412,-0.372905404865674,0.3357163632385672,0.2989503103250266,4.760120444911052,-1.564478696780714,-0.1489165417115731,-0.6261897116611828,-1.2550770539175564,0.7361716451058063,0.7269496264485094,-1.0438272107732696,-0.8789014094481219,0.9426934228050768,0.2824011122665228,-0.7361716451058063,1.2550770539175558,0.24311279148239442,4.318528190296002,-0.10023439668020068,-0.8838047933409655,-0.8867912286858101,0.8256500952063961,-0.5463906304141645,0.012804842605544792,0.07776919801113909,0.8616982418405155,-0.8623145398892288,0.5799244589724931,0.002351157259115363,0.38074892326932136,0.8552353928241243,-0.4540570296619595,-0.15329565102369538,0.7190446135538346,1
-0.3034990542705592,0.2587110724619126,1.4383931084795292,0.3052077222492148,1,0,0,1,0,0,-0.6091121756860305,-0.03205128065648941,-0.06748317567269331,-0.4702058734279261,0.8028326102745981,0.3387353710380537,1.9082630991261376,2.242591699786552,-0.8568077607800059,2.2181393116519925,1.4560070881385507,0.19116493095803058,-1.118379569683736,2.4677749905962703,2.213996177389392,-0.5573833026986253,2.4019968895601775,1.5655757324245096,0.09517567272851181,0.16633209230480636,-0.18771459791121806,-0.860094719196555,0.6111684468448395,-0.6147841090787105,-0.3644005358106857,-0.16633209230480636,-0.09517567272851252,2.666281476644696,2.4422969796658496,0.6548671833030202,0.24027874969456073,1.2296755205108585,0.7941451013999841,-0.9541866793037505,-1.0945585420250417,0.8839134569768611,-0.16527347000083534,-0.7864379342253526,0.0872707728176734,0.39133929825375646,0.10997909147286698,-0.3819686083310823,0.03983423407198747,0.1250502895462747,0.038603250264021984,0
-1.305809286202831,-0.6173929705677911,-0.4445202009343899,-0.13478617003801185,1,0,0,1,0,0,-0.48292280564470574,-0.1745119398540853,-0.3617263482723934,-0.27520094020473185,0.2068248571894619,0.07846922248825047,0.02714359680702517,0.7726968822667688,-0.2473458016572206,-0.3262226408670106,-0.5128423015486119,-0.06086655994626188,0.4831930833286594,-0.17728446813610066,0.012520001166135662,-0.35608041629814485,-0.4075457678615211,-0.29681587875626064,-0.31054414497595056,0.22497917377587734,-0.2148843837909988,-1.0480084581079632,-0.019696481116371903,0.0365903345973358,0.3769371738774236,-0.22497917377587734,0.3105441449759499,-0.20252742647848845,-0.03432821836595151,-0.12752722487236504,-0.28946177058654887,-0.42594766232847037,0.2270552128845555,-0.22015379130249568,-0.09793149585751397,0.07776919801113909,-0.3318094232724056,-1.0899443568808573,-0.5513543759015367,-0.47740088330094144,-0.4315605721200442,-0.0647368131630805,-0.8656330827735822,-0.8769950965056176,-0.2706882785040748,0
-0.3291993166277972,1.5213316050635446,-1.6032360836506476,-0.13478617003801185,1,0,0,1,0,0,-0.3945902466157784,-0.25882539121592774,-0.24658771551598904,-0.3706781330291445,0.19661880534795861,0.08741307639030557,-0.7923392612804506,1.0614249010311654,0.13003285206430784,-0.46538468436102437,-0.4847472691731533,-0.17430711596497986,0.5022903588540584,-1.1383165313171264,0.3715086201625823,0.45561667230773806,-1.165077450974406,-0.8391129659164822,-0.8251557858999272,0.5806453452778549,-0.03562543523085073,-1.0846698071611343,0.28009155126666624,-0.5265661722525662,-0.18903530024045775,-0.5806453452778549,0.8251557858999266,-1.0938078624002545,0.26586877533487285,-0.20030810005147043,0.05939174276930372,-0.40887938209301433,-0.4660546508565234,-0.22015379130249568,0.17890935030013266,-0.4803306735805153,-0.1375174777889068,-1.0899443568808573,-0.3871364805165972,-0.1921429132382052,-0.38079122865820925,-0.3185222492974822,-0.6186874509066087,-0.4316415915936655,-0.45626319576493324,1
-0.7404035143436003,-1.0296772261111817,-0.4445202009343899,-0.13478617003801185,1,0,0,1,0,0,-0.4955417426488382,-0.16578985867872228,-0.8478672421327675,2.181166838823338,-2.180874099947691,-1.8131558777964016,0.5798790877734867,1.5089565331409551,-0.07384552673342576,-0.7610462544875615,-1.0784308133254905,-1.2809146271155794,0.961328372948745,0.9506656234747867,1.291419542666612,-0.00689533948468119,0.1750416551502345,-0.10410971309231412,0.02218903885575044,-1.7690215962405276,0.1435579022534874,-0.777374449205711,0.09402015768628373,1.2016927001042157,1.3003700029895675,1.7690215962405276,-0.02218903885575115,0.6330479821981672,0.8662627627365218,-0.6733837887156574,-0.5737127814690962,-0.47715250303484213,-0.6865896075014126,0.02452383803125581,0.012804842605544792,-0.6043528672675491,0.05677446769459199,-0.7864379342253526,-0.25028823436248077,-0.16621037050522874,0.31305646532020776,0.09387908442092041,-0.28942660841731066,-0.9883334727336057,-0.1469716669968365,0
0.6217103905899984,-1.1069805240255675,0.5693561964423357,0.3052077222492148,1,0,0,1,0,0,-0.6217311126901629,-0.01751447869755106,-0.6175899766199587,-0.07267356148628083,0.061917318548039696,0.042693806880030105,-1.5714531070157338,-0.3992948135101044,0.8713483982996217,-1.4411199777489592,-1.1810157958432528,-1.3190811179208348,0.7296654462959087,-0.670000225630702,-0.9980799520080957,1.1137917860722029,-0.8354735496902338,-0.16335256672771262,-0.7471295343976714,-1.0580753433055055,1.515687467637104,-0.45180992305603546,-0.07190911948752318,1.1184188463097413,1.375896388572027,1.0580753433055055,0.7471295343976706,-0.45320004908148526,-0.7097714541928067,1.091552434377654,1.584010801139329,1.0931292786272029,0.19555021907814235,-0.13859458152457876,0.2342775195316623,1.0079356506638961,1.3057941172313696,-0.482931511569848,-0.21379536872138252,-0.21807545597118072,0.22844089288381547,0.41111087958892223,-0.7010026615289333,-1.1553410370755877,0.10046155601764112,0
-0.14929748012713334,0.5679242641194551,0.27967722576327125,-0.8681093238500562,1,0,0,1,0,0,10.293649395884426,-0.8112238656555852,-0.5408308881156891,-0.14789801643884834,-2.3569496561053955,-0.5095891715718719,-0.32407439208604677,1.6857562738286056,-0.1465587762560592,0.18709266969586955,-0.23133723841248377,0.8558337266116967,0.3745427552143618,0.1603354322410779,1.8364175218080543,-0.5665678358053505,0.4878156030640088,-0.14607277680016814,-0.8350596325743129,1.9954571049780119,0.6108386057615609,-0.47407063031883107,-0.3689952785004863,0.23095947507348172,0.15813810411439547,-1.9954571049780119,0.8350596325743123,-0.007559831120602114,1.391607501712964,-0.555114866549611,-0.7416792878996918,-0.5283573437412127,-0.37153966943728567,-1.1173050988595852,-0.9284540343304539,-0.6043528672675491,0.6951622885689447,-0.3311783002420958,0.42482977999782756,0.15794641365697218,0.24536400737109418,0.6331731362065233,-1.5241547677521787,-0.9326642846196119,0.7190446135538346,1
-1.1259074497021662,0.026801178718756015,-1.6032360836506476,1.478524768348486,1,0,0,1,0,0,-0.785777293743885,1.0669309474392503,-0.4896581624461761,-0.18840349218253855,1.2927480394660236,0.9661467222672184,-1.3789603859932513,-0.597663528767676,0.11630318292931062,-1.378651151523243,-1.2284139914059722,-1.5922857381809143,0.6080401285376558,-0.8236971916730403,-0.9895796394431009,1.1036462795786,-0.976977291276295,-0.17570861197722687,0.06512235289855199,-2.2362753928788943,1.0944494557495692,-0.17102720944096234,0.950067728490982,0.8937148043214114,1.4254530908988403,2.2362753928788943,-0.0651223528985527,-0.7874302125521474,-0.9349191994684248,-0.06384395909064733,0.5116092600824467,0.06903246449978255,-0.43454965705011084,-0.05703537174666111,-0.09793149585751397,-0.17027518936292965,1.5555980471387252,0.27583454506891375,1.4283835851280149,1.791696605834465,2.140752829946282,0.7917890337905242,0.4514102871836102,-0.48731077970765985,0.8427612250610729,1
-0.2006980048416086,-0.1535731830814779,-1.6032360836506476,-0.13478617003801185,1,0,0,1,0,0,-0.6595879237025604,0.09005785579859277,0.17558727125749374,-0.5373292332317556,1.1442343644453645,0.48452018964155164,-0.5995374911859056,0.5386295381634713,-1.461028290296364,0.16947368048924252,0.02425331625062571,-0.8811402888909526,-0.5854327500014119,-0.17602365638076486,-0.10853275344407169,-1.9565768503538656,1.383119044952646,1.057247610254259,-0.6392523306161391,-0.567767582660665,0.657790712422543,-0.84801167476643,0.031103574519072787,1.1425291600721557,1.0006660159077347,0.567767582660665,0.6392523306161384,-0.23037994010104354,-0.18442671521636386,-0.2548937564358004,-1.1938968052128347,-0.6819718658603261,1.6762849279795395,-1.2804235184154193,-1.2052948804881005,0.5118468759157585,0.5008703430854462,-0.8623145398892288,-0.3050275328241268,-0.24400799870415715,0.2115177783965368,-0.12818317219668063,-0.37174181903963527,-0.6543183440496418,-0.1469716669968365,1
-0.7918040390580765,-1.235819353882877,-0.8790386569529866,-0.4281154315628296,1,0,0,1,0,0,-0.06649788450833415,-0.4739700602082154,-0.20820817126385424,-0.393824119168396,-0.12916333721322132,-0.060160512993603456,-0.46260707578929594,-0.5443189417742851,2.445323016638046,-0.5311307752405979,0.09048894820115011,-0.08070773108524545,0.28096647748181375,-0.8697034491504555,-0.17544249536612017,2.147905598716722,-1.0057158662435224,-0.6256518770902171,-0.27639264516917894,0.1640471410786609,-0.2257310389981298,0.5713403894576059,-1.1844004990661534,-0.27972722557470786,-0.7284673491667187,-0.1640471410786609,0.27639264516917894,-0.7595776989295921,-0.03432821836595151,0.43652455776570404,1.5452492996553449,0.9736513169790033,-1.4742144526617298,0.758556726032511,1.009431888773073,0.38782468222872474,-0.19302946221276363,0.5793409677244183,0.12376363845877164,-0.5162996974004062,-0.5838686025055501,0.6331731362065233,0.28677986593896093,0.4033962301162448,-0.023255055489598248,0
1.3927182613071303,1.6501704349208541,-0.4445202009343899,0.5985369837740325,1,0,0,0,1,0,-0.4576849316364408,-0.21347056910404008,0.7768667978742723,-0.6368569736305372,0.9437501693025123,0.32800274635558757,-0.9923332672654142,-0.9563985300803323,0.2903239862764504,-0.48257049284586273,-1.0394225377102675,-1.1660020518495147,0.47936305169770416,0.3412831028266716,-0.11823024250198845,0.14165484963685676,0.2597464126814788,-0.3400654426609561,-0.5566704711695901,-1.0381887348318,1.7208696193309205,1.1942465356598528,-0.25453315240759916,0.9094816994847877,1.0192924893543618,1.0381887348318,0.5566704711695893,0.10385022336961848,-0.3345252120667762,-0.7097742263052108,-0.5349512799851129,-0.40887938209301433,-1.0961545269847772,-0.7910682597479163,-0.6516131881728072,-0.9764194483286528,2.2494978524369347,1.793366658346437,1.4283835851280149,1.0526191379446466,1.4130589069933075,1.6800380602609295,0.2044646553166367,-0.26463402725168356,1.4613442825972665,0
0.7759119647334253,0.8771374557769975,-0.15484123025532542,-0.8681093238500562,1,0,0,1,0,0,-0.7100636717190902,0.17146394676864757,0.39307135535292426,-0.5870931034311464,1.4911402126940208,0.5855857387347742,0.5910303329087461,0.16930892411565185,0.12041221567173802,0.5859910376659749,1.041202281232709,-0.16521278767406922,-1.3747652219564424,-0.47906584163563265,-3.815073612875388e-4,0.0763184178555242,0.47581196146492666,1.234666710418305,0.4407888507730546,-0.6624995530634572,-1.3005190094848342,-0.23276399746464374,-0.0879148828317265,-0.3198290908099359,-0.14820222514142828,0.6624995530634572,-0.4407888507730553,-0.3417899945912644,0.19081952690966666,0.6002815269186915,0.5503707615664309,0.7346953936826055,1.2352150146897614,-0.7910682597479163,-1.0391903727935126,0.9459245538203791,-1.1644891896302574,-0.02767187758659086,0.6437869738444144,0.4950694691856613,0.3299795798074865,0.6331731362065233,1.0276167615398821,0.7374113588002092,0.47161139053935697,1
0.8016122270906633,0.3617821363477598,-0.4445202009343899,-0.13478617003801185,1,0,0,1,0,0,-0.5586364276695006,-0.13962361515263325,0.12441454558798068,-0.5332786856573866,0.8133652694943978,0.30474872621024435,-0.843102838584012,-0.49026979551587807,0.35391542913142576,-1.5077266885881195,-0.8251926366985325,-1.14292616297511,-0.009215157016919445,-0.7204889978295178,-0.8901652816821674,0.7028782839006034,-1.2527124288026563,-0.23325340007353995,-1.3255027532684673,-0.2441974779926877,0.45245090308140024,-0.2188373574435563,0.22251064213709923,0.7946732852718883,0.8450642962324099,0.2441974779926877,1.3255027532684667,-0.6481676444393714,-0.7848207026180125,0.20908432283099887,0.5503707615664309,-0.01630893667750248,0.25856020669096863,-1.1173050988595852,-0.7069813574043363,0.2638024885416898,0.3620903820258042,-0.2553016945782196,-0.15905607025973648,-0.02358138547386016,0.2961333508329291,-0.09645999267988113,-0.7010026615289333,-0.8769950965056176,-0.20882997275045564,0
-0.6119022025574117,-1.2873548858258006,1.0038746524609323,0.3052077222492148,1,0,0,1,0,0,-0.43244705762817587,-0.22102970612268805,-0.822280879298011,1.6979943781664621,-1.5695233804167184,-1.482233283420363,-1.1154199448393523,-0.8968095922622145,-1.6855920786728789,-0.43217263069572226,-0.5994827634455079,-0.6198115074472779,0.09088366057731755,1.0762886552616417,-1.3590972158422312,-1.2069423279944433,0.841944855039789,0.6040579753738157,0.5391776954544716,-1.3800988454323733,2.626433528446199,-0.1306144454364644,1.091400196654694,1.4186954485472758,1.3691019953334675,1.3800988454323733,-0.53917769545447225,2.359903826796588,-0.7097714541928067,3.538809362275082,2.0749898199364556,2.4244551369928486,4.133674444879729,1.0032343553662626,0.7879592118469556,3.7364239117786497,2.471545790132362,-0.1035484832504671,0.06902433999712428,0.6247321828505417,1.209981533145967,-0.7626467625326843,-0.12479618717266176,-0.7099875321636356,0.2860364732784985,0
-0.9717058755587404,0.9802085196628456,0.27967722576327125,-1.6014324776621007,0,1,0,0,1,0,0.29945128861150755,-0.5623538161185606,-0.2977604411855021,-0.3081839704531653,-0.4823762997532824,-0.19431832152442985,0.4714166888441295,2.7973589303073747,-0.13521682662869292,0.1257525985804073,-0.18753179776682752,-1.8514403594639788,-0.6690460457982792,0.053387393028627175,2.5853916117436615,0.27490295244214413,0.29698407529180926,0.34916912962467556,-0.964482122757493,-1.5685822038710444,-0.6021723273226101,-1.2494743602193437,0.4610968874566184,0.12460067751497567,0.5846962164694752,1.5685822038710444,0.9644821227574922,-0.14682239923337803,1.9169522406894068,-0.7370670544973751,-0.4961897785011287,-0.3576745413866426,-0.655084613695,-1.1173050988595852,-0.8730858650989243,-0.4803306735805153,-0.4150773999081907,-1.0140677512169813,0.8992370333320981,1.026686595211671,1.0238272737859035,0.6966194952401235,1.2745623934068555,0.514734606344233,0.5953280020465953,1
-0.6119022025574117,-0.3339475448817109,-0.15484123025532542,-1.6014324776621007,1,0,0,1,0,0,-0.34411449859924853,-0.27917691395844146,-0.4128990739419065,-0.25494820233288673,-0.08253450726282362,-0.01767720695884177,0.6852530754748489,-0.7272808687881758,-0.46525407638343463,1.0089070087782006,1.0414581456793028,0.5369732581031403,-1.203937843043419,-0.1955092198750308,-0.7670916852109781,-0.1220212812913637,0.10484663411082643,0.41761604709438516,0.2181716668474219,0.5159874767715705,-1.1482115912414343,0.22976020591532031,0.5133982885096641,-1.2590041519766222,-0.946225808181123,-0.5159874767715705,-0.2181716668474226,-0.2582324537235989,-0.7848207026180125,-0.30038180342274146,-0.3153027715758717,-0.2552648599739003,0.19555021907814235,-0.709509049969999,-0.8730858650989243,-0.17027518936292965,-1.0812212129944723,0.19995793940503753,-0.031331040515893936,0.2357440418559006,-0.29617565622181696,-0.44541496736468245,0.2044646553166367,0.514734606344233,-0.45626319576493324,1
-1.100207187344929,-1.0296772261111817,0.27967722576327125,-0.13478617003801185,1,0,0,1,0,0,-0.596493238681898,-0.07566168653330448,-0.8478672421327675,2.181166838823338,-1.9495568978653288,-1.7438410100554746,1.1459342986469137,0.4023943719208284,-0.23776561082117428,-0.0041694017631160145,-0.11995312438895116,-0.21696795937084018,0.22713664140566686,1.468144115925797,-0.04808002969077426,-0.33113356009684,1.0583565023678803,1.2477690894861102,1.637356214373321,-1.919828377166137,-0.1264972353837017,-0.6004644220620082,-0.0077237383108691975,1.0550807837029204,1.3741485938616418,1.9198283771661375,-1.6373562143733216,1.3850658500071569,-0.03432821836595151,0.04532735367801011,-0.1344157646506147,0.2909201075607231,0.7626401075935709,-0.22015379130249568,-0.8730858650989243,0.139780294854656,-0.3318094232724056,-0.7864379342253526,-0.8797901666714156,-0.7496925819971905,-0.33002188519637315,-0.12818317219668063,-0.8656330827735822,-1.545025353873546,-0.9511296417938885,0
1.8810232460946468,-1.235819353882877,-0.8790386569529866,-0.4281154315628296,1,0,0,1,0,0,-0.7731583567397526,0.7936390706112092,-0.20820817126385424,-0.393824119168396,1.517474810646452,0.9147195623304016,-0.034559627239892546,-0.5662166644561855,0.8301255888389166,1.061566200434418,1.495462693297638,1.356288945831126,-1.0568770569936232,-0.10775924600151605,-0.3685012939540072,0.008996238882710011,1.514004997651491,1.668532033731253,1.6167883223801933,0.24630538521990228,-0.05961576596457266,0.40799363473588846,-1.1257691368314897,0.06715398884002041,-0.3151779654858518,-0.24630538521990228,-1.616788322380194,-0.03541234474315745,-0.25947596364157,0.3091580262022686,0.26611975068388355,0.8883099158017184,0.6996301199807459,-0.709509049969999,-1.3160312189511594,0.6358690696027934,-0.08200549336504998,0.35171115073279,-0.06782390615699217,-0.6329961396987983,-0.5669454880182719,0.6014499566897238,-0.28942660841731066,-0.2089648391376897,-0.20882997275045564,1
0.7759119647334253,1.6501704349208541,-0.15484123025532542,0.5985369837740325,1,0,0,0,1,0,-0.7100636717190902,0.17146394676864757,0.7768667978742723,-0.6368569736305372,1.666941543829031,0.6240443105136111,-1.6668858734007785,-0.8066657467878011,0.2904059679992685,-0.46700634722071177,0.13944943801781734,-1.0266923480526966,-0.4726402525078328,-0.4561167585569279,0.29754029334515636,-0.14309759320528717,0.4222707917517287,1.0914689418254961,-0.003877616098807187,-1.3964401374831386,1.8620988925747155,1.405243387175434,-0.5407939678045505,1.0496119350703137,0.8843158854067542,1.3964401374831386,0.0038776160988064777,-0.3974950218363748,0.340918023760079,0.1908891040362222,0.08523274375862654,0.2567835470898098,1.0146800580448727,-1.0357458890816678,-1.149926711256571,0.5118468759157585,2.471545790132362,2.096873081001942,1.5652318312821314,0.9877877811122063,1.4130589069933075,1.8386539578449304,0.5337254978059351,-0.09762646290970158,1.4613442825972665,1
0.3647077670176212,-1.2873548858258006,-0.15484123025532542,0.3052077222492148,1,0,0,1,0,0,0.13540510755778543,-0.5385134609059017,-0.822280879298011,1.6979943781664621,-2.1475364874649885,-1.726400494946467,-1.6821091147212541,-0.5321767455816347,-0.3997004577684912,-0.5560410389719965,-0.2902355306284808,-1.3573097059248793,-0.028271431864567168,0.5467102972409982,-0.648552045971241,0.6189303217436665,0.8601182735303479,1.1214380188302076,-0.37315522795503414,-1.4811177417461807,2.885280158408136,0.08072408222688128,1.168369199753829,1.6040541274897007,1.4721863595704383,1.4811177417461807,0.3731552279550334,0.4659329004628361,-0.6347222057676005,-0.11842961547497735,0.21443774870523882,0.5640125913280355,-0.24551969421163483,-1.1988643086375024,-1.2052948804881005,0.07776919801113909,2.221741860225006,-0.17942508891434333,-0.7429419205172992,-0.08841274230630035,0.549980068142106,-1.3653871733518879,-0.8656330827735822,-1.4336869776455579,-0.7036964187794109,0
0.23620645523143258,-0.978141694168258,-0.4445202009343899,0.3052077222492148,1,0,0,0,1,0,-0.5460174906653681,-0.14543833593620858,0.29072590401389814,-0.5570033214501194,0.8867977228231635,0.31861169975842973,0.4117614642403562,-1.882885909665003,-0.5233925272312171,0.12002438575128463,-0.3827331332631795,0.602728150251268,0.7555947592787051,0.5315486146995707,-0.19467583076700412,-0.5354765614158857,0.3841477892537666,0.12854321175993141,-0.18963998474047816,1.0101319379600069,-0.041447226650095155,2.389298027904215,0.1773928154182809,0.21876917019867367,0.6230692453441166,-1.0101319379600069,0.18963998474047747,0.8837206048011639,0.19081952690966666,1.2462117941332536,0.7312577684916879,0.8712416355662611,1.2667200084961745,0.758556726032511,0.954063719541543,1.6900577159425842,-0.3040534310604773,1.5657368413548085,-1.0531312784666302,-0.8145239388296306,-0.685407289429221,-0.5088613263982832,-1.3595243465075295,-1.1553410370755877,-0.7036964187794109,0
1.8810232460946468,-1.132748289997029,-0.8790386569529866,-1.6014324776621007,1,0,0,1,0,0,-0.7731583567397526,0.7936390706112092,-0.8094876978806327,1.0643730076044513,-0.1581902790310473,-0.21220602932854002,0.7946844803340932,0.3655449024075719,-1.2536540212462592,1.4096944211903049,0.9370493462829934,1.1686519101591597,-0.6030568694937771,0.06980671763450923,-0.4263293051040012,-0.20014768360568475,1.6691958295036253,1.7810656653921144,1.6167883223801933,-0.009609152108405178,-1.0352780649167717,-0.9288091893326043,1.5126579248472658,-0.24926020571763172,0.5206539228883321,0.009609152108405178,-1.616788322380194,0.04814519612450831,-0.40957446049198204,-0.03655113089848297,-0.1344157646506147,0.529876030857121,0.6366201323679207,-0.709509049969999,-1.3160312189511594,0.38782468222872474,-1.053465220782544,-1.0140677512169813,-0.6790794056453779,0.13201387092399572,0.025363519036474696,-1.0798785577006862,-0.7833178721512579,-0.8769950965056176,-0.5799798072721716,1
0.7759119647334253,-1.2873548858258006,-0.15484123025532542,0.3052077222492148,1,0,0,1,0,0,-0.7100636717190902,0.17146394676864757,-0.822280879298011,1.6979943781664621,-0.8038477716495906,-1.1803782142260038,-2.276530134573606,0.3813442596474364,-0.8222984014909971,-0.9675756639840387,-0.47527308183986133,-1.6200015558656333,-0.10500608977075836,-0.30684351113692865,0.40913749901817176,-0.11120865032849658,0.4038857947224396,0.9205959874572354,-0.37315522795503414,-1.839398094005812,2.858976148111355,-0.11354199912092805,1.0123554933389234,1.7076185396364765,1.5166610856316323,1.8393980940058123,0.3731552279550334,-0.3139374809687093,0.340918023760079,-0.09113678728281299,-0.1344157646506147,0.03489590402886805,0.6051151385615076,-1.1988643086375024,-1.2052948804881005,0.20179139169817292,2.221741860225006,-0.3311783002420958,-0.7064490548762022,-0.127311556405765,0.549980068142106,-1.238494455284687,-0.7010026615289333,-1.378017789531564,-0.7036964187794109,1
-0.6119022025574117,-0.978141694168258,-0.15484123025532542,0.3052077222492148,1,0,0,0,1,0,-0.34411449859924853,-0.27917691395844146,0.29072590401389814,-0.5570033214501194,0.5391829959276805,0.21575737988479615,-0.15889702979199608,-2.124359263682061,-0.13180956513478218,-0.3561071334999865,-0.6094208289937504,0.29369225468878846,0.36815292159796814,-0.26924686395470177,-0.5376269662695214,0.08094174821871787,-0.06142053990710815,0.09647916698866786,-0.7279513648365102,1.122534507594003,-0.04807810611616187,2.3771668655027742,0.26152674215318994,0.4201742072607102,0.886470053083269,-1.122534507594003,0.7279513648365102,-0.3696425082138195,-0.6347222057676005,-0.50962681956267,-0.39282577454383927,-0.3918111018575571,-0.30852968182446,-1.0357458890816678,-0.8730858650989243,-0.4803306735805153,-0.27629743884854874,1.6416134470186852,-0.9162830323125138,-0.6589286824317738,-0.4654068010946016,-0.3819686083310823,-1.5241547677521787,-1.32234860141757,-0.45626319576493324,0
-1.0231064002732158,1.8820803286640106,-0.15484123025532542,-0.8681093238500562,1,0,0,1,0,0,-0.8236341047562825,2.1891720586692913,-0.7966945164632545,0.7924076704682457,1.048156237724814,1.0712370056163658,-0.1892135624963923,0.05910109026583052,0.09055959565220124,-0.45712835411965874,-0.3178695835125337,0.5239984675230042,0.26084297179309485,-0.2353279725306713,-0.3836141753136032,-0.10118065137151096,0.8765967617989906,1.3097848316011518,1.9236829213303015,-1.1932138872518323,0.027969127252317486,-0.4654143607283253,-0.2254747978245199,1.4867692584585805,1.6919959856624025,1.1932138872518323,-1.9236829213303022,-0.5646101035717058,-0.7848207026180125,-1.5285590720701494,-1.3360223106541085,-0.9892009100985523,-0.5290646384693491,-1.1173050988595852,-1.7589765728033937,-1.720552610450858,-0.026493508941193386,-0.482931511569848,-0.1681792866700104,-0.2569742700706454,0.3299795798074865,0.6331731362065233,-0.9479482933959068,-1.4336869776455579,0.2860364732784985,1
-0.9460056132015023,0.6194597960623787,-1.168717627632051,-0.8681093238500562,1,0,0,1,0,0,-0.15483044353726144,-0.4303596543314004,1.7235622227602638,-0.7103454796226609,0.8571543151779819,0.21799334336030993,-1.3432957184208525,-0.7280551469332006,2.4227753432518213,-2.02904676528594,-0.7720027253837851,-0.10970383893290436,0.2814378106445352,-1.1491169000084573,-0.7828457471149103,1.9445544917804938,-1.573875880735435,-1.1178263401032784,-0.47959406901947754,0.3260326064644921,0.719701329050594,0.21504085359288608,-1.3579253255605725,1.1804828948308526,-0.08769850129035901,-0.3260326064644921,0.4795940690194761,-1.038102835155144,-0.6347222057676005,0.41832933897092733,1.4160442947087326,0.5810808715634928,-1.2851844898232538,0.2692014673650073,0.5664865349208381,0.2638024885416898,0.44535835866158957,-0.02767187758659086,-0.6334633235940058,-1.1775795370912954,-0.7192535184037778,-0.12818317219668063,-0.37174181903963527,-0.26463402725168356,-0.6418381130257917,1
0.3647077670176212,1.547099371035007,-0.15484123025532542,1.0385308760612593,1,0,0,0,1,0,-0.00340319948767178,-0.49490305502908666,6.712902975537787,-0.7930923800704851,1.4328626115333183,0.23230350960359808,-0.7622282662349097,-1.9715213678683075,1.2115398304378702,-0.3207141439355887,0.9301489461707763,0.005404265642782771,-1.1822543984405893,0.37866340904679413,-0.5256115436037052,0.31982877921788827,0.7573519189706347,0.7672748567511509,-0.16027754582615011,0.16633209230480636,1.4382529755576454,2.1794288436508027,-1.3348184560890488,1.1842413162834389,-0.46014462527988165,-0.16633209230480636,0.16027754582614942,0.35452284597261524,-0.4846237089171882,0.02713213488323473,0.188596747715916,0.4957394703862077,-0.11949971898598452,-0.7910682597479163,-0.8177176958673952,0.07776919801113909,0.8894542340524437,1.413983630027056,-1.0257616292358074,-1.4628375071540325,-1.0069464646875115,-0.7626467625326843,0.03983423407198747,0.1250502895462747,-1.0129879475475077,0
0.18480593051695732,-0.2566442469673251,-1.6032360836506476,-1.6014324776621007,0,1,0,1,0,0,0.2868323516073751,-0.5588649836484154,-0.09306953850744984,-0.45631828174437516,-0.27085326662254144,-0.07715383540750813,-0.12842738949089208,-0.45671623670344164,0.3441164834728836,-1.200205534177199,-0.9023523813529221,-0.32103665981230406,0.7592518043533382,-1.3197249339861565,0.16771572863451248,1.3950403883559626,-2.348956663758701,-1.6701363772822522,-0.8684646863737263,0.42347698798565403,-1.1400721928380153,0.7948713031665469,0.9314622922377015,-0.7077849727111427,-0.45746081740950095,-0.42347698798565403,0.8684646863737256,-1.17736540326792,0.41596727218528484,0.764038496071679,1.4418852956980555,0.22264698661889537,-0.49755964466293656,1.0032343553662626,1.7292180887829538,0.38782468222872474,-1.053465220782544,0.8069707847160468,0.16025650409986858,0.6247321828505417,0.27921023634565156,-0.635754044465484,0.2044646553166367,0.45906541823023866,-0.023255055489598248,1
-1.3572098109173063,0.928672987719922,-0.15484123025532542,-0.4281154315628296,1,0,0,1,0,0,0.11016723354952047,-0.5268840193387511,-0.2210013526812325,-0.3683635344152193,-0.27820839517963436,-0.12053152683247534,-0.24500090786614542,1.2408653296836465,-1.292873255913433,-0.39362604490020797,-0.555123891951973,-0.010604225427724604,0.47381153176385576,-0.5181089515730927,0.6748767385335444,-1.6045389704976556,-0.7603448752112859,-0.5782202388170763,0.33216239355632987,-0.3438975164935092,-0.17700863334902686,-1.0270499055390625,0.15499412814239086,-0.22218157072738295,0.15716872549854538,0.3438975164935085,-0.3321623935563306,-0.3139374809687093,1.0163612595869336,0.9641859028142197,-0.12149526415595328,-0.40887938209301433,2.243374816494967,0.8401159358104279,0.7325910426154264,0.5738579727592754,0.27882240539001907,-0.5588081172337243,2.012269435385579,1.8046628772009532,1.582290051866092,1.648314880744129,0.6983559190505837,0.5704037944582268,1.646919199858125,0
0.3904080293748593,1.8563125626925503,0.27967722576327125,1.7718540298733036,1,0,0,1,0,0,0.816827705780939,-0.6472487395587606,-0.06748317567269331,-0.46210477827918806,-0.5037327208928611,-0.14065519811209928,-0.42955043577276697,-0.13916328616493898,-1.515634068316885,-1.1329861686887175,-2.2999418067012813,-1.4628753593039892,2.154031928885972,0.3808958314824146,0.710375198942039,-1.358870576549535,-0.5727858766869112,-2.071545937056111,-1.3523925657479052,-0.653901033058197,0.9778869642175663,0.9026442574658927,0.7063886649775677,0.9626265492940778,0.9675755767461252,0.653901033058197,1.3523925657479046,-0.14682239923337803,-0.03432821836595151,-1.6650232130309723,-1.956206334397848,-2.0132977242259726,-1.4742144526617298,-0.38327221085833024,0.2896456887631914,-1.9065859009814097,2.33276582907272,2.5521327149851984,3.882528799491837,3.8403674817395754,4.222295911881532,2.0607162144625315,0.36909507656128593,0.06938110143228039,3.873818206988421,0
-0.9460056132015023,-0.3854830768246345,-0.4445202009343899,3.2385003374973924,0,1,0,1,0,0,-0.028641073495936725,-0.4873439180104387,0.08603500133584588,-0.5193910939738356,0.08427002438550055,0.026594869856330937,-1.8469956196797659,-0.7923050540002933,-0.6894132519900894,-2.3589496754186543,-1.9967285628884093,-1.2600541694862888,1.9317119941516938,-0.11645291752760059,0.41141818590680745,-0.4396617257961786,-0.7846465394719171,-1.0980290888187705,0.7351254882829744,-2.447652110405775,2.4519339869525427,1.4996132585167323,0.5006333773411461,2.4087467477079754,1.5238332322522683,2.447652110405775,-0.7351254882829752,0.04814519612450831,0.641115017460903,0.7003552302899613,0.3436427536518511,7.593435579547688e-4,0.3845801819166189,1.8188264531454346,1.5077454118568363,-0.10826409251941274,2.776861704463574,1.8692432640103136,0.9174834661526473,1.0655854093111348,2.1238297154590033,-0.28679906978068154,0.2044646553166367,-0.7656567202776299,0.5334696962929761,1
1.5469198354505571,-0.1535731830814779,-0.15484123025532542,-0.13478617003801185,1,0,0,1,0,0,-0.21792512855792381,-0.36930508610385926,0.13720772700535894,-0.5240202912016859,0.2947255227569689,0.12095252852301216,-0.7163768244849882,0.10398911523590929,-0.17058407108829804,-1.5568398218097395,-1.183928844783664,-0.6101122245882955,0.6493978282112476,-0.10960303241066849,-0.6901330522393424,-0.03830042970733055,-0.8566897711098236,-0.7428443496744258,-0.7279513648365089,-0.11014700605881247,0.8866253544202258,-0.8340884657932329,0.1947059016014064,1.2537112480315318,0.8139225577400853,0.11014700605881318,0.7279513648365081,-0.17467491285593337,-0.7097714541928067,-0.2730889752305771,-0.25070026910256554,-0.5624939042121272,-0.24551969421163483,-0.22015379130249568,0.12354118106860354,-0.4803306735805153,0.8061862574166584,-0.7864379342253526,-0.02220782410562002,0.08014878545804377,0.5838262971166633,-0.3502454288142823,-0.28942660841731066,-0.3759724034796717,0.22417816752487937,1
0.5189093411610479,-1.9830845670552713,0.5693561964423357,0.5985369837740325,1,0,0,1,0,0,0.22373766658671274,-0.5379319888275442,3.092432634419738,-0.7502723057128698,0.8461221345574672,0.1661189907283904,0.5645539582868168,-1.7370080242719093,-1.0469914088962509,1.185546318094839,1.6488749713254498,2.0080252312779474,-0.4570303452742628,0.2248755253345712,0.4757810168407518,-1.1015246291503868,0.7984437763904378,0.4339109813595811,0.6912331826893887,2.0531502651499434,-0.5603330464781172,2.8607250039066217,0.3243463087151241,-0.8098734096867781,-1.719988598587875,-2.0531502651499434,-0.6912331826893894,0.18740776423728422,0.41596727218528484,-0.054746349693259644,-0.6124742829530796,-0.2894014204448148,0.8256500952063961,0.2692014673650073,-0.04256332662598434,-0.046252995675895824,-0.6787593259215104,2.096873081001942,-0.8296124764149065,-0.5551985114998699,-0.8123306480838095,-1.8095116865870906,-0.8244754774624201,0.15288488360327163,-0.76555472453303,1
-0.38059984134227254,1.289421711320388,1.0038746524609323,0.3052077222492148,1,0,0,1,0,0,-0.33149556159511606,-0.28208427435022915,0.5210031695267069,-0.5969301475403284,0.6425349774034488,0.24437771237137246,0.9279258967083909,-0.5844644185446259,0.4348128022001854,0.7375720999971649,1.5553043776979394,0.0059634007723006945,-1.5005203422455078,0.8303390020403948,-0.797575708206881,0.37654394962100984,0.6426802590017623,1.2910694814979486,-0.5609884768922861,0.5645149086083918,-0.46063860034113646,0.0032019209127832245,-0.21601331131370421,-0.35914157942183317,-0.7614938011417922,-0.5645149086083918,0.5609884768922854,0.939425632046274,-0.6347222057676005,0.48201260475264507,0.6149732640397371,0.8712416355662611,0.7626401075935709,-1.1173050988595852,-1.0391903727935126,1.069946747507413,-0.49834537654397587,-0.1035484832504671,-0.31415074923440073,-0.37367071236903754,-0.48232991558187904,-0.5088613263982832,0.03983423407198747,0.3477270420022505,-0.45626319576493324,1
-0.35489957898503444,-1.1069805240255675,-0.15484123025532542,-0.13478617003801185,1,0,0,1,0,0,0.9303981388181312,-0.6623670135960565,0.6873145279526244,-0.6166042357586922,-0.10731093537703648,-0.03288175859233543,1.150987549704052,-0.6604410889275265,-1.0675965599777835,0.7269185415164635,0.7885127674040131,1.6228715971804635,0.20968160875664887,0.7653645835266215,-0.5612247103009367,-0.29047917528888445,-0.6036362754694764,-0.6114443506001527,-0.45503125954306645,2.6646977629724202,-0.8357329321630348,0.34425352661321645,1.1675367047256429,-1.5805754504858593,-1.622061616173594,-2.664697762972419,0.4550312595430657,0.6609004958207222,-0.5596729573423944,-0.13662483426975403,-0.26362076959722697,-0.47715250303484213,0.006520256239666901,0.18764225758709038,0.4557501964577793,-0.29429738304996345,-0.9794492415507348,-0.17942508891434333,-1.3389920593218951,-0.6416403206097898,-1.1648955332354438,-2.073871515893759,-1.30464753942598,-0.17185204706169332,-0.9717490770450948,0
0.9044132765196139,0.28447883843337485,0.5693561964423357,0.3052077222492148,1,0,0,1,0,0,-0.06649788450833415,-0.46582945111120994,-0.11865590134220637,-0.45284638382348746,-0.044497455341535624,-0.008286160361683923,0.30898001214372606,1.8532232935733692,-1.1944927550809883,0.8974756910469814,-0.21240245957235443,-1.2084748914659593,-0.594015887850388,0.37190427126240844,1.6912490637564668,-0.9886536200761638,0.8610628379009613,-0.4559228902782886,-1.5422375806300568,-0.11864316273067908,-0.05804186246226503,-0.849350945008062,0.6394100691549833,-0.3586165878251591,-0.16898636410711093,0.11864316273067908,1.5422375806300554,0.49378541408539117,1.841902992264201,0.5184030423421971,-0.10857476366129187,0.2397152668543526,0.2270552128845555,-1.0357458890816678,-0.4855086804782194,0.6358690696027934,-0.05424950115312168,-0.7864379342253526,0.041654690766301246,0.36540675552078095,0.19459466390925928,-0.44541496736468245,0.12214944469431245,0.06938110143228039,0.038603250264021984,0
1.0072143259485644,-0.87507063028241,-1.6032360836506476,0.3052077222492148,0,1,0,1,0,0,-0.3188766245909836,-0.2948766600740949,0.4954168066919504,-0.5911436510055155,0.613975790391431,0.2300675461280843,-0.48451606619481785,-0.47121318832814735,-0.5638240895935323,0.15595521788323813,-0.039055397825019364,0.98043714554861,0.37189684839003784,-0.6993960179683977,-1.091134911397778,0.15653426494042322,-0.0052000305526290445,0.452564809108411,1.3724417655018215,-0.02397170267274998,-0.02509687594943036,-0.44632011214161815,0.9280682588513337,-0.21584169925098917,0.4926153814499661,0.02397170267274998,-1.3724417655018222,-0.5924626171942612,-0.9349191994684248,0.427426948368315,0.44700675760914055,0.4274663494443799,0.6051151385615076,0.9216751455883455,0.2896456887631914,0.20179139169817292,-0.15833447194785313,-0.5588081172337243,-0.5102999020553015,0.012075860783981759,-0.07194438926537693,-0.5405845059150832,-0.41289942435079735,-0.4733934826791611,-0.3789403135729091,0
-1.305809286202831,-0.07626988516709207,-0.4445202009343899,-0.4281154315628296,1,0,0,1,0,0,-0.3945902466157784,-0.2530106704323524,0.06044863850108935,-0.5095540498646537,0.46352722415945685,0.19921125016599422,0.5505006891564801,-1.4149142417464777,0.20465162591213182,0.34342533928042623,1.0613020564694986,1.0234177708866539,-0.6585275141941995,-0.21478888842224853,-0.0418326836379485,-0.5262294555708419,-0.5454216458991603,-0.3485015639639631,-0.2682155254971324,1.6618326698171102,-0.9800991354759301,1.9001071368640372,-0.8085754819654014,-1.0047762450134978,-1.719988598587875,-1.6618326698171102,0.2682155254971317,-0.20252742647848845,-0.03432821836595151,0.02713213488323473,-0.25070026910256554,-0.4430159425639276,0.5421051509486824,-0.05703537174666111,0.06817301183707392,0.20179139169817292,-0.7481493064513315,2.5521327149851984,1.3827675030766426,0.6765972683164937,0.19459466390925928,0.664896315723324,0.28677986593896093,1.461110804282131,1.0283361423219313,1
0.05630461873076867,-1.5192647795689571,-0.4445202009343899,-0.13478617003801185,1,0,0,1,0,0,-0.2810198135785862,-0.31639112697332367,0.17558727125749374,-0.526334889815611,0.39041992626207667,0.16343583455777386,1.09525425173973,0.43602416189040233,-0.4946828858771949,1.3592015936439434,0.5174267874409676,0.5215529833369258,-0.748493631732882,0.525810090506199,0.7618612236840466,-1.141685043975796,1.341609418596347,0.14807397789686494,0.6225629626478131,0.09388569754642515,-0.9975944514862585,0.16475900326509196,-0.47103528854086735,-0.5058767306926659,-0.5281147459943945,-0.09388569754642515,-0.6225629626478137,0.438080386840281,0.641115017460903,-0.1457224436671417,-0.7029177864157086,-0.18699173903207253,0.16404522527173035,-0.13859458152457876,-0.4301405112466897,-0.4183195767369984,-0.9948692372240283,-0.010810409661285101,-0.4621495932232981,-0.62002986833231,-0.7606211315949029,-0.08236080178352555,0.25019532788459464,0.32298518061825326,-0.7311889991143528,1
-0.3034990542705592,1.109047349520155,-0.15484123025532542,-0.8681093238500562,1,0,0,1,0,0,-0.1800683175455264,-0.415822852372462,-0.2849672597681238,-0.32438616075064136,-0.10647449669086091,-0.06910436689565855,0.9908527821329767,0.7497183912536928,-0.9160514798541066,0.9552189738672032,0.16030214395710973,-0.18923684479644592,-0.6081255691080183,0.3486045234471788,0.6016790780206451,0.15373868370071367,0.12070958004186301,-0.4772449971233985,-1.3422252734671216,1.0731061981267456,-1.0294833812403783,-0.426263128332052,1.4067656114838802,-1.1707456548301376,-0.6743374895858789,-1.0731061981267456,1.342225273467121,0.38237535959517033,0.641115017460903,0.21818193222838655,0.26611975068388355,0.3079883877961804,-0.5605696322757617,-0.709509049969999,-0.1532996650890431,0.3258135853852078,-0.9701972441467586,-0.4070549059059717,-0.02220782410562002,0.7025298110494701,0.1438253204474232,-0.9847090191502859,-0.12479618717266176,0.45906541823023866,-0.08511336124321738,1
0.8016122270906633,-0.5916252045963298,-0.4445202009343899,-0.13478617003801185,1,0,0,1,0,0,-0.38197130961164594,-0.25882539121592774,-0.3617263482723934,-0.27520094020473185,0.04139030971397822,0.013626281698351053,-0.20887154063392466,-0.42900069099108334,0.45575509886984733,-0.5737155499541166,0.0884233299273995,-0.5397208717740024,-0.4790996018006025,-0.6993960179683977,-0.93804974219202375,0.5108741870734091,-1.0052701828523074,-0.04588993237668303,-1.2094604077470812,0.4634132099205562,-0.4083872986735856,-0.3509007275692638,-0.10965319855127613,-0.22175601025574732,-0.15975724673875707,-0.46341320992055685,1.2094604077470805,-0.5924626171942612,-0.7848207026180125,0.427426948368315,0.6408142650290589,0.17144214591252482,0.5736101447550955,-1.1173050988595852,-0.762349526635866,0.5738579727592754,-0.44283339212011924,-0.4070549059059717,-0.2685346671830286,-0.2829068128036209,-0.3469449996836519,-0.09645999267988113,-0.6186874509066087,-0.48731077970765985,-0.332546584257695,1
-0.8432045637725518,1.0059762856343069,-1.6032360836506476,-0.13478617003801185,0,1,0,0,1,0,0.8420655797892039,-0.6524819882639784,0.6617281651178678,-0.6125536881843231,-0.08451727128431191,-0.028409831641307882,-1.2563582572959024,-0.6909645051882631,0.3708933932976077,-1.6767232785053712,-0.6274245477428466,0.07652278122845065,0.8610547743723342,-1.166934592196586,-0.07793203892258042,0.9748037758454627,-1.411559037789697,-0.7100680286338843,-0.8414861286385814,0.9389436438584764,0.5810094449689832,0.8702998620911289,0.47256009136687477,0.8654671971479292,0.12243941435495526,-0.9389436438584764,0.8414861286385807,-1.2330704305130304,-0.4846237089171882,-1.2920212277380552,-0.6770767854263857,-1.1428154322176651,-1.2851844898232538,-0.13859458152457876,0.2896456887631914,-0.9764194483286528,0.5841383197212315,0.8828473903799233,0.16937972051014377,0.39133929825375646,0.7361343275021692,-0.8895394805998851,-0.4540570296619595,-0.04195727479570725,0.47161139053935697,1
-1.7170134839186342,-0.7204640344536393,-0.8790386569529866,-0.4281154315628296,1,0,0,1,0,0,0.7789708947685415,-0.6402710746184702,-0.2721740783507456,-0.3394310517411549,-0.6849734909885431,-0.23009373713265022,-0.754725695518528,-1.9813100940156492,2.743794646232402,-1.1068329580351282,-0.15792813811712464,0.5298950523546019,0.3669981198782486,-0.9502639579351646,-1.080667549400804,2.2991298510801683,-1.9974951167094879,-1.5998332396988026,-0.4499667627438067,1.1689852080572094,0.0999719015288564,1.6368212557005442,-1.4404554259664561,-0.4854220454120407,-1.3566114620568166,-1.1689852080572094,0.44996676274380526,-0.8988402670423681,-1.009968447893631,-0.018355912103706302,1.1705547853101694,0.17144214591252482,-1.8837793721450944,1.0847935651441794,1.5077454118568363,-0.10826409251941274,-0.08200549336504998,1.1863538130354276,-0.6334633235940058,-1.21647835119076,-1.2946394109712458,-0.1916295312302808,0.03983423407198747,0.7374113588002092,-0.5799798072721716,1
0.5189093411610479,0.43908543426214564,-0.4445202009343899,-0.8681093238500562,0,1,0,1,0,0,0.7411140837561441,-0.6303860492863921,0.3035190854312764,-0.5558460221431568,-0.22027284503076366,-0.055241393347473154,0.17370215159724478,1.3159904662387587,-1.4253319102966033,0.15076190852806357,0.020170412046726326,1.0206041656645544,0.531785565645665,-0.8277605718027397,0.9026268413880398,-1.153677542628236,-0.2014862095484552,-0.5131086174490854,0.5745878774132874,0.8221130942085961,-1.0686256803151575,-0.9020064597361845,0.7891418001737934,-0.4034598884418115,-0.5271732199763336,-0.8221130942085961,-0.5745878774132882,-0.8709877534198129,0.5660657690356972,-0.6097005229339397,-1.0646918002662225,-1.0745423112758372,0.19555021907814235,0.4323198869208419,0.17890935030013266,-0.9764194483286528,-1.053465220782544,-0.9381911455531051,-0.43275256256796935,0.015317428625603584,-0.14386762583630988,-1.175048096251087,-0.5363722402842841,-0.2089648391376897,-0.5181215015185524,1
0.6217103905899984,-0.12780541711001567,0.5693561964423357,-0.4281154315628296,1,0,0,1,0,0,-0.1295925695289965,-0.4385002634284058,-0.31055362260288033,-0.3070266711462027,-0.1851849243230381,-0.09996066285774861,1.3875946039143792,2.051576484445325,-0.29419362530568305,1.2369925177220953,0.7576019709586933,0.3347742764741107,-0.5287268059378567,1.3428675852380363,3.812592118983048,0.052230704819750666,1.0097921392664473,0.33100466795276623,0.4700615648931452,-0.009609152108407288,-0.5877066058970738,1.0035179797276244,0.45465936257153655,-0.66980448756324,-0.6617580331089873,0.009609152108406583,-0.4700615648931459,1.3850658500071569,3.79318345131956,0.32735324499704527,0.3048812521678669,0.7176271134471482,-0.2770246880180474,0.5954383064766764,0.40038202722625016,0.5118468759157585,-0.6926373220274746,0.5793409677244183,-0.7794347861583975,-0.4514683405679659,-0.6684841749419423,-1.0481553781838862,0.12214944469431245,0.1250502895462747,-1.198562864808365,0
-1.460010860346257,0.6452275620338409,1.0038746524609323,0.3052077222492148,0,1,0,1,0,0,1.3972988079710327,-0.6926035616706483,0.86641906779592,-0.6530591639280133,-0.18961077120138636,-0.027962638946205126,0.07061069732417455,0.2334513476823703,-1.1345543197897214,-0.1209798179017418,-0.1253431974337026,-1.8350745950728302,-0.9753981233727782,-0.7250037207917369,1.045099040700702,-1.3037757171834035,-0.8962761354658808,-1.0512958029858224,-2.806043023713717,0.28017642692511974,-0.8226010688410558,0.7265379754342403,0.2408049028287693,-0.7252961445453965,-0.8634334380229264,-0.28017642692511974,2.8060430237137175,-0.7595776989295921,0.7536888900987124,-0.46413877257572894,-1.0259302987822392,-1.2708275339835926,0.3845801819166189,-1.2396439135264608,0.012804842605544792,-0.015247447254136822,-0.8869292675109735,0.35171115073279,-0.7703115697481222,-0.5422322401333817,-0.7700228618656133,-1.016432198667086,0.6160407084282594,0.848749735028197,-0.7036964187794109,0
-0.8689048261297889,1.1348151154916164,-2.617112481027373,0.5985369837740325,1,0,0,0,1,0,0.04707254852885811,-0.5065324965962373,0.43145089960505906,-0.5847785048172213,0.2300410673720139,0.06237028546455131,-1.8851931028845539,0.8862579580041341,-0.35005244200934726,-2.0295377220765856,-1.771764845658851,-0.8882432064329024,1.3137509971188834,-1.7571872926958039,0.04527105270625133,-0.12360406117087999,-2.114139649538165,-1.8209527572090909,-0.7768887630270574,-0.440948977121442,0.8656460616940148,-1.1710653139728369,0.3543232539064857,0.6454298408169414,0.5255751255304633,0.440948977121442,0.7768887630270568,-1.6508581348513582,0.04072103005925432,0.00893691608845806,-0.05689276168264715,-0.8867912286858101,-0.08799472517957138,0.4323198869208419,0.954063719541543,-0.5423417704240322,0.8061862574166584,-1.0899443568808573,0.03253147435602734,0.20981149912292413,0.46536449570571364,-0.28679906978068154,-0.20711139779498602,-0.4316415915936655,-0.023255055489598248,1
1.2128164248064663,-0.46278637473902035,-1.168717627632051,0.5985369837740325,1,0,0,1,0,0,0.16064298156605036,-0.5297913797305387,1.1862486032303767,-0.6733119017998584,0.4532633043422257,0.11290306001116258,0.2650888706305271,0.32787337609521816,-0.7793215350191997,0.7586743945867959,0.40208767245293237,-1.0122660458836503,-1.2884933837838284,-0.582957822231469,-0.9666556911376063,-0.35562001737848276,-0.7269439576658484,-0.8258897500969872,-0.8856385367838302,-0.5022446364654003,-0.9510971147815355,-1.4183909492830706,0.7079948241955727,-1.7457453461645553,-1.3290542613937064,0.5022446364654003,0.8856385367838302,-0.45320004908148526,-0.7848207026180125,0.5638910893291381,0.279040251178545,-0.03337721691295973,0.4475901695294441,0.10608304780917345,0.6218547041523672,0.5738579727592754,-0.8869292675109735,-1.317574173872486,0.05990112358685037,0.4172718409867329,-0.3469449996836519,-0.5405845059150832,1.8507688677631275,1.6837875567381073,-0.45626319576493324,0
-0.14929748012713334,-0.05050211919562982,0.27967722576327125,-0.13478617003801185,1,0,0,1,0,0,3.656088531710745,-0.7676134597787702,0.38027817393554597,-0.5795706579358897,-0.8672049390074316,-0.14244396889251032,0.2966926570877461,0.9447390779331492,-1.068293543173158,0.2487261450220305,-0.25880916378410357,-1.2775995705148946,-0.7421101954308035,0.03949998036632009,2.1571207804659265,-0.7403938689401611,0.22496416381618003,-0.48898034256142503,-1.31232147264129,-0.440948977121442,-0.3730904470126204,0.8642722106777607,0.7163686265909092,-0.11294236152567655,-0.14092954386219556,0.440948977121442,1.312321472641289,-0.23037994010104354,1.391607501712964,-1.019092945816409,-1.1938968052128347,-1.05747403104038,-0.6865896075014126,-1.3619827281933365,-1.0391903727935126,-1.1004416420156866,0.029018475482663446,1.6416134470186852,1.9210372712828345,2.0899208472636905,1.9038292271243826,0.47455723862252236,1.439192814651505,1.2941032399401495,1.646919199858125,0
-0.9717058755587404,-0.7462318004251005,0.27967722576327125,-0.13478617003801185,0,1,0,1,0,0,-0.14221150653312897,-0.4344299588799031,-0.054689994255315046,-0.46615532585355707,0.07809507612368088,0.026147677161228185,-0.5694005444294079,2.5138123677137316,0.8774974992741688,-0.023123848693884255,0.7077603565265523,-0.23747246630675156,-0.6477483953701785,-0.576762002458615,2.6087052692131167,0.012971128901275277,0.14916741128388808,0.7351831397432561,-1.295625183846869,0.9611011618955224,0.21547152069792153,-0.8369426942653709,-1.186533744233147,0.17915067935555043,-0.20235988255895546,-0.9611011618955224,1.295625183846869,-0.7038726716844818,1.841902992264201,-0.8826288048555859,-0.7416792878996918,-0.6478353053894121,-0.11949971898598452,-1.6066603575270884,-1.3713993881826885,-0.35630847989348147,0.0012624832707351544,-0.9381911455531051,-0.6882026220556532,-1.1386807229918314,-1.0069464646875115,0.1890486229713212,-0.9479482933959068,-0.6543183440496418,-0.5799798072721716,0
-1.2287084991311177,-0.9266061622253344,-0.4445202009343899,0.3052077222492148,1,0,0,1,0,0,-0.24316300256618875,-0.3576756445367086,-0.38731271110714993,-0.2578414506002932,-0.16877941606457111,-0.07581225732219987,0.06044579447748841,-3.0147735608375084,-0.0257224457389138,0.2886151015459309,0.4970921107083235,0.10968867275836842,-0.6763305898361279,0.04978293583122322,0.5187643953041904,-1.4600002517415918,-0.07898158495992384,-0.46715971237726833,-0.49837739391320257,0.6438868985692391,-0.03430882572661425,4.657558107872236,-1.4319960060806545,-0.468217169942353,-1.1023346233628404,-0.6438868985692391,0.4983773939132019,0.04814519612450831,0.491016520610491,0.03622974428062242,-0.7287587874050313,-0.71610842633123994,0.9516700704320475,-0.30171300108041293,-0.09793149585751397,-0.17027518936292965,-0.05424950115312168,4.297294645254351,-0.04957747333644305,-0.7756251247301669,-0.8884846632765624,0.47455723862252236,0.36909507656128593,0.793080546914203,-0.1469716669968365,0
-0.9460056132015023,-1.0039094601397194,-1.168717627632051,-0.13478617003801185,1,0,0,1,0,0,-0.15483044353726144,-0.4303596543314004,-0.8478672421327675,2.4502389276921375,-2.6371570556627075,-2.2245731572909357,-0.8051974065949545,-0.23028815252654944,1.317203519639365,-1.6903057038356772,-1.9633847709962573,-1.7905502186460474,1.129426035815422,-1.0503474861702309,-0.599254695589125,1.5359427924133169,-1.363984643835349,-1.0325851788410316,-0.3593320018427697,-2.0857158361843093,0.07015176223406513,-0.2842424824841617,-0.2571869573089628,0.9309901321756234,1.544377910217834,2.08571583618431,0.359332001842769,-0.9545452942874786,-0.4846237089171882,0.30006041680488094,1.0801112818475405,0.39332978897346543,-1.0961545269847772,0.18764225758709038,0.40038202722625016,0.07776919801113909,-0.3318094232724056,-0.7105613285614767,-1.5092920989803518,-1.385039878955104,-1.0069464646875115,-0.2233527107470814,-0.9479482933959068,-1.6563637301015341,-1.5078543935764617,0
-1.1259074497021662,1.547099371035007,-1.6032360836506476,-0.13478617003801185,1,0,0,1,0,0,-0.785777293743885,1.096004551357127,-0.23379453409861076,-0.3648916364943316,1.638030515356932,1.1249001290286964,-0.7749307784327523,-0.27425294253423543,1.1593665912384963,-0.07445225381574756,0.47810215360528246,0.5413803788283545,-0.14895661912841265,-1.045622104878908,-1.055464580709059,1.514263934213745,-0.4596180692365321,0.4344171850252181,0.1590389773671773,0.5806453452778549,0.03278682431192249,-0.6809204764566675,-0.06320375040602923,-0.3551692181130821,-0.19743238646831593,-0.5806453452778549,-0.15903897736717798,-1.0938078624002545,-1.1600669447440433,-0.9099216330477515,-0.08273376267196997,-0.2552648599739003,-1.1591645145976028,-0.6279498401920818,-0.762349526635866,-0.790386157798101,-0.05424950115312168,-0.7105613285614767,-0.2959043164138529,-0.2829068128036209,-0.39771434314548676,-0.09645999267988113,-0.6186874509066087,-0.4316415915936655,-0.45626319576493324,1
-0.1749977424843705,0.28447883843337485,-1.6032360836506476,0.3052077222492148,1,0,0,1,0,0,-0.6722068607066928,0.09005785579859277,-0.11865590134220637,-0.45284638382348746,0.9731493345724112,0.4192300561565495,-0.07740512584863492,-0.14594419989536858,-1.8112438096548191,1.600975578917439,1.1148972589574428,0.0410082448425245,-1.0325641162196195,-0.11198376820412646,-0.9442350015538727,-2.073063197962358,1.9125075585704514,1.353339239348989,-0.003877616098807187,0.05977612737849499,-0.004259149982859445,-0.7456009017979663,0.3928023763254315,-0.26640496381866985,-0.1281486786989642,-0.05977612737849499,0.0038776160988064777,-0.17467491285593337,-0.9349191994684248,-0.2639913658331881,-1.258499307686141,-0.5795621844475838,1.7392949155923647,-1.0357458890816678,-1.149926711256571,0.5118468759157585,-0.026493508941193386,-0.7105613285614767,-0.04957747333644305,0.15794641365697218,0.04228663352375219,-0.3185222492974822,0.03983423407198747,0.06938110143228039,0.038603250264021984,1
-0.3291993166277972,-1.3131226517972627,-1.6032360836506476,-0.4281154315628296,1,0,0,1,0,0,-0.43244705762817587,-0.24138122886520175,-0.4128990739419065,-0.24916170579807387,0.047689660727268074,0.006918391271809734,-0.5151139923143063,0.3489651974658469,0.8100759713524888,-0.7265869798969199,-0.7736407334692169,-0.1318879034157919,1.008650480731799,-1.2769014335375903,0.38687710169278466,0.5025758959553207,-1.7682168562928045,-1.5287470305156299,-0.4215365193479638,0.23819541748766626,-0.5595863215421617,-0.09140069749670864,-0.6023606833440731,-0.7717614321847979,-0.48675308552123553,-0.23819541748766626,0.42153651934796316,-1.2052179168904753,0.340918023760079,-0.03655113089848297,0.22735824919990022,-0.5112890635057554,-0.5920746260821743,0.6769975162545934,1.009431888773073,-0.728375060954584,-0.5816133531797613,-0.17942508891434333,-0.2867811000035777,-0.5422322401333817,-0.7869459763528921,0.37938770007212164,-0.04248097655033679,0.06938110143228039,-0.20882997275045564,0
-0.3034990542705592,-1.596568077483343,-0.15484123025532542,0.3052077222492148,1,0,0,0,1,0,-0.1800683175455264,-0.415822852372462,0.022069094248954552,-0.4985597064485092,0.1749021343593806,0.06550063433027059,0.4172887752983713,-0.9260666706744759,-0.20188774181834843,0.5843397525754956,-0.3179037613421597,-0.6394714441488514,-0.08400165761582745,0.4146129232203989,0.332630760854778,0.05136799317915714,0.1922998832145757,-0.3797407793629449,-1.1515885432024495,0.26996871572628706,-0.16597385234069817,1.6042777623957223,0.3276071855797455,-0.5987240348466681,0.04254749888577694,-0.26996871572628706,1.1515885432024489,0.4102278732177254,0.340918023760079,0.09991301006234013,0.11107374474794844,0.18851042614798086,-0.49755964466293656,-0.6279498401920818,-0.1532996650890431,0.2638024885416898,0.029018475482663446,1.9451198696741894,0.853620951280726,0.9099901529132779,0.5838262971166633,0.8235122133073248,0.03983423407198747,0.18071947766026855,0.7190446135538346,1
0.8016122270906633,-0.6173929705677911,-0.4445202009343899,1.0385308760612593,1,0,0,1,0,0,-0.38197130961164594,-0.25882539121592774,-0.438485436776663,-0.24048196099585453,-0.06857757827887283,-0.013205280007814225,-1.341955254839846,0.4022947573106679,0.8196984310870187,-1.3372124181722433,-0.5109964057044725,-1.315091372898687,-0.21677426381383902,-0.8363668871931415,-0.7327269797027894,0.09551838577376165,-1.0262252137788022,-0.07305689695999608,-1.089198340570375,-0.7133741297612541,1.0303335095947714,-1.2861919827501997,-1.0245684494113223,0.7889003520358311,0.5929945134475954,0.7133741297612541,1.089198340570374,-0.7595776989295921,-0.6347222057676005,0.20908432283099887,0.22735824919990022,-0.20406001926752979,0.7626401075935709,-1.1173050988595852,-0.8177176958673952,0.2638024885416898,2.221741860225006,-0.6346847228976005,3.389875113337017,2.1028871186301776,2.394599547255459,3.8054910878865416,1.1099319721622063,0.793080546914203,3.440810066713086,1
-1.691313221561397,0.2587110724619126,-0.15484123025532542,0.5985369837740325,1,0,0,1,0,0,1.1323011308842508,-0.6769038155549949,-0.6175899766199587,-0.1305385268344097,-1.3972479128661743,-0.41970343985621816,-1.5460424699925719,-0.5450579873268278,3.025559411431222,0.1373777404241522,1.9714178003588492,-0.577677822707856,-1.832478657733845,-1.600787157349948,-1.5503904190150413,2.9912536420043176,0.8601182735303502,2.508690617734419,-1.4375436385994584,0.6378546273322141,0.5503220232469183,-0.8050378938096969,-1.130119637453923,0.6672900921747197,-0.11369158134664799,-0.6378546273322141,1.4375436385994576,-1.5951531076062477,-1.685411683720486,-1.82878018218396,-0.37990527404917784,-0.03337721691295973,-2.135819322596396,-2.666930084640012,-2.7556036189709214,-1.720552610450858,0.6674062963570164,-0.6346847228976005,0.5251851605108457,-0.17917664187171697,0.09305597698558829,0.8552353928241243,-0.04248097655033679,0.29205785388825667,0.6571863078002155,1
-0.4577006284139859,-0.8493028643109486,-0.15484123025532542,-1.6014324776621007,1,0,0,0,1,0,-0.7100636717190902,0.14529770324255853,0.8408327049611636,-0.6466940177397191,1.6921659768986408,0.611522915050734,0.6058220234876733,0.05744851840911319,-0.7865835714900798,0.6893992307625572,0.3099968910524845,0.45843639668467695,-0.6684151656505688,-0.3380759355589705,0.318603756059915,0.11497406383824002,-0.5801773643134852,-0.3247626058631541,-0.24687185720061178,0.8700970699576553,-1.1802117623860944,0.24032035427691306,1.190823939033553,-1.5066278274664064,-0.7200786154782094,-0.8700970699576553,0.24687185720061106,-0.5089050763265954,-0.03432821836595151,-0.8917264142529749,-0.7029177864157086,-0.8697229484503528,-0.6235796198885869,-0.6279498401920818,-0.5962450189412776,-0.9144083514851348,-1.2200011740541141,-0.17942508891434333,-1.1169937933385516,-0.4255357978349895,-0.9561771212256767,-1.2702176348014877,-0.28942660841731066,0.1250502895462747,-1.0129879475475077,1
-0.3034990542705592,-1.7254069073406524,1.4383931084795292,-0.8681093238500562,1,0,0,1,0,0,-0.6343500496942954,-0.03495864104827709,0.7768667978742723,-0.634542375016612,1.357548890776926,0.46350213297172216,2.3500519992076985,2.508537403297751,-1.7770350980193022,3.041013976621074,2.2106954504598813,0.4166880916267059,-1.960960761666886,2.2843934551175167,2.175931196645712,-0.09975860081125508,2.0067744401966587,1.4500843958013412,-0.1602775458261487,0.7272741774339888,-0.9852654873405186,-1.2632462055216145,2.329018736888041,-2.1183305094163427,-1.45828718006695,-0.7272741774339881,0.160277545826148,2.109231204193592,1.9920014891146134,-0.03655113089848297,-0.08273376267196997,0.7176271134471482,-0.024984737566746233,-1.2804235184154193,-1.3713993881826885,0.2638024885416898,-0.9701972441467586,-1.2416975682086098,-0.350643614875499,0.8451587960808378,-0.1607907403235886,-1.8412348661038906,0.36909507656128593,0.848749735028197,-0.45626319576493324,0
0.05630461873076867,0.5163887321765315,1.4383931084795292,-0.4281154315628296,1,0,0,0,1,0,-0.4576849316364408,-0.2152149853391127,0.7384872536221374,-0.6247053309074302,0.9281381215762295,0.31727012167312146,1.3357334189384713,-0.7996524733153356,1.3906287416448744,0.6192850257635754,1.3193703230992817,1.2501577992087027,-1.1900752183416041,1.071132283956146,-0.013695781567965495,0.8367226549076624,0.7045239371385654,1.253516893708499,2.0357238066612937,-0.31393995325558316,-0.7871070770283297,1.083827981773214,-1.0602105012101783,-0.13802024077130554,-0.49143076802382063,0.31393995325558316,-2.0357238066612946,1.3293608227620468,0.26586877533487285,0.8732098088403377,1.2222367872888142,1.5027680042781708,0.4790951633358572,0.10608304780917345,-0.7069813574043363,0.38782468222872474,-0.8314172830871166,0.7310941790521709,-0.5969704579529088,-1.0090180093269512,-0.9900233502002335,0.09387908442092041,0.36909507656128593,0.23638866577426285,-0.8274130302866491,1
1.8810232460946468,-0.12780541711001567,-0.8790386569529866,-0.4281154315628296,1,0,0,1,0,0,-0.7731583567397526,0.9244702882416543,-0.31055362260288033,-0.3070266711462027,1.405155930306622,0.9482590144631082,0.22566590809668902,-0.7954952294516969,-0.5500304922631939,1.4803999205622946,1.386089743286977,0.6434762317947064,-1.2580025343775132,-0.1740660323566075,-0.269446994635268,-0.3797203408631192,1.483508791520503,1.5368103792618808,0.872405678118227,0.012383503443245562,-0.4877186670989591,0.8219160832101219,0.3703277865769875,-0.5289028621228594,-0.30158833187582124,-0.012383503443245562,-0.8724056781182278,-0.17467491285593337,-0.25947596364157,-0.018355912103706302,-0.21193876761858224,0.3762615087380082,0.7311351137871589,-0.8726274695258333,-1.2606630497196296,0.38782468222872474,-0.6093693453916895,0.4275877563966659,-0.7794347861583975,-0.4903671546674297,-0.6515610604546642,-0.7626467625326843,-0.28942660841731066,-0.32030321536567735,-1.136704559054746,1
-1.2030082367738797,-0.87507063028241,-0.8790386569529866,-2.6280848929989626,1,0,0,1,0,0,-0.5838743016777656,-0.13962361515263325,0.03486227566633282,-0.5014529547159157,0.8133652694943978,0.2801531279795928,0.8671296674929726,0.3191053712570534,-0.7991227940045423,1.5421787239557831,1.1511852293414973,1.3280969201082604,-0.5504748640601352,-0.5660342253486527,0.417152765884837,-1.2009133113867458,0.3241527991338005,-0.006779919305905204,0.4977080171176754,1.3177450462494995,-1.771339639516055,-0.020087653171599183,-0.11437443212915951,-1.7619595961833439,-1.503216450149302,-1.3177450462494995,-0.49770801711767615,-0.5924626171942612,0.26586877533487285,-0.30947941282012914,-0.8579637923516437,-0.6990401460957827,0.6051151385615076,0.02452383803125581,-0.2086678343205727,-0.6043528672675491,-1.6640970494449683,-0.1035484832504671,-0.25028823436248077,-0.2699405414371327,-0.9223308922511192,-0.2550758902638815,-0.20711139779498602,0.514734606344233,-0.5181215015185524,1
-0.04649643069818187,0.2587110724619126,-0.15484123025532542,1.0385308760612593,1,0,0,1,0,0,0.3877838476404349,-0.5850312271745045,-0.68155588370685,0.07488210015144776,-1.2854965581702202,-0.5078004007914609,0.6870799896638887,1.383590066335436,-1.7837255582691127,0.7088687489998011,0.13002185067508581,0.6029807879287556,-0.01650781331005712,-0.5001610188422733,0.7196180663673263,0.7199370707829045,-0.24874421405774935,-0.29057025542816967,0.356369413048447,0.4689510326955308,-1.455156447818733,-1.17812320567574,3.1618799189841966,-1.2042864521819374,-0.45272007333758396,-0.4689510326955308,-0.3563694130484477,-0.14682239923337803,1.391607501712964,1.7556779203869939,1.9457848149898431,1.7246556473391115,0.3215701943037938,1.166352774922097,1.0648000580046022,1.5040244254120325,-1.3587811351137562,-1.0899443568808573,0.06902433999712428,1.7009327062690485,0.9899810448113461,-2.1584666612718926,0.03983423407198747,0.29205785388825667,-0.023255055489598248,1
0.5703098658755232,-0.7462318004251005,-0.8790386569529866,-0.13478617003801185,1,0,0,1,0,0,-0.5460174906653681,-0.15125305671978392,-0.054689994255315046,-0.46615532585355707,0.6520067545927408,0.2439305196762697,0.11834544663025222,0.35226325485403437,0.2582604303593233,0.11977685647159467,0.1864413971054477,-1.1305816211545858,-0.6371069530108986,0.4801310684565744,-0.3799518418592354,-0.574094193924866,0.3949867210739276,0.15918298291934674,-2.018119135314598,0.45956749966015986,0.3151790820030352,-0.8641197866666637,-0.9299599595383167,0.22985126553940932,-0.08697174701729701,-0.45956749966015986,2.0181191353145973,0.6330479821981672,-0.18442671521636386,0.6184767457134681,0.2015172482105774,0.3591932285025509,0.8571550890128092,-1.4435419379712537,-0.8177176958673952,1.069946747507413,-0.08200549336504998,-1.0899443568808573,-1.272088472313216,-1.4758037785205207,-1.311562525458524,-0.4136917878478824,-0.9479482933959068,-0.8769950965056176,-1.198562864808365,0
1.3927182613071303,-0.9266061622253344,-0.4445202009343899,0.3052077222492148,1,0,0,1,0,0,-0.48292280564470574,-0.19602640675331406,-0.38731271110714993,-0.2578414506002932,0.17217068995300686,0.04850731191636592,0.22059292561778598,-2.9192202672087295,0.6986963018284813,0.2061626964033209,0.06630136118031228,-0.48086188273423086,-0.6246907672168934,0.10984130873631386,0.7219612250762009,-0.163482399393017,0.021030257637360703,-0.7141823986922939,-1.1128149709452282,0.44783808336594555,-0.19698769143007216,4.729966337024977,-1.119425296271688,-0.25765925885344043,-0.7834551247057825,-0.4478380833659462,1.1128149709452275,-0.06326485836571254,0.41596727218528484,-0.600602913536552,-0.5866332819637576,-0.5454256239766699,-0.9386295579527137,-0.9541866793037505,-0.5962450189412776,-0.9764194483286528,-0.22078545442469194,4.297294645254351,-0.12256320461863823,-0.671894953798262,-0.7192535184037778,0.31594134103852145,0.28677986593896093,0.5704037944582268,-0.20882997275045564,1
-0.7404035143436003,0.6452275620338409,-0.4445202009343899,0.5985369837740325,1,0,0,1,0,0,-0.5586364276695006,-0.14834569632799627,-0.6687627022894718,-0.01480859613815197,-0.2634150275095082,-0.10264381902836514,1.1105315585960749,1.2456997184030751,-0.748947052759197,0.37044077821499305,-0.06427200870545811,0.11421335100256022,0.544364933568604,0.6801569031072436,1.2428838456894007,-0.0667358762078259,-0.14833660766312942,-0.26405017934246083,-0.4194329849395745,0.5717619163874261,-0.8646164020229443,-0.4646682049539576,0.9567725913911123,-0.6475296334700283,-0.17423684782992682,-0.5717619163874261,0.41943298493957376,0.32667033235006016,0.7161642658861095,-0.9008240236503626,-0.7933612898783374,-0.801449827508525,-0.7180946013078251,-0.22015379130249568,-0.04256332662598434,-0.9144083514851348,-0.7203933142394032,-0.2553016945782196,0.6711566230752374,1.1044842234105985,0.7361343275021692,-0.09645999267988113,-0.28942660841731066,-0.04195727479570725,0.47161139053935697,1
0.930113538876852,-0.9008383962538722,-0.4445202009343899,-0.8681093238500562,1,0,0,1,0,0,-0.20530619155379135,-0.37279391857400446,-0.630383158037337,-0.09581954762553238,-0.6838296555009996,-0.21265322202364279,-0.2493197929842843,-1.0031142621106206,0.9754650280352958,-0.8249524231106786,-0.14688795988819608,0.4793265264098923,0.6391172685363368,-0.2332109109600903,-0.9278666932426394,0.030930845387590566,-0.3848789022840136,0.23994788916784254,0.271474372857786,0.3844992353771891,0.11366364687036071,0.4472893210745291,-1.3024108549409568,0.7328181709435736,0.42522395353949904,-0.38449923537718983,-0.2714743728577867,-0.06326485836571254,-0.7097714541928067,0.7367456678795146,0.6408142650290589,0.4445346296798359,1.0461850518512859,0.18764225758709038,0.06817301183707392,0.3258135853852078,0.0012624832707351544,0.27583454506891375,-0.3597668312857729,-0.944186652494511,-0.6346379459673855,0.7917890337905242,-1.1125787146405561,-1.0996718489615938,-0.45626319576493324,1
1.8553229837374106,-0.9523739281967958,1.7280720791585935,-0.4281154315628296,1,0,0,0,1,0,-0.05387894750420167,-0.466992395267925,-0.041896812837936774,-0.48235751615103317,0.009599466511193486,0.013626281698351053,0.6516270217933781,-0.037323637397559305,0.9164387528056591,0.4196410884032608,0.7223506632078512,-0.056682876558026875,-0.7313773861704603,0.8363691370355977,0.3545688167228357,0.8123776237759169,0.3550325734602531,0.6428034530479867,0.5335460107420674,-0.6064731204975302,-0.07041304907515504,0.406427120605125,-0.4364413094698627,-0.21486381501588564,-0.3115187796298641,0.6064731204975302,-0.5335460107420681,1.9421161224582606,1.5417059985633763,3.2931739085456,3.392880870391901,3.4485519511202694,1.7392949155923647,0.8401159358104279,0.6218547041523672,3.4263684275610644,0.19555442875423396,0.8069707847160468,1.136440659999233,0.7025298110494701,0.5669031826293847,1.0772976494417266,0.7806711296729086,0.514734606344233,0.5334696962929761,1
-1.1259074497021662,-0.514321906681944,-1.6032360836506476,0.5985369837740325,1,0,0,1,0,0,-0.785777293743885,1.096004551357127,-0.5152445252809326,-0.1797237473803192,1.24570823578138,0.9817984665958149,0.0344750489032129,0.36266200589498376,0.48275564548332583,0.8181762520256869,1.1151741232071908,0.21874788689123806,-0.7204987430891482,-1.0640367036720237,-0.9352428208948803,1.7467491971043325,-0.3730779811862476,0.5789360922987407,-0.06904425348519842,0.36682327779893126,-1.1111113318626913,-1.4346707116329278,1.0953713474539066,-1.4752410719896192,-0.8845625635355135,-0.36682327779893126,0.06904425348519772,-1.1216603760228097,-1.0850176963188372,-1.019092945816409,-0.08273376267196997,-0.22112829950298704,-1.348194477436079,-0.709509049969999,-0.762349526635866,-0.790386157798101,-0.9701972441467586,-1.2416975682086098,0.6711566230752374,1.1822818516095268,0.4145951522438788,-0.2550758902638815,0.6160407084282594,0.9044189231421907,0.6571863078002155,1
-0.1749977424843705,-0.87507063028241,-1.6032360836506476,0.3052077222492148,1,0,0,1,0,0,-0.6722068607066928,0.09005785579859277,0.4954168066919504,-0.5911436510055155,1.3700878824168272,0.5261091102861079,0.01097562825716252,-0.3882681169945186,-2.0210192301698404,1.6861830641822766,0.7974188058293966,-0.06206057226070095,-1.015303784219756,-0.045316941195645985,-1.0240874828595619,-1.86568516577769,1.8769643081212273,1.5370193495229714,0.22845561284398783,-0.31122271395962636,-0.060542031957458824,-0.4929981835529723,0.8879673265720621,-0.4167588580025936,0.4639167363333822,0.31122271395962636,-0.22845561284398855,-0.11896988561082296,-1.009968447893631,-0.2821865846279648,-1.168055804223513,-0.4942207832702994,1.7077899217859516,-1.1173050988595852,-1.3160312189511594,0.5118468759157585,-0.22078545442469194,-0.6346847228976005,-0.642586540004281,-0.127311556405765,-0.2792525417345383,-0.4771381468814831,-0.20711139779498602,-0.3759724034796717,-0.5181215015185524,1
-1.305809286202831,0.05256894469021735,-0.4445202009343899,-0.4281154315628296,1,0,0,1,0,0,-0.3945902466157784,-0.2530106704323524,-0.2977604411855021,-0.3122345180275343,0.13934120343722167,0.0467185411359549,-0.6380109659367295,-0.795920729553848,0.3215221715060301,-1.339313417705135,-0.26229266648206695,-0.8280508933501451,-0.06865360485135404,-0.738809612748668,-0.34608008261509576,-0.6592723260960186,-0.831962863966918,-0.44435819903818974,-0.4194329849395745,-0.7133741297612541,0.14895991911362455,0.7457307501970754,-1.1020366872509955,0.9843658875697697,-0.09283598159201513,0.7133741297612541,0.41943298493957376,-0.7874302125521474,-0.4846237089171882,-0.5642124759469986,-0.7933612898783374,-1.040405750804923,0.29006520049738066,-0.22015379130249568,-0.04256332662598434,-0.4803306735805153,0.05677446769459199,0.5793409677244183,-0.2685346671830286,-0.7756251247301669,-0.38079122865820925,0.030432725387320277,0.28677986593896093,-0.04195727479570725,-0.6418381130257917,0
-0.3034990542705592,0.7998341578626126,-0.15484123025532542,-0.4281154315628296,1,0,0,1,0,0,-0.1800683175455264,-0.415822852372462,-0.4001058925245282,-0.25494820233288673,-0.2533647993537721,-0.1227674903079891,0.8881479366456894,0.4756339744177097,0.10907308502277877,1.0231525109302466,-0.01891498157257661,-0.08723401923961366,0.4876850294285143,0.3719371492407693,-0.033455560521657705,0.14872512065098975,0.5000285235950768,0.058126449627433775,-0.38904162214375715,0.266869946255213,-0.8633561087041476,-0.686337602793829,3.4784206217125735e-4,-0.8863933094119464,0.08133956708958469,-0.266869946255213,0.3890416221437564,0.4102278732177254,0.04072103005925432,0.23637715102316323,0.279040251178545,0.47867119015075044,-0.30852968182446,-0.30171300108041293,-0.1532996650890431,0.3258135853852078,-0.7203933142394032,-0.482931511569848,0.6620334066649622,0.5599008260181015,0.1438253204474232,1.267636726542527,-0.7833178721512579,-0.7656567202776299,0.47161139053935697,0
-1.691313221561397,-0.46278637473902035,-0.15484123025532542,-0.13478617003801185,1,0,0,1,0,0,1.1323011308842508,-0.6769038155549949,-0.7327286093763631,0.14721330683660885,-1.8197656645553943,-0.6343559335055404,-0.9167562108594721,-0.9720507693943666,2.1276703327008017,0.07793324046683081,1.089424219556242,-0.18625356365072693,-1.1315277958327437,-1.5309008190118212,-0.9399875291439954,2.8321744533336437,-0.26788701209064,1.1947260618575732,-0.5252107151899527,0.266869946255213,-0.25488623278183603,0.39251131513256615,-0.06253443044280149,-0.37091495556354986,-0.24988737618107504,-0.266869946255213,0.525210715189952,-1.4558905394934718,-0.9349191994684248,-0.2821865846279648,1.1705547853101694,0.9907195972144606,-1.348194477436079,-1.85133798686084,-1.9250810804979817,-0.4803306735805153,-0.47058938433204756,-0.02767187758659086,-1.0348848456460813,-0.9052878383950472,-0.9731002357129547,-0.667477223982284,-0.7833178721512579,-0.7656567202776299,-1.0129879475475077,0
-0.04649643069818187,-0.7462318004251005,-0.15484123025532542,-0.13478617003801185,1,0,0,1,0,0,0.3877838476404349,-0.5850312271745045,-0.054689994255315046,-0.46615532585355707,-0.2953967648322063,-0.08967523087038526,-0.7357006858934505,1.0245744607955292,1.2267617326510787,-0.41723444898279083,-0.018360423375304566,0.6192946996298552,0.393702909646747,-0.6605259852112235,0.35180979484947345,0.9629025826445154,-0.3871829870484344,-0.14343143064218827,0.3186972389638403,0.5285640660967139,0.36301993099246627,-1.0538252722234216,-0.709400151708667,0.17973280065575004,-0.11616342575199723,-0.5285640660967139,-0.3186972389638417,-0.48105256270404034,0.641115017460903,0.8641121994429487,1.2868392897621204,1.0419244379208312,-0.18250970659880966,0.6769975162545934,0.5664865349208381,0.7598912632898273,-0.16527347000083534,-1.317574173872486,-1.682633210775566,-1.709196663117305,-1.5484861282804228,-0.8895394805998851,-1.1125787146405561,-1.0440026608476,-1.569712699330082,1
-1.280109023845593,1.3924927752062353,0.27967722576327125,-0.4281154315628296,1,0,0,1,0,0,-0.7983962307480176,1.7036428732407503,-0.5024513438635544,-0.19245403975690759,1.4590227621129346,1.458953072270454,1.6599950017314478,-0.3830733142876044,0.5434544079613768,1.007412915492587,1.5877129467249287,1.8455703548841393,-0.6503361164580702,2.201773561895774,0.05630711110152932,0.7102076725281935,1.2900976079204116,1.3080077805972923,1.4425661784383952,1.0864182721050466,-0.10827725832662612,0.5821873736612668,-0.029230162789637682,-0.0817111517154433,-0.7870895758197197,-1.0864182721050466,-1.442566178438396,1.8028535543454847,-0.10937746679115769,-0.4732363819731166,-0.05689276168264715,0.4616029099152932,-0.7180946013078251,-0.46483142063624716,-1.0391903727935126,-0.4183195767369984,-0.22078545442469194,0.35171115073279,-0.4692454282090663,-0.41256952646850126,-0.4146374576327655,-0.9847090191502859,-0.8656330827735822,-0.48731077970765985,-0.9511296417938885,1
-2.2310187310633887,-0.7462318004251005,-0.15484123025532542,-0.4281154315628296,0,1,0,1,0,0,-0.40720918361991093,-0.2512662541972798,-0.579210432367824,-0.1450047681714419,-0.29785991890333213,-0.08117856966343293,-1.438341754054348,-1.6421657563795942,1.2093193597288425,-0.764523585807616,0.0864621915636761,0.7788070356406982,0.29728786040607064,-1.6691426520863821,-0.9308129887386613,1.4727603288280289,-1.235102070594601,-0.008279256428261404,0.9387653712113495,0.13114384342216406,0.3322615510762828,1.3214560181410564,-0.17319797918018226,-0.19188402937186605,-0.12048816607772532,-0.13114384342216406,-0.9387653712113503,-1.5673005939836924,-0.8598699510432187,0.03622974428062242,0.795860270964994,0.20557870638343811,-0.30852968182446,1.3294711944779316,0.8986955503100138,0.07776919801113909,-0.08200549336504998,0.5793409677244183,-1.317704554364588,-1.1905458084577836,-1.176177609560296,-0.794369942049485,-0.28942660841731066,-0.26463402725168356,-1.3222794763156045,0
1.8553229837374106,0.928672987719922,1.7280720791585935,-0.4281154315628296,1,0,0,1,0,0,-0.05387894750420167,-0.466992395267925,-0.2210013526812325,-0.3683635344152193,-0.1529028838780042,-0.0744706792368916,0.9476678427569696,0.9168838263960855,0.3429432223901793,0.32779817636663056,0.13706915990218893,0.017795099495136125,-0.3440777530021115,0.8396640343270937,0.44720464219700246,0.5935535022377727,0.3452047496311388,0.5910620844259374,0.41113096936191074,-0.3834842964864804,-0.47877279450657056,-0.8104520329332503,0.12764915399409094,-0.1005350679422436,0.39886046357466093,0.3834842964864804,-0.4111309693619114,1.6914434998552643,1.391607501712964,2.5744627661519326,2.5918098397229046,2.663411060289247,1.487254965141063,0.5138790966987595,0.34501385799472056,2.744246362282375,-0.4150773999081907,-0.7105613285614767,0.21499580256151593,0.2487103132223888,0.19459466390925928,0.506280418139323,-0.12479618717266176,-0.32030321536567735,-0.08511336124321738,0
-1.100207187344929,-1.132748289997029,-0.15484123025532542,-1.6014324776621007,1,0,0,1,0,0,0.6906383357396142,-0.6222454401893867,-0.8094876978806327,1.0933054902785158,-2.255693433029738,-1.3234798766588853,0.1385118794571991,0.7634456164814708,-0.6035540266979503,-0.7052642261680114,-1.2387007552187832,-1.5236434839326936,0.2791267369307885,-0.8652828115260234,0.20259040026342048,1.043628517319197,-1.3077109321293523,-1.1231879110854541,-2.3140988003066307,0.21702702713573208,-1.0571845300986595,-0.8449024521744327,1.873824586430949,-0.34393730533659395,0.5137972639624759,-0.21702702713573208,2.31409880030663,-1.00328719312695,-0.27823827574787147,-1.3170396535808733,-0.6706165351790554,-1.1001447316290225,-1.7420069000162375,-1.2396439135264608,-0.33324621509151353,-0.790386157798101,-1.1089772052064004,-1.0140677512169813,-0.998391980004983,-0.010615114107371936,-0.14386762583630988,-1.4922798914190887,-0.6186874509066087,-0.5986491559356475,-0.6418381130257917,0
-0.1749977424843705,0.05256894469021735,-1.6032360836506476,-0.4281154315628296,1,0,0,1,0,0,-0.6722068607066928,0.09005785579859277,-0.2977604411855021,-0.3122345180275343,0.7912980470690493,0.3105622312465801,-0.13359959843637084,-1.350182026757375,-0.6860072505130885,0.7000668782991715,1.0963857317925292,-0.6305965025949777,-1.3354207485376077,-0.07342237983530595,-1.1759148479107593,-1.9075207752312535,1.939164996407369,1.356353061656046,-0.2645441656443792,-0.5976867361744845,0.1124107169786682,0.6751615239783627,-0.979079525674813,0.9770976279736859,-0.10114037587474609,0.5976867361744845,0.2645441656443785,-0.06326485836571254,-1.0850176963188372,0.05442496307539909,-0.9484072958142716,-0.23819657973844427,1.865314890818015,-1.1173050988595852,-1.149926711256571,0.9459245538203791,0.11228645211844858,0.6552175733882943,0.06902433999712428,-0.4514683405679659,-0.0592520533999176,0.15732544345452057,0.4514102871836102,0.18071947766026855,-0.2706882785040748,0
0.8016122270906633,-0.46278637473902035,-0.4445202009343899,-0.13478617003801185,1,0,0,1,0,0,-0.38197130961164594,-0.25882539121592774,-0.7327286093763631,0.14721330683660885,-0.8545094670432389,-0.3128243857266598,-0.33764805169931256,-0.6472550326861841,-0.056630482686869224,0.04484158211400245,0.8030849210897711,0.6024858608399488,-0.7862514771714146,-1.0086041425940342,-0.8831260555304178,0.09883005370248099,-0.7040820384747807,0.39834358722930496,0.2430696413654208,0.5806453452778549,-0.5382775401070456,0.0036815494660064067,0.1767304398023001,-0.7587337814447767,-0.6551447476343665,-0.5806453452778549,-0.24306964136542153,-0.8431352397972577,-0.6347222057676005,0.8732098088403377,0.795860270964994,0.4445346296798359,1.518759958947476,-0.5463906304141645,-0.7069813574043363,0.6978801664463103,-0.6926373220274746,-0.3311783002420958,-1.0075151964152582,-0.7756251247301669,-0.9900233502002335,-0.9212626601166852,-0.6186874509066087,-0.4316415915936655,-1.0129879475475077,1
1.8810232460946468,0.2587110724619126,-0.8790386569529866,-0.4281154315628296,1,0,0,1,0,0,-0.7731583567397526,0.9244702882416543,-0.5920036137852022,-0.14211151990403548,0.9333833856429823,0.8208090963588232,-0.5487873024466573,-0.2615668606792709,0.16436942681367095,0.6066313274491291,0.8907378679641198,0.7075851589327776,-0.6426458422336718,-0.25741089881404,-0.38526339553383887,-0.30767165133687396,1.3281032990383406,1.5613469273246248,1.116988546947158,-0.14275387761029457,0.5059001659013436,-0.026939687156706433,-0.5338788507152984,0.4974047101942779,0.3663485299116349,0.14275387761029457,-1.1169885469471588,-0.28608496734615396,-0.40957446049198204,-0.17301527185930607,-0.3023822710812103,0.22264698661889537,0.6681251261743327,-0.6279498401920818,-1.0945585420250417,0.20179139169817292,0.7506742729928018,0.27583454506891375,0.9357298989731951,0.4821031978191731,0.6684418695530556,1.2041903675089267,0.28677986593896093,0.23638866577426285,1.2139110595827887,0
-1.2030082367738797,0.2587110724619126,-0.8790386569529866,0.5985369837740325,1,0,0,1,0,0,-0.5838743016777656,-0.13962361515263325,-0.7839013350458762,0.5493748160061044,-0.8038477716495906,-0.5319488063270097,-0.9855292688790848,1.2199380239891218,0.275154038833732,-0.42796127622198604,-0.5541493267154154,1.1986585393691997,0.9798496942952122,-0.42664016140553684,0.7208543241068099,-1.1828557837024725,0.2911374142464503,0.19518660611516195,0.5581846313588362,1.0812265632535092,0.9441086164900442,-0.9522671858042069,-1.564800777244652,0.8668349507226347,0.9109829956091665,-1.0812265632535092,-0.5581846313588369,-0.45320004908148526,0.5660657690356972,-0.23669853764102378,-0.7933612898783374,-0.6478353053894121,0.8571550890128092,-0.05703537174666111,-0.319404172783631,-0.5423417704240322,0.3898463742377325,-1.1658209625447336,-1.308581337954314,-1.7740280199497451,-1.4131012123821949,0.506280418139323,-1.7711003996191523,-1.6563637301015341,-0.9511296417938885,0
-1.280109023845593,-0.05050211919562982,0.27967722576327125,-0.13478617003801185,1,0,0,1,0,0,-0.7983962307480176,1.7036428732407503,0.38027817393554597,-0.5795706579358897,2.276936388200003,1.758124985294197,1.9663554080070218,-0.591501575788685,0.27965872606906583,1.5827579906011264,1.4501379143242887,0.5176304904619282,-1.4352504015117016,2.0689682906315423,-0.3954797859185461,0.7790832255422557,1.3951391033000204,1.4773703851845004,0.8989187262297652,-0.18555039652161812,-0.6669763231424262,0.4156715080483074,0.4006006600109284,-0.7548078812893418,-0.442885676205755,0.18555039652161812,-0.8989187262297659,1.5800334453650435,-0.5596729573423944,-0.6824813981130464,-0.21193876761858224,0.3421249482670949,-0.844114576533476,-1.1988643086375024,-1.592872065108806,-0.4803306735805153,-0.4150773999081907,0.8828473903799233,1.3097817717944475,1.3508433793738719,0.9053654723749538,0.664896315723324,1.0276167615398821,1.0157572993701793,1.0283361423219313,1
-0.7404035143436003,0.928672987719922,-0.4445202009343899,-0.4281154315628296,1,0,0,1,0,0,-0.5586364276695006,-0.14834569632799627,-0.2210013526812325,-0.3683635344152193,0.5291327677719437,0.17059091767941792,0.4428489405871357,1.411130678797934,0.011651510187538149,0.10956616904870269,-0.19912725900250416,-0.3169566715249046,0.5241792205665807,0.2744962547231139,1.1157891172365137,-0.10939510559426384,0.03582393485136074,-0.0033004449713111422,-0.04921092906325296,-0.3834842964864804,-0.34151880859627837,-0.8190480987379273,-0.12585953585273582,-0.11249442519689853,0.2556529470179009,0.3834842964864804,0.049210929063252244,-0.03541234474315745,0.5660657690356972,-1.0008977270216337,-0.8967252938356269,-0.8355863879794388,-0.655084613695,-0.05703537174666111,-0.04256332662598434,-0.9764194483286528,-0.27629743884854874,-0.7105613285614767,0.2514886682026129,0.14498014229048395,0.09305597698558829,0.6331731362065233,-0.12479618717266176,-0.32030321536567735,-0.2706882785040748,1
-1.1259074497021662,0.05256894469021735,-1.6032360836506476,-0.4281154315628296,1,0,0,1,0,0,-0.785777293743885,1.096004551357127,-0.2977604411855021,-0.3122345180275343,1.5671797076776843,1.0842055937743458,-0.8386540555252628,-0.7465438661442608,2.1619510705303497,-0.9502757383332799,0.6640337028557176,-0.9481682950402641,-0.5702252307431523,-1.1883231164367438,-0.8108814309005871,1.8989851570208727,-0.2813995754079755,0.8060242868401268,-0.8350596325743129,-0.4649864905896614,-0.021189577048243157,0.2123316683754556,-1.0471625938289904,1.0047302138048382,-0.07635049920220628,0.4649864905896614,0.8350596325743123,-1.2330704305130304,-1.009968447893631,-1.1282642585850677,-0.12149526415595328,-0.22112829950298704,-1.411204465048904,-1.1173050988595852,-0.9284540343304539,-0.6043528672675491,-0.026493508941193386,0.19995793940503753,0.014285041535478216,-0.5292659687668935,-0.1269445113490324,0.1890486229713212,0.12214944469431245,-0.09762646290970158,-0.332546584257695,1
0.2619067175886707,-1.2873548858258006,0.5693561964423357,0.3052077222492148,1,0,0,1,0,0,-0.7605394197356201,0.5494207977010448,-0.822280879298011,1.6979943781664621,-0.46758293208315554,-0.8897029624092133,-0.46365411154446257,-0.14641751237467981,-1.8336994248203458,-0.2697535652930111,-0.17548157124889605,-1.4581718740937506,-0.08850157588604403,1.3954876845253383,-0.9840460565142457,-1.479799123802316,1.247639697226122,1.5483588035827625,-1.0618771407249559,-0.9356157016516281,2.0390771805429653,-0.7848331064765923,1.0196731348859083,1.6015578304611875,1.7398056451135941,0.9356157016516281,1.0618771407249543,0.6330479821981672,-1.2351161931692491,-1.5649495096597015,-1.9303653334085251,-1.4841810369268051,0.4790951633358572,-2.0144564064166746,-1.980449249729511,-0.9144083514851348,1.4445740782910115,-0.9381911455531051,-0.8797901666714156,-0.2829068128036209,0.34690269429476517,-1.0798785577006862,-1.3595243465075295,-1.7677021063295222,-0.5181215015185524,0
-0.7404035143436003,-1.132748289997029,-0.4445202009343899,-1.6014324776621007,1,0,0,1,0,0,-0.5586364276695006,-0.14834569632799627,-0.8094876978806327,1.0933054902785158,-1.1334967046989404,-0.9590178301501402,1.0107868388320833,1.4620132753684374,-1.642598620709162,0.6217577447930601,-0.20410692546964168,0.8076458070276591,0.4746479148874918,0.2568495164084113,1.263332895684875,-0.590549672250688,0.6329505423983469,0.5536767906596624,-0.4291756706205317,1.5271837582763876,-1.1488826942460955,-0.7410799410707429,1.652041873670293,-0.212331677691872,0.8059066210802499,-1.527183758276387,0.42917567062053097,-0.11896988561082296,0.5660657690356972,-1.2465331807511142,-1.3101813096647865,-1.040405750804923,-0.37153966943728567,-0.7910682597479163,-0.7069813574043363,-0.9764194483286528,-1.2200011740541141,-1.0140677512169813,-1.3541974200056863,-0.4514683405679659,-0.4992530300691578,-1.397110352868688,-1.5241547677521787,-1.1553410370755877,-0.7036964187794109,0
0.8016122270906633,-1.2873548858258006,-0.4445202009343899,0.3052077222492148,1,0,0,1,0,0,-0.38197130961164594,-0.25882539121592774,-0.822280879298011,1.6979943781664621,-1.6470572623246933,-1.511300808602042,-2.1526038883120786,-0.42154171584344596,-0.8758262011178961,-1.5847055924728068,-1.051483393170755,-0.01302437178928634,0.6108635978344248,-0.9868886816242401,-1.0466297384946623,-0.19386042919355773,-0.5332303761193807,0.3612242624084354,0.4884925330428311,-0.5022446364654003,2.007160564362289,-0.4699114617468166,1.0024727217685776,1.6120929055750073,1.7196450941797023,0.5022446364654003,-0.4884925330428318,-0.7595776989295921,-0.7097714541928067,1.3553831069019124,1.0284292798688959,0.7346953936826055,2.0228398598500785,-0.13859458152457876,-0.3747723420151606,1.069946747507413,1.5000860627148682,-0.6346847228976005,-0.7155722712864762,-0.1402778277722523,0.49921072468027106,-0.9847090191502859,-1.3595243465075295,-1.6563637301015341,-0.20882997275045564,0
-1.3572098109173063,1.9851513925498596,-1.168717627632051,-0.8681093238500562,1,0,0,1,0,0,0.6149247137148194,-0.6048012778386607,-0.7327286093763631,0.291875720206931,-1.6190412403228231,-0.6907022130884876,-0.965525588784905,-0.19292558737024634,1.9680107533792184,-1.6435658986848198,-1.2169789398473763,-0.6978429210958884,0.9483797028236137,-1.4496681047830278,-0.7909915481518509,2.4704390582917894,-1.4531648493523348,-0.6874378165125189,-0.088318892712161,-0.8641809106868654,-0.10590445467669696,-0.5276015455193757,-0.2077836232711841,0.7794181056046982,0.9109829956091665,0.8641809106868654,0.0883188927121603,-1.4001855122483615,-0.8598699510432187,-0.5369196477548344,0.7312577684916879,0.0519641842643253,-1.8837793721450944,0.02452383803125581,0.06817301183707392,-0.8523972546416179,-0.16527347000083534,-0.5588081172337243,-0.24116501795220557,-0.30883935553659736,0.008440404549195996,0.31594134103852145,-0.37174181903963527,-0.7656567202776299,-0.1469716669968365,0
-1.0231064002732158,0.28447883843337485,-0.15484123025532542,1.478524768348486,1,0,0,1,0,0,0.07231042253712305,-0.49955483165594694,-0.2849672597681238,-0.3648916364943316,-0.3206926294202451,-0.10219662633326239,-1.4769578047675787,0.32413213592360784,0.4748042914001181,-1.8365173048521792,-1.1201698186787976,-0.6570214835062876,0.5364822546252197,-0.8718578180855223,0.43033943491974863,0.5582280368000125,-1.1257853809356764,-1.0092128784014744,-1.5389139634227365,0.6301771912123648,1.182595721624945,-0.013776929871315128,-0.08810803070450535,1.3647068839834058,0.470975677269318,-0.6301771912123648,1.5389139634227358,-0.94526112307996,0.06573744620098994,-0.8684769680152046,-0.4803980556743208,-0.8678264728686357,-1.1556639597302236,-0.6732605122909244,0.012804842605544792,-0.4803306735805153,1.1670141561717275,0.04820472807728505,0.19674936974096682,0.11904759955750843,0.6684418695530556,-0.3502454288142823,-0.4540570296619595,-0.2089648391376897,0.5334696962929761,1
-0.07219669305541997,-1.235819353882877,0.27967722576327125,-0.4281154315628296,1,0,0,1,0,0,0.31207022561564,-0.5553761511782702,-0.4001058925245282,-0.31859966421582847,-0.6217470895012845,-0.1809025406713472,0.4646163028705938,2.100015553303733,-0.1163121897881284,0.14842443834079205,-0.6804707713564564,-1.005490264039941,-0.2046564910392984,0.0030160409608920706,2.215322769991292,-0.7355809862663109,-0.2956050906903004,-1.086127204911322,-1.4375436385994584,0.05436948222367098,-0.6430466865652029,-0.6630755323397123,-0.5801852921159638,-0.49362878844256547,-0.17574648861274514,-0.05436948222367098,1.4375436385994576,-0.3417899945912644,1.2415090048625523,-1.3466068841223853,-1.4523068151060594,-1.467112756691348,-1.0961545269847772,-1.2804235184154193,-0.8730858650989243,-1.4725082230767892,-0.7203933142394032,-0.7864379342253526,-0.669956189235104,-0.840456481562607,-0.9561771212256767,0.15732544345452057,-0.20711139779498602,-0.2089648391376897,-0.5799798072721716,1
-0.04649643069818187,-0.41125084279609675,0.27967722576327125,-0.4281154315628296,1,0,0,1,0,0,0.3877838476404349,-0.5728203135289962,2.1201508466989902,-0.7207611733853241,0.5655663829131649,0.11648060157198462,0.867427683017487,0.889920312042742,-1.3838006554099072,1.4417954866619034,0.5294607256383733,0.6363337980897731,-0.25892127278774774,-0.1312265469849031,0.9532042540494693,-1.0040481526646607,0.3759903219375533,-0.38396741959471237,0.8847583482611033,-0.009609152108407288,-1.3372993283189358,-0.26654446004877624,0.8827302901484408,-1.5749471185230204,-1.0631943262198171,0.009609152108406583,-0.884758348261104,-0.29536913855367236,0.5660657690356972,-0.7067416898394149,-1.0689986337644437,-0.8867912286858101,-0.24551969421163483,0.5954383064766764,0.1973654067106424,-1.307145298160744,-1.2755131584779709,-0.3311783002420958,-0.2685346671830286,0.20981149912292413,-0.44848368660732285,-0.7626467625326843,1.0276167615398821,1.127095675598167,-0.332546584257695,1
0.5189093411610479,0.43908543426214564,-0.8790386569529866,0.3052077222492148,1,0,0,1,0,0,0.1480240445619179,-0.5216507706335333,0.7768667978742723,-0.6194974840260986,0.3147588113567917,0.07757483709804497,-2.0515231665631157,-1.5762788984586955,0.9216777183187216,-1.066114906288268,-0.5919588638970401,-0.001085986292752655,0.6228341362988031,-1.1468105015725145,-0.9754199755669108,0.7618832603729013,-1.013237536626732,-0.8664563810296533,-0.9197330604481181,0.9106988955914741,1.7068133620017776,1.1863379377461596,-0.4943451163947908,0.4355434615758528,-0.07635049920220335,-0.9106988955914734,0.9197330604481174,-1.0938078624002545,-0.9349191994684248,-0.12752722487236504,0.279040251178545,-0.15285517856115927,-0.8126095827270634,-0.22015379130249568,0.2342775195316623,-0.35630847989348147,1.5833540393506536,1.1104772073715516,0.014285041535478216,-0.24400799870415715,-0.0592520533999176,0.062155904904119784,-0.6186874509066087,-0.26463402725168356,0.2860364732784985,0
0.13340540580248203,0.0010334127472937634,-0.4445202009343899,-0.4281154315628296,1,0,0,1,0,0,-0.43244705762817587,-0.29080635552559214,-0.6047967952025805,-0.1097071393090833,-0.3206926294202451,-0.13886642733168827,0.14791232267104923,1.1484684745159053,-1.9727338060475041,0.46828309414541125,-1.3221656156135675,-0.5811827409213516,0.7956997469927577,-0.1213329889197071,0.2523814067244156,-1.0190508413697588,0.7038762141092394,-0.43867719776203296,-0.16027754582615011,-0.6337026228571595,-0.3269101781648232,-1.3234788707466503,1.6727453811525308,0.0653313559443391,1.2905971526082516,0.6337026228571595,0.16027754582614942,-0.14682239923337803,0.19081952690966666,-0.10933200607758836,-0.6124742829530796,-0.32353798091572933,-0.05648973137315825,-0.05703537174666111,0.012804842605544792,-0.35630847989348147,-0.4150773999081907,-1.317574173872486,-0.48749186102961545,0.39133929825375646,0.39767203775660004,-0.635754044465484,-0.6186874509066087,-0.9326642846196119,-0.20882997275045564,1
1.9838242955235992,-1.0296772261111817,-0.8790386569529866,-0.13478617003801185,1,0,0,1,0,0,-0.7100636717190902,0.2906657228319421,0.06044863850108935,-0.4945091588741402,1.2881924700219896,0.6057094100143982,0.6470947879686942,-0.2944205438224128,-0.6349024744222935,1.2872948275131033,1.3592540574217047,1.8196862353228882,-0.3585614760741402,0.07567647084417463,0.04346958191322112,-0.21763746066013592,0.8186053886534346,0.9630550476947414,1.0928891867061536,1.3979208031972914,-0.8241860167053139,0.4476483090847642,0.6492282928073301,-0.927337172048863,-0.8268610348087285,-1.3979208031972914,-1.0928891867061543,-0.28608496734615396,-0.40957446049198204,-1.3466068841223853,-1.232658306696819,-0.9038595089212672,-0.5290646384693491,-0.46483142063624716,-0.9284540343304539,-1.2864749325462383,-0.9146852597229018,0.04820472807728505,-0.9527758979536108,-0.5162996974004062,-0.8207922053274488,-1.2702176348014877,-0.7833178721512579,-0.2089648391376897,-0.6418381130257917,1
1.2128164248064663,-0.07626988516709207,0.5693561964423357,0.3052077222492148,0,1,0,1,0,0,0.2742134146032426,-0.5437467096111195,0.3035190854312764,-0.5500595256083439,0.010767246057207818,0.006918391271809734,0.45320139883288874,-2.1034818551105734,0.8911252593863837,0.5344718544275804,1.1796674478956877,0.8681145857579804,-0.29125289538481863,0.8405773106850694,-1.2521110687069215,0.2764740667620701,0.46725737698493897,0.3054692732835566,0.004530982273630621,1.179510982546407,0.2097073673937857,1.6327574778743987,-0.9403683084155637,-0.25871257752924925,-1.2353941670242456,-1.179510982546407,-0.00453098227363133,0.6330479821981672,-1.2351161931692491,-0.4095531161914002,-0.21193876761858224,-0.01630893667750248,-0.5920746260821743,-0.38327221085833024,-0.4301405112466897,-0.4183195767369984,-0.22078545442469194,0.7310941790521709,-1.481922449749529,-1.6443653062848649,-1.6161785862295364,-1.206771275767887,-1.0302635040182315,-0.6543183440496418,-1.569712699330082,0
0.6217103905899984,-0.3854830768246345,0.5693561964423357,0.5985369837740325,1,0,0,1,0,0,0.13540510755778543,-0.5199063543984607,0.6233486208657331,-0.6009806951146973,0.2584519767027309,0.06460624894006509,0.6110437089587418,0.5738672817736099,-1.2833370088295226,1.3255869196859373,0.6066190267115271,0.46091682146366936,-0.059024948761447066,0.05012099645556741,-0.011583730839075058,-0.9169944421149553,0.6689840445779052,0.29257284043781323,0.4407888507730546,0.1914665557924087,-0.7995908426595344,-0.7992551811559567,0.8328737033955859,-1.1274292817568228,-0.5029940104723788,-0.191466555792408,-0.4407888507730553,-0.03541234474315745,-0.10937746679115769,-0.2912841940253525,-0.7029177864157086,-0.42594766232847037,0.41608517572303205,0.10608304780917345,-0.09793149585751397,-0.10826409251941274,-0.794409293471212,-0.8117301361133116,-0.2746168114565458,0.17955686593445194,-0.29053461805938996,-0.5405845059150832,-0.06991938009111154,0.013711913318286572,-0.04387449074080463,1
1.110015375377516,-1.1069805240255675,1.0038746524609323,-0.8681093238500562,0,1,0,1,0,0,0.40040278464456736,-0.576890618077499,-0.029103631420558513,-0.44416663902126813,-0.28157554910663896,-0.10040785555285138,0.45949195548658445,-0.25189219069726704,1.5912267110368667,-0.4061364976179673,0.6435301075282462,0.15728056282683808,-0.5288175006215998,0.4331309486775144,1.3218788059458921,0.5818500375341431,-0.21716343498230395,-0.294406037791769,-0.19143037735720503,0.4043702465109161,-0.20615540888621228,1.669959106218419,-1.5905570460796563,0.3333286617932529,-1.1240508517126389,-0.4043702465109161,0.19143037735720433,0.5494904413305014,1.4666567501381707,0.5002078235474204,0.7441782689863493,0.615217432034406,-0.34003467563087314,0.5138790966987595,0.6772228733838963,0.5118468759157585,0.08453045990652028,2.2486262923296945,1.2915353389738984,0.13201387092399572,0.2622871218583729,1.0455744699249259,1.3568776040291806,1.795125932966095,1.0901944480755505,1
-0.27779879191332196,-0.3854830768246345,-0.15484123025532542,-0.13478617003801185,1,0,0,1,0,0,0.5139732176817596,-0.5925903641931524,-0.68155588370685,0.037269872675164004,-1.3500853014859073,-0.48454638064611766,0.9315661067517805,-0.16598919665242198,-0.5639722937159725,0.18245297243336767,0.10878701144210223,-0.11297989041604435,0.24639083645351992,0.6638172379806692,-0.1305254746316701,-0.662345295108911,-0.3981189601010198,-0.5890498334887198,-0.5972369986170187,0.43824128821613356,-0.6320869856013892,0.09706782650254693,0.10537587344571037,-0.6412501407492922,-0.716520955978126,-0.43824128821613356,0.5972369986170181,0.5494904413305014,-0.18442671521636386,-0.19121049065408274,-0.4961897785011287,-0.6136987449184976,0.16404522527173035,0.02452383803125581,0.34501385799472056,-0.29429738304996345,-0.6926373220274746,-0.1035484832504671,-0.5604775923118106,-0.4255357978349895,-0.6346379459673855,-0.6992004034990842,-0.37174181903963527,-0.2089648391376897,-0.76555472453303,1
-1.0231064002732158,0.6194597960623787,0.27967722576327125,0.5985369837740325,1,0,0,1,0,0,-0.6091121756860305,-0.1047352904511812,0.12441454558798068,-0.5147618967459854,0.9454622044871815,0.31727012167312146,0.9188105635632682,0.3583266176827184,0.2705857465836619,-0.15075253075524722,-0.10996960211053694,-0.18905911740904247,-0.07209302631945952,1.6223261893702934,0.2742958184268618,-0.6828971666207703,0.8046594847093893,0.4927309111303228,0.9041108648182726,-1.154540235155578,0.3433807581686238,-0.21703099867805514,-1.056145574358223,1.0015435142661449,0.6240217010397008,1.154540235155578,-0.9041108648182734,1.245803281894381,0.04072103005925432,-0.5824076947417753,-0.8192022908676594,-0.4942207832702994,0.06953024385249205,-0.13859458152457876,-0.5408768497097485,-0.4803306735805153,0.3343343898138759,-0.17942508891434333,0.0872707728176734,-0.47740088330094144,-0.07617516788719629,0.9504049313745251,0.36909507656128593,-0.15329565102369538,0.16231986177126023,0
-0.27779879191332196,-0.2824120129387873,-0.15484123025532542,1.478524768348486,1,0,0,1,0,0,0.5139732176817596,-0.5925903641931524,0.9687645191349462,-0.6409075212049062,0.17961079730601473,0.039563458014310826,-0.3013367017756634,0.01103018534442544,-1.950179367743902,-0.45713797528148375,-0.9136726891024416,-0.11749097137925385,0.6834290538451987,1.1325595133838513,-0.08864359423734024,-0.519312113806053,0.0023642542560563026,-0.2213913711837057,-0.4194329849395745,0.2557448558590603,1.5506561403991594,-0.10394048231100828,2.1441019349957156,0.6199082665716562,0.9716736602077677,-0.2557448558590603,0.41943298493957376,1.0229831729139398,-0.10937746679115769,-0.07294156848803632,-0.3282232720705331,-0.3064697006802721,0.19555021907814235,-0.22015379130249568,-0.04256332662598434,-0.17027518936292965,1.63886602377451,0.04820472807728505,0.4704458620491997,1.571269992604168,1.7853674257134342,-1.3019408143182878,-0.5363722402842841,-0.48731077970765985,0.9664778365683122,1
-0.07219669305541997,0.6194597960623787,0.27967722576327125,0.5985369837740325,1,0,0,1,0,0,0.31207022561564,-0.5553761511782702,0.12441454558798068,-0.5147618967459854,-0.12126786436098712,-0.02930421703151339,0.17950269876998862,1.3463086717884836,0.18844809789031453,-0.3790438419706074,-0.9205419698257625,-1.1165551679861345,0.03827361457381829,0.5465330779648309,1.658122314777598,-0.8737319722970031,0.3288582885549759,-0.6873858588267532,-0.33645217931212407,-1.1891589033857164,0.2964865396797857,-0.1867803680382789,-1.1356312326330118,0.8381540262009345,0.5256511428618449,1.1891589033857164,0.33645217931212335,0.10385022336961848,0.8662627627365218,-1.255630790148503,-1.4393863146113988,-1.262293393865864,-0.9701345517591269,-0.709509049969999,-0.6516131881728072,-1.3484860293897554,0.3343343898138759,-0.1035484832504671,0.24236545179233895,-0.39960325510201306,-0.0592520533999176,1.1724671879921262,0.6160407084282594,0.06938110143228039,0.22417816752487937,1
-0.27779879191332196,0.1298722426046032,-0.15484123025532542,-0.4281154315628296,1,0,0,1,0,0,0.5139732176817596,-0.5925903641931524,-0.4512786181940413,-0.28677393327435763,-0.8059016802033797,-0.234118471388575,0.8701759959934879,-0.11272734988801157,0.4128550561676324,-0.22612138985241137,0.2283746623708003,0.10667925523214798,-0.13230430557389825,1.0649586817143724,0.03889803976059334,-0.5965526350655412,0.18312834631576702,-0.19608139547122252,-0.1984048918790851,0.3422733367180179,-0.14590673811773228,0.19368902776618124,-1.1638645594314687,0.48706234298920176,-0.4883335644822278,-0.3422733367180179,0.1984048918790844,0.911573118423719,-0.03432821836595151,-0.20030810005147043,-0.4703487775118068,-0.3747428216220998,0.06953024385249205,-0.22015379130249568,-0.1532996650890431,-0.23228628620644656,-0.08200549336504998,0.27583454506891375,0.2788583174334372,-0.38663698373552574,-0.1777138548108673,0.4428340591057229,-0.04248097655033679,0.1250502895462747,-0.023255055489598248,0
0.13340540580248203,-0.07626988516709207,-0.4445202009343899,0.3052077222492148,1,0,0,1,0,0,-0.43244705762817587,-0.29080635552559214,0.3035190854312764,-0.5500595256083439,0.6766810186729874,0.201447213641508,-0.35577314493187895,-0.9100786585227022,-0.16093834496193266,-0.22765253265242757,-0.07013205032584605,-0.2834403778977398,0.20932106928739197,-0.16062632941584878,-0.006922852004502346,-1.1246101259318746,0.3004595904687726,-0.3876962280445078,-0.34274413050805214,-0.04664941409013511,0.33421528275637097,1.242176358626158,-0.9101166105450124,0.6054744713686658,-0.2873348075291475,0.04664941409013511,0.34274413050805214,-0.17467491285593337,-0.03432821836595151,-0.07294156848803632,-0.6383152839424023,-0.4942207832702994,0.3845801819166189,-0.13859458152457876,0.012804842605544792,-0.17027518936292965,0.0012624832707351544,0.6552175733882943,-1.0348848456460813,-1.2813097080232,-1.0069464646875115,-0.635754044465484,-0.6186874509066087,-0.7099875321636356,-1.136704559054746,0
0.4161082917320974,-0.3339475448817109,1.7280720791585935,-0.13478617003801185,1,0,0,1,0,0,0.8673034537974689,-0.6431784350102578,1.3525599616562942,-0.6762051500672649,0.15196382830776226,0.0279364479416392,0.32418319496112546,-0.5259013339616903,-0.5989392061198561,-0.1151249032362263,-0.026414331903679984,0.03492301341514958,-0.6388605496707451,-0.5011243917604258,-0.43598075599547825,-0.6081626543638878,-0.6028042107720235,-0.3721405681078215,-0.04921092906325296,0.0964376253461319,-0.9515022117658188,0.28506013468163627,0.20762514269511362,-0.4422040196272367,-0.3289829083307664,-0.0964376253461319,0.049210929063252244,-0.4253475354589299,-0.3345252120667762,0.2727675886127153,-0.09565426316663046,-0.32353798091572933,0.8256500952063961,-0.05703537174666111,-0.04256332662598434,0.139780294854656,-0.9979532363586869,-0.02767187758659086,-0.7976812189789466,-0.5811310542328463,-0.7023304039164997,-0.7309235830158842,0.12214944469431245,0.18071947766026855,-0.9511296417938885,0
0.05630461873076867,1.2378861793774645,-0.4445202009343899,-0.13478617003801185,1,0,0,1,0,0,1.3972988079710327,-0.6873703129654305,0.21396681550962854,-0.5327000360039053,-0.5019356213397814,-0.1169539852716533,-1.030982235885958,0.0663896367931306,-0.21141061017383278,-1.0414343313960504,-0.6283165708949385,-1.953310857745095,0.015618843879991125,-1.0705570753608005,-0.1095888264902945,-0.9356664362224306,-1.321385587264014,-0.64330260048014,-2.7148097313727666,0.02843219803499119,0.36391788017846594,-0.2009055406407369,-0.6512491466714316,0.09664726498964914,0.18878253389634037,-0.02843219803499119,2.7148097313727675,-1.038102835155144,-0.18442671521636386,-0.25186121997000455,-0.6813836189246067,-1.1143682984919032,0.9096634120234974,-1.3076099216747252,-0.17175572149955282,0.5531876071447698,0.77843026520473,0.27583454506891375,1.5378621820513083,0.8970238815467907,0.8884423578876751,1.9338234963953311,0.2044646553166367,0.23638866577426285,1.5232025883508855,1
1.3156174742354179,0.5163887321765315,-1.168717627632051,-0.8681093238500562,1,0,0,1,0,0,-0.09173575851659908,-0.41524138029410446,0.12441454558798068,-0.5164978457064292,0.16397815127599932,0.07981080057355874,0.33034947068149967,-0.026542162983857847,-1.168896719621593,0.08867887968520448,-0.2658565744458753,0.5988063909553794,0.660816421065803,-0.621537092305525,-1.1289761891789758,-0.6562976283480111,-0.9698942856286691,-1.1059463502934377,-0.5860329100839196,1.3979208031972914,-1.0803915198638836,-1.094553610896482,0.9384051506068664,-1.081530016447473,-0.7341147887088366,-1.3979208031972914,0.5860329100839188,-0.48105256270404034,-0.9349191994684248,0.6275743551108558,0.1627557467265941,-0.23819657973844427,0.6681251261743327,0.6769975162545934,1.1201682272361313,0.44983577907224165,-1.053465220782544,-1.0899443568808573,-0.3415203984652251,0.1709126850234604,-0.2792525417345383,-0.9212626601166852,-0.7833178721512579,-0.2089648391376897,-0.3944048900113141,1
-0.38059984134227254,0.15564000857606544,0.5693561964423357,0.5985369837740325,1,0,0,1,0,0,0.5644489656982895,-0.5984050849767277,0.09882818275322415,-0.5095540498646537,-0.2693723275109699,-0.06642121072504202,-1.9856114825475586,-0.3541418364787777,0.5049157715444279,-1.7192436287477848,-0.7254906834777153,-1.1909424849129884,-0.24575064799281054,-0.9339376794524425,-0.7764598413637281,1.1275240793409536,-1.220132363022459,-0.5458590762881647,-0.16027754582615011,-1.4653421880752575,1.827861576568278,-0.2917696393194306,0.44281618725026894,1.1127248610178988,0.410248274980285,1.4653421880752575,0.16027754582614942,-0.8789456144548287,-0.7204927753964075,0.016734867000505388,0.598361191975172,0.0397725555247135,-0.5605696322757617,0.01287252234869625,0.09190222722201546,0.051193013649631844,1.7221340004102954,-0.2553016945782196,0.06902433999712428,0.28760912732185256,0.7361343275021692,-0.826093121566285,0.8629863402952329,0.18071947766026855,-0.3944048900113141,1
-0.38059984134227254,-0.30817977891024867,-0.4445202009343899,3.2385003374973924,1,0,0,1,0,0,2.0282456581776565,-0.7240030539019552,-0.13144908275958464,-0.40771171085194696,-0.920972357172438,-0.24172074720532183,-2.721015632426361,-1.1563031311893095,-0.09229393017149555,-2.7677387790989294,-1.8116860636074066,-1.6237219453660252,1.5749690335702191,-1.432731182211015,-0.12851461012091625,0.5376999212913878,-1.5423793654454812,-0.9456429826845182,-0.042827790168833695,-2.172086992532613,2.352070357844866,1.4583192205675106,0.6665054597245166,2.2096395544648137,1.4320442936431999,2.1720869925326127,0.04282779016883299,-1.3444804850032512,-0.10937746679115769,0.04532735367801011,0.31780175266252825,-0.34060626115118536,-0.18250970659880966,0.8401159358104279,0.954063719541543,-0.17027518936292965,2.638081743403932,1.793366658346437,0.853620951280726,1.1044842234105985,2.073060371997167,-0.44541496736468245,0.03983423407198747,-0.8213259083916238,0.5334696962929761,0
-1.3572098109173063,1.2121184134060021,-1.168717627632051,0.5985369837740325,1,0,0,0,1,0,0.6149247137148194,-0.6048012778386607,0.23955317834438508,-0.5384865325387181,-0.20258533364806758,-0.04898069561603459,-1.670886038760064,0.4137735182262087,1.683228217578177,-1.518572201999457,-0.6795416908680225,-0.17847360338986573,0.34282903963811584,-1.3830845707387749,-0.6086846811735837,2.501495801452303,-1.7350125411996689,-0.9787686679228962,-0.30025191215747105,0.05436948222367098,0.9414459040780908,-1.1776840907060322,0.21273267521568592,0.33108433870813975,-0.07213962302483083,-0.05436948222367098,0.3002519121574703,-1.3444804850032512,-0.7097714541928067,-0.5642124759469986,0.7183372679970265,-0.08458205761933026,-1.94678935975792,0.02452383803125581,0.17890935030013266,-0.9144083514851348,0.5841383197212315,-1.2416975682086098,-0.7703115697481222,-0.5551985114998699,-0.39771434314548676,-1.016432198667086,-0.20711139779498602,-0.2089648391376897,-0.8892713360402683,1
1.0843151130202777,-0.7719995663965628,-0.15484123025532542,0.3052077222492148,0,1,0,1,0,0,0.9556360128263961,-0.6478302116371182,0.48262362527457214,-0.5795706579358897,-0.2100119344736601,-0.05032227370134285,0.7392799583950596,1.143410927024461,-0.1080517229465563,1.1108442181704754,-0.09454024244045338,-0.7055075242366483,0.029032125000678196,0.5754882092587494,1.029378173156003,0.5904913053798321,0.782803061022708,0.03718585787083114,-1.0618771407249559,0.09092870184200141,-0.4529657402972692,-0.5381589244394913,0.741097140164421,-0.7244647576890257,0.15921169794309165,-0.09092870184200141,1.0618771407249543,0.577342954953057,1.0163612595869336,0.14540105704928116,0.4340862571144791,0.7517636739180628,-1.033144539371952,-0.5463906304141645,-0.09793149585751397,0.38782468222872474,-0.47058938433204756,-0.5588081172337243,-0.2046721523111086,0.19684522775643593,-0.11002139686175369,-0.09645999267988113,-0.37174181903963527,-0.3759724034796717,-0.1469716669968365,0
1.1871161624492292,0.6967630939767645,-0.8790386569529866,0.5985369837740325,1,0,0,1,0,0,-0.1295925695289965,-0.4041934108053113,0.15000090842273722,-0.5217056925877608,0.21521066686693907,0.09233219603643587,-1.5754285631979794,-2.9712189033962395,1.1318569668549918,-1.5489830645074678,-0.7020964216484414,-1.1493109589643342,0.2021499395550986,-1.0417404043168463,-0.5327110237289894,1.7058242892602484,-1.4182899335269405,-0.8592489429320744,-1.1887255685786846,-0.38855952469070976,1.1497770297695722,3.5444329812989137,0.16690251051561508,0.6862241681538983,0.07387038045606553,0.38855952469070976,1.188725568578684,-1.0102503215325889,-0.5596729573423944,-0.23669853764102378,0.6537347655237203,7.593435579547688e-4,-1.3166894836296663,-0.22015379130249568,0.40038202722625016,-0.35630847989348147,1.1392581639597994,3.4626519829517126,0.20587258615124074,0.2616765845888761,0.5330569536548284,-0.4771381468814831,0.6160407084282594,0.45906541823023866,0.22417816752487937,0
-1.6399126968469209,-0.6173929705677911,-0.8790386569529866,0.5985369837740325,1,0,0,0,1,0,0.8420655797892039,-0.6391081304617552,-0.11865590134220637,-0.40771171085194696,-0.557608216463661,-0.17643061372031965,-0.7223403373101498,-0.9123320702981318,1.468748978458761,-0.8582336377877354,-0.46134703407906624,-0.5076086931589159,-0.04307617332605404,-1.0159844400818676,-1.1351311202154515,2.269051284808885,-1.5266573548965807,-0.9060032377661578,-0.4372750117287954,-0.25863368266248993,-0.010727858807087477,0.11505496081107902,0.27234865782606366,-0.35438902391508614,-0.2847620832380572,0.2586336826624906,0.4372750117287947,-0.9266927806649233,-1.009968447893631,0.2545723698179399,1.428964795203394,0.615217432034406,-1.4742144526617298,0.4323198869208419,0.7325910426154264,0.20179139169817292,-0.38732140769626244,-0.4070549059059717,-1.4910456661598026,-1.1516469943583196,-1.1931007240475748,-1.2702176348014877,-0.12479618717266176,-0.26463402725168356,-1.6315710050837011,1
0.05630461873076867,-1.235819353882877,-0.4445202009343899,-0.4281154315628296,1,0,0,1,0,0,1.3972988079710327,-0.6873703129654305,-0.4001058925245282,-0.31859966421582847,-1.0596924483908166,-0.2824152824596725,0.1508512102498841,1.405137895785672,-0.6945756240612091,-0.35215108570358533,-0.3437856908505418,-1.4609009860354452,-0.31271095483750966,-0.4485947935696906,1.3803605914421098,-1.4754216495258812,-0.9885570556818262,-0.6652049349748793,-2.620197428204374,0.6061852033378367,-0.6579929120816899,-0.5457809211063902,-0.5331483221392439,-0.5045028565023202,-0.20250491202637022,-0.6061852033378367,2.6201974282043725,-0.4114212786476524,1.3165582532877582,0.08171779126756346,-0.7029177864157086,-1.0148033304517377,1.4084924806250314,-1.2396439135264608,-0.12561558047327853,0.7598912632898273,-0.7481493064513315,-0.7105613285614767,-0.7611883533378483,-0.892321567028559,-1.0069464646875115,0.030432725387320277,-0.5363722402842841,-0.32030321536567735,-0.5799798072721716,0
-0.27779879191332196,-0.6431607365392533,-0.15484123025532542,-0.13478617003801185,1,0,0,1,0,0,0.31207022561564,-0.5559576232566278,-0.4128990739419065,-0.3041334228787963,-0.6402913343138573,-0.19252955074401884,0.5166978605661263,1.2316898478628526,-0.5213122553362616,0.5249972721995718,0.03365972657603684,0.3182303860521402,0.17828878753460548,1.3206655096174262,0.49365553482858515,-1.0469340502313194,0.5600455496164461,0.05266385681428451,-0.43967950362031105,0.8700970699576539,0.6011124633449713,-1.1959996924144136,-0.3394164374389684,-0.15390586454544478,0.007656712924707304,-0.8700970699576539,0.4396795036203104,1.106540713781605,0.340918023760079,-0.2912841940253525,-0.7675202888890147,-0.5283573437412127,0.3845801819166189,-0.46483142063624716,-0.319404172783631,-0.23228628620644656,-0.08200549336504998,-1.4693273852002382,-1.9563297030837987,-1.7869942913162333,-1.7177172731532073,-1.0798785577006862,-1.3595243465075295,-1.211010225189582,-1.7552876165909395,0
-0.6119022025574117,-0.9523739281967958,-0.8790386569529866,-0.13478617003801185,1,0,0,1,0,0,1.750629044086742,-0.7100477240213743,1.339766780238916,-0.6750478507603023,-0.1268378223274062,-0.02438509738538309,-0.5835106479685692,2.9766187295052466,-0.267360828731422,1.301686622895583,0.20077665408018577,-0.9491991533383505,-2.0335459549872823,-1.9951457808293762,2.9145936828194583,-1.5423288061749532,1.6779221056055669,-0.7805914523781506,-1.4375436385994584,0.13114384342216406,-1.1821403958946575,-1.1657266523001275,-1.1844004990661534,-0.09469581229637845,-1.0231151069835802,-0.13114384342216406,1.4375436385994576,-1.8736782438317996,0.5660657690356972,-3.1024454978183087,-3.0932103779280355,-2.5936192522315107,-2.450869260660523,-2.666930084640012,-2.7556036189709214,-3.5808855157563717,-1.0257092285706153,-0.9381911455531051,0.8353745184601769,0.028283699992091807,-0.008482709938082702,0.728342674756924,1.439192814651505,1.6837875567381073,1.3994859768436472,1
-1.691313221561397,-1.3646581837401863,1.0038746524609323,-1.161438585374874,1,0,0,1,0,0,-0.2810198135785862,-0.3489535633613456,0.6105554394483548,-0.5992447461542535,0.6211348619186641,0.19473932321496668,1.5243775247791924,0.27556902764518176,-2.260673236250831,1.3128507233910696,0.5366309310189322,0.43824402928918127,-0.17831090261162102,0.748646138142207,-0.38526339553383887,-0.10313828314972144,0.4345382202703924,0.2463773272035723,0.4292298816076853,0.17200761631813533,-1.3716456554654866,-0.7641755507998881,2.986772019009244,-1.3426959683967215,-0.4571069857836428,-0.17200761631813533,-0.42922988160768605,0.6330479821981672,-0.40957446049198204,-0.17301527185930607,-0.19901826712392082,-0.01630893667750248,-0.11949971898598452,-0.05703537174666111,-0.26403600355210183,-0.29429738304996345,-1.3587811351137562,-0.9381911455531051,-0.9527758979536108,0.533968283285125,-0.07617516788719629,-2.3488057383726932,-0.4540570296619595,-0.4316415915936655,-1.0748462533011267,0
-0.7661037767008384,-0.3854830768246345,0.27967722576327125,-0.13478617003801185,1,0,0,1,0,0,0.48873534367349464,-0.5850312271745045,-0.68155588370685,0.037269872675164004,-1.3376646092725817,-0.47873287560978184,0.14021931985139893,-0.44169069151501716,0.537540687589456,0.15398373985390992,0.7631162264703117,1.000885753109596,0.03462199652876849,-0.39588514925997137,-0.44914000053993564,0.7515281937279209,-0.4577255424600867,0.3652568559614939,0.08301123374971872,1.282759261399553,-0.5905421541382109,0.15629574283634623,0.02037722993943612,-0.6618949109439695,-0.6354862403970023,-1.282759261399553,-0.08301123374971872,-0.4253475354589299,-0.4846237089171882,-0.23669853764102378,0.17567624722125458,-0.01630893667750248,-0.15100471279239655,-0.30171300108041293,-0.3747723420151606,-0.10826409251941274,-0.7203933142394032,-0.17942508891434333,-0.9254062487227878,-0.7756251247301669,-0.9561771212256767,-0.794369942049485,-1.1948939252628807,-0.8213259083916238,-1.0129879475475077,0
-0.9974061379159777,0.6967630939767645,0.27967722576327125,0.5985369837740325,1,0,0,1,0,0,-0.6091121756860305,-0.1047352904511812,0.15000090842273722,-0.5217056925877608,0.9623420308214967,0.3226364340143545,-0.11706187014516109,-1.8288924741870891,-0.6302355687334109,0.1704048885384642,0.12026299361097943,0.1086046352623645,-0.4910367509505592,1.0570311627711388,0.7668464308283025,-0.799787171438181,0.872160900240963,0.30453378688884164,0.6912331826893887,-0.5374328853480426,1.2189504632613624,3.2784222371653162,0.05784415936050911,0.6346138083079785,0.14097018851442866,0.5374328853480426,-0.6912331826893894,0.7166055230658329,0.41596727218528484,-0.6915790075104341,-0.9613277963089331,-0.6136987449184976,-0.11949971898598452,-0.38327221085833024,-0.7069813574043363,-0.6663639641110671,1.055990187324014,2.9315157433045793,-0.1681792866700104,-0.11434528503927678,0.1438253204474232,-0.5088613263982832,0.36909507656128593,0.1250502895462747,-0.20882997275045564,0
-1.100207187344929,0.1298722426046032,-0.8790386569529866,1.478524768348486,1,0,0,1,0,0,-0.028641073495936725,-0.44722234460376886,-0.438485436776663,-0.2896671815417641,-0.4473266520859149,-0.12008433413737257,-0.8278441225386991,1.0667943851934252,-1.8726587846040437,-0.003779610391689154,-1.7133719554981321,-2.475592931916293,0.8392160858696147,-0.06274523723753403,1.1703581809963395,-1.238006606798476,0.8470840594490067,-0.5845602869234148,-1.3546042819258675,-2.0329334628603464,1.0884431026072399,-0.2917696393194306,1.315910046063915,0.8450600628493401,1.656758111439423,2.0329334628603464,1.3546042819258675,0.1317027369921738,1.4666567501381707,0.8186241524560076,-0.018131260198663828,0.32505666803163763,0.5736101447550955,-0.30171300108041293,0.40038202722625016,0.9459245538203791,1.0282341951120857,-0.2553016945782196,0.06902433999712428,0.7414286251489338,1.0745966172477384,-0.2233527107470814,-0.4540570296619595,-1.211010225189582,-0.1469716669968365,1
0.9815140635913272,-0.07626988516709207,0.5693561964423357,-0.13478617003801185,1,0,0,1,0,0,-0.15483044353726144,-0.3966342737866634,1.2374213288998899,-0.6681040549185268,0.7199685198313944,0.2112854529337686,0.19973366437729462,0.38828164026816525,-0.690482147560336,1.0039834019697094,-0.03932234646688261,-0.48479749005023104,-0.2943593460305617,-0.01796279614094401,1.312895057860696,-0.9185927880917839,0.5034086130751368,-0.5175200878308314,-1.4375436385994584,0.7645323233097284,-0.2956827366279726,0.7823007110473706,0.020815063722374363,-0.8571454410256477,-0.4541366623981263,-0.7645323233097284,1.4375436385994576,0.10385022336961848,1.4666567501381707,0.5184030423421971,-0.06981326217730856,0.13730558544161034,0.3530751881102058,-0.8726274695258333,-0.319404172783631,0.6978801664463103,-0.47058938433204756,0.35171115073279,-0.8797901666714156,-0.7367263106307022,-0.9900233502002335,-0.4771381468814831,-0.7833178721512579,-0.5429799678216537,-0.7036964187794109,0
-1.2030082367738797,-1.235819353882877,0.27967722576327125,-0.4281154315628296,1,0,0,1,0,0,-0.81101516775215,2.058340841038846,-0.4001058925245282,-0.31859966421582847,1.891365728399917,1.8292286238155349,2.328794757545358,-0.26443660247297357,0.6299715599094359,1.7053612751364922,1.5542468464405772,1.1340489859315175,-0.9984937217503225,2.487971998076396,-0.46670288129475795,0.3296560548231665,1.7646017744430316,1.9519715085475213,0.6912331826893902,0.8611509049874916,-0.7522934939186899,-0.10458516552559266,-0.5299196833798302,-0.5540841487115433,-0.11487676344160497,-0.8611509049874916,-0.6912331826893908,1.7471485271003746,-0.7097714541928067,-1.019092945816409,-0.7158382869103699,-0.05044549714841698,-0.5290646384693491,-1.3619827281933365,-1.7036084035718644,-0.4803306735805153,-0.859173275299045,-0.4070549059059717,-0.97102233077416,-1.060883094792903,-1.176177609560296,-0.033013633646279864,-0.8656330827735822,-0.5986491559356475,-0.76555472453303,1
-0.09789695541265715,-0.6431607365392533,-1.6032360836506476,-0.13478617003801185,1,0,0,1,0,0,-0.6848257977108253,0.15111242402613387,-0.4128990739419065,-0.3041334228787963,0.6933471533458069,0.3512567665009308,-0.46402262433727226,0.06821250251757122,-1.6078935031031976,1.4804325606262225,0.6088561621035752,-0.10311952729834445,-0.5897238049404174,0.19121021483365033,-1.3668424579522223,-2.3052207742679642,1.9391649964073712,1.2386982474266792,-0.21462929445480164,0.07222398482797085,0.8362897484046233,-1.462896569297303,-0.11848028000205703,-0.07712606385452091,0.4178049155084589,-0.07222398482797085,0.21462929445480092,0.10385022336961848,-1.3101654415944555,-0.24579614703841146,-1.3618633116434313,-0.6819718658603261,1.865314890818015,-1.1988643086375024,-1.2606630497196296,0.5118468759157585,-0.026493508941193386,-1.6969572021918669,-2.2573958446228546,-1.9555558190805775,-1.8531021890514345,-1.206771275767887,-1.3595243465075295,-1.4893561657595522,-2.064579145359036,1
-0.6119022025574117,0.1298722426046032,-0.8790386569529866,-0.4281154315628296,1,0,0,1,0,0,1.750629044086742,-0.7100477240213743,-0.4768649810287978,-0.2260157196588223,-1.2763853101906646,-0.3714066287851207,0.035884375562151585,1.3555727939275477,0.11790686780684055,-0.42690746778249544,-0.9721603953640744,0.6047602584334322,0.9998889006079806,0.04237377381433661,1.4046172411081552,-0.8821470017564756,0.1319367792168004,-1.1390918085883082,1.0187373090415193,-0.18555039652161812,-0.007558722221389228,-0.45345148416279774,-1.047655301028129,0.7075506989919176,0.15175468161099356,0.18555039652161812,-1.01873730904152,-0.3417899945912644,0.5660657690356972,-1.4648758062884317,-1.6073528210419945,-1.4841810369268051,-1.348194477436079,0.18764225758709038,-0.26403600355210183,-2.340663578886029,-0.1375174777889068,-0.5588081172337243,-0.48749186102961545,-0.9182541097615345,-0.6177148314801074,0.2207718024881207,-0.20711139779498602,-0.32030321536567735,-0.5181215015185524,0
-0.38059984134227254,-1.3646581837401863,-0.15484123025532542,-1.161438585374874,1,0,0,1,0,0,-0.6595879237025604,0.03481800835462702,0.6105554394483548,-0.5992447461542535,1.3749493001019513,0.48988650198278466,0.6963103639883211,0.3780685214471319,-1.963104801516794,0.9190448666936075,0.39768832866185866,-0.775773494126886,-0.9495896301850928,-0.4330474556025298,0.14630353968206836,-0.03297197489662714,-0.2459975014208125,-0.17967656958778744,-1.046543814281098,-0.020113106998745453,-1.4009324263949237,-0.3723472362609128,2.6504963731076305,-1.4854972345210178,-0.6924335034258782,0.020113106998745453,1.0465438142810974,-0.5924626171942612,-0.18442671521636386,-0.9190192424451392,-0.7933612898783374,-0.8355863879794388,-0.6235796198885869,-1.3619827281933365,-1.149926711256571,-1.0384305451721696,-1.3865371273256843,-0.6346847228976005,-1.0075151964152582,0.3265079414213163,-0.3130987707090945,-2.221913020305493,-0.12479618717266176,-0.15329565102369538,-1.198562864808365,1
0.6988111776617119,-1.6481036094262664,0.5693561964423357,-0.8681093238500562,1,0,0,1,0,0,0.16064298156605036,-0.5268840193387511,0.8408327049611636,-0.6333850757096495,0.33159743474892256,0.08428272752458629,1.2174331055612213,3.19185011498982,-1.6412835599319824,0.7369437040798167,-0.0934614230420027,0.6122256340638083,0.5357367014769684,0.955744608654622,3.0236888608741346,0.12639500719577648,0.30172233729176146,-0.06737505054414489,0.7472536253548848,0.09388569754642515,-0.7379016171181125,-1.3518493290048195,2.3707044024954835,-0.696380695762604,0.05572580395114776,-0.09388569754642515,-0.7472536253548856,0.8558680911786088,2.7424939733666744,-0.082039177885424,-0.0052107597040024186,0.12023730520615308,-0.4660546508565234,0.6769975162545934,0.34501385799472056,-0.4803306735805153,-0.7481493064513315,-1.317574173872486,-0.33239718205494984,0.8840576101803024,0.5161338391675497,-1.6508957890030895,-0.12479618717266176,-0.09762646290970158,-0.023255055489598248,1
-1.100207187344929,-0.07626988516709207,-0.8790386569529866,-0.13478617003801185,1,0,0,1,0,0,-0.028641073495936725,-0.44722234460376886,1.2374213288998899,-0.6681040549185268,0.6081278648358535,0.17237968845982896,0.05584171535258935,0.40090329755655124,-1.2280759140471986,1.0168127656851322,-0.20621454762725414,-0.10939663692543823,0.2843150048730824,-0.12650567258777956,1.3114288851790756,-1.4066807370723171,1.208751199675793,-0.23542614058939823,-0.7471295343976714,0.5917900106131198,-0.20405224201468405,0.7635083107075924,0.26524243430462147,-0.17507144883357362,0.03824120716649155,-0.5917900106131198,0.7471295343976706,0.10385022336961848,1.6918044954137887,0.9823811216089964,0.007709740790658993,0.4957394703862077,0.9831750642384596,-0.13859458152457876,0.2342775195316623,0.8839134569768611,-0.38732140769626244,0.35171115073279,-0.8432973010303187,-0.5940973255993336,-0.6177148314801074,-0.667477223982284,-0.9479482933959068,-0.8213259083916238,-0.6418381130257917,0
-0.07219669305541997,0.6967630939767645,-0.15484123025532542,0.5985369837740325,1,0,0,1,0,0,1.2332526269173105,-0.6739964551632072,0.15000090842273722,-0.5217056925877608,-0.4921178399045568,-0.11516521449124227,-0.9632207521721904,-1.7656119850815863,0.41782911888696533,-0.4853213653429502,0.017274048874874375,-1.3207204839688471,-0.8601905255732347,-0.4494412910996628,0.14630353968206927,0.7408557304041677,-0.3645223133903667,0.17128880376606684,-0.671183982935474,-1.1356331163529647,0.8903054608267448,2.569921534004394,0.17330215832509904,0.29418376815299146,0.1447730686665353,1.1356331163529647,0.6711839829354733,-0.6481676444393714,-0.25947596364157,-1.1373618679824566,-0.6383152839424023,-0.7331767065666972,-1.0016395455655394,-1.1988643086375024,-1.0945585420250417,-0.9764194483286528,0.6951622885689447,2.1727496866658176,-0.3415203984652251,-0.2051091846046925,-0.07617516788719629,-0.4771381468814831,0.5337254978059351,0.013711913318286572,-0.76555472453303,0
0.6988111776617119,0.1298722426046032,0.5693561964423357,-0.4281154315628296,1,0,0,1,0,0,0.16064298156605036,-0.5268840193387511,-0.4768649810287978,-0.2260157196588223,-0.6486771439913345,-0.23054092982775298,0.6698511763764838,2.125331820995685,0.6908216006650338,0.2592971725909544,0.3083051989064289,0.985239953087698,0.3302694387608706,0.8537291918606809,2.312020924390066,-0.1448437106577913,0.7238176348511481,0.43629003841971664,1.1360522199736263,0.21702702713573208,-0.07840821741413775,-0.6009528159280073,-1.089930231306592,0.3674314247694989,0.025140447428275252,-0.21702702713573208,-1.136052219973627,0.6609004958207222,1.9169522406894068,-0.3640650692044592,-0.37990527404917784,-0.08458205761933026,-0.24551969421163483,0.35076067714292497,-0.1532996650890431,-0.6663639641110671,-0.22078545442469194,-0.7105613285614767,-0.5787240251323598,-1.0090180093269512,-0.8207922053274488,0.28421816152172197,-0.6186874509066087,-0.5986491559356475,-0.76555472453303,0
0.9815140635913272,-1.6996391413691911,0.5693561964423357,1.0385308760612593,1,0,0,1,0,0,-0.16744938054139394,-0.39954163417845107,-0.2210013526812325,-0.3706781330291445,-0.049657067575831444,-0.020807555824561053,-0.46028835039061833,1.5508590332840473,-0.7800650356093128,0.27560339269720685,-0.38074304520463254,-0.7558735740509894,-0.5595222122873326,0.108711619779481,1.6270168720578821,-1.087336202801452,0.4875048216093321,-0.5473875661789822,-0.946287449071263,-0.09240503183227083,0.7486655254526627,-0.4986929082651577,-0.026292985500499143,0.11107903296382414,-0.039432812004910535,0.09240503183227083,0.946287449071263,0.18740776423728422,1.6918044954137887,0.35464607318920965,-0.28946177058654887,-0.08458205761933026,0.3845801819166189,-0.6279498401920818,-0.26403600355210183,0.38782468222872474,0.4731143508735179,-0.6346847228976005,-0.6243401071837319,-0.5422322401333817,-0.4654068010946016,-0.5405845059150832,-0.04248097655033679,-0.09762646290970158,-0.76555472453303,0
-0.3034990542705592,0.1298722426046032,-0.15484123025532542,1.478524768348486,1,0,0,1,0,0,1.3089662489421054,-0.6821370642602127,-0.42569225535928473,-0.2896671815417641,-1.0707561904610863,-0.30075018295888545,-1.2249009428744306,0.26648899881145177,-1.253800250054829,-1.1259377401553725,-1.6741964795303215,-1.7007460259733966,1.3332302356617027,-0.6105330448007762,0.5898417394112636,-0.29856087630367695,-0.4964130235382013,-0.5347060462640026,-0.22931895624632825,-2.0921789839382625,1.0932171537884259,0.22512599200632377,1.4139620567979156,1.028834590911696,1.6545010366878565,2.0921789839382625,0.22931895624632756,-0.7317251853070371,0.19081952690966666,-0.8826288048555859,-0.8838047933409655,-1.0062691903340089,-0.5290646384693491,0.10608304780917345,0.2342775195316623,-0.9144083514851348,0.917210226264372,0.12408133374116129,-0.23204180154193166,0.5080357405521495,0.9222885868622325,-0.667477223982284,-0.37174181903963527,-1.1553410370755877,-0.45626319576493324,0
-0.7918040390580765,-2.1634589288555044,-0.8790386569529866,-0.13478617003801185,1,0,0,0,1,0,-0.7100636717190902,0.3400908494923325,-0.06748317567269331,-0.42622849976334815,1.1897591452346847,0.5909520510760072,1.359137446305398,1.5860233729774678,-2.0578917849519707,1.6553838072212645,0.28304431349586723,-0.8115986605122409,-1.1283896590141262,0.19199136460926866,1.2809698600334425,-1.244046710767783,0.9065715252830282,0.10318064451605333,-0.2548898489945435,-0.8541271252918234,-1.698078194809156,-0.8936193681335385,1.5630600408980289,-1.337375921227385,-0.26723565302597585,0.8541271252918234,0.25488984899454276,-0.007559831120602114,0.8662627627365218,-0.6551885699208807,-1.1422148032341901,-0.7843815472730677,0.1010352376589052,-0.8726274695258333,-0.8730858650989243,-0.790386157798101,-1.5808290728091832,-0.7864379342253526,0.23324223538206504,1.026686595211671,0.34690269429476517,-0.4136917878478824,1.5215080252738291,1.127095675598167,0.2860364732784985,1
0.72451144001895,1.4955638390920825,0.5693561964423357,-0.4281154315628296,1,0,0,1,0,0,-0.5586364276695006,-0.13671625476084556,-0.3745195296897717,-0.3226502117901975,0.34847726108323646,0.14420654866835542,-0.43675286097300225,-0.7709547754365409,0.73064663523224,-0.3984794229619081,0.1717511973136928,0.4134817835399327,0.0994839002647059,-0.8662498113646163,-0.6018829854901989,0.9399127954938904,-0.7420120407690516,-0.36949258830704024,-0.6280087910670794,1.1867913099014362,-0.25823111987891906,0.4552064620570179,-0.054296712542726104,-0.19744644526655655,-0.5840225647733347,-1.1867913099014362,0.6280087910670786,-0.7317251853070371,-0.40957446049198204,0.6093791363160792,1.0413497803635572,0.6493539925053206,-0.24551969421163483,-0.22015379130249568,0.06817301183707392,0.3258135853852078,-0.3318094232724056,0.27583454506891375,-0.378013264106322,-0.3477381696360611,-0.39771434314548676,-0.635754044465484,-0.9479482933959068,-0.5429799678216537,-0.7036964187794109,1
-0.5348014154856993,1.3151894772918502,-0.4445202009343899,-1.161438585374874,1,0,0,1,0,0,-0.7479204827314877,0.5581428788764078,-0.11865590134220637,-0.4100263094658721,1.3806487050335352,0.7461279162766631,0.689596325486367,-0.41283763101864923,0.8622997148560932,0.8962330036871701,1.4457761467189183,0.896761063117246,-1.4053140564335798,0.30660541634738353,-1.6646528363761082,0.5615460440137222,0.47998860325398884,1.3510761658776473,0.9848575718326791,0.2463053852199044,-0.652543957831735,-1.1009800636858615,-0.6144929784799694,-0.734804485259251,-0.5605168886749217,-0.24630538521990367,-0.9848575718326797,0.8558680911786088,-1.3101654415944555,2.0013133741164744,2.062069319441795,2.2196357741673656,1.9283248784308402,-0.22015379130249568,-0.6516131881728072,2.0621242970036877,-0.47058938433204756,-0.8623145398892288,0.8809906005115491,0.39133929825375646,0.05920974801103089,1.2041903675089267,0.7806711296729086,1.0157572993701793,0.8427612250610729,0
-0.07219669305541997,0.43908543426214564,-0.4445202009343899,0.5985369837740325,1,0,0,1,0,0,-0.15483044353726144,-0.40942665951052915,2.0945644838642337,-0.7196038740783615,0.9454622044871815,0.24124736350565315,-2.6978969373074784,-4.8833904148902825,1.5605010387117186,-1.3416349505554186,-0.35683726571810165,0.14817102016642414,0.2489196440369978,-0.8775765267773065,-1.510967148015566,0.8078560749882139,-0.6320150341156618,-0.718414849748294,0.2507965989744553,-0.04664941409013511,2.874627240032207,5.188952880215844,-1.3214397509928837,1.1857669740714505,-0.2374863507917457,0.04664941409013511,-0.25079659897445594,-0.7317251853070371,-1.3101654415944555,0.6912576208925736,1.0413497803635572,0.700558833211691,-0.5290646384693491,1.0032343553662626,0.954063719541543,0.44983577907224165,2.3743998173906125,4.373171250918228,-0.4760878405167724,-1.0414336877431711,-0.5796378238837306,-0.1836987363510812,0.10157064203873102,0.0832983984607791,-0.5335860779569574,0
1.1871161624492292,-1.41619371568311,-0.8790386569529866,-0.13478617003801185,1,0,0,1,0,0,-0.14221150653312897,-0.41000813158888666,-0.13144908275958464,-0.40886901015890953,0.01221242151680402,6.576935403711695e-4,0.0292497553313407,-0.2683516025606374,1.5152733321501082,-0.5323545692253941,-0.25351403498180614,-0.8855824871344983,-0.34021521506793284,-0.9598930058671907,-0.30531041891195143,1.6692083036351666,-1.4416253551454032,-0.8865279568551225,-1.3500596596423822,0.13114384342216406,-0.9997862781944258,0.06246772081954102,-0.39403603968809486,-0.710314346194372,-0.5359413396323879,-0.13114384342216406,1.3500596596423813,-0.9266927806649233,-0.3345252120667762,-0.16391766246191838,0.705416767502365,0.03489590402886805,-1.2536794960168407,-0.46483142063624716,0.17890935030013266,-0.35630847989348147,-1.0257092285706153,-0.17942508891434333,-0.6973258384659271,-0.7756251247301669,-0.9731002357129547,-0.1916295312302808,0.2044646553166367,0.29205785388825667,-0.8892713360402683,0
-0.4577006284139859,0.7225308599482267,-0.4445202009343899,-0.8681093238500562,1,0,0,1,0,0,-0.6722068607066928,0.10343171360081606,0.40586453677030254,-0.5732055117475955,1.325114884692047,0.5225315687252857,-0.8035895674366742,0.4363002284704958,0.934212499221991,-1.744129093742346,-0.9444561351164371,-0.701468370826881,0.17948807082314117,-0.7482380267680355,0.47162366736783756,0.48557541657965736,-1.6196267986834119,-1.4089039233666867,-1.0618771407249559,0.0964376253461319,0.36978023493282614,-0.12637351928164986,-0.7891433177925441,0.7502116748532102,-0.14768122896791344,-0.0964376253461319,1.0618771407249543,-0.5924626171942612,0.7161642658861095,0.7367456678795146,0.8992242749222835,0.12023730520615308,-0.08799472517957138,0.18764225758709038,0.8433273810784847,0.5118468759157585,0.27882240539001907,-0.17942508891434333,-0.1864257194905595,-0.5551985114998699,-0.24540631275998087,-0.09645999267988113,0.12214944469431245,0.18071947766026855,-0.2706882785040748,0
-0.09789695541265715,0.6967630939767645,-1.6032360836506476,0.5985369837740325,1,0,0,1,0,0,-0.6848257977108253,0.1569271448097092,0.07324181991846762,-0.4812002168440706,1.177254182758498,0.4925696581534012,-0.5450396974029125,-1.9245760482725554,-1.2540398052323203,0.6371260689503947,0.3671145263810925,-0.42078904965568137,-0.8058573090654348,-4.418410545672045e-4,-1.061615397929178,-1.8301052853059654,1.2701283248417727,0.8649144206521643,0.07195265285990604,-0.6452678416013011,0.7574494846004104,1.578038024538966,-0.12476489271686875,0.3987212897791689,0.3671537257509264,0.6452678416013011,-0.07195265285990675,-0.03541234474315745,-1.009968447893631,-0.10933200607758836,-1.0259302987822392,-0.5454256239766699,1.5817699465603012,-0.709509049969999,-0.8177176958673952,0.2638024885416898,0.3620903820258042,0.9587239960437993,-0.97102233077416,-0.8793552956620708,-0.685407289429221,-0.5405845059150832,-0.12479618717266176,-0.4316415915936655,-1.136704559054746,0
-1.1516077120594044,-0.6173929705677911,1.7280720791585935,0.5985369837740325,1,0,0,0,1,0,-0.4198281206240434,-0.28964341136887706,-0.1442422641769629,-0.40771171085194696,0.3368260337821363,0.09233219603643587,1.8846947841077961,1.3575472421397479,0.659564352726092,1.1964900502439058,1.454019911206734,0.44264395481548374,-1.5138692340769642,2.6862140263797083,1.9758655373957066,0.9985581752516722,1.8199933735908067,2.125866452813557,1.465333844976243,-0.8495867060811616,0.06331942860434767,0.11610252664209546,0.10180809983144577,0.18829340801165703,0.18519772824446498,0.8495867060811616,-1.4653338449762439,2.7498390175123615,2.067050737539819,0.41832933897092733,0.8992242749222835,1.690519086868198,-0.05648973137315825,-0.8726274695258333,-1.4267675574142176,0.8219023601333442,-0.27629743884854874,-0.3311783002420958,-1.272088472313216,-1.0349505520599276,-0.9054077777638412,-0.9529858396334858,-0.04248097655033679,-0.4316415915936655,-1.4459960878228426,1
1.3670179989498932,0.6194597960623787,0.5693561964423357,0.5985369837740325,0,1,0,1,0,0,6.003210814479385,-0.7966870636966469,0.03486227566633282,-0.4771496692697016,-1.3586424138158926,-0.2439567106808356,0.09386235609106482,1.5721033128820483,0.37087666098685496,-0.4748639346439791,-0.6403734443052788,-0.9064253159302339,0.393702909646747,0.3057266414213473,1.5963602813254634,-0.4816525577795196,-0.018863402968536655,-0.2862163255927136,-0.2611143426240418,-0.9772859963810728,0.17496056683336295,-0.5585624483314209,-0.9910151901835421,0.6228059125558361,0.5530823060504384,0.9772859963810728,0.2611143426240411,0.438080386840281,1.7668537438389946,0.5547934799317504,0.2015172482105774,0.18851042614798086,0.5736101447550955,0.18764225758709038,0.34501385799472056,0.3258135853852078,0.19555442875423396,-0.482931511569848,0.16025650409986858,-0.38663698373552574,-0.1269445113490324,1.1407440084753266,0.12214944469431245,-0.32030321536567735,0.038603250264021984,0
-1.7170134839186342,0.9029052217484598,-0.15484123025532542,-0.4281154315628296,1,0,0,1,0,0,2.0030077841693914,-0.7210956935101674,-0.5920036137852022,-0.1305385268344097,-1.5724555775030045,-0.45369008468402755,0.7241980358341558,1.0909495984474493,-1.4383474556890845,0.18089089889182097,-1.3548704875051183,-0.5429143457315223,1.6759631794239915,0.06692220218353793,0.5798911524626241,-2.154786624731856,-0.29662538806206634,-1.479697998997962,0.03622492998512883,-0.7763978591033001,-0.940147121860704,-0.9164403345796066,-0.1990835941736463,-0.5385005914941287,0.3167608936711054,0.7763978591033001,-0.036224929985129536,0.0759977097470634,0.5660657690356972,0.08171779126756346,-1.0582315500188924,-1.1001447316290225,0.7783926044967775,1.4110304042558486,1.5354294964726014,-0.32530293147172246,-0.7481493064513315,-0.6346847228976005,1.0452084958964885,0.7673611678819103,0.4822876101929924,1.7434844192945298,0.2044646553166367,-0.15329565102369538,0.6571863078002155,0
0.004904094016293398,-0.87507063028241,-0.4445202009343899,-0.4281154315628296,1,0,0,0,1,0,-0.5838743016777656,-0.12741270150712503,-0.08027635709007157,-0.4215993025354979,0.7227722600614942,0.22783158265257053,-0.2622954568477692,-0.6399188161728117,1.6333557556218545,0.16035660473420732,1.0290900918601251,0.039142848018415236,-0.6234120557656858,-0.49752821203666053,-0.5872380561692502,1.8665507342557988,0.10641448341796078,1.2815527879564523,0.773109214277421,-0.7133741297612541,-0.1323961095447319,0.2900264643724948,-0.3571485572162969,-0.11111264748558289,-0.08668065666942533,0.7133741297612541,-0.7731092142774217,-0.5924626171942612,-0.7097714541928067,-0.6369933511261053,0.3436427536518511,0.3762615087380082,-0.9701345517591269,-0.6279498401920818,-0.983822203561983,-0.4803306735805153,0.11228645211844858,0.6552175733882943,1.0634549287170376,0.6895635396829819,0.600749411603942,1.109020828958526,0.6160407084282594,0.29205785388825667,0.5334696962929761,0
1.9838242955235992,-0.05050211919562982,-0.8790386569529866,0.3052077222492148,1,0,0,1,0,0,-0.6974447347149578,0.31392460596624344,-0.016310450003180245,-0.44879583624911845,1.1681743538733984,0.5882688949053907,-0.1382798463804296,-0.9254211661275334,0.36374161687011386,-0.21375317377020578,0.34406256717858935,0.13440472766726094,0.15546653459731868,0.0196081921982061,-0.39498224249563296,-0.2512535784081556,0.30795938637695996,0.292620707353941,0.6912331826893902,-0.5022446364654003,0.21187376710484015,0.8744850532546621,-0.7497325911752087,0.5941340034724538,-0.1616110213965608,0.5022446364654003,-0.6912331826893908,-0.23037994010104354,-0.6347222057676005,-0.9554096800346926,-0.9225662948249498,-0.767313267037611,-0.43454965705011084,-0.05703537174666111,-0.3747723420151606,-1.0384305451721696,-0.05424950115312168,0.4275877563966659,-0.8797901666714156,-1.0868156375258795,-0.8207922053274488,-0.5405845059150832,-0.28942660841731066,-0.5429799678216537,-1.0129879475475077,1
0.3647077670176212,-1.5192647795689571,0.5693561964423357,0.3052077222492148,1,0,0,0,1,0,-0.785777293743885,0.6686225737643393,-0.4512786181940413,-0.277515538818657,1.357548890776926,0.7286874011676556,0.9776635332934818,-1.4963061264601984,-1.6443841121028069,1.1179270899675284,0.773065468568381,-1.1936210813847288,-1.0176898393509755,1.1551040723240067,-0.8710329550873085,-1.6843039991499706,1.0348626820934281,1.1734266991551179,-1.773666294592434,0.13114384342216406,-0.2052985631237379,1.1811454239644417,0.5553650829511151,-0.4840952550154589,0.14059981198384033,-0.13114384342216406,1.773666294592433,0.577342954953057,-1.0850176963188372,-1.255630790148503,-1.7882398279672513,-1.39883963574952,0.7626401075935709,-2.0144564064166746,-1.7589765728033937,-0.5423417704240322,-0.05424950115312168,1.413983630027056,0.6620334066649622,0.8710913388138142,0.600749411603942,0.47455723862252236,-0.04248097655033679,0.013711913318286572,0.5953280020465953,1
-1.2030082367738797,0.33601437037629844,-0.4445202009343899,0.5985369837740325,1,0,0,1,0,0,-0.33149556159511606,-0.34023148218598254,-0.5664172509504457,-0.15657776124106768,-0.375580837936436,-0.14065519811209928,-0.7231669577789898,0.7399346685007873,0.7393468933459335,-0.8350080496404536,0.1525424510080176,-0.350416995432328,-0.24049216460601644,-0.6930622784535123,0.3264881052117214,-0.17991393725843244,-0.6173302951921604,-0.15723115421728975,-1.3255027532684673,0.8366905045627424,0.3130815961002917,-0.6885149372644885,-1.1915081275821937,0.5159078515221108,-0.3518182767563213,-0.8366905045627424,1.3255027532684667,-0.8709877534198129,-0.18442671521636386,-1.3193140559302208,-1.1938968052128347,-1.3305665148076924,-0.5605696322757617,-1.1173050988595852,-0.7069813574043363,-1.0384305451721696,0.4731143508735179,-0.482931511569848,0.6711566230752374,-0.10137901367278856,0.10997909147286698,0.886958572340925,0.03983423407198747,0.514734606344233,0.8427612250610729,0
-0.6376024649146498,-0.41125084279609675,-0.15484123025532542,0.5985369837740325,1,0,0,1,0,0,-0.36935237260751347,-0.3256946802270442,-0.6431763394547153,-0.06688706495146794,-0.523245129115853,-0.1987902484754574,1.425545951641612,0.2506835867229747,-0.9974548401964132,1.4272719544552939,1.2192887233152703,0.10905411422412264,-1.1367499578977673,0.7687937889481822,-1.1198882997007722,-0.34697762904936347,0.1465523673319213,0.47055252369243444,-0.3471945350124867,0.4930801176436278,-1.2140866518976365,-1.4659506043575434,1.0148751266838156,-1.7828335117832763,-1.1257321023831506,-0.4930801176436278,0.347194535012486,-0.06326485836571254,-1.4602639384448675,-2.238172605066429,-2.020808836871154,-1.8767514823423164,-1.1276595207911904,-1.5251011477491712,-1.592872065108806,-2.0306080946684437,-1.053465220782544,-1.2416975682086098,0.890113816921823,1.3378771080073837,0.39767203775660004,-0.033013633646279864,0.7806711296729086,1.1827648637121608,0.8427612250610729,0
-1.100207187344929,0.5163887321765315,-0.8790386569529866,-0.8681093238500562,1,0,0,1,0,0,-0.4955417426488382,-0.18904874181302367,0.13720772700535894,-0.5164978457064292,0.6870478023325173,0.2537687589685303,0.44468248841373437,1.3286171015530912,-1.1202216135065874,0.674174199333592,0.35237324102544504,1.4318908246008755,0.1754634283967577,-0.3761437563286961,0.9693087173715634,-1.0551167336613483,-0.15790882925972494,-0.2355048103875659,0.08301123374971872,1.8705987732626375,-0.9941802342682327,-0.8525364734344254,0.4710899110499351,-1.0673455412338024,-0.6880270812040106,-1.8705987732626375,-0.08301123374971872,-0.5089050763265954,0.5660657690356972,-0.7370670544973751,-1.1163738022448682,-1.1086788717467513,0.2270552128845555,-0.30171300108041293,-0.3747723420151606,-0.9764194483286528,-0.9701972441467586,-0.8623145398892288,-0.2867811000035777,-0.010615114107371936,-0.4315605721200442,-0.4771381468814831,-0.9479482933959068,-0.15329565102369538,-0.08511336124321738,1
-1.0231064002732158,-1.1842838219399534,-0.15484123025532542,0.3052077222492148,1,0,0,1,0,0,0.12278617055365294,-0.49664747126415926,-0.8350740607153893,2.050970666790048,-2.4058398535803516,-1.9669901649117492,-1.868819590367566,1.3187893839200904,0.14565241312818616,-1.4349857372634998,-1.6526284940089975,-1.3493555272387858,0.6864631893723431,-0.7120430875260466,1.058305831736078,0.6010259767861557,-0.23176951573350557,-0.28621632559270754,-1.321428539256431,-0.529783266025729,1.8871740692107435,-0.7498922670915702,0.40486141581489626,1.7087544690889198,1.8690634468330358,0.529783266025729,1.3214285392564302,-0.8709877534198129,0.41596727218528484,-1.2283379619563388,-0.7804407893836761,-0.8185181077439823,-1.411204465048904,-1.1988643086375024,-0.8177176958673952,-0.9764194483286528,1.4168180860790833,-0.8623145398892288,-0.6790794056453779,-0.38663698373552574,0.27921023634565156,-0.3502454288142823,-1.0302635040182315,-1.32234860141757,-0.08511336124321738,0
-0.9203053508442651,-1.6996391413691911,-0.15484123025532542,1.0385308760612593,1,0,0,1,0,0,-0.8236341047562825,2.4770007374562706,-0.2210013526812325,-0.3706781330291445,2.563895407532787,2.191454706848766,-0.014343968235070451,0.4304683693006827,0.2102375036833305,0.7936872266909866,1.3194888883328095,1.3099855959200326,-1.5946215415078842,0.5785631302995242,-0.05081928784783786,0.25234134398979596,1.231216704539885,1.760622704623278,1.8657307392625473,-0.06374491962016399,0.5980390997956302,-0.6417409931996012,-0.03382299552987408,0.14863316954909667,0.003505215586681766,0.06374491962016399,-1.865730739262548,0.02029268250195297,-0.5596729573423944,-1.592242337851867,-1.2455788071914804,-0.7843815472730677,-0.7180946013078251,-1.6882195673050053,-2.2572900958871576,-1.2864749325462383,0.3065783976019474,-0.7864379342253526,-0.7429419205172992,-0.6459624110652865,-0.5500223735309933,-0.6040308649486834,-0.20711139779498602,-0.26463402725168356,-0.8274130302866491,1
0.13340540580248203,-0.35971531085317227,1.4383931084795292,-0.13478617003801185,1,0,0,1,0,0,-0.40720918361991093,-0.2937137159173798,-0.6687627022894718,0.01412388653591246,-0.5499749700447042,-0.23680162755919154,0.8914186498422738,0.51545604942906,0.7957888871754467,0.8636627574901188,1.4239759577604643,0.7962866809576793,-1.0249074359607022,1.1940152612216526,0.26666398068804187,1.3342840419328257,1.1685742643517556,1.6932836765006543,1.465333844976243,-0.36726020632542794,-0.046493351781616385,-0.44034148244715055,0.25295671642566425,-0.00801442949932349,-0.19807654650771822,0.36726020632542794,-1.4653338449762439,0.9672781456688292,0.11577027848446049,-0.3549674598070702,0.3565632541465125,0.8371050750953478,-0.7811045889206503,-0.8726274695258333,-1.4267675574142176,-0.4803306735805153,-0.24854144663662048,-0.6346847228976005,-0.8068044353892204,-0.5681647828663581,-0.5330992590437151,-0.9529858396334858,-0.28942660841731066,-0.48731077970765985,-1.136704559054746,1
-0.6890029896291251,0.43908543426214564,-0.8790386569529866,0.5985369837740325,1,0,0,1,0,0,-0.3188766245909836,-0.3425573704994127,2.0945644838642337,-0.7196038740783615,1.12675961971769,0.29267452344246997,-2.578587148179128,-3.3149738832612052,1.9548712907708303,-1.7326102530028793,-0.7493444332526178,-0.3286624480826743,0.65578182877813,-0.7099019065610018,0.20520332996158783,1.5334486457145107,-0.8877170309255984,-0.8729567327820204,-0.31993580742281313,-0.13094794135889734,2.8762625787972897,4.755473879738551,-1.131406539340171,1.460399661099024,0.12191212077478564,0.13094794135889734,0.3199358074228124,-0.7038726716844818,0.11577027848446049,-0.20030810005147043,0.6020527635450756,0.18851042614798086,-1.6002344278873806,0.35076067714292497,0.5664865349208381,-0.6043528672675491,2.181649871474443,3.6987125339059945,-0.7966675282666931,-1.196308595731778,-0.6478003683463802,-0.4348405741924158,-0.20711139779498602,-0.2955613539816801,-0.7311889991143528,1
0.72451144001895,-1.41619371568311,-0.8790386569529866,-0.13478617003801185,1,0,0,1,0,0,0.4130217216486998,-0.5786350343125716,-0.13144908275958464,-0.40886901015890953,-0.3747141134432819,-0.12902818803942767,1.1892269909447168,-0.5018014495321409,0.12143448702612553,1.0619820628814962,0.47964397451742014,-0.23926691541314005,-0.7231347035363326,0.7075793867699964,-0.2308670967865213,-0.41453902173286067,0.6329505423983469,-0.1564084965234438,-0.1227108960387,-0.2046283627832927,-0.9466440937964052,0.45746064803119924,-0.5825767506947814,-0.807046330524651,-0.7762631123105571,0.20462836278329197,0.1227108960386993,0.5216379277079463,-0.3345252120667762,-0.3913578973966235,-0.5349512799851129,-0.27233314020935756,-0.49755964466293656,-0.13859458152457876,-0.09793149585751397,-0.4803306735805153,-0.9146852597229018,0.35171115073279,-0.1864257194905595,-0.4514683405679659,-0.7192535184037778,0.1890486229713212,0.7806711296729086,0.7374113588002092,-0.5799798072721716,1
0.6217103905899984,-1.158516055968491,0.5693561964423357,-0.4281154315628296,1,0,0,1,0,0,0.04707254852885811,-0.4821106693052209,-0.2721740783507456,-0.36199838822692515,-0.287680172368929,-0.09101680895569353,-0.051843838288488764,-0.7005858587134883,0.6217707467762036,-0.04811349336838751,0.29941713688078064,1.3706580488615898,0.31800602970308967,0.19715421320819315,-0.4707872892364771,-0.8332052402685617,0.4220818413027175,0.42680407215743704,1.1360522199736263,0.7426913412446393,0.2690842859994891,0.4899517061088503,-1.6872723527492437,0.4835273541984026,0.027434163601436138,-0.7426913412446393,-1.136052219973627,0.1317027369921738,-0.4846237089171882,-0.16391766246191838,-0.5607922809744348,-0.3747428216220998,0.7311351137871589,0.35076067714292497,-0.1532996650890431,-0.29429738304996345,0.05677446769459199,0.19995793940503753,-0.6517097564145549,-1.3461410648556402,-1.1084851516111824,0.664896315723324,-0.8656330827735822,-0.6543183440496418,-0.5181215015185524,1
-0.6633027272718879,0.9029052217484598,-0.4445202009343899,-0.4281154315628296,1,0,0,1,0,0,-0.596493238681898,-0.11055001123475654,-0.5920036137852022,-0.1305385268344097,0.05458267823874147,0.015862245173864826,0.8258900714221663,1.3114133785908955,-0.34564829031760697,0.807432884580966,0.23603884192203645,-1.1864259770093366,-0.24994652862174616,0.2425607556299369,1.133647937974678,-0.79663853591619,0.759154837471681,0.7153772518766278,-0.5252107151899512,-1.0972459357537168,-0.9060563996867584,-0.6642924002078063,-0.3280321089178083,-0.3380247941418559,0.39156459484475975,1.0972459357537168,0.52521071518995055,0.02029268250195297,0.7161642658861095,-0.7097742263052108,-0.9742482968035945,-0.6649035856248688,0.29006520049738066,-0.8726274695258333,-0.762349526635866,-0.29429738304996345,-0.7759052986632599,-0.482931511569848,0.5708012425622179,0.30057539868834077,0.1438253204474232,1.3945294446097283,0.28677986593896093,-0.2089648391376897,0.22417816752487937,1
-1.074506924987691,0.1298722426046032,-1.6032360836506476,-0.4281154315628296,1,0,0,1,0,0,-0.3062576875868511,-0.3466276750479154,-0.5408308881156891,-0.17393725084550635,-0.35281008000132574,-0.13215853690514695,-1.1859389962914975,0.25583622298522163,0.9384012468980136,-1.8922023073928853,-1.654502542772288,-0.6074414075691547,1.6608372053722082,-1.4436367284446119,0.04223248166938545,0.18886001222272963,-2.0173396541417072,-1.9708434406118767,-1.2987103676458371,0.45956749966015986,0.2066122340902731,-0.3088356719156153,-1.0930398424437469,0.5558837741439718,0.22678931025497656,-0.45956749966015986,1.2987103676458365,-1.3723329986258064,-0.03432821836595151,-0.20940570944885942,-0.08273376267196997,-0.8697229484503528,-0.6865896075014126,0.35076067714292497,1.2309045656991897,-0.5423417704240322,0.0012624832707351544,-0.482931511569848,-0.6608329728248301,-1.0738493661593913,-0.8207922053274488,0.28421816152172197,-0.9479482933959068,-0.8769950965056176,-0.7036964187794109,0
0.3647077670176212,-1.3646581837401863,0.5693561964423357,-1.161438585374874,1,0,0,1,0,0,-0.785777293743885,0.6686225737643393,0.6361418022831113,-0.5992447461542535,2.210964433293536,0.9773265396447873,1.366353596505861,-0.7420444688331664,-2.6362650413037536,1.512593646762671,1.3543814963883225,-0.6669157893789055,-1.5197555399772424,0.5731561788055558,-0.9470547521453039,-1.3664326160703786,0.49472679065135966,0.9094816554697435,-1.0117882743416888,0.09388569754642515,-1.3272570361065534,0.06974066047208771,2.230729625972303,-1.5528538154450091,-0.8728304571199549,-0.09388569754642515,1.0117882743416882,0.2152602778598393,-1.0850176963188372,-0.973604898829468,-1.4393863146113988,-1.2110885531594928,0.8571550890128092,-1.5251011477491712,-1.3713993881826885,-0.4803306735805153,-1.3587811351137562,-0.4070549059059717,-1.3906902856467844,-0.24400799870415715,-0.8207922053274488,-2.221913020305493,-0.12479618717266176,-0.09762646290970158,-1.5078543935764617,1
-0.6890029896291251,0.7225308599482267,-0.8790386569529866,-0.8681093238500562,1,0,0,1,0,0,-0.3188766245909836,-0.3425573704994127,0.40586453677030254,-0.5732055117475955,0.5690027926666529,0.17953477158147302,-1.0219074213348478,0.5452313064140234,1.3843067175519057,-1.0354412532441069,-0.767432938572426,-0.1550324870048924,0.6292737994564915,-0.6946013842482829,0.4408024910796639,1.3994325008729305,-0.72439686176762,-0.752623339482319,-0.38662849897585155,0.17200761631813533,0.726949626448509,-0.30676082014575246,-0.48609895482160204,0.6805148040570769,0.26291020115512165,-0.17200761631813533,0.3866284989758509,-0.6203151308168162,0.491016520610491,0.22727954162577424,0.9379857764062678,0.5640125913280355,-1.2851844898232538,0.2692014673650073,0.5111183656893089,-0.17027518936292965,0.5286263352973745,-0.4070549059059717,-0.40538291333714505,-0.5811310542328463,-0.29617565622181696,-0.09645999267988113,-0.4540570296619595,-0.4316415915936655,-0.45626319576493324,0
0.6217103905899984,-1.158516055968491,0.5693561964423357,1.7718540298733036,1,0,0,1,0,0,0.04707254852885811,-0.4821106693052209,-0.438485436776663,-0.28561663396739506,-0.5063162891813197,-0.15004624470925715,-2.029086896148251,-1.7299739532365699,-1.1638458850361406,-1.1425265311580761,-1.4088455856714641,-1.0795575149630863,0.9355609546955744,0.25279770766922843,-0.697432247017237,-0.910710209178345,0.6568083406450856,0.5575604709640516,0.46715141202740545,-1.935702775158308,3.0740872134243835,1.6757712277942127,0.6758403822458691,2.194759541334157,2.3759175405011232,1.935702775158308,-0.4671514120274062,0.15955525061472892,-0.7097714541928067,-0.24579614703841146,-0.6641562849317252,-0.3918111018575571,0.6996301199807459,-0.46483142063624716,-0.7069813574043363,-0.17027518936292965,2.9433976577351446,1.6416134470186852,0.15113328768959466,0.4821031978191731,1.396135792506029,0.09387908442092041,-1.1125787146405561,-1.7677021063295222,0.40975308478573785,0
-0.6633027272718879,-0.87507063028241,-0.4445202009343899,-0.4281154315628296,1,0,0,0,1,0,-0.596493238681898,-0.11055001123475654,-0.08027635709007157,-0.4215993025354979,0.7565374640872903,0.2408001708105504,0.1598401275184031,0.7988876351385962,-0.18169068400312946,0.7996176125507478,1.2319952168294055,-0.2647570891524852,-0.9171467418982401,0.15934752661764706,1.0148591920682988,-0.7786582024460794,0.9079430590318247,1.114065494069934,-0.5609884768922861,0.1952844489803987,-0.06304341719274331,-0.0798346906899728,-0.5340991482413125,-0.1799310122710424,-0.5139860003273283,-0.1952844489803987,0.5609884768922854,-0.03541234474315745,0.641115017460903,-0.6551885699208807,-0.9225662948249498,-0.5624939042121272,0.5736101447550955,-1.1173050988595852,-1.0391903727935126,-0.17027518936292965,0.1400424443303771,0.19995793940503753,0.8718673841012752,0.4302381123532211,0.3299795798074865,0.728342674756924,0.36909507656128593,0.514734606344233,0.5334696962929761,0
0.3647077670176212,0.1298722426046032,0.5693561964423357,-0.4281154315628296,1,0,0,1,0,0,-0.785777293743885,0.6686225737643393,-0.5408308881156891,-0.17393725084550635,1.195046540387725,0.6486399087442626,0.25340963361065105,-0.4189721747762638,-0.21156841720648525,-0.42769514887215804,0.17730809100124656,-0.6072770495987465,-0.10946230121777054,0.6219614477159201,-1.0633012442694592,-1.308070746542591,0.273111849833876,0.8433986405001289,-0.5252107151899527,-0.30735587342307225,0.2690842859994891,-0.49013938600669504,-1.025263836508215,0.8486015887304034,0.5929054160863824,0.30735587342307225,0.525210715189952,0.15955525061472892,-1.2351161931692491,-1.264728399545891,-1.6331938220313174,-1.467112756691348,0.6051151385615076,-1.1988643086375024,-1.149926711256571,-0.8523972546416179,0.05677446769459199,-0.6346847228976005,-0.6517097564145549,-1.0349505520599276,-0.685407289429221,0.37938770007212164,-0.7833178721512579,-0.9883334727336057,-0.76555472453303,0
0.33900750466038404,-0.3854830768246345,0.5693561964423357,0.5985369837740325,1,0,0,1,0,0,-0.5460174906653681,-0.15997513789514695,0.5337963509440852,-0.588250402738109,1.0128829524954321,0.3315802879164096,0.860787785466486,0.046279053082516224,-1.4760490608383832,0.8361910378887761,-0.15141795905330807,-0.07471181077241834,0.39185775333056505,0.464518543818364,-0.5532284605598345,-0.7539708092254898,0.5770098805564134,-0.18080103606007444,-0.09305301462755473,-0.009609152108405178,-0.7328049138609045,-0.6177315798168486,1.260140563498348,-0.5574870252775794,0.020333740963549566,0.009609152108405178,0.09305301462755473,0.4659329004628361,-0.4846237089171882,0.1272058382545045,-0.28946177058654887,-0.05044549714841698,0.19555021907814235,0.2692014673650073,0.34501385799472056,0.2638024885416898,-0.9146852597229018,-0.9381911455531051,-1.4271831512878814,-0.6848612251647502,-0.8377153198147269,-1.5557262504526888,-0.7833178721512579,-0.8769950965056176,-1.2604211705619852,0
-1.1773079744166424,-0.41125084279609675,0.27967722576327125,0.5985369837740325,1,0,0,1,0,0,-0.81101516775215,2.058340841038846,-0.6431763394547153,-0.06688706495146794,1.3974566944978608,1.6346998014458367,2.2062946098005263,0.5220299142450981,-0.18271409211367537,2.816362763235091,2.5949294969863197,0.5417746077445585,-1.8054221238521857,1.7529560933289725,-0.813476137451525,0.938721875287851,2.125767061265803,2.4074643145746593,0.4783555005605047,0.2644887865563884,-1.3163732880906613,-1.5314249768807033,1.1931012395494682,-1.6968501672710963,-1.0231151069835802,-0.2644887865563884,-0.4783555005605054,1.106540713781605,-1.009968447893631,-1.11916664918768,-0.5349512799851129,0.2738518273252659,-1.0016395455655394,-1.3619827281933365,-1.648240234340335,-0.4183195767369984,-1.1644891896302574,-1.317574173872486,0.8353745184601769,1.3897421934733356,0.4822876101929924,-0.1916295312302808,1.1099319721622063,1.4054416161681371,0.904619530814692,1
-0.8689048261297889,0.1298722426046032,-0.4445202009343899,-0.4281154315628296,0,1,0,1,0,0,-0.06649788450833415,-0.4262893497828976,-0.5408308881156891,-0.17393725084550635,-0.5984819101348559,-0.19342393613422434,-0.25451483091557503,-0.045870336254671,0.45259545654617633,-0.734387937329173,-0.9380095953580517,-0.2525966584061723,0.841469273121135,0.0030572784352869264,-0.28417971753679877,-0.28213400037139486,0.032040969014076465,-0.3284984946602284,-0.19575715951429745,-0.15036214763897582,0.3569638645557682,-0.2217265265399778,-0.9022306126101498,1.023882000973122,0.8987435708987387,0.15036214763897582,0.19575715951429676,0.1317027369921738,-0.10937746679115769,0.5456958705343614,0.3048812521678669,0.3079883877961804,0.29006520049738066,0.02452383803125581,0.12354118106860354,0.20179139169817292,0.05677446769459199,-0.482931511569848,-0.9071598159022387,-1.1775795370912954,-0.7700228618656133,0.2207718024881207,-1.1948939252628807,-1.378017789531564,-0.8274130302866491,0
-0.9203053508442651,0.7225308599482267,-0.15484123025532542,-0.8681093238500562,1,0,0,1,0,0,-0.8236341047562825,2.4770007374562706,0.40586453677030254,-0.5732055117475955,3.0135624567307207,2.3479721501347304,-0.11537361089887177,0.35480782216838275,1.0569628430084288,0.09519663099285702,0.9735647581187892,1.6563911634915367,-0.9769988137506872,0.8461658917013057,-0.3870367631242173,0.7268012058818677,1.0504331281833128,1.6950813875580615,1.652616263271448,0.6200753015809853,1.005908803379335,-0.8747098037537939,-0.714538495387177,0.9129870018015693,0.38923518730104395,-0.6200753015809853,-1.6526162632714487,0.24311279148239442,-0.7848207026180125,-1.5194614626727603,-0.9871687972982559,-0.5795621844475838,-0.9701345517591269,-1.6066603575270884,-2.146553757424099,-1.2244638357027204,0.7229182807808735,-0.9381911455531051,-0.5422311594912614,-0.8015576674631424,-0.4315605721200442,-0.033013633646279864,-0.8656330827735822,-0.7099875321636356,-0.3944048900113141,1
-0.9203053508442651,-1.1842838219399534,-0.15484123025532542,0.3052077222492148,1,0,0,1,0,0,-0.8236341047562825,2.4770007374562706,-0.8350740607153893,2.050970666790048,0.44498297934688336,0.319953277843738,-0.5263973347783623,0.13857214555889633,0.13251455625255165,-0.7555119576609316,-0.5998715435241467,0.6520409707591455,-0.08924788295309823,0.8770203383671827,-0.42069564626173356,0.6244337283834992,1.1353407170172014,1.6561002974909018,1.943454842271065,-1.0381887348318013,1.6082766964222717,-0.6116382817234981,0.44634383920507137,2.146432333579471,2.3967219926008707,1.0381887348318013,-1.9434548422710656,0.29881781872750485,-0.7848207026180125,-1.4284853686988783,-0.9484072958142716,-0.5112890635057554,-0.9071245641463012,-1.3619827281933365,-1.980449249729511,-1.1624527388592034,0.9727222106882286,-0.8623145398892288,-1.1443634425693747,-0.7756251247301669,0.025363519036474696,-0.5723076854318833,-1.277209135885205,-1.712032918215528,-0.5799798072721716,1
0.004904094016293398,-0.9266061622253344,-0.4445202009343899,-0.13478617003801185,1,0,0,1,0,0,-0.571255364673633,-0.13787919891756065,-0.8478672421327675,2.722204264828343,-2.0154395524722046,-2.209815798352545,-1.0007656186797538,0.15214025162877565,0.7669165515263129,-0.8737221804456745,-0.7084359717397483,-1.712144743025975,0.7332388865191676,-0.31220755127950434,-0.37859303291281243,1.545546759701732,-0.08458312285999926,0.792420314666427,-0.2971274843375756,-2.0404738019066264,1.0796348475013668,-0.5880834593129997,0.5047248237459188,1.0964711211848228,1.69464566476919,2.040473801906627,0.29712748433757485,-0.3974950218363748,-0.4846237089171882,-0.46413877257572894,0.3565632541465125,0.3079883877961804,-0.8756195703398886,-0.7910682597479163,-0.762349526635866,-0.10826409251941274,0.5286263352973745,-0.8623145398892288,-1.2173491738515698,-0.8145239388296306,-0.38079122865820925,-0.5723076854318833,-1.277209135885205,-1.9347096706715041,-0.8892713360402683,1
-0.8689048261297889,1.4955638390920825,0.27967722576327125,-0.4281154315628296,0,1,0,1,0,0,-0.29363875058271866,-0.3489535633613456,-0.3745195296897717,-0.32438616075064136,-0.09267221992363296,-0.01767720695884177,-0.17570120127292066,1.9090069041206899,-0.2959583627592897,0.2077671170750428,0.5893705881020145,-0.7965466177030939,-0.83446808751468,-0.4808563232996079,2.8978668541600183,-0.5137498334831472,0.052410785061001434,0.2831504332260125,-1.3016642670278302,0.2045801889163758,-0.23614917507227243,0.2828475131101718,-0.11168404024970686,-0.2287103338477619,-0.48976934224065727,-0.2045801889163758,1.3016642670278296,-0.7317251853070371,1.6918044954137887,-1.446680587493655,-1.4393863146113988,-1.347634795043149,-0.4660546508565234,-1.5251011477491712,-1.2606630497196296,-1.1004416420156866,-0.22078545442469194,0.27583454506891375,0.041654690766301246,-0.02358138547386016,-0.11002139686175369,-0.1916295312302808,-0.12479618717266176,-0.04195727479570725,-0.5799798072721716,0
1.3156174742354179,-1.2100515879114147,-1.168717627632051,-0.4281154315628296,1,0,0,1,0,0,-0.3062576875868511,-0.3477906192046305,-0.3361399854376369,-0.34174565035508003,-0.027162844123158253,-0.0033670407155536224,-0.261931478747293,-1.208867925452412,-0.8804566951584292,-0.00569156883411937,-0.10578856104959672,1.606897806385688,0.8279396534315306,-1.0444683701572184,-1.4917976750298494,-1.4587620864533375,-0.7700205378335734,-0.5252665154695757,0.5873904109192033,1.6090502964931452,-0.6793983915484081,0.16475900326509196,-0.2623014166508326,-0.755850241876516,-0.375290207063041,-1.609050296493146,-0.587390410919204,-0.9823978079100336,-1.3852146900196616,0.018034525485845748,-0.7416792878996918,-0.972132629863095,1.3297299961089997,0.9216751455883455,0.6772228733838963,-0.4803306735805153,-0.8314172830871166,-0.2553016945782196,-1.1626098753899237,-1.0997819088923677,-1.277716296483967,-0.4771381468814831,-1.1125787146405561,-0.5429799678216537,-0.8892713360402683,1
-0.2263982671988458,0.15564000857606544,-1.6032360836506476,0.5985369837740325,1,0,0,1,0,0,-0.7226826087232228,0.32264668714160644,0.16279408984011548,-0.518233794666873,1.4269053115318553,0.6486399087442626,-2.0664341515007747,0.38891994705004124,0.6152122658941096,-1.7209264314838726,-1.0360743383835658,-1.2530669083293415,0.05216552913196893,-1.3288479169885412,0.29062198316316523,1.188766202402077,-1.5251429033556998,-1.226471719377516,-0.37315522795503414,-1.3389429987860084,1.5456578089289568,-0.24266610991009646,0.3535796120284176,0.8125549882941425,0.1495364620173386,1.3389429987860084,0.3731552279550334,-1.2330704305130304,0.340918023760079,0.20908432283099887,0.8087807714596554,0.08610074473523979,-0.9071245641463012,0.5138790966987595,0.7879592118469556,-0.4183195767369984,1.3890620938671545,-0.2553016945782196,-0.08607033897753999,0.10608132819102022,0.43151826673115745,-0.857816301083085,1.2745623934068555,0.6260729825722207,-0.5799798072721716,1
0.9815140635913272,1.1348151154916164,0.5693561964423357,1.0385308760612593,1,0,0,0,1,0,-0.15483044353726144,-0.4024489945702387,0.36748499251816774,-0.5570033214501194,0.36744909743890647,0.12095252852301216,-0.7098772071270061,-0.8341678437240262,-1.103606779540394,-0.0658702284151861,-0.6915034000220953,-1.4389672940329639,-0.7360005104155573,0.2247604347159477,1.62602896146139,-1.1828887655264695,0.49643406739502655,-0.4852248819529001,-1.2094604077470812,-0.7630516575955741,1.2116795149340782,2.773841662499709,0.31997830668124766,0.5812419523168496,0.4252606312080358,0.7630516575955741,1.2094604077470805,0.10385022336961848,1.3165582532877582,-0.3549674598070702,-0.8838047933409655,-0.6649035856248688,0.006520256239666901,-1.1173050988595852,-0.762349526635866,-0.29429738304996345,1.5000860627148682,3.2350221659600846,0.9630995482040194,1.0007540524786946,1.209981533145967,0.31594134103852145,1.1922471827845313,0.848749735028197,0.9664778365683122,0
-1.100207187344929,-0.8493028643109486,-0.8790386569529866,0.3052077222492148,1,0,0,1,0,0,-0.4955417426488382,-0.19195610220481132,-0.4768649810287978,-0.2115494783217901,0.05805644438679743,0.015862245173864826,-0.18967108197634217,-2.5223383974344507,-0.3205086704828935,-0.13278943998675546,0.42618614230806173,0.06891218540867923,-0.6873668280366675,-0.5113584534371209,0.7963769506035143,-0.8874751802183349,-0.22746757050497482,-0.24398952455661146,0.1590389773671773,-0.06374491962016399,-0.24720108492732937,4.259781555657388,-0.4536808786851861,-0.04616298258402953,-0.792271139899932,0.06374491962016399,-0.15903897736717798,-0.5924626171942612,0.491016520610491,-0.5733100853443877,-0.9096457943302884,-0.9379960693921812,0.25856020669096863,-0.22015379130249568,-0.319404172783631,-0.9144083514851348,-0.38732140769626244,3.3867753772878366,-0.6790794056453779,-0.7885913960966542,-0.7530997473783346,-0.794369942049485,0.4514102871836102,0.45906541823023866,-0.9511296417938885,1
-0.8689048261297889,-0.2824120129387873,-0.4445202009343899,-0.13478617003801185,0,1,0,1,0,0,-0.2684008765744537,-0.3565127003799935,0.3035190854312764,-0.5529527738757504,0.4522568341021012,0.1531504025704105,-0.9910067143866921,-1.0441436036568683,0.5065508214029291,-0.34068528601650105,-0.23425450365789435,0.33988807733580473,0.25916625382739344,-0.15201855118700705,-0.6655978097186502,-0.21853461219759734,-0.02935537794425963,-0.49194527965972146,-0.6280087910670794,1.0864182721050466,1.2261238149668037,0.7663385900477184,-0.9120781522717001,0.4311355519593131,-0.17574648861274514,-1.0864182721050466,0.6280087910670786,-0.09111737198826762,-0.5596729573423944,0.2545723698179399,0.09815324425328795,0.08610074473523979,-0.08799472517957138,-0.22015379130249568,0.06817301183707392,0.015758101167622184,0.8616982418405155,0.4275877563966659,-0.669956189235104,-0.996051737960463,-0.7869459763528921,-0.15990635171348128,-0.8656330827735822,-0.48731077970765985,-0.45626319576493324,0
-0.5091011531284612,0.7225308599482267,1.0038746524609323,0.5985369837740325,1,0,0,1,0,0,-0.6595879237025604,0.011559125220325652,-0.579210432367824,-0.1363250233692226,0.2862315061001328,0.11424463809647085,1.093256588822471,-0.31520589710194935,-1.8150400196843905,0.7319793708851952,0.25776512452310374,0.46386889812299,-0.3439026077559775,0.8983731133392104,-1.1617896048773568,-1.1982044038220667,0.5343683194542659,0.2999314785057275,0.4316262532639202,0.2045801889163758,-0.6225560699327528,-0.7312253362078136,1.2771406396601679,-0.458986428386817,-0.04228257434033518,-0.2045801889163758,-0.4316262532639209,2.0256736633259265,-0.4846237089171882,3.2931739085456,1.8941028130111983,2.083089532283709,3.7871195130091895,0.8401159358104279,0.6772228733838963,3.1163129433434786,-0.49834537654397587,-0.5588081172337243,0.534308376921121,1.1563493088765513,0.8715192434003977,-0.5088613263982832,-0.12479618717266176,-0.04195727479570725,0.22417816752487937,1
0.9044132765196139,1.0832795835486928,-0.4445202009343899,-1.6014324776621007,1,0,0,0,1,0,-0.5838743016777656,-0.13671625476084556,-0.4128990739419065,-0.3023974739183524,0.35708231377937705,0.128554804339759,-0.14091131450873182,0.4223901106665896,-0.310050064980907,-0.10710030398554198,0.06647909225289172,-0.30741304140728176,-0.3420328140033202,-0.8418328253706707,-0.584942913222147,-0.37363848647742404,-0.36936912026980695,0.22920065608442775,1.1360522199736263,-1.5459974836040618,-0.645208827110642,-1.1657266523001282,0.04837818021602056,-0.22157449568723256,0.13734375457206727,1.5459974836040618,-1.136052219973627,-0.7595776989295921,-0.4846237089171882,0.2454747604205509,0.007709740790658993,-0.135786898325702,1.0146800580448727,0.35076067714292497,-0.1532996650890431,-0.17027518936292965,-0.6093693453916895,-1.0899443568808573,0.0051618251252043045,0.028283699992091807,-0.0592520533999176,0.2524949820049213,0.7806711296729086,0.06938110143228039,-0.5799798072721716,0
-0.4063001036995106,-2.1634589288555044,0.5693561964423357,-0.13478617003801185,1,0,0,0,1,0,-0.6343500496942954,-0.049495443007215444,0.047655457083711085,-0.4696272237744448,0.9695929933593072,0.3248723974898683,0.28045504874440425,-0.2989292855668719,-0.3495776049616399,-0.1019322770472062,-0.4478550500997539,-0.7637450237744483,-0.29202797785904355,-1.3219565006607485,-1.3780853056579037,1.2145589311154825,-1.7994622559915723,-1.2148980513111587,-0.37315522795503414,-0.6715663093066304,-1.710862931633844,-0.9702457811766488,1.6983988910559218,-1.6466120398595343,-0.603877987123725,0.6715663093066304,0.3731552279550334,-1.17736540326792,-1.1600669447440433,0.7913313242638433,1.3643622927300878,0.4274663494443799,-0.34003467563087314,1.0847935651441794,1.4523772426253072,0.8219023601333442,-1.5808290728091832,-0.7864379342253526,0.589047675382767,1.4416072789392878,0.549980068142106,-0.3819686083310823,2.0153992890077768,1.739456744852101,0.5953280020465953,1
-1.2544087614883548,-0.6431607365392533,-0.15484123025532542,-0.4281154315628296,1,0,0,1,0,0,0.03445361152472564,-0.46408503487613734,-0.5664172509504457,-0.1450047681714419,-0.7344913508946546,-0.2448510960710411,-0.4554092714516821,-0.2230923070506763,-0.8237254730125475,-0.9584418188626346,-1.0754926176040294,0.9360954038584056,1.039259549520875,-0.571391915098495,0.7260014755910187,-1.8891406031736608,-0.7835664655047787,-0.5238315588006616,0.5873904109192033,0.6941558255444445,0.06232960878356298,1.0334935334856712,-0.7723438015894438,0.5178219695905064,0.8867735145450745,-0.6941558255444438,-0.587390410919204,-0.4253475354589299,0.9413120111617277,0.6548671833030202,-0.5091102789957901,-0.767313267037611,2.3063848041077932,0.9216751455883455,0.6772228733838963,0.139780294854656,-0.16527347000083534,0.5793409677244183,-0.8341740846200435,-1.060883094792903,-0.8207922053274488,0.47455723862252236,-1.0302635040182315,-0.8769950965056176,-0.2706882785040748,0
0.72451144001895,0.7225308599482267,0.5693561964423357,-0.8681093238500562,1,0,0,1,0,0,0.04707254852885811,-0.474551532286573,-0.029103631420558513,-0.4412733907538617,-0.06008356162203671,-0.023937904690280336,0.2588637548115085,1.7818185594309028,0.6921382374090232,0.2847273147973194,0.4344855251752729,1.0921052492268757,0.09987804708578603,1.1300721826842886,1.540855717052032,0.3173341360370284,0.8470840594490067,0.7400507674649458,1.0345842828972671,0.4634132099205562,0.7691984571958895,-0.9020064597361845,-0.6272859541765414,0.45530581983370205,0.15766307315961747,-0.46341320992055685,-1.0345842828972678,0.9672781456688292,1.3165582532877582,-0.20940570944885942,-0.018131260198663828,0.32505666803163763,-0.37153966943728567,0.02452383803125581,-0.4301405112466897,-0.4803306735805153,0.5563823275093027,-0.9381911455531051,-0.43275256256796935,-0.671894953798262,-0.4654068010946016,0.062155904904119784,-0.6186874509066087,-0.48731077970765985,-0.332546584257695,0
-0.9974061379159777,1.9851513925498596,0.27967722576327125,-0.8681093238500562,1,0,0,1,0,0,-0.596493238681898,-0.1338088943690579,-0.7199354279589849,0.28319597540471164,-0.3710772138195086,-0.3217682396287149,0.7854147193433709,1.634785594377092,-0.5701619119680464,0.8343929200248852,-0.06333328465484277,0.3118140068866152,-0.2803461171664424,1.1018839422290676,1.3643512026625202,-1.0673085807839648,0.9915192160478823,-0.10005534761806219,0.7610291440431215,-0.329502323768793,0.008851165611715051,-0.8770174486838838,-0.29311175864330713,-0.14403752250393526,-0.015348200895783934,0.329502323768793,-0.7610291440431222,0.7723105503109431,0.9413120111617277,-0.646090960523493,-1.051771299771562,-0.6649035856248688,-0.2770246880180474,-0.13859458152457876,-0.4855086804782194,-0.8523972546416179,-0.22078545442469194,-1.0140677512169813,-0.8797901666714156,-0.8793552956620708,-0.8715615487892844,-0.3185222492974822,-0.04248097655033679,-0.2089648391376897,-0.9511296417938885,0
-0.3034990542705592,-0.6431607365392533,1.0038746524609323,-0.13478617003801185,1,0,0,1,0,0,-0.5081606796529707,-0.1832340210294483,-0.38731271110714993,-0.3214929124832349,0.2209542752069064,0.10753674766992953,0.8411793829110814,0.5163148587458491,-0.07971602597312491,0.8992629253179212,0.9936119606655421,1.7126973369580427,-0.49169194337797256,1.5233026208480602,0.1327996853253009,-0.7442381484948826,1.395620419684661,1.2172673271428582,1.2234273880116016,1.122534507594003,0.35238562170966,-0.5756225376360172,-0.6389130871759907,0.16902712157158647,-0.10331958887555112,-1.122534507594003,-1.2234273880116022,1.4129183636297125,0.11577027848446049,-0.009258302706318612,-0.39282577454383927,0.15437386567706757,0.8571550890128092,-0.709509049969999,-1.2052948804881005,0.20179139169817292,-0.22078545442469194,-1.0140677512169813,-1.8468511061605053,-1.8129268340492097,-1.650024815204093,-1.0481553781838862,-1.5241547677521787,-1.32234860141757,-1.6934293108373202,1
-0.04649643069818187,0.43908543426214564,0.27967722576327125,-0.8681093238500562,1,0,0,1,0,0,0.009215737516460692,-0.45071117707391406,-0.7583149722111197,0.40181915436837584,-1.4103042146760802,-0.657162760955781,0.7927092809383884,0.5285900460865225,-0.9574167853367983,0.9131528363386966,0.09766530203930235,-0.020395826762111536,-0.24427906356646084,0.36267077117576585,0.6253603544125818,-0.7370701393044239,0.8301149882865018,-0.007369982076976536,0.6912331826893902,-0.7133741297612541,-0.7399051904888204,-0.09903415209835367,0.5681364119798821,-0.4104827576247268,-0.13416502895104707,0.7133741297612541,-0.6912331826893908,0.15955525061472892,0.340918023760079,-0.5824076947417753,-0.8450432918569822,-0.5112890635057554,-0.34003467563087314,-0.05703537174666111,-0.3747723420151606,-0.6663639641110671,-0.6648813298155464,-0.02767187758659086,0.21499580256151593,0.4821031978191731,0.27921023634565156,-0.1916295312302808,0.6160407084282594,0.29205785388825667,0.038603250264021984,1
-0.09789695541265715,-1.6996391413691911,-1.6032360836506476,1.0385308760612593,1,0,0,1,0,0,-0.6848257977108253,0.13076090128362017,-0.2593808969333673,-0.3591051399595187,0.887406956700477,0.3780883282070961,-0.11837730499777382,-0.31427299489921895,-1.407965521456167,0.8733584764398074,0.5744230773797413,0.3781578394926163,-0.7477316834716401,0.18452630088250255,-0.9052175224398858,-2.0224883948878927,1.2436482092077603,0.5950494493585068,0.1590389773671773,0.3580292690535297,0.34898302985722934,-0.4754774939497302,-0.10766975387033018,0.05332931832628506,-0.1658281631972143,-0.3580292690535297,-0.15903897736717798,0.04814519612450831,-0.9349191994684248,-0.4277483349861756,-1.3489428111487698,-0.8867912286858101,1.2352150146897614,-0.6279498401920818,-0.762349526635866,-0.23228628620644656,0.029018475482663446,-0.7105613285614767,-0.9801455471844351,-0.8793552956620708,-0.8038690908401701,-0.794369942049485,-0.28942660841731066,-0.15329565102369538,-0.8892713360402683,0
-0.35489957898503444,-1.0812127580541053,-0.15484123025532542,-1.6014324776621007,1,0,0,1,0,0,-0.6469689866984278,-0.026236559872914074,-0.19541498984647596,-0.39150952055447086,0.8070659184811083,0.2823890914551066,0.9876107376885366,-0.15595154872114803,-0.04646565634354201,1.7576354172476234,1.4368605860242372,1.4098266869875287,-1.172707896113027,-0.03039478170865322,-0.07967932914547392,0.1489412666089997,0.3788876887644541,-0.04477731018586941,1.0614552385657101,0.8700970699576539,-1.4036668796193834,0.13422739205799364,0.2131917179313753,-1.9987535091024304,-1.911705461665343,-0.8700970699576539,-1.061455238565711,-0.11896988561082296,-0.18442671521636386,-0.3367722410122935,-0.21193876761858224,-0.05044549714841698,-0.6865896075014126,0.4323198869208419,-0.04256332662598434,-0.790386157798101,-1.3310251429018278,0.04820472807728505,-0.21379536872138252,-0.07544647093981212,-0.8546384343020056,-0.6992004034990842,0.7806711296729086,1.461110804282131,-0.6418381130257917,1
0.13340540580248203,-1.1842838219399534,1.4383931084795292,0.3052077222492148,1,0,0,1,0,0,-0.4198281206240434,-0.27917691395844146,-0.8350740607153893,2.1898465836255574,-1.856688079225452,-1.90706634376798,-0.18036737125499105,0.962692307620817,0.38547952453407236,-0.5259868078756987,-0.3853083945580058,-0.47347062021393643,-0.150543249711983,1.1597232070060501,0.46421040773268557,1.1656943631751697,1.314453735794359,1.7934080637033094,0.8989187262297652,-1.5372941035987373,1.4095869841974182,-0.8562896084242562,0.6444469921766321,2.0139640673283656,2.251833699425872,1.5372941035987373,-0.8989187262297659,0.911573118423719,0.26586877533487285,-0.4186507255887879,0.21443774870523882,0.7517636739180628,-0.6865896075014126,-1.1988643086375024,-1.592872065108806,-0.35630847989348147,0.7506742729928018,-1.0899443568808573,-1.2994581215440402,-0.8274902101961188,-0.07617516788719629,-0.8895394805998851,-1.0302635040182315,-1.6006945419875402,-0.9511296417938885,0
1.3156174742354179,-1.132748289997029,-1.168717627632051,-0.4281154315628296,1,0,0,1,0,0,-0.3062576875868511,-0.3477906192046305,-0.2721740783507456,-0.35621189169211226,0.04858466719750325,0.007812776662015243,-0.9966280340870525,-1.3973002530545808,0.18296514825799834,-0.9603915657954548,-0.366269243824695,0.5244217089568494,0.9642343248856673,-0.9790321327992648,-1.7591429224774338,-1.4369216273182217,-0.6442369237438149,-0.19089494808143892,0.8018189915875111,-0.0799856498736912,0.40759817050507535,0.15556768644589988,-1.6940871462987839,0.6586127404907177,0.28979619324702743,0.0799856498736912,-0.8018189915875119,-0.9823978079100336,-1.685411683720486,-0.46413877257572894,-1.0905328012555453,-1.2452251136304073,1.109195039464111,0.758556726032511,0.40038202722625016,-0.790386157798101,0.22331042096616224,-0.02767187758659086,-0.48749186102961545,-1.2294446225572482,-0.939254006738398,0.9504049313745251,-0.4540570296619595,-0.5429799678216537,-0.332546584257695,1
-0.2263982671988458,1.1348151154916164,-1.6032360836506476,1.0385308760612593,1,0,0,0,1,0,-0.7226826087232228,0.32264668714160644,0.36748499251816774,-0.5570033214501194,1.5469234276804464,0.6786018193161472,-1.994081729991705,-1.5795988872068187,0.6887665643420389,-1.5777948846104901,-1.2559424775674006,-0.7860922276956929,0.7979963123390608,-1.2920017776582127,0.2440078976751528,1.2870870517929638,-1.3574714827582675,-1.0700026643102727,-0.19143037735720503,-0.8822777243979375,1.4818662338414201,2.412490800519042,0.35183139357778676,0.7854536130275704,0.5881373892533038,0.8822777243979375,0.19143037735720433,-1.2609229441355856,0.04072103005925432,-0.50962681956267,0.188596747715916,-0.3747428216220998,-1.3796994712424915,0.5138790966987595,0.6772228733838963,-0.8523972546416179,1.4723300705029398,2.400379503657447,0.24236545179233895,0.39133929825375646,0.7022880985276131,-0.1916295312302808,0.6983559190505837,0.29205785388825667,0.22417816752487937,0
-0.5348014154856993,-1.1069805240255675,-0.4445202009343899,-0.8681093238500562,1,0,0,1,0,0,-0.7479204827314877,0.5377913561338942,-0.5152445252809326,-0.18840349218253855,0.8773259456338688,0.5592013697237117,0.632594497674038,-2.12344772127985,1.1415082089663209,-0.006313509090696635,0.9833630545387566,1.2014016526421345,-0.325303771695834,0.3493972683496909,-1.93939451336665,0.6520708257559295,0.19596243414805267,1.279908638011749,1.4252941555476124,0.22497917377587734,-0.530524414360658,0.9716557884523622,-0.9052116679943237,0.2028421387039519,-0.02883846103905462,-0.22497917377587734,-1.4252941555476133,0.4659329004628361,-1.760460932145692,0.5002078235474204,0.7829397704703327,0.8371050750953478,0.8571550890128092,-0.05703537174666111,-0.6516131881728072,0.38782468222872474,-0.6648813298155464,0.5034643620605421,-0.8889133830816909,-1.164613265724808,-1.0238695791747903,-0.0647368131630805,-0.8656330827735822,-0.8769950965056176,-1.136704559054746,0
0.33900750466038404,-0.7977673323680251,0.5693561964423357,-0.8681093238500562,1,0,0,1,0,0,-0.5333985536612357,-0.15997513789514695,-0.7327286093763631,0.31502170634618254,-0.5876010482317433,-0.36648750913899036,0.2730265310423032,-1.1365399045675602,0.8103261287213918,-0.504698535606958,-0.022899771181337035,0.4719617318003141,0.667532129386925,0.6583680577763901,-0.341136252963385,-0.7546778552320554,0.5191417582866669,-0.0787338494512818,0.08301123374971872,0.5613699807042828,0.27818356839896535,1.2181938775598065,-1.8661214277014566,1.1965872420715407,-0.04709745561470271,-0.5613699807042828,-0.08301123374971872,0.8558680911786088,-0.10937746679115769,0.74584327727690225,0.2015172482105774,0.4103980692089227,0.7941451013999841,0.758556726032511,0.7879592118469556,1.0079356506638961,0.05677446769459199,0.8069707847160468,-0.6790794056453779,-1.4498712357875443,-0.9900233502002335,0.31594134103852145,-1.0302635040182315,-0.9326642846196119,-0.76555472453303,0
-0.4063001036995106,-0.6431607365392533,0.5693561964423357,-0.4281154315628296,1,0,0,1,0,0,-0.6343500496942954,-0.049495443007215444,-0.5664172509504457,-0.1450047681714419,0.2275924204414953,0.07399729553722294,-0.738387589599354,-1.466760312641411,1.6614537156541738,-1.6486958031542351,-1.42737699632257,0.15641599531339614,1.3292056160737538,-1.1200289222188446,-1.5410924043995076,1.5220368311009183,-1.5821186288014286,-0.8404711214197608,-0.2118842566452726,0.4234769879856554,-0.0923737844980449,0.46934202036619727,-0.7417626577442035,0.6584799153050849,1.0351035367487573,-0.4234769879856554,0.2118842566452719,-0.9545452942874786,-1.3101654415944555,0.9186978558272787,1.6615338041072958,0.785900234388976,-0.34003467563087314,1.3294711944779316,1.6184817503198954,1.069946747507413,-0.3318094232724056,0.04820472807728505,-0.998391980004983,-1.1775795370912954,-0.8884846632765624,0.3476645205553221,-1.0302635040182315,-0.9883334727336057,-0.5181215015185524,1
1.9838242955235992,0.7225308599482267,-0.8790386569529866,-0.8681093238500562,1,0,0,1,0,0,-0.6974447347149578,0.2819436416565791,-0.029103631420558513,-0.4412733907538617,1.1581241257176675,0.5578597916384034,-0.8414954934117035,0.30034853773655595,0.48406134432435,-0.6688182122601694,-0.4397909358368961,0.49005761436700274,0.5665684669361035,-0.020698836894687853,-0.8335892027743695,0.11405798535588661,0.013448385239700966,0.24224776811840282,0.21054164239835904,0.45956749966015986,1.1494379339223133,-1.2473091579134339,-0.5471107982699213,0.9168654448061092,0.8082575516387769,-0.45956749966015986,-0.21054164239835974,-0.20252742647848845,-0.9349191994684248,-0.7097742263052108,-0.5478717804797735,-0.5112890635057554,-0.40304466324369825,-0.30171300108041293,-0.4301405112466897,-0.790386157798101,0.8894542340524437,-1.2416975682086098,-0.43275256256796935,-0.6329961396987983,-0.2623294272472596,0.28421816152172197,-0.9479482933959068,-0.8769950965056176,-0.20882997275045564,1
-0.3034990542705592,0.3617821363477598,1.0038746524609323,0.5985369837740325,1,0,0,1,0,0,-0.5081606796529707,-0.1832340210294483,-0.8094876978806327,0.6419587605631106,-1.2434645926917873,-0.637039089676157,0.8961429571533609,0.5910565134054963,0.06078368704579133,1.2231534408236098,0.4701873132410389,1.1039450422512287,-0.45389364862528586,1.6324007159895706,0.0169441871990132,-1.1311215580132516,1.6147272810487583,1.2043230699229601,1.116988546947158,0.3978337296906128,0.3849669649657762,-0.7942692989860001,-1.21976141731328,-0.051265456123469486,0.5645205402234574,-0.3978337296906128,-1.1169885469471588,1.6635909862327087,0.11577027848446049,0.3182556355996563,-0.3411437725651945,0.2909201075607231,1.3612349899154128,-0.6279498401920818,-1.0945585420250417,0.38782468222872474,0.19555442875423396,-0.8623145398892288,-0.5148615102604385,-1.0219842806934394,-0.9731002357129547,1.2041903675089267,-0.7833178721512579,-0.7099875321636356,-0.20882997275045564,0
0.33900750466038404,-0.35971531085317227,1.0038746524609323,-0.13478617003801185,1,0,0,1,0,0,-0.5207796166571032,-0.17741930024587296,-0.6687627022894718,-0.023488340940371298,-0.34756481593456784,-0.11829556335696156,-1.0692556619971063,-0.4195155134038557,1.9268432559676023,-1.4784900420879874,-0.8927579509694235,-1.7882472288722058,0.20078459580610722,-1.447241362773924,-0.48179590455918775,2.8263582011162858,-1.4809232305017603,-1.0599032545154796,-1.2601455701587203,-1.1891589033857164,0.04075950921689233,0.09314564718542195,0.20615813863715848,0.5288865375659686,0.12583982533731544,1.1891589033857164,1.2601455701587196,-1.4280380258709164,-0.7097714541928067,-0.973604898829468,0.44700675760914055,-0.20406001926752979,-2.639899223498999,-0.46483142063624716,0.12354118106860354,-0.9144083514851348,0.0012624832707351544,0.04820472807728505,-0.10431677179808911,0.015317428625603584,0.22844089288381547,-0.5405845059150832,0.6160407084282594,0.06938110143228039,-0.5799798072721716,0
-1.1773079744166424,0.1298722426046032,0.27967722576327125,-0.4281154315628296,1,0,0,1,0,0,-0.81101516775215,2.1978941398446543,-0.630383158037337,-0.08713980282331305,1.4350827726849007,1.757677792599094,0.8825685213243536,-0.4590952965659108,0.8376513339977061,0.5168487731451491,0.6979304855014491,0.4429761210863446,-0.28319913859151996,1.725542101563491,-0.9068503191201993,0.6492721711528887,2.1936223575779605,2.24439447253801,1.5219753568508918,-0.90531003275748545,0.49690832343840846,-0.27834003982918293,-0.49264151862149425,1.4769290313516583,1.2838705535242976,0.90531003275748545,-1.5219753568508925,1.245803281894381,-1.009968447893631,-0.7734574920869285,-0.354064273059855,0.4957394703862077,-0.6865896075014126,-1.0357458890816678,-1.592872065108806,-0.4803306735805153,0.1400424443303771,-0.5588081172337243,-1.0075151964152582,-1.0738493661593913,-0.5161761445564365,-0.15990635171348128,-1.0302635040182315,-1.4336869776455579,-1.0129879475475077,1
-1.100207187344929,1.1348151154916164,-0.8790386569529866,1.0385308760612593,1,0,0,0,1,0,-0.4955417426488382,-0.19195610220481132,0.36748499251816774,-0.5570033214501194,0.8237320531539278,0.28283628415020934,-1.441295491391668,-1.4633115516122577,-0.3676787204236253,-0.3147292892142555,-0.3856632363979397,-0.794398598908977,-0.5853630248664033,-0.49410818259253436,0.7316854935515036,-0.41698399374794765,0.4596140271743967,0.1839568651976148,-0.37315522795503414,-0.7133741297612541,1.5104493916551847,2.7414274928209754,0.08360042819551111,0.8809243668075454,0.6809791701133399,0.7133741297612541,0.3731552279550334,-0.6203151308168162,0.340918023760079,-0.8007503202790929,-0.8708842928463041,-0.6649035856248688,-0.37153966943728567,-1.1988643086375024,-1.2052948804881005,-1.0384305451721696,1.63886602377451,2.9315157433045793,0.561678026151944,0.5210020119186368,0.8715192434003977,0.31594134103852145,0.6160407084282594,0.29205785388825667,0.6571863078002155,1
-0.4063001036995106,1.9851513925498596,0.5693561964423357,-0.8681093238500562,1,0,0,1,0,0,-0.6343500496942954,-0.049495443007215444,-0.7199354279589849,0.28319597540471164,-0.25795211518239364,-0.2569252988388155,-0.7264035192204018,-0.48403922682280925,0.9432371058270993,-1.1820765936937654,-0.9251485765527749,-0.8291083795257104,0.6323902514842324,-1.0028025479025624,-1.2737325540355326,1.3015009641017414,-1.5016494884266625,-0.8688741137802021,-0.4863880375980577,-0.6484112087471453,0.008093285895996285,-0.6116382817234988,0.018446230352024466,0.10789928921808485,0.3544520000805007,0.6484112087471453,0.48638803759805704,-0.8709877534198129,-1.0850176963188372,0.6002815269186915,1.2351572877834756,0.4616029099152932,-0.43454965705011084,0.9216751455883455,1.3416409041622488,0.6978801664463103,-0.1375174777889068,-0.7105613285614767,-0.5422311594912614,-0.4514683405679659,-0.38079122865820925,-0.15990635171348128,0.03983423407198747,-0.26463402725168356,-0.7036964187794109,0
0.3647077670176212,1.7532414988067013,0.5693561964423357,0.5985369837740325,1,0,0,0,1,0,-0.785777293743885,0.6424563302382503,0.5082099881093286,-0.5789920082824084,2.152150594612163,0.9415511240365669,-1.1897045535434365,-1.6850727674728263,-0.17708135317324153,-0.4465462963378469,0.21768068097674612,-0.7391126866127735,-0.24504679157273446,0.28609620858033113,-0.8735928288422327,-0.9884301405483036,0.06255121750357466,0.6722784122630238,-0.11972941589683889,-0.8893153741744672,1.9401771029667323,1.4376691374792752,-0.7512008253634124,0.6652799541188313,0.37335347480806697,0.8893153741744672,0.11972941589683818,0.29881781872750485,-0.7848207026180125,0.13630344765189217,-0.40574627503850064,-0.3576745413866426,1.6132749403667133,-0.38327221085833024,-0.3747723420151606,0.44983577907224165,2.3050098368607914,1.8692432640103136,1.0452084958964885,0.4432043837197094,0.7022880985276131,1.3945294446097283,0.5337254978059351,0.1250502895462747,0.7809029193074537,1
-0.04649643069818187,-1.6996391413691911,0.27967722576327125,1.0385308760612593,1,0,0,1,0,0,0.009215737516460692,-0.45071117707391406,-0.2593808969333673,-0.3591051399595187,-0.24468886279596974,-0.06910436689565855,0.1691375175659407,0.6887130085600024,-0.5047524129829116,0.42493286023711324,-0.05596483691089676,0.9102503635573321,-0.07266626323080971,0.23347534366863465,0.5375942204161517,-0.7641566256462506,0.7688215494347465,0.09979449503887483,0.9573302853504951,0.2920044097428146,-0.001904023001491449,-0.4067301295857261,-0.07789025593687188,0.18829340801165703,0.17018692989911316,-0.2920044097428146,-0.9573302853504958,0.04814519612450831,0.26586877533487285,-0.5824076947417753,-0.8579637923516437,-0.5454256239766699,-0.18250970659880966,0.10608304780917345,-0.319404172783631,-0.6663639641110671,-0.3040534310604773,-0.7105613285614767,-1.1808563082104715,-1.0349505520599276,-0.9054077777638412,-0.7626467625326843,-0.4540570296619595,-0.3759724034796717,-0.9511296417938885,1
-1.100207187344929,1.3151894772918502,-0.8790386569529866,-1.161438585374874,1,0,0,1,0,0,-0.4955417426488382,-0.19195610220481132,-0.3233468040202586,-0.3434815993155239,0.27954843187139944,0.11782217965729289,0.25435822521976337,1.9044705432310454,1.1506669210621365,0.7584792311754006,0.2873103740916189,-1.4706867353695279,-1.3935412612558646,-0.5374082132794028,0.7989898335925102,0.1420661850123184,0.6446917959175261,0.543070141573185,-0.6949470730335814,-1.3166012534636966,-0.8906632585547635,-1.813535112985719,-1.4302374135352516,-0.38539115925561596,0.15668473559799762,1.3166012534636966,0.6949470730335807,-0.6481676444393714,0.41596727218528484,-0.7552622732921518,-0.5737127814690962,-0.3064697006802721,-0.6235796198885869,-1.5251011477491712,-1.482135726645747,-0.9144083514851348,-0.9424412519348303,-1.772833807855743,-0.7611883533378483,-1.3072422507561756,-1.3454087544330806,0.9821281108913258,0.6160407084282594,0.013711913318286572,-1.136704559054746,1
1.9838242955235992,-0.7977673323680251,-0.8790386569529866,-0.8681093238500562,1,0,0,1,0,0,-0.6974447347149578,0.2819436416565791,-0.7327286093763631,0.31502170634618254,-0.07404049060598678,-0.026621060860896863,0.06725010279640954,-1.1425550602390602,1.3103565397617247,-0.9191370289934369,0.2205613316492524,0.5678680676211486,0.417020100067369,0.3239821675455817,-0.5513956020842651,0.16985001991850152,0.14092357317521317,0.6163524443524949,0.5444209881177442,0.23455420748543962,0.23020625945868578,1.0158166672439395,-1.6206183973135921,1.3814322312388227,0.31500766529294333,-0.23455420748543962,-0.544420988117745,0.0759977097470634,-0.7097714541928067,-0.7552622732921518,-0.5607922809744348,-0.47715250303484213,-0.24551969421163483,-0.38327221085833024,-0.6516131881728072,-0.9144083514851348,-0.10976148557697851,0.4275877563966659,-1.1352402261590995,-1.6702978490178413,-1.159254495073018,-0.0647368131630805,-1.1125787146405561,-1.1553410370755877,-0.9511296417938885,1
1.9838242955235992,0.38754990231922204,-0.8790386569529866,-1.161438585374874,1,0,0,1,0,0,-0.7605394197356201,0.4999956710406544,1.1478690589782419,-0.6571097115023823,2.137636809514706,0.8923599275752638,0.9590804698039189,-0.37662962809615197,0.01829548453050113,1.4350123786796694,1.9756731654268753,0.19379759344832545,-2.1573822108264418,0.2761874931996803,-0.5344235446959782,0.10335100522501581,0.3954570053057945,1.1311305876465167,0.5174554829923397,-0.24888924451037456,-1.0576614508824465,-0.018437790870871006,0.07884725286263936,-1.546480747249429,-1.4641430134225486,0.24888924451037456,-0.5174554829923405,0.02029268250195297,-0.7097714541928067,-0.8098479296764806,-0.6383152839424023,-0.4600842227993849,0.038025250046078915,-0.8726274695258333,-1.149926711256571,-0.728375060954584,-0.9424412519348303,0.12408133374116129,0.44307621281837667,0.4172718409867329,-0.2623294272472596,-0.0647368131630805,1.6861384465184783,1.6837875567381073,-0.3944048900113141,1
-0.7661037767008384,-1.880013503169424,0.27967722576327125,0.5985369837740325,1,0,0,1,0,0,4.122989200863647,-0.7769170130324907,1.4676985944126986,-0.6848848948694842,-0.5180436574989238,-0.06820998150545304,0.553664827233256,-1.8227842070164737,-0.09876237608561793,0.39348575184871215,1.4177941842034254,0.6311658288869435,-1.0849871342838864,0.10487437365003353,0.5573012173748594,0.030624030032798708,-0.1931563402192743,0.20165553586392093,-0.8963291925090734,1.7498032920237159,-0.6650951815100502,3.060120653964301,0.16578567348098985,-0.7231043856944805,-1.6463244955967986,-1.7498032920237159,0.8963291925090727,0.0759977097470634,0.491016520610491,-0.054746349693259644,-0.031051760693324323,-0.10165033785478751,0.25856020669096863,-0.8726274695258333,-0.5962450189412776,0.20179139169817292,-0.8036612908751883,2.096873081001942,-1.0622544948769042,-0.8274902101961188,-1.0238695791747903,-1.8095116865870906,-0.7010026615289333,0.1250502895462747,-1.0748462533011267,1
1.110015375377516,-0.30817977891024867,-0.15484123025532542,-0.13478617003801185,0,1,0,1,0,0,1.1701579418966481,-0.6652743739878442,1.096696333308729,-0.6501659156606069,-0.03662145036921652,-0.009180545751889433,0.6865665156571211,-0.3411782792182568,0.8047882396251769,0.9886700806366594,0.6117056343459288,-0.31290075704712195,-0.9844237873821889,0.5985024722808567,0.5455444304086768,0.975415655112514,0.9812743968007505,0.5442056242145761,-0.49529816032406576,0.06447137185505257,-0.3566708345397924,1.0147923297784436,-0.11997381947233304,-0.3626146007536903,-0.26393641250792166,-0.06447137185505188,0.4952981603240644,0.605195468575612,0.5660657690356972,0.16359627584405784,0.6537347655237203,1.0589927181562884,-1.0646495331783645,-0.6279498401920818,-0.4855086804782194,0.3258135853852078,-0.47058938433204756,0.6552175733882943,-0.6334633235940058,-0.5940973255993336,-0.685407289429221,-0.3502454288142823,0.28677986593896093,0.3477270420022505,-0.5799798072721716,0
-0.04649643069818187,1.9593836265783975,-0.15484123025532542,1.7718540298733036,1,0,0,1,0,0,0.45087853266109723,-0.5751462018424264,0.36748499251816774,-0.5570033214501194,-0.05120778008907436,-0.011863701922505961,0.08390371493044907,-0.7211848799882005,-0.5041822388106695,0.5839283068049801,-0.05346239197844814,-0.10970383893290436,0.5265238398850575,0.7215469586955742,-0.6750572720180359,0.045891371875534784,1.0807954980585806,0.7113778479564379,0.03622492998512883,-0.18555039652161812,0.6042910613464635,0.31359132473603174,0.7353504136470488,0.28284884434618707,0.7640257380103972,0.18555039652161812,-0.036224929985129536,0.6609004958207222,-0.6347222057676005,-0.018355912103706302,0.007709740790658993,0.4445346296798359,-0.18250970659880966,-0.22015379130249568,-0.26403600355210183,0.20179139169817292,1.1392581639597994,0.9587239960437993,1.820681890769815,2.012123219064761,2.039214143022611,1.109020828958526,-0.20711139779498602,-0.32030321536567735,2.018069034379841,1
0.4161082917320974,-0.12780541711001567,0.5693561964423357,-0.13478617003801185,1,0,0,1,0,0,3.8832293977851298,-0.7734281805623455,0.9687645191349462,-0.6374356232840185,-0.6441749866255013,-0.10219662633326239,0.33357802941829945,1.805628964480078,0.40962380204792437,-0.05933255885004917,-0.5315901728300563,-0.7734796050671701,0.35798531218806157,-0.1559688376996529,1.4937013969613298,0.29868833399672495,-0.502888113261679,-1.3240072894147876,-1.4375436385994584,0.37080434932556694,-0.6196905950004641,-0.9819251506229115,-0.2598164896045218,-0.41850078553345604,-0.6015421611840672,-0.37080434932556694,1.4375436385994576,-0.29536913855367236,1.0663940918704047,-0.6157655958655328,-0.37990527404917784,-0.5454256239766699,-1.5057194464681423,0.051710241290561454,0.9356076631310333,-0.2736270174354578,-0.6648813298155464,-1.0140677512169813,-0.4601222117987924,-0.5162996974004062,-0.6346379459673855,-0.3819686083310823,0.03983423407198747,0.23638866577426285,-0.7036964187794109,0
-1.2030082367738797,0.9802085196628456,-0.4445202009343899,-0.8681093238500562,1,0,0,1,0,0,-0.15483044353726144,-0.41000813158888666,0.3035190854312764,-0.5465876276874562,0.3322387179535135,0.10708955497482678,0.4773407433642309,0.2731342186059101,-0.12894621800987965,-0.31775420165768925,0.018065559910330528,-0.9266240724840665,-0.3606897113359998,-0.6509278279886503,0.24091078082940914,-0.18717019444800798,-1.0204854753346,-0.5236065865488779,-0.83882515761197,-0.4318681387001143,-1.3141533394876406,-0.13354615513775397,-0.011814195052127135,-0.5826305021266435,-0.534686032673912,0.4318681387001143,0.8388251576119693,-0.8431352397972577,-0.25947596364157,-1.3466068841223853,-1.2197378062021575,-1.4841810369268051,-0.6235796198885869,-0.6279498401920818,-0.319404172783631,-1.2244638357027204,-1.1644891896302574,0.12408133374116129,0.8080048692293539,0.6765972683164937,0.38074892326932136,0.47455723862252236,1.2745623934068555,1.127095675598167,0.5334696962929761,1
1.9838242955235992,-0.7719995663965628,-0.8790386569529866,0.3052077222492148,1,0,0,1,0,0,-0.7605394197356201,0.4999956710406544,4.167059873479512,-0.7705250435847149,2.74164810385236,0.9800096958154039,0.22677857247660874,-0.9646253608276301,-0.08269371593198022,0.3401595465429905,0.8023088045472906,0.20212138546112,-0.5685599500921171,0.36882718312189267,-0.6948895977353702,0.09793440304807795,0.33267135756868305,1.108679959157156,0.2567889334467663,0.020989325180847843,0.053186650185989434,0.6278534360365846,0.21145971024039384,-0.12966237858519566,0.039369453313044374,-0.020989325180847843,-0.25678893344676695,0.0759977097470634,-0.8598699510432187,-0.8826288048555859,-0.7029177864157086,-0.5454256239766699,0.006520256239666901,-0.9541866793037505,-1.149926711256571,-0.6663639641110671,0.08453045990652028,0.6552175733882943,0.1785029369204177,0.2616765845888761,0.19459466390925928,0.062155904904119784,-0.04248097655033679,-0.04195727479570725,0.22417816752487937,1
-1.3572098109173063,0.18140777454752677,1.0038746524609323,0.5985369837740325,0,1,0,1,0,0,0.7284951467520117,-0.6152677752490963,0.16279408984011548,-0.518233794666873,-0.29979318654091536,-0.07268190845648059,-1.5831188425848777,0.21392211724474924,-1.1459185014903377,-1.1584845746051176,-0.8894908480564688,-2.621045141175579,-0.6866769613406123,-0.6259326401088011,0.7442542105997446,-1.0673085807839648,-0.9037723446710978,-1.3259217085104045,-2.7148097313727666,-0.8822777243979375,1.5759407691424498,0.45196271057102977,0.49396678719358966,0.668872734806956,-0.13812281249426017,0.8822777243979375,2.7148097313727675,-0.7038726716844818,0.41596727218528484,-0.646090960523493,-1.051771299771562,-1.2964299543367779,-0.18250970659880966,-1.1988643086375024,0.012804842605544792,-0.23228628620644656,1.0282341951120857,0.04820472807728505,-0.9618991143638861,-0.5940973255993336,-0.3130987707090945,-1.6508957890030895,0.6983559190505837,0.29205785388825667,-1.198562864808365,1
-0.14929748012713334,-0.05050211919562982,-1.6032360836506476,-0.13478617003801185,1,0,0,1,0,0,-0.11697363252486404,-0.41524138029410446,0.44424408102243734,-0.5697336138267077,0.3717656844307069,0.12095252852301216,-1.456127124768679,0.3824115100203546,0.47823105721128506,-1.0425545968374783,-0.4701186095555465,-0.559793475420126,0.12879100551970774,-1.1763734886630806,0.4467876891681132,0.7060202842973826,-0.2282897569482657,-0.06891324607114296,-0.6501878279857761,-0.11864316273067908,0.8493616839691039,-0.07728969977169586,0.05572442133913853,1.1820557851646405,0.5438968450212438,0.11864316273067908,0.6501878279857761,-1.0659553487776992,0.5660657690356972,0.40923172957353837,0.7312577684916879,0.59814915179895,-0.2770246880180474,-0.13859458152457876,0.17890935030013266,0.5738579727592754,1.0004782029001573,0.12408133374116129,0.6255405410238652,0.5599008260181015,1.0407503882731821,-0.0012904541294803558,0.12214944469431245,0.06938110143228039,0.7190446135538346,0
-0.12359721776989524,-1.2100515879114147,-0.15484123025532542,-0.4281154315628296,1,0,0,1,0,0,0.9682549498305286,-0.6431784350102578,-0.16982862701171944,-0.4053971122380218,-0.652370153158054,-0.18134973336644997,-0.26263426986373267,-0.8666774874927705,0.4509426355954477,0.5212592787556553,0.05823582187975935,0.016427066315770098,0.20796122021318808,-0.751913510199314,-1.4020621335981664,0.37634513189071633,-0.14777533815877444,-0.04536190828612538,-0.38904162214375715,0.40825130337297294,-0.3861037743919954,-0.2150130162914906,-0.23826312656268117,-0.8507191524694129,-0.11999649506161171,-0.40825130337297294,0.3890416221437564,-0.8709877534198129,-1.4602639384448675,-1.028190555213798,-0.7029177864157086,-0.71610842633123994,-0.9701345517591269,-0.30171300108041293,-0.1532996650890431,-0.9764194483286528,-0.5538573609678327,-0.482931511569848,-0.9254062487227878,-0.892321567028559,-1.1254082660984612,-0.033013633646279864,-0.4540570296619595,-0.32030321536567735,-0.8274130302866491,0
0.6474106529472365,-0.02473435322416849,0.5693561964423357,0.3052077222492148,1,0,0,1,0,0,-0.028641073495936725,-0.44547792836869626,0.5337963509440852,-0.5789920082824084,0.3392094378750266,0.104853591499313,0.5293705946514347,-1.497344528245334,-0.537061418502695,0.8479090653157962,0.932790673859934,0.517106098339878,-1.3309212836458524,0.8795724027025952,-0.9774578055519211,-0.700664292562809,1.2544094015744442,1.4561059609783058,0.9573302853504951,-0.2441974779926877,0.14275568292304358,1.0759565840898933,0.03008090853836292,0.09838044503753038,0.20893050252517514,0.2441974779926877,-0.9573302853504958,0.7723105503109431,-0.9349191994684248,-0.11842961547497735,-0.4574282770171454,0.03489590402886805,1.0461850518512859,-0.7910682597479163,-1.2052948804881005,0.2638024885416898,0.005227625015296339,0.7961312696212074,-0.44187577897824326,-0.3607044410025493,-0.2985932440057136,-0.2233527107470814,0.4984475503963669,0.4113489712753868,-0.10278716288710855,1
-0.7918040390580765,-1.4934970135974959,-0.8790386569529866,-0.13478617003801185,1,0,0,0,1,0,-0.7353015457273552,0.4941809502570791,0.6745213465352461,-0.6044525930355851,1.7713476122513325,0.8471934653698856,1.468592381727108,0.5437748874516422,-0.4045106861814814,0.489025275259527,-0.038017983347418786,-0.7488690240768087,0.2683408187532042,0.5919878414604052,1.0415627961065306,-1.9542262289895682,1.3171581135459298,0.0900522698465258,-0.31054414497595056,-0.7133741297612541,-1.450606180286665,0.2970666460221748,-1.4108292360771642,0.6454298408169414,0.13734375457206727,0.7133741297612541,0.3105441449759499,0.10385022336961848,0.340918023760079,-1.364802102917162,-1.98204733538717,-1.5183175973977192,-0.11949971898598452,-1.0357458890816678,-1.0391903727935126,-1.2864749325462383,-1.3032691506898992,0.5793409677244183,0.8353745184601769,-0.10137901367278856,0.1607484349347019,1.6800380602609295,-0.20711139779498602,-0.5429799678216537,0.7809029193074537,1
0.6474106529472365,-0.7977673323680251,0.5693561964423357,-0.8681093238500562,1,0,0,1,0,0,-0.028641073495936725,-0.44547792836869626,-0.7583149722111197,0.49440309892538203,-1.3801488435131979,-0.7246888579162969,0.24328346133445697,-1.8711760983639998,0.782140235140466,0.21958887784077097,1.35419305999207,1.1806429576037114,-1.04092561826016,1.0264469004581476,-1.113914293448571,-0.9481602850704789,1.639574525304381,1.8415438318028383,1.7556215933338115,-0.13094794135889734,0.6873220735212219,1.4523530319964302,-2.0220215495565217,1.3291236259509462,0.037391823430777904,0.13094794135889734,-1.7556215933338122,0.8558680911786088,-1.0850176963188372,-0.2548937564358004,-0.6899972859210471,-0.06751377738387422,1.2667200084961745,-0.7910682597479163,-1.4267675574142176,0.07776919801113909,0.22331042096616224,0.7310941790521709,-1.2173491738515698,-1.9036907336146256,-1.4131012123821949,-0.0012904541294803558,-0.5363722402842841,-0.6543183440496418,-1.198562864808365,0
-0.6633027272718879,0.33601437037629844,-0.8790386569529866,2.2118479221605303,1,0,0,1,0,0,-0.356733435603381,-0.3344167614024072,0.188380452674872,-0.5303854373899801,0.4950027661987392,0.15270320987530775,0.2134246697499637,-0.9822812537499575,1.0996983032903402,0.7068843758565353,0.6199306690896557,0.28672052199343406,-0.6123103512236582,-0.5306786009292076,0.3193216736281555,2.088671118126683,-0.5757852210129941,-0.39328303182967295,0.20465562353765385,0.1880776393671132,-0.8270200038730735,1.6681012904302273,0.595588622333443,-1.5258939563283738,-1.1899045657698961,-0.1880776393671132,-0.20465562353765385,-0.5924626171942612,0.11577027848446049,-0.4823339913705056,0.6020527635450756,0.32505666803163763,-2.009799347370745,0.10608304780917345,0.012804842605544792,-0.9144083514851348,-0.7759052986632599,1.5657368413548085,0.023408257945752128,0.3265079414213163,-0.33002188519637315,-0.5088613263982832,0.8629863402952329,1.0714264874841732,-0.3944048900113141,1
-0.5862019402001745,-0.8493028643109486,0.5693561964423357,-1.161438585374874,0,1,0,1,0,0,1.8137237291074042,-0.7123736123348045,-0.15703544559434116,-0.40308251362409664,-0.893242824141407,-0.23635443486408877,0.23077431166239432,0.3186376390135333,0.4376845397746477,1.1362937909876207,0.22720344044830332,0.19582357112506804,-0.19604347479978923,-0.7571592159825633,-0.09898799198833258,2.05352368773508,0.3479582978872835,-0.5167403764694053,0.03622492998512883,0.23115255077283092,-1.0774418653110458,-0.5365041566888462,1.465263836713458,-1.190030112191833,-0.799872002359516,-0.23115255077283092,-0.036224929985129536,-0.7595776989295921,-0.18442671521636386,-0.2821865846279648,0.7829397704703327,0.9053781960371756,-2.76591919872465,-0.22015379130249568,-0.26403600355210183,-0.4803306735805153,-0.9701972441467586,-0.4070549059059717,0.3700904815361815,1.1044842234105985,0.4822876101929924,-0.9212626601166852,0.2044646553166367,0.3477270420022505,0.22417816752487937,0
-0.12359721776989524,-1.4934970135974959,-1.6032360836506476,0.3052077222492148,1,0,0,0,1,0,-0.10435469552073157,-0.41524138029410446,-0.4128990739419065,-0.2919817801556892,-0.3437924436768546,-0.09369996512631006,-0.5828825790935502,-0.3748866640669928,-0.31911114116670347,0.6323938648038208,0.01307664270733618,-0.15415394544713396,-0.03228568963318125,-1.1791665551317752,0.5455444304086768,0.339997032728943,-0.03794559740395701,-0.2937805651355114,-0.47521987007162214,0.2610696854503818,-0.3676969130271644,1.061058145852464,0.7778998489651447,-0.8919495175367989,-0.303819818068247,-0.2610696854503818,0.4752198700716215,-1.0938078624002545,0.5660657690356972,0.16359627584405784,0.31780175266252825,0.2909201075607231,-0.4660546508565234,-0.05703537174666111,0.17890935030013266,0.20179139169817292,-0.16527347000083534,1.413983630027056,0.9266066825629212,1.234146937075479,0.7361343275021692,0.31594134103852145,0.28677986593896093,0.45906541823023866,0.6571863078002155,0
-0.12359721776989524,-0.35971531085317227,-0.8790386569529866,-0.13478617003801185,1,0,0,1,0,0,1.0565875088594558,-0.6495746278721908,-0.6559695208720935,-0.03795458227740351,-1.4845549119354928,-0.4702362144028295,-0.4773115786783426,-0.17849301296367942,-0.2797149737903931,-1.5808894403411502,-1.0413268132084408,-2.153850084424073,0.20112978784859314,-0.16483160462400687,0.005543023929320094,-0.2607994211273172,-1.2267446124619643,-1.038399214592234,-1.2694823106029698,-1.6785375276851617,0.49901557201559993,0.2505401416226106,0.12030147284589734,0.9192606849920618,0.339981132114709,1.6785375276851617,1.2694823106029691,-0.3974950218363748,-0.3345252120667762,-1.028190555213798,-0.9871687972982559,-1.347634795043149,-0.6235796198885869,-0.30171300108041293,0.34501385799472056,-0.6663639641110671,0.3620903820258042,0.12408133374116129,-0.2959043164138529,-0.1921429132382052,0.17767154942198057,-0.667477223982284,0.7806711296729086,0.013711913318286572,-0.8274130302866491,0
-0.2263982671988458,-1.132748289997029,-0.4445202009343899,1.7718540298733036,1,0,0,1,0,0,0.7158762097478791,-0.6088715823871633,-0.4768649810287978,-0.22948761757971003,-0.9401204706242328,-0.2909119436666249,-2.668022485530602,-0.014961679133673609,-1.2240236710798797,-2.2584166245884516,-3.20416554023865,-1.6019624668670902,2.775747949271398,-0.8120699103910913,1.9705684727173078,-1.2135801006404592,-1.0488706430210033,-2.3512431117452395,-0.964482122757493,-1.2283241134096814,2.8985395268638614,1.9946076113806308,0.4537503994769857,2.010932983770199,1.8700408631283627,1.2283241134096814,0.9644821227574922,-0.7038726716844818,2.067050737539819,0.427426948368315,-0.3023822710812103,-0.6819718658603261,-0.18250970659880966,1.247911984700014,2.1167952734036595,0.139780294854656,2.776861704463574,1.9451198696741894,0.15113328768959466,0.36540675552078095,1.1930584186586881,-0.033013633646279864,-1.1125787146405561,-1.6006945419875402,0.16231986177126023,0
-1.2544087614883548,-1.596568077483343,-0.15484123025532542,1.478524768348486,1,0,0,1,0,0,0.021834674520593164,-0.4687368115029976,-0.4896581624461761,-0.191296740449945,-0.5722915871149916,-0.21265322202364279,-0.2435384719686333,1.357613712317393,-1.6723046714053835,-0.2346773861620814,-0.7488367886077257,0.8451365498981032,1.4840677217776785,0.16222786526396704,1.2047674179404828,-1.86899315922631,-0.635218830425955,-0.6148980104322763,1.1824893722175853,-0.020113106998745453,0.5007423451552432,-0.6564578743656964,0.4079386283399874,-0.3128381100560945,0.37319627319379417,0.020113106998745453,-1.182489372217586,0.1317027369921738,1.0914105080121401,-0.04564874029587195,-1.0000892977929163,-1.1598837124531223,1.4557499713346498,1.0032343553662626,0.4557501964577793,-0.790386157798101,1.194770148383656,-0.02767187758659086,2.38632130820683,2.2973811891274982,1.988444799560775,1.9972698554289314,-0.12479618717266176,-0.15329565102369538,2.389218868901558,1
0.6731109153044746,-1.3904259497116478,-0.8790386569529866,-0.13478617003801185,1,0,0,1,0,0,-0.2810198135785862,-0.36058300492849626,-0.2210013526812325,-0.38109382679180764,0.07284981205692426,0.01720382325917309,0.7885756021991196,-0.6681487320762213,-0.08220740597421868,0.40828616617948005,0.365008230271125,-1.1678209889798332,-1.1267027686231044,0.36052466772880337,-0.5618637062367987,-0.5957284741408733,-0.020156684606171094,0.011103923723354675,-1.773666294592434,0.16633209230480636,-0.736301570854409,0.3541923766224694,-0.4862693867453878,-0.5715552934969095,-0.4636877556702602,-0.16633209230480636,1.773666294592433,0.5494904413305014,-0.3345252120667762,0.74584327727690225,0.29196075167320634,0.2738518273252659,1.140700033270523,-1.2804235184154193,-0.7069813574043363,1.069946747507413,-0.7481493064513315,0.19995793940503753,-0.3415203984652251,-0.5292659687668935,-0.7023304039164997,0.12560226393772106,0.03983423407198747,0.1250502895462747,-0.5181215015185524,0
1.958124033166361,-0.8493028643109486,1.7280720791585935,-0.4281154315628296,1,0,0,0,1,0,0.40040278464456736,-0.559446455726773,-0.31055362260288033,-0.35216134411774325,-0.5535672144705512,-0.15809571322110672,0.6287246947662659,0.695197063650928,0.6959019266270162,0.272168161977142,0.8125451725547845,1.0735407305648714,-0.6861130567177974,0.4523499026051348,-0.0020477015578522577,0.7568221599890373,0.1154726117366212,0.5996064378528714,0.8763442106275502,0.595033997706013,-0.42227430012180117,-0.9562311296760792,-0.19078796341355836,-0.25318096285597613,-0.470949536865234,-0.595033997706013,-0.8763442106275509,0.8837206048011639,0.491016520610491,1.5282376854522888,1.764897808064586,1.7417239275745686,0.8256500952063961,0.35076067714292497,-0.04256332662598434,1.4420133285685155,-0.44283339212011924,-0.9381911455531051,-0.2046721523111086,-0.2699405414371327,-0.3469449996836519,-0.2550758902638815,-0.20711139779498602,0.06938110143228039,-0.3944048900113141,0
1.0072143259485644,-1.0039094601397194,0.5693561964423357,-0.13478617003801185,1,0,0,1,0,0,-0.07911682151246661,-0.42163757315603734,0.09882818275322415,-0.4985597064485092,0.13559032629477505,0.06102870737924305,0.6366424103416164,0.018102003296075232,-0.8483135996873566,0.6678367817197135,0.299002676343115,0.6676066373684342,-0.3357080394877573,0.2136583536902826,1.4627175475228102,-0.9275591680948052,0.6210488161659167,-0.08576005755820926,-0.4914206069155262,1.3979208031972914,-0.6717818596268814,1.4404727613046726,0.22756559897631135,-0.2863830318077434,-0.47244612755542503,-1.3979208031972914,0.49142060691552547,0.1317027369921738,1.2415090048625523,-0.2185033188462471,-0.6512357844370638,-0.3918111018575571,0.16404522527173035,-0.9541866793037505,-0.8730858650989243,-0.23228628620644656,-0.8314172830871166,0.7310941790521709,-1.1991027410310207,-0.9182541097615345,-0.9561771212256767,-1.238494455284687,-1.1948939252628807,-0.7656567202776299,-0.9511296417938885,1
-0.6633027272718879,-0.9008383962538722,-0.8790386569529866,-0.13478617003801185,1,0,0,0,1,0,-0.356733435603381,-0.3344167614024072,0.047655457083711085,-0.4806215671905893,0.400184939007176,0.11424463809647085,0.6796614566434346,0.4230102793438896,0.31876802159990303,0.38343829944145824,0.18158916515840481,0.26655840407470793,0.3297605225716782,-0.40952745036734267,0.22170443852238655,2.0329885832381023,-0.4978022685348442,-0.17777679004589184,0.8111642712127044,-0.440948977121442,-1.3542808033492872,-0.3584962441536461,1.6071909011637397,-1.0116126133193575,-0.40963924224577075,0.440948977121442,-0.8111642712127051,-0.48105256270404034,0.04072103005925432,-0.45504116317834126,0.6020527635450756,0.3591932285025509,-1.8207693845322692,0.4323198869208419,0.06817301183707392,-0.9144083514851348,-1.3310251429018278,-0.5588081172337243,-0.7794347861583975,0.08014878545804377,-0.33002188519637315,-1.4605567119022886,-0.20711139779498602,-0.4316415915936655,-1.136704559054746,1
-1.1259074497021662,0.28447883843337485,1.7280720791585935,-1.6014324776621007,1,0,0,0,1,0,-0.4576849316364408,-0.23324061976819627,0.43145089960505906,-0.5604752193710071,0.7877978944230457,0.2537687589685303,2.8127202049550477,1.2438634402655686,-0.8523297953061293,3.3050279936042095,2.7722965760969007,1.2782349641955453,-2.6039816298057836,2.6148029967416027,1.9764142071022521,0.1592404409567121,2.1405182126380122,1.9205675561074682,1.2994551316290601,0.45457625868389784,-1.298475569131194,0.27268675771680273,1.3251846694725578,-2.3423783782560537,-1.7290609144299336,-0.45457625868389784,-1.2994551316290608,2.52701890853192,1.9169522406894068,0.15449866644666885,0.21443774870523882,1.0931292786272029,0.19555021907814235,-1.0357458890816678,-1.5375038958772762,0.139780294854656,-1.2477571662660425,0.12408133374116129,-0.350643614875499,0.35244048415429274,-0.6515610604546642,-1.175048096251087,0.9453015509175579,1.3497724280541432,-0.7036964187794109,1
0.18480593051695732,-1.2615871198543382,0.5693561964423357,-0.13478617003801185,1,0,0,1,0,0,0.16064298156605036,-0.5175804660850305,0.009275912831576286,-0.46384072723963193,-0.11000215031476643,-0.039589649018876745,1.0723681926066722,-0.45020028683434926,1.2123425525565057,0.6499630717057623,7.900820355144206e-4,-0.3852335751119142,0.3833527085070609,1.6834887458425412,0.6525667176099184,-0.1743668296584756,0.45994200544350916,-0.2829953492893401,0.9477123177844309,-1.4653421880752575,0.19096804274726767,1.2716410345859495,-1.832534730994488,-0.4219875583967409,-0.27731702334686154,1.4653421880752575,-0.9477123177844317,1.357213336384602,0.41596727218528484,-0.45504116317834126,-0.4703487775118068,-0.27233314020935756,-0.7495995951142377,1.166352774922097,0.7325910426154264,-0.728375060954584,0.08453045990652028,1.0346006017076752,-0.3050275328241268,-1.164613265724808,-1.2269469530221315,1.3628062650929278,0.8629863402952329,0.18071947766026855,-0.8892713360402683,0
-0.4063001036995106,1.0059762856343069,0.5693561964423357,0.5985369837740325,1,0,0,1,0,0,-0.6091121756860305,-0.05531016379079078,-0.09306953850744984,-0.41697010530764755,0.7812478189133183,0.27970593528449006,-0.663040054663502,-1.664457354115453,1.8637926190267742,-1.7017457481209484,-0.7821741076770585,-0.5703451648664642,1.043069336353966,-0.8056749056860194,-1.0059037090832232,1.6049226385456365,-1.513534131524305,-0.7836366291490485,-0.5972369986170187,-0.18555039652161812,0.11695246341048933,1.2768277003916064,-0.9350744740427918,0.7981541819355628,0.25179600184160217,0.18555039652161812,0.5972369986170181,-0.8709877534198129,-1.0850176963188372,-0.7370670544973751,0.12399424524260985,-0.4942207832702994,-1.3796994712424915,0.02452383803125581,0.34501385799472056,-0.6043528672675491,0.05677446769459199,1.1104772073715516,-0.15905607025973648,-0.6070635969658218,-0.2792525417345383,0.41111087958892223,-0.6186874509066087,-0.7656567202776299,-0.20882997275045564,1
-0.5862019402001745,-0.7977673323680251,0.5693561964423357,-0.8681093238500562,0,1,0,1,0,0,-0.1295925695289965,-0.4123340199023168,-0.7966945164632545,0.5956667882846075,-1.6016408309977979,-0.7774575959384219,-0.6841569463593833,-1.0795458615685936,1.905243314536783,-0.8314424127835286,0.18656309855988723,-0.18745834140052373,-0.26504804484324296,0.049054165796774817,-0.6614926004465468,0.7868333439170881,0.8354644112369514,1.012917823818905,1.0387885820834852,-1.2859286878517078,1.0003512326159096,0.8190418085889811,-1.8138398082823768,1.9516572682662294,0.7463759412662014,1.2859286878517078,-1.038788582083486,-0.45320004908148526,-1.0850176963188372,-1.919756276157842,-1.3231018101594472,-0.9892009100985523,-1.6632444155002057,-0.709509049969999,-1.149926711256571,-1.7825637072943747,0.5008703430854462,0.27583454506891375,-1.1261170097488256,-1.7480954772167696,-1.0746389226366257,0.15732544345452057,-0.04248097655033679,-0.5986491559356475,-1.198562864808365,0
-0.8432045637725518,-0.6689285025107157,-1.168717627632051,-0.8681093238500562,1,0,0,1,0,0,-0.14221150653312897,-0.40768224327545655,-0.3745195296897717,-0.33017265728545425,-0.25469599729469494,-0.05837174221319244,-0.5144867742339297,-0.0893879454683642,-0.583724109607372,-0.4335084437429579,-0.5819803400407375,-1.7317267115500345,-0.5110403136235607,-1.028733343844216,0.004059382129554459,1.1777553035901858,-0.9260796123866225,-0.6581223865920693,-1.2173253467419909,-1.154540235155578,-0.3124918524048935,0.1267543603184139,1.9815009105263601,-0.3326427512412221,0.11407452772328228,1.154540235155578,1.2173253467419902,-1.038102835155144,-0.18442671521636386,-0.5642124759469986,0.08523274375862654,-0.2894014204448148,-1.2851844898232538,-1.0357458890816678,-0.6516131881728072,-0.6663639641110671,-0.38732140769626244,-0.02767187758659086,-0.41450612974742024,0.6117659114840535,0.43151826673115745,-1.6191726094862895,0.36909507656128593,-0.15329565102369538,-0.8892713360402683,0
-1.1259074497021662,-0.35971531085317227,1.7280720791585935,-0.13478617003801185,1,0,0,1,0,0,-0.4576849316364408,-0.23324061976819627,-0.6559695208720935,-0.03795458227740351,-0.42509869784254545,-0.15004624470925715,1.4365328860231028,1.1159209774422472,0.0807012117924808,0.8125743046498625,1.178819297601399,-0.2978305866485209,-1.5595646426050986,2.67612033235621,1.5555540236734122,0.05118919175811922,2.015690691692747,1.879519585971717,1.465333844976243,-1.8595056647958936,0.6764139572234179,0.02668331029504661,-0.05888105897684282,0.900988922833648,0.30246223620299073,1.8595056647958936,-1.4653338449762439,2.52701890853192,1.4666567501381707,0.05442496307539909,0.07231224326396513,0.8883099158017184,0.29006520049738066,-0.8726274695258333,-1.4267675574142176,0.015758101167622184,0.41760236644966076,-0.17942508891434333,-0.6060936743631827,-0.5422322401333817,-0.1777138548108673,-0.7309235830158842,0.8629863402952329,0.013711913318286572,-1.0748462533011267,0
-0.8432045637725518,-1.2615871198543382,-0.4445202009343899,-0.13478617003801185,0,1,0,1,0,0,-0.29363875058271866,-0.3565127003799935,0.009275912831576286,-0.46384072723963193,0.2903934408752114,0.08428272752458629,-0.3488860071521488,-1.1951362765865674,1.3727140501474024,0.7378750506311172,0.07259861589120371,-1.4255085515825756,-0.5681114671574266,-0.5852166375316172,-0.659654350092108,-0.25358969181621904,0.46928029755866,-0.15543079504482074,-0.5860329100839196,-1.3630033399023458,-0.09960708305214386,0.9795347996223722,-2.131379276923047,-0.5314912797075187,-0.24612967545756648,1.3630033399023458,0.5860329100839188,-0.7317251853070371,-0.8598699510432187,-1.0008977270216337,-0.9613277963089331,-0.7502449868021539,-0.9386295579527137,-0.709509049969999,-0.5408768497097485,-0.8523972546416179,0.0012624832707351544,1.1104772073715516,0.44307621281837667,-0.7885913960966542,-0.9223308922511192,2.4413943686641333,1.1099319721622063,0.45906541823023866,-0.2706882785040748,0
-0.7918040390580765,-0.41125084279609675,-0.8790386569529866,0.5985369837740325,1,0,0,1,0,0,-0.7731583567397526,0.5959385639696475,-0.630383158037337,-0.05242082361443573,0.8319095143069667,0.49883035588483976,1.1910834755105562,0.9718702961429198,-2.2329971729670115,2.318694043610213,1.249623581072682,2.2088352428506677,-0.3212054097950569,0.9928113604067095,0.6455034015593031,-1.5875292961592464,1.8941231186829233,1.057247610254259,1.815869993936328,1.2116300738185948,-0.6642251535050757,-0.6872713443072083,1.4572680993956475,-1.2542260021739138,-0.5923753420519856,-1.2116300738185954,-1.815869993936329,0.4102278732177254,0.04072103005925432,-1.364802102917162,-1.8270013294512357,-1.1940202729240363,0.038025250046078915,-0.22015379130249568,-0.9284540343304539,-1.4725082230767892,-0.7759052986632599,-0.8623145398892288,-0.8980365994919648,-0.10137901367278856,-0.5838686025055501,-1.397110352868688,-0.6186874509066087,-0.09762646290970158,-0.5181215015185524,1
-0.6633027272718879,-0.7977673323680251,-0.8790386569529866,-0.8681093238500562,1,0,0,1,0,0,-0.356733435603381,-0.3344167614024072,-0.7966945164632545,0.5956667882846075,-1.3463836394874016,-0.7175337747946529,-1.0374003767148854,-0.5546868965597874,2.5710453658243644,-1.5652945773543858,-0.8656777676573486,-1.1748249986914456,-0.19668946955950822,-0.40056525980386176,0.26666398068804187,1.6751511929429386,-0.3331552424536157,-0.03569136989105592,0.3422533759207262,-1.9417639089371364,1.0422903890676927,1.028463295183325,-1.8313397476690456,1.7842609541213397,1.0905778194213505,1.9417639089371364,-0.3422533759207269,-0.45320004908148526,0.11577027848446049,-0.3549674598070702,0.5245297605771081,0.3591932285025509,-1.4742144526617298,-0.30171300108041293,-0.4855086804782194,-0.6043528672675491,0.3343343898138759,0.19995793940503753,-1.6552635615447422,-2.1370836182114106,-1.531563013793144,0.062155904904119784,-0.04248097655033679,-0.8213259083916238,-1.7552876165909395,0
0.004904094016293398,-1.235819353882877,-0.4445202009343899,-0.13478617003801185,1,0,0,1,0,0,-0.16744938054139394,-0.40128605041352367,-0.054689994255315046,-0.4291217480307546,0.10247849915383699,0.023017328295508902,-0.3665970316689945,0.24600279015805895,1.6348900612399266,-0.18566813431054882,-0.24724577391918612,-1.138399830974251,-0.00432789590654959,-0.5433099848079448,1.0541233841927111,0.4794091845412236,-1.0631361996264483,-0.9516514835368439,-0.37315522795503414,-1.1825507815298206,-0.033106838696864004,0.7183511159389977,-1.753189486437813,-0.8033619857471652,-0.6076708345466593,1.1825507815298206,0.3731552279550334,-0.6481676444393714,0.641115017460903,-0.7279694450999874,-0.39282577454383927,-0.767313267037611,-1.0016395455655394,-0.05703537174666111,0.12354118106860354,-1.2244638357027204,0.08453045990652028,0.8828473903799233,0.5160619441005718,-0.5292659687668935,-0.7869459763528921,1.9655466759121307,1.1922471827845313,0.6260729825722207,-0.3944048900113141,0
1.341317736592655,1.9593836265783975,-1.168717627632051,1.7718540298733036,1,0,0,1,0,0,-0.40720918361991093,-0.28382869058530175,0.36748499251816774,-0.5512168249153065,0.6719835944374405,0.20770791137294656,-1.0619854229355514,-1.2999506459411645,-1.5945552616096075,-0.6260004823459383,-0.5396274158038841,0.4206455918938063,1.172761368765044,-0.9196222622491173,-1.5503904190150413,-1.548592390657103,-0.6769433889459193,-0.3857454379347021,0.8111642712127044,-0.23079243079930178,0.5578408533227159,0.23107597090989032,0.6236244536082409,0.17444078883573808,0.32493672843256916,0.2307924307993025,-0.8111642712127051,-1.038102835155144,-1.6103624352952797,-1.264728399545891,-1.7365578259886068,-1.8426149218714025,0.3215701943037938,0.4323198869208419,0.06817301183707392,-1.5965304167638241,0.8339422496285867,0.5793409677244183,1.0269620630759395,1.234146937075479,1.243827762120523,0.28421816152172197,0.12214944469431245,0.013711913318286572,1.1520527538291696,1
-0.27779879191332196,0.5421564981479937,1.0038746524609323,-0.8681093238500562,1,0,0,1,0,0,-0.5207796166571032,-0.15706777750335926,0.08603500133584588,-0.4962451078345841,0.7030553304897178,0.2627126128705854,2.0619669800113143,0.566588459556475,-1.1253361398872597,2.135053537388642,1.2421223972390476,1.9216474924427491,-0.711283778210891,1.8242991594731575,-0.02732885982832374,-1.0595435743325505,1.6779221056055644,1.0268200645353154,1.233103646290187,1.3979208031972914,-1.0443970544631418,-0.8050378938096969,0.47363309199829073,-1.220520749426502,-0.6123300118438629,-1.3979208031972914,-1.2331036462901876,1.8028535543454847,0.04072103005925432,0.21818193222838655,-0.37990527404917784,0.2738518273252659,0.9831750642384596,-0.30171300108041293,-0.8177176958673952,0.2638024885416898,-0.9979532363586869,-0.7864379342253526,-0.14080963743918734,0.11904759955750843,-0.38079122865820925,-0.1916295312302808,-0.6186874509066087,0.013711913318286572,-0.023255055489598248,0
-0.12359721776989524,1.289421711320388,-1.6032360836506476,-0.13478617003801185,1,0,0,1,0,0,-0.10435469552073157,-0.41524138029410446,0.2267599969270068,-0.5309640870434614,0.24029898132661107,0.0909906179511276,-1.177225165458417,-0.001342925908488043,0.9251643956295069,-0.38370139830519134,-0.2720069933037972,0.09987175527979068,0.5584461320849005,-1.1457579764121462,0.5928019498655188,0.3200757674633403,0.0076632986942281375,-0.20884629016988726,-0.4481121582821066,0.5806453452778549,0.49213237943127874,0.5956991878942016,-0.9430854437049367,0.5259546305659438,0.14972465938105126,-0.5806453452778549,0.4481121582821059,-1.0938078624002545,0.491016520610491,-0.13662483426975403,0.046471242274642305,0.0519641842643253,-0.5920746260821743,-0.13859458152457876,0.06817301183707392,0.015758101167622184,0.5841383197212315,0.7310941790521709,0.44307621281837667,-0.1402778277722523,0.0761328624983096,0.9821281108913258,-0.6186874509066087,-0.4316415915936655,0.5953280020465953,1
-1.485711122703495,-1.3904259497116478,0.27967722576327125,-0.13478617003801185,0,1,0,1,0,0,-0.38197130961164594,-0.29603960423080994,-0.2210013526812325,-0.38109382679180764,0.20494674704970858,0.06684221241557886,-0.0027878914456871246,-0.19259125938361432,0.6694718475363762,-0.33338536141916786,0.07569044686930264,0.3951214509167321,0.0533770688370075,-0.47060173759008056,0.5045528523233778,0.9734892728636605,-1.0959329396903859,-0.2570001758291941,0.41113096936191074,0.13114384342216406,-0.46634308034884353,0.7697875188922084,0.06307239325852453,-0.6363262278803473,-0.3493119386145617,-0.13114384342216406,-0.4111309693619114,-0.3974950218363748,0.5660657690356972,0.2636699792153276,0.7441782689863493,0.22264698661889537,-0.08799472517957138,0.5138790966987595,0.34501385799472056,-0.17027518936292965,-0.47058938433204756,0.6552175733882943,-0.14080963743918734,-0.08841274230630035,-0.33002188519637315,-0.033013633646279864,0.2044646553166367,0.29205785388825667,-0.1469716669968365,1
0.9815140635913272,1.2121184134060021,-0.8790386569529866,-0.8681093238500562,1,0,0,1,0,0,0.3246891626197725,-0.551887318708125,-0.16982862701171944,-0.39671736743580244,-0.3620330281733111,-0.1178483706618588,-0.10735066133342668,-0.19547815528400464,-0.8244274306268747,0.2663155427737372,0.30386884138810394,0.9548182922236909,0.025104131012959958,-1.310336303957423,-0.347623747267756,0.15751445836264272,-0.8213913239209836,-0.6800753477620245,0.2792118624399347,1.0253393444399002,-1.1599988879035643,-0.0799419360196566,1.2853067561673541,-1.174252693347575,-1.0590055872378785,-1.0253393444399008,-0.2792118624399354,-1.1216603760228097,0.04072103005925432,1.3007974505175837,1.1963957862994923,0.7517636739180628,0.6996301199807459,1.3294711944779316,1.2862727349307197,0.9459245538203791,-1.2200011740541141,-0.482931511569848,-1.272088472313216,-0.5292659687668935,-0.9223308922511192,-1.9364044046542914,-0.5363722402842841,-0.09762646290970158,-1.3841377820692236,0
-0.2006980048416086,0.7482986259196881,-0.15484123025532542,0.5985369837740325,1,0,0,1,0,0,0.03445361152472564,-0.4739700602082154,-0.5280377066983108,-0.15657776124106768,-0.653785042810673,-0.24350951798573287,0.6290943029553532,0.5057252669103203,-0.6296910811004776,0.608202053013451,0.04196826948026017,-0.3163880956710225,-0.2817023141995339,0.18075332202198904,0.02312435298508834,0.1673774538144372,0.3089283522565699,-0.2093177164701596,-0.7497849732599842,0.312111980532898,-0.6941643524997728,-0.6709583308087609,1.0290070019038406,-0.5153136698034024,-0.25891881550619666,-0.31211198053289735,0.7497849732599834,0.24311279148239442,0.11577027848446049,0.30006041680488094,0.3436427536518511,0.4616029099152932,-0.40304466324369825,-0.5463906304141645,-0.26403600355210183,0.2638024885416898,-0.6093693453916895,-0.5588081172337243,0.2879815338437111,0.7932937106148858,0.5161338391675497,-0.6040308649486834,-0.12479618717266176,0.013711913318286572,0.038603250264021984,0
-1.4343105979890196,-0.6173929705677911,0.5693561964423357,-0.4281154315628296,1,0,0,1,0,0,-0.36935237260751347,-0.32336879191361406,0.46983044385719386,-0.5697336138267077,0.6690116834868616,0.1916089743492474,-0.7596999655051649,-2.322548460430491,1.3799440378339995,-1.093068714712858,0.6199791323325905,0.9926299955023963,0.15735719229852152,-1.0336196988626802,-1.5022287927480622,0.44956143650208236,-2.3119693175492784,-1.0147963399825393,-0.4291756706205303,1.779480128430764,0.023600670848395143,1.682870823380145,-1.4346638399730587,-0.8158438845606388,-1.7967543480206796,-1.779480128430764,0.4291756706205296,-0.8988402670423681,-1.3101654415944555,0.6275743551108558,0.7829397704703327,-0.2894014204448148,0.8571550890128092,1.0032343553662626,1.397009073393778,0.139780294854656,-0.16527347000083534,1.1863538130354276,-0.7064490548762022,-1.268343436656712,-1.4469474413567518,-0.44541496736468245,-0.28942660841731066,0.7374113588002092,-0.5799798072721716,1
2.0095245578808356,-1.2100515879114147,-0.8790386569529866,-0.4281154315628296,1,0,0,1,0,0,-0.7479204827314877,0.5436060769174694,-0.2593808969333673,-0.3706781330291445,1.2422160410794842,0.7045389956321069,0.6000606875510971,0.026701090740808342,0.18590467202675304,0.6873983041113603,0.8951277942143991,0.6787454493402705,-0.6228129105769424,0.6520976706174929,-0.22418942684308577,0.2351106967958782,0.37429421487180436,1.2618979025197328,-0.03566621970192337,0.9611011618955224,-0.18283068408801795,-0.261236131312876,-0.01787433821325353,-0.5574870252775794,0.06828772108688547,-0.9611011618955224,0.035666219701922665,0.1317027369921738,-0.6347222057676005,-1.4193877593014905,-1.1034533017502068,-0.9209277891567239,-0.43454965705011084,-1.4435419379712537,-1.592872065108806,-1.0384305451721696,-0.3595654154843339,-0.482931511569848,-0.7976812189789466,-0.6848612251647502,-0.8377153198147269,-0.12818317219668063,-0.9479482933959068,-0.6543183440496418,-0.5181215015185524,1
-1.8455147957048228,0.38754990231922204,0.5693561964423357,0.5985369837740325,1,0,0,1,0,0,1.4225366819792977,-0.6885332571221455,-0.8094876978806327,0.7779414291312134,-2.513471647814926,-1.130739825069598,-0.7517463163605632,2.3546874993708213,0.2866658628940714,-0.7287277779313798,-1.6674031239577591,-1.273543172142751,0.8791526825735528,-0.621537092305525,2.4542488050842524,0.1730966702895584,-0.5907150427699628,-1.318629707685532,-1.4375436385994584,-0.31122271395962636,0.42428901315020245,-0.7732699137258516,-0.2179363776776876,0.3987212897791689,0.8803204647144066,0.31122271395962636,1.4375436385994576,-0.7131568428920001,1.8168865761224657,-0.7219043721683943,-0.5306444464868918,-0.71610842633123994,-1.4007028004467665,-0.49201782389555315,0.1973654067106424,-0.6870343297255728,0.5008703430854462,-0.6346847228976005,0.38833691435672935,0.20981149912292413,0.36382580878204385,1.0772976494417266,-0.20711139779498602,-0.3759724034796717,0.47161139053935697,0
-0.7404035143436003,-1.5708003115118816,-2.617112481027373,1.478524768348486,1,0,0,1,0,0,0.4256406586528323,-0.5611908719618456,-0.4896581624461761,-0.191296740449945,-0.8261643887198769,-0.2837568605449808,-1.592493865478661,0.1895885225543287,-0.12932190885351785,-0.9714064949211766,-1.2581210728702277,-0.48756885547479856,1.4152378863606667,-1.7603296016627539,-0.14946815628339014,0.13509521082817458,-1.8441732827343116,-1.5684806763248456,-1.0618771407249559,0.38817105265189955,0.4555008888965903,-0.4099501148336048,0.312545040062202,-0.5163431540700296,0.10430291198610502,-0.38817105265189955,1.0618771407249543,-1.6508581348513582,-0.10937746679115769,0.10901061945972781,0.1627557467265941,-0.596630464683041,-0.18250970659880966,0.18764225758709038,0.8433273810784847,-0.17027518936292965,1.1392581639597994,0.27583454506891375,2.38632130820683,2.232549832295058,1.8192136546879905,1.9655466759121307,-0.20711139779498602,-0.04195727479570725,2.3273605631479377,1
1.0072143259485644,-0.6173929705677911,0.27967722576327125,-0.13478617003801185,1,0,0,1,0,0,0.6527815247272168,-0.5995680291334429,-0.31055362260288033,-0.3388524020876736,-0.6758205692946823,-0.19923744117056014,-0.8426282564463559,1.7386373969744242,0.3552704552481981,-1.2430048904339073,-1.4697600189855091,0.21153902454787704,1.5528643327848113,-0.3406186236750831,1.8025200914839234,-0.06441754615403052,-1.0708074410916908,-1.578731956943623,-0.9766744298668201,1.2571678076667228,0.8313529870454016,-0.5806093329712065,-0.5504000354353212,0.6174250863748161,0.3694355268831991,-1.257167807666722,0.9766744298668193,-0.11896988561082296,2.2171492343902317,1.0005763404037717,0.8087807714596554,0.2909201075607231,-0.05648973137315825,0.758556726032511,1.5077454118568363,0.5738579727592754,0.22331042096616224,-0.9381911455531051,-1.5366617482111748,-1.5276688639864726,-1.2438700675094103,-0.7626467625326843,-1.6064699783745033,-1.378017789531564,-1.2604211705619852,1
0.3904080293748593,0.3617821363477598,-1.168717627632051,-1.6014324776621007,1,0,0,1,0,0,1.1449200678883833,-0.6606225973609839,1.7107690413428855,-0.6970365375925912,0.15133338748700367,0.030619604112255734,-1.9053830386161632,0.2294438950049674,-0.26461836870569755,-1.736041075797093,-1.6231673109801505,-0.44848885881329803,1.6391565643635113,-1.0547521402245856,-0.14407654526241295,-0.03376857435897283,-1.600420053475914,-1.5488065013999186,0.3961552074612323,-1.004587223962434,1.59558558661465,-0.4592516667400228,0.327808014186645,0.7583303641732106,0.5980889025674972,1.004587223962434,-0.396155207461233,-0.9545452942874786,-0.03432821836595151,0.33645085439443295,0.26611975068388355,-0.40887938209301433,-0.05648973137315825,1.8188264531454346,1.7292180887829538,-0.6043528672675491,0.8894542340524437,-0.7864379342253526,-1.308581337954314,-0.9701191952274875,-0.6515610604546642,-1.175048096251087,-0.20711139779498602,-0.6543183440496418,-1.3841377820692236,1
-0.3291993166277972,-0.87507063028241,-0.15484123025532542,1.7718540298733036,1,0,0,1,0,0,-0.6469689866984278,-0.029143920264701743,0.23955317834438508,-0.5355932842713117,1.138247511495126,0.39150410906017874,0.5696161925355361,0.6896806885980239,-0.8997773960107666,1.3336291281387558,0.2896711961678467,0.2104471052816886,0.1866336035200735,0.8272150577235203,0.12893660026464404,-0.052838985577974486,1.3067694150795357,0.49102775340117255,1.4008254564523381,-1.1022968805694087,0.03447835718340965,-0.8174425336519608,1.1769277583343947,-0.5058767306926683,0.10280628845434185,1.1022968805694087,-1.4008254564523388,0.6887530094432773,0.04072103005925432,-0.2185033188462471,-0.21193876761858224,0.3079883877961804,-0.5920746260821743,0.758556726032511,0.12354118106860354,-0.4803306735805153,0.16779843654230542,-0.6346847228976005,0.5799244589724931,1.143383037510063,0.8376730144258402,-0.1916295312302808,0.8629863402952329,0.3477270420022505,0.40975308478573785,1
-1.5628119097752085,-0.2051087150244015,-0.15484123025532542,-1.6014324776621007,1,0,0,1,0,0,0.19849979257844777,-0.5332802122006839,-0.7327286093763631,0.32080820288099543,-1.3964034263392555,-0.6580571463459864,-0.3192829277851186,-0.5414886521325175,0.9679503767146492,0.4392094466518964,0.8418297211822576,-1.5142753030735445,-1.824799043326011,-1.5893327574978484,-0.4165438338188941,2.4972361572048003,-0.5449075779797375,0.49806690169211093,-2.018119135314598,-0.06374491962016399,-1.1440718814617588,0.3259256999964738,1.1862609139554257,-1.133664653647906,-0.608154478313862,0.06374491962016399,2.0181191353145973,-1.5023113955310639,-0.43459087663371765,-0.16088512599612248,1.1274864503279651,0.8200367948598906,-1.4007028004467665,-2.123202019453897,-1.8328007984454329,-0.2736270174354578,-1.0812212129944723,0.27583454506891375,-0.06782390615699217,0.5469345546516133,0.025363519036474696,-0.794369942049485,0.4514102871836102,0.45906541823023866,-0.332546584257695,0
1.135715637734753,0.6452275620338409,1.0038746524609323,0.5985369837740325,0,1,0,1,0,0,0.31207022561564,-0.5501429024730524,-0.06748317567269331,-0.42622849976334815,-0.26389745857357183,-0.09369996512631006,0.30764608808802146,2.4289521066427247,0.8343266017760101,-0.23842697128040016,-0.6606784664273361,-1.2055238641845303,0.49996873128750796,1.4553834759873197,2.359104370745583,0.031206539449504512,1.1149484959072098,0.9194196083273574,0.5641420291796073,-2.2036999647908173,1.02641264652358,-0.9705140235204609,-1.1091928521348555,1.4276632991402094,1.7565486607462453,2.2036999647908178,-0.564142029179608,1.6914434998552643,2.667444724941468,0.7822337148664557,0.6795757665130432,1.1443341193335734,0.5736101447550955,0.10608304780917345,-0.1532996650890431,0.8839134569768611,1.0282341951120857,-0.8623145398892288,0.22411901897178985,-0.39960325510201306,0.1607484349347019,1.9655466759121307,-0.20711139779498602,-1.0440026608476,0.40975308478573785,0
0.15910566815972013,-1.0039094601397194,-0.4445202009343899,0.5985369837740325,1,0,0,1,0,0,-0.5838743016777656,-0.09892056966760585,0.7256940722047591,-0.6032952937286225,1.1897591452346847,0.39016253097487047,-0.09792082111900746,-0.9921496551960101,-0.25003423817143655,1.238181646007195,1.3877607700230254,0.4640086066624443,-1.3655026002516097,0.5912683223854919,0.001837058305364173,-0.42227091863214705,1.4525360821687159,1.265453800423131,0.5873904109192033,0.05028573960672956,0.7269496264485094,1.3635968630388775,-0.0825363697962442,-0.2323936082244389,-0.5686876324363475,-0.05028573960672956,-0.587390410919204,0.2152602778598393,-0.3345252120667762,-1.019092945816409,-1.051771299771562,-0.5112890635057554,-0.24551969421163483,-1.2804235184154193,-1.592872065108806,-0.9764194483286528,1.2780381250194413,2.1727496866658176,1.811558674359541,1.4805060930387524,1.2776739910950803,0.886958572340925,1.1922471827845313,1.3497724280541432,1.4613442825972665,1
-0.9717058755587404,-1.0554449920826439,0.27967722576327125,-1.6014324776621007,1,0,0,1,0,0,-0.48292280564470574,-0.1745119398540853,-0.15703544559434116,-0.39729601708928375,0.4331218087630434,0.1728268811549317,2.0994197911257575,1.0888365019220452,-1.1245991787652563,2.193315209497773,1.2364926282131088,2.0583544755751833,-0.8598778240839111,1.4654033040416918,1.508478054559198,-1.2100804470885287,1.3278823701469902,-0.020505663134386454,1.1169885469471594,1.6995343650485126,-1.455080610026532,0.016697930510400315,0.32135060205707466,-1.6463219194521876,-1.6275207640438147,-1.6995343650485126,-1.1169885469471603,1.106540713781605,1.0914105080121401,-0.5915053041391644,-1.077612300760884,-0.5795621844475838,-0.24551969421163483,-0.05703537174666111,-0.5408768497097485,-0.8523972546416179,-1.3865371273256843,-0.1035484832504671,-0.350643614875499,-0.1402778277722523,-0.7700228618656133,-0.857816301083085,-0.20711139779498602,0.793080546914203,-0.332546584257695,1
0.8787130141623758,-0.2566442469673251,-0.15484123025532542,3.2385003374973924,1,0,0,1,0,0,-0.7605394197356201,0.5668649600517709,-0.19541498984647596,-0.3903522212475083,1.4102391768590359,0.7376312550697107,-2.4918641029421957,-0.6669020422932194,-0.5151013209716176,-1.2833701960111246,-0.3682208569559623,-1.2793875482081642,-0.1637096993448078,-0.46101341027411,0.5914011705394528,-0.4283196021792974,0.3479582978872835,0.6973940497790281,0.4407888507730546,-2.182101039645461,3.0043585262485073,1.5077966923736843,0.2737408685593729,2.0787798305402636,1.1595747008859176,2.182101039645461,-0.4407888507730553,-0.5367575899491508,0.340918023760079,-0.50962681956267,-0.6383152839424023,-0.47715250303484213,0.3845801819166189,-0.7910682597479163,-1.0391903727935126,-0.4183195767369984,4.164661315059994,2.5521327149851984,2.2221034128218906,2.063988304530714,3.03767789777204,0.664896315723324,0.9453015509175579,-0.04195727479570725,1.5232025883508855,1
-0.9974061379159777,0.6709953280053031,-0.8790386569529866,-0.13478617003801185,1,0,0,1,0,0,-0.7226826087232228,0.3400908494923325,0.07324181991846762,-0.4910372609532525,1.3666287196620188,0.6410376329275157,0.009843880711606995,0.31145179187657157,0.4452905771831221,0.44576460013833624,0.5974287086216081,0.28699528067064556,-0.471774162996586,-0.5050195393735266,0.6834344629773831,0.17275280864004083,-0.07659804990285594,0.30408233325557066,0.3735052989149339,0.020989325180847843,-0.51829772903442,0.25717228334065756,-0.43512722386607877,-0.6781525315389951,-0.4798093672552552,-0.020989325180847843,-0.37350529891493456,-0.5089050763265954,0.5660657690356972,-0.1548200530645294,-0.04397226118798574,-0.06751377738387422,0.06953024385249205,0.02452383803125581,-0.1532996650890431,-0.10826409251941274,-0.5322693670252218,0.15780426959177313,-0.21886382228264625,-0.40392534555750975,-0.6289969078049598,0.23487099338447628,0.34165667302051117,0.3848398340782469,-0.2500688432528684,1
-0.5348014154856993,-0.07626988516709207,-0.8790386569529866,-1.6014324776621007,1,0,0,1,0,0,0.5644489656982895,-0.5908459479580798,-0.6943490651242283,0.14721330683660885,-1.4230285581847182,-0.5681714146303327,-1.0126818741445003,-0.021872173995456618,1.5935140964910899,-1.4863489273427999,-0.8855277582080003,-0.9807486504336983,0.059587681316556715,-0.895435076673849,-0.8290310684697854,0.44368949619022413,-0.6859456053389268,-0.4148734835135145,-1.301664267027829,-0.04664941409013511,0.5134506193852021,-0.8004848799350083,-1.7325219985222715,1.3277895892970275,0.7461862471672805,0.04664941409013511,1.3016642670278282,-0.48105256270404034,-0.18442671521636386,2.6442111048652435,2.548741504740701,2.043263545067642,1.487254965141063,-0.22015379130249568,0.47420625286828905,2.930279652812927,0.41760236644966076,-0.7864379342253526,-0.15905607025973648,-1.0090180093269512,-0.4992530300691578,1.2993599060593275,-0.6186874509066087,-0.7099875321636356,0.16231986177126023,0
-1.0488066626304537,-0.7462318004251005,-0.8790386569529866,0.3052077222492148,1,0,0,1,0,0,0.07231042253712305,-0.48792539008879626,0.57217589519622,-0.5911436510055155,0.27954843187139944,0.08159957135396977,0.16911550449191307,1.2377033472500372,-1.4659266898310963,1.021906749199687,-0.4639757529162046,-1.13086985008803,-0.17617003851584884,-0.12803695257404674,1.3240851642168863,-1.4351463485164253,0.7533389713392675,-0.4016053615274102,-1.8495649588489131,0.2920044097428146,-0.3630922401224306,-0.3723472362609128,0.5617872185611387,-0.633532061843315,0.21110173306077296,-0.2920044097428146,1.8495649588489116,-0.11896988561082296,1.2415090048625523,0.03622974428062242,-0.7158382869103699,-0.40887938209301433,0.4475901695294441,-1.1173050988595852,-0.4301405112466897,0.20179139169817292,-0.44283339212011924,-0.482931511569848,-0.4692454282090663,-0.127311556405765,-0.36386811417093057,-0.15990635171348128,-0.4540570296619595,-0.3759724034796717,-0.20882997275045564,1
-0.9203053508442651,-0.2566442469673251,0.27967722576327125,-0.13478617003801185,0,1,0,1,0,0,-0.43244705762817587,-0.25882539121592774,2.363221293629177,-0.7271263195736183,1.3471821071173957,0.36288377657360243,1.3152067582003666,-1.3153099758133815,-0.9821170546984433,2.0964114721967158,1.8348156392249957,1.500602483610552,-1.0693932976182257,0.9374690694959681,0.35432534234557167,-0.9620602021553113,1.4579280922987827,0.8573792089850295,1.5099934985697145,0.5490496445850913,-0.8921189645806639,2.1602595697976614,0.3758091924549758,-1.3864601100900844,-1.5482862706073053,-0.5490496445850913,-1.5099934985697152,0.438080386840281,-0.10937746679115769,-1.1737523055720087,-1.4135453136220761,-0.8867912286858101,-0.24551969421163483,-0.38327221085833024,-0.983822203561983,-1.1624527388592034,-0.6648813298155464,2.7797625319768278,1.2824121225636245,1.3119445652744073,0.5669031826293847,-0.033013633646279864,1.0276167615398821,1.5167799923961247,0.9664778365683122,1
-1.460010860346257,-1.0039094601397194,-1.168717627632051,-0.13478617003801185,1,0,0,1,0,0,0.4130217216486998,-0.5588649836484154,0.09882818275322415,-0.4985597064485092,-0.19405860675457465,-0.04450876866500705,0.3757709793180404,-0.9236555960334285,-1.3858013235931173,-0.4026340213324241,-0.35913715615347275,1.4365505678672805,1.3701568007283542,-0.07442671020982491,0.19920080356367498,-1.9912722213190313,-0.27862039571859276,-0.6406490931295986,1.1921218465220598,0.7769517052683067,-0.5968849859200804,1.4673012846800164,-0.10659971089373926,0.26765737204035167,-0.1585732551246215,-0.7769517052683067,-1.1921218465220604,-0.1561065704408964,0.06573744620098994,-0.32767463161490584,-1.262806141184362,-1.2850511008464733,1.067188381055561,1.4110304042558486,0.8433273810784847,-0.790386157798101,-0.8314172830871166,0.5793409677244183,-1.5366617482111748,-1.3461410648556402,-1.176177609560296,-1.3019408143182878,-1.1948939252628807,-1.0440026608476,-1.3841377820692236,1
1.110015375377516,1.2378861793774645,-1.6032360836506476,0.5985369837740325,0,1,0,0,1,0,-0.3188766245909836,-0.34023148218598254,0.39307135535292426,-0.5529527738757504,0.5623197184379202,0.16567179803328763,-1.1097184914052356,-0.5114856572378567,0.348796636414339,-0.020902775723308505,0.5416861593713138,1.358729666506973,-0.7925270167676988,-0.708291325264926,-1.239535711900786,0.4523813545581058,-0.26717347739401287,0.059963063520089954,1.2685285918524662,0.595033997706013,0.835374229179661,-0.5397095488811681,-0.022217052895510254,-0.23668634526776056,-0.6456762761209698,-0.595033997706013,-1.2685285918524671,-0.6760201580619267,-1.1600669447440433,-0.03655113089848297,0.2015172482105774,0.08610074473523979,-0.18250970659880966,-0.05703537174666111,-0.5962450189412776,-0.5423417704240322,0.3898463742377325,-0.7864379342253526,-1.0713777112871794,-0.9182541097615345,-0.939254006738398,-1.1433249167342867,-0.20711139779498602,0.06938110143228039,-1.0748462533011267,1
-1.4086103356317816,-1.132748289997029,-0.8790386569529866,1.7718540298733036,1,0,0,1,0,0,0.36254597363216995,-0.5553761511782702,-0.4768649810287978,-0.21791462451008428,-0.7700825676237945,-0.2587140696192265,-2.243095737577628,1.3361783335747015,-0.9133730834063345,-2.1042647338456595,-3.0559039992554227,-1.49468682132757,3.3029174579282032,-0.41771128691166304,3.378952029410246,-1.2419272944110986,-0.6890014351529598,-1.9400179500200385,0.08301123374971872,-2.120904085066952,2.7017070299660237,1.5510132708280815,5.944433244113873e-4,2.15952387074459,2.0787749305395726,2.120904085066952,-0.08301123374971872,-0.48105256270404034,2.81754322179188,-0.4186507255887879,-0.9613277963089331,-1.1428154322176651,-0.5605696322757617,1.8188264531454346,1.9506907657090713,-1.1004416420156866,2.638081743403932,1.5657368413548085,0.23324223538206504,0.19684522775643593,1.0745966172477384,0.6014499566897238,-0.6186874509066087,-1.378017789531564,0.2860364732784985,0
-0.8432045637725518,0.7225308599482267,-0.4445202009343899,0.5985369837740325,0,1,0,1,0,0,-0.33149556159511606,-0.3361611776374798,0.03486227566633282,-0.47367777134881384,0.35708231377937705,0.10753674766992953,-1.043039416288548,-1.584484944768291,-0.7539033014331803,-0.14109768298618258,-0.6970804043468414,-0.9867563982566999,0.29233610923582953,-0.5531266989059095,-0.44508740832762245,-0.5317737428237151,0.6209393750051585,-0.3191254443375468,-0.088318892712161,-1.2582244350408798,0.8976940184901524,1.7288765176149279,0.49622974149567967,0.8063267219285347,0.5946747821684514,1.2582244350408798,0.0883188927121603,-0.6203151308168162,-0.5596729573423944,-0.5278220383574467,-0.7029177864157086,-0.4430159425639276,-0.6235796198885869,0.02452383803125581,0.06817301183707392,-0.4803306735805153,0.6951622885689447,1.413983630027056,-0.3597668312857729,-0.06248019957332482,0.2622871218583729,-0.7309235830158842,0.12214944469431245,-0.4316415915936655,-0.76555472453303,1
-1.1259074497021662,-0.6173929705677911,-0.4445202009343899,-0.4281154315628296,1,0,0,1,0,0,3.201806799561976,-0.7583099065250497,0.8024531607090287,-0.6212334329865424,-0.6042671829045628,-0.1030910117234679,0.24397658214465087,1.0035636359348106,0.16029099355986032,-1.5913992230939407,-0.10389356691208478,-0.273705824919269,-0.14563411080112013,-0.03912700837141175,1.9338280321079266,-1.4422474637236151,-1.6387267689217027,-1.2023049326221016,2.0459093416913827,-2.402410076128092,-0.3783506222658914,0.55984388524175,-1.668442769203466,0.524944269379889,-1.0387500317650182,2.402410076128092,-2.0459093416913836,0.0759977097470634,2.067050737539819,0.49111021415003275,-0.37990527404917784,-0.972132629863095,1.6447799341731264,3.450010648703779,2.227531611866718,-0.17027518936292965,-0.3318094232724056,0.5793409677244183,0.15113328768959466,-0.7496925819971905,-0.5161761445564365,0.2524949820049213,3.0854970270979956,1.6837875567381073,-1.0748462533011267,0
1.7782221966656961,0.05256894469021735,0.5693561964423357,-1.8947617391869185,0,1,0,1,0,0,0.22373766658671274,-0.5361875725924716,-0.016310450003180245,-0.449953135556081,-0.17005144961488727,-0.064632439944631,1.2085641444080788,1.1324157699380177,-0.20306072000761508,0.05906167043646349,-0.01712685359332765,0.6526500620612483,-0.36800828562393545,2.237636777849821,1.3786391517883907,-0.9332578511308086,0.8778657525250371,0.5896398630168084,1.0614552385657101,-0.1626015385546773,0.555282440644924,-0.17318574500633935,-0.6602433305176081,0.7906881465681532,0.5979343106242948,0.1626015385546773,-1.061455238565711,2.6105764493995856,1.7668537438389946,0.9914787310063841,0.29196075167320634,0.6493539925053206,1.6132749403667133,0.4323198869208419,-0.04256332662598434,0.8839134569768611,0.3343343898138759,-0.3311783002420958,-0.5422311594912614,-0.7756251247301669,-0.44848368660732285,0.1890486229713212,0.03983423407198747,-0.04195727479570725,-0.20882997275045564,0
-0.894605088487027,-1.0812127580541053,-1.8929150543297122,-0.8681093238500562,1,0,0,1,0,0,1.460393492991695,-0.6914406175139333,-0.6175899766199587,-0.07556680975368728,-1.4987217842021834,-0.4733665632685488,-0.20199770923102991,-0.37996036249972953,-0.6793308326598626,-1.137609374924329,-1.3707935530786772,-0.6288365086101824,1.256015006293047,-0.8703165835926533,-0.04808002969077426,-0.25666211883499335,-1.25320144928274,-1.6003928549742632,-1.147255890241887,0.28017642692511974,-0.5887273438430823,0.473342003543038,0.6707473289348537,0.29418376815299146,0.2196266232509496,-0.28017642692511974,1.1472558902418863,-0.9916819791175521,-0.43459087663371765,-1.2071102066957662,-1.1336011362377498,-1.4841810369268051,-1.1906695084040155,-0.35608580759902425,0.1973654067106424,-1.307145298160744,-0.6648813298155464,0.19995793940503753,-0.615216890773458,-0.2051091846046925,-0.07617516788719629,-1.016432198667086,-1.0302635040182315,-1.0440026608476,-0.9511296417938885,0
0.05630461873076867,-1.132748289997029,-0.15484123025532542,1.0385308760612593,1,0,0,1,0,0,-0.44506599463230834,-0.24196270094355926,0.4570372624398156,-0.5668403655593013,0.7791209118692919,0.2519799881881193,-0.49610699368760447,1.318519909669821,-0.1278270004390232,-0.5611486251752893,-0.6472900129445258,0.677324810216505,1.1141947054978125,-0.6894264431938242,0.8564931575550119,0.1238830469847129,-0.7936628091106442,-0.6101093832095461,0.06934332478478145,0.8550163918650929,9.820725305863922e-4,-0.9516939119448297,0.29923430681413943,-0.028906865352972443,0.2458556539326507,-0.8550163918650929,-0.06934332478478215,-0.45320004908148526,1.3165582532877582,1.2189189659410893,1.1059522828368633,0.683490552976235,0.7311351137871589,1.0032343553662626,1.0648000580046022,0.9459245538203791,-0.19302946221276363,-1.0465862965014996,-0.7416386038872608,-0.4903671546674297,-0.4678243888784982,-0.5405845059150832,-1.2654498200820157,-1.0996718489615938,-0.45626319576493324,1
-0.9203053508442651,-0.5658574386248675,-0.4445202009343899,0.5985369837740325,1,0,0,0,1,0,-0.07911682151246661,-0.41873021276424965,1.7875281298471553,-0.7010870851669603,0.8038934923051031,0.21978211414072094,-0.6060877755081292,0.4529366795851542,-1.0662017194810072,-1.2132425304141858,-0.1854638338897593,-0.6283398223392874,-0.08245595853504784,-1.510982718339781,1.588007119177382,-2.6407420014230414e-4,-1.849290878509174,-1.7500129248004743,-1.6929968571541203,0.8221130942085961,-0.6669763231424262,0.9691608641702595,1.4572680993956497,-0.19471279244682807,-1.4674349413629955,-0.8221130942085961,1.6929968571541196,-1.4094696834558798,1.5667224147051118,0.1878565675704263,0.158448913228373,-0.6023198914281931,-0.19301137120094664,-0.22015379130249568,0.7510470990259361,0.03642846678212782,-0.7481493064513315,0.5793409677244183,-0.7155722712864762,0.07150460454705224,-0.008482709938082702,-2.866951003813763,-0.20711139779498602,0.1992758736982665,-1.0748462533011267,1
-1.8712150580620608,-0.9008383962538722,-0.4445202009343899,-0.13478617003801185,1,0,0,1,0,0,2.1922918392313786,-0.7280733584504578,-0.8478672421327675,2.609367582399492,-3.619079387847683,-2.5765138083368035,0.7656670772194569,1.681843442429008,-2.29096828416444,-0.023078029923524722,-2.085118975270448,-4.902567158765416,0.12491703537358928,2.2366256018921815,1.8498667046896933,-2.36382200171831,1.2599334803226778,-0.9972674918458286,-5.695097281177154,-1.0381887348318013,1.1701312387781728,-0.45522705025786675,0.756417246742518,1.280505401230304,1.7371191851452108,1.0381887348318013,5.695097281177153,3.1397742082281335,2.81754322179188,1.9922157647190868,0.13691474573727128,0.6493539925053206,1.9598298722372534,-2.666930084640012,-0.5408768497097485,3.2403351370305127,0.77843026520473,-0.6346847228976005,-0.7611883533378483,-0.2958730841701091,0.2115177783965368,-0.5405845059150832,-1.277209135885205,-1.712032918215528,-0.1469716669968365,0
-0.12359721776989524,0.5421564981479937,-1.6032360836506476,-0.8681093238500562,1,0,0,1,0,0,-0.10435469552073157,-0.41524138029410446,0.08603500133584588,-0.4962451078345841,0.14907087569639738,0.06415905624496233,0.10911517564759697,1.3898158952377149,-0.5860370924838576,0.993413776843584,0.02326020069651255,0.5682823379693062,0.21499147562533993,-0.8969082903831195,1.0690669207278658,-0.030548278660129862,0.24861706487680224,-0.14531574517291387,-0.6280087910670794,1.3979208031972914,-1.0479075036986536,-0.8365981601776097,0.7704342637955792,-1.0955134970730949,-0.17211194184277126,-1.3979208031972914,0.6280087910670786,-0.8152827261747027,1.0914105080121401,0.22727954162577424,0.17567624722125458,0.2738518273252659,-0.15100471279239655,-0.22015379130249568,0.06817301183707392,0.44983577907224165,-1.0257092285706153,-0.8623145398892288,-0.350643614875499,0.08014878545804377,-0.36386811417093057,-0.2550758902638815,-1.0302635040182315,-0.5429799678216537,-0.2706882785040748,0
-1.485711122703495,1.0317440516057692,0.27967722576327125,-0.4281154315628296,0,1,0,1,0,0,-0.38197130961164594,-0.29603960423080994,-0.630383158037337,-0.05242082361443573,-0.46758293208315554,-0.18716323840278576,-0.26854907865141725,0.5385194150011832,0.6879344710813062,-0.6694971738617044,-0.12089625542745107,0.7563516360661243,0.574685694555752,-0.5568966834338144,0.3789329634751264,1.0889346090629075,-1.1763044294976535,-0.4160658800972336,0.872405678118227,0.16633209230480636,-0.18302057329940102,-0.35952807311113166,0.15384479774551826,-0.26195584689826046,-0.24903629819589299,-0.16633209230480636,-0.8724056781182278,-0.3139374809687093,0.7912135143113154,1.1916261377489248,1.6615338041072958,0.9907195972144606,0.3215701943037938,1.7372672433675176,1.3416409041622488,0.6358690696027934,-0.05424950115312168,-0.17942508891434333,0.561678026151944,0.5599008260181015,0.4145951522438788,0.1890486229713212,0.03983423407198747,0.1250502895462747,-0.1469716669968365,0
-0.4320003660567478,1.2121184134060021,-0.4445202009343899,-0.8681093238500562,1,0,0,1,0,0,-0.6974447347149578,0.25577739813049005,-0.16982862701171944,-0.39671736743580244,1.0360774188806148,0.5033022828358673,0.13220200815532804,0.23338949286108895,-0.8687239673206797,-0.10438180120673553,-0.49867256342738614,0.07103566835746161,0.3302822422994928,-0.627682992477891,0.4249904668435506,-0.15758900085502506,-1.0954244765945884,-1.4800624254248183,-0.682171218142126,0.7734532878151856,-0.8110035608144879,0.1054117167094086,1.0292130177185534,-0.9451910803476516,-0.7966941322253777,-0.7734532878151856,0.6821712181421253,-0.48105256270404034,0.641115017460903,0.6639647927004092,0.47284775859846334,-0.01630893667750248,-0.05648973137315825,0.758556726032511,1.2862727349307197,0.3258135853852078,-0.9146852597229018,-0.2553016945782196,-1.0257616292358074,-0.41256952646850126,-0.7361766328910565,-1.5557262504526888,-0.28942660841731066,0.06938110143228039,-1.0129879475475077,0
-0.9974061379159777,-0.8235350983394863,-0.15484123025532542,0.3052077222492148,1,0,0,1,0,0,0.2742134146032426,-0.5454911258461922,-0.579210432367824,-0.11896553376478392,-0.923865887798175,-0.32758174466505074,-0.21943952076280515,-1.6620922736036434,-1.2835228220604977,-0.11637293301142154,-0.07661233580675846,-0.8165129638274587,-0.4430996028996716,-0.3651301371144059,1.516834069563203,-2.025528410373243,0.3458704426161419,-0.27264598280637753,-0.5252107151899512,-0.5927287050207662,-0.05969773543664403,3.8008048796227363,-0.2808420151841183,0.5001715350657295,-0.16658594726393403,0.5927287050207662,0.52521071518995055,-0.17467491285593337,1.841902992264201,0.855014590045561,-0.44450777652248397,-0.2894014204448148,2.1173548412693166,0.10608304780917345,0.40038202722625016,0.8219023601333442,-0.24854144663662048,2.9315157433045793,-0.7611883533378483,-0.7756251247301669,-0.5500223735309933,-0.794369942049485,0.28677986593896093,0.013711913318286572,-1.0129879475475077,1
0.7502117023761872,1.2121184134060021,0.5693561964423357,0.5985369837740325,1,0,0,1,0,0,-0.5081606796529707,-0.15997513789514695,0.4954168066919504,-0.5708909131336704,0.9138049267018042,0.31816450706332694,-0.5220459974854704,0.7158623228638666,0.4621797903382368,0.1675677136520769,0.2520515010702204,-0.3725964381398845,-0.4775114466149738,-0.8139750245141804,-0.5357389593517806,1.0764486328354348,-0.13569706927177466,-0.23356295853366227,-0.4481121582821066,-0.06374491962016399,-0.08739658620724781,-1.5192350327280177,0.4499118071822143,-0.3609280616177176,-0.5557080655236649,0.06374491962016399,0.4481121582821059,-0.7595776989295921,-0.4846237089171882,0.06352257247278678,0.6149732640397371,0.529876030857121,-1.0646495331783645,-0.13859458152457876,0.06817301183707392,-0.046252995675895824,0.08453045990652028,-1.317574173872486,0.7441423543574326,0.8840576101803024,0.6684418695530556,-0.2233527107470814,1.1099319721622063,1.1827648637121608,0.7809029193074537,1
2.0095245578808356,-1.4419614816545723,-0.8790386569529866,0.5985369837740325,1,0,0,1,0,0,-0.7479204827314877,0.5436060769174694,-0.38731271110714993,-0.3191783138693098,1.084736601383045,0.6647388457679617,0.909278696982803,0.8045674513993104,0.062196080601288464,1.4078805016913158,1.3563866455525266,0.41708400097307186,-1.067852020004316,0.5728522377452444,-0.26320683652168686,0.2144027966023795,0.30161809552776186,1.2028276781336793,0.22845561284398783,0.3422733367180179,-0.6919869562092492,-1.3679689075605972,0.13043000789551665,-1.6028763884518242,-0.5890419532766847,-0.3422733367180179,-0.22845561284398855,0.10385022336961848,-0.6347222057676005,-1.3193140559302208,-1.0259302987822392,-0.8697229484503528,-0.34003467563087314,-1.1173050988595852,-1.3160312189511594,-1.0384305451721696,-0.5631093583718088,-1.1911131644326922,0.561678026151944,0.5469345546516133,-0.1777138548108673,0.939830538202259,0.34165667302051117,0.5704037944582268,0.16231986177126023,1
0.3904080293748593,-1.132748289997029,0.5693561964423357,1.478524768348486,1,0,0,1,0,0,-0.785777293743885,0.7791022686522708,2.273669023707529,-0.724811720959693,2.697486729449882,1.1593339665516085,-8.75924214422489e-4,-0.40288410071630537,-0.5327884966772043,0.9452589774564957,1.119092726196659,0.44087222206387305,-0.9142390317439523,0.6053725981237833,-0.21794516336232525,-0.6205269678073564,0.6734533161660641,0.8798312500689024,0.4292298816076853,0.17559215780023743,0.6060991611000522,0.33463839169826093,0.10476996422428111,-0.6091991153153243,-0.5958913822670288,-0.17559215780023743,-0.42922988160768605,0.8280155775560533,0.04072103005925432,0.8277217618533966,0.3436427536518511,0.615217432034406,1.6132749403667133,-0.05703537174666111,-0.26403600355210183,0.8219023601333442,1.0097302003041335,0.8322629866040054,1.4131782244442224,1.2600794798084554,0.8940833960501021,0.728342674756924,1.1648087792437567,1.4054416161681371,1.3994859768436472,1
-0.8689048261297889,-0.7462318004251005,0.27967722576327125,-2.6280848929989626,1,0,0,1,0,0,0.33730809962390496,-0.5524687907864826,0.41865771818768077,-0.5558460221431568,0.0364716530255174,0.004682427796295961,1.411970721499084,-1.0783809689158235,0.4671781915736524,1.0002544793837336,0.9652911424339177,1.233684614184707,-0.4605073985098202,0.20757806202869172,-1.4248881631796932,0.709006599989812,-0.11345771703538463,0.17863923045443936,0.6912331826893887,0.9970420184583276,-1.7559701056614607,0.05269004049676627,0.07383501821067706,-1.4637820006641031,-1.0805193219953682,-0.9970420184583276,-0.6912331826893894,0.911573118423719,-0.9349191994684248,2.629048422536261,2.721014844669517,2.526864818405591,1.3297299961089997,1.4110304042558486,1.1201682272361313,2.620224168595341,-1.6363410572330401,0.12408133374116129,0.23324223538206504,0.2357440418559006,-0.38079122865820925,0.12560226393772106,-0.04248097655033679,0.514734606344233,0.038603250264021984,0
0.3904080293748593,-0.3339475448817109,-1.168717627632051,-0.13478617003801185,1,0,0,1,0,0,1.1449200678883833,-0.6606225973609839,-0.6687627022894718,-0.026381589207777743,-1.5570635038730507,-0.48767672951183694,-1.222678704996445,-0.39135364481163454,0.21557260579659812,-1.9501310639297842,-1.2621158329804751,-0.45891752119826207,1.1586819969779418,-1.0700017668289876,-0.10807987887650185,0.12527573775550277,-1.346304393299355,-1.0978988719056297,0.8164553486475572,-1.435659238404968,0.6310313446280427,0.4288731092985653,-0.16880493895080415,1.299528864911078,0.5689278364757147,1.435659238404968,-0.8164553486475579,-0.8988402670423681,0.19081952690966666,0.9459906840194431,0.8733832739329616,0.22264698661889537,0.4790951633358572,2.145063292257104,1.784586258014483,-0.046252995675895824,0.6674062963570164,0.5034643620605421,0.2788583174334372,0.14498014229048395,0.6684418695530556,-0.0647368131630805,1.0276167615398821,0.3477270420022505,0.10046155601764112,0
-0.2006980048416086,0.7482986259196881,-1.6032360836506476,-0.8681093238500562,1,0,0,1,0,0,-0.7100636717190902,0.3197393267498188,-0.08027635709007157,-0.4181274046146101,1.1790552157765168,0.5690396090159723,-1.8497659665860466,1.055884397216814,1.0834845607769763,-1.68170505600224,-1.087990378123964,0.35424753185687397,1.1259941010418097,-1.1616150539296755,0.4734651020528506,0.6401545707849603,-1.1843913066576937,-0.7396199830969908,-0.01001094667634824,0.4930801176436278,1.411472529840305,-0.9749275264320018,-0.8378660841623444,1.0974528907049423,0.6923458187943358,-0.4930801176436278,0.010010946676347532,-1.038102835155144,0.641115017460903,0.5365982611369737,0.8087807714596554,0.2397152668543526,-0.024984737566746233,0.758556726032511,0.8433273810784847,0.20179139169817292,1.2502821328075124,-0.9381911455531051,-0.12256320461863823,-0.5292659687668935,-0.093098282374475,0.5697267771729232,-0.8656330827735822,-0.7656567202776299,-0.023255055489598248,0
-0.9717058755587404,-0.3854830768246345,0.27967722576327125,-1.6014324776621007,1,0,0,1,0,0,-0.48292280564470574,-0.1745119398540853,1.0455236076392158,-0.6403288715514249,1.089169460945576,0.36064781309808863,1.6236782681927182,0.13823552121172503,0.8770344592493073,1.9474909561726899,1.3712856942760614,1.77728803112738,-1.0087408682749803,1.1576476353035272,1.7489978330773996,-1.3759548158354344,1.2308198447308334,-0.14607277680016814,1.0345842828972671,1.3979208031972914,-1.1010562795841579,1.5623750433436534,-2.581637379960143,-1.4104747511645055,-1.9253501983851704,-1.3979208031972914,-1.0345842828972678,0.8558680911786088,1.3165582532877582,-0.555114866549611,-1.1292943027395286,-0.6649035856248688,-0.11949971898598452,0.02452383803125581,-0.4301405112466897,-0.8523972546416179,-0.9146852597229018,2.020996475338066,1.0817013615375868,-0.6070635969658218,-1.0746389226366257,2.2193321120465326,0.6983559190505837,1.795125932966095,0.7190446135538346,0
1.135715637734753,0.8771374557769975,0.27967722576327125,-0.13478617003801185,0,1,0,1,0,0,3.4415666026404934,-0.7635431552302675,-0.7839013350458762,0.566734305610543,-2.6669484361293176,-1.025202349025348,0.8188926155865707,0.3948546773878554,0.23457170613966782,0.02858666491718594,-0.43750178098800147,-0.4763974599649173,0.6531698224823476,0.5887118247440388,1.2553661522323796,-0.19072631069358778,1.0262194102720297,0.5824853864434442,-0.7279513648365089,0.07222398482797085,-0.5504561973252275,0.715647816559255,-0.5123289291633696,0.9789628604602841,1.1374573506370327,-0.07222398482797085,0.7279513648365081,-0.007559831120602114,0.340918023760079,-1.701413650620525,-1.5169093175793655,-1.1257471519822078,-1.222174502210428,-1.4435419379712537,-1.3713993881826885,-1.658541513607341,-0.5261013687559044,0.6552175733882943,-0.02220782410562002,-0.2829068128036209,0.10997909147286698,0.8552353928241243,-1.3595243465075295,-1.4893561657595522,0.2860364732784985,0
-1.1259074497021662,-1.0039094601397194,-0.4445202009343899,-0.8681093238500562,1,0,0,1,0,0,-0.356733435603381,-0.32860204061883186,-0.7455217907937414,0.34106094075284055,-0.9594571045273151,-0.5162970619984132,0.5356811270499248,-0.27603051877982065,-1.3266801492313391,0.35580956457834184,-0.13820325454585494,-0.567958583770949,-0.13712252511532252,0.34106773994011635,0.07383521132768711,-1.7547987740275286,0.49897982916664996,0.15440536295829158,-0.24687185720061178,-0.529783266025729,-0.4040867800178201,0.4528270435287154,0.05021267229828646,0.014104090288946327,0.33041778391075427,0.529783266025729,0.24687185720061106,0.15955525061472892,-0.10937746679115769,-0.5187244289600577,-1.2843403086754637,-1.05747403104038,0.9516700704320475,-0.6279498401920818,-0.5962450189412776,-0.35630847989348147,-0.3040534310604773,0.5793409677244183,0.41570656358755365,0.37837302688726915,0.36382580878204385,0.5697267771729232,0.2044646553166367,-0.04195727479570725,0.47161139053935697,1
-0.04649643069818187,-0.7462318004251005,-0.4445202009343899,-1.6014324776621007,1,0,0,0,1,0,-0.028641073495936725,-0.44198909589855107,0.5849690766135982,-0.5917223006589967,0.362933704817944,0.11737498696219013,0.15992041453455844,-1.0613244830975321,-0.3302996718857254,1.029690077970673,0.5110025100543636,0.41592573595509763,-0.7485022647386405,-0.8308488924615405,-1.3711977015726464,1.1527147178621013,-0.03235393332781493,0.011103923723354675,0.3506288912831737,0.21952363131345246,-1.0525476530585154,0.08306540423057829,1.6098978406401072,-1.4231264717305427,-0.6534874695991887,-0.21952363131345246,-0.3506288912831744,-0.6760201580619267,-1.1600669447440433,0.74584327727690225,1.2868392897621204,1.2126072402754011,-0.5920746260821743,0.4323198869208419,0.2896456887631914,0.7598912632898273,-0.9979532363586869,0.04820472807728505,-0.07694712256726609,0.754394896515422,0.0761328624983096,-0.9529858396334858,0.6983559190505837,0.9044189231421907,-0.023255055489598248,0
-0.07219669305541997,-0.02473435322416849,-1.6032360836506476,0.3052077222492148,1,0,0,1,0,0,-0.6722068607066928,0.14529770324255853,-0.2849672597681238,-0.3591051399595187,0.8060914147391767,0.38926814558466494,0.07026131467265712,-0.6010911490787282,-0.8503677912068993,0.18136841045246893,-0.08980177911072948,-0.01302437178928634,0.07555796332669636,0.4903390659700465,-0.5801272070986648,-1.8725574183976283,1.2080519881915455,0.557882521922195,0.4884925330428311,-0.5022446364654003,0.392240948825921,0.24385776525706013,-0.7192583586711525,0.952866650571704,0.6614104106075254,0.5022446364654003,-0.4884925330428318,0.5216379277079463,-0.4846237089171882,0.22727954162577424,-0.806281790372998,-0.34060626115118536,1.6762849279795395,-0.13859458152457876,-0.3747723420151606,0.38782468222872474,0.3343343898138759,0.19995793940503753,-0.06782390615699217,-0.4255357978349895,-0.0423289389126401,0.5697267771729232,-0.28942660841731066,-0.5429799678216537,0.22417816752487937,0
-0.8432045637725518,-1.6738713753977288,-1.168717627632051,1.0385308760612593,1,0,0,1,0,0,-0.19268725454965888,-0.3873307205329428,-0.3617263482723934,-0.33017265728545425,-0.18789203091048115,-0.042719997884596024,-0.592397534210215,0.36106769929233484,0.7179019410150408,-0.7365653476882559,-0.7019997309420584,-0.9930889657052991,-0.22485065332569865,-0.7788713528022622,0.17455139828551114,0.985858416027865,-0.474098539415245,-0.25172503767744625,-1.6740743965204417,0.30587169994287167,0.045504113315397776,-0.32071498967704976,0.009296629059860655,0.524944269379889,0.6668735263498897,-0.30587169994287167,1.6740743965204417,-0.7874302125521474,0.04072103005925432,-0.3367722410122935,0.2015172482105774,7.593435579547688e-4,-0.9701345517591269,-1.3619827281933365,-0.8730858650989243,-0.23228628620644656,-0.19302946221276363,-0.5588081172337243,-0.8889133830816909,-0.7496925819971905,-0.5161761445564365,-0.4136917878478824,-0.7010026615289333,-0.6543183440496418,-0.3944048900113141,1
-0.7661037767008384,-1.0554449920826439,0.27967722576327125,-0.8681093238500562,1,0,0,1,0,0,3.618231720698348,-0.7681949318571277,0.06044863850108935,-0.48293616580451443,-1.0578302769723233,-0.2175723416697731,0.15267527156744934,-0.33871190044862387,1.1297838280037766,-0.8057536865775378,-0.15276113118095602,1.2089026937064382,0.49967281899661364,0.12853174355355654,0.7948743732171145,0.3152785500560004,-0.07997398203275195,-0.08975394962737354,-0.8740438917877038,2.5156651794694618,-0.08387127792735283,1.26118041082551,-1.2276278034046186,1.0092204160760314,0.11096968953671252,-2.515665179469462,0.874043891787703,0.24311279148239442,0.9413120111617277,0.49111021415003275,0.5891322630504142,0.529876030857121,0.006520256239666901,-0.46483142063624716,-0.09793149585751397,0.6358690696027934,-0.19302946221276363,0.9587239960437993,-0.44187577897824326,-0.9701191952274875,-0.5669454880182719,0.1890486229713212,-1.7711003996191523,-1.0440026608476,-0.023255055489598248,0
-0.7661037767008384,1.109047349520155,-0.8790386569529866,-1.6014324776621007,1,0,0,0,1,0,-0.7731583567397526,0.697696177682216,-0.3361399854376369,-0.33595915382026714,1.3738034736029834,0.7962134981281717,1.7073358555910534,1.5762292783395526,-1.6374085145059307,1.6199159486213839,0.7394351494287674,0.8396072534010706,0.6805117023873788,1.4699352452207604,1.0808218682571114,-1.7083018263191252,1.8985993301337973,1.1391306552622416,1.8738869722943035,-0.7133741297612541,-0.9053500910563858,-1.0806805303046452,0.5217137053889122,-0.3057833425960779,0.15083746226457784,0.7133741297612541,-1.8738869722943043,0.605195468575612,0.19081952690966666,-1.7559993070048545,-2.1629343423124268,-1.552454157868633,-0.15100471279239655,-0.13859458152457876,-0.8730858650989243,-1.9065859009814097,-0.7481493064513315,-0.8623145398892288,0.7715120035882557,0.9488889670127426,0.7530574419894479,0.4428340591057229,-0.37174181903963527,-0.7099875321636356,0.2860364732784985,1
-0.5091011531284612,0.28447883843337485,-0.4445202009343899,-1.6014324776621007,1,0,0,0,1,0,-0.7353015457273552,0.5087177522160174,0.38027817393554597,-0.5517954745687877,1.631278895581466,0.8176787474931039,0.8656494204845483,-1.5480576045981982,-0.00333251123003071,1.7127907701205607,2.348735676524717,1.7968280730609607,-1.7070886406079557,0.1034782899308494,-1.7288050888132673,1.0732987322142398,-0.10869594185558697,1.1145508502172283,1.6167883223801918,0.8471482119907131,-1.1003123033756925,0.3928786584284995,1.083117371831409,-2.421650865684658,-1.9653294355618367,-0.8471482119907131,-1.6167883223801924,0.438080386840281,-1.4602639384448675,1.328090278709748,1.7778183085592476,1.6393142461618264,1.140700033270523,0.6769975162545934,-0.04256332662598434,1.2559800380379649,-1.0812212129944723,0.19995793940503753,-0.43275256256796935,0.15794641365697218,-0.8377153198147269,-1.206771275767887,0.6160407084282594,1.2384340518261547,-0.6418381130257917,0
-0.5862019402001745,-1.5450325455404195,0.5693561964423357,0.5985369837740325,0,1,0,1,0,0,-0.1295925695289965,-0.40651929911874146,1.3269735988215376,-0.6750478507603023,0.7235426254594816,0.20904948945825483,0.8274138462641207,-0.49976112795233074,1.6199725941203278,0.027374341498786082,0.023718079430313736,0.8444817647866111,-0.024350138048683835,-0.24133148062972462,-0.4727655640575159,0.6115778255155191,0.50379675368734,0.4150580177308418,0.2430696413654208,0.9106988955914741,-1.3916746666396393,0.2123316683754556,-1.5999800712631922,0.46257526769482765,0.3743887049508142,-0.9106988955914734,-0.24306964136542153,-0.45320004908148526,-0.7097714541928067,-1.0008977270216337,-0.5737127814690962,-0.3576745413866426,-1.1906695084040155,-0.5463906304141645,-0.7069813574043363,-1.0384305451721696,-0.7481493064513315,2.8556391376407038,7.495322497960511,4.696141391927785,4.7299893464998854,8.341905758788968,2.2623449208747504,3.353863200157928,7.585316552205582,1
1.0072143259485644,-0.6173929705677911,0.5693561964423357,-0.4281154315628296,1,0,0,1,0,0,-0.09173575851659908,-0.415822852372462,0.8024531607090287,-0.6212334329865424,0.5087370074992679,0.16030548569205458,-0.09919746085877396,0.43900655960464013,-0.5493076058971895,0.06286487247014308,-0.0011129488152083658,-1.2884880397588951,-0.5874413174051673,-0.19496366881449131,1.612584692420774,-1.0006127217995076,0.1922998832145757,-0.32866714148841936,0.2246519615849838,-1.980151089536383,-0.0568689166345397,1.0129016643501096,-0.25459738751029776,0.10575488542181287,-0.31943260582749605,1.980151089536383,-0.2246519615849845,-0.007559831120602114,1.9169522406894068,0.8095265430586199,0.11107374474794844,0.18851042614798086,1.0776900456576979,0.2692014673650073,0.17890935030013266,0.44983577907224165,0.5471303301053266,2.096873081001942,2.5383749150447388,1.9732244049652974,1.9094702652868096,1.5742941285382626,2.8111129916902473,1.6837875567381073,1.605680329355712,0
0.05630461873076867,-1.0812127580541053,-1.8929150543297122,-0.8681093238500562,1,0,0,1,0,0,-0.00340319948767178,-0.45478148162241677,-0.6175899766199587,-0.07556680975368728,-0.8309970691582983,-0.2913591363617276,0.593451460958341,-0.2626492561099429,-1.336685673684898,0.5232546020754769,0.3586540799430292,1.028868494634166,0.6680730427457298,0.28609620858033113,-0.15834083013687827,-0.6941076023555459,0.8775183550638642,0.7369702058648558,0.271474372857786,1.1340089365774726,-0.5393447420282266,0.2018719790566125,1.1297828942770594,0.1632489697787604,0.2532400970599084,-1.1340089365774726,-0.2714743728577867,0.29881781872750485,-0.10937746679115769,0.13630344765189217,-0.25070026910256554,0.10316902497069583,0.8256500952063961,0.18764225758709038,0.06817301183707392,0.44983577907224165,-0.5816133531797613,0.04820472807728505,-0.3871364805165972,0.22277777048941236,0.27921023634565156,-1.1433249167342867,-1.4418395571298541,-1.211010225189582,-0.5181215015185524,0
0.05630461873076867,-0.9266061622253344,-0.15484123025532542,-0.4281154315628296,1,0,0,1,0,0,-0.44506599463230834,-0.24196270094355926,-0.09306953850744984,-0.4140768570402411,0.4233981879856031,0.13392111668099205,0.6787588641296076,-0.6843237760409437,-0.18645065532032004,0.41634776829841497,0.49847099634293,1.1509383491135297,0.15251471580476034,-0.5902431846839131,0.9276757575031055,-0.31591896457022617,-0.9998175251129388,-0.6261224048866758,0.05712944868845589,1.5130823449950297,-1.5335947589078436,1.8685810678684318,-0.06258380032747432,-1.5538609175796219,-1.2593233718779289,-1.5130823449950297,-0.057129448688456604,-0.28608496734615396,1.5417059985633763,1.555530513644453,1.1188727833315248,0.59814915179895,1.5817699465603012,1.247911984700014,1.3416409041622488,1.3179911348814817,-1.4222234030267353,1.8800827791051529,0.2488820349425348,0.17646965846624119,-0.4678243888784982,0.13919791230206338,-0.3247045558268782,0.49087638286680657,0.16231986177126023,1
-2.128217681634438,-1.158516055968491,-0.15484123025532542,0.3052077222492148,0,1,0,1,0,0,-0.21792512855792381,-0.3838418880627976,-0.8350740607153893,1.8050445640605006,-2.1169134238082203,-1.690177886643144,-2.2521078577620375,-0.06279068380853714,0.814209591178562,-2.2438480222165205,-1.6662855803730274,-1.452300955233813,1.5809388407936904,-1.6454724579202242,-1.087093058745481,2.0569500937443115,-1.1086687296136895,-0.0424627133070657,0.4251360800282837,-2.402410076128092,1.4874741066586272,-1.0028437778461354,0.9539846853783598,1.9319569828058658,2.124796287581168,2.402410076128092,-0.4251360800282844,-1.5115955667385823,-0.8598699510432187,0.8004289336612322,1.8553413115272142,1.195538960039945,-0.49755964466293656,1.5741488238116832,1.4523772426253072,1.1939689411944467,0.8894542340524437,-1.1658209625447336,-1.1169937933385516,-0.5292659687668935,0.2115177783965368,-1.0798785577006862,-0.8656330827735822,-1.6563637301015341,-1.0129879475475077,0
1.341317736592655,-0.9008383962538722,-1.168717627632051,-0.13478617003801185,1,0,0,1,0,0,-0.40720918361991093,-0.28382869058530175,-0.8478672421327675,2.609367582399492,-2.332622558664172,-2.234858589278299,-1.330135899337402,-0.712238478537577,-1.7356963941555155,-1.2316767242808693,-1.4030666818321949,-0.38131981476610843,1.2328627273329296,-0.7606318290676874,-1.3174347267454152,-1.6675460298659088,-0.2354863153079311,0.062469794033118975,0.4025854781078499,-0.9193541232206256,1.0895719857735922,-0.342207524427839,0.6970321744948091,1.430411594118947,1.8850449980408979,0.9193541232206256,-0.40258547810785056,-0.8709877534198129,-1.3852146900196616,-0.982702508226857,-1.5815118200526717,-1.5695224381040902,0.7941451013999841,-0.38327221085833024,-0.5962450189412776,-1.0384305451721696,0.8894542340524437,-0.4070549059059717,-0.2959043164138529,0.09311505682453199,0.6684418695530556,-0.12818317219668063,-1.1948939252628807,-1.6006945419875402,0.47161139053935697,0
0.544609603518286,1.0317440516057692,-0.8790386569529866,-0.4281154315628296,1,0,0,1,0,0,0.097548296545388,-0.5012992478910195,-0.630383158037337,-0.05242082361443573,-0.9419020066438374,-0.34502225977405815,-0.5772643868605672,-0.0407879919644249,0.15706722317270622,-0.9395880415014038,-0.3465322129141365,-1.0147668496043685,-0.26055132647152135,-1.0421524690349966,-0.5988756584097256,0.8152065749256717,-1.3488920774774205,-0.2542877277661562,-1.2315329784747313,-0.1626015385546773,-0.2386062856489209,-0.5439576888074268,0.6044878337177089,-0.06821546692559759,0.20224637546444257,0.1626015385546773,1.2315329784747306,-0.9823978079100336,-0.5596729573423944,-1.6069330893092284e-4,0.42116575661981864,-0.1699234587966153,0.06953024385249205,-0.8726274695258333,-0.4301405112466897,0.015758101167622184,-0.08200549336504998,-0.3311783002420958,0.6894030558957865,0.9229564242797662,0.8376730144258402,0.15732544345452057,0.03983423407198747,-0.04195727479570725,0.10046155601764112,0
-0.9974061379159777,1.2121184134060021,-0.15484123025532542,-0.8681093238500562,1,0,0,1,0,0,0.2742134146032426,-0.5454911258461922,-0.16982862701171944,-0.39671736743580244,-0.3327714482644417,-0.11292925101572851,-0.11113282207506132,0.7018054566390751,-1.6027890734676862,0.7213627505017479,0.2047291623354513,0.33004043152124896,0.10077528746877008,-0.5568966834338144,1.2124485781600653,-1.707794494440445,0.20320033242134883,-0.3110224904862615,-0.28338753067176975,0.7311960875261709,-0.4019117100053846,0.25135435544960255,0.4748975893426652,-0.7730245662177129,-0.5698108641884065,-0.7311960875261709,0.2833875306717691,-0.3974950218363748,1.4666567501381707,0.7276480584821255,-0.354064273059855,-0.2552648599739003,1.7392949155923647,0.5138790966987595,0.7325910426154264,0.6358690696027934,-0.3595654154843339,0.27583454506891375,0.12376363845877164,0.35244048415429274,0.008440404549195996,-0.3185222492974822,-0.04248097655033679,0.3477270420022505,0.16231986177126023,0
2.0095245578808356,0.7482986259196881,-0.8790386569529866,0.5985369837740325,1,0,0,1,0,0,-0.7479204827314877,0.5436060769174694,-0.5280377066983108,-0.15657776124106768,0.852482349808004,0.5390776984440877,0.8888180788811552,0.3357658121908022,-0.8850612182278325,0.39438159294760944,0.8464280640375379,0.4782089050169482,-0.4564117399384786,0.5803705101528454,-0.19584468025626017,0.1327788918835654,0.645129698146683,1.3019330887527767,0.328888191831712,0.3260326064644921,-0.656023799467666,-0.6570420159759627,1.3433383162392365,0.10691547672373836,0.1706863225729243,-0.3260326064644921,-0.3288881918317127,0.2152602778598393,-0.4846237089171882,-0.9918001176242447,-0.7804407893836761,-0.5112890635057554,-0.15100471279239655,-1.0357458890816678,-1.2606630497196296,-0.6663639641110671,-0.5816133531797613,-0.5588081172337243,0.23324223538206504,0.9099901529132779,0.9053654723749538,-1.016432198667086,-0.37174181903963527,-0.26463402725168356,0.34789477903211874,1
0.3904080293748593,-0.7462318004251005,0.5693561964423357,-2.6280848929989626,1,0,0,1,0,0,-0.785777293743885,0.7791022686522708,0.41865771818768077,-0.5558460221431568,2.1076124518177646,1.028753699581604,1.4824342401980324,-0.12991405181994273,-0.39152997160894454,1.246633700813634,1.0990318530427938,0.807191752687228,-0.5104923049922664,0.3816091908749757,-0.21726714095748484,-0.6230379925644303,0.6616060697257825,0.8908390014017911,0.23272740579640636,0.8700970699576553,-1.6800614902876148,-0.03934233906110133,-0.09085850945118691,-1.0280844502652091,-0.5590643379747703,-0.8700970699576553,-0.23272740579640636,0.744458036688388,0.19081952690966666,1.328090278709748,0.7441782689863493,1.0077878774499178,2.0543448536564917,-0.13859458152457876,-0.26403600355210183,1.3179911348814817,-1.5530730805972546,0.12408133374116129,0.5069387276902979,0.37837302688726915,-0.07617516788719629,0.664896315723324,-0.28942660841731066,0.1250502895462747,0.47161139053935697,0
0.7502117023761872,0.15564000857606544,-0.8790386569529866,-0.4281154315628296,1,0,0,1,0,0,-0.06649788450833415,-0.4228005173127524,-0.6047967952025805,-0.09581954762553238,-0.7453722127977664,-0.25111179380247967,0.38753511496008797,-0.763902607294289,0.024834772085734872,-0.7421845770362846,-0.5696535169839069,-0.3321619783401501,0.5140678231466043,1.3415921251283278,-0.746062929988102,-0.9322203067836489,1.302804108556822,0.8564597540470646,-0.3925077445122049,-0.06374491962016399,0.8016260329277168,0.3010908366640517,-0.9707414707448956,2.294481734595745,1.5767437248716623,0.06374491962016399,0.39250774451220416,1.357213336384602,-0.6347222057676005,0.2636699792153276,-0.2765412700918884,0.2397152668543526,0.9831750642384596,-0.8726274695258333,-0.8177176958673952,0.3258135853852078,0.44535835866158957,-0.02767187758659086,-0.8341740846200435,-1.1516469943583196,-0.33002188519637315,0.15732544345452057,-1.5241547677521787,-1.712032918215528,-0.332546584257695,0
-1.1259074497021662,-1.95731680108381,-0.4445202009343899,1.478524768348486,1,0,0,1,0,0,-0.356733435603381,-0.32860204061883186,0.009275912831576286,-0.4597901796652629,0.37176568443070757,0.10261762802379923,-0.6301720807425218,-0.3912864518632025,-0.51488385674476,-0.39623438868654937,-0.06622487475269327,-0.81581369537154,-0.6488038395541011,0.2381496740825941,0.05763944257090715,-1.0573847091047328,-0.243550659856077,-0.4056879278614754,-0.7896550408158974,-0.3295023237687909,1.1142259666731058,0.5947948631545281,-0.3587061779762596,0.29378643096672036,-0.30997972020298303,0.32950232376879157,0.7896550408158968,0.27096530510494976,0.11577027848446049,0.19998671343360988,-0.39282577454383927,-0.4600842227993849,0.8886600828192224,-0.38327221085833024,-0.04256332662598434,0.3258135853852078,1.9877984972958957,1.554897326259969,2.4905866386099658,1.862084936109686,1.901411639340486,1.4987627487363566,2.2623449208747504,2.2404794378780473,2.72502110013549,0
-1.0488066626304537,-0.8493028643109486,-0.8790386569529866,-1.161438585374874,1,0,0,1,0,0,0.07231042253712305,-0.48792539008879626,-0.20820817126385424,-0.3828297757522515,-0.23830059145869648,-0.0793897988830219,0.13288984488036595,0.6052333481725378,-1.6101723038508684,0.7573442670003637,0.324745453942104,-0.13618330345793794,-0.07918683309742569,-0.2798869720731894,1.0219871563887932,-1.498739371309388,0.6584376536960816,0.19666170522097173,-2.2810212470346625,2.0765513173625387,-0.4644463288915845,0.19310253379727257,0.6950709501636527,-0.3702277386039127,-0.23018311679343553,-2.076551317362538,2.2810212470346625,-0.3417899945912644,0.7912135143113154,-0.3367722410122935,-1.0259302987822392,-0.7502449868021539,0.8256500952063961,-1.6066603575270884,-0.9284540343304539,0.015758101167622184,-0.47058938433204756,0.12408133374116129,-0.14993285384946126,0.22277777048941236,0.05920974801103089,-0.667477223982284,-1.4418395571298541,-0.7656567202776299,0.16231986177126023,1
-0.8432045637725518,-0.5916252045963298,-0.4445202009343899,0.5985369837740325,0,1,0,0,1,0,-0.33149556159511606,-0.3361611776374798,-0.1442422641769629,-0.40192521431713407,0.21019201111646588,0.052084853477187956,-0.2098325139026437,-0.05412846372213278,-0.7994363236472948,0.1213423178976228,-0.5318047318675121,0.1793468241144986,0.6222705356649161,-0.5552678622589606,-0.4399594917637884,-0.14662768278407862,0.5927593284288362,-0.30527832842696734,0.6912331826893902,-0.440948977121442,-0.2630398869761366,-0.36644874550441187,0.9455095552230494,0.42384436014961274,0.3933273269740506,0.440948977121442,-0.6912331826893908,-0.4253475354589299,-0.25947596364157,0.5638910893291381,0.3953247556304958,0.6322857122698633,-0.24551969421163483,1.247911984700014,0.954063719541543,0.5738579727592754,-0.3595654154843339,-0.482931511569848,-0.48749186102961545,0.04124997135858002,0.2115177783965368,-1.1116017372174867,-0.20711139779498602,-0.4316415915936655,-0.5181215015185524,0
-0.6119022025574117,-1.0812127580541053,-0.4445202009343899,-0.8681093238500562,1,0,0,1,0,0,0.8042087687768065,-0.6268972168162469,-0.6175899766199587,-0.07556680975368728,-1.2772297967175836,-0.423728174112143,0.6385491281942407,0.40644087653280975,-0.6760446109220148,-0.031605917500913634,-0.38745418713596813,1.4336012836676262,0.9611503186370771,0.47230909268411114,0.7304381570413349,0.14678179001933064,0.13629105418198442,-0.3102652969831701,1.34624143539365,0.6200753015809853,-0.41599242640167616,0.17388405247924335,1.0716771741464859,0.17784143181033144,0.20079574495537314,-0.6200753015809853,-1.3462414353936507,1.1900982546492709,1.6918044954137887,2.4470962345884972,2.1718935736464147,2.1428285131078084,1.0146800580448727,2.2266225020350205,1.5354294964726014,1.8450854580513771,-0.3318094232724056,0.27583454506891375,0.33359761589508324,0.858125067447326,0.8884423578876751,-0.7309235830158842,-0.8656330827735822,-0.7099875321636356,0.10046155601764112,0
-1.1516077120594044,0.05256894469021735,0.27967722576327125,-0.13478617003801185,1,0,0,1,0,0,-0.81101516775215,1.8112152077368942,-0.46407179961141953,-0.23816736238192937,1.7929324036126122,1.5770119437775814,1.609248390782924,-1.1488570548916548,0.727818461074461,1.7609300218039547,1.79519264970252,1.4085323679705626,-1.3405025291641444,1.5726996195767815,-0.8160634199493844,0.7732242886965234,1.8005824245373414,2.1861034021703003,2.6562579408021727,-0.7133741297612541,-0.6662761315061971,0.7593279428408873,-0.2179363776776876,-0.5934761437423128,-0.19953388418812032,0.7133741297612541,-2.656257940802173,0.9672781456688292,-1.009968447893631,-1.110069039790291,-0.5995537824584191,0.08610074473523979,-0.8126095827270634,-0.8726274695258333,-1.7036084035718644,-0.9764194483286528,-0.44283339212011924,1.1863538130354276,1.136440659999233,0.8321925247143505,0.5161338391675497,1.2993599060593275,1.1099319721622063,0.793080546914203,0.7809029193074537,1
2.0095245578808356,1.2121184134060021,-0.8790386569529866,-0.8681093238500562,1,0,0,1,0,0,-0.7479204827314877,0.5436060769174694,-0.16982862701171944,-0.39671736743580244,1.3336089013488852,0.7246626669117309,0.6514166860002056,-0.32871793169203145,0.3738304252073273,1.0072897379518737,1.2849906487472789,0.8181071763969915,-0.87062424036117525,0.7981814506426813,-0.18557891753468495,0.3585763230329862,0.7170287141506495,1.2273139277495508,0.4251360800282837,0.6941558255444424,-0.10827725832662612,0.2652667917108196,-0.15070409097240592,-0.6497900521313689,-0.4723176038539074,-0.6941558255444424,-0.4251360800282844,0.38237535959517033,-0.4846237089171882,-1.019092945816409,-0.7029177864157086,-0.40887938209301433,-0.4660546508565234,-0.9541866793037505,-1.2052948804881005,-0.6663639641110671,0.05677446769459199,0.5034643620605421,0.7167727051266096,0.5210020119186368,0.2115177783965368,0.664896315723324,0.2044646553166367,0.6260729825722207,0.8427612250610729,1
0.030604356373531493,-0.7462318004251005,-0.4445202009343899,-2.6280848929989626,1,0,0,1,0,0,-0.5460174906653681,-0.1320644781339853,0.41865771818768077,-0.5558460221431568,0.956154143578093,0.32800274635558757,0.6420985354367821,0.30207594763085244,0.5818116077441613,-0.19987991443813688,-0.25531120601482993,-0.20477365834052283,0.4036574504449728,-0.7602854446816716,0.7335166003475754,0.6194429847639883,-0.8502349021538397,-0.3196624229650875,-0.5448307780589747,0.2610696854503818,-1.6525219020920465,0.32021210960322366,-0.17287549775641067,-0.5730535055114508,0.01982893314871272,-0.2610696854503818,0.544830778058974,-0.48105256270404034,1.3165582532877582,1.5373352948496766,1.6873748050966186,1.178470679804488,0.8256500952063961,0.8401159358104279,1.2862727349307197,1.6280466190990672,-1.497561096173398,0.7310941790521709,1.182056742050605,0.8970238815467907,0.5838262971166633,1.5214221626769286,0.28677986593896093,0.45906541823023866,1.2139110595827887,1
-1.9483158451337743,-0.02473435322416849,1.4383931084795292,0.3052077222492148,1,0,0,1,0,0,0.021834674520593164,-0.4646665069544949,-0.2849672597681238,-0.3591051399595187,-0.283066551233206,-0.07983699157812466,0.5050196753632064,0.05485780418654801,0.3183189559826293,-0.2667369493272594,-0.7618177179045136,-0.13025428474424833,1.0419952361285925,0.9181895289284495,0.48540366857417694,-0.16565989736728573,0.15796346821324436,-0.34521255971057857,0.2654778184316193,-0.440948977121442,0.21520200647358032,0.4109726815472711,-0.6016248972509274,0.5169782811857055,0.6533674696490667,0.440948977121442,-0.26547781843162,1.8515954531849566,1.5041813743507735,2.7427685400036137,2.204194824883068,2.185499213696451,1.526636207399079,2.3285715142574173,2.365952034945541,3.0077935238673232,0.27882240539001907,0.5034643620605421,0.32447439948480933,-0.0495139282068366,0.1607484349347019,1.0772976494417266,-0.20711139779498602,-0.4316415915936655,0.7190446135538346,0
-0.5862019402001745,-1.132748289997029,0.5693561964423357,1.7718540298733036,0,1,0,1,0,0,-0.1295925695289965,-0.40651929911874146,-0.4768649810287978,-0.21791462451008428,-0.4221665007562593,-0.14423273967292133,-2.3516878012344873,-1.5656689548402347,0.8934017456569869,-1.4614310587260801,-1.4160219226168098,-0.9309873234054842,1.2961856190677987,-0.25088623717943914,-0.5431704759428883,1.0715206571116087,0.29000620698284907,0.4807939418395723,0.6912331826893887,-1.9553123256192235,3.0193965619576475,1.6047935169604868,-0.14453519210981217,2.2618642672164317,2.310299555700561,1.9553123256192235,-0.6912331826893894,-0.28608496734615396,-0.5596729573423944,-0.20030810005147043,0.369483754641173,0.47867119015075044,-0.8756195703398886,-0.22015379130249568,-0.5408768497097485,-0.29429738304996345,2.9711536499470723,1.6416134470186852,0.2788583174334372,0.15794641365697218,1.0745966172477384,0.9504049313745251,-1.3595243465075295,-1.9903788587854983,0.5953280020465953,0
-1.1516077120594044,-1.0812127580541053,0.27967722576327125,-0.8681093238500562,1,0,0,1,0,0,-0.81101516775215,1.8112152077368942,-0.6175899766199587,-0.07556680975368728,1.4706739894140342,1.4513507964537073,1.9720337512944754,-0.46991066954445454,-0.21729792705850318,1.0765897760386256,1.3015580345575328,2.440680138394526,-0.5672524647219699,2.0557806710066453,-0.7546192879661944,1.033368320774834,1.6970520198061552,2.122867476488746,3.268173545302205,0.08746187929198715,-0.6880491118540473,-0.1109938958265996,1.335489050530388,0.22836440122714574,0.3804777181781423,-0.08746187929198715,-3.2681735453022056,1.245803281894381,-1.009968447893631,-1.3193140559302208,-0.6770767854263857,-0.03337721691295973,-1.1591645145976028,-0.7910682597479163,-1.7589765728033937,-1.1004416420156866,-0.6093693453916895,-0.02767187758659086,0.2514886682026129,0.9229564242797662,0.9730579303240674,-0.8895394805998851,-0.6186874509066087,-0.6543183440496418,0.038603250264021984,1
2.0095245578808356,-0.9008383962538722,-0.8790386569529866,-0.13478617003801185,1,0,0,1,0,0,-0.7479204827314877,0.5436060769174694,-0.8478672421327675,2.609367582399492,-1.2922481779456862,-1.5985033841470793,-0.1268608324222568,0.25826751140433035,-0.03270112530533379,-0.24621044046776028,-0.23066275653379162,-0.30185138027006425,0.5696701306505457,0.8100511130993617,-0.2693320908739697,0.7024653479925309,1.0204119085313603,1.4967780706614597,0.3041828515459608,-0.7133741297612541,0.9857966032859722,-0.6242912407504679,0.750613463019166,1.3444374020906324,1.7611853422131445,0.7133741297612541,-0.30418285154596153,0.38237535959517033,-0.5596729573423944,-1.0463857740085747,-0.5737127814690962,-0.1699234587966153,-0.7495995951142377,-1.1988643086375024,-1.4267675574142176,-0.6043528672675491,0.8339422496285867,-0.6346847228976005,-0.19554893590083341,0.20981149912292413,0.7530574419894479,-0.15990635171348128,-1.5241547677521787,-1.8790404825575102,0.40975308478573785,0
0.8787130141623758,0.026801178718756015,-0.15484123025532542,-0.4281154315628296,1,0,0,1,0,0,-0.7605394197356201,0.5668649600517709,-0.5664172509504457,-0.12880257787396582,0.8732499130600327,0.5355001568832657,0.3150769572260975,-0.08445871323268858,-0.6677099975232522,0.946535653344473,0.8946474772941753,0.5205227040797709,-1.2987577496511797,-0.17653328577548397,0.6725074511875229,-0.13370559781680938,0.4864592017618188,0.7356633009436058,0.18286856865026183,0.5285640660967139,-0.6145121579650443,0.7896254359126776,0.7784207037444182,-0.7963439849726152,-0.4448535085775804,-0.5285640660967139,-0.18286856865026252,0.38237535959517033,1.6167552469885829,2.4379986251911094,1.971625815979166,2.1342943729900803,2.3378897979142055,-0.05703537174666111,-0.1532996650890431,2.744246362282375,-0.24854144663662048,1.5657368413548085,1.9484069205136576,2.1547522040961304,1.5992131663533709,0.728342674756924,1.2745623934068555,1.795125932966095,2.079927340133461,1
-0.7661037767008384,-0.02473435322416849,-0.8790386569529866,0.3052077222492148,1,0,0,1,0,0,-0.7731583567397526,0.697696177682216,-0.2849672597681238,-0.3591051399595187,1.4350827726849007,0.8141012059322817,0.48624196613942305,0.3927270227397243,-0.3264247468194409,0.8087232356206606,0.6339196999662299,2.397635389982419,0.7063607327875351,1.2267006598956751,0.782645490593592,-0.9637955308362214,1.6779221056055669,1.6089360212359771,2.896037747595697,0.3978337296906128,0.5495735552360529,0.24500690786717977,-0.5222879962078164,0.5712659205663236,0.7466862139653496,-0.3978337296906128,-2.896037747595698,0.6330479821981672,0.19081952690966666,-1.255630790148503,-1.4781478160953823,-0.8867912286858101,0.16404522527173035,0.35076067714292497,-0.762349526635866,-1.3484860293897554,0.6118943119331598,0.35171115073279,0.3518440487156324,0.015317428625603584,0.24536400737109418,1.0772976494417266,-0.7833178721512579,-0.7099875321636356,0.9664778365683122,1
-0.894605088487027,0.8771374557769975,-0.15484123025532542,-0.13478617003801185,1,0,0,1,0,0,-0.8236341047562825,2.6194613966538665,-0.7839013350458762,0.566734305610543,1.1681743538733984,1.5765647510824785,0.7775262198209095,-1.018863069939098,0.755486544480876,0.5487615513405512,0.8085400754924295,0.6188615235130309,-0.5566494430207835,1.0219960975254578,-0.3016502785904545,0.7158880884704921,1.307747677310756,1.7699302070787615,0.9153149533513734,-0.06374491962016399,-0.060002676913017715,1.0962349112982572,-0.31337692632562875,0.5553987582107413,0.6768506610797063,0.06374491962016399,-0.915314953351374,1.07868820015905,-0.18442671521636386,0.34554846379182197,0.6795757665130432,1.2296755205108585,0.25856020669096863,-1.3619827281933365,-1.7589765728033937,0.9459245538203791,0.5286263352973745,2.1727496866658176,2.4775534723095745,1.8824605053998806,2.0561372575098895,2.473117548180934,-0.20711139779498602,-0.26463402725168356,2.945943620684131,1
-1.1259074497021662,-0.7719995663965628,1.7280720791585935,-0.8681093238500562,1,0,0,1,0,0,-0.4576849316364408,-0.22161117820104556,-0.7966945164632545,0.696930477643833,-1.1907743066096774,-0.7090371135877005,1.1870341335050438,0.5352589749884317,0.45698066931552933,0.3153036675593698,-0.08961089942681938,-0.2632202258670116,-0.8838598653088124,2.566253731999886,1.53526023954127,-0.12814207265579816,1.7518297210779814,1.588383174265347,2.110417730215288,-2.4520876039624104,0.9135706335154533,0.8033302641134087,-0.7534783089420726,1.3111294506004318,1.667245574005785,2.4520876039624104,-2.1104177302152882,2.6105764493995856,1.6167552469885829,0.381938901381374,0.2531992501892221,0.9736513169790033,0.6366201323679207,-0.6279498401920818,-1.3713993881826885,0.5738579727592754,0.25106641317809053,0.04820472807728505,-1.6278939123139191,-1.6832641203843295,-1.1931007240475748,-0.0647368131630805,-0.12479618717266176,-1.0440026608476,-1.5078543935764617,0
-0.894605088487027,-0.7719995663965628,-0.15484123025532542,-0.8681093238500562,1,0,0,1,0,0,-0.8236341047562825,2.6194613966538665,-0.7966945164632545,0.696930477643833,1.048156237724814,1.4759463946843587,0.04006169509704479,-0.7064970566895733,0.9173628778216077,-0.050434904767910495,-0.16630497949255735,-1.7058340584028953,-0.9319101066503063,0.8271098765742579,-0.5718700174518593,0.7839521537305632,1.2636991436135123,1.7954018826692493,0.5873904109192033,-2.9091208600381435,0.7707316808923667,0.39680255272596754,-0.4662694753787357,1.3211967414856258,1.9690651100920926,2.9091208600381435,-0.587390410919204,0.939425632046274,-0.40957446049198204,0.49111021415003275,0.8475422729436388,1.3832900426299712,0.3530751881102058,-1.2804235184154193,-1.592872065108806,1.1939689411944467,0.27882240539001907,-0.1035484832504671,-1.244718823082393,-1.2553771652902237,-0.7530997473783346,0.28421816152172197,-0.04248097655033679,-1.0996718489615938,-1.0748462533011267,1
1.135715637734753,-0.9008383962538722,-0.15484123025532542,-0.13478617003801185,0,1,0,1,0,0,1.220633689913178,-0.6739964551632072,0.9943508819697028,-0.6426434701653501,-0.08832923796972164,-0.02170194121476656,1.0500505463974563,-0.5002149824756073,2.4781202297207416,0.09559065567058277,2.009428647370198,0.8068783912410151,-1.1430317516497128,0.7819886004414454,0.6455034015593031,0.6715857364561305,0.9151123238975005,0.5506214795644915,0.03622492998512883,1.0645584453617318,-0.6787670501596429,1.3332118990004718,-2.7127944738904803,0.7782729067603573,-2.074780950268386,-1.0645584453617318,-0.036224929985129536,0.8280155775560533,0.7161642658861095,0.30006041680488094,0.6149732640397371,0.9907195972144606,-0.6235796198885869,-0.22015379130249568,-0.26403600355210183,0.3258135853852078,-0.6093693453916895,1.33810702436318,0.19674936974096682,-1.268343436656712,-0.939254006738398,0.09387908442092041,0.6160407084282594,1.4054416161681371,0.47161139053935697,1
0.6474106529472365,1.2636539453489257,0.5693561964423357,0.5985369837740325,1,0,0,0,1,0,-0.10435469552073157,-0.41349696405903186,0.5337963509440852,-0.5888290523915902,0.40401028918592347,0.13705146554671133,0.3372829816181554,-0.5874136497503323,-0.6174246936524167,0.9639300240371441,1.5907794859948505,2.047924416897212,-0.9309040176132154,1.1267485876416685,-0.895324276888271,-1.0543340007952327,1.261667872958706,1.8872414647557574,1.8833482026111439,0.9252428331319453,0.6568337163797479,-0.09067253698945628,-0.21546375114326224,-0.05115900917206565,-0.22556727316535036,-0.9252428331319453,-1.8833482026111446,1.2736557955169365,-0.7097714541928067,0.5820863081239148,-0.09565426316663046,0.4103980692089227,2.4639097731398567,-0.38327221085833024,-1.0945585420250417,0.8839134569768611,0.5841383197212315,-0.1035484832504671,-0.04957747333644305,-0.1532440991387405,-0.1607907403235886,-0.033013633646279864,-0.5363722402842841,-0.15329565102369538,-0.023255055489598248,0
0.18480593051695732,-1.5708003115118816,0.5693561964423357,1.478524768348486,1,0,0,1,0,0,0.08492935954125552,-0.5117657453014551,-0.4896581624461761,-0.191296740449945,-0.6189974941871269,-0.24574548146124664,0.7387512658813117,0.8548662787363613,-0.670039713291494,1.0183219587800212,-0.0697831200261919,0.6919195064016188,0.9060658559602998,1.5437039719728622,0.7953285014702611,-0.8167419932691942,0.6891318092374424,-0.3627902853663109,-0.09305301462755473,1.0359845289758263,0.5151992014784975,-0.37658816241572785,0.0952197975947606,-0.6923559641061957,-0.2634726285310381,-1.0359845289758263,0.09305301462755473,1.4964759044973779,0.7912135143113154,0.13630344765189217,-0.3153027715758717,-0.03337721691295973,0.006520256239666901,0.2692014673650073,0.34501385799472056,0.015758101167622184,1.1670141561717275,0.27583454506891375,2.2403498456424398,1.9602581335988092,1.480751364942421,1.8069307783281299,-0.4540570296619595,0.013711913318286572,2.265502257394317,0
1.1614159000919912,1.8047770307496258,0.27967722576327125,2.505177183685348,0,1,0,0,1,0,2.343719083280968,-0.7344695513123908,1.058316789056594,-0.6513232149675694,-0.35281008000132574,-0.06150209107891172,-0.19936402916229307,-0.1517362657576592,-0.2165842082556971,0.2545821262313674,0.025246587820457838,-0.857355762193651,-0.23471407581771286,0.36988402939718107,1.3473398037743936,-0.3798984061767885,0.5557358948707181,0.191461027384532,-0.653257441282515,-0.5214382267650228,0.6468042995718192,1.5579982247428756,-0.08568339264558321,0.20713417205352275,0.1541026277331742,0.5214382267650228,0.6532574412825142,0.02029268250195297,0.7161642658861095,-1.073678602200739,-1.077612300760884,-0.8355863879794388,-0.655084613695,-0.8726274695258333,-0.7069813574043363,-0.9764194483286528,1.055990187324014,2.191718838081787,1.4169795646151717,1.146624605351685,1.1761353041714093,1.0852284443209261,0.9247227482619764,0.7095767647432119,1.322163094651623,1
0.004904094016293398,-0.7204640344536393,0.27967722576327125,-1.6014324776621007,1,0,0,0,1,0,0.47611640666936217,-0.5786350343125716,0.41865771818768077,-0.5645257669453762,-0.037118075935926524,-0.008733353056786679,0.6765947923364317,0.5644362510250395,-0.9514367128916781,1.5413792284894372,0.8580494433082989,0.20872074336105798,-0.8189255061870099,-0.11181689518572828,0.610179185288874,-0.22385442984666498,0.4519508490021719,0.23954276587237786,0.004530982273632039,0.28017642692511974,-1.0525476530585154,-0.16344235530151371,1.0756937462844989,-1.6341571707720846,-0.8816394124420738,-0.28017642692511974,-0.004530982273632748,-0.10968571440330459,0.5660657690356972,0.010958607065655754,-0.10713915249521817,0.08041131799008658,0.10453579252628381,-0.03891110290712402,-0.04871534542948758,0.2086815135696748,-0.9979532363586869,-0.17942508891434333,-0.07694712256726609,0.4821031978191731,-0.24540631275998087,-0.5723076854318833,0.6160407084282594,0.848749735028197,-0.1469716669968365,0
-0.4577006284139859,0.928672987719922,-0.15484123025532542,-0.4281154315628296,1,0,0,1,0,0,0.2868323516073751,-0.5495614303946948,-0.5536240695330674,-0.1363250233692226,-0.8740265250004694,-0.3172963126776874,-0.08523433323340798,0.167660203267878,0.06441934107950202,-0.3185062822765669,-0.4956617276515559,-1.1744059840292758,-0.19074499320976374,-0.49819263864215874,0.17455139828551114,-0.5833612391325063,-0.5294335560007006,-0.6311292047453446,-0.6392523306161405,-0.9677470132502359,-0.3792677993116624,-0.05525713168241391,-0.674285183501116,-0.09469581229637845,0.028209692356802967,0.9677470132502359,0.6392523306161398,-0.5367575899491508,0.04072103005925432,-0.3367722410122935,-0.5737127814690962,-0.7331767065666972,0.038025250046078915,-0.5463906304141645,-0.319404172783631,-0.6663639641110671,-0.10976148557697851,0.35171115073279,1.2641656897430753,0.6636309969500054,0.5838262971166633,1.7117612397777302,1.1922471827845313,0.7374113588002092,0.904619530814692,0
0.4161082917320974,1.1348151154916164,-1.168717627632051,-0.13478617003801185,1,0,0,0,1,0,0.9430170758222637,-0.6420154908535428,1.2246281474825116,-0.6681040549185268,0.08414383303891333,0.022570135600406147,-1.6404672818366377,-0.36514502777363256,-0.26927425570448865,-1.540960501051027,-1.2282968624018145,0.7167496705206166,1.7208231307985975,-1.0866975717525618,-0.08291793713822455,0.3377917990647833,-1.2052576667096797,-0.9564164678442794,0.6912331826893902,0.2920044097428146,1.1952942792669607,0.41810764077771684,0.7075551098321944,0.8866253516080589,0.6630915486571377,-0.2920044097428146,-0.6912331826893908,-0.8988402670423681,0.26586877533487285,1.1006500437750428,1.1317932838261862,0.512807750621665,0.41608517572303205,2.063504082479186,1.784586258014483,0.20179139169817292,1.2225261405955843,0.5034643620605421,0.3062279666642602,0.6376984542170299,0.9899810448113461,-0.5088613263982832,-0.4540570296619595,-0.3759724034796717,0.5953280020465953,0
-0.4063001036995106,1.2636539453489257,-1.6032360836506476,0.5985369837740325,1,0,0,0,1,0,1.3846798709669002,-0.6862073688087155,0.5337963509440852,-0.5888290523915902,-0.3267043347407549,-0.07268190845648059,-0.9215777049580238,0.10115345572090771,-0.9675619988197496,-0.17308224333130462,-0.3840895538118759,-0.2660645698580386,0.2925635944647745,-0.6096324836716517,0.10939300444023717,-1.3543711630346333,-0.18856798213563544,-0.77308001634327,-1.6800625169741377,1.303385209184222,0.672338637828596,-0.029248782065108406,-0.03832273788733958,0.04684216120736426,-0.2554269370313812,-1.303385209184222,1.6800625169741377,-0.45320004908148526,0.340918023760079,0.7185504490847379,-0.1602567656399366,-0.22112829950298704,1.1722050270769362,-0.38327221085833024,0.5111183656893089,0.8839134569768611,0.6951622885689447,0.04820472807728505,0.24236545179233895,0.1838789563899486,0.19459466390925928,-0.09645999267988113,-0.7010026615289333,-0.15329565102369538,0.34789477903211874,0
-0.9717058755587404,-0.7204640344536393,0.27967722576327125,-1.6014324776621007,1,0,0,0,1,0,-0.4955417426488382,-0.1745119398540853,0.41865771818768077,-0.5645257669453762,0.850604239668248,0.3020655700396278,1.671736140491415,1.57006437959028,-2.0969908436472084,1.7379056119598042,0.30065238101372316,0.2313677123098349,-0.7986298659629514,1.2985144701238107,1.8126529462307888,-1.6460124133794565,0.989470252198456,-0.25005070331262796,0.4292298816076853,-0.11014700605881247,-1.0271294393046775,-0.3390867048452644,1.2125729982604865,-1.366656597008952,-0.6349886634227381,0.11014700605881318,-0.42922988160768605,1.217950768271826,1.6918044954137887,0.02713213488323473,-0.8321227913623208,-0.4430159425639276,0.6366201323679207,-0.05703537174666111,-0.26403600355210183,-0.10826409251941274,-0.9701972441467586,-0.3311783002420958,-0.040454256926167845,0.585833368751077,-0.0423289389126401,-0.635754044465484,0.7806711296729086,0.793080546914203,-0.08511336124321738,0
1.135715637734753,1.1605828814630785,-0.15484123025532542,1.0385308760612593,0,1,0,0,1,0,1.220633689913178,-0.6739964551632072,0.29072590401389814,-0.5448516787270123,-0.4022774604658666,-0.09727750668713209,0.21108806082384726,-1.4286736643046898,0.6683859370255427,-0.26695778629515166,-0.2736416838956587,-0.5482927890053638,0.16790216056608218,1.6207339922003114,0.7311535699223621,0.5815203624720676,1.0257969947318846,0.6873124206352768,0.25295560183580257,-0.9986842558367333,1.3258952214517312,2.693353036036999,-0.3293340843008868,1.3778054870913796,1.0267743951722854,0.9986842558367333,-0.2529556018358033,1.6357384726101538,0.7912135143113154,0.28186519801010423,0.5503707615664309,0.9736513169790033,-0.49755964466293656,0.02452383803125581,-0.09793149585751397,0.44983577907224165,1.8609139614699375,3.53852858861559,1.5469853984615822,1.1044842234105985,1.6838287387897632,1.4579758036433286,0.6983559190505837,0.23638866577426285,1.770635811365363,1
1.1614159000919912,-0.7204640344536393,0.27967722576327125,-1.6014324776621007,0,1,0,0,1,0,2.343719083280968,-0.7344695513123908,0.41865771818768077,-0.5645257669453762,-0.619718498812824,-0.1285809953443249,0.9253373649428968,0.8411466915893373,-1.094175036499868,1.4671221107106753,0.6182792126193293,-1.1900000157840416,-1.168874204680375,0.37557161704840336,0.7432286211979459,-0.23359860446446326,0.5294880113877308,0.17899178348146189,-1.2010128806784757,-0.4318681387001143,-0.9114373966327162,-0.4099501148336048,1.2610298606527715,-1.4569560723745212,-0.6290426185803092,0.4318681387001143,1.201012880678475,-0.007559831120602114,0.19081952690966666,-1.1828499149693978,-1.1034533017502068,-0.8697229484503528,-0.844114576533476,-1.1988643086375024,-0.8730858650989243,-0.9144083514851348,-0.8314172830871166,-0.3311783002420958,0.19674936974096682,0.8321925247143505,0.12690220596014448,-0.44541496736468245,1.2745623934068555,1.127095675598167,0.10046155601764112,0
0.930113538876852,1.1348151154916164,-0.4445202009343899,-0.13478617003801185,1,0,0,0,1,0,-0.5333985536612357,-0.13962361515263325,1.2246281474825116,-0.6681040549185268,1.249759184919026,0.40894462416918614,-1.386810713382607,-0.6657283426429412,-0.8445716911734747,-0.8100729745371736,-0.6947851470636154,0.570660835604583,0.6146878939984692,-0.17293696888994903,0.03852806136192591,-0.6580402686986286,-0.07812478167757775,-0.2134738540828825,1.116988546947158,-0.329502323768793,1.7555974740136755,0.9523296088963753,0.4932907862727446,1.0168891308700427,0.6948390497580154,0.329502323768793,-1.1169885469471588,-0.007559831120602114,0.26586877533487285,0.7094528396873502,0.22735824919990022,0.18851042614798086,0.9831750642384596,1.0847935651441794,0.5664865349208381,0.3258135853852078,1.7776459848341521,1.0346006017076752,0.33359761589508324,0.5469345546516133,0.9561348158367899,-0.3502454288142823,-0.04248097655033679,-0.2089648391376897,0.47161139053935697,1
-0.7147032519863632,-1.5708003115118816,-1.6032360836506476,1.478524768348486,0,1,0,1,0,0,0.4256406586528323,-0.5699129531372086,-0.4896581624461761,-0.191296740449945,-0.8261643887198769,-0.2904647509715221,-0.8966688271984071,-0.013509674227031115,0.7449582679528074,-0.5536250200298427,-0.22638435407280513,1.495298406360402,1.3730238766596268,-0.7127908163682981,-0.22151123458094102,1.0177427159365242,-1.1589682031736053,-0.5087615119550613,0.4407888507730546,1.6022396676771504,0.5346276464016027,-0.20336264024598114,0.004350370241657365,-0.40130134601395007,-0.20239584634389352,-1.602239667677151,-0.4407888507730553,-0.6203151308168162,-0.10937746679115769,0.33645085439443295,0.8346217724489774,0.2738518273252659,-0.2770246880180474,1.0032343553662626,0.8433273810784847,0.20179139169817292,0.9727222106882286,0.27583454506891375,1.5469853984615822,1.3119445652744073,1.0407503882731821,1.2041903675089267,-1.0302635040182315,-0.4316415915936655,1.8324941171189824,1
0.544609603518286,0.4648532002336079,-0.8790386569529866,0.3052077222492148,1,0,0,1,0,0,-0.016022136491804253,-0.45245559330898666,0.7256940722047591,-0.6050312426890664,0.41387748462604973,0.11961095043770391,-1.55036998603915,-1.2693390118206518,1.1038070512853169,-1.2112248667369043,0.0242181243061514,-0.21835049994545294,-0.02929133693859886,-0.8363668871931415,-0.4965695267337236,0.557111908350161,-1.055691717537278,-0.07305689695999608,-1.0618771407249559,0.7553527801229527,1.3201392667044842,1.2447551783675614,-0.9490974766378464,0.589480817363452,-0.10281058821423761,-0.7553527801229527,1.0618771407249543,-0.7595776989295921,-0.40957446049198204,0.20908432283099887,0.47284775859846334,7.593435579547688e-4,0.3845801819166189,-0.5463906304141645,-0.09793149585751397,0.44983577907224165,1.3057941172313696,1.2622304186993043,0.21499580256151593,-0.32180562690308556,-0.07617516788719629,0.506280418139323,-0.37174181903963527,-0.04195727479570725,0.47161139053935697,1
-0.3291993166277972,0.4648532002336079,-0.4445202009343899,-0.8681093238500562,1,0,0,1,0,0,3.7696589647479377,-0.7722652364056305,-0.7071422465416066,0.11249432762773152,-2.2593103495877203,-0.680863973796227,0.548166448658669,1.4006582076043828,-0.6667157788851331,0.21477638802644286,0.038141118362653735,-1.0523995229579333,-0.6665726480403337,0.19035005431918745,2.5743569054506175,-0.6521789726130016,0.27083168386118833,0.10378572323685624,-1.4375436385994584,-0.009609152108407288,-0.5720432592613178,0.6564868877773323,0.2560458332710657,-0.02159698235926041,0.05174123661933121,0.009609152108406583,1.4375436385994576,0.35452284597261524,2.81754322179188,0.6730624020977969,0.2015172482105774,0.3079883877961804,1.0146800580448727,-1.4435419379712537,-1.0945585420250417,0.44983577907224165,-0.3595654154843339,1.0346006017076752,1.0360852794862145,1.026686595211671,0.9561348158367899,0.5380035976561225,0.12214944469431245,0.1250502895462747,1.0901944480755505,0
0.5189093411610479,-1.1069805240255675,0.27967722576327125,-0.4281154315628296,1,0,0,1,0,0,0.791589831772674,-0.6257342726595319,-0.4128990739419065,-0.2838806850069512,-0.8699990559918621,-0.2618444184849458,0.33389260022242495,-0.3666480328492878,0.08671441928704147,-0.08796982950604425,-0.6712251700029139,-0.2739605358274205,0.6510148460245241,0.6416442310624877,-0.10958882649029542,-0.9069486908992367,-0.5605448978129484,-1.8173589891251773,-1.1100395122473277,0.7272741774339888,0.17683756695790936,0.39345225095038744,-1.0299374846710445,-0.43698516099787393,-0.9016717377510115,-0.7272741774339881,1.110039512247327,0.27096530510494976,-0.40957446049198204,-0.973604898829468,-1.232658306696819,-1.347634795043149,-1.1591645145976028,-0.13859458152457876,0.4557501964577793,-1.2244638357027204,0.3620903820258042,0.6552175733882943,0.7715120035882557,0.06718251409155555,-0.11002139686175369,0.9186817518577256,0.36909507656128593,0.848749735028197,0.8427612250610729,0
-0.9974061379159777,-0.7719995663965628,-0.8790386569529866,0.3052077222492148,1,0,0,1,0,0,-0.6595879237025604,0.09877993697395579,2.7214303733157688,-0.7415925609106505,1.960722149154853,0.6490871014393653,-0.6032527782906403,-0.5431730400468531,0.03315313286766426,0.08926882192580693,0.3129032811057012,0.6047070672409546,0.02895480439865715,-0.6785946839826693,0.15238769384280984,0.21613605697099775,-0.12427522804167195,-0.001795859091465152,-0.30025191215747105,1.122534507594003,0.16079386041575788,0.8981806902594679,0.171874449907358,-0.2438256080729453,-0.40854289704472263,-1.122534507594003,0.3002519121574703,-0.5089050763265954,0.41596727218528484,0.8095265430586199,0.8087807714596554,0.7176271134471482,0.4475901695294441,0.02452383803125581,0.17890935030013266,1.069946747507413,0.3065783976019474,1.1104772073715516,0.6255405410238652,0.6247321828505417,0.4822876101929924,0.030432725387320277,-0.5363722402842841,-0.04195727479570725,0.6571863078002155,1
-0.5091011531284612,0.28447883843337485,-0.4445202009343899,1.478524768348486,1,0,0,1,0,0,-0.6974447347149578,0.12203882010825716,2.4143940192986904,-0.7305982174945059,2.0604839853061994,0.6584781480365232,0.05896300718617218,-1.9875927781132259,1.879778304723085,-0.34161724958290834,1.382562998783397,0.6075831764651958,-1.222828489089317,-0.12122268677749416,-1.2883577753745343,0.9303057494035738,-0.17716254714352533,0.5476168537894177,1.0418552473722593,-0.2046283627832927,-0.20311377711583473,1.4373849277156554,-1.634852355696293,0.28583151578244953,-1.2627583380219636,0.20462836278329197,-1.04185524737226,0.4659329004628361,-0.7848207026180125,2.501681890972826,2.7597763461535,2.526864818405591,1.518759958947476,1.3294711944779316,0.8433273810784847,2.1241353938472036,-0.3318094232724056,1.0346006017076752,-0.5969704579529088,-1.2813097080232,-1.1084851516111824,-0.3819686083310823,0.7806711296729086,0.7374113588002092,-1.0748462533011267,1
-1.100207187344929,0.4648532002336079,-0.4445202009343899,-0.8681093238500562,1,0,0,1,0,0,-0.3945902466157784,-0.28789899513380446,-0.7071422465416066,0.11249432762773152,-0.7159471060820791,-0.3083524587756323,0.5139019733289966,-0.2886887773770943,-0.8968155437669005,-0.3990424262623388,-0.7958438210084666,-0.7707030765540969,0.6512099905049843,0.06496268240240419,0.6189384421689405,-1.0147516683541618,-0.41626025635941194,-0.8992588176741966,-0.8989374548998709,-0.1595918522639314,-0.649683256850509,1.0162733510306388,0.20624932740980859,0.12632402910484905,0.15668473559799467,0.1595918522639314,0.8989374548998709,0.24311279148239442,0.8662627627365218,0.7367456678795146,0.046471242274642305,-0.11871861809024475,0.8886600828192224,0.18764225758709038,0.7325910426154264,0.8219023601333442,-0.5816133531797613,1.0346006017076752,0.19674936974096682,0.2746428559553643,0.31305646532020776,-0.0012904541294803558,-0.37174181903963527,-0.48731077970765985,0.16231986177126023,1
0.030604356373531493,1.4182605411776974,-0.4445202009343899,0.3052077222492148,1,0,0,1,0,0,-0.6091121756860305,-0.0070479812871154434,0.48262362527457214,-0.5813066068963335,1.1496301090608296,0.443825654387201,0.16928965181778366,0.9424839026842167,0.785999335478263,0.1820013968870942,0.3222483361636999,0.20402439803178055,0.03166458125224155,-0.5042778140169032,0.9305658504020425,0.7233894999724308,-0.7256677604342239,-0.5787128009716772,-0.6616343299053916,0.9344658179137063,-0.7392698318611265,-0.36136829361195166,-0.34755073867752484,-0.965431874782639,-0.9839390322777783,-0.9344658179137063,0.661634329905391,-0.06326485836571254,1.841902992264201,2.2287536090511795,2.3721613313136634,1.8612018892227682,0.7311351137871589,1.4110304042558486,2.0614271041721297,2.3721797812212735,-0.6926373220274746,-0.3311783002420958,0.03253147435602734,-0.1532440991387405,-0.5161761445564365,0.062155904904119784,0.12214944469431245,0.6817421706862145,0.038603250264021984,1
-0.8175043014153137,-0.87507063028241,0.27967722576327125,-0.13478617003801185,1,0,0,0,1,0,-0.48292280564470574,-0.18904874181302367,0.047655457083711085,-0.49798105679502797,0.6012107032117973,0.23945859272524214,0.7749798478594125,2.7216151010465714,-0.9269867451647941,0.6802681161944444,0.16058034227187581,0.30083609298399216,0.15410461970234912,-0.0016014683722184128,3.830718478390104,-0.4943635296731701,0.11813226702371742,-0.5171508000757212,0.6417267449849983,-0.2261522221554376,-1.0792285118777212,0.10202753957920051,0.7704342637955792,-0.8018604039350148,-0.7136594105687387,0.2261522221554376,-0.6417267449849989,0.02029268250195297,3.643084954469147,0.11810822885711679,-0.1602567656399366,-0.10165033785478751,-0.05648973137315825,1.166352774922097,0.8986955503100138,-0.29429738304996345,-1.053465220782544,-0.02767187758659086,-0.350643614875499,0.08014878545804377,-0.24540631275998087,-0.9847090191502859,0.5337254978059351,0.45906541823023866,-0.7036964187794109,0
-0.9974061379159777,-1.41619371568311,-0.8790386569529866,-0.8681093238500562,1,0,0,1,0,0,-0.6595879237025604,0.09877993697395579,0.34189862968341117,-0.5512168249153065,1.2422160410794842,0.5019607047505591,-0.13501371523918168,-2.2963515118855238,0.8481668722345761,0.22841615118853262,1.761099662321837,0.481430146388053,-1.6548445067410567,-0.6624285878548721,-0.18449842710793352,0.09383764140158715,-0.26977358288538017,0.08747544787915562,-0.29127919636700184,0.9455004604204603,-0.47415098218830043,2.9669880422962884,-1.0651747481621234,-0.5760783509066686,-2.2041130634340202,-0.9455004604204603,0.2912791963670011,-0.4253475354589299,0.19081952690966666,1.2098213565437015,1.0801112818475405,0.9053781960371756,1.0776900456576979,0.2692014673650073,0.4557501964577793,1.5040244254120325,-0.5631093583718088,2.3497950998815287,-0.5939293858161508,-1.0090180093269512,-1.1366903424233135,-1.175048096251087,0.6160407084282594,1.3126596359781475,-0.8686519007890618,1
-0.3291993166277972,0.5421564981479937,-0.15484123025532542,-0.8681093238500562,1,0,0,1,0,0,-0.5838743016777656,-0.0727543261415168,-0.029103631420558513,-0.44763853694215583,0.7645816842404989,0.28999136727185343,1.1377788605419403,0.6422695109316334,-0.6122596492248078,1.3267531929346703,0.5049507910177025,0.810777604691056,0.05170747938730658,0.7150007111304538,0.259703376870829,-0.2649167846134145,0.8920344010447622,0.8008825802666676,0.30418285154596364,0.8041191033027003,-0.8676889162268174,-0.6213699182441205,0.5707636312508078,-0.9078319263551142,0.12544520170931384,-0.8041191033027003,-0.30418285154596436,0.6887530094432773,0.26586877533487285,0.08171779126756346,-0.06981326217730856,0.2909201075607231,0.41608517572303205,-0.05703537174666111,-0.2086678343205727,0.38782468222872474,-0.8036612908751883,-0.5588081172337243,0.0963939892279486,0.37837302688726915,-0.025405824425361403,0.37938770007212164,-0.6186874509066087,-0.32030321536567735,0.2860364732784985,1
-0.8689048261297889,-1.0039094601397194,-0.15484123025532542,-0.8681093238500562,0,1,0,1,0,0,0.059691485532990585,-0.5030436641260921,-0.68155588370685,0.10092133455810576,-1.080093611663091,-0.46486990206159645,-0.14722572228967823,0.35542649592041703,0.6482307808811477,-0.5158293663484828,-0.6742315743544056,0.11952005897212895,0.8181623885216287,-1.0332710672158467,0.41329599003542117,0.840752063820567,-1.0115266188241736,-0.9207159570897343,-0.12752713319093578,0.28949096339405445,-0.8277113249852089,-0.07380317001711632,-0.0412784510045021,-0.30616028461447015,-0.022365861475364138,-0.28949096339405445,0.1275271331909351,-1.0102503215325889,0.26586877533487285,-0.30038180342274146,0.1627557467265941,-0.2552648599739003,-1.033144539371952,0.35076067714292497,0.4557501964577793,-0.6663639641110671,-0.5538573609678327,0.4275877563966659,1.5652318312821314,1.298978293907919,1.0745966172477384,1.3945294446097283,0.36909507656128593,0.5704037944582268,1.708777505611744,1
-0.48340089077122306,-0.10203765113855341,1.0038746524609323,-0.8681093238500562,1,0,0,1,0,0,-0.6722068607066928,0.1075020181493188,0.9687645191349462,-0.6409075212049062,1.5671797076776843,0.5779834629180274,0.8363768142977732,-0.06525541130913193,-0.6975879310005452,1.1767236455472643,1.1350440900813992,0.5506168793419715,-1.3540558975256896,1.047428262652043,-0.31300917465014394,-1.256905968548499,0.5124611588000273,0.5558041740068055,0.5641420291796073,0.1914665557924087,-0.1164243413789851,-0.2240006199264492,-0.3094432118299596,-1.081530016447473,-0.9329783095722869,-0.191466555792408,-0.564142029179608,1.217950768271826,-0.10937746679115769,0.6457695739056325,-0.1602567656399366,0.0519641842643253,1.8968198846244282,0.10608304780917345,-0.1532996650890431,0.5738579727592754,-0.38732140769626244,-0.5588081172337243,-1.1534866589796486,-1.112748180258855,-1.396178097894916,-0.6992004034990842,0.6160407084282594,0.793080546914203,-0.8892713360402683,1
-1.100207187344929,-0.3339475448817109,-0.4445202009343899,-0.13478617003801185,1,0,0,1,0,0,-0.3945902466157784,-0.28789899513380446,-0.6047967952025805,-0.06978031321887439,-0.37968226651564924,-0.16748675981826458,-0.42533278184826445,0.3873539430592766,-0.42643496651348345,-0.6594948429441686,-1.210239422936087,-0.24339357666418124,0.5904759519328676,0.0035856076005147735,0.6516017405010996,-0.7410739648331139,-0.16122784563914203,-0.7660816795224187,-0.3471945350124867,0.012383503443245562,0.5950182837744292,0.12110487623613797,-0.16175698087668788,0.7310642139044327,0.8254408681068883,-0.012383503443245562,0.347194535012486,0.15955525061472892,0.8662627627365218,0.6548671833030202,0.13691474573727128,0.06903246449978255,0.5106001571422693,0.4323198869208419,0.6772228733838963,0.7598912632898273,0.5563823275093027,0.12408133374116129,0.041654690766301246,-0.0495139282068366,0.24536400737109418,0.4428340591057229,-0.28942660841731066,-0.32030321536567735,0.40975308478573785,1
-0.48340089077122306,-0.87507063028241,1.0038746524609323,-0.13478617003801185,1,0,0,0,1,0,-0.6722068607066928,0.1075020181493188,0.047655457083711085,-0.49798105679502797,1.1062772441807176,0.46752686722764697,1.8104667992904604,-0.5433928221474456,-1.279128977179249,1.3255992615974477,1.4178175335020762,0.14154936864092302,-1.458527813539228,1.4849971081241187,-0.4396848847776708,-1.0216100536130202,0.9238669018658332,1.1068624563862857,0.09517567272851181,0.0986623829151082,-1.0337065428114187,0.30535703625196087,0.7219925826953231,-0.8747084766553269,-0.76259647716961,-0.0986623829151082,-0.09517567272851252,1.3850658500071569,-0.40957446049198204,0.00893691608845806,-0.5220307794904515,-0.15285517856115927,1.3612349899154128,-0.9541866793037505,-1.0945585420250417,0.20179139169817292,-0.9979532363586869,0.19995793940503753,-0.22291858513165644,0.1709126850234604,-0.194636969298146,-0.857816301083085,0.36909507656128593,0.45906541823023866,-0.5181215015185524,1
-1.100207187344929,-0.4885541407104817,-0.4445202009343899,1.0385308760612593,1,0,0,1,0,0,-0.3945902466157784,-0.28789899513380446,-0.6943490651242283,0.10960107936032508,-0.663256819999967,-0.30611649530011853,-1.3326906340579845,0.6626935291066046,-0.01479528414559672,-0.8791352272407887,-1.3701092097272618,-0.3251181788033994,0.9626743024151909,-0.009067444359982977,0.3681313996700267,-0.7653459334987984,-0.0548008793588637,-0.49551142942978504,0.09840925777350726,-0.5410235229891278,1.8440786843786146,-0.5407817111724698,-0.748873204413857,1.133315361030655,1.2974386077018838,0.5410235229891278,-0.09840925777350797,0.18740776423728422,0.641115017460903,0.8186241524560076,0.2531992501892221,0.22264698661889537,0.8571550890128092,0.5138790966987595,0.5111183656893089,0.8219023601333442,1.611110031562582,-0.5588081172337243,-0.19554893590083341,-0.5422322401333817,-0.093098282374475,0.9821281108913258,-0.8656330827735822,-1.1553410370755877,0.038603250264021984,0
-0.8689048261297889,1.3667250092347738,-0.15484123025532542,-0.4281154315628296,1,0,0,1,0,0,-0.8236341047562825,3.113712663257771,5.625482555060635,-0.7878845331891535,4.088786542235724,3.0035566411553685,0.39586074641316854,-1.3873981694759832,1.1504074637480974,0.2735218279958269,1.1991945217773121,0.44400583652600684,-1.5026297572961287,0.7033751009061097,-0.5480836199677785,0.5106898407742703,1.3177164680188755,1.7535761396568759,0.4783555005605047,0.13114384342216406,0.1523501090028413,1.355189389553124,-1.059451502584166,0.9371147496846587,0.15301418445439152,-0.13114384342216406,-0.4783555005605054,0.8837206048011639,-0.3345252120667762,0.6912576208925736,0.8733832739329616,1.434494883336343,0.6996301199807459,-1.3619827281933365,-1.648240234340335,1.3179911348814817,-0.19302946221276363,0.6552175733882943,-1.2173491738515698,-1.488770049887009,-1.1084851516111824,-0.4771381468814831,-0.5363722402842841,-0.5429799678216537,-1.136704559054746,1
0.544609603518286,0.5421564981479937,-0.4445202009343899,0.3052077222492148,1,0,0,1,0,0,6.6341576646860085,-0.8001758961667921,0.7896599792916505,-0.6200761336795798,-1.0143130832627192,-0.13618327116107173,-0.6819133667386207,0.40127457068254024,0.5216133644865238,0.6138920327363114,1.3190385886905025,0.18273612248910118,-0.7301956831686048,-0.3953156119980164,0.49490303918825806,-0.2734565014734676,0.10160906958111479,-0.15881146949089828,-0.7825353858951971,1.0253393444399002,0.5532224344152809,-0.05497894110739266,-0.9878603553405941,-0.7285747171525546,-1.8698632562986848,-1.0253393444399008,0.7825353858951963,-0.3974950218363748,0.41596727218528484,-0.10023439668020068,-0.22485926811324272,-0.1699234587966153,-0.05648973137315825,0.02452383803125581,0.4557501964577793,-0.046252995675895824,0.3065783976019474,-0.2553016945782196,-0.6243401071837319,-0.996051737960463,-1.176177609560296,-0.857816301083085,0.2044646553166367,0.848749735028197,-0.8892713360402683,0
1.8810232460946468,-0.3339475448817109,2.1625905351771904,-0.4281154315628296,1,0,0,1,0,0,0.526592154685892,-0.5949162525065825,3.770471249540786,-0.7653171967033833,0.7848947931027475,0.13392111668099205,1.2860029194124802,0.4067706357080953,-0.28618895729815386,1.0940518283456813,0.36802736705220573,-0.583306933778015,-0.21677426381383902,1.82998479735031,3.4481564888809824,-0.7761912973000011,1.640434336521898,0.17620004004971448,-0.08286747959746427,-0.7133741297612556,0.040280883234168764,2.895982012013775,-0.3887675061697528,0.14863316954909897,-0.30642855710978323,0.7133741297612556,0.08286747959746356,1.6078859589875987,3.042690967067499,-0.20030810005147043,-0.5607922809744348,0.06903246449978255,-0.40304466324369825,-0.22015379130249568,-0.2086678343205727,-0.35630847989348147,0.08453045990652028,2.8556391376407038,0.22716009110854782,-0.014937204562868624,0.04792767168617923,0.09387908442092041,0.34165667302051117,0.013711913318286572,-0.45626319576493324,0
-0.09789695541265715,-1.6481036094262664,-0.15484123025532542,1.0385308760612593,1,0,0,1,0,0,1.296347311937973,-0.6803926480251401,-0.2210013526812325,-0.3822511260987702,-0.8129997365445611,-0.22785777365713644,-0.3941951314602959,-0.908611561343217,0.24687824743463782,-0.31577477967698514,-0.2791378164766838,-0.02975876352195338,0.40915349239010906,-0.6270551759896952,-1.6687733547423031,0.3104035376791848,-0.3727732625663538,-0.2026850572986492,-1.0383979846077995,0.9892830742375731,-0.07840821741413775,-0.42464263030240523,-0.02556521454887024,0.05695576918786395,0.16501032345683936,-0.9892830742375731,1.0383979846077986,-0.7874302125521474,-1.685411683720486,-1.1282642585850677,-0.8192022908676594,-0.9038595089212672,-0.9701345517591269,-0.709509049969999,-0.319404172783631,-0.9144083514851348,-0.22078545442469194,-0.5588081172337243,-0.5787240251323598,-0.5033334260339178,-0.44848368660732285,-0.28679906978068154,-0.7833178721512579,-0.4316415915936655,-0.08511336124321738,0
-0.3291993166277972,-0.9008383962538722,-0.15484123025532542,-0.13478617003801185,1,0,0,1,0,0,-0.5838743016777656,-0.0727543261415168,0.9815577005523245,-0.6455367184327565,1.2881924700219896,0.4429312689969955,0.8959855206426669,-0.1819936768138809,0.8550173710400418,0.6406079065023471,1.7523260075914138,-0.020395826762111536,-1.3935418615896955,0.5722781268535438,0.46065150465371363,-0.17943247604492787,0.8176128768528428,0.8434470529653083,-0.40749033797582196,0.37632648079799585,-0.6740761157549439,0.7112625978768767,-1.3491497234863512,-0.05468902023619906,-1.4546477481534674,-0.37632648079799585,0.40749033797582124,0.5216379277079463,0.41596727218528484,-0.018355912103706302,-0.10857476366129187,0.22264698661889537,0.3530751881102058,-0.5463906304141645,-0.4301405112466897,0.44983577907224165,-0.47058938433204756,1.0851850054835932,1.0178388466656656,0.07150460454705224,0.04792767168617923,0.5168548113115892,1.439192814651505,1.8693515171180877,0.9870972718195186,1
-1.4343105979890196,-0.5916252045963298,0.27967722576327125,-0.4281154315628296,1,0,0,1,0,0,2.9620469964834593,-0.7548210740549045,0.7512804350395157,-0.6160255861052109,-0.584546392367789,-0.10443258980877616,0.06309567023551811,-1.7045657114073338,1.5806464012701333,0.19518040690664834,1.0742976611587787,0.4167485960450876,-0.8721323678134254,-0.03912700837141175,-0.5549966299127372,0.3999001729416825,-0.5553745204546334,-0.7129885280642363,-1.1334326641296226,1.6925200961682518,-0.12683131112663823,1.7835864929068268,-1.7589354749234307,-0.8143760053789434,-2.092734099968934,-1.6925200961682518,1.133432664129622,-0.4412632575289614,-0.9349191994684248,-1.6208348245293718,-1.2105088772773998,-1.3256898633118475,-1.6407408484956254,-0.9192327322560718,-0.5408768497097485,-1.5433780480408084,-0.3595654154843339,1.1104772073715516,-0.998391980004983,-1.6313990349183765,-1.7684866166150421,-0.667477223982284,-0.12479618717266176,0.9044189231421907,-0.76555472453303,0
-0.8689048261297889,-0.02473435322416849,-1.8929150543297122,-0.13478617003801185,1,0,0,1,0,0,1.245871563921443,-0.6757408713982798,0.8024531607090287,-0.6200761336795798,-0.16824050718678335,-0.040484034409082256,-0.9098442633952878,0.42920300105629755,0.5971044778111354,-0.9134670379579919,-0.8769161049832738,-0.10483249281449729,0.6811402751955138,-1.1051947109849958,0.05084525888422744,-0.2018785298607587,-1.5184614994988774,-1.887880729933667,-1.5536587379424858,1.3979208031972914,0.16086306321209531,-0.5381589244394913,-1.0191302777050992,-0.2716453937303679,-0.7031142023209326,-1.3979208031972914,1.553658737942485,-1.1176814455053017,-0.18442671521636386,-0.6850807150837284,-0.6752309996414343,-1.1793903184365018,-0.9656338383582108,-0.33666694812809167,0.4873891503043674,-0.834679798400613,0.08453045990652028,-0.5588081172337243,-0.2046721523111086,-0.6848612251647502,-0.7361766328910565,0.2524949820049213,-0.5363722402842841,0.1250502895462747,0.038603250264021984,0
0.6217103905899984,-0.05050211919562982,-1.6032360836506476,-1.6014324776621007,0,1,0,1,0,0,3.2901393585909036,-0.764124627308625,0.6105554394483548,-0.596351497886847,-0.6992180656652726,-0.1267922245639139,-0.015055869282179567,0.42916839593964623,0.47699327869393954,-1.3540334098951996,-1.6593698610353778,-0.8978367573986505,2.3544709318750336,-0.9721234102969681,0.15788634362825038,0.13241740552607142,-2.70515306229139,-1.956806906793908,-0.8195116582252774,-0.41176056791003296,-0.950398704650613,-0.43088001894482014,-0.5189990690762456,-0.8531716882141622,0.2468210056622202,0.41176056791003296,0.8195116582252766,-1.17736540326792,-0.5596729573423944,-2.0334763936251945,-1.6719553235153006,-2.380265749288298,-1.4269569619521105,-0.01625576685770265,0.42806611184201476,-2.340663578886029,-1.0257092285706153,-0.6852691266735177,-1.01967948496229,-1.0954598184368711,-1.305921487296098,0.41111087958892223,-1.0302635040182315,-1.2852358093415737,-1.0748462533011267,0
0.544609603518286,-0.87507063028241,0.27967722576327125,-0.13478617003801185,1,0,0,1,0,0,0.791589831772674,-0.6257342726595319,-0.8478672421327675,3.101219787858587,-3.210403471662363,-2.8779216848360605,0.04056676658014356,0.4416250196552789,-1.0927417915119544,-1.4723936403360771,-2.8375342963836663,-1.254137594895008,2.69353526042827,0.9980741426362156,0.11964875150880647,-1.05286801857996,-0.5281289722763464,-1.9049821353159295,-0.8989374548998709,-0.8189388764091825,0.9408548469389232,-0.4862827062980373,0.43578381559532503,1.4654251687266626,1.8290892758299453,0.8189388764091825,0.8989374548998709,0.605195468575612,-0.18442671521636386,-0.8553359766634215,-1.2068173057074962,-1.3134982345722352,-1.0646495331783645,0.18764225758709038,0.7325910426154264,-1.2244638357027204,1.1392581639597994,-0.2553016945782196,0.7532655707677065,0.8840576101803024,1.4976744794297,0.8235122133073248,-1.277209135885205,-1.6563637301015341,1.3376276710900281,0
-0.5862019402001745,0.4133176682906843,-0.4445202009343899,0.5985369837740325,1,0,0,1,0,0,0.7537330207602766,-0.6216639681110291,6.073243904668874,-0.7901991318030787,0.9491159261195338,0.13257953859568378,-1.2407315218178772,-1.9165003290787646,-1.121806271334516,-2.8635421124221665,-3.3767348886289197,-0.07634783438718781,2.5081846792008924,-0.13773845201052187,1.2322074079845804,-1.7429365367993541,-0.6379608182590877,-1.8045952322712584,-1.5144873791279718,1.3979208031972914,1.5876407455155692,3.8648551785155947,-0.21793637767768986,3.235869626713562,2.6280847257158992,-1.3979208031972914,1.5144873791279712,-0.3417899945912644,0.7161642658861095,-0.8826288048555859,-1.5427503185686884,-1.6548638392813753,-0.40304466324369825,-0.13859458152457876,0.7325910426154264,-0.728375060954584,-0.19302946221276363,0.5793409677244183,-3.726233686677038,-3.2132841416299174,-2.377718738157067,-2.4439752769230942,-2.676567716464722,-2.7697474923814145,-2.9305954259097073,1
-0.48340089077122306,-0.02473435322416849,1.0038746524609323,-0.13478617003801185,1,0,0,1,0,0,-0.7226826087232228,0.20635227147009963,0.8024531607090287,-0.6200761336795798,1.7465040164254677,0.6379072840617964,1.0952236115481313,-0.0620424565622639,0.3680382440793992,0.924667565644332,1.627857712242159,0.9496876476619573,-1.3319856715383809,1.7687450220838867,-0.6582733984711631,-0.6059074985457295,1.0418524584359528,1.2980042089979953,0.6060821098378343,0.6941558255444424,0.24437409302287533,-0.5742886211883331,-1.1119992115527557,-0.21608316314867587,-0.8490462777502336,-0.6941558255444424,-0.606082109837835,1.6078859589875987,-0.6347222057676005,-0.082039177885424,-0.37990527404917784,0.03489590402886805,0.9831750642384596,-0.7910682597479163,-1.0945585420250417,0.07776919801113909,0.19555442875423396,-0.5588081172337243,-0.07694712256726609,-0.6329961396987983,-0.6684841749419423,0.2524949820049213,0.2044646553166367,0.6260729825722207,-0.023255055489598248,1
0.7759119647334253,-0.05050211919562982,-0.8790386569529866,-1.6014324776621007,1,0,0,1,0,0,-0.23054406556205628,-0.37919011143593734,0.6105554394483548,-0.596351497886847,0.5638572600079271,0.16924933959410968,1.5101656358136124,-0.01737094295345058,-1.1114240080508708,0.7359757123078374,-0.5662155390868094,-0.944578241265832,0.9254919565260064,1.3482275668618533,-0.48898777735183846,-1.5915988618030223,1.016426345410169,0.3092812969157574,-0.5796783524084306,-0.7133741297612541,-0.7527889789789194,-0.46601505653224,-0.08004951097273624,0.01361525889093581,1.0380609214834924,0.7133741297612541,0.5796783524084299,1.3293608227620468,-0.40957446049198204,0.1817914946388332,-0.6899972859210471,-0.2894014204448148,1.2352150146897614,-0.38327221085833024,-0.1532996650890431,0.20179139169817292,-0.8869292675109735,-0.7484996313934147,-1.1489250507745117,-1.0090180093269512,-0.939254006738398,0.09387908442092041,-1.4418395571298541,-1.7955367003865192,-1.0748462533011267,1
-0.8689048261297889,-1.6481036094262664,-0.15484123025532542,1.0385308760612593,1,0,0,1,0,0,-0.8236341047562825,3.113712663257771,-0.2210013526812325,-0.3822511260987702,2.563895407532787,2.6900745618883377,0.5412725076356876,0.09652617011740122,0.17553991111196587,0.8515681521117743,1.016893879441776,1.3489936931900337,-0.7762767483640683,0.9838483266497074,-0.33098786430713667,0.41089873931144394,1.412780067179853,1.8108539796552898,0.6912331826893902,1.1543098493943817,0.2303970577559746,-0.4640615742430885,0.17294466697275762,0.25047489588203065,0.4459346103719314,-1.1543098493943817,-0.6912331826893908,1.07868820015905,-0.18442671521636386,0.4456221671630917,0.6020527635450756,1.195538960039945,0.6051151385615076,-1.3619827281933365,-1.7036084035718644,0.9459245538203791,0.0012624832707351544,-0.6346847228976005,-0.7338187041070253,-0.5422322401333817,-0.4146374576327655,-0.44541496736468245,-1.277209135885205,-0.9883334727336057,-0.20882997275045564,1
-0.3291993166277972,0.6967630939767645,-0.15484123025532542,-0.13478617003801185,1,0,0,1,0,0,-0.5838743016777656,-0.0727543261415168,0.17558727125749374,-0.5234416415482046,0.9094433962149483,0.34857361033031425,0.7895276599864156,-0.6088167407778243,0.08431697940198872,1.1430127567055095,1.2317685970844294,-0.010510733886673175,-0.9612511809715855,0.4530163541468952,0.19250093616574798,-0.0875160297387626,0.553614306580008,0.724347416869373,-0.5566704711695901,0.5377636082882545,-0.645208827110642,1.028463295183325,-0.20320930535177142,-0.9951820235842505,-0.8941752334773975,-0.5377636082882545,0.5566704711695893,0.29881781872750485,0.04072103005925432,-0.38226028799923456,-0.3669847735545164,-0.135786898325702,0.06953024385249205,-0.7910682597479163,-0.6516131881728072,-0.046252995675895824,-0.6093693453916895,0.9587239960437993,0.0051618251252043045,-0.10137901367278856,-0.48232991558187904,0.030432725387320277,0.28677986593896093,0.6260729825722207,-0.023255055489598248,1
-0.8689048261297889,-0.3339475448817109,-0.15484123025532542,-0.13478617003801185,1,0,0,1,0,0,-0.8236341047562825,3.113712663257771,-0.6047967952025805,-0.06978031321887439,1.960722149154853,2.44859050653285,0.26607204241232485,-0.19313210253468358,0.2759728557556079,0.8190082330932454,0.4697135272629425,0.056153897955708965,-0.9890807207428485,0.9913554841963398,-0.19499250536226642,0.34778074346151616,1.576733052930006,1.61946670534192,0.03622492998512883,0.040659774866796713,0.6205710671376221,0.06974066047208724,-0.027778031631525847,0.457034220024461,0.9704434440334729,-0.040659774866796713,-0.036224929985129536,1.106540713781605,-0.03432821836595151,0.5002078235474204,0.6149732640397371,1.2808803612172301,0.3845801819166189,-1.5251011477491712,-1.7036084035718644,0.9459245538203791,0.3343343898138759,-0.17942508891434333,-0.7155722712864762,-0.62002986833231,-0.4146374576327655,0.062155904904119784,-0.7010026615289333,-0.7656567202776299,-0.332546584257695,1
-1.1516077120594044,-0.4885541407104817,0.27967722576327125,1.0385308760612593,1,0,0,1,0,0,-0.81101516775215,1.3751111489687433,-0.7455217907937414,0.20797152045214415,0.9787998169698778,0.8968318545262914,0.6201914757871283,0.22990820867627518,1.1474290328086085,0.2611844521546696,0.6239107589702525,0.7748797488475635,-0.08608521820106783,2.577608028829034,-0.5087880209076955,1.1087739674732104,1.5225055913125156,2.285622608424775,1.9784005630035764,-0.90531003275748545,1.7131242271605303,-0.8252489018285574,-0.45436301939271884,1.1568471376033986,1.420351073490274,0.90531003275748545,-1.978400563003577,2.2206412586838127,-0.5596729573423944,-0.31857702221751816,0.279040251178545,0.9053781960371756,-0.2770246880180474,-0.7910682597479163,-1.482135726645747,0.2638024885416898,1.5555980471387252,-0.7864379342253526,-0.058700689746716966,-0.2829068128036209,0.17767154942198057,0.9186817518577256,-1.0302635040182315,-1.4336869776455579,0.038603250264021984,1
-0.894605088487027,0.5936920300909173,-0.15484123025532542,-0.4281154315628296,1,0,0,1,0,0,8.905566325429854,-0.8088979773421552,0.8408327049611636,-0.6322277764026869,-1.1689695028274096,-0.13350011499045522,0.1914244472436993,1.1590026420030979,-0.7532951971255721,1.2171201890555097,-1.2350895983107364,-0.16782492621865874,1.055063219758954,-0.4905159558617112,2.4887028915675526,-1.4963251872245253,0.32560596498445704,-3.3893709675690022,-0.7279513648365089,0.4930801176436278,-0.7562981172038865,0.9023604246382994,-0.4738827381005642,-1.3213855521786415,-1.7033840947920653,-0.4930801176436278,0.7279513648365081,-0.7595776989295921,1.3165582532877582,-1.5558519002623137,-1.9303653334085251,-1.7402052404586603,-2.76591919872465,0.5954383064766764,1.1201682272361313,-2.340663578886029,-0.8036612908751883,0.5793409677244183,-0.5878472415426337,-0.723760039264214,-1.1423313805857394,-0.6992004034990842,0.7806711296729086,1.1827648637121608,-0.8892713360402683,0
0.33900750466038404,0.49062096620506923,1.4383931084795292,0.3052077222492148,1,0,0,1,0,0,0.3246891626197725,-0.5524687907864826,0.7768667978742723,-0.6177615350656547,0.2060905825372519,0.05253204617229071,-0.17822381632538553,-0.9390917787871609,-0.013834550837316066,0.6197409906520726,0.36585066739385946,0.08410340334467127,-0.434348975752326,0.9932162326480694,0.03557193395657343,-0.8303680367040445,1.3017323428509668,-0.021936412855316684,-0.7896550408158974,0.8978772664439514,1.2402345120012293,1.324568120419477,-0.8155275020445772,0.453545412232008,-0.49704042307835117,-0.8978772664439514,0.7896550408158968,1.1900982546492709,0.26586877533487285,0.7185504490847379,0.13691474573727128,0.6664222727407777,0.3215701943037938,-0.38327221085833024,-0.04256332662598434,0.7598912632898273,1.1670141561717275,1.2622304186993043,0.05990112358685037,-0.37367071236903754,-0.1777138548108673,-0.033013633646279864,-0.12479618717266176,0.3477270420022505,0.2860364732784985,0
-0.38059984134227254,-1.3388904177687242,-1.8929150543297122,1.0385308760612593,1,0,0,0,1,0,0.7032572727437467,-0.6111974707005935,0.27793272259651985,-0.5396438318456808,-0.21891050373186283,-0.053005429871959386,-1.2408202837312614,0.6657742269684901,-1.5659799333089306,-0.21659797965428515,-1.3593458717473934,-0.10996728439653573,1.8334192162308978,-1.2741773230323703,1.2962086760622153,-2.36382200171831,-0.9414732795005362,-2.557334976013116,-0.25070346389859605,0.0986623829151082,0.4522478414425727,0.3847173762811669,-0.234666116130486,-0.6409388911317225,-0.7295236506645739,-0.0986623829151082,0.2507034638985953,-1.2330704305130304,1.0163612595869336,-0.3731626786018469,-1.4781478160953823,-1.689000399752289,-0.024984737566746233,1.9819448727012692,2.393636119561306,-1.0384305451721696,0.45461035606556566,0.41072628847136017,0.14606483412833096,-5.302363778815077e-4,-0.25292769697654904,0.05863110718003145,0.7989633987000918,0.9415317152181866,0.024856960096552163,0
1.2642169495209417,-0.3339475448817109,0.5693561964423357,0.5985369837740325,0,1,0,1,0,0,0.4634974696652297,-0.5797979784692867,0.20117363409225028,-0.5298067877364988,-0.15341436576655929,-0.03645930015315746,0.6416717171142617,0.7067048107842121,-1.1457078949774924,0.24879046786125575,-0.5334710694273116,-1.7326459911400582,-0.12310366679446992,0.13869288003385785,0.35770024152165175,-0.1675972840329442,0.12662411486495045,-0.4016053615274102,-2.318416806029326,-0.06374491962016399,-0.7536798511074129,-0.6116382817234981,1.3978019664432617,-0.2105415666967242,0.3014490481253926,0.06374491962016399,2.3184168060293247,0.1317027369921738,0.340918023760079,0.03622974428062242,-0.05689276168264715,7.593435579547688e-4,-0.30852968182446,-1.4435419379712537,-0.6516131881728072,0.2638024885416898,-0.8869292675109735,-0.8623145398892288,-1.1443634425693747,-0.3607044410025493,-0.4146374576327655,-1.4922798914190887,-0.8656330827735822,-0.9883334727336057,-0.9511296417938885,1
-1.6142124344896835,0.49062096620506923,-0.8790386569529866,-0.13478617003801185,1,0,0,1,0,0,0.5770679027024219,-0.5978236128983703,1.3525599616562942,-0.6779410990277087,0.27491414154263616,0.06415905624496233,0.27801769428788364,-0.6155453976586345,-0.04374538682341881,-1.089796100335018,-0.41583666747303677,-1.474582853219859,0.21171707927918448,-0.20212857274290882,-1.0717441232983826,-0.6025405904733545,-1.64139933046443,-1.07353745773845,-1.4375436385994584,-0.5854168610971004,-0.5885548598847566,-0.2287943594192471,-0.5456937753659491,-0.1553392550095739,-0.5074923466529142,0.5854168610971004,1.4375436385994576,-0.3417899945912644,-1.1225423205314402,-0.646090960523493,-0.8321227913623208,-1.3561689351608777,0.14829272836852378,0.18764225758709038,1.1201682272361313,-0.32530293147172246,-0.3595654154843339,0.12408133374116129,1.136440659999233,0.6376984542170299,0.5330569536548284,0.9186817518577256,1.8507688677631275,1.6281183686241134,0.904619530814692,1
-0.7404035143436003,-0.2051087150244015,0.27967722576327125,-2.334755631474145,1,0,0,1,0,0,2.5582410123512203,-0.7420286883310387,0.6617281651178678,-0.5992447461542535,-0.5481828519394385,-0.10756293867449544,1.1748502497842064,0.5197387791737723,-1.100033453103994,1.9155288683508422,1.5045895167270897,0.5357581210818715,-1.4477204056419077,0.2035210408663315,0.40123816824835123,0.24088994448901882,-0.1028137489864182,-0.12568049364908104,-0.47521987007162214,1.2020274589021671,-1.430302045332648,-0.31140619655727053,1.7458537446057614,-2.68970427506407,-2.0787426007936554,-1.2020274589021678,0.4752198700716215,0.438080386840281,0.7161642658861095,0.9277954652246664,0.9250652759116064,0.8371050750953478,0.3530751881102058,-0.05703537174666111,0.17890935030013266,0.9459245538203791,-1.3310251429018278,-0.2553016945782196,0.13288685486904556,1.026686595211671,-0.2792525417345383,-1.2702176348014877,0.6160407084282594,1.5167799923961247,-0.20882997275045564,1
1.2642169495209417,1.8047770307496258,0.5693561964423357,0.5985369837740325,0,1,0,0,1,0,0.4634974696652297,-0.5797979784692867,0.41865771818768077,-0.5714695627871517,-0.03075786068539199,-0.004261426105759132,-1.5429140595327937,-0.611084701623189,0.7252052838190339,-0.6761671742345567,-0.5678700804273878,-1.8815893625317028,-0.28556094066997445,0.14424975154652223,0.28471804683893825,-0.0984723656879519,0.15796346821324436,-0.25103521191914213,-1.3293007493813815,-1.2478791760798724,2.289592210575283,1.1239572197028826,-1.0903351483790862,1.0700921007999933,0.49317189214106083,1.2478791760798724,1.3293007493813809,0.0759977097470634,0.19081952690966666,-0.19121049065408274,-0.21193876761858224,-0.135786898325702,-0.40304466324369825,-1.0357458890816678,-0.5962450189412776,-0.046252995675895824,3.0544216265828577,1.8692432640103136,1.7568193758978938,0.7932937106148858,1.2269046476332444,2.1558857530129325,1.1099319721622063,0.514734606344233,1.5232025883508855,1
0.08200488108800677,-0.7462318004251005,-0.15484123025532542,0.3052077222492148,1,0,0,1,0,0,-0.44506599463230834,-0.2187038178092579,2.5807053777246076,-0.7358060643758376,1.411055391665966,0.40044796296223384,-0.6234238641634279,0.5646451370416525,-1.137894434042536,-0.1592674049186192,-0.059602399084569796,0.3379021316997354,0.23251743123889768,-0.37125801547423665,1.2910851778215913,-1.0187967516316825,-0.18193553900178308,-0.07321749495810395,0.6286220997103051,-0.1626015385546773,0.49592942427666303,0.5183876178723573,0.5317473280196698,0.03475582284891672,0.006003404697421184,0.1626015385546773,-0.6286220997103059,-0.3974950218363748,1.0914105080121401,-0.20940570944885942,-0.6899972859210471,-0.71610842633123994,0.7941451013999841,0.18764225758709038,-0.09793149585751397,-0.6043528672675491,0.5286263352973745,0.5793409677244183,0.2514886682026129,0.4950694691856613,0.4822876101929924,-0.3502454288142823,0.03983423407198747,-0.04195727479570725,0.10046155601764112,1
0.5960101282327613,1.4182605411776974,-0.4445202009343899,0.3052077222492148,1,0,0,1,0,0,0.8420655797892039,-0.63794518630504,0.46983044385719386,-0.5784133586289271,-0.17320866025915066,-0.043614383274801535,0.17931877407517616,1.111837852844271,0.21640418861771255,0.29262028403785023,-0.044619778268511844,0.6430351207923429,0.5793141459807536,-0.710119243525671,1.1529545008229374,-0.22196519733799605,-1.091759804642702,-1.5616100855502848,-0.5252107151899527,1.3979208031972914,-0.9588899015055142,-0.3710278370127484,-0.5188853925063043,-1.4778814590983202,-1.4666004087535318,-1.3979208031972914,0.525210715189952,-0.8431352397972577,0.5660657690356972,-1.06458099280335,-1.0000892977929163,-1.3134982345722352,-1.1906695084040155,0.4323198869208419,0.7879592118469556,-1.2244638357027204,-0.859173275299045,-0.2553016945782196,0.33359761589508324,0.002351157259115363,-0.5838686025055501,0.31594134103852145,0.12214944469431245,1.0157572993701793,0.22417816752487937,1
-0.7147032519863632,0.0783367106616796,-1.6032360836506476,-0.13478617003801185,0,1,0,1,0,0,0.009215737516460692,-0.47106269981642773,-0.46407179961141953,-0.21502137624267784,-0.5186377461253705,-0.19610709230484086,-0.47571986370112745,-1.2637354526524354,1.2982887153586933,-0.5824007715898883,0.08882284514149007,0.7309502186684288,0.45034319894225155,-0.6383377421764848,-0.8161710627450873,0.6428989145725628,-0.6685483359644401,0.27658149579246455,1.3918432757717942,-0.3834842964864804,0.023680500103343678,0.9168943148028116,-1.1287527586142923,0.12386478325386245,0.15455394955276947,0.3834842964864804,-1.391843275771795,-0.5089050763265954,-0.6347222057676005,0.5638910893291381,0.8346217724489774,0.4957394703862077,0.6051151385615076,1.166352774922097,0.5111183656893089,0.3258135853852078,0.029018475482663446,0.8828473903799233,0.06902433999712428,-0.5292659687668935,-0.44848368660732285,1.1407440084753266,-0.12479618717266176,-0.32030321536567735,-0.1469716669968365,0
0.2105061928741954,0.7740663918911503,0.5693561964423357,0.5985369837740325,1,0,0,1,0,0,0.097548296545388,-0.5117657453014551,-0.5024513438635544,-0.20286973351957077,-0.6510535984042986,-0.23680162755919154,1.5032273275686854,0.5544664661588368,-1.542319650685866,0.4776682772770217,-0.076070283072927,-1.1006952624350754,-0.5110982895437983,1.8222456944514898,0.3784827129774628,-0.7921518199169599,0.7780854817326803,0.2232756280252678,-0.9971070548845234,-0.5122984218604396,-0.26950776456486414,-0.38186695235526497,1.3123664463154652,0.1262372184837181,0.3168802873021983,0.5122984218604396,0.9971070548845228,1.4964759044973779,0.19081952690966666,-0.4186507255887879,-0.7416792878996918,-0.42594766232847037,0.06953024385249205,-0.9541866793037505,-0.6516131881728072,-0.10826409251941274,-0.47058938433204756,-0.6346847228976005,-0.9801455471844351,-0.24400799870415715,-0.1777138548108673,-1.5557262504526888,-0.12479618717266176,-0.3759724034796717,-0.8892713360402683,0
0.5960101282327613,1.2636539453489257,-0.4445202009343899,0.5985369837740325,1,0,0,0,1,0,0.8420655797892039,-0.63794518630504,0.4570372624398156,-0.5743628110545581,-0.17956887550968545,-0.04674473214052082,-0.48120644215118946,0.2367752523775013,0.0898242663449154,-0.6538043176405739,-0.6008785870692953,0.432488519109445,0.9047026706223326,-0.647495051773692,0.604052303507936,0.23701251847123792,-0.5970915784395279,-0.7938991146446694,-0.29127919636700184,0.87874991804355,0.022159845144040995,0.2801448726482659,0.11538194243921547,0.2911816649678298,0.0060836262727127525,-0.87874991804355,0.2912791963670011,-0.7038726716844818,0.340918023760079,-0.5369196477548344,-0.3411437725651945,-0.5454256239766699,-0.8756195703398886,0.2692014673650073,0.4557501964577793,-0.6663639641110671,-0.08200549336504998,0.12408133374116129,-0.3688900476960481,-0.2569742700706454,-0.1269445113490324,-0.5723076854318833,-0.7833178721512579,-0.48731077970765985,-0.332546584257695,1
0.5960101282327613,0.0783367106616796,-0.4445202009343899,-0.13478617003801185,1,0,0,1,0,0,0.8420655797892039,-0.63794518630504,-0.46407179961141953,-0.21502137624267784,-0.9699897637471149,-0.32445139579933147,-0.3766143653895213,-0.6689555972972092,0.9758495262417471,-0.4672810665766882,-0.6140901658248539,-0.6879914381430252,0.40698703078067505,-0.7691311490953369,0.23355623760330457,0.3218252085600527,-0.16240252093268073,-0.2656599133108359,-0.4633576356367666,-0.4787858038769716,-0.2448153388958773,1.1521340628089884,-1.010615695627056,0.4702310147176523,0.5389820923892137,0.4787858038769716,0.4633576356367659,-0.8988402670423681,-0.18442671521636386,-1.11916664918768,-0.806281790372998,-0.8185181077439823,-1.1591645145976028,-0.709509049969999,-0.5962450189412776,-1.0384305451721696,-0.3595654154843339,0.8069707847160468,-0.5604775923118106,-0.9571529238609991,-0.7361766328910565,0.6331731362065233,-0.6186874509066087,-0.8769950965056176,-0.5799798072721716,0
0.4932090788038099,1.0832795835486928,0.27967722576327125,-1.8947617391869185,1,0,0,1,0,0,0.766351957764409,-0.6205010239543141,3.169191722924008,-0.7543228532872388,0.5866694829147027,0.10574797688951851,1.8995775188201551,1.080573641181977,0.46545786537618683,1.6747884199830698,0.9920402309324187,0.1311571635883236,-0.7063009870251001,1.4772466996197682,1.1990335941145978,-0.38113081878437277,0.8028646177165906,-0.04267220810653665,-0.45503125954306645,0.6301771912123663,-1.165361284370157,-0.2819557012304038,-1.0192962116622915,-1.466424295485876,-1.3313619920842983,-0.6301771912123663,0.4550312595430657,1.4964759044973779,1.2415090048625523,0.28186519801010423,0.03355074177998182,0.3591932285025509,-0.08799472517957138,0.18764225758709038,0.4557501964577793,0.6978801664463103,-1.1297941993653469,-0.36911660307403377,-0.350643614875499,-0.7983160996215205,-1.256562403374869,0.3318029307969218,0.30735866859454236,0.7095767647432119,-0.5335860779569574,0
-0.7404035143436003,1.3667250092347738,0.27967722576327125,-0.4281154315628296,1,0,0,1,0,0,2.368956957289233,-0.7333066071556756,5.280066656791422,-0.7849912849217471,0.40766172967071085,0.042693806880030105,0.1723331065350333,-0.5253173300903698,1.3316177320179887,-1.0790341084135409,-0.4960167997353031,-0.3740115298820257,-0.12515838611307833,0.2682473701576965,0.18743242180868175,0.6902174329956529,-0.400642020120595,-0.2442749194877513,0.271474372857786,-0.7793520964162078,0.028396231909305035,0.9087802071387733,-1.126764093281531,1.0604356979890097,0.40635921793269636,0.7793520964162078,-0.2714743728577867,0.38237535959517033,0.340918023760079,0.49111021415003275,0.795860270964994,0.5810808715634928,-0.24551969421163483,0.18764225758709038,0.06817301183707392,0.139780294854656,-0.22078545442469194,0.4275877563966659,-0.9436526815433369,-1.3072422507561756,-0.8884846632765624,-0.0647368131630805,0.03983423407198747,-0.32030321536567735,-0.9511296417938885,0
-0.09789695541265715,-1.3904259497116478,-0.15484123025532542,-0.8681093238500562,1,0,0,1,0,0,1.5234881780123575,-0.6931850337490059,0.29072590401389814,-0.5494808759548626,-0.4926973681339679,-0.10845732406470096,0.0038890951041715173,-2.686724402121151,0.6843856468129301,-0.15430372663780498,0.7446146762544653,0.6430351207923429,-0.36613050057412055,-0.5922634645173115,-1.6235868797008526,0.04732786270926982,-0.5837971681854042,-0.420411937590893,-0.5252107151899527,1.3979208031972914,-0.5971905567315834,2.061139864866144,-0.8880181685070239,-0.3704288987503595,-1.378485977866477,-1.3979208031972914,0.525210715189952,-0.7038726716844818,-1.6103624352952797,-0.8098479296764806,-0.6641562849317252,-0.8355863879794388,-0.5920746260821743,-0.22015379130249568,0.012804842605544792,-0.9144083514851348,-0.6926373220274746,1.4898602356909325,-0.7338187041070253,-1.0349505520599276,-1.0915620371239039,-0.794369942049485,-0.20711139779498602,0.5704037944582268,-0.7036964187794109,1
-0.5862019402001745,-0.9008383962538722,-0.4445202009343899,-0.13478617003801185,1,0,0,1,0,0,0.6275436507189519,-0.6018939174468729,1.0327304262218375,-0.6449580687792753,0.14907087569639674,0.035538723758386036,0.4668652614401287,0.3921824787896123,0.7532545472248826,-0.03834070462813349,0.1822927768154032,0.37533491388440543,0.08901765164903055,0.04584484630947071,1.1130828912036443,0.07395555736326317,-0.3170236059718558,-0.9946097959613861,0.01898787070343759,0.4930801176436292,-0.6033798805339835,0.576779245559725,-0.9554059973298034,-0.26255936248702777,-1.208032418492093,-0.4930801176436292,-0.0189878707034383,0.40094370201020707,1.6918044954137887,1.4311965185468123,1.2566914552745774,1.0476138646659843,0.06953024385249205,1.2750983879593196,1.397009073393778,0.9665949194348847,-0.47058938433204756,0.7690324818841089,0.5844860671776301,-0.03654765684034838,-0.13540606859267115,0.2524949820049213,0.6160407084282594,0.9879227053131819,0.47161139053935697,0
0.4932090788038099,-0.5916252045963298,1.7280720791585935,-0.4281154315628296,1,0,0,1,0,0,0.9556360128263961,-0.6472487395587606,0.6105554394483548,-0.5957728482333657,-0.15012729090802054,-0.03735368554336297,-0.3756878340400758,-0.8122163448350118,0.8260680526212708,-0.030554135893875047,0.8828128982469396,0.6371794861378727,-0.7624835650412287,-0.47446045468065423,-0.515385323799551,-0.7192326970793167,-0.5483216594880796,-0.43158448539167715,-0.4481121582821066,1.3134690058789504,0.04832778256871154,0.5984907196158606,-1.8520221994046824,-0.5024297050294646,-1.5690582532154445,-1.3134690058789504,0.4481121582821059,-0.45320004908148526,-0.4846237089171882,-0.009258302706318612,-0.37990527404917784,-0.5624939042121272,0.6051151385615076,-0.13859458152457876,0.06817301183707392,0.07776919801113909,-0.3318094232724056,-0.02767187758659086,-1.4454295841084306,-1.9944546331800421,-2.005410219436941,-0.667477223982284,-0.37174181903963527,0.29205785388825667,-1.198562864808365,0
-0.020796168340944693,0.7998341578626126,-0.15484123025532542,0.3052077222492148,1,0,0,1,0,0,1.0187306978470585,-0.6507375720289058,0.9303849748828115,-0.6403288715514249,-0.04341742694921697,-0.005603004191067395,0.721680479038809,-0.7652169408328923,0.10437704842098297,0.78960952715634,1.0957588641902656,-0.26033668612764005,-1.169933236777413,-0.05465096688298271,-0.5128131610649282,0.7377949048838275,0.2273679722037624,0.7143794207975505,-1.171446535938352,0.8067582219688989,-1.0581208759309582,0.5365592988045625,0.5987258048955628,-0.8412573406541632,-0.7270877275582079,-0.8067582219688989,1.1714465359383512,-0.3417899945912644,-0.7848207026180125,-1.1646546961746211,-0.6641562849317252,-0.5454256239766699,-0.9701345517591269,-1.4435419379712537,-1.2052948804881005,-0.6663639641110671,-1.0812212129944723,0.19995793940503753,-0.7520651369275744,-0.3607044410025493,-0.6515610604546642,-1.0798785577006862,-0.12479618717266176,0.29205785388825667,-0.5181215015185524,0
-0.38059984134227254,1.8047770307496258,-1.8929150543297122,0.5985369837740325,1,0,0,0,1,0,0.7158762097478791,-0.6170121914841689,0.39307135535292426,-0.5656830662523388,-0.1608716560885976,-0.03735368554336297,-2.5050874306559265,-0.19181086029126823,-0.8244876324771527,-1.0691590359882917,-1.670314984973437,-1.0117147618579059,1.774672970599174,-1.0607419086360812,1.0173451515991836,-2.322129913934301,-0.48370772435343673,-1.9266834919675742,-0.08658911739692104,-1.2939802363248551,2.423504236148003,1.2824204650309479,-1.206414404053335,0.9647285818220915,0.2904598543606622,1.2939802363248551,0.08658911739692034,-1.038102835155144,0.7912135143113154,-0.32767463161490584,-1.4264658141167375,-1.5012493171622625,0.29006520049738066,1.6557080335896,1.8953225964775422,-0.790386157798101,2.8323736888874302,1.717490052682561,1.0725781451273115,0.19684522775643593,0.5838262971166633,1.5848685217105287,1.1922471827845313,0.5704037944582268,0.7190446135538346,0
-1.6142124344896835,-1.3131226517972627,-0.8790386569529866,-1.161438585374874,1,0,0,1,0,0,0.5139732176817596,-0.5896830038013647,0.43145089960505906,-0.5737841614010768,-0.04928804365280474,-0.010074931142094942,0.8655405701141756,-0.41944215863994777,-1.2309619226967101,0.4452825767499929,0.568779828754737,-0.18858268190710725,-0.27497562977452744,0.04237377381433695,0.22112219219929571,-0.4455243775305804,-0.7808345137055427,-0.4303961237249817,-1.2817794809441767,1.0140489972048288,-1.1612158568170452,0.7972128840514905,1.2350571525838614,-1.3758101714970137,-1.159639678931303,-1.0140489972048288,1.281779480944176,-0.1561065704408964,-0.05934463450768712,-0.7370670544973751,-0.8321227913623208,-1.05747403104038,-0.0354864021688832,-0.6279498401920818,-0.07947543944700425,-0.4803306735805153,-1.2200011740541141,0.19995793940503753,-1.262965255902942,-0.5422322401333817,-1.0069464646875115,-1.8412348661038906,-0.6186874509066087,-0.2089648391376897,-1.3222794763156045,0
-0.2263982671988458,-1.776942439283576,-0.15484123025532542,-1.161438585374874,1,0,0,1,0,0,0.45087853266109723,-0.5797979784692867,1.3781463244910508,-0.6779410990277087,0.34404669657276266,0.07802202979314772,1.586220320352045,2.637476563846926,-2.975120110320483,1.9149182029093503,9.655642135504288e-4,-0.6976482523906202,0.6789413008142664,1.2813711262588703,0.9897396009919437,-0.21975591785567095,0.9376398750829568,0.24855125341207573,-0.24010667662448304,-0.7133741297612541,-0.925347036910998,-2.6285199506224295,3.846255353656756,-1.657183302202278,0.24140664161374242,0.7133741297612541,0.24010667662448232,1.07868820015905,0.7912135143113154,-0.2730889752305771,-0.3411437725651945,0.03489590402886805,-0.43454965705011084,-0.38327221085833024,-0.319404172783631,-0.35630847989348147,-0.7481493064513315,-2.4557232588306284,0.9266066825629212,3.0105261142843402,1.8530598836625478,-1.175048096251087,-0.20711139779498602,-0.5429799678216537,1.3994859768436472,0
1.0843151130202777,-0.7462318004251005,-1.8929150543297122,-0.8681093238500562,1,0,0,1,0,0,3.1387121145413137,-0.7606357948384798,-0.822280879298011,0.9573228217104129,-3.074895766565155,-1.3248214547441934,-1.226508807930148,-0.16041821212886476,-0.48526511158135865,-1.5988627180131862,-2.0545000650944587,-1.5840115109983013,1.2002494180143557,-1.1753857267744714,-0.10389177937699572,-1.1325881184386362,-1.3527770911895023,-1.2716816946002292,-0.7076772998718532,-1.4585370472760366,0.5310587849161963,0.11610252664209546,-0.4747681686398908,0.8185697750928093,1.4294010437268114,1.4585370472760366,0.7076772998718532,-1.1618917845887227,-0.26781476902214846,-0.5348979567776366,-0.9972180754607699,-1.39883963574952,0.2795635358952437,0.051710241290561454,0.4434461588507728,-0.7559355484405915,0.08453045990652028,-0.3311783002420958,-1.272088472313216,-1.2813097080232,-0.939254006738398,0.12560226393772106,-0.4540570296619595,-1.0440026608476,-0.8892713360402683,0
0.6731109153044746,1.3667250092347738,0.5693561964423357,-0.4281154315628296,1,0,0,1,0,0,-0.028641073495936725,-0.4687368115029976,5.280066656791422,-0.7849912849217471,1.3150646565363162,0.24616648315178347,0.5511564421285875,-1.1983857251168537,-0.008891823022317589,-0.3112340420817428,0.5124619992939177,-0.12135271008561713,-1.069498896349818,1.064579187361633,-0.8243145375622696,-1.0795141729427926,1.3050276888594203,1.8748747873482872,1.6167883223801933,-1.7690215962405291,0.29731853104259454,0.8190418085889811,-1.0726522159082026,1.7145002286472935,1.1642246176752686,1.7690215962405291,-1.616788322380194,1.217950768271826,-0.6347222057676005,0.6002815269186915,-0.09565426316663046,0.4274663494443799,2.4639097731398567,-0.709509049969999,-1.3160312189511594,1.069946747507413,-0.05424950115312168,0.27583454506891375,-1.1261170097488256,-1.4239386930545688,-0.8038690908401701,-0.0012904541294803558,-0.04248097655033679,-0.7656567202776299,-1.198562864808365,1
-0.09789695541265715,-0.30817977891024867,-0.15484123025532542,-0.13478617003801185,1,0,0,1,0,0,1.5234881780123575,-0.6931850337490059,-0.5920036137852022,-0.09003305109071949,-1.4506797108909009,-0.4635283239762882,-0.6811442751984298,-1.0656438518461633,0.14828427893102558,-0.2750481238715652,-0.43841638801721017,0.08026266183235603,0.5515116593597955,-0.4590053836110796,-1.8393286572279963,0.28491291735718915,-0.24159647401971648,0.15440536295829158,0.02218903885575044,0.08746187929198715,0.48851492454479667,-0.37996944137699934,0.08360042819551111,0.13200934271130782,0.7207095606513955,-0.08746187929198715,-0.02218903885575115,-0.5367575899491508,-1.760460932145692,-0.5187244289600577,-0.3023822710812103,-0.3747428216220998,-0.30852968182446,0.02452383803125581,0.012804842605544792,-0.5423417704240322,0.22331042096616224,-0.5588081172337243,-0.7155722712864762,-0.5681647828663581,-0.48232991558187904,-0.033013633646279864,-0.6186874509066087,-0.6543183440496418,-0.5181215015185524,0
0.6988111776617119,-0.9008383962538722,-0.15484123025532542,-0.13478617003801185,1,0,0,1,0,0,0.13540510755778543,-0.5199063543984607,1.0327304262218375,-0.6449580687792753,0.4188228287672644,0.09859289376787443,0.08160405267255645,0.6276898814382956,0.31231769155954164,-0.2802730586991522,0.023852858964799665,0.14667738987718343,0.40308125820112256,-0.7033163724727953,1.573257221711652,-0.2784149453204118,-0.7079421714516306,-0.949017982026222,-0.871666255725209,1.0645584453617318,-0.8162178541548659,0.7145304868675807,-0.7067289168785391,-0.3233525181362664,-0.957541232957318,-1.0645584453617318,0.8716662557252083,-0.7317251853070371,1.2415090048625523,-0.4095531161914002,-0.4832692780064673,-0.71610842633123994,-0.43454965705011084,0.02452383803125581,0.5111183656893089,-0.17027518936292965,-0.6926373220274746,0.8828473903799233,0.5251851605108457,0.054216242725068246,-0.07617516788719629,0.28421816152172197,-0.20711139779498602,0.3477270420022505,0.5334696962929761,0
-1.3315095485600683,0.7740663918911503,0.27967722576327125,0.5985369837740325,1,0,0,1,0,0,0.7789708947685415,-0.6228269122677442,-0.5024513438635544,-0.18261699564772566,-1.01176655336568,-0.33786717665241406,-0.3837350984405238,0.18349382255025484,-1.1904946470190676,-0.20453797243480754,-0.7041737667087306,-2.4348494391734117,-0.7397669141455568,-0.7324576061205964,-0.126626474430068,-0.38113081878437277,0.08072979761404166,-0.36005682929862803,-2.3498765620089648,-0.9902652685099177,-0.19827001422141194,-0.37870265235770606,1.244446347519571,0.35636789045937617,0.5639349698763285,0.9902652685099177,2.3498765620089634,-0.8524194110047761,-0.43459087663371765,-1.0099953364190213,-1.0259302987822392,-0.9436854961373332,-0.7706029243185127,-1.85133798686084,-1.2791191061301395,-0.6870343297255728,-0.4150773999081907,-0.6346847228976005,-0.989268763594709,-0.2829068128036209,-0.1269445113490324,-1.4605567119022886,-0.04248097655033679,-0.48731077970765985,-0.8892713360402683,0
1.0843151130202777,0.0783367106616796,0.27967722576327125,-0.13478617003801185,1,0,0,1,0,0,2.949428059479327,-0.7565654902899771,-0.5536240695330674,-0.11665093515085877,-1.6739294488390202,-0.49170146376776175,0.09209994788005933,-0.7582597179111488,1.138757512303573,-0.7435213513570889,-1.206020420469761,-1.8428847530948878,0.3644876228932528,0.07633243305839837,0.33085621589122793,0.39420448678591663,-0.3223846338971949,-0.9683773532501382,-1.9787580846898434,-0.550966827225982,-0.05179675177420951,1.372179753259058,-1.1605821756373993,0.6847782932609409,0.6224536065338547,0.550966827225982,1.9787580846898425,-0.17467491285593337,-0.03432821836595151,-0.9190192424451392,-0.5995537824584191,-0.6819718658603261,-1.5687294340809674,-1.2804235184154193,-0.5962450189412776,-0.9144083514851348,-0.24854144663662048,0.8828473903799233,-0.7885580025686714,-1.2035120798242718,-0.9054077777638412,0.506280418139323,-0.7010026615289333,-0.9883334727336057,-0.8274130302866491,1
-0.8432045637725518,0.7998341578626126,-0.15484123025532542,0.3052077222492148,0,1,0,1,0,0,0.059691485532990585,-0.5030436641260921,0.9303849748828115,-0.6403288715514249,0.43564555814488065,0.10798394036503228,0.061736598646663116,-0.12075382503316671,-0.43577245125141195,-0.4818400050306685,-0.8046882060814442,0.5334979889280786,1.1148042565560827,-1.0262553632365619,0.16566221201170117,0.014027393381732192,-1.2039135335518514,-1.328190897578285,0.20841782115995966,0.5209213695068188,-1.111268510201502,0.33169518177872853,0.6098117168761943,-0.5428452903282983,-0.25058582181597744,-0.5209213695068188,-0.20841782115996035,-0.9266927806649233,0.26586877533487285,0.33645085439443295,0.29196075167320634,-0.22112829950298704,-0.18250970659880966,1.4925896140337656,1.5077454118568363,-0.17027518936292965,-1.1644891896302574,-0.1035484832504671,-1.1078705769282764,-0.671894953798262,-0.8207922053274488,-1.1116017372174867,-0.4540570296619595,-0.26463402725168356,-0.8274130302866491,0
-0.38059984134227254,1.0575118175772313,-1.6032360836506476,-0.4281154315628296,1,0,0,1,0,0,1.7758669180950069,-0.7065588915512291,-0.6431763394547153,-9.210044546010428e-4,-1.656667318509863,-0.5426814310094757,-0.5480983293650868,0.6560945468135512,-1.419040686357806,0.1420773779745838,-0.15354034976292893,-1.214571532360133,-0.4797104518603188,-0.7007215931733706,0.5045528523233778,-1.5352929585707717,-0.08649940518224775,-0.5115053026580532,-1.802476807963261,0.13114384342216406,0.06199130962669391,-0.39506038439206903,0.3970547961203742,-0.27770870106621814,-0.2997753971380727,-0.13114384342216406,1.8024768079632603,-0.6203151308168162,0.5660657690356972,0.2636699792153276,-0.5995537824584191,-0.596630464683041,1.1722050270769362,-0.7910682597479163,0.012804842605544792,0.5118468759157585,0.22331042096616224,-0.17942508891434333,0.6894030558957865,0.806259981981374,0.6345956405784983,-0.0012904541294803558,0.4514102871836102,0.5704037944582268,0.2860364732784985,1
-0.7918040390580765,0.5421564981479937,0.27967722576327125,-1.161438585374874,1,0,0,1,0,0,-0.14221150653312897,-0.41873021276424965,0.7896599792916505,-0.6189188343726173,0.5498676207873203,0.1562807514361298,0.4754733242340168,2.9109888423252297,-0.008775906859203977,0.8761218404923468,0.0951698449728936,0.35842644214180436,0.02314132576440919,-0.2716525374748376,3.251948037180288,-0.02194806620804625,-0.2693341406922254,-0.8351099397280811,0.2507965989744553,0.24011390447808975,-0.9325892463120865,-0.7376933860296817,-0.010058731204497654,-1.4506512073131492,-0.9390477746833849,-0.24011390447808975,-0.25079659897445594,-0.23037994010104354,3.1177402154927045,0.14540105704928116,0.11107374474794844,7.593435579547688e-4,-0.49755964466293656,1.0032343553662626,0.954063719541543,-0.23228628620644656,-0.8036612908751883,-0.5588081172337243,0.561678026151944,0.4691369264526849,-0.1777138548108673,0.5697267771729232,1.0276167615398821,1.2941032399401495,0.34789477903211874,1
0.5703098658755232,1.8047770307496258,-0.8790386569529866,0.5985369837740325,1,0,0,0,1,0,0.03445361152472564,-0.4902512784022264,0.39307135535292426,-0.5656830662523388,0.21966378830576053,0.06013432198903754,-2.3919007042492444,-1.4733027326331092,1.0069095107978325,-1.6506446219896456,-0.4240498536266591,-1.8743232413850177,-0.455147932965588,-0.9624650624509478,-0.8062633791366354,0.23377009724303296,-0.9804513598950128,0.04729943233574327,-0.83882515761197,-1.7244167737132345,2.364312404556521,1.21445728336067,-1.1415626299019093,1.2577156083925038,0.5974642675537433,1.7244167737132345,0.8388251576119693,-0.9266927806649233,-0.7848207026180125,-0.1457224436671417,-0.0052107597040024186,-0.3918111018575571,0.4475901695294441,-0.6279498401920818,-0.319404172783631,0.015758101167622184,2.16622987580115,1.1104772073715516,-0.040454256926167845,-0.62002986833231,-0.1269445113490324,0.728342674756924,0.8629863402952329,0.06938110143228039,-0.3944048900113141,1
-1.305809286202831,-1.3131226517972627,1.0038746524609323,-1.161438585374874,0,1,0,1,0,0,0.1480240445619179,-0.5222322427118907,0.43145089960505906,-0.5737841614010768,0.15880653647732704,0.0417994214898246,1.190158550085788,-0.5254856773875095,-0.6297170902894279,0.7469228470520181,0.4153963567813169,0.7882933692325619,0.20745267964211558,0.6700456745339636,0.1331836811837869,0.11981278169883386,-0.2721429375449187,-0.5536464063006277,0.3041828515459608,0.7734532878151856,-0.9854426924787311,0.8546660716202801,0.9812446489797596,-1.278896857277691,-1.0805635654764345,-0.7734532878151856,-0.30418285154596153,0.6887530094432773,0.19081952690966666,0.20908432283099887,0.24027874969456073,0.12023730520615308,-0.30852968182446,1.0847935651441794,1.009431888773073,0.07776919801113909,-1.053465220782544,0.35171115073279,-1.0166384128255321,-0.4255357978349895,-0.8715615487892844,-1.5240030709358887,-0.28942660841731066,0.06938110143228039,-1.0748462533011267,1
0.8016122270906633,1.0832795835486928,0.27967722576327125,0.3052077222492148,1,0,0,1,0,0,0.9303981388181312,-0.6460857954020456,2.977294001663334,-0.7502723057128698,0.49039941067378034,0.08294114943927802,-0.6714945091306781,0.026142758122492966,-0.534020605434538,-0.16850324762639685,0.19619352553415637,0.4690506103551032,0.19707908857570688,-1.0480061313249818,0.14233181781243115,0.3398217158151426,-0.4071265404191497,-0.16388854406253886,-1.1128149709452282,1.7434054285905087,-0.1134259172053773,0.10670313459666936,1.0715121095380744,-0.17606269170841293,-0.41506645692188704,-1.743405428590508,1.1128149709452275,-1.1216603760228097,-0.25947596364157,-1.1282642585850677,-0.806281790372998,-0.9038595089212672,-0.9386295579527137,-0.9541866793037505,-0.5962450189412776,-0.790386157798101,-0.3040534310604773,-0.17942508891434333,-0.8068044353892204,-0.1921429132382052,-0.24540631275998087,-1.6826189685198898,-1.3595243465075295,-0.8213259083916238,-0.76555472453303,1
-0.7918040390580765,0.5679242641194551,0.27967722576327125,-0.8681093238500562,1,0,0,1,0,0,-0.14221150653312897,-0.41873021276424965,0.022069094248954552,-0.4852507644184396,0.13797971968932107,0.05297923886739346,0.43964079066909795,2.755086522532974,-0.09117857335423107,0.10804777042703546,-0.8880843892694107,0.7095580071324938,1.2695564999588989,-0.2934810978302313,3.0565572799034264,0.22114325359145018,-0.11345771703538696,-0.5432795996278337,0.27586209560863995,0.6941558255444445,-0.9045740764385138,-0.7194507307780691,0.3468718071608568,-0.2584682972406024,0.6241464125975318,-0.6941558255444438,-0.27586209560863995,-0.28608496734615396,2.81754322179188,-0.018355912103706302,0.09815324425328795,0.0519641842643253,-0.655084613695,0.758556726032511,0.6772228733838963,-0.29429738304996345,-0.9146852597229018,-0.7864379342253526,-0.4692454282090663,-0.23104172733766892,-0.3130987707090945,0.12560226393772106,-1.0302635040182315,-0.8769950965056176,-0.1469716669968365,1
-1.305809286202831,-0.978141694168258,1.0038746524609323,-0.8681093238500562,0,1,0,1,0,0,0.1480240445619179,-0.5222322427118907,-0.7327286093763631,0.12406732069735729,-1.3634827088403783,-0.4975149688040975,1.1515468369978734,0.42869202760022385,0.3211751492547221,0.2462388665861825,0.10798506634078929,0.20361981786666547,-0.12882906589898807,0.8513888910993405,0.22772383800963927,0.21663309487082227,-0.22202619113483624,-0.2835111265405335,0.3041828515459622,-0.023971702672748577,-0.750556160226493,-0.36026451967961987,-0.22136182013324404,-0.5528101932583662,-0.4171793090193989,0.023971702672748577,-0.3041828515459622,0.7723105503109431,0.19081952690966666,-0.04564874029587195,0.07231224326396513,-0.01630893667750248,-0.34003467563087314,0.5138790966987595,0.40038202722625016,-0.046252995675895824,-0.4150773999081907,0.19995793940503753,1.9027908384622854,1.4675398216722642,1.1084428462222957,1.5848685217105287,1.439192814651505,1.5724491805101195,1.708777505611744,1
-0.7404035143436003,0.6709953280053031,-0.8790386569529866,0.5985369837740325,1,0,0,1,0,0,-0.7983962307480176,0.9593586129431064,-0.041896812837936774,-0.46384072723963193,2.0032063833954625,1.09627979654212,-0.562000242166344,0.7641094185636977,0.15876872090226166,-0.4940488578802073,-0.4287366833680452,-0.19901185110369718,0.6039496765058241,0.6594511246492893,0.5101359584944114,-0.7099449579821092,0.7526037748266531,1.1927701002137727,1.0187373090415193,-1.2817996886347096,1.4403908110090513,-0.537721152496836,-0.9304683761983056,1.4136971537444554,1.7218865351674248,1.2817996886347096,-1.01873730904152,0.24311279148239442,0.04072103005925432,-1.1009714303929035,-1.2455788071914804,-0.9379960693921812,0.29006520049738066,-0.5463906304141645,-0.983822203561983,-0.728375060954584,1.8609139614699375,-0.17942508891434333,1.2459192569225261,0.4950694691856613,1.0745966172477384,2.6951798047985354,-0.4540570296619595,-0.9883334727336057,1.646919199858125,1
-0.38059984134227254,0.7998341578626126,-1.6032360836506476,0.3052077222492148,1,0,0,1,0,0,1.7758669180950069,-0.7065588915512291,0.9303849748828115,-0.6403288715514249,-0.2687366179903403,-0.04853350292093184,0.6481972965438197,0.007239021890041229,-1.2858371979867096,0.7583471659767177,0.29011886503273426,-0.5008113405084424,-0.30952516896978866,-0.3005750621157934,0.17371235298045914,-1.4365920582337293,0.596069193108679,0.08396739817110638,-2.0981985141718593,1.3979208031972914,-1.2016651802140763,0.1640854370837836,0.31414605133399603,-0.43342608832078217,-0.295190912007766,-1.3979208031972914,2.0981985141718584,-0.3139374809687093,0.11577027848446049,-0.11842961547497735,-0.8321227913623208,-0.5795621844475838,0.8886600828192224,-1.3619827281933365,-0.6516131881728072,0.3258135853852078,-1.2200011740541141,-0.17942508891434333,-0.9436526815433369,-0.6589286824317738,-0.7700228618656133,-0.8895394805998851,-1.1125787146405561,-0.6543183440496418,-0.6418381130257917,0
-0.7918040390580765,-1.3131226517972627,0.27967722576327125,1.0385308760612593,1,0,0,0,1,0,-0.14221150653312897,-0.41873021276424965,0.13720772700535894,-0.5170764953599105,0.2186860277733026,0.07757483709804497,-0.9984557295281773,2.0940978869074867,-0.20274680263937395,-0.04790263538937285,-0.4451409966590644,-0.5688133753747813,0.3051586702911553,-0.18820003260030946,2.594929694004518,0.23247593878324443,-0.10210550016186806,-0.5060684148447321,0.04764949253229553,-0.8230517886162441,1.200329741935393,-0.27467146630989614,0.5107775698492125,-0.036532696138160806,0.08462778799530293,0.8230517886162441,-0.04764949253229624,-0.09111737198826762,2.667444724941468,0.40923172957353837,0.47284775859846334,0.4103980692089227,-0.37153966943728567,0.8401159358104279,0.8986955503100138,0.20179139169817292,1.1115021717478706,-0.2553016945782196,0.014285041535478216,0.2746428559553643,0.24536400737109418,-0.3502454288142823,0.7806711296729086,0.4033962301162448,0.038603250264021984,1
0.8016122270906633,-0.7977673323680251,0.27967722576327125,0.3052077222492148,1,0,0,1,0,0,0.9303981388181312,-0.6460857954020456,-0.15703544559434116,-0.4140768570402411,-0.6263344053299068,-0.17687780641542242,-1.0357418289113267,-1.375531205191804,-0.18508424041899357,-0.4913152530909473,-0.23319092118196055,-1.0947427562370269,-0.6319048167235254,-1.3132667266856637,0.3779134719764323,0.24977005498727836,-0.3481362964206606,-0.27558952772240136,-1.2173253467419909,-0.28577009270635834,0.12802358629836755,2.266545167488145,0.5040111745414608,0.31852921774012183,0.0341000836151591,0.28577009270635834,1.2173253467419902,-1.2887754577581405,0.11577027848446049,-0.6187981323313287,-0.40574627503850064,-0.5112890635057554,-0.655084613695,-1.0357458890816678,-0.6516131881728072,-0.4803306735805153,0.16779843654230542,2.2486262923296945,0.22411901897178985,0.45617065508619664,0.5669031826293847,-0.5405845059150832,0.6160407084282594,0.514734606344233,0.22417816752487937,0
0.7759119647334253,-0.7977673323680251,0.5693561964423357,0.3052077222492148,1,0,0,1,0,0,-0.48292280564470574,-0.18614138142123599,-0.15703544559434116,-0.4140768570402411,0.4331218087630434,0.1768516154108565,-0.2604467121414968,-2.100651446544216,0.8074055773104503,0.19776064424900025,0.7850932970234052,0.7354115818442293,-0.8398095711767967,0.04824558809284874,-0.8987858227127383,1.6645722966579848,0.610717104883299,1.1562550583447484,1.2994551316290586,-0.28577009270635834,0.4103639163706361,1.9828261283843662,0.5689841549706194,0.33841475508104746,0.10819828085517051,0.28577009270635834,-1.2994551316290595,-0.2582324537235989,-1.0850176963188372,-1.155557086777232,-0.25070026910256554,7.593435579547688e-4,-1.6002344278873806,-0.6279498401920818,-1.149926711256571,-0.728375060954584,0.5008703430854462,2.096873081001942,0.4339529964081015,0.6765972683164937,0.7869036709640054,-0.4136917878478824,0.6160407084282594,0.514734606344233,0.5334696962929761,1
-0.9717058755587404,-1.5192647795689571,-0.8790386569529866,0.5985369837740325,1,0,0,1,0,0,-0.7100636717190902,0.1365756220671955,0.86641906779592,-0.6316491267492056,1.7019911914963965,0.593188014551521,0.18848764125161074,-0.22981421797533863,1.0578822122234322,-0.2306083741687456,-0.32794593776957887,0.3368362219210567,0.11745027770654048,-0.8179122603685642,-0.468872047681796,-0.10891445697352534,-0.8575261386652484,-0.6428817917386911,0.03622492998512883,0.4234769879856554,-1.0793449468523644,-0.15427849806983673,-1.5556089489615286,-0.5387712041643713,-0.2013031622759551,-0.4234769879856554,-0.036224929985129536,-0.4253475354589299,0.19081952690966666,2.356120140614615,1.9199438140005203,1.3832900426299712,1.8023049032051899,1.7372672433675176,1.8953225964775422,1.938102103316653,-0.47058938433204756,1.33810702436318,4.8039736569295535,2.7512006869545798,2.276137745844509,5.962667295028954,2.673920973986373,3.353863200157928,4.801692793292712,1
-0.09789695541265715,0.3102466044048362,-1.6032360836506476,-1.6014324776621007,1,0,0,0,1,0,-0.016022136491804253,-0.4768774206000031,0.36748499251816774,-0.56626171590582,0.24540239060185814,0.07086694667150364,0.03751418680366617,0.7784202411069098,-0.7349734434688902,1.4482253023078886,0.7727704631273425,-0.632415239514454,-1.3933668838070297,-0.8761419064255065,1.254886548947613,-0.37419179997211316,0.18806165905269548,-0.4415455123598471,-1.0923365864985648,0.22082716800801308,-0.9275950595822353,0.18871158688718861,0.6287066469257252,-1.769980229816394,-1.435722702203365,-0.22082716800801308,1.0923365864985641,-0.7595776989295921,1.391607501712964,0.48201260475264507,0.2015172482105774,0.2738518273252659,0.1010352376589052,-0.30171300108041293,0.2342775195316623,0.7598912632898273,-0.7203933142394032,0.5793409677244183,1.1546870928197819,1.3508433793738719,0.4145951522438788,0.12560226393772106,2.0153992890077768,2.40748700222003,0.9664778365683122,0
1.0072143259485644,0.0783367106616796,0.27967722576327125,-0.13478617003801185,0,1,0,1,0,0,2.3815758942933654,-0.7333066071556756,-0.5280377066983108,-0.11665093515085877,-1.5142566638149275,-0.47381375596365155,-0.5547802875514474,1.1495962764040382,-0.34574172651798735,-0.9663919632184245,-1.4204306302608254,-0.46824648737539354,1.4861211753579897,-0.8588367984319211,2.59517558938053,-1.4437496227097506,-0.6414050224885095,-1.2572787392070421,-0.7279513648365089,0.08334093927970501,-0.08670411493798301,1.0219329679586715,-0.9781886135739823,0.66952695510435,0.6191414069143669,-0.08334093927970501,0.7279513648365081,-1.0659553487776992,1.2415090048625523,-1.7923897445944073,-2.08541133934446,-2.149843966109628,-0.8756195703398886,-0.22015379130249568,0.12354118106860354,-1.534519319920306,-0.16527347000083534,0.8069707847160468,-0.31415074923440073,-0.7496925819971905,-0.4654068010946016,0.7600658542737248,-0.8656330827735822,-0.9326642846196119,-0.1469716669968365,0
-0.894605088487027,0.38754990231922204,0.27967722576327125,-0.4281154315628296,0,1,0,1,0,0,-0.44506599463230834,-0.23847386847341406,-0.1442422641769629,-0.419863353575054,0.3779817566587068,0.14107619980263614,0.6270668105227865,0.04734889294719546,0.13779143845085753,0.49717416965655914,0.20753704135558118,-0.14673906978647558,-0.7095680213174649,1.266844660018491,0.4124852842145101,-0.9097790456065697,0.9858276497994778,0.23778593311994176,0.004530982273630621,-0.2046283627832927,0.3938645929845718,0.3482308611584475,-1.1026057144807544,0.3058795940397964,-0.0376566356739972,0.20462836278329197,-0.00453098227363133,1.217950768271826,0.41596727218528484,0.09991301006234013,-0.39282577454383927,7.593435579547688e-4,0.4475901695294441,-0.38327221085833024,-0.4301405112466897,0.07776919801113909,0.5008703430854462,0.5034643620605421,0.48869229486974886,-0.1921429132382052,-0.0592520533999176,1.1407440084753266,0.7806711296729086,0.7374113588002092,0.47161139053935697,1
0.8016122270906633,1.0317440516057692,0.27967722576327125,0.5985369837740325,1,0,0,1,0,0,0.47611640666936217,-0.5850312271745045,-0.11865590134220637,-0.4343295949120862,-0.39569953257264584,-0.11427082910103677,-0.6036343530483512,-0.7365043021156495,0.8539345589059307,-0.34671480764394325,-0.011426654150434541,-1.464056873169968,-0.5439469067378484,-1.1890940888824129,0.4809320185228519,0.03024388243661377,-0.33995401644975654,-0.3658116053971641,-1.5536587379424858,-0.45589913793704195,-0.34876054093990044,1.492662406880031,-1.136964963861576,0.13129675353974923,-0.3422886231916457,0.45589913793704195,1.553658737942485,-1.2052179168904753,0.11577027848446049,-0.8462383672660339,-0.7029177864157086,-0.7843815472730677,-0.7180946013078251,-1.2804235184154193,-0.8177176958673952,-0.728375060954584,-0.05424950115312168,2.096873081001942,1.3736442866663687,0.4691369264526849,0.49921072468027106,1.6800380602609295,0.8629863402952329,0.6817421706862145,0.904619530814692,1
-0.5862019402001745,0.49062096620506923,-0.4445202009343899,0.3052077222492148,1,0,0,1,0,0,0.6527815247272168,-0.6018939174468729,0.8280395235437853,-0.6258626302143927,0.06250427993998442,0.020781364819995127,-1.137467357254262,0.04440384804302742,0.23915344514098408,-0.5879149482757496,-0.6726102620236615,0.27179021972332923,0.5359986351659386,-0.04202052726558025,1.211030517811834,-0.0282536550042747,-0.22486193486131373,-0.9972674918458286,-0.43967950362031105,0.8067582219688989,1.5396896335566213,1.152238112733674,-0.3553229697027569,0.5712659205663236,-0.09921132105273539,-0.8067582219688989,0.4396795036203104,0.2749442356224576,1.7454111014317928,1.3163933523416758,1.0967233539121055,0.9419530822560122,0.02452310984333123,0.8284646201278684,1.1992656118526015,1.0256531069049009,1.5278420549267964,1.1863538130354276,0.24236545179233895,0.015317428625603584,0.24536400737109418,-0.033013633646279864,-0.12479618717266176,0.29205785388825667,0.7809029193074537,1
-1.5885121721324456,-0.5658574386248675,-0.8790386569529866,-0.8681093238500562,1,0,0,1,0,0,0.5013542806776271,-0.5873571154879346,1.8642872183514247,-0.7028230341274041,0.44808075992227214,0.09143781064623036,0.3275894901268155,-1.3015994988442365,1.1066392007990307,-0.11465362905571223,0.8591158574808766,-0.45723501731308713,-0.8666652747518463,0.02739201238313323,0.18701368884585381,-0.4618236383896907,-0.5058005200710616,-0.4160658800972306,-1.0299055238845727,0.39783372969061137,-0.4281513844107204,1.9738323683011967,-1.9769010786046932,-0.34665348144133856,-1.5231000420155338,-0.39783372969061137,1.029905523884572,-0.08315951095325189,0.02999970885565349,-0.39915584830867085,-0.5644838525443385,-0.71610842633123994,0.06953024385249205,-0.5696932617792836,-0.14538992662739608,-0.21456882996544172,-0.7481493064513315,0.8322629866040054,-1.749536797784245,-2.2624242414207947,-2.2084875932842825,-0.857816301083085,-0.48149543320273464,-0.35741600744167373,-2.3120123683735136,0
1.0586148506630406,-0.3854830768246345,0.27967722576327125,-0.4281154315628296,1,0,0,1,0,0,0.6023057767106869,-0.5966606687416551,-0.7199354279589849,0.11249432762773152,-1.5505515440610431,-0.545811779875195,0.04644497870038641,1.4683828501071103,-0.10290484378856196,0.408925318167967,-0.19573046834643495,-0.5144401494090479,-0.13969032882234717,-0.4317659967631313,1.6958495946457648,-0.013628135122324348,-0.7284560716392319,-1.386466717455697,-1.3016642670278302,0.5893397650429548,-0.4959983701011893,-0.31653664806354953,0.1269794072860437,-1.274756294183352,-1.0991557008065689,-0.5893397650429548,1.3016642670278296,-0.17467491285593337,2.2171492343902317,1.2098213565437015,1.0155087793742343,0.6322857122698633,-0.05648973137315825,0.4323198869208419,1.3416409041622488,1.069946747507413,-0.24854144663662048,0.04820472807728505,1.2003031748711541,1.0915179520441112,0.43151826673115745,0.5697267771729232,0.8629863402952329,1.3497724280541432,0.7190446135538346,0
-0.9717058755587404,0.3102466044048362,-0.8790386569529866,-1.6014324776621007,1,0,0,0,1,0,-0.7100636717190902,0.1365756220671955,0.36748499251816774,-0.56626171590582,1.4775670069255102,0.5426552400049097,0.06075994255491325,-0.5348455086082015,-0.4292067934706951,0.47452028959503506,0.27957954328392015,-0.04385045622110806,-0.6613003727012967,-0.8263052948483974,-0.35333907151833777,-0.2791367521653964,-0.7585945040836344,-0.6822099608969231,0.3041828515459622,-0.36149164093482894,-0.9101226937378163,0.38012492040320844,0.3062345491066686,-1.3932556224518782,-1.0295123443681227,0.36149164093482966,-0.3041828515459622,-0.5089050763265954,0.19081952690966666,1.8557516237582636,1.3902032937194106,0.9565830367435462,1.487254965141063,1.6557080335896,1.6184817503198954,1.2559800380379649,-0.7481493064513315,0.6552175733882943,0.8080048692293539,0.858125067447326,0.17767154942198057,0.31594134103852145,2.180029710252426,2.12914106165006,0.5334696962929761,1
0.08200488108800677,-0.7977673323680251,-0.15484123025532542,0.3052077222492148,1,0,0,1,0,0,-0.5081606796529707,-0.11985356448847709,-0.34893316685501513,-0.3214929124832349,0.2722745771161816,0.1562807514361298,-0.03386190936502109,-0.5757116177790016,-0.7358987422403134,0.8951355449925699,0.931185389853256,-0.23751868232538906,-1.2842067532581591,0.24612572927870785,1.1613432588324442,-0.6594974520310269,1.4823116652022432,1.247496277039324,-0.16027754582615011,-0.16498583548630744,0.29301173794660795,1.9535904453474884,0.34326689579693787,0.2605645011980149,0.007350696568168878,0.16498583548630744,0.16027754582614942,-0.03541234474315745,0.641115017460903,-0.9190192424451392,-1.077612300760884,-0.5283573437412127,0.006520256239666901,-1.5251011477491712,-1.648240234340335,-0.4803306735805153,0.3620903820258042,2.020996475338066,0.3518440487156324,0.4821031978191731,0.5669031826293847,-0.28679906978068154,0.4514102871836102,0.4033962301162448,0.40975308478573785,1
0.004904094016293398,-1.41619371568311,0.27967722576327125,0.5985369837740325,1,0,0,1,0,0,-0.4576849316364408,-0.21812234573090036,-0.42569225535928473,-0.26536389609554994,0.07109206159341248,0.03732749453879705,0.8747237170499683,0.7764827363654544,-0.26217195122130527,1.0467400586576538,0.5127121746896258,-0.32205844565012143,-0.6336195264812523,0.4355793019034738,0.4085626058740315,-0.37471314424266444,0.10411877964165267,0.21368547539669114,-1.1427899248825406,0.6941558255444424,-0.7810989155065965,-0.656457874365697,-0.018152732634127252,-1.3108358896112118,-0.457928661448144,-0.6941558255444424,1.14278992488254,0.49378541408539117,0.491016520610491,0.3091580262022686,0.05939174276930372,0.10316902497069583,0.6996301199807459,-0.709509049969999,-0.26403600355210183,1.0079356506638961,-0.7481493064513315,-0.6346847228976005,-0.07694712256726609,-0.07544647093981212,-0.5838686025055501,0.47455723862252236,-0.20711139779498602,0.1250502895462747,-0.08511336124321738,1
-0.3034990542705592,-1.158516055968491,-0.15484123025532542,-0.4281154315628296,1,0,0,1,0,0,-0.5207796166571032,-0.10764265084296887,-0.13144908275958464,-0.4343295949120862,0.531235891469675,0.25287437357832476,0.36060057680292973,-0.13230894951640645,-0.28482872935709286,0.7943659900029061,0.736255870415489,0.6369111428149178,-0.44881770644394053,0.34800170701089383,-0.7764598413637281,-0.03297197489662714,0.5841200955195042,0.9845960158185415,0.3506288912831737,0.5209213695068188,-0.15370467476954855,-0.5962422384494601,0.35623675988409026,-0.4939337164653902,0.004097683000318061,-0.5209213695068188,-0.3506288912831744,0.04814519612450831,-0.9349191994684248,-0.9190192424451392,-0.7933612898783374,-0.5454256239766699,-0.18250970659880966,-0.8726274695258333,-1.0945585420250417,-0.8523972546416179,-0.22078545442469194,-0.6346847228976005,-0.2959043164138529,-0.07544647093981212,-0.2623294272472596,-0.15990635171348128,-0.4540570296619595,-0.26463402725168356,-0.20882997275045564,0
1.4441187860216065,-0.5916252045963298,0.27967722576327125,-0.4281154315628296,1,0,0,1,0,0,0.3877838476404349,-0.5722388414506387,0.6489349837004895,-0.596351497886847,0.1177049982314621,0.020781364819995127,-0.5613828757738454,-1.1190415723778742,-0.2339778828813368,-0.7469913834559029,-0.38730058963476466,-1.1143197447296822,-0.13302158930452943,-0.9438457649198438,-0.49985755023943473,-0.2566011266636092,-1.2699976727053326,-1.271972249500183,-1.522694711451012,-0.009609152108407288,-0.1624630129745544,1.0351733561848042,0.061996218425654115,-0.2501707853792647,-0.7383235973816203,0.009609152108406583,1.5226947114510108,-0.8988402670423681,-0.4846237089171882,-0.06384395909064733,-0.18609776662925942,-0.6649035856248688,-0.11949971898598452,-0.46483142063624716,0.2896456887631914,-0.23228628620644656,0.11922545017143077,1.5277985385228705,1.2345152364096832,1.0817932485192447,0.9011346937531345,0.17318703321292087,1.0276167615398821,1.127095675598167,0.9355486836915021,1
0.08200488108800677,-0.978141694168258,-0.15484123025532542,-0.8681093238500562,1,0,0,1,0,0,-0.5081606796529707,-0.11985356448847709,-0.7327286093763631,0.13853356203438952,-0.6402913343138573,-0.19923744117056014,0.6753526057496197,0.9450019682684344,-0.24019003585625429,1.6314779650438551,1.5218884372779242,0.3161271176495683,-1.5730963118052488,0.22760282423649283,0.8555348986676813,-0.5291086036717267,1.7183074800290359,1.6171706703261646,0.6912331826893902,-0.2543969704224406,-0.7116761779852588,-0.43998877798741876,-0.2033552942215387,-0.5001771932099464,-0.3996771015733676,0.2543969704224406,-0.6912331826893908,-0.03541234474315745,0.41596727218528484,-0.8644335860608106,-0.9742482968035945,-0.34060626115118536,0.1010352376589052,-1.3619827281933365,-1.7036084035718644,-0.4183195767369984,-0.3595654154843339,0.12408133374116129,1.9666533533342068,1.5323711785047043,1.1930584186586881,1.5848685217105287,1.2745623934068555,1.2384340518261547,1.3376276710900281,1
0.4932090788038099,-0.9008383962538722,-0.8790386569529866,0.3052077222492148,1,0,0,0,1,0,-0.571255364673633,-0.08729112810045517,-0.46407179961141953,-0.23469546446104164,0.24507578322356172,0.11424463809647085,-1.6732294837141062,0.1866298652492165,1.0757191375966808,-1.137743709600721,-0.455061871655066,-0.22963174099082687,0.2258508957890274,-0.9060484687703761,0.559389151241546,0.5878451308121708,-0.25182930167194134,0.10647735775433845,-0.35678002163742906,0.040659774866796713,1.4213533736743484,0.3042284247165308,-0.8798164330011576,1.2873087258178726,0.6955571359568532,-0.040659774866796713,0.3567800216374284,-0.7595776989295921,0.7912135143113154,0.7003552302899613,0.9250652759116064,0.76883195415352,0.2270552128845555,-0.38327221085833024,-0.26403600355210183,0.6978801664463103,1.3057941172313696,0.27583454506891375,-0.013084607695344815,-0.46443461193445323,0.04228663352375219,0.5697267771729232,-0.7010026615289333,-0.7656567202776299,0.22417816752487937,0
1.4441187860216065,-0.3854830768246345,0.27967722576327125,-0.4281154315628296,1,0,0,1,0,0,0.3877838476404349,-0.5722388414506387,-0.7199354279589849,0.11249432762773152,-1.4442480314169726,-0.5270296866808794,-0.2959643367840601,-0.06113167351554104,-0.3713517704947147,-0.33339102509638857,-0.24745683704136603,-0.7858930739403311,-0.33795583902284004,-0.9360390816333867,-0.648552045971241,-0.14237426343314533,-1.4745551312968934,-1.0539036051324302,-1.4375436385994584,0.3538738583276802,-0.5237336064869854,-0.5658000619757951,0.3645779063955397,-1.0117538605984062,-0.7072257371282997,-0.3538738583276802,1.4375436385994576,-0.8988402670423681,-0.6347222057676005,-0.11842961547497735,-0.173177266134598,-0.7331767065666972,0.1010352376589052,-0.5463906304141645,0.12354118106860354,-0.10826409251941274,-0.24854144663662048,-0.17942508891434333,1.3645210702560935,1.3767759221068474,0.8038267854512828,0.664896315723324,0.8629863402952329,1.1827648637121608,0.9664778365683122,1
-0.7404035143436003,-1.5450325455404195,-0.8790386569529866,-0.13478617003801185,1,0,0,1,0,0,1.7884858550991394,-0.7053959473945141,0.06044863850108935,-0.4962451078345841,-0.7096477550687896,-0.15899009861131222,-0.043978946480672666,-0.46270192495097695,0.136107585717812,-0.8663103793670026,-1.0680314867007128,1.340652526191795,2.7890142892198018,-1.2616387411576395,-1.2932073347493738,2.1313887642949347,-2.0541191915630814,-1.4340863874126697,1.6167883223801918,0.22497917377587734,-1.1994607690812387,-0.6604338059710526,1.9557765284602149,-0.8664999953094901,-0.011612994458260284,-0.22497917377587734,-1.6167883223801924,-1.038102835155144,-0.9349191994684248,1.6283113888235585,2.721014844669517,1.4174266031008858,-0.7180946013078251,3.450010648703779,2.5043724580243647,-0.790386157798101,-1.0257092285706153,-0.36911660307403377,1.0178388466656656,2.0056400833815173,1.4299820214805863,-0.4612765571230828,-0.20711139779498602,-0.1254610569666985,0.7809029193074537,1
0.030604356373531493,-0.978141694168258,-1.6032360836506476,0.5985369837740325,1,0,0,1,0,0,0.48873534367349464,-0.5861941713312195,0.6105554394483548,-0.592300950312478,0.04858466719750351,0.006918391271809734,-1.2699302735227964,-0.5518455224174252,-0.9974396260338686,-0.3096958499232927,-0.7403402353565304,-0.7146528587483919,0.23039504069123956,-0.8559871207331188,0.39796627996728584,-1.293789773923291,-0.7373213368605909,-1.722935245844854,-1.295625183846869,0.3102840195519798,0.910576713615984,1.15609918101733,0.0633994330308033,-0.31273610290259457,-0.7196323605914516,-0.3102840195519798,1.295625183846869,-0.7317251853070371,0.5660657690356972,0.5365982611369737,-0.26362076959722697,-0.5283573437412127,0.3845801819166189,0.2692014673650073,1.1201682272361313,0.139780294854656,1.5000860627148682,1.9451198696741894,1.8389283235903642,1.5972025353371444,1.345366449044194,0.6331731362065233,1.2745623934068555,1.6281183686241134,1.5232025883508855,1
-1.305809286202831,0.0783367106616796,1.0038746524609323,-1.8947617391869185,0,1,0,1,0,0,0.03445361152472564,-0.48792539008879626,0.6361418022831113,-0.5946155489264031,0.3363147505273443,0.08428272752458629,0.8072627707355553,-0.12940082221558008,0.8459737927534232,-0.4771604737319602,0.12295875783456733,0.9419367338255507,0.20693690241568016,1.1672797794320036,-0.07582273527626054,0.547510530319894,-0.050300095083302375,0.33735311436993726,1.068484771272222,0.22497917377587734,0.043813668307870354,0.10164913776514883,-0.606279233726508,0.5947363029324688,0.16950724851762336,-0.22497917377587734,-1.0684847712722227,1.1343932274041606,-0.03432821836595151,0.1272058382545045,0.3953247556304958,0.3591932285025509,-0.05648973137315825,1.0032343553662626,0.5111183656893089,0.20179139169817292,0.22331042096616224,0.35171115073279,0.7623887871779818,0.30057539868834077,0.5330569536548284,0.8552353928241243,0.4514102871836102,0.6260729825722207,0.9664778365683122,0
0.2105061928741954,-0.9523739281967958,0.5693561964423357,-0.13478617003801185,1,0,0,1,0,0,0.12278617055365294,-0.5117657453014551,0.047655457083711085,-0.4962451078345841,-0.05609801670784394,-0.010074931142094942,1.6862087917186548,-0.9811197432614445,-0.9146309767021125,0.5534407680119025,0.5126160931604182,-0.4557723860947242,-0.708829342612855,1.5692860183786614,0.09960948907493236,-1.1789714785269076,0.5277520628808374,-0.01361048375641505,-1.4375436385994584,0.8041191033027003,-0.7767022725271354,1.4464042375611266,0.06557854912728851,-0.22435286101695992,-0.6797140152987444,-0.8041191033027003,1.4375436385994576,1.4964759044973779,0.11577027848446049,0.08171779126756346,-0.5478717804797735,-0.32353798091572933,0.7626401075935709,-1.0357458890816678,-0.5408768497097485,0.38782468222872474,-0.9146852597229018,0.7310941790521709,-1.208225957441296,-0.996051737960463,-1.0069464646875115,-1.3336639938350878,-0.6186874509066087,-0.32030321536567735,-1.0748462533011267,0
-0.1749977424843705,-0.23087648099586283,-2.327433510348309,-0.13478617003801185,1,0,0,1,0,0,0.6780193987354818,-0.6048012778386607,0.43145089960505906,-0.5720482124406329,-0.12476801700699063,-0.023043519300074828,-1.862694993638774,-0.9801866906595748,1.0672732037411736,-2.2004904447412437,-1.5390944186791018,-0.3635454084718627,1.431695259712915,-1.3550872819884194,-0.013126782697571298,1.0363856457620853,-2.053514812405645,-1.8276699048842608,-0.9352479841380451,0.43173498641965286,1.236135486021966,1.3321868713550322,-0.41753059803791454,0.9364904909176849,0.21653418788003753,-0.43173498641965286,0.9352479841380443,-1.3166279713806959,-0.18442671521636386,-0.5187244289600577,0.05939174276930372,-0.767313267037611,-1.348194477436079,0.4323198869208419,1.0648000580046022,-0.6663639641110671,0.9727222106882286,1.0346006017076752,-0.41450612974742024,-0.5551985114998699,-0.1777138548108673,-0.3819686083310823,-0.7010026615289333,-0.5986491559356475,-0.5181215015185524,0
0.7759119647334253,1.8047770307496258,0.5693561964423357,0.5985369837740325,1,0,0,0,1,0,0.22373766658671274,-0.5396764050626168,0.32910544826603294,-0.5598965697175259,0.05570124632004115,0.017651015954275845,-1.027754543257155,0.1779127633460798,0.9861257093885208,-0.3382753840533398,0.03155847291553071,0.05544032972502564,0.09841206416495361,0.9424430916423844,1.4901337062536169,0.4940172393214515,0.7045239371385654,0.4719222747971487,1.3508541695676228,-1.2641467209678323,2.370795743419474,1.2485923837658073,-0.8516271974638041,1.155582096245159,0.4197126887248671,1.2641467209678323,-1.3508541695676235,0.8837206048011639,1.391607501712964,0.02713213488323473,0.279040251178545,0.5640125913280355,-0.5290646384693491,0.6769975162545934,0.06817301183707392,-0.35630847989348147,2.221741860225006,1.1863538130354276,0.05077790717657645,-0.39960325510201306,0.05920974801103089,0.41111087958892223,0.5337254978059351,-0.04195727479570725,-0.332546584257695,1
-0.7147032519863632,1.0317440516057692,-2.617112481027373,-0.8681093238500562,1,0,0,1,0,0,0.021834674520593164,-0.4855995017753661,0.23955317834438508,-0.5408011311526433,0.14328956210353586,0.04448257766044113,-0.2052144460189359,-0.1046294911906849,0.2817169981053035,0.05898520195634873,0.6366849252750563,-0.10444561232857591,-0.4681252857107498,-1.6166591762515967,-0.15366598047213745,0.3475633416403931,-1.1438529573311054,-0.2625814286105314,-0.30219600057873947,0.15726295599484702,-1.3299911177337342,-0.010331945654251667,-0.03584893451754431,-1.2139102145653016,-1.084081242826177,-0.15726295599484702,0.30219600057873874,-1.4558905394934718,0.26586877533487285,1.3462854975045246,1.3514417922354265,0.7346953936826055,1.2982250023025865,0.8401159358104279,1.1201682272361313,1.6280466190990672,-1.1367331974183288,0.4275877563966659,1.3462746374355445,1.1174504947770867,0.4822876101929924,0.7917890337905242,1.2745623934068555,1.5167799923961247,1.0283361423219313,0
0.6988111776617119,-2.1119233969125806,-0.15484123025532542,-0.13478617003801185,1,0,0,1,0,0,0.1480240445619179,-0.5199063543984607,1.0711099704739724,-0.6466940177397191,0.42353883047250807,0.0999344718531827,0.11252057686099316,0.7769068866537422,0.0896093309484362,-0.04870003042811997,-0.21332920606381162,-0.5163243764214316,0.10933298616598353,-0.6350002768023147,1.513948868675773,-0.38074830838122475,-0.7092147681430419,-0.785814636375916,-1.1014209826064827,0.38817105265189955,-0.7909473957805889,0.45031165822736796,-0.5051142880331191,-0.637454624579478,-0.48985663012586567,-0.38817105265189955,1.101420982606482,-0.7038726716844818,1.0914105080121401,-0.600602913536552,-0.6899972859210471,-0.9038595089212672,-0.34003467563087314,-0.22015379130249568,0.34501385799472056,-0.10826409251941274,-0.7481493064513315,0.41072628847136017,-0.016125679832102783,-0.27426263189262934,-0.49737268401501544,0.41111087958892223,0.15873398274867878,0.3848398340782469,0.23105131260861483,0
1.3156174742354179,-0.7204640344536393,-0.15484123025532542,0.3052077222492148,1,0,0,1,0,0,0.3499270366280375,-0.569331481058851,0.712900890787381,-0.6050312426890664,0.16570388748226053,0.029725218722050223,0.6671917299036764,0.612243019833118,-1.2512832509391258,1.009878243070264,0.2096711169502685,-1.1261140726862051,-0.7112837782108913,0.4166120593611411,0.9184116748428375,-1.1790835156285717,0.5339532364102921,-0.010286022270608106,-1.8632990028572285,0.312111980532898,-0.5114724807550669,0.07972189577823179,0.5256808994448771,-0.8348214654096983,-0.2826250196160706,-0.31211198053289735,1.8632990028572285,0.5494904413305014,1.0914105080121401,0.5547934799317504,-0.18609776662925942,0.03489590402886805,1.140700033270523,-1.1988643086375024,-0.5408768497097485,1.0079356506638961,-0.49834537654397587,0.04820472807728505,-0.06782390615699217,0.20981149912292413,-0.14386762583630988,-0.15990635171348128,-0.12479618717266176,0.013711913318286572,-0.023255055489598248,1
-0.25209852955608386,-0.02473435322416849,1.0038746524609323,-0.13478617003801185,1,0,0,1,0,0,-0.4703038686405733,-0.20649290416374969,0.27793272259651985,-0.546008978033975,0.7268528866715787,0.26315980556568813,0.6150937047137857,-0.5008328007640509,-0.6383552460697414,0.3635235980946291,0.48393493746799277,0.6264493471034817,-0.9477157897497792,1.9751610149015972,-0.2935182587603198,-0.9155371754818721,1.6956334880328041,1.0147821606316083,1.5275383624814358,-0.6605917564372907,1.1182548440318656,0.3933685884769912,-0.04737356088600066,1.1902642126116438,0.3615981486468153,0.6605917564372907,-1.5275383624814365,1.9978211497033713,-0.18442671521636386,0.3182556355996563,-0.22485926811324272,0.4445346296798359,0.8886600828192224,-0.13859458152457876,-0.762349526635866,0.20179139169817292,1.2502821328075124,0.5793409677244183,0.5708012425622179,0.45617065508619664,0.9392117013495113,-0.12818317219668063,0.8629863402952329,0.5704037944582268,0.2860364732784985,1
-0.9717058755587404,-0.7462318004251005,-0.15484123025532542,-0.8681093238500562,1,0,0,1,0,0,1.0439685718553235,-0.6507375720289058,1.8003213112645335,-0.6993511362065163,0.20829586820931398,0.04001065070941358,0.6991204810032537,0.19475591353944838,-3.1665899096572434,1.624467233709706,1.0368412571016534,-0.32999693562085847,-1.7309803070412113,-0.40056525980386176,0.9888266267238831,-2.0708119386122537,0.5182331053197056,-0.15043244115159815,0.2654778184316193,-0.7133741297612541,-1.37238413519403,0.7232762041664419,2.2478681979280997,-1.680679354682065,-1.4948124140187906,0.7133741297612541,-0.26547781843162,-0.03541234474315745,1.6918044954137887,1.7374827015922172,0.14983524623193267,0.3591932285025509,2.967989674042459,1.166352774922097,1.1201682272361313,1.5040244254120325,-1.2107491766501381,1.0851850054835932,0.9874281252980858,2.1461080231851373,1.1197249225471475,-1.5980238231417563,2.5367289562824986,2.2404794378780473,-0.45626319576493324,1
0.2619067175886707,-0.5916252045963298,0.27967722576327125,-0.13478617003801185,1,0,0,1,0,0,1.2584905009255756,-0.6734149830848497,1.5060781386648334,-0.686620843829928,0.0600362268037554,0.012731896308145543,0.5032477958841916,0.6479263611566632,0.693368788607686,-2.6883251197645293,-1.958202996577697,-3.1164069153495735,0.010453088915058356,0.06954070120958629,-1.7361337576513562,-0.7392370582117676,-0.6110632233245382,-0.17216513355290675,0.6912331826893887,-4.935963995678347,-0.6302940613110859,-2.6285199506224295,-1.6907203137713325,3.0258339683976208,2.3776740567420007,4.935963995678347,-0.6912331826893894,-0.10968571440330459,-1.685411683720486,-0.646090960523493,-0.8967252938356269,-1.05747403104038,0.3845801819166189,-0.22015379130249568,-0.5408768497097485,-1.1004416420156866,-0.7481493064513315,-2.4557232588306284,-0.8980365994919648,-1.5276688639864726,-0.5161761445564365,1.0455744699249259,1.439192814651505,-0.5429799678216537,-1.0748462533011267,0
-0.2263982671988458,-0.9523739281967958,-0.15484123025532542,-0.13478617003801185,1,0,0,1,0,0,0.43825959565696476,-0.5774720901558565,0.047655457083711085,-0.4962451078345841,-0.24330359890628409,-0.060607705688706215,1.7144873199910122,-0.08825696551385281,-0.1281306718329257,1.0296692296580034,0.8695668365031471,-0.003839617732232731,-0.8293639095578595,1.5594399639566667,0.9888266267238836,-0.10292985920115899,1.1494307403053625,0.7012842436334115,-0.060099813059615065,0.05436948222367098,-0.8258623160314889,1.111720262450949,0.07172433881914085,-0.251260854301121,-0.4458119053235109,-0.05436948222367098,0.06009981305961435,1.106540713781605,0.5660657690356972,-0.7734574920869285,-0.7029177864157086,-0.2552648599739003,-0.6235796198885869,-0.9541866793037505,-1.0391903727935126,-0.790386157798101,-0.9424412519348303,0.5034643620605421,-1.1352402261590995,-0.9312203811280227,-0.9561771212256767,-1.0798785577006862,-0.20711139779498602,-0.2089648391376897,-1.0748462533011267,1
1.0329145883058024,0.7740663918911503,-0.8790386569529866,0.5985369837740325,1,0,0,1,0,0,0.24897554059497767,-0.5460725979245497,0.21396681550962854,-0.5344359849643492,-0.02678956531675538,-0.00694458227637566,-1.8513838094112767,-1.2310162136802283,-0.3580043153010658,-1.7522428421886767,-1.6592798685985268,-1.170881671771418,0.9564726859908389,-1.2699269562951734,0.052463195846902996,-0.21011746804633924,-1.1338639451220023,-1.0479476502297962,0.07674090437920666,-1.6730536447424134,1.30549820302806,1.7421648641228364,0.27825610049691335,1.2428469559008524,1.1340281800210736,1.6730536447424134,-0.07674090437920737,-1.0938078624002545,0.41596727218528484,1.1188452625698195,0.821701271954316,0.2738518273252659,0.7941451013999841,1.4110304042558486,1.5077454118568363,0.8219023601333442,1.3890620938671545,1.8692432640103136,0.4521994292286506,0.533968283285125,1.0407503882731821,0.2207718024881207,0.5337254978059351,-0.2089648391376897,0.10046155601764112,1
1.3156174742354179,-2.1119233969125806,-0.15484123025532542,-0.13478617003801185,1,0,0,1,0,0,0.3499270366280375,-0.569331481058851,1.0711099704739724,-0.6466940177397191,0.300713558012528,0.06192309276944856,0.4597743831918868,0.37483113921604055,-0.5225811992872871,0.5791339723748408,-0.026164254895569818,-1.2297751582415903,-0.6556403495141608,0.22514130861626386,0.909652648919289,-1.2542330529471917,0.36251276724119663,-0.22846347140901227,-2.0362621195869473,0.3422733367180179,-0.41436892916751394,0.39680255272596754,-0.5459972544378848,-0.4229111795306687,-0.18903530024045775,-0.3422733367180179,2.036262119586946,0.4102278732177254,1.1664597564373458,0.74584327727690225,-0.08273376267196997,0.06903246449978255,1.2667200084961745,-1.1173050988595852,-0.319404172783631,1.13195784435093,-0.44283339212011924,0.27583454506891375,-0.24116501795220557,-0.47740088330094144,-0.6007917169928287,0.41111087958892223,-0.04248097655033679,0.1250502895462747,0.038603250264021984,0
-2.1539179439916754,-0.514321906681944,1.0038746524609323,-0.8681093238500562,1,0,0,1,0,0,3.807515775760335,-0.7734281805623455,0.6233486208657331,-0.5940368992729219,-0.7712761802036866,-0.135736078465969,0.5963106944467337,2.8136867429835197,-1.9227987532934052,-0.14147291286541705,-1.2592842790235332,-0.6838267743165686,0.6254705877967408,0.1713307076525464,3.265010156634318,-1.839730140257738,-0.9345068024124865,-2.399353458629086,-2.3498765620089648,1.3979208031972914,-0.6579929120816899,-0.591057856530652,0.779778941830955,-0.7355201702692706,-0.7053704187004858,-1.3979208031972914,2.3498765620089634,0.0759977097470634,2.81754322179188,-0.2821865846279648,-1.1551353037288514,-1.39883963574952,-0.24551969421163483,-1.0357458890816678,0.012804842605544792,-1.1004416420156866,-0.19302946221276363,0.10511218232519232,2.591593677438005,2.7349928477464696,2.1492143871899207,0.728342674756924,0.2044646553166367,1.127095675598167,2.7912978563000825,1
-0.5862019402001745,0.0783367106616796,-0.15484123025532542,-1.8947617391869185,1,0,0,1,0,0,1.4982503040040924,-0.6926035616706483,0.6361418022831113,-0.5946155489264031,-0.3129106486981122,-0.073129101151583345,-0.38541041572573204,-1.5341305773901015,-1.4132474512507138,0.9027916901959191,0.7690099872290305,3.9356183419885316,0.143534325877794,-0.32808432702997486,-2.1186611228848866,-2.1248421630147893,2.320981529117703,1.7289110410929671,4.948786825267084,0.45956749966015986,0.2081045711277524,-0.016785840136851395,-0.20330484490325082,1.081832223754171,0.6881944799940524,-0.45956749966015986,-4.948786825267085,-0.6203151308168162,-2.0606579258465163,-1.4648758062884317,-2.1241728408284435,-1.39883963574952,0.6996301199807459,0.18764225758709038,-1.3713993881826885,-1.720552610450858,0.11228645211844858,-0.1035484832504671,-0.2594114507727547,-0.32180562690308556,0.10997909147286698,-0.12818317219668063,-0.9479482933959068,-0.8769950965056176,-0.023255055489598248,1
1.0329145883058024,-0.23087648099586283,-0.8790386569529866,-0.13478617003801185,1,0,0,1,0,0,0.24897554059497767,-0.5460725979245497,0.43145089960505906,-0.5720482124406329,0.09453336227480759,0.02212294290530339,-1.8478742189776487,-0.6992944384739724,0.15862891006156787,-1.6920523069161229,-1.3751539335176373,0.1979126474331573,1.5695288747034501,-1.248770196601995,0.03557193395657343,0.0593580954179146,-1.1943723141766713,-1.1494424955646025,0.28185302474922574,-0.009609152108405178,1.3217576171001242,0.995438745287603,-0.15720187273200173,1.1015343629386953,0.6655605869733938,0.009609152108405178,-0.28185302474922647,-1.0659553487776992,0.41596727218528484,1.1734309189541483,1.0284292798688959,0.4274663494443799,0.5106001571422693,1.9003856629233515,1.8953225964775422,0.6978801664463103,0.9727222106882286,0.6552175733882943,-0.5969704579529088,-0.5811310542328463,-0.14386762583630988,-0.44541496736468245,-0.7833178721512579,-0.8769950965056176,-0.5799798072721716,0
-2.1025174192772003,-2.1634589288555044,-0.15484123025532542,1.0385308760612593,1,0,0,1,0,0,1.0692064458635884,-0.6524819882639784,3.8472303380450557,-0.7670531456638272,0.5750953570407992,0.0909906179511276,-0.7981104196373939,-0.8838010409976769,1.0471625673121294,-0.6210743997087803,0.6636299029826204,0.3844375036260366,0.21288760960923228,0.034799351678114716,0.42416165813823803,-0.2798556201614845,-0.4564878958389734,-0.26330761391665125,-0.30025191215747105,0.8221130942085976,1.1445630688360766,1.6379605028176178,-1.7127342187585142,0.3863858622272803,-1.1198200121132171,-0.8221130942085976,0.3002519121574703,-0.007559831120602114,0.340918023760079,-0.12752722487236504,-0.25070026910256554,-0.40887938209301433,0.2270552128845555,0.02452383803125581,0.17890935030013266,0.139780294854656,0.917210226264372,1.33810702436318,-0.350643614875499,-1.1386807229918314,-0.939254006738398,-0.0647368131630805,-1.0302635040182315,-0.8213259083916238,-1.3841377820692236,1
-0.9717058755587404,-0.5916252045963298,-0.15484123025532542,-0.13478617003801185,1,0,0,1,0,0,1.0439685718553235,-0.6507375720289058,1.5060781386648334,-0.686620843829928,0.1311574667322475,0.03017241141715298,-0.03956259260653831,1.1681568952605252,-0.7410214492426527,-0.7558005269776625,-0.6916003321163395,-1.956896970975119,0.7398055846337573,-0.21313510924387802,0.4400449375069368,-1.9365398817469495,0.49897982916664996,0.3298209968295243,0.46109514795545875,-3.126282624571021,-0.15794934178241624,-1.1625046406298143,-0.9330346764812425,1.5158176088782067,1.2211203125006904,3.126282624571021,-0.4610951479554595,0.02029268250195297,0.7912135143113154,1.0187715591985484,-0.2765412700918884,-0.06751377738387422,2.7159497235911574,0.4323198869208419,0.2342775195316623,0.8219023601333442,-0.2855494362525249,-1.1911131644326922,-0.5635186644485686,-0.9225762002170312,-0.3469449996836519,0.5168548113115892,-0.20711139779498602,-1.2852358093415737,-0.45626319576493324,0
-0.25209852955608386,-1.9315490351123477,1.0038746524609323,1.478524768348486,1,0,0,1,0,0,-0.4703038686405733,-0.18614138142123599,-0.3745195296897717,-0.299504225650946,0.1666259735798757,0.08830746178051108,0.8792179098668764,-0.7002447544222413,-0.26250891392857706,1.3376392871593195,1.280470369630688,0.7772823242974796,-1.4315934010699451,1.997291184350872,-0.527064332972972,-0.5609774752826197,1.8848471676267966,1.213999332559457,1.1921218465220598,-0.12221154853286309,0.7730959118323355,0.4331064227661482,-0.20486978275651782,0.06191780713374295,-0.4794401303447591,0.12221154853286309,-1.1921218465220604,2.1649362314387024,-0.3345252120667762,0.6093791363160792,0.2015172482105774,0.9736513169790033,0.7941451013999841,-0.5463906304141645,-1.0391903727935126,0.5738579727592754,1.6265300272358754,1.4224143639897089,2.6701547076375904,2.1172940868151646,2.0222910285353324,1.4333022195747056,2.1708835757388343,2.302334091338041,2.842846444428098,1
0.08200488108800677,-1.0812127580541053,-0.15484123025532542,1.0385308760612593,1,0,0,1,0,0,-0.6343500496942954,-0.021003311167696263,0.57217589519622,-0.588250402738109,1.269648225209414,0.438459342045968,0.3519149256680619,0.6069279647506934,-0.3173165692052963,1.7083685138706017,1.4559251447726416,1.2017138134697793,-0.7405929307446222,0.28008438852276996,0.23857987778664813,-0.17536412879081067,2.0534201614152545,1.8484111598296842,0.2430696413654208,1.3979208031972914,-0.2094892498223029,-0.5940235946588786,0.2575583428889789,-0.27175936567276965,-0.08816026000970549,-1.3979208031972914,-0.24306964136542153,-0.007559831120602114,-0.10937746679115769,-0.9190192424451392,-0.8579637923516437,-0.10165033785478751,-0.2770246880180474,-1.5251011477491712,-1.7589765728033937,-0.23228628620644656,-0.3163894275991121,-0.6852691266735177,-0.5026972217134066,-0.30307656826260265,-0.38455192076649275,-0.47008855143330586,-1.213186194290064,-0.7903985816616271,-0.1813373924155138,1
-1.4086103356317816,-1.6481036094262664,0.5693561964423357,1.0385308760612593,1,0,0,1,0,0,-0.3945902466157784,-0.2582439191375702,-0.42569225535928473,-0.2520549540654803,-0.030381809742601774,-0.003814233410656377,-0.6639074498504826,-0.08212795392910625,-0.2192936425642368,-1.3359960278998695,-0.9848030881004729,0.5096787990111958,1.3882076938026424,-0.7519135101993142,-0.3698183514113436,-0.10151328287280993,-1.408302152755548,-0.6755586603650054,-0.5666803935267474,1.2571678076667228,0.1718763504518413,-0.25775271185073007,0.19777069638233125,0.40839613491790505,0.6207407011897436,-1.257167807666722,0.5666803935267466,-0.7595776989295921,-0.43459087663371765,-0.3125119492859251,-0.3153027715758717,-0.8298969612342869,0.2270552128845555,-0.08422177500596675,0.1973654067106424,-0.4803306735805153,0.0012624832707351544,-0.4070549059059717,-0.5513543759015367,-0.37367071236903754,-0.194636969298146,-0.28679906978068154,-1.6064699783745033,-1.378017789531564,-0.023255055489598248,0
1.0329145883058024,-1.0296772261111817,-0.8790386569529866,-1.6014324776621007,1,0,0,1,0,0,0.24897554059497767,-0.543165237532762,-0.3233468040202586,-0.333644555206342,-0.48307252103177484,-0.15988448400151775,0.2724777686199067,-0.2981227154293634,-0.5058688109436982,0.6690031763605764,0.6073911709964284,1.1312453946983432,-0.15155031917745865,-1.1648684915834606,-0.21026779023024128,-0.2167812377220911,-1.0808028212615,-1.2225699778496915,0.2792118624399347,1.2659648698873813,-1.542809841673726,0.19854112653565997,0.4736953736576852,-1.9754857072666983,-1.9832398992961593,-1.2659648698873813,-0.2792118624399354,-1.0659553487776992,-0.10937746679115769,0.30006041680488094,0.13691474573727128,-0.3064697006802721,0.006520256239666901,1.3294711944779316,1.2862727349307197,-0.17027518936292965,-1.4420491117495413,0.19995793940503753,0.05077790717657645,0.28760912732185256,-0.5500223735309933,-0.826093121566285,0.5337254978059351,1.461110804282131,-0.20882997275045564,1
0.004904094016293398,-0.5916252045963298,0.27967722576327125,-0.13478617003801185,1,0,0,1,0,0,-0.5081606796529707,-0.15706777750335926,-0.23379453409861076,-0.3706781330291445,0.40586589903327663,0.16567179803328763,-0.21487056720756711,0.4178171282784245,0.5168164922693349,-0.25758767660300746,0.29962116254737,-0.18625356365072646,-0.33642737685917873,0.358667423091159,0.016383785672010653,-0.05723518667931889,0.26201743172641123,0.35629286445334807,-1.8937101003042098,1.6241309745857062,0.6571590173350252,-0.5570542040807671,-0.7640213012595128,0.6077963330315191,-0.04167155018753427,-1.6241309745857062,1.893710100304209,0.35452284597261524,0.04072103005925432,0.09081540066495114,0.046471242274642305,0.15437386567706757,0.25856020669096863,-1.3619827281933365,-0.762349526635866,0.8839134569768611,0.3620903820258042,-0.7105613285614767,-0.7246954876967501,-0.9701191952274875,-0.7023304039164997,-0.3185222492974822,-1.277209135885205,-0.7656567202776299,-0.332546584257695,1
-2.1025174192772003,1.4440283071491598,-0.15484123025532542,0.3052077222492148,0,1,0,1,0,0,-0.20530619155379135,-0.37802716727922225,0.09882818275322415,-0.5089754002111725,0.2556084424433621,0.10261762802379923,-0.5035510471683114,0.2850012040474391,1.3122239814432508,-0.24497756262778025,0.138139172981223,1.2951019855020915,0.8429442411915541,-1.631052939449744,-1.0999026759570996,2.293451586871407,-1.6159364787434083,-0.5153680666104951,0.07674090437920666,1.6902539477607814,-0.9295288901084768,-1.493031451990354,0.5108435227813802,-1.2713860684088854,-0.6827442991650918,-1.690253947760782,-0.07674090437920737,-1.5115955667385823,-0.9349191994684248,0.47291499535525605,1.6615338041072958,0.76883195415352,-0.9071245641463012,1.4110304042558486,1.5077454118568363,0.8219023601333442,-0.9424412519348303,-1.4693273852002382,-0.5148615102604385,-0.1921429132382052,-0.6684841749419423,-0.5088613263982832,-0.9479482933959068,-0.26463402725168356,-0.332546584257695,1
0.18480593051695732,-0.02473435322416849,1.4383931084795292,-0.4281154315628296,1,0,0,1,0,0,0.12278617055365294,-0.5146731056932429,0.08603500133584588,-0.49913835610199053,-0.028855074251614377,-0.010074931142094942,1.9314119727260788,1.4905703125615941,-0.2084955127379343,1.0053158262883308,1.2378767023205401,1.041986447538714,-0.7923544303018473,1.7403067360174305,0.6845821786254498,0.7834097074300136,1.2431529150740959,1.3789464076497153,1.4252941555476124,0.007555847346540335,-0.9467813786361934,-1.3600551341960836,1.0722715547767754,-0.12542767332530472,-0.2630275622931241,-0.007555847346540335,-1.4252941555476133,1.8028535543454847,0.7912135143113154,0.391036510778763,0.7570987694810098,1.2808803612172301,-0.11949971898598452,-0.05703537174666111,-0.6516131881728072,0.3258135853852078,-0.8036612908751883,-1.1658209625447336,0.6711566230752374,1.1693155802430386,1.0407503882731821,-0.7626467625326843,0.6160407084282594,0.6817421706862145,0.7809029193074537,1
-0.25209852955608386,0.49062096620506923,1.0038746524609323,-0.8681093238500562,1,0,0,1,0,0,-0.4703038686405733,-0.18614138142123599,-0.6431763394547153,-0.05242082361443573,-0.3628742770513202,-0.10264381902836514,2.097002696720847,-0.8193720067038327,-0.6364025311652226,1.8296377830020318,0.9999037521041572,1.4831045581331728,-0.5939618152043367,2.0251948169239897,-0.6154407278926494,-0.570430681944198,2.031731375037932,1.3631925569054206,1.627894984056482,0.40825130337297294,-0.892382497568111,0.5080787827341843,0.2967557564851879,-0.45709255393378717,0.030968358929466522,-0.40825130337297294,-1.6278949840564827,2.2206412586838127,-0.40957446049198204,0.6639647927004092,0.24027874969456073,1.0760609983917457,0.8886600828192224,-0.46483142063624716,-1.0945585420250417,0.5738579727592754,-0.7759052986632599,0.6552175733882943,0.4704458620491997,0.5599008260181015,0.3299795798074865,0.4428340591057229,-0.4540570296619595,-0.32030321536567735,0.40975308478573785,1
1.0329145883058024,-0.30817977891024867,-0.8790386569529866,-0.13478617003801185,1,0,0,1,0,0,0.24897554059497767,-0.543165237532762,-0.5408308881156891,-0.14211151990403548,-0.8245826246649667,-0.30790526608052954,-0.9761165006565066,-0.14620788542050236,-0.04707087540168512,-0.7092039852095583,-0.8579959659119853,0.15386370918089723,0.894753298329193,-1.0206799068693397,-0.29501807733983404,-0.33509097968080365,-0.49910198440947917,-0.6581223865920693,0.27586209560863995,-0.06374491962016399,0.3374624188337499,-0.09486772234236603,-0.27238665497055686,0.4631878458292404,0.4729083594875017,0.06374491962016399,-0.27586209560863995,-0.9545452942874786,-0.25947596364157,0.06352257247278678,-0.12149526415595328,-0.3064697006802721,0.06953024385249205,0.758556726032511,0.6772228733838963,-0.10826409251941274,-0.05424950115312168,-0.482931511569848,-1.235595606672119,-1.164613265724808,-0.939254006738398,-0.5723076854318833,-0.8656330827735822,-0.9883334727336057,-1.2604211705619852,0
0.7759119647334253,0.0010334127472937634,0.5693561964423357,0.3052077222492148,1,0,0,1,0,0,-0.571255364673633,-0.0843837677086675,-0.5280377066983108,-0.15368451297366123,0.12929097528148495,0.05387362425759897,-0.2567685364350419,-0.848274314436352,1.1463790166284704,-0.11319044219076692,0.5016980163685743,1.8331371275895918,-0.03477332671151641,-0.01936924299304869,-1.0880422817168536,1.5958463257526643,0.26374217424161706,1.1436043370763822,1.2234273880116016,1.286800017252106,0.3376893809743108,0.0743062452624334,0.03653313489296857,0.41443521022743274,0.4642750582083031,-1.286800017252106,-1.2234273880116022,-0.3139374809687093,-1.2351161931692491,-1.1646546961746211,-0.28946177058654887,-0.1699234587966153,-1.3166894836296663,-0.709509049969999,-1.2052948804881005,-0.728375060954584,0.22331042096616224,-0.02767187758659086,-0.2776578835933038,-0.21807545597118072,-0.0423289389126401,-0.09645999267988113,-1.1125787146405561,-0.7099875321636356,0.47161139053935697,0
-0.6376024649146498,-0.4885541407104817,-0.8790386569529866,-0.4281154315628296,1,0,0,1,0,0,-0.3188766245909836,-0.3256946802270442,-0.438485436776663,-0.21444272658919655,-0.1541885818598655,-0.08475611122425496,-0.03317948059874536,0.649909176222044,0.3032938369292232,-0.0842051650825976,-0.5817496213828363,-0.9945641944161864,0.0026749180567191768,-0.3531886305670435,-0.18832493915871523,1.1474746283755768,-0.5216060536545772,-0.44422769587118394,0.13830413819877924,-1.4936353006372407,-0.30676504271722893,-1.0806805303046452,0.7384885040002281,-0.4034598884418138,0.32260111643378747,1.4936353006372407,-0.13830413819877996,-0.3417899945912644,-0.18442671521636386,-0.018355912103706302,0.5762117625557528,0.32505666803163763,-1.0646495331783645,0.4323198869208419,0.40038202722625016,-0.17027518936292965,0.11228645211844858,-0.6346847228976005,1.9484069205136576,2.128819661363154,1.7853674257134342,1.331083085576127,2.0153992890077768,1.2384340518261547,1.3376276710900281,1
-0.5862019402001745,0.3102466044048362,-0.4445202009343899,-1.6014324776621007,1,0,0,0,1,0,-0.5838743016777656,-0.0727543261415168,0.31631226684865466,-0.5546887228361942,0.9932680292086238,0.372722015865863,0.6342297454629402,0.1619833198889044,-0.6750479054718674,1.3974794606720233,1.1387122844474074,-0.5290262198871956,-1.7363748794535423,0.2502839324514501,0.6830128531474803,-0.9233588310839199,0.8264637948441248,0.7140310239499184,-0.37315522795503414,-0.3514378555397904,-0.6318311436301793,0.46190009243561614,-0.005073475834395529,-1.0683972418675152,-0.7832694192894626,0.3514378555397904,0.3731552279550334,0.1317027369921738,0.491016520610491,-0.3367722410122935,-0.7416792878996918,-0.40887938209301433,0.6681251261743327,-0.6279498401920818,-0.5408768497097485,0.20179139169817292,-0.49834537654397587,0.6552175733882943,0.589047675382767,0.4950694691856613,0.008440404549195996,0.4428340591057229,2.0153992890077768,1.9621334973080773,0.40975308478573785,0
0.9558138012340891,-2.1119233969125806,-0.4445202009343899,-0.13478617003801185,1,0,0,0,1,0,-0.5460174906653681,-0.11927209241011955,-0.2210013526812325,-0.37357138129655093,0.4998711878630743,0.19697528669048045,1.015649799345887,0.5792126388472444,-2.1098155664498974,1.0770087360109728,0.3466844279557377,0.6026819946291051,-1.0384411572979846,-0.15929198415381252,-0.05210633405815385,-0.7215085060818731,0.05005565419959122,0.07886552055474012,1.1360522199736263,-0.30473640080153597,-1.571448443334163,-0.8471865058284828,2.1591420919796604,-1.4053349896845506,-0.3737099046531709,0.30473640080153597,-1.136052219973627,-0.03541234474315745,0.11577027848446049,0.527500651739586,0.046471242274642305,0.06903246449978255,1.109195039464111,0.35076067714292497,-0.1532996650890431,0.3258135853852078,-1.46980510396147,-0.7864379342253526,0.03253147435602734,1.143383037510063,0.4145951522438788,-1.0798785577006862,1.3568776040291806,1.2941032399401495,0.34789477903211874,1
-0.25209852955608386,0.928672987719922,1.0038746524609323,-0.13478617003801185,1,0,0,1,0,0,-0.4703038686405733,-0.18614138142123599,-0.7966945164632545,0.7634751877941812,-1.1684576895393848,-0.7331855191232493,1.428351343263235,-1.2553776461853867,0.06851944622080433,1.1805231999669905,0.7218544620819165,1.2717293490227906,-0.38191559433437566,2.157328750962324,-0.8860516918442265,-0.21615390019137593,2.0001040074463345,1.5089691869945705,1.8265808207101075,-0.07709346503402185,0.16942015619782066,0.8354180829512003,-0.3108822022885412,0.38845821405599734,0.5347685598539066,0.07709346503402185,-1.826580820710108,2.109231204193592,-0.7848207026180125,0.1908891040362222,0.046471242274642305,0.8541733553308051,0.3215701943037938,-0.709509049969999,-1.3713993881826885,0.07776919801113909,0.77843026520473,1.793366658346437,2.3498284425657316,1.7787303344679768,1.8699829981498264,2.3462248301137336,0.2044646553166367,0.18071947766026855,2.822227009176893,1
0.31330724230314594,-0.46278637473902035,-1.6032360836506476,1.0385308760612593,0,1,0,1,0,0,0.3246891626197725,-0.5600279278051304,-0.7455217907937414,0.25426349273064724,-1.5415073584148482,-0.6272008503838964,-1.8284430134484373,0.8191870055237576,0.2708696559236447,-1.9889233454144308,-2.199236974852961,0.4502815346785485,2.9335499774259777,-0.6582244326719872,0.3820885045549699,-0.039799611297860644,-0.9483781063488663,-0.6828480023974619,0.8063022000563537,-0.18555039652161812,1.8848044219341435,-0.741591997503068,-0.4102826649292785,1.7465116290056597,2.1924476082999687,0.18555039652161812,-0.8063022000563543,-0.4253475354589299,0.7912135143113154,1.1825285283515359,0.9767472778902511,0.4957394703862077,0.9201650766256344,2.6344185509246065,2.282899781098247,0.7598912632898273,1.5555980471387252,-0.7864379342253526,-0.3871364805165972,-0.5292659687668935,0.1438253204474232,0.9186817518577256,-1.853415610241477,-2.1017172350134863,0.10046155601764112,0
-1.4343105979890196,-1.0554449920826439,0.27967722576327125,-0.8681093238500562,0,1,0,1,0,0,-0.34411449859924853,-0.31813554320839627,-0.6943490651242283,0.028590127872944675,-0.7344913508946546,-0.2667635381310761,0.14670032774507857,-0.2526993607383652,-0.15857326594673624,-1.0983161538038955,-0.6466561961667214,0.6383740134324746,1.2149642984225018,-0.43290969227902415,-0.06145860087793847,0.8171062955726563,-1.2086660083895029,-0.4160658800972306,1.0387885820834852,-0.1595918522639314,-0.6365486405173514,0.2852699258744139,1.0378879924048243,0.2852617422430806,0.4344773743655509,0.1595918522639314,-1.038788582083486,-0.11896988561082296,0.41596727218528484,1.5009448572601232,1.7778183085592476,1.0760609983917457,0.8256500952063961,2.063504082479186,1.5631135810883663,0.8839134569768611,-0.5261013687559044,0.4275877563966659,0.4521994292286506,0.9488889670127426,1.0238272737859035,-0.4771381468814831,-0.37174181903963527,-0.48731077970765985,0.22417816752487937,0
0.9558138012340891,2.0366869244927823,-0.4445202009343899,-0.8681093238500562,1,0,0,1,0,0,-0.5460174906653681,-0.11927209241011955,-0.7711081536284979,0.4278583887750338,-0.794375994460296,-0.4223865960268347,-0.5509880646838811,0.2195527204384487,-0.9448534368875818,-0.6252239045987945,-1.0287208749840568,0.05507573281883846,0.6212870884359031,-0.2830943388530398,-0.2232056479139505,-0.8029489786237666,-0.1369204521059944,-0.10628803152271875,0.6312676384277316,-0.550966827225982,0.48329778869647116,-0.5249455171943401,0.4847600135902433,0.7088691825123673,1.2336179445814994,0.550966827225982,-0.6312676384277323,-0.09111737198826762,0.04072103005925432,0.8459169806481733,0.2531992501892221,0.18851042614798086,1.3927399837218248,0.35076067714292497,0.06817301183707392,0.6978801664463103,0.3620903820258042,-0.5588081172337243,-0.25028823436248077,0.028283699992091807,0.31305646532020776,0.030432725387320277,-0.7010026615289333,-0.9883334727336057,0.22417816752487937,0
-0.7918040390580765,-0.978141694168258,0.27967722576327125,-0.8681093238500562,1,0,0,1,0,0,-0.33149556159511606,-0.31987995944346886,-0.7327286093763631,0.17325254124326683,-0.923865887798175,-0.379903289992073,0.5653125467872069,1.319228171787621,0.7951491534622837,0.49416094629986107,0.5595718981456317,0.06881507629794686,-0.6887470502286909,0.08572525370037312,1.2030350711675553,0.9945326590111243,0.5010609276246163,0.5823252424361895,0.6225629626478131,-0.5235948099447552,-0.7004251941132533,-0.6055079423043525,-0.08758612049508431,-0.17073611912308956,-0.15894361433575885,0.5235948099447552,-0.6225629626478137,0.02029268250195297,1.0163612595869336,-0.20030810005147043,0.33072225315718967,0.529876030857121,-0.8756195703398886,-0.13859458152457876,-0.4301405112466897,-0.10826409251941274,-0.4150773999081907,-0.17942508891434333,1.5378621820513083,1.2471132084419672,1.0915197317350172,1.1407440084753266,1.2745623934068555,1.0714264874841732,0.9664778365683122,0
2.0352248202380734,-1.0554449920826439,-0.8790386569529866,-0.8681093238500562,1,0,0,1,0,0,-0.7479204827314877,0.42731166124596265,-0.6943490651242283,0.028590127872944675,0.3961993940929838,0.30653749699065536,0.8371497454938314,-0.37052183459868626,-0.47245515322234327,0.3263962774609288,0.6503983116213352,0.4661077461558835,-0.39550783230443415,0.5650882145344512,-0.18705077074808812,0.41910447600092054,0.7106023570740392,1.287019801725468,0.8518955842960956,-0.20918429502488586,-0.5994476138620043,0.32116949014225804,1.067021601895609,0.2636808197374405,0.41097467931388276,0.20918429502488586,-0.8518955842960962,0.35452284597261524,-0.3345252120667762,-0.5187244289600577,-0.23777976860790415,0.0519641842643253,-0.08799472517957138,-0.5463906304141645,-0.9284540343304539,-0.10826409251941274,-0.47058938433204756,0.5034643620605421,0.561678026151944,1.0655854093111348,1.1253659607095745,-0.44541496736468245,-0.04248097655033679,-0.15329565102369538,0.47161139053935697,1
-0.25209852955608386,-0.978141694168258,1.0038746524609323,-0.8681093238500562,1,0,0,1,0,0,-0.4703038686405733,-0.18614138142123599,-0.7327286093763631,0.17325254124326683,-0.7121747338243685,-0.27704897011843943,2.0518805709516776,-0.1058629720356478,0.37639732674747456,1.201747037484358,1.1780747340748583,-0.02039582676211257,-1.649497697129069,2.348187828821073,-1.0538620006346384,0.25924148874708586,1.8058778072227768,1.8948327676228855,1.34624143539365,-1.3630033399023458,-0.5069082715147589,-0.9104355660048216,-0.2540350600119292,0.1671948034206416,0.3183805466666102,1.3630033399023458,-1.3462414353936507,2.109231204193592,-1.009968447893631,-0.1457224436671417,0.007709740790658993,0.7346953936826055,0.1010352376589052,-1.1988643086375024,-1.7036084035718644,0.139780294854656,-0.3595654154843339,-0.7105613285614767,0.6620334066649622,0.4172718409867329,0.46536449570571364,0.9186817518577256,1.1099319721622063,0.45906541823023866,0.038603250264021984,0
2.0352248202380734,-0.46278637473902035,-0.8790386569529866,1.0385308760612593,1,0,0,1,0,0,-0.7479204827314877,0.42731166124596265,-0.7455217907937414,0.25426349273064724,0.15413457110734785,0.13213234590058104,-1.2076220476844035,0.4635949159946808,0.4033814414251944,-0.6362808624412041,-0.5916272296700441,0.6261241358546804,0.9661699367707263,0.3221304076840077,-0.36160874660437814,0.18558181465274096,0.7798340954596024,1.2490022150050069,1.3298662290760435,-0.4649864905896614,2.001096761896292,-0.9985502753490071,-0.3649441175024927,1.6328445356763583,1.98855193848227,0.4649864905896614,-1.3298662290760441,0.29881781872750485,-0.3345252120667762,0.018034525485845748,0.11107374474794844,0.4274663494443799,0.4475901695294441,0.02452383803125581,-0.5408768497097485,0.2638024885416898,1.4723300705029398,-1.0899443568808573,-0.7611883533378483,-0.8145239388296306,-0.194636969298146,0.4428340591057229,-1.6887851889968277,-1.9903788587854983,-0.2706882785040748,0
-0.4577006284139859,-0.978141694168258,1.0038746524609323,-0.8681093238500562,1,0,0,1,0,0,-0.7226826087232228,0.25287003773870237,-0.7327286093763631,0.17325254124326683,0.05805644438679743,0.060581514684140296,1.819962492945859,-0.15162178544829782,-0.09097087466634016,1.2777252198237576,1.3582810535564522,-0.2299003365161507,-1.7903587162617844,1.9767964668382616,-1.1180420250264864,-0.37228622071423917,1.909067889172141,2.1817248826823636,1.2994551316290601,-1.6023404173227471,-0.555510411457978,-0.9119242980777351,-0.2497515154603245,0.16687469964728552,0.36419781689845115,1.6023404173227471,-1.2994551316290608,1.5243284181199328,-1.1600669447440433,-0.6369933511261053,-0.7158382869103699,7.593435579547688e-4,0.5106001571422693,-1.4435419379712537,-1.9250810804979817,-0.23228628620644656,-0.47058938433204756,-0.7864379342253526,0.31535118307453414,0.13201387092399572,0.19459466390925928,0.6966194952401235,1.1099319721622063,0.3477270420022505,-0.2706882785040748,1
2.0352248202380734,-1.0812127580541053,-0.8790386569529866,1.0385308760612593,1,0,0,1,0,0,-0.7479204827314877,0.5581428788764078,0.5082099881093286,-0.5824639062032961,1.7837683044646517,0.879391339417284,0.15255701687207104,0.18422540226601644,-0.0016322600230089263,0.8198453884393474,0.9961900410069802,2.2063506100296375,0.0978080003955506,0.03998512251932648,-0.3632176238262195,-0.05847903364812894,0.7362086020038029,0.9200487401612545,1.4117422606640757,1.6090502964931452,-0.17218158231918237,-0.6167185881942766,-0.05653443498737554,-0.37754638036516447,-0.3968473208669612,-1.609050296493146,-1.4117422606640766,0.10385022336961848,-0.25947596364157,0.2909628074074919,0.21443774870523882,0.512807750621665,0.6051151385615076,0.35076067714292497,-0.26403600355210183,0.3258135853852078,-0.22078545442469194,-0.6346847228976005,-0.22291858513165644,-0.21807545597118072,-0.3469449996836519,-0.2233527107470814,-1.1125787146405561,-0.5429799678216537,-0.023255055489598248,1
0.004904094016293398,1.4440283071491598,0.27967722576327125,0.3052077222492148,1,0,0,1,0,0,-0.5586364276695006,-0.11636473201833188,0.35469181110078946,-0.558160620757082,0.9516505194611637,0.34186571990377296,0.949184741950206,1.2751336852999018,-0.39111367517871176,1.3283128762432321,0.96666573705178,0.5649197024235758,-0.6049405962187118,0.4299454282302606,0.17639364993356277,-0.07507052474360099,0.5850160670218656,0.517580644954291,-0.7279513648365102,1.4924563972103608,-0.8902680834050638,-1.5734537143159877,0.45922685876146646,-1.2143730823908891,-0.7513960406549949,-1.4924563972103608,0.7279513648365102,0.15955525061472892,-0.10937746679115769,-0.7734574920869285,-0.6899972859210471,-0.4430159425639276,-0.43454965705011084,-1.0357458890816678,-0.8730858650989243,-0.29429738304996345,-0.9146852597229018,-1.5452039908641146,-0.5604775923118106,-0.2569742700706454,-0.7023304039164997,-0.6040308649486834,-0.7833178721512579,-0.15329565102369538,-0.3944048900113141,1
-0.7147032519863632,0.0010334127472937634,-2.617112481027373,-0.13478617003801185,1,0,0,1,0,0,0.11016723354952047,-0.5146731056932429,4.03912805930573,-0.7711036932381962,1.0620517860236143,0.20010563555619973,-0.14147185737895923,-0.6050555065207203,1.1012393469881692,0.4968650453819958,1.5981830053386097,-2.1151437547851177,-6.491082286359643,-1.564416258396923,-0.0745859328791526,0.39966408232383055,-1.2845898682007642,-0.528977804888531,-0.4863880375980577,-2.402410076128092,-1.3664262309434085,0.7557391209198459,-1.1038072197910471,-1.9450099450796792,-2.594160048793028,2.402410076128092,0.48638803759805704,-1.4001855122483615,0.340918023760079,1.3098950599149712,1.3514417922354265,0.6664222727407777,1.0461850518512859,0.9216751455883455,1.3416409041622488,1.6900577159425842,-1.0257092285706153,2.096873081001942,3.298642949234273,1.9732244049652974,0.8376730144258402,1.9972698554289314,9.670713876883958,7.25070636813751,-1.0748462533011267,1
-1.8969153204192981,-1.596568077483343,1.4383931084795292,-0.8681093238500562,1,0,0,1,0,0,-0.356733435603381,-0.2948766600740949,0.7512804350395157,-0.6079244909564728,0.7777740527652579,0.2430361342860642,0.6541228921335387,0.19172670225626712,0.06796337042023623,0.5540984815725315,0.056293902178788435,0.711332712546542,0.25085000206979957,0.7549278713740474,0.5178509880048566,-0.3027903020488536,0.04674698255039061,-0.4792110557045809,0.12891477706591967,0.8423168734713579,-0.15525877059522766,0.25562083590304235,-0.39718325672453636,-0.7021977934645371,-0.5410411549123372,-0.8423168734713579,-0.12891477706592036,1.4407708772522676,1.3165582532877582,2.1559727338720744,1.6227723026233125,1.5710411252199985,1.2352150146897614,1.9003856629233515,2.0060589349406004,2.3721797812212735,-0.2971144330074951,0.010266425245347094,-0.6243401071837319,-0.7172769035809703,-0.9181001136292999,-0.14404476195508095,-0.3100054110728917,0.0832983984607791,-0.45626319576493324,0
-1.6399126968469209,1.0575118175772313,1.0038746524609323,0.5985369837740325,1,0,0,1,0,0,-0.3188766245909836,-0.3169725990516812,0.08603500133584588,-0.5078181009042099,0.37740809461154995,0.14867847561938297,0.2661677456805949,-1.1948098961614815,0.8048352186766893,0.037425986840165675,0.6917166262241748,-0.7709439694499804,-1.359541124784545,0.02959134248031059,-0.12114732734626166,0.10152339957205568,0.2729916531933524,0.5928138376881246,-0.7279513648365089,-0.3295023237687902,-0.34054540886802626,1.5185513461023397,-0.9982154803798764,0.22013375656525677,-0.3204981609293297,0.3295023237687902,0.7279513648365081,-0.03541234474315745,-0.18442671521636386,-0.2185033188462471,-0.1344157646506147,-0.01630893667750248,0.1010352376589052,-1.4435419379712537,-1.3713993881826885,0.015758101167622184,-0.026493508941193386,2.1727496866658176,1.464876450769113,0.6247321828505417,0.6853649840403343,1.5531453421937294,1.1099319721622063,1.0157572993701793,1.0901944480755505,1
-0.3291993166277972,-1.41619371568311,-1.6032360836506476,-1.161438585374874,1,0,0,1,0,0,0.6654004617313493,-0.6065456940737333,0.32910544826603294,-0.5558460221431568,-0.17358109430441865,-0.03690649284826022,-0.7303304731458381,1.171247400221727,-0.6896144005535186,-0.5416118745122842,-0.6397727780555127,-1.5123880125452134,0.0010399354234028458,-0.9123856467447669,2.0307935341350194,-2.8036212012767616,-0.5619720971435452,-1.2720064617661238,-1.3044950872689045,-0.7689345227338477,0.10389731320899291,0.42683056764753985,-1.874642939309399,0.17444078883573577,-0.4101307889844303,0.7689345227338477,1.3044950872689036,-0.6760201580619267,2.667444724941468,1.3644807162993,-0.5607922809744348,-0.7331767065666972,2.904979686429634,0.5138790966987595,1.4523772426253072,1.5040244254120325,0.269570407986043,0.6636483073509472,0.7035947258673242,-0.4615532182974564,-0.3657484602250729,1.7857819919835964,1.1648087792437567,0.8178224082982003,0.3685142142833251,1
1.0843151130202777,0.4133176682906843,-0.4445202009343899,-0.4281154315628296,1,0,0,1,0,0,-0.6722068607066928,0.03191064796283935,-0.1442422641769629,-0.419863353575054,0.9500495203158017,0.34902080302541705,-0.08793864592896612,-1.0285232401280153,1.1417542528277331,-0.3218737140425285,-0.12779469985250091,-0.3255495295627265,-0.3534564218141139,0.281816204847855,-0.559579756239882,0.09912753106640218,0.03527308004735078,-0.23971809266038366,-0.0632699944762795,-0.38126032008238236,0.40386825917314373,0.8511057095135464,-1.4612027037103141,0.4698068044849653,-0.06789869146502718,0.38126032008238236,0.06326999447627879,0.4659329004628361,-0.3345252120667762,0.7367456678795146,0.6795757665130432,0.6664222727407777,0.1325402314653172,0.4323198869208419,0.5111183656893089,0.6358690696027934,0.5841383197212315,1.1104772073715516,0.7350191379471587,-0.2051091846046925,-0.008482709938082702,1.5531453421937294,1.1922471827845313,1.0714264874841732,0.7190446135538346,1
-0.894605088487027,-0.2051087150244015,0.27967722576327125,-0.13478617003801185,0,1,0,1,0,0,-0.4955417426488382,-0.18032666063766065,0.29072590401389814,-0.5506381752618252,0.7812478189133183,0.28686101840613415,-0.3636549140068791,-1.130981341202477,-0.2651352857653789,0.07754378677772544,0.14520120024231792,-0.22778412934691816,-0.5214155270422943,0.9884402474803422,-0.49209222238580885,-0.3261790657281626,1.2755801133546552,1.1145508502172283,0.01898787070343759,-0.3295023237687909,1.493308859114877,1.059340198577992,0.034670313258302166,1.1600867519222318,0.8993733038323908,0.32950232376879157,-0.0189878707034383,1.4129183636297125,-0.10937746679115769,1.328090278709748,0.9250652759116064,1.4686314438072563,1.4557499713346498,-0.6279498401920818,-0.7069813574043363,1.814079909629618,1.1392581639597994,0.7310941790521709,-0.5513543759015367,-0.4514683405679659,0.008440404549195996,-0.4136917878478824,-0.6186874509066087,-0.8213259083916238,-0.5181215015185524,1
0.004904094016293398,-1.4419614816545723,-0.15484123025532542,0.3052077222492148,1,0,0,0,1,0,0.2742134146032426,-0.5513058466297674,-0.4001058925245282,-0.27925148777910086,-0.5996798670759406,-0.20818129507261524,1.0120968453959658,0.2916638992685202,-0.46288668478688216,1.7356695956151962,0.5042925422135845,-0.6348349504971621,-0.708970563622931,1.00798086710201,0.33888024529162647,0.03636681308662644,1.1839355484530614,0.4881880691656336,0.5274811195133241,-1.388988508307989,-0.4001826949599666,-0.06083506453181024,0.6693267448493778,-1.170807424254357,-0.1789843716489369,1.388988508307989,-0.5274811195133248,1.2736557955169365,0.641115017460903,0.900502637032502,0.7829397704703327,1.2808803612172301,0.1325402314653172,0.6769975162545934,0.4557501964577793,0.6358690696027934,-0.08200549336504998,0.4275877563966659,1.5196157492307591,1.7009327062690485,1.0069041592986248,1.2359135470257274,2.4269753421193996,1.6837875567381073,0.9664778365683122,0
0.004904094016293398,1.289421711320388,0.27967722576327125,0.5985369837740325,1,0,0,0,1,0,-0.5586364276695006,-0.11636473201833188,0.15000090842273722,-0.5193910939738356,0.8302450958287131,0.3119038093318884,0.21830924167195084,-0.5468095171424309,-0.2132353573618958,0.44361522868517395,0.31021240504104647,-0.1761950944458692,-0.3367646973888648,0.3800198714410091,-0.1542536758585623,0.022357547759396666,0.9579416984197291,0.6519467057024462,-0.4157307643808121,0.17200761631813533,0.07614706312527487,0.5959852765489059,0.3139670562849773,0.35058303591814033,0.2332077474831875,-0.17200761631813533,0.41573076438081064,0.02029268250195297,-0.4846237089171882,-1.1009714303929035,-0.9225662948249498,-0.5454256239766699,-0.8756195703398886,-1.1173050988595852,-1.0945585420250417,-0.6663639641110671,0.029018475482663446,0.5034643620605421,-0.12256320461863823,0.054216242725068246,0.19459466390925928,-0.4136917878478824,-0.4540570296619595,-0.4316415915936655,-0.08511336124321738,1
-1.5885121721324456,-0.7204640344536393,-0.8790386569529866,-2.6280848929989626,1,0,0,1,0,0,0.7537330207602766,-0.6135233590140237,0.09882818275322415,-0.5095540498646537,-0.35281008000132574,-0.07804822079771365,1.1290259676516485,0.1609833476590294,-0.8155771098029927,0.40592626925461406,4.783922426547508e-4,-0.3714339046031225,-0.20306851500131984,0.036327721723406065,0.1380890288715726,-0.6005124529698163,-0.4886157950753744,-0.30750471694693643,-1.1128149709452269,0.5970847941440487,-1.5336398600494394,-0.08262013906148301,0.5114641290611275,-1.0328832599048128,-0.30084043850714154,-0.5970847941440487,1.1128149709452262,-0.14063295176169913,-0.10103866141057925,-0.6561994154094802,-0.8393008471926884,-0.9626502519545076,0.06953024385249205,-0.6732605122909244,-0.23327590953458566,-0.34252823615047884,-1.3865371273256843,0.19995793940503753,0.8809906005115491,1.0396528665781584,0.49921072468027106,0.664896315723324,0.5337254978059351,0.9600881112561845,1.4613442825972665,0
-1.6399126968469209,0.7740663918911503,1.0038746524609323,-0.8681093238500562,1,0,0,1,0,0,-0.3188766245909836,-0.3169725990516812,-0.3233468040202586,-0.3382737524341923,0.004562891386886028,0.017651015954275845,-0.6543630993096928,0.27802849575146477,1.194555626225353,-0.6169797538791669,0.17303930879282753,-1.109103022748912,-1.3427222312050395,0.0605427379958729,-0.08291793713822455,0.0025807157572063874,0.3203522115243906,0.41573630591587896,-1.1334326641296226,-0.38855952469070976,0.9704014090062841,-0.4646682049539576,-1.6304041884477083,1.151155612467041,0.180926010022868,0.38855952469070976,1.133432664129622,-0.03541234474315745,-0.18442671521636386,-0.32767463161490584,-0.2765412700918884,-0.135786898325702,-0.08799472517957138,-1.6882195673050053,-1.5375038958772762,-0.23228628620644656,1.1392581639597994,-0.2553016945782196,0.6711566230752374,-0.3477381696360611,0.10997909147286698,1.4579758036433286,0.6160407084282594,0.45906541823023866,0.2860364732784985,0
-0.3291993166277972,1.0832795835486928,-1.6032360836506476,-0.4281154315628296,1,0,0,1,0,0,0.6654004617313493,-0.6065456940737333,-0.6943490651242283,0.034376624407757565,-1.468840232488032,-0.49304304185306996,-0.9433247138683665,2.174215324016171,-2.0906110503096853,-0.6250918686773231,-0.8592663089967909,-0.511746574424576,0.46902896136887823,-0.9410347178591274,2.1985060117239827,-2.8427240286470545,-0.5801773643134852,-1.2515371659214636,-0.966971920209292,0.2610696854503818,0.3714451754926109,-0.7817637055151947,0.0012718441280250635,0.26916484398279433,-0.10479416548615988,-0.2610696854503818,0.9669719202092913,-0.7317251853070371,2.7424939733666744,1.1825285283515359,-0.7029177864157086,-0.8697229484503528,2.810464705010396,0.6769975162545934,1.397009073393778,1.13195784435093,0.5563823275093027,-0.5588081172337243,0.7532655707677065,0.6376984542170299,0.7192112130148905,0.1890486229713212,0.28677986593896093,0.45906541823023866,0.6571863078002155,0
0.004904094016293398,-0.7204640344536393,0.27967722576327125,-2.6280848929989626,1,0,0,1,0,0,-0.5586364276695006,-0.11636473201833188,0.09882818275322415,-0.5095540498646537,0.7960411865834394,0.30430153351514155,1.3380963625880675,-0.20327127670417947,-0.3245052928884161,1.1854009185646681,0.4769664355257916,-0.16726984677793202,-0.6602340973653976,0.3779652298733013,-0.3747863696143815,0.020634483040005803,0.91607091666631,0.6178611976450098,-0.6392523306161391,0.4058665575902641,-1.4829971607948316,-0.09645655108083588,0.4643452718433763,-0.6930399255338597,-0.01685852349877827,-0.4058665575902641,0.6392523306161384,-0.03541234474315745,-0.7097714541928067,-1.2829236183406676,-1.077612300760884,-0.71610842633123994,-1.0016395455655394,-1.2804235184154193,-1.2052948804881005,-0.8523972546416179,-1.3310251429018278,0.19995793940503753,0.9266066825629212,1.0526191379446466,0.6684418695530556,0.7600658542737248,0.4514102871836102,0.7374113588002092,1.5232025883508855,1
1.0843151130202777,0.7740663918911503,-0.4445202009343899,-0.8681093238500562,1,0,0,1,0,0,-0.6722068607066928,0.03191064796283935,-0.3233468040202586,-0.3382737524341923,0.760674983412281,0.2859666330159286,-0.0953097591920508,-0.29878754327168,1.5148892626492827,-0.43382847694234167,0.08349913892517609,0.03221612637728261,0.024753455360270488,0.5416335322369691,-0.8620140621229407,0.3615768806618215,0.18188368058227827,-0.04561484697851046,0.2905222516232541,-0.24419747799268982,0.6737243837912706,-0.45345148416279774,-1.7075544764085868,0.7664270282685893,-0.15308698991857372,0.24419747799268912,-0.29052225162325485,0.744458036688388,-0.6347222057676005,0.7731361054690666,0.8604627734383002,0.9053781960371756,-0.024984737566746233,0.9216751455883455,0.8433273810784847,0.7598912632898273,0.917210226264372,-0.17942508891434333,0.9083602497423721,-0.21807545597118072,0.09305597698558829,1.648314880744129,0.6983559190505837,0.6260729825722207,0.40975308478573785,0
0.004904094016293398,2.0366869244927823,0.27967722576327125,-0.8681093238500562,1,0,0,1,0,0,-0.5586364276695006,-0.11636473201833188,-0.7711081536284979,0.5580545608083237,-0.7651144145514226,-0.5207689889494408,0.10410959747245095,0.16571466623612147,-0.2581611576218499,0.00687381155833665,-0.512618893774406,-2.157960929414519,-0.2309825779679016,0.25833206762449995,-0.2746806756337555,-0.12693767276596732,0.8506529513998482,0.49410270423216657,-0.7581467807413153,-2.1912805828322366,0.11335542854245122,-0.5026176509722043,0.22535483161174122,0.8342068292628491,1.1488247893063834,2.1912805828322366,0.7581467807413146,-0.20252742647848845,-0.7097714541928067,-1.546754290864926,-1.3618633116434313,-1.0233374705694662,-1.1276595207911904,-1.3619827281933365,-1.2606630497196296,-1.1624527388592034,0.08453045990652028,-0.482931511569848,-0.040454256926167845,0.08014878545804377,0.4145951522438788,0.2524949820049213,0.36909507656128593,-0.5429799678216537,-0.08511336124321738,0
-0.7147032519863632,-0.8493028643109486,-0.8790386569529866,-0.13478617003801185,1,0,0,1,0,0,-0.7983962307480176,1.0378573435213736,-0.8478672421327675,2.421306445018073,-0.7344913508946546,-1.0730519674013426,-0.220437529170953,0.31923454477213015,-0.6320621326486869,-0.285777621733128,-0.34805842148555943,0.20476861604424854,0.772333036300185,0.6703575934824527,0.23944923763420234,-0.7138479430732727,0.9963099588612873,1.0429284329400146,1.0008734476041308,-0.7133741297612541,0.976337159181721,-0.19828444145445967,0.14670176998208936,1.373991030600366,1.470709619645726,0.7133741297612541,-1.0008734476041314,0.38237535959517033,-0.03432821836595151,-0.7097742263052108,-0.9354867953196102,-0.5454256239766699,0.3530751881102058,-0.38327221085833024,-0.8177176958673952,-0.35630847989348147,1.0004782029001573,-0.1035484832504671,0.2788583174334372,0.31354167005482897,0.8715192434003977,0.47455723862252236,-1.1948939252628807,-1.545025353873546,0.5334696962929761,0
0.44180855408933456,-0.8493028643109486,0.5693561964423357,-0.13478617003801185,1,0,0,1,0,0,-0.7731583567397526,0.59012384318607225,-0.8478672421327675,2.421306445018073,-1.0707561904610863,-1.4173903426304637,-0.35778846803846404,0.6566064303156743,-0.7372557964153075,-0.48306831108077597,-0.5928874196368917,-0.9648334243799991,0.7980692912246724,0.5692090480680065,0.41364620148038433,-0.7877834673151296,0.5259236597607333,0.6567604430812732,-0.088318892712161,-1.2283241134096814,1.066260548388408,-0.48683124775697983,0.216206960811366,1.1740910216121696,1.4119814273822657,1.2283241134096814,0.0883188927121603,0.939425632046274,0.8662627627365218,1.2916998411201945,0.6149732640397371,0.8200367948598906,2.0543448536564917,0.02452383803125581,0.06817301183707392,1.5040244254120325,0.9449662184763004,-0.482931511569848,-0.0951935553878152,0.028283699992091807,0.49921072468027106,0.2207718024881207,-1.1125787146405561,-1.6006945419875402,0.038603250264021984,0
-0.4320003660567478,-0.8493028643109486,1.0038746524609323,-0.13478617003801185,1,0,0,1,0,0,-0.785777293743885,0.8459715576633873,-0.8478672421327675,2.421306445018073,-0.923865887798175,-1.2206255567852518,0.7940140472298043,-0.40108614453374364,-0.5184310280944814,0.9133564517524785,0.9946627295984203,0.03576763969752415,-0.8158278407927484,2.1607014694354216,-1.0221815349000019,-0.28500205351726143,2.3491447155488925,2.684138214418622,1.637356214373321,-1.5751271636218847,1.0548515883729936,-0.47349570166192695,0.42231300465581967,1.0954860460434268,1.3274282782222278,1.5751271636218847,-1.6373562143733216,1.4686233908748227,-1.1600669447440433,-1.0463857740085747,-1.0130097982875779,-0.1699234587966153,0.2270552128845555,-1.85133798686084,-2.368026434350216,-0.6043528672675491,0.917210226264372,-0.482931511569848,-0.14080963743918734,0.09311505682453199,0.5330569536548284,-0.033013633646279864,-0.5363722402842841,-1.1553410370755877,0.038603250264021984,0
0.44180855408933456,-0.1535731830814779,0.5693561964423357,-1.6014324776621007,1,0,0,1,0,0,-0.7731583567397526,0.59012384318607225,-0.7327286093763631,0.3005554650091503,0.444982979346884,0.22157088492113197,1.144131636220286,0.26131023732684855,-0.8213430104748589,1.0921447469776284,0.7754915327840102,-0.018916369408534275,-0.7585191320369105,0.5017942598462353,0.535375662933936,-0.5907921579579193,0.5305023499270464,0.5722645068866749,0.04968400367083265,-0.07507566165750797,-1.0895559794394678,0.17767108491586772,0.5291142675036635,-0.9493800447611506,-0.4494720643389084,0.07507566165750797,-0.04968400367083336,0.939425632046274,1.0914105080121401,1.5282376854522888,0.9250652759116064,1.1272658390981163,1.9283248784308402,0.18764225758709038,0.17890935030013266,1.6900577159425842,-0.9146852597229018,0.5034643620605421,0.9722227646142934,1.130416766143575,0.6176725260912207,0.47455723862252236,0.8629863402952329,0.9044189231421907,0.7809029193074537,1
-1.100207187344929,0.928672987719922,0.27967722576327125,-0.13478617003801185,1,0,0,1,0,0,-0.81101516775215,1.1338002364503668,-0.7711081536284979,0.5580545608083237,0.8133652694943978,0.44069530552148173,1.7164309275806933,-0.8447054564924604,0.9440183781090549,0.5211317577691897,1.1314158913025778,0.8525282752884018,-0.5837341969895192,2.566002054692844,-0.17689784758777863,0.8927938662590487,1.2134902997356922,2.0647938983979186,1.2104470415403286,-0.037759751214519306,0.17718003140664823,0.9821723680212279,-0.3933330127998346,0.4992608246848435,0.5449732913843388,0.037759751214519306,-1.2104470415403292,2.2206412586838127,-0.25947596364157,-0.30038180342274146,0.188596747715916,0.683490552976235,-0.024984737566746233,-1.1173050988595852,-1.592872065108806,0.2638024885416898,0.8616982418405155,2.096873081001942,2.6235249348739647,1.947291862232321,2.0899834864844458,2.5682870867313348,0.28677986593896093,0.29205785388825667,3.1315185379449897,1
-1.100207187344929,-0.9523739281967958,0.27967722576327125,-1.6014324776621007,1,0,0,1,0,0,-0.81101516775215,1.1338002364503668,-0.7839013350458762,0.5783072986801688,0.7118913981583822,0.42504356119288533,2.4069773644625574,0.2913886601263988,-0.8661291949959682,1.3857457168010023,1.2211093251716612,1.8822740605638741,-0.6948264569159661,2.274871276270845,-0.47623060733925776,0.802031966790978,1.4102834378161433,2.321919149109771,1.2994551316290601,1.2784135428411474,-1.0739360423516182,-0.8770174486838838,1.9899924040161985,-0.4736401466903997,0.6794001964829289,-1.2784135428411474,-1.2994551316290608,2.1927887450612573,-0.40957446049198204,0.13630344765189217,0.5374502610717695,1.1272658390981163,0.4790951633358572,-1.0357458890816678,-1.5375038958772762,0.5738579727592754,-1.1089772052064004,-1.0140677512169813,-0.8797901666714156,0.15794641365697218,-0.0423289389126401,-1.2702176348014877,-1.277209135885205,-0.9326642846196119,-0.3944048900113141,1
-0.9460056132015023,0.928672987719922,-1.6032360836506476,-0.13478617003801185,1,0,0,1,0,0,-0.7605394197356201,0.5784944016189215,-0.7711081536284979,0.5580545608083237,0.09017389496787814,0.013626281698351053,-0.8639887795203323,-1.275037386219335,1.5972929253753523,-0.9580218868774558,-0.14329340045054745,-0.6174836795611227,0.395419296950453,-1.1429928303617642,-1.018901694828843,2.0159480475721465,-0.6783072106609085,0.4986685318463091,-0.9813771768947055,0.13114384342216406,0.05933246111811389,0.7293154765174132,-0.15771956809640458,0.6216279438561755,0.6731412019119527,-0.13114384342216406,0.9813771768947048,-1.1495128896453646,-1.0850176963188372,-0.6824813981130464,0.369483754641173,0.06903246449978255,-1.1906695084040155,-1.0357458890816678,-0.762349526635866,-0.4183195767369984,0.7229182807808735,1.793366658346437,2.660017800515063,2.1417859327296416,2.343830203793623,2.3462248301137336,-0.04248097655033679,0.013711913318286572,3.1933768436986076,0
0.46750881644657266,-0.7977673323680251,-0.4445202009343899,-0.13478617003801185,1,0,0,0,1,0,-0.10435469552073157,-0.41873021276424965,0.12441454558798068,-0.510132699518135,0.17523102627601636,0.07220852475681191,1.0037338998163983,0.08667711055316296,-0.4495508139427627,1.4438298476400688,1.2450270084104231,-0.02426100914486777,-1.2144133381434192,0.5378665335586638,0.5659244010736689,-1.0415494208873468,0.5075539548134802,-0.1324536374819194,0.21285636891661422,-0.2441974779926877,-0.8582865184431938,0.4479635871681614,-0.4321056986473806,-1.4472391626917005,-1.7479112843249878,0.2441974779926877,-0.21285636891661494,0.7723105503109431,0.8662627627365218,0.8732098088403377,0.13691474573727128,0.3421249482670949,1.140700033270523,1.0847935651441794,1.0648000580046022,0.7598912632898273,-0.7203933142394032,0.6552175733882943,0.6255405410238652,0.28760912732185256,-0.33002188519637315,0.12560226393772106,2.097714499630101,2.12914106165006,-0.1469716669968365,1
-0.894605088487027,-0.7977673323680251,-0.15484123025532542,0.3052077222492148,1,0,0,1,0,0,-0.016022136491804253,-0.4722256439731428,0.11162136417060241,-0.5083967505576912,0.09161907042747425,0.029725218722050223,-0.6167530451808617,1.8582395395126294,-0.6429558239359086,-0.27381435563479556,-0.461294457403943,0.6710210416569216,0.5072584120857662,-0.7780037921110236,1.1717463013420393,0.14698835781414588,0.024229243442679595,-0.33106004985150095,0.004530982273630621,0.910698895591472,0.08023790061948577,-1.3766623630299897,1.0266512745680199,0.39393083247746147,0.2764896838965316,-0.910698895591472,-0.00453098227363133,-0.9266927806649233,0.491016520610491,-1.255630790148503,-1.0000892977929163,-0.9379960693921812,-1.2851844898232538,-0.38327221085833024,-0.4301405112466897,-1.2244638357027204,0.6396503041450882,-0.9381911455531051,2.234267701368921,2.57831706873474,2.6428052264022086,0.30536694786625534,0.34165667302051117,0.9415317152181866,3.255235149452228,1
-1.100207187344929,-0.7462318004251005,-0.4445202009343899,0.3052077222492148,1,0,0,1,0,0,-0.0412600105000692,-0.45361853746570174,-0.4512786181940413,-0.2578414506002932,-0.45721614842362623,-0.14959905201415438,-0.28309643449814936,-1.6694506604000765,-3.7299066934581577e-4,-0.9460265730561906,-0.3704827590913905,-0.03230356171821807,0.2596182616221619,-0.15155577588599226,-1.3079897988017273,0.9072034629787248,-0.6379608182590853,0.29668217672802577,0.2654778184316193,-0.30735587342307225,0.24221973796293972,0.9810579568117693,0.9121618806654357,0.6454298408169414,0.7712981326441363,0.30735587342307225,-0.26547781843162,-0.17467491285593337,-1.2351161931692491,-0.10933200607758836,0.369483754641173,0.08610074473523979,-0.11949971898598452,-0.38327221085833024,-0.5408768497097485,-0.10826409251941274,0.05677446769459199,0.6552175733882943,-0.5696008087220858,-0.0495139282068366,0.2115177783965368,-0.9529858396334858,-0.7833178721512579,-0.9883334727336057,-0.3944048900113141,0
-1.0231064002732158,-1.5450325455404195,1.4383931084795292,-0.8681093238500562,1,0,0,1,0,0,1.3468230599545028,-0.6710890947714195,0.7512804350395157,-0.6056098923425476,-0.21998021237093074,-0.048086310225829085,1.346411308869222,0.9201692282886657,-1.475478489786961,0.5429518236407737,-0.23987097171355465,-0.015428078536531793,0.25981051703306757,1.1678858693290397,0.4721953935313608,0.24540192285872534,-0.5009547708690669,-0.6064097047388014,0.09840925777350726,-0.11864316273067908,-0.7052799004138262,-0.7899261640571055,2.2636337903625794,-1.2302310609085956,-0.2801970374655672,0.11864316273067908,-0.09840925777350797,1.6078859589875987,0.9413120111617277,1.3212670716617065,1.2674585390201287,0.9693842469201394,0.4239614241746348,1.512979416478245,1.604639708012013,1.3024883606706021,-0.8036612908751883,-0.9381911455531051,-0.8615437338508666,0.30057539868834077,-0.2284831982727022,-1.7143421480366898,0.12214944469431245,0.06938110143228039,-0.76555472453303,1
-0.7404035143436003,-1.880013503169424,-0.4445202009343899,1.478524768348486,0,1,0,1,0,0,-0.34411449859924853,-0.28208427435022915,-0.2849672597681238,-0.31107721872057176,0.08290004021266031,0.023464520990611654,-0.9817212233314178,-0.4597972932603909,0.26767606812491995,0.08768475532725706,0.21279956615854112,1.0462205264994104,0.42702898101472,-0.7779263066266388,-0.10535920060314821,-0.016698585880149285,0.04396657040882181,-0.4659890989692345,1.207300290880625,0.22953428689984412,0.5878124592313745,0.5255396805280271,-0.3827026207321954,-0.07485994889635628,-0.7315975157949152,-0.22953428689984412,-1.2073002908806256,-0.5924626171942612,0.19081952690966666,0.9368930746220554,0.7829397704703327,0.76883195415352,0.1325402314653172,2.2266225020350205,1.6184817503198954,0.6358690696027934,1.1670141561717275,1.2622304186993043,1.9666533533342068,1.4156747362063122,1.294597105582359,0.9821281108913258,1.5215080252738291,1.8507951210800897,2.079927340133461,1
-1.3572098109173063,-0.10203765113855341,-1.168717627632051,-0.13478617003801185,1,0,0,1,0,0,0.2742134146032426,-0.5460725979245497,-0.438485436776663,-0.2607346988676996,-0.6569574689866775,-0.2184667270599786,0.14750223567560033,0.3334507050194465,-1.5729396034059864,0.11970430195250373,0.09916035704305919,0.9919451484078412,0.36476684882051713,0.08028111436584755,0.6227069596638523,-1.897978046366469,-0.07898158495992384,-0.7674901104568491,0.49320743187182114,0.8637377478704314,-0.12488950575861774,0.16614260495686317,0.2429762353513286,-0.2400295769077216,-0.8782180336622654,-0.8637377478704308,-0.4932074318718218,0.15955525061472892,0.7161642658861095,0.35464607318920965,-0.7287587874050313,-0.71610842633123994,1.3297299961089997,1.0847935651441794,0.8986955503100138,0.015758101167622184,0.05677446769459199,0.4275877563966659,0.7897584364088047,0.806259981981374,0.65151875506577694,-0.44541496736468245,0.2044646553166367,0.7374113588002092,0.5953280020465953,0
-0.6633027272718879,1.3667250092347738,-2.617112481027373,-0.13478617003801185,1,0,0,1,0,0,-0.00340319948767178,-0.4768774206000031,0.15000090842273722,-0.5193910939738356,0.10705372130219204,0.034644338368180524,-1.029016345006581,-0.550358110523134,1.1192204550498768,-0.9862852800072697,0.18017638062261956,1.344142393763472,0.48387933805420347,-1.5269497980601827,-0.28955490838637143,0.6917131998158899,-0.8497793783686586,-0.030246937830075375,-0.4125770209418648,2.2424387763807094,-0.09483796995420163,0.46531402777199826,-0.8349067989120884,0.48978109831671557,-0.2637683668238064,-2.2424387763807094,0.4125770209418641,-1.3723329986258064,0.04072103005925432,1.0824548249802661,1.3256007912461045,0.8541733553308051,0.7626401075935709,0.35076067714292497,0.6218547041523672,1.5660355222555504,-0.05424950115312168,0.5034643620605421,0.1876261533306929,-0.2829068128036209,-0.07617516788719629,0.28421816152172197,-1.3595243465075295,-0.5429799678216537,0.5334696962929761,1
0.23620645523143258,0.4648532002336079,-0.4445202009343899,1.0385308760612593,1,0,0,1,0,0,-0.571255364673633,-0.09601320927581818,-0.13144908275958464,-0.4025038639706153,0.6460087435515047,0.23722262924972837,1.5921107551492075,0.7344583620873676,-2.724281549286394,2.8576929730510616,1.8515274748011419,1.7614343312151457,-0.8837964927922153,0.7750778501147849,0.40540458756192316,-1.2372027621159933,1.7740114447510578,0.7984752116045274,0.6257323574189628,1.781792609189754,-1.4394201059369984,-0.6019417352384074,2.480914681299596,-2.101479462348603,-1.6275207640438116,-1.781792609189754,-0.6257323574189636,0.6887530094432773,0.340918023760079,-0.082039177885424,-0.7029177864157086,-0.03337721691295973,0.6366201323679207,0.02452383803125581,-0.26403600355210183,0.139780294854656,-1.46980510396147,-1.0140677512169813,-1.7738653748783102,-0.5292659687668935,-1.2607931819966884,-2.761207072091096,-0.9479482933959068,-0.2089648391376897,-1.7552876165909395,1
1.8553229837374106,-1.3646581837401863,0.5693561964423357,0.5985369837740325,0,1,0,1,0,0,0.43825959565696476,-0.5652611765103484,-0.4128990739419065,-0.2670998450559938,-0.7089239758233089,-0.2283049663522392,2.429659188729273,1.2549244249684082,-0.4301093593813264,2.0245758445939632,1.004591650412966,1.3196993984176977,-0.5583832570774803,2.6862448808246686,1.230600991808092,-0.5561774559012451,1.5573484636970394,0.9587908635761718,1.3564759393421526,0.45457625868389784,-0.6944360125284582,-0.48963409759350573,0.029069197391726285,-1.19083127323636,-0.3699456815994694,-0.45457625868389784,-1.3564759393421533,3.0005116401153575,1.5417059985633763,0.8459169806481733,0.3953247556304958,1.0419244379208312,0.9516700704320475,0.2692014673650073,-0.319404172783631,0.5738579727592754,-0.7481493064513315,-0.6130056927079216,-0.5722074419821639,-0.47184390985816066,-0.8788143121409748,0.04856025653977746,-0.3247045558268782,-0.14534290986455342,-0.6330012122038462,0
-0.5348014154856993,-0.05050211919562982,-0.15484123025532542,-1.6014324776621007,1,0,0,1,0,0,-0.23054406556205628,-0.3530238679098483,0.009275912831576286,-0.4748350706557764,0.21798236425632364,0.09546254490215515,1.0405158051735477,-1.3030997205035664,-0.3833160445173166,0.13377128024306548,0.15354019601639066,-1.0504596663861359,-0.49692256028055815,0.4787938623911111,-0.4393662540697309,-0.9052127956497382,0.3841477892537689,-0.27497606356513415,-2.349876562008964,0.8978772664439514,-0.968457370211729,1.3483977933507736,-0.3856456872200937,0.20019800261595744,-0.46807038092384756,-0.8978772664439514,2.3498765620089634,0.27096530510494976,-0.5596729573423944,-0.5460172571522233,-0.8967252938356269,-0.71610842633123994,-0.11949971898598452,-1.5251011477491712,-0.762349526635866,-0.10826409251941274,-0.8314172830871166,1.5657368413548085,0.6255405410238652,0.31354167005482897,0.38074892326932136,0.15732544345452057,-0.12479618717266176,0.3477270420022505,0.8427612250610729,1
-0.6890029896291251,0.4648532002336079,-0.8790386569529866,-0.4281154315628296,1,0,0,1,0,0,-0.7983962307480176,1.2704461748643872,-0.11865590134220637,-0.4140768570402411,1.938405532084567,1.297069316643257,0.13640619040107194,-0.4854248288766511,0.2258327200769953,0.3184276238899499,0.874118322799154,-0.12253532717451325,-1.3268400228774113,0.46055464310802446,-0.1075571284659011,-0.7010336785818178,0.6058787402427146,0.752036708013752,-0.21462929445480164,0.04574314950473895,0.2705046445961738,0.5585124415463725,-1.0131921333306542,0.17060381081552412,-0.4021791571200057,-0.04574314950473895,0.21462929445480092,0.04814519612450831,-0.4846237089171882,-1.21924035255895,-1.3360223106541085,-1.0745423112758372,-0.08799472517957138,-1.1988643086375024,-1.2606630497196296,-0.728375060954584,0.44535835866158957,0.8069707847160468,0.7258959215368835,0.04124997135858002,0.10997909147286698,0.9504049313745251,0.9453015509175579,1.0714264874841732,0.5334696962929761,1
-0.3034990542705592,-0.3339475448817109,0.5693561964423357,-1.8947617391869185,1,0,0,1,0,0,-0.5081606796529707,-0.15706777750335926,0.8280395235437853,-0.6171828854121734,1.0582064658805515,0.3561758861470611,0.25304061649364196,-0.20843731907415494,2.846807677819219,-0.8550235693390313,0.2728050105866116,-0.058954206619978175,-0.41612157595301263,-0.6500839721403725,0.46442001089834595,1.665150200737262,-1.1966928083435393,-0.8866514599611044,0.12355936367902995,-0.20295117893611228,-1.0014153821828502,0.7513325335871083,-2.2183660989328424,-0.031538423230710155,-1.2203024525994814,0.2029511789361116,-0.12355936367903066,-0.6203151308168162,0.41596727218528484,-0.027453521501095285,0.8346217724489774,0.2567835470898098,-1.3796994712424915,1.0847935651441794,1.1201682272361313,-0.23228628620644656,-0.9979532363586869,0.5034643620605421,-0.4601222117987924,-1.4628375071540325,-1.3792549834076382,0.4428340591057229,1.1922471827845313,1.1827648637121608,-0.8892713360402683,1
-0.7404035143436003,-1.0296772261111817,-0.4445202009343899,1.478524768348486,0,1,0,1,0,0,-0.34411449859924853,-0.28208427435022915,1.3525599616562942,-0.6652108066511203,0.9693552194150752,0.2971464503934975,-1.3707784122699962,-0.4358349612245933,-0.1674440893292419,0.2753221377361882,-0.059968697522804294,0.6094822912608531,0.22673149652095329,-0.7651031749459027,-0.0981245427715408,-0.1590489702953375,0.022016033367944682,-0.46016006916537533,1.116988546947158,-0.27655448845948655,1.1416186732375746,0.4998981491972999,0.06907280300067971,-0.3501117239590135,-0.3712945008453897,0.27655448845948655,-1.1169885469471588,-0.5089050763265954,0.340918023760079,1.3917735444914656,1.0801112818475405,1.0419244379208312,0.6051151385615076,2.2266225020350205,1.6738499195514247,1.0079356506638961,1.503170061849527,0.9165703262305349,1.1597555463810456,1.0223645047561742,0.8000660933429994,0.6225987430342572,1.5306541597874206,1.4982235963581267,1.2620230751689392,1
1.110015375377516,-1.3646581837401863,0.5693561964423357,0.5985369837740325,1,0,0,1,0,0,0.07231042253712305,-0.5042066082828072,-0.4128990739419065,-0.2670998450559938,-0.48612717689572904,-0.18134973336644997,0.35536627183082786,1.3561614649766083,-0.6936117284819969,0.8406481894888416,-0.03522649516815969,0.42926292658035237,0.3135137138177418,-0.1645128271187174,1.4665649925629782,-0.9915997678826876,0.2611441809575732,-0.3108377988122206,0.5493147279367994,0.04065977486679812,-0.6585247300164855,-0.3922015561472943,-0.0482716682397012,-0.8767153703029053,-0.2576764419014756,-0.04065977486679812,-0.5493147279368,0.15955525061472892,2.067050737539819,1.4008711538888534,0.5762117625557528,0.6664222727407777,1.487254965141063,1.3294711944779316,1.1201682272361313,0.8839134569768611,-0.6787593259215104,-0.463962360153879,-0.33923959436265594,-0.3120809233782192,-0.6219456101019268,0.17318703321292087,-0.001323371239174659,0.013711913318286572,-0.3789403135729091,1
-0.5348014154856993,-1.0296772261111817,-0.15484123025532542,1.7718540298733036,1,0,0,1,0,0,-0.23054406556205628,-0.3530238679098483,-0.7199354279589849,0.11249432762773152,-0.9811434897089121,-0.3584380406271408,-1.3743829684284348,-0.9973278184097921,-0.6896802655272799,-0.7404132527189106,-1.1405299192563307,-2.8102080164782857,0.7764541940262644,0.5906220073931671,-0.13163723774136457,-0.967613486240607,0.7094118762915559,0.004489362110764764,-1.9287998281276544,-1.919828377166137,2.501255524491147,1.236992434859683,-0.029542209981480137,1.7036912098333248,1.4871277419042193,1.9198283771661375,1.9287998281276544,0.32667033235006016,-0.3345252120667762,-0.6733837887156574,-1.0259302987822392,-0.7331767065666972,-0.11949971898598452,-1.5251011477491712,-0.983822203561983,-0.29429738304996345,2.9711536499470723,1.717490052682561,1.172933525640331,0.9748215097457181,1.7007518532770418,1.0772976494417266,-0.8656330827735822,-1.545025353873546,1.3994859768436472,0
-0.3034990542705592,-0.7462318004251005,0.5693561964423357,-0.4281154315628296,1,0,0,0,1,0,-0.5081606796529707,-0.15706777750335926,-0.3617263482723934,-0.2780941884721383,0.2556084424433621,0.0941209668168469,0.1498712643718565,0.22220831939869048,1.2419137746783382,-0.781263839128424,-0.37854413121908725,-0.8840199725259837,0.19347512038243617,-0.5518025307866045,0.20186544338140278,1.6254343057826224,-0.9016230818919807,-0.7080932356306395,0.2654778184316193,-1.4689954741885243,-0.7597542284512316,-0.10276352218592115,-0.06433301331834876,0.1614030296113451,-0.19918931527907083,1.4689954741885243,-0.26547781843162,-0.48105256270404034,0.26586877533487285,0.23637715102316323,1.06719078135288,0.59814915179895,-1.2851844898232538,1.166352774922097,1.1201682272361313,0.015758101167622184,-0.49834537654397587,0.35171115073279,1.4283835851280149,1.1693155802430386,1.1761353041714093,0.6966194952401235,2.180029710252426,1.4054416161681371,0.904619530814692,1
-0.6633027272718879,0.23294330649045036,-2.617112481027373,-0.4281154315628296,1,0,0,1,0,0,-0.00340319948767178,-0.4768774206000031,-0.5920036137852022,-0.09292629935812594,-0.7651144145514226,-0.29493667792254963,-1.4855124068901988,-0.566118460277041,1.18313733384078,-1.6629181267578756,-0.15898078429906037,-0.1972005873806105,-0.059057907982355516,-1.4233696919984011,-0.2544511580995127,0.3823437594905023,-0.957223575525688,0.16670268008299585,-0.1934532884955867,-0.07709346503402185,0.6434269379709954,0.5221117688409898,-1.2331697654992952,1.2973285948836406,0.3694355268831962,0.07709346503402185,0.19345328849558602,-1.2887754577581405,-0.03432821836595151,0.7003552302899613,0.8087807714596554,0.3421249482670949,1.0776900456576979,0.2692014673650073,0.40038202722625016,1.1939689411944467,0.6674062963570164,0.5793409677244183,0.24236545179233895,-0.4514683405679659,0.05920974801103089,0.7917890337905242,0.2044646553166367,0.18071947766026855,0.5334696962929761,1
-1.0231064002732158,1.109047349520155,1.7280720791585935,0.5985369837740325,1,0,0,1,0,0,-0.6974447347149578,0.11040937854110647,0.06044863850108935,-0.49913835610199053,1.2254519557841352,0.47065721609336625,1.7893672235043083,-0.5703140182883133,1.0550497575228108,0.9272506880690058,1.3679601727094601,0.7419678059539722,-1.962156282498046,2.434059031150046,0.9956323479954255,0.059471098835721485,1.6925370925035672,1.5701734114172619,1.5875602653373244,-0.5625673488356443,-0.05607557802818001,1.7801765179322866,-1.3825256439507878,0.4256349498923794,-0.2454464948994127,0.5625673488356443,-1.587560265337325,2.9448066128702477,1.4666567501381707,1.2189189659410893,1.06719078135288,1.8099970485163963,1.0776900456576979,-1.1988643086375024,-1.7589765728033937,1.5040244254120325,0.19555442875423396,2.2486262923296945,1.0725781451273115,0.09311505682453199,0.2622871218583729,1.5848685217105287,1.0276167615398821,0.793080546914203,0.5334696962929761,1
-0.27779879191332196,1.2378861793774645,0.5693561964423357,1.0385308760612593,1,0,0,0,1,0,0.21111872958258027,-0.5379319888275442,-0.2721740783507456,-0.3446388986224865,-0.39981463551817975,-0.1473630885386406,-1.5540083210716353,-2.0895080980852234,1.0771442873986605,-1.5013953555942068,-1.1399158302703687,-1.5206326368056984,0.49679935265059344,-0.8490410313422878,-0.2626484132814093,1.2343181947615907,-0.5658263591164338,-0.29405525466436416,-0.49529816032406576,-1.582730866861833,1.3125346046351083,2.6048000249278225,-0.23212157687871263,1.467224531515178,1.1948586848606795,1.582730866861833,0.4952981603240644,-0.9545452942874786,-0.5596729573423944,-1.06458099280335,-0.354064273059855,-0.5454256239766699,-1.5687294340809674,-0.6279498401920818,-0.4855086804782194,-0.8523972546416179,1.8609139614699375,3.4626519829517126,1.5834782641026803,1.1952481229760152,1.8192136546879905,1.489698983160128,0.6160407084282594,-0.09762646290970158,1.5850608941045057,0
-1.305809286202831,-0.978141694168258,-0.15484123025532542,-0.8681093238500562,1,0,0,1,0,0,-0.20530619155379135,-0.3629088932419264,-0.2977604411855021,-0.31107721872057176,-0.09544976479319649,-0.038695263628671234,-0.15686683338852866,0.44889573255557763,0.9400182550630148,-1.0467931454017083,-0.7812383782623868,0.28195467064795077,0.7343744391731942,-0.2710907730539268,1.211030517811834,0.1598050949908798,-0.7980614709109084,-0.6505858286975439,-0.7076772998718532,1.0864182721050466,-0.052743555881470866,0.5970603070847271,-1.124447736547871,0.6228059125558361,0.3804777181781423,-1.0864182721050466,0.7076772998718532,-0.3417899945912644,0.9413120111617277,-0.3731626786018469,-0.23777976860790415,-0.5283573437412127,-0.43454965705011084,-0.30171300108041293,0.012804842605544792,-0.35630847989348147,0.0012624832707351544,0.6552175733882943,0.2514886682026129,-0.38663698373552574,-0.1269445113490324,1.1724671879921262,-0.8656330827735822,-0.48731077970765985,0.7190446135538346,0
-0.1749977424843705,-0.7719995663965628,3.176466932553916,-1.161438585374874,1,0,0,1,0,0,-0.06649788450833415,-0.4448964562903387,-0.5024513438635544,-0.18261699564772566,-0.523880225313165,-0.20102621195097117,2.7527406702953923,1.1309164874069935,-0.6346286347000203,1.912356738448047,1.2364682177310957,2.326239850610428,0.23333790175634322,3.250706803887646,1.7783551912332165,0.07711628736782979,2.152465957015378,1.2962645557732424,1.59596333173715,1.5898567061935227,-0.5796849746488638,0.22929882090215822,0.945053035558308,-0.44912218139289684,-0.34191919898566164,-1.589856706193522,-1.5959633317371507,4.532399889355893,2.892592470217086,2.28333926543551,1.9845463164738264,3.021844945233844,1.0461850518512859,1.3294711944779316,0.5664865349208381,1.876091006473136,-0.44283339212011924,0.4275877563966659,0.6072941082033162,1.0396528665781584,0.7699805564767266,-0.4771381468814831,-0.8656330827735822,-0.2089648391376897,0.904619530814692,0
-2.0511168945627247,-1.0296772261111817,-0.15484123025532542,-0.4281154315628296,0,1,0,1,0,0,-0.19268725454965888,-0.3663977257120716,-0.6559695208720935,-0.03506133400999707,-0.7743991546155897,-0.25468933536330174,-1.0408665753140949,-0.9173269079220576,2.0149176196180885,-0.8820873844987265,-0.028714260299747076,0.15822019757947206,1.025424471961571,-1.6531844569730887,-0.8409887491291683,2.069254006232019,-1.5513545646401612,-0.6663440861133723,0.4046670721312756,-0.18555039652161812,-0.20449212005317347,0.41657590242105574,-0.6750591679901833,-0.34665348144134084,-0.6132253620386787,0.18555039652161812,-0.40466707213127634,-1.5394480803611372,-0.7097714541928067,0.33645085439443295,1.4031237942140713,0.5810808715634928,-1.0016395455655394,1.9819448727012692,1.8953225964775422,0.5118468759157585,0.0012624832707351544,0.7310941790521709,0.9083602497423721,0.37837302688726915,0.2115177783965368,0.9186817518577256,0.6160407084282594,0.5704037944582268,0.7190446135538346,1
-0.8175043014153137,1.1348151154916164,-0.15484123025532542,-0.4281154315628296,1,0,0,1,0,0,0.9556360128263961,-0.636782242148325,-0.630383158037337,-0.0437410788122164,-1.370942019902627,-0.4559260481595413,-1.0034024558216685,1.2468164631221517,-0.7008840000921243,-0.371865900455967,-0.7018144492300024,-0.7057922209527712,-0.17346999792596507,-0.7377051413921134,0.9214247797605383,-0.7001809245722216,-0.09321613711853938,-0.7387420230409625,-0.5666803935267474,-0.4005896952488784,0.6581492551795897,-0.7882316075717919,0.2545176038747919,0.4099353148263397,0.1911553550071095,0.4005896952488784,0.5666803935267466,-0.6203151308168162,1.0663940918704047,0.49111021415003275,0.029243908281760732,-0.0049300831871984556,0.3320718589059308,-0.08422177500596675,0.1973654067106424,0.2431321229271842,0.7506742729928018,-0.6346847228976005,0.4521994292286506,0.5210020119186368,0.6684418695530556,-0.0647368131630805,0.7806711296729086,0.6260729825722207,0.5953280020465953,1
0.8273124894479005,1.4182605411776974,-0.8790386569529866,-1.161438585374874,1,0,0,1,0,0,-0.4576849316364408,-0.22800737106297844,-0.19541498984647596,-0.37762192887091994,0.35078296276608695,0.11648060157198462,1.2535917807737667,0.3396067146167378,0.28811469402686535,1.0169694729123067,0.46206845071910074,0.13302257985985633,-0.28029526237823055,0.8637346633254995,-0.6983640541037268,-1.124666296868411,0.8264637948441248,0.34737864706896204,0.569588792901455,-0.3834842964864804,-0.8801163884536487,-1.1657266523001275,-1.5240436045826695,-0.5543527968614925,-0.2615639790876855,0.3834842964864804,-0.5695887929014557,1.050835686536495,-0.4846237089171882,0.7003552302899613,-0.04397226118798574,0.2909201075607231,1.3612349899154128,0.2692014673650073,0.012804842605544792,0.38782468222872474,-0.9424412519348303,-1.2416975682086098,-0.8250508682097696,-1.3980061503215924,-1.4807936703313085,0.728342674756924,-0.12479618717266176,-0.32030321536567735,-1.0129879475475077,0
-2.1025174192772003,-0.12780541711001567,1.0038746524609323,-1.6014324776621007,1,0,0,1,0,0,2.179672902227246,-0.721677165588525,-0.7327286093763631,0.3005554650091503,-2.1005916664163182,-0.7872958352306826,1.0943108623866478,1.0032730237164347,-1.700323708149792,0.45273173719208054,-0.8512150290605333,0.162156345822854,1.0877118873438212,0.49315243634613176,1.1997236826458544,-1.8787775237833302,-0.1920270075020936,-1.443658482890742,-0.04921092906325296,0.26996871572628706,-1.0289137888694926,-0.17516686229471576,0.43640924743359677,-0.8020220626705735,-0.30283029636283226,-0.26996871572628706,0.049210929063252244,0.26168113389743136,0.8162299304530506,-0.6157655958655328,-1.4135453136220761,-1.39883963574952,-0.0354864021688832,0.3235742738836193,0.3819259708157405,-1.720552610450858,-0.9424412519348303,-0.1035484832504671,0.20587258615124074,0.4043055696202447,0.04228663352375219,0.062155904904119784,0.03983423407198747,0.18071947766026855,0.10046155601764112,1
-0.8432045637725518,-0.6946962684821769,0.27967722576327125,0.3052077222492148,0,1,0,1,0,0,-0.5207796166571032,-0.12799417358548257,1.774734948429777,-0.6924073403647409,1.3770067750941788,0.4366705712655569,-1.1683069685126122,1.0999490658468336,0.34378850950235584,0.6252044816954927,0.47175009362082415,0.27291048689354147,0.3606487293039209,0.5914603353107498,-0.4024221234342508,0.15400890246642415,0.9221493145036637,0.9797445315198422,0.2430696413654208,0.13114384342216406,2.215539477539679,-1.9128522616582928,-0.31520631505614016,0.06977655506213656,0.34323161710613465,-0.13114384342216406,-0.24306964136542153,0.7723105503109431,-0.18442671521636386,0.7003552302899613,0.6795757665130432,1.0589927181562884,0.6051151385615076,-0.5463906304141645,-0.7069813574043363,0.9459245538203791,2.582569758980075,-1.6969572021918669,1.0178388466656656,0.6765972683164937,0.6684418695530556,1.3628062650929278,-1.0302635040182315,-1.0996718489615938,1.3994859768436472,1
0.030604356373531493,0.6452275620338409,-1.6032360836506476,-0.8681093238500562,1,0,0,1,0,0,-0.6469689866984278,-0.02042183908933873,-0.10586271992482811,-0.41639145565416624,0.8902021929916332,0.30609030429555256,0.9625529002221183,0.15833996348592944,-1.9954326609045128,0.9608260075927928,-0.2489461677215713,0.6750001451903377,0.4206305931295292,0.3547623554187503,-0.189438743124068,-1.852202806983573,1.1294302443746267,0.20818511033682555,0.39961991949913633,0.5242815205937548,-0.9839788733973475,-0.40710214328573724,0.8665380995855769,-0.17809025208379764,0.5268944507168687,-0.5242815205937548,-0.39961991949913706,0.4659329004628361,-0.03432821836595151,0.48201260475264507,-0.6124742829530796,-0.1699234587966153,1.5817699465603012,0.35076067714292497,0.17890935030013266,0.5118468759157585,-0.9701972441467586,-0.482931511569848,-0.3597668312857729,0.11904759955750843,0.04228663352375219,-0.3819686083310823,-0.7833178721512579,-0.6543183440496418,-0.08511336124321738,1
-0.9717058755587404,-0.7719995663965628,-0.8790386569529866,-1.161438585374874,1,0,0,1,0,0,-0.2810198135785862,-0.3152281828166086,-0.5024513438635544,-0.18261699564772566,-0.3088314588364044,-0.10130224094305688,0.38688940782047576,0.2935651327604884,-1.4562256708149302,0.598903005931155,0.2954822818844418,0.63378536238894,0.15115280543989676,-0.09840030450650163,0.2771681646303822,-0.8635065743375997,0.5071881004368624,0.31949249782102623,-0.43967950362031105,1.300476421676128,-0.6362995643542699,-0.12526637484300407,1.1229684449000377,-0.30616028461447015,-0.072219198026341,-1.300476421676128,0.4396795036203104,-0.09111737198826762,0.26586877533487285,0.03622974428062242,-0.4186667755331612,-0.20406001926752979,0.7626401075935709,-0.46483142063624716,-0.319404172783631,0.38782468222872474,-0.47058938433204756,0.12408133374116129,0.7806352199985308,1.298978293907919,1.0745966172477384,-0.3819686083310823,-0.7833178721512579,-0.26463402725168356,1.0283361423219313,0
-0.2006980048416086,-1.0554449920826439,1.0038746524609323,-1.6014324776621007,1,0,0,1,0,0,-0.5586364276695006,-0.09892056966760585,1.0455236076392158,-0.6368569736305372,1.2479209341923219,0.41609970729083023,2.820068159029618,1.298607542383926,1.2405442985596828,0.33404062525060046,1.5958558175454014,0.9478547453443906,-1.5804793064478826,2.6145799886575465,-0.8446385370333532,0.28990450144941515,1.9309841125618021,1.9314197045463466,0.8063022000563537,0.4930801176436292,-1.3089159051908836,-2.6285199506224295,-1.4045395489379695,1.4634634574158745,-0.18903530024045775,-0.4930801176436292,-0.8063022000563543,2.248493772306368,-0.8598699510432187,-0.32767463161490584,-0.1344157646506147,0.6322857122698633,-0.11949971898598452,-1.4435419379712537,-1.814344742034923,0.07776919801113909,-1.3032691506898992,-2.4557232588306284,-0.8980365994919648,-1.3980061503215924,-0.8546384343020056,-0.5405845059150832,-0.20711139779498602,0.013711913318286572,-0.45626319576493324,1
-1.3829100732745436,-2.060387864969657,0.27967722576327125,-0.13478617003801185,0,1,0,0,1,0,-0.38197130961164594,-0.2716177769397935,-0.20820817126385424,-0.36199838822692515,0.21798236425632364,0.07086694667150364,0.943763446690883,0.3165812124759113,-0.9518439699690611,0.2910187746129629,0.449730672250272,0.9533013233328489,-0.29136993938227623,-0.2522573634152024,-0.11868553715592955,0.7866964238131784,-0.7172936123076131,0.1476292837039586,1.856458390131706,-0.5410235229891278,-1.5643786316398605,-0.5534142150693717,2.0917566311278137,-1.1044036569410394,-0.44054063809060207,0.5410235229891278,-1.8564583901317067,0.0759977097470634,0.340918023760079,1.464554419670571,1.726136306580602,1.2808803612172301,1.0146800580448727,2.3897409215908554,1.397009073393778,0.9459245538203791,-1.4420491117495413,-0.4070549059059717,0.4339529964081015,1.5064386357717279,0.8715192434003977,-1.1433249167342867,1.7684536571408034,1.5724491805101195,0.5334696962929761,0
0.7759119647334253,-0.8235350983394863,-0.8790386569529866,-0.13478617003801185,1,0,0,1,0,0,-0.1295925695289965,-0.407100771197099,0.9559713377175679,-0.6310704770957244,0.6012107032117966,0.17461565193534273,0.6349013313253924,-1.0563708837049237,-0.5696694896425049,-0.46196140814436804,-0.1562464418141322,0.14218170482772532,0.3966445201128894,0.09561062678602503,-0.8071455594982674,-0.7762522537513874,-0.8122228960797279,-0.6748782492744406,-0.12950004961474557,0.32235545999199317,-0.7873127446810548,0.6413214872279778,-0.0013013771560013735,-0.18130626106495856,-0.4557592293450403,-0.32235545999199317,0.12950004961474487,0.1317027369921738,-0.7097714541928067,0.1908891040362222,-0.25070026910256554,-0.5454256239766699,0.7626401075935709,0.5954383064766764,0.7325910426154264,0.3258135853852078,-0.6291950541144954,0.9045264205696022,0.7571755206578242,0.6395507786979565,0.5233866025192409,0.18451674018320632,0.1456680763006908,0.33182155968396654,0.6041649028685409,1
-2.1025174192772003,1.4182605411776974,1.0038746524609323,-1.161438585374874,1,0,0,1,0,0,2.179672902227246,-0.721677165588525,-0.19541498984647596,-0.37762192887091994,-1.0153173527555714,-0.26318599657025404,0.5602517161368589,1.438245963633399,-0.34158032920096076,0.4125533485064001,-0.6953995505859438,-0.5363976748600229,0.6566029391120827,0.17449961524174476,0.7793255178056353,-1.9345147044432287,0.31306128835531843,-0.7825141749126753,0.3871222082195544,-1.1155255455628834,-0.6046856898439237,-1.1933265258533785,-1.4770489610520834,-0.24690674352791012,0.1400806858493211,1.1155255455628834,-0.3871222082195551,-0.06326485836571254,0.3784426479726819,-0.8052991249777867,-1.5750515698053413,-1.39883963574952,0.14829272836852378,0.18764225758709038,0.012804842605544792,-1.565524868342065,-0.6926373220274746,-1.2416975682086098,-0.6973258384659271,-1.2813097080232,-1.277716296483967,0.9821281108913258,0.12214944469431245,-0.3759724034796717,-0.9511296417938885,0
-0.8432045637725518,-0.7977673323680251,0.27967722576327125,-0.13478617003801185,0,1,0,1,0,0,-0.5207796166571032,-0.12799417358548257,-0.8478672421327675,2.8552936851290394,-2.1302124045540363,-2.3050678424094317,-0.27067344352026007,0.5464841406959462,-0.21379498005305334,0.1044167414225525,-0.2904743857709583,-1.0180316700358412,-0.010649125585577101,0.6816857785445309,-0.447347845415114,-0.025514868868759564,1.297211403260619,1.3469422642731135,0.773109214277421,-2.1552340839768487,1.0575104100002726,-1.1982098845694624,0.2666249173382233,1.1452323406840528,1.6926578877888423,2.1552340839768487,-0.7731092142774217,0.8280155775560533,-0.25947596364157,0.5911839175213025,0.48576825909312477,1.0248561576853752,0.7941451013999841,-0.6279498401920818,-0.983822203561983,0.8219023601333442,0.5563823275093027,-1.317574173872486,-1.0987473605180025,-0.8145239388296306,-0.36386811417093057,-0.3185222492974822,-0.8656330827735822,-1.6006945419875402,-1.0748462533011267,0
-2.0511168945627247,-0.2051087150244015,-0.15484123025532542,1.0385308760612593,0,1,0,1,0,0,-0.19268725454965888,-0.3663977257120716,-0.579210432367824,-0.09581954762553238,-0.564768337714831,-0.2077341023775125,-2.971232469080886,0.14438522610451607,0.9050968875664204,-2.2797017076986457,-1.904864765624302,-0.6133818215520506,2.2605319768690806,-1.5038290087876298,-0.501594153392639,2.078067447092008,-1.1204763178985198,-0.4969148787204653,0.14187142235678196,-0.9772859963810728,2.6289628495709207,-0.7006592657300716,0.8509596100383471,1.96868479638318,1.9912768254642477,0.9772859963810728,-0.14187142235678266,-1.4001855122483615,-0.40957446049198204,0.22727954162577424,1.2997597902567817,0.700558833211691,-1.2851844898232538,1.247911984700014,1.2862727349307197,0.5118468759157585,1.9441819381057224,-0.8623145398892288,-0.8524205174405927,-0.3347718982695729,0.43151826673115745,-0.9529858396334858,-1.6887851889968277,-2.1017172350134863,-0.3944048900113141,0
0.7759119647334253,1.4182605411776974,-0.8790386569529866,-1.161438585374874,1,0,0,1,0,0,-0.1295925695289965,-0.407100771197099,-0.19541498984647596,-0.37762192887091994,-0.060083561622036374,-0.02125474851966381,0.5602129485036434,0.1457341438214576,0.23753571408534993,-0.2301927502203677,-0.5361925238860203,-1.0652995691603808,0.44315449941857815,0.08975794950372502,-0.8193790683891138,-0.7773849096736519,-0.7216422247221289,-0.6626793750864369,-0.31993580742281313,-1.1356331163529647,-0.6893046564310682,-1.0208606493261803,-1.105916142155332,-0.4045925222859202,0.0500991119007662,1.1356331163529647,0.3199358074228124,-0.03541234474315745,-0.8598699510432187,-0.4277483349861756,-0.7416792878996918,-0.9550643496276378,0.2270552128845555,0.35076067714292497,0.5664865349208381,-0.23228628620644656,-0.6371253376036178,-0.9381911455531051,0.0872707728176734,-0.5033334260339178,-0.6177148314801074,1.3945294446097283,0.5337254978059351,0.013711913318286572,-0.20882997275045564,1
-0.2006980048416086,0.7740663918911503,1.0038746524609323,-0.8681093238500562,1,0,0,1,0,0,-0.5586364276695006,-0.09892056966760585,-0.1442422641769629,-0.4025038639706153,0.6037344525936352,0.2349866657742146,1.5552719148930978,0.1401534811302409,1.2353448838223842,1.727955297348971,2.079813838699096,1.4193575815670203,-2.2629151658797326,2.0854225538437854,-0.6387339635956981,0.9656665122787408,1.669103780177657,1.9612865385085065,1.8523841761196695,0.0986623829151082,-0.07891381315875037,-0.8322347142593188,-0.718356124167069,-0.6793013914643685,-0.7890452797947983,-0.0986623829151082,-1.8523841761196702,1.5521809317424884,-0.7848207026180125,-0.7643598826895395,-0.19901826712392082,0.4616029099152932,-0.844114576533476,-1.4435419379712537,-2.0358174189610403,-0.4183195767369984,-0.3318094232724056,-1.0140677512169813,-1.0440080620563552,-1.2035120798242718,-1.3454087544330806,-0.44541496736468245,0.36909507656128593,0.45906541823023866,-0.9511296417938885,1
-0.2006980048416086,-0.7977673323680251,1.0038746524609323,-0.13478617003801185,1,0,0,1,0,0,-0.5586364276695006,-0.09892056966760585,-0.8478672421327675,2.8552936851290394,-2.0460626161289794,-2.2827082076542937,0.7779739226863969,0.41363777471915425,0.453518010895987,0.439683253937707,0.18268227293678602,-0.4596328679016146,-0.5026409333760002,2.001527191740984,-0.7054780428217436,1.072366679068758,1.6070765758966015,2.2343008682149805,1.4252941555476124,-2.0404738019066264,0.9181107092315506,-1.2744632433334755,0.4576507799777092,0.9995659128129347,1.943864024575954,2.040473801906627,-1.4252941555476133,1.4407708772522676,-0.8598699510432187,-0.8462383672660339,-0.22485926811324272,0.4103980692089227,-0.7180946013078251,-1.7697787770829225,-2.2572900958871576,-0.35630847989348147,0.25106641317809053,-1.4693273852002382,-1.6370171287241937,-1.2035120798242718,-0.8038690908401701,-0.6040308649486834,-1.277209135885205,-1.9347096706715041,-1.3841377820692236,0
0.46750881644657266,1.0575118175772313,0.5693561964423357,0.3052077222492148,1,0,0,0,1,0,-0.7731583567397526,0.6482710510218256,2.4271872007160686,-0.724811720959693,2.582073841189819,1.0587156101534887,1.0191416609262134,-1.875452683535099,0.7346670247286631,0.966502859427775,1.412352887167218,0.6246064833602748,-1.1457391873829856,0.4753466791761251,0.49233980757424267,-0.43167000580033466,0.7086731194423465,0.5996349190309654,0.1590389773671773,0.6941558255444424,-0.9421804871829419,3.0673328766008616,-1.4381011600277769,-0.6029748752778172,-1.2507011356959619,-0.6941558255444424,-0.15903897736717798,0.8280155775560533,0.9413120111617277,1.2644070129280303,0.8087807714596554,1.0931292786272029,1.424244977528238,0.18764225758709038,0.12354118106860354,1.4420133285685155,-1.1089772052064004,1.6416134470186852,-1.710002860006389,-2.020387175913018,-2.0561795628987762,-0.857816301083085,-0.20711139779498602,0.1250502895462747,-1.4459960878228426,1
-1.3572098109173063,0.5936920300909173,0.27967722576327125,0.3052077222492148,1,0,0,1,0,0,3.4541855396446257,-0.7635431552302675,0.7256940722047591,-0.6015593447681786,-0.675280481346335,-0.12232029761288635,-0.8649407424180745,-0.4605551946403843,1.0727187327093315,-0.22364592725467847,0.7331031081930133,-0.31178510568799117,-0.8341159604751442,-0.20374244961787424,-0.5169897421389694,0.36516212668472847,-0.8839436622573003,-1.0003567343887345,-1.3123214726412913,0.8763067609369452,0.9991441022904062,0.11421748373188677,-1.0994897226870222,-0.5743721849470366,-1.9297235925739304,-0.8763067609369452,1.3123214726412906,-0.5854994887886222,-0.9349191994684248,-1.7264320764633425,-1.3166415599121168,-1.5268517375154478,-1.7026256577582217,-0.8318478646368748,-0.33324621509151353,-1.6430387393964614,0.6118943119331598,-0.17942508891434333,-0.8250508682097696,-1.2035120798242718,-1.311562525458524,-1.0481553781838862,0.28677986593896093,0.848749735028197,-1.198562864808365,0
0.544609603518286,-0.46278637473902035,-0.8790386569529866,-0.8681093238500562,1,0,0,1,0,0,-0.3062576875868511,-0.3024357970927428,0.6617281651178678,-0.5940368992729219,0.6742653199713425,0.22649000456726226,-0.09914186863389066,0.8167457898016555,-0.6249674641277844,0.30262725459656753,0.4749695373073604,0.6019400054175132,-0.10270134218549386,-0.8539446300370984,0.4014901456422246,0.0043789658214742734,-0.39975129599626835,-0.11074139524201491,-0.7497849732599842,1.5646019821150718,-0.7153922308943125,-0.7188052141835904,0.8587518983413925,-0.8052164392851674,-0.7256010789811332,-1.5646019821150718,0.7497849732599834,-0.7595776989295921,0.491016520610491,0.32735324499704527,0.279040251178545,0.10316902497069583,0.41608517572303205,-0.5463906304141645,-0.26403600355210183,0.2638024885416898,-0.3472294189456991,-0.17942508891434333,2.0720771874084885,2.318991641404979,1.740239120414025,0.37586290234803327,-0.11565005265907018,0.8178224082982003,2.292994837729259,0
0.7759119647334253,-1.2873548858258006,-0.15484123025532542,0.3052077222492148,1,0,0,1,0,0,0.5770679027024219,-0.585612699252862,0.7896599792916505,-0.6125536881843231,0.0817234944884608,0.023017328295508902,-0.0036360405780939443,1.6471358890937027,-0.0949911907267491,-0.24476517786568602,-0.3508053386207534,0.41371877152895525,0.7578421702118695,-0.7629058379679265,1.7837802025988798,-0.4738211049371805,-0.8183988509450202,-1.1227901629857269,-1.118227115406131,1.6733070988005798,-0.7572305213173791,-0.4737938511152976,-0.3462883753815106,-0.4808483269641984,-0.6401219395457,-1.6733070988005798,1.1182271154061303,-0.8152827261747027,1.3165582532877582,-0.6097005229339397,-0.7416792878996918,-0.9892009100985523,-0.49755964466293656,-0.05703537174666111,0.5664865349208381,-0.29429738304996345,-0.8869292675109735,-0.7484996313934147,-1.1261170097488256,-1.1062650445756115,-1.1931007240475748,-0.7785083522910846,-1.2360515305740427,-0.6821529381066387,-0.9202004889170784,0
0.6217103905899984,0.6452275620338409,-1.168717627632051,-0.4281154315628296,1,0,0,1,0,0,0.6906383357396142,-0.6053827499170181,0.41865771818768077,-0.5593179200640446,-0.1367810048438377,-0.03332895128743818,-0.24785020952112566,-0.6395086907670324,-0.436977203636184,-1.1790766920623208,-0.4462650217624569,0.8882161231494257,1.214545682483212,-0.9480871208041349,-0.699562892943245,-0.23706739547828848,-1.4259538247129129,-0.9057820529594767,-0.18804420001687264,1.3979208031972914,-0.6026757304555126,0.1769389987035552,0.35913260643042455,0.17890514003934901,-0.30415349399216,-1.3979208031972914,0.18804420001687194,-0.8431352397972577,-0.5596729573423944,0.391036510778763,0.2015172482105774,-0.3918111018575571,0.6681251261743327,1.0032343553662626,1.2309045656991897,0.20179139169817292,-0.7759052986632599,-0.2553016945782196,-1.1899795246207467,-0.8534227529290943,-0.7361766328910565,-1.4922798914190887,-1.277209135885205,-0.8769950965056176,-0.8892713360402683,1
0.030604356373531493,-1.2873548858258006,-1.6032360836506476,0.3052077222492148,1,0,0,1,0,0,0.6527815247272168,-0.5984050849767277,0.7896599792916505,-0.6125536881843231,0.04737080523183414,0.013179089003248299,-0.024212662925039596,-0.40154610373233723,0.21484012632041985,0.21142785517679671,1.2115379940291051,0.03171095172743793,-1.2118935807013673,-0.7672955688606758,-0.3009747803881649,-0.1787218477035978,-0.04686367158404895,0.8898010370377442,-1.1598770966922176,1.1936019387174324,-0.733004394438839,0.24962470121172123,-0.4732918709396783,-0.3320946066912171,-0.7063412015319052,-1.1936019387174324,1.159877096692217,-0.9585242248049864,-0.7204927753964075,-1.5168621457020783,-1.3581717400735276,-1.3013066058326228,-0.24551969421163483,-2.084364300512032,-2.0437271574226874,-1.277616204425736,-0.8036612908751883,-0.02767187758659086,-0.7155722712864762,-0.8274902101961188,-0.8884846632765624,-0.5405845059150832,-0.8656330827735822,-0.4316415915936655,-0.7036964187794109,0
0.3647077670176212,1.5986349029779314,1.4383931084795292,-0.4281154315628296,1,0,0,1,0,0,1.2080147529090457,-0.6588781811259113,0.03486227566633282,-0.47772831892318285,-0.5636610588037053,-0.13752484924638,-0.1133510433049982,1.4374272133079256,-0.6386975139296528,0.513229395008904,-0.3334535527780314,-0.1447815226712404,0.14040164020548404,-0.37432627614805886,2.2508287683859516,-1.550161378815114,0.42055794825053594,-0.641539833255734,-0.23432195700141584,0.03493293508481349,-0.21640501958923009,0.28191688804185105,-0.6846417906805158,-0.2763217394407511,-0.19283283175662502,-0.03493293508481349,0.23432195700141514,-0.5646101035717058,1.4666567501381707,-1.019092945816409,-1.5556708190633497,-1.347634795043149,-0.2770246880180474,-0.13859458152457876,-0.04256332662598434,-1.1004416420156866,-0.10976148557697851,0.4275877563966659,0.4613226456389258,0.015317428625603584,-0.093098282374475,0.9821281108913258,0.4514102871836102,0.514734606344233,0.22417816752487937,1
-1.0231064002732158,-1.3388904177687242,1.0038746524609323,-0.8681093238500562,1,0,0,1,0,0,0.6275436507189519,-0.5966606687416551,0.25234635976176334,-0.5408011311526433,-0.2006745132716574,-0.04093122710418501,0.25805988785535816,-1.5876424949762178,0.15158151933975403,-0.4983704509013638,-0.02281440811628524,-0.24580716040488376,-0.27772700884442914,-0.20467241468388067,-0.6280201138005388,-0.3818242049893597,-0.8334856429756127,-1.1789320128112855,-1.6056049665959462,1.2571678076667208,-0.5633448211076977,1.5499523858408288,-0.5909135179767534,-0.15320376906423017,-1.1213378021040405,-1.2571678076667208,1.6056049665959446,-0.17467491285593337,-0.5596729573423944,0.10901061945972781,-0.10857476366129187,-0.42594766232847037,-0.11949971898598452,-0.46483142063624716,0.34501385799472056,0.07776919801113909,-0.6556293324115703,1.0851850054835932,-0.6851615499188952,-0.857744843384591,-0.8546384343020056,-0.9106882669444185,-0.3443034154988601,0.29205785388825667,-0.6624575482769981,1
-0.9203053508442651,0.4648532002336079,-0.15484123025532542,0.5985369837740325,1,0,0,1,0,0,0.7158762097478791,-0.6071271661520907,-0.7966945164632545,0.6477452570979235,-2.119594800865774,-0.9675144913570926,-0.36000359806788446,-0.4330393602784446,-0.920296594129001,0.1640716719206223,0.330074786892281,1.4886620300632452,0.004325760224258855,0.17197616467279994,-0.19720691603570953,-1.7236226746888197,1.047959615362514,1.1820551424497332,2.279872601561663,-0.23079243079930178,0.6724303239803651,0.39680255272596754,-0.4739982882324498,0.8174885719835054,0.7249333895458098,0.2307924307993025,-2.2798726015616637,0.49378541408539117,0.19081952690966666,1.2553094035306427,0.020630241285320403,0.4445346296798359,3.251534618300174,0.8401159358104279,-0.1532996650890431,0.8839134569768611,1.0004782029001573,0.8069707847160468,1.1638103092300558,0.7025298110494701,1.0238272737859035,1.4579758036433286,0.12214944469431245,0.013711913318286572,1.275769365336409,0
-1.280109023845593,-0.30817977891024867,0.27967722576327125,-1.6014324776621007,1,0,0,1,0,0,0.791589831772674,-0.6181751356408839,0.39307135535292426,-0.5575819711036006,-0.19222411279223933,-0.04450876866500705,-0.05904166270366216,-1.7698994159243673,1.7431329679301941,-0.0299070375067672,0.19364830740179495,-0.3886834127352829,-0.7778375871314999,-0.687342531802249,0.3136885250810734,-0.34822158072746706,0.06639969487635701,-0.45305790434561544,-0.8569681418843186,0.3198127523248422,-0.6046856898439237,2.743488771256171,-2.732850268730553,0.10624327904660369,-0.6940751467626153,-0.3198127523248422,0.8569681418843179,-0.8059985549671841,-0.05934463450768712,-0.9493446071030995,-0.9613277963089331,-0.8867912286858101,-0.8231112473292009,-1.0357458890816678,-0.8177176958673952,-0.9970898139431584,-0.3595654154843339,3.3867753772878366,1.2367960405122524,-0.5940973255993336,-0.5161761445564365,2.885518881899337,1.0276167615398821,1.3497724280541432,1.2139110595827887,1
0.3647077670176212,0.6194597960623787,1.4383931084795292,-1.161438585374874,1,0,0,1,0,0,1.2080147529090457,-0.6588781811259113,0.6873145279526244,-0.5998233958077348,-0.20338906209758628,-0.04316719057969878,0.4387717455241025,1.932714108377426,-1.0736510454480899,1.281406869287167,0.10796024900469905,0.3488996135432545,0.06527155785207588,-0.29817482030458403,1.8010038801976198,-1.591944202574342,0.4901948643645698,-0.38001699527727684,0.25295560183580257,0.22497917377587734,-0.9080555602014218,-0.8485046172569776,-0.1320334504231149,-1.2450291745316788,-0.5113662427452311,-0.22497917377587734,-0.2529556018358033,-0.5089050763265954,1.0914105080121401,-1.0463857740085747,-1.594432320547333,-1.3647030752786062,-0.08799472517957138,0.02452383803125581,-0.09793149585751397,-1.1624527388592034,-0.8036612908751883,-0.7105613285614767,0.37921369794645543,0.2487103132223888,-0.2792525417345383,0.8235122133073248,0.4514102871836102,0.6260729825722207,0.2860364732784985,0
0.46750881644657266,-1.2873548858258006,0.5693561964423357,0.3052077222492148,1,0,0,1,0,0,-0.7731583567397526,0.6482710510218256,0.7896599792916505,-0.6125536881843231,2.1283473048331403,0.9719602273035542,1.1027027095234132,0.09704389310464923,-0.5344792491228826,0.5872504737618544,0.6105106012654985,0.13851846646352642,-0.3325957016699495,0.8219464729823663,0.8443940975167149,-0.676832149026841,0.8548557006083729,0.6057583723202661,0.18286856865026183,0.007555847346540335,-0.7120557292484109,0.7126996815896565,0.050500002383460134,0.05432277557878663,-0.20228853272057096,-0.007555847346540335,-0.18286856865026252,1.07868820015905,1.1664597564373458,0.900502637032502,0.369483754641173,0.7176271134471482,1.2982250023025865,-0.05703537174666111,-0.1532996650890431,0.9459245538203791,-0.8274521413425554,0.25415551487923493,-0.9762355972943174,-0.8052623164249966,-0.7337590451071593,-0.9484539568453716,-0.5598908718906624,-0.6225073794130739,-1.0748462533011267,1
0.7502117023761872,-1.2615871198543382,0.5693561964423357,1.0385308760612593,1,0,0,0,1,0,-0.14221150653312897,-0.3931454413165182,-0.0035172685858019803,-0.4748350706557764,0.11861723094609603,0.06460624894006509,0.5418451509876943,0.10710650001372769,-1.1741075392157094,1.2317307433365992,1.0984974294349785,0.5554323225645401,-1.1037088899263514,1.4635381204156637,-0.09166699492930702,-0.8650751558251518,1.2180524982216423,1.4489319038941726,0.9277639406103714,-0.1626015385546773,0.7089011731538337,-0.2388370157967005,0.7357272348689811,-0.45618876286962073,-0.013500465796368176,0.1626015385546773,-0.927763940610372,1.7471485271003746,0.19081952690966666,0.8914050276351143,0.2531992501892221,0.7517636739180628,2.1173548412693166,-0.46483142063624716,-0.8730858650989243,1.1939689411944467,0.44535835866158957,-0.4070549059059717,-0.6060936743631827,-0.16621037050522874,-0.33002188519637315,-0.7309235830158842,0.03983423407198747,-0.04195727479570725,-0.45626319576493324,1
-1.485711122703495,-0.3854830768246345,-0.15484123025532542,0.3052077222492148,1,0,0,1,0,0,0.19849979257844777,-0.5390949329842593,2.0050122139425857,-0.7057162823948105,0.6502203840054291,0.13079076781527277,-0.23322408043177348,-0.39132691214803506,2.831536359495996,-0.7834420145366104,1.695272818703657,-0.417320325298966,-1.346826908616931,-1.1764995311957418,-0.8423715114384277,1.6462383542411898,-1.6604688950036433,-1.0019105498344203,-1.2737915754233924,0.6941558255444424,-0.8512407081556712,-0.30676082014575246,-2.2164942770698337,-0.5881129143719258,-3.1821083377847863,-0.6941558255444424,1.2737915754233915,-1.038102835155144,-0.6347222057676005,0.6821600114951846,1.5064877981713616,0.615217432034406,-0.6865896075014126,-0.22015379130249568,0.4557501964577793,0.6358690696027934,-0.7481493064513315,-0.17942508891434333,0.37921369794645543,-0.8793552956620708,-1.0238695791747903,-0.5405845059150832,0.6160407084282594,1.127095675598167,-1.0748462533011267,0
-0.6633027272718879,-0.5658574386248675,-2.617112481027373,-0.8681093238500562,1,0,0,1,0,0,-0.10435469552073157,-0.44198909589855107,-0.3617263482723934,-0.27520094020473185,-0.27255791278216707,-0.12723941725901666,-0.8102701992665412,0.15041608972565293,-0.6910877315693149,-1.345749117389483,-0.4363077194925298,-0.36321288935383966,0.5115087802082645,-1.3768639849374908,-0.17825461503059056,0.15164681773858757,-1.7854122181669403,-0.45811773294970265,-0.591162492785821,0.09092870184200141,-0.24904583441232303,-0.38502236386968497,1.0971305076952385,0.047636044071567234,0.1199586030880887,-0.09092870184200141,0.5911624927858203,-1.2609229441355856,-0.03432821836595151,0.4456221671630917,0.459927258103802,-0.32353798091572933,1.109195039464111,0.35076067714292497,0.7325910426154264,0.6358690696027934,-0.27629743884854874,-0.4070549059059717,-0.15905607025973648,0.4172718409867329,0.4145951522438788,-1.016432198667086,-0.37174181903963527,-0.3759724034796717,-0.20882997275045564,1
0.13340540580248203,-2.034620098998195,-0.4445202009343899,-0.13478617003801185,1,0,0,0,1,0,-0.5838743016777656,-0.08380229563030996,-0.2210013526812325,-0.35042539515729937,0.5918732820097946,0.20636633328763831,0.5279038037330714,0.859366450027076,-1.1734758468605935,-0.1831663368543756,-0.5415129026129839,-0.33394866157193587,0.22897764282947833,-0.6795493983386134,1.0203525087335696,0.26829223699725696,-1.0390039587332087,-0.9481689212781254,-0.8684646863737263,0.4058665575902641,-1.413060841627882,-0.15734067808537236,1.873788618509552,-0.7828126357314672,-0.22170911100826843,-0.4058665575902641,0.8684646863737256,-0.3974950218363748,1.6167552469885829,1.4918472478627354,1.428964795203394,0.8541733553308051,0.6051151385615076,1.0032343553662626,1.7292180887829538,1.5660355222555504,-1.3310251429018278,-0.17942508891434333,-0.0951935553878152,0.8710913388138142,0.46536449570571364,-1.3019408143182878,0.4514102871836102,0.7374113588002092,0.40975308478573785,1
-0.894605088487027,-1.1069805240255675,-0.15484123025532542,0.5985369837740325,1,0,0,1,0,0,-0.028641073495936725,-0.46931828358135513,-0.016310450003180245,-0.47425642100229515,0.008956303629104406,0.00557681318650147,-0.6827019288512474,-0.11426813568912585,1.6976920909893274,-0.264875166446973,0.045134523977032784,-0.7719749421734534,-0.45960117839261133,-0.8168212191077112,0.6799498323350589,0.8405953114035806,-0.7134076182350708,-1.0724514669864222,-0.8569681418843172,-0.20295117893611228,0.13315551305368628,0.8379954177976089,-1.476084740146312,-0.34957352065328307,-1.1057172134484785,0.2029511789361116,0.8569681418843165,-0.9823978079100336,0.04072103005925432,-1.4284853686988783,-0.8579637923516437,-1.05747403104038,-2.009799347370745,-0.5463906304141645,-0.2086678343205727,-1.4725082230767892,0.22331042096616224,0.9587239960437993,0.41570656358755365,-0.4514683405679659,-0.5500223735309933,0.7917890337905242,1.1922471827845313,1.1827648637121608,-0.08511336124321738,0
-1.3572098109173063,-0.05050211919562982,-1.168717627632051,-1.6014324776621007,1,0,0,1,0,0,0.2742134146032426,-0.55072437455141,0.022069094248954552,-0.4788856182301454,-0.17141293336278787,-0.05345262256706214,0.6190998258193298,-0.45080805671778257,-0.532103042855219,-0.520570371582171,-0.3247733130857904,0.9387750726926154,0.7490497781458011,-0.06327538827830029,0.8229966857823201,-1.41259373262692,-0.2113473248299722,-0.7931105124362812,0.07500831336893375,1.20598490020106,-0.9240974007790453,1.4432082185900021,-0.6921177861292732,0.493688598128438,-0.3520968358605181,-1.20598490020106,-0.07500831336893446,-0.09111737198826762,0.7161642658861095,-0.10023439668020068,-0.806281790372998,-0.8355863879794388,0.5736101447550955,0.35076067714292497,0.34501385799472056,-0.35630847989348147,-0.8314172830871166,1.4898602356909325,0.2879815338437111,-0.127311556405765,0.0761328624983096,0.12560226393772106,-0.7010026615289333,-0.2089648391376897,0.5334696962929761,0
-0.38059984134227254,-0.5400896726534062,-0.15484123025532542,-0.4281154315628296,1,0,0,1,0,0,0.3751649106363024,-0.5611908719618456,-0.5664172509504457,-0.09581954762553238,-0.9518819098000452,-0.35754365523693526,-0.6173442387036083,-0.6254736132671468,0.13111484350591782,-0.9458746348399392,-0.8382172658141466,-0.03959038460180521,0.5450982495808167,-0.6626234865376707,0.24103590199475503,-0.5791514610124109,-0.626613395396073,-0.8384266537873941,-0.5796783524084306,0.5209213695068188,0.19634661144833376,1.0999466387247014,-0.7612297486093421,0.6564764923559471,0.2711630571412106,-0.5209213695068188,0.5796783524084299,-0.6760201580619267,0.11577027848446049,-0.2912841940253525,-0.5349512799851129,-0.7331767065666972,-0.05648973137315825,-0.38327221085833024,-0.1532996650890431,-0.728375060954584,0.22331042096616224,1.1104772073715516,0.1876261533306929,-0.24400799870415715,0.025363519036474696,0.6331731362065233,-0.4540570296619595,-0.26463402725168356,0.5334696962929761,0
0.46750881644657266,-1.1069805240255675,-0.4445202009343899,-0.4281154315628296,1,0,0,1,0,0,-0.016022136491804253,-0.4739700602082154,-0.06748317567269331,-0.44879583624911845,-0.04240547108896989,-0.01767720695884177,0.4443858150170292,1.0699741908038862,-1.5525411557552544,0.7069289371785946,-0.17492631786217627,-0.07568173905831702,0.5889207870819513,0.2792946522612797,0.5540361964232347,-1.1482667988864066,0.2579607469890555,-0.1735626100245142,-0.19575715951429745,0.09092870184200141,-0.3388613676203753,-0.9135518566997799,0.9684783759011201,-0.699225925908023,0.057962672938047105,-0.09092870184200141,0.19575715951429676,0.1317027369921738,0.340918023760079,-0.4277483349861756,-0.9225662948249498,-0.7843815472730677,0.3530751881102058,0.02452383803125581,0.12354118106860354,-0.4803306735805153,-0.3318094232724056,-0.8623145398892288,-0.031331040515893936,0.4691369264526849,0.1438253204474232,-0.28679906978068154,-0.37174181903963527,-0.3759724034796717,0.038603250264021984,0
-0.9974061379159777,0.05256894469021735,-0.8790386569529866,-0.13478617003801185,1,0,0,1,0,0,-0.6722068607066928,0.014466485612113323,0.15000090842273722,-0.5315427366969427,1.1765601635508756,0.42191321232716605,-0.7755125602580153,-0.06511142818721392,0.5253377946223491,-0.6408577035162608,-0.06159910732044966,0.011668729966641872,-0.20692378568967415,-0.26768354971840236,0.48331277449879473,0.6381284373698641,-0.009969570146827816,0.07669200812440663,0.3041828515459622,-0.28577009270635834,0.8109028442480716,0.5735396061861833,-0.07689682548422935,0.8558717576596041,0.15495667543760255,0.28577009270635834,-0.3041828515459622,-0.06326485836571254,0.7912135143113154,0.900502637032502,1.1317932838261862,1.0760609983917457,0.06953024385249205,0.5138790966987595,0.40038202722625016,0.6358690696027934,0.917210226264372,0.7310941790521709,0.4978155112800227,0.37837302688726915,0.7192112130148905,-0.09645999267988113,0.6160407084282594,0.514734606344233,0.2860364732784985,0
-0.9203053508442651,0.7482986259196881,-1.6032360836506476,0.5985369837740325,1,0,0,1,0,0,-0.7605394197356201,0.5784944016189215,-0.15703544559434116,-0.3886162722870644,1.4471615915291,0.7452335308864576,-1.7837760068858044,-0.4137287183370478,1.973042334224871,-1.6800618461847041,-1.1763702776957747,-1.4589207157850688,0.891927676597943,-1.2740012193543542,-0.5690972838253464,1.7454900281232886,-1.2953990433139506,-0.36915043361368444,-0.83882515761197,-1.1578572735420007,1.2074169522168432,-0.002253515923144168,-0.9431658243475454,0.9851596488033838,1.1689354257520335,1.1578572735420007,0.8388251576119693,-1.2887754577581405,-0.7848207026180125,-0.9918001176242447,-0.05689276168264715,-0.5624939042121272,-1.442709458855317,-0.6279498401920818,-0.319404172783631,-0.9764194483286528,1.3613061016552261,0.19995793940503753,0.6255405410238652,0.002351157259115363,0.39767203775660004,1.870377137361731,-0.20711139779498602,-0.7099875321636356,0.7809029193074537,1
-0.6633027272718879,-0.3854830768246345,-2.617112481027373,0.3052077222492148,1,0,0,1,0,0,-0.10435469552073157,-0.44198909589855107,2.0050122139425857,-0.7057162823948105,0.8781661208052933,0.20547194789743278,-0.7667053374191811,-0.8502625130668454,1.5613763581054436,-1.7605050685973183,0.9704204152711657,-0.4640033857238973,-0.8011347667520474,-1.381467500170504,-0.6033655215374362,0.1567839099758311,-1.9623289417158705,-0.6146353524001302,-0.7703150826731027,0.13114384342216406,-0.3142236134766597,0.5625736487998525,-1.9769010786046932,0.4325169817021498,-1.861665859683038,-0.13114384342216406,0.7703150826731019,-1.3444804850032512,-0.7097714541928067,-0.5824076947417753,-0.4186667755331612,-1.1257471519822078,0.25856020669096863,-0.46483142063624716,-0.1532996650890431,-0.5423417704240322,-0.47058938433204756,0.19995793940503753,-0.8068044353892204,-1.5925002208189127,-1.3623318689203594,-0.857816301083085,0.2044646553166367,0.29205785388825667,-1.3841377820692236,1
-0.04649643069818187,-0.2566442469673251,-1.6032360836506476,0.5985369837740325,1,0,0,1,0,0,0.03445361152472564,-0.4838550855402935,0.13720772700535894,-0.5303854373899801,0.0694063317158454,0.037774687233899804,-0.03907619335821056,1.7026728451500426,-1.3952342843816148,0.6484126445854979,-0.21303565911978095,-0.012028229225389788,-0.05091698041779293,-1.017136394600394,1.4023163246255472,-0.6220686572931274,0.2846266879959364,-0.5533168592085098,-0.5745260083472232,0.5534028300138731,-0.9619743028475387,-0.9321622051167316,1.2822129988678934,-0.5937326991336043,-0.26324942814635444,-0.5534028300138731,0.57452600834722245,-0.8988402670423681,1.5417059985633763,0.49111021415003275,0.07231224326396513,0.18851042614798086,0.16404522527173035,-0.05703537174666111,0.2342775195316623,0.5118468759157585,-1.0812212129944723,-1.1658209625447336,-1.3815670692365094,-0.6329961396987983,-0.8038690908401701,-1.7460653275534903,-0.7010026615289333,-0.5429799678216537,-1.198562864808365,0
0.05630461873076867,-0.7977673323680251,-0.15484123025532542,0.3052077222492148,1,0,0,1,0,0,0.16064298156605036,-0.5367690446708291,0.07324181991846762,-0.506082151943766,-0.06329624324263075,-0.02170194121476656,0.5872753374861259,1.2622091872198071,-1.602445971687809,1.0822364030187641,0.31732242134399796,1.170377668848449,0.3162558655812795,0.83224919587886,0.8170346316316572,-0.18552603580880866,0.9956517416353724,0.3634962168111025,0.6912331826893902,0.910698895591472,0.014952937787737859,-0.9139343632446493,2.0041615516298945,-0.4747603368680838,-0.05765138200080608,-0.910698895591472,-0.6912331826893908,1.050835686536495,1.0914105080121401,0.7913313242638433,0.5632912620610914,0.9736513169790033,0.3215701943037938,0.9216751455883455,0.6218547041523672,0.5738579727592754,0.08453045990652028,-0.7864379342253526,0.32447439948480933,1.3508433793738719,1.0407503882731821,-1.3019408143182878,-0.04248097655033679,0.45906541823023866,1.1520527538291696,0
-0.6633027272718879,-0.9266061622253344,-2.617112481027373,-1.6014324776621007,1,0,0,1,0,0,-0.10435469552073157,-0.44198909589855107,-0.7839013350458762,0.5783072986801688,-1.5047225291058164,-0.7868486425355797,-0.14278189051100243,-0.08896160893907899,-1.4727256632909824,0.3896112664977837,0.5222236365883862,-0.15500500452678434,-0.8744303595645372,-1.3856824536338963,-0.47879423457476106,-0.5263754031704265,-0.6967690560272968,0.209001696791829,-0.6045440128777345,0.38817105265189955,-1.1860158862205263,-0.35754295335827824,1.484308801584627,-1.2172439541499793,-0.4748668259336699,-0.38817105265189955,0.6045440128777338,-1.4001855122483615,-0.7848207026180125,-1.264728399545891,-1.2972608091701252,-1.4500444764558913,0.06953024385249205,-1.3619827281933365,-1.3160312189511594,-1.2864749325462383,-1.1644891896302574,-0.482931511569848,-0.5148615102604385,0.2746428559553643,-0.24540631275998087,-1.1116017372174867,-0.20711139779498602,-0.04195727479570725,-0.7036964187794109,1
-0.25209852955608386,-1.1069805240255675,0.5693561964423357,0.5985369837740325,1,0,0,1,0,0,0.1480240445619179,-0.5356061005141141,-0.016310450003180245,-0.47425642100229515,-0.12126786436098777,-0.04540315405521256,-0.8960734912755188,-1.21725355519424,2.084531391307092,-0.23715860877162903,0.6275301610724997,-0.6551171768746158,-1.0214315235496985,-1.0083650099705377,-0.735080317550015,1.1720615355477675,-0.5507128987631535,-0.18186600161589236,-0.67984341407292,-0.21924127311138097,0.23846556570587601,0.9343313802001708,-1.6718154340898557,-0.22569150311289582,-0.9933766965223003,0.21924127311138167,0.6798434140729193,-1.1216603760228097,-1.009968447893631,-1.3829973217119373,-0.6770767854263857,-0.8355863879794388,-1.6317394216937933,-0.7910682597479163,-0.5962450189412776,-1.1004416420156866,0.3620903820258042,1.1104772073715516,0.5434315933313949,-0.46443461193445323,-0.5161761445564365,1.109020828958526,1.3568776040291806,1.3497724280541432,0.10046155601764112,1
-1.100207187344929,-0.5400896726534062,-0.4445202009343899,-0.4281154315628296,1,0,0,1,0,0,-0.05387894750420167,-0.45361853746570174,-0.5664172509504457,-0.09581954762553238,-0.6640740481092146,-0.2748130066429257,-0.6284935433017215,-1.3865101436137302,1.5505680510347282,-0.8065619410458491,-0.3382221804045117,-0.3326355814349952,0.14236580769958448,-0.6016090906067332,-0.9868307676125109,1.350519045737413,-0.767843040374547,-0.3398297264972658,-0.46991781074089073,0.012383503443245562,0.27281485639967085,0.9144432852380505,-0.7625370726958273,0.32823313233980267,0.1079278138482253,-0.012383503443245562,0.46991781074089,-0.6481676444393714,-1.009968447893631,-0.44594355378095224,0.279040251178545,-0.05044549714841698,-1.1906695084040155,-0.38327221085833024,-0.2086678343205727,-0.29429738304996345,0.16779843654230542,0.7310941790521709,-0.2685346671830286,-0.6070635969658218,-0.44848368660732285,0.3476645205553221,-0.28942660841731066,-0.32030321536567735,-0.1469716669968365,0
-0.6633027272718879,-0.5400896726534062,-2.617112481027373,-0.4281154315628296,1,0,0,1,0,0,-0.10435469552073157,-0.44198909589855107,-0.5664172509504457,-0.09581954762553238,-0.6201726396776468,-0.2658691527408706,-1.2467092648024805,-1.0345048707480584,-0.2261594154430897,-1.0796662365401697,0.13065985132797744,-0.6580566471757887,-0.3732173521348674,-1.4677139084408652,-0.4721896355951604,-0.7215444491362291,-0.7450339365562327,0.5483771804493404,-0.65872285032305,-0.2441974779926877,0.26705713720765506,0.9468611896984039,-0.4159150886045372,0.7197965332350283,0.36551937783249466,0.2441974779926877,0.6587228503230493,-1.4837430531160272,-0.8598699510432187,-1.5649495096597015,-1.6202733215366558,-1.7572735206941175,0.2270552128845555,-1.6066603575270884,-1.592872065108806,-1.534519319920306,0.0012624832707351544,0.5034643620605421,-0.8432973010303187,-0.9052878383950472,-0.6007917169928287,-0.4136917878478824,-0.7010026615289333,-0.8769950965056176,-0.76555472453303,0
-0.6890029896291251,-0.978141694168258,-0.8790386569529866,-0.8681093238500562,1,0,0,1,0,0,-0.7983962307480176,1.2704461748643872,-0.31055362260288033,-0.30529072218575887,1.7414207698730537,1.212997089963939,0.6246554325838696,-0.18283370056119333,0.2222286470275369,0.4500068040514414,0.5127106529301502,-0.9308801003855663,-1.1032941173930921,0.5805277935904624,-0.0861483043981698,-0.6077580129061179,0.9005308618179829,0.675537693467391,-0.9919856992599327,-0.28577009270635834,-0.2885420536018353,0.16464351170162972,-0.9145321962017097,0.28502082712697885,-0.007017884380448946,0.28577009270635834,0.9919856992599321,0.04814519612450831,-0.5596729573423944,-1.5103638532753727,-1.5298298180740268,-1.176951992688579,-0.6235796198885869,-1.6066603575270884,-1.482135726645747,-1.1004416420156866,-0.24854144663662048,0.19995793940503753,0.14201007127932075,-0.3607044410025493,-0.2284831982727022,0.728342674756924,0.6160407084282594,0.514734606344233,0.2860364732784985,1
-0.8175043014153137,1.8820803286640106,-0.4445202009343899,0.5985369837740325,1,0,0,0,1,0,-0.3062576875868511,-0.3053431574845305,0.4570372624398156,-0.5656830662523388,0.5792137157459697,0.2023415990317135,-3.0781554301684864,0.8814934782529651,0.1548960331781695,-2.282509932380629,-1.9270692240970988,-1.7041139027366194,1.1484454641703445,-1.6092740717720304,1.9534369903671653,-0.3662145594478302,-1.4543996024696775,-1.4441734808540574,-1.3449881246303776,-0.9902652685099177,2.6722823652439596,0.7470328315038963,-0.5797583810499782,1.6413659138412746,1.0953300529070105,0.9902652685099177,1.344988124630377,-1.4907061815216658,2.067050737539819,0.45699417890982696,0.18536662259225087,-0.41741352221074235,0.30581769740058723,0.08569324536469386,0.9125375926178964,0.2948080369634488,2.9433976577351446,1.0346006017076752,0.8080048692293539,0.35244048415429274,1.0238272737859035,1.0455744699249259,-0.04248097655033679,-0.48731077970765985,0.7190446135538346,0
-1.3572098109173063,0.8513696898055362,0.5693561964423357,-0.8681093238500562,1,0,0,1,0,0,-0.356733435603381,-0.2762695535666538,-0.46407179961141953,-0.2427965596097797,-0.14532451788458017,-0.024832290080485844,-1.1448980022603223,0.4128971448602371,0.6795096800276779,-1.285691703071604,-0.5720968180352961,-0.9491991533383505,0.06188740752208008,-0.6647653657384814,-0.472490727607465,-0.039672782138706265,-0.9189874227608941,-0.4955987322312519,-0.5860329100839196,-0.7133741297612541,0.9277828212959912,-1.0400451278619345,-0.9687798163277419,0.8256343476619227,0.25989818088194316,0.7133741297612541,0.5860329100839188,-0.7286304615711976,-0.6013669842452865,-0.5955486860935585,-0.5234663906565252,-0.8298969612342869,-0.2105141455378431,-0.40139647969786735,-0.17175572149955282,-0.6181331110105518,0.917210226264372,-0.9381911455531051,0.1785029369204177,-0.3607044410025493,-0.025405824425361403,0.6966194952401235,0.28677986593896093,-0.04195727479570725,-0.20882997275045564,0
-0.9717058755587404,0.2587110724619126,-1.6032360836506476,1.478524768348486,1,0,0,1,0,0,-0.19268725454965888,-0.3576756445367086,-0.24658771551598904,-0.3475321468898929,-0.05120778008907436,-0.006497389581272905,-2.325217963310606,-0.396206121925467,-0.24696900688224713,-2.283215326184502,-2.574415483288149,-1.4292948820524896,1.792278747988507,-1.4340896715796583,0.34690427469202456,0.3830607530028944,-1.5740129751807572,-1.8991422532243418,-1.09419253839158,-0.8641809106868654,1.8003466775853043,0.8913264234656093,0.7225540204484582,1.5237122825114153,1.4927234405296408,0.8641809106868654,1.0941925383915794,-1.3444804850032512,0.340918023760079,0.06352257247278678,0.2531992501892221,-0.40887938209301433,-0.9386295579527137,0.5138790966987595,1.2862727349307197,-0.23228628620644656,1.7221340004102954,0.8828473903799233,0.12376363845877164,0.4821031978191731,1.1084428462222957,-0.3185222492974822,-0.37174181903963527,-0.7656567202776299,0.40975308478573785,0
-0.38059984134227254,-0.7204640344536393,-0.4445202009343899,0.3052077222492148,1,0,0,1,0,0,0.45087853266109723,-0.568168536902136,-0.4768649810287978,-0.2318022161936352,-0.8168833888562058,-0.257819684229021,-0.6075759391178869,-1.0993042426829192,-1.7048109057643557,-1.3526042922424806,-1.942160237992066,-1.8731586555256634,1.1823291747471392,-1.1296507487683303,0.31779053969942933,-2.241688500080006,-1.3619951691790781,-2.5205192241743606,-1.9287998281276528,-0.6418048099999468,-0.28388458451888793,1.8271851589116115,0.07785286471768695,0.4767500408050672,0.06410698541531204,0.6418048099999468,1.9287998281276528,-0.7595776989295921,1.3165582532877582,2.8110006104840255,0.7829397704703327,0.13730558544161034,2.589929748365507,1.4110304042558486,3.3348949964973045,2.620224168595341,-0.47058938433204756,1.1863538130354276,-0.9254062487227878,-0.7496925819971905,-0.5330992590437151,-0.9847090191502859,-0.28942660841731066,-0.5986491559356475,-1.198562864808365,0
-1.8455147957048228,-1.3904259497116478,1.4383931084795292,0.3052077222492148,1,0,0,0,1,0,-0.2810198135785862,-0.3152281828166086,-0.4001058925245282,-0.2676784947094751,-0.14339691136092045,-0.035564914762951955,0.7795260783292348,0.4879726773773235,-0.46553869362451894,0.6044861994148304,-0.3220971236246429,-0.8957030332376335,-0.19380682876566993,0.780027624321356,0.6284519207764478,-0.0033231976474288496,-0.04482247478860499,-0.6075050349403659,0.24941157827095015,-1.4689954741885243,-0.30455557624878304,-0.04018847553546725,0.633067496675567,-0.8610670559456316,-0.17436838962912712,1.4689954741885243,-0.24941157827095087,1.357213336384602,1.3165582532877582,1.8284587955660994,1.5452492996553449,1.4515631635718003,0.6051151385615076,1.9819448727012692,2.0060589349406004,1.876091006473136,-0.1375174777889068,0.19995793940503753,0.7441423543574326,0.9877877811122063,0.5330569536548284,0.4428340591057229,2.180029710252426,1.4054416161681371,0.40975308478573785,0
-0.09789695541265715,0.4648532002336079,-0.15484123025532542,0.5985369837740325,1,0,0,1,0,0,-0.40720918361991093,-0.2646401119995031,-0.7966945164632545,0.6477452570979235,-1.273166344571222,-0.7041179939415702,-0.8882915942677995,-0.2252582529128432,0.9797736923993083,-1.1949975685931236,-1.2968511637938163,-0.9219814734386801,0.8683543269688365,-0.3816785192841009,0.7505496115343921,0.1902295333395333,-0.7143398378373795,-1.5384076513285558,-1.7650477649515883,0.4930801176436292,0.8538224059564715,1.061058145852464,-1.1482211247828709,0.9060374651526152,0.18401438269984927,-0.4930801176436292,1.7650477649515868,-0.4253475354589299,0.5660657690356972,-0.30038180342274146,-0.1602567656399366,-0.42594766232847037,-1.2851844898232538,-0.46483142063624716,0.4557501964577793,-0.35630847989348147,1.1115021717478706,1.413983630027056,0.9266066825629212,0.11904759955750843,0.4822876101929924,1.331083085576127,-0.20711139779498602,0.013711913318286572,1.1520527538291696,1
-0.6890029896291251,0.1298722426046032,-0.8790386569529866,-1.8947617391869185,1,0,0,1,0,0,-0.7983962307480176,1.2704461748643872,0.4954168066919504,-0.5714695627871517,2.335344079928983,1.4187057297112062,0.5403210536302508,0.12193196059352292,-0.32477335314328193,0.4376083192383304,0.5403202185672545,-0.048229309728136646,-0.5168186653755203,0.5806487939228054,0.17771039705964053,-0.922680616214049,0.817357288846677,0.4127772953026706,-0.4863880375980577,0.41661470759684033,-0.17115214463404804,0.010670932100336036,-0.48322898259710845,0.21929688902442376,-0.29944605855993683,-0.41661470759684033,0.48638803759805704,-0.06326485836571254,-0.4846237089171882,-1.8560730103761243,-1.9303653334085251,-1.603658998575004,-0.8126095827270634,-1.2804235184154193,-1.2606630497196296,-1.5965304167638241,-0.19302946221276363,-0.02767187758659086,-0.10431677179808911,-0.3347718982695729,-0.2284831982727022,-0.09645999267988113,-0.12479618717266176,0.06938110143228039,-0.023255055489598248,1
1.8810232460946468,0.8513696898055362,0.5693561964423357,-0.8681093238500562,0,1,0,1,0,0,0.4634974696652297,-0.5710758972939236,-0.46407179961141953,-0.2427965596097797,-0.8017208646055642,-0.25155898649758246,1.213736106358491,1.1429984575041638,0.1067415270563609,0.48565213256583034,0.5839375404572393,0.650660763867681,-0.23565712885869683,2.6932497304745078,0.39173957299115747,-0.6166330098278301,1.822581192679789,1.4484465503435717,1.90767708056873,-1.004587223962434,1.0033337955922812,-1.1763651490151987,-0.7655759503645719,1.151155612467041,0.6549787376659824,1.004587223962434,-1.9076770805687304,3.306889289963465,0.8662627627365218,1.3553831069019124,0.7700192699756713,1.5539728449845414,1.7392949155923647,0.4323198869208419,-0.3747723420151606,1.2559800380379649,0.9449662184763004,-1.0899443568808573,0.05990112358685037,-0.3477381696360611,0.10997909147286698,0.5697267771729232,-0.20711139779498602,-0.6543183440496418,-0.2706882785040748,0
-1.5114113850607322,-1.3904259497116478,-0.4445202009343899,0.3052077222492148,1,0,0,0,1,0,1.1575390048925156,-0.6524819882639784,-0.4001058925245282,-0.2676784947094751,-0.9849419835577691,-0.29493667792254963,-0.6117450424153362,-0.7781172931139899,-1.4076180498282795,-0.44778994006054224,-0.7173229697312996,-0.07746515558400027,-0.5019453940340001,-1.1709805677150655,-1.1289761891789758,-1.6239243100918437,-1.411559037789697,-1.0147963399825393,1.2994551316290601,-1.3944370113607845,-0.3193836130137336,-0.06299315813535235,0.2923737086202013,-0.7947424589234156,-0.058196119676845653,1.3944370113607845,-1.2994551316290608,-1.038102835155144,-0.9349191994684248,0.6275743551108558,-0.37990527404917784,-0.8867912286858101,1.9598298722372534,0.5954383064766764,0.012804842605544792,-0.4803306735805153,-0.1375174777889068,0.19995793940503753,0.8171280856396278,0.858125067447326,0.4484413812184362,0.886958572340925,2.0153992890077768,1.2941032399401495,0.5953280020465953,1
1.135715637734753,-0.7977673323680251,-0.4445202009343899,-0.13478617003801185,1,0,0,0,1,0,-0.6217311126901629,-0.04658808261542777,0.25234635976176334,-0.5448516787270123,1.0634656988415676,0.3852434113287402,1.1464653472400201,-0.7888851495572111,0.5078154531845838,1.4607109223846577,1.4971457338436334,-0.022096931755841934,-1.1810029714184567,0.6151995560807187,-1.1245485189112527,0.888472482901168,0.6620313836749833,0.7170178140066387,0.23272740579640636,-0.2609537869844238,-0.9794878256375836,-0.043778394363605234,0.19862842493435587,-1.3168672314654666,-1.2463344389697102,0.26095378698442306,-0.23272740579640636,0.6330479821981672,-1.009968447893631,0.19998671343360988,0.6408142650290589,0.9053781960371756,-0.5290646384693491,-0.13859458152457876,-0.26403600355210183,0.5118468759157585,-0.9146852597229018,-0.02767187758659086,0.05077790717657645,0.14498014229048395,-0.39771434314548676,-0.3819686083310823,0.8629863402952329,0.793080546914203,-0.45626319576493324,1
-1.305809286202831,-0.10203765113855341,-0.15484123025532542,-0.13478617003801185,1,0,0,1,0,0,-0.16744938054139394,-0.37744569520086474,-0.42569225535928473,-0.2607346988676996,-0.3035298691807146,-0.08878084548017975,-0.0031098647131674465,0.4255057265740535,0.06529005300927211,-0.16484337865010676,0.3607747230390806,0.3491100174454326,-0.28556083911811264,-0.29859888635052956,1.626491330502469,0.10883898653268186,-1.0456236880928944,-0.8196815786821162,-0.5252107151899527,0.9970420184583276,-0.2940321463719307,1.0453633461267144,0.020118995380100747,-0.8141297804839503,-1.2692843327500385,-0.9970420184583276,0.525210715189952,-0.45320004908148526,1.0914105080121401,-0.7825551014843162,-0.6124742829530796,-0.9550643496276378,-0.655084613695,-0.22015379130249568,0.012804842605544792,-0.790386157798101,-0.3595654154843339,0.8069707847160468,-0.3597668312857729,-0.2958730841701091,-0.5838686025055501,-0.8895394805998851,-0.04248097655033679,0.514734606344233,-0.5181215015185524,0
-1.5114113850607322,1.1348151154916164,-0.4445202009343899,-0.4281154315628296,1,0,0,1,0,0,1.1575390048925156,-0.6524819882639784,-0.6431763394547153,-0.0437410788122164,-1.4788510174598246,-0.46800025092731573,-0.687808297780148,1.0245078770337777,-2.5066522179412587,-0.7028915224947878,-0.34321876596536155,1.8098930814910632,-0.11336608393671814,-0.45631982347608235,0.16566221201170117,-2.4713629291348953,-0.5964277672572103,-0.09904681914345097,2.394254639720468,0.09388569754642515,0.5004647902088715,-1.2402124460183799,0.9431961488238171,0.3581535356888269,0.34950126423070976,-0.09388569754642515,-2.3942546397204683,-0.6203151308168162,-0.18442671521636386,-0.9645072894320803,-1.9303653334085251,-1.9962294439905155,1.487254965141063,-0.22015379130249568,-1.0945585420250417,-1.720552610450858,0.44535835866158957,-1.1658209625447336,-0.031331040515893936,0.45617065508619664,0.5838262971166633,-0.826093121566285,-0.12479618717266176,-0.09762646290970158,0.16231986177126023,1
-0.8175043014153137,-0.10203765113855341,0.27967722576327125,-0.13478617003801185,0,1,0,1,0,0,-0.5333985536612357,-0.10764265084296887,-0.42569225535928473,-0.2607346988676996,0.21798236425632364,0.11871656504749839,0.6392423571267981,-1.2114799068788404,0.22094034363446258,1.2708018695826733,1.7135484696810668,0.7919444320908217,-1.5702645540439761,0.3737350854691966,-0.7062148781007258,0.14716149037573475,0.8227637326558733,1.0654284243599772,0.2181716668474219,0.8637377478704314,-0.5154503646545047,0.9553236302672107,-0.15414974566605014,-0.9009329071910637,-1.187513445703966,-0.8637377478704308,-0.2181716668474226,0.4659329004628361,-0.5596729573423944,0.41832933897092733,0.4340862571144791,0.76883195415352,0.5736101447550955,-0.709509049969999,-0.8730858650989243,0.5118468759157585,-0.5538573609678327,0.7310941790521709,-0.350643614875499,-0.37367071236903754,-0.685407289429221,-0.6040308649486834,0.2044646553166367,0.7374113588002092,-0.45626319576493324,0
-1.5114113850607322,-0.10203765113855341,-0.4445202009343899,-0.13478617003801185,1,0,0,1,0,0,1.1575390048925156,-0.6524819882639784,-0.42569225535928473,-0.2607346988676996,-1.0225680617448087,-0.3003029902637827,0.2515249322778113,-0.7556506645875147,-1.14079907218413,0.6567133884908676,1.107930773153067,1.290284825723519,-1.5097711999873067,-0.3089227011242345,-0.04461302191361301,-1.7927425940578237,0.1901659817173174,0.5986636126471456,1.2994551316290601,0.471010832630124,-0.6584234641662071,0.9924619057168436,-0.24202286692058367,-0.6986120880074709,-0.8558857697451553,-0.471010832630124,-1.2994551316290608,-0.38821085062885646,-0.18442671521636386,-0.4338134079177687,-1.2412719736932594,-1.1143682984919032,1.6447799341731264,-0.7638818564886103,-1.2791191061301395,-0.6870343297255728,-0.6926373220274746,0.7310941790521709,-0.42362934615769415,-0.47740088330094144,-0.7023304039164997,-0.4136917878478824,0.36909507656128593,0.6817421706862145,-0.45626319576493324,1
-1.5114113850607322,-0.6946962684821769,-0.4445202009343899,-0.8681093238500562,1,0,0,1,0,0,1.1575390048925156,-0.6524819882639784,-0.822280879298011,1.2669003863229022,-2.620699269514326,-1.4808917053350548,-0.6722778244823633,-0.4369453200264166,-1.112252081920423,-1.1064993881929743,-0.2839463023548436,0.6025820142341443,-0.14980230808036288,0.19573546072300327,-0.00252926371241453,-2.0062516301527724,0.2946503960362943,1.0064034107585125,1.7556215933338128,-0.9193541232206256,1.1303952460733326,0.5971874035131796,-0.4956035494833838,1.7869795769747758,1.35170114968139,0.9193541232206256,-1.7556215933338135,-0.1328961424221005,-0.3720498362793791,-1.1237154538863738,-1.8334615796985658,-1.6548638392813753,1.4084924806250314,-1.0357458890816678,-1.648240234340335,-1.2554693841244795,0.3343343898138759,-0.17942508891434333,-1.8194814569296822,-1.7351292058502814,-1.1084851516111824,-0.9212626601166852,-1.1948939252628807,-1.6006945419875402,-1.569712699330082,0
1.4441187860216065,-0.7977673323680251,-1.168717627632051,-0.13478617003801185,1,0,0,1,0,0,-0.21792512855792381,-0.355931228301636,-0.8478672421327675,2.9652371192904843,-2.573196379523243,-2.565333990959235,-1.153671715289071,0.37200936373112337,-1.2173463610032125,-1.427370977002055,-1.8923522999103022,-1.4332234221175162,1.423217133965205,-0.7926752239904636,-0.8625689084474463,-0.999873955085013,-0.9802544054100392,-0.5113448328429,0.4513710056427588,-2.4024100761280907,0.8121768595888288,-1.3746971234890284,0.6593763594520838,0.9562826151245362,1.9609219655880867,2.4024100761280907,-0.4513710056427595,-0.7874302125521474,-0.8598699510432187,-0.2548937564358004,-0.7158382869103699,-1.0233374705694662,0.8571550890128092,0.2692014673650073,0.06817301183707392,-0.5423417704240322,0.16779843654230542,-1.5452039908641146,-1.6552635615447422,-1.1386807229918314,-0.7530997473783346,-0.7309235830158842,-1.1948939252628807,-1.9347096706715041,-1.3841377820692236,0
0.2876069799459088,0.4648532002336079,0.5693561964423357,-1.6014324776621007,1,0,0,1,0,0,0.29945128861150755,-0.5553761511782702,1.7363554041776421,-0.6929859900182223,0.524140233612611,0.10843113306013503,0.08245485015061622,-0.4989531500284895,-0.32995965150128553,-0.6097779140106906,-0.8719254865105494,-1.2277366057898655,-0.41317746005464345,1.7478531047383337,-0.407354488945409,-0.2734565014734676,-0.031226298623194974,-0.6929580319712221,-1.3392924006938196,-0.34619240229020387,1.6317787516215723,0.27675007243436467,0.1762684853796485,0.7928071590517601,0.45700719097281584,0.34619240229020387,1.339292400693819,1.5800334453650435,-0.40957446049198204,-0.10023439668020068,-0.22485926811324272,-0.22112829950298704,-0.4660546508565234,-0.7910682597479163,-0.26403600355210183,-0.10826409251941274,1.2502821328075124,0.04820472807728505,-0.5696008087220858,-0.39960325510201306,-0.07617516788719629,-0.6992004034990842,0.12214944469431245,-0.04195727479570725,-0.7036964187794109,0
-0.5605016778429365,-0.17934094905293926,-0.8790386569529866,1.0385308760612593,1,0,0,1,0,0,-0.34411449859924853,-0.27917691395844146,-0.579210432367824,-0.09581954762553238,-0.3881762831724853,-0.14065519811209928,-1.3096588419219355,0.24471438545531457,0.14736869527055213,-0.8163225774027114,-1.4725957342651201,-0.6521186775584508,1.4949536887466333,-0.2310149259226679,-0.5194877605661639,1.145097794536756,-0.1482417912614211,-0.1744470888040102,-0.31054414497595056,-0.5814181964513455,1.5902851083074239,-0.8562896084242562,0.9492549073837645,0.9558051147031751,1.7441329474952776,0.5814181964513455,0.3105441449759499,-0.28608496734615396,-0.5596729573423944,-0.2821865846279648,0.33072225315718967,0.2567835470898098,-1.2536794960168407,-0.22015379130249568,-0.09793149585751397,-0.35630847989348147,0.8894542340524437,-1.0899443568808573,-1.2994581215440402,-0.6978274965312384,-0.3130987707090945,-0.857816301083085,-1.7711003996191523,-2.1017172350134863,-0.8274130302866491,0
0.6217103905899984,-1.6996391413691911,-1.168717627632051,-1.161438585374874,1,0,0,1,0,0,0.43825959565696476,-0.5658426485887058,1.5060781386648334,-0.6738905514533396,0.38711260192787567,0.08562430560989455,-0.20714478254124133,0.29510808307078695,-1.4984602149789077,0.061335941063982755,-0.15185967958768795,-1.3064312020215199,-0.6019988197273867,-0.9534064596581547,-0.5405654432016443,-0.11947788493158876,-1.153041195142661,-0.3104207381648237,-0.7497849732599842,-1.0381887348318013,-0.6645926382580792,-0.9465716996633928,1.928381560637573,-1.2261968107732866,-0.10564041138543083,1.0381887348318013,0.7497849732599834,-0.9266927806649233,-0.5596729573423944,-0.20940570944885942,-0.23777976860790415,-0.6649035856248688,0.4790951633358572,-0.5463906304141645,-0.26403600355210183,-0.17027518936292965,-0.47058938433204756,-0.6852691266735177,0.9570174039305009,1.9300035004103369,1.1761353041714093,-0.2233527107470814,1.439192814651505,0.9415317152181866,0.5747085667953888,1
-1.0231064002732158,0.4648532002336079,1.7280720791585935,1.0385308760612593,1,0,0,1,0,0,-0.6974447347149578,0.1976301902947366,-0.08027635709007157,-0.44300933971430556,1.1163147015386627,0.4943584289338122,2.6100161838115987,1.260840120784765,-1.7955084460436863,3.424586211294783,3.0434934445695845,2.2414122740670592,-2.7658159473900934,2.134359221777809,0.8493079624229121,0.011181703929369137,1.5587400128568798,1.5447136700840995,1.4363050701404856,1.6325091290815739,-1.4966644524157422,-0.8797245622881167,2.465756729720322,-3.0807751211855403,-2.448578291251512,-1.6325091290815739,-1.4363050701404863,1.9978211497033713,0.7912135143113154,0.018034525485845748,0.020630241285320403,0.6493539925053206,0.3215701943037938,-1.1173050988595852,-1.648240234340335,0.3258135853852078,-1.497561096173398,-1.1658209625447336,-1.564031397441998,-0.32180562690308556,-1.4638705558440304,-2.6025911745070953,-0.28942660841731066,0.6260729825722207,-1.7552876165909395,1
0.030604356373531493,-1.3131226517972627,1.4383931084795292,-0.8681093238500562,1,0,0,1,0,0,0.31207022561564,-0.5565390953349852,0.21396681550962854,-0.5350146346178304,-0.06399026245025044,-0.014546858093122488,0.6706736054036954,-0.7903266217548867,0.1709425408256894,-0.02646266844015727,0.48995521227642047,0.6762066681700656,0.02987570426435654,0.44392872253973975,0.36857501102886625,-0.24832711567673363,-0.06369716640646951,-0.30769995018226787,-0.47959406901947754,1.3979208031972914,-0.4890196254104591,1.4539784460893477,-0.4832289825971108,-0.027411662013348746,-0.9373748844058168,-1.3979208031972914,0.4795940690194761,0.4102278732177254,0.340918023760079,0.00893691608845806,-0.12149526415595328,-0.135786898325702,-0.024984737566746233,0.2692014673650073,0.5664865349208381,0.139780294854656,-0.5498922192232715,1.1213167224663911,-0.45490894527863496,-0.62002986833231,-0.5887037780733438,-0.7671786453207986,-0.4422977138587703,0.2522941480925468,-0.36789418754547737,1
1.3156174742354179,0.05256894469021735,-0.8790386569529866,-0.4281154315628296,1,0,0,1,0,0,0.16064298156605036,-0.5379319888275442,0.08603500133584588,-0.5049248526368034,-0.0543399532820685,-0.02349071199517758,0.7348959612030525,1.2069787281739868,-0.8385155087159941,0.10802284308860736,0.16522994845633698,-0.9150656977535788,-0.7536905085684114,0.062414949761651906,0.4276707345583286,-0.3672433919072318,-0.34485838725680473,-0.5090715104616012,-0.8856385367838302,-0.3696749546284684,-0.959526441015146,-1.228185029518097,0.7772345988015213,-0.48788756551283013,-0.7118162725254257,0.3696749546284684,0.8856385367838302,0.27096530510494976,0.7161642658861095,0.855014590045561,0.5116092600824467,0.3421249482670949,0.6996301199807459,0.10608304780917345,0.6218547041523672,1.0079356506638961,-0.9146852597229018,-1.1658209625447336,-0.0951935553878152,0.31354167005482897,0.09305597698558829,-1.0798785577006862,1.0276167615398821,0.9044189231421907,-0.332546584257695,1
-0.2263982671988458,-0.8235350983394863,-0.4445202009343899,0.3052077222492148,1,0,0,0,1,0,3.0756174295206518,-0.755402546133262,-0.5664172509504457,-0.1044992924277517,-1.723530262202163,-0.500198124974714,-0.07753037358196338,2.039271034284716,-0.3866917758787177,-0.28814817912423896,-0.6954900858876858,-0.2691824320950336,0.6782559639972422,0.13096158053797635,2.1357908292513947,-0.3700517131177374,0.40176214345869227,-0.03569136989105592,-0.6392523306161405,0.266869946255213,0.23866313996458424,-0.6593751259577928,0.15675432784522245,0.7876500643563632,0.8693254980148645,-0.266869946255213,0.6392523306161398,0.02029268250195297,1.7668537438389946,-0.3549674598070702,-0.4832692780064673,-0.3064697006802721,-0.24551969421163483,-0.5463906304141645,-0.319404172783631,-0.6043528672675491,0.27882240539001907,-0.5588081172337243,0.24236545179233895,0.28760912732185256,0.600749411603942,0.28421816152172197,-0.7833178721512579,-0.7656567202776299,0.40975308478573785,0
-0.6890029896291251,-0.7204640344536393,-0.8790386569529866,0.3052077222492148,1,0,0,1,0,0,1.7380101070826095,-0.6989997545325811,-0.4768649810287978,-0.22312247139141586,-1.273166344571222,-0.3651459310536821,-0.5405142660349804,-0.5661936793281752,1.4458342759505558,-1.5391668064431767,-1.4935434077017011,-0.6208940029269302,1.792472182896945,-1.0657508962550513,0.8748009457708555,2.1074069278495995,-1.3127078075063146,-1.3834830288619016,0.11588809585456525,-0.9617617689328484,-0.31328749368052305,1.6534749771937636,0.14123683398013348,0.7776564656190902,0.5909776731801856,0.9617617689328484,-0.11588809585456596,-0.968471551098756,0.9413120111617277,0.3091580262022686,1.396663543966741,0.692024693093963,-1.9782943535643327,1.2071323798110556,1.2585886503149546,-0.790386157798101,-0.49834537654397587,1.0346006017076752,-0.9436526815433369,-0.7367263106307022,-0.4146374576327655,-0.794369942049485,-0.6186874509066087,-1.0440026608476,-1.198562864808365,0
1.110015375377516,-0.2824120129387873,0.5693561964423357,-1.6014324776621007,1,0,0,1,0,0,0.009215737516460692,-0.4838550855402935,0.20117363409225028,-0.5350146346178304,0.1296687527136344,0.04135222879472184,0.4529036814807264,-0.8128891570234998,1.0411107795447005,0.04042857143588818,0.11916538781402905,0.4205512070670092,0.18367015916110666,-0.07482867844393001,1.714184682697936,-1.4931846114681133,0.29051800054397164,-0.45653613671409954,0.3041828515459608,0.2718968389527333,-0.7045415278187224,2.8329484635185502,-2.9237398454056622,0.23345628450567155,-0.6006395203504923,-0.2718968389527333,-0.30418285154596153,0.10385022336961848,1.9920014891146134,0.7549408866742913,-0.21193876761858224,-0.08458205761933026,1.3297299961089997,1.0847935651441794,1.009431888773073,0.3258135853852078,-0.5261013687559044,3.2350221659600846,0.8718673841012752,-0.944186652494511,-0.8038690908401701,2.7586261638321354,0.8629863402952329,1.127095675598167,0.9664778365683122,0
-2.282419255777864,-0.41125084279609675,0.27967722576327125,1.0385308760612593,1,0,0,1,0,0,1.5361071150164898,-0.6838814804952853,-0.8094876978806327,0.9602160699778194,-2.5457641953933066,-1.2680279824661436,-0.4738872795431051,3.751554947960465,0.08939800318728879,-2.711818141721208,-3.0669096520347185,-0.6578098744124729,3.545304406770245,1.112934895745779,4.1345181526766135,-0.05807160880339866,-1.606274235902843,-1.764080323046697,0.6912331826893887,-1.582730866861833,1.770983232417428,-1.0072573783152114,-0.18056643165067035,2.070737321266612,2.264851667424091,1.582730866861833,-0.6912331826893894,2.304198799551478,6.570005643052185,3.2658810803534357,2.721014844669517,1.673450806632741,1.6447799341731264,4.673398795372537,4.442258381127891,2.00011320016017,1.4723300705029398,-1.0140677512169813,-0.350643614875499,-0.38663698373552574,0.4145951522438788,0.5697267771729232,-1.4418395571298541,-1.9903788587854983,-0.332546584257695,0
-0.3291993166277972,0.7740663918911503,-1.6032360836506476,-0.8681093238500562,1,0,0,1,0,0,0.7158762097478791,-0.6042198057603031,-0.2721740783507456,-0.34174565035508003,-0.6587438395739925,-0.2005790192558684,0.11794385793559302,1.0056022107461375,-0.9851325843103044,1.2273948220727091,0.7700701322533333,-1.4096818152485102,-1.4746055262853752,-0.08111225980043364,0.39796627996728584,-1.71061044259535,0.9675473483513959,0.22662383411705755,-1.6504213207283431,-0.28577009270635834,-0.24505021980727043,-0.9815467100805075,-0.37228927927702177,-0.6987278314619114,-0.7798748215920043,0.28577009270635834,1.6504213207283416,-0.14682239923337803,0.26586877533487285,-0.2639913658331881,-1.077612300760884,-0.6990401460957827,0.9201650766256344,-1.1173050988595852,-0.5408768497097485,0.139780294854656,-0.49834537654397587,-1.1658209625447336,-1.1991027410310207,-1.1775795370912954,-1.3284856399458025,-0.794369942049485,0.6160407084282594,0.514734606344233,-1.2604211705619852,1
-1.100207187344929,-2.1119233969125806,-0.4445202009343899,1.0385308760612593,1,0,0,1,0,0,-0.11697363252486404,-0.4361743751149757,1.9410463068556945,-0.7010870851669603,0.8747545472178624,0.20636633328763831,-0.3756277706678657,-1.083649278676606,2.1081348945500573,-0.6281269851037887,0.1893991353434923,-0.04619591916700791,-0.1502901210199267,-0.7150287831474625,-0.9697087169754133,1.519475256879521,-0.8773599200495925,-0.5180844600597138,-0.19575715951429745,0.13114384342216406,-0.19212877628633473,0.5159097378971642,-1.3549649282581766,-0.021416044661397175,-0.7520367902422355,-0.13114384342216406,0.19575715951429676,-0.7595776989295921,-1.009968447893631,-0.5187244289600577,0.29196075167320634,-0.08458205761933026,-1.442709458855317,0.02452383803125581,0.12354118106860354,-0.4183195767369984,-0.3040534310604773,0.27583454506891375,-0.5148615102604385,-1.0868156375258795,-1.0238695791747903,0.09387908442092041,-0.04248097655033679,0.013711913318286572,-0.9511296417938885,0
-1.5114113850607322,-0.978141694168258,-0.8790386569529866,-0.8681093238500562,1,0,0,1,0,0,1.3720609339627678,-0.6739964551632072,-0.3233468040202586,-0.30529072218575887,-0.9507380743125019,-0.2824152824596725,-0.26755117580108356,-0.8760475492826582,2.63079530372033,-0.7613329620229007,0.48476052047563284,0.4564710497103946,-0.4738929621015523,-0.7354903626348483,-1.0421961915195845,2.6216541670819815,-1.1595189273366708,0.13551598741082027,0.8686312511301267,-0.2389258302200081,-0.3628568814569784,0.15835348842264577,-0.9618757057967096,-0.12124740523318056,-0.49790743257261927,0.2389258302200081,-0.8686312511301275,-0.7874302125521474,-1.0850176963188372,-0.5824076947417753,0.7570987694810098,0.20557870638343811,-1.537224440274555,0.5138790966987595,0.12354118106860354,-0.5423417704240322,-0.3595654154843339,0.12408133374116129,-0.058700689746716966,-0.5422322401333817,-0.5500223735309933,0.41111087958892223,1.1099319721622063,1.0714264874841732,0.038603250264021984,0
-1.460010860346257,-0.87507063028241,-0.15484123025532542,0.3052077222492148,1,0,0,1,0,0,0.1858808555743153,-0.5390949329842593,-0.38731271110714993,-0.26941444366991896,-0.5270806951454748,-0.20639252429220423,-1.8296306143707362,-1.9034578120735284,2.4679764611166246,-2.2415243066967028,-0.7976039468840727,-0.192396442794749,1.0197991935197015,-1.2220158312412481,-0.6524521142666639,1.677534879313638,-1.8804650250825803,-1.192532855476779,-1.4375436385994584,1.163332477313009,1.3231220874270233,1.9589433780530616,-1.6880457271841027,1.1635177979962659,-0.1273520313143098,-1.163332477313009,1.4375436385994576,-1.130944547230328,-0.5596729573423944,0.20301924989940578,1.062883947854659,0.13730558544161034,-0.9806362163612644,-0.35608580759902425,0.3819259708157405,0.2431321229271842,1.3613061016552261,2.020996475338066,0.34272083230535716,-0.62002986833231,-0.1607907403235886,0.9186817518577256,-1.1948939252628807,-0.8769950965056176,0.5953280020465953,0
0.13340540580248203,-1.5708003115118816,-0.4445202009343899,1.0385308760612593,1,0,0,1,0,0,-0.4955417426488382,-0.15648630542500175,-0.4128990739419065,-0.2607346988676996,0.1595303157228117,0.081152378658867,-0.7095975102985421,1.0370961615381107,0.07147974016225299,-0.9489797950001141,-0.910769713724955,-0.023735644549154132,1.6120350631659408,-0.8308488924615401,1.2608099609451737,0.09425633923220036,-1.1839819954304276,-0.9927651325841642,-0.25948267924543644,0.22497917377587734,0.15653818783508225,-0.16039528781656823,-0.0029966685056105977,0.10799420058942635,0.21480330775377782,-0.22497917377587734,0.2594826792454358,-0.6481676444393714,1.6167552469885829,0.9368930746220554,0.8475422729436388,0.2738518273252659,0.4790951633358572,1.4925896140337656,1.839954427246013,0.8219023601333442,0.11228645211844858,-0.17942508891434333,-0.08607033897753999,-0.07544647093981212,-0.025405824425361403,0.062155904904119784,-0.8656330827735822,-0.8769950965056176,-0.1469716669968365,1
0.6474106529472365,-0.02473435322416849,-0.8790386569529866,-0.8681093238500562,1,0,0,1,0,0,-0.10435469552073157,-0.4414076238201935,0.23955317834438508,-0.544273029073531,0.2479982171353719,0.081152378658867,-0.6352656630911833,-0.28784474572847435,0.9031104043965792,0.7455284590796648,1.2644494260272612,-0.0969638429314796,-1.520790583289152,-1.0774426034027174,-0.48454005862001714,0.9989703050142386,-0.529335915638795,0.17243458073357867,-0.40749033797582196,0.2718968389527333,-0.19321558559189414,-0.09032564696572352,-0.2307133609774011,-1.5320412835599286,-1.475497375047646,-0.2718968389527333,0.40749033797582124,-1.0938078624002545,-0.6347222057676005,-0.6824813981130464,-0.10857476366129187,-0.3064697006802721,-0.7811045889206503,-0.5463906304141645,-0.4301405112466897,-0.6043528672675491,-0.4150773999081907,-0.4070549059059717,-1.0075151964152582,-0.9571529238609991,-1.4131012123821949,-0.826093121566285,0.8629863402952329,1.127095675598167,-1.0129879475475077,0
0.46750881644657266,-1.2615871198543382,0.5693561964423357,0.3052077222492148,1,0,0,1,0,0,-0.7731583567397526,0.6221048074957366,0.4954168066919504,-0.5720482124406329,1.999079240362551,0.9205330673667375,0.8086974116352899,0.1471402067702246,-0.3341016509183826,0.41841351772434743,0.07816577311110039,-0.5631072020877008,-0.14436928940054278,0.56956414809278,0.7851397265599285,-0.5834222033770715,0.5793072383322649,0.027019240183197204,-0.9609518129377761,0.1850492459657866,-0.5554116509519358,0.584581190864834,-0.12955490009416568,0.009181472351105079,-0.07524030411808323,-0.1850492459657866,0.9609518129377754,0.6330479821981672,0.8662627627365218,0.33645085439443295,-0.031051760693324323,0.20557870638343811,0.3845801819166189,-0.5463906304141645,-0.1532996650890431,0.6978801664463103,-0.6787593259215104,0.19995793940503753,-0.8524205174405927,-0.7821082604134105,-0.7277150756474172,-0.5802384803110835,-0.6186874509066087,-0.6125664529641461,-0.76555472453303,0
-1.8455147957048228,-0.9008383962538722,1.4383931084795292,-1.6014324776621007,1,0,0,1,0,0,-0.29363875058271866,-0.3152281828166086,-0.7839013350458762,0.5927735400172011,-1.3077377668943095,-0.7005404523807481,1.2399642843341083,0.6581761746212339,-1.1680017108449718,1.1129884975554964,0.09081122758336138,0.16237214659178595,0.09957520494393955,0.5472984447901835,0.7354731619824463,-0.3654140648046765,-0.008082433350623194,-0.6935420114491533,0.18806775220293484,0.03493293508481349,-1.1773463640305144,-0.16658658692819847,1.229491572283379,-1.5115900587234345,-0.7951678306065777,-0.03493293508481349,-0.18806775220293553,1.106540713781605,1.4666567501381707,1.892142061347817,1.3643622927300878,1.2979486414526862,0.9201650766256344,2.145063292257104,2.227531611866718,1.938102103316653,-1.1367331974183288,-0.2553016945782196,-0.31415074923440073,0.3394742127878045,-0.3130987707090945,-0.857816301083085,0.4514102871836102,0.514734606344233,-0.6418381130257917,0
0.08200488108800677,-1.1842838219399534,-0.4445202009343899,-0.4281154315628296,1,0,0,1,0,0,-0.15483044353726144,-0.389656608846373,2.977294001663334,-0.7456431084850195,1.1175126584797501,0.2765755864187708,0.8723216330550229,-2.5313695058237786,0.7767126278196473,-0.6295935709147878,1.5108816660724695,1.8372108263903633,0.32422487197024213,-0.3607718065162374,0.6644327108575164,0.3057233729757391,-0.6818386235626024,-0.4160658800972306,-0.16027754582615011,2.664697762972419,-1.5734634036524995,4.139998192462121,-0.7545696762655897,0.17444078883573808,-2.370427514043952,-2.664697762972419,0.16027754582614942,-0.48105256270404034,0.340918023760079,-0.6642861793182697,-0.4186667755331612,-0.6478353053894121,-0.6235796198885869,-0.05703537174666111,0.012804842605544792,-0.8523972546416179,-1.5808290728091832,2.096873081001942,-2.084054732827641,-2.0463197186459943,-1.870025303538713,-2.761207072091096,-1.853415610241477,-1.0996718489615938,-2.3120123683735136,1
-0.4063001036995106,-0.23087648099586283,-0.4445202009343899,-0.4281154315628296,1,0,0,1,0,0,-0.4198281206240434,-0.2617327516077154,2.593498559141986,-0.7340701154153937,1.3723422584470466,0.3660141254393217,0.6734296452790183,1.1973745097416049,-0.5830916157820808,-0.7527326233277813,-0.5117652753977813,1.5595273576201487,1.5098830444784541,-0.26325415938222024,-0.26893998178854,-0.004493544117790892,-0.46317347495188876,-0.3299052902853805,0.7351254882829744,1.3979208031972914,-1.1994607690812387,-1.9128522616582928,0.7925901939762271,0.5576183226509545,0.34323161710613465,-1.3979208031972914,-0.7351254882829752,0.02029268250195297,0.11577027848446049,1.2644070129280303,1.06719078135288,0.8029685146244333,0.9201650766256344,1.8188264531454346,1.5077454118568363,0.5738579727592754,-1.0257092285706153,-1.6969572021918669,1.0178388466656656,1.3249108366408955,1.5145975939169787,-0.2233527107470814,-1.0302635040182315,-0.5429799678216537,0.7809029193074537,1
1.2899172118781799,-0.3854830768246345,0.5693561964423357,-0.4281154315628296,1,0,0,1,0,0,0.1480240445619179,-0.5326987401223264,0.38027817393554597,-0.5587392704105633,0.132205860446313,0.02212294290530339,0.674482310448285,-0.8290690139679754,1.568982299987867,0.152848213381859,0.8269121144469492,0.8882161231494257,-0.30889158929500304,-0.09635096182097988,-1.4911106300885573,0.5172070707881264,-0.6195838655555181,-0.6918925800513818,-0.18804420001687264,1.3979208031972914,-1.034156817181014,-0.3558386554241211,-1.6251081384192922,-0.8208568304452976,-1.7505246860562687,-1.3979208031972914,0.18804420001687194,0.15955525061472892,-1.2351161931692491,1.0824548249802661,1.2222367872888142,0.8712416355662611,0.006520256239666901,1.0032343553662626,1.2309045656991897,1.13195784435093,-0.7481493064513315,0.19995793940503753,1.8845444056417364,0.5469345546516133,0.1607484349347019,1.6800380602609295,0.6160407084282594,1.6837875567381073,1.0901944480755505,0
-2.0254166322054865,-0.9008383962538722,-0.15484123025532542,-0.13478617003801185,0,1,0,1,0,0,-0.1295925695289965,-0.40128605041352367,-0.029103631420558513,-0.46441937689311324,0.08680674104087419,0.050296082696776934,-0.3301488231007481,-0.5372716602651185,0.7624006417497836,-0.1255497926568464,0.6286945952500336,0.6679527150666882,0.14737748286210714,-1.3870902069304674,-0.18705077074808812,1.8146966858957285,-0.9754664908364772,-0.44729605763676894,-0.22109974072011698,1.1302918680335317,-0.926884215944514,0.550038858973716,0.7813679427993435,-0.7976462042944177,-1.254031305918314,-1.130291868033531,0.22109974072011698,-1.3444804850032512,-0.3345252120667762,-0.5187244289600577,0.4340862571144791,7.593435579547688e-4,-1.537224440274555,0.5954383064766764,0.7879592118469556,-0.29429738304996345,-1.0257092285706153,0.04820472807728505,-1.1626098753899237,-0.6459624110652865,-0.8884846632765624,-1.9364044046542914,-0.4540570296619595,0.06938110143228039,-1.198562864808365,1
-0.38059984134227254,-1.3646581837401863,-0.15484123025532542,0.5985369837740325,1,0,0,1,0,0,0.3499270366280375,-0.5611908719618456,-0.3745195296897717,-0.2723076919373254,-0.6075072738961123,-0.22114988323059512,0.016179672542622925,0.2806392732558489,-0.3883891821805489,0.156120718478369,-0.1363316101612786,-0.15500500452678537,-0.01682508134922189,-0.6626234865376707,0.24103590199475503,-0.5271756177658635,-0.6442369237438149,-0.9069720776798335,-0.7896550408158974,0.5717619163874261,-0.6845838088214695,-0.14372173453894604,0.0011803679235051364,-0.8497233241972151,-0.7082439358814824,-0.5717619163874261,0.7896550408158968,-0.6760201580619267,0.11577027848446049,-0.2912841940253525,-0.5091102789957901,-0.71610842633123994,-0.15100471279239655,-0.38327221085833024,-0.04256332662598434,-0.6663639641110671,-0.7481493064513315,-0.3311783002420958,-0.6243401071837319,-0.5292659687668935,-0.8038690908401701,-0.5088613263982832,-0.28942660841731066,-0.04195727479570725,-0.7036964187794109,1
0.9815140635913272,0.7482986259196881,-0.15484123025532542,0.5985369837740325,1,0,0,1,0,0,-0.7479204827314877,0.5552355184846202,-0.15703544559434116,-0.3886162722870644,1.3456877201930844,0.7273458230823474,-0.5821013937655758,0.7387953169924439,0.6215997616000447,-0.05671462747338113,0.06710340368357498,-0.7583826665790532,-0.3862747956875918,0.2212399942601588,0.8647910577482615,-0.14992919443108432,0.6752913674877775,0.7632666792182721,-0.1984048918790851,-0.8375679493470506,1.0304865534234984,-0.14769106076272157,-1.00041207910939,0.7462251632253698,0.6579436432092524,0.8375679493470506,0.1984048918790844,0.7723105503109431,1.6918044954137887,2.064996639898192,1.6486133036126354,1.9124067299291387,1.9283248784308402,-0.22015379130249568,-0.1532996650890431,2.6822352654388593,1.3613061016552261,0.19995793940503753,1.099947794358136,0.3394742127878045,0.6345956405784983,1.9655466759121307,0.28677986593896093,-0.09762646290970158,1.1520527538291696,1
-0.8175043014153137,-0.7977673323680251,-0.4445202009343899,1.7718540298733036,1,0,0,1,0,0,-0.3188766245909836,-0.3053431574845305,0.2651395411791416,-0.5489022263013813,0.49146891075867594,0.18937301087373362,-1.174276270932954,1.48169049416898,-0.9575664665192467,-0.2866329501456249,-0.695703746137665,-1.1215313368235809,0.17274359254514723,-1.633812263749703,1.4690825735950086,-0.3281375825748119,-1.330531057258537,-1.1996407779693352,-1.182090420044798,-0.3572520928766799,3.7377647013899396e-4,-0.5619720307763083,0.9792788133784694,-0.9321091968505523,-0.2667667858144162,0.3572520928766799,1.182090420044797,-1.5023113955310639,1.7334985223166808,0.7387673588567135,0.4383930906127002,-0.14716575181600602,0.6296190226331623,0.051710241290561454,0.7510470990259361,0.484286388429751,0.25106641317809053,-0.2553016945782196,1.0543317123067637,1.4675398216722642,0.9222885868622325,0.28421816152172197,0.8629863402952329,0.7374113588002092,0.904619530814692,0
-0.12359721776989524,-0.6173929705677911,-2.327433510348309,-1.6014324776621007,1,0,0,1,0,0,0.6149247137148194,-0.5885200596446497,0.36748499251816774,-0.558160620757082,-0.13017425702917984,-0.02125474851966381,-0.27572603535169393,-0.27000233258122713,0.5013418910468544,-0.23344122365806558,0.35456336889512136,0.018018147140650736,-0.6900538026683167,-1.2542295791407534,0.3064525562272073,0.14872512065098975,-1.8721182735093762,-1.8467808234447263,-1.195024760224781,1.2097856111514802,-0.8698076532686615,0.6775841183962111,-0.535896756855531,-1.5409964004902987,-2.2639717720195565,-1.2097856111514802,1.1950247602247803,-1.2609229441355856,-0.03432821836595151,-0.8644335860608106,-0.6641562849317252,-1.2964299543367779,-1.0646495331783645,-0.13859458152457876,0.5111183656893089,-1.1004416420156866,-0.8869292675109735,0.4275877563966659,-0.48749186102961545,-0.671894953798262,-1.176177609560296,-0.9529858396334858,0.7806711296729086,1.739456744852101,-0.5181215015185524,1
-0.7404035143436003,-1.0812127580541053,-1.168717627632051,-0.4281154315628296,1,0,0,1,0,0,-0.5081606796529707,-0.13671625476084556,1.058316789056594,-0.6356996743235747,1.1423562543056085,0.38613779671894566,-0.13290049411058852,0.6327601751941074,0.9798205267302184,-0.7303008081352121,-0.9906438852038842,-1.1218613102018822,-0.10830037666377433,-0.872570617464643,-0.241195080577924,1.899479303350145,-0.5989265036589492,-0.009050052266923281,-0.29127919636700184,-1.2411978630008915,-0.6870609075671908,-1.1101071352536527,0.569346030559058,0.39270400804653915,1.2790499539162676,1.2411978630008915,0.2912791963670011,-0.7317251853070371,-0.03432821836595151,0.6548671833030202,1.6227723026233125,1.2467438007463156,-0.8756195703398886,0.2692014673650073,0.4557501964577793,0.8839134569768611,0.08453045990652028,-0.17942508891434333,4.530277164621321,4.307153250933144,4.306911484317924,3.900660626436942,3.4970730802096184,2.7971713190179877,5.110984322060808,1
-0.09789695541265715,1.0059762856343069,-0.15484123025532542,-0.4281154315628296,1,0,0,1,0,0,-0.43244705762817587,-0.2355665080816264,-0.6047967952025805,-0.07556680975368728,-0.3206926294202451,-0.1227674903079891,-0.2522878749189949,1.0215112138623295,0.9087573855034867,-0.634618464248029,-0.5003683695475402,-0.6216062654262482,0.8103592522351296,-0.5796058797084808,1.3993190781547817,-0.24281304379331747,-0.9203855650718497,-1.1779068847494105,-0.5666803935267488,-0.28577009270635834,-0.22832293427427186,-2.4906501894361754e-4,-1.4863054817475012,-0.055309968228266476,-0.499493425549935,0.28577009270635834,0.566680393526748,-0.6481676444393714,1.0163612595869336,-0.555114866549611,-0.5866332819637576,-0.8867912286858101,-0.6235796198885869,0.5954383064766764,1.009431888773073,-0.6663639641110671,-0.1375174777889068,0.12408133374116129,0.38833691435672935,-0.47740088330094144,-0.4654068010946016,1.2041903675089267,0.6160407084282594,0.514734606344233,0.22417816752487937,1
0.9815140635913272,-0.2566442469673251,-0.8790386569529866,0.5985369837740325,1,0,0,1,0,0,0.6654004617313493,-0.5960791966632976,0.06044863850108935,-0.4864080637254022,-0.3420561883286101,-0.08252014774874118,-0.0056070330953961744,1.0067282745479318,-1.043990395360475,-0.817117242450441,-0.7632420048315514,-0.13876184209640077,0.6288903087030424,-1.0304016267194058,0.40913749901817176,-0.010076861619436227,-1.4980991258399838,-1.0466407743287205,-0.5702641928891875,0.3763264807979944,-1.0217684485565326,-0.9719011859777729,1.4170435702243402,-0.38161677033149843,-0.029589017240289787,-0.3763264807979944,0.5702641928891868,-0.9823978079100336,0.340918023760079,-0.09113678728281299,-0.08273376267196997,-0.6649035856248688,0.038025250046078915,0.2692014673650073,0.6218547041523672,-0.35630847989348147,-1.1089772052064004,-1.1658209625447336,-1.235595606672119,-0.4385020692014777,-0.5500223735309933,-1.7143421480366898,-0.5363722402842841,-0.4316415915936655,-0.8892713360402683,0
-1.2544087614883548,-1.3904259497116478,1.0038746524609323,0.3052077222492148,0,1,0,0,1,0,0.04707254852885811,-0.4885068621671538,-0.4001058925245282,-0.2676784947094751,-0.44903868727058277,-0.16882833790357282,0.5272700340164085,-0.1724690191846244,0.36079317610096684,0.12487089178049639,0.07350982254096704,-1.1845773362638023,-0.7675807468795053,0.5364861453764358,-0.2685628305428807,0.6564078045016896,-0.5797604908247881,-0.023819388646079954,-0.3224700655433951,-1.2958003181636137,-0.19713118223887446,-0.03232120661423027,0.16641018142388941,-0.7435730972176477,-0.1188213664628231,1.2958003181636137,0.32247006554339436,0.24311279148239442,-0.4846237089171882,-0.7916527108817039,-0.3669847735545164,-0.5624939042121272,-0.7180946013078251,-0.46483142063624716,-0.3747723420151606,-0.5423417704240322,-0.1375174777889068,0.04820472807728505,0.2514886682026129,0.30057539868834077,-0.025405824425361403,0.47455723862252236,1.6038232358961542,0.9600881112561845,0.10046155601764112,0
0.15910566815972013,-1.8284779712265005,-0.15484123025532542,2.2118479221605303,1,0,0,0,1,0,-0.6848257977108253,0.08947638372023524,3.0028803644980906,-0.7462217581385008,2.1119864025111803,0.6455095598785433,-1.647189458870369,0.1592466440616938,0.46154738407507045,-0.624388995029003,-0.4875195758268761,-1.6732713118725056,-0.15988016474346994,0.15250996595724023,0.5203968022682028,-0.22385442984666726,1.8999483961715369,1.5916012521506973,-0.10086982058087872,-2.182101039645461,2.442843200610899,0.3027510759379346,-0.8559028495164995,2.727465556584318,2.1876881679942244,2.182101039645461,0.10086982058087801,-0.06326485836571254,0.19081952690966666,-0.7370670544973751,-0.7287587874050313,-0.01630893667750248,-0.2140147004052217,-1.3619827281933365,-1.482135726645747,0.07776919801113909,2.0274499147415077,0.12408133374116129,-0.42362934615769415,-0.7756251247301669,0.22844089288381547,0.664896315723324,-0.5363722402842841,-1.32234860141757,-0.08511336124321738,1
-0.48340089077122306,0.026801178718756015,0.5693561964423357,-1.6014324776621007,0,1,0,1,0,0,-0.19268725454965888,-0.37221244649564694,-0.68155588370685,-0.01770184440555841,-0.8622998201831014,-0.2725770431674119,-0.17942020647375165,-0.4540263165934414,2.1641655049906703,-0.23215717094188995,0.5829114478934357,-0.7255983524959232,-1.1264959479470094,-0.10541301909085515,-0.8049876034412436,1.5535576789084153,0.19831635239180212,0.6951243845576084,-0.4914206069155262,-0.5022446364654003,0.14416071804197808,-0.18325354148664053,-1.397311102524267,0.5102764606832054,-0.07915976437487832,0.5022446364654003,0.49142060691552547,-0.06326485836571254,-0.7097714541928067,0.1817914946388332,0.9767472778902511,1.0248561576853752,-0.8126095827270634,-0.9541866793037505,-0.8730858650989243,0.5738579727592754,0.25106641317809053,-0.02767187758659086,0.4795690784594736,-0.3607044410025493,-0.14386762583630988,1.2359135470257274,0.7806711296729086,0.5704037944582268,0.2860364732784985,0
1.341317736592655,-1.3646581837401863,0.5693561964423357,-1.161438585374874,0,1,0,1,0,0,0.17326191857018283,-0.5385134609059017,0.44424408102243734,-0.5656830662523388,0.14862594350138947,0.023017328295508902,0.21006599426191866,-0.6230479974964075,1.6313386410585493,0.47245627647785376,0.957886213593551,-0.4763195692194152,-1.2919451260585122,0.13096158053797669,0.18642368668405968,0.7545185457703267,0.5132973099700383,0.45226380986838177,-0.33645217931212407,-0.31595390708670573,-0.16124661039416702,1.0419080865282,-1.4718761994869956,-0.12928112318952467,-0.803751406744658,0.31595390708670573,0.33645217931212335,0.1317027369921738,0.19081952690966666,0.06352257247278678,0.44700675760914055,0.6493539925053206,-0.6235796198885869,-0.709509049969999,-0.6516131881728072,0.20179139169817292,-0.16527347000083534,0.9587239960437993,-0.02220782410562002,-0.7756251247301669,-0.7700228618656133,0.6014499566897238,0.9453015509175579,0.848749735028197,-0.20882997275045564,0
-0.7404035143436003,0.05256894469021735,-0.4445202009343899,-0.13478617003801185,0,1,0,1,0,0,-0.40720918361991093,-0.2617327516077154,0.2267599969270068,-0.5431157297665685,0.5918732820097946,0.21844053605541267,-1.01379720497257,-0.9835490714721109,0.07037424672990962,-0.6810770844289634,-0.4775924125983435,0.5165477640943075,0.3877103751363721,-0.6273004854042264,-0.16620074221056316,-0.07473654670814663,-0.06310977373462573,-0.4772449971233985,0.9984793218444818,-0.28577009270635834,0.7829184383148845,1.183455712244967,-0.1713069747076061,0.857512630305555,0.15495667543760547,0.28577009270635834,-0.9984793218444825,-0.3139374809687093,0.340918023760079,1.6374089982209463,1.338521291740765,1.2467438007463156,0.7311351137871589,1.9819448727012692,1.5077454118568363,1.1939689411944467,0.8894542340524437,1.33810702436318,0.4978155112800227,0.3265079414213163,0.6684418695530556,-0.0012904541294803558,0.6160407084282594,0.514734606344233,0.40975308478573785,1
-0.5091011531284612,-0.4370186087675581,-0.4445202009343899,-0.8681093238500562,1,0,0,1,0,0,0.551830028694157,-0.5844497550961469,3.527400802610599,-0.7583734008616079,0.7373257745107276,0.1366042728516086,-0.7191954945520135,-1.2751668249448835,0.8720354931627374,-1.428281934114724,-1.5600687164301013,0.401787503499814,1.869681063272161,-0.09307660676310969,0.6670709923514786,-1.6069792749161593,-0.5947482886921069,-1.7423633718370886,-1.4375436385994584,1.9737285121859853,0.9070577935445692,2.4184635620725277,-2.806960927315677,1.3397745256964477,0.3270870281439634,-1.9737285121859853,1.4375436385994576,-0.3417899945912644,0.19081952690966666,-1.0372881646111858,-1.594432320547333,-1.689000399752289,-0.5920746260821743,-0.30171300108041293,0.4557501964577793,-0.9144083514851348,1.611110031562582,3.6144051942794655,2.158240897949969,-0.03654765684034838,0.49921072468027106,4.217892421604944,-1.4418395571298541,-0.8213259083916238,2.018069034379841,0
1.2385166871637046,1.6244026689493918,1.0038746524609323,-0.4281154315628296,0,1,0,1,0,0,-0.23054406556205628,-0.3489535633613456,0.07324181991846762,-0.5037675533298408,0.264688271328459,0.12095252852301216,0.8825844966483771,1.503579513127722,0.5210928531792244,1.6151370865303432,1.3081434784908068,1.3576165357444538,-1.0437460588773397,1.1309116180760461,1.9286273304691561,-0.2607994211273172,1.1544138469342369,0.8786127402579117,1.4117422606640757,0.45147824704345946,-0.09726166342191332,-0.13165354692105552,-0.974429653842578,-1.0372489944663321,-0.8428562568591664,-0.45147824704345946,-1.4117422606640766,1.245803281894381,2.067050737539819,0.5002078235474204,0.279040251178545,0.7517636739180628,0.6051151385615076,0.35076067714292497,-0.26403600355210183,0.5118468759157585,-0.026493508941193386,-0.02767187758659086,0.31535118307453414,-0.2569742700706454,-0.6346379459673855,1.0138512904081252,0.6160407084282594,0.9600881112561845,0.10046155601764112,1
-1.074506924987691,-0.7462318004251005,0.27967722576327125,0.3052077222492148,1,0,0,0,1,0,-0.81101516775215,1.3082418599576269,0.09882818275322415,-0.5153405463994666,2.3745208706292598,1.404395563467918,2.236284060219071,-3.2155216943667515,1.4297672960450407,1.8191114509784645,2.5536357498236586,1.1023334690992754,-1.9941646609775798,2.485419065061895,-0.5256115436037052,0.8423941595285757,1.6779221056055669,2.4737564413742668,1.0187373090415208,0.4930801176436292,-0.6262059779142196,3.886858332191137,-1.1080149010383424,-0.7937033735700696,-0.9047098541667201,-0.4930801176436292,-1.0187373090415215,2.3320513131740337,-0.4846237089171882,0.02713213488323473,0.459927258103802,1.1614023995690306,0.29006520049738066,-1.2804235184154193,-1.7036084035718644,0.5118468759157585,-0.8314172830871166,2.476256109321323,-1.4089367184673323,-1.657331577651353,-1.785409731102321,-0.4771381468814831,-0.20711139779498602,0.013711913318286572,-1.3222794763156045,1
0.46750881644657266,-0.7977673323680251,-1.6032360836506476,-0.13478617003801185,1,0,0,1,0,0,1.725391170078477,-0.6989997545325811,-0.8478672421327675,2.9652371192904843,-3.5088621052098916,-2.82917768106986,0.49708105731036817,1.3039996783203256,-0.484017358825627,-0.20135834587518725,-1.330397489769734,-2.1799743086663237,1.1857525391589037,1.1322098146702764,0.21068238022014682,0.12332824984303281,0.610526259926085,0.45530180219795613,0.25295560183580257,-3.2241032392254723,0.440087395912569,-1.5787234983564247,0.7856009415533112,0.8774095231360413,2.174095486742491,3.2241032392254723,-0.2529556018358033,0.8837206048011639,0.04072103005925432,-0.4277483349861756,-0.3023822710812103,-0.05044549714841698,-0.43454965705011084,0.02452383803125581,-0.09793149585751397,-0.5423417704240322,-0.10976148557697851,-1.6969572021918669,-1.682633210775566,-1.112748180258855,-0.7530997473783346,-0.635754044465484,-0.8656330827735822,-1.823371294443516,-1.3841377820692236,0
-0.7918040390580765,-0.2566442469673251,-0.15484123025532542,-0.13478617003801185,0,1,0,1,0,0,0.26159447759911014,-0.5501429024730524,-0.5024513438635544,-0.15657776124106768,-0.757591165151264,-0.3020917610441937,-1.1575907777587255,-0.2244120485085091,0.4793233858895998,-1.4860886385134873,-0.9787387079550718,0.1465800521729412,1.1532102843596912,-1.1491169000084573,-0.16979879500143913,0.28906093785505765,-1.4510664692909154,-1.2737731089935123,0.06934332478478145,0.13114384342216406,0.4614740885004219,0.13791187395532245,-0.36477276032580386,0.5687572044479086,0.028816733900909934,-0.13114384342216406,-0.06934332478478215,-1.038102835155144,-0.03432821836595151,0.41832933897092733,0.5116092600824467,-0.135786898325702,-0.11949971898598452,1.0032343553662626,1.0648000580046022,-0.046252995675895824,0.41760236644966076,0.12408133374116129,-0.0039613912850709025,-0.1921429132382052,0.04228663352375219,-0.0647368131630805,-0.5363722402842841,-0.5429799678216537,-0.2706882785040748,1
-1.7941142709903475,-0.17934094905293926,-0.4445202009343899,1.0385308760612593,1,0,0,1,0,0,1.1196821938801182,-0.6513190441072634,-0.579210432367824,-0.09581954762553238,-1.2965088863960141,-0.42685852297786225,-1.027271064897768,1.558892971258701,-1.8639890049605916,-0.8697739965486827,-2.304081675395876,-2.8068058064908272,1.1724198011126594,0.2792946522612797,1.1705123664242323,-1.6877313650140433,-0.07659804990285594,-0.8246596024770715,-2.7148097313727666,-1.1356331163529647,1.7075133480016969,-0.9670359326307991,0.8521281561356775,1.099055241112203,2.1902994277867083,1.1356331163529647,2.7148097313727657,1.1900982546492709,2.629920100728865,3.2886251038469063,1.5258685489133532,1.4174266031008858,3.456317078041856,-0.6279498401920818,0.981747804157308,3.550390621248098,1.0004782029001573,-1.1658209625447336,-1.2538420394926681,-0.6978274965312384,-0.2623294272472596,-0.4771381468814831,-1.7711003996191523,-2.213055611241474,-0.6418381130257917,1
-0.9717058755587404,0.6194597960623787,-0.8790386569529866,-1.161438585374874,1,0,0,1,0,0,-0.6722068607066928,0.014466485612113323,0.43145089960505906,-0.5604752193710071,1.338280866718863,0.44427284708230375,0.4562450684240638,0.8124357907221467,0.41356771301548056,0.9836489929413015,0.2613603363351739,0.6254054872209657,0.34334891860170824,-0.3174581385355654,0.36739307867279397,0.39462093178043406,0.012080783637197156,0.007095414159129852,0.13830413819877924,0.7158101325491454,-0.9516203054096473,-0.747047298363356,-0.16880493895080415,-1.3168672314654666,-0.3328539466942967,-0.7158101325491454,-0.13830413819877996,-0.17467491285593337,0.5660657690356972,0.6184767457134681,0.7441782689863493,0.7176271134471482,0.038025250046078915,0.4323198869208419,0.40038202722625016,0.5738579727592754,-0.859173275299045,-0.6346847228976005,0.2788583174334372,0.14498014229048395,-0.39771434314548676,1.0138512904081252,-0.5363722402842841,-0.26463402725168356,0.16231986177126023,1
-0.8175043014153137,1.3151894772918502,0.27967722576327125,-0.8681093238500562,0,1,0,1,0,0,-0.5460174906653681,-0.10764265084296887,0.15000090842273722,-0.5327000360039053,0.8009835159198396,0.32889713174579305,0.053676382512718994,-0.6727666947242674,0.3050091761277969,0.4935239760603638,1.0247844506560289,0.5727097457642204,-0.870513781221292,0.14527880182664554,-0.38498446758672306,-0.13998183600498224,0.7225195335303931,0.93983089197431,-0.2548898489945435,1.0339044354458178,0.07052255050531532,0.5377244136351598,-0.5576260070227892,0.049718949286707226,-0.4147080328875082,-1.0339044354458178,0.25488984899454276,0.29881781872750485,-0.18442671521636386,0.6366719645082435,0.459927258103802,0.7517636739180628,0.9831750642384596,-0.8726274695258333,-0.8730858650989243,0.8219023601333442,0.5008703430854462,1.1863538130354276,1.738572943077346,1.1174504947770867,1.0745966172477384,1.2993599060593275,0.28677986593896093,0.9600881112561845,1.9562107286262216,1
-0.27779879191332196,-0.7204640344536393,-1.6032360836506476,0.3052077222492148,1,0,0,1,0,0,0.21111872958258027,-0.5402578771409743,-0.4768649810287978,-0.22312247139141586,-0.6811912665684193,-0.2430623252906301,-0.16312104271650466,0.6700737876681181,-2.397478888994257,-0.23041778762519585,-0.7312354356064418,-0.5959363496405498,0.7606730919756739,-0.413529329080492,3.0144047802390466,-3.002339130674258,0.6822416538703838,-0.34268986593329004,-0.01835909107355938,-0.7945777810288902,-0.18636985244601706,2.100067232895307,0.2603726754277022,0.9877787111997539,0.6160719243358094,0.7945777810288902,0.01835909107355796,-0.17467491285593337,3.568035706043941,1.1097476531724306,-0.8450432918569822,-0.5624939042121272,3.0940096492681106,1.0032343553662626,1.1201682272361313,1.3800022317249987,-0.3318094232724056,1.5657368413548085,-0.6608329728248301,-0.4385020692014777,-0.0423289389126401,-0.826093121566285,-0.6186874509066087,-0.9883334727336057,-0.8892713360402683,0
2.1123256073097876,0.5679242641194551,-0.8790386569529866,-0.8681093238500562,1,0,0,1,0,0,-0.7353015457273552,0.40405277811166124,-0.34893316685501513,-0.2983469263439834,1.048156237724814,0.5413136619196015,0.5482490648721725,-0.8972848685965477,0.1574712332657513,0.4957017977426616,0.7127138396026236,1.6376135361757775,-0.37897818053810894,0.06225201337183649,-0.5964084499401576,0.005925393972026916,0.4299397070104405,0.7885658558838797,2.1547672473254718,0.0964376253461319,-0.7001521922987121,0.6340827490670191,-0.20931400169275227,-0.24334029493001602,-0.156681820950763,-0.0964376253461319,-2.1547672473254726,0.04814519612450831,-0.5596729573423944,-0.009258302706318612,-0.0052107597040024186,0.17144214591252482,0.41608517572303205,0.5954383064766764,-0.319404172783631,-0.23228628620644656,-0.6648813298155464,0.5793409677244183,-0.02220782410562002,-0.127311556405765,-0.21156008378542468,0.1890486229713212,0.12214944469431245,0.18071947766026855,-0.20882997275045564,1
0.8787130141623758,-0.41125084279609675,0.27967722576327125,1.0385308760612593,1,0,0,1,0,0,0.36254597363216995,-0.5623538161185606,-0.8094876978806327,0.9602160699778194,-2.09644720052824,-1.174564709189668,-2.0053680634217406,0.8536412131750729,0.755600649633428,-1.9627698541414271,-1.7158481828085854,-0.9685492226420211,1.196969607082758,-1.1010010077953132,0.22659442655742842,0.6032498153654973,-0.37831226070541946,0.13655204582766148,0.05260013630273529,-1.373153796310799,1.6884058739692878,-0.9446520326468901,-0.42672351356858496,2.276447483788886,2.3640031680230544,1.373153796310799,-0.052600136302735995,-1.0659553487776992,0.11577027848446049,-0.2548937564358004,0.08523274375862654,-0.06751377738387422,-0.30852968182446,-0.46483142063624716,-0.5408768497097485,-0.29429738304996345,1.2780381250194413,-1.0140677512169813,-0.615216890773458,-0.723760039264214,0.12690220596014448,0.5380035976561225,-1.6064699783745033,-2.1017172350134863,-0.45626319576493324,0
-0.3291993166277972,-1.4677292476260335,-1.6032360836506476,1.478524768348486,1,0,0,1,0,0,0.7158762097478791,-0.6042198057603031,-0.4896581624461761,-0.20518433213349593,-0.9624370876945189,-0.30611649530011853,-0.4511171802129429,0.16991530769533197,-1.3582323003428332,0.6702141087868068,0.040131069795803234,-0.37762787544528076,0.5113005367586781,-0.08497119835089534,0.3193216736281555,-1.755917037016225,0.5263207910506676,-0.041184467694693985,-1.4375436385994584,0.9106988955914741,0.5423872002887318,0.08667535049987711,0.09222177341224966,-0.38352533546255213,-0.09238097299007036,-0.9106988955914734,1.4375436385994576,-0.20252742647848845,0.11577027848446049,-0.4823339913705056,-1.258499307686141,-1.0233374705694662,0.7941451013999841,-0.7910682597479163,-0.2086678343205727,-0.10826409251941274,0.8894542340524437,0.5034643620605421,1.2550424733328,1.1174504947770867,0.8715192434003977,1.0138512904081252,-0.6186874509066087,-0.26463402725168356,1.4613442825972665,0
-2.1025174192772003,-0.6689285025107157,1.0038746524609323,-2.6280848929989626,1,0,0,1,0,0,1.9272941621445965,-0.7071403636295867,-0.1826218084290977,-0.3764646295639574,-0.9452503208692316,-0.25290056458289073,1.19214702343273,0.934771996359629,-0.5817500338666581,0.8168761383523081,-0.6913931405376001,-0.7544500687336562,-0.04602583203487487,0.07854275999144412,0.785139726559928,-1.3022000259392024,0.362031988974248,-0.6905875590608064,-0.7989105922128049,-0.2366301126415829,-1.579230455817098,-0.496468158569102,-0.5133136573399231,-0.7445622394202686,0.22462060488405278,0.2366301126415829,0.7989105922128042,0.12241856578465546,0.8162299304530506,0.21818193222838655,-0.5091102789957901,-0.3462956878963386,0.4370885049273071,-0.49201782389555315,-0.17175572149955282,-0.17027518936292965,-1.5253170883853264,-0.7105613285614767,-0.9162830323125138,-1.0090180093269512,-1.1931007240475748,0.41111087958892223,-0.28942660841731066,-0.4316415915936655,-0.8274130302866491,0
0.05630461873076867,-0.978141694168258,0.27967722576327125,-0.8681093238500562,1,0,0,1,0,0,-0.6217311126901629,-0.0436807222236401,-0.3233468040202586,-0.30529072218575887,0.5840829288699368,0.2023415990317135,0.6329416522032535,-0.6141830917821302,0.6461273916356783,0.8595447982703386,1.1087814775949145,-0.4493812514965723,-2.245224635042575,0.6090212239223523,-0.4597718170994893,-0.33157421951259014,1.4859885531797483,1.2828311388602072,0.5791922973583978,-1.1873382983846017,-0.2715939438317643,0.38239625509097547,-1.2164779034760467,0.312291243074138,-0.18903530024045775,1.1873382983846017,-0.5791922973583985,0.1317027369921738,-0.7848207026180125,-1.3193140559302208,-1.258499307686141,-0.71610842633123994,-0.5605696322757617,-1.4435419379712537,-1.7589765728033937,-0.9764194483286528,-0.22078545442469194,0.4275877563966659,0.19674936974096682,-0.47740088330094144,-0.33002188519637315,0.8552353928241243,2.180029710252426,1.5724491805101195,0.10046155601764112,0
-0.8689048261297889,-0.10203765113855341,0.27967722576327125,-1.6014324776621007,1,0,0,1,0,0,-0.36935237260751347,-0.2733621931748661,-0.7327286093763631,0.3005554650091503,-0.8725455858889013,-0.44251026730645865,1.7017346738419583,1.314706164049916,-1.583358853216698,1.0777524392003286,-0.268802932262187,-0.5176291650162972,-0.4090312603221725,1.2911760814991935,1.7358378799351502,-1.616740189822881,1.0783126431415466,-0.10819677506232091,-1.1234618125076608,0.40825130337297294,-1.0761755616219997,-0.06555118725627808,0.539836622240323,-0.3867376560780376,0.24382388476896286,-0.40825130337297294,1.12346181250766,1.6078859589875987,2.142099985965025,0.9914787310063841,-0.10857476366129187,0.32505666803163763,1.4557499713346498,-0.8726274695258333,-0.4855086804782194,1.3800022317249987,-0.9979532363586869,-0.02767187758659086,0.11464042204849642,0.37837302688726915,0.19459466390925928,0.12560226393772106,-0.4540570296619595,-0.32030321536567735,0.2860364732784985,0
-1.5371116474179702,0.1298722426046032,-0.8790386569529866,-0.4281154315628296,1,0,0,1,0,0,0.6780193987354818,-0.5972421408200127,-0.5152445252809326,-0.15310586332017995,-0.9932223085531113,-0.34099752551813334,0.7348223737580039,-0.8438913001491551,-0.5297300130414654,0.45505104219362474,0.5021169991561047,-0.6503201608037167,-1.2464449821316623,0.33636969449693027,0.21229790946828003,-0.6188343977947471,-0.4444591624605438,-0.3911183104190593,-1.3361733137761789,0.43824128821613356,-0.6856917628522938,1.3709426785206895,0.10228978426626023,-1.0554626978472557,-1.0346275956894906,-0.43824128821613356,1.3361733137761782,0.24311279148239442,0.11577027848446049,-0.2185033188462471,-0.4961897785011287,-0.6307670251539549,0.3215701943037938,-0.8726274695258333,-0.3747723420151606,0.07776919801113909,-0.5538573609678327,1.5657368413548085,0.5799244589724931,0.5469345546516133,0.05920974801103089,0.062155904904119784,1.1922471827845313,1.6281183686241134,0.5953280020465953,0
0.46750881644657266,0.8513696898055362,-0.4445202009343899,-0.8681093238500562,1,0,0,1,0,0,-0.00340319948767178,-0.4739700602082154,-0.46407179961141953,-0.22427977069837846,-0.508738654959726,-0.19118797265871057,-0.9699622902432876,1.4090847854060244,-0.21860530716253188,-0.7162249074181288,-0.8952135351621542,-1.199597542321286,0.4462480208149379,-0.03198825372740465,0.8535309485127884,-1.1962223299212125,0.3256059649844547,-0.20900954972399532,-0.8569681418843172,-0.7861774033115495,1.316793889865096,-1.0789645220781285,-0.9032473001167837,1.290438944132567,0.9597642947599256,0.7861774033115495,0.8569681418843165,-0.03541234474315745,0.7912135143113154,0.00893691608845806,-0.6124742829530796,-0.4600842227993849,0.6681251261743327,-0.5463906304141645,-0.2086678343205727,0.139780294854656,1.5278420549267964,-0.8623145398892288,0.7623887871779818,0.13201387092399572,0.65151875506577694,1.489698983160128,-0.28942660841731066,-0.6543183440496418,0.5334696962929761,0
-0.020796168340944693,-1.2615871198543382,-0.8790386569529866,0.3052077222492148,1,0,0,1,0,0,0.24897554059497767,-0.5495614303946948,0.4954168066919504,-0.5720482124406329,0.12634037797277042,0.019439786734686864,0.18465777673097106,-0.6176038341178683,0.13496807155626386,-0.8262983392944425,-1.0166404596937786,-0.49216894502305925,1.1030241504364453,-0.09519124070300958,-0.25218918155936476,-0.20638203747349088,-1.1843913066576937,-1.3066311925278344,-0.16027754582615011,-0.51229842186044094,-0.351885099719374,0.595043058643384,-0.39189991952761366,-0.05814639732782058,0.046011344171855484,0.51229842186044094,0.16027754582614942,-0.17467491285593337,-0.3345252120667762,-0.32767463161490584,-0.37990527404917784,-0.801449827508525,-0.43454965705011084,1.166352774922097,1.397009073393778,-0.23228628620644656,-0.4089094016388733,0.41072628847136017,-0.350643614875499,-0.4903671546674297,-0.4785692234735956,0.16437503890269836,0.25019532788459464,0.013711913318286572,-0.1813373924155138,1
-0.4063001036995106,0.0783367106616796,-0.4445202009343899,-0.4281154315628296,1,0,0,1,0,0,-0.4198281206240434,-0.2617327516077154,-0.16982862701171944,-0.38514437436617666,0.31288604435409906,0.09635693029236066,-0.1473798098784133,-0.7601738651907975,-0.10902842063800947,-0.3423490400152537,-0.5762053824163148,0.4669436629478392,0.8520696952418466,-0.5539220213916309,-0.21726714095748484,0.24633457888463706,-0.6110632233245359,-0.5073600536947075,0.47177165472146704,0.16895808102739213,-0.348537143852132,0.8257090342133352,0.3965879988487085,-0.14342836558779123,0.2537568745445836,-0.16895808102739213,-0.47177165472146776,-0.28608496734615396,0.19081952690966666,1.328090278709748,1.2739187892674588,0.9224464762726329,0.6366201323679207,1.6557080335896,1.5077454118568363,0.7598912632898273,-0.38732140769626244,0.6552175733882943,-0.2594114507727547,-0.02358138547386016,-0.07617516788719629,-0.1916295312302808,-0.20711139779498602,-0.15329565102369538,-0.1469716669968365,1
-1.0231064002732158,-2.034620098998195,-0.4445202009343899,-0.13478617003801185,1,0,0,0,1,0,-0.6469689866984278,-0.03786600144006476,-0.1442422641769629,-0.39671736743580244,0.8558495037350072,0.2774699718089763,0.5678277442847837,-0.036493528336514085,-1.3480416769128603,-0.11718842864822768,-0.3736819115017376,0.0016579508552229305,-0.365013581554646,-0.5703069314281782,-0.06664185594388441,0.014027393381732192,-0.6732639116106821,-0.5402780267867241,-0.30025191215747105,0.30004743805884815,-1.359422267049326,-0.016671835417724122,1.8569143095553617,-0.5092829631527556,-0.04167155018753133,-0.3000474380588474,0.3002519121574703,-0.48105256270404034,0.04072103005925432,0.33645085439443295,0.29196075167320634,7.593435579547688e-4,0.19555021907814235,0.02452383803125581,0.17890935030013266,0.38782468222872474,-1.3310251429018278,-0.2553016945782196,-0.7246954876967501,0.2487103132223888,0.025363519036474696,-1.6826189685198898,0.12214944469431245,0.29205785388825667,-0.332546584257695,0
-1.0231064002732158,1.1348151154916164,-0.4445202009343899,-0.4281154315628296,1,0,0,1,0,0,2.7349061304090747,-0.7437731045661113,-0.630383158037337,-0.0437410788122164,-1.824903007928108,-0.5382095040584483,-0.09715189497956844,1.5389216402669494,-1.747892905851267,-0.9003334549697856,-1.0083292992026316,0.5745239510448896,1.258963081837137,0.4399385649643298,0.6189384421689405,-0.9692872112349532,-0.4894263217871893,-0.13479115913545833,1.2589070016997488,-0.4649864905896614,0.5746735053827984,-1.4921793030232757,1.4153879874688156,0.7309856502593983,1.1792801409383455,0.4649864905896614,-1.2589070016997495,1.5382546749312107,2.067050737539819,3.720761550222846,2.398002332302986,2.014816411341881,4.243941923202173,3.042214599814193,2.365952034945541,3.2403351370305127,0.5286263352973745,-1.3934507795363622,0.014285041535478216,0.7414286251489338,1.0238272737859035,-0.7309235830158842,-0.7833178721512579,-1.0440026608476,0.16231986177126023,1
0.8273124894479005,-0.30817977891024867,0.5693561964423357,0.5985369837740325,1,0,0,1,0,0,0.4634974696652297,-0.5716573693722812,-0.5536240695330674,-0.11317903722997104,-0.9701959586297552,-0.35217734289570224,1.8734186868835776,2.2526249471759012,-1.6895704568551104,1.7929395928893728,0.8685913558529642,0.08886118135067751,-1.4048694197876996,1.4369056001483533,2.6876846546934434,-0.26780231394178655,1.3400051150429495,0.36459469720184595,0.5834470145228646,-0.4574595924329467,-1.1692951430529346,-0.3993349481551893,2.0405839167114976,-1.0934195851721826,-0.7732555434907333,0.4574595924329467,-0.5834470145228654,1.9421161224582606,3.4179372091935294,1.409968763286241,1.0284292798688959,1.605177685690913,0.5421051509486824,0.758556726032511,0.5111183656893089,1.13195784435093,-1.0812212129944723,-0.3311783002420958,0.16025650409986858,1.2082143943425034,0.6176725260912207,-1.5874494299694895,1.7684536571408034,1.6281183686241134,-0.2706882785040748,0
-0.6890029896291251,-0.3854830768246345,-0.8790386569529866,-0.13478617003801185,1,0,0,1,0,0,-0.7983962307480176,1.2704461748643872,0.34189862968341117,-0.5558460221431568,2.256255823845532,1.4066315269434317,1.5474834354449494,0.17439382346727664,0.4754127475658529,1.7761597802183453,1.824539491104346,0.7113638363415257,-1.4738509226716705,1.486043408009128,0.7166547752028374,0.03972673282020212,1.994047956659851,1.679498213819202,0.5581846313588362,0.41661470759684033,-0.6669763231424262,0.47856802578943797,-0.6099836170910452,-0.4222134548888236,-0.7322875790261448,-0.41661470759684033,-0.5581846313588369,0.49378541408539117,-0.18442671521636386,-2.038025198323888,-1.710716824999284,-1.040405750804923,-1.3796994712424915,-1.7697787770829225,-2.0911855881925696,-1.720552610450858,-0.6371253376036178,0.4275877563966659,-0.040454256926167845,-0.3477381696360611,-0.48232991558187904,0.09387908442092041,-0.12479618717266176,0.06938110143228039,-0.5181215015185524,1
-0.7918040390580765,0.9802085196628456,1.7280720791585935,-0.13478617003801185,1,0,0,1,0,0,0.2742134146032426,-0.5542132070215552,-0.7711081536284979,0.5551613125409173,-1.6776803259814614,-0.8552691248863012,-0.14203302761039124,-1.061830955953771,0.680129171788296,-0.9682276248110131,-0.5174721650590758,0.3209592419795806,0.7644554536154462,-0.008564215051756034,-0.7533907568375826,1.0207299639203187,-1.0861962228780522,-0.18906586463138833,0.8331516374419781,-0.38855952469070976,0.18894311958885,0.7026659890004298,0.0959758126207382,0.23095947507348172,0.4881531401474495,0.38855952469070976,-0.8331516374419787,0.29881781872750485,-0.40957446049198204,1.2644070129280303,1.6873748050966186,1.0589927181562884,0.6051151385615076,1.4925896140337656,1.1201682272361313,1.0079356506638961,0.6118943119331598,1.33810702436318,1.6473407789746017,1.454573550305776,1.480751364942421,1.4262526241265279,0.6160407084282594,0.45906541823023866,2.079927340133461,0
-0.25209852955608386,-0.10203765113855341,0.5693561964423357,-0.13478617003801185,1,0,0,1,0,0,0.07231042253712305,-0.49141422255894146,-0.4512786181940413,-0.2318022161936352,-0.5451168139911332,-0.1987902484754574,-0.23028794802695537,-1.8543602835585538,1.2170632964839911,0.6126920626892478,1.0321436269094293,-0.49633541957291843,-1.2948312460910285,-0.9174494874641065,-1.0662532998739782,1.4761494974496439,-0.002650717696769511,0.35077980163573075,-0.9813771768947055,0.29637562078413626,-0.5964837203348682,1.4770185355348264,-0.18037841253334036,-0.8303358553908295,-0.9993690626634891,-0.29637562078413626,0.9813771768947048,-0.9823978079100336,-1.1600669447440433,-0.8644335860608106,-0.05689276168264715,-0.05044549714841698,-1.5057194464681423,-1.0357458890816678,-0.762349526635866,-0.35630847989348147,-0.5261013687559044,1.4898602356909325,0.22411901897178985,0.09311505682453199,-0.24540631275998087,-0.0647368131630805,0.9453015509175579,1.2384340518261547,0.22417816752487937,0
0.15910566815972013,-1.3904259497116478,-0.15484123025532542,0.3052077222492148,1,0,0,0,1,0,-0.6848257977108253,0.08947638372023524,-0.4001058925245282,-0.2676784947094751,0.7118913981583822,0.27568120102856525,0.056624315740911126,0.3092505323503089,0.14591692955466895,1.6418833586775745,1.1974002592336597,-0.44517433363002545,-1.4193864032673413,-0.23728577290146716,0.5914011705394528,0.18815466409198375,1.7501447622419195,1.5103965382601066,0.5174554829923397,-1.1203707433436239,-0.31583063785658155,0.16799664911138346,-0.01039603910149506,-0.4826649046541677,-0.08207073605820249,1.1203707433436239,-0.5174554829923405,-0.3417899945912644,0.340918023760079,-0.50962681956267,-0.3411437725651945,0.3421249482670949,-0.40304466324369825,-0.8726274695258333,-1.149926711256571,0.139780294854656,-0.27629743884854874,0.19995793940503753,0.13288685486904556,0.10608132819102022,-0.093098282374475,0.37938770007212164,1.2745623934068555,0.7374113588002092,0.10046155601764112,1
-0.3034990542705592,0.026801178718756015,-1.8929150543297122,-1.6014324776621007,1,0,0,1,0,0,0.9556360128263961,-0.6344563538348948,-0.68155588370685,-0.01770184440555841,-1.536376567378107,-0.4742609486587543,-0.7202915625755815,1.3319074793304064,-0.9754139624253012,-0.44778454586079836,-0.704452300265526,-0.06011580258657094,0.7512804935830113,-1.0300049391560386,1.6032983518596418,-2.2168179562000256,-0.2476434715403261,-1.1660467225890727,0.48455582139920894,-0.5625673488356443,-0.027585847424621782,-0.22193572197014494,-0.8942646936757731,0.3593690055645532,-0.22259518045281795,0.5625673488356443,-0.48455582139920966,-0.8709877534198129,1.9169522406894068,0.8277217618533966,-0.5737127814690962,-0.6307670251539549,1.7392949155923647,1.9819448727012692,1.839954427246013,0.3258135853852078,0.11228645211844858,-0.02767187758659086,0.6072941082033162,0.015317428625603584,0.1607484349347019,0.7917890337905242,1.0276167615398821,0.793080546914203,0.2860364732784985,1
-1.3572098109173063,-0.3339475448817109,-1.168717627632051,-0.4281154315628296,1,0,0,1,0,0,0.45087853266109723,-0.5710758972939236,-0.6175899766199587,-0.046634327079622846,-1.1175570116934976,-0.40315731013741624,0.03260458039225789,1.1587889907826634,-1.0693362621206604,0.8548490278173242,-0.005285519047558786,0.03172557203565691,-0.18327581117608696,-0.4833595714385595,1.0120113965728335,-1.3477882772517487,0.14092357317521317,-0.5588656502784043,0.3758588387947461,-0.3295023237687909,-0.528304651248226,-0.5766634550951926,0.10742125486372271,-1.015108483475765,-0.5387520994990087,0.32950232376879157,-0.37585883879474674,-0.4253475354589299,1.0163612595869336,0.1817914946388332,-0.5607922809744348,-0.47715250303484213,0.7311351137871589,0.758556726032511,0.6218547041523672,0.015758101167622184,-0.1375174777889068,-0.02767187758659086,2.0031462189753038,1.7657640631014886,1.142289075196852,1.5848685217105287,1.6861384465184783,1.6281183686241134,1.275769365336409,1
-0.4320003660567478,-0.7462318004251005,-0.8790386569529866,-0.4281154315628296,1,0,0,0,1,0,3.492042350657023,-0.7647060993869825,-0.42569225535928473,-0.2578414506002932,-1.5328219988047571,-0.3888471438941281,1.0926912496779428,1.786042289732505,-1.3909590186669119,0.8431650020107695,0.3914530500277105,-0.7363483909979633,-0.8742152472739231,0.8813524139617476,2.3146546425110457,-2.0012459337410324,0.7952132074926332,-0.1230501090771649,-0.16027754582615011,-0.8453300630711642,-0.6387768343595833,-0.13262888536000175,-0.10957158806700626,-0.3505417170762927,-0.6290426185803092,0.8453300630711642,0.16027754582614942,1.6543068150251905,3.568035706043941,2.325794775956656,0.6106664305415159,0.9338253297629369,3.220029624493761,0.5954383064766764,0.7510470990259361,2.00011320016017,-0.38732140769626244,0.27583454506891375,1.2915353389738984,1.026686595211671,0.8038267854512828,0.6014499566897238,1.8507688677631275,1.461110804282131,0.7809029193074537,0
-0.7918040390580765,-0.7977673323680251,-0.15484123025532542,-0.13478617003801185,0,1,0,1,0,0,0.26159447759911014,-0.5501429024730524,-0.8478672421327675,2.9652371192904843,-2.9511052781588534,-2.7146963511235547,-1.1449723636858726,1.2400913063664152,-0.504253237668653,-1.552731264042541,-2.6716424313208686,-2.5032753076097047,2.0164242436285176,-1.168193086723698,-0.2999935183434627,0.3999515432790553,-1.3383328094394562,-1.1127629049916223,0.4073962731842086,-3.8182196194061766,0.424867175567847,-2.0025911568262096,1.0912437982921646,0.7705718594592907,2.3868696119842148,3.8182196194061766,-0.40739627318420935,-1.038102835155144,-0.10937746679115769,0.6002815269186915,0.7312577684916879,0.10316902497069583,-0.024984737566746233,1.247911984700014,1.1201682272361313,0.07776919801113909,-0.10976148557697851,-2.0004636248473715,-1.6461403451344683,-0.9571529238609991,-0.6346379459673855,-0.6040308649486834,-0.9479482933959068,-1.9903788587854983,-1.3841377820692236,0
-0.8175043014153137,-1.0296772261111817,0.27967722576327125,1.7718540298733036,0,1,0,1,0,0,-0.5460174906653681,-0.10764265084296887,-0.7199354279589849,0.1992917756499248,-0.49684451199202506,-0.23680162755919154,-1.3291297337609587,-0.8204709457847673,-0.15464967916041922,-0.4923114341962437,-0.8189453289646025,-0.9295419400774771,1.0718645164729506,0.4666627428591372,-0.41749010503012274,-0.06920540169990673,1.0162412702156656,1.105432160727471,0.3871222082195544,-1.6517274332983856,2.3144711635452073,0.7078896995998393,0.14186653764230434,1.672768433944387,2.143908386330084,1.6517274332983856,-0.3871222082195551,0.577342954953057,-0.25947596364157,0.48201260475264507,0.369483754641173,0.785900234388976,0.7311351137871589,-0.5463906304141645,-0.762349526635866,0.5738579727592754,1.9441819381057224,0.5034643620605421,-0.3688900476960481,-0.24400799870415715,0.4145951522438788,0.41111087958892223,-1.853415610241477,-2.3800631755834565,0.038603250264021984,0
-0.7147032519863632,2.113990222407169,0.27967722576327125,-0.8681093238500562,1,0,0,1,0,0,-0.4576849316364408,-0.22684442690626339,-0.7583149722111197,0.4047124026357823,-0.8813816535575657,-0.4872295368167342,-0.3781191351993601,2.387283860574015,0.3190432411667531,0.25961369865413325,-0.5038091574944845,-1.3339854161683506,0.08040466017692598,-0.17438362561584558,2.767344207120661,0.21182134498954158,0.8621109729262458,0.17831527547881193,0.7610291440431215,-2.574176443555227,0.35154179791925977,-0.504357341888449,-0.22328277494494422,0.5041331252225822,0.8290667395352594,2.574176443555227,-0.7610291440431222,-0.3139374809687093,2.142099985965025,-0.6278957417287164,-0.43158727602782254,-0.08458205761933026,-1.0646495331783645,-0.13859458152457876,-0.4855086804782194,-0.9144083514851348,0.1400424443303771,-0.6346847228976005,-0.6060936743631827,-0.62002986833231,-0.39771434314548676,0.15732544345452057,0.4514102871836102,-0.5986491559356475,-0.9511296417938885,0
-0.9717058755587404,-0.6689285025107157,-0.8790386569529866,-2.6280848929989626,1,0,0,1,0,0,-0.3062576875868511,-0.3094134620330332,-0.1826218084290977,-0.3764646295639574,0.14182996692138966,0.05297923886739346,1.1138934833131302,1.1145280563719735,-0.6677719687123801,1.0015537558643888,-0.2845750182616206,0.621230330063226,1.15482360625775,-0.13714336756396378,0.8170346316316572,-1.314626815586461,0.6221330313920619,-0.26190528565243576,1.0928891867061536,-0.2366301126415829,-1.68592804067966,-0.7112373764839395,-0.4082065158144153,-0.7361380449945892,0.11426192536416921,0.2366301126415829,-1.0928891867061543,0.04814519612450831,1.0914105080121401,0.7913313242638433,-0.08273376267196997,0.17144214591252482,1.140700033270523,2.5528593411466898,2.0060589349406004,0.7598912632898273,-1.6085850650211115,-0.8623145398892288,-0.8159276517994943,-0.8793552956620708,-1.0746389226366257,0.31594134103852145,-0.28942660841731066,-0.4316415915936655,-0.8274130302866491,0
0.13340540580248203,-0.10203765113855341,-0.4445202009343899,-1.6014324776621007,1,0,0,1,0,0,-0.4955417426488382,-0.15648630542500175,-0.7327286093763631,0.3005554650091503,-0.6651349301397204,-0.352624535590805,0.29150536182702724,0.7076159433202,0.13814476214639948,-0.5269376494970905,-0.6601340753861598,0.06838798946268193,0.859430900209889,-0.4998879423139447,1.4410983631427057,0.3410210979362015,-0.8640050241184689,-0.550271938624622,-0.648221895874381,0.7361716451058063,-0.904827443607913,0.47243561530967704,0.15384479774551826,-0.14487382267694535,0.3209731823807314,-0.7361716451058063,0.6482218958743803,-0.3696425082138195,1.6167552469885829,0.5638910893291381,0.6666552660183818,0.2567835470898098,0.19555021907814235,0.5954383064766764,1.0648000580046022,0.8839134569768611,-0.7759052986632599,0.6552175733882943,0.561678026151944,0.5599008260181015,0.46536449570571364,0.6966194952401235,-0.4540570296619595,-0.15329565102369538,0.9664778365683122,1
0.8530127518051386,-0.02473435322416849,-0.8790386569529866,-0.8681093238500562,1,0,0,1,0,0,-0.44506599463230834,-0.22800737106297844,0.23955317834438508,-0.544273029073531,0.6603797644188235,0.24527209776157796,1.1744402133643626,-0.5939358244800818,-0.83973624016483706,1.9982469761958757,1.4802465748123637,0.3481769218792515,-1.4452388259822242,1.3825155015078312,-1.2521110687069221,-0.8702965582083922,1.4210575872752969,1.0302841319069809,0.2857518833962749,0.1914665557924087,-0.251694506304462,-0.4391418231992473,0.27338346171658207,-1.2904063706738382,-0.9185211174881048,-0.191466555792408,-0.2857518833962756,1.8585585815905954,-0.9349191994684248,1.3553831069019124,0.6149732640397371,1.2126072402754011,1.8968198846244282,-0.22015379130249568,-0.3747723420151606,1.4420133285685155,-0.3595654154843339,-0.5588081172337243,-0.5331079430809875,-0.32180562690308556,-0.7869459763528921,-0.5405845059150832,0.6160407084282594,0.793080546914203,-0.332546584257695,1
-0.6890029896291251,-0.30817977891024867,-0.8790386569529866,0.5985369837740325,1,0,0,1,0,0,-0.7983962307480176,1.2704461748643872,-0.5536240695330674,-0.11317903722997104,1.357548890776926,1.0645291151898244,1.6866639692323793,1.3203984437498457,-1.82170999039637,2.0006442437436447,1.1919273335022103,-0.3238023850556978,-1.8276614947165377,1.2548081301324654,0.9720840615143969,-0.0838546116513974,2.2563397855009475,1.8150334494737659,0.004530982273630621,-0.4461216066019436,-1.091557808495887,-0.8384758288368253,2.4060727867160367,-0.46539339498778365,0.22246298647101748,0.4461216066019436,-0.00453098227363133,0.5216379277079463,0.19081952690966666,-1.583144728454478,-1.3747838121380926,-0.596630464683041,-1.0016395455655394,-1.9328971966387571,-2.146553757424099,-1.1624527388592034,-1.0257092285706153,-0.7864379342253526,-0.0039613912850709025,1.234146937075479,0.9392117013495113,-1.5557262504526888,0.6983559190505837,0.514734606344233,-0.08511336124321738,1
-0.3034990542705592,-1.3646581837401863,-1.8929150543297122,-1.161438585374874,1,0,0,1,0,0,0.9556360128263961,-0.6344563538348948,0.44424408102243734,-0.5656830662523388,-0.22909376784812577,-0.05076946639644561,-0.5164762919203467,0.5741465712810977,-0.6452671481637433,-0.5228918084606698,-0.7525525497318141,-0.6465815281380729,0.5246465983967408,-1.1511523251401397,1.8953069355554832,-2.141090792215342,-0.5009547708690646,-1.419377801369473,-0.28192193561408385,-0.6022533438160685,-0.4320449833237292,1.1106426939654779,-1.2694879520503164,0.20965492356330595,-0.40739099192596223,0.6022533438160685,0.28192193561408313,-0.9545452942874786,2.4422969796658496,1.2280165753384769,-0.25070026910256554,-0.42594766232847037,1.8968198846244282,1.5741488238116832,1.9506907657090713,1.0079356506638961,-0.44283339212011924,0.9587239960437993,-0.15905607025973648,-0.7756251247301669,-0.6515610604546642,0.47455723862252236,0.6160407084282594,0.3477270420022505,-0.45626319576493324,0
-0.7404035143436003,-1.0812127580541053,-0.4445202009343899,0.3052077222492148,0,1,0,1,0,0,-0.40720918361991093,-0.2617327516077154,-0.8350740607153893,1.304512613799186,-1.876339602949156,-1.2094457394076827,-2.066506076562014,0.2452247560531444,-0.4475103396348906,-1.4881941126758027,-2.3644449293165772,-0.12104015007532734,1.8246860532420455,-0.6862467093237792,-0.2745714071332518,0.26974093813579914,-0.2761196224304307,-0.41265976223281936,0.4407888507730546,-0.6022533438160685,2.1878373776370186,-0.6116382817234981,0.8828252550755912,1.7366587449327822,2.6710122689685667,0.6022533438160685,-0.4407888507730553,-0.48105256270404034,0.04072103005925432,1.0278691685959374,1.0284292798688959,0.8541733553308051,0.2270552128845555,1.0032343553662626,0.8433273810784847,0.6978801664463103,2.055205906953436,-0.5588081172337243,0.05990112358685037,0.5080357405521495,1.2269046476332444,0.47455723862252236,-1.4418395571298541,-1.7677021063295222,0.7190446135538346,0
-0.7918040390580765,-1.8027102052550381,-0.15484123025532542,-0.4281154315628296,1,0,0,1,0,0,-0.8236341047562825,2.97706672484375,1.1222826961434853,-0.6455367184327565,3.308671573420585,2.7884569548109437,-0.07023459038065186,-1.875543255580337,1.9981352243238517,0.038626998118739826,1.5885746124543974,3.3684811756106487,-0.46163568108715614,0.08408677257082216,-2.098845159082901,1.2433998990650785,0.6454801774487907,2.3005759510631814,3.2227515647626137,1.3979208031972914,0.18168142001233983,0.47166497275060043,-1.4820208040456921,0.5878645122414612,0.18083984727230054,-1.3979208031972914,-3.2227515647626146,-0.3696425082138195,-2.0606579258465163,-1.6923160412231368,-0.9354867953196102,-0.6649035856248688,-0.7811045889206503,-0.8726274695258333,-1.814344742034923,-1.4104971262332722,0.9634702132842525,1.5910290432427672,2.979330374874668,1.454573550305776,1.655623547977633,3.6891727629916073,-0.20711139779498602,0.5704037944582268,3.3583323257082607,1
2.1123256073097876,-1.0296772261111817,-0.8790386569529866,1.7718540298733036,1,0,0,1,0,0,-0.7353015457273552,0.40405277811166124,-0.7199354279589849,0.1992917756499248,0.19833084053262584,0.15672794413123253,-1.68037175766245,-0.754957194310635,-0.16838777338217942,-0.8657706754282405,-1.2762759824963734,-0.30618146570864635,1.7050356295932256,0.0823251376308802,-0.6244752844855966,0.02733529028208492,0.46145630335995824,0.8387857869061717,2.001249688097911,-2.4024100761280907,2.4188561413269096,0.41061681073212525,0.2576610577653909,1.6271724988865812,2.4781323486004148,2.4024100761280907,-2.001249688097912,-0.06326485836571254,-0.7097714541928067,-0.50962681956267,-0.4186667755331612,-0.22112829950298704,0.038025250046078915,0.5954383064766764,-0.26403600355210183,-0.6663639641110671,2.527057774556219,0.5793409677244183,0.5251851605108457,0.585833368751077,1.2607508766078017,1.3945294446097283,-1.1948939252628807,-1.9347096706715041,1.1520527538291696,1
-0.6633027272718879,-0.41125084279609675,-2.617112481027373,1.0385308760612593,1,0,0,1,0,0,-0.16744938054139394,-0.38093452767100994,-0.8094876978806327,0.9602160699778194,-1.7122865400467113,-1.0350405883176086,-2.3003859102994544,0.28359327259225175,0.266837945081293,-1.7511486691901508,-1.5667419617925373,-0.024356608538556975,1.3611957904271879,-1.6329200822260497,-0.6534247238909554,-0.24814234078116898,-0.4164395052199001,0.2417984523693409,0.5641420291796073,-0.5927287050207662,1.567148099823497,-1.043827210773269,-0.6141355317791605,1.9527545925778522,2.2729104095182273,0.5927287050207662,-0.564142029179608,-1.5394480803611372,-0.6347222057676005,-0.10023439668020068,-0.21193876761858224,-0.3576745413866426,0.6681251261743327,0.10608304780917345,-0.1532996650890431,-0.10826409251941274,1.194770148383656,-1.0899443568808573,-0.5696008087220858,-0.7756251247301669,-0.0423289389126401,0.886958572340925,-1.6064699783745033,-1.9347096706715041,-0.1469716669968365,0
-0.894605088487027,-0.9008383962538722,-1.6032360836506476,-0.8681093238500562,1,0,0,1,0,0,-0.7605394197356201,0.5930312035778599,-0.7455217907937414,0.31502170634618254,0.2556084424433628,0.21262703101907687,-0.24055070124616093,0.42725762155786984,0.9907777728185054,-1.1945595411948473,-1.0162469216022507,-0.4378355240997477,0.426033220585705,-1.1298977507751968,-0.19499250536226642,1.1670232727157128,-1.5592974923021221,-1.2204734941467772,0.21285636891661422,-0.8082637896695036,-0.7944889136593607,-0.7817637055151947,-0.18168056491084097,0.06760017212922893,0.129615948612767,0.8082637896695036,-0.21285636891661494,-1.0102503215325889,-0.03432821836595151,0.5002078235474204,1.06719078135288,0.2909201075607231,-0.6865896075014126,1.0847935651441794,1.0648000580046022,-0.23228628620644656,-0.6371253376036178,-0.5588081172337243,0.7532655707677065,0.533968283285125,0.5330569536548284,0.7917890337905242,1.439192814651505,1.0714264874841732,0.7190446135538346,0
-2.0254166322054865,-0.6946962684821769,-0.15484123025532542,-0.8681093238500562,0,1,0,1,0,0,-0.1295925695289965,-0.40128605041352367,-0.822280879298011,1.2669003863229022,-1.9379056705642297,-1.287704461050665,-1.9146682323659072,-0.7451496351274236,1.276354521766896,-2.137821499933997,-1.6286524182769166,0.03063732304976944,1.8911160400408074,-1.5758145796098257,-0.16777687233615773,1.871701543261538,-0.9615838006913684,-0.636407554874854,-0.45503125954306645,0.4930801176436292,1.0878574246080617,0.8546660716202801,0.13606015538420227,1.9345688891974182,1.4959997979280637,-0.4930801176436292,0.4550312595430657,-1.5115955667385823,-0.3345252120667762,-0.5733100853443877,0.4082452561251572,-0.01630893667750248,-1.7892643907258567,0.18764225758709038,0.4557501964577793,-0.4183195767369984,0.6118943119331598,0.35171115073279,-1.0166384128255321,-0.8015576674631424,-0.07617516788719629,-0.826093121566285,-1.853415610241477,-1.9347096706715041,-0.5181215015185524,0
-1.074506924987691,-1.3646581837401863,0.27967722576327125,-1.161438585374874,1,0,0,1,0,0,-0.81101516775215,1.3082418599576269,0.44424408102243734,-0.5656830662523388,2.576931024739402,1.4433013279418576,1.8287172711442878,-1.271321323848574,1.4484373157104546,1.0282494005509892,2.299104613073922,0.4182057441211104,-2.0691971011018575,2.03305379846624,-0.9249505003825913,0.9765392954703993,1.6281615549766517,2.7053192362225547,1.4008254564523381,-0.8189388764091825,-0.5114724807550669,0.8183333084329584,-0.9987345186563841,0.22535852418505667,-0.3477309113556301,0.8189388764091825,-1.4008254564523388,1.7192960134778195,-0.9349191994684248,-0.3458698504096825,0.188596747715916,0.8541733553308051,0.1325402314653172,-1.3619827281933365,-1.8697129112664523,0.07776919801113909,-0.49834537654397587,0.7310941790521709,-0.06782390615699217,-0.5681647828663581,-0.44848368660732285,0.3476645205553221,0.9453015509175579,0.5704037944582268,-0.45626319576493324,1
2.1123256073097876,-0.7977673323680251,-0.8790386569529866,-0.13478617003801185,1,0,0,1,0,0,-0.7353015457273552,0.40405277811166124,-0.8478672421327675,2.9652371192904843,-1.3801488435131979,-1.9808531384599346,-0.022600568306574267,0.9343429138454711,-0.6791292466011879,-0.20927099991445006,-1.0597633183466564,-0.934456243392696,0.8483925426666201,0.12349281931537445,-0.8326468388044558,0.26341712669856926,0.6731417563678529,1.0889117434223694,1.5021957812756164,-2.764346350349556,0.15481921037754146,-2.116542296209624,1.1931012395494682,0.950187462687131,2.440854594760032,2.764346350349556,-1.502195781275617,0.18740776423728422,-0.7097714541928067,0.30006041680488094,0.3953247556304958,0.6664222727407777,0.5106001571422693,0.2692014673650073,-0.3747723420151606,0.2638024885416898,-0.27629743884854874,-2.0763402305112475,-1.5366617482111748,-0.8145239388296306,-0.4315605721200442,-0.667477223982284,-1.1125787146405561,-1.9347096706715041,-1.136704559054746,0
-0.4063001036995106,-0.7977673323680251,1.0038746524609323,-0.13478617003801185,1,0,0,1,0,0,-0.785777293743885,0.9622659733348942,-0.8478672421327675,2.9652371192904843,-0.923865887798175,-1.55154815116129,0.76200915218252,0.43167840130481633,-1.120744419561844,0.7122223656465885,-0.3006085424193436,-1.6568588307297707,-0.06180950354613545,1.6723894175293077,-1.3256165852056163,-0.4691781829236824,1.9891902308162255,2.272532487164956,0.569588792901455,-2.824669062719801,0.6114395253625862,-1.920465747711103,1.0606163402345157,1.0102805148868899,2.6094914888967358,2.824669062719801,-0.5695887929014557,1.5521809317424884,-1.2351161931692491,-0.009258302706318612,-0.25070026910256554,0.529876030857121,1.1722050270769362,-1.6066603575270884,-1.9250810804979817,0.44983577907224165,0.08453045990652028,-1.9245870191834955,-1.4636760169289798,-0.8015576674631424,-0.39771434314548676,-0.4136917878478824,-1.4418395571298541,-2.213055611241474,-1.0748462533011267,1
-1.074506924987691,-0.6946962684821769,0.27967722576327125,-0.8681093238500562,1,0,0,1,0,0,-0.81101516775215,1.3082418599576269,-0.822280879298011,1.2669003863229022,0.2556084424433621,0.027042062551433693,0.9409777970044826,-1.3778080071365282,1.1285730561645633,0.24977709202075435,1.3864427694196684,1.509397887598751,-0.7785189899349176,2.2543912248255213,-1.1158136288516027,1.0261100201127915,1.9060640453311204,2.8393720221138556,1.943454842271065,0.13114384342216406,0.9441086164900442,0.7732871309204349,-0.5116555626578807,1.5525877424927998,0.9696506380544803,-0.13114384342216406,-1.9434548422710656,1.9699686360808162,-1.0850176963188372,-0.24579614703841146,0.3048812521678669,1.0931292786272029,0.06953024385249205,-1.3619827281933365,-1.980449249729511,0.3258135853852078,1.1392581639597994,1.0346006017076752,0.7441423543574326,0.3394742127878045,0.9730579303240674,0.8552353928241243,-0.5363722402842841,-0.5429799678216537,1.3376276710900281,0
1.0329145883058024,0.026801178718756015,-0.4445202009343899,-0.4281154315628296,1,0,0,1,0,0,-0.571255364673633,-0.07856904692509216,1.199041784647755,-0.6501659156606069,1.3295328687750558,0.44203688360679,0.14924760522164776,-0.2836374929111834,-1.2585379453170404,-0.767301015842118,-0.8637569457258477,1.2180086086728714,1.314443437821319,-0.6742710350603487,-0.25462123966886385,-0.9324975815660783,-0.6432673375102651,-0.4891995372319618,-0.16027754582615011,1.8201797897890004,-0.881256101689275,0.13422739205799364,0.7833933927691678,0.3987212897791689,0.6453181996303922,-1.8201797897890004,0.16027754582614942,-0.5646101035717058,-0.10937746679115769,0.4456221671630917,-0.1344157646506147,-0.3747428216220998,1.1722050270769362,0.4323198869208419,0.5664865349208381,0.5738579727592754,-0.7481493064513315,0.326418948844831,0.592088747519525,0.9359226956462544,1.0633145409228868,-0.011864847301746482,-1.5790315748337282,-1.0996718489615938,1.1932916243315823,1
-1.5885121721324456,0.0010334127472937634,-0.15484123025532542,-0.8681093238500562,1,0,0,1,0,0,1.2837283749338404,-0.6658558460662017,0.047655457083711085,-0.5055035022902847,-0.5782636270297405,-0.12142591222268084,-0.006454535991098062,0.490465221938024,-1.6546035576973268,0.7768643904264226,-0.3206207092003822,0.7018341847060325,1.248805726039517,-0.09550348928185415,0.20874617448967864,-1.94381044309464,-0.0985295518467087,-1.5980954870013158,0.5274811195133241,0.4340687685857812,-0.08645077179069031,-0.4640615742430885,0.308556457973933,-1.1471938893472609,-1.1434065743399573,-0.4340687685857812,-0.5274811195133248,-0.14682239923337803,0.11577027848446049,-0.20940570944885942,-1.1551353037288514,-1.1257471519822078,0.1325402314653172,2.063504082479186,1.8953225964775422,-0.8523972546416179,0.0012624832707351544,-0.3311783002420958,0.38833691435672935,0.4950694691856613,-0.025405824425361403,-0.28679906978068154,0.8629863402952329,1.2384340518261547,0.47161139053935697,0
-0.14929748012713334,-0.514321906681944,-0.15484123025532542,-0.13478617003801185,1,0,0,1,0,0,0.6780193987354818,-0.5954977245849401,-0.2721740783507456,-0.3429029496620426,-0.6424892567479341,-0.19297674343912158,0.48925317306179394,1.6264450043499847,0.3713226682572493,0.975319805149783,0.9784895231902467,1.1136955666045614,-0.42495965040620287,1.353756040366939,1.1770498695736498,-0.11537764693751658,1.4331539917011729,1.0413313305500767,0.8518955842960956,0.6740482547543618,0.672338637828596,-1.05320409089072,-0.6235539350850325,0.1034968312151391,-0.2554269370313812,-0.674048254754361,-0.8518955842960962,0.9951306592913848,0.7912135143113154,-0.6278957417287164,-0.5866332819637576,-0.03337721691295973,-0.40304466324369825,-0.5463906304141645,-0.9284540343304539,-0.6043528672675491,0.6951622885689447,-0.9381911455531051,0.24236545179233895,-0.127311556405765,-0.07617516788719629,0.41111087958892223,-0.28942660841731066,0.013711913318286572,0.2860364732784985,0
0.5703098658755232,0.43908543426214564,0.27967722576327125,-0.13478617003801185,1,0,0,1,0,0,1.4225366819792977,-0.6739964551632072,2.0817713024468554,-0.7103454796226609,0.15372583023271183,0.030619604112255734,1.0952300718179864,0.9825025998387483,-1.0271793606173323,0.9270044689023489,-0.19818354106838346,-1.5785760553845332,-0.48743564514475846,0.8775971943863027,1.1076157825992305,-0.14926509692821766,0.2506438729322876,-0.5967279724121023,-1.1676986894219978,-0.9948801208223941,-0.6460592995004795,-0.2389304759607599,1.2541915693343824,-1.0037890582426443,-0.3249404117657001,0.9948801208223941,1.1676986894219978,0.6330479821981672,0.7912135143113154,-0.5005292101652823,-0.4961897785011287,-0.3747428216220998,-0.9386295579527137,-0.46483142063624716,0.06817301183707392,0.015758101167622184,-0.4150773999081907,0.12408133374116129,1.172933525640331,1.739831520368513,1.1253659607095745,0.09387908442092041,1.6038232358961542,1.127095675598167,0.7190446135538346,0
-0.14929748012713334,1.2121184134060021,1.4383931084795292,-0.13478617003801185,1,0,0,0,1,0,0.8925413278057338,-0.6286416330513195,1.007144063387081,-0.6304918274422431,0.030583365856808646,0.0037880424060904513,-0.10842030049141785,-0.9168457683378448,1.2167297098869516,0.07012204863386275,0.7155868983798734,-0.6912463189304113,-0.8433623011793312,1.4822209257625605,-0.11207020701075406,2.108606019671867,1.0399744422167367,1.5103965382601066,-0.11623388745465664,-0.827498180191446,1.6317787516215723,1.1461301172127234,0.4556354224788801,0.9364904909176849,0.5443102303259565,0.827498180191446,0.11623388745465593,1.6914434998552643,0.11577027848446049,0.7185504490847379,1.8036593095485693,2.253772334638279,-1.0016395455655394,-0.6279498401920818,-0.6516131881728072,1.13195784435093,1.6943780081983673,1.2622304186993043,0.41570656358755365,0.5987996401175653,0.9730579303240674,-0.3502454288142823,0.6160407084282594,0.23638866577426285,0.34789477903211874,1
0.05630461873076867,0.7740663918911503,1.4383931084795292,-0.13478617003801185,1,0,0,1,0,0,0.1858808555743153,-0.5367690446708291,0.6489349837004895,-0.588250402738109,0.2363672392200483,0.0417994214898246,1.0744794894797376,-1.3684472536342702,0.49225403710704096,1.3629785751891401,1.7448581147654747,0.5172867712558779,-1.0759492954731174,0.5985401723005248,0.12839739386617405,-0.15248559643161289,0.6674001543722112,0.7928746277613962,-0.3224700655433951,1.0253393444399002,-0.8960355980734769,2.0068624920900957,-0.8261610780920955,-1.1795135544482886,-1.4943132518202369,-1.0253393444399008,0.32247006554339436,0.4102278732177254,-0.03432821836595151,-0.43684594438356456,-0.44450777652248397,-0.1699234587966153,0.06953024385249205,-0.46483142063624716,-0.3747723420151606,-0.10826409251941274,-0.9146852597229018,1.5657368413548085,-0.5239847266707137,-0.840456481562607,-1.1931007240475748,-0.28679906978068154,0.2044646553166367,0.848749735028197,-0.3944048900113141,1
-0.25209852955608386,-0.3339475448817109,-0.4445202009343899,0.5985369837740325,1,0,0,1,0,0,2.255386524252041,-0.7245845259803126,1.1222826961434853,-0.6466940177397191,-0.3126810438274727,-0.05747735682298693,-1.6330830823640057,-1.4316289198963472,0.887112066547457,-1.3613594890981295,-0.6173940592496344,0.17634066381702523,0.8768910807606217,-1.4938881227393512,-0.2761917669015418,0.7628671795333608,-1.4720281460766345,-0.8563046743698182,0.03622492998512883,0.2045801889163758,0.7781663693828336,1.688272772315732,-0.4461039685998236,0.3794709305606123,-0.033372333846642524,-0.2045801889163758,-0.036224929985129536,-1.3723329986258064,-0.10937746679115769,0.5184030423421971,0.8604627734383002,0.15437386567706757,-0.024984737566746233,1.0847935651441794,1.1755363964676604,0.3258135853852078,0.8061862574166584,1.717490052682561,0.269735101023162,-0.010615114107371936,0.1438253204474232,0.28421816152172197,-0.12479618717266176,-0.04195727479570725,0.2860364732784985,1
0.8530127518051386,-1.0296772261111817,0.5693561964423357,1.478524768348486,1,0,0,1,0,0,-0.48292280564470574,-0.1745119398540853,1.2118349660651333,-0.652480514274532,1.1442343644453645,0.37003885969524647,-0.9024365733705324,-1.300236556851324,0.9722417706775724,0.3320048681210687,0.9398345699459022,0.5271092920617741,-1.1402778068798332,-0.1989516307086816,-1.2274656317999042,1.396670867979767,0.007854686303732523,0.7608295480328459,0.8615353283924961,-0.1355460428462847,1.0560698977850957,0.5549673554594211,0.07443245708627778,-0.44072858518052727,-0.47902900003618903,0.1355460428462847,-0.8615353283924969,-0.5089050763265954,-1.3852146900196616,-1.4011925405067138,-0.5995537824584191,-0.5624939042121272,-1.442709458855317,-0.709509049969999,-1.0945585420250417,-1.1004416420156866,1.2502821328075124,0.8069707847160468,0.7350191379471587,0.6636309969500054,0.43151826673115745,0.28421816152172197,1.3568776040291806,1.4054416161681371,0.904619530814692,1
1.0329145883058024,-1.776942439283576,-0.4445202009343899,0.3052077222492148,1,0,0,1,0,0,-0.571255364673633,-0.07856904692509216,2.4911531078029596,-0.724811720959693,1.650074439178324,0.4997247412750453,0.25181715976179087,-0.7303606347773092,0.857995915027069,-0.987722273867698,0.3614071908183402,0.047898535486139975,-0.32510022504639596,-0.7757606765157478,-0.49797882099696533,-0.9206832647494597,-0.4459644126531952,-0.07027087081889216,0.25295560183580257,-0.18555039652161812,-1.1252888180234086,0.5035786410794403,-2.0981070495929415,0.8921383918547139,-0.538452876569161,0.18555039652161812,-0.2529556018358033,-0.7874302125521474,-0.5596729573423944,-0.3549674598070702,-0.7545997883943533,-0.8697229484503528,0.7626401075935709,0.02452383803125581,-0.09793149585751397,-0.29429738304996345,-1.0257092285706153,0.5793409677244183,0.2879815338437111,-0.8793552956620708,-0.5161761445564365,1.0455744699249259,0.6160407084282594,0.5704037944582268,0.16231986177126023,1
-0.6376024649146498,-0.514321906681944,-1.168717627632051,-0.13478617003801185,0,1,0,1,0,0,1.1701579418966481,-0.6553893486557661,-0.2721740783507456,-0.3429029496620426,-0.8277366506185427,-0.23903759103470532,-1.4070119764761917,1.2627087901408358,-0.8513566226454328,0.11411266788988425,1.8385518987244973,1.011607869433707,-1.723015331009811,-1.6816812339611127,0.785139726559928,-1.706627445283626,0.11046476079473343,1.9495266449146036,0.6912331826893887,0.6941558255444424,0.2761683294308821,-0.9465716996633928,-0.5511629722146594,-0.04462388650435688,-0.48687418900840523,-0.6941558255444424,-0.6912331826893894,-1.5951531076062477,0.5660657690356972,-0.3731626786018469,-1.1551353037288514,-1.05747403104038,2.904979686429634,-1.85133798686084,-2.2019219266556282,0.139780294854656,0.27882240539001907,-0.8623145398892288,0.11464042204849642,-0.1921429132382052,-0.194636969298146,0.12560226393772106,-0.20711139779498602,0.1250502895462747,0.16231986177126023,0
-0.6119022025574117,-0.1535731830814779,-1.6032360836506476,1.478524768348486,0,1,0,1,0,0,-0.1295925695289965,-0.4350114309582606,0.8920054306306766,-0.6229693819469863,0.5776140134825191,0.14688970483897193,-1.8766785501967371,-0.13966633865142647,-1.1170173607725895,-1.8766759175536023,-2.180174701782237,0.07600306546167869,2.5212307606316346,-0.8962588300102949,-0.3824709820408028,0.5519557943585751,-1.2622383648211652,-1.0823148661387598,-0.21462929445480164,0.3165258375355961,1.7140359448191238,-0.19145460070288764,2.0816624953957112,1.283654135892921,1.7776640771876604,-0.3165258375355961,0.21462929445480092,-0.8709877534198129,-0.40957446049198204,-0.18211288125669506,0.12399424524260985,-0.3918111018575571,-0.6865896075014126,1.0847935651441794,1.3416409041622488,-0.4803306735805153,1.4723300705029398,-0.2553016945782196,-0.24116501795220557,0.8321925247143505,1.3622895635314727,-1.397110352868688,-1.5241547677521787,-1.6006945419875402,0.16231986177126023,0
0.05630461873076867,0.28447883843337485,1.4383931084795292,0.5985369837740325,1,0,0,1,0,0,0.1858808555743153,-0.5367690446708291,0.4570372624398156,-0.5674190152127826,0.14687074945898745,0.02570048446612543,-0.6521951552639006,0.3412590102665547,0.3789891634286495,0.47182178939071207,1.076847101668385,0.5571209681637391,-0.4393469359813334,0.7628654794488058,0.07262281343886831,0.12252242281595396,0.5339532364102921,0.7038453837924313,0.004530982273630621,0.7553527801229527,1.6691394380803308,-0.39563676105432216,-0.39496766370647135,-0.10794190899639562,-0.7127859469095066,-0.7553527801229527,-0.00453098227363133,0.605195468575612,-0.03432821836595151,-0.2912841940253525,-0.18609776662925942,0.03489590402886805,-0.05648973137315825,-0.38327221085833024,-0.4301405112466897,-0.17027518936292965,1.3613061016552261,-0.482931511569848,-0.39625969692687113,-0.5292659687668935,-0.5330992590437151,-0.5405845059150832,-0.37174181903963527,-0.04195727479570725,-0.5181215015185524,1
1.341317736592655,-0.2566442469673251,0.5693561964423357,-0.4281154315628296,0,1,0,1,0,0,0.3751649106363024,-0.5635167602752758,2.273669023707529,-0.718446574771399,0.6054464877783025,0.12184691391321768,1.04125618138548,0.3899885469740001,0.13064587603270436,1.2034746468707254,0.4867445985188344,0.14351064263369462,-0.32664264992655256,-0.06232090685905594,0.3541988468742042,0.826558844973704,0.31924272321605435,-0.1593392822996756,0.06512235289855199,0.13114384342216406,-1.510162383031099,-0.1804428904416574,0.6520146369679826,-1.3092609866361884,-0.7883556131516324,-0.13114384342216406,-0.0651223528985527,-0.20252742647848845,0.11577027848446049,-0.5642124759469986,-0.08273376267196997,0.0519641842643253,-1.4742144526617298,-0.05703537174666111,-0.09793149585751397,-0.6043528672675491,-1.3865371273256843,-0.02767187758659086,0.4704458620491997,0.754394896515422,0.12690220596014448,-0.033013633646279864,0.6983559190505837,0.848749735028197,0.34789477903211874,1
-1.3572098109173063,0.8513696898055362,-1.168717627632051,0.5985369837740325,1,0,0,1,0,0,-0.00340319948767178,-0.4867624459320812,-0.5024513438635544,-0.1710440025780999,-0.5757398776479027,-0.2421679399004246,-0.21666576620037556,1.3360212047323003,-1.5809735440778885,-0.04780881512831832,-1.2020423603705364,-0.4762096925783324,1.32313608145398,-0.5358747721442321,0.3722175952121607,-0.7332430596264047,-0.0031191047712670755,-0.45190894378734914,0.288491621905012,-0.9356157016516281,-0.23416073617551028,-1.4608516159967329,1.424405236448277,0.061493773972138656,1.1215128129966547,0.9356157016516281,-0.2884916219050127,-0.5089050763265954,0.340918023760079,-1.6069330893092284e-4,-0.37990527404917784,-0.3576745413866426,0.2270552128845555,0.35076067714292497,0.2342775195316623,-0.35630847989348147,-0.6093693453916895,-1.6210805965279906,-1.7464957256474865,-0.9182541097615345,-0.8377153198147269,-1.4288335323854886,-1.3595243465075295,-1.7677021063295222,-1.3841377820692236,0
1.0329145883058024,0.0010334127472937634,-0.4445202009343899,-0.8681093238500562,1,0,0,1,0,0,-0.571255364673633,-0.07856904692509216,0.047655457083711085,-0.5055035022902847,0.7905852401153165,0.3302387098311013,-0.5911459024546835,0.017487179490607446,-0.680297199464334,0.40243227648033497,0.5331165203300089,0.6565840626790194,-0.14473380793470034,-0.7451961288534329,-0.38526339553383887,-0.7934384007813648,-0.2670808934736466,-0.1919458728367805,0.4513710056427588,0.44783808336594555,0.07741157587784561,-0.4099501148336048,0.1326599878812301,-0.8084928848641666,-0.8804753719173656,-0.4478380833659462,-0.4513710056427595,-0.7317251853070371,-0.40957446049198204,-0.17301527185930607,-0.5478717804797735,-0.6136987449184976,0.5736101447550955,0.2692014673650073,0.06817301183707392,-0.23228628620644656,0.11228645211844858,-0.3311783002420958,0.19674936974096682,0.2357440418559006,-0.11002139686175369,-0.2550758902638815,0.28677986593896093,0.5704037944582268,0.34789477903211874,1
0.44180855408933456,-0.514321906681944,-0.15484123025532542,-0.13478617003801185,1,0,0,1,0,0,2.066102469190054,-0.7164439168833072,-0.2721740783507456,-0.3429029496620426,-1.0707561904610863,-0.28599282402049453,-0.5988761958760199,0.3499268865624128,1.2184143256858744,-0.6262656519153837,0.1858185984929599,1.1155249082867595,0.41346549753001566,-0.5084865618059505,-0.241437424991898,1.158483936905896,-0.7145585449320977,0.058022456727701704,1.3219818704786768,0.21031740340811067,0.32467814738651185,-0.7221523457727547,-0.5014485675086572,0.1375004710332898,-0.18492564284625138,-0.21031740340811067,-1.3219818704786774,-0.3139374809687093,0.04072103005925432,0.9096002464298897,1.4418852956980555,1.0248561576853752,0.16404522527173035,1.247911984700014,0.6218547041523672,0.5738579727592754,0.25106641317809053,-0.7105613285614767,-0.14080963743918734,-0.37367071236903754,-0.29617565622181696,0.062155904904119784,-0.37174181903963527,-0.32030321536567735,-0.20882997275045564,0
1.0329145883058024,-0.514321906681944,-0.4445202009343899,-0.13478617003801185,1,0,0,1,0,0,-0.571255364673633,-0.07856904692509216,-0.2721740783507456,-0.3429029496620426,0.504867622912523,0.20457756250722728,-0.8382778272622566,0.11396503619582421,-0.10305514663238076,-0.5940883774753113,-0.26477743519074703,0.2750665897717022,0.6254989653613636,-0.8120699103910913,-0.4022516499718838,-0.6466362252276803,-0.6679324240432977,-0.3885775671476839,0.5391776954544716,-0.1595918522639314,0.35423503861815425,-0.559387461285702,-0.5089272071796762,0.14026471250150047,-0.035146730354758335,0.1595918522639314,-0.53917769545447225,-0.7038726716844818,-0.25947596364157,0.427426948368315,0.007709740790658993,-0.2552648599739003,1.0146800580448727,1.0032343553662626,0.7879592118469556,0.3258135853852078,0.19555442875423396,-0.6346847228976005,-0.42362934615769415,-0.6070635969658218,-0.5161761445564365,-0.0012904541294803558,-0.37174181903963527,-0.48731077970765985,-0.5799798072721716,0
0.8530127518051386,-0.514321906681944,0.5693561964423357,-0.13478617003801185,1,0,0,1,0,0,-0.48292280564470574,-0.1745119398540853,-0.2721740783507456,-0.3429029496620426,0.31549308600900167,0.13079076781527277,-0.38973948384972584,-0.4192626568271975,1.4572488201433789,0.010590445687618447,1.0995499094875059,0.27379527215343796,-1.1661758855937687,-0.2344087516118959,-1.3171297111090554,1.6380733610818354,0.03835413234096872,1.248787113019131,0.4407888507730546,-0.06374491962016399,0.30772377694747566,-0.744020476207212,-0.34600220256592207,0.023724292201751897,-0.21027117467771086,0.06374491962016399,-0.4407888507730553,-0.6481676444393714,-1.535313186870074,-1.9106586667604537,-0.9871687972982559,-0.9209277891567239,-1.6002344278873806,-1.6882195673050053,-1.980449249729511,-1.4725082230767892,0.16779843654230542,-0.7864379342253526,-0.378013264106322,-0.4903671546674297,-0.44848368660732285,-0.1916295312302808,-0.20711139779498602,-0.26463402725168356,-0.5181215015185524,0
0.2876069799459088,0.6452275620338409,0.5693561964423357,-0.8681093238500562,1,0,0,1,0,0,0.43825959565696476,-0.567005592745421,-0.11865590134220637,-0.43664419352601136,-0.37643150851458845,-0.09861908477244036,1.4975604439759316,0.44598336285349466,-1.183364351692186,0.17619600948920175,-0.6167419642638947,-0.9704875148133583,-0.28304420969655925,1.140311772171571,-0.040161599492988885,-0.5086945698757374,-0.30302171943125344,-0.8302136334375861,-1.2315329784747313,-0.1022098070627286,-0.9430081651416814,-0.652359170525496,1.106509727295852,-0.5385005914941287,-0.008747266003820963,0.1022098070627286,1.2315329784747306,0.8837206048011639,-0.18442671521636386,-0.44594355378095224,-0.625394783447741,-0.6990401460957827,-0.43454965705011084,-0.8726274695258333,-0.4301405112466897,-0.6663639641110671,-0.859173275299045,-0.5588081172337243,0.21499580256151593,0.7673611678819103,0.4822876101929924,-0.44541496736468245,0.36909507656128593,0.3477270420022505,0.16231986177126023,0
1.135715637734753,-0.87507063028241,0.5693561964423357,0.3052077222492148,1,0,0,1,0,0,0.11016723354952047,-0.5245581310253209,-0.4128990739419065,-0.2520549540654803,-0.5129993634100525,-0.208628487767718,-0.9310952753240272,0.2765836646788144,0.15113485373394542,-0.40662134240944514,-0.4273322066279567,0.9678388342913693,1.5928907268779902,-0.10439670257949034,1.671209127003512,-1.4699260160592684,0.20018454147414247,-0.7901398880157099,0.01676923931074428,1.303385209184222,1.1903986905615411,1.2945608565651252,-1.6837402951168605,0.747818765160683,-0.2158650147733745,-1.303385209184222,-0.01676923931074499,0.15955525061472892,2.142099985965025,1.1188452625698195,0.07231224326396513,0.15437386567706757,1.2982250023025865,1.5741488238116832,1.7292180887829538,0.8219023601333442,1.6943780081983673,1.9451198696741894,1.5104925328204852,0.2357440418559006,0.5330569536548284,2.0607162144625315,-0.7010026615289333,-0.15329565102369538,1.9562107286262216,1
0.8530127518051386,0.0783367106616796,0.5693561964423357,0.3052077222492148,1,0,0,1,0,0,0.33730809962390496,-0.5542132070215552,-0.6431763394547153,-0.020595092672964856,-1.1299670600094058,-0.4103123932590603,0.6292195268309293,1.8389145142117505,0.4079197318177744,0.18009527818720034,-0.31538033376893637,0.07577570958379296,0.6330521387657553,1.4347468562462127,2.4374935779901685,-0.14095031364123237,1.1660992991367245,0.3585426597250745,0.7431545685744835,-0.6337026228571595,0.5586370846946814,-0.08214032379356744,-0.6992814107998161,0.9129870018015693,0.7600570025110672,0.6337026228571595,-0.7431545685744843,2.0256736633259265,3.2678387123431163,1.6101161700287818,1.2739187892674588,1.7758604880454831,0.6681251261743327,1.0032343553662626,0.6772228733838963,1.2559800380379649,0.3343343898138759,-0.2553016945782196,-0.5513543759015367,-0.8015576674631424,-0.4315605721200442,0.28421816152172197,-0.6186874509066087,-0.9326642846196119,-0.3944048900113141,0
0.8530127518051386,0.7482986259196881,0.5693561964423357,0.5985369837740325,1,0,0,1,0,0,-0.5081606796529707,-0.13962361515263325,-0.15703544559434116,-0.4059757618915031,0.4819053940169436,0.20636633328763831,-0.7167342177906099,-0.7476830903737371,1.5589753795630987,-0.42636525262126934,0.40830285372904185,0.3875245531531276,-0.41674635475258764,-0.3651301371144059,-1.1824757290238785,1.379558191733656,-0.2859942996180537,0.5940013420048019,0.1590389773671773,0.37080434932556694,0.6318026462756721,-0.15835972108435659,-0.7448486312396222,0.2924048976192439,0.04911299061358399,-0.37080434932556694,-0.15903897736717798,-0.7595776989295921,-1.4602639384448675,-2.010732370131724,-1.1809763047181743,-1.2110885531594928,-1.757759396919444,-1.4435419379712537,-1.648240234340335,-1.7825637072943747,1.0282341951120857,0.27583454506891375,1.3827675030766426,0.7154960824159574,0.8038267854512828,1.5848685217105287,0.03983423407198747,0.23638866577426285,1.5850608941045057,0
-1.3315095485600683,0.6452275620338409,-1.168717627632051,-1.161438585374874,1,0,0,1,0,0,-0.028641073495936725,-0.4809477251485058,0.25234635976176334,-0.536171933924793,0.19080759113246526,0.04448257766044113,0.27274709159530547,0.24660617337667648,0.07016807358757385,0.6650828513656442,-0.16702754119065552,0.5138343474914286,0.5785207064083547,-0.577239669252705,-0.3666328234735158,-0.18587738258610872,-0.43720105847652,-0.6714259569631744,-0.24010667662448304,0.9389436438584764,-0.9560325463733887,-0.7057594262721146,-0.2827109507911921,-1.332005110249181,-0.43837278063304036,-0.9389436438584764,0.24010667662448232,-0.7317251853070371,-0.6347222057676005,-1.0372881646111858,-0.9613277963089331,-1.05747403104038,-0.8756195703398886,-0.38327221085833024,-0.319404172783631,-1.4104971262332722,-0.8036612908751883,-0.482931511569848,0.7441423543574326,0.4691369264526849,-0.1269445113490324,1.3945294446097283,-0.4540570296619595,-0.04195727479570725,0.5953280020465953,0
-0.35489957898503444,-0.1535731830814779,-0.15484123025532542,1.478524768348486,1,0,0,1,0,0,0.9051602648098662,-0.628060160972962,0.6745213465352461,-0.5824639062032961,-0.10330207051485639,-0.03288175859233543,-1.737381111771369,0.3569421591148986,-1.883365619466759,-1.7378204338387861,-2.2764483624140954,-0.565164328412518,1.7833132829006781,-0.745656437215113,0.31027891401424873,-0.600159118909967,-1.2085977042373326,-1.3203941291007646,-0.9702511656336119,0.1914665557924087,1.6708196022001058,-0.17908371060177278,1.9715218595530595,1.1492584964225236,1.670386489190637,-0.191466555792408,0.9702511656336112,-0.6481676444393714,0.41596727218528484,0.36374368258659734,-0.018131260198663828,-0.4942207832702994,0.3845801819166189,0.10608304780917345,0.6772228733838963,-0.17027518936292965,1.4168180860790833,-0.2553016945782196,-0.2776578835933038,0.7414286251489338,1.209981533145967,-1.3019408143182878,-1.4418395571298541,-1.545025353873546,0.10046155601764112,1
1.0329145883058024,1.3924927752062353,-0.4445202009343899,-0.13478617003801185,1,0,0,1,0,0,-0.596493238681898,-0.049495443007215444,0.15000090842273722,-0.5251775905086485,0.9267508140923566,0.3678028962197327,-0.6353815495567443,-0.77908509233051,0.04562223432130636,-1.0217633979061231,-0.26902704805964683,1.0044049924332321,0.9803611912120698,-1.0612826516176745,-0.6226659445227616,-0.6167798058627726,-0.9804513598950128,-0.7805914523781506,0.3169427525726682,1.055548651906717,-0.17690760922383103,0.44554566502481424,-0.682171345545487,0.4081376466890074,-0.41234728511218416,-1.055548651906717,-0.31694275257266885,-0.9545452942874786,-0.4846237089171882,0.391036510778763,-0.0052107597040024186,-0.3918111018575571,0.7941451013999841,1.247911984700014,1.1755363964676604,0.20179139169817292,0.05677446769459199,0.8069707847160468,1.0269620630759395,0.4691369264526849,0.6176725260912207,0.6331731362065233,-0.28942660841731066,0.23638866577426285,1.0283361423219313,1
0.5703098658755232,-0.7204640344536393,0.27967722576327125,-0.4281154315628296,1,0,0,0,1,0,1.3720609339627678,-0.6716705668497771,-0.4001058925245282,-0.2578414506002932,-1.052211945648511,-0.3172963126776874,1.013370726721597,0.8727675983383127,-0.5385052233985059,0.4932392228459233,0.09193919285431111,-0.7696661897413718,-0.2532882148794511,0.49702689757781027,1.1300760698879182,-0.2749209570507067,0.07711460452216394,-0.7293771157766978,-1.1598770966922176,0.10061909740348675,-0.9124932439145661,-0.06581551984325923,0.45988563185759535,-0.5898688471195277,-0.8316202453407354,-0.10061909740348675,1.159877096692217,0.18740776423728422,0.641115017460903,-0.8644335860608106,-0.8579637923516437,-0.7843815472730677,-1.0646495331783645,-0.5463906304141645,-0.04256332662598434,-0.4183195767369984,-0.7481493064513315,0.19995793940503753,0.826251302049903,0.9618552383792308,0.6345956405784983,-0.28679906978068154,0.6160407084282594,0.7374113588002092,0.40975308478573785,0
-0.5091011531284612,-1.3131226517972627,-0.15484123025532542,-0.8681093238500562,1,0,0,1,0,0,-0.40720918361991093,-0.24835889380549214,0.29072590401389814,-0.544273029073531,0.6294993601968331,0.22962035343298154,0.6279899343109558,-1.7220102861007196,0.08200571308357606,0.19135867448901778,0.6214441331675162,1.6796134041276245,-0.1077947896578043,0.3857759459452993,-0.7971960971175657,-0.21600188956510372,0.19847409287721965,-0.10329623687356035,0.5641420291796073,1.7312831610328523,-0.4877725109001431,1.5648996097538632,-0.3291656248630098,-0.061709710764866726,-0.9087564792696963,-1.7312831610328516,-0.564142029179608,0.29881781872750485,-0.7848207026180125,-0.18211288125669506,-0.26362076959722697,-0.1699234587966153,-0.18250970659880966,0.10608304780917345,-0.1532996650890431,-0.4183195767369984,-0.5399793648618685,1.243261267283335,-0.4076637174397142,-0.5065749938755397,-0.4950222514473384,-0.8181623266870849,-0.7215814641845144,0.0832983984607791,-0.2242945491888607,1
1.3670179989498932,-0.7462318004251005,0.5693561964423357,0.3052077222492148,0,1,0,0,1,0,0.2742134146032426,-0.5449096537678346,0.07324181991846762,-0.5153405463994666,-0.1343170824758242,-0.020807555824561053,0.42418943171299806,-2.9620254842847813,0.9821566719144837,1.1855237856368175,0.8575627535514335,0.7284632154089455,-0.4399932616118268,-0.050602998561843436,0.14991278367572863,0.6369951763071839,0.3396633053235512,-0.19519889829089496,0.20465562353765385,0.7905619868667512,-0.6404076506386536,4.2156522700673875,-0.7025223523422697,-1.2647618315418416,-1.3054473113784524,-0.7905619868667512,-0.20465562353765385,-0.17467491285593337,-0.03432821836595151,-0.4914316007678933,-0.10857476366129187,0.03489590402886805,-1.3166894836296663,0.10608304780917345,0.012804842605544792,-0.6663639641110671,-0.8314172830871166,2.7797625319768278,-1.3450742035954124,-1.436904964421056,-1.7346403876404854,-0.7626467625326843,-0.20711139779498602,0.18071947766026855,-1.2604211705619852,1
2.1123256073097876,-1.0296772261111817,-0.8790386569529866,-0.4281154315628296,1,0,0,1,0,0,-0.7100636717190902,0.2877583624401544,1.6468031342559943,-0.6860421941764467,1.9474231684090368,0.7514942286178962,-0.21916798895951778,-1.2002939310964977,0.9609136821692689,0.9687065752125477,1.0857326622615862,0.03298367476525782,-1.2647340064289092,0.05974604772725531,-0.7607245340133733,0.39063167512913544,0.6019117830951597,1.0631870457084474,0.7646392799752116,-0.7133741297612541,0.3644559707114745,0.8853639507822306,-0.9210540331946513,-0.7118146667232603,-0.37351041817797254,0.7133741297612541,-0.7646392799752123,0.04814519612450831,-0.7097714541928067,-1.6069330893092284e-4,0.2015172482105774,0.4445346296798359,0.19555021907814235,-0.30171300108041293,-0.6516131881728072,0.20179139169817292,1.0097302003041335,1.843951062122355,2.325499865471665,1.3465212889183753,0.9222885868622325,2.896093275071603,2.5367289562824986,2.2404794378780473,2.1211662106358737,1
0.6474106529472365,-1.0554449920826439,-0.8790386569529866,0.3052077222492148,1,0,0,1,0,0,-0.10435469552073157,-0.4414076238201935,-0.822280879298011,1.4202425444954436,-1.9610054848208391,-1.4370668212149849,-2.4672398442963783,0.23977199507888544,0.0786215411761406,-2.1317678282750587,-2.0534465313449983,-1.7752199255566259,1.5958563981456837,-0.8982049107968697,-0.5040975683277792,0.7781421503792273,-0.3692102677538327,0.15390391028469483,0.2430696413654208,-2.662261760184529,2.5332812991285594,-0.8340884657932329,0.6744795367632171,2.513778224407099,2.8198382737011656,2.662261760184529,-0.24306964136542153,-0.8152827261747027,-0.40957446049198204,0.23637715102316323,0.6149732640397371,0.4274663494443799,-0.11949971898598452,0.4323198869208419,0.34501385799472056,0.20179139169817292,2.33276582907272,-0.7864379342253526,-0.02220782410562002,0.3265079414213163,1.3622895635314727,0.15732544345452057,-0.8656330827735822,-1.712032918215528,0.5953280020465953,0
-1.074506924987691,1.1348151154916164,-0.4445202009343899,0.5985369837740325,1,0,0,1,0,0,0.097548296545388,-0.5204878264768181,0.09882818275322415,-0.5193910939738356,-0.002463908699471738,0.001104886235473924,-0.6106962276549615,-2.048460343161995,2.1034177848507354,-0.5720042567785177,0.6267319928749298,-0.05402596696072483,-1.095268026960532,-0.7470317080895104,-0.8827467229501549,1.2779304513208007,-0.3330768470476952,0.22519376538124236,0.21054164239835904,-0.28249761283093816,0.1027626898317969,1.9272598191257455,-1.5912457163693616,0.44246754831369944,-0.5949244040566298,0.28249761283093816,-0.21054164239835974,-0.7874302125521474,-0.9349191994684248,-0.5187244289600577,0.17567624722125458,0.03489590402886805,-1.0016395455655394,-0.30171300108041293,-0.4301405112466897,-0.29429738304996345,0.3620903820258042,2.400379503657447,1.0634549287170376,-0.03654765684034838,0.1438253204474232,1.3945294446097283,1.6038232358961542,1.5724491805101195,0.6571863078002155,0
-1.5885121721324456,0.0783367106616796,-0.15484123025532542,0.3052077222492148,1,0,0,1,0,0,1.2837283749338404,-0.6652743739878442,-0.6431763394547153,-0.020595092672964856,-1.5192487930362464,-0.4957261980236865,-0.5751564573028992,-0.09431052697438662,-0.16195092267755123,-1.036958758184792,-1.7135862045408734,-0.5258130215657072,1.9950274679908317,-0.19733440908492356,-0.057247206136856646,-1.3287405753336812,-0.43371593215573845,-1.3605184991887005,0.23272740579640494,-0.9479624556455367,0.6025948383029965,0.07209516362312951,-1.1138637982695303,0.9707990892870475,0.8994644794222582,0.9479624556455367,-0.23272740579640566,-0.2821060368286461,-0.18442671521636386,-0.39915584830867085,-0.9890145830832072,-1.0818572885196043,-0.11049829218415236,1.2945172474302522,1.2783629964690728,-0.834679798400613,0.3898463742377325,-0.1035484832504671,-0.49661507743988936,-0.9571529238609991,-0.5669454880182719,0.7917890337905242,-0.4540570296619595,-0.8769950965056176,-0.332546584257695,0
0.2619067175886707,0.0010334127472937634,1.4383931084795292,-0.8681093238500562,1,0,0,1,0,0,-0.3188766245909836,-0.2966210763091675,-0.0035172685858019803,-0.4858294140719209,0.3119934650207991,0.1473368975340747,1.7876147965404088,0.8056078334915302,0.8060682541389027,1.5872510664774286,1.6240089661257728,0.19383444871582314,-1.2977512916679506,2.324058894923619,0.8097780367976418,0.8689234527438771,1.7320306655127362,1.4030016263564564,0.3422533759207262,-0.07507566165750797,-0.16354962570145173,-0.29450417315228583,-0.22873803550497132,-0.4268218307147344,-0.7415331773413988,0.07507566165750797,-0.3422533759207269,2.8891015856251374,1.3165582532877582,1.3371878881071357,1.6615338041072958,2.4585916974637634,-0.024984737566746233,-0.30171300108041293,-0.4855086804782194,1.814079909629618,-0.026493508941193386,-0.1035484832504671,0.5981708917930423,0.37837302688726915,0.17767154942198057,0.1890486229713212,0.8629863402952329,0.9044189231421907,0.5334696962929761,1
0.7502117023761872,0.6452275620338409,0.5693561964423357,-1.161438585374874,1,0,0,1,0,0,-0.14221150653312897,-0.4105896036672442,0.25234635976176334,-0.536171933924793,0.29056942728381224,0.09859289376787443,1.0584727853261218,0.4639084929820541,-0.21893161782648682,1.1370911983814023,0.07004324527668133,0.49560602133579773,0.030592585281315265,0.48571230148765876,-0.07528451010683203,-0.7096477438873318,0.15033315376850434,-0.38109653135735855,-0.37315522795503414,1.046038314370867,-0.9865141654074578,-0.7121473349908863,-0.41384068861782547,-1.3870690681173299,-0.46312623774451644,-1.046038314370867,0.3731552279550334,0.6330479821981672,0.11577027848446049,0.6002815269186915,0.11107374474794844,0.17144214591252482,0.6051151385615076,-0.05703537174666111,0.12354118106860354,0.6358690696027934,-0.8314172830871166,-0.482931511569848,0.7715120035882557,0.4172718409867329,-0.194636969298146,1.5531453421937294,-0.37174181903963527,0.1250502895462747,0.7190446135538346,1
1.0329145883058024,-0.35971531085317227,-0.4445202009343899,-0.13478617003801185,1,0,0,1,0,0,-0.596493238681898,-0.049495443007215444,0.9047986120480549,-0.6223907322935051,1.2939416520459155,0.4429312689969955,-0.10411363231322823,-0.4824618444306785,-0.13293252890682117,0.021059328863407632,0.2874907782601852,1.0200858684315808,0.5847359635538705,-1.055784405472231,-0.43409538165628614,-0.7428382823892884,-1.1496480066022101,-0.8220239069064365,0.48455582139920894,0.910698895591472,-0.9101547978813003,0.22732679866473476,-0.5647576144686768,-1.1684210784481976,-1.1762984429994214,-0.910698895591472,-0.48455582139920966,-0.8988402670423681,-0.18442671521636386,0.8186241524560076,0.26611975068388355,-0.22112829950298704,1.3297299961089997,1.9819448727012692,1.839954427246013,0.6358690696027934,-0.8314172830871166,0.27583454506891375,0.1876261533306929,-0.1402778277722523,-0.5838686025055501,0.31594134103852145,-0.04248097655033679,0.45906541823023866,-0.332546584257695,1
-0.5091011531284612,-0.7204640344536393,-0.15484123025532542,-0.4281154315628296,1,0,0,0,1,0,-0.40720918361991093,-0.24835889380549214,-0.4001058925245282,-0.2578414506002932,0.026326101818902607,0.008259969357117997,0.7828144912053473,-0.27562970788206914,-0.037770150002870685,0.5605288822812003,0.35793911549948665,0.6526500620612493,0.06274395428607649,0.33045494477938603,-0.8286469734537213,-0.04556398027955537,0.15796346821324436,-0.0868939213934526,0.6912331826893887,0.2045801889163758,-0.7583359186468968,-0.45180992305603546,0.005845654353993969,-0.6006044865763672,-0.550173382274109,-0.2045801889163758,-0.6912331826893894,0.18740776423728422,-0.8598699510432187,-0.3913578973966235,-0.354064273059855,-0.27233314020935756,-0.43454965705011084,0.2692014673650073,-0.04256332662598434,-0.6043528672675491,-0.7481493064513315,-0.482931511569848,-0.21379536872138252,-0.17917664187171697,-0.39771434314548676,-0.2550758902638815,-0.12479618717266176,-0.04195727479570725,-0.45626319576493324,0
1.3670179989498932,2.113990222407169,0.5693561964423357,-0.8681093238500562,0,1,0,1,0,0,0.2742134146032426,-0.5449096537678346,-0.7327286093763631,0.28898247193952453,-1.4428893577510453,-0.64240540201739,0.09463024582577063,0.38666207816007253,-0.1156916582077559,-0.20157585226530106,-1.0067653275306694,-0.21578987295965837,1.0645088691149416,0.2304932645551732,-0.20288260321042415,0.33691432759884266,0.17813277072641065,-0.028226874242136463,0.5745878774132874,-0.8641809106868654,0.0987204937479047,-0.733949175010686,0.49672077980644364,0.4489493780144039,1.2812861843110228,0.8641809106868654,-0.5745878774132882,0.0759977097470634,-0.3345252120667762,-0.4732363819731166,-0.23777976860790415,-0.15285517856115927,-0.7811045889206503,0.4323198869208419,0.17890935030013266,-0.6663639641110671,0.05677446769459199,-0.7105613285614767,-0.0951935553878152,0.1709126850234604,0.34690269429476517,0.37938770007212164,-0.37174181903963527,-0.7656567202776299,0.22417816752487937,0
-1.0488066626304537,1.1348151154916164,0.27967722576327125,0.5985369837740325,1,0,0,1,0,0,-0.7983962307480176,1.4245362756291338,0.09882818275322415,-0.5193910939738356,2.1076124518177646,1.4969644513541882,1.9772649786154126,-1.8126553560183891,1.7916903978244896,1.6998631432364306,2.663785174900741,1.5214717098222856,-2.24461107365111,2.9009457077087912,-0.48674179589323074,0.6537489492486623,2.5665593404589497,2.8370145613300517,2.328753814450042,-0.23452373259539866,0.14915568561091552,2.0003191166714305,-1.7923461491231176,0.24855086740834964,-0.6932586497605724,0.23452373259539866,-2.3287538144500424,2.63842896302214,-0.4846237089171882,-0.10933200607758836,0.24027874969456073,1.2979486414526862,0.038025250046078915,-0.9541866793037505,-1.7036084035718644,0.6358690696027934,0.44535835866158957,2.5521327149851984,1.1911799584608802,-0.06248019957332482,0.04228663352375219,1.7434844192945298,1.5215080252738291,1.5167799923961247,0.6571863078002155,1
0.2619067175886707,0.0783367106616796,1.4383931084795292,0.3052077222492148,1,0,0,1,0,0,-0.3188766245909836,-0.2966210763091675,-0.6431763394547153,-0.020595092672964856,-0.5908200138511871,-0.21220602932854002,1.3334022971172688,0.544355132476633,1.4344111078723398,0.8237189592861346,0.6076484748779178,0.00976012539945382,-0.1732534367249246,2.3782748531966695,0.7138609330449647,0.797311312412713,1.7605557712298583,1.43748218009726,0.8847583482611033,-0.8641809106868654,0.5222158582038889,-0.03201429105163353,-1.159667060953118,0.6329457936559946,0.613448788149193,0.8641809106868654,-0.884758348261104,2.8891015856251374,1.1664597564373458,1.2280165753384769,1.519408298666023,2.3220454555801067,0.006520256239666901,0.18764225758709038,-0.2086678343205727,1.6280466190990672,0.3343343898138759,-0.17942508891434333,-0.4509989953885172,-0.944186652494511,-0.6684841749419423,0.8235122133073248,-0.37174181903963527,-0.7656567202776299,-0.3944048900113141,0
1.0329145883058024,0.7482986259196881,-0.4445202009343899,0.5985369837740325,1,0,0,1,0,0,-0.596493238681898,-0.049495443007215444,-0.15703544559434116,-0.4059757618915031,0.6883790002734415,0.27568120102856525,-1.4906286825985549,-0.21872776610845945,-0.17324213118488052,-1.1160425001135361,-0.45741955606485796,0.9496876476619573,1.3948662113977095,-1.0946349062323781,-0.471618367268241,-0.6650914295054395,-1.0534887130746973,-0.6095721497983041,0.6060821098378343,0.6941558255444424,0.9790091684610046,-0.1722462038562311,-0.43152494850454054,0.4630800422238044,-4.6073523766551746e-4,-0.6941558255444424,-0.606082109837835,-0.9545452942874786,-0.25947596364157,0.6821600114951846,0.2015172482105774,-0.23819657973844427,1.2982250023025865,1.9003856629233515,1.6738499195514247,0.5118468759157585,0.9727222106882286,-0.1035484832504671,0.19674936974096682,-0.06248019957332482,0.12690220596014448,0.1890486229713212,-0.6186874509066087,-0.3759724034796717,0.2860364732784985,0
-0.7147032519863632,0.7482986259196881,-0.4445202009343899,0.5985369837740325,0,1,0,1,0,0,-0.38197130961164594,-0.2617327516077154,-0.15703544559434116,-0.4059757618915031,0.2676872612875594,0.11245586731605983,-1.1015282801383828,-0.3070425913192742,0.24939300233862752,-0.5411849471274851,0.1368540568653816,-0.3155005626308178,-0.391378541306652,-0.5691719246633637,-0.637323399840464,-0.11739452076162558,-0.18540068180008268,0.03759946422341739,-0.45503125954306783,0.020989325180847843,0.9629920069284392,-0.21703099867805514,-0.4588987607929483,0.5472658068250696,-0.14120841781221297,-0.020989325180847843,0.4550312595430671,-0.7317251853070371,-0.8598699510432187,-1.073678602200739,-0.9613277963089331,-0.972132629863095,-0.5290646384693491,-1.0357458890816678,-0.983822203561983,-1.1004416420156866,0.917210226264372,-0.17942508891434333,0.0872707728176734,-0.16621037050522874,0.05920974801103089,-0.0647368131630805,-0.04248097655033679,-0.04195727479570725,-0.08511336124321738,0
-0.4577006284139859,1.2636539453489257,0.5693561964423357,1.0385308760612593,0,1,0,0,1,0,-0.19268725454965888,-0.36930508610385926,-0.2977604411855021,-0.3272794090180478,-0.10848538199981154,-0.031092987811924405,-0.6748210831801882,-1.379679116506575,1.3576465240181173,-0.5950758664515687,-0.09056185720567853,-1.440030179577827,-0.738079870297507,-0.3670683245623428,-0.56798773387419,1.6510819127289262,-0.09246908408118401,0.27712770627893546,-0.5860329100839196,-1.3828091085042093,0.5715847982600456,1.3246552427377876,-0.19677018720062958,0.7122183435840727,0.388296116371764,1.3828091085042093,0.5860329100839188,-0.3139374809687093,-0.4846237089171882,0.1817914946388332,1.0284292798688959,0.9395147565080901,-1.0646495331783645,-0.709509049969999,-0.5408768497097485,0.5738579727592754,0.8339422496285867,1.717490052682561,0.9813459810245673,0.7154960824159574,0.9899810448113461,0.728342674756924,1.3568776040291806,0.6817421706862145,0.904619530814692,0
-0.5091011531284612,-0.30817977891024867,-0.15484123025532542,-1.8947617391869185,1,0,0,1,0,0,0.3246891626197725,-0.5513058466297674,0.5849690766135982,-0.5778347089754458,0.12404130800831252,0.022570135600406147,0.4838206612606382,-1.9963339044542734,1.2898040858391018,0.78689290045272,1.8179179874779976,1.7780223791085445,-1.160668155961932,-0.4788521587689387,-0.9481367494652714,-0.3402741116729071,0.40578281126634125,1.119103126210568,1.5677883443965623,0.8700970699576539,-1.1512278418827147,1.7902083530233626,-2.105148060355744,-0.6606742529124471,-1.2707960310137398,-0.8700970699576539,-1.567788344396563,-0.38821085062885646,-0.8098371187597482,0.35464607318920965,0.11538057824616953,0.27954125407041913,1.3822383191196879,-0.08422177500596675,-0.725437413814846,0.2431321229271842,-0.9424412519348303,2.400379503657447,1.3280282046149967,-0.1532440991387405,-0.39771434314548676,2.187608932529733,0.7806711296729086,1.461110804282131,1.275769365336409,1
-0.7661037767008384,-0.17934094905293926,1.7280720791585935,1.0385308760612593,1,0,0,1,0,0,0.1858808555743153,-0.5367690446708291,-0.579210432367824,-0.08135330628850015,-0.8693028347133664,-0.34994137942018844,-1.0909321925745883,0.4014082694438102,0.2220015936277545,-1.6328848316252473,-1.6133394181554188,-0.3409864486648049,1.6992296427256917,0.09483308263626565,-0.7745591958826856,1.2085820227652686,-1.371554657464565,-0.380845358554874,0.6464168285569918,-1.106173187055868,1.6117238687950513,-1.326881846183093,0.9110247620865985,0.8459119423730945,1.725598891362214,1.106173187055868,-0.6464168285569925,0.438080386840281,-0.40957446049198204,1.3644807162993,1.8941028130111983,1.0931292786272029,0.5421051509486824,1.6557080335896,1.397009073393778,1.13195784435093,1.2780381250194413,-1.317574173872486,-0.4692454282090663,0.04124997135858002,0.38074892326932136,-0.15990635171348128,-1.0302635040182315,-1.4893561657595522,0.038603250264021984,0
-0.9460056132015023,0.2587110724619126,-0.8790386569529866,-0.4281154315628296,1,0,0,1,0,0,-0.2684008765744537,-0.33325381724569214,-0.5536240695330674,-0.09292629935812594,-0.42509869784254545,-0.18448008223216925,-0.5723643214691309,0.14229997474876152,0.007126435824314576,0.09518268066910597,-0.003403084117440337,1.0497471364670303,0.8825640414827726,0.017525974367461925,0.9565348010881334,-1.261017477749863,0.8117479581562339,-0.16227202267769955,1.2835884720915032,0.15868247298249136,0.8133982689809675,0.7629243843413788,-1.2769430295855155,0.6763297189787287,-0.1540028704363303,-0.15868247298249136,-1.2835884720915038,0.38237535959517033,1.5417059985633763,1.4827496384653478,0.47284775859846334,0.8029685146244333,1.5817699465603012,3.2053330193700265,2.5043724580243647,1.3179911348814817,1.1392581639597994,1.1863538130354276,1.127317443588959,0.19684522775643593,0.46536449570571364,1.4262526241265279,1.0276167615398821,1.2384340518261547,1.4613442825972665,1
0.15910566815972013,-0.10203765113855341,-1.8929150543297122,-0.13478617003801185,1,0,0,1,0,0,0.6275436507189519,-0.585612699252862,-0.4896581624461761,-0.15368451297366123,-0.923865887798175,-0.3316064789209755,0.070028329647815,-0.7177606066322344,-0.46293758232463655,0.5187232736731913,0.39238435663315263,-0.5157576009361062,-0.8629159457563922,-0.5828578584770553,0.176285021376698,-0.8221432191505901,-0.11345771703538696,-0.5873821319863931,-0.8414861286385814,0.13114384342216406,-0.6797608016394537,1.1617474225931026,-0.1933234645179551,-0.8132644075520288,-1.0835832082548449,-0.13114384342216406,0.8414861286385807,-0.5367575899491508,0.19081952690966666,0.09081540066495114,-0.354064273059855,-0.3747428216220998,0.3215701943037938,-0.13859458152457876,0.2896456887631914,0.20179139169817292,-0.5538573609678327,1.33810702436318,0.5434315933313949,0.35244048415429274,-0.008482709938082702,0.062155904904119784,1.439192814651505,1.6837875567381073,0.5334696962929761,1
-0.9974061379159777,-0.41125084279609675,1.7280720791585935,-0.4281154315628296,1,0,0,1,0,0,-0.6974447347149578,0.24124059617155166,-0.054689994255315046,-0.4748350706557764,1.1375512902166303,0.5524934792971703,2.9375850474837,0.6712800384393632,0.15926815281640996,2.0038952128837897,2.5824916433156373,1.5521705531615766,-2.263665052645161,3.25772855273714,0.6889251956458763,0.49421013905578526,1.7152425185772509,2.466669723830154,1.9784005630035764,0.1548219174366513,-0.8296995320245809,-0.23120278209232523,0.2789086278922127,-1.0063280319942765,-0.9491427293156951,-0.1548219174366513,-1.978400563003577,3.529709398943906,0.9413120111617277,0.74584327727690225,0.9121447754169449,1.6563825263972836,1.1722050270769362,-0.7910682597479163,-1.482135726645747,1.4420133285685155,-0.47058938433204756,0.4275877563966659,2.158240897949969,2.012123219064761,1.3622895635314727,0.9821281108913258,1.7684536571408034,2.073471873536065,1.4613442825972665,1
-1.3572098109173063,-0.8235350983394863,0.27967722576327125,0.3052077222492148,0,1,0,0,1,0,-0.36935237260751347,-0.2628956957644305,-0.5920036137852022,-0.0639938166840615,-0.38414517959279965,-0.15272940087987366,-0.9077319052542009,0.3743996759817208,0.23436751676223097,-1.4501832543653588,-1.156099134993529,0.08774235958567883,1.4165252092293723,-0.36696988389060764,0.22754004501115718,0.11334158820186485,-1.1217390430997096,-0.6063702215465754,0.6464168285569918,-0.5214382267650228,0.8955513267913163,-0.285930683019323,-0.20649088125047932,0.8468067853036036,0.9109829956091695,0.5214382267650228,-0.6464168285569925,-0.23037994010104354,0.41596727218528484,0.5911839175213025,0.5632912620610914,0.0519641842643253,0.5736101447550955,1.6557080335896,1.397009073393778,0.5738579727592754,1.3057941172313696,0.12408133374116129,1.3462746374355445,1.0137203238451828,1.345366449044194,1.489698983160128,0.03983423407198747,-0.2089648391376897,1.5850608941045057,0
-0.8689048261297889,-0.7204640344536393,-0.15484123025532542,0.3052077222492148,1,0,0,1,0,0,-0.05387894750420167,-0.47106269981642773,-0.438485436776663,-0.22312247139141586,-0.4264272092065851,-0.1898463945734023,-0.5207407621560722,-1.5995299206838824,0.2552210079460847,-1.016048723747514,-1.1016935253996323,-1.4445609275123452,0.43346251671730757,-1.081774945989091,0.6235949436712743,0.6524743935043334,-0.9811359682764264,-1.7713239638751892,-1.4375436385994584,-0.5444705351245722,-0.3567940738532331,2.8201087392871527,0.3067781732645497,0.39973864462880687,-0.29709755096624224,0.5444705351245722,1.4375436385994576,-1.1495128896453646,0.11577027848446049,-1.1373618679824566,-0.6770767854263857,-0.9892009100985523,-2.1043143287899837,-0.30171300108041293,0.4557501964577793,-1.1004416420156866,-0.38732140769626244,2.476256109321323,-0.22291858513165644,-0.03654765684034838,0.12690220596014448,-1.016432198667086,0.5337254978059351,0.29205785388825667,-0.5181215015185524,0
-1.460010860346257,-1.8542457371979617,1.4383931084795292,1.478524768348486,1,0,0,1,0,0,-0.4576849316364408,-0.2030040716936045,-0.2721740783507456,-0.3371164531272297,0.2700766546821054,0.10440639880421025,0.47973347593164767,0.2940311123574621,0.5666202891269603,0.14576197939588809,0.6704596427687705,-0.6398293922164691,-1.298302254238664,1.0000079644968818,0.8660589768977902,0.4397699760320551,0.3579580257648644,0.32358964474913865,-0.8350596325743129,-0.04444900248725973,0.3321150991002637,0.4640319416892652,-0.33266250247119733,0.15803002047402379,-0.5557080655236649,0.04444900248725973,0.8350596325743123,0.8558680911786088,0.7161642658861095,-0.19121049065408274,0.05939174276930372,0.20557870638343811,-0.49755964466293656,-1.1173050988595852,-0.9284540343304539,0.139780294854656,0.7506742729928018,1.0346006017076752,1.5652318312821314,1.1174504947770867,1.1253659607095745,0.664896315723324,1.6038232358961542,1.739456744852101,1.708777505611744,1
-0.5091011531284612,0.49062096620506923,-0.15484123025532542,1.0385308760612593,1,0,0,1,0,0,0.3246891626197725,-0.5513058466297674,0.11162136417060241,-0.5211270429342795,-0.13706727454065257,-0.02125474851966381,0.800667481044085,-0.37575406653506066,-1.9909416422358175,2.107751044988605,2.3306400002962233,2.0164535736243754,-1.7612579096363994,-0.3089227011242345,-0.985558932635189,-0.4038930142032429,0.14172459388212882,0.8650790779236606,0.6912331826893902,2.0646455188684105,-1.422019545837516,-0.47157705471662736,2.315810393895734,-2.7069039997551556,-2.1853648001157038,-2.064645518868411,-0.6912331826893908,-0.20252742647848845,-0.8277059874324162,0.4456221671630917,0.1553726035867877,0.21045535787928354,1.4647513981364821,-0.4531801049536876,-0.7781690035591601,0.4055421384697296,-1.4420491117495413,-0.8623145398892288,-1.554908181031724,-0.37367071236903754,-1.3623318689203594,-2.570867994990295,-0.7010026615289333,0.3477270420022505,-1.569712699330082,0
0.15910566815972013,-0.9523739281967958,-1.8929150543297122,-0.8681093238500562,1,0,0,1,0,0,0.6275436507189519,-0.585612699252862,-0.2849672597681238,-0.3290153579784917,-0.6346408519163901,-0.19610709230484086,-0.12428312985368714,-0.8446786738622388,0.49503348025478594,-0.48531243143980335,0.14907721051768416,-1.7348478620774617,-1.7291079993367113,-0.4707423976485057,-0.26657102934331256,-0.6159094381739321,-0.010282493269167218,-0.22549816593748126,-0.6280087910670794,-1.7432740970581044,-0.29754153969352476,0.8923029830810967,-1.2956569385130683,0.6454298408169414,-0.41396274425447127,1.7432740970581044,0.6280087910670786,-0.45320004908148526,-0.25947596364157,-0.027453521501095285,-0.3411437725651945,-0.32353798091572933,0.3215701943037938,-0.22015379130249568,0.06817301183707392,0.20179139169817292,0.029018475482663446,1.4898602356909325,1.50136931641021,0.4691369264526849,0.7192112130148905,1.4579758036433286,4.0732795545658895,2.96417888335997,0.904619530814692,0
-0.9974061379159777,-1.6481036094262664,1.7280720791585935,-0.4281154315628296,1,0,0,1,0,0,-0.6974447347149578,0.24124059617155166,1.0327304262218375,-0.628177228828318,1.699771030344814,0.6709995434994003,2.9358821953606244,2.3656453472133925,0.2781633833285588,2.1852434335275635,1.83264922378865,3.58039967844287,-0.675889727297247,3.2404505051930115,1.005836881769695,0.26974093813579914,1.8174965147509934,2.424636418822315,2.449787948101917,2.4535682696765635,-0.8445956962204957,-2.239297172413864,-0.10919503442906853,-1.1499244662401218,-0.015348200895781003,-2.453568269676564,-2.4497879481019176,3.696824480679237,1.391607501712964,1.0278691685959374,1.0284292798688959,1.8270653287518537,1.518759958947476,-0.46483142063624716,-1.3160312189511594,1.5660355222555504,-0.7481493064513315,-2.0763402305112475,0.33359761589508324,0.22277777048941236,-0.2623294272472596,1.2041903675089267,-1.4418395571298541,-0.5429799678216537,0.7809029193074537,1
-0.8689048261297889,-0.7204640344536393,-0.8790386569529866,0.3052077222492148,1,0,0,1,0,0,-0.7226826087232228,0.31392460596624344,-0.438485436776663,-0.22312247139141586,0.843988333151166,0.41386374381531643,-0.6539251063554916,-2.6249172900700257,-0.032443881584934546,-0.7983213791429683,-0.15694467585849736,-0.029610145478146645,0.28560680636344993,-1.1324634067183894,-0.6479412646164024,0.03905703665541661,-0.4704355802428217,-0.3459115537023238,0.5011638236457423,-0.5374328853480426,-0.22224531389433036,2.9536880232978397,0.08360042819551111,0.6120048113214993,-0.13367954083641262,0.5374328853480426,-0.501163823645743,-0.8152827261747027,-0.03432821836595151,2.3288273124224506,1.9974668169684888,1.6563825263972836,1.6132749403667133,2.471300131368772,2.3382679503297763,2.4962019749083075,-0.3040534310604773,2.476256109321323,-0.39625969692687113,-0.2958730841701091,-0.0423289389126401,-0.9212626601166852,0.36909507656128593,0.1250502895462747,-0.6418381130257917,0
-0.1749977424843705,0.49062096620506923,1.0038746524609323,1.0385308760612593,1,0,0,1,0,0,-0.5586364276695006,-0.0843837677086675,0.11162136417060241,-0.5211270429342795,0.8047602167982526,0.33784098564784815,2.1037999419279734,-0.48917931412652044,-1.2590046813277924,2.46306049249922,2.600632902376894,1.6531236805824605,-2.0819806641010827,1.5019786911409239,-1.2529412963037394,0.7768510385233734,0.8627244042890341,1.696133865668035,0.6912331826893887,1.56910687884258,-1.4246256205067935,-0.5837551250106097,2.5017619507690254,-2.4719730706903413,-1.725005547440626,-1.5691068788425793,-0.6912331826893894,1.4129183636297125,-1.1600669447440433,0.03622974428062242,0.4340862571144791,0.785900234388976,0.25856020669096863,-1.0357458890816678,-1.3713993881826885,0.5738579727592754,-1.4420491117495413,-0.9381911455531051,-1.527538531800901,-0.2699405414371327,-1.1931007240475748,-2.4756984564398943,-0.5363722402842841,0.23638866577426285,-1.5078543935764617,1
-0.8175043014153137,-0.7204640344536393,0.27967722576327125,0.3052077222492148,0,1,0,1,0,0,-0.571255364673633,-0.06693960535794147,-0.438485436776663,-0.22312247139141586,0.2862315061001322,0.12095252852301216,0.7087326873317809,-2.0608130059528,-0.340003970888329,0.18102240518326237,0.8032594863536622,0.35211887641017386,-0.5603311268544684,0.9002767441906371,-0.36364464458008167,-0.10341861945480282,1.0885503890656862,1.2059857094781454,0.8164553486475558,-0.329502323768793,-0.08596413904338544,2.4642393030352947,0.36087107950635805,0.8348383412911009,0.13313364656510365,0.329502323768793,-0.8164553486475564,1.1343932274041606,-0.10937746679115769,0.8277217618533966,0.6408142650290589,1.0931292786272029,1.0776900456576979,0.2692014673650073,-0.09793149585751397,1.1939689411944467,-0.22078545442469194,1.9451198696741894,-0.5513543759015367,-0.2958730841701091,0.04228663352375219,-1.175048096251087,-0.04248097655033679,-0.2089648391376897,-0.7036964187794109,1
-0.8175043014153137,-1.0039094601397194,0.27967722576327125,1.7718540298733036,0,1,0,1,0,0,-0.571255364673633,-0.06693960535794147,-0.7199354279589849,0.24269049966102146,-0.4369598684263855,-0.23903759103470532,-1.9105329896684324,-0.836640625930434,-0.31615701975407157,-0.6260249711746738,-1.138053268671637,-1.498741121562624,1.0316284177033646,0.9030501374138358,-0.40258157490551666,-0.0914018587359647,1.0231493956906594,1.035751485366429,0.5209310369862826,-2.560757196099982,3.5589596866522677,0.7450181312528688,0.3403471840586827,1.860256774892598,2.4907347193214058,2.560757196099982,-0.5209310369862833,1.1900982546492709,-0.10937746679115769,0.9732835122116075,0.7700192699756713,1.195538960039945,1.0461850518512859,0.5138790966987595,0.2896456887631914,1.3800022317249987,4.109149330636137,1.1863538130354276,1.172933525640331,1.1952481229760152,2.005367914048054,1.648314880744129,-0.28942660841731066,-1.211010225189582,1.708777505611744,0
0.15910566815972013,1.5213316050635446,-1.8929150543297122,0.3052077222492148,1,0,0,1,0,0,0.5896868397065544,-0.585612699252862,0.5465895323614635,-0.5772560593219644,-0.029012537990543184,-0.004261426105759132,0.009122814963162447,0.8611465737440154,-0.9748863997491573,0.5713188580248695,0.2632436877987936,0.8891667529358986,0.13296138084742076,-0.6122805235260618,-0.3034186857373627,-0.5507242398865901,-0.32806981699941756,-0.4572200635119455,-0.7279513648365089,1.934690701407091,-0.6244689811061092,-1.4859088763964259,0.7792776179020162,-1.097123333443086,-0.7886160881069919,-1.934690701407091,0.7279513648365081,-0.5646101035717058,-0.25947596364157,0.09081540066495114,-0.21193876761858224,-0.32353798091572933,0.3530751881102058,-0.22015379130249568,0.12354118106860354,0.20179139169817292,-0.7759052986632599,-1.5452039908641146,-1.0896241441077272,-0.5811310542328463,-0.939254006738398,-1.3019408143182878,-1.277209135885205,-0.5986491559356475,-0.9511296417938885,1
-0.35489957898503444,-0.87507063028241,-0.15484123025532542,0.3052077222492148,1,0,0,1,0,0,0.9430170758222637,-0.628060160972962,-0.3233468040202586,-0.3070266711462027,-0.8085330381007336,-0.24574548146124664,-1.5289609008504088,-0.7904919318759038,0.6626964863351064,-1.6189509452910673,-0.8949903441110656,0.17656454602536362,1.228661849231256,-0.977710788653582,0.31549682541348234,-1.0229400003580762,-1.4569925840160975,-1.4347896688099517,-1.2649401125490116,1.4953651847184546,1.1491402516597402,1.4010327782633272,-1.933884345686109,0.7423693754242967,-0.2372615720835516,-1.4953651847184546,1.264940112549011,-0.9823978079100336,0.11577027848446049,-0.4732363819731166,-0.8967252938356269,-1.347634795043149,0.16404522527173035,-0.38327221085833024,0.2342775195316623,-0.8523972546416179,1.5555980471387252,1.9451198696741894,1.2732889061533492,-0.08841274230630035,0.2115177783965368,2.1241625734961316,-0.8656330827735822,-0.26463402725168356,1.646919199858125,0
0.8787130141623758,0.3102466044048362,0.5693561964423357,0.5985369837740325,1,0,0,1,0,0,-0.5081606796529707,-0.13962361515263325,0.5977622580309765,-0.5818852565498148,0.961700747616901,0.3423129125988757,-1.1914537545163049,-0.9208968386838108,1.1273465193067314,-0.4269867506674612,0.5250565471512475,0.7945541888144578,-0.07120788983648749,-0.4594285627838672,-1.1943725131100886,1.0976923347027916,-0.7364142287256209,6.59973233080157e-4,0.09517567272851181,0.9892830742375731,1.1976898422031028,0.06746364729816771,-0.43804552289314885,-0.1533841900762901,-0.6819548910388972,-0.9892830742375731,-0.09517567272851252,-0.8152827261747027,-1.4602639384448675,-1.965244323144783,-1.2455788071914804,-1.4159079159849774,-1.6947494093066184,-0.9541866793037505,-1.0945585420250417,-1.8445748041378918,1.0004782029001573,-0.02767187758659086,-0.2594114507727547,-0.4385020692014777,-0.4654068010946016,-0.3502454288142823,-0.7833178721512579,-0.4316415915936655,-0.5799798072721716,0
1.6240206225222695,-0.7462318004251005,-0.4445202009343899,0.3052077222492148,1,0,0,0,1,0,0.07231042253712305,-0.5088583849096675,0.11162136417060241,-0.5153405463994666,0.024291240361001047,0.006918391271809734,0.41127345272756316,-2.6902515180524107,-0.619012398131256,0.4967592047053177,0.6238193494935954,0.08063679315803361,-0.39478498611181007,-0.22733126178366328,0.33414080189717515,-1.0913939205946042,-0.994464187186673,-1.0256113208129016,-0.40749033797582196,0.5141229242844115,-0.7990324657352517,4.027189556744045,-0.25053495128560205,-1.657183302202278,-1.8123055422239585,-0.5141229242844115,0.40749033797582124,-0.06326485836571254,0.5660657690356972,0.7094528396873502,-0.018131260198663828,-0.40887938209301433,1.2352150146897614,0.9216751455883455,1.2862727349307197,0.3258135853852078,-0.859173275299045,3.159145560296209,-0.7155722712864762,-0.723760039264214,-1.2607931819966884,-0.826093121566285,0.5337254978059351,0.9044189231421907,-1.0129879475475077,0
0.2876069799459088,-1.7511746733121147,1.4383931084795292,0.5985369837740325,1,0,0,1,0,0,-0.34411449859924853,-0.2966210763091675,1.442112231577942,-0.6727332521463771,0.9954659516426972,0.29178013805226444,2.2492956002732485,-1.2381240028830807,0.32031508259319663,1.980615707584213,2.0643689553384315,1.2803909216518723,-1.2169482977419839,2.346967773252786,0.5384292047776403,0.8048839293703657,1.684876991217593,1.2906116022712442,0.5641420291796073,1.1867913099014362,-0.7826377405494076,2.238750607485706,0.37094927778329445,-1.0049888593387994,-1.4237497139492215,-1.1867913099014362,-0.564142029179608,2.8055440447574718,0.9413120111617277,1.137040481364595,1.4418852956980555,2.2025674939319084,-0.15100471279239655,0.10608304780917345,-0.1532996650890431,1.5660355222555504,-0.7084978890057194,2.2052682319503365,0.19674936974096682,0.36170210655892676,-0.08101034345499072,-0.857816301083085,0.1456680763006908,0.8885134408239068,0.07395085355180434,1
0.7759119647334253,-0.3339475448817109,0.5693561964423357,0.5985369837740325,1,0,0,1,0,0,-0.20530619155379135,-0.36407183739864146,1.774734948429777,-0.6929859900182223,0.9207238193791626,0.2555575297489413,-0.08882291116319439,-1.149976692926164,-0.12430383956174641,0.14173980528369454,0.0831008324810546,0.42160445843531946,0.056124884249454755,0.6631234589208441,-0.16128425399986382,-0.5608947132053784,0.5012314377923881,0.13410761315959718,0.3735052989149339,0.2045801889163758,0.7860955669701428,1.4168080756438903,-0.39371758140729024,0.30553118103726634,0.022894830152588783,-0.2045801889163758,-0.37350529891493456,0.6609004958207222,-0.10937746679115769,0.14540105704928116,-0.173177266134598,0.03489590402886805,0.3845801819166189,0.02452383803125581,-0.1532996650890431,0.015758101167622184,0.8894542340524437,1.5657368413548085,0.48869229486974886,0.19684522775643593,0.31305646532020776,0.506280418139323,-0.12479618717266176,-0.04195727479570725,0.40975308478573785,1
-1.5885121721324456,-1.2873548858258006,-0.15484123025532542,-0.8681093238500562,1,0,0,1,0,0,1.1953958159049132,-0.6565522928124812,0.44424408102243734,-0.570312263480189,-0.3117584407928433,-0.06418524724952825,0.30127275670651665,-1.0673277759804982,-0.734885484740335,-0.41639478577165023,-0.313291199361934,1.4941031040187656,1.546138702360961,-0.16137818165003465,0.03557193395657343,-1.2860229291654268,-0.7385746343111343,-1.6143608522497765,0.13830413819877924,1.9006100729493258,-0.580174279636064,1.5005760509934032,-0.2877159437832558,-0.16983547251092862,-1.1688152594684125,-1.9006100729493258,-0.13830413819877996,-0.30697435256307043,-0.18442671521636386,-0.646090960523493,-1.1551353037288514,-1.3348335848665565,-0.3636634209856824,1.4110304042558486,1.4662192849331896,-1.1004416420156866,-0.6556293324115703,1.0851850054835932,-0.604066292938677,-0.6488438047022833,-0.6666038288878006,-1.1398001190101978,-0.847340813746399,0.013711913318286572,-0.5249946466022879,1
1.2385166871637046,0.0783367106616796,-0.15484123025532542,0.3052077222492148,0,1,0,1,0,0,1.1070632568759857,-0.6391081304617552,-0.68155588370685,-0.009022099603339084,-1.5897796604139562,-0.48454638064611766,1.1800375598807737,1.117960608013807,0.6835626576616096,0.46665989209838515,0.06813763329205298,0.038019476796141316,0.6217844592096938,1.6418266242096513,1.5304486112507638,0.311617037527292,0.9000700626455893,0.5601998798478448,0.6912331826893902,-0.6337026228571595,-3.77134456153994e-4,-0.001266197714611322,-0.6213079820256115,0.26206665897177694,0.458343888226069,0.6337026228571595,-0.6912331826893908,1.4407708772522676,1.3165582532877582,-0.19121049065408274,-0.0052107597040024186,0.3591932285025509,-0.5605696322757617,0.10608304780917345,-0.2086678343205727,-0.17027518936292965,0.029018475482663446,0.04820472807728505,0.16025650409986858,-0.1921429132382052,-0.07617516788719629,0.9504049313745251,-0.6186874509066087,-0.9326642846196119,0.038603250264021984,0
0.15910566815972013,-1.0554449920826439,-1.8929150543297122,0.3052077222492148,1,0,0,1,0,0,0.5896868397065544,-0.585612699252862,-0.822280879298011,1.4202425444954436,-2.4000400173178154,-1.547970609600468,-2.5392161072147807,0.23647721376382017,-0.7389395963990366,-2.3037742601684985,-2.6038800643974898,-2.3797443603223605,1.443209157959929,-0.5439060464250803,0.03557193395657343,-0.47466324968580564,-0.6850316093945477,-0.928154824805301,-1.3500596596423822,-1.9067147440421726,2.9873772955172164,-0.28893721469966904,0.5331643933155564,2.4329847807923874,2.479009075511179,1.9067147440421726,1.3500596596423813,-0.5924626171942612,-0.10937746679115769,-0.4186507255887879,-0.5866332819637576,-0.801449827508525,-0.2770246880180474,-0.46483142063624716,0.17890935030013266,-0.23228628620644656,2.8046176966755025,-0.2553016945782196,0.05990112358685037,0.3265079414213163,1.3284433345569153,0.09387908442092041,-0.6186874509066087,-1.32234860141757,0.9664778365683122,0
0.31330724230314594,-0.7462318004251005,0.5693561964423357,0.3052077222492148,1,0,0,0,1,0,0.6023057767106869,-0.5873571154879346,0.11162136417060241,-0.5153405463994666,-0.278208395179635,-0.05345262256706214,1.363551379307197,-2.383402740302778,-0.3888634087649681,1.3968806716501443,0.8138105409491191,-0.10683406435393182,-1.074613115019851,1.2300736147121798,0.21585856840411377,-0.5012203442853321,0.024340730860072633,-0.8457031466503444,-0.5796783524084306,0.42920901042807535,-0.6669763231424262,3.487537434525141,0.027911198281992636,-1.8629598161146281,-1.8836580803331227,-0.42920901042807535,0.5796783524084299,1.050835686536495,0.11577027848446049,-0.2276009282436361,-0.44450777652248397,-0.40887938209301433,-0.5290646384693491,-0.38327221085833024,-0.1532996650890431,-0.728375060954584,-0.7481493064513315,2.7038859263129513,-0.7155722712864762,-0.5940973255993336,-1.2269469530221315,-0.9529858396334858,0.5337254978059351,0.848749735028197,-1.136704559054746,1
-1.074506924987691,-1.0554449920826439,-0.4445202009343899,0.3052077222492148,1,0,0,1,0,0,0.13540510755778543,-0.5204878264768181,-0.822280879298011,1.4202425444954436,-2.1475364874649885,-1.4978850277489595,-2.671224346569661,-0.48262076298284684,0.499464051926995,-2.2863323643330777,-1.8120046740023315,-1.2048000687915021,1.0901323497723359,-0.5173843455932765,-0.7967403552328662,1.1568631220389316,-0.6100156327849825,0.005633033690283807,0.05260013630273529,-1.6953717729977889,3.197438136752492,-0.13574485423049149,0.4797517790659644,2.4838064630661565,2.361194381897812,1.6953717729977889,-0.052600136302735995,-0.6481676444393714,-0.9349191994684248,-0.8462383672660339,-0.18609776662925942,-0.40887938209301433,-1.0961545269847772,-0.46483142063624716,-0.5408768497097485,-0.6663639641110671,2.8601296810993593,-0.17942508891434333,-0.15905607025973648,0.10608132819102022,1.1084428462222957,-0.15990635171348128,-0.8656330827735822,-1.4893561657595522,0.6571863078002155,0
0.2876069799459088,1.3924927752062353,1.4383931084795292,-0.13478617003801185,1,0,0,1,0,0,-0.34411449859924853,-0.2966210763091675,0.9559713377175679,-0.6235480316004676,0.8393688253692153,0.2537687589685303,1.850523623847017,0.26878209059684655,1.2505036746587639,1.1821531866753663,1.4892345280517367,0.9248149318504182,-0.8470949546184564,2.413469538731577,0.6117682540149039,1.115238030664242,2.0191373099181282,1.398057362163234,0.6225629626478131,0.6438868985692391,-0.1616878196425099,0.2439441525567856,-0.5887737477077144,0.4051293040918373,-0.5711469187987483,-0.6438868985692391,-0.6225629626478137,2.666281476644696,0.8662627627365218,0.7549408866742913,1.2739187892674588,2.185499213696451,-0.9071245641463012,-0.13859458152457876,-0.4301405112466897,1.069946747507413,0.11228645211844858,0.6552175733882943,1.2003031748711541,0.6636309969500054,0.8038267854512828,0.47455723862252236,0.36909507656128593,0.793080546914203,0.9664778365683122,1
0.2876069799459088,0.0783367106616796,1.4383931084795292,0.3052077222492148,1,0,0,1,0,0,-0.34411449859924853,-0.2966210763091675,-0.68155588370685,-0.009022099603339084,-0.6857077656407555,-0.22114988323059512,1.7168122462444695,0.4866169794753569,1.1859228893524245,1.4887770663453315,0.7587436519289019,0.5601062523480362,0.33454742550619654,2.462484336535254,0.6419362727328678,1.074826546404134,2.1634644481058904,1.5687823729417039,0.9573302853504951,-0.18555039652161812,0.07321611425134515,-0.024819409843368216,-0.5410992951375575,0.13401254403048182,0.5452067407545232,0.18555039652161812,-0.9573302853504958,2.777691531134916,0.9413120111617277,0.8641121994429487,1.3514417922354265,2.339113735815564,-0.7495995951142377,0.10608304780917345,-0.319404172783631,1.13195784435093,0.05677446769459199,-0.02767187758659086,-0.0039613912850709025,-0.2829068128036209,-0.21156008378542468,0.9186817518577256,-1.0302635040182315,-1.211010225189582,-0.023255055489598248,1
-0.7661037767008384,0.8771374557769975,-0.15484123025532542,0.3052077222492148,1,0,0,1,0,0,-0.8236341047562825,2.6572570817471064,0.57217589519622,-0.5801493075893709,3.0947800480694916,2.491968197957817,1.2333291452830581,-1.3143577954780872,0.0967150725059158,1.2690387490540451,1.9714141644294398,2.0403865540789163,-1.085759321399335,0.6895858676423393,-1.3192618302141963,0.7242192434583155,1.2279136477440722,2.394094895304757,2.394254639720468,0.40825130337297294,-1.025948125270525,0.48238978221798845,0.5955577521483295,-0.4968113246177892,-0.2255672731653533,-0.40825130337297294,-2.3942546397204683,0.4659329004628361,-1.3101654415944555,-0.50962681956267,-0.08273376267196997,0.4103980692089227,0.25856020669096863,-0.8726274695258333,-1.648240234340335,0.139780294854656,-0.9701972441467586,0.4275877563966659,-0.04957747333644305,0.2616765845888761,0.04228663352375219,-0.4136917878478824,-0.4540570296619595,-0.32030321536567735,-0.1469716669968365,1
0.05630461873076867,-1.7254069073406524,-1.6032360836506476,-0.4281154315628296,1,0,0,1,0,0,-0.4955417426488382,-0.14543833593620858,0.7768667978742723,-0.610239089570398,1.0131065900574485,0.35975342770788316,0.11447395009597887,-0.8004259521856607,-0.25641221198182856,0.454635695394585,0.7254361009934064,2.115851824363235,0.7299642466105661,-0.0833990382007075,-0.16128425399986382,-0.8514631706142952,-0.03590880696434645,-0.6762659518937107,0.22290228200584278,2.664697762972419,-0.24251015052263022,0.9370387140381815,-0.5051142880331191,-0.6497900521313689,-1.6033445377614053,-2.664697762972419,-0.22290228200584347,0.24311279148239442,0.26586877533487285,1.373578325696689,0.6408142650290589,0.59814915179895,1.140700033270523,1.6557080335896,1.6738499195514247,1.069946747507413,-0.7481493064513315,-0.17942508891434333,-2.3577512251358734,-2.1759824323108745,-2.2084875932842825,-2.1267434817550925,-1.853415610241477,-1.0996718489615938,-2.3120123683735136,0
-1.8198145333475857,-1.5450325455404195,1.4383931084795292,1.0385308760612593,1,0,0,1,0,0,-0.25578193957032125,-0.33557970555912225,-0.4768649810287978,-0.19997648525216433,-0.29267660741837764,-0.10353820441857066,0.08800852877780974,0.6821324921121139,-0.31563707701227,0.3272149938645259,0.008830003436888261,0.7081545884026283,0.7646407892347948,0.2638432906234358,0.6999615683095461,-0.45395747336638154,0.1975457243953372,-0.36419662870548075,-0.0741697193470499,1.0393990221288592,0.1412511055895967,-0.23504211948095854,-0.0246970230609308,-0.2461633878172445,-0.36704655973479483,-1.0393990221288592,0.07416971934704919,0.49378541408539117,1.0163612595869336,0.900502637032502,0.49868875958778525,0.5640125913280355,0.5421051509486824,0.9216751455883455,1.0648000580046022,1.13195784435093,-0.10976148557697851,-0.482931511569848,-0.8706669502611417,-0.7496925819971905,-0.7869459763528921,-0.7626467625326843,-1.1948939252628807,-0.9326642846196119,-0.8892713360402683,1
-0.7147032519863632,-1.3646581837401863,-1.168717627632051,0.3052077222492148,1,0,0,0,1,0,-0.6469689866984278,-0.011699757913975716,-0.4001058925245282,-0.25899874990725574,0.5650010954954711,0.19116178165414466,-0.3319236147867589,-0.02246209868712945,1.0141681451831026,-0.02803398316629685,0.047912195466521486,-0.5149534422117975,-0.3437569893026516,-0.8695595306937189,0.18170366938970806,1.2294018416220198,-1.190147993801387,-0.5889633847364029,-0.7076772998718532,-4.693472038239746e-4,-0.40730577108408894,0.21285668253531453,-0.1509715415307716,-1.1422582751644632,-0.6372963134262689,4.693472038232714e-4,0.7076772998718532,-0.8709877534198129,0.04072103005925432,-0.3549674598070702,0.3048812521678669,-0.20406001926752979,-0.9386295579527137,-0.30171300108041293,0.012804842605544792,-0.17027518936292965,-0.47058938433204756,0.04820472807728505,-0.41450612974742024,-0.4255357978349895,-0.8207922053274488,0.030432725387320277,0.36909507656128593,0.4033962301162448,-0.2706882785040748,1
0.05630461873076867,-0.46278637473902035,1.4383931084795292,0.5985369837740325,1,0,0,0,1,0,0.097548296545388,-0.5158360498499579,-0.19541498984647596,-0.3648916364943316,-0.2435542279431793,-0.11471802179613952,0.42941673262914726,0.3814915188493106,-0.8499654371870728,0.13383731369995083,0.03716027760302088,0.8053183374893913,0.4861177600359488,0.26318870091858176,-0.08552371368411671,-0.025115856061087835,0.1028925030903337,0.49875781316845025,0.3586118043630053,0.7426913412446393,-0.3341393709831463,-0.6092848608729745,1.1366922134679596,-0.07877913158426372,0.4386297483831873,-0.7426913412446393,-0.35861180436300605,0.2152602778598393,-0.10937746679115769,-0.082039177885424,-0.08273376267196997,-0.03337721691295973,0.3530751881102058,-0.13859458152457876,-0.319404172783631,0.015758101167622184,-0.24854144663662048,-0.482931511569848,0.3518440487156324,0.9099901529132779,0.8207498999385615,-0.3185222492974822,-0.8656330827735822,-0.6543183440496418,0.8427612250610729,0
-0.6376024649146498,-0.7977673323680251,-2.617112481027373,0.3052077222492148,1,0,0,0,1,0,-0.33149556159511606,-0.2966210763091675,-0.6047967952025805,-0.040847830544809956,-0.46758293208315554,-0.19655428499994362,-1.8316931355720307,-0.4730764064890786,0.19329890280801468,-1.1315802673973094,-0.9575739491628974,1.0721964735329454,0.8937446102599089,-1.7108407266930443,-1.076894430541429,0.05709934105504042,-0.02649753147028997,0.3330226109324792,1.713046056908035,-0.2366301126415829,0.837561997477375,-0.4294969856335063,-0.20686674456927498,1.50241743915868,1.570024794003655,0.2366301126415829,-1.7130460569080357,-1.5951531076062477,-0.9349191994684248,0.35464607318920965,0.33072225315718967,0.3079883877961804,0.5421051509486824,1.0847935651441794,0.2896456887631914,0.20179139169817292,1.055990187324014,-0.17942508891434333,0.8171280856396278,0.5728670973845897,1.1930584186586881,1.267636726542527,-0.28942660841731066,-0.4316415915936655,1.5232025883508855,1
-0.9460056132015023,0.8513696898055362,-0.8790386569529866,-0.8681093238500562,1,0,0,1,0,0,-0.29363875058271866,-0.31290229450317847,-0.4896581624461761,-0.1808810466872818,-0.27059816987164415,-0.10085504824795413,-1.3895974859673101,1.193437906138692,-0.24452914926963049,-0.42031988703264134,-0.9174192587306432,2.0289904979148283,2.6311337429873207,-0.3547147016913071,1.128029437088619,-1.1724731476574792,0.7362086020038029,-0.5016123983670482,1.88757056985998,0.895231533445257,1.577842380336847,-0.5079958526947759,-0.8439429016898827,1.2978368980057213,0.7029630917691544,-0.895231533445257,-1.8875705698599807,-0.11896988561082296,1.5417059985633763,1.0733572155828786,0.21443774870523882,0.512807750621665,0.8571550890128092,4.020925117149199,2.83658147341354,0.5118468759157585,2.0829618991653644,-0.1035484832504671,1.4101371523074657,0.6765972683164937,1.209981533145967,1.648314880744129,-0.7010026615289333,-0.3759724034796717,1.8324941171189824,0
-0.38059984134227254,0.5936920300909173,-0.4445202009343899,-0.8681093238500562,1,0,0,1,0,0,-0.028641073495936725,-0.4797847809917908,-0.3745195296897717,-0.28098743673954474,-0.3544578334460412,-0.15183501548966816,0.007165634249741488,-0.4314422473704083,0.30345170175661795,0.07664595664055743,0.06434042465804561,0.15730889133283077,-0.1284720729617882,-0.7375669459157491,0.07237294238759821,-0.032633951979369635,-0.7493329729922381,-0.8825642116053706,-0.39487744041716594,0.6061852033378367,-0.746932190727926,0.6646696493766067,-0.4476226165264163,-0.8465694916495942,-0.94529787863707615,-0.6061852033378367,0.3948774404171652,-0.4253475354589299,0.641115017460903,1.7283850921948283,1.4418852956980555,1.0077878774499178,0.8886600828192224,1.166352774922097,1.5631135810883663,1.069946747507413,-0.7759052986632599,0.4275877563966659,-0.4601222117987924,-0.6070635969658218,-0.8715615487892844,-0.2550758902638815,0.2044646553166367,0.5704037944582268,-0.8274130302866491,1
-0.07219669305541997,-0.87507063028241,-0.15484123025532542,-0.8681093238500562,1,0,0,1,0,0,-0.48292280564470574,-0.15706777750335926,-0.7327286093763631,0.31502170634618254,-0.6890749195677589,-0.3642515456634766,0.5524427688168936,1.2423536940698052,-0.3301347091301367,0.2459008352349392,-0.15083130877400894,-0.1846616123901535,0.1967030805848541,-0.45061367504463096,0.8622975337950763,-0.2709824118706446,-0.5103210042598616,-0.7450038978624816,0.20841782115995966,-0.4585626723352234,-1.218432992673577,-0.8413386940147654,0.1789940164732988,-0.838221736404095,-0.5312632145047883,0.4585626723352234,-0.20841782115996035,-0.3974950218363748,0.8662627627365218,0.16359627584405784,-0.0052107597040024186,-0.20406001926752979,0.006520256239666901,1.4925896140337656,1.5077454118568363,0.3258135853852078,-0.9146852597229018,-0.2553016945782196,2.38632130820683,2.1417859327296416,1.5653669373788135,1.6165917012273294,2.673920973986373,2.5744945665620116,2.451077174655176,1
0.15910566815972013,-0.1535731830814779,-0.4445202009343899,1.0385308760612593,1,0,0,1,0,0,-0.5586364276695006,-0.05472869171243325,-0.6175899766199587,-0.03506133400999707,-0.10780569463178374,-0.014994050788225242,-0.8760899410303518,1.1093764272322446,-1.024078741179578,-0.21508026165691496,-1.00192905770312,-1.0314138018630417,0.5227631056880166,-0.4157517409564857,0.34919685452071014,-0.6322572138947495,-0.11345771703538463,-0.4229817802827985,0.07500831336893375,-1.4811177417461807,0.8028101484861051,-1.172836218756129,0.7645924207224324,0.17805682762254119,0.889597463733597,1.4811177417461807,-0.07500831336893446,-0.4253475354589299,0.26586877533487285,-0.1457224436671417,-0.44450777652248397,-0.4600842227993849,0.1325402314653172,0.35076067714292497,0.34501385799472056,-0.10826409251941274,0.7506742729928018,-1.0899443568808573,0.041654690766301246,0.4302381123532211,0.4822876101929924,0.062155904904119784,0.4514102871836102,-0.2089648391376897,0.16231986177126023,0
1.1614159000919912,0.49062096620506923,-0.4445202009343899,1.0385308760612593,1,0,0,1,0,0,-0.5207796166571032,-0.1134573716265442,0.03486227566633282,-0.4950878085276215,0.6664749668314865,0.29535767961308645,1.4004317448589418,-0.3261450823787756,-0.5157243471697109,2.023714690624811,1.9412533788122164,0.893724734325159,-1.5127927478191008,0.4558557372261413,-1.2412257496655226,1.640083611298679,0.5290202784265605,0.9315200986038659,-0.35307242775419667,1.56910687884258,-1.491848750062829,-0.7957883471447048,2.3531383197435645,-2.2093405354772933,-1.6142763966021472,-1.5691068788425793,0.35307242775419595,0.4102278732177254,-1.1600669447440433,-0.027453521501095285,0.821701271954316,1.0248561576853752,-1.0646495331783645,-0.9541866793037505,-0.9284540343304539,0.139780294854656,-1.46980510396147,-1.0140677512169813,-1.1717330918001976,0.028283699992091807,-0.8546384343020056,-2.317082558855893,-0.5363722402842841,0.23638866577426285,-1.2604211705619852,0
-0.2263982671988458,-1.2873548858258006,-0.15484123025532542,-0.13478617003801185,1,0,0,1,0,0,-0.4198281206240434,-0.22684442690626339,-0.23379453409861076,-0.35563324203863095,0.24892536821462935,0.10038166454828545,0.6381055222610454,-0.6474885954478246,-0.17591666748971546,0.3896529341862509,0.43801976914545593,-0.44402121380813553,-0.7462633148080258,0.604699959146114,0.47373570714993196,-0.4874019886148346,0.36025441421274385,0.004878606107907125,-0.3224700655433951,-0.28577009270635834,-0.2830921876981662,1.363276449144489,-0.24930801598762956,-0.16917386543985852,-0.564684143009181,0.28577009270635834,0.32247006554339436,0.605195468575612,0.491016520610491,0.14540105704928116,-0.1344157646506147,0.017827623793410803,0.29006520049738066,-0.46483142063624716,-0.3747723420151606,-0.046252995675895824,-0.27629743884854874,1.2622304186993043,-0.013084607695344815,-0.1402778277722523,-0.194636969298146,-0.2233527107470814,0.6160407084282594,0.514734606344233,-0.20882997275045564,1
0.08200488108800677,-0.9008383962538722,-0.15484123025532542,-1.6014324776621007,1,0,0,1,0,0,0.29945128861150755,-0.5483984862379798,-0.7966945164632545,0.676677739771988,-1.913965681136189,-0.944707663906852,1.3612390362827425,1.0213835641450015,-0.7270196166710308,1.5720284591340865,1.256573847236634,0.5045799665201091,-0.7623812603290079,0.6903206053677015,1.3660482387655934,-0.46374915771212816,0.6911338142918414,0.11516887936754065,0.1359000988749071,0.5534028300138731,-1.2030758010995388,-0.0334038583006394,0.5278369915882162,-1.4383925699781266,-1.521167548425326,-0.5534028300138731,-0.1359000988749078,0.5216379277079463,1.0914105080121401,-0.3458698504096825,-0.5220307794904515,-0.23819657973844427,-0.2140147004052217,0.02452383803125581,-0.04256332662598434,-0.4183195767369984,-1.0812212129944723,0.12408133374116129,0.48869229486974886,0.7025298110494701,0.025363519036474696,-0.5723076854318833,0.6983559190505837,1.127095675598167,-0.08511336124321738,0
-1.7170134839186342,-0.7719995663965628,-0.4445202009343899,-0.13478617003801185,1,0,0,1,0,0,0.7789708947685415,-0.6158492473274538,-0.8478672421327675,2.6469798098757753,-3.205280666373276,-2.5192731433636513,-0.16449817640006303,1.3543226175506264,-1.1482539667888678,-0.692294230482679,-2.1322498243500956,-2.9364062706642557,0.49486844937025365,0.5681852717869079,0.5928019498655188,-0.8119948555564097,0.4057828112663389,-0.5443446738617771,-1.4375436385994584,-2.579169651910668,0.7964627474605247,-1.2649943153104761,0.7537251179871278,1.3376121317852716,2.2405825747155013,2.5791696519106675,1.4375436385994576,-0.06326485836571254,-0.18442671521636386,-1.82878018218396,-1.865762830935219,-1.6548638392813753,-1.348194477436079,-1.85133798686084,-1.648240234340335,-2.0306080946684437,0.6118943119331598,-1.2416975682086098,-0.3415203984652251,0.08014878545804377,0.6176725260912207,0.1890486229713212,-0.6186874509066087,-1.4893561657595522,0.16231986177126023,0
-0.7147032519863632,-1.8284779712265005,-1.168717627632051,1.478524768348486,1,0,0,1,0,0,-0.6469689866984278,-0.011699757913975716,-0.2721740783507456,-0.3313299565924168,0.726359610397128,0.24706086854198897,-0.8406795652411904,-0.06351831860220357,1.3038397843736063,-0.8805705193325215,-0.19143290162328702,0.17188275663437153,0.19323377264863292,-0.7681450208725751,0.3055564610131058,1.1551049341191113,-1.0433171621835933,-0.6019994756614595,-0.5008818372323651,0.7311960875261709,0.4014639457983613,0.39328064061496854,-0.6216236032355249,0.15505852332210723,-0.3388631705715488,-0.7311960875261709,0.5008818372323643,-0.7317251853070371,0.26586877533487285,-0.03655113089848297,0.5632912620610914,0.08610074473523979,-0.8126095827270634,0.02452383803125581,0.2896456887631914,0.139780294854656,0.4731143508735179,0.5034643620605421,0.3700904815361815,-0.02358138547386016,0.04228663352375219,0.37938770007212164,-0.04248097655033679,0.3477270420022505,0.7809029193074537,1
1.0072143259485644,-0.46278637473902035,-0.15484123025532542,0.5985369837740325,1,0,0,0,1,0,-0.7479204827314877,0.5552355184846202,-0.19541498984647596,-0.3648916364943316,1.3087653055230202,0.7090109225831345,0.039110405597326474,0.7093750692260438,-0.6576655500375624,0.393315235124152,0.026339759376584084,1.1436239266743424,0.6895048546162449,-0.1688740729881888,0.48886787177599367,0.2821004298404654,0.5469839604160308,0.4874344133761772,0.8018189915875111,0.7645323233097284,-0.2231209549832075,-0.4839024426932323,1.1825345651556205,0.011036423862666258,0.4416418560466597,-0.7645323233097284,-0.8018189915875119,-0.007559831120602114,0.7161642658861095,0.6912576208925736,0.7441782689863493,0.9565830367435462,0.25856020669096863,0.758556726032511,0.40038202722625016,1.0079356506638961,-0.05424950115312168,-0.2553016945782196,0.7441423543574326,1.298978293907919,1.2269046476332444,-0.1916295312302808,-0.7833178721512579,-0.5429799678216537,1.2139110595827887,1
-0.6376024649146498,-1.4677292476260335,-2.617112481027373,1.478524768348486,1,0,0,1,0,0,-0.33149556159511606,-0.2966210763091675,-0.46407179961141953,-0.2167573252031217,-0.179089721910377,-0.060607705688706215,-2.5656543489064876,-1.5168674869589471,-0.2430558467305844,-1.0323937869256465,-0.5791969129406769,0.7890366497435887,0.8685358120922956,-1.7121569537955272,-1.1609445834661436,0.35623324574746984,0.29777098438848004,0.5965051540164268,2.0704407007075165,-0.9772859963810728,1.8568377726037049,0.9189394314764533,0.6902455418727292,1.6899620125494499,1.3353555361399903,0.9772859963810728,-2.070440700707518,-1.5951531076062477,-1.009968447893631,0.391036510778763,0.5245297605771081,0.6322857122698633,0.29006520049738066,1.0032343553662626,0.06817301183707392,0.2638024885416898,1.5833540393506536,0.7310941790521709,-0.2776578835933038,0.10608132819102022,0.7869036709640054,-0.826093121566285,-0.7833178721512579,-1.211010225189582,-0.023255055489598248,0
-0.9974061379159777,0.8513696898055362,1.7280720791585935,-0.8681093238500562,1,0,0,1,0,0,-0.7226826087232228,0.33427612870875717,-0.4896581624461761,-0.1808810466872818,0.7589312018430256,0.39687042140141177,1.5391355438792251,0.7131449062437474,1.1057127554756077,0.46682251488344434,1.5240931881000463,2.6821638526506923,-0.6486080597091611,3.602202423394768,0.6965048064242555,0.2388325694358257,1.8854849503522049,2.63531420125684,2.678091549225648,1.002053003267564,1.4590727775221495,-0.281070539310603,-1.271542678973918,1.2389675004981104,0.5914756067731769,-1.002053003267564,-2.6780915492256487,4.253874753130341,1.1664597564373458,1.273504622325418,1.2222367872888142,2.0660212520482517,1.9283248784308402,-0.46483142063624716,-1.3713993881826885,1.876091006473136,1.916425945893794,0.12408133374116129,1.3280282046149967,0.35244048415429274,0.854596128913119,1.9972698554289314,-0.7010026615289333,-0.32030321536567735,1.8324941171189824,0
-0.38059984134227254,-0.07626988516709207,-0.4445202009343899,-0.13478617003801185,1,0,0,1,0,0,-0.028641073495936725,-0.4797847809917908,-0.5024513438635544,-0.15368451297366123,-0.5554835976506626,-0.2502174084122742,-0.7757899462862331,-0.45404836290565764,-0.09837414204120884,-0.49835270825499833,-0.32094853009401697,-0.732762014516733,-0.26198445734152337,-1.0336196988626802,0.3640342250973692,-0.2876779400646466,-0.8800391726700242,-0.9844130032122387,-0.5464277599204057,-0.4574595924329467,0.04597418079803028,0.9878771227443254,-0.15460783848659337,-0.19938942138117066,-0.5438388893064041,0.4574595924329467,0.546427759920405,-0.8988402670423681,0.5660657690356972,0.6275743551108558,0.369483754641173,-0.01630893667750248,0.3845801819166189,0.5138790966987595,0.8986955503100138,-0.046252995675895824,0.1400424443303771,1.1104772073715516,0.42482977999782756,0.2746428559553643,0.17767154942198057,0.030432725387320277,1.7684536571408034,1.6281183686241134,0.5334696962929761,0
0.4932090788038099,-0.1535731830814779,1.0038746524609323,1.0385308760612593,1,0,0,1,0,0,0.04707254852885811,-0.5001363037343045,-0.6175899766199587,-0.03506133400999707,-0.8697304262564663,-0.35754365523693526,-1.7170764344912082,0.4023337048178348,1.203542811773622,-1.8103593461575567,-1.9499000337322978,-2.2157491441241306,1.0262659102766776,-1.6428369241186476,-0.8987858227127383,2.3145699098233585,-2.383024294500546,-1.7270973331421482,-1.3546042819258675,-1.6785375276851617,0.7461332828126022,-1.4525995429605087,0.6806362004839085,0.08271258395550529,0.8487911484939958,1.6785375276851617,1.3546042819258675,-1.5951531076062477,-1.0850176963188372,-1.155557086777232,0.03355074177998182,-0.9209277891567239,-2.2303343040156345,-0.30171300108041293,0.40038202722625016,-1.2864749325462383,0.77843026520473,-1.317574173872486,0.2788583174334372,0.5987996401175653,0.600749411603942,0.3476645205553221,0.7806711296729086,0.013711913318286572,0.2860364732784985,0
-0.7147032519863632,-0.7719995663965628,-1.168717627632051,-0.13478617003801185,1,0,0,1,0,0,-0.6469689866984278,-0.011699757913975716,-0.8478672421327675,2.6469798098757753,-1.7939475649876047,-2.054639933151889,-0.8896894842798436,1.1453323647365992,0.4019220811194118,-1.2514036919283464,-1.7608667614818923,-2.0076029440880174,1.206620077633798,-0.6842229750985086,0.27746940681326665,1.2774619521135677,-0.514934886882313,-0.2256630420706531,-0.16027754582615011,-2.579169651910668,0.5534673505694631,-1.2940418539073468,0.7342851145534703,1.1799650347321176,2.0688969912403548,2.5791696519106675,0.16027754582614942,-0.6760201580619267,0.19081952690966666,-0.17301527185930607,0.49868875958778525,0.2567835470898098,-1.0646495331783645,-0.05703537174666111,0.012804842605544792,-0.046252995675895824,0.44535835866158957,-1.2416975682086098,-0.1864257194905595,0.20981149912292413,0.6853649840403343,0.28421816152172197,-0.6186874509066087,-1.4893561657595522,0.22417816752487937,0
-1.460010860346257,1.0059762856343069,1.4383931084795292,-0.13478617003801185,1,0,0,1,0,0,-0.44506599463230834,-0.2204482340443305,-0.7711081536284979,0.5551613125409173,-0.9908671104863503,-0.59858051789732,1.752343995531266,0.2782527104239018,0.2677297393334608,0.8082853932544846,0.43649506840179975,0.19814613243229665,-0.6622900597684924,2.258399422106435,0.8704244907655658,0.5839300024752113,1.8370760911842192,1.2253568128814463,1.116988546947158,-0.8375679493470506,-0.18011088990870466,0.49006156947530216,0.22079781582462762,0.7296717850737414,0.6288574647377501,0.8375679493470506,-1.1169885469471588,1.9978211497033713,0.7161642658861095,-0.20030810005147043,0.12399424524260985,0.8712416355662611,-0.9071245641463012,-0.6279498401920818,-1.0945585420250417,-0.046252995675895824,-0.19302946221276363,0.4275877563966659,-0.06782390615699217,0.054216242725068246,0.34690269429476517,-0.1916295312302808,0.28677986593896093,-0.09762646290970158,0.22417816752487937,1
-0.07219669305541997,0.8513696898055362,-0.15484123025532542,-0.8681093238500562,1,0,0,1,0,0,-0.48292280564470574,-0.15706777750335926,-0.4896581624461761,-0.1808810466872818,0.011799837888473583,0.01899259403958411,-0.9005536295550163,1.0621519099720054,0.9798346752988842,-0.8326727051875975,-0.6993189327906779,1.372975436522683,1.6499106553783933,0.2805254100713937,1.1889063208636828,-0.06108055592509097,0.4422623009371736,-0.056274406157624184,1.0387885820834852,0.8423168734713579,1.532539428215495,-0.26681657704077777,-1.400846893907862,1.5634268321530138,0.8542078577588622,-0.8423168734713579,-1.038788582083486,0.5216379277079463,1.5417059985633763,0.9368930746220554,0.7570987694810098,0.9224464762726329,0.29006520049738066,2.063504082479186,1.5631135810883663,1.0079356506638961,1.8609139614699375,0.04820472807728505,1.0178388466656656,0.04124997135858002,0.6684418695530556,1.9338234963953311,-0.9479482933959068,-0.7099875321636356,1.5232025883508855,0
-0.2263982671988458,-0.1535731830814779,-0.15484123025532542,1.0385308760612593,1,0,0,1,0,0,-0.4198281206240434,-0.22684442690626339,-0.6175899766199587,-0.03506133400999707,-0.3747141134432819,-0.1473630885386406,-0.17976160461444934,1.0689934500380118,-0.3459489490310127,0.40546495175295755,-0.2637166398724846,-1.2938668557489053,-0.590095504117634,0.4986697272933059,-0.11763543183657381,0.07639530250679678,0.5267149860648908,0.35986438462489834,-0.2859102762628674,-1.4811177417461794,0.7482278029643369,-1.5850716515952112,0.5496937141682348,-0.02547542747283128,0.6941820772782228,1.4811177417461794,0.28591027626286675,0.6887530094432773,0.11577027848446049,0.7367456678795146,0.6666552660183818,0.8712416355662611,0.3845801819166189,-0.5463906304141645,-0.4855086804782194,0.6358690696027934,0.917210226264372,-1.3934507795363622,0.6802798394855113,0.8840576101803024,0.8207498999385615,0.6966194952401235,1.1099319721622063,0.4033962301162448,0.7190446135538346,0
-0.14929748012713334,-0.7719995663965628,1.0038746524609323,-0.13478617003801185,1,0,0,1,0,0,-0.596493238681898,-0.03786600144006476,-0.8478672421327675,2.6469798098757753,-1.9495568978653288,-2.074763604431513,0.390139267170395,-0.3396866543307523,-0.16073862488858914,-0.7488433229207536,-0.8829441114256197,-0.9104990147310074,1.1620890515529538,0.9751864383137642,-1.7251726988168867,0.46381486933081284,0.08196553634362778,0.7371157442081631,1.59596333173715,-2.824669062719801,0.43189665084859674,-1.2620095445206176,0.6858242985404994,1.0929146406839199,1.8675206441740595,2.824669062719801,-1.5959633317371507,1.1343932274041606,-1.535313186870074,0.6184767457134681,0.7829397704703327,0.785900234388976,0.6681251261743327,1.3294711944779316,0.5664865349208381,0.6978801664463103,0.41760236644966076,-1.1658209625447336,0.0872707728176734,0.4302381123532211,0.8715192434003977,0.41111087958892223,-0.20711139779498602,-1.211010225189582,0.34789477903211874,0
0.5189093411610479,-2.8334208441135136,-1.168717627632051,-0.4281154315628296,1,0,0,0,1,0,1.2080147529090457,-0.6559708207341236,11.011411931776884,-0.8058226724470735,1.1376802756500735,0.11826937235239564,0.3487475818720326,-0.12018147734266858,0.5474537734455582,0.9932041072665508,1.7365569283625955,2.9452569002006133,-1.0891401849210068e-4,-1.0336196988626802,-0.23316994061316898,0.7490649332323175,-0.8611917460240569,-0.7413463090498437,0.5119677661598024,3.5092157361558383,-1.517722626384667,-0.06863167855840126,0.004350370241657365,-2.195697666295481,-2.9813894358587363,-3.509215736155838,-0.5119677661598031,-0.8988402670423681,-0.03432821836595151,0.6275743551108558,0.9509062769009282,0.512807750621665,-0.34003467563087314,1.5741488238116832,1.397009073393778,-0.046252995675895824,-1.5808290728091832,-0.9381911455531051,-2.722679881546851,-2.3056451459757548,-2.716181027902636,-2.761207072091096,-1.853415610241477,-0.5429799678216537,-2.9305954259097073,1
1.521219573093319,1.1863506474345409,0.27967722576327125,0.3052077222492148,1,0,0,1,0,0,0.5392110916900246,-0.5827053388610743,3.015673545915469,-0.7433285098710943,0.6617126647507771,0.12631884086424522,-0.17735498188515544,-1.2533925695292865,-0.27784707961323285,-0.48326828815394324,-0.0021505636634747485,0.08292538638161374,0.1950852210579652,-0.41132491244236047,-1.4563907537132619,0.6177659332643143,-0.8984733002329283,-0.6597090303593403,-1.7516254646912552,1.850341145974121,-0.16437458640853847,0.26134035108350256,1.0006214515747063,-0.23804646510990465,-0.6412816281135085,-1.850341145974121,1.7516254646912537,-0.5367575899491508,-1.4602639384448675,-0.7279694450999874,-0.3282232720705331,-0.6478353053894121,-0.9701345517591269,-1.1173050988595852,-0.4855086804782194,-0.6663639641110671,-0.3318094232724056,-0.02767187758659086,-0.7429419205172992,-0.16621037050522874,-0.24540631275998087,-1.7460653275534903,-1.3595243465075295,-0.7656567202776299,-0.76555472453303,1
-0.6890029896291251,1.907848094635473,0.27967722576327125,0.5985369837740325,1,0,0,0,1,0,-0.43244705762817587,-0.22102970612268805,0.40586453677030254,-0.5656830662523388,0.7321476781556202,0.26718453982161294,-1.8900781121557755,1.3492744945316684,0.9821022798184094,-1.0286090924400073,-1.2774135519186351,-0.46960369452302514,1.8833391846878982,0.10506668318798942,2.4887028915675526,0.7118485223960178,0.8028646177165906,0.21611832917317397,0.633698674005907,-1.2689780594871891,2.733181016433763,0.6412063357475631,-0.6272276025346892,2.185691335133854,1.8716976644734713,1.2689780594871891,-0.6336986740059076,-0.007559831120602114,2.067050737539819,-0.3731626786018469,0.03355074177998182,0.3591932285025509,-1.2851844898232538,0.5138790966987595,0.2342775195316623,-0.4803306735805153,3.0544216265828577,0.9587239960437993,0.890113816921823,0.39133929825375646,1.294597105582359,1.5848685217105287,-1.277209135885205,-1.7677021063295222,0.904619530814692,0
-1.280109023845593,0.6967630939767645,-0.8790386569529866,-0.4281154315628296,1,0,0,1,0,0,0.43825959565696476,-0.57572767392078394,0.2651395411791416,-0.5436943794200497,-0.10199984030292901,-0.022596326604972072,-0.20830190905481777,1.3047498130276127,-0.23567771252866881,-0.3663534578775152,-0.7468925712159882,0.42591226522906744,1.0418804988184847,-0.6590673843416957,1.8254303478145844,-0.34483413490093384,-0.25428946409835146,-1.3808906436902437,-1.9849433926451614,2.5495362211746806,-0.3688834897086987,0.037865984532089725,-0.024345721621448106,0.24277080673974505,-0.37717402264309013,-2.5495362211746806,1.9849433926451607,-0.7595776989295921,1.2415090048625523,-0.8098479296764806,-0.8450432918569822,-0.8867912286858101,-1.3166894836296663,-0.8726274695258333,0.012804842605544792,-0.728375060954584,-0.6648813298155464,-0.482931511569848,-1.5457849646214488,-1.3202085221226638,-1.159254495073018,-1.5240030709358887,-2.018046031486126,-1.4336869776455579,-1.2604211705619852,0
0.930113538876852,0.43908543426214564,1.0038746524609323,1.478524768348486,1,0,0,1,0,0,0.47611640666936217,-0.5786350343125716,1.7107690413428855,-0.6889354424438532,0.4224480644276545,0.08741307639030557,-0.9162641619472642,1.0216257257590053,0.9891274037206113,-1.1198240360800482,-0.03220358315882955,0.6936391630382382,0.825306011232228,-0.27090957967423435,1.2952239574697249,0.3891014153746822,-0.3491655884355115,-0.17424923141229579,0.4073962731842086,0.5419904249708541,1.0033979615501387,-0.10468644295366905,-0.9611608991961407,1.1665834072103414,-0.12825422430510464,-0.5419904249708541,-0.40739627318420935,-0.17467491285593337,1.391607501712964,0.4001341201761507,0.5503707615664309,0.3762615087380082,0.006520256239666901,1.247911984700014,1.1201682272361313,0.3258135853852078,1.2780381250194413,0.19995793940503753,0.9539763317937442,0.2487103132223888,0.7192112130148905,0.6014499566897238,-0.04248097655033679,0.23638866577426285,0.8427612250610729,0
1.3670179989498932,-0.35971531085317227,0.5693561964423357,-0.13478617003801185,0,1,0,1,0,0,-0.11697363252486404,-0.4041934108053113,1.1222826961434853,-0.6339637253631308,0.6472232773968738,0.17908757888637028,1.0091258961039558,-0.36239904122111577,1.0214714513845768,1.3856218269081206,1.083300602239771,1.1708350722398488,-0.4285702173760876,0.5061569972498621,-0.24309788710196292,0.36412368905788933,0.3281671697962371,0.03346763196461057,0.11065768597424898,1.4871304482518777,-0.8974680155944706,0.25387393052053175,-1.030476501990426,-1.546480747249429,-1.37566920993651,-1.487130448251877,-0.11065768597424969,0.35452284597261524,-0.3345252120667762,-0.3549674598070702,-0.12149526415595328,0.017827623793410803,-0.7811045889206503,-0.13859458152457876,-0.2086678343205727,-0.35630847989348147,-0.9146852597229018,0.04820472807728505,-0.5148615102604385,-0.9312203811280227,-1.396178097894916,0.2207718024881207,-0.6186874509066087,0.06938110143228039,-0.8274130302866491,0
1.2385166871637046,-1.2100515879114147,-0.15484123025532542,-1.161438585374874,0,1,0,1,0,0,1.0565875088594558,-0.6332934096781798,0.8408327049611636,-0.6137109874912857,-0.09048161172082919,-0.012758087312711469,1.7719638636994752,0.158844371852286,-0.14865911132935114,1.3020493957428942,1.1103595463032119,1.573818838256803,-0.2296810644944472,1.6640730111838224,1.626491330502469,0.3041196547304162,0.5980405792622464,0.10008609905823528,0.7547787594442794,1.3979208031972914,-0.8012367412565281,1.411364424106841,0.5088329091133076,-1.165977931228126,-1.3458071955724638,-1.3979208031972914,-0.7547787594442801,1.1900982546492709,1.0914105080121401,-0.7825551014843162,-0.5220307794904515,-0.27233314020935756,-1.1276595207911904,0.18764225758709038,-0.1532996650890431,-1.1004416420156866,-0.9701972441467586,0.5793409677244183,-1.4545528005187045,-1.0219842806934394,-1.3454087544330806,-1.7460653275534903,-0.7010026615289333,-0.09762646290970158,-1.4459960878228426,1
1.0329145883058024,-1.0039094601397194,-0.4445202009343899,-0.4281154315628296,1,0,0,1,0,0,-0.571255364673633,-0.049495443007215444,1.5444576829169683,-0.6814129969485965,1.431590577983005,0.48854492389747645,-1.017837038978823,-0.6403857569582709,0.607760823447811,-0.19400638410326718,-0.11040714883381066,-0.07999040640158954,0.10846345088637434,-1.0160173907259902,-0.11342162248871612,-0.3272708156225431,-0.861338182109025,-0.5034246192833396,0.5493147279367994,-0.653901033058197,0.4001345741551224,0.7653262570998524,-1.1597050135847813,-0.5919980884040181,-0.3479614562980526,0.653901033058197,-0.5493147279368,-0.8988402670423681,0.04072103005925432,0.48201260475264507,0.22735824919990022,-0.135786898325702,0.7941451013999841,1.3294711944779316,1.1201682272361313,0.2638024885416898,0.8775588088187601,1.446502175311575,1.7346629931872282,0.7321670027442998,0.42668309116336306,2.586414617883792,2.0271586048109658,1.763314968329527,1.5762239932825601,1
0.5189093411610479,1.5213316050635446,-1.168717627632051,0.3052077222492148,1,0,0,1,0,0,1.2080147529090457,-0.6559708207341236,0.5337963509440852,-0.5772560593219644,-0.27214128165594753,-0.05837174221319244,-0.49586859043168874,0.85282164920682,-0.0909292237206419,-0.05076189717899933,-0.08863102481779142,0.8033642664513369,0.846802504841588,-1.0639943381666475,-0.3366168538382132,0.7509895446269169,-0.5946374104955755,-0.5743499347128483,-6.192842294857107e-4,1.0963072413460702,-0.3736132602581055,-1.507739852231702,0.8789753621676101,-0.5210562290999937,-0.44551625004995676,-1.0963072413460702,6.192842294857107e-4,-1.0102503215325889,-0.3345252120667762,-0.06384395909064733,0.33072225315718967,0.06903246449978255,-0.8126095827270634,0.5138790966987595,0.5664865349208381,-0.5423417704240322,-0.44283339212011924,-1.4693273852002382,-0.42362934615769415,0.06718251409155555,-0.14386762583630988,-1.0798785577006862,-0.7833178721512579,-0.3759724034796717,-0.332546584257695,0
0.004904094016293398,-0.10203765113855341,-0.8790386569529866,-2.334755631474145,1,0,0,1,0,0,-0.016022136491804253,-0.4803662530701483,0.20117363409225028,-0.5315427366969427,0.1496180720350149,0.04135222879472184,0.6645188970542,0.012172955448766605,-0.4595728295195216,1.0268183545167315,0.8335012592059476,0.44670676990811437,-0.7160891650085883,-0.1810087687213526,-0.6354395239946027,0.040069050223844195,-0.06369716640646951,-0.10867977384282729,-0.22931895624632825,0.8366905045627424,-1.1048915314825056,-0.653277129081412,0.6685169849646025,-1.4503263720029127,-1.189697104852054,-0.8366905045627424,0.22931895624632756,-0.007559831120602114,-0.40957446049198204,0.74584327727690225,0.6537347655237203,0.59814915179895,0.41608517572303205,0.10608304780917345,0.2342775195316623,0.9459245538203791,-1.0812212129944723,-0.7105613285614767,-0.39625969692687113,-0.010615114107371936,-0.5838686025055501,-0.8895394805998851,0.03983423407198747,0.514734606344233,-0.3944048900113141,0
0.5960101282327613,0.6967630939767645,0.27967722576327125,-0.4281154315628296,1,0,0,1,0,0,1.4982503040040924,-0.6838814804952853,0.2651395411791416,-0.5436943794200497,-0.5004124185989407,-0.10577416789408443,0.6685215403812526,0.9514726279105606,-0.2702330990691177,-0.14068484366131903,-0.25487979994881377,-0.07789839120226932,0.47263157952764745,0.49252344286352945,1.337312089636527,-0.538960838036882,-0.00682796568771003,-0.6495780331651354,-1.637116465595288,1.517428063553434,-0.43747185463627464,0.03376385232416026,-0.17218596575210013,0.18328565366167482,-0.30283029636283226,-1.5174280635534347,1.637116465595287,0.0759977097470634,0.641115017460903,-1.2101427431615621,-1.258499307686141,-1.1940202729240363,-0.9701345517591269,-0.9541866793037505,-0.319404172783631,-0.6663639641110671,-0.5816133531797613,-0.2553016945782196,-0.8524205174405927,-0.8015576674631424,-0.685407289429221,-0.857816301083085,-1.3595243465075295,-0.9326642846196119,-0.76555472453303,1
-0.7147032519863632,-1.158516055968491,0.27967722576327125,1.0385308760612593,0,1,0,1,0,0,0.059691485532990585,-0.5088583849096675,0.8536258863785419,-0.6137109874912857,0.40681129221236234,0.08294114943927802,0.16132659624755835,1.9297408097539084,0.8686010133059826,-1.6499882544907445,-1.6538658926124457,-0.5363976748600219,1.6392648270247356,-0.5917522100288599,2.7168586725953587,0.4627851976410753,-1.597040319291294,-1.7348504180337636,-0.01835909107355938,-0.7133741297612541,-0.8156003950642408,0.07305955421267064,-0.7223521907005105,0.6454298408169414,0.4563628880993586,0.7133741297612541,0.01835909107355796,-0.6203151308168162,2.2921984828154374,-0.3367722410122935,-0.05689276168264715,-0.6819718658603261,-1.0646495331783645,1.0032343553662626,1.1201682272361313,-0.9764194483286528,-0.9563192480407944,-0.36911660307403377,-1.285773296928628,-1.3980061503215924,-1.1084851516111824,-0.3819686083310823,-0.6186874509066087,-0.9604988786766088,-1.3841377820692236,0
0.44180855408933456,-1.4677292476260335,1.4383931084795292,1.478524768348486,1,0,0,1,0,0,1.700153296070212,-0.6949294499840785,-0.4896581624461761,-0.1559991115875864,-1.2857305290834553,-0.41388993481988234,-1.0354528040698232,-0.23836509280068288,-1.1723244362848402,-0.9660142334378451,-1.4505495266186907,-0.9407554867331113,0.9748908645354033,0.9512884165835196,0.046808967941401936,-0.8640845720870214,0.9520258288738325,-0.25296468227482355,-0.6711839829354725,-0.6174061782631385,2.3903385069358327,0.37405576698650655,0.7342851145534703,2.2490354225624696,1.6388146500059155,0.6174061782631385,0.6711839829354719,1.3015083091394917,0.41596727218528484,1.137040481364595,0.44700675760914055,0.8371050750953478,0.6681251261743327,-0.05703537174666111,0.2896456887631914,1.0079356506638961,2.110717891377293,0.27583454506891375,-0.1864257194905595,0.20981149912292413,1.1253659607095745,-0.9529858396334858,-1.1125787146405561,-1.4336869776455579,0.10046155601764112,0
-0.35489957898503444,1.2378861793774645,-0.15484123025532542,-0.13478617003801185,1,0,0,0,1,0,1.1196821938801182,-0.6396896025401126,1.058316789056594,-0.6275985791748366,-0.03288476772941667,-0.00694458227637566,-1.9347591958187746,-1.0276434357116337,-0.8863787509239897,-1.5495190252038848,-1.1493178809423457,-1.8844993554838598,0.2292680203463264,-0.9023978632550944,0.25456069611760956,-0.9958293105028689,-1.2863849818598168,-1.1425251719358915,-1.944395262715851,-0.6418048099999468,1.7886644467120634,1.6654861831623926,0.21099702673423426,0.8177429086149425,0.37871607826257414,0.6418048099999468,1.944395262715851,-0.9823978079100336,-0.10937746679115769,-0.9554096800346926,-1.258499307686141,-1.603658998575004,-0.08799472517957138,-1.1173050988595852,-0.3747723420151606,-1.0384305451721696,1.333550109443298,1.1863538130354276,-0.6790794056453779,-0.47740088330094144,-0.14386762583630988,-0.8895394805998851,-0.28942660841731066,-0.5986491559356475,-0.9511296417938885,1
-0.09789695541265715,1.5213316050635446,-2.327433510348309,0.3052077222492148,1,0,0,1,0,0,0.21111872958258027,-0.5367690446708291,0.5337963509440852,-0.5772560593219644,0.16808533763037095,0.03330276028287226,-0.6589460576351076,0.4539856033661029,-0.18911625693731576,-0.5927667703323387,-0.34591484336218686,-0.038824464194180654,0.3346007910283469,-1.2064285338705196,-0.7583410652983126,0.48930567007401066,-1.4711777183582793,-0.9615296205395173,-0.5505532963957722,0.4930801176436292,-0.2891686424624176,-1.382798919831913,0.7502332686308715,-0.6580049774566222,-0.489040290017628,-0.4930801176436292,0.5505532963957714,-1.2330704305130304,-0.9349191994684248,-0.982702508226857,-0.6124742829530796,-1.1086788717467513,-0.9071245641463012,-0.13859458152457876,0.12354118106860354,-1.0384305451721696,-0.4150773999081907,-1.3934507795363622,-0.642586540004281,-0.1921429132382052,-0.4315605721200442,-1.0481553781838862,-0.20711139779498602,0.013711913318286572,-0.5181215015185524,1
1.9067235084518848,0.5936920300909173,0.5693561964423357,0.3052077222492148,0,1,0,1,0,0,0.4130217216486998,-0.5710758972939236,1.5060781386648334,-0.6779410990277087,0.40027858395469157,0.08472992021968904,1.4933708562832988,-0.4399023826483292,-0.1507493734936398,1.5414052897962034,2.101442748465815,2.2101394347883976,-1.650519473311964,2.6862448808246686,0.5036976719470705,-0.6010450054871596,2.1459402574667155,1.9942842338112048,1.4363050701404856,1.5898567061935227,0.6074957055227783,1.1083730960021465,-0.3979128222555244,0.045538521977722124,-0.7849480948054294,-1.589856706193522,-1.4363050701404863,3.0005116401153575,0.7912135143113154,0.8459169806481733,0.369483754641173,1.263812080981773,1.6447799341731264,-1.1173050988595852,-1.648240234340335,0.9459245538203791,0.08453045990652028,0.35171115073279,-1.4545528005187045,-1.3980061503215924,-1.2946394109712458,-1.397110352868688,-0.8656330827735822,-0.2089648391376897,-0.9511296417938885,1
-1.460010860346257,-1.158516055968491,1.4383931084795292,1.0385308760612593,1,0,0,1,0,0,-0.4703038686405733,-0.1593936658167894,0.8536258863785419,-0.6137109874912857,0.9962221575356874,0.35170395919603353,2.225399529155847,0.2479602565066257,0.8012472664093231,0.8344991633828676,0.4803189477717607,-0.5710697357994099,-0.5690206400312546,2.4190451109211524,0.4405008276211254,0.6427799830974773,2.189744912074409,1.5442508978539322,0.3041828515459608,-1.0805558572323073,-0.6773908454289267,0.10095082526918467,-0.4493999615761506,1.0439590386471915,0.8832222815183274,1.0805558572323073,-0.30418285154596153,2.0535261769484814,0.26586877533487285,-0.3640650692044592,0.007709740790658993,0.8883099158017184,-1.033144539371952,-1.1988643086375024,-1.4267675574142176,-0.17027518936292965,-0.9146852597229018,-0.482931511569848,-1.682633210775566,-1.605466492185401,-1.1931007240475748,-0.794369942049485,-0.8656330827735822,-1.32234860141757,-1.6934293108373202,1
-0.35489957898503444,1.0317440516057692,-0.15484123025532542,-0.4281154315628296,1,0,0,1,0,0,1.1196821938801182,-0.6396896025401126,-0.5920036137852022,-0.046634327079622846,-1.3271319500527823,-0.4559260481595413,-0.07329167440663872,-0.063029702865418,-0.10296326370845246,-0.4713336078821234,-0.4419828081854028,-1.0006893164321298,-0.3568279892861433,-0.8433850635341417,-0.20765011253603569,-0.8242354001971625,-1.1761406626698465,-0.9587732291140193,-0.9609518129377761,-0.41176056791003435,-0.7407865608006274,-0.12150907907491185,-0.6875228574599714,-0.5294996517063622,-0.361456150987237,0.41176056791003435,0.9609518129377754,-0.8988402670423681,-0.40957446049198204,-0.7097742263052108,-0.9871687972982559,-1.3305665148076924,0.06953024385249205,-0.5463906304141645,-0.1532996650890431,-0.9764194483286528,-0.6926373220274746,-0.1035484832504671,0.041654690766301246,-0.32180562690308556,-0.4992530300691578,0.664896315723324,0.9453015509175579,0.793080546914203,-0.08511336124321738,0
1.0329145883058024,-1.4677292476260335,-0.4445202009343899,1.478524768348486,1,0,0,1,0,0,-0.571255364673633,-0.049495443007215444,-0.4896581624461761,-0.1559991115875864,0.20117437479199465,0.08249395674417527,-2.646945078169832,-0.25444052475155077,-1.1325837084745745,-2.1582945392308375,-1.8896529903786097,-0.4649512651233904,2.0233477995406237,-0.782737450793448,-0.1118958951560112,-0.9164421604275651,-0.5865558857556954,-0.6442415951924705,0.4073962731842086,-1.0381887348318013,2.8985395268638614,0.23713275393813532,0.6273438813788988,2.334097905237354,1.8276649088171872,1.0381887348318013,-0.40739627318420935,-0.7038726716844818,-0.03432821836595151,0.23637715102316323,-0.28946177058654887,-0.4942207832702994,0.7941451013999841,1.247911984700014,1.1201682272361313,-0.10826409251941274,2.138473883589221,-0.1035484832504671,-0.8980365994919648,-0.47740088330094144,0.4145951522438788,-1.175048096251087,-1.277209135885205,-1.712032918215528,-0.76555472453303,0
-0.7661037767008384,-1.4934970135974959,-0.15484123025532542,-0.4281154315628296,1,0,0,1,0,0,-0.8236341047562825,2.7008674876239214,0.6617281651178678,-0.592300950312478,3.1346878517904333,2.534898696687682,0.5032137673105063,-1.4063093273037417,2.395248547971479,0.9959486445873493,1.5527040757497637,1.6781102565601758,-0.9744721496786178,0.5303608635190167,-1.1891372217633238,0.7419258033443119,1.3177164680188755,2.034918155587906,2.5539129013171307,-0.2441974779926877,-0.1698006672497947,0.7389521215570363,-2.5288211250690344,-0.038837272438770706,-0.03188982940479462,0.2441974779926877,-2.5539129013171316,0.6609004958207222,-1.009968447893631,0.5456958705343614,0.8733832739329616,1.434494883336343,0.6366201323679207,-0.30171300108041293,-1.2052948804881005,0.9459245538203791,-0.47058938433204756,0.12408133374116129,-1.3359509871851372,-2.2019149750438505,-2.0731026773860544,0.9186817518577256,-0.7010026615289333,-0.8769950965056176,-1.4459960878228426,1
-0.38059984134227254,-1.3388904177687242,-0.4445202009343899,0.5985369837740325,1,0,0,1,0,0,0.40040278464456736,-0.567005592745421,-0.2977604411855021,-0.3133918173344969,-0.5384337397624004,-0.19387112882932708,-0.2503826802483166,-0.28981273219567105,0.1119466918492183,0.2706847612597469,0.6951929476145117,0.4906419529237169,-0.36881284594623864,-1.1318335861757982,-0.10853275344407169,-0.0173142248088932,-0.9167954199852469,-0.647744175720918,-0.3305796915292576,0.9970420184583276,-0.7827515714429858,0.2890513402779423,-0.1704340041497197,-1.2747562941833497,-1.536180994061779,-0.9970420184583276,0.3305796915292576,-1.0938078624002545,-0.18442671521636386,-0.2548937564358004,-0.22485926811324272,-0.5624939042121272,-0.11949971898598452,0.10608304780917345,0.2896456887631914,-0.6663639641110671,-0.859173275299045,-0.02767187758659086,-0.8068044353892204,-0.7626588533636787,-1.159254495073018,-0.9529858396334858,-0.04248097655033679,0.514734606344233,-1.0129879475475077,1
1.7782221966656961,0.5936920300909173,1.0038746524609323,-0.8681093238500562,1,0,0,1,0,0,9.069612506483576,-0.8083165052637976,-0.34893316685501513,-0.28098743673954474,-1.9708622253474577,-0.4044988882227245,1.5132989513499187,-1.322106595192688,1.9485878838006137,1.220697816346807,1.6054722688765894,1.6227358105290783,-1.1470453733475472,1.3246581317913015,-0.9758279454945342,1.9017549557551792,0.6555038854891486,0.7844151288235812,1.133576418281877,1.0889508130082355,-0.7806962323178235,0.8370697795149861,-0.7527045892507679,-0.9990975650267356,-1.3213638798133034,-1.0889508130082355,-1.1335764182818777,1.9421161224582606,-0.5596729573423944,1.710189873400053,2.6564123421962105,2.9023669835856456,-0.6865896075014126,0.9216751455883455,0.40038202722625016,1.4420133285685155,-0.8314172830871166,0.5034643620605421,-0.6334633235940058,-0.892321567028559,-1.176177609560296,-0.3819686083310823,0.03983423407198747,0.6817421706862145,-0.8892713360402683,0
0.8787130141623758,-1.0039094601397194,-0.8790386569529866,-0.4281154315628296,1,0,0,1,0,0,-0.5207796166571032,-0.13497183852577296,-0.6431763394547153,-0.01770184440555841,-0.2651727779730193,-0.09012242356548801,1.3797952656007748,-0.004454600692052558,-1.1724011470759046,1.7477267273116677,1.4163295792736166,-0.2938327035319451,-1.146007660463328,1.4231901208781124,-0.14027505571208984,-1.6522002333526422,1.6173440439703666,1.2942724021871586,-0.946287449071263,0.5377636082882545,-0.49660410491506585,-0.13441039218745532,-0.05759025321264103,-0.7573353862028908,-0.5776927281102412,-0.5377636082882545,0.946287449071263,1.7750010407229295,0.19081952690966666,1.0551619967881019,-0.08273376267196997,0.5640125913280355,2.6844447297847456,-1.1988643086375024,-0.983822203561983,1.6900577159425842,-0.27629743884854874,0.19995793940503753,1.0543317123067637,0.858125067447326,0.46536449570571364,0.7917890337905242,0.28677986593896093,0.6260729825722207,1.2139110595827887,0
-0.07219669305541997,2.1397579883786295,-0.15484123025532542,-0.8681093238500562,1,0,0,1,0,0,-0.5081606796529707,-0.13962361515263325,-0.7327286093763631,0.26872973406767947,-0.6402913343138573,-0.3150603492021736,0.504400801231717,1.160256046369773,-0.11505017640640877,-0.11563267822477143,-1.0842710083744787,0.002325205165316362,1.2665005373948983,0.4876595042993867,1.044622857653805,0.04473076338735142,0.5365509516965692,-0.19484867548605153,0.8668024050637274,-0.8565127692838675,-0.21411796181033407,-0.5460075891185268,0.20222754873719856,0.6882470273606859,1.2193736067109398,0.8565127692838675,-0.8668024050637281,0.6887530094432773,1.3165582532877582,0.7731361054690666,0.6795757665130432,0.8883099158017184,-0.15100471279239655,1.9003856629233515,1.5077454118568363,0.8219023601333442,-0.24854144663662048,-0.5588081172337243,-0.17730250308028428,-0.0495139282068366,0.22844089288381547,0.3476645205553221,-0.20711139779498602,-0.5986491559356475,0.16231986177126023,0
-0.14929748012713334,-0.2824120129387873,1.0038746524609323,-1.8947617391869185,1,0,0,1,0,0,-0.6595879237025604,0.020281206395688665,0.5210031695267069,-0.5749414607080393,1.3336089013488852,0.45992459141090014,1.6766495783328768,-2.576511751135852,1.9110924490751686,0.8257590954610197,1.7596112007569955,2.124027438060371,-0.7580013838486956,1.1336768170136007,-1.6620841389618606,0.601488668708656,0.44326923554554687,0.993200447189764,1.962969985017792,0.9500703628727513,-1.1986655349944682,1.871303833369032,-2.0080892951556546,-0.676009078304412,-1.3179138137410298,-0.9500703628727513,-1.9629699850177926,1.5800334453650435,-1.3852146900196616,1.3462854975045246,1.5064877981713616,1.6563825263972836,1.0146800580448727,1.3294711944779316,0.40038202722625016,1.3179911348814817,-0.9701972441467586,2.6280093206490753,1.5743550476924053,0.08014878545804377,-0.194636969298146,2.251055291563333,0.8629863402952329,1.6281183686241134,1.3994859768436472,1
-1.2544087614883548,-0.7977673323680251,-0.15484123025532542,-0.13478617003801185,1,0,0,1,0,0,-0.23054406556205628,-0.3600015328501387,0.9431781563001896,-0.6229693819469863,0.6980324197969563,0.20457756250722728,0.20758544646088634,0.49272767539223167,-0.353739133171754,0.23697851270852346,0.218256976186254,0.9709377730319029,0.3545002562283913,-0.4392217572832683,1.0019568566518073,-0.2452657316115887,-0.1599267137316478,-0.4937911674100228,0.8380453772610346,0.4930801176436292,-0.7275178211792517,0.3274541858870358,0.2371048384442376,-0.4787232738174403,-0.7658357247117509,-0.4930801176436292,-0.8380453772610353,-0.3139374809687093,1.1664597564373458,0.5365982611369737,0.31780175266252825,0.2397152668543526,0.2270552128845555,1.3294711944779316,0.954063719541543,0.20179139169817292,-0.6093693453916895,0.4844952106445732,0.49325390307488576,0.5469345546516133,0.3088256866983884,-0.3026606595390819,0.2044646553166367,0.5008173093157343,0.23964274396328444,1
1.2642169495209417,1.0059762856343069,1.0038746524609323,-0.13478617003801185,0,1,0,1,0,0,-0.25578193957032125,-0.3256946802270442,-0.7711081536284979,0.5262288298668529,-1.2506589501753123,-0.657162760955781,0.681535806296114,0.6780009453613439,-0.3277157519012656,-0.07273630973280534,-0.18874928042309178,0.6079123059218141,0.25590324892334176,0.64883034361193,1.0769706755976363,0.006300208018940649,0.5297666357979903,0.2821882821072134,1.492655044821662,-0.651277219968356,-0.2993884946734793,0.1483080055148213,0.45432951286099776,0.6235695894591654,0.520885242713342,0.651277219968356,-1.492655044821663,0.939425632046274,1.4666567501381707,1.0278691685959374,0.8733832739329616,1.0760609983917457,0.5736101447550955,1.5741488238116832,0.8433273810784847,0.8839134569768611,-0.38732140769626244,-0.02767187758659086,-0.4692454282090663,-0.17917664187171697,0.0761328624983096,-0.6992004034990842,0.2044646553166367,-0.09762646290970158,-0.2706882785040748,0
-0.6376024649146498,-0.9523739281967958,-2.617112481027373,-0.8681093238500562,1,0,0,1,0,0,-0.3188766245909836,-0.28731752305544694,-0.6943490651242283,0.04884286574478978,-0.7674120683935317,-0.2587140696192265,-1.1441495519520444,-1.452642429936116,0.5157582989374541,-0.0037103459551411657,0.5890671800973692,1.5276097175316172,-0.10976091349036003,-1.5989614229819875,-1.1609445834661436,0.5460894509397107,0.14736896098235086,0.4713145534351038,1.7556215933338128,0.3422733367180179,-0.0066956101782991795,0.8307885251397711,-0.15629163912426328,0.15114097707695126,-0.305669256765054,-0.3422733367180179,-1.7556215933338135,-1.4837430531160272,-1.009968447893631,0.391036510778763,0.6278937645343975,0.6664222727407777,0.1010352376589052,0.9216751455883455,0.12354118106860354,0.3258135853852078,0.3065783976019474,1.33810702436318,1.3097817717944475,1.0137203238451828,1.0238272737859035,0.6014499566897238,0.5337254978059351,0.793080546914203,1.3376276710900281,0
-0.9460056132015023,-1.8284779712265005,-0.8790386569529866,1.478524768348486,1,0,0,1,0,0,-0.29363875058271866,-0.31290229450317847,-0.2849672597681238,-0.3197569635227911,0.018626866010140995,0.006471198576706979,-0.5508229376317342,0.5492307284757734,-0.24164670118514378,0.42008553348391625,-0.15059534258521662,1.7874535053237792,1.8836824001963697,-0.378601340781472,1.0647091243592903,-1.182733980697204,0.44962219797602215,-0.8038706962879035,1.413496747055248,1.0359845289758263,0.38763870450861043,0.31276581652184576,-0.8581944524379156,-0.12167077915244377,-0.5890419532766877,-1.0359845289758263,-1.4134967470552486,-0.3139374809687093,1.0914105080121401,0.23637715102316323,-0.43158727602782254,-0.23819657973844427,0.16404522527173035,3.1237738095921097,2.3382679503297763,-0.17027518936292965,0.27882240539001907,0.19995793940503753,-0.24116501795220557,-0.6329961396987983,-0.6346379459673855,0.09387908442092041,-0.4540570296619595,0.013711913318286572,0.038603250264021984,0
-1.5371116474179702,0.6709953280053031,1.0038746524609323,-0.8681093238500562,1,0,0,1,0,0,-0.44506599463230834,-0.203585543771962,-0.08027635709007157,-0.4511104348630436,0.4342790498887156,0.19205616704435016,0.94136499114925265,0.5031271585244416,-0.30964411458873087,0.12794246388990987,-0.17283937505659655,-0.9262195543494114,-1.0053760423624352,0.3544263182192304,0.07148488716484283,-0.06068071835711629,-0.1210162816878778,-0.14617962510791735,-1.14725589024189,-0.12541857881077315,-0.9548523344709892,-0.6189458240021176,0.36231560785930633,-0.2928396879330163,0.08198370018625979,0.12541857881077315,1.1472558902418892,-0.09111737198826762,-0.40957446049198204,-1.410290149904103,-1.2197378062021575,-1.1940202729240363,-1.0016395455655394,-1.6066603575270884,-1.4267675574142176,-1.4725082230767892,-0.8869292675109735,-0.5588081172337243,0.0872707728176734,0.2616765845888761,0.12690220596014448,0.030432725387320277,0.5337254978059351,0.514734606344233,0.10046155601764112,0
0.2876069799459088,-0.3854830768246345,-0.4445202009343899,1.0385308760612593,1,0,0,1,0,0,-0.4576849316364408,-0.16869721907050997,-0.8094876978806327,1.133810966022206,-1.3376646092725883,-1.0059730631359294,-0.42341963616421413,1.8651539487117066,-0.8189143537534163,-0.7850479083745429,-1.6049274260762851,-0.385924877866309,1.7135296381919654,0.7302823051249155,0.7248850808522629,-1.2552552354622477,0.28741886318152926,-0.4237378594027623,-0.40749033797582196,-0.12221154853286169,1.3184647858900043,-1.8338083676532988,-0.1419270999119725,1.3455487018700818,1.6727867109438355,0.12221154853286169,0.40749033797582124,1.0229831729139398,1.0914105080121401,1.0187715591985484,0.12399424524260985,0.2397152668543526,1.3297299961089997,0.9216751455883455,1.2862727349307197,1.3179911348814817,1.916425945893794,-1.5452039908641146,1.7020800774362477,1.3508433793738719,1.9207523416116614,2.1558857530129325,-0.9479482933959068,-1.0996718489615938,2.203643951640699,1
-0.7661037767008384,-0.3854830768246345,-0.15484123025532542,-0.4281154315628296,1,0,0,1,0,0,-0.8236341047562825,2.7008674876239214,0.39307135535292426,-0.5616325186779697,3.0068793825019866,2.5111974838472357,1.2121767519507132,-0.49675340340323876,0.43057879579702485,1.5954226453683793,1.9566053378659383,1.7749995577477726,-1.686695796569704,0.6321820659480432,-1.01929231005999,0.77341727557779,1.2295606044370706,1.9768962498999956,1.894454864287434,0.5419904249708541,-1.0538924097201314,-0.3392950245218593,0.18859413554838778,-0.9361018179409957,-0.6136283494664921,-0.5419904249708541,-1.8944548642874348,0.8558680911786088,-0.7848207026180125,0.8277217618533966,1.1447137843208466,1.673450806632741,0.8256500952063961,-0.6279498401920818,-1.3160312189511594,1.2559800380379649,-1.0257092285706153,-0.4070549059059717,-0.3050275328241268,-0.16621037050522874,-0.5161761445564365,-0.28679906978068154,-0.04248097655033679,0.23638866577426285,-0.5799798072721716,1
2.138025869667024,-0.7977673323680251,-0.8790386569529866,0.3052077222492148,1,0,0,0,1,0,-0.7100636717190902,0.26740683969764073,-0.6047967952025805,-0.040847830544809956,0.44498297934688336,0.23722262924972837,-0.9037260037009115,0.037977897995036994,0.03248802788404214,-0.3845711649259704,-0.21767568660969358,-0.08304238544614004,0.20586172941098715,-0.24870044827762236,-0.46487740101060215,0.02768338416479012,0.8601182735303502,1.4245515550043408,0.5364130502320184,-0.6452678416013011,1.008154449705254,-0.5178298320072686,-0.0165930911626386,1.3724093899673266,1.6737863804689557,0.6452678416013011,-0.5364130502320191,-0.3417899945912644,-0.5596729573423944,-0.46413877257572894,-0.37990527404917784,-0.03337721691295973,0.3215701943037938,-0.5463906304141645,-0.8177176958673952,0.07776919801113909,1.3613061016552261,-0.17942508891434333,1.1638103092300558,0.9748215097457181,1.548443822891536,1.5531453421937294,-0.12479618717266176,-0.4316415915936655,1.9562107286262216,1
-1.3572098109173063,-0.1535731830814779,0.27967722576327125,1.0385308760612593,0,1,0,1,0,0,-0.36935237260751347,-0.2628956957644305,-0.68155588370685,0.02280363133813179,-0.6510535984042986,-0.21980830514528685,-0.9315299983651649,1.2578624815830528,-0.5419116724913585,-1.0090702033516814,-1.0203692081812326,-1.6827594217281432,0.21672308017009523,-0.28104202851006227,0.014480199532669767,-0.2065547910723925,-1.1243944115280191,-0.6643430375526326,-0.2611143426240418,-2.036113123903957,1.014501255211135,-1.7119497854130639,0.5332437654845383,0.24825849374590725,0.6779282719122093,2.036113123903957,0.2611143426240411,-0.3974950218363748,-0.18442671521636386,-0.5915053041391644,-0.5995537824584191,-0.972132629863095,-0.08799472517957138,0.18764225758709038,0.34501385799472056,-0.35630847989348147,1.3613061016552261,-1.4693273852002382,1.145563876409508,1.2860120225414318,1.3284433345569153,0.7917890337905242,1.7684536571408034,0.7374113588002092,0.904619530814692,0
-0.9460056132015023,-1.8284779712265005,-0.8790386569529866,1.478524768348486,1,0,0,1,0,0,-0.6722068607066928,0.046447449921777705,-0.2849672597681238,-0.3197569635227911,0.8060914147391767,0.28283628415020934,-0.1659040700527554,0.3915320809635206,0.5773554959771255,0.2580068794773976,-0.08540191206567702,0.9613479491644301,0.5407361278562688,0.11783746102336301,1.0007140776874357,-0.3240848228580649,0.3365047088643806,-0.5093451511186093,0.013895103188392356,1.2973829492468834,0.3484354505792997,0.4651033263739397,-1.1149382968755248,-0.014878339901802687,-0.3862497357513466,-1.2973829492468834,-0.013895103188393775,0.4659329004628361,1.5417059985633763,1.373578325696689,0.9638267773955896,1.0760609983917457,0.4475901695294441,0.9216751455883455,1.009431888773073,1.069946747507413,0.1400424443303771,0.19995793940503753,-0.5969704579529088,-1.0349505520599276,-0.9731002357129547,0.15732544345452057,-0.8656330827735822,-0.3759724034796717,-0.20882997275045564,1
0.6731109153044746,0.28447883843337485,-0.8790386569529866,-0.4281154315628296,1,0,0,1,0,0,-0.06649788450833415,-0.45594442577913186,-0.4768649810287978,-0.165257506043287,-0.47846379398626815,-0.22293865401100615,-1.1397254565640607,-1.2312846316932025,1.4012810569487124,-0.36421662293339124,0.5288640695020951,0.43212013253189124,-0.26340485641630984,-1.0056454226995313,-0.7138179408227594,0.4396361348430181,-0.4164395052199001,0.1446095788109971,0.1359000988749071,0.45457625868389784,0.5799869341433298,0.9748896552766168,-1.4738062308721593,0.0790988754792208,-0.5463660842425659,-0.45457625868389784,-0.1359000988749078,-1.0102503215325889,-0.7848207026180125,-0.5005292101652823,-0.21193876761858224,-0.3576745413866426,-0.30852968182446,0.02452383803125581,-0.04256332662598434,-0.5423417704240322,0.8894542340524437,1.413983630027056,1.127317443588959,0.08014878545804377,0.10997909147286698,1.648314880744129,0.9453015509175579,1.3497724280541432,1.3376276710900281,0
-0.7661037767008384,-1.0039094601397194,-0.15484123025532542,-0.4281154315628296,1,0,0,1,0,0,-0.8236341047562825,2.7008674876239214,-0.6431763394547153,-0.01770184440555841,1.8537396502128838,2.090836350450646,0.6541876249228121,-0.29268595881458676,1.0918362440039238,0.8205593239875119,1.129064227833588,0.9179764274059716,-0.7478241171821981,0.5868833099691225,-0.9753312596925637,0.704030173362569,1.0705882056218825,1.822509656261137,1.6930105103547295,-0.42709685071602743,-0.3232569288616143,-0.5753447812548801,-0.7850942944657582,-0.04694577016003427,0.31148716342377003,0.42709685071602743,-1.6930105103547302,0.8558680911786088,-0.7097714541928067,0.9732835122116075,1.2351572877834756,1.690519086868198,0.9831750642384596,-0.38327221085833024,-1.0391903727935126,1.3179911348814817,-0.38732140769626244,-0.6346847228976005,-0.3688900476960481,-0.6978274965312384,-0.6684841749419423,0.728342674756924,-0.37174181903963527,-0.5986491559356475,-0.332546584257695,1
2.138025869667024,-0.7204640344536393,-0.8790386569529866,-1.161438585374874,1,0,0,1,0,0,-0.7100636717190902,0.26740683969764073,-0.6559695208720935,0.011230638268506017,0.2980926766839722,0.19697528669048045,0.03433858127429481,-0.23186587617001117,-0.6981047655860588,1.224784229130379,1.449343783145926,0.4545604197825536,-0.8295551247214461,-0.387459118535159,-0.528704193850062,-0.0314115129361429,1.283048058679335,1.8108539796552867,0.9573302853504951,-0.329502323768793,-0.4348932191044513,-0.2114010633816864,0.9227670600181642,-0.38235598516633196,-0.11627144409476002,0.329502323768793,-0.9573302853504958,-0.5367575899491508,-0.7097714541928067,-0.8280431484712572,-0.7158382869103699,-0.22112829950298704,0.1325402314653172,-0.7910682597479163,-1.2052948804881005,-0.35630847989348147,-0.49834537654397587,-0.3311783002420958,-0.43275256256796935,0.08014878545804377,-0.07617516788719629,-0.9212626601166852,-0.04248097655033679,-0.2089648391376897,-0.45626319576493324,1
1.0072143259485644,-0.1535731830814779,-0.15484123025532542,1.0385308760612593,1,0,0,1,0,0,-0.7479204827314877,0.5261619145667434,-0.68155588370685,0.02280363133813179,0.44498297934688336,0.3870321821091512,-1.0948792611674072,1.3181013361837115,-0.07476705030706925,0.6523161066996138,0.15101059303111805,-0.5456930579635878,-0.3431735572673212,-0.7756827057308948,0.11178620622649038,0.612728505505318,0.9868253745601523,0.9207207118810363,1.2405949430219954,-1.9746672065936333,0.7474032449938636,-1.6971504824226005,0.7179421192018168,0.09728217281151304,0.7025834045762998,1.9746672065936333,-1.2405949430219962,-0.7595776989295921,0.04072103005925432,-0.17301527185930607,0.1627557467265941,0.5640125913280355,-0.5605696322757617,0.10608304780917345,-0.4301405112466897,-0.10826409251941274,1.0282341951120857,-1.4693273852002382,1.0087156302553917,1.2730457511749436,1.243827762120523,0.664896315723324,1.3568776040291806,0.4033962301162448,0.6571863078002155,0
0.2876069799459088,-0.9523739281967958,-0.4445202009343899,-0.8681093238500562,1,0,0,1,0,0,-0.4576849316364408,-0.16869721907050997,-0.6943490651242283,0.04884286574478978,-0.5617829486639526,-0.16748675981826458,0.38087445719649704,0.15020459674844017,-0.9367182654170926,-0.4162400143968881,-0.33785561211481213,-0.484797490050232,0.387730960745591,0.5262846680422184,0.9075833290448511,-1.5423288061749532,-0.03583125805427769,-0.6397520267241584,-0.5636247330177211,-0.1022098070627286,-0.00375776495932633,0.7030365324864839,-0.2693664595099758,0.5267837437529755,-0.18536449391392973,0.1022098070627286,0.5636247330177203,0.8837206048011639,1.391607501712964,1.2644070129280303,0.13691474573727128,0.12023730520615308,1.833809897011603,0.9216751455883455,1.397009073393778,1.4420133285685155,0.16779843654230542,0.9587239960437993,0.7350191379471587,0.4691369264526849,0.6684418695530556,0.15732544345452057,0.36909507656128593,0.3477270420022505,0.5334696962929761,0
2.138025869667024,-0.7719995663965628,-0.8790386569529866,-0.13478617003801185,1,0,0,1,0,0,-0.7100636717190902,0.26740683969764073,-0.8478672421327675,2.690378533886872,-1.5270391461761088,-1.8735268916352734,-0.6588007038633319,0.08553644391836063,-0.29559306862377965,-0.08048299279450648,-0.1313740590867565,-0.5068394675221717,0.6572184181815958,-0.3606826183048151,-0.8998306617491139,0.1424831320572972,1.1767140255152224,1.6964915974598518,1.0187373090415193,-1.7016398430609991,0.5556885932927248,-1.0188320571478882,0.5472674339318356,1.2755368157647673,1.8270865606069648,1.7016398430609991,-1.01873730904152,-0.5089050763265954,-1.009968447893631,-0.8007503202790929,-0.6124742829530796,-0.15285517856115927,-0.024984737566746233,-0.5463906304141645,-0.983822203561983,-0.4183195767369984,0.8894542340524437,-0.7105613285614767,1.209426391281428,1.3508433793738719,1.8869061126371052,1.2041903675089267,-0.6186874509066087,-1.266679413303576,1.5232025883508855,0
-0.9460056132015023,-0.1535731830814779,-0.8790386569529866,1.0385308760612593,1,0,0,1,0,0,-0.6722068607066928,0.046447449921777705,-0.68155588370685,0.02280363133813179,0.03748360888576389,0.0180982086493786,-0.5292524222642654,1.7102004766102645,-0.7039016415939121,0.33672911080042933,-0.7476914415036732,-1.5908067144600937,-0.17536500598515464,-0.005974147821276609,0.6061212244743808,-0.3360983228476317,0.3579580257648644,-0.34327310017796037,0.07500831336893375,-2.2440629561562004,0.7299690784791198,-1.7401048884600532,0.6245107236402803,-0.09995425388155225,0.6368961232283911,2.2440629561562,-0.07500831336893446,0.1317027369921738,0.7912135143113154,0.5820863081239148,0.3048812521678669,0.4445346296798359,0.1010352376589052,0.35076067714292497,0.34501385799472056,0.3258135853852078,0.917210226264372,-1.5452039908641146,0.7350191379471587,0.9748215097457181,0.8715192434003977,0.664896315723324,1.6861384465184783,0.5704037944582268,0.2860364732784985,0
-0.14929748012713334,-0.7719995663965628,1.0038746524609323,-0.13478617003801185,1,0,0,1,0,0,-0.6595879237025604,0.020281206395688665,-0.8478672421327675,2.690378533886872,-1.748531133660709,-2.063583787053944,0.19118393179701004,-0.713686920617229,-0.026633104275871525,-0.7625209569658055,-0.6640086158429397,0.3011222454704277,1.4208728837248494,0.8701160928883451,-1.7321790574468743,0.5706690489333512,0.10018328745369624,0.8390619426427488,2.523598041520296,-2.0921789839382625,0.6035638366521824,-0.7557012580734223,0.6098757048241347,1.12945665202254,1.6824243978933233,2.0921789839382625,-2.5235980415202963,1.050835686536495,-1.535313186870074,0.6821600114951846,0.8992242749222835,0.9053781960371756,0.6996301199807459,1.7372672433675176,0.5111183656893089,0.2638024885416898,0.8616982418405155,-0.482931511569848,0.9630995482040194,1.1693155802430386,1.6330593953279282,0.9186817518577256,-0.37174181903963527,-1.1553410370755877,1.1520527538291696,0
0.31330724230314594,-0.8493028643109486,0.5693561964423357,0.3052077222492148,1,0,0,1,0,0,0.7032572727437467,-0.6077086382304483,-0.23379453409861076,-0.35621189169211226,-0.6117808908806713,-0.19208235804891607,0.5478679609693425,-0.5986041142673726,1.423724294670464,0.20379307852826328,0.40758186677912434,0.7839005959580162,0.03516927782005473,1.9168917640865526,0.28471804683893825,0.15783351132157666,0.7086731194423465,0.0869794096504355,-0.06904425348519842,1.13762416762706,1.1535119283158102,1.1068272218791633,-1.787671348388348,0.42739683278556173,-0.44495792417282115,-1.13762416762706,0.06904425348519772,1.6914434998552643,0.19081952690966666,-0.19121049065408274,-0.08273376267196997,0.20557870638343811,-0.7180946013078251,-0.709509049969999,-0.762349526635866,-0.6663639641110671,1.63886602377451,1.717490052682561,1.473999667179387,0.14498014229048395,0.31305646532020776,2.1241625734961316,-0.37174181903963527,0.18071947766026855,1.646919199858125,0
-1.2030082367738797,-0.2824120129387873,1.0038746524609323,-1.8947617391869185,0,1,0,1,0,0,0.009215737516460692,-0.4850180296970086,0.4570372624398156,-0.5720482124406329,0.2717831421120569,0.06907817589109264,1.3232752693810814,-1.4465089750632223,2.135554117832756,0.12133766133599916,1.1701090763191857,0.5759629810395852,-0.7335911056567733,0.5925316996950677,-0.09784687999761983,0.6596296442076627,-0.506813257644087,0.016670533820563,-0.35678002163742906,1.1393948930391038,-1.2479957814187932,1.8873581076116084,-2.2565098425754924,-0.6664667031135361,-1.5049235748163126,-1.1393948930391031,0.3567800216374284,0.29881781872750485,-0.3345252120667762,-0.7643598826895395,-0.3411437725651945,-0.5112890635057554,-0.7180946013078251,-0.38327221085833024,-0.26403600355210183,-0.4183195767369984,-1.053465220782544,2.476256109321323,1.2732889061533492,-0.2829068128036209,-0.5161761445564365,2.028993034945732,0.6983559190505837,1.5724491805101195,1.0901944480755505,1
0.6474106529472365,-0.7719995663965628,-1.168717627632051,-0.4281154315628296,1,0,0,1,0,0,0.17326191857018283,-0.5414208212976894,-0.34893316685501513,-0.2983469263439834,-0.46758293208315554,-0.18582166031747752,0.46507303953063667,-1.7190689085634445,-0.10134534222736657,-0.28568740803660225,0.25385322093923557,0.13328568751475828,-0.21452029797622887,-0.9914873457027126,-0.8038165664574458,-0.601761249152154,-1.6272998206756255,-0.7760948686628573,-0.8414861286385814,1.0163614779638186,-1.6373778560874996,1.5542302359254099,-0.46616954385040804,-1.2276573889852307,-1.0877272045674407,-1.0163614779638186,0.8414861286385807,-0.8709877534198129,-0.6347222057676005,0.5093054329448095,0.09815324425328795,-0.5624939042121272,1.3612349899154128,-0.13859458152457876,0.2896456887631914,0.3258135853852078,-1.497561096173398,1.8692432640103136,0.8080048692293539,0.4172718409867329,-0.1269445113490324,0.8235122133073248,0.12214944469431245,0.7374113588002092,0.5953280020465953,1
-1.4343105979890196,1.4182605411776974,-0.15484123025532542,-0.13478617003801185,1,0,0,1,0,0,0.2742134146032426,-0.55072437455141,0.57217589519622,-0.5917223006589967,0.14745149687861442,0.03374995297797501,-0.8373476707996812,-0.5835581002003287,1.422219276275138,-1.6896021781654509,-0.6467613816792304,-0.3726446908080258,0.37306638083811766,-1.1911021897592113,-0.933702031855837,1.7237513156579598,-2.0426359875717934,-1.1923730915099953,-1.2315329784747313,0.7131765006161427,-0.025782954129082183,-0.13441039218745532,-0.21201756100280517,0.25710065901891027,-0.32329877532274853,-0.7131765006161427,1.2315329784747306,-0.9983135299800652,-0.6132795633603989,1.2254172583677936,2.0749898199364556,0.8931865672975637,-0.2905268282207957,0.24589883599988818,1.041070842619661,1.2914149505199743,0.22331042096616224,0.19995793940503753,1.0543317123067637,0.7673611678819103,0.8376730144258402,0.37938770007212164,-0.12479618717266176,0.23638866577426285,0.7809029193074537,1
-0.48340089077122306,0.28447883843337485,-0.15484123025532542,1.478524768348486,1,0,0,1,0,0,-0.3945902466157784,-0.24835889380549214,-0.38731271110714993,-0.2607346988676996,0.025280387290095564,0.01049593283263177,-1.485261685997518,-1.1237022373139895,-0.7915747851692202,-1.2112423133068595,-0.9752260883762817,-0.3815971204306504,0.46620963248787745,0.43897862026058676,-0.8450158132096264,-0.0043665971752403585,0.5938618305576738,0.19963420848856014,0.9041108648182726,-1.417139107414103,2.5039147946948654,0.6957982942896248,1.0777212401905114,2.2251734479538956,1.4627456264710432,1.417139107414103,-0.9041108648182734,-0.007559831120602114,-1.0850176963188372,-1.3466068841223853,-1.1422148032341901,-0.8867912286858101,-1.1591645145976028,-0.13859458152457876,-0.5408768497097485,-1.4104971262332722,2.9433976577351446,1.1104772073715516,1.1181942271786838,1.5842362639706562,2.5976769211027997,-0.7626467625326843,0.7806711296729086,0.1250502895462747,1.275769365336409,0
-0.7404035143436003,-0.5400896726534062,-0.15484123025532542,-0.8681093238500562,0,1,0,1,0,0,0.9556360128263961,-0.6327119375998222,-0.3361399854376369,-0.3041334228787963,-0.8290480606066106,-0.25155898649758246,-0.59779650882217406,0.21449580389565875,-0.7305558777077452,-0.7458076388004201,-0.6291076630385308,0.37163155133824805,0.5693590774821043,-1.1597163506793344,-0.20052096572238726,0.48262385159583704,-1.5184614994988752,-1.2566864584613446,0.013895103188392356,0.4930801176436292,-0.32752431558009937,-0.49527972390240593,1.4836847853802677,-0.4981424255097801,-0.40903895941038204,-0.4930801176436292,-0.013895103188393775,-1.038102835155144,-0.03432821836595151,0.5184030423421971,0.705416767502365,7.593435579547688e-4,-0.15100471279239655,0.9216751455883455,1.009431888773073,0.015758101167622184,-0.38732140769626244,-0.5588081172337243,-0.350643614875499,0.4302381123532211,0.19459466390925928,-1.5240030709358887,-0.20711139779498602,0.013711913318286572,-0.45626319576493324,1
-0.7404035143436003,0.7740663918911503,1.7280720791585935,0.5985369837740325,1,0,0,1,0,0,0.43825959565696476,-0.5745647297640688,-0.2210013526812325,-0.35968378961299996,-0.4741330075928888,-0.16390921825744253,-0.3122827214058211,0.011403212550255035,1.1682034252108202,-1.2907445371357587,-0.4483319148194167,0.4513772914988341,1.1005973689330009,-0.05465096688298305,-1.0401065216625272,1.2648307991674865,-1.2978038541760841,-0.3245399788318921,0.9345219622652575,-0.31122271395962636,0.3796301237423271,-1.0576071476415232,-0.32594024396353477,0.456832511651019,0.26600332400541304,0.31122271395962636,-0.9345219622652582,0.35452284597261524,-0.6347222057676005,1.701092264002664,2.242956326367051,1.434494883336343,0.6996301199807459,2.3897409215908554,1.9506907657090713,1.4420133285685155,0.3065783976019474,-1.0140677512169813,-0.12256320461863823,-0.2699405414371327,-0.07617516788719629,0.12560226393772106,-0.20711139779498602,-0.3759724034796717,0.038603250264021984,0
0.5960101282327613,-2.1892266948269663,-0.8790386569529866,-0.4281154315628296,1,0,0,1,0,0,-0.356733435603381,-0.28499163474201683,4.307784869070673,-0.7705250435847149,1.5447544729753604,0.3762995574266851,-0.6781249485240445,0.9243687570612295,0.1924648086778555,0.5646352339110413,-0.06388388035728024,-0.962745428868631,-0.33626035082146755,-0.710119243525671,1.0585809732159805,-1.2704892396496983,-0.6454721147168734,-1.446377828197019,-1.052824935956895,-0.26889098598050765,0.23340646726320227,-0.20826194794371172,-1.5398250014046493,-1.4028248736129436,-1.3290542613937064,0.26889098598050765,1.0528249359568944,-0.8431352397972577,0.491016520610491,-1.06458099280335,-1.4652273156007207,-1.5865907183395476,-0.5920746260821743,0.10608304780917345,0.7325910426154264,-1.1624527388592034,0.22331042096616224,-0.17942508891434333,0.05990112358685037,-0.7496925819971905,-1.1931007240475748,1.0455744699249259,1.439192814651505,1.4054416161681371,-0.76555472453303,1
-2.0511168945627247,-0.12780541711001567,1.0038746524609323,-0.13478617003801185,1,0,0,1,0,0,0.9303981388181312,-0.6315489934431072,0.5210031695267069,-0.5847785048172213,-0.18213026845908392,-0.03377614398254093,-0.6920103177528995,-0.08174873964354708,-0.8386877234627715,-0.7613992997317872,-1.3635189920778632,-1.522871796223674,0.49102422239160487,-0.1343973290999581,0.6140055273354177,-1.7666452129945547,-0.1312823918875329,-1.4777144542453946,-1.4375436385994584,-0.651277219968356,0.8279689645530651,0.7272999690581459,-0.6287938502660227,0.8984239600340199,0.32994091856975194,0.651277219968356,1.4375436385994576,-0.1328961424221005,0.5660657690356972,0.002113709040416646,-0.9128759194539534,-0.9081265789801313,0.26643645514257136,-0.42405181574728873,0.2896456887631914,-0.4803306735805153,0.8061862574166584,0.7310941790521709,0.13288685486904556,-0.21807545597118072,0.1438253204474232,0.3476645205553221,0.2044646553166367,-0.09762646290970158,-0.023255055489598248,1
1.135715637734753,-0.9266061622253344,0.5693561964423357,-0.8681093238500562,1,0,0,1,0,0,0.3877838476404349,-0.5652611765103484,-0.3233468040202586,-0.30876262010664657,-0.5623051836437044,-0.19610709230484086,0.5791152079414481,0.7586242525039759,-0.6674193845948007,0.13482500367107053,-0.05382958659435373,-0.8118994152825133,-0.7889441548572965,0.43331996375726184,2.1022286295285766,-2.0157907535477064,0.5500162913501504,-0.8200137746831035,0.2792118624399347,-1.3842528935050926,-0.3723055917369482,1.0647308976210685,-1.1132906477734381,0.36324685760380215,-0.7306027493187275,1.3842528935050926,-0.2792118624399354,0.577342954953057,2.2921984828154374,0.5911839175213025,-0.625394783447741,-0.3918111018575571,1.1722050270769362,1.3294711944779316,1.2862727349307197,0.07776919801113909,-0.3040534310604773,1.1104772073715516,0.2606118846128881,-0.37367071236903754,-0.21156008378542468,0.2207718024881207,2.8385513952310224,2.073471873536065,-0.2706882785040748,1
0.6731109153044746,0.5163887321765315,-0.8790386569529866,-1.161438585374874,1,0,0,1,0,0,-0.10435469552073157,-0.4443149842119812,1.1606622403956202,-0.6438007694723127,0.6483938083253511,0.15583355874102703,-7.928405197773335e-4,-0.11368214279974101,-0.24847337198071373,-0.05301456890693207,0.34527850921310776,0.057577785839348736,-0.22446173522795548,-1.1318335861757982,-0.5274417284459468,0.4998224753364337,-0.5139694659998238,-0.10214680420885802,0.010024599876957354,0.06858695651968806,-1.1298123192758764,-0.3723472362609128,0.8419448084222233,-0.4380240620295534,-0.5486054453729005,-0.06858695651968806,-0.010024599876958064,-1.0938078624002545,-0.5596729573423944,-0.2548937564358004,0.03355074177998182,-0.1699234587966153,-0.34003467563087314,0.2692014673650073,0.2896456887631914,-0.35630847989348147,-1.053465220782544,-0.3311783002420958,0.06902433999712428,0.4950694691856613,0.27921023634565156,-0.9212626601166852,0.5337254978059351,0.6260729825722207,-0.2706882785040748,0
0.18480593051695732,-2.8076530781420517,-1.8929150543297122,-0.4281154315628296,1,0,0,0,1,0,0.8420655797892039,-0.6234083843461017,9.6297483387000309,-0.8029294241796671,1.1860766901441728,0.14107619980263614,0.9152928947438644,0.20174449352935941,-0.9359186387877195,3.1559128891495027,3.198984528961693,0.3893703467274048,-4.166633773007076,-0.31124532244614234,-0.15111606247318726,-0.6138378192120638,-0.5493165546609219,-0.7666239060322977,-0.8740438917877038,1.3979208031972914,-1.5837297097372476,-0.4282854027326859,0.6625843226682968,-4.808127603175944,-4.907295594008685,-1.3979208031972914,0.874043891787703,-0.48105256270404034,-0.40957446049198204,-0.8644335860608106,-1.0130097982875779,-1.1428154322176651,-0.43454965705011084,-0.46483142063624716,-0.09793149585751397,-0.8523972546416179,-1.5808290728091832,-0.9381911455531051,-1.9472064866735241,-1.3980061503215924,-2.8007966003390283,-2.6025911745070953,1.0276167615398821,2.2404794378780473,-2.9305954259097073,1
-0.2263982671988458,-0.9266061622253344,-0.4445202009343899,-1.6014324776621007,1,0,0,1,0,0,2.103959280202451,-0.72051422143181,-0.2593808969333673,-0.35042539515729937,-1.0651298557189257,-0.28330966784987804,-0.012302321730547246,0.02698510289085571,-0.0842036844684722,0.5733283648351015,1.1630210874362923,0.23821215828460462,-1.3299679258828385,-1.449253350208029,-0.43598075599547825,0.5242816435865487,-1.095499585779953,-0.40391632571718133,-0.3305796915292576,0.6527578856825103,-1.4309701936584729,-0.4737938511152976,0.6419617477840538,-1.8608082694386807,-1.9063300498762048,-0.6527578856825103,0.3305796915292576,-1.3444804850032512,-0.3345252120667762,0.2727675886127153,0.5116092600824467,0.017827623793410803,0.16404522527173035,0.10608304780917345,0.2896456887631914,0.38782468222872474,-1.3310251429018278,-0.4070549059059717,0.14201007127932075,0.45617065508619664,-0.36386811417093057,-0.9212626601166852,1.1922471827845313,1.795125932966095,-0.08511336124321738,0
1.4698190483788447,-0.5916252045963298,-1.168717627632051,-1.6014324776621007,1,0,0,0,1,0,-0.15483044353726144,-0.3914010250814456,-0.1826218084290977,-0.3845657247126954,-0.023604580554094676,-0.003814233410656377,-0.16029934963496278,-0.011497417634321098,-1.0218881807494788,-0.22807059326488766,-0.18400404022455216,-0.25358474705146555,-0.6666681456311948,-0.9615823607723276,-0.5155993875410063,-0.6828971666207703,-1.5992657076452512,-1.3290651998391354,-0.6711839829354725,0.3198127523248422,-0.7379016171181125,-0.5007355812597458,0.7107095824390504,-1.2776958420190883,-1.0583592220244349,-0.3198127523248422,0.6711839829354719,-0.9823978079100336,-0.6347222057676005,-0.5824076947417753,-0.8192022908676594,-1.3305665148076924,0.006520256239666901,-0.05703537174666111,0.2896456887631914,-0.9144083514851348,-0.7481493064513315,-0.5588081172337243,-0.33239718205494984,0.06718251409155555,-0.44848368660732285,-0.8895394805998851,1.0276167615398821,1.3497724280541432,-0.5181215015185524,1
0.13340540580248203,-0.6173929705677911,-0.4445202009343899,-2.6280848929989626,1,0,0,1,0,0,-0.19268725454965888,-0.36930508610385926,-0.3617263482723934,-0.28677393327435763,-0.18789203091048115,-0.06239647646911723,0.7417351895800786,1.1259354053763129,-0.14661573717261597,-0.24394349793208106,-0.2836198132334279,-1.6581999787670152,0.003396600106751284,-0.468993292565685,0.8338762540373893,0.47023337935932497,-0.4647086626512561,-0.20404722356311375,-0.5745260083472232,-1.6917790986932637,-1.5000134088998287,-0.7100227533771046,0.6729678214931323,-0.13124522726493862,0.16950724851762336,1.6917790986932637,0.57452600834722245,-0.5367575899491508,0.5660657690356972,-0.4732363819731166,-0.173177266134598,-0.34060626115118536,-0.5920746260821743,-0.05703537174666111,0.2342775195316623,-0.29429738304996345,-1.3587811351137562,-0.482931511569848,0.7623887871779818,1.026686595211671,0.9053654723749538,0.15732544345452057,1.5215080252738291,0.6817421706862145,0.5334696962929761,0
-1.8712150580620608,-1.3388904177687242,-0.8790386569529866,0.3052077222492148,0,1,0,0,1,0,3.7948968387562023,-0.7681949318571277,-0.2849672597681238,-0.34579619792944905,-1.392825824286285,-0.32355701040912593,0.3160046869622992,-0.37775934479498446,-0.6680908690380235,0.40346469450127415,-0.20217053393922166,-0.30239394519248913,-0.1970918787906308,0.02705407791475982,-0.8735928288422327,-0.5819847306630652,-0.7857194606313259,-0.9542581125830727,-0.671183982935474,0.2532428274968747,-0.41238009374412177,-0.3566595625200933,0.32846407122865856,-1.3241607401953654,-0.6688157200484479,-0.2532428274968747,0.6711839829354733,0.16883942182224726,-0.6847550380510711,0.5972489904528956,0.17998308071947566,-0.14716575181600602,0.5946134739593706,0.3235742738836193,0.7510470990259361,0.5531876071447698,-0.44283339212011924,-0.4070549059059717,-0.25028823436248077,-0.0495139282068366,-0.5669454880182719,-0.12818317219668063,0.5337254978059351,0.7374113588002092,0.038603250264021984,0
0.4932090788038099,-1.1069805240255675,-0.4445202009343899,-0.13478617003801185,1,0,0,1,0,0,-0.09173575851659908,-0.45071117707391406,0.6617281651178678,-0.6009806951146973,0.4505380938111961,0.11782217965729289,-0.14319986045662125,-0.3305063513474947,0.20249385475114928,0.44678007023298966,0.07324964619328793,-1.4697876845304636,-0.3711019825065252,-0.022916908047174535,0.7550214827586881,-1.3011275112359693,0.26439210724226964,-0.17614909962665606,-0.6711839829354725,-1.3389429987860084,0.17622458733699473,1.2099942863757427,-1.5843235515624288,-0.34140436333415325,-0.26720343866849355,1.3389429987860084,0.6711839829354719,0.15955525061472892,1.0163612595869336,0.764038496071679,-0.09565426316663046,0.017827623793410803,1.4557499713346498,-0.05703537174666111,0.2896456887631914,0.9459245538203791,0.5286263352973745,1.793366658346437,1.3918907194869166,0.20981149912292413,0.05920974801103089,2.631733445764935,1.2745623934068555,0.6260729825722207,0.5334696962929761,1
0.46750881644657266,0.8771374557769975,1.4383931084795292,0.5985369837740325,1,0,0,1,0,0,1.5739639260288874,-0.6891147292005031,0.8280395235437853,-0.6148682867982482,-0.25451462874210684,-0.0547942006523704,-0.586832190895885,-1.4821565979052695,-0.5172171111495153,-0.5346919139534779,-0.8643186416979673,-0.9853862959322303,0.3777431332827571,0.6392229362857276,0.28611617317385646,-0.9454324034872211,0.52632079105067,-0.7293771157766978,-1.0228468552315015,-0.3295023237687909,1.454708472722734,2.3209313464407018,-0.24301527053406977,1.2442249672051036,0.4115617732273421,0.32950232376879157,1.0228468552315009,0.8001630639334981,0.491016520610491,0.6366719645082435,0.007709740790658993,0.22264698661889537,0.2270552128845555,-0.13859458152457876,0.40038202722625016,0.5738579727592754,2.138473883589221,3.3108987716239606,1.8571747564109133,1.4156747362063122,1.93767545609894,0.9504049313745251,0.5337254978059351,0.4033962301162448,1.770635811365363,0
1.341317736592655,-0.87507063028241,0.5693561964423357,-0.13478617003801185,1,0,0,1,0,0,0.13540510755778543,-0.5356061005141141,0.36748499251816774,-0.558160620757082,0.13387829111010716,0.019439786734686864,0.001321299280193834,-0.8846203047874883,1.3684129887627676,-0.5167119736503837,-0.5808979057914134,-1.0998159089993607,0.3840003825396154,-0.14433120529644203,-1.2985012760589592,0.44038265940339405,-0.4120210208088777,-0.311500775697924,-0.1602775458261487,-1.3410564071273077,-0.14605133854258728,-0.08664094278397728,-1.4281242953865476,0.2894915496250393,0.4510758488016846,1.3410564071273077,0.160277545826148,0.24311279148239442,-0.9349191994684248,1.664701826413112,1.6873748050966186,1.4003583228654286,0.6996301199807459,0.9216751455883455,1.1201682272361313,1.876091006473136,0.22331042096616224,0.4275877563966659,1.6108479133335034,0.4691369264526849,0.5669031826293847,3.012411599966537,0.8629863402952329,0.23638866577426285,1.275769365336409,0
-0.2263982671988458,0.4648532002336079,0.5693561964423357,-0.13478617003801185,1,0,0,1,0,0,0.097548296545388,-0.5117657453014551,1.5956304085864812,-0.6837275955625216,0.6163213974047457,0.13481550207119755,-0.5290280876875981,-0.6268452689010412,0.24177451201991537,-0.07408671573914118,-0.2670855475387671,-1.6329016020680809,-0.24809426152130049,-1.2805900030890143,-0.764734766636335,1.2742133280953465,-0.9203855650718497,-0.48781724606311994,-1.2601455701587203,-0.9772859963810728,-0.5439240084536571,0.09427030239112814,0.9499476526455986,-0.8125521979708913,-0.12903430228502252,0.9772859963810728,1.2601455701587196,-1.2330704305130304,-0.7848207026180125,-0.30947941282012914,0.369483754641173,-0.03337721691295973,-1.0646495331783645,-0.46483142063624716,0.12354118106860354,0.015758101167622184,-0.4150773999081907,0.27583454506891375,0.561678026151944,1.0007540524786946,0.5669031826293847,0.030432725387320277,1.0276167615398821,0.5704037944582268,0.22417816752487937,1
-0.8432045637725518,-0.7719995663965628,0.27967722576327125,-0.13478617003801185,1,0,0,1,0,0,-0.21792512855792381,-0.36058300492849626,-0.8478672421327675,2.690378533886872,-2.573196379523243,-2.3564950023462483,0.649931884298444,1.2271496194857108,-1.52070284881977,-0.2590165010865386,-1.4107512011597634,-1.7960492452166854,0.7055527637763677,1.0781317676654787,0.7775599127000496,-1.547555659432472,0.5882936379877797,-0.30371135038621627,-0.6862106428504532,-1.7690215962405276,0.1735104527989652,-0.9053589131165464,0.5237075461528358,0.9332564836943427,1.5375306333746483,1.7690215962405276,0.6862106428504524,1.2736557955169365,1.0163612595869336,0.7094528396873502,-0.2765412700918884,-0.03337721691295973,1.2982250023025865,-0.38327221085833024,-0.09793149585751397,0.7598912632898273,0.41760236644966076,-0.6346847228976005,0.9904691974348425,1.143383037510063,1.5145975939169787,1.0455744699249259,-0.28942660841731066,-0.9883334727336057,1.1520527538291696,0
-1.2030082367738797,-0.07626988516709207,1.0038746524609323,-0.13478617003801185,0,1,0,1,0,0,0.009215737516460692,-0.4850180296970086,-0.5280377066983108,-0.1363250233692226,-0.634422554067448,-0.2676579235212816,0.0012660916957571648,-0.6738301222610917,0.32251678309906734,-0.682202032348608,0.3613765887234051,-1.1141666933340604,-1.0436333542053626,0.8220220813522584,0.30775431616661064,0.4659474468276256,-0.3879986860225032,0.15299563659425408,-0.67984341407292,-0.8453300630711642,0.819594246773396,1.233154507576548,0.02734100138868012,0.5368780783603205,-0.3204368031576492,0.8453300630711642,0.6798434140729193,0.38237535959517033,-0.10937746679115769,-1.073678602200739,-0.7029177864157086,-0.801449827508525,-0.7495995951142377,-0.7910682597479163,-0.5962450189412776,-0.6663639641110671,0.9449662184763004,1.413983630027056,0.5525548097416701,0.4821031978191731,0.6853649840403343,-0.4136917878478824,1.8507688677631275,1.461110804282131,0.5953280020465953,1
-1.4343105979890196,-1.8284779712265005,1.4383931084795292,1.478524768348486,1,0,0,1,0,0,-0.5838743016777656,-0.09833909758924832,-0.24658771551598904,-0.35158269446426194,0.5650010954954711,0.19608090130027495,1.6423157300078115,-0.07497733535424679,1.2254221089202526,1.5229435931964843,1.58979175628717,1.6191112598259034,-1.0206458244197696,2.563944935362357,0.13100911900175177,0.6643562306934427,2.0453846333267887,1.668925188278007,0.9153149533513734,1.300476421676128,0.27818356839896535,0.23415080523411835,-1.007579133201372,-0.029230152561540913,-0.43742652833553713,-1.300476421676128,-0.915314953351374,1.8864110952131505,-0.18442671521636386,-0.8826288048555859,-0.44450777652248397,0.3421249482670949,-1.1591645145976028,-1.3619827281933365,-1.7589765728033937,-0.9144083514851348,0.05677446769459199,-0.02767187758659086,-0.6790794056453779,-1.047916823426415,-0.9900233502002335,-0.033013633646279864,-0.7833178721512579,-0.26463402725168356,-0.2706882785040748,0
-0.14929748012713334,0.6452275620338409,1.0038746524609323,-1.161438585374874,1,0,0,1,0,0,-0.6722068607066928,0.09877993697395579,0.16279408984011548,-0.536171933924793,1.1848404885462178,0.49033369467788745,1.3091522028004252,-0.8173075347699349,0.6990343960439659,1.263726176155861,0.9471379544888748,1.6683374942855926,-0.010663359168189984,0.9625438952663362,-1.933103342029427,0.3927608796957479,0.45683173961061135,0.7952524438794119,1.465333844976243,0.8221130942085961,-0.8586454874507333,-0.8147602507476797,-0.5609166308036049,-1.2542260021739138,-0.45491649971122045,-0.8221130942085961,-1.4653338449762439,1.050835686536495,-1.760460932145692,0.427426948368315,0.5762117625557528,0.7517636739180628,0.3530751881102058,0.4323198869208419,-0.2086678343205727,0.139780294854656,-0.7759052986632599,-0.7105613285614767,0.23324223538206504,-0.10137901367278856,-0.5838686025055501,1.1407440084753266,-0.5363722402842841,-0.2089648391376897,0.10046155601764112,1
1.6497208848795075,0.8771374557769975,-0.4445202009343899,-0.8681093238500562,1,0,0,1,0,0,0.2868323516073751,-0.5524687907864826,-0.5536240695330674,-0.13169582614137226,-0.8740265250004694,-0.3231098177140232,-1.264387111221445,0.6025571401988998,0.14141947635616853,-1.7967082287436755,-1.3792878812430043,0.130135917022619,1.434933747716274,-0.4781604189778529,0.8535309485127884,-1.5205022716364303,-1.0599521066203474,-0.9327391530846498,-1.1100395122473277,1.2784135428411474,1.2803888000980528,0.02801998219914013,-1.7212833080739247,1.3762065383119866,0.8825035575289167,-1.2784135428411474,1.110039512247327,-0.45320004908148526,0.7912135143113154,0.00893691608845806,-0.7804407893836761,-1.1086788717467513,1.1722050270769362,-0.13859458152457876,0.4557501964577793,-0.046252995675895824,1.5833540393506536,0.35171115073279,0.9904691974348425,-0.16621037050522874,0.38074892326932136,2.4413943686641333,-1.277209135885205,-0.9326642846196119,1.5232025883508855,1
0.2876069799459088,-0.07626988516709207,1.4383931084795292,-1.6014324776621007,1,0,0,1,0,0,-0.36935237260751347,-0.2646401119995031,-0.7583149722111197,0.4336448853098467,-1.0194358885518124,-0.538656696753551,2.4838555138760796,0.21356115744065063,0.806851937363183,2.0430463359235325,1.376108955688248,1.3717215713849438,-0.7580771944808437,2.4768127222198113,0.6855808402932484,0.9818957401309953,2.5209243750836605,1.816707046695453,1.3891927962267179,0.4930801176436292,-0.9790594671440468,0.39368044487937526,-0.11628310290791374,-0.26031833606998983,-0.015348200895781003,-0.4930801176436292,-1.3891927962267185,2.8333965583800262,1.0163612595869336,0.9368930746220554,1.3643622927300878,2.526864818405591,-0.655084613695,0.10608304780917345,-0.4855086804782194,1.3179911348814817,-0.7481493064513315,0.8828473903799233,1.3736442866663687,1.0915179520441112,0.9053654723749538,1.2993599060593275,0.4514102871836102,0.793080546914203,1.5232025883508855,0
-0.6890029896291251,0.7740663918911503,0.27967722576327125,0.5985369837740325,1,0,0,1,0,0,-0.43244705762817587,-0.22102970612268805,-0.2210013526812325,-0.35968378961299996,0.28248062895768555,0.10798394036503228,-0.3020472259497814,2.5643591883697776,0.7578412511087083,0.12995782906979086,0.14197322659569886,0.06806163291181558,0.26196078377022913,0.032434654035587006,2.401447217262284,0.6060562279455545,0.7246147146095069,0.392841420875592,0.20465562353765385,-0.11014700605881247,0.45241234447438156,-1.1139463585542055,-0.42696631685232667,0.5429509042320205,0.1989610392564386,0.11014700605881318,-0.20465562353765385,0.02029268250195297,2.2171492343902317,-0.009258302706318612,0.3048812521678669,0.59814915179895,-0.7495995951142377,0.10608304780917345,0.012804842605544792,0.015758101167622184,0.3343343898138759,-1.0899443568808573,-0.25028823436248077,-0.4255357978349895,-0.194636969298146,-0.0012904541294803558,-0.28942660841731066,-0.3759724034796717,-0.08511336124321738,1
0.5960101282327613,-0.2566442469673251,-0.8790386569529866,0.5985369837740325,1,0,0,1,0,0,-0.356733435603381,-0.28499163474201683,-0.5664172509504457,-0.1305385268344097,-0.34181563391063907,-0.11829556335696156,0.27678650405273325,1.5747016413287376,-2.6508238527063863,-0.0979199809532955,-1.2822050200036315,-0.3673586920817056,1.1876732550436897,-0.7762191264384161,1.1773089595602169,-1.488461979628475,-0.6403341354591942,-1.6545393253513048,-0.5047088517425482,-4.693472038239746e-4,-1.1604673768421776,-0.9819251506229115,2.1280042669738424,-0.5026607905487886,0.051593701976645825,4.693472038232714e-4,0.5047088517425475,-0.9266927806649233,0.491016520610491,-1.264728399545891,-1.710716824999284,-1.808478361400488,-0.7495995951142377,0.6769975162545934,1.0648000580046022,-1.4725082230767892,-1.1367331974183288,-1.0140677512169813,-0.4601222117987924,0.6376984542170299,0.38074892326932136,-1.6826189685198898,0.36909507656128593,0.4033962301162448,-0.3944048900113141,0
0.18480593051695732,1.3667250092347738,-0.15484123025532542,0.5985369837740325,1,0,0,0,1,0,-0.6595879237025604,0.06040277980235853,-0.1442422641769629,-0.3996106157032089,0.9012659350619028,0.3552815007568556,-0.5607785405490467,0.614555848476536,-0.13639755888713834,0.33658892704603866,0.6681333123723736,-0.5091461421246565,-0.8604495439053192,-0.40823151230879196,0.49233980757424267,-0.04721119028604527,0.8233299769907534,0.9853182692834322,0.18286856865026183,-0.8757814322965277,0.3718760944429431,-0.3502819774407519,0.13901733913634898,0.36168998597228064,0.09336548475761343,0.8757814322965277,-0.18286856865026252,-0.3696425082138195,0.491016520610491,0.09991301006234013,0.05939174276930372,0.39332978897346543,0.4475901695294441,-0.05703537174666111,-0.1532996650890431,0.8839134569768611,0.3343343898138759,-0.3311783002420958,-0.0039613912850709025,0.06718251409155555,0.2115177783965368,-0.3185222492974822,0.8629863402952329,0.45906541823023866,-0.2706882785040748,1
-2.0511168945627247,-0.9523739281967958,1.0038746524609323,-0.8681093238500562,1,0,0,1,0,0,0.9303981388181312,-0.6315489934431072,-0.7071422465416066,0.11249432762773152,-1.6285130175121179,-0.5726433415813603,-0.1588255056566112,0.3537289550783793,-1.1174482347749337,-0.5062826592511552,-0.9176567938656905,-1.0271987179882907,0.4341575201521494,-0.24161068373411024,0.8842645115333072,-1.8723934335372456,-0.24953214502866483,-1.5299562990242865,-1.1598770966922176,-0.2506245554141756,-0.020563816518268836,0.4003326840017532,-0.35398565609578136,0.4365234064704411,-0.3007057690139905,0.2506245554141756,1.159877096692217,-0.233474663836883,0.8162299304530506,8.501521796685712e-4,-0.9685058521393006,-1.000579763588857,0.3845801819166189,-0.22015379130249568,0.3819259708157405,-0.549231892295534,0.05677446769459199,0.5034643620605421,0.3518440487156324,0.10608132819102022,0.27921023634565156,-0.0647368131630805,0.28677986593896093,0.18071947766026855,0.10046155601764112,0
-0.9974061379159777,1.1348151154916164,-0.4445202009343899,0.5985369837740325,1,0,0,1,0,0,-0.596493238681898,-0.05531016379079078,0.38027817393554597,-0.5598965697175259,1.0618708412293278,0.39016253097487047,-0.8586929799792618,-1.8558718576654565,0.9926021451754499,-0.6024885516912806,0.47994426844460353,-0.35171904731847725,-1.1337465807940026,-0.4608853952231624,-0.5818048157225585,-0.6417792294102845,-0.16992359008947266,0.17538670519847424,0.18609969967169646,-0.6642742475994289,0.7335222351059405,1.9644030750420876,-2.0018466174279395,0.6454298408169391,-0.45272007333758396,0.6642742475994289,-0.18609969967169718,-0.5646101035717058,-0.7097714541928067,-0.6551885699208807,-0.8579637923516437,-0.8697229484503528,0.3215701943037938,-0.46483142063624716,-0.5962450189412776,-0.4803306735805153,0.6951622885689447,1.8692432640103136,0.06902433999712428,-0.9830854665939747,-0.7023304039164997,1.0138512904081252,1.1922471827845313,0.9044189231421907,-0.332546584257695,0
0.05630461873076867,-0.9266061622253344,-1.6032360836506476,-1.6014324776621007,1,0,0,1,0,0,-0.48292280564470574,-0.14253097554442093,-0.2593808969333673,-0.35042539515729937,0.3296501296494419,0.16119987108226008,0.8874810993644074,0.1532679862715248,-1.126608169672839,1.3741189493667738,0.8052614866546871,0.8377376814876722,-0.467148809375133,-0.1063974952548868,-0.30189581682588934,-0.9605551488358697,-0.06168373372206089,-0.836033004064164,0.1590389773671773,0.984841359792358,-1.340375195966768,-0.5127977231152064,0.5748458205452295,-1.9175105842952147,-1.8631028789573063,-0.984841359792358,-0.15903897736717798,0.15955525061472892,0.04072103005925432,1.127942871967207,0.3824042551358344,0.3421249482670949,0.9201650766256344,1.4110304042558486,1.4523772426253072,0.6978801664463103,-1.3032691506898992,-0.6346847228976005,-0.5787240251323598,-0.21807545597118072,-0.939254006738398,-1.206771275767887,0.5337254978059351,1.2384340518261547,-0.5799798072721716,0
-0.9974061379159777,1.4697960731206219,1.7280720791585935,-1.161438585374874,1,0,0,1,0,0,-0.6974447347149578,0.20344491107831195,-0.16982862701171944,-0.38688032332662053,1.0360774188806148,0.45545266445987265,3.2311372380340315,0.8742056048524274,0.7731866348739116,2.6318850288900415,2.984279709921228,2.148458749657933,-2.270544569269432,3.480293765395833,0.6005430987727239,0.3898842294851032,1.790133817090904,2.444326170336766,2.502958136977769,0.44783808336594555,-1.0155064607547906,-0.5982637348475109,-0.6651759814374556,-1.7804408292697764,-1.4933010250276797,-0.4478380833659462,-2.50295813697777,4.170317212262676,1.0914105080121401,1.3462854975045246,1.3772827932247493,2.185499213696451,1.6762849279795395,-0.38327221085833024,-1.2606630497196296,1.938102103316653,-1.0257092285706153,-0.7105613285614767,-0.5878472415426337,-0.8145239388296306,-1.3792549834076382,-0.0647368131630805,0.28677986593896093,0.5704037944582268,-1.0129879475475077,0
-0.35489957898503444,-0.7204640344536393,-0.15484123025532542,-1.161438585374874,1,0,0,1,0,0,1.0692064458635884,-0.6396896025401126,-0.6687627022894718,0.03148337614035112,-1.531413096869518,-0.5162970619984132,-0.03935083786302064,0.4740988248606641,-1.3941340301046843,-0.1919792774969791,-0.4970842402748994,-1.1089665704766873,-0.0016150565870647674,-0.8262102594401542,0.2896811168166745,-0.9211359435688607,-0.9408018118293994,-0.9219919912817577,-1.244018473027745,-0.2786957612109654,-0.77082125833993,-0.3605193321227133,0.980175133644619,-0.6735313536314395,-0.2539118707689413,0.2786957612109654,1.2440184730277444,-0.8709877534198129,0.04072103005925432,-0.6187981323313287,-0.9613277963089331,-1.2281568333949502,0.1010352376589052,-0.709509049969999,-0.2086678343205727,-0.8523972546416179,-0.8036612908751883,-0.482931511569848,-0.5057382938501646,0.04124997135858002,-0.2284831982727022,-0.9212626601166852,0.03983423407198747,-0.09762646290970158,-0.6418381130257917,1
-1.3315095485600683,-1.0296772261111817,0.27967722576327125,0.3052077222492148,0,1,0,1,0,0,-0.2684008765744537,-0.3501165075180606,-0.822280879298011,1.4202425444954436,-1.7939475649876047,-1.3668575680838524,-2.846445786562054,0.07641808919095376,-0.17032179400361122,-2.4429569448090476,-2.110958074413024,-1.9192826277624215,1.4279054109644982,-0.43922175728326796,-0.1197399286194465,0.21408765835353835,-1.0340811804911207,-0.5420789704913911,-0.5008818372323651,-2.120904085066952,3.5191869517023715,-0.22483905755110017,0.4479730483270552,2.274900028719654,2.2151142753711137,2.120904085066952,0.5008818372323643,-0.5089050763265954,-0.25947596364157,-0.46413877257572894,-0.28946177058654887,-0.6649035856248688,-0.2770246880180474,0.02452383803125581,0.2896456887631914,-0.17027518936292965,3.165445595430572,-0.2553016945782196,-0.14080963743918734,0.10608132819102022,1.0238272737859035,-0.09645999267988113,-0.6186874509066087,-1.378017789531564,0.40975308478573785,0
0.030604356373531493,-0.87507063028241,-0.8790386569529866,-1.6014324776621007,1,0,0,1,0,0,-0.028641073495936725,-0.4786218368350757,-0.7966945164632545,0.5840937952149817,-1.6895414965653028,-0.8194937092780809,0.675567358667975,-0.33084715840944073,-0.0509261281240415,0.8757288864367848,0.9907482262097571,0.36660555931132066,-0.6874978041247659,-0.15447566872966076,-0.20450863654989673,-0.10429311396131559,0.08938783966847487,0.08388341625337345,0.11065768597424898,0.3902573124670771,-1.0937431254241186,0.24922584524555771,-0.03518679836059774,-1.09441777657631,-1.2061253875337903,-0.3902573124670771,-0.11065768597424969,-0.20252742647848845,-0.25947596364157,-0.2185033188462471,-0.23777976860790415,-0.18699173903207253,-0.05648973137315825,-0.13859458152457876,-0.2086678343205727,-0.29429738304996345,-0.9424412519348303,0.5034643620605421,0.7623887871779818,0.6247321828505417,0.10997909147286698,0.15732544345452057,0.6983559190505837,1.0157572993701793,0.2860364732784985,0
0.8787130141623758,1.1863506474345409,0.5693561964423357,-0.4281154315628296,1,0,0,1,0,0,0.8294466427850714,-0.6205010239543141,-0.579210432367824,-0.1305385268344097,-1.1907743066096708,-0.376325748431251,0.7776096818078918,2.177581587530483,-1.5723134558500185,0.45173680781117986,-0.23198196657334927,-0.12594165932759507,-0.002436995145587073,1.3922304787657966,1.8072776255645027,-0.6025405904733545,1.1323854806959142,0.4587954933769733,0.1590389773671773,-0.329502323768793,0.3098150985590918,-1.1783080166778999,1.5439099823268483,0.5125867748735254,0.7495124200716088,0.329502323768793,-0.15903897736717798,1.8307060679680403,2.367247731240644,1.2644070129280303,0.705416767502365,1.178470679804488,1.109195039464111,0.18764225758709038,0.12354118106860354,1.2559800380379649,0.41760236644966076,-1.0140677512169813,0.48869229486974886,1.2600794798084554,1.4299820214805863,-0.826093121566285,-0.04248097655033679,-0.2089648391376897,0.47161139053935697,0
1.9067235084518848,2.1397579883786295,0.5693561964423357,-0.8681093238500562,0,1,0,1,0,0,-0.0412600105000692,-0.4780403647567182,-0.7455217907937414,0.343954189020247,-1.2922481779456862,-0.633461548115335,2.2224475287147265,1.1353503618929626,-0.7065135366981297,0.8655687404905196,0.46020162427708355,1.040303106269341,-0.9736772140542478,2.6405975179266337,0.5452012526151928,-0.9365065002784743,2.155153213212013,1.9837065271968237,1.5875602653373244,-0.15567358143258175,-0.4519134623483961,-1.0121333559762862,0.024728956572647415,0.9676855079619755,1.3384186762821642,0.15567358143258175,-1.587560265337325,3.0005116401153575,0.8662627627365218,0.9277954652246664,0.24027874969456073,1.1272658390981163,2.0858498474629035,-1.1988643086375024,-1.7589765728033937,0.9459245538203791,-0.6371253376036178,-1.1658209625447336,-1.0805009276974533,-0.9052878383950472,-0.5161761445564365,-0.28679906978068154,-0.7833178721512579,-0.9326642846196119,-0.5799798072721716,0
1.0586148506630406,-0.23087648099586283,-0.4445202009343899,0.5985369837740325,1,0,0,1,0,0,-0.571255364673633,-0.10764265084296887,0.08603500133584588,-0.5066608015972472,0.8178281825715495,0.3087734604661691,0.28300401227888633,0.4819113263999873,-1.544479346995132,0.0024338853965284912,-0.3095170942549647,0.36730792117352323,0.7555218382275508,-0.8923645785737582,-0.05346997580207247,-1.0182669614303868,-0.8457828017628162,-0.7747836410109727,0.1039844044028122,0.39783372969061137,-1.2851641406550907,-0.7150034672545688,1.08809491276061,-0.8419517703529857,-0.35403804461790095,-0.39783372969061137,-0.10398440440281291,-0.8988402670423681,-0.18442671521636386,-0.4095531161914002,-0.8450432918569822,-1.091610591511294,0.41608517572303205,0.9216751455883455,0.954063719541543,-0.6043528672675491,-1.2200011740541141,-0.7105613285614767,-0.1681792866700104,0.4043055696202447,0.025363519036474696,-0.7626467625326843,0.12214944469431245,0.3477270420022505,-0.023255055489598248,0
-1.0488066626304537,-0.6431607365392533,-0.4445202009343899,-0.8681093238500562,1,0,0,1,0,0,0.08492935954125552,-0.5088583849096675,-0.8350740607153893,1.4983602477154176,-2.3793284657363114,-1.5493121876857763,-0.9651209809462667,-0.9160054185167498,1.067391965072728,-1.3576161785180096,-0.5502074305912484,0.4449708826976982,0.48377039710272457,-0.5065952253642803,-0.6425874337508665,0.8458753500709869,-0.3440553906815779,0.04547191467012812,0.5516412599819246,0.05977612737849499,0.8358402375008549,0.6135161990976291,-0.6091374231833551,1.4928924351912154,0.7596910809937456,-0.05977612737849499,-0.5516412599819253,-0.5646101035717058,-0.7097714541928067,-0.44594355378095224,0.03355074177998182,-0.10165033785478751,-0.7495995951142377,-0.22015379130249568,-0.4855086804782194,-0.4803306735805153,1.5000860627148682,1.413983630027056,2.085255166667774,1.3638096507403592,2.005367914048054,1.7752075988113303,0.03983423407198747,0.06938110143228039,2.574793786162414,0
1.6497208848795075,-0.87507063028241,-0.4445202009343899,-0.8681093238500562,1,0,0,1,0,0,0.2868323516073751,-0.5524687907864826,-0.7327286093763631,0.31502170634618254,-1.4503275968640768,-0.6683425783333498,0.4579170332180571,1.4519854092668532,-1.1326508852464756,-0.027972498264275135,-0.11662767524947487,-1.1891160073011102,-0.7839918519766714,-0.6727172237288895,1.211030517811834,-1.4766093505314848,-1.2364939972842983,-0.899763274085372,-1.2649401125490116,-0.36726020632542794,-1.3089159051908836,-0.7797117541317428,0.0645217105399545,-1.1882972410078696,-0.7268220226558302,0.36726020632542794,1.264940112549011,-0.6203151308168162,1.1664597564373458,0.09991301006234013,-0.6899972859210471,-1.091610591511294,1.3612349899154128,-0.38327221085833024,0.2342775195316623,0.015758101167622184,-1.0257092285706153,-0.17942508891434333,2.38632130820683,2.063988304530714,1.3115202200696365,1.8386539578449304,2.9208666058533463,2.9085096952459755,2.512935480408796,0
0.2876069799459088,-0.07626988516709207,-0.4445202009343899,-1.6014324776621007,1,0,0,1,0,0,-0.44506599463230834,-0.194863462596599,-0.7583149722111197,0.4336448853098467,-0.9029664449188455,-0.4849935733412204,1.1006891235306064,0.5469444509759548,-0.9635127963962987,0.09066186955557957,-0.5833514203792438,-0.21050177079818488,0.4836091175923662,0.47852013215660116,0.9865193978228096,-1.5218570907588589,-0.11345771703538463,-0.8183886145344917,-0.5636247330177211,0.2718968389527333,-1.0524033421932566,0.23757505254973663,-0.21216533833083334,-0.2349810668080553,-0.040611778982276185,-0.2718968389527333,0.5636247330177203,0.7723105503109431,1.391607501712964,1.0733572155828786,0.007709740790658993,-0.03337721691295973,1.518759958947476,0.9216751455883455,1.397009073393778,1.13195784435093,-0.7481493064513315,0.9587239960437993,2.0670087338472247,1.6101688067036326,1.396135792506029,1.870377137361731,0.8629863402952329,1.127095675598167,2.018069034379841,1
-0.35489957898503444,-0.6946962684821769,1.0038746524609323,0.3052077222492148,1,0,0,1,0,0,-0.785777293743885,1.1367075968421543,-0.4512786181940413,-0.21733597485660297,1.357548890776926,1.0421694804346868,0.5089027820842196,-3.0732315457535537,-0.46154754028007017,0.1287900543025819,0.6663408853122049,-0.05356737413983618,-1.3401851799468367,1.1339021066591835,-1.831046562558924,-0.3421663662097065,1.3128977924304421,1.5533190298879895,0.1590389773671773,-0.23079243079930178,0.4253399180574882,2.383804493196767,0.2871067498547901,1.1278599224009291,0.6502379180744412,0.2307924307993025,-0.15903897736717798,1.7192960134778195,-1.535313186870074,1.701092264002664,1.2222367872888142,1.7929287682809403,2.243374816494967,-1.0357458890816678,-1.2052948804881005,2.3101686843777554,0.3620903820258042,2.1727496866658176,-0.07694712256726609,0.08014878545804377,0.5330569536548284,-0.5405845059150832,0.12214944469431245,0.013711913318286572,0.10046155601764112,0
-0.25209852955608386,0.18140777454752677,0.5693561964423357,-0.13478617003801185,1,0,0,1,0,0,-0.5460174906653681,-0.1338088943690579,-0.68155588370685,0.0627304574283407,-0.3380930387452739,-0.1513878227945654,-0.5012194249311669,-0.7890795560828998,1.1964596016252902,-1.1186538924742253,-0.8127432915940804,0.22223827108956917,1.221378578832554,-1.2777794828619078,-0.7538983895044173,1.7403499690530178,-0.8210045051520982,-0.19244050123629605,0.2507965989744553,0.05436948222367098,-0.5797843922588082,0.3277975976676013,0.11328352313140864,0.697135225764978,0.8687253900063037,-0.05436948222367098,-0.25079659897445594,-1.2052179168904753,-0.7097714541928067,-0.027453521501095285,0.8733832739329616,0.4616029099152932,-1.0961545269847772,1.0032343553662626,0.954063719541543,-0.10826409251941274,-0.5261013687559044,0.35171115073279,0.13288685486904556,0.1709126850234604,0.4484413812184362,0.31594134103852145,-0.20711139779498602,-0.2089648391376897,0.904619530814692,0
1.135715637734753,-0.9523739281967958,0.5693561964423357,-0.8681093238500562,1,0,0,1,0,0,0.3877838476404349,-0.5652611765103484,-0.7071422465416066,0.11249432762773152,-1.3869704295062355,-0.5216633743396463,0.44601718993776873,1.279586607417904,-1.5124880064717474,0.1422547235412798,-0.08243428427122541,0.5304806290003462,0.7629313954736181,0.5486362824957003,2.094610555966033,-2.1326375273984466,0.450990319949325,-0.5358032217433073,1.2784819609759694,-0.5444705351245722,-0.07200685078512467,0.3420620972974687,-0.07547327076131982,0.25501732726021953,-0.4159389535459922,0.5444705351245722,-1.2784819609759701,0.49378541408539117,1.9169522406894068,-0.03655113089848297,-1.1292943027395286,-0.9209277891567239,1.109195039464111,1.5741488238116832,0.954063719541543,-0.728375060954584,-0.05424950115312168,0.35171115073279,0.0963939892279486,0.04124997135858002,0.1438253204474232,-0.4771381468814831,0.5337254978059351,0.29205785388825667,-0.2706882785040748,0
1.0072143259485644,-0.7204640344536393,-0.15484123025532542,-0.4281154315628296,1,0,0,0,1,0,-0.7605394197356201,0.5668649600517709,-0.42569225535928473,-0.22890896792622875,1.1305482756863652,0.6128644931360422,-0.24232576602389783,0.2247096250579232,0.2519645223429352,0.5797404833872625,0.14294502691479585,0.3583539306103933,0.18078634257358667,-0.6111702342789297,-0.03128488459466936,0.6741528346307052,0.841944855039789,0.8754676055004776,1.1360522199736263,-0.6379707392984506,-0.2737142203728704,-0.3397615230548663,0.3330146408480797,0.0516661146114254,0.668888184968258,0.6379707392984506,-1.136052219973627,-0.6203151308168162,-0.10937746679115769,-0.23669853764102378,0.13691474573727128,0.47867119015075044,-0.5920746260821743,0.35076067714292497,-0.1532996650890431,-0.10826409251941274,-0.44283339212011924,-0.5588081172337243,-0.8341740846200435,-0.5551985114998699,-0.4992530300691578,-0.3185222492974822,-0.4540570296619595,-0.7656567202776299,-0.9511296417938885,1
-0.48340089077122306,-0.35971531085317227,-0.4445202009343899,-0.13478617003801185,1,0,0,1,0,0,-0.6217311126901629,-0.03205128065648941,1.0711099704739724,-0.6339637253631308,1.4264211061717016,0.46529090375213317,0.3345700506001743,0.39788470242359725,0.8995231476944495,0.9219207420740236,0.8056948925383958,1.5622778066443295,-0.011045383301799518,-0.15814402362679056,0.6823851229562937,0.4281073805702463,0.4089000357072595,0.30856677267938326,1.2301640235220075,0.9106988955914741,-0.6232434447512958,0.13748919529610526,-0.7994716461474329,-0.839997169277624,-0.746187424112345,-0.9106988955914734,-1.2301640235220082,0.10385022336961848,1.0914105080121401,1.127942871967207,1.2093162867941527,1.349153482159058,0.3215701943037938,1.0847935651441794,0.5111183656893089,0.8839134569768611,-0.6648813298155464,-0.02767187758659086,-0.44187577897824326,-0.7626588533636787,-1.0069464646875115,0.2207718024881207,-0.6186874509066087,-0.26463402725168356,-0.7036964187794109,1
-0.2006980048416086,-0.87507063028241,-0.15484123025532542,-1.6014324776621007,1,0,0,1,0,0,-0.4198281206240434,-0.22684442690626339,-0.7966945164632545,0.5840937952149817,-1.2535148208475249,-0.6258592722985881,0.8178788989587045,0.10493717601919803,-0.011520338791134038,0.8220343044148218,0.8540663574390003,0.4911147882854118,-0.7601417950254568,0.13559362271960476,0.12821014005372008,0.08540895304677137,0.05451800741067877,-0.003673313476394171,-0.088318892712161,0.7574155988166087,-1.0017969682114767,-0.01559146354289756,0.10157645006508875,-1.056456189118771,-1.113914369051867,-0.7574155988166087,0.0883188927121603,0.35452284597261524,0.41596727218528484,0.8823074182377254,0.795860270964994,0.785900234388976,0.4790951633358572,0.02452383803125581,0.06817301183707392,0.6978801664463103,-0.8314172830871166,0.27583454506891375,0.8992370333320981,0.8192262533478623,0.2961333508329291,0.1890486229713212,0.5337254978059351,1.0714264874841732,0.5334696962929761,0
1.1871161624492292,2.1397579883786295,-0.4445202009343899,-0.8681093238500562,1,0,0,1,0,0,-0.5586364276695006,-0.1338088943690579,-0.7455217907937414,0.343954189020247,-0.5996798670759406,-0.36872347261450417,0.48210893553953793,-0.1995606199923797,1.1874114550518402,-0.6982787790864704,-0.7541346985806537,-0.09545064103089791,0.3647002205102949,0.3770930832321021,-1.1569598463374084,1.5910835417566607,0.21393575846091598,0.6510948811717945,0.30418285154596364,-0.4318681387001143,-0.2935972450872111,-0.885113762252167,-0.024345721621448106,1.1554646173147212,1.6160794687577689,0.4318681387001143,-0.30418285154596436,0.577342954953057,-0.9349191994684248,0.7822337148664557,1.5710903006446677,1.605177685690913,-0.5605696322757617,-0.05703537174666111,-0.2086678343205727,0.7598912632898273,-0.6093693453916895,-1.1658209625447336,-1.5457849646214488,-1.3202085221226638,-0.8715615487892844,-0.5088613263982832,-1.1125787146405561,-1.378017789531564,-1.0129879475475077,0
-0.6376024649146498,-0.4370186087675581,-0.8790386569529866,0.5985369837740325,1,0,0,0,1,0,-0.81101516775215,1.503035006207401,-0.19541498984647596,-0.37935787783136377,2.1334305513855543,1.4491148329781935,0.6271069208941439,0.6703963007319823,-1.422369993624971,1.0931671841558734,0.21919869416468502,0.4411912809909268,0.2545457593345216,0.6654801291744212,0.12033458899597702,-0.6807627718246045,1.3992630220836417,0.7403686490559487,0.010024599876957354,0.5917900106131198,-0.20706753502045971,-0.7995914121585243,1.2603264977898943,-0.08931308027373773,0.437856846856638,-0.5917900106131198,-0.010024599876958064,1.357213336384602,0.8662627627365218,2.2287536090511795,1.428964795203394,2.0489529718127955,2.0228398598500785,0.2692014673650073,0.2896456887631914,2.620224168595341,-0.16527347000083534,-0.7105613285614767,0.16937972051014377,0.806259981981374,0.7192112130148905,-0.5405845059150832,-0.9479482933959068,-0.8213259083916238,0.7190446135538346,1
-0.8689048261297889,0.28447883843337485,-0.8790386569529866,-0.4281154315628296,1,0,0,1,0,0,-0.7100636717190902,0.31392460596624344,-0.46407179961141953,-0.191296740449945,0.7334761895196619,0.38926814558466494,-1.2660555967447753,-1.16132314865421,0.9524508582924991,-0.7993548427072686,-0.1956536620153771,0.26257292864641885,0.3684928082787013,-1.3867067617468296,-0.6624964376216665,0.15653426494042322,-1.4171081732066622,-1.1424903636438917,-0.01835909107355938,0.3763264807979944,0.3749000692139382,0.930278079482511,-1.1447303904203108,-0.32530338421379246,-0.8610601294455189,-0.3763264807979944,0.01835909107355796,-1.1216603760228097,-0.03432821836595151,2.401608187601556,2.1395923224097615,1.2808803612172301,1.4557499713346498,2.7975369704804414,3.1134223195711868,2.558213071751823,0.5008703430854462,1.1104772073715516,0.5525548097416701,-0.16621037050522874,-0.2792525417345383,0.8235122133073248,0.9453015509175579,1.2941032399401495,0.5953280020465953,0
-0.6890029896291251,0.18140777454752677,0.27967722576327125,-0.13478617003801185,1,0,0,1,0,0,-0.43244705762817587,-0.22102970612268805,-0.68155588370685,0.0627304574283407,-0.5554835976506626,-0.2184667270599786,0.7940702091230885,1.8914514463409458,0.18114653118833707,0.588187932164504,0.19499618674217306,0.14341708871280537,0.10338766082874969,0.4711917124628894,2.6732732469295253,0.11158354671549787,1.141373559693783,0.662530333775074,0.2246519615849838,-0.027203276549727037,-0.633364748387465,0.08194998450418906,-0.13550267320631984,0.33716253424191117,0.3933273269740477,0.027203276549727737,-0.2246519615849845,0.38237535959517033,2.367247731240644,-0.16391766246191838,-0.08273376267196997,0.3762615087380082,-0.43454965705011084,0.2692014673650073,0.17890935030013266,0.139780294854656,-0.49834537654397587,0.27583454506891375,0.5981708917930423,0.4302381123532211,0.549980068142106,0.6966194952401235,0.5337254978059351,0.5704037944582268,1.2139110595827887,0
-0.9460056132015023,1.0059762856343069,-0.8790386569529866,-0.13478617003801185,1,0,0,1,0,0,-0.6848257977108253,0.11040937854110647,-0.7839013350458762,0.566734305610543,-0.46758293208315554,-0.3530717282859077,0.5706762105074996,0.15947479033194378,-0.7006144456327835,-0.31436396631067104,-0.8522234905719359,-0.3141551383504877,0.3155793647943404,0.047236588980550824,0.31147598259002784,-0.03650629088827236,0.1922998832145757,-0.40277876876219365,0.2246519615849838,-0.651277219968356,-0.7463409193723154,0.09314564718542195,0.9210781162134385,0.6153667098394188,0.714697203041206,0.651277219968356,-0.2246519615849845,0.0759977097470634,0.340918023760079,0.15449866644666885,0.11107374474794844,0.18851042614798086,-0.40304466324369825,0.2692014673650073,0.17890935030013266,-0.17027518936292965,-0.7203933142394032,0.04820472807728505,-0.10431677179808911,0.37837302688726915,0.6176725260912207,-0.6992004034990842,0.2044646553166367,-0.09762646290970158,0.10046155601764112,0
1.4698190483788447,0.5163887321765315,-1.168717627632051,0.5985369837740325,1,0,0,1,0,0,-0.15483044353726144,-0.3914010250814456,-0.7711081536284979,0.4481111266468789,-1.3562088540851573,-0.6473245216635204,-1.050731575139171,-1.1621509710545277,-0.11801537095193121,-1.53086990049331,-0.7165658872665751,-0.23519085443923288,0.6627508350793795,-1.087262547774303,-0.7504665066863814,-0.19735195690814375,-1.5801988381933687,-1.1564036970169667,-0.7652983266135058,0.43824128821613356,0.3746879059612861,0.8432878076730598,-0.0369887185128949,0.5012083538077089,-0.19743238646831593,-0.43824128821613356,0.7652983266135052,-1.0659553487776992,-0.7848207026180125,-0.3640650692044592,-0.40574627503850064,-0.972132629863095,-0.05648973137315825,-0.05703537174666111,0.34501385799472056,-0.6663639641110671,0.25106641317809053,0.6552175733882943,-0.2959043164138529,-0.2699405414371327,-0.0592520533999176,-0.7309235830158842,-0.37174181903963527,-0.2089648391376897,-0.1469716669968365,0
-1.0231064002732158,-0.4885541407104817,0.27967722576327125,-0.4281154315628296,1,0,0,1,0,0,-0.7983962307480176,1.4245362756291338,-0.6431763394547153,-0.029274837475184185,1.1305482756863652,1.118192238602155,2.4773611889600247,-0.980360454507969,-0.007919591098480176,1.43737758275265,1.351368042405373,0.33733654691921244,-1.3011129642556103,3.1291548955200814,-0.07582273527626054,0.17916675497686033,2.21592726686077,1.8918155656599784,1.943454842271065,-1.4674080343893063,-0.31821633701061514,1.2696179387245294,0.19087165631526004,0.25547116337013864,0.09014504816389197,1.4674080343893063,-1.9434548422710656,3.0005116401153575,-0.03432821836595151,0.1272058382545045,0.2015172482105774,1.1101975588626602,0.06953024385249205,-0.30171300108041293,-1.0391903727935126,0.44983577907224165,-0.10976148557697851,1.6416134470186852,0.9448531153834703,0.9099901529132779,0.9730579303240674,0.3476645205553221,1.5215080252738291,0.793080546914203,0.47161139053935697,1
2.138025869667024,-0.87507063028241,-0.8790386569529866,-1.6014324776621007,1,0,0,1,0,0,-0.7226826087232228,0.34299820988412016,-0.7966945164632545,0.5840937952149817,-0.398226511328222,-0.18761043109788852,0.3916682827097374,-0.4919687361692197,-0.3272809421129663,1.534830667415194,1.9016345101420058,1.5646272414169031,-0.772892698514548,-0.4536248568257265,-0.7602993618357806,-0.3715211660117601,1.1079376165834447,1.493558292857923,1.0614552385657117,1.0812265632535092,-0.9978808934126429,-0.08640868044773473,0.07406106936773166,-0.9748452376203273,-1.0140490221276797,-1.0812265632535092,-1.0614552385657123,-0.8709877534198129,-1.2351161931692491,-2.274563042655982,-2.0595703383551376,-1.6548638392813753,-0.9386295579527137,-0.8726274695258333,-1.3160312189511594,-1.8445748041378918,-0.8869292675109735,0.04820472807728505,0.41570656358755365,0.39133929825375646,-0.0423289389126401,-0.0647368131630805,-0.04248097655033679,0.5704037944582268,0.16231986177126023,1
0.18480593051695732,1.0059762856343069,-0.15484123025532542,-0.13478617003801185,1,0,0,1,0,0,-0.6595879237025604,0.06040277980235853,-0.7839013350458762,0.566734305610543,-0.5690568034191699,-0.39153030006474465,0.03528326347904137,-0.038329301136659465,-0.5917015333293415,-0.4677803629183911,-0.20995423251887274,0.12546887223330794,0.3256466933054294,-0.6582556720716546,0.2842134982101772,0.03609600546128135,0.2931223917618503,0.5590088198204455,0.41113096936191074,-0.2366301126415829,-0.7067835483014692,0.33732701203104526,0.8451488225830065,0.9225962376618477,0.8187140953019928,0.2366301126415829,-0.4111309693619114,-0.6203151308168162,0.26586877533487285,0.018034525485845748,0.03355074177998182,0.15437386567706757,0.29006520049738066,0.5138790966987595,0.34501385799472056,0.5738579727592754,-0.7481493064513315,0.12408133374116129,-0.5057382938501646,-0.02358138547386016,0.34690269429476517,-1.016432198667086,-0.28942660841731066,-0.4316415915936655,-0.1469716669968365,1
-1.0231064002732158,0.5163887321765315,0.27967722576327125,0.5985369837740325,1,0,0,1,0,0,-0.7983962307480176,1.4245362756291338,-0.7711081536284979,0.4481111266468789,0.5464568506828977,0.7492582651423824,2.0672883627550345,-0.28524248060488555,0.06617138583301407,1.3440726218845067,1.3948425704548109,1.2374634995870712,-0.8667631674263625,3.1875722883391697,-0.13673859465367402,0.20366176913101072,2.288563924434476,1.8310842811956085,2.00124968809791,-0.2970624528398517,0.31036988070051463,0.2545225340041376,0.11420193572224915,0.4535454122320057,-0.025666246401404347,0.2970624528398517,-2.0012496880979107,2.8612490720025816,-0.18442671521636386,-0.17301527185930607,-0.04397226118798574,0.8712416355662611,-0.2770246880180474,-0.22015379130249568,-0.983822203561983,0.139780294854656,0.25106641317809053,0.19995793940503753,-0.0951935553878152,-0.02358138547386016,0.1607484349347019,-0.5405845059150832,0.2044646553166367,0.06938110143228039,-0.08511336124321738,1
0.18480593051695732,-0.7719995663965628,-0.15484123025532542,-0.13478617003801185,1,0,0,1,0,0,-0.6595879237025604,0.06040277980235853,-0.8478672421327675,2.690378533886872,-1.748531133660709,-2.0327274910918542,-0.6940198002777523,1.1014683076845637,-0.4186345406701269,-0.32726831917544164,-0.6998691456907897,-0.46931743460729436,1.1399495118031653,-0.8693380457960141,0.28030577801575585,0.10030842605650853,0.15049805250895956,0.568939573132819,0.18032674558006626,-0.8189388764091825,0.09641909433972073,-1.2309956446137211,0.6730877359152543,0.5913496782721249,1.4653229242263006,0.8189388764091825,-0.18032674558006695,-0.7874302125521474,0.340918023760079,0.23637715102316323,0.2531992501892221,0.3079883877961804,0.5106001571422693,0.35076067714292497,0.2896456887631914,0.7598912632898273,-0.05424950115312168,-1.2416975682086098,-0.5148615102604385,-0.11434528503927678,0.12690220596014448,-0.033013633646279864,-1.277209135885205,-1.6563637301015341,-0.2706882785040748,0
-0.7661037767008384,-0.6431607365392533,-0.15484123025532542,-0.8681093238500562,1,0,0,1,0,0,-0.8236341047562825,2.7008674876239214,-0.8350740607153893,1.4983602477154176,0.44498297934688336,0.9191914892814292,-0.0828893878313285,-0.7188364383143837,1.3994095147101089,-0.461228107110677,0.39358976892352465,-0.3755659299983358,-0.8110061509268284,0.21542337982517235,-1.074777865920999,0.6707963692817404,0.530502349927051,1.4404269971132841,-0.01835909107355938,-0.49401881205127574,0.3305082143959392,-0.09006330130126335,-1.238954027332061,1.1491264658523959,0.8946106302755912,0.49401881205127574,0.01835909107355796,-0.03541234474315745,-1.1600669447440433,-0.8280431484712572,-0.39282577454383927,-0.1699234587966153,-0.2770246880180474,-1.6882195673050053,-1.8697129112664523,-0.5423417704240322,0.9727222106882286,0.6552175733882943,2.3407052261554577,1.143383037510063,1.6161362808406496,3.2661970361009387,0.6160407084282594,0.4033962301162448,2.574793786162414,1
-0.6119022025574117,-0.12780541711001567,-2.617112481027373,3.2385003374973924,1,0,0,1,0,0,-0.33149556159511606,-0.28441016266365926,-0.10586271992482811,-0.445902587981712,0.24454470037309173,0.12587164816914248,-3.508176289701871,-1.4432841359003685,0.1793000465034284,-1.4812961997860608,-1.140107720667175,0.4288293115819497,1.112221038718887,-1.5323653141595106,-0.456258037215344,0.3051757016066556,-0.18540068180008268,-0.19946221340206,2.110417730215288,-1.5082145751103553,3.347083162711684,1.5238834853459584,0.061562978924922435,1.8172954582463654,1.2874598455256163,1.5082145751103553,-2.1104177302152882,-1.3723329986258064,-0.10937746679115769,1.1825285283515359,1.183475285804831,1.0419244379208312,0.4475901695294441,2.7975369704804414,1.6184817503198954,0.6358690696027934,4.941829096993988,2.8556391376407038,2.769496397438356,2.388145088692915,3.2407552716193817,1.7434844192945298,1.6038232358961542,0.848749735028197,2.389218868901558,1
0.6731109153044746,-0.8493028643109486,-1.168717627632051,0.3052077222492148,1,0,0,1,0,0,0.13540510755778543,-0.5251396031036785,-0.16982862701171944,-0.3880376226335831,-0.24487078269693538,-0.10398539711367341,-1.3391790745281678,-1.3373221995966635,0.9565046926468649,-1.3103702300036997,-0.06205548774308949,0.10551849980723432,0.15368600115374842,-0.9108006101177007,-1.1962577743716867,-0.28279992559165584,-1.2284852888675908,-0.5605676286096855,-0.8773392119444982,1.0140489972048288,0.9520998643712457,0.637131910468598,-1.5917606100439072,0.5520806593431903,-0.46661001040811917,-1.0140489972048288,0.8773392119444975,-1.0102503215325889,-1.3101654415944555,-1.110069039790291,-1.0646918002662225,-1.4159079159849774,-0.2770246880180474,-0.9541866793037505,-0.7069813574043363,-1.1624527388592034,1.0004782029001573,0.7310941790521709,0.34272083230535716,-0.5681647828663581,-0.33002188519637315,0.886958572340925,-0.6186874509066087,-0.2089648391376897,0.34789477903211874,0
0.44180855408933456,-0.10203765113855341,-1.6032360836506476,-0.13478617003801185,0,1,0,1,0,0,0.07231042253712305,-0.5100213290663825,0.5210031695267069,-0.5847785048172213,0.2556084424433628,0.059687129293934785,-0.9561655275530687,-0.10427851134849338,0.3966092418607968,-0.9664056528866571,-0.5218248702341429,0.2987007485128624,1.0735005768194632,-0.7219667179914343,0.5552220624196855,-0.17182323994795748,-0.7937285357597956,-0.6518752929069117,0.8901842874827404,-0.4754817429490244,0.6081908037695445,0.6993348030608079,-0.7148439056895672,0.5185040606616503,0.04196854188796449,0.4754817429490244,-0.890184287482741,-0.5089050763265954,0.9413120111617277,1.091552434377654,0.821701271954316,0.4274663494443799,0.8886600828192224,2.471300131368772,2.0614271041721297,0.6358690696027934,0.5008703430854462,0.5793409677244183,-0.1681792866700104,-0.5033334260339178,-0.2792525417345383,0.1890486229713212,0.28677986593896093,0.06938110143228039,-0.2706882785040748,0
-0.8432045637725518,1.3409572432633117,-0.15484123025532542,-0.8681093238500562,1,0,0,1,0,0,0.17326191857018283,-0.543165237532762,0.15000090842273722,-0.5367505835782743,-0.019580301363478245,-0.0029198480204508676,-0.8318419918113286,-0.13115984799978644,0.5373529721737166,-1.0958636953097023,-1.4730960923701442,-0.5656660723698307,1.2914536937757046,-1.1270901125788002,0.4247705955006233,0.487391304659862,-1.4245710319356812,-2.237321133107004,-1.5933077962547393,0.8087222172553705,0.030521378501894778,0.6055468653962648,-0.24479825704767078,0.06786090352884117,-0.2692115608708967,-0.8087222172553705,1.5933077962547393,-1.2052179168904753,-0.10937746679115769,-1.3193140559302208,-0.9096457943302884,-1.347634795043149,-2.1673243164028086,-0.22015379130249568,0.6772228733838963,-1.2864749325462383,0.5008703430854462,1.33810702436318,1.9210372712828345,1.4675398216722642,1.4130589069933075,1.2359135470257274,0.36909507656128593,0.9044189231421907,2.203643951640699,1
-0.27779879191332196,-2.8076530781420517,-1.8929150543297122,-0.4281154315628296,1,0,0,0,1,0,0.4256406586528323,-0.5745647297640688,8.60629382530977,-0.8000361759122606,1.306228588867645,0.17640442271575374,0.060851763251389183,2.118854315080584,-2.6122526196819504,2.6289966021187987,2.062773658694442,0.080561056561392,-2.8449783340536854,-1.1724249511940599,2.2683682235381752,-2.3899439304598777,-0.5128516102411526,-1.3937094568024633,-1.2987103676458371,1.3979208031972914,-1.2560890550685038,-0.6357925532073178,1.1693736772878358,-4.060139678518205,-4.04239280366579,-1.3979208031972914,1.2987103676458365,-0.9823978079100336,2.81754322179188,1.1825285283515359,-0.43158727602782254,-0.596630464683041,2.1488598350757298,0.35076067714292497,1.2309045656991897,1.069946747507413,-1.3957891247296605,-1.1911131644326922,-2.3881619465034554,-1.6141106730963926,-2.716181027902636,-2.866951003813763,0.34165667302051117,1.3126596359781475,-2.9305954259097073,1
-0.2006980048416086,1.547099371035007,0.5693561964423357,0.3052077222492148,1,0,0,1,0,0,0.03445361152472564,-0.5030436641260921,0.21396681550962854,-0.5431157297665685,0.1181899169697456,0.03285556758776951,-0.6317447843718214,0.2909450384841624,0.3185634124786273,-0.33121758965755876,0.2184912073560336,0.20074782242270622,0.26726322520022444,-1.1408604735811692,-0.7809068938025029,0.94558808029905,-0.8864734003513651,-0.30682798680472445,-0.22109974072011698,0.4930801176436292,-0.2614778418111957,-1.1816265794558045,0.5147379717379482,-0.4315582539759665,-0.5836070802734736,-0.4930801176436292,0.22109974072011698,-1.0659553487776992,-0.7097714541928067,0.08171779126756346,0.5632912620610914,0.15437386567706757,-0.40304466324369825,0.5954383064766764,0.7879592118469556,0.139780294854656,-0.4150773999081907,-1.2416975682086098,-0.7520651369275744,-0.39960325510201306,-0.5330992590437151,-1.175048096251087,-0.20711139779498602,0.013711913318286572,-0.6418381130257917,0
0.46750881644657266,-0.07626988516709207,1.4383931084795292,-2.334755631474145,1,0,0,1,0,0,1.5361071150164898,-0.6844629525736429,-0.041896812837936774,-0.4730991216953325,-0.7206323725332286,-0.16077886939172326,1.4136024947208787,0.95101588784706,-1.1037729361742388,1.0368868579355175,-0.3567579542538547,-0.6679418079666731,-0.041690853495623424,0.686306840612114,0.5119267661341773,-1.0506728785780606,0.3841477892537666,-1.0463262177630361,-0.7989105922128035,-0.11864316273067908,-1.2798989711767128,-0.7924621554868507,0.4530696638976157,-1.0198528786880277,-0.5577310876769552,0.11864316273067908,0.7989105922128035,0.7166055230658329,0.5660657690356972,0.2454747604205509,-0.354064273059855,-0.18699173903207253,-0.15100471279239655,0.10608304780917345,0.5664865349208381,-0.046252995675895824,-1.2755131584779709,-0.9381911455531051,-0.8524205174405927,-0.5162996974004062,-0.8546384343020056,-0.7626467625326843,0.12214944469431245,0.06938110143228039,-1.0129879475475077,1
-0.2263982671988458,-0.87507063028241,-1.6032360836506476,-0.13478617003801185,1,0,0,1,0,0,0.4130217216486998,-0.5728203135289962,0.11162136417060241,-0.5176551450133918,-0.18533957653976074,-0.040484034409082256,-0.18058872117170466,2.4471963813091264,-0.9027942740590186,0.014535698868629963,-0.5843505730064806,-0.12082450874280234,0.7715947970293914,-0.48776454291114335,3.348494959173281,-3.1586359825098516,0.5711909937454371,-0.5880961872209713,-0.21462929445480164,0.048076501797563044,-0.2362555713163648,-0.0044050910872606135,-1.9399745283036152,0.5467464204018324,0.1855229008552918,-0.048076501797563745,0.21462929445480092,-0.23037994010104354,4.018331196595177,1.237114184735866,-0.8579637923516437,-0.6136987449184976,3.188524630687348,1.0847935651441794,1.3416409041622488,1.5040244254120325,-0.19302946221276363,0.04820472807728505,0.16937972051014377,-0.8793552956620708,-0.6346379459673855,1.7434844192945298,-0.4540570296619595,-0.48731077970765985,0.038603250264021984,0
-1.7941142709903475,0.18140777454752677,1.4383931084795292,-1.8947617391869185,1,0,0,1,0,0,-0.25578193957032125,-0.348372091282988,0.7256940722047591,-0.6061885419960289,0.6414740953729424,0.2005528282513025,0.220183046496379,0.02999183758217073,-0.4666393834094962,0.5259124524355195,0.2244356367901842,-1.091196654393867,-0.9288781753120091,-0.2018986692670676,0.1892530341454133,-1.3187992331365568,0.09244800970495429,-0.5271202152350023,-1.9977480652544186,0.4930801176436278,-0.5079046574350523,0.14842479673101236,-0.6873543751563822,-0.6188039302904994,-0.8064076143310256,-0.4930801176436278,1.9977480652544177,-0.4253475354589299,-0.18442671521636386,-1.019092945816409,-1.4523068151060594,-1.347634795043149,-0.18250970659880966,-1.3619827281933365,-0.7069813574043363,-0.6043528672675491,-0.6093693453916895,-0.1035484832504671,-0.6882026220556532,-0.9052878383950472,-1.057715808149347,-0.2550758902638815,0.12214944469431245,0.4033962301162448,-0.6418381130257917,0
-0.6890029896291251,-1.0554449920826439,-0.4445202009343899,0.5985369837740325,0,1,0,1,0,0,-0.3945902466157784,-0.25882539121592774,0.047655457083711085,-0.5002956554089532,0.45432040054888617,0.1875842400933226,-0.2108044598255435,-0.8992163369453244,1.3258461103953003,0.25579943209603134,0.8039092515111254,0.3491545684273715,-0.8277284634629495,-0.29628751455968677,-0.3590791295010515,0.5167315772485402,-0.05453074918535234,0.5287930716856601,0.5444209881177442,-0.06374491962016399,-0.002918260561799654,0.8744850532546616,-1.2932106472865486,-0.39964028739886187,-0.5288578859148279,0.06374491962016399,-0.544420988117745,-0.45320004908148526,-0.5596729573423944,-0.7916527108817039,-0.43158727602782254,-0.42594766232847037,-0.49755964466293656,-0.38327221085833024,-0.6516131881728072,-0.9764194483286528,0.11228645211844858,1.0346006017076752,0.5069387276902979,-0.2829068128036209,-0.4146374576327655,1.331083085576127,1.1099319721622063,1.1827648637121608,0.47161139053935697,0
-1.305809286202831,-0.9266061622253344,-1.168717627632051,-1.6014324776621007,1,0,0,1,0,0,0.009215737516460692,-0.49839188749923186,-0.2977604411855021,-0.3330659055528607,-0.28810748634527944,-0.1258978391737084,0.48696902403097236,-0.3943887286531396,-0.6933029114866527,1.161421804555424,1.1216522225209553,0.9909884149642614,-0.586407726831322,-0.839447835507093,-0.8555149020737075,-0.2582754833921192,-0.49138594966005716,-0.461882441887877,0.30418285154596364,1.049905154907421,-1.5159086683820187,-0.3157251411128439,0.6882263529708605,-2.056255825455606,-1.9091411296578258,-1.049905154907421,-0.30418285154596436,-0.9823978079100336,-1.0850176963188372,-1.3102164465328319,-1.2197378062021575,-1.3134982345722352,-0.8126095827270634,-0.05703537174666111,-0.2086678343205727,-1.658541513607341,-1.4420491117495413,-0.4070549059059717,-0.378013264106322,0.015317428625603584,-0.8038690908401701,-1.1116017372174867,0.4514102871836102,1.1827648637121608,-0.5181215015185524,0
-0.35489957898503444,-1.95731680108381,-0.4445202009343899,0.3052077222492148,1,0,0,1,0,0,0.2363566035908452,-0.5495614303946948,6.226762081677413,-0.7873058835356722,1.2226493961074274,0.18579546931291158,0.11949692367532877,-0.5721616415285,0.9009164373389834,0.1131950070423138,0.681997813776437,2.1551795327858327,0.7360600696055758,-1.1959250354243363,-0.8524258339921948,0.8355856863387809,-0.9364934403653541,-0.5855305529251629,-0.5745260083472232,3.5092157361558383,-1.3611175854893294,-0.06863167855840126,-0.39189991952761366,-1.081530016447473,-1.45828718006695,-3.509215736155838,0.57452600834722245,-1.1216603760228097,-0.7848207026180125,0.04532735367801011,0.47284775859846334,0.0519641842643253,-0.5605696322757617,-0.05703537174666111,0.2342775195316623,-0.23228628620644656,-1.3032691506898992,-0.17942508891434333,-0.350643614875499,-0.4903671546674297,-0.8546384343020056,-0.5405845059150832,-1.853415610241477,-0.5429799678216537,0.16231986177126023,1
0.6988111776617119,1.1605828814630785,-0.8790386569529866,0.5985369837740325,1,0,0,1,0,0,-0.10435469552073157,-0.4443149842119812,0.43145089960505906,-0.5720482124406329,0.3538315557783163,0.10038166454828545,-0.9585540891020972,-1.8397810699674881,2.0280703610107023,-0.7634277654518572,-0.009094293450997227,-1.3035527295454008,-0.6155216182800335,-1.1318335861757982,-0.44365993344557136,0.5256793103436984,-0.8825761669184173,-0.715943847159927,-0.38662849897585155,-1.3944370113607845,0.20197801137168453,2.0807084744010194,-2.2441831136849095,0.15619423960644227,-0.6871567927006653,1.3944370113607845,0.3866284989758509,-1.0938078624002545,-0.4846237089171882,-0.2548937564358004,0.046471242274642305,-0.3064697006802721,-0.655084613695,0.2692014673650073,0.5111183656893089,-0.4803306735805153,0.25106641317809053,2.096873081001942,0.269735101023162,-0.9701191952274875,-0.8546384343020056,1.489698983160128,2.0153992890077768,1.2941032399401495,-0.45626319576493324,1
0.7759119647334253,-0.7462318004251005,0.5693561964423357,-0.13478617003801185,1,0,0,0,1,0,-0.23054406556205628,-0.35534975622327847,0.7896599792916505,-0.618340184719136,0.6394803215394946,0.20457756250722728,1.0417472384363577,-0.5096227992881032,-1.054170134162677,1.230653696883496,0.89288082747743,0.17290096670343671,-0.8480814557347823,0.2814704562470171,-1.0118586630590847,-0.42643927361646844,0.4823448847298981,0.40360943271254857,-0.2094031647789695,0.4434998061064408,-1.1673329305684799,-0.31418451041106565,1.012555543971141,-1.184248818366545,-0.7667427505787524,-0.4434998061064408,0.2094031647789688,0.15955525061472892,-1.009968447893631,-0.3367722410122935,-0.4961897785011287,-0.2894014204448148,0.16404522527173035,-0.9541866793037505,-0.983822203561983,-0.23228628620644656,-1.0812212129944723,-0.2553016945782196,0.14201007127932075,0.6506647255835172,0.09305597698558829,-0.635754044465484,-0.04248097655033679,0.18071947766026855,-0.08511336124321738,0
-0.7147032519863632,1.8047770307496258,0.27967722576327125,1.0385308760612593,0,1,0,1,0,0,0.8799223908016013,-0.6309675213647497,8.260877927040557,-0.798878876605298,1.0793510852712633,0.13213234590058104,-1.2139525114303091,2.4965574906206425,-1.1865238447146773,-1.4123201120612612,-1.4551296639253357,-0.10332469520641918,1.5039225422220135,-0.45947833324076515,2.5327605596280938,0.3031576809954519,-1.684526714714446,-1.6658678422032378,0.4251360800282837,-0.5625673488356443,1.2289251813183897,-0.8893395768382252,1.9266620774941852,0.23760550134633873,0.26534411643712863,0.5625673488356443,-0.4251360800282844,-0.45320004908148526,2.2921984828154374,-0.082039177885424,0.08523274375862654,-0.596630464683041,-0.655084613695,1.5741488238116832,1.4523772426253072,-0.8523972546416179,1.7776459848341521,-0.482931511569848,1.6108479133335034,2.5696728878237463,2.546907577640965,-0.9212626601166852,1.0276167615398821,0.793080546914203,1.3376276710900281,1
1.3927182613071303,-0.3339475448817109,0.5693561964423357,-0.13478617003801185,0,1,0,1,0,0,-0.14221150653312897,-0.398378690021736,1.5956304085864812,-0.6860421941764467,0.8116532343097286,0.22380684839664572,0.6798803332234755,-0.19856155359226704,0.5417299675573006,1.1004721388658845,0.9444360422447107,1.22940085726724,0.06749715228850507,0.18899428767207313,-0.14907233167005918,0.01479829608722795,0.2962133442754328,0.05955241678362399,0.6359402782403267,1.046038314370867,-0.7565492880794205,0.12319457438696567,-0.7256921532867403,-1.1929467814322738,-1.169671765532759,-1.046038314370867,-0.6359402782403275,0.1317027369921738,-0.18442671521636386,-0.13662483426975403,-0.10857476366129187,0.017827623793410803,-0.2770246880180474,0.6769975162545934,0.40038202722625016,-0.29429738304996345,-0.7759052986632599,-0.02767187758659086,-0.40538291333714505,-0.6978274965312384,-1.0746389226366257,0.030432725387320277,-0.37174181903963527,0.1250502895462747,-0.6418381130257917,0
-1.4086103356317816,1.289421711320388,0.5693561964423357,1.0385308760612593,1,0,0,0,1,0,0.9682549498305286,-0.636782242148325,-0.3233468040202586,-0.3128131676810156,-0.8178047006335394,-0.24798144493676041,-1.0074351040165717,-0.6137652028973725,-0.9325345877882518,-0.8969975122033743,-0.5537617369228676,-1.5847650660272368,0.18355892035211555,-0.9672079874956112,-0.028273316191460948,-1.446117891381587,-0.8300096460917666,-0.5522031945608677,-0.4699178107408922,-1.6953717729977889,0.4344402109830793,0.8140884152567813,-0.17840299616054953,0.38876241248957066,0.18079843715726313,1.6953717729977889,0.46991781074089145,-0.5738942747792242,0.8162299304530506,2.629048422536261,1.213623120292374,0.7631425274083669,3.640096208579263,1.6828944368489056,2.227531611866718,2.413520512450285,0.6951622885689447,1.1863538130354276,0.9995924138451164,0.7414286251489338,0.8715192434003977,0.7600658542737248,1.7684536571408034,0.9044189231421907,0.5953280020465953,0
1.6497208848795075,0.3102466044048362,-0.4445202009343899,1.478524768348486,1,0,0,1,0,0,0.29945128861150755,-0.5524687907864826,-0.38731271110714993,-0.26941444366991896,-0.5964371159004084,-0.21667795627956757,-2.4742910228841732,-0.05984281455514264,-1.4169222941782453,-3.1075906524483554,-2.3414897621443815,-2.7785556937019975,0.9970226813957086,-0.8187365711261141,0.7474796826000711,-1.1029314314143643,-1.8103282924386848,-1.3292974592173672,-1.8749635333848382,-1.930052565703467,2.622489963251741,0.8309448780652293,0.828640521049823,2.403063940661542,1.746251125339052,1.930052565703467,1.8749635333848376,-0.8431352397972577,0.491016520610491,-0.4732363819731166,-0.9354867953196102,-1.5012493171622625,0.5421051509486824,-0.709509049969999,0.17890935030013266,-0.4803306735805153,2.776861704463574,1.0346006017076752,0.6072941082033162,0.9748215097457181,2.0222910285353324,-0.6040308649486834,0.2044646553166367,-0.5986491559356475,0.7190446135538346,1
0.5189093411610479,0.0010334127472937634,-0.4445202009343899,-1.6014324776621007,1,0,0,1,0,0,-0.00340319948767178,-0.48269214138357847,-0.13144908275958464,-0.4146555066937224,-0.10780569463178309,-0.05076946639644561,0.9140852931972164,-0.1194813075664805,-0.1641217350904945,-0.16206047489309253,0.22603421889314484,-0.6577492087564664,-0.3597892752144103,0.11585808562115926,0.9359469575606028,-0.703382247001694,-0.2819078300593409,-0.4795183195047004,-1.1014209826064827,0.1952844489803987,-1.1552938174554566,1.1016029600994404,-0.48247141433201796,-0.06060173230651608,-0.7620118631335602,-0.1952844489803987,1.101420982606482,0.32667033235006016,1.2415090048625523,0.855014590045561,0.31780175266252825,0.18851042614798086,1.0146800580448727,-0.22015379130249568,0.34501385799472056,1.13195784435093,-0.9979532363586869,1.413983630027056,0.8353745184601769,0.4302381123532211,0.38074892326932136,0.28421816152172197,0.36909507656128593,0.514734606344233,0.40975308478573785,0
-0.7404035143436003,0.6194597960623787,0.27967722576327125,-0.8681093238500562,1,0,0,1,0,0,-0.016022136491804253,-0.4803662530701483,-0.3617263482723934,-0.2723076919373254,-0.34756481593456784,-0.15899009861131222,0.37960419060447004,-1.79437425456539,2.87412565405241,0.11546762493348217,1.5197884070221692,0.4914447161092,-1.4652062868395188,-0.2800395978013894,-1.213003692103175,2.4959870102203974,-0.8395093875754669,-0.09040934036413498,-0.20147967785109638,0.8700970699576539,-0.8076611341433059,1.2476745067927035,-1.4207998196671383,-0.9884324500181253,-2.064066486347774,-0.8700970699576539,0.20147967785109566,-0.16273812130340953,-1.0421324115044335,0.49760850657673844,1.7981219521937144,1.2833186869651523,-1.3706980444406593,0.8284646201278684,1.041070842619661,1.0256531069049009,-0.9146852597229018,0.6552175733882943,-1.0440080620563552,-1.5147025926199844,-1.7177172731532073,-0.826093121566285,0.7806711296729086,1.461110804282131,-1.198562864808365,0
0.08200488108800677,-1.3388904177687242,1.4383931084795292,0.3052077222492148,1,0,0,0,1,0,0.11016723354952047,-0.5158360498499579,-0.2849672597681238,-0.34000970139463615,-0.34756481593456784,-0.13394730768555796,0.4911836850356171,0.03229152124381165,0.2259518452220198,0.9134998929742428,0.7114049017152876,0.7429267123275305,-0.5418592828541804,0.19573546072300327,-0.0819067588561394,0.37001313160819593,0.12469589103296401,0.4571801307888253,0.3586118043630053,0.6575966059261134,-0.4874263047048126,-0.12637351928164986,0.06294377148573554,-1.1104331102929015,-0.4785137991482533,-0.6575966059261134,-0.35861180436300605,0.2152602778598393,-0.03432821836595151,0.14540105704928116,0.31780175266252825,0.3591932285025509,0.1010352376589052,-0.13859458152457876,-0.319404172783631,0.2638024885416898,-0.49834537654397587,-0.17942508891434333,-0.1864257194905595,-0.127311556405765,-0.5500223735309933,0.15732544345452057,0.03983423407198747,0.4033962301162448,0.22417816752487937,0
-0.2006980048416086,0.1298722426046032,-0.15484123025532542,-0.4281154315628296,1,0,0,1,0,0,-0.43244705762817587,-0.20940026455553734,-0.19541498984647596,-0.3648916364943316,0.30829872852547685,0.12095252852301216,0.350275770232222,-0.7349532295767874,-0.1060816926939502,0.10370962156702437,-0.03507184279472579,-0.33680135559577706,-0.670428352936291,-0.03912700837141175,0.25703514540756417,0.19485547133406286,-0.239456909453555,-0.26230236597146317,-0.8901438845537553,0.42347698798565403,-0.5261622309108053,1.2662385387337647,0.3408281845710882,-0.37754638036516447,-0.21049209404766908,-0.42347698798565403,0.8901438845537545,0.1317027369921738,0.491016520610491,0.7185504490847379,0.7183372679970265,0.5810808715634928,0.2270552128845555,-0.38327221085833024,0.012804842605544792,0.6358690696027934,-0.5816133531797613,0.9587239960437993,-0.4509989953885172,-0.21807545597118072,-0.3469449996836519,-0.5405845059150832,0.2044646553166367,0.45906541823023866,-0.2706882785040748,0
-1.4343105979890196,-0.5916252045963298,1.4383931084795292,-1.6014324776621007,1,0,0,0,1,0,-0.5838743016777656,-0.11055001123475654,-0.1826218084290977,-0.38514437436617666,0.6302303732174899,0.21262703101907687,2.141880982008778,0.13935545445317887,-0.15256865981594303,2.571612158477672,2.2041672813336954,0.5634234070858094,-2.577005686041051,2.17518310130246,-0.06312693882213553,0.554772695537568,1.936281520791458,1.479813524968161,0.3871222082195544,0.3844992353771891,-0.8049203192266516,-0.25450891614776405,0.7660595259892117,-1.5540985085761652,-1.4207755321536055,-0.38449923537718983,-0.3871222082195551,1.5800334453650435,-0.3345252120667762,-0.8553359766634215,-0.4703487775118068,0.2738518273252659,-1.1276595207911904,-1.2804235184154193,-1.5375038958772762,-0.790386157798101,-0.8036612908751883,-0.3311783002420958,-0.3050275328241268,0.11904759955750843,-0.5161761445564365,-1.0481553781838862,1.2745623934068555,1.6837875567381073,-0.5799798072721716,1
-0.25209852955608386,-0.2824120129387873,0.5693561964423357,-1.8947617391869185,1,0,0,1,0,0,-0.4576849316364408,-0.18614138142123599,0.41865771818768077,-0.5691549641732264,0.7812478189133183,0.2966992576983947,-0.01741922139356933,-2.641015331514208,2.998354035922641,-0.09348583135392159,1.113371198629511,1.1382628685122853,0.21408932308944925,-1.311846391908763,-1.0881587720207528,1.7302685096311796,-0.7105843245823684,-0.0652709186798701,0.013895103188392356,1.5386737987278607,-1.2865596064020695,2.534782855304804,-2.3600974268406505,-0.5783099255889659,-1.5111614347844797,-1.5386737987278598,-0.013895103188393775,-1.2330704305130304,-1.009968447893631,0.018034525485845748,0.9121447754169449,0.5469443110925782,-1.033144539371952,0.9216751455883455,1.009431888773073,0.20179139169817292,-1.1089772052064004,3.0832689546323317,1.1181942271786838,-0.4514683405679659,-0.6346379459673855,1.9338234963953311,0.12214944469431245,1.127095675598167,0.904619530814692,1
-1.460010860346257,1.0317440516057692,-0.4445202009343899,-0.13478617003801185,1,0,0,1,0,0,0.5392110916900246,-0.5937533083498675,-0.7711081536284979,0.43653813357725313,-1.8185589233238642,-0.7940037256572239,0.4863519147251979,-0.22376511364731247,-2.0311173924688943,-0.6307517540313021,-0.3607276084382981,-0.2985881274757684,-0.1151268938212392,-0.2519770811717153,0.12033458899597702,-2.2195597820131345,-0.25125616493084424,-0.12210768365442162,0.12355936367902995,-0.529783266025729,-0.9280567070950788,0.42767319051523695,0.5461619909465762,0.6029636148186367,0.349749171196094,0.529783266025729,-0.12355936367903066,-0.3616846471788037,-0.07721350318035518,-0.5421182816961997,-1.524292460719172,-1.5207559231456418,1.509758532145644,-0.22015379130249568,-0.30358469586033693,-0.5689179547855394,-0.9146852597229018,0.27583454506891375,-0.31415074923440073,0.002351157259115363,0.24536400737109418,-0.826093121566285,0.2044646553166367,-0.04195727479570725,-0.332546584257695,0
1.5469198354505571,-0.87507063028241,0.27967722576327125,-1.6014324776621007,1,0,0,1,0,0,0.22373766658671274,-0.5483984862379798,-0.7966945164632545,0.5551613125409173,-1.8685492498092935,-0.8507971979352736,0.6551627095726786,-0.5121792537101497,0.24562873556065606,0.5277916150593327,0.390466888525281,0.693295041061621,0.14203899883203927,-0.13480183963294254,-0.9971206498746794,0.25924148874708586,-0.2067587494646005,-0.6213816668562446,-0.37315522795503414,1.3156625590560507,-1.045712105929093,-0.2959114784145528,-0.07527001508581156,-0.9180308583632675,-1.1142843341326654,-1.31566255905605,0.3731552279550334,-0.3139374809687093,-1.0850176963188372,-0.7734574920869285,-0.5349512799851129,-0.5795621844475838,-1.1591645145976028,-0.05703537174666111,0.12354118106860354,-0.790386157798101,-0.9424412519348303,-0.17942508891434333,0.34272083230535716,0.2487103132223888,-0.14386762583630988,-0.12818317219668063,-0.28942660841731066,0.4033962301162448,0.038603250264021984,0
-0.6633027272718879,-0.7462318004251005,0.27967722576327125,1.7718540298733036,1,0,0,1,0,0,-0.4198281206240434,-0.22102970612268805,0.46983044385719386,-0.5749414607080393,0.7443254042432543,0.27433962294325703,0.1862936532962495,2.642765533460945,-0.720485961959906,1.5833303505931573,0.7714915990543579,-0.2288860101044895,-0.49415917504833184,0.44987768474307943,2.495609228722989,0.08094174821871787,0.9624460803465688,0.6049639783800329,0.271474372857786,-0.5814181964513455,0.19046662204944279,-1.1272320918179615,1.0662670973891653,-1.1846320974781839,-0.41234728511218416,0.5814181964513455,-0.2714743728577867,0.18740776423728422,1.841902992264201,-0.7370670544973751,-0.5866332819637576,-0.20406001926752979,-0.7180946013078251,0.18764225758709038,0.06817301183707392,-0.4803306735805153,0.44535835866158957,-0.8623145398892288,1.0269620630759395,1.4934723644052397,0.8207498999385615,0.2524949820049213,1.6861384465184783,1.461110804282131,0.7809029193074537,1
0.31330724230314594,-1.3131226517972627,-0.4445202009343899,0.5985369837740325,1,0,0,1,0,0,-0.5333985536612357,-0.12508681319369488,-0.20820817126385424,-0.36373433718736903,0.4848907830678219,0.18490108392270607,0.4160024373267895,0.2888483739884808,-0.4988023504002813,0.14470794629735956,0.4482991731273897,-0.022187845528417915,-0.31940689829960595,-0.06400274911886926,0.9356553475646178,-0.967613486240607,-0.7688405789771952,-1.0453016981856524,-1.3500596596423822,1.3087111581427058,-0.6424123085232251,0.5408655290758909,-0.2904787144080962,-0.957860256847974,-1.6033445377614053,-1.3087111581427051,1.3500596596423813,-0.23037994010104354,0.5660657690356972,-0.6733837887156574,-1.0259302987822392,-1.2281568333949502,-0.11949971898598452,-0.46483142063624716,0.17890935030013266,-0.4803306735805153,-0.8314172830871166,-0.02767187758659086,-1.3359509871851372,-1.2553771652902237,-1.4807936703313085,-1.4605567119022886,-0.5363722402842841,0.06938110143228039,-1.3222794763156045,0
0.544609603518286,0.0783367106616796,0.27967722576327125,-1.6014324776621007,1,0,0,1,0,0,1.031349634851191,-0.6414340187751852,-0.4896581624461761,-0.1797237473803192,-1.084236739862708,-0.354413306371216,-0.07939545223579407,-0.3894560573148489,1.058179263899744,-0.11958591476982844,0.670479329211675,0.04266252129158186,-0.8345312232832665,-0.3896584162947953,-1.076894430541429,0.4568102846813912,-0.3380407331481889,-0.027649625489230254,0.13286549185952784,-0.07358778644048274,-0.2789407893232155,-0.5442685391297971,-0.987516221477245,-0.17364254862846842,-0.8986504430745585,0.07358778644048274,-0.13286549185952856,-0.5367575899491508,-1.1600669447440433,-0.8189455390738695,-0.4832692780064673,-0.5795621844475838,-0.7495995951142377,-0.38327221085833024,-0.4855086804782194,-0.9764194483286528,0.0012624832707351544,-0.17942508891434333,1.2732889061533492,0.4821031978191731,0.38074892326932136,1.0455744699249259,1.5215080252738291,1.6281183686241134,0.8427612250610729,0
-0.9203053508442651,-0.4885541407104817,-1.6032360836506476,-0.13478617003801185,1,0,0,1,0,0,-0.2810198135785862,-0.3373241217941949,-0.42569225535928473,-0.2503190051050364,-0.18102298954795892,-0.06597401802993927,-1.2607093679317691,0.33722274908747074,0.19495869468905602,-1.9719518554465287,-1.8289859098989452,-1.4076181865035944,1.450747632357512,-1.4010863710355572,-0.07317726450529435,0.6001086397571966,-1.920712071165315,-1.7992459172105995,-0.7433772838313556,-1.1825507815298193,0.35309807173628555,-0.5361561833365616,0.33653624190451925,0.7594345257708266,0.6211578158643563,1.1825507815298193,0.7433772838313549,-1.3444804850032512,-0.18442671521636386,-0.3549674598070702,-0.0052107597040024186,-0.767313267037611,-1.0016395455655394,0.6769975162545934,1.2309045656991897,-0.5423417704240322,-0.08200549336504998,-0.8623145398892288,-1.3724438528262355,-1.0219842806934394,-0.7023304039164997,-1.206771275767887,-0.37174181903963527,-0.8769950965056176,-1.2604211705619852,1
0.2105061928741954,-0.35971531085317227,-0.15484123025532542,-0.4281154315628296,1,0,0,1,0,0,-0.6848257977108253,0.1801860279440106,0.2267599969270068,-0.544273029073531,1.2774385783492765,0.5592013697237117,0.2254288697450048,0.7548651625879998,-0.6982524562989553,0.4585294132395442,0.2912719284208694,-0.28961418229145813,-0.09072046490794183,-0.9250426725549596,0.1095888162982836,0.12445256023094381,-0.21867826462075501,0.16830016873892675,-0.23432195700141584,-0.1626015385546773,-1.23775606989914,-0.9262924551322828,1.0795973202293703,-0.8362812793211669,-0.21435541446717626,0.1626015385546773,0.23432195700141514,-0.9545452942874786,-0.10937746679115769,-0.6097005229339397,-0.4574282770171454,-0.5112890635057554,-0.24551969421163483,-0.13859458152457876,-0.04256332662598434,-0.29429738304996345,-1.192245181842186,-0.9381911455531051,-0.33239718205494984,0.2487103132223888,-0.11002139686175369,-0.7309235830158842,0.03983423407198747,-0.04195727479570725,-0.5181215015185524,0
-2.0511168945627247,-0.6946962684821769,1.0038746524609323,-1.161438585374874,1,0,0,1,0,0,0.7789708947685415,-0.6199195518759565,-0.6687627022894718,0.03148337614035112,-1.4226330777538072,-0.5010925103649195,0.4512858586164005,0.2072356679793335,-2.0287387266864583,0.4993009510899804,-0.5012529160257965,-0.5536552617529293,0.30959991598038145,-0.06727996942681438,0.45466126526307954,-1.931011268807258,-0.0836758413472573,-1.1775506345718811,-0.7825353858951971,0.020989325180847843,-0.6947493246375254,0.17103221665519217,0.8328737033955859,-0.7574949046366658,-0.49799566284679797,-0.020989325180847843,0.7825353858951963,-0.11896988561082296,0.340918023760079,-0.20030810005147043,-1.1422148032341901,-1.1086788717467513,0.5106001571422693,0.02452383803125581,0.4557501964577793,-0.6043528672675491,-0.7759052986632599,-0.1035484832504671,-0.7429419205172992,-0.24400799870415715,-0.5161761445564365,-1.1116017372174867,-0.04248097655033679,-0.04195727479570725,-0.8274130302866491,1
-0.9717058755587404,0.6967630939767645,-0.4445202009343899,-0.8681093238500562,1,0,0,1,0,0,-0.596493238681898,-0.09601320927581818,-0.11865590134220637,-0.4395374417934178,0.7233399851138923,0.2658429617363047,0.25891907839061706,-0.2555564182148624,-0.9357507807681106,0.4126694516064517,0.48449726010566585,0.19394340244778774,-0.6093982821612243,-0.5864902862608834,-0.7081069983232986,-0.6053532749947228,-0.36647746599597125,0.019237384669207686,-0.16027754582615011,0.42347698798565403,-0.9460474649189817,-0.35860684214178046,0.6708810038243171,-0.9208825878647366,-0.6110886049817865,-0.42347698798565403,0.16027754582614942,-0.7038726716844818,-0.8598699510432187,-0.8371407578686448,-0.9871687972982559,-1.05747403104038,0.1325402314653172,-0.5463906304141645,-0.5408768497097485,-0.6043528672675491,-0.8869292675109735,-0.3311783002420958,0.023408257945752128,0.36540675552078095,-0.0423289389126401,-0.4771381468814831,0.2044646553166367,0.45906541823023866,-0.1469716669968365,0
-0.7147032519863632,-0.35971531085317227,0.27967722576327125,1.0385308760612593,0,1,0,1,0,0,0.8799223908016013,-0.6309675213647497,-0.8094876978806327,1.133810966022206,-2.332622558664172,-1.3614912557426193,-1.0222686278927708,3.208860136853488,0.7451933022185919,-1.9109074468887712,-2.074925099820463,-0.005652916816459084,2.3774169870501116,-0.5498117125106835,2.778224710251114,0.5051721653379339,-1.564807110378747,-1.4660562432458502,0.4073962731842086,-0.41176056791003435,0.8721240269555901,-1.6210967154004605,-0.5110549007094921,1.029876734836935,1.2661856743900783,0.41176056791003435,-0.40739627318420935,-0.5367575899491508,2.5173462280910557,-0.082039177885424,0.188596747715916,-0.4600842227993849,-0.7180946013078251,1.247911984700014,1.1201682272361313,-0.790386157798101,1.3613061016552261,-1.317574173872486,1.5743550476924053,1.0137203238451828,1.4299820214805863,2.2827784710801327,-0.5363722402842841,-0.7656567202776299,2.265502257394317,0
-0.3291993166277972,0.5163887321765315,-0.15484123025532542,0.5985369837740325,1,0,0,1,0,0,1.5865828630330199,-0.6920220895922907,-0.7839013350458762,0.5175490850646336,-2.292714754943237,-0.9321862684439749,-0.7483293306177276,-0.051382462052946845,-0.325971300393463,-0.8073636970782281,-0.37428373503624357,-0.7467676590845568,-0.2504567627571278,-0.8291663825072515,-0.22173503426105248,-0.5768606182103594,-0.8427726575507843,-0.7447710204199117,-0.7989105922128049,-0.2261522221554376,0.21207687094787062,-0.15160524800105224,-0.13407560133440105,0.25501732726021953,-0.24053675706895059,0.2261522221554376,0.7989105922128042,-0.9545452942874786,-0.5596729573423944,-1.1737523055720087,-1.2455788071914804,-1.4500444764558913,-0.49755964466293656,-0.7910682597479163,-0.5408768497097485,-1.2864749325462383,0.22331042096616224,-0.1035484832504671,0.13288685486904556,0.04124997135858002,0.1438253204474232,-0.2233527107470814,0.5337254978059351,0.45906541823023866,0.038603250264021984,0
1.2899172118781799,0.8771374557769975,1.0038746524609323,-0.8681093238500562,0,1,0,1,0,0,-0.3062576875868511,-0.3169725990516812,-0.5152445252809326,-0.13748232267618515,-0.3021483846076716,-0.13752484924638,-0.020050024598163508,0.8003065826029638,1.1701849362805583,-0.40872249754848194,-0.25173284108735144,1.7692296305298467,1.0815806824193663,0.9865901527955695,0.9135679917711454,-0.12819475452963122,0.6329505423983423,0.35986438462489834,1.479669042426001,0.9455004604204603,1.0136693033116153,-0.18325354148664053,-1.7285053745702246,1.1797806486700564,0.6786025519394415,-0.9455004604204603,-1.4796690424260017,1.1900982546492709,1.1664597564373458,0.7367456678795146,0.5503707615664309,0.8029685146244333,0.5106001571422693,1.3294711944779316,0.6218547041523672,0.5738579727592754,1.1115021717478706,-0.02767187758659086,0.4795690784594736,-0.5422322401333817,-0.07617516788719629,1.9021003168785307,-1.0302635040182315,-0.7656567202776299,0.9664778365683122,0
-0.9460056132015023,1.6501704349208541,-0.8790386569529866,-0.4281154315628296,1,0,0,1,0,0,-0.6722068607066928,0.15111242402613387,0.29072590401389814,-0.5471662773409375,1.2623743704541994,0.5390776984440877,0.3896587989612044,-0.6151683226504084,1.3978864386295855,1.4177196168257036,0.8917915183932522,1.3810419081403902,-0.3665105127778381,-0.33699176595286495,0.08144840685887463,0.4955820819258701,0.08241880432694615,-0.3464378591167705,-0.1227108960387,2.0052796195278315,-0.878548247189677,0.9259310546467153,-1.4129453924978284,-1.8335226631550163,-1.497601791030869,-2.0052796195278324,0.1227108960386993,-0.3417899945912644,0.04072103005925432,-0.09113678728281299,0.17567624722125458,0.20557870638343811,-0.9071245641463012,-0.13859458152457876,-0.09793149585751397,-0.23228628620644656,-0.9146852597229018,0.5793409677244183,-0.6334633235940058,-1.2035120798242718,-1.7177172731532073,0.47455723862252236,-0.7833178721512579,0.18071947766026855,-0.5799798072721716,1
-1.0488066626304537,1.0575118175772313,-0.4445202009343899,-0.4281154315628296,1,0,0,1,0,0,0.021834674520593164,-0.5001363037343045,-0.5664172509504457,-0.12185878203219036,-0.7248812947094848,-0.2904647509715221,0.3910206394119442,-1.5301227610488133,1.6708432044955674,0.17497072054535912,0.8565353762204361,0.27879852213499595,-1.487096691547712,-0.3054954184419069,-1.1815754720667602,0.9200135623854088,-0.23970012877893274,0.2132997790662756,0.19034451885672046,0.1914665557924087,-0.8489711401644959,0.9164651398523903,-1.35957372969651,-0.4740566998217977,-0.9052922199081896,-0.191466555792408,-0.19034451885672118,-0.45320004908148526,-1.2351161931692491,-0.7552622732921518,-0.21193876761858224,-0.2894014204448148,-0.9386295579527137,-0.8726274695258333,-1.0391903727935126,-0.9144083514851348,-0.8869292675109735,0.5793409677244183,-0.615216890773458,-1.164613265724808,-1.2438700675094103,0.15732544345452057,0.6160407084282594,0.793080546914203,-0.76555472453303,0
-1.9997163698482496,0.6194597960623787,-0.15484123025532542,-0.8681093238500562,0,1,0,1,0,0,-0.44506599463230834,-0.19777082298838666,-0.3617263482723934,-0.2723076919373254,0.13982363450128532,0.05834555120862652,-0.5375766925518335,-1.3293117758190043,2.2503491284288333,-0.0578250935134808,0.9300880895292287,0.5324632961999339,-0.9937844092588853,-1.4736952786930708,-0.4965695267337236,1.6503597249784765,-0.6572507746963873,-0.169174798828123,0.23506672098463585,0.4930801176436292,-0.7249854813873368,1.3270696790785752,-1.4178502821860344,-0.5736006466638215,-1.3743263322024573,-0.4930801176436292,-0.23506672098463727,-1.3723329986258064,-0.40957446049198204,0.20908432283099887,1.0542702808582185,0.700558833211691,-1.0016395455655394,0.8401159358104279,0.7879592118469556,0.2638024885416898,-0.7481493064513315,1.0346006017076752,-0.40538291333714505,-1.0349505520599276,-1.159254495073018,-0.0012904541294803558,1.1099319721622063,1.5724491805101195,-0.5181215015185524,1
-1.3315095485600683,-1.0296772261111817,0.27967722576327125,0.3052077222492148,0,1,0,1,0,0,-0.2684008765744537,-0.3443017867344853,-0.822280879298011,1.4781075098435725,-1.7939475649876047,-1.4071049106431004,-2.348857904054837,0.5118346036720963,-0.20500119773216938,-2.299162574008263,-1.6613261959397208,-1.8600545895459655,0.922371879003679,-0.2617336224011429,-0.22555633029161057,0.045237446943758676,-0.6162358377350273,0.10228255918418276,-0.4194329849395745,-2.120904085066952,3.004622941539324,-0.9284664366080043,0.3257027763763789,2.494971399849603,2.259664431133615,2.120904085066952,0.41943298493957376,-0.28608496734615396,-0.25947596364157,-0.1548200530645294,-0.10857476366129187,-0.34060626115118536,0.3845801819166189,-0.22015379130249568,-0.04256332662598434,0.3258135853852078,2.582569758980075,-0.9381911455531051,-0.323273965644676,-0.11434528503927678,0.8715192434003977,-0.2233527107470814,-0.6186874509066087,-1.378017789531564,0.10046155601764112,1
-1.4343105979890196,0.10410447663314094,1.4383931084795292,0.3052077222492148,1,0,0,1,0,0,-0.5838743016777656,-0.11055001123475654,-0.6431763394547153,-0.029274837475184185,-0.11828247531010876,-0.06239647646911723,1.4438304057902043,-0.8105598958535274,0.8011972469654991,1.7100589908578048,1.1024105508497253,-0.8301218037772947,-0.9277967376974585,1.8175517548987732,-0.24577188831593114,0.4505502232195804,1.987543309518818,1.4123932526548129,-0.29127919636700184,-0.8432999717894734,-0.19160502804456578,0.8663100124054735,-0.6425039534306979,-0.33936544968921206,-0.05426059654826358,0.8432999717894734,0.2912791963670011,1.1622457410267157,-0.5596729573423944,-1.110069039790291,-0.7416792878996918,7.593435579547688e-4,-1.2851844898232538,-1.6066603575270884,-1.7036084035718644,-0.9144083514851348,-0.10976148557697851,0.9587239960437993,0.3518440487156324,-0.0495139282068366,-0.1777138548108673,1.0455744699249259,0.12214944469431245,-0.26463402725168356,-0.1469716669968365,1
1.0329145883058024,-0.2566442469673251,-0.15484123025532542,0.5985369837740325,1,0,0,1,0,0,-0.7479204827314877,0.43603374242132564,-0.4768649810287978,-0.18261699564772566,0.9466823663887984,0.47647072112970207,0.4623390297585967,1.0998463903200089,-0.8177516644198674,1.489989127457339,0.845847023496485,0.6983210330885484,-0.9261197554379039,-0.7792066917678057,0.5035022678288289,0.6211132739592272,1.0141633444267273,0.9821729719363195,0.6152054390719316,0.3422733367180179,-1.4214678207611913,-1.0051761683379241,1.7420528604981143,-1.0072521731242718,-0.14074181408120587,-0.3422733367180179,-0.6152054390719323,-0.8431352397972577,0.19081952690966666,-0.7006766169078218,-0.3023822710812103,0.10316902497069583,-0.8756195703398886,-0.46483142063624716,-0.762349526635866,-0.4803306735805153,-1.3310251429018278,-0.9381911455531051,0.014285041535478216,0.9099901529132779,0.39767203775660004,-0.857816301083085,0.5337254978059351,0.793080546914203,0.22417816752487937,1
2.138025869667024,0.18140777454752677,-0.8790386569529866,-1.8947617391869185,1,0,0,1,0,0,-0.7100636717190902,0.2848510020483667,0.7256940722047591,-0.6061885419960289,1.6460421009497008,0.6875456732182023,0.4835352824754045,-1.0787658454932765,0.24116935351533203,1.598828132448062,1.9682333669320644,1.4235421179152326,-1.0020458409400261,-0.13142553483948283,-1.175040031361731,-0.23909172434490078,1.2495486697566422,1.7274238734239604,1.2994551316290601,0.6527578856825103,-0.8036864267076862,0.30351066936280163,-0.5699507105252565,-0.9208825878647366,-0.8723065765170974,-0.6527578856825103,-1.2994551316290608,-0.7038726716844818,-1.535313186870074,-2.456515230603746,-2.1629343423124268,-1.723136960223203,-1.0961545269847772,-1.0357458890816678,-1.5375038958772762,-2.0926191915119605,-0.9424412519348303,-0.17942508891434333,-1.2538420394926681,-1.3072422507561756,-1.5146398993058652,-0.635754044465484,-0.37174181903963527,-0.09762646290970158,-1.2604211705619852,1
-0.07219669305541997,0.0783367106616796,-1.6032360836506476,-1.6014324776621007,1,0,0,1,0,0,-0.7353015457273552,0.43312638202953796,-0.4896581624461761,-0.1797237473803192,0.8364650837510073,0.4719987941786745,-0.382980609586478,0.772325012488486,0.4953594203309317,-0.17458452112574596,0.43369717736941765,-0.5601897618857222,-0.6325175898621886,-1.110514175195121,0.3160178097638584,-0.31060089806719426,-0.4698741177338435,-0.4040760028910976,-0.6655696264837223,-0.1039281697319839,-0.5770688186538468,-0.7434606130240818,-0.989296870552308,-0.23006670710040464,-0.958329141128756,0.1039281697319839,0.665569626483721,-0.8709877534198129,0.8662627627365218,1.5828233418366175,1.1447137843208466,0.8712416355662611,1.3927399837218248,0.6769975162545934,1.1755363964676604,1.5040244254120325,-0.38732140769626244,-0.482931511569848,0.9083602497423721,0.19684522775643593,0.09305597698558829,0.7600658542737248,1.439192814651505,1.5167799923961247,0.47161139053935697,1
-0.35489957898503444,-1.2615871198543382,-0.4445202009343899,-0.13478617003801185,1,0,0,1,0,0,0.2363566035908452,-0.5495614303946948,-0.23379453409861076,-0.35968378961299996,-0.3738994138869991,-0.1446799323680241,-0.34716446176828547,-0.6970616468048887,0.7470497148767923,-0.6223126831479809,0.003987483089035764,-1.076701910108217,-0.6255280377480547,-1.147537646097592,-0.7616956272669948,0.6550669127200592,-0.9311788674978155,-0.2082200265203305,0.11065768597424898,-1.5782419336237905,-0.6638654599482494,0.19368902776618124,-0.36296291367873773,-0.08263673851856448,-0.2084702524639495,1.5782419336237905,-0.11065768597424969,-1.1495128896453646,-0.8598699510432187,-0.646090960523493,-0.23777976860790415,-0.5795621844475838,-0.5290646384693491,-0.13859458152457876,-0.2086678343205727,-0.8523972546416179,-0.5816133531797613,0.27583454506891375,0.2788583174334372,0.04124997135858002,0.008440404549195996,0.37938770007212164,1.5215080252738291,0.7374113588002092,-0.5181215015185524,1
-2.0511168945627247,0.6967630939767645,1.0038746524609323,-0.8681093238500562,1,0,0,1,0,0,0.7789708947685415,-0.6199195518759565,-0.11865590134220637,-0.4395374417934178,-0.5323837833940531,-0.13707765655127727,0.5156621060118636,0.8975694247410597,-1.7971104835141438,0.6127602397716309,-0.3245626390958077,-0.11221450594172405,0.28567955985828114,-0.20979448789899385,0.8315238721418188,-1.8679979898339238,-0.18663499737202452,-1.1877707819916665,-0.7450499738428467,0.5858842905209262,-0.9266648913925857,-0.3989398426956947,0.5795524037776961,-1.012863620532384,-0.7376796611977126,-0.5858842905209262,0.7450499738428459,-0.23037994010104354,0.7161642658861095,-0.11842961547497735,-1.051771299771562,-1.05747403104038,0.5736101447550955,0.2692014673650073,0.7325910426154264,-0.35630847989348147,-0.8869292675109735,-0.4070549059059717,-0.11343998820836432,0.19684522775643593,-0.2284831982727022,-0.5405845059150832,0.12214944469431245,0.45906541823023866,-0.20882997275045564,1
-0.35489957898503444,0.18140777454752677,1.0038746524609323,-0.4281154315628296,1,0,0,1,0,0,-0.785777293743885,1.1367075968421543,-0.5024513438635544,-0.16178560812239928,1.269648225209414,0.9992389817048223,0.876615903947786,-1.653023580154586,-0.10042120983027447,0.9562662590353465,1.367120698056682,0.7167496705206156,-1.231849956908243,0.9398291439623422,-1.5929223101690118,-0.4510232085174166,0.88846635464969,1.1276259740044865,0.4884925330428311,0.4930801176436292,-0.2798895466583831,0.6730721387138151,-0.3159556700791611,-0.4108659942088646,-0.6764165745007774,-0.4930801176436292,-0.4884925330428318,1.5800334453650435,-1.2351161931692491,1.9285324989373691,1.338521291740765,1.7075873671036554,2.4324047793334436,-0.13859458152457876,-0.3747723420151606,2.558213071751823,-0.1375174777889068,0.8828473903799233,0.6255405410238652,0.35244048415429274,0.1607484349347019,0.3476645205553221,0.4514102871836102,0.793080546914203,0.7190446135538346,0
0.5189093411610479,0.8771374557769975,0.5693561964423357,-0.8681093238500562,1,0,0,1,0,0,-0.7605394197356201,0.5174398333913804,-0.5152445252809326,-0.13748232267618515,0.9787998169698778,0.5041966682260728,-0.7288294820132728,0.15890483605164352,1.2871004814006768,-0.5502873588268581,-0.5815052309628821,0.5920019709804629,1.1692515052107342,-0.07802510896006437,0.020472169539460298,-0.03556092314925007,0.2633143297915823,-0.12504794387957233,0.3871222082195544,0.4234769879856554,0.9354933668851216,-0.19759330435507802,-1.7952447744787319,1.0045007022283545,0.63390030144049625,-0.4234769879856554,-0.3871222082195551,0.04814519612450831,0.19081952690966666,0.5365982611369737,0.4340862571144791,0.529876030857121,0.06953024385249205,0.9216751455883455,0.7879592118469556,0.44983577907224165,0.77843026520473,-0.2553016945782196,-0.22291858513165644,-1.0868156375258795,-0.685407289429221,1.3945294446097283,-1.0302635040182315,-0.9883334727336057,0.038603250264021984,0
1.0586148506630406,-0.12780541711001567,-0.4445202009343899,1.0385308760612593,1,0,0,1,0,0,-0.5460174906653681,-0.12508681319369488,-0.68155588370685,0.14142681030179596,-0.3380930387452739,-0.20549813890199872,-1.382229422195245,2.21174501625287,-1.6506639041305735,-0.5904216016801735,-1.3376530224800474,-1.4311727714535878,1.1604948850694932,-0.5903443368616178,1.1952999413907657,-1.534731960755153,0.0432684266777336,-0.36057784372466084,-0.05671543019588151,-1.8956992922180405,1.3321585531803601,-1.8382642043651964,0.7142552429417486,0.8405257242735908,1.386980358457028,1.8956992922180405,0.056715430195880795,-0.7038726716844818,0.7161642658861095,-0.8189455390738695,-1.4006248131274146,-1.3134982345722352,0.3215701943037938,0.18764225758709038,0.2342775195316623,-0.8523972546416179,1.0004782029001573,-1.772833807855743,-0.5513543759015367,-0.127311556405765,0.2115177783965368,-0.3502454288142823,-0.37174181903963527,-1.0996718489615938,-0.76555472453303,0
-1.9997163698482496,-1.3388904177687242,-0.15484123025532542,0.3052077222492148,0,1,0,0,1,0,-0.44506599463230834,-0.19777082298838666,-0.2849672597681238,-0.34000970139463615,0.23402365108208176,0.11066709653564881,-0.9740511789631275,-0.4053052703623119,0.912900606573232,-0.2969672590863713,-0.3060643236277053,0.24940906113222003,0.3793310413693087,-1.4881132649272542,-0.7849645729862699,1.7156299223255644,-0.8725169639171444,-0.1705036177479588,0.06048449490010199,0.28017642692511974,-0.13246336502860878,-0.2300660740939708,0.4760769056812653,-0.46398927746726654,0.23143501361711946,-0.28017642692511974,-0.0604844949001027,-1.3723329986258064,-0.6347222057676005,0.427426948368315,1.2997597902567817,0.8200367948598906,-0.7495995951142377,0.5954383064766764,0.6218547041523672,0.44983577907224165,-0.22078545442469194,-0.3311783002420958,-0.378013264106322,-0.08841274230630035,-0.2623294272472596,-0.12818317219668063,-0.20711139779498602,-0.09762646290970158,0.038603250264021984,1
1.0329145883058024,-0.05050211919562982,-0.15484123025532542,-0.13478617003801185,1,0,0,1,0,0,-0.7479204827314877,0.43603374242132564,-0.5408308881156891,-0.1363250233692226,0.826664250240214,0.44069530552148173,-1.2899073316234186,-0.5118350892273903,0.4858877533492192,0.21351067089971662,1.0948811793296531,0.10022798188415317,-1.3033368273951977,-0.8807919225255763,0.4951229410961639,0.6416538008722679,0.7222643512194743,0.8249024829590366,0.6152054390719316,-0.47345425101596506,0.9135706335154533,1.1985130161132924,-0.019424647144499218,0.4277458251953774,-0.6180424356218113,0.47345425101596506,-0.6152054390719323,-0.9266927806649233,0.19081952690966666,-0.6824813981130464,-0.2765412700918884,0.017827623793410803,-0.8126095827270634,-0.46483142063624716,-0.762349526635866,-0.5423417704240322,0.77843026520473,1.0346006017076752,-0.1681792866700104,-0.1532440991387405,0.025363519036474696,-1.016432198667086,1.1922471827845313,1.0157572993701793,-0.2706882785040748,1
-0.6633027272718879,-1.3131226517972627,0.27967722576327125,0.5985369837740325,1,0,0,1,0,0,-0.4198281206240434,-0.22102970612268805,-0.20820817126385424,-0.36373433718736903,0.2752599661670599,0.11111428923075156,0.8026464625330779,0.6398800301819818,0.09786606119832224,1.4126352100732529,1.7791135030175953,0.7296846264051379,-0.702561135146271,0.6357976900161642,1.66747301575326,-0.042614599952303864,1.1125268636770207,1.0388033662567648,-0.030386078764458365,1.0253393444399002,-0.4808178842450511,0.7921824393603403,-0.17660974740627614,-0.8052164392851674,-1.2987453872429409,-1.0253393444399008,0.030386078764457654,0.2152602778598393,0.9413120111617277,-1.1282642585850677,-0.9742482968035945,-0.5454256239766699,-0.6235796198885869,-0.5463906304141645,-0.5962450189412776,-0.728375060954584,-0.6926373220274746,0.19995793940503753,-1.2538420394926681,-1.1386807229918314,-1.3284856399458025,-1.3336639938350878,-0.5363722402842841,-0.09762646290970158,-1.3222794763156045,1
2.138025869667024,-0.07626988516709207,-0.8790386569529866,-1.6014324776621007,1,0,0,1,0,0,-0.7100636717190902,0.2848510020483667,-0.7583149722111197,0.4336448853098467,-0.1581902790310473,-0.11605959988144779,1.1223804730455105,-0.8800099786892952,-0.35388004329467937,1.1534660532332612,1.5593374209710582,1.1519352012944808,-0.8021662976192111,0.3913412113500003,-1.0313668527023454,-0.47792778839137223,1.0865555617969764,1.656475294297546,0.7976720237538321,0.7799808228191798,-1.1696738421917887,0.17464064103299737,0.0034945380823300223,-0.4808483269641984,-0.40998929919081395,-0.7799808228191798,-0.7976720237538328,-0.3974950218363748,-1.4602639384448675,-2.5292961057828522,-2.3050598477537005,-1.9108880428132304,-0.9701345517591269,-1.2804235184154193,-1.648240234340335,-2.1546302883554773,-0.9979532363586869,0.5034643620605421,0.9813459810245673,0.8321925247143505,0.5669031826293847,0.6331731362065233,0.2044646553166367,0.6817421706862145,0.8427612250610729,1
-0.9203053508442651,-0.35971531085317227,-1.6032360836506476,-0.4281154315628296,1,0,0,1,0,0,-0.2810198135785862,-0.3373241217941949,0.2267599969270068,-0.544273029073531,0.42215026882997175,0.16119987108226008,-0.14809093964099604,0.6935586201275785,0.09889124445077281,-0.48951330641911,-1.0051397378154936,-0.21037832537997989,0.9944823814498249,-1.3567584530036698,0.24026639049352083,0.60024556168972,-1.6031577087235784,-1.443970888095643,-0.4215365193479638,0.13114384342216406,-1.149733003540067,-0.7112373764839395,0.46800125799637127,-0.9283628450714732,-0.10302563924810147,-0.13114384342216406,0.42153651934796316,-1.3166279713806959,0.04072103005925432,-0.5005292101652823,-0.1344157646506147,-0.7502449868021539,-1.0016395455655394,0.6769975162545934,1.009431888773073,-0.728375060954584,-1.1644891896302574,-0.8623145398892288,-0.8159276517994943,-0.47740088330094144,-0.7869459763528921,-0.4136917878478824,-0.28942660841731066,-0.26463402725168356,-0.8892713360402683,1
0.8787130141623758,0.8771374557769975,-0.8790386569529866,0.5985369837740325,1,0,0,1,0,0,-0.4955417426488382,-0.1407865593093483,-0.5280377066983108,-0.1363250233692226,-0.03614357219399901,-0.0029198480204508676,1.0983492477341201,0.7798265914583976,-1.7407478530740517,1.4781234764778748,0.6900869080516814,0.3236054053031613,-0.6131197082465222,0.7535080497488088,-0.1902336934052219,-1.9829068823416562,0.4961741597795961,0.3085667726793802,-0.4914206069155262,0.92874415142872635,-0.7743850007650155,-1.26090840801288,0.3870304446078697,-1.504851652768554,-0.5958913822670316,-0.92874415142872635,0.49142060691552547,0.5216379277079463,-0.3345252120667762,-0.50962681956267,-1.3877043126327533,-1.1598837124531223,1.2982250023025865,-0.9541866793037505,-0.8730858650989243,-0.4183195767369984,-1.053465220782544,-1.5452039908641146,-2.1387940312892875,-1.6702978490178413,-2.005410219436941,-1.3653871733518879,-1.1125787146405561,-0.8769950965056176,-1.940862533851798,1
-0.7404035143436003,1.0317440516057692,-0.15484123025532542,-0.13478617003801185,1,0,0,1,0,0,-0.8236341047562825,2.7008674876239214,-0.7711081536284979,0.43653813357725313,1.269648225209414,1.7397900847949839,0.9630117172458029,-0.9255366075251664,-0.540254934576074,-0.33219062355550366,0.01073442876296664,-0.5556063107147656,-0.6426294389584551,0.3572091568933947,-0.9755399877118003,0.15267750388319346,0.35530109323700665,1.132853805778116,0.11588809585456382,-0.8727171435694476,-0.9821720544339438,0.2930534956838416,0.8919727614532039,0.801078583317165,1.0920559661193903,0.8727171435694476,-0.11588809585456454,-0.03541234474315745,-1.1600669447440433,-1.2283379619563388,-0.9742482968035945,-0.801449827508525,-0.30852968182446,-1.6066603575270884,-1.814344742034923,-0.9144083514851348,-1.0257092285706153,-0.02767187758659086,-0.8159276517994943,-0.2829068128036209,0.04228663352375219,-0.9212626601166852,-0.5363722402842841,-0.9326642846196119,-0.5799798072721716,1
0.18480593051695732,-0.9266061622253344,-0.4445202009343899,-1.6014324776621007,1,0,0,1,0,0,-0.48292280564470574,-0.16520838660036474,-0.2977604411855021,-0.3330659055528607,0.2862315061001322,0.13034357512017,0.5863543635143017,0.4202326863046204,-0.9735422694082532,0.8555244648727359,0.3668081730217392,0.13145891170250945,-0.4583572542949804,-0.4670061148465915,0.5902746003739142,-0.6637960830919841,-0.5256999356347639,-0.7912208429935428,-0.03566621970192337,0.21466759901173121,-1.28196702330396,0.014541586598913758,0.6638138488829348,-1.677033415504168,-1.2493417442543568,-0.21466759901173121,0.035666219701922665,-0.3974950218363748,0.641115017460903,0.2454747604205509,-0.1473362651452761,-0.34060626115118536,0.3845801819166189,0.5954383064766764,0.6772228733838963,0.015758101167622184,-1.192245181842186,0.04820472807728505,0.11464042204849642,0.4432043837197094,-0.29617565622181696,-0.44541496736468245,0.9453015509175579,1.1827648637121608,-0.1469716669968365,0
-1.9997163698482496,-0.9266061622253344,-0.15484123025532542,-1.6014324776621007,0,1,0,1,0,0,-0.44506599463230834,-0.19777082298838666,-0.2977604411855021,-0.3330659055528607,0.2192302834119556,0.10530078419441576,-0.20858071204103423,-0.5624477933176157,0.7235390064226084,0.2361861990094097,0.8797331429395419,0.2114280554799276,-0.8697821336759077,-1.4198461418711514,-1.0587168755659715,1.7936680792941482,-0.8688588470647014,0.379262641242955,-0.04053384962865217,0.328563629361145,-1.128656977910312,-0.28862207693890296,0.8133613785205834,-1.180617877110185,-0.7734200199105702,-0.328563629361145,0.04053384962865146,-1.3166279713806959,-0.9349191994684248,0.2636699792153276,1.183475285804831,0.7176271134471482,-0.37153966943728567,-0.30171300108041293,-0.319404172783631,0.38782468222872474,-1.1089772052064004,-0.4070549059059717,-0.4601222117987924,0.002351157259115363,-0.4654068010946016,-0.857816301083085,0.2044646553166367,0.4033962301162448,-0.45626319576493324,1
-0.7404035143436003,-2.0088523330267334,-0.15484123025532542,-0.13478617003801185,1,0,0,0,1,0,-0.8236341047562825,2.7008674876239214,-0.46407179961141953,-0.19418998871735144,2.2492153593276347,2.2272301224569864,1.295328503044295,0.07131967999024234,-1.2393028569263307,0.7947882495295845,0.7564225318687925,0.28920528209663443,-0.6333182707910631,0.34890326433595736,-1.152098031877946,0.2382031712806115,0.17640956818159526,1.3482026982149211,0.6912331826893902,-0.29111514316954507,-1.4525657845523003,-1.2520350160089253,1.9335397372205128,-0.8987829416046792,0.332871190491116,0.29111514316954507,-0.6912331826893908,-0.06326485836571254,-1.3101654415944555,-1.301118837135444,-1.0000892977929163,-0.8867912286858101,-0.15100471279239655,-1.3619827281933365,-1.7036084035718644,-0.9144083514851348,-1.3587811351137562,-1.1658209625447336,0.03253147435602734,1.026686595211671,0.549980068142106,-0.635754044465484,-0.37174181903963527,-0.5429799678216537,0.10046155601764112,1
-1.8712150580620608,0.18140777454752677,0.27967722576327125,-0.13478617003801185,1,0,0,1,0,0,4.6151277440248135,-0.7804058455026359,0.9815577005523245,-0.6403288715514249,-0.7344913508946546,-0.10532697519898168,-0.3293624720972773,0.6446134005538834,-1.084448951100241,-1.0250532254081859,-2.036286773361332,-0.5765070622121712,1.4496016786405237,-0.4670061148465915,0.6076852302049673,-0.8303680367040445,-1.4569925840160975,-2.282878659354054,-1.0618771407249559,0.266869946255213,-0.008640472366706056,-0.2759863986814082,0.6480382489095587,-0.059948129051621786,0.41848584989740384,-0.266869946255213,1.0618771407249543,-0.6203151308168162,0.19081952690966666,-0.9190192424451392,-1.1551353037288514,-1.5695224381040902,-1.033144539371952,0.18764225758709038,0.8433273810784847,-1.1004416420156866,-0.3318094232724056,-0.6346847228976005,-1.272088472313216,-0.8015576674631424,-0.7700228618656133,-1.016432198667086,-0.7833178721512579,-0.7656567202776299,-1.0129879475475077,0
0.9558138012340891,-0.2566442469673251,0.5693561964423357,-0.13478617003801185,1,0,0,1,0,0,0.7411140837561441,-0.6146863031707387,0.5082099881093286,-0.5847785048172213,-0.11365213623664622,-0.020807555824561053,1.3952093988224339,1.2684685157294882,-0.21566530966917793,0.8031871441537248,0.21452603409538054,0.27538941111307974,0.2073024811898816,1.0912743729504495,1.5713996488711397,-0.7157802678897927,0.8992438230047551,0.08277922796229106,0.2905222516232541,0.08746187929198715,-0.8496841368667465,-0.16681917392524082,-0.4244684364949506,-0.19337923271148746,-0.19807654650771528,-0.08746187929198715,-0.29052225162325485,1.6914434998552643,2.367247731240644,1.7556779203869939,1.0284292798688959,1.4003583228654286,1.3612349899154128,0.9216751455883455,0.8433273810784847,1.5040244254120325,-0.9146852597229018,-0.4070549059059717,-0.8068044353892204,-0.8793552956620708,-0.8884846632765624,-0.28679906978068154,-0.6186874509066087,-0.6543183440496418,-1.0129879475475077,1
0.5960101282327613,-1.3388904177687242,1.0038746524609323,1.0385308760612593,1,0,0,1,0,0,1.7127722330743445,-0.7036515311594415,2.1329440281163685,-0.7161319761574738,0.0855019295978996,0.01228470361304279,-0.9321627408943017,-1.6752293301066508,3.0554732009983416,-1.6970226547925726,-0.714700207652735,-0.8918656146608048,0.21379741474895073,-1.5399552420259937,-0.766643209650475,2.311348209854815,-2.3372781972994785,-1.5477168346637207,-1.358700052625797,0.13114384342216406,-0.24251015052263022,1.531298491481617,-1.8542521793903959,-0.025036927297477973,-0.5818989773296083,-0.13114384342216406,1.3587000526257962,-1.4837430531160272,-0.8598699510432187,-0.6278957417287164,0.5632912620610914,-0.47715250303484213,-1.852274378338682,-0.13859458152457876,0.6218547041523672,-0.728375060954584,-0.19302946221276363,1.5277985385228705,0.19674936974096682,-0.8145239388296306,-0.7700228618656133,1.2834983163009273,0.8218287349840708,0.9879227053131819,0.3169656261553086,0
-1.2544087614883548,0.6194597960623787,-0.15484123025532542,-1.161438585374874,0,1,0,1,0,0,2.798000815429737,-0.7455175208011839,0.13720772700535894,-0.5188124443203543,-0.8711756017160585,-0.17240587946439487,-0.5067271952292348,-0.6715408630332709,-0.346723745114082,-0.8570981515370742,-1.085308834736293,0.30810870050796446,1.6034878628853932,-1.6957551523919328,-0.9949099478970188,-0.002749966723169565,-1.7289714840289367,-2.1073563275186054,0.06512235289855058,0.3556359628759853,-0.9897620677226617,-0.07496803566747083,0.47121952353416385,-0.5565342198390894,-0.6464686509898073,-0.3556359628759853,-0.06512235289855128,-1.5951531076062477,-0.9349191994684248,-0.03958366736427887,-0.035358594191545405,-0.71610842633123994,-0.7706029243185127,2.2266225020350205,2.412092175971816,-0.4803306735805153,-0.9424412519348303,-0.1035484832504671,-0.0951935553878152,0.15794641365697218,-0.07617516788719629,-0.6992004034990842,0.28677986593896093,0.514734606344233,-0.332546584257695,0
0.4161082917320974,-2.730349780227666,0.5693561964423357,-0.4281154315628296,1,0,0,0,1,0,1.0565875088594558,-0.6565522928124812,7.0839052366417565,-0.7930923800704851,0.9239116084536876,0.10798394036503228,2.3776918816318404,1.1511216223221439,-0.778747448424169,3.542780974990076,3.1644888654989876,0.4998011583122027,-3.7984605140491094,2.054328465789997,0.37902052787555107,-0.07856604976964504,0.8100643666707521,0.1178121110156888,-0.2548898489945435,0.9344658179137078,-1.2535776432436039,-1.2002561078399243,0.985622547052254,-3.9828225766516883,-3.9989699129041827,-0.9344658179137078,0.25488984899454276,1.8028535543454847,0.26586877533487285,-0.2185033188462471,-0.22485926811324272,0.10316902497069583,-0.5605696322757617,-0.8726274695258333,-0.8730858650989243,-0.6663639641110671,-1.3726591312197203,-1.5072656880321764,-2.152478855904699,-1.4628375071540325,-2.5892576692480476,-2.6818991232990954,1.0276167615398821,1.8229605270230922,-2.466658132757562,1
-0.020796168340944693,-0.17934094905293926,1.4383931084795292,-1.8947617391869185,1,0,0,1,0,0,0.6275436507189519,-0.6001495012118003,0.4954168066919504,-0.5830425558567773,-0.07064438423874148,-0.010969316532300452,1.5796341733260009,-2.139127740538982,3.2544379762292146,0.8250832139817157,2.1229131720310033,0.34379528780449253,-1.4929020725743576,0.8601165212485248,-0.03577191939676648,1.9249679237503508,0.6126203563437295,1.139361845530486,-1.14725589024189,1.6067301921712127,-1.3371014769814182,2.9001844324934916,-2.5145186176526706,-0.5071703335820056,-1.6475260119899608,-1.6067301921712127,1.1472558902418892,0.5494904413305014,-0.25947596364157,-0.6915790075104341,0.31780175266252825,0.5640125913280355,-1.5687294340809674,-1.6066603575270884,-1.4267675574142176,-0.35630847989348147,-1.1644891896302574,3.4626519829517126,1.099947794358136,-0.5551985114998699,-0.7023304039164997,1.870377137361731,0.12214944469431245,1.1827648637121608,0.904619530814692,1
0.10770514344524394,-0.05050211919562982,-0.8790386569529866,3.2385003374973924,1,0,0,1,0,0,0.03445361152472564,-0.5024621920477346,0.07324181991846762,-0.5066608015972472,0.025795874518827765,0.005129620491398716,-2.552278984512058,-0.987940384148678,-0.452901584767271,-1.3542690104283681,-1.4390064889787968,-1.2856572258571315,0.8895743882250282,-0.19390066294516592,0.0065672023067847125,-0.30509056858689826,0.01970431985889469,-0.5538649554181085,-0.3305796915292576,-1.4256182035304013,3.355262799570263,1.3625580608495298,0.31254504006219974,1.8490685292133506,1.3300375845042633,1.4256182035304013,0.3305796915292576,-0.3696425082138195,-0.25947596364157,-0.8007503202790929,-0.8192022908676594,-0.767313267037611,-0.8126095827270634,0.10608304780917345,0.2896456887631914,-0.8523972546416179,5.025097073629774,2.7038859263129513,2.87897499436165,2.660436787389163,3.5453713323903937,1.489698983160128,1.439192814651505,0.7374113588002092,2.512935480408796,1
0.5703098658755232,1.4955638390920825,2.1625905351771904,-0.13478617003801185,1,0,0,1,0,0,2.936809122475194,-0.7495878253496866,0.7256940722047591,-0.6079244909564728,-0.5906905209507102,-0.10666855328428994,-0.29772680045612504,0.9760068127520136,0.5730475419288286,-1.0345798014178353,-0.30591551757457786,0.1603250178169845,0.5463497246566084,-0.5079052299945493,1.1768349068354034,0.724512709468917,-1.4710866128069464,-1.064326353695678,0.21285636891661422,0.007555847346540335,-0.09349655783762789,-0.16067260519441132,-0.055309785746076985,-0.0610537371548636,-0.6414023747134504,-0.007555847346540335,-0.21285636891661494,-0.48105256270404034,1.0914105080121401,0.00893691608845806,0.3824042551358344,-0.2552648599739003,-0.5290646384693491,1.0847935651441794,1.0648000580046022,-0.4183195767369984,0.05677446769459199,0.04820472807728505,0.6529101902546883,0.5210020119186368,0.46536449570571364,-0.12818317219668063,0.6160407084282594,0.6817421706862145,0.10046155601764112,0
-1.0231064002732158,-0.9523739281967958,-0.15484123025532542,0.3052077222492148,1,0,0,1,0,0,0.6654004617313493,-0.6036383336819455,-0.8094876978806327,1.2669003863229022,-2.244721893096667,-1.4433275189464234,-1.9758199002987804,1.664877180967067,-1.6122653375327707,-1.4651270983388962,-1.6405428855992565,-0.07199601157190232,1.1672633570424482,0.34583413301659216,1.6187982966700418,-1.6204930098019723,0.35343139997665707,0.056054667677047504,1.7556215933338144,-1.839398094005812,3.0929790590255686,-0.6634195825938175,0.5755815325149433,2.3297487139513695,2.187512571280619,1.8393980940058123,-1.755621593333815,0.6330479821981672,2.067050737539819,1.0824548249802661,-0.04397226118798574,0.10316902497069583,2.243374816494967,1.166352774922097,0.34501385799472056,0.38782468222872474,2.638081743403932,-0.7105613285614767,-0.3597668312857729,-0.02358138547386016,0.9053654723749538,-0.44541496736468245,-0.7010026615289333,-1.378017789531564,0.038603250264021984,0
-0.4063001036995106,0.18140777454752677,-0.15484123025532542,-0.13478617003801185,1,0,0,1,0,0,-0.0412600105000692,-0.4664109231895675,0.9815577005523245,-0.6403288715514249,0.5328836449143904,0.13615708015650582,0.32205822963892694,-0.1896586572187582,-0.4454799307506147,0.5288359939718993,0.04602903171846011,1.244675931074571,-0.06234610695550059,0.3029502345777085,-0.7793034881466121,0.19467994941863034,0.5398869171763285,0.42337947755766253,1.4425661784383952,0.266869946255213,-0.14512550324317608,-0.5203766677461709,0.8046205633050871,-0.17908068486036938,0.3535076601559648,-0.266869946255213,-1.442566178438396,-0.17467491285593337,-1.0850176963188372,-1.5649495096597015,-1.2455788071914804,-1.0062691903340089,-1.2536794960168407,-0.46483142063624716,-1.0391903727935126,-1.658541513607341,-0.47058938433204756,-0.8623145398892288,-1.4180599348776075,-0.8663890242955825,-0.8715615487892844,-1.206771275767887,-0.7833178721512579,-0.7656567202776299,-1.198562864808365,0
-0.12359721776989524,0.9544407536913834,-0.15484123025532542,0.5985369837740325,1,0,0,1,0,0,-0.29363875058271866,-0.3518609237531332,0.7384872536221374,-0.6090817902634353,0.6911565451430064,0.20010563555619973,-0.7597070372796143,-1.0658292297481173,0.5773294135050592,-1.0781336407023636,-0.4476261119394281,-0.7186809364163501,0.17625295155217274,0.04001825987833243,-0.08732094638617398,0.29428305624976814,-0.27744134978976526,-0.1429877635214692,-0.6392523306161405,-0.34619240229020387,1.0963769024067422,1.3754078595289996,-0.49350255792999115,1.1813828999679663,0.44233614767323204,0.34619240229020387,0.6392523306161398,0.1317027369921738,0.04072103005925432,0.4001341201761507,0.49868875958778525,0.3591932285025509,0.06953024385249205,-0.5463906304141645,-0.319404172783631,0.2638024885416898,1.6943780081983673,2.1727496866658176,1.7841890251287182,1.1952481229760152,1.6838287387897632,1.2993599060593275,0.12214944469431245,-0.04195727479570725,1.5232025883508855,1
1.135715637734753,-0.978141694168258,-0.4445202009343899,-0.4281154315628296,1,0,0,1,0,0,-0.3062576875868511,-0.3460462029695579,0.39307135535292426,-0.570312263480189,0.5464568506828983,0.17461565193534273,-0.2493684355071837,1.7461302216230752,-1.6223443239167934,0.5816986626822807,-0.3169007785007496,-0.5111366888635879,0.6524119673773815,-0.6066975524572066,1.2428838456894007,-1.4583134909963926,0.34344654731454854,-0.30150332300667976,-0.5796783524084306,-0.12221154853286169,-0.2594521660425142,-1.151524775617387,0.7523346204163835,-0.4452816479816368,0.11762722051651263,0.12221154853286169,0.5796783524084299,-0.7317251853070371,0.7161642658861095,-0.9008240236503626,-1.4264658141167375,-1.2452251136304073,0.06953024385249205,-0.38327221085833024,-0.1532996650890431,-0.790386157798101,-0.44283339212011924,-1.2416975682086098,-0.8889133830816909,-0.41256952646850126,-0.5500223735309933,-0.826093121566285,-0.9479482933959068,-1.0996718489615938,-1.198562864808365,0
0.2619067175886707,0.9544407536913834,-0.4445202009343899,-0.4281154315628296,1,0,0,1,0,0,-0.5333985536612357,-0.11578325993997435,0.7896599792916505,-0.6189188343726173,1.0957632772545165,0.38926814558466494,-0.3951124496269624,0.5197447858755939,-1.3854838585019353,0.23398100501252295,-0.01663461910972836,-0.4575208863330075,-0.578938680846554,-0.5338343801228066,1.2520054335882569,-0.6244598491486103,-0.6597977832188365,-0.8774955469972205,-1.0383979846077995,0.4058665575902641,0.016012456669673908,0.5408655290758919,1.2664809228400744,-0.9703374300642513,-0.8350777914537284,-0.4058665575902641,1.0383979846077986,-0.7317251853070371,0.5660657690356972,-1.2283379619563388,-1.3101813096647865,-1.4500444764558913,-0.7180946013078251,-0.709509049969999,-0.319404172783631,-1.1004416420156866,-0.1375174777889068,0.27583454506891375,-0.5696008087220858,0.11904759955750843,-0.2792525417345383,-1.4922798914190887,0.4514102871836102,0.7374113588002092,-0.45626319576493324,0
0.3904080293748593,0.6194597960623787,1.4383931084795292,-1.161438585374874,1,0,0,1,0,0,-0.4198281206240434,-0.18032666063766065,0.13720772700535894,-0.5188124443203543,0.5549508673397344,0.26226542017548266,2.3530637280656648,0.24489322220015297,0.14829448616278504,1.8582273411234664,1.4092653496220136,1.5474601144628588,-0.455147932965588,2.117977806114942,0.5602534676278468,0.8330917050504155,2.099745488918575,1.4570442823114333,1.7079624107676439,0.41661470759684033,-1.1557339252987224,0.22512599200632377,0.6344532900386941,-0.4282735714460438,-0.4095938236201412,-0.41661470759684033,-1.7079624107676445,2.137083717816147,0.641115017460903,0.3182556355996563,0.7183372679970265,1.6222459659263704,-0.844114576533476,0.5954383064766764,-0.1532996650890431,0.38782468222872474,-1.1089772052064004,0.12408133374116129,-0.23204180154193166,0.11904759955750843,-0.0592520533999176,-0.794369942049485,-0.12479618717266176,0.06938110143228039,-0.3944048900113141,0
-1.0488066626304537,0.8771374557769975,1.0038746524609323,0.5985369837740325,1,0,0,1,0,0,0.6023057767106869,-0.5995680291334429,-0.10586271992482811,-0.449953135556081,-0.44488147012762974,-0.11337644371083126,-1.1429791894610946,0.369186278072534,0.6348560968380303,-0.7797868135394121,-0.03208629413895874,-0.07060141198245028,0.4597547287991413,-1.0412351885115805,-0.3027620071513066,0.24093556056142146,0.06810104877282064,0.5948342322427579,-0.22931895624632825,0.13114384342216265,0.5489504542833158,-0.8100200852217536,-0.6257525495553794,1.1209695116578666,0.6224536065338547,-0.13114384342216265,0.22931895624632756,-1.212181045296114,-0.8411076389369172,-1.9311282879045772,-1.5427503185686884,-1.4415103363381627,-1.1512882661459996,-1.2396439135264608,-1.3021891766432767,-1.7980664815052543,0.25106641317809053,-0.9381911455531051,-0.7885580025686714,-0.9571529238609991,-0.5161761445564365,-0.2233527107470814,-1.277209135885205,-1.378017789531564,-0.6418381130257917,1
-0.2006980048416086,-0.12780541711001567,-1.6032360836506476,0.5985369837740325,1,0,0,1,0,0,0.5644489656982895,-0.5954977245849401,-0.08027635709007157,-0.4603688293187442,-0.4053817682707685,-0.10219662633326239,0.6783773759431141,0.9211950941098321,-1.8957631128491041,0.9732541443717815,0.23307276868697813,-1.001561902455676,-0.9461135368136282,-0.26698783395879233,0.5086451814539782,-1.6474455271125443,0.18207448720741187,-0.23493085036792263,-1.5389139634227365,0.16026515284228104,-1.2100713526551479,-0.7548195997114273,0.9360478079977996,-1.134261615142569,-0.5323702640613324,-0.16026515284228104,1.5389139634227358,-0.3696425082138195,0.26586877533487285,-0.5187244289600577,-1.232658306696819,-1.1086788717467513,0.6996301199807459,-0.9541866793037505,-0.3747723420151606,-0.29429738304996345,-1.1367331974183288,-0.7105613285614767,-0.013084607695344815,0.4691369264526849,-0.0423289389126401,-0.4771381468814831,0.7806711296729086,0.9600881112561845,-0.08511336124321738,1
0.4161082917320974,-0.5916252045963298,0.5693561964423357,0.3052077222492148,1,0,0,1,0,0,1.0565875088594558,-0.6565522928124812,-0.4768649810287978,-0.13343177510181614,-1.0707561904610863,-0.401815732052108,0.7578061117746148,-0.48543108069654045,-0.14793839299547853,-0.2925556608808857,-0.7035496609064871,0.39756567019719496,0.25256993332850786,1.843887202437542,1.1403227802680818,-0.5840680948330284,1.3082723009336232,0.2830452911709114,0.1590389773671773,0.3844992353771891,0.7886425213466728,1.80861972095522,-0.38469536880453503,1.6924842424654432,1.190987652734529,-0.38449923537718983,-0.15903897736717798,1.5243284181199328,0.8662627627365218,-0.4004555067940112,-0.625394783447741,-0.11871861809024475,-0.40304466324369825,-0.6279498401920818,-0.762349526635866,-0.9144083514851348,0.22331042096616224,0.8828473903799233,-1.4454295841084306,-1.385039878955104,-0.7700228618656133,-0.794369942049485,-1.1125787146405561,-1.0996718489615938,-1.0129879475475077,0
-1.6656129592041589,1.4697960731206219,-0.4445202009343899,0.5985369837740325,1,0,0,0,1,0,0.07231042253712305,-0.5088583849096675,-0.15703544559434116,-0.4314363466446798,-0.1885956944274601,-0.05792454951808968,-0.09386197142668845,0.4286504179444532,-1.1579069626698135,0.0012091849937695544,-0.23990798039379674,-1.7895450202406615,-0.7779219785073309,0.1259765691396941,0.026225303696039266,-1.380572654799266,0.2506438729322876,-0.06269013614889704,-1.741654613069294,-0.7133741297612541,0.25639165967027966,-0.5620642174167976,0.19555523192851026,0.24690064298669348,0.2506874079322903,0.7133741297612541,1.7416546130692934,0.7026792662545551,0.7536888900987124,2.2310280114005274,0.9605966522719245,1.033390297803103,2.904979686429634,-0.42405181574728873,0.4972763233814264,2.620224168595341,0.11228645211844858,-0.6346847228976005,-0.41450612974742024,-0.2569742700706454,-0.14386762583630988,-0.4136917878478824,0.4514102871836102,0.1250502895462747,-0.5799798072721716,0
0.10770514344524394,0.7740663918911503,-0.8790386569529866,-0.8681093238500562,1,0,0,1,0,0,0.03445361152472564,-0.5024621920477346,-0.06748317567269331,-0.4615261286257068,-0.08171727915357603,-0.029751409726616142,0.5511147589556435,0.7715321977864138,-0.27597786588913487,0.988039939712757,0.44429203860508887,0.17514171567498973,-0.16542127129611367,-0.08497119835089534,0.303592752360329,-0.22196519733799605,0.22713634309456945,0.013230764944346607,-0.16027754582615011,0.39783372969061137,-0.8512407081556712,-0.7548195997114273,0.15421737090102455,-1.1095537058148464,-0.564684143009181,-0.39783372969061137,0.16027754582614942,-0.3417899945912644,-0.10937746679115769,-1.06458099280335,-1.0000892977929163,-0.8697229484503528,-0.7180946013078251,-0.30171300108041293,-0.26403600355210183,-0.9144083514851348,-0.8036612908751883,-0.7105613285614767,-0.013084607695344815,0.06718251409155555,-0.38079122865820925,0.12560226393772106,0.12214944469431245,0.3477270420022505,-0.1469716669968365,1
0.3904080293748593,1.4955638390920825,-0.4445202009343899,-0.13478617003801185,1,0,0,1,0,0,-0.5081606796529707,-0.12799417358548257,0.7256940722047591,-0.6079244909564728,1.017050743003977,0.37138043778055474,0.0015087427775411705,0.6610317941395895,-0.847862954066397,-0.484959052763608,-0.3224664269084191,-0.8095645973921741,-0.029754951662235508,-0.08601786935499317,0.7454677076487912,-1.1830324397734715,-0.6300557999004575,-0.930305691155542,-0.8251557858999272,-0.28577009270635834,-0.08804598510091265,-0.16049369789084222,-0.029776448972920314,0.030395847384744608,-0.489040290017628,0.28577009270635834,0.8251557858999266,-0.28608496734615396,0.340918023760079,-0.8280431484712572,-1.2455788071914804,-1.381771355514063,-0.05648973137315825,-0.22015379130249568,0.17890935030013266,-0.790386157798101,-0.05424950115312168,-0.1035484832504671,0.16025650409986858,0.11904759955750843,0.12690220596014448,-0.3819686083310823,0.6160407084282594,0.514734606344233,-0.2706882785040748,1
0.18480593051695732,-0.9523739281967958,-0.15484123025532542,0.3052077222492148,1,0,0,1,0,0,0.980873886834661,-0.6460857954020456,-0.8094876978806327,1.2669003863229022,-2.370248636851212,-1.4759725856889245,-2.046432471254,0.6510857384520976,0.022858665111966762,-1.8782315942216847,-1.4632289294004555,-1.2517387971340315,1.242409066778491,-0.0648640974827009,-0.05081928784783786,0.8554139957769211,-0.48303850568703927,0.21182505780291705,-0.07652239220166908,-1.6313284484388841,2.780802725034113,-0.9445452559875385,0.8283600089666696,2.0583969967605538,2.1090752118116507,1.6313284484388841,0.07652239220166766,-0.45320004908148526,-0.5596729573423944,-1.592242337851867,-1.0000892977929163,-1.1086788717467513,-1.2851844898232538,-0.46483142063624716,-0.4855086804782194,-1.3484860293897554,2.638081743403932,-0.8623145398892288,0.10551720563822252,0.5210020119186368,1.3792126780187515,-0.2550758902638815,-0.7010026615289333,-1.32234860141757,0.34789477903211874,0
-1.3315095485600683,-0.8493028643109486,1.0038746524609323,-0.8681093238500562,1,0,0,1,0,0,2.1165782172065835,-0.7222586376668826,-0.2849672597681238,-0.38109382679180764,-1.0965742900288764,-0.2609500330947403,0.49611049022833037,-0.2578185672000799,-0.20293207725792475,0.206577308056401,0.4943311177434451,-0.23345465436382998,-0.8457966923851227,0.5037759976114098,0.9729072096770008,-1.743504093740883,0.6124609039040854,-0.10207846786473426,0.12355936367902995,-0.440948977121442,-0.18648667232905397,1.3285011595835605,-1.4746385234393629,0.32823313233980267,-0.7423144193182121,0.440948977121442,-0.12355936367903066,0.49378541408539117,0.9413120111617277,0.09688047359654423,-0.8321227913623208,-0.5738727577024317,1.1722050270769362,0.3235742738836193,0.2896456887631914,0.03642846678212782,-0.1375174777889068,1.33810702436318,0.20587258615124074,-0.6070635969658218,-0.44848368660732285,0.5380035976561225,1.439192814651505,1.2941032399401495,-0.1469716669968365,0
0.6217103905899984,-1.0554449920826439,-1.168717627632051,1.0385308760612593,1,0,0,1,0,0,0.1480240445619179,-0.5239766589469633,0.5977622580309765,-0.5940368992729219,0.23850937309038542,0.05610958773311275,-0.2184433798843482,0.6218956736199771,-0.17933613361524262,-0.6352894132264091,-1.1197272713292359,-0.30723214820477335,0.8725542997465752,-1.1680065840863263,0.3448412630735184,0.34730563663998437,-0.5550414113582097,-0.5419839274542048,-0.8740438917877038,0.44783808336594555,-0.8633075793866269,-0.5081169217269156,0.5941671732433489,0.3078654494536439,0.9265584759043821,-0.4478380833659462,0.874043891787703,-1.17736540326792,0.04072103005925432,-0.7461646638947628,-0.4703487775118068,-0.6478353053894121,-0.9071245641463012,-0.46483142063624716,-0.09793149585751397,-0.728375060954584,-1.0565492199172024,-0.9381911455531051,-1.7393998906617176,-1.2395295002867386,-1.0614765002576312,-1.1398001190101978,-1.3961088845618963,-1.4089451162615605,-1.4185035074879009,1
1.4698190483788447,1.3667250092347738,0.5693561964423357,1.0385308760612593,0,1,0,0,1,0,-0.14221150653312897,-0.4361743751149757,-0.34893316685501513,-0.32554346005760393,-0.22093079326889808,-0.08386172583404945,-0.7178344993750123,-1.1281654953296325,0.28220308033249386,-0.31016799573377024,-0.13196038465277743,-0.20251412609078603,0.35591771605348194,0.25389025846197605,-0.3520614400943075,0.17255173316824718,0.4057828112663389,0.3290973731426551,0.4407888507730546,-0.7133741297612541,1.2518505001676894,1.1957551254334449,-0.21238321366529242,0.821384241368411,0.49285449420334554,0.7133741297612541,-0.4407888507730553,0.0759977097470634,-0.4846237089171882,-0.5460172571522233,-0.37990527404917784,-0.20406001926752979,-0.5290646384693491,0.10608304780917345,-0.09793149585751397,-0.5423417704240322,1.4723300705029398,1.4898602356909325,0.7897584364088047,0.5469345546516133,0.8715192434003977,0.6331731362065233,0.4514102871836102,0.1250502895462747,0.904619530814692,0
-0.9717058755587404,-0.9523739281967958,-0.4445202009343899,0.3052077222492148,1,0,0,1,0,0,0.40040278464456736,-0.57572767392078394,-0.8094876978806327,1.2669003863229022,-2.1169134238082203,-1.4218622695814913,-2.0252529951611917,0.09755401026192614,-0.2982016410050045,-1.7767883425658146,-1.6152570736460214,-1.6221395254490183,0.714326870783317,-0.20774931634192592,-1.0641074608345558,0.7597104156094662,-0.42568077980504815,0.11378746584388615,0.05712944868845589,-2.269065132993868,2.6085829208424927,-1.1998954351523532,1.1710873345622865,1.9782286474871555,2.2110046179769074,2.269065132993868,-0.057129448688456604,-0.3974950218363748,-1.1600669447440433,-0.8735311954581982,-0.39282577454383927,-0.5283573437412127,-0.844114576533476,-1.1173050988595852,-1.2606630497196296,-1.2244638357027204,2.2772538446488637,-1.1658209625447336,-0.24116501795220557,0.37837302688726915,1.1930584186586881,-0.667477223982284,-1.0302635040182315,-1.7677021063295222,-0.1469716669968365,1
-0.5862019402001745,0.6194597960623787,0.27967722576327125,-1.161438585374874,1,0,0,1,0,0,-0.4576849316364408,-0.13671625476084556,0.13720772700535894,-0.5188124443203543,0.6176913815775852,0.29580487230818925,1.5004988206237584,1.0974788452252446,-0.7948512040265299,1.8285454223778792,1.2282823393130429,0.055204444005721234,-0.6498508530750412,0.9685190259251154,2.1875679886621646,-0.9339259668089024,1.9591376944809031,1.273672493524513,-0.6949470730335814,0.7645323233097284,-1.1187473372757764,0.6851334314234676,0.14808269441116434,-0.5275994961928488,-0.3533339077286643,-0.7645323233097284,0.6949470730335807,0.1317027369921738,0.7912135143113154,-2.0653180265160533,-2.098331839839121,-1.467112756691348,-0.9386295579527137,-1.5251011477491712,-1.482135726645747,-1.534519319920306,-1.1644891896302574,0.19995793940503753,-1.0531312784666302,-0.8274902101961188,-0.9561771212256767,-0.826093121566285,-0.7833178721512579,-0.5429799678216537,-1.0129879475475077,1
1.3670179989498932,0.38754990231922204,1.0038746524609323,-0.4281154315628296,0,1,0,1,0,0,-0.33149556159511606,-0.32976498477554694,-0.5280377066983108,-0.1247520302995968,-0.2948745298524538,-0.1572013278309012,1.0532505335075693,0.6662336239497333,0.5187692322700002,0.7826504372165972,0.758465295222986,1.4251681741592375,-0.20741055833146924,1.3341345372159064,1.5756821103216363,-0.4283196021792974,1.0683553604013565,0.7327419840608139,0.8164553486475558,1.1340089365774726,-0.13151899584466228,0.6640571908309498,-1.1395948125904745,0.0020526390909833218,-0.2706620995791202,-1.1340089365774726,-0.8164553486475564,1.6078859589875987,1.9169522406894068,0.8823074182377254,0.49868875958778525,0.9395147565080901,0.9831750642384596,0.2692014673650073,-0.09793149585751397,0.9459245538203791,-0.6648813298155464,-0.3311783002420958,-2.303011926674227,-2.3575102314417067,-2.2084875932842825,-1.1116017372174867,-1.4418395571298541,-1.211010225189582,-2.1264374511126554,1
-0.9717058755587404,-0.8493028643109486,-0.4445202009343899,-0.8681093238500562,1,0,0,1,0,0,0.40040278464456736,-0.57572767392078394,-0.2849672597681238,-0.38109382679180764,-0.5236403720922742,-0.1482574739288461,0.04253452330495856,-1.1525415544775737,1.2683225615323648,0.024476614877658287,1.0248216356512372,0.6122256340638083,-1.3716590058115743,-0.0903382278291235,-0.8400986952289549,0.5575462909082095,-0.13793011898403154,0.2878455698245418,0.4407888507730546,0.39783372969061137,-0.14941018288463565,0.7403070230103961,-1.1735591778686338,-0.16983547251092862,-1.0512931436355804,-0.39783372969061137,-0.4407888507730553,-0.17467491285593337,-0.8598699510432187,-0.3458698504096825,-0.018131260198663828,-0.06751377738387422,-0.37153966943728567,-0.7910682597479163,-1.0391903727935126,-0.728375060954584,-0.3318094232724056,0.35171115073279,-0.7976812189789466,-1.21647835119076,-1.1931007240475748,-0.44541496736468245,0.12214944469431245,0.3477270420022505,-1.136704559054746,1
-0.5862019402001745,-0.978141694168258,0.27967722576327125,-0.4281154315628296,1,0,0,1,0,0,-0.4576849316364408,-0.13671625476084556,0.39307135535292426,-0.570312263480189,0.7679488381675021,0.3356050221723344,0.6834587833745549,2.7427533468128478,-1.1902766436308498,1.5575930956875081,0.6466537356308177,-1.6357059599381798,-0.2928030992485462,1.1125475959729971,2.8421524454289475,-0.9921894003819185,2.2200233943683556,1.3306836761171936,-1.4375436385994584,-0.8051695616290189,0.16127837363395536,-0.9173091165227955,0.6300933853441437,0.09712941097273309,0.4584720863557337,0.8051695616290189,1.4375436385994576,0.02029268250195297,0.8662627627365218,-2.6020769809619573,-2.537628856657603,-1.8767514823423164,-1.411204465048904,-2.0960156161945913,-1.980449249729511,-2.0306080946684437,-0.05424950115312168,-1.0140677512169813,-0.7246954876967501,-0.32180562690308556,-0.2623294272472596,-0.6992004034990842,-0.9479482933959068,-1.32234860141757,-1.0129879475475077,0
0.8787130141623758,0.6194597960623787,0.5693561964423357,-1.161438585374874,1,0,0,1,0,0,-0.09173575851659908,-0.45478148162241677,0.03486227566633282,-0.4945091588741402,0.10123763703814921,0.03240837489266675,1.1657705412514385,-0.9863090862493836,-0.057298585431311624,1.469452849169573,0.98421690030784,0.532972843778701,-0.9217487296816484,0.60522447951702,-0.41959002548966273,-0.3835241504504819,1.0579389771955425,0.5484347300363077,-0.2645441656443792,0.9892830742375731,-1.0162991468206957,0.9334040976623805,-0.307075698476087,-0.9361018179409957,-0.7440904036508199,-0.9892830742375731,0.2645441656443785,0.27096530510494976,-0.6347222057676005,-0.8826288048555859,-0.9225662948249498,-0.5112890635057554,-0.5290646384693491,-1.1173050988595852,-1.149926711256571,-0.728375060954584,-1.1367331974183288,0.19995793940503753,-1.5001688825700765,-1.3980061503215924,-1.5992554717422576,-0.8895394805998851,-0.7833178721512579,-0.4316415915936655,-1.4459960878228426,0
0.7759119647334253,-0.3854830768246345,-0.8790386569529866,-0.13478617003801185,1,0,0,1,0,0,-0.06649788450833415,-0.4664109231895675,-0.06748317567269331,-0.46441937689311324,-5.960469099681215e-4,2.1050084526841485e-4,-0.5691783960838152,0.002467388775471218,0.04146764016915106,-0.7506479752617076,-0.07220712708590071,-0.8283460889154194,-0.14777184306767208,-0.682185685951566,-0.7192000611556354,0.06136707503421988,-0.7201002864556284,-0.2091665750230544,-0.19575715951429745,-0.9356157016516281,0.1098245156389,-0.7238654016145356,0.0049803389058383695,0.3000378693640576,-0.11033764791417315,0.9356157016516281,0.19575715951429676,-0.6203151308168162,-0.6347222057676005,0.15449866644666885,0.1627557467265941,-0.135786898325702,0.3845801819166189,0.02452383803125581,0.12354118106860354,0.07776919801113909,-0.3595654154843339,-1.0899443568808573,-1.728249292826938,-1.4628375071540325,-1.277716296483967,-1.4922798914190887,-0.28942660841731066,-0.7099875321636356,-1.8790042280981787,0
-1.100207187344929,0.3102466044048362,1.0038746524609323,-0.4281154315628296,0,1,0,1,0,0,0.11016723354952047,-0.5175804660850305,2.439980382133447,-0.7305982174945059,0.8019826719286943,0.16656618342349314,0.8717083876433579,-0.9021025974075503,1.3155796989446014,0.19621903924307307,0.5993041593760192,0.37308735592535813,-0.1966558578670418,0.6170587764061534,0.31192773628003234,0.776107545691852,-0.4824685419239696,-0.3231642579463851,0.20465562353765385,0.3058716999428703,-0.595573873949794,1.5506464842355896,-1.0185282847441335,-0.74348681034465,-1.09463175775387,-0.3058716999428703,-0.20465562353765385,0.2152602778598393,-0.10937746679115769,-1.0827762115981268,-0.5737127814690962,-0.71610842633123994,-1.3166894836296663,0.10608304780917345,0.012804842605544792,-1.0384305451721696,-0.49834537654397587,1.6416134470186852,0.37921369794645543,-0.23104172733766892,-0.4992530300691578,0.6331731362065233,0.6983559190505837,0.9600881112561845,0.16231986177126023,1
-0.9717058755587404,2.01091915852132,-0.4445202009343899,0.5985369837740325,1,0,0,0,1,0,-0.0412600105000692,-0.47106269981642773,0.11162136417060241,-0.5136045974390228,0.11219190592850758,0.034644338368180524,-1.8374707741586878,-1.386735197818999,1.4152493978003629,-1.6752148491487007,-1.0452113605716835,-0.46460611338553026,0.6832301642216897,0.09685290629144157,-1.0231880181139406,0.6894968786584529,-0.13247448797637038,0.45156523409206306,0.5061221547512287,-1.1356331163529634,2.6518221232491643,0.8783302837748341,-1.2418154697023158,2.1317477507576275,1.7996915200277452,1.1356331163529634,-0.5061221547512293,-0.09111737198826762,-1.0850176963188372,-0.6642861793182697,-0.23777976860790415,-0.27233314020935756,-0.5605696322757617,-1.0357458890816678,-1.3160312189511594,-0.9144083514851348,2.9433976577351446,1.1863538130354276,0.8444977348704508,0.002351157259115363,0.854596128913119,2.2193321120465326,-1.1948939252628807,-1.6563637301015341,0.904619530814692,1
-0.5091011531284612,0.15564000857606544,-1.6032360836506476,-1.6014324776621007,0,1,0,1,0,0,-0.20530619155379135,-0.41698579652917706,-0.42569225535928473,-0.24916170579807387,-0.2651727779730193,-0.12813380264922217,-0.16827305368775297,0.6163146569309988,0.9800605495315311,-0.7726819801176911,-0.3268967689708088,-0.17959665246079665,0.7921425098586554,-0.9791172629641467,-0.1282989678141334,0.8340549954102532,-1.7539845019802571,-1.784969125942804,-0.48907871822323973,0.24011390447808975,-0.744334655193845,-0.9744382979041343,-0.5016307690021795,-0.6953775017796509,-1.317693125686168,-0.24011390447808975,0.489078718223239,-1.0102503215325889,-0.3345252120667762,-0.6824813981130464,-0.18609776662925942,-0.8526546682148961,-1.4742144526617298,1.247911984700014,1.7292180887829538,-0.9764194483286528,-0.6648813298155464,-0.8623145398892288,0.24236545179233895,-0.06248019957332482,-0.33002188519637315,-0.1916295312302808,1.0276167615398821,1.2941032399401495,-0.2706882785040748,1
-0.12359721776989524,1.7532414988067013,0.5693561964423357,-0.4281154315628296,1,0,0,1,0,0,-0.028641073495936725,-0.4739700602082154,0.41865771818768077,-0.5743628110545581,0.2824806289576862,0.07936360787845599,0.07857862451556616,-1.5515353362357867,1.5431462638627125,0.29108503764348104,0.6507659305083504,0.7776442985570168,0.011909916905892534,-1.2338211089145996,-0.7123637023210256,0.768516795525713,-1.2140218802836065,-0.7961090896957161,-0.18804420001687264,1.2471140222716814,-1.3420850045614945,1.4159006218855994,-1.3372473743800584,-1.5970404216010294,-1.6232731575767598,-1.2471140222716814,0.18804420001687194,-1.1495128896453646,-0.6347222057676005,0.1272058382545045,0.5116092600824467,-0.03337721691295973,-0.43454965705011084,1.0032343553662626,1.2309045656991897,-0.046252995675895824,-1.3032691506898992,1.0346006017076752,-0.5604775923118106,-1.112748180258855,-1.5654092427677009,0.2207718024881207,0.03983423407198747,0.793080546914203,-0.7036964187794109,1
0.2619067175886707,-0.8235350983394863,-0.4445202009343899,-0.8681093238500562,1,0,0,1,0,0,-0.5081606796529707,-0.1303200618989127,-0.31055362260288033,-0.3434815993155239,0.3198816166458816,0.16522460533818487,-0.3019471519893551,0.47664044241884407,0.493774883565963,-0.7431690720552321,-0.32024202074718006,0.21841831970725212,0.555499414153757,-0.3628630778046496,1.4438192256866589,-0.5578623291124004,-1.0916357782981694,-1.3596197447748113,-0.7099870034754222,1.002053003267564,0.05729635319267403,0.7921824393603403,-1.2356046481112264,-0.07847388017334586,-0.9110737411285353,-1.002053003267564,0.7099870034754215,-0.5367575899491508,0.8662627627365218,-0.9281168518425269,-1.0388507992769007,-1.347634795043149,-0.6865896075014126,0.10608304780917345,0.5111183656893089,-0.9764194483286528,-0.27629743884854874,0.19995793940503753,-1.2538420394926681,-1.5925002208189127,-1.5146398993058652,-0.667477223982284,-0.7010026615289333,-0.32030321536567735,-1.3222794763156045,1
-0.09789695541265715,0.6194597960623787,-0.15484123025532542,-1.161438585374874,1,0,0,1,0,0,-0.2810198135785862,-0.3518609237531332,0.03486227566633282,-0.4945091588741402,0.29434179954152623,0.11156148192585431,0.846520044461594,-0.7953955927773612,0.4610709902106901,0.5480695971083794,0.6012992332735582,0.4108342891482831,-0.6298230362227786,0.18531509809968663,-0.17298795126243346,0.041932054690514906,0.04086923918948156,0.4057420688262201,-0.16027754582615011,0.7192902890320441,-0.9919420658865264,0.9184098808894847,-0.5881618185355881,-0.6998814292067197,-0.3855902935427418,-0.7192902890320441,0.16027754582614942,0.2152602778598393,-0.10937746679115769,0.1817914946388332,0.17567624722125458,0.18851042614798086,0.4475901695294441,-0.7910682597479163,-0.8177176958673952,0.015758101167622184,-1.1367331974183288,0.12408133374116129,-1.6461403451344683,-1.6313990349183765,-1.7346403876404854,-0.667477223982284,-0.9479482933959068,-0.7656567202776299,-1.569712699330082,1
-0.38059984134227254,0.20717554051898904,-0.15484123025532542,0.3052077222492148,1,0,0,1,0,0,-0.05387894750420167,-0.46931828358135513,-0.5152445252809326,-0.12764527856700325,-0.5585241441993701,-0.26229161118004857,0.40406109292815723,-1.4746005104934645,0.4978517535583106,0.5152344791154448,0.2593498374554917,0.3668806136013514,0.47823491183495836,0.09950049029967437,-0.9661868916722094,0.07455406281038142,0.10367923116351625,-0.05928299201939072,1.0967144819825039,-0.5873266710771624,-0.46243706812527036,1.0560306600515903,-0.6056603820886554,-0.593241990277076,-0.39504579380946736,0.5873266710771624,-1.0967144819825045,-0.3417899945912644,-1.2351161931692491,-1.6286327754414192,-1.3489428111487698,-1.2452251136304073,-1.3166894836296663,0.10608304780917345,-0.3747723420151606,-1.7825637072943747,-0.38732140769626244,1.1104772073715516,0.2788583174334372,-0.08841274230630035,-0.3130987707090945,0.7917890337905242,0.12214944469431245,-0.15329565102369538,-0.332546584257695,1
-0.14929748012713334,-1.0039094601397194,0.5693561964423357,-0.13478617003801185,1,0,0,1,0,0,-0.24316300256618875,-0.3925639692381606,0.6105554394483548,-0.592300950312478,0.577716238369355,0.15583355874102703,-1.2538515651285094,-2.1013125050949424,2.1200104381145235,-1.5278978531643208,-0.5352714848888015,-1.7192326804998463,0.7002507648995702,-1.3980704534612554,-0.9184234384476964,1.0473306959664823,-1.200678804361495,-0.4112103946189633,-0.7279513648365089,-1.6228550239587813,0.34657559930569254,1.9640609196410612,-1.8456589444135976,0.8735188785688439,0.2944122310565105,1.6228550239587813,0.7279513648365081,-1.3166279713806959,-0.8598699510432187,-0.018355912103706302,0.5245297605771081,-0.01630893667750248,-0.40304466324369825,0.18764225758709038,0.6218547041523672,0.2638024885416898,0.6396503041450882,2.476256109321323,1.127317443588959,-0.1402778277722523,0.2115177783965368,2.409671189147334,0.4514102871836102,-0.26463402725168356,0.40975308478573785,1
-0.3034990542705592,-1.1069805240255675,0.27967722576327125,1.0385308760612593,1,0,0,0,1,0,3.517280224665288,-0.764124627308625,0.09882818275322415,-0.5124472981320601,-1.0158679819448961,-0.1916351653538133,-0.1225528228413678,0.1855530613757587,-0.8207125860923917,-0.4260795163169438,-0.8997168046268315,-1.4837937805782515,0.04228231131480916,0.4565037645955793,0.4388870507453704,-0.49696201782986327,-0.877553375981762,-1.288987427909631,-1.601295701775523,-0.43557216489828954,0.6265458661915241,0.18499001286141697,0.6225426981379677,-0.2945609675674875,-0.08876943179445765,0.43557216489828954,1.6012957017755223,-0.1561065704408964,-0.3095087959250406,-1.874268229170901,-1.779626160970811,-1.9393351765389923,-1.4532111234574547,-0.8998138727851392,-0.26403600355210183,-1.720552610450858,0.3898463742377325,-0.02767187758659086,-0.5604775923118106,-0.17917664187171697,-0.2792525417345383,-0.794369942049485,0.5337254978059351,0.3477270420022505,-0.5799798072721716,0
-0.25209852955608386,-0.978141694168258,-0.15484123025532542,-0.4281154315628296,1,0,0,1,0,0,0.526592154685892,-0.5902644758797223,-0.054689994255315046,-0.46615532585355707,-0.36610906074714133,-0.09369996512631006,-0.5650550392021412,0.5168754575712312,-1.013038124241852,-0.11452426764501498,-0.6230427707615095,-0.7850936475498339,0.6241316149799593,-0.612356160197139,-0.40166134726286395,-0.6517372626671286,-0.09305475777979429,-0.01737934626346141,-0.07652239220166908,-0.9948801208223941,0.17386372687891558,-1.1118033068525899,0.729923957138205,0.06244339218627841,0.7930185670998242,0.9948801208223941,0.07652239220166766,-0.6481676444393714,-0.4846237089171882,-0.3913578973966235,-0.6512357844370638,-0.6478353053894121,0.3215701943037938,-0.46483142063624716,-0.4855086804782194,-0.5423417704240322,-0.026493508941193386,-1.1658209625447336,-0.6608329728248301,-0.21807545597118072,-0.1777138548108673,-0.4136917878478824,-0.9479482933959068,-1.378017789531564,-0.8892713360402683,0
-0.5091011531284612,0.23294330649045036,-1.6032360836506476,-0.4281154315628296,0,1,0,1,0,0,-0.20530619155379135,-0.41698579652917706,4.435716683244456,-0.7722609925451588,1.3801945641687106,0.27612839372366804,0.30758492837969503,1.0844392395021605,1.352912007471018,-1.6793760841096588,-1.7140105496987643,-2.8135362653790605,-0.6499158329610829,-0.9421074107308757,-0.2970699825700834,1.3007231494376807,-1.5209704348247037,-1.5774810155670826,-1.0210438257385965,-2.824669062719801,-1.369046954648587,-1.7860250762722434,-0.542374713110879,0.7605604979679019,0.6881944799940524,2.824669062719801,1.0210438257385956,-0.9823978079100336,-0.4846237089171882,-0.7097742263052108,0.007709740790658993,-0.596630464683041,-1.8207693845322692,0.5138790966987595,1.2309045656991897,-0.790386157798101,-1.3032691506898992,-1.6969572021918669,-0.2594114507727547,-0.4903671546674297,-0.1777138548108673,0.41111087958892223,4.731801239544486,2.7971713190179877,0.16231986177126023,1
-0.12359721776989524,0.2587110724619126,0.5693561964423357,-0.4281154315628296,1,0,0,1,0,0,-0.028641073495936725,-0.4739700602082154,-0.5280377066983108,-0.12706662891352197,-0.6042671829045622,-0.2663163454359733,-0.6663047400488513,-1.7112953734278742,0.5550001018228812,-0.24656951493182708,0.03199599812773387,-0.07616812538350422,0.14530024806139377,-1.2446072908071348,-0.4256572336934256,0.6571004138930278,-1.4098510097360717,-1.0273514378215056,-0.270149897892672,0.1640471410786609,-0.31708397952041023,1.9223925330469542,-0.09838118636519162,-1.0648846202328766,-1.0446050859012783,-0.1640471410786609,0.27014989789267135,-1.1495128896453646,-0.3345252120667762,0.23637715102316323,0.5503707615664309,-0.08458205761933026,-0.34003467563087314,1.0032343553662626,1.2862727349307197,-0.10826409251941274,-0.5261013687559044,1.1863538130354276,-1.0622544948769042,-0.944186652494511,-1.2438700675094103,-0.8895394805998851,0.28677986593896093,0.4033962301162448,-1.198562864808365,0
-0.9717058755587404,-1.1069805240255675,-0.4445202009343899,1.0385308760612593,1,0,0,0,1,0,-0.0412600105000692,-0.47106269981642773,0.09882818275322415,-0.5124472981320601,0.10347287571369432,0.03374995297797501,-0.11321469098950306,-1.1765701632288461,0.2310590837229476,0.3661407782661631,0.6710587687577256,-0.2116825530592787,-1.4166482172305723,0.26812979740038617,-1.4106170036532653,0.9206760100619942,0.09560192674473943,1.0106174001188948,0.2430696413654208,-0.529783266025729,0.4253399180574882,0.20175432548677072,0.6093250924819821,-0.39983533594836373,0.11426192536416921,0.529783266025729,-0.24306964136542153,-0.03541234474315745,-1.4602639384448675,-0.982702508226857,-0.4186667755331612,-0.3576745413866426,-0.655084613695,-1.5251011477491712,-1.7589765728033937,-0.9764194483286528,0.1400424443303771,-0.1035484832504671,-0.8159276517994943,-0.41256952646850126,-0.5330992590437151,-0.6992004034990842,0.2044646553166367,-0.04195727479570725,-0.8274130302866491,0
0.2619067175886707,-0.514321906681944,-0.4445202009343899,-1.6014324776621007,1,0,0,0,1,0,-0.5081606796529707,-0.1303200618989127,-0.2210013526812325,-0.41234090807979723,0.41916487977909284,0.21844053605541267,0.4860479839662931,1.9171145178015783,-0.6322166976259461,0.3158134968541826,0.3921334434551844,0.415914616224152,-0.4909952746591139,-0.3248535877784252,2.399562958514829,0.1167053589642329,-0.957223575525688,-0.9640102392763721,-0.22931895624632825,0.7946936794948511,-1.0004514307000663,-0.22747034479036782,0.9815390357765533,-1.3758101714970137,-1.450961050890459,-0.7946936794948504,0.22931895624632756,-0.5646101035717058,1.4666567501381707,-1.2101427431615621,-0.9742482968035945,-1.2452251136304073,-1.1276595207911904,0.10608304780917345,0.2342775195316623,-1.2864749325462383,-1.0812212129944723,-0.5588081172337243,-1.1443634425693747,-0.5422322401333817,-1.0069464646875115,-1.8412348661038906,0.28677986593896093,0.793080546914203,-1.2604211705619852,1
-1.6142124344896835,0.7482986259196881,0.5693561964423357,0.3052077222492148,1,0,0,1,0,0,1.3468230599545028,-0.6803926480251401,1.4804917758300769,-0.682570296255559,0.025691617762599397,0.004235235101193206,-1.2702137294897669,1.2802001480051795,1.0255491000989254,-0.1818885515789408,0.3842929515070445,-0.5732549497241591,-0.9569623676591742,-0.8666734121036276,1.838251501291914,0.6258157804627492,-0.626613395396073,-0.9310828106993373,-1.1334326641296226,0.3422733367180179,0.9002932496134577,0.08440512031499212,-0.7730754700121821,-0.3756194178576383,-1.4086208021606925,-0.3422733367180179,1.133432664129622,-0.7247620569013982,2.067050737539819,0.6616903903510616,0.9121447754169449,0.5853479416223567,-0.5999508745337776,-0.11820477908009916,0.4972763233814264,0.44983577907224165,0.5563823275093027,-0.17942508891434333,-0.7520651369275744,-0.996051737960463,-1.057715808149347,-0.9212626601166852,0.5337254978059351,0.793080546914203,-1.0748462533011267,1
0.13340540580248203,-0.9523739281967958,-0.8790386569529866,-0.4281154315628296,1,0,0,1,0,0,0.1480240445619179,-0.5199063543984607,-0.09306953850744984,-0.445902587981712,-0.1840083785988379,-0.055241393347473154,-0.03830757394183397,1.4491522010862323,-1.5698847603984687,0.1073004197881619,-1.130963648810983,-0.8398273330438448,0.9685776407442802,0.09865884438460477,0.9569078357388733,-1.1198725263894542,0.2597464126814788,-0.5347060462640026,-0.9306920144830665,-0.2223753081429896,0.1518463689232573,-1.0303976112830218,1.0207211699888254,0.11260415181413425,0.9482717514006811,0.2223753081429896,0.9306920144830657,-0.14682239923337803,0.491016520610491,-0.8826288048555859,-1.258499307686141,-1.1086788717467513,-0.34003467563087314,-0.709509049969999,-0.3747723420151606,-0.9764194483286528,-0.1375174777889068,-1.1658209625447336,-1.0075151964152582,-0.39960325510201306,-0.33002188519637315,-0.794369942049485,-1.277209135885205,-1.4893561657595522,-0.9511296417938885,0
0.2876069799459088,0.6194597960623787,-1.8929150543297122,0.3052077222492148,1,0,0,1,0,0,0.6401625877230843,-0.5984050849767277,0.2267599969270068,-0.5390651821921995,-0.22163445678587704,-0.043614383274801535,-0.24146474184557523,0.919791071225461,-0.8541432006546649,0.018319225539272253,-0.4203627180993315,-1.069044743864316,0.0040655919028636,-0.8033890601887138,0.19853542917522757,-0.6476762166133981,-0.6623484704908285,-0.7487032805319621,-1.4375436385994584,-0.032311248161722386,-0.4669742814561968,-1.0635536764145448,0.516790233221281,-0.6815214971701911,-0.18447090897136925,0.032311248161722386,1.4375436385994576,-1.0102503215325889,-0.40957446049198204,-1.6832184318257484,-1.684875824009962,-1.7914100811650315,-0.9386295579527137,-1.1173050988595852,-0.6516131881728072,-1.4104971262332722,-0.6093693453916895,-1.1658209625447336,-0.8706669502611417,-0.5033334260339178,-0.7192535184037778,-0.7309235830158842,-0.37174181903963527,-0.4316415915936655,-0.9511296417938885,1
-1.100207187344929,1.6501704349208541,1.0038746524609323,0.3052077222492148,0,1,0,1,0,0,-0.09173575851659908,-0.45071117707391406,-0.15703544559434116,-0.43201499629816104,-0.057513836208602315,-0.012758087312711469,0.63265074983772,0.5873793454244002,0.2785203891552799,0.7200507334353154,1.0736701470844912,1.2545617979122388,-0.17298272271720228,0.7746073637644211,-0.11322366123706194,0.4066638002516584,0.3788876887644541,0.48696337850777294,1.324112778207694,0.39783372969061137,-0.10573771712291793,-0.9196215635959027,0.027911198281992636,-0.5970435406538361,-0.9203988158593976,-0.39783372969061137,-1.3241127782076947,0.5494904413305014,-0.25947596364157,-0.4823339913705056,-0.21193876761858224,-0.05044549714841698,-0.5290646384693491,0.8401159358104279,0.2342775195316623,-0.6663639641110671,-0.27629743884854874,-1.0140677512169813,-0.7155722712864762,-0.5940973255993336,-0.7700228618656133,-0.9529858396334858,0.12214944469431245,0.3477270420022505,-0.8274130302866491,1
1.7525219343084582,-0.02473435322416849,-0.4445202009343899,-0.13478617003801185,1,0,0,1,0,0,0.4130217216486998,-0.576890618077499,0.9943508819697028,-0.6397502218979436,0.23990773189015813,0.05074327539187969,-1.2691828178953495,0.528318237549652,-0.3591342858494816,-0.9578059161747283,-0.5973482034303974,-0.6932545851251893,0.17665493986942016,-1.3265846769619078,1.4439395442777208,-1.3287405753336812,-1.3647892107919313,-1.414368867821111,-1.052824935956895,0.0986623829151082,0.43932182506899187,0.7213735762640071,-0.8443075351317327,-0.059367618830349425,-0.60427399470025,-0.0986623829151082,1.0528249359568944,-1.2887754577581405,1.0914105080121401,-0.4823339913705056,-1.051771299771562,-1.4500444764558913,0.3530751881102058,0.10608304780917345,0.7325910426154264,-0.6043528672675491,0.22331042096616224,0.4275877563966659,-0.5787240251323598,-0.892321567028559,-0.8546384343020056,-0.2233527107470814,0.36909507656128593,0.45906541823023866,-0.7036964187794109,1
-0.1749977424843705,-0.2566442469673251,-1.8929150543297122,-0.13478617003801185,1,0,0,1,0,0,0.5392110916900246,-0.5908459479580798,0.43145089960505906,-0.5760987600150019,-0.0614787097757438,-0.009180545751889433,-0.47429870233734095,2.9916102901891493,-1.6756829061993466,-0.8973605621865128,-1.9602240926968522,-1.2980194786695167,1.732217208918615,-1.314459960792501,3.370837492601567,-2.7458437817393633,-1.0918820378352627,-2.392873518884864,-1.2053134399134022,-0.5749285603869245,-0.6538690137039324,-0.7292480068329893,-0.4685935239990826,0.12958468864705006,0.21221206822082117,0.5749285603869245,1.2053134399134016,-1.17736540326792,3.643084954469147,0.7003552302899613,-0.9613277963089331,-1.2793616741013212,1.3927399837218248,1.166352774922097,2.227531611866718,0.38782468222872474,-0.6371253376036178,-0.7105613285614767,-0.11343998820836432,-0.3347718982695729,-0.2623294272472596,0.4428340591057229,-0.20711139779498602,-0.48731077970765985,-0.332546584257695,0
-0.1749977424843705,0.5679242641194551,-1.6032360836506476,2.2118479221605303,1,0,0,1,0,0,0.48873534367349464,-0.5850312271745045,2.798189461820038,-0.7398566119502066,0.6483144452343559,0.12184691391321768,0.19595915139026232,-0.4567277407505536,-1.4386116955897177,1.0520784423142995,0.7902334866087538,-0.6997746336327819,-1.0537085684419576,-0.21511496111316533,0.6634566433450977,-1.4061956480563402,0.03426891764420656,-0.21723374976218496,-1.0383979846077995,0.07546133969578361,-0.4874263047048126,1.291509458478126,0.5535393683429277,-1.3873096290013336,-1.2394287105630295,-0.07546133969578361,1.0383979846077986,-0.3974950218363748,0.26586877533487285,-0.8462383672660339,-1.3618633116434313,-1.2793616741013212,0.3215701943037938,-0.709509049969999,-0.319404172783631,-0.9144083514851348,-0.49834537654397587,1.1104772073715516,-0.1864257194905595,0.11904759955750843,-0.44848368660732285,-0.7626467625326843,1.0276167615398821,1.1827648637121608,-0.5181215015185524,0
-0.14929748012713334,-1.6223358434548052,0.5693561964423357,0.5985369837740325,1,0,0,1,0,0,-0.24316300256618875,-0.3925639692381606,1.3525599616562942,-0.674469201106821,0.8465299469550971,0.2193349214456182,-0.22512957706316616,-1.8984817209435207,0.08648691119102202,-0.1660904348484407,0.4659581394980042,0.2556966254975928,0.2181286327987255,-1.228413683611533,-0.8471943165658448,0.8525385347561099,-0.8041232831416423,-0.1583461850288071,-0.65872285032305,1.002053003267564,-0.9143683215398384,1.7570250736112942,0.7384885040002281,-0.5729774204432269,-0.760362632193363,-1.002053003267564,0.6587228503230493,-1.1216603760228097,-0.7097714541928067,0.36374368258659734,0.7700192699756713,0.3762615087380082,-0.05648973137315825,0.2692014673650073,0.6772228733838963,0.7598912632898273,-0.8098292891445057,1.843951062122355,0.37921369794645543,0.7198181728714541,0.4239968825145893,-0.7520723693604175,-0.39003408806681844,0.0755665667782797,0.16231986177126023,1
-0.27779879191332196,1.3924927752062353,-0.8790386569529866,1.0385308760612593,1,0,0,0,1,0,2.230148650243776,-0.729236302607173,-0.38731271110714993,-0.2821447360465073,-1.25027206967199,-0.3427862962985444,-0.2677727106585368,0.1062666363611696,-1.010754622593448,-0.5893417501898361,-0.7673726972211403,-1.0362744652048719,0.32694326345477526,0.6876729843872831,2.1828262135611967,-1.9950719388808928,0.4239562297569001,-0.2593802113045257,-0.6392523306161405,-0.7793520964162078,1.059459215877363,2.0408530890667453,-0.6231194650054508,1.2165504235343079,0.7443877971286017,0.7793520964162078,0.6392523306161398,1.1900982546492709,3.005166342854895,1.6510554123170291,0.13691474573727128,0.3079883877961804,2.7474547173975705,0.18764225758709038,0.5664865349208381,1.6900577159425842,1.2502821328075124,2.3245028979935705,0.7258959215368835,0.2616765845888761,0.7530574419894479,0.9821281108913258,0.03983423407198747,-0.32030321536567735,0.7809029193074537,0
-0.020796168340944693,0.38754990231922204,3.176466932553916,1.478524768348486,1,0,0,1,0,0,0.11016723354952047,-0.5117657453014551,-0.46407179961141953,-0.191296740449945,-0.5928884433847864,-0.24574548146124664,0.9327204100709269,0.5802936838911283,-0.17656737230644257,3.419723496185006e-4,0.3293259837599108,0.5422446499138779,-0.08704369610880754,3.4452960429985118,1.4046172411081552,0.48925587263216314,1.8880839842394224,1.6118497002896477,1.59596333173715,-0.8432999717894734,2.1455287763432422,0.6106434249209304,0.7330284813237343,1.8717297761588276,1.1455176032990075,0.8432999717894734,-1.5959633317371507,5.284417757164882,2.81754322179188,3.0384408454187306,2.9277428525840956,3.8923272372421516,1.6447799341731264,1.3294711944779316,0.5664865349208381,2.8682685559694088,2.193985868013078,0.7310941790521709,0.40658334717727845,0.7414286251489338,1.5315207084042572,-0.794369942049485,0.12214944469431245,-0.26463402725168356,0.5334696962929761,1
-0.020796168340944693,1.1348151154916164,1.4383931084795292,-0.13478617003801185,1,0,0,1,0,0,0.5896868397065544,-0.5972421408200127,-0.6943490651242283,0.10381458282551219,-1.4347838198056597,-0.5395510821437565,1.5158629733801452,-0.24000715975365708,0.6813441987329908,0.126915273844361,0.32411303023271304,-0.10771921644022114,-0.4741436637430286,1.3300861323491628,0.03557193395657343,1.5572635997935935,0.7988190444947306,1.3781952640462285,0.4073962731842086,-0.550966827225982,-0.7788379731648347,0.3650525414464493,0.6334793910297483,0.620640943344248,0.9241766183479925,0.550966827225982,-0.40739627318420935,0.9672781456688292,-0.18442671521636386,-0.646090960523493,0.188596747715916,0.512807750621665,-1.1591645145976028,-1.1173050988595852,-1.3713993881826885,-0.5423417704240322,-0.9424412519348303,-0.17942508891434333,-1.3815670692365094,-0.9052878383950472,-0.6346379459673855,-1.1116017372174867,-0.7010026615289333,-0.9883334727336057,-1.0129879475475077,1
0.6217103905899984,-0.10203765113855341,-1.168717627632051,-0.13478617003801185,1,0,0,1,0,0,0.04707254852885811,-0.49664747126415926,-0.3233468040202586,-0.3330659055528607,-0.34756481593456856,-0.12455626108840012,-0.9497618870652959,1.079556401301992,-0.1242339048521143,-0.947486524827444,-0.7173944610077959,-0.5670874612029803,0.685567253322778,-1.079692377182903,1.2130237664448391,-0.2261454803980007,-0.9972050962049221,-0.7076449791845049,-0.67984341407292,-0.09917924017331377,0.24185112207815934,-0.26654446004877624,-0.057422488619712324,0.2911816649678298,0.24177034414171208,0.09917924017331377,0.6798434140729193,-1.2052179168904753,0.340918023760079,-1.637730384838808,-1.4781478160953823,-1.7060686799877465,-0.9701345517591269,-0.7910682597479163,-0.5962450189412776,-1.658541513607341,0.1400424443303771,-0.3311783002420958,-0.2685346671830286,-0.2569742700706454,-0.1269445113490324,-0.12818317219668063,-0.7010026615289333,-0.8213259083916238,-0.45626319576493324,0
0.2619067175886707,-0.4370186087675581,-0.4445202009343899,-0.8681093238500562,1,0,0,1,0,0,-0.5333985536612357,-0.08961701641388531,-0.06748317567269331,-0.46441937689311324,0.6134580733710749,0.28999136727185343,-0.4430563655303478,2.0084862439850912,-0.3689345983476823,-0.5261014202812171,-0.25950078674321236,0.11276594048896114,0.5416238930870482,-0.644304087142937,2.3334056969674104,0.43778749963529773,-0.9216492104714592,-0.6841047740295589,-0.01835909107355938,0.17200761631813533,-0.027700390812012386,-0.4191557987995335,0.9442801723914488,-0.2031625028388478,-0.3305314295821103,-0.17200761631813533,0.01835909107355796,-0.7595776989295921,1.6167552469885829,-0.8826288048555859,-0.5478717804797735,-0.8526546682148961,-0.9386295579527137,0.10608304780917345,0.12354118106860354,-0.9764194483286528,-0.24854144663662048,-0.6346847228976005,-0.8706669502611417,-0.30883935553659736,-0.36386811417093057,-1.5240030709358887,-0.4540570296619595,-0.4316415915936655,-0.8274130302866491,0
0.7759119647334253,1.7532414988067013,-1.168717627632051,-0.4281154315628296,1,0,0,1,0,0,-0.1800683175455264,-0.41698579652917706,0.40586453677030254,-0.5714695627871517,0.4125489732620094,0.12095252852301216,0.11663222903038219,-1.547840653697108,0.8835618903495486,0.04692212904368079,0.3549428811487877,0.01714843525983332,-0.76144187587086265,-0.9041904287366795,-0.7909915481518509,-0.2742537978732256,-1.2969518941555316,-0.6874378165125189,-1.1234618125076608,1.13762416762706,-1.0656363762528427,1.3320619042690856,-1.483457321533527,-1.3494240663278252,-1.132592358073736,-1.13762416762706,1.12346181250766,-0.9266927806649233,-0.8598699510432187,-0.5369196477548344,-0.5866332819637576,-1.0233374705694662,0.1010352376589052,-0.8726274695258333,-0.4855086804782194,-0.728375060954584,-1.1367331974183288,0.6552175733882943,-1.1808563082104715,-1.6443653062848649,-1.9377177614878267,0.09387908442092041,-0.37174181903963527,0.18071947766026855,-1.136704559054746,1
-0.25209852955608386,0.026801178718756015,-0.15484123025532542,-0.13478617003801185,1,0,0,1,0,0,0.43825959565696476,-0.5815423947043593,-0.630383158037337,0.019910383070725346,-1.1466626867257563,-0.46263393858608265,-1.237273849046729,-1.5622175494964272,-0.530247556407474,-0.0021710685876758463,0.5830737293205753,0.40654003629825913,-0.9976771083280023,-0.6503828747645255,-0.7949151089846436,-0.45730059350128915,0.2573071700035931,0.22218525827826716,1.0187373090415193,-0.45589913793704195,1.070604500447383,1.347864107832648,0.265323178439626,0.25807435881371066,-0.5411037448580478,0.45589913793704195,-1.01873730904152,-0.6481676444393714,-0.7848207026180125,-0.19121049065408274,-0.39282577454383927,-0.27233314020935756,0.29006520049738066,0.18764225758709038,-0.26403600355210183,-0.6043528672675491,0.5841383197212315,0.7310941790521709,-1.0531312784666302,-0.7756251247301669,-0.6346379459673855,-1.5874494299694895,0.8629863402952329,0.6817421706862145,-1.0129879475475077,1
0.5703098658755232,0.15564000857606544,2.1625905351771904,-1.6014324776621007,1,0,0,1,0,0,2.772762941421472,-0.7460989928795414,-0.4128990739419065,-0.24916170579807387,-1.3941057724971464,-0.3812448680773813,0.08655686771303274,2.0371427627944243,0.6073594677404637,-0.31156407746612613,0.1378490903979647,0.5346416221375305,0.3947506128198794,-0.5186823354353813,1.3900280967437946,0.5068800172587051,-1.1764360164624066,-0.9847065620216126,0.19300882026008395,0.5377636082882545,-0.6386207097022489,-1.40354274067768,-0.32091520504133886,-0.7456308475926612,-1.1405848690428932,-0.5377636082882545,-0.19300882026008395,-0.48105256270404034,1.3165582532877582,0.06352257247278678,0.31780175266252825,-0.18699173903207253,-0.4660546508565234,1.3294711944779316,1.3416409041622488,-0.23228628620644656,-0.6093693453916895,-1.317574173872486,-0.031331040515893936,-0.1921429132382052,-0.4654068010946016,-0.3185222492974822,0.28677986593896093,0.6260729825722207,-0.5799798072721716,0
-1.7170134839186342,2.01091915852132,1.4383931084795292,0.5985369837740325,1,0,0,0,1,0,-0.38197130961164594,-0.2698733607047209,0.12441454558798068,-0.5136045974390228,0.4891792487721614,0.18937301087373362,-1.7607118716836252,-0.51415552549345,0.21903694832754217,-1.9364785436759986,-1.917122338522102,-2.60425413764116,0.9217571817162519,-0.15850843579842366,0.4972135578262445,-1.1512517637895245,-0.502888113261679,-0.9948260716828108,-2.7630084518547773,-0.8115738940849077,2.2899329566534488,1.2037922216567398,-1.456327842456579,2.1174023366060717,1.5210989011802902,0.8115738940849077,2.7630084518547773,-0.5367575899491508,-0.18442671521636386,-1.655925603633584,-1.865762830935219,-1.9108880428132304,-0.844114576533476,-1.7697787770829225,-0.9284540343304539,-1.2244638357027204,2.2772538446488637,1.2622304186993043,0.29710475025398503,-0.5292659687668935,0.27921023634565156,1.6800380602609295,-1.1125787146405561,-1.4893561657595522,0.40975308478573785,1
-0.48340089077122306,-0.9008383962538722,-1.6032360836506476,-0.4281154315628296,0,1,0,1,0,0,-0.19268725454965888,-0.4140784361373894,1.1478690589782419,-0.652480514274532,0.728880138648709,0.18579546931291158,-1.2739931752470788,-1.0118615290745783,1.5606367404361234,-0.8309514113860607,-0.9224228428021103,-1.1179087427164525,0.5134167759437559,-1.0395436177350206,-0.5625578177250801,1.0978750392106968,-1.3399210810841686,-1.3378752174996051,-0.9116105415751553,-0.6205699568839558,0.7328187883415239,0.8252536315785516,-1.03018417007487,-0.20608105910155247,-0.10697988141492044,0.6205699568839558,0.9116105415751545,-1.0659553487776992,-0.7097714541928067,-0.7188718357025985,-0.09565426316663046,-0.6136987449184976,-1.6002344278873806,0.2692014673650073,0.8433273810784847,-0.790386157798101,1.0004782029001573,1.1863538130354276,0.9722227646142934,0.22277777048941236,0.12690220596014448,1.7752075988113303,1.439192814651505,1.1827648637121608,0.8427612250610729,0
-0.9203053508442651,-0.1535731830814779,0.27967722576327125,0.5985369837740325,1,0,0,1,0,0,-0.7731583567397526,1.0436720643049489,-0.2593808969333673,-0.3880376226335831,1.4637080285640844,1.1025404942735586,2.595452526136426,-0.2381881332935608,0.24998599104461422,2.5855301433511246,2.071615197812041,1.816797566465612,-1.8065925566358776,2.485419065061895,-0.6062413535979988,0.8672782252576549,2.281860043276659,2.178403859420264,2.001249688097911,0.4930801176436292,-1.1256384729021789,-0.2803985915758633,0.5297917520524895,-1.2302310609085956,-0.5664138396925181,-0.4930801176436292,-2.001249688097912,2.3320513131740337,-0.5596729573423944,0.02713213488323473,0.47284775859846334,1.434494883336343,-0.49755964466293656,-1.0357458890816678,-1.7036084035718644,0.20179139169817292,-1.053465220782544,-0.2553016945782196,0.03253147435602734,0.30057539868834077,-0.2284831982727022,-0.0647368131630805,0.4514102871836102,0.793080546914203,0.2860364732784985,1
1.3927182613071303,-0.02473435322416849,1.0038746524609323,3.2385003374973924,0,1,0,1,0,0,-0.36935237260751347,-0.28615457889873186,0.09882818275322415,-0.5066608015972472,0.4538190470155485,0.17148530306962345,-1.5374494800452385,0.5227910709083838,-0.9138922164167009,-0.18117522401168157,-0.21979125649284212,-0.33783493837677586,-0.4662926948911762,1.0965892278411302,2.233761304228824,-0.8277250268869837,1.581933068484236,1.2022708094975318,1.116988546947158,-1.5685822038710444,3.2335599634150274,1.5201858865605913,0.4175374488879762,1.8133737905275544,1.4595228403783476,1.5685822038710444,-1.1169885469471588,1.1622457410267157,2.2921984828154374,0.3728412919839863,-0.1344157646506147,0.4957394703862077,1.109195039464111,-0.6279498401920818,-1.0945585420250417,0.38782468222872474,4.803049135934347,2.8556391376407038,2.77861961384863,2.6474705160226755,3.511525103415836,1.489698983160128,1.2745623934068555,0.514734606344233,2.6985103976696543,0
-0.020796168340944693,-0.10203765113855341,1.4383931084795292,-0.13478617003801185,1,0,0,1,0,0,0.5896868397065544,-0.5972421408200127,-0.3233468040202586,-0.3330659055528607,-0.6628088600252438,-0.20192059734117668,0.8394768852552748,0.03326619218962929,1.218051884845971,0.7971289595874135,1.2995692127682261,0.11966181772160635,-1.0239735373709062,1.3185044422490833,-0.08681563026634322,1.4838791802708664,1.00321605692059,1.7396930066932699,0.4783555005605047,-0.31122271395962636,0.15012105915068114,-0.13262888536000175,-0.17396226015451358,-0.0820979288391301,0.008967993012476439,0.31122271395962636,-0.4783555005605054,0.9951306592913848,-0.25947596364157,-0.555114866549611,0.24027874969456073,0.6493539925053206,-0.8756195703398886,-1.3619827281933365,-1.648240234340335,-0.35630847989348147,0.08453045990652028,-0.17942508891434333,-0.1681792866700104,-0.23104172733766892,-0.24540631275998087,0.09387908442092041,-0.20711139779498602,-0.3759724034796717,-0.3944048900113141,0
-0.9460056132015023,-0.4370186087675581,-0.4445202009343899,-0.8681093238500562,1,0,0,1,0,0,-0.07911682151246661,-0.45071117707391406,-0.06748317567269331,-0.46441937689311324,0.010284814993144448,0.01228470361304279,0.07009761062546938,-0.48636870531536047,-0.0397764911346142,0.08879293071769272,1.1277761974732428,0.2780582038450423,-0.947055981415926,0.3134600664922551,-0.9111120085549598,0.8612263065538736,0.32836241859354703,1.3350222377032603,0.8989187262297652,-0.5122984218604396,0.21573317111200374,-0.24517569732143724,0.9198251776396241,0.20564503244526006,-0.16277491651990955,0.5122984218604396,-0.8989187262297659,-0.03541234474315745,-1.0850176963188372,-1.110069039790291,-0.5607922809744348,-0.40887938209301433,-0.5920746260821743,-1.1988643086375024,-1.592872065108806,-1.0384305451721696,0.029018475482663446,-0.4070549059059717,-0.5878472415426337,-0.06248019957332482,0.025363519036474696,-1.4922798914190887,-0.12479618717266176,-0.3759724034796717,-0.76555472453303,0
-1.100207187344929,0.28447883843337485,1.0038746524609323,-1.8947617391869185,0,1,0,1,0,0,-0.09173575851659908,-0.45071117707391406,0.6361418022831113,-0.5928795999659593,0.439380586744335,0.11156148192585431,1.0545616577559034,0.29180515112875915,0.3384223338083819,0.5256410752981321,0.24371414001402764,1.6827950289314033,0.8012101687892658,0.9491233138390255,0.07383521132768711,0.2043979821709499,0.6668049126966342,0.7561067835533551,1.5307508023525969,0.7769517052683067,-0.5180408239775856,-0.32654523378891215,-0.25723440751580073,-0.04891484406256269,0.42135079174226836,-0.7769517052683067,-1.5307508023525975,0.6887530094432773,-0.10937746679115769,-0.5187244289600577,-0.3411437725651945,-0.06751377738387422,-0.34003467563087314,0.758556726032511,0.06817301183707392,-0.6663639641110671,-0.7481493064513315,-0.7105613285614767,-1.3998135020570583,-1.2942759793896883,-1.2269469530221315,-0.44541496736468245,-1.1948939252628807,-1.0440026608476,-1.0129879475475077,0
-0.25209852955608386,0.7740663918911503,-0.15484123025532542,-1.161438585374874,1,0,0,1,0,0,0.43825959565696476,-0.5815423947043593,-0.19541498984647596,-0.41234090807979723,-0.4483149080250975,-0.1285809953443249,0.34968770394061427,-0.09333032513869288,-0.09663038874879883,0.9564632375176622,0.6806509645989214,1.8181317664606926,0.23401548434187663,-0.34268937105575176,-0.7926284112443798,-0.44257663886457244,0.16624211002910638,0.21004380691525557,1.1921218465220598,1.2973829492468834,-0.8286604464451803,-0.6659389420400081,-0.31264986157375996,-1.127277297434608,-0.6798126937733687,-1.2973829492468834,-1.1921218465220604,-0.3696425082138195,-0.7848207026180125,-0.20030810005147043,-0.39282577454383927,-0.3064697006802721,0.3215701943037938,0.4323198869208419,-0.09793149585751397,-0.4803306735805153,-0.8314172830871166,-0.7105613285614767,-0.350643614875499,-0.4514683405679659,-0.8377153198147269,0.15732544345452057,-0.8656330827735822,-0.3759724034796717,-0.45626319576493324,1
0.15910566815972013,-1.7254069073406524,-1.6032360836506476,1.478524768348486,1,0,0,1,0,0,-0.3945902466157784,-0.2530106704323524,-0.4001058925245282,-0.2659425457490312,0.007244268444436941,0.010943125527734526,-0.505721309646928,-1.465749050289667,0.26134035912826553,-0.7010518293311017,-0.8686613869948144,0.9107008413612278,1.3081375130973392,-0.5586944948055587,-1.3762560390434955,-0.5598229443051,-0.7105843245823684,-1.2312776144709208,-0.4125770209418648,1.6512761951523172,0.14497683537241957,0.6330834833090742,-0.9198290957898873,0.24247254078857963,-0.0728005951659941,-1.6512761951523172,0.4125770209418641,-0.5646101035717058,-1.3101654415944555,-0.19121049065408274,-0.44450777652248397,-0.6819718658603261,-0.30852968182446,0.35076067714292497,0.6218547041523672,-0.6663639641110671,-0.27629743884854874,-0.02767187758659086,-1.5092920989803518,-1.657331577651353,-1.4807936703313085,-0.6040308649486834,-1.5241547677521787,-1.0996718489615938,-1.0129879475475077,0
-0.25209852955608386,0.28447883843337485,-0.15484123025532542,-1.8947617391869185,1,0,0,1,0,0,0.43825959565696476,-0.5815423947043593,0.6361418022831113,-0.5928795999659593,0.0855019295978996,0.010943125527734526,0.038227923772388483,-0.17920675603221276,0.04205992019069001,0.15044634133147133,0.10635517315022862,1.137870114103891,0.35549098061804213,-0.2509656173211392,-0.7261925754701821,-0.46690790847609315,0.2783221838438566,0.45353456541480086,0.7577574583546642,0.8003845014165709,-0.30391874636596344,-0.48151688373001855,-0.5266947395077762,0.07273621205830615,0.3045212958445672,-0.8003845014165709,-0.7577574583546649,-0.3417899945912644,-0.7848207026180125,-0.45504116317834126,-0.6124742829530796,-0.47715250303484213,0.29006520049738066,0.02452383803125581,-0.319404172783631,-0.4803306735805153,-0.5538573609678327,-0.7864379342253526,-1.244718823082393,-1.2813097080232,-1.176177609560296,-0.28679906978068154,-1.1125787146405561,-0.9326642846196119,-0.8892713360402683,1
-0.894605088487027,-1.7254069073406524,-0.4445202009343899,1.478524768348486,1,0,0,1,0,0,1.1449200678883833,-0.6582967090475538,-0.4001058925245282,-0.2659425457490312,-0.9807624320094437,-0.30075018295888545,0.5649149027922957,-0.13859888860473393,0.4133722389876204,0.02951622575315415,0.48241472402586477,0.8696689300860203,0.13394469781749155,0.77839405346537,0.5243519733263822,-0.5242562697421037,-0.0731113246335615,0.33371519288426565,-0.09305301462755473,1.2784135428411474,-0.007765757200931205,0.715515620339656,-1.0919206907569567,-0.11237045475878792,-0.3013548345006322,-1.2784135428411474,0.09305301462755473,0.9951306592913848,0.7912135143113154,0.7913313242638433,0.369483754641173,0.32505666803163763,1.487254965141063,0.2692014673650073,0.34501385799472056,1.0079356506638961,-0.47058938433204756,-0.1035484832504671,-1.8377278897502307,-1.981488361813554,-1.886948418025992,-0.7309235830158842,-1.277209135885205,-0.9326642846196119,-1.3841377820692236,0
-0.25209852955608386,-1.7254069073406524,-0.15484123025532542,1.478524768348486,1,0,0,1,0,0,0.43825959565696476,-0.5815423947043593,-0.4001058925245282,-0.2659425457490312,-0.6903797310107336,-0.24172074720532183,-0.2139901345318058,-1.1329540084085523,0.4521710576837555,0.22497628197829286,0.7524191905474362,1.5345142917702157,-0.24204091062581926,-0.05721436822241024,-1.0421961915195845,-0.3849458168606868,0.5970819532722392,0.9571103119656768,1.4850143702886198,0.6200753015809853,0.24039056857242777,0.5109656660598695,-1.004966405585729,0.2881278013829264,-0.04374986493956315,-0.6200753015809853,-1.4850143702886205,-0.20252742647848845,-1.0850176963188372,-0.5824076947417753,-0.6770767854263857,-0.42594766232847037,0.3530751881102058,0.02452383803125581,-0.5962450189412776,-0.5423417704240322,-0.24854144663662048,-0.17942508891434333,-1.6643867779550168,-1.8129268340492097,-1.6161785862295364,-0.667477223982284,-0.8656330827735822,-0.7099875321636356,-1.3841377820692236,1
0.6217103905899984,-1.9057812691408853,0.5693561964423357,-0.13478617003801185,1,0,0,0,1,0,-0.43244705762817587,-0.19195610220481132,-0.8350740607153893,1.5215062338546692,-1.8364317992282138,-1.3234798766588853,0.8225966552351629,1.172765996435149,-1.369791667724056,0.7245931120290968,-0.6476984565483949,0.7425556101928069,1.4297187658645367,-0.28869537955743335,0.4210193554132603,-0.1247737648445455,0.21766609491303532,-0.3683635151313558,0.5538927426062359,0.4634132099205562,-1.4323016949872103,-1.187890187123193,1.7471654975385322,-0.7630445737723183,0.48240443878463635,-0.46341320992055685,-0.5538927426062367,-0.09111737198826762,0.7161642658861095,0.8732098088403377,0.6666552660183818,0.7346953936826055,0.16404522527173035,1.4925896140337656,1.2862727349307197,0.6358690696027934,-1.2755131584779709,-0.9381911455531051,0.9630995482040194,1.8305954199339287,1.3284433345569153,0.15732544345452057,-0.6186874509066087,-0.48731077970765985,1.3376276710900281,0
0.15910566815972013,-0.10203765113855341,-1.6032360836506476,-0.13478617003801185,1,0,0,1,0,0,-0.40720918361991093,-0.2442885892569894,-0.3361399854376369,-0.32438616075064136,0.11193710539989479,0.06281747815965406,-0.5987689502652145,-0.34867338698697903,-0.46133174923393916,-0.7813757421448777,-1.5753069549866254,-0.5818996560104754,1.6852682934398642,-0.5060937311506578,-1.0034978474188443,-0.7332430596264047,-0.8209229368464837,-1.4729518932301677,-0.4215365193479638,-0.3755669404878874,0.3269199079509444,-0.5267169482961749,-0.10618260532555983,0.24157508577737943,0.6099253567450577,0.3755669404878874,0.42153651934796316,-0.48105256270404034,-0.9349191994684248,-1.6069330893092284e-4,-0.37990527404917784,-0.6649035856248688,-0.18250970659880966,0.6769975162545934,1.009431888773073,-0.5423417704240322,0.1400424443303771,-0.6346847228976005,-0.5331079430809875,-0.5033334260339178,-0.38079122865820925,0.09387908442092041,-0.8656330827735822,-1.0996718489615938,-0.6418381130257917,1
-1.8969153204192981,-0.87507063028241,-0.15484123025532542,-0.4281154315628296,1,0,0,1,0,0,-0.6091121756860305,0.011559125220325652,-0.5408308881156891,-0.09003305109071949,0.20494674704970858,0.07846922248825047,0.6893298217481862,0.6762295908502076,0.532305383147735,0.6852385159708431,0.6011318401951888,0.9283817649017877,-0.12859125630219567,0.2641797000160572,0.1533118691583662,0.1847618502985269,0.21758527668836097,0.5785981440598627,0.6912331826893902,0.5806453452778549,-0.6945646537676685,-0.7745618705760577,-0.542011449913744,-0.7099591914125853,-0.2166123605820914,-0.5806453452778549,-0.6912331826893908,0.15955525061472892,0.04072103005925432,-0.2821865846279648,-0.1473362651452761,-0.05044549714841698,0.006520256239666901,-0.05703537174666111,-0.3747723420151606,-0.17027518936292965,-0.8036612908751883,-0.9381911455531051,-0.9162830323125138,-1.0219842806934394,-1.1931007240475748,0.030432725387320277,-0.6186874509066087,-0.4316415915936655,-0.6418381130257917,1
0.030604356373531493,1.289421711320388,-2.327433510348309,-0.4281154315628296,1,0,0,1,0,0,-0.23054406556205628,-0.3873307205329428,-0.3745195296897717,-0.315706415948422,-0.16508329654252002,-0.05389981526216489,-1.0013506897921367,-0.24064879584265988,-0.5843839593080964,-0.6022136352133808,-0.4502128629871307,0.08139083916405003,0.43492686676917003,-1.3380673388792115,-1.0244443426348755,0.6551829210377988,-1.0615979384782295,-0.6714259569631744,-0.16027754582615011,0.26996871572628706,0.05542139069289089,-0.6959678288551607,1.4572680993956497,-0.23911057387946413,-0.07021799302324962,-0.26996871572628706,0.16027754582614942,-1.3444804850032512,-1.1600669447440433,-1.0372881646111858,-0.5866332819637576,-0.9379960693921812,-1.0961545269847772,-0.05703537174666111,0.012804842605544792,-1.1004416420156866,0.1400424443303771,-0.5588081172337243,0.38833691435672935,1.1174504947770867,0.9392117013495113,-0.9847090191502859,0.03983423407198747,0.18071947766026855,0.22417816752487937,0
0.2876069799459088,-0.9523739281967958,-1.8929150543297122,0.5985369837740325,1,0,0,1,0,0,0.43825959565696476,-0.5722388414506387,-0.31055362260288033,-0.34000970139463615,-0.5734162707260992,-0.17732499911052518,-0.12336173806724601,-0.7780647714350825,0.5384499783311475,0.820308342506587,0.7264076602862691,-0.3562838222220733,-0.8945795438814094,-0.2142485676658277,-0.40399389393097834,-0.6782525946076823,0.3935365723912968,0.2802991530033547,-0.8350596325743129,0.3422733367180179,-0.04253714465765455,0.6632061024779976,-1.4176576057095824,-0.717959520181282,-0.6707079677837826,-0.3422733367180179,0.8350596325743123,-0.5367575899491508,-0.7848207026180125,-1.4739734156858193,-1.5298298180740268,-1.3305665148076924,-0.5605696322757617,-1.1173050988595852,-0.9284540343304539,-1.0384305451721696,-0.026493508941193386,0.6552175733882943,0.0963939892279486,-0.6589286824317738,-0.8715615487892844,1.1724671879921262,0.5337254978059351,0.793080546914203,0.16231986177126023,1
-0.5091011531284612,-0.7719995663965628,-2.617112481027373,0.5985369837740325,1,0,0,1,0,0,-0.3945902466157784,-0.2454515334137045,1.339766780238916,-0.6715759528394145,1.0367736401591106,0.3302387098311013,-1.8196339681159008,-1.126908895684304,0.3618942971536191,0.23922112627734057,0.9504113387359139,2.13826652115506,-0.018280940197550492,-1.380818276916699,-0.21816481082144723,0.26640931751204444,0.13288164251370102,0.2753503721231312,2.0332881352410537,0.899750088678983,1.1505479748575547,1.3281651068353468,-0.227005956056749,-0.19140914627851782,-0.9667552418921043,-0.899750088678983,-2.0332881352410546,-1.17736540326792,0.26586877533487285,1.5828233418366175,1.5064877981713616,1.5027680042781708,1.0146800580448727,2.3081817118129377,1.2309045656991897,1.1939689411944467,1.5000860627148682,1.793366658346437,1.127317443588959,0.8192262533478623,0.6853649840403343,0.09387908442092041,0.4514102871836102,1.0714264874841732,0.8427612250610729,1
0.030604356373531493,-1.4419614816545723,-0.15484123025532542,1.0385308760612593,1,0,0,1,0,0,-0.6217311126901629,0.017373846003900996,-0.2849672597681238,-0.36199838822692515,0.6294993601968331,0.2931217161375727,0.7466705536661661,1.1259163946833486,0.35802551311244346,0.933797764820047,0.4183073668041601,1.3947125801836655,0.8872210998521154,1.3218790605766124,1.4665649925629782,0.42507271595178997,0.5974072919491181,0.014412634250531485,0.633698674005907,1.2737269836114935,0.2825424012528894,-0.07618297139634843,-0.0622757846752987,-0.6691216923246276,-0.5297489316983056,-1.2737269836114935,-0.6336986740059076,0.8280155775560533,0.8662627627365218,-0.9645072894320803,-0.625394783447741,-0.3747428216220998,-1.411204465048904,0.5138790966987595,0.2342775195316623,-0.8523972546416179,-0.10976148557697851,-0.482931511569848,-1.281211688723491,-1.112748180258855,-1.2607931819966884,-0.8895394805998851,-1.3595243465075295,-1.0440026608476,-1.3841377820692236,0
0.2105061928741954,-0.8235350983394863,-0.15484123025532542,-0.8681093238500562,1,0,0,1,0,0,1.2332526269173105,-0.6687632064579894,-0.2977604411855021,-0.34058835104811747,-0.8773799563863852,-0.25111179380247967,-0.06042815958390293,-0.8197181919958935,1.50956876849295,-0.22673881435515988,0.6794076976310528,1.7364177676239765,0.5214528498906434,0.026772552109561233,0.023362629803073402,0.6838296916898274,-0.8544177409987964,-0.4294634509008186,-0.1227108960387,2.4899699064517127,0.1107776455024351,1.1484931133738825,-1.3764481855187451,-0.540916495912527,-1.3025507530943738,-2.489969906451712,0.1227108960386993,-0.3696425082138195,-0.4846237089171882,-1.5285590720701494,-1.0130097982875779,-1.2452251136304073,-1.3796994712424915,-0.13859458152457876,-0.09793149585751397,-1.4104971262332722,-0.3040534310604773,0.35171115073279,-1.5184153153906257,-1.8518256481486735,-1.886948418025992,-0.826093121566285,-1.5241547677521787,-0.6543183440496418,-1.3841377820692236,0
1.6497208848795075,0.026801178718756015,0.27967722576327125,-1.6014324776621007,1,0,0,1,0,0,-0.15483044353726144,-0.4367558471933332,-0.7583149722111197,0.27451623060249236,-1.2683081885176524,-0.5480477433507088,0.7589067784935066,-0.7448106117755666,0.08582884136658664,0.07880923846482792,-0.3308181553240052,0.4707982401772445,0.45421603923596143,-0.05881847252367306,-0.749210452930161,-0.02914936673839478,-0.3223846338971949,-0.8569661207864897,0.03622492998512883,0.6061852033378367,-1.1140490740432765,0.27173335426351947,-0.14662320384920427,-0.4261372812427622,-0.40658081796714596,-0.6061852033378367,-0.036224929985129536,-0.23037994010104354,-0.8598699510432187,-0.6915790075104341,-0.5995537824584191,-0.6819718658603261,-1.0016395455655394,0.4323198869208419,0.4557501964577793,-0.8523972546416179,-0.9701972441467586,0.5034643620605421,0.6985262723060605,0.5080357405521495,0.2961333508329291,0.5380035976561225,0.2044646553166367,0.5704037944582268,0.34789477903211874,0
-0.6890029896291251,1.907848094635473,0.27967722576327125,1.0385308760612593,0,1,0,1,0,0,-0.5333985536612357,-0.09019848849224284,4.5508553160008605,-0.7734182918521213,1.877506750038491,0.5283450737616215,0.14984050278705296,0.5871498264841338,-1.4476467489294382,0.9068248262044789,0.9602929879933608,0.1595693498158783,-0.6467326821121694,1.0944263543166461,-0.016537056973071645,-0.0932792400753392,0.9697277496934904,1.115677938780166,0.20465562353765385,0.01465860574169185,0.8851810513531453,-0.8224480240003711,1.8852449617796116,-0.26349639984854234,-0.1591855575390106,-0.01465860574169185,-0.20465562353765385,1.357213336384602,0.26586877533487285,0.8823074182377254,0.6924962670077037,1.0931292786272029,1.109195039464111,0.10608304780917345,0.012804842605544792,1.5660355222555504,1.3890620938671545,-0.4070549059059717,1.6108479133335034,2.5437403450907716,2.242291516869952,-0.857816301083085,0.8629863402952329,0.9600881112561845,1.3994859768436472,0
-0.04649643069818187,-0.5916252045963298,1.0038746524609323,0.3052077222492148,1,0,0,1,0,0,-0.6343500496942954,0.03772536874641469,-0.5920036137852022,-0.03216808574259063,0.16770777687585575,0.05387362425759897,0.1881751926973951,-3.528726339469421,0.9792137016682118,-0.707905420225494,0.24712512243614512,2.0954109789520983,0.44164118153760007,0.9842205613251389,-1.7420003327891307,0.3253658958304527,0.7460427029186045,0.9691751868727598,1.2994551316290601,1.56910687884258,0.7217594020211305,3.0981899505533135,-1.0116565868914036,1.6960977260057788,0.6249361729790532,-1.5691068788425793,-1.2994551316290608,0.6887530094432773,-1.685411683720486,-0.600602913536552,-0.354064273059855,-0.05044549714841698,-0.37153966943728567,-0.22015379130249568,-0.762349526635866,-0.790386157798101,-0.24854144663662048,0.9587239960437993,-2.695310232316028,-2.6168356587714676,-2.0561795628987762,-1.6826189685198898,-2.018046031486126,-1.823371294443516,-2.250154062619895,0
-0.1749977424843705,0.38754990231922204,-0.4445202009343899,-0.4281154315628296,1,0,0,1,0,0,-0.44506599463230834,-0.18032666063766065,-0.3617263482723934,-0.3214929124832349,0.13982363450128532,0.1097727111454433,-0.482486358329401,-1.2835525491843893,0.9630086944895171,-1.155530858553339,-0.5264194501963754,0.9342075922190197,1.037512014440244,-0.5172418832935335,-0.9310691883470106,0.04180278078566231,-1.034557271230202,-0.5434196518070611,0.4073962731842086,0.8700970699576539,0.15408703096556325,0.8289914817757392,-1.2744573831046242,0.535198360566023,0.1538275452191629,-0.8700970699576539,-0.40739627318420935,-0.28608496734615396,-0.6347222057676005,1.1097476531724306,0.9638267773955896,0.4445346296798359,1.0146800580448727,1.247911984700014,1.1201682272361313,0.44983577907224165,-0.3595654154843339,-0.02767187758659086,-1.8468511061605053,-2.0592859900124822,-1.785409731102321,-0.6040308649486834,-1.3595243465075295,-1.211010225189582,-1.6315710050837011,0
0.10770514344524394,2.2428290522644785,-1.6032360836506476,-0.8681093238500562,1,0,0,1,0,0,-0.06649788450833415,-0.4466408725254113,-0.7711081536284979,0.29766221674174387,-1.4364461367432053,-0.5735377269715658,-0.8868744121189789,1.3987493147819168,-0.17857888354338325,-1.0805936033563266,-1.9641952259924742,-1.9509027410121418,1.1302318906423483,-1.1188945966357795,1.3720320076839425,-0.6539005349993493,-0.48054374626508806,-1.1746162039187944,-0.10086982058087872,-2.560757196099982,0.11523416154277637,-0.5453557855625001,-0.4129836595153362,0.9833132911512847,1.4067658895132242,2.560757196099982,0.10086982058087801,-1.0102503215325889,1.4666567501381707,0.4001341201761507,-0.018131260198663828,-0.20406001926752979,0.06953024385249205,0.758556726032511,0.8986955503100138,-0.23228628620644656,-0.3318094232724056,-0.9381911455531051,-1.6370171287241937,-1.553601406719449,-1.159254495073018,-0.3502454288142823,-0.28942660841731066,-1.211010225189582,-1.7552876165909395,0
-0.27779879191332196,-0.7719995663965628,-0.4445202009343899,-1.6014324776621007,1,0,0,1,0,0,-0.4955417426488382,-0.12508681319369488,-0.7455217907937414,0.1992917756499248,-0.7344913508946546,-0.2502174084122742,-0.18988644407312877,-0.3117248813548034,0.5654742723832645,0.2385112640753006,1.0919322219824799,1.0697991020155222,-0.3538504329866126,-1.2382744523210791,-0.9230090728084168,0.6383984066943538,-0.779779253353907,0.2058531924446925,0.30418285154596364,1.1573935323539142,-0.9732275197841508,-0.49679804434846975,-0.1314934420279953,-1.0954290897453745,-1.2185897906619902,-1.1573935323539142,-0.30418285154596436,-1.2330704305130304,-1.009968447893631,-0.7097742263052108,-0.3023822710812103,-0.5795621844475838,-0.30852968182446,-0.05703537174666111,-0.2086678343205727,-0.6663639641110671,-0.8869292675109735,-0.4070549059059717,0.22411901897178985,0.11904759955750843,-0.33002188519637315,-0.12818317219668063,-0.12479618717266176,0.514734606344233,-0.1469716669968365,1
1.572620097807795,-0.8235350983394863,-1.168717627632051,-1.6014324776621007,1,0,0,1,0,0,0.17326191857018283,-0.5257210751820359,-0.6047967952025805,-0.020595092672964856,-0.923865887798175,-0.3883999511990254,-0.026143798460448318,-0.27462017955338364,-0.5626998875125186,-0.331650383902381,-0.5384812025200933,-0.11938784025263027,0.7529884113213013,-1.2042099199550234,-0.9399875291439954,0.20783298409404127,-2.046152885313904,-1.600669120743162,-0.591162492785821,0.42347698798565403,-1.166878775076507,-0.5647340568653837,0.9780817024653663,-1.5808919028853752,-0.862689915528215,-0.42347698798565403,0.5911624927858203,-1.2330704305130304,-1.0850176963188372,-1.0008977270216337,-0.7545997883943533,-1.4329761962204342,-0.8756195703398886,0.35076067714292497,0.7325910426154264,-1.3484860293897554,-1.1367331974183288,-0.6346847228976005,-0.40538291333714505,0.13201387092399572,-0.5161761445564365,-0.7309235830158842,0.2044646553166367,0.45906541823023866,-0.3944048900113141,0
1.135715637734753,0.2587110724619126,-0.15484123025532542,-0.4281154315628296,1,0,0,1,0,0,-0.6722068607066928,0.06098425188071606,-0.5280377066983108,-0.09234764970464464,0.44498297934688336,0.11826937235239564,-0.26585254239143974,-1.510972889348826,0.23144973457952212,0.4965376736923462,0.7010351751816524,0.30890306998419736,-0.49156040442367466,-0.7638389996058377,0.4370735834936222,0.8185126173108846,0.18375462156266045,0.5463388486036298,0.5444209881177442,-0.11864316273067908,-0.39354449660202173,2.5117084305660597,0.5061267025593357,-0.48858242597042145,-0.3779865121773426,0.11864316273067908,-0.544420988117745,-0.8988402670423681,-0.03432821836595151,-1.1464594773798444,-0.6124742829530796,-0.5112890635057554,-1.1276595207911904,-0.38327221085833024,-0.6516131881728072,-0.9144083514851348,-0.49834537654397587,1.9451198696741894,-0.615216890773458,-0.2829068128036209,-0.44848368660732285,-0.857816301083085,0.12214944469431245,0.06938110143228039,-0.6418381130257917,0
1.3927182613071303,-1.596568077483343,1.0038746524609323,-0.4281154315628296,0,1,0,1,0,0,-0.33149556159511606,-0.32685762438375926,-0.15703544559434116,-0.43317229560512366,0.19833084053262584,0.08338834213438077,0.5364327297426081,1.2703168809478038,0.4222860848100468,0.8775357201786839,1.4567812933182882,1.1521360323199465,-1.0002352404103503,0.8294300638752656,2.494852939094656,-0.8714921244713165,1.6779221056055644,1.039643723944191,0.6006469349749696,0.9756618166055823,0.0828339780202267,0.7557391209198459,-1.4530447633165047,0.47830469333974024,-0.8788772823834422,-0.9756618166055823,-0.6006469349749702,0.8001630639334981,2.367247731240644,0.09081540066495114,-0.37990527404917784,0.2738518273252659,0.6996301199807459,-0.9541866793037505,-1.2606630497196296,0.015758101167622184,-0.47058938433204756,-0.17942508891434333,-2.084054732827641,-2.3056451459757548,-2.0392564484114977,-1.3865359596964213,-1.30464753942598,-1.0996718489615938,-2.3120123683735136,1
0.8787130141623758,-1.3388904177687242,0.5693561964423357,1.478524768348486,1,0,0,1,0,0,0.021834674520593164,-0.49432158295072914,-0.4896581624461761,-0.165257506043287,-0.5722915871149916,-0.25245337188778794,-2.6420289646500607e-4,-0.4529460748842433,0.007232234873388133,-0.21635103557433402,-0.17352516536424176,0.002406218898514238,0.20095804071652001,0.777216891882561,-0.5344235446959782,-0.17676470735370273,0.75445886370151,0.4292423024200696,-0.45503125954306783,0.45457625868389784,0.7769533412607045,0.08630892738231671,-0.18751819112030388,1.0403847857518498,0.6446627766139947,-0.45457625868389784,0.4550312595430671,0.438080386840281,-0.7097714541928067,-0.8098479296764806,-0.7675202888890147,-0.4600842227993849,-0.5605696322757617,-1.0357458890816678,-0.983822203561983,-0.6043528672675491,0.5286263352973745,-0.1035484832504671,-0.5331079430809875,-0.5422322401333817,-0.1269445113490324,-0.3502454288142823,-1.277209135885205,-1.266679413303576,-0.7036964187794109,0
-0.5348014154856993,-0.5400896726534062,-0.8790386569529866,-0.8681093238500562,1,0,0,1,0,0,-0.7983962307480176,1.1919474442861202,0.29072590401389814,-0.5396438318456808,2.2276305679663553,1.3337391176416828,1.0070172273474212,-0.6910871751371102,-2.527560851396155,1.9024014882291291,1.7053594709873086,0.9471076384214686,-1.3824972282242007,0.31365824709551077,-0.049751003033044625,-1.4370473552786893,0.8299380004535629,0.6286007612476194,0.6912331826893902,0.6061852033378352,-1.086878343368461,0.8986993735579596,2.0111663539118334,-1.7470693634330925,-1.6033445377614024,-0.6061852033378352,-0.6912331826893908,0.911573118423719,0.641115017460903,2.165070343269463,0.8733832739329616,1.2126072402754011,3.283039612106586,1.247911984700014,0.954063719541543,2.3101686843777554,-0.9701972441467586,1.0346006017076752,0.4521994292286506,1.4805060930387524,0.5330569536548284,-1.6826189685198898,0.9453015509175579,1.461110804282131,-0.332546584257695,0
0.15910566815972013,-1.9057812691408853,-1.6032360836506476,-0.13478617003801185,1,0,0,1,0,0,-0.40720918361991093,-0.2442885892569894,-0.630383158037337,0.01412388653591246,-0.42995685389611715,-0.1987902484754574,-0.5376931512755847,-0.9243604721887076,-0.8102561859577494,-0.6971511936839186,-1.2437343470898847,-0.8041961023538754,0.8599901915369684,-0.388925985927763,-1.0054668118422465,-0.722274722798972,-0.4890905070324038,-1.0314295535429223,-0.38662849897585155,-0.7133741297612541,0.3590651531873556,0.2614591775761705,0.38183090944291126,0.456832511651019,0.6099253567450577,0.7133741297612541,0.3866284989758509,-0.3696425082138195,-0.9349191994684248,0.00893691608845806,-0.3669847735545164,-0.5283573437412127,0.006520256239666901,0.2692014673650073,0.5111183656893089,-0.4803306735805153,0.16779843654230542,0.04820472807728505,-0.5331079430809875,-0.2699405414371327,-0.07617516788719629,-0.4771381468814831,-0.20711139779498602,-0.5429799678216537,-0.45626319576493324,1
0.9815140635913272,-0.3854830768246345,-0.8790386569529866,-0.13478617003801185,1,0,0,1,0,0,-0.6469689866984278,0.03772536874641469,-0.11865590134220637,-0.43838014248645524,0.8789493179916167,0.3678028962197327,-0.011175270711332685,0.5370342775058352,-1.2001030098172778,0.16504796131760155,0.3186239499586966,-0.9019718655463369,-0.9373387471591428,0.5749072937780342,-0.2626484132814093,-1.9695052678574991,0.7516973109446184,0.8198565664172041,-0.1602775458261487,-1.0712207285677868,0.5899800799773571,-1.0002118142636596,-0.3385818377237979,0.5224010383205331,0.3862036251120959,1.0712207285677868,0.160277545826148,0.18740776423728422,-0.5596729573423944,-1.06458099280335,-1.77531932747259,-1.467112756691348,1.0461850518512859,-1.2804235184154193,-1.3713993881826885,-0.9764194483286528,0.05677446769459199,-1.2416975682086098,-1.5001688825700765,-1.4109724216880806,-1.159254495073018,-0.826093121566285,-0.12479618717266176,-0.5986491559356475,-1.569712699330082,0
0.08200488108800677,1.289421711320388,-0.8790386569529866,-0.4281154315628296,0,1,0,1,0,0,-0.6974447347149578,0.14355328700748593,-0.3745195296897717,-0.315706415948422,0.8047602167982526,0.3543871153666501,-0.48565425325469136,0.4723961965154889,-0.5685267376305756,-0.9160266852187128,-1.1532181779309112,0.3106123645550357,1.741047034433603,-0.3204721742728999,-0.07364280045761439,0.3618249011058698,-1.3263711386151955,-1.5229888632227522,0.2567889334467663,0.16895808102739213,0.3551020407609491,-0.7221523457727547,1.14079422745041,-0.07771396174693405,0.012337912075724546,-0.16895808102739213,-0.25678893344676695,-0.48105256270404034,-0.3345252120667762,-0.8280431484712572,-0.5349512799851129,-0.9892009100985523,-1.2851844898232538,1.5741488238116832,1.5631135810883663,-0.9144083514851348,0.27882240539001907,-0.7105613285614767,-0.14080963743918734,0.45617065508619664,0.39767203775660004,-1.0481553781838862,-0.20711139779498602,-0.15329565102369538,-0.2706882785040748,1
0.2876069799459088,-0.7719995663965628,-1.8929150543297122,-0.13478617003801185,1,0,0,1,0,0,0.43825959565696476,-0.5722388414506387,-0.054689994255315046,-0.46441937689311324,-0.32199744086322035,-0.08117856966343293,0.11387499008114474,-0.7021792903200871,0.9648310471656264,0.17079209668044984,0.4387748830771453,0.6026404604149301,-0.10715624104771973,-0.17863503374731415,-0.6475746142934379,-0.7051137200541852,0.3288582885549759,0.19963420848856014,-0.20509389995854704,1.0253393444399002,-0.33683596666036286,0.3150370796624971,-2.0275276512533473,0.09536114554012753,-0.3755248884803211,-1.0253393444399008,0.20509389995854635,-0.48105256270404034,-0.9349191994684248,-1.3466068841223853,-1.4393863146113988,-1.262293393865864,-0.4660546508565234,-0.709509049969999,-0.7069813574043363,-1.0384305451721696,-0.3318094232724056,0.27583454506891375,-0.040454256926167845,-1.0738493661593913,-0.9731002357129547,1.3628062650929278,-0.5363722402842841,-0.09762646290970158,-0.023255055489598248,0
-1.4343105979890196,-0.514321906681944,1.0038746524609323,-2.6280848929989626,1,0,0,1,0,0,-0.2684008765744537,-0.3663977257120716,-0.4128990739419065,-0.2416392603028171,-0.17673452384362007,-0.09504154321161831,1.1739374410202559,0.21876435674919462,-0.2842634466429159,-0.5379588253285903,-0.7634097488889909,-2.5988032876788543,-0.5149450472477302,0.3454510566111186,0.019916213559448188,0.008466448681414412,-0.43782278780164824,-0.43129308300949043,-1.089198340570375,-2.4642040741659033,-1.2872179631043186,-0.2803093195780284,0.39710561886632384,0.29261008503173813,0.5713963111131394,2.4642040741659033,1.089198340570374,-0.06326485836571254,-0.40957446049198204,-1.2920212277380552,-1.0905328012555453,-1.176951992688579,-1.0016395455655394,-1.1173050988595852,-0.8177176958673952,-1.2864749325462383,-1.1367331974183288,-0.02767187758659086,0.8080048692293539,0.9099901529132779,0.9899810448113461,0.5380035976561225,1.933084078385452,0.6817421706862145,0.40975308478573785,0
-0.6119022025574117,-1.7254069073406524,-1.168717627632051,1.478524768348486,1,0,0,1,0,0,-0.7605394197356201,0.4127748592870243,-0.438485436776663,-0.22254382173793458,1.110896751962668,0.4894393092876819,-0.6409949799004145,-0.8213086951015058,1.7854606029238416,-0.7838121493936069,-0.2562402916907368,0.03421495227674223,-0.06597849926505044,-0.8341993871043254,-0.040904570717149924,1.5265806516393623,-1.0040220780764866,-0.5819977298732419,-0.007768161614413057,0.05436948222367098,0.05779692457633671,1.0862946581402537,-0.9067181254603999,0.0633085406154522,-0.23508257774113925,-0.05436948222367098,0.007768161614412348,-0.9545452942874786,-0.40957446049198204,-1.1464594773798444,-0.3023822710812103,-0.6649035856248688,-1.757759396919444,-0.13859458152457876,-0.1532996650890431,-1.2244638357027204,-0.3595654154843339,0.27583454506891375,-1.582277830262547,-1.709196663117305,-1.5823323572549794,-0.6992004034990842,-0.20711139779498602,-0.2089648391376897,-1.4459960878228426,1
0.030604356373531493,1.4955638390920825,-1.6032360836506476,0.5985369837740325,1,0,0,0,1,0,-0.7353015457273552,0.27322156048121604,-0.1826218084290977,-0.4256498501098669,1.233403631595423,0.5390776984440877,-0.7695147121884294,0.5223983781094553,-0.2951788481710201,-0.7081304398982663,-0.5110454414877462,-0.7855773364455649,-0.04017078173236397,-1.0666558571942666,0.46167836611544216,-0.10939510559426384,-0.41202102080887537,-0.5167403764694053,-0.591162492785821,-0.4851260289008703,0.00423897487715817,-0.25450891614776405,0.29358784290126444,0.5480855482362759,0.15988770060865826,0.4851260289008703,0.5911624927858203,-0.8709877534198129,0.8662627627365218,1.1552357001593716,0.9121447754169449,0.683490552976235,0.6996301199807459,0.35076067714292497,0.7325910426154264,0.6978801664463103,-0.08200549336504998,-0.3311783002420958,-0.3050275328241268,-0.11434528503927678,0.10997909147286698,-0.7309235830158842,0.4514102871836102,0.23638866577426285,-0.332546584257695,1
-0.8432045637725518,1.907848094635473,-0.8790386569529866,1.0385308760612593,1,0,0,1,0,0,-0.5586364276695006,-0.06693960535794147,4.5508553160008605,-0.7734182918521213,1.934784351949228,0.5462327815657317,-1.1793375101645731,0.42969413106005727,-0.9081397933598946,0.06578259106464641,-0.3163931844398877,-0.14061131108599909,0.11379687191298359,-0.6924693442538877,0.010158122806459328,0.6355708591245799,0.2573071700035931,-0.08793853932573464,0.21054164239835904,-0.4005896952488784,0.9479903064808559,-0.5795924955245083,1.8801449395863565,0.16627334862796905,0.3254717676296223,0.4005896952488784,-0.21054164239835974,-0.7874302125521474,-0.25947596364157,-0.8098479296764806,-0.39282577454383927,-0.27233314020935756,-1.348194477436079,-0.30171300108041293,-0.4301405112466897,-0.9144083514851348,1.5000860627148682,-0.1035484832504671,1.7203265102567968,2.6474705160226755,2.580753806615521,-0.667477223982284,0.7806711296729086,0.6260729825722207,1.5850608941045057,1
1.7525219343084582,2.2428290522644785,-0.4445202009343899,-0.8681093238500562,1,0,0,1,0,0,0.791589831772674,-0.6146863031707387,-0.7711081536284979,0.29766221674174387,-1.929455270084812,-0.7027764158562619,-0.61243554624933,1.2111353849585667,-0.3698118525786645,-1.3132956533251094,-1.8081442618144594,-2.3354539142283275,0.9530404858497523,-0.6953488235566627,0.9099697860647975,-1.0562314532258508,-0.9800002873542256,-1.1496878782299875,-0.8414861286385814,-2.350704894096452,0.15682218394134387,-0.750733569233769,-0.555865556673517,0.8024261914773448,1.228229651465484,2.3507048940964523,0.8414861286385807,-0.8431352397972577,0.340918023760079,-1.1373618679824566,-1.4264658141167375,-1.6548638392813753,-0.37153966943728567,-0.13859458152457876,0.2896456887631914,-1.0384305451721696,-0.3040534310604773,-1.0899443568808573,-1.6461403451344683,-1.6184327635518894,-1.277716296483967,-0.28679906978068154,-0.28942660841731066,-1.1553410370755877,-1.8171459223445585,0
-1.8969153204192981,0.15564000857606544,-0.15484123025532542,-1.6014324776621007,0,1,0,1,0,0,-0.81101516775215,1.5262938893417024,-0.42569225535928473,-0.24048196099585453,1.8537396502128838,1.3596762939576426,-0.9425622960425907,-0.07400311600850021,1.8048806040252632,-0.24729866533813433,1.182731977876306,0.21786796750389437,-1.3140613744884757,-1.4295252104550962,-1.2247423671714648,1.5557112108855253,-0.6834846819863388,0.5967026155315441,-0.24687185720061178,0.5419904249708541,-0.11770892954742469,-1.1253484182184579,-0.9039925148379617,-0.3436471683435865,-0.9550455313528075,-0.5419904249708541,0.24687185720061106,-1.2609229441355856,-0.9349191994684248,1.1825285283515359,1.9328643144951818,1.4856997240427134,0.5106001571422693,-0.6279498401920818,-0.5962450189412776,1.5660355222555504,-0.16527347000083534,-1.0899443568808573,-0.19554893590083341,-0.62002986833231,-0.7023304039164997,-0.033013633646279864,-0.04248097655033679,0.23638866577426285,-0.6418381130257917,1
-0.5091011531284612,-0.7719995663965628,-2.617112481027373,-0.13478617003801185,1,0,0,1,0,0,-0.3945902466157784,-0.2454515334137045,-0.054689994255315046,-0.46441937689311324,0.3756265585919498,0.17014372498431518,-0.7207486350962234,-0.10036270967974663,1.5944820241070694,-0.02334289009683756,0.6168166897126957,2.928186162368801,0.7242342030017694,-1.1943739034584846,-0.15591154144646682,0.20181962907910664,0.20931342217920046,0.5945917605577664,2.5158990295084,1.4984586571476979,-0.19118580938886387,-0.018437790870870545,-1.9769010786046932,0.23908634499002196,-0.22138877953014957,-1.4984586571476979,-2.515899029508401,-1.038102835155144,0.11577027848446049,0.8641121994429487,0.8475422729436388,0.9053781960371756,0.8571550890128092,2.063504082479186,0.7879592118469556,0.5118468759157585,-0.19302946221276363,-0.02767187758659086,-0.02220782410562002,-1.0349505520599276,-0.8884846632765624,1.3945294446097283,-0.9479482933959068,-0.3759724034796717,0.16231986177126023,0
-0.6119022025574117,-0.8235350983394863,-1.168717627632051,-0.8681093238500562,1,0,0,1,0,0,-0.7605394197356201,0.4127748592870243,-0.2977604411855021,-0.34058835104811747,1.3002712888661887,0.5806666190886439,-0.6804123003993467,-0.9564203715584415,2.375462687632432,-0.3855105297225891,0.6299786136352676,2.0528817537830943,0.6011500603180283,-0.8898612005021019,-0.164655079136104,1.569622458520631,-0.8674668752413544,-0.3376225190883377,1.0994917511557436,1.7094233342895349,0.056991040150156116,1.1477691315713148,-1.670017875464238,-0.3393654496892098,-1.1486257285348127,-1.7094233342895355,-1.0994917511557445,-0.9545452942874786,-0.40957446049198204,-0.8280431484712572,0.020630241285320403,-0.32353798091572933,-1.5057194464681423,0.6769975162545934,0.17890935030013266,-1.1624527388592034,-0.22078545442469194,0.5793409677244183,-1.0348848456460813,-1.6184327635518894,-1.6161785862295364,-0.2233527107470814,-1.1125787146405561,-0.48731077970765985,-1.136704559054746,0
2.2408269190959764,0.38754990231922204,-0.8790386569529866,-0.4281154315628296,1,0,0,1,0,0,-0.7479204827314877,0.2964804436155174,-0.3617263482723934,-0.3214929124832349,1.1193907686194995,0.47647072112970207,0.20011838251442526,-0.8838468752587463,0.5920986194936434,0.0267812101385749,0.5262464107536664,1.11434126905501,-0.048147322583979094,0.26179895662212166,-0.37328322564525607,-0.455329009831986,0.9831420850281118,1.1036233868327823,2.00124968809791,-0.4649864905896614,-0.01668304953405908,0.839160633047498,-1.2669803913878162,0.9386871750693901,0.3933273269740506,0.4649864905896614,-2.0012496880979107,-0.20252742647848845,-0.7848207026180125,-1.5558519002623137,-1.5039888170847049,-1.1257471519822078,-0.49755964466293656,-0.22015379130249568,-0.983822203561983,-1.658541513607341,-0.5261013687559044,-0.1035484832504671,-2.0384386507762686,-2.2019149750438505,-1.8192559600768776,-0.794369942049485,-0.7833178721512579,-1.0440026608476,-1.8790042280981787,1
-0.27779879191332196,0.2587110724619126,-0.4445202009343899,-0.4281154315628296,1,0,0,1,0,0,-0.4955417426488382,-0.12508681319369488,-0.5280377066983108,-0.09234764970464464,-0.03614357219399901,-0.024832290080485844,-0.6292823418034227,-2.5364462865132564,0.1736732669374346,-0.2669310098888781,0.18779667102423053,-0.2680767138491099,0.010453088915058356,-1.3213204163015344,-1.4013232332530072,0.9097313557665845,-0.9088107803664076,0.022304171035153943,0.18032674558006626,-0.5444705351245722,-0.4452153766165955,2.077537276808411,0.6767751043955705,-0.5405546394730764,-0.22236918799347766,0.5444705351245722,-0.18032674558006695,-1.2887754577581405,-1.3852146900196616,-0.5369196477548344,-0.018131260198663828,-0.3747428216220998,-0.4660546508565234,0.35076067714292497,0.2896456887631914,-0.29429738304996345,-0.47058938433204756,1.793366658346437,-0.24116501795220557,0.13201387092399572,-0.093098282374475,-0.5723076854318833,0.5337254978059351,0.29205785388825667,-0.2706882785040748,0
1.3927182613071303,-1.3388904177687242,1.0038746524609323,1.478524768348486,0,1,0,1,0,0,-0.33149556159511606,-0.32685762438375926,-0.4896581624461761,-0.165257506043287,-0.22299113034194412,-0.12366187569819462,-0.12568312126503672,2.366458099448923,-0.7515240093529819,0.7642208587415625,0.4692942530667525,0.374727539620292,-0.06729216718689632,0.8318186197095023,3.507069064007534,-1.3011553794685722,2.1412813206997625,1.3086133119356704,0.19616880564547262,0.3165258375355961,1.005908803379335,0.2652667917108196,-0.2801771764306107,1.0908448266272208,0.6675006850653784,-0.3165258375355961,-0.19616880564547334,0.744458036688388,3.1927894639179106,-0.07294156848803632,-0.7287587874050313,0.06903246449978255,0.9516700704320475,-1.2804235184154193,-1.482135726645747,0.015758101167622184,0.7229182807808735,0.04820472807728505,-0.5422311594912614,-0.5940973255993336,-0.1607907403235886,-0.28679906978068154,-1.5241547677521787,-1.6006945419875402,-0.6418381130257917,1
0.030604356373531493,2.2428290522644785,-1.6032360836506476,-0.8681093238500562,1,0,0,1,0,0,-0.7353015457273552,0.27322156048121604,-0.7711081536284979,0.29766221674174387,-0.09920064193564308,-0.019913170434355545,-0.831740961972499,0.2792230799960995,0.31186907629508076,-0.8812366509782902,-0.8784785024352353,-1.8568398724736126,0.20385451360143855,-0.9971770193712312,0.15760268312344528,0.018172962012304568,-0.10835407081703669,-0.010286022270605103,-0.38662849897585155,-2.149054684173066,0.1601885260653814,-0.2253595319500766,-0.4080734007426849,1.083051820995661,1.1320227787626238,2.149054684173066,0.3866284989758509,-0.7595776989295921,0.641115017460903,1.4463592008757944,1.2351572877834756,1.1272658390981163,1.0776900456576979,0.2692014673650073,0.5111183656893089,1.13195784435093,-0.3040534310604773,-0.7105613285614767,-1.6552635615447422,-1.5665676780859363,-1.1423313805857394,-0.635754044465484,-0.28942660841731066,-1.0996718489615938,-1.7552876165909395,0
-1.8969153204192981,2.2428290522644785,-0.15484123025532542,-0.8681093238500562,0,1,0,1,0,0,-0.81101516775215,1.5262938893417024,-0.7711081536284979,0.29766221674174387,0.8133652694943978,0.9437870875120807,-0.9527342869357338,-0.39317025197252015,1.279504759771076,-0.9972883226886206,-0.1922986409423828,-1.3172155657553504,-0.879908451132619,-1.3183226761726412,-1.012738354157461,1.4952062414293035,-0.556155029527113,0.8159135941356056,0.6109019818860374,-2.402410076128092,0.007547733398739065,-0.47490054145916416,-0.24658779477401324,0.7957983772014422,1.0465784712146666,2.402410076128092,-0.6109019818860381,-1.2052179168904753,-0.8598699510432187,0.41832933897092733,1.1705547853101694,0.8541733553308051,0.16404522527173035,-0.6279498401920818,-0.9284540343304539,0.6358690696027934,-0.38732140769626244,-0.8623145398892288,-1.5457849646214488,-1.4109724216880806,-1.0746389226366257,-0.5723076854318833,0.12214944469431245,-0.8213259083916238,-1.6934293108373202,1
-0.2263982671988458,-0.6431607365392533,-0.15484123025532542,-0.13478617003801185,1,0,0,1,0,0,0.04707254852885811,-0.5001363037343045,-0.8478672421327675,2.950770877953452,-2.8079873477536594,-2.665057961967149,-0.030394482718452562,-0.5192270558854944,-0.35821934996095334,0.6127749222196166,0.23058798251424267,1.1507597714058082,0.6587713978690317,0.25550343434192185,-1.3247125614829878,-0.3251439927615097,1.23581875194097,1.5129108264726163,1.57487639152627,0.007555847346540335,0.29756028919306626,-0.6144125343629739,0.16295949585769182,0.39759733282683274,1.1772872873141673,-0.007555847346540335,-1.5748763915262707,-0.03541234474315745,-1.3852146900196616,-0.9463120706373036,-0.9484072958142716,-0.47715250303484213,0.06953024385249205,-0.30171300108041293,-0.9284540343304539,-0.728375060954584,0.029018475482663446,-0.7864379342253526,-0.8341740846200435,-0.6329961396987983,-0.44848368660732285,0.030432725387320277,-1.4418395571298541,-1.6006945419875402,-0.332546584257695,0
0.6474106529472365,0.4133176682906843,0.27967722576327125,-0.4281154315628296,1,0,0,1,0,0,0.26159447759911014,-0.5425837654544045,-0.3745195296897717,-0.28098743673954474,-0.5565654009466426,-0.20013182656076567,-0.30330265826811165,-1.5202775786035334,1.3432350139736071,-0.9072464406774317,-0.31249144409920593,-0.595369314642641,-0.1659355900455507,-0.3771155462593689,-1.0587168755659715,0.5935535022377727,-0.6824842489330997,-0.09793447156115756,0.05260013630273529,-0.8641809106868654,0.044940319121724207,1.0260293629065826,-1.2397832350738363,0.5488917121499859,0.31064023181769107,0.8641809106868654,-0.052600136302735995,-0.6203151308168162,-1.2351161931692491,-1.2829236183406676,-0.8321227913623208,-1.0233374705694662,-1.0016395455655394,-0.46483142063624716,-0.5408768497097485,-1.1624527388592034,-0.47058938433204756,0.04820472807728505,-1.9836993523146218,-2.150049889577898,-1.870025303538713,-0.635754044465484,-0.37174181903963527,-0.7656567202776299,-1.940862533851798,0
-0.5091011531284612,-0.6689285025107157,-2.617112481027373,-0.4281154315628296,1,0,0,1,0,0,-0.40720918361991093,-0.20649290416374969,-0.38731271110714993,-0.26883579401643765,0.044362220664561226,0.04895450461146867,0.22586881833436848,-0.9574745876572174,0.2425175961084104,0.6398939830623485,0.7974537427337354,2.0600203925372425,0.44188184821121423,-1.2401504114127038,-0.09699036838463738,0.0030150207668903192,-0.17887995491403783,0.19223764453825556,1.9892678298167354,0.8366905045627424,-1.5532197689876106,1.2170010980782004,-0.32849987316452794,-1.0418297898436932,-0.8490462777502336,-0.8366905045627424,-1.9892678298167361,-1.1495128896453646,-0.03432821836595151,0.1908891040362222,0.1627557467265941,0.08610074473523979,0.4475901695294441,1.6557080335896,0.6772228733838963,-0.23228628620644656,-1.4142931195376127,1.4898602356909325,0.7441423543574326,0.4432043837197094,-0.025405824425361403,0.7600658542737248,0.03983423407198747,0.514734606344233,0.5334696962929761,1
-0.020796168340944693,1.572867137006469,1.0038746524609323,-1.161438585374874,1,0,0,1,0,0,-0.6217311126901629,0.00574440443675031,0.17558727125749374,-0.5222843422412421,1.0164258951569176,0.40805023877898067,1.6218966534418744,-0.6930381971334257,0.2336465153287944,2.0871675870972983,1.9776702124822203,0.7395341677093558,-2.110711429611275,1.0611335511361932,-1.6992232224095243,0.3605481595018391,0.7834608498561724,0.9094816554697435,0.7686432489180746,0.2463053852199044,-1.195014636613033,-0.751027846992959,0.04291351550834166,-2.042762389830494,-1.6831363142082874,-0.24630538521990367,-0.7686432489180752,0.8837206048011639,-1.6103624352952797,-0.2639913658331881,-0.04397226118798574,0.2738518273252659,-0.24551969421163483,-0.46483142063624716,-0.8177176958673952,-0.35630847989348147,-1.2200011740541141,-0.9381911455531051,-0.998391980004983,-0.8274902101961188,-1.4807936703313085,-0.857816301083085,0.7806711296729086,1.0157572993701793,-1.4459960878228426,0
-0.7661037767008384,-0.10203765113855341,-1.6032360836506476,-0.13478617003801185,1,0,0,1,0,0,-0.7100636717190902,0.1976301902947366,-0.2849672597681238,-0.35621189169211226,0.9787998169698778,0.4272795246683991,-0.8122524553474019,0.521525571414713,-0.21783802209514067,-0.8222594621791107,-1.3140272965810977,-0.8371022001308738,1.2710599372721836,-0.8911511217395556,0.024984051337402436,-0.21314627002328826,-1.1086687296136917,-1.3529269669879933,-0.7989105922128035,-0.34935776200978186,0.23902911084885728,-0.6907817396170004,0.08360042819551111,0.011482551441399102,0.3874299839136498,0.34935776200978186,0.7989105922128035,-0.9266927806649233,-0.18442671521636386,-0.6187981323313287,-0.625394783447741,-0.9892009100985523,-0.7180946013078251,0.10608304780917345,0.5664865349208381,-0.9764194483286528,0.1400424443303771,-0.7105613285614767,-0.2594114507727547,-0.17917664187171697,-0.1607907403235886,0.09387908442092041,-0.4540570296619595,-0.6543183440496418,-0.3944048900113141,1
0.030604356373531493,-0.8493028643109486,-1.6032360836506476,-0.8681093238500562,1,0,0,1,0,0,-0.7353015457273552,0.30229516439909276,-0.5920036137852022,-0.03506133400999707,0.6239907325908753,0.2595822640048661,-0.11437465552900504,-0.19712984978745052,-0.48600257235290223,-0.21290875727801112,-0.565191206757632,-0.3254439781376427,0.5427445065979597,-0.9038494412539976,-0.00961503373587088,-0.01929264364047984,-0.3000597818938163,-0.27829909053458335,-0.47959406901947754,0.031788787753525546,-0.74407496926698,0.26093477562948314,0.6449945513057466,-0.009908147977906958,0.4630713541853699,-0.031788787753525546,0.4795940690194761,-0.7038726716844818,0.340918023760079,1.091552434377654,0.9121447754169449,0.7346953936826055,0.7311351137871589,0.2692014673650073,0.5664865349208381,0.7598912632898273,-0.9146852597229018,-0.2553016945782196,-1.3724438528262355,-0.892321567028559,-0.8377153198147269,-1.0798785577006862,-0.9479482933959068,-1.0440026608476,-1.198562864808365,0
-0.25209852955608386,-0.10203765113855341,1.0038746524609323,0.5985369837740325,1,0,0,1,0,0,-0.785777293743885,1.0204131811706476,0.23955317834438508,-0.5327000360039053,2.008329188684556,1.1964509602451372,1.2954257482083393,-0.9752561333031817,-0.6954673202706422,1.5587815998932824,1.4921351868412684,0.23897307673567003,-1.7455279078919517,0.7375275042221922,-1.4495343075383087,-0.38141395148474355,0.5353725526251752,0.8034378526243857,0.3210111268130686,0.007555847346540335,-1.0643922448455312,-0.11354199912092805,0.5674428872822016,-1.5749471185230204,-1.1554481350557126,-0.007555847346540335,-0.32101112681306926,1.3015083091394917,-1.0850176963188372,1.8102635767713227,1.2868392897621204,1.4856997240427134,2.180364828882142,0.10608304780917345,-0.04256332662598434,2.3101686843777554,-1.0812212129944723,-0.3311783002420958,-0.7064490548762022,-0.3347718982695729,-0.9054077777638412,-0.8895394805998851,0.6160407084282594,0.6817421706862145,-1.0748462533011267,1
-2.128217681634438,-0.5658574386248675,0.5693561964423357,0.3052077222492148,1,0,0,1,0,0,0.8294466427850714,-0.6257342726595319,-0.579210432367824,-0.03506133400999707,-1.1907743066096708,-0.4541372773791303,-0.594144749547685,-0.2190943124104649,0.43584922574191465,0.21993789791330592,0.7545771155136969,0.4707982401772434,0.31531090086071994,0.02705407791475982,2.3734241811535024,-0.6590692049516453,1.956581189127492,1.383888141883189,0.03622492998512883,0.6061852033378352,0.8532048532168435,2.6783580618956893,-1.2581214832092718,1.6429905037088055,0.3701102122678224,-0.6061852033378352,-0.036224929985129536,-0.3417899945912644,1.3165582532877582,-1.4193877593014905,-1.4781478160953823,-0.801449827508525,-0.5605696322757617,-0.22015379130249568,-0.26403600355210183,-0.4803306735805153,0.08453045990652028,1.1863538130354276,-1.9745761359043472,-2.150049889577898,-1.5823323572549794,-1.1116017372174867,-1.277209135885205,-1.211010225189582,-1.7552876165909395,1
-1.4086103356317816,0.4133176682906843,1.0038746524609323,1.478524768348486,1,0,0,1,0,0,-0.2810198135785862,-0.3489535633613456,-0.4768649810287978,-0.17393725084550635,-0.2634150275095082,-0.13394730768555796,-0.6190594517015989,-0.2807673578699546,-0.46995450955093865,-1.2723949412526794,-1.516776657759854,-0.3004796809535449,1.316773474536651,0.8613489494638958,0.2425584125310737,-0.3297180157798557,-0.10629792557798712,-0.41938435793314555,-0.38904162214375715,-0.023971702672748577,1.7214669585082374,0.6283517029195089,0.31110875015086625,1.6135202741499686,1.5624367417083171,0.023971702672748577,0.3890416221437564,0.4659329004628361,-0.10937746679115769,-0.9281168518425269,-0.9354867953196102,-0.9209277891567239,-0.6865896075014126,-0.30171300108041293,-0.1532996650890431,-1.1624527388592034,1.5000860627148682,0.5034643620605421,-0.19554893590083341,-0.010615114107371936,0.6345956405784983,-0.12818317219668063,-1.0302635040182315,-1.1553410370755877,0.2860364732784985,1
-0.9460056132015023,0.10410447663314094,-0.4445202009343899,-0.8681093238500562,1,0,0,0,1,0,-0.10435469552073157,-0.44198909589855107,-0.7455217907937414,0.20912881975910672,-1.2378141102943208,-0.5015397030600224,0.5791043134814887,-0.3789360143719284,0.2873390942832862,1.0526020504191551,1.6140758313326262,0.2231106633515085,-2.3265913465574677,0.7371153984636253,-0.813476137451525,0.9974739387857391,0.7026153132788252,1.438941043601653,0.6912331826893902,-0.38126032008238236,-0.06874162387899539,-0.29482096486980885,0.6095629446578368,-0.7252961445453965,-0.6935317697254868,0.38126032008238236,-0.6912331826893908,0.29881781872750485,-1.009968447893631,-1.11916664918768,-0.5091102789957901,-0.22112829950298704,-0.8756195703398886,-1.3619827281933365,-1.7036084035718644,-0.9144083514851348,-0.3040534310604773,-0.5588081172337243,-0.9618991143638861,-0.5422322401333817,-0.7700228618656133,-1.2702176348014877,1.1922471827845313,1.0714264874841732,-0.8274130302866491,1
-0.8175043014153137,-0.02473435322416849,-1.6032360836506476,1.478524768348486,1,0,0,1,0,0,-0.596493238681898,-0.01751447869755106,0.57217589519622,-0.5899863516985528,1.156523126572299,0.44248407630189274,-1.72190286886601,-0.3767393589834721,-0.3546782922273641,-1.4436478333793805,-1.595697063204141,-0.33916144720869645,1.2641877565536588,-1.0421124407540914,-0.47879423457476106,1.0620696215024994,-1.0364023697791678,-0.5443446738617801,-0.3224700655433951,-0.14275387761029457,1.3530813829563881,0.03744103989729005,1.5521346512741108,0.9225962376618477,1.543037707036574,0.14275387761029457,0.32247006554339436,-1.0659553487776992,-0.6347222057676005,-0.7006766169078218,-0.09565426316663046,-0.4942207832702994,-1.0961545269847772,-0.46483142063624716,-0.3747723420151606,-0.8523972546416179,0.8894542340524437,-0.2553016945782196,-0.8615437338508666,-0.02358138547386016,0.34690269429476517,-1.206771275767887,-1.6064699783745033,-1.823371294443516,-0.7036964187794109,1
-1.5114113850607322,1.1605828814630785,-0.4445202009343899,-0.4281154315628296,1,0,0,1,0,0,0.7537330207602766,-0.6123604148573085,-0.3233468040202586,-0.3388524020876736,-0.7344913508946546,-0.20907568046282074,0.0081762642907981,-1.9785671670044045,0.46169541181683005,-0.3986590004540272,0.806602365598543,-0.8093407373674113,-1.3493125289131627,-0.8358674135320914,-2.049236918668275,-1.0856918988591289,-0.942800227517308,0.2489933144717178,-2.3498765620089648,1.2267347275520042,-0.8465581654046478,0.66276497060275,-1.7221687494673064,-0.39630197656775584,-0.8055290704418968,-1.2267347275520042,2.3498765620089634,-0.8524194110047761,-1.9355758451378398,-0.4338134079177687,-0.8967252938356269,-1.171262565943427,1.4347466421303747,-1.85133798686084,-1.2791191061301395,-0.06692336129040147,-0.9146852597229018,0.27583454506891375,-0.8250508682097696,-1.488770049887009,-1.5146398993058652,0.31594134103852145,-0.37174181903963527,0.23638866577426285,-0.5181215015185524,1
0.6217103905899984,-0.3854830768246345,0.5693561964423357,-0.13478617003801185,1,0,0,1,0,0,-0.4198281206240434,-0.203585543771962,-0.20820817126385424,-0.4036611632775779,0.2752599661670599,0.15538636604592426,-0.9539242111545861,0.5943829104941915,0.27785922430469173,-0.286082704632179,-0.6000112674825603,0.028579534750900942,0.7719147045660006,-0.4127715129223588,-0.055972358041957194,-0.08600487730731939,0.03398095149473245,-0.4077639122335535,0.8959232616594694,-0.8495867060811616,0.9140184045268113,-0.8718810777104573,-0.4662694753787357,0.42017420726071253,0.38194193836770207,0.8495867060811616,-0.8959232616594701,-0.14682239923337803,0.340918023760079,1.2462117941332536,1.002588278879574,0.9736513169790033,0.4790951633358572,2.3081817118129377,1.8953225964775422,0.8839134569768611,0.3898463742377325,-1.0899443568808573,-1.244718823082393,-1.2553771652902237,-1.0407926936620688,-0.4771381468814831,-0.04248097655033679,-0.4316415915936655,-1.3841377820692236,1
0.2105061928741954,-0.7719995663965628,0.27967722576327125,-0.13478617003801185,1,0,0,1,0,0,-0.48292280564470574,-0.16288249828693463,-0.31055362260288033,-0.3429029496620426,0.2710980313919821,0.13973462171732787,-0.6876274256096709,0.4376740357382314,1.235284433824865,-0.8761621873910687,-0.21975218015230008,1.5276097175316172,0.3488177955070002,-0.6527799565935185,0.8519461251876782,-0.5087292890842445,-0.311588971255781,-0.2570001758291941,0.6912331826893887,1.3979208031972914,0.3039126328611032,0.2527395763760441,-2.1998990771761457,0.8746722997458474,0.03477794610124516,-1.3979208031972914,-0.6912331826893894,-0.7038726716844818,0.5660657690356972,-0.50962681956267,-0.6770767854263857,-0.7502449868021539,0.038025250046078915,-0.38327221085833024,-0.7069813574043363,-1.0384305451721696,-0.05424950115312168,-0.17942508891434333,-1.1443634425693747,-1.929623276347602,-1.5654092427677009,0.4428340591057229,-1.4418395571298541,-1.0996718489615938,-1.0129879475475077,0
1.2899172118781799,-0.7462318004251005,-0.4445202009343899,-0.8681093238500562,1,0,0,1,0,0,-0.33149556159511606,-0.3082505178763182,-0.7199354279589849,0.16167954817364105,-0.8611253735603276,-0.3620155821879628,1.3450783097739,-0.6222074427452058,0.45832911481994254,1.2627785094888022,0.503056274658603,-0.07699286741316841,-0.7751238769580745,0.5064616626308707,-0.679800096211549,0.5654566338688858,-0.2242526930450815,-0.38603520511362016,-0.7896550408158974,0.678161166961424,-1.3643136067320913,0.17299042875376444,-0.05832186946674902,-1.9282974303319582,-1.030886036860071,-0.678161166961424,0.7896550408158968,0.4659329004628361,-0.6347222057676005,-1.6069330893092284e-4,0.29196075167320634,0.18851042614798086,-0.7180946013078251,-0.38327221085833024,-0.04256332662598434,-0.17027518936292965,-1.3032691506898992,0.04820472807728505,-0.31415074923440073,-0.2958730841701091,-1.0069464646875115,0.2207718024881207,0.5337254978059351,1.0157572993701793,-0.08511336124321738,0
-1.3315095485600683,-0.4885541407104817,1.4383931084795292,-1.6014324776621007,1,0,0,0,1,0,-0.4955417426488382,-0.1338088943690579,-0.15703544559434116,-0.4181274046146101,0.4570617981910807,0.2202293068358237,1.4317829182667259,0.6637558247598621,-0.9826564965182087,1.2747355021161502,0.840314836162179,0.20152277627457985,-1.2774129070354991,1.0013627688943636,0.14991278367572863,-0.1917382982477407,1.0277175773877407,0.5804278734984913,-0.6949470730335814,0.9640930772469049,-0.9903791213289377,-0.7608463643716332,1.1506458513599038,-0.7030182669100674,-0.5257755948883048,-0.9640930772469049,0.6949470730335807,0.744458036688388,-0.03432821836595151,-0.4914316007678933,-0.5091102789957901,-0.10165033785478751,-0.37153966943728567,-1.5251011477491712,-1.482135726645747,-0.4803306735805153,-0.9701972441467586,-0.7864379342253526,-0.31415074923440073,0.30057539868834077,-0.008482709938082702,-1.175048096251087,-0.28942660841731066,0.18071947766026855,-0.332546584257695,1
1.3927182613071303,-1.0039094601397194,1.0038746524609323,-0.13478617003801185,0,1,0,1,0,0,-0.3945902466157784,-0.20765584832046474,0.6745213465352461,-0.5980874468472909,0.7997920637258873,0.30251276273473054,0.2316286850759145,1.1255094009322193,0.5136667139170185,0.7769628424050663,0.7595088404231105,-0.5983178966317725,-1.0168818717168866,0.4289288912804021,3.558382088200246,-1.279330323645798,1.9751158529397286,1.0860049992514917,0.4073962731842086,-1.2200849136713057,0.10649536918698004,2.0199120862684414,-1.9878032029792967,0.9088643953149022,0.07287381781897591,1.2200849136713057,-0.40739627318420935,0.38237535959517033,3.2678387123431163,-0.03655113089848297,-0.6899972859210471,0.0519641842643253,0.8571550890128092,-1.1173050988595852,-1.3713993881826885,-0.17027518936292965,0.3898463742377325,2.5521327149851984,1.1546870928197819,-0.2051091846046925,0.1607484349347019,2.314501650596933,0.8629863402952329,0.29205785388825667,0.5334696962929761,1
0.10770514344524394,-0.1535731830814779,-1.6032360836506476,0.5985369837740325,1,0,0,1,0,0,-0.05387894750420167,-0.45245559330898666,-0.1442422641769629,-0.4256498501098669,-0.0783011990563127,-0.019018785044150034,-0.03396251503522454,0.9381689220136642,-0.7662022723663745,0.2193685813750302,-0.4689610145541203,0.3867095274190302,0.5862625756729133,-1.0659207107780866,1.6389445432264576,-0.922364867723565,-0.6732639116106821,-1.4456479326635066,-0.13124877099039398,0.6575966059261134,-1.01782971095307,0.3541923766224694,0.12053643471945882,-0.9639497708464893,-0.8017215469684822,-0.6575966059261134,0.13124877099039328,-0.9823978079100336,1.6167552469885829,0.1908891040362222,-0.3282232720705331,-0.5624939042121272,0.038025250046078915,0.8401159358104279,1.009431888773073,-0.4803306735805153,-0.9979532363586869,0.19995793940503753,-0.3415203984652251,-0.23104172733766892,-0.5838686025055501,-0.4136917878478824,0.03983423407198747,0.4033962301162448,-0.2706882785040748,0
-0.1749977424843705,1.1348151154916164,-0.4445202009343899,-0.13478617003801185,1,0,0,1,0,0,-0.44506599463230834,-0.20067818338017435,-0.7071422465416066,0.06620235534922844,-0.6360580261073471,-0.20549813890199872,0.2082282433671697,-1.2238225324918819,-0.5715399374319522,-0.7576229001218826,-0.564218481612093,-0.18602159478794586,0.5540279253974804,-0.5173843455932767,-1.0887797549484592,-0.05425256053355973,-0.6442369237438126,-0.32866714148841936,0.594470599903532,-0.8432999717894734,-0.8065107832025251,0.5890191758668878,0.7267956499314877,0.38468535470918463,0.41263216544524844,0.8432999717894734,-0.5944705999035328,-0.3417899945912644,-0.8598699510432187,0.8095265430586199,0.6537347655237203,0.3421249482670949,0.7941451013999841,1.247911984700014,1.009431888773073,0.3258135853852078,-0.8869292675109735,0.19995793940503753,-0.8615437338508666,-0.39960325510201306,-0.2284831982727022,-1.1116017372174867,0.12214944469431245,-0.26463402725168356,-0.7036964187794109,0
1.0072143259485644,-0.8235350983394863,0.5693561964423357,-0.8681093238500562,1,0,0,1,0,0,-0.5460174906653681,-0.06984696574972914,-0.3617263482723934,-0.2827233856999886,0.3363147505273443,0.16477741264308213,-0.08810941293260892,-0.7774203004444407,1.4817649359299319,-0.8609679298111028,0.29325054278102725,0.6757147172555654,0.14708140338439918,-0.20212857274290882,-0.07515967176892241,0.32016056676094423,-1.2035798616034474,-0.7129885280642333,-0.67984341407292,1.595854703162155,-0.07944620477267292,0.9917404508739789,-1.7038918134080157,-0.03033705985174294,-1.0773345935416199,-1.595854703162155,0.6798434140729193,-0.6481676444393714,-0.7097714541928067,-2.010732370131724,-1.5815118200526717,-1.8596832021068592,-1.4742144526617298,-0.7910682597479163,-0.5962450189412776,-1.8445748041378918,-0.3040534310604773,0.5034643620605421,-0.9254062487227878,-1.553601406719449,-1.4638705558440304,-0.2233527107470814,-0.9479482933959068,-0.32030321536567735,-1.0129879475475077,0
-1.8712150580620608,-1.6996391413691911,-0.15484123025532542,1.478524768348486,0,1,0,1,0,0,-0.81101516775215,1.715272314807901,-0.4001058925245282,-0.21444272658919655,1.891365728399917,1.484890248586414,-0.812342853444871,-1.5033455746760547,1.7133295454012627,-0.6223761614564555,0.9768006578400457,0.12845086018920815,-1.8989287229441512,-1.1884121500567386,-1.0200319013352073,1.3871909894246328,-0.2961350730727018,1.1725725622751682,0.3637290563372595,-0.18555039652161812,-0.05786490537074972,1.0415434140952986,-0.9481857212603291,0.5471475725173418,-0.12509981061581352,0.18555039652161812,-0.36372905633726016,-1.1495128896453646,-1.009968447893631,-0.30038180342274146,0.4340862571144791,0.2909201075607231,-0.11949971898598452,-1.4435419379712537,-1.7036084035718644,0.015758101167622184,-0.38732140769626244,0.35171115073279,-1.3450742035954124,-1.5406351353529608,-1.277716296483967,-0.667477223982284,0.2044646553166367,0.1250502895462747,-1.136704559054746,0
-0.6376024649146498,0.4133176682906843,-0.15484123025532542,-0.4281154315628296,1,0,0,1,0,0,-0.8236341047562825,2.9625299228848117,-0.3745195296897717,-0.28098743673954474,2.38323990084408,2.495545739518639,-0.023363110797849054,-1.0454527828751066,1.2416516585192965,-0.23718376961733728,0.5425990852039955,-0.24343607671181136,-1.0325553716626132,0.30110641567385604,-0.5128131610649291,0.20027993433955626,0.42760678543622693,1.1598628566323956,0.3041828515459608,-0.6337026228571595,0.33334895699822664,0.9211917866396904,-1.496117393684646,0.7444275396410172,0.426974945435332,0.6337026228571595,-0.30418285154596153,0.10385022336961848,-0.6347222057676005,-0.5915053041391644,-0.40574627503850064,-0.22112829950298704,0.1325402314653172,-1.1988643086375024,-1.4267675574142176,-0.17027518936292965,-0.27629743884854874,-0.02767187758659086,-1.9928225687248964,-2.253780060509803,-1.9207946470005486,-0.4771381468814831,-0.6186874509066087,-0.9326642846196119,-1.8790042280981787,1
-0.5091011531284612,1.572867137006469,-2.617112481027373,-1.161438585374874,1,0,0,1,0,0,-0.40720918361991093,-0.20649290416374969,0.17558727125749374,-0.5222843422412421,0.5601429394419002,0.2448249050664752,0.08686990986371271,1.0268353034682245,-0.1677709927298918,1.0627049175426047,1.283100189832213,1.0735280912054566,-0.7330194324391491,-1.176864835189331,0.4909501036871255,-0.034344429391993676,-0.3084652803108635,0.1854878207825599,1.2021396197987126,0.2718968389527333,-1.2967042010593701,-0.9175406428161379,0.19483572804847982,-1.7415146752746375,-1.4870003331324313,-0.2718968389527333,-1.2021396197987133,-1.17736540326792,0.19081952690966666,-0.6733837887156574,-0.5866332819637576,-0.6649035856248688,-0.08799472517957138,0.8401159358104279,0.2896456887631914,-0.8523972546416179,-1.2477571662660425,-0.9381911455531051,-0.3688900476960481,-0.21807545597118072,-0.8715615487892844,-0.5723076854318833,0.8629863402952329,1.127095675598167,-0.8892713360402683,1
-0.7661037767008384,-0.41125084279609675,-1.6032360836506476,-0.8681093238500562,1,0,0,1,0,0,-0.7100636717190902,0.1976301902947366,-0.054689994255315046,-0.45747558105133773,1.2002918044544844,0.5055382463113811,-1.0010697645453694,0.5356065661740048,-0.7419145416840138,-1.0559803239476524,-0.7674184896311904,-0.2726025283436563,1.0065051559112257,-0.9306457686073547,0.27059411753721735,-0.22592787323486557,-1.1896742771491353,-1.2979607711070973,-0.5483077512256369,0.17200761631813533,0.46212158981249074,-0.4640615742430885,0.7871863085663134,0.24690064298669348,-0.269524443839208,-0.17200761631813533,0.5483077512256362,-0.9823978079100336,-0.03432821836595151,-0.7825551014843162,-0.7675202888890147,-1.1428154322176651,-0.7180946013078251,0.18764225758709038,0.5111183656893089,-1.1624527388592034,0.19555442875423396,-0.6346847228976005,-0.7338187041070253,-0.2569742700706454,-0.14386762583630988,-1.5874494299694895,-0.4540570296619595,-0.4316415915936655,-0.76555472453303,0
-0.8432045637725518,-0.9523739281967958,-0.8790386569529866,0.5985369837740325,1,0,0,1,0,0,-0.571255364673633,-0.03786600144006476,-0.19541498984647596,-0.40655441154498434,0.5855739309965051,0.28507224762572314,-0.7598390952397318,-0.19692841142735865,1.4907256221502958,-0.3316210601162239,0.11259155165052499,-0.22381500825830683,-0.46546779502634245,-0.7743780020128863,0.41089047205040774,0.3558947004457718,-0.26621103524507866,0.009395169121842717,-0.33645217931212407,0.02843219803499119,0.28282538307167804,0.6819114797430937,-1.6802320134894824,0.18402835223484745,-0.13720197739937423,-0.02843219803499119,0.33645217931212335,-0.8988402670423681,-0.03432821836595151,-1.0918738209955157,-0.7675202888890147,-0.8185181077439823,-0.8756195703398886,-0.709509049969999,-0.6516131881728072,-0.9764194483286528,0.11228645211844858,0.4275877563966659,-0.49661507743988936,-1.2294446225572482,-1.0915620371239039,0.8235122133073248,0.2044646553166367,0.23638866577426285,-0.332546584257695,0
-0.25209852955608386,-2.137691162884043,1.0038746524609323,0.5985369837740325,1,0,0,1,0,0,-0.785777293743885,1.0204131811706476,0.8280395235437853,-0.6200761336795798,2.2903710822042025,1.263977057205653,0.6787959453751263,-2.2816036875483445,0.2617679129196625,-0.8445402259497803,-0.523169560414469,0.8993015848476916,0.09873887564412039,0.7019419595443633,-1.3206048454443418,-0.3418308324155523,0.651544342455413,0.7515091862825869,0.25295560183580257,0.9756618166055823,-0.24251015052263022,1.80861972095522,-0.701352526775995,1.7869795769747734,1.413848502283282,-0.9756618166055823,-0.2529556018358033,1.106540713781605,-1.009968447893631,1.3553831069019124,0.9379857764062678,1.195538960039945,1.6132749403667133,0.02452383803125581,-0.09793149585751397,1.814079909629618,-0.47058938433204756,1.0851850054835932,-1.0805009276974533,-1.2251225321017514,-0.5725865261806978,-0.11760877902441451,-1.30464753942598,-1.0996718489615938,-0.45626319576493324,1
-0.9460056132015023,-0.8235350983394863,-0.4445202009343899,-1.6014324776621007,1,0,0,1,0,0,-0.10435469552073157,-0.44198909589855107,-0.6175899766199587,-0.01480859613815197,-0.7459399378501645,-0.3284761300552562,1.6592752280027236,-0.3795659340144176,0.05959295974564172,1.519144967428393,1.8066939201574346,0.543520478659175,-1.4082436158987375,1.1802093692647222,-0.8962992414995457,1.1520266253032658,1.0953273402776444,1.92401327576516,0.9345219622652575,-0.18555039652161812,-1.1280112999888265,-0.3769267478597522,1.0762100850573142,-0.9661590030185331,-0.4703660957960451,0.18555039652161812,-0.9345219622652582,0.6330479821981672,-1.0850176963188372,-1.1646546961746211,-0.4832692780064673,-0.05044549714841698,-0.9071245641463012,-1.5251011477491712,-1.9250810804979817,-0.8523972546416179,-1.1367331974183288,-0.5588081172337243,-0.7246954876967501,-0.11434528503927678,-0.48232991558187904,-1.1116017372174867,-0.20711139779498602,-0.32030321536567735,-0.9511296417938885,1
0.6217103905899984,-1.5192647795689571,0.5693561964423357,-0.4281154315628296,1,0,0,1,0,0,-0.4198281206240434,-0.203585543771962,0.7512804350395157,-0.6067671916495102,0.8706428714051347,0.3123510020269912,0.03920930890594249,1.2975324866185594,0.7550725531273313,0.3911902995718197,-0.693135335390312,2.828075825844626,2.2200981137292652,-0.5397746703695814,-0.17726284068463918,0.16082929429960835,0.20222749663192832,-0.23186641736259875,1.3526007388179633,2.515665179469463,-0.5938579891564658,-1.9584820807533214,-0.8705915447522337,-0.3279475332775469,0.6747374555609272,-2.515665179469463,-1.352600738817964,-0.3417899945912644,0.11577027848446049,0.9368930746220554,0.8863037744276221,0.9395147565080901,0.06953024385249205,2.5528593411466898,1.839954427246013,0.5738579727592754,-0.6787593259215104,-1.8866487163515573,-0.669956189235104,-0.976602330910731,-1.0238695791747903,1.0455744699249259,-2.0592036367972884,-1.517190759816549,-0.1469716669968365,1
-0.5862019402001745,-0.7719995663965628,-1.168717627632051,-0.13478617003801185,1,0,0,1,0,0,-0.7479204827314877,0.43312638202953796,-0.31055362260288033,-0.3429029496620426,1.1836639428220217,0.5981071341976513,-1.2399553351400407,-0.28204980065847735,2.2803432680373916,-1.2720916963677003,-0.21247416844641015,1.4013350637956186,0.9126163837347862,-1.173565315247234,-0.2108951884646913,1.365227110438499,-0.9673608779291435,-0.362616382695337,0.633698674005907,1.282759261399553,0.5515754420750785,0.17585203281850012,-1.745384055368717,0.7592953259112979,-0.0777974950421815,-1.282759261399553,-0.6336986740059076,-1.17736540326792,-0.40957446049198204,-0.7006766169078218,0.046471242274642305,-0.34060626115118536,-1.222174502210428,0.5138790966987595,0.2342775195316623,-0.9144083514851348,0.19555442875423396,-0.17942508891434333,-0.97102233077416,-1.605466492185401,-1.277716296483967,0.1890486229713212,-1.1948939252628807,-0.8213259083916238,-0.8892713360402683,1
-1.3315095485600683,-1.9057812691408853,1.4383931084795292,-0.13478617003801185,1,0,0,1,0,0,-0.4955417426488382,-0.1338088943690579,-0.6687627022894718,0.033797974754276275,-0.398226511328222,-0.12902818803942767,0.42377895123116993,0.1727980908988494,-0.446893833141629,-0.0028857900805392325,-0.667274132994444,-1.2981146887188422,-0.37723454817526536,0.8888923830175571,0.33859630191834894,-0.20929190543296103,0.9953008607364175,0.4605675228478474,-0.8293216896597884,-0.9479624556455367,0.29889584800125263,0.10202753957920051,0.4006006600109284,0.9908218122698229,1.317143597153642,0.9479624556455367,0.8293216896597884,0.6330479821981672,0.11577027848446049,-0.5278220383574467,-0.5478717804797735,-0.15285517856115927,-0.4660546508565234,-1.6066603575270884,-1.5375038958772762,-0.5423417704240322,0.16779843654230542,-0.02767187758659086,-0.350643614875499,-0.10137901367278856,0.2961333508329291,-0.09645999267988113,-0.4540570296619595,-0.8769950965056176,-0.023255055489598248,1
1.3927182613071303,-0.5400896726534062,1.0038746524609323,-0.8681093238500562,0,1,0,1,0,0,-0.3945902466157784,-0.20765584832046474,-0.822280879298011,1.1916759313703347,-1.6285130175121179,-1.0806542432180894,0.27234337190787994,2.351992773801216,0.3693662675550492,0.8697042021076387,0.6135255024124129,-0.09075971513910017,-0.903378600420842,0.6700456745339636,3.360668871761028,-1.1192014104799217,2.1992645922822533,1.4968688335527387,0.594470599903532,-0.7133741297612541,0.29080165487632537,0.1384604063726218,-1.6296255437507254,1.005838854506904,0.6637878729463318,0.7133741297612541,-0.5944705999035328,0.6887530094432773,3.2678387123431163,0.20908432283099887,-0.4186667755331612,0.4274663494443799,1.140700033270523,-1.1173050988595852,-1.4267675574142176,0.2638024885416898,0.44535835866158957,0.35171115073279,0.6529101902546883,-0.3607044410025493,0.04228663352375219,2.0607162144625315,0.28677986593896093,-0.04195727479570725,0.5953280020465953,0
-0.9203053508442651,-0.2566442469673251,0.27967722576327125,-0.4281154315628296,1,0,0,1,0,0,-0.7731583567397526,1.0029690188199216,-0.5536240695330674,-0.09003305109071949,1.0212840512104937,0.840932767638447,2.3111789562246883,0.3596328780597927,0.28091007291154313,2.57416667797746,2.010013121828118,0.7139903023489691,-2.108739294237156,1.978017350725864,-0.7118664046905224,1.0292734931539687,2.179185060490267,2.08126567691095,0.8164553486475558,0.1640471410786609,-1.2373389683864722,-1.206739548514772,0.650307117649239,-1.316690507649434,-0.5811646526995368,-0.1640471410786609,-0.8164553486475564,1.7471485271003746,-0.7097714541928067,-0.19121049065408274,0.3565632541465125,1.263812080981773,-0.8126095827270634,-1.6066603575270884,-1.980449249729511,0.2638024885416898,-1.2200011740541141,-1.2416975682086098,-0.6334633235940058,-0.23104172733766892,-0.7192535184037778,-0.5723076854318833,0.28677986593896093,0.4033962301162448,-0.5799798072721716,1
-0.14929748012713334,1.1348151154916164,0.5693561964423357,-0.13478617003801185,1,0,0,1,0,0,-0.1295925695289965,-0.4303596543314004,-0.7071422465416066,0.06620235534922844,-1.0253397591341906,-0.3821392534675868,0.016268254745652133,-0.3530175786846383,-0.34671728661201695,-0.8012108112412973,-0.9064649021054216,-1.3000304340790112,0.40079670159655334,-0.8469303411959027,0.13100911900175177,0.21121876857715044,-0.759551426795789,-0.6467550920881698,-0.7076772998718532,-1.0712207285677868,-0.8688642220841905,0.6157697649328678,0.6862286384561338,0.3292259232896533,0.5470183009705923,1.0712207285677868,0.7076772998718532,-0.9266927806649233,-0.18442671521636386,-0.8826288048555859,-0.6512357844370638,-0.8867912286858101,-0.844114576533476,-0.30171300108041293,0.012804842605544792,-0.8523972546416179,-0.9979532363586869,0.04820472807728505,-1.290334905133765,-0.8015576674631424,-0.6346379459673855,-1.206771275767887,-0.12479618717266176,-0.5986491559356475,-1.136704559054746,1
-1.9483158451337743,-0.8235350983394863,1.0038746524609323,-0.8681093238500562,1,0,0,1,0,0,-0.25578193957032125,-0.37802716727922225,-0.3617263482723934,-0.2827233856999886,-0.11996820518767587,-0.07223471576137783,0.57797427317349,-0.05505646224025943,-0.27951187233622515,-0.026719587870164922,-0.0549785262376848,0.4988595008320021,0.5469236540921641,0.8583828337822118,0.7244476727697298,-1.9191257342929737,0.08363786247279051,-0.9729912574484669,-0.6187833227191311,1.2940866261665431,0.05399871719723367,0.8013024974633585,-1.546434189997408,0.11903031213206912,-0.8784618087813076,-1.2940866261665431,0.6187833227191303,0.7723105503109431,0.641115017460903,-0.06384395909064733,-1.0388507992769007,-0.9550643496276378,0.6996301199807459,0.10608304780917345,0.4557501964577793,-0.4183195767369984,-0.19302946221276363,0.35171115073279,-0.9162830323125138,-1.4758037785205207,-1.3454087544330806,-0.2550758902638815,-0.9479482933959068,-0.48731077970765985,-0.9511296417938885,1
-1.691313221561397,-0.87507063028241,1.4383931084795292,-0.4281154315628296,1,0,0,1,0,0,-0.38197130961164594,-0.21812234573090036,-0.5280377066983108,-0.11896553376478392,-0.2255181090975203,-0.07581225732219987,0.4281249422747107,0.8962422979314956,-0.2941882976840068,0.9845251994320645,0.1773940570256496,1.2325106213971915,0.7823316752308105,0.10917769363872071,0.6455034015593031,-0.8210308462847542,0.8255128697706805,-0.014055561933476898,0.8489203546367114,0.8390486150612049,-0.4862290888673297,-0.5834695433310544,-0.42289156230286046,-0.5114655975446556,-0.2443434827133415,-0.8390486150612049,-0.8489203546367121,-0.11896988561082296,0.26586877533487285,-0.8098479296764806,-1.0646918002662225,-0.7331767065666972,-0.43454965705011084,1.0032343553662626,0.6218547041523672,-0.8523972546416179,-0.6371253376036178,-0.7864379342253526,-0.934529465133063,-0.9830854665939747,-1.0915620371239039,-0.2233527107470814,-0.4540570296619595,-0.09762646290970158,-0.45626319576493324,0
0.2876069799459088,-0.2566442469673251,-0.4445202009343899,1.0385308760612593,1,0,0,1,0,0,-0.5838743016777656,-0.037284529361707223,-0.8094876978806327,1.0180810353259482,-1.0707561904610863,-0.8154689750221561,-0.5041175305396395,1.7531006896418315,0.7693474533546452,-0.5430992595638053,0.002041215849110386,0.6973158346831613,0.2902470756861382,-0.3840838073901615,1.32658228288018,0.5471932660861778,-0.3426453153677346,0.3155541550374085,0.9041108648182726,0.05436948222367098,0.3172156829739146,-1.0772447047323521,-0.501847280728852,0.3939308324774638,0.3054235341869541,-0.05436948222367098,-0.9041108648182734,-0.45320004908148526,1.0163612595869336,-0.4277483349861756,-0.09565426316663046,-0.22112829950298704,-0.24551969421163483,-0.13859458152457876,-0.5408768497097485,-0.5423417704240322,0.5008703430854462,-0.8623145398892288,0.7532655707677065,0.35244048415429274,0.49921072468027106,1.0455744699249259,-0.20711139779498602,-0.2089648391376897,1.1520527538291696,0
0.6217103905899984,-0.9523739281967958,0.5693561964423357,-0.4281154315628296,1,0,0,1,0,0,-0.4198281206240434,-0.203585543771962,-0.11865590134220637,-0.43722284317949267,0.35992584803874583,0.18132354236188405,-1.0369762442023711,0.642217563125887,-0.8018846019176584,-0.4470318418833878,-1.6410240176708912,-0.025970876741562936,2.334237547899867,-0.32747301003188173,-0.21001103319700132,0.004247360378684526,0.3437517702930231,-0.0424627133070687,1.5601216811746321,-1.582730866861833,1.1147335372369653,-1.09184820288991,1.1004713016813268,0.9447695494094382,2.0919550188589806,1.582730866861833,-1.5601216811746328,-0.14682239923337803,0.04072103005925432,0.8004289336612322,0.6795757665130432,0.8029685146244333,0.2270552128845555,2.3897409215908554,1.5631135810883663,0.38782468222872474,0.5841383197212315,-1.2416975682086098,-1.1443634425693747,-0.4903671546674297,-0.11002139686175369,-0.5723076854318833,-1.4418395571298541,-1.9903788587854983,-0.8274130302866491,0
-0.5862019402001745,-0.3854830768246345,-1.168717627632051,-0.4281154315628296,1,0,0,1,0,0,-0.7479204827314877,0.43312638202953796,-0.630383158037337,-0.009022099603339084,0.6104175268223674,0.34007694912336195,-0.6642414174779147,-1.215475258389148,0.9712552813845748,-0.9056341423594243,-0.21760170480765692,-0.12904451511026482,0.2644940940988529,-1.1543536674963448,-0.06312693882213553,1.2034698257955199,-0.8598659764691161,-0.268377640233512,0.9245237932415912,-1.092932769394252,-0.22977272279600214,1.6050387558359114,-0.11836739416029692,0.3708249165169466,0.020874343284549058,1.092932769394252,-0.9245237932415918,-1.17736540326792,-0.3345252120667762,-0.8553359766634215,-0.173177266134598,-0.4942207832702994,-1.1906695084040155,0.5954383064766764,0.17890935030013266,-1.1624527388592034,0.05677446769459199,2.1727496866658176,1.2824121225636245,1.0137203238451828,1.1253659607095745,0.728342674756924,1.6038232358961542,1.0714264874841732,0.9664778365683122,1
-0.9203053508442651,-0.1535731830814779,0.27967722576327125,0.5985369837740325,1,0,0,1,0,0,-0.7731583567397526,1.0029690188199216,-0.1442422641769629,-0.4256498501098669,1.5790408782615257,1.1003045307980448,1.8398896733992993,-0.6408659812238936,0.45450034745543477,2.043729069117832,1.8046470622714004,0.6335744299181256,-1.9164460895383493,1.929683801242937,-0.56798773387419,0.8708880421648488,2.1994349155488315,2.1420359632145436,0.8164553486475558,0.05436948222367098,-0.6302940613110859,0.31061102841404764,0.25384129342971623,-0.5800241094198676,-0.25484836067590616,-0.05436948222367098,-0.8164553486475564,1.8864110952131505,-0.4846237089171882,0.1817914946388332,0.6149732640397371,1.5539728449845414,-0.37153966943728567,-1.6066603575270884,-1.980449249729511,0.6358690696027934,-0.7759052986632599,-0.1035484832504671,-1.0622544948769042,-0.7885913960966542,-0.939254006738398,-0.794369942049485,-0.20711139779498602,-0.2089648391376897,-1.136704559054746,1
-0.6376024649146498,-0.9523739281967958,-0.15484123025532542,0.5985369837740325,1,0,0,1,0,0,-0.8236341047562825,2.9625299228848117,-0.19541498984647596,-0.40655441154498434,2.5897135071005772,2.592586554355937,-0.07326428312491458,-0.6514656170884227,1.3256075509544891,-0.1317299289368813,0.48322818994697964,-0.3295719512572915,-0.8366947972671759,0.2390455454980925,-0.4843108172488426,0.20761028975238446,0.4443675639002249,1.1530957971415126,-0.21462929445480164,-0.2366301126415829,0.340727261609537,0.40898505945086067,-1.6035216109294883,0.6185859052117927,0.4975533005247432,0.2366301126415829,0.21462929445480092,0.10385022336961848,-0.5596729573423944,-0.4004555067940112,-0.23777976860790415,-0.05044549714841698,0.25856020669096863,-1.1988643086375024,-1.2606630497196296,0.20179139169817292,0.11228645211844858,0.12408133374116129,-0.669956189235104,-1.3202085221226638,-1.0407926936620688,0.9186817518577256,-0.28942660841731066,-0.4316415915936655,-0.45626319576493324,1
-0.5862019402001745,-0.5400896726534062,-1.168717627632051,-0.8681093238500562,1,0,0,1,0,0,-0.7479204827314877,0.43312638202953796,-0.822280879298011,1.1916759313703347,-0.5690568034191699,-0.587847893214854,-0.8613863803628385,0.09021270798914108,2.4460293461490363,-0.9986149319258003,-0.6213637858051839,-0.19251305338188973,0.8265398782362642,-1.0065918190076288,0.15376523818109156,1.3465815505946055,-0.6120766764941703,-0.06234834365213829,1.0318374740956051,-1.2859286878517078,0.19200404512115893,0.03021886723368577,-1.990619464135986,0.7421395928237494,0.7469323309817937,1.2859286878517078,-1.0318374740956058,-1.038102835155144,-0.10937746679115769,-0.7188718357025985,0.020630241285320403,-0.22112829950298704,-1.222174502210428,0.758556726032511,0.2896456887631914,-0.9764194483286528,0.0012624832707351544,-0.17942508891434333,-0.615216890773458,-1.4628375071540325,-1.1423313805857394,1.4579758036433286,-0.04248097655033679,-0.5986491559356475,-0.8274130302866491,0
1.495519310736081,1.5986349029779314,0.5693561964423357,-1.161438585374874,0,1,0,1,0,0,-0.15483044353726144,-0.41873021276424965,0.12441454558798068,-0.5164978457064292,0.22227082996066314,0.07712764440294222,0.7865856548993375,0.4165045191301915,0.18372612510192815,1.829190798843442,1.3871662418743853,1.3102888763211822,-0.867926218970368,-0.11668909104632483,-0.39912165580596715,0.2537179527951537,0.36691908537003054,-0.062258024878982896,0.9477123177844309,0.8471482119907131,-1.2103608656232778,-0.9714968367552579,0.0038023062170802297,-2.1072880755186785,-1.8641668959948663,-0.8471482119907131,-0.9477123177844317,-0.14682239923337803,-0.40957446049198204,-0.12752722487236504,0.020630241285320403,0.17144214591252482,-0.655084613695,1.166352774922097,0.7325910426154264,-0.35630847989348147,-1.2200011740541141,-1.0899443568808573,-0.8706669502611417,-0.7367263106307022,-1.430024326869473,-0.857816301083085,0.6160407084282594,1.2384340518261547,-1.136704559054746,0
-0.3291993166277972,-0.23087648099586283,0.5693561964423357,-0.13478617003801185,0,1,0,1,0,0,0.03445361152472564,-0.5117657453014551,-0.0035172685858019803,-0.4950878085276215,-0.030662465111361153,-0.010969316532300452,-0.428250697569072,0.5098229782085214,0.7554878634585861,-1.0422340058476613,-1.0632261669427068,-1.4110569243747404,0.16017349485873583,-0.24870044827762236,-0.4946306313891492,0.7576902707660402,-0.3225682021685688,-0.16728085002283727,-0.8195116582252774,-1.1117316642817359,0.3469944621766442,-1.1952581455367821,-0.27137156759241066,1.0881377949886504,1.2189288980812039,1.1117316642817359,0.8195116582252766,-0.2582324537235989,-0.4846237089171882,-0.082039177885424,0.31780175266252825,0.17144214591252482,-0.655084613695,-0.709509049969999,-0.4301405112466897,0.20179139169817292,0.11228645211844858,-1.2416975682086098,-0.6882026220556532,-0.7107937678977266,-0.2792525417345383,0.09387908442092041,-0.4540570296619595,-0.9326642846196119,-0.5181215015185524,0
0.13340540580248203,0.026801178718756015,-1.6032360836506476,-2.334755631474145,1,0,0,1,0,0,-0.06649788450833415,-0.458270314092562,-0.19541498984647596,-0.4059757618915031,-0.11638085485204512,-0.038695263628671234,-0.01636978575611911,1.5806797498297436,-1.1672381120809467,0.5164993115746268,-0.28080021181604176,0.35424753185687397,0.4116117797743962,-1.2532521171332487,1.3222790358433352,-0.9956781889822507,-0.6386413598176703,-1.563941081081615,-0.01001094667634824,0.4930801176436278,-1.2294721632416266,-0.8449024521744327,0.5950930448342067,-1.3310230883773193,-1.1618300414220029,-0.4930801176436278,0.010010946676347532,-1.2330704305130304,0.9413120111617277,-0.5733100853443877,-0.9613277963089331,-1.1257471519822078,-0.5605696322757617,0.758556726032511,0.8433273810784847,-1.2864749325462383,-1.2477571662660425,-1.0140677512169813,-0.998391980004983,-0.5811310542328463,-1.0238695791747903,-1.2702176348014877,0.12214944469431245,0.4033962301162448,-1.2604211705619852,0
-0.894605088487027,0.5421564981479937,-0.4445202009343899,-1.6014324776621007,1,0,0,0,1,0,0.8294466427850714,-0.6210824960326716,0.23955317834438508,-0.5367505835782743,-0.29334186988778516,-0.06284366916421999,1.235901451699694,-0.24633913347475397,0.13109945671537876,0.710542370331952,1.1296223488031063,-0.5843121321834011,-1.5793875566682318,1.0538043441051008,0.5645344246164943,-0.1993351820363061,0.2162440908126452,0.6176704713809003,-0.16027754582615011,-0.6379707392984506,-0.6656021697335517,0.9036463852328271,-0.3795299833225363,-0.7454729631419644,-0.8655293822874185,0.6379707392984506,0.16027754582614942,1.0229831729139398,0.5660657690356972,0.11810822885711679,-0.0052107597040024186,0.08610074473523979,0.6996301199807459,-0.30171300108041293,-0.26403600355210183,0.2638024885416898,-0.4150773999081907,1.413983630027056,1.3006585553841723,0.8710913388138142,0.4822876101929924,0.9504049313745251,2.591605763364049,2.351817814106035,0.904619530814692,0
-0.3034990542705592,-0.4885541407104817,-0.8790386569529866,-1.6014324776621007,1,0,0,0,1,0,4.892744358115728,-0.7838946779727811,-0.1442422641769629,-0.419863353575054,-1.38890654018856,-0.2783905482037477,1.0132100285745431,0.6235282445054251,-3.1762071587668568,1.2503481315072404,0.01786531794041986,0.035154611430245626,0.12715621735006627,0.30462876599620076,0.009259473190118548,-3.0353316871050366,0.31541774694863667,-0.8531028398435684,-0.8569681418843186,0.8978772664439514,-1.1045117353475709,-0.846536146775984,1.2917659703353903,-1.3763768213462741,-0.8561146684062972,-0.8978772664439514,0.8569681418843179,0.24311279148239442,-0.03432821836595151,-0.11842961547497735,-1.6461143225259778,-1.467112756691348,1.6447799341731264,0.4323198869208419,1.009431888773073,0.139780294854656,-1.1089772052064004,-0.9381911455531051,-0.6517097564145549,0.054216242725068246,-0.4992530300691578,-1.2702176348014877,-0.12479618717266176,0.3477270420022505,-0.7036964187794109,1
-1.1259074497021662,-1.3388904177687242,-0.15484123025532542,-0.13478617003801185,1,0,0,1,0,0,-0.11697363252486404,-0.42512640562618254,0.15000090842273722,-0.5234416415482046,0.203559439565839,0.07757483709804497,0.28760663936089914,0.12698979665296237,-1.4599806858365874,1.2325013297456124,0.48633184075499625,0.989518749224037,0.03958904019875354,-0.7680323727628993,-0.5379538733644385,-0.4130178842613759,-0.38014824981780476,-0.5268330894683237,0.74955583532744,0.6061852033378367,-1.1673329305684796,-0.7132078621716459,1.5807993647913448,-2.041978279311105,-1.1466051836779012,-0.6061852033378367,-0.7495558353274407,-0.7595776989295921,-0.5596729573423944,-0.2185033188462471,-0.39282577454383927,-0.5112890635057554,-0.024984737566746233,0.5138790966987595,0.17890935030013266,-0.8523972546416179,-0.9948692372240283,-0.4323471077939307,0.9874281252980858,1.757119882190497,0.6120314879287937,-0.25860068798797037,0.6160407084282594,1.0652410221381738,0.7809029193074537,1
-1.2030082367738797,-0.7204640344536393,-1.168717627632051,0.3052077222492148,1,0,0,1,0,0,0.19849979257844777,-0.5338616842790415,0.9303849748828115,-0.6397502218979436,0.34082773095331814,0.08383553482948353,-1.551673172876783,-0.8241547402668958,0.7653067326981154,-0.880075868567351,0.020316253183919282,0.19639661636235484,0.10933075164253328,-0.792095161010802,-1.0836025007566847,-0.56000840441871,-0.6832350143130403,-0.4080090065091236,0.3586118043630053,-0.08780526073650123,1.3661871668888543,0.045649047873029105,-1.6089543809617985,0.5114415760291846,-0.42475350649394805,0.08780526073650123,-0.35861180436300605,-0.9266927806649233,-1.2351161931692491,-1.1828499149693978,-1.2455788071914804,-1.39883963574952,-0.34003467563087314,-0.13859458152457876,-0.319404172783631,-1.5965304167638241,1.5555980471387252,0.27583454506891375,0.7076494887163344,-0.30883935553659736,-0.093098282374475,1.267636726542527,0.6160407084282594,0.6260729825722207,0.34789477903211874,1
1.6497208848795075,0.1298722426046032,0.27967722576327125,-0.8681093238500562,1,0,0,1,0,0,-0.09173575851659908,-0.44547792836869626,0.047655457083711085,-0.5118686484785789,0.11057505824015126,0.05297923886739346,-0.046172798253276665,-1.3738736735760049,0.5270004878402769,-0.3355237775203365,0.3237674757715087,0.44579889314101656,-0.26273849474830463,-0.060014143504442584,-1.0361319485926956,-0.16634834417238345,-0.2155306414023877,-0.4040760028910945,0.11588809585456382,0.4930801176436278,0.00423897487715817,0.8477104927154739,-0.887591364818598,0.23955448265802393,-0.8154151451382675,-0.4930801176436278,-0.11588809585456454,-0.11896988561082296,-1.009968447893631,-0.2276009282436361,-0.2765412700918884,-0.34060626115118536,-0.24551969421163483,0.2692014673650073,0.2342775195316623,-0.29429738304996345,-0.08200549336504998,0.6552175733882943,-0.3050275328241268,-0.6978274965312384,-0.5669454880182719,-0.3819686083310823,0.12214944469431245,0.4033962301162448,-0.5799798072721716,1
-0.9974061379159777,-1.2873548858258006,-0.15484123025532542,0.5985369837740325,1,0,0,1,0,0,0.6527815247272168,-0.6007309732901579,0.03486227566633282,-0.510132699518135,-0.3550453186768709,-0.06776278881035029,0.6281709076742836,1.24652524353859,-0.7435066900444487,1.1417022397649128,0.376082312449301,0.13636422835623999,-0.9876044861932002,0.08572525370037312,1.753426388737514,-1.8344707632526818,0.7165482674549223,0.005369597776036304,0.9068055190224368,-0.7133741297612541,-0.7878312750688962,0.045649047873029105,-0.8270676484706511,-0.831849073228521,-0.4836830580573221,0.7133741297612541,-0.9068055190224374,0.4659329004628361,2.4422969796658496,1.510042466657512,0.13691474573727128,0.4274663494443799,2.526919760752682,0.9216751455883455,0.5111183656893089,0.9459245538203791,-0.3318094232724056,0.9587239960437993,2.751249964617807,1.7463146560517566,1.2184430903896055,3.1075811385169376,3.0854970270979956,2.7971713190179877,2.1727147987638893,0
-0.09789695541265715,-1.235819353882877,0.5693561964423357,0.3052077222492148,1,0,0,0,1,0,0.17326191857018283,-0.5292099076521812,-0.24658771551598904,-0.38514437436617666,-0.34756481593456784,-0.10935170945490646,-0.6694995439896914,0.04132593413446236,0.25179724288741995,-0.9155414293460811,-1.027436317624059,0.11998631214984394,1.0083138140178178,-1.095750228098364,-0.08753023262653926,0.6843430499523184,-1.6062742359028452,-1.1658851399983357,-0.38662849897585155,0.5471004570796687,-0.16390530374118642,-0.14440700707509682,0.3434835011252663,-0.3559166310422575,0.19745761451751914,-0.5471004570796687,0.3866284989758509,-1.1216603760228097,-0.3345252120667762,-0.7916527108817039,-0.354064273059855,-0.9379960693921812,-1.0016395455655394,0.2692014673650073,0.5111183656893089,-0.9764194483286528,-0.24854144663662048,-0.2553016945782196,-0.378013264106322,-0.1532440991387405,-0.2792525417345383,-0.12818317219668063,-0.37174181903963527,-0.15329565102369538,0.10046155601764112,0
-1.100207187344929,0.5163887321765315,0.27967722576327125,1.478524768348486,1,0,0,1,0,0,0.29945128861150755,-0.55305026286484,0.38027817393554597,-0.5627898179849323,0.03800584386551641,0.0096015474424262625,-0.18241704103369993,-1.4237326081199926,1.180070339491014,-0.5357572457016637,0.2807367313383225,1.0063495431128155,0.3158157881843637,-0.44570125258320686,0.49365553482858515,-0.31927224477968297,-0.1656085124543333,-0.2557905507016806,0.288491621905012,1.0864182721050466,-0.19168410396297794,2.448650963457406,-1.9340335021802761,0.5595589086877713,-0.6147011872613236,-1.0864182721050466,-0.2884916219050127,-0.48105256270404034,0.340918023760079,-0.2912841940253525,-0.40574627503850064,-0.4430159425639276,-0.05648973137315825,0.35076067714292497,0.2342775195316623,-0.17027518936292965,-0.38732140769626244,1.717490052682561,-0.8889133830816909,-1.6313990349183765,-1.3623318689203594,0.062155904904119784,-0.8656330827735822,-0.48731077970765985,-0.8274130302866491,0
-0.5862019402001745,-0.1535731830814779,-1.168717627632051,0.5985369837740325,1,0,0,1,0,0,-0.7605394197356201,0.4709220671227777,-0.2210013526812325,-0.39093087090098955,1.384421077291246,0.664291653072859,-0.3856437335667535,-0.35014104343175867,0.9239208123703805,-0.45182751270232613,0.03853878256027573,0.41230778150200675,0.21422346938565312,-0.9889632847090242,-0.16128425399986382,1.2228916638935363,-0.9192038715705404,-0.2775107055976406,0.6312676384277316,-0.06374491962016399,-0.4519134623483961,0.31900854549700935,-0.034142515050214,-0.301077004029902,-0.3210374957424129,0.06374491962016399,-0.6312676384277323,-1.038102835155144,-0.40957446049198204,-0.8371407578686448,-0.1473362651452761,-0.4942207832702994,-1.1591645145976028,0.35076067714292497,0.06817301183707392,-1.1004416420156866,-0.6371253376036178,-0.1035484832504671,-1.0805009276974533,-0.9312203811280227,-0.9731002357129547,-0.826093121566285,-0.20711139779498602,-0.26463402725168356,-1.2604211705619852,0
-0.7404035143436003,1.5986349029779314,-0.15484123025532542,-1.161438585374874,1,0,0,1,0,0,-0.2810198135785862,-0.3501165075180606,0.12441454558798068,-0.5164978457064292,0.35708231377937705,0.12989638242506726,1.2114804912475157,0.8681637079658647,-1.1256606905900277,1.5316375239701907,0.9597558728326334,-0.36701986115854146,-1.430013804862064,0.6232051400702363,0.18388213891017804,-1.4592130240376255,0.27261552060275257,-0.19174245100128165,-0.9813771768947055,0.47274661909186166,-1.0618938808286837,-1.007372844633302,0.0724475107026802,-1.7988225982457835,-1.4349288234152024,-0.47274661909186166,0.9813771768947048,0.10385022336961848,-0.3345252120667762,-1.4375829780962672,-1.8270013294512357,-1.6548638392813753,-0.24551969421163483,-1.0357458890816678,-0.762349526635866,-1.4104971262332722,-1.0812212129944723,-1.0899443568808573,-0.7246954876967501,-0.5811310542328463,-1.1931007240475748,-0.635754044465484,0.6983559190505837,1.0714264874841732,-1.0129879475475077,0
0.2105061928741954,0.026801178718756015,0.27967722576327125,-2.334755631474145,1,0,0,1,0,0,-0.44506599463230834,-0.203585543771962,-0.19541498984647596,-0.4059757618915031,0.3291981714048066,0.1571751368263353,0.3856390936652872,1.4066042998983208,-0.33717434583122036,0.6432022230095026,0.6276719697945798,0.3861096079463202,-1.1222829466587416,-0.6980511041331134,1.1669728497512917,-0.2834613023836877,-0.5215169021472195,-0.4055177564720307,0.10398440440281079,0.42347698798565403,-1.2337249856025188,-0.7615607620203333,0.17607735416691064,-1.386051940234236,-1.2119134631413033,-0.42347698798565403,-0.1039844044028115,-0.7595776989295921,0.7912135143113154,-0.6097005229339397,-0.6512357844370638,-0.801449827508525,-0.2140147004052217,-0.5463906304141645,-0.6516131881728072,-0.9764194483286528,-1.2477571662660425,-0.9381911455531051,-0.9618991143638861,-0.7367263106307022,-1.176177609560296,-0.9529858396334858,0.2044646553166367,0.45906541823023866,-1.2604211705619852,1
-0.8175043014153137,-1.95731680108381,-0.8790386569529866,0.3052077222492148,1,0,0,1,0,0,-0.5838743016777656,-0.04658808261542777,3.898403063714569,-0.7653171967033833,1.9129505197612033,0.5556238281628896,-1.5233238207100617,0.7849343380780812,-0.7158156426208928,0.06269911854436827,-1.1059438307602465,-1.0767192821920548,0.16344394477165974,-0.6670689680532516,0.7092149058353547,0.3436731207521627,-0.03203136146079477,-0.32080368951887883,-0.49529816032406576,-0.9772859963810728,1.4516914014657685,-0.36687108889595776,1.3239023060752473,-0.11646421385853485,1.1245787812110375,0.9772859963810728,0.4952981603240644,-0.7874302125521474,0.26586877533487285,-0.9372144612399159,-0.6383152839424023,-0.6136987449184976,-1.1906695084040155,-0.6279498401920818,-0.4855086804782194,-0.9764194483286528,2.16622987580115,0.19995793940503753,1.9301604876931084,2.491875259624819,2.276137745844509,1.3628062650929278,1.0276167615398821,0.5704037944582268,1.708777505611744,1
-0.6376024649146498,-1.3646581837401863,1.7280720791585935,-0.4281154315628296,1,0,0,1,0,0,-0.24316300256618875,-0.3797715835142949,0.11162136417060241,-0.5159191960529479,0.30505863753392737,0.10664236227972403,0.24482099331671905,-0.8871859920801081,2.4078991110877332,-0.45972633767589016,-0.13688394084613284,0.4743528759091909,1.081362759874134,0.048925283636342166,-0.9841557792196948,0.9863910200551632,-1.027528397473364,-0.3367887606067301,0.7755411756117203,-0.12221154853286169,-0.2915439838702613,0.23178496163423712,-2.3004509019865442,-0.3978189466772613,-0.15085284699609175,0.12221154853286169,-0.775541175611721,0.29881781872750485,-0.7097714541928067,1.0187715591985484,1.4418852956980555,0.8712416355662611,0.25856020669096863,2.063504082479186,1.7292180887829538,0.5738579727592754,-0.4011994038022266,0.010266425245347094,-0.5673200046195167,-1.5762923816108028,-1.5950246931204382,1.6007301114689292,-0.3100054110728917,-0.4038069975366686,-0.6882318423410059,1
-0.3034990542705592,-0.17934094905293926,-0.8790386569529866,-0.4281154315628296,1,0,0,1,0,0,4.892744358115728,-0.7838946779727811,-0.11865590134220637,-0.4256498501098669,-1.3658067259319506,-0.27391862125272015,0.5269015243682327,0.660962585079589,-1.8975861880220273,0.9190267844137127,0.030274206682755732,-0.8273348870854389,-0.3888916307330135,0.2756103535035736,-0.0390463403120116,-2.6559400140601213,0.5361939161754532,-0.47275236217979427,-0.37315522795503414,-0.7582952985476056,-0.45728277803623635,-0.9463076575517824,-0.07489968771219639,-0.7098651863126461,-0.5009086192835401,0.7582952985476056,0.3731552279550334,0.12241856578465546,-0.18442671521636386,-0.44897609024674817,-1.6719553235153006,-1.427286769475282,1.2247133500876244,0.3235742738836193,0.5664865349208381,-0.2736270174354578,-0.27629743884854874,-0.7105613285614767,0.8353745184601769,0.6636309969500054,0.31305646532020776,0.6966194952401235,1.6861384465184783,1.3497724280541432,0.16231986177126023,0
-1.1259074497021662,-0.514321906681944,-0.15484123025532542,-2.6280848929989626,1,0,0,1,0,0,-0.11697363252486404,-0.42512640562618254,-0.4896581624461761,-0.17393725084550635,-0.4561343451276461,-0.19252955074401884,0.28779614161589157,-0.6254067874074851,-0.2592249901335027,0.30142677381881455,-0.028782578103191597,-0.2942737307525418,-0.7665296530349465,-0.7237335787316994,-0.407354488945409,-0.5205227098303057,-0.0995061607842844,-0.17216513355290675,0.4783555005605047,-0.8757814322965277,-1.1233336050278366,0.45031165822736796,-0.16870587875961446,-0.5058767306926683,-0.13066698250149783,0.8757814322965277,-0.4783555005605054,-0.7874302125521474,-0.5596729573423944,-0.646090960523493,-0.7933612898783374,-0.7843815472730677,-0.11949971898598452,-0.30171300108041293,-0.5408768497097485,-1.1004416420156866,-1.1367331974183288,0.12408133374116129,-0.7611883533378483,-0.723760039264214,-0.8546384343020056,-0.1916295312302808,0.8629863402952329,0.45906541823023866,-0.8892713360402683,1
-0.5862019402001745,-1.2100515879114147,-0.4445202009343899,-1.161438585374874,0,1,0,1,0,0,-0.33149556159511606,-0.3256946802270442,0.188380452674872,-0.5286494884295363,0.4612375621729423,0.1580695222165408,0.13610838818316326,0.7929286915233965,0.5888909003080484,0.04890077939857048,0.17717285203487868,0.24778352139168974,0.17071713742137845,-0.34436560662122156,-0.25218918155936476,0.42050622221860096,-0.1443010335409107,0.2434995560715076,0.4977080171176754,-0.15567358143258175,-0.533348083613972,-1.340957099494987,-0.3824653888188216,-0.20914823288091208,0.007396538304117493,0.15567358143258175,-0.49770801711767615,-0.3974950218363748,-0.3345252120667762,-0.32767463161490584,-0.06981326217730856,-0.11871861809024475,-0.2770246880180474,0.02452383803125581,-0.2086678343205727,-0.5423417704240322,-0.7481493064513315,-1.4693273852002382,-1.3359509871851372,-1.2942759793896883,-1.277716296483967,-0.5405845059150832,-0.7833178721512579,-0.9326642846196119,-1.6315710050837011,0
0.9044132765196139,-0.10203765113855341,0.5693561964423357,-0.13478617003801185,1,0,0,1,0,0,0.11016723354952047,-0.5204878264768181,-0.23379453409861076,-0.3880376226335831,-0.2915073759254505,-0.10040785555285138,-0.0842239433549605,-0.2082798811948061,0.22894669949378038,-0.11041537140814697,-0.4657167716918498,-1.2715046787961168,0.008179091250195636,-0.048365963437002335,-0.7391010000258411,0.14735298760580293,-0.08006137433141645,-0.18530254394589477,-1.1014209826064827,-0.6418048099999468,0.06878874268569056,-0.4545444833921744,-0.1649022660919505,0.06977655506213656,0.42454274417817534,0.6418048099999468,1.101420982606482,-0.23037994010104354,-0.8598699510432187,-0.7279694450999874,-0.5478717804797735,-0.5454256239766699,-0.7495995951142377,-1.0357458890816678,-0.7069813574043363,-0.6663639641110671,0.0012624832707351544,-0.482931511569848,-0.2046721523111086,-0.2569742700706454,-0.21156008378542468,0.3476645205553221,-0.28942660841731066,-0.5986491559356475,-0.3944048900113141,0
-1.280109023845593,1.1605828814630785,0.5693561964423357,-0.4281154315628296,1,0,0,1,0,0,0.04707254852885811,-0.5152545777716003,-0.2721740783507456,-0.3591051399595187,-0.287680172368929,-0.11874275605206432,0.13857255152613338,-0.36451263576371273,0.485320421335355,-0.2389934952017694,0.12411607411895186,1.922810285513385,1.108695943903037,-0.7009934739101182,0.14107047702963543,-0.9811045323198136,-0.7723560426044697,-0.5558873403706487,0.8355570349801581,1.7937886031270187,-0.8931129257038399,0.6416263391241038,-1.6493647119168,-0.44299023729088544,-0.7040727682394178,-1.7937886031270187,-0.8355570349801588,-0.3139374809687093,0.8662627627365218,2.1559727338720744,1.1705547853101694,0.7517636739180628,2.6529397359783324,3.042214599814193,2.670476965718953,1.752068812786101,-0.9979532363586869,0.12408133374116129,-1.1534866589796486,-1.6962303917508168,-1.7177172731532073,0.09387908442092041,-1.0302635040182315,-0.32030321536567735,-0.7036964187794109,0
-1.4086103356317816,-1.235819353882877,1.0038746524609323,0.3052077222492148,1,0,0,0,1,0,-0.3188766245909836,-0.3373241217941949,-0.24658771551598904,-0.38514437436617666,0.0924635569543927,0.03822187992900256,0.7812644109952315,0.40337633863741534,-0.8204560892991444,0.356193540386913,-0.39757640509434367,0.5931772798852203,0.8806637033721367,0.8608645350814692,0.5012125323919903,-0.7427420958460891,-0.04508444136206446,-0.4387248123291467,0.18032674558006626,0.6301771912123648,-0.22620148137732113,-0.051542971802299324,0.3752067829629623,-0.5258994536754437,0.0885394099272007,-0.6301771912123648,-0.18032674558006695,0.4102278732177254,0.04072103005925432,-1.0827762115981268,-1.2455788071914804,-1.1940202729240363,-0.5290646384693491,0.35076067714292497,0.2896456887631914,-1.2244638357027204,-0.3595654154843339,-0.2553016945782196,-0.6334633235940058,-0.3607044410025493,-0.5330992590437151,-0.3185222492974822,-0.4540570296619595,-0.2089648391376897,-0.20882997275045564,0
0.5189093411610479,-0.3854830768246345,1.4383931084795292,-0.4281154315628296,1,0,0,1,0,0,0.3877838476404349,-0.568168536902136,-0.579210432367824,-0.0842465545559066,-0.9879650757019567,-0.37185382148022345,0.2815904440460561,0.25247448445960224,-1.1910652706342308,0.2809160073138359,0.013072170917764298,-1.4557245957153138,-0.9025569735273326,0.10737093020380338,2.0775794647834656,-1.955285801726594,0.7053169941439952,-0.16566425132577062,-1.1014209826064827,-0.8930588049066626,-0.28427459877091843,1.7347443466105352,-0.336647537811604,0.31988085515668324,-0.17873335990471717,0.8930588049066626,1.101420982606482,-0.14682239923337803,1.391607501712964,-0.9099216330477515,-1.659034823020639,-1.3647030752786062,0.3845801819166189,-1.0357458890816678,-0.7069813574043363,-0.6663639641110671,0.0012624832707351544,2.3245028979935705,1.3006585553841723,0.8970238815467907,0.9899810448113461,0.7917890337905242,1.7684536571408034,1.3497724280541432,0.9664778365683122,0
1.5983203601650333,-0.1535731830814779,-1.168717627632051,0.5985369837740325,1,0,0,1,0,0,0.13540510755778543,-0.5216507706335333,-0.2210013526812325,-0.39093087090098955,-0.2955324780905889,-0.09906627746754311,-0.3789121746514411,-1.020732999915901,-0.07872084831428067,-1.1196527769001339,-0.8009492397046329,-0.4061488212675661,0.8255439548599975,-0.9204101915667583,-1.1617896048773568,-0.22324544647390673,-1.3539672186294727,-0.9972674918458286,-0.31993580742281313,-0.2366301126415829,-0.3927764159531566,0.23713275393813532,-0.11672610718784142,0.17000795069944383,0.06763563545779017,0.2366301126415829,0.3199358074228124,-0.9823978079100336,-1.2351161931692491,-0.8462383672660339,-0.8192022908676594,-1.2452251136304073,-0.40304466324369825,0.35076067714292497,0.5664865349208381,-1.0384305451721696,-0.5538573609678327,-0.1035484832504671,-0.8980365994919648,-0.8145239388296306,-0.7023304039164997,-0.6040308649486834,-0.28942660841731066,-0.4316415915936655,-1.136704559054746,0
-1.1259074497021662,-1.2100515879114147,-0.15484123025532542,-1.161438585374874,1,0,0,1,0,0,-0.11697363252486404,-0.42512640562618254,0.188380452674872,-0.5286494884295363,0.22809434738724027,0.08159957135396977,-0.2671909022529027,0.6194033642200437,-0.0013630052675185685,0.2822714264626349,0.22563988448320058,0.5437078885313645,0.10091932512689818,-0.5015059479431485,-0.5926424347809003,-0.37652850237995883,-0.003641329440536742,0.22716794393487047,0.4025854781078499,0.3422733367180179,-0.1295633803900699,-1.4438467373371349,-0.3765115587598724,-0.38494116645846604,-0.07155761815942938,-0.3422733367180179,-0.40258547810785056,-0.5924626171942612,-0.7097714541928067,-0.6187981323313287,-0.7029177864157086,-0.6649035856248688,0.06953024385249205,-0.38327221085833024,-0.5962450189412776,-0.9144083514851348,-0.5538573609678327,-1.6210805965279906,-1.8286046733399568,-1.6962303917508168,-1.7007941586659285,-0.8895394805998851,-1.1948939252628807,-1.211010225189582,-2.002720839605417,1
-0.8175043014153137,-0.10203765113855341,-1.6032360836506476,-0.13478617003801185,1,0,0,1,0,0,-0.6091121756860305,-0.02042183908933873,-0.23379453409861076,-0.3880376226335831,0.6479307220189112,0.2841778622355176,-0.7417608141517464,-0.22617056878770694,0.9267126936086599,-0.9923380466924024,-1.0055939063298116,-0.3538124055330697,0.7532376330702873,-0.9889632847090242,-0.7081069983232986,0.9978769021842145,-1.212424771350578,-0.6855393297145524,0.23272740579640636,-0.7133741297612541,0.043276007055959,-0.3989398426956947,-0.2640772454084919,0.1383650316627091,0.638025602098098,0.7133741297612541,-0.23272740579640636,-1.038102835155144,-0.8598699510432187,-0.8371407578686448,-0.25070026910256554,-0.6990401460957827,-1.1276595207911904,-0.13859458152457876,-0.26403600355210183,-1.2244638357027204,0.0012624832707351544,-0.4070549059059717,-0.11343998820836432,-0.23104172733766892,-0.1607907403235886,0.664896315723324,-0.37174181903963527,-0.7099875321636356,-0.2706882785040748,1
-0.6633027272718879,1.1605828814630785,0.27967722576327125,-0.4281154315628296,0,1,0,1,0,0,-0.4955417426488382,-0.13671625476084556,-0.2721740783507456,-0.3591051399595187,0.339433075437039,0.17237968845982896,0.868543708166458,-0.031724629059212625,0.6174451942956408,0.8256691598525597,0.8223527029275072,1.2566473509735918,-0.18509856141729888,0.4113733781986306,0.8656230256941465,-0.3549800583486671,0.45523429015221945,0.3771751648089903,0.004530982273630621,1.7094233342895349,-0.7966917364721589,0.910705193619713,-1.2007889896326818,-0.6640232377681635,-0.7008606520759568,-1.7094233342895355,-0.00453098227363133,0.2152602778598393,0.5660657690356972,-0.5369196477548344,-0.625394783447741,-0.42594766232847037,-0.05648973137315825,-0.38327221085833024,-0.4301405112466897,-0.35630847989348147,-0.9424412519348303,0.27583454506891375,-1.290334905133765,-1.605466492185401,-1.7007941586659285,-0.2233527107470814,-1.1125787146405561,-0.48731077970765985,-0.9511296417938885,1
-0.38059984134227254,-1.235819353882877,-0.4445202009343899,0.3052077222492148,1,0,0,0,1,0,-0.5586364276695006,-0.08729112810045517,-0.24658771551598904,-0.38514437436617666,0.5022605812576203,0.23051473882318704,-0.14029838077866996,1.231792069679907,-0.4884020545363994,0.15248912945242263,-0.6866012481988071,1.1443142270840585,1.1871697958149225,-0.08669986313141884,1.5868165100929277,-0.13709221050431805,0.3621805596095235,-0.17134941199255904,0.7902460580981725,0.7769517052683067,0.10845883202641518,-0.10103532757186959,0.5298975196824787,0.15312906702663284,0.7253258992632424,-0.7769517052683067,-0.7902460580981732,0.04814519612450831,1.7668537438389946,0.5729886987265271,0.4082452561251572,0.5469443110925782,0.06953024385249205,1.247911984700014,0.8986955503100138,0.2638024885416898,-0.16527347000083534,-0.4070549059059717,-0.9801455471844351,-0.5940973255993336,-0.4992530300691578,-0.6040308649486834,-1.1948939252628807,-1.0440026608476,-0.5799798072721716,0
-0.2263982671988458,-0.1535731830814779,-0.15484123025532542,0.5985369837740325,1,0,0,1,0,0,0.009215737516460692,-0.5001363037343045,-0.2210013526812325,-0.39093087090098955,-0.20395769792021906,-0.08252014774874118,0.6752484027970691,-0.9751795667270413,-0.05460620762023096,0.6248430274346585,0.5778832860252219,0.5878792929956607,-0.014576364342933093,0.6367827546542345,-1.1709015986282334,0.12572530239199112,0.9848839704215032,1.1485351579838508,1.4425661784383952,-0.6289223324429117,-0.30268351598980464,0.1654810419751905,0.20099031913765136,0.13247146737206789,0.3700444633172969,0.6289223324429117,-1.442566178438396,0.04814519612450831,-1.3852146900196616,-1.637730384838808,-1.3360223106541085,-0.9550643496276378,-0.9701345517591269,-0.46483142063624716,-1.0391903727935126,-1.4725082230767892,-0.5816133531797613,-0.3311783002420958,-1.3815670692365094,-1.0868156375258795,-0.9731002357129547,-0.9212626601166852,-0.7833178721512579,-1.0996718489615938,-1.6315710050837011,1
-0.6376024649146498,-0.8235350983394863,1.7280720791585935,-0.8681093238500562,1,0,0,1,0,0,-0.24316300256618875,-0.3797715835142949,-0.6047967952025805,-0.0437410788122164,-0.5737420698703161,-0.25826687692412376,0.3953146882212425,-1.4456920909378854,0.8099341601760862,-0.8870388357106224,0.07219649682309116,1.4034290529893745,1.0797648341876174,0.15556930462787605,-1.0840476350456603,0.9732659126222568,-0.8706056636552112,-0.06074549903552965,1.1590962203352904,0.7645323233097284,-0.3942516808311563,0.8982826415962185,-0.12916874913711807,0.33505456693070995,-0.15316513841927637,-0.7645323233097284,-1.159096220335291,0.24311279148239442,-0.9349191994684248,0.391036510778763,0.8604627734383002,0.4274663494443799,0.006520256239666901,1.7372672433675176,1.1755363964676604,-0.046252995675895824,-0.5261013687559044,0.5034643620605421,-0.7520651369275744,-0.6978274965312384,-0.5330992590437151,-0.794369942049485,-0.7833178721512579,-0.5429799678216537,-0.7036964187794109,1
-1.2287084991311177,-0.6689285025107157,0.27967722576327125,0.3052077222492148,0,1,0,0,1,0,-0.23054406556205628,-0.389656608846373,-0.5152445252809326,-0.13343177510181614,-0.3900490501751786,-0.19655428499994362,-0.10083618535065467,-0.2252936101472838,0.48579718026095664,-0.008276237274049553,0.43900173926052355,-0.4994628057330144,-0.3297979714418553,0.30605277500352274,0.5914011705394528,0.5902030986167331,0.47992123397887865,1.086221326878676,-0.4157307643808121,-0.26889098598050765,0.44601949702867116,0.9016752602705258,-0.07100382457863035,0.48706234298920176,0.4897599482980564,0.26889098598050765,0.41573076438081064,0.1317027369921738,0.340918023760079,-0.50962681956267,-0.1473362651452761,0.0519641842643253,-0.24551969421163483,-1.1173050988595852,-1.0945585420250417,-0.17027518936292965,0.27882240539001907,0.6552175733882943,-0.41450612974742024,-0.38663698373552574,-0.1777138548108673,-0.12818317219668063,-0.5363722402842841,-0.7099875321636356,-0.2706882785040748,0
-0.2263982671988458,-0.6431607365392533,-0.15484123025532542,1.7718540298733036,1,0,0,1,0,0,0.009215737516460692,-0.5001363037343045,-0.2593808969333673,-0.37530733025699475,-0.24468886279596974,-0.09459435051651556,0.5673834221308828,0.28391912577730677,-0.7848343814524279,1.2142259023680515,0.7655625960087222,-0.7330326502221417,-1.4195719997544956,0.9374160969186963,-1.0282483501348445,0.35146549246865383,1.0034172335109288,1.328410321882816,1.1921218465220598,-2.182101039645461,0.1476946586873202,-1.419764534982661,1.4260838162810034,-0.6453695064216497,0.3016652562509176,2.182101039645461,-1.1921218465220604,0.35452284597261524,-1.2351161931692491,-1.4011925405067138,-1.0388507992769007,-0.6478353053894121,-0.844114576533476,-0.5463906304141645,-1.0391903727935126,-1.1004416420156866,0.27882240539001907,-1.2416975682086098,0.5708012425622179,1.2730457511749436,0.8884423578876751,-0.09645999267988113,2.4269753421193996,1.2384340518261547,-0.08511336124321738,1
-0.8175043014153137,-0.6689285025107157,-1.6032360836506476,0.3052077222492148,1,0,0,0,1,0,-0.6091121756860305,-0.02042183908933873,-0.5152445252809326,-0.13343177510181614,0.2556084424433628,0.08741307639030557,-1.027819176235048,-1.4093004656815766,0.9410568571678171,-1.0046711126543584,-0.432409425859297,0.6342880596176909,0.7830235338115379,-0.9777534662958712,-0.9275700863135096,1.34698957022551,-1.3912844329827811,-0.6028880159825096,1.0042885975848093,-0.13094794135889734,0.4522478414425727,1.005089767114261,0.06713836555796207,-0.022327970658632765,-0.02644937369011413,0.13094794135889734,-1.00428859758481,-1.0102503215325889,-1.009968447893631,-0.6915790075104341,0.046471242274642305,-0.5112890635057554,-1.0961545269847772,0.35076067714292497,-0.09793149585751397,-1.2864749325462383,0.22331042096616224,0.6552175733882943,-0.615216890773458,-0.4903671546674297,-0.4654068010946016,-0.5088613263982832,-0.5363722402842841,-0.6543183440496418,-0.5799798072721716,0
-0.6633027272718879,-0.23087648099586283,0.27967722576327125,-0.13478617003801185,0,1,0,1,0,0,-0.4955417426488382,-0.13671625476084556,-0.0035172685858019803,-0.4950878085276215,0.5869790055053129,0.2774699718089763,-0.3207031895894088,1.1122633321375666,-0.3749644281777128,-0.5623638560203996,-0.9217775988311355,-0.5526924700631147,0.43845899722770265,0.3720520041413033,0.6382808330247881,-0.09310149983019271,0.32836241859354703,0.34761827036734627,0.2430696413654208,-0.9948801208223941,0.8176955706882497,-0.8872006027649216,0.4190309060467074,1.0853158421956155,1.5377376060351169,0.9948801208223941,-0.24306964136542153,0.15955525061472892,0.340918023760079,-0.6097005229339397,-0.5607922809744348,-0.40887938209301433,-0.2770246880180474,-0.5463906304141645,-0.7069813574043363,-0.4183195767369984,0.3343343898138759,-1.0899443568808573,-1.1899795246207467,-0.8274902101961188,-0.39771434314548676,-0.6040308649486834,-0.9479482933959068,-1.378017789531564,-0.76555472453303,0
1.5983203601650333,-0.5916252045963298,-1.168717627632051,-0.4281154315628296,1,0,0,0,1,0,0.12278617055365294,-0.5210692985551757,-0.3361399854376369,-0.33017265728545425,-0.41756314523130045,-0.1455743177582296,-0.458559262598011,-0.9524926264060495,-0.19634477756706575,-0.4953688033000736,-0.2753978245668876,-0.2764936881468487,0.28093249779428214,-0.9320921001456998,-1.4484723036470792,-0.047211190286042995,-1.4593838232911738,-0.7316038260637188,-0.12752713319093578,-0.2506245554141756,-0.29369762674670635,-0.14372173453894604,0.22096719531552567,-0.77788872286252,-0.3562380812096,0.2506245554141756,0.1275271331909351,-0.9823978079100336,-1.4602639384448675,-0.7734574920869285,-0.6770767854263857,-1.1598837124531223,-0.18250970659880966,0.35076067714292497,0.4557501964577793,-0.9764194483286528,-0.4150773999081907,-0.3311783002420958,-0.6243401071837319,-0.4255357978349895,-0.685407289429221,-0.4136917878478824,0.28677986593896093,0.18071947766026855,-0.8892713360402683,1
-0.4577006284139859,-0.6173929705677911,-1.6032360836506476,1.7718540298733036,1,0,0,1,0,0,0.24897554059497767,-0.544328181689477,-0.34893316685501513,-0.3284367083250104,-0.5151899716128555,-0.16480360364764804,-0.7586843481106806,1.4706946300833168,-1.266356577071301,-0.8315753385016577,-2.19377251780505,-2.1090413390900373,1.1777368566337962,-0.8709970610259484,0.7720856026901382,-0.28043971821617,-1.7044858489862287,-2.7167288441272683,-1.2617730753737748,-1.6250696689933528,0.18467905374086518,-1.2451161269203914,1.449336992748998,-0.5667343570896242,0.1996547673461297,1.6250696689933528,1.261773075373774,-0.8709877534198129,0.5660657690356972,-0.3458698504096825,-0.43158727602782254,-1.040405750804923,-1.3166894836296663,1.0847935651441794,2.172163442635189,-0.5423417704240322,0.27882240539001907,-1.0899443568808573,0.4339529964081015,1.1563493088765513,0.8207498999385615,-0.3819686083310823,1.8507688677631275,1.0157572993701793,-0.08511336124321738,1
0.2105061928741954,0.4133176682906843,-0.15484123025532542,-0.4281154315628296,1,0,0,1,0,0,0.3246891626197725,-0.5588649836484154,-0.3745195296897717,-0.2896671815417641,-0.5933502302556727,-0.20594533159710146,0.17463659359646327,-0.8325650257260487,0.544265005450082,0.056308777627557025,-0.36265184167578784,-0.32999693562085847,0.29658983290025603,0.5484416996101092,-0.28927917464774183,-0.9429485693017883,0.5711909937454371,-0.5205238523408705,-0.16027754582615011,-0.29111514316954507,0.3051600496370657,0.8529280993846488,-1.691600869970819,0.49031368597283403,-0.03672507466127941,0.29111514316954507,0.16027754582614942,0.35452284597261524,-0.40957446049198204,-0.4732363819731166,-0.8579637923516437,-0.6136987449184976,-0.37153966943728567,0.18764225758709038,0.2896456887631914,-0.5423417704240322,-0.16527347000083534,0.12408133374116129,-1.5366617482111748,-1.9944546331800421,-1.7346403876404854,-0.15990635171348128,-0.37174181903963527,-0.5429799678216537,-1.4459960878228426,0
0.05630461873076867,0.6452275620338409,-0.15484123025532542,0.3052077222492148,1,0,0,1,0,0,-0.6091121756860305,-0.008792397522188045,0.20117363409225028,-0.5286494884295363,0.9948561533985788,0.40178954104754205,0.7610795659254727,1.5594987109483294,-0.3581451153290557,0.9530474339199517,-0.10904303034573624,0.14085475076848583,0.41539629572589926,0.6976113398451345,1.0853270684114917,0.0327667816148737,0.15796346821324436,-0.678839620628125,-0.01835909107355938,0.21031740340811067,-0.3612546320806334,-1.0532040908907194,0.5225238260937815,-1.1308717266550277,-0.5209934841950778,-0.21031740340811067,0.01835909107355796,0.2152602778598393,0.41596727218528484,-1.2738260089432798,-1.0646918002662225,-0.9550643496276378,-1.5687294340809674,0.10608304780917345,0.12354118106860354,-1.3484860293897554,-0.6093693453916895,-1.2416975682086098,-1.2994581215440402,-0.8793552956620708,-1.2100238385348534,-1.016432198667086,-0.37174181903963527,-0.32030321536567735,-1.3222794763156045,1
0.2105061928741954,0.05256894469021735,1.4383931084795292,-2.334755631474145,1,0,0,1,0,0,0.4634974696652297,-0.576890618077499,-0.1826218084290977,-0.40308251362409664,-0.4486837251927167,-0.13215853690514695,1.1430367311084038,0.20898923231651167,0.31511514848731836,1.3537563162502035,1.49060794860387,1.0086760407513335,-1.322791741993968,0.3292447580421525,-0.06356683218033234,0.6583239404712281,0.29263413292472557,0.584076484283629,0.5581846313588362,0.8221130942085976,-1.2604429163423263,-0.3505241370892615,0.2307791072526681,-1.5386664492527575,-1.3676263315079151,-0.8221130942085976,-0.5581846313588369,0.32667033235006016,-0.03432821836595151,0.09081540066495114,0.42116575661981864,0.529876030857121,-0.2140147004052217,-0.05703537174666111,-0.319404172783631,0.2638024885416898,-1.3032691506898992,-0.7105613285614767,-1.3359509871851372,-1.0349505520599276,-1.4807936703313085,-1.2702176348014877,-0.04248097655033679,0.4033962301162448,-1.3841377820692236,1
-1.6399126968469209,-0.978141694168258,-0.4445202009343899,-0.13478617003801185,1,0,0,1,0,0,0.08492935954125552,-0.5181619381633881,0.9047986120480549,-0.6356996743235747,0.40788712845991976,0.09277938873153863,-0.24065199849877386,-1.6306480923512179,0.2713432585463904,-0.8192457317382612,-0.34034345634437985,-1.648817243486686,-0.2036234217398529,-0.06791930749116327,-0.22437918603718282,-1.356123681851793,-0.059951748617196626,-0.4002046275348918,-1.4375436385994584,-0.8230517886162441,0.2667682902553412,2.013337538420712,-1.7337088406776313,1.0473010025702951,0.05174123661933121,0.8230517886162441,1.4375436385994576,0.438080386840281,0.41596727218528484,2.1104846868851332,0.8863037744276221,0.8200367948598906,2.62143474217192,0.02452383803125581,0.8986955503100138,2.3721797812212735,0.5286263352973745,2.476256109321323,1.0360852794862145,-0.1402778277722523,0.27921023634565156,1.8069307783281299,0.7806711296729086,0.4033962301162448,0.6571863078002155,0
-0.3291993166277972,0.6452275620338409,0.5693561964423357,0.5985369837740325,0,1,0,1,0,0,0.059691485532990585,-0.5175804660850305,-0.438485436776663,-0.21444272658919655,-0.5156537103833218,-0.232329700608164,-0.13638983972935156,-0.5970938405578338,0.6521535877014012,-0.6137931751613459,-0.03621002727449793,-1.3686587201792322,-1.2085645419694908,-0.4344925049320643,-0.9589337014453749,0.789231330743169,-0.3254553291822421,0.006981205722015023,-0.20147967785109497,-1.666862164000598,-0.24448639921860757,-0.14110869645375837,-0.09841442744482322,0.5064790477037115,0.053890597483978495,1.666862164000598,0.20147967785109425,-0.45320004908148526,-0.9349191994684248,-0.20030810005147043,0.22735824919990022,0.08610074473523979,-0.5920746260821743,-0.46483142063624716,-0.4301405112466897,-0.046252995675895824,-0.10976148557697851,0.04820472807728505,0.589047675382767,0.4432043837197094,0.6345956405784983,0.15732544345452057,2.180029710252426,1.2941032399401495,0.16231986177126023,0
2.0352248202380734,1.6759382008923163,0.5693561964423357,0.3052077222492148,0,1,0,1,0,0,0.4130217216486998,-0.5728203135289962,-0.10586271992482811,-0.44069474110038037,-0.35201265148775546,-0.09996066285774861,1.7199905800678994,2.0926542022742254,-0.5400178428558554,1.6908164172935558,1.1645221903831267,-0.14939628878659067,-1.6670918110196513,2.2204119184334785,1.5650110922292928,-1.396550394162003,2.3274990232749184,1.563271331751767,0.6912331826893887,-0.8893153741744672,-0.17307934421435264,-1.3044398098996561,-0.6651759814374556,0.023724292201754198,0.012294308283743102,0.8893153741744672,-0.6912331826893894,2.1649362314387024,1.5417059985633763,0.1817914946388332,-0.5866332819637576,0.2909201075607231,1.3927399837218248,-1.1988643086375024,-1.5375038958772762,0.38782468222872474,-0.3040534310604773,-1.317574173872486,-0.5878472415426337,-0.8145239388296306,-0.7530997473783346,0.12560226393772106,0.5337254978059351,0.1250502895462747,-0.76555472453303,0
1.9067235084518848,-0.07626988516709207,1.0038746524609323,-0.13478617003801185,1,0,0,1,0,0,3.3406151066074337,-0.7594728506817647,-0.20820817126385424,-0.39671736743580244,-1.2424709666050935,-0.2774961628135422,0.34415212670636863,-0.06301954359506791,1.1293221241048186,-0.1818470015399719,-0.37142246120935435,-0.3541216973501114,0.3221298264124148,0.4014080565709384,-0.28052533701312304,1.4177970714754582,-0.2666938497668105,-0.23212426172560188,-0.1934532884955867,-0.29111514316954507,-0.0774697092980352,-0.19452782308614022,-0.11907185116188586,-0.018785488900138453,0.2562432280921174,0.29111514316954507,0.19345328849558602,0.605195468575612,-0.03432821836595151,0.7913313242638433,1.4806467971820387,1.2808803612172301,-0.8756195703398886,0.2692014673650073,0.40038202722625016,0.6978801664463103,-0.1375174777889068,-0.2553016945782196,-0.23204180154193166,-0.2569742700706454,-0.24540631275998087,0.1890486229713212,-0.37174181903963527,-0.5429799678216537,-0.3944048900113141,0
0.7759119647334253,-0.5916252045963298,-1.168717627632051,-1.161438585374874,1,0,0,1,0,0,-0.07911682151246661,-0.4460594004470538,-0.7839013350458762,0.47125711278613047,-1.5270391461761088,-0.7072483428072894,0.03139104952984933,-0.5012900584109883,-1.432297119070107,-0.04099580420698822,-0.3563634417720406,-1.3428513726967313,-0.5368967758304075,-0.9467954705562627,-0.7841176287582988,-0.5656722485522032,-1.0578185318907127,-0.8109800421458137,-1.244018473027745,-0.5976867361744845,-0.9896768969432039,-0.09747549007461503,1.3895520874350782,-0.9935320619371846,-0.3284742391509749,0.5976867361744845,1.2440184730277444,-1.0102503215325889,-0.9349191994684248,-0.8917264142529749,-1.0130097982875779,-1.3134982345722352,-0.2140147004052217,-0.709509049969999,-0.2086678343205727,-0.790386157798101,-1.053465220782544,-0.4070549059059717,-0.989268763594709,-0.21807545597118072,-0.5838686025055501,-1.3653871733518879,0.4514102871836102,0.18071947766026855,-1.198562864808365,0
0.930113538876852,-0.514321906681944,-0.8790386569529866,-0.8681093238500562,1,0,0,1,0,0,0.47611640666936217,-0.5786350343125716,-0.8094876978806327,1.1193447246851738,-2.1560305041218264,-1.3100640958058025,-0.6691653551710842,-0.8870641133653002,1.090881354301836,-1.3230375269138521,-1.8477241782778082,-0.6443920676437508,2.066250290158691,-0.4569920934443454,-1.141695150768486,-0.1286714460852731,-0.969339187852728,-1.1342590009404658,0.3169427525726682,-1.1932138872518323,0.47386960046025384,0.0737981952256129,-1.6205737503610504,0.8261581979725222,1.2947487770183583,1.1932138872518323,-0.31694275257266885,-0.5367575899491508,-1.1600669447440433,-0.5278220383574467,-0.5091102789957901,-0.8355863879794388,-0.6235796198885869,1.247911984700014,1.1755363964676604,-0.8523972546416179,0.0012624832707351544,-0.4070549059059717,-1.3998135020570583,-1.8647919195151619,-1.5146398993058652,0.7917890337905242,-0.9479482933959068,-1.4336869776455579,-1.3222794763156045,0
-0.4063001036995106,-0.9523739281967958,-0.8790386569529866,0.5985369837740325,1,0,0,1,0,0,-0.0412600105000692,-0.4797847809917908,-0.2977604411855021,-0.3371164531272297,-0.24758533152286494,-0.10845732406470096,0.26249385629109273,-0.16728394236140626,1.6134562876595961,0.18171163694273687,-0.14744065286264701,0.2561709206055013,-0.2589940791664204,0.6505885662452953,-0.30819185695242823,0.6063050384073989,0.6641127162514413,0.16954915054131106,0.416552302523086,-0.06374491962016399,0.28505633275933834,-0.07913737598137283,-1.5963707045718236,0.41304210276816766,0.3572118152088117,0.06374491962016399,-0.4165523025230867,0.5494904413305014,-0.3345252120667762,-0.1548200530645294,0.17567624722125458,0.4445346296798359,-1.0016395455655394,-0.22015379130249568,-0.4301405112466897,-0.17027518936292965,0.029018475482663446,-0.3311783002420958,-0.7976812189789466,-1.4109724216880806,-1.1931007240475748,0.7917890337905242,-0.20711139779498602,-0.26463402725168356,-0.5181215015185524,0
-0.7918040390580765,0.6194597960623787,-1.6032360836506476,-0.4281154315628296,1,0,0,1,0,0,-0.6469689866984278,0.00865176482853798,-0.0035172685858019803,-0.49393050922065895,0.9739055404654015,0.38837376019445946,-0.8135245895393564,-1.2834292564323242,1.5198986509696764,-0.6372603250192513,-0.21271833745987112,1.6008635513240888,0.8734016505165839,-0.9692618092605138,-0.5777108054461713,1.285400135284469,-0.7536890053819371,-0.4016053615274072,1.1569031123463245,1.0359845289758263,0.16275076578916567,1.1828089295238025,-0.7860492003373429,0.11355247032866252,-0.11554521260681103,-1.0359845289758263,-1.1569031123463254,-1.038102835155144,-0.7848207026180125,-0.9645072894320803,-0.23777976860790415,-0.5112890635057554,-1.5057194464681423,0.18764225758709038,-0.319404172783631,-1.534519319920306,0.44535835866158957,1.6416134470186852,1.136440659999233,0.4950694691856613,0.5161338391675497,1.3945294446097283,-0.4540570296619595,0.013711913318286572,1.5232025883508855,1
1.2642169495209417,0.5936920300909173,0.27967722576327125,1.478524768348486,1,0,0,1,0,0,0.9430170758222637,-0.6472487395587606,1.8131144926819118,-0.7016657348204416,0.24778103562318976,0.04448257766044113,-0.8848888194880004,0.6741612450872835,0.8260440492056551,-0.8533984875698383,-0.40266667740802886,0.16077185507006608,0.7293596153856117,-0.30539134388924993,1.6217587049772846,-0.1337647456112528,-0.7498271034087247,-1.544516295192467,-0.8234734016892132,1.0359845289758263,0.925316011582604,0.699334803060807,-1.2636505570200072,0.4093705797520207,-0.9844331449317254,-1.0359845289758263,0.8234734016892125,-0.03541234474315745,2.142099985965025,1.2189189659410893,0.9509062769009282,0.5640125913280355,-0.08799472517957138,1.166352774922097,1.8953225964775422,1.0079356506638961,0.7229182807808735,0.5034643620605421,-0.350643614875499,-0.9182541097615345,-0.7192535184037778,-0.3502454288142823,-0.4540570296619595,0.013711913318286572,-0.5181215015185524,1
-1.280109023845593,0.28447883843337485,0.5693561964423357,-0.4281154315628296,1,0,0,1,0,0,0.03445361152472564,-0.5088583849096675,-0.6431763394547153,-0.005550201682451352,-0.9334759439833448,-0.3870583731137171,-0.3150959140366989,-0.9798174839654601,-0.9658391215112271,-0.05962532643220408,-0.38030177759213285,-0.02709714946468243,0.8249706274980825,-0.8248781391878589,-0.12342729477747215,-0.9355191657335961,-0.6326982453371082,-0.5696934406296078,0.4884925330428325,-0.5214382267650228,-0.38605997868082464,1.2211834919417268,0.3802278944700905,-0.546822780307025,-0.06178382642751894,0.5214382267650228,-0.4884925330428332,-0.5738942747792242,0.3159016076183434,1.4008711538888534,0.6106664305415159,0.3079883877961804,1.854813226215878,2.0906904857384916,1.9506907657090713,1.1732985755799412,-0.44283339212011924,0.9587239960437993,-0.3688900476960481,-0.127311556405765,-0.33002188519637315,-0.2550758902638815,0.03983423407198747,-0.2089648391376897,-0.6418381130257917,0
1.135715637734753,-1.235819353882877,-0.15484123025532542,0.3052077222492148,1,0,0,0,1,0,-0.6848257977108253,0.08133577462322976,-0.24658771551598904,-0.3648916364943316,0.9012659350619028,0.3445488760743895,-0.7654196891647385,0.039211002330874746,-0.5394310635495113,-0.11819921475454793,-0.5783707926571782,1.5368240362476504,1.0464739457710461,-0.8375306536573386,0.6189384421689396,0.2515671814072693,0.4357860965101896,0.379262641242952,1.5021957812756164,0.6061852033378352,0.22748394935297803,0.5662206129134782,0.990221091187602,0.59179754711308,1.1221865084122948,-0.6061852033378352,-1.502195781275617,-0.9545452942874786,0.11577027848446049,-1.1282642585850677,-0.8450432918569822,-0.6478353053894121,-0.9701345517591269,0.2692014673650073,-0.3747723420151606,-1.2244638357027204,0.029018475482663446,0.27583454506891375,-0.6243401071837319,-0.06248019957332482,0.17767154942198057,-0.6992004034990842,-1.277209135885205,-1.211010225189582,-0.2706882785040748,0
-1.0488066626304537,-0.7462318004251005,0.5693561964423357,-0.13478617003801185,1,0,0,1,0,0,1.1449200678883833,-0.6571337648908387,-0.2849672597681238,-0.34579619792944905,-0.8338721293465327,-0.2381432056444998,-1.0295871928023892,4.958167256175225,-0.37525685233800204,-2.8664442981033664,-3.696563948870474,-2.5414334274690455,1.7501750024183005,-0.7250037207917369,6.869293887301444,-1.5700675374530422,-3.5469357104305397,-4.826524043892804,-3.9920758241460756,0.4930801176436278,0.7072508791660764,0.07626765759616619,-1.0647777700792045,0.3553005847965196,0.09355285413600317,-0.4930801176436278,3.992075824146074,-0.7595776989295921,5.819513158800124,-0.46413877257572894,-1.1551353037288514,-2.2522536475223704,-1.1906695084040155,-1.0357458890816678,1.6738499195514247,-0.4803306735805153,0.25106641317809053,-0.3311783002420958,-1.1808563082104715,-1.4628375071540325,-1.2607931819966884,-0.15990635171348128,-0.8656330827735822,-0.7656567202776299,-1.0748462533011267,1
-2.128217681634438,-1.95731680108381,0.27967722576327125,1.0385308760612593,1,0,0,1,0,0,0.3877838476404349,-0.5664241206670634,-0.31055362260288033,-0.3330659055528607,-0.5468155946950852,-0.1782193845007307,-0.4227591136475886,0.9485189114865576,1.4373743312458411,-1.1446736194101037,-1.0788091325720204,-1.1695481662990665,0.31663352025200303,0.30813719398525585,1.710989272759724,-0.03792474546686003,-1.533453917909309,-2.127751176025021,-1.643554298724186,0.03493293508481349,0.8957438921851086,0.4121595197480409,-2.0030495748838844,0.02583355614955739,-0.6748301821638967,-0.03493293508481349,1.6435542987241847,0.540206270122983,2.067050737539819,0.900502637032502,0.7398714354881283,0.023517050538564028,-0.35053634023301067,0.5954383064766764,1.8584104836565227,0.9665949194348847,0.7229182807808735,0.27583454506891375,-0.2776578835933038,-1.2294446225572482,-1.1423313805857394,0.886958572340925,0.4514102871836102,0.514734606344233,-0.5181215015185524,1
0.5189093411610479,0.4133176682906843,1.4383931084795292,1.478524768348486,1,0,0,1,0,0,0.3751649106363024,-0.5652611765103484,-0.4512786181940413,-0.19997648525216433,-0.7344913508946546,-0.2801793189841587,-0.7859125137912586,0.8770684547953067,-1.4371330001894749,-0.23425025405190075,-0.8916338520296121,-0.576335898397013,0.503170210857528,0.3121298838657582,1.9632376336285815,-1.767348519793647,0.8927501023117409,-0.09345374749726743,-1.3255027532684673,0.5285640660967139,1.404706983902982,0.7629243843413788,0.18859413554838778,1.2016927001042157,1.0679282811316608,-0.5285640660967139,1.3255027532684667,-0.007559831120602114,1.2415090048625523,-1.0099953364190213,-1.6461143225259778,-1.2964299543367779,0.1010352376589052,-1.1173050988595852,-0.7069813574043363,-0.6663639641110671,1.1670141561717275,0.5793409677244183,-0.3050275328241268,-0.16621037050522874,0.31305646532020776,-0.2550758902638815,-1.1125787146405561,-1.0440026608476,0.10046155601764112,0
-0.6119022025574117,-0.7977673323680251,-0.15484123025532542,-0.8681093238500562,0,1,0,1,0,0,-0.11697363252486404,-0.4291967101746853,-0.4001058925245282,-0.2769368891651757,-0.3137996119087717,-0.11605959988144779,-0.844301888401894,-1.4312911942227111,2.100320344715792,-0.5604638855871332,0.6005627766147917,1.3112218457486238,0.34381733186278357,-1.2571465720607875,-0.7909915481518509,1.2326363976683528,-0.7464119210351865,-0.4390281208708331,-0.01835909107355938,1.8065585321570097,-0.08210371388729394,1.172094113472632,-1.6325275677188635,0.017021267418839338,-1.2093865328809172,-1.8065585321570103,0.01835909107355796,-1.2330704305130304,-0.8598699510432187,-0.5369196477548344,0.13691474573727128,-0.1699234587966153,-1.2536794960168407,0.10608304780917345,0.12354118106860354,-0.728375060954584,-0.3040534310604773,0.6552175733882943,-0.9162830323125138,-1.5147025926199844,-1.4131012123821949,-0.4136917878478824,-1.1125787146405561,-0.4316415915936655,-1.0129879475475077,1
0.5960101282327613,-0.1535731830814779,2.1625905351771904,-1.6014324776621007,1,0,0,1,0,0,2.873714437454532,-0.7460989928795414,0.5210031695267069,-0.5795706579358897,-0.6705306747551835,-0.1258978391737084,-0.210172829092165,0.770426593288541,1.2201688328225297,-0.65690716703291685,-0.6628172885576363,0.5404757472573564,1.0720861590185353,-0.5877025543284985,1.5582426889931074,0.3224937394030664,-1.0934247972547253,-1.0453016981856524,-0.01835909107355938,0.7553527801229527,-0.2949750325704799,0.5035786410794403,-1.343936563443846,-0.19678210927752593,-0.15883871957007306,-0.7553527801229527,0.01835909107355796,-0.6760201580619267,1.0914105080121401,-0.6733837887156574,-0.4186667755331612,-0.801449827508525,-0.9071245641463012,1.0032343553662626,1.1201682272361313,-0.790386157798101,-0.38732140769626244,0.27583454506891375,-0.48749186102961545,-1.060883094792903,-1.057715808149347,0.7600658542737248,-0.37174181903963527,-0.04195727479570725,-0.5799798072721716,0
1.135715637734753,-0.7462318004251005,-0.8790386569529866,-1.6014324776621007,1,0,0,1,0,0,0.48873534367349464,-0.5786350343125716,-0.7583149722111197,0.2108647687195506,-1.7060468994200995,-0.607971564494478,-0.28791575792776497,0.013298660874289395,0.27695311248141885,-0.8420623990873887,-0.5706710289060068,-0.1978351974519074,0.2663460461420629,-1.0568749249663572,0.6024777619146411,-0.025514868868759564,-1.5977762291540742,-1.2167803733652278,-0.32687747097049374,0.05436948222367098,-0.6556631022037885,0.5852961666417553,-0.40424416531481827,-0.4467555824259585,-0.4460489207660708,-0.05436948222367098,0.326877470970493,-0.9266927806649233,0.7912135143113154,0.5911839175213025,0.48576825909312477,-0.22112829950298704,0.4475901695294441,0.9216751455883455,1.2309045656991897,0.139780294854656,-0.8869292675109735,-0.1035484832504671,-1.60964747949337,-1.5276688639864726,-1.5654092427677009,-0.9529858396334858,-0.20711139779498602,-0.2089648391376897,-1.6934293108373202,0
1.1871161624492292,0.7225308599482267,-0.4445202009343899,0.3052077222492148,1,0,0,1,0,0,-0.24316300256618875,-0.36349036532028395,1.7619417670123987,-0.6993511362065163,0.9582516827637131,0.2609238420901744,-0.8657570962819552,-0.2657766508244204,-0.28790909260987435,-0.6546533833832483,-0.013853163591286416,-0.6450954007305275,-0.3520805252905931,-0.5527578371103737,1.0106473685465487,-0.7451376251645072,-0.58931696726563,-0.5041814141162159,-2.1952438631259974,1.2973829492468834,0.6515471993507541,1.37723114177406,-0.3552100778823095,0.3000378693640576,-0.4742252287940656,-1.2973829492468834,2.1952438631259974,-0.7317251853070371,0.41596727218528484,-1.1464594773798444,-1.2972608091701252,-1.4159079159849774,-0.30852968182446,-1.3619827281933365,-0.5962450189412776,-0.6043528672675491,0.08453045990652028,0.5034643620605421,-1.554908181031724,-1.4628375071540325,-1.277716296483967,-1.397110352868688,-0.8656330827735822,-0.3759724034796717,-1.0129879475475077,1
-1.4086103356317816,-0.1535731830814779,1.0038746524609323,0.5985369837740325,1,0,0,1,0,0,-0.3062576875868511,-0.3373241217941949,-0.2210013526812325,-0.38514437436617666,0.10347287571369432,0.03822187992900256,0.6926683101840561,0.43770882405643297,-0.7038473493006132,-0.3837155792690163,-1.0668572698238792,-0.47500588871584404,1.5585388166826202,0.6697299309662152,0.8176327569551686,-0.6565487316779071,-0.3009612411443407,-0.6869543410441615,0.33216239355632987,-0.9772859963810728,-0.293985890892779,0.21831744928358454,0.302414747501727,0.21994697743295583,0.7162894919189691,0.9772859963810728,-0.3321623935563306,0.35452284597261524,0.41596727218528484,-0.7916527108817039,-0.9742482968035945,-1.0233374705694662,-0.43454965705011084,0.8401159358104279,0.7325910426154264,-1.1004416420156866,-0.5538573609678327,-0.2553016945782196,-1.281211688723491,-0.9571529238609991,-0.8207922053274488,-0.6992004034990842,-0.7833178721512579,-1.211010225189582,-1.5078543935764617,1
-1.305809286202831,-1.5708003115118816,1.0038746524609323,-0.4281154315628296,1,0,0,1,0,0,1.9146752251404642,-0.7135365564915195,-0.06748317567269331,-0.4707845230814074,-0.8389917892056501,-0.184927274927272,0.35507006141985775,0.5288170898825904,-0.03204716166961244,0.6536773863232175,0.5935248166374756,-0.37762787544528187,-1.0157906170973705,0.3583527421815438,0.8124696169076442,-1.622281619858852,0.30864902278230855,-0.5365702015124117,-0.45503125954306783,-0.06374491962016399,-0.13567172612172895,0.08809617483327453,-1.5864270321265186,-0.5770248896061825,-1.2954676969405174,0.06374491962016399,0.4550312595430671,0.2749442356224576,0.6732789810717061,-0.1782139058006714,-0.9705567252336909,-0.8136414562481374,0.6096158519624242,0.01287252234869625,0.2500969964549563,-0.30315611117046587,-0.4150773999081907,-0.3311783002420958,-1.208225957441296,-1.709196663117305,-1.7684866166150421,-0.4136917878478824,0.4514102871836102,0.45906541823023866,-1.8171459223445585,0
0.10770514344524394,0.20717554051898904,-0.8790386569529866,-0.13478617003801185,0,1,0,1,0,0,-0.7100636717190902,0.18134897210072565,1.5060781386648334,-0.6802556976416338,1.9094018472455792,0.6651860384630645,-0.06217624847970383,-0.033281036060214556,-0.24502970765099216,0.2503402457403538,-0.22301238522101777,0.2903508921201635,0.5794699899422412,-0.1790348160300282,-0.4286783194840195,0.4137515802641001,-1.1397690737567614,-0.9750932176554653,0.19300882026008395,0.2045801889163758,-0.09243189162558026,-0.38376126348365247,0.7507442550178378,-1.4683690244747005,-0.6620617175113757,-0.2045801889163758,-0.19300882026008395,-0.3696425082138195,-0.6347222057676005,-0.8553359766634215,-0.5349512799851129,-0.9209277891567239,-1.0016395455655394,1.3294711944779316,1.3416409041622488,-0.790386157798101,-0.5816133531797613,-0.9381911455531051,-2.056685083596818,-1.4628375071540325,-1.8192559600768776,-1.5874494299694895,-0.12479618717266176,-0.04195727479570725,-1.8790042280981787,1
-1.8969153204192981,0.1298722426046032,-0.15484123025532542,-1.6014324776621007,1,0,0,1,0,0,-0.6722068607066928,0.048773338235207846,-0.08027635709007157,-0.4534250334769687,1.0063468135458091,0.38792656749935667,1.0478308111114998,-1.0384102605403516,1.1674740466248739,1.269261232466214,2.2068433877940303,0.663606623042094,-2.094584522647981,0.21305604017192487,-0.18705077074808812,0.7411642167458754,0.8817532955429201,1.21623139930252,0.6912331826893887,0.21952363131345246,-1.2441511649035997,1.2378673150676383,-0.851177572123253,-0.840358565058927,-1.6815912452314408,-0.21952363131345246,-0.6912331826893894,0.04814519612450831,-0.3345252120667762,-0.5187244289600577,-0.08273376267196997,0.2738518273252659,-0.5605696322757617,-0.5463906304141645,-0.8730858650989243,-0.35630847989348147,-1.2477571662660425,0.7310941790521709,-0.8706669502611417,-1.1257144516253432,-1.3284856399458025,-0.8895394805998851,0.6983559190505837,0.9044189231421907,-1.5078543935764617,1
0.6217103905899984,-2.678814248284742,-0.8790386569529866,-0.4281154315628296,1,0,0,0,1,0,2.1418160912148485,-0.7245845259803126,6.815248426876813,-0.7913564311100413,0.602937024080065,0.05432081695270173,-0.21944030198773112,1.6569866156557171,-1.5668487833363394,1.2524052939275987,0.5997188730645289,0.5109561907300149,-0.6197799496214961,-1.259185540356062,1.3776834361277968,-1.6609095630968647,-1.877695421151472,-2.4668962812787805,-0.4291756706205303,1.122534507594003,-0.9530262737099472,-0.894133108311948,0.4728808431610237,-3.55380939105758,-3.188107983061749,-1.122534507594003,0.4291756706205296,-1.038102835155144,2.067050737539819,1.5979860241655997,0.30918808566608796,-0.4885313565251461,1.5397632881517511,2.4984865346280776,3.1503344323922065,0.7598912632898273,-1.1367331974183288,-1.2416975682086098,-1.8650975389810545,-1.3980061503215924,-2.4115649671316235,-1.9364044046542914,0.4514102871836102,1.2384340518261547,-2.3120123683735136,1
-1.3829100732745436,0.9029052217484598,-0.8790386569529866,0.5985369837740325,1,0,0,1,0,0,0.7411140837561441,-0.6123604148573085,0.09882818275322415,-0.5153405463994666,-0.34756481593456856,-0.07268190845648059,0.2631656428226094,0.6324837032645155,-1.2692861704782215,-0.08370135934634276,-0.20888202497741873,0.2079984338713888,-0.06960827147808676,0.3455341227751663,0.2133555500694796,-1.3191328002439353,0.009594403825708895,-0.3380924956521152,-1.1234618125076608,1.3979208031972914,-0.020684608334318413,-0.6543688255561027,0.40955546881927485,0.122588783113036,-0.0585246549701626,-1.3979208031972914,1.12346181250766,0.438080386840281,0.340918023760079,0.41832933897092733,-0.3669847735545164,-0.34060626115118536,1.2037100208833493,-0.8726274695258333,-0.4855086804782194,0.5738579727592754,-0.27629743884854874,-0.8623145398892288,-1.0075151964152582,-0.671894953798262,-0.5838686025055501,-1.175048096251087,-1.3595243465075295,-0.9883334727336057,-0.8892713360402683,0
-0.14929748012713334,0.23294330649045036,-0.4445202009343899,0.3052077222492148,1,0,0,1,0,0,1.5361071150164898,-0.6896962012788607,-0.46407179961141953,-0.19997648525216433,-1.1978147711275746,-0.3758785557361482,-0.5655978723932845,-0.8117660535174795,0.9735764385103077,-0.35126846683879903,-0.1689166507373568,0.0747197212743687,0.5085189491394208,-0.6151005872687783,0.20821418186086,0.5744465678494168,-0.4191539325031246,-0.5880059118672611,0.416552302523086,-0.31122271395962636,0.1718763504518413,1.3227587806637364,-0.7536482051744924,0.05891517231204629,-0.35447340805952754,0.31122271395962636,-0.4165523025230867,-0.233474663836883,0.8996179842588355,2.022541129377046,2.0893459315971903,1.7682745857186133,0.45459127926420245,1.9547584694419635,1.8584104836565227,1.9312119814451512,0.0012624832707351544,0.9587239960437993,-0.5513543759015367,-0.8274902101961188,-0.7530997473783346,-0.12818317219668063,-0.20711139779498602,-0.3759724034796717,-0.8892713360402683,0
-0.6119022025574117,0.7225308599482267,0.27967722576327125,-0.8681093238500562,1,0,0,1,0,0,0.4256406586528323,-0.5739832576857113,0.39307135535292426,-0.5674190152127826,-0.024598957113951957,-0.0029198480204508676,0.16964519146746337,-1.8071925138339018,2.644773801854476,-0.2505617104421971,0.7878514520949492,0.4013795969005264,-0.8366140172730137,-0.47114741475440397,-1.3616268634903308,2.3647729775068638,-0.7503927650855019,0.10337632489730778,0.1359000988749071,0.4126498344833025,-0.7066607138192985,1.1163805394558939,-1.2391256030240583,-0.4055839147974375,-0.9233186128152714,-0.4126498344833025,-0.1359000988749078,-0.27215871053487645,-1.1225423205314402,0.9232466605259726,2.155742948028088,1.6521154563384195,-0.9150008125979044,0.901285343143866,0.9125375926178964,1.3024883606706021,-0.7203933142394032,0.8828473903799233,-0.33239718205494984,-0.892321567028559,-0.9731002357129547,0.2207718024881207,0.7806711296729086,1.127095675598167,-0.332546584257695,0
-0.7147032519863632,-0.02473435322416849,0.27967722576327125,3.2385003374973924,1,0,0,1,0,0,0.9177792018139987,-0.6425969629319004,0.34189862968341117,-0.5558460221431568,-0.2688042758512819,-0.064632439944631,-1.3866029579546932,-1.221673364797544,-1.6080164835667734,-1.1917740914470438,-1.557064624319168,-1.011119375110099,0.9669933091166171,1.3122816631181933,-0.10217762360839197,-1.6713998230423712,0.4147132380430271,-0.4351698521648218,0.18032674558006626,-1.5578921029446724,3.2393215423390322,1.5744257326344397,0.5186167689337273,2.0212324585162063,1.5994016086573795,1.5578921029446724,-0.18032674558006695,1.106540713781605,-0.18442671521636386,-0.2730889752305771,-1.0646918002662225,-0.8697229484503528,0.6051151385615076,0.35076067714292497,0.2896456887631914,-0.6043528672675491,4.442221237179277,2.6280093206490753,2.2129801964116154,2.219583560928571,3.173062813670267,0.9504049313745251,1.0276167615398821,0.29205785388825667,2.265502257394317,0
-1.305809286202831,-0.4885541407104817,-0.15484123025532542,-1.6014324776621007,1,0,0,0,1,0,0.17326191857018283,-0.5286284355738237,-0.1442422641769629,-0.419863353575054,-0.24609094459855363,-0.08207295505363843,-0.006167659252109262,0.2796872920320009,0.05574461972623932,-0.7614151031944726,-0.44182379506894437,-0.0941103764903862,0.0350011166481991,-1.2276496257169462,-0.46197546037951065,1.5475170803449814,-2.062343389413268,-1.20247816240894,-0.8293216896597884,0.6941558255444424,-1.2180767607345326,-0.8466764604613267,1.4789006611468312,-1.0163617199469293,-0.5995933098725225,-0.6941558255444424,0.8293216896597884,-1.0938078624002545,-0.25947596364157,0.6457695739056325,1.4160442947087326,0.3421249482670949,-0.4660546508565234,0.2692014673650073,0.7879592118469556,0.44983577907224165,-1.3032691506898992,-1.1658209625447336,-1.6735099943652914,-0.8274902101961188,-1.1254082660984612,-2.0315739432046915,-0.6186874509066087,-0.3759724034796717,-1.569712699330082,0
-1.1773079744166424,-0.87507063028241,0.5693561964423357,-0.4281154315628296,1,0,0,1,0,0,-0.00340319948767178,-0.49781041542087434,-0.5280377066983108,-0.1044992924277517,-0.6245234629018028,-0.3020917610441937,-0.31004296540730325,0.9310210201157899,0.26715358676910295,-1.0146000122604852,-1.5886174065304535,-0.8404990775007972,0.6214200325243977,-0.5949120780786308,0.4999617518009424,-0.11777998902214784,-0.744748284715655,-1.3538761629697236,-1.244018473027745,0.08746187929198715,-0.1633068480995121,-0.7770048607254603,-0.4835654331199161,0.6321795094312813,0.743483870033239,-0.08746187929198715,1.2440184730277444,-0.7874302125521474,-0.03432821836595151,-1.2738260089432798,-1.1292943027395286,-1.3134982345722352,-1.442709458855317,-0.709509049969999,-0.2086678343205727,-1.3484860293897554,-0.44283339212011924,-1.0140677512169813,-1.235595606672119,-1.2553771652902237,-0.9731002357129547,-0.28679906978068154,-0.6186874509066087,-0.6543183440496418,-0.8274130302866491,0
1.7782221966656961,1.0832795835486928,-0.4445202009343899,1.0385308760612593,1,0,0,1,0,0,0.5644489656982895,-0.5885200596446497,0.27793272259651985,-0.5471662773409375,-0.15670933991947508,-0.029751409726616142,-0.2393203572099852,-0.08651276745967497,-1.4198488011977806,-0.5858548551923846,-1.187870642680007,-1.2820556631433138,0.5912974433884748,-0.43922175728326796,0.9012917605377208,-1.25495555013397,-1.0099934167518176,-1.3849206242752763,-1.2649401125490116,-0.49401881205127574,-0.10608442228141748,1.0216357885400478,0.6798715760210079,-0.21004006992442806,0.19218457591746332,0.49401881205127574,1.264940112549011,-0.7038726716844818,0.19081952690966666,-1.4648758062884317,-1.7623988269779296,-1.9620928835196014,-0.655084613695,-0.38327221085833024,0.2342775195316623,-1.2864749325462383,-0.026493508941193386,1.1104772073715516,0.3518440487156324,0.6636309969500054,0.5330569536548284,-0.033013633646279864,0.6160407084282594,0.4033962301162448,0.2860364732784985,1
-0.09789695541265715,-0.35971531085317227,0.5693561964423357,-0.13478617003801185,1,0,0,1,0,0,0.1858808555743153,-0.5292099076521812,-0.16982862701171944,-0.4048184625845405,-0.278208395179635,-0.09414715782141281,-1.3646849669979868,0.453765234613986,1.0223085488293007,-1.7224540026400734,-1.5396736122996908,-0.4269012614705453,0.9859120754150053,-1.139045127617732,-0.10958882649029542,0.7299627925229547,-1.973685840324769,-1.590122268742268,-0.45503125954306645,-0.13094794135889734,0.7595071961698787,-0.7325907056454729,-0.6639878246465424,0.36985114018964066,0.44920619975025255,0.13094794135889734,0.4550312595430657,-1.17736540326792,-0.40957446049198204,-0.973604898829468,-0.4961897785011287,-1.1940202729240363,-1.2536794960168407,0.18764225758709038,0.4557501964577793,-1.2864749325462383,0.22331042096616224,-1.0140677512169813,-1.3815670692365094,-1.4498712357875443,-1.2438700675094103,-0.3502454288142823,-0.5363722402842841,-0.6543183440496418,-1.3222794763156045,0
0.05630461873076867,-1.596568077483343,-1.6032360836506476,0.5985369837740325,1,0,0,1,0,0,-0.7226826087232228,0.20344491107831195,1.634009952838616,-0.6935646396717035,2.0134124352369698,0.6924647928643325,-0.026715539468197966,-1.656068722299333,-0.12028907416470062,-0.10482347662896341,0.3832471523017731,-0.07562197050448492,-0.17536500598515406,-1.0039200515432456,-0.527064332972972,0.47810040448573343,-0.7160127482873394,-0.4303961237249817,-0.7471295343976714,0.6378546273322141,-0.9659564787139965,1.7450048152695183,0.6448839927719099,-0.5683762302889044,-0.9184381129006052,-0.6378546273322141,0.7471295343976706,-0.8709877534198129,-0.3345252120667762,0.6093791363160792,0.7829397704703327,0.4274663494443799,0.1010352376589052,-0.13859458152457876,0.2342775195316623,0.2638024885416898,-0.8869292675109735,1.717490052682561,0.16937972051014377,0.4821031978191731,0.2115177783965368,-0.9529858396334858,-0.04248097655033679,0.29205785388825667,-0.08511336124321738,0
0.6474106529472365,0.6194597960623787,-1.168717627632051,0.5985369837740325,1,0,0,1,0,0,-0.016022136491804253,-0.49664747126415926,3.7065053424538945,-0.7612666491290143,1.109975440185328,0.20636633328763831,-1.299535143138065,0.9381202419607586,0.8553862891441104,-1.3481864352284332,-0.8043148507217561,0.31311270363012694,0.9703356674448846,-1.179004429317013,0.9817958360114335,0.4973051200506068,-1.358587190171472,-0.945916174564478,0.11588809585456382,0.312111980532898,0.6289879167382705,-0.3040579573628931,-0.6695980271423982,0.47416109464195877,0.12214566121642141,-0.31211198053289735,-0.11588809585456454,-1.2052179168904753,0.491016520610491,-0.9281168518425269,-0.5607922809744348,-1.0233374705694662,-0.9386295579527137,0.2692014673650073,0.2342775195316623,-1.1624527388592034,0.6951622885689447,-0.17942508891434333,0.3700904815361815,-0.0495139282068366,0.1438253204474232,0.664896315723324,-0.12479618717266176,0.013711913318286572,0.7809029193074537,0
-0.8175043014153137,0.28447883843337485,-0.8790386569529866,-0.8681093238500562,1,0,0,1,0,0,-0.5838743016777656,-0.03205128065648941,0.25234635976176334,-0.5431157297665685,0.9564831998995917,0.39508165062100076,-0.41577908289100834,0.6004417527520975,2.4432105337935166,0.2959883902598119,0.2910117140576293,2.520882040141396,0.8382071889056382,-0.4261467654887629,1.1085434290078997,-0.2151120990222327,0.5136615511646461,-0.12685550870079837,-0.67984341407292,4.112442859858279,0.1523501090028413,0.286389322676756,-3.5561175619187195,0.10947678166591653,-0.5021791946794014,-4.112442859858279,0.6798434140729193,-0.5367575899491508,0.7161642658861095,-0.6642861793182697,-0.6641562849317252,-0.4430159425639276,-0.7495995951142377,-0.7910682597479163,-0.5962450189412776,-0.6663639641110671,1.4723300705029398,2.096873081001942,5.032054067186414,1.1952481229760152,1.1761353041714093,8.024673963620966,-1.853415610241477,0.013711913318286572,4.492401264524615,1
1.3927182613071303,-0.23087648099586283,1.0038746524609323,-0.13478617003801185,0,1,0,1,0,0,-0.4576849316364408,-0.19893376714510175,-0.23379453409861076,-0.3822511260987702,0.3116658824524801,0.14241777788794438,-0.2420544490750288,3.00999345634542,-0.9843085989563481,0.31200640361721566,-0.3698090923212951,-0.15500500452678537,0.10412776703929846,0.37866340904679413,3.2639895261280607,-1.0985629673396875,1.8368886968764626,1.3579800206591495,0.5061221547512287,-0.7133741297612556,0.7149386203621412,-0.8615174265428346,0.24163299213889053,1.3999268658353718,1.8065731125840852,0.7133741297612556,-0.5061221547512293,0.35452284597261524,3.042690967067499,0.02713213488323473,-0.5478717804797735,0.15437386567706757,1.0776900456576979,-1.0357458890816678,-1.3160312189511594,0.07776919801113909,0.22331042096616224,-1.0899443568808573,-1.281211688723491,-0.9830854665939747,-0.44848368660732285,-0.5088613263982832,-1.3595243465075295,-1.712032918215528,-0.76555472453303,0
-1.9483158451337743,1.0059762856343069,0.27967722576327125,-0.4281154315628296,1,0,0,1,0,0,3.6056127836942156,-0.7664505156220551,0.6617281651178678,-0.596351497886847,-0.7252066108304874,-0.1285809953443249,0.877090909793685,1.3876277342884493,-0.27981346794771966,0.43564738474175924,0.5991842365402077,1.227995741216703,0.3260705883411545,0.8260351409849961,2.0628121003156465,0.19923676837696075,-0.44519472122815446,-0.13056333397511377,0.6912331826893902,0.9892830742375731,-0.3942516808311563,0.16191726519891814,0.5827281223893502,-1.029978975932119,-0.9064385366641267,-0.9892830742375731,-0.6912331826893908,1.4686233908748227,3.067707383209234,1.9922157647190868,1.8165798100432309,1.5027680042781708,1.4347466421303747,1.9547584694419635,1.6738499195514247,1.3800022317249987,-0.6926373220274746,-0.4070549059059717,-1.591401046672821,-1.112748180258855,-1.3792549834076382,-1.6191726094862895,-0.7833178721512579,-0.4316415915936655,-1.569712699330082,1
-0.4577006284139859,-0.4885541407104817,-1.6032360836506476,-2.6280848929989626,1,0,0,1,0,0,0.24897554059497767,-0.544328181689477,-0.4896581624461761,-0.17393725084550635,-0.7268811255866617,-0.2842040532400835,0.4142574949394645,-0.3982663782466067,0.1789372799628149,-0.7236186031270331,-1.5268020935506492,-1.623960975987177,0.8274160510360898,-0.7756085291448183,0.04527105270625133,-0.24832711567673363,-1.4569925840160975,-2.084127158431147,-1.2478506545242143,-0.9772859963810728,-1.3510140344638237,0.591984649716187,-0.49415805882290786,-0.46716685681327835,-0.04982702954980871,0.9772859963810728,1.2478506545242136,-0.7317251853070371,0.04072103005925432,0.00893691608845806,-0.12149526415595328,-0.6819718658603261,-0.7180946013078251,0.758556726032511,1.7292180887829538,-0.17027518936292965,-1.2755131584779709,0.5034643620605421,-0.11343998820836432,-0.3477381696360611,-0.4992530300691578,0.6331731362065233,1.0276167615398821,0.5704037944582268,-0.332546584257695,0
-2.128217681634438,0.28447883843337485,0.5693561964423357,-1.8947617391869185,1,0,0,1,0,0,0.7032572727437467,-0.6088715823871633,0.3035190854312764,-0.5506381752618252,-0.20428152041955214,-0.042719997884596024,-0.012606826628744898,1.4331147997708493,-0.22162636168569064,0.18246807839017545,-0.4109462149560472,-0.6838267743165691,0.15370056289345999,-0.2242175697839059,1.2587939710363472,-1.6341517839197983,1.0348626820934281,-0.12246329511650901,-1.4375436385994584,0.4930801176436278,-0.20650545454158367,-0.7059628714656763,-1.3391942848907377,0.7796495188426712,0.4146886337953033,-0.4930801176436278,1.4375436385994576,-0.14682239923337803,1.3165582532877582,0.3182556355996563,-0.6124742829530796,-0.20406001926752979,0.9516700704320475,-0.709509049969999,-0.09793149585751397,0.7598912632898273,-0.38732140769626244,-0.8623145398892288,-0.8341740846200435,-1.3202085221226638,-0.9900233502002335,0.37938770007212164,-0.8656330827735822,-0.7656567202776299,-0.332546584257695,0
0.05630461873076867,0.4133176682906843,-0.15484123025532542,-0.4281154315628296,1,0,0,1,0,0,-0.6091121756860305,-0.008792397522188045,-0.3745195296897717,-0.2896671815417641,0.48057419607602075,0.21709895797010442,0.02802228651625817,-0.659916367212998,1.234655058900346,-0.9944102494273365,-0.7968108945937094,-1.2173820536541218,0.3325670034236821,0.6143090873985367,0.19487003342132125,-0.1109129433439705,-0.1430184401812736,-0.6718732992417363,-0.23432195700141584,-1.4279662609164547,0.5748447304064859,1.1009724457467156,-1.7992716383632947,1.2015694558681933,0.3799396803714178,1.4279662609164547,0.23432195700141514,0.15955525061472892,-0.25947596364157,-1.2465331807511142,-1.1034533017502068,-1.091610591511294,-1.2536794960168407,-0.13859458152457876,-0.04256332662598434,-1.3484860293897554,0.16779843654230542,0.5034643620605421,-1.1169937933385516,-1.7351292058502814,-1.277716296483967,0.2524949820049213,0.36909507656128593,-0.26463402725168356,-1.0748462533011267,0
0.6474106529472365,1.6759382008923163,0.5693561964423357,0.3052077222492148,1,0,0,1,0,0,-0.4198281206240434,-0.21812234573090036,-0.10586271992482811,-0.44069474110038037,0.37117872303876226,0.1728268811549317,-0.020896251618601938,0.7870536869129342,0.335445123060503,0.2827958497116635,-0.15046416536286558,0.4739252714157155,0.5863212516622396,-0.10755227302916942,-0.13753803108593865,-0.2752275766485645,0.9250233395680647,0.3984503015889187,2.059732567803647,-1.3964401374831386,-0.07840821741413775,-1.2180384656176138,-0.7351418923873514,0.535198360566023,0.5846199515425229,1.3964401374831386,-2.059732567803648,-0.09111737198826762,-0.10937746679115769,0.07262018187017576,-0.08273376267196997,0.2909201075607231,0.006520256239666901,1.8188264531454346,0.7879592118469556,-0.35630847989348147,-0.22078545442469194,-1.2416975682086098,-0.5787240251323598,-0.840456481562607,-0.6007917169928287,0.37938770007212164,0.5337254978059351,-0.09762646290970158,-0.6418381130257917,0
-0.07219669305541997,-0.5916252045963298,-0.15484123025532542,-1.161438585374874,1,0,0,1,0,0,-0.19268725454965888,-0.40128605041352367,-0.7839013350458762,0.47125711278613047,-1.420056647234133,-0.6728145052843774,0.2763542727073656,0.10451953000809451,-1.177350087822726,0.398704060807248,0.2112314442625103,-0.17519638119148498,-0.6269580921292947,-0.15821105280861975,0.0458992339724225,-0.18997223577062697,-0.001414093102725434,0.3256912900645986,0.4783555005605047,-0.7133741297612541,-0.5423599632308866,-0.09747549007461503,1.4185732354181795,-0.5400256544238842,0.043362931277069874,0.7133741297612541,-0.4783555005605054,-0.2582324537235989,-0.10937746679115769,-0.44594355378095224,-0.4703487775118068,-0.4430159425639276,0.1325402314653172,-0.30171300108041293,-0.5408768497097485,-0.6043528672675491,-0.6926373220274746,-0.4070549059059717,-0.989268763594709,-0.2051091846046925,-0.39771434314548676,-1.397110352868688,0.28677986593896093,-0.04195727479570725,-1.0748462533011267,1
-0.5091011531284612,-0.9523739281967958,-0.8790386569529866,0.5985369837740325,1,0,0,1,0,0,-0.785777293743885,1.122170794883216,-0.2977604411855021,-0.3371164531272297,1.5671797076776843,1.123558550943388,0.042224285871221505,-0.2091996283816503,0.12390568843577501,0.07170610207199264,0.5025832500824794,0.7984398928424398,-0.3101579907874829,0.5393297627518279,-0.3938506345886406,-1.1255712825822248,0.97146245724012,1.4316180627723474,1.2589070016997488,-0.1595918522639314,0.48017804685585513,-0.10741786449876495,-1.3004738162712919,0.8664152253958006,0.74431355684407,0.1595918522639314,-1.2589070016997495,0.02029268250195297,-0.7848207026180125,-1.501266243877985,-1.7365578259886068,-1.3647030752786062,0.3215701943037938,-0.8726274695258333,-1.3713993881826885,-1.2864749325462383,0.3620903820258042,-0.17942508891434333,-0.24116501795220557,-0.8534227529290943,-0.4992530300691578,1.109020828958526,-0.37174181903963527,-0.48731077970765985,-0.023255055489598248,1
-1.6656129592041589,-0.5658574386248675,-0.4445202009343899,0.3052077222492148,1,0,0,1,0,0,0.36254597363216995,-0.5635167602752758,-0.5152445252809326,-0.12185878203219036,-0.8394389883787242,-0.33920875473772233,-0.4187519803473612,-3.012181727816123,1.0573126010895257,-0.9164498876261028,0.21614847054310227,2.270092014794674,0.7083896890548765,0.2835914540870182,-0.4464034179166166,-0.39422481470070814,0.2907109474614826,0.5235035821409192,2.6947878380200687,0.4234769879856554,0.8656460616940148,3.687116808192473,-1.841539665749205,1.5263286729085859,0.2300957584701281,-0.4234769879856554,-2.694787838020069,1.5614651029500068,0.8162299304530506,4.569871760645746,3.539313209331394,3.5509616325330113,4.270196084707517,4.129670730186422,2.412092175971816,3.653742449320627,0.3620903820258042,2.476256109321323,-1.2173491738515698,-1.825893105415697,-1.277716296483967,-0.09645999267988113,-1.0302635040182315,-0.9883334727336057,-1.136704559054746,0
1.2642169495209417,-0.7977673323680251,0.27967722576327125,-1.6014324776621007,1,0,0,1,0,0,0.9430170758222637,-0.6472487395587606,-0.6687627022894718,0.011230638268506017,-1.4863079813003564,-0.5064588227061526,0.738047610812141,1.4017555694158035,-1.033883843147913,0.7196506193717909,-0.03139883107399895,-1.4625828102408387,-0.41564036095259516,-0.1337081630067249,1.5475368220108707,-0.09203834984532473,-0.3938476023183165,-0.8988270195938469,-0.5989345877887005,-1.4007724800268284,-1.1598727899462549,-0.3736650941548153,1.3208641834470383,-1.3627340994002628,-0.8367096239650039,1.4007724800268284,0.5989345877887005,0.18740776423728422,2.142099985965025,1.373578325696689,1.1059522828368633,0.8712416355662611,0.3845801819166189,1.0847935651441794,1.6184817503198954,1.4420133285685155,-1.053465220782544,-0.2553016945782196,0.34272083230535716,1.0007540524786946,0.31305646532020776,-0.6992004034990842,1.6038232358961542,0.9044189231421907,-0.6418381130257917,0
-0.7918040390580765,0.28447883843337485,-0.15484123025532542,-0.4281154315628296,1,0,0,1,0,0,2.7222871934049424,-0.7408657441743236,-0.6431763394547153,-0.005550201682451352,-1.8601988990538278,-0.5654882584597163,-0.7219508963040945,-1.583762037582336,-0.2618965628107647,-0.5058740109521411,0.19638310796246053,0.11956083888636156,-0.3909030225598597,-1.4265356725567122,-1.076894430541429,-0.4594861474912921,-1.2028103118846116,0.2806172432472731,1.116988546947158,-0.9447489169347935,-0.42148734011730177,1.0949538996525208,-0.10371789060450642,-0.5092829631527556,0.018660461912969394,0.9447489169347935,-1.1169885469471588,-1.038102835155144,-0.18442671521636386,4.266618114066138,3.237834864455966,2.356182016051021,5.425379190942649,2.2266225020350205,1.6738499195514247,4.480557073900855,-0.3318094232724056,1.1863538130354276,0.36096726512590627,0.2487103132223888,0.025363519036474696,0.7600658542737248,0.6160407084282594,0.18071947766026855,-0.023255055489598248,0
-1.305809286202831,-2.137691162884043,1.4383931084795292,0.3052077222492148,1,0,0,1,0,0,-0.5333985536612357,-0.10182793005939353,0.38027817393554597,-0.5610538690244884,0.9080875210549474,0.3552815007568556,1.2153993868097799,-0.42410702242135945,-0.5021493105031754,1.6531236476941453,1.4731076318169263,-0.07878288307493313,-1.6769569913499716,1.2606295910817265,0.15353145128295037,-0.14926509692821766,1.0384273130441624,0.497627460345804,-0.5666803935267488,0.45457625868389784,-0.4304361995970357,0.7359046355188653,0.5364579022175349,-1.2035766494696918,-1.4292757085280587,-0.45457625868389784,0.566680393526748,0.9672781456688292,-0.03432821836595151,-0.5005292101652823,-0.4961897785011287,-0.08458205761933026,-0.49755964466293656,-1.4435419379712537,-1.4267675574142176,-0.4803306735805153,0.15392044043634126,1.9071815668422514,2.9109062517976096,2.84844772220324,1.9799832423171362,0.728342674756924,2.056556894318939,2.6579983487330026,2.7912978563000825,0
-0.14929748012713334,-0.6173929705677911,-1.6032360836506476,-0.13478617003801185,1,0,0,0,1,0,0.526592154685892,-0.5850312271745045,-0.13144908275958464,-0.4244925508029043,-0.43199171535401887,-0.1218731049177836,0.6414855648242779,0.9314934961288966,-1.7953409878083801,0.7787168927441099,0.5349240602508265,-0.81581369537154,-1.0409949690721572,-0.44176365530685036,0.5859938419592908,-1.7480465685354174,-0.016907394919581417,-0.07549953741408087,-0.7896550408158974,-0.3295023237687909,-1.333406332618443,-0.6914682895728154,0.6976730542034886,-1.0687613668558684,-0.769138080240321,0.32950232376879157,0.7896550408158968,-0.48105256270404034,0.41596727218528484,-0.30947941282012914,-1.1292943027395286,-1.0745423112758372,1.2352150146897614,-0.38327221085833024,-0.04256332662598434,-0.35630847989348147,-1.2200011740541141,-0.5588081172337243,0.3700904815361815,0.6895635396829819,0.17767154942198057,-0.3185222492974822,1.6861384465184783,1.6281183686241134,0.16231986177126023,0
-1.4086103356317816,-0.6689285025107157,1.0038746524609323,0.3052077222492148,1,0,0,0,1,0,-0.3062576875868511,-0.3373241217941949,-0.5920036137852022,-0.08135330628850015,-0.46758293208315554,-0.19655428499994362,-0.1364057549088597,0.2969129505049276,-0.4661328608450273,-0.4607334430581684,-0.8204902857371341,0.005316038653610814,1.287208027832786,0.3947267795046027,1.0413146385911496,-0.7618485040030849,-0.09337498359770707,-0.7848272245782691,0.356369413048447,-0.34619240229020387,0.5840818698422365,0.635643802990315,-0.1283650378150359,0.5298321221765272,0.3004465251854542,0.34619240229020387,-0.3563694130484477,0.29881781872750485,0.8662627627365218,-0.20940570944885942,-0.5607922809744348,-0.5624939042121272,-0.15100471279239655,1.166352774922097,1.0648000580046022,-0.6663639641110671,0.5841383197212315,0.6552175733882943,0.16025650409986858,0.06718251409155555,0.27921023634565156,0.12560226393772106,0.12214944469431245,-0.04195727479570725,0.2860364732784985,1
-1.5628119097752085,0.10410447663314094,-0.4445202009343899,-0.8681093238500562,1,0,0,0,1,0,-0.05387894750420167,-0.475714476443288,-0.7327286093763631,0.18308958535244874,-1.212359097970957,-0.5073532080963581,0.4218777846684326,0.384604237643523,-1.3340677036446553,0.5772321690042306,-0.21933595928845917,-0.5610036535911996,-0.6403782267189355,0.5138320208646933,0.051613534786021424,-1.206260402718463,0.22200666922696555,-0.46887441370734323,-0.3268774709704952,-0.440948977121442,-0.07321642827543141,-0.47617608008103246,0.611539868992577,-0.5596654074928195,-0.17261711672031674,0.440948977121442,0.32687747097049447,0.49378541408539117,0.06573744620098994,0.06655510893858267,-0.5737127814690962,-0.4600842227993849,0.5421051509486824,0.18764225758709038,0.3819259708157405,-0.06692336129040147,-0.10976148557697851,-0.482931511569848,-0.13168642102891215,0.19684522775643593,-0.0423289389126401,-0.3819686083310823,1.439192814651505,1.2941032399401495,0.038603250264021984,1
0.6217103905899984,-1.9057812691408853,-0.8790386569529866,-0.13478617003801185,1,0,0,1,0,0,2.1418160912148485,-0.7245845259803126,-0.6943490651242283,0.05115746435871493,-1.9195680737387388,-0.5967917471169091,-0.6203848333069285,0.8313321155653637,-1.6207524864985634,-1.6371058189132954,-2.191163497532493,-0.9887226991501065,2.0180582544921024,-0.750859029901918,0.9281870152246904,-1.3173274637620094,-1.3419957134239162,-1.8428002504403107,-0.21462929445480164,-1.1356331163529647,0.1124107169786682,-0.2111920423779475,0.8918358860687157,0.8809243668075454,1.0494840885490724,1.1356331163529647,0.21462929445480092,-0.48105256270404034,1.5041813743507735,1.469103224369265,0.4276260068671489,-0.16138931867888728,1.4084924806250314,2.2266225020350205,2.6427928811031878,0.7598912632898273,0.11228645211844858,-0.17942508891434333,0.06902433999712428,0.5210020119186368,0.8715192434003977,-0.44541496736468245,-0.04248097655033679,-0.5429799678216537,0.10046155601764112,0
0.72451144001895,0.23294330649045036,-0.8790386569529866,0.3052077222492148,1,0,0,1,0,0,0.40040278464456736,-0.5728203135289962,-0.46407179961141953,-0.19997648525216433,-0.7689639995424948,-0.28599282402049453,-0.9220426503685685,0.004799921054229949,-0.2830677254952892,-0.6503524841215433,-0.7057602977012234,-0.9825455178300543,0.6726236125125874,-0.8586398985909233,1.3009170164680157,-1.248242498383452,-0.9124299384010676,-1.1854163341574588,-1.0021120160631036,-0.34619240229020387,0.4241798807175225,1.2966420665424143,-0.8674002672507362,-0.026165659230331297,-0.2398053754335172,0.34619240229020387,1.002112016063103,-0.8431352397972577,1.0914105080121401,-0.2276009282436361,-0.8192022908676594,-1.091610591511294,0.41608517572303205,0.35076067714292497,1.009431888773073,-0.10826409251941274,0.27882240539001907,1.0346006017076752,-0.350643614875499,-0.723760039264214,-0.685407289429221,0.28421816152172197,0.12214944469431245,-0.04195727479570725,-0.45626319576493324,0
-0.9460056132015023,-1.0812127580541053,-0.4445202009343899,1.0385308760612593,1,0,0,0,1,0,-0.25578193957032125,-0.3547682841449209,0.009275912831576286,-0.5031889036763596,0.2459983862581911,0.11603340887688186,-0.5264133865252402,-1.1963863319526196,0.7670162430080321,0.12460187961922038,0.8042212734251701,0.11229036274877807,-1.1867823708048775,0.7415520598702793,-1.447807573670979,1.1861900661625977,1.0095168714820286,2.276806388770348,1.2994551316290601,-1.1356331163529647,1.4729407090669793,0.1916959423294667,0.1434697213713037,0.832690548231155,1.1773312512628316,1.1356331163529647,-1.2994551316290608,0.24311279148239442,-1.535313186870074,-1.2920212277380552,-0.5866332819637576,-0.18699173903207253,-0.6865896075014126,-1.85133798686084,-2.312658265118687,-0.8523972546416179,1.3890620938671545,0.19995793940503753,0.06902433999712428,0.13201387092399572,0.46536449570571364,0.4428340591057229,-0.04248097655033679,-0.5429799678216537,0.038603250264021984,1
-1.5885121721324456,-0.35971531085317227,0.5693561964423357,-0.13478617003801185,1,0,0,1,0,0,1.6244396740454172,-0.6995812266109387,-0.16982862701171944,-0.4048184625845405,-0.8565380577317009,-0.22517461748651993,-1.1133211130805554,1.638712470638558,1.2035534699870074,-0.4128415097329368,-0.6214266947392383,-0.25482935871044055,0.11497576729642776,-0.9809544330022365,1.4745862541022507,0.6280341134946593,-0.49801152511573205,-0.5355434830788274,0.03622492998512883,-0.3834842964864804,0.5679419977570084,-0.7719761549832457,-1.014184196069033,0.06390254194218861,0.2850311619876223,0.3834842964864804,-0.036224929985129536,-0.8431352397972577,1.6918044954137887,0.6457695739056325,0.8992242749222835,0.6322857122698633,-0.30852968182446,0.4323198869208419,0.4557501964577793,0.2638024885416898,0.22331042096616224,-0.9381911455531051,-0.9254062487227878,-1.2424108939237355,-1.1423313805857394,0.3476645205553221,-0.12479618717266176,-0.32030321536567735,-0.9511296417938885,0
1.0072143259485644,0.18140777454752677,-0.8790386569529866,-1.6014324776621007,1,0,0,1,0,0,-0.6595879237025604,0.03191064796283935,-0.4128990739419065,-0.25494820233288673,0.5918732820097946,0.22157088492113197,0.03422173011277756,0.5236110864747563,-0.7157615996197935,-0.5724523709950934,-0.4168286519351227,0.1565190925857427,0.5213036093062461,0.28775840218144155,-0.7340052338460592,-1.3729611427473691,-0.23563195898873243,0.0068896123069524294,0.08301123374971872,0.13114384342216406,0.23993865613477236,-1.4539829787342282,-0.40122345575747653,0.5396976046578944,0.5486240275645854,-0.13114384342216406,-0.08301123374971872,0.04814519612450831,-0.8598699510432187,-0.7461646638947628,-1.2714198081808024,-1.2793616741013212,0.7311351137871589,-0.30171300108041293,-0.3747723420151606,-0.9764194483286528,-0.1375174777889068,-1.5452039908641146,-1.262965255902942,-1.2424108939237355,-0.9900233502002335,-0.4771381468814831,-1.0302635040182315,-1.0996718489615938,-1.2604211705619852,0
-0.8175043014153137,0.6194597960623787,-0.8790386569529866,0.5985369837740325,1,0,0,1,0,0,-0.5838743016777656,-0.03205128065648941,3.7065053424538945,-0.7612666491290143,1.8858571007939633,0.5636732966747392,-1.1763676617579577,0.8204395415948029,0.2654370208430769,-0.2966802250180638,-0.22502582805116508,-0.44408373054599776,0.029753439599387883,-0.297212818626282,1.2368420809180098,-0.5973626939681109,0.551493961747449,0.055909378778887596,-0.07652239220166908,-0.529783266025729,1.3387963232188531,0.11296222632485917,-0.9631531976846839,0.947647815838215,0.3471292238235481,0.529783266025729,0.07652239220166766,-0.3417899945912644,1.0163612595869336,-0.2639913658331881,-0.5220307794904515,-0.2894014204448148,0.006520256239666901,-0.46483142063624716,-0.4855086804782194,-0.35630847989348147,1.4445740782910115,0.27583454506891375,0.5069387276902979,-0.10137901367278856,0.27921023634565156,0.9504049313745251,0.2044646553166367,-0.04195727479570725,0.7190446135538346,1
-1.8712150580620608,-1.95731680108381,-0.15484123025532542,0.3052077222492148,0,1,0,1,0,0,-0.81101516775215,1.6949207920653873,3.6425394353670035,-0.7601093498220517,3.392311530537762,1.890941215739715,-0.9226917965160161,-1.8700936009517941,0.6038201842514397,0.6148735526298112,1.2869856932200725,-0.414373908024567,-1.8831559655502992,-0.9422648626402804,-0.8735928288422327,1.1208813831664663,0.32560596498445704,1.513271729086856,-0.03566621970192337,-0.529783266025729,0.3415254554822955,1.6916160379318743,0.3009352727261621,-0.5077892000805575,-0.1957291235417727,0.529783266025729,0.035666219701922665,-0.8709877534198129,-0.7848207026180125,0.13630344765189217,0.705416767502365,0.8200367948598906,0.25856020669096863,-1.4435419379712537,-1.592872065108806,0.6978801664463103,1.4029400899731188,3.6144051942794655,3.7776118107736805,3.4319299336952014,2.9107545391174514,2.5524254969729347,2.673920973986373,2.5188253784480175,3.1005893850681794,1
-0.6376024649146498,-0.4885541407104817,-0.15484123025532542,-2.6280848929989626,1,0,0,1,0,0,-0.8236341047562825,3.2387291601046404,-0.4896581624461761,-0.17393725084550635,2.2053139508960626,2.6252316210984383,1.1086362868878281,-0.8952308055080326,0.8473161054394157,1.1854174359569207,1.5513796797845756,-0.1831851147696314,-1.7510322850520823,0.3009422452158229,-0.6827782798362362,0.814731162601325,1.18568001195905,1.9961614879269363,0.03622492998512883,-0.28577009270635834,-1.240887798591686,0.5447400834520507,-0.3395832553526978,-0.42572247571415023,-0.06800639238414237,0.28577009270635834,-0.036224929985129536,0.18740776423728422,-0.7097714541928067,-0.30038180342274146,0.14983524623193267,0.6322857122698633,0.006520256239666901,-1.5251011477491712,-1.7036084035718644,0.44983577907224165,-1.1644891896302574,0.5034643620605421,-0.0039613912850709025,-0.17917664187171697,-0.33002188519637315,0.5380035976561225,0.6160407084282594,0.514734606344233,0.038603250264021984,1
0.2876069799459088,0.4133176682906843,-1.8929150543297122,-0.4281154315628296,1,0,0,1,0,0,0.31207022561564,-0.5559576232566278,-0.3745195296897717,-0.2896671815417641,-0.5861558727721472,-0.20370936812158769,-0.6414310545694862,-1.477536009607013,0.4369929349867628,-0.4072789451054987,-0.16996495493207764,-1.3679899389821009,-0.4430338440008014,-0.24870044827762236,-0.985558932635189,-1.136195519944751,0.7638695309550607,0.49875781316845025,-0.2971274843375756,-1.571087696275664,0.6434269379709957,1.0406532393360113,-1.7391509047431322,1.307647530444648,0.7079026948369288,1.571087696275664,0.29712748433757485,-0.2582324537235989,-0.9349191994684248,-0.082039177885424,-0.6512357844370638,-0.34060626115118536,0.9201650766256344,-0.7910682597479163,-0.762349526635866,0.20179139169817292,0.4731143508735179,0.8069707847160468,-0.350643614875499,-1.1516469943583196,-0.6515610604546642,1.109020828958526,0.36909507656128593,-0.32030321536567735,-0.1469716669968365,0
-0.38059984134227254,-0.7462318004251005,-0.4445202009343899,-0.8681093238500562,1,0,0,1,0,0,-0.5460174906653681,-0.08729112810045517,-0.7199354279589849,0.17325254124326683,-0.49684451199202506,-0.20102621195097117,0.845040278831867,0.7973344421225959,-0.010333078178483186,2.0775928798206973,1.2845882068839882,1.038765861438861,-1.262495155752166,0.4329375683534315,1.2139812623239725,-0.004296233973825769,1.3214976964496132,0.9302985682684874,0.01898787070343759,1.3979208031972914,-0.7424629611259282,0.12177323423975003,0.009808363213685539,-1.496319450986729,-0.7617720989059654,-1.3979208031972914,-0.0189878707034383,0.5216379277079463,1.3165582532877582,0.40923172957353837,0.3436427536518511,0.8883099158017184,0.19555021907814235,-0.6279498401920818,-0.7069813574043363,0.8839134569768611,-0.8314172830871166,-0.17942508891434333,-0.8432973010303187,-0.7107937678977266,-1.1931007240475748,-0.28679906978068154,-0.37174181903963527,0.3477270420022505,-0.5181215015185524,0
-0.5605016778429365,-0.514321906681944,0.27967722576327125,-0.8681093238500562,1,0,0,1,0,0,-0.4955417426488382,-0.12508681319369488,-0.8094876978806327,1.1193447246851738,-1.2683081885176524,-0.961253793625654,0.5166536661163929,2.7864079672571123,-0.7634600014593093,0.5058452091564914,-0.4224452267677516,-1.0433581889487085,-0.24702911823169113,1.098154431334969,3.3691446888258674,-1.8729162428740969,1.7893857390143364,0.7517718275503351,-0.21462929445480164,-1.2101494081044426,0.378843469151369,-0.44929719241239713,-0.8384248026782491,1.0909600251234843,1.283158353550104,1.2101494081044426,0.21462929445480092,0.744458036688388,2.5923954765162622,-0.7097742263052108,-1.4781478160953823,-0.8526546682148961,0.6681251261743327,-1.1988643086375024,-1.2606630497196296,-0.4803306735805153,0.11228645211844858,-0.6346847228976005,-0.7794347861583975,-1.047916823426415,-0.6177148314801074,0.5697267771729232,-0.5363722402842841,-1.0440026608476,-0.7036964187794109,0
0.2876069799459088,-0.7977673323680251,-0.4445202009343899,-1.6014324776621007,1,0,0,1,0,0,-0.6217311126901629,-0.008210925443830511,-0.6687627022894718,0.011230638268506017,-0.09369201432968471,-0.014994050788225242,0.682357586749269,0.7633310944638586,-1.1419116845847486,0.5867560058623251,0.4504224971392139,-0.8142448238358206,-1.2120606864461871,-0.2207745081507184,0.6468430858582022,-0.0401178542064469,-0.24326784911081378,0.21100125665438108,1.0187373090415193,-2.120904085066952,-1.169430122037761,-0.3997026791024786,1.5207169525688644,-1.0338897445229367,-0.37956964709662827,2.120904085066952,-1.01873730904152,-0.23037994010104354,0.5660657690356972,-0.07294156848803632,-0.08273376267196997,-0.1699234587966153,0.3530751881102058,0.18764225758709038,-0.26403600355210183,-0.29429738304996345,-1.053465220782544,-0.2553016945782196,0.4339529964081015,1.1952481229760152,0.6345956405784983,-0.635754044465484,2.2623449208747504,1.127095675598167,-0.5181215015185524,1
-2.128217681634438,-1.235819353882877,0.27967722576327125,0.3052077222492148,1,0,0,0,1,0,0.3877838476404349,-0.5664241206670634,-0.24658771551598904,-0.3648916364943316,-0.47440451807619816,-0.15362378627007917,-0.6668112699574124,-0.961881118546307,-0.4226076197425727,-1.4742621610393074,-1.8732109921681976,-0.2972748672048951,1.4058755131176184,-0.5520459276247227,0.40305894924793184,0.5027875086930833,-0.7868477771766826,-1.0209447386544384,-0.7279513648365102,0.3165258375355961,0.3756195165379866,1.723987629126763,1.0829717312212224,1.21140828143301,1.4385122056078958,-0.3165258375355961,0.7279513648365102,0.0759977097470634,1.6167552469885829,3.3204667367377643,3.18615286247732,2.561001378876506,1.140700033270523,1.4110304042558486,2.1167952734036595,3.3643573307175463,0.11228645211844858,1.1863538130354276,-0.7703115697481222,-0.1532440991387405,0.3299795798074865,-1.0481553781838862,-1.5241547677521787,-1.6006945419875402,-0.2706882785040748,0
-0.020796168340944693,-1.9057812691408853,1.0038746524609323,-0.13478617003801185,1,0,0,1,0,0,-0.596493238681898,-0.026236559872914074,-0.6943490651242283,0.05115746435871493,-0.26110932582665763,-0.059713320298500704,1.2816008804448622,-0.5321344784914996,-0.6428579394187249,0.308779792715887,0.08237227702583119,-0.12175333263848838,-0.09755367874569018,1.9448348894073806,-0.9515212370821303,0.22154382932108785,1.449642065432235,1.455455748976416,0.9573302853504951,-1.1155255455628834,0.16115888432222003,-0.22284181542972809,1.1014385219160936,1.0202986781081027,1.3138812630046917,1.1155255455628834,-0.9573302853504958,2.0535261769484814,-0.7848207026180125,0.49111021415003275,0.5374502610717695,1.1443341193335734,0.4475901695294441,0.10608304780917345,-0.319404172783631,0.7598912632898273,0.16779843654230542,-0.17942508891434333,0.10551720563822252,0.6636309969500054,1.0745966172477384,-0.4771381468814831,0.12214944469431245,-0.3759724034796717,0.2860364732784985,0
2.266527181453213,-1.6996391413691911,-0.8790386569529866,1.478524768348486,1,0,0,1,0,0,-0.7479204827314877,0.4563852651638393,-0.42569225535928473,-0.2520549540654803,1.0290744043503497,0.545785588870629,-0.437318179594579,-0.6271111525228711,1.0578823766419339,-0.08895227531638653,0.7258717324946818,-0.2834323601208628,-0.9784460069430262,0.3606432516929896,-0.4881804785260631,0.9190806744980471,1.192331675322486,2.027972860663485,1.34624143539365,-1.7217537992339922,0.9684520619929213,0.3716812508001801,-0.5225732060707399,1.3024644642668128,1.0362519830368844,1.7217537992339922,-1.3462414353936507,-0.03541234474315745,-0.7848207026180125,-1.2374355713537264,-0.6512357844370638,-0.18699173903207253,-0.7495995951142377,-1.1988643086375024,-1.7036084035718644,-0.790386157798101,0.9727222106882286,0.4275877563966659,0.22411901897178985,-0.08841274230630035,0.43151826673115745,0.728342674756924,0.6160407084282594,-0.15329565102369538,0.038603250264021984,1
-0.8689048261297889,-0.35971531085317227,-0.4445202009343899,-0.13478617003801185,1,0,0,1,0,0,-0.5081606796529707,-0.10764265084296887,-0.16982862701171944,-0.4048184625845405,0.46982657517274634,0.2300675461280843,-0.8963806086074987,-0.037994111212994564,0.3756896398465463,0.13894849493934028,0.3376500568977662,-1.2602011721919335,-0.7434991877090666,-0.3771155462593689,-0.6678994435936342,-0.31105547544291057,0.7784529119588421,1.0155254583151012,-0.70065935430716475,-1.023858678725748,0.8696296461867056,-0.6169388905773718,-0.8261610780920955,0.5841901295664319,0.5525013433480578,1.023858678725748,0.7006593543071641,-0.6203151308168162,-0.9349191994684248,-1.2829236183406676,-1.2197378062021575,-0.9038595089212672,-0.34003467563087314,-1.1173050988595852,-0.983822203561983,-0.6043528672675491,0.6118943119331598,-0.7105613285614767,-0.5239847266707137,-0.840456481562607,-0.5838686025055501,0.4428340591057229,0.36909507656128593,-0.09762646290970158,-0.6418381130257917,0
-0.8175043014153137,0.18140777454752677,-0.8790386569529866,-1.6014324776621007,1,0,0,1,0,0,-0.5838743016777656,-0.03205128065648941,-0.4128990739419065,-0.25494820233288673,0.35708231377937705,0.17237968845982896,-0.21381398945475663,1.866991712206719,0.13325447093634965,0.242564661283482,-0.1563226828258803,0.23110087231081747,0.17554531938409354,-0.03688900062260425,1.1028523076769108,-0.46803376867125324,0.893671990304339,0.517580644954291,0.2857518833962749,0.031788787753525546,0.26045450237416956,-1.4576914851858378,-0.6524921263312197,0.5584606393719714,0.7085439046273692,-0.031788787753525546,-0.2857518833962756,0.0759977097470634,1.2415090048625523,0.48201260475264507,0.14983524623193267,0.512807750621665,0.6366201323679207,-0.22015379130249568,-0.3747723420151606,0.44983577907224165,0.029018475482663446,-1.4693273852002382,-0.7246954876967501,-0.9182541097615345,-0.6684841749419423,0.28421816152172197,-0.9479482933959068,-1.0440026608476,-0.6418381130257917,1
-0.7404035143436003,1.6759382008923163,-0.8790386569529866,0.3052077222492148,1,0,0,1,0,0,-0.6974447347149578,0.17146394676864757,-0.10586271992482811,-0.44069474110038037,1.094370097565281,0.47244598687377726,-0.30580115800079166,1.1029520182049206,0.3595875833520769,-0.9546797911694868,-0.4481799514433902,-1.0826911294252188,0.18237290417621824,-0.6277558267142876,0.12050056897373071,0.09186290409662261,-1.1859024002128944,-0.37476386633921793,-0.9333596546099943,-0.550966827225982,-0.20202227120597027,-1.3931214341738964,-0.3992549133052311,0.11379028717216151,0.2167719133096368,0.550966827225982,0.9333596546099936,-0.7038726716844818,-0.10937746679115769,-0.6369933511261053,-0.4961897785011287,-0.9038595089212672,-0.05648973137315825,-0.13859458152457876,0.34501385799472056,-0.35630847989348147,-0.10976148557697851,-1.2416975682086098,0.39746013076700454,0.11904759955750843,0.1607484349347019,0.7917890337905242,0.6983559190505837,0.45906541823023866,0.2860364732784985,1
-0.5091011531284612,0.28447883843337485,-0.8790386569529866,-0.4281154315628296,1,0,0,1,0,0,-0.785777293743885,1.122170794883216,-0.6431763394547153,-0.005550201682451352,0.9411737387828446,0.8673171366495096,0.1410812518664383,-0.7290048449182973,-0.5356329938409812,0.5160015882149928,0.3135114694739793,-0.3947848177491048,-0.34016227981594327,0.14189272378408113,0.11072140416616448,-1.073423024328047,0.8676368272794011,0.7820382677314298,0.3699083794759778,-0.9053100327574869,-0.054399377284652245,1.1115003000766217,-0.34645837253572503,0.1632489697787604,0.35592789219880727,0.9053100327574869,-0.36990837947597854,0.02029268250195297,-0.03432821836595151,-0.3913578973966235,-0.8579637923516437,-0.5112890635057554,0.7941451013999841,-0.709509049969999,-0.9284540343304539,-0.29429738304996345,0.05677446769459199,1.2622304186993043,0.48869229486974886,0.22277777048941236,0.27921023634565156,0.9186817518577256,0.2044646553166367,-0.2089648391376897,0.34789477903211874,1
-0.1749977424843705,-0.7462318004251005,-0.4445202009343899,-1.6014324776621007,1,0,0,1,0,0,-0.10435469552073157,-0.4303596543314004,-0.7583149722111197,0.2108647687195506,-1.315347992202296,-0.4939374272432755,-0.32787754953678505,-0.9426199322268024,-0.666460998948898,-0.4041890775279259,-0.3332284517518273,0.6615473202357874,1.3457824176835422,-0.765133976062865,-0.09486038689799796,-0.2712822790827185,-0.5660168301236261,-0.39557275255349694,1.2800437928331125,-0.36726020632542794,-0.30859113952795575,1.1987463860118683,0.6384619840238991,-0.015219232096291477,0.04701350658281634,0.36726020632542794,-1.2800437928331134,-0.7317251853070371,-0.10937746679115769,-0.054746349693259644,-0.18609776662925942,-0.3918111018575571,0.2270552128845555,1.9819448727012692,1.3416409041622488,-0.6663639641110671,-0.49834537654397587,0.6552175733882943,-0.9618991143638861,-0.5292659687668935,-0.4992530300691578,-1.1433249167342867,-0.28942660841731066,-0.48731077970765985,-1.0748462533011267,0
-0.9460056132015023,-1.9057812691408853,-0.4445202009343899,-0.13478617003801185,1,0,0,1,0,0,-0.25578193957032125,-0.3547682841449209,-0.6943490651242283,0.05115746435871493,-0.843159579714195,-0.3123771930315571,0.6434162013823358,-0.7023785666816571,-0.7159887682217378,0.0023623555073496493,0.500695204993687,-0.041995904124351065,-0.78335188328747285,0.5621491704071198,-1.2660893904900687,0.5412461803990919,0.7614306526287413,1.7142783734925473,1.0872846843245239,-1.1356331163529647,-0.33299306303993637,-0.30430393217699403,1.5226808456432728,0.7518302111697241,1.0227308859811926,1.1356331163529647,-1.0872846843245245,0.4102278732177254,-1.2351161931692491,-0.3367722410122935,-0.018131260198663828,0.2909201075607231,0.29006520049738066,-1.0357458890816678,-1.482135726645747,0.20179139169817292,-0.08200549336504998,0.04820472807728505,1.1546870928197819,1.8824605053998806,2.1576759444335596,-0.3502454288142823,0.5337254978059351,0.013711913318286572,1.2139110595827887,1
2.266527181453213,-0.35971531085317227,-0.8790386569529866,-0.13478617003801185,1,0,0,1,0,0,-0.7479204827314877,0.4563852651638393,-0.16982862701171944,-0.4048184625845405,1.3336089013488852,0.6638444603777562,-0.3215047789635523,0.09266533260626904,1.0228126734525296,0.18279938048857303,0.936089996664242,0.20074782242270522,-1.3618131568875902,0.44670644808215537,-0.3815027522001568,0.7298510503232558,0.9655390276080322,1.786302982498485,0.9953441571592244,-0.7133741297612556,0.8934040409850633,-0.509367159361878,-0.664789270029092,0.7104618019691594,0.5270143451710917,0.7133741297612556,-0.9953441571592251,0.27096530510494976,-0.4846237089171882,-0.45504116317834126,-0.031051760693324323,0.3591932285025509,-0.05648973137315825,-1.1173050988595852,-1.5375038958772762,-0.046252995675895824,0.917210226264372,-0.4070549059059717,0.269735101023162,-0.127311556405765,0.1607484349347019,0.8235122133073248,0.7806711296729086,0.45906541823023866,0.34789477903211874,1
-0.8175043014153137,-0.23087648099586283,-0.8790386569529866,-0.13478617003801185,1,0,0,1,0,0,-0.5838743016777656,-0.03205128065648941,-0.23379453409861076,-0.3822511260987702,0.5785743012639791,0.27076208138243496,-0.3780932510403599,1.2675693812176252,-0.31321779696636365,-0.3465573526632737,-0.760015893713066,-0.3063147612492007,0.5558098413956307,-0.11038640398894055,0.9560357146018753,-0.0533008230555439,0.7259195426836825,0.6144178534660261,0.5641420291796073,-0.9772859963810728,0.41545107515942176,-0.7820431642155896,0.3746170344522893,1.1879860177398445,1.5879173315166288,0.9772859963810728,-0.564142029179608,0.15955525061472892,1.391607501712964,1.1461380907619838,0.9379857764062678,1.2296755205108585,0.9201650766256344,0.10608304780917345,-0.1532996650890431,1.0079356506638961,0.3065783976019474,-0.7864379342253526,-0.23204180154193166,-0.010615114107371936,0.46536449570571364,0.12560226393772106,-0.7833178721512579,-1.211010225189582,0.2860364732784985,0
-0.6376024649146498,-0.7462318004251005,-0.15484123025532542,-0.8681093238500562,1,0,0,1,0,0,-0.8236341047562825,3.2387291601046404,-0.7199354279589849,0.17325254124326683,1.5671797076776843,2.3569160040367856,0.552958130896635,-0.7790656556613247,0.6286319311372555,1.4892725696765206,1.3797705385579349,0.04389181284929624,-1.5053104891908886,0.2029330283978035,-0.6310298745396401,0.8637983226140785,1.2781068988132367,1.819857698764799,-0.65872285032305,0.7131765006161427,-0.5661334506169959,0.43714018610394645,0.008673100675505472,-0.7445622394202709,-0.01703243943487814,-0.7131765006161427,0.6587228503230493,0.38237535959517033,-0.40957446049198204,0.7276480584821255,1.1059522828368633,1.6563825263972836,0.4475901695294441,-1.6066603575270884,-1.592872065108806,1.5040244254120325,-0.5261013687559044,0.4275877563966659,0.05990112358685037,0.054216242725068246,-0.24540631275998087,0.5697267771729232,-0.12479618717266176,0.23638866577426285,0.40975308478573785,1
-0.6119022025574117,-0.514321906681944,-0.15484123025532542,-0.8681093238500562,0,1,0,1,0,0,-0.11697363252486404,-0.4291967101746853,-0.8094876978806327,1.1193447246851738,-1.7601823609618084,-1.1951355731643947,-1.3900188096511668,-0.5782073711345569,1.183953147880534,-1.4197904355188005,-0.912338722554587,0.04511537965784258,1.3859817444187472,-1.535859604975987,-1.0803089988793602,0.7379910682873402,-0.8285481474019666,-0.17614909962665606,0.1039844044028122,-0.04159846927444537,0.39824217081923224,-0.28862207693890296,-0.8768937637764574,1.0964711211848228,1.0141097108450718,0.04159846927444466,-0.10398440440281291,-1.4001855122483615,-0.8598699510432187,0.764038496071679,1.06719078135288,0.6322857122698633,0.3215701943037938,0.9216751455883455,0.954063719541543,0.8219023601333442,0.22331042096616224,-0.4070549059059717,-0.4601222117987924,-0.8145239388296306,-0.38079122865820925,0.6331731362065233,-1.277209135885205,-1.4336869776455579,-0.332546584257695,0
-0.9460056132015023,-0.7462318004251005,-0.4445202009343899,-1.6014324776621007,1,0,0,1,0,0,-0.25578193957032125,-0.3547682841449209,-0.7583149722111197,0.2108647687195506,-1.1627582846078073,-0.43580237687991735,0.7607196579469127,-2.81354985453249,0.0825831902248064,0.7130191360387566,1.3973557009429476,0.5176304904619282,-1.2783030595097766,0.6768540111593241,-1.6070553171346795,0.620659881709991,0.7603860988870302,1.756835191719374,0.8989187262297652,-0.18555039652161812,-0.38149464952203216,2.2517727349307375,0.5108093373171725,-0.2092570131856111,-0.10142322357986873,0.18555039652161812,-0.8989187262297659,0.7166055230658329,-1.4602639384448675,0.2727675886127153,0.5632912620610914,0.8712416355662611,0.7311351137871589,-1.1988643086375024,-1.592872065108806,0.8839134569768611,-0.4150773999081907,1.9451198696741894,-0.25028823436248077,0.04124997135858002,-0.0423289389126401,-0.5723076854318833,-0.20711139779498602,-0.32030321536567735,-0.3944048900113141,1
-0.9460056132015023,2.268596818235939,-0.4445202009343899,-0.8681093238500562,1,0,0,1,0,0,-0.25578193957032125,-0.3547682841449209,-0.7711081536284979,0.45679087144909825,-1.2506589501753123,-0.6258592722985881,0.1341957614846371,-0.5623509371311518,-0.08984639775611097,0.2463015343793589,0.23624829131599717,-0.5588325378208007,-0.5594258045494988,0.5125705941167319,-1.415296028241587,0.5935535022377727,0.7133329703373613,1.5161745659792447,-0.04921092906325296,-0.7133741297612541,0.3255520251749271,-0.645968182470714,0.7192870632721693,0.37459127972825723,1.1731150150456733,0.7133741297612541,0.049210929063252244,0.8001630639334981,-1.1600669447440433,1.0460643873907127,1.2351572877834756,1.519836284513628,1.140700033270523,-1.1988643086375024,-1.3160312189511594,1.876091006473136,0.6118943119331598,-0.3311783002420958,1.1090710107684099,1.3638096507403592,1.4638282504551436,1.0138512904081252,-0.20711139779498602,-0.5429799678216537,1.4613442825972665,0
-0.6376024649146498,2.268596818235939,-0.15484123025532542,-0.8681093238500562,1,0,0,1,0,0,-0.8236341047562825,3.2387291601046404,-0.7711081536284979,0.45679087144909825,1.269648225209414,2.1377915834364356,0.03514439468163451,-0.43303162619123636,0.022285320560540438,0.6048518192545445,0.4904123289614317,-0.4774260350774047,-0.6289085880660706,0.38158093989468655,-1.285783986879508,0.7453324014724647,1.2422095810173954,1.7957471809259224,0.12355936367902995,-0.7736968421314995,0.33240204279746416,-0.6937206752251989,0.7185224041281307,0.4146379704912836,1.1156375622788646,0.7736968421314995,-0.12355936367903066,0.5494904413305014,-1.0850176963188372,0.6730624020977969,0.9896677783849125,1.519836284513628,0.5421051509486824,-1.1988643086375024,-1.3713993881826885,1.3800022317249987,0.8616982418405155,-0.17942508891434333,1.9484069205136576,2.115853389996665,2.2084452878953957,1.5214221626769286,0.36909507656128593,0.013711913318286572,2.451077174655176,1
-1.5371116474179702,-1.880013503169424,-1.168717627632051,-0.13478617003801185,1,0,0,0,1,0,0.4256406586528323,-0.5745647297640688,-0.8350740607153893,1.7124606195034944,-2.5864953602690592,-1.7653062594204068,0.17165835986855793,-0.16675068006485905,-0.11708347095086961,-0.9272380202567212,-1.7380585949372809,0.7845670562706272,2.796782866667066,-0.7163678176638659,-0.954062835205178,1.1190341705836664,-1.2654704647144537,-1.0516631502895972,0.6912331826893887,0.3844992353771891,-0.9544814107302347,-0.726888662803437,1.2845784493019161,-0.002180105657213756,1.2328169198805998,-0.38449923537718983,-0.6912331826893894,-0.48105256270404034,-0.6347222057676005,1.2280165753384769,1.7132158060859415,0.9907195972144606,-0.30852968182446,3.042214599814193,2.7812133041820113,0.7598912632898273,-0.8314172830871166,-0.5588081172337243,0.5160619441005718,1.143383037510063,1.0745966172477384,0.41111087958892223,-1.1125787146405561,-1.0996718489615938,1.275769365336409,0
-0.7404035143436003,-0.514321906681944,-0.8790386569529866,0.3052077222492148,1,0,0,1,0,0,-0.7226826087232228,0.2964804436155174,1.5188713200822117,-0.6796770479881525,1.9823069405161327,0.7532829993983071,-0.6527098260889646,0.4236364702093194,-0.4314502805384604,-0.4419164645663338,-0.2622704913760817,-1.0528968741368234,0.2802510162428004,-0.7354147212838488,0.5677060204875258,-0.024701891953829234,-1.0949551920387923,-0.5576231813193747,-0.8989374548998709,-0.5444705351245722,0.17279117751609804,-0.012738921526435618,0.5649839679938135,-0.48873819153709425,-0.20344602027341901,0.5444705351245722,0.8989374548998709,-0.6481676444393714,0.641115017460903,0.30006041680488094,0.24027874969456073,-0.22112829950298704,0.5106001571422693,0.18764225758709038,0.7325910426154264,0.5738579727592754,0.3898463742377325,0.27583454506891375,0.890113816921823,1.078551680677623,0.7869036709640054,0.2524949820049213,0.5337254978059351,0.29205785388825667,0.47161139053935697,1
0.2619067175886707,2.0624546904642447,-0.4445202009343899,2.505177183685348,1,0,0,0,1,0,3.504661287661156,-0.764124627308625,0.5849690766135982,-0.5905650013520342,-0.7441295488047082,-0.13126415151494145,-1.1214648176009376,-2.2212464093253965,-0.35205898665022034,-0.9451426651856547,-1.234069034099979,1.0276079267390676,3.812085538857583,-0.6823815040119506,-1.2842893530802066,-0.5245593840454006,-1.272585837567765,-1.6917941794281341,1.637356214373321,-0.2223753081429896,0.8775965698019302,1.7621575254413178,-0.04585516385476184,0.014952432609297458,-0.04735755114150257,0.2223753081429896,-1.6373562143733216,-0.7595776989295921,-1.3101654415944555,-0.6915790075104341,-0.8321227913623208,-1.2281568333949502,-0.7180946013078251,4.673398795372537,3.611735842654951,-1.4104971262332722,1.2502821328075124,2.3245028979935705,1.2459192569225261,1.026686595211671,0.9730579303240674,0.8552353928241243,0.9453015509175579,0.9044189231421907,1.3376276710900281,1
-0.25209852955608386,0.7998341578626126,-0.4445202009343899,-0.8681093238500562,1,0,0,1,0,0,-0.5460174906653681,-0.1047352904511812,0.32910544826603294,-0.554110073182713,0.9083825141844432,0.3476792249401088,-0.11852612226266865,-0.0944858123424903,0.37385803720910016,0.021010933601958718,0.1208744355878696,0.27371898217792184,0.14031631630604088,-0.9526939156628258,-1.076894430541429,0.7061426471773554,-1.337077814467727,-0.5578686397160246,-0.7471295343976714,1.1143140211580842,-0.7871070770283297,-0.9491244573958295,0.19852879909273452,-1.3542078886471158,-0.7017928325687687,-1.1143140211580842,0.7471295343976706,-0.9545452942874786,-1.0850176963188372,-0.4277483349861756,-0.018131260198663828,-0.5454256239766699,-0.43454965705011084,-0.13859458152457876,0.2342775195316623,-0.17027518936292965,-0.8314172830871166,-1.0140677512169813,-0.5969704579529088,-0.41256952646850126,-0.8884846632765624,-0.28679906978068154,-0.6186874509066087,-0.15329565102369538,-0.5799798072721716,1
-0.07219669305541997,0.6452275620338409,-0.15484123025532542,0.5985369837740325,1,0,0,1,0,0,-0.14221150653312897,-0.40128605041352367,-0.438485436776663,-0.2375887127284481,-0.34756481593456856,-0.1250034537835029,0.01961128608833878,0.1974869303087698,0.2984102958434231,-0.5040846735542314,0.30324064536748985,-1.0544390559543666,-1.2684569703845527,-0.20945448574836942,0.0654321422421001,-0.10336809592296323,-0.18157101827648633,0.35245381468092607,-0.08286747959746427,-1.3559421528355944,-0.236554424930316,-0.20550852587012958,-0.5118118388434558,0.5009431595318687,-0.05012514001371584,1.3559421528355944,0.08286747959746356,-0.06326485836571254,0.26586877533487285,0.6275743551108558,0.47284775859846334,0.3762615087380082,1.0461850518512859,-0.22015379130249568,-0.2086678343205727,0.6978801664463103,-0.10976148557697851,-0.02767187758659086,0.5525548097416701,0.1838789563899486,0.38074892326932136,0.4428340591057229,1.933084078385452,1.2384340518261547,0.10046155601764112,0
0.544609603518286,0.7740663918911503,-1.6032360836506476,0.3052077222492148,0,1,0,1,0,0,0.5013542806776271,-0.5797979784692867,1.582837227169103,-0.6848848948694842,0.3763162151845778,0.08338834213438077,-1.210446343704908,0.40687051988488554,0.4681134026759189,-0.46471630536149855,0.12188372839063563,0.0020390361986661536,-0.4258950975874178,-0.6710146848644447,0.8924170039533552,-0.2651034660812995,-1.09362234281445,-1.3496253031313046,-0.01835909107355938,0.020989325180847843,1.0126851396610557,0.3355612065043407,-0.9063301202807004,-0.4566154470706175,-1.4761012415381947,-0.020989325180847843,0.01835909107355796,-0.6760201580619267,0.7161642658861095,-0.24579614703841146,-0.3411437725651945,-0.7331767065666972,-0.43454965705011084,1.0032343553662626,1.1201682272361313,-0.6043528672675491,0.6674062963570164,0.04820472807728505,-0.7064490548762022,-1.0219842806934394,-1.1084851516111824,-0.794369942049485,1.1099319721622063,1.2384340518261547,-1.136704559054746,1
-0.25209852955608386,-0.8493028643109486,-0.8790386569529866,-0.4281154315628296,1,0,0,1,0,0,2.5708599493553526,-0.737958383782536,-0.5536240695330674,-0.1044992924277517,-1.604573028084084,-0.4867823441216314,0.95078353472643,2.1399135222245813,-0.6830553785436881,-0.10354685037048543,-0.8932339953191077,-0.02430000215755783,0.45589695950232817,0.9367881393431612,1.930576201532935,-1.6841111435642355,0.5458695787977408,-0.20999574930031106,-0.29127919636700184,0.2557448558590603,-0.38605997868082464,-1.0030896082064527,-0.7586096992626693,0.6811600447603443,0.9562279640759916,-0.2557448558590603,0.2912791963670011,1.245803281894381,2.367247731240644,1.0278691685959374,-0.12149526415595328,0.10316902497069583,1.833809897011603,0.2692014673650073,0.4557501964577793,1.0079356506638961,-0.44283339212011924,-1.0140677512169813,-0.3688900476960481,-0.6848612251647502,-0.39771434314548676,0.8235122133073248,-0.5363722402842841,-0.48731077970765985,0.34789477903211874,0
-1.8712150580620608,0.5421564981479937,-0.15484123025532542,1.478524768348486,0,1,0,1,0,0,-0.81101516775215,1.7181796751996885,0.35469181110078946,-0.5598965697175259,2.5301302035069906,1.7541002510382722,-0.9013299636401363,-1.9078416733592325,2.175803222879571,-0.6252775582258849,0.9381636620443208,1.004347210234377,-0.6418126738793377,-0.9164589577827049,-0.5175850466811965,1.1850286030289872,-0.03597589079658932,1.0828224870438858,-0.35307242775419667,1.719982742123172,0.3376062629357033,2.100067232895307,-1.7835564331944862,0.8090365641367284,-0.1624933038258533,-1.719982742123172,0.35307242775419595,-0.7874302125521474,-0.3345252120667762,0.5729886987265271,1.1447137843208466,1.0760609983917457,0.3845801819166189,-0.9541866793037505,-0.9284540343304539,1.2559800380379649,0.11228645211844858,1.5657368413548085,-0.6608329728248301,-1.3980061503215924,-1.057715808149347,0.37938770007212164,-1.1948939252628807,-0.5986491559356475,-0.2706882785040748,1
-0.7404035143436003,0.2587110724619126,-0.8790386569529866,-0.4281154315628296,1,0,0,1,0,0,-0.7226826087232228,0.2964804436155174,3.5401939840279772,-0.7577947512081266,2.3870782624915967,0.813654013237179,-0.05182028737431329,1.4261477558138542,-1.240632624495007,-0.03222934313639452,0.08497915017276347,-1.6133525302367855,-1.7710277651597335,-0.7514344226191098,0.21991125447069315,-0.08499038024987654,-0.6732639116106821,-0.08046482773981303,-0.7652983266135058,-1.4414068652642016,-0.6787670501596429,-1.737130284457277,1.6105792234135192,-0.6240572065761052,-0.1890353002404607,1.4414068652642016,0.7652983266135052,-0.6481676444393714,0.340918023760079,0.4001341201761507,0.29196075167320634,7.593435579547688e-4,0.7941451013999841,-0.05703537174666111,0.34501385799472056,0.6978801664463103,-0.7481493064513315,-1.6969572021918669,-0.6547508285513128,0.2011673182119326,-0.06489309156234463,-1.4922798914190887,2.2623449208747504,1.4982235963581267,-1.0748462533011267,1
-0.9717058755587404,-0.2566442469673251,-0.15484123025532542,-0.4281154315628296,1,0,0,1,0,0,0.8673034537974689,-0.6414340187751852,-0.5664172509504457,-0.10160604416034526,-1.1763060943709314,-0.4147843202100879,0.9177716758911169,2.137966653227038,-1.9560254119900227,1.8500647471426834,0.4553986207655481,0.9369233914195378,-0.02582399335267436,0.3220333205301404,1.792802905861824,-1.9248332195769708,1.278974176919078,0.26143619363700005,0.41113096936191074,0.8700970699576553,-0.9544119568954669,-1.138435732555309,0.7396805099627389,-1.2311092166829718,-0.33679895192175335,-0.8700970699576553,-0.4111309693619114,0.5494904413305014,2.142099985965025,0.8823074182377254,-0.3669847735545164,0.13730558544161034,1.9598298722372534,0.5138790966987595,0.34501385799472056,0.7598912632898273,-0.9146852597229018,-1.0899443568808573,-0.13168642102891215,0.2616765845888761,-0.2623294272472596,-0.12818317219668063,-0.28942660841731066,0.1250502895462747,0.22417816752487937,0
0.6474106529472365,0.5421564981479937,0.5693561964423357,-1.6014324776621007,1,0,0,0,1,0,-0.4198281206240434,-0.24138122886520175,0.4954168066919504,-0.5743628110545581,0.7568643958831623,0.25824068591955784,0.34532979990854445,-0.5847181095608953,-0.5060160632896546,1.2299688683133518,1.012592012397838,0.7118994789332772,-0.48274260799033664,-0.21848513110544684,-0.16979879500143913,-0.7751849182398652,0.7624924717215545,0.25450522613076915,1.0546828838850468,-0.07507566165750797,-0.6984972617010151,0.6324432502229539,-0.08724517412711773,-0.905534107426896,-1.0679443908941775,0.07507566165750797,-1.0546828838850475,-0.11896988561082296,-0.03432821836595151,0.41832933897092733,-0.06981326217730856,0.2397152668543526,0.7311351137871589,1.166352774922097,0.6772228733838963,0.139780294854656,-0.6926373220274746,0.5034643620605421,-0.2046721523111086,-0.21807545597118072,-0.5500223735309933,-0.44541496736468245,0.8629863402952329,0.9044189231421907,-0.5181215015185524,1
1.0072143259485644,-0.6173929705677911,-0.8790386569529866,-0.13478617003801185,1,0,0,0,1,0,-0.6469689866984278,0.00865176482853798,-0.4001058925245282,-0.2827233856999886,0.5650010954954711,0.225148426481954,1.1167751983695597,0.3946377269560672,-1.3861316082371031,0.10216345844945053,-0.07358502051053137,-0.5369651552899818,-0.30015460893284635,0.06348796609043722,-0.728648267216277,-1.1461392380859603,-0.4571277069904836,-0.12966519495141293,-0.1984048918790851,-0.5355808722489565,-1.4894666709937654,-1.2715965036567878,0.7431289431142326,-0.5912962505143488,-0.030928695026597126,0.5355808722489565,0.1984048918790844,-0.06326485836571254,-0.7848207026180125,-0.44594355378095224,-0.9354867953196102,-1.040405750804923,0.8256500952063961,-0.22015379130249568,-0.1532996650890431,-0.5423417704240322,-1.3032691506898992,-0.9381911455531051,1.4831228835896608,1.7138989776355367,1.3115202200696365,0.7600658542737248,1.6038232358961542,1.4054416161681371,1.5850608941045057,1
-0.8432045637725518,-0.6431607365392533,-0.4445202009343899,-1.8947617391869185,1,0,0,1,0,0,-0.5333985536612357,-0.10764265084296887,1.0199372448044592,-0.6478513170466818,1.181747559641909,0.41788847807124124,0.6248038998511503,-0.4832376729706149,-0.5905560651380377,1.8746328791603912,2.089402941908002,0.055860603991272996,-1.9856143398878228,-0.3877978641445759,-1.0261075828855992,-0.6085891067449656,0.5396495099691286,1.1032026353831983,-0.5252107151899512,0.5970847941440487,-1.256288088726736,-0.3646731794093433,0.19573656462001035,-1.9974008620978125,-1.6392635025238416,-0.5970847941440487,0.52521071518995055,-0.4253475354589299,-1.009968447893631,-0.2730889752305771,-0.5349512799851129,-0.3064697006802721,0.9831750642384596,-0.8726274695258333,-0.762349526635866,0.5118468759157585,-1.1799091853035508,-0.34803976816740156,-0.016125679832102783,0.08591157273203844,-0.7230142105120619,-0.2938486652288588,0.9818860889719242,1.4982235963581267,-0.2500688432528684,1
-1.8712150580620608,0.20717554051898904,-0.15484123025532542,1.478524768348486,0,1,0,1,0,0,-0.81101516775215,1.7181796751996885,0.6105554394483548,-0.5957728482333657,2.6558975016795014,1.7818261981346428,-1.0190083055915546,0.09099225027403364,0.6409473101324056,-0.6043380784230524,0.10067040389887494,-0.014236653508955152,-0.09934280567293885,-0.819653730073388,-0.7054780428217436,1.4068317658256937,0.22667769232682203,1.4078365462454057,0.773109214277421,-0.7861774033115495,0.5979675049335591,-0.8316221354586945,0.5375338055035502,1.041191474773367,1.2436019187602436,0.7861774033115495,-0.7731092142774217,-0.7595776989295921,-0.6347222057676005,0.09991301006234013,0.821701271954316,0.8883099158017184,-0.05648973137315825,-0.6279498401920818,-0.983822203561983,0.7598912632898273,0.8616982418405155,-0.5588081172337243,0.9813459810245673,1.143383037510063,1.5653669373788135,0.6014499566897238,-0.28942660841731066,-0.6543183440496418,1.275769365336409,1
-0.7404035143436003,-0.2566442469673251,-0.8790386569529866,-0.4281154315628296,1,0,0,1,0,0,-0.7226826087232228,0.2964804436155174,-0.5664172509504457,-0.10160604416034526,0.6063414942485372,0.30653749699065536,0.1587017375583326,1.0143673417875245,-0.5005934889753628,0.5573273013849037,0.3045871028074892,-0.14101963540837628,-0.22343691717006403,-0.6842940393802743,0.32053159064875775,0.20521126434455003,-0.45221223477838607,-0.004497274648465592,-0.5252107151899512,0.328563629361145,-0.9044171706615459,-1.0711494993913582,0.8905455995778572,-1.2013191394947167,-0.40036886446772724,-0.328563629361145,0.52521071518995055,-0.5924626171942612,0.41596727218528484,0.33645085439443295,0.3953247556304958,0.18851042614798086,0.3845801819166189,0.10608304780917345,0.40038202722625016,0.6358690696027934,-0.859173275299045,-1.0140677512169813,-0.058700689746716966,0.4043055696202447,-0.1269445113490324,-0.28679906978068154,0.2044646553166367,0.4033962301162448,0.038603250264021984,0
1.0072143259485644,0.6452275620338409,-0.8790386569529866,0.5985369837740325,1,0,0,1,0,0,-0.6469689866984278,0.00865176482853798,-0.438485436776663,-0.2375887127284481,0.5077234935847342,0.19026739626393913,0.17205350271195746,-0.7514221460230314,-0.05160111360998244,-1.0668017010273847,-0.5617515929501707,-0.7866970787881142,0.0649105954933863,0.14905019028782943,-0.7957847289248967,-0.9228111104363931,-0.39712831444487834,-0.23493085036792263,-0.007768161614413057,-1.0652566185876786,-0.09031538983683832,0.23415080523411835,-0.856795719471966,1.0473946351802117,0.5009403333569775,1.0652566185876786,0.007768161614412348,-0.007559831120602114,-0.8598699510432187,-0.5187244289600577,-0.8838047933409655,-0.972132629863095,0.4475901695294441,-0.13859458152457876,-0.1532996650890431,-0.6663639641110671,-0.05424950115312168,0.27583454506891375,0.16937972051014377,-0.30883935553659736,0.10997909147286698,0.664896315723324,0.6160407084282594,0.1250502895462747,0.038603250264021984,1
-1.8712150580620608,-0.2566442469673251,-0.15484123025532542,-0.4281154315628296,0,1,0,1,0,0,-0.81101516775215,1.7181796751996885,-0.5664172509504457,-0.10160604416034526,1.5964412875865512,1.3999236365168906,0.07258470126654655,0.5240295890916342,0.21922842202155665,0.959256254515075,1.3605441672949536,0.5208126833567919,-1.1868041555468511,-0.7210640742035308,-0.47879423457476056,1.4139867065610743,0.16505282752943812,1.3679961131819955,0.7686432489180746,-0.05200463268990121,-0.8214095209240121,-1.1988926101379844,1.121227678636665,-1.1322297553763352,-0.4331921057631665,0.05200463268990121,-0.7686432489180752,-0.7038726716844818,-0.4846237089171882,-0.13662483426975403,0.6020527635450756,0.6493539925053206,-0.2140147004052217,-0.46483142063624716,-0.8177176958673952,0.38782468222872474,-0.7481493064513315,-1.0899443568808573,0.1785029369204177,0.7414286251489338,0.19459466390925928,-0.4136917878478824,0.6983559190505837,0.7374113588002092,0.22417816752487937,1
1.0072143259485644,-0.7462318004251005,-0.8790386569529866,-1.6014324776621007,1,0,0,1,0,0,-0.6469689866984278,0.00865176482853798,-0.7583149722111197,0.3555271820898727,-0.42509869784254545,-0.2681051162163844,0.21801770039143056,-2.805360406647085,-1.250871310453231,-0.12282362582551436,-0.31035918909259547,0.2945663402586895,0.5368089808151012,0.0503640465776456,-0.8850202391338216,-0.6963518918624622,-0.1204010496812796,0.061131232706878966,0.11065768597424898,0.2920044097428146,-0.2528357576146304,2.9638513514251406,1.0102164904251887,0.046539174719740714,0.463164896470386,-0.2920044097428146,-0.11065768597424969,-0.09111737198826762,-0.9349191994684248,-0.50962681956267,-0.7675202888890147,-0.767313267037611,0.3530751881102058,-0.13859458152457876,-0.2086678343205727,-0.5423417704240322,-0.19302946221276363,2.9315157433045793,0.24236545179233895,0.7414286251489338,0.7192112130148905,-0.3502454288142823,-0.4540570296619595,-0.3759724034796717,0.6571863078002155,0
0.18480593051695732,-0.6173929705677911,-0.8790386569529866,-0.13478617003801185,1,0,0,1,0,0,0.8420655797892039,-0.63561929799161,-0.8478672421327675,3.225629463357064,-3.2305050994428797,-2.9816703900998993,-1.3856523176457611,0.387895611173919,-0.14910576571594733,-1.4959310880870933,-1.6437837482438507,0.7489160194929542,1.6329087182042472,-1.2864433270402587,-0.9369404293716923,0.9278655157284595,-0.8725169639171444,-0.2662213760766169,1.465333844976243,-0.4318681387001143,0.6413842635245348,-1.47100525368913,1.136247937104311,1.1557335048166097,1.8770860206597078,0.4318681387001143,-1.4653338449762439,-0.7595776989295921,0.19081952690966666,5.085402959831077,5.111307436181844,4.233692841951291,2.904979686429634,3.042214599814193,2.227531611866718,3.550390621248098,0.8894542340524437,-1.2416975682086098,0.9266066825629212,1.4416072789392878,1.9207523416116614,0.506280418139323,-1.1125787146405561,-1.378017789531564,1.646919199858125,0
-0.894605088487027,-0.6173929705677911,-0.4445202009343899,-0.4281154315628296,1,0,0,0,1,0,1.1323011308842508,-0.6635299577527716,2.19690993520326,-0.7242330713062118,0.26952602549278354,0.04940169730657143,0.507550628916938,-1.3470104545902524,0.19083177009139626,1.2816886335659643,1.3043111253199022,1.3454914182029438,0.39925725487474256,-0.8684068566024381,-1.091134911397778,0.2037795878914868,-0.7378296450788095,-0.23281046043359369,0.4407888507730546,1.3979208031972914,-1.5734634036524995,0.7557391209198459,-0.05609458921467235,-2.463097902259004,-1.9229624445458005,-1.3979208031972914,-0.4407888507730553,-0.48105256270404034,-0.5596729573423944,2.401608187601556,2.1718935736464147,1.673450806632741,1.8810673877212216,3.246112624258986,3.196474573418481,2.775251910704134,-1.5808290728091832,-0.17942508891434333,-2.084054732827641,-1.7869942913162333,-2.377718738157067,-1.4922798914190887,-1.0302635040182315,-0.5429799678216537,-2.3120123683735136,0
-1.074506924987691,0.5936920300909173,1.0038746524609323,1.478524768348486,0,1,0,1,0,0,-0.00340319948767178,-0.49257716671565654,1.7363554041776421,-0.7016657348204416,0.7283081381862576,0.16343583455777386,0.3789218321260974,-0.883513054664265,0.8639273780484455,0.5011347600024691,1.7734775091308785,1.320197209962849,-0.7851758235726356,1.5748884817856206,-0.17638058743210513,-0.0700114063390396,0.7086731194423465,1.2633947152726561,0.2181716668474219,1.584211532575986,1.0467099831037783,1.0359551942784464,-1.2513723790271574,0.025707403999568838,-1.0721485800070556,-1.5842115325759867,-0.2181716668474226,1.4407708772522676,-0.18442671521636386,-0.054746349693259644,-0.08273376267196997,0.20557870638343811,0.6996301199807459,-0.709509049969999,-0.8730858650989243,0.2638024885416898,0.8339422496285867,0.8069707847160468,-0.3415203984652251,-0.9052878383950472,-0.8377153198147269,-0.1916295312302808,-0.7833178721512579,-0.09762646290970158,-0.332546584257695,1
-0.38059984134227254,-1.3388904177687242,-0.8790386569529866,-0.4281154315628296,1,0,0,1,0,0,-0.028641073495936725,-0.4797847809917908,0.03486227566633282,-0.5159191960529479,0.047689660727268664,0.029725218722050223,0.6904294337221917,-0.25045044058613053,1.731702523732621,1.3662603750419717,0.7768322310602339,1.1749139488317273,-0.5511511460172589,0.6496436986160875,-0.17544249536612017,0.3310538123200756,1.0257969947318846,0.338992842694081,0.8939738323359463,0.7158101325491454,-0.31094260536765156,0.16799664911138298,-2.0346182076467167,-0.8285668824256408,-0.6789594151986954,-0.7158101325491454,-0.893973832335947,0.744458036688388,-0.03432821836595151,0.43652455776570404,0.5503707615664309,0.9736513169790033,-0.49755964466293656,0.02452383803125581,-0.3747723420151606,0.20179139169817292,-0.49834537654397587,-0.17942508891434333,-0.9527758979536108,-1.7221629344837932,-1.8531021890514345,0.7917890337905242,-0.5363722402842841,-0.26463402725168356,-1.0129879475475077,1
0.15910566815972013,-1.5192647795689571,-0.8790386569529866,-1.161438585374874,1,0,0,1,0,0,0.16064298156605036,-0.5373505167491867,0.44424408102243734,-0.5732055117475955,0.15690626849673178,0.029725218722050223,0.6284691620465059,0.9328123422560151,-1.1622658929912975,1.230959341653799,0.5229794284257042,-0.7896060120845385,-1.5602103346716636,0.0350181075520854,0.3361862570813849,-0.30397971328295337,0.1461625471154783,-0.6524631662236153,-0.31054414497595056,-0.7689345227338477,-0.838911988001078,-0.9435302019220564,1.2833861156994275,-1.5180143759758398,-1.3169021605419724,0.7689345227338477,0.3105441449759499,0.04814519612450831,0.340918023760079,0.09081540066495114,-0.08273376267196997,-0.01630893667750248,-0.40304466324369825,0.5954383064766764,0.8433273810784847,-0.046252995675895824,-0.6556293324115703,-0.6852691266735177,0.9418120432467136,1.541015359415696,0.696647060365186,-0.6992004034990842,3.4970730802096184,3.1682992397779475,0.2654170380272921,0
-0.9717058755587404,1.4697960731206219,-0.15484123025532542,0.5985369837740325,1,0,0,1,0,0,0.816827705780939,-0.6327119375998222,1.5188713200822117,-0.6837275955625216,0.21945865363365716,0.0417994214898246,0.5686706055022842,2.1593176549190956,-1.7456802523259576,1.2871109729585353,0.5368839043565093,0.6209207558738622,-0.15703178257526804,0.7582590227432086,1.4930392849921499,-1.8078709310046424,1.2701283248417727,0.4831569075441529,0.20465562353765385,0.6438868985692391,-0.033106838696864004,-1.468037267286737,0.5696674503124812,-0.479366382006591,-0.22626668871537037,-0.6438868985692391,-0.20465562353765385,0.911573118423719,1.6918044954137887,0.6093791363160792,-0.4961897785011287,7.593435579547688e-4,1.833809897011603,0.10608304780917345,0.012804842605544792,0.6358690696027934,0.3065783976019474,-1.1658209625447336,1.4283835851280149,1.5583037212376798,1.2269046476332444,0.5697267771729232,0.36909507656128593,0.793080546914203,1.770635811365363,1
-0.2263982671988458,-1.3904259497116478,-0.4445202009343899,1.0385308760612593,1,0,0,1,0,0,0.059691485532990585,-0.5286284355738237,-0.3361399854376369,-0.30991991941360914,-0.372765104891593,-0.16703956712316181,-0.2982614162850589,0.4462619964998037,-0.20667367877893444,-1.9004086498677768,-2.340129366680984,-1.7423345782798565,1.7026484512226687,0.008971813902144556,1.7346667365641781,-0.6249498474796524,-2.623120270493722,-3.3757310332812,-1.4375436385994584,-0.9505982795318765,0.4237042905716364,1.1252424613413086,-0.34548448428349143,-0.033711676084794855,-0.25346153448761766,0.9505982795318765,1.4375436385994576,0.911573118423719,3.568035706043941,3.629785456248964,2.5918098397229046,0.9907195972144606,1.3297299961089997,3.857806697593365,6.103303458073771,3.2403351370305127,0.6674062963570164,1.4898602356909325,0.9448531153834703,0.5987996401175653,0.549980068142106,0.7600658542737248,1.5215080252738291,1.0714264874841732,0.16231986177126023,0
1.6240206225222695,2.0624546904642447,-0.4445202009343899,2.505177183685348,1,0,0,0,1,0,2.7601440044173398,-0.7460989928795414,0.5849690766135982,-0.5905650013520342,-0.6202730710085999,-0.11740117796675605,-0.7092940511765521,-0.24495176856489886,-1.3516889154636798,0.9100978274948536,0.5046765257752217,1.0716182711225135,0.04181107628583383,0.16735714164554916,1.0743323323172853,-1.3406235154232788,1.4194882781457148,0.7037476014473704,1.2405949430219954,0.23115255077283092,1.1535119283158108,1.4124465359929295,0.5006066855241248,0.17805682762254119,0.030968358929469454,-0.23115255077283092,-1.2405949430219962,-0.14682239923337803,0.491016520610491,-1.0918738209955157,-1.5169093175793655,-1.0062691903340089,0.038025250046078915,0.10608304780917345,-0.4301405112466897,-1.1624527388592034,1.1392581639597994,1.413983630027056,0.19674936974096682,0.4302381123532211,0.4822876101929924,-0.44541496736468245,0.2044646553166367,0.3477270420022505,0.47161139053935697,1
-1.0488066626304537,-0.514321906681944,-0.15484123025532542,-0.8681093238500562,1,0,0,1,0,0,0.26159447759911014,-0.55072437455141,-0.7966945164632545,0.9746823113148515,-1.891649064065903,-1.1768006726651816,0.7064387721059289,3.2905908982813292,-0.3868528665489381,-3.18228437702157,-4.576815835473204,-4.562903899361748,1.8080772480613128,1.0075146154876742,4.371588494997032,-1.4299139478374425,-3.198611856028134,-5.257802667905028,-5.695097281177154,-0.5749285603869245,0.02437642337295407,-0.13707788904139656,-0.9080847889810575,1.1273721265651484,0.8168637831300548,0.5749285603869245,5.695097281177153,0.0759977097470634,2.067050737539819,-2.28366065205337,-2.4471853531949743,-3.1056676592952206,-2.76591919872465,-2.666930084640012,-0.5408768497097485,-2.9607745473212006,0.27882240539001907,0.19995793940503753,1.0634549287170376,0.36540675552078095,0.8207498999385615,1.7117612397777302,-0.20711139779498602,-0.48731077970765985,1.2139110595827887,0
-0.6119022025574117,-0.6173929705677911,-0.15484123025532542,-0.4281154315628296,1,0,0,0,1,0,-0.8236341047562825,3.2387291601046404,2.19690993520326,-0.7242330713062118,3.5937308834880124,3.050511874141158,1.1770897808091605,-1.4463133596027893,0.5757481344915704,1.1327217984709999,0.7315793741033577,1.2461541640236655,-0.7255947841098759,0.5715996321633526,-1.471528362151471,1.1372326352882844,1.3099254753731218,1.9922990579004274,0.3041828515459608,1.3979208031972914,-1.0656363762528427,0.5109656660598699,0.35574213664082116,-0.2313343944096063,0.9940032443525345,-1.3979208031972914,-0.30418285154596153,0.8280155775560533,-1.2351161931692491,0.9368930746220554,1.4548057961927168,2.0318846915773383,0.4475901695294441,-1.1988643086375024,-1.4267675574142176,1.6900577159425842,-1.3032691506898992,-0.5588081172337243,-2.6314477174441064,-2.111151075478434,-2.0392564484114977,-1.3336639938350878,-1.853415610241477,-1.6563637301015341,-2.002720839605417,1
-0.38059984134227254,-1.0812127580541053,-0.8790386569529866,1.0385308760612593,1,0,0,0,1,0,-0.028641073495936725,-0.4797847809917908,-0.016310450003180245,-0.48756536303236475,0.008956303629104406,0.007812776662015243,-0.7001671004856623,-0.3171978856877379,0.3453155210747534,0.4845888943671626,-0.17060328625857824,0.6434510649600895,0.04670249987671312,0.8164933791299297,-0.4497995238345508,0.376834891463087,1.332793882894926,0.9602918203054573,0.9848575718326791,-0.09917924017331377,1.7894299611609281,-0.01523523607362964,-0.09337516134560975,0.6669272664260419,1.1593306844881008,0.09917924017331377,-0.9848575718326797,0.9672781456688292,-0.25947596364157,0.6002815269186915,0.7183372679970265,1.2808803612172301,-0.05648973137315825,-0.22015379130249568,-0.6516131881728072,0.6358690696027934,1.63886602377451,-0.02767187758659086,-0.031331040515893936,-0.07544647093981212,0.19459466390925928,0.6966194952401235,-0.7010026615289333,-0.8213259083916238,0.34789477903211874,0
-1.5114113850607322,0.23294330649045036,-1.168717627632051,0.3052077222492148,1,0,0,1,0,0,0.45087853266109723,-0.5786350343125716,-0.3617263482723934,-0.30124017461138985,-0.6441749866255007,-0.21220602932854002,-0.968126298933445,-1.5578563319265275,1.7460701842207371,-1.472332785300741,-1.0402841422822289,0.8443840936864928,2.144896691450166,-0.6916599268085195,-1.011995567058778,1.1276966061833136,-1.2988207096844842,-0.8670518429250265,0.6359402782403282,0.5209213695068188,0.6551047361873567,1.124411762392038,-1.2537101009590517,0.7011382233093418,0.5059129672180498,-0.5209213695068188,-0.6359402782403288,-0.560631173054198,-0.8277059874324162,0.5755880156972091,1.115181211761621,0.4542879326715256,-0.4705553642574395,2.4596488156862124,2.227531611866718,0.051193013649631844,0.7506742729928018,1.2622304186993043,0.4613226456389258,-0.2958730841701091,-0.008482709938082702,1.5531453421937294,-0.4540570296619595,-0.26463402725168356,0.904619530814692,1
-2.1025174192772003,-1.3904259497116478,0.5693561964423357,1.0385308760612593,1,0,0,1,0,0,0.5392110916900246,-0.5867756434095771,-0.3361399854376369,-0.30991991941360914,-0.6549474608373488,-0.21175883663343728,-0.052696300186012957,0.6665903868726143,-0.9476959089941246,0.6120706447020254,-0.12529067174641903,-1.504325319512542,-0.8885426206031342,0.44987768474307943,1.7380703719860682,-1.6491229215955903,1.0446060066920975,-0.21723374976218796,-0.624737943198261,-1.4321128303428865,0.5227879700270444,0.826244518243643,-0.36167743979944766,0.20894548128857235,-0.04920246602228689,1.4321128303428865,0.6247379431982604,0.6728372873732458,2.067050737539819,0.8485162976188566,-0.23224241125304912,0.18607210040005875,1.2847228620998388,0.12938567917429258,0.4873891503043674,1.114240388109925,0.8339422496285867,1.2622304186993043,1.145563876409508,0.754394896515422,0.8038267854512828,0.9504049313745251,2.097714499630101,1.3497724280541432,0.34789477903211874,1
1.6240206225222695,-0.9266061622253344,-0.4445202009343899,-0.4281154315628296,1,0,0,1,0,0,2.7601440044173398,-0.7460989928795414,-0.5920036137852022,-0.09292629935812594,-1.7280649103807288,-0.5019868957551251,0.2189275386398828,1.6995574408896024,-1.1666545726823654,0.9159651216596151,-0.11717295232748814,0.9084074998141263,1.0974889440813027,0.331794165098955,0.9642074456090246,-1.0957352325977476,1.371543008539573,0.8966780713193803,1.1169885469471594,0.13114384342216406,0.027100748589532937,-1.3667740724486905,0.493747647558587,0.1225887831130337,1.0277621891022066,-0.13114384342216406,-1.1169885469471603,-0.007559831120602114,0.41596727218528484,-1.06458099280335,-1.3877043126327533,-0.8867912286858101,0.038025250046078915,-0.05703537174666111,-0.5408768497097485,-1.1004416420156866,0.5563823275093027,-0.9381911455531051,2.158240897949969,2.1547522040961304,2.0899834864844458,2.1241625734961316,-0.5363722402842841,-0.5429799678216537,2.945943620684131,0
0.544609603518286,-0.514321906681944,1.4383931084795292,-0.8681093238500562,1,0,0,1,0,0,0.526592154685892,-0.585612699252862,-0.7966945164632545,0.9746823113148515,-2.03398379728478,-1.203632234371347,0.38324615187975225,1.274640040038881,-0.5866002875866162,-6.00674067659788e-4,-0.3511915685381219,-1.0374067331826913,0.19965031882863288,0.6610969893605955,1.6391511037823365,-1.566930591926305,1.0146152191364977,0.2605879665927177,-1.1128149709452282,-0.31122271395962636,0.12764721886635025,-0.10741786449876495,-0.77271188631886,1.0068865551280983,0.710979669091053,0.31122271395962636,1.1128149709452275,0.438080386840281,1.2415090048625523,-0.5187244289600577,-1.1938968052128347,-0.801449827508525,0.5736101447550955,-0.9541866793037505,-0.5962450189412776,0.015758101167622184,0.3620903820258042,0.19995793940503753,0.9630995482040194,0.36540675552078095,0.7699805564767266,1.4579758036433286,-0.20711139779498602,-0.3759724034796717,1.275769365336409,0
-0.6119022025574117,-1.5192647795689571,-0.15484123025532542,-1.161438585374874,0,1,0,1,0,0,-0.3062576875868511,-0.32162437567854146,0.44424408102243734,-0.5732055117475955,0.5727914486353283,0.19563370860517218,-0.5200201307501239,-0.22197438989423063,-0.14269259994452346,0.2954449578526961,0.6285474118449941,0.2834414316657521,-0.8770674860387746,-1.336382981815036,-1.4515592683257306,0.7396345720359493,-0.7203732853618291,0.0875048209793005,0.7365263065465976,-0.3438975164935092,-0.6121974788076248,-1.14947339342988,0.9383269791644844,-1.1134368960274164,-0.7317109928596061,0.3438975164935085,-0.7365263065465982,-1.1495128896453646,-1.1600669447440433,1.3098950599149712,1.5581698001500064,1.1272658390981163,0.8886600828192224,1.6557080335896,1.3416409041622488,1.3800022317249987,-0.5399793648618685,-1.0330369026329502,0.23096143127949592,0.6928051075246037,0.1607484349347019,-0.5405845059150832,1.7478748544852218,1.6837875567381073,-0.06964878480481232,1
-2.1025174192772003,-0.9266061622253344,0.5693561964423357,-0.4281154315628296,1,0,0,1,0,0,0.5392110916900246,-0.5867756434095771,-0.5920036137852022,-0.09292629935812594,-1.095367548797346,-0.3794560972969703,0.09412025278725658,2.040145333507305,-1.8280019276342199,0.8067513732946591,-0.7810479699587881,-0.1063506560327853,1.0688980184597328,0.3334479959062959,1.5360981829714528,-1.9555566487005172,1.2008698702283562,-0.15744885070906195,-0.6135009981005489,0.4634132099205562,0.20230080597001027,-1.2613340574192322,0.5337940347232877,0.10089294888672334,0.8616824557391585,-0.46341320992055685,0.6135009981005483,0.5634166981417792,1.879427616476804,0.8891306252857668,-0.37990527404917784,0.09463488485296781,1.6053986919151106,0.08569324536469386,0.42806611184201476,0.9149190053986201,0.8061862574166584,-0.7864379342253526,2.3042123605143594,2.3103474604939858,2.2253684023826743,1.9972698554289314,-0.6186874509066087,-0.48731077970765985,3.007801926437751,1
-0.6119022025574117,-0.6173929705677911,-0.15484123025532542,-0.13478617003801185,0,1,0,1,0,0,-0.3062576875868511,-0.32162437567854146,-0.8478672421327675,3.225629463357064,-2.4717225081872276,-2.7401863347444118,-1.1620764491386164,0.03860732709887871,-0.20016619451061396,-1.3083714516610851,-1.0400427303441269,-0.32999693562085847,1.2735479103831562,-1.2497117974231398,-1.4066397113462235,0.7810943878544978,-0.5392931983789875,0.38734524816713956,0.6912331826893887,-1.1356331163529634,0.3671982875242793,-1.4621305517411196,1.0585584248413915,1.2327715181606753,1.730273730743612,1.1356331163529634,-0.6912331826893894,-1.038102835155144,-1.0850176963188372,1.4827496384653478,1.7390568070752632,1.3832900426299712,1.140700033270523,1.4110304042558486,1.1201682272361313,1.814079909629618,0.5841383197212315,-1.2416975682086098,0.8627441676909999,1.3378771080073837,1.8530598836625478,0.31594134103852145,-0.6186874509066087,-1.0996718489615938,1.275769365336409,0
0.8530127518051386,0.23294330649045036,-0.4445202009343899,-0.13478617003801185,1,0,0,1,0,0,0.7284951467520117,-0.6146863031707387,0.8920054306306766,-0.6339637253631308,0.05432983507932292,0.01720382325917309,-1.2969757183879949,-0.961636116705004,0.06879236047484244,-1.02632810233052,-0.8609793566206553,-1.0382624860237433,0.03698616822597726,-0.860065878367885,-0.12114732734626166,-0.3358366916863597,-0.6110632233245405,-1.0696922056653901,-1.175091701728231,-0.2506245554141756,0.9441086164900442,1.1985130161132924,-0.43152494850454054,0.7805832209506773,0.07496909076345255,0.2506245554141756,1.1750917017282303,-0.8431352397972577,-0.18442671521636386,-0.2185033188462471,-0.354064273059855,-0.5624939042121272,-0.43454965705011084,-0.38327221085833024,0.17890935030013266,-0.4183195767369984,0.8061862574166584,1.0346006017076752,-0.1681792866700104,-0.3607044410025493,-0.0423289389126401,-0.2233527107470814,0.28677986593896093,0.18071947766026855,-0.332546584257695,0
0.544609603518286,1.0317440516057692,1.4383931084795292,0.3052077222492148,1,0,0,1,0,0,0.5139732176817596,-0.5797979784692867,0.41865771818768077,-0.5708909131336704,-0.0558381191625372,-0.004708618800861887,-0.21875784400022608,0.3458879890182217,-1.3242624980912474,0.7828996216430911,0.49411032611070216,-1.1278151776799357,-0.9529517937775781,0.7116320216900089,1.3384868859967114,-1.3708346062294072,0.7170287141506495,-0.011628748807453187,-1.6504213207283431,0.0986623829151082,1.0152424384069918,0.8661246594506602,0.4327546214719206,-0.34665348144134084,-0.6537208333320653,-0.0986623829151082,1.6504213207283416,0.6609004958207222,1.2415090048625523,0.00893691608845806,-0.7029177864157086,-0.40887938209301433,0.7626401075935709,-1.1173050988595852,-0.5408768497097485,0.44983577907224165,1.0004782029001573,0.8828473903799233,0.1785029369204177,0.37837302688726915,0.2115177783965368,-0.667477223982284,0.36909507656128593,0.45906541823023866,-0.1469716669968365,0
-0.14929748012713334,0.5679242641194551,-1.6032360836506476,-1.6014324776621007,1,0,0,0,1,0,0.3751649106363024,-0.5658426485887058,0.48262362527457214,-0.5743628110545581,0.047689660727268074,0.008707162052220753,0.13337629439966794,0.14870720010547672,-1.241485430571094,0.7589283205905001,0.7227133539643773,-0.46825246764807515,-0.7578135855332508,-0.5151073634126355,0.8367003550407885,-1.7212671303180052,-0.07110831224481802,-0.22541812316580456,-0.7471295343976714,0.10235345797273021,-0.7001521922987121,0.6340827490670191,-0.03255529400155884,-1.0957729843424373,-1.159639678931303,-0.10235345797273021,0.7471295343976706,-0.48105256270404034,0.7912135143113154,0.04532735367801011,-0.8579637923516437,-0.8355863879794388,1.424244977528238,-0.13859458152457876,0.2342775195316623,0.015758101167622184,-0.6648813298155464,0.5793409677244183,-0.02220782410562002,-0.03654765684034838,-0.4654068010946016,-0.3185222492974822,0.8629863402952329,1.0157572993701793,-0.332546584257695,1
2.0609250825953116,0.6452275620338409,0.5693561964423357,-1.6014324776621007,0,1,0,1,0,0,0.3877838476404349,-0.5728203135289962,1.9282531254383162,-0.7103454796226609,0.5217623887855053,0.10843113306013503,0.9901934816540287,1.7665587847819089,-1.0729079576235774,1.5197397890999906,0.8790899876486331,0.3262750379245111,-1.2084020496166665,2.1665962882301226,2.6166300378760097,-1.2381192859029053,2.0978639487636093,1.462263180940228,0.5873904109192033,-0.13756642077256032,0.7879493427523112,0.1966251586217668,0.22251064213709923,0.02713557093215008,0.28475535152998055,0.13756642077256032,-0.587390410919204,1.9142636088357055,2.2921984828154374,-0.20030810005147043,-0.7933612898783374,-0.01630893667750248,0.9516700704320475,-1.2804235184154193,-1.592872065108806,-0.046252995675895824,0.6674062963570164,0.12408133374116129,-0.15905607025973648,-0.02358138547386016,-0.008482709938082702,-0.0647368131630805,-0.12479618717266176,-0.2089648391376897,-0.45626319576493324,1
-1.074506924987691,-0.9523739281967958,0.27967722576327125,-0.13478617003801185,1,0,0,1,0,0,0.26159447759911014,-0.5466540700029072,0.7896599792916505,-0.618340184719136,0.2479982171353719,0.05745116581842101,-0.8712511435709209,-0.08011020997936745,0.6191349066949307,-0.7357679270482932,-0.13699384594010308,0.24522537774398392,-0.0684512859414655,-0.522935665785749,0.7509477858218758,-0.40806686718552715,-0.1807568223941607,-0.005725190810735244,0.5834470145228646,-0.24419747799268982,0.6889847680496396,0.8622367840103368,-1.2564460062969287,0.8147396307448245,0.1725091746192099,0.24419747799268912,-0.5834470145228654,-0.45320004908148526,0.7912135143113154,0.23637715102316323,-0.018131260198663828,-0.08458205761933026,0.6681251261743327,0.758556726032511,0.5111183656893089,0.5118468759157585,0.7506742729928018,0.9587239960437993,0.36096726512590627,-0.37367071236903754,-0.0423289389126401,1.0455744699249259,0.6983559190505837,0.6260729825722207,0.5334696962929761,0
-0.6119022025574117,-0.9008383962538722,-1.8929150543297122,-0.4281154315628296,1,0,0,1,0,0,0.980873886834661,-0.645504323323688,1.1222826961434853,-0.6576883611558636,0.037157001507467764,0.011837510917940035,-0.12866453073953713,0.7836646226151088,-0.6393455022909084,-0.9312877443165736,-1.2792738778290378,-0.7872547572462691,0.5572190282463433,-1.1842961621446333,-0.07967932914547392,-0.2172099862617544,-2.292514509282003,-2.148745873016923,-0.8684646863737263,-0.21238889143210804,-1.00442360904361,-1.155425291044337,0.6557316312909408,-1.015108483475765,-0.43471343070184487,0.21238889143210804,0.8684646863737256,-1.1495128896453646,-0.18442671521636386,-0.3367722410122935,-0.39282577454383927,-1.2281568333949502,-0.43454965705011084,1.0032343553662626,1.7292180887829538,-0.5423417704240322,-0.7481493064513315,-0.7864379342253526,1.6017246969232295,1.7657640631014886,1.142289075196852,0.8552353928241243,2.591605763364049,2.68583294279,1.8943524228726025,0
-1.6142124344896835,-1.3388904177687242,-0.4445202009343899,-0.4281154315628296,1,0,0,1,0,0,0.1858808555743153,-0.5379319888275442,0.07324181991846762,-0.5159191960529479,-0.07975402939101683,-0.014994050788225242,-0.27761133174396707,-0.5221312712202343,0.47703713114792323,0.2815285540430318,0.04348088428942182,0.008138837648831236,0.041279704930433744,-0.3182992891485448,-0.5900257198920099,-1.2758878805842646,-0.05644041943975388,-0.32687704684221747,-1.09419253839158,1.0963072413460702,0.06798441528798832,0.12556674208093865,-1.934270012946759,-0.4362922675794504,-0.3756590938811548,-1.0963072413460702,1.0941925383915794,0.18740776423728422,0.04072103005925432,2.3470225312172275,1.1188727833315248,1.0419244379208312,2.810464705010396,0.5138790966987595,1.2862727349307197,2.4962019749083075,-0.16527347000083534,-0.17942508891434333,-0.8524205174405927,-1.605466492185401,-1.633101700716815,0.8552353928241243,-0.7833178721512579,-0.3759724034796717,-0.76555472453303,1
0.930113538876852,0.23294330649045036,0.5693561964423357,-0.13478617003801185,1,0,0,1,0,0,-0.00340319948767178,-0.4797847809917908,0.8920054306306766,-0.6339637253631308,0.46945706791777264,0.12095252852301216,-0.3040102381017744,-1.0796136935376766,0.5481777446346535,-0.15201945886348314,0.3732685777172794,-0.6922732331396002,-0.9406778530467971,0.41025924895834026,-0.7764598413637281,0.19010906620425533,0.3032750014247476,0.627802804161762,-0.964482122757493,0.012383503443245562,0.8326598441321492,0.7039632519532737,-0.558336063491898,0.5060907814288588,0.12765981414183772,-0.012383503443245562,0.9644821227574922,0.49378541408539117,-0.6347222057676005,0.391036510778763,0.4340862571144791,0.5469443110925782,0.4790951633358572,-1.1173050988595852,-0.8730858650989243,0.5738579727592754,0.44535835866158957,0.27583454506891375,-0.9071598159022387,-1.0219842806934394,-0.7869459763528921,-0.4136917878478824,-0.28942660841731066,-0.32030321536567735,-0.9511296417938885,1
1.521219573093319,0.6709953280053031,0.5693561964423357,0.3052077222492148,0,1,0,1,0,0,-0.028641073495936725,-0.47106269981642773,0.188380452674872,-0.5327000360039053,0.15184490912083398,0.04940169730657143,0.10616240090092516,0.8280250748709197,-0.6998046303623512,1.1654497179257013,0.06310879844321192,0.8721794446791575,0.7195699703344567,-0.3751302330881172,-0.09486038689799796,-0.32159999726863764,0.11377862410300195,-0.7937249448317746,0.1039844044028122,1.0864182721050466,-0.5224471116090491,-1.2315194543236196,0.6334793910297483,-1.4616264443621259,-0.8569624513935279,-1.0864182721050466,-0.10398440440281291,-0.3696425082138195,-0.10937746679115769,-0.054746349693259644,-0.21193876761858224,-0.15285517856115927,-0.5920746260821743,0.9216751455883455,0.954063719541543,-0.35630847989348147,-0.7481493064513315,-1.3934507795363622,-1.3815670692365094,-0.9052878383950472,-1.3454087544330806,-1.206771275767887,-0.8656330827735822,-0.48731077970765985,-1.3841377820692236,1
-0.6119022025574117,0.7482986259196881,-0.15484123025532542,-0.8681093238500562,0,1,0,1,0,0,-0.3945902466157784,-0.28673605097708943,0.23955317834438508,-0.5413797808061246,0.5804906844440905,0.19786967208068595,-0.40625350936591775,-1.553076659730507,1.5296139353080993,-0.060487418157641096,0.7196498192788742,0.7250322041979498,-0.4740548413150473,-1.2820139367040768,-1.3762560390434955,0.9139358484996817,-0.8368062091044972,0.1489487569381923,0.49988245718027835,0.4930801176436292,-0.7160678259650379,0.752943367866113,-1.17261610383138,-0.7480481129757228,-0.7901605399798456,-0.4930801176436292,-0.499882457180279,-1.0938078624002545,-1.0850176963188372,1.2644070129280303,1.6227723026233125,1.1272658390981163,0.8571550890128092,1.247911984700014,1.0648000580046022,1.5660355222555504,-0.6926373220274746,0.6552175733882943,-0.10431677179808911,-0.6848612251647502,-0.9054077777638412,0.6966194952401235,0.4514102871836102,0.793080546914203,-0.1469716669968365,1
-1.280109023845593,2.0624546904642447,-0.15484123025532542,0.5985369837740325,1,0,0,0,1,0,0.2868323516073751,-0.5513058466297674,0.38027817393554597,-0.5674190152127826,0.045360972422609565,0.014520667088556562,-2.376240388099411,-2.120428367750759,1.8883388558199108,-2.89409659279992,-2.1310163384357077,-0.776564433652138,1.752996346032729,-1.139517208571783,-0.2969751576813943,1.4986421241271966,-1.958777661118774,-1.3750144789983878,-0.9568520983084287,-0.11014700605881247,2.1656279354736796,2.6128512864286693,-1.0754316693796047,1.9674473867228022,1.427991594658492,0.11014700605881318,0.956852098308428,-0.9545452942874786,0.04072103005925432,1.1097476531724306,1.8295003105378922,0.7346953936826055,-0.43454965705011084,0.5954383064766764,1.2862727349307197,0.9459245538203791,1.916425945893794,2.3245028979935705,-0.1681792866700104,-0.6848612251647502,0.05920974801103089,0.886958572340925,-1.3595243465075295,-1.545025353873546,0.10046155601764112,0
-0.9460056132015023,-0.5400896726534062,-0.15484123025532542,0.3052077222492148,1,0,0,1,0,0,0.791589831772674,-0.6239898564244593,-0.579210432367824,-0.09871279589293881,-1.175640831901526,-0.40360450283251903,-0.15214051144016028,-1.4312931375885385,0.57910044775306,-0.27821302703489287,-0.0959368665593771,0.31057310056250287,0.8188716233000738,0.8878750856052653,1.2197221666128928,-0.8768634338939822,0.8470840594490067,0.08169074550343006,0.04764949253229553,0.3763264807979944,1.098709408691987,3.186385640229036,-1.6728128987345325,1.215801903766655,0.20447773829842936,-0.3763264807979944,-0.04764949253229624,1.0229831729139398,1.391607501712964,0.5547934799317504,-0.018131260198663828,0.32505666803163763,0.6996301199807459,0.8401159358104279,0.8986955503100138,0.8219023601333442,1.1115021717478706,3.159145560296209,0.2606118846128881,-0.671894953798262,-0.194636969298146,1.1407440084753266,-0.5363722402842841,-0.4316415915936655,0.47161139053935697,0
0.030604356373531493,-0.8493028643109486,1.4383931084795292,-0.4281154315628296,1,0,0,1,0,0,0.40040278464456736,-0.5734017856073538,-0.5280377066983108,-0.14211151990403548,-0.884748807484569,-0.33115928622587276,1.523220384821626,0.940427760378917,1.4633836117355585,-0.43796147733418433,-0.4487486686821812,-0.5713808510022534,-0.14120901963090055,1.6792574609719257,0.3640342250973692,1.2847154177690814,0.02022734435572983,0.3904329856437979,-1.4375436385994584,0.6464429457035722,-0.44018075547387076,-0.9260851192619433,-0.7094793235083414,0.611714789373602,0.9645770660525104,-0.6464429457035722,1.4375436385994576,1.106540713781605,-0.03432821836595151,-0.9918001176242447,-0.26362076959722697,-0.23819657973844427,-1.411204465048904,-1.6066603575270884,-1.3160312189511594,-0.6663639641110671,-0.4150773999081907,-0.8623145398892288,0.023408257945752128,-0.3477381696360611,-0.093098282374475,1.1724671879921262,-0.7833178721512579,-0.5986491559356475,0.7809029193074537,1
-0.894605088487027,-0.3854830768246345,-0.4445202009343899,-0.8681093238500562,1,0,0,1,0,0,1.1196821938801182,-0.6635299577527716,-0.029103631420558513,-0.4748350706557764,-0.5833677400252331,-0.14333835428271582,-1.5122713174514284,-0.4676031501106859,0.1537404584946117,-1.814047531444442,-1.4299802519252895,-0.2009964735963794,2.0762992240475135,-1.0974973057066215,-1.3443142296996027,0.7190179175571223,-0.915691524958618,-0.33542068038091893,0.1590389773671787,-0.4318681387001143,1.0062437032360325,-0.7049044860656454,0.5123753082233015,1.5426771409599038,1.5315713521116163,0.4318681387001143,-0.15903897736717942,-0.8988402670423681,-1.0600012801771017,1.2037562836121072,1.4504989626944957,0.9338253297629369,0.5421051509486824,1.9547584694419635,2.0429710477616196,1.3800022317249987,1.0837461795359422,-0.5588081172337243,0.42482977999782756,0.6376984542170299,1.2776739910950803,0.12560226393772106,-1.1125787146405561,-1.378017789531564,0.6571863078002155,0
0.08200488108800677,0.23294330649045036,-0.15484123025532542,-0.13478617003801185,1,0,0,1,0,0,-0.6595879237025604,0.043540089529990035,0.4570372624398156,-0.5737841614010768,1.30240509027249,0.4769179138248048,-0.1374272463708954,0.09077901548563717,0.49472895527745236,-0.4355585618008376,0.15782491848072078,0.4281074012062316,0.15057566116682788,0.33653222607415767,0.10597083560986886,-0.163482399393017,0.1151718399082829,-0.24857285374876814,0.11588809585456382,0.4689510326955308,0.527354966483863,-0.018437790870870545,-0.8405951005898739,0.7026139420508638,-0.44786313455801574,-0.4689510326955308,-0.11588809585456454,0.1317027369921738,-0.10937746679115769,-0.600602913536552,-0.5866332819637576,-0.5112890635057554,-0.5920746260821743,0.2692014673650073,0.2342775195316623,-0.4803306735805153,0.4731143508735179,-0.02767187758659086,-0.02220782410562002,-0.4514683405679659,-0.1607907403235886,-0.1916295312302808,0.03983423407198747,0.29205785388825667,-0.023255055489598248,1
-1.6142124344896835,0.1298722426046032,-0.4445202009343899,-0.8681093238500562,1,0,0,0,1,0,0.1858808555743153,-0.5379319888275442,-0.7327286093763631,0.22185911213569506,-1.3883263046662366,-0.5851647370442374,0.043540059499184484,-0.3967083835943664,-1.548723345990689,0.5497404546437246,0.13336305265351095,-0.6694043624132116,-0.838718859695735,-0.19025641155837048,-0.9217769092449557,-1.1824242282219424,0.16491026271686224,0.1021501446342669,-0.5252107151899527,-0.3920901182240855,-0.2506454773223881,-0.3789211660813135,0.9289343797032891,-0.5791416943341882,-0.07364876571077665,0.3920901182240855,0.525210715189952,0.2152602778598393,-0.4846237089171882,1.7738731391817693,0.7441782689863493,0.785900234388976,2.558424754559094,0.4323198869208419,0.7879592118469556,1.938102103316653,-0.16527347000083534,-0.2553016945782196,0.36096726512590627,0.806259981981374,0.49921072468027106,-0.2233527107470814,1.3568776040291806,1.2384340518261547,0.40975308478573785,1
-0.14929748012713334,1.5213316050635446,-1.6032360836506476,0.5985369837740325,1,0,0,0,1,0,0.3751649106363024,-0.5658426485887058,-0.041896812837936774,-0.46615532585355707,-0.278208395179635,-0.07491787193199435,-0.2680723251954763,0.7235759363064312,-1.188912378509082,-0.48929331827329187,-0.08275926716349882,-0.7328804564993828,-0.3041177500511718,-0.5834694150254179,0.9071038330616283,-1.8274419642032576,-0.3786961873580754,-0.5997445224390727,-0.8414861286385814,-0.16498583548630744,-0.21023467089473732,-0.08441397370059563,-0.2111198859707321,0.28549504951341076,-0.477942694834749,0.16498583548630744,0.8414861286385807,-0.48105256270404034,1.0163612595869336,0.40923172957353837,-0.6512357844370638,-0.7502449868021539,1.6762849279795395,-0.13859458152457876,0.2896456887631914,0.20179139169817292,-0.22078545442469194,-0.1035484832504671,-0.06782390615699217,-0.16621037050522874,-0.0423289389126401,-0.5405845059150832,0.4514102871836102,0.4033962301162448,-0.332546584257695,1
-0.6119022025574117,-0.05050211919562982,-0.15484123025532542,-0.13478617003801185,0,1,0,1,0,0,-0.3945902466157784,-0.28673605097708943,-0.13144908275958464,-0.4053971122380218,0.3097439039850729,0.09277938873153863,-0.6524769724396982,-1.6447290935408556,1.8012487720386279,-0.47060066222242586,0.4493532673480684,1.3278670666550072,0.21419125085802407,-1.21481914288072,-1.6010569052769927,1.4236694632378966,-0.34149008048583074,0.6218096371126561,0.416552302523086,1.3979208031972914,-0.3065478605610906,0.653538636725717,-1.0317169011734078,0.29713541582243674,0.022894830152588783,-1.3979208031972914,-0.4165523025230867,-1.1216603760228097,-1.4602639384448675,0.22727954162577424,0.9509062769009282,0.7517636739180628,-0.2770246880180474,-0.22015379130249568,-0.4301405112466897,0.5118468759157585,-0.19302946221276363,0.8069707847160468,0.48869229486974886,-0.1532440991387405,-0.025405824425361403,1.1407440084753266,-1.1948939252628807,-0.7656567202776299,0.40975308478573785,1
2.0609250825953116,-0.5400896726534062,0.5693561964423357,0.3052077222492148,0,1,0,1,0,0,0.3877838476404349,-0.5728203135289962,-0.579210432367824,-0.09871279589293881,-0.9879650757019567,-0.3642515456634766,1.1532465239583285,-0.48504263782324114,0.8985894197029836,0.6326013687587008,1.0953439825420062,0.8239708337617405,-0.5116553625165176,2.5442703844459893,2.567228210313102,-0.617417926910952,1.885970742624196,1.4750033441392922,0.6912331826893902,0.43824128821613356,0.9385876252178017,3.237529106717514,-1.848847312645359,1.0154926673736024,0.016052856612863622,-0.43824128821613356,-0.6912331826893908,2.1649362314387024,2.142099985965025,-0.3640650692044592,-0.6124742829530796,0.10316902497069583,0.3530751881102058,-0.8726274695258333,-1.2052948804881005,-0.10826409251941274,1.0837461795359422,3.4626519829517126,0.6072941082033162,-0.5162996974004062,-0.11002139686175369,1.5531453421937294,-0.37174181903963527,-0.2089648391376897,0.6571863078002155,0
0.030604356373531493,-0.3854830768246345,1.4383931084795292,-0.8681093238500562,1,0,0,1,0,0,0.40040278464456736,-0.5734017856073538,-0.029103631420558513,-0.4748350706557764,-0.28157554910663896,-0.07402348654178885,0.6321971025715679,0.7653342491250341,0.5976762425554907,-0.9244912191845741,-0.5736301408146446,-1.1969106788329527,0.07648201381158361,1.8689240012742314,0.2745349632061437,1.438594677119318,0.08802672109396616,0.7129972251295705,-1.2890243254862828,-0.3540047794704373,0.9883213807038369,-0.7754221759496296,0.6286054671171424,1.3362137837227068,1.4418502938382203,0.3540047794704373,1.2890243254862819,1.357213336384602,-0.03432821836595151,-0.7916527108817039,-0.0052107597040024186,0.03489590402886805,-1.1906695084040155,-1.6882195673050053,-1.482135726645747,-0.4183195767369984,1.055990187324014,-0.6346847228976005,0.39746013076700454,0.6765972683164937,1.2269046476332444,0.062155904904119784,-1.0302635040182315,-1.266679413303576,0.5953280020465953,1
0.08200488108800677,0.15564000857606544,-0.15484123025532542,-0.8681093238500562,1,0,0,1,0,0,-0.6595879237025604,0.043540089529990035,0.20117363409225028,-0.536171933924793,1.1602907008740655,0.4478503886431258,0.5563034830945424,-0.0630692202289222,-0.09209518035278211,0.2747046835422802,0.562232719097559,0.28149041156169174,-0.3919592228532152,0.2568495164084113,-0.2616550077276521,-0.02697651578529164,0.3092867838828342,0.0318296556048754,0.4513710056427588,-0.06374491962016399,-0.5169125247414884,-0.17555575871832402,0.0987883999901054,-0.06442482443898301,-0.6998546071583446,0.06374491962016399,-0.4513710056427595,0.0759977097470634,-0.40957446049198204,-0.555114866549611,-0.4832692780064673,-0.34060626115118536,-0.5605696322757617,0.2692014673650073,0.06817301183707392,-0.4803306735805153,-0.49834537654397587,-0.17942508891434333,-0.040454256926167845,0.015317428625603584,-0.008482709938082702,-0.7626467625326843,0.4514102871836102,0.45906541823023866,-0.6418381130257917,1
-1.280109023845593,-1.6223358434548052,1.4383931084795292,-0.4281154315628296,1,0,0,1,0,0,-0.5333985536612357,-0.11636473201833188,0.17558727125749374,-0.5327000360039053,0.7894252800663573,0.32218924131925175,0.7473285290984076,0.7766439011082755,0.9238796567819443,0.5221752040267527,0.26844922140938554,-0.1904038499306073,-0.661932039609145,1.0761891143478453,-0.1673450972251232,0.3536613020810718,1.0316344721360398,0.8317771447640925,-0.2094031647789695,-0.05200463268990121,0.03613697100200895,-1.2336107724318517,-0.9075789393471034,0.31752607045028114,0.46307135418536693,0.05200463268990121,0.2094031647789688,0.9672781456688292,-0.18442671521636386,-0.082039177885424,0.11107374474794844,0.529876030857121,-0.37153966943728567,-0.9541866793037505,-0.983822203561983,0.139780294854656,0.44535835866158957,-0.8623145398892288,1.6747104282054248,0.8451587960808378,0.9392117013495113,2.473117548180934,0.6983559190505837,0.7374113588002092,1.8943524228726025,1
-0.9203053508442651,-0.1535731830814779,-0.4445202009343899,-1.6014324776621007,1,0,0,1,0,0,-0.571255364673633,-0.07856904692509216,0.36748499251816774,-0.5604752193710071,0.9891666006294079,0.372722015865863,0.6806761141149401,-1.0473731592272997,1.8600030676750479,0.1253547010869562,0.6787259778786616,-0.28369295746309975,-0.899126485621483,0.42452871384647517,-0.8060300156856479,0.4751841528177287,0.16374717687911952,0.7225807022927233,-1.0255223183500044,0.6301771912123648,-0.522312617364484,0.6300893553097486,-2.0651722569865867,-0.0069772163718363435,-0.17691759563501525,-0.6301771912123648,1.0255223183500037,1.050835686536495,-0.25947596364157,2.1832655620642387,2.1654333233990846,2.1513626532255365,1.7077899217859516,-0.7910682597479163,-0.4301405112466897,2.930279652812927,-0.49834537654397587,0.5793409677244183,-0.013084607695344815,-1.0738493661593913,-1.0069464646875115,1.6800380602609295,-0.4540570296619595,-0.2089648391376897,-0.08511336124321738,0
-0.5348014154856993,-0.6173929705677911,0.27967722576327125,-0.13478617003801185,1,0,0,0,1,0,-0.5586364276695006,-0.10182793005939353,-0.4128990739419065,-0.2827233856999886,0.29434179954152556,0.1401818144124306,1.4018266257730188,3.4750074620522695,-2.6963814773988024,0.9980099637163273,-0.34196860885572794,-0.6540944174696462,-0.07841121121071147,0.8705268831211361,3.0931930468928392,-1.947457450480335,0.9693147794822151,0.15349196421735517,-0.04921092906325296,-0.8432999717894734,-1.0794538428718152,-1.6708639063970379,1.7290368832661787,-0.38709113204485063,0.5944309680265396,0.8432999717894734,0.049210929063252244,1.1622457410267157,3.568035706043941,0.9914787310063841,-0.3023822710812103,0.08610074473523979,2.180364828882142,-0.05703537174666111,-0.04256332662598434,1.069946747507413,-0.9979532363586869,-1.5452039908641146,0.14201007127932075,1.026686595211671,0.7869036709640054,-0.5723076854318833,0.12214944469431245,-0.26463402725168356,0.2860364732784985,0
0.08200488108800677,0.026801178718756015,-0.15484123025532542,1.478524768348486,1,0,0,1,0,0,-0.6595879237025604,0.043540089529990035,0.39307135535292426,-0.5679976648662639,1.269648225209414,0.47244598687377726,-1.2979985529304425,-0.5842646126346869,-1.1703407141081488,-0.012667623355899759,-0.7176645001568981,1.072950746480312,1.4411089954956608,0.284673396528724,-0.7365565600212066,0.10865049167920701,0.4098667255338803,0.23954276587238085,0.8847583482611033,0.5858842905209262,2.0893408882451188,0.06405532416552445,1.709078228755978,0.4235299708891128,1.1668658861734316,-0.5858842905209262,-0.884758348261104,0.04814519612450831,-0.8598699510432187,-0.7370670544973751,-0.5737127814690962,-0.3918111018575571,-0.6865896075014126,0.18764225758709038,-0.2086678343205727,-0.728375060954584,1.8054019770460803,-0.02767187758659086,-0.25028823436248077,0.6376984542170299,0.7869036709640054,-0.9212626601166852,-1.6887851889968277,-1.712032918215528,0.10046155601764112,0
-0.14929748012713334,-1.2873548858258006,-1.6032360836506476,1.478524768348486,1,0,0,1,0,0,0.3751649106363024,-0.5658426485887058,-0.5536240695330674,-0.11317903722997104,-0.923865887798175,-0.3477054159446747,-1.3002812461290063,0.653128186455547,-1.931275681486244,-0.9826828594379539,-0.9821890134038,-0.24267354594275092,0.8312121136003061,-0.5408567306747559,0.5064899895326584,-1.931392869789169,0.026609018068228567,-0.09576628971859528,-0.7497849732599842,0.4126498344833025,1.2676550525277022,-0.38904838017610605,0.6992549833901894,1.3539261925151644,1.1833966785652021,-0.4126498344833025,0.7497849732599834,-0.5367575899491508,0.41596727218528484,-0.12752722487236504,-1.0905328012555453,-1.0233374705694662,1.518759958947476,-0.5463906304141645,-0.26403600355210183,-0.10826409251941274,0.8894542340524437,-0.5588081172337243,-0.6882026220556532,-0.2569742700706454,0.27921023634565156,-0.9847090191502859,-1.3595243465075295,-1.378017789531564,-0.20882997275045564,0
0.030604356373531493,-1.2873548858258006,1.4383931084795292,1.478524768348486,1,0,0,1,0,0,0.40040278464456736,-0.5734017856073538,-0.5536240695330674,-0.11317903722997104,-0.9374390935666858,-0.3535189209810105,0.49587737008029986,-0.0218644560340114,0.8249454289932987,-0.5476978223916136,-1.7971567009003212e-4,-0.17519638119148606,-0.4876317251898197,2.1253398612753815,-0.23446499301712667,1.8544386716650616,0.727262055323183,1.31158083354508,-0.37315522795503414,0.13114384342216265,1.434084993180399,-0.20487223085312545,0.7358039863703658,1.461045028394147,1.2807370446342494,-0.13114384342216265,0.3731552279550334,1.9142636088357055,-0.25947596364157,-0.12752722487236504,0.8346217724489774,1.1272658390981163,-1.1276595207911904,-1.7697787770829225,-1.8697129112664523,0.07776919801113909,0.917210226264372,-0.482931511569848,-0.9527758979536108,-0.47740088330094144,0.09305597698558829,-1.175048096251087,-1.277209135885205,-1.378017789531564,-0.3944048900113141,1
-0.4577006284139859,-0.5658574386248675,-1.6032360836506476,-1.161438585374874,0,1,0,1,0,0,0.4130217216486998,-0.5739832576857113,-0.7711081536284979,0.4481111266468789,-1.755214207889443,-0.7877430279257853,-0.7157202717315319,-0.6451898769981687,0.37620056787461953,-0.35639507023733047,-0.43402751269591455,-1.0705325138001818,-0.4778542484645722,-1.3906070118691538,-1.0705272924662343,1.7483382228301483,-0.8839436622572979,-0.5143894610321433,-0.31054414497595056,-1.1520847651812123,-0.3942516808311563,-0.18688738677875033,1.2426325257706268,-0.39503665703801694,0.06205583250782666,1.1520847651812123,0.3105441449759499,-1.3723329986258064,-1.1600669447440433,-0.8462383672660339,0.08523274375862654,-0.27233314020935756,-1.7892643907258567,-0.22015379130249568,-0.09793149585751397,-0.8523972546416179,-0.5261013687559044,-0.4070549059059717,-0.7520651369275744,-0.06248019957332482,-0.21156008378542468,-1.206771275767887,0.9453015509175579,0.4033962301162448,-0.9511296417938885,0
-1.485711122703495,-0.30817977891024867,-0.4445202009343899,0.5985369837740325,1,0,0,0,1,0,0.5392110916900246,-0.5879385875662921,0.5593827137788417,-0.5888290523915902,6.690289538357388e-4,0.0028936570158849427,-0.16759009699939093,-0.7384799974639322,-1.324912213045286,0.013484508410913637,0.46181903299390525,-0.869587439631817,-0.5087886036891653,-0.6980511041331134,-1.564602570002313,-1.289648830166446,-0.4848051097884855,0.31175465004166536,-1.6929968571541203,0.4930801176436278,-0.4644463288915845,-0.5537975356079431,0.5152266789965512,-0.4989411489365839,-0.2960196232782029,-0.4930801176436278,1.6929968571541196,-0.7595776989295921,-1.535313186870074,-0.6097005229339397,-1.1292943027395286,-1.2281568333949502,1.2037100208833493,-1.5251011477491712,-1.0945585420250417,-0.23228628620644656,-0.47058938433204756,-0.5588081172337243,-0.14993285384946126,0.13201387092399572,-0.07617516788719629,-0.4771381468814831,-0.5363722402842841,-0.3759724034796717,-0.08511336124321738,0
1.7011214095939837,1.3151894772918502,0.27967722576327125,-0.4281154315628296,1,0,0,1,0,0,-0.25578193957032125,-0.3611644770068538,-0.20820817126385424,-0.37935787783136377,0.056623849354669846,0.015415052478762072,-0.5022568868368017,-0.6534112258179698,-0.4469870805942646,0.2361000377146344,0.9256880583606897,1.1518034935056858,-0.09857594298001165,-0.24309688036569155,-1.5561208798944008,-0.29186680015877636,-0.2122470454898485,0.14789434412581043,0.6417267449849983,0.9344658179137063,0.4555008888965903,-0.6620603234459715,0.3177483266955342,-0.5294164561324562,-1.0590497705942554,-0.9344658179137063,-0.6417267449849989,-0.007559831120602114,-1.3101654415944555,1.0369667779933252,0.705416767502365,0.5810808715634928,1.3612349899154128,1.166352774922097,0.8986955503100138,0.8839134569768611,0.5841383197212315,-0.482931511569848,0.561678026151944,0.6506647255835172,0.38074892326932136,-0.6040308649486834,0.12214944469431245,0.6817421706862145,0.22417816752487937,0
-0.5605016778429365,1.6244026689493918,-0.4445202009343899,-1.161438585374874,0,1,0,1,0,0,-0.21792512855792381,-0.3751198068874346,0.16279408984011548,-0.5327000360039053,0.31139165742978836,0.12318849199852594,0.26609782709566415,1.2005658538827044,-0.008057660336330034,0.4374321533040855,0.035161336329614476,-0.00919867996794498,0.009633803911204138,-0.3519848496650917,-0.03229582439131148,-0.01276147563422884,-0.8885091828130719,-0.6897273067949291,0.09840925777350726,-0.11014700605881247,-0.7217146205902296,-1.6801675596764296,-0.001808960687398318,-1.4719731146116,-0.7190959298467529,0.11014700605881318,-0.09840925777350797,-0.48105256270404034,-0.25947596364157,-0.7006766169078218,-0.5995537824584191,-0.8867912286858101,-0.49755964466293656,0.5138790966987595,0.5111183656893089,-1.0384305451721696,-0.7481493064513315,-1.6210805965279906,-0.42362934615769415,-0.3607044410025493,-0.8884846632765624,0.062155904904119784,0.7806711296729086,0.793080546914203,-0.5799798072721716,0
-1.3829100732745436,0.7998341578626126,1.0038746524609323,-1.161438585374874,1,0,0,1,0,0,-0.29363875058271866,-0.32860204061883186,-0.06748317567269331,-0.4511104348630436,0.22958619427494248,0.0959097375972579,1.0502962891168355,1.1737555142937832,0.18648631562151594,1.3285794131847306,0.7327877498195877,2.354669131317583,0.802457237139438,0.5559634136212227,0.9470486224077603,-0.2749209570507067,0.48472762563136257,-0.02168810092027975,1.6225730420032605,1.6022396676771504,-0.9049504648902063,-0.662283759376795,-0.5312020893431015,-1.3141774583587407,-0.9738341730548905,-1.602239667677151,-1.6225730420032611,0.939425632046274,1.4666567501381707,1.3371878881071357,0.9638267773955896,1.1443341193335734,0.7941451013999841,2.3081817118129377,1.4523772426253072,0.38782468222872474,-1.0257092285706153,-0.9381911455531051,-1.290334905133765,-1.3202085221226638,-1.650024815204093,-0.5405845059150832,-1.0302635040182315,-0.4316415915936655,-1.136704559054746,1
1.110015375377516,0.6194597960623787,1.0038746524609323,1.478524768348486,1,0,0,1,0,0,0.097548296545388,-0.5228137147902483,1.7363554041776421,-0.7016657348204416,0.6529944174298651,0.1401818144124306,-0.9514829938485602,-0.041608559678581625,1.326973227430753,-0.669768956463587,0.12179792637801248,0.9454255756478189,0.8404645869751427,-0.19325773930772547,1.0690669207278658,0.680732371968905,-0.5814758688965358,-0.4088520159580928,0.1765838412788985,1.1143140211580842,1.1299594085808065,1.1280768265414691,-1.129946471515039,0.32823313233980267,-0.5575076864575738,-1.1143140211580842,-0.17658384127889992,-0.06326485836571254,1.2415090048625523,0.5547934799317504,0.8475422729436388,0.5469443110925782,-0.2140147004052217,1.166352774922097,1.1755363964676604,0.44983577907224165,1.0282341951120857,1.0346006017076752,-0.031331040515893936,-0.6070635969658218,-0.44848368660732285,0.2207718024881207,-0.6186874509066087,-0.15329565102369538,0.10046155601764112,0
-1.1773079744166424,1.9336158606069351,0.5693561964423357,1.0385308760612593,1,0,0,1,0,0,0.16064298156605036,-0.5356061005141141,3.3610894441846817,-0.7531655539802762,0.9298025400544833,0.17014372498431518,-0.47456593252040347,0.2542107087942395,-0.9514525681186666,-0.48229744401619307,-1.168790965725704,-1.055478509064519,0.4243768910382369,-0.7549164866984206,0.748105744711936,-0.4242408499449865,-1.143764332072373,-2.186536327602342,-1.7827506907003525,0.328563629361145,-0.09440817721412385,0.4005237366169254,0.8743463939048156,-0.4825844012112594,-0.6152416510309038,-0.328563629361145,1.7827506907003512,-0.8988402670423681,0.19081952690966666,-1.1919475243667854,-1.1938968052128347,-1.5012493171622625,-1.6002344278873806,-0.6279498401920818,0.2342775195316623,-1.3484860293897554,-0.10976148557697851,0.35171115073279,-0.04957747333644305,0.4043055696202447,0.17767154942198057,-1.0481553781838862,0.2044646553166367,0.4033962301162448,-0.20882997275045564,1
0.31330724230314594,-0.46278637473902035,-0.4445202009343899,0.3052077222492148,1,0,0,1,0,0,-0.5838743016777656,-0.07508021445494695,0.35469181110078946,-0.5593179200640446,1.0143910336990178,0.374510786646274,0.2225085178874625,0.8678144166910486,-0.8201749452327248,0.8006252540581614,0.4465409683633223,0.7159190840448051,-0.05489930423628523,-0.2865751663329617,0.8200319841564696,-0.734296222028453,-0.1648234467168443,-0.1439293740001061,0.20465562353765385,0.7734532878151856,-0.5957460401681144,-0.3696124814556268,0.3833097382755429,-1.2450291745316788,-0.72104414877864,-0.7734532878151856,-0.20465562353765385,-0.2582324537235989,0.7912135143113154,0.08171779126756346,-0.3153027715758717,-0.3576745413866426,0.6996301199807459,0.10608304780917345,0.012804842605544792,0.015758101167622184,-0.5538573609678327,-0.3311783002420958,0.05990112358685037,0.2487103132223888,-0.2792525417345383,-0.0647368131630805,-0.28942660841731066,0.06938110143228039,-0.023255055489598248,1
0.31330724230314594,-1.0039094601397194,-1.8929150543297122,-0.13478617003801185,1,0,0,1,0,0,0.021834674520593164,-0.5042066082828072,1.9410463068556945,-0.7109241292761421,0.7585973052305149,0.16164706377736285,-0.46457363732085283,-3.1485500229212224,1.4427173034434582,2.4716966323192207,1.9809491487375768,0.18124397276597182,-1.7088481902007122,-0.34346879965639954,-0.7090153417524067,-1.0725766174144131,0.49461418474362145,0.19077947007263363,-0.5796783524084306,0.8221130942085976,0.3028109740236357,3.6112077125336404,-3.0500789467297995,-2.8486517308575694,-2.389071891939709,-0.8221130942085976,0.5796783524084299,-0.17467491285593337,-0.4846237089171882,0.74584327727690225,0.020630241285320403,0.22264698661889537,1.424244977528238,-0.38327221085833024,-0.1532996650890431,1.0079356506638961,0.6396503041450882,4.373171250918228,1.2915353389738984,-0.7496925819971905,-1.7007941586659285,3.2661970361009387,1.439192814651505,2.2404794378780473,0.7809029193074537,1
-1.8712150580620608,-0.7719995663965628,-0.15484123025532542,-0.8681093238500562,1,0,0,1,0,0,-0.6848257977108253,0.11913145971646949,-0.24658771551598904,-0.3643129868408503,0.9012659350619028,0.3731692085609658,-0.5341641200347735,-1.1302761039688458,2.733766757848546,0.275198283139222,1.5717053041060067,1.5683467055393474,-0.5779708782689488,-0.8471327650261252,-0.431691105588375,1.7893061951793243,0.2357391294833169,0.8194344702364255,0.7472536253548848,1.3979208031972914,-0.10367686544842776,1.118880751199575,-1.9390705735838822,-0.13802024077130554,-1.2432756009139667,-1.3979208031972914,-0.7472536253548856,-0.5646101035717058,0.04072103005925432,1.6374089982209463,2.514286836754938,2.526864818405591,-0.11949971898598452,0.6769975162545934,0.34501385799472056,1.6280466190990672,-0.10976148557697851,1.0346006017076752,-0.013084607695344815,-1.0090180093269512,-0.9900233502002335,0.6014499566897238,-0.37174181903963527,0.3477270420022505,-0.08511336124321738,1
-0.5605016778429365,-0.30817977891024867,-1.168717627632051,0.5985369837740325,1,0,0,0,1,0,-0.7479204827314877,0.4476631839884763,0.5593827137788417,-0.5888290523915902,1.8079279759095637,0.7993438469938909,-0.1755135890804091,0.05786697113483164,0.5537130077862286,-0.06878503764913722,0.23723831248788804,0.8595647445098173,0.9255432329078839,-0.49615319294435606,-0.3590791295010515,1.187177468063653,-0.41202102080887537,0.08670310342027047,1.133576418281877,0.048076501797563044,-0.251694506304462,-0.4391418231992473,0.4360546333060724,-0.315628843076475,-0.22377272010939486,-0.048076501797563745,-1.1335764182818777,-0.6203151308168162,-0.5596729573423944,-0.7916527108817039,-0.12149526415595328,-0.27233314020935756,-1.1591645145976028,0.9216751455883455,0.40038202722625016,-0.9764194483286528,-0.3595654154843339,-0.5588081172337243,-0.5331079430809875,-0.24400799870415715,-0.3469449996836519,-0.7309235830158842,-0.4540570296619595,-0.48731077970765985,-0.5799798072721716,1
1.3156174742354179,-1.2615871198543382,-0.4445202009343899,0.5985369837740325,1,0,0,1,0,0,-0.19268725454965888,-0.3838418880627976,0.03486227566633282,-0.5095540498646537,0.19715639390985149,0.09859289376787443,0.7137530041988066,-0.47186203643391017,0.468510670031902,0.06709158383964632,-0.42192879128183125,-1.1512234063145779,-0.5043395177897654,0.4553844943502249,-0.527064332972972,0.08555987212880052,-0.5727858766869112,-1.2221420841582273,-1.0618771407249559,-0.5169746011139487,-0.5374761058901071,0.11964397499985664,-0.5544903610071314,-0.6586010718112897,-0.6446557814891402,0.5169746011139487,1.0618771407249543,0.605195468575612,-0.3345252120667762,0.6093791363160792,0.5632912620610914,0.2909201075607231,-0.4660546508565234,0.18764225758709038,0.8433273810784847,0.3258135853852078,-0.2624194427425846,0.5793409677244183,1.3713634825637997,0.822467821189484,0.47805683157117296,1.3628062650929278,2.2623449208747504,2.101306467593062,1.1675173302675748,0
-1.3829100732745436,-0.12780541711001567,1.0038746524609323,-0.4281154315628296,1,0,0,1,0,0,-0.29363875058271866,-0.32860204061883186,1.3781463244910508,-0.6779410990277087,0.9126485326276064,0.2712092740775377,0.9674162147141788,0.6874833353232306,-0.8707734851948948,0.7907261509869654,0.29308752308723324,1.4096067500718632,0.6959186613910984,0.8212421051001604,1.1029297970965188,-0.2869264218418459,0.660401634251423,0.05496966618069586,1.7220093277345152,0.21466759901173121,-0.524640361066327,0.16129840575872675,0.9020431424734355,-0.41337706075078756,-0.3273609542095738,-0.21466759901173121,-1.7220093277345159,1.2736557955169365,1.6918044954137887,1.4554568102731822,1.0542702808582185,1.3150169216881435,0.8256500952063961,2.3081817118129377,1.397009073393778,0.44983577907224165,-0.19302946221276363,0.7310941790521709,1.6747104282054248,1.9861906763317847,1.6499825098152057,0.1890486229713212,0.9453015509175579,1.1827648637121608,1.8943524228726025,1
-1.922615582776536,0.3102466044048362,1.0038746524609323,-1.8947617391869185,1,0,0,1,0,0,-0.2684008765744537,-0.34372031465612773,0.009275912831576286,-0.49913835610199053,0.26046659849693377,0.12139972121811492,1.183514178014948,0.514537231694225,-0.2695585123932684,0.06418640797457602,-0.3095046583301531,-0.23308438242872062,0.345927931993893,1.410023885835459,-0.04330537423145056,-1.4545528208977179,0.9055518197567508,0.1686276903857381,-0.30025191215747105,-0.020113106998745453,-0.23682602153713148,-0.7496008714527409,-1.0931897917576996,0.8112179871143252,0.5670033330633582,0.020113106998745453,0.3002519121574703,1.5243284181199328,0.11577027848446049,0.5002078235474204,-0.37990527404917784,-0.01630893667750248,1.2982250023025865,0.02452383803125581,0.17890935030013266,0.7598912632898273,-0.026493508941193386,-0.482931511569848,0.9357298989731951,0.15794641365697218,0.4822876101929924,1.7752075988113303,-0.12479618717266176,-0.15329565102369538,1.1520527538291696,1
0.31330724230314594,0.6194597960623787,-0.4445202009343899,1.478524768348486,1,0,0,1,0,0,-0.5838743016777656,-0.07508021445494695,1.7363554041776421,-0.7016657348204416,1.5142400269506302,0.48452018964155164,-1.1043627145346921,-0.42264980012954945,-0.04692473251058793,-0.6251257487107732,-0.09999525169119851,0.9159070128498518,0.4536122496946053,-0.15155577588599226,0.41663100730611574,-0.7402508762666913,-0.3243633620850913,-0.17127378885655514,0.3735052989149339,0.87874991804355,1.384210492191655,0.9974719117442938,-0.6797330597958479,0.5228713993336614,-0.03721679451786939,-0.87874991804355,-0.37350529891493456,-0.17467491285593337,0.340918023760079,-0.10933200607758836,-0.4703487775118068,-0.5624939042121272,0.6366201323679207,0.02452383803125581,-0.1532996650890431,-0.29429738304996345,1.3057941172313696,0.9587239960437993,0.06902433999712428,-0.2958730841701091,-0.07617516788719629,0.2524949820049213,-0.7833178721512579,-0.48731077970765985,0.2860364732784985,1
-1.8712150580620608,-1.9315490351123477,-0.15484123025532542,1.0385308760612593,1,0,0,1,0,0,-0.6848257977108253,0.11913145971646949,-0.2849672597681238,-0.3394310517411549,0.8587817008212933,0.35393992267154734,-1.5698087408719172,-0.501036655800467,2.341353939785179,-0.5506170340548543,0.5358610463074861,0.7080773705525835,-0.08219085370255232,-0.7963600162994697,-0.7217915307399734,1.8109409670940555,0.18064941802506904,0.8910675119725888,0.6912331826893887,0.28017642692511974,1.3871437225015821,-0.03538637632380323,-1.3808882460591816,0.9229769607344378,0.17330838871118845,-0.28017642692511974,-0.6912331826893894,-0.5367575899491508,-0.3345252120667762,1.4372615914784068,2.33339982982968,2.3220454555801067,-0.11949971898598452,0.5954383064766764,0.2896456887631914,1.5660355222555504,1.3890620938671545,0.04820472807728505,0.2606118846128881,-0.5162996974004062,-0.14386762583630988,1.0138512904081252,-0.20711139779498602,-0.09762646290970158,0.40975308478573785,0
0.31330724230314594,-1.9315490351123477,-0.4445202009343899,1.0385308760612593,1,0,0,1,0,0,-0.5838743016777656,-0.07508021445494695,-0.2849672597681238,-0.3394310517411549,0.5225168612548611,0.20457756250722728,-1.1042430606650273,0.6127450993357945,0.5690068427109244,-0.7499063441650888,-0.08866344506742178,0.36482214278563424,0.07153721418860134,0.07324528221802942,0.39796627996728584,-0.5196942463894664,-0.06061465442060989,0.12419516091415798,0.004530982273630621,0.4930801176436278,1.6086626790806544,-0.44233799564804055,-1.3000940143272557,0.9529706373160856,0.2365192229714424,-0.4930801176436278,-0.00453098227363133,-0.007559831120602114,0.26586877533487285,-0.2639913658331881,-0.4832692780064673,-0.47715250303484213,0.41608517572303205,-0.38327221085833024,-0.4301405112466897,-0.17027518936292965,1.5000860627148682,-0.4070549059059717,0.03253147435602734,-0.6459624110652865,-0.2623294272472596,0.7917890337905242,-0.5363722402842841,-0.3759724034796717,0.16231986177126023,0
0.004904094016293398,-1.9315490351123477,1.0038746524609323,1.0385308760612593,1,0,0,1,0,0,-0.6343500496942954,0.014466485612113323,-0.2849672597681238,-0.3394310517411549,0.6694071639177728,0.2734452375530515,0.6715838595322848,0.17895391979079728,1.1572119441369786,0.44612401028083626,1.1803863527341734,1.5078832887310947,-0.35629019366918874,2.211596113358974,-0.2221000915339337,0.31093485458468145,1.2098788548999984,1.492117758555457,1.1709575367826512,0.895231533445257,1.2759470731827265,-0.4681148670827498,-1.2694879520503164,0.597010405566539,-0.0777974950421815,-0.895231533445257,-1.1709575367826521,3.1676267218506893,0.41596727218528484,2.1013870774877454,1.9845463164738264,2.526864818405591,1.7707999093987767,0.5954383064766764,0.06817301183707392,2.3721797812212735,1.1115021717478706,-0.482931511569848,-0.15905607025973648,-0.7756251247301669,-0.5161761445564365,0.5380035976561225,-0.7010026615289333,-0.3759724034796717,-0.023255055489598248,1
-0.7147032519863632,0.20717554051898904,-0.8790386569529866,-1.6014324776621007,1,0,0,1,0,0,-0.7226826087232228,0.2906657228319421,-0.4512786181940413,-0.2318022161936352,0.8237320531539278,0.4026839264377476,-0.4889897610154147,1.0929243988946897,0.9805046172653922,-1.0845870704027492,-0.8207663834688792,-0.5389316720463407,0.7574676384826496,-0.5603415914515282,0.003744885604334889,0.375616768493143,-0.45683461611211124,-0.11603176725632411,-0.8251557858999272,0.08334093927970501,0.12006545014774236,-1.4963214925041959,-0.9629240309083591,1.012217775103189,0.9537540593603087,-0.08334093927970501,0.8251557858999266,-0.5089050763265954,0.04072103005925432,0.1272058382545045,0.3048812521678669,0.10316902497069583,-0.024984737566746233,-0.22015379130249568,0.17890935030013266,0.44983577907224165,0.11228645211844858,-1.3934507795363622,0.041654690766301246,-0.46443461193445323,-0.0592520533999176,1.1407440084753266,-0.8656330827735822,-0.9326642846196119,0.2860364732784985,1
-0.2263982671988458,-1.5450325455404195,-0.4445202009343899,-0.4281154315628296,1,0,0,1,0,0,-0.5586364276695006,-0.06693960535794147,-0.09306953850744984,-0.4447452886747494,0.6491508839205281,0.2922273307473672,-0.9808634406998178,-1.425177163548411,1.509745647116626,-0.6827475179780901,0.22380184238705472,0.62403407308102,0.005514931932887475,-0.693612377102594,-1.190475350730283,1.1880272093701347,-0.8251493132396389,-0.2215178387554639,0.11588809585456382,0.7361716451058063,0.6708651765410879,0.763508310707592,-0.8700201038773097,0.10414391540570683,-0.5072224106101832,-0.7361716451058063,-0.11588809585456454,-0.7038726716844818,-1.1600669447440433,-0.2912841940253525,0.3436427536518511,-0.01630893667750248,-0.8126095827270634,0.2692014673650073,0.2342775195316623,-0.17027518936292965,0.8825152359994616,1.0535697531236445,0.8125664774344908,0.19036209207319227,0.2242101142619961,0.8076506235489245,0.30735866859454236,0.7791632498857044,0.8582258014994779,1
-0.38059984134227254,0.0783367106616796,-0.8790386569529866,-0.13478617003801185,1,0,0,1,0,0,-0.016022136491804253,-0.4739700602082154,-0.6687627022894718,0.04594961747738333,-0.9765561738802919,-0.40002696127169696,0.37810978395912803,-0.21806544074524092,0.4240904288350711,0.5726088243089287,1.1091366215755056,-1.2642954008779301,-1.5613812982163677,0.8282741734626261,-0.9610125175728869,0.8864745045343764,1.3432198544479457,1.843045848376202,-0.5745260083472232,-1.154540235155578,0.3018309360591108,-0.6634195825938175,0.3110755624507322,0.5583562345683158,0.35744362208791636,1.154540235155578,0.57452600834722245,0.8280155775560533,-0.8598699510432187,0.17269388524144552,0.6149732640397371,1.178470679804488,0.006520256239666901,-1.7697787770829225,-1.814344742034923,0.5738579727592754,0.16779843654230542,-0.7105613285614767,-0.3597668312857729,-0.1532440991387405,0.0761328624983096,-0.6040308649486834,0.36909507656128593,-0.15329565102369538,-0.5181215015185524,0
1.572620097807795,1.1605828814630785,-0.15484123025532542,-0.13478617003801185,1,0,0,1,0,0,0.6527815247272168,-0.6059642219953757,-0.5152445252809326,-0.17393725084550635,-0.9821585664828416,-0.3316064789209755,0.6509395638958808,-0.38914594660472246,-0.5045915996752703,-0.2505108062781427,-0.6394007969935822,-0.7884447314309242,0.38827562460370546,0.05475238593246382,0.12275793700653803,-0.4123614221131066,-0.2709278139623315,-0.8209779705486743,0.1590389773671773,-1.2330774978741266,-0.8504393703270992,0.6570912307291437,0.2754101594350217,0.06977655506213656,0.029727153518068854,1.2330774978741266,-0.15903897736717798,0.04814519612450831,0.11577027848446049,0.018034525485845748,-0.19901826712392082,-0.2894014204448148,-0.2140147004052217,0.5954383064766764,0.5664865349208381,-0.5423417704240322,-0.9424412519348303,0.19995793940503753,-0.998391980004983,-0.723760039264214,-0.6515610604546642,-0.9529858396334858,0.28677986593896093,-0.26463402725168356,-1.198562864808365,0
1.0329145883058024,-0.3339475448817109,0.5693561964423357,-0.13478617003801185,1,0,0,1,0,0,-0.3945902466157784,-0.2646401119995031,0.764073616456894,-0.6142896371447669,0.8371133134020631,0.2712092740775377,0.299218754252233,-0.26977263523282435,1.0263681007734,-0.531843478569965,-0.03882288837587437,0.1240846907053021,0.1283761106786551,-0.4485947935696906,-0.3206369663892984,0.2538710146347829,-1.074181219276818,-0.8281035477794977,0.18032674558006626,-0.009609152108407288,-0.8643015936834298,0.04906433395028953,-1.1479636908115074,-0.34665348144133856,-0.7580102808523334,0.009609152108406583,-0.18032674558006695,-0.7038726716844818,-0.7097714541928067,-1.4284853686988783,-1.1034533017502068,-1.39883963574952,-1.1906695084040155,0.35076067714292497,0.2896456887631914,-1.4104971262332722,0.3620903820258042,2.8556391376407038,8.407644138987953,5.863105814911709,5.23768278111824,7.0729785781169605,5.554953345767732,6.137322605857629,8.203899609741775,0
-0.6376024649146498,-0.3339475448817109,0.27967722576327125,-0.4281154315628296,0,1,0,1,0,0,-0.5460174906653681,-0.10764265084296887,2.5423258334724728,-0.7340701154153937,1.6001638827519198,0.48452018964155164,0.5619348456921888,-0.38675305339606714,-0.21333497702428833,0.48040432195227206,0.39588028743667386,0.15661104420702296,-0.2834110813198238,0.5371999513706668,0.5417735601302669,-0.2119792540778836,0.4205579482505336,-0.15285001232036063,0.11588809585456382,0.0986623829151082,-0.24462022017020935,1.0735675625439285,0.07861735320929605,-0.23197718343836596,-0.6638920494766312,-0.0986623829151082,-0.11588809585456454,0.5494904413305014,0.5660657690356972,0.17269388524144552,0.03355074177998182,0.20557870638343811,-0.15100471279239655,0.2692014673650073,0.2342775195316623,0.139780294854656,-0.038829505479828184,1.4224143639897089,0.9164697754403938,0.8206669501663612,0.6684418695530556,0.023383129939142485,0.7989633987000918,0.9415317152181866,0.7121714684700992,1
0.2619067175886707,0.7998341578626126,0.27967722576327125,-1.161438585374874,1,0,0,1,0,0,-0.33149556159511606,-0.3053431574845305,-0.054689994255315046,-0.4511104348630436,0.28772589302444285,0.11379744540136809,0.9726291427107143,1.107108545471827,-0.5537062265430651,1.0677821515057526,0.9231133522749942,0.389841667377841,-0.41808989244855727,0.5170647094840183,0.7912456877248292,-1.0508462104756806,0.44962219797602215,0.1664148649225212,-0.974766068754056,1.4984586571476979,-0.8358195340289675,-0.726888662803437,-0.29906413735309606,-0.996667124198608,-1.0376208427530258,-1.4984586571476979,0.9747660687540554,0.5216379277079463,0.7912135143113154,0.14540105704928116,-0.43158727602782254,-0.23819657973844427,0.9201650766256344,-0.46483142063624716,-0.04256332662598434,0.7598912632898273,-0.9424412519348303,-0.9381911455531051,-1.0805009276974533,-1.047916823426415,-1.311562525458524,-0.794369942049485,-0.9479482933959068,-0.3759724034796717,-1.0748462533011267,1
-0.4320003660567478,-0.7977673323680251,-1.6032360836506476,-0.8681093238500562,0,1,0,1,0,0,0.47611640666936217,-0.585612699252862,-0.630383158037337,-0.029274837475184185,-1.1659307107838124,-0.4277529083680678,-0.863046102966722,-1.4020537904464294,1.306781900725948,-0.9072450708879224,-0.569038601866413,-0.6297916745157529,0.4575778797686949,-1.3472316128255177,-1.139387698344083,1.8196750617115212,-0.9100319083658809,-0.48594830247440257,-0.31054414497595056,-0.550966827225982,-0.14605133854258728,0.7829492441081248,0.04218331248093533,0.3232574976970267,0.26534411643712863,0.550966827225982,0.3105441449759499,-1.3444804850032512,-1.2351161931692491,-0.9463120706373036,0.020630241285320403,-0.34060626115118536,-1.852274378338682,-0.22015379130249568,-0.09793149585751397,-0.8523972546416179,0.22331042096616224,1.413983630027056,1.6108479133335034,1.3897421934733356,1.4638282504551436,1.109020828958526,0.6983559190505837,0.45906541823023866,1.5232025883508855,0
-1.3315095485600683,0.18140777454752677,-0.4445202009343899,-0.8681093238500562,1,0,0,1,0,0,0.11016723354952047,-0.5210692985551757,0.17558727125749374,-0.5303854373899801,0.03936171902551806,0.009154354747323507,0.43803993215673426,0.2740930370041679,-1.398518936029912,-0.30105435462215124,0.19363397580258693,-0.696510013019815,-0.6095166755353566,-0.09927197062613519,0.042677705446979096,-1.4212574025964786,-0.8257661067487909,-0.7775788443427679,-1.2497103896622064,0.28949096339405445,-0.7082965721018675,-0.3334477067029552,0.4835956121465086,-0.41211052538415405,-1.0108880500131658,-0.28949096339405445,1.2497103896622048,-0.2582324537235989,-0.18442671521636386,-0.6642861793182697,-1.232658306696819,-1.4329761962204342,0.5106001571422693,-0.6279498401920818,-0.09793149585751397,-0.728375060954584,-0.7203933142394032,-0.4070549059059717,-0.323273965644676,-0.03654765684034838,-0.194636969298146,-1.3019408143182878,0.36909507656128593,0.5704037944582268,-0.8274130302866491,1
0.5703098658755232,-0.12780541711001567,-1.6032360836506476,-1.8947617391869185,0,1,0,1,0,0,0.45087853266109723,-0.5797979784692867,0.9047986120480549,-0.6368569736305372,0.1876846167205568,0.04627134844085214,0.36963128412357676,-2.545195822401703,2.527316535726057,-0.1732328413418381,0.9846691867151451,0.7536069453847518,-0.5930728701599329,-0.8495120978237867,0.327215225978347,0.2427526101532158,-1.5184614994988752,-1.480099721840882,-1.2854881513645413,2.3027614887509538,-1.362803777046749,3.821158172262983,-3.2109834077111405,-1.2716540374307124,-2.725147468195247,-2.3027614887509538,1.2854881513645404,-0.8152827261747027,0.26586877533487285,-0.09113678728281299,0.046471242274642305,-0.5624939042121272,-0.5605696322757617,0.02452383803125581,0.7879592118469556,-0.17027518936292965,-1.3310251429018278,3.007392348968456,-0.6882026220556532,-2.0852185327454578,-2.2931031657206744,0.3476645205553221,-0.28942660841731066,1.1827648637121608,-0.7036964187794109,0
-0.5605016778429365,0.0783367106616796,-0.4445202009343899,-1.6014324776621007,0,1,0,1,0,0,-0.1800683175455264,-0.3954713296299483,-0.7199354279589849,0.18771878258029903,-1.0338337757910288,-0.449218157733,0.36208258662267223,0.21890740230891176,-0.08488349282570672,-0.3063794199690051,-0.7241440931523505,0.2894728716462092,1.317014352488235,-0.40125825438057855,-0.19657463971565226,0.31619512164076174,-1.0492531467731951,-1.0413371947884087,0.06934332478478145,0.3260326064644921,-0.9044171706615459,-0.49738143841148935,0.43378418181426665,-0.6265226289047529,-0.07524030411808323,-0.3260326064644921,-0.06934332478478215,-0.48105256270404034,-0.3345252120667762,-0.4914316007678933,-0.26362076959722697,-0.6478353053894121,-0.8126095827270634,1.0032343553662626,1.0648000580046022,-0.8523972546416179,-0.859173275299045,-0.482931511569848,-0.058700689746716966,0.1709126850234604,-0.093098282374475,-0.033013633646279864,-0.37174181903963527,-0.26463402725168356,-0.3944048900113141,1
-0.2263982671988458,0.6709953280053031,-0.4445202009343899,0.3052077222492148,1,0,0,1,0,0,-0.5586364276695006,-0.06693960535794147,0.15000090842273722,-0.5269135394690924,0.8302450958287131,0.35572869345195834,-0.09216456731124922,-0.08738933665535284,0.5557499348178556,0.27628225524370603,0.5333939326102085,1.0128396714105474,0.08569861397203381,-0.7590673333759772,-1.229307961778311,1.3299193387756265,-0.8097340784474462,-0.013007899492033355,0.0915777400728132,1.2905668235553318,-0.6302940613110859,-1.111549122732635,0.5767118999083789,-1.1761579538318234,-0.7061379179475487,-1.2905668235553318,-0.09157774007281391,-0.7317251853070371,-1.1600669447440433,-0.09113678728281299,0.6020527635450756,0.22264698661889537,-0.6235796198885869,0.10608304780917345,0.06817301183707392,0.07776919801113909,-0.7759052986632599,-1.2416975682086098,-1.0622544948769042,-0.6459624110652865,-1.0238695791747903,-1.016432198667086,-1.0302635040182315,-0.5986491559356475,-1.0748462533011267,1
-0.7918040390580765,-1.3388904177687242,-0.8790386569529866,-0.4281154315628296,1,0,0,1,0,0,-0.6091121756860305,-0.03205128065648941,0.09882818275322415,-0.5159191960529479,0.9281381215762295,0.3740635939511713,-0.11539979212050325,0.3141509204512027,0.9537412690123247,1.077438242277601,1.0805307614874182,0.7718187753176192,-0.839575359630867,-0.23274307975684502,0.5481974386350092,-0.1480421825106057,0.6689840445779052,0.5617441090834435,-0.16027754582615011,1.2116300738185948,-0.07208792287901018,0.1179901624586464,-1.4525643815509954,-0.7921964277958441,-0.8563091220694611,-1.2116300738185954,0.16027754582614942,0.10385022336961848,1.0914105080121401,1.4918472478627354,1.1705547853101694,1.434494883336343,1.2667200084961745,-0.05703537174666111,0.012804842605544792,1.752068812786101,-0.27629743884854874,-0.17942508891434333,-0.8341740846200435,-1.3720736075886157,-1.531563013793144,0.28421816152172197,-0.6186874509066087,-0.09762646290970158,-0.9511296417938885,1
-0.2263982671988458,-0.7204640344536393,-0.4445202009343899,-0.8681093238500562,1,0,0,1,0,0,-0.5586364276695006,-0.06693960535794147,-0.7455217907937414,0.291875720206931,-0.5996798670759406,-0.27704897011843943,0.10983110190974452,-1.0921512828995559,0.9342207416572366,-0.18783670672017794,0.08664861960401712,0.4587487464716603,-0.020615768284106366,-0.6932501692907962,-1.2414367138907005,1.2792549394320933,-0.614007634604356,0.19540747656950694,0.2857518833962749,0.3422733367180179,-0.8454102216287414,0.25536786328778704,0.008416792827658484,-0.35508418738786995,0.07812991870591617,-0.3422733367180179,-0.2857518833962756,-0.7317251853070371,-1.2351161931692491,-0.46413877257572894,0.22735824919990022,-0.03337721691295973,-0.7811045889206503,-0.22015379130249568,-0.3747723420151606,-0.29429738304996345,-0.7203933142394032,0.4275877563966659,0.534308376921121,0.45617065508619664,0.27921023634565156,0.728342674756924,-0.04248097655033679,0.1250502895462747,0.7190446135538346,1
-0.6376024649146498,0.0783367106616796,0.27967722576327125,-0.13478617003801185,0,1,0,1,0,0,-0.5460174906653681,-0.10764265084296887,-0.6687627022894718,0.04594961747738333,-0.29267660741837764,-0.11829556335696156,0.13361289051712355,0.9125988290823787,-0.32554724790315287,0.23614682539607926,-0.07534290387966454,-1.3387928931940936,-0.590845151830128,0.6362696081275264,0.20837282540263766,-0.015603963300565512,0.7805453959586869,0.464858535916337,0.11065768597424898,-1.935702775158308,0.44996111874246913,-1.0438272107732696,0.4293535155043891,0.4549563271480706,0.5517933479847987,1.935702775158308,-0.11065768597424969,0.8001630639334981,0.41596727218528484,0.6457695739056325,0.5374502610717695,0.8541733553308051,0.3215701943037938,-0.13859458152457876,-0.2086678343205727,0.8219023601333442,0.5841383197212315,-0.8623145398892288,0.5799244589724931,0.7284623537824456,0.8884423578876751,0.1890486229713212,1.2745623934068555,0.3477270420022505,0.22417816752487937,0
-0.7918040390580765,-0.12780541711001567,-0.8790386569529866,-1.8947617391869185,1,0,0,1,0,0,-0.6091121756860305,-0.03205128065648941,0.9047986120480549,-0.6368569736305372,1.3295328687750558,0.46752686722764697,0.7517588008215386,-2.166326334852092,2.4065910467939498,0.9665021240641614,2.3520912151039033,0.9583431625332782,-2.220305695638679,-0.27401125019866207,0.6793283498513802,-0.25018634133396295,0.8552849175488163,0.7975099381796146,-0.16027754582615011,1.4660270913572444,-1.319127725003028,3.6538871083144615,-3.54130372740649,-0.4575961325325873,-2.279220543653763,-1.4660270913572457,0.16027754582614942,0.02029268250195297,1.1664597564373458,1.318992669312359,0.9638267773955896,1.3150169216881435,1.3612349899154128,-0.30171300108041293,-0.26403600355210183,1.6280466190990672,-1.3032691506898992,2.7797625319768278,-0.7976812189789466,-2.3056451459757548,-2.276180051233396,0.506280418139323,0.28677986593896093,1.2941032399401495,-1.0129879475475077,1
0.08200488108800677,-0.23087648099586283,-0.15484123025532542,-0.4281154315628296,1,0,0,1,0,0,-0.6469689866984278,0.043540089529990035,-0.579210432367824,-0.0639938166840615,0.24081507477323594,0.08294114943927802,0.6433679748227501,0.16418437330165142,-0.5130153268796703,0.6565943547058765,0.2637070483637588,1.3671261134245087,0.34519358350018103,0.297927073888294,-1.1956133771608017,0.4516440336110286,0.508776590646115,0.8178166733491812,2.250337333492488,-0.36726020632542794,-0.5969336084424798,-1.4230874395858113,1.1551678353542216,-0.38252245517378203,0.45560672824580367,0.36726020632542794,-2.2503373334924888,0.438080386840281,-1.009968447893631,0.5820863081239148,0.7441782689863493,0.9395147565080901,0.3845801819166189,1.0847935651441794,0.06817301183707392,0.07776919801113909,-0.6371253376036178,-1.3934507795363622,-0.41450612974742024,0.20981149912292413,0.04228663352375219,-0.5723076854318833,-0.28942660841731066,-0.48731077970765985,-0.1469716669968365,0
0.004904094016293398,-0.7977673323680251,1.0038746524609323,-0.8681093238500562,1,0,0,1,0,0,-0.6722068607066928,0.07261369344786675,-0.630383158037337,-0.029274837475184185,0.20291815636124805,0.07846922248825047,2.137311161495664,-0.49108092507707746,0.4564954632039664,0.5894791744290524,0.7466078219445559,1.1505445092441384,-0.36683929806905374,2.6868140468625605,-0.16679534548800581,0.47587667180786636,1.6250121530381123,2.110638504048466,1.8207882307202055,-0.2366301126415829,-0.2873502601212953,0.5069320656958236,-0.14583442909273384,0.8149858995301746,1.0900009623855513,0.2366301126415829,-1.8207882307202063,2.8891015856251374,0.04072103005925432,0.6548671833030202,0.821701271954316,1.519836284513628,0.8256500952063961,-0.46483142063624716,-1.149926711256571,1.0079356506638961,-0.05424950115312168,0.8828473903799233,1.0543317123067637,0.806259981981374,1.1253659607095745,1.4262526241265279,-0.28942660841731066,-0.4316415915936655,1.4613442825972665,1
0.004904094016293398,-0.23087648099586283,1.0038746524609323,-0.4281154315628296,1,0,0,1,0,0,-0.6722068607066928,0.07261369344786675,-0.579210432367824,-0.0639938166840615,0.3350150913540324,0.10530078419441576,2.234171133646017,0.6634757565391206,-0.5458262801958997,1.4054820531344088,1.105650863521558,1.1868722542715189,-0.7036598864051391,2.5306312886275384,-0.5223353887958107,0.5761964451039455,1.6628049763005806,2.2320369844101617,2.69478783802007,-1.0539055705610194,-0.5780923810126399,-1.4339054236592168,1.3251846694725578,-0.24990662887160076,0.7417494116323017,1.0539055705610194,-2.694787838020071,2.6941339902672503,-0.3345252120667762,0.5911839175213025,0.821701271954316,1.5369045647490853,0.7626401075935709,-0.05703537174666111,-1.0391903727935126,0.6978801664463103,-0.6093693453916895,-1.3934507795363622,-0.350643614875499,0.35244048415429274,0.22844089288381547,-0.5088613263982832,0.03983423407198747,-0.4316415915936655,-0.20882997275045564,1
1.110015375377516,1.0317440516057692,1.0038746524609323,0.3052077222492148,1,0,0,1,0,0,0.12278617055365294,-0.5228137147902483,0.5337963509440852,-0.58419985516374,0.2260843392379116,0.04940169730657143,-0.5937314038926196,0.1528851835426806,-0.09235204530133385,0.11997381655309655,0.21706605084617617,0.3691934105251853,0.5878825105591832,-0.2975930947656333,0.8004012106809364,0.7054899994759766,-0.6013409132549461,-0.4329877635300012,0.19300882026008395,0.312111980532898,0.5282464562802314,0.591984649716187,0.8351977520159328,-0.7583562419886332,-0.7049247739763849,-0.31211198053289735,-0.19300882026008395,-0.14682239923337803,1.0163612595869336,0.6548671833030202,0.9509062769009282,0.6322857122698633,-0.18250970659880966,1.3294711944779316,1.3416409041622488,0.5738579727592754,0.44535835866158957,0.5034643620605421,-0.11343998820836432,0.3265079414213163,-0.008482709938082702,-0.9212626601166852,-0.12479618717266176,0.013711913318286572,-0.3944048900113141,0
-1.1773079744166424,-0.05050211919562982,0.27967722576327125,-0.13478617003801185,0,1,0,1,0,0,-0.34411449859924853,-0.3024357970927428,-0.15703544559434116,-0.41697010530764755,0.2149969752054453,0.08964903986581935,0.32335778888812977,1.6917921669277,1.4548991388363695,0.3061411430756693,0.531518054856971,0.44926321384624884,-0.019143823954685953,0.2979943756758504,2.5571774158614042,1.3147064570392457,0.8835894782229526,1.0631870457084474,-0.671183982935474,1.2784135428411474,-0.1518844078356043,0.23968635641947653,-0.6677426626819111,0.4625752676948254,0.3469957146431717,-1.2784135428411474,0.6711839829354733,0.27096530510494976,2.367247731240644,-1.6069330893092284e-4,0.6795757665130432,1.0419244379208312,-0.9071245641463012,-1.1988643086375024,-1.0945585420250417,0.44983577907224165,0.029018475482663446,0.5034643620605421,0.7897584364088047,0.28760912732185256,0.46536449570571364,1.2359135470257274,-1.277209135885205,-0.9326642846196119,0.8427612250610729,0
1.7011214095939837,-0.5400896726534062,0.27967722576327125,0.3052077222492148,1,0,0,1,0,0,-0.2810198135785862,-0.3611644770068538,-0.5280377066983108,-0.165257506043287,-0.3576150440903046,-0.15004624470925715,-0.6628540383871246,-3.2413121052884764,1.0776167921418336,-0.7788505925340189,0.07246281440587139,0.43921819051272737,0.7030830992132242,-0.2630449684628524,-1.6670117696830797,-0.2853598747764171,-0.48205438836068315,-0.1547669819156509,0.47177165472146704,0.13114384342216406,0.6588832429099135,2.7788267905679853,-1.7598974093830067,0.5741800235231245,-0.24530504255573327,-0.13114384342216406,-0.47177165472146776,0.04814519612450831,-1.3852146900196616,1.3917735444914656,1.002588278879574,0.7346953936826055,1.518759958947476,1.6557080335896,1.5077454118568363,1.2559800380379649,1.1392581639597994,3.6902817999433415,1.6290943461540526,0.2746428559553643,0.49921072468027106,2.3462248301137336,0.4514102871836102,0.5704037944582268,1.5232025883508855,1
0.7502117023761872,1.289421711320388,-0.8790386569529866,0.5985369837740325,1,0,0,1,0,0,0.2742134146032426,-0.5466540700029072,1.1222826961434853,-0.6617389087302327,0.3613430222297029,0.0909906179511276,-0.8388193761430459,-0.6686372736907774,0.7734724523706943,-1.0505459674107371,-0.3141671990972039,-1.230460203744864,-0.24709079061663614,-0.8265683891954819,0.9605065229577725,-1.115152344492407,-1.2820425937958848,-1.2445330898265876,-0.6655696264837223,-1.0180971097758913,0.34050136632867095,1.8799399912216808,-2.1779833152040218,0.14796833626536385,-0.8066115880366317,1.0180971097758913,0.665569626483721,-0.7874302125521474,0.8662627627365218,-0.04564874029587195,-0.6124742829530796,-1.040405750804923,0.6366201323679207,0.6769975162545934,1.1755363964676604,-0.17027518936292965,0.44535835866158957,2.020996475338066,0.4795690784594736,-0.7885913960966542,-0.685407289429221,1.489698983160128,2.0153992890077768,1.5167799923961247,-0.1469716669968365,1
-0.12359721776989524,-0.5916252045963298,-0.4445202009343899,-0.13478617003801185,1,0,0,0,1,0,-0.2684008765744537,-0.36349036532028395,-0.4768649810287978,-0.2219651720844533,-0.27820839517963436,-0.10801013136959821,0.2003687584618434,1.4268660816204097,-1.6734957520877223,0.6717224357037713,-0.16452870016238752,0.11807377125938186,0.5927551421197947,-0.8164909711924303,0.5063053968613705,-0.5443066692395009,-0.2721429375449187,-0.44459784498835897,1.0284651543787122,-0.8589806768618448,-1.0944457941534003,-1.4512128443665675,1.7407490456928467,-1.1773059530721892,-0.22016789351921962,0.8589806768618448,-1.028465154378713,-0.6760201580619267,0.7161642658861095,0.6457695739056325,0.24027874969456073,0.12023730520615308,0.7311351137871589,2.2266225020350205,1.7292180887829538,0.07776919801113909,-0.9979532363586869,-1.317574173872486,0.269735101023162,1.1563493088765513,0.5330569536548284,-0.635754044465484,1.3568776040291806,0.9600881112561845,0.10046155601764112,0
-0.4577006284139859,0.7482986259196881,-2.617112481027373,0.5985369837740325,1,0,0,1,0,0,-0.48292280564470574,-0.18904874181302367,1.5060781386648334,-0.6860421941764467,1.2316269040459562,0.3847962186336374,-2.715151571392127,-2.500288805115901,0.8379877738567898,-1.1565263777644783,0.12263054523891216,-0.1268925226840398,-0.16604353905348276,-1.2437201294714113,0.5193355447856888,-0.10325916575503015,-0.662814195978611,-0.04942507238721613,-0.22931895624632825,0.05436948222367098,2.532773855077801,3.951983799598662,-1.2493228629266553,0.9051573127538054,-0.2076796781362121,-0.05436948222367098,0.22931895624632756,-1.1495128896453646,0.5660657690356972,0.22727954162577424,0.13691474573727128,-0.135786898325702,0.6996301199807459,0.10608304780917345,0.2342775195316623,0.3258135853852078,1.7776459848341521,2.8556391376407038,-1.0075151964152582,-1.4109724216880806,-1.0407926936620688,-0.44541496736468245,-0.20711139779498602,-0.2089648391376897,-0.9511296417938885,1
0.030604356373531493,1.8047770307496258,1.4383931084795292,-0.4281154315628296,1,0,0,1,0,0,-0.11697363252486404,-0.4309411264097579,-0.016310450003180245,-0.48756536303236475,0.08520574189551089,0.04537696305064663,1.582114107151062,-1.3042706416805887,2.50626992250903,0.4282019652331447,1.411498060069895,0.07217593336176448,-2.0320010224322056,1.8379076331321929,-0.5704271624603909,1.9755353093912797,0.37305195463668755,0.9630073279273155,-0.3979084468072301,0.4930801176436278,-0.3635525273005297,1.218710978491139,-1.44093247856996,-0.208561297390735,-0.8948273860168068,-0.4930801176436278,0.39790844680722937,1.8028535543454847,-0.4846237089171882,0.1908891040362222,1.2093162867941527,1.3320852019236007,-1.0961545269847772,-1.4435419379712537,-1.482135726645747,0.2638024885416898,-0.5816133531797613,0.5793409677244183,-1.1534866589796486,-1.605466492185401,-1.5654092427677009,-0.3502454288142823,0.12214944469431245,0.4033962301162448,-1.136704559054746,0
-1.280109023845593,-0.7719995663965628,1.4383931084795292,-0.8681093238500562,1,0,0,1,0,0,-0.6217311126901629,-0.026236559872914074,-0.2721740783507456,-0.3643129868408503,0.6439675724355763,0.2613710347852771,1.0119935094907704,-1.1473537838446777,1.9390863798644686,1.0261221797039026,2.013092418456842,1.0382871659276072,-1.1517614434291061,1.2785258048743295,-0.490750677357917,0.7615643281714931,1.3925113702802479,1.2489105641588627,-0.32687747097049374,1.7402929544878658,-0.12971368977998052,1.0831558202790266,-1.8854973362244571,-0.005434426996277503,-1.3978006519535442,-1.7402929544878665,0.326877470970493,0.8001630639334981,-0.7097714541928067,-0.9463120706373036,-0.4574282770171454,0.08610074473523979,-1.1906695084040155,-1.2804235184154193,-1.3160312189511594,-0.4183195767369984,-0.19302946221276363,0.8828473903799233,-0.2685346671830286,-1.164613265724808,-1.0915620371239039,0.12560226393772106,-0.6186874509066087,0.23638866577426285,-0.20882997275045564,1
-0.2006980048416086,-1.0812127580541053,-0.15484123025532542,0.3052077222492148,1,0,0,1,0,0,-0.4198281206240434,-0.24719594964877709,0.29072590401389814,-0.544273029073531,0.6491508839205281,0.23051473882318704,0.6504863037343526,-0.8184962402715281,0.2544510934613951,0.8085034365708498,0.8613981171210509,-0.016476825384153394,-1.0293029475007525,0.25344873824888625,-0.5852741937051905,0.21966120808011122,0.6147454628999622,1.0619336341903456,0.2654778184316193,-0.28577009270635834,-0.6512740469720548,0.5370969375423623,-0.1271048388494544,-0.4826649046541677,-0.08308823488514384,0.28577009270635834,-0.26547781843162,0.5494904413305014,-0.25947596364157,1.137040481364595,1.093031782342202,1.3320852019236007,1.2037100208833493,-0.38327221085833024,-0.5408768497097485,1.6900577159425842,-0.5816133531797613,0.5793409677244183,0.20587258615124074,0.10608132819102022,-0.093098282374475,0.5380035976561225,0.6160407084282594,0.514734606344233,0.5334696962929761,1
0.08200488108800677,-0.9266061622253344,-2.327433510348309,0.5985369837740325,1,0,0,1,0,0,-0.16744938054139394,-0.4041934108053113,-0.1442422641769629,-0.4181274046146101,0.024944617245859824,0.01228470361304279,-1.4896948541064778,3.272456162829726e-4,0.9416398163761741,-1.8257426310983755,-1.5247732536982217,-0.41733837142301916,1.5969946262087413,-1.4311647914843053,-0.007699032731273309,-0.17501635962254647,-1.5752457170349288,-1.4876550547116216,-0.8989374548998709,0.3223554599919946,0.6414539610778259,-0.00816187685610109,-1.4631277370140912,0.9044738194066025,0.5298742946848886,-0.3223554599919946,0.8989374548998709,-1.4001855122483615,-0.25947596364157,-0.7643598826895395,-0.7287587874050313,-1.2452251136304073,-0.655084613695,0.18764225758709038,0.7325910426154264,-0.9764194483286528,0.41760236644966076,-0.17942508891434333,-0.5148615102604385,-1.1386807229918314,-0.7700228618656133,0.7917890337905242,-0.9479482933959068,-0.9326642846196119,-0.5181215015185524,1
1.0329145883058024,-0.05050211919562982,0.27967722576327125,-0.13478617003801185,1,0,0,1,0,0,0.5392110916900246,-0.5896830038013647,-0.15703544559434116,-0.41697010530764755,-0.46157122676264506,-0.13126415151494145,0.5201105765694436,0.5504636868398751,0.7790908809158607,-0.7028334930145977,-0.5335820885111827,0.9415790471918472,0.9528206248077828,0.49288061001696665,0.9670528786021999,0.45187688680537325,-0.5139694659998238,-0.6079039153953656,-0.34274413050805214,1.6241309745857062,-0.23074591952118242,0.21324365926437938,-0.6109506415124225,0.4398393816187953,0.10018299327505992,-1.6241309745857062,0.34274413050805214,0.38237535959517033,0.7912135143113154,-0.2276009282436361,0.03355074177998182,-0.1699234587966153,-0.7495995951142377,-0.13859458152457876,0.012804842605544792,-0.4183195767369984,-0.08200549336504998,0.4275877563966659,0.6529101902546883,0.20981149912292413,0.38074892326932136,0.8235122133073248,-1.277209135885205,-0.7656567202776299,0.7190446135538346,0
1.7011214095939837,1.0317440516057692,0.27967722576327125,-0.4281154315628296,1,0,0,1,0,0,-0.2810198135785862,-0.3611644770068538,0.8024531607090287,-0.6177615350656547,0.7018411700026449,0.199658442861097,0.28503664672614654,-1.535234738688195,-0.2281970323654773,0.6079109348391079,0.9930305102899271,0.9111814271209715,-0.43453234887229275,-0.24870044827762203,-1.6992232224095247,0.0036431503904480376,-0.26249098015027195,0.10468493744693959,0.7781220325379118,0.471010832630124,-0.6448489534050227,0.4049133369172502,0.31561400268776135,-1.081530016447473,-1.1887838318571398,-0.471010832630124,-0.7781220325379125,0.1317027369921738,-1.3852146900196616,1.701092264002664,1.4418852956980555,1.2467438007463156,1.550264952753888,1.9003856629233515,1.5631135810883663,1.6280466190990672,-0.7203933142394032,0.12408133374116129,-0.6608329728248301,-0.41256952646850126,-0.7869459763528921,-1.0481553781838862,0.36909507656128593,0.6817421706862145,-0.8274130302866491,1
-0.6890029896291251,-0.46278637473902035,-0.15484123025532542,-2.6280848929989626,1,0,0,1,0,0,0.9934928238387936,-0.653063460342336,-0.5024513438635544,-0.1855102439151321,-1.0938560047176957,-0.35888523332224354,0.15797341412369864,-0.3855662365279751,0.9361087420258876,-0.22151529110957943,-0.9198749535176184,-0.8335848831478563,0.5802480156177126,-1.157287272377756,-0.24177451776709802,1.1923990092693775,-1.4072320333871824,-1.7019708725444513,-1.3475953222069719,0.19961827368027837,-1.3760136844981476,0.2869973554830347,-0.08144600038423072,-1.096134328136812,-0.46576080395231545,-0.19961827368027837,1.3475953222069719,-1.2609229441355856,-0.7097714541928067,-1.6286327754414192,-0.8967252938356269,-1.3305665148076924,-2.387859273047698,-0.5463906304141645,0.06817301183707392,-1.658541513607341,-1.3032691506898992,0.19995793940503753,-0.17730250308028428,-0.1921429132382052,-0.6007917169928287,0.28421816152172197,0.12214944469431245,0.23638866577426285,-0.20882997275045564,0
-1.280109023845593,1.8047770307496258,1.4383931084795292,-0.4281154315628296,1,0,0,1,0,0,-0.6217311126901629,-0.026236559872914074,-0.016310450003180245,-0.48756536303236475,0.8816144113382056,0.3566230788421639,1.0779622486326308,-0.7987773710019012,1.4816481968977475,0.8559662922081888,1.0796615391622857,0.4602436569206955,-1.1761867303557854,1.3420728769157586,-0.4011855972615377,0.5150196680565817,1.4061357797489802,1.2986535503130892,0.3041828515459608,0.3260326064644921,-0.15794934178241624,0.6944480853608318,-1.5079176225782136,0.2379449306759001,-0.1357304488997244,-0.3260326064644921,-0.30418285154596153,0.8558680911786088,-0.6347222057676005,-0.9372144612399159,-0.5607922809744348,-0.01630893667750248,-0.9386295579527137,-1.1988643086375024,-1.4267675574142176,-0.5423417704240322,-0.44283339212011924,0.12408133374116129,-1.2538420394926681,-1.709196663117305,-1.531563013793144,-0.0012904541294803558,-0.37174181903963527,-0.26463402725168356,-1.0748462533011267,0
-0.2006980048416086,0.0783367106616796,-0.15484123025532542,-2.334755631474145,1,0,0,1,0,0,-0.4198281206240434,-0.24719594964877709,-0.1826218084290977,-0.3996106157032089,0.30058144016814087,0.11871656504749839,1.0949523394344869,-0.753408400929998,0.31889497590738164,1.1961361472876548,1.6721939621054223,0.7179050709865773,-1.6575546535876335,0.24678512072034,-0.6152002213751422,0.1871137619961282,0.7540256789553299,1.2595291600078204,0.3242026962602782,0.6575966059261134,-1.2759730972355534,0.4177825978254714,-0.24790882948662804,-0.8682238107996129,-0.9442489707613498,-0.6575966059261134,-0.3242026962602789,0.49378541408539117,-0.3345252120667762,0.9641859028142197,0.9250652759116064,1.2296755205108585,1.2037100208833493,-0.46483142063624716,-0.6516131881728072,1.6280466190990672,-1.2755131584779709,0.04820472807728505,-0.8889133830816909,-0.8663890242955825,-1.1084851516111824,-0.6992004034990842,0.03983423407198747,0.4033962301162448,-0.9511296417938885,1
0.15910566815972013,-0.3339475448817109,-1.6032360836506476,-0.13478617003801185,1,0,0,1,0,0,-0.10435469552073157,-0.4355929030366182,-0.24658771551598904,-0.3741500309500322,-0.1358736619607599,-0.04585034675031531,-1.6138827666620703,1.3739963405047415,-0.3641865835834084,-1.4204832150014592,-1.7324237976809986,-0.29044101999271354,1.7900097565125335,-1.1820738445344978,1.0866016168047448,-1.0197732770383499,-1.1389577604312906,-1.5741095465616812,-0.08286747959746427,-0.31393995325558316,1.0630290157985043,-0.7973194512411775,-0.5269185367823283,0.7896101628520034,0.7154241874581218,0.31393995325558316,0.08286747959746356,-1.0938078624002545,1.0914105080121401,0.1908891040362222,-0.37990527404917784,-0.7843815472730677,0.3215701943037938,1.4110304042558486,1.6184817503198954,-0.4803306735805153,1.4168180860790833,-0.482931511569848,1.1546870928197819,0.6636309969500054,0.9730579303240674,1.5214221626769286,0.36909507656128593,0.23638866577426285,1.3994859768436472,1
-0.2006980048416086,0.15564000857606544,-0.15484123025532542,-1.6014324776621007,1,0,0,1,0,0,-0.4198281206240434,-0.24719594964877709,-0.11865590134220637,-0.43085769699119847,0.35992584803874583,0.14286497058304715,1.0267993627314345,-1.3101232904320539,1.050078004276192,1.2456292521271504,1.9333591637675955,-0.17113603878022332,-2.2962193685592593,0.31101225464971516,-0.6005171277363346,0.026873165644700388,0.6063383633692997,0.9277650697534285,-0.49529816032406576,0.2578215393996755,-1.1170297286455615,1.196600455910027,-1.4084868698322242,-1.0815300164474708,-1.6076795852327312,-0.2578215393996755,0.4952981603240644,0.7166055230658329,-0.18442671521636386,1.5009448572601232,1.2868392897621204,1.519836284513628,1.550264952753888,-0.6279498401920818,-0.4855086804782194,2.1241353938472036,-0.9979532363586869,1.33810702436318,0.4704458620491997,-0.37367071236903754,-0.7530997473783346,0.7600658542737248,1.3568776040291806,1.6837875567381073,-0.20882997275045564,1
1.7011214095939837,-0.05050211919562982,0.27967722576327125,-0.13478617003801185,1,0,0,1,0,0,-0.2810198135785862,-0.3611644770068538,-0.15703544559434116,-0.41697010530764755,0.13559032629477505,0.04448257766044113,-0.086305424932633365,-1.3136748501995255,0.4443734067228091,-0.7851525314257842,-0.1222434119108894,1.5734388290403145,1.1549388191053074,-0.3431028986858251,-1.7241627732486,0.18781833013775034,-0.27535807314860483,0.10903518997679235,1.090378836681049,1.0645584453617318,-0.22281457943292282,0.07583154221270717,-0.4187340249295951,0.7876500643563632,0.26537406350781007,-1.0645584453617318,-1.0903788366810496,0.0759977097470634,-1.3852146900196616,1.9558253271295334,1.7778183085592476,1.5539728449845414,1.550264952753888,1.9819448727012692,1.4523772426253072,1.6280466190990672,-0.08200549336504998,0.27583454506891375,0.6164173246135901,0.28760912732185256,0.600749411603942,0.506280418139323,-1.0302635040182315,-0.7099875321636356,0.7190446135538346,0
-0.2006980048416086,-0.46278637473902035,-0.15484123025532542,-2.6280848929989626,1,0,0,1,0,0,-0.4198281206240434,-0.24719594964877709,-0.5024513438635544,-0.1855102439151321,-0.11945692193288315,-0.04674473214052082,1.3182384789945008,-0.3833718713865846,-0.377339983259717,1.3292825233579344,1.2218993529857598,-0.22408076680076186,-1.220415862208484,0.35289345541974587,-0.4720827762170971,-0.06460146377834025,0.7065400891030783,0.9753439338549089,-0.653257441282515,0.3422733367180179,-1.4804357118857774,0.053267762968457276,0.45091815712448635,-1.0951818730266367,-0.6362954864650291,-0.3422733367180179,0.6532574412825142,0.6887530094432773,-0.10937746679115769,1.2462117941332536,1.0155087793742343,1.2979486414526862,1.424244977528238,-0.8726274695258333,-0.7069813574043363,1.876091006473136,-1.3865371273256843,0.04820472807728505,0.0051618251252043045,0.2357440418559006,-0.2284831982727022,-0.1916295312302808,-0.04248097655033679,0.1250502895462747,-0.332546584257695,1
-0.5862019402001745,0.8256019238340739,1.7280720791585935,-1.161438585374874,1,0,0,1,0,0,-0.3062576875868511,-0.3361611776374798,-0.054689994255315046,-0.4511104348630436,0.2556084424433621,0.0900962325609221,0.6979640593421897,0.016842011969379254,1.1188859872278447,0.4028797061978593,1.0696874737194642,2.440802904165398,0.5281964067025047,0.19946676594451912,-0.7106240190106331,1.0861091001732266,-0.14521977062830785,0.3701104143000276,1.6429216439714627,1.699534365048511,-0.7712311725578149,-0.735003732310488,-0.4381197257311416,-0.6882619301397335,-1.0293053213944368,-1.699534365048512,-1.6429216439714633,0.29881781872750485,-0.5596729573423944,0.43652455776570404,0.9638267773955896,0.8541733553308051,-0.24551969421163483,1.6557080335896,0.8433273810784847,0.015758101167622184,-0.8869292675109735,-0.9381911455531051,-1.0531312784666302,-1.0868156375258795,-1.2438700675094103,-0.857816301083085,-1.0302635040182315,-0.3759724034796717,-1.0129879475475077,1
1.1871161624492292,-0.5400896726534062,-0.15484123025532542,0.3052077222492148,1,0,0,1,0,0,-0.5081606796529707,-0.16578985867872228,-0.5024513438635544,-0.165257506043287,0.03748360888576389,2.1050084526841485e-4,-1.1730885885610667,-2.111922433779683,1.6617314206207605,-0.710054557281602,-1.7192690406490004e-4,0.03977816924320554,0.2740899082718893,-0.8760643056020387,0.1424640249204361,0.46202344052692085,-0.18709440630687518,-0.053148982009960793,0.3586118043630053,-0.3014141428425148,0.7558551067299334,3.0413971514903473,-1.8073535199618884,0.7737182873565835,-0.051666122927193824,0.30141414284251544,-0.35861180436300605,-0.9545452942874786,-0.18442671521636386,-0.9099216330477515,-0.5607922809744348,-0.596630464683041,-0.9386295579527137,-0.13859458152457876,-0.319404172783631,-0.9764194483286528,1.3613061016552261,4.221418039590476,1.9575301369239315,0.4821031978191731,0.7869036709640054,2.7586261638321354,0.7806711296729086,0.6817421706862145,1.8324941171189824,1
-0.9203053508442651,-0.8235350983394863,0.5693561964423357,-0.4281154315628296,1,0,0,1,0,0,-0.14221150653312897,-0.4228005173127524,-0.4896581624461761,-0.1797237473803192,-0.4326219472427061,-0.18626885301258025,0.9294269567369314,0.42461930287471195,-0.2566511589390954,-0.14887554699737046,-0.6775029069564025,-0.7325533410861049,0.13789729758005356,0.8212736541971233,-0.18308794570389883,-1.2687195788187904,0.4596140271743967,0.03092888379522867,-0.8963291925090734,-0.11014700605881247,-0.4717838496019362,-0.7662168037923943,-0.9240900897286775,0.6568666610637268,0.9109829956091665,0.11014700605881318,0.8963291925090727,0.6609004958207222,-0.25947596364157,-0.2821865846279648,-0.8708842928463041,-0.6649035856248688,0.6366201323679207,-0.8726274695258333,-0.5962450189412776,-0.35630847989348147,-0.44283339212011924,-0.7105613285614767,0.03253147435602734,-0.4514683405679659,-0.1777138548108673,1.2993599060593275,-0.28942660841731066,-0.3759724034796717,0.5953280020465953,1
0.44180855408933456,-0.7719995663965628,-0.4445202009343899,-0.8681093238500562,1,0,0,1,0,0,-0.4576849316364408,-0.194863462596599,-0.2849672597681238,-0.3643129868408503,0.2556084424433621,0.13168515320547827,0.6557635899109162,0.09578337600966419,0.07404906755616313,1.0828502101248612,1.4777094366326557,2.098897477925733,-0.379096728869754,0.6403651052199086,1.1360337402701428,-1.5865509158688786,1.2134902997356876,0.4862118340805883,1.2994551316290601,1.573862047610503,-0.2720099668830003,1.0065879727766849,-1.6955582200689059,-0.2595845653950427,-1.4464034173429563,-1.5738620476105036,-1.2994551316290608,0.939425632046274,1.5417059985633763,1.0551619967881019,-0.04397226118798574,0.4445346296798359,2.0228398598500785,1.0032343553662626,0.40038202722625016,1.13195784435093,-0.3595654154843339,0.7310941790521709,-0.4509989953885172,-1.2035120798242718,-1.2100238385348534,-0.0647368131630805,-0.6186874509066087,0.1250502895462747,-0.45626319576493324,0
0.9815140635913272,0.6452275620338409,-0.8790386569529866,-0.4281154315628296,1,0,0,1,0,0,0.45087853266109723,-0.5786350343125716,-0.08027635709007157,-0.4447452886747494,-0.34971957123807035,-0.10130224094305688,-0.503511755058429,-1.343705115266929,0.9043084787545064,-0.8957152912901424,-0.9918407200748927,0.9091757407790351,1.863988585544681,-0.599887824932051,-0.9068503191201993,0.28710082320464386,-1.4500105913888786,-1.6501218194593121,0.004530982273632039,1.2355135006620177,0.10074450583440164,0.9358146980187313,-0.9477113455479484,-0.22775210948529126,-0.3215812740966937,-1.2355135006620177,-0.004530982273632748,-0.7038726716844818,-1.009968447893631,-0.7734574920869285,-0.5220307794904515,-1.0233374705694662,-1.222174502210428,1.166352774922097,1.2862727349307197,-1.1004416420156866,0.44535835866158957,1.4898602356909325,1.3918907194869166,0.5987996401175653,0.46536449570571364,1.8069307783281299,-0.20711139779498602,0.45906541823023866,1.770635811365363,0
-1.6656129592041589,-0.46278637473902035,1.4383931084795292,-2.6280848929989626,1,0,0,1,0,0,-0.20530619155379135,-0.3890751367680154,-0.5536240695330674,-0.15368451297366123,-0.49445511859747904,-0.18045534797624446,1.7566180170118526,-0.08345641728536508,-0.7952094248986609,1.6870162139270433,1.300980489173074,1.8110473524023012,-0.3353741535766738,0.9629661207732734,-0.061170025649427084,-0.43276767550915607,1.3432198544479457,1.1797003393797576,1.8905440679225438,0.595033997706013,-1.4804357118857774,0.053267762968457276,0.6521881455787181,-0.9471362532362329,-0.539590581335395,-0.595033997706013,-1.8905440679225447,1.2736557955169365,0.26586877533487285,1.0278691685959374,0.6149732640397371,1.178470679804488,1.3612349899154128,0.9216751455883455,0.06817301183707392,0.8219023601333442,-1.3865371273256843,0.04820472807728505,0.0051618251252043045,0.3394742127878045,-0.07617516788719629,-0.3819686083310823,-0.20711139779498602,0.06938110143228039,-0.1469716669968365,0
-1.1773079744166424,-0.7204640344536393,0.27967722576327125,-0.13478617003801185,0,1,0,1,0,0,-0.34411449859924853,-0.3024357970927428,-0.13144908275958464,-0.42102065288201657,0.23850937309038542,0.09277938873153863,0.058766921418190184,1.694272607982693,1.6493607648707986,0.43085774167464613,0.6225744926803632,-0.38131515220764617,-0.8345410345484457,0.23293315662274125,2.5561100671613795,1.128292382329591,0.5078618654030047,0.5852470064821369,-1.2010128806784757,0.6710815639820534,0.15102723075230112,0.2352126267310976,-1.1209063873523828,-0.07847388017334586,-0.23799753892812714,-0.6710815639820534,1.201012880678475,0.24311279148239442,2.4422969796658496,0.11810822885711679,0.6924962670077037,0.8883099158017184,-0.8126095827270634,-1.1988643086375024,-0.8730858650989243,0.5118468759157585,-0.22078545442469194,-0.2553016945782196,-1.317704554364588,-1.5925002208189127,-1.5146398993058652,-0.2550758902638815,-0.7010026615289333,-0.48731077970765985,-1.0748462533011267,1
0.08200488108800677,-1.9057812691408853,-2.327433510348309,1.0385308760612593,1,0,0,1,0,0,-0.1800683175455264,-0.398378690021736,-0.38731271110714993,-0.2931390794626518,-0.2353286805081131,-0.07983699157812466,-1.9218042004876061,1.0835594598265745,0.44679858278351237,-1.2697918544176912,-0.9419402215171164,0.19739785637363055,1.1515200023326702,-1.4036078456102339,0.9500006780122785,-0.7017557686705916,-1.0420038770964828,-1.3076034967608283,-1.0333455079749942,1.2940866261665431,1.2698471015523471,-0.5355295395008972,-1.3159855009517976,0.6821736675672498,-0.05205188981390141,-1.2940866261665431,1.0333455079749936,-1.3723329986258064,0.5660657690356972,-0.7006766169078218,-0.9225662948249498,-1.2281568333949502,-0.40304466324369825,-0.05703537174666111,0.5111183656893089,-0.8523972546416179,1.0837461795359422,-0.5588081172337243,-0.21379536872138252,-0.840456481562607,-0.5500223735309933,0.506280418139323,-0.9479482933959068,-0.48731077970765985,-0.023255055489598248,1
1.2128164248064663,-0.5400896726534062,-0.4445202009343899,-0.4281154315628296,1,0,0,0,1,0,-0.05387894750420167,-0.45361853746570174,-0.20820817126385424,-0.3880376226335831,-0.13986726667138913,-0.04898069561603459,-0.2506970568113134,0.2254640046011847,-0.5476792085605879,-0.0913349459448667,0.2305532802293006,-0.6863570220189128,-0.8297954920598433,-0.8433850635341417,0.06060949756610695,-0.8794291287591051,-0.9561181364447545,-0.8495895020928884,-1.344988124630379,0.39783372969061137,-0.4941000580410919,-0.24873915790777307,-0.13504563711662165,-0.8246827578328038,-1.12918934548218,-0.39783372969061137,1.3449881246303783,-0.8988402670423681,-0.18442671521636386,-0.7097742263052108,-1.0130097982875779,-1.2793616741013212,0.06953024385249205,-0.6279498401920818,-0.04256332662598434,-0.5423417704240322,-0.38732140769626244,-0.1035484832504671,0.44307621281837667,0.30057539868834077,-0.0592520533999176,-0.09645999267988113,1.0276167615398821,1.4054416161681371,0.10046155601764112,0
0.030604356373531493,1.4440283071491598,3.176466932553916,1.0385308760612593,1,0,0,0,1,0,0.24897554059497767,-0.5437467096111195,-0.3745195296897717,-0.2937177291161331,-0.5489551756386524,-0.19118797265871057,2.0313224887554964,-0.7090433802427112,1.0143383760568934,0.3330705693242865,0.27545738736821007,0.9256075614173893,0.2489196440369981,3.265428560439704,1.6664029915264544,0.6486988265709706,1.9644716847860884,1.6514906781856273,1.7556215933338128,-0.4787858038769716,0.4381743737337018,2.642550226606339,-0.7347547801790373,1.4979796437702595,1.2542511162998318,0.4787858038769716,-1.7556215933338135,4.532399889355893,2.7424939733666744,2.256046437243345,2.3463203303243403,3.3120057092366135,0.8886600828192224,0.9216751455883455,0.12354118106860354,2.1241353938472036,0.4731143508735179,2.6280093206490753,0.2514886682026129,-0.17917664187171697,0.4145951522438788,1.0455744699249259,-0.6186874509066087,-0.8769950965056176,0.47161139053935697,1
0.08200488108800677,-0.9266061622253344,-1.6032360836506476,0.5985369837740325,1,0,0,1,0,0,-0.6974447347149578,0.18600074872758593,-0.15703544559434116,-0.4181274046146101,1.048156237724814,0.4661852891423387,-1.2872317132988702,-0.14158170048664034,1.5471395660393152,-1.0240631903937507,-0.22595206207490387,0.0797692378686588,0.4503351972061076,-0.905778890227787,-0.40187272628573084,0.7711912387790293,-0.9589983234251567,-0.3511009266214242,-0.8740438917877038,0.9756618166055823,0.884883437387807,-0.20826194794371172,-1.3400187946846305,0.43251698170215214,-0.049032971677779466,-0.9756618166055823,0.874043891787703,-0.8709877534198129,-0.40957446049198204,-0.11842961547497735,0.29196075167320634,-0.11871861809024475,-0.37153966943728567,-0.46483142063624716,-0.09793149585751397,-0.4183195767369984,0.8339422496285867,-0.17942508891434333,0.05990112358685037,-0.6459624110652865,-0.44848368660732285,0.9186817518577256,-0.8656330827735822,-0.5429799678216537,-0.1469716669968365,0
-0.5605016778429365,-0.7719995663965628,-1.168717627632051,-0.8681093238500562,1,0,0,1,0,0,-0.7353015457273552,0.34590557027590785,-0.2849672597681238,-0.3643129868408503,1.125690119632789,0.5475743596510401,-0.19355010508682047,-1.2711048330239316,2.399077263508778,-0.26270403096993555,1.1213637269049805,1.1910867731199375,-0.023941125765991063,-0.422323668472826,-0.7764598413637281,1.4179291300461918,-0.2512561649308419,0.3955412951885129,0.6912331826893902,0.9389436438584764,-0.15284470079486476,0.966790850458274,-1.85473695764816,0.10575488542181287,-1.0716586759616968,-0.9389436438584764,-0.6912331826893908,-0.6481676444393714,-1.009968447893631,-1.2465331807511142,-0.44450777652248397,-0.5112890635057554,-1.4742144526617298,-0.05703537174666111,-0.3747723420151606,-1.2244638357027204,-0.27629743884854874,0.6552175733882943,-0.5422311594912614,-1.3461410648556402,-1.2269469530221315,0.12560226393772106,-0.4540570296619595,-0.04195727479570725,-0.6418381130257917,1
0.2105061928741954,-0.9008383962538722,-1.6032360836506476,-0.4281154315628296,1,0,0,1,0,0,-0.40720918361991093,-0.2355665080816264,-0.5920036137852022,-0.07556680975368728,-0.3284829825601029,-0.1227674903079891,-0.12192369572378639,-0.2600694074861497,-0.8859362446120335,0.7109773240140681,0.40401755401269146,0.3229118544320622,-0.11982307042252217,0.18441799419521251,-1.1793119688602929,-0.8798391393141376,0.8920344010447622,0.9300844514511267,-1.171446535938352,1.6022396676771504,0.35380615372467134,-0.8244554181320012,0.3269510417769498,-0.07595845398971168,0.38280383322638845,-1.602239667677151,1.1714465359383512,0.29881781872750485,-1.009968447893631,0.49111021415003275,-0.06981326217730856,0.2909201075607231,1.487254965141063,-1.4435419379712537,-1.2052948804881005,0.8219023601333442,0.8894542340524437,-0.3311783002420958,1.9575301369239315,1.8694942340333933,1.7176749677643206,1.5531453421937294,-1.0302635040182315,-0.4316415915936655,2.636652091916034,0
-0.7661037767008384,0.6452275620338409,-1.6032360836506476,-0.4281154315628296,1,0,0,1,0,0,-0.6091121756860305,-0.014607118305763387,-0.08027635709007157,-0.4447452886747494,0.7921286808164303,0.3324746733066151,-1.1982762200327697,-0.7313903926345501,1.4130283130996082,-1.0989086213264887,-0.5842293492845914,1.6048504065458626,1.5133584119933552,-1.3019003053126494,-0.0861483043981698,1.194488764582902,-1.3524954276953778,-0.7222283316055044,1.3935100721867422,0.8067582219688989,0.36538880798796153,0.917554786908889,-0.7313110283873558,0.14344333751704821,0.054411371791839205,-0.8067582219688989,-1.3935100721867428,-1.1495128896453646,0.19081952690966666,0.8732098088403377,1.428964795203394,0.700558833211691,-0.15100471279239655,2.2266225020350205,1.5077454118568363,0.015758101167622184,0.7506742729928018,1.4898602356909325,1.4375068015382888,0.7673611678819103,0.7869036709640054,1.7434844192945298,-0.12479618717266176,0.29205785388825667,1.8324941171189824,1
0.13340540580248203,0.43908543426214564,-0.8790386569529866,1.478524768348486,0,1,0,1,0,0,-0.7100636717190902,0.22030760135068045,-0.5408308881156891,-0.15947100950847412,0.5918732820097946,0.29267452344246997,-1.2867400225383705,-0.9427302902477331,0.9068908019126468,-0.942560436581608,-0.6758368162956598,-0.5086612672036436,0.8913680151978614,-0.32551170132966706,-0.468872047681796,1.2580502204106194,-0.5076874315250305,0.033147451400464135,-0.042827790168833695,-0.651277219968356,1.4639958674835216,0.8242211845456091,0.024469038375639216,0.7699241743350765,0.9109829956091695,0.651277219968356,0.04282779016883299,-0.23037994010104354,-0.3345252120667762,0.391036510778763,1.0155087793742343,0.7346953936826055,-0.4660546508565234,0.8401159358104279,0.954063719541543,0.5118468759157585,1.6943780081983673,1.1104772073715516,0.7988816528190786,0.6895635396829819,0.9899810448113461,0.886958572340925,0.2044646553166367,-0.09762646290970158,0.9664778365683122,1
-0.7147032519863632,0.0783367106616796,-1.6032360836506476,-2.334755631474145,1,0,0,1,0,0,-0.7479204827314877,0.4098674988952366,-0.19541498984647596,-0.393824119168396,1.3087653055230202,0.6195723835625835,0.6724964664031787,1.4138033761246347,1.2075666129021407,0.49042831995128305,0.949194447539195,0.7845670562706272,-0.7673741334566448,-0.430542912404486,3.142782458175686,1.0772543981125837,-0.25824594127336653,0.010064585783517774,-0.3305796915292576,1.3979208031972914,-1.3653161120548878,1.207880971854225,-0.5682472334731851,-0.9186092751961122,-1.2241731604099428,-1.3979208031972914,0.3305796915292576,-0.23037994010104354,3.568035706043941,0.9186978558272787,1.4031237942140713,1.2126072402754011,-0.2140147004052217,0.10608304780917345,0.2896456887631914,1.1939689411944467,-1.3310251429018278,0.8069707847160468,-0.6608329728248301,-0.8274902101961188,-1.0915620371239039,-0.5088613263982832,-0.37174181903963527,0.3477270420022505,-0.7036964187794109,1
1.0329145883058024,-0.10203765113855341,-0.8790386569529866,0.5985369837740325,1,0,0,1,0,0,-0.6469689866984278,0.05807689148892839,-0.2593808969333673,-0.37357138129655093,0.7405166540375657,0.3333690586968206,0.4962918158921445,-0.1815266051636874,-0.3834044503693995,0.30366311098409654,0.032792923333139594,-0.015774914689594095,0.13249431757488286,0.27051302896749363,-0.74083191159362,-0.24100746151268304,-0.21867826462075501,-0.2041829921726267,-0.5796783524084306,0.5534028300138731,-0.4198124198938223,-0.4929981835529723,0.2819374716308253,-0.6270668961147335,-0.2419773572599601,-0.5534028300138731,0.5796783524084299,0.1317027369921738,-0.7848207026180125,-0.4004555067940112,-0.4574282770171454,-0.5112890635057554,-0.11949971898598452,-0.38327221085833024,-0.1532996650890431,-0.4183195767369984,-0.5261013687559044,-0.6346847228976005,-0.642586540004281,-0.41256952646850126,-0.6177148314801074,-0.4771381468814831,-0.7010026615289333,-0.5429799678216537,-0.8892713360402683,1
0.31330724230314594,0.2587110724619126,-0.4445202009343899,0.3052077222492148,1,0,0,1,0,0,-0.5586364276695006,-0.09543173719746065,-0.34893316685501513,-0.3214929124832349,0.3822424651090326,0.17506284463044547,-0.8703969535950724,-0.6243176885574727,0.44196943560556606,-1.087077435358932,-0.605843400857516,0.4218914716075241,0.4790419385546131,-0.1709405477909617,0.09633440352435456,-0.3780030712640453,-0.2813995754079755,-0.09927437520721694,0.02218903885575044,0.5534028300138731,1.0395063705633596,0.9534013111642832,-0.9840436566796896,1.1895404807769636,0.6907039876793306,-0.5534028300138731,-0.02218903885575115,-0.14682239923337803,0.11577027848446049,0.09081540066495114,-0.12149526415595328,-0.22112829950298704,0.5106001571422693,0.02452383803125581,0.012804842605544792,0.139780294854656,0.8894542340524437,0.8069707847160468,-0.17730250308028428,-0.6459624110652865,-0.1777138548108673,0.6014499566897238,-0.7010026615289333,-0.5429799678216537,0.34789477903211874,1
-1.8455147957048228,-0.7977673323680251,-0.15484123025532542,-0.8681093238500562,0,1,0,1,0,0,-0.81101516775215,1.785048964210805,-0.6431763394547153,0.011230638268506017,1.3974566944978608,1.3641482209086702,-0.07648316679792946,-0.5901637823641182,1.0793703412651856,-0.2127189105703505,0.2663045816166581,-0.8406077196341627,-0.38746658141401563,-0.7216960591770557,-0.8052961970214088,1.5813990698786595,0.19838790005878576,1.5784689273262025,-0.37315522795503414,-0.7763978591033001,-0.6147584936052006,0.003290260406977551,0.11361814005316187,0.4840875704150767,1.1948586848606826,0.7763978591033001,0.3731552279550334,-0.7595776989295921,-0.8598699510432187,-0.4823339913705056,0.3565632541465125,0.4274663494443799,-0.43454965705011084,-1.1988643086375024,-1.2052948804881005,0.3258135853852078,-0.3595654154843339,0.4275877563966659,1.3006585553841723,1.1693155802430386,1.3284433345569153,1.7434844192945298,0.2044646553166367,-0.15329565102369538,1.646919199858125,1
-0.894605088487027,-0.5658574386248675,-0.4445202009343899,-1.161438585374874,1,0,0,1,0,0,-0.571255364673633,-0.07856904692509216,-0.7583149722111197,0.34684743728765344,-0.6465906853271475,-0.3284761300552562,0.44830619423871537,0.14612681066393565,-0.9594279621544044,-0.02318386482969826,-0.4776197861726544,-2.0591701617467675,-0.9782871422350417,0.3478083939601681,-0.7309345132665919,0.3844234697632049,-0.14110246738478116,0.22532808872549567,-1.7322973523163754,-1.0903910820752818,-0.2758546269280066,-0.9327977831405256,1.697878678745992,-0.10859488559428203,0.8409181360009146,1.0903910820752818,1.7322973523163738,0.939425632046274,-0.18442671521636386,2.1195822962825224,2.0491488189471325,1.8782701694582253,1.4557499713346498,-0.9541866793037505,-0.26403600355210183,2.806257459125893,-0.6371253376036178,-1.2416975682086098,-1.7373725092372125,-0.8015576674631424,-0.7869459763528921,-1.7143421480366898,-0.28942660841731066,-0.7656567202776299,-1.6934293108373202,1
0.13340540580248203,-0.7719995663965628,-0.8790386569529866,-1.6014324776621007,0,1,0,1,0,0,-0.7100636717190902,0.22030760135068045,-0.630383158037337,-0.011915347870745526,0.3756265585919498,0.17864038619126751,0.6562672118416145,-0.37462172750148837,0.054833954870968406,0.6283605343797615,0.7924051581053582,-0.9166481487602588,-0.7998586381908374,-0.27090957967423435,-0.4713611974572563,1.1239436985927471,-0.3786116280242748,0.2634113190592974,0.12009793795335687,-1.3693104196124535,-1.183245193361291,0.041980777641895985,1.0544951711116557,-1.224299352819092,-0.7729956301359385,1.3693104196124535,-0.12009793795335758,-0.17467491285593337,-0.3345252120667762,0.4001341201761507,0.9509062769009282,0.7346953936826055,-0.2140147004052217,0.6769975162545934,0.6772228733838963,0.38782468222872474,-0.9701972441467586,0.5034643620605421,1.4010139358971918,1.8305954199339287,1.0915197317350172,0.12560226393772106,2.591605763364049,1.8507951210800897,0.47161139053935697,0
-0.3291993166277972,-0.7204640344536393,-0.4445202009343899,-1.6014324776621007,1,0,0,1,0,0,-0.596493238681898,-0.026236559872914074,-0.7711081536284979,0.4104988991705952,-0.668608696287777,-0.3374199839573113,0.4303230148132601,-1.34806894325233,-0.8045331017912366,0.8265412242220228,0.48514083208414693,-0.8044505829628328,-0.8857618764882752,0.02553476923050444,1.3000301282623503,-0.0933583523214095,0.6850948319795435,0.5050879326946499,-1.4375436385994584,0.328563629361145,-0.5728605867733746,3.152608574707025,1.0060075615292332,-0.4372755619239613,-0.13758678306263655,-0.328563629361145,1.4375436385994576,0.0759977097470634,1.3165582532877582,0.23637715102316323,0.14983524623193267,0.4274663494443799,0.2270552128845555,-1.3619827281933365,-0.983822203561983,0.7598912632898273,-0.4150773999081907,3.4626519829517126,0.7258959215368835,1.1822818516095268,0.9053654723749538,-0.2550758902638815,0.2044646553166367,0.4033962301162448,0.9664778365683122,1
0.08200488108800677,-1.8542457371979617,-0.15484123025532542,-0.13478617003801185,1,0,0,0,1,0,-0.6595879237025604,0.07261369344786675,-0.8350740607153893,1.7790053296538426,-1.2922481779456862,-1.3190079497078577,0.5310884183211324,-0.13069545239424493,-0.5227062796663579,-0.06547091684883667,-0.6106282066255381,1.9880889787116671,0.8033730343218208,0.0640957306868713,-1.2053775749841622,1.3094611757611863,0.2531143522180126,1.101671916490116,2.6611460620910083,0.07222398482797085,-0.6744476749157122,-1.02813718364605,2.0304391927535552,0.3394308437049173,1.8694147781316122,-0.07222398482797085,-2.6611460620910092,0.32667033235006016,-0.9349191994684248,1.0642596061854894,1.674454304601957,1.7246556473391115,0.3530751881102058,1.0032343553662626,-0.1532996650890431,0.5738579727592754,-0.8036612908751883,-1.1658209625447336,-1.0166384128255321,0.04124997135858002,0.17767154942198057,-0.9847090191502859,-1.3595243465075295,-1.4893561657595522,-0.08511336124321738,0
0.004904094016293398,-0.3339475448817109,1.0038746524609323,-0.4281154315628296,1,0,0,1,0,0,-0.6848257977108253,0.1365756220671955,-0.6175899766199587,-0.023488340940371298,0.29119965917249946,0.12318849199852594,1.6674586554654196,-1.0009187238197066,0.36694794274037307,0.5870183025995451,1.001809626680644,3.1206481503866197,-0.13108281610335878,2.351562602410544,-0.5239140739196153,0.512614804234765,1.5677179482805121,2.0480572228620093,2.6264848384065225,1.6512761951523172,0.031011793842738833,0.8489467421692879,0.013498311317739974,0.761498425928399,0.697127676853471,-1.6512761951523172,-2.6264848384065234,2.359903826796588,-0.40957446049198204,0.3091580262022686,0.5374502610717695,1.195538960039945,0.5106001571422693,-0.5463906304141645,-1.4267675574142176,0.2638024885416898,0.029018475482663446,0.8069707847160468,0.041654690766301246,0.04124997135858002,0.34690269429476517,0.12560226393772106,-1.5241547677521787,-1.0996718489615938,0.7190446135538346,1
-1.8455147957048228,-0.9008383962538722,-0.15484123025532542,-0.4281154315628296,0,1,0,1,0,0,-0.81101516775215,1.785048964210805,-0.5920036137852022,-0.07556680975368728,1.5365566440209162,1.4312271251740833,-0.8359873335445283,-0.15759885885191327,1.0514804147783163,0.041500064293819375,0.8117881143476685,1.405980710479968,0.07174466259181521,-1.01982692936306,-0.9770053904768446,1.9649838482722426,-0.2084281516353014,1.3682268548489085,-0.1602775458261487,2.0765513173625387,0.14346168591634706,-0.7624331728561285,0.537210313389326,-0.2627376968095877,0.2804429132529969,-2.076551317362538,0.160277545826148,-1.0659553487776992,-1.0850176963188372,-0.8553359766634215,0.17567624722125458,0.08610074473523979,-0.8756195703398886,-1.2804235184154193,-1.3713993881826885,-0.29429738304996345,0.4731143508735179,-0.4070549059059717,1.3189049882047215,1.4416072789392878,1.2269046476332444,0.9186817518577256,-1.4418395571298541,-0.7656567202776299,1.8943524228726025,1
-0.7147032519863632,0.0010334127472937634,-0.8790386569529866,1.0385308760612593,1,0,0,1,0,0,-0.7226826087232228,0.2906657228319421,-0.7071422465416066,0.13853356203438952,0.17807456053538515,0.11648060157198462,-2.687311248993816,0.7152582169816265,-0.08339245064790174,-1.3737672592249919,-1.4653991748507158,-2.5858012413621,0.7709764236976941,-1.045007128404847,0.5622642347648894,0.3677918489133179,0.1258968302935751,0.5358558216104514,-0.35307242775419667,-3.1765515515462255,2.6926128983761988,-0.4184503824036773,0.4835956121465086,1.9807080809698385,2.428249610574171,3.1765515515462255,0.35307242775419595,-1.038102835155144,0.340918023760079,-0.44594355378095224,-0.19901826712392082,-0.135786898325702,-0.24551969421163483,-0.9541866793037505,-0.9284540343304539,-0.35630847989348147,2.3050098368607914,-0.482931511569848,-0.323273965644676,-0.03654765684034838,0.7530574419894479,0.15732544345452057,-0.9479482933959068,-1.8790404825575102,-0.2706882785040748,0
-1.100207187344929,-1.5708003115118816,-1.168717627632051,2.2118479221605303,1,0,0,0,1,0,0.24897554059497767,-0.5437467096111195,1.1350758775608636,-0.6571097115023823,0.3807098051443646,0.08964903986581935,-1.5516262081663823,-0.7970876318228223,0.02573327469184118,-1.6724423347973625,-1.3810229086310368,-2.0050183194463833,0.1682618386281073,0.048566842369484726,-0.40062308434203553,-0.8476801526790202,-0.32613294712061214,-0.47408376615244047,-0.7279513648365102,-2.0126325500434374,2.206101429875134,0.6926923784027573,-0.8870150520536877,1.9359738496751855,1.3325468934198037,2.0126325500434374,0.7279513648365102,-0.3417899945912644,-0.7848207026180125,-1.4830710250832082,-1.6073528210419945,-1.6207272788104614,-0.6235796198885869,-1.0357458890816678,-0.8730858650989243,-1.5965304167638241,2.1199698887812692,0.7058019771642122,0.15113328768959466,-0.3390939887250696,0.4145951522438788,0.886958572340925,0.6160407084282594,-0.26463402725168356,0.16231986177126023,1
-1.2287084991311177,0.38754990231922204,1.4383931084795292,-1.8947617391869185,1,0,0,1,0,0,-0.571255364673633,-0.026236559872914074,0.022069094248954552,-0.48756536303236475,0.7717760417240237,0.3566230788421639,1.4036564011365007,-0.13070736796816285,1.1562987407796488,0.28353917215022745,0.5905379806263574,0.14717886392452048,-0.5286335383552839,1.5294984357750725,-0.8962992414995457,0.5336378426771026,1.0583565023678803,1.0031307281123953,-0.003877616098807187,0.2045801889163758,-0.42356157906955794,-0.7184929396784082,-1.044444546829766,0.6664050617553764,0.21163361546636072,-0.2045801889163758,0.0038776160988064777,1.217950768271826,-0.9349191994684248,-0.46413877257572894,-0.1344157646506147,0.2909201075607231,-0.655084613695,-1.0357458890816678,-1.149926711256571,-0.10826409251941274,-0.24854144663662048,-0.482931511569848,0.7988816528190786,0.08014878545804377,0.34690269429476517,1.331083085576127,-0.12479618717266176,-0.04195727479570725,0.8427612250610729,1
-1.100207187344929,-1.235819353882877,0.5693561964423357,-0.13478617003801185,1,0,0,1,0,0,0.07231042253712305,-0.5152545777716003,0.2267599969270068,-0.5344359849643492,0.09796424810773596,0.016756630564070337,0.4828472878082387,0.9189693359008265,-1.2544566682472393,0.7894317540478825,-0.43511467011894117,-0.7359498769848435,-0.11196325286020416,-0.4960073055878708,0.5787225839385662,-0.3081941818395424,-1.2311947085492105,-2.1170239585839057,-2.0854322363830207,1.0645584453617318,-1.1670155629711638,-0.681562673277957,1.4051788594259793,-2.287302967359657,-1.501191468962492,-1.0645584453617318,2.0854322363830198,-0.7038726716844818,0.04072103005925432,-1.2374355713537264,-1.1809763047181743,-1.5183175973977192,-1.6002344278873806,-0.9541866793037505,-0.04256332662598434,-1.3484860293897554,-0.9979532363586869,-0.4070549059059717,0.9539763317937442,1.62313507807012,0.38074892326932136,-0.28679906978068154,0.6160407084282594,1.4054416161681371,0.8427612250610729,1
-0.4320003660567478,-0.23087648099586283,-0.8790386569529866,0.5985369837740325,1,0,0,0,1,0,-0.21792512855792381,-0.40303046664859626,0.8920054306306766,-0.6351210246700933,0.6655146790500273,0.1808763496667813,-0.6028582895177914,0.5293604513762904,0.503316496172989,-0.6855567542655163,-0.4966447627035744,-0.3586155255153643,0.7399724845183606,-1.0244168614953988,0.09821909550846651,1.2104683923103312,-1.0295042172495061,-0.5778945122309679,-0.5252107151899512,0.031788787753525546,-0.1852961308981039,-0.6281700986816857,0.5283534856742437,-0.09469581229637845,0.08146100201764639,-0.031788787753525546,0.52521071518995055,-0.8833666483631708,0.3159016076183434,0.6781166295407904,1.2566914552745774,0.7062482599568443,-0.42054743758059415,0.14233158548824765,0.4434461588507728,0.34648395099971346,-0.3595654154843339,-0.7864379342253526,-0.7885580025686714,-0.4255357978349895,-0.4315605721200442,-0.857816301083085,-0.9479482933959068,-1.0440026608476,-0.8274130302866491,1
0.08200488108800677,-0.05050211919562982,3.176466932553916,0.5985369837740325,1,0,0,1,0,0,0.04707254852885811,-0.49722894334251677,-0.3617263482723934,-0.3388524020876736,-0.3963484011884687,-0.12053152683247534,2.358415048365691,1.4247568779161814,0.7400699591958303,2.130909339451191,1.785082672547723,1.4149196587516144,-0.8847685032071144,3.0301988914934572,1.251431225282371,1.089956188936067,2.45409580856618,2.3612967626065404,1.637356214373321,0.30587169994287167,-0.251694506304462,-0.7018671984900291,0.08360042819551111,-0.4452816479816368,-0.015348200895781003,-0.30587169994287167,-1.6373562143733216,3.919644589659679,1.9920014891146134,1.7374827015922172,2.1654333233990846,3.380278830178441,0.3530751881102058,-0.22015379130249568,-0.8730858650989243,2.00011320016017,-0.3595654154843339,-0.7864379342253526,-0.5331079430809875,-0.41256952646850126,-0.5500223735309933,-0.15990635171348128,-0.7010026615289333,-0.6543183440496418,-0.76555472453303,1
1.5983203601650333,1.0832795835486928,0.5693561964423357,0.5985369837740325,0,1,0,1,0,0,-0.00340319948767178,-0.4885068621671538,1.2758008731520245,-0.6756265004137836,0.5998044280402444,0.1464425121438692,-0.805936521588444,-1.1270114467853218,0.4126551120729926,-0.7237457812682979,-0.6187503835076307,-0.2250017769644146,0.8497593700513342,-0.2688776087307235,-0.06336156743616753,-0.1928021409621879,-0.04159346448596822,-0.8724353910588041,-0.3305796915292576,0.020989325180847843,0.8520150133834249,1.4833843523579051,-0.7578609201312734,0.9364904909176849,-0.04735755114150257,-0.020989325180847843,0.3305796915292576,-0.3417899945912644,-0.18442671521636386,-0.38226028799923456,-0.4186667755331612,-0.40887938209301433,-0.8756195703398886,0.10608304780917345,0.2896456887631914,-0.6043528672675491,1.2225261405955843,2.020996475338066,1.2459192569225261,0.5987996401175653,0.9730579303240674,0.8552353928241243,-0.04248097655033679,-0.04195727479570725,1.0283361423219313,1
1.2642169495209417,0.6709953280053031,-0.4445202009343899,1.478524768348486,1,0,0,1,0,0,0.11016723354952047,-0.5175804660850305,1.339766780238916,-0.67851974868119,0.535074253117194,0.12631884086424522,-1.6866567979800273,-0.9432986080546276,-0.5416424764285622,-0.7728323205302897,-0.4852455115832285,-0.42582585026761394,0.35279800195109207,-0.8160735512385984,-0.17689784758777863,-0.7985647129916394,-0.759551426795789,-0.6805025204413027,-1.0827475017179835,0.4930801176436278,1.529926258473819,1.1174945626859263,-0.062037112861048536,0.29088841316663294,-0.03353533171721305,-0.4930801176436278,1.0827475017179828,-0.8152827261747027,-0.25947596364157,-0.30038180342274146,-0.6512357844370638,-0.8867912286858101,0.3530751881102058,-0.38327221085833024,0.12354118106860354,-0.17027518936292965,1.194770148383656,0.8069707847160468,-0.49661507743988936,-0.4514683405679659,-0.3130987707090945,-0.5405845059150832,-0.5363722402842841,-0.3759724034796717,-0.2706882785040748,0
-1.100207187344929,-0.4370186087675581,-1.168717627632051,-0.8681093238500562,1,0,0,1,0,0,0.24897554059497767,-0.5437467096111195,-0.8094876978806327,0.6303857674934848,-2.030929141420828,-0.9053547067378097,0.13967127630954654,-0.44972701212058913,-0.01139146222381731,-0.7058920156712739,-0.26379448793075433,-0.09179230888886722,0.21278995079203683,0.10058861823272854,-0.407354488945409,-0.8303680367040445,-0.29259569929947954,-0.33527060173886286,-0.35307242775419667,0.22497917377587734,-0.0937093475456646,0.2091856532935091,-0.818867286023183,0.6634816860148283,0.015619266429237406,-0.22497917377587734,0.35307242775419595,-0.3696425082138195,-0.8598699510432187,-1.7378040882100778,-1.8011603284619129,-1.7914100811650315,-0.7495995951142377,-0.9541866793037505,-0.9284540343304539,-1.8445748041378918,0.3620903820258042,0.8828473903799233,1.9484069205136576,1.1174504947770867,1.3622895635314727,1.7434844192945298,0.4514102871836102,0.6260729825722207,2.079927340133461,1
-1.6142124344896835,-2.034620098998195,1.4383931084795292,0.5985369837740325,1,0,0,1,0,0,-0.5333985536612357,-0.11927209241011955,-0.041896812837936774,-0.48004291753710804,0.6343575162504046,0.2792587425893873,0.3376075714055244,-0.7925971698323129,1.0823182056927412,0.3625984785027277,0.8447627891542997,1.5848271376498158,0.039963713409089364,0.8417546020373864,-0.0741797460545378,-0.6489125485557087,1.2701283248417705,0.8297141931524405,1.8768810325211516,0.30004743805884815,0.3716197339449237,1.0135528484729586,-2.1316597754673703,0.7695903534307239,-0.28817858012389874,-0.3000474380588474,-1.8768810325211522,1.4129183636297125,0.491016520610491,1.7829707485791584,1.093031782342202,1.6393142461618264,1.865314890818015,1.4110304042558486,0.5111183656893089,1.1939689411944467,0.6396503041450882,1.413983630027056,1.0360852794862145,-0.37367071236903754,-0.0592520533999176,2.0607162144625315,0.12214944469431245,0.29205785388825667,0.8427612250610729,1
1.5983203601650333,0.0783367106616796,0.5693561964423357,3.2385003374973924,0,1,0,1,0,0,-0.00340319948767178,-0.4885068621671538,0.03486227566633282,-0.4921945602602151,0.02743338073002815,0.004682427796295961,-2.3552430211339788,-1.155218007011835,-0.7762695227747793,-1.7201197790742306,-2.1469781679688866,-1.1232420772422465,1.667671930544143,-0.2380643622084883,-0.4370267828060773,0.040981757649634666,0.23922398599643732,-0.4189720744504831,0.3041828515459622,-1.8336530737800742,3.037151648166969,1.1477691315713143,1.1023691569883174,2.5609812581570335,2.382132084283438,1.8336530737800742,-0.3041828515459622,-0.23037994010104354,-0.40957446049198204,-1.6069330893092284e-4,0.020630241285320403,0.12023730520615308,-0.6235796198885869,0.5138790966987595,0.40038202722625016,-0.23228628620644656,3.776077424092996,1.793366658346437,1.5378621820513083,1.9861906763317847,3.2069090426448246,0.1890486229713212,-0.4540570296619595,-1.1553410370755877,1.8324941171189824,1
0.3647077670176212,0.6709953280053031,-0.4445202009343899,1.478524768348486,1,0,0,1,0,0,-0.6091121756860305,0.049354810313565374,1.339766780238916,-0.67851974868119,1.4745123510615579,0.562331718589431,-1.2410658986646315,-0.7368283017149929,-0.263637546949282,-0.28589806510618865,-0.06902773210878878,0.5110497386204186,0.17155115251790698,-0.09638203815064726,0.0768482314313099,-0.16893351538913623,-0.3440553906815779,-0.18896490446962494,0.0915777400728132,0.6061852033378367,1.6294285461016422,1.0883048392056014,0.1906394675098075,0.04507040545892684,-0.094748017739058707,-0.6061852033378367,-0.09157774007281391,-0.06326485836571254,0.11577027848446049,0.14540105704928116,0.03355074177998182,-0.10165033785478751,0.3215701943037938,0.10608304780917345,0.06817301183707392,0.139780294854656,1.3057941172313696,0.8069707847160468,-0.44187577897824326,-0.2829068128036209,-0.24540631275998087,-0.6040308649486834,-0.5363722402842841,-0.32030321536567735,-0.20882997275045564,1
-0.5348014154856993,-0.4370186087675581,-0.15484123025532542,-0.8681093238500562,0,1,0,1,0,0,-0.48292280564470574,-0.20940026455553734,-0.23379453409861076,-0.3984533163962463,0.35708231377937705,0.14688970483897193,-0.11572575889261437,-0.8607205126170948,0.2872477504804707,-0.0711608841432423,0.24468967438759295,0.65223028292061,0.2334943598770127,-1.2280795955517432,-1.1455651937820464,1.7159387152860295,-1.055080444321014,-0.08026050442026461,0.633698674005907,0.2610696854503818,-1.0661631770373101,0.03376385232416026,1.3316756266002074,-0.9500659442681747,-0.396467321743531,-0.2610696854503818,-0.6336986740059076,-1.2052179168904753,-1.1600669447440433,-0.50962681956267,0.3953247556304958,-0.06751377738387422,-1.0646495331783645,0.5138790966987595,0.2342775195316623,-0.6663639641110671,-0.9424412519348303,0.19995793940503753,0.5160619441005718,1.1693155802430386,0.65151875506577694,-0.5088613263982832,0.28677986593896093,0.45906541823023866,0.2860364732784985,0
0.3647077670176212,1.5986349029779314,-0.4445202009343899,0.5985369837740325,1,0,0,0,1,0,-0.6091121756860305,0.049354810313565374,-0.016310450003180245,-0.48351481545799574,0.843988333151166,0.4116277803398027,-0.06509705126453635,0.4330186923438032,-0.08724894883683267,-0.7191621245318194,-0.21458597526369863,0.17842499530546468,0.3554931773461784,-0.32284199541425335,0.276883263414965,-0.010941490709224398,-0.3913285146067545,-0.2810100934545591,0.07500831336893375,0.16895808102739213,-0.23206088346545622,-0.3169561696208994,0.10827709294761004,0.5835069774090541,0.004620615316301148,-0.16895808102739213,-0.07500831336893446,-0.2582324537235989,0.340918023760079,0.2454747604205509,0.2015172482105774,0.03489590402886805,0.19555021907814235,0.35076067714292497,0.34501385799472056,0.2638024885416898,-0.19302946221276363,-0.2553016945782196,0.15113328768959466,0.1838789563899486,0.4145951522438788,-0.44541496736468245,-0.20711139779498602,-0.15329565102369538,0.22417816752487937,1
-0.27779879191332196,-1.6223358434548052,-0.15484123025532542,1.478524768348486,1,0,0,1,0,0,-0.24316300256618875,-0.3919824971598031,-0.5536240695330674,-0.11607228549737747,-0.45372395372172836,-0.21175883663343728,0.13576645397982248,-0.492235334700187,0.32368630648178176,-0.49468630247740664,-0.15019152467991287,-0.6743846859244065,0.39053336144325107,0.7998611629164726,-0.6407053876909862,-0.21663803741460985,0.42892383650898874,0.40772370164876753,0.6433955013121125,-1.5578921029446724,0.6104252903286609,0.033763852324159335,-0.6601903596250513,1.0936028141554581,0.5933191755394198,1.5578921029446724,-0.6433955013121132,1.3293608227620468,-0.18442671521636386,1.6828970452078873,1.2868392897621204,1.434494883336343,1.518759958947476,1.3294711944779316,1.0648000580046022,1.6900577159425842,1.1670141561717275,0.6552175733882943,1.8845444056417364,1.1693155802430386,1.6161362808406496,1.8386539578449304,1.0276167615398821,0.29205785388825667,1.3376276710900281,1
-0.4320003660567478,0.3617821363477598,-0.8790386569529866,-0.4281154315628296,1,0,0,1,0,0,-0.21792512855792381,-0.40303046664859626,-0.630383158037337,0.05173611401219622,-0.6705306747551835,-0.34994137942018844,-0.5457390018471406,-0.19605795432315282,0.6943850319144234,-0.4592253140557906,-0.33667932018887886,-1.2869458175478918,-0.18856787062280114,-1.0447833030450298,0.11695770777601808,1.0373339959998502,-0.6518505599056164,-0.2689909945254895,-1.0504933074560319,-0.7133741297612541,-0.28507179926770426,0.3862613593345102,0.09317302520736051,-0.02598008434775276,0.1750822541348559,0.7133741297612541,1.0504933074560312,-0.9545452942874786,0.19081952690966666,0.2545723698179399,0.7700192699756713,0.4445346296798359,-0.5290646384693491,-0.6279498401920818,-0.2086678343205727,0.3258135853852078,-0.19302946221276363,0.5034643620605421,0.38833691435672935,0.37837302688726915,0.34690269429476517,0.37938770007212164,0.4514102871836102,0.1250502895462747,0.47161139053935697,1
-0.4320003660567478,-0.2824120129387873,-0.8790386569529866,-0.13478617003801185,1,0,0,1,0,0,-0.21792512855792381,-0.40303046664859626,-0.2593808969333673,-0.38745897298010185,-0.038732160498071266,-0.010522123837197696,-1.23396096609734,0.32371791623969104,0.7732167825845371,-0.9145416342507084,-0.5775030706011497,-1.1307748036646648,-0.3239114481292196,-0.9435227848842341,-0.3200392442873122,0.7864719042879542,-0.6757238258366887,-0.12435040094378293,-0.43967950362031105,-1.106173187055868,0.7730959118323355,-0.7649212885598174,-0.266684827960524,0.5654505678390015,0.6293783118716613,1.106173187055868,0.4396795036203104,-0.8709877534198129,-0.25947596364157,0.14540105704928116,0.5374502610717695,0.22264698661889537,-0.2140147004052217,-0.46483142063624716,-0.319404172783631,0.07776919801113909,1.2780381250194413,-0.3311783002420958,1.6564639953848757,1.234146937075479,1.4299820214805863,1.7117612397777302,1.439192814651505,0.9044189231421907,1.646919199858125,1
-0.5348014154856993,-1.2615871198543382,-0.15484123025532542,-0.4281154315628296,1,0,0,1,0,0,-0.8236341047562825,3.093361140515257,0.07324181991846762,-0.5107113491716163,2.813011468715055,2.7736995958725528,0.3106939927143294,-1.1717435190738887,1.8108696144572558,1.4198175605002663,2.0082114441868075,1.8850949202930456,-1.3807302497714988,0.07107123233044532,-1.3983003863371686,0.9739858440612311,0.8968322502789565,1.602844981766316,1.0928891867061536,1.4871304482518777,-0.3610140220618452,0.20746812175742657,-1.4967575850094403,-1.0287984177523748,-1.0459070753030797,-1.487130448251877,-1.0928891867061543,0.29881781872750485,-1.1600669447440433,0.9277954652246664,1.3514417922354265,1.7246556473391115,0.5736101447550955,-0.46483142063624716,-0.9284540343304539,1.2559800380379649,-0.47058938433204756,-0.02767187758659086,-0.615216890773458,-1.2294446225572482,-1.4807936703313085,0.47455723862252236,-0.6186874509066087,0.06938110143228039,-0.76555472453303,1
1.6754211472367457,-0.2824120129387873,-1.168717627632051,-0.13478617003801185,1,0,0,1,0,0,-0.10435469552073157,-0.45943325824927705,0.764073616456894,-0.6079244909564728,0.5046208460933433,0.11648060157198462,-0.41194571282480696,-1.4134806819758745,0.7037635870184187,-0.5941366136538572,-0.12512152991642583,0.07610322015489919,0.16807067115419608,-0.5429500255196752,-1.8166658345426256,0.23006516756971646,-0.983522434618814,-0.27049665982769394,-0.02757457514840374,0.13114384342216406,0.030311273439159483,0.1201506423902737,-0.7308750936665159,-0.17260377578199168,-0.10142322357986873,-0.13114384342216406,0.027574575148402326,-0.5089050763265954,-1.685411683720486,0.03622974428062242,0.14983524623193267,-0.2552648599739003,0.29006520049738066,0.35076067714292497,0.40038202722625016,-0.046252995675895824,0.7321702781848496,1.0851850054835932,2.8424821287205515,1.8867825958553774,1.6838287387897632,2.948965240932937,1.439192814651505,1.6837875567381073,2.842846444428098,1
-0.5348014154856993,-0.5916252045963298,1.7280720791585935,0.3052077222492148,1,0,0,0,1,0,-0.3945902466157784,-0.31929848736511135,-0.438485436776663,-0.2838806850069512,-0.050033333466299776,-0.026173868165794107,-0.007963110031965244,-0.36340038262410845,0.6476991514919941,-0.7676687713049469,-0.04160731156323892,1.3458439052339033,0.9878851800729834,0.5863717131609586,-0.6062413535979988,0.9916985539030575,-0.08534441159531919,0.7672748567511509,1.8833482026111439,-0.032311248161722386,0.5969686051263213,-0.10854084983779556,0.11113496948905503,0.9524449265528353,0.803186102474683,0.032311248161722386,-1.8833482026111446,0.5494904413305014,-0.5596729573423944,0.02713213488323473,0.5374502610717695,0.47867119015075044,-0.08799472517957138,1.166352774922097,0.2896456887631914,-0.29429738304996345,0.77843026520473,0.12408133374116129,0.7258959215368835,0.6765972683164937,1.0576735027604598,0.47455723862252236,-0.37174181903963527,-0.4316415915936655,1.0901944480755505,0
1.2385166871637046,-1.8027102052550381,-0.15484123025532542,-0.13478617003801185,1,0,0,1,0,0,-0.38197130961164594,-0.32278731983525655,-0.6559695208720935,0.060994508467896835,-0.5451168139911332,-0.29538387061765237,0.09776457643826783,0.4856422143573269,-1.3655003326056407,-0.21218808225127936,-0.5063880490594491,-0.03398724182084626,0.6050165121760384,-0.7824665820870054,0.13888185029027972,-0.04549332247766914,-0.3223846338971949,-0.1175511535888514,0.4513710056427588,-0.49401881205127574,-0.9177754126899004,-0.527430391270488,1.820968297473077,-0.03301867453693532,0.5435634426166271,0.49401881205127574,-0.4513710056427595,-0.8431352397972577,-0.10937746679115769,-0.6824813981130464,-0.5995537824584191,-0.6819718658603261,-0.34003467563087314,0.2692014673650073,0.06817301183707392,-0.790386157798101,-0.6648813298155464,-0.1035484832504671,1.492246099999936,2.388145088692915,2.2253684023826743,-0.2550758902638815,0.6160407084282594,0.4033962301162448,1.5232025883508855,1
-1.485711122703495,0.3102466044048362,-0.4445202009343899,0.3052077222492148,1,0,0,1,0,0,-0.15483044353726144,-0.424544933547825,-0.2849672597681238,-0.37357138129655093,-0.13131809251672383,-0.03780087823846573,-0.18797037050914495,-0.04985648512650814,0.13571996536375058,-0.8377760459515979,-0.9305915306930518,0.3434468606493929,0.7664706839994493,0.610455434030985,0.7534749837159195,-0.610163070087021,0.09560192674474174,-0.497865467793929,-0.8251557858999259,1.286800017252106,0.8713372528059129,0.8232442885702899,-0.7986887808333003,1.2265786233331295,0.7237458388688045,-1.286800017252106,0.8251557858999251,0.7877841689901404,0.9830060380646198,0.6882250844267777,0.23740752736241424,0.2700588761618316,0.4895968279379942,0.14233158548824765,0.6280067229558705,0.7598912632898273,0.5841383197212315,0.5034643620605421,-0.6060936743631827,-0.892321567028559,-0.4146374576327655,0.09387908442092041,-1.1125787146405561,-0.7099875321636356,0.16231986177126023,0
-0.7661037767008384,1.8563125626925503,-0.4445202009343899,-0.4281154315628296,1,0,0,1,0,0,-0.29363875058271866,-0.3663977257120716,-0.06748317567269331,-0.4702058734279261,0.22958619427494248,0.08159957135396977,-0.42647852870400915,-0.47449423021246645,-0.05188524144432405,-0.3772897002406657,-0.009807054698824823,0.5087574927265992,0.13239621369332344,-0.5711544192196439,-0.06980833022828481,-1.2961862353169822,0.21982224996758096,0.3063328883567414,-0.04921092906325296,0.7426913412446393,0.022338009824378835,0.5813257692422532,-1.2316132995493,0.7276660244962012,0.3118240940400081,-0.7426913412446393,0.049210929063252244,-0.5646101035717058,-0.10937746679115769,-0.12752722487236504,-0.7675202888890147,-0.6478353053894121,1.2037100208833493,-0.05703537174666111,-0.04256332662598434,0.2638024885416898,-0.24854144663662048,0.12408133374116129,-1.0348848456460813,-1.4239386930545688,-1.1084851516111824,0.062155904904119784,-0.8656330827735822,-0.6543183440496418,-0.7036964187794109,1
-1.280109023845593,-0.9008383962538722,-0.8790386569529866,-0.13478617003801185,1,0,0,1,0,0,0.9303981388181312,-0.6431784350102578,-0.09306953850744984,-0.4632620775861506,-0.5690568034191699,-0.1366304638561745,-0.5915411912518849,-0.6456076775176024,-0.7338950144579369,-0.7828178030778886,-0.5849694984566256,-0.776788568340089,-0.5215058878572967,0.11133597412535495,0.30814204035779313,-1.7276576710895346,-0.13140741465703681,-0.5327140632271264,-1.1676986894219978,0.0986623829151082,0.9337980196592331,1.1948067300452991,-0.7328702743818268,0.9272350058098808,0.24039739907715846,-0.0986623829151082,1.1676986894219978,0.4659329004628361,0.7912135143113154,1.4008711538888534,0.12399424524260985,0.06903246449978255,2.3378897979142055,-0.46483142063624716,0.06817301183707392,1.4420133285685155,0.9727222106882286,1.2622304186993043,0.31535118307453414,-0.127311556405765,0.24536400737109418,0.47455723862252236,0.36909507656128593,0.45906541823023866,0.5953280020465953,0
2.0095245578808356,0.2587110724619126,1.0038746524609323,-1.6014324776621007,1,0,0,1,0,0,2.0408645951817888,-0.7251659980586702,-0.5408308881156891,-0.15368451297366123,-1.466401755635986,-0.43893272574563663,-0.45041600912844965,1.6052819277506716,1.2975657252005424,-1.451586093561469,-1.6319091830380386,0.21113195899312343,1.7890255328349811,-0.277021183400083,0.6101791852888749,0.995330282414871,-0.8895971230712981,-1.0394314779044027,-0.8414861286385814,1.122534507594003,0.34951812262214765,-1.5920357114329904,-0.7736048705178116,1.0788898846721524,1.1067593330240042,-1.122534507594003,0.8414861286385807,-0.4253475354589299,0.26586877533487285,-0.7370670544973751,-0.1602567656399366,-0.4942207832702994,-1.6002344278873806,-0.13859458152457876,0.2896456887631914,-0.728375060954584,0.5286263352973745,-1.3934507795363622,0.7350191379471587,0.1838789563899486,0.6176725260912207,1.648314880744129,-1.5241547677521787,-1.32234860141757,1.1520527538291696,1
-0.5348014154856993,-1.0554449920826439,0.27967722576327125,-0.13478617003801185,1,0,0,1,0,0,0.48873534367349464,-0.5797979784692867,-0.5280377066983108,-0.16236425777588057,-0.9301652388114646,-0.32042666154340665,-0.30648344008128864,-0.05315507686882132,1.6572028533780465,-0.5012623357220466,-0.15374416319415535,-0.09277011194987136,0.1885749525369871,-0.4670061148465915,-0.8983342501810974,1.8750828872854064,-0.6306943153393754,-0.05779289053125421,-0.02757457514840374,-0.09917924017331377,-0.04045432332232942,-0.8269745200570681,-0.381174347774461,0.051787389882298404,0.1434514327907832,0.09917924017331377,0.027574575148402326,-0.233474663836883,-0.6013669842452865,1.102671734752242,2.0462775966149853,1.6165565391812171,-0.6305807296233447,0.7766809948720481,0.8740874750960009,1.517804669155035,-0.38732140769626244,-1.0899443568808573,-1.3998135020570583,-1.3461410648556402,-1.2438700675094103,-0.635754044465484,-0.7010026615289333,-0.8213259083916238,-1.4459960878228426,1
-0.5605016778429365,-0.6689285025107157,-0.4445202009343899,0.5985369837740325,1,0,0,1,0,0,-0.356733435603381,-0.33092792893226203,0.86641906779592,-0.6316491267492056,0.8231904840921533,0.23364508768890632,-1.7354189337203778,0.7873796490816057,-0.4586009908098998,-1.0193103537681583,-0.6668804262822241,0.32774999846057495,1.0671224754345225,-1.5574924158701062,2.214262524889713,-0.7950248767875877,-1.7053691225942613,-1.887138920762251,-0.7279513648365089,1.1689852080572094,0.8569142015549776,1.1374963103466305,-0.17200041160342622,-0.31399230210773255,-0.9754466390578715,-1.1689852080572094,0.7279513648365081,-1.4558905394934718,2.142099985965025,0.15449866644666885,-0.28946177058654887,-0.9209277891567239,0.19555021907814235,1.0032343553662626,1.6184817503198954,-0.23228628620644656,1.1115021717478706,1.4898602356909325,0.9174834661526473,0.6765972683164937,0.49921072468027106,-0.0012904541294803558,0.03983423407198747,0.7374113588002092,0.6571863078002155,1
1.3927182613071303,-0.1535731830814779,-0.4445202009343899,-0.4281154315628296,1,0,0,1,0,0,0.17326191857018283,-0.5263025472603935,-0.08027635709007157,-0.46384072723963193,-0.1897936513685448,-0.04629753944541806,0.7069657337896863,-1.4295983085844495,-0.6238313792570613,1.35038543024456,1.505705743719931,0.12218363126494036,-2.1269409882240495,0.6307744089262441,-0.8777656063472754,-0.1099113153301421,-0.6442369237438149,-1.0158840489361276,-0.9053494332772469,1.0645584453617305,-0.35279070507771154,1.082842228206459,0.7423481218193674,-2.463097902259004,-2.9493042582274382,-1.0645584453617305,0.9053494332772463,0.6330479821981672,-0.7848207026180125,0.15449866644666885,0.07231224326396513,-0.18699173903207253,-0.30852968182446,-0.30171300108041293,0.12354118106860354,-0.17027518936292965,-0.19302946221276363,1.33810702436318,0.7137316329898516,1.0223645047561742,-0.1777138548108673,-1.2807920279737544,1.9879608854670021,3.1682992397779475,0.16231986177126023,0
-0.7661037767008384,1.7532414988067013,-0.4445202009343899,0.3052077222492148,1,0,0,1,0,0,-0.29363875058271866,-0.3663977257120716,-0.2977604411855021,-0.3631556875338877,0.003833498340014432,-0.001131077240039849,-0.1947220220958442,1.5679518902925609,-1.0981161420952608,0.33200087427515884,0.06346629308026183,-1.2057257863927404,-0.8571477568620064,-0.4300945287117415,0.5073848626999894,-1.399936652280772,0.11883409825748954,-0.1355877059047984,-0.3305796915292576,-1.3166012534636966,-0.15897967365566526,-1.6437761592801319,0.09436022718663542,-0.33067790459337915,-0.2148842941377072,1.3166012534636966,0.3305796915292576,-0.3974950218363748,0.491016520610491,0.06352257247278678,-0.6770767854263857,-0.596630464683041,1.109195039464111,0.10608304780917345,0.2896456887631914,0.3258135853852078,0.5286263352973745,-1.1658209625447336,3.015823240515766,2.621537973289699,2.276137745844509,2.0607162144625315,3.4970730802096184,2.741502130903994,2.265502257394317,1
-1.8455147957048228,0.0783367106616796,1.0038746524609323,1.478524768348486,1,0,0,1,0,0,-0.4576849316364408,-0.2477774217271346,-0.054689994255315046,-0.4730991216953325,0.47710042992796414,0.17506284463044547,-0.23491676145029203,-0.23498902169620173,-2.457472604122471,0.3289768130726125,-0.6159667452046104,-1.3458123385430192,0.21223248171054596,1.2711069403552024,-0.7623718508134103,-1.2912403515981903,0.7202393364610027,0.04939355987285585,-2.3836666702833913,0.5285640660967139,1.5967325531113483,-0.441197577309504,2.0618753490435955,0.26975054640360435,0.8490101338711586,-0.5285640660967139,2.3836666702833913,1.050835686536495,-0.7848207026180125,-0.31857702221751816,-0.9096457943302884,-0.6136987449184976,0.4790951633358572,-1.6066603575270884,-0.8730858650989243,0.139780294854656,1.611110031562582,-0.3311783002420958,0.3062279666642602,1.3638096507403592,1.4130589069933075,-1.1116017372174867,-1.1125787146405561,-1.0440026608476,0.47161139053935697,1
-0.894605088487027,2.01091915852132,-0.15484123025532542,1.0385308760612593,1,0,0,1,0,0,-0.07911682151246661,-0.4681553394246401,2.056184939612099,-0.7190252244248803,0.8675007310361066,0.19563370860517218,0.9835398252332018,0.36836812144036063,-1.300929964013338,1.109177582932304,0.6646519940056614,1.1255303553774019,0.09822022343376574,0.8796090817224801,1.2435530873256162,-0.938068284013099,0.8401034954570452,0.09005226984652279,0.13830413819877924,1.3979208031972914,-0.48874103866131213,0.7401673767256322,0.8357466837452794,-0.6653951110825536,-0.7761616299270686,-1.3979208031972914,-0.13830413819877996,0.8280155775560533,1.1664597564373458,0.03622974428062242,-0.4574282770171454,-0.11871861809024475,0.3845801819166189,0.4323198869208419,0.40038202722625016,0.20179139169817292,-0.7481493064513315,0.04820472807728505,-1.5184153153906257,-0.944186652494511,-1.1084851516111824,-1.8729580456206907,-1.0302635040182315,-0.5429799678216537,-1.3841377820692236,1
-0.5348014154856993,-0.5658574386248675,0.27967722576327125,-0.4281154315628296,1,0,0,1,0,0,0.48873534367349464,-0.5797979784692867,-0.3745195296897717,-0.32670075936456655,-0.6803558893529458,-0.19342393613422434,0.7850599739700919,-2.058341171646275,1.7952804607839226,0.5495034221065066,0.9849284274717903,0.2155301519136697,-1.1925034557272172,-0.49766572799724945,-0.7978967942496915,1.765469497434447,-0.6449558584278224,-0.21366442957665496,0.013895103188392356,0.28017642692511974,-1.5889067358825484,2.0258223622212594,-0.6800819484507187,-1.3818708611891093,-1.4890569226081956,-0.28017642692511974,-0.013895103188393775,-0.2582324537235989,-0.4846237089171882,1.1461380907619838,2.02330781795781,1.5881094054554559,-0.655084613695,0.9216751455883455,1.009431888773073,1.5040244254120325,-1.46980510396147,2.096873081001942,0.36096726512590627,-0.06248019957332482,-0.6007917169928287,0.37938770007212164,1.439192814651505,1.795125932966095,-0.023255055489598248,0
-0.5091011531284612,-0.1535731830814779,-1.168717627632051,-0.4281154315628296,1,0,0,1,0,0,-0.7731583567397526,0.5726796808353461,-0.08027635709007157,-0.46384072723963193,1.6353381714915332,0.7988966542987881,0.16342320527191936,-1.1085919525405858,0.24279729434261196,1.0435689212536368,1.8859291045879847,1.5759848907907956,-0.9730555419496391,-0.14464492926890254,-0.8032066060317221,1.9431834826261034,-0.8163689916536281,0.08213507771489606,0.7577574583546642,1.3979208031972914,-0.3717714541187821,0.7169425001702426,1.620799965014713,-2.21929180476285,-2.3716112840690795,-1.3979208031972914,-0.7577574583546649,-0.5646101035717058,-1.1600669447440433,-1.8196825727865715,-0.7804407893836761,-1.0233374705694662,-2.041304341177158,0.02452383803125581,-0.319404172783631,-1.8445748041378918,-0.12363948168294266,1.1484155102034896,1.1546870928197819,1.9408087265490772,0.6684418695530556,-1.4129719426270884,1.2334047880956935,2.5188253784480175,0.6262571549234054,1
0.31330724230314594,-0.7719995663965628,0.27967722576327125,-0.4281154315628296,1,0,0,1,0,0,-0.2684008765744537,-0.37802716727922225,-0.31055362260288033,-0.36199838822692515,-0.041226818746413214,-0.010969316532300452,0.8108893164618932,0.04998663377398186,0.489905889085788,0.6193019212582341,0.5900025434294122,-1.1089441972212415,-0.8486144407054633,0.4341033398039017,0.6356657972431293,-0.8715239624747497,0.8399961901200556,0.6419776108727465,-1.5536587379424858,0.02843219803499119,-0.6938103915264364,0.5681878176939804,-1.5455152951613007,-0.003711098438475745,-0.1402660161880132,-0.02843219803499119,1.553658737942485,0.27096530510494976,0.41596727218528484,-0.4186507255887879,-0.7804407893836761,-0.4430159425639276,0.4790951633358572,-1.2804235184154193,-0.8177176958673952,0.3258135853852078,-0.6648813298155464,0.5034643620605421,-0.058700689746716966,-0.840456481562607,-0.7869459763528921,1.2041903675089267,0.2044646553166367,0.23638866577426285,0.10046155601764112,1
-1.8455147957048228,-0.9008383962538722,1.0038746524609323,-0.13478617003801185,1,0,0,1,0,0,-0.4576849316364408,-0.2477774217271346,-0.09306953850744984,-0.4632620775861506,0.44498297934688336,0.16746056881369864,0.18887839411530788,-1.4356679951071774,-0.20679936025942094,0.0629032252809683,0.23367402481452013,-2.1102033115586476,-1.3465186600709795,1.146678265262456,-0.9314277374172203,-1.056456342123815,0.828272329913713,0.42783232193548676,-2.2358349465827754,-0.6605917564372907,0.8831074069251333,1.0374155185512712,-0.778935086278993,0.7363224648834875,0.11390731489560757,0.6605917564372907,2.2358349465827754,0.939425632046274,-0.9349191994684248,-0.31857702221751816,-0.7933612898783374,-0.4600842227993849,0.5421051509486824,-1.7697787770829225,-1.2052948804881005,0.07776919801113909,0.8061862574166584,0.9587239960437993,-0.013084607695344815,-0.41256952646850126,-0.11002139686175369,0.28421816152172197,0.8629863402952329,0.5704037944582268,0.038603250264021984,1
-0.5605016778429365,-1.8542457371979617,-0.4445202009343899,1.0385308760612593,1,0,0,1,0,0,-0.356733435603381,-0.33092792893226203,-0.4768649810287978,-0.24395385891674226,-0.1669093092458605,-0.06597401802993927,-2.119498532653429,1.8557115770641752,0.3464424074560997,-1.76290451418798,-1.499783493286018,1.5825090150565213,2.248520348051295,-1.5640333309803287,1.8965323203558346,-0.3167520055290625,-1.3957903449562379,-1.4177390807775665,-0.10413398130864084,2.2616323666803337,1.384450628096594,-0.6471179321912736,-0.7919035949915856,0.99752845249221,0.5656457227578607,-2.2616323666803337,0.10413398130864013,-1.4837430531160272,1.6167552469885829,-0.24579614703841146,-0.3669847735545164,-0.8697229484503528,-0.24551969421163483,1.0032343553662626,1.1755363964676604,-0.6663639641110671,0.9727222106882286,-0.7864379342253526,-0.7246954876967501,-0.9830854665939747,-0.5838686025055501,-0.0012904541294803558,-1.9357308208638015,-1.4336869776455579,-0.332546584257695,0
-1.8455147957048228,-0.5400896726534062,1.0038746524609323,-0.13478617003801185,1,0,0,1,0,0,-0.4576849316364408,-0.2477774217271346,-0.8478672421327675,3.080967049986742,-2.2502305207026274,-2.5715946886906735,1.0593606644526055,0.6738382349428538,-0.9615794883713786,-0.05024371994042414,-0.9175694664225332,-2.692548254412004,0.029101789228715702,1.2897712416191138,-0.5933159642096005,-0.6390625475027005,0.26579837154175473,0.09755849322628002,-2.147135912362408,-1.5428114248521114,-0.18434256390436174,-1.5192350327280177,0.6723151444241413,0.3314371394961392,1.288132125614751,1.5428114248521114,2.147135912362407,0.577342954953057,-0.9349191994684248,-1.5103638532753727,-1.5427503185686884,-1.381771355514063,-0.6865896075014126,-1.85133798686084,-1.3713993881826885,-1.3484860293897554,-0.1375174777889068,-1.3934507795363622,0.19674936974096682,0.5210020119186368,0.6345956405784983,0.5380035976561225,-0.12479618717266176,-0.7656567202776299,0.34789477903211874,0
0.9815140635913272,-0.17934094905293926,0.5693561964423357,0.5985369837740325,1,0,0,1,0,0,0.29945128861150755,-0.5495614303946948,2.5423258334724728,-0.7363847140293188,0.7020661835606201,0.1464425121438692,-0.2060478853699257,0.6721529340692268,3.3222144917198615,-2.846593608036908,0.5863596746667861,-0.8599920541756617,-2.1183254607855044,0.6005983093331627,-0.7258974643201221,0.4414084610905661,0.44945276327692973,0.7860059946224103,-0.4633576356367666,-0.7133741297612541,0.8866253544202258,-1.6497391407155957,-4.098005570899022,4.291233983930706,0.005085575497710725,0.7133741297612541,0.4633576356367659,0.7166055230658329,-0.5596729573423944,0.5002078235474204,0.6666552660183818,0.8371050750953478,0.3530751881102058,-0.709509049969999,-0.5962450189412776,0.7598912632898273,0.3620903820258042,-1.6969572021918669,-1.262965255902942,-2.824296000635276,-1.7007941586659285,0.41111087958892223,1.439192814651505,1.127095675598167,-1.0748462533011267,0
0.5189093411610479,-1.0039094601397194,-0.15484123025532542,1.0385308760612593,1,0,0,0,1,0,0.5770679027024219,-0.585612699252862,0.11162136417060241,-0.5176551450133918,-0.2665571678785343,-0.05032227370134285,-2.3494836911232078,3.0144439244264873,0.11926814549918957,-2.074781316247893,-3.0751540880843535,-4.377455568078135,0.5277470987712731,-1.3252763382067856,4.658995690823841,-0.14376477409100366,-2.404757490180788,-3.41216647418697,-5.858849344353218,-0.1595918522639314,1.9428137633998128,0.5298607183824944,-0.3075132837434168,0.418379341654688,0.6665344854203599,0.1595918522639314,5.858849344353218,-1.3166279713806959,3.568035706043941,-0.8280431484712572,-0.7675202888890147,-1.5695224381040902,-1.8207693845322692,-2.666930084640012,-0.26403600355210183,-0.4803306735805153,1.9996939225295793,0.6552175733882943,0.41570656358755365,0.1838789563899486,0.34690269429476517,0.9504049313745251,-0.37174181903963527,-0.48731077970765985,0.5953280020465953,0
0.6731109153044746,0.0010334127472937634,-0.15484123025532542,-0.13478617003801185,1,0,0,1,0,0,0.8294466427850714,-0.6239898564244593,-0.3233468040202586,-0.35621189169211226,-0.7651144145514226,-0.2046037535117932,-0.1273048890556982,-0.1535410540695752,1.1666000543656425,-1.3247574902790924,-0.3783679498114197,0.6389041684414444,0.6801724726179085,-0.5363012309651425,0.23219320999420734,0.6975439535304205,-1.069086473431599,-0.40277876876219365,0.04968400367083265,0.8221130942085976,-0.35884532375916683,0.4433459758544045,-0.8938169532353542,0.729574056600126,0.09866179252021538,-0.8221130942085976,-0.04968400367083336,-0.48105256270404034,0.26586877533487285,0.15449866644666885,0.49868875958778525,0.017827623793410803,-0.08799472517957138,0.18764225758709038,0.17890935030013266,-0.10826409251941274,-0.4150773999081907,0.27583454506891375,-0.350643614875499,-0.7367263106307022,-0.4315605721200442,0.12560226393772106,-1.0302635040182315,-0.8213259083916238,-0.3944048900113141,0
0.8787130141623758,0.5679242641194551,-0.8790386569529866,0.3052077222492148,1,0,0,1,0,0,0.5139732176817596,-0.5809609226260017,0.712900890787381,-0.5986660965007722,0.08043457981210812,0.015862245173864826,-0.5286931202927014,0.2611431703039519,0.7250695072680277,-0.36493917282601424,-0.313015216123096,-0.18364004779672408,0.5256759884111029,-0.716498305211128,-0.8423715114384277,0.4104778758023945,-1.32501894973941,-0.8035856443216602,-0.5008818372323651,0.24630538521990228,0.01924398925957747,-1.202296484758185,-0.5787036275616976,-0.8208568304452976,-0.37760986524324996,-0.24630538521990228,0.5008818372323643,-0.7317251853070371,-0.8598699510432187,-0.3367722410122935,-0.08273376267196997,-0.596630464683041,-0.37153966943728567,0.02452383803125581,0.2896456887631914,-0.4183195767369984,-0.2624194427425846,-1.317574173872486,-1.0805009276974533,-1.1710964014080516,-1.3623318689203594,-0.14404476195508095,-0.8244754774624201,-0.8213259083916238,-1.3841377820692236,0
0.8016122270906633,0.5936920300909173,-0.8790386569529866,-0.8681093238500562,1,0,0,1,0,0,0.2742134146032426,-0.5478170141596223,0.5465895323614635,-0.5789920082824084,0.13559032629477505,0.026147677161228185,-0.3681785197403772,0.5643617224857064,-0.535096266779562,-0.551895400217796,-0.11613595841446976,-1.2761269811022986,-0.578608881996579,-0.6567484231728922,0.3939343001496318,-0.7786582024460794,-1.142001155872294,-0.8354981443554065,-1.2550770539175564,-0.49571485832222956,-0.14425409204582532,-0.37996944137699934,-0.05098187742882407,-0.3868137171304808,-0.6647188876348913,0.49571485832222956,1.2550770539175558,-0.7317251853070371,0.11577027848446049,-0.6551885699208807,-0.9225662948249498,-1.262293393865864,0.16404522527173035,-0.5463906304141645,0.012804842605544792,-0.728375060954584,0.0012624832707351544,-0.17942508891434333,0.6346637574341392,0.5080357405521495,0.31305646532020776,0.09387908442092041,1.6861384465184783,1.5167799923961247,0.5334696962929761,1
-0.7918040390580765,-0.07626988516709207,-0.4445202009343899,-1.6014324776621007,1,0,0,1,0,0,0.3246891626197725,-0.5600279278051304,0.25234635976176334,-0.5425370801130872,-0.04808480567716604,-0.011416509227403206,1.145648895713933,0.26889300131408855,1.152547387013707,0.41492613635251174,0.598959966189,0.4178706779859828,-0.1986326455301888,0.8698617420784281,0.9167065222595848,-0.344983331019483,0.04440334013220761,-0.014695028448853412,-0.46991781074089073,1.0359845289758263,-0.7238970742600238,0.5492723871122265,-1.9222458662227264,-0.5165088494269251,-0.7930241258130633,-1.0359845289758263,0.46991781074089,0.577342954953057,0.5660657690356972,-0.6369933511261053,-0.7029177864157086,-0.6478353053894121,-0.2140147004052217,-0.38327221085833024,-0.2086678343205727,-0.6043528672675491,-0.7759052986632599,0.27583454506891375,-0.5878472415426337,-1.4109724216880806,-1.4807936703313085,0.7600658542737248,-0.4540570296619595,0.013711913318286572,-0.6418381130257917,0
2.138025869667024,0.7225308599482267,2.452269505856255,0.5985369837740325,0,1,0,1,0,0,0.526592154685892,-0.5821238667827168,-0.46407179961141953,-0.2665211954025125,-0.8329246756819593,-0.24172074720532183,1.2433653971303178,1.1916990526252513,1.0376307248534216,-0.29696987791622953,-0.21358984482725069,0.2709934521637661,0.47715867615400953,1.540549916934714,1.6932892079059048,0.3171452035020091,0.4130667465330968,0.18043051090790937,-0.16027754582615011,0.5285640660967139,-0.18963052632420455,0.06065560790947906,-1.0997756175569866,0.8107770611933214,0.4538325349963361,-0.5285640660967139,0.16027754582614942,1.4129183636297125,1.5417059985633763,-0.04564874029587195,0.12399424524260985,0.2909201075607231,-0.4660546508565234,-0.05703537174666111,0.012804842605544792,0.20179139169817292,-0.44283339212011924,-0.3311783002420958,-1.1443634425693747,-1.4498712357875443,-1.1084851516111824,-0.0647368131630805,-1.1125787146405561,-1.0440026608476,-0.8274130302866491,0
1.1614159000919912,0.23294330649045036,1.0038746524609323,-0.8681093238500562,1,0,0,1,0,0,0.2868323516073751,-0.5483984862379798,0.34189862968341117,-0.5558460221431568,0.024680408068139776,0.007812776662015243,0.7058813912201156,1.0229515847261554,-0.10069239249084795,0.35542076080061,-0.10137475048881625,-1.4309077109104986,-0.3506243051376093,-0.21596663278326766,0.7475749379158784,0.6868070186800491,-0.5474464072840688,-0.3923901688776214,0.08962234189036815,-2.0404738019066264,-1.1973365723696767,-0.6551289915649848,0.8278246921071756,-1.0229890043368166,-0.25130048679798445,2.040473801906627,-0.08962234189036815,-0.03541234474315745,1.0163612595869336,0.7822337148664557,1.0542702808582185,0.7517636739180628,-0.08799472517957138,1.166352774922097,1.2309045656991897,0.6978801664463103,-0.7481493064513315,0.326418948844831,3.815625212483159,3.8749442053835432,2.9812675161477777,2.4202455823196,3.908649133321241,2.611607358638007,2.018069034379841,1
-1.100207187344929,-0.3854830768246345,0.27967722576327125,-1.6014324776621007,1,0,0,0,1,0,2.533003138342955,-0.7431916324877538,0.5593827137788417,-0.5801493075893709,-0.5890819873433155,-0.12321468300309187,0.7668794789562374,0.40705829918095776,-0.8808574271549146,0.17769136015337722,-0.04628860878906691,-0.7047772252919713,-0.297457023467666,-0.2793398400767759,-0.407354488945409,0.29677827622673913,-1.1086687296136895,-0.9881442901840323,-1.1014209826064814,0.13114384342216406,-1.3454776602487961,-0.9667790749330342,1.5023951582392803,-1.3393864980822374,-0.9045531142293729,-0.13114384342216406,1.1014209826064807,-0.6357887494960135,-0.8515311456626403,-1.707478723552117,-1.3274086436576682,-1.607451949738439,-1.5057194464681423,-0.7638818564886103,-0.3563162856046509,-1.651651391735839,-1.3032691506898992,-1.0140677512169813,-0.5239847266707137,0.2746428559553643,-0.29617565622181696,-1.4288335323854886,0.4514102871836102,0.5704037944582268,-0.6418381130257917,1
0.2876069799459088,0.05256894469021735,-0.15484123025532542,1.0385308760612593,1,0,0,1,0,0,0.4130217216486998,-0.5704944252155661,-0.7455217907937414,0.45100437491428536,-1.5897796604139562,-0.7872958352306826,-1.3508606000197156,0.5991906568695292,-0.7986785189318648,-0.565581323659357,-1.7891532210980297,-1.9996544748715597,1.151254343671283,0.6211850613118501,0.08635330728291563,-0.6243075439348854,0.8212337069401889,-0.44544744330597474,-0.22931895624632825,-2.4998544576492554,2.499085341982956,-0.7359011333618208,0.4644514176040803,1.5783851660057613,1.8910940838543282,2.4998544576492554,0.22931895624632756,0.4659329004628361,-0.03432821836595151,-0.32767463161490584,-0.5866332819637576,-0.2552648599739003,-0.655084613695,0.10608304780917345,0.2342775195316623,-0.35630847989348147,2.4437897979204335,-0.6346847228976005,0.23324223538206504,0.4432043837197094,1.0915197317350172,0.37938770007212164,-0.04248097655033679,-0.9883334727336057,0.2860364732784985,0
0.8016122270906633,-0.7719995663965628,-0.8790386569529866,1.0385308760612593,1,0,0,1,0,0,0.2742134146032426,-0.5478170141596223,0.32910544826603294,-0.5546887228361942,0.025078182663270682,0.007365583966912489,-0.47492171744373224,0.6205711611281506,0.011212845178297686,-0.18197264198382448,0.10121852910116673,-0.39730152450319495,-0.33420560403462035,-0.7938336734671871,0.35432534234557167,-0.3101839831715414,-1.6805437144534654,-1.3700003782364734,-1.530099152568539,0.9756618166055823,-0.13279904408959714,-0.49679804434846975,-0.3270333240493687,-1.4205650804503016,-1.469127765517423,-0.9756618166055823,1.5300991525685383,-0.9266927806649233,-0.10937746679115769,-1.1737523055720087,-1.1292943027395286,-1.6207272788104614,-0.6865896075014126,-0.709509049969999,-0.04256332662598434,-1.2244638357027204,-0.08200549336504998,-0.4070549059059717,0.22411901897178985,0.015317428625603584,-0.5500223735309933,0.030432725387320277,0.4514102871836102,1.127095675598167,0.038603250264021984,0
-0.25209852955608386,-0.07626988516709207,1.0038746524609323,-1.6014324776621007,0,1,0,1,0,0,0.7537330207602766,-0.6100345265438785,0.25234635976176334,-0.5425370801130872,-0.25510858092302485,-0.0498750810062401,0.39216127753752844,-1.4563734006423723,3.46406782575171,0.9831749380653257,1.9404929310636128,-2.2720402548257206,-1.804138237360975,-0.14285527660781894,-1.6153356423144518,2.6906015868611775,1.0683553604013543,2.1386257339045773,-3.5663204598883063,0.43824128821613356,-0.6880491118540473,0.38071041175070974,-2.031701650594061,-0.2688430247936319,-0.4347840684621849,-0.43824128821613356,3.5663204598883063,-0.48105256270404034,-1.685411683720486,-1.4648758062884317,-0.12149526415595328,0.3079883877961804,-2.135819322596396,-2.666930084640012,-2.2019219266556282,0.139780294854656,-0.7481493064513315,0.12408133374116129,-0.6060936743631827,-1.4758037785205207,-1.4638705558440304,1.0138512904081252,-0.37174181903963527,-0.2089648391376897,-0.7036964187794109,0
0.72451144001895,0.6194597960623787,0.5693561964423357,1.478524768348486,1,0,0,1,0,0,-0.44506599463230834,-0.27045483278307847,0.46983044385719386,-0.5743628110545581,0.7854811271198286,0.2358810511644201,-1.043459551703395,-0.9886222883587297,-0.22494038193522148,-0.016150851702322968,0.21651534548182905,1.9404111960099448,0.535815177034269,-0.13000998878381356,-0.04183268363794758,-1.2443124951814424,0.9848839704215032,0.6219426338848981,-0.018359091073560794,2.664697762972419,1.321051458333604,1.3150080525330394,-0.9429130189649292,0.9984128446094467,0.32572537750295555,-2.664697762972419,0.018359091073560086,-0.3417899945912644,-0.3345252120667762,-0.9099216330477515,-1.3360223106541085,-0.9550643496276378,0.29006520049738066,-0.7910682597479163,-0.8730858650989243,-0.6043528672675491,1.2502821328075124,1.2622304186993043,0.07814755640739948,-0.4255357978349895,-0.025405824425361403,0.5380035976561225,-1.853415610241477,-1.0996718489615938,0.7190446135538346,1
-0.4063001036995106,1.1605828814630785,0.27967722576327125,1.0385308760612593,1,0,0,1,0,0,0.3751649106363024,-0.5664241206670634,0.27793272259651985,-0.5431157297665685,-0.06113933916583941,-0.01588843617843075,-0.20526309081070923,-0.5789362294889582,-0.27782328270180356,-0.09575546023218585,0.37535634006690666,-0.6901003530168474,-1.3959576168609271,-0.4488858816531199,-0.08347548405660786,0.39431704975342424,-0.7208134741763221,-0.12371191770735981,-0.7279513648365102,-0.21924127311138097,-0.16309815945684933,0.7109842362709,0.7760443417993127,-0.5853868530344913,-0.6087622345961499,0.21924127311138167,0.7279513648365102,-0.5367575899491508,-0.25947596364157,-0.5642124759469986,-0.28946177058654887,-0.5454256239766699,-0.34003467563087314,-1.0357458890816678,-0.8730858650989243,-0.4803306735805153,-0.08200549336504998,0.8069707847160468,0.3518440487156324,0.7154960824159574,0.4145951522438788,-0.635754044465484,1.3568776040291806,1.3497724280541432,0.2860364732784985,1
-1.100207187344929,0.1298722426046032,0.27967722576327125,-0.13478617003801185,1,0,0,1,0,0,2.533003138342955,-0.7431916324877538,-0.6047967952025805,0.02280363133813179,-1.7172360156755788,-0.5891894713001622,-0.3612561572666252,0.7592486116392365,-1.4059830001671376,-0.7591077646635591,-1.4955019485219885,-2.6220858171717434,1.0539291827062383,-0.41646921250700336,-0.42479253709115633,-0.11280127692234262,-0.7742778293873783,-0.7229249158899004,-1.1334326641296226,-2.4520876039624104,0.08620435059921187,-1.4676403853840911,1.8086714571445193,0.25774497490044107,1.2384303022806828,2.4520876039624104,1.133432664129622,-0.7317251853070371,-0.8598699510432187,-1.6923160412231368,-1.4781478160953823,-1.6377955590459181,-1.222174502210428,-0.7910682597479163,-0.3747723420151606,-1.4725082230767892,0.16779843654230542,-1.317574173872486,0.37921369794645543,1.298978293907919,1.345366449044194,-0.4136917878478824,-0.12479618717266176,-1.0440026608476,-0.20882997275045564,0
0.72451144001895,0.1298722426046032,0.5693561964423357,-0.13478617003801185,1,0,0,1,0,0,-0.44506599463230834,-0.27045483278307847,-0.6047967952025805,0.02280363133813179,-0.2997931865409147,-0.22562181018162267,0.11450944798948814,1.0923711854936298,-1.9545798541640174,0.7712239685070529,-0.23808284169973276,-1.0804431016589067,0.21852526277399817,0.22760282423649283,-0.07390135806749609,-0.7753528863358409,1.071679061302141,1.0887318335748253,0.1590389773671773,-1.6313284484388841,0.06818988531641318,-1.573346492137501,1.8928212634347148,0.02078478606172989,1.372454085575353,1.6313284484388841,-0.15903897736717798,-0.09111737198826762,-0.40957446049198204,-1.06458099280335,-1.2455788071914804,-0.8355863879794388,0.1010352376589052,-1.0357458890816678,-1.2052948804881005,-0.6043528672675491,0.05677446769459199,-1.4693273852002382,0.014285041535478216,0.9877877811122063,0.9392117013495113,-0.3819686083310823,-0.7010026615289333,-1.32234860141757,-0.1469716669968365,1
0.72451144001895,0.05256894469021735,0.5693561964423357,1.0385308760612593,1,0,0,1,0,0,-0.44506599463230834,-0.27045483278307847,-0.7455217907937414,0.45100437491428536,-0.8254325630108704,-0.5565444045576612,-1.5104851841547313,0.567972619383907,-0.7694891106052868,-0.42426800377476753,-0.6955184361631636,-1.2676883323078736,0.23655481186830576,0.40130105959925566,-0.07002641852336997,-0.5708559787459077,0.9374294361067419,1.040807424556379,0.7686432489180746,-2.49130670488424,2.5013417082188485,-0.8497111735979825,0.47826218673630794,1.5026976836316497,1.9203539040502497,2.49130670488424,-0.7686432489180752,0.18740776423728422,-0.25947596364157,-0.600602913536552,-0.7804407893836761,-0.40887938209301433,0.3530751881102058,-0.46483142063624716,-0.8177176958673952,-0.23228628620644656,2.721349720039717,-0.6346847228976005,0.7258959215368835,0.8840576101803024,1.5145975939169787,0.8235122133073248,0.28677986593896093,-0.7099875321636356,0.904619530814692,0
1.5983203601650333,-2.034620098998195,0.5693561964423357,0.5985369837740325,0,1,0,1,0,0,-0.06649788450833415,-0.4739700602082154,-0.06748317567269331,-0.47367777134881384,-5.960469099681215e-4,0.0015520789305766788,-0.4666742475564988,-0.8045821900336853,1.6629505193193626,-0.37958393682108527,0.14930759507359187,-0.29105245422483395,-0.2315928116454732,-0.32333486419863755,-0.269446994635268,0.07092735497780842,0.11152888662284641,-0.3781930933667457,-0.2682155254971324,-0.13094794135889876,0.3258495147692946,0.8343882217846851,-2.2020339175370776,0.6233835447667591,-0.5633391324390287,0.13094794135889876,0.2682155254971317,-0.3139374809687093,-0.25947596364157,-0.018355912103706302,0.020630241285320403,0.06903246449978255,-0.5290646384693491,-0.05703537174666111,0.06817301183707392,-0.046252995675895824,0.6674062963570164,1.33810702436318,1.3006585553841723,-0.23104172733766892,0.025363519036474696,2.1558857530129325,0.9453015509175579,0.9600881112561845,1.0283361423219313,0
0.44180855408933456,-1.235819353882877,-0.15484123025532542,1.478524768348486,1,0,0,1,0,0,3.062998492516519,-0.7559840182116195,-0.5920036137852022,-0.023488340940371298,-1.7812879987237784,-0.5632522949842025,-1.6845201788508641,2.7032168898172606,-0.136923183735667,-1.9609187236782304,-2.6022280405327596,-0.48210139911677363,2.9665092819526104,-1.1360834821147296,3.124085909867694,0.08094174821871787,-1.7676598055101378,-2.4280320854334843,-0.35307242775419667,-0.30735587342307225,1.2072050851942115,-0.5806093329712073,0.26851723008783657,0.8962934832406163,1.0125231459952884,0.30735587342307225,0.35307242775419595,-1.2702071153431038,1.5667224147051118,-1.8591055468419209,-1.5427503185686884,-1.9962294439905155,-2.135819322596396,0.7313703227732054,1.0278879451835827,-2.237311750813501,0.9727222106882286,-0.6346847228976005,-0.350643614875499,-0.16621037050522874,0.19459466390925928,-0.1916295312302808,-0.7833178721512579,-0.9883334727336057,-0.08511336124321738,0
-0.8432045637725518,0.20717554051898904,-0.4445202009343899,-1.6014324776621007,1,0,0,1,0,0,-0.6343500496942954,0.0667989726642914,-0.23379453409861076,-0.3990319660497276,0.7254646039268928,0.35975342770788316,0.7639502867777501,-1.7057677561806013,1.5965955606778839,0.4624639365989688,1.2388136454748726,-0.9753212062929068,-2.0451881909208387,0.20537533818583367,-0.7764598413637281,0.46824840681089364,-0.4082688787506835,-0.0820279011343533,-1.9787580846898434,0.6322863769595761,-0.8570828523248998,1.5633793535029858,-1.7120551265738184,-1.0295913741237301,-1.6906026912331322,-0.6322863769595768,1.9787580846898425,0.38237535959517033,-0.5596729573423944,0.7185504490847379,0.8733832739329616,0.6493539925053206,0.29006520049738066,-1.2804235184154193,-0.5962450189412776,1.1939689411944467,-0.859173275299045,1.2622304186993043,-0.3688900476960481,-1.1516469943583196,-1.4131012123821949,0.2524949820049213,0.6983559190505837,1.1827648637121608,-0.7036964187794109,0
-1.485711122703495,0.8771374557769975,-0.4445202009343899,-1.161438585374874,1,0,0,1,0,0,-0.15483044353726144,-0.4303596543314004,0.022069094248954552,-0.49566645818110283,0.1500585385335177,0.052084853477187956,0.902212290806907,0.9755329538951886,-0.19799204278815655,0.5176669225137941,0.3504526190725645,0.8860566176237874,0.10675517524125676,0.38895077281657175,0.9051089635322961,-0.6921412004210685,-0.14222104109834072,-0.6823242908167522,-0.5666803935267488,1.7705022619546806,-0.8659131233181316,-0.4322313040022157,-0.4248734013161603,-0.840358565058927,-1.1217624348848303,-1.7705022619546813,0.566680393526748,0.6330479821981672,1.2415090048625523,0.9277954652246664,0.3824042551358344,0.3079883877961804,0.7311351137871589,0.5954383064766764,1.009431888773073,0.8839134569768611,-0.9701972441467586,-0.7105613285614767,-1.1078705769282764,-1.1257144516253432,-1.3284856399458025,-0.8895394805998851,-0.8656330827735822,-0.09762646290970158,-0.8892713360402683,1
-0.14929748012713334,-0.5658574386248675,-0.4445202009343899,0.3052077222492148,1,0,0,0,1,0,-0.11697363252486404,-0.45943325824927705,-0.42569225535928473,-0.2896671815417641,-0.3514256900958108,-0.12947538073453044,-0.7175374472142051,0.03058771802098179,1.3559215225992942,-2.4364471713508995,-2.3913725760754976,-1.0479068052024079,1.8865011624268218,-0.5537564015617713,0.42434141432032224,1.477752815938764,-2.2697482442883827,-2.4755847148340453,-1.321428539256431,-0.11864316273067908,0.4444464154216253,0.38311331062936876,-0.3685910789529508,1.0408394363158364,0.6919748281096915,0.11864316273067908,1.3214285392564302,-0.3696425082138195,0.7161642658861095,0.8641121994429487,1.584010801139329,0.3762615087380082,-1.442709458855317,1.0847935651441794,2.227531611866718,0.139780294854656,0.5841383197212315,0.5793409677244183,0.5981708917930423,0.30057539868834077,0.7192112130148905,0.6966194952401235,0.12214944469431245,0.06938110143228039,0.9664778365683122,1
0.3904080293748593,-0.07626988516709207,-0.4445202009343899,-0.4281154315628296,1,0,0,1,0,0,-0.6469689866984278,0.07842841423144209,-0.029103631420558513,-0.48351481545799574,0.9539562211440196,0.43398741509494043,0.36056986489459125,-0.09797288055420054,0.6738757240114196,0.14146235260810666,0.5286205958930181,-0.358350783703204,-1.3020021615797932,-0.26634131022258956,0.39796627996728584,0.3605481595018391,-0.4206216098064687,-0.25137664082982014,0.1359000988749071,-0.6235317921885499,-0.7675062733501193,0.5331447361899027,-0.5588945605265977,-0.6081877001094749,-0.9326530276418468,0.6235317921885499,-0.1359000988749078,-0.3139374809687093,0.26586877533487285,-0.2639913658331881,-0.04397226118798574,-0.20406001926752979,-0.43454965705011084,0.02452383803125581,-0.04256332662598434,-0.17027518936292965,-0.7203933142394032,0.5034643620605421,0.023408257945752128,-0.2699405414371327,-0.48232991558187904,0.030432725387320277,1.6038232358961542,1.3497724280541432,-0.5799798072721716,0
-0.4063001036995106,-0.35971531085317227,-2.617112481027373,-1.6014324776621007,1,0,0,1,0,0,-0.4955417426488382,-0.1832340210294483,0.047655457083711085,-0.5002956554089532,0.6251506926398339,0.2457192904566807,-0.5540751510804782,-0.18537108041541311,0.7513962887114151,0.4159718477211291,1.508077612448033,0.4913730283243302,-1.5353731893686147,-1.4463189647637298,-0.16128425399986382,0.8035459716170732,-0.8994282517041194,-0.36518627772193446,-0.974766068754056,1.6369353239095796,-0.6746898828733158,0.09285660028675959,-0.21969769079610574,-1.4538087880733355,-2.3171080781925344,-1.6369353239095796,0.9747660687540554,-1.3166279713806959,0.04072103005925432,0.6366719645082435,0.9896677783849125,0.529876030857121,0.038025250046078915,-0.46483142063624716,-0.04256332662598434,0.38782468222872474,-0.5816133531797613,0.19995793940503753,0.34272083230535716,0.1709126850234604,-0.4315605721200442,-0.826093121566285,0.6983559190505837,2.017802685422071,0.2860364732784985,1
-0.12359721776989524,-0.7204640344536393,0.27967722576327125,-1.6014324776621007,1,0,0,1,0,0,1.3846798709669002,-0.6896962012788607,-0.68155588370685,0.12696056896476374,-1.6776803259814614,-0.6285424284692046,0.2581297540198999,1.3170805167642978,-1.893897368839036,0.24922463448639307,-1.390575586012883,-1.505798205661612,0.08034667324302591,-0.5831261502556179,1.6187982966700418,-1.439754519023217,-0.42410161691531784,-2.1590198736725306,-0.6862106428504532,-1.3731537963108016,-0.9415884851091579,-0.1860577460842737,1.1422067069185522,-0.7572183061630737,-0.3000463209225267,1.3731537963108016,0.6862106428504524,-0.5506838467604283,1.5041813743507735,0.013485720787151904,-0.7352190376523616,-0.8441205280971675,-0.48180714775973,0.3915402820318834,0.8433273810784847,-0.32530293147172246,-0.6926373220274746,0.27583454506891375,1.4831228835896608,1.9602581335988092,1.446905135967865,0.1890486229713212,2.180029710252426,1.461110804282131,0.8427612250610729,0
-1.2544087614883548,-0.2824120129387873,-0.4445202009343899,-0.4281154315628296,1,0,0,1,0,0,0.08492935954125552,-0.5158360498499579,-0.7199354279589849,0.2253310100565828,-1.2571317374055073,-0.5708545708009493,-0.3188164387750315,-0.990726925900508,-0.7252779248679462,-1.6301578001360078,-1.4387508896002172,0.013828785611728801,1.5606612338695152,-0.225720904428257,-0.08681563026634322,-1.1870978538284171,-1.1938334861912943,-1.0355849388253737,-1.2601455701587203,1.2686578481181965,0.21778435085288125,1.272833805160967,-0.20143963956817382,1.018453169986055,0.8593994881836307,-1.2686578481181965,1.2601455701587196,-0.3417899945912644,-0.25947596364157,-0.555114866549611,-1.0388507992769007,-1.381771355514063,0.41608517572303205,-0.46483142063624716,0.12354118106860354,-0.8523972546416179,0.27882240539001907,1.33810702436318,0.31535118307453414,0.15794641365697218,0.5669031826293847,0.506280418139323,-1.4418395571298541,-1.1553410370755877,0.9664778365683122,0
-1.2287084991311177,-2.034620098998195,1.4383931084795292,0.5985369837740325,1,0,0,1,0,0,-0.571255364673633,-0.026236559872914074,-0.06748317567269331,-0.47367777134881384,0.7013587389385825,0.34589045415969777,0.9048208340615517,-1.0668976277027984,1.4490092164468114,0.46020952437845425,1.3990871141639056,0.38900910707989905,-1.1960215135365648,1.6635943690919965,-0.518882724927923,-0.12557809512708784,1.0662314344598758,1.3634101640523915,0.5873904109192033,-0.05200463268990121,0.4040684965183323,0.9445451533322033,-2.1070380158762854,0.4355434615758528,-0.48777711111330224,0.05200463268990121,-0.587390410919204,1.0229831729139398,-0.7848207026180125,-1.1464594773798444,-1.0259302987822392,-0.6136987449184976,-0.2770246880180474,-1.2804235184154193,-1.592872065108806,-0.8523972546416179,0.7229182807808735,1.413983630027056,1.2003031748711541,-0.24400799870415715,-0.0592520533999176,2.187608932529733,0.6983559190505837,0.7374113588002092,0.904619530814692,1
0.2105061928741954,-1.4934970135974959,-1.6032360836506476,-0.4281154315628296,1,0,0,1,0,0,-0.21792512855792381,-0.4036119387269538,-0.16982862701171944,-0.4256498501098669,0.05266069977133365,0.018545401344481353,-0.9709583251676733,0.3793276390367057,-0.6769587867616179,-0.8710660096489266,-0.9544441333725869,-0.3354217360263945,0.9552432006901633,-0.8796603526397231,1.3102825024562361,-1.5270536922553553,-1.1580763685360167,-1.7468436895406705,-0.8940261523129447,0.42920901042807535,0.47119492725612283,0.791973158088392,-0.6091163524632308,0.028425279336838805,-0.4646287490935765,-0.42920901042807535,0.894026152312944,-0.8431352397972577,1.1664597564373458,-0.09113678728281299,-0.8579637923516437,-1.2110885531594928,0.3845801819166189,0.6769975162545934,1.3416409041622488,-0.35630847989348147,0.7506742729928018,1.1863538130354276,1.0543317123067637,0.533968283285125,0.5161338391675497,0.8235122133073248,0.5337254978059351,0.848749735028197,0.9664778365683122,0
-0.5348014154856993,0.7482986259196881,-0.15484123025532542,-1.161438585374874,0,1,0,1,0,0,-0.4703038686405733,-0.194863462596599,-0.016310450003180245,-0.48409346511147705,0.530040110655021,0.22425404109174848,-0.10302519586044304,-1.325285735547195,0.9901150393907451,-0.03869093797654135,0.3261531617894457,-0.5588325378208007,-0.6833612417198954,-1.3508708228392694,-0.8712892797320708,1.5559668744079318,-1.2316065605792443,-0.3731034698535612,-0.04921092906325296,-0.7133741297612541,-1.2065151666003255,0.946157789906879,0.2100762240093348,-1.1689710218785816,-0.7882780036061138,0.7133741297612541,0.049210929063252244,-1.3166279713806959,-0.9349191994684248,-0.5642124759469986,0.26611975068388355,-0.2552648599739003,-1.0961545269847772,-0.05703537174666111,-0.04256332662598434,-0.728375060954584,-1.1644891896302574,0.7310941790521709,-0.33239718205494984,-0.17917664187171697,-0.6177148314801074,-0.3185222492974822,1.1099319721622063,0.793080546914203,-0.7036964187794109,1
0.004904094016293398,-0.41125084279609675,0.5693561964423357,-2.6280848929989626,1,0,0,1,0,0,0.097548296545388,-0.5175804660850305,-0.5152445252809326,-0.1797237473803192,-0.6749935878323352,-0.2591612623143293,0.09908536833364097,0.24255234685739635,0.19448320926424933,-1.0524156731724053,-1.295073369903912,0.49654591541247856,1.4538220586269555,-1.2770270007311726,-0.484789178263938,1.1993673933512006,-2.403718957520075,-1.838758437851215,-0.4125770209418648,1.0864182721050466,-1.4137709490536456,-0.8185618645647974,0.9393835014771779,-0.9617408934002295,-0.11153092092843289,-1.0864182721050466,0.4125770209418641,-1.2887754577581405,-0.7097714541928067,-0.9645072894320803,-0.2765412700918884,-1.176951992688579,-1.4742144526617298,0.35076067714292497,0.6218547041523672,-1.2864749325462383,-1.3310251429018278,-0.7864379342253526,-0.08607033897753999,0.4043055696202447,-0.025405824425361403,-0.2550758902638815,-0.8656330827735822,-0.48731077970765985,-0.1469716669968365,0
-0.7147032519863632,0.3102466044048362,-1.6032360836506476,-0.13478617003801185,1,0,0,1,0,0,-0.6595879237025604,0.12494618050004483,0.46983044385719386,-0.5749414607080393,1.3087653055230202,0.5404192765293959,-1.3202092721258856,-0.7914222392556364,1.4403231879491358,-0.8566066422690111,0.03221975426298603,1.6261191612594013,0.8245522599699523,-1.0241079482700508,-0.18634232273158893,1.0790208456570407,-0.8680682650343202,-0.23788637429800513,1.465333844976243,0.7645323233097284,0.8125065351324953,0.8995782123082234,-0.8846581595272207,0.2964586779500379,-0.2741370022116328,-0.7645323233097284,-1.4653338449762439,-0.7874302125521474,0.26586877533487285,1.464554419670571,1.9070233135058599,1.3662217623945152,0.41608517572303205,2.3897409215908554,1.6184817503198954,0.8839134569768611,0.3620903820258042,0.35171115073279,-1.0987473605180025,-1.3202085221226638,-1.1423313805857394,-0.5088613263982832,-0.7833178721512579,-0.5429799678216537,-1.0748462533011267,1
-0.27779879191332196,-1.235819353882877,-0.4445202009343899,1.478524768348486,1,0,0,1,0,0,-0.6974447347149578,0.22379643382082565,-0.5920036137852022,-0.023488340940371298,0.4143599156901133,0.19026739626393913,-0.8997940486040678,1.5348392690252803,0.01344271764793863,0.09319858801741032,-0.23053475354473862,-1.3826407057405947,-0.16269729398913368,0.2864650193265097,1.567103146563428,-0.2500257398742896,0.9827790354806771,0.7162492530592229,-1.1820904200447964,-0.7133741297612541,1.537417999996381,-0.5367255340215374,-0.2696284015416665,0.8486015887304034,0.9989844592771356,0.7133741297612541,1.1820904200447957,0.18740776423728422,1.3165582532877582,-0.2548937564358004,-0.3411437725651945,0.0519641842643253,0.006520256239666901,-1.3619827281933365,-1.0945585420250417,0.38782468222872474,0.9449662184763004,-0.7864379342253526,-1.0805009276974533,-1.0349505520599276,-0.685407289429221,-0.2550758902638815,-1.0302635040182315,-1.378017789531564,-1.0129879475475077,0
-0.5348014154856993,-0.07626988516709207,-0.15484123025532542,-0.4281154315628296,0,1,0,1,0,0,-0.4703038686405733,-0.194863462596599,-0.029103631420558513,-0.48351481545799574,0.5199898824992849,0.22380684839664572,-0.517285001848149,-1.0481303473872978,1.524619632627055,-0.47035233218459016,0.20813879380256026,-0.6225798017093574,-0.6840881494828984,-1.2590785071622759,-0.9697087169754133,1.4657986334220265,-0.9447516216596183,-0.05795984431055173,0.11065768597424898,-0.9588735405703893,-0.5387590219040437,0.4671588900131394,-0.6112198473533936,-0.3013838796955822,-0.32717713274250515,0.9588735405703893,-0.11065768597424969,-1.2330704305130304,-1.009968447893631,-0.5187244289600577,0.26611975068388355,-0.135786898325702,-0.9386295579527137,-0.13859458152457876,-0.2086678343205727,-0.6663639641110671,-0.44283339212011924,0.5793409677244183,0.37921369794645543,-0.010615114107371936,-0.1269445113490324,0.728342674756924,1.3568776040291806,0.9044189231421907,-0.20882997275045564,1
-1.2287084991311177,-1.4934970135974959,1.4383931084795292,-0.4281154315628296,1,0,0,1,0,0,-0.571255364673633,-0.026236559872914074,-0.16982862701171944,-0.4256498501098669,0.6104175268223679,0.3087734604661691,0.7841385536969685,-1.153218832645719,0.39742648735363617,0.5085566193976702,1.1229596012223348,1.251180156050595,-0.8232256154054458,1.5282504796025467,-0.6878100842326904,-0.1041058718638521,0.8131180532961405,1.066926602925735,1.2234273880116016,0.4930801176436292,0.4366461254282651,0.8937959959441717,-0.6479116833697208,0.11924675930669033,-0.41825631227527305,-0.4930801176436292,-1.2234273880116022,0.8837206048011639,-0.9349191994684248,-1.21924035255895,-1.077612300760884,-0.7502449868021539,-0.43454965705011084,-0.709509049969999,-1.2052948804881005,-1.1624527388592034,0.6396503041450882,1.1863538130354276,0.8080048692293539,0.31354167005482897,0.34690269429476517,0.664896315723324,0.4514102871836102,0.793080546914203,0.8427612250610729,1
-0.5348014154856993,-0.41125084279609675,-0.15484123025532542,-2.6280848929989626,0,1,0,1,0,0,-0.4703038686405733,-0.194863462596599,-0.5152445252809326,-0.1797237473803192,-0.05833978005278291,-0.010969316532300452,0.1445869897735963,0.04447186165499441,0.3427018617803779,0.21244880477548614,0.19941789274721347,0.6410247239815728,0.20993953406514182,-1.3219227990697513,-0.9589337014453749,1.4821233136475218,-0.9521186826912612,-0.02686256114352607,0.11065768597424898,0.7645323233097284,-1.5219014140070333,-1.0216777569761397,1.0209060691541814,-1.2311092166829718,-0.2854790898384576,-0.7645323233097284,-0.11065768597424969,-1.2609229441355856,-0.9349191994684248,-0.20030810005147043,0.5762117625557528,0.13730558544161034,-0.7180946013078251,-0.13859458152457876,-0.2086678343205727,-0.4803306735805153,-1.4420491117495413,-1.0140677512169813,-0.2867811000035777,0.2616765845888761,-0.2623294272472596,-0.4136917878478824,-0.7833178721512579,-0.5429799678216537,-0.6418381130257917,1
-0.48340089077122306,-0.05050211919562982,-0.4445202009343899,0.5985369837740325,0,1,0,1,0,0,-0.16744938054139394,-0.424544933547825,-0.2721740783507456,-0.37357138129655093,-0.10454527609202235,-0.03780087823846573,-0.18883217750680736,0.02101623032833688,0.05879534711605449,-0.7030756494548224,-1.1085822152546985,-0.21152888061818,1.3988098775160798,-0.6384743141122305,-0.6558520504995425,0.11633787426689092,-1.2942511110575956,-1.4467567258784062,-0.8195116582252774,0.5242815205937548,-0.37538027223948667,-0.6858636223301852,0.03653313489296857,-0.3335474031100202,0.028734819242465473,-0.5242815205937548,0.8195116582252766,-0.6203151308168162,-0.6347222057676005,-0.09113678728281299,-0.018131260198663828,-0.5283573437412127,-0.5920746260821743,0.6769975162545934,1.2862727349307197,-0.10826409251941274,-0.4150773999081907,-0.7105613285614767,-0.2776578835933038,-0.21807545597118072,-0.33002188519637315,0.030432725387320277,-0.7833178721512579,-0.6543183440496418,-0.3944048900113141,1
-0.7661037767008384,-1.2100515879114147,1.0038746524609323,0.5985369837740325,1,0,0,1,0,0,0.26159447759911014,-0.5396764050626168,-0.09306953850744984,-0.4649980265465945,-0.2558917781093476,-0.05568858604257591,-0.2355949749352419,0.06323908997864307,-0.33552156684116763,-0.4017454142403788,-0.2493528656948411,-1.4846537026864637,-0.43804535721001814,-0.5133133774521303,-0.12549221982596617,-0.14274338080777774,-1.2376775645775444,-1.0243716946010564,-0.6949470730335814,-1.3356505310542999,-0.1852961308981039,-0.21251298659010287,0.3152258903182515,-0.6845277504096781,-0.6759286443050487,1.3356505310542999,0.6949470730335807,-0.48105256270404034,-0.10937746679115769,0.03622974428062242,-0.04397226118798574,-0.5283573437412127,0.06953024385249205,0.4323198869208419,0.8986955503100138,-0.10826409251941274,-0.10976148557697851,-0.1035484832504671,0.32447439948480933,0.4432043837197094,0.12690220596014448,-0.2233527107470814,2.097714499630101,1.4054416161681371,-0.20882997275045564,0
-1.5628119097752085,-0.1535731830814779,2.1625905351771904,-0.4281154315628296,0,1,0,1,0,0,1.1070632568759857,-0.6606225973609839,-0.630383158037337,0.057522610547009106,-1.4243451129384763,-0.5525196703017363,2.1425046824654532,1.7214685464946071,-1.6506440022049278,0.9204911257042878,-0.2636052590404765,0.4862241695521992,0.9047026706223323,2.184381510747471,0.785139726559928,-0.7953176603608614,1.306091733421402,0.7245847684573279,1.9297942423483554,-1.2507946581507028,-0.7965966475583091,-1.5762338625012484,1.4572680993956475,0.051574079623248545,1.0501157444913307,1.2507946581507028,-1.929794242348356,2.105252273676084,0.7804921931077146,0.13370413068121015,-0.3060738426511139,0.21045535787928354,0.6096158519624242,1.4110304042558486,0.4873891503043674,-0.12598154876041756,-0.8314172830871166,-1.5452039908641146,-0.5422311594912614,0.2357440418559006,0.24536400737109418,-0.6992004034990842,-0.28942660841731066,-0.8213259083916238,-0.45626319576493324,1
-1.7941142709903475,-1.0554449920826439,-0.15484123025532542,-0.13478617003801185,1,0,0,1,0,0,-0.6217311126901629,0.061565723959073594,-0.5280377066983108,-0.16236425777588057,0.26839092480453836,0.1728268811549317,-0.68561819391754375,0.13803041920911222,1.3426089563499444,-0.513000189810447,-0.018919123892918027,0.6565533062440799,0.38339337042645594,-1.0358307390051735,-0.5499464963182806,1.7642060994442634,-0.5229914522999074,0.10241790443842,0.594470599903532,0.30587169994287167,-0.08162108115295165,-0.7403754095255577,-0.06253443044280149,0.17444078883573808,0.124586937299649,-0.30587169994287167,-0.5944705999035328,-0.7874302125521474,-0.10937746679115769,1.5737257324392298,2.4367638337869693,2.0318846915773383,-0.18250970659880966,1.247911984700014,1.009431888773073,1.4420133285685155,-0.3318094232724056,-0.9381911455531051,-1.0348848456460813,-0.9052878383950472,-0.7869459763528921,-0.6992004034990842,-0.7010026615289333,-0.6543183440496418,-0.8892713360402683,0
-0.04649643069818187,-0.2824120129387873,-0.4445202009343899,-0.13478617003801185,1,0,0,1,0,0,0.980873886834661,-0.6484116837154758,-0.3617263482723934,-0.32670075936456655,-0.8711756017160585,-0.24619267415634938,-1.2009072328293742,0.7654655164237858,0.5604565922544362,-0.7045517894465324,-0.6122844674071437,-1.3355823430728546,0.025517773942438888,-0.7398881980578031,0.1957372922380939,0.7079757687598843,-0.5784766680454246,-0.39831301131731434,-0.591162492785821,-1.235267259256625,0.9306031709099687,-0.8545401214132015,-0.05471556633796727,0.37819645192244605,0.4071246646375718,1.235267259256625,0.5911624927858203,-0.5924626171942612,0.41596727218528484,0.6821600114951846,0.9767472778902511,0.6664222727407777,-0.15100471279239655,0.35076067714292497,0.7325910426154264,0.8839134569768611,1.5000860627148682,-0.4070549059059717,1.775065808718443,1.4675398216722642,1.5653669373788135,1.4579758036433286,1.6861384465184783,1.0714264874841732,1.5850608941045057,1
1.6754211472367457,-0.4370186087675581,-1.168717627632051,-0.8681093238500562,1,0,0,1,0,0,-0.0412600105000692,-0.4797847809917908,-0.3745195296897717,-0.31512776629494077,-0.3440910497865119,-0.12545064647860563,0.28809686085456776,-0.9171793883008086,-0.19457844932691098,-0.2927388909529115,-0.2272962428332319,-0.35814249097165485,0.4339157181578737,-0.5060937311506578,-1.8936666632389068,0.49053165155184797,-1.08129553869798,-0.2213508584292932,-0.16027754582615011,-0.329502323768793,-0.9062885911186589,-0.6381761984195368,0.7589322617639997,-0.6767227909261353,0.0793902169285884,0.329502323768793,0.16027754582614942,-0.48105256270404034,-1.760460932145692,-1.6069330893092284e-4,0.2531992501892221,-0.20406001926752979,0.16404522527173035,0.18764225758709038,0.2896456887631914,-0.046252995675895824,-0.8314172830871166,-0.5588081172337243,0.16025650409986858,0.533968283285125,0.2115177783965368,0.030432725387320277,-0.04248097655033679,-0.2089648391376897,0.10046155601764112,0
-0.894605088487027,-0.7462318004251005,-0.15484123025532542,-0.8681093238500562,1,0,0,1,0,0,-0.14221150653312897,-0.4361743751149757,-0.6175899766199587,0.05173611401219622,-0.7109789530097138,-0.37543136304104546,1.1993766521678835,0.8133672899060463,-0.6435737104835333,-0.016228182524492735,-1.1389792305551227,-0.21702915866492833,1.2582067944835063,0.8126876183441534,0.8928488815087963,-0.6069501539487877,0.19258667179849148,-0.6141283376696927,0.3041828515459608,-0.5976867361744845,-0.8557345382609848,-0.22193572197014494,0.2698604514090891,0.21288887471175308,0.8811519909759579,0.5976867361744845,-0.30418285154596153,0.605195468575612,0.641115017460903,-0.4186507255887879,-0.6512357844370638,-0.5454256239766699,-0.4660546508565234,1.0847935651441794,1.009431888773073,-0.5423417704240322,-0.7203933142394032,-0.02767187758659086,0.6072941082033162,0.6636309969500054,0.7192112130148905,0.9186817518577256,0.4514102871836102,0.18071947766026855,1.0283361423219313,1
1.7525219343084582,-0.12780541711001567,0.27967722576327125,-0.13478617003801185,1,0,0,1,0,0,-0.2684008765744537,-0.36407183739864146,-0.5664172509504457,-0.09871279589293881,-0.45311471984441287,-0.20370936812158769,-0.6853665845766124,-0.5825153598257748,0.4077597999008426,-0.8932623855697608,-0.7413135699813177,0.9182418879778751,1.619179357666802,-0.31419214824831293,-1.7321790574468743,0.28232493729763136,-0.6904761079299802,-0.7001117805758703,1.1680791906580918,0.09388569754642515,0.6390818270097377,-0.9357383418124594,-0.2737119718276468,0.5220755652980551,0.28022105949192605,-0.09388569754642515,-1.1680791906580925,0.27096530510494976,-1.3101654415944555,2.720024516510143,2.5013663362602756,1.9977481311064238,1.3612349899154128,3.694688278037531,3.058054150339658,1.814079909629618,0.7229182807808735,-0.7864379342253526,0.42482977999782756,0.20981149912292413,0.4145951522438788,0.4428340591057229,-0.12479618717266176,-0.09762646290970158,0.5953280020465953,0
0.72451144001895,0.28447883843337485,0.5693561964423357,-1.6014324776621007,1,0,0,1,0,0,-0.3945902466157784,-0.3024357970927428,-0.5024513438635544,-0.1855102439151321,-0.1581902790310473,-0.0892280381752825,-0.056449104934121246,0.9675159835105568,0.27888461376759244,-0.23129271418733588,-0.21495146063215675,1.7899835385983511,0.8885684970494505,0.3030485993431668,-0.3668781839804761,-0.3901792371982694,0.7511599952498375,0.8153435537271284,1.0520428134163116,1.3979208031972914,0.38129644428543497,-1.6954765617392793,-0.7733371143522365,1.0572989281143121,1.075471712745559,-1.3979208031972914,-1.0520428134163122,0.1317027369921738,-0.4846237089171882,-0.5005292101652823,-0.6124742829530796,-0.3064697006802721,0.19555021907814235,-0.13859458152457876,-0.5962450189412776,-0.4183195767369984,0.44535835866158957,-1.5452039908641146,0.34272083230535716,-0.127311556405765,0.2961333508329291,1.2993599060593275,-1.6064699783745033,-1.32234860141757,0.904619530814692,1
-0.4577006284139859,0.38754990231922204,0.27967722576327125,-1.8947617391869185,1,0,0,1,0,0,-0.4576849316364408,-0.2675474723912908,0.009275912831576286,-0.48756536303236475,0.5273750173084321,0.17103811037452069,0.8666377732980418,2.971722174387082,-0.5345170082781558,0.20141094715647592,0.22219991788500668,0.3237841072418956,-0.2971553198301126,0.743280500611774,3.2910811422861443,-1.8054695065714017,0.5918099296736509,-0.13611024058548596,-0.02757457514840374,0.4689510326955308,-0.4624038016691474,-0.7818491046479167,-1.083620078546802,0.31473540006418144,-0.4217559339288764,-0.4689510326955308,0.027574575148402326,1.245803281894381,4.243478941870796,1.6283113888235585,0.24027874969456073,0.47867119015075044,2.526919760752682,0.35076067714292497,0.40038202722625016,1.5040244254120325,-0.3595654154843339,-0.6346847228976005,0.42482977999782756,-0.23104172733766892,-0.093098282374475,0.664896315723324,0.03983423407198747,0.29205785388825667,0.34789477903211874,0
0.004904094016293398,0.15564000857606544,-0.15484123025532542,-0.13478617003801185,1,0,0,1,0,0,-0.20530619155379135,-0.407100771197099,-0.6047967952025805,0.02280363133813179,-0.6144732347460667,-0.33071209353077,-0.09411821317577834,1.1291077635485076,-1.9096335544542942,0.5753301173091027,-0.7065647823468728,-1.4196320070587825,0.2985558187359286,-0.2638869294302463,0.18413110685537504,-0.7341427799109588,0.6677056941679846,0.24884852345798059,-0.6247379431982625,-1.316601253463695,-0.13279904408959714,-1.3652773394971203,1.8727903486910633,-0.11514833466220419,1.1615209704645995,1.316601253463695,0.6247379431982617,-0.28608496734615396,0.11577027848446049,-0.1457224436671417,-0.4961897785011287,-0.22112829950298704,0.3215701943037938,-0.9541866793037505,-0.8177176958673952,-0.10826409251941274,-0.08200549336504998,-1.2416975682086098,0.22411901897178985,1.1822818516095268,1.0576735027604598,-0.3185222492974822,-0.6186874509066087,-1.1553410370755877,0.038603250264021984,1
0.72451144001895,-0.6689285025107157,-0.4445202009343899,-0.13478617003801185,1,0,0,1,0,0,-0.19268725454965888,-0.4175672686075346,-0.24658771551598904,-0.397874666742765,-0.05120778008907436,-0.013652472702916979,0.5883189629249824,0.37443658660029294,-0.07228935290354564,0.4354313033213518,0.6372271464429,0.24923386315306686,-0.474396516507246,0.4287998962467651,1.1724800582588597,-0.75426188548474,0.05912222734235654,-0.01325940915985156,-0.6910894285371356,1.0253393444399002,-0.38962003528394823,0.6606388175528629,-0.6591384870464226,-0.5296150105176086,-0.8413717315001205,-1.0253393444399008,0.691089428537135,0.6887530094432773,1.5417059985633763,0.9732835122116075,0.3824042551358344,0.39332978897346543,1.3927399837218248,0.02452383803125581,0.40038202722625016,1.3179911348814817,-0.6093693453916895,0.12408133374116129,-1.1899795246207467,-1.2942759793896883,-1.3792549834076382,-0.7309235830158842,-0.5363722402842841,-0.09762646290970158,-0.9511296417938885,1
-1.5885121721324456,-0.4885541407104817,1.4383931084795292,-1.161438585374874,1,0,0,1,0,0,-0.5586364276695006,-0.09019848849224284,-0.7839013350458762,0.5522680642735108,-0.8665882858874382,-0.4961733907187893,0.7354878402672425,0.2956495152382435,-1.8667816951966403,1.2157798163259863,0.06506625469601023,-0.12026715220041867,-0.8825633852609033,0.5451383392459024,-0.16620074221056316,-0.689256131945774,0.9948856308981835,0.36019382554648877,0.6912331826893887,-0.8495867060811616,-0.47801794024537547,-0.572284493062056,1.859317173893251,-0.6559285350363374,0.26706984681914436,0.8495867060811616,-0.6912331826893894,1.0229831729139398,0.340918023760079,1.6374089982209463,0.9509062769009282,1.3662217623945152,1.487254965141063,0.2692014673650073,-0.04256332662598434,1.2559800380379649,-0.8036612908751883,-1.0140677512169813,-1.8559743225707799,-0.8534227529290943,-1.0238695791747903,-1.9681275841710915,-0.04248097655033679,-0.4316415915936655,-1.8171459223445585,0
-1.2030082367738797,-1.5708003115118816,0.5693561964423357,2.2118479221605303,1,0,0,0,1,0,-0.07911682151246661,-0.4698997556597127,1.1094895147261072,-0.6547951128884572,0.6091973649207492,0.14465374136345815,-2.12753432893149,-0.8669983235606782,0.953306154497764,-1.8303476953670856,-1.2461115681166648,-0.36622685261496735,1.031081412938745,-0.29450232130919624,-0.4250311420828885,0.5438704930112973,-0.7641726098750485,-0.5910925672336707,1.2800437928331125,-1.7690215962405276,2.66412502487,0.7641955403889663,-0.756664054337705,1.7149411733318995,1.042919222997429,1.7690215962405276,-1.2800437928331134,-0.17467491285593337,-0.25947596364157,0.5093054329448095,0.7312577684916879,0.3591932285025509,-0.15100471279239655,1.9819448727012692,1.3416409041622488,0.07776919801113909,2.5478747687151646,0.7690324818841089,0.13972926717675163,-0.27966524496199907,0.3934412591347807,0.6093807515689234,0.8218287349840708,0.013711913318286572,0.16231986177126023,1
-0.04649643069818187,-1.0554449920826439,-0.4445202009343899,-0.13478617003801185,1,0,0,1,0,0,0.980873886834661,-0.6484116837154758,-0.5280377066983108,-0.16236425777588057,-1.1380840205275606,-0.3731953995655317,-0.43833243634369495,0.8359284111064282,0.6077196722863194,-0.5919024349798504,-0.47896469924135937,-0.35133372090085657,0.3899815802664863,-0.7591998531773658,0.44442709355840293,0.892107600732388,-0.5341139182282777,-0.23952042810743182,-0.7099870034754222,0.22497917377587734,-0.1490716249853249,-0.7021206720793112,0.0657089534620808,0.27000378488989557,0.38883248759371747,-0.22497917377587734,0.7099870034754215,-0.5924626171942612,0.7161642658861095,0.8095265430586199,1.1963957862994923,0.8883099158017184,-0.11949971898598452,0.10608304780917345,0.5111183656893089,1.0079356506638961,-0.4150773999081907,-0.9381911455531051,-1.1626098753899237,-0.9571529238609991,-0.8038690908401701,-0.7309235830158842,-0.8656330827735822,-0.8769950965056176,-0.8892713360402683,0
-0.4320003660567478,-0.9008383962538722,-0.8790386569529866,-0.13478617003801185,1,0,0,1,0,0,-0.356733435603381,-0.31929848736511135,-0.15703544559434116,-0.4314363466446798,0.2320960445584227,0.08786026908540832,-1.3967293941293581,-1.4559327005182048,1.036712368928099,-0.6087372944492713,0.5434932888418494,0.23499902734695438,-1.1953659030783865,-0.9308414487566603,-0.9023899027770363,0.6598914939343551,-0.5607435653851849,0.15657065526770148,0.8847583482611033,-0.5569819125050662,1.0121004148727626,1.0943189279863759,-0.7540932266836978,0.26634109166133807,-0.5537071227390378,0.5569819125050662,-0.884758348261104,-0.8431352397972577,-0.7848207026180125,0.2636699792153276,0.5762117625557528,0.3079883877961804,0.16404522527173035,0.18764225758709038,-0.2086678343205727,0.07776919801113909,0.6396503041450882,0.6552175733882943,-0.7794347861583975,-1.0090180093269512,-0.8546384343020056,-0.6040308649486834,0.8629863402952329,0.6260729825722207,-1.0748462533011267,0
0.3904080293748593,-1.235819353882877,-1.8929150543297122,-0.13478617003801185,1,0,0,1,0,0,0.021834674520593164,-0.49257716671565654,0.23955317834438508,-0.5344359849643492,0.14328956210353586,0.03419714567307777,0.47156802038079154,0.045733382442814136,-1.907352770596984,1.58603454660093,0.422849680407655,0.24994193980893278,-0.23068556267554044,-0.6577964417528848,-0.6469876903965407,-1.1527398096107293,0.24166163106524682,-0.46240487836794153,-0.5745260083472232,0.910698895591472,-1.3129892655983253,-0.7109085679478155,1.4490227952467885,-1.9030028134164922,-1.0011736579205521,-0.910698895591472,0.57452600834722245,-0.5924626171942612,-0.5596729573423944,0.1817914946388332,-0.4574282770171454,-0.34060626115118536,0.5736101447550955,-0.05703537174666111,0.2342775195316623,0.139780294854656,-1.2200011740541141,-0.6346847228976005,0.13288685486904556,0.8710913388138142,-0.0423289389126401,-0.635754044465484,-0.04248097655033679,0.45906541823023866,-0.023255055489598248,1
0.004904094016293398,0.0783367106616796,-0.15484123025532542,3.2385003374973924,1,0,0,1,0,0,-0.20530619155379135,-0.407100771197099,-0.0035172685858019803,-0.4864080637254022,0.18135774518394682,0.06281747815965406,-2.157023824253873,-0.2548387906961792,-1.2329193474158093,-1.374003788087091,-1.7256927358976293,-1.7164714665969827,0.7498542582054883,-0.1213329889197071,0.00600700585186728,-0.5121418139096316,0.5650952460861867,0.4303838811807632,-0.16027754582615011,-2.182101039645461,2.8781596425012563,0.35579192442197416,1.1707889187491125,2.4165292471488145,2.6636711666813517,2.182101039645461,0.16027754582614942,-0.14682239923337803,-0.03432821836595151,-0.10933200607758836,-0.354064273059855,-0.11871861809024475,0.3845801819166189,-0.7910682597479163,-0.8177176958673952,-0.10826409251941274,3.4430055175498557,0.8069707847160468,1.2824121225636245,1.791696605834465,2.9192160963610903,0.41111087958892223,-0.5363722402842841,-1.32234860141757,1.646919199858125,1
-0.4320003660567478,-1.2100515879114147,-0.8790386569529866,0.5985369837740325,1,0,0,1,0,0,-0.785777293743885,0.6162900867121612,-0.09306953850744984,-0.4649980265465945,1.7713476122513325,0.8333304918217003,-0.04082745025194629,0.8297271393194083,-1.11478543217003,0.5554028123636304,-0.1727144521421003,-0.6875239127239926,-0.4233644164965063,-0.34150672198810206,0.908586332719901,-1.167156435479849,0.23968167452465947,-0.5536154504546169,-0.025828483428959336,-0.9120842410985298,-0.2844579293338813,-0.22862469556240342,0.35106937378976755,-0.5126491222897835,-0.3159604882231093,0.9120842410985298,0.02582848342895863,0.0759977097470634,1.6918044954137887,1.9467277177321458,0.8863037744276221,0.9565830367435462,1.833809897011603,1.247911984700014,1.397009073393778,2.00011320016017,-0.24854144663662048,-0.17942508891434333,0.12376363845877164,0.28760912732185256,0.05920974801103089,-0.15990635171348128,1.2745623934068555,0.848749735028197,-0.08511336124321738,0
-1.0488066626304537,-0.9008383962538722,-0.15484123025532542,-0.13478617003801185,1,0,0,1,0,0,-0.5081606796529707,-0.16578985867872228,-0.15703544559434116,-0.4314363466446798,0.4819053940169436,0.20591914059253555,-0.8409346773059778,-0.6583946928107021,0.7366048092064292,0.009886680585873742,0.672992294869397,-0.6008979058722614,-1.3694844940458164,-0.19880201020471486,-0.2717647676488836,0.49940032292815045,0.26629385355370433,0.4679931701543759,-0.16027754582615011,-0.6605917564372907,0.9706995132298243,0.6314193999244153,-0.5051142880331191,0.25069615915650306,-0.4180187006009933,0.6605917564372907,0.16027754582614942,-0.3696425082138195,-0.4846237089171882,-0.7825551014843162,-0.43158727602782254,-0.3064697006802721,-0.7495995951142377,-0.7910682597479163,-0.8177176958673952,-0.6663639641110671,0.6118943119331598,0.27583454506891375,-0.7611883533378483,-0.8793552956620708,-0.7361766328910565,-0.667477223982284,0.8629863402952329,0.5704037944582268,-1.0748462533011267,1
0.3904080293748593,-0.12780541711001567,-1.8929150543297122,-0.13478617003801185,1,0,0,1,0,0,0.021834674520593164,-0.49257716671565654,-0.5664172509504457,-0.09871279589293881,-0.7248812947094848,-0.30253895373929646,-0.8852229990581159,0.18754000722799244,-0.5579260954365192,-0.3146162890790676,-0.2627296641959707,0.09053852840272932,0.3381361524217795,-0.622501028227296,-0.6016204639024189,-1.1661137469387464,0.14559937951428192,-0.10258551554560481,-0.34274413050805214,0.4634132099205562,0.6089284362085451,-0.860094719196555,-0.4091281929958417,0.5694001615663072,0.24140664161374537,-0.46341320992055685,0.34274413050805214,-0.5367575899491508,-0.4846237089171882,0.3091580262022686,-0.3669847735545164,-0.2894014204448148,1.109195039464111,-0.13859458152457876,0.012804842605544792,0.2638024885416898,0.5841383197212315,-0.7864379342253526,0.0872707728176734,-0.1402778277722523,0.09305597698558829,0.2524949820049213,-0.6186874509066087,-0.48731077970765985,0.16231986177126023,0
-1.0488066626304537,-0.12780541711001567,-0.15484123025532542,-0.13478617003801185,1,0,0,1,0,0,-0.5081606796529707,-0.16578985867872228,-0.5664172509504457,-0.09871279589293881,-0.09200628445211761,-0.051216659091548364,-0.6695998039768785,0.5919600952171783,0.9860005451430149,-0.43758099309270954,0.08263890144339647,-0.37803848699549114,-0.22726642396662425,-0.19322251522324652,-0.00494992430129555,0.72708007094667515,0.05474696114686305,0.23373874407270365,0.05260013630273529,-0.567767582660665,0.7380291667567503,-0.8174425336519608,-0.6172504244576182,0.6454298408169414,0.12076577083555848,0.567767582660665,-0.052600136302735995,-0.2582324537235989,-0.10937746679115769,-0.30947941282012914,0.09815324425328795,0.12023730520615308,-0.6865896075014126,-0.46483142063624716,-0.5408768497097485,-0.29429738304996345,0.41760236644966076,-0.9381911455531051,-0.7611883533378483,-0.9312203811280227,-0.6515610604546642,-0.3502454288142823,-0.37174181903963527,-0.6543183440496418,-1.136704559054746,0
0.5189093411610479,-0.41125084279609675,1.4383931084795292,0.3052077222492148,1,0,0,1,0,0,-0.40720918361991093,-0.29952843670095514,0.32910544826603294,-0.5558460221431568,0.6510841515581108,0.19921125016599422,1.6730704539835555,0.5920193770363076,0.09225782594885011,1.2300023030550904,1.14979244075546,1.9069535419323647,0.19856838553793812,1.6993282909695075,1.0032244129512506,0.23585484911849514,0.8765967617989928,1.1270216707506209,1.4494276669840473,1.163332477313009,-0.6284963875524637,0.19244301938720199,0.1108918388816076,-0.7924354147908753,-0.39446918065740827,-1.163332477313009,-1.449427666984048,2.137083717816147,1.4666567501381707,1.2007237471463126,1.1576342848155081,1.519836284513628,1.0776900456576979,0.8401159358104279,0.17890935030013266,1.1939689411944467,-0.6926373220274746,-0.02767187758659086,-0.5787240251323598,-0.4385020692014777,-0.7023304039164997,-0.3185222492974822,-1.1948939252628807,-0.8769950965056176,-0.6418381130257917,1
-0.4063001036995106,-0.23087648099586283,-2.617112481027373,0.5985369837740325,1,0,0,0,1,0,-0.4703038686405733,-0.20940026455553734,0.9431781563001896,-0.6380142729374998,1.0297416899193474,0.3320274806115123,-0.8046860586464223,-0.39102973557266907,-0.010802056286977073,-0.7333354258995228,-0.09982089209747054,-0.4282801808555806,0.3740583433639591,-1.4531455052098663,-1.1492016997172023,0.8839493234800935,-1.4308179591188088,-0.43369631529935526,-0.7703150826731027,0.17986603418274572,-0.3330303141360738,-0.6145444512752255,0.9030505951650434,-0.4280857461312082,-0.29364799120022,-0.17986603418274572,0.7703150826731019,-1.3723329986258064,-1.0850176963188372,-0.082039177885424,0.3824042551358344,-0.23819657973844427,-0.15100471279239655,-0.46483142063624716,-0.1532996650890431,-0.4803306735805153,-0.5538573609678327,-0.8623145398892288,-1.1352402261590995,-0.5681647828663581,-0.685407289429221,-1.4605567119022886,-0.9479482933959068,-0.9883334727336057,-1.3222794763156045,1
-0.04649643069818187,-1.2615871198543382,-0.4445202009343899,-0.4281154315628296,1,0,0,1,0,0,0.9177792018139987,-0.6402710746184702,0.44424408102243734,-0.5714695627871517,-0.2150374937689162,-0.05076946639644561,-0.4892232068271588,-0.1629266053235907,1.8696114305044174,0.40508958639656567,0.892882837171238,0.6604849420838648,-0.6288110415939948,-0.9134995974999979,0.11212711816185428,1.1947648186798738,-0.8786435427441766,-0.2867840834184762,-0.591162492785821,1.4871304482518777,-0.23248125627810087,0.3359483644402248,-1.3551980377598043,-1.4184977934746754,-1.4407802575865805,-1.487130448251877,0.5911624927858203,-0.6760201580619267,0.5660657690356972,1.373578325696689,1.8941028130111983,1.349153482159058,0.19555021907814235,0.35076067714292497,0.7325910426154264,1.3179911348814817,-0.47058938433204756,-0.1035484832504671,-1.1169937933385516,-1.5406351353529608,-1.870025303538713,-0.15990635171348128,-0.6186874509066087,0.06938110143228039,-1.3841377820692236,1
0.7502117023761872,-2.034620098998195,-1.168717627632051,0.3052077222492148,1,0,0,1,0,0,0.021834674520593164,-0.4873439180104387,0.11162136417060241,-0.519969743627317,0.061917318548039696,0.027042062551433693,-0.42029920811949634,0.57296107514287,-0.48309087702261794,-0.2218675749805685,0.04288822321169222,1.0996317141092335,0.5976814499162363,-1.264814096307734,0.8293881204562303,0.1342001122726456,-1.3488920774774205,-0.9283813951423399,0.4783555005605047,1.0253393444399002,-0.6793510620734808,0.0444557551472384,0.7952595831546186,-1.0378095137319165,-0.9621405282472204,-1.0253393444399008,-0.4783555005605054,-1.2330704305130304,0.5660657690356972,-0.46413877257572894,-0.3282232720705331,-0.8185181077439823,-0.34003467563087314,0.758556726032511,0.5664865349208381,-0.790386157798101,-0.007989514133240944,1.33810702436318,3.891652015902111,3.918165109938503,3.0094727069599094,1.4685501968155947,1.439192814651505,2.426043398258028,4.080012559500485,1
0.31330724230314594,-1.8027102052550381,0.27967722576327125,-0.13478617003801185,1,0,0,1,0,0,-0.3188766245909836,-0.3373241217941949,-0.6559695208720935,0.06388775673530328,-0.6307278175721257,-0.308799651470735,0.8564520190675314,0.7658823640136604,-1.6645383162225151,1.055494339445522,0.4396729022898885,-1.3493555272387858,-0.9383031339629442,0.17674585749878088,0.5971287177703922,-0.49307302882549786,0.7435945902673459,0.5334043735080792,-1.321428539256431,-0.529783266025729,-1.0143150025872942,-0.4530071392258291,1.779988798451858,-0.6885690908423957,-0.05083075438805588,0.529783266025729,1.3214285392564302,-0.03541234474315745,0.26586877533487285,-0.7097742263052108,-0.8321227913623208,-0.5283573437412127,-0.11949971898598452,-1.1988643086375024,-0.8177176958673952,-0.10826409251941274,-0.7759052986632599,-0.02767187758659086,1.464876450769113,2.336280003226962,1.8192136546879905,-0.2550758902638815,1.439192814651505,1.2384340518261547,1.3994859768436472,1
2.138025869667024,-0.17934094905293926,2.452269505856255,0.3052077222492148,0,1,0,1,0,0,0.47611640666936217,-0.5821238667827168,2.158530390951125,-0.7236544216527305,0.5281192538574101,0.11156148192585431,0.8584550912904091,1.0466251782526172,0.5491852806162223,0.6772873682484468,0.7742421456283596,1.3720540384464903,-0.1291184875902132,1.638955684052395,1.644011048751644,0.38326687306229934,0.11753903636770299,0.1485133437316538,0.010024599876957354,1.8613757884808737,0.44392250672612915,0.2104082752684839,-0.3656084311069033,-0.7984218431254354,-0.8615583341959151,-1.8613757884808737,-0.010024599876958064,1.6078859589875987,1.6167552469885829,0.1817914946388332,0.3565632541465125,0.39332978897346543,-0.18250970659880966,0.2692014673650073,0.2896456887631914,0.38782468222872474,-0.19302946221276363,-0.5046105417595268,-1.9667562361241124,-1.8055175361255025,-1.9183770592166514,-1.3563234077756592,-1.2654498200820157,-0.6225073794130739,-1.6934293108373202,1
0.31330724230314594,-0.17934094905293926,-0.15484123025532542,0.5985369837740325,1,0,0,0,1,0,0.4634974696652297,-0.5803794505476442,1.9154599440209379,-0.7138173775435486,0.47922733697198866,0.10530078419441576,0.6719015192180113,2.8496583311260446,-1.6185521739891267,2.3800265290653195,1.788719419289396,-1.3322649320957825,-3.1214714782111046,0.6617079115694747,1.2804488406150087,-1.1113886752264832,0.08072979761404166,-0.4802994611158951,-1.1128149709452282,-0.7133741297612541,-0.27312466979540306,-2.6285199506224295,1.09577660697456,-3.135212008870019,-2.794341790410624,0.7133741297612541,1.1128149709452275,0.18740776423728422,0.5660657690356972,-1.2738260089432798,-1.5556708190633497,-1.4500444764558913,-0.49755964466293656,-0.9541866793037505,-0.5962450189412776,-1.1624527388592034,-0.7481493064513315,-2.4557232588306284,-2.2665190610331294,-1.5276688639864726,-2.377718738157067,-2.4439752769230942,1.439192814651505,1.127095675598167,-2.9305954259097073,1
-1.5628119097752085,-1.0296772261111817,-0.4445202009343899,-0.13478617003801185,1,0,0,1,0,0,0.5644489656982895,-0.5891015317230072,-0.5280377066983108,-0.10739254069515815,-0.9667456024696958,-0.37006505069981244,0.3374770355086998,-0.18309325272565566,-0.8825682748157491,-0.12003324986380484,-0.024573464591160964,1.058517128351699,0.6086233973511846,0.24213059289705352,-0.23365785251325877,-0.3278074935481106,-0.26484192739940776,-0.06258653727937166,1.4008254564523381,0.05436948222367098,-0.22733599749177766,0.017227928082256018,0.8770854805036642,-0.1004555450054292,-0.029156864694610634,-0.05436948222367098,-1.4008254564523388,1.245803281894381,0.8662627627365218,3.6661758938385174,2.850219849616129,2.561001378876506,3.220029624493761,2.879096180258358,2.1167952734036595,2.620224168595341,-0.24854144663662048,-0.02767187758659086,-0.12256320461863823,0.3394742127878045,0.27921023634565156,-0.826093121566285,-0.20711139779498602,-0.2089648391376897,-0.08511336124321738,0
-0.1749977424843705,-0.5658574386248675,-0.8790386569529866,-0.4281154315628296,1,0,0,1,0,0,2.1922918392313786,-0.7309807188422456,-0.4512786181940413,-0.2838806850069512,-1.3376646092725817,-0.3427862962985444,1.6181859847322135,-0.2923201149473476,-0.8775631474510871,1.364977316835038,0.8311592234968024,-0.01189030179346573,-1.3253383454029921,0.6970280711547358,1.6953467605712225,-1.3403067250182268,0.1708882865584151,-0.6199226491050042,-0.37315522795503414,0.3538738583276802,-1.5536647669180237,2.099579699419328,-0.14722077885041213,-1.6745463943480143,-1.6857815060686374,-0.3538738583276802,0.3731552279550334,0.9579939744613107,2.067050737539819,0.930828001690461,0.007709740790658993,0.08041131799008658,1.2247133500876244,0.3235742738836193,0.5664865349208381,0.6565394352172991,-1.497561096173398,1.4898602356909325,-0.7885580025686714,-0.7367263106307022,-1.277716296483967,-0.826093121566285,0.8629863402952329,1.1827648637121608,-1.0748462533011267,1
-0.5091011531284612,-0.7719995663965628,0.27967722576327125,1.478524768348486,1,0,0,1,0,0,0.48873534367349464,-0.5827053388610743,1.3525599616562942,-0.6808343472951152,0.3173983757832462,0.07802202979314772,-1.0060649225568152,-0.8498528131813408,1.5420681622087529,-0.06828251429403341,0.3456910073695851,-0.25569792030856286,-0.909150695491962,-0.6756947916988661,-0.7927199890473541,1.8016913365998621,-0.9067418574963534,-0.44059142921344796,-0.0741697193470499,-0.27518084178872726,0.723811490754267,0.3723201740861542,-0.29753279849585607,-0.8068644327871255,-0.8795670165946147,0.27518084178872726,0.07416971934704919,-0.5089050763265954,-0.5596729573423944,0.7913313242638433,1.70029530559128,1.1614023995690306,-0.8756195703398886,0.9216751455883455,1.0648000580046022,1.069946747507413,0.8061862574166584,0.5034643620605421,0.42482977999782756,0.19684522775643593,-0.14386762583630988,0.28421816152172197,2.0153992890077768,2.017802685422071,0.47161139053935697,0
0.23620645523143258,0.23294330649045036,-0.15484123025532542,-0.8681093238500562,1,0,0,1,0,0,1.9146752251404642,-0.7210956935101674,0.40586453677030254,-0.5697336138267077,-0.5309276475175793,-0.11427082910103677,0.451026407985862,-0.6545996240474999,-0.5433466020158708,0.2059615636473119,0.7118461751170831,0.0063965768891249344,-0.783578867256056,-0.24870044827762236,-1.6728585543796446,0.05431256619175513,-0.1717455637590621,0.16028907432851322,0.03622492998512883,-0.027203276549727037,-0.8756617570754625,-0.777374449205711,0.7973518983134105,-0.44854074605573635,-0.7689438076605485,0.027203276549727737,-0.036224929985129536,-0.3417899945912644,-1.6103624352952797,-0.46413877257572894,-0.3669847735545164,-0.40887938209301433,-0.11949971898598452,-0.22015379130249568,-0.26403600355210183,-0.4803306735805153,-0.859173275299045,-0.7864379342253526,-0.25028823436248077,0.1838789563899486,-0.008482709938082702,-1.2702176348014877,0.5337254978059351,0.5704037944582268,-0.7036964187794109,0
-0.04649643069818187,-2.034620098998195,0.5693561964423357,0.5985369837740325,1,0,0,1,0,0,-0.19268725454965888,-0.41291549198067434,-0.06748317567269331,-0.46731262516051963,0.1172673139351169,0.043588192270235616,-0.6540327850696854,-1.4805329214374112,1.4383577754053463,-0.8252268773306457,0.04133774588646329,-1.0613639618443798,-0.6751572070410587,-0.6229387338244267,-0.7576279356280992,-0.034134359826376214,-0.6900821234648756,-0.2862163255927136,-1.1128149709452282,-0.3438975164935092,0.28701546558850227,1.273102864040676,-2.0005850039702135,0.4305546512033983,-0.33317562866213135,0.3438975164935085,1.1128149709452275,-0.6481676444393714,-0.7848207026180125,-0.3367722410122935,-0.3023822710812103,-0.5454256239766699,0.006520256239666901,-0.9541866793037505,-0.5962450189412776,-0.4183195767369984,0.3898463742377325,1.413983630027056,0.4704458620491997,-0.6978274965312384,-0.4992530300691578,1.6165917012273294,0.6983559190505837,0.5704037944582268,0.16231986177126023,1
-0.7661037767008384,0.1298722426046032,1.0038746524609323,-2.334755631474145,1,0,0,1,0,0,0.22373766658671274,-0.5373505167491867,-0.31055362260288033,-0.35042539515729937,-0.4520933431345363,-0.14244396889251032,0.7720084613907581,-1.4564523427089164,0.4996015944665778,-0.4570227676615167,0.07509199864188054,0.11768061713573977,0.13908185926694824,-0.4224971925364133,-0.6062413535979988,0.29494471348880685,-1.745762061721473,-1.168925402725078,-0.8434663861467556,0.9970420184583276,-1.4956507749833108,1.3917072685922196,-0.3865811236917824,-1.1136595021640194,-1.2388514188298312,-0.9970420184583276,0.843466386146755,-0.3974950218363748,-0.5596729573423944,0.02713213488323473,0.17567624722125458,-0.5454256239766699,-0.05648973137315825,0.35076067714292497,0.8986955503100138,-0.29429738304996345,-1.4420491117495413,0.9587239960437993,-0.669956189235104,-0.7496925819971905,-1.0915620371239039,-0.5405845059150832,-0.04248097655033679,0.514734606344233,-0.6418381130257917,1
0.004904094016293398,0.5163887321765315,-0.15484123025532542,-0.4281154315628296,1,0,0,1,0,0,-0.20530619155379135,-0.407100771197099,-0.5408308881156891,-0.10739254069515815,-0.46758293208315554,-0.23009373713265022,-0.573997133028509,-0.6327486405324867,0.8151208958260034,-0.23468220250117824,0.3825174091167345,-1.1227886042774122,-0.9177605806569659,-0.242224136784847,0.00600700585186728,-0.43610545979061405,0.7790218361800009,0.8649144206521643,-0.2645441656443792,-1.2689780594871891,0.5561294826801391,0.8744850532546616,-1.552541500545156,1.0895052326849342,0.3471292238235481,1.2689780594871891,0.2645441656443785,-0.2582324537235989,-0.03432821836595151,-0.10933200607758836,-0.3153027715758717,7.593435579547688e-4,0.5736101447550955,-1.1173050988595852,-1.149926711256571,-0.046252995675895824,0.6674062963570164,1.0346006017076752,0.5069387276902979,-0.4255357978349895,0.008440404549195996,1.4579758036433286,0.9453015509175579,0.3477270420022505,0.5334696962929761,0
2.138025869667024,-0.8493028643109486,0.5693561964423357,-0.8681093238500562,0,1,0,1,0,0,0.4256406586528323,-0.5751462018424264,0.12441454558798068,-0.519969743627317,-0.18335043036070348,-0.040484034409082256,2.078392605314996,0.1692153827633949,0.19416039024402515,1.0220792982873022,1.6101067620056142,0.05068606047586414,-2.2438877170632785,2.1679183155709927,2.1899840646665965,-0.2890245494722904,1.568405435225769,1.3676124428575662,0.2567889334467663,-0.18555039652161812,-0.7238970742600235,1.9616245372165182,-0.555865556673517,0.17444078883573808,-0.7580102808523334,0.18555039652161812,-0.25678893344676695,1.8585585815905954,1.841902992264201,-0.30947941282012914,-0.40574627503850064,0.20557870638343811,0.19555021907814235,-0.9541866793037505,-1.149926711256571,0.07776919801113909,-1.0257092285706153,0.5793409677244183,-2.175286896930385,-2.0463197186459943,-1.870025303538713,-1.8095116865870906,0.6160407084282594,0.5704037944582268,-1.6934293108373202,0
-1.1773079744166424,-1.2873548858258006,0.5693561964423357,-0.8681093238500562,1,0,0,1,0,0,-0.1295925695289965,-0.4262893497828976,0.8920054306306766,-0.6316491267492056,0.5776140134825191,0.16030548569205458,-0.2599050132562797,-0.054039984008486176,1.4848176088893161,-0.33418334304531583,0.18629474720122818,0.9346609169900784,0.6357596146045157,-0.2748870564935081,-0.39969140204399084,0.28906093785505765,-0.660917839266551,-0.46284991076430104,0.2905222516232541,0.9866295824910817,0.08674033976945479,-0.3262304983887435,-1.7393170474222814,-0.20389467914916237,-0.6940751467626153,-0.9866295824910817,-0.29052225162325485,-0.17467491285593337,-0.25947596364157,0.41832933897092733,0.5116092600824467,0.20557870638343811,0.06953024385249205,0.9216751455883455,0.8433273810784847,0.2638024885416898,0.3898463742377325,0.04820472807728505,1.2367960405122524,0.002351157259115363,-0.07617516788719629,2.0607162144625315,-0.12479618717266176,0.4033962301162448,1.1520527538291696,0
-0.14929748012713334,0.8771374557769975,-0.4445202009343899,-1.161438585374874,1,0,0,1,0,0,-0.6217311126901629,0.05516953109714072,0.03486227566633282,-0.49566645818110283,0.9203477684363672,0.42549075388798807,0.10692079864758768,-0.4959693358642352,1.3441197178450317,0.8118068350866925,1.6778726237132922,1.6996103335642536,-1.0170902983674504,-0.7048959309230673,-1.6578327805156496,1.3847880038239115,0.16551793460187536,1.0046132991832586,0.9277639406103714,1.3979208031972914,-0.8529996819032175,-0.9800470076214451,-0.44587828717419886,-0.9325739101605153,-1.2005072317182865,-1.3979208031972914,-0.927763940610372,-0.7595776989295921,-1.6103624352952797,-0.5733100853443877,0.17567624722125458,0.2397152668543526,-0.8126095827270634,-0.46483142063624716,-0.8730858650989243,-0.4803306735805153,-1.0257092285706153,-1.2416975682086098,-1.5731546138522732,-1.5147025926199844,-1.7007941586659285,-1.206771275767887,-0.7010026615289333,-0.09762646290970158,-1.3222794763156045,1
-0.27779879191332196,-0.978141694168258,-0.4445202009343899,-1.161438585374874,1,0,0,1,0,0,-0.6848257977108253,0.14529770324255853,1.7235622227602638,-0.7039803334343667,1.847254108515996,0.6557949918659066,0.7777886845812954,0.6837342764453812,-0.49556059053818624,1.6798932951907266,1.4518477344039038,-0.36439705882738643,-1.9051867145514436,0.15921055946523488,2.0240947556563826,-0.4065771227364648,0.6836773173113164,0.12787208764451694,-1.2010128806784757,0.6941558255444424,-0.9224527842893094,1.0892469404133391,0.26887713044185035,-1.591504739398039,-1.762630955066217,-0.6941558255444424,1.201012880678475,-0.11896988561082296,1.3165582532877582,-0.9645072894320803,-1.0000892977929163,-0.71610842633123994,-0.6865896075014126,-1.1988643086375024,-0.8730858650989243,-0.5423417704240322,-0.9701972441467586,0.6552175733882943,-0.7703115697481222,-0.5292659687668935,-1.0746389226366257,-1.238494455284687,0.6160407084282594,1.127095675598167,-1.0129879475475077,0
-0.3034990542705592,-1.8542457371979617,-0.8790386569529866,1.0385308760612593,1,0,0,1,0,0,0.1858808555743153,-0.5309543238872538,-0.5152445252809326,-0.15715641089454896,-0.7344913508946546,-0.28688720941070006,-0.5108363536228534,-0.16252464680104628,1.4070953207635755,0.8250791619127382,1.3921257951382453,-0.07242962657030598,-1.0273986154021426,0.44407002805525875,-0.33370876542251426,0.8309864999425606,1.0618567810281725,1.5731999939436594,-1.1334326641296226,1.0253393444398995,1.1540399245634803,-0.11123193724630494,-1.0884851490463603,-0.061709710764866726,-0.2739081188309714,-1.0253393444398995,1.133432664129622,0.4659329004628361,-0.25947596364157,0.1908891040362222,0.6020527635450756,1.0419244379208312,0.038025250046078915,-1.6882195673050053,-1.5375038958772762,0.5738579727592754,0.5008703430854462,-0.5588081172337243,-1.4363063676981567,-1.6702978490178413,-1.5823323572549794,-0.4136917878478824,-1.277209135885205,-1.0440026608476,-1.569712699330082,1
-0.5348014154856993,-0.6431607365392533,1.7280720791585935,-1.6014324776621007,1,0,0,1,0,0,-0.356733435603381,-0.31929848736511135,-0.7455217907937414,0.4481111266468789,-0.9594571045273151,-0.5918726274707787,0.6086319972856458,-2.6492916991533653,-0.14579569007487017,0.5852934201249094,1.0208119408072083,1.1633212333189042,-0.40958423288085427,0.190512859432056,-0.5630914314437222,0.9020981217605636,-0.018940470030740977,0.89873824278577,1.215239784852797,0.38137139103206524,-0.6559594035712785,3.0721433649194894,1.105829206875034,-0.8094746964674597,-0.44966254942396194,-0.38137139103206524,-1.2152397848527976,0.2152602778598393,-0.4846237089171882,0.16359627584405784,0.6149732640397371,0.5810808715634928,0.16404522527173035,0.2692014673650073,-0.26403600355210183,0.20179139169817292,-0.49834537654397587,3.3867753772878366,0.7350191379471587,1.2471132084419672,0.7869036709640054,-0.3502454288142823,0.36909507656128593,0.6260729825722207,0.8427612250610729,0
0.5189093411610479,0.15564000857606544,-0.15484123025532542,-1.6014324776621007,1,0,0,1,0,0,0.5139732176817596,-0.5861941713312195,-0.7327286093763631,0.37577991996171783,-1.5715772889705073,-0.7412349876350988,-0.3798052724296947,4.298726492218132,-1.0073944100307848,-0.5288773624775721,-2.2130795512405497,-2.6165082456861977,0.5595762179978604,-1.4184893031000236,5.526188157477372,-0.8088748813992631,-1.4038584367343743,-3.0871692159189865,-4.340421122175159,0.7361716451058063,-0.8892093213089671,-0.3641230343859621,0.5643006582145152,-0.6775627983739237,-0.13690806629375657,-0.7361716451058063,4.340421122175159,-1.4094696834558798,4.068364028878648,-1.0403207010769815,-1.2412719736932594,-1.6264167055556134,-1.8207693845322692,-1.85133798686084,0.1973654067106424,-0.8937379858706291,-0.8314172830871166,-0.3311783002420958,0.041654690766301246,0.3265079414213163,0.025363519036474696,-0.09645999267988113,-0.4540570296619595,-0.15329565102369538,-0.2706882785040748,0
0.8273124894479005,0.928672987719922,-0.8790386569529866,-0.4281154315628296,1,0,0,1,0,0,0.26159447759911014,-0.5478170141596223,0.9687645191349462,-0.6397502218979436,0.31582197792563677,0.07310291014701742,0.0912390963012341,-0.22997966666438482,0.33845508138263997,-0.3328881999000567,0.19115277389491994,-0.5055915943765652,-0.3348333061781141,-0.7614183440726326,0.3240836406174972,-0.4018852249857728,-1.681509020673352,-1.5300122494360837,-2.104772194525814,1.3979208031972914,-0.8876704222914185,0.6403141866926193,-0.866535328009767,-1.217645079089003,-1.7422671368084826,-1.3979208031972914,2.1047721945258133,-0.9545452942874786,-0.25947596364157,-1.5194614626727603,-1.4523068151060594,-1.893819762577773,-1.0016395455655394,-1.0357458890816678,-0.1532996650890431,-1.3484860293897554,-0.9424412519348303,0.27583454506891375,-0.7794347861583975,-1.060883094792903,-1.396178097894916,-0.635754044465484,-0.28942660841731066,0.45906541823023866,-0.9511296417938885,0
1.7011214095939837,1.2636539453489257,-1.168717627632051,-0.4281154315628296,1,0,0,1,0,0,-0.016022136491804253,-0.4797847809917908,0.07324181991846762,-0.5124472981320601,0.06510768258343377,0.027042062551433693,0.1488928552384281,-0.9767242754042964,0.7338304167729808,-0.6346586123363053,-0.11163433148290199,-7.817214250576774e-4,0.4025268097300796,-0.5899598810750915,-1.4340613313044106,0.16474034913115537,-1.3885060756452239,-0.748214572917462,-0.5702641928891875,0.5645149086083918,-0.7965201015479922,-0.09602644009059602,-0.8376225998150414,-0.5194360157961019,-0.5853558039770056,-0.5645149086083918,0.5702641928891868,-0.6203151308168162,-1.3852146900196616,-0.3458698504096825,-0.21193876761858224,-0.7331767065666972,-0.08799472517957138,0.2692014673650073,0.6218547041523672,-0.23228628620644656,-0.7203933142394032,-0.02767187758659086,0.20587258615124074,-0.2699405414371327,-0.44848368660732285,0.6966194952401235,0.03983423407198747,0.3477270420022505,0.22417816752487937,1
1.3927182613071303,0.7225308599482267,-0.4445202009343899,0.5985369837740325,1,0,0,1,0,0,0.19849979257844777,-0.5350246284357565,-0.4128990739419065,-0.2983469263439834,-0.5717381804767214,-0.1809025406713472,-0.04715940234241024,-0.667251178896848,0.5195525231163695,-1.3215516720296463,-1.789505605156817,-1.4517644252832607,0.8362263838778726,0.2168778611239914,-0.9389730544309007,0.2936539839033431,-1.2050429185787848,-1.4608339859349437,-0.871666255725209,-1.1155255455628834,0.2822781003854633,-0.024819409843368216,-0.4151517702720182,0.5904311192480122,0.9002248704663837,1.1155255455628834,0.8716662557252083,0.2152602778598393,-0.8598699510432187,0.07262018187017576,0.21443774870523882,-0.2894014204448148,-0.7180946013078251,0.02452383803125581,0.5111183656893089,-0.29429738304996345,0.25106641317809053,-0.02767187758659086,-0.0039613912850709025,-0.21807545597118072,0.025363519036474696,0.8235122133073248,0.12214944469431245,-0.3759724034796717,0.10046155601764112,1
0.72451144001895,-1.235819353882877,-0.4445202009343899,1.478524768348486,1,0,0,1,0,0,-0.1800683175455264,-0.41465990821574694,-0.5920036137852022,-0.0061288513359326405,-0.6081738837327773,-0.3141659638119681,-0.43775612200399666,1.9215751022042173,-0.7517667740520034,0.08596058782454463,-0.5287187068135111,-1.1700792510452667,0.20548851804759427,0.2715632416419974,1.7306278119597094,-1.1457780982347912,0.21448366926043855,-0.23812464108292686,-0.8079054238520522,-0.7945777810288902,0.8800533351287072,-0.9037171819451423,-0.12370612584231112,0.09655112649259111,0.4548778485495703,0.7945777810288902,0.8079054238520514,0.2152602778598393,1.5417059985633763,-0.10933200607758836,-0.6770767854263857,-0.5624939042121272,0.5736101447550955,-0.30171300108041293,0.06817301183707392,0.139780294854656,0.27882240539001907,-1.1658209625447336,-1.481922449749529,-1.3072422507561756,-1.1931007240475748,-0.667477223982284,-0.6186874509066087,-0.9883334727336057,-1.569712699330082,0
0.5960101282327613,0.0010334127472937634,-0.8790386569529866,0.5985369837740325,1,0,0,1,0,0,0.5013542806776271,-0.5844497550961469,0.29072590401389814,-0.5471662773409375,-0.11901348833076501,-0.026621060860896863,0.4291767422464167,0.48899746711215764,-1.0701517805650456,1.4493210649317527,0.6692145972757322,0.8122435190322433,-0.01234001852013149,-0.6215370923055247,-0.13363591299474564,-0.16480471063685617,-0.7093165398529703,-1.3861482338417528,0.433199628593772,0.678161166961424,-1.2178132466974312,-0.8050378938096969,1.2973204938449476,-2.661285395234048,-2.223315710373327,-0.678161166961424,-0.4331996285937727,-0.6203151308168162,-0.18442671521636386,-0.18211288125669506,-0.23777976860790415,-0.4942207832702994,-0.7811045889206503,1.7372672433675176,1.6184817503198954,-0.4183195767369984,-1.2200011740541141,-0.9381911455531051,-0.8068044353892204,-0.08841274230630035,-1.1254082660984612,-1.6191726094862895,0.5337254978059351,1.0157572993701793,-1.2604211705619852,0
0.31330724230314594,-0.7204640344536393,-0.15484123025532542,-0.8681093238500562,1,0,0,1,0,0,0.3877838476404349,-0.5699129531372086,-0.6175899766199587,0.05173611401219622,-1.0844707939656002,-0.4782856829146791,1.3820054864984783,0.3660221088636848,-0.40535639595610906,0.8587316794683963,-0.5284058832681562,-0.03547380284289572,0.5139197606812531,0.7589482354599977,0.03889803976059334,-0.46823930489806803,0.7926623533688838,-0.4329877635300012,0.13830413819877924,-0.18555039652161812,-1.163380136262445,-0.4634096289489983,0.08360042819551111,-0.37410067732710894,0.2642252505795069,0.18555039652161812,-0.13830413819877996,0.6330479821981672,-0.03432821836595151,-0.20030810005147043,-0.40574627503850064,-0.08458205761933026,-0.6865896075014126,0.4323198869208419,0.40038202722625016,-0.35630847989348147,-1.0812212129944723,-0.4070549059059717,0.10551720563822252,0.13201387092399572,-0.025405824425361403,0.5380035976561225,0.2044646553166367,0.1250502895462747,0.40975308478573785,0
1.2385166871637046,-0.9008383962538722,-0.15484123025532542,-0.13478617003801185,1,0,0,1,0,0,-0.38197130961164594,-0.31115787826810587,-0.1826218084290977,-0.41118360877283466,0.24330383825740393,0.07846922248825047,-1.1039716508272703,-0.0695368990268958,0.2962123492198349,0.04983368367013953,0.5131528442381754,-0.011349041113641812,-0.9301872248307375,-0.9183219747482431,0.1319600674378339,0.10218990382572402,-0.08771950119284169,-0.024582929178486496,0.7520553775833569,-0.761358105510312,0.617522957214315,0.22763627490544586,-0.3022412063678556,-0.1543032474464454,-0.6911242753291705,0.761358105510312,-0.7520553775833577,-0.9266927806649233,-0.03432821836595151,-0.44594355378095224,-0.3282232720705331,-0.34060626115118536,-0.37153966943728567,0.35076067714292497,0.012804842605544792,-0.728375060954584,0.41760236644966076,0.04820472807728505,-0.4509989953885172,-0.5292659687668935,-0.5500223735309933,-0.6040308649486834,1.3568776040291806,1.0157572993701793,-0.8892713360402683,0
-0.5348014154856993,-0.9266061622253344,-0.15484123025532542,-0.4281154315628296,0,1,0,1,0,0,-0.5333985536612357,-0.10182793005939353,3.1436053600892513,-0.750850955366351,1.6792540843719228,0.5019607047505591,-0.31864813846983375,-0.8653081841835547,1.3181955843013486,-0.4155919734948766,0.6557591193195866,0.44136719071186814,-1.1392963732800074,-1.191471822486976,-0.7741266849009063,1.4392656880719927,-0.9236010270848976,-0.29842563104943987,0.3586118043630053,0.24630538521990228,-0.7474166130466856,0.4121595197480409,-0.3556943092948883,-0.3543890239150884,-1.1438735164348028,-0.24630538521990228,-0.35861180436300605,-1.1495128896453646,-0.7848207026180125,-0.2730889752305771,0.48576825909312477,0.06903246449978255,-1.0016395455655394,-0.13859458152457876,-0.319404172783631,-0.9764194483286528,-0.47058938433204756,0.9587239960437993,1.5196157492307591,1.0655854093111348,0.8376730144258402,0.41111087958892223,1.8507688677631275,2.2404794378780473,0.7809029193074537,1
-0.35489957898503444,-1.4677292476260335,-1.6032360836506476,-0.4281154315628296,1,0,0,1,0,0,0.07231042253712305,-0.5053695524395223,-0.2721740783507456,-0.38514437436617666,-0.3062244171815018,-0.09101680895569353,-0.6203460891112044,-0.32592325690465823,0.39919715573377884,-1.0201554915432651,-1.319981406152359,-0.5978205454528822,1.0768408460925378,-0.45590582671596586,0.5149620333202202,-0.1821906775731445,-1.4677654867295742,-2.3533552081074642,-1.6929968571541203,0.8637377478704314,0.4070706075271952,0.9632175588594782,-0.7287999456310015,-0.07724687744891269,-0.5815528419312941,-0.8637377478704308,1.6929968571541196,-0.4253475354589299,0.491016520610491,0.04532735367801011,-0.05689276168264715,-0.6307670251539549,-1.0016395455655394,0.4323198869208419,1.6738499195514247,-0.046252995675895824,0.6118943119331598,1.2622304186993043,0.8171280856396278,0.2746428559553643,0.22844089288381547,0.728342674756924,0.2044646553166367,0.7374113588002092,0.8427612250610729,0
-0.6376024649146498,-0.5400896726534062,-0.8790386569529866,-1.8947617391869185,1,0,0,1,0,0,-0.785777293743885,0.5610502392681955,0.6873145279526244,-0.596351497886847,2.233093480293466,0.8923599275752638,0.10277412704662169,0.16129399756167637,0.4755920973085831,1.7089061576884526,2.0604600391161556,0.13941851080667408,-2.6185057244863907,-1.157808977551138,0.19939403557785446,0.47417816226073284,-0.19932769378439938,0.4773168425040742,-0.2094031647789695,0.3978337296906128,-1.2997790137800171,-0.02163250587668706,-0.1736470059460072,-2.506271898690614,-2.212691969349378,-0.3978337296906128,0.2094031647789688,-1.17736540326792,-0.10937746679115769,-0.8280431484712572,-0.4832692780064673,-0.5283573437412127,-0.43454965705011084,-0.9541866793037505,-0.983822203561983,-0.790386157798101,-1.2200011740541141,-0.02767187758659086,-0.013084607695344815,-0.10137901367278856,-1.0746389226366257,-0.1916295312302808,1.933084078385452,2.4631561903340238,-0.3944048900113141,1
0.08200488108800677,-1.5708003115118816,1.0038746524609323,2.2118479221605303,1,0,0,0,1,0,-0.7353015457273552,0.450570544380264,1.0327304262218375,-0.6466940177397191,1.9094018472455792,0.8462990799796801,-0.09240992691754285,-1.0468896851701608,0.8310526196634317,0.07645429856754161,0.8986846908157162,0.4755327228972065,-1.027336797189619,2.4626318083358743,-0.6398296832862285,0.48876546412338023,1.5363573305543199,1.9751925801974024,2.4838873479852603,-1.8149193121744078,2.5891309394695896,0.7959216164922466,-0.644914616425142,1.4201408048234052,0.7600570025110642,1.8149193121744078,-2.483887347985261,2.7219865038898057,-0.40957446049198204,0.764038496071679,0.9250652759116064,1.5881094054554559,0.8256500952063961,0.2692014673650073,-0.7069813574043363,0.8839134569768611,2.5208897762869023,0.8322629866040054,0.2170231839860217,-0.1590068864127352,0.40519342197316827,0.48160683407070015,1.2562701243796726,0.3848398340782469,0.09358841093390566,1
-0.9717058755587404,-1.1069805240255675,-0.15484123025532542,-1.161438585374874,1,0,0,1,0,0,0.3751649106363024,-0.568168536902136,0.15000090842273722,-0.5211270429342795,-0.13959841751206617,-0.03422333667764369,0.06708430390882986,2.712510965611226,0.5889790137811606,-0.43988778987548477,-1.1762353135314967,0.4480374342643493,1.4899101174748857,0.0886810364198755,3.2291721081759808,-0.3967192043899468,-1.45184494084759,-2.1377713723166107,-0.035666219701924795,0.6464429457035722,-0.004673310904289298,-0.4880926971048803,-1.2038185837102822,-0.8453645658813987,-0.5579541467811393,-0.6464429457035722,0.03566621970192409,0.2152602778598393,3.3804125849809257,0.5365982611369737,0.23381849944723046,-0.3747428216220998,-0.32428217872766657,1.6149284287006416,1.812270342630248,-0.4803306735805153,-0.38732140769626244,-0.8623145398892288,-1.5092920989803518,-1.7740280199497451,-1.90387153251327,-0.1916295312302808,-0.7833178721512579,-0.5986491559356475,-1.569712699330082,0
-0.9974061379159777,-0.3854830768246345,1.0038746524609323,-1.6014324776621007,0,1,0,0,1,0,0.059691485532990585,-0.5042066082828072,0.815246342126407,-0.6235480316004676,0.3919062669798524,0.0941209668168469,2.4322495383141445,1.4600470433143375,-1.4832430611416592,1.6867276763068908,1.373152986393638,0.03325776719928611,-1.3768944937895295,2.1185192915792572,0.999094342070364,-0.268897553102342,0.7603860988870302,0.7920042198531462,-0.4291756706205317,0.471010832630124,-1.2653026761497657,-1.0030896082064527,1.757426845030641,-1.5246744326511694,-1.011928164230792,-0.471010832630124,0.42917567062053097,2.0813786905710367,1.0163612595869336,0.20908432283099887,0.03355074177998182,0.3421249482670949,0.6051151385615076,-0.7910682597479163,-0.7069813574043363,0.5118468759157585,-1.2200011740541141,-1.0140677512169813,-0.3688900476960481,0.5469345546516133,-0.14386762583630988,-1.4922798914190887,0.36909507656128593,0.6817421706862145,-0.3944048900113141,1
1.1614159000919912,-0.5658574386248675,1.0038746524609323,0.3052077222492148,1,0,0,0,1,0,0.2742134146032426,-0.5489799583163374,-0.438485436776663,-0.2896671815417641,-0.6569574689866775,-0.19834305578035463,-0.33976398418399345,0.05069615437419841,0.8192545822288778,-1.0095749222118937,-0.9173551133826336,0.17617022378805625,1.2577189515391778,-0.21909967992928725,0.7562657746106466,0.761114245076932,-0.7756631326706622,-1.0438554635279804,0.2696932180777363,-0.027203276549727037,0.25352827216769885,0.688028388269132,-0.35510204437350107,0.5947363029324688,0.17348488559447217,0.027203276549727737,-0.269693218077737,-0.20252742647848845,0.7161642658861095,0.04532735367801011,0.4340862571144791,0.08610074473523979,-1.0646495331783645,1.7372672433675176,1.7292180887829538,-0.17027518936292965,0.3898463742377325,0.8828473903799233,0.589047675382767,0.30057539868834077,0.5330569536548284,0.47455723862252236,0.5337254978059351,0.5704037944582268,0.7190446135538346,0
-1.5885121721324456,-0.7719995663965628,1.4383931084795292,-0.4281154315628296,1,0,0,1,0,0,-0.5460174906653681,-0.09019848849224284,0.31631226684865466,-0.5546887228361942,0.9012659350619028,0.35930623501278036,-0.18301015068653362,-0.4580107142443559,-0.31003202889081816,0.6015043064854187,0.23853568017198085,1.0036693794629712,-0.3670109555374683,0.6307152865534027,0.07057523789411566,-0.7541947264141491,0.8979795620523489,0.36153495383719514,0.8222348332302418,0.5534028300138731,0.8846833523232727,0.6993348030608079,-0.3340687961558821,0.07782764996779981,0.042860448614327216,-0.5534028300138731,-0.8222348332302425,1.07868820015905,0.5660657690356972,1.510042466657512,0.8087807714596554,1.178470679804488,1.550264952753888,0.10608304780917345,-0.26403600355210183,1.0079356506638961,0.5563823275093027,0.35171115073279,-0.7155722712864762,-0.7626588533636787,-0.685407289429221,-0.2550758902638815,-0.7010026615289333,-0.5429799678216537,-0.76555472453303,1
-1.4086103356317816,-0.07626988516709207,-0.4445202009343899,-0.4281154315628296,1,0,0,1,0,0,0.7158762097478791,-0.6048012778386607,-0.08027635709007157,-0.4632620775861506,-0.47295665300610196,-0.10711574597939269,-0.10947792441870163,-1.590137499706663,-0.42673047964725874,-0.464760633427474,-0.1664053065734401,-1.4764521695526807,-0.4925623007952825,-0.6241045851812702,-1.6905992655773208,-1.1071677377319882,-0.8083895447840302,-0.1856435982136273,-1.2550770539175564,-0.7689345227338477,-0.47136622902073533,0.48890839006444303,-0.5292419403375711,-0.17372360277254473,0.03509020734482695,0.7689345227338477,1.2550770539175558,-0.7595776989295921,-1.685411683720486,-0.9796699717610611,-1.3274086436576682,-1.512628170652567,0.4895968279379942,-1.0357458890816678,-0.6331571317622975,-0.6870343297255728,-0.38732140769626244,0.5793409677244183,0.32447439948480933,-0.010615114107371936,-0.07617516788719629,0.886958572340925,0.6983559190505837,0.3477270420022505,0.038603250264021984,1
1.110015375377516,1.0059762856343069,-0.8790386569529866,0.5985369837740325,1,0,0,1,0,0,-0.6722068607066928,0.1394829824589832,0.27793272259651985,-0.544273029073531,1.2550192418971033,0.5278978810665188,-0.03708626560657445,0.013829439102497771,-0.40263722345064457,-0.20587808391989568,-0.8726665361747352,-0.18109786860375035,0.730669593938847,0.5524429451392173,-0.8239091085893578,0.042097014490617354,0.13647084042206237,-0.1028850956452772,-0.6135009981005504,0.3614669270176405,0.6035638366521824,-0.8443553973656828,0.5927220126263325,0.4134501584978415,1.0340619657741612,-0.3614669270176405,0.6135009981005497,0.27096530510494976,-0.9349191994684248,-0.7461646638947628,-0.6124742829530796,-0.5283573437412127,-0.7495995951142377,-0.6279498401920818,-0.4301405112466897,-0.6663639641110671,0.6674062963570164,-0.7105613285614767,0.36096726512590627,0.6247321828505417,0.7699805564767266,0.41111087958892223,-0.8656330827735822,-0.8213259083916238,0.7190446135538346,1
-0.8432045637725518,-0.4885541407104817,-0.4445202009343899,-0.4281154315628296,1,0,0,0,1,0,-0.6091121756860305,0.05226217070535305,-0.15703544559434116,-0.419863353575054,0.7239702170025815,0.36467254735401344,0.8202475950251572,-0.4915453513464213,0.6030011471060855,0.4712087544384044,0.9143218510390343,-0.4293649307718091,-1.3810723693597444,0.19614883454216397,-0.9766820844208348,0.35175550505897296,-0.6531683046259279,-0.34478643714693313,-1.3392924006938196,0.7426913412446393,-0.9445846435995304,-0.30375725076609306,-0.47084240933934357,-1.2842431373904712,-1.5252800347848252,-0.7426913412446393,1.339292400693819,0.24311279148239442,-0.8598699510432187,0.2454747604205509,0.3953247556304958,0.10316902497069583,0.006520256239666901,-0.7910682597479163,-0.26403600355210183,0.5118468759157585,-0.9424412519348303,-0.4070549059059717,-0.41450612974742024,-0.5811310542328463,-1.0069464646875115,-0.44541496736468245,0.4514102871836102,0.9600881112561845,-0.5799798072721716,1
-0.5348014154856993,1.8820803286640106,-0.4445202009343899,-0.4281154315628296,0,1,0,1,0,0,1.3972988079710327,-0.6902776733572181,-0.016310450003180245,-0.47599236996273897,-0.6606870945865333,-0.16301483286723703,-0.9535496167183276,-0.17727149373364345,0.6581489662135154,-1.405155418918394,-0.7801930343277729,-0.33448390821301466,0.5052048447721826,-1.365526004287113,0.5146168205286746,0.09854215179018881,-1.4569925840160975,-0.9861082108432024,-1.1598770966922176,0.6941558255444424,-0.03848353996336715,0.7588425221775643,-0.8006863257545077,0.4535454122320057,0.05154641783394329,-0.6941558255444424,1.159877096692217,-1.4558905394934718,-0.3720498362793791,-2.1699405345860177,-1.8011603284619129,-2.1242415457564428,-1.5057194464681423,-1.0357458890816678,-0.6792972727885718,-2.1856358367772364,-0.24854144663662048,0.35171115073279,-0.8341740846200435,-1.0738493661593913,-0.8546384343020056,-0.1916295312302808,-0.6186874509066087,-0.3759724034796717,-0.5181215015185524,1
0.15910566815972013,0.38754990231922204,-0.15484123025532542,-1.6014324776621007,1,0,0,1,0,0,-0.5838743016777656,0.020281206395688665,3.8472303380450557,-0.7624239484359768,1.9058339406386628,0.6048150246241927,0.8679884082794849,-1.7763251813123675,1.8138086198853556,1.5709628876043182,2.8062699385273318,-1.57941136781469,-5.15860268993715,-0.24186950173569896,-1.149415054041951,1.7063286918619247,0.041267987415369925,1.3560546452878777,0.11588809585456382,-2.269065132993868,-1.448632167166136,1.286603289004908,-0.7648413687222195,-2.0813488811795007,-2.32436493336032,2.269065132993868,-0.11588809585456454,-0.3417899945912644,-1.1600669447440433,-0.4914316007678933,0.4082452561251572,0.4103980692089227,-0.6235796198885869,-1.6066603575270884,-1.814344742034923,-0.35630847989348147,-1.0257092285706153,3.6144051942794655,4.940821903083671,3.5291769689438617,2.0222910285353324,3.2661970361009387,8.847561770660715,6.6940144869975695,1.3994859768436472,1
-0.9974061379159777,-0.46278637473902035,0.27967722576327125,0.3052077222492148,1,0,0,1,0,0,0.551830028694157,-0.5885200596446497,-0.46407179961141953,-0.2780941884721383,-0.8450034945261585,-0.23769601294939705,-1.031841088595295,-2.279005765811989,1.427392793675603,-1.0405579223441677,-0.2205643950331233,0.00825232779137572,0.376168604123075,-0.7111669776795951,0.4215860231895855,-0.05651838693722953,-0.8725169639171444,-0.4702726284790774,-0.31993580742281313,0.328563629361145,0.7242104868163006,3.5503425587389796,-2.0080892951556546,0.540553736124769,-0.17238517467260284,-0.328563629361145,0.3199358074228124,-0.5646101035717058,0.641115017460903,0.6730624020977969,0.5374502610717695,0.13730558544161034,0.7311351137871589,0.35076067714292497,0.5664865349208381,0.7598912632898273,1.194770148383656,4.52492446224598,1.5743550476924053,0.08014878545804377,0.2961333508329291,2.6951798047985354,0.2044646553166367,0.4033962301162448,1.5850608941045057,1
0.2619067175886707,-0.6431607365392533,-0.8790386569529866,-0.13478617003801185,1,0,0,1,0,0,0.36254597363216995,-0.5675870648237784,1.2118349660651333,-0.6628962080371952,0.3400353418628125,0.07578606631763395,-0.1783262230387146,-0.4049705100512843,-0.3501303078948808,0.2608479516223752,1.2123050133198416,2.03068600845898,-0.1535966847979413,-1.1481399613470014,-0.6272833132500885,0.7533747188487935,-1.1595189273366708,-0.3187161996560536,1.210447041540327,1.56910687884258,-0.8992409671804987,-0.07256391860765428,1.2357087975891763,-1.5021478739544971,-1.8872202270129184,-1.5691068788425793,-1.210447041540328,-0.8292089829859801,0.003196405846651406,2.3788641641080854,2.5272073372495982,1.7587922078100258,1.5660174496570947,2.4305205264798135,1.812270342630248,1.2249744896162058,-1.053465220782544,-0.5588081172337243,-1.527538531800901,-0.7885913960966542,-1.2607931819966884,-2.4756984564398943,-0.5363722402842841,0.23638866577426285,-1.569712699330082,0
0.10770514344524394,0.3102466044048362,1.4383931084795292,-0.8681093238500562,1,0,0,1,0,0,-0.07911682151246661,-0.4664109231895675,0.5849690766135982,-0.5876717530846277,0.40541793905855406,0.09546254490215515,1.6988333096308317,-0.12608909640712482,1.5689688344445436,2.0176635154398515,3.569340549747407,0.787259239825921,-3.250927738487939,1.353045155915413,-0.4048060054994829,2.053523687735078,0.43431958410275606,1.1791672760546015,-0.32687747097049374,1.3979208031972914,-1.0103222938837724,-0.23246452797049896,-0.08123969234850313,-2.2950693756062495,-3.4890901877893334,-1.3979208031972914,0.326877470970493,1.4407708772522676,-0.25947596364157,0.43652455776570404,1.4935672976767,1.6393142461618264,-0.8756195703398886,-1.2804235184154193,-1.3160312189511594,0.6358690696027934,-0.933189254530854,-0.17942508891434333,0.13592792700580353,0.07150460454705224,-0.8546384343020056,-1.5980238231417563,0.8904247438360077,2.054915477498067,-0.8686519007890618,1
-0.8175043014153137,-0.6946962684821769,0.27967722576327125,-0.13478617003801185,1,0,0,1,0,0,-0.7983962307480176,0.9768027752938324,1.9538394882730727,-0.7161319761574738,2.816010458674155,1.3046715924600036,2.686877437350912,-0.5916121125786469,1.8373902528788315,3.406767431181301,3.423222235045764,1.4308593710132596,-2.3970136021364272,2.222519697283109,-0.5457689961022785,0.9780123177520643,2.0025734650485854,2.486883222794445,0.5581846313588362,1.3979208031972914,-1.5154529881108216,0.2652667917108196,-1.528965968430736,-2.616605445126952,-2.022399126656499,-1.3979208031972914,-0.5581846313588369,1.9699686360808162,-0.5596729573423944,-0.19121049065408274,0.33072225315718967,1.1614023995690306,-0.24551969421163483,-1.7697787770829225,-2.0911855881925696,0.38782468222872474,-1.3032691506898992,0.9587239960437993,1.9757765697444807,0.6765972683164937,-0.5161761445564365,2.790349343348936,1.0276167615398821,2.2404794378780473,2.018069034379841,1
-1.100207187344929,-0.5400896726534062,0.5693561964423357,-0.13478617003801185,1,0,0,1,0,0,0.03445361152472564,-0.500717775812662,-0.8478672421327675,3.080967049986742,-2.7985155705643647,-2.7661235110603717,0.03254309714265632,1.1483494480618568,-1.177972695199764,-0.31364380314550305,-1.2728553351518386,-2.6434052212598216,-0.06598179870766598,-0.41771128691166304,-0.18654072972741223,-0.6767014307419966,-0.020156684606166455,-0.1874963930258584,-1.9697378439216697,-1.6517274332983856,-0.46262416490385383,-1.7630180640988313,0.9303084595984541,0.40372552002334283,1.4717205404375844,1.6517274332983856,1.969737843921669,-0.6481676444393714,-0.5596729573423944,-1.264728399545891,-1.3618633116434313,-1.2964299543367779,-0.5290646384693491,-1.6882195673050053,-1.2052948804881005,-0.9144083514851348,-0.5261013687559044,-1.6969572021918669,-0.4509989953885172,0.06718251409155555,0.22844089288381547,-0.0647368131630805,-0.20711139779498602,-0.8769950965056176,-0.2706882785040748,0
-0.04649643069818187,-0.41125084279609675,-0.4445202009343899,-2.6280848929989626,1,0,0,1,0,0,0.9177792018139987,-0.6402710746184702,-0.4896581624461761,-0.20576298178697722,-1.0429375233272713,-0.3333952497013865,0.5724894185175003,0.9367343126988854,0.214566172956447,0.49820981307679857,0.2231577919288467,-0.10613151844607226,-0.2058976163367012,-0.628665600469521,0.030267425897867007,1.1614168225582828,-0.5973676589312585,0.23480177209733383,-0.6711839829354725,0.5209213695068188,-1.4242157330345384,-1.2553759988599293,0.8737927536188899,-1.2653888605668784,-0.06087782887933642,-0.5209213695068188,0.6711839829354719,-0.3139374809687093,0.5660657690356972,1.6465066076183352,2.126671821915101,1.7075873671036554,0.7311351137871589,-0.05703537174666111,0.2896456887631914,1.6900577159425842,-1.3310251429018278,-1.1658209625447336,0.05077790717657645,0.4950694691856613,-0.07617516788719629,0.1890486229713212,-0.4540570296619595,-0.26463402725168356,-0.20882997275045564,1
0.7502117023761872,0.3102466044048362,-1.168717627632051,0.3052077222492148,1,0,0,1,0,0,0.021834674520593164,-0.4873439180104387,-0.3361399854376369,-0.3330659055528607,-0.34434585031512466,-0.11740117796675605,-0.9664004570789066,0.23616793917425374,0.5524679752630148,-1.4035700756424532,-0.9702193253133775,0.8641787699771608,1.2341886012160792,-1.4656502532531757,0.763438284967474,0.47274691052627527,-1.2376775645775444,-0.8932629929013431,0.6912331826893887,0.4930801176436278,-0.12065710345669262,0.4406478063976838,-0.2801771764306107,0.668872734806956,0.38923518730104395,-0.4930801176436278,-0.6912331826893894,-1.4001855122483615,0.5660657690356972,-0.32767463161490584,-0.04397226118798574,-0.5283573437412127,-0.5605696322757617,1.0847935651441794,0.7879592118469556,-0.728375060954584,-0.24854144663662048,0.19995793940503753,-0.5422311594912614,-0.5940973255993336,-0.3130987707090945,-0.2550758902638815,-0.5363722402842841,-0.3759724034796717,-0.023255055489598248,0
-0.1749977424843705,-0.7719995663965628,-0.8790386569529866,1.478524768348486,1,0,0,1,0,0,2.1922918392313786,-0.7309807188422456,1.3525599616562942,-0.6808343472951152,-0.22678524549928028,-0.03601210745805471,0.017997801437592473,0.7949086578391567,-0.7120184273983458,0.6100288468192003,0.164578978309886,-0.6657705093521993,-0.8683335475364496,0.6303827728054756,1.8370042311283943,-1.3158392727996437,0.2538599122127619,-0.37603256526466805,-0.41573076438081064,-0.49571485832222956,0.6048446579995489,0.7492334325854697,-0.34893852709588036,-0.5723864728715087,-0.5810833433979351,0.49571485832222956,0.4157307643808099,0.6728372873732458,1.852624313467802,0.2766665640687389,-0.4721945632967582,-0.350359564142875,0.8796586560173902,-0.10364063447689935,0.09190222722201546,0.139780294854656,0.6951622885689447,0.8828473903799233,0.44307621281837667,0.1838789563899486,-0.0592520533999176,0.47455723862252236,1.6861384465184783,1.5167799923961247,0.5334696962929761,1
0.23620645523143258,-0.4885541407104817,-0.8790386569529866,-1.161438585374874,1,0,0,1,0,0,0.4130217216486998,-0.5751462018424264,-0.7966945164632545,0.5522680642735108,-1.9767061953740432,-0.8691320984344867,0.3400221832427715,-0.05876679887765112,-0.9988647767493763,0.18418703809991008,-0.7763437263967445,-0.07561811890607839,0.6047492636307515,-0.7978404755232769,-0.5671733013327224,0.9899027965824032,-0.5792164709220309,-0.8444773774170713,0.42176776227307794,-0.5214382267650228,-1.2700019253320418,-0.48752248671433357,2.3602384566880454,-0.8231659433134259,0.18481707163570993,0.5214382267650228,-0.4217677622730786,-0.8152827261747027,-0.6347222057676005,-0.4095531161914002,0.13691474573727128,-0.10165033785478751,-1.4742144526617298,0.6769975162545934,0.5111183656893089,-0.9764194483286528,-1.2755131584779709,-0.7105613285614767,-0.9436526815433369,0.2616765845888761,-0.093098282374475,-1.7460653275534903,0.03983423407198747,-0.2089648391376897,-1.0129879475475077,0
-0.04649643069818187,-0.4370186087675581,0.5693561964423357,-0.8681093238500562,1,0,0,1,0,0,-0.19268725454965888,-0.41291549198067434,-0.7839013350458762,0.5378018229364786,-1.420056647234133,-0.7331855191232493,-0.2645904172959632,-1.4684205459988926,0.7761145254337788,-0.3709419035961858,0.744471200109358,-0.7009844712360802,-1.4058525035135359,-0.8235078023709487,-0.7787871134470717,0.16368362024197144,-0.6868987180199632,1.527029496524789e-4,-0.7768887630270574,-0.18555039652161812,-0.454919876937655,1.2352814487850745,-0.896488303503462,-0.17999842994333734,-0.9676999366283945,0.18555039652161812,0.7768887630270568,-0.8152827261747027,-0.7848207026180125,-0.2548937564358004,-0.1344157646506147,-0.3918111018575571,0.16404522527173035,-0.8726274695258333,-0.6516131881728072,-0.23228628620644656,0.0012624832707351544,2.2486262923296945,2.2768427112835368,1.3249108366408955,1.1592121896841308,1.5848685217105287,2.673920973986373,2.7971713190179877,2.265502257394317,1
-1.1259074497021662,-0.7719995663965628,0.27967722576327125,1.0385308760612593,0,1,0,1,0,0,-0.4576849316364408,-0.27917691395844146,0.21396681550962854,-0.5321213863504239,0.6664749668314865,0.1965280939953777,0.156504380642935,2.49663430787013,0.38705257229845796,1.6260130596955098,1.0222607029590682,0.7881466228436381,-1.0590251509850244,0.1491230898890645,2.977652683802088,0.9029888435021227,0.911857543254363,0.5296322705623958,0.6286220997103051,0.45147824704345946,-0.06862111666965896,-0.4437618473837278,0.37830287113762756,-1.2924564112278591,-0.8119061524038454,-0.45147824704345946,-0.6286220997103059,0.27096530510494976,3.1177402154927045,0.5184030423421971,0.9379857764062678,1.3150169216881435,-0.7495995951142377,0.18764225758709038,-0.09793149585751397,0.7598912632898273,0.0012624832707351544,-0.3311783002420958,0.31535118307453414,0.4691369264526849,-0.11002139686175369,0.062155904904119784,0.6160407084282594,0.9600881112561845,-0.023255055489598248,0
0.5189093411610479,-0.8493028643109486,-0.4445202009343899,-0.8681093238500562,1,0,0,1,0,0,-0.5207796166571032,-0.11055001123475654,0.12441454558798068,-0.519969743627317,0.7292154810693341,0.31682292897801867,0.8291037130204612,1.3608034553574506,-1.8400201386432098,0.2753063245296431,-0.8977124897168898,-0.3313978456156944,0.6858468519413415,0.38718477536942664,0.7169971999596235,-1.6225065420599853,0.7988190444947306,0.18838379612130998,0.5910554499228551,-1.0381887348318,-0.7660184300870453,-1.14947339342988,0.8849065697289236,0.42017420726071253,1.350990313949018,1.0381887348318,-0.5910554499228557,0.7723105503109431,1.2415090048625523,1.4008711538888534,0.188596747715916,0.512807750621665,2.3378897979142055,1.0847935651441794,0.8433273810784847,1.5040244254120325,-0.6093693453916895,-0.9381911455531051,0.7441423543574326,1.130416766143575,1.2607508766078017,0.728342674756924,0.2044646553166367,-0.26463402725168356,1.3994859768436472,1
-1.280109023845593,-0.1535731830814779,-0.8790386569529866,-0.4281154315628296,1,0,0,1,0,0,0.8925413278057338,-0.6373637142266826,-0.6431763394547153,0.057522610547009106,-1.3849714083603863,-0.5346319624976261,0.40567003895246645,1.0230387156935505,-2.2557402722615807,-0.5589680567280083,-1.6253496403150307,-1.1410045962483362,0.9048930580146479,0.007770544614593386,-0.49806369643282794,-1.7953913853735048,-0.424338956720946,-0.8014148639633523,-1.2121437398747563,-0.3540047794704373,-0.5563298276457133,-1.9031020206642308,1.2794773245127944,0.33436253733453336,1.3306085035627009,0.3540047794704373,1.2121437398747554,0.4102278732177254,-0.03432821836595151,1.6374089982209463,0.2531992501892221,0.06903246449978255,2.526919760752682,0.10608304780917345,0.8433273810784847,1.6280466190990672,-0.6648813298155464,-1.848710413519619,-0.7703115697481222,-0.06248019957332482,0.0761328624983096,-0.667477223982284,-1.0302635040182315,-1.266679413303576,-0.332546584257695,0
-0.6376024649146498,-0.978141694168258,-0.15484123025532542,-1.161438585374874,1,0,0,1,0,0,-0.23054406556205628,-0.4024489945702387,1.7235622227602638,-0.7039803334343667,0.9346881970859567,0.23453947307911185,0.2997803558376953,0.04272530583643666,-1.140926150615891,0.7225630315251125,0.448560001128645,-0.35721461552052836,-0.7732557946108108,-0.5645469445901735,0.9120008133158151,-0.6879758828098655,-0.7628152571574005,-1.2600448163066333,-1.1100395122473277,0.6137255423841171,-0.980940537436059,0.8549805710504473,0.8683348550615136,-1.732530590913638,-1.813338485425985,-0.6137255423841171,1.110039512247327,-0.6481676444393714,0.5660657690356972,-0.6278957417287164,-0.8579637923516437,-1.0745423112758372,-0.49755964466293656,-0.13859458152457876,0.4557501964577793,-0.5423417704240322,-0.8314172830871166,1.1104772073715516,0.7258959215368835,1.1044842234105985,0.22844089288381547,-0.794369942049485,1.3568776040291806,1.9621334973080773,0.22417816752487937,1
0.2876069799459088,-1.2100515879114147,-1.6032360836506476,-0.13478617003801185,1,0,0,1,0,0,-0.48292280564470574,-0.18904874181302367,0.2267599969270068,-0.5344359849643492,0.719681751298238,0.2676317325167157,1.2227699128432965,-0.7721701113734304,-1.6013386455308345,1.863359842109625,1.3873956432294594,0.08051336790606514,-1.1526886232710634,0.29539907798577775,-1.6811298227811755,-1.2770885195093198,1.0381435975195121,1.1745911625831407,-0.33645217931212407,0.4434998061064408,-1.405132051186388,-0.6242912407504679,0.9057327734432707,-1.4878735122743925,-0.6569226305955681,-0.4434998061064408,0.33645217931212335,0.5216379277079463,-1.4602639384448675,0.8823074182377254,0.007709740790658993,0.4274663494443799,2.4008997855270304,-0.709509049969999,-0.6516131881728072,1.5040244254120325,-1.3310251429018278,-0.6346847228976005,-0.19554893590083341,0.28760912732185256,-0.3469449996836519,-0.4136917878478824,-0.04248097655033679,0.18071947766026855,-0.332546584257695,1
0.930113538876852,0.15564000857606544,-0.4445202009343899,-1.6014324776621007,1,0,0,1,0,0,0.9682549498305286,-0.645504323323688,-0.7327286093763631,0.37577991996171783,-1.7624880626446577,-0.7868486425355797,-0.21170601716249968,0.6447119234229866,-1.0900589668019651,-0.5547031613769448,-1.405549189610299,-0.379128850439749,1.0303410416059984,-0.97121463407949,0.5819228007849064,-0.9286692190878447,-1.4136527495973652,-2.0188345246254222,-1.3673641829525736,0.8390486150612049,-0.6760438485389374,-0.30192986065662064,0.5569241201446239,-0.6523856831793634,-0.14371619441893824,-0.8390486150612049,1.367364182952573,-0.9545452942874786,0.41596727218528484,-0.30038180342274146,-0.7158382869103699,-1.176951992688579,-0.34003467563087314,0.2692014673650073,1.1755363964676604,-0.4183195767369984,-0.6648813298155464,-0.3311783002420958,-0.15905607025973648,0.14498014229048395,-0.1269445113490324,-0.2550758902638815,-0.4540570296619595,-0.09762646290970158,-0.3944048900113141,0
1.3927182613071303,1.7017059668637786,-0.4445202009343899,-1.161438585374874,1,0,0,1,0,0,0.19849979257844777,-0.5350246284357565,-0.029103631420558513,-0.4748350706557764,-0.16423881001560223,-0.04450876866500705,0.44017778186244727,0.2259129175783853,0.27389020418981075,0.18869837443547519,-0.5681574975979988,-0.6998447467440095,-0.27297352269581854,-0.07538907939844053,-1.2453886696814394,0.613118836360636,-0.8052507379739622,-1.0171156786672952,-1.2649401125490116,0.30004743805884815,-0.6874058006475047,-1.5576755991897047,0.2417082170836458,-1.0533921776325745,-0.25438292177607913,-0.3000474380588474,1.264940112549011,0.1317027369921738,-1.009968447893631,0.8732098088403377,1.093031782342202,0.6664222727407777,-0.40304466324369825,-0.38327221085833024,0.2342775195316623,0.7598912632898273,-0.6648813298155464,-1.4693273852002382,-0.0951935553878152,0.04124997135858002,-0.38079122865820925,0.2524949820049213,0.12214944469431245,0.29205785388825667,0.10046155601764112,0
-0.7147032519863632,0.38754990231922204,-1.6032360836506476,-0.8681093238500562,1,0,0,1,0,0,-0.6595879237025604,0.13366826167540785,0.16279408984011548,-0.5222843422412421,1.136056903292319,0.5064326317015866,-0.7313061403887431,0.09503717492357014,2.659211457658284,-0.5339829420677087,0.009862310007683197,1.895872089121494,0.8810139399810802,-0.9854015767581557,-0.13950812701353255,0.9237016820632209,-0.8736035517961163,-0.3667977416071323,0.8615353283924961,1.7312831610328523,0.032297345311708706,-0.27019768423273394,-2.707000037707128,-0.14487382267694304,-0.3709280893179545,-1.7312831610328516,-0.8615353283924969,-0.7038726716844818,0.41596727218528484,1.7829707485791584,2.100830820925778,1.5369045647490853,0.6366201323679207,2.063504082479186,1.6738499195514247,1.4420133285685155,1.055990187324014,0.9587239960437993,4.119732426158972,1.3249108366408955,1.1761353041714093,6.279899090196956,0.2044646553166367,1.4054416161681371,3.873818206988421,1
-0.894605088487027,-0.7204640344536393,-0.15484123025532542,-0.8681093238500562,1,0,0,1,0,0,-0.16744938054139394,-0.415822852372462,-0.6175899766199587,0.05173611401219622,-0.6865955299795576,-0.35977961871244907,0.9611931291608016,0.6835087176361754,-0.4834659383717058,0.17206345464235687,-0.7763593107041828,0.3497794120907366,1.2434559859981102,0.3165127684391271,0.5187643953041904,-0.49069802596010553,-0.16406166682750242,-0.8604858174764142,0.6449554257048498,-0.1626015385546773,-1.0203066152649924,-0.4184503824036773,0.16780994060624696,-0.39512736704850787,0.16920820607072348,0.1626015385546773,-0.6449554257048504,0.29881781872750485,0.491016520610491,0.03622974428062242,-0.22485926811324272,-0.27233314020935756,-0.24551969421163483,1.4925896140337656,1.2309045656991897,-0.5423417704240322,-0.9979532363586869,-0.482931511569848,-0.323273965644676,-0.1921429132382052,-0.33002188519637315,0.062155904904119784,0.03983423407198747,-0.04195727479570725,-0.023255055489598248,0
-0.4320003660567478,-0.12780541711001567,-1.6032360836506476,-0.13478617003801185,1,0,0,1,0,0,1.725391170078477,-0.7106291960997319,-0.579210432367824,-0.0061288513359326405,-1.4740994654490482,-0.5417870456192703,-0.5999758185717584,0.6753679753908205,2.3716839938694725,0.41472028239278347,1.2393133970905772,-6.4816363594663775,-2.8457492388655017,-0.31718850053455366,-0.016537056973071645,2.4530275119147347,0.9908175160994468,1.704810176809929,-7.823874102466001,-1.080555857232306,0.5173499683387993,-0.9435302019220564,-0.777115391100777,0.4222173422589561,0.053247210490979996,1.080555857232306,7.823874102465999,0.0759977097470634,0.5660657690356972,1.8102635767713227,3.1086298595093536,3.5509616325330113,-0.5605696322757617,-3.482522182419184,-3.309285311286215,2.00011320016017,0.3898463742377325,-0.9381911455531051,-0.2594114507727547,-0.6070635969658218,-0.4146374576327655,0.2524949820049213,0.4514102871836102,-0.04195727479570725,-0.7036964187794109,0
-0.5348014154856993,-1.4419614816545723,-0.15484123025532542,-1.161438585374874,0,1,0,1,0,0,-0.5333985536612357,-0.10182793005939353,0.39307135535292426,-0.5656830662523388,0.9148391408304135,0.3588590423176776,-0.3355805142350747,-0.3346880663812018,0.9334057590096373,0.5283512088145312,0.9221986620105038,-0.03893145192963423,-2.016019930127376,-1.159789537664017,-0.7885855099714254,1.4389250545293826,-0.6552293925218009,-0.06177367413885701,-0.11207882534413707,0.05806055728129157,-0.6922151666712646,-0.3306177779188381,0.1699839685545849,-1.3634826462049288,-1.2592133957094507,-0.05806055728129157,0.11207882534413637,-1.1495128896453646,-0.8598699510432187,-0.5460172571522233,0.22735824919990022,-0.05044549714841698,-1.1591645145976028,-0.8726274695258333,-0.9284540343304539,-1.1004416420156866,-0.6648813298155464,-0.3311783002420958,-0.06782390615699217,0.028283699992091807,-0.5161761445564365,-0.4136917878478824,1.6861384465184783,1.9064643091940836,-0.3944048900113141,1
-1.460010860346257,-0.6431607365392533,-0.4445202009343899,-0.8681093238500562,1,0,0,1,0,0,-0.25578193957032125,-0.389656608846373,-0.8094876978806327,0.5609478090757302,-1.6190412403228231,-0.7331855191232493,1.1676269751014223,1.0051725977498662,-0.9444168234814443,0.35304125553775534,-0.6308985346133023,-1.8512330582531025,-0.023172149421495297,0.5238033662329515,1.246799621220449,-0.6951512992994902,0.3623403766275504,-0.1907376428082411,-1.532862003731795,-1.004587223962434,-1.1002355803174348,-0.1306144454364644,0.5924894201897527,-0.11764544495105672,0.6339808097293578,1.004587223962434,1.5328620037317944,0.6887530094432773,1.4666567501381707,0.6548671833030202,0.1627557467265941,0.3079883877961804,0.6681251261743327,-0.7910682597479163,-0.1532996650890431,1.0079356506638961,-1.0257092285706153,-0.1035484832504671,0.06902433999712428,0.36540675552078095,0.2961333508329291,0.2207718024881207,-0.20711139779498602,-0.6543183440496418,-0.2706882785040748,0
-1.5885121721324456,-1.41619371568311,1.4383931084795292,-0.4281154315628296,1,0,0,1,0,0,-0.5460174906653681,-0.09019848849224284,0.712900890787381,-0.5992447461542535,1.0924268425527417,0.3937400725356925,1.1322253167297194,1.3912570372871167,0.3292491684352549,1.257926329417471,0.5451818827582817,1.17037766884845,-0.6890612918635289,0.8970787957424157,0.28389251299903684,-0.7465746419671113,0.8835209882828466,0.30020414011569935,0.6912331826893902,0.9106988955914741,-0.6780363015840366,-1.6251466580546194,-1.2003301589563773,-0.8232930284453155,-0.4156722355662608,-0.9106988955914734,-0.6912331826893908,1.4407708772522676,0.8662627627365218,1.6828970452078873,0.9509062769009282,1.3150169216881435,1.6132749403667133,-0.05703537174666111,-0.3747723420151606,1.3179911348814817,-0.5895436366688835,-1.4801669002950777,0.3140478664444957,-0.3792276858118183,-0.6612314115902519,1.4987627487363566,-0.20711139779498602,0.2522941480925468,0.42742688642962906,0
-0.27779879191332196,1.109047349520155,-0.15484123025532542,-0.8681093238500562,1,0,0,1,0,0,-0.34411449859924853,-0.33092792893226203,-0.6943490651242283,0.14142681030179596,-0.7344913508946546,-0.3638043529683739,0.006491707928402895,-0.07751455095005469,-0.3269715107053642,-0.11449227207667685,0.04889790421719994,0.3938327959806182,0.2934263711334734,0.5667811464744176,-0.9998755938448061,-0.43636329754618686,0.19831635239180212,0.047538639463225736,0.21285636891661422,0.3260326064644921,0.5572941654785603,-0.8952622664124106,0.008477977426753342,0.35131877342256745,-0.01715744151395185,-0.3260326064644921,-0.21285636891661494,0.9951306592913848,-0.6347222057676005,1.4736520290679587,0.9767472778902511,1.0248561576853752,1.3927399837218248,1.0847935651441794,1.0648000580046022,1.5040244254120325,0.3620903820258042,-0.9381911455531051,-0.4601222117987924,-0.38663698373552574,-0.2284831982727022,-0.6040308649486834,-0.37174181903963527,-0.26463402725168356,-0.332546584257695,0
-0.8432045637725518,-0.5400896726534062,-0.4445202009343899,-0.4281154315628296,1,0,0,0,1,0,-0.6091121756860305,0.05226217070535305,1.4037326873258074,-0.6843062452160029,1.4933754513695605,0.5690396090159723,0.6227760063070713,-0.5341724937336382,0.21498001809076153,0.37769581180686257,0.11273160801128518,-0.5179690374279536,-0.4555330454733476,-0.07245367159808741,-0.7063153117429459,0.08631644550856298,-0.39376824241224356,-0.35456603375506857,-1.6656268694518341,0.9455004604204603,-0.938380051784123,0.025597337591195122,-0.20714518319347316,-0.9006965235402041,-0.4927213328369798,-0.9455004604204603,1.6656268694518332,-0.20252742647848845,-0.7848207026180125,-0.5278220383574467,-0.40574627503850064,-0.5283573437412127,-0.49755964466293656,-1.2804235184154193,-0.762349526635866,-0.23228628620644656,-1.0812212129944723,-0.482931511569848,-1.5184153153906257,-1.3720736075886157,-1.5654092427677009,-0.794369942049485,-1.0302635040182315,-0.7656567202776299,-1.4459960878228426,0
0.15910566815972013,-1.5450325455404195,-0.15484123025532542,-0.4281154315628296,1,0,0,1,0,0,-0.5838743016777656,0.020281206395688665,-0.16982862701171944,-0.4146555066937224,0.6425349774034488,0.33605221486743714,-0.300379250159401,-0.17515817485585966,1.6340889260859923,-0.31840104030428595,0.8080508666994118,0.4108572770536046,-1.2154344068825633,-0.34790408011345514,-1.1299623255160145,1.4840217407252967,-0.04855265099767006,1.2071607585693278,0.3637290563372595,0.19961827368027837,0.07006300176770855,-0.8915613603251291,-0.7425555733447824,0.3819952863189784,0.1280518241859453,-0.19961827368027837,-0.36372905633726016,-0.45320004908148526,-1.1600669447440433,-0.5824076947417753,0.21443774870523882,0.18851042614798086,-0.5605696322757617,-1.4435419379712537,-1.7036084035718644,-0.35630847989348147,0.11228645211844858,-0.7864379342253526,0.22411901897178985,-0.2051091846046925,-0.0423289389126401,0.6966194952401235,0.12214944469431245,0.23638866577426285,0.47161139053935697,0
-0.6376024649146498,-1.0039094601397194,-0.15484123025532542,0.3052077222492148,1,0,0,1,0,0,1.2080147529090457,-0.6687632064579894,0.5465895323614635,-0.5830425558567773,-0.26612957633543705,-0.0637380545544255,-0.11293079147710572,-0.44406945685763777,0.8228538830179238,-0.734452476962912,-1.0568297102831021,-0.7975449516412823,0.8540653703646908,-0.8678694612490709,-0.1925809452488992,1.2740476431056735,-1.613485909907033,-1.770273902919707,-1.2601455701587203,0.16204084244106823,-0.7101319252969444,0.41657590242105574,0.15542618878113967,-0.6077070953207734,-0.3543975277211178,-0.16204084244106823,1.2601455701587196,-1.0659553487776992,-0.7097714541928067,-1.746901697607466,-0.9742482968035945,-1.467112756691348,-2.41936426685411,-0.46483142063624716,0.12354118106860354,-1.8445748041378918,-0.5261013687559044,0.7310941790521709,0.9083602497423721,0.858125067447326,0.5330569536548284,0.6014499566897238,0.5337254978059351,0.6817421706862145,0.904619530814692,1
-0.8175043014153137,0.10410447663314094,0.27967722576327125,1.478524768348486,1,0,0,1,0,0,-0.7983962307480176,0.9768027752938324,-0.09306953850744984,-0.4615261286257068,1.960722149154853,1.1079068066147917,0.652065566261976,-0.14007105054211733,-0.9347029636788557,0.9246459173421596,0.559811260518572,-0.36503528003715224,-0.5854099063260227,2.2140085396497877,-0.5194877605661639,0.729817386217522,1.9627239745357912,2.1873765960872245,0.30418285154596364,-0.799549433147316,1.30549820302806,-0.32815952180913177,2.0111663539118334,0.6970665142899612,1.4077654517993223,0.799549433147316,-0.30418285154596436,1.9142636088357055,-0.5596729573423944,-0.2821865846279648,0.12399424524260985,0.9224464762726329,-0.30852968182446,-1.7697787770829225,-2.0358174189610403,0.20179139169817292,1.3890620938671545,-0.17942508891434333,0.4521994292286506,1.4805060930387524,1.734598082251598,-0.794369942049485,-0.7833178721512579,-1.1553410370755877,0.47161139053935697,1
-0.5348014154856993,0.5163887321765315,-0.15484123025532542,1.478524768348486,1,0,0,1,0,0,-0.8236341047562825,3.093361140515257,-0.42569225535928473,-0.29545367807657696,2.3100226059279,2.607343913294328,-1.0300633315873557,-1.749394691509801,0.04663062780814469,0.11033428443045809,0.5885566041759025,-0.18037208361921428,-1.0510784373728406,-0.2663413102225892,-1.7591429224774338,1.0040867251534662,0.6680167022375135,1.8069519349618437,1.6035661060988957,-1.8364033494200551,1.1662030381234325,0.6388283529938396,0.9452646946755955,0.5133394268052174,0.9989844592771386,1.8364033494200547,-1.6035661060988964,-0.5089050763265954,-1.760460932145692,-1.1646546961746211,-0.5478717804797735,-0.27233314020935756,-0.5920746260821743,-0.9541866793037505,-1.5375038958772762,-0.8523972546416179,2.0829618991653644,1.6416134470186852,2.5687856364123185,2.828998315153507,2.9530623253356474,1.4262526241265279,2.3446601314970748,1.3497724280541432,2.389218868901558,1
-0.04649643069818187,0.3102466044048362,-0.4445202009343899,0.3052077222492148,1,0,0,1,0,0,0.9177792018139987,-0.6402710746184702,-0.3361399854376369,-0.3330659055528607,-0.8149917865274005,-0.2350128567787805,-0.1170577275676956,-0.3589461676506519,1.0021695422855788,-1.3419847062537846,-0.46332172354977613,-0.4114200962666628,-0.05228107321275677,-0.27974110432858906,-0.32241537136364457,1.2433092802506993,-0.6323284159009992,0.2349279984553024,-0.7471295343976714,0.17986603418274572,-0.11674239567232028,0.16967623866077264,-0.12059341482072561,1.1859287274416839,0.8317023977100991,-0.17986603418274572,0.7471295343976706,0.2152602778598393,0.340918023760079,2.256046437243345,2.7468558456588394,2.253772334638279,1.0776900456576979,-0.13859458152457876,0.2342775195316623,2.3101686843777554,-0.44283339212011924,-0.3311783002420958,-1.3906902856467844,-1.2294446225572482,-0.7700228618656133,-0.9529858396334858,-0.9479482933959068,-0.9883334727336057,-0.8892713360402683,0
-0.1749977424843705,-0.4885541407104817,-0.8790386569529866,-1.161438585374874,1,0,0,1,0,0,2.1922918392313786,-0.7309807188422456,-0.7966945164632545,0.5522680642735108,-2.559623173754732,-0.9889797407220248,1.268885774664318,1.4225832384978416,-2.6645817947669963,0.9806024843130501,-0.02594947729584205,0.17863345750422344,-0.2980954955723181,0.45318624153005144,1.5135916347363951,-1.0400062822207827,0.30882784909585753,0.04348118162436531,0.4783555005605047,-0.23079243079930178,-1.3115982049690644,-0.43625726703663464,2.597466561656628,-1.018502284430521,0.07618650231617217,0.2307924307993025,-0.4783555005605054,0.7026792662545551,1.879427616476804,0.9346186722727078,0.18536662259225087,0.3079883877961804,1.526636207399079,0.4934892942542799,0.2896456887631914,0.7598912632898273,-1.2755131584779709,-0.5588081172337243,-0.5422311594912614,0.7803274392483975,0.27921023634565156,-1.6508957890030895,0.12214944469431245,0.013711913318286572,-0.5799798072721716,0
-0.14929748012713334,0.5163887321765315,-0.4445202009343899,-0.4281154315628296,1,0,0,1,0,0,-0.6217311126901629,0.05516953109714072,-0.5408308881156891,-0.10739254069515815,0.24257282523674706,0.12542445547403971,-0.6926091340237995,-1.769680642897527,1.913433627387653,-0.30604758032996965,0.8400280915790473,-1.0094432914768514,-1.2178238936484012,-0.37551240236099803,-1.7756303813496221,0.9690334494491812,0.3536017086696835,1.20802535519999,-1.14725589024189,-0.2389258302200081,0.5878822929243728,0.6501546835482477,-1.6419427055780598,0.7640759378809096,0.08732397605673878,0.2389258302200081,1.1472558902418892,-0.4253475354589299,-1.685411683720486,-0.32767463161490584,0.2015172482105774,0.3421249482670949,-0.24551969421163483,-1.6066603575270884,-1.4267675574142176,0.3258135853852078,1.1115021717478706,1.33810702436318,1.793312241538992,0.4691369264526849,0.7699805564767266,2.6000102662481344,1.1099319721622063,1.0714264874841732,1.9562107286262216,0
-0.6376024649146498,0.28447883843337485,-1.6032360836506476,-1.6014324776621007,1,0,0,1,0,0,-0.7226826087232228,0.4476631839884763,-0.5024513438635544,-0.1855102439151321,0.7358313875864162,0.4876505385072709,-0.8341239424847863,3.4800732306457824,2.3698927376127363,-1.9670874614688878,-1.8214804258879742,0.06060890634392738,2.018415719192449,-1.042185632777751,3.0748955619320917,1.4555175875036666,-1.399423199064781,-1.2787050558047368,-0.1354762624713289,0.21702702713573208,0.11853004228041499,-1.6961468515301434,-1.7770679583331221,1.2697641655362129,1.1196071551668536,-0.21702702713573208,0.13547626247132818,-0.8988402670423681,3.3428879607683233,0.7003552302899613,1.4160442947087326,0.6664222727407777,-1.033144539371952,1.5741488238116832,1.839954427246013,0.5118468759157585,0.3620903820258042,-1.4693273852002382,0.9995924138451164,-0.1921429132382052,0.31305646532020776,2.853795702382536,-0.6186874509066087,-0.5986491559356475,1.646919199858125,0
1.7011214095939837,0.15564000857606544,-1.168717627632051,-1.6014324776621007,1,0,0,1,0,0,-0.016022136491804253,-0.4797847809917908,-0.7327286093763631,0.37577991996171783,-1.2434645926917873,-0.6593987244312947,0.05635240942141453,-0.9131447399488684,-0.3100543678486062,-0.44704327736314015,-0.47902188510415694,0.6519936782236871,0.7457249672077053,-0.7127908163682981,-1.537900952995924,0.10961932886314225,-1.1086687296136917,-0.5087615119550613,-0.10086982058087872,0.9892830742375731,-0.7905715822274199,-0.2873156012975396,0.5340115615915374,-0.4954103073153093,0.12604531716370948,-0.9892830742375731,0.10086982058087801,-0.6203151308168162,-1.3852146900196616,0.33645085439443295,0.3436427536518511,-0.135786898325702,0.4790951633358572,0.758556726032511,0.8986955503100138,0.44983577907224165,-0.7759052986632599,-0.3311783002420958,-0.2046721523111086,0.09311505682453199,-0.11002139686175369,-0.12818317219668063,-0.7833178721512579,-0.4316415915936655,-0.20882997275045564,1
-0.7147032519863632,-1.235819353882877,-1.6032360836506476,1.478524768348486,1,0,0,1,0,0,-0.6595879237025604,0.13366826167540785,-0.5920036137852022,-0.0061288513359326405,0.2556084424433628,0.10753674766992953,-1.0902648508872124,0.3306366900481737,0.8308976213760997,-0.9996477947082416,-0.5691882842696406,0.20319378340913627,0.8064973624704211,-0.9925266523560486,-0.39290674914897866,1.0402375562991133,-1.1588594867321935,-0.48499929341003295,0.8518955842960956,-0.567767582660665,0.5243188786984851,-0.84741458949619,-0.09052645970309751,0.20135444894895088,0.266465233533895,0.567767582660665,-0.8518955842960962,-0.6481676444393714,0.26586877533487285,2.292436874832897,2.6434918417015503,1.8612018892227682,0.9831750642384596,2.3897409215908554,2.0060589349406004,1.876091006473136,0.16779843654230542,-1.0140677512169813,-0.989268763594709,-0.8793552956620708,-0.7530997473783346,-0.5405845059150832,-0.37174181903963527,-0.6543183440496418,-1.0129879475475077,1
-0.7147032519863632,-0.12780541711001567,-0.8790386569529866,-0.13478617003801185,1,0,0,1,0,0,-0.596493238681898,0.049354810313565374,-0.579210432367824,-0.0061288513359326405,0.08520574189551154,0.042693806880030105,-0.9409666198763622,0.07057660294670164,1.0440428765422947,-0.4803375180305297,0.5162348463319053,-0.3307728782495783,-0.5901446458983559,-0.9865736012807386,-0.8779638132787653,0.5679229145368205,-0.21517267022475,0.6616042663187193,0.4884925330428311,-0.9356157016516281,0.3226642726477787,-0.9763934771626666,-0.8565338290442989,0.4355434615758528,-0.02520278809263769,0.9356157016516281,-0.4884925330428318,-0.9545452942874786,-0.8598699510432187,-0.19121049065408274,0.12399424524260985,0.03489590402886805,0.1325402314653172,-0.13859458152457876,-0.3747723420151606,-0.046252995675895824,0.3620903820258042,-0.8623145398892288,0.2514886682026129,-0.24400799870415715,-0.0592520533999176,0.6331731362065233,0.7806711296729086,0.3477270420022505,-0.1469716669968365,1
-0.6376024649146498,-0.5400896726534062,-0.8790386569529866,-0.13478617003801185,1,0,0,0,1,0,-0.785777293743885,0.5610502392681955,-0.5536240695330674,-0.09871279589293881,1.168174353873405,0.5077742097868949,-0.03991443196373007,0.4950565259210673,-0.5098366111091055,0.24574132263399714,0.5256308280757112,0.8693901469559012,-0.21908303853531055,-1.1857202043270796,-0.19499250536226642,0.722291613977718,-0.453593126397589,0.5699235881395756,1.3564759393421526,-0.1595918522639314,-1.1292556679780386,-0.8748198294844629,1.4227971415236251,-0.7817558525449688,-0.12692636258270126,0.1595918522639314,-1.3564759393421533,-1.0659553487776992,-0.03432821836595151,0.5002078235474204,0.821701271954316,0.5810808715634928,0.6051151385615076,0.2692014673650073,-0.319404172783631,0.139780294854656,-1.0812212129944723,-0.8623145398892288,-0.19554893590083341,0.5469345546516133,0.17767154942198057,-0.8895394805998851,-0.37174181903963527,-0.48731077970765985,-0.8274130302866491,1
-0.5605016778429365,0.0783367106616796,0.27967722576327125,1.0385308760612593,0,1,0,1,0,0,-0.4198281206240434,-0.2937137159173798,-0.7583149722111197,0.45100437491428536,-0.9441221677954132,-0.5744321123617714,-1.3343428831087747,0.785698809945685,-0.6159711038198586,-0.5102481313908883,-1.0421833628295534,-1.0758541524169287,0.5321091785681673,0.3542622419553292,0.49581950188824214,-0.4459887698790816,0.8565825889991133,0.5872032825765886,0.30418285154596364,-1.7690215962405291,2.209410918487091,-0.5816951816550092,0.3938774313404005,1.5386849394019837,1.9281791292050052,1.7690215962405291,-0.30418285154596436,0.5216379277079463,0.7161642658861095,0.6730624020977969,0.31780175266252825,0.6664222727407777,0.8571550890128092,-0.05703537174666111,-0.2086678343205727,0.8219023601333442,2.638081743403932,-0.2553016945782196,1.136440659999233,1.1952481229760152,1.8530598836625478,1.2041903675089267,-0.04248097655033679,-0.7656567202776299,1.4613442825972665,0
-1.4086103356317816,1.109047349520155,-0.4445202009343899,-0.8681093238500562,1,0,0,1,0,0,0.7158762097478791,-0.6048012778386607,-0.6943490651242283,0.14142681030179596,-1.4906034429200496,-0.5744321123617714,-0.921207802358381,-0.379849367807531,-0.8698727119465245,-0.8884036147819613,-0.529403677770597,-0.02039582676211257,0.606156614617575,-0.7153814324581185,-1.5238219185743727,-1.376400759075122,-0.6732639116106821,-0.43140279373189006,-0.2763926451691775,0.24630538521990228,0.5661611756337837,-1.0051761683379234,-0.19400488514806868,0.5325789986590688,0.26706984681914436,-0.24630538521990228,0.2763926451691768,-0.5506838467604283,-1.3101654415944555,0.7867825195651494,-0.12149526415595328,-0.3747428216220998,1.9598298722372534,0.4934892942542799,0.7049069579996614,0.7598912632898273,0.6396503041450882,-0.8623145398892288,0.38833691435672935,0.22277777048941236,0.43151826673115745,0.31594134103852145,-0.28942660841731066,-0.2089648391376897,0.6571863078002155,0
-1.5371116474179702,-0.5400896726534062,-0.4445202009343899,-0.4281154315628296,1,0,0,0,1,0,-0.15483044353726144,-0.4193116848426072,1.4037326873258074,-0.6843062452160029,0.7701840768430421,0.20636633328763831,0.5592988581791796,-0.745328912383974,-0.07104506031691947,0.8862946982982534,0.8682532111150654,-0.039837026690448016,-0.5626132038269354,-0.14984505209544757,-0.6310298745396401,-0.9112834449102829,0.26500280887467326,0.1691758620210168,-0.29127919636700184,0.23455420748543962,-0.9274420876253167,0.39083544719668084,-0.8186310008175969,-0.9345547094462462,-0.9636043961345714,-0.23455420748543962,0.2912791963670011,0.02029268250195297,-0.40957446049198204,0.7276480584821255,0.09815324425328795,0.20557870638343811,1.3927399837218248,0.2692014673650073,0.4557501964577793,1.069946747507413,-0.8406692804910928,0.4528799582846249,0.24236545179233895,-0.23104172733766892,-0.5725865261806978,0.6225987430342572,0.47884869072438496,0.6631857746482165,-0.04387449074080463,1
0.3904080293748593,-0.4885541407104817,-0.4445202009343899,-1.161438585374874,1,0,0,1,0,0,-0.6469689866984278,0.07842841423144209,-0.7966945164632545,0.5522680642735108,-0.7344913508946546,-0.36648750913899036,0.6315416109884386,1.0434878752465544,-1.9864168266621507,0.09492113056984645,-0.6178326329240719,-0.2231522511832501,0.3058389019111318,-0.3972570014614854,0.8240177241015952,-0.09772790878377348,-0.6686807030001235,-0.37151428242879714,-0.0741697193470499,-0.23079243079930178,-1.2751084986306505,-0.606736989697012,2.617291223920673,-0.7912846622853855,0.4405012943466304,0.2307924307993025,0.07416971934704919,-0.11896988561082296,1.3165582532877582,1.3007974505175837,1.0413497803635572,0.683490552976235,1.1722050270769362,0.9216751455883455,1.0648000580046022,1.4420133285685155,-1.192245181842186,-0.5588081172337243,0.041654690766301246,1.3897421934733356,0.9222885868622325,-1.206771275767887,0.12214944469431245,0.013711913318286572,0.22417816752487937,0
-0.04649643069818187,0.5163887321765315,0.5693561964423357,-0.4281154315628296,1,0,0,1,0,0,-0.19268725454965888,-0.41291549198067434,-0.5408308881156891,-0.10739254069515815,-0.48061854928977066,-0.23456566408367777,-1.0408934143484807,-0.975625345544615,1.3402643669993923,-1.3795573278759856,-0.289135652306448,0.06902682984022063,0.31977424600264615,-0.8064050903853093,-0.8600693410827948,0.14891236753616274,-0.7641726098750485,0.03300911924512818,0.2430696413654208,-0.14692914774798616,0.6416371660750495,0.4774778194819253,-1.6825437204903795,1.1059524694207856,0.40811748893505395,0.14692914774798616,-0.24306964136542153,-0.6481676444393714,-0.6347222057676005,0.764038496071679,0.7312577684916879,0.3591932285025509,1.0461850518512859,0.4323198869208419,0.34501385799472056,0.7598912632898273,1.2780381250194413,1.2622304186993043,2.112624815898597,0.6765972683164937,1.1253659607095745,3.0441347794833375,0.6983559190505837,0.6817421706862145,2.574793786162414,0
-0.6376024649146498,0.28447883843337485,-0.15484123025532542,-1.6014324776621007,1,0,0,1,0,0,-0.23054406556205628,-0.4024489945702387,-0.5024513438635544,-0.1855102439151321,-0.36610906074714133,-0.1661451817329563,-0.45326108209676513,1.5757578119702749,0.4741784217191411,-1.1767821410357366,-1.2942651014585194,-0.639722783040788,0.9797858902185089,-0.5739960782509345,0.9764248903983003,-1.0891944617481586,-0.4984663569379405,-1.0790147532354812,-1.3500596596423822,0.4664671563038157,0.05674045005482482,-1.1846160285697853,-1.7427531801046703,1.0954860460434268,0.6291601264245544,-0.4664671563038157,1.3500596596423813,-0.6481676444393714,0.641115017460903,-0.5824076947417753,-1.0130097982875779,-1.1257471519822078,-0.15100471279239655,-0.46483142063624716,0.17890935030013266,-0.4803306735805153,0.3898463742377325,-0.8623145398892288,1.3645210702560935,0.09311505682453199,0.5330569536548284,2.726902984315336,-0.28942660841731066,-0.09762646290970158,1.9562107286262216,0
-0.7147032519863632,1.7017059668637786,-1.6032360836506476,-1.161438585374874,1,0,0,1,0,0,-0.6595879237025604,0.13366826167540785,-0.029103631420558513,-0.4748350706557764,0.9993726524709151,0.4697628307031607,-0.1684428979912033,0.4861434353707795,0.745982120113456,0.09550606575367217,0.43602085715538197,0.25278162223089873,-0.6516908966635643,-0.9530879628619059,-0.6191488283787897,0.971884422563685,-0.8610718056442889,-0.13993310865479894,0.4407888507730546,-0.09240503183227083,-0.718090312587157,-1.2874968261265334,-0.04313243224394977,-0.9828465960323618,-0.7034659136759643,0.09240503183227083,-0.4407888507730553,-0.7317251853070371,-0.25947596364157,1.282602231722807,1.674454304601957,1.1614023995690306,0.5106001571422693,1.0032343553662626,0.8433273810784847,1.3179911348814817,-0.49834537654397587,-1.0140677512169813,1.136440659999233,0.9359226956462544,0.43151826673115745,0.886958572340925,1.6861384465184783,1.795125932966095,1.2139110595827887,0
-0.8175043014153137,-1.5450325455404195,0.27967722576327125,-0.4281154315628296,1,0,0,1,0,0,-0.7983962307480176,0.9768027752938324,-0.16982862701171944,-0.4146555066937224,1.891365728399917,1.0716841983114687,1.4482473319767335,0.004327668627468894,1.1081432120764565,1.3814579505669848,1.7207814140102673,0.8199500401401981,-1.4421776870038,1.9573357612614357,-0.4573085967914969,0.5999772084284876,2.214019741238931,2.5021320027148803,0.2654778184316193,0.8550163918650944,-0.05807633929397428,-0.4640615742430885,-0.9119496610366428,0.32912350906535354,0.2057447850296158,-0.8550163918650944,-0.26547781843162,1.7192960134778195,-0.4846237089171882,-0.20940570944885942,0.12399424524260985,1.0248561576853752,-0.024984737566746233,-1.9328971966387571,-2.2019219266556282,0.44983577907224165,0.029018475482663446,-0.3311783002420958,0.38833691435672935,-0.16621037050522874,-0.025405824425361403,1.109020828958526,-0.37174181903963527,0.013711913318286572,0.904619530814692,0
0.5189093411610479,0.28447883843337485,-0.4445202009343899,-1.6014324776621007,1,0,0,1,0,0,-0.5207796166571032,-0.11055001123475654,-0.5024513438635544,-0.1855102439151321,0.0633017084535547,0.05834555120862652,0.23518112263572868,0.995298189597819,0.07722040365560362,-0.12230219621820708,-0.08262117826756137,0.7086111809072365,0.35068002654525415,0.4924582950509406,0.36198150683759467,-1.7533719893526731,1.0550665239452448,0.30636360170673144,0.21285636891661422,0.7553527801229527,0.16503344998753053,-1.0034528734522716,-1.8675326334454467,1.21140828143301,0.4065160064297207,-0.7553527801229527,-0.21285636891661494,1.217950768271826,1.2415090048625523,2.4561938439858846,0.8733832739329616,1.3150169216881435,3.3460495997194113,1.0847935651441794,1.0648000580046022,2.930279652812927,0.44535835866158957,-0.7105613285614767,1.127317443588959,-0.1532440991387405,0.3299795798074865,2.314501650596933,-0.37174181903963527,-0.04195727479570725,1.708777505611744,1
1.7011214095939837,-0.6431607365392533,-1.168717627632051,-0.8681093238500562,1,0,0,1,0,0,-0.016022136491804253,-0.4797847809917908,-0.8094876978806327,0.5609478090757302,-1.8466378510697212,-0.8025003868641762,0.4035285107091439,-0.6473398941720955,-0.5094602509218917,-0.08056812448035512,-0.9100536513014577,-0.9106298215732352,0.9320163167678692,-0.6533646106981508,-1.3391204395623844,0.01009296920795495,-0.9069138565356364,-0.7943318841492713,0.02721105494791352,-1.2689780594871891,-1.2139504377633734,-0.4530071392258291,0.7065916907214166,-0.7904379173299712,0.40760383673211487,1.2689780594871891,-0.027211054947914228,-0.3696425082138195,-1.009968447893631,1.4827496384653478,1.2609982887727984,0.76883195415352,0.9201650766256344,1.9819448727012692,2.172163442635189,1.6900577159425842,-0.9979532363586869,-0.02767187758659086,1.464876450769113,1.675000163536073,1.1761353041714093,1.489698983160128,0.9453015509175579,0.3477270420022505,0.9664778365683122,0
-1.5371116474179702,0.0783367106616796,-0.4445202009343899,1.0385308760612593,1,0,0,1,0,0,-0.15483044353726144,-0.4193116848426072,-0.7583149722111197,0.45100437491428536,-1.2683081885176524,-0.6710257345039663,-1.1519134841727245,-0.044573429707254544,-0.7778597428731813,-0.8574338314767943,-1.0174496823757784,-1.3465104045547156,0.5811502994024407,0.19770037663470935,-0.6109417461088766,-1.050022301007177,0.4824402349405144,0.6164345994004521,-0.007768161614413057,-1.8287752264186004,1.7993036273263807,-0.5508495984843484,0.00818917821574047,1.6367172679109576,1.924562824723567,1.8287752264186004,0.007768161614412348,0.35452284597261524,-0.40957446049198204,0.6457695739056325,-0.04397226118798574,0.15437386567706757,1.7707999093987767,-0.13859458152457876,-0.1532996650890431,1.069946747507413,2.138473883589221,-0.2553016945782196,1.0087156302553917,0.858125067447326,1.548443822891536,1.4579758036433286,-0.20711139779498602,-0.9326642846196119,1.3376276710900281,1
0.5189093411610479,-0.5400896726534062,-0.4445202009343899,-0.13478617003801185,1,0,0,1,0,0,-0.5207796166571032,-0.11055001123475654,-0.8478672421327675,3.080967049986742,-2.1302124045540363,-2.4660572126464233,0.6643279885695679,1.6542243016262437,-1.7603480881801883,0.10796699602925995,-1.1564372283058946,-1.0302007060184837,0.7250660244435981,0.2851869849894945,0.4762034012994785,-1.8278508971441165,0.7664647966411736,0.1622299877511595,-0.2444928926024105,-1.1625858176247739,-0.6388087644965287,-1.7934246548424457,0.5696409341910423,0.6141569258966606,1.6618110419607321,1.1625858176247739,0.2444928926024098,1.1343932274041606,1.6167552469885829,3.065733673610895,1.2609982887727984,1.5710411252199985,4.039159463460491,0.9216751455883455,1.1755363964676604,3.612401718091616,-0.6371253376036178,-1.6969572021918669,-0.19554893590083341,0.11904759955750843,0.36382580878204385,0.47455723862252236,-0.7833178721512579,-1.266679413303576,0.2860364732784985,0
-0.6376024649146498,-1.5450325455404195,-0.8790386569529866,-0.4281154315628296,1,0,0,1,0,0,-0.785777293743885,0.5610502392681955,-0.16982862701171944,-0.4146555066937224,1.7019911914963965,0.7519414213129989,-0.9972638551276622,-0.17906694577388163,1.4255862131250479,-1.0394480551989442,-0.3356620620799493,0.656614116794921,0.6601446234375603,-1.2139881240969623,-0.7116010733668985,0.9019940145069593,-0.8188818291125214,0.50631192580209,1.4194989373408373,-0.5122984218604396,0.1737170370369834,-0.4670913312089053,-1.042407114154432,0.5922380587656756,0.9306921700028887,0.5122984218604396,-1.419498937340838,-1.038102835155144,-0.40957446049198204,1.0733572155828786,1.4418852956980555,0.9736513169790033,1.109195039464111,1.0032343553662626,0.34501385799472056,0.6978801664463103,0.3343343898138759,-0.2553016945782196,0.6802798394855113,-0.010615114107371936,0.22844089288381547,2.0607162144625315,-0.12479618717266176,-0.3759724034796717,1.275769365336409,0
0.6988111776617119,-0.7719995663965628,-0.15484123025532542,-0.4281154315628296,1,0,0,1,0,0,0.791589831772674,-0.6234083843461017,0.5849690766135982,-0.5917223006589967,-0.0984720561861654,-0.022149133909869317,-0.875625357121581,-0.6994439876065414,0.4349969613476857,-0.7778435984061225,-0.387954438858454,0.8933574459112699,0.6365179422373378,-0.4775450090947487,0.12721188352250026,0.4816038088313114,-1.1991424580298984,-0.7689357757723004,0.2181716668474233,1.002053003267564,0.7404210278158504,1.0874468959221286,-0.11069003646554948,-0.13823261542069354,-0.24635635287778038,-1.002053003267564,-0.21817166684742473,-0.3696425082138195,0.26586877533487285,0.4456221671630917,0.6408142650290589,0.08610074473523979,0.038025250046078915,0.6769975162545934,0.6218547041523672,0.015758101167622184,0.6396503041450882,0.9587239960437993,-0.11343998820836432,-0.1532440991387405,-0.194636969298146,-0.12818317219668063,-0.7010026615289333,-0.32030321536567735,-0.20882997275045564,1
-0.04649643069818187,-1.0039094601397194,-1.6032360836506476,0.3052077222492148,1,0,0,1,0,0,0.24897554059497767,-0.5524687907864826,0.57217589519622,-0.5917223006589967,0.16258497158676585,0.03240837489266675,-0.18668177106948886,-0.597478062378123,-1.2371352044390778,-0.28918447173219974,-0.43022502307020166,-0.15435784501830127,0.7656806768275042,-1.1835197341663204,-0.3246503850840433,-1.4164801390402617,-0.9989604290145079,-1.110190772165913,-0.6392523306161405,0.42347698798565403,-0.9229734263810323,0.49482976233167014,0.26777933383128344,-0.5998824966232681,-0.5245716072426334,-0.42347698798565403,0.6392523306161398,-1.2052179168904753,-0.5596729573423944,-0.8917264142529749,-1.4006248131274146,-1.6377955590459181,0.1325402314653172,0.18764225758709038,0.5664865349208381,-0.9764194483286528,-0.7759052986632599,0.7310941790521709,0.6985262723060605,0.7414286251489338,0.43151826673115745,0.15732544345452057,0.2044646553166367,0.45906541823023866,0.5334696962929761,0
-0.5348014154856993,0.6452275620338409,-1.8929150543297122,1.478524768348486,1,0,0,1,0,0,0.5392110916900246,-0.5937533083498675,0.5465895323614635,-0.5888290523915902,-0.005288271047625584,-0.0015782699351426037,-1.7275014816555476,-0.314854208510836,0.17536977054649663,-2.1640285924055305,-1.6632041699523341,0.7425497629255114,2.4349090181306794,-1.161309395430629,0.22852997957723886,-0.2438815414567228,-2.486220696176884,-2.2140858045791716,-0.6924717511483616,1.699534365048511,1.241766197667666,0.6610835989954831,-0.48481378057696034,0.45816913340272786,6.230266301674304e-4,-1.699534365048512,0.6924717511483608,-1.0102503215325889,0.491016520610491,0.8004289336612322,0.5374502610717695,-0.5624939042121272,0.4475901695294441,1.9819448727012692,2.7812133041820113,0.38782468222872474,1.333550109443298,0.8069707847160468,0.4704458620491997,0.13201387092399572,0.31305646532020776,0.4428340591057229,-1.0302635040182315,-0.3759724034796717,0.904619530814692,0
-0.25209852955608386,-1.0812127580541053,1.0038746524609323,0.5985369837740325,0,1,0,1,0,0,0.6654004617313493,-0.6030568616035881,0.009275912831576286,-0.47830696857666416,-0.37968226651564924,-0.09414715782141281,-0.12429218775120617,-0.6887823629428481,1.8955280062673565,0.11755852033906278,0.6598130263957125,0.549922005346104,-0.07352861093223369,-0.7549164866984206,-1.1776613113836396,2.042238894030752,-0.45556150260917844,0.12567963443883556,-1.4375436385994584,2.1757663048135973,-0.58147234592405,-0.23437984005894966,-0.5389971493987943,-0.6105409644662698,-0.7350875478204871,-2.1757663048135982,1.4375436385994576,-0.8988402670423681,-1.3101654415944555,-1.1919475243667854,-0.12149526415595328,-0.2894014204448148,-1.9782943535643327,-1.0357458890816678,-0.5408768497097485,-0.17027518936292965,-0.7481493064513315,-0.5588081172337243,-1.1261170097488256,-1.1905458084577836,-1.311562525458524,-0.635754044465484,-1.4418395571298541,-0.7099875321636356,-0.76555472453303,0
0.3904080293748593,-0.978141694168258,-1.6032360836506476,1.0385308760612593,1,0,0,0,1,0,3.037760618508254,-0.7565654902899771,0.047655457083711085,-0.48814401268584606,-0.9751282402239443,-0.2046037535117932,-2.068392020373248,0.4473094383669839,-0.4508546470296331,-2.5065842201148967,-2.6406780023460215,0.14829708511605078,2.9153402651616167,-1.2230331074907062,0.8748009457708555,-0.5665678358053505,-2.8502880016257257,-2.885770235837808,0.03622492998512883,0.16633209230480636,1.6541091841283118,0.26241014142223895,0.04698737081900382,0.5599367785761296,0.6156177671085797,-0.16633209230480636,-0.036224929985129536,-1.038102835155144,1.3165582532877582,1.1734309189541483,0.6537347655237203,-0.6307670251539549,0.5421051509486824,3.042214599814193,3.3348949964973045,0.139780294854656,2.33276582907272,0.8828473903799233,1.775065808718443,1.5323711785047043,1.7176749677643206,1.4262526241265279,0.03983423407198747,0.1250502895462747,1.8324941171189824,0
-0.1749977424843705,1.4182605411776974,-0.8790386569529866,-0.4281154315628296,1,0,0,1,0,0,0.9682549498305286,-0.6437599070886154,0.188380452674872,-0.5298067877364988,-0.3773846126735409,-0.08565049661446048,-0.17431355689583736,0.5976200275276217,-0.040122780943748305,-0.030340151270564837,0.09028636185374833,0.1845519764488347,0.12273442621555199,-0.6326706986968023,-0.33330903830829994,0.6169248588039893,-1.1086687296136895,-1.2001131458155712,-1.0787610282698779,1.3216089381505973,-0.3897698634802714,-1.1541539205096034,0.6747991727626587,-1.058349347222447,-1.289053596090082,-1.3216089381505973,1.0787610282698772,-0.3417899945912644,0.11577027848446049,1.510042466657512,1.6615338041072958,1.0248561576853752,0.038025250046078915,0.35076067714292497,1.0648000580046022,1.3179911348814817,-0.1375174777889068,-0.8623145398892288,1.182056742050605,1.4027084648398238,0.8038267854512828,-0.3819686083310823,-0.04248097655033679,0.7374113588002092,1.0283361423219313,0
-0.07219669305541997,0.2587110724619126,0.5693561964423357,-0.8681093238500562,1,0,0,1,0,0,3.8579915237768647,-0.7705208201705579,0.6105554394483548,-0.5928795999659593,-0.7840921642578043,-0.13439450038066073,1.313194514627394,1.3952895665319651,-1.0037921258344582,0.727476167686969,0.762968340487487,-0.07391513840348667,-1.0372342807326365,0.8781633915728441,1.871114027978314,-0.3555170401256646,0.3727085822126382,0.12003139371078675,-0.04921092906325296,-0.05200463268990121,-0.9485784255123032,-0.040637760637894926,1.0149571238573307,-0.613201919562208,-0.8747089160009182,0.05200463268990121,0.049210929063252244,1.07868820015905,2.142099985965025,0.7367456678795146,0.42116575661981864,0.5640125913280355,0.6996301199807459,-0.05703537174666111,-0.04256332662598434,0.6978801664463103,-0.8869292675109735,-0.02767187758659086,0.041654690766301246,0.5599008260181015,0.2622871218583729,-1.2702176348014877,0.6983559190505837,0.7374113588002092,-0.45626319576493324,1
0.9044132765196139,-0.8235350983394863,-0.8790386569529866,-0.4281154315628296,1,0,0,1,0,0,0.4256406586528323,-0.5797979784692867,-0.6559695208720935,0.07198885188404132,-1.2176464931239974,-0.5015397030600224,-0.5723890086536859,-0.0525506586768402,-0.004874691921365381,-1.1298038103436976,-0.6348573818688193,0.7590195521829818,1.1158449329698832,-0.9320921001456998,-0.9369404293716923,0.2344776358959237,-2.0781585828211853,-1.376607572537068,-0.8569681418843186,1.8851427108031094,-0.13541459393303834,-0.8664789258082003,0.24229127829805547,-0.534374418106273,-0.5186436704769889,-1.8851427108031087,0.8569681418843179,-0.8709877534198129,-0.8598699510432187,0.06352257247278678,0.17567624722125458,-0.6819718658603261,0.06953024385249205,0.4323198869208419,1.009431888773073,0.015758101167622184,-0.10976148557697851,-0.7864379342253526,0.11464042204849642,0.22277777048941236,-0.008482709938082702,-0.2550758902638815,-1.0302635040182315,-0.26463402725168356,0.47161139053935697,1
0.6988111776617119,2.371667882121788,-0.15484123025532542,-0.8681093238500562,1,0,0,1,0,0,0.791589831772674,-0.6234083843461017,-0.7455217907937414,0.3613136786246856,-1.7640207226093256,-0.7586755027441062,-0.2912578241881745,0.5953678785844758,-0.3043511059950265,-0.5855577985933604,-0.9588976837265614,-0.4534149215109421,0.5267960875856761,-0.2371089969553761,0.023812825383954336,0.2760063979781821,-0.7799420430633247,-0.42662333834511246,0.41113096936191074,-1.0261585642736313,0.16808457854749959,-0.7933059320471152,0.6934179697301318,0.017673629928123658,0.8300992973849267,1.0261585642736313,-0.4111309693619114,-0.06326485836571254,0.26586877533487285,0.7549408866742913,0.795860270964994,0.4103980692089227,0.4475901695294441,0.5138790966987595,0.34501385799472056,0.38782468222872474,0.8061862574166584,-0.17942508891434333,2.4593070394890253,2.556706616457259,2.4115226617427363,1.9655466759121307,1.1099319721622063,0.6260729825722207,2.7603687034232727,0
-0.9717058755587404,1.4697960731206219,1.0038746524609323,-0.13478617003801185,0,1,0,0,1,0,0.059691485532990585,-0.49315863879401406,4.729959855844156,-0.7751542408125652,1.184956372211239,0.21978211414072094,-0.13987176443398133,-1.251348977678029,0.04607002529874253,-0.07663482832789817,0.17249864492135566,-0.30716920409210363,-0.49458569335244446,1.5674632608231036,0.030267425897867007,0.11777612575301986,0.7975812198522207,0.6935840927905716,0.02218903885575044,-0.440948977121442,1.7606859146599263,1.7478369857281286,0.05537438015715341,0.8943965936948749,0.45289318473480294,0.440948977121442,-0.02218903885575115,2.1927887450612573,0.5660657690356972,1.6465066076183352,1.4677262966873774,1.7929287682809403,1.109195039464111,0.02452383803125581,0.012804842605544792,1.6280466190990672,1.2502821328075124,1.1863538130354276,-0.8068044353892204,-0.6589286824317738,-0.29617565622181696,-0.826093121566285,-0.20711139779498602,-0.4316415915936655,-0.8892713360402683,1
1.4184185236643685,0.33601437037629844,-0.4445202009343899,0.3052077222492148,1,0,0,1,0,0,0.19849979257844777,-0.5350246284357565,-0.4768649810287978,-0.2665211954025125,-0.6732120518127372,-0.20549813890199872,-0.23341809087914264,-0.1305985041662429,0.6142028735370776,-1.2067081352692899,-1.6493571012173123,-0.9272934145040048,0.8839331903260614,-0.45229674907777306,-1.2008323053740941,1.0019981618572327,-1.212645999584559,-1.24031543857706,-1.118227115406131,-0.15567358143258175,-0.12735604503468753,-1.0237168968157926,0.16727561628892162,0.4277458251953774,0.9333183924792122,0.15567358143258175,1.1182271154061303,-0.23037994010104354,-0.9349191994684248,1.0369667779933252,1.4677262966873774,0.8029685146244333,-0.5605696322757617,-0.05703537174666111,0.5664865349208381,0.8219023601333442,-0.19302946221276363,-1.0140677512169813,-0.2776578835933038,-0.1532440991387405,0.025363519036474696,0.2207718024881207,-0.7833178721512579,-0.9326642846196119,0.22417816752487937,0
2.3693282308821653,-1.0039094601397194,-0.8790386569529866,0.3052077222492148,1,0,0,1,0,0,-0.7226826087232228,0.3604423722348462,0.57217589519622,-0.5917223006589967,1.6483972990164555,0.7345009062039914,0.7487284228604668,-1.0757924925390083,0.43406089747785226,0.20203445288324948,0.6478960149632246,0.7246503199353764,-0.18727389871975528,0.15647486887438486,-0.7912240554604608,0.6641800105692874,-0.14301844018127594,0.6691157023536,0.7902460580981725,0.2045801889163758,-0.8847772527660099,0.6839280680900514,0.07406106936773166,-0.4147501487778136,-0.18903530024045775,-0.2045801889163758,-0.7902460580981732,0.8837206048011639,-0.10937746679115769,2.7655125634970843,2.811458348132146,2.5951379393474188,2.1488598350757298,1.247911984700014,0.8986955503100138,3.0543018464999605,-0.7759052986632599,0.8069707847160468,0.41570656358755365,0.39133929825375646,0.19459466390925928,0.3476645205553221,-0.12479618717266176,-0.04195727479570725,0.2860364732784985,0
-1.074506924987691,-0.2566442469673251,0.5693561964423357,-0.13478617003801185,1,0,0,1,0,0,0.021834674520593164,-0.483273613461936,-0.4001058925245282,-0.3093412697601279,-0.42995685389611715,-0.13260572960024972,-0.6356853097594639,0.694766632079678,0.45468239183341835,-0.5332613047473508,-0.5684196672018547,-2.1590250248786824,-0.5461248994600725,-0.32395589351387927,-0.05525101754487313,-0.5527773889935456,-0.19920696877189706,-0.5236065865488779,-2.4200560176558494,-0.5444705351245722,0.5602429857735185,-1.0089382628507497,-1.1770540278769193,0.5228713993336614,0.22777348625181099,0.5444705351245722,2.420056017655848,-0.5924626171942612,-0.4846237089171882,-1.3466068841223853,-1.3747838121380926,-1.3647030752786062,-0.844114576533476,-1.6882195673050053,-0.983822203561983,-0.9144083514851348,0.6396503041450882,-0.8623145398892288,0.40658334717727845,-0.2958730841701091,-0.07617516788719629,1.267636726542527,0.5337254978059351,0.29205785388825667,0.34789477903211874,0
0.9044132765196139,1.289421711320388,-0.8790386569529866,-0.4281154315628296,1,0,0,1,0,0,0.4256406586528323,-0.5797979784692867,0.13720772700535894,-0.5124472981320601,-0.17485641370386676,-0.0498750810062401,0.20566706234879434,-0.6008253883147245,1.0598041745376539,-0.33779944635960235,0.31067526229205006,-0.25248176437764963,-0.42568608710015404,-1.1107148889653609,-1.0714857064822205,0.1957859218145844,-1.4308179591188088,-0.8364670704905879,-0.3979084468072301,0.05028573960672956,-1.395798286587259,-0.24873915790777307,-1.2520418403416465,-0.9624293366361332,-1.2205403458295552,-0.05028573960672956,0.39790844680722937,-1.0102503215325889,-0.9349191994684248,0.32735324499704527,0.3824042551358344,-0.23819657973844427,0.3215701943037938,0.5954383064766764,0.8986955503100138,0.38782468222872474,-1.2755131584779709,-0.1035484832504671,0.44307621281837667,-0.30883935553659736,-0.6515610604546642,0.9186817518577256,1.1922471827845313,1.3497724280541432,0.16231986177126023,0
-0.9974061379159777,-0.2566442469673251,0.27967722576327125,-0.13478617003801185,1,0,0,1,0,0,0.5770679027024219,-0.5972421408200127,-0.4001058925245282,-0.3093412697601279,-0.7584313403226886,-0.2202554978403896,-0.7555307658908883,1.3951380983104051,1.0359862549220484,-0.849560985589248,-0.56636939522137,-0.7883107775805868,-0.04828498887287242,-0.5035644800614909,0.9542733900714508,-0.031881891421838664,-0.4498670733998823,-0.42748207896814006,-0.088318892712161,-0.9875682768987283,0.5474282264711852,-0.958900689937567,-1.4482661424244814,0.7016215932225093,0.31895490479842176,0.9875682768987283,0.0883188927121603,-0.45320004908148526,0.9413120111617277,0.13630344765189217,0.09815324425328795,-0.08458205761933026,0.038025250046078915,0.02452383803125581,0.06817301183707392,-0.17027518936292965,0.6674062963570164,-0.7864379342253526,0.534308376921121,-0.3477381696360611,-0.0592520533999176,1.6165917012273294,0.8629863402952329,0.4033962301162448,0.34789477903211874,0
-0.7918040390580765,-1.0039094601397194,0.27967722576327125,0.3052077222492148,1,0,0,1,0,0,-0.7983962307480176,0.7645654666933325,0.27793272259651985,-0.5570033214501194,2.220275439409259,1.0184682675942407,1.8894576637983278,-0.9364430228911096,0.42530571706947534,1.786144085199643,2.0769783207485943,0.9612357648594068,-1.5970074354056043,2.0322877313869347,-0.37113387025015315,0.6414611428003018,2.004840583480449,2.404748828768193,1.1515092521572485,0.16895808102739213,-0.5966989205249575,0.913503673347352,0.06319942317768729,-0.4249998227767034,-0.35240435407951115,-0.16895808102739213,-1.1515092521572492,2.0535261769484814,-0.25947596364157,0.3182556355996563,0.6149732640397371,1.4686314438072563,0.3845801819166189,-1.3619827281933365,-1.814344742034923,0.9459245538203791,-0.5816133531797613,0.8069707847160468,-0.0951935553878152,-0.0495139282068366,-0.21156008378542468,-0.15990635171348128,-0.20711139779498602,-0.15329565102369538,-0.45626319576493324,1
-0.9460056132015023,1.6244026689493918,-0.15484123025532542,0.5985369837740325,1,0,0,0,1,0,0.11016723354952047,-0.5117657453014551,0.022069094248954552,-0.48930131199280863,-0.06618818488432661,-0.015441243483327998,0.3584103468726947,1.794947110672551,-0.39860839560457106,-1.2249457310303762,-1.2554383716286304,-0.16523845078959606,1.4157024315979174,0.09273942572687768,2.304947763656617,-0.5180652452417502,-1.794345608358585,-2.230129810794508,0.01898787070343759,-0.24419747799268982,-0.4057141705307212,-0.15457516970683371,0.024305420805576617,-0.12441973410815678,-0.5451563312709127,0.24419747799268912,-0.0189878707034383,0.24311279148239442,2.5173462280910557,0.6275743551108558,0.24027874969456073,-0.5112890635057554,0.006520256239666901,2.2266225020350205,2.4490042887928354,-0.10826409251941274,-0.3595654154843339,-0.1035484832504671,0.14201007127932075,0.13201387092399572,0.0761328624983096,-0.3819686083310823,0.6983559190505837,0.6260729825722207,-0.08511336124321738,0
-0.04649643069818187,1.0059762856343069,-1.6032360836506476,0.5985369837740325,1,0,0,1,0,0,0.22373766658671274,-0.5536317349431976,0.7001077093700027,-0.6079244909564728,0.23437185376539396,0.04403538496533837,-1.2874368196009576,0.3444665182811286,-1.193925859470303,-0.9226606244147001,-1.5120030148872743,-0.8608076083139575,1.4290532430633742,-1.2915419058444968,-0.42328709408576853,-1.3646971552019243,-1.0140155083086881,-1.2434364138079574,-1.0228468552315015,-0.1595918522639314,0.4997187827964502,-0.8968308254026457,0.2607476165629489,0.24097455826059097,0.7517043283368232,0.1595918522639314,1.0228468552315009,-1.3166279713806959,-0.7097714541928067,-1.1464594773798444,-1.5685913195580112,-1.7914100811650315,-0.2140147004052217,-0.13859458152457876,0.40038202722625016,-1.1624527388592034,0.6396503041450882,-0.7105613285614767,0.5981708917930423,0.6506647255835172,0.7192112130148905,0.7600658542737248,-0.37174181903963527,-0.48731077970765985,0.6571863078002155,1
0.6988111776617119,-0.7204640344536393,1.4383931084795292,-0.8681093238500562,1,0,0,1,0,0,1.1953958159049132,-0.6728335110064921,-0.68155588370685,0.09513483802329287,-1.6190412403228231,-0.5909782420805733,1.4634430047607752,1.1329105731679383,-0.988391607398877,0.2996680150679421,-0.4468034442955252,-1.3398526072864498,-0.1972456214979205,1.3698486351731194,1.0690669207278658,-0.20902045607488823,-0.17780325664173968,-0.38794820510035793,-0.6501878279857761,-1.1825507815298206,-0.6662165064416621,-0.4839875431855912,1.1411190381297929,-0.5811388210563696,0.2021104459247123,1.1825507815298206,0.6501878279857761,1.1622457410267157,0.8662627627365218,-0.2639913658331881,-0.3282232720705331,-0.3747428216220998,-0.24551969421163483,-0.13859458152457876,0.17890935030013266,0.015758101167622184,-0.5538573609678327,-0.3311783002420958,0.4613226456389258,1.0137203238451828,0.6853649840403343,-0.0647368131630805,1.1922471827845313,0.6260729825722207,0.34789477903211874,1
1.8810232460946468,-0.87507063028241,-0.4445202009343899,-0.13478617003801185,1,0,0,1,0,0,-0.028641073495936725,-0.4809477251485058,-0.2210013526812325,-0.39093087090098955,-0.1738023267573339,-0.06776278881035029,-0.18094588338709094,0.41006295180988184,-0.0679698490728417,0.002213749070177415,0.056830524403466406,-1.1827156769214655,-0.5327003493280674,-0.22613655509219924,0.8973900126263211,-0.8038764731888494,-0.009549374654820576,-0.6976162868765753,-1.3475953222069719,-0.27655448845948655,0.0256566741985627,0.3361613444183158,-0.7149012693172623,-0.012459628617118643,-0.7549689891964998,0.27655448845948655,1.3475953222069719,-0.3139374809687093,0.641115017460903,-0.4277483349861756,-0.7545997883943533,-0.71610842633123994,-0.24551969421163483,-0.5463906304141645,0.06817301183707392,-0.17027518936292965,0.19555442875423396,0.5793409677244183,0.7258959215368835,0.20981149912292413,0.19459466390925928,0.41111087958892223,1.0276167615398821,0.9600881112561845,0.16231986177126023,0
-0.7661037767008384,2.165525754350092,-0.4445202009343899,0.5985369837740325,1,0,0,0,1,0,0.526592154685892,-0.5972421408200127,0.34189862968341117,-0.5697336138267077,-0.10269283663754095,-0.019018785044150034,-1.3028974664435875,-1.1556600930093712,0.4857532536294796,-1.464003879128883,-0.9078938690362096,-1.170804119131639,0.5385327143968404,0.5951891568572046,0.8115515585755501,0.070345122812638,-0.49309640071288613,-0.243436433604791,-1.5457865278175358,-0.06374491962016399,2.40641663576254,2.3991742815608776,-0.5933509061729028,1.4888288408763077,0.9426381983674289,0.06374491962016399,1.5457865278175342,0.4102278732177254,0.5660657690356972,-0.4277483349861756,-0.3282232720705331,-0.4942207832702994,-0.24551969421163483,-1.1173050988595852,-0.5962450189412776,-0.35630847989348147,2.3050098368607914,2.3245028979935705,0.14201007127932075,-0.1921429132382052,0.39767203775660004,0.506280418139323,-0.8656330827735822,-0.9883334727336057,0.47161139053935697,0
0.8530127518051386,-0.7462318004251005,-0.8790386569529866,1.0385308760612593,1,0,0,1,0,0,0.3751649106363024,-0.5797979784692867,0.08603500133584588,-0.49971700575547184,-0.18263839442599838,-0.059713320298500704,-0.47237651792781055,0.40246931170714656,-0.9576010005598781,-0.4170183113348452,-1.0083886744538821,-1.7522956467077573,-0.0876243116075372,-0.7595290218111368,0.12510683108224244,-0.4779856160409556,-1.574342331755946,-1.9202476930453607,-2.3245339808031447,-0.08447776675232606,-0.10206140223816738,-0.4270724840183038,0.8287432002246921,-0.9977260719008456,-0.5637934627735696,0.08447776675232606,2.3245339808031438,-0.9545452942874786,-0.40957446049198204,-1.5285590720701494,-1.4910683165900436,-1.893819762577773,-1.3166894836296663,-0.9541866793037505,0.12354118106860354,-1.2864749325462383,0.08453045990652028,-0.17942508891434333,0.8080048692293539,1.1563493088765513,0.6176725260912207,-0.0012904541294803558,1.2745623934068555,1.3497724280541432,0.5334696962929761,0
-0.04649643069818187,-0.7204640344536393,-1.6032360836506476,0.5985369837740325,1,0,0,1,0,0,0.22373766658671274,-0.5536317349431976,6.034864360416739,-0.7861485842287097,1.212370623298677,0.1817707350569868,0.043384959988449275,-0.7953117070401466,-2.0367117569726423,-2.353239761208408,-3.940184953336668,-4.200010796355184,2.054452132817399,-1.293704622673344,-0.26213271094475915,-1.409273842700062,-1.0184293890949339,-1.2700661776018587,-0.7989105922128035,-4.935963995678347,-1.3529822586895717,0.8289914817757392,1.3680688999670678,2.169217950167894,3.882460989592572,4.935963995678347,0.7989105922128035,-1.2887754577581405,-0.4846237089171882,-0.8098479296764806,-1.3360223106541085,-1.5865907183395476,0.06953024385249205,0.10608304780917345,0.5664865349208381,-0.9764194483286528,-1.3032691506898992,0.5793409677244183,-0.44187577897824326,0.28760912732185256,1.1761353041714093,0.41111087958892223,-0.20711139779498602,-1.6563637301015341,-0.45626319576493324,1
-1.4086103356317816,-2.0088523330267334,-1.168717627632051,0.5985369837740325,1,0,0,1,0,0,0.2742134146032426,-0.561772344040203,-0.09306953850744984,-0.46731262516051963,-0.2634150275095082,-0.07089313767606957,-0.48714055491412145,-0.7855360644563933,0.9934940228284932,-1.2922911084132187,-0.9206364495680919,-0.08172137653605416,1.490808476053762,-0.7790346330315583,-0.6218607408743799,-0.7081046166064248,-1.6932682055338144,-1.6153046976154177,-0.39487744041716594,0.28017642692511974,-0.10102142631603146,0.4552064620570179,-2.069716461793892,0.06678614838289146,-0.3801581701757212,-0.28017642692511974,0.3948774404171652,-0.8152827261747027,-0.7097714541928067,-0.5187244289600577,-0.7804407893836761,-1.3305665148076924,-0.11949971898598452,1.166352774922097,1.5631135810883663,-0.790386157798101,-0.19302946221276363,0.27583454506891375,-0.378013264106322,-1.333174793489152,-1.2269469530221315,1.109020828958526,-0.20711139779498602,-0.09762646290970158,-0.5799798072721716,0
-0.8689048261297889,2.165525754350092,-0.15484123025532542,0.5985369837740325,1,0,0,0,1,0,-0.20530619155379135,-0.3954713296299483,0.34189862968341117,-0.5697336138267077,0.40425181447113273,0.13615708015650582,-1.9139685577985353,-1.474999500630974,-0.4785756063066616,-1.1271837200604153,-1.4893487634685911,0.2540233379081396,1.52183219355139,-0.02547059374093178,0.08980782247518371,-0.9894312376169857,-0.08418680490072868,-0.8816448748667275,0.44932672572474713,-0.09917924017331377,2.6359699536243877,2.1144506095335855,-0.34005408722135166,1.4392742913336483,1.075471712745562,0.09917924017331377,-0.44932672572474786,0.2152602778598393,0.41596727218528484,1.0005763404037717,0.26611975068388355,0.22264698661889537,0.8256500952063961,1.166352774922097,1.009431888773073,0.20179139169817292,2.638081743403932,2.1727496866658176,0.34272083230535716,0.10608132819102022,0.6853649840403343,0.5697267771729232,-0.7010026615289333,-0.8213259083916238,0.8427612250610729,0
-0.4063001036995106,-0.978141694168258,-0.8790386569529866,0.5985369837740325,1,0,0,1,0,0,-0.6974447347149578,0.15111242402613387,4.17985305489689,-0.7670531456638272,2.34431562809566,0.7090109225831345,-0.15551133978555556,0.1072362510260184,-2.6741195317939197,0.08358827453441632,-1.3524735579714553,5.629824409910002,3.041610761974779,-0.3247832152402728,0.9301956000160233,-0.8732266652028892,-0.6101730524724984,-1.2145442173635144,-0.05383870476170813,7.73180560207293,-0.10827725832662612,0.7846644121296085,2.778102398626548,-0.7179595201812796,0.5725158276554368,-7.73180560207293,0.05383870476170742,0.04814519612450831,1.6167552469885829,1.7192874827974407,0.8992242749222835,0.5810808715634928,1.2667200084961745,2.471300131368772,2.7812133041820113,1.6280466190990672,-0.19302946221276363,0.5793409677244183,-0.350643614875499,1.0655854093111348,0.6684418695530556,-1.4922798914190887,-3.4997198226879678,-2.213055611241474,0.7809029193074537,1
-0.04649643069818187,-0.7977673323680251,-1.6032360836506476,0.3052077222492148,1,0,0,1,0,0,0.22373766658671274,-0.5536317349431976,-0.822280879298011,0.7634751877941812,-2.204814089375725,-1.01581130242819,-2.2658223859207576,0.31469461214873595,-1.538685968140134,-2.034373730906637,-2.513157519119293,-1.3608279003437287,2.0566738709085963,-1.4012129551842454,-0.11147246554934817,-1.5405993468159145,-1.1808602020286971,-1.3165795500087243,-0.958568853809468,-0.90531003275748545,1.7506057090238183,-0.543598900122088,0.5552814960172456,1.5773869011201738,1.9818441800025395,0.90531003275748545,0.9585688538094672,-1.3723329986258064,-0.3345252120667762,-0.7279694450999874,-1.3360223106541085,-1.6377955590459181,0.29006520049738066,0.02452383803125581,0.5664865349208381,-0.790386157798101,1.6666220159864384,-0.482931511569848,0.10551720563822252,0.37837302688726915,1.0238272737859035,0.28421816152172197,-1.0302635040182315,-1.4336869776455579,0.7809029193074537,0
-1.9997163698482496,-1.2873548858258006,0.5693561964423357,1.0385308760612593,1,0,0,1,0,0,-0.07911682151246661,-0.4722256439731428,0.38027817393554597,-0.5760987600150019,0.30491426267701477,0.08204676404907252,-1.057581427016237,-0.2167385317595953,-2.0055712007606874,-0.9397440768221025,-1.2053619563212046,-1.2809146271155794,0.39345420762161326,-0.11684960860152963,0.28196808974310583,-1.9830843871692616,-0.18473277629165652,-0.5709179233250556,0.02218903885575044,-1.7690215962405276,1.353837966534779,0.579949879161857,0.7488744572969217,1.086355761820622,1.0096393450127197,1.7690215962405276,-0.02218903885575115,-0.2582324537235989,0.04072103005925432,-0.600602913536552,-1.4523068151060594,-1.4329761962204342,0.8256500952063961,0.02452383803125581,0.012804842605544792,-0.790386157798101,1.5278420549267964,0.8069707847160468,0.6711566230752374,0.9877877811122063,1.4299820214805863,-0.12818317219668063,0.9453015509175579,0.1250502895462747,0.40975308478573785,1
-0.7918040390580765,-2.0088523330267334,0.27967722576327125,0.5985369837740325,1,0,0,1,0,0,-0.7983962307480176,0.7645654666933325,-0.09306953850744984,-0.46731262516051963,1.960722149154853,0.9491533998533138,1.4609768345843148,-0.7388219697347977,1.6702621388672692,1.2574149798510592,2.1134074431819445,1.0274998182437631,-1.674099114574542,1.6845537133779258,-0.7213694902565166,0.5297958213896304,1.6779221056055669,2.1539135955766486,1.3843233105508752,0.02843219803499119,-0.348337630692641,0.2914042203512494,-1.7509105907620899,-0.03488767871146495,-0.644655781489143,-0.02843219803499119,-1.3843233105508759,1.4964759044973779,-0.7097714541928067,-0.1548200530645294,0.13691474573727128,0.8200367948598906,0.16404522527173035,-0.9541866793037505,-1.482135726645747,0.44983577907224165,-0.4150773999081907,0.12408133374116129,-0.39625969692687113,-1.1905458084577836,-1.1254082660984612,0.6331731362065233,0.2044646553166367,0.23638866577426285,-0.6418381130257917,0
-0.4063001036995106,1.289421711320388,-0.8790386569529866,-0.4281154315628296,1,0,0,1,0,0,-0.6974447347149578,0.15111242402613387,0.15000090842273722,-0.5211270429342795,1.2865280515437292,0.5189540271644637,0.884726883290257,1.026860419313804,-0.18812892889893262,0.44785038883594247,0.045801633539783525,-0.24993239467150874,0.1250177958898379,-0.02849647156457485,0.8443940975167149,-0.8774193571212535,-0.26009981122668696,-0.8344778413240255,-0.011469845697221329,-0.3295023237687902,-1.2587076064790128,-0.5635026810337858,-0.6245432877453708,-0.8629275028696973,-0.8742495609009642,0.3295023237687902,0.011469845697221329,0.18740776423728422,1.1664597564373458,0.900502637032502,0.2531992501892221,0.13730558544161034,0.8256500952063961,1.6557080335896,1.839954427246013,0.8839134569768611,-1.1644891896302574,-0.482931511569848,0.1785029369204177,-0.17917664187171697,-0.4992530300691578,0.4428340591057229,1.1099319721622063,1.0157572993701793,-0.1469716669968365,1
-1.9997163698482496,-0.41125084279609675,0.5693561964423357,-0.8681093238500562,1,0,0,1,0,0,-0.07911682151246661,-0.4722256439731428,-0.7199354279589849,0.15299980337142172,-1.128033792371823,-0.4814160317803984,-0.26081088939321145,-0.559498025189271,-0.38022499310057317,-0.2769386893370258,-0.1330182695399584,-0.339502232822662,-0.2644624231219217,-0.3054954184419069,0.16880996361001518,-1.3860447348276814,-0.35843273551619986,-0.7027290056751309,-0.19575715951429745,-0.26889098598050765,0.05741646797781628,0.9370387140381815,-0.8730609856760114,0.018710537777438117,-0.5131478338390048,0.26889098598050765,0.19575715951429676,-0.45320004908148526,-0.10937746679115769,-0.7552622732921518,-1.2843403086754637,-1.3305665148076924,0.19555021907814235,0.02452383803125581,0.12354118106860354,-0.9144083514851348,0.22331042096616224,1.1863538130354276,0.7076494887163344,0.10608132819102022,0.10997909147286698,0.7917890337905242,1.439192814651505,1.4054416161681371,0.6571863078002155,1
-0.38059984134227254,-1.776942439283576,-2.617112481027373,-0.13478617003801185,1,0,0,0,1,0,-0.4576849316364408,-0.2762695535666538,-0.8350740607153893,1.860016281141223,-1.7939475649876047,-1.649930544083896,-0.1774132050171827,0.5610265974919177,-1.074293956226035,-0.8323625758082671,-1.1039163068199438,-0.6957981918996957,1.0645789436649542,-1.289589619842874,-0.4835515983236636,0.6589811955920367,-1.1579017832394718,-0.2810100934545561,-0.871666255725209,-0.08447776675232606,-1.0418453730833501,-1.2544379878112866,2.1308083768873276,-0.023687447053035698,1.1607936021505023,0.08447776675232606,0.8716662557252083,-1.1495128896453646,-0.25947596364157,0.7276480584821255,0.9896677783849125,0.4103980692089227,0.5421051509486824,0.02452383803125581,0.5111183656893089,0.6358690696027934,-1.0257092285706153,-1.2416975682086098,-0.39625969692687113,0.7025298110494701,0.65151875506577694,-1.016432198667086,-1.1125787146405561,-1.266679413303576,-0.1469716669968365,0
-0.5091011531284612,-1.3904259497116478,-0.15484123025532542,-0.4281154315628296,0,1,0,1,0,0,-0.5081606796529707,-0.10182793005939353,0.16279408984011548,-0.5292281380830175,0.7285575328312016,0.3306859025262041,-0.303778774347797,0.198581920591463,2.310440210340092,-0.2337518446385339,0.2849010357254507,0.45555108335559485,-0.3858464568953076,-1.1425504216308824,-1.2020312544444662,1.5939825159869936,-0.9458462267210807,-0.23624469585721355,0.39961991949913633,0.22497917377587734,-0.7192111385067081,-1.4767284413130275,-1.556650462261017,-0.6221012658213108,-0.6010322639517505,-0.22497917377587734,-0.39961991949913706,-1.0102503215325889,-1.009968447893631,0.6184767457134681,1.4160442947087326,0.8883099158017184,-0.5290646384693491,0.35076067714292497,0.17890935030013266,-0.10826409251941274,-0.5631093583718088,-1.2754205040592215,0.7340054472349051,-0.25985566370764224,-0.4785692234735956,1.8562779464653756,0.8904247438360077,1.127095675598167,0.6434400176327457,0
1.110015375377516,1.7017059668637786,-0.8790386569529866,-1.161438585374874,1,0,0,1,0,0,-0.6722068607066928,0.1394829824589832,-0.3361399854376369,-0.3330659055528607,0.7448121156572594,0.36467254735401344,1.0874765999648532,0.5427287727662413,-0.3914180443918994,1.8599836642892122,1.4590408536692934,-0.19661147765404702,-1.892214240087742,0.7405448100209233,-0.5312499918550542,-0.5117282517660163,1.3367069012930028,0.6888660516481099,-0.6247379431982625,0.35145287990479507,-0.7722190357671651,-1.2771068526799985,0.020844037125454386,-1.1872622526065177,-1.2242809451669578,-0.35145287990479507,0.6247379431982617,0.8001630639334981,-0.40957446049198204,0.33645085439443295,0.007709740790658993,0.5469443110925782,0.41608517572303205,-0.9541866793037505,-0.8177176958673952,0.8839134569768611,-0.49834537654397587,-0.9381911455531051,1.5196157492307591,1.298978293907919,0.65151875506577694,0.664896315723324,2.0153992890077768,2.5188253784480175,1.708777505611744,0
1.521219573093319,1.7274737328352407,1.0038746524609323,-0.4281154315628296,0,1,0,1,0,0,-0.2684008765744537,-0.3518609237531332,1.774734948429777,-0.7034016837808854,0.9900802401340922,0.27299804485794876,0.18542699348493435,1.142930789559292,0.4948721830394473,0.11342945822448566,0.8977939422920332,-0.3610394602890398,-1.5123632277603716,0.43842558420175665,2.1236536419230614,-0.6009399292586194,1.4533827614453372,1.6588661404483578,0.7781220325379118,-1.2641467209678323,0.18022892968901014,0.5587212219192623,-1.2803935270102589,1.28791358718708,0.4523838187479159,1.2641467209678323,-0.7781220325379125,0.49378541408539117,2.142099985965025,0.30006041680488094,-0.06981326217730856,0.512807750621665,1.3612349899154128,-0.7910682597479163,-1.149926711256571,0.6358690696027934,-0.10976148557697851,0.12408133374116129,-0.989268763594709,-1.4109724216880806,-0.9223308922511192,-0.0647368131630805,0.5337254978059351,-0.04195727479570725,-1.198562864808365,1
-1.100207187344929,-0.46278637473902035,0.27967722576327125,-0.4281154315628296,0,1,0,0,1,0,-0.44506599463230834,-0.27917691395844146,0.03486227566633282,-0.4921945602602151,0.524872059321618,0.16567179803328763,0.6572527663857827,3.1073640751084706,0.7792991045044316,1.6639500398007532,1.4179587159799463,1.3704337070240444,-1.0215592661903627,0.0023397804966215226,3.6989902693961327,0.6068061329001049,0.6415866710198915,0.13581151164968022,0.8915886482224574,0.984841359792358,-0.9115880898622973,-0.559387461285702,-0.4555463391278596,-1.6117027942983981,-1.7108222691101491,-0.984841359792358,-0.8915886482224581,0.32667033235006016,4.468626687146414,1.328090278709748,1.4935672976767,1.7417239275745686,-0.15100471279239655,1.247911984700014,0.8433273810784847,1.2559800380379649,-0.9146852597229018,-0.6346847228976005,-0.42362934615769415,-0.5811310542328463,-1.1254082660984612,-0.4136917878478824,0.5337254978059351,1.2384340518261547,-0.45626319576493324,1
0.4161082917320974,-1.776942439283576,-1.8929150543297122,-0.13478617003801185,1,0,0,1,0,0,-0.016022136491804253,-0.4821106693052209,-0.6559695208720935,0.07256750153752262,-0.9340719396396825,-0.42685852297786225,0.3142495549935847,0.061149744226812464,-2.0155384326957506,0.6063593079909881,-0.050072388478108396,-0.17448791183482917,-0.23647297007985477,-0.5404407441043456,-0.3414729843947713,-1.2422300104391624,-0.08155992817069545,-0.41060595889809937,-0.2611143426240418,0.020989325180847843,-0.9769736795909411,-0.42601008262111467,1.5069871981464287,-0.9000257346947983,-0.33578024353373637,-0.020989325180847843,0.2611143426240411,-0.4253475354589299,-0.18442671521636386,0.48201260475264507,-0.2765412700918884,-0.2894014204448148,1.1722050270769362,0.18764225758709038,0.34501385799472056,0.3258135853852078,-0.7481493064513315,-0.02767187758659086,1.3553978538458196,2.063988304530714,1.4638282504551436,-0.15990635171348128,1.1099319721622063,1.2384340518261547,1.3376276710900281,1
-0.7404035143436003,0.4648532002336079,-0.4445202009343899,-0.4281154315628296,1,0,0,1,0,0,-0.24316300256618875,-0.37221244649564694,3.9751621522188385,-0.7653171967033833,1.3610410854788215,0.3051959189053471,-0.5441237234296691,-0.038532357137697766,-0.7010618154218762,-0.19053241513614372,-0.20527177702797286,-0.12003197639483384,0.6391287262135554,-0.9799111238442736,1.1329259782396854,-1.8157808664215667,-0.7445119727384474,-1.1802050476593713,-0.2645441656443792,0.0986623829151082,-0.22249836613561128,1.1878272439684385,-0.866309670122933,-0.4808483269641961,-0.8853771572461834,-0.0986623829151082,0.2645441656443785,-0.8709877534198129,1.2415090048625523,0.41832933897092733,-0.6383152839424023,-0.8697229484503528,1.3297299961089997,1.247911984700014,1.5631135810883663,0.38782468222872474,-0.10976148557697851,1.33810702436318,0.48869229486974886,-0.06248019957332482,-0.24540631275998087,0.6014499566897238,0.36909507656128593,0.45906541823023866,-0.023255055489598248,1
0.15910566815972013,-0.46278637473902035,-2.327433510348309,-1.161438585374874,1,0,0,1,0,0,-0.23054406556205628,-0.3768642231225072,-0.7839013350458762,0.5522680642735108,-1.3801488435131979,-0.7166393894044473,-0.0869837103267828,1.4853944314683876,-2.0721049724531024,-0.40301806658624373,-1.3456686422037019,-1.109733061635479,0.895908920158844,-1.506792225788273,1.1821085066882027,-0.18116599285094367,-1.3930147332074938,-1.4549703800103084,-1.4375436385994584,-0.08780526073650123,-1.3846160713887288,-0.8545401214132015,2.650582562037427,-0.8368381565625981,0.3289397512109438,0.08780526073650123,1.4375436385994576,-1.4558905394934718,0.7912135143113154,-0.6369933511261053,-0.625394783447741,-1.091610591511294,-0.655084613695,-0.13859458152457876,0.6772228733838963,-0.4183195767369984,-1.1644891896302574,-0.4070549059059717,1.775065808718443,3.1920539134151737,2.4961382341791287,-0.3819686083310823,0.6160407084282594,0.6260729825722207,1.8943524228726025,0
-1.5114113850607322,-1.2100515879114147,-0.4445202009343899,1.478524768348486,1,0,0,1,0,0,-0.4955417426488382,-0.1082241229213264,-0.5920036137852022,-0.0061288513359326405,-0.17673452384362007,-0.0784954134928164,-0.3001284337904749,-0.1350124666133197,-0.9246837419576518,0.11666407148344964,0.029937028567719813,-0.6162641373781167,-0.32460364058689745,-0.11247771233858549,-0.7616956272669955,-1.2723532823915846,0.1828691574963579,0.026136777767912015,-0.46081074412575107,-0.3834842964864804,0.30494948823754264,-0.5777411108176335,-0.014518691175926862,0.023724292201754198,-0.013402126953543416,0.3834842964864804,0.46081074412575035,0.27096530510494976,-0.3345252120667762,1.6283113888235585,0.5762117625557528,0.6322857122698633,2.4324047793334436,0.5138790966987595,0.8433273810784847,2.4341908780647894,0.0012624832707351544,-0.7864379342253526,-0.9527758979536108,-0.8145239388296306,-0.7530997473783346,-0.6992004034990842,-0.12479618717266176,-0.32030321536567735,-0.9511296417938885,0
0.10770514344524394,0.026801178718756015,1.0038746524609323,-0.13478617003801185,1,0,0,1,0,0,-0.7731583567397526,0.5755870412271339,-0.1826218084290977,-0.419863353575054,1.5427962846475285,0.7671459729464926,1.2959059846081558,-1.0344774813169113,0.7532552943557597,0.6639479526492386,1.054085893601984,1.4654685493842328,-0.39881387857797546,1.430844760648157,-0.7466932806848312,0.3041758991624992,1.236481973293604,1.772691038510339,1.3634784946753398,0.6464429457035722,-0.3723055917369482,0.6718318712121855,-0.724057777539633,0.32912350906535354,0.36032448623462215,-0.6464429457035722,-1.3634784946753404,1.9978211497033713,-0.3345252120667762,1.555530513644453,1.5064877981713616,2.0489529718127955,1.6762849279795395,-0.13859458152457876,-0.7069813574043363,1.876091006473136,-0.3040534310604773,0.7310941790521709,0.2606118846128881,-0.16621037050522874,-0.025405824425361403,0.9821281108913258,-0.7833178721512579,-0.5986491559356475,0.47161139053935697,1
-1.3829100732745436,-1.776942439283576,-0.4445202009343899,-0.13478617003801185,1,0,0,0,1,0,0.17326191857018283,-0.534443156357399,-0.8350740607153893,1.860016281141223,-2.4396050576061477,-1.8484841007095192,0.29322239650980797,0.12376579642685975,-2.6990555102035865,-0.21041835102886924,-1.1732847590548439,0.20856499327761233,1.306269110731838,-0.627682992477891,-1.2842893530802066,-1.602534884667126,-0.3713957764509282,-0.39115626197919684,-0.10086982058087872,0.3844992353771891,-1.0349063304922481,-1.4564453203943712,2.079306290127785,-0.08400807723336941,1.1434396920905996,-0.38449923537718983,0.10086982058087801,-0.48105256270404034,-1.0850176963188372,0.6639647927004092,-0.3411437725651945,-0.4600842227993849,1.8968198846244282,0.758556726032511,0.8986955503100138,0.6358690696027934,-0.9979532363586869,-1.3934507795363622,-0.21379536872138252,0.858125067447326,0.7699805564767266,-0.826093121566285,-1.1125787146405561,-1.0996718489615938,0.22417816752487937,0
1.7011214095939837,1.5213316050635446,-1.168717627632051,1.0385308760612593,1,0,0,0,1,0,-0.3188766245909836,-0.3373241217941949,-0.2849672597681238,-0.3475321468898929,0.04997932271378241,0.009154354747323507,-1.110596224941156,-2.402538200314439,0.24697139771549506,-1.8286561054289796,-2.212417682516554,-0.9776166464220047,2.1242622205024633,-0.7700274132184441,-1.0637166721370461,-0.24258294088499277,-0.7781424444143266,-1.0892970591421232,-0.2548898489945435,-1.0805558572323073,0.7749087673587415,2.2319510677135113,-0.5813906352476633,1.6988036956628687,1.8127647787791779,1.0805558572323073,0.25488984899454276,-0.5646101035717058,-0.7848207026180125,1.0642596061854894,0.7570987694810098,0.3762615087380082,0.4475901695294441,1.7372672433675176,2.1167952734036595,1.2559800380379649,0.8061862574166584,2.2486262923296945,0.2788583174334372,-0.07544647093981212,0.600749411603942,1.331083085576127,-0.8656330827735822,-1.32234860141757,0.5953280020465953,1
0.10770514344524394,-1.0296772261111817,1.0038746524609323,-0.13478617003801185,1,0,0,1,0,0,-0.7731583567397526,0.5755870412271339,-0.5408308881156891,-0.0842465545559066,1.048156237724814,0.5077742097868949,1.3866986675120057,-0.5541000566839913,-0.6137413864199998,1.2970494536700186,1.465504239386005,1.1030139110967656,-1.0356501953462809,1.3201402741841228,-0.8624801565459634,0.2894617837518915,1.3949089739036085,1.902518961775852,1.627894984056482,-0.11014700605881247,-0.6091696459373956,-0.10349397020129693,1.129886212776939,-0.36906227264332214,-0.04778781478116785,0.11014700605881318,-1.6278949840564827,1.6914434998552643,-0.5596729573423944,1.1188452625698195,1.1188727833315248,1.7246556473391115,1.3612349899154128,-0.46483142063624716,-1.0945585420250417,1.3800022317249987,-0.24854144663662048,0.5034643620605421,1.9119140548725593,2.349246274593451,2.005367914048054,0.37938770007212164,0.7806711296729086,0.793080546914203,1.9562107286262216,1
-0.6376024649146498,-1.776942439283576,-0.15484123025532542,-0.13478617003801185,1,0,0,0,1,0,-0.3945902466157784,-0.31813554320839627,-0.8350740607153893,1.860016281141223,-1.8954214363236201,-1.6821284181312945,0.4406581523751841,1.5612214941515672,-2.453593910550653,0.015844862751730623,-1.3753268949743283,0.023832903074850947,1.3005180592468635,-0.5095619030132009,0.910211452598462,-1.2687195788187904,-0.0851578778151498,-0.7563456778351839,-1.0726104692356557,1.0963072413460702,-1.121894137192514,-1.2309956446137211,2.0792042497421663,-0.10584648126983955,1.0495679777634508,-1.0963072413460702,1.072610469235655,-0.5367575899491508,0.7161642658861095,-0.2821865846279648,-0.8708842928463041,-0.8526546682148961,0.25856020669096863,-0.46483142063624716,0.012804842605544792,-0.35630847989348147,-1.1089772052064004,-1.2416975682086098,-0.5148615102604385,0.5599008260181015,0.4822876101929924,-1.0798785577006862,-1.6887851889968277,-1.545025353873546,-0.08511336124321738,0
-2.2053184687061513,0.3102466044048362,-0.15484123025532542,-1.6014324776621007,1,0,0,1,0,0,1.5361071150164898,-0.6972553382975085,-0.5664172509504457,-0.06110056841665506,-1.3943058871536353,-0.4890183075971452,0.14147654067966997,2.956703600792472,0.21081570149358134,0.6003433348394451,0.15543665092880898,1.2567087472802145,0.7258527542808773,0.18512992095497888,2.8793288402317208,-1.512399245165349,1.524999437819144,0.10571015619601055,0.9573302853504951,0.7645323233097278,-0.011746938037040952,-1.1737200583018887,-1.8080075124735289,0.7011382233093418,-0.09886986615442206,-0.764532323309727,-0.9573302853504958,0.0759977097470634,2.4422969796658496,-0.32767463161490584,-1.0259302987822392,-0.4600842227993849,0.2270552128845555,1.0032343553662626,0.5664865349208381,-0.4803306735805153,0.19555442875423396,-0.9381911455531051,0.8809906005115491,-0.2958730841701091,-0.008482709938082702,1.8386539578449304,0.12214944469431245,0.5704037944582268,1.3994859768436472,0
-1.2030082367738797,0.4133176682906843,1.4383931084795292,-1.8947617391869185,1,0,0,1,0,0,-0.571255364673633,-0.008792397522188045,-0.029103631420558513,-0.4771496692697016,0.7324642336594129,0.3619893911833969,0.622051357720425,-0.044240229380142465,0.6474933463854556,0.8929610162919474,0.5669161400319278,0.6495606710961574,-0.24019734013610486,0.5022930679899036,-0.7787871134470717,0.3705383003001031,0.7938804545965811,0.47755040302269747,0.7610291440431215,0.13114384342216406,-0.3630922401224306,-0.7194507307780691,-0.5127898384402731,-0.4191344547570096,-0.2707837263987741,-0.13114384342216406,-0.7610291440431222,0.38237535959517033,-0.7848207026180125,-0.2548937564358004,-0.031051760693324323,0.2909201075607231,-0.655084613695,-0.13859458152457876,-0.4855086804782194,-0.4183195767369984,-0.44283339212011924,-0.7864379342253526,-0.4692454282090663,-0.6459624110652865,-0.7530997473783346,0.12560226393772106,-0.28942660841731066,-0.26463402725168356,-0.5799798072721716,0
-0.7918040390580765,-0.6173929705677911,0.27967722576327125,0.3052077222492148,1,0,0,1,0,0,-0.7983962307480176,0.7442139439508187,3.5018144397758424,-0.7583734008616079,3.1045036688469363,1.158439581161403,0.1892978136814071,-0.7658463794667397,1.45743343235171,0.874049662799403,1.6350393641497603,0.48287065657423156,-1.545567930501312,1.2007605256929959,-0.8514050905857212,0.42441764431270435,1.6865226946031555,1.9618452826914452,0.872405678118227,-0.20666334585120408,0.936562551199026,0.1982292610003973,-1.5658615244811018,0.49154232878347864,-0.21027117467771086,0.20666334585120408,-0.8724056781182278,0.9951306592913848,-0.8598699510432187,-0.30038180342274146,-0.04397226118798574,0.6322857122698633,-0.024984737566746233,-0.8726274695258333,-1.2606630497196296,0.5118468759157585,0.7229182807808735,0.04820472807728505,-0.378013264106322,-1.0868156375258795,-0.8546384343020056,0.5697267771729232,0.36909507656128593,0.29205785388825667,-0.5799798072721716,1
2.1637261320242622,0.9029052217484598,0.5693561964423357,-1.161438585374874,0,1,0,1,0,0,0.31207022561564,-0.5664241206670634,-0.06748317567269331,-0.4690485741209635,-0.26389745857357183,-0.073129101151583345,2.9158139227310738,1.9493315431454659,-0.07594470695717331,2.2700961999286258,2.2854851358305246,1.428677032369988,-1.8063191362362823,3.034770479479195,1.7634235242870784,-0.3566674059273617,1.5666703802450994,1.2367125322367714,0.3871222082195544,1.5646019821150705,-1.0222033328526101,-0.9089597435520643,-0.25459738751029776,-1.513269980763575,-1.7638335292531426,-1.5646019821150712,-0.3871222082195551,3.3347418035860197,2.067050737539819,0.8004289336612322,0.47284775859846334,1.1272658390981163,0.9831750642384596,-0.5463906304141645,-0.762349526635866,1.2559800380379649,-1.1367331974183288,-1.1658209625447336,-1.4636760169289798,-1.3461410648556402,-1.7346403876404854,-1.3653871733518879,-0.4540570296619595,0.3477270420022505,-1.3222794763156045,1
-0.6119022025574117,-1.41619371568311,-0.15484123025532542,-1.161438585374874,1,0,0,1,0,0,0.7032572727437467,-0.619338079797599,0.2651395411791416,-0.5564246717966381,-0.22634874284489612,-0.04629753944541806,0.0715007570120947,0.6374608168941986,1.7722242155314516,0.5584884182194504,0.295451383433868,-0.27672606952675366,-0.7808955067333709,-0.6655257693398235,0.08775963937402752,1.3756348792154836,-1.188013571163214,-1.3099094146547792,-0.974766068754056,0.5893397650429548,-0.7644090502201372,-0.7870192964103616,-1.040309484604601,-1.9324957432154444,-1.6629728587109032,-0.5893397650429548,0.9747660687540554,-0.8709877534198129,-0.40957446049198204,-1.446680587493655,-0.6512357844370638,-1.040405750804923,-2.261839297822047,-0.46483142063624716,-0.04256332662598434,-1.534519319920306,-0.8036612908751883,-0.8623145398892288,-0.5422311594912614,-0.9571529238609991,-1.5484861282804228,0.1890486229713212,0.8629863402952329,1.3497724280541432,-0.76555472453303,1
-0.04649643069818187,-0.2566442469673251,-1.6032360836506476,-0.13478617003801185,1,0,0,1,0,0,0.16064298156605036,-0.5332802122006839,-0.2849672597681238,-0.36720623510825673,-0.38176872517983623,-0.12634503186881113,-1.1039431354920177,0.6213439518161056,-0.11987509294597104,-1.406796955785438,-1.2392916082646876,-1.3723546162686426,0.9243257021958455,-1.3639576579234436,-0.09441734232987781,-1.4123185787063528,-1.1984429188926624,-1.172492462893603,-1.1014209826064827,-0.7793520964162078,0.17220938208293424,-0.9473992943415751,-1.2553707002188572,0.7121364447456099,0.4664291033714323,0.7793520964162078,1.101420982606482,-1.3444804850032512,-0.3345252120667762,-0.7734574920869285,-1.3101813096647865,-1.6207272788104614,0.29006520049738066,-0.22015379130249568,0.34501385799472056,-0.728375060954584,0.27882240539001907,-0.7864379342253526,0.4795690784594736,-0.2829068128036209,0.008440404549195996,1.5214221626769286,0.03983423407198747,-0.32030321536567735,0.2860364732784985,0
-0.8689048261297889,-0.8235350983394863,-0.15484123025532542,-0.4281154315628296,1,0,0,1,0,0,-0.20530619155379135,-0.389656608846373,-0.630383158037337,0.037269872675164004,-0.6838296555009996,-0.3284761300552562,0.15419320903283562,0.975469896208741,-0.7870474667350206,0.29008807676447984,-0.2522038364014138,1.6056604172439057,0.7241371675533818,-0.009208999720946973,0.3915950713524707,-0.9529334349927077,0.0011539158910992807,-0.8019847828572351,0.23506672098463585,1.9567929913333766,-0.22361093465387868,-0.9465716996633928,0.11831405165544362,-0.39074607354170776,-0.4551047075398245,-1.9567929913333766,-0.23506672098463727,0.27096530510494976,0.7912135143113154,1.1552357001593716,0.4082452561251572,0.39332978897346543,0.9201650766256344,0.8401159358104279,0.7879592118469556,0.44983577907224165,-0.19302946221276363,-0.8623145398892288,0.11464042204849642,0.15794641365697218,-0.008482709938082702,-0.1916295312302808,-0.9479482933959068,-0.09762646290970158,0.7190446135538346,1
1.0329145883058024,-0.978141694168258,0.5693561964423357,0.3052077222492148,1,0,0,1,0,0,0.7284951467520117,-0.6251528005811743,0.29072590401389814,-0.5610538690244884,-0.22225930463293772,-0.047191924835623573,0.5200402843892791,-1.1926525800126777,-0.11059097035562306,0.6392320620920141,0.9155858305849334,0.7684508341656512,-0.4662994332522429,0.23726694860634406,-0.5999311945549667,-0.030495589611509562,0.4323618511062814,0.6057583723202661,0.9245237932415912,0.13114384342216406,-0.48605433521115454,1.0359551942784464,0.12053643471945882,-0.434838665642077,-0.5989012721895514,-0.13114384342216406,-0.9245237932415918,0.4659329004628361,-0.3345252120667762,0.900502637032502,0.7441782689863493,0.9053781960371756,0.9516700704320475,0.5954383064766764,0.17890935030013266,0.6978801664463103,-0.5261013687559044,0.8069707847160468,-0.3415203984652251,-0.23104172733766892,-0.38079122865820925,-0.6040308649486834,-0.04248097655033679,0.013711913318286572,-0.8274130302866491,1
-0.7661037767008384,1.289421711320388,-0.4445202009343899,-0.4281154315628296,1,0,0,1,0,0,0.5013542806776271,-0.5972421408200127,0.047655457083711085,-0.4921945602602151,-0.27511061460424624,-0.07894260618791915,1.3605361589667762,0.8904243870070038,0.5223012542911013,0.33416362353032936,0.7105103398169512,-1.012221403528731,-1.3728257880680195,0.6721525452496661,0.5992964721954596,0.031233941768385003,-0.2466908343379573,0.09005226984652279,-0.8195116582252774,-0.5677675826606664,-1.220251744683975,-0.6217733654868093,-0.6826162125241627,-0.6960479054509501,-0.8357797254384789,0.5677675826606664,0.8195116582252766,0.6330479821981672,0.5660657690356972,0.03622974428062242,0.046471242274642305,-0.05044549714841698,0.25856020669096863,-0.709509049969999,-0.4301405112466897,0.20179139169817292,-1.1644891896302574,-0.6346847228976005,-0.2046721523111086,-0.5162996974004062,-0.7361766328910565,0.12560226393772106,1.1922471827845313,0.9600881112561845,-0.5181215015185524,0
-1.8198145333475857,0.7740663918911503,0.27967722576327125,-1.161438585374874,1,0,0,1,0,0,2.2427675872479083,-0.7344695513123908,0.07324181991846762,-0.4968237574880654,-0.8056488046676031,-0.1809025406713472,1.050804847272814,1.0605370423420637,-0.4039868274685507,0.5277558034215585,0.8166308923917528,0.45807861420140394,-0.48355691018665764,0.013014702421775954,1.5902819716932137,0.03957826374455941,-0.4875611338118094,-0.16852847287896022,0.4977080171176754,0.13114384342216406,-1.4481655822467379,0.13748919529610526,0.5920358649384201,-1.1964213167228588,-1.226195407755818,-0.13114384342216406,-0.49770801711767615,0.7723105503109431,3.067707383209234,3.0536035277477125,2.6133440072140073,2.2139463474222123,2.3798964563227556,2.3625545183315495,2.227531611866718,2.620224168595341,-1.3865371273256843,-0.02767187758659086,-0.44187577897824326,-0.08841274230630035,-0.5500223735309933,-1.0798785577006862,0.6983559190505837,0.848749735028197,-0.76555472453303,0
-0.38059984134227254,0.10410447663314094,0.27967722576327125,3.2385003374973924,1,0,0,1,0,0,1.1323011308842508,-0.6681817343796319,-0.08027635709007157,-0.4690485741209635,-0.6294104724107454,-0.1513878227945654,-1.8863307255177681,0.30980478458630645,-0.3770046337308572,-2.062419850948777,-2.026320375209393,-1.1307795505171094,1.6259544859488073,0.10289415662553605,0.08234964198582548,0.5230623369436219,-0.689447099536459,-0.39944185159837436,0.5834470145228646,-2.120904085066952,2.725799421149004,-0.3427207258703071,1.0410051687289412,2.1025522203837905,2.244338505729924,2.120904085066952,-0.5834470145228654,0.29881781872750485,0.340918023760079,0.8004289336612322,0.9767472778902511,0.615217432034406,0.19555021907814235,0.758556726032511,0.5111183656893089,0.38782468222872474,3.4430055175498557,0.12408133374116129,1.5652318312821314,1.9732244049652974,2.9530623253356474,0.5697267771729232,-0.6186874509066087,-1.378017789531564,1.770635811365363,0
-0.9460056132015023,-0.6946962684821769,0.5693561964423357,-0.8681093238500562,1,0,0,1,0,0,0.766351957764409,-0.6332934096781798,-0.68155588370685,0.09513483802329287,-1.4628865245162628,-0.5605691388135859,0.21629117011290022,1.0302090537315272,-1.4400768708955667,-0.6789894923595715,-1.5098096708646855,-1.899611531135307,0.2568782645233079,-0.3759249427019221,0.8979584792094393,-0.8831757229164581,-1.6509693412581583,-1.9856546175765384,-2.0981985141718593,-0.5098758229700693,-0.6763779105121236,-0.5144391651500553,1.0811268969859729,-0.7198019382366834,0.02422125875777189,0.5098758229700693,2.0981985141718584,-0.016844002328120476,1.5667224147051118,1.6889621181394816,0.8690764404347405,0.08041131799008658,1.2247133500876244,0.051710241290561454,1.4892893554463265,1.586705887870056,-0.49834537654397587,-0.2553016945782196,0.8627441676909999,1.3508433793738719,0.9222885868622325,0.1890486229713212,0.9453015509175579,0.7374113588002092,0.904619530814692,1
-1.280109023845593,0.5421564981479937,1.0038746524609323,1.478524768348486,1,0,0,1,0,0,0.26159447759911014,-0.5611908719618456,-0.23379453409861076,-0.38514437436617666,-0.3892088750037508,-0.13394730768555796,0.6017766268451409,-0.09728700819545724,-0.10195513732547469,0.3605292756882829,0.1024087532583663,-0.3823662193154116,-0.38316667742331983,1.6796232147647288,0.5230530857895238,0.8574423933600072,0.8946781138880955,0.8348117587916525,1.3508541695676228,-1.8612626370008514,0.8414746773007546,0.6575125709678403,1.0010230021388697,0.4000957106763158,0.6818948047320453,1.861262637000851,-1.3508541695676235,1.6635909862327087,0.5660657690356972,0.21818193222838655,0.6408142650290589,1.0077878774499178,-0.5605696322757617,0.6769975162545934,0.06817301183707392,0.015758101167622184,1.7221340004102954,1.717490052682561,2.6965106661561613,2.984593571551364,3.03767789777204,1.1407440084753266,2.9208666058533463,1.8507951210800897,2.265502257394317,1
-1.9997163698482496,0.8513696898055362,0.5693561964423357,-0.8681093238500562,1,0,0,1,0,0,-0.24316300256618875,-0.373375390652362,0.39307135535292426,-0.5743628110545581,0.4724151634768192,0.15672794413123253,0.4257875925217741,0.13405902917186716,-0.6814761495646667,1.1767018276437646,0.8854514623726387,1.3086328156750036,-0.33509365614627207,-0.26502236727343337,0.3052307441612512,-1.2166709161606237,-0.12088466489044873,-0.7632920836729885,-0.6280087910670794,2.4076705537426832,-0.8568752389370679,0.12177323423975003,-0.29103620940452396,-1.7095154190890798,-1.8963364238814475,-2.4076705537426832,0.6280087910670786,-0.3974950218363748,0.04072103005925432,-0.6551885699208807,-1.1292943027395286,-1.1086788717467513,-0.05648973137315825,-0.22015379130249568,0.06817301183707392,-0.728375060954584,-1.0812212129944723,-0.5588081172337243,-1.9472064866735241,-1.761061748583257,-2.1407951353351686,-1.6508957890030895,-1.1125787146405561,-0.04195727479570725,-1.569712699330082,1
1.9067235084518848,-0.2051087150244015,-0.4445202009343899,-0.8681093238500562,1,0,0,1,0,0,-0.028641073495936725,-0.4809477251485058,1.0455236076392158,-0.6495872660071256,0.5449858396630469,0.13213234590058104,-0.3276889954145662,-0.6250846053911795,0.45466122324370856,-0.21521993461992472,0.259419274984542,-1.0988861759397268,-0.7029195067799332,-0.5123573565467258,0.7213934919983526,-0.6598649156539779,-0.45506332776020453,-0.8234793290934276,-1.2649401125490116,-0.24419747799268982,-0.056281908780348,1.580624401862297,-1.2846377265176674,-0.16048475923978445,-1.1412250504027805,0.24419747799268912,1.264940112549011,-0.5646101035717058,0.491016520610491,-0.4186507255887879,-0.6770767854263857,-0.801449827508525,-0.18250970659880966,-0.38327221085833024,0.2342775195316623,-0.23228628620644656,-0.47058938433204756,0.5793409677244183,-1.6963180353909775,-1.9490726833973337,-1.870025303538713,-1.0957401474590864,-0.001323371239174659,-0.1254610569666985,-2.1573666039894652,0
-0.9460056132015023,0.10410447663314094,0.5693561964423357,3.2385003374973924,1,0,0,1,0,0,0.766351957764409,-0.6332934096781798,-0.08027635709007157,-0.4690485741209635,-0.4940233198562162,-0.12455626108840012,-2.5507538144489117,0.5699227086844038,-1.0111630121680946,-2.6828263298845885,-2.9195267128949944,-2.5306750877789717,1.9316473515506853,-0.5568966834338144,0.3091441363372097,-0.31105547544291057,-1.2850352381718728,-1.3439491549941134,-1.610147164649905,-1.8546146340631706,2.9904406668500902,-0.47254299421322676,1.0697129570507815,2.350106345084395,2.483422942027439,1.8546146340631706,1.6101471646499044,-0.20252742647848845,0.9413120111617277,1.8102635767713227,1.3320610414934348,0.6493539925053206,1.1722050270769362,0.18764225758709038,1.2585886503149546,1.6900577159425842,3.5540294863975688,-0.1035484832504671,1.2641656897430753,1.7138989776355367,2.8007542949501416,0.37938770007212164,-1.1948939252628807,-1.823371294443516,1.708777505611744,1
-1.280109023845593,1.6244026689493918,1.0038746524609323,0.5985369837740325,1,0,0,0,1,0,0.26159447759911014,-0.5611908719618456,0.7512804350395157,-0.6252839805609115,0.2325086281867526,0.0516376607820852,1.6667742986837308,0.4268512259491348,0.7710603084155909,0.6545156954810771,0.7138476403690889,0.7934128022380197,-0.029386284236931105,1.9107407616574392,0.553712277728703,0.932070698288091,0.9812743968007527,0.7734254555926803,1.2994551316290601,-0.20666334585120408,-0.40850058062842026,-0.031169898967220038,-0.11742410905328954,0.08880641574824676,-0.17293747152070713,0.20666334585120408,-1.2994551316290608,1.6635909862327087,0.41596727218528484,-0.23669853764102378,0.26611975068388355,0.6664222727407777,-1.033144539371952,0.5954383064766764,0.012804842605544792,-0.4183195767369984,-0.38732140769626244,-0.02767187758659086,0.014285041535478216,-0.0495139282068366,-0.008482709938082702,-0.12818317219668063,0.36909507656128593,0.29205785388825667,0.038603250264021984,1
-1.9997163698482496,-0.2051087150244015,0.5693561964423357,-0.8681093238500562,1,0,0,1,0,0,-0.24316300256618875,-0.373375390652362,1.0455236076392158,-0.6495872660071256,0.7482193549279947,0.21486299449459065,-0.2659451327661212,-0.6383018038365547,-0.6627182927360872,0.0948258222007539,0.1357843357493694,-1.0872031666712816,-0.6043846853906805,-0.2885522209667225,-0.03577191939676648,-1.4328110824415747,0.1531166613338042,-0.5302942717527998,-1.0504933074560319,-0.440948977121442,0.0814852016507867,0.8402537339985345,-0.5338788507152984,0.023724292201751897,-0.6942554296046166,0.440948977121442,1.0504933074560312,-0.4253475354589299,-0.25947596364157,-0.6915790075104341,-1.258499307686141,-1.1428154322176651,0.1325402314653172,-0.6279498401920818,-0.2086678343205727,-0.6043528672675491,-0.4150773999081907,-0.02767187758659086,-1.8650975389810545,-1.7869942913162333,-1.6669479296913718,-1.4922798914190887,-0.20711139779498602,-0.4316415915936655,-2.1882957568662755,1
0.33900750466038404,-0.87507063028241,0.27967722576327125,-0.13478617003801185,1,0,0,1,0,0,-0.4576849316364408,-0.2530106704323524,-0.2210013526812325,-0.38514437436617666,0.3249648631982956,0.10306482071890198,-0.07779315205994017,-1.0862937692633428,1.0251884981602781,0.3250077092608169,1.404572785048674,0.6634369254646121,-0.9919780383680097,0.03753405990781957,-1.2805823535740204,0.5144091696695093,0.5829997028568908,1.2199305557236737,1.0008734476041308,-0.08780526073650123,0.14567686204419208,0.20811299950257436,-0.8845354149164344,0.13902807816045892,-0.6349886634227381,0.08780526073650123,-1.0008734476041314,0.0759977097470634,-1.1600669447440433,0.1908891040362222,0.4340862571144791,0.6664222727407777,0.3845801819166189,-0.38327221085833024,-0.8177176958673952,0.5118468759157585,0.4731143508735179,0.6552175733882943,1.3097817717944475,0.5728670973845897,0.600749411603942,1.0138512904081252,0.6160407084282594,0.6260729825722207,0.5953280020465953,1
0.33900750466038404,-1.2873548858258006,0.27967722576327125,1.0385308760612593,1,0,0,1,0,0,-0.4576849316364408,-0.2530106704323524,0.25234635976176334,-0.5558460221431568,0.6895747810880961,0.2349866657742146,-1.224966552125394,-1.475943958650943,-0.4401794181541704,-0.541974455725713,-0.16519825389074833,-0.19564173743687543,-0.4814173259306027,0.28317153936313855,-1.263007805915148,0.29064655668105877,0.8372745910701448,1.503567960046579,1.3338827891162104,-1.5897607057063121,1.9862874753456718,0.7605259088569636,0.8938117703319425,1.5623996765325585,1.6827072880298395,1.5897607057063121,-1.333882789116211,0.4102278732177254,-1.0850176963188372,0.5365982611369737,0.6149732640397371,0.9565830367435462,0.9516700704320475,-0.38327221085833024,-0.9284540343304539,0.8839134569768611,1.333550109443298,0.27583454506891375,-1.0166384128255321,-0.46443461193445323,0.1438253204474232,-1.0798785577006862,-0.28942660841731066,-0.9326642846196119,-0.8274130302866491,1
0.3647077670176212,0.026801178718756015,1.0038746524609323,-0.13478617003801185,1,0,0,1,0,0,2.066102469190054,-0.7286548305288154,-0.13144908275958464,-0.4314363466446798,-0.9296150698221078,-0.22696338826693094,0.17158232557967518,-1.004068109797458,0.7578559166052727,-0.8363916600665786,-0.9071377370884229,-1.4943663232852722,0.3322932892488039,-0.18720589431453238,-0.6334965006383226,0.01596279348390938,-0.6154668118757702,-0.8837414542655789,-2.825876348135663,0.7645323233097284,-0.42564332431476576,0.7434921037731305,-1.0199733583175061,0.5196248181023181,0.3165219623876566,-0.7645323233097284,2.825876348135663,-0.20252742647848845,-0.6132795633603989,-0.08723781182678932,-0.0661216906074049,-0.3015930491844266,-0.4705553642574395,-1.3852853595584558,-0.22448731124386676,0.051193013649631844,-0.38732140769626244,0.7310941790521709,0.0963939892279486,-0.4514683405679659,-0.2284831982727022,0.9504049313745251,-0.7833178721512579,-0.5429799678216537,0.34789477903211874,1
0.15910566815972013,-0.02473435322416849,-2.327433510348309,-1.8947617391869185,1,0,0,1,0,0,-0.1800683175455264,-0.4007045783351661,0.8536258863785419,-0.6310704770957244,0.6118226013311757,0.17953477158147302,-0.11433759396539325,-1.7530000816275917,2.5842211537273854,-1.0483244338269015,0.3586599243823094,0.19080492966865975,-0.2815960322363048,-1.4988622627835466,0.9741683862766055,-0.23536536928153695,-1.3989386082823656,-1.7495057149287487,-1.2890243254862828,1.5386737987278607,-1.338656304723464,3.381948130399088,-3.7692363866447116,0.029055100764367396,-2.1743272843834083,-1.5386737987278598,1.2890243254862819,-1.4558905394934718,0.5660657690356972,-0.7461646638947628,-0.7416792878996918,-1.1940202729240363,-0.9386295579527137,0.10608304780917345,0.8986955503100138,-0.6663639641110671,-1.3032691506898992,2.7038859263129513,-0.5969704579529088,-2.292678874609267,-2.1407951353351686,0.728342674756924,0.12214944469431245,1.127095675598167,-0.8274130302866491,1
-0.6890029896291251,-1.235819353882877,-1.6032360836506476,-0.4281154315628296,1,0,0,1,0,0,-0.6974447347149578,0.18890810911937359,0.38027817393554597,-0.5732055117475955,1.4216480786807006,0.5882688949053907,-0.690927224102778,-0.4712098006486192,1.5871110946783784,-0.28350284476500853,0.11343272099554781,0.9102233420948211,-0.028259014189152068,-1.0566519253571207,-0.7429048093256988,0.9715399471205105,-1.2945872704250234,-0.7566914286308054,-0.5448307780589747,1.781792609189754,-0.09504302951856965,-0.09747549007461503,-1.1933300830609521,-0.9006965235402041,-0.8862299947930377,-1.781792609189754,0.544830778058974,-0.8152827261747027,-0.3345252120667762,1.5373352948496766,1.9070233135058599,1.1443341193335734,0.3845801819166189,0.8401159358104279,1.2862727349307197,1.6280466190990672,-0.3318094232724056,-0.4070549059059717,-0.989268763594709,-1.3720736075886157,-1.5654092427677009,-0.0012904541294803558,-0.9479482933959068,-0.2089648391376897,-1.198562864808365,1
0.13340540580248203,-1.3904259497116478,1.4383931084795292,-0.4281154315628296,1,0,0,1,0,0,0.03445361152472564,-0.49141422255894146,0.17558727125749374,-0.5315427366969427,0.09424992754170829,0.03285556758776951,1.2182535098452851,0.6433132525172814,2.77943743684035,0.2503844946894,1.136909993157354,0.6123207250722307,-1.0626464091336703,1.232607969101258,-0.2831012019927078,1.9441642292736727,0.3001570509310767,1.2069642707124966,0.6152054390719316,0.22497917377587734,-0.4624038016691474,-1.1665721975592735,-1.8458865319295363,-0.0406227052196062,-0.29967297855134284,-0.22497917377587734,-0.6152054390719323,1.4686233908748227,-0.03432821836595151,0.8004289336612322,1.790738809053908,1.8612018892227682,-0.40304466324369825,-0.46483142063624716,-0.762349526635866,0.7598912632898273,-0.3595654154843339,-1.0140677512169813,0.42482977999782756,-0.6459624110652865,-0.6177148314801074,1.7752075988113303,0.4514102871836102,0.6260729825722207,0.47161139053935697,0
0.18480593051695732,-0.6689285025107157,-0.15484123025532542,-0.13478617003801185,1,0,0,1,0,0,-0.5460174906653681,-0.029143920264701743,1.8259076740992901,-0.7057162823948105,1.4445545498741954,0.5229787614203886,1.0321665786164718,-0.817971648205143,1.4752643921913624,1.8862003106284837,2.7281791935887845,1.4484434229768646,-2.0192224768387237,-0.03066462802085201,-1.1437401982200277,0.8058216574866999,0.002714774705273245,1.165743255670825,-0.03566621970192337,2.010877396636869,-1.4658924882947513,-0.0230820651764788,-1.2069627931455411,-2.5454430080358508,-2.408645171225288,-2.0108773966368703,0.035666219701922665,-0.06326485836571254,-1.0850176963188372,-0.10933200607758836,0.31780175266252825,0.3079883877961804,0.29006520049738066,-1.4435419379712537,-1.592872065108806,0.2638024885416898,-1.3032691506898992,0.326418948844831,1.0786602894008301,0.2011673182119326,-0.8546384343020056,1.2570623333702609,0.34165667302051117,1.8693515171180877,1.3994859768436472,1
-1.1773079744166424,-2.0088523330267334,0.5693561964423357,0.3052077222492148,1,0,0,1,0,0,-0.16744938054139394,-0.4041934108053113,0.06044863850108935,-0.49335185956717764,0.1903791647213433,0.07041975397640089,0.32201918635236837,-0.6988169456755206,-0.5332812562836693,0.44357548614910897,0.5800243080484835,0.5674218165633841,-0.22711018380111625,-0.23472888561720837,-0.5718700174518593,0.03407438785126045,-0.575859774504845,-0.39879588934812904,0.17827491249930566,0.59708479414405,-0.6823138542217325,0.38626135933450934,0.7632548160366945,-1.1702545595729839,-1.1434065743399573,-0.59708479414405,-0.17827491249930708,-0.11896988561082296,-0.40957446049198204,0.49111021415003275,0.4340862571144791,0.17144214591252482,0.3530751881102058,0.758556726032511,0.7325910426154264,0.44983577907224165,-0.03442379243031576,1.7716876281567582,3.7548037697479946,3.7699791514643546,2.795919119382347,1.3174874372117849,2.2623449208747504,3.0357535537922478,3.7854491987689656,0
1.135715637734753,1.2636539453489257,-0.8790386569529866,-0.13478617003801185,1,0,0,1,0,0,-0.6722068607066928,0.1075020181493188,-0.34893316685501513,-0.3388524020876736,0.7285575328312016,0.3445488760743895,1.4122401267435287,-0.368200165426661,-0.5057580134173983,1.3807018050391897,0.8502088958634848,-0.13566057317266494,-1.3415671119995105,1.0392508828882299,-0.5606345159639946,-0.550341461981356,1.4325619062780837,0.7588943936726388,-0.060099813059615065,-0.12541857881077315,-0.9253470369109976,-0.05626506854842945,0.13834805277232887,-0.4447351993399547,-0.36440053581068865,0.12541857881077315,0.06009981305961435,1.0229831729139398,-0.4846237089171882,0.15449866644666885,-0.1602567656399366,0.4103980692089227,0.3215701943037938,-0.9541866793037505,-1.0391903727935126,0.5118468759157585,-0.859173275299045,-0.02767187758659086,0.0872707728176734,0.14498014229048395,-0.0423289389126401,-0.09645999267988113,0.5337254978059351,0.514734606344233,-0.08511336124321738,0
0.4161082917320974,-1.0039094601397194,-0.8790386569529866,-0.13478617003801185,1,0,0,1,0,0,0.12278617055365294,-0.5187434102417455,-0.5408308881156891,-0.0842465545559066,-0.7432103811094678,-0.3338424423964893,0.274984578640047,0.8368602502144379,-2.5586808985639355,-0.9503858972793032,-1.2609235630811721,-2.168253519469663,0.18345614278767042,-0.24406796728942154,0.9026268413880403,-2.377419130472132,-1.5320457902133016,-1.5531536068939396,-2.634980600574435,-0.3438975164935092,-0.6262425876162814,-0.2443852017150356,1.108725555956807,-0.23524034673137179,0.12291018664227149,0.3438975164935085,2.6349806005744343,0.6330479821981672,2.567379060374527,3.9633644674865334,1.4720331301855984,0.6493539925053206,5.215345898899899,0.051710241290561454,2.0429710477616196,4.06714976161074,-0.3040534310604773,0.27583454506891375,1.7020800774362477,2.1417859327296416,1.8869061126371052,0.3476645205553221,0.6983559190505837,0.5704037944582268,1.646919199858125,1
-0.4577006284139859,0.026801178718756015,-1.168717627632051,0.5985369837740325,1,0,0,1,0,0,-0.7605394197356201,0.5523281580928325,0.21396681550962854,-0.5471662773409375,1.725931180924437,0.8476406580649883,-0.0687442089643957,0.16817429976070178,0.8049493841791376,1.0271040523932506,1.463564343027423,-0.14495302047293054,-1.5937395232550498,-1.2417091264283213,-0.8388335092674197,2.7387776418204974,-0.8334264468433991,0.2733242497324338,-0.3593320018427697,0.15868247298249136,-1.1451106325302427,-1.0711494993913582,1.6518146291838445,-2.213962709735612,-1.6358573937963703,-0.15868247298249136,0.359332001842769,-1.0102503215325889,-0.40957446049198204,1.6828970452078873,3.1603118614879993,2.509796538170134,-0.6235796198885869,0.18764225758709038,0.40038202722625016,1.876091006473136,-1.0812212129944723,-1.0140677512169813,-0.058700689746716966,0.7932937106148858,-0.24540631275998087,-1.2702176348014877,1.0276167615398821,1.2384340518261547,-0.6418381130257917,1
0.15910566815972013,-0.4370186087675581,-2.327433510348309,0.3052077222492148,1,0,0,1,0,0,-0.1800683175455264,-0.4007045783351661,-0.3361399854376369,-0.34174565035508003,-0.16775379577277963,-0.04406157596990429,-1.5008224648305515,-1.6140097604060477,1.0520410086564798,-1.7963562382164195,-1.3213353893586683,-0.739763109110376,1.3997336890674306,-1.4704626337108235,0.5146168205286737,0.010540133932838643,-1.7100912120351126,-1.8758748827860126,-1.362410339024558,0.3422733367180179,0.6176612337453428,2.73081088229508,-1.4275834842999608,0.7310642139044327,-0.11362599377851272,-0.3422733367180179,1.3624103390245568,-1.4558905394934718,0.04072103005925432,-1.110069039790291,-0.9354867953196102,-1.467112756691348,-1.2536794960168407,0.02452383803125581,0.8433273810784847,-0.9764194483286528,0.8616982418405155,3.159145560296209,0.9174834661526473,-0.0495139282068366,0.24536400737109418,1.4262526241265279,-0.04248097655033679,0.1250502895462747,1.0283361423219313,1
-1.3829100732745436,-0.514321906681944,-0.4445202009343899,-0.13478617003801185,1,0,0,0,1,0,0.1858808555743153,-0.5367690446708291,-0.5280377066983108,-0.09871279589293881,-0.7593349467205195,-0.33652559856710584,0.530752936277262,0.1967577666241715,-2.2503953752565224,0.8474031406156647,0.0772131013552785,-0.3242635817531035,-0.14468577927452436,-0.45150075183211014,-1.1239265485444447,-1.6111971647100203,0.02964452006737859,-0.2896382346530741,0.06048449490010199,-0.5022446364654003,-1.1891591092120957,-1.395981152961972,1.4572680993956497,-1.1153919744330498,-0.3831561759786262,0.5022446364654003,-0.0604844949001027,-0.3139374809687093,-0.9349191994684248,0.6002815269186915,-0.39282577454383927,-0.3576745413866426,1.6762849279795395,0.5954383064766764,0.6218547041523672,0.5738579727592754,-1.0257092285706153,-1.1658209625447336,0.9083602497423721,1.6101688067036326,0.9561348158367899,-0.2233527107470814,0.7806711296729086,0.5704037944582268,0.10046155601764112,0
1.7011214095939837,0.18140777454752677,-1.168717627632051,-0.13478617003801185,1,0,0,1,0,0,-0.38197130961164594,-0.31987995944346886,-0.5664172509504457,-0.026381589207777743,-0.3062244171815018,-0.22562181018162267,-0.4559542637350495,0.14720126461525548,-1.204726458416667,-0.16767885381229553,-1.4523530173492227,0.0801240137764415,1.907682350353567,-0.35075293187766976,-1.010457170625617,-0.6243939397810401,-0.4160949840182613,-0.9290396231887532,-0.08286747959746427,0.1914665557924087,0.28354730614457774,-1.2142921668526612,1.0194457340728973,-0.18606934971777772,0.9811036837908159,-0.191466555792408,0.08286747959746356,-0.17467491285593337,-0.7848207026180125,0.7822337148664557,0.3048812521678669,0.12023730520615308,0.5106001571422693,1.4110304042558486,1.6184817503198954,0.9459245538203791,0.08453045990652028,-1.2416975682086098,-0.5969704579529088,-0.02358138547386016,-0.093098282374475,-0.2550758902638815,-1.4418395571298541,-1.545025353873546,-0.20882997275045564,0
1.572620097807795,0.4133176682906843,0.5693561964423357,-0.8681093238500562,1,0,0,1,0,0,1.8263426661115367,-0.7117921402564469,0.11162136417060241,-0.5136045974390228,-0.6834831026330616,-0.1504934374043599,0.08259125331684095,-1.429301177117973,2.3115022921267747,0.5113530431070993,0.7879034369017124,0.7471027204087288,-0.18975204131791368,0.019818206788760756,-1.1510132432642355,0.7921669124665589,-0.25811048049153335,0.07795737116573877,-1.1334326641296226,2.1430837207120725,-0.09504302951856965,0.8087009217264537,-2.3638497183793796,-0.9467429056365904,-0.9482028565310456,-2.1430837207120725,1.133432664129622,-0.007559831120602114,-1.0850176963188372,-0.07294156848803632,0.3436427536518511,0.22264698661889537,-0.49755964466293656,-0.7910682597479163,-0.3747723420151606,0.38782468222872474,0.43148036255562516,1.717490052682561,2.2494730620527137,0.3200248057380726,-0.093098282374475,3.900660626436942,-0.41289942435079735,0.848749735028197,2.4820063275319857,0
-0.4577006284139859,1.5213316050635446,-1.168717627632051,1.0385308760612593,1,0,0,0,1,0,-0.7605394197356201,0.5523281580928325,-0.31055362260288033,-0.3475321468898929,1.2851378141580372,0.6933591782545381,-1.3809019285668325,-2.0874526866363623,2.3310762484813243,-1.592543891766229,-1.0061331567399638,-0.6029045797259742,0.8237751066669229,-1.164668280035535,-0.8299266506550927,2.8135055039087056,-0.9188464656341778,0.27915135883649955,0.06048449490010199,-0.8822777243979375,0.7564549240085007,2.0336920231366955,-0.35935762519873504,1.240311628809902,1.5805593496045907,0.8822777243979375,-0.0604844949001027,-0.9266927806649233,-0.40957446049198204,1.6374089982209463,3.1603118614879993,2.4585916974637634,-0.6235796198885869,0.5954383064766764,0.6218547041523672,1.752068812786101,0.7229182807808735,1.9451198696741894,0.0872707728176734,-0.11434528503927678,0.38074892326932136,1.0455744699249259,-0.7010026615289333,-1.0996718489615938,0.5334696962929761,1
0.3647077670176212,0.15564000857606544,1.0038746524609323,-2.334755631474145,1,0,0,1,0,0,2.066102469190054,-0.7286548305288154,-0.19541498984647596,-0.3961387177823212,-0.9900498823771061,-0.25424214266819894,1.0862880512296966,-0.7374032994674932,-0.3267799810433893,1.7381089779828212,1.6421904601571924,-0.5665109902602085,-1.9958761008127992,-0.07358262360441123,-0.6414212977960502,-0.4413943480174993,0.1893305391499954,-0.006547129271660048,-2.0400276446246037,1.250621156711811,-1.5840328689259362,0.3695473950381448,0.003160429431540739,-2.1603361741340597,-2.141320023505106,-1.250621156711811,2.0400276446246046,-0.0787384770449098,-0.6013669842452865,-0.009258302706318612,-0.23634415744183046,-0.14716575181600602,0.24455798722145192,-1.3076099216747252,-0.6023970377447808,0.139780294854656,-1.5530730805972546,-0.17942508891434333,-1.3906902856467844,-1.1775795370912954,-1.8023328455895995,-1.397110352868688,0.12214944469431245,0.9044189231421907,-1.4459960878228426,0
-0.38059984134227254,-0.514321906681944,-2.617112481027373,-0.13478617003801185,1,0,0,0,1,0,-0.43244705762817587,-0.2762695535666538,-0.5280377066983108,-0.09871279589293881,-0.14798422718954263,-0.13618327116107173,-0.15372363428942867,0.5869806673875058,-0.9133838831338839,-0.4630423072278514,-0.21522728986849582,-1.0400603483295043,0.05856888005678807,-1.3987985941043872,-0.5083398345699328,0.4549363259123659,-1.7778329095977305,-0.6581223865920693,-0.6045440128777345,-0.8189388764091825,-1.1839066181603943,-1.3148930741685207,1.705793500435146,-1.137328396326774,-0.3627223995851345,0.8189388764091825,0.6045440128777338,-1.2330704305130304,-0.18442671521636386,1.1097476531724306,1.2093162867941527,0.3079883877961804,1.140700033270523,0.758556726032511,1.2309045656991897,1.0079356506638961,-1.0257092285706153,-1.0899443568808573,0.853620951280726,1.7009327062690485,1.0238272737859035,-0.44541496736468245,0.9453015509175579,0.5704037944582268,-0.023255055489598248,0
0.4161082917320974,-0.46278637473902035,-0.8790386569529866,-1.161438585374874,1,0,0,1,0,0,0.12278617055365294,-0.5187434102417455,-0.7839013350458762,0.5522680642735108,-1.6826484790538334,-0.8257544070095194,1.0465266961448436,1.2096652635584102,-3.8882327740626548,0.36091235289446294,-0.7677964463892895,-1.0388205269553563,-0.028036850039343492,0.42659174697572233,0.7948743732171145,-2.418650804712288,-0.13724762171853336,-0.48120707327366824,-1.773666294592434,0.3422733367180179,-1.028975399072918,-0.8640158394436191,2.88483365377119,-0.6236616969422126,0.5283679361832112,-0.3422733367180179,1.773666294592433,1.0229831729139398,1.6167552469885829,2.083191858692969,0.1627557467265941,0.10316902497069583,3.7871195130091895,-0.5463906304141645,0.34501385799472056,2.2481575875342377,-0.8314172830871166,-0.5588081172337243,1.136440659999233,2.673403058755652,2.1576759444335596,-0.9529858396334858,-0.04248097655033679,0.1250502895462747,1.5850608941045057,0
-0.38059984134227254,-1.0812127580541053,-0.8790386569529866,0.5985369837740325,1,0,0,1,0,0,-0.7100636717190902,0.22088907342903796,-0.06748317567269331,-0.46384072723963193,1.1897591452346847,0.5283450737616215,0.2512594248669161,0.9060645763599218,-0.27038757595847124,7.643920322251925e-4,-0.3150000956944143,1.9855743546509377,1.5763984910487203,0.046736770719355183,1.290372057081461,-1.245043260036139,-0.20302670816743323,-0.9627477973353471,0.2365429878509938,2.473486146402587,-0.3026835159898043,0.04906433395028953,-0.8815195304494108,-0.20235045274922506,-0.5304202886075813,-2.4734861464025877,-0.2365429878509945,0.29881781872750485,1.6918044954137887,1.0278691685959374,0.13691474573727128,0.0519641842643253,1.109195039464111,1.8188264531454346,1.839954427246013,0.6978801664463103,-0.5261013687559044,-0.3311783002420958,-1.1169937933385516,-1.333174793489152,-1.311562525458524,-0.44541496736468245,-1.6887851889968277,-0.9326642846196119,-0.5799798072721716,1
-0.6119022025574117,-1.2873548858258006,-0.15484123025532542,1.0385308760612593,1,0,0,1,0,0,0.2363566035908452,-0.5542132070215552,-0.09306953850744984,-0.45747558105133773,-0.24058231699259588,-0.07268190845648059,-1.041892941557158,-0.48782583994590023,0.6399761606771273,-0.936683615572891,-0.9244498205684805,-0.21696795937083915,0.5593357571516525,0.14162257733566352,-0.14718280787117854,1.9668829865008544,-0.11345771703538463,0.3154540492729691,0.8939738323359463,-1.1825507815298193,1.5902851083074239,0.5221117688409906,1.1016588649873296,1.1528964047966894,1.5098095235273088,1.1825507815298193,-0.893973832335947,-0.17467491285593337,-0.4846237089171882,-1.11916664918768,-0.08273376267196997,-0.11871861809024475,-1.9782943535643327,0.02452383803125581,-0.3747723420151606,-1.2864749325462383,0.8894542340524437,-0.02767187758659086,-1.2994581215440402,-0.6329961396987983,-0.1777138548108673,-1.3019408143182878,-0.37174181903963527,-0.8769950965056176,-1.0129879475475077,1
-0.8175043014153137,0.7740663918911503,-0.4445202009343899,-1.161438585374874,1,0,0,1,0,0,-0.596493238681898,0.03481800835462702,0.07324181991846762,-0.4910372609532525,0.8747545472178624,0.4062614679985696,0.8766231265071616,-0.8020492740239779,-0.25309686170929,0.3636607213397726,0.559670995571692,-1.5776801255670931,-1.6314440330993967,-0.13740736336010834,-1.3192618302141963,-0.059775203864943616,-0.40338489218733065,-0.38292719170805634,-1.8245939697428848,-0.3421574382520592,-1.3562616152290088,-0.22076974123920903,0.28592357356607456,-0.8912717270878341,-1.1014535766428608,0.3421574382520592,1.8245939697428841,-0.14682239923337803,-1.2351161931692491,-0.04564874029587195,-0.06981326217730856,-0.22112829950298704,-0.05648973137315825,-0.9541866793037505,-0.2086678343205727,0.5118468759157585,-1.3032691506898992,-0.3311783002420958,-0.40538291333714505,-0.2051091846046925,-0.5330992590437151,-0.9212626601166852,1.2745623934068555,1.1827648637121608,-0.76555472453303,0
0.544609603518286,-0.23087648099586283,1.4383931084795292,-0.13478617003801185,1,0,0,1,0,0,-0.19268725454965888,-0.389656608846373,-0.24658771551598904,-0.36141973857344384,-0.05120778008907436,-0.020360363129458298,0.661425857532653,1.284769430845965,1.6762644789752728,-0.5677849994834753,-0.10885213287276006,0.3609491478752214,0.7211624183105699,0.8269034638295065,0.6294123458251585,1.0503128213775565,0.28263910537452736,0.5349502188275544,1.6953731927312992,-1.1891589033857164,-0.09349655783762789,-1.1328548927872668,-1.2360466042495621,1.0473010025702951,0.6637878729463318,1.1891589033857164,-1.6953731927312998,1.6078859589875987,1.5417059985633763,2.3834129688067796,2.7339353451641775,2.765820741701989,0.7941451013999841,2.9606553900362758,2.0060589349406004,2.0621242970036877,0.05677446769459199,-0.9381911455531051,0.6529101902546883,-0.1402778277722523,0.27921023634565156,1.6165917012273294,0.6160407084282594,0.06938110143228039,0.47161139053935697,0
-0.8432045637725518,-0.02473435322416849,-0.15484123025532542,-0.4281154315628296,1,0,0,1,0,0,-0.25578193957032125,-0.36058300492849626,0.9047986120480549,-0.6385929225909811,0.7118913981583822,0.2162045725798989,0.0846590277789466,0.6297990120987397,-1.395360932785726,0.37706342437353513,-0.7202374322680718,0.7677828203324976,0.8759518525851802,0.2660039688362074,0.2813420832497457,-0.8025842017978637,0.17529876289153284,-0.5195232487268502,-0.45503125954306645,1.4984586571476979,0.14806759247611712,-0.5825765862062223,1.1009854181045462,-0.3355651076882858,0.42913060088541366,-1.4984586571476979,0.4550312595430657,0.6609004958207222,0.7912135143113154,1.4827496384653478,0.7570987694810098,0.8029685146244333,1.1722050270769362,0.18764225758709038,0.4557501964577793,0.9459245538203791,0.6674062963570164,-0.02767187758659086,2.030515868206127,2.440010174158866,2.1069066009717248,1.0455744699249259,-0.9479482933959068,-0.3759724034796717,2.265502257394317,0
1.9067235084518848,-1.8284779712265005,-0.4445202009343899,1.0385308760612593,1,0,0,1,0,0,-0.016022136491804253,-0.4809477251485058,-0.4896581624461761,-0.21502137624267784,-0.542589835235557,-0.20370936812158769,-0.7312272378681304,0.512908318447608,0.313283922619345,0.12596362911806291,-0.07376436520287882,-0.19335363800383523,0.1050377880351054,-0.5007881360711786,0.7474796826000711,-0.91628475894969,-0.5007450214585457,-1.0128208304396105,-1.8749635333848382,1.595854703162155,0.5164076693445275,0.04482597338903511,-1.3490474338733303,-0.6666989280184205,-0.8929251239004657,-1.595854703162155,1.8749635333848376,-0.5646101035717058,0.491016520610491,-0.4732363819731166,-0.8450432918569822,-0.972132629863095,-0.15100471279239655,-0.709509049969999,0.17890935030013266,-0.17027518936292965,0.19555442875423396,-0.2553016945782196,-0.8797901666714156,-1.3591073362221284,-1.4807936703313085,0.062155904904119784,-0.9479482933959068,-0.32030321536567735,-0.8892713360402683,1
0.10770514344524394,1.8047770307496258,3.176466932553916,0.3052077222492148,1,0,0,1,0,0,-0.06649788450833415,-0.46234061864106474,-0.2593808969333673,-0.3567905413455935,-0.18293011929558706,-0.07983699157812466,2.5186424574489634,0.2758174460374679,0.9286419005857868,1.8723684733678996,1.950830400183656,-0.1530143537592288,-2.7836826474110965,3.0997473697727322,-0.7665483120291866,1.0808375004191508,2.120823960209953,2.226201699392772,1.1515092521572485,-1.3507461849940225,-0.4050025989704243,-1.146479372059045,-0.1833471354385233,-0.42647627748510836,-0.3627223995851345,1.3507461849940225,-1.1515092521572492,3.529709398943906,-0.4846237089171882,1.0005763404037717,1.4806467971820387,2.4585916974637634,0.06953024385249205,-1.3619827281933365,-1.814344742034923,1.5660355222555504,-0.08200549336504998,-0.7864379342253526,1.5469853984615822,1.1952481229760152,0.9222885868622325,1.2359135470257274,2.756236184608697,2.017802685422071,0.7190446135538346,1
-0.5862019402001745,-1.0554449920826439,0.27967722576327125,0.3052077222492148,1,0,0,1,0,0,3.227044673570241,-0.7617987389951949,2.222496298038016,-0.7300195678410247,-0.20203881874955132,-0.02170194121476656,1.1691698185287918,0.5972598205381519,-1.3912383800597177,1.4591126821810798,0.6345854817255501,0.7120364640162512,-0.2257429689778652,1.1525437262144873,0.05630711110152932,-1.7428628798646797,0.96532063247698,0.1827575449430387,0.3210111268130686,0.6527578856825103,-0.47415098218830043,-0.7633506196495242,0.1504603590946335,-1.013971684622948,-0.6465650339124253,-0.6527578856825103,-0.32101112681306926,0.8837206048011639,-0.10937746679115769,-0.4732363819731166,-1.2455788071914804,-0.8697229484503528,0.7311351137871589,0.10608304780917345,-0.04256332662598434,-0.5423417704240322,-0.6926373220274746,-1.0140677512169813,-1.281211688723491,-1.0219842806934394,-1.2946394109712458,-0.9212626601166852,-0.37174181903963527,-0.09762646290970158,-1.136704559054746,1
0.030604356373531493,-2.1119233969125806,-0.4445202009343899,1.7718540298733036,1,0,0,1,0,0,1.2332526269173105,-0.6739964551632072,5.011409847026478,-0.7797834380404155,0.6661881982983303,0.08428272752458629,-2.2144127978773853,-1.1824991911695357,0.4699732960913949,-1.594787631987681,0.05657705287347939,0.30288243951609606,0.1395477653720485,-1.510135291742658,-0.37376030284432527,0.9614137457870362,-1.2730320728888764,-0.7418071998059906,-0.28338753067176975,0.6941558255444424,1.5702855101049562,1.2485923837658082,0.32365885617223344,0.8921383918547139,-0.7977832892057856,-0.6941558255444424,0.2833875306717691,-1.4001855122483615,-0.25947596364157,0.32735324499704527,0.795860270964994,0.18851042614798086,-0.37153966943728567,0.5138790966987595,0.7325910426154264,0.3258135853852078,2.3050098368607914,2.096873081001942,1.9301604876931084,1.843561691300417,2.1915221734081167,-0.857816301083085,0.6160407084282594,1.127095675598167,1.3994859768436472,1
1.6240206225222695,0.9029052217484598,0.5693561964423357,-1.161438585374874,0,1,0,1,0,0,0.7411140837561441,-0.619338079797599,-0.0035172685858019803,-0.4788856182301454,-0.42181551319398447,-0.10622136058918719,0.540844939090374,0.1593671740555464,0.664764555176169,0.8699006498963342,0.953329393938603,1.449229689972441,-0.0921657155431529,-0.05513975650866247,-0.36272714154974306,0.30303046784410037,0.04044089315713637,-0.2257479719679673,0.5834470145228646,1.3979208031972914,-0.8071530484422778,-0.5821085354731474,-0.6042390206338374,-1.1350791593083869,-1.4597738586963216,-1.3979208031972914,-0.5834470145228654,-0.11896988561082296,-0.40957446049198204,-0.24579614703841146,-0.05689276168264715,-0.03337721691295973,-0.6865896075014126,0.758556726032511,0.5111183656893089,-0.35630847989348147,-0.9424412519348303,-0.8623145398892288,-1.235595606672119,-1.3072422507561756,-1.5823323572549794,-0.9529858396334858,-0.5363722402842841,0.1250502895462747,-1.198562864808365,1
1.5983203601650333,0.5421564981479937,-0.8790386569529866,-0.4281154315628296,1,0,0,1,0,0,4.097751326855382,-0.7740096526407031,-0.7071422465416066,0.10960107936032508,-2.3046065366623085,-0.6799695884060214,-0.29718256146742505,0.533553929782861,1.0155853297198372,-0.5284264872631879,-0.6277215629383541,-0.28859131619902034,0.4822578861455622,-0.1480107571364673,1.1424477064969152,-0.4816063396908583,-0.16529162394050456,-0.9093909271313013,-0.8940261523129447,0.4930801176436292,0.2653489813729107,0.4121595197480409,-1.8723070934879313,0.5499697482043342,-0.07177446667273121,-0.4930801176436292,0.894026152312944,0.24311279148239442,1.841902992264201,1.6828970452078873,1.1188727833315248,0.9907195972144606,0.7941451013999841,0.6769975162545934,1.3416409041622488,1.6900577159425842,1.1670141561717275,1.6416134470186852,3.316889382054822,1.4156747362063122,1.5992131663533709,4.186169242088144,1.1099319721622063,1.5724491805101195,3.811959901234801,0
-1.074506924987691,-0.6173929705677911,-1.168717627632051,-0.13478617003801185,1,0,0,1,0,0,0.45087853266109723,-0.5896830038013647,0.2267599969270068,-0.5489022263013813,-0.1313180925167232,-0.02930421703151339,-0.0634761117905253,-0.03891781425050078,-2.5522551420508743,0.3327547257821101,-0.21324784378332107,-1.1229888091307394,-0.37163536872350417,0.0589389734455864,-0.28131851494890964,-1.3582608999214982,0.19197788784798256,0.2865820818455885,-0.33645217931212407,-1.1979336225714128,0.14715620643470165,-0.2284027912392346,2.1240970659976566,-0.25916817965489347,0.5570242651832144,1.1979336225714128,0.33645217931212335,-0.14682239923337803,-0.4846237089171882,-0.7552622732921518,-1.2714198081808024,-1.1428154322176651,0.6996301199807459,-0.709509049969999,-0.6516131881728072,-0.4803306735805153,-0.10976148557697851,-0.482931511569848,-0.8889133830816909,0.20981149912292413,0.09305597698558829,-1.6508957890030895,0.03983423407198747,-0.48731077970765985,-1.0748462533011267,1
0.7759119647334253,1.3151894772918502,-1.168717627632051,-0.4281154315628296,1,0,0,1,0,0,0.08492935954125552,-0.49606599918580174,0.15000090842273722,-0.5211270429342795,0.040696290506358535,0.021228557515097883,-0.4132177140483599,0.4546825278581257,0.2617618849601094,-0.652286689699365,-0.937953947212192,-0.3055547428162216,1.0036347614210324,-1.3951400224066879,-0.09486038689799796,0.1815771845905562,-1.1369302999506006,-1.4241325826057123,0.6912331826893887,-1.1022968805694087,-0.8194181817366032,-0.71909509195172,-0.17536970653894068,-0.2461633878172445,-0.17100221342325295,1.1022968805694087,-0.6912331826893894,-1.3166279713806959,-0.10937746679115769,-0.054746349693259644,0.046471242274642305,-0.40887938209301433,-0.7180946013078251,2.2266225020350205,1.9506907657090713,-0.5423417704240322,-0.8869292675109735,-0.8623145398892288,-0.7885580025686714,-0.7496925819971905,-0.7869459763528921,-0.4136917878478824,0.8629863402952329,0.3477270420022505,-1.136704559054746,1
-0.2263982671988458,-0.02473435322416849,-0.15484123025532542,-0.4281154315628296,1,0,0,1,0,0,-0.23054406556205628,-0.36581625363371406,0.9047986120480549,-0.6385929225909811,0.6838753761565121,0.2121798383239741,-0.07098282485229569,-0.25723214889165674,-1.7458302088466398,1.0307199090285453,0.2951892926375,1.8244874931495934,0.6601653136108457,0.04464020268490802,-1.2917292710466979,-0.9317373120013502,0.9179427869094032,0.6588219435160299,1.0994917511557436,1.3979208031972914,0.1433073104139571,-0.9409668300934046,1.4503022389940252,-0.48221974634657955,0.25945086094772835,-1.3979208031972914,-1.0994917511557445,0.2152602778598393,-1.0850176963188372,0.7094528396873502,0.07231224326396513,0.4445346296798359,1.424244977528238,0.6769975162545934,0.17890935030013266,0.6358690696027934,0.5286263352973745,-0.5588081172337243,1.528738965641033,2.1936510181955944,1.8022905402007128,0.28421816152172197,-0.9479482933959068,-0.4316415915936655,1.5232025883508855,1
-0.6890029896291251,-0.5916252045963298,-0.8790386569529866,0.3052077222492148,1,0,0,1,0,0,-0.6091121756860305,0.03772536874641469,3.258743992845656,-0.7554801525942014,1.8872896958260874,0.6128644931360422,-0.9836233871301042,-0.5314257454884738,1.9812059690165558,-0.8111239188295467,-0.016884930666410496,-0.26700858216963674,-0.24355089063310978,-0.29794944897864784,-0.38813859207330614,1.1217326414114184,-0.5165181771295976,0.03939340327328548,0.06048449490010199,-0.4241556457943308,1.070044685064317,0.3405697924406816,-1.5811418053035393,0.5836055022513912,0.060411227814661926,0.4241556457943308,-0.0604844949001027,-0.09111737198826762,-0.10937746679115769,0.9186978558272787,1.428964795203394,1.1101975588626602,0.006520256239666901,0.5954383064766764,0.6218547041523672,1.1939689411944467,0.9449662184763004,0.27583454506891375,-0.10431677179808911,-0.892321567028559,-0.6346379459673855,1.0138512904081252,0.36909507656128593,0.18071947766026855,-0.332546584257695,1
-0.09789695541265715,1.6244026689493918,-0.15484123025532542,0.5985369837740325,1,0,0,0,1,0,-0.571255364673633,-7.03163468250324e-5,0.7384872536221374,-0.6137109874912857,1.1629290898066458,0.47423475765418827,-0.07893872579908748,0.3911303626336075,-0.6280765709364515,-0.14274291938542386,-0.07193233198816591,0.35554837685207874,0.06763814107588421,-0.09912063970258785,0.4538913333640005,-0.7117079084588942,-0.21810877196630124,-0.5302102512154986,0.9953441571592244,-0.5022446364654003,0.010726044517324496,-0.08214032379356744,0.14340390200765488,-0.02343644963339093,-0.4241315587201937,0.5022446364654003,-0.9953441571592251,-0.007559831120602114,0.5660657690356972,0.391036510778763,-0.05689276168264715,-0.135786898325702,0.5736101447550955,1.247911984700014,0.7879592118469556,-0.29429738304996345,-0.1375174777889068,-0.2553016945782196,-0.5513543759015367,-0.39960325510201306,-0.38079122865820925,-0.8895394805998851,0.7806711296729086,0.5704037944582268,-0.5181215015185524,1
0.7759119647334253,-0.3854830768246345,-1.168717627632051,-0.8681093238500562,1,0,0,1,0,0,0.08492935954125552,-0.49606599918580174,-0.7327286093763631,0.22243776178917635,-1.319872251643361,-0.5534140556919419,-0.9522379485402319,-1.0025768356074913,0.3989579857111329,-0.3655795785609914,-0.17774743021202868,0.6383299367671342,0.5021815693672331,-1.3561437746962723,-0.1545147839876065,-0.4323751113767052,-0.6420147619932404,-0.9378976609490448,0.6912331826893887,0.1850492459657866,-0.030932833234824174,1.221278652081204,-0.9798842204755628,-0.14273642264044759,-0.68459415432177,-0.1850492459657866,-0.6912331826893894,-1.3444804850032512,-0.40957446049198204,-0.8553359766634215,-0.9225662948249498,-1.091610591511294,-0.655084613695,1.0847935651441794,0.7879592118469556,-1.2244638357027204,0.1400424443303771,1.4898602356909325,0.7350191379471587,0.06718251409155555,0.008440404549195996,0.8552353928241243,1.1099319721622063,1.3497724280541432,0.5953280020465953,0
-0.09789695541265715,-0.3854830768246345,-0.15484123025532542,-0.8681093238500562,1,0,0,1,0,0,-0.571255364673633,-7.03163468250324e-5,-0.7327286093763631,0.22243776178917635,-0.4997003826642363,-0.1719586867692921,-0.23435781183858567,-0.48187640369287815,0.41476854673808433,0.5020536348312392,0.6180853795239732,0.9077117669852292,-0.30908697990015815,-0.3570407294532892,0.5928019498655188,-0.41767812169559776,0.40774115377609843,0.12665209352200255,1.2021396197987126,0.04574314950473895,-0.030870647723896485,1.2552464667195626,-0.9867287297991038,-0.27393292244490913,-0.6798901462145486,-0.04574314950473895,-1.2021396197987133,-0.3696425082138195,0.491016520610491,-0.13662483426975403,-0.3282232720705331,-0.15285517856115927,0.1010352376589052,0.8401159358104279,0.2896456887631914,-0.4183195767369984,0.08453045990652028,1.413983630027056,0.5069387276902979,-0.11434528503927678,-0.21156008378542468,0.7917890337905242,0.9453015509175579,1.0714264874841732,0.22417816752487937,1
-1.2544087614883548,-0.12780541711001567,-0.8790386569529866,-0.4281154315628296,1,0,0,1,0,0,0.4130217216486998,-0.5873571154879346,0.09882818275322415,-0.5031889036763596,-0.19405860675457465,-0.06284366916421999,0.5513976144533203,-1.2921515035957178,-1.934671846021793,1.032590624521296,0.9397606505109778,0.1282941794661006,-1.320636330829606,0.16742010027261534,-0.7031717749990795,-1.9324935888669532,-0.3819498966878063,-0.8883819153335514,-0.966971920209292,1.1340089365774726,-0.5994476138620043,1.0690964423589453,0.7027915375622404,-1.7736982959121657,-2.089066902162536,-1.1340089365774726,0.9669719202092913,0.8558680911786088,-0.03432821836595151,2.6108532037414847,0.8604627734383002,0.6493539925053206,3.3775545935258244,0.6769975162545934,1.397009073393778,2.4962019749083075,-0.47058938433204756,1.2537996847366513,0.561678026151944,0.8638878547213207,0.010320750603338341,-0.9988082100466414,1.07334743410784,2.054915477498067,0.23105131260861483,0
-0.12359721776989524,-0.46278637473902035,1.0038746524609323,-1.161438585374874,1,0,0,1,0,0,-0.16744938054139394,-0.3954713296299483,-0.7966945164632545,0.572520802145356,-1.5653962373838004,-0.7466012999763318,0.6979267552136962,0.08971252606377947,-2.1222139386288377,0.5895241241342019,-0.36594072448437615,0.1020837327864008,0.08655943629440087,0.05623445105681109,-0.9647788987200128,-0.528147954969455,0.29016663001426685,0.1123496680947741,-0.35678002163742906,0.4930801176436278,-0.9142953416399722,-1.0896275789770022,2.3703997883437165,-0.5086847955012272,0.5854284479357525,-0.4930801176436278,0.3567800216374284,0.18740776423728422,-0.7848207026180125,0.5547934799317504,0.17567624722125458,0.2909201075607231,0.7941451013999841,-0.38327221085833024,-0.26403600355210183,0.8219023601333442,-0.8036612908751883,-0.9381911455531051,0.42482977999782756,1.6490676208030963,1.294597105582359,-0.8895394805998851,-0.5363722402842841,-0.3759724034796717,0.8427612250610729,1
-0.35489957898503444,1.7274737328352407,-2.617112481027373,-1.161438585374874,1,0,0,1,0,0,-0.44506599463230834,-0.2733621931748661,-0.4001058925245282,-0.315706415948422,0.08713334841917125,0.03374995297797501,-0.7443067417849557,0.6119098233602545,0.7737174635931112,-0.9999692769057483,0.0363906687697791,-0.142359899948891,0.12392201394120857,-1.363030096865453,-0.5607984927428902,0.6916229691390385,-1.8979740154516576,-0.814963845815941,-0.46991781074089073,0.2718968389527333,-0.32694696980721294,-1.4016610552553377,-0.3626833083003832,-0.5311045639329194,-0.8429632272662738,-0.2718968389527333,0.46991781074089,-1.17736540326792,-0.18442671521636386,1.328090278709748,1.5452492996553449,0.529876030857121,1.0146800580448727,1.166352774922097,1.6184817503198954,1.13195784435093,-0.22078545442469194,-1.2416975682086098,0.4521994292286506,0.1838789563899486,-0.0423289389126401,0.1890486229713212,0.8629863402952329,1.127095675598167,0.5953280020465953,1
-0.9974061379159777,-1.158516055968491,-0.15484123025532542,0.5985369837740325,1,0,0,1,0,0,-0.5081606796529707,-0.08729112810045517,-0.16982862701171944,-0.3996106157032089,0.46982657517274634,0.24169455620075592,-0.16020974981942596,0.08174083165317032,1.0587206837741363,0.1337282831154286,0.413611561492189,0.26850520795782207,-0.5037183450021154,-0.5930699504709258,-0.34942648595018067,0.9803329947068781,-0.28139957540797317,-0.033604076072473295,-6.192842294857107e-4,0.36682327779893126,-0.36981294951884025,-0.4622396395828365,-0.4621665253452823,-0.4596892850645923,-0.5705231267472273,-0.36682327779893126,6.192842294857107e-4,-0.28608496734615396,0.11577027848446049,1.5737257324392298,1.9457848149898431,1.7075873671036554,0.25856020669096863,0.5138790966987595,0.5664865349208381,1.5660355222555504,-0.22078545442469194,-0.2553016945782196,0.6620334066649622,0.30057539868834077,0.09305597698558829,0.664896315723324,0.6160407084282594,0.9044189231421907,0.7190446135538346,1
-0.7404035143436003,0.4133176682906843,-0.4445202009343899,-0.4281154315628296,1,0,0,1,0,0,-0.1800683175455264,-0.3925639692381606,-0.6047967952025805,0.02280363133813179,-0.640291334313858,-0.3195322761532011,-0.24119179152376113,0.6151550066663283,-0.9608944618703193,0.12224946358631385,-0.49062243496996555,0.2666656409297192,1.0368960870486248,-0.9533248634083564,1.624445147402566,-1.846642264231093,-0.5220180274622698,-1.4549703800103084,-0.2444928926024105,0.6061852033378352,-0.617167913460413,0.7830139361321462,-0.5421224665194443,-0.6827752786071316,-0.782662194905924,-0.6061852033378352,0.2444928926024098,-0.9823978079100336,1.1664597564373458,-0.6369933511261053,-1.4135453136220761,-1.5012493171622625,0.1010352376589052,0.9216751455883455,1.1755363964676604,-0.790386157798101,-0.24854144663662048,1.5657368413548085,1.9666533533342068,1.3119445652744073,0.9053654723749538,1.648314880744129,0.9453015509175579,1.461110804282131,2.018069034379841,1
-0.3291993166277972,0.4133176682906843,-0.4445202009343899,-0.8681093238500562,1,0,0,1,0,0,2.419432705305763,-0.7426101604093962,-0.016310450003180245,-0.4771496692697016,-0.9087324130900236,-0.20236779003627944,-1.5719388627994715,2.01439202436261,1.1228060917270632,-1.2425291171412232,-1.0759492771508752,1.8372108263903633,2.722682589477779,-1.664737204400666,3.6627802079917267,-0.8611555294379221,-1.7883250308866803,-2.135695115427362,0.6912331826893887,1.8201797897890004,0.5224334543203515,0.9044765344522404,-2.4002917991800783,-0.09469581229637615,-0.686303844939604,-1.8201797897890004,-0.6912331826893894,-1.5951531076062477,2.81754322179188,-0.7370670544973751,-1.0259302987822392,-1.5695224381040902,-0.5605696322757617,1.4110304042558486,1.1201682272361313,-2.340663578886029,0.917210226264372,1.464568033802974,1.4131782244442224,-0.27426263189262934,-0.29053461805938996,2.84322130921027,-0.6186874509066087,0.29205785388825667,1.5025831530996792,1
0.7502117023761872,-0.02473435322416849,-0.8790386569529866,-1.6014324776621007,1,0,0,1,0,0,1.5487260520206223,-0.6984182824542237,0.16279408984011548,-0.528070838776055,-0.5772342645722139,-0.12902818803942767,0.2523977858364771,0.5728057355223626,0.4056073146316547,-0.2591430246714897,-0.5143234496017939,0.5706608356045841,0.7481003195941985,-0.8928811037270395,0.6455034015593031,-0.9610887025741124,-1.6285550794680306,-1.8241885080437872,-0.6247379431982625,1.3979208031972914,-1.2431215435958891,-0.1395427110255483,-1.5202802460727918,-1.2647618315418416,-1.1123193546516383,-1.3979208031972914,0.6247379431982617,-0.6481676444393714,1.1664597564373458,1.409968763286241,0.6020527635450756,-0.135786898325702,1.2667200084961745,1.5741488238116832,2.227531611866718,0.8839134569768611,-1.2477571662660425,-0.4070549059059717,-0.8797901666714156,-1.436904964421056,-1.7346403876404854,0.3476645205553221,-0.5363722402842841,0.1250502895462747,-0.8892713360402683,0
0.13340540580248203,2.0366869244927823,1.4383931084795292,1.0385308760612593,1,0,0,1,0,0,0.04707254852885811,-0.49141422255894146,1.8387008555166684,-0.7074522313552545,0.7150186114384981,0.1688021468990069,1.361277500667864,-0.9861968868874381,1.1172654227980219,0.9375131954778282,1.9529836094240403,1.3515208016272373,-1.215014422968639,1.1858108777985155,-0.27794379206666,1.8849734117565575,0.2980237593191058,1.2175581940557618,0.2430696413654208,1.6022396676771504,-0.7080412447343032,1.0751481876829727,0.36687723109439313,-0.9710045855825513,-1.3502657434859695,-1.602239667677151,-0.24306964136542153,1.4129183636297125,-0.03432821836595151,0.7822337148664557,1.7390568070752632,1.8099970485163963,-0.34003467563087314,-0.5463906304141645,-0.7069813574043363,0.8219023601333442,-0.9701972441467586,0.12408133374116129,-1.8924671882118775,-1.4628375071540325,-1.6669479296913718,-2.0315739432046915,-1.0302635040182315,-0.4316415915936655,-1.8171459223445585,0
-0.6119022025574117,-1.7511746733121147,-0.15484123025532542,-0.13478617003801185,1,0,0,0,1,0,-0.40720918361991093,-0.29778402046588254,-0.8350740607153893,1.7674323365842168,-1.876339602949156,-1.5949258425862574,0.3510774329772583,1.5490258722604195,-2.4077884739008413,0.15236546022628708,-1.1740790681430728,-1.0920919728116185,0.9341724483103206,-0.5237488169125335,0.8658463041595206,-1.2212627587899938,-0.27734688139792196,-0.9140372590157327,-1.4375436385994584,-0.06374491962016399,-1.0115053634421103,-1.2587008026172233,2.064276210761327,-0.4808483269641984,0.6339808097293608,0.06374491962016399,1.4375436385994576,-0.5646101035717058,0.641115017460903,-0.3640650692044592,-0.9096457943302884,-0.9550643496276378,0.1325402314653172,-0.6279498401920818,0.012804842605544792,-0.29429738304996345,-0.9424412519348303,-1.1658209625447336,0.06902433999712428,1.130416766143575,0.8376730144258402,-0.794369942049485,-0.8656330827735822,-0.9883334727336057,0.22417816752487937,0
-1.5628119097752085,-0.12780541711001567,1.4383931084795292,-0.4281154315628296,1,0,0,1,0,0,-0.5207796166571032,-0.0727543261415168,0.09882818275322415,-0.5031889036763596,0.7118913981583822,0.33292186600171786,0.7853317846185943,-0.6282399989797643,-1.2178147464343974,1.469588481068921,1.0043391925888545,0.07066332290222412,-1.6927453269980532,0.4525382108209599,0.4143969267758967,-0.9766337530001361,0.5085491658260567,-0.522513549438738,-0.6862106428504532,0.7769517052683067,-0.6398521154502379,1.277412858864938,0.6833708198462749,-1.481050580441477,-1.8158229208631422,-0.7769517052683067,0.6862106428504524,0.6887530094432773,0.7161642658861095,0.8914050276351143,0.188596747715916,0.39332978897346543,0.6681251261743327,-0.38327221085833024,-0.09793149585751397,0.7598912632898273,-0.5538573609678327,1.33810702436318,0.3062279666642602,0.6247321828505417,-0.0592520533999176,-1.0798785577006862,1.1099319721622063,1.795125932966095,-0.023255055489598248,0
-0.35489957898503444,-0.12780541711001567,-2.617112481027373,1.0385308760612593,1,0,0,1,0,0,-0.44506599463230834,-0.2733621931748661,-0.1826218084290977,-0.39093087090098955,0.34173716304471136,0.09188500334133312,-1.1204274917671582,0.12408934932937755,1.0645585554585226,-1.769163326195332,-0.7489371442681937,0.12181329501032631,1.3048864707076655,-1.3137011137244556,-0.3999476925758112,0.6935613695213114,-1.910121845937814,-0.718414849748294,-0.4291756706205303,0.5917900106131198,0.24534702756607193,-0.570975344850536,-0.7583249186690894,0.4959813916305961,0.2722626947932527,-0.5917900106131198,0.4291756706205296,-1.17736540326792,-0.18442671521636386,0.6912576208925736,0.9767472778902511,0.0519641842643253,0.6681251261743327,1.0032343553662626,1.397009073393778,0.6358690696027934,0.029018475482663446,-0.7105613285614767,-0.6790794056453779,-0.9312203811280227,-0.7023304039164997,0.062155904904119784,-0.9479482933959068,-0.8213259083916238,-0.2706882785040748,1
-0.9974061379159777,-0.7462318004251005,-0.15484123025532542,-0.4281154315628296,1,0,0,1,0,0,-0.5081606796529707,-0.08729112810045517,-0.19541498984647596,-0.3880376226335831,0.44498297934688336,0.23275070229870082,0.3310358448090254,-1.2059989335922459,1.7620869928928633,0.3882486218630043,1.2110254874106134,0.1841270576501117,-1.4732215033056046,-0.562914462084005,-0.4675850694655534,0.6257257880548678,-0.3875976453749857,-0.11823365139452394,-0.2249492467260648,0.4742292700279266,-1.0227708984084465,1.1868549262118553,-1.7800378773180496,-0.9088340307210301,-1.6898245930493099,-0.4742292700279266,0.22494924672606412,-0.3139374809687093,-0.10937746679115769,1.2280165753384769,1.4160442947087326,1.1614023995690306,0.41608517572303205,0.35076067714292497,0.5111183656893089,1.3179911348814817,-0.9979532363586869,0.9587239960437993,-0.3050275328241268,-1.1386807229918314,-1.3623318689203594,0.28421816152172197,1.0276167615398821,1.461110804282131,-0.5181215015185524,0
0.8530127518051386,-0.3339475448817109,-0.8790386569529866,-0.4281154315628296,1,0,0,1,0,0,0.40040278464456736,-0.585612699252862,2.439980382133447,-0.7363847140293188,0.6259071157709867,0.11871656504749839,-0.17546255978031275,-1.4009659775299632,-0.19870286101670886,-0.8357653359405487,-1.2416500641839234,-2.58055884232482,-0.6327790663480682,-0.9748677326024202,-0.14661538753515072,-0.5791127308758596,-1.8766268338079746,-2.0458374402205606,-1.7650477649515883,-1.7690215962405276,-0.7300913912934093,1.7759936939583256,-0.31031897751629134,-0.7317659947230346,-0.3831561759786262,1.7690215962405276,1.7650477649515868,-1.0938078624002545,-0.5596729573423944,-1.364802102917162,-1.4006248131274146,-1.9108880428132304,-1.0646495331783645,-0.46483142063624716,0.4557501964577793,-1.2244638357027204,-0.8869292675109735,0.9587239960437993,-1.262965255902942,-1.2035120798242718,-1.3623318689203594,-0.5405845059150832,1.439192814651505,0.5704037944582268,-2.002720839605417,1
2.3950284932394013,-0.02473435322416849,-0.8790386569529866,-1.6014324776621007,1,0,0,1,0,0,-0.7226826087232228,0.2819436416565791,0.16279408984011548,-0.528070838776055,1.4269053115318553,0.6249386959038166,0.9235030516409052,-0.4545027941776298,1.599358350824495,0.7709188135062254,1.5151744305483783,1.5711746015173713,-0.8903276256203678,0.059120509879901306,-0.7410661774332041,0.7550613151478848,-0.14361562650745505,0.7119205981140097,0.5873904109192033,1.5603281057325635,-1.2250809569872674,-0.11856447970399332,-1.4276126405110119,-1.183868378359437,-1.2747490668852746,-1.5603281057325635,-0.587390410919204,0.6887530094432773,-0.10937746679115769,2.492584281575438,2.630571341206888,2.4244551369928486,1.8968198846244282,0.9216751455883455,0.6772228733838963,2.744246362282375,-1.192245181842186,-0.2553016945782196,-0.4509989953885172,-1.0738493661593913,-1.396178097894916,0.4428340591057229,-0.37174181903963527,0.45906541823023866,-0.3944048900113141,0
1.2642169495209417,0.18140777454752677,-0.15484123025532542,-0.13478617003801185,1,0,0,1,0,0,-0.21792512855792381,-0.37221244649564694,-0.6559695208720935,0.07488210015144776,-0.7480645566631651,-0.34412787438385267,-1.5734846363893458,-0.017971601071227403,-0.021687468775744373,-0.5783298796073724,-0.7302666202125516,-0.22047817602456635,0.9827695392937361,-1.0300049391560386,-0.635175495940448,0.8510857231564368,-0.6119968171449693,-0.039331317357144416,-0.01835909107355938,-0.28249761283093816,1.158799890735653,-0.6116382817234981,0.8849065697289236,0.17444078883573577,0.9109829956091665,0.28249761283093816,0.01835909107355796,-0.9545452942874786,-0.5596729573423944,0.13630344765189217,0.5632912620610914,0.2738518273252659,-0.24551969421163483,0.10608304780917345,0.12354118106860354,0.07776919801113909,0.9727222106882286,-0.6346847228976005,-0.24116501795220557,0.2357440418559006,0.2961333508329291,-0.2233527107470814,-0.9479482933959068,-1.1553410370755877,0.16231986177126023,1
-0.12359721776989524,-0.514321906681944,-0.4445202009343899,-0.13478617003801185,1,0,0,1,0,0,0.11016723354952047,-0.5082769128313099,-0.8478672421327675,3.080967049986742,-2.853403779080555,-2.7719370160967074,-0.22628382208684097,1.9741406057903057,0.2834359712379343,-1.3537389657276744,-2.187363721513133,-1.0633278338267396,2.02572851517574,-0.7579049910216277,1.220266703646212,0.8467713566327276,-1.2930367432860435,-1.5448574441198075,-0.6655696264837223,-0.7901484909597473,-0.44263657393596495,-1.4871335399272143,0.46345708325407026,0.5466609061727014,1.3354273541363548,0.7901484909597473,0.665569626483721,-0.7038726716844818,1.1664597564373458,0.08171779126756346,0.5116092600824467,-0.06751377738387422,-1.1906695084040155,0.6769975162545934,1.1755363964676604,-0.29429738304996345,-0.22078545442469194,-1.2416975682086098,1.0452084958964885,1.1563493088765513,1.345366449044194,1.267636726542527,-0.4540570296619595,-0.8213259083916238,1.4613442825972665,0
-0.35489957898503444,-0.7462318004251005,-2.617112481027373,-0.4281154315628296,1,0,0,1,0,0,-0.44506599463230834,-0.2733621931748661,-0.19541498984647596,-0.3880376226335831,0.3291981714048066,0.08964903986581935,-0.26256032143268704,-0.8282521731469659,1.760308089033214,-0.6302428483498027,0.4302475170739132,-0.13066990592722327,-0.2925435642275162,-1.4117345417556884,-0.17195975226214305,0.7436675733713348,-1.706136747456582,-0.811142303929993,-0.6980737954149119,0.5141229242844115,-1.0454920017825302,0.9645365957707828,-1.6590859361676429,-0.840358565058927,-1.351265427731962,-0.5141229242844115,0.6980737954149111,-1.2609229441355856,0.11577027848446049,0.9186978558272787,1.2093162867941527,0.3421249482670949,0.5106001571422693,0.8401159358104279,1.397009073393778,0.7598912632898273,-1.0257092285706153,0.7310941790521709,-0.3688900476960481,-1.1257144516253432,-1.3284856399458025,0.41111087958892223,0.5337254978059351,0.9044189231421907,-0.6418381130257917,0
-1.7427137462758722,1.2636539453489257,-0.15484123025532542,-0.13478617003801185,0,1,0,1,0,0,-0.81101516775215,1.7734195226436544,-0.23379453409861076,-0.36778488476173804,2.094313471071948,1.6481155822989193,0.12296261516783383,0.06356924219821797,0.5409849866384384,0.05207623273446085,0.35434606712131955,0.4228966700129102,-0.6634921197831372,-0.9007889882292196,-1.056875568465984,1.665268300098574,-0.35750076533719644,0.6546767581734749,0.7686432489180746,-0.18555039652161812,-1.071040252998551,-1.146005523424739,0.933889443897356,-0.4248432699922643,0.17849719016651064,0.18555039652161812,-0.7686432489180752,-0.8152827261747027,-0.9349191994684248,0.2545723698179399,1.1059522828368633,0.8883099158017184,-0.43454965705011084,-0.46483142063624716,-0.8177176958673952,0.20179139169817292,-0.9701972441467586,-1.0140677512169813,0.31535118307453414,0.7673611678819103,0.5330569536548284,-0.12818317219668063,0.2044646553166367,0.1250502895462747,0.2860364732784985,1
-0.5091011531284612,-0.7462318004251005,-0.15484123025532542,-0.4281154315628296,1,0,0,1,0,0,-0.8236341047562825,3.093361140515257,-0.19541498984647596,-0.3880376226335831,2.5897135071005772,2.6788947445107687,0.5243770961159945,-1.8926888495427674,1.643557659965857,1.1441500445651314,2.09627931384601,1.075085585686717,-1.8916869947943256,-0.3089227011242345,-1.476487233881229,0.4609814968880167,0.6147454628999622,1.3562825920272341,0.9153149533513734,0.5584902876836534,-1.0378310399413126,1.1186623457501166,-1.7835564331944862,-0.9361018179409957,-1.4011198031739578,-0.5584902876836534,-0.915314953351374,-0.09111737198826762,-1.2351161931692491,0.9732835122116075,1.093031782342202,1.3320852019236007,1.140700033270523,-0.30171300108041293,-0.7069813574043363,1.3800022317249987,-1.053465220782544,0.7310941790521709,-0.6608329728248301,-1.3980061503215924,-1.5992554717422576,0.28421816152172197,0.36909507656128593,0.7374113588002092,-0.8892713360402683,1
-0.5091011531284612,-1.7511746733121147,-0.15484123025532542,-0.13478617003801185,1,0,0,0,1,0,-0.8236341047562825,3.093361140515257,-0.8350740607153893,1.7674323365842168,0.44498297934688336,1.0131019552530076,0.26272508425693913,-0.33389959493040694,-1.1187842500496858,0.7490907860434207,0.6497630675733419,0.03288624151605455,-0.512868334339054,-0.26203209203755923,-1.4627462381720522,0.41187539966831394,0.6791882221862736,1.400960567239396,1.4850143702886198,-1.4279662609164547,-0.6271450040309012,-1.0070593977837297,1.9433106048666946,-0.3385019097925324,0.5230415084417804,1.4279662609164547,-1.4850143702886205,-0.06326485836571254,-1.2351161931692491,0.8732098088403377,0.9767472778902511,1.2467438007463156,1.109195039464111,0.02452383803125581,-0.5962450189412776,1.2559800380379649,-0.5261013687559044,-0.8623145398892288,0.39746013076700454,1.3897421934733356,1.142289075196852,-0.7309235830158842,0.36909507656128593,-0.26463402725168356,0.22417816752487937,0
0.7502117023761872,-0.02473435322416849,-0.4445202009343899,-0.4281154315628296,1,0,0,1,0,0,-0.05387894750420167,-0.458270314092562,-0.2593808969333673,-0.3446388986224865,-0.19363404875375487,-0.08609768930956323,0.3870147803657675,1.0463119767194113,-0.5855928803912638,0.5930982409606599,0.09925468278753848,-0.7937319298545873,-0.2582537902259678,0.07593291942023307,1.5988416618459234,-1.3181868039274047,0.21681142430697142,-0.22518703497558556,-0.5702641928891875,-0.5169746011139472,-0.4622821946885312,0.16558845397705896,-0.524125527523818,-0.5862509630433371,-0.3488872592713507,0.5169746011139472,0.5702641928891868,0.1317027369921738,1.6167552469885829,0.2636699792153276,-0.4832692780064673,-0.3747428216220998,1.0461850518512859,0.2692014673650073,0.6218547041523672,0.6358690696027934,-0.24854144663662048,0.5034643620605421,1.0087156302553917,0.5469345546516133,0.2622871218583729,1.331083085576127,1.1099319721622063,0.9044189231421907,0.47161139053935697,0
1.521219573093319,-1.4419614816545723,1.0038746524609323,-0.4281154315628296,0,1,0,1,0,0,-0.25578193957032125,-0.3489535633613456,-0.11865590134220637,-0.41870605426809143,0.1412897312263551,0.055215202342907235,0.7348400945800322,0.33649388561287763,0.8320294463911481,0.5723363411552478,1.1155680338064426,0.7904048209340403,-0.6030988510261994,1.1055444793417692,1.590787828373309,0.26512985534313377,0.5989492984762013,0.9213888195937283,-0.060099813059615065,1.13762416762706,0.0828339780202267,1.131767906646765,-0.8709821907740748,-0.17928160122361605,-0.5507362314181315,-1.13762416762706,0.06009981305961435,0.8001630639334981,1.1664597564373458,-0.5824076947417753,-0.3669847735545164,-0.11871861809024475,-0.24551969421163483,-0.9541866793037505,-1.0391903727935126,-0.29429738304996345,0.22331042096616224,1.33810702436318,0.6072941082033162,0.028283699992091807,-0.0423289389126401,0.8235122133073248,-0.37174181903963527,0.18071947766026855,0.6571863078002155,0
-0.7404035143436003,0.28447883843337485,-0.4445202009343899,-0.8681093238500562,1,0,0,1,0,0,-0.3062576875868511,-0.3373241217941949,0.7256940722047591,-0.610239089570398,0.7013587389385825,0.2121798383239741,-0.09225123564201107,0.5412287236113121,-1.9686289066209042,-0.2725386457541778,-0.5239287770325419,-0.24485663068470348,0.5090114301632909,-1.0076014841496936,0.61668153057728,-1.626812173248659,-1.0711135970635663,-1.412995781498575,-0.6392523306161405,0.30004743805884815,-0.8785059419519455,-0.12507538883737446,1.0563923198625351,-0.6939157799472405,-0.6983822932603213,-0.3000474380588474,0.6392523306161398,-1.0659553487776992,0.19081952690966666,-0.9372144612399159,-1.5298298180740268,-1.7743418009295742,0.038025250046078915,0.18764225758709038,0.5664865349208381,-1.1624527388592034,-0.8869292675109735,-0.2553016945782196,-0.43275256256796935,0.14498014229048395,-0.14386762583630988,-1.3336639938350878,0.12214944469431245,0.29205785388825667,-0.6418381130257917,0
-1.1516077120594044,-0.6173929705677911,0.5693561964423357,-0.13478617003801185,1,0,0,1,0,0,-0.14221150653312897,-0.4041934108053113,-0.4128990739419065,-0.2937177291161331,-0.30883145883640506,-0.08386172583404945,-0.11604915430329639,-0.8005625637541546,0.5974553922882093,-0.5436154584598231,-0.008911346223385517,0.628292210846689,0.3325563785625638,-0.6146765060219094,-0.3135752788847286,-0.7338938738050549,-0.7846465394719171,-0.8815187280911063,-0.7279513648365089,1.5788889403080233,-0.45280834829636957,0.7846644121296085,-1.5542341028508044,-0.043652663805805854,-0.8490462777502336,-1.578888940308024,0.7279513648365081,-0.4253475354589299,-0.03432821836595151,0.9096002464298897,0.3436427536518511,7.593435579547688e-4,1.0461850518512859,0.5954383064766764,1.1201682272361313,0.8839134569768611,-0.49834537654397587,0.5793409677244183,-0.350643614875499,-1.060883094792903,-1.0069464646875115,0.31594134103852145,-0.7010026615289333,0.013711913318286572,-0.332546584257695,0
-0.5862019402001745,-2.0088523330267334,-0.15484123025532542,0.3052077222492148,1,0,0,1,0,0,0.2742134146032426,-0.5501429024730524,-0.0035172685858019803,-0.46846992446748226,-0.19077542210601295,-0.06105489838380897,0.6152130086396418,-0.17536556244048576,0.851056760888054,0.4344680616454941,0.7841810956865206,1.0911639495178058,0.21676644552818125,0.09577083800499944,-0.14770796517528115,1.8627095001194305,-0.39523432903044636,0.18838379612130998,0.9345219622652575,0.5613699807042828,-0.7597755715573165,0.09272414097544734,0.7084203058964241,-0.9788459168263446,-0.8355537194365757,-0.5613699807042828,-0.9345219622652582,-0.14682239923337803,-0.40957446049198204,-0.8735311954581982,0.11107374474794844,-0.05044549714841698,-1.6632444155002057,0.4323198869208419,0.012804842605544792,-1.0384305451721696,-0.22078545442469194,1.1863538130354276,3.243903650772627,3.269851541614101,2.479215119691851,1.2993599060593275,1.439192814651505,2.017802685422071,3.1933768436986076,1
-1.0488066626304537,0.7225308599482267,0.5693561964423357,1.478524768348486,1,0,0,1,0,0,-0.016022136491804253,-0.4687368115029976,1.2502145103172682,-0.6669467556115642,0.6019235101655307,0.15493917335082152,-0.9143027462367165,-0.8395155438116686,-0.38210011991877374,0.03209780335507607,0.25172403018509254,-0.7891230201309556,-0.8610161511443885,-0.2126665005633495,-0.1545147839876065,-0.7990300110877191,-0.07659804990285594,-0.19398652682067402,-1.9287998281276544,0.8366905045627424,1.058866363648798,0.9974719117442938,-0.2806044386238934,-0.11931537664110724,-0.5166436546944636,-0.8366905045627424,1.9287998281276544,-0.3974950218363748,-0.40957446049198204,-0.8553359766634215,-1.0905328012555453,-1.05747403104038,-0.08799472517957138,-1.5251011477491712,-0.983822203561983,-0.29429738304996345,1.0004782029001573,0.9587239960437993,0.06902433999712428,-0.08841274230630035,-0.1269445113490324,-0.12818317219668063,0.03983423407198747,0.514734606344233,0.47161139053935697,1
-0.12359721776989524,-1.9830845670552713,-1.168717627632051,0.5985369837740325,1,0,0,1,0,0,0.7537330207602766,-0.6170121914841689,-0.2977604411855021,-0.3382737524341923,-0.7038682872378865,-0.21310041471874555,-0.5175369964281226,0.7590543674837483,-2.7766051387645057,-0.30997923292431673,-1.3283221584081164,-0.5340197861591104,0.5816055024064173,-0.8490410313422877,0.49233980757424267,-4.85294638421468,-0.502888113261679,-2.3298251345720526,-2.3498765620089648,1.6022396676771504,-0.1287040027912354,-0.5486107295704064,-1.0810308582567765,-0.07989329923411072,-0.5477369184522922,-1.602239667677151,2.3498765620089634,-1.038102835155144,-0.18442671521636386,-1.6468279942361959,-3.35162038782126,-3.2763504616497907,0.6996301199807459,-1.0357458890816678,0.012804842605544792,-1.1004416420156866,-0.3040534310604773,-0.7105613285614767,-0.7520651369275744,-1.1386807229918314,-1.0915620371239039,-0.09645999267988113,-1.0302635040182315,-0.4316415915936655,-0.6418381130257917,0
0.2619067175886707,0.7740663918911503,-1.6032360836506476,-1.161438585374874,1,0,0,1,0,0,-0.07911682151246661,-0.4355929030366182,-0.054689994255315046,-0.45631828174437516,0.020817474212944748,0.017651015954275845,0.28839490264040135,0.8177813232530465,-0.7073717542128402,-0.15036185378960965,-0.19189718932285585,-0.1868563803407574,0.20753288653649593,-0.9887196569859926,0.8367003550407885,-1.2496146689929668,-1.4238939372176789,-1.8622928038901592,-0.6155407076067343,0.3556359628759853,-1.3889371639638457,-0.2842424824841617,-0.28874134485567354,-1.2087796901406385,-1.5686907126460345,-0.3556359628759853,0.6155407076067336,-0.9266927806649233,0.7912135143113154,0.04532735367801011,-0.6124742829530796,-1.091610591511294,0.3215701943037938,1.166352774922097,1.7292180887829538,-0.4183195767369984,-1.4142931195376127,-0.7105613285614767,-1.5092920989803518,-1.3980061503215924,-1.68387104417865,-1.397110352868688,0.28677986593896093,0.514734606344233,-1.7552876165909395,0
-0.9460056132015023,1.6244026689493918,1.0038746524609323,0.5985369837740325,0,1,0,0,1,0,0.03445361152472564,-0.4786218368350757,0.5465895323614635,-0.5934582496194406,0.29570328328942685,0.09054342525602485,0.9443540933533511,0.21555920428457329,-0.11809005306638456,0.4026526291339368,0.3362594297104842,-0.3128672532057953,-0.6932187130841081,1.4099654330045153,0.16079720535294506,0.1238830469847129,0.6238638331530639,0.43755897265008864,0.39961991949913633,-0.8230517886162441,0.09567349260683669,-0.13477866233266558,0.28592357356607456,0.07465497273802421,-0.009962554404471923,0.8230517886162441,-0.39961991949913706,1.8307060679680403,0.5660657690356972,1.2189189659410893,1.1059522828368633,1.349153482159058,0.6681251261743327,0.35076067714292497,0.17890935030013266,1.13195784435093,-0.026493508941193386,-0.2553016945782196,-0.40538291333714505,-0.2051091846046925,-0.1607907403235886,-0.6040308649486834,0.7806711296729086,0.4033962301162448,-0.332546584257695,0
-0.7404035143436003,-2.086155630941119,-0.4445202009343899,1.7718540298733036,1,0,0,1,0,0,0.6023057767106869,-0.6001495012118003,4.806718944348425,-0.776890189773009,0.8822265588552066,0.13884023632712236,-0.7934081052548897,0.6256982691936902,-0.08973914710264908,-1.3670945865384085,-0.7735862676675734,-0.4063920144301597,0.45206305787012085,0.27484244783408884,0.9452060642116507,0.0029605417907616538,-0.7688405789771952,-0.6028880159825126,-0.6910894285371356,0.13114384342216406,1.3778726195577022,0.08809617483327406,0.12565147935469947,1.0844874316468782,0.41709723012566224,-0.13114384342216406,0.691089428537135,0.438080386840281,1.1664597564373458,0.6639647927004092,0.5632912620610914,0.20557870638343811,0.4475901695294441,0.02452383803125581,0.40038202722625016,0.5118468759157585,1.8886699536818656,0.5793409677244183,1.473999667179387,1.3249108366408955,1.7684443112261554,0.41111087958892223,0.2044646553166367,0.29205785388825667,1.708777505611744,0
-0.2263982671988458,1.7274737328352407,-0.15484123025532542,-1.161438585374874,1,0,0,1,0,0,-0.21792512855792381,-0.3541868120665634,-0.38731271110714993,-0.315706415948422,-0.1962116001945063,-0.028409831641307882,0.31374977386375946,0.11976726543707356,0.15119740929040548,1.239510833078885,1.5742465373110244,1.2050253363658912,-1.172951394978026,0.22463520260088995,-1.2914332636296062,-0.06688754265994311,0.9624460803465688,0.789138220999043,1.652616263271448,0.004466147444651183,-0.21182385043092908,-1.4581138238874112,-0.27390745340639755,-0.720154110702003,-1.2761577192336981,-0.004466147444651183,-1.6526162632714487,0.02029268250195297,-1.3101654415944555,-0.6551885699208807,-0.5866332819637576,-0.20406001926752979,-0.37153966943728567,0.2692014673650073,-0.4301405112466897,-0.9144083514851348,-0.1375174777889068,-1.317574173872486,0.31535118307453414,0.11904759955750843,-0.1777138548108673,-0.28679906978068154,1.5215080252738291,1.6837875567381073,0.16231986177126023,1
-0.7147032519863632,0.9544407536913834,1.0038746524609323,-0.4281154315628296,1,0,0,1,0,0,-0.11697363252486404,-0.4210561010776798,1.058316789056594,-0.6501659156606069,0.6256384860355908,0.17864038619126751,0.8517397433575633,-0.7908277039805358,1.701115039373732,0.7553609475252315,1.5365548066389003,1.8459938365707533,-1.0118842942713544,0.26051368057573665,-0.6545457727973127,1.2766466140854877,1.8229478151577782e-4,0.22164628279968196,1.4008254564523381,1.1283937904791788,-0.9240626466907321,0.4297262559063005,-1.0425745186892443,-1.0202631478970732,-1.7812020476793942,-1.1283937904791788,-1.4008254564523388,0.38237535959517033,-0.4846237089171882,0.5184030423421971,1.1447137843208466,1.0931292786272029,-0.655084613695,0.758556726032511,0.12354118106860354,0.20179139169817292,-0.859173275299045,0.4275877563966659,0.07814755640739948,-0.47740088330094144,-0.8207922053274488,-0.0647368131630805,0.5337254978059351,1.3497724280541432,-0.023255055489598248,1
-0.12359721776989524,0.026801178718756015,-0.4445202009343899,0.5985369837740325,1,0,0,1,0,0,-0.00340319948767178,-0.46931828358135513,0.25234635976176334,-0.5413797808061246,0.17055131113522523,0.05745116581842101,0.2612307930917436,1.594251986851408,-0.6249623723913711,0.8128875727971625,0.30681992721651274,-0.5843293462712971,-0.6402164850249498,-0.7993814089921394,1.1403227802680818,0.788174438448353,-1.2217150109613266,-1.4222537005314688,-1.126015323288895,0.3198127523248422,-1.1619802618977608,-1.0458105558794637,1.6463837988099328,-2.3095903593910556,-1.787434851531343,-0.3198127523248422,1.1260153232888943,-0.8152827261747027,0.8662627627365218,-0.4004555067940112,0.046471242274642305,-0.4430159425639276,-1.348194477436079,0.02452383803125581,0.6772228733838963,-0.5423417704240322,-1.1089772052064004,-1.0140677512169813,-0.17730250308028428,0.6765972683164937,-0.38079122865820925,-1.397110352868688,1.0276167615398821,1.3497724280541432,-0.7036964187794109,0
-0.5091011531284612,-0.02473435322416849,-0.15484123025532542,-0.4281154315628296,1,0,0,1,0,0,-0.8236341047562825,3.2154702769703394,-0.2593808969333673,-0.3446388986224865,2.5231642426570344,2.7392657583496405,0.32164078828579745,-0.9540872299322833,0.46571489573889113,1.0737527665736983,1.2550410622891859,0.47403070000254616,-1.1796663029900958,-0.07956700475520008,-1.465269068129143,0.2728225353596902,0.6329505423983446,1.331233667874297,1.179804912165518,-0.5235948099447552,-0.5267517593582922,-0.15835972108435659,-0.362487526884944,-0.8229477918303398,-0.3319242747528828,0.5235948099447552,-1.179804912165519,0.1317027369921738,-1.2351161931692491,0.8914050276351143,0.9121447754169449,1.1614023995690306,1.2352150146897614,0.02452383803125581,-0.4855086804782194,1.3179911348814817,-0.24854144663662048,0.27583454506891375,1.3827675030766426,0.9488889670127426,0.5161338391675497,1.6800380602609295,1.2745623934068555,1.0714264874841732,0.8427612250610729,1
-0.35489957898503444,-1.4419614816545723,-2.617112481027373,-0.4281154315628296,1,0,0,1,0,0,-0.43244705762817587,-0.2646401119995031,-0.11865590134220637,-0.41870605426809143,0.38018212803598656,0.12005814313280666,-0.7923235343004854,-0.5506011736814713,1.133239092743489,-0.855463732367998,-0.15929262124867283,0.1273429976932912,0.8270305276244211,-1.398136721533105,-0.11485590778372262,0.6589811955920367,-1.8594727974068646,-1.0613324162788889,-1.046543814281098,1.2116300738185948,-0.29525657667521626,0.6406572633233196,-0.8869632538489176,-0.6881450831298364,-0.8290963237700874,-1.2116300738185954,1.0465438142810974,-1.2609229441355856,0.11577027848446049,0.7276480584821255,0.9896677783849125,0.08610074473523979,0.3215701943037938,0.758556726032511,1.5631135810883663,0.6978801664463103,-0.3318094232724056,0.5034643620605421,-0.22291858513165644,-0.6329961396987983,-0.8377153198147269,0.28421816152172197,-0.6186874509066087,-0.09762646290970158,-0.2706882785040748,1
0.13340540580248203,-1.8027102052550381,-0.15484123025532542,1.0385308760612593,1,0,0,1,0,0,0.9177792018139987,-0.646667267480403,-0.4896581624461761,-0.21502137624267784,-1.0429375233272713,-0.33115928622587276,-0.12403307462601658,-0.5001903051787276,0.44423865418435277,0.07865104059201102,-0.10848080037836468,0.7879223392237766,0.8274720249294311,0.2556324409460239,-0.024750958443696666,-0.8705897800486824,-0.6643376169363612,-1.1592417115134706,-0.6300765684554116,1.699534365048511,0.4278959325353785,0.6617319244881159,-1.4821478919436255,-0.7649982905876874,-0.9907435497579801,-1.699534365048512,0.6300765684554109,0.15955525061472892,-0.10937746679115769,-0.2548937564358004,-0.6512357844370638,-0.8526546682148961,-0.05648973137315825,0.5138790966987595,0.954063719541543,-0.4803306735805153,0.08453045990652028,0.19995793940503753,-1.0075151964152582,-1.5147025926199844,-1.650024815204093,0.030432725387320277,-1.0302635040182315,-0.3759724034796717,-1.0748462533011267,0
0.10770514344524394,-1.235819353882877,1.0038746524609323,-0.8681093238500562,1,0,0,1,0,0,-0.7605394197356201,0.4883662294735037,0.48262362527457214,-0.5760987600150019,1.872821483587348,0.8208090963588232,1.170111393735174,0.013691987793546422,1.569099501560948,1.6405282216951822,2.2871238528290716,1.6086836576582946,-1.6887308402038181,1.4901433811944718,-0.7423206085502817,0.33975769366468167,1.848681224282413,2.3022441150382655,1.34624143539365,0.8588667777610675,-0.13813466799265348,-0.7624331728561285,-1.8035878677523398,-0.3831271329949507,-0.7256797398979377,-0.8588667777610675,-1.3462414353936507,1.7750010407229295,-0.4846237089171882,0.8914050276351143,0.9509062769009282,1.7587922078100258,1.1722050270769362,-1.1988643086375024,-1.7036084035718644,1.3800022317249987,0.3898463742377325,-0.17942508891434333,2.2950891441040855,0.7284623537824456,0.5161338391675497,3.1393043180337386,0.6983559190505837,1.3497724280541432,2.203643951640699,1
0.6731109153044746,-0.6173929705677911,1.4383931084795292,-0.8681093238500562,1,0,0,1,0,0,0.40040278464456736,-0.5745647297640688,-0.8094876978806327,0.6708912432371751,-2.1169134238082203,-0.9603594082354485,1.4270294646116553,0.44640895680093684,-1.0216758220363082,0.6444389304156644,-0.39375730625686844,-1.4550180427641206,-0.28973604339623543,0.784725859614759,-0.39018679813525453,-0.353519893430507,-0.1601082332499937,-0.34824716897520025,-1.2315329784747313,-0.7630516575955741,-1.2002303755070096,-1.0035908716755364,1.0414116754971694,-1.029356002632839,0.17190820308520055,0.7630516575955741,1.2315329784747306,0.577342954953057,-0.4846237089171882,-0.4277483349861756,-0.5349512799851129,-0.5624939042121272,-0.2140147004052217,-0.8726274695258333,-0.4301405112466897,-0.17027518936292965,-0.9424412519348303,-0.5588081172337243,1.8754211892314625,2.2584823750280347,1.5653669373788135,1.3945294446097283,1.1922471827845313,0.848749735028197,1.646919199858125,0
-0.5862019402001745,0.0010334127472937634,-0.15484123025532542,0.5985369837740325,1,0,0,1,0,0,0.2742134146032426,-0.5501429024730524,-0.46407179961141953,-0.2578414506002932,-0.6981131918632473,-0.22383303940121166,0.7598448176621689,0.5850097244360482,1.3792070590367684,0.7633385605723559,0.6506203784233536,0.9504476964140484,0.1730753101444508,0.1161558189685659,-0.21611884674538911,1.9143498043760052,0.11574239495234627,0.6207412173601686,1.2718086794045298,0.03493293508481349,-0.9405211899418504,-1.0194473224678977,0.03831468079330897,-0.9164529712677848,-0.2398053754335172,-0.03493293508481349,-1.2718086794045305,-0.14682239923337803,-0.4846237089171882,-0.9372144612399159,0.07231224326396513,0.12023730520615308,-1.757759396919444,0.35076067714292497,-0.2086678343205727,-1.0384305451721696,-0.7759052986632599,-0.7864379342253526,0.8353745184601769,0.7284623537824456,0.27921023634565156,1.0455744699249259,0.4514102871836102,0.514734606344233,0.7809029193074537,1
-0.12359721776989524,1.3151894772918502,-0.4445202009343899,-0.4281154315628296,1,0,0,1,0,0,-0.6343500496942954,0.07552105383965442,0.188380452674872,-0.5211270429342795,1.0644108205508716,0.4608189768011056,0.13268989628445868,-0.9744113771131765,0.7359395529675792,0.15744908154328824,0.9055598098860291,-1.0325532980310894,-1.7253570647753291,-0.42599419848999404,-1.691686065271461,0.8896361372896182,-0.05352712686187416,0.9620704725167419,-0.70065935430716475,-0.7133741297612541,-0.6101569146084215,-0.357283768583426,-0.1120555012335888,-0.265780134121566,-0.23799753892812714,0.7133741297612541,0.7006593543071641,-0.3417899945912644,-1.535313186870074,0.32735324499704527,0.7570987694810098,0.700558833211691,0.3845801819166189,-1.1173050988595852,-0.983822203561983,0.8219023601333442,-0.8036612908751883,-0.7105613285614767,-1.317704554364588,-1.164613265724808,-1.176177609560296,-0.8895394805998851,0.4514102871836102,0.1250502895462747,-1.4459960878228426,1
-1.0488066626304537,-0.4885541407104817,0.5693561964423357,-0.13478617003801185,1,0,0,0,1,0,-0.016022136491804253,-0.4687368115029976,-0.5536240695330674,-0.046634327079622846,-0.6671635208281809,-0.32445139579933147,0.38942744890065245,0.9982548261637648,-1.63657027107799,0.8068809871820886,0.24281343357029722,-2.377625135054009,-1.834653219495382,-0.4823974496118861,0.05469106012500404,-0.6271262861097598,-0.04508444136206446,-0.2318243089666277,-1.7990340422145457,-1.4585370472760366,-1.0235141951479778,-1.3153477736757733,1.607044948280399,-1.1347491183662528,-0.542000672428966,1.4585370472760366,1.7990340422145448,-0.6760201580619267,-0.3345252120667762,-1.1464594773798444,-1.2455788071914804,-1.1940202729240363,-0.49755964466293656,-1.4435419379712537,-0.9284540343304539,-0.6663639641110671,-0.8036612908751883,-1.0140677512169813,1.3189049882047215,2.0899208472636905,1.3622895635314727,-0.28679906978068154,2.591605763364049,1.795125932966095,0.038603250264021984,0
2.3950284932394013,0.7740663918911503,-0.8790386569529866,-1.161438585374874,1,0,0,1,0,0,-0.7226826087232228,0.2964804436155174,-0.054689994255315046,-0.45631828174437516,1.269648225209414,0.5806666190886439,0.894204319026111,-0.09734383370862662,0.8802441304081841,0.4739899192440262,1.3151635044209091,0.5777902077417106,-1.3475996663578693,-0.1564531120013882,-0.6591524106488642,0.7564695028436486,-0.6455507336614095,0.3123325776744879,0.5976605751602089,0.1952844489803987,-1.3997389790334427,-0.5267169482961749,-0.4431443179037878,-1.2804468586454687,-1.404844995653201,-0.1952844489803987,-0.5976605751602097,0.4659329004628361,0.04072103005925432,2.692731688317979,2.811458348132146,2.3049771753446504,2.0543448536564917,1.4110304042558486,1.1755363964676604,2.744246362282375,-1.4142931195376127,-0.8623145398892288,-1.3998135020570583,-1.3720736075886157,-1.68387104417865,-1.0481553781838862,0.36909507656128593,0.514734606344233,-1.6315710050837011,1
1.6240206225222695,-0.6946962684821769,0.5693561964423357,-0.8681093238500562,0,1,0,1,0,0,0.551830028694157,-0.5989865570550853,-0.6175899766199587,0.04016312094257045,-1.1672619087247367,-0.49170146376776175,0.18041245488015736,-0.16699901060298064,-0.6371510750277724,0.2058290954141859,-0.08095213623179683,0.5473814460446011,0.4873861991589378,0.045030253025084656,-0.2831964955634979,0.23599510797415563,-0.24159647401971648,-0.23045466064496015,0.74512626677265,0.007555847346540335,-0.20587421198957706,-0.05448864943097548,1.1081591884829054,-0.5176247569325618,-0.1197523799493759,-0.007555847346540335,-0.7451262667726507,-0.09111737198826762,-0.40957446049198204,-0.4914316007678933,-0.3023822710812103,-0.3747428216220998,-0.5920746260821743,0.8401159358104279,0.5111183656893089,-0.4803306735805153,-0.026493508941193386,0.19995793940503753,0.7897584364088047,1.298978293907919,0.9730579303240674,-0.2233527107470814,0.6160407084282594,0.6817421706862145,1.0283361423219313,0
-0.2263982671988458,-1.2873548858258006,-0.4445202009343899,1.0385308760612593,1,0,0,1,0,0,-0.6469689866984278,0.07842841423144209,-0.041896812837936774,-0.45747558105133773,0.9437501693025123,0.41386374381531643,-0.45088014153163647,1.3729288205007668,-1.2030678450018408,-0.15807295460678433,-1.005810411224008,-1.2847668068110565,0.12258799856471561,-0.09519124070300958,2.3715151069683027,-0.6243075439348854,0.39759658672104253,-0.30765804343048064,-1.643554298724186,-0.12221154853286169,0.5318458463330672,0.49134388095560533,1.0172651734643534,0.6077963330315191,1.0072345964960092,0.12221154853286169,1.6435542987241847,-0.17467491285593337,1.9920014891146134,-0.32767463161490584,-0.5866332819637576,-0.40887938209301433,-0.24551969421163483,-1.0357458890816678,-0.4301405112466897,-0.046252995675895824,-0.026493508941193386,-0.17942508891434333,-1.6278939123139191,-0.9701191952274875,-0.7023304039164997,-1.4922798914190887,-0.9479482933959068,-1.0996718489615938,-1.2604211705619852,0
-0.9974061379159777,-0.8493028643109486,-0.15484123025532542,-0.13478617003801185,1,0,0,1,0,0,-0.5081606796529707,-0.08729112810045517,-0.2210013526812325,-0.35621189169211226,0.41916487977909284,0.20815510406804932,-0.6892965218660757,-0.7614033597222951,0.8609938740337189,-0.3332447720286286,0.35244378832143075,-0.2376597628033378,-0.1570902235197528,-0.5600233119064133,-0.4554986653477984,0.37067882657731327,-0.17158508591163962,-0.040878295030231805,-0.7279513648365089,0.39783372969061137,0.3989148982890901,0.5887414426665006,-0.8045109966891699,0.28005135383694757,-0.4981038848749446,-0.39783372969061137,0.7279513648365081,-0.3696425082138195,-0.18442671521636386,0.900502637032502,0.9767472778902511,0.8541733553308051,0.3530751881102058,-0.22015379130249568,0.12354118106860354,1.069946747507413,0.8339422496285867,1.1863538130354276,1.5926014805129542,0.8451587960808378,0.9222885868622325,1.1724671879921262,0.12214944469431245,0.3477270420022505,1.0283361423219313,1
0.13340540580248203,-1.0812127580541053,3.176466932553916,0.3052077222492148,1,0,0,0,1,0,-0.09173575851659908,-0.4274522939396127,-0.42569225535928473,-0.28098743673954474,-0.3741271520513366,-0.11158767293042024,2.335855913948932,-2.43924828552119,0.16010259565557056,1.7643479855381483,1.7991374769333557,0.8709831899520792,-1.7808858635808082,3.0654841827973343,-0.5361121700215669,0.9154259989474125,2.254458140478515,1.968070082710908,0.9345219622652575,0.2610696854503818,-0.18506883343081013,2.810879419756529,0.7010492338654949,-0.1480382017099525,-0.4175294524998022,-0.2610696854503818,-0.9345219622652582,3.0840691809830236,-0.40957446049198204,0.35464607318920965,0.795860270964994,1.7758604880454831,-0.5290646384693491,-1.5251011477491712,-1.9250810804979817,0.8219023601333442,-0.05424950115312168,3.007392348968456,0.5708012425622179,0.8710913388138142,0.7530574419894479,-0.6040308649486834,0.28677986593896093,0.45906541823023866,0.40975308478573785,0
1.0329145883058024,0.18140777454752677,0.5693561964423357,-1.6014324776621007,1,0,0,1,0,0,0.7032572727437467,-0.6135233590140237,-0.7583149722111197,0.3381676924854341,-1.8048284268907164,-0.7331855191232493,0.9334328454631238,-0.0695600080218074,-0.4749413110644825,0.9614515201342769,0.626364813975794,1.8071423562846796,0.027706432708625425,0.334723238938462,-0.7299679295038083,-0.07177500653832579,0.5267149860648908,0.7416467210649871,1.1709575367826512,1.303385209184222,-0.9635095774676333,-0.6357925532073178,0.5771337232374779,-0.776577412093681,-0.09023126169109126,-1.303385209184222,-1.1709575367826521,0.5494904413305014,-0.4846237089171882,0.8368193712507843,0.6666552660183818,0.8712416355662611,1.0146800580448727,0.5954383064766764,0.06817301183707392,0.6978801664463103,-0.8869292675109735,-0.5588081172337243,0.15113328768959466,0.4302381123532211,0.0761328624983096,0.09387908442092041,-0.7010026615289333,-0.15329565102369538,0.2860364732784985,0
1.9067235084518848,-1.4934970135974959,-0.4445202009343899,-0.4281154315628296,1,0,0,1,0,0,0.021834674520593164,-0.4751330043649305,-0.5152445252809326,-0.10507794208123299,-0.6193313907996384,-0.2842040532400835,-0.2799869354237576,1.1208475710603005,0.3738722485817529,-0.43671197458475497,-0.7502791274753442,-1.5801629561381456,-0.11410895630230852,-0.48903696193153323,0.6869001731387806,-0.5586472292729452,-0.4023899464936036,-0.7798531067652874,-2.6282154199983054,0.45147824704345946,-0.09931132087078617,-0.8502769524710819,-1.0724824782916265,0.19096672048420182,0.21402483869680727,-0.45147824704345946,2.628215419998304,-0.5646101035717058,0.41596727218528484,-0.5278220383574467,-0.7158382869103699,-0.8185181077439823,-0.34003467563087314,-1.5251011477491712,-0.5962450189412776,-0.29429738304996345,0.3898463742377325,-0.3311783002420958,2.094378383078048,1.0655854093111348,1.0915197317350172,2.8220725228657364,0.6160407084282594,0.9600881112561845,2.822227009176893,0
-1.5628119097752085,1.2636539453489257,1.4383931084795292,-0.13478617003801185,1,0,0,1,0,0,-0.5207796166571032,-0.0727543261415168,-0.2849672597681238,-0.3388524020876736,0.3756265585919498,0.20591914059253555,1.1086270266083929,1.054835725132808,-1.6520513195121225,0.7860521921417044,-0.5623061700818811,-1.1026122508138105,-0.5082461621909447,0.4169849923811182,0.5807885397260535,-1.2798930427197581,0.6768569106003262,-0.6568043338661236,-0.8569681418843172,-0.653901033058197,-1.1249263762701314,-0.865973927234082,0.9722404223010231,-0.3907460735417055,0.08978396516405131,0.653901033058197,0.8569681418843165,0.577342954953057,0.7912135143113154,0.6457695739056325,-0.173177266134598,0.10316902497069583,0.5421051509486824,-0.5463906304141645,-0.2086678343205727,0.5118468759157585,-1.0812212129944723,-0.8623145398892288,-0.23204180154193166,0.28760912732185256,0.10997909147286698,-0.635754044465484,0.36909507656128593,0.06938110143228039,-0.332546584257695,1
0.18480593051695732,-0.23087648099586283,-0.15484123025532542,-0.13478617003801185,1,0,0,1,0,0,-0.6217311126901629,0.07261369344786675,-0.23379453409861076,-0.34984674550381806,0.685556800205951,0.32621397557517656,0.8608157271558693,0.5039502794988427,0.5346867966969573,-0.3879090112965245,0.043897615525888715,-1.0786068920445808,-0.8538354307326494,1.2754700237675451,-0.6374461372061797,0.8265588449737062,0.09980178565996689,0.8977755213894112,-0.21462929445480164,-1.2582244350408798,0.07744939615523076,-1.330267120837032,0.0996771629689854,0.6230017907225974,0.8194340086984041,1.2582244350408798,0.21462929445480092,0.9951306592913848,-0.7097714541928067,-0.46413877257572894,0.007709740790658993,0.0519641842643253,-0.30852968182446,-1.1988643086375024,-1.2606630497196296,0.07776919801113909,-0.05424950115312168,-1.317574173872486,-0.4509989953885172,-0.3347718982695729,-0.07617516788719629,-0.09645999267988113,0.12214944469431245,-0.4316415915936655,-0.5799798072721716,0
0.31330724230314594,-0.7204640344536393,-1.6032360836506476,1.0385308760612593,1,0,0,1,0,0,-0.5586364276695006,-0.014607118305763387,-0.13144908275958464,-0.41639145565416624,0.6153856798947346,0.3105622312465801,-0.09106167392721314,-0.16570053944706423,-2.4315356807577797,0.7150597250657045,-0.15780717562531535,-1.1504398740965351,-0.1751750248248281,-0.15537894195806284,-1.1004836240210307,-2.0924873680583636,0.9674337138443675,0.10345624016751398,-0.3305796915292576,-1.2411978630008902,-0.028629333747553876,-0.8750111457034276,1.2212427263372054,-0.006708846541648182,0.30616193947191767,1.2411978630008902,0.3305796915292576,0.04814519612450831,-0.8598699510432187,0.8732098088403377,-0.4703487775118068,-0.08458205761933026,2.180364828882142,0.10608304780917345,0.2896456887631914,1.2559800380379649,0.08453045990652028,-0.7105613285614767,0.4978155112800227,1.0915179520441112,1.0238272737859035,-0.5088613263982832,0.6983559190505837,0.1250502895462747,0.34789477903211874,1
-0.5862019402001745,-0.5400896726534062,0.27967722576327125,-0.4281154315628296,1,0,0,1,0,0,2.873714437454532,-0.7530766578198319,-0.438485436776663,-0.2717290422838441,-1.4509996511924386,-0.3691706653096069,1.508452651039917,-1.1292115893990162,-1.1935036025199879,2.0404104147792133,1.9060399777538901,0.5251255778631382,-1.8310586450616015,0.5584035304734496,0.3270013297040913,-1.407372273894046,0.6846818079036526,0.35642030773188005,0.3210111268130686,0.39783372969061137,-1.5395899028989672,1.8774610980883002,0.21728599845335167,-2.077544073660436,-2.1299702623108114,-0.39783372969061137,-0.32101112681306926,0.35452284597261524,0.11577027848446049,-0.5005292101652823,-1.1034533017502068,-0.8185181077439823,0.7311351137871589,0.10608304780917345,-0.04256332662598434,-0.4183195767369984,-1.497561096173398,1.1863538130354276,-0.998391980004983,-0.7496925819971905,-1.430024326869473,-1.3336639938350878,1.0276167615398821,1.4054416161681371,-1.4459960878228426,1
-0.35489957898503444,-0.514321906681944,-2.617112481027373,-0.13478617003801185,1,0,0,1,0,0,-0.43244705762817587,-0.2646401119995031,-0.8478672421327675,3.2024834772178123,-2.292714754943237,-2.678473742820232,-0.9326628690731692,1.051344566507026,0.25574271098020374,-1.651873864029015,-1.722067838396217,-1.5500248213496979,1.282567308314292,-1.5157294150308556,-0.016537056973071645,0.6201596486401445,-1.6090234375950487,-0.8059328023228137,-0.9237009575987005,-1.1979336225714128,-0.21760854922611572,-1.4595698724900081,0.2735917855733582,0.6360949226695662,1.4519360104726504,1.1979336225714128,0.9237009575986999,-1.4001855122483615,0.11577027848446049,0.41832933897092733,0.6924962670077037,-0.05044549714841698,0.19555021907814235,0.35076067714292497,0.954063719541543,0.38782468222872474,-0.026493508941193386,-1.2416975682086098,0.8444977348704508,0.8710913388138142,1.1084428462222957,1.3628062650929278,0.03983423407198747,-0.48731077970765985,1.275769365336409,0
-0.6119022025574117,-1.1842838219399534,-0.15484123025532542,1.478524768348486,1,0,0,1,0,0,-0.3945902466157784,-0.29778402046588254,-0.5664172509504457,-0.026381589207777743,-0.287680172368929,-0.208628487767718,-0.49643866102932294,0.5178138700283403,-1.1825891337037207,-0.5545326741548888,-0.4627675437386238,-0.9948100309827197,0.18907746942253909,-0.20091214315804692,0.022350249690842507,-1.5359530380901412,0.17156691663859316,-0.3685835803157304,-1.637116465595288,0.266869946255213,0.48956099665025327,-0.6883257976512142,0.07315428620919606,0.9192606849920618,0.24177034414171503,-0.266869946255213,1.637116465595287,-0.23037994010104354,-0.03432821836595151,-0.1548200530645294,-0.9096457943302884,-0.801449827508525,0.7941451013999841,-0.9541866793037505,-0.319404172783631,0.139780294854656,0.3620903820258042,-0.7105613285614767,-0.2685346671830286,-0.1921429132382052,0.17767154942198057,-0.6992004034990842,-0.7833178721512579,-0.7656567202776299,-0.332546584257695,0
-1.7941142709903475,0.10410447663314094,1.0038746524609323,1.0385308760612593,1,0,0,1,0,0,-0.4703038686405733,-0.2187038178092579,-0.7839013350458762,0.48861660239056914,-1.0484395733908003,-0.545811779875195,-0.7145925291235722,0.9388068756704744,-0.9861388424467722,-1.7381697990759322,-2.2916263344880767,-2.131499533158259,1.5282373162744167,0.34800170701089383,0.6076852302049673,-1.1151523444924092,-0.6799624472722668,-0.9308201730757407,-1.7516254646912552,-1.1698703314820218,1.3413775121234608,-0.6797761759430565,0.22746427213876835,1.6739161380003875,2.0704617398830973,1.1698703314820218,1.7516254646912537,0.04814519612450831,0.19081952690966666,-0.9190192424451392,-1.2843403086754637,-1.4329761962204342,-0.15100471279239655,-1.1173050988595852,-0.4855086804782194,-0.9144083514851348,1.5000860627148682,-0.482931511569848,0.6346637574341392,0.6636309969500054,1.3622895635314727,1.0455744699249259,-1.3595243465075295,-1.823371294443516,1.0283361423219313,0
-0.6119022025574117,-0.5916252045963298,-0.8790386569529866,-0.13478617003801185,1,0,0,1,0,0,-0.785777293743885,0.671529934156127,0.2651395411791416,-0.5448516787270123,2.0234626633927073,0.9375263897806422,-0.7938941899153293,-0.3905086200849384,-0.6087001481906906,-0.5703344102424126,-0.0985830759436706,-0.03825742919627088,-0.15784613898714717,-1.0940913164251846,-0.9676299442098688,0.9917976936071572,-0.861019621383233,0.3618351238430691,0.7976720237538321,-0.8432999717894734,0.010726044517324496,-0.4333650999078936,1.828774527622599,-0.08328732438711617,0.48142439986841706,0.8432999717894734,-0.7976720237538328,-0.8431352397972577,-0.5596729573423944,1.664701826413112,2.036228318452472,1.4856997240427134,1.3297299961089997,0.9216751455883455,0.5664865349208381,1.6280466190990672,-0.1375174777889068,-0.5588081172337243,-0.5513543759015367,0.4043055696202447,0.34690269429476517,-1.4288335323854886,0.12214944469431245,-0.26463402725168356,-0.5799798072721716,1
0.05630461873076867,-0.12780541711001567,-0.15484123025532542,-0.4281154315628296,1,0,0,1,0,0,-0.06649788450833415,-0.4361743751149757,-0.6559695208720935,0.07777534841885421,-0.8922625154606776,-0.3955550343206694,0.12556763727548487,1.8422619615994218,-1.6348512922849614,0.10856584284564288,-0.2591170304472779,-0.12631199558221023,0.1878003672312063,-0.2567116653994192,0.8828211007002733,-1.2170476472790708,0.05241078506099912,0.46499759652503575,-0.7989105922128049,0.6200753015809853,-0.43110812761257883,-1.6441715593168076,1.0118809705082306,-0.09469581229637845,0.7908444786563066,-0.6200753015809853,0.7989105922128042,-0.14682239923337803,1.0163612595869336,0.46381738595786837,-0.2765412700918884,-0.23819657973844427,1.9283248784308402,-0.7910682597479163,-0.5408768497097485,0.6978801664463103,-0.3040534310604773,-1.4693273852002382,0.5525548097416701,1.026686595211671,0.9222885868622325,0.31594134103852145,-0.8656330827735822,-0.7099875321636356,0.9664778365683122,1
-1.074506924987691,-0.4885541407104817,-1.168717627632051,-0.13478617003801185,1,0,0,0,1,0,0.3499270366280375,-0.569331481058851,-0.5536240695330674,-0.046634327079622846,-0.9100069094367493,-0.401815732052108,0.5234564786070556,0.2746744715165433,-1.6727490678677839,0.7232502651464535,0.5603430090229315,-1.1240829025444399,-1.3780356727647274,-0.2908398798941524,-0.9298414221273721,-0.7326404458276085,-0.1920270075020936,0.13618636394327227,-0.007768161614413057,-1.525410642437618,-1.0184827569751036,-1.3084940566770957,1.5504710207192476,-1.167475141536835,-0.5955138772036772,1.525410642437618,0.007768161614412348,-0.4253475354589299,-1.009968447893631,-0.6824813981130464,-0.9225662948249498,-0.9379960693921812,0.3530751881102058,-0.13859458152457876,-0.1532996650890431,-0.4183195767369984,-0.8036612908751883,-1.0140677512169813,1.2732889061533492,2.012123219064761,1.2776739910950803,-0.28679906978068154,2.756236184608697,1.9064643091940836,0.038603250264021984,0
2.3950284932394013,0.3617821363477598,-0.8790386569529866,0.3052077222492148,1,0,0,1,0,0,-0.7226826087232228,0.2964804436155174,-0.5024513438635544,-0.12764527856700325,0.7358313875864162,0.3266611682702793,-0.47089060278755707,-0.13133033189728163,0.00892924782678067,-0.9771614287672901,-0.8522184181362855,0.03136411094182634,1.0758783999059705,-0.10744384049770091,-0.6068342198479567,0.25432513560751735,-0.8666310060108108,-0.0681096520109007,0.5119677661598024,-0.4649864905896614,0.5474282264711852,-0.4276581979014747,0.2433656533521971,0.460745578407802,1.0414298630759415,0.4649864905896614,-0.5119677661598031,0.4659329004628361,0.04072103005925432,2.4289010157937203,2.2300358258723905,1.6563825263972836,2.180364828882142,1.5741488238116832,1.397009073393778,2.4962019749083075,0.6674062963570164,-0.2553016945782196,0.534308376921121,0.585833368751077,0.7530574419894479,0.8552353928241243,-0.7833178721512579,-1.0440026608476,0.7190446135538346,0
-0.09789695541265715,-0.6946962684821769,-0.15484123025532542,-0.8681093238500562,1,0,0,1,0,0,-0.6595879237025604,0.09296521619038045,-0.6175899766199587,0.04016312094257045,0.1897257878364852,0.04045784340451634,-0.22145220707803503,0.9266216904616306,-1.13081397354829,0.5635850981248441,-0.024621197705386195,0.3368362219210546,0.3893477980475238,-0.533446969889321,1.079096957478363,-0.3536638693191741,0.36312220448098653,0.039951288388584937,0.6912331826893887,-0.2261522221554376,-0.22507924221304915,-0.1908017070808796,1.1904625028806382,-0.40130134601395007,0.07101342008803602,0.2261522221554376,-0.6912331826893894,-0.6481676444393714,0.641115017460903,-0.7734574920869285,-0.8192022908676594,-0.6478353053894121,-0.4660546508565234,0.2692014673650073,-0.04256332662598434,-0.9764194483286528,-0.05424950115312168,0.04820472807728505,0.7532655707677065,1.3119445652744073,1.0407503882731821,-0.2233527107470814,0.5337254978059351,0.45906541823023866,0.9664778365683122,1
-1.280109023845593,-1.0039094601397194,1.0038746524609323,-0.13478617003801185,1,0,0,1,0,0,-0.028641073495936725,-0.46234061864106474,-0.5280377066983108,-0.0842465545559066,-0.6042671829045622,-0.2904647509715221,0.7127824853398271,0.8101511442304715,0.5146415256581071,0.6446799062049949,0.7166059956033493,0.28244692686042455,-0.3983467198654097,0.41489324723886295,0.5468033855095771,0.9806609476416696,0.5942478919091876,0.9811328736085021,0.05712944868845589,0.328563629361145,-0.5765849528115085,-0.5641822424552879,0.2819374716308253,-0.2816749246618474,0.026262398305512254,-0.328563629361145,-0.057129448688456604,-0.14682239923337803,-0.18442671521636386,-1.746901697607466,-1.0905328012555453,-0.8355863879794388,-1.5687294340809674,-1.1173050988595852,-1.2606630497196296,-1.4104971262332722,-0.3595654154843339,-0.2553016945782196,1.0634549287170376,1.0655854093111348,0.8715192434003977,0.728342674756924,0.2044646553166367,0.4033962301162448,1.2139110595827887,0
0.18480593051695732,-1.4934970135974959,-1.6032360836506476,-0.4281154315628296,1,0,0,1,0,0,-0.7353015457273552,0.3371834891005448,-0.5152445252809326,-0.10507794208123299,0.7894252800663573,0.3405241418184647,-0.6367896691027427,0.26918819849398024,1.1682893768410432,-0.6991435417105104,-0.3322547353106443,-0.5280918101019068,0.2295658831418806,-1.0019462846589642,-0.5581717297184855,0.46800343106225595,-0.8800391726700242,-0.350501163284239,-1.5274919549919441,0.7946936794948511,-0.11566138599163248,-0.9286334359708744,-1.1267924019287727,0.07186604067285965,0.0897512619689731,-0.7946936794948504,1.5274919549919441,-0.9266927806649233,-0.4846237089171882,0.14540105704928116,0.369483754641173,-0.01630893667750248,0.006520256239666901,-0.6279498401920818,0.06817301183707392,0.2638024885416898,0.3065783976019474,-0.482931511569848,1.820681890769815,0.8192262533478623,0.8038267854512828,2.6000102662481344,0.28677986593896093,0.793080546914203,2.574793786162414,0
-0.38059984134227254,-1.5708003115118816,-0.8790386569529866,1.478524768348486,1,0,0,1,0,0,-0.7100636717190902,0.2819436416565791,-0.5408308881156891,-0.06978031321887439,0.5918732820097946,0.27076208138243496,-0.09756300238469338,0.3639839083999333,0.02302287744531292,-0.6257767628066137,0.2156600538810155,0.21840720638664937,0.3585960558392642,0.020346535385755815,1.1488734834129075,-1.443039142108201,-0.10578256783812157,-0.198962689136804,-0.9971070548845234,1.286800017252106,0.1559937481842563,0.6513368979596061,-1.4815882163931051,0.7404918513085599,-0.47461697320142154,-1.286800017252106,0.9971070548845228,-0.17467491285593337,0.7161642658861095,-0.7370670544973751,-1.2972608091701252,-1.262293393865864,0.5421051509486824,-0.9541866793037505,-0.6516131881728072,-0.728375060954584,0.16779843654230542,0.6552175733882943,0.12376363845877164,-0.671894953798262,-0.36386811417093057,0.47455723862252236,-1.1125787146405561,-0.7099875321636356,0.22417816752487937,0
0.10770514344524394,-1.1842838219399534,1.0038746524609323,1.478524768348486,1,0,0,1,0,0,-0.7605394197356201,0.4883662294735037,-0.5664172509504457,-0.026381589207777743,0.8732499130600327,0.3959760360112063,0.5526305311906603,-0.12266416829920454,-0.0445266754160564,0.506495697575719,1.3773443610320975,0.6824823663226082,-1.1767101320031854,1.2367817886054788,-0.9419208614133188,0.057373391712095385,1.6458308483861492,2.0905902181956284,0.8063022000563537,0.13114384342216406,0.4673315844799673,-0.7752352209683266,0.1185241825480587,0.9477346850463236,0.25043932158808596,-0.13114384342216406,-0.8063022000563543,1.3293608227620468,-0.7848207026180125,0.4456221671630917,0.4082452561251572,1.0931292786272029,1.0776900456576979,-1.4435419379712537,-1.814344742034923,0.9459245538203791,0.44535835866158957,-0.7105613285614767,0.06902433999712428,0.11904759955750843,0.49921072468027106,-0.5405845059150832,-0.5363722402842841,-0.5429799678216537,-0.1469716669968365,1
-0.6119022025574117,0.05256894469021735,-0.8790386569529866,-0.13478617003801185,1,0,0,1,0,0,-0.785777293743885,0.671529934156127,-0.08027635709007157,-0.4314363466446798,1.7822284741544445,0.8498766215405021,-0.6929402048283205,-1.356786555776207,1.4180094414268891,-1.0896811274515563,-0.3621175618362087,1.1312250926474152,0.817487288557471,-1.17369520939199,-0.9150567128251518,0.8670815132756076,-1.2919970740360096,0.009890699513813814,0.9304215895757753,0.6200753015809853,-0.20919220114701106,0.9455484005886843,-1.0671331102084198,0.19096672048420182,0.480426908450842,-0.6200753015809853,-0.9304215895757759,-0.9266927806649233,-0.4846237089171882,1.7374827015922172,2.02330781795781,1.2467438007463156,1.518759958947476,1.4925896140337656,1.0648000580046022,1.5040244254120325,-0.16527347000083534,0.9587239960437993,0.1785029369204177,-0.41256952646850126,-0.3130987707090945,1.4579758036433286,-0.8656330827735822,-0.7099875321636356,0.22417816752487937,0
-0.48340089077122306,-0.10203765113855341,-0.15484123025532542,1.0385308760612593,0,1,0,1,0,0,-0.5333985536612357,-0.049495443007215444,-0.1826218084290977,-0.3764646295639574,0.5102122570689022,0.25287437357832476,-1.1831778718580785,-0.29336396972977224,1.3933780878104227,-1.0667465345168887,-0.6669314226154834,1.493490860885258,1.6484565910178932,-1.2073361486541316,-1.398714549410721,1.3928503108635713,-0.9517117068327109,-0.47006401906048983,1.5251869889674952,0.5242815205937548,0.4388815784342278,-0.9985502753490071,-0.5051142880331191,0.4974047101942779,0.408117488935051,-0.5242815205937548,-1.5251869889674958,-1.0938078624002545,-1.2351161931692491,0.43652455776570404,1.1317932838261862,0.6322857122698633,-0.6865896075014126,2.3081817118129377,1.5077454118568363,-0.29429738304996345,0.16779843654230542,-1.0899443568808573,-0.7611883533378483,-0.8793552956620708,-0.6515610604546642,-0.09645999267988113,-0.7833178721512579,-0.6543183440496418,-0.45626319576493324,1
0.3647077670176212,-0.10203765113855341,0.27967722576327125,-0.13478617003801185,1,0,0,1,0,0,-0.48292280564470574,-0.13090153397727022,-0.68155588370685,0.09513483802329287,-0.46758293208315554,-0.17419465024480588,0.6678561613105011,-0.9558497372585065,0.14250937262208313,0.13587753071679193,0.5442934235556903,-0.3539283664334345,-0.9533162277156384,0.3334479959062959,0.13616328274749964,0.09596333808008205,0.4205579482505336,0.8104297517130876,0.3699083794759778,-0.8495867060811616,-0.5954929411121218,1.4483391493313928,-0.09838118636519162,0.23345628450567155,0.08361880727782642,0.8495867060811616,-0.36990837947597854,0.29881781872750485,0.11577027848446049,-0.018355912103706302,0.03355074177998182,0.20557870638343811,0.3530751881102058,-0.709509049969999,-0.9284540343304539,0.07776919801113909,-0.7481493064513315,0.8069707847160468,-1.0622544948769042,-0.944186652494511,-0.8038690908401701,-0.7626467625326843,-0.04248097655033679,-0.4316415915936655,-1.3841377820692236,0
-0.9974061379159777,-0.7719995663965628,-0.15484123025532542,0.3052077222492148,1,0,0,1,0,0,-0.5081606796529707,-0.08729112810045517,-0.822280879298011,0.7432224499223361,-1.4328391295953078,-0.6415110166271846,-1.1926223708809456,0.21976077796578114,-0.7689816993795043,-1.2280882641275972,-1.3675039317986326,-1.5004570404843804,0.6832141378618104,-0.5508281218414278,-0.5895710553291358,0.10689677373867013,-0.37535535192441366,-0.0033004449713111422,-0.47521987007162214,-1.5751271636218847,1.1079894692232521,-0.8922479052224799,1.15864469261301,1.2868720735151522,1.774599844027754,1.5751271636218847,0.4752198700716215,-0.3139374809687093,-0.25947596364157,1.1552357001593716,1.0413497803635572,0.8200367948598906,1.0146800580448727,-0.05703537174666111,0.17890935030013266,1.1939689411944467,0.9727222106882286,-0.8623145398892288,-0.12256320461863823,0.4821031978191731,1.0069041592986248,-0.44541496736468245,-0.5363722402842841,-1.1553410370755877,0.2860364732784985,1
-1.7427137462758722,0.3102466044048362,-0.15484123025532542,-1.6014324776621007,0,1,0,1,0,0,-0.81101516775215,1.8955286590987366,-0.579210432367824,-0.011915347870745526,1.5671797076776843,1.4670025407823037,-0.13487029882407123,-0.1333432663447162,2.8068344126380245,-0.66642805947186,0.47286982221748314,1.969897015901255,0.27175978486848273,-0.5449539269904345,-1.1245485189112527,1.9100475087042648,-0.1494291994177348,0.5566312794540514,1.2994551316290601,1.3979208031972914,-0.3569711092306152,-0.9435302019220564,-1.9176231296173463,0.7521298777646263,-0.07131182323929001,-1.3979208031972914,-1.2994551316290608,-0.48105256270404034,-1.009968447893631,0.19998671343360988,1.183475285804831,1.0589927181562884,-0.9701345517591269,0.18764225758709038,-0.3747723420151606,0.2638024885416898,-0.24854144663662048,-0.7864379342253526,0.4613226456389258,-0.6589286824317738,-0.3469449996836519,1.5848685217105287,-1.0302635040182315,-0.5429799678216537,0.7809029193074537,1
-0.5091011531284612,0.10410447663314094,-0.15484123025532542,1.0385308760612593,1,0,0,1,0,0,-0.8236341047562825,3.2154702769703394,-0.7839013350458762,0.48861660239056914,1.1681743538733984,2.095308277401674,-0.9771166374094729,-0.40666614437748405,-0.007237016986538448,-0.795471825984104,-0.616449061533631,-0.07452189474441048,0.8645396329701373,-0.2226341000305813,-1.4178689292548357,0.06345392718608535,0.5027939419988673,1.101671916490116,1.2718086794045298,-1.3630033399023458,1.1362511004411493,-0.8622279221295176,0.07365832201070961,1.573192983451948,1.8769821745941184,1.3630033399023458,-1.2718086794045305,0.02029268250195297,-1.1600669447440433,1.0642596061854894,0.9379857764062678,1.1272658390981163,1.4557499713346498,0.35076067714292497,-0.2086678343205727,1.2559800380379649,1.0837461795359422,-0.7864379342253526,0.0963939892279486,0.11904759955750843,0.7530574419894479,0.664896315723324,-1.1948939252628807,-1.712032918215528,0.5334696962929761,1
-0.48340089077122306,0.05256894469021735,-0.15484123025532542,-0.13478617003801185,0,1,0,1,0,0,-0.5333985536612357,-0.049495443007215444,-0.08027635709007157,-0.4314363466446798,0.6027541439129072,0.29535767961308645,-0.9073905809983668,-1.4709634985167337,1.6202863859352943,-0.959140215474108,-0.919889754032618,1.4755133770986564,2.079641415152548,-1.157808977551138,-1.3326459888433857,1.4947202844173897,-0.9897868680429034,-0.4796195290627718,1.3564759393421555,0.6670879417885637,0.10487960289202791,0.6839280680900514,-0.7129360339240127,0.31428083725902406,0.727646612967563,-0.6670879417885637,-1.3564759393421562,-1.038102835155144,-1.1600669447440433,0.5002078235474204,1.248077788278137,0.7176271134471482,-0.7180946013078251,2.145063292257104,1.4523772426253072,-0.17027518936292965,0.19555442875423396,0.8069707847160468,0.41570656358755365,-0.03654765684034838,0.09305597698558829,1.489698983160128,-1.1125787146405561,-0.9883334727336057,0.5334696962929761,0
-0.09789695541265715,-1.0039094601397194,-0.15484123025532542,-0.13478617003801185,1,0,0,1,0,0,-0.6595879237025604,0.09296521619038045,-0.5280377066983108,-0.0842465545559066,0.3961993940929838,0.1366042728516086,-0.02804122063975767,1.1752581198501337,-0.04697282221344722,0.5900747302766202,0.23338652388871903,0.7056163124535478,0.11198912389495497,-0.47413584890249866,1.0977687366235356,0.11920825551718812,0.45743852273821506,0.46089822819233567,0.9416775146057242,0.02843219803499119,-0.4347589537525002,-0.5133580309085077,0.18400622195908084,-0.3435646833957792,0.14656350188315584,-0.02843219803499119,-0.9416775146057249,-0.7595776989295921,0.26586877533487285,-1.6195351660440314,-1.3231018101594472,-1.1086788717467513,-1.1591645145976028,-0.6279498401920818,-1.0391903727935126,-1.9065859009814097,-0.19302946221276363,-0.17942508891434333,1.145563876409508,1.078551680677623,0.854596128913119,1.0772976494417266,0.2044646553166367,0.23638866577426285,1.1520527538291696,1
-1.485711122703495,-1.7511746733121147,-0.4445202009343899,-0.13478617003801185,1,0,0,0,1,0,-0.4955417426488382,-0.1082241229213264,-0.8350740607153893,1.8889487638152873,-1.7245911442326685,-1.5430514899543377,0.37817341899501405,0.02844157532794628,-1.925021933485068,0.20812512641833378,-0.40322559727533713,-1.335618582440244,0.07924151827715607,0.06943760091586616,-1.04610986163138,-1.0940772249407074,0.08488853372322788,0.19967232997258877,-0.22109974072011698,-1.6023404173227471,-0.4564781121974593,-1.0870068494612573,1.5321273730305334,-0.19698960175106758,0.7191541919732647,1.6023404173227471,0.22109974072011698,0.605195468575612,-0.5596729573423944,2.1195822962825224,1.06719078135288,1.0589927181562884,2.936484680236047,0.5954383064766764,0.7879592118469556,2.4962019749083075,-0.5816133531797613,-1.1658209625447336,-0.7703115697481222,0.054216242725068246,-0.025405824425361403,-1.016432198667086,-0.04248097655033679,-0.7099875321636356,-0.6418381130257917,0
0.05630461873076867,-0.514321906681944,-0.15484123025532542,-0.13478617003801185,1,0,0,1,0,0,-0.06649788450833415,-0.4361743751149757,-0.8478672421327675,3.2024834772178123,-2.7173943383207555,-2.8103955878755444,0.04632582713729217,1.46904976801739,-0.8445249631463837,-0.15769354465072033,-0.28404397640809703,-1.1821278872759642,-0.1237419427752344,-0.13147601753751612,0.7037408039998369,-0.9081248442913123,0.25589894742666575,0.8171909738125192,-0.3925077445122049,-1.2229970446133172,-0.19578647791889897,-1.3113248211086925,0.24191602708819374,0.46677882109993385,1.1670990132691481,1.2229970446133172,0.39250774451220416,-0.007559831120602114,0.8662627627365218,0.527500651739586,-0.05689276168264715,0.0519641842643253,1.8968198846244282,-0.8726274695258333,-0.8177176958673952,0.5738579727592754,-0.10976148557697851,-1.1658209625447336,0.3700904815361815,0.4432043837197094,0.6176725260912207,0.8552353928241243,-0.12479618717266176,-0.6543183440496418,0.5334696962929761,0
-1.7427137462758722,-0.10203765113855341,-0.15484123025532542,-0.13478617003801185,0,1,0,1,0,0,-0.81101516775215,1.8955286590987366,-0.68155588370685,0.09513483802329287,1.269648225209414,1.384271892188294,0.06762198903856022,-1.2543701083663137,1.228483750065993,-0.41038307754130954,-0.07079604727964683,0.6068371889490303,0.12072372990261081,-0.4799199711788402,-1.0311945212017226,1.81371387448031,-0.033595104914905805,0.8967862706220607,2.246877782862007,-1.4007724800268284,-0.5735604023372122,0.6886343054605402,0.14322908916400565,0.5210887310939035,0.9675755767461223,1.4007724800268284,-2.2468777828620077,-0.6481676444393714,-1.1600669447440433,-1.0099953364190213,-0.04397226118798574,-0.05044549714841698,-1.3796994712424915,-0.13859458152457876,-0.983822203561983,-1.0384305451721696,-0.859173275299045,-0.1035484832504671,-1.7921118076988587,-1.4628375071540325,-1.2100238385348534,-0.9529858396334858,-0.9479482933959068,-1.4893561657595522,-1.940862533851798,0
-1.0488066626304537,-0.2566442469673251,0.5693561964423357,-0.8681093238500562,1,0,0,1,0,0,-0.0412600105000692,-0.4600147303276346,-0.2721740783507456,-0.3492680958503368,-0.21832375161399545,-0.08386172583404945,-0.4599596799131495,0.12305520017901724,-1.3653692433133997,-0.7405084418405411,-1.4695022931052126,-0.2942539504619166,0.965643349305598,-0.4947129707151777,-0.12010095108010654,-0.6397174540842205,-0.23140865185948153,-0.41051965609904606,-1.6656268694518341,1.250621156711811,0.14527376026582547,-0.28921162036890713,1.2236511485112709,0.7709182733517266,1.5096324083164472,-1.250621156711811,1.6656268694518332,-0.6481676444393714,-0.40957446049198204,-0.9463120706373036,-1.0905328012555453,-1.1086788717467513,-0.37153966943728567,-1.2804235184154193,-0.762349526635866,-0.6043528672675491,0.27882240539001907,-0.1035484832504671,0.5799244589724931,1.1693155802430386,1.4638282504551436,0.12560226393772106,-1.6887851889968277,-1.4893561657595522,1.0901944480755505,0
0.4161082917320974,1.1348151154916164,-0.8790386569529866,-0.4281154315628296,1,0,0,1,0,0,0.009215737516460692,-0.4751330043649305,1.0199372448044592,-0.648429966700163,0.5059346958604831,0.13570988746140308,0.6086729419664304,0.49365663082482014,-1.7923161810506008,0.35344239414774886,0.173398306277616,-0.6545257739327751,-1.0247424521916078,0.1759816134631048,0.9177942353105216,-2.2776325516940896,-0.5003284768545583,-0.9375927793366973,-1.3328496965688592,0.42920901042807535,-0.6705357879023409,0.24186689891567278,0.16135520203702827,-0.9735950253684442,-1.1408031519054975,-0.42920901042807535,1.3328496965688585,0.3893384880008092,1.2227466927562505,0.855014590045561,-0.5898634070874228,-0.7374437766255613,2.2354985680433646,-0.3221028035248922,0.3588559003026031,0.8374051343442237,-0.7481493064513315,-0.02767187758659086,-0.6973258384659271,-0.5162996974004062,-0.8377153198147269,-0.9847090191502859,0.5337254978059351,0.848749735028197,-0.7036964187794109,0
-0.9203053508442651,-0.8493028643109486,0.5693561964423357,-0.13478617003801185,1,0,0,1,0,0,0.48873534367349464,-0.5879385875662921,-0.4001058925245282,-0.3070266711462027,-0.7159471060820791,-0.21488918549915656,-0.8171924114411976,-0.6220397672561749,0.14324464776950976,-1.0142420807593406,-0.09583991955347078,-0.9578958136995512,-0.48650821708867015,-0.8750434078577015,-0.18705077074808812,-0.49339812277645184,-1.1724351102823245,-0.8366322709629832,-1.6504213207283431,0.33041212922948743,0.26199287796848947,0.6663857460936471,-0.6916377624817944,0.2076090319330061,-0.6922119860647422,-0.33041212922948743,1.6504213207283416,-0.6551307728450102,0.19081952690966666,1.2189189659410893,0.734487893615353,0.17997628603025284,1.4084924806250314,-0.5260008279696852,0.2896456887631914,1.1474606185618093,0.7229182807808735,1.33810702436318,1.74769615948762,1.0396528665781584,1.0745966172477384,0.9821281108913258,0.7806711296729086,1.0714264874841732,1.2139110595827887,0
-0.8689048261297889,-2.5499754184274326,-0.4445202009343899,-0.4281154315628296,1,0,0,0,1,0,0.1858808555743153,-0.5263025472603935,6.201175718842657,-0.7878845331891535,1.2519989868670807,0.20413036981212454,0.3073004901880031,0.34444658338883793,-0.8540460257945602,0.9187444654483351,0.9076226587737737,-1.347257721871024,-2.045159585918545,-0.883771478296442,0.39796627996728584,-0.5714732114418953,-2.50196414722332,-2.163378540617337,-3.5663204598883063,1.6995343650485126,-1.3103628600818849,-0.07408986250736457,0.5932340631396983,-3.7220693203875994,-3.2920719855476093,-1.6995343650485126,3.5663204598883063,-0.20252742647848845,2.067050737539819,4.539546395987784,3.367039869402578,1.673450806632741,3.535079562557888,-0.22015379130249568,2.7812133041820113,5.100668042336026,-1.3429205681355114,-0.5046105417595268,-1.3541974200056863,-0.8978785404713397,-2.111784081928405,-1.6735552029436611,0.028074918268798287,1.127095675598167,-2.046905343715145,1
1.8039224590229344,0.7225308599482267,0.27967722576327125,1.478524768348486,1,0,0,1,0,0,-0.19268725454965888,-0.37802716727922225,1.301387235986781,-0.6715759528394145,0.7773641666016738,0.22827877534767327,-1.0906841587681186,-1.540654667596554,0.11127923698913096,-0.010647857995209169,0.4930733992637398,0.9918535535448071,0.038606935354070636,-0.576531483398259,-1.0347076135335411,-0.3016217451106323,-0.39975129599626835,-0.16724296386452656,0.42176776227307794,0.9344658179137063,0.9405594078150318,1.0780495086857764,-0.45522321038662444,-0.3820019729985937,-0.804299770800416,-0.9344658179137063,-0.4217677622730786,-0.45320004908148526,-0.8598699510432187,0.527500651739586,0.279040251178545,0.10316902497069583,0.7941451013999841,0.6769975162545934,0.5111183656893089,0.015758101167622184,0.8894542340524437,1.0346006017076752,0.06902433999712428,-0.17917664187171697,-0.3130987707090945,-0.0647368131630805,0.12214944469431245,0.6817421706862145,0.40975308478573785,0
-0.7147032519863632,1.547099371035007,-0.4445202009343899,1.0385308760612593,1,0,0,0,1,0,-0.3062576875868511,-0.3373241217941949,-0.24658771551598904,-0.3533186434247058,0.07660068919937087,0.013626281698351053,-1.6031531600343223,-0.9803748204668551,-0.8998445486739474,-1.3802786514152652,-1.5278987227053107,-0.05680362266449068,1.618430841442904,-1.2053207849281617,0.08409477242055428,-1.1631496997376387,-1.4896479453663238,-1.394588049611282,-0.3471945350124867,0.266869946255213,1.0248811676640304,1.4298395050888357,0.061264368501201205,0.38755800692677866,0.6247993739247155,-0.266869946255213,0.347194535012486,-1.2330704305130304,-0.25947596364157,-0.9918001176242447,-1.3618633116434313,-1.7572735206941175,-0.08799472517957138,0.4323198869208419,0.6772228733838963,-1.2864749325462383,0.6674062963570164,0.9587239960437993,-0.7338187041070253,-0.5940973255993336,-0.4146374576327655,-0.28679906978068154,-0.7833178721512579,-0.7656567202776299,-0.45626319576493324,0
1.3156174742354179,-1.158516055968491,-0.4445202009343899,0.5985369837740325,1,0,0,1,0,0,0.16064298156605036,-0.5175804660850305,-0.16982862701171944,-0.3891949219405457,-0.2617506090312486,-0.09727750668713209,0.005123543034882572,0.060449557041090764,0.5696812920807297,0.1679414240155701,0.016221137175406214,0.6739846506423718,0.39242704596697425,-0.5389683705853932,-0.3214684789644155,0.13206092590482943,-0.5321326947407409,-0.601128472320434,0.2430696413654208,0.678161166961424,-0.5456552567291958,-0.40500897934186997,-0.6460649160834013,-0.7545317002790617,-0.6079732258312934,-0.678161166961424,-0.24306964136542153,-0.6760201580619267,-0.5596729573423944,-0.9008240236503626,-0.7029177864157086,-0.8526546682148961,-0.9071245641463012,0.4323198869208419,0.34501385799472056,-1.1004416420156866,-0.38732140769626244,-0.17942508891434333,0.7258959215368835,0.2487103132223888,-0.07617516788719629,1.0772976494417266,0.5337254978059351,1.0157572993701793,0.904619530814692,1
-0.5348014154856993,-0.30817977891024867,-0.8790386569529866,-1.6014324776621007,1,0,0,1,0,0,0.6780193987354818,-0.6106159986222359,0.27793272259651985,-0.5494808759548626,-0.20802964182875028,-0.0449559613601098,-0.3268883042895349,0.1773501409632551,-1.829723915221247,-1.3625054279823166,-0.07197049521765962,0.6884680982238772,0.31818015085550266,-0.8196537300733879,0.8916124243729041,-2.6595595521139184,-3.1914299208858163,-2.1673181049712924,-0.9053494332772469,1.836902917970851,-0.36444220494580437,0.649779119443531,-0.1713069747076061,-1.323910347291599,-2.022399126656499,-1.83690291797085,0.9053494332772463,-0.48105256270404034,1.6918044954137887,1.9922157647190868,-0.05689276168264715,-1.3134982345722352,4.165179438686142,1.8188264531454346,2.7812133041820113,1.3800022317249987,-0.24854144663662048,0.8069707847160468,0.4978155112800227,0.3265079414213163,-0.24540631275998087,-0.5723076854318833,0.36909507656128593,1.739456744852101,0.5334696962929761,0
-1.8969153204192981,-0.5400896726534062,-0.4445202009343899,0.3052077222492148,1,0,0,0,1,0,6.306065302578564,-0.7949426474615743,-0.2849672597681238,-0.3446388986224865,-1.6780127052651967,-0.34502225977405815,-0.009530177355931185,-0.4805929091007055,-0.5675885263629485,-1.1004498939201564,-1.0743229036872337,-0.6241179890366679,1.275613008489554,0.26876483544141616,0.14630353968206836,-1.3050085496846502,-1.0480906679784894,-1.4691397555754393,-0.671183982935474,-0.18555039652161812,0.28179860041726545,0.8061925245093517,-0.5354952080219813,0.44736804632182453,-0.0376566356739972,0.18555039652161812,0.6711839829354733,-0.016844002328120476,-0.18442671521636386,-0.9190192424451392,-1.3704769786398716,-1.6264167055556134,-0.24551969421163483,0.3235742738836193,0.7510470990259361,-1.307145298160744,0.3898463742377325,0.9587239960437993,0.48869229486974886,0.11904759955750843,0.2961333508329291,0.47455723862252236,0.2044646553166367,0.1250502895462747,0.2860364732784985,0
0.5703098658755232,-0.9523739281967958,1.4383931084795292,1.0385308760612593,1,0,0,0,1,0,-0.14221150653312897,-0.398378690021736,0.047655457083711085,-0.4910372609532525,0.15678891808061712,0.07310291014701742,-0.40428311574717074,0.1477762809402967,0.503550136887794,-0.31174570625318393,-0.1634175566483709,0.47686472007900493,0.9740763869209453,0.7563444869237078,0.4173072407943297,1.0226841105885824,0.1741103375906429,0.3487010695171651,1.433375560753391,-0.7712178265546397,1.3178960133875801,0.21522164967657226,0.3393289977068289,0.5937931673439193,0.5528895524027796,0.7712178265546397,-1.4333755607533916,1.5521809317424884,1.3165582532877582,2.4743890627806615,2.7985378476374834,2.765820741701989,0.7626401075935709,2.9606553900362758,2.172163442635189,2.1241353938472036,1.8331579692580091,0.7310941790521709,1.50136931641021,1.4805060930387524,1.6838287387897632,0.7917890337905242,0.5337254978059351,0.18071947766026855,1.275769365336409,1
-0.5862019402001745,0.05256894469021735,0.27967722576327125,0.5985369837740325,1,0,0,1,0,0,2.50776526433469,-0.7443545766444688,0.29072590401389814,-0.5500595256083439,-0.7221867467086976,-0.1473630885386406,1.380355223878832,1.092853005286275,-2.1090118644921096,2.1452493218999966,1.702315920897985,0.5638514270519713,-1.0725672057258007,0.6173450453987267,0.3814185929348332,-1.1268558091960388,0.72554295939139,0.5884449372666735,0.004530982273630621,0.7645323233097278,-1.3025736449677077,-1.1178782733830432,1.7507084563943411,-2.178657455180158,-1.6385921200049185,-0.764532323309727,-0.00453098227363133,0.29881781872750485,0.04072103005925432,-0.8280431484712572,-1.2197378062021575,-0.9209277891567239,0.3845801819166189,-0.38327221085833024,-0.4301405112466897,-0.6043528672675491,-1.2755131584779709,-1.1658209625447336,-0.6334633235940058,0.28760912732185256,-0.6346379459673855,-1.6826189685198898,0.12214944469431245,0.5704037944582268,-1.0748462533011267,1
-2.076817156919963,-0.9266061622253344,1.7280720791585935,-1.161438585374874,1,0,0,1,0,0,4.03465664183472,-0.7716837643272729,1.2758008731520245,-0.670418653532452,-0.5628332514913983,-0.07536506462709712,1.5927227523781462,-0.6649277034374762,-0.9957385001165995,1.562690933953898,1.1679760947668696,0.5130385162039703,-1.1572207363474811,1.1394996878532588,-0.16128425399986382,-0.42144697936690706,0.37429421487180436,-0.32316425794638204,0.1590389773671773,0.5419904249708541,-1.0761450965647559,0.7510631152942256,0.9376943170246124,-1.7399508990232424,-1.8339331250187052,-0.5419904249708541,-0.15903897736717798,1.2597295387056588,0.003196405846651406,0.5138542376435032,0.2015172482105774,0.3506590883848229,0.14829272836852378,0.5954383064766764,0.5664865349208381,0.44983577907224165,-0.859173275299045,1.2622304186993043,1.3371514210252706,1.7009327062690485,0.7192112130148905,-0.5405845059150832,1.6861384465184783,2.2961486259920414,0.5953280020465953,0
0.2876069799459088,-0.4370186087675581,-0.8790386569529866,-0.4281154315628296,1,0,0,0,1,0,0.7032572727437467,-0.6129418869356661,0.12441454558798068,-0.5095540498646537,-0.3142494084124031,-0.0776010281026109,-0.43810990337215766,0.386568356297489,1.0065243682882792,0.10849183250012659,0.13790363231187372,-0.2646314576072367,-0.32842895033909947,-1.1079819689380646,0.17442840325530706,0.9023109447891625,-0.8243227260198898,-0.7519738622597786,-0.83882515761197,0.471010832630124,-0.4978800429930766,-0.3558386554241215,-0.4692170492386907,-0.9639497708464893,-0.9134375926292361,-0.471010832630124,0.8388251576119693,-1.17736540326792,-0.25947596364157,-1.2010451337641732,-0.625394783447741,-0.8867912286858101,-1.6002344278873806,-0.6279498401920818,-0.319404172783631,-1.2864749325462383,-0.47058938433204756,-0.3311783002420958,0.014285041535478216,-0.23104172733766892,-0.5838686025055501,0.2207718024881207,0.36909507656128593,0.6817421706862145,-0.20882997275045564,1
-1.3572098109173063,-0.3854830768246345,-0.4445202009343899,-0.8681093238500562,1,0,0,1,0,0,0.19849979257844777,-0.5292099076521812,-0.3617263482723934,-0.32612210971108524,-0.500503649582034,-0.15496536435538744,0.38780392690064636,-0.07581648960668733,-1.533063895218666,0.685722104028059,0.37854515933956967,-0.30761613257082904,-0.29201368136828376,-0.4981926386421584,-1.190761767547555,-1.4115605015782557,-0.07493341977429048,-0.43951093854943685,-0.12950004961474557,-0.29111514316954507,-1.0370390150560749,-1.0888184872989548,0.6772675289980937,-1.00066901978626,-0.9212241343864241,0.29111514316954507,0.12950004961474487,-0.3696425082138195,-1.009968447893631,0.5547934799317504,-0.3153027715758717,-0.32353798091572933,1.3612349899154128,0.5954383064766764,0.7325910426154264,0.5118468759157585,-0.8314172830871166,-0.7864379342253526,1.209426391281428,1.4286410075727993,0.854596128913119,-0.0012904541294803558,1.1922471827845313,1.127095675598167,0.47161139053935697,0
0.930113538876852,-0.7977673323680251,-1.168717627632051,0.5985369837740325,1,0,0,1,0,0,0.11016723354952047,-0.5117657453014551,-0.42569225535928473,-0.2879312325813202,-0.5320811967845182,-0.1710643013790866,-1.236092156433302,-0.4026832735076073,0.3372622176840809,-0.9170270967005472,-1.0970481449699692,-0.7307181032741521,0.8808526321259549,-0.8445465029129268,-0.8633081595798031,-0.461823638389693,-1.2694335854917251,-1.489759383906483,-1.530099152568539,0.5209213695068188,0.8749553186171886,-0.3121477322814293,-0.9251369684050534,-0.019904167350190863,-0.028243762796078733,-0.5209213695068188,1.5300991525685383,-0.9823978079100336,-1.0850176963188372,-1.2829236183406676,-1.2843403086754637,-1.6207272788104614,-1.0016395455655394,-0.709509049969999,-0.04256332662598434,-1.3484860293897554,0.9449662184763004,-0.17942508891434333,0.39746013076700454,-0.16621037050522874,-0.1607907403235886,1.1407440084753266,-0.4540570296619595,-0.26463402725168356,0.34789477903211874,0
0.6731109153044746,0.7998341578626126,1.4383931084795292,-1.161438585374874,1,0,0,1,0,0,0.3499270366280375,-0.5658426485887058,-0.041896812837936774,-0.4592115300117816,-0.2643494168182071,-0.08028418427322742,1.5176846280234615,0.0975844401625748,-0.07545463564672923,1.4190337924724319,1.0717809412453225,0.11906413218326951,-1.1354907767036626,0.6654169434161337,-0.7001984049136619,-0.33140710074426694,0.04965287647507296,-0.28241563270948467,-0.7279513648365089,0.8843625762614299,-1.4455006503140757,-0.8353810976076906,-0.22988316079469553,-1.867788162844279,-1.6690916127227606,-0.8843625762614299,0.7279513648365081,0.32667033235006016,-0.8598699510432187,-0.8644335860608106,-0.8838047933409655,-0.8185181077439823,-0.6235796198885869,-0.6279498401920818,-0.3747723420151606,-0.6043528672675491,-1.46980510396147,-1.1658209625447336,-1.710002860006389,-1.5406351353529608,-2.005410219436941,-1.2702176348014877,-0.20711139779498602,0.23638866577426285,-1.7552876165909395,0
-0.09789695541265715,1.907848094635473,-0.4445202009343899,-0.4281154315628296,1,0,0,1,0,0,0.04707254852885811,-0.4954845271074442,0.009275912831576286,-0.4788856182301454,-0.030381809742602035,-0.010969316532300452,-0.14532528732351288,0.23304490612898085,1.1006236174283124,-0.4118185910195388,-0.2497418440953509,0.9093466336124835,0.910987186078729,-0.8382932459677284,1.2012274049697187,0.8098730403788059,-1.3329416338566902,-1.5571894107157578,-0.9919856992599327,2.224079690007158,-0.6355343844298489,0.8835017971513855,-0.690745054411514,-0.7653817588246958,-1.1956157485661754,-2.2240796900071573,0.9919856992599321,-0.8431352397972577,0.9413120111617277,-0.3549674598070702,0.09815324425328795,-0.4430159425639276,-1.3796994712424915,0.2692014673650073,0.8986955503100138,-0.6043528672675491,-0.6648813298155464,0.6552175733882943,-0.378013264106322,-0.6589286824317738,-0.8884846632765624,-0.28679906978068154,-1.0302635040182315,-0.04195727479570725,-0.2706882785040748,1
-0.1749977424843705,-0.9266061622253344,0.5693561964423357,-0.13478617003801185,0,1,0,1,0,0,0.9934928238387936,-0.6536449324206935,0.08603500133584588,-0.5055035022902847,-0.45410238268153325,-0.11203486562552299,-0.3739985147129231,-2.1234055877610722,0.7742206588419246,0.688249609396435,1.2045292398950331,-0.5548263122920899,-2.2513104685107237,-0.43757527683507114,-0.6534247238909546,0.6884816048338943,-0.8791847784779881,-0.77308001634327,-0.7532939460423284,-0.009609152108405178,0.0828339780202267,2.2598542638275236,-0.366527961237303,-1.8015653966749792,-2.320709172988601,0.009609152108405178,0.7532939460423277,-0.6760201580619267,-0.9349191994684248,-1.3284116653276086,-0.8321227913623208,-1.091610591511294,-1.5057194464681423,-0.9541866793037505,-0.762349526635866,-1.4725082230767892,0.22331042096616224,2.476256109321323,0.6072941082033162,0.3092195795993323,-0.4597657629321745,-0.2762246766084149,2.5367289562824986,2.7971713190179877,-0.1469716669968365,1
1.0329145883058024,1.6501704349208541,0.5693561964423357,0.5985369837740325,1,0,0,0,1,0,0.7158762097478791,-0.6135233590140237,0.5465895323614635,-0.5934582496194406,-0.08483216110493064,-0.013205280007814225,0.16612500189251955,-0.046579989531721724,-0.38874674524003755,1.0336141275952508,1.038286746391039,0.5172316570169883,-1.1424439652373763,0.3666771057828754,-0.5799547964428888,-0.24766995798010294,0.7115198328650535,0.6621237179874346,1.1709575367826512,-0.45589913793704195,0.13537858461122365,-0.5170534862165138,0.28254540126587796,-0.6908151166138944,-0.7033886827135943,0.45589913793704195,-1.1709575367826521,0.577342954953057,-0.3345252120667762,0.8186241524560076,0.5503707615664309,0.8371050750953478,0.9516700704320475,0.5954383064766764,0.06817301183707392,0.6978801664463103,-0.10976148557697851,-0.7105613285614767,-0.8524205174405927,-0.5940973255993336,-0.8038690908401701,-0.9847090191502859,0.8629863402952329,0.6817421706862145,-0.8892713360402683,0
0.13340540580248203,0.18140777454752677,1.4383931084795292,-2.334755631474145,1,0,0,1,0,0,0.03445361152472564,-0.49141422255894146,-0.2210013526812325,-0.35621189169211226,-0.2233201866634441,-0.10264381902836514,1.4954761124951879,0.823907949187431,0.44475389789027475,0.9321413364102288,1.4901692758187026,1.2089026937064375,-1.0336950294870662,1.0034679033632583,0.12018759493549012,1.512385891517209,-0.10294492464899342,0.5799705463924838,0.25295560183580257,1.3979208031972914,-1.076842632810596,-1.0104382227375495,0.9118084892756572,-1.361341233827022,-1.371064684597513,-1.3979208031972914,-0.2529556018358033,1.0229831729139398,0.19081952690966666,0.2454747604205509,1.0155087793742343,0.9224464762726329,-0.5920746260821743,0.02452383803125581,-0.09793149585751397,0.3258135853852078,-1.2200011740541141,-1.317574173872486,-1.8377278897502307,-1.2035120798242718,-1.5654092427677009,-2.1267434817550925,-0.5363722402842841,0.1250502895462747,-1.569712699330082,0
-1.4343105979890196,-1.9830845670552713,-0.4445202009343899,0.5985369837740325,1,0,0,1,0,0,-0.10435469552073157,-0.41465990821574694,-0.3361399854376369,-0.33248725589937944,-0.23963719528328867,-0.06194928377401448,0.03912466097092474,0.8119836721642559,-0.2054584851530583,0.041037612615060934,0.31629886339171925,0.3731649048379883,-0.3550316185888187,-0.22653743644320892,0.5819228007849064,-0.9546901203070868,-0.27204792458250476,-0.3373404680863978,-0.8963291925090734,1.3979208031972914,-0.28075733076477943,-0.5315155852877873,-0.6785028688401791,-0.32519723224408115,-0.7405513225431491,-1.3979208031972914,0.8963291925090727,-0.28608496734615396,0.41596727218528484,-0.30038180342274146,-0.7287587874050313,-0.7843815472730677,0.4790951633358572,-0.8726274695258333,-0.5962450189412776,-0.35630847989348147,-0.44283339212011924,-0.7105613285614767,-0.8068044353892204,-0.996051737960463,-1.0407926936620688,-0.4771381468814831,-0.8656330827735822,-0.32030321536567735,-0.7036964187794109,1
-1.1773079744166424,0.7740663918911503,-0.15484123025532542,-0.4281154315628296,1,0,0,1,0,0,0.08492935954125552,-0.5018807199693771,-0.029103631420558513,-0.46210477827918806,-0.087707635319706,-0.028857024336410634,-1.082269704809799,-1.2308744737061743,1.697428877091789,-1.2558629199227727,-0.36630729666650025,-0.3351002506020466,0.01409812797093019,-1.4577779861980675,-0.5939352165414824,0.997258729761935,-1.9794783656197088,-1.005521817158886,-1.1100395122473277,0.6438868985692391,0.04832778256871188,1.0944225820369005,-1.318293291042983,-0.26622707954152713,-0.5054789195944565,-0.6438868985692391,1.110039512247327,-1.3723329986258064,-0.5596729573423944,-0.018355912103706302,0.49868875958778525,-0.3747428216220998,-0.30852968182446,-0.13859458152457876,0.4557501964577793,0.015758101167622184,0.16779843654230542,1.2622304186993043,0.5251851605108457,-0.2829068128036209,-0.36386811417093057,1.2993599060593275,0.36909507656128593,0.793080546914203,0.6571863078002155,0
0.44180855408933456,-0.4885541407104817,-1.8929150543297122,-0.13478617003801185,1,0,0,1,0,0,-0.16744938054139394,-0.3832604159844401,-0.8478672421327675,3.2024834772178123,-2.6248524514767504,-2.7697010526211936,-0.09367262948722156,0.46836136924534,-0.7822681483635118,-0.5710010923398005,-0.8221719877982169,-0.5126187878509018,0.46241734809322854,-0.2766952563209917,-0.8196965965791903,-0.9202629600009863,-0.22032601368809024,0.1537070803203367,0.6225629626478131,-1.316601253463695,-0.1462165683685654,-1.4639947339903412,0.1446112399715608,0.5529141341777767,1.2189288980812039,1.316601253463695,-0.6225629626478137,-0.28608496734615396,-0.7848207026180125,-0.09113678728281299,-0.5478717804797735,-0.596630464683041,1.0461850518512859,-0.13859458152457876,-0.4301405112466897,-0.17027518936292965,-0.3040534310604773,-1.4693273852002382,-0.6882026220556532,-0.5162996974004062,-0.2792525417345383,0.09387908442092041,-0.6186874509066087,-1.1553410370755877,-0.5181215015185524,0
1.135715637734753,-1.0039094601397194,-0.4445202009343899,-0.13478617003801185,1,0,0,1,0,0,1.0187306978470585,-0.654226404499051,-0.5408308881156891,-0.01480859613815197,-1.177475325863861,-0.49170146376776175,-0.01654991994008115,0.25480707871735825,0.24168096018542254,-0.4840081658856354,-0.6663370310697448,0.13420651953098553,0.9726302761906366,-0.5639125326894024,-0.19129281923712552,0.23097445671209976,-1.0247352707215445,-0.9592170654027244,0.3041828515459608,-0.11864316273067908,-0.5404416917381512,-0.5413636591137787,-0.09827891502959304,-0.3622461466241782,-0.07021799302324962,0.11864316273067908,-0.30418285154596153,-0.5367575899491508,-0.18442671521636386,-0.009258302706318612,0.11107374474794844,-0.3064697006802721,-0.37153966943728567,1.0847935651441794,1.009431888773073,-0.35630847989348147,-0.44283339212011924,-0.4070549059059717,0.38833691435672935,0.2746428559553643,0.10997909147286698,0.5697267771729232,0.12214944469431245,0.06938110143228039,0.22417816752487937,0
-0.12359721776989524,-0.8493028643109486,-0.4445202009343899,-0.13478617003801185,1,0,0,1,0,0,-0.6469689866984278,0.08424313501501743,-0.4001058925245282,-0.3070266711462027,0.5650010954954711,0.3020655700396278,-0.5786275732741368,-1.725059439638686,1.4343686795181085,-0.6078006710559763,0.794333708435388,-0.5380730055356643,-0.8484988937490383,-0.4775450090947487,-1.705587107796047,1.1415177910167635,-0.5557737226257452,0.31892737410680094,-1.1334326641296226,0.3902573124670771,0.3274383796483061,0.6590784955565748,-0.8137147441207054,0.27000378488989324,-0.7213022175870502,-0.3902573124670771,1.133432664129622,-0.3696425082138195,-1.535313186870074,0.4456221671630917,1.002588278879574,0.700558833211691,0.006520256239666901,-0.7910682597479163,-0.3747723420151606,0.8219023601333442,0.7506742729928018,1.2622304186993043,1.5834782641026803,0.8321925247143505,0.9053654723749538,0.9186817518577256,0.6983559190505837,1.0157572993701793,1.0901944480755505,0
1.3156174742354179,-1.0812127580541053,-0.4445202009343899,0.3052077222492148,1,0,0,0,1,0,0.16064298156605036,-0.5175804660850305,-0.4512786181940413,-0.2723076919373254,-0.6061929097507244,-0.18761043109788852,-0.05672129867666046,-1.96012417508758,-0.7084040369729638,-0.5060270630421523,-0.52643739103342,-0.11046160388465634,0.5624061800166769,-0.5469913866197951,-0.33414350995334574,-0.04897638227646782,-0.6399266517635854,-0.692130325521095,0.18032674558006626,-0.3295023237687909,-0.467675001948185,2.3555943118063825,0.9191955092942122,0.04906960233714295,0.008663840488279919,0.32950232376879157,-0.18032674558006695,-0.6760201580619267,-0.5596729573423944,-0.8644335860608106,-0.7545997883943533,-0.9379960693921812,-0.7495995951142377,0.35076067714292497,0.2896456887631914,-1.1004416420156866,-0.3595654154843339,2.476256109321323,0.4521994292286506,0.8840576101803024,0.854596128913119,-0.6040308649486834,0.5337254978059351,0.4033962301162448,0.34789477903211874,0
0.33900750466038404,-0.5400896726534062,-1.6032360836506476,0.3052077222492148,1,0,0,0,1,0,-0.5838743016777656,0.026095927179264008,-0.2849672597681238,-0.3446388986224865,0.5225168612548611,0.28641382571103136,-0.4464417076349461,-1.3226894155340143,-0.6106423385337814,-0.08247981320330713,-0.17538680884192476,-1.2488131296532663,-0.5510489876189326,-0.2737092119895804,-0.7192000611556354,-1.6269484871287752,0.21061792447394867,-0.43504746771871283,-1.8495649588489131,0.13114384342216406,0.34730104245981086,1.0949538996525208,-0.8001577938353454,0.3202700350558605,-0.19672773587576847,-0.13114384342216406,1.8495649588489116,-0.23037994010104354,-0.6347222057676005,0.15449866644666885,-0.7287587874050313,-0.6136987449184976,1.0461850518512859,-1.1173050988595852,-0.4301405112466897,0.44983577907224165,0.41760236644966076,1.1863538130354276,0.36096726512590627,-0.127311556405765,0.008440404549195996,0.5697267771729232,0.2044646553166367,0.29205785388825667,0.34789477903211874,1
-0.6119022025574117,-1.9830845670552713,-1.6032360836506476,0.3052077222492148,1,0,0,1,0,0,-0.7479204827314877,0.3604423722348462,-0.016310450003180245,-0.4655766762000758,1.4657058363416688,0.6370128986715909,-0.22418624463560777,3.111105893642172,0.6836845292261331,-0.425004870036715,-0.6812959047688275,0.5487826614221324,1.3850226003923067,-1.3283211993096158,3.8709120959032837,1.61877701027588,-1.6012479176574976,-1.8151210517274665,0.02721105494791352,0.7214865042882422,-1.0155064607547903,-0.3922957129573013,0.6920951260480934,-1.0136158647572988,-0.8863943790416774,-0.721486504288243,-0.027211054947914228,-1.2052179168904753,4.018331196595177,0.5365982611369737,1.3514417922354265,0.512807750621665,-1.6317394216937933,1.9819448727012692,2.172163442635189,0.015758101167622184,-0.6093693453916895,0.4275877563966659,2.8516053451308254,2.9067959433524364,2.140752829946282,1.0455744699249259,1.1922471827845313,1.8507951210800897,2.822227009176893,1
-0.9203053508442651,-1.4934970135974959,-1.168717627632051,-0.4281154315628296,1,0,0,1,0,0,1.2711094379297079,-0.6763223434766373,-0.5280377066983108,-0.03563998366347836,-1.2356278673101813,-0.4925958491579672,-0.8482405410904004,1.3257274944722837,1.3835941762441089,-1.089013187850577,-1.1535033945360258,-0.24728378428764403,1.208443787286141,-1.0338966360982698,0.7267514729205536,0.7795819613575901,-1.452008617895872,-1.6074551771854522,-0.44151044698724556,0.10061909740348675,0.14644178409350175,-1.0915589198048707,-1.1080149010383402,0.031399669345148956,-0.06975620791941256,-0.10061909740348675,0.4415104469872442,-0.7874302125521474,1.3165582532877582,1.555530513644453,1.8036593095485693,0.9736513169790033,-0.24551969421163483,1.6557080335896,2.172163442635189,0.9459245538203791,0.5563823275093027,-0.7105613285614767,1.6199711297437773,0.6765972683164937,0.65151875506577694,2.251055291563333,0.6160407084282594,0.7374113588002092,1.646919199858125,0
-1.1773079744166424,0.28447883843337485,1.4383931084795292,-0.8681093238500562,1,0,0,1,0,0,-0.5460174906653681,0.011559125220325652,0.7001077093700027,-0.6073458413029915,1.0870531216297958,0.4782594919101131,0.9882979291967207,-0.4238104962062352,-0.31415317646269875,1.381023316326784,0.7762070083564325,0.6651971459800461,-0.6414587273598552,0.4674677816177009,-0.5507479352086406,0.19403594814618377,1.1399169443503632,0.48797661178585583,0.10398440440281079,0.8041191033027003,-0.9071640289995624,0.02996601523008457,0.6244453315496318,-0.7353512751279546,-0.5326929418824954,-0.8041191033027003,-0.1039844044028115,0.4659329004628361,-0.4846237089171882,0.11810822885711679,0.2015172482105774,0.6664222727407777,-0.49755964466293656,-0.5463906304141645,-0.6516131881728072,-0.10826409251941274,-0.9979532363586869,-0.3311783002420958,-1.0713777112871794,-0.6329961396987983,-0.8546384343020056,-1.206771275767887,-0.6186874509066087,-0.32030321536567735,-1.0748462533011267,1
-0.38059984134227254,-1.7511746733121147,-0.8790386569529866,-0.13478617003801185,1,0,0,1,0,0,-0.34411449859924853,-0.33034645685390446,-0.7071422465416066,0.11249432762773152,-0.7871816369767712,-0.34099752551813334,-0.13549676766309496,-0.7008102515286657,-0.5328131359077737,-0.20249526729259135,-0.5806692916644514,0.5815706001007596,0.6412155498893226,-1.1461792997278293,-1.0840476350456603,0.5460894509397107,-1.1734129404691553,-1.1248656039767966,0.5444209881177456,0.2532428274968747,-0.9568372974767353,-0.1240910595951365,1.2771406396601679,-0.8899781431980408,-0.34331380695597086,-0.2532428274968747,-0.5444209881177463,-1.038102835155144,-0.9349191994684248,0.391036510778763,0.6278937645343975,0.08610074473523979,-0.43454965705011084,1.166352774922097,0.954063719541543,-0.4183195767369984,-0.8314172830871166,0.04820472807728505,0.534308376921121,1.1563493088765513,0.6684418695530556,-0.44541496736468245,0.5337254978059351,0.7374113588002092,0.6571863078002155,1
-0.020796168340944693,-0.6946962684821769,-0.4445202009343899,-0.8681093238500562,1,0,0,1,0,0,-0.29363875058271866,-0.3373241217941949,-0.579210432367824,0.017017134803318904,-0.45244945737500475,-0.2725770431674119,-0.14642042902225524,-0.03506330090962811,-1.1674618501265097,-0.33889017482149597,-0.4084519119488502,0.003419643150099556,0.24110458285655523,-0.39762214330141504,-0.1939846174477765,-0.20970854863372393,-0.976977291276295,-0.5878145641075702,-0.12752713319093578,0.13114384342216406,-0.19369818972408331,-0.14620405043912954,1.3852225921648722,-0.5109351954181057,-0.04287902316952797,-0.13114384342216406,0.1275271331909351,-0.23037994010104354,0.04072103005925432,0.74584327727690225,0.5116092600824467,0.06903246449978255,0.8886600828192224,0.35076067714292497,0.4557501964577793,0.3258135853852078,-0.10976148557697851,-0.02767187758659086,0.36096726512590627,1.0526191379446466,0.7530574419894479,-0.667477223982284,0.2044646553166367,0.29205785388825667,0.6571863078002155,1
-0.5862019402001745,0.7998341578626126,-0.8790386569529866,-1.161438585374874,1,0,0,1,0,0,-0.7983962307480176,0.671529934156127,-0.041896812837936774,-0.4592115300117816,2.0032063833954625,0.8713418709054344,0.273029049616836,0.17684749420706564,0.5118106315222699,0.3687966945894861,0.6037701744241074,0.826143499870887,-0.19897439376864465,-1.1934987429367678,-0.6358652278581967,0.7097191359836532,-1.3643192649549096,-0.32479867273032326,0.8959232616594694,0.23819541748766626,-1.572183421131887,-0.8797245622881167,0.013537007562428987,-1.8510561704616668,-1.1020334839672712,-0.23819541748766626,-0.8959232616594701,-0.9266927806649233,-0.10937746679115769,1.9649229365269225,2.126671821915101,1.2979486414526862,1.518759958947476,2.3081817118129377,1.8953225964775422,1.6900577159425842,-1.5530730805972546,-1.1658209625447336,-1.564031397441998,-1.3202085221226638,-1.8192559600768776,-0.8895394805998851,-0.04248097655033679,0.06938110143228039,-1.6934293108373202,1
-0.09789695541265715,0.1298722426046032,-0.4445202009343899,1.0385308760612593,1,0,0,1,0,0,0.04707254852885811,-0.4954845271074442,-0.7839013350458762,0.5175490850646336,-1.6285130175121179,-0.781035137499244,-1.5949094082136348,1.7094905305073274,-0.11939773193412827,-1.9116982487331935,-2.546058306881729,-1.5446289281895433,2.198662161515797,-0.8717566209717617,1.328438249454252,0.30261169590263554,-1.1240812895430015,-1.5144790541643525,-0.8856385367838302,-1.2283241134096814,1.3467114124407724,-1.015529126133106,0.4673162700231009,1.4679612367511254,1.8314064676466069,1.2283241134096814,0.8856385367838302,-0.9266927806649233,0.8662627627365218,-0.7370670544973751,-0.4832692780064673,-0.8697229484503528,-1.3166894836296663,0.10608304780917345,0.6218547041523672,-0.9764194483286528,1.1115021717478706,-1.0140677512169813,-0.31415074923440073,-0.03654765684034838,0.549980068142106,-0.0012904541294803558,-1.1125787146405561,-1.6006945419875402,0.16231986177126023,0
-0.1749977424843705,-0.514321906681944,0.5693561964423357,-0.4281154315628296,0,1,0,1,0,0,0.9934928238387936,-0.6536449324206935,-0.46407179961141953,-0.2717290422838441,-1.0268547820295204,-0.2927007144470359,1.0088253309708455,-1.499099117432754,0.2951375012666819,1.287772677938733,1.296100487174536,0.007538107871760079,-2.1341366365872307,-0.27571999631991356,-0.659654350092108,0.8999669979594318,-0.7105843245823684,-0.5357566702285947,-0.5252107151899512,0.5311786728248358,-1.678292351859634,1.3967333379395734,0.5009171890664409,-2.4443010602751745,-2.2080562230024263,-0.5311786728248358,0.52521071518995055,-0.48105256270404034,-0.8598699510432187,-1.0008977270216337,-0.44450777652248397,-0.6819718658603261,-1.3796994712424915,-0.8726274695258333,-0.762349526635866,-1.1624527388592034,-1.6085850650211115,0.8069707847160468,-0.9801455471844351,-0.6070635969658218,-1.4469474413567518,-1.3336639938350878,0.9453015509175579,1.4054416161681371,-1.4459960878228426,0
-0.7918040390580765,1.6501704349208541,-0.4445202009343899,0.5985369837740325,1,0,0,0,1,0,-0.571255364673633,0.026095927179264008,0.5465895323614635,-0.5934582496194406,1.078779301381582,0.4787066846052158,-0.37700565740119735,-0.3597467918230041,-0.18621934586558136,-0.34297871997002055,-0.27718139047670715,-2.001842923458088,-0.7863031173429263,-0.08542331067810933,-1.1280927510640197,0.08094174821872015,-0.861338182109025,-0.7972588400295103,-2.033601148560336,-0.7133741297612556,0.4388815784342278,-0.6363347919549133,0.33590673515063896,-0.39074607354170776,-0.4180187006009933,0.7133741297612556,2.0336011485603347,-0.03541234474315745,-1.009968447893631,0.21818193222838655,0.22735824919990022,-0.135786898325702,-0.05648973137315825,-0.709509049969999,0.2896456887631914,0.7598912632898273,0.16779843654230542,-0.7864379342253526,-0.7611883533378483,-0.4903671546674297,-0.6007917169928287,-0.9212626601166852,0.7806711296729086,0.45906541823023866,-0.8274130302866491,1
-0.020796168340944693,0.18140777454752677,-1.6032360836506476,-2.334755631474145,1,0,0,1,0,0,0.07231042253712305,-0.500717775812662,-0.2210013526812325,-0.35621189169211226,-0.2513362086653109,-0.10979890215000922,0.02685788258869216,0.6177632328286117,-1.7431600990424514,0.4047388779247574,0.27877420940532693,0.7816251452814724,0.05600919968127823,-1.0730953191700627,-0.11648603177310601,-1.2629142935269426,-1.1086687296136917,-1.2589693194889775,-1.2737915754233924,2.329374450090767,-1.1095707385511928,-0.9645925737808109,1.1138511815956145,-1.6461130467069909,-1.5915586274487294,-2.329374450090768,1.2737915754233915,-1.0659553487776992,-0.25947596364157,-0.4732363819731166,-1.0130097982875779,-1.3305665148076924,0.29006520049738066,-0.22015379130249568,0.4557501964577793,-0.4803306735805153,-1.2200011740541141,-1.2416975682086098,-1.6278939123139191,-0.9312203811280227,-1.430024326869473,-2.1267434817550925,-1.1125787146405561,-0.09762646290970158,-1.3222794763156045,0
1.726821671951222,0.5679242641194551,-1.168717627632051,-0.4281154315628296,1,0,0,1,0,0,-0.21792512855792381,-0.36058300492849626,-0.6431763394547153,0.04594961747738333,-0.7081567529422234,-0.3128243857266598,-0.3811440393544653,-1.3634433030286361,1.1707496509976754,-1.1546274885054515,-1.0317263639873233,0.5196299379175845,1.4677095078628877,-0.42782304648805836,-1.460466263677395,-0.29664639693284595,-1.178473109253452,-1.5803230162315813,-0.25948267924543644,0.966065021455771,0.10251431763135699,0.40830568011512497,-1.8985550137073464,0.39127348446482135,-0.2015830374554715,-0.966065021455771,0.2594826792454358,-0.3417899945912644,-1.3101654415944555,0.33645085439443295,0.12399424524260985,-0.3576745413866426,-0.18250970659880966,1.4925896140337656,1.839954427246013,0.139780294854656,0.6396503041450882,1.1863538130354276,2.130871248719146,0.5469345546516133,0.6853649840403343,3.1393043180337386,0.36909507656128593,1.0157572993701793,2.574793786162414,0
-1.4343105979890196,-0.23087648099586283,-0.4445202009343899,-0.4281154315628296,1,0,0,1,0,0,-0.10435469552073157,-0.41465990821574694,-0.6175899766199587,0.04016312094257045,-0.7459399378501645,-0.34994137942018844,-0.3215121919549874,-1.0848551224541032,-0.3711544273000407,-0.8422022970295229,-0.3919214775753225,0.4299937173750722,0.20677752167282568,-0.45947833324076515,0.814511505266956,-1.035188277773509,-0.5582698626121444,-0.63350791425674,-1.0383979846077995,1.6163306238481758,-0.012034807318170748,2.3049574470211835,-0.5328838501193768,0.5841901295664319,-0.10898006038078269,-1.6163306238481758,1.0383979846077986,-0.45320004908148526,0.7161642658861095,-0.082039177885424,-0.5995537824584191,-0.767313267037611,0.6366201323679207,-0.709509049969999,-0.319404172783631,-0.17027518936292965,-0.19302946221276363,1.717490052682561,-0.6973258384659271,-0.840456481562607,-0.5838686025055501,-0.5405845059150832,-1.1948939252628807,-0.6543183440496418,-0.332546584257695,0
0.7759119647334253,-1.8027102052550381,-0.4445202009343899,1.0385308760612593,1,0,0,1,0,0,-0.016022136491804253,-0.466992395267925,-0.4896581624461761,-0.2063416314404585,-0.542589835235557,-0.1996846338656629,0.001493734183973365,0.22397300360322975,0.14760226844114394,0.6869710706954463,0.9740512007480191,0.46221766645887324,-0.6592024976501776,0.1832660834439551,1.0003504987350926,-1.0697080400580967,0.13473671641935064,0.14235627318417338,-0.5860329100839196,1.2116300738185948,0.18104023747446996,0.6947191931389173,-1.2767306636725828,-0.7944509752398814,-1.127331072705809,-1.2116300738185954,0.5860329100839188,-0.007559831120602114,0.641115017460903,-0.6278957417287164,-1.0388507992769007,-0.9379960693921812,0.4790951633358572,-0.709509049969999,-0.5408768497097485,-0.29429738304996345,-0.08200549336504998,0.27583454506891375,-0.8889133830816909,-1.333174793489152,-1.4977167848185873,-0.12818317219668063,-0.6186874509066087,-0.09762646290970158,-1.0129879475475077,1
0.7759119647334253,-1.7511746733121147,0.5693561964423357,-0.13478617003801185,1,0,0,0,1,0,-0.3945902466157784,-0.2937137159173798,-0.8350740607153893,2.0191449358485776,-1.8954214363236201,-1.7863243160902362,0.2619531446537816,0.43344813739645666,-1.8276272090152441,0.5003506296930295,0.12157360934412736,-0.720013916910448,-0.04080962595988056,-0.05504577762844507,-0.3239960065070906,-0.8118266372142615,0.6616060697257825,0.9278208685762651,0.9676977049346941,-1.9417639089371364,-0.41925331670937993,-0.9194932582886699,1.6826201424598661,-0.019904167350190863,0.74778484615359,1.9417639089371364,-0.9676977049346949,0.29881781872750485,0.11577027848446049,1.4736520290679587,0.7441782689863493,1.0077878774499178,2.4324047793334436,0.8401159358104279,0.40038202722625016,1.814079909629618,-0.6093693453916895,-1.0899443568808573,-1.0713777112871794,-0.16621037050522874,-0.1607907403235886,-1.4288335323854886,-0.04248097655033679,-0.8213259083916238,-1.0748462533011267,1
-0.48340089077122306,0.3617821363477598,-0.15484123025532542,0.3052077222492148,1,0,0,1,0,0,-0.8236341047562825,3.2154702769703394,-0.5024513438635544,-0.08713980282331305,2.182214136639453,2.5402650090289147,-0.5383314306984935,-1.9247252805697546,0.6338377473375367,-0.3518729868775537,0.3053579043360937,0.3518608256509277,-0.2196862437606238,-0.19577786244272083,-1.7591429224774338,0.5306790446741094,0.6208279024539443,1.4167474656174548,1.3843233105508752,-0.8930588049066626,0.5529440254536889,0.879475088872721,-0.3331961728951279,1.0909600251234843,0.9861979218211084,0.8930588049066626,-1.3843233105508759,-0.45320004908148526,-1.760460932145692,-1.1646546961746211,-0.7545997883943533,-0.4942207832702994,-0.49755964466293656,-0.9541866793037505,-1.482135726645747,-0.9144083514851348,0.16779843654230542,0.35171115073279,-1.0622544948769042,-1.047916823426415,-0.6177148314801074,-0.3502454288142823,-0.8656330827735822,-1.266679413303576,-1.0129879475475077,1
-0.8432045637725518,-1.0039094601397194,-0.15484123025532542,-0.13478617003801185,1,0,0,1,0,0,-0.38197130961164594,-0.31115787826810587,-0.5408308881156891,-0.01480859613815197,-0.2513362086653109,-0.22785777365713644,0.6493796776338955,1.2134193363891292,-0.6156771215181965,0.5174738339959372,-0.6207948627024553,0.1780664225063157,0.5229346221884188,0.3201209763724284,0.903910519541729,-0.9133436934998225,0.49493543027663495,-0.45992895151349444,-0.45503125954306645,0.6941558255444445,-0.5831171416830785,-0.7599384044366546,-0.07617107901626828,-0.20830426469300575,0.3580326222943834,-0.6941558255444438,0.4550312595430657,0.6609004958207222,1.391607501712964,1.273504622325418,0.5245297605771081,0.7176271134471482,0.9516700704320475,0.18764225758709038,0.4557501964577793,0.8839134569768611,-0.6648813298155464,-0.8623145398892288,-0.642586540004281,-0.5811310542328463,-0.6177148314801074,0.062155904904119784,-1.0302635040182315,-0.8769950965056176,-0.5181215015185524,1
-0.7661037767008384,-1.0812127580541053,0.27967722576327125,0.3052077222492148,1,0,0,0,1,0,-0.785777293743885,0.6569931321971887,-0.4512786181940413,-0.2723076919373254,1.357548890776926,0.7157188130096758,1.1157812861497747,-2.2852720749342863,0.1614462064097971,1.116171780057073,1.575810896497596,0.9657410384916711,-1.3957035686843058,0.8356065775305915,-0.7623718508134103,1.1087739674732104,1.2362120123516318,1.6663591795950083,1.2589070016997488,0.06858695651968806,-0.7165927929027364,2.3728802572252103,0.8935085349146664,-0.2820693953630415,-0.4217559339288764,-0.06858695651968806,-1.2589070016997495,0.6609004958207222,-0.7848207026180125,-0.31857702221751816,0.279040251178545,0.785900234388976,-0.6235796198885869,-0.8726274695258333,-1.3713993881826885,0.015758101167622184,-0.6093693453916895,2.476256109321323,0.42482977999782756,0.8451587960808378,0.6684418695530556,-0.7626467625326843,0.5337254978059351,0.6260729825722207,0.2860364732784985,1
1.2899172118781799,-0.41125084279609675,-0.15484123025532542,-0.13478617003801185,1,0,0,1,0,0,-0.1295925695289965,-0.4041934108053113,0.8024531607090287,-0.626441279867874,0.5430896967558944,0.17327407385003446,-0.47262066161797595,-0.054342975365250235,2.0237425480344307,-0.1327059880231703,0.03769398242837192,-0.4675808660381062,-0.38830922456053224,-1.076678416818998,-1.0728916010779217,1.005236517123541,-0.43720105847652,-0.3398297264972658,-0.1984048918790851,-0.440948977121442,-0.4186138531283966,-1.0002118142636596,-1.7563581038707263,-0.25424385727889054,-0.38078160869130995,0.440948977121442,0.1984048918790844,-1.0659553487776992,-1.0850176963188372,-0.44594355378095224,0.11107374474794844,-0.06751377738387422,-1.1591645145976028,-0.22015379130249568,-0.1532996650890431,-0.4803306735805153,-0.4011994038022266,-0.9381911455531051,-0.008522999490207859,-0.9117709740782909,-0.939254006738398,1.3628062650929278,0.6160407084282594,0.4312308241732417,-0.30161743138088487,0
0.33900750466038404,-0.6689285025107157,-1.6032360836506476,-1.6014324776621007,1,0,0,1,0,0,-0.5838743016777656,0.026095927179264008,-0.7199354279589849,0.17325254124326683,-0.4048424178453047,-0.11382363640593401,0.7957222482155657,-0.11742274297386536,-2.3131748170357342,1.640587365870203,1.0402424304773525,-0.5098020895001674,-1.2322325687354903,-0.20910848859760775,-1.1158136288516027,-1.582141221999271,0.22713634309456945,-0.021406639029178713,-1.7990340422145457,1.0889508130082355,-1.315409894127532,-0.9566311987719996,1.5722881197114515,-1.9911031797041743,-1.3732655230450768,-1.0889508130082355,1.7990340422145448,-0.2582324537235989,-1.0850176963188372,-0.24579614703841146,-1.0000892977929163,-0.8697229484503528,1.0461850518512859,-1.4435419379712537,-0.9284540343304539,0.015758101167622184,-1.2200011740541141,-0.8623145398892288,0.16025650409986858,0.9618552383792308,-0.008482709938082702,-1.016432198667086,0.03983423407198747,0.6817421706862145,-0.023255055489598248,0
-0.35489957898503444,-0.6173929705677911,-2.617112481027373,-1.6014324776621007,1,0,0,1,0,0,-0.4576849316364408,-0.2559180308241401,-0.7711081536284979,0.3613136786246856,-0.9692823191250707,-0.4760497194391653,-0.35343017080515776,-2.866080494123168,-0.37061662745877677,-0.06402642629340842,0.5928296077996021,-0.20803286243408003,-0.7322791218052684,-1.7918777967556567,-0.33370876542251426,1.1232117278869134,-1.922271893181357,-1.092378494443518,-0.30219600057873947,0.01598230162442444,-1.298969925517335,3.599483308807304,1.6353648098669176,-1.8195963327407794,-1.8372025101436738,-0.01598230162442444,0.30219600057873874,-1.6787106484739132,-0.25947596364157,0.1908891040362222,0.7570987694810098,-0.135786898325702,-0.40304466324369825,0.8401159358104279,1.1201682272361313,-0.10826409251941274,-1.1644891896302574,3.842035011271095,0.6255405410238652,1.4416072789392878,0.46536449570571364,-1.4605567119022886,2.0153992890077768,2.2404794378780473,0.10046155601764112,1
-0.4577006284139859,-1.4934970135974959,-1.168717627632051,-0.4281154315628296,1,0,0,1,0,0,-0.7731583567397526,0.59012384318607225,-0.5280377066983108,-0.03563998366347836,1.073974337292604,0.48138984077583236,-0.8295261123694337,0.9210150007183662,1.8943767892546404,-0.46243651693019583,0.013729006910531683,-0.5146504705340573,-0.038647189141355495,-0.9208172883808731,-0.004694104489061128,1.4789738046343217,-0.5399767224260876,0.04908080056536296,-0.7768887630270574,0.06858695651968806,0.23340646726320227,-1.2688244434995548,-1.1034504909416858,0.08929022576568946,0.030069467574329784,-0.06858695651968806,0.7768887630270568,-1.0659553487776992,-0.4846237089171882,-1.4648758062884317,-0.625394783447741,-0.7843815472730677,-1.726254403113031,-0.8726274695258333,-0.6516131881728072,-1.1004416420156866,0.6118943119331598,-0.9381911455531051,1.464876450769113,0.5599008260181015,0.5669031826293847,2.187608932529733,0.5337254978059351,0.6260729825722207,1.4613442825972665,1
-0.38059984134227254,-1.1842838219399534,-0.8790386569529866,1.478524768348486,1,0,0,1,0,0,-0.34411449859924853,-0.33034645685390446,-0.5664172509504457,0.01412388653591246,-0.35891470326361646,-0.26497476735066505,-1.3335448812134816,-0.4420282500857576,-0.10579430596687368,-1.498330803286825,-1.047234253806392,0.7390031194951899,1.3454399644637742,-1.155768954331634,-1.297621883814842,0.3125537035230088,-0.9950848640476889,-0.9172197324145795,0.6912331826893902,0.3223554599919946,0.6994958982510966,-0.6932314718685878,0.4587106898633117,1.0374391335702149,0.46596927288871637,-0.3223554599919946,-0.6912331826893908,-1.0102503215325889,-1.0850176963188372,0.74584327727690225,0.8087807714596554,0.32505666803163763,0.06953024385249205,1.247911984700014,0.954063719541543,-0.10826409251941274,0.5563823275093027,-0.7105613285614767,-0.25028823436248077,0.015317428625603584,0.43151826673115745,-0.9212626601166852,-0.9479482933959068,-0.9326642846196119,-0.45626319576493324,0
0.2105061928741954,-0.02473435322416849,-0.15484123025532542,-0.4281154315628296,1,0,0,1,0,0,-0.6343500496942954,0.07261369344786675,-0.31055362260288033,-0.3330659055528607,0.6394803215394946,0.31324538741719665,1.150521901278779,-0.1332437212980151,0.6010814179509489,0.31001111946357607,0.33202803235757467,0.003657533526580121,-0.15253110904126743,1.3228702528196743,-0.6086846811735837,1.0156646303825783,-0.1561096175744554,0.44632591576965946,-0.5609884768922861,0.5613699807042828,-0.2780323408238627,-0.4268857624350464,0.19894656852529574,-0.5736006466638215,0.004097683000318061,-0.5613699807042828,0.5609884768922854,0.9951306592913848,-0.7097714541928067,-0.5642124759469986,0.007709740790658993,-0.05044549714841698,-0.7495995951142377,-1.1173050988595852,-1.0391903727935126,-0.23228628620644656,-0.3318094232724056,-0.482931511569848,-0.2959043164138529,-0.1532440991387405,-0.36386811417093057,0.030432725387320277,-1.0302635040182315,-0.9326642846196119,-0.45626319576493324,1
-0.5862019402001745,-1.5450325455404195,-0.8790386569529866,1.478524768348486,1,0,0,1,0,0,-0.7983962307480176,0.671529934156127,-0.5152445252809326,-0.046634327079622846,1.4350827726849007,0.5524934792971703,-1.1967767163372174,-0.8482149670164939,1.8450227152831526,-1.4748034182446297,0.48708073905128496,1.3180329531806632,0.8768246106423376,-1.2382435822938131,-0.5029202274702267,0.742624462599788,-1.3050530985646056,-0.3757771932751198,0.8796205120069857,0.9252428331319453,0.42690875919346216,0.6603872181672448,-1.7759418939362728,0.6982959588964638,-1.00010210615299,-0.9252428331319453,-0.8796205120069863,-0.9545452942874786,0.11577027848446049,2.2287536090511795,2.385081831808326,1.5539728449845414,1.550264952753888,2.7975369704804414,2.393636119561306,1.876091006473136,0.25106641317809053,0.4275877563966659,-0.4509989953885172,-1.2424108939237355,-0.939254006738398,-0.15990635171348128,-0.5363722402842841,-0.15329565102369538,-0.3944048900113141,1
-0.7918040390580765,0.18140777454752677,-0.4445202009343899,-2.334755631474145,1,0,0,1,0,0,-0.571255364673633,0.026095927179264008,-0.2210013526812325,-0.35621189169211226,0.5597558314287138,0.29535767961308645,0.799263698063305,-0.5144061762830657,-0.5175995172135879,0.5387118186630456,0.6926559151530609,0.19273537136528496,-0.535677905627598,-0.021452139945586635,-1.1010946693942971,0.3773919192176891,-0.575938128762951,-0.40456715448749425,-1.7923397754809332,2.0404888262716314,-1.1328303538634723,-0.3970138475695304,1.0868183629932795,-1.2988553018560276,-1.2954676969405174,-2.0404888262716314,1.7923397754809325,-0.007559831120602114,-1.009968447893631,0.08171779126756346,0.26611975068388355,0.017827623793410803,-0.24551969421163483,-0.709509049969999,0.12354118106860354,0.7598912632898273,-1.192245181842186,-0.7105613285614767,-1.208225957441296,-0.5551985114998699,-0.9900233502002335,-1.8729580456206907,-0.9479482933959068,-0.04195727479570725,-0.9511296417938885,0
-0.8432045637725518,-0.4885541407104817,-0.15484123025532542,-0.13478617003801185,1,0,0,1,0,0,-0.38197130961164594,-0.31115787826810587,-0.8478672421327675,3.2024834772178123,-2.370248636851212,-2.7142491584284523,0.3401040519487163,1.7141742741410708,-1.1625325538827174,-0.3998969180582864,-1.4590167140976145,-2.116744180055664,0.9022759417710232,0.36216383844451555,0.8042379683201025,-1.050022301007177,0.26742551000075676,-0.38396741959471237,-0.8079054238520522,-2.0857158361843093,-0.11105312315785817,-1.5470900454373304,0.5340497974812279,0.8054094950528365,1.5219237330382078,2.08571583618431,0.8079054238520514,0.5216379277079463,1.0163612595869336,0.6457695739056325,-0.04397226118798574,0.06903246449978255,0.8886600828192224,-0.30171300108041293,0.06817301183707392,0.38782468222872474,-0.4150773999081907,-1.6210805965279906,-1.290334905133765,-0.8663890242955825,-0.5330992590437151,-0.6040308649486834,-0.9479482933959068,-1.6563637301015341,-1.0748462533011267,0
-0.07219669305541997,0.0010334127472937634,-0.15484123025532542,0.5985369837740325,1,0,0,1,0,0,-0.7226826087232228,0.2761289208730037,-0.438485436776663,-0.27520094020473185,0.843988333151166,0.42504356119288533,0.4876861391382744,0.839818080182679,-0.6250332357398903,0.10850308665060565,-0.1419177383667342,-0.09411037649038408,0.3072575335097056,-0.42635138194877104,-0.23059981313945363,-0.6699261731613044,-0.35396704507514104,0.31703036257784034,0.3871222082195544,-0.5122984218604396,-1.1041447253668049,-1.3836865016137379,0.18123017540050937,-0.49756833275393686,0.49401845453898496,0.5122984218604396,-0.3871222082195551,-0.7317251853070371,-0.7097714541928067,-1.655925603633584,-1.6719553235153006,-1.689000399752289,-0.2770246880180474,-0.5463906304141645,-0.762349526635866,-1.534519319920306,-1.053465220782544,-1.317574173872486,-0.14993285384946126,-0.03654765684034838,-0.2284831982727022,0.5697267771729232,-0.12479618717266176,-0.3759724034796717,0.10046155601764112,1
-0.6633027272718879,-0.35971531085317227,-1.6032360836506476,-2.6280848929989626,1,0,0,1,0,0,-0.6974447347149578,0.17146394676864757,-0.4768649810287978,-0.2520549540654803,0.6491508839205281,0.3266611682702793,0.25924434845277095,-0.33346407018615565,0.36919909408406665,-0.4714639591749111,-0.7990177965168443,-1.109733061635479,-0.061154114432178046,-1.443843984758924,-0.8243145375622696,1.6944840449731706,-2.161740847574457,-1.6615126852173172,-1.4375436385994584,-0.08780526073650123,-1.8031574745071133,-0.3680903066111746,1.1980855199239235,-1.5066278274664042,-0.5833814817714561,0.08780526073650123,1.4375436385994576,-1.3166279713806959,-0.6347222057676005,0.6002815269186915,1.4548057961927168,0.32505666803163763,-1.0016395455655394,0.10608304780917345,1.009431888773073,0.3258135853852078,-1.6918530416568969,-0.4070549059059717,-0.21379536872138252,0.4172718409867329,-0.24540631275998087,-0.5723076854318833,0.6160407084282594,0.6260729825722207,-0.45626319576493324,1
-0.4577006284139859,-1.1842838219399534,-1.168717627632051,1.478524768348486,1,0,0,1,0,0,-0.7731583567397526,0.59012384318607225,-0.5664172509504457,0.01412388653591246,0.9932680292086238,0.4429312689969955,-1.6034200807098298,0.4468054629850796,1.0653731647180982,-1.9920511877224043,-0.9364742622486205,-0.5745114477308902,1.0260611191717248,-1.1755848426486648,-0.20939854574899253,1.8965610334035257,-1.0097532334345065,-0.23611724817389043,-1.0383979846077995,0.2463053852199044,1.054964130518646,-0.8230253863553217,0.44946012853981643,1.6898786167672766,0.9869398693053197,-0.24630538521990367,1.0383979846077986,-1.2052179168904753,-0.4846237089171882,-0.9554096800346926,0.046471242274642305,-0.3576745413866426,-1.6317394216937933,-0.709509049969999,-0.319404172783631,-0.6663639641110671,0.9449662184763004,-0.7864379342253526,-0.06782390615699217,0.1709126850234604,0.854596128913119,-0.794369942049485,-1.3595243465075295,-1.4336869776455579,-0.2706882785040748,0
0.5703098658755232,0.7740663918911503,-0.4445202009343899,-0.4281154315628296,1,0,0,1,0,0,-0.6217311126901629,0.043540089529990035,-0.029103631420558513,-0.46210477827918806,0.8715641831824683,0.3906097236699732,0.1024233112702678,-0.6682916545401173,-0.5584713895900133,-0.040193442624447843,-0.27070967166153254,0.12377168333981875,0.42101628771839766,-0.02005718747001133,0.030636820609475826,-1.8267164784371497,0.23103840270325854,-0.19526436860167212,-0.6980737954149119,0.8611509049874916,-0.1624630129745544,0.9479425631655838,-1.07222479449189,0.2833924731494611,0.16129818061335674,-0.8611509049874916,0.6980737954149111,0.5494904413305014,0.7912135143113154,2.3288273124224506,0.7312577684916879,0.8029685146244333,3.3775545935258244,0.8401159358104279,1.397009073393778,2.744246362282375,-0.27629743884854874,0.6552175733882943,-0.5057382938501646,-0.944186652494511,-0.7869459763528921,0.506280418139323,-0.8656330827735822,-0.5986491559356475,-0.20882997275045564,0
-0.48340089077122306,-0.07626988516709207,-0.15484123025532542,-0.13478617003801185,1,0,0,1,0,0,-0.8236341047562825,3.2154702769703394,-0.7455217907937414,0.27740947886989875,1.4350827726849007,2.258533611114179,0.11043088854280861,-0.9343870257954687,0.9240572570008433,1.2235233129098138,1.271473302896127,1.1375927362420288,-1.0928418495549552,-0.19083629569307617,-1.421282444986092,0.43915237150913994,0.913308766673453,1.6561002974909018,1.6643883009928626,-0.09917924017331377,-0.3442382168057003,-0.14133403606096714,-0.8219114447480774,-0.7472797214930708,-0.03611795866495009,0.09917924017331377,-1.6643883009928633,-0.5089050763265954,-1.535313186870074,-1.4284853686988783,-1.0259302987822392,-0.6649035856248688,-0.6235796198885869,-1.3619827281933365,-1.9250810804979817,-1.1004416420156866,-0.6093693453916895,-0.5588081172337243,-1.3633206364159602,-1.5017363212534962,-1.633101700716815,0.030432725387320277,-0.7010026615289333,-0.8213259083916238,-1.3841377820692236,1
-0.6633027272718879,-0.7719995663965628,-1.6032360836506476,0.3052077222492148,1,0,0,1,0,0,-0.6974447347149578,0.17146394676864757,-0.8094876978806327,0.6564250019001429,-0.6772137489839177,-0.37543136304104546,-1.705980464207804,-0.10291103764791915,0.19883770543573476,-2.6822768842915914,-2.838072588160176,-1.595464405046994,1.9257566749236705,-1.3792033962930512,-1.0210477254963488,1.8821011205003468,-2.1292354367799797,-1.5685517878004798,-1.14725589024189,-1.0381887348318013,0.9941235807318941,-0.8816145681115444,1.6195123125295214,1.5122696135294307,2.158247834997722,1.0381887348318013,1.1472558902418892,-1.2330704305130304,-0.7848207026180125,0.8368193712507843,1.790738809053908,0.615217432034406,-0.9701345517591269,0.2692014673650073,1.009431888773073,0.3258135853852078,0.7229182807808735,-0.9381911455531051,-0.5148615102604385,0.3394742127878045,0.9561348158367899,-0.9529858396334858,-1.277209135885205,-1.712032918215528,0.038603250264021984,1
-0.6633027272718879,-0.4885541407104817,-1.6032360836506476,-0.13478617003801185,1,0,0,1,0,0,-0.6974447347149578,0.17146394676864757,-0.8478672421327675,3.2024834772178123,-1.5897796604139562,-2.343079221493166,-0.9709615048740187,0.2679850931085309,0.9921880433194233,-2.05125909209873,-2.3195106562924597,-1.5110678323782967,1.96862014171603,-1.4816052629728511,-0.9939606616335656,1.8705967867543196,-1.9839137287912163,-1.4044262945981623,-1.358700052625797,-0.7133741297612541,-0.13025691318912988,-1.3635459214445913,0.5234150773078339,0.8039038041894414,1.6443285261755838,0.7133741297612541,1.3587000526257962,-1.3723329986258064,-0.8598699510432187,0.32735324499704527,1.2868392897621204,0.2738518273252659,-1.1906695084040155,-0.13859458152457876,0.6218547041523672,0.015758101167622184,-0.4150773999081907,-1.4693273852002382,-1.2264723902618437,-0.8145239388296306,-0.48232991558187904,-0.44541496736468245,-1.853415610241477,-2.213055611241474,-0.9511296417938885,0
0.13340540580248203,-0.4885541407104817,1.0038746524609323,-0.13478617003801185,1,0,0,1,0,0,-0.7605394197356201,0.5174398333913804,-0.8478672421327675,3.2024834772178123,-1.1907743066096708,-2.076999567907027,1.7617669298418668,-0.09426676501867451,0.2519002892662404,0.8179037672444952,0.2393926087677548,-1.0818853428492423,0.05653212772998247,2.1121836542051766,-1.3584880912151183,1.0038053814447812,1.852511949089816,1.9951281949008242,-0.16027754582615011,-1.3166012534636966,-0.33931078192634506,-1.2315194543236196,0.6643714675934691,0.7319839148087163,1.6366322462445995,1.3166012534636966,0.16027754582614942,1.07868820015905,-1.535313186870074,-1.7287064788126896,-1.0646918002662225,-0.3918111018575571,-1.6002344278873806,-2.0144564064166746,-2.2019219266556282,-1.0384305451721696,-0.6093693453916895,-1.3934507795363622,-1.3815670692365094,-0.892321567028559,-0.5838686025055501,-0.635754044465484,-1.853415610241477,-2.3243939874694624,-1.2604211705619852,0
-0.6376024649146498,-0.6173929705677911,-0.4445202009343899,-1.161438585374874,1,0,0,1,0,0,0.6906383357396142,-0.6030568616035881,0.8280395235437853,-0.6154469364517295,0.04597762554260028,0.011837510917940035,0.3104924640862623,-1.392582461337335,-0.39610188364286564,0.9391139955781967,1.1293098627456872,1.3728091631022448,0.3062608385892201,0.10058861823272854,1.0985953489213311,-0.24712977435347722,-0.9723384539180334,-0.9241671868734181,-0.7989105922128035,2.664697762972419,-0.33124036739795476,3.0119118352813623,0.29314295431078746,-2.2328365879570806,-2.370427514043952,-2.664697762972419,0.7989105922128035,0.2152602778598393,1.2415090048625523,0.49111021415003275,0.279040251178545,-0.135786898325702,0.3845801819166189,0.10608304780917345,0.5664865349208381,0.20179139169817292,-0.7481493064513315,1.33810702436318,-2.084054732827641,-1.657331577651353,-2.2084875932842825,-2.1267434817550925,-1.853415610241477,-1.0996718489615938,-2.3120123683735136,0
-1.9997163698482496,-1.158516055968491,1.7280720791585935,-0.8681093238500562,1,0,0,1,0,0,1.6875343590660796,-0.7001626986892963,0.7512804350395157,-0.6038739433821038,-0.31544736535348716,-0.07178752306627507,1.521919998340577,0.13207309809343776,1.2359790681862493,0.8704576337638614,0.6449998483797131,0.3938002513056692,-0.3821205291982656,1.8197844491418311,-0.5801272070986648,-0.15173309048496672,0.7378673660135288,0.014502042803248044,-0.22931895624632825,0.7645323233097278,-0.29795962561668043,-0.7624331728561285,-1.8421019146084165,-0.4442754565713074,-0.8243729701797743,-0.764532323309727,0.22931895624632756,1.8028535543454847,-0.4846237089171882,0.22727954162577424,0.11107374474794844,0.4103980692089227,-0.24551969421163483,0.10608304780917345,0.2342775195316623,0.5118468759157585,0.19555442875423396,-0.17942508891434333,2.2950891441040855,0.7025298110494701,0.46536449570571364,3.1075811385169376,1.0276167615398821,1.6837875567381073,2.141785645887079,1
-0.25209852955608386,0.0783367106616796,-1.6032360836506476,-1.8947617391869185,0,1,0,1,0,0,0.9556360128263961,-0.63794518630504,1.2374213288998899,-0.6663681059580829,0.08351785082342708,0.024358906380817166,0.10549076388702212,-2.3517192662793565,3.775894487176434,-0.9092172093234675,0.9004910691685191,0.3374548055551383,-1.1195057449081418,-1.2356402837578846,-0.24066174914358823,1.668384599374501,-1.2561073981438111,-0.9320316950168532,-0.27639264516917894,0.734370967124605,-1.3813246875403407,2.986718839711569,-3.4852086332103007,-0.017240802086844146,-2.0806300372721953,-0.734370967124605,0.27639264516917894,-1.1495128896453646,-0.18442671521636386,0.14540105704928116,1.002588278879574,0.3762615087380082,-1.2851844898232538,0.758556726032511,1.009431888773073,0.20179139169817292,-1.3032691506898992,2.7038859263129513,-0.11343998820836432,-1.8647919195151619,-1.751563502127764,1.0138512904081252,1.2745623934068555,1.9621334973080773,-0.5181215015185524,1
1.0329145883058024,0.7998341578626126,-0.8790386569529866,1.478524768348486,1,0,0,1,0,0,0.40040278464456736,-0.5716573693722812,0.7384872536221374,-0.6027166440751413,0.14888930704059058,0.026147677161228185,-1.587999435214322,-1.379481310098809,0.6636654406391386,-0.9958038908356027,-0.12703980145656074,0.07083027262659661,0.24200816977365794,-1.1838679718865706,-1.025627070112936,0.024636566999233358,-1.7092270992730147,-1.18409479544176,-0.4657107419241149,0.5584902876836534,1.0252449424396288,0.8659307064808472,-0.8824955163848058,-0.34957352065328307,-0.9908801386070345,-0.5584902876836534,0.46571074192411416,-1.0659553487776992,-0.8598699510432187,0.48201260475264507,0.42116575661981864,-0.32353798091572933,0.4475901695294441,0.8401159358104279,1.2309045656991897,0.38782468222872474,0.9449662184763004,0.8069707847160468,0.0051618251252043045,-0.4514683405679659,-0.5500223735309933,0.062155904904119784,0.36909507656128593,0.7374113588002092,0.10046155601764112,1
2.266527181453213,0.3617821363477598,0.5693561964423357,-0.13478617003801185,0,1,0,1,0,0,1.460393492991695,-0.6885332571221455,2.260875842290151,-0.7230757719992492,0.1816815676832799,0.029278026026947467,3.095948771609077,1.9052535399516255,-0.19914157697724857,1.591256377531813,1.4234472001617038,0.47664270390086405,-1.225071333158052,4.063557740688272,1.256058619089569,-0.00486991104438282,1.8788038848542723,1.8525474131528559,0.6006469349749696,0.05436948222367098,-0.24473311561632197,-1.3567283250110014,0.2673394160630453,-0.28669493569815757,-0.041899095063120104,-0.05436948222367098,-0.6006469349749702,4.393137321243117,1.5417059985633763,0.7913313242638433,0.6666552660183818,1.4686314438072563,0.9831750642384596,-0.9541866793037505,-1.2606630497196296,1.1939689411944467,-0.3040534310604773,-1.317574173872486,-0.3050275328241268,-0.127311556405765,-0.2284831982727022,-0.28679906978068154,-0.20711139779498602,-0.2089648391376897,-0.45626319576493324,1
-0.9203053508442651,0.6452275620338409,-0.8790386569529866,-0.13478617003801185,1,0,0,1,0,0,0.8546845167933363,-0.6234083843461017,1.339766780238916,-0.6698400038789707,0.1530419946615899,0.03822187992900256,0.5317857560298116,-2.410307491405566,0.25721273499039626,0.8987407903997048,1.1914430724407752,-0.9998070269017997,-2.0115799019136706,-0.7827374507934477,1.4961309648482344,-0.41613631628460623,-0.34202292566580916,-1.2135853890995079,-2.5183072555614885,1.1340089365774726,-1.521563076978831,4.807013831449107,-0.769795291242177,-1.5532849042855557,-2.7337642734729717,-1.1340089365774726,2.5183072555614867,-0.8709877534198129,0.9413120111617277,-0.8644335860608106,-0.9225662948249498,-0.9892009100985523,-1.0961545269847772,-1.2804235184154193,-0.26403600355210183,-0.5423417704240322,-1.46980510396147,3.7661584056072175,-0.7703115697481222,-1.0090180093269512,-1.4638705558440304,-1.3653871733518879,0.6160407084282594,1.461110804282131,-1.4459960878228426,0
-0.9974061379159777,-0.30817977891024867,-0.15484123025532542,-1.6014324776621007,0,1,0,1,0,0,0.791589831772674,-0.6135233590140237,1.007144063387081,-0.636278323977056,0.07019092913584785,0.01988697942978962,-0.6345610352715954,-0.2632546376529745,-0.708226492952112,-0.5469950253136652,-1.184399450323683,0.04840441965094214,2.0486453173517662,-1.4339928543045506,-0.22582726644459683,0.013713977199826326,-1.8359383157286073,-2.577794877444818,-0.16027754582615011,0.22497917377587734,-0.5504561973252271,0.13509645382039703,0.9819505661084033,-1.0815300164474708,-0.9769376782365558,-0.22497917377587734,0.16027754582614942,-1.3862592554370838,-0.3720498362793791,-0.5323708430561405,-0.44450777652248397,-1.1001447316290225,-1.4269569619521105,2.0227244775902276,2.365952034945541,-1.1004416420156866,-0.2855494362525249,0.5793409677244183,1.321946060341478,1.7138989776355367,1.0633145409228868,-0.2233527107470814,0.8904247438360077,1.127095675598167,0.7809029193074537,1
0.8016122270906633,-0.6431607365392533,-0.15484123025532542,1.478524768348486,1,0,0,1,0,0,0.4634974696652297,-0.5797979784692867,1.6851826785081292,-0.6941432893251848,0.42222545324641403,0.09054342525602485,-0.30410996475765856,0.0216680251725865,0.12631251220051526,-0.5029015672785824,-0.4127356723545241,-0.26926178986387933,-0.09046535917729848,0.17552856591805674,0.40913749901817176,-0.11120865032849658,-0.9050556205684419,-0.6798678187415106,0.3041828515459622,-0.6689258153831794,0.5982583837281944,0.38012492040320844,-0.2844274043310975,-0.2180500878152647,-0.1271820112786829,0.6689258153831794,-0.3041828515459622,0.1317027369921738,0.340918023760079,-0.09113678728281299,-0.1344157646506147,-0.47715250303484213,0.038025250046078915,0.5138790966987595,0.40038202722625016,-0.4183195767369984,0.8061862574166584,0.6552175733882943,0.8080048692293539,0.5210020119186368,0.39767203775660004,0.886958572340925,1.6861384465184783,1.4054416161681371,1.0901944480755505,1
-0.4063001036995106,0.0010334127472937634,-1.8929150543297122,-0.13478617003801185,1,0,0,1,0,0,0.5392110916900246,-0.5896830038013647,-0.7839013350458762,0.43653813357725313,-1.9200327946598796,-0.7908733767915046,-0.5686972447458285,0.2034086572299428,0.517808521485589,-1.2883068940464386,-1.6008027672823626,-0.6614252098536902,1.93828974889558,-1.110069413201338,0.23398693788099034,-0.021116700545256398,-2.247674489256543,-1.884364688725266,-0.6247379431982625,-0.28249761283093816,-0.3183809156768931,-0.04478178782488535,-0.7290818431200988,-0.48833604885526327,0.2414066416137395,0.28249761283093816,0.6247379431982617,-0.9823978079100336,0.41596727218528484,0.5729886987265271,0.47284775859846334,-0.5112890635057554,0.25856020669096863,1.5741488238116832,2.227531611866718,0.20179139169817292,-0.6371253376036178,-0.5588081172337243,-1.591401046672821,-1.6443653062848649,-1.68387104417865,-0.15990635171348128,-0.9479482933959068,-1.1553410370755877,-1.569712699330082,0
-0.020796168340944693,0.20717554051898904,1.0038746524609323,0.5985369837740325,1,0,0,0,1,0,0.3877838476404349,-0.5699129531372086,5.689448462147526,-0.7815193870008593,1.083818885972379,0.16567179803328763,0.8854979256262245,0.3472393897332821,-0.571639485790119,0.06953518107330292,-0.35112874712214653,2.2360190344117985,1.32401587161426,0.35452858023607564,-1.141452599326132,-0.5701751315380756,0.22315777251316118,0.055814273232741324,-0.4633576356367666,3.5092157361558383,-0.8770656409037396,-1.6200791161729637,0.20847930739552434,0.1273418836376168,0.5109763425729396,-3.509215736155838,0.4633576356367659,0.04814519612450831,-1.2351161931692491,-0.9372144612399159,-1.051771299771562,-0.9209277891567239,-0.30852968182446,-0.709509049969999,-0.5962450189412776,-0.8523972546416179,-1.0257092285706153,-1.6969572021918669,-1.4454295841084306,-1.1386807229918314,-1.0238695791747903,-0.857816301083085,-2.676567716464722,-2.213055611241474,-1.0748462533011267,0
-0.6119022025574117,-0.5400896726534062,-1.168717627632051,0.5985369837740325,1,0,0,1,0,0,0.8294466427850714,-0.6210824960326716,0.03486227566633282,-0.4812002168440706,-0.42884957498499143,-0.10577416789408443,-0.9188755235918502,0.2528076824749757,0.7379913221360388,-0.11709296058995876,0.6781785721905648,-1.9256334197390121,-1.8078431071349454,-0.6735114751145354,1.5678579375093769,0.8937315563930751,-0.6180717515821323,-0.3085890528890987,-3.5663204598883063,0.910698895591472,0.6047540532740117,1.223659185473922,-0.11074483718328547,-0.4546843332298999,-1.182942506458288,-0.910698895591472,3.5663204598883063,-1.038102835155144,0.19081952690966666,-2.4201247930141934,-1.7365578259886068,-1.8255466416359454,-2.135819322596396,-2.666930084640012,-2.2019219266556282,-2.0306080946684437,0.8894542340524437,1.6416134470186852,1.0452084958964885,0.8192262533478623,0.5669031826293847,-0.09645999267988113,0.5337254978059351,1.1827648637121608,0.7190446135538346,0
1.2128164248064663,0.43908543426214564,-0.4445202009343899,0.3052077222492148,1,0,0,1,0,0,0.980873886834661,-0.6396896025401126,-0.5920036137852022,-0.046634327079622846,-1.2786749721771822,-0.4559260481595413,-0.6994607841647518,-0.718870797533755,0.21423928330424105,-1.5233749607258706,-1.2990470071223021,-0.09762217076957494,1.2511212008898582,-0.5654781219624273,-0.4020689707723543,0.2571138068792043,-1.0267101756366528,-0.919077952066561,0.49988245718027835,-0.6289223324429117,0.40759817050507535,0.5838888613794884,-0.03449769738278075,1.039913056943331,0.791523995154909,0.6289223324429117,-0.499882457180279,-0.5089050763265954,-0.3345252120667762,0.15449866644666885,0.26611975068388355,-0.1699234587966153,-0.24551969421163483,1.247911984700014,1.0648000580046022,-0.17027518936292965,-0.05424950115312168,-0.02767187758659086,-1.4180599348776075,-1.21647835119076,-0.8038690908401701,-0.9847090191502859,-0.7833178721512579,-1.0996718489615938,-1.4459960878228426,0
-1.9997163698482496,-0.1535731830814779,1.7280720791585935,-0.4281154315628296,1,0,0,1,0,0,1.6875343590660796,-0.7001626986892963,-0.6559695208720935,0.10381458282551219,-1.6739294488390202,-0.618704189176944,1.4150554170329737,-2.045212006906005,0.22235283914319248,0.5426616507385289,0.6184005467304354,1.0150593868122892,-0.3462640519198211,1.9786017253591264,-0.58943705285349,-0.4208884966335874,0.997475506307841,0.4096767338372255,-0.29127919636700184,1.6733070988005811,0.009326527173321119,2.216632564318682,-0.7269161287578259,0.2559787568324846,-0.4039814040271665,-1.6733070988005805,0.2912791963670011,2.0720945193635183,-0.43459087663371765,0.4607848494920725,0.158448913228373,0.5640125913280355,0.3845801819166189,-0.35608580759902425,-0.26403600355210183,0.7598912632898273,-0.08200549336504998,1.8692432640103136,-0.323273965644676,-0.6329961396987983,-0.4992530300691578,-0.15990635171348128,-0.7833178721512579,-0.04195727479570725,0.16231986177126023,0
1.3927182613071303,-0.2566442469673251,-0.4445202009343899,-1.6014324776621007,1,0,0,0,1,0,0.3499270366280375,-0.5640982323536332,0.9559713377175679,-0.6322277764026869,0.2602605971942193,0.05476800964780448,0.6243764046410131,-0.09732449307495537,-1.248635432697267,0.7044650015988043,0.5037375540943505,-0.031077866170694343,-0.47725313676062026,-0.47526632925730933,-0.287644644917846,-0.22385442984666726,-0.3685810943937963,-0.6009260228952179,-0.22931895624632825,0.1850492459657866,-1.3430911059618085,-0.15457516970683371,1.4819743524747864,-1.3171654727348971,-1.2415707919526915,-0.1850492459657866,0.22931895624632756,-0.5924626171942612,-0.4846237089171882,-0.7370670544973751,-0.7287587874050313,-0.8185181077439823,-0.6235796198885869,0.10608304780917345,0.2342775195316623,-0.790386157798101,-1.2477571662660425,-0.1035484832504671,0.14201007127932075,0.8970238815467907,0.24536400737109418,-1.397110352868688,1.1099319721622063,1.3497724280541432,0.038603250264021984,1
0.13340540580248203,2.268596818235939,-0.15484123025532542,0.5985369837740325,1,0,0,0,1,0,-0.33149556159511606,-0.3256946802270442,1.4676985944126986,-0.682570296255559,0.986073671725099,0.2770227791138735,-2.959302594836649,-0.17923690403736328,-0.36020310952958756,-1.5866866618961988,-1.4321456837956554,-0.5465953398421934,1.0679022345721398,-0.15938278709162396,0.6312814646495551,-0.6642696809101796,-0.2344968942408517,0.036553071655670885,-0.4194329849395745,-0.3295023237687902,3.9557288926209986,0.8784121889092324,-0.17511724978837231,1.9109882094992596,1.8975464896447038,0.3295023237687902,0.41943298493957376,0.04814519612450831,0.9413120111617277,0.8914050276351143,0.369483754641173,0.2567835470898098,1.518759958947476,-0.22015379130249568,-0.04256332662598434,0.6978801664463103,4.164661315059994,1.1104772073715516,0.6711566230752374,0.4691369264526849,1.2607508766078017,1.1407440084753266,-1.1948939252628807,-1.4336869776455579,1.2139110595827887,1
0.6474106529472365,0.8771374557769975,-0.15484123025532542,-1.161438585374874,1,0,0,1,0,0,1.3342041229503703,-0.6757408713982798,0.09882818275322415,-0.5089754002111725,-0.5576742058534662,-0.12634503186881113,0.24451068644683113,3.530119105720852,-0.2724339579512681,0.5117557026258711,-0.928301555471038,-1.129624289339932,0.22680379416681792,-1.2419394999658238,4.1478603816579165,-0.5604303042032267,-1.2828306568148946,-2.3158079405496164,-1.30721036382667,-0.24419747799268982,-1.5809293765934653,-0.6899637834283108,-0.19075206092074395,-1.9633818584548324,-1.0540982319280252,0.24419747799268912,1.3072103638266694,-1.2702071153431038,2.942625302500557,-1.070646065734943,-1.1551353037288514,-1.512628170652567,-1.4532111234574547,-0.08422177500596675,0.6587668169733866,-1.5138489543058005,-1.5253170883853264,-0.8623145398892288,-0.8889133830816909,-0.840456481562607,-1.4638705558440304,-0.12818317219668063,0.6983559190505837,0.6260729825722207,-1.198562864808365,0
-0.7147032519863632,-1.0039094601397194,-0.4445202009343899,-0.13478617003801185,1,0,0,0,1,0,-0.6217311126901629,0.043540089529990035,0.7896599792916505,-0.6079244909564728,1.3227638923450773,0.5033022828358673,1.107864465350264,-0.3509858331491696,0.24138017156725713,0.8499770135530983,1.0811074726746526,-1.1610314909785453,-1.9568241924000205,0.08997937088545174,-0.914443150678987,-0.005292004793832094,-0.49397957478591437,-0.7226761745391252,-1.941727622588921,0.3422733367180179,-1.450606180286665,-0.4343300031389764,-0.3352927352748587,-1.6380857998312657,-2.111045289692,-0.3422733367180179,1.9417276225889217,0.15955525061472892,-0.7848207026180125,0.3182556355996563,0.26611975068388355,0.0519641842643253,-0.11949971898598452,-0.6279498401920818,0.34501385799472056,0.8219023601333442,-1.4142931195376127,-0.6346847228976005,-0.8250508682097696,-0.8534227529290943,-1.3623318689203594,-1.1116017372174867,1.1099319721622063,1.461110804282131,-1.3222794763156045,1
1.726821671951222,0.5163887321765315,0.5693561964423357,-0.4281154315628296,0,1,0,1,0,0,0.7158762097478791,-0.6036383336819455,-0.579210432367824,-0.0639938166840615,-1.1442883751978807,-0.4147843202100879,1.00058181062474,-1.8565299401683393,1.0942557700021966,0.23786865338005375,0.8100336178583533,0.925866208960296,-0.3989378244951779,0.7496368393110461,-1.0517895355605533,0.6806293541021625,-0.3727732625663538,0.09731456868513083,-0.06904425348519842,1.3312483316301793,-0.6423050673974541,1.494485938896625,-0.8119174341503002,-0.6909807907763684,-0.9580746398167455,-1.3312483316301793,0.06904425348519772,0.24311279148239442,-1.2351161931692491,-1.3102164465328319,-0.8192022908676594,-0.9038595089212672,-1.1276595207911904,-0.709509049969999,-0.762349526635866,-1.1624527388592034,-0.3040534310604773,2.3245028979935705,1.811558674359541,1.0137203238451828,0.6345956405784983,1.6165917012273294,0.4514102871836102,1.4054416161681371,2.079927340133461,1
-0.8432045637725518,-0.87507063028241,0.5693561964423357,1.0385308760612593,1,0,0,0,1,0,0.8925413278057338,-0.6298045772080346,0.11162136417060241,-0.510132699518135,-0.39918820201417055,-0.09012242356548801,-1.473913940509802,-0.01934879479757957,-0.815569624169366,-1.5427461740148758,-1.322118509271243,-2.081643850982105,0.41759897987206146,-0.904428993213411,0.0125200011661352,-0.5085300085714723,-1.350455353060047,-1.1345224997465435,-2.018119135314598,-0.8375679493470506,1.1458184198652983,0.039099090406217396,0.6038873818164041,0.7450621402745057,0.6111784099667873,0.8375679493470506,2.0181191353145973,-0.7595776989295921,0.23251355381255878,0.6882250844267777,0.2948319740053528,-0.2799190425362273,0.8396523146759128,-0.7638818564886103,0.1973654067106424,0.6220888258597909,1.6943780081983673,0.5793409677244183,1.6382175625643265,1.7657640631014886,2.039214143022611,0.506280418139323,0.28677986593896093,-0.09762646290970158,1.3376276710900281,0
0.004904094016293398,0.20717554051898904,-0.15484123025532542,0.5985369837740325,1,0,0,0,1,0,-0.7605394197356201,0.43603374242132564,5.689448462147526,-0.7815193870008593,2.915772294825501,0.9393151605610532,-0.9551814645942531,1.0611189371401542,-0.6422676363677435,-1.271233698708709,-1.0909809134010935,0.6619902907224694,1.2466216283339373,-0.2621553429814111,-0.06270449885989128,-1.132265731247026,-0.33461571983056604,0.3817135765937689,0.7781220325379118,0.13114384342216406,1.066260548388408,-1.5192350327280177,-0.2598164896045218,1.3855554939302612,1.7909976322888665,-0.13114384342216406,-0.7781220325379125,-0.5924626171942612,-0.5596729573423944,-1.5649495096597015,-1.7882398279672513,-1.7914100811650315,0.16404522527173035,-0.7910682597479163,-1.149926711256571,-1.5965304167638241,0.22331042096616224,-1.6969572021918669,-1.9928225687248964,-1.7869942913162333,-1.277716296483967,-0.6992004034990842,-2.2649916633530998,-2.4914015518114443,-1.6934293108373202,1
-0.5348014154856993,0.43908543426214564,0.5693561964423357,0.3052077222492148,1,0,0,1,0,0,0.04707254852885811,-0.48618097385372366,-0.5920036137852022,-0.046634327079622846,-0.8038477716495906,-0.33786717665241406,0.020816639228835258,-0.3067500649970898,0.2978574960876993,-0.9859391637981273,-1.3307668522786393,-1.088232984631399,0.6833833761529733,0.5742925956018546,0.9057459683303785,0.09455090982984174,-0.18493696103272034,-0.9351409106179287,-1.043325708731153,-0.44946226314143684,0.5448803512612467,1.3283805186960536,-0.31216662951306173,1.1485598779727137,0.817078994743958,0.44946226314143684,1.0433257087311523,0.7723105503109431,1.1664597564373458,0.7549408866742913,0.6924962670077037,0.5810808715634928,-0.40304466324369825,0.02452383803125581,0.6218547041523672,0.6358690696027934,0.029018475482663446,0.5034643620605421,-1.481922449749529,-1.385039878955104,-0.939254006738398,-0.857816301083085,-0.9479482933959068,-1.211010225189582,-1.4459960878228426,1
-0.14929748012713334,1.3924927752062353,-0.4445202009343899,-0.4281154315628296,1,0,0,1,0,0,-0.6343500496942954,0.10168729736574346,0.34189862968341117,-0.5587392704105633,1.1543153755119726,0.5100101732624086,0.33203802107809927,1.6159118790109832,-0.4437297298887678,0.6298692144170194,0.2906165183765331,-0.6653981368844999,-0.6936804399883064,0.0503640465776456,2.415215853077027,-0.857171265672361,0.4850772079822289,-0.29234811011098,-1.4375436385994584,0.5182145811312309,-0.41138378909179635,0.20162045573574852,-0.25478105092710424,-0.36991841697168415,-0.6632367356946975,-0.5182145811312309,1.4375436385994576,-0.09111737198826762,1.9169522406894068,-0.50962681956267,-0.8450432918569822,-0.6307670251539549,-0.2140147004052217,-0.709509049969999,-0.09793149585751397,-0.046252995675895824,-0.6371253376036178,-0.2553016945782196,-1.244718823082393,-1.164613265724808,-1.2100238385348534,-1.016432198667086,-0.12479618717266176,0.1250502895462747,-1.198562864808365,1
-0.14929748012713334,-0.7719995663965628,-0.15484123025532542,-0.13478617003801185,1,0,0,1,0,0,-0.3062576875868511,-0.33674264971583734,-0.46407179961141953,-0.24337520926326098,-0.21120717249145773,-0.07089313767606957,-0.6765674722419811,-1.9410819316445806,0.8350107369718701,0.12481396752747881,0.3107271714772368,0.5650678085797469,0.005534374638287982,-0.22437669712787633,-1.141452599326132,0.029537784027391944,0.060530222226558045,-0.13249470814306877,0.513835114248652,0.2610696854503818,0.7165889876106497,1.5207137117307168,-1.1118050261313246,-0.10859488559428203,-0.5333158355827069,-0.2610696854503818,-0.5138351142486527,-0.4253475354589299,-1.2351161931692491,-0.9372144612399159,-0.7804407893836761,-0.71610842633123994,-0.844114576533476,0.35076067714292497,0.12354118106860354,-1.1004416420156866,0.5563823275093027,1.2622304186993043,-0.2959043164138529,-0.8015576674631424,-0.7869459763528921,0.31594134103852145,0.28677986593896093,0.45906541823023866,-0.5181215015185524,1
0.8787130141623758,0.1298722426046032,-1.168717627632051,-0.13478617003801185,1,0,0,1,0,0,0.11016723354952047,-0.5140916336148853,-0.34893316685501513,-0.3214929124832349,-0.42509869784254545,-0.14691589584353787,-1.278079687007166,-0.35680490923394853,0.2919028658421124,-1.829672593264575,-1.565932344834933,-0.16191532096618122,1.81429101016335,-1.580735023952689,-0.36981835141134267,0.028811739335423886,-1.800375674526272,-1.038399214592234,0.2600885100232926,-0.4787858038769716,0.1977491059917861,0.11925002948299582,-0.37008797697150647,0.6865479326565701,1.0219940162912384,0.4787858038769716,-0.2600885100232933,-1.5394480803611372,-0.6347222057676005,-1.028190555213798,-0.8579637923516437,-1.4329761962204342,-0.4660546508565234,0.5954383064766764,0.5111183656893089,-1.3484860293897554,0.3065783976019474,0.27583454506891375,0.48869229486974886,0.20981149912292413,0.4822876101929924,1.2359135470257274,-0.6186874509066087,-0.8769950965056176,0.2860364732784985,0
-0.7147032519863632,-0.46278637473902035,-0.4445202009343899,-0.8681093238500562,1,0,0,1,0,0,-0.6217311126901629,0.043540089529990035,0.31631226684865466,-0.5558460221431568,1.1002505281505932,0.4630549402766194,0.8846380876089075,-0.5667144855141771,1.1998440165113478,1.3254965965137093,0.8025955587910737,-0.7051220886825137,-0.8655465013288015,-0.025999365603237665,-0.6154407278926494,0.09470313758835666,-0.4859668669948641,-0.7238775896986918,-1.8317615684677637,0.8550163918650944,-1.2560890550685038,0.16129840575872675,-1.5450594454429738,-2.2725368145608607,-1.750139109320466,-0.8550163918650944,1.831761568467763,0.1317027369921738,-0.40957446049198204,0.6639647927004092,0.6149732640397371,0.3762615087380082,0.006520256239666901,-0.38327221085833024,0.6218547041523672,1.1939689411944467,-1.1644891896302574,0.19995793940503753,0.15113328768959466,-0.6848612251647502,-1.4469474413567518,1.2834983163009273,0.41025268187244807,0.9879227053131819,-0.30161743138088487,1
1.726821671951222,-0.87507063028241,0.5693561964423357,1.0385308760612593,0,1,0,0,1,0,0.7158762097478791,-0.6036383336819455,0.11162136417060241,-0.510132699518135,-0.32822818203148946,-0.06999875228586407,-0.2648514612777389,-0.8023436726990559,0.16339410622152328,-0.8264608292191766,-0.344209404823827,0.07258782105975764,0.5701424497571846,0.7613228406798344,-1.0655833604615321,0.8374756399481571,-0.4840880251679942,0.10444927222936123,0.5444209881177442,-0.440948977121442,1.12898721612,0.03376385232416026,0.6182170353652932,0.6364818622818934,0.5494634691893986,0.440948977121442,-0.544420988117745,0.27096530510494976,-1.2351161931692491,-1.255630790148503,-0.7029177864157086,-0.8355863879794388,-1.1276595207911904,-0.38327221085833024,-0.6516131881728072,-1.3484860293897554,1.4168180860790833,0.35171115073279,0.9722227646142934,1.1822818516095268,1.4130589069933075,0.09387908442092041,-0.20711139779498602,-0.4316415915936655,0.7809029193074537,0
-0.5348014154856993,0.0010334127472937634,0.5693561964423357,-0.13478617003801185,1,0,0,1,0,0,0.04707254852885811,-0.48618097385372366,-0.7839013350458762,0.43653813357725313,-1.6285130175121179,-0.7112730770632143,0.2670233768692814,0.6797435379630838,1.2525105528315652,-0.1294500029442933,-1.320473204079464,-1.1323728552103047,0.7917923699017175,0.6870393141981448,0.7536651184304574,0.11408985240470819,-0.11918829868170802,-1.1305757988070027,-0.6772662024248698,-0.8727171435694476,0.3151790820030352,-0.17796416735053217,-1.597574586189338,0.05669352584043379,0.6128926179415195,0.8727171435694476,0.6772662024248691,0.7723105503109431,0.8662627627365218,0.40923172957353837,0.4082452561251572,0.3421249482670949,-0.8756195703398886,0.35076067714292497,0.7879592118469556,0.2638024885416898,-0.08200549336504998,-0.5588081172337243,-1.272088472313216,-1.761061748583257,-1.633101700716815,0.7600658542737248,-0.5363722402842841,-0.9326642846196119,-1.198562864808365,0
-0.14929748012713334,-0.1535731830814779,-0.4445202009343899,-0.13478617003801185,1,0,0,1,0,0,-0.6343500496942954,0.10168729736574346,-0.3233468040202586,-0.33248725589937944,0.6239907325908753,0.33515782947723166,0.2605175567484966,2.352284425643043,-0.5594425000551306,0.4161531965794881,0.08284330468550144,-1.0970083278138478,-0.7205103554861764,0.18452630088250255,2.3566437314894415,-0.8568596002192419,0.645129698146683,-0.2084995218146496,-1.3422252734671216,-0.16498583548630744,-0.17787949872455427,-0.8677502396789182,-0.09628462398545623,0.07750344480381037,-0.3112595553348611,0.16498583548630744,1.342225273467121,0.04814519612450831,1.9169522406894068,-0.4277483349861756,-0.7804407893836761,-0.5112890635057554,-0.18250970659880966,-0.709509049969999,-0.1532996650890431,-0.046252995675895824,-0.3040534310604773,-0.9381911455531051,-0.5696008087220858,-0.5292659687668935,-0.4654068010946016,-0.667477223982284,0.4514102871836102,0.4033962301162448,-0.7036964187794109,0
-0.8689048261297889,-0.6946962684821769,1.0038746524609323,0.3052077222492148,0,1,0,1,0,0,0.12278617055365294,-0.5152545777716003,-0.7199354279589849,0.23401075485880213,-1.2836431252495475,-0.5771152685323878,0.0705753239094183,0.7425709817029928,-0.6455297960585032,-0.5182343580662463,-1.0704723671452594,-0.5866399600695562,0.6590297086148391,1.149670032363469,-0.15843291871660087,0.7034413058223893,0.6713686145750805,0.6170317704501005,0.01898787070343759,-0.8189388764091825,1.050600044298874,-1.1779165964528138,1.5893515293187392,1.36581880984724,1.9940779330611074,0.8189388764091825,-0.0189878707034383,1.217950768271826,-0.03432821836595151,0.381938901381374,0.705416767502365,0.9736513169790033,-0.34003467563087314,-0.6279498401920818,-0.7069813574043363,0.3258135853852078,0.8339422496285867,-1.1658209625447336,-0.350643614875499,0.4821031978191731,1.0407503882731821,-0.857816301083085,-1.277209135885205,-1.6563637301015341,0.16231986177126023,0
0.004904094016293398,-0.1535731830814779,-0.15484123025532542,-0.13478617003801185,1,0,0,1,0,0,-0.7605394197356201,0.43603374242132564,-0.3233468040202586,-0.33248725589937944,1.269648225209414,0.5922936291613154,0.33532499065484195,0.40646695178357206,-1.0534153690695498,0.09802591955611097,0.7036055277010028,0.38771108850788144,-0.8716243115530059,0.2586467991675803,-0.39498224249563296,-1.5399423454951637,0.19871302953743575,0.7835916660583556,0.6109019818860374,-0.07709346503402185,-0.20784072803492057,-0.9535731871792112,-0.10743944660715511,0.06461374532442735,-0.14969689760742474,0.07709346503402185,-0.6109019818860381,-0.03541234474315745,-0.6347222057676005,-0.9554096800346926,-1.5039888170847049,-1.3647030752786062,1.0776900456576979,-0.6279498401920818,-0.9284540343304539,-0.8523972546416179,-0.3318094232724056,-1.0140677512169813,-0.5787240251323598,-0.5422322401333817,-0.48232991558187904,-0.5088613263982832,0.2044646553166367,0.18071947766026855,-0.7036964187794109,1
1.4184185236643685,-2.0088523330267334,-0.4445202009343899,1.7718540298733036,1,0,0,1,0,0,0.3246891626197725,-0.5611908719618456,1.582837227169103,-0.6889354424438532,0.4695615149084634,0.1008288572433882,-1.7357502931814597,0.4395643398887697,0.04844410007372029,-1.0919167891864285,-0.8817958934853699,0.19477096703933316,1.2980430805442238,-0.4444671817200016,0.31779053969942933,-0.4573761999546831,-0.3206867453614597,-0.6061001285590469,-0.22931895624632825,0.4930801176436292,1.9694966645382794,-0.28496026493000937,-0.5258436794496191,1.1571216503767676,0.5546390406156289,-0.4930801176436292,0.22931895624632756,-0.6760201580619267,-0.18442671521636386,-1.301118837135444,-1.2972608091701252,-1.3305665148076924,-0.8756195703398886,0.10608304780917345,0.2342775195316623,-1.2864749325462383,1.7895414100678355,-0.2878202398627378,-0.0639139562668744,-0.3236579513840122,0.13657255709573216,0.13919791230206338,-0.677484029922555,-0.5429799678216537,0.33905787821017314,0
-0.14929748012713334,-0.8493028643109486,-0.4445202009343899,1.0385308760612593,1,0,0,0,1,0,-0.6217311126901629,0.029003287571051677,0.06044863850108935,-0.48409346511147705,0.9388920132489426,0.39642322870630903,-0.6572167844739709,1.9550572922675533,-0.9371057745181607,-0.17498128975436805,-0.686307656476392,-1.997079829475645,0.007121309549532214,0.008971813902144556,2.642302849068239,-0.9050655600583709,0.5294880113877308,-0.3834704488947656,-2.289054367114997,-0.45352244570481864,0.9228404679808223,-0.03637649987260033,0.3715513833268125,0.7614196819764913,0.5178493091199547,0.45352244570481864,2.2890543671149963,-0.20252742647848845,1.9169522406894068,-0.8098479296764806,-1.1034533017502068,-0.8697229484503528,-0.49755964466293656,-1.3619827281933365,-0.5408768497097485,-0.35630847989348147,1.0282341951120857,0.12408133374116129,0.4978155112800227,0.6247321828505417,0.9222885868622325,-0.09645999267988113,-0.04248097655033679,-0.26463402725168356,0.2860364732784985,1
-0.5091011531284612,1.2378861793774645,0.5693561964423357,-0.4281154315628296,1,0,0,1,0,0,-0.028641073495936725,-0.46408503487613734,1.1606622403956202,-0.6571097115023823,0.5835929570144522,0.15091443909489674,0.7400020546702724,0.7990924537851635,-0.27468556328305566,0.722598356005906,0.0736096608884592,-0.9089778234066688,-0.7960374115069416,0.6171842123992978,0.8076357587509052,-0.3818242049893597,-0.05138634410950342,-1.114007235559027,-0.7099870034754222,-0.5355808722489565,-0.41230767769670756,-0.28770769715239214,-0.00819213599957336,-1.0271375799981988,-1.1833074058677264,0.5355808722489565,0.7099870034754215,0.605195468575612,0.7912135143113154,0.10901061945972781,-0.10857476366129187,-0.11871861809024475,-0.6235796198885869,0.10608304780917345,0.5111183656893089,-0.046252995675895824,-0.3318094232724056,-0.17942508891434333,0.31535118307453414,0.2616765845888761,-0.1777138548108673,-0.1916295312302808,1.6038232358961542,1.4054416161681371,-0.2706882785040748,0
-0.04649643069818187,0.5163887321765315,0.27967722576327125,-0.4281154315628296,1,0,0,1,0,0,1.4099177449751652,-0.6844629525736429,-0.579210432367824,-0.0639938166840615,-1.3875870826262289,-0.47694410482937083,0.49442487796616347,-0.8048141594638483,0.19665303767034148,0.031716749297381226,0.31451610686462383,0.15715319623931934,-0.04554969500558948,0.017909559607637047,0.4549465230507318,-0.6857777191991461,-0.7688405789771952,-0.7912208429935458,-1.6740743965204417,1.874664820316964,-0.6696148075099151,1.5603881309368905,-0.9579717620551405,-0.8052164392851674,-1.1813594971957146,-1.874664820316964,1.6740743965204417,-0.20252742647848845,0.09700796637815903,-0.8394151602179925,-1.0259302987822392,-1.2281568333949502,-0.24551969421163483,-0.8318478646368748,-0.12561558047327853,-0.6353584156893081,-0.3595654154843339,2.3245028979935705,1.6655872117951496,0.806259981981374,0.39767203775660004,1.489698983160128,0.03983423407198747,1.2941032399401495,1.9562107286262216,0
1.726821671951222,0.15564000857606544,0.5693561964423357,-0.13478617003801185,0,1,0,1,0,0,0.6780193987354818,-0.6036383336819455,-0.3361399854376369,-0.315706415948422,-0.7182367680685969,-0.2202554978403896,0.19921734991980786,-1.0930679272868409,0.9913398199602226,-0.9716398347566663,-0.8836400038274367,-0.10053416382649834,0.985568804413683,0.6218518122909887,-1.098157166865932,0.7581536067393012,-0.8057784214376842,-0.4136336827842675,0.13286549185952784,-0.26889098598050765,0.34433042923326274,0.4001602913534355,-0.5933234852482849,0.5136266423173081,0.7449424981224336,0.26889098598050765,-0.13286549185952856,0.0759977097470634,-1.3101654415944555,-1.5194614626727603,-0.9742482968035945,-1.1940202729240363,-1.442709458855317,-0.38327221085833024,-0.4855086804782194,-1.658541513607341,0.5286263352973745,0.6552175733882943,0.7532655707677065,0.30057539868834077,0.49921072468027106,1.5214221626769286,-0.5363722402842841,-0.7099875321636356,0.47161139053935697,1
0.7502117023761872,-0.7204640344536393,1.4383931084795292,-0.4281154315628296,1,0,0,1,0,0,0.2363566035908452,-0.5303728518088963,-0.6047967952025805,-0.01770184440555841,-0.963773691519117,-0.3942134562353612,0.012086232242412521,0.27946560728683545,-1.0424039327153172,0.10072297630712303,-0.31274537736186625,0.6888909945363512,0.42096766199410196,-0.06047509865744681,-0.26535215690998476,-1.1722646135850263,-0.3855660445251504,-0.9227758657259718,-0.7896550408158974,1.7227354082678357,-0.07723220616675755,-0.6493992821323987,0.2469882128757053,-0.5183909325569055,-0.4943267215555536,-1.7227354082678366,0.7896550408158968,-0.2582324537235989,-0.4846237089171882,-0.8007503202790929,-1.2197378062021575,-1.2793616741013212,-0.18250970659880966,-0.38327221085833024,-0.04256332662598434,-0.790386157798101,0.11228645211844858,-0.4070549059059717,0.8171280856396278,0.8321925247143505,0.549980068142106,0.2207718024881207,-0.4540570296619595,0.45906541823023866,1.3376276710900281,0
0.5189093411610479,-0.8235350983394863,-1.8929150543297122,0.5985369837740325,1,0,0,1,0,0,-0.15483044353726144,-0.42338198939110994,0.8920054306306766,-0.626441279867874,0.601554002910557,0.15851671491164357,0.3782977299369017,-0.7223590459705973,-0.2362369152461789,0.6132869797977581,0.8466839344974765,1.6238503151220602,-0.16660384580893742,-0.35519101733565595,-0.7584547022213717,-0.9192763084038259,-0.5692291320878388,-0.20074523163683963,0.03622492998512883,2.178810709907987,-0.8809348816987461,0.23165718959312906,-0.6008402581515947,-1.3929490071017108,-1.2967192288137712,-2.178810709907986,-0.036224929985129536,-0.3417899945912644,-0.7097714541928067,-0.009258302706318612,-0.4832692780064673,-0.6649035856248688,1.0146800580448727,-0.22015379130249568,-0.26403600355210183,-0.10826409251941274,-0.7759052986632599,0.35171115073279,0.38833691435672935,0.002351157259115363,-0.5500223735309933,0.5380035976561225,-0.8656330827735822,0.18071947766026855,0.34789477903211874,0
0.8787130141623758,-0.2824120129387873,-1.168717627632051,-0.8681093238500562,1,0,0,1,0,0,0.24897554059497767,-0.5315357959656113,-0.6943490651242283,0.17325254124326683,-1.2550474808121928,-0.5426814310094757,-0.9492963293091187,-1.2678299619943139,1.2119271319922553,-0.711537605866881,-0.1473511861065509,0.10181513726107698,0.10217099473118867,-1.667833402573358,-0.4874014328433578,0.24014646968112893,-1.8759018890903585,-1.0453016981856493,-0.2611143426240418,0.39783372969061137,-0.34645983003056224,1.2518683553200014,-1.4154209468403782,-0.8988708007752738,-0.8289698982062086,-0.39783372969061137,0.2611143426240411,-1.5951531076062477,-0.6347222057676005,-0.6733837887156574,-0.4574282770171454,-1.1257471519822078,-0.30852968182446,0.18764225758709038,0.34501385799472056,-0.8523972546416179,-0.38732140769626244,1.0346006017076752,-0.2685346671830286,-0.9312203811280227,-1.176177609560296,0.8235122133073248,0.12214944469431245,0.3477270420022505,-0.6418381130257917,1
-0.7404035143436003,-2.0088523330267334,-0.15484123025532542,1.7718540298733036,1,0,0,1,0,0,-0.4198281206240434,-0.24719594964877709,1.582837227169103,-0.6889354424438532,1.1444805874358743,0.3423129125988757,-0.6690178512276097,0.8957845962381095,-0.5509800922490777,-1.0933841827293218,-0.9628121434741167,0.3414755991766806,1.496283163136375,0.9731555478380605,1.0367297809665612,-1.4434206141708605,-0.11345771703538463,-0.6360503647232417,-0.06904425348519984,0.5342092397142492,1.9026511648899416,-0.1909193348671922,-0.6972902702415079,1.3645887615474475,0.630723557176141,-0.5342092397142492,0.06904425348519913,0.8280155775560533,0.8662627627365218,-0.20030810005147043,-0.8967252938356269,-0.8867912286858101,0.6051151385615076,0.6769975162545934,0.7879592118469556,-0.4803306735805153,1.611110031562582,-0.27427084599418855,-0.3050275328241268,-0.6038220291242,-0.07194438926537693,0.05422511002492019,-0.9273694907403258,-0.8213259083916238,0.16231986177126023,1
-0.14929748012713334,-0.02473435322416849,-0.4445202009343899,1.0385308760612593,1,0,0,1,0,0,-0.6217311126901629,0.029003287571051677,0.38027817393554597,-0.5616325186779697,1.1350881361455076,0.4563470498500781,-0.48281104812867187,2.4139927015044056,0.01605338362097183,0.3693888347603274,-0.13209546287713034,-1.9372680959673103,-0.7534615830829733,-0.2673291984915076,1.9844481947252954,-0.4111655356395725,0.6329505423983423,-0.10005534761806219,-2.1952438631259974,-0.4649864905896614,0.404248330058116,-1.325304103026197,-0.43512722386607877,0.1286024382779563,0.07404599848721527,0.4649864905896614,2.1952438631259974,-0.3974950218363748,1.4666567501381707,-0.646090960523493,-0.7416792878996918,-0.47715250303484213,-0.6235796198885869,-1.3619827281933365,-0.5962450189412776,-0.23228628620644656,0.08453045990652028,-1.3934507795363622,-0.9436526815433369,-0.996051737960463,-0.8884846632765624,-0.3502454288142823,0.12214944469431245,-0.09762646290970158,-1.0748462533011267,1
0.5189093411610479,1.0575118175772313,-0.4445202009343899,-0.4281154315628296,1,0,0,1,0,0,-0.5586364276695006,-0.06693960535794147,1.442112231577942,-0.6808343472951152,1.3723422584470466,0.474681950349291,0.47622612177216944,0.4419653793021273,-0.12252554277881568,0.2701848836432788,0.6018137637687606,-0.964630984309504,-1.3580197558187999,-0.5169849146260088,1.3946405219689983,-0.9635872569975119,-0.47992531011476075,-0.7967831009171613,-1.7213805481046385,0.391602657581535,-1.1787692502002374,0.7905089059014441,-0.8008157436730702,-0.8408880691237401,-1.560290984107796,-0.391602657581535,1.7213805481046378,-0.17467491285593337,2.142099985965025,1.710189873400053,0.8346217724489774,0.5810808715634928,1.7392949155923647,0.02452383803125581,1.1201682272361313,2.1241353938472036,-1.053465220782544,0.9587239960437993,0.5251851605108457,0.002351157259115363,-0.33002188519637315,0.12560226393772106,1.6038232358961542,2.073471873536065,0.2860364732784985,1
-0.8175043014153137,0.4648532002336079,0.5693561964423357,0.3052077222492148,1,0,0,1,0,0,0.8925413278057338,-0.6321304655214648,-0.5920036137852022,-0.046634327079622846,-1.2458714588373314,-0.4501125431232055,-1.0318142180963956,-1.4837859582833266,0.1108889601672403,-1.5194271250193752,-1.3044225203584563,-1.9553027309245532,0.06808250640286029,-0.853392226290986,-0.2761917669015418,-0.544935017508419,-1.3315959964312332,-1.2566864584613446,-2.0499314912989903,-0.6337026228571595,0.5820633301099651,1.759859944344477,-0.6991960626139874,0.7322602247017451,0.4689034293022518,0.6337026228571595,2.0499314912989886,-0.7317251853070371,-0.10937746679115769,0.5184030423421971,0.13691474573727128,-0.40887938209301433,0.6051151385615076,-0.7910682597479163,0.17890935030013266,0.44983577907224165,0.0012624832707351544,0.7310941790521709,-1.6552635615447422,-1.6832641203843295,-1.3623318689203594,-0.7309235830158842,-0.6186874509066087,-0.9326642846196119,-1.6934293108373202,0
0.8787130141623758,-0.4370186087675581,-1.168717627632051,-0.8681093238500562,1,0,0,1,0,0,0.24897554059497767,-0.5315357959656113,0.3035190854312764,-0.5494808759548626,0.02590072076535895,0.015862245173864826,-0.10784966306664923,-0.5209867141014392,1.493167737970542,0.07816861894994448,0.36124557720274775,-0.10265699095163476,-0.4870748601802609,-1.4129973366454585,-0.5748476740764106,0.3279143579982076,-1.602858179795595,-0.8705393208630493,-0.604544012877736,0.45956749966015986,-1.2618827080903032,0.13920083461907434,-1.711688013372986,-1.6949674947035562,-1.3195491528067074,-0.45956749966015986,0.6045440128777353,-1.4001855122483615,-0.7848207026180125,-0.973604898829468,-0.6770767854263857,-1.2110885531594928,-0.6235796198885869,-0.30171300108041293,-0.04256332662598434,-1.1004416420156866,-1.1644891896302574,0.19995793940503753,0.21195473042475796,-0.7280821297197106,-1.277716296483967,1.5214221626769286,0.7532327261321339,1.127095675598167,-0.1469716669968365,1
-0.7147032519863632,0.5163887321765315,-0.4445202009343899,-0.4281154315628296,1,0,0,1,0,0,-0.5838743016777656,-0.02042183908933873,-0.579210432367824,-0.0639938166840615,0.05144053786971482,0.03374995297797501,0.3559214817955782,-1.5159569810938505,1.1114315632254943,-0.11641963894419896,0.41125964821025296,-0.060081995170971514,-0.30981200518070273,0.05856291897041645,-0.8120715950022714,0.7651998897923944,-0.39703934965178383,-0.021561267355274527,-1.7073885877769175,1.6114225379908527,-0.43640210591685774,1.2671830348400908,-0.750412086461714,-0.2364220011904201,-0.5557080655236678,-1.6114225379908527,1.7073885877769168,0.18740776423728422,-0.6347222057676005,0.5456958705343614,0.8863037744276221,0.6664222727407777,-0.05648973137315825,-0.709509049969999,0.06817301183707392,1.1939689411944467,-0.08200549336504998,2.020996475338066,1.7294497266670708,0.9877877811122063,0.8207498999385615,1.5848685217105287,0.03983423407198747,1.0714264874841732,2.265502257394317,0
0.46750881644657266,0.8771374557769975,0.27967722576327125,-1.161438585374874,1,0,0,1,0,0,-0.571255364673633,-0.049495443007215444,0.23955317834438508,-0.526334889815611,0.9167555240105195,0.36869728160993825,1.4057520338034837,1.7848824141817545,-0.9298807089003732,1.6831948244087205,1.017039173158973,0.7242568944366057,-0.6519938475468467,0.6832836806740958,1.952840299757643,-0.9587215275382361,0.677607446808907,0.40166626156239665,0.03622492998512883,0.9518725779243598,-1.272003419958928,-0.4934945856373689,0.30775540383067884,-1.6019836720614042,-0.9300518091600827,-0.9518725779243598,-0.036224929985129536,0.0759977097470634,0.8662627627365218,-1.655925603633584,-1.7882398279672513,-1.5012493171622625,-0.5605696322757617,-0.8726274695258333,-0.983822203561983,-1.534519319920306,-1.2755131584779709,-0.7105613285614767,-0.9254062487227878,-0.6459624110652865,-1.176177609560296,-0.635754044465484,-0.37174181903963527,0.06938110143228039,-0.8892713360402683,1
-0.4320003660567478,0.0010334127472937634,-0.8790386569529866,1.0385308760612593,1,0,0,1,0,0,0.4130217216486998,-0.5751462018424264,0.31631226684865466,-0.5558460221431568,-0.059572278367243804,-0.012758087312711469,-1.3066829112309875,0.9125920372946976,-1.0124295898798092,-1.5500100313124041,-1.292172934789718,-0.9675773013527961,0.4585730700822009,-1.2747749157560357,-0.08878522463982438,-1.4186919446481168,-2.1169746239364478,-1.7462080345049915,-0.7279513648365089,-0.5976867361744845,0.5432343206467957,-1.3415043000267028,-0.041623420284059257,-0.005192244943139834,-0.02494417323526435,0.5976867361744845,0.7279513648365081,-1.1972600558554596,-0.07721350318035518,0.029731451853916742,-0.7121467153404663,-1.4232228932287443,1.0146800580448727,0.5954383064766764,1.1201682272361313,-0.39174339237549116,0.22331042096616224,-1.3934507795363622,-0.8615437338508666,-0.7496925819971905,-0.7023304039164997,-0.6040308649486834,0.4514102871836102,0.18071947766026855,-1.0129879475475077,0
1.726821671951222,-0.41125084279609675,0.5693561964423357,-1.8947617391869185,0,1,0,1,0,0,0.6149247137148194,-0.5978236128983703,0.7384872536221374,-0.6108177392238793,0.04358823214805498,0.01228470361304279,0.976032372932342,-1.0629611523860625,0.21570661935229438,1.0294564365920653,0.8068892826862982,-0.8530403685310924,-1.7826572144232817,0.4154407345237488,-1.3119225357170636,0.31197803172026317,-0.45054531806997183,-0.3981429838416791,-0.9140739284464625,-0.2568779280404879,-0.9420932868774793,0.14469234411360177,0.01862965996307289,-1.8374822558537824,-1.4377047171508421,0.2568779280404879,0.9140739284464617,0.0759977097470634,-1.3852146900196616,-1.0099953364190213,-0.7158382869103699,-0.8355863879794388,-1.0016395455655394,-0.7910682597479163,-0.4855086804782194,-0.9144083514851348,-0.8036612908751883,0.35171115073279,0.6346637574341392,0.5469345546516133,-0.2792525417345383,0.37938770007212164,2.2623449208747504,2.2961486259920414,-0.023255055489598248,1
-1.9740161074910114,0.23294330649045036,1.7280720791585935,1.478524768348486,1,0,0,1,0,0,1.460393492991695,-0.6862073688087155,0.23955317834438508,-0.5309640870434614,-0.5047836292166511,-0.11740117796675605,0.6367232803778012,-0.644314970600036,-1.6958718093801928,0.8391896606174796,0.021917729459114348,-0.6121045097160865,-0.7113088264391924,1.8097898716464906,-0.22865218575728927,-0.7581460796856696,1.0638666509374033,0.5717917357460519,-0.5252107151899527,-0.31393995325558316,0.9229414947170433,0.6552837774404512,1.5564498807097373,-0.07877913158426372,0.5297492179861951,0.31393995325558316,0.525210715189952,1.4686233908748227,-0.351202822827933,-0.4540303176897417,-0.7531641772282796,-0.33681330998775105,0.13954134120007555,-0.945124544883982,-0.8484777898849113,0.001977857424619528,0.8894542340524437,0.6552175733882943,0.11464042204849642,0.9099901529132779,0.8207498999385615,-0.7626467625326843,0.36909507656128593,0.23638866577426285,0.2860364732784985,0
1.4184185236643685,-0.6689285025107157,-0.4445202009343899,-0.4281154315628296,1,0,0,1,0,0,0.33730809962390496,-0.5611908719618456,1.0839031518913507,-0.6501659156606069,0.3120991020518292,0.07086694667150364,0.4355885760648626,1.2809543163177581,-0.8270150858824878,0.17433313262547323,0.010516257714597606,-0.6852443618113436,-0.6304531250571633,-0.4603135323678348,0.3847402089449976,-0.5775959795721851,-0.58931696726563,-0.4985013910682589,-0.5505532963957722,-0.38855952469070976,-1.0656363762528427,-1.3727257039495104,0.550129071244614,-0.8198694320134682,-0.5003612330280882,0.38855952469070976,0.5505532963957714,-0.6760201580619267,-0.10937746679115769,-1.2374355713537264,-1.2972608091701252,-1.4159079159849774,-0.49755964466293656,-0.13859458152457876,0.12354118106860354,-1.1624527388592034,-0.9067549762337794,-1.1549814474498943,0.8223413521597852,1.0100156748833287,0.5717383581971791,0.18451674018320632,2.3799380789066427,2.320006849469467,0.9576409357463667,1
0.2105061928741954,-0.41125084279609675,0.5693561964423357,-0.4281154315628296,0,1,0,0,1,0,4.236559633900839,-0.7734281805623455,0.6745213465352461,-0.600402045461216,-0.807130956298153,-0.13081695881983868,1.3998397494479686,0.36936762161740916,-0.4788603812862439,2.2849238678538826,1.9889157362997427,0.027235113062310752,-1.6969909399999135,0.894427405756253,1.0019568566518078,-1.3170903081968837,1.5707455350202089,1.0733675325943888,-0.9462874490712617,0.9756618166055823,-1.0528099223701597,0.4967697310974804,-0.6689305568967374,-1.5292603498123207,-1.5377533847169544,-0.9756618166055823,0.9462874490712609,0.540206270122983,0.5660657690356972,-0.7977177838132969,-1.2843403086754637,-0.71610842633123994,0.4895968279379942,-1.5794739542677825,-1.4636796702352375,-0.6870343297255728,-0.9860578111250035,0.47094581677602393,0.027318207835869888,-0.3236579513840122,-0.8788143121409748,0.18451674018320632,0.2632612343325826,0.8885134408239068,-0.19115617110656447,0
0.8787130141623758,-0.02473435322416849,-1.168717627632051,0.5985369837740325,1,0,0,1,0,0,0.12278617055365294,-0.5169989940066729,2.2864622051249075,-0.7190252244248803,0.761911185010236,0.1580695222165408,-0.1505082341831934,-0.022779226752001756,-0.3800824287980887,-0.2047927056529204,-0.34126068990920083,-3.1989672110452383,-0.9104277499276987,-1.1691243397576008,-0.5569917939798626,-0.002184482162749561,-1.487796734405427,-1.0394314779044027,-0.8414861286385814,-3.5284340403726486,-0.9588899015055142,-0.5267169482961749,0.5173902191008187,-1.1986120406687881,-0.5711469187987483,3.5284340403726486,0.8414861286385807,-1.17736540326792,-0.7097714541928067,-0.7370670544973751,-0.625394783447741,-1.1257471519822078,-0.43454965705011084,-0.13859458152457876,0.2896456887631914,-0.728375060954584,-0.7481493064513315,-0.17942508891434333,1.2003031748711541,1.3249108366408955,0.6684418695530556,0.728342674756924,3.0854970270979956,1.127095675598167,-1.0748462533011267,0
1.0329145883058024,-1.2100515879114147,-0.8790386569529866,-0.13478617003801185,1,0,0,1,0,0,0.2742134146032426,-0.5425837654544045,0.36748499251816774,-0.5610538690244884,0.04597762554260028,0.01630943786896758,-0.7717159334490631,-0.7263229650294661,0.6497380869575154,-0.6454617503710426,0.07886245152595697,-0.30734319594826837,-0.36759935806849986,-1.0797384446850995,-1.0171807233756751,0.13542222449127506,-1.6391820148758747,-1.1806570672793433,-0.5860329100839196,0.16204084244106823,-0.005772140649677838,-0.02208825542996429,-0.7521274556814938,-0.7534076435672338,-1.255206879294712,-0.16204084244106823,0.5860329100839188,-1.0102503215325889,-0.9349191994684248,0.06352257247278678,0.12399424524260985,-0.5454256239766699,0.006520256239666901,0.6769975162545934,1.1201682272361313,0.015758101167622184,-0.24854144663662048,-0.3311783002420958,-0.9436526815433369,-1.1386807229918314,-1.311562525458524,-0.6992004034990842,0.5337254978059351,0.6817421706862145,-1.3222794763156045,1
-0.6376024649146498,-0.4885541407104817,-0.4445202009343899,-1.6014324776621007,1,0,0,1,0,0,0.766351957764409,-0.6205010239543141,4.090300784975243,-0.7630025980894581,0.722177188011909,0.11245586731605983,1.1327010947274683,1.4899747551378728,0.3822758365037039,0.987420671153998,1.1638602047718005,1.8814395562273274,-0.30093739042943884,0.2944137649667959,1.0647998068270752,-0.345740867843385,-0.733229844629063,-1.0183088644646556,-0.5252107151899527,3.086956749564128,-1.2808736802371727,-0.9783440397051223,-0.8700201038773097,-2.060999786239229,-2.5072556757913214,-3.0869567495641284,0.525210715189952,0.38237535959517033,1.1664597564373458,0.4001341201761507,0.14983524623193267,-0.15285517856115927,0.1325402314653172,0.4323198869208419,0.7879592118469556,0.015758101167622184,-1.3726591312197203,-1.317574173872486,-1.9472064866735241,-1.981488361813554,-2.4200265243752632,-1.5715878402110892,-1.2360515305740427,0.29205785388825667,-1.3841377820692236,0
0.004904094016293398,0.38754990231922204,-0.15484123025532542,-0.8681093238500562,1,0,0,1,0,0,-0.7731583567397526,0.5436060769174694,0.39307135535292426,-0.5668403655593013,1.9474231684090368,0.8561373192719407,1.0524019390278712,-0.06434690274343911,-1.6456218176337936,0.9565282413188418,0.7643853906811188,1.5885043455680163,0.05365417852894571,0.5310777260351536,0.15651863246117342,-1.5785836350262383,0.4596140271743967,0.3440451421430204,0.8763442106275502,1.2973829492468834,-0.9327439081655917,0.2451150734494466,0.6632958381866568,-0.8364625422458709,-0.6578453260482355,-1.2973829492468834,-0.8763442106275509,0.4659329004628361,0.11577027848446049,-0.07294156848803632,-0.8708842928463041,-0.6649035856248688,1.3927399837218248,0.35076067714292497,-0.04256332662598434,-0.35630847989348147,-0.9979532363586869,-0.1035484832504671,-0.9162830323125138,-0.47740088330094144,-0.7530997473783346,-1.175048096251087,-0.8656330827735822,-0.3759724034796717,-0.8892713360402683,1
-0.5091011531284612,0.0010334127472937634,0.5693561964423357,1.0385308760612593,1,0,0,1,0,0,-0.00340319948767178,-0.46408503487613734,0.31631226684865466,-0.5558460221431568,0.20733614044425464,0.07265571745191467,0.10963838174571588,0.9222615868903574,0.039099512842097964,-0.025949301085824338,-0.799785623664261,-1.3796700612982016,-0.5744036581943792,0.6927608104621977,0.10597083560986886,0.10809998684224498,-0.03454230634635568,-0.9648952305849623,-1.2379708116036303,-0.653901033058197,0.539743600550634,-1.1596737145139662,0.05517971775688663,8.042719763076116e-4,0.09772808998792687,0.653901033058197,1.2379708116036297,0.438080386840281,-0.10937746679115769,-0.600602913536552,-0.4574282770171454,-0.4430159425639276,-1.348194477436079,-0.7910682597479163,-0.319404172783631,-0.6043528672675491,0.22331042096616224,-1.2416975682086098,-0.8524205174405927,-0.6978274965312384,-0.6515610604546642,-0.5723076854318833,0.36909507656128593,0.06938110143228039,-1.136704559054746,0
1.726821671951222,0.15564000857606544,0.5693561964423357,-0.13478617003801185,0,1,0,1,0,0,0.6149247137148194,-0.5978236128983703,-0.31055362260288033,-0.315706415948422,-0.6588682893630871,-0.21578357088936206,0.17839727270376757,-1.3305061532728957,0.5721760188082269,-0.35694364847822585,-0.4656969994324273,-0.02039582676211257,0.49019681899171036,0.6207851737773878,-1.2003254743120106,0.09264187384540305,-0.09927418716490925,-0.26063077678252783,-0.5860329100839196,0.5534028300138731,0.37221548078406913,0.6237017404770975,-0.6890876368545653,0.3837692563829388,0.35097368135844753,-0.5534028300138731,0.5860329100839188,0.2152602778598393,-1.3101654415944555,-1.0918738209955157,-0.8838047933409655,-0.8697229484503528,-1.0016395455655394,-0.709509049969999,-0.5408768497097485,-1.0384305451721696,0.5008703430854462,0.8069707847160468,0.561678026151944,0.09311505682453199,0.24536400737109418,1.1407440084753266,-0.7010026615289333,-0.5429799678216537,0.34789477903211874,1
0.23620645523143258,0.4133176682906843,1.4383931084795292,-1.6014324776621007,1,0,0,1,0,0,0.24897554059497767,-0.5361875725924716,-0.46407179961141953,-0.22890896792622875,-0.6829797171550959,-0.23546004947388327,0.9567994919149203,1.4478044754175368,2.2193471401941918,0.17237315374089607,0.8417265411558115,0.9658388355725723,0.04803005182032327,0.877903375358881,0.723860476020085,1.4233207299664572,0.02103025763735838,0.7149408660771813,0.20465562353765385,1.1143140211580842,-0.4532622759511386,-1.2620095445206176,-1.6036218201263959,-0.21201176663601956,-0.39628512409618516,-1.1143140211580842,-0.20465562353765385,0.8558680911786088,0.7161642658861095,0.11810822885711679,0.8475422729436388,0.8200367948598906,-0.5605696322757617,0.10608304780917345,0.012804842605544792,0.38782468222872474,-0.4150773999081907,-1.1658209625447336,0.0872707728176734,-0.7626588533636787,-0.7869459763528921,1.267636726542527,-0.6186874509066087,-0.15329565102369538,0.16231986177126023,1
-0.27779879191332196,1.4182605411776974,-0.8790386569529866,-0.4281154315628296,1,0,0,1,0,0,-0.6848257977108253,0.17146394676864757,0.32910544826603294,-0.5558460221431568,1.3366494478975959,0.5614373331992254,-0.05726159054803189,0.48585545915907996,-0.7518013085139392,-0.43373772377421455,-0.677860321375747,0.06396258473415371,0.329172811626113,-0.5189051978422332,1.3058514864301831,-1.5439407928228126,-1.159150447643024,-1.3694596924710642,-0.4372750117287954,0.5209213695068188,-0.4388603240518085,0.6413214872279778,-0.5237740254730117,-0.5634420592681485,-0.4557592293450432,-0.5209213695068188,0.4372750117287947,-0.5367575899491508,1.0914105080121401,-0.23669853764102378,-0.9742482968035945,-1.3134982345722352,0.6366201323679207,0.4323198869208419,0.7325910426154264,-0.6663639641110671,-0.7481493064513315,-0.1035484832504671,-1.710002860006389,-1.657331577651353,-1.7177172731532073,-0.8895394805998851,-0.4540570296619595,-0.26463402725168356,-1.6934293108373202,1
0.08200488108800677,-0.41125084279609675,-1.6032360836506476,-0.4281154315628296,1,0,0,0,1,0,-0.016022136491804253,-0.4600147303276346,0.6745213465352461,-0.600402045461216,0.39229269326476934,0.11021990384054606,0.014505412145617276,-0.07185535093166302,-0.8411351736030414,0.3076491027251095,-0.0817731565164333,-0.44928047972660945,-0.16129838380973766,-0.8593929452086226,0.2927550182222404,-1.5329584837896602,-0.8672561572555884,-1.3817486395567347,-1.5204829952730505,0.895231533445257,-0.878865433623621,0.39189927476268044,-0.3906154777455408,-1.2755704498479672,-1.2426995025858858,-0.895231533445257,1.5204829952730499,-0.8709877534198129,0.11577027848446049,-0.4186507255887879,-1.1034533017502068,-1.3305665148076924,0.29006520049738066,-0.38327221085833024,0.40038202722625016,-0.35630847989348147,-0.8869292675109735,0.19995793940503753,-0.43047175846540026,-0.5551985114998699,-0.9815617929565941,-0.2630066851430816,-0.001323371239174659,0.5008173093157343,-0.5335860779569574,0
-1.922615582776536,0.5421564981479937,1.4383931084795292,-1.8947617391869185,1,0,0,1,0,0,7.530102191979414,-0.8013388403235072,-0.13144908275958464,-0.41870605426809143,-1.6265302534906303,-0.2927007144470359,0.7522919394371965,-1.459584145013962,-0.4414221490482016,1.5079403951971342,2.247568097295684,3.69481747954284,-0.04688810563716395,0.5593563473806519,-2.621986603455321,-1.5104499657508843,1.080795498058583,2.2548134826123456,4.948786825267084,0.13114384342216406,-0.48717798299576354,-0.6233235752860644,-0.914417682861829,-0.965431874782639,-0.7205621013636246,-0.13114384342216406,-4.948786825267085,0.0759977097470634,-2.435904167972547,-1.3738997123145495,-1.8011603284619129,-1.39883963574952,1.3297299961089997,1.4110304042558486,-0.5408768497097485,-1.720552610450858,-0.38732140769626244,-0.482931511569848,0.40658334717727845,-0.1532440991387405,-0.5161761445564365,1.109020828958526,0.4514102871836102,0.5704037944582268,0.22417816752487937,0
0.5189093411610479,-0.8493028643109486,-0.4445202009343899,1.0385308760612593,1,0,0,0,1,0,-0.571255364673633,-0.06693960535794147,0.27793272259651985,-0.5506381752618252,0.9393272378317088,0.3740635939511713,-1.0380424378129027,0.5507285735786536,-0.7982033356603198,-0.6479321027674704,-0.9161593065486006,-1.6217808725832128,0.38432505793219784,-0.5179441037126843,1.1844123433585896,-0.773411175146372,-0.14687898238316383,-0.6115841415933588,-1.4375436385994584,-0.7861774033115495,0.9258996328530211,0.430626034129863,0.3139670562849773,0.7296717850737414,0.5939590892276622,0.7861774033115495,1.4375436385994576,-0.2582324537235989,1.6918044954137887,1.2644070129280303,0.6020527635450756,0.512807750621665,1.140700033270523,-0.05703537174666111,0.7879592118469556,1.5660355222555504,0.8061862574166584,0.35171115073279,-0.12256320461863823,0.054216242725068246,0.34690269429476517,-0.3502454288142823,-0.28942660841731066,-0.6543183440496418,-0.3944048900113141,1
-1.8712150580620608,0.8256019238340739,0.5693561964423357,-0.13478617003801185,1,0,0,1,0,0,-0.3945902466157784,-0.28441016266365926,0.5337963509440852,-0.58419985516374,0.7365027564946418,0.23275070229870082,-0.12827228880556568,-0.46598399637753857,-0.16856240589203775,-0.023104404317112463,-0.09168229832686185,-0.1713623117319342,0.06809635463486442,-0.3944243848833529,-0.5750865746399986,-0.6665896414676051,-0.9023721415849307,-1.1501367489593552,-1.2694823106029698,1.0253393444399002,-0.21573845793681637,0.06346855305438678,-0.43942784828654763,-0.8635642092199266,-1.0036932013508528,-1.0253393444399008,1.2694823106029691,-0.45320004908148526,-0.6347222057676005,-0.38226028799923456,-0.6512357844370638,-0.9379960693921812,-0.15100471279239655,-0.30171300108041293,0.34501385799472056,-0.29429738304996345,-0.4150773999081907,-0.2553016945782196,-0.9254062487227878,-0.9830854665939747,-1.2100238385348534,-0.635754044465484,-0.5363722402842841,-0.09762646290970158,-0.9511296417938885,1
-0.48340089077122306,1.0059762856343069,0.27967722576327125,-1.161438585374874,1,0,0,1,0,0,0.04707254852885811,-0.4850180296970086,0.9431781563001896,-0.6310704770957244,0.44966824579802894,0.1146918307915736,0.6892290142017011,0.20900473823773502,-0.7240092020771034,1.251995520099056,1.4946944350286377,0.8895804053564997,-0.8855775935371514,0.3956855088438201,-0.10995278386780702,-1.3680051653579577,0.2983537364452932,0.5451721111444261,0.1590389773671773,1.055548651906717,-0.5630254237253333,-0.3970138475695304,-0.38496842757829486,-1.3955227177682754,-1.4109215122483478,-1.055548651906717,-0.15903897736717798,0.2152602778598393,-0.25947596364157,-0.4914316007678933,-1.077612300760884,-0.9209277891567239,1.109195039464111,-0.22015379130249568,-0.319404172783631,-0.35630847989348147,-0.7481493064513315,-0.7105613285614767,-1.208225957441296,-1.1905458084577836,-1.5654092427677009,-0.8895394805998851,-0.28942660841731066,0.23638866577426285,-1.2604211705619852,1
2.4978295426683537,-0.02473435322416849,-0.8790386569529866,0.5985369837740325,1,0,0,1,0,0,-0.5586364276695006,-0.07856904692509216,2.2864622051249075,-0.7190252244248803,1.5779713781766314,0.49525281432401774,0.5681445297128191,-0.4220964086253441,-0.37046019650660356,0.03003874314239651,0.6514022598543057,-1.1346722634441302,-1.2616890579652897,0.0473799643662868,-0.663098246640657,-0.05508299240550487,-0.7625083774125396,-0.20892872220519335,0.41113096936191074,-1.9553123256192222,-0.7426772966032817,-0.0849366993995732,0.4510784039305794,-0.7966706585481871,-1.050833073422012,1.9553123256192222,-0.4111309693619114,0.02029268250195297,-0.6347222057676005,-0.06384395909064733,-0.08273376267196997,-0.3747428216220998,0.3530751881102058,0.5138790966987595,0.34501385799472056,-0.23228628620644656,-0.7481493064513315,-0.17942508891434333,-0.3050275328241268,-0.03654765684034838,-0.3469449996836519,-1.016432198667086,1.8507688677631275,0.848749735028197,-1.6934293108373202,0
-0.3034990542705592,-0.7462318004251005,-0.8790386569529866,-0.13478617003801185,1,0,0,1,0,0,3.492042350657023,-0.7588913786034072,-0.4896581624461761,-0.19708323698475788,-1.6375306538365946,-0.4313304499288898,-0.18248036063363243,2.5135339335035605,0.08782285609077652,1.5283509247478066,0.5437241866729257,-1.4075696261941564,-0.7785906596501835,0.6624884208798145,4.599639856903087,-1.5237559165365826,2.3745698144103806,0.517580644954291,-1.4375436385994584,-0.49401881205127574,0.9156940078057223,1.1579140295481307,-1.6512845320180616,0.2898792819683869,-0.20155131119196923,0.49401881205127574,1.4375436385994576,-0.48105256270404034,1.3165582532877582,-3.284397685766073,-3.222415382874648,-2.5936192522315107,-2.135819322596396,-1.85133798686084,-1.648240234340335,-2.9607745473212006,0.7506742729928018,0.9587239960437993,-0.25028823436248077,-1.0349505520599276,-0.8715615487892844,0.886958572340925,0.6160407084282594,0.4033962301162448,-0.5181215015185524,0
-0.48340089077122306,1.0317440516057692,-0.15484123025532542,-0.8681093238500562,1,0,0,1,0,0,-0.14221150653312897,-0.40826371535381406,0.2651395411791416,-0.5373292332317556,0.2980926766839729,0.10127604993849096,0.7432658101776309,0.512348124267882,1.0765547306263872,0.8752365353130542,1.0084912355005167,0.5544921123179578,-0.8425234351749566,-0.12696431249653464,-0.3954797859185461,1.7410891982321708,-0.35442416299430374,0.17243458073357867,0.30418285154596364,0.45457625868389784,-1.16039044721961,-1.0993968473580649,0.2779403526579238,-1.5338290266833894,-1.14273919156353,-0.45457625868389784,-0.30418285154596436,-0.28608496734615396,-0.5596729573423944,-0.6824813981130464,0.24027874969456073,0.08610074473523979,-1.5057194464681423,-0.05703537174666111,-0.2086678343205727,-0.6663639641110671,-1.0812212129944723,-1.0140677512169813,0.07814755640739948,0.20981149912292413,-0.4315605721200442,-0.15990635171348128,0.9453015509175579,1.3497724280541432,0.16231986177126023,0
-1.1259074497021662,0.6709953280053031,-0.8790386569529866,0.5985369837740325,1,0,0,1,0,0,0.7284951467520117,-0.6152677752490963,5.5743098293911215,-0.7809407373473781,0.9104911913545163,0.13034357512017,-1.8612312834209,-1.1463120990811453,-1.0143382309512634,-1.2779464669452054,-1.1700163457536714,-1.1103180977444336,0.8566892702622104,-0.4169031749783034,-0.9882416009480088,-1.7804271618668621,-0.23961122567207213,-0.8544744297704054,-0.6555439899627394,-0.8641809106868654,2.1715226667717245,0.5833505891254672,-0.40252325169300757,1.4888288408763055,0.6868505814414182,0.8641809106868654,0.6555439899627387,-0.11896988561082296,-0.6347222057676005,1.409968763286241,0.09815324425328795,7.593435579547688e-4,2.1173548412693166,1.0032343553662626,1.5631135810883663,1.3179911348814817,1.6666220159864384,0.27583454506891375,-0.6608329728248301,-0.7496925819971905,-0.1777138548108673,-0.5088613263982832,-0.37174181903963527,-0.7656567202776299,-0.9511296417938885,0
0.004904094016293398,0.0010334127472937634,-0.15484123025532542,1.0385308760612593,1,0,0,1,0,0,-0.7731583567397526,0.5436060769174694,0.31631226684865466,-0.5558460221431568,1.9058339406386628,0.8476406580649883,0.10372693037714467,0.9272331740444146,-1.2181662656199912,0.5025170142222986,0.1935110401122431,-0.19728942078217834,-0.550540494176347,0.558011400665202,0.23472558356606388,-1.5412792325590265,0.9779883227026174,0.6880142539499551,0.7610291440431215,-1.023858678725748,0.41332359501402133,-1.0375136938814398,0.11643710559471845,0.29088841316663294,0.42013817833762396,1.023858678725748,-0.7610291440431222,0.49378541408539117,0.19081952690966666,-0.06384395909064733,-0.8450432918569822,-0.4600842227993849,1.3612349899154128,-0.13859458152457876,-0.4855086804782194,-0.23228628620644656,0.19555442875423396,-1.0899443568808573,-0.5969704579529088,-0.4514683405679659,-0.3130987707090945,-0.3502454288142823,0.36909507656128593,-0.09762646290970158,-0.8274130302866491,0
1.726821671951222,0.23294330649045036,0.5693561964423357,1.478524768348486,0,1,0,1,0,0,0.6149247137148194,-0.5978236128983703,0.23955317834438508,-0.5309640870434614,-0.20258533364806758,-0.04942788831113735,-0.09054033570510937,-1.0473739975002354,-1.0858358650915454,-0.02538291163385826,-0.9203393159037798,-0.794398598908978,0.23761650847398247,0.7832899755029599,-1.017636634137061,0.06929148108192039,0.3605645899035713,-0.10200149240892217,-0.9813771768947055,-0.11014700605881247,0.9085526550923984,0.41810764077771684,1.5540052593393203,0.39182035128860204,1.0969015808231903,0.11014700605881318,0.9813771768947048,0.35452284597261524,-1.1600669447440433,-1.06458099280335,-0.8708842928463041,-0.6990401460957827,-1.1276595207911904,-1.0357458890816678,-0.762349526635866,-0.9144083514851348,0.9449662184763004,0.5034643620605421,0.3062279666642602,1.0915179520441112,1.209981533145967,-0.4771381468814831,-0.28942660841731066,-0.3759724034796717,0.7190446135538346,0
0.5189093411610479,0.5421564981479937,-0.4445202009343899,-1.8947617391869185,1,0,0,1,0,0,-0.571255364673633,-0.06693960535794147,-0.13144908275958464,-0.41870605426809143,0.6460087435515047,0.27210365946774323,-0.07076147271476935,1.0755789427660296,0.21872801127296002,0.2779881316869411,-0.18682085409490007,-0.5822202327992199,0.14908197784152488,-0.576158948131076,0.8630929517444293,-0.6879758828098632,-0.40372759570405853,-0.7906514113534364,-0.8293216896597884,0.02843219803499119,-0.47729568196364086,-0.6116382817234981,-0.9903579329245934,-0.7758734045422674,-0.5290409553212525,-0.02843219803499119,0.8293216896597884,-0.4253475354589299,1.0914105080121401,0.6821600114951846,0.188596747715916,0.017827623793410803,0.6366201323679207,0.2692014673650073,0.7879592118469556,0.5738579727592754,-0.44283339212011924,-0.5588081172337243,0.05990112358685037,-0.46443461193445323,-0.7192535184037778,0.9504049313745251,0.2044646553166367,0.23638866577426285,-0.08511336124321738,0
1.0329145883058024,-0.7462318004251005,-0.8790386569529866,-0.13478617003801185,1,0,0,1,0,0,0.2742134146032426,-0.5425837654544045,-0.4896581624461761,-0.19708323698475788,-0.7420146002948131,-0.26497476735066505,-1.7156081387313729,-1.5813378519239365,1.5963191436796633,-1.599031612719905,-0.8192036835282805,-0.4246369059171577,0.9304326938188426,-1.0031314869216972,-1.0363311515389162,0.3794555142823213,-1.3251029692423717,-0.9513466510230861,-0.270149897892672,-0.31122271395962636,1.3832777172442134,1.1322620312009395,-1.8009055491145305,0.8462391265453596,0.13620006975450366,0.31122271395962636,0.27014989789267135,-0.9266927806649233,-0.9349191994684248,0.15449866644666885,0.33072225315718967,-0.23819657973844427,-0.15100471279239655,1.0032343553662626,1.2862727349307197,0.20179139169817292,1.055990187324014,0.8069707847160468,-0.5239847266707137,-1.3072422507561756,-0.9561771212256767,0.7600658542737248,-0.20711139779498602,-0.3759724034796717,-0.6418381130257917,0
-0.27779879191332196,0.5421564981479937,-0.8790386569529866,-1.8947617391869185,1,0,0,1,0,0,-0.6848257977108253,0.17146394676864757,-0.13144908275958464,-0.41870605426809143,1.0143910336990178,0.45545266445987265,-0.12718676724207878,1.2621070349006798,-0.5723832346697089,-0.36488182559283944,-0.8813081785831571,-0.8671814682817363,0.6720213611725048,-0.472496436999823,1.1972591988132695,-1.6871083734278398,-1.2061019756003781,-1.4438017777332315,-0.8434663861467556,-0.34619240229020387,-0.29525657667521626,-0.5328935314264368,-0.9129141544383417,-0.7030182669100651,-0.2638476276660006,0.34619240229020387,0.843466386146755,-0.4253475354589299,1.1664597564373458,0.1272058382545045,-0.7804407893836761,-1.1598837124531223,1.0146800580448727,0.35076067714292497,0.8986955503100138,-0.23228628620644656,-0.3318094232724056,-0.5588081172337243,-0.22291858513165644,-0.6459624110652865,-0.8546384343020056,0.8552353928241243,0.12214944469431245,-0.04195727479570725,-0.3944048900113141,0
0.004904094016293398,0.5421564981479937,1.0038746524609323,-1.8947617391869185,1,0,0,1,0,0,0.3246891626197725,-0.5611908719618456,-0.13144908275958464,-0.41870605426809143,-0.32644181144417383,-0.10801013136959821,0.45340227139278916,-0.3344235110953171,0.7853785833103355,0.7665912255469051,0.40133355907400603,0.10702368941352002,-0.14835330231916496,0.5061569972498621,-0.9227803774886366,0.04947708812547659,0.3203522115243906,0.17178563567594957,0.8111642712127044,-0.6585353003337585,-0.12472078762063675,-0.4654143607283253,-1.0239191317095984,-0.717959520181282,-0.35403804461790095,0.6585353003337585,-0.8111642712127051,0.35452284597261524,-0.9349191994684248,-0.3549674598070702,-0.2765412700918884,-0.135786898325702,-0.37153966943728567,0.4323198869208419,0.06817301183707392,-0.728375060954584,-0.16527347000083534,-0.482931511569848,-0.1681792866700104,-0.6589286824317738,-0.8715615487892844,0.9186817518577256,0.6983559190505837,0.4033962301162448,-0.45626319576493324,0
0.544609603518286,-1.880013503169424,-1.8929150543297122,0.5985369837740325,1,0,0,1,0,0,-0.11697363252486404,-0.42338198939110994,-0.4128990739419065,-0.2804087870860634,-0.3323438567213451,-0.10890451675980371,0.20719064169384982,-0.7584348704671299,0.0809347519517421,0.47161162742428175,0.518431206343984,1.035196525346756,0.26363230145867755,-0.17050140353649912,-0.6387339635956988,-1.0258915913050124,-0.5215169021472195,-0.13315051056577382,0.5209310369862826,0.895231533445257,-0.4584666243116489,0.401105998676677,-1.1415626299019068,-1.1542441157007117,-0.8039815168391813,-0.895231533445257,-0.5209310369862833,-0.20252742647848845,-0.6347222057676005,-0.1548200530645294,-0.6512357844370638,-0.801449827508525,1.0146800580448727,0.5138790966987595,0.2896456887631914,-0.35630847989348147,-0.6371253376036178,-0.02767187758659086,-1.0531312784666302,-1.3980061503215924,-1.6669479296913718,0.12560226393772106,-0.7010026615289333,-0.3759724034796717,-1.0129879475475077,1
0.5189093411610479,-0.7462318004251005,-0.8790386569529866,-0.13478617003801185,1,0,0,1,0,0,-0.05387894750420167,-0.449548232917199,-0.5152445252809326,-0.1768304991129128,-0.5585241441993701,-0.20907568046282074,-0.8608453796738399,-0.12260586064664698,-0.312090869962653,-0.6292924255734751,-0.5156382767706277,-1.0736216906235336,-0.2508086156492465,0.1065087719023957,0.9171349354709311,-2.26739103290489,-0.34426725361838484,-0.8474305018410591,-1.1598770966922176,-0.31393995325558316,1.3034487656667844,1.0870460364996306,-1.8518706473668156,0.5087639528319864,-0.1569959324001789,0.31393995325558316,1.159877096692217,0.3235756086142207,1.233170199481974,0.8802857272605263,-0.5665347256387286,-0.6592141588797168,2.2398742616275884,-0.22015379130249568,0.3819259708157405,0.8287924820048461,1.2225261405955843,1.0346006017076752,0.05077790717657645,-0.9182541097615345,-0.685407289429221,1.2359135470257274,0.36909507656128593,0.23638866577426285,-0.1469716669968365,0
-1.4343105979890196,0.20717554051898904,-0.4445202009343899,1.0385308760612593,1,0,0,1,0,0,-0.23054406556205628,-0.35883858869342367,-0.8094876978806327,0.9978282974541031,-1.6470572623246933,-1.0471147910853829,-1.2447978760596448,0.7822771031624896,-0.38858815805359737,-1.682282103576063,-1.5570392762426748,0.6148895654415477,1.8898016788605747,0.20537533818583367,-0.3440792856736971,0.05164964798905727,-0.6265020576485452,-0.19791862852963887,1.0782835138328166,-0.23079243079930178,1.936130366452512,-1.4183909492830706,0.5831159449955617,1.6514258741748495,1.8309982975924881,0.2307924307993025,-1.0782835138328173,1.050835686536495,0.5660657690356972,3.1445796217215944,2.699480677178414,2.2139463474222123,2.537421425354819,2.7703505672211355,2.227531611866718,2.413520512450285,1.0837461795359422,-1.5452039908641146,-1.4454295841084306,-0.9830854665939747,-0.36386811417093057,-1.0481553781838862,-1.6887851889968277,-1.9347096706715041,-0.8892713360402683,0
0.9044132765196139,-0.02473435322416849,-1.168717627632051,-0.4281154315628296,1,0,0,1,0,0,0.12278617055365294,-0.5169989940066729,-0.5024513438635544,-0.19997648525216433,-0.668608696287777,-0.2430623252906301,-0.43491984099405967,0.8244265559399487,-0.7967034957564312,-0.794985951265011,-0.9513714142528924,0.5770799973512575,1.2446531753244525,-1.0858395333024298,-0.33414350995334574,0.06399590511065047,-1.5891154253411492,-0.9528578573103029,-0.7279513648365089,1.5090415891424784,-0.48019144159378513,-1.4662889539926613,1.1534300813187834,-0.5017649215087054,0.30654919393160657,-1.5090415891424784,0.7279513648365081,-1.1216603760228097,-0.5596729573423944,-0.8644335860608106,-0.7029177864157086,-1.2281568333949502,-0.43454965705011084,-0.22015379130249568,0.12354118106860354,-0.9144083514851348,-0.38732140769626244,-1.317574173872486,0.3700904815361815,0.9359226956462544,0.65151875506577694,-0.09645999267988113,-1.1948939252628807,-0.7099875321636356,0.7809029193074537,0
-0.48340089077122306,-1.3904259497116478,-0.15484123025532542,-0.4281154315628296,1,0,0,1,0,0,-0.11697363252486404,-0.40826371535381406,-0.7327286093763631,0.2612072885724227,-1.1570091025838745,-0.5158498693033104,-0.1615858666227655,0.5727410448821939,1.8817565881964213,-0.34552421892673574,-0.009301769627131137,0.5742648396434052,0.31929909829590686,-0.042967359364457856,-0.013126782697571298,1.5463135686082636,-0.4160949840182613,-0.270325051579401,0.1590389773671773,0.625495827724652,0.18175660176706523,-0.7992551811559567,-1.0185282847441313,0.054188264925640814,-0.2518270422868408,-0.625495827724652,-0.15903897736717798,-0.17467491285593337,-0.18442671521636386,-0.5187244289600577,0.3048812521678669,0.12023730520615308,-1.6002344278873806,0.18764225758709038,0.12354118106860354,-0.6663639641110671,0.4731143508735179,-0.482931511569848,1.1638103092300558,0.37837302688726915,0.38074892326932136,1.5531453421937294,0.28677986593896093,0.6817421706862145,1.2139110595827887,1
0.5189093411610479,0.05256894469021735,-0.4445202009343899,0.5985369837740325,1,0,0,1,0,0,-0.571255364673633,-0.06693960535794147,1.1350758775608636,-0.6565310618489011,1.3087653055230202,0.4558998571549754,-1.0453468632228733,-0.46723023131795055,-0.4545740957503721,-0.40795416734779016,-0.4980691430224765,-1.2132706873649282,0.10945590580820701,-0.6952598877402228,1.078411360029595,-0.7496190684197498,-0.1945156275621265,-0.7905750066017238,-1.0117882743416888,-0.651277219968356,0.7588847720428523,1.721616982296835,-0.1318768535613723,0.3582413944869403,-0.12432834166106826,0.651277219968356,1.0117882743416882,-0.7038726716844818,0.8662627627365218,-0.2821865846279648,-0.6124742829530796,-0.6478353053894121,-0.15100471279239655,-0.22015379130249568,0.2896456887631914,-0.29429738304996345,0.5286263352973745,1.33810702436318,-0.48749186102961545,-0.47740088330094144,-0.3130987707090945,-0.6040308649486834,0.2044646553166367,-0.09762646290970158,-0.76555472453303,1
-0.7147032519863632,0.0783367106616796,0.5693561964423357,-1.6014324776621007,1,0,0,1,0,0,-0.5081606796529707,-0.1745119398540853,-0.029103631420558513,-0.4551609824374126,0.5918732820097946,0.21754615066520716,1.4898755724596464,-0.9026142579982173,0.7459079666764545,0.5762783414143431,1.3054577592032164,0.7286391140251766,-0.6499158329610821,1.3226733472701657,-0.591455936117382,-0.640976027612515,0.20320033242134883,0.33648213398260424,-0.40749033797582196,1.3979208031972914,-0.7501086270901529,0.6463588229008715,-1.66380027076964,-0.5770248896061825,-1.3686497101168282,-1.3979208031972914,0.40749033797582124,1.217950768271826,-0.5596729573423944,-0.027453521501095285,-0.354064273059855,-0.2552648599739003,0.7311351137871589,-0.5463906304141645,-0.4301405112466897,0.139780294854656,-0.8869292675109735,0.12408133374116129,-1.1626098753899237,-1.709196663117305,-1.7684866166150421,-0.3819686083310823,-0.7833178721512579,-0.2089648391376897,-1.0748462533011267,1
0.004904094016293398,-0.5916252045963298,1.0038746524609323,-0.8681093238500562,1,0,0,1,0,0,0.13540510755778543,-0.5175804660850305,-0.7711081536284979,0.37577991996171783,-1.5897796604139562,-0.6884662496129738,0.4212117855926449,-0.4308102466793494,-1.0222158750935277,0.3140493342974734,-0.20996424440883626,0.48568290887237636,0.6140016204687947,0.3679567954326621,-0.6527905222544977,0.09151106273457689,-0.017353649297136908,-0.2520806179652342,0.8549852458654548,-0.18555039652161812,-0.2180471468046666,-0.062650631193766,1.489363138442383,-0.4414679714473761,0.02685614100105861,0.18555039652161812,-0.8549852458654554,0.2152602778598393,-0.7097714541928067,-0.4095531161914002,-0.3023822710812103,-0.2894014204448148,-0.5920746260821743,0.8401159358104279,0.4557501964577793,-0.9764194483286528,-0.1375174777889068,0.04820472807728505,0.34272083230535716,1.0915179520441112,0.8207498999385615,-0.7626467625326843,0.6160407084282594,0.5704037944582268,0.5953280020465953,0
0.8787130141623758,0.28447883843337485,0.5693561964423357,-1.6014324776621007,1,0,0,1,0,0,-0.21792512855792381,-0.36058300492849626,-0.6047967952025805,-0.05820732014924861,-0.6011742540002513,-0.232329700608164,0.6749125664951214,-0.2684934649406468,-0.5926556305610059,0.8767427029994588,0.7453454219053867,1.4254815595444466,-0.18753008506704347,-0.17570935894569356,-0.3193110103869115,-0.5168440281296997,0.37170765159653785,0.6062677237865353,0.6359402782403267,1.3134690058789504,-1.1140490740432765,0.04863694619537015,0.2908016970357561,-0.8158438845606388,-0.3770831206482719,-1.3134690058789504,-0.6359402782403275,0.15955525061472892,0.11577027848446049,1.4554568102731822,0.9121447754169449,1.0419244379208312,1.9598298722372534,0.6769975162545934,0.40038202722625016,1.5040244254120325,-0.9701972441467586,0.27583454506891375,0.6985262723060605,0.754394896515422,0.34690269429476517,0.47455723862252236,-0.37174181903963527,0.29205785388825667,0.6571863078002155,1
2.0095245578808356,1.3924927752062353,-0.4445202009343899,-0.13478617003801185,1,0,0,1,0,0,-0.43244705762817587,-0.23672945223834146,-0.09306953850744984,-0.4401160914468991,0.4024987451062733,0.1580695222165408,-0.0041068140283233474,1.65860919776366,-0.6791887515953022,-0.7667090255812558,-1.3131615537900234,-1.4124781695758135,0.7822601882487431,-0.7338241517642204,0.981184693961599,-0.7761234066491175,-0.8280286573463493,-1.4870241270870552,-2.224899449213141,0.28017642692511974,-0.7275178211792517,-1.2935638889729941,0.14854460176228054,0.21471538710491395,0.2553846989423405,-0.28017642692511974,2.224899449213141,-0.7874302125521474,0.641115017460903,-0.5915053041391644,-0.8708842928463041,-1.1086788717467513,-0.5605696322757617,-0.8726274695258333,0.17890935030013266,-0.4183195767369984,-0.859173275299045,-1.3934507795363622,-1.0987473605180025,-0.8663890242955825,-0.7361766328910565,-0.826093121566285,-1.0302635040182315,-1.0440026608476,-1.0129879475475077,0
-0.5605016778429365,-1.880013503169424,-1.6032360836506476,0.5985369837740325,1,0,0,1,0,0,-0.6722068607066928,0.16274186559328455,-0.46407179961141953,-0.2115494783217901,0.5607677872889608,0.28864978918654516,-0.7939218826299684,-0.968481003600935,2.200172459236262,-0.5291414178681056,-0.3415703452823903,-0.6800194231110905,0.23849487659997365,-1.4616861156135676,-0.9308129887386613,1.8704227804306897,-2.1407394093245276,-1.6471380276747056,-1.5933077962547393,0.6527578856825103,-0.3565318402004858,0.39680255272596754,-1.1281149465421099,-1.4078846351431098,-1.1640515170162604,-0.6527578856825103,1.5933077962547393,-1.3723329986258064,-0.8598699510432187,0.03622974428062242,1.002588278879574,-0.03337721691295973,-1.442709458855317,-0.22015379130249568,0.6772228733838963,-0.35630847989348147,-0.5538573609678327,-0.02767187758659086,-1.0440080620563552,-1.385039878955104,-1.7346403876404854,-0.033013633646279864,-0.37174181903963527,-0.09762646290970158,-1.198562864808365,0
0.13340540580248203,-0.514321906681944,0.5693561964423357,0.5985369837740325,1,0,0,1,0,0,0.5770679027024219,-0.5885200596446497,-0.016310450003180245,-0.4592115300117816,-0.3594259865184085,-0.09772469938223485,-1.3650155462348277,-1.0874637783290217,1.147721509774498,-1.5347615119088207,-0.620134924216853,0.4050957514162717,1.08095885053695,-1.3150730288158456,-1.2140085703894166,1.7919107815008597,-1.95922697873585,-1.4663208943702992,-0.5483077512256369,1.0963072413460702,0.5840818698422355,0.27641102820247526,0.23172377143146866,0.13062785376771863,-0.6253711839600162,-1.0963072413460702,0.5483077512256362,-1.2887754577581405,-1.2351161931692491,-0.600602913536552,0.3436427536518511,-0.4942207832702994,-1.6947494093066184,0.18764225758709038,0.5111183656893089,-1.0384305451721696,0.41760236644966076,0.12408133374116129,-0.3597668312857729,-0.1921429132382052,-0.1269445113490324,-1.1433249167342867,-0.7833178721512579,-0.3759724034796717,-0.2706882785040748,1
1.9067235084518848,-0.514321906681944,0.27967722576327125,-0.8681093238500562,1,0,0,1,0,0,0.021834674520593164,-0.4768774206000031,-0.822280879298011,1.0325472766629804,-2.0657141398526764,-1.1647264698974074,0.5967706915089025,-0.19213213263401407,-1.0433430206580132,0.40560954470278243,-0.17772334834151268,-0.11195365742132522,0.22897272354277556,-0.4292318759121857,-0.9050246270375247,-0.42591032317090743,-0.3058910964206433,-0.16406291041416135,0.17827491249930566,-0.3295023237687909,-1.2587076064790128,-0.6429264221718106,0.9982860612858184,-0.8512687021455498,0.07087355725146058,0.32950232376879157,-0.17827491249930708,-0.28608496734615396,-0.7097714541928067,0.6275743551108558,0.29196075167320634,0.15437386567706757,0.9201650766256344,0.758556726032511,0.7325910426154264,0.3258135853852078,-1.1644891896302574,-0.5588081172337243,0.1785029369204177,0.6765972683164937,0.2622871218583729,-0.033013633646279864,0.5337254978059351,0.4033962301162448,0.2860364732784985,1
1.8296227213801723,-1.6481036094262664,-1.168717627632051,-0.13478617003801185,1,0,0,1,0,0,-0.2810198135785862,-0.3454647308912004,-0.20820817126385424,-0.36199838822692515,0.08588542926353934,0.014073474393453808,0.3584500324690751,-1.009573207553612,-1.1131813088776135,-0.1414494164816111,-0.7622756710290506,-0.02280579906770797,0.8364738414497946,-0.3853787786512379,-1.466526369797976,-0.4284860818623309,-1.183900663609891,-1.5650932966421223,-0.35050866602642966,0.3165258375355961,-0.8834994306381946,-0.08346301269550482,1.091168951798857,-0.9828465960323618,-0.5370132779541871,-0.3165258375355961,0.350508666026429,-0.3974950218363748,-1.3852146900196616,-0.1457224436671417,-0.3411437725651945,-0.767313267037611,-0.37153966943728567,1.0032343553662626,1.3416409041622488,-0.35630847989348147,-0.7759052986632599,0.04820472807728505,0.40658334717727845,0.9359226956462544,0.43151826673115745,-0.4771381468814831,0.4514102871836102,0.6817421706862145,0.34789477903211874,0
0.3904080293748593,-0.6946962684821769,-0.8790386569529866,-0.4281154315628296,1,0,0,1,0,0,0.3751649106363024,-0.569331481058851,-0.6175899766199587,-0.026381589207777743,-1.0776492079725624,-0.4174674763807044,-0.8343903398893118,0.8744882262886337,-0.32578219339336817,-0.3289433804517748,-0.6392640911718404,0.31049035833067246,0.8388333883199486,-0.9164589577827049,0.48678842359736285,0.16866140666048335,-0.800417531027491,-0.922184030040987,-1.1820904200447964,1.595854703162155,0.24452508661906577,-0.7126085780388389,0.6148436201865531,-0.3492990369673595,-0.06925858967861075,-1.595854703162155,1.1820904200447957,-0.9545452942874786,0.19081952690966666,-0.6642861793182697,-0.4832692780064673,-0.7502449868021539,-0.8756195703398886,-0.30171300108041293,0.2896456887631914,-0.6043528672675491,0.16779843654230542,-0.7105613285614767,-0.17730250308028428,0.15794641365697218,0.008440404549195996,-0.4771381468814831,-0.9479482933959068,-0.32030321536567735,0.34789477903211874,1
-0.6119022025574117,1.6501704349208541,-0.4445202009343899,1.0385308760612593,1,0,0,0,1,0,-0.2684008765744537,-0.3489535633613456,0.06044863850108935,-0.48930131199280863,0.2980926766839729,0.1097727111454433,-1.2731909549804539,-1.1360452964587267,-1.0458921479068664,-1.2012883769073763,-1.3295436396295648,-0.588387546090371,1.456611246883214,-1.075707987368982,0.5241481553192057,-1.227003562871682,-1.7962690655768845,-1.8272755405253625,-0.648221895874381,-0.1595918522639314,0.6955682695060907,2.084337937541693,0.1967493548695093,-0.15828656053523207,-0.055507067796284566,0.1595918522639314,0.6482218958743803,-1.1216603760228097,0.11577027848446049,-0.9372144612399159,-1.3489428111487698,-1.8426149218714025,-0.18250970659880966,0.5954383064766764,1.0648000580046022,-1.3484860293897554,0.25106641317809053,1.2622304186993043,-1.1534866589796486,-0.892321567028559,-0.8884846632765624,-0.9212626601166852,-0.37174181903963527,-0.48731077970765985,-1.2604211705619852,1
-1.6399126968469209,0.0783367106616796,-0.15484123025532542,-0.4281154315628296,0,1,0,1,0,0,-0.81101516775215,2.049618759863483,-0.3745195296897717,-0.2896671815417641,1.926956945129057,1.8001610986338559,-0.1938412726245267,-0.08652499616653449,0.9712000275525782,0.3059435925128028,0.1166824218690221,0.9013381536516608,0.6011997822853182,-0.6171701282668651,-0.9898155364032185,1.6158139365532276,-0.3180407089144397,0.31030352089553576,0.9704170281043213,0.266869946255213,-0.34712811206627864,-0.8728172028758778,0.29607420467610784,-0.7286737784209522,0.15125812941086306,-0.266869946255213,-0.970417028104322,-0.7874302125521474,-1.1600669447440433,-1.1737523055720087,-0.28946177058654887,-0.3918111018575571,-1.6002344278873806,-0.05703537174666111,-0.4855086804782194,-1.1004416420156866,-0.3040534310604773,-0.7864379342253526,0.14201007127932075,0.2746428559553643,-0.0423289389126401,0.5380035976561225,-0.7833178721512579,-0.7656567202776299,-0.08511336124321738,1
-0.4063001036995106,0.4133176682906843,-0.15484123025532542,-1.6014324776621007,1,0,0,1,0,0,-0.8236341047562825,3.4044487024365377,-0.438485436776663,-0.2375887127284481,2.2903710822042025,2.801872735664026,0.03441861152132718,0.10720262789116092,1.6418529971713571,0.2900194881069312,0.9787732263139557,0.9279938074777749,-0.9058715872637968,-0.3089227011242345,-1.1557474104004826,0.7031463599935709,0.6901152887444718,1.4938195759762347,1.1921218465220598,0.08334093927970501,-0.3565318402004858,-1.3049413554075062,-1.5378737689171487,0.2925088890599074,0.18597093698100434,-0.08334093927970501,-1.1921218465220604,-0.48105256270404034,-1.2351161931692491,-0.8735311954581982,-0.4186667755331612,-0.135786898325702,-0.40304466324369825,-1.5251011477491712,-1.980449249729511,-0.8523972546416179,-0.5538573609678327,-1.3934507795363622,-1.0440080620563552,-1.5665676780859363,-1.3792549834076382,0.4428340591057229,-0.8656330827735822,-0.9326642846196119,-0.8892713360402683,1
-0.27779879191332196,1.2378861793774645,-0.8790386569529866,-0.8681093238500562,1,0,0,1,0,0,-0.6848257977108253,0.1772786675522229,-0.3617263482723934,-0.2983469263439834,0.7645816842404989,0.3669085108295272,-1.0822709443322822,0.924135262160697,-0.6767037020927675,-1.7242802435590927,-1.5164701913158252,-0.6017097968919962,1.4391767919908969,-0.6335104368059749,0.7562657746106466,-1.7460909440719525,-1.1747016877942427,-1.5676553613597757,-0.5666803935267488,-0.25863368266248993,0.8719279294591936,-0.510794198278552,-0.8295763759545796,1.1645772825712752,0.44097517829159893,0.2586336826624906,0.566680393526748,-0.5924626171942612,0.7161642658861095,0.04532735367801011,-0.8708842928463041,-1.2281568333949502,0.8571550890128092,0.5954383064766764,1.009431888773073,-0.4183195767369984,1.0004782029001573,-0.3311783002420958,0.561678026151944,0.015317428625603584,0.4822876101929924,0.7917890337905242,-0.12479618717266176,-0.26463402725168356,0.8427612250610729,0
0.15910566815972013,-0.12780541711001567,-0.15484123025532542,-0.13478617003801185,1,0,0,1,0,0,-0.24316300256618875,-0.3576756445367086,-0.3361399854376369,-0.303554773225315,-0.10120453132923703,-0.040484034409082256,0.6356469428042264,1.0403863365947186,-0.36878940210970246,0.6147080022345836,0.6463752037528413,0.018421122108033823,-1.1450645541617646,0.31046845205693024,0.9476506863797345,-1.0477034294899001,0.6855145043302959,0.435075169056301,-0.24687185720061178,0.26996871572628706,-0.5736661281744136,-0.4786272429939587,-0.548693439301725,-0.15068640543970266,-0.41555319965498333,-0.26996871572628706,0.24687185720061106,0.5216379277079463,1.2415090048625523,0.8277217618533966,0.09815324425328795,0.3762615087380082,1.5817699465603012,-0.6279498401920818,-0.5962450189412776,0.5738579727592754,-0.6648813298155464,-0.6346847228976005,-0.6882026220556532,-0.840456481562607,-0.8377153198147269,-0.3185222492974822,0.03983423407198747,0.18071947766026855,-0.8892713360402683,0
0.544609603518286,0.20717554051898904,-1.8929150543297122,1.0385308760612593,1,0,0,1,0,0,-0.29363875058271866,-0.3361611776374798,-0.8094876978806327,0.9978282974541031,-1.574646185705805,-1.0296742759763755,-1.465473432761783,0.7834468110917544,-1.1989275689842065,-1.5647116502187242,-1.437447449884512,0.3561460623904177,1.690503661752994,-0.34790408011345514,-0.4278332535445762,-1.251713379799115,-0.5926333897582738,-0.15025595156477936,0.633698674005907,-0.14275387761029457,1.6901548242133837,-1.5038992965359284,0.381122919192777,1.526179368021792,1.7220563934706428,0.14275387761029457,-0.6336986740059076,-0.45320004908148526,-0.5596729573423944,-0.5824076947417753,-1.0905328012555453,-1.2281568333949502,0.8571550890128092,0.5138790966987595,0.2342775195316623,-0.790386157798101,0.8616982418405155,-1.6210805965279906,-1.527538531800901,-1.1386807229918314,-0.5669454880182719,-0.9529858396334858,-1.6064699783745033,-1.823371294443516,-0.9511296417938885,0
0.5189093411610479,-0.4885541407104817,-0.4445202009343899,-0.13478617003801185,1,0,0,1,0,0,-0.571255364673633,-0.06693960535794147,-0.13144908275958464,-0.4036611632775779,0.6460087435515047,0.2604766493950716,-0.27501020078210237,0.9145016992114527,-1.3491326389897509,0.31985954894566176,0.10884681748814265,-0.07568173905831702,-0.32973696174840866,-0.604771826759048,1.2482442762707393,-0.44802239185087295,-0.35144295917367524,-0.39069478995739026,0.1590389773671773,-0.2609537869844238,-0.22187250481049808,-0.004718567954962649,1.3940902170145666,-0.7805944373598134,-0.522943613435286,0.26095378698442306,-0.15903897736717798,-0.7317251853070371,0.7161642658861095,-0.9099216330477515,-0.9742482968035945,-1.040405750804923,-0.40304466324369825,0.18764225758709038,0.12354118106860354,-1.1004416420156866,-0.3318094232724056,-0.17942508891434333,-0.5239847266707137,0.22277777048941236,-0.11002139686175369,-1.4288335323854886,0.8629863402952329,0.793080546914203,-0.6418381130257917,0
-0.5862019402001745,-0.7204640344536393,-0.8790386569529866,0.5985369837740325,1,0,0,1,0,0,-0.7479204827314877,0.37497917419378457,-0.5280377066983108,-0.1710440025780999,0.852482349808004,0.4205716342418578,-1.1170987371881909,0.465868591096334,1.6815181263819283,-0.8938472307234689,-0.8032174365557125,-0.08803976651276273,0.7590576309315559,-0.3993262695000347,0.010792833374643655,1.256722554640047,-0.5898885209292537,-0.2881459081334247,-0.01001094667634824,-0.11014700605881247,1.154350883892035,-0.6286072380724074,-1.0358066404026778,0.6226065827914214,0.7629036096294098,0.11014700605881318,0.010010946676347532,-0.3139374809687093,0.11577027848446049,0.33645085439443295,0.9638267773955896,0.6493539925053206,-0.7495995951142377,0.758556726032511,0.8433273810784847,0.5738579727592754,1.1115021717478706,-0.5588081172337243,0.12376363845877164,-0.4385020692014777,-0.1777138548108673,1.3628062650929278,-0.28942660841731066,-0.3759724034796717,0.22417816752487937,0
1.3927182613071303,-1.880013503169424,-0.15484123025532542,0.5985369837740325,1,0,0,1,0,0,-0.07911682151246661,-0.4448964562903387,-0.46407179961141953,-0.2115494783217901,-0.4459981407218752,-0.17866657719583343,-0.2406906654856162,-1.254210637708637,1.4580232079162319,0.784723114352916,0.960514272888194,0.12894793632373847,-1.049326771543211,-0.7549164866984206,-1.466526369797976,0.19980824190429577,-0.042031089338375655,0.08648953338729241,-0.2645441656443792,0.43824128821613356,-0.41961742918123834,0.2523095376406706,-1.7923785556076604,-1.1017876100810733,-1.164275401336992,-0.43824128821613356,0.2645441656443785,-0.8988402670423681,-1.535313186870074,-1.1919475243667854,-0.9225662948249498,-0.8867912286858101,-0.9071245641463012,-1.1173050988595852,-1.149926711256571,-1.1624527388592034,-0.6648813298155464,-0.2553016945782196,-1.3541974200056863,-1.9036907336146256,-2.0900257918733334,-0.0012904541294803558,-0.37174181903963527,-0.2089648391376897,-1.569712699330082,0
0.030604356373531493,-1.6481036094262664,-0.15484123025532542,-0.13478617003801185,1,0,0,1,0,0,-0.7605394197356201,0.47382942751456536,-0.20820817126385424,-0.36199838822692515,1.3974566944978608,0.6441679817932351,0.8996992563956601,0.19982189756083862,-1.5827250237411816,1.4927357901877234,0.7504012497962566,0.9095301468647823,-0.5306825554001124,0.41623057283153153,0.4256722697234566,-1.522733555639057,0.9429970501631234,0.34095553356372316,0.6286220997103051,0.617030896486598,-0.8351610330483833,0.1521673098676069,0.6334377575033827,-1.081530016447473,-0.64268165944529,-0.6170308964865974,-0.6286220997103059,0.5216379277079463,0.5660657690356972,0.46381738595786837,-0.44450777652248397,-0.06751377738387422,1.487254965141063,0.18764225758709038,-0.09793149585751397,0.139780294854656,-0.8869292675109735,-0.1035484832504671,-0.6973258384659271,-0.2958730841701091,-0.685407289429221,-0.826093121566285,-0.12479618717266176,0.18071947766026855,-0.6418381130257917,0
0.3904080293748593,-0.978141694168258,-0.8790386569529866,0.3052077222492148,1,0,0,0,1,0,0.3751649106363024,-0.569331481058851,-0.5408308881156891,-0.16815075431069346,-0.8969937012838549,-0.30790526608052954,-0.14948119466782248,-0.7991469746989832,-0.8441119903405798,0.026676188376341083,-0.2299514680205096,-0.2846357489744126,0.30963963553521107,-0.8724309241889631,0.4287821257164962,0.253555910286359,-0.27619662475259243,-0.4241814772537618,-0.7652983266135058,0.37080434932556694,-0.6638654599482494,1.5263988231163585,1.4087286057136634,-0.3099096546910301,-0.1151824817911891,-0.37080434932556694,0.7652983266135052,-0.8709877534198129,0.26586877533487285,-0.3367722410122935,-0.1602567656399366,-0.2552648599739003,-0.655084613695,-0.05703537174666111,0.34501385799472056,-0.17027518936292965,-0.5816133531797613,1.5657368413548085,0.2788583174334372,0.9877877811122063,0.7869036709640054,-0.9847090191502859,0.03983423407198747,0.23638866577426285,0.40975308478573785,0
-1.460010860346257,-0.6173929705677911,1.4383931084795292,-0.4281154315628296,1,0,0,1,0,0,-0.6595879237025604,0.11331673893289414,-0.2849672597681238,-0.3446388986224865,0.7573078294852779,0.3534927299764446,1.0236556864325594,0.5067897001416004,-0.7795208476666333,1.5884746794461369,0.2994815027608053,-0.06019293699774688,-0.9638402666718241,0.39024296607058045,0.9430309467313669,-1.8694834621952445,0.759154837471681,-0.8932629929013401,-0.4019224822967764,0.3165258375355961,-1.0334919769216768,0.2491229326183052,-0.8130194743451643,-1.3931618703899213,-1.2614380740185467,-0.3165258375355961,0.40192248229677574,0.35452284597261524,0.8662627627365218,-0.009258302706318612,-0.9742482968035945,-0.6649035856248688,0.3530751881102058,0.02452383803125581,0.2342775195316623,-0.17027518936292965,-1.0812212129944723,-0.1035484832504671,-0.9254062487227878,-1.1516469943583196,-1.531563013793144,-0.2550758902638815,0.4514102871836102,0.6817421706862145,-1.3222794763156045,1
-1.6399126968469209,1.0317440516057692,-0.15484123025532542,-0.8681093238500562,0,1,0,1,0,0,-0.81101516775215,2.049618759863483,0.2267599969270068,-0.5286494884295363,2.456912908590811,1.9848516817112936,0.23979609466831026,0.13225959858681863,0.7086381783815688,0.483191382748208,0.47157908753478056,0.9979307120142454,-0.293581266815131,-0.7355882379587175,-0.910679969515844,1.510041183665781,-0.14723184642152845,0.3358810855334908,1.1169885469471594,0.2532428274968747,-1.0684334071169745,-1.0938296515937527,0.5487136324004099,-0.798752963795989,-0.2851534037613002,-0.2532428274968747,-1.1169885469471603,-0.9266927806649233,-1.1600669447440433,-1.4648758062884317,-0.6124742829530796,-0.6307670251539549,-1.7892643907258567,-0.05703537174666111,-0.5408768497097485,-1.4725082230767892,-0.9979532363586869,-1.0140677512169813,0.05077790717657645,0.3265079414213163,-0.025405824425361403,-0.12818317219668063,0.5337254978059351,0.7374113588002092,0.22417816752487937,1
-0.12359721776989524,1.2378861793774645,-0.15484123025532542,-0.8681093238500562,1,0,0,1,0,0,-0.3188766245909836,-0.3076690457979606,-0.3617263482723934,-0.2983469263439834,-0.0442206938670143,-0.00605019688617015,-1.2867860840667686,0.10016556739552004,0.10801231085826325,-0.9651539208357697,-0.8477257238701076,-0.41313306598571903,1.0862420593899746,-0.7530215603513908,-0.4902551563334803,-0.7359475710202021,-0.027950326933190824,-0.3799145836726766,0.288491621905012,-0.8495867060811616,1.0368971032205319,-0.6286072380724074,-0.8872127817391996,1.2761456147743782,0.7311723126337462,0.8495867060811616,-0.2884916219050127,-0.8152827261747027,-0.6347222057676005,-0.6642861793182697,-0.9096457943302884,-0.8697229484503528,-0.18250970659880966,0.35076067714292497,0.2342775195316623,-1.0384305451721696,1.0004782029001573,-0.5588081172337243,0.12376363845877164,-0.3607044410025493,0.1438253204474232,0.728342674756924,-0.04248097655033679,-0.4316415915936655,0.34789477903211874,1
0.2105061928741954,-0.12780541711001567,1.0038746524609323,-0.4281154315628296,1,0,0,1,0,0,-0.785777293743885,1.0000616584281339,-0.6559695208720935,0.04594961747738333,0.9012659350619028,0.733606520813786,1.2470795683831835,-1.3530176803315221,-0.7151243405037618,0.18778721193263304,0.03834853227979022,0.27003673314290205,0.08371082300972217,1.7838703947076493,-1.2870460707522826,0.04291181901792238,1.375501394806575,1.4806758639953583,0.3637290563372595,0.007555847346540335,0.04832778256871188,0.567724728056386,1.0207211699888254,1.1102352290959825,1.3957368208988326,-0.007555847346540335,-0.36372905633726016,0.911573118423719,-1.4602639384448675,-1.583144728454478,-1.3231018101594472,-0.8185181077439823,-0.844114576533476,-1.4435419379712537,-1.7036084035718644,-1.2244638357027204,-0.22078545442469194,0.12408133374116129,-1.0075151964152582,-0.39960325510201306,0.04228663352375219,-1.1116017372174867,-1.4418395571298541,-1.6006945419875402,-0.5799798072721716,0
-0.7147032519863632,-0.4885541407104817,0.5693561964423357,-0.13478617003801185,1,0,0,1,0,0,-0.5081606796529707,-0.1745119398540853,-0.13144908275958464,-0.4036611632775779,0.5054177919018836,0.177746000801062,0.8324449066962705,-0.43988768461383454,-2.0565435248050026,1.7662721481848382,1.4730449784253095,0.18250659486282778,-1.6467651059202986,0.8795724027025952,-0.7307784858664114,-1.2589543216924726,1.2618686128471344,1.1549048130450175,0.4025854781078499,-0.15036214763897582,-0.2786765256220716,-0.12831819267388384,1.5462362128153448,-1.1348724058610449,-0.7874908497959525,0.15036214763897582,-0.40258547810785056,0.7723105503109431,-0.7097714541928067,-0.11842961547497735,-0.7416792878996918,-0.2552648599739003,1.2982250023025865,-0.38327221085833024,-0.5962450189412776,0.139780294854656,-0.3595654154843339,-0.2553016945782196,-0.42362934615769415,0.39133929825375646,-0.11002139686175369,-1.4605567119022886,1.1099319721622063,1.127095675598167,-0.5799798072721716,1
0.8787130141623758,-1.880013503169424,0.5693561964423357,0.5985369837740325,1,0,0,1,0,0,-0.21792512855792381,-0.36058300492849626,-0.46407179961141953,-0.2115494783217901,-0.312681043827472,-0.11382363640593401,0.2876545422231309,-0.7997299707992619,0.5317131900255659,0.9531041499145613,1.3440269426121392,1.315383150975219,-0.4676749377074115,-0.15480553792537738,-0.407354488945409,-0.8230187642449905,0.5217833548231074,0.7931755491232224,1.2234273880116,0.5806453452778549,-0.5546705127262405,0.6895756982112965,-1.5539242297014257,-0.7701907745744517,-0.9729193057872604,-0.5806453452778549,-1.223427388011601,0.0759977097470634,-0.10937746679115769,0.9914787310063841,0.3565632541465125,0.5640125913280355,1.9913348660436665,0.6769975162545934,0.12354118106860354,0.8839134569768611,-0.7481493064513315,0.12408133374116129,-1.244718823082393,-1.7221629344837932,-1.8361790745641564,-0.09645999267988113,-0.6186874509066087,-0.4316415915936655,-1.4459960878228426,0
1.9067235084518848,-0.3854830768246345,0.27967722576327125,-0.13478617003801185,1,0,0,0,1,0,0.021834674520593164,-0.4768774206000031,-0.6687627022894718,0.11538757589513797,-1.0062579257597264,-0.4559260481595413,0.313635406829656,0.18814229672903726,-1.026798158308725,0.5901706270691448,0.7079272080375274,-1.9373715027146097,-2.05801531641465,-0.6190200083213189,-0.6218607408743799,-0.30552994067523065,-0.12018211576902144,0.4021647714386133,-1.0760532349843712,-1.5751271636218847,-1.0546351665533458,-0.8811976455858848,1.0966393551664964,-0.9164529712677848,-0.5277044175784064,1.5751271636218847,1.0760532349843703,-0.6760201580619267,-0.7097714541928067,-0.5187244289600577,-0.5866332819637576,-0.596630464683041,0.3215701943037938,-1.1988643086375024,-0.9284540343304539,-0.4183195767369984,-0.9701972441467586,-0.7864379342253526,0.1785029369204177,0.7284623537824456,0.27921023634565156,-0.667477223982284,2.4269753421193996,1.5724491805101195,-0.5181215015185524,0
-1.460010860346257,-1.6481036094262664,1.4383931084795292,-0.13478617003801185,1,0,0,0,1,0,-0.6595879237025604,0.11331673893289414,-0.8350740607153893,2.0422909219878287,-1.2922481779456862,-1.4911771373224183,0.9800258872236105,1.1821742295021436,-2.426150697493611,0.7530593277938035,-0.7322847257715893,-0.6838267743165691,-0.04374385543083675,0.44987768474307943,0.6189384421689405,-1.694445302286299,0.8439305492216548,-0.7613548478985807,-0.5252107151899527,-0.41176056791003435,-0.9132373708114573,-1.0025322859563532,1.6138751628875196,-0.18050748222255988,0.20869118457813512,0.41176056791003435,0.525210715189952,0.4102278732177254,0.5660657690356972,-0.009258302706318612,-0.8838047933409655,-0.5454256239766699,0.25856020669096863,-0.22015379130249568,0.012804842605544792,-0.10826409251941274,-1.1089772052064004,-1.317574173872486,-1.8650975389810545,-0.9571529238609991,-0.9561771212256767,-2.1584666612718926,-0.5363722402842841,-0.7656567202776299,-1.7552876165909395,1
-0.4063001036995106,-0.12780541711001567,-0.15484123025532542,-0.13478617003801185,1,0,0,1,0,0,-0.8236341047562825,3.4044487024365377,-0.3361399854376369,-0.303554773225315,2.4332596876959336,2.8528527029057402,0.23860396605592615,-0.6089812743436432,0.9859591156468801,0.4266223826855418,1.318910074358283,0.7978356752217164,-1.7453046710502529,-0.3718936875032647,-1.2435848724325542,0.767260113212417,0.7013984613857178,1.5453044567624512,1.6035661060988957,-0.5022446364654003,-0.7033764137289104,-0.4099501148336048,-0.5768167214199391,0.11915539221492123,-0.20595865863814425,0.5022446364654003,-1.6035661060988964,-0.5367575899491508,-1.3101654415944555,-0.8917264142529749,-0.40574627503850064,-0.11871861809024475,-0.43454965705011084,-0.9541866793037505,-1.5375038958772762,-0.8523972546416179,-0.7203933142394032,-0.482931511569848,-0.350643614875499,-0.5811310542328463,-0.4992530300691578,-0.033013633646279864,0.7806711296729086,0.5704037944582268,-0.76555472453303,1
-0.7147032519863632,-0.12780541711001567,0.5693561964423357,-0.4281154315628296,1,0,0,1,0,0,-0.5081606796529707,-0.1745119398540853,-0.6559695208720935,0.04594961747738333,-0.33089868126174904,-0.16972272329377835,0.6064125681620945,-1.048076284044141,-1.6562217166261042,0.2134360302787716,-0.008139640663821505,-0.056174075089394246,0.5133503166827851,0.8868210417084993,-0.8536491736185097,-1.3068132664640448,1.2798377005742412,1.5263904705016735,0.8355570349801581,-0.90531003275748545,0.04286969803348574,0.5833505891254672,0.9508892661784393,0.980726848594794,1.500805138155887,0.90531003275748545,-0.8355570349801588,0.7166055230658329,-0.8598699510432187,-0.2912841940253525,-0.8967252938356269,-0.40887938209301433,1.518759958947476,-0.22015379130249568,-0.5962450189412776,0.07776919801113909,-0.1375174777889068,0.27583454506891375,-0.6608329728248301,-0.11434528503927678,0.27921023634565156,-0.635754044465484,-1.0302635040182315,-1.4336869776455579,-0.3944048900113141,0
-0.38059984134227254,-1.880013503169424,-0.15484123025532542,0.5985369837740325,0,1,0,1,0,0,-0.6469689866984278,0.11331673893289414,-0.46407179961141953,-0.2115494783217901,0.46656777070816374,0.250638410102811,-0.36250753276955056,-1.6655858417599598,2.1188049086055707,-0.1938028714405424,0.3952806961515342,1.4851154476882602,0.6891655919544257,-1.1509946459831524,-1.0654634156986627,1.3299193387756265,-1.2386403170772764,-0.5464958348916134,1.3423884456718602,0.6941558255444424,-0.6459847397822953,1.218710978491139,-1.560036611911011,-0.96639935929651255,-1.0474310802387214,-0.6941558255444424,-1.3423884456718609,-1.0938078624002545,-1.009968447893631,-0.09113678728281299,0.6020527635450756,0.03489590402886805,-0.7811045889206503,1.4925896140337656,0.8433273810784847,-0.6663639641110671,-0.8036612908751883,0.5793409677244183,-1.1534866589796486,-1.657331577651353,-1.8361790745641564,0.030432725387320277,-0.6186874509066087,-0.3759724034796717,-1.3841377820692236,0
-0.4063001036995106,-0.12780541711001567,-0.15484123025532542,-0.4281154315628296,1,0,0,1,0,0,-0.8236341047562825,3.4044487024365377,-0.6559695208720935,0.04594961747738333,1.8138318464919418,2.5827483150636765,-0.4057166369778271,-0.8262408508515473,-0.5028207055004633,-0.3886323910015526,-0.39536764136781677,-0.22531658276348887,0.4540393003046192,-0.5275071744193454,-1.0946541106898648,0.6622945420487587,0.5904720235687796,1.427511726840747,1.5601216811746321,-1.8546146340631706,0.037079906703300566,0.03744103989729005,1.3529148923293373,1.1105192387023481,1.9076846559370026,1.8546146340631706,-1.5601216811746328,-0.5646101035717058,-1.0850176963188372,-0.3458698504096825,0.03355074177998182,0.2738518273252659,0.038025250046078915,-0.5463906304141645,-1.149926711256571,-0.35630847989348147,-0.19302946221276363,-0.2553016945782196,-0.8615437338508666,-0.11434528503927678,0.3299795798074865,-0.857816301083085,-1.1948939252628807,-1.823371294443516,-0.7036964187794109,1
-1.6399126968469209,-1.880013503169424,-0.15484123025532542,0.5985369837740325,1,0,0,1,0,0,-0.19268725454965888,-0.3663977257120716,-0.46407179961141953,-0.2115494783217901,-0.33901564177990257,-0.11829556335696156,-0.2839349195593256,-0.8320753710059856,1.9104652579053174,-0.2843178951457216,0.02146654204673296,-0.8911489454273347,-0.0898365837997761,-0.9159116788263137,0.4117560191609966,0.23074609642519814,-0.9515301486802739,-0.9014947036244991,-1.4375436385994584,0.21031740340811067,-0.5203497402355879,1.5545377006553829,-2.3797924346829458,-0.5594258735535796,-0.9080416723879787,-0.21031740340811067,1.4375436385994576,-1.0659553487776992,-0.18442671521636386,-1.492168634480596,-1.168055804223513,-1.4159079159849774,-1.348194477436079,-0.9541866793037505,-0.4301405112466897,-1.2864749325462383,-0.6648813298155464,0.9587239960437993,-0.934529465133063,-1.8647919195151619,-1.90387153251327,0.728342674756924,-0.37174181903963527,-0.32030321536567735,-1.2604211705619852,1
-1.6399126968469209,-0.41125084279609675,-0.15484123025532542,-0.13478617003801185,1,0,0,1,0,0,-0.19268725454965888,-0.3663977257120716,-0.8478672421327675,3.3905446145992313,-2.5995309774756743,-2.902070090371609,-0.18457013217286905,0.9461632169620351,-0.4650091722425762,-0.69348234079751,-1.461990351668994,-2.125683367001586,0.8201688891126975,-0.7821108831810262,0.36519159751153696,0.20810125309166272,-0.502888113261679,-0.4740200514196943,-1.0117882743416888,-1.8956992922180405,-0.5248267174214867,-0.9327977831405256,0.8448048065038669,0.43819465794521156,1.4378707398632544,1.8956992922180405,1.0117882743416882,-0.9823978079100336,-0.25947596364157,-1.6013399472492547,-1.2714198081808024,-1.3647030752786062,-1.348194477436079,-0.8726274695258333,-0.5408768497097485,-1.2864749325462383,-0.5538573609678327,-0.9381911455531051,-0.3050275328241268,0.15794641365697218,0.3299795798074865,0.062155904904119784,-0.37174181903963527,-1.0996718489615938,-0.332546584257695,0
0.15910566815972013,-0.3854830768246345,-0.15484123025532542,-0.13478617003801185,1,0,0,1,0,0,-0.2684008765744537,-0.34023148218598254,-0.8478672421327675,3.679869441339876,-2.517138939514123,-3.1055427666433624,0.5450695539877395,1.1701843600824942,-1.3627031127187248,0.14322395877561456,-0.7174835451731003,-1.8448309325368657,-0.2907589414371031,0.24457037084004868,0.8557344923944861,-1.1757117120155622,0.654103812908613,0.48680979134784436,-0.5252107151899512,-1.995231767628944,-0.5135606504254725,-0.7488587290298442,0.6813839205406271,0.4551118157306568,1.4080387595874317,1.995231767628944,0.52521071518995055,0.4659329004628361,1.1664597564373458,0.8732098088403377,0.05939174276930372,0.32505666803163763,1.833809897011603,-0.8726274695258333,-0.762349526635866,0.6978801664463103,-0.5538573609678327,-0.7864379342253526,-0.3597668312857729,0.028283699992091807,0.2115177783965368,0.12560226393772106,0.03983423407198747,-0.7656567202776299,-0.332546584257695,0
1.3927182613071303,-1.880013503169424,-0.15484123025532542,0.5985369837740325,1,0,0,1,0,0,-0.09173575851659908,-0.4274522939396127,-0.5920036137852022,-0.1102857889625646,-0.6913101582433054,-0.24350951798573287,-0.0443474787025532,-2.0352539809108108,1.9272800039785805,-0.1390483823079189,0.3358389874160611,0.40102129055922975,-0.07126017954477247,-0.6608409397352634,-1.054105460439454,0.056747683132273394,-0.5252691705160648,-0.40668147276578376,0.2430696413654208,0.30587169994287167,-0.5986382318589669,1.7374702510028093,-2.577630380878805,-0.33300252413472314,-0.8336524357091869,-0.30587169994287167,-0.24306964136542153,-0.8431352397972577,-1.2351161931692491,-1.301118837135444,-1.077612300760884,-1.1940202729240363,-0.9701345517591269,-0.5463906304141645,-0.7069813574043363,-1.534519319920306,-0.7759052986632599,0.9587239960437993,-1.208225957441296,-2.1370836182114106,-2.0900257918733334,0.5697267771729232,-0.7010026615289333,-0.6543183440496418,-1.569712699330082,0
0.5189093411610479,-0.6689285025107157,-0.8790386569529866,0.3052077222492148,1,0,0,1,0,0,-0.0412600105000692,-0.45245559330898666,-0.7071422465416066,0.19639852738251837,-1.1028736410421658,-0.4997509322796113,-0.8870086596268774,1.3182936123403775,-2.6782967077031166,-1.5780797633583596,-2.5341432682142955,-1.3302466719337298,1.2904396583322209,0.0468518387695975,0.6634566433450977,-2.1497643461938702,-0.45410041261587913,-0.8338318506473515,-1.1100395122473277,-0.7133741297612541,1.280220938656242,-1.1447630540757638,1.5010154774593483,1.6816057551755905,2.4804358508341124,0.7133741297612541,1.110039512247327,0.24311279148239442,0.9413120111617277,0.8095265430586199,-0.5478717804797735,-0.6819718658603261,2.1488598350757298,-0.13859458152457876,0.4557501964577793,0.7598912632898273,0.4731143508735179,-1.3934507795363622,-1.7373725092372125,-0.8793552956620708,-0.24540631275998087,-1.4922798914190887,-1.5241547677521787,-1.8790404825575102,-0.8892713360402683,0
0.72451144001895,-0.6173929705677911,0.27967722576327125,1.0385308760612593,1,0,0,1,0,0,0.2363566035908452,-0.5385134609059017,-0.3617263482723934,-0.2838806850069512,-0.5241568704769136,-0.1947655142195326,-0.09686032558812335,-0.47110919199559814,-0.9576604643879736,-0.8736621192575812,-0.9067436387249191,-1.3996338493095342,0.31750713209600573,0.019220142511567163,-1.3007572169579307,-0.6879758828098632,-1.0031160464614466,-0.9086272938817797,-0.9813771768947055,-0.9356157016516281,0.15389118050556885,-0.656457874365697,0.6178045225511217,0.18558845870511406,0.2917134364641919,0.9356157016516281,0.9813771768947048,-0.2582324537235989,-1.3852146900196616,-1.06458099280335,-1.2068173057074962,-1.467112756691348,-0.37153966943728567,-1.0357458890816678,-0.762349526635866,-1.3484860293897554,0.11228645211844858,-0.6346847228976005,-0.07694712256726609,0.2487103132223888,0.31305646532020776,-0.4771381468814831,-0.28942660841731066,-0.7099875321636356,-0.3944048900113141,0
1.4184185236643685,-1.0554449920826439,-0.4445202009343899,0.5985369837740325,1,0,0,1,0,0,0.29945128861150755,-0.5553761511782702,0.03486227566633282,-0.47425642100229515,-0.17673452384362007,-0.060607705688706215,0.048666575540075474,0.8547181413407355,0.051345452779913286,0.21400471724484735,0.29642098321467697,0.17518551888790188,0.023228082939447333,-0.6647653657384814,0.6999615683095461,-0.7633599642832533,-0.6870135374423555,-0.535365158298258,-0.5505532963957722,0.7849642097577141,-0.7318977787187875,-0.4719213392969797,-0.8372940999833505,-0.9703374300642513,-0.9080416723879787,-0.7849642097577141,0.5505532963957714,-0.8431352397972577,0.11577027848446049,-1.2829236183406676,-1.4135453136220761,-1.552454157868633,-0.37153966943728567,-0.13859458152457876,0.12354118106860354,-1.2244638357027204,-0.5816133531797613,-0.2553016945782196,0.6985262723060605,0.11904759955750843,-0.2792525417345383,1.0772976494417266,0.6983559190505837,1.2941032399401495,0.7809029193074537,1
-0.35489957898503444,0.10410447663314094,-1.168717627632051,0.5985369837740325,1,0,0,1,0,0,-0.7605394197356201,0.46510734633920237,-0.4128990739419065,-0.2665211954025125,1.1496301090608296,0.5636732966747392,-0.09619270682946761,0.4805886545948477,1.4568277596838304,-0.3400461510706546,-0.3190663644257782,-1.6772955541716779,-0.4008466031336651,-1.3408437266620994,-0.4697384921710404,1.958111551668776,-1.165422107113065,-0.47431529292777824,-2.0981985141718593,-0.20666334585120408,-1.2059969525645635,-1.1301967202911147,-0.023819081637674884,-0.6962321996872856,-0.04827466522652577,0.20666334585120408,2.0981985141718584,-1.3444804850032512,-0.7097714541928067,-1.0099953364190213,0.020630241285320403,-0.4430159425639276,-1.7892643907258567,-1.3619827281933365,-0.6516131881728072,-0.6043528672675491,-1.1089772052064004,-1.0140677512169813,0.23324223538206504,0.1838789563899486,-0.11002139686175369,0.664896315723324,0.36909507656128593,0.29205785388825667,0.2860364732784985,0
-0.6890029896291251,-1.3388904177687242,0.5693561964423357,-0.4281154315628296,1,0,0,1,0,0,-0.5838743016777656,-0.1047352904511812,-0.16982862701171944,-0.3891949219405457,0.6425349774034488,0.2202293068358237,0.8205758429820198,-1.26392406407411,-0.25911712924916175,0.9373369086838819,1.1242417723336846,1.9155288934534462,0.5229338219801644,0.7181211166532985,-0.5274417284459468,-1.387726480194007,1.0693945127116211,1.0913474459737635,0.8763442106275502,1.7434054285905087,-0.4234925263003409,1.2063958986924406,-1.0403094846045988,-0.2058883986796025,-0.39608099741061464,-1.743405428590508,-0.8763442106275509,0.577342954953057,-0.5596729573423944,-0.2548937564358004,-0.9096457943302884,-0.4942207832702994,1.3612349899154128,0.35076067714292497,-0.04256332662598434,0.015758101167622184,-0.47058938433204756,0.9587239960437993,-0.3415203984652251,-0.8015576674631424,-0.8207922053274488,0.41111087958892223,-1.3595243465075295,-0.8213259083916238,-0.20882997275045564,0
-0.5605016778429365,0.8771374557769975,-1.6032360836506476,0.5985369837740325,1,0,0,1,0,0,-0.6343500496942954,0.14529770324255853,-0.3233468040202586,-0.315706415948422,0.6239907325908753,0.35572869345195834,-0.8169645200153414,-0.2779830608371787,1.7293813095546582,-1.6840187105638087,-1.3552584067317412,-1.0367461624522534,0.8067472329895042,-1.413725932946064,-0.7926284112443798,1.4564606476140263,-2.02359067363502,-1.482144536361736,-0.9462874490712617,-0.4754817429490244,-0.2765692425723625,-0.4124972673431213,-0.9005196944553318,0.268442761788328,0.31487664010856775,0.4754817429490244,0.9462874490712609,-1.3444804850032512,-0.7848207026180125,-0.20030810005147043,0.5632912620610914,-0.34060626115118536,-1.1906695084040155,-0.05703537174666111,0.4557501964577793,-0.790386157798101,-0.16527347000083534,-0.2553016945782196,0.4795690784594736,-0.08841274230630035,0.025363519036474696,1.331083085576127,0.28677986593896093,0.06938110143228039,0.40975308478573785,1
-1.4343105979890196,0.3617821363477598,-0.4445202009343899,-1.6014324776621007,1,0,0,1,0,0,-0.23054406556205628,-0.36058300492849626,-0.23379453409861076,-0.35968378961299996,0.0022732294003713666,6.576935403711695e-4,0.8807156954779278,-0.8835801757544669,0.7771398333453509,0.5925000613595172,0.9801365302089406,1.0372912193390338,-0.5282625490044502,0.31685827340364525,-0.12622243295839936,-0.004050874209313542,-0.7300558443936823,-0.44491199227019224,1.0187373090415208,0.4043702465109161,-0.9080555602014218,1.0862946581402537,-1.0664469244371626,-1.5243402362588596,-1.7085954577629643,-0.4043702465109161,-1.0187373090415215,1.0309410339489555,0.6732789810717061,2.5640654982692017,2.167279109184035,1.673450806632741,1.9598298722372534,2.8091882861630006,2.3066289964831883,1.7343513565450963,-0.8036612908751883,1.1863538130354276,0.37921369794645543,-0.2569742700706454,-0.8207922053274488,0.6014499566897238,1.3568776040291806,1.795125932966095,-0.1469716669968365,1
1.2385166871637046,-1.3904259497116478,-0.8790386569529866,-0.4281154315628296,1,0,0,1,0,0,-0.356733435603381,-0.27917691395844146,-0.7327286093763631,0.2612072885724227,-0.8901006837723789,-0.4165730909904989,0.41655362608479307,0.3740658229627045,0.13447247308912708,1.1768074033365605,1.186655169824255,1.6983799074706483,-0.5953097375915947,0.8058357549099521,-0.4020689707723543,-0.843961559748835,1.1835269574215046,0.7588943936726388,1.1569031123463245,1.1689852080572094,0.225953634322484,-0.9162009498458201,-1.0319283517723863,-0.4162258091406883,-0.801797169740585,-1.1689852080572094,-1.1569031123463254,0.8001630639334981,-0.3345252120667762,0.15449866644666885,-0.3153027715758717,0.15437386567706757,0.7941451013999841,0.18764225758709038,-0.319404172783631,0.20179139169817292,0.3898463742377325,-0.7105613285614767,0.6894030558957865,0.002351157259115363,-0.1607907403235886,0.9504049313745251,0.03983423407198747,0.7374113588002092,0.6571863078002155,0
-0.5862019402001745,-1.6481036094262664,-0.8790386569529866,-0.13478617003801185,1,0,0,1,0,0,-0.7479204827314877,0.35172029105948316,-0.5152445252809326,-0.1797237473803192,0.8773259456338688,0.4093918168642889,0.42917745016341075,-0.19906098304076322,0.6231595285097222,-0.2153378525452272,-0.08561931425207242,0.5561706450320361,0.4080375888978269,-0.18632740068648823,0.17455139828551114,0.8550901114311675,-0.4120210208088777,-0.4586727651690291,-0.31993580742281313,1.0758588642714124,-0.78295783512688,0.4480792053250927,0.007403145971776136,-0.11764544495105672,-0.33649537996143897,-1.0758588642714124,0.3199358074228124,-0.2582324537235989,0.04072103005925432,-0.3367722410122935,0.13691474573727128,-0.03337721691295973,-1.0961545269847772,0.35076067714292497,0.5664865349208381,0.139780294854656,-0.9701972441467586,-0.17942508891434333,-1.5457849646214488,-1.3072422507561756,-1.2607931819966884,-1.3019408143182878,-0.9479482933959068,-0.5986491559356475,-1.136704559054746,1
-0.12359721776989524,0.6709953280053031,-0.15484123025532542,1.478524768348486,1,0,0,1,0,0,-0.38197130961164594,-0.27859544188008395,-0.1442422641769629,-0.3996106157032089,0.27954843187140005,0.09456815951194965,-0.8708494339103285,-0.801464552730868,-1.1696786560126475,-0.287783654980188,-0.2947905306188013,-0.6793765151224457,-0.14724609675051462,-0.7266511164597494,-0.7261925754701821,-0.5998811261204647,0.023184527254540538,-0.03748537772129113,0.41113096936191074,-1.334343227690239,0.48487610298036504,0.37255147053479815,0.9961672278004127,0.411766531980232,0.3466449520470375,1.334343227690239,-0.4111309693619114,-0.7595776989295921,-0.7848207026180125,-0.45504116317834126,-0.6770767854263857,-0.6307670251539549,0.1325402314653172,0.5138790966987595,0.34501385799472056,-0.728375060954584,0.9449662184763004,0.9587239960437993,1.6382175625643265,2.012123219064761,2.1069066009717248,0.062155904904119784,2.509290552741724,1.795125932966095,1.3376276710900281,0
-0.27779879191332196,-0.4885541407104817,-0.8790386569529866,-0.13478617003801185,1,0,0,1,0,0,-0.1800683175455264,-0.37802716727922225,-0.2210013526812325,-0.3631556875338877,-0.037118075935927114,-0.010074931142094942,-0.5534482409652118,-0.7838968700002984,-1.1671147881856734,-0.153510477727993,-0.3120151935094511,0.17576532938226716,0.004720719801549646,-1.1229279737782125,-1.1693510392773587,-0.1644512203335574,-1.2586320328789147,-1.1857681659972266,0.14025565247345223,0.10061909740348675,-0.3524331488563658,-0.09550714598164538,1.43022739720667,-1.0406552269264218,-0.7520367902422355,-0.10061909740348675,-0.14025565247345292,-1.0102503215325889,-1.009968447893631,0.43652455776570404,0.279040251178545,-0.2552648599739003,0.2270552128845555,0.8401159358104279,0.8433273810784847,-0.4803306735805153,-0.44283339212011924,-0.2553016945782196,-0.5148615102604385,0.2487103132223888,-0.194636969298146,-1.4605567119022886,0.6160407084282594,0.7374113588002092,-0.6418381130257917,1
0.544609603518286,0.9029052217484598,-0.4445202009343899,-1.161438585374874,1,0,0,1,0,0,-0.5586364276695006,-0.11927209241011955,0.15000090842273722,-0.5170764953599105,0.8302450958287131,0.3078790750759636,0.3302046200925539,0.9928410993239997,-0.3614316134922856,0.6899089231914315,0.4627404289310889,0.48442504954602633,-0.263047919516193,-0.6539936689119955,1.1157891172365137,-0.36894536079378415,-0.5493165546609219,-0.5737892577469706,-0.088318892712161,0.7482915930561997,-1.1126203305149087,-0.24493252374187394,0.12333461703188207,-1.4767153384759417,-1.1617787519421896,-0.7482915930561997,0.0883188927121603,-0.7874302125521474,0.5660657690356972,-1.0008977270216337,-1.0130097982875779,-1.1428154322176651,-0.5605696322757617,0.02452383803125581,0.06817301183707392,-1.1004416420156866,-1.1367331974183288,-0.482931511569848,-0.8432973010303187,-0.6589286824317738,-1.1423313805857394,-0.7309235830158842,0.03983423407198747,0.45906541823023866,-0.9511296417938885,1
1.8296227213801723,0.026801178718756015,-1.168717627632051,-0.13478617003801185,1,0,0,1,0,0,-0.24316300256618875,-0.3454647308912004,-0.7966945164632545,0.48283010585575625,-1.4863079813003564,-0.638827860456568,-0.4012417340181194,-1.0408074840152186,0.7778831597452969,-1.268282255839074,-1.1789160733802453,-0.14850663042779974,1.301653209583076,-0.40125825438057855,-0.9761713423462601,-0.459071677136427,-0.9820055098309974,-1.5349178677452884,-0.3364521793121226,0.13114384342216406,0.15700387856369724,0.4506339139955126,-1.5247151014302713,0.7396276512131839,0.034100083615162036,-0.13114384342216406,0.33645217931212196,-0.48105256270404034,-1.009968447893631,-0.4914316007678933,-0.6383152839424023,-0.9550643496276378,-0.6865896075014126,0.6769975162545934,0.954063719541543,-0.790386157798101,0.19555442875423396,0.5034643620605421,0.22411901897178985,-0.62002986833231,-0.3130987707090945,1.109020828958526,-0.28942660841731066,-0.26463402725168356,-0.08511336124321738,0
0.004904094016293398,2.01091915852132,-0.4445202009343899,-0.4281154315628296,1,0,0,1,0,0,-0.44506599463230834,-0.22684442690626339,-0.438485436776663,-0.25899874990725574,0.029855746508434332,0.02570048446612543,0.45854004560542405,-1.6738385748177158,1.2853509693925926,0.004682466133935928,1.0850682776892833,-0.10123532838807962,-1.0321811783749628,-0.318384052568964,-1.2965209987611093,0.8428285447158665,-1.1359347847528234,-0.3605317190061465,-2.4117296415621516,2.2538511814237285,-0.9557366894387271,0.9985696991685642,-0.9101564293075848,-1.132699197403455,-1.762630955066217,-2.2538511814237285,2.4117296415621507,-0.3417899945912644,-1.2351161931692491,-0.17301527185930607,0.279040251178545,-0.20406001926752979,-0.34003467563087314,-1.4435419379712537,-0.5962450189412776,0.3258135853852078,-0.9979532363586869,0.5793409677244183,-0.7703115697481222,-1.0738493661593913,-1.3792549834076382,-0.667477223982284,-0.8656330827735822,0.23638866577426285,-0.7036964187794109,1
-0.4320003660567478,0.7740663918911503,0.27967722576327125,1.478524768348486,0,1,0,1,0,0,-0.028641073495936725,-0.45361853746570174,0.20117363409225028,-0.5251775905086485,0.15982412387651954,0.05700397312331826,0.7005814729166938,0.6491413863587365,0.7673443292569821,0.628075523303229,0.4416126675655283,-0.2609380416648982,-0.770337995870805,0.9113159368241553,0.634825329647491,-0.5120796927052841,0.8796176495931813,0.04787575735120926,-0.653257441282515,0.2920044097428146,-0.0635994457680752,-0.2550128454694522,-1.5635761106730022,0.023724292201751897,-0.5273767374482908,-0.2920044097428146,0.6532574412825142,0.8280155775560533,0.5660657690356972,-0.04564874029587195,-0.3023822710812103,0.0519641842643253,-0.15100471279239655,-0.8726274695258333,-0.7069813574043363,-0.046252995675895824,-0.38732140769626244,-0.6346847228976005,-1.3268277707748632,-1.7869942913162333,-1.6669479296913718,-0.2233527107470814,-0.4540570296619595,-0.3759724034796717,-1.3222794763156045,0
-1.1773079744166424,-1.4419614816545723,1.0038746524609323,1.478524768348486,1,0,0,1,0,0,-0.29363875058271866,-0.32104290360018395,-0.68155588370685,0.16746604470845394,-0.7499809398432712,-0.376325748431251,0.037536321269932824,-0.2613202366371054,1.459695116091608,-0.3334694853989184,0.9652567272177998,0.7945397842963653,-0.36483302112158644,0.05435918295929992,0.21143977834412528,0.4427853392909925,0.3841477892537689,0.6178611976450098,0.28185302474922574,0.8041191033027003,0.0021198866570029343,0.5704859541198012,-1.5504955598409678,0.831410133137726,-0.651659817186563,-0.8041191033027003,-0.28185302474922647,-0.28608496734615396,-0.25947596364157,-1.2829236183406676,-0.8967252938356269,-0.71610842633123994,-1.0016395455655394,-0.7910682597479163,-0.983822203561983,-1.1624527388592034,-0.16527347000083534,0.27583454506891375,-0.6334633235940058,-1.268343436656712,-0.9223308922511192,-0.2550758902638815,-0.6186874509066087,-0.32030321536567735,-0.6418381130257917,1
-0.9717058755587404,0.4648532002336079,0.27967722576327125,0.3052077222492148,0,1,0,1,0,0,-0.5207796166571032,-0.14253097554442093,-0.6431763394547153,0.03148337614035112,-0.2651727779730193,-0.13394730768555796,-0.7348656723396135,-0.9461326395882518,2.127808907029303,-1.0675172524802214,-0.61362041129618194,-0.7667556427608747,0.39869964785706874,-0.5051037796494866,0.6907594958115835,2.091629403872405,-0.6110632233245382,-0.3389564666708986,-1.1334326641296226,0.07836147009820059,0.5171548608326724,1.9905844393479952,-0.8069002230083628,0.8362271055005468,0.46681157015569286,-0.07836147009820059,1.133432664129622,-0.6481676444393714,0.26586877533487285,-0.9008240236503626,0.188596747715916,-0.06751377738387422,-2.135819322596396,-0.7910682597479163,-0.3747723420151606,-0.6043528672675491,-0.05424950115312168,0.8828473903799233,-1.682633210775566,-1.7480954772167696,-1.396178097894916,-0.7309235830158842,-1.1125787146405561,-1.211010225189582,-1.4459960878228426,0
-0.8175043014153137,-1.2615871198543382,-0.15484123025532542,-0.4281154315628296,1,0,0,1,0,0,0.3499270366280375,-0.561772344040203,-0.20820817126385424,-0.3643129868408503,-0.4138161500007898,-0.1504934374043599,0.21222801570421235,2.534436534288976,0.6185450718110589,-1.124392125430896,-1.2679355652953408,-0.4095235940777075,1.0775239380983455,-0.1386659281330044,2.100653769974539,-0.7273120028678692,-1.9117208435097297,-2.5707765913855867,-0.6392523306161405,0.07546133969578361,-0.43366158357913054,-1.3742048491163803,-1.5764502557283278,-0.37664844205383635,-0.8614846471732694,-0.07546133969578361,0.6392523306161398,-0.003580900603094244,2.2814771616118366,0.5755880156972091,0.0815411721887229,-0.6917251688520157,-0.11049829218415236,1.7605698747326368,2.4648237657161296,-0.037394267555393414,-0.3595654154843339,-1.2416975682086098,0.2788583174334372,-0.6070635969658218,-0.7023304039164997,1.0455744699249259,1.0276167615398821,1.1827648637121608,0.16231986177126023,0
1.0586148506630406,0.5421564981479937,-0.8790386569529866,-1.8947617391869185,1,0,0,1,0,0,0.08492935954125552,-0.5076954407529524,-0.2721740783507456,-0.34058835104811747,-0.3153042460665987,-0.12723941725901666,-0.36809001791731233,-0.48179727083894286,1.5058204858453126,-0.07966042565479407,-0.050399672439799426,-0.8361143327324774,-0.40971407421559414,-1.070807641405643,-1.1635703329244034,0.6810725821922454,-0.7441437657041976,-0.3326533766396022,-0.31993580742281313,-0.8230517886162441,-0.5581002481323839,-0.504357341888449,-1.3740947867216564,-0.6302641240969726,-0.25924923401809535,0.8230517886162441,0.3199358074228124,-1.0102503215325889,-1.0850176963188372,-0.009258302706318612,0.3436427536518511,0.017827623793410803,-0.37153966943728567,0.35076067714292497,0.5664865349208381,0.139780294854656,-0.6371253376036178,-0.6346847228976005,-0.6060936743631827,-1.164613265724808,-1.2946394109712458,0.8552353928241243,0.7806711296729086,0.4033962301162448,-1.0129879475475077,1
-1.4343105979890196,-0.5658574386248675,-0.4445202009343899,-1.6014324776621007,1,0,0,1,0,0,-0.23054406556205628,-0.36058300492849626,-0.6559695208720935,0.14721330683660885,-0.7344913508946546,-0.39108310736964186,1.3129046638742894,0.37993241493134416,-1.2410760997328554,0.9141644532189728,0.7531676669882114,1.7865190955384915,0.3064090164916853,0.47969504407932895,-0.2723159453777316,0.030930845387590566,-0.6252805235042269,-0.29967634038891156,0.9573302853504951,1.4871304482518777,-1.3463202587905574,-0.7942692989860001,1.7276751212854384,-1.854994662944274,-1.2717304733207977,-1.487130448251877,-0.9573302853504958,1.016020044508301,0.28463108744117427,1.8557516237582636,1.5904710513866593,1.2040731001576732,1.487254965141063,2.1246734898126243,1.6738499195514247,1.2249744896162058,-1.3032691506898992,-0.8623145398892288,-0.5148615102604385,0.39133929825375646,-0.4146374576327655,-1.5240030709358887,-0.6186874509066087,0.06938110143228039,-0.8274130302866491,0
-1.691313221561397,-1.3904259497116478,1.0038746524609323,-0.4281154315628296,1,0,0,1,0,0,-0.4703038686405733,-0.21230762494732502,-0.7327286093763631,0.2612072885724227,-0.7121747338243685,-0.3651459310536821,-0.31639185504750605,1.2399091133847873,-0.21096213263987632,-0.9095467192458978,-0.8609127430629901,0.1288701466313248,0.7332001021954457,-0.18523608222257856,1.4019075480768206,-1.4865601429404895,-1.2340294998356374,-1.6502701669145032,-0.7825353858951971,0.9518725779243598,0.25486486548865017,-0.29741396374286755,-1.205457277749543,0.005096410595304428,-0.49193888895267474,-0.9518725779243598,0.7825353858951963,-0.3417899945912644,0.9413120111617277,-0.7097742263052108,-1.2972608091701252,-1.6207272788104614,0.006520256239666901,0.02452383803125581,0.4557501964577793,-1.0384305451721696,0.25106641317809053,-0.2553016945782196,0.0872707728176734,-0.5551985114998699,-0.5161761445564365,0.664896315723324,-0.37174181903963527,0.06938110143228039,-0.1469716669968365,0
-0.27779879191332196,-1.880013503169424,-0.8790386569529866,0.3052077222492148,1,0,0,1,0,0,-0.1800683175455264,-0.37802716727922225,-0.5536240695330674,-0.1345890744087787,-0.5202732181652703,-0.18671604570768302,-0.005275711614862263,-0.8324521201876054,-0.45445868747201507,0.018643564424034784,-0.20554515601015627,-0.25662452093351884,0.0728363681179903,-1.1148237432829637,-1.3101836087978822,-0.12386480623256395,-1.0949551920387923,-1.100547220762826,-0.2249492467260648,-0.12690331505054644,-1.106582743295324,-0.1699465178221492,0.4967880654430455,-1.1109250778477184,-0.8072513873538344,0.12690331505054714,0.22494924672606412,-1.0102503215325889,-1.1600669447440433,0.36374368258659734,0.24027874969456073,-0.22112829950298704,0.1010352376589052,0.35076067714292497,0.5111183656893089,-0.4803306735805153,-0.7203933142394032,0.7310941790521709,2.906344643592473,2.8160320437870197,2.005367914048054,1.5214221626769286,2.0153992890077768,2.12914106165006,2.451077174655176,1
1.9067235084518848,0.5421564981479937,0.27967722576327125,-0.4281154315628296,1,0,0,1,0,0,-0.07911682151246661,-0.4361743751149757,-0.579210432367824,-0.11607228549737747,-0.6717508366568004,-0.24574548146124664,0.20103391931024936,-1.8343972099188621,0.09604319634323484,0.5408787301398067,0.8713780560995035,-0.6796958219656695,-1.3635359842509518,-0.24446150329570063,-1.251279833552342,-0.4764613241126813,0.1901659817173174,0.5375561818980378,-0.8569681418843186,-0.07709346503402185,-0.523805612200133,1.2642630708044673,-0.6100919478456404,-0.542126937604181,-0.608015164708143,0.07709346503402185,0.8569681418843179,-0.23037994010104354,-1.1600669447440433,0.02713213488323473,-0.22485926811324272,-0.135786898325702,0.8256500952063961,-1.0357458890816678,-0.8177176958673952,0.20179139169817292,-0.6926373220274746,0.6552175733882943,-1.0713777112871794,-1.1775795370912954,-1.277716296483967,-0.4771381468814831,0.2044646553166367,0.18071947766026855,-1.198562864808365,0
-0.6119022025574117,0.23294330649045036,-0.4445202009343899,1.0385308760612593,1,0,0,1,0,0,-0.2810198135785862,-0.33150940101061954,-0.822280879298011,1.0383337731977933,-1.7791541973174771,-1.0574002230727462,-1.8412390713988585,0.6906904680128501,-0.4926528070415292,-1.9336910784131576,-1.7494250740802053,-0.892333643547968,1.656334862143532,-0.8132613261719959,-0.2133232764959008,-0.5756968732437553,-1.312475240168291,-1.0239755958043841,-0.16027754582615011,-1.0580753433055055,1.7476866147635768,-1.1616969186959338,0.09495305357733237,1.3108639142582756,1.274625407460286,1.0580753433055055,0.16027754582614942,-0.9823978079100336,-0.6347222057676005,-1.446680587493655,-1.4652273156007207,-1.7914100811650315,-0.655084613695,-0.05703537174666111,0.012804842605544792,-1.9685969978249267,1.2225261405955843,-1.2416975682086098,-0.8432973010303187,-0.671894953798262,-0.1607907403235886,-0.44541496736468245,-0.7010026615289333,-1.1553410370755877,-0.7036964187794109,0
0.7759119647334253,-1.1842838219399534,1.4383931084795292,1.0385308760612593,1,0,0,1,0,0,0.21111872958258027,-0.5303728518088963,-0.31055362260288033,-0.31686371525538465,-0.44420969013520006,-0.16301483286723703,0.013295494226369681,-0.11269664777700224,-1.3840492539237252,-0.008560123093158817,-0.5795704170006231,-0.2306909195718268,0.4801132080126537,-0.08717949266589929,-0.029714908725510643,-1.4954134722329404,0.14221804033970423,-0.2758490020574889,-0.16027754582615011,-0.15567358143258175,-0.10559643023711954,0.12491194258196062,0.3892953735695797,0.15258514837257356,0.48415706626380867,0.15567358143258175,0.16027754582614942,-0.3696425082138195,-0.40957446049198204,-1.1737523055720087,-1.6461143225259778,-1.5183175973977192,0.006520256239666901,-0.5463906304141645,-0.5408768497097485,-1.2864749325462383,-0.3595654154843339,-0.2553016945782196,-1.0713777112871794,-0.7367263106307022,-0.6346379459673855,-0.7626467625326843,-0.7833178721512579,-0.9326642846196119,-0.9511296417938885,0
0.46750881644657266,-1.2615871198543382,0.27967722576327125,-0.4281154315628296,1,0,0,1,0,0,-0.6217311126901629,0.029003287571051677,-0.20820817126385424,-0.3643129868408503,0.7118913981583822,0.3038543408200388,0.8093608795526241,2.1298428321002834,0.8303091188171904,0.7949422850195634,0.9185002724604526,0.49509233109378736,-0.7946842093004067,0.6190302515436892,1.7654921139699762,-0.5509570177418773,0.8927501023117409,0.6118587182386693,0.5174554829923397,0.16204084244106823,-0.5069082715147589,-1.1546448848885953,-1.688719049681586,-0.18868002221552954,-0.5967343889119984,-0.16204084244106823,-0.5174554829923405,0.02029268250195297,0.7161642658861095,-1.6832184318257484,-1.6461143225259778,-1.2964299543367779,-0.844114576533476,-0.8726274695258333,-1.149926711256571,-1.4725082230767892,-0.4150773999081907,-1.0140677512169813,0.36096726512590627,-0.6070635969658218,-0.6346379459673855,1.3628062650929278,0.5337254978059351,0.6817421706862145,0.2860364732784985,1
-0.6633027272718879,0.10410447663314094,0.27967722576327125,0.5985369837740325,1,0,0,1,0,0,-0.6848257977108253,0.19472282990294892,-0.4128990739419065,-0.2665211954025125,0.6933471533458069,0.35572869345195834,1.7499588785285558,-0.04239010880124782,1.1779124300982098,1.4786707709433848,2.016301571886238,0.8876434614822577,-1.5116196132353117,1.447559673568622,-1.0946541106898642,1.5362877625027014,1.472060470027269,2.5412763802884015,1.1515092521572485,0.06858695651968806,-0.9869758495619011,-1.0384187031287329,-0.06642470995603897,-0.5379188521646238,-0.14022902772835932,-0.06858695651968806,-1.1515092521572492,0.8558680911786088,-1.2351161931692491,-1.1373618679824566,-0.28946177058654887,0.2909201075607231,-0.9701345517591269,-1.3619827281933365,-1.814344742034923,-0.35630847989348147,-0.859173275299045,-0.8623145398892288,0.5525548097416701,0.4302381123532211,0.17767154942198057,0.728342674756924,0.5337254978059351,0.6260729825722207,0.6571863078002155,1
-1.3829100732745436,-0.5658574386248675,-0.4445202009343899,-1.6014324776621007,1,0,0,1,0,0,-0.7100636717190902,0.25984770267899276,-0.6559695208720935,0.14721330683660885,0.2980926766839722,0.0860714983049973,1.2412703211871854,0.3632456610948774,-2.101347285595459,1.2563426298940419,0.537940425731706,-0.12091566730066663,-0.5397377554234847,0.1640167323005282,0.022350249690842507,-1.4084376763938589,0.1400394276779584,-0.3013169889585991,-0.663442976312604,0.4930801176436278,-1.562133011116181,-0.47617608008103246,1.4572680993956475,-1.558377141214512,-0.9935262927274997,-0.4930801176436278,0.6634429763126033,0.10385022336961848,-0.03432821836595151,-0.1548200530645294,-0.8450432918569822,-0.7502449868021539,0.7626401075935709,-0.46483142063624716,-0.2086678343205727,-0.4803306735805153,-1.46980510396147,-0.482931511569848,-0.13168642102891215,0.6247321828505417,-0.093098282374475,-1.0798785577006862,0.12214944469431245,0.4033962301162448,-0.5799798072721716,0
-0.5862019402001745,-0.2824120129387873,-0.8790386569529866,-0.8681093238500562,1,0,0,1,0,0,-0.7479204827314877,0.35172029105948316,-0.19541498984647596,-0.37357138129655093,1.3087653055230202,0.5592013697237117,0.5274907399045685,0.6161473505644469,1.0029601465982922,1.0065334460439226,1.050283832310184,-0.02487846829964138,-0.8150649133717395,-0.48205109046104905,-0.37932117104021995,1.1018394186701697,0.1127266040051376,0.26292766765733216,-0.7532939460423284,0.7131765006161427,-1.2151484841395763,-1.2256771973133367,-0.2638377649885983,-1.2479839785934406,-1.1087227279180136,-0.7131765006161427,0.7532939460423277,-0.6481676444393714,-0.6347222057676005,-1.0008977270216337,-0.354064273059855,-0.2894014204448148,-1.442709458855317,-0.9541866793037505,-0.762349526635866,-0.4183195767369984,-1.1089772052064004,-1.0899443568808573,0.32447439948480933,0.13201387092399572,-0.38079122865820925,0.28421816152172197,-0.12479618717266176,0.23638866577426285,-0.45626319576493324,1
0.23620645523143258,0.5421564981479937,1.0038746524609323,-0.4281154315628296,1,0,0,1,0,0,-0.7983962307480176,1.0407647039131613,-0.579210432367824,-0.11607228549737747,1.3002712888661887,0.89012396409975,1.6843698940141434,-1.3813007271633468,0.7618671775287238,1.1158160341345902,1.0059219508703723,0.47972904139432254,-0.9754453886206026,1.7764329692557945,-0.9433425804890314,0.320887675631892,1.2235866433415554,1.1851673397286189,1.116988546947158,-0.45352244570481864,-0.5671664479269186,0.9508587088624476,-0.7190367866627079,-0.2941079053631811,-0.15066256898988936,0.45352244570481864,-1.1169885469471588,1.357213336384602,-1.009968447893631,-0.6278957417287164,-0.37990527404917784,0.10316902497069583,-0.5290646384693491,-0.6279498401920818,-1.0945585420250417,-0.6043528672675491,-0.7481493064513315,0.35171115073279,-1.1899795246207467,-1.3202085221226638,-1.3284856399458025,-0.2550758902638815,-0.04248097655033679,-0.26463402725168356,-1.2604211705619852,1
0.46750881644657266,-1.6481036094262664,0.27967722576327125,-0.13478617003801185,1,0,0,0,1,0,-0.6217311126901629,0.029003287571051677,-0.8350740607153893,1.7963648192582813,-1.420056647234133,-1.365963182693647,1.4191772144687367,2.0064000806070146,-1.0603930235852776,0.8836142641805863,0.7733739756674541,0.852328808398201,-0.43099106628855016,0.8520431164893493,1.7299105647955977,-0.22349143320744433,0.8149107648473618,0.8307591817417492,0.6060821098378343,0.5613699807042828,-1.1220490206442724,-1.0208606493261803,1.2250054496758187,-0.3856543000067757,-0.19434939828804343,-0.5613699807042828,-0.606082109837835,0.35452284597261524,0.9413120111617277,-1.21924035255895,-1.1292943027395286,-0.801449827508525,-0.5290646384693491,-0.7910682597479163,-1.0945585420250417,-0.9144083514851348,-1.2477571662660425,-1.317574173872486,-1.8012350241091333,-1.047916823426415,-1.1084851516111824,-2.0315739432046915,-1.0302635040182315,-0.9326642846196119,-1.6315710050837011,0
-0.6633027272718879,-1.880013503169424,0.27967722576327125,0.5985369837740325,1,0,0,1,0,0,-0.6848257977108253,0.19472282990294892,-0.5920036137852022,-0.1102857889625646,0.35708231377937705,0.2349866657742146,1.5056924533988831,-1.6126266904313236,3.174706446187478,1.3767139726413569,2.7886833615212923,1.541972011811067,-1.4613432124646633,1.6794559593373202,-1.1818356619387596,1.526921724873623,1.3536205859895307,2.4595294383899677,0.8063022000563537,1.303385209184222,-0.41560940292551984,1.0294437196460078,-2.8055209875055804,-0.5176247569325596,-1.2241731604099428,-1.303385209184222,-0.8063022000563543,1.0229831729139398,-1.3101654415944555,-1.1737523055720087,-0.3282232720705331,0.20557870638343811,-0.9701345517591269,-1.4435419379712537,-1.814344742034923,-0.35630847989348147,-0.5261013687559044,0.6552175733882943,-0.6608329728248301,-1.87775819088165,-1.90387153251327,1.0138512904081252,-0.7010026615289333,-0.15329565102369538,-0.7036964187794109,1
-0.12359721776989524,-0.5658574386248675,-0.4445202009343899,-1.6014324776621007,1,0,0,1,0,0,-0.6722068607066928,0.17146394676864757,-0.6559695208720935,0.14721330683660885,0.1253842744532704,0.0180982086493786,0.8737931886294816,0.178757835300731,0.32414087339283754,1.39203472962584,1.8224243164088345,1.291335187086784,-1.523379345795896,-0.31006204104295443,-0.19786226189717396,2.0205537904529782,0.16535626314219426,1.4819748883983996,1.5427439112049275,0.23115255077283092,-1.5248410373344554,-0.44356480931525344,1.5873502652289928,-1.7165846731525838,-0.9223808308068749,-0.23115255077283092,-1.5427439112049282,-0.45320004908148526,-0.40957446049198204,-0.7370670544973751,0.31780175266252825,0.3762615087380082,-1.033144539371952,-0.7910682597479163,-1.3713993881826885,-0.4803306735805153,-1.4420491117495413,-0.482931511569848,-0.24116501795220557,0.585833368751077,-0.194636969298146,-1.0481553781838862,0.2044646553166367,0.3477270420022505,-0.76555472453303,1
-1.6399126968469209,0.0010334127472937634,-0.15484123025532542,-0.4281154315628296,0,1,0,1,0,0,-0.81101516775215,1.8024931265615312,-0.46407179961141953,-0.22312247139141586,1.7929324036126122,1.5586770432783683,-0.8289828473724555,0.22128278460839879,0.2478497937423633,0.26049467588393205,0.08357507872443982,0.9246803343767813,0.3285120213622113,-1.180137958971891,-1.1455651937820464,1.0898918672403497,-0.3762518230462833,0.051031822912083,-0.5940660301642549,1.850341145974121,-0.02645911451191908,-1.4513196295916246,0.756417246742518,-0.7249963684961102,-0.05882905297662544,-1.850341145974121,0.5940660301642541,-1.2887754577581405,-1.3852146900196616,-1.7378040882100778,-1.0388507992769007,-1.1086788717467513,-1.726254403113031,-1.0357458890816678,-0.9284540343304539,-1.534519319920306,-0.22078545442469194,-1.4693273852002382,-0.7611883533378483,-0.2958730841701091,-0.5500223735309933,-0.6992004034990842,-1.3595243465075295,-0.7656567202776299,-0.2706882785040748,0
-0.12359721776989524,-0.6689285025107157,-0.4445202009343899,0.3052077222492148,1,0,0,1,0,0,-0.6722068607066928,0.17146394676864757,-0.7071422465416066,0.19639852738251837,-0.06399026245025044,-0.019913170434355545,-1.7753394301371668,0.7781213097582194,0.20094269195762418,-0.9794569884687476,-0.9567356380618914,-0.13332024336712733,0.5204784859396306,-0.23923461991690811,-0.37134421066069473,2.0591507935388633,0.12469589103296401,1.3491754721456206,1.1441644212614832,-1.3166012534636966,2.229612280753775,-1.4400003957355596,1.7945525722349656,1.4468295131422586,2.5610104393836046,1.3166012534636966,-1.1441644212614839,-0.3974950218363748,-0.5596729573423944,-0.7552622732921518,0.31780175266252825,0.3591932285025509,-1.1591645145976028,-0.7910682597479163,-1.2606630497196296,-0.4803306735805153,1.3613061016552261,-1.5452039908641146,-1.3359509871851372,-0.37367071236903754,0.19459466390925928,-1.238494455284687,-1.4418395571298541,-1.9347096706715041,-0.5799798072721716,0
1.8296227213801723,0.0010334127472937634,-1.168717627632051,-0.4281154315628296,1,0,0,1,0,0,-0.21792512855792381,-0.3629088932419264,0.2267599969270068,-0.5315427366969427,0.3512994611507269,0.13168515320547827,0.4526581148966428,-1.3000348677613789,-0.8494510585924292,0.35056707340322174,0.34288548494219834,0.3717655777922985,-0.35434978382976123,-0.32137132788715855,-0.8383902696218353,-0.5245593840454006,-0.6824842489330997,-1.0747473534756133,-0.3305796915292576,0.8349088210750116,-0.9505425719060464,0.9444576875393482,0.6340964612232834,-1.1503331980117946,-1.4950495316424484,-0.8349088210750116,0.3305796915292576,-0.45320004908148526,-0.9349191994684248,-0.6915790075104341,-0.8321227913623208,-1.0233374705694662,-0.5605696322757617,0.10608304780917345,0.2896456887631914,-0.9144083514851348,-0.9146852597229018,0.8069707847160468,-0.15905607025973648,0.1838789563899486,-0.29617565622181696,-1.238494455284687,0.5337254978059351,1.127095675598167,-0.2706882785040748,0
-1.0488066626304537,0.0783367106616796,0.5693561964423357,-1.6014324776621007,1,0,0,1,0,0,0.059691485532990585,-0.4885068621671538,0.009275912831576286,-0.4603688293187442,-0.03971923094460415,-0.019913170434355545,0.09841707762567718,-0.3700942742210641,0.3715893921174994,-0.6012600744415925,-0.35107152498038735,-0.39677588173867007,0.5722947453008408,-0.6991969474870854,-0.27432005097131573,-1.3053439846761565,-0.9391305703912806,-1.0971069107383593,-1.2222740724017107,0.6710815639820534,-0.8354806937185698,0.2331582009498411,-1.8197199650485034,-0.1189622271525529,-0.6147011872613206,-0.6710815639820534,1.2222740724017098,-0.6203151308168162,-0.18442671521636386,0.2545723698179399,-0.4832692780064673,-0.801449827508525,0.9516700704320475,0.2692014673650073,1.0648000580046022,0.44983577907224165,-0.9146852597229018,-0.1035484832504671,-0.8889133830816909,-1.5795339494524245,-1.5146398993058652,0.3476645205553221,-0.7010026615289333,-0.48731077970765985,-1.0748462533011267,1
0.544609603518286,-0.514321906681944,-0.8790386569529866,0.5985369837740325,1,0,0,1,0,0,-0.016022136491804253,-0.458270314092562,-0.0035172685858019803,-0.4603688293187442,0.00864934295324499,0.0033408497109876974,-0.12258352604953972,-0.02817039742136262,-1.5545434496879538,-0.10218468577097473,0.07826380143563959,0.06411067937799152,0.22396588513698681,0.27230614813725884,0.4215860231895855,-1.7976800989125654,0.024340730860072633,-0.34941823864414434,-0.29127919636700184,0.3763264807979944,0.44254047171904487,0.461000377730708,0.3186178414379756,0.16218077012906795,-0.4428856762057579,-0.3763264807979944,0.2912791963670011,0.438080386840281,0.641115017460903,0.6730624020977969,-0.44450777652248397,-0.40887938209301433,1.865314890818015,0.2692014673650073,0.4557501964577793,0.6358690696027934,0.22331042096616224,0.19995793940503753,-0.5878472415426337,-0.3477381696360611,-0.2623294272472596,-1.206771275767887,-0.5363722402842841,-0.4316415915936655,-0.5799798072721716,0
0.23620645523143258,1.6501704349208541,3.176466932553916,1.0385308760612593,1,0,0,0,1,0,0.03445361152472564,-0.4762959485216456,0.9047986120480549,-0.6339637253631308,0.44498297934688336,0.12363568469362869,1.9461891151201245,-2.1358126435583937,0.7112600497263967,1.7509480268710114,1.659448009095432,0.47832123036503016,-1.7696743762877614,3.141929927549033,-0.48617606822188114,1.0320101689934504,2.1456536045899703,1.8512139344695668,0.569588792901455,0.08746187929198715,0.4331560233054262,2.4444293690166523,0.0647543778284372,-0.23782443732592454,-0.3500135874379611,-0.08746187929198715,-0.5695887929014557,3.2233317490957996,-0.3345252120667762,0.4547197765604794,0.9509062769009282,1.8953384496936814,-0.6235796198885869,-1.6066603575270884,-1.9250810804979817,0.8219023601333442,-0.05424950115312168,1.33810702436318,-1.481922449749529,-1.2294446225572482,-1.2269469530221315,-1.238494455284687,-0.6186874509066087,-0.6543183440496418,-1.6934293108373202,0
0.6731109153044746,-0.4885541407104817,1.4383931084795292,-0.13478617003801185,1,0,0,1,0,0,-0.14221150653312897,-0.3867492484545853,-0.10586271992482811,-0.42854309837727333,0.0349138834723301,0.03374995297797501,0.49434782201129324,0.43813412441808475,1.6935772140427552,0.5955455511086426,0.765214851208407,1.9302045660475693,0.5179459352738219,0.20689398630109623,0.6793283498513802,0.8748001167616861,0.6414187074162302,0.46159478630922507,0.7380194864539785,1.9006100729493272,-0.48067664691239037,0.0791833922694432,-1.4360870348251114,-0.1685238076194049,-0.5441593170108106,-1.9006100729493265,-0.7380194864539793,0.5494904413305014,1.1664597564373458,1.318992669312359,1.6486133036126354,1.8953384496936814,-0.08799472517957138,1.4925896140337656,1.1755363964676604,1.4420133285685155,-0.5538573609678327,-0.1035484832504671,-0.5148615102604385,-1.1257144516253432,-1.1084851516111824,0.4428340591057229,-1.1125787146405561,-0.3759724034796717,-0.20882997275045564,1
-0.48340089077122306,1.907848094635473,0.27967722576327125,0.3052077222492148,1,0,0,1,0,0,-0.07911682151246661,-0.4414076238201935,-0.1442422641769629,-0.41118360877283466,-0.05671640769503222,-0.02170194121476656,0.578319672744831,0.22444151200508136,-0.7437548340611494,0.4587106871928597,0.21189577327675152,0.10477982371985928,-0.03608131922462481,0.6099020515918091,-0.49836676762389864,-1.4233435816880353,0.5423460716000309,0.3744204584646278,-0.35307242775419667,0.4930801176436278,-0.19476063911957403,-0.8073059063181703,-0.41358525876871893,-0.081907464078436,0.09007381960198357,-0.4930801176436278,0.35307242775419595,0.0759977097470634,-0.8598699510432187,-1.492168634480596,-1.8528423304405577,-1.603658998575004,-0.024984737566746233,-0.9541866793037505,-0.9284540343304539,-1.2864749325462383,-0.22078545442469194,-0.7864379342253526,-0.13168642102891215,-0.32180562690308556,-0.33002188519637315,0.41111087958892223,-0.5363722402842841,-0.3759724034796717,-0.1469716669968365,1
-0.48340089077122306,-0.1535731830814779,-0.15484123025532542,-0.8681093238500562,1,0,0,1,0,0,-0.19268725454965888,-0.36756066986878666,-0.08027635709007157,-0.4389587921399365,0.10656338447694912,0.0565567804282155,-0.5891868782918636,-0.16749456461422108,-0.24454024627360263,-1.503856542790918,-2.244302368378448,0.8045281803944144,2.2463670700746077,-0.8131592988537417,0.03924259491984867,1.1174936928097328,-1.4192759883164752,-1.3563990489745774,-0.6392523306161405,1.731283161032851,0.006779506412805529,0.2692039165303215,1.4572680993956475,0.6242833935851343,1.593443326095469,-1.731283161032851,0.6392523306161398,-0.8988402670423681,-0.25947596364157,-0.8826288048555859,-0.23777976860790415,-0.767313267037611,-1.6632444155002057,0.18764225758709038,0.5664865349208381,-1.0384305451721696,-0.19302946221276363,-0.02767187758659086,-0.7611883533378483,0.028283699992091807,0.27921023634565156,-0.794369942049485,-2.018046031486126,-1.7677021063295222,-0.1469716669968365,1
-0.4063001036995106,-0.41125084279609675,0.27967722576327125,-0.4281154315628296,0,1,0,1,0,0,-0.028641073495936725,-0.45361853746570174,-0.1826218084290977,-0.3764646295639574,-0.13544523554963855,-0.05792454951808968,1.7881413588442996,0.3267342024868973,-1.1255174243654782,2.2208982570019273,1.3061755885979252,0.17834016353978646,-1.6861435600640264,0.7452292117175853,0.6875508030352078,-0.5523220873814075,0.6443834916675677,-0.28037471269547987,-0.35678002163742906,0.5970847941440487,-1.7418298400797199,0.24032035427691306,0.9835895920852561,-2.3613306249559214,-1.971823572824332,-0.5970847941440487,0.3567800216374284,0.6330479821981672,0.5660657690356972,-0.16391766246191838,-0.4186667755331612,-0.15285517856115927,-0.34003467563087314,-0.38327221085833024,-0.26403600355210183,-0.29429738304996345,-1.6640970494449683,-0.17942508891434333,-1.1169937933385516,-0.5162996974004062,-1.3454087544330806,-1.5874494299694895,0.5337254978059351,0.9600881112561845,-1.5078543935764617,1
-1.9740161074910114,0.38754990231922204,1.7280720791585935,-1.6014324776621007,1,0,0,1,0,0,1.3972988079710327,-0.6838814804952853,-0.2210013526812325,-0.35968378961299996,-0.8434457249729692,-0.24798144493676041,2.037330517119563,-0.5818575367961252,-0.07059276200873191,2.1324336652321407,2.1677939601223906,0.5068234528161861,-2.2248941221361753,1.8622204319371058,-0.22853326230796286,-0.7850855629190623,1.2031466069546226,0.7527212512635648,-0.018359091073560794,0.7094550641890696,-0.9722489644609059,0.5696781243458761,-0.6924326068331389,-1.6877607284663865,-2.0833525214048754,-0.7094550641890696,0.018359091073560086,1.6635909862327087,-0.25947596364157,-0.1457224436671417,-0.5220307794904515,-0.05044549714841698,0.4790951633358572,-0.7910682597479163,-0.8730858650989243,0.20179139169817292,-0.9701972441467586,0.35171115073279,-0.44187577897824326,-0.7107937678977266,-1.2607931819966884,-0.5405845059150832,0.6983559190505837,1.2384340518261547,-1.0129879475475077,1
-0.09789695541265715,-1.9057812691408853,1.0038746524609323,1.478524768348486,0,1,0,1,0,0,0.791589831772674,-0.6257342726595319,6.3291075330164395,-0.7855699345752284,0.9574795684891119,0.12587164816914248,-0.31621453206919176,0.4900968487032162,2.0484685325655403,0.548149845716986,-0.3575936931898805,-2.084403219153753,-1.1667148819174107,-0.333479347916057,-0.6868711635922917,0.9170463567158155,-0.47535263070022254,-0.31568461041351703,-2.147135912362408,-0.7133741297612541,0.10649536918698004,-1.360765758743101,-1.8787819592332553,-1.2118666094485608,0.15668473559799467,0.7133741297612541,2.147135912362407,-0.5738942747792242,-0.9349191994684248,-1.2222728890247456,-0.6383152839424023,-0.7730026937827631,-1.5057194464681423,-1.3076099216747252,-0.5408768497097485,-0.2736270174354578,-0.6093693453916895,-1.6969572021918669,-2.6770637994954787,-2.8891273574677165,-2.970027745211813,-0.2233527107470814,-0.20711139779498602,-0.5429799678216537,-2.6213038971416105,1
-1.2544087614883548,0.7740663918911503,-0.4445202009343899,1.478524768348486,1,0,0,1,0,0,-0.1800683175455264,-0.37744569520086474,0.08603500133584588,-0.5049248526368034,0.22095427520690705,0.0999344718531827,-0.3847574494234925,-0.7323151853021586,-0.3139791537329698,-0.3847399086589068,-0.4814886539257227,-0.26276761748098165,0.46134188997083114,-0.5457762007219931,-1.166493847785147,-1.7052724049610803,-0.12846089812953068,-0.6353961681987759,-0.22931895624632825,-0.13094794135889734,-0.010318549618431296,-0.16344235530151371,-1.2844142896252018,0.3923791676445201,0.005618143058030938,0.13094794135889734,0.22931895624632756,-0.5924626171942612,-1.1600669447440433,-0.4095531161914002,-1.1809763047181743,-1.1598837124531223,0.6681251261743327,0.10608304780917345,0.2342775195316623,-0.35630847989348147,-0.22078545442469194,-0.4070549059059717,-0.8159276517994943,-1.2813097080232,-1.0746389226366257,0.2207718024881207,-0.5363722402842841,-0.6543183440496418,-1.0129879475475077,1
-1.3315095485600683,-1.4419614816545723,-0.4445202009343899,-0.4281154315628296,1,0,0,1,0,0,-0.24316300256618875,-0.3530238679098483,-0.2849672597681238,-0.3388524020876736,-0.03992523224731885,-0.009627738446992187,-0.665400456635978,1.167460270887273,-0.6603233816319148,0.22805671017831664,0.16339624768087932,-1.0174163468157027,-1.1634769929055486,-0.39423755932360166,1.3327136010266643,-1.1151523444924092,-0.06752490107023221,-0.08846627487853334,-0.67984341407292,-0.7133741297612556,0.5313380084787227,-0.26729263093587635,-0.21793637767768986,-0.3750464384756658,-0.2987932233296663,0.7133741297612556,0.6798434140729193,-0.3417899945912644,1.3165582532877582,0.17269388524144552,-0.44450777652248397,-0.4430159425639276,1.109195039464111,-0.7910682597479163,-0.5962450189412776,0.38782468222872474,1.0097302003041335,0.2421116092183019,1.6767378096299317,1.2816899320859352,1.0257076198400459,1.3980542423338167,1.8050381951951697,1.4982235963581267,1.1932916243315823,1
-0.27779879191332196,0.5421564981479937,-0.8790386569529866,-1.8947617391869185,1,0,0,1,0,0,-0.2810198135785862,-0.3431388425777702,-0.2721740783507456,-0.34637484758293036,0.017961603540733433,0.0037880424060904513,-0.5255048002238012,-0.6356350648899599,0.7851257369544878,-0.32162256399575184,-0.5460155286583919,-1.0736948373238788,-0.5461918387627154,-1.2386409956893838,-1.306363565132601,-0.34538881948029804,-1.197982538434819,-1.2547043704212892,-1.0726104692356557,-0.4005896952488784,-0.5069082715147595,-0.43625726703663464,-1.4203756386915962,-0.7534076435672338,-0.5151276804330369,0.4005896952488784,1.072610469235655,-1.17736540326792,-1.2351161931692491,-0.11842961547497735,-0.2765412700918884,-0.71610842633123994,-0.11949971898598452,-0.46483142063624716,0.012804842605544792,-0.9144083514851348,-0.5816133531797613,-0.5588081172337243,-0.5422311594912614,-1.1386807229918314,-1.311562525458524,0.7917890337905242,0.7806711296729086,0.6260729825722207,-0.9511296417938885,0
0.544609603518286,0.026801178718756015,-0.4445202009343899,-0.13478617003801185,1,0,0,1,0,0,-0.11697363252486404,-0.42047462899932225,-0.7966945164632545,0.5001895954601949,-1.6132920582988972,-0.709931498977906,-0.6474823360408811,1.6409915322653201,0.1980008294816368,-1.461492241546613,-1.426372708262784,-0.9502346085519258,0.8573115637576607,-0.6810452211568837,2.4637320959892652,-1.0344479966826765,-1.004691459642822,-1.7916992508843235,-1.142789924882542,-0.1626015385546773,0.2198475892636058,0.21580035167093517,-1.3101942418500483,0.9781468775376074,0.10510878619551865,0.1626015385546773,1.1427899248825413,-0.560631173054198,2.603116797719863,0.5106050914301498,-0.13995312200546972,-0.5210423664974451,0.24955877988913647,0.47892514965108013,1.2783629964690728,0.139780294854656,0.19555442875423396,0.19995793940503753,0.0051618251252043045,-0.671894953798262,-0.2792525417345383,0.6331731362065233,0.03983423407198747,-0.04195727479570725,-0.20882997275045564,1
-0.12359721776989524,0.0010334127472937634,-0.15484123025532542,-0.4281154315628296,1,0,0,1,0,0,-0.34411449859924853,-0.2832472185069442,0.2267599969270068,-0.5315427366969427,0.5015569177406414,0.19295055243455567,0.08139950311489233,-1.4230434078469316,-0.8382017251239747,0.5778152104911051,0.7768345721542256,0.6061778459282067,-0.37788733664608415,-0.7492739512383162,-1.0985454036650633,-0.3369837582426767,0.024340730860072633,0.03681545625826201,0.33643704580791395,0.4930801176436292,-0.861853694216521,0.8526730669291507,0.8072136597243503,-0.7564552197859375,-0.9739798625341521,-0.4930801176436292,-0.33643704580791395,-0.7595776989295921,-1.0850176963188372,-0.32767463161490584,-0.44450777652248397,-0.40887938209301433,0.06953024385249205,0.2692014673650073,0.12354118106860354,-0.5423417704240322,-0.8314172830871166,0.7310941790521709,-0.14080963743918734,0.28760912732185256,-0.0423289389126401,-1.175048096251087,0.4514102871836102,0.793080546914203,-0.20882997275045564,1
1.6497208848795075,-0.3854830768246345,1.0038746524609323,-0.13478617003801185,0,1,0,0,1,0,0.9051602648098662,-0.6396896025401126,-0.6687627022894718,0.12117407242995086,-1.4721509376599187,-0.5856119297393402,1.4622868456745848,2.2812976745161637,-0.8531151707155951,0.7843581413740038,0.5001357135812138,-0.7025677615356207,-0.6224566150361304,0.7258050977857384,2.2724197938158017,-0.1697398618971826,-0.27269147904791396,-0.2914062372539398,-0.24687185720061178,-0.7133741297612541,-1.308129553112228,-0.8546923878248758,0.9956648263388245,-1.3300134491473896,-0.9347023953413042,0.7133741297612541,0.24687185720061106,0.10385022336961848,1.0914105080121401,-1.6650232130309723,-1.4781478160953823,-1.4841810369268051,-1.1276595207911904,-0.6279498401920818,-0.5962450189412776,-1.8445748041378918,-1.192245181842186,-0.7105613285614767,0.40658334717727845,0.8840576101803024,0.22844089288381547,-0.5088613263982832,1.439192814651505,1.127095675598167,-0.1469716669968365,0
-0.7147032519863632,0.0783367106616796,-0.8790386569529866,-0.4281154315628296,1,0,0,1,0,0,0.2868323516073751,-0.551887318708125,-0.34893316685501513,-0.2896671815417641,-0.5377616854340396,-0.2005790192558684,-0.5114031384944376,0.5432223525372089,-0.46532686627648434,0.44060316567957664,-0.23893462061795484,0.3729498443289171,0.40756724424685986,-1.2243853188275513,0.2868997115752109,-0.3715211660117601,-0.1586945812434914,-0.4954594452748003,-0.37315522795503414,0.87874991804355,-0.5122728710711211,-0.45817989387249186,0.2627744722650954,-0.7525852817304408,-0.1730930060977095,-0.87874991804355,0.3731552279550334,-1.038102835155144,0.6911478497443743,1.1885936012831302,0.7829397704703327,0.6778011262310818,0.804646766002121,0.3235742738836193,0.5664865349208381,0.9665949194348847,-0.47058938433204756,-0.4070549059059717,0.0872707728176734,0.20981149912292413,-0.11002139686175369,0.2207718024881207,-0.7833178721512579,-0.48731077970765985,-0.08511336124321738,0
-0.48340089077122306,-0.5658574386248675,0.27967722576327125,-1.6014324776621007,1,0,0,1,0,0,-0.07911682151246661,-0.4414076238201935,-0.6943490651242283,0.1992917756499248,-1.0180659043789695,-0.49349023454817276,1.5031118275657374,-0.4175229349193368,-2.2845108632320033,1.813956630413335,1.1209281801938846,0.3840380541794922,-0.6529655662825545,0.5381595367182223,-0.7445904624265107,-1.6315194959768051,0.9029279979382047,0.4991237684778941,-0.018359091073560794,0.5419904249708541,-1.552390917880582,-0.17285104841342477,1.4834831312887817,-1.555210434439999,-0.9699643194314133,-0.5419904249708541,0.018359091073560086,-0.03541234474315745,-1.0850176963188372,-1.6741208224283601,-2.0724908388497987,-1.723136960223203,-0.11949971898598452,-0.7910682597479163,-0.8730858650989243,-1.4104971262332722,-1.46980510396147,-0.2553016945782196,-0.2959043164138529,0.4821031978191731,-0.21156008378542468,-1.175048096251087,-0.04248097655033679,0.23638866577426285,-0.7036964187794109,0
-0.3291993166277972,-0.41125084279609675,-0.4445202009343899,0.3052077222492148,0,1,0,0,1,0,0.08492935954125552,-0.49141422255894146,-0.041896812837936774,-0.44879583624911845,-0.09791368716121,-0.031092987811924405,-0.9668304030670882,-0.5383459081927109,-0.026719081922226797,-1.3862619531480156,-0.6303966759155973,-0.444628959202976,0.5096056382890009,-0.529963179737268,-0.13363591299474564,-0.523184963134573,-1.139156594331627,-1.1835926553730878,-0.591162492785821,-0.020113106998745453,0.814868245898524,0.6050231298795018,-0.48922455210251964,0.7431822855677584,-0.33600130737826,0.020113106998745453,0.5911624927858203,-0.5367575899491508,-0.18442671521636386,-0.18211288125669506,-0.4186667755331612,-0.8185181077439823,0.006520256239666901,0.35076067714292497,0.7325910426154264,-0.4183195767369984,0.5008703430854462,0.27583454506891375,-0.7064490548762022,-0.8274902101961188,-0.5161761445564365,-0.8895394805998851,-0.12479618717266176,-0.15329565102369538,-0.8892713360402683,1
-1.1516077120594044,-1.9830845670552713,1.0038746524609323,1.7718540298733036,1,0,0,1,0,0,-0.3188766245909836,-0.29778402046588254,1.4037326873258074,-0.6779410990277087,0.9514814920735505,0.2949104869179837,-1.8435862294862844,0.16082065518262323,0.8339744827722283,-1.1067405905522592,-0.5979869960662867,-0.010676922054302942,0.7667154131331282,-0.5820273800280916,-0.12159550642800139,0.3455155567446821,-0.23785909360767477,0.29160546550384725,0.3422533759207262,-0.3540047794704373,1.981996629660816,-0.3425431052918047,-0.7928612431250498,1.2592781313137686,1.0621083625422727,0.3540047794704373,-0.3422533759207269,-0.6760201580619267,-0.3345252120667762,-0.7006766169078218,-0.43158727602782254,-0.4942207832702994,-0.37153966943728567,-0.30171300108041293,-0.4855086804782194,-0.6043528672675491,1.5555980471387252,-0.482931511569848,-0.5604775923118106,-0.8534227529290943,-0.36386811417093057,0.41111087958892223,-1.0302635040182315,-1.266679413303576,-0.1469716669968365,1
-1.2544087614883548,-0.2566442469673251,-0.4445202009343899,-2.6280848929989626,1,0,0,1,0,0,-0.1800683175455264,-0.37744569520086474,-0.4768649810287978,-0.2260157196588223,-0.3733829155023591,-0.11561240718634504,0.881193047046726,-0.5251846525520636,-1.8639771610096878,1.0901282278084967,0.18539480318822374,-0.0905359825846423,-0.20492697562837062,-0.5491641614048056,-1.1038920088315913,-1.418309833428409,-0.06014284136154733,-0.507999015628489,-0.49837739391320257,0.37080434932556694,-1.774038742007374,-0.38502236386968497,1.122854621388125,-1.5323295185356873,-0.736984488809743,-0.37080434932556694,0.4983773939132019,-0.6481676444393714,-1.1600669447440433,-0.7006766169078218,-1.258499307686141,-1.2110885531594928,0.25856020669096863,-0.30171300108041293,-0.09793149585751397,-0.5423417704240322,-1.6640970494449683,-0.4070549059059717,-0.15905607025973648,0.4302381123532211,-0.24540631275998087,-0.6040308649486834,0.03983423407198747,0.23638866577426285,-0.3944048900113141,0
-1.691313221561397,0.7225308599482267,1.0038746524609323,0.3052077222492148,1,0,0,1,0,0,-0.44506599463230834,-0.2355665080816264,0.20117363409225028,-0.5245989408551672,0.6370065224708688,0.22425404109174848,-0.14641447768926444,2.048556385805619,-0.36003678311102183,-0.6527571445795525,-0.9374530835880014,-0.42013396731391134,0.9047026706223326,-0.24638727565172586,1.6019474957423918,-1.52139433056932,-1.037943073897466,-1.6454014885793455,-0.7099870034754222,0.13114384342216406,-0.04259436738799913,-1.2069120946800762,-1.0366722356958606,-0.14737379472437456,-0.3876793808501961,-0.13114384342216406,0.7099870034754215,-0.3696425082138195,1.1664597564373458,-0.600602913536552,-1.232658306696819,-1.5012493171622625,0.006520256239666901,0.10608304780917345,0.5111183656893089,-0.8523972546416179,-0.23268087965837572,-1.2633765983982888,-0.7546717701876525,-1.1201574781825625,-1.0963972126916977,0.04856025653977746,-0.677484029922555,-0.7020347910044936,-1.1632152615205826,1
-1.3315095485600683,0.15564000857606544,-0.4445202009343899,-0.13478617003801185,1,0,0,1,0,0,-0.24316300256618875,-0.3530238679098483,-0.31055362260288033,-0.33595915382026714,-0.06985207462559596,-0.011863701922505961,-0.321163923265404,0.1974438743856989,0.33468473506192087,-0.7863069887790283,-0.21344494292102575,0.42680577492274296,0.2847792763861617,-0.33404521423068767,1.179050637181476,-0.9552793898221826,-0.3530855313438285,-0.0037084226681764047,-0.5860329100839196,1.163332477313009,0.11281221117267397,0.910149131348433,-1.4174889048127821,0.7121364447456099,0.27386832651979015,-1.163332477313009,0.5860329100839188,-0.28608496734615396,1.1664597564373458,0.16359627584405784,-0.3669847735545164,-0.47715250303484213,1.2352150146897614,-0.709509049969999,-0.5408768497097485,0.3258135853852078,0.25106641317809053,1.1104772073715516,0.5981708917930423,-0.2829068128036209,0.008440404549195996,1.5848685217105287,-1.1948939252628807,-0.8769950965056176,0.47161139053935697,0
-0.3291993166277972,0.5421564981479937,-1.168717627632051,-1.8947617391869185,1,0,0,1,0,0,-0.7479204827314877,0.39533069693629824,-0.2721740783507456,-0.34637484758293036,1.22805899743904,0.5717227651865888,-0.6461658971815207,-0.14119233599892622,2.146807864819203,-0.5065990953050896,-0.28068214835906685,-1.9199484365986772,-1.0110271243359334,-1.407556696980188,-0.5818048157225585,1.7672906960197188,-1.3813292810050084,-0.799395114014196,-2.261586279098367,-0.3755669404878874,-0.5079046574350523,-0.38904838017610605,-1.1588015570622152,-0.6853197748805738,-0.41555319965498333,0.3755669404878874,2.2615862790983656,-1.3723329986258064,-0.7097714541928067,-0.6551885699208807,0.279040251178545,-0.3064697006802721,-1.5687294340809674,-1.2804235184154193,-0.4301405112466897,-0.29429738304996345,-0.6093693453916895,-0.5588081172337243,-0.6882026220556532,-1.1257144516253432,-1.277716296483967,0.506280418139323,0.4514102871836102,0.29205785388825667,-1.198562864808365,1
-0.6890029896291251,0.10410447663314094,0.5693561964423357,0.5985369837740325,1,0,0,1,0,0,-0.4955417426488382,-0.1745119398540853,-0.4128990739419065,-0.2665211954025125,0.1595303157228117,0.07176133206170916,1.0036111603805449,0.23532349635540326,-1.0548568223833563,0.9457402996798157,0.9719804549690068,0.5930374261940362,-0.10635643021680341,0.35521055456737677,-0.6705083717109391,-1.6273078352680106,0.6734533161660664,0.9696533727050922,0.1359000988749071,0.6740482547543618,-1.0406235483081727,-0.9946894513981018,-0.19326282336420653,-0.6098493505867068,-0.31694440440901905,-0.674048254754361,-0.1359000988749078,0.1317027369921738,-0.7848207026180125,-0.6551885699208807,-1.3231018101594472,-1.040405750804923,1.3297299961089997,0.02452383803125581,-0.04256332662598434,-0.17027518936292965,-1.0257092285706153,-1.0140677512169813,-0.40538291333714505,-0.4385020692014777,-0.6346379459673855,-0.0012904541294803558,-0.28942660841731066,0.013711913318286572,-0.332546584257695,0
-0.38059984134227254,0.0783367106616796,-0.15484123025532542,-0.4281154315628296,0,1,0,1,0,0,-0.6469689866984278,0.11913145971646949,-0.34893316685501513,-0.2896671815417641,0.6343575162504046,0.31548135089271045,-0.6200239684920689,-0.21679105672473423,0.30916584915510126,-0.4392411727200535,-0.5840259369746528,1.1082524778684384,0.9150694752489792,-1.137242810453076,-0.9124460238336346,0.9203060238054723,-1.1595189273366708,-0.6402462001475077,0.6380137621571677,0.87874991804355,-0.27416119523631916,-0.6165158673798438,0.5021787270376313,-0.5563726329518608,0.13418652066819833,-0.87874991804355,-0.6380137621571684,-1.038102835155144,-0.7848207026180125,0.3091580262022686,0.7570987694810098,0.20557870638343811,-0.34003467563087314,0.8401159358104279,0.5664865349208381,-0.23228628620644656,-0.24854144663662048,-0.5588081172337243,0.07814755640739948,0.3265079414213163,0.0761328624983096,0.15732544345452057,-0.7833178721512579,-0.48731077970765985,0.038603250264021984,0
-0.5605016778429365,0.8771374557769975,-1.6032360836506476,-0.4281154315628296,1,0,0,1,0,0,-0.6722068607066928,0.1976301902947366,-0.4512786181940413,-0.25494820233288673,0.5816672301682906,0.34902080302541705,-1.1111509470077434,-0.6020639730729902,1.5845404370770937,-1.316117324235729,-1.2158099138840293,-0.03719154695336595,1.0719200720797897,-1.588126416762618,-0.17298795126243346,1.2122228605366332,-1.5385420889487842,-1.073323100467537,-0.5483077512256369,0.4930801176436278,-0.0417547630790491,0.6530561655253899,-0.9479527913909371,0.25239759743952345,0.5327213312967813,-0.4930801176436278,0.5483077512256362,-1.4837430531160272,-0.10937746679115769,0.1817914946388332,0.795860270964994,0.06903246449978255,-0.7811045889206503,0.18764225758709038,0.5111183656893089,-0.29429738304996345,-0.10976148557697851,0.5034643620605421,-0.25028823436248077,-0.6848612251647502,-0.5500223735309933,0.9821281108913258,-0.8656330827735822,-0.7656567202776299,-0.08511336124321738,0
-1.3829100732745436,-1.158516055968491,-0.4445202009343899,1.0385308760612593,1,0,0,1,0,0,-0.7353015457273552,0.2976433877722325,-0.3361399854376369,-0.2937177291161331,1.0644108205508716,0.4558998571549754,0.4643235220418146,0.8388014566841546,-1.8837342373246095,0.5271062838863899,-0.7917090157238382,-0.763104686288485,0.40228860938900407,0.10776271972716422,0.44836343976766346,-1.9037014483428576,0.5263207910506676,-0.4211706844704061,-1.1334326641296226,0.08334093927970501,-0.5379779204649197,-0.7021206720793112,0.6620914445764672,-0.19019589656906452,0.6180692959907432,-0.08334093927970501,1.133432664129622,-0.007559831120602114,0.26586877533487285,-0.38226028799923456,-1.258499307686141,-1.0233374705694662,0.6681251261743327,-0.7910682597479163,-0.3747723420151606,-0.6043528672675491,-0.7203933142394032,-0.9381911455531051,-1.1626098753899237,-0.6978274965312384,-0.7192535184037778,-0.6992004034990842,-0.8656330827735822,-0.9326642846196119,-0.76555472453303,0
-0.12359721776989524,0.10410447663314094,-0.15484123025532542,0.5985369837740325,1,0,0,1,0,0,-0.34411449859924853,-0.2832472185069442,-0.4128990739419065,-0.2665211954025125,-0.08253450726282362,-0.011863701922505961,0.29966004457611845,-0.10181084329484137,-0.33863315700800034,0.4319598820830284,0.16084761422226648,0.3878693717329388,0.05853102341544894,-0.5233257585560309,-1.071199987643712,-0.5588783280507668,0.35083078991259603,0.1564924903024587,0.20465562353765385,0.3260326064644921,-0.93958551830724,-0.9333660546443732,-0.09869595176268224,-0.23567212717510624,-0.05632531816744438,-0.3260326064644921,-0.20465562353765385,-0.5089050763265954,-1.009968447893631,-0.06384395909064733,-0.3411437725651945,-0.18699173903207253,0.3530751881102058,0.10608304780917345,0.012804842605544792,-0.23228628620644656,-0.9701972441467586,-1.0140677512169813,-0.6608329728248301,-0.6070635969658218,-0.6515610604546642,-0.28679906978068154,-0.37174181903963527,-0.26463402725168356,-0.6418381130257917,1
0.08200488108800677,0.8771374557769975,-0.4445202009343899,-0.4281154315628296,1,0,0,1,0,0,-0.33149556159511606,-0.2937137159173798,-0.4512786181940413,-0.25494820233288673,-0.1581902790310473,-0.028857024336410634,-0.11180715515373096,-0.5520278003274609,0.7126542878142971,-0.43265666218246257,-0.22589350207114436,-0.5736174802965922,-0.14063725813437558,-0.29883763485805537,-0.47623060733925776,0.2379137685881908,-0.39556477571899745,0.1547440634483579,-0.49529816032406576,-0.29111514316954507,-0.14312447272452916,0.2805981122000022,-0.7351418923873514,0.19225597756316015,0.4447500755139617,0.29111514316954507,0.4952981603240644,-0.2582324537235989,-0.40957446049198204,0.13630344765189217,0.24027874969456073,0.06903246449978255,0.3215701943037938,-0.6279498401920818,-0.4855086804782194,-0.046252995675895824,-0.27629743884854874,0.04820472807728505,-0.5787240251323598,-0.840456481562607,-0.7192535184037778,0.47455723862252236,-0.37174181903963527,-0.5429799678216537,-0.5799798072721716,0
-0.25209852955608386,-0.3339475448817109,-2.617112481027373,-1.161438585374874,1,0,0,1,0,0,-0.4576849316364408,-0.22975178729805104,-0.7711081536284979,0.39603265783356295,-0.9692823191250707,-0.48275760986570665,-0.2038513848370099,0.10661520141281698,-0.9283763291338063,0.2886461353182673,0.28365622600828994,1.5842202607655622,0.23626678980315088,-1.8058536415592508,-0.3930665398195387,0.5042598418602593,-0.9203855650718497,-0.3001018505340814,0.03622492998512883,2.124760042412528,-1.520927368012812,-0.5400981406711486,1.7758540531528424,-1.302580878177319,-0.6617580331089873,-2.124760042412528,-0.036224929985129536,-1.7065631620964685,-0.4846237089171882,-0.4186507255887879,-0.10857476366129187,-0.4600842227993849,-0.34003467563087314,-0.22015379130249568,-0.26403600355210183,-0.5423417704240322,-1.46980510396147,-0.7105613285614767,-0.7794347861583975,0.15794641365697218,-0.38079122865820925,-1.5874494299694895,-1.277209135885205,-0.48731077970765985,-0.3944048900113141,0
0.8787130141623758,-0.12780541711001567,-0.4445202009343899,-0.13478617003801185,1,0,0,1,0,0,-0.43244705762817587,-0.25882539121592774,-0.3617263482723934,-0.27925148777910086,0.1189241916219556,0.016756630564070337,0.43379101981199397,0.8783819794618305,0.03476408935181972,0.009951313949892057,0.3345033519493942,0.19447658461000208,-0.2949004267898643,-0.011856784674279336,0.07262281343886831,-0.3712480880262281,0.40379011187044556,0.6695726718462177,0.4783555005605047,-0.20918429502488586,-0.6150441322351352,-1.1328548927872668,-0.4205922001850614,0.386947779751335,0.2188366521532238,0.20918429502488586,-0.4783555005605054,-0.09111737198826762,-0.03432821836595151,-0.2912841940253525,-0.43158727602782254,-0.2552648599739003,0.4475901695294441,-0.30171300108041293,-0.5408768497097485,-0.29429738304996345,-0.6093693453916895,-1.0899443568808573,-0.15905607025973648,-0.3477381696360611,-0.1777138548108673,0.1890486229713212,-0.04248097655033679,-0.15329565102369538,-0.2706882785040748,1
-0.3291993166277972,-1.158516055968491,-1.168717627632051,1.0385308760612593,1,0,0,1,0,0,-0.7479204827314877,0.39533069693629824,-0.3361399854376369,-0.2937177291161331,1.1523114861183767,0.5310282299322381,-0.8665511033385203,0.08201739939833791,0.9787775009777452,-1.493100795881047,-1.398403949269255,-2.1554627956926597,0.6284407167483783,-1.505441510185394,-0.5309176541326578,1.9759185327469522,-1.4397203267730037,-0.5992531360854586,-1.9787580846898434,-0.9772859963810728,-0.29925901551606265,-0.6444331056080335,0.647585935476869,0.589480817363452,1.232939570004182,0.9772859963810728,1.9787580846898425,-1.4837430531160272,-0.7848207026180125,-1.110069039790291,-0.06981326217730856,-0.6307670251539549,-1.757759396919444,-1.2804235184154193,-0.5962450189412776,-0.728375060954584,-0.44283339212011924,-0.7864379342253526,-0.7338187041070253,-0.32180562690308556,-0.07617516788719629,-0.3819686083310823,-0.7833178721512579,-1.211010225189582,-0.332546584257695,1
1.6497208848795075,1.3924927752062353,1.0038746524609323,-0.13478617003801185,0,1,0,1,0,0,0.8799223908016013,-0.636782242148325,-0.06748317567269331,-0.4401160914468991,-0.5283901786834245,-0.14959905201415438,0.727643669797711,2.537915017875372,-0.040098347373926736,0.019478768150574786,-0.17548275029601562,-0.5097653214098072,0.4104265381877665,0.3156995677299571,2.2394009649810718,-0.12535322595967882,-0.6226354444010321,-0.6294467028958151,-0.40749033797582196,-0.29111514316954507,-0.6963629473633614,-1.2399852828825537,-0.07115211890770354,-0.6437092075635356,-0.38639602369609527,0.29111514316954507,0.40749033797582124,-0.14682239923337803,1.1664597564373458,-1.501266243877985,-1.3231018101594472,-1.4500444764558913,-1.0961545269847772,-0.5463906304141645,-0.4301405112466897,-1.720552610450858,-0.8036612908751883,-1.317574173872486,-0.9071598159022387,-0.8015576674631424,-0.9731002357129547,-0.5088613263982832,-0.37174181903963527,-0.5429799678216537,-1.0748462533011267,0
1.4441187860216065,-0.8235350983394863,-0.4445202009343899,1.0385308760612593,1,0,0,0,1,0,0.22373766658671274,-0.5321172680439689,0.3035190854312764,-0.554110073182713,0.04139030971397822,0.01899259403958411,-1.6437261090025361,-0.6719260124536944,-0.5191219190153264,-1.2520900352595934,-1.047856344527646,-0.7646894015942498,1.2658419247733466,-0.6718083381226347,0.20338168696325237,-0.8333039574028935,-0.7369077713187783,-0.670243036401825,-0.2548898489945435,-0.7901484909597473,1.6143781915220905,1.1259828484048129,-0.12773305968143223,0.9607877277956609,0.7079026948369317,0.7901484909597473,0.25488984899454276,-0.7038726716844818,0.04072103005925432,-0.4095531161914002,-0.7545997883943533,-0.972132629863095,0.29006520049738066,0.4323198869208419,0.6218547041523672,-0.6663639641110671,1.333550109443298,0.8828473903799233,-0.350643614875499,-0.3607044410025493,0.025363519036474696,-0.15990635171348128,-0.4540570296619595,-0.8213259083916238,-0.45626319576493324,1
0.31330724230314594,-1.0296772261111817,-1.6032360836506476,0.5985369837740325,1,0,0,1,0,0,-0.5333985536612357,-0.1338088943690579,0.047655457083711085,-0.48351481545799574,0.7026845745478114,0.27076208138243496,-0.3870215322234341,0.5201336107860518,1.1772558812735425,0.14420945480782524,0.7431474419411047,0.0431120930037838,-0.7371768669774893,-1.1357837917959737,0.39111831424523896,0.19253070147456702,-0.5998810771157925,-0.4088520159580928,-0.7825353858951971,0.8349088210750116,-0.5966989205249575,-0.3220859629211763,-1.4158734406145381,-0.7896494771915162,-1.3652924878816424,-0.8349088210750116,0.7825353858951963,-1.0102503215325889,0.5660657690356972,0.5547934799317504,0.5762117625557528,0.2909201075607231,0.25856020669096863,0.02452383803125581,0.4557501964577793,0.3258135853852078,-0.5816133531797613,-0.3311783002420958,-0.0951935553878152,-0.8015576674631424,-1.0238695791747903,0.37938770007212164,0.5337254978059351,1.127095675598167,-0.20882997275045564,1
0.7502117023761872,0.3102466044048362,0.27967722576327125,-2.334755631474145,1,0,0,1,0,0,0.16064298156605036,-0.5239766589469633,-0.029103631420558513,-0.4603688293187442,-0.13970390219420095,-0.047191924835623573,0.8068722999605359,-1.1969917900844935,-1.7410965173915705,0.7883701315682735,0.5817949287518915,0.8390938187263461,-0.5123476788783744,-0.04410838045746764,-1.1555918247475698,-0.768479426522532,0.013590497336312865,-0.2688828430410681,-0.16027754582615011,1.303385209184222,-1.1660481485846104,0.4852622750460963,1.6078895545711007,-1.0515610818311698,-1.0188736637761402,-1.303385209184222,0.16027754582614942,-0.23734306850668244,-1.2163538810629477,-0.7711830897375809,-1.0097796731639126,-0.9507972795687738,-0.16675720969560312,-0.7298988524144783,-0.7485074843279834,-1.177955513070083,-1.2200011740541141,-0.02767187758659086,-1.2264723902618437,-0.3477381696360611,-0.7192535184037778,-2.1901898407886926,-0.7010026615289333,-0.15329565102369538,-1.136704559054746,1
1.2642169495209417,0.0010334127472937634,-0.4445202009343899,-0.4281154315628296,1,0,0,1,0,0,0.9556360128263961,-0.6478302116371182,-0.630383158037337,-0.040847830544809956,-1.370942019902627,-0.46665867284200746,-0.3375021818286153,0.32091850324071736,-0.8379028587677108,-0.5855531682968702,-1.1165669205285198,1.087981871002317,1.5427485154217362,-0.357331019201894,-0.3172857187380685,-0.2771506732491353,-1.094363848529404,-1.4625507765974748,-0.04921092906325296,1.5326843095563485,0.1122640554631719,-0.7583205849161481,0.866931579541045,-0.2941079053631811,0.023695510692444424,-1.5326843095563485,0.049210929063252244,-0.3139374809687093,-0.25947596364157,0.13630344765189217,-0.031051760693324323,-0.4600842227993849,-0.2770246880180474,1.0847935651441794,1.2309045656991897,-0.4183195767369984,-0.4150773999081907,-1.1658209625447336,-1.9472064866735241,-1.3202085221226638,-1.3284856399458025,-1.7777885070702906,-1.6064699783745033,-1.266679413303576,-1.7552876165909395,0
-0.6890029896291251,-1.4419614816545723,-0.8790386569529866,1.478524768348486,1,0,0,1,0,0,0.26159447759911014,-0.551887318708125,-0.68155588370685,0.15010655510401527,-1.2138741208662869,-0.5404454675339619,-1.1007767069189547,0.3169780237523817,0.7452763745586701,-0.8965768687819419,-0.1345612157871895,-0.06923485104852165,-0.030054776311360224,-1.1890940888824129,0.402707179313319,-0.1830090450595374,-0.1773215253291809,-0.392343365331984,-0.35307242775419523,0.2557448558590603,0.3425280039038838,-0.031639073470770385,-1.2027242118878532,1.0353885182637441,-0.20811076201819637,-0.2557448558590603,0.3530724277541945,-1.038102835155144,0.6732789810717061,0.8095265430586199,0.5799033341256564,0.47867119015075044,0.4745944499349406,0.12938567917429258,0.3291943810714265,0.5827167008797779,-0.026493508941193386,-0.4070549059059717,-1.1534866589796486,-1.5017363212534962,-1.0915620371239039,-0.667477223982284,-0.5363722402842841,-0.48731077970765985,-1.136704559054746,0
0.8016122270906633,-0.9523739281967958,-1.6032360836506476,0.5985369837740325,0,1,0,1,0,0,0.7158762097478791,-0.6088715823871633,-0.11865590134220637,-0.419863353575054,-0.5061541319795012,-0.14378554697781856,-0.477203400542886,0.13513505923356253,0.5483911102685244,-1.2348998777186317,-0.9852771497425612,0.412854022167154,1.562656120933086,-0.9333070186379099,0.03557193395657343,0.2918448698722728,-1.7348689173034115,-1.696772036175313,-0.966971920209292,1.5221146227830877,-0.268986431328187,-0.14984192718939748,-0.45639307013833585,-0.05199625538599474,-0.3756590938811548,-1.5221146227830877,0.9669719202092913,-0.8152827261747027,0.19081952690966666,0.49111021415003275,0.5762117625557528,-0.20406001926752979,-0.2770246880180474,0.6769975162545934,1.397009073393778,0.20179139169817292,-0.44283339212011924,-0.4070549059059717,-0.8524205174405927,-0.9312203811280227,-0.8884846632765624,-0.5405845059150832,-1.4418395571298541,-1.0440026608476,-0.6418381130257917,0
0.9044132765196139,0.8771374557769975,0.5693561964423357,-0.4281154315628296,1,0,0,1,0,0,-0.23054406556205628,-0.36058300492849626,-0.5024513438635544,-0.18261699564772566,-0.36610906074714133,-0.13618327116107173,-0.48626935263547477,0.01639311607220384,-0.7812870999798318,-0.48981494268203224,-0.6483734652763123,-0.35968471318265616,0.7212181557690557,-0.3019957283789669,-0.2046064784621078,-1.1512517637895245,0.3149157188135376,0.14775856460872178,0.2246519615849838,-0.7133741297612541,0.3744187984590038,-0.22747034479036782,-0.0888513573664106,0.9739734234184643,0.9871747390446398,0.7133741297612541,-0.2246519615849845,-0.23037994010104354,-0.10937746679115769,0.28186519801010423,-0.37990527404917784,-0.23819657973844427,1.2037100208833493,0.2692014673650073,0.17890935030013266,0.2638024885416898,0.0012624832707351544,-0.5588081172337243,-1.1443634425693747,-1.0090180093269512,-0.6177148314801074,-0.5405845059150832,-1.0302635040182315,-1.378017789531564,-1.2604211705619852,1
0.4161082917320974,-1.3646581837401863,-0.8790386569529866,0.3052077222492148,1,0,0,1,0,0,0.33730809962390496,-0.561772344040203,0.7384872536221374,-0.6073458413029915,0.18336195568842825,0.03732749453879705,-0.6491605458068967,-1.2193195075044942,1.872767473810392,-1.1182799231063894,-0.2571985304344867,1.035890309344198,0.7495777431833153,-1.1520342409768056,-0.46575249602173485,0.9626755563488566,-1.658075440027582,-0.9371431871821795,0.4407888507730546,0.9756618166055823,-0.2484254983143184,1.2069736637921489,-1.5927397807266883,-0.13339519285132315,-0.5805672360513403,-0.9756618166055823,-0.4407888507730553,-0.9266927806649233,-0.03432821836595151,1.5009448572601232,1.8682618120218755,0.9224464762726329,0.5106001571422693,1.9003856629233515,1.784586258014483,0.5118468759157585,-0.4011994038022266,0.7690324818841089,-0.7383803123121623,-1.3655904719053722,-1.3200240827021632,0.3318029307969218,-0.20711139779498602,0.29205785388825667,-0.30161743138088487,0
-1.0488066626304537,0.026801178718756015,-0.15484123025532542,-0.13478617003801185,1,0,0,1,0,0,0.07231042253712305,-0.4890883342455113,-0.7711081536284979,0.39603265783356295,-1.5455833909886778,-0.6822055518815352,-1.1920360050286105,-0.5168723246220004,1.23211173525722,-1.9892250264598175,-0.84173458917514965,-1.5022899336283095,-0.010515284901641022,-1.4409404619662864,-0.7616956272669948,0.6824062062677437,-1.8466429974154013,-1.0014276718036055,-1.8132101364739601,-0.2506245554141756,0.21778435085288125,-0.05362647180538815,-0.998585591788651,0.8562150910612053,0.11659698125586285,0.2506245554141756,1.8132101364739588,-1.4001855122483615,-0.8598699510432187,-0.646090960523493,-0.22485926811324272,-0.9209277891567239,-0.5920746260821743,-0.8726274695258333,-0.09793149585751397,-0.4183195767369984,0.27882240539001907,0.04820472807728505,0.31535118307453414,-0.2699405414371327,0.0761328624983096,0.664896315723324,0.28677986593896093,0.18071947766026855,0.10046155601764112,0
0.004904094016293398,0.0010334127472937634,1.0038746524609323,-0.4281154315628296,1,0,0,1,0,0,0.47611640666936217,-0.5844497550961469,0.2267599969270068,-0.5286494884295363,-0.14410057487789937,-0.04093122710418501,0.8657246470885342,-0.1351721056680494,-1.0116334079429152,1.4269099077478775,1.0006994589624172,0.5516774165389436,-0.5271474821794676,0.3959928700748162,0.12342510874704929,-0.33140710074426694,0.6453611310350111,0.20179264061332833,-0.2859102762628674,1.0359845289758263,-0.8081397859140672,0.3091725215944973,1.0499045831087117,-1.2877341785088947,-1.1039470690643536,-1.0359845289758263,0.28591027626286675,0.10385022336961848,-0.18442671521636386,-0.8644335860608106,-0.8838047933409655,-0.6136987449184976,-0.5920746260821743,-0.5463906304141645,-0.4855086804782194,-0.790386157798101,-0.8869292675109735,-0.02767187758659086,-0.8524205174405927,-0.24400799870415715,-0.7192535184037778,-1.4922798914190887,-0.4540570296619595,0.013711913318286572,-1.0129879475475077,1
-0.2263982671988458,-0.02473435322416849,-2.617112481027373,-0.8681093238500562,1,0,0,1,0,0,-0.4576849316364408,-0.22975178729805104,0.4570372624398156,-0.5749414607080393,0.8007057032305716,0.2676317325167157,-0.8360348924621678,-0.224515710246914,-0.2306632590241767,0.025058484329870352,0.3504848984030837,0.558606246975659,-0.16313653576929474,-1.7793177321659817,-0.44365993344557136,0.47396564032916666,-1.165422107113065,-0.78414351859893,-0.19575715951429745,0.9560218637408522,-0.6153464436044824,-0.1362939236349837,0.7916141618096798,-1.1894650075264974,-1.2212110580200621,-0.9560218637408522,0.19575715951429676,-1.6787106484739132,-0.4846237089171882,-0.2548937564358004,0.020630241285320403,-0.4430159425639276,-0.4660546508565234,0.02452383803125581,0.12354118106860354,-0.4803306735805153,-0.44283339212011924,0.12408133374116129,0.8171280856396278,1.143383037510063,0.5161338391675497,-0.5088613263982832,0.28677986593896093,0.9044189231421907,0.5334696962929761,1
-1.485711122703495,0.4648532002336079,-0.8790386569529866,-0.13478617003801185,0,1,0,1,0,0,1.4477745559875626,-0.6862073688087155,0.27793272259651985,-0.5517954745687877,-0.4785850348296815,-0.10130224094305688,-0.16366228053700244,-0.8667499948571545,0.5187780647407138,-0.34501097503396294,-0.257558823817697,0.9923671225554801,0.46789614417300956,-0.006723082924066044,-0.6208130060066055,-0.363733508279739,-0.9998175251129388,-0.7466542413771885,-0.5860329100839196,1.934690701407091,0.2208587598262876,0.567724728056386,-1.0747040911639243,-0.5253143741077648,-0.3941234570937762,-1.934690701407091,0.5860329100839188,0.006366425690675429,-0.5596729573423944,0.08171779126756346,-0.12149526415595328,-0.5027549233880274,0.3845801819166189,-0.01625576685770265,0.2896456887631914,0.139780294854656,-0.08200549336504998,0.12408133374116129,-1.0075151964152582,-1.333174793489152,-1.4131012123821949,0.09387908442092041,-1.277209135885205,-0.5986491559356475,-0.45626319576493324,0
-0.8175043014153137,-0.9008383962538722,-0.15484123025532542,-0.8681093238500562,1,0,0,1,0,0,0.3751649106363024,-0.567005592745421,0.20117363409225028,-0.5240202912016859,-0.10708429493497935,-0.031092987811924405,0.6527369868478986,-0.8091055530614591,1.39836447282256,-0.5071625503330032,0.31903693695456964,3.2083014513362396,1.880247668848449,-0.22286545815111714,2.0955729304119473,-0.6045627275700772,-1.7816704326366195,-2.4373297849233224,-0.8293216896597869,5.198251682522675,-1.130331209433042,3.2098217225060566,-2.519138317236327,-1.081530016447473,-2.794341790410624,-5.198251682522674,0.8293216896597863,-0.16771178445029447,2.067050737539819,0.21818193222838655,-0.13764588977427983,-0.8227851778028462,-0.40304466324369825,1.2071323798110556,1.9506907657090713,-0.24778906041732607,-1.3032691506898992,1.33810702436318,-2.2665190610331294,-2.824296000635276,-2.8854121727754207,-1.4922798914190887,-2.676567716464722,-1.0996718489615938,-1.6934293108373202,0
-1.8712150580620608,0.05256894469021735,0.5693561964423357,0.5985369837740325,1,0,0,1,0,0,-0.596493238681898,-0.06112488457436613,0.9687645191349462,-0.6455367184327565,1.3173703582191654,0.4518751228990506,-0.8355876933015526,-0.40819339046264214,-1.8972454964863958,-0.6900645457344555,-1.041221044010907,-1.525232324062577,0.34662983383948465,-0.45294963960102036,1.04481558351247,-2.7374124946403127,-0.5545171430644082,-1.5186566685517577,-0.9333596546099943,-1.154540235155578,0.7093230850490337,1.6069315540653275,-0.1572374102616569,0.3823829751409047,-0.12903430228502547,1.154540235155578,0.9333596546099936,-0.5367575899491508,0.7161642658861095,-0.5460172571522233,-1.77531932747259,-1.8426149218714025,0.8571550890128092,-0.13859458152457876,0.34501385799472056,-0.790386157798101,0.5008703430854462,1.2622304186993043,-0.44187577897824326,-0.4514683405679659,-0.2792525417345383,-0.5723076854318833,0.36909507656128593,-0.15329565102369538,-0.9511296417938885,1
0.9815140635913272,-0.514321906681944,-0.8790386569529866,0.5985369837740325,1,0,0,1,0,0,0.1480240445619179,-0.5239766589469633,-0.016310450003180245,-0.4603688293187442,-0.12126786436098777,-0.047191924835623573,-1.1703042844978588,-0.4123854194920206,-0.8844325076500392,-1.226264079309881,-1.0102912268581057,-0.7508719852439445,0.66332100003713,-1.0547521402245856,0.01853630230649743,-0.8654184130472276,-1.3021819820594744,-1.170608323419971,-0.871666255725209,-0.1595918522639314,0.5734406852122512,0.584581190864834,0.3393868221431224,0.365382296395688,0.17055688750624937,0.1595918522639314,0.8716662557252083,-1.038102835155144,-0.10937746679115769,-0.3731626786018469,-0.7416792878996918,-1.1598837124531223,0.25856020669096863,0.02452383803125581,0.5111183656893089,-0.35630847989348147,0.25106641317809053,0.19995793940503753,-0.8524205174405927,-0.5681647828663581,-0.39771434314548676,-0.9847090191502859,-0.37174181903963527,-0.48731077970765985,-0.7036964187794109,0
1.5469198354505571,2.5262744779505577,-0.4445202009343899,-0.8681093238500562,1,0,0,1,0,0,0.11016723354952047,-0.5181619381633881,-0.3617263482723934,-0.27520094020473185,-0.44176483251536497,-0.18582166031747752,-0.9111360737014748,-0.45174112678859174,0.5047435322180241,-1.1535526590032819,-1.3547905188854177,-1.3673616899787353,0.39814170725459,-1.0194321912816826,-0.828446510718421,0.38899012622077905,-1.8398829277866813,-1.7565491625438325,-1.741654613069294,-0.13756642077256032,0.24835225606760203,-0.20989065454039946,-0.2991037547633403,-0.2660211949614998,0.04636565405307117,0.13756642077256032,1.7416546130692934,-0.9266927806649233,-0.7097714541928067,0.28186519801010423,0.44700675760914055,-0.3576745413866426,-0.4660546508565234,-0.22015379130249568,0.7879592118469556,0.20179139169817292,0.029018475482663446,-0.4070549059059717,-0.6882026220556532,-0.723760039264214,-0.7700228618656133,-0.033013633646279864,-0.12479618717266176,-0.2089648391376897,-0.7036964187794109,0
-0.4063001036995106,-0.35971531085317227,-0.4445202009343899,-1.161438585374874,1,0,0,1,0,0,-0.16744938054139394,-0.38093452767100994,0.57217589519622,-0.5888290523915902,0.48122757296087887,0.1620942564724656,-2.863595484268431,-0.37510127851194325,1.7355090683341323,-3.292678067581021,-2.1926021193582366,0.23264354105513185,2.190332627235492,-1.8418527735834545,-0.018578945332383502,1.0193908527551698,-2.309202402554027,-1.8596245442225194,-0.29127919636700184,0.6061852033378367,2.1415416390430164,0.49622629696746484,-1.348109538970828,2.158430069747712,1.0349287190851824,-0.6061852033378367,0.2912791963670011,-1.7622681893415788,-0.5596729573423944,-1.6650232130309723,-1.0000892977929163,-1.723136960223203,-1.852274378338682,0.2692014673650073,0.4557501964577793,-2.1546302883554773,1.4723300705029398,0.07349692996524401,-0.989268763594709,-1.4412270548765527,-0.685407289429221,-0.011864847301746482,-1.0302635040182315,-0.914107888581614,-0.2500688432528684,0
0.4932090788038099,-0.5916252045963298,-0.4445202009343899,-1.161438585374874,1,0,0,1,0,0,3.6939453427231426,-0.764124627308625,0.7001077093700027,-0.6027166440751413,-0.7217793969695493,-0.1218731049177836,0.24051411915801804,0.3996809580359765,-1.2596108157292754,0.6064208851438351,0.07419478183185627,2.1742449448948205,1.2705320449571262,-0.630346459191545,1.4022261461885803,-0.19180179786267967,-0.31894663056369943,-0.28949340757991066,-0.5483077512256369,3.5092157361558383,-0.9642754923304627,0.8561447129202272,1.5291878727569128,-1.1354975119869852,-0.3790908173244248,-3.509215736155838,0.5483077512256362,-0.5646101035717058,1.391607501712964,0.1908891040362222,0.05939174276930372,-0.06751377738387422,0.25856020669096863,0.18764225758709038,0.5111183656893089,0.2638024885416898,-1.1182292026103766,0.07349692996524401,-1.6583046336815008,-0.7929134865521509,-1.1366903424233135,-1.8095116865870906,-2.402183681056974,-1.6563637301015341,-1.0748462533011267,0
-0.6633027272718879,-0.2824120129387873,0.27967722576327125,-0.8681093238500562,1,0,0,1,0,0,-0.7100636717190902,0.2819436416565791,-0.2977604411855021,-0.3388524020876736,0.9640064492997569,0.4787066846052158,2.869718918535584,-0.21846937034846187,1.4037860921230412,1.7944812494358346,2.732120574019764,2.0372016047835917,-1.6775543007372216,2.7181524660572838,-1.3212237651136556,1.5817207389010086,1.3693398990208825,2.226245442307057,1.2994551316290601,1.4897162350650546,-1.2744680958568837,-1.0237168968157926,-0.32954581301569497,-1.0664143940644157,-1.378395183570253,-1.4897162350650546,-1.2994551316290608,1.6914434998552643,-1.4602639384448675,-1.4284853686988783,-0.5478717804797735,-0.01630893667750248,-1.3796994712424915,-1.4435419379712537,-1.9250810804979817,-0.8523972546416179,-1.2200011740541141,-1.0140677512169813,-0.2776578835933038,-0.39960325510201306,-0.7700228618656133,-0.4771381468814831,-0.7010026615289333,-0.04195727479570725,-1.0129879475475077,1
-0.25209852955608386,-0.2051087150244015,-0.8790386569529866,-1.6014324776621007,1,0,0,1,0,0,-0.6217311126901629,0.06389161227250373,0.08603500133584588,-0.510132699518135,0.9569281320945984,0.44337846169209827,0.07310638293604087,-0.3100708753946104,-1.0252892066820691,0.44378801250396016,0.8588738165898266,0.7989697452175365,-0.6655065828048123,-0.47446045468065423,0.45689218988772684,-1.9194943650263718,-1.3453936792075614,-1.750665935419297,-0.6655696264837223,1.7498032920237172,-0.5757315009991423,0.8832865733649067,-0.5273020285944995,-1.9335983160669192,-2.82576257220162,-1.7498032920237165,0.665569626483721,-0.45320004908148526,0.41596727218528484,-0.009258302706318612,-1.0000892977929163,-1.39883963574952,0.8886600828192224,0.6769975162545934,1.1755363964676604,-0.4183195767369984,-0.5816133531797613,0.7310941790521709,-0.2046721523111086,-0.4385020692014777,-1.1254082660984612,-1.0481553781838862,0.6983559190505837,2.12914106165006,-0.2706882785040748,1
0.3904080293748593,0.15564000857606544,-0.8790386569529866,0.5985369837740325,1,0,0,1,0,0,0.24897554059497767,-0.5501429024730524,0.38027817393554597,-0.5639471172918948,0.06793268624379352,0.012731896308145543,0.2828756414308897,1.4175058294080596,-1.5097193449976074,1.0223631608814934,0.10631286969944448,-0.6597325760523448,-0.0954253839368566,-0.8535005828967119,0.5663942617924124,0.038390318572521225,-0.21708055565525078,-0.42328676161393786,-0.9197330604481181,0.012383503443245562,-1.2461531913060466,-1.3781698986605195,2.1024154883263475,-1.596400036004564,-0.551469074017503,-0.012383503443245562,0.9197330604481174,-0.8709877534198129,0.340918023760079,-0.45504116317834126,-0.3669847735545164,-0.42594766232847037,-0.5920746260821743,-0.22015379130249568,0.2342775195316623,-0.29429738304996345,-1.2755131584779709,-1.4693273852002382,-1.1534866589796486,-0.06248019957332482,-0.685407289429221,-1.7143421480366898,-0.28942660841731066,-0.32030321536567735,-1.5078543935764617,0
-0.3034990542705592,-0.46278637473902035,-0.15484123025532542,0.3052077222492148,1,0,0,1,0,0,0.12278617055365294,-0.5210692985551757,-0.09306953850744984,-0.4337509452586049,-0.16690930924586117,-0.06552682533483652,-0.8321652616010873,0.648102544347336,0.09696428099323641,-1.1604833868886406,-0.9179192282925572,-0.5028910613471714,0.44416302737759933,-0.6339986969024421,0.11776446604147772,-1.3987622840012321,-0.591625508235118,-0.7259980255267039,-0.2763926451691775,-0.41176056791003435,0.5236620256387021,-0.7715672246317834,-1.5381746197412125,0.9810924609612918,0.4845441848833232,0.41176056791003435,0.2763926451691768,-0.6203151308168162,0.06573744620098994,-0.11539707900918145,-0.8105886238712191,-0.972132629863095,0.8571550890128092,0.051710241290561454,0.1973654067106424,-0.2736270174354578,0.08453045990652028,-1.0140677512169813,-1.2538420394926681,-1.7221629344837932,-1.3284856399458025,0.12560226393772106,-0.5363722402842841,-0.7656567202776299,-1.136704559054746,0
-2.436620829921291,-1.880013503169424,-0.4445202009343899,0.3052077222492148,0,1,0,1,0,0,6.444873609624022,-0.7937797033048593,-0.5664172509504457,-0.12590932960655937,-2.1324980914249414,-0.5131667131326939,-0.3109476172080788,0.11889897324681128,0.14409482015032496,-2.059736987360483,-2.230713946006278,-1.2522593937000812,1.8902525683427658,-1.3619723734102145,0.15733258407703848,0.48122821749256167,-4.0207009529135584,-3.8667143252743705,-2.067181853346864,0.3422733367180179,-0.9284865168484157,-0.005580243285887892,0.2866055027571074,-1.2042864521819374,-0.8750565625782037,-0.3422733367180179,2.067181853346862,-1.4210748974652778,-0.46586139681088673,-1.7605481117035484,-1.3004909342937903,-2.5082778510542254,-2.0570568380803644,-0.22015379130249568,1.0509580156967198,-2.340663578886029,-0.6371253376036178,0.5793409677244183,1.793312241538992,1.7009327062690485,0.9899810448113461,1.0138512904081252,1.1099319721622063,1.461110804282131,1.4613442825972665,0
0.544609603518286,-1.2615871198543382,-0.8790386569529866,-0.4281154315628296,1,0,0,1,0,0,-0.028641073495936725,-0.458270314092562,-0.19541498984647596,-0.3729927316430696,-0.14798422718954263,-0.06418524724952825,0.431780359116672,1.2956966577707671,-0.508821210777327,0.24175875173783873,0.09375716222692175,0.3347348569288027,0.11391998266631302,0.29795946238043003,0.6493339877316535,-1.7892197740641627,0.17547451242283432,-0.2211964065215001,-0.31054414497595056,0.7645323233097284,-0.3026835159898043,-1.12789579113662,-1.1024176804932007,-0.15260295386025477,-0.33784414132356516,-0.7645323233097284,0.3105441449759499,0.35452284597261524,0.7161642658861095,0.2909628074074919,-0.7158382869103699,-0.6136987449184976,1.550264952753888,-0.22015379130249568,-0.09793149585751397,0.2638024885416898,-0.4150773999081907,-1.1658209625447336,-0.5878472415426337,-1.0219842806934394,-1.0069464646875115,0.28421816152172197,-0.7833178721512579,-0.5429799678216537,-0.3944048900113141,0
0.7502117023761872,-0.41125084279609675,-0.8790386569529866,-0.13478617003801185,1,0,0,1,0,0,0.4130217216486998,-0.5728203135289962,3.0540530901676037,-0.7410139112571692,0.7315429218820794,0.13213234590058104,0.09216244329933412,-0.47329666792935027,0.05864955123051816,-0.29811086352794386,-0.374010179390131,0.9197996493790487,1.3263958447189346,-0.6351569124335729,-0.29220433063352735,0.24953956816210715,-0.8732211938347257,-1.324875375461775,0.5226171968447283,0.7361716451058077,-0.762795423968355,0.3568906463493396,0.1705872991949919,-0.4631426439772453,-0.8072513873538373,-0.7361716451058077,-0.522617196844729,-0.5924626171942612,-0.25947596364157,0.05442496307539909,0.17567624722125458,-0.18699173903207253,-0.8126095827270634,1.9003856629233515,1.7292180887829538,-0.35630847989348147,-0.6864693237581573,0.41072628847136017,0.2170231839860217,0.2732021591368654,0.06673113222759906,-0.47008855143330586,-0.11565005265907018,0.26113052715826013,0.024856960096552163,0
-0.5605016778429365,-0.10203765113855341,-0.8790386569529866,-0.4281154315628296,1,0,0,1,0,0,-0.7731583567397526,0.4563852651638393,0.6873145279526244,-0.6021379944216599,2.0862031776305545,0.8163371694077955,-0.6434303772006928,-1.1325714563723936,1.91797431605463,0.6549682377037253,1.610696627894603,1.741127723641098,-1.03157749068008,-1.201775334773417,-0.8581203175624706,1.5688767510350894,-0.0086986630797758,0.23145822577265412,0.9848575718326791,1.3979208031972914,-0.30609415208915836,0.6948437710045554,-1.045365309673426,-0.8934452795176838,-1.8680105939056733,-1.3979208031972914,-0.9848575718326797,-1.2609229441355856,-1.0850176963188372,-1.301118837135444,-0.43158727602782254,-0.40887938209301433,-1.9152843659515075,-0.22015379130249568,-0.6516131881728072,-1.3484860293897554,-0.44283339212011924,0.35171115073279,-0.7064490548762022,-1.0868156375258795,-1.311562525458524,-0.7626467625326843,0.03983423407198747,0.9044189231421907,-0.7036964187794109,1
1.0586148506630406,0.5421564981479937,-0.8790386569529866,-0.4281154315628296,1,0,0,1,0,0,0.04707254852885811,-0.4821106693052209,-0.1442422641769629,-0.4082903605054282,-0.1581902790310473,-0.055241393347473154,-0.17469125493371962,-2.5970115956036826,1.2761187102953564,0.5338942662643088,1.2579020071132319,0.7000820796429572,-0.914532652818456,-0.9070463327997494,-1.2305946990511878,0.7411642167458754,-0.07018767301024004,0.18979956416976998,0.39961991949913633,0.558490287683652,-0.6633975658905881,2.331697161913561,-0.9996984669785803,-0.7908536048287086,-1.4500318832875883,-0.558490287683652,-0.39961991949913706,-0.9266927806649233,-1.2351161931692491,-0.5187244289600577,-0.08273376267196997,-0.10165033785478751,-0.7811045889206503,0.35076067714292497,0.17890935030013266,-0.4183195767369984,-0.47058938433204756,2.7607933805608584,0.9494147235886072,0.22277777048941236,-0.11425217548357307,0.6886887003609239,1.3362988013735992,1.8925470121655847,0.3942885083473328,1
-1.1516077120594044,0.23294330649045036,1.0038746524609323,3.2385003374973924,1,0,0,1,0,0,-0.40720918361991093,-0.2541736145890675,0.022069094248954552,-0.4713631727348887,0.4545930355320551,0.1688021468990069,-2.2322683783590755,-0.15756327637145262,-0.3668165146919371,-1.208666359607472,-0.5422951019814424,-0.14768199693244305,0.8821568643226464,-0.26502236727343337,-0.493101259734178,0.4532525548760794,0.35083078991259603,0.8974473120226742,0.6152054390719316,-0.8115738940849077,2.839216292829336,-0.27771747561440285,0.9569255701505666,1.980708080969836,1.5811928182460278,0.8115738940849077,-0.6152054390719323,-0.3974950218363748,-0.6347222057676005,-0.6551885699208807,-0.3411437725651945,-0.18699173903207253,-0.30852968182446,-0.46483142063624716,-0.762349526635866,-0.35630847989348147,3.1099336110067144,-0.02767187758659086,0.7988816528190786,1.2211806657089916,2.0899834864844458,-0.44541496736468245,-1.1125787146405561,-1.4893561657595522,1.0901944480755505,1
0.10770514344524394,-1.3131226517972627,0.5693561964423357,-0.4281154315628296,1,0,0,1,0,0,-0.36935237260751347,-0.27045483278307847,-0.2721740783507456,-0.34579619792944905,0.13202241968785935,0.059239936598832026,-0.4211186117692362,-1.7396606273006903,0.5762759334345012,-0.44465480723048983,-0.4355402161450081,0.3850341967433878,1.0010064717292697,-1.0223247733071792,-1.0359105532758088,-0.17468427235311948,-0.3695616796401839,-0.297926895494976,-0.19575715951429745,0.7192902890320441,-0.4359191869744065,1.3499863551508058,-0.9633293535908921,0.23424892242065387,0.2753559853050258,-0.7192902890320441,0.19575715951429676,-1.038102835155144,-1.0850176963188372,-0.6097005229339397,-0.5995537824584191,-0.6990401460957827,-0.30852968182446,0.02452383803125581,0.12354118106860354,-0.6663639641110671,-0.44283339212011924,1.1863538130354276,-0.14080963743918734,-0.6070635969658218,-0.48232991558187904,0.8552353928241243,-0.9479482933959068,-0.7656567202776299,0.16231986177126023,0
0.544609603518286,-0.6173929705677911,-0.4445202009343899,-0.4281154315628296,1,0,0,1,0,0,-0.5586364276695006,-0.11927209241011955,-0.16982862701171944,-0.37935787783136377,0.5797944631655974,0.201447213641508,0.1934818341964898,0.6347591943889294,-0.1282654668200429,0.9224829726642105,0.8055681814790888,0.5117310790888558,-0.809801072858737,-0.5080735174684768,0.6670709923514786,-0.7369168918569436,-0.36979994754797957,-0.1359572495262174,0.3586118043630053,0.3422733367180179,-0.7767022725271354,-0.20296983860840817,-0.5651872182605278,-1.612902280221137,-1.180013881632687,-0.3422733367180179,-0.35861180436300605,-0.6760201580619267,0.19081952690966666,-1.0372881646111858,-1.2068173057074962,-1.262293393865864,-0.05648973137315825,-0.13859458152457876,-0.319404172783631,-1.1004416420156866,-0.9146852597229018,-0.5588081172337243,-1.208225957441296,-1.268343436656712,-1.7007941586659285,-0.44541496736468245,-0.04248097655033679,0.1250502895462747,-1.8171459223445585,0
0.08200488108800677,1.9336158606069351,-0.4445202009343899,0.3052077222492148,1,0,0,1,0,0,-0.3188766245909836,-0.28789899513380446,-0.13144908275958464,-0.41118360877283466,0.205588655591507,0.09635693029236066,-0.044018858316206895,0.5286603202495144,0.3723690175138511,-0.023128719431012697,0.515784487689208,0.38149022800645266,-0.2573956625833763,-0.1219423193020917,-0.12159550642800139,0.06991783953013697,-0.046515272243123025,0.6550620478367274,-0.6392523306161391,1.1543098493943817,-0.06063403461762222,-0.84741458949619,-0.43878023550031475,-0.014878339901802687,-0.03100450280854143,-1.1543098493943817,0.6392523306161384,-0.28608496734615396,-0.3345252120667762,-0.7006766169078218,-0.5607922809744348,-0.5454256239766699,0.038025250046078915,-1.2804235184154193,-1.2052948804881005,-0.6663639641110671,-0.3040534310604773,-1.0140677512169813,-0.989268763594709,-1.0349505520599276,-0.9731002357129547,-0.3819686083310823,-1.277209135885205,-0.9883334727336057,-0.8892713360402683,1
-0.09789695541265715,-0.3854830768246345,-0.15484123025532542,-0.13478617003801185,1,0,0,0,1,0,-0.4198281206240434,-0.2454515334137045,-0.6687627022894718,0.12117407242995086,-0.5303234463210064,-0.2824152824596725,0.38566375687621346,-0.2414214025504212,-0.7185681399947417,1.1242017790916599,0.5923003205504844,-0.36706669144873627,-0.5137621831202391,-0.6241045851812705,-0.9366190396760825,-0.4775244617673279,0.40154658317996134,-0.00512844650757804,0.11065768597424898,-0.6103841330315712,-1.1598727899462549,-0.6069259413756035,0.5024406877553674,-1.1205573578545789,-0.775026355038856,0.6103841330315712,-0.11065768597424969,-0.7038726716844818,-1.009968447893631,-0.6551885699208807,-0.7804407893836761,-0.596630464683041,-0.34003467563087314,-0.13859458152457876,-0.2086678343205727,-0.728375060954584,-1.053465220782544,-0.482931511569848,0.34272083230535716,0.5599008260181015,0.04228663352375219,-0.12818317219668063,0.9453015509175579,0.6817421706862145,-0.2706882785040748,1
0.2619067175886707,0.0783367106616796,-0.15484123025532542,-1.6014324776621007,1,0,0,1,0,0,1.1449200678883833,-0.6658558460662017,-0.0035172685858019803,-0.4603688293187442,-0.5718579870395146,-0.1563069424406957,0.6415937098326443,-0.424941823803325,0.6729320936117161,-0.25579101604886867,-0.14756766480093741,0.09708673686732236,0.7122212857100401,0.10058861823272854,0.1391131756739199,-1.0374838969137647,-0.6608237739534533,-1.1039734063473146,-0.6772662024248698,0.8041191033027003,-0.7916447095062824,0.7226065146250263,-1.9624919771585383,-0.30970438191589006,-0.8859699687997308,-0.8041191033027003,0.6772662024248691,-0.03541234474315745,-0.03432821836595151,-0.46413877257572894,-0.8967252938356269,-1.0745423112758372,-0.024984737566746233,0.35076067714292497,0.7879592118469556,-0.6663639641110671,-0.8869292675109735,0.27583454506891375,-0.9436526815433369,-1.6832641203843295,-1.6669479296913718,0.28421816152172197,-0.6186874509066087,-0.32030321536567735,-1.136704559054746,0
1.2642169495209417,0.5421564981479937,0.5693561964423357,-1.8947617391869185,1,0,0,1,0,0,1.4225366819792977,-0.6856258967303579,-0.2593808969333673,-0.34637484758293036,-0.8915733402198014,-0.259608455009432,0.09381314191461639,0.03749167770663325,1.4170629049693826,-0.04665691710000941,0.07558815057377963,-0.2013315397315081,-0.6768874693763133,-0.35816425829511106,-0.2559266520558423,0.7468988987391987,-0.6850316093945477,-0.36168444274063694,0.3871222082195544,-0.6585353003337585,-0.48832296426510324,-0.3078402060734496,-1.1866111004037787,-0.6162351326249359,-0.45138275992007565,0.6585353003337585,-0.3871222082195551,-0.5646101035717058,-0.5596729573423944,-1.0827762115981268,-0.5866332819637576,-0.801449827508525,-1.1906695084040155,0.18764225758709038,0.012804842605544792,-0.9144083514851348,-0.6371253376036178,-0.5588081172337243,-0.9254062487227878,-1.3202085221226638,-1.430024326869473,0.2524949820049213,0.6983559190505837,0.4033962301162448,-1.5078543935764617,1
-0.6890029896291251,0.18140777454752677,0.5693561964423357,-0.13478617003801185,1,0,0,1,0,0,-0.4955417426488382,-0.17160457946229762,-0.31055362260288033,-0.33595915382026714,0.2950380208200187,0.1276604189495535,-0.04993585291067919,-1.575251287137789,-0.3766351028416119,0.019319087852288207,0.6231335714547593,0.8876457452775413,0.6272865781638093,0.14905019028782943,-0.8827467229501549,-1.808475397485023,0.6329505423983469,0.8268951859763028,0.1359000988749071,1.0758588642714124,0.21836621297651618,1.2777655390283231,-1.3024705628348732,0.6015240817339457,-0.0028019544419875682,-1.0758588642714124,-0.1359000988749078,-0.007559831120602114,-0.9349191994684248,-0.5187244289600577,-1.3101813096647865,-1.040405750804923,1.518759958947476,0.02452383803125581,-0.04256332662598434,-0.17027518936292965,0.3620903820258042,1.4898602356909325,0.6164173246135901,-0.2051091846046925,0.04228663352375219,1.267636726542527,-0.9479482933959068,-0.5986491559356475,0.47161139053935697,0
0.6731109153044746,0.2587110724619126,1.4383931084795292,1.478524768348486,1,0,0,1,0,0,-0.14221150653312897,-0.3867492484545853,0.188380452674872,-0.5240202912016859,0.2516067452721803,0.10753674766992953,-0.410350608077557,-0.04937322970196006,-0.8705058631799013,0.2170376302061486,-0.46960671441424146,0.09017599783029633,0.8697395290818973,0.31466901383584656,0.21008902685113343,0.5108741870734091,0.5844824736039451,0.32795112373713525,0.8432886699243073,-0.7133741297612556,0.8850160805660883,0.27822888238196525,1.7033899665759638,0.28635897940552835,0.9306921700028887,0.7133741297612556,-0.843288669924308,0.4102278732177254,0.340918023760079,0.427426948368315,0.6408142650290589,0.8712416355662611,-0.34003467563087314,1.166352774922097,0.7879592118469556,0.3258135853852078,1.055990187324014,0.5034643620605421,0.6802798394855113,1.5323711785047043,1.582290051866092,-0.4771381468814831,0.12214944469431245,-0.2089648391376897,0.7809029193074537,0
-0.14929748012713334,-0.8493028643109486,-0.8790386569529866,0.3052077222492148,1,0,0,1,0,0,-0.06649788450833415,-0.44373351213362366,0.16279408984011548,-0.5211270429342795,0.16719369863227257,0.0614759000743458,0.15785384510631906,-0.3674036067538723,1.0732239788617077,0.6812385751570813,1.2589613851597663,-0.5794316606179905,-1.1565740291326663,0.020346535385755815,0.5203968022682028,1.355543947401232,0.6542764926678776,1.3723485246461018,-0.9702511656336119,0.17200761631813533,-0.19916959578745003,1.025595073029752,-0.10494219334176186,-0.2715399948986779,-0.2968802312061069,-0.17200761631813533,0.9702511656336112,-0.17467491285593337,0.19081952690966666,-0.7370670544973751,0.007709740790658993,0.2738518273252659,-0.9386295579527137,-1.6882195673050053,-1.592872065108806,-0.35630847989348147,-0.3040534310604773,0.7310941790521709,-0.48749186102961545,-0.46443461193445323,-0.5330992590437151,-0.3502454288142823,-0.4540570296619595,-0.4316415915936655,-0.9511296417938885,1
-1.6142124344896835,0.8513696898055362,-0.15484123025532542,1.478524768348486,0,1,0,1,0,0,-0.81101516775215,1.8722697759644351,0.5849690766135982,-0.5899863516985528,2.644348483393045,1.8958603353858454,-1.2232362417596143,-1.5733048347411673,1.655434158334044,-0.10372206475480733,1.0347016722769113,0.31982517198376204,-0.7759455453453339,-0.8980198667904539,-1.0248961362606728,0.8892910526333799,-0.37535535192441133,0.1294479133860998,-0.2094031647789695,0.6438868985692391,0.803648901186766,1.132691810297199,-1.3693822068208488,-0.2320741237791311,-1.2187821570431785,-0.6438868985692391,0.2094031647789688,-1.0938078624002545,-1.3101654415944555,-1.7923897445944073,-1.168055804223513,-1.2281568333949502,-1.5687294340809674,-0.9541866793037505,-0.983822203561983,-1.658541513607341,0.7229182807808735,1.0346006017076752,-0.040454256926167845,-0.7367263106307022,-0.7700228618656133,0.15732544345452057,0.36909507656128593,0.793080546914203,-0.023255055489598248,1
-0.38059984134227254,1.3924927752062353,-0.15484123025532542,-0.13478617003801185,1,0,0,1,0,0,-0.8236341047562825,3.4248002251790517,-0.06748317567269331,-0.4401160914468991,2.705498315042651,2.9740419232785866,0.12008758712180957,0.4525605506614375,0.3538116286223312,0.5823156785691457,0.6337844068620015,0.8831575159892915,0.2729685122549286,-0.3471520233969611,-0.6678994435936342,0.4930413936065859,0.2818731397397916,0.6775108367455265,0.9454154897089528,0.266869946255213,-0.5138549245595925,-1.2902405590608064,0.011786702757436054,-0.5071703335820056,-0.1624933038258533,-0.266869946255213,-0.9454154897089535,-0.3417899945912644,-0.6347222057676005,-0.04564874029587195,0.21443774870523882,0.32505666803163763,-0.05648973137315825,0.2692014673650073,-0.1532996650890431,-0.046252995675895824,-0.6093693453916895,-1.317574173872486,-0.6608329728248301,-0.5551985114998699,-0.7023304039164997,-0.28679906978068154,-0.7833178721512579,-0.7656567202776299,-0.6418381130257917,1
1.4441187860216065,2.0366869244927823,-0.4445202009343899,-0.4281154315628296,1,0,0,1,0,0,0.22373766658671274,-0.5321172680439689,-0.4128990739419065,-0.25899874990725574,-0.5876010482317433,-0.20907568046282074,0.12681083427871187,-0.36897233533615476,-0.05711079198398542,-0.33806574072797363,0.1661891249369629,1.0250731562195148,0.5257953379779854,-0.7371521771707249,0.18282451782372355,-1.022728941173229,-0.6038515493203459,-0.4580357229120146,0.09840925777350726,1.300476421676128,-0.9128873218123505,0.6895756982112965,-0.9496715884110437,-0.14206385409563196,-0.6632367356946975,-1.300476421676128,-0.09840925777350797,-0.7874302125521474,-0.03432821836595151,-0.5733100853443877,-0.9742482968035945,-1.1257471519822078,0.41608517572303205,0.5138790966987595,0.5111183656893089,-0.790386157798101,-1.0257092285706153,0.12408133374116129,-1.244718823082393,-1.4628375071540325,-1.4131012123821949,-0.635754044465484,-0.7833178721512579,-0.26463402725168356,-1.0748462533011267,1
0.31330724230314594,-1.9830845670552713,-1.6032360836506476,1.7718540298733036,1,0,0,1,0,0,-0.5333985536612357,-0.1338088943690579,1.3653531430736725,-0.6727332521463771,1.2927480394660236,0.4169940926810357,-2.0991549567418426,0.3548891910576407,0.5970994911554008,-0.9657981964760873,-0.9367815411451591,-0.08673892151755887,1.1524601304892825,-1.1311798919345157,0.273468811274952,0.16788649801700242,-0.4160949840182613,-0.20528977020142536,-0.8901438845537553,0.7645323233097278,1.7886644467120634,-0.21314150036846738,-0.6475452677658526,0.8921383918547139,1.017436379078485,-0.764532323309727,0.8901438845537545,-1.038102835155144,0.340918023760079,0.2545723698179399,0.3048812521678669,0.12023730520615308,0.1325402314653172,-0.38327221085833024,0.012804842605544792,0.2638024885416898,1.333550109443298,-0.4070549059059717,-0.6790794056453779,-0.8793552956620708,-0.5161761445564365,0.37938770007212164,-1.6887851889968277,-1.6563637301015341,-0.08511336124321738,1
0.7502117023761872,0.0010334127472937634,0.27967722576327125,-0.4281154315628296,1,0,0,1,0,0,0.16064298156605036,-0.5239766589469633,-0.630383158037337,-0.040847830544809956,-0.9849419835577691,-0.3714066287851207,0.19425277866872478,-0.4945127806319475,-1.017204129031935,0.26809641864401834,-0.14524893034880704,0.8524158099141407,0.135600355205014,0.49007986429658784,-1.2316346033145689,-0.636254965924531,0.21827928715738518,-0.06060515082859915,-0.37315522795503414,1.5326843095563485,0.21956880859445452,-0.5550901975487615,0.7511772403675397,-0.14573896078695334,0.1296615892113003,-1.5326843095563485,0.3731552279550334,0.2307338965390366,-1.268471414691563,-0.7067416898394149,-0.8967252938356269,-0.7730026937827631,-0.17550859686405132,-0.945124544883982,-0.9099979779199442,-0.9626392045856501,-0.24854144663662048,-0.9381911455531051,-1.60964747949337,-1.060883094792903,-1.0407926936620688,-1.4922798914190887,-1.6064699783745033,-1.266679413303576,-1.4459960878228426,1
-0.7147032519863632,-0.978141694168258,-0.15484123025532542,-0.13478617003801185,1,0,0,0,1,0,-0.5207796166571032,-0.16288249828693463,0.7896599792916505,-0.6171828854121734,1.0688910907401898,0.35170395919603353,1.3315012606955141,0.3014150817655129,-0.7757272547073396,1.4767158657792603,1.656301021710027,0.6369978320886118,-1.6858728932913227,0.6109271345712054,0.003744885604334889,-1.1714270879475936,0.6097289521048518,0.4345070175755673,0.5061221547512287,0.36682327779893126,-1.2410537208029038,-0.4099501148336048,-0.11672610718784142,-1.3903510732759328,-1.7290609144299336,-0.36682327779893126,-0.5061221547512293,0.605195468575612,0.04072103005925432,0.1272058382545045,-0.5091102789957901,-0.2552648599739003,1.1722050270769362,0.18764225758709038,-0.04256332662598434,0.3258135853852078,-1.0950992091004363,-0.17942508891434333,0.7441423543574326,0.5631423938597233,-0.07194438926537693,-0.10439078755908072,1.6449808412073161,2.101306467593062,0.08499697957923605,1
-0.48340089077122306,0.9029052217484598,-0.15484123025532542,0.5985369837740325,1,0,0,1,0,0,-0.09173575851659908,-0.433267014723188,-0.24658771551598904,-0.35621189169211226,-0.1471265369607769,-0.05792454951808968,-0.14251664547413898,0.14520674420254945,0.031922775059850694,0.02707223110129298,0.04551868245496849,-2.850005961215303,-1.231566163792412,-0.37832864435096397,-0.11147246554934817,-1.0425150514127848,0.4260254803771124,0.17962552252598563,-2.7742174566180373,-1.1356331163529634,-0.1798486589534401,-0.31097148233377686,-1.0912665898276759,0.38586673601767996,0.11619284496264709,1.1356331163529634,2.774217456618036,-0.5089050763265954,-0.3345252120667762,-0.7279694450999874,-1.1034533017502068,-0.9038595089212672,0.2270552128845555,-2.0960156161945913,-1.482135726645747,-0.35630847989348147,0.029018475482663446,-0.02767187758659086,0.9174834661526473,0.14498014229048395,0.2961333508329291,1.5848685217105287,1.1099319721622063,0.5704037944582268,0.5953280020465953,0
0.030604356373531493,-1.3646581837401863,-0.15484123025532542,0.3052077222492148,1,0,0,1,0,0,-0.7479204827314877,0.39533069693629824,0.7384872536221374,-0.6073458413029915,1.8861204643331642,0.7734066706779311,0.24535052760989556,-0.47005263471911335,0.47148324709926387,0.19878096887887803,0.15266281289952707,0.4928902221352817,0.00821396633175321,0.1273661340418646,-3.815073612875388e-4,-0.9176976102310305,0.6863744464477917,-0.04574944344165382,-0.09305301462755473,0.7645323233097278,-0.21390314071036706,0.6447798070987873,-1.5667309894290102,0.4120568871325612,-0.24313456069208092,-0.764532323309727,0.09305301462755473,0.27096530510494976,0.19081952690966666,0.6002815269186915,-0.0052107597040024186,0.2738518273252659,0.7626401075935709,0.2692014673650073,0.34501385799472056,0.44983577907224165,-0.1375174777889068,0.7310941790521709,0.32447439948480933,-0.5681647828663581,-0.38079122865820925,1.1724671879921262,0.12214944469431245,0.5704037944582268,0.904619530814692,1
-0.2263982671988458,-1.9057812691408853,-2.617112481027373,1.478524768348486,1,0,0,1,0,0,-0.4576849316364408,-0.22975178729805104,5.471964378052095,-0.7797834380404155,1.83408812648918,0.4259379465830908,-0.9155777702116781,-0.7039209875979465,1.2111672368570094,0.01786647024468784,0.4822314511199448,0.6166278877298581,-1.0703554572518366,-1.6512166488434812,-0.6678994435936342,0.4690058893686928,-1.1374558250188462,-0.5543838838085666,0.271474372857786,0.5717619163874261,-0.37674304271863396,0.2970666460221748,-1.1844004990661534,-1.152018173886837,-1.1681724646780358,-0.5717619163874261,-0.2714743728577867,-1.5673005939836924,-0.7097714541928067,-0.3549674598070702,-0.06981326217730856,-0.5112890635057554,-0.34003467563087314,0.18764225758709038,0.06817301183707392,-0.4803306735805153,-1.0257092285706153,-0.9381911455531051,-3.3156889482146887,-3.148452784797477,-3.181566676302794,-1.9681275841710915,-0.8244754774624201,-0.6821529381066387,-3.3945327190618526,1
0.9044132765196139,-0.6946962684821769,-1.168717627632051,-0.4281154315628296,1,0,0,1,0,0,0.1858808555743153,-0.5280469634954661,-0.5920036137852022,-0.11317903722997104,-0.899925898370141,-0.31863789076299565,-0.6757855684926051,0.4713522093825619,-1.0532874902301945,-0.6110618024165045,-0.9640366468562104,0.13473379049173836,1.3190574738821372,-0.9211044652032331,-0.30434834408448286,-0.6714186556128668,-1.2844284726607773,-1.4662283462595962,-0.36119580761071546,0.5419904249708541,0.019339554845478144,-0.9518351897305468,0.7651682869618444,-0.44811221412903635,-0.17819174639309054,-0.5419904249708541,0.36119580761071474,-0.9266927806649233,-0.40957446049198204,-0.4277483349861756,-0.6899972859210471,-1.1086788717467513,-0.2140147004052217,0.758556726032511,1.0648000580046022,-0.6043528672675491,0.22331042096616224,-0.7105613285614767,0.8627441676909999,1.1693155802430386,0.8884423578876751,0.030432725387320277,-0.04248097655033679,0.23638866577426285,1.0901944480755505,0
0.46750881644657266,0.49062096620506923,-0.15484123025532542,0.3052077222492148,1,0,0,1,0,0,0.2868323516073751,-0.5571205674133428,-0.6559695208720935,0.07198885188404132,-1.1409349438119718,-0.4840991879510149,-0.2880911227755685,-0.6648221493900625,-0.6343275868331061,-0.5480277610723747,-0.5982467663124312,-2.123346754859255,-0.11216481995288845,0.3035942295378893,0.4065701343360113,-1.0056199184199621,-0.1834334913572971,-0.16908351876936864,-2.5220148494447194,-0.39468810214486993,0.703945496147499,1.3197822995102244,-0.14340397509603445,0.5584606393719714,0.6126729492770675,0.39468810214486993,2.522014849444718,-0.03541234474315745,-0.03432821836595151,-1.0827762115981268,-1.3618633116434313,-1.347634795043149,-0.024984737566746233,-1.6882195673050053,-0.9284540343304539,-0.4183195767369984,0.3065783976019474,0.7310941790521709,-1.0075151964152582,-0.9182541097615345,-0.6684841749419423,-0.44541496736468245,-0.7010026615289333,-0.9326642846196119,-0.76555472453303,0
-0.12359721776989524,-0.9008383962538722,-0.4445202009343899,-0.8681093238500562,1,0,0,1,0,0,-0.6974447347149578,0.2586847585222777,0.20117363409225028,-0.5240202912016859,1.319042174120818,0.6039206392339871,-0.25290464457666834,-0.8365293819880694,1.5374111037744749,-0.3814242602998804,1.4314064784559153,2.7091486431762184,0.1908857478790038,-0.17884263497555206,-0.1542536758585623,1.867759862227994,0.25276338322731895,0.9996188878882999,1.0387885820834852,2.664697762972419,0.17297261103642958,0.9936348833185088,-0.22477394697186637,0.7659154122539937,-0.8849652425126697,-2.664697762972419,-1.038788582083486,-0.4253475354589299,-0.4846237089171882,-1.1009714303929035,-0.10857476366129187,7.593435579547688e-4,-1.6002344278873806,-0.709509049969999,-1.149926711256571,-0.9144083514851348,-0.05424950115312168,0.5793409677244183,-0.7611883533378483,-0.7496925819971905,-0.4315605721200442,-1.6508957890030895,-1.853415610241477,-1.0996718489615938,-0.1469716669968365,1
0.6474106529472365,-1.880013503169424,-0.15484123025532542,0.5985369837740325,0,1,0,1,0,0,0.3499270366280375,-0.5629352881969182,-0.6175899766199587,-0.05820732014924861,-1.06379022961113,-0.3879527585039226,0.9563246625553036,-1.5565921312196644,1.0734642599524233,0.1760233938224065,0.8922047169360405,2.9288562946390595,1.4737705862542334,0.7728053122715169,-0.9505661396742556,-1.2602311427996882,-0.2890831898433204,-0.2810100934545591,3.032887686107121,0.9866295824910817,-0.5576147604721535,1.1842152590769202,-2.733872366906137,-0.5244461915234692,-1.4342614906854234,-0.9866295824910817,-3.032887686107122,3.1397742082281335,0.5660657690356972,6.9959009332826,4.659089918868701,4.233692841951291,7.0006288812632835,10.382543479826742,7.210666842704358,5.7207790107711975,-0.5538573609678327,1.0346006017076752,-0.14080963743918734,-1.5017363212534962,-1.5654092427677009,1.2359135470257274,-0.12479618717266176,0.4033962301162448,-0.3944048900113141,0
-0.5862019402001745,0.4648532002336079,0.5693561964423357,-0.13478617003801185,1,0,0,1,0,0,0.9051602648098662,-0.644341379166973,2.401600837881312,-0.724811720959693,0.3928886889211017,0.06460624894006509,-0.899340789622626,-1.070432303696158,-0.12150557650047009,-0.3012639452796814,0.23132035821360644,0.27148400650539184,-0.9256456111479745,-1.2965676478086747,-1.6728585543796446,0.5203232516636224,-1.829338773204878,-0.31380935592492143,0.3041828515459622,0.06858695651968806,-0.044959856347379146,-0.20663104632465568,0.688976881675896,-1.4069528589298474,-0.6071015528409902,-0.06858695651968806,-0.3041828515459622,-0.7595776989295921,-0.9349191994684248,5.267355147778841,4.917499928761925,3.380278830178441,4.795279314814395,2.2266225020350205,2.227531611866718,5.100668042336026,-0.22078545442469194,-0.4070549059059717,-0.6973258384659271,-0.2699405414371327,-0.7869459763528921,-0.6040308649486834,0.5337254978059351,0.6260729825722207,-0.7036964187794109,1
0.44180855408933456,-0.35971531085317227,-1.6032360836506476,-1.161438585374874,1,0,0,1,0,0,-0.38197130961164594,-0.2646401119995031,0.57217589519622,-0.5888290523915902,0.7358313875864162,0.2515327954930165,-1.3718935211043635,-1.2761694628370015,0.6363962966618006,-1.42336839800742,-0.981398870653399,0.585345473178912,0.8144509794022611,-0.3151296572458487,-1.3176633949096057,-1.1015246291503868,-0.14723184642152845,-0.29603470448392527,-0.604544012877736,1.3979208031972914,1.5927774962261816,0.43157637460353565,-1.9769010786046932,1.776886299024661,0.9868463263574172,-1.3979208031972914,0.6045440128777353,-0.3139374809687093,-1.2351161931692491,-0.054746349693259644,-0.6124742829530796,-0.6307670251539549,0.7626401075935709,-0.30171300108041293,-0.04256332662598434,0.2638024885416898,1.6805000120924027,0.5793409677244183,0.4704458620491997,-0.6848612251647502,-0.008482709938082702,2.076577804220932,-1.2360515305740427,-0.8213259083916238,1.244840212459599,0
-0.5862019402001745,-0.978141694168258,-1.168717627632051,0.3052077222492148,1,0,0,0,1,0,0.7032572727437467,-0.6082901103088059,-0.5280377066983108,-0.165257506043287,-1.0289467662820815,-0.34010314012792786,-0.5486208689923447,-0.7914769482781123,-0.6919120985844798,-0.24585325508302194,0.6940760665721631,-1.2643288534267179,-1.1312958719718043,-0.9698133597828626,-0.050155760798648905,1.6683845993744986,-0.9096265270980289,0.8513286022964844,-2.2358349465827763,0.4930801176436278,-0.20615540888621228,1.0360820102787542,2.622432641931478,-0.5698382068876469,-0.0711761971137126,-0.4930801176436278,2.2358349465827754,-0.968471551098756,-0.18442671521636386,-0.4186507255887879,0.459927258103802,0.0519641842643253,-0.24551969421163483,-2.0552360113056327,-1.648240234340335,0.44983577907224165,-0.49834537654397587,0.35171115073279,-1.3359509871851372,-0.02358138547386016,-0.24540631275998087,-2.539144815473495,-0.8656330827735822,-0.7656567202776299,-1.0748462533011267,0
-0.25209852955608386,-0.6689285025107157,0.27967722576327125,0.3052077222492148,1,0,0,1,0,0,0.6275436507189519,-0.6007309732901579,-0.7327286093763631,0.28319597540471164,-1.6247406452544073,-0.680863973796227,-2.0337505925941883,1.6461145290269046,-0.8537811182554955,-1.3189568012216601,-2.033718120263184,-1.6641113912675518,1.1533588043113447,-0.06417740887247415,0.8524095633852021,0.623642772751165,-0.3728568395643133,-0.0909742859955328,-0.19575715951429745,-2.075499892960316,2.7638543952148233,-1.4054186628981162,1.79384823322723,1.4121070868670633,2.5551144760827293,2.075499892960316,0.19575715951429676,0.18740776423728422,1.2415090048625523,1.0551619967881019,1.2609982887727984,1.0248561576853752,0.3215701943037938,0.02452383803125581,0.12354118106860354,1.1939689411944467,1.6666220159864384,-1.5452039908641146,-1.5092920989803518,-0.5422322401333817,0.008440404549195996,-1.3336639938350878,-1.5241547677521787,-2.1573864231274804,-0.9511296417938885,0
0.15910566815972013,-0.2566442469673251,0.5693561964423357,-0.8681093238500562,1,0,0,1,0,0,0.3877838476404349,-0.569331481058851,-0.6431763394547153,0.06620235534922844,-1.15768808888178,-0.4890183075971452,-0.5885535265456605,-1.3998561153086584,2.7334572902238294,-0.4653957802904742,0.41310818703321156,-0.03972112004874931,-0.4251876546787595,-1.180137958971891,-1.3817926193297705,1.8853351223657908,-1.675707562361795,-0.8211532069664986,-0.4481121582821066,0.3902573124670771,-0.3607819378201793,0.5370969375423623,-1.8421477101457024,-1.0328832599048128,-1.3387571576147983,-0.3902573124670771,0.4481121582821059,-1.17736540326792,-1.3852146900196616,-0.646090960523493,0.3436427536518511,-0.3747428216220998,-1.442709458855317,-0.13859458152457876,0.06817301183707392,-0.8523972546416179,-0.3040534310604773,0.5793409677244183,0.20587258615124074,-0.8015576674631424,-1.1084851516111824,1.1724671879921262,0.6983559190505837,1.0157572993701793,-0.1469716669968365,0
-1.8712150580620608,-0.46278637473902035,0.27967722576327125,0.3052077222492148,1,0,0,1,0,0,-0.5460174906653681,-0.12915711774219762,-0.09306953850744984,-0.4337509452586049,0.619889304011662,0.2358810511644201,-1.054150928367236,0.552411380511896,1.549503860209,-1.7332758156239196,-0.8759670527051069,-0.419611848177117,0.4858810992882479,-0.8463094231548824,0.09257778613803379,0.4286171360314359,-1.3393467788868079,-0.9043114789996324,0.07674090437920666,-0.6484112087471453,0.6202001229168556,-0.6654595622137784,-1.6875047995597212,1.0134704661355862,0.25591592055265017,0.6484112087471453,-0.07674090437920737,-0.5924626171942612,0.5660657690356972,1.4372615914784068,1.4806467971820387,0.7517636739180628,0.7311351137871589,1.4110304042558486,1.5077454118568363,1.069946747507413,0.25106641317809053,-0.8623145398892288,-0.97102233077416,-1.5795339494524245,-1.176177609560296,0.28421816152172197,0.03983423407198747,-0.26463402725168356,-0.9511296417938885,1
-0.5605016778429365,1.0575118175772313,-0.8790386569529866,-0.8681093238500562,1,0,0,1,0,0,-0.7731583567397526,0.4563852651638393,0.03486227566633282,-0.4771496692697016,1.725931180924437,0.7197435472656005,-0.1450407205484629,0.37453521639642634,0.5309181540492797,0.03559494832797305,-0.05179855035625667,0.8122435190322433,0.010453088915058356,-1.046937234623992,-0.6895513788829603,1.523638540693396,0.02842153889003439,0.2977469756208287,1.6588590105479577,-0.5374328853480426,-0.8444046965458882,-1.204838772576125,0.8053268918073477,-0.019904167350190863,0.3580326222943834,0.5374328853480426,-1.6588590105479584,-1.0938078624002545,-0.8598699510432187,-0.9008240236503626,-0.06981326217730856,-0.05044549714841698,-1.6317394216937933,0.5138790966987595,-0.2086678343205727,-1.1004416420156866,-0.8869292675109735,-1.2416975682086098,-0.642586540004281,-0.16621037050522874,-0.1607907403235886,-0.794369942049485,0.36909507656128593,0.1250502895462747,-0.45626319576493324,1
-1.305809286202831,-1.158516055968491,-0.4445202009343899,1.0385308760612593,1,0,0,1,0,0,-0.25578193957032125,-0.3501165075180606,-0.42569225535928473,-0.2503190051050364,-0.21028456945682905,-0.07581225732219987,-0.1050641325116236,1.280232347389456,-0.8909191930877766,-0.006224317777011336,-0.5743167455568953,-0.6638614542647729,-0.03515262306416618,-0.2803103185500522,1.3613449147242709,-0.8329452702586904,0.4520491516190904,0.4710313167822039,-0.11623388745465664,-0.7901484909597473,-0.13398853369750288,-0.39339362352174834,0.3808867152462858,0.45665285237103376,1.2065102989717518,0.7901484909597473,0.11623388745465593,-0.14682239923337803,1.5417059985633763,0.5729886987265271,0.020630241285320403,0.20557870638343811,1.3612349899154128,-0.6279498401920818,-0.6516131881728072,0.8219023601333442,-0.16527347000083534,-0.4070549059059717,-0.13168642102891215,0.08014878545804377,0.2622871218583729,0.37938770007212164,-0.4540570296619595,-0.8213259083916238,0.22417816752487937,1
-0.6119022025574117,0.0783367106616796,-0.4445202009343899,-0.4281154315628296,1,0,0,1,0,0,-0.15483044353726144,-0.3838418880627976,-0.3361399854376369,-0.2838806850069512,-0.19259739159864256,-0.07581225732219987,-0.38855744999309233,-0.4271845912646938,-0.030208445368128906,-1.4760042535725477,-1.2279995197123368,0.29976736683381944,1.6199331841126705,-0.52471208824734,-0.484789178263938,-0.4352547033808892,-1.312069520505608,-0.6663440861133723,-0.38904162214375715,0.7946936794948511,0.016012456669673908,0.10067310134001396,-0.3960930442870753,0.6929608460627495,0.9459042113504263,-0.7946936794948504,0.3890416221437564,-0.6760201580619267,-0.7097714541928067,-0.9645072894320803,-1.0130097982875779,-1.39883963574952,-0.08799472517957138,-0.30171300108041293,-0.1532996650890431,-1.4725082230767892,-0.1375174777889068,-0.1035484832504671,-0.5696008087220858,-0.671894953798262,-0.38079122865820925,0.31594134103852145,-1.6064699783745033,-1.545025353873546,-0.332546584257695,1
0.7759119647334253,-0.5400896726534062,1.4383931084795292,-1.6014324776621007,1,0,0,1,0,0,0.08492935954125552,-0.5100213290663825,-0.6943490651242283,0.1587862999062346,-1.1471638494126535,-0.514955483913105,0.9500826268078605,-0.21322168155662782,-1.346549229681969,1.265084307307808,0.3799319388407474,0.370821260684669,-0.6903198515256734,-0.23974431836710058,-0.23699817244464716,-1.1808718001358776,0.48366889051159917,-0.26923599923443065,0.4407888507730546,0.06858695651968806,-1.5606627182430663,0.055233882993084245,0.6541156303471811,-1.229449490303097,-0.7567866787434926,-0.06858695651968806,-0.4407888507730553,-0.3139374809687093,-0.3345252120667762,-0.3731626786018469,-0.8967252938356269,-0.6819718658603261,0.19555021907814235,0.10608304780917345,-0.09793149585751397,-0.728375060954584,-1.497561096173398,-0.17942508891434333,-0.6790794056453779,-0.2699405414371327,-0.7192535184037778,-0.826093121566285,0.5337254978059351,0.6260729825722207,-0.8892713360402683,0
-0.09789695541265715,0.0783367106616796,-0.15484123025532542,-1.6014324776621007,1,0,0,1,0,0,-0.4198281206240434,-0.2454515334137045,-0.0035172685858019803,-0.4603688293187442,0.4548820705125279,0.1670133761185959,0.10014482887427593,-1.3374188491807046,1.322432756027307,0.5310595964009152,0.8533944405989329,1.0155771144190766,-0.370602172718219,-0.5717815382580889,-1.07489560496198,-0.12595976181225654,0.5871184562927657,0.40807143632384285,0.4783555005605047,0.9106988955914741,-0.7105711982762339,0.7588425221775643,-1.9343872923570975,-0.13525064260395878,-0.7110522356849148,-0.9106988955914734,-0.4783555005605054,-0.6203151308168162,-1.0850176963188372,-0.43684594438356456,-0.43158727602782254,-0.18699173903207253,-0.24551969421163483,-0.30171300108041293,-0.5408768497097485,-0.5423417704240322,-0.8036612908751883,0.35171115073279,-0.8341740846200435,-1.5925002208189127,-1.531563013793144,0.41111087958892223,-0.6186874509066087,-0.26463402725168356,-0.8892713360402683,1
1.2642169495209417,0.18140777454752677,0.5693561964423357,-0.13478617003801185,1,0,0,1,0,0,1.4225366819792977,-0.6856258967303579,-0.31055362260288033,-0.33595915382026714,-0.9501254384772574,-0.2676579235212816,-0.34678794535109325,-1.0293871543431137,1.5837245350561546,-1.029779467875973,-0.24211645023965483,0.8870556992031768,1.036137506241924,-0.05360628596026586,-0.11823024250198845,0.9143670495040735,-0.24517682164133642,0.1694586167709822,0.6912331826893887,0.5242815205937548,0.42865431045738994,1.2944257130601085,-1.2461537909782454,1.1480524858416585,0.48020660003169086,-0.5242815205937548,-0.6912331826893894,-0.23037994010104354,-0.3345252120667762,-0.7097742263052108,-0.173177266134598,-0.2552648599739003,-0.9386295579527137,0.2692014673650073,-0.04256332662598434,-0.4183195767369984,0.8894542340524437,2.020996475338066,1.6655872117951496,0.6247321828505417,1.0915197317350172,2.187608932529733,-0.7833178721512579,-0.6543183440496418,1.5850608941045057,1
-1.691313221561397,0.2587110724619126,1.0038746524609323,1.478524768348486,1,0,0,1,0,0,-0.44506599463230834,-0.23265914768983872,0.188380452674872,-0.5240202912016859,0.6290273077151832,0.2260428118721595,-1.0634925784805984,0.49913647867880245,-1.9730772962980994,-0.5420779832852574,-1.4939350489053815,-1.2766009819423998,0.6847400600391985,-0.0597710059699126,0.9716776456834543,-0.9956781889822507,-0.38684098314123305,-0.9574768524079662,-0.6280087910670794,-1.1182800073149486,1.4190898337522067,0.2883248534027183,1.6967022054315275,0.34872748648517105,1.0073989418589344,1.1182800073149486,0.6280087910670786,-0.20252742647848845,0.641115017460903,-0.5733100853443877,-0.9613277963089331,-1.040405750804923,-0.18250970659880966,-0.22015379130249568,0.06817301183707392,-0.5423417704240322,2.0274499147415077,0.8828473903799233,1.6929568610259738,2.504841530991306,2.546907577640965,0.15732544345452057,0.6983559190505837,0.18071947766026855,1.708777505611744,0
-1.6142124344896835,-0.1535731830814779,-0.15484123025532542,-0.8681093238500562,0,1,0,1,0,0,-0.81101516775215,1.8722697759644351,-0.08027635709007157,-0.4389587921399365,2.238511429869467,1.7791430419640264,-0.6919581839980234,-1.4797769362631599,-0.20395149471691995,-0.6169327733177764,-0.525781860098896,0.5109373401041162,0.9912786431167265,-0.7802272886194607,-1.0744952190928052,0.8323477975882623,-0.15714990783150642,0.47559125097049004,0.07195265285990604,0.625495827724652,0.182590785328241,0.9546345620916886,1.1152377909541609,0.6776092170392591,1.1478644590491947,-0.625495827724652,-0.07195265285990675,-0.9823978079100336,-1.3101654415944555,-1.6104375566466425,-1.0259302987822392,-1.0233374705694662,-1.2851844898232538,-0.709509049969999,-0.8177176958673952,-1.3484860293897554,-0.026493508941193386,0.5793409677244183,-0.6882026220556532,-0.06248019957332482,0.2115177783965368,-0.8895394805998851,-1.6064699783745033,-1.6006945419875402,-0.332546584257695,1
-0.38059984134227254,1.4440283071491598,-0.15484123025532542,-0.4281154315628296,1,0,0,1,0,0,-0.8236341047562825,3.4248002251790517,0.21396681550962854,-0.5269135394690924,2.905405511165971,3.041120827544,0.34502841417235597,-0.6295467696544653,1.0270398941125023,0.8095778306614234,1.0955688537191972,0.3183725430003531,-1.3334031654256004,-0.28796963326991026,-0.734962789908414,0.566254651432024,0.42474937705345134,0.8988145273728725,0.8222348332302418,-0.38126032008238236,-0.7675062733501193,0.12780310967550157,-0.8349666259931293,-0.6725132081480065,-0.5467757204497727,0.38126032008238236,-0.8222348332302425,-0.23037994010104354,-0.6347222057676005,0.21818193222838655,0.48576825909312477,0.6493539925053206,0.16404522527173035,0.10608304780917345,-0.26403600355210183,0.38782468222872474,-0.7203933142394032,0.12408133374116129,0.023408257945752128,-0.41256952646850126,-0.6346379459673855,0.6966194952401235,1.1922471827845313,1.0714264874841732,-0.3944048900113141,1
0.7502117023761872,0.3102466044048362,0.27967722576327125,-1.6014324776621007,1,0,0,1,0,0,0.16064298156605036,-0.5239766589469633,-0.5536240695330674,-0.1305385268344097,-0.7955674466542484,-0.3020917610441937,1.1472595803858727,-0.9123982754916983,-0.5438448007102987,0.4364356872203054,0.061712504078981816,0.08887515283509152,-0.4606434273223397,0.46585823026969675,-1.0587168755659715,-0.6963518918624622,0.4628388925739119,0.27321883839759736,-0.16027754582615011,0.28017642692511974,-1.1298123192758764,0.1916959423294667,0.04368756607831682,-0.13065333390512177,0.18651574023120926,-0.28017642692511974,0.16027754582614942,0.27096530510494976,-1.0850176963188372,-0.50962681956267,-0.7675202888890147,-0.5624939042121272,0.16404522527173035,-1.0357458890816678,-1.0945585420250417,-0.6663639641110671,-1.053465220782544,0.19995793940503753,0.06902433999712428,0.08014878545804377,0.025363519036474696,0.28421816152172197,-0.20711139779498602,-0.09762646290970158,0.2860364732784985,1
-1.4343105979890196,-0.7204640344536393,1.4383931084795292,-0.13478617003801185,1,0,0,1,0,0,-0.6595879237025604,0.14820506363434618,-0.5408308881156891,-0.15947100950847412,0.37038129452519264,0.23722262924972837,-0.08436673046101609,0.4810300806964139,-0.30982987372173465,0.7182644299070615,-0.1886540422072796,-0.38810388860314493,-0.1426412182080992,0.28775840218144155,0.2549373883302202,-1.3729611427473691,1.4213561975035374,0.0068896123069524294,-0.20147967785109497,-0.3295023237687909,0.40483879732584044,-0.40483820276957516,-0.956145723853439,0.4390635685652171,0.2519858598467184,0.32950232376879157,0.20147967785109425,0.04814519612450831,-0.03432821836595151,-0.7461646638947628,-1.2714198081808024,-0.7502449868021539,-0.24551969421163483,-0.46483142063624716,-0.4301405112466897,-0.6043528672675491,0.5008703430854462,-0.2553016945782196,0.4521994292286506,-0.1402778277722523,0.04228663352375219,1.1724671879921262,0.5337254978059351,0.4033962301162448,0.7190446135538346,1
0.030604356373531493,0.9029052217484598,-0.15484123025532542,0.5985369837740325,1,0,0,1,0,0,-0.7479204827314877,0.39533069693629824,-0.24658771551598904,-0.35621189169211226,1.25607501944091,0.5793250410033356,-0.029474255480402754,0.035223358825531896,0.4368058920183177,-0.09113029305102603,-0.4440676981678517,-0.8054728186293263,0.5976148802374388,0.019376939111811976,-0.22238521527302332,-0.4652269829257365,0.6740911551230405,0.06508094545394438,-0.02757457514840374,-1.0712207285677868,0.0603458789774447,-0.27112579216913313,-1.0646365389942134,0.7915283970714143,0.640848632519764,1.0712207285677868,0.027574575148402326,0.15955525061472892,-0.03432821836595151,0.5911839175213025,0.24027874969456073,0.512807750621665,0.41608517572303205,0.35076067714292497,0.40038202722625016,0.44983577907224165,0.11228645211844858,-0.17942508891434333,0.2606118846128881,-0.3477381696360611,-0.025405824425361403,1.267636726542527,-0.12479618717266176,-0.5986491559356475,0.038603250264021984,1
-0.2263982671988458,0.0010334127472937634,-2.617112481027373,1.0385308760612593,1,0,0,1,0,0,-0.4576849316364408,-0.22975178729805104,0.46983044385719386,-0.5789920082824084,0.8070659184811083,0.27076208138243496,-1.7060507607303268,-0.5070790469319154,0.6514673091404315,-1.2352252180398564,-0.7322469468982796,0.5877901913814586,0.6745012447909412,-1.5943222618830724,-0.6770520766609024,0.6235659000140622,-0.47061755706348896,0.012331215706613654,0.6312676384277316,0.17559215780023885,0.7792770939283967,0.017725998089542123,-0.26395404283102875,1.2020532658856384,0.9639959255296311,-0.17559215780023885,-0.6312676384277323,-1.4837430531160272,-0.5596729573423944,0.30006041680488094,0.5891322630504142,0.3591932285025509,0.006520256239666901,0.35076067714292497,0.06817301183707392,0.3258135853852078,0.7506742729928018,0.04820472807728505,0.10551720563822252,-0.0495139282068366,0.43151826673115745,0.37938770007212164,-0.7010026615289333,-0.7099875321636356,0.7190446135538346,0
-0.6890029896291251,0.49062096620506923,-0.4445202009343899,0.3052077222492148,1,0,0,1,0,0,-0.571255364673633,-0.11636473201833188,-0.6559695208720935,0.07198885188404132,-0.190307729612128,-0.14512712506312683,-0.70662211939939,-2.087819260887555,1.0233869168516276,-0.9049874660043686,-0.6766128787567722,-0.744030657318524,0.3249133364226448,-0.08020118236740735,-1.1891372217633238,1.3005038780983302,-0.5091440232412181,0.1932947917581884,-0.38904162214375715,-0.6289223324429117,0.9024391816746463,1.67434589320459,-0.09212322162789001,0.7177211836791719,1.068344622525756,0.6289223324429117,0.3890416221437564,0.04814519612450831,-1.009968447893631,0.5456958705343614,1.183475285804831,0.8883099158017184,-0.24551969421163483,-0.30171300108041293,-0.1532996650890431,0.8839134569768611,0.5286263352973745,1.1104772073715516,-0.8341740846200435,-0.7496925819971905,-0.44848368660732285,-0.0647368131630805,-0.7833178721512579,-1.0996718489615938,-0.3944048900113141,0
-1.8712150580620608,-0.12780541711001567,0.5693561964423357,-0.4281154315628296,1,0,0,1,0,0,-0.596493238681898,-0.06112488457436613,-0.7199354279589849,0.26004998926546014,-0.3710772138195086,-0.24798144493676041,-0.28007926921213244,1.4012060651523341,-3.272867233639726,-0.4572895136134033,-1.719558287504353,-1.767559979093632,0.9660437576320046,-0.6693449104685238,1.399539556562678,-2.5512840555209912,-0.5126065188716039,-1.261541218671981,-0.7652983266135058,-1.6517274332983856,-0.27934450616480533,-0.5211712939364744,1.9103247191846124,0.10947678166591422,1.0038605298233843,1.6517274332983856,0.7652983266135052,-0.6760201580619267,1.1664597564373458,-0.2548937564358004,-1.4910683165900436,-1.5695224381040902,1.1722050270769362,-0.05703537174666111,0.34501385799472056,-0.4183195767369984,-0.38732140769626244,-0.6346847228976005,-0.5513543759015367,0.4432043837197094,0.46536449570571364,-1.175048096251087,-0.20711139779498602,-0.8769950965056176,-0.45626319576493324,1
-0.6633027272718879,-0.978141694168258,0.27967722576327125,0.3052077222492148,1,0,0,0,1,0,-0.7100636717190902,0.2819436416565791,-0.5280377066983108,-0.165257506043287,0.6176913815775852,0.3445488760743895,2.1607546957855153,-1.7622361839475047,-0.3588164472093443,1.4042763898476573,2.0318066849482554,1.4708939971587869,-1.252801051645045,2.9946980264613496,-1.3629391914161584,2.125410784656231,1.7650030692061682,3.024947314272552,2.1547672473254718,-0.13094794135889734,-0.012315020501397768,1.053361904516471,2.626346968502148,-0.14693997604555611,0.3118240940400081,0.13094794135889734,-2.1547672473254726,2.0256736633259265,-1.4602639384448675,-1.2283379619563388,-0.12149526415595328,0.5810808715634928,-1.348194477436079,-1.4435419379712537,-2.0911855881925696,-0.5423417704240322,-0.27629743884854874,0.5034643620605421,-1.0348848456460813,0.28760912732185256,0.2115177783965368,-2.412252097406294,-0.5363722402842841,-0.6543183440496418,-0.76555472453303,1
-0.5605016778429365,-1.3131226517972627,-0.8790386569529866,-0.4281154315628296,1,0,0,1,0,0,-0.7731583567397526,0.4563852651638393,-0.2721740783507456,-0.34579619792944905,1.44955098492364,0.6182308054772753,-0.7841104989888998,-1.440722875644731,1.7099079454208952,-0.6101209136129104,-0.234643728560476,1.0687147933338705,0.8900573921129825,-1.0778666022834358,-0.9029966051293866,1.5716936538265238,-0.17087373699182515,0.3381072196988321,1.8018993503183534,-0.329502323768793,0.013333127323140397,1.0728351849200988,-0.758100895108112,0.6547985199702759,0.6351442318369656,0.329502323768793,-1.801899350318354,-1.0659553487776992,-0.9349191994684248,-0.43684594438356456,0.3953247556304958,0.3079883877961804,-1.222174502210428,0.758556726032511,-0.04256332662598434,-0.6663639641110671,0.3898463742377325,1.717490052682561,1.5561086148718575,0.8451587960808378,1.0915197317350172,2.1241625734961316,-0.04248097655033679,-0.2089648391376897,1.708777505611744,1
-0.5348014154856993,-0.6173929705677911,-1.6032360836506476,-0.4281154315628296,1,0,0,1,0,0,-0.6722068607066928,0.1569271448097092,-0.16982862701171944,-0.37935787783136377,0.9261095308877677,0.41386374381531643,-0.832479550175926,0.36653201015059356,0.941380898277175,-0.3931325978979784,-0.28950530786924844,0.269299814707324,0.689093087681053,-1.5579338818962,0.21103659667427746,0.5265684724828753,-1.1240812895430015,-0.5659420938848609,0.19997699316119485,0.16895808102739213,-0.3990860988969028,-0.29166485700871336,-0.7577486916162769,-0.5835229878409905,-0.1761612239561339,-0.16895808102739213,-0.19997699316119558,-1.5115955667385823,-0.10937746679115769,-0.8553359766634215,-0.4832692780064673,-0.8697229484503528,-0.7495995951142377,0.5138790966987595,0.4557501964577793,-1.1004416420156866,-0.47058938433204756,-0.4070549059059717,-0.4509989953885172,-0.7496925819971905,-0.9054077777638412,0.5380035976561225,-0.20711139779498602,-0.15329565102369538,-0.76555472453303,0
-0.09789695541265715,1.2636539453489257,-0.15484123025532542,0.5985369837740325,1,0,0,1,0,0,-0.4198281206240434,-0.2454515334137045,1.4293190501605637,-0.6796770479881525,1.101766547936354,0.3364994075625399,-0.15036262143592263,-0.7731863816383748,-0.9092425604817279,0.953989483262924,0.8457746346450208,-0.18938295491277543,-1.0730415607541128,-0.5664468102425497,-1.3867336312187166,-0.18591589796384314,0.9402951198122298,1.0172153993963053,0.6109019818860374,-0.8641809106868654,-0.35690409321648353,-0.327976735918881,1.056137492191793,-0.35639770069003696,-0.10643559506939052,0.8641809106868654,-0.6109019818860381,-0.6481676444393714,-1.3852146900196616,-0.6187981323313287,-0.6124742829530796,-0.23819657973844427,-0.024984737566746233,-0.6279498401920818,-0.9284540343304539,-0.35630847989348147,-0.3040534310604773,-0.2553016945782196,0.1876261533306929,0.7154960824159574,0.5161338391675497,-0.667477223982284,1.1922471827845313,0.793080546914203,0.2860364732784985,0
0.7502117023761872,-0.3854830768246345,0.27967722576327125,-0.13478617003801185,1,0,0,1,0,0,0.16064298156605036,-0.5239766589469633,-0.8478672421327675,3.4107973524710764,-2.8876076883258217,-3.038911055073052,0.37924210079324616,-0.18791365209414254,-0.8322553939412647,0.04957549592879941,-0.6352900127746273,-1.2670946604114643,-0.1533493585034372,0.3224120064430933,-1.126322734651234,-0.5847247001283012,0.6656740777806164,0.0871396061535478,-0.67984341407292,-1.0539055705610194,-0.20519509495619387,-0.8704080052803421,0.550129071244614,0.5930977239301418,0.9109829956091665,1.0539055705610194,0.6798434140729193,0.35452284597261524,-1.009968447893631,0.20908432283099887,-0.1344157646506147,0.13730558544161034,0.29006520049738066,-0.7910682597479163,-0.5962450189412776,0.139780294854656,-0.24854144663662048,-0.8623145398892288,-0.21379536872138252,0.09311505682453199,0.3299795798074865,-0.2233527107470814,0.03983423407198747,-0.4316415915936655,0.038603250264021984,0
-1.4343105979890196,0.026801178718756015,1.4383931084795292,-0.13478617003801185,1,0,0,1,0,0,-0.6595879237025604,0.14820506363434618,-0.7711081536284979,0.39603265783356295,-0.46758293208315554,-0.19208235804891607,0.37364557937822185,0.028342078947718514,-0.5333912074791027,0.7482328075197424,0.2104338624232567,0.41833038224867075,-0.1364062993395339,0.4196922098594689,-0.16128425399986382,-1.1088238043193341,1.573186914760195,0.27518261252436055,0.5061221547512287,0.06858695651968806,-0.10021176265819698,-0.2004714178921715,-0.3850973394457366,0.5491309640178108,-0.004912066171205647,-0.06858695651968806,-0.5061221547512293,0.35452284597261524,-0.18442671521636386,-0.10023439668020068,-0.6512357844370638,-0.05044549714841698,0.1325402314653172,0.18764225758709038,-0.04256332662598434,0.015758101167622184,0.1400424443303771,0.12408133374116129,1.0360852794862145,0.6506647255835172,0.854596128913119,0.664896315723324,0.5337254978059351,0.6260729825722207,0.9664778365683122,0
0.4932090788038099,0.0010334127472937634,0.27967722576327125,1.0385308760612593,1,0,0,1,0,0,-0.6343500496942954,0.06970633305607908,0.46983044385719386,-0.5789920082824084,1.2208646399555152,0.5010663193603535,-0.00430658195939947,0.8735256624249902,0.2875118071218239,-0.30736116017485177,0.030967471977688624,0.7328482503463307,0.21064587223898046,0.877903375358881,1.2815016559326533,-0.05182100821787184,0.8757217136485075,1.0715989799635453,0.5444209881177442,0.45956749966015986,0.8831791156870238,0.08483884134951374,-0.4451133876980666,1.2835757588457535,1.0059486038839538,-0.45956749966015986,-0.544420988117745,0.8558680911786088,1.2415090048625523,0.11810822885711679,0.07231224326396513,0.4274663494443799,0.5106001571422693,-0.38327221085833024,-0.6516131881728072,0.6358690696027934,0.8616982418405155,0.12408133374116129,0.14201007127932075,-0.11434528503927678,0.39767203775660004,0.5697267771729232,-0.9479482933959068,-0.8769950965056176,0.8427612250610729,1
-1.8712150580620608,-0.3339475448817109,0.5693561964423357,-1.161438585374874,1,0,0,1,0,0,-0.596493238681898,-0.06112488457436613,-0.7839013350458762,0.4481111266468789,-0.7700825676237945,-0.39331907084515566,0.3000931896414855,2.0553206583315653,-3.246479391444276,0.3036608033223281,-0.582271312887809,-0.18334377879303204,0.393702909646747,-0.6270969369971691,1.3327136010266643,-2.4088867713024023,-0.4328164748030507,-0.9254548616222553,-1.1014209826064827,0.8423168734713579,-1.043874755864439,-1.4859088763964259,2.0173471928034292,-0.839399562233082,-0.14654532314755658,-0.8423168734713579,1.101420982606482,-0.5646101035717058,1.3165582532877582,0.17269388524144552,-1.1292943027395286,-1.2110885531594928,1.7077899217859516,-0.22015379130249568,0.34501385799472056,0.3258135853852078,-1.1089772052064004,-1.5452039908641146,-1.0896241441077272,-0.03654765684034838,-0.36386811417093057,-1.8412348661038906,-0.9479482933959068,-0.7099875321636356,-0.8274130302866491,0
-0.25209852955608386,-1.6481036094262664,-0.8790386569529866,-0.13478617003801185,1,0,0,1,0,0,-0.6217311126901629,0.06389161227250373,-0.4896581624461761,-0.19708323698475788,0.34027432431504806,0.201447213641508,0.4747857871141941,0.8505498956963682,-1.5637533760518116,-0.4279111066772378,-0.8528707051053581,0.10860463526236552,1.1110679587086256,-0.008564215051756034,0.7830102726036684,-1.8669829170536882,-0.4534060332131241,-0.859461530744386,0.1590389773671773,-0.009609152108405178,-0.668758457320467,-0.38300392249608917,0.261565470618203,0.1284906374229381,0.2696767826442056,0.009609152108405178,-0.15903897736717798,-0.06326485836571254,0.641115017460903,-0.19121049065408274,-1.1034533017502068,-1.1940202729240363,0.9831750642384596,0.5954383064766764,0.5664865349208381,-0.4803306735805153,-0.7481493064513315,-0.5588081172337243,-0.7064490548762022,-0.47740088330094144,-0.39771434314548676,-0.5723076854318833,-0.7833178721512579,-0.8769950965056176,-0.6418381130257917,1
1.2642169495209417,-1.6223358434548052,0.5693561964423357,-0.13478617003801185,1,0,0,0,1,0,1.4225366819792977,-0.6856258967303579,-0.8350740607153893,1.865802777676036,-2.9697546035299496,-1.969226128387263,0.07187820558203148,0.46276334567031807,0.040810347126863766,-0.3296891041920151,-0.866681801826998,0.5972282574069793,0.8316905245741522,-0.42543539487970394,-0.45314122471873763,1.0314209961495864,-0.22906303667831848,0.03655307165566789,0.6399373556703797,0.17986603418274572,-0.5250384283827906,-1.0891041461975308,0.9806895195915187,0.21825372390375752,1.162415748946226,-0.17986603418274572,-0.6399373556703803,-0.23037994010104354,-0.18442671521636386,0.8914050276351143,1.3514417922354265,1.178470679804488,-0.18250970659880966,1.0032343553662626,0.7325910426154264,1.069946747507413,-0.6371253376036178,-1.1658209625447336,-0.7611883533378483,-0.1921429132382052,-0.093098282374475,-0.4771381468814831,-0.9479482933959068,-0.9883334727336057,-0.20882997275045564,0
-0.38059984134227254,0.026801178718756015,-0.15484123025532542,-0.13478617003801185,1,0,0,1,0,0,-0.8236341047562825,3.4248002251790517,-0.7711081536284979,0.39603265783356295,1.269648225209414,2.327848478855106,0.029848998754925266,-0.4304624579350987,0.660013375089243,0.008069213134570596,0.6688685736743512,0.3148253140360903,-0.8117597209324628,0.05949578687856977,-0.9470547521453039,0.7012450471997586,0.6429026525241262,1.0934351910178137,1.0520428134163116,-0.614019074092617,0.017941729857675972,-0.3579154278534827,-0.19757674970472938,0.6265902787376942,0.19796473987721486,0.614019074092617,-1.0520428134163122,0.0759977097470634,-0.8598699510432187,0.10901061945972781,0.459927258103802,0.7176271134471482,-0.024984737566746233,-0.13859458152457876,-0.5962450189412776,0.44983577907224165,0.27882240539001907,-0.02767187758659086,1.0908245779478607,0.806259981981374,1.0407503882731821,0.664896315723324,1.1099319721622063,0.848749735028197,1.0283361423219313,1
-0.6633027272718879,-0.2566442469673251,0.27967722576327125,-0.8681093238500562,1,0,0,1,0,0,-0.7100636717190902,0.2819436416565791,-0.6431763394547153,0.06620235534922844,0.33800048040491076,0.16567179803328763,1.679486483562168,-1.1840297108905598,2.7591212541517853,1.3771697742864955,2.4813918463777096,1.282194204411879,-1.8629992976445746,2.477826690180802,-1.3901145990925767,1.9717124206449939,1.5286404537188192,2.6364620046509426,1.7556215933338128,0.007555847346540335,0.14044839486008678,0.23253164756677844,-1.7904303540073905,-0.3446938106813208,-0.6519389270007085,-0.007555847346540335,-1.7556215933338135,2.248493772306368,-1.3101654415944555,-0.10933200607758836,0.9121447754169449,1.5710411252199985,-0.655084613695,-1.2804235184154193,-1.8697129112664523,0.5738579727592754,0.27882240539001907,0.4275877563966659,0.5981708917930423,-0.4903671546674297,-0.5838686025055501,1.7117612397777302,0.6160407084282594,0.6817421706862145,0.40975308478573785,1
-0.6119022025574117,-1.6223358434548052,-0.4445202009343899,-0.13478617003801185,1,0,0,0,1,0,-0.15483044353726144,-0.3838418880627976,-0.8350740607153893,1.865802777676036,-2.180874099947691,-1.7371331196289332,0.03127976738394949,0.7655953127403733,-1.256319397761154,-0.3862964159119952,-1.1903318723460015,0.21995005993099,1.1334641915241932,-0.40746820578232734,-0.2687765644247182,-0.8680254658330862,-0.06889602990501159,-0.03765101102982426,0.11588809585456382,0.1850492459657866,-0.4506327081476271,-1.3200580553341321,0.8451488225830065,0.4535454122320057,1.5107308476058179,-0.1850492459657866,-0.11588809585456454,-0.3417899945912644,-0.18442671521636386,0.23637715102316323,-0.26362076959722697,-0.27233314020935756,0.9831750642384596,0.2692014673650073,0.2342775195316623,0.07776919801113909,-0.5261013687559044,-1.317574173872486,-0.5057382938501646,-0.02358138547386016,0.1607484349347019,-0.033013633646279864,-1.1948939252628807,-1.266679413303576,0.10046155601764112,1
0.4161082917320974,-0.2566442469673251,-0.8790386569529866,0.3052077222492148,1,0,0,1,0,0,0.2868323516073751,-0.5501429024730524,0.5593827137788417,-0.58419985516374,0.13410938718320284,0.028383640636741956,-0.6970726746281752,-0.1948923337069759,-0.3231344342197331,0.005034176649062065,-0.4054510004613191,-1.3412787118894594,0.41320224543241857,-0.8994246374870466,0.525569922928805,-0.11858958753261507,-0.3984205232400218,-0.7409183747291389,-1.941727622588921,0.0964376253461319,0.07060202252100238,0.7940002555725847,0.3225644979119463,-0.4018678185974341,-0.19625642690905476,-0.0964376253461319,1.9417276225889217,-0.8988402670423681,0.340918023760079,-0.3640650692044592,-0.3669847735545164,-0.4942207832702994,-0.5605696322757617,-0.6279498401920818,0.34501385799472056,0.07776919801113909,0.27882240539001907,1.1104772073715516,0.8718673841012752,0.9229564242797662,0.6853649840403343,0.41111087958892223,0.12214944469431245,0.18071947766026855,0.904619530814692,1
-0.09789695541265715,1.5986349029779314,1.0038746524609323,-1.8947617391869185,0,1,0,1,0,0,0.9934928238387936,-0.6472487395587606,3.1436053600892513,-0.7433285098710943,0.4952241846863468,0.07668045170783946,0.6206843667382421,0.0013634152536242958,1.3189526477760276,1.079145516429544,1.0926135250516453,-0.5349992958678876,-1.1498496292131992,-0.3522446379546037,0.004059382129554459,0.46185483025659235,-0.01807008004704868,-0.07027087081888916,-1.5933077962547393,0.850548042800631,-1.2150354129545478,0.002195269680524343,-1.3389328913872407,-1.4757739540859962,-1.4890569226081956,-0.8505480428006302,1.5933077962547393,-0.29536913855367236,0.06573744620098994,0.20301924989940578,0.41685892312159756,0.39332978897346543,-0.35053634023301067,-0.7638818564886103,-0.07947543944700425,0.7598912632898273,-1.192245181842186,-0.17942508891434333,-0.5422311594912614,-1.0997819088923677,-1.5146398993058652,0.28421816152172197,0.12214944469431245,0.6260729825722207,-0.76555472453303,1
1.0586148506630406,-0.41125084279609675,-0.8790386569529866,-0.8681093238500562,1,0,0,1,0,0,-0.0412600105000692,-0.4646665069544949,0.6617281651178678,-0.5998233958077348,0.40735690115984496,0.10619516958462126,0.292231625391539,-0.9254606565958307,1.5691276581608682,1.112131667374722,1.2039297634285664,0.22611875477781385,-0.8052691997749108,-0.9070463327997494,-1.2305946990511878,0.8753557753896067,-0.2235835258042945,0.083616960535343815,-0.30025191215747105,0.6061852033378367,-1.3126651971460204,0.03744103989729097,-1.2654019395162248,-1.7241197307784166,-1.4835319688369797,-0.6061852033378367,0.3002519121574703,-0.9266927806649233,-1.2351161931692491,-0.5187244289600577,-0.018131260198663828,-0.10165033785478751,-0.8756195703398886,0.02452383803125581,0.17890935030013266,-0.23228628620644656,-1.241589167996725,-0.010810409661285101,-0.12763165817990194,-0.7496925819971905,-1.305921487296098,0.728342674756924,0.6160407084282594,1.0652410221381738,-0.45626319576493324,1
-1.0488066626304537,-0.41125084279609675,1.4383931084795292,0.3052077222492148,1,0,0,0,1,0,-0.6848257977108253,0.22961115460440099,0.17558727125749374,-0.518233794666873,1.24570823578138,0.5770890775278218,7.595734660322463e-4,-0.45516767901511923,0.6062949175980936,-0.07859748390602388,0.1167101981802267,-0.49190479434094203,-0.24176507965439253,0.9913929489302673,-0.6600306362384862,0.6864428804828363,0.9560227740935403,0.5223150195779653,-1.3016642670278302,0.6200753015809853,0.9895319479497373,-0.03647227815558683,-0.13901656877034033,1.05415594776012,0.35820998261940806,-0.6200753015809853,1.3016642670278296,0.6609004958207222,-0.7848207026180125,-0.6915790075104341,-0.26362076959722697,0.12023730520615308,-1.2851844898232538,-1.5251011477491712,-1.2606630497196296,-0.6043528672675491,0.8339422496285867,-0.1035484832504671,-0.2046721523111086,-0.24400799870415715,0.17767154942198057,-0.44541496736468245,-0.8656330827735822,-0.7099875321636356,0.038603250264021984,1
-0.07219669305541997,0.8513696898055362,-0.4445202009343899,-0.13478617003801185,1,0,0,1,0,0,0.9682549498305286,-0.6460857954020456,0.4954168066919504,-0.5807279572428522,-0.20839180162899335,-0.048086310225829085,0.02949657340813881,0.5961453460085837,0.6109722951657601,0.41321239503915197,0.3729811644925799,1.2421503178989488,0.2571313622760345,-0.16931656952526988,0.8293881204562293,0.13863830927713977,-0.4457902993326301,-0.7879077861783591,0.03622492998512883,1.6582174387675228,-0.2101948246235919,0.012634615792838378,-0.6959014645886922,-1.0002613172820891,-1.2541323803488222,-1.6582174387675228,-0.036224929985129536,0.04814519612450831,1.1664597564373458,0.9368930746220554,0.8733832739329616,0.6322857122698633,0.038025250046078915,1.0847935651441794,1.1755363964676604,0.6358690696027934,-0.3318094232724056,-0.17942508891434333,-0.5696008087220858,-0.8145239388296306,-1.1084851516111824,-0.3185222492974822,-0.6186874509066087,0.18071947766026855,-0.5181215015185524,1
-0.07219669305541997,0.5421564981479937,-0.8790386569529866,-0.4281154315628296,1,0,0,1,0,0,0.5896868397065544,-0.5914274200364373,-0.5024513438635544,-0.19997648525216433,-0.9297172788367446,-0.3003029902637827,0.408292792931468,-0.501792273034504,-0.02910951400025548,0.5840953734297725,0.14541934797735537,0.6608914402917379,0.30642170047326317,-0.15167570758030235,0.40995021998086784,-0.8303680367040445,-0.038816891092011946,-0.6464586660410137,0.5174554829923397,0.38817105265189955,-0.7192936473936825,1.099404773448956,-0.794646115686544,-0.8275653315556462,-0.8201933388427017,-0.38817105265189955,-0.5174554829923405,-0.3616846471788037,0.02999970885565349,-0.9190192424451392,-1.1551353037288514,-1.1062405459988285,-0.5155624982666008,0.24589883599988818,0.012804842605544792,-1.4547907668357842,-0.8036612908751883,0.6552175733882943,-0.7885580025686714,-1.0349505520599276,-1.2438700675094103,-0.12818317219668063,-0.20711139779498602,-0.04195727479570725,-0.9511296417938885,0
-0.38059984134227254,-0.3854830768246345,-0.15484123025532542,-1.8947617391869185,1,0,0,1,0,0,1.5361071150164898,-0.6949294499840785,0.7001077093700027,-0.6009806951146973,-0.2959527891557046,-0.06999875228586407,0.029778439777256468,-0.7451624775713543,0.4613235193193398,1.025287018689622,1.2060260181182894,0.06666032661995037,-1.8059578261494162,-0.7764424958088376,-0.6212286183840614,0.4897536143522958,-0.37351285600057266,-0.07332305937430522,0.010024599876957354,0.0809744588766144,-0.8172198386671976,0.4004256934485405,-0.13848955457337225,-1.7554655705018798,-1.6394785861451742,-0.0809744588766144,-0.010024599876958064,-0.5367575899491508,-0.25947596364157,1.2916998411201945,1.3902032937194106,1.1443341193335734,0.6366201323679207,0.2692014673650073,0.2896456887631914,1.1939689411944467,-0.7481493064513315,0.4275877563966659,0.15113328768959466,0.054216242725068246,-0.6515610604546642,-0.09645999267988113,1.5215080252738291,1.739456744852101,-0.5181215015185524,0
0.9815140635913272,0.18140777454752677,-0.8790386569529866,-0.13478617003801185,1,0,0,1,0,0,0.24897554059497767,-0.5414208212976894,-0.2593808969333673,-0.3591051399595187,-0.4090308338256957,-0.13886642733168827,-1.0696712786535507,-0.9131810134067925,0.09578669680764466,-1.9167026475000755,-1.0879240481362613,0.05190113547138551,1.267166311152206,-0.9983736246007975,-0.07276978099786853,-1.2811057900381453,-1.2339087671516358,-0.8413854490633248,-1.1100395122473277,1.171710631808875,0.4898407894302666,1.1804704300993478,-1.4183313930263244,1.36581880984724,0.5929054160863853,-1.171710631808875,1.110039512247327,-0.9266927806649233,-0.03432821836595151,0.11810822885711679,-0.5737127814690962,-0.9892009100985523,1.2667200084961745,-0.13859458152457876,0.4557501964577793,0.2638024885416898,0.9449662184763004,1.8692432640103136,1.6199711297437773,0.4821031978191731,1.0407503882731821,2.314501650596933,-1.1125787146405561,-0.7656567202776299,1.8324941171189824,0
1.135715637734753,0.0010334127472937634,-1.6032360836506476,-0.8681093238500562,0,1,0,1,0,0,4.564651996008283,-0.7769170130324907,1.634009952838616,-0.6918286907112596,-0.5287872095503768,-0.06284366916421999,-1.166652429002773,-1.0698489230857335,1.1982080555881178,-1.7869487226624445,-0.7715091477536494,-1.0220464730698209,0.8295728430647095,-1.0986371767861425,-0.18589127749441778,0.8327723207799991,-2.239353492595328,-1.1636746901570065,-0.6862106428504532,-0.7133741297612556,0.5245132797996206,1.282179420937533,-0.8011346820689819,0.19354784976803635,-0.13310216655318882,0.7133741297612556,0.6862106428504524,-1.2609229441355856,-0.7848207026180125,-2.010732370131724,-1.3877043126327533,-2.0132977242259726,-1.5057194464681423,-0.38327221085833024,-0.09793149585751397,-2.2166413851989955,0.948050217610959,1.9282584017488837,1.5044103885469666,0.7774460456114007,0.8188695538844192,1.6095421057791517,1.2562701243796726,0.9415317152181866,1.2620230751689392,1
1.7782221966656961,-0.3339475448817109,0.5693561964423357,-1.161438585374874,0,1,0,1,0,0,0.6906383357396142,-0.6065456940737333,-0.7966945164632545,0.6882507328416136,-2.1088031303668267,-0.9983707873191826,1.3326989036549202,0.46851484218651107,-1.6687068051861622,1.1953852191264915,0.2784330177334169,-0.13375092382710027,-0.18419943914008616,0.866390134665045,-0.8940551747089658,-0.1963618794430842,0.8067263012465519,0.32341382439981814,-0.20509389995854704,0.020989325180847843,-0.9874634528267687,-1.5386961716384457,2.0838533529255345,-0.8149523203596782,-0.04622590744594504,-0.020989325180847843,0.20509389995854635,0.6330479821981672,-0.9349191994684248,-0.4732363819731166,-0.4961897785011287,-0.1699234587966153,-0.43454965705011084,-0.709509049969999,-0.7069813574043363,-0.4183195767369984,-0.8869292675109735,-1.3934507795363622,0.33359761589508324,1.4027084648398238,0.9222885868622325,-1.0481553781838862,-0.04248097655033679,-0.04195727479570725,0.5334696962929761,0
0.23620645523143258,0.4133176682906843,1.0038746524609323,-0.8681093238500562,1,0,0,1,0,0,-0.7983962307480176,1.0698383078310378,0.27793272259651985,-0.5448516787270123,2.220275439409259,1.243853385926029,2.063340092148584,-0.41605046817590874,0.0013344771038335808,0.9991363280947526,0.9590419581744474,1.6727352373091544,-0.6862745834591163,2.249915148630204,-0.5653295926722265,-0.21710438601577806,1.2935647490236004,1.1157175842874352,0.6912331826893887,1.595854703162155,-0.6210359188297789,0.004707548881359857,-0.21999324538487416,-0.06709205833411103,-0.15752045138255422,-1.595854703162155,-0.6912331826893894,1.7192960134778195,-0.7097714541928067,-0.7097742263052108,-0.7029177864157086,-0.20406001926752979,-0.2140147004052217,-1.0357458890816678,-1.3713993881826885,-0.8523972546416179,-0.7203933142394032,-0.2553016945782196,-0.7794347861583975,-0.7626588533636787,-0.7361766328910565,-0.4771381468814831,-0.9479482933959068,-0.32030321536567735,-0.332546584257695,1
-1.0488066626304537,0.6967630939767645,1.4383931084795292,-1.161438585374874,1,0,0,1,0,0,-0.6848257977108253,0.22961115460440099,0.5082099881093286,-0.5818852565498148,1.428959220085651,0.6262802739891249,1.2637004861642702,-1.5643154239258115,0.7769496825256098,1.668638884852076,1.8926067160451852,0.8344157454456078,-1.177891951659156,0.805020757954721,-0.8589414843622346,0.464684625529073,0.951395601163526,0.6325236787646907,-1.3016642670278302,2.4290183285956517,-0.9528390318139541,1.2866032890049088,-0.5951530093386743,-1.3108358896112118,-1.8429451615296584,-2.4290183285956517,1.3016642670278296,0.4102278732177254,-1.009968447893631,-0.9554096800346926,-0.5995537824584191,-0.22112829950298704,-1.1591645145976028,-1.5251011477491712,-1.2606630497196296,-0.6663639641110671,-1.0257092285706153,0.7058019771642122,-1.0044741242785002,-1.1170702707143518,-1.4751526321688826,-1.016432198667086,-1.0302635040182315,0.10649389350827677,-0.76555472453303,1
-0.07219669305541997,0.5421564981479937,-0.4445202009343899,-0.4281154315628296,1,0,0,1,0,0,0.9682549498305286,-0.6460857954020456,-0.5024513438635544,-0.19997648525216433,-1.084713119445035,-0.3423391036034416,0.32286973690721343,-0.49479920961469614,0.8857218055899838,0.10158801490907413,-0.03863658204294239,-0.32480545361255486,0.012649213135090525,-0.31556885065009954,0.5952154547854294,0.4550097849353247,-0.6137823790966093,-0.704462033105723,-0.65872285032305,0.21031740340811067,-0.7642709060255526,1.2754012196497508,-0.7535704272140135,-0.7458549546774076,-0.6375406139988906,-0.21031740340811067,0.6587228503230493,-0.17467491285593337,0.7912135143113154,0.6093791363160792,0.7700192699756713,0.4616029099152932,-0.24551969421163483,0.2692014673650073,0.6772228733838963,0.5738579727592754,-0.8869292675109735,0.6552175733882943,-1.0896241441077272,-1.2553771652902237,-1.4131012123821949,-0.28679906978068154,-0.37174181903963527,-0.32030321536567735,-1.2604211705619852,0
-1.280109023845593,-1.3646581837401863,-1.168717627632051,-0.4281154315628296,1,0,0,1,0,0,0.8042087687768065,-0.6257342726595319,-0.7455217907937414,0.31907225392055155,-1.7691039691617396,-0.7278192067820162,-0.8836723840120505,-0.500906115708627,0.8514181362086588,-2.5359081172419566,-1.734047898149259,0.5894466975368816,2.6202498944765495,-1.0949589942171896,-0.49152103011443204,-0.9954211747096514,-2.438495158568652,-2.441225440374377,-0.33645217931212407,1.13762416762706,0.1346978354261402,0.1951143858360749,-2.164219397404712,1.007878205921816,-0.12903430228502547,-1.13762416762706,0.33645217931212335,-1.0102503215325889,-0.40957446049198204,0.1908891040362222,-0.3669847735545164,-1.262293393865864,0.3530751881102058,2.063504082479186,2.5597406272558936,-0.4803306735805153,0.5286263352973745,0.7310941790521709,1.5652318312821314,-0.02358138547386016,0.38074892326932136,2.5682870867313348,-0.37174181903963527,0.18071947766026855,1.5232025883508855,0
0.544609603518286,-1.0554449920826439,-0.4445202009343899,1.478524768348486,1,0,0,1,0,0,-0.48292280564470574,-0.203585543771962,-0.7071422465416066,0.23111750659139568,-0.5690568034191699,-0.3351840204817976,-1.2908745246175055,1.5561255467092123,-0.9568316889018746,-1.4367911971772942,-1.0280398029259241,1.0389256143330081,1.2707697508533795,-0.8176557265876837,1.2363667971780947,-0.7206494365362898,-1.1614450711898132,-0.8396402767316637,-0.1227108960387,1.5386737987278607,0.9780004819878557,-0.8972660325213234,0.5838377882279316,0.789343162255642,0.5167567855358912,-1.5386737987278598,0.1227108960386993,-0.9266927806649233,0.641115017460903,-1.0463857740085747,-1.2068173057074962,-1.5183175973977192,-0.18250970659880966,-0.13859458152457876,-0.09793149585751397,-1.2244638357027204,0.4731143508735179,-1.0899443568808573,-1.1534866589796486,-0.723760039264214,-0.39771434314548676,-1.3653871733518879,-1.6887851889968277,-1.378017789531564,-0.8274130302866491,0
-1.3572098109173063,-0.3854830768246345,-0.4445202009343899,-1.8947617391869185,1,0,0,1,0,0,-0.7226826087232228,0.3179949105147462,0.7001077093700027,-0.6009806951146973,1.7046945922464694,0.7090109225831345,0.5763867282002307,-0.418830840463,-1.3845658438657753,1.679270459443168,1.3265665815919292,-0.3841063253732527,-1.9539899166086205,0.12553783726918213,-0.04578189882134175,-2.1996574839476875,0.9274623608387931,0.10008609905823829,-0.7703150826731027,0.24011390447808975,-0.6760438485389374,0.5289951714740251,-0.3176957454135153,-1.3489302524109958,-1.6268869303959588,-0.24011390447808975,0.7703150826731019,0.49378541408539117,0.41596727218528484,1.4463592008757944,-0.1344157646506147,0.2397152668543526,2.8419696988168086,-0.46483142063624716,-0.1532996650890431,1.3179911348814817,-0.6648813298155464,0.4275877563966659,-0.15905607025973648,-0.2958730841701091,-0.7869459763528921,-0.44541496736468245,1.0276167615398821,1.2941032399401495,-0.8274130302866491,1
1.2642169495209417,-0.35971531085317227,-0.4445202009343899,-1.8947617391869185,1,0,0,1,0,0,1.081825382867721,-0.6478302116371182,0.5849690766135982,-0.5865144537776651,-0.20647434953419053,-0.0449559613601098,0.40356819989221593,-0.8713656619506556,0.00433127459634935,0.4369647965077279,0.35530042162382897,0.08720502590783744,-0.4877716780361376,-0.1697339400760184,-0.31653361358695836,-0.14760439658052352,-0.7479047375540571,-1.2515371659214636,0.17396031022667943,-0.05359446321170947,-0.7307675588993122,0.8788802916535043,-0.1542491811214525,-1.331920784664915,-1.6837903998705015,0.05359446321170947,-0.17396031022668015,0.10385022336961848,0.04072103005925432,1.1825285283515359,0.9121447754169449,0.529876030857121,0.2270552128845555,1.9819448727012692,2.0614271041721297,0.7598912632898273,-0.7203933142394032,0.7310941790521709,-0.19554893590083341,-0.24400799870415715,-0.7361766328910565,-0.667477223982284,1.3568776040291806,1.461110804282131,-0.9511296417938885,0
-1.8455147957048228,1.4182605411776974,0.5693561964423357,-0.13478617003801185,1,0,0,1,0,0,-0.6343500496942954,-0.0029776767386127034,-0.10586271992482811,-0.42275660184246044,0.8477179587510236,0.3244252047947655,0.10901863336757861,1.4504105336064244,-1.742739680738278,0.018599087763815515,-0.7327425538685609,-1.0248600984807976,0.5824983392991323,-0.5166321510319228,0.9492006808607741,-2.509096587877557,-0.5157770625457639,-1.2203006558757177,-1.2222740724017107,-0.18555039652161812,-0.6678058215255469,-1.039845570723397,-0.13901656877034033,-0.5365618738565693,-0.2387848714095354,0.18555039652161812,1.2222740724017098,-0.3696425082138195,1.1664597564373458,0.6548671833030202,-0.8579637923516437,-0.9892009100985523,1.9913348660436665,0.2692014673650073,1.0648000580046022,0.8219023601333442,-0.6648813298155464,-1.0140677512169813,-0.2046721523111086,-0.24400799870415715,-0.4315605721200442,0.12560226393772106,-0.20711139779498602,-0.32030321536567735,-0.332546584257695,0
-1.2544087614883548,-1.0812127580541053,-1.168717627632051,-0.4281154315628296,1,0,0,0,1,0,0.816827705780939,-0.6205010239543141,1.0327304262218375,-0.6397502218979436,0.06901967845512468,0.01720382325917309,-1.028147658694441,-0.98671703049921,-0.9516993268239737,-2.163402872353616,-1.274677611325138,-0.285768205783895,1.251091836659142,-1.0828235921829377,-0.5560984369348814,-1.0003885189657555,-2.3594680249677893,-2.4874812080653275,-0.5252107151899527,0.13114384342216406,0.347719772515681,0.7972128840514905,0.2957108774249455,0.5830096050122028,-0.7713979274549662,-0.13114384342216406,0.525210715189952,-1.038102835155144,-0.5596729573423944,-0.1548200530645294,-0.6383152839424023,-1.4500444764558913,0.006520256239666901,1.4110304042558486,1.9506907657090713,-0.790386157798101,1.7498899926222238,2.8556391376407038,4.940821903083671,4.436815964598025,4.5607582016271015,1.0455744699249259,3.908649133321241,4.467246962437809,5.729567379597002,0
-0.25209852955608386,-0.35971531085317227,-0.8790386569529866,-0.13478617003801185,1,0,0,0,1,0,2.2806243982603056,-0.7251659980586702,-0.6431763394547153,-0.020595092672964856,-1.7729648433229832,-0.5417870456192703,0.42925788927009084,1.6124957909420836,-0.30240771112422066,0.9079246265393398,0.14447465472822726,0.4218914716075241,0.521563985114866,-0.5323112287774797,1.9208485032316782,-0.1293605098403806,-0.1999978050856715,-0.9394872146544478,0.6912331826893887,-0.11014700605881247,-1.1287726520882462,-0.28893721469966904,0.28340663491553,-1.4248619960229008,-1.1050505356934177,0.11014700605881318,-0.6912331826893894,-0.8988402670423681,0.5660657690356972,-2.147196511092547,-1.865762830935219,-1.8255466416359454,-1.9782943535643327,0.5954383064766764,0.2896456887631914,-2.0306080946684437,-1.053465220782544,-0.2553016945782196,0.05990112358685037,0.19684522775643593,-0.39771434314548676,-0.2233527107470814,0.7806711296729086,0.793080546914203,-0.3944048900113141,0
1.0072143259485644,1.0832795835486928,-0.8790386569529866,-0.8681093238500562,1,0,0,1,0,0,0.2363566035908452,-0.5414208212976894,-0.13144908275958464,-0.42217795218897913,-0.2743475210183921,-0.09012242356548801,0.06496860902345493,1.0213998831369333,-1.9402113943713886,-0.5824741506531107,-0.7127648006927394,-0.07199601157190333,0.3132940298402142,-0.9207292935825728,-0.09699036838463738,-1.238942197996614,-1.3249230072914593,-0.8354552666471626,-0.7989105922128035,0.6941558255444424,-1.0103222938837724,-1.4990662160390285,1.4073165477156422,-0.5268859746983167,0.11096968953671252,-0.6941558255444424,0.7989105922128035,-0.8431352397972577,-0.03432821836595151,0.1908891040362222,-0.4961897785011287,-0.9550643496276378,1.3612349899154128,0.10608304780917345,0.5664865349208381,0.2638024885416898,-0.9424412519348303,-1.3934507795363622,0.05990112358685037,0.7803274392483975,0.49921072468027106,-0.6992004034990842,-0.20711139779498602,0.1250502895462747,0.22417816752487937,1
1.135715637734753,-0.46278637473902035,-1.6032360836506476,-0.13478617003801185,0,1,0,1,0,0,3.807515775760335,-0.7652875714653401,-0.24658771551598904,-0.3683635344152193,-1.3521328215113277,-0.3038805318246047,-0.3622932866407477,-0.6157986384290918,0.028514012268181253,-0.6144822199775349,0.21975925791901277,-0.4645221575574036,-0.31956759004834034,-1.1170986799331906,-0.6031230736534675,1.2024569669565377,-1.902318018125505,-0.6094054101467807,-0.5745260083472232,-0.06374491962016399,-0.6124142043465881,0.24100750165533194,1.1693736772878358,-1.056180146983042,-0.8806635700860319,0.06374491962016399,0.57452600834722245,-1.2702071153431038,-1.0600012801771017,-1.980407005473763,-1.2197378062021575,-1.7686523741844222,-1.5057194464681423,-0.6279498401920818,-0.44859656765719946,-2.1339599227409716,-0.5538573609678327,0.27583454506891375,0.15113328768959466,0.7414286251489338,0.22844089288381547,-0.9847090191502859,1.1099319721622063,1.1827648637121608,-0.08511336124321738,0
0.2619067175886707,-0.3339475448817109,1.0038746524609323,-1.161438585374874,1,0,0,1,0,0,-0.7983962307480176,1.0698383078310378,0.09882818275322415,-0.49566645818110283,2.1076124518177646,1.205842006842295,0.32421591712076175,-0.3282037330315133,1.0609635032153986,-0.40836616577913154,-0.18396640617518484,0.3829003545144126,-0.03205485580326458,2.294369071052125,-0.47011734239305875,-0.07401781035114345,1.2399385802521998,1.0554528820584999,0.7976720237538321,-0.26889098598050765,1.8416764170222206,-0.020483309804845327,-1.5247534125356828,1.7811782154142577,1.2696096500554404,0.26889098598050765,-0.7976720237538328,1.7471485271003746,-0.6347222057676005,-0.7279694450999874,-0.6512357844370638,-0.1699234587966153,-0.37153966943728567,-1.2804235184154193,-1.648240234340335,-0.9144083514851348,2.106752749632732,0.25415551487923493,0.8484076847605686,-0.1569487481005947,0.5475624803582093,2.2238639948346473,-0.677484029922555,-0.8610896141873337,1.3994859768436472,1
-0.6633027272718879,-0.35971531085317227,-0.4445202009343899,-1.8947617391869185,1,0,0,1,0,0,-0.33149556159511606,-0.3344167614024072,0.5849690766135982,-0.5865144537776651,0.6723263578700496,0.19608090130027495,0.6410298228062565,-1.4695985806852678,0.9569992406716011,0.8485745765338474,1.575922144177617,-0.6677435998303988,-2.253923210394543,0.08395580554175937,-1.3414170134325827,1.2619248368431162,-0.08771950119284169,0.5722335069649499,-0.5860329100839196,-0.3295023237687902,-0.8074799213319206,0.6732680556429231,-0.04013726020241143,-1.2333506632399485,-1.4901013264020238,0.3295023237687902,0.5860329100839188,0.2152602778598393,-1.1600669447440433,0.5547934799317504,1.1705547853101694,1.0760609983917457,-0.18250970659880966,-0.709509049969999,-0.5408768497097485,1.1939689411944467,-0.8314172830871166,0.4275877563966659,-0.47836864461934153,-0.4255357978349895,-0.8546384343020056,-0.826093121566285,1.1099319721622063,1.0157572993701793,-1.3222794763156045,1
1.4184185236643685,-1.0812127580541053,-0.15484123025532542,-0.4281154315628296,1,0,0,0,1,0,-0.09173575851659908,-0.4274522939396127,1.0327304262218375,-0.6397502218979436,0.5941009564113998,0.16567179803328763,-0.40806299183064415,-0.5421281177279076,-0.18700395283932753,-1.324794428897455,-0.4950484186008583,0.4071485616618696,0.5474657799144226,-0.5885839340496283,-0.8329325085023932,-0.04956405941404025,-0.6059332696514541,-0.33721445998884153,0.569588792901455,-0.009609152108407288,-0.020684608334318753,-0.09032564696572352,0.20583356842942307,1.1888787469491002,0.31436290294496266,0.009609152108406583,-0.5695887929014557,-0.5646101035717058,-0.7848207026180125,-0.03655113089848297,-0.05689276168264715,-0.2894014204448148,0.1325402314653172,0.2692014673650073,0.012804842605544792,-0.35630847989348147,0.77843026520473,0.9587239960437993,3.298642949234273,2.9456947574519,3.4607557599540013,1.2041903675089267,1.0276167615398821,1.127095675598167,3.873818206988421,1
0.18480593051695732,-1.6481036094262664,-0.15484123025532542,0.3052077222492148,1,0,0,1,0,0,-0.3188766245909836,-0.3344167614024072,2.6702576476462556,-0.7282836188805808,1.2439218651940618,0.3056431116004498,-1.727269795289196,0.18265468816055047,-0.31989891468161985,-0.231353335789822,-0.4058595173932599,-1.4403708373172641,0.21302799415895135,0.273160778385631,1.1765733340535893,-1.2285130883693292,0.9798726911492335,0.5302635255534959,-0.653257441282515,-1.3166012534636966,2.674749727966096,0.9279660456802666,-0.7972246434137354,1.2841684181613138,1.0453363752549236,1.3166012534636966,0.6532574412825142,0.5216379277079463,1.5417059985633763,0.9641859028142197,0.09815324425328795,0.4957394703862077,1.7707999093987767,-0.8726274695258333,-0.7069813574043363,1.1939689411944467,1.611110031562582,0.19995793940503753,-1.4910456661598026,-1.5925002208189127,-1.1084851516111824,-0.3819686083310823,-1.4418395571298541,-1.9347096706715041,-1.6934293108373202,1
-0.35489957898503444,-1.1842838219399534,-0.15484123025532542,-0.13478617003801185,0,1,0,1,0,0,-0.6217311126901629,-0.0233291994811264,0.31631226684865466,-0.5500595256083439,1.1002505281505932,0.40715585338877514,-0.8729044774610542,0.44992035664460067,-0.06000889299917471,-0.1963953415292617,-0.3130307612836379,0.8919083811602104,0.4040578859351957,-1.1782600607648461,-0.17262389616325244,0.15653426494042322,-1.2416167656451431,-1.042799415346868,0.39760879354609974,0.8221130942085961,0.03649135505918051,-0.7904606389950604,0.239336007197852,-0.9658484949082268,-0.6111353439967071,-0.8221130942085961,-0.39760879354610046,-1.0659553487776992,-0.03432821836595151,0.427426948368315,0.44700675760914055,-0.10165033785478751,0.06953024385249205,1.0847935651441794,0.954063719541543,-0.17027518936292965,-0.27629743884854874,-1.0140677512169813,-1.1899795246207467,-0.9052878383950472,-1.176177609560296,-0.9212626601166852,-0.5363722402842841,-0.2089648391376897,-1.3222794763156045,1
-0.7404035143436003,0.05256894469021735,-0.15484123025532542,-0.13478617003801185,1,0,0,1,0,0,2.3311001462768357,-0.7274918863721004,-0.7455217907937414,0.39603265783356295,-2.2021966817227674,-0.8655545568736646,2.747708370904835,-1.267789586518972,1.6782618324945737,0.16416459830846816,1.8090980137482024,-5.991274354752216,-2.419513859553948,3.674473849483564,-2.621986603455321,2.3394051282446977,0.31306128835531843,2.4770856975315594,-7.823874102466001,-0.41176056791003435,-0.14926440098189453,-0.8865676259027421,0.056636395391145816,0.08865043328360712,0.06647603783584671,0.41176056791003435,7.823874102465999,2.5827239357770297,-2.435904167972547,-1.1919475243667854,0.007709740790658993,0.13730558544161034,-0.8756195703398886,-3.482522182419184,-2.7556036189709214,0.7598912632898273,0.05677446769459199,-0.6346847228976005,0.8992370333320981,0.7932937106148858,0.7869036709640054,0.5697267771729232,0.9453015509175579,0.793080546914203,0.8427612250610729,0
-1.922615582776536,1.0059762856343069,0.5693561964423357,-0.8681093238500562,0,1,0,1,0,0,1.6370586110495498,-0.6972553382975085,0.2267599969270068,-0.536171933924793,-0.5612664502793121,-0.1218731049177836,0.9436093938396312,-1.9829729916099241,2.8838050904457213,1.6136702436185395,0.937573484774483,2.0465186182948685,-1.195841428797798,0.6059430123328106,-2.621986603455321,2.6112806191212856,0.9402951198122321,0.7177003098983509,2.394254639720468,0.41661470759684033,-0.7066607138192985,0.09504404216180572,-1.3181729754076958,-1.247583848876743,-0.5181967851877897,-0.41661470759684033,-2.3942546397204683,0.911573118423719,-2.435904167972547,1.0824548249802661,2.4626048347762923,2.8682304231147313,-2.135819322596396,-0.22015379130249568,-1.0945585420250417,0.7598912632898273,-0.7203933142394032,-0.02767187758659086,-0.33239718205494984,-0.9312203811280227,-1.2946394109712458,1.2041903675089267,-0.12479618717266176,0.06938110143228039,-0.332546584257695,1
0.2619067175886707,-0.6689285025107157,1.0038746524609323,-0.4281154315628296,1,0,0,1,0,0,-0.7983962307480176,1.0698383078310378,-0.34893316685501513,-0.33017265728545425,1.6938137303433574,1.0779448960429072,1.4186914770007222,0.7671674456500855,-1.1146809232885413,1.0762628439849837,0.42081799672323095,0.8669224877089841,-0.44844234860667337,2.334583272788514,-0.45925992912923536,-0.1273067768515225,1.2903829828267286,1.0503210811237356,1.0187373090415208,0.17200761631813533,0.3599630650654674,-1.5130379102816798,1.39587513085039,-0.17443999040959646,0.47835010159903507,-0.17200761631813533,-1.0187373090415215,1.9142636088357055,-0.5596729573423944,-0.4823339913705056,-0.4703487775118068,0.03489590402886805,-0.18250970659880966,-1.2804235184154193,-1.7036084035718644,-0.790386157798101,0.5286263352973745,-1.317574173872486,0.6985262723060605,1.3767759221068474,1.209981533145967,-0.2233527107470814,-0.4540570296619595,-0.4316415915936655,1.1520527538291696,1
1.4184185236643685,0.18140777454752677,-0.15484123025532542,-0.13478617003801185,1,0,0,1,0,0,-0.09173575851659908,-0.4274522939396127,-0.3361399854376369,-0.33017265728545425,-0.2508900702833057,-0.0735762938466861,-0.623695902246726,-1.3582956377820974,0.939405402964545,-1.364992896765646,-0.7087580205289825,0.37550214289921463,0.9694806403218952,-0.4909697043010866,-0.6985425474274121,-0.027887767712953006,-0.628222033886232,-0.1560730824094273,0.8686312511301267,-0.34935776200978186,0.37669319089764586,1.1645188008874965,-1.312223173185273,1.2210831265717463,0.7690451509834085,0.34935776200978186,-0.8686312511301275,-0.45320004908148526,-0.6347222057676005,0.07262018187017576,0.046471242274642305,-0.20406001926752979,0.3845801819166189,0.5138790966987595,0.12354118106860354,-0.17027518936292965,0.6396503041450882,1.5657368413548085,1.0178388466656656,0.09311505682453199,0.5838262971166633,1.9972698554289314,-0.4540570296619595,-0.6543183440496418,1.1520527538291696,0
-0.35489957898503444,0.05256894469021735,-0.15484123025532542,-0.13478617003801185,0,1,0,1,0,0,-0.6217311126901629,-0.0233291994811264,-0.7455217907937414,0.39603265783356295,-0.42995685389611715,-0.32400420310422867,-0.6934629708832879,0.5190136191147012,0.11212839793996471,-0.7714382709414803,-0.7161269060648197,-0.10590131137212201,0.19199708136710017,-1.011515651001377,-0.17825461503059056,0.17521517424521232,-0.9762261994226621,-0.6446085586432607,0.3041828515459622,-0.4461216066019436,-0.04641737838158896,-0.8909340406402628,0.02279107612195355,0.07415414658878847,0.3016652562509205,0.4461216066019436,-0.3041828515459622,-0.8988402670423681,-0.03432821836595151,0.4456221671630917,0.47284775859846334,0.03489590402886805,0.25856020669096863,0.5138790966987595,0.40038202722625016,-0.046252995675895824,0.08453045990652028,-0.7105613285614767,0.5708012425622179,0.4950694691856613,0.49921072468027106,0.6331731362065233,0.6983559190505837,0.514734606344233,0.6571863078002155,0
-1.922615582776536,0.026801178718756015,0.5693561964423357,1.0385308760612593,0,1,0,1,0,0,1.6370586110495498,-0.6972553382975085,0.06044863850108935,-0.4921945602602151,-0.6705306747551835,-0.15585974974559294,-0.4055971582623652,-0.24196382226449772,2.0286270082467266,0.02974600161930723,0.19780959903564085,0.7833762827750168,-0.560008917641958,0.2009830804632485,-1.0306341858434083,2.2664481485873815,0.5443936302621396,0.6935840927905716,0.1590389773671773,0.9106988955914741,0.7648126477808583,-0.7003637628660478,-0.4956392657762208,0.49962647575709573,0.4199877047578325,-0.9106988955914734,-0.15903897736717798,0.2152602778598393,-0.9349191994684248,0.1272058382545045,1.2997597902567817,1.5027680042781708,-1.8207693845322692,-1.4435419379712537,-1.648240234340335,0.139780294854656,1.055990187324014,-0.4070549059059717,1.0360852794862145,0.585833368751077,0.7699805564767266,1.2993599060593275,-0.6186874509066087,-0.26463402725168356,1.8324941171189824,0
0.2619067175886707,0.18140777454752677,1.0038746524609323,-0.13478617003801185,1,0,0,1,0,0,-0.7983962307480176,1.0698383078310378,-0.3361399854376369,-0.33017265728545425,1.7100683131694152,1.0779448960429072,1.3776352481377425,-0.9902415259992082,0.7018793898481639,-0.18466868696691596,0.14298458352236917,0.6585539733667172,-0.2338762880537926,2.4445855444643176,-0.3815027522001568,0.06498496210139555,1.1984113449996536,1.2602101862812407,0.9153149533513734,-0.009609152108405178,0.5269657244600966,0.9769564889043714,-0.8941890192351368,1.437799657679439,1.0444630055064155,0.009609152108405178,-0.915314953351374,2.0256736633259265,-0.4846237089171882,-0.45504116317834126,-0.354064273059855,0.12023730520615308,-0.08799472517957138,-1.3619827281933365,-1.7589765728033937,-0.5423417704240322,0.77843026520473,1.33810702436318,0.9539763317937442,0.28760912732185256,0.8715192434003977,1.6165917012273294,-0.7833178721512579,-0.8769950965056176,1.275769365336409,1
0.030604356373531493,0.05256894469021735,1.0038746524609323,-0.13478617003801185,1,0,0,1,0,0,0.07231042253712305,-0.49722894334251677,-0.7455217907937414,0.39603265783356295,-1.3801488435131979,-0.6884662496129738,0.26487433796228754,-0.05742789371696701,-0.10247094303755243,0.24344037002369964,0.11758782254312591,-1.2300872561335838,-0.9503597526601685,0.5368345862383341,-0.6760755404968211,-0.27509821482380237,0.5672880563799368,0.5889099083744679,-1.0255223183500044,-0.6605917564372907,0.16808457854749959,-0.59845604859344,-0.1363659635979748,0.23364089148771944,0.42208597523155605,0.6605917564372907,1.0255223183500037,0.8837206048011639,-0.3345252120667762,1.2280165753384769,0.8733832739329616,1.0931292786272029,1.3297299961089997,-0.7910682597479163,-0.4301405112466897,2.1861464906907218,0.3898463742377325,-0.3311783002420958,0.9083602497423721,0.6895635396829819,0.7530574419894479,1.0455744699249259,0.8629863402952329,0.5704037944582268,0.9664778365683122,0
0.05630461873076867,0.2587110724619126,-0.15484123025532542,1.0385308760612593,1,0,0,1,0,0,-0.7226826087232228,0.39533069693629824,-0.822280879298011,1.0672662558718577,-0.7344913508946546,-0.5207689889494408,-1.9037021558230038,-0.08911471046846699,-0.11209128088424254,-0.8412962637638196,-0.89700205491327,-0.4223170145016329,1.4648049390125397,0.07819366257229209,-0.7669173038141334,-0.15654539325029534,0.20137177727761305,0.27563141715933037,0.27586209560863995,-0.8495867060811616,2.7252743752349766,-0.645968182470714,-0.004080486987476451,1.3362137837227068,1.4352470344821802,0.8495867060811616,-0.27586209560863995,0.4102278732177254,-0.40957446049198204,1.328090278709748,1.0284292798688959,1.0760609983917457,1.2352150146897614,0.758556726032511,0.6772228733838963,1.3179911348814817,1.916425945893794,-0.8623145398892288,-1.0348848456460813,-0.8793552956620708,-0.36386811417093057,-0.3819686083310823,-1.7711003996191523,-2.1573864231274804,-1.0129879475475077,1
-0.07219669305541997,-0.5400896726534062,-0.4445202009343899,-0.8681093238500562,1,0,0,1,0,0,0.9177792018139987,-0.63794518630504,-0.7711081536284979,0.45679087144909825,-1.9786032490139196,-0.8436421148136296,0.6157628140494658,1.4332493913402635,-0.7953468855145126,-0.19565435850332924,-0.68420802524178,-1.6774585131195896,-0.08681616383204849,-0.12741952240597287,1.0690669207278654,0.5460894509397107,-0.7072546223098009,-0.7805914523781506,-0.8293216896597884,-1.4653421880752575,-0.9835492677142681,-0.8962119966503337,1.636033070305254,-0.43698516099787393,0.12740831911354383,1.4653421880752575,0.8293216896597884,-0.03541234474315745,1.1664597564373458,0.391036510778763,0.6278937645343975,0.2909201075607231,-0.4660546508565234,0.2692014673650073,0.7879592118469556,0.44983577907224165,-1.0257092285706153,-1.0140677512169813,-0.8068044353892204,0.06718251409155555,-0.11002139686175369,-1.4605567119022886,0.8629863402952329,0.18071947766026855,-0.8274130302866491,0
0.9044132765196139,-2.1892266948269663,0.5693561964423357,1.7718540298733036,1,0,0,1,0,0,-0.29363875058271866,-0.3373241217941949,0.4954168066919504,-0.5795706579358897,0.58262333368779,0.18847862548352812,1.0736764203299705,-0.44554869360227484,-0.5189120242931143,1.2079119485622534,1.3488959261898015,1.6800998159247311,-1.0986486650205867,0.06496268240240419,-0.19129281923712552,-0.5601070971620948,0.6431354504218071,0.3898435084891653,1.3266889502382984,0.9756618166055823,-1.4280632518262677,0.41989661763702435,0.14651650473902939,-0.9940890110163623,-1.3730244583686813,-0.9756618166055823,-1.326688950238299,0.24311279148239442,0.04072103005925432,0.7367456678795146,0.3048812521678669,0.5640125913280355,0.9831750642384596,0.4323198869208419,-0.1532996650890431,0.2638024885416898,-1.0257092285706153,2.096873081001942,4.484661082569949,3.918165109938503,3.03767789777204,1.9972698554289314,3.0854970270979956,4.467246962437809,5.110984322060808,0
0.004904094016293398,0.28447883843337485,0.5693561964423357,1.478524768348486,1,0,0,1,0,0,2.633954634376015,-0.7344695513123908,0.07324181991846762,-0.4921945602602151,-0.8843806435166655,-0.18448008223216925,-0.09821381715136221,-0.48560090260337807,-2.6407362916576442,1.2743735624934291,-0.3367793868075102,0.525959071223909,0.9205501315639801,0.9155964400902136,-0.5128131610649291,-1.6440374875279398,2.320981529117703,0.694869197330329,1.7556215933338128,-1.023858678725748,1.0514218783327274,0.15277751115364785,1.9578758512907395,0.5798490867436111,1.116234222823092,1.023858678725748,-1.7556215933338135,0.2152602778598393,-0.9349191994684248,-1.7378040882100778,-2.1241728408284435,-1.39883963574952,-0.7180946013078251,0.18764225758709038,-0.5408768497097485,-1.720552610450858,1.6943780081983673,0.8069707847160468,1.9210372712828345,2.893829671985947,3.0546010122593183,-0.12818317219668063,0.36909507656128593,-0.09762646290970158,1.8943524228726025,0
-0.5605016778429365,-1.41619371568311,0.5693561964423357,1.478524768348486,1,0,0,1,0,0,0.7789708947685415,-0.6158492473274538,-0.6943490651242283,0.19350527911511192,-1.5168330943346018,-0.6231761161279716,-1.279236039324455,-0.3051863341564731,0.9206964184771335,-1.99374322320333,-0.6982626911458616,-1.2620176568097046,-0.24966611444214043,-1.3361098062815446,-0.6520981997133511,0.4899257891611452,-1.6841603151481033,-0.9369953428618274,-1.6577619304569235,-0.07709346503402185,0.4437836772037014,-0.23437984005894966,-0.7662946777268758,1.0234339297460593,-0.007017884380448946,0.07709346503402185,1.6577619304569235,-0.94526112307996,0.3159016076183434,3.781412279538769,3.5823815443135993,2.356182016051021,2.589929748365507,0.3235742738836193,1.4892893554463265,3.860446105465684,0.44535835866158957,-0.17942508891434333,0.14201007127932075,-0.2829068128036209,0.12690220596014448,0.062155904904119784,0.2044646553166367,0.18071947766026855,0.22417816752487937,0
0.8273124894479005,-1.0554449920826439,-1.6032360836506476,-0.13478617003801185,0,1,0,1,0,0,0.6527815247272168,-0.5978236128983703,0.03486227566633282,-0.48409346511147705,-0.3550453186768709,-0.08565049661446048,0.31130154270307525,0.4367740897314499,-0.509586090368998,0.2235979160219602,-0.4319451075086267,0.2913668365623483,0.7487095066491423,-0.9369351693059901,-0.42753336925984997,0.2724413556426931,-1.75974135466492,-1.7186654401054169,-1.1768770890538862,1.5646019821150705,-1.369046954648587,-1.0277796893570752,0.9703985450462324,-2.0469957634220655,-1.1163924964883687,-1.5646019821150712,1.1768770890538862,-0.8152827261747027,-0.25947596364157,0.5184030423421971,0.5891322630504142,-0.20406001926752979,-0.24551969421163483,0.6769975162545934,1.5631135810883663,0.38782468222872474,-1.3032691506898992,-1.0140677512169813,-0.2594114507727547,0.2616765845888761,-0.6007917169928287,-0.5088613263982832,-0.4540570296619595,0.3477270420022505,0.038603250264021984,1
-0.04649643069818187,0.0010334127472937634,-0.8790386569529866,-1.8947617391869185,1,0,0,0,1,0,0.5644489656982895,-0.5908459479580798,0.6361418022831113,-0.5911436510055155,0.02335419086831986,0.002446464320782188,0.6444202846558844,-1.1320929685703018,-0.42481096705624527,-0.27004462784062233,-0.8492488440186904,2.050312888332098,2.227666022383387,-0.297212818626282,0.14630353968206836,-0.7947699982305003,-0.5878106295727091,-1.297002679776118,0.4977080171176754,2.3027614887509538,-1.1930536391626254,1.7003968021362534,-0.21793637767768986,-0.2180500878152647,-0.162205585707541,-2.302761488750954,-0.49770801711767615,-0.48105256270404034,-0.18442671521636386,-0.9190192424451392,-1.1389846781105248,-1.2708275339835926,-0.757475843565841,0.901285343143866,0.7049069579996614,-1.720552610450858,-0.7481493064513315,3.6144051942794655,3.7548037697479946,3.0105261142843402,2.6992156080264706,2.948965240932937,-1.0302635040182315,0.013711913318286572,2.636652091916034,0
-0.07219669305541997,-0.5400896726534062,1.0038746524609323,-0.8681093238500562,0,1,0,1,0,0,0.9934928238387936,-0.6425969629319004,-0.7711081536284979,0.45679087144909825,-2.0064219161477346,-0.8472196563744516,0.7572857303047731,0.5458536991347976,-1.1266056298360831,0.5439473721523276,0.05225251170522448,-2.5306750877789725,-1.4000890232741796,-0.08394145464066428,-0.02531552579545107,0.24121927777723878,0.3896644800108525,0.37497515595270925,-1.4375436385994584,-2.025800709708459,-1.1368975547923832,-0.7745618705760577,1.7825097485655974,-0.348453179078089,0.2981594324617454,2.025800709708459,1.4375436385994576,-0.0787384770449098,-0.01765060760479466,0.031175516837628828,0.1512708573980064,0.3079883877961804,-0.14050304819025958,-1.2169885774770395,-0.786957601849879,0.484286388429751,-1.1644891896302574,-0.9381911455531051,-0.9162830323125138,0.028283699992091807,-0.11002139686175369,-1.5557262504526888,1.1922471827845313,0.23638866577426285,-1.0748462533011267,0
-0.27779879191332196,-1.41619371568311,-0.15484123025532542,1.478524768348486,1,0,0,1,0,0,0.1858808555743153,-0.5361875725924716,-0.6943490651242283,0.19350527911511192,-1.2156179024355356,-0.5619107168988942,-0.7809703460086049,0.2960731986548262,-0.6761087607572789,-0.9195012200559523,-0.6031802131688212,0.01562634756927761,0.6286410961723478,-0.6309695983211393,0.324519643317523,-1.368158145832286,-0.18608122335866767,-0.6379386435612318,0.32101112681306715,-0.2970624528398517,0.4555008888965903,-0.0812731021241491,-0.45060366616009717,1.0576718712607025,0.16134089769682775,0.2970624528398517,-0.32101112681306787,-0.5158682047322343,0.47225420850418953,0.4797382024032975,-0.3476040228125248,-0.3960781719164211,1.1328237848189202,1.0032343553662626,0.9125375926178964,0.06226642380025959,0.3898463742377325,-0.1035484832504671,-0.07694712256726609,-0.2958730841701091,0.12690220596014448,-0.2550758902638815,0.2044646553166367,0.06938110143228039,0.038603250264021984,0
0.004904094016293398,0.8256019238340739,-1.8929150543297122,-1.6014324776621007,0,1,0,0,1,0,0.6401625877230843,-0.5966606687416551,0.6489349837004895,-0.592300950312478,-0.005697583765587149,-0.001131077240039849,0.08863931000720629,0.9605795195873561,-0.10797353749652831,0.9462431458972373,0.9220165340105146,0.39240565171621505,-1.4683365154213595,-0.8206803606854021,0.8595311311454137,0.13466525082333458,-0.1999978050856715,-0.2319942135861837,-0.16027754582615011,0.6941558255444424,-0.9432692649001939,-0.45736611807318683,0.2829290329028439,-1.476627843570696,-1.4251638464201832,-0.6941558255444424,0.16027754582614942,-0.3417899945912644,2.067050737539819,2.9474647514448487,2.5918098397229046,2.356182016051021,1.8023049032051899,0.18764225758709038,0.2896456887631914,2.00011320016017,-0.8036612908751883,-0.2553016945782196,0.6437869738444144,0.7025298110494701,0.008440404549195996,-0.12818317219668063,1.0276167615398821,1.6281183686241134,0.34789477903211874,0
0.72451144001895,-1.0554449920826439,-1.168717627632051,1.478524768348486,1,0,0,1,0,0,0.526592154685892,-0.5891015317230072,-0.7199354279589849,0.26872973406767947,-1.5149603273319097,-0.660740302516603,-1.4082256003473292,1.8545797774830803,-1.2018011652176677,-1.1424116381799017,-1.7774746885730441,-1.3109436068469904,1.0126038598200693,-1.0436138060719062,1.4250568545323354,-0.49498753210049046,-1.376610156077081,-1.6985499424275132,-2.4459116065783864,0.6378546273322155,0.9154053587943006,-1.1178782733830432,1.1454877200845344,0.1783013548355848,0.6525007258234076,-0.6378546273322155,2.445911606578386,-1.072918477183338,0.9413120111617277,-0.7484390662441104,-0.8644240425989739,-1.2921628842779138,-0.7180946013078251,-1.0357458890816678,0.08201505414495645,-0.5578445446349117,0.6118943119331598,-1.1658209625447336,-0.6334633235940058,0.002351157259115363,0.0761328624983096,-0.9529858396334858,-1.1948939252628807,-1.0996718489615938,-0.3944048900113141,0
-1.4086103356317816,0.10410447663314094,1.4383931084795292,-1.6014324776621007,1,0,0,1,0,0,-0.6722068607066928,0.19181546951116127,-0.016310450003180245,-0.4649980265465945,1.0582064658805515,0.5068798243966893,0.8860617950098415,-1.2053168165575028,1.016641204803652,1.4388882099749456,1.5223978198531076,0.8516549865658019,-1.1606699209746605,0.5341888387283363,-0.33098786430713667,-0.5301520669172984,1.2536139978669973,0.6652674789662728,0.3422533759207262,0.8221130942085976,-0.6983353015945485,1.3227587806637364,-1.922534284230017,-0.7007829613025621,-1.3296875173088016,-0.8221130942085976,-0.3422533759207269,0.4659329004628361,-0.3345252120667762,-0.082039177885424,-0.3411437725651945,0.15437386567706757,0.16404522527173035,-0.30171300108041293,-0.4855086804782194,0.139780294854656,-0.7481493064513315,0.9587239960437993,-0.5513543759015367,-1.385039878955104,-1.5146398993058652,0.41111087958892223,-0.04248097655033679,0.4033962301162448,-0.9511296417938885,1
0.8273124894479005,-1.0554449920826439,-1.6032360836506476,1.478524768348486,0,1,0,1,0,0,0.6527815247272168,-0.5978236128983703,-0.7199354279589849,0.26872973406767947,-1.5732530060165695,-0.6674481929431443,-1.4169559962179532,0.33590279426856273,-0.7527232991636132,-1.4496908113122318,-1.6021195112737987,-0.1787145756103353,1.7919394172592986,-0.8361053118221173,-0.2973727586537208,0.09019884535676116,-1.606274235902843,-1.4914649416836203,-0.8569681418843172,0.6061852033378352,1.1348852292301848,-0.7589386283284766,1.1196391071765113,0.36568472354949016,0.6267086045469054,-0.6061852033378352,0.8569681418843165,-0.7038726716844818,-0.10937746679115769,0.5911839175213025,0.5503707615664309,-0.1699234587966153,0.06953024385249205,0.9216751455883455,1.6184817503198954,0.38782468222872474,0.6674062963570164,-0.9381911455531051,-0.97102233077416,-0.32180562690308556,-0.1607907403235886,-1.3019408143182878,-1.277209135885205,-1.211010225189582,-0.5799798072721716,1
-0.5348014154856993,-0.7204640344536393,-0.8790386569529866,-0.13478617003801185,1,0,0,1,0,0,-0.7479204827314877,0.4563852651638393,-0.579210432367824,-0.1363250233692226,0.7425144618151502,0.4563470498500781,-1.0120672584046626,0.025803299089688304,1.640664038898947,-0.48765214776907756,-0.06598068100245542,1.0147163143017677,0.8983406659633003,-0.9248208711396554,-0.5315677812777023,1.3544067896668763,-0.40338489218733065,0.23129454424943066,1.7556215933338128,-0.3572520928766799,0.48323404164957273,-0.5679287718711993,-0.8817944986231598,0.2587970369517742,0.3115922214000837,0.3572520928766799,-1.7556215933338135,-0.9823978079100336,-0.7097714541928067,-0.8189455390738695,-0.06981326217730856,-0.22112829950298704,-1.1906695084040155,1.4110304042558486,0.5664865349208381,-0.9144083514851348,0.8616982418405155,-0.17942508891434333,1.3736442866663687,0.6247321828505417,0.7022880985276131,2.0607162144625315,0.8629863402952329,0.7374113588002092,1.5850608941045057,0
-1.4086103356317816,0.8256019238340739,1.4383931084795292,-1.6014324776621007,1,0,0,0,1,0,-0.6722068607066928,0.19181546951116127,0.6489349837004895,-0.592300950312478,1.4406851652874506,0.6052622173192954,1.0907817881426185,-0.32970597484030534,-0.18669260520496128,1.9410109679144867,1.8321223553543766,1.1800732949391906,-1.4700673440695033,0.7527733120234477,-0.7552468900753185,-0.22806559264589654,1.431509597251027,1.116693684018146,0.7686432489180746,0.8471482119907131,-0.7645964052686711,-0.3040579573628931,0.026031119507261228,-1.202720181869536,-1.2916147562666844,-0.8471482119907131,-0.7686432489180752,0.577342954953057,-0.7848207026180125,-0.3458698504096825,-0.40574627503850064,0.15437386567706757,-0.024984737566746233,-0.46483142063624716,-0.8177176958673952,0.07776919801113909,-0.6648813298155464,-0.17942508891434333,0.3700904815361815,0.3265079414213163,-0.194636969298146,-0.15990635171348128,0.6160407084282594,1.2384340518261547,0.22417816752487937,1
-0.7147032519863632,-1.41619371568311,-0.15484123025532542,1.478524768348486,1,0,0,1,0,0,-0.5586364276695006,-0.13962361515263325,-0.6943490651242283,0.19350527911511192,-0.3576150440903046,-0.2569252988388155,-0.4902479146172963,0.22216310198611086,-0.43956373140589655,-0.9363637505091383,-0.9653233579540701,-0.7172188353045885,0.7280883782351452,0.2702114236946237,-0.4285809948352803,-0.8012527081122646,0.2633143297915823,0.16073787180124113,0.06048449490010199,-1.0381887348318,0.9516937299843802,-0.7342688618505996,-0.20428335283220067,1.5260649998193256,1.4118968897088684,1.0381887348318,-0.0604844949001027,0.5494904413305014,-0.10937746679115769,1.0733572155828786,0.4340862571144791,0.529876030857121,1.550264952753888,0.5954383064766764,0.6218547041523672,1.3800022317249987,0.7229182807808735,-0.7864379342253526,-0.41450612974742024,-0.4514683405679659,0.1438253204474232,0.12560226393772106,-0.5363722402842841,-0.9883334727336057,0.038603250264021984,1
0.72451144001895,0.8256019238340739,-1.168717627632051,-1.6014324776621007,1,0,0,0,1,0,0.6023057767106869,-0.5908459479580798,0.32910544826603294,-0.5517954745687877,-0.14532451788458017,-0.027962638946205126,-0.27005066349965384,1.2117431544119626,-0.4488299205437054,-0.3415851301609693,-0.4781373781830864,-1.0574832850081597,-0.21749928274139807,-1.0811183170639724,1.2070502300431247,-0.4364607698565887,-1.448496880250186,-1.7019708725444453,-2.3498765620089648,0.888297888345227,-0.7047286626234559,-0.4539590847384007,0.17496455568490052,-0.9748452376203273,-1.040041286411174,-0.888297888345227,2.3498765620089634,-1.130944547230328,0.6494538228414815,-0.9796699717610611,-1.0259302987822392,-1.4557339032010432,-0.8756195703398886,-1.0357458890816678,0.012804842605544792,-0.8248367671556104,-0.6093693453916895,-0.3311783002420958,0.3518440487156324,0.39133929825375646,-0.0423289389126401,-0.2233527107470814,0.36909507656128593,0.9600881112561845,0.34789477903211874,0
-0.35489957898503444,-2.1892266948269663,-1.8929150543297122,1.7718540298733036,1,0,0,1,0,0,0.526592154685892,-0.5861941713312195,1.6595963156733726,-0.6924073403647409,0.38437232141686917,0.08428272752458629,0.21115697454617852,0.327774860972309,-0.7924724115028715,2.9752510347129193,2.6693068288043382,2.022383641498917,-2.0458296030876566,-0.6086179511133227,0.7780709997341707,-0.08354777727563925,-0.8807933108457607,-1.5216055259435455,-0.2249492467260648,2.981392002916201,-0.901742798863005,0.3295731637626698,0.9993788756622701,-4.892751770410316,-4.955781248922168,-2.981392002916201,0.22494924672606412,-0.7317251853070371,0.340918023760079,-0.8917264142529749,-0.7933612898783374,-1.05747403104038,-1.2851844898232538,0.35076067714292497,0.5111183656893089,-1.4725082230767892,-1.3032691506898992,-0.9381911455531051,-3.361305030266061,-2.5649705733055157,-3.562336752266559,-3.3956706624271,-1.0302635040182315,0.5704037944582268,-3.5491784834459006,1
2.317927706167689,1.109047349520155,0.5693561964423357,-0.4281154315628296,0,1,0,1,0,0,1.4982503040040924,-0.6908591454355757,1.3525599616562942,-0.674469201106821,-0.055446827441417414,-0.010074931142094942,3.6963285815938316,-0.08422511978451845,0.21955742051163735,2.056948764915064,2.635261006377163,0.5236061216201798,-2.77586844358062,4.004586067372307,0.9849060911862296,-0.26636523821764346,2.0826783163078026,1.9664654883909054,0.49320743187182114,0.22497917377587734,-1.138499657400441,1.1022589212197644,-0.5678137252996198,-0.7136569107580103,-1.5060975647779002,-0.22497917377587734,-0.4932074318718218,4.420989834865672,1.3165582532877582,0.9096002464298897,0.6149732640397371,1.5027680042781708,1.3297299961089997,-1.1988643086375024,-1.482135726645747,1.3800022317249987,-0.9979532363586869,1.33810702436318,0.6711566230752374,0.2487103132223888,-0.0592520533999176,-0.033013633646279864,1.7684536571408034,2.12914106165006,0.40975308478573785,0
-2.1796182063489136,-1.158516055968491,1.7280720791585935,-1.161438585374874,1,0,0,1,0,0,0.4634974696652297,-0.5792165063909291,1.6084235900038595,-0.6906713914042971,0.40207253780264895,0.08830746178051108,0.42652225652067266,-0.6686404367669389,1.8339304545210036,1.6523180358082186,1.3695166454220815,-0.48596140399330906,-1.3766320436978696,-1.2378376277759606,0.31779053969942933,1.3874212628867513,-0.8300096460917643,-0.9650537089869158,-1.7416546130692934,1.0645584453617318,-1.8299223530727926,1.2360855697839106,-1.112819801559445,-3.05519842474966,-2.7226258268102392,-1.0645584453617318,1.7416546130692918,-1.223786259305512,0.06573744620098994,-0.6157655958655328,0.13691474573727128,-0.20406001926752979,-1.8207693845322692,-0.7638818564886103,0.012804842605544792,-0.2736270174354578,-1.7196090338688252,0.9587239960437993,-0.39625969692687113,-0.8793552956620708,-1.870025303538713,0.09387908442092041,0.6160407084282594,1.4054416161681371,-0.76555472453303,1
0.4161082917320974,-1.2615871198543382,-0.8790386569529866,-1.161438585374874,1,0,0,1,0,0,0.24897554059497767,-0.544328181689477,1.0199372448044592,-0.634542375016612,0.3415927248307578,0.07176133206170916,0.06380000214930034,0.7999594445307713,0.6670012374820818,1.0052609864983326,1.0267374847620634,-0.6800019627740629,-1.42077885600648,-0.6778532435301557,0.1717674437582347,-0.1777217386975976,-0.40734553283032043,-0.6658471108466462,-1.2601455701587203,0.3223554599919946,-0.7660184300870456,-0.9258965882728664,-1.0904062442836748,-1.7619595961833439,-1.9848791227670532,-0.3223554599919946,1.2601455701587196,-0.7317251853070371,-0.03432821836595151,-0.5460172571522233,-0.5478717804797735,-0.6649035856248688,-0.5605696322757617,-0.46483142063624716,0.12354118106860354,-0.4183195767369984,-0.6648813298155464,-0.7864379342253526,0.37921369794645543,-0.2699405414371327,-0.9223308922511192,0.506280418139323,1.6038232358961542,2.017802685422071,-0.2706882785040748,0
-0.2263982671988458,-0.05050211919562982,0.27967722576327125,-0.8681093238500562,1,0,0,1,0,0,0.5392110916900246,-0.5867756434095771,0.6233486208657331,-0.5894077020450715,0.029672713792823848,0.004235235101193206,0.3220011211495581,0.20169103982974482,0.6265575998788764,-0.034953287199467005,0.9623686929228681,-1.1431897215473126,-2.0963864305153215,0.16049084944585637,0.6678654507079533,0.2344776358959237,-0.3746264121851598,0.22365488706769943,-0.7989105922128049,-0.7668246343931169,-0.28738983157454673,0.39222566542892084,-0.6208978176998668,-0.3242535014973032,-1.0327709674049959,0.7668246343931169,0.7989105922128042,0.15955525061472892,0.641115017460903,0.06352257247278678,0.17567624722125458,0.017827623793410803,0.3215701943037938,-0.7910682597479163,-0.5408768497097485,0.38782468222872474,-0.43974939298546056,0.07349692996524401,-0.766256806899112,-0.9369831684020175,-0.9862626580919494,-0.7520723693604175,1.347731469515589,1.0033863686781808,-1.4185035074879009,1
-0.9203053508442651,1.1348151154916164,-0.4445202009343899,-1.6014324776621007,1,0,0,0,1,0,3.1765689255537115,-0.7507507695064017,3.8344371566276774,-0.7560588022476826,0.08303802934584668,0.006918391271809734,-0.2582202836240253,-0.5864210810218663,-0.38813642594971537,-1.2462555545637528,-1.4283522121648744,-2.497204697632081,-0.5398543459817253,-1.5505960598162027,-1.414005450086278,0.8265588449737062,-3.6962173623172876,-2.859893518397075,-3.5663204598883063,0.13114384342216406,-1.1902757226944152,-0.6116382817234981,1.3612074230879465,-1.9814950124866726,-0.935201556865728,-0.13114384342216406,3.5663204598883063,-1.5951531076062477,-1.685411683720486,-2.465612840001134,-1.8011603284619129,-2.764302054586081,-2.135819322596396,-1.85133798686084,-0.5408768497097485,-2.340663578886029,-1.3032691506898992,-1.0465862965014996,-1.8755240720213682,-1.0645877437547573,-1.6524424029879903,-1.718874030824804,0.028074918268798287,0.09323932490970681,-2.135274351934601,0
-0.8689048261297889,0.8513696898055362,-0.8790386569529866,-0.13478617003801185,1,0,0,1,0,0,1.031349634851191,-0.6402710746184702,0.6617281651178678,-0.596351497886847,-0.1548628389683399,-0.031540180507027164,-0.3774133114655395,1.0398720232728529,0.4361285193734907,0.2755560107855309,-0.03179035532259273,-0.7750485296053065,-0.500546672060526,-0.751913510199314,1.4131481814568068,-0.23183830508104375,-0.45240639523234444,-1.1529804422429415,-1.8366892925911174,0.7645323233097278,-0.2265007230130148,-0.0115961600458345,-0.8291774345809878,-0.8208568304452952,-1.0843319735335344,-0.764532323309727,1.8366892925911165,-0.8709877534198129,0.7912135143113154,-1.028190555213798,-0.9742482968035945,-1.0745423112758372,-1.222174502210428,-1.0357458890816678,-0.319404172783631,-0.9764194483286528,-0.3318094232724056,-0.17942508891434333,-0.5057382938501646,-0.8274902101961188,-1.057715808149347,-0.12818317219668063,0.12214944469431245,0.5704037944582268,-0.45626319576493324,1
-0.35489957898503444,-1.5192647795689571,-0.15484123025532542,1.0385308760612593,1,0,0,1,0,0,-0.8236341047562825,3.3230426114664833,2.6702576476462556,-0.726547669920137,3.688481529258131,3.117143585711468,0.33698230099127724,0.501791207027028,0.004909511430987471,0.9020593489107681,0.9234399933901529,4.2072606942055915,0.383057081293089,0.4470705395472442,-1.1726865974040583,0.5141016230270129,1.2993372139445374,1.2302915527114426,0.5444209881177442,5.198251682522675,-0.02187447714299156,-1.8634958693159387,0.5099110847748647,0.06977655506213656,6.230266301674304e-4,-5.198251682522674,-0.544420988117745,0.5494904413305014,-1.009968447893631,0.4547197765604794,0.6666552660183818,1.2126072402754011,0.006520256239666901,-0.38327221085833024,-0.6516131881728072,1.0079356506638961,0.08453045990652028,-1.6969572021918669,0.4704458620491997,0.6765972683164937,0.6684418695530556,-0.2233527107470814,-2.676567716464722,-1.0996718489615938,1.3994859768436472,1
0.8273124894479005,0.28447883843337485,-1.6032360836506476,1.478524768348486,0,1,0,1,0,0,0.33730809962390496,-0.5571205674133428,0.07324181991846762,-0.4921945602602151,-0.17069524150723075,-0.048086310225829085,-1.40755459742056,-0.1700787636189189,-1.481050072802355,-1.307165527553278,-1.7601625223131663,-1.8175057115169027,1.1715498607515271,-0.7345221714814677,-0.07276978099786853,-0.07640670385427717,-1.1227709099538692,-1.2304670278484522,-1.0705131521703464,-1.417139107414103,1.2233130322577324,0.1605392715120934,1.9478636962528395,0.652575881605622,1.0869859229451078,1.417139107414103,1.0705131521703457,-0.6760201580619267,-0.03432821836595151,0.11810822885711679,0.05939174276930372,-0.3918111018575571,-0.2140147004052217,0.2692014673650073,0.954063719541543,0.139780294854656,1.9719379303176512,0.8828473903799233,2.112624815898597,3.0753574711167806,3.274601500593938,-0.12818317219668063,0.7806711296729086,0.1250502895462747,1.9562107286262216,0
0.2105061928741954,0.9029052217484598,-0.15484123025532542,-1.6014324776621007,1,0,0,1,0,0,-0.33149556159511606,-0.3344167614024072,12.930389144383625,-0.8069799717540361,2.157053985309802,0.36646131813442445,-0.464224115084392,0.5905080751439586,-0.8410239603728443,0.4264447657414615,0.029035192986971645,-0.3454008180189706,-0.45542464592263737,0.4949106196452809,0.8331274213488753,-0.758786282200361,1.1189838276110042,0.8411218909052942,-0.030386078764458365,-0.440948977121442,1.1400237922883862,0.024117896516382478,0.38720089175785966,0.5334658422123726,0.7834446424671805,0.440948977121442,0.030386078764457654,0.744458036688388,1.1664597564373458,0.9277954652246664,0.3436427536518511,0.8029685146244333,1.4557499713346498,-0.5463906304141645,-0.5962450189412776,1.1939689411944467,1.0837461795359422,0.04820472807728505,0.0872707728176734,0.2746428559553643,0.4822876101929924,0.062155904904119784,-0.20711139779498602,-0.4316415915936655,-0.023255055489598248,0
-1.0231064002732158,-0.2566442469673251,-0.15484123025532542,-0.8681093238500562,1,0,0,1,0,0,0.11016723354952047,-0.509439856988025,2.209703116620638,-0.7161319761574738,0.7543756323989916,0.16164706377736285,-0.6220169923569565,-2.060197406306265,1.5797926575629673,-2.2587245304321093,-0.7026982779689273,-1.2487045738647466,-0.8320630459165876,-1.510022077342778,-1.127988748428793,0.7969708649437482,-2.327802220022117,-1.129336696854696,-1.530099152568539,-0.18555039652161812,-0.6438664981886819,1.697691229165778,-1.3587506265646312,0.7431822855677561,-0.18903530024045775,0.18555039652161812,1.5300991525685383,-1.4558905394934718,-1.1600669447440433,-0.5915053041391644,-0.12149526415595328,-1.0233374705694662,-0.40304466324369825,-0.709509049969999,-0.04256332662598434,-0.4183195767369984,-0.8406692804910928,0.8322629866040054,-1.3846081413732674,-1.743773386761273,-1.4187422505446208,-0.5405845059150832,0.6160407084282594,0.5704037944582268,-1.0748462533011267,1
-2.1796182063489136,-0.6689285025107157,1.7280720791585935,-0.4281154315628296,1,0,0,1,0,0,0.4634974696652297,-0.5792165063909291,-0.3617263482723934,-0.33017265728545425,-0.6505972537361427,-0.19029358726850507,-1.0237544709695998,1.2688856739196084,0.07181762701371602,-0.02149863736473453,-0.5108461439226903,-1.1246117381129384,0.3845988909167219,-1.0995327897771947,0.2984073937006071,1.3727984762960417,-0.37738107948709076,-0.27914118961009293,-1.1598770966922176,-0.3834842964864804,0.32491530468453106,-1.4426474326061312,1.2813529744646746,-0.34516134634488055,0.3915979650521076,0.3834842964864804,1.159877096692217,-1.17736540326792,-0.18442671521636386,-1.260179594847197,-0.476809027759137,-0.5880963245653125,-1.899531869048301,-1.0357458890816678,-0.6792972727885718,-0.9454138999068937,0.5008703430854462,-1.2416975682086098,0.7258959215368835,1.3378771080073837,1.0915197317350172,-0.033013633646279864,-0.12479618717266176,-0.32030321536567735,1.0901944480755505,1
0.930113538876852,1.0059762856343069,-1.168717627632051,-0.8681093238500562,1,0,0,1,0,0,0.12278617055365294,-0.5106028011447401,0.31631226684865466,-0.5506381752618252,0.11446732180438036,0.03285556758776951,0.06345930391104614,-0.029426152981424872,0.7534614543845072,-0.10636340371163114,-1.1344456478284213,-0.3794765648905209,1.1377902808918972,-0.7742405023569281,-0.26475662611888456,-0.3932746444611942,-1.2356204760929281,-1.767392789549083,-0.44411445533132876,-0.07709346503402185,-0.861853694216521,-0.22483905755110017,-1.4252101396731316,-1.0815300164474708,-0.2506801611535738,0.07709346503402185,0.4441144553313281,-0.8152827261747027,-0.40957446049198204,-0.5460172571522233,-0.6512357844370638,-1.05747403104038,-0.8126095827270634,0.758556726032511,1.1201682272361313,-0.8523972546416179,-0.8314172830871166,-0.2553016945782196,-0.14080963743918734,-0.840456481562607,-1.159254495073018,1.6165917012273294,0.2044646553166367,0.18071947766026855,-0.08511336124321738,0
-1.0231064002732158,1.7790092647781635,1.4383931084795292,0.5985369837740325,1,0,0,0,1,0,-0.7100636717190902,0.26740683969764073,0.7256940722047591,-0.6009806951146973,1.6460421009497008,0.6701051581091948,0.3659898972800219,0.06091127155658778,0.766130742178813,-0.33225372400656566,0.24158465423826453,-0.03248175163623373,-0.3374038465583155,1.1148975989244916,-1.0037168580759537,0.902230404184293,0.11377862410300195,0.5557631520681066,-0.35307242775419667,0.30587169994287167,0.6050746830578518,-1.0891041461975308,-0.14067184465349195,0.5616742819195917,0.22852266512286706,-0.30587169994287167,0.35307242775419595,0.744458036688388,-1.0850176963188372,-0.7461646638947628,-0.21193876761858224,-0.15285517856115927,-0.8756195703398886,-0.9541866793037505,-0.9284540343304539,-0.29429738304996345,0.3065783976019474,-1.1658209625447336,-0.7611883533378483,-0.7107937678977266,-0.4654068010946016,-0.6040308649486834,-0.7010026615289333,-0.6543183440496418,-0.6418381130257917,1
-1.2544087614883548,-0.6946962684821769,-1.168717627632051,-0.13478617003801185,1,0,0,1,0,0,1.0187306978470585,-0.6402710746184702,-0.6047967952025805,-0.06978031321887439,-1.3243656285267722,-0.4384855330505339,-0.7775254901472417,-0.9002325087847037,-0.12171635820186957,-1.5498908795174082,-1.6124564872569769,-0.12143909294630222,1.6664499498698269,-0.7711769422829743,-1.2757859140631223,-0.9797185676061662,-1.7295938613745039,-1.9052924677318335,-0.23615473945624774,0.06858695651968806,0.31061720689035055,-0.042456951850179635,-0.8181323375616324,0.3787669216805255,0.23612514539467544,-0.06858695651968806,0.23615473945624774,-0.7038726716844818,-1.1600669447440433,0.16359627584405784,-0.37990527404917784,-1.0062691903340089,0.3530751881102058,1.4110304042558486,1.7292180887829538,-0.35630847989348147,0.6951622885689447,0.4275877563966659,1.455753234358838,0.7284623537824456,0.854596128913119,1.870377137361731,0.5337254978059351,0.6260729825722207,1.770635811365363,0
1.4698190483788447,1.1348151154916164,-0.4445202009343899,-1.6014324776621007,1,0,0,0,1,0,0.097548296545388,-0.5088583849096675,3.8344371566276774,-0.7560588022476826,1.0427970996522453,0.19295055243455567,0.18539318637855134,0.4256692571808831,-1.6887719483834733,0.5619685319568103,-0.011933421400808525,0.4260877457856039,0.3681529215979678,-0.8448934870136253,-0.05739452875144285,-0.7451732136262251,-0.9885570556818262,-0.6779774438196339,0.5538927426062359,0.03178878775352695,-1.1020013557776402,-0.6417409931996019,1.5597806121717788,-1.7394194858815355,-0.6463989840158885,-0.03178878775352695,-0.5538927426062367,-0.7874302125521474,-0.03432821836595151,0.07262018187017576,-0.3282232720705331,-0.6819718658603261,0.7626401075935709,1.4925896140337656,1.2862727349307197,-0.4803306735805153,-1.2685741604249887,-1.1278826597127956,-2.11826679436617,-1.2197199190323817,-1.7007941586659285,-1.9284736097750912,-0.3100054110728917,-0.33422051239417605,-2.3120123683735136,1
-0.3291993166277972,1.289421711320388,-1.168717627632051,0.5985369837740325,1,0,0,1,0,0,0.07231042253712305,-0.4954845271074442,0.8024531607090287,-0.6131323378378044,0.37765514928041044,0.09277938873153863,1.463047020562123,0.5473226390237422,-1.903493340699356,1.27924494966371,0.7602829434297638,-0.27496816710277566,-1.104610492068722,1.703209041044926,-0.016537056973071645,-1.33771487074718,1.666893381983325,1.363955096235565,0.49320743187182253,-0.8641809106868654,-0.3325760910928523,-0.7677839593156732,1.2578647277698218,-0.07531445313138223,0.34323161710613465,0.8641809106868654,-0.49320743187182325,1.8864110952131505,0.19081952690966666,0.6503183786043264,-0.20224839224758595,0.45733583985642917,1.9992111144952691,-0.6279498401920818,-0.8869279074068068,1.1474606185618093,-0.10976148557697851,-0.482931511569848,1.0178388466656656,1.5972025353371444,1.4638282504551436,-0.12818317219668063,1.1922471827845313,0.793080546914203,1.1520527538291696,1
-1.0231064002732158,1.0059762856343069,1.4383931084795292,-0.8681093238500562,1,0,0,1,0,0,-0.7100636717190902,0.26740683969764073,0.31631226684865466,-0.5506381752618252,1.44955098492364,0.6311993936352551,1.3753318185423622,-0.4318548469380233,1.372970971899098,0.8113314848493147,0.5369002570366976,0.28271015393875776,-0.551725384638975,1.1762235678210893,-0.8614004036357259,0.7615643281714931,0.14959365192804366,0.7963386859067058,0.5274811195133241,-0.13756642077256032,-0.7371636430244399,-0.27019768423273394,-1.1115986085573655,-0.9477219887659675,0.07947310268346702,0.13756642077256032,-0.5274811195133248,0.7166055230658329,-1.009968447893631,-0.9463120706373036,-0.4574282770171454,-0.3747428216220998,-0.7180946013078251,-0.709509049969999,-0.983822203561983,-0.6043528672675491,-0.7759052986632599,-0.4070549059059717,-0.5148615102604385,-0.9701191952274875,-1.2269469530221315,1.2359135470257274,-0.12479618717266176,-0.2089648391376897,-0.3944048900113141,1
1.0843151130202777,-0.6946962684821769,-0.8790386569529866,-0.13478617003801185,1,0,0,1,0,0,-0.11697363252486404,-0.42687082186125513,-0.6047967952025805,-0.06978031321887439,-0.7007261468688584,-0.27436581394782295,-0.7829014763523992,-1.4276033742535785,2.0294428779881253,-0.7258247297107604,-0.21040499198962978,-0.7559690906415448,-0.04719133683907512,-0.8625736033162498,-1.5357910159572714,1.7738176225268745,-0.7749452762940184,-0.24486437277877182,-1.1427899248825406,0.10235345797273021,0.22677017976419597,0.420908708131134,-0.9918007566285006,0.2121199129942346,0.034474393338549576,-0.10235345797273021,1.14278992488254,-0.9266927806649233,-1.535313186870074,-0.7916527108817039,0.14983524623193267,-0.1699234587966153,-1.6317394216937933,-0.709509049969999,-0.26403600355210183,-0.5423417704240322,0.6674062963570164,1.0346006017076752,1.6929568610259738,0.806259981981374,0.854596128913119,2.1558857530129325,0.8629863402952329,1.0157572993701793,1.8943524228726025,1
-0.5348014154856993,1.4697960731206219,-0.8790386569529866,-0.4281154315628296,1,0,0,1,0,0,-0.7353015457273552,0.47673678790635304,0.08603500133584588,-0.5037675533298408,1.4531188915305564,0.7559661555689237,0.11009030894707987,-0.0934355647970997,1.3120132875837798,0.090705272191081,0.3931839344208331,0.0503861369010206,-0.6723410315534555,-0.6893922611645136,-0.493101259734178,1.0555200362335826,-0.8213913239209836,-0.14954056787241685,0.74512626677265,-0.6702864780682226,-0.8419158789805186,-0.3657347722680595,-0.7328702743818268,-0.9370145472203217,-0.6571556301272259,0.6702864780682226,-0.7451262667726507,-0.7595776989295921,-0.6347222057676005,-0.6551885699208807,-0.05689276168264715,-0.3747428216220998,-0.8756195703398886,0.8401159358104279,0.5111183656893089,-0.6043528672675491,-0.7481493064513315,-0.2553016945782196,0.31535118307453414,-0.127311556405765,-0.48232991558187904,0.9186817518577256,1.8507688677631275,1.5724491805101195,-0.2706882785040748,1
0.9044132765196139,-0.35971531085317227,-1.6032360836506476,-0.13478617003801185,1,0,0,1,0,0,12.76696104869439,-0.8135497539690154,-0.8478672421327675,3.309533663111851,-4.60795901928408,-3.1833542955912417,0.5479838334577951,0.9715346987577645,-0.09570073216185894,-0.5332141000721652,-0.2001202224501192,0.3062867225853917,0.35725397564709,1.232607969101258,-0.06383069560558792,0.5456195098377515,0.5775633570693395,1.177216009188222,0.5444209881177442,-0.12221154853286169,0.4696224995206782,-1.397406053306088,0.6791210949007735,1.2930397872910966,1.4094883967340828,0.12221154853286169,-0.544420988117745,1.4686233908748227,0.19081952690966666,0.8004289336612322,0.9896677783849125,1.2126072402754011,0.7626401075935709,-0.38327221085833024,-0.6516131881728072,0.7598912632898273,0.5563823275093027,-1.2416975682086098,0.42482977999782756,0.7284623537824456,1.2607508766078017,0.030432725387320277,-0.9479482933959068,-1.0996718489615938,0.9664778365683122,0
-0.35489957898503444,-0.3339475448817109,-0.15484123025532542,-1.161438585374874,0,1,0,1,0,0,-0.6343500496942954,-0.0233291994811264,0.06044863850108935,-0.4904586112997712,0.9787998169698778,0.3610950057931914,-1.8352416948541088,0.026286605733011264,1.1906112212404925,-1.9071756598988308,-1.6939077685560169,-0.42371654839285944,1.407756263066,-0.9332759015718511,-0.032494710097405996,0.31384330238327796,-0.7660551023326352,-0.7969024771754926,-0.12950004961474557,-0.44946226314143684,1.6194299670348429,-0.06863167855840126,-1.312223173185273,1.8168641495907045,1.4241428954099848,0.44946226314143684,0.12950004961474487,-0.7874302125521474,0.19081952690966666,0.7003552302899613,0.7700192699756713,0.39332978897346543,-0.024984737566746233,0.5954383064766764,0.7325910426154264,0.3258135853852078,1.8115699753153973,0.15780426959177313,0.7035947258673242,-0.144599918227749,0.5744245668459528,1.9972698554289314,-0.6644181234745666,-0.914107888581614,1.1932916243315823,0
1.4184185236643685,-1.0296772261111817,-0.15484123025532542,1.478524768348486,1,0,0,1,0,0,-0.14221150653312897,-0.41873021276424965,-0.7327286093763631,0.26872973406767947,-1.1334967046989404,-0.5297128428514959,-0.8953430390900844,0.6131219582922462,-0.634462801117899,-0.09251782113286623,-0.35932749099620814,0.1644406561386315,0.2966279971064942,-0.3109967762530232,-0.2520850787030165,0.03554439730928193,-0.4636245547944188,0.07795737116573877,0.9454154897089528,-0.7133741297612541,0.9342519764521361,-1.0940624273102744,0.9030505951650434,-0.33473656465745477,0.5432535364778781,0.7133741297612541,-0.9454154897089535,-0.3139374809687093,-0.25947596364157,-0.07294156848803632,-0.04397226118798574,-0.22112829950298704,0.3215701943037938,0.2692014673650073,-0.1532996650890431,-0.29429738304996345,0.44535835866158957,-1.2416975682086098,-1.1352402261590995,-0.5681647828663581,-0.6515610604546642,-0.826093121566285,-0.37174181903963527,-0.7099875321636356,-0.7036964187794109,1
-0.3291993166277972,-0.35971531085317227,-1.168717627632051,-0.13478617003801185,1,0,0,1,0,0,0.07231042253712305,-0.4954845271074442,-0.8478672421327675,3.309533663111851,-2.8265315925662344,-2.938739891370035,0.6385922644537825,1.1419241818571242,-1.5610306072856832,0.20266774510744284,-0.3029800109852588,-0.002169701829297471,0.11848323972533288,1.4557079069041772,-0.07782498394174657,-1.3413595736547195,1.8071969381672843,1.461744786261761,0.28185302474922574,-0.28249761283093816,0.5665480997132841,-1.6452901370342006,0.7860441236955803,1.5181944998645491,1.8209981312665857,0.28249761283093816,-0.28185302474922647,1.7192960134778195,0.19081952690966666,0.8459169806481733,-0.05689276168264715,0.6664222727407777,2.180364828882142,-0.7910682597479163,-0.983822203561983,1.3179911348814817,0.6951622885689447,-1.4693273852002382,0.561678026151944,0.9099901529132779,1.548443822891536,0.2524949820049213,-0.9479482933959068,-1.1553410370755877,1.3376276710900281,0
1.0843151130202777,1.4182605411776974,-0.8790386569529866,-0.13478617003801185,1,0,0,1,0,0,-0.11697363252486404,-0.42687082186125513,-0.15703544559434116,-0.4140768570402411,-0.03481237425307624,-0.008286160361683923,-0.4591077965330899,-1.0007422561035308,1.4293219183189276,-0.029717846074961425,0.11296753236382114,-1.9220563926375718,-0.6939729344801148,-0.8338381014175552,-1.5985365890476602,1.9918846669238965,-0.3346157198305637,0.3772207194936824,-1.5536587379424858,-1.080555857232306,-0.19476063911957403,-0.22782871040317915,0.04772104872386558,-0.29165232705418576,0.22141928776313227,1.080555857232306,1.553658737942485,-0.8431352397972577,-1.535313186870074,-0.38226028799923456,0.6537347655237203,0.47867119015075044,-1.3796994712424915,-1.2804235184154193,-0.8177176958673952,0.015758101167622184,-0.22078545442469194,-0.2553016945782196,-0.13168642102891215,-0.08841274230630035,-0.194636969298146,0.28421816152172197,0.4514102871836102,-0.04195727479570725,-0.2706882785040748,0
-0.5091011531284612,0.7740663918911503,-1.6032360836506476,0.3052077222492148,1,0,0,1,0,0,-0.6469689866984278,0.1569271448097092,0.03486227566633282,-0.48756536303236475,1.0027398063979185,0.4974887777995315,-1.2734977401299685,1.1044015728674406,0.7147736655477454,-1.0681015949612493,-0.5233554102747994,1.1036081989395368,1.6157401429066516,-1.504915512042919,0.20874617448967864,0.3944186103256086,-0.7397717758677612,-0.47985162616962734,0.34468811875864686,1.163332477313009,0.2671357602682728,-1.3067084830379663,-0.5807668800718435,0.7093913170119199,0.21190594777949953,-1.163332477313009,-0.3446881187586476,-1.4280380258709164,0.11577027848446049,-0.20940570944885942,0.020630241285320403,-0.27233314020935756,-0.40304466324369825,1.0032343553662626,0.8986955503100138,-0.29429738304996345,0.3343343898138759,-1.1658209625447336,0.34272083230535716,-0.02358138547386016,0.2622871218583729,0.47455723862252236,-1.1948939252628807,-0.8769950965056176,0.47161139053935697,0
-0.8175043014153137,1.9593836265783975,0.27967722576327125,0.3052077222492148,1,0,0,1,0,0,0.17326191857018283,-0.5175804660850305,0.15000090842273722,-0.510132699518135,-0.019580301363478245,-0.003814233410656377,-0.19385782615948352,1.314628137390028,0.19525827391620013,-0.35069142528856406,-0.3561022452377346,0.1908074680172522,0.31016789608937007,-0.05566032699426882,1.0066693969120246,-0.3030171208514705,-0.08006137433141645,-0.27437536329150347,0.004530982273630621,0.2557448558590603,0.2139488833904393,-0.7959090724989948,-0.5714275852303373,0.39437400253621313,0.19507621983719534,-0.2557448558590603,-0.00453098227363133,-0.17467491285593337,0.7161642658861095,-0.4732363819731166,-0.5478717804797735,-0.5454256239766699,-0.2770246880180474,-0.38327221085833024,-0.4301405112466897,-0.8523972546416179,0.1400424443303771,-0.7864379342253526,-0.17730250308028428,-0.4385020692014777,-0.2623294272472596,0.28421816152172197,-0.5363722402842841,-0.48731077970765985,-0.1469716669968365,1
1.8810232460946468,-0.46278637473902035,-1.168717627632051,-0.13478617003801185,1,0,0,1,0,0,-0.21792512855792381,-0.3838418880627976,-0.20820817126385424,-0.39093087090098955,0.01503462158429467,0.006918391271809734,-0.03556666879502063,-0.01272951901673708,0.20164909779311235,-1.0092264289333202,-1.5822848551820847,1.5718384473685818,2.276566829867389,-0.38576324652851934,-0.09898799198833258,-0.5160238387401795,-1.0468817931343295,-1.7832255408313753,-0.5252107151899512,2.664697762972419,-0.3359937718734188,-0.08169233300770808,-0.7942152647525339,0.32532972997388004,0.3160751417313084,-2.664697762972419,0.52521071518995055,-0.4253475354589299,-0.18442671521636386,-0.2821865846279648,-0.4961897785011287,-0.8526546682148961,-0.6865896075014126,0.758556726032511,1.1755363964676604,-0.6043528672675491,-0.38732140769626244,-0.17942508891434333,-0.31415074923440073,-0.6589286824317738,-0.4992530300691578,0.5380035976561225,-2.018046031486126,-1.378017789531564,0.10046155601764112,0
-0.25209852955608386,-1.132748289997029,-0.8790386569529866,1.0385308760612593,1,0,0,1,0,0,-0.06649788450833415,-0.433267014723188,-0.438485436776663,-0.27346499124428797,-0.41572327974841733,-0.1218731049177836,-0.6341942061665257,-0.2795977183301719,-0.6732052494332232,-1.025467020273924,-1.7673086601737837,-1.7158304705123886,0.8135059979518723,-1.229989077520784,-1.0153544862432937,-0.350731307797327,-1.2284852888675908,-1.1932930410655205,-1.4375436385994584,-0.9144498376620688,-0.34712811206627864,-0.6334031918195302,0.5678429885466391,0.1671948034206416,1.1325694149170034,0.9144498376620688,1.4375436385994576,-1.2609229441355856,-1.1600669447440433,-1.073678602200739,-1.0646918002662225,-1.4159079159849774,-0.7180946013078251,-0.8726274695258333,-0.319404172783631,-1.4104971262332722,-0.3040534310604773,-0.5588081172337243,0.14201007127932075,0.4172718409867329,0.46536449570571364,0.5697267771729232,0.03983423407198747,-0.3759724034796717,0.5953280020465953,1
-0.3034990542705592,-0.17934094905293926,-0.4445202009343899,-1.6014324776621007,0,1,0,1,0,0,-0.23054406556205628,-0.37802716727922225,0.188380452674872,-0.5193910939738356,0.3412194460243546,0.11066709653564881,0.4022500018809968,-0.12034576872558567,0.45618740468688684,0.3509208742211401,1.2190052327949947,0.9467151420867095,-0.748025995116318,-0.03308991339468979,0.33085621589122793,-0.04562905524277532,-1.2245352924086697,-1.1269521139864809,-0.48326437388376714,1.770502261954682,-0.5924014710436859,0.4966228383694426,-0.669476264645172,-1.6882996960268601,-2.6850159004677807,-1.7705022619546826,0.4832643738837664,-0.06326485836571254,0.26586877533487285,-0.10023439668020068,-0.10857476366129187,-0.5795621844475838,-0.2140147004052217,0.5954383064766764,0.954063719541543,-0.23228628620644656,-0.6093693453916895,0.35171115073279,-0.2776578835933038,-0.5681647828663581,-1.1423313805857394,-1.016432198667086,0.4514102871836102,1.795125932966095,-0.3944048900113141,1
-0.4320003660567478,-0.2051087150244015,0.27967722576327125,0.3052077222492148,1,0,0,1,0,0,-0.1295925695289965,-0.4210561010776798,1.8642872183514247,-0.7022443844739228,0.8681191220232981,0.21888772875051543,1.0461392479016731,-0.5837471884779316,-1.8156277713109108,1.408973884649018,0.7283474485880954,1.783236783199493,0.5224989911335856,0.7282714456745969,-0.648552045971241,-1.8426211703280302,1.1567137953506186,0.48556892874881813,0.9345219622652575,1.505274782839251,-0.7270018425028018,0.1515061335355572,0.6303674128009694,-0.7564552197859375,-0.47282380408372787,-1.5052747828392519,-0.9345219622652582,0.6330479821981672,-0.6347222057676005,-0.11842961547497735,-1.0388507992769007,-0.596630464683041,1.2982250023025865,0.4323198869208419,0.012804842605544792,-0.17027518936292965,-0.6926373220274746,0.12408133374116129,-0.040454256926167845,0.28760912732185256,-0.0423289389126401,-0.4771381468814831,-1.1125787146405561,-0.5986491559356475,-0.023255055489598248,1
0.5703098658755232,1.1863506474345409,-0.4445202009343899,0.5985369837740325,1,0,0,1,0,0,-0.48292280564470574,-0.203585543771962,1.9154599440209379,-0.704558983087848,1.3366494478975959,0.38792656749935667,-0.9463188788384628,1.404111827218588,-0.36854860732095746,-1.155515499952625,-0.862190793466551,-0.7157033363612267,0.3155078628790328,-0.9245846588979336,1.600828869127138,-0.7820995099602547,-1.0204854753346,-0.7710430167405915,-0.3224700655433951,-0.656312104546159,0.392045339858479,-0.32351232902365057,-0.2821162894616701,0.5491309640178108,0.36811682363142945,0.656312104546159,0.32247006554339436,-1.0102503215325889,0.9413120111617277,-1.028190555213798,-1.2197378062021575,-1.4841810369268051,-0.15100471279239655,-0.46483142063624716,-0.3747723420151606,-1.1624527388592034,0.6396503041450882,-0.02767187758659086,0.9630995482040194,0.6506647255835172,0.854596128913119,0.9186817518577256,0.5337254978059351,0.23638866577426285,0.904619530814692,0
-1.8455147957048228,-0.4885541407104817,0.27967722576327125,0.5985369837740325,1,0,0,1,0,0,-0.5586364276695006,-0.12915711774219762,-0.0035172685858019803,-0.46846992446748226,0.7217904893240267,0.2627126128705854,-1.1592195336410804,-0.06489726428001767,0.10152754426521737,-0.8739130936092461,-0.5665871108934959,-0.3960148191275027,0.524724177784887,-0.7752296143547965,0.41078985909009913,0.2942578921417213,-0.9027033200540068,-0.4971184682592891,0.4407888507730546,-0.9772859963810728,0.8373226836487806,0.5005937948992929,0.15690924927607652,0.28549504951341076,0.25125156531561793,0.9772859963810728,-0.4407888507730553,-0.5646101035717058,0.7912135143113154,1.1006500437750428,1.1059522828368633,0.6322857122698633,0.6996301199807459,1.0032343553662626,0.8433273810784847,0.5738579727592754,0.6674062963570164,0.35171115073279,-0.2867811000035777,-0.16621037050522874,-0.0423289389126401,-0.3185222492974822,0.12214944469431245,-0.32030321536567735,-0.332546584257695,1
-0.07219669305541997,0.5679242641194551,-0.15484123025532542,-1.8947617391869185,1,0,0,1,0,0,-0.36935237260751347,-0.28906193929051954,-0.16982862701171944,-0.4082903605054282,0.23757232359770375,0.09322658142664138,-0.0647675875108122,-0.5219024334229011,0.38231289944762764,0.9949332171419459,0.9573869225453139,-0.3515675046806892,-1.6184149101782845,-0.521515401825067,-1.3144547277299115,-0.3679876107745976,0.788584605003675,0.8096987413532669,0.3422533759207262,-0.8189388764091825,-0.43103113762338935,-0.6004644220620082,-0.8924266013414288,-0.5621435932100531,-0.45413666239812334,0.8189388764091825,-0.3422533759207269,-0.5089050763265954,-1.2351161931692491,-0.07294156848803632,-0.25070026910256554,0.06903246449978255,0.4790951633358572,-0.30171300108041293,-0.4855086804782194,0.20179139169817292,-0.5816133531797613,-0.7864379342253526,-0.8797901666714156,-1.1516469943583196,-1.2607931819966884,0.030432725387320277,0.9453015509175579,0.5704037944582268,-1.4459960878228426,0
-0.9203053508442651,0.4648532002336079,0.5693561964423357,-1.6014324776621007,1,0,0,1,0,0,-0.16744938054139394,-0.407100771197099,-0.4128990739419065,-0.2838806850069512,-0.28444803580624894,-0.09369996512631006,0.015143515739840498,0.6162536976253256,0.6215874599353072,-0.016730390418109208,-0.0647347159095418,-1.0093433061674952,-0.6092453017323961,-0.26817753377076436,-0.3167933244115471,-0.2544473547825962,-0.35433681562121794,-0.6989150568315973,-1.9787580846898434,0.5858842905209262,-0.28901725917454796,-1.1631841378766241,-1.1054259337818966,-0.32875264276811134,-0.5981962190906682,-0.5858842905209262,1.9787580846898425,-0.28608496734615396,-0.3345252120667762,-0.12752722487236504,-0.23777976860790415,-0.3576745413866426,-0.2770246880180474,-1.2804235184154193,-0.5962450189412776,0.139780294854656,-0.19302946221276363,-1.0140677512169813,0.40658334717727845,-0.2569742700706454,-0.36386811417093057,0.9504049313745251,0.12214944469431245,0.45906541823023866,0.5953280020465953,0
-0.25209852955608386,-0.46278637473902035,-0.8790386569529866,-0.13478617003801185,1,0,0,1,0,0,-0.06649788450833415,-0.433267014723188,-0.20820817126385424,-0.39093087090098955,-0.12916333721322132,-0.031092987811924405,-0.3904426259655125,-0.5808590177176723,0.21919229149084035,-0.9583807545273996,-0.80704472523818,0.7109711994614081,1.0470291837661463,-0.9502639579351646,-0.8237810403917176,-0.6551161549881291,-1.0031160464614466,-0.900967029860193,-1.7622723062536898,2.7174801362963836,-0.4065725743177462,-0.027998531382781442,-0.9579717620551428,0.3000378693640576,0.16957872294861295,-2.7174801362963827,1.7622723062536891,-1.038102835155144,-1.009968447893631,-1.0827762115981268,-1.2068173057074962,-1.467112756691348,-0.40304466324369825,-1.1988643086375024,-0.5962450189412776,-1.2864749325462383,-0.38732140769626244,-0.02767187758659086,0.0051618251252043045,-0.4903671546674297,-0.3469449996836519,0.8235122133073248,-1.9357308208638015,-1.211010225189582,0.40975308478573785,1
0.030604356373531493,-0.30817977891024867,1.0038746524609323,-0.4281154315628296,1,0,0,0,1,0,-0.0412600105000692,-0.46234061864106474,-0.24658771551598904,-0.37357138129655093,-0.19030772961212736,-0.06686840342014477,0.10312146761365917,-0.8148403249942917,-0.1369021931020607,0.9457208829440045,1.041340364221034,-0.3427759682566801,-1.3804307986399726,0.37987701292709897,-0.9236490923280878,-0.0825908358855194,0.4434479273089514,0.5776881619045147,-0.946287449071263,0.471010832630124,0.2361757243908004,0.19310253379727257,0.10415405918603694,-0.8378925262109984,-0.789793421913942,-0.471010832630124,0.946287449071263,0.7723105503109431,-0.5596729573423944,1.4281639820810177,1.1576342848155081,1.3150169216881435,1.3612349899154128,-0.6279498401920818,-0.26403600355210183,2.3721797812212735,0.16779843654230542,0.12408133374116129,-0.14993285384946126,-0.07544647093981212,-0.39771434314548676,-0.3502454288142823,0.36909507656128593,0.6817421706862145,-0.08511336124321738,0
0.5703098658755232,-0.4370186087675581,-0.4445202009343899,0.3052077222492148,1,0,0,1,0,0,-0.20530619155379135,-0.3919824971598031,-0.1442422641769629,-0.41639145565416624,0.06330170845355536,0.020334172124892372,-1.055514426078807,1.9108859092236037,0.805675454554367,-1.6877894647338634,-1.5439710812174356,-0.7357620252614886,1.4287454324899507,-0.7314918262666891,2.2491393214883555,-1.0576478208043734,-1.0163975099044444,-1.6472956102488654,-0.4699178107408922,-0.5374328853480426,0.7368204896322156,-0.3696124814556268,-2.164219397404712,1.2722523075277306,0.3989744797227981,0.5374328853480426,0.46991781074089145,-0.5429470374208296,2.650767114180311,0.9409364565764494,0.17998308071947566,-0.24198953090187855,0.7346356686545376,1.6828944368489056,2.227531611866718,0.41538516971473227,0.6951622885689447,-0.3311783002420958,0.05990112358685037,-1.0738493661593913,-0.5838686025055501,1.6165917012273294,0.36909507656128593,0.1250502895462747,0.16231986177126023,0
1.1871161624492292,0.15564000857606544,0.5693561964423357,-0.13478617003801185,1,0,0,1,0,0,1.9020562881363317,-0.7106291960997319,2.5295326520550945,-0.7242330713062118,0.12024517556010866,0.013179089003248299,0.3907576098162071,-0.3263958759433886,0.2538972045011311,-0.23457030670127005,0.19678862611109693,-0.955230343770664,0.1967550851040737,0.35835274218154345,-0.3481397265253583,-0.4453762024318614,0.3313293276923484,0.2346574555447389,0.4700615648931452,-1.7690215962405276,-0.1852961308981039,0.09922984747858388,-0.794646115686544,0.6454298408169414,-0.026737518885594093,1.7690215962405276,-0.4700615648931459,0.6330479821981672,-0.03432821836595151,1.0369667779933252,0.6149732640397371,0.7346953936826055,1.1722050270769362,0.5954383064766764,0.40038202722625016,1.0079356506638961,0.6396503041450882,1.33810702436318,3.66357160564525,2.491875259624819,2.6992156080264706,2.948965240932937,1.439192814651505,0.5704037944582268,2.018069034379841,0
-1.8455147957048228,0.5679242641194551,0.27967722576327125,-0.8681093238500562,1,0,0,1,0,0,-0.5586364276695006,-0.12915711774219762,-0.016310450003180245,-0.46268342793266937,0.7118913981583822,0.25824068591955784,-0.8679800758827058,0.15796840788722147,1.5991012531596207,-1.3343096819698788,-0.323169248735048,0.5276453517732492,0.5596555832171677,-0.7605565446456996,0.4410611070633277,0.31502131975760816,-0.7834830845701516,-0.2283648569488898,1.0066075265840329,-0.2786957612109654,0.44700828644710944,0.22502873735624473,-1.869458937462157,1.0256778827834179,0.19718201568357188,0.2786957612109654,-1.0066075265840335,-0.5924626171942612,0.7161642658861095,0.8186241524560076,0.8733832739329616,0.47867119015075044,0.6681251261743327,1.0847935651441794,0.6218547041523672,0.2638024885416898,0.5286263352973745,0.35171115073279,0.40658334717727845,-0.671894953798262,-0.2623294272472596,1.5848685217105287,0.03983423407198747,-0.09762646290970158,0.34789477903211874,1
-0.4577006284139859,0.4648532002336079,-0.15484123025532542,-1.6014324776621007,1,0,0,1,0,0,-0.2684008765744537,-0.36697919779042915,-0.4128990739419065,-0.2838806850069512,-0.17673452384362007,-0.06284366916421999,-0.1789969303108881,1.0384873188546657,1.8639706958848028,-0.42639415701244804,0.07338300654099843,0.6663257817171276,0.5507925490854135,-0.3940760308984673,0.25383978275621844,1.341704952332177,-0.8047620110075648,-0.5811340637716076,0.46476756340334147,0.44783808336594555,-0.14485653795181452,-1.1710653139728369,-1.1998263011009662,-0.22195723681360277,-0.6627658072121918,-0.4478380833659462,-0.4647675634033422,-0.23037994010104354,0.491016520610491,0.7276480584821255,1.3772827932247493,0.9224464762726329,-0.7180946013078251,1.4925896140337656,1.3416409041622488,0.3258135853852078,-0.1375174777889068,-1.0899443568808573,0.03253147435602734,-0.5940973255993336,-0.6346379459673855,0.6014499566897238,0.28677986593896093,0.5704037944582268,0.2860364732784985,0
-0.25209852955608386,0.7740663918911503,-0.8790386569529866,0.3052077222492148,1,0,0,1,0,0,-0.06649788450833415,-0.433267014723188,0.03486227566633282,-0.48756536303236475,0.07929303306476625,0.043588192270235616,-0.7870617909770741,0.26131063692787293,0.4254537500896185,-1.4234947705975984,-1.1828342334504718,-1.1985875646832047,1.0333919486621397,-0.7693210081168984,-0.7314469935078349,-0.4413943480174993,-0.7472005788187399,-0.9958582167923794,-1.7322973523163754,0.08334093927970501,0.32573209288447175,-1.0914045909534982,-1.025168281006446,1.1821382954001762,0.565480713309981,-0.08334093927970501,1.7322973523163738,-0.8431352397972577,-0.8598699510432187,-0.7552622732921518,-0.8450432918569822,-1.05747403104038,-0.5605696322757617,-0.9541866793037505,-0.26403600355210183,-0.9764194483286528,0.41760236644966076,-0.9381911455531051,0.4339529964081015,-0.1921429132382052,0.27921023634565156,1.0138512904081252,-0.8656330827735822,-0.9326642846196119,0.5334696962929761,0
-1.8455147957048228,0.15564000857606544,0.27967722576327125,-0.13478617003801185,1,0,0,1,0,0,-0.5586364276695006,-0.12915711774219762,2.5295326520550945,-0.7242330713062118,1.626946073072592,0.4603717841060029,-0.725392677969457,0.047519695691087084,0.8557859451218083,-1.1095419267304316,-0.6779383454548107,0.06328014860511619,1.3187385300845236,-0.5637700363484883,0.47373570714993196,0.3455155567446798,-0.7827516728628992,-0.15665765270670692,0.8063022000563537,-0.7133741297612541,0.4453637991124934,0.4093557581340524,-0.8226782428452419,0.7227564015899739,0.7284073448457439,0.7133741297612541,-0.8063022000563543,-0.5089050763265954,0.491016520610491,0.14540105704928116,0.3048812521678669,-0.03337721691295973,0.2270552128845555,0.5954383064766764,0.2342775195316623,-0.23228628620644656,1.4723300705029398,1.717490052682561,3.526723359491134,2.3622125459599386,2.6146000355900783,3.900660626436942,-0.20711139779498602,-0.5429799678216537,2.636652091916034,1
-0.3034990542705592,0.7740663918911503,-0.4445202009343899,0.3052077222492148,0,1,0,1,0,0,-0.23054406556205628,-0.37802716727922225,0.03486227566633282,-0.48756536303236475,0.23706419763078931,0.0860714983049973,-0.37714007177550823,0.9875308301684201,0.9413853799714389,-1.3562400827000918,-0.9384243203725205,-0.18780975970054412,1.3055527153195108,0.0025143579007081245,0.28328452490060446,0.23667190133842914,-0.27744134978976526,-0.190005874606985,0.3758588387947461,-0.6289223324429117,0.5269347671997269,-1.0716288377881669,-1.0490729147238995,1.5570867611754076,1.0344938218098256,0.6289223324429117,-0.37585883879474674,0.10385022336961848,0.41596727218528484,0.43652455776570404,0.49868875958778525,0.3591932285025509,0.1010352376589052,0.758556726032511,0.6218547041523672,0.3258135853852078,0.5841383197212315,-0.9381911455531051,0.33359761589508324,-0.2829068128036209,0.3299795798074865,1.1724671879921262,-0.7833178721512579,-1.0996718489615938,0.5334696962929761,1
0.46750881644657266,-1.8542457371979617,-1.6032360836506476,0.3052077222492148,1,0,0,1,0,0,-0.3945902466157784,-0.28789899513380446,-0.579210432367824,-0.12590932960655937,-0.3169417522777978,-0.12410906839329737,0.07687997209771673,-1.351446858532566,-1.083481188897683,0.615072885516572,-0.2178402199982108,-0.5082676652454056,0.055356887442771056,-0.1514505921726521,-1.3117054220167423,-1.4224022357257946,0.24166163106524682,-0.3662425156513245,0.14025565247345223,-0.8323203231673697,-0.25823111987891906,0.5408655290758909,0.05177801110207264,-0.5912962505143488,-0.07436157827929793,0.8323203231673697,-0.14025565247345292,-0.06326485836571254,-1.1600669447440433,0.3728412919839863,-0.4574282770171454,-0.34060626115118536,1.0776900456576979,0.8401159358104279,0.8433273810784847,0.5738579727592754,-0.3318094232724056,0.35171115073279,-0.378013264106322,-0.2958730841701091,-0.4992530300691578,0.030432725387320277,0.4514102871836102,0.06938110143228039,-0.7036964187794109,0
-2.1796182063489136,-1.2873548858258006,1.7280720791585935,-0.4281154315628296,1,0,0,1,0,0,1.5361071150164898,-0.6931850337490059,-0.2977604411855021,-0.34579619792944905,-0.9672845113474862,-0.2658691527408706,-0.20499608271882894,-0.9393180984501929,0.07987233493225494,-1.5816883011848726,-0.9925095134675972,-1.2244001389905697,1.029676478781498,-0.4104083494398218,-0.16128425399986382,-0.6405118315118036,-1.6796914417487836,-1.0935679538314642,-1.4375436385994584,-0.24419747799268982,-0.1250231438877119,1.1276725436338977,-0.7528407775352636,0.4712055720309735,0.22265471543395682,0.24419747799268912,1.4375436385994576,-0.8988402670423681,-0.9349191994684248,-2.5565889339750165,-2.382582850721668,-2.6789606534087955,-1.348194477436079,-1.0357458890816678,-0.5408768497097485,-2.650719063103615,0.27882240539001907,1.8692432640103136,1.74769615948762,1.0007540524786946,1.1592121896841308,1.9338234963953311,0.6983559190505837,0.6260729825722207,1.8324941171189824,0
1.0586148506630406,-1.8542457371979617,-1.168717627632051,0.3052077222492148,1,0,0,1,0,0,1.006111760842926,-0.636782242148325,-0.6559695208720935,-0.029274837475184185,-1.4667625543062723,-0.4671058655371102,-0.3713156237856978,-0.00128901377872292,-0.5980525919489401,-1.011877164510867,-1.5221042400968603,-1.6011980986891847,1.1282486143311856,-0.4758392921066077,-0.029714908725510643,-0.3398147203980777,-1.4387511851571195,-1.2918467085094023,-0.9053494332772469,-1.2859286878517078,0.04087039966893358,-0.027998531382781442,0.4760769056812653,-0.05966027842119447,0.7175731853498925,1.2859286878517078,0.9053494332772463,-0.6760201580619267,-0.40957446049198204,-1.1737523055720087,-1.1422148032341901,-1.552454157868633,-0.7495995951142377,-0.30171300108041293,0.12354118106860354,-1.2864749325462383,0.029018475482663446,-0.02767187758659086,0.0051618251252043045,0.2487103132223888,0.2115177783965368,0.31594134103852145,-0.04248097655033679,-0.5986491559356475,-0.023255055489598248,0
-1.3315095485600683,0.5679242641194551,-0.4445202009343899,-0.4281154315628296,1,0,0,1,0,0,-0.7226826087232228,0.3842827274475051,-0.19541498984647596,-0.38340842540573283,1.14333075804754,0.5918464364662127,0.5821125047297975,-1.6495493182831493,-0.8329942971501892,1.8188644662967084,1.5060728803540404,0.31346590097916605,-2.0005410632637926,0.05304141546168613,-0.04791158030767448,-2.2164177357619645,1.3729518639828573,0.32429752877337165,0.03622492998512883,0.391602657581535,-0.7564432506549227,2.21606143771823,-1.088554964250741,-1.0957729843424373,-1.6413550883778698,-0.391602657581535,-0.036224929985129536,0.35452284597261524,0.340918023760079,1.2189189659410893,-0.3023822710812103,0.2397152668543526,2.589929748365507,-0.22015379130249568,-0.26403600355210183,1.069946747507413,-0.6093693453916895,2.476256109321323,0.6802798394855113,-0.03654765684034838,-0.4654068010946016,0.6014499566897238,1.6038232358961542,2.073471873536065,0.16231986177126023,1
-0.3034990542705592,0.026801178718756015,-0.4445202009343899,-0.4281154315628296,0,1,0,1,0,0,-0.34411449859924853,-0.32278731983525655,-0.6431763394547153,-0.0437410788122164,-0.5578992963523087,-0.2144419928040538,0.011679189325933939,0.96878235448815,-0.5581128847624511,-0.21983067827629424,-0.7832148302162469,1.0155771144190766,1.0128444805032117,-0.10541301909085515,0.3010117878716733,0.18821840542128,-0.17798023847955627,-0.23732974391019715,0.4783555005605047,0.9106988955914741,-0.1215676436925672,-1.02813718364605,0.9521003560971532,0.12049490622996038,0.786511335541317,-0.9106988955914734,-0.4783555005605054,-0.06326485836571254,0.340918023760079,0.1817914946388332,0.2531992501892221,0.17144214591252482,-0.15100471279239655,0.758556726032511,0.5664865349208381,0.07776919801113909,-0.3595654154843339,-1.1658209625447336,-1.0166384128255321,-0.4385020692014777,-0.36386811417093057,-0.8895394805998851,-1.1948939252628807,-0.9883334727336057,-0.45626319576493324,1
0.46750881644657266,-0.5658574386248675,-1.6032360836506476,0.5985369837740325,1,0,0,1,0,0,-0.44506599463230834,-0.24719594964877709,0.8280395235437853,-0.6194974840260986,0.9424216579384707,0.28864978918654516,0.8401212120406659,-0.5917705425420648,-1.4257158559602994,1.5934226700425163,0.8713017899350732,0.8473020178025311,-0.3149111609144272,-0.04026027533112078,-1.4671958137340457,-1.2210802272271306,0.35083078991259603,-0.10364830334830623,0.07500831336893375,1.0812265632535092,-1.208436588898886,-0.657580916550353,0.7219334690265553,-1.8047334223776965,-1.2339273944757518,-1.0812265632535092,-0.07500831336893446,0.04814519612450831,-1.3101654415944555,0.381938901381374,-0.3411437725651945,-0.18699173903207253,1.0776900456576979,0.35076067714292497,0.34501385799472056,0.5738579727592754,-0.8869292675109735,0.010266425245347094,2.5459775953866326,2.6539536517059195,1.4722898076987825,1.2041903675089267,0.8218287349840708,1.6837875567381073,2.1727147987638893,0
-0.09789695541265715,-1.235819353882877,-0.4445202009343899,-0.4281154315628296,1,0,0,1,0,0,-0.7100636717190902,0.2586847585222777,-0.31055362260288033,-0.3411670007015987,0.9488729745916055,0.4626077475815167,0.27497253279947964,0.8172571854881571,2.1248045674459366,0.7653105617151207,1.1862565152980256,1.0612730473131313,-0.5187194557335083,-0.2688776087307235,-0.4897990734393596,2.097170778147322,0.09509753192403905,0.6549220773942367,1.1569031123463245,0.30004743805884815,-0.651015338986805,-1.6123810945359451,-0.7972246434137354,-0.9395881103709454,-0.9027876296085333,-0.3000474380588474,-1.1569031123463254,-0.3417899945912644,-0.5596729573423944,-0.38226028799923456,0.705416767502365,0.7176271134471482,-1.5687294340809674,0.18764225758709038,-0.319404172783631,-0.23228628620644656,-0.6648813298155464,-1.5452039908641146,-0.2959043164138529,-0.6459624110652865,-0.939254006738398,0.2524949820049213,0.12214944469431245,0.29205785388825667,-0.332546584257695,1
0.930113538876852,-1.3904259497116478,0.5693561964423357,-0.4281154315628296,1,0,0,1,0,0,-0.3062576875868511,-0.3373241217941949,-0.3745195296897717,-0.315706415948422,-0.07718263097501368,-0.015441243483327998,-0.229078735120767,-0.3641860028744227,-0.16083022524625126,0.6258664912623313,0.39393972779193015,0.48845644962302215,-0.4922975093986993,0.29259547350742415,-0.21308851398839923,-0.6145315086960232,0.417047326859662,-0.10258551554560481,0.8763442106275502,-0.20295117893611228,0.6108975071614523,0.286389322676756,-0.39768459529066846,-0.43196826181637094,-0.6122957289876015,0.2029511789361116,-0.8763442106275509,0.35452284597261524,-0.10937746679115769,0.3091580262022686,-0.06981326217730856,0.10316902497069583,0.3845801819166189,0.35076067714292497,-0.04256332662598434,-0.29429738304996345,0.9727222106882286,0.7310941790521709,1.2824121225636245,0.8451587960808378,0.600749411603942,0.9821281108913258,1.1922471827845313,1.1827648637121608,0.7190446135538346,1
-0.8432045637725518,-0.07626988516709207,-1.168717627632051,-0.13478617003801185,1,0,0,1,0,0,1.750629044086742,-0.7036515311594415,0.44424408102243734,-0.5691549641732264,-0.47080189770260006,-0.10130224094305688,-0.9900411322751678,0.4034946287505422,1.0750557011302415,0.5051463181232554,0.5560735344817581,0.04996806161487503,-0.7185190303224505,-1.635583506480486,0.7976659263026307,0.29201717634421237,0.06639969487635701,-0.6148980104322763,-0.37315522795503414,0.43824128821613356,-0.2575794734807308,0.24527517345635894,-1.176188057827411,-0.6165792856455149,-1.323251056064682,-0.43824128821613356,0.3731552279550334,-1.5951531076062477,0.19081952690966666,-1.2829236183406676,-0.9613277963089331,-0.8867912286858101,-1.6632444155002057,-0.6279498401920818,-0.5408768497097485,-2.0306080946684437,0.41760236644966076,1.33810702436318,3.0979321882082353,1.7657640631014886,1.345366449044194,2.4413943686641333,2.756236184608697,3.4652015763859154,2.7603687034232727,0
0.2619067175886707,-0.9008383962538722,1.0038746524609323,0.5985369837740325,1,0,0,1,0,0,-0.7983962307480176,1.0378573435213736,-0.13144908275958464,-0.4025038639706153,1.926956945129057,1.1092483847001,2.1136054259650963,-0.13448739371546722,-0.29773124412938223,1.297626566662479,1.4111663240432621,0.9539370746462943,-0.9609860801939456,2.5780203477082058,-0.46932504885069354,-0.35391004900510514,1.1780374901273045,1.0024066373445415,-0.31054414497595056,1.6090502964931452,-0.3630922401224306,-0.28557136263162425,0.0513631164854686,-0.5848879659923478,-0.8559303557425137,-1.609050296493146,0.3105441449759499,1.6635909862327087,-0.7848207026180125,-1.2920212277380552,-1.2455788071914804,-0.801449827508525,-0.5605696322757617,-1.85133798686084,-1.980449249729511,-1.2244638357027204,-0.44283339212011924,-0.4070549059059717,-0.4692454282090663,-0.37367071236903754,-0.5669454880182719,-0.7626467625326843,-1.1125787146405561,-0.5429799678216537,-0.3944048900113141,1
-1.8455147957048228,-1.2873548858258006,0.27967722576327125,-0.4281154315628296,1,0,0,1,0,0,-0.6343500496942954,-0.03205128065648941,-0.2977604411855021,-0.34579619792944905,0.6546137962476455,0.24258894159096142,0.28897532670822834,-0.6700765696429,1.0531706045726064,-0.3200970823378487,0.26564956112399307,0.39940228694466196,-0.1598801647434697,0.4253661713037563,-0.12428121115090912,0.6256720331913491,0.3403585047003223,0.8417093002678244,1.2685285918524662,-0.7133741297612541,0.02319364020279323,0.7951989317677323,-0.8109794440984047,0.7699241743350765,0.47640786638462523,0.7133741297612541,-1.2685285918524671,0.32667033235006016,-0.18442671521636386,-0.20940570944885942,0.13691474573727128,0.2738518273252659,-0.18250970659880966,-0.05703537174666111,-0.5962450189412776,-0.10826409251941274,0.3620903820258042,1.33810702436318,1.4010139358971918,0.6895635396829819,0.9899810448113461,1.7752075988113303,0.6160407084282594,0.29205785388825667,1.3994859768436472,0
0.8273124894479005,-1.3388904177687242,-1.6032360836506476,-0.4281154315628296,0,1,0,1,0,0,0.2742134146032426,-0.5513058466297674,-0.7455217907937414,0.3850383144174185,-1.5122457785059815,-0.7215585090505776,-0.7437363727588852,0.011946837565196218,1.0741753206974853,-1.6701575133327102,-1.245998600988373,-0.8005171978982816,1.3274112631738435,-0.8175679393622876,-0.2642033636729056,-0.2932843231564093,-1.1997337895881761,-1.2496991971420153,-0.5666803935267488,-0.529783266025729,0.21727927897032062,-0.281070539310603,-1.7631561090196106,1.0666395621009437,0.39977117347158025,0.529783266025729,0.566680393526748,-0.8152827261747027,-0.3345252120667762,-0.2912841940253525,-0.39282577454383927,-0.8185181077439823,-0.2770246880180474,0.5954383064766764,1.009431888773073,-0.35630847989348147,0.5563823275093027,0.12408133374116129,1.3280282046149967,0.054216242725068246,0.4822876101929924,2.473117548180934,0.2044646553166367,-0.04195727479570725,1.0901944480755505,1
0.5189093411610479,0.5679242641194551,0.27967722576327125,-0.4281154315628296,1,0,0,1,0,0,-0.6595879237025604,0.17146394676864757,-0.5152445252809326,-0.20692028109393978,0.4210429899188468,0.29178013805226444,0.9752129162506359,-1.173831491674327,1.2617377980735938,0.8432276008731551,1.048120312897932,0.4217776560392355,-0.5139115350372851,0.3487213153298901,0.7301306233508016,0.5857944948610978,0.55698330436228,0.6457097341641868,-0.38904162214375715,0.9611011618955224,-1.0076190699413468,2.3425493909790873,-1.1361708649033633,-0.5868509780494816,-0.7321978612616401,-0.9611011618955224,0.3890416221437564,0.7723105503109431,1.3165582532877582,1.5464329042470641,1.674454304601957,1.8782701694582253,0.6681251261743327,-0.30171300108041293,-0.1532996650890431,2.1861464906907218,-1.053465220782544,1.6416134470186852,-0.8706669502611417,-1.2553771652902237,-1.3623318689203594,-0.0012904541294803558,-0.9479482933959068,-0.6543183440496418,-0.8274130302866491,0
-0.3034990542705592,-0.5658574386248675,-0.4445202009343899,0.5985369837740325,0,1,0,1,0,0,-0.34411449859924853,-0.32278731983525655,0.8280395235437853,-0.6194974840260986,0.7912980470690493,0.23051473882318704,0.6826400390722225,0.34300497515649025,-0.22315282847799153,1.116304416280343,0.7954358791805967,1.0239524112542326,-0.07130687284103543,-0.1641950289606017,-0.17262389616325244,0.4400062026468115,-0.029904553665937802,-0.014736511033865595,0.5791922973583978,0.8221130942085976,-1.113289329917383,-0.6437159225807375,0.7472211918170504,-1.5377080919512804,-1.0484929349698864,-0.8221130942085976,-0.5791922973583985,-0.06326485836571254,-0.03432821836595151,0.427426948368315,0.6020527635450756,0.5640125913280355,-0.11949971898598452,0.5954383064766764,0.34501385799472056,0.3258135853852078,-0.859173275299045,-0.17942508891434333,1.7112032938465216,1.9213593194993455,1.0069041592986248,0.6014499566897238,0.4514102871836102,1.0157572993701793,1.3994859768436472,1
0.5703098658755232,0.8256019238340739,-0.4445202009343899,-1.6014324776621007,1,0,0,0,1,0,-0.4955417426488382,-0.21056320871225243,0.2651395411791416,-0.546008978033975,0.7664544512431909,0.26002945669996885,0.10019424992440983,1.8885727701498949,-0.3074225404375274,0.7092380153398498,0.6658513847974104,0.05888208520980438,-1.270023536707554,-0.6483108209801423,2.2577112759732985,-0.9558662062378998,0.21657369844688099,-0.08355565083636518,-0.11207882534413707,0.1914665557924087,-0.7871070770283297,-0.330399801996555,-0.54029644238941,-0.7433840304096835,-0.9472152412045415,-0.191466555792408,0.11207882534413637,-0.7874302125521474,1.4666567501381707,-1.028190555213798,-1.2972608091701252,-1.1598837124531223,-0.18250970659880966,-0.8726274695258333,-0.9284540343304539,-0.9764194483286528,-0.8314172830871166,-0.482931511569848,-0.5969704579529088,-0.7626588533636787,-0.9731002357129547,-0.3502454288142823,0.6160407084282594,0.793080546914203,-0.5799798072721716,1
-0.3034990542705592,-0.6173929705677911,-0.4445202009343899,0.3052077222492148,0,1,0,1,0,0,-0.34411449859924853,-0.32278731983525655,-0.7839013350458762,0.6853574845742072,-1.2434645926917873,-0.7779047886335246,-1.4769019477028766,0.9375994938570228,-1.186765160441618,-1.1122310871843368,-1.7498603062407065,-0.3258551147665614,1.5757081707073817,-0.20751069986838286,-0.3498994105029349,0.3759353047768543,-0.1994164417302493,-0.3128982653007446,0.3637290563372595,-0.8051695616290189,1.84632586377601,-1.637406278276907,2.000126457430066,1.304814513590625,1.969419843849355,0.8051695616290189,-0.36372905633726016,-0.14682239923337803,-0.25947596364157,0.2454747604205509,0.4082452561251572,0.3079883877961804,-0.34003467563087314,0.5954383064766764,0.4557501964577793,0.07776919801113909,1.9441819381057224,-1.4693273852002382,0.4978155112800227,1.519404907138216,2.073060371997167,-0.7309235830158842,-0.9479482933959068,-1.32234860141757,1.2139110595827887,0
-0.6119022025574117,-0.10203765113855341,0.27967722576327125,-0.4281154315628296,1,0,0,1,0,0,-0.7605394197356201,0.6860667361150653,-0.7327286093763631,0.26004998926546014,0.32496486319829637,0.3266611682702793,1.2020936560521869,-0.9556796815603782,-0.16017924359118957,0.7993538957413496,0.8729771526272008,-0.2881359758094843,-0.9786074240533645,1.8522115538228343,-1.7129015849563836,1.8999243918986464,1.3941881049996308,1.968105935870097,0.872405678118227,-1.2582244350408798,0.17916746969206598,-0.4042468504742502,2.1282111778738644,0.3025775162129758,0.7865593323254065,1.2582244350408798,-0.8724056781182278,1.9699686360808162,-1.535313186870074,0.5093054329448095,1.4806467971820387,2.100157812519166,-0.7495995951142377,-0.8726274695258333,-1.2606630497196296,1.1939689411944467,0.05677446769459199,-0.482931511569848,-0.3688900476960481,0.7284623537824456,0.8207498999385615,-1.6191726094862895,0.12214944469431245,-0.4316415915936655,-0.2706882785040748,0
-0.09789695541265715,0.2587110724619126,-0.4445202009343899,1.0385308760612593,1,0,0,1,0,0,-0.7100636717190902,0.2586847585222777,-0.822280879298011,1.0354405249303869,-0.8038477716495906,-0.6012636740679366,-1.8903374937349966,0.03245875611464004,1.6482955846751997,-0.7407485689908772,-0.18782249989184255,0.8611802120221129,0.9650750627835839,0.2331527583315383,-0.46541600505615555,2.1390683411341733,0.41874068541290693,1.0107594447040775,1.0520428134163116,0.13114384342216406,2.8615237899249633,-0.5107941982785511,-0.10371789060450642,1.4159196232887563,1.2309883180381476,-0.13114384342216406,-1.0520428134163122,0.15955525061472892,-0.4846237089171882,-0.18211288125669506,0.9250652759116064,1.0760609983917457,-1.442709458855317,-0.13859458152457876,-0.5962450189412776,0.015758101167622184,1.7776459848341521,-0.8623145398892288,-1.4454295841084306,-1.268343436656712,-0.7361766328910565,-0.826093121566285,-2.018046031486126,-2.213055611241474,-1.3222794763156045,0
-0.8175043014153137,-1.158516055968491,0.27967722576327125,-0.13478617003801185,1,0,0,1,0,0,0.13540510755778543,-0.5117657453014551,0.23955317834438508,-0.5384865325387181,0.06146721449121942,0.022570135600406147,0.07385281362579892,1.3520531416006878,-0.9488854260427805,0.9001039218003726,0.24901131792504924,0.7150819205267642,-0.11057317026336995,0.23973242098992179,0.822325279957093,-0.7526642692310936,0.45454076331418464,-0.2218451361410326,0.06512235289855199,0.9106988955914741,0.13684367524868518,-1.031947954852361,0.5408031613385856,-0.7652674883701326,-0.5403155056617052,-0.9106988955914734,-0.0651223528985527,-0.007559831120602114,0.41596727218528484,-0.8007503202790929,-1.0259302987822392,-0.8185181077439823,-0.43454965705011084,-0.05703537174666111,-0.09793149585751397,-0.8523972546416179,-0.24854144663662048,-1.2416975682086098,-1.3815670692365094,-0.944186652494511,-1.1423313805857394,-1.3336639938350878,-0.6186874509066087,-0.26463402725168356,-1.3841377820692236,0
-0.5862019402001745,0.10410447663314094,1.0038746524609323,-0.4281154315628296,1,0,0,1,0,0,-0.3945902466157784,-0.29080635552559214,-0.2849672597681238,-0.35042539515729937,0.15413457110734785,0.047165733831057655,0.46454720213699546,-0.9216813911210943,0.7380044664795904,0.17170324286936844,0.20660624036570843,1.1910867731199375,-0.23589721120950977,0.5937025944826358,-0.9023899027770363,0.5151540575054452,0.7121150547625279,0.8246466131934561,0.22845561284398783,1.3979208031972914,-0.052743555881470866,0.3610422394476182,-0.4911966824485162,0.47416109464195877,0.5365086821284455,-1.3979208031972914,-0.22845561284398855,0.6330479821981672,-0.7848207026180125,0.2636699792153276,0.49868875958778525,0.785900234388976,-0.05648973137315825,-1.1173050988595852,-1.3160312189511594,0.20179139169817292,0.0012624832707351544,0.4275877563966659,0.2514886682026129,-0.0495139282068366,0.1438253204474232,0.8235122133073248,-1.277209135885205,-0.8769950965056176,0.5334696962929761,1
0.4932090788038099,2.0624546904642447,1.4383931084795292,-0.4281154315628296,1,0,0,1,0,0,3.504661287661156,-0.7583099065250497,-0.23379453409861076,-0.36604893580129416,-1.2941645611257988,-0.3003029902637827,1.1123424907544013,-1.5983403962304008,1.1553085808364736,0.5916448523026921,1.0750972354199002,1.9065245074781434,-0.5543006081842793,0.47616825964170784,-0.9788724539802252,0.5659937305163182,0.5608835380392256,0.6477929161900704,1.1169885469471594,1.4924563972103608,-1.0709575962979674,1.2131594187088688,-1.0105764181284072,-0.24311151054601368,-0.7652353599712147,-1.4924563972103608,-1.1169885469471603,0.744458036688388,-0.7097714541928067,0.9914787310063841,1.1705547853101694,1.3832900426299712,0.3215701943037938,0.5138790966987595,0.012804842605544792,0.8839134569768611,-1.1367331974183288,0.5793409677244183,-1.1443634425693747,-1.4109724216880806,-1.396178097894916,-0.5405845059150832,-0.7833178721512579,-0.15329565102369538,-0.9511296417938885,0
-0.2263982671988458,0.0010334127472937634,-0.8790386569529866,-1.8947617391869185,0,1,0,0,1,0,1.0944443198718534,-0.6460857954020456,0.5337963509440852,-0.5830425558567773,-0.23451520346890906,-0.04629753944541806,0.4373760039703127,-1.0029723844223524,0.32824283977183166,0.3075994614325525,0.24369494005900436,0.5503470869600983,0.1676837845998532,-0.46877275029859466,-0.39455314724303975,0.4602151847183648,-0.23623141204504627,-0.36181803875726726,0.18032674558006626,0.5717619163874261,-1.0765741891506815,0.9813563923559971,0.013752919490420528,-0.6497900521313666,-0.6700602499509694,-0.5717619163874261,-0.18032674558006695,-0.3696425082138195,-0.25947596364157,0.4001341201761507,0.5891322630504142,0.4616029099152932,-0.34003467563087314,0.35076067714292497,0.2896456887631914,0.139780294854656,-0.8406692804910928,1.5910290432427672,1.5044103885469666,1.2816899320859352,0.8940833960501021,0.834086606479591,0.06727263761276221,0.3848398340782469,0.7809029193074537,1
-1.4086103356317816,0.1298722426046032,1.4383931084795292,-1.6014324776621007,1,0,0,1,0,0,-0.6974447347149578,0.247055316955127,0.11162136417060241,-0.506082151943766,1.2610431725132754,0.5811138117837467,1.1451344208205845,-1.5771415662966437,1.335719719394223,1.3168727065533132,1.8100655862368913,1.1020545994281703,-1.1622390101980562,0.9806042337318301,-0.8713991101789792,-0.2843825633030186,1.1284111973672846,1.1017442591228728,0.7610291440431215,0.7482915930561997,-0.6125290915760127,1.2917277958630589,-2.1117506536570625,-0.6600968417304294,-1.2775350799031795,-0.7482915930561997,-0.7610291440431222,0.8280155775560533,-0.8598699510432187,-0.2185033188462471,-0.3282232720705331,0.12023730520615308,0.3215701943037938,-0.13859458152457876,-0.4855086804782194,0.20179139169817292,-0.6648813298155464,0.9587239960437993,-0.49661507743988936,-1.436904964421056,-1.5484861282804228,0.6331731362065233,0.03983423407198747,0.45906541823023866,-0.8274130302866491,1
-0.4320003660567478,0.20717554051898904,0.27967722576327125,-0.13478617003801185,1,0,0,1,0,0,-0.1295925695289965,-0.4007045783351661,-0.3361399854376369,-0.33017265728545425,-0.21653738102667983,-0.053005429871959386,0.556927457204571,-0.27448655797297117,-1.0220153081156431,0.23004872493046316,-0.40103257825915084,0.573006298550484,0.8246297415699376,1.3001927046593722,0.41613687493372786,-2.0558658521687705,1.596759265744808,0.6166170014022402,0.8686312511301267,-0.0799856498736912,0.5247160444318641,0.7936182011189894,-0.668817750573082,1.2725381688738493,1.1233684798025898,0.0799856498736912,-0.8686312511301275,1.245803281894381,0.41596727218528484,0.09081540066495114,-1.0000892977929163,-0.40887938209301433,1.550264952753888,0.5138790966987595,0.12354118106860354,0.3258135853852078,0.8616982418405155,1.2622304186993043,1.2276728241019772,0.6376984542170299,1.1592121896841308,1.8069307783281299,-0.4540570296619595,-0.5429799678216537,1.646919199858125,0
0.05630461873076867,1.289421711320388,-0.15484123025532542,-0.8681093238500562,1,0,0,1,0,0,-0.7353015457273552,0.48545886908171604,-0.2210013526812325,-0.37357138129655093,1.195046540387725,0.6620556895973452,-0.45469868221101334,-0.3968321755459258,0.12763770974840308,-0.5906128925184461,-0.04502268840415634,-0.7332931168973827,0.18196035061498508,0.04909826079335862,-0.7947323835626544,-0.2213243685625955,0.12225015436473988,0.314516424984237,0.2430696413654208,-1.2411978630008902,0.6813279898851614,-0.2514808408486888,-0.39689467107932713,0.9191010750282427,0.36559577329716647,1.2411978630008902,-0.24306964136542153,0.24311279148239442,-0.5596729573423944,0.8004289336612322,0.5503707615664309,0.5810808715634928,1.0146800580448727,0.4323198869208419,0.34501385799472056,0.8219023601333442,1.0282341951120857,0.12408133374116129,1.2185496076917033,0.7932937106148858,1.1592121896841308,0.9186817518577256,0.6983559190505837,0.1250502895462747,0.904619530814692,1
-0.5091011531284612,-0.3854830768246345,-1.6032360836506476,0.3052077222492148,1,0,0,0,1,0,-0.6469689866984278,0.1569271448097092,0.17558727125749374,-0.5176551450133918,1.0988179331184689,0.5207427979448748,-1.8384493829033175,0.11663765627075885,0.2250582302184256,-1.0243064127119763,-0.5260100791461289,0.2682488852007042,1.0039226224361164,-1.4616861156135676,0.11610401084784254,0.20521126434455003,-0.4120210208088777,-0.23771948440276486,0.06048449490010199,0.30587169994287167,1.0959090755482048,-0.043778394363605234,-0.10144461003654535,0.9752188895347834,0.45175205656514894,-0.30587169994287167,-0.0604844949001027,-1.3723329986258064,0.11577027848446049,0.03622974428062242,0.13691474573727128,-0.03337721691295973,-0.08799472517957138,0.5954383064766764,0.6218547041523672,0.07776919801113909,1.0282341951120857,-0.02767187758659086,0.05077790717657645,-0.010615114107371936,0.38074892326932136,-0.15990635171348128,-0.7010026615289333,-0.6543183440496418,0.22417816752487937,0
-0.3291993166277972,0.7740663918911503,-0.15484123025532542,0.3052077222492148,0,1,0,1,0,0,-0.596493238681898,-0.05240280339900311,-0.054689994255315046,-0.4470598872886746,0.7777740527652579,0.3051959189053471,-0.8209729976175933,0.8324777991982993,0.5956039331036792,-1.1415570979287633,-0.7886928438111973,0.2968972351117577,1.0937197656705362,-0.6688358820518651,-0.1932037420234605,0.037418108726536004,0.004318734157314243,0.10164796869968254,0.3871222082195544,0.020989325180847843,0.4732900051924683,-1.3361491724930177,-0.7766089387210794,1.5464523750418524,1.1245787812110344,-0.020989325180847843,-0.3871222082195551,-0.5924626171942612,-0.10937746679115769,0.2454747604205509,0.22735824919990022,0.22264698661889537,0.2270552128845555,0.18764225758709038,0.012804842605544792,0.07776919801113909,0.44535835866158957,-1.2416975682086098,0.05077790717657645,-0.3607044410025493,0.24536400737109418,0.7600658542737248,-1.1948939252628807,-1.32234860141757,0.47161139053935697,1
-0.2263982671988458,-1.41619371568311,-0.8790386569529866,1.478524768348486,0,1,0,1,0,0,1.0944443198718534,-0.6460857954020456,-0.7199354279589849,0.24847699619583435,-1.7442426679563656,-0.6889134423080765,-1.0368824898612445,0.3435420964824871,0.4684798646865116,-1.3862900489463903,-1.5568000995031577,-0.5493475281906667,0.9712873910723177,-0.5811563067633781,-0.30062523041481154,0.4762086428840136,-0.607190806933183,-0.7629441026576491,0.11588809585456382,-0.8641809106868654,0.8611258085083928,-0.7726820651717016,-0.16188390848283996,1.2707084098264723,1.2790499539162647,0.8641809106868654,-0.11588809585456454,-0.5367575899491508,-0.25947596364157,0.08171779126756346,0.31780175266252825,0.0519641842643253,-0.655084613695,0.2692014673650073,0.2342775195316623,-0.35630847989348147,0.6951622885689447,-0.7864379342253526,-0.2685346671830286,-0.30883935553659736,0.19459466390925928,0.2524949820049213,-0.37174181903963527,-0.7656567202776299,0.22417816752487937,0
0.2105061928741954,-0.2051087150244015,-0.15484123025532542,-2.6280848929989626,1,0,0,1,0,0,-0.3188766245909836,-0.3344167614024072,-0.4768649810287978,-0.2375887127284481,-0.21692909609771563,-0.0735762938466861,1.457354292133771,0.6921456063962189,-0.9349038792270081,1.1914231965657247,1.2119016391249156,-0.06946313875381384,-1.2008955433120219,0.48788323084006036,0.682749401616464,-0.6414955424195343,1.2944463025937425,1.4325578228727565,0.4025854781078499,-0.49401881205127574,-1.5389994434463348,-0.26602820382160053,0.6334037678313079,-0.32598507889429135,-0.17691759563501525,0.49401881205127574,-0.40258547810785056,0.8558680911786088,1.1664597564373458,1.3098950599149712,0.7183372679970265,1.263812080981773,2.1488598350757298,-0.38327221085833024,-0.5962450189412776,1.814079909629618,-1.4420491117495413,-0.2553016945782196,-0.013084607695344815,0.31354167005482897,0.1607484349347019,-0.5088613263982832,0.6160407084282594,0.4033962301162448,0.038603250264021984,0
-0.5862019402001745,-0.5916252045963298,1.0038746524609323,1.7718540298733036,1,0,0,1,0,0,-0.3945902466157784,-0.29080635552559214,7.966634754440857,-0.794828329030929,1.9512503719655583,0.3906097236699732,-1.733269710702561,-1.4256226440252904,0.11256700242549582,-0.38672909436494385,-0.3889931810567045,-1.1016892517314631,-0.3790613923478216,0.4887825868880512,-1.076894430541429,0.17631137687342538,0.738716894949682,0.9867106183742574,-0.1602775458261487,-1.3436114231817156,2.8985395268638614,0.8779026191121037,0.02329306702087092,1.254945084557323,1.469041057893854,1.3436114231817156,0.160277545826148,0.438080386840281,-1.009968447893631,-0.03655113089848297,0.05939174276930372,0.3591932285025509,0.19555021907814235,-1.2804235184154193,-1.3713993881826885,0.139780294854656,3.831589408516853,1.6416134470186852,1.8845444056417364,1.6101688067036326,2.140752829946282,1.9338234963953311,0.4514102871836102,-0.15329565102369538,2.018069034379841,0
-0.38059984134227254,-0.3339475448817109,0.27967722576327125,-0.13478617003801185,0,1,0,0,1,0,0.1858808555743153,-0.5228137147902483,-0.6175899766199587,-0.049527575347029285,-0.9658085529770167,-0.3638043529683739,1.3068651107709668,-0.17616489517225098,0.31462290963351736,0.5646431376758371,0.18673762738683952,-0.4474318389810721,-0.6558399816411336,1.2452467639052036,-0.30062523041481154,0.17975847188504238,0.9451930413646431,0.5402447997792824,0.10398440440281079,-0.7133741297612541,-0.5729918549521164,-0.05936790917819399,-0.2494601289953553,0.17444078883574038,0.2846758356079343,0.7133741297612541,-0.1039844044028115,1.1900982546492709,-0.25947596364157,0.08171779126756346,0.1627557467265941,0.5469443110925782,-0.30852968182446,-0.5463906304141645,-0.6516131881728072,0.20179139169817292,-0.5261013687559044,-0.02767187758659086,0.0963939892279486,-0.0495139282068366,0.025363519036474696,0.4428340591057229,0.4514102871836102,0.1250502895462747,-0.023255055489598248,0
-0.2006980048416086,0.05256894469021735,-2.617112481027373,-0.13478617003801185,1,0,0,1,0,0,-0.4576849316364408,-0.24138122886520175,-0.7583149722111197,0.4857233541231627,-0.8813816535575657,-0.5610163315086887,-0.9553036203391054,0.49376445105013883,0.4782784878258617,-0.2523420877653863,-0.2496960996653984,-0.22743669234898425,0.3600323827607587,-1.5151411740912255,-0.4209411890344271,0.3073714800553541,-0.22736741124615634,-0.096958608344791,0.4700615648931452,-0.7763978591033001,-0.1855382700379901,-1.0993968473580649,-0.34494402061904156,0.11544424787775999,0.22995594908557693,0.7763978591033001,-0.4700615648931459,-1.4280380258709164,-0.40957446049198204,-0.054746349693259644,0.11107374474794844,0.017827623793410803,-0.24551969421163483,0.5954383064766764,0.40038202722625016,0.07776919801113909,-0.16527347000083534,-1.0140677512169813,0.07814755640739948,-0.11434528503927678,-0.0592520533999176,0.506280418139323,0.2044646553166367,-0.15329565102369538,-0.08511336124321738,0
0.05630461873076867,-0.3339475448817109,-0.15484123025532542,-0.13478617003801185,1,0,0,0,1,0,-0.7353015457273552,0.48545886908171604,-0.6175899766199587,-0.049527575347029285,0.5581080779839983,0.4116277803398027,0.1587112823543305,-0.3087184526423336,-0.4577239224008111,-0.14821154337583653,-0.20573457976526982,-1.0068699481257637,-0.5708091391946697,-0.06569647423274257,-1.07489560496198,-0.17901143105096923,0.14959365192804366,0.4430535446363483,-0.31054414497595056,-1.0652566185876786,-0.2863350445500927,-0.6530810557419693,0.445834711354453,0.34855873781215047,0.7000205827064998,1.0652566185876786,0.3105441449759499,-0.17467491285593337,-1.0850176963188372,-0.43684594438356456,-0.4574282770171454,-0.3747428216220998,0.1325402314653172,-1.0357458890816678,-1.0391903727935126,-0.4803306735805153,-0.16527347000083534,-0.482931511569848,0.5251851605108457,0.6895635396829819,0.8038267854512828,0.37938770007212164,0.6160407084282594,0.1250502895462747,0.47161139053935697,1
0.13340540580248203,0.33601437037629844,-0.4445202009343899,-1.6014324776621007,1,0,0,1,0,0,-0.2684008765744537,-0.3547682841449209,-0.6047967952025805,-0.09003305109071949,-0.5451168139911332,-0.20326217542648495,0.6245818793665205,-0.06273841941510702,-0.5725367274285759,0.561194924178196,0.36356134010160446,-0.8288390032902198,-0.7128370139364135,-0.23426701577719455,0.28030577801575585,-0.5291086036717267,0.18943259114062289,0.24968137094195586,-1.3328496965688592,0.1914665557924087,-1.1025731491483985,0.3669146245919004,0.2509737668378988,-0.5703000226002464,-0.22888228571031247,-0.191466555792408,1.3328496965688585,-0.17467491285593337,0.340918023760079,0.23637715102316323,-0.08273376267196997,7.593435579547688e-4,0.7626401075935709,-0.9541866793037505,-0.4855086804782194,0.5118468759157585,-0.9424412519348303,0.6552175733882943,0.8444977348704508,0.858125067447326,0.549980068142106,0.5697267771729232,0.6160407084282594,0.793080546914203,1.0283361423219313,1
-0.6376024649146498,-0.3854830768246345,-0.4445202009343899,0.3052077222492148,1,0,0,0,1,0,-0.24316300256618875,-0.3663977257120716,0.17558727125749374,-0.5205483932807982,0.3470013027127677,0.12050533582790941,-0.7222652966756545,-0.8944800204220191,0.9890397643482536,-1.03831882724369,-0.1366474221135,0.47832123036503016,0.2613566175251809,0.34524830220732095,-1.4997068156969198,1.3786345669516409,-0.5291146085366808,0.30044630129032535,0.569588792901455,0.08746187929198715,1.3492955125431523,-0.27467146630989614,0.033344293883310956,0.8780407603668402,0.47097567726931505,-0.08746187929198715,-0.5695887929014557,0.49378541408539117,-1.3101654415944555,0.6093791363160792,1.2868392897621204,0.9736513169790033,-0.15100471279239655,0.2692014673650073,0.012804842605544792,0.9459245538203791,1.2502821328075124,-0.2553016945782196,0.014285041535478216,0.028283699992091807,0.38074892326932136,-0.2233527107470814,-0.6186874509066087,-0.6543183440496418,0.22417816752487937,1
0.15910566815972013,0.928672987719922,0.5693561964423357,0.5985369837740325,1,0,0,1,0,0,-0.3945902466157784,-0.28499163474201683,-0.31055362260288033,-0.3330659055528607,0.12420772872907089,0.03822187992900256,-1.0897127606716646,-0.6606194387928116,0.4303150555988397,-1.3734225438363385,-0.8102486452152466,-1.7904781158068424,0.2042779366421985,-1.063439379398764,-1.16431881445919,-0.0753278858009466,-1.230887625895237,-0.8495474760239834,-1.0333455079749942,-1.417139107414103,0.4526960224924946,-0.25966811677213425,-0.6639523572796481,0.6348781512613525,0.22394516215084784,1.417139107414103,1.0333455079749936,-0.9545452942874786,-1.009968447893631,0.40923172957353837,0.3048812521678669,-0.22112829950298704,0.4475901695294441,-0.05703537174666111,0.5111183656893089,0.20179139169817292,0.5563823275093027,-0.1035484832504671,0.4795690784594736,0.04124997135858002,0.2961333508329291,0.728342674756924,0.7806711296729086,0.1250502895462747,-0.023255055489598248,1
-0.4320003660567478,-0.9266061622253344,-0.15484123025532542,-0.13478617003801185,1,0,0,0,1,0,-0.25578193957032125,-0.36058300492849626,0.5082099881093286,-0.5807279572428522,0.5444093306574761,0.17148530306962345,0.6182792562512499,0.9294323067173875,1.2170652548830594,0.4371719530642042,0.79844610379771,0.511157058866417,-0.6456910317876614,-0.2827872113699068,0.42917130402102127,1.2674231444327406,-0.9263002194553606,-0.8808445452661774,0.06934332478478145,0.6283833977264187,-1.1422900060239687,-0.8457406182921243,-0.39013094501971346,-1.5090945459055867,-1.8979922955782669,-0.6283833977264187,-0.06934332478478215,-0.17467491285593337,0.5660657690356972,0.4547197765604794,1.0801112818475405,0.59814915179895,-1.0016395455655394,1.0032343553662626,1.0648000580046022,-0.046252995675895824,-0.9979532363586869,-0.6346847228976005,0.7076494887163344,0.37837302688726915,-0.2792525417345383,0.030432725387320277,1.439192814651505,2.073471873536065,0.16231986177126023,1
-0.9203053508442651,1.4440283071491598,0.27967722576327125,-0.13478617003801185,0,1,0,1,0,0,-0.5081606796529707,-0.203585543771962,-0.3361399854376369,-0.3272794090180478,0.2885291599422405,0.09635693029236066,-0.01822992684344515,0.8209265400257639,2.3004452487603433,-0.2750091923616349,-0.061455386224258605,-0.7344041256612301,0.03873199999520984,-0.14333083257809417,0.7042259433695781,3.1237103625757214,-0.09297309928077077,0.7937727563445123,0.01898787070343759,-1.020471574555225,-0.11786532205491251,-0.4212693486896701,-0.00575805551776243,0.2793291430242708,0.8548596131678602,1.020471574555225,-0.0189878707034383,-0.23037994010104354,0.491016520610491,-0.38226028799923456,1.2093162867941527,1.1101975588626602,-2.1673243164028086,-0.6279498401920818,-0.7069813574043363,-0.046252995675895824,-0.19302946221276363,-0.482931511569848,-0.31415074923440073,-0.2699405414371327,-0.14386762583630988,0.37938770007212164,-0.37174181903963527,-0.8213259083916238,-0.20882997275045564,0
-0.5862019402001745,-2.1892266948269663,1.7280720791585935,1.7718540298733036,1,0,0,1,0,0,2.848476563446267,-0.7431916324877538,0.36748499251816774,-0.56626171590582,-0.7435711797797541,-0.13394730768555796,2.2877339242434895,0.591348993166095,-1.0689445454174777,1.5104484246446617,1.3546820686778513,1.011607869433708,-0.9560029807561565,2.1557702888719446,0.7982009994570297,0.13035011005188127,1.3739303781271028,1.452477031485135,1.4008254564523381,-0.009609152108405178,-1.0271294393046775,-0.012024812591383174,1.5922722931253916,-0.6781525315389951,-0.3430919166125179,0.009609152108405178,-1.4008254564523388,2.443461367664254,1.0914105080121401,0.8368193712507843,0.7829397704703327,1.3662217623945152,0.8571550890128092,-0.30171300108041293,-0.8730858650989243,0.6358690696027934,-1.1182292026103766,-0.4323471077939307,-1.278170616586733,-0.40392534555750975,-0.6289969078049598,-1.915255618309758,-0.48149543320273464,-0.5429799678216537,-1.3841377820692236,1
-0.4063001036995106,-1.8284779712265005,-0.4445202009343899,0.5985369837740325,1,0,0,1,0,0,0.8673034537974689,-0.6303860492863921,-0.6175899766199587,-0.06110056841665506,-1.3020733925434484,-0.43759114766032836,1.645237689453881,-0.8062228464358103,0.024724707471733543,1.5157348691503902,1.1580566779648678,1.3622545798456964,-0.8757037363966746,1.8881267821386412,-0.27708201162129653,-1.848890737500075,1.9695420767331626,0.5383283455109915,0.3041828515459622,1.5562679231691818,-0.4011490231179076,0.8289914817757392,-1.8917563882410489,-0.09469581229638074,-0.9799575460166342,-1.5562679231691825,-0.3041828515459622,1.8864110952131505,-0.18442671521636386,0.2636699792153276,-0.7675202888890147,-0.03337721691295973,1.1722050270769362,-0.6279498401920818,-0.8177176958673952,0.139780294854656,-0.3318094232724056,0.8828473903799233,0.2606118846128881,-0.7885913960966542,-0.7700228618656133,1.0138512904081252,-0.28942660841731066,0.5704037944582268,0.5334696962929761,0
0.46750881644657266,2.0624546904642447,-1.6032360836506476,-0.4281154315628296,1,0,0,1,0,0,-0.4576849316364408,-0.24719594964877709,-0.19541498984647596,-0.3863016736731393,0.35078296276608695,0.10843113306013503,0.5729829480254048,-2.0221782873575305,-0.10426198192188357,0.2658843043844636,0.28052106464208637,0.9147115947908872,-0.07664914306941652,-0.14984505209544724,-1.5251169240989966,-1.0023132791423024,0.18253176515385228,-0.2810100934545591,0.03622492998512883,1.2116300738185948,-0.9464701476641734,1.2476745067927035,-0.8646985607295832,-0.17819716803223992,-0.6390427849062146,-1.2116300738185954,-0.036224929985129536,-0.09111737198826762,-1.3852146900196616,0.2454747604205509,-0.3282232720705331,-0.23819657973844427,0.6996301199807459,0.4323198869208419,0.4557501964577793,0.2638024885416898,-1.0257092285706153,0.6552175733882943,-1.0440080620563552,-1.268343436656712,-1.2438700675094103,-0.5088613263982832,-0.6186874509066087,-0.09762646290970158,-0.9511296417938885,1
-0.2263982671988458,0.9029052217484598,-0.8790386569529866,-0.4281154315628296,1,0,0,1,0,0,-0.10435469552073157,-0.41873021276424965,-0.5024513438635544,-0.23006626723319132,-0.49068274633976505,-0.14423273967292133,-0.928863274226247,-0.44675052908562385,-0.1889394479979734,-1.8896041193306174,-1.9860481874037808,-1.8486834946206396,1.3425824000109503,-0.5801254710095164,-0.20765011253603569,-0.3550887074206379,-0.8980543060215374,-1.2135352588299855,-1.175091701728231,-1.3559421528355944,0.7119524586279606,0.40515979721035494,-0.09854335141113774,1.662237981075431,1.397178927476403,1.3559421528355944,1.1750917017282303,-0.6760201580619267,-0.40957446049198204,-0.7097742263052108,-0.7675202888890147,-1.040405750804923,-0.6865896075014126,-0.38327221085833024,0.17890935030013266,-0.9764194483286528,0.3620903820258042,0.04820472807728505,-0.8615437338508666,-0.7756251247301669,-0.14386762583630988,-0.4136917878478824,-0.7833178721512579,-1.32234860141757,-0.8274130302866491,0
-1.6399126968469209,0.5679242641194551,1.0038746524609323,-0.4281154315628296,1,0,0,1,0,0,-0.40720918361991093,-0.2762695535666538,-0.5536240695330674,-0.1797237473803192,-0.24058231699259588,-0.0735762938466861,0.7198601013144924,-0.8580861843424709,0.09168997449178036,-0.038790447903508565,-0.3333310087945037,-0.21474002761503067,0.3197405319010525,0.22208046745372015,1.174525592847385,-0.9379139119433774,-0.13367645092523672,-0.6917139017791059,-0.05671543019588151,-0.2366301126415829,-0.7790828078301857,2.3543641725396367,-1.0678562961928368,-0.08014788791085951,-0.24197735725995717,0.2366301126415829,0.056715430195880795,0.15955525061472892,1.0163612595869336,-0.1457224436671417,-0.5995537824584191,-0.6136987449184976,0.16404522527173035,0.18764225758709038,0.2342775195316623,-0.23228628620644656,-0.8314172830871166,1.793366658346437,-0.642586540004281,-1.047916823426415,-1.0069464646875115,0.2524949820049213,-0.28942660841731066,-0.4316415915936655,-0.76555472453303,0
-0.35489957898503444,0.1298722426046032,-0.15484123025532542,-0.4281154315628296,1,0,0,1,0,0,-0.8236341047562825,3.4684106310558667,-0.2849672597681238,-0.35042539515729937,2.494538986777851,2.9382665076703662,0.6026944977187754,-1.665603297871589,1.2727190808191444,1.4477630399552426,1.828258643768165,1.859325191308845,-1.1699137079251074,0.6992528799421459,-1.8431007484108035,0.8790055340772234,2.099745488918575,2.5685139520363367,1.0460293195708634,1.4984586571476979,-0.1393761316959129,0.439714928659988,-0.8565338290442989,0.1262372184837181,0.1308281758576596,-1.4984586571476979,-1.046029319570864,0.744458036688388,-1.685411683720486,0.2909628074074919,0.7183372679970265,1.6222459659263704,0.19555021907814235,-1.4435419379712537,-1.8697129112664523,1.2559800380379649,-0.08200549336504998,0.5034643620605421,0.2514886682026129,-0.24400799870415715,-0.1777138548108673,1.0138512904081252,-0.9479482933959068,-0.3759724034796717,0.5334696962929761,1
-1.1259074497021662,0.026801178718756015,1.0038746524609323,-0.4281154315628296,1,0,0,1,0,0,-0.4703038686405733,-0.2425441730219168,-0.579210432367824,-0.1305385268344097,-0.1931512638714968,-0.08565049661446048,0.13881662835603273,0.6038030768438004,-0.4081595507110425,-0.009548939339769892,-0.11565836552229053,0.12386275442655105,0.08956583800095728,-0.12525529730930604,-0.3124050240127707,0.3470484293317395,0.3267679482639041,1.0870405142316704,0.416552302523086,-0.2441974779926877,-0.31818151813378054,-1.1416991671108652,0.906717981503349,0.3369175049196006,1.2116450265378416,0.2441974779926877,-0.4165523025230867,-0.03541234474315745,-0.18442671521636386,0.381938901381374,0.5116092600824467,0.6322857122698633,0.7626401075935709,-0.22015379130249568,-0.4301405112466897,0.8839134569768611,-0.4150773999081907,-1.1658209625447336,-0.5239847266707137,-0.010615114107371936,0.12690220596014448,-0.28679906978068154,-0.7010026615289333,-0.8769950965056176,0.038603250264021984,1
-0.6376024649146498,-1.0296772261111817,-0.4445202009343899,1.478524768348486,1,0,0,1,0,0,-0.24316300256618875,-0.3663977257120716,-0.7071422465416066,0.20218502391733126,-0.9100069094367493,-0.4380383403554311,-0.2638929537064566,-0.4509136382950444,0.28111221655596214,-0.11563840657269824,0.010150133366070452,0.8429149575555448,0.3195930309249543,0.4035394473799449,-1.510967148015566,1.2193170146690577,-0.6466064737737622,0.21611832917317098,1.34624143539365,-0.18555039652161812,0.7701614370573527,-0.8947605999336229,0.841006191910784,-0.48494388393794796,0.19780181392952784,0.18555039652161812,-1.3462414353936507,0.577342954953057,-1.3101654415944555,0.6912576208925736,1.2739187892674588,0.9053781960371756,0.06953024385249205,1.0847935651441794,0.4557501964577793,0.8219023601333442,0.3065783976019474,-1.0899443568808573,-1.1626098753899237,-0.62002986833231,-0.7530997473783346,-0.9847090191502859,-0.6186874509066087,-0.7656567202776299,-0.8892713360402683,1
-0.5348014154856993,0.15564000857606544,-0.8790386569529866,0.5985369837740325,1,0,0,1,0,0,-0.7353015457273552,0.4476631839884763,-0.4128990739419065,-0.28098743673954474,0.960255572157309,0.5614373331992254,0.2181091656467652,0.7047270587980372,0.48989901241742045,0.21014617719320375,0.24559251311209546,1.0480771729834855,0.4413838823874163,-0.6864517587866782,-0.5403480624016175,0.8679279397675542,-0.6385383739785384,0.0034024261970701276,0.5791922973583978,0.8550163918650944,-0.989180613362902,-1.5085688315944177,0.20247551512629175,-0.9170576490889558,-0.31596048822310635,-0.8550163918650944,-0.5791922973583985,-0.7317251853070371,-0.6347222057676005,-0.5005292101652823,-0.0052107597040024186,-0.2552648599739003,-0.6235796198885869,0.5954383064766764,0.34501385799472056,-0.35630847989348147,-0.9146852597229018,-1.3934507795363622,0.12376363845877164,0.20981149912292413,-0.1777138548108673,0.28421816152172197,-0.37174181903963527,0.013711913318286572,0.10046155601764112,1
-0.5605016778429365,0.0783367106616796,1.0038746524609323,-0.13478617003801185,1,0,0,1,0,0,-0.4198281206240434,-0.2675474723912908,-0.7711081536284979,0.4857233541231627,-1.0320228333629249,-0.5811400027883127,0.6695837778189867,0.20979475999495953,0.2557476965222077,0.031406215375124745,0.026675375417681686,-0.05625695906235332,-0.12422582056481833,1.041567102147937,-0.8355356019940601,-0.013573095031912449,1.1835269574215046,1.2672606829953783,-0.5745260083472232,0.4930801176436292,0.10964903352170538,-1.1249711161269913,-0.363255320267184,1.1311373006725578,1.2025541101717185,-0.4930801176436292,0.57452600834722245,0.8280155775560533,-0.8598699510432187,-0.3640650692044592,-0.3153027715758717,0.15437386567706757,0.06953024385249205,-1.7697787770829225,-1.814344742034923,-0.17027518936292965,-0.27629743884854874,-1.317574173872486,-1.4089367184673323,-1.3461410648556402,-0.9054077777638412,-0.44541496736468245,-1.853415610241477,-1.9347096706715041,-1.136704559054746,1
-0.3034990542705592,-0.5916252045963298,-1.168717627632051,1.7718540298733036,1,0,0,1,0,0,-0.7731583567397526,0.7645654666933325,2.8749485503243077,-0.7369633636828001,2.666121166052144,1.1575451957711975,-2.290480315173553,-1.4433853824065708,1.268376876364286,-1.501056615788892,-0.9594111962179205,-0.8027868062918505,0.5628746514910461,-0.9751717487073747,-1.4341624657563221,2.0996178331757576,-0.847128634157961,0.12521252953953235,0.569588792901455,-1.659816685915086,2.2105885135116585,0.5443792602063774,0.3759997551028567,1.1878323952646102,1.3695272076263074,1.659816685915086,-0.5695887929014557,-0.8988402670423681,-1.3101654415944555,0.16359627584405784,1.248077788278137,0.785900234388976,-0.9701345517591269,0.2692014673650073,0.012804842605544792,0.3258135853852078,2.4437897979204335,0.8069707847160468,0.7623887871779818,0.858125067447326,1.345366449044194,0.6331731362065233,0.03983423407198747,-0.6543183440496418,0.5953280020465953,0
0.2619067175886707,-1.8284779712265005,1.0038746524609323,0.5985369837740325,1,0,0,1,0,0,-0.7983962307480176,1.0378573435213736,-0.6175899766199587,-0.06110056841665506,1.2037655706025385,0.8454046945894746,2.5421620558702314,-1.0382286429860899,1.231508323318989,1.3923042104448968,2.0808661907151658,1.6117007130884329,-1.636555588357267,3.0193484524554504,-0.6327960814404302,-0.1891770203661711,1.9125075585704514,1.9080078828609168,0.5444209881177442,1.6582174387675228,-0.5180408239775856,0.7910801722099694,-1.8736177950558108,0.01549659263364446,-0.8424296263466263,-1.6582174387675228,-0.544420988117745,1.9421161224582606,-0.9349191994684248,-1.3920949311093263,-1.258499307686141,-0.5795621844475838,-0.49755964466293656,-1.9328971966387571,-2.2572900958871576,-0.9764194483286528,-0.5261013687559044,0.6552175733882943,-0.1864257194905595,-1.0997819088923677,-1.0238695791747903,0.6966194952401235,-0.6186874509066087,0.18071947766026855,0.10046155601764112,0
-1.4086103356317816,0.9029052217484598,1.4383931084795292,-0.4281154315628296,1,0,0,1,0,0,-0.6974447347149578,0.26449947930585305,-0.5024513438635544,-0.23006626723319132,0.6037344525936346,0.38121867707281537,-0.20705926097129787,-0.9946987925316495,0.04166151239223977,-0.5576122066772822,-0.17714104015413468,-0.43607937786139434,-0.00723237441485252,0.7581242171224705,-0.9955737898617509,0.20140864757203392,1.0023849334311994,1.152201253169647,0.46715141202740545,-1.0580753433055055,1.0454297278054674,0.3679113419163649,0.14544358392485135,1.7472458583476291,1.3551922937967391,1.0580753433055055,-0.4671514120274062,0.6887530094432773,-0.9349191994684248,-0.03655113089848297,0.07231224326396513,0.47867119015075044,0.1325402314653172,-0.46483142063624716,-0.7069813574043363,0.5118468759157585,0.6674062963570164,0.04820472807728505,-0.7794347861583975,-0.5940973255993336,0.0761328624983096,-0.667477223982284,-0.7010026615289333,-1.1553410370755877,-0.7036964187794109,1
0.5189093411610479,0.5679242641194551,0.27967722576327125,-0.4281154315628296,1,0,0,1,0,0,-0.6722068607066928,0.17146394676864757,-0.5536240695330674,-0.1797237473803192,0.39229269326476934,0.27076208138243496,0.6857626998380564,-1.2637325580376917,1.3578812575256702,0.3998705324612145,0.5839707933484146,-0.5382999858207511,-0.5975643153589575,0.15627238245901642,0.6793283498513802,0.7262169996547131,0.3074675964813406,0.4056089276641592,-0.7076772998718532,-0.032311248161722386,-0.7974242041881131,2.415048823565967,-1.1264911197764629,-0.23531968638790923,-0.36319245939391814,0.032311248161722386,0.7076772998718532,0.49378541408539117,1.1664597564373458,1.318992669312359,1.5581698001500064,1.6393142461618264,0.3215701943037938,-0.30171300108041293,0.012804842605544792,1.938102103316653,-0.859173275299045,1.793366658346437,-0.7246954876967501,-1.1386807229918314,-1.1423313805857394,0.2207718024881207,-0.37174181903963527,-0.4316415915936655,-0.9511296417938885,1
-1.1259074497021662,-0.35971531085317227,1.0038746524609323,-0.13478617003801185,1,0,0,1,0,0,-0.4703038686405733,-0.2425441730219168,-0.8478672421327675,3.454196076482173,-2.2279139036323348,-2.8560092427760253,-0.49056926373681425,1.3618503569821176,-0.2921697130173663,-0.9253397531245348,-1.0536702370891167,-0.7246623990991358,0.9416328004067785,0.044837521764329244,-0.051192371376100436,0.3983023504650981,0.6842752753652986,1.160165615037668,0.6190712565440033,-1.6023404173227471,0.7269496264485094,-1.920465747711103,0.7996612355232441,1.9285899582256965,2.5024988279022424,1.6023404173227471,-0.619071256544004,0.04814519612450831,-0.03432821836595151,0.05442496307539909,0.2531992501892221,0.529876030857121,0.25856020669096863,-0.30171300108041293,-0.5962450189412776,0.5118468759157585,0.7506742729928018,-1.772833807855743,0.2514886682026129,0.6376984542170299,1.446905135967865,0.37938770007212164,-1.1948939252628807,-1.7677021063295222,1.1520527538291696,0
-0.6376024649146498,-0.5400896726534062,-0.4445202009343899,-0.8681093238500562,1,0,0,1,0,0,-0.24316300256618875,-0.3663977257120716,-0.7583149722111197,0.4481111266468789,-1.1769153282482447,-0.6280952357741019,0.595656920516757,-0.9145536167140842,0.08504805547862176,-0.36887349542386644,0.11158126896356364,0.5905227492467843,-0.16446606003427647,0.2894145207066224,-1.5134388264481347,1.052566251943377,-0.6777526210746306,0.29787195830268864,1.34624143539365,-0.529783266025729,-0.5390958688529313,-0.2608762523497705,0.941464033134728,-0.17372360277254473,0.1457528767572558,0.529783266025729,-1.3462414353936507,0.4659329004628361,-1.3101654415944555,0.7094528396873502,1.1963957862994923,0.8200367948598906,0.3530751881102058,1.0847935651441794,0.4557501964577793,0.7598912632898273,-0.6093693453916895,-0.4070549059059717,-0.5422311594912614,-0.010615114107371936,-0.07617516788719629,-0.9212626601166852,0.2044646553166367,-0.04195727479570725,-0.6418381130257917,1
0.05630461873076867,-0.5658574386248675,1.0038746524609323,1.0385308760612593,1,0,0,1,0,0,-0.21792512855792381,-0.37221244649564694,-0.438485436776663,-0.26362794713510607,-0.2715253209509016,-0.08252014774874118,-0.37319382723665634,-0.25191764831964897,-0.06393522464359142,-0.6268849334370546,-0.6408408845939026,-0.19465536270512235,0.47046617750948755,0.5366832515681366,-1.442596719988504,0.2144027966023772,0.38657513318688486,0.7228069137745146,0.03622492998512883,-0.3014141428425148,1.0551826827386166,-1.0993968473580649,0.30285572758900364,1.2302023865440976,1.5388048041231002,0.30141414284251544,-0.036224929985129536,1.050835686536495,-1.0850176963188372,1.7556779203869939,1.6227723026233125,1.7417239275745686,1.487254965141063,-0.22015379130249568,-0.26403600355210183,2.2481575875342377,1.0004782029001573,-1.0140677512169813,0.07814755640739948,0.22277777048941236,0.7192112130148905,0.3476645205553221,-1.3595243465075295,-1.6006945419875402,0.2860364732784985,1
-1.8198145333475857,-1.8284779712265005,0.5693561964423357,0.3052077222492148,1,0,0,1,0,0,-0.596493238681898,-0.0640322449661538,-0.6431763394547153,-0.023488340940371298,-0.08451727128431191,-0.031092987811924405,-0.6304139564924035,0.8137387547813496,-1.780630736638631,-0.11315657774451736,-1.0418160221008212,-1.2551145347106838,0.4742367765963274,-0.44085213523319416,0.9517473710594516,-1.8943054995417434,0.430043442746457,-0.4899594835469299,-1.0827475017179835,-0.6379707392984506,0.4361116933571672,-0.16344235530151371,0.5305875275542872,0.5792909526663899,0.8760617798679097,0.6379707392984506,1.0827475017179828,-0.4253475354589299,0.8662627627365218,-0.027453521501095285,-1.0000892977929163,-0.801449827508525,0.9516700704320475,-0.38327221085833024,0.12354118106860354,0.2638024885416898,0.22331042096616224,-0.3311783002420958,-0.5696008087220858,-0.23104172733766892,0.008440404549195996,-0.4771381468814831,-0.4540570296619595,-0.7656567202776299,-0.332546584257695,0
0.5189093411610479,-1.596568077483343,0.27967722576327125,-0.13478617003801185,1,0,0,0,1,0,-0.6722068607066928,0.17146394676864757,-0.8350740607153893,1.8773757707456618,-1.2434645926917873,-1.3190079497078577,0.4071101307032339,1.5690974489996143,0.09957924012812393,-0.31749901890136717,-1.3221638045250197,-0.794398598908977,1.0611516536510397,0.21359390445666585,0.448721790613044,0.8089365921617443,0.3652305551303799,0.6064993616258644,-0.37315522795503414,-0.7133741297612541,-0.35267603426935046,-1.704115852377086,0.6767751043955705,0.7910770576946649,2.311006281235964,0.7133741297612541,0.3731552279550334,0.5216379277079463,0.8662627627365218,1.1916261377489248,1.4935672976767,1.605177685690913,0.3215701943037938,-0.05703537174666111,0.12354118106860354,1.814079909629618,-0.38732140769626244,-1.6210805965279906,-0.24116501795220557,0.13201387092399572,0.4484413812184362,0.8235122133073248,-1.5241547677521787,-1.8790404825575102,0.5953280020465953,0
-0.4577006284139859,0.05256894469021735,-0.8790386569529866,1.0385308760612593,1,0,0,1,0,0,-0.785777293743885,0.8692304407976886,-0.23379453409861076,-0.36778488476173804,1.638030515356932,0.9527309414141358,-0.8621429069957076,1.2336519969026172,0.059893984302661074,-0.7106892502657446,-0.6420627546952765,0.052810346761138396,0.5714802847992652,-0.7170653329165018,-0.1305254746316701,0.57025296796418,-0.6137823790966093,0.028595065924780044,0.20465562353765385,-0.13094794135889734,0.48234746733579065,-1.823983636545164,0.4911721548153327,0.35147922681448757,0.862630543044348,0.13094794135889734,-0.20465562353765385,-0.5924626171942612,0.04072103005925432,0.5365982611369737,0.7700192699756713,0.4616029099152932,0.3530751881102058,0.10608304780917345,0.012804842605544792,0.8219023601333442,0.6951622885689447,-1.6210805965279906,0.8353745184601769,0.9877877811122063,1.0915197317350172,0.728342674756924,-0.5363722402842841,-0.6543183440496418,1.275769365336409,1
-1.5885121721324456,-1.41619371568311,-0.15484123025532542,1.478524768348486,0,1,0,1,0,0,-0.81101516775215,1.8838992175315858,-0.7199354279589849,0.265836485800273,1.110896751962668,1.2434061932309264,-0.7762893664387642,-0.34958181248603026,0.34044380496480514,0.14301862011984645,1.0173638753221415,0.07066332290222412,-1.1338166600809159,-0.3630376908451954,-1.5985365890476602,0.6494867488252167,0.9000700626455893,2.355842894535118,0.8164553486475558,-0.7133741297612541,0.7167062778616446,-1.1215668546149262,0.18727345998420064,0.69928513782103,0.9773991946038638,0.7133741297612541,-0.8164553486475564,-0.4253475354589299,-1.535313186870074,-0.38226028799923456,-0.0052107597040024186,0.3591932285025509,0.6366201323679207,-1.6066603575270884,-1.980449249729511,0.44983577907224165,0.5841383197212315,-1.0899443568808573,-0.21379536872138252,-0.08841274230630035,0.19459466390925928,0.09387908442092041,-0.20711139779498602,-0.5429799678216537,0.10046155601764112,0
-0.35489957898503444,-0.46278637473902035,-0.15484123025532542,-0.8681093238500562,1,0,0,1,0,0,-0.8236341047562825,3.4684106310558667,-0.8094876978806327,0.8676321254208131,0.9012659350619028,1.9969258844790678,1.233195411528653,-1.3962659393737284,0.42461041526611387,1.925673964436253,1.9685322735853068,1.067127055621458,-1.445461336451763,0.8949528782397203,-1.915189120101094,0.9631671783035219,1.8623288520538992,2.571586650421812,1.7556215933338128,-0.28577009270635834,-0.8205618680063562,-0.0021755967291167255,0.3874334645045767,-0.7548078812893418,-0.04853452101978823,0.28577009270635834,-1.7556215933338135,0.911573118423719,-1.760460932145692,0.22727954162577424,0.705416767502365,1.5027680042781708,0.25856020669096863,-1.2804235184154193,-1.8697129112664523,0.8219023601333442,-0.5816133531797613,0.4275877563966659,1.3189049882047215,1.3508433793738719,0.9053654723749538,1.1407440084753266,0.6160407084282594,0.514734606344233,1.3994859768436472,1
-0.35489957898503444,-0.07626988516709207,-0.15484123025532542,-0.4281154315628296,1,0,0,1,0,0,-0.8236341047562825,3.4684106310558667,-0.7327286093763631,0.3265946994158083,1.504439193439837,2.4150510544001436,0.6218783768173074,-1.1988644345890134,-0.3353693757649814,1.1824698821363713,1.4059801700272783,-0.2342650138026946,-1.5108609000220554,0.9031165869362086,-2.0355140384526966,0.9652455054672265,1.8828184905481562,2.4553408747539045,0.9573302853504951,-1.2689780594871891,0.037646431405860874,-0.3936542188729317,1.4284398166842074,0.26953006116001854,0.569319390602359,1.2689780594871891,-0.9573302853504958,0.744458036688388,-1.9105594289961043,-0.2548937564358004,0.26611975068388355,1.0419244379208312,-0.2140147004052217,-1.6882195673050053,-2.0911855881925696,0.3258135853852078,0.3343343898138759,-0.02767187758659086,1.2276728241019772,1.8954267767663688,1.9207523416116614,-0.2550758902638815,0.9453015509175579,0.3477270420022505,1.0901944480755505,1
-0.4320003660567478,-0.3339475448817109,-0.8790386569529866,-0.13478617003801185,1,0,0,1,0,0,-0.7479204827314877,0.459292625555627,-0.8478672421327675,3.5988584898524953,-1.2922481779456862,-2.428045833562689,-1.4415400032175347,1.5720748088243948,-0.21772411768878228,-1.9820094323385449,-2.2365345570389192,-1.0027839606408255,1.7459346170848984,-0.810443689263341,-0.019223087433362613,0.5882688449798443,-0.7293061159080988,-0.11269314515303723,0.1590389773671773,-1.525410642437618,1.1947106803032397,-2.1769792784808786,0.8887896194552927,1.9543994141574828,2.797581538287493,1.525410642437618,-0.15903897736717798,-0.5646101035717058,0.41596727218528484,1.3553831069019124,1.5064877981713616,1.0760609983917457,0.8571550890128092,0.5954383064766764,0.5664865349208381,1.4420133285685155,0.8061862574166584,-2.0763402305112475,-0.7429419205172992,-0.21807545597118072,0.549980068142106,-0.1916295312302808,-1.9357308208638015,-2.43573236369745,-0.08511336124321738,0
-0.3291993166277972,-0.5916252045963298,-0.15484123025532542,0.3052077222492148,1,0,0,1,0,0,-0.8236341047562825,3.61377865064525,-0.7966945164632545,0.5291220781342594,1.048156237724814,2.370331784889868,-0.11174132592949124,-0.19094526440161505,-0.8935857821380923,0.7219248149091995,0.5616845455250228,0.2283907785708085,-0.4514261785377662,1.420447165544317,-2.1625193597810655,0.7105395871798824,2.1454093838824795,2.779548718095355,1.2994551316290601,-0.9772859963810728,1.5746731049838816,-1.9042860542822262,1.9355854604228981,1.152077369919752,1.9834709097345908,0.9772859963810728,-1.2994551316290608,0.939425632046274,-2.0606579258465163,-0.8917264142529749,-0.43158727602782254,0.39332978897346543,-0.34003467563087314,-1.85133798686084,-2.312658265118687,-0.29429738304996345,1.8609139614699375,-1.6969572021918669,0.9174834661526473,1.8954267767663688,2.37767643276818,-0.2550758902638815,-0.7833178721512579,-1.211010225189582,1.5850608941045057,1
-1.5628119097752085,-0.3339475448817109,-0.15484123025532542,-0.13478617003801185,0,1,0,1,0,0,-0.81101516775215,1.6658471881475105,-0.8478672421327675,3.5988584898524953,-0.46758293208315554,-1.5001209912244733,-1.3012155114060684,0.21321265857087024,0.04018927704607535,-0.7721272877420532,-0.3618056419160828,-0.794398598908978,0.07927194217338025,-0.468993292565685,-1.5852277462075082,0.7368714828802896,0.99847557479593,2.362929876523156,0.6912331826893902,-1.7690215962405291,1.3407592717555163,-1.8806874217048486,0.6855446886090543,2.0331654404044186,2.7773061717135863,1.7690215962405291,-0.6912331826893908,-0.5367575899491508,-1.535313186870074,-0.4732363819731166,-0.04397226118798574,0.3591932285025509,0.41608517572303205,-1.6882195673050053,-2.0358174189610403,0.3258135853852078,0.8339422496285867,-1.848710413519619,-0.97102233077416,-0.5162996974004062,0.2622871218583729,-0.2550758902638815,-1.7711003996191523,-2.3243939874694624,-0.5181215015185524,0
-0.3291993166277972,0.0783367106616796,-0.15484123025532542,-0.13478617003801185,1,0,0,1,0,0,-0.8236341047562825,3.61377865064525,-0.7583149722111197,0.42207189224022096,1.357548890776926,2.4530624334838778,0.7953066696184388,-0.35851996765831645,0.6671043912594302,0.7122644092984926,1.2198178487545168,1.4596094739838303,-0.6794603619142431,1.186244400982737,-1.4563907537132625,0.518610263346096,1.9729728999229006,2.5699043579167964,1.637356214373321,0.36682327779893126,0.07938814435516574,-0.9669003787417566,-0.390800750901344,0.9941428889184083,0.9231884690721295,-0.36682327779893126,-1.6373562143733216,0.605195468575612,-1.535313186870074,-1.2465331807511142,-0.8321227913623208,-0.10165033785478751,-0.49755964466293656,-1.85133798686084,-2.368026434350216,-0.9144083514851348,-0.16527347000083534,-1.0899443568808573,-0.8889133830816909,-0.9312203811280227,-0.5330992590437151,-0.15990635171348128,-1.4418395571298541,-1.4893561657595522,-0.6418381130257917,1
-0.4320003660567478,-0.5916252045963298,-0.8790386569529866,0.3052077222492148,1,0,0,1,0,0,-0.7479204827314877,0.459292625555627,-0.7966945164632545,0.5291220781342594,-0.23279196385273812,-0.05568858604257591,-1.6883101227301895,1.4646054743922055,-0.754066644161551,-1.5296109264702384,-1.7743761172929582,-1.1283478469203951,1.0488618704320396,-0.981799179795096,0.131594240303018,0.830520678644031,-0.9807367630552114,-0.45071887624488943,-0.3593320018427697,-1.1825507815298193,1.3666341514171712,-1.8783887561446506,1.8654275508792957,1.093923893300536,1.8667365969211378,1.1825507815298193,0.359332001842769,-0.7874302125521474,0.491016520610491,1.091552434377654,1.4160442947087326,0.8712416355662611,0.29006520049738066,0.18764225758709038,0.40038202722625016,1.069946747507413,1.8609139614699375,-1.6210805965279906,1.4375068015382888,2.3622125459599386,2.81767740943742,0.062155904904119784,-0.37174181903963527,-0.8769950965056176,2.018069034379841,1
-0.4320003660567478,0.0783367106616796,-0.8790386569529866,-0.13478617003801185,1,0,0,1,0,0,-0.7479204827314877,0.459292625555627,-0.7583149722111197,0.42207189224022096,0.07660068919937087,0.027042062551433693,-0.7177142543800042,0.9692735489876357,0.813468356515439,-1.174372560344711,-0.6350235175519413,0.2707727608632098,0.6983373825360382,-0.9859969448030088,0.04183976069575224,0.8595312991344515,-1.0571605810883806,-0.40856278083930125,-0.30025191215747105,0.6670879417885637,0.012802612217957117,-1.2884442108842136,-0.24829243196022519,0.538239228986735,0.426679638510272,-0.6670879417885637,0.3002519121574703,-0.8988402670423681,0.11577027848446049,0.2454747604205509,0.6666552660183818,0.17144214591252482,-0.18250970659880966,0.02452383803125581,0.17890935030013266,0.139780294854656,-0.16527347000083534,-1.317574173872486,-0.669956189235104,-0.6848612251647502,-0.44848368660732285,-0.2550758902638815,-1.1125787146405561,-0.9883334727336057,-0.45626319576493324,0
-0.27779879191332196,0.0783367106616796,-1.168717627632051,-0.13478617003801185,1,0,0,1,0,0,-0.7983962307480176,0.7674728270851201,-0.7583149722111197,0.42207189224022096,0.6343575162504046,0.26405419095589366,-0.5753076981113725,0.36839598648582034,1.135770925794785,-0.8435965077497718,-0.38907200879018444,0.8359476658259076,0.9045961489330286,-0.927563649961744,-0.9946211518985169,1.8191268651480772,-0.740301356373197,0.16073787180124113,0.6912331826893887,0.45457625868389784,-0.12683131112663823,-1.5020246884447477,0.2754101594350217,0.4055743050857706,0.662741913329982,-0.45457625868389784,-0.6912331826893894,-0.7317251853070371,-0.7097714541928067,1.0733572155828786,1.9845463164738264,1.5027680042781708,-0.24551969421163483,1.0847935651441794,0.7879592118469556,1.13195784435093,-0.3595654154843339,-1.5452039908641146,-0.998391980004983,-0.723760039264214,-0.5330992590437151,-0.635754044465484,-1.277209135885205,-1.266679413303576,-0.76555472453303,0
-1.5628119097752085,-0.2824120129387873,-0.15484123025532542,-1.161438585374874,0,1,0,1,0,0,-0.81101516775215,1.6658471881475105,-0.822280879298011,0.7663684360615877,0.2556084424433621,0.6888872513035105,0.16174216609512032,-0.4440718117205288,-0.4220181655822792,0.8076403640204306,1.2539515499664866,-0.10715218144231026,-1.559338491602346,-0.6932501692907962,-1.5002898181840671,0.9330755730815617,0.40026456678540123,1.775735577414293,0.4783555005605047,-0.6205699568839558,-0.91759382003392,-0.8934549069919621,1.5145639355249545,-0.69417453444424,0.10346174401569913,0.6205699568839558,-0.4783555005605054,-0.7317251853070371,-1.4602639384448675,-0.46413877257572894,0.05939174276930372,0.22264698661889537,0.16404522527173035,-1.3619827281933365,-1.648240234340335,0.07776919801113909,-0.6926373220274746,-0.5588081172337243,1.2824121225636245,1.9991569476982738,1.5145975939169787,0.09387908442092041,1.439192814651505,1.1827648637121608,1.4613442825972665,1
-1.5628119097752085,0.0783367106616796,-0.15484123025532542,-0.13478617003801185,0,1,0,1,0,0,-0.81101516775215,1.6658471881475105,-0.7583149722111197,0.42207189224022096,0.9012659350619028,0.9549669048896496,-0.5659178814397735,0.13893456111790775,0.6633641816545258,0.18871130821228904,0.6869583852951701,1.1213526527364837,-0.5969194339989047,-0.7865790487973642,-1.2746818950082264,0.9021600715141354,0.27083168386118833,1.3892996227168009,0.8989187262297652,0.6378546273322155,9.820725305860532e-4,-1.4676403853840911,-2.5719126728623756e-4,0.01361525889093581,0.4633011310192049,-0.6378546273322155,-0.8989187262297659,-0.7874302125521474,-1.2351161931692491,-0.2912841940253525,0.2015172482105774,0.3079883877961804,0.06953024385249205,-1.1988643086375024,-1.592872065108806,-0.10826409251941274,-0.3040534310604773,-1.5452039908641146,-1.1899795246207467,-1.0090180093269512,-0.939254006738398,-0.4771381468814831,-1.1948939252628807,-1.0996718489615938,-0.8274130302866491,0
0.08200488108800677,-0.514321906681944,-0.15484123025532542,-0.8681093238500562,1,0,0,1,0,0,-0.7353015457273552,0.4214969404623873,-0.7839013350458762,0.5059760919950078,-0.2006745132716574,-0.06686840342014477,0.5716136433441383,-0.5682944187043084,-0.5163385999833754,0.07900991731353439,-0.13943148268081057,-0.9078802083590818,-0.013253657927246405,0.2591311732445188,-1.302631301194097,-0.064480025971085,-0.042031089338375655,0.2574250805270089,-0.7532939460423284,-0.4911325578708816,-0.5359218706324792,-0.5249455171943401,0.6410559559518257,-0.14841460969976766,0.432593243684678,0.4911325578708816,0.7532939460423277,-0.06326485836571254,-1.3852146900196616,-1.0554833834059623,-0.9225662948249498,-0.8867912286858101,-0.4660546508565234,-0.9541866793037505,-0.762349526635866,-0.6663639641110671,-0.5538573609678327,-0.5588081172337243,-0.25028823436248077,0.10608132819102022,0.04228663352375219,-0.2233527107470814,-0.4540570296619595,-0.7099875321636356,-0.5799798072721716,0
-1.5628119097752085,-0.514321906681944,-0.15484123025532542,-0.8681093238500562,0,1,0,1,0,0,-0.81101516775215,1.6658471881475105,-0.7839013350458762,0.5059760919950078,0.7118913981583822,0.89012396409975,-0.4401606080723608,-0.5118560527268053,0.22763362806975984,-0.0951268195131668,0.3059451815950648,0.5667786900389583,-0.23928246500075331,-0.9697099892393556,-1.2287711185735941,0.7312801202900757,-0.3426453153677346,0.6732110593529599,0.6912331826893902,0.08746187929198715,-0.3568687552818471,-0.5284174361621342,0.4236832011625346,-0.21125103325910485,0.2595158495234669,-0.08746187929198715,-0.6912331826893908,-0.9823978079100336,-1.2351161931692491,-0.5278220383574467,-0.09565426316663046,-0.22112829950298704,-0.15100471279239655,-0.709509049969999,-1.0391903727935126,-0.4803306735805153,-0.3318094232724056,-0.482931511569848,0.05077790717657645,0.2616765845888761,0.1607484349347019,0.062155904904119784,-0.6186874509066087,-0.6543183440496418,-0.2706882785040748,1
-1.305809286202831,-1.776942439283576,2.1625905351771904,0.3052077222492148,0,1,0,1,0,0,1.0944443198718534,-0.6501560999505483,-0.6559695208720935,-0.011915347870745526,-1.497590529142108,-0.4908070783775562,1.5796301794104632,1.1626996905071936,-0.6964783860576577,0.6139065969166179,-0.059188929975878254,1.0754456906218413,0.8473013273113517,2.610206637200934,0.7151302814226288,-0.5182756446072078,1.5107266554924113,0.816874909834245,1.8768810325211516,-0.39468810214486993,0.4115734998321717,-0.8794399970959702,0.431292245387248,0.6686624846366409,0.8744678654564849,0.39468810214486993,-1.8768810325211522,2.7219865038898057,0.8662627627365218,0.5002078235474204,0.13691474573727128,0.7517636739180628,0.5421051509486824,1.4110304042558486,0.5111183656893089,0.3258135853852078,0.11228645211844858,-1.0140677512169813,-0.8706669502611417,-0.5422322401333817,-0.2623294272472596,-0.667477223982284,-0.7010026615289333,-0.9326642846196119,-0.3944048900113141,0
-2.128217681634438,-0.3339475448817109,1.7280720791585935,-0.8681093238500562,1,0,0,1,0,0,0.3246891626197725,-0.5582835115700578,0.34189862968341117,-0.5570033214501194,0.0028570672723037143,0.001104886235473924,0.14837339233737246,-0.20360926503821866,2.250755829451867,0.53758398334118,1.0053688847379554,0.5936030109745601,-0.8005593522399057,-0.9939508272544485,-0.33098786430713667,1.8750828872854064,-0.7592529509028121,-0.158955366732949,0.08301123374971872,0.7272741774339888,-1.1994607690812387,-0.052116270351536126,-1.1925811502097763,-1.4791035087673379,-1.4622177665335077,-0.7272741774339881,-0.08301123374971872,-1.1176814455053017,-0.7204927753964075,-1.4388826365816076,-0.4352788475977262,-0.6917251688520157,-2.000797920568913,-0.4531801049536876,-0.5408768497097485,-1.4547907668357842,-1.1644891896302574,-0.17942508891434333,-0.39625969692687113,-0.9182541097615345,-1.3623318689203594,0.31594134103852145,0.36909507656128593,0.848749735028197,-0.6418381130257917,1
-1.5371116474179702,-1.3131226517972627,-0.15484123025532542,2.2118479221605303,1,0,0,0,1,0,-0.6091121756860305,-0.0233291994811264,1.096696333308729,-0.644379419125794,1.3974566944978608,0.4800482626905241,-2.2167865183525755,-1.4189091543764216,0.4913290451548461,-1.0300999856470907,-0.37734424076381046,-0.7769398897628065,-0.23110183972372522,-0.7239499524897148,-1.0786036032990771,0.16259671788547025,-0.0369030237601306,0.11180703229669685,0.41113096936191074,-1.4674080343893063,2.359133353850724,0.8669759321316675,-0.5082692436399172,1.355006217441532,0.5997237993558956,1.4674080343893063,-0.4111309693619114,-0.5646101035717058,-0.8598699510432187,0.7549408866742913,0.7312577684916879,0.683490552976235,0.5106001571422693,0.5138790966987595,0.34501385799472056,0.6358690696027934,2.7491057122516462,1.2622304186993043,1.0452084958964885,0.585833368751077,1.142289075196852,0.8235122133073248,1.5215080252738291,0.793080546914203,0.8427612250610729,0
-1.9740161074910114,0.0783367106616796,-0.15484123025532542,-0.8681093238500562,1,0,0,1,0,0,0.45087853266109723,-0.5739832576857113,1.2118349660651333,-0.6617389087302327,0.29323452063040123,0.06997256128129814,-0.37962724139960063,0.5594088149913659,-0.682522151486873,0.8110833836267708,-0.06742470939602731,0.43945287904279,0.4779099125117381,-0.059502203917849016,2.3609356541919806,-1.7131993908479728,1.2701283248417727,-0.3299052902853775,1.2234273880116016,-0.614019074092617,0.4684270192562052,1.5973273556419985,-0.7885695217728296,0.1637161804414774,-0.23443288070409488,0.614019074092617,-1.2234273880116022,-0.10968571440330459,2.067050737539819,-0.19121049065408274,-1.0259302987822392,-0.5454256239766699,0.2795635358952437,1.1391663716627913,0.5664865349208381,-0.6870343297255728,0.77843026520473,2.096873081001942,1.1546870928197819,0.5080357405521495,0.549980068142106,1.2359135470257274,1.1099319721622063,0.848749735028197,0.904619530814692,1
-1.100207187344929,0.2587110724619126,-0.15484123025532542,-0.4281154315628296,1,0,0,1,0,0,0.2742134146032426,-0.5513058466297674,2.6702576476462556,-0.7271263195736183,0.7411529780672491,0.13794585093691683,-0.26839051706291583,-2.6675083867104723,1.0552709620438083,-0.7030670672549112,-0.14781073745801038,-0.18038108875610695,-0.04948580196694238,0.02758771028281464,-1.271993151939845,0.5749536563009408,-0.4606243493301425,-0.16326915125325417,-1.321428539256431,1.0645584453617305,0.4007688623840854,2.3869841587983354,-0.8648177806371687,0.4930510298818443,0.03276064943186871,-1.0645584453617305,1.3214285392564302,-0.28608496734615396,-1.3852146900196616,-1.2010451337641732,-0.7675202888890147,-0.8867912286858101,-1.1276595207911904,-1.1988643086375024,-0.8177176958673952,-1.0384305451721696,0.3620903820258042,2.223334090441736,-9.203191483129325e-4,-0.4471462501124692,-0.23412423643512922,0.46398284545025625,-0.7558794686104828,-0.35741600744167373,-0.1469716669968365,1
-0.5091011531284612,-1.3131226517972627,1.4383931084795292,2.2118479221605303,1,0,0,0,1,0,0.33730809962390496,-0.5611908719618456,1.096696333308729,-0.644379419125794,0.3164156890436304,0.06639501972047611,-1.1975048555168561,0.0992680575379137,-0.06262470840124494,-1.0177834519984086,-0.7666094104325945,-1.0239808531177665,0.21675734024060606,0.8188877408935373,0.6242168217220739,-0.5112611901920018,-0.18157101827648633,-0.4117481356817023,0.14187142235678196,-1.5372941035987373,2.483382634137397,0.4890781846363759,-0.42815811597708925,1.1949170681283476,0.5946378647765976,1.5372941035987373,-0.14187142235678266,1.07868820015905,0.9413120111617277,0.9096002464298897,0.47284775859846334,0.3762615087380082,0.8571550890128092,1.247911984700014,1.2862727349307197,1.1939689411944467,2.8046176966755025,0.8069707847160468,0.9083602497423721,0.5210020119186368,1.0069041592986248,0.7600658542737248,1.439192814651505,0.6817421706862145,0.6571863078002155,0
0.33900750466038404,-0.3339475448817109,1.4383931084795292,-0.8681093238500562,1,0,0,1,0,0,0.7032572727437467,-0.6018939174468729,0.34189862968341117,-0.5570033214501194,-0.18293011929558706,-0.03243456589723267,1.8477340611764348,0.21551965550514124,2.0771574089853697,1.5567386317411165,2.1271310962942858,1.884384362823387,-1.425343137157034,1.3209318897655489,-0.020269792713017806,2.0354270605817204,0.6903665623547851,1.2194091021811044,1.2718086794045298,1.3087111581427058,-1.2494596107119886,-0.31611332419601174,-0.7941358632208906,-1.4184977934746754,-1.574858953924126,-1.3087111581427051,-1.2718086794045305,2.0813786905710367,0.641115017460903,2.0558990305008047,3.082788858520031,3.346142269707527,-0.18250970659880966,0.35076067714292497,-0.2086678343205727,1.938102103316653,-1.3032691506898992,-0.7105613285614767,-1.4271831512878814,-1.5406351353529608,-1.870025303538713,-0.8895394805998851,-0.5363722402842841,0.06938110143228039,-1.4459960878228426,0
-2.128217681634438,-1.0812127580541053,1.7280720791585935,-1.161438585374874,1,0,0,1,0,0,0.3246891626197725,-0.5582835115700578,1.5444576829169683,-0.6889354424438532,0.4591400229873236,0.10306482071890198,0.4796831177719578,-0.9547255663271659,2.108340482630166,2.1565481194674896,2.4060096155565778,1.321208978292454,-1.471549242059496,-0.9620372742494654,-0.3494264859501798,1.8054625786409704,-0.4120210208088777,0.2928486771536784,0.40739627318421,1.3979208031972914,-1.6282673611343177,0.9603430190359628,-1.067856296192839,-3.321910371817521,-2.842020601995436,-1.3979208031972914,-0.40739627318421073,-1.142549761239726,-0.8411076389369172,-1.8174081704372247,-0.8321227913623208,-0.9294619292744525,-2.0570568380803644,-0.5260008279696852,-0.7485074843279834,-1.720552610450858,-1.5808290728091832,0.326418948844831,-1.262965255902942,-1.5276688639864726,-2.4341291197813284,-0.5405845059150832,0.06727263761276221,0.9415317152181866,-1.4872349583252553,1
0.23620645523143258,-0.41125084279609675,0.5693561964423357,-0.13478617003801185,1,0,0,1,0,0,0.11016723354952047,-0.5199063543984607,-0.15703544559434116,-0.39208817020795217,-0.21546788094178354,-0.09683031399202933,-0.8291984355180756,-1.1109009898928661,2.169163279666753,-1.6171645014236937,-0.8492065624104332,0.9698724258375532,1.2760282209678544,-1.3561437746962723,-1.5253324614696702,2.0778007404910177,-1.8918821300451414,-0.7519198774169513,-0.8740438917877038,2.189656403056746,-0.20202227120597027,-0.0032981031692959116,-0.8773295088505229,0.3087269755641293,0.3699067108757101,-2.1896564030567456,0.874043891787703,-1.3444804850032512,-1.535313186870074,-0.8553359766634215,0.22735824919990022,-0.5624939042121272,-1.4742144526617298,-0.46483142063624716,-0.09793149585751397,-0.6663639641110671,-0.10976148557697851,0.12408133374116129,0.39746013076700454,-0.1402778277722523,-0.008482709938082702,1.267636726542527,-1.7711003996191523,-1.211010225189582,0.7190446135538346,0
-0.4063001036995106,-2.137691162884043,-0.15484123025532542,1.7718540298733036,1,0,0,1,0,0,-0.14221150653312897,-0.3966342737866634,0.31631226684865466,-0.5529527738757504,0.3273542565928417,0.12229410660832044,0.3399601474786755,0.1349773163870634,-1.626353398802807,0.24609681414572213,-0.004381797916479128,-2.125629593469869,-1.1758793107134868,-0.22214630871835586,-0.1353821240055952,-0.6624951815866936,0.13431265954012636,0.46670226815052973,-2.1169404964576013,-0.7995494331473174,-0.694688834817928,-0.32088344259390744,1.5575358126219345,-0.19927878501891114,0.4613404805173524,0.7995494331473174,2.116940496457601,-0.14682239923337803,-0.03432821836595151,0.3091580262022686,-0.09565426316663046,-0.03337721691295973,1.2037100208833493,-1.7697787770829225,-1.2606630497196296,0.7598912632898273,-0.9640292458774411,-0.853883805926576,-1.9117273117446796,-1.0234249775119382,-1.0238695791747903,-1.950503595550647,-0.48149543320273464,-0.8522532351216203,-1.8308922125120284,0
-1.9740161074910114,0.38754990231922204,-0.15484123025532542,-0.13478617003801185,1,0,0,1,0,0,0.45087853266109723,-0.5739832576857113,-0.6175899766199587,-0.03506133400999707,-1.1175570116934976,-0.41433712751498514,-0.8977928973780754,0.9877978680876637,-1.9179829922121547,1.0455760604564535,-0.2993851665347906,1.480902653695168,1.1198494603293196,-0.016971455932567624,1.6782699295736339,-1.6045389704976556,1.5473006602046622,0.20938664639359544,1.4252941555476124,0.6061852033378352,1.2314451997072766,0.3254703993876567,1.0095400789628723,0.12177104538837953,0.5936406855721061,-0.6061852033378352,-1.4252941555476133,-0.1328961424221005,1.3165582532877582,-0.4413947490822584,-1.1551353037288514,-0.5880963245653125,0.30581769740058723,0.7993363309214695,0.15122526568436812,-0.6353584156893081,0.77843026520473,-0.02767187758659086,-0.8889133830816909,-0.2958730841701091,-0.2284831982727022,-1.016432198667086,-1.277209135885205,-1.211010225189582,-0.6418381130257917,0
0.08200488108800677,-0.3339475448817109,-0.4445202009343899,-0.8681093238500562,1,0,0,1,0,0,0.1858808555743153,-0.5332802122006839,0.34189862968341117,-0.5570033214501194,0.08668170026598032,0.020334172124892372,1.2225246946835877,-0.9358548287470212,0.7345550838741233,-0.7317901245269922,-0.707448885819441,-1.0523995229579326,0.22086475519912324,0.495155897068495,-1.3916354287275925,0.6884816048338943,-1.8258060769127649,-2.0950927584820667,-2.501932049243882,1.046038314370867,-1.2051964094013947,-0.10961970038184228,-0.3123037914516912,-0.8218368048287631,-1.1257321023831537,-1.046038314370867,2.5019320492438806,-0.3417899945912644,-1.685411683720486,-2.5565889339750165,-1.9303653334085251,-2.3375950486996553,-2.6083942296925864,-1.4435419379712537,-0.5408768497097485,-2.650719063103615,-1.2477571662660425,-0.482931511569848,-1.1991027410310207,-1.1516469943583196,-1.3454087544330806,-1.0481553781838862,-0.37174181903963527,0.1250502895462747,-1.198562864808365,0
-1.5371116474179702,-1.1069805240255675,-0.15484123025532542,-0.13478617003801185,1,0,0,1,0,0,-0.6091121756860305,-0.0233291994811264,0.2651395411791416,-0.546008978033975,1.0333628700546864,0.40402550452305586,-0.6153214835253474,0.13696010928673355,-0.3325941638326761,0.004769424318877433,0.18091600031585928,1.114126844055801,0.26914671790894795,-0.6713209210166655,-1.0803089988793602,0.3301673523826778,-0.027230048075531834,0.45132555698869364,0.25295560183580257,1.2686578481181965,0.18484354708097422,-1.2702118878945778,0.7864537118562246,-0.03344403410769042,0.20543190206130452,-1.2686578481181965,-0.2529556018358033,-0.5089050763265954,-0.8598699510432187,0.764038496071679,0.8346217724489774,0.785900234388976,0.6996301199807459,0.02452383803125581,-0.09793149585751397,0.7598912632898273,-0.16527347000083534,-1.3934507795363622,-1.208225957441296,-0.6848612251647502,-0.6515610604546642,-1.2702176348014877,-1.4418395571298541,-1.1553410370755877,-0.9511296417938885,1
-0.8432045637725518,-1.1069805240255675,0.5693561964423357,-0.13478617003801185,1,0,0,1,0,0,-0.1295925695289965,-0.41000813158888666,0.2651395411791416,-0.546008978033975,0.2862315061001322,0.10664236227972403,-0.2126220578821236,0.6695956680052508,-0.5426343513474097,0.05788742643181152,-0.5571301061434345,-0.5852480065608273,-0.16951439854768566,-0.3780667692073816,-0.6885776145974614,0.06466835920224001,-0.3243633620850913,-0.7001117805758673,-1.5536587379424858,0.7426913412446393,-0.08210371388729394,-1.6088430065969253,0.806784801055752,-0.39983533594836373,0.04077353593982554,-0.7426913412446393,1.553658737942485,-0.48105256270404034,-0.7848207026180125,-0.5915053041391644,-0.4703487775118068,-0.5624939042121272,-0.8756195703398886,-1.2804235184154193,-0.8177176958673952,-0.5423417704240322,-0.3040534310604773,-1.6210805965279906,-0.9162830323125138,-0.41256952646850126,-0.5330992590437151,-0.9847090191502859,-0.8656330827735822,-0.6543183440496418,-0.6418381130257917,1
0.6474106529472365,-0.2566442469673251,-1.8929150543297122,-1.161438585374874,1,0,0,1,0,0,-0.3062576875868511,-0.3256946802270442,-0.11865590134220637,-0.4134982073867598,0.20117437479199465,0.06907817589109264,-1.6624242672482201,-0.6493623457107689,0.7861640051104468,-1.5546912239867956,-1.3110607821977205,-0.6133453188746226,1.4400653157809713,-0.9710521826838452,-0.9697087169754133,-0.41288318759021486,-0.6020158504829168,-0.44729605763677194,-0.5972369986170187,-0.2441974779926877,1.3413775121234608,-0.08016270681094224,-1.4896203168614008,1.503338931199908,1.2677456861549932,0.2441974779926877,0.5972369986170181,-0.9823978079100336,-1.009968447893631,-0.5187244289600577,-0.6383152839424023,-0.8185181077439823,-0.024984737566746233,0.02452383803125581,0.34501385799472056,-0.6043528672675491,1.5000860627148682,0.12408133374116129,0.6346637574341392,-0.2958730841701091,0.2961333508329291,2.187608932529733,-0.7010026615289333,-0.8769950965056176,0.9664778365683122,1
-0.1749977424843705,-1.0296772261111817,-0.8790386569529866,-0.8681093238500562,1,0,0,1,0,0,-0.5838743016777656,-0.05240280339900311,-0.041896812837936774,-0.46384072723963193,0.7543756323989916,0.31816450706332694,0.44642808443931553,0.5714855989421335,-0.0648505644781418,0.05952746218865592,0.4843128517433921,0.3444539648222687,-0.6556086684944975,0.2792946522612804,0.18727189275175504,-1.8828056054441273,-0.10093933951867616,-0.31013417429504897,-0.09720267704722074,0.5661985568802894,-0.3417011929664141,-0.5967770483737167,-1.803385162242572,-0.1805074822225622,-0.9324160854356797,-0.5661985568802886,0.09720267704722003,0.577342954953057,0.5660657690356972,1.137040481364595,-0.1602567656399366,-0.18699173903207253,2.495414766946269,0.5138790966987595,0.6218547041523672,1.069946747507413,-0.08200549336504998,-0.2553016945782196,1.2003031748711541,-0.06248019957332482,-0.1269445113490324,1.8069307783281299,1.1099319721622063,1.6281183686241134,1.0901944480755505,1
-0.8432045637725518,-1.5450325455404195,0.5693561964423357,-0.13478617003801185,1,0,0,1,0,0,-0.1295925695289965,-0.41000813158888666,-0.630383158037337,-0.020595092672964856,-0.7584313403226951,-0.2994086048735772,-0.06244444504088865,0.18660256589309251,-0.18098190372268633,-0.5239260358529213,-1.1726844184221026,-1.1975422887865426,0.03820566214045652,-0.6111702342789297,-0.9207193456781654,0.020146823213761343,-0.5582698626121444,-0.8641080929276851,-1.5536587379424858,-0.09240503183227083,-0.5238435759966078,-1.1784743063160081,0.2676539396961839,0.15421943418896164,0.680913809549117,0.09240503183227083,1.553658737942485,-0.7038726716844818,-1.009968447893631,-0.7188718357025985,-0.5995537824584191,-0.767313267037611,-0.9071245641463012,-1.2804235184154193,-0.8177176958673952,-0.728375060954584,-0.3318094232724056,-0.9381911455531051,0.9083602497423721,0.9229564242797662,0.9392117013495113,0.9821281108913258,-0.04248097655033679,-0.09762646290970158,1.0901944480755505,0
-1.1516077120594044,-0.17934094905293926,-0.4445202009343899,-0.8681093238500562,1,0,0,1,0,0,-0.2684008765744537,-0.3512794516747757,-0.09306953850744984,-0.4256498501098669,0.17807456053538515,0.05879274390372927,-0.17835628330887035,-0.8956623535489298,-0.26990005960420665,0.02675028546762435,0.33005905956157827,0.8203450751713778,0.21060384599979198,-0.7502904915692487,-1.4076974545073275,-0.5507886640449713,-1.1885595219078218,-1.1262547947143156,-0.19143037735720503,1.3087111581427058,-0.5016726651584793,-0.18087571877620182,-0.18452706632445953,-1.2146931861642474,-1.5286615417206986,-1.3087111581427051,0.19143037735720433,-0.7874302125521474,-1.3852146900196616,-0.5005292101652823,-0.6899972859210471,-1.0745423112758372,-0.11949971898598452,0.5138790966987595,0.6772228733838963,-0.6663639641110671,-0.6648813298155464,-0.482931511569848,-1.0166384128255321,-0.944186652494511,-1.2946394109712458,-1.1116017372174867,-0.5363722402842841,0.06938110143228039,-1.2604211705619852,1
-1.305809286202831,0.6452275620338409,2.1625905351771904,-1.8947617391869185,0,1,0,1,0,0,1.0944443198718534,-0.6501560999505483,-0.3233468040202586,-0.3214929124832349,-0.8622998201831014,-0.25155898649758246,2.122341121399226,0.9711457637199407,-0.12198589064938092,1.1790759529053951,0.8261518013746608,1.2755059574609242,-0.28466230242544266,2.053937665341569,0.6223789146165238,-0.6417211067041102,1.0257969947318846,0.45018365588475323,1.4515106188639773,0.30004743805884815,-0.8988966784168511,-0.7094425041995926,-0.4781090258207938,-0.5756928042510332,-0.6345210845360473,-0.3000474380588474,-1.451510618863978,2.4713138812868096,1.0163612595869336,1.1006500437750428,0.5503707615664309,0.9736513169790033,1.109195039464111,1.4925896140337656,0.7879592118469556,0.8839134569768611,-0.9146852597229018,-0.7864379342253526,-0.5057382938501646,-0.6589286824317738,-0.8207922053274488,-0.15990635171348128,0.12214944469431245,0.29205785388825667,-0.7036964187794109,1
-0.7918040390580765,-1.776942439283576,-0.8790386569529866,0.3052077222492148,1,0,0,1,0,0,0.12278617055365294,-0.5210692985551757,-0.6559695208720935,-0.011915347870745526,-1.03699098643529,-0.39153030006474465,-0.21732626616988465,0.883412696576818,-1.5110465266783133,-0.39904896659478345,-1.0970920474754593,-1.2188517320217747,0.2030606911289329,-0.15370551387104145,0.7138609330449647,-1.4976450758734328,-0.16122784563914203,-0.9385201807265565,-1.4375436385994584,-0.2366301126415829,0.1486167250140017,-0.49738143841148935,0.5606623534152626,0.3792186375232168,0.5099911045112748,0.2366301126415829,1.4375436385994576,-0.20252742647848845,0.5660657690356972,-0.221535855312043,-0.9397936288178314,-0.9436854961373332,0.3845801819166189,-0.7638818564886103,-0.17175572149955282,0.139780294854656,0.11228645211844858,-0.482931511569848,-0.058700689746716966,0.2357440418559006,0.38074892326932136,-0.3502454288142823,-0.28942660841731066,-0.4316415915936655,0.16231986177126023,0
-1.7684140086331095,0.026801178718756015,0.27967722576327125,-0.8681093238500562,1,0,0,1,0,0,-0.6343500496942954,-0.014607118305763387,1.6979758599255073,-0.6981938368995538,1.651329496102748,0.5283450737616215,0.660918949703831,-0.05968394280508519,0.6586481144607764,1.0245635672175846,1.1569057427374578,0.7473649875448583,-0.947168510393518,0.16133454284322418,-0.4761318838059653,0.7177265358200265,0.3449662533254888,0.41680609939317537,0.416552302523086,0.6061852033378367,-0.7578203138522561,-0.39506038439206903,-0.17914808609444774,-1.0420566482814282,-1.0971040948008857,-0.6061852033378367,-0.4165523025230867,0.10385022336961848,-0.4846237089171882,-0.1457224436671417,0.24027874969456073,0.3762615087380082,-0.6235796198885869,-0.22015379130249568,-0.4301405112466897,-0.046252995675895824,-0.8175392869811524,-0.5588081172337243,-0.669956189235104,-0.6524455467485302,-0.9815617929565941,-0.6198924547070837,0.2044646553166367,0.5704037944582268,-0.45626319576493324,1
0.030604356373531493,-0.7977673323680251,-0.8790386569529866,-0.8681093238500562,1,0,0,1,0,0,1.6875343590660796,-0.704233003237799,0.11162136417060241,-0.5159191960529479,-0.6482384387718629,-0.14289116158761306,-0.4868915599890723,-0.7693267001992496,1.2510169226756243,-0.662706189145508,0.36606278140378273,0.04594726799333373,-0.16981066075715903,-0.9320921001457001,-0.31106613614063067,0.08094174821871787,-1.3105956017310278,-1.4419244076229771,-0.7989105922128035,0.8550163918650944,-0.25430087753984676,0.7443058132457164,-1.6288433916451994,-0.4042908567359384,-1.8836580803331227,-0.8550163918650944,0.7989105922128035,-1.038102835155144,-0.6347222057676005,-1.1919475243667854,-0.9742482968035945,-1.3647030752786062,-1.2536794960168407,0.10608304780917345,0.5664865349208381,-1.1004416420156866,-0.4011994038022266,0.38964945356472797,-0.7155722712864762,-1.3655904719053722,-1.4046396551385556,-0.6198924547070837,0.41025268187244807,0.9879227053131819,-0.76555472453303,1
1.0072143259485644,0.20717554051898904,-1.168717627632051,-0.4281154315628296,1,0,0,1,0,0,0.04707254852885811,-0.5111842732230976,1.2630076917346462,-0.6686827045720081,0.5571174424961342,0.12363568469362869,-0.7267820704273257,0.3003894832472072,-1.3994708636643567,-0.9559920270861568,-2.095889712660589,-1.1946486810822203,1.7176568358107631,-0.9264600276652568,-0.42202092678984576,-0.8424383649811674,-1.6739675864004122,-2.3975399842573477,-1.1537067290942782,-0.4851260289008703,0.08490021726882034,-0.8350652929488287,1.0665542408207593,-0.36839405073582004,0.3840281233458737,0.4851260289008703,1.1537067290942775,-0.9545452942874786,-0.5596729573423944,-0.600602913536552,-0.9096457943302884,-1.4329761962204342,-0.7811045889206503,0.35076067714292497,1.1201682272361313,-1.1004416420156866,0.5008703430854462,-0.4070549059059717,1.6747104282054248,2.0899208472636905,1.7684443112261554,0.8235122133073248,0.4514102871836102,0.23638866577426285,1.275769365336409,1
-2.128217681634438,0.23294330649045036,1.7280720791585935,0.5985369837740325,1,0,0,1,0,0,0.3246891626197725,-0.5582835115700578,0.09882818275322415,-0.5147618967459854,-0.1457863047554665,-0.031540180507027164,0.5853374585728982,1.0706790565548039,-0.45942086733011167,1.162070902904097,0.9762257272619219,1.5753742644803719,-0.03369578749275857,-0.37766871898913656,-0.2710694357447992,1.3112099578644494,-0.5240692536935668,0.22998559569910595,1.0345842828972671,1.122534507594003,-1.191288118918385,-1.7410920163069,1.9456832713779197,-2.089540920258462,-1.0446050859012783,-1.122534507594003,-1.0345842828972678,-0.6760201580619267,-0.7097714541928067,-1.5558519002623137,-0.7804407893836761,-0.9209277891567239,-1.537224440274555,0.02452383803125581,-0.4301405112466897,-1.5965304167638241,-1.2477571662660425,-1.772833807855743,-1.308581337954314,-0.2829068128036209,-1.057715808149347,-1.7460653275534903,-0.5363722402842841,-0.04195727479570725,-0.9511296417938885,1
-2.128217681634438,-1.3131226517972627,1.7280720791585935,2.2118479221605303,1,0,0,0,1,0,0.3246891626197725,-0.5582835115700578,1.096696333308729,-0.644379419125794,0.3235322681661681,0.06863098319598987,-1.424072534951154,-0.7878835598175663,1.689488852460373,-0.9038589254932051,0.29637045948247365,-0.2990368247349852,-0.48495278264108393,0.04962473308353129,-0.49404827278743396,1.6060073224533427,-0.2079896337974401,0.7811724278276736,1.37244176550182,-1.7690215962405291,2.029791974205407,0.5864681978485291,-0.6957053832150487,1.0148161356979937,0.377366720541313,1.7690215962405291,-1.3724417655018208,-0.5646101035717058,-1.0850176963188372,-2.3564415272324757,-1.4264658141167375,-1.4159079159849774,-2.041304341177158,-0.5463906304141645,-1.0945585420250417,-2.340663578886029,2.582569758980075,1.1104772073715516,1.4101371523074657,0.7673611678819103,1.1761353041714093,1.331083085576127,2.180029710252426,1.2384340518261547,0.904619530814692,0
-1.3315095485600683,2.113990222407169,-0.4445202009343899,-0.4281154315628296,1,0,0,1,0,0,-0.43244705762817587,-0.27917691395844146,-0.16982862701171944,-0.39208817020795217,0.3331423243513398,0.08830746178051108,1.2477963254427766,-0.6751871785928815,0.029415599570468035,-0.010230697700418338,-0.1070666357523087,1.1147051417809422,0.38675997811175233,0.8260351409849961,0.3592489353080225,-0.47986427327221143,-0.22486193486131606,-0.5350252743147793,0.3169427525726682,1.20598490020106,-0.9097265852615906,1.286603289004908,-0.5224294267457258,-0.20914823288091208,-0.3831561759786262,-1.20598490020106,-0.31694275257266885,1.1343932274041606,0.7161642658861095,1.0460643873907127,0.6020527635450756,0.47867119015075044,0.8256500952063961,1.247911984700014,1.1755363964676604,0.6358690696027934,-1.0257092285706153,0.5793409677244183,-1.262965255902942,-1.2942759793896883,-1.277716296483967,-0.6992004034990842,-0.7010026615289333,-0.2089648391376897,-0.9511296417938885,0
-1.7684140086331095,-0.30817977891024867,0.5693561964423357,-0.4281154315628296,1,0,0,1,0,0,-0.6217311126901629,-0.02042183908933873,-0.3745195296897717,-0.2838806850069512,0.5182002742630593,0.20368317711702177,0.7940583428358874,0.8078759803467683,-2.145094944410068,1.6998926881378917,0.835948257324756,-0.6680225594295998,-1.1056523050478362,-0.5903034473097502,0.7893049176724163,-1.668706194594483,0.248222294661719,-0.4569018188457477,-0.9878020566370264,0.06858695651968806,-1.693981704455121,-0.3181267971974852,1.2555278539590458,-2.050312375400681,-1.532849373274379,-0.06858695651968806,0.9878020566370257,-0.5646101035717058,0.7161642658861095,-0.027453521501095285,-0.8838047933409655,-0.7502449868021539,0.8886600828192224,-0.38327221085833024,0.06817301183707392,0.20179139169817292,-1.6085850650211115,-0.482931511569848,-0.6334633235940058,0.054216242725068246,-0.7700228618656133,-1.3336639938350878,0.5337254978059351,0.6260729825722207,-1.198562864808365,1
0.3904080293748593,0.4648532002336079,-2.327433510348309,-1.6014324776621007,1,0,0,1,0,0,0.1480240445619179,-0.5239766589469633,-0.08027635709007157,-0.4395374417934178,-0.17312751669572535,-0.06329086185932274,-0.23857242803220588,-0.28113258942892017,1.2037388368050879,0.7897518834737866,0.7256748797132307,-0.6648716043864406,-1.391865418431571,-1.186873560805424,0.6725074511875238,1.3349341382157442,-1.0651282478133888,-1.2135853890995079,-1.802476807963261,0.8808689828809136,-0.854169308776586,1.059566503201777,-0.30407124705297967,-2.1230667818042797,-2.1282428114805176,-0.8808689828809136,1.8024768079632603,-1.2052179168904753,0.26586877533487285,-0.8644335860608106,-0.12149526415595328,-0.5283573437412127,-1.94678935975792,-0.7910682597479163,0.012804842605544792,-0.6663639641110671,-0.859173275299045,0.8069707847160468,-0.3871364805165972,-0.47740088330094144,-1.2269469530221315,-0.5405845059150832,0.8629863402952329,1.5724491805101195,-0.8274130302866491,1
-0.3034990542705592,-0.23087648099586283,-0.15484123025532542,-1.161438585374874,1,0,0,1,0,0,1.1196821938801182,-0.654226404499051,1.5060781386648334,-0.6871994934834094,0.1051694672648296,0.0279364479416392,-0.4336981284125174,-1.5991260021019424,1.2606483705540636,0.23754551269613894,0.3351757851040917,-0.5077309055212489,-1.6615175600146943,-0.6624285878548721,-0.8809236203500442,0.2872760391446265,-0.4622945668051012,-0.2810100934545591,0.3758588387947461,-1.0652566185876786,-0.05882303488599332,1.3123606787392985,-1.4346638399730611,-0.7793120414261995,-0.7100965982744909,1.0652566185876786,-0.37585883879474674,-0.4253475354589299,-0.5596729573423944,1.2098213565437015,1.1963957862994923,0.9224464762726329,0.6366201323679207,0.758556726032511,0.6218547041523672,0.9459245538203791,-0.19302946221276363,0.9587239960437993,-0.5331079430809875,-1.1386807229918314,-1.3200240827021632,0.6490347259649236,1.6449808412073161,1.127095675598167,-1.538783546453272,1
-0.7661037767008384,-0.2824120129387873,0.27967722576327125,0.3052077222492148,1,0,0,1,0,0,0.021834674520593164,-0.5018807199693771,0.20117363409225028,-0.5298067877364988,0.11991632015558037,0.023464520990611654,0.8071868667627532,1.133958196642906,-2.0037067074827433,1.1165412553643872,0.042035748950687346,-0.23989098244785448,-0.16102334094252013,0.1917520402838169,0.9824732896619839,-0.7969622527992527,-0.02703149752200549,-0.6632941008070833,-0.35678002163742906,0.02666739313143155,-0.9308166080343742,-0.5721730379448372,1.9382639883843693,-1.535179172982602,-0.7022261220940915,-0.026667393131430846,0.3567800216374284,-0.17467491285593337,0.340918023760079,-1.264728399545891,-1.4135453136220761,-1.347634795043149,-0.8126095827270634,-0.38327221085833024,-0.26403600355210183,-1.4104971262332722,-0.6926373220274746,-0.17942508891434333,1.3918907194869166,2.3622125459599386,1.3792126780187515,-0.3502454288142823,1.3568776040291806,1.5167799923961247,1.3376276710900281,1
-1.280109023845593,-0.8493028643109486,-0.4445202009343899,-1.161438585374874,1,0,0,1,0,0,-0.6848257977108253,0.26449947930585305,-0.06748317567269331,-0.4453239383282307,1.0697410290860936,0.5475743596510401,0.24878339736575594,0.58999152153918,-0.8043517297765934,1.0160326212207016,0.4384911875721989,0.5219484580254797,-0.803424579167338,0.1126330688020511,0.005923714979361537,-1.6159799202581506,0.8993158428237137,0.18728679126428902,0.8063022000563537,-0.08780526073650123,-0.23339773486441548,-0.803847631370524,-0.5243282148029796,-0.4808483269642007,-0.38721092011937114,0.08780526073650123,-0.8063022000563543,0.49378541408539117,0.491016520610491,1.5009448572601232,0.26611975068388355,0.6322857122698633,2.3378897979142055,0.5954383064766764,0.2342775195316623,1.13195784435093,-0.3318094232724056,-0.8623145398892288,-0.47836864461934153,-0.6589286824317738,-0.7869459763528921,0.062155904904119784,0.6160407084282594,0.6260729825722207,-0.2706882785040748,1
-0.5091011531284612,0.6194597960623787,-0.4445202009343899,-0.8681093238500562,1,0,0,1,0,0,-0.5333985536612357,-0.19195610220481132,-0.029103631420558513,-0.4864080637254022,0.6445635680919086,0.22827877534767327,-0.4032302801147287,-0.5738529512809618,1.0676563764058657,-0.2704566382945607,0.36427405651626643,0.2574513222136852,-0.29001477053858593,-0.40714084958128677,-0.29319819438304234,-0.3629694614472658,0.26972513272738613,0.24971428415867486,0.3637290563372595,-0.009609152108407288,0.15389118050556885,0.49391167011739723,-1.8242713373602335,0.6328242944135509,-0.22977671860525886,0.009609152108406583,-0.36372905633726016,-0.11896988561082296,0.11577027848446049,1.3553831069019124,0.9250652759116064,1.0077878774499178,1.3927399837218248,0.5954383064766764,0.4557501964577793,1.3800022317249987,0.11228645211844858,0.4275877563966659,-0.07694712256726609,-0.996051737960463,-0.7192535184037778,0.9504049313745251,0.12214944469431245,0.1250502895462747,-0.1469716669968365,1
-0.9460056132015023,-1.596568077483343,0.5693561964423357,1.0385308760612593,1,0,0,1,0,0,0.097548296545388,-0.5187434102417455,-0.2721740783507456,-0.35042539515729937,-0.3242605360271608,-0.12813380264922217,-0.6913449694440089,-0.14183611926230238,-0.49082386572557124,-0.9037043416240108,-1.049170551336893,-0.9697812495265259,0.8992071762655809,-0.5881629681598046,0.606505225881379,-1.340212065992676,-1.1422421131705498,-1.7300869153549299,-0.7917349400062124,-0.5374328853480426,0.37364650154201673,0.8022581459582272,-0.6758112096200256,0.08821853675679882,-0.32512003787133875,0.5374328853480426,0.7917349400062116,-0.6203151308168162,0.41596727218528484,-0.3549674598070702,-0.9613277963089331,-1.2964299543367779,0.038025250046078915,0.5138790966987595,1.0648000580046022,-0.6663639641110671,0.22331042096616224,0.5793409677244183,-0.3871364805165972,-0.6589286824317738,-0.5838686025055501,-0.0647368131630805,0.36909507656128593,0.1250502895462747,-0.3944048900113141,0
0.31330724230314594,-0.30817977891024867,1.0038746524609323,-0.4281154315628296,1,0,0,0,1,0,-0.7731583567397526,0.6337342490628872,1.007144063387081,-0.6293345281352805,2.209838210337128,0.9737489980839653,2.6703387743222087,-0.46848113952618486,-0.3602768167868818,2.798638352653542,2.6553907385824167,0.5686014047252564,-2.2276969941150107,2.9479817140186,-0.45843826906300594,-0.8427331626867165,2.3830862900681407,1.8145230664565868,-0.16027754582615011,0.9344658179137063,-0.7675824753098157,0.18375167220847508,-0.35435507773129177,-1.4177522895432009,-1.6806094043438542,-0.9344658179137063,0.16027754582614942,2.2763462859289234,-0.6347222057676005,-0.7643598826895395,-1.0388507992769007,-0.18699173903207253,0.2270552128845555,-1.7697787770829225,-1.9250810804979817,-0.10826409251941274,-0.7759052986632599,0.04820472807728505,-0.3415203984652251,-0.46443461193445323,-0.9561771212256767,-0.5405845059150832,0.12214944469431245,0.6817421706862145,-0.5799798072721716,1
-0.25209852955608386,2.113990222407169,-1.168717627632051,-0.4281154315628296,1,0,0,1,0,0,-0.7983962307480176,0.8256200349208735,-0.16982862701171944,-0.39208817020795217,1.891365728399917,0.9379735824757449,0.09878620862276483,-1.3902264783302023,1.2011716796574183,0.05832046697056075,0.7350541722308203,0.8567349444786555,-0.19700458159378678,-0.7688801737357188,-0.9219107734835362,1.4828850509197549,-0.6392583285813506,0.26366729832554464,0.416552302523086,0.7553527801229527,-0.9056206379708893,0.984579496233656,-0.1518854582959391,-0.71266480421624,-0.6981866257480003,-0.7553527801229527,-0.4165523025230867,-0.5089050763265954,-0.5596729573423944,1.4190663726836301,2.113751321420439,1.673450806632741,0.3215701943037938,1.4110304042558486,1.2862727349307197,1.876091006473136,-0.9979532363586869,0.4275877563966659,-1.0805009276974533,-0.9830854665939747,-1.159254495073018,-0.794369942049485,-0.37174181903963527,-0.04195727479570725,-1.0748462533011267,1
0.10770514344524394,-0.1535731830814779,0.27967722576327125,-2.6280848929989626,1,0,0,1,0,0,1.0187306978470585,-0.6362007700699674,-0.4001058925245282,-0.2838806850069512,-0.9374390935666858,-0.2698938869967954,0.6857752325696224,0.8941559561243404,-0.9132064362688879,0.2455917924563396,-0.9940274274336067,-0.15732015009030498,0.5030808483817897,-0.538968370585393,0.8748009457708555,-1.1175189730889867,0.1385266569933923,-1.350191345604818,0.11588809585456525,-0.3295023237687909,-1.4921179999264942,-0.3509007275692638,0.12538499614076218,-0.1944180055579619,-0.02591471644526734,0.32950232376879157,-0.11588809585456596,-0.3766056366194584,1.128935132224743,0.7412944725782085,-0.008440884827667541,0.0519641842643253,0.10891148611050791,1.2071323798110556,1.2585886503149546,0.2948080369634488,-1.4142931195376127,-0.4070549059059717,-0.2685346671830286,-0.16621037050522874,-0.2284831982727022,-0.1916295312302808,0.5337254978059351,0.4033962301162448,-0.023255055489598248,0
-1.7684140086331095,0.38754990231922204,0.5693561964423357,-2.334755631474145,1,0,0,1,0,0,-0.6217311126901629,-0.02042183908933873,0.13720772700535894,-0.5188124443203543,0.9915822993310592,0.3852434113287402,0.6127720494986967,0.06771906836582404,-2.005378550802407,1.0280709892532045,0.8052111103445804,0.17045417184944292,-0.6771421776917945,-0.4800036575706251,0.7685801818210939,-1.4338477849214275,0.21061792447394867,-0.1966982320483587,-1.4375436385994584,1.6582174387675228,-1.331688450287521,0.6770002073985038,1.300540915433217,-1.180012452299619,-1.2388514188298312,-1.6582174387675228,1.4375436385994576,-0.45320004908148526,0.7161642658861095,0.018034525485845748,-0.7287587874050313,-0.6136987449184976,0.9831750642384596,-0.7910682597479163,-0.2086678343205727,0.5118468759157585,-1.3032691506898992,0.35171115073279,-0.669956189235104,0.04124997135858002,-0.4315605721200442,-1.7777885070702906,-0.6186874509066087,0.18071947766026855,-0.5181215015185524,1
0.6217103905899984,-1.2873548858258006,-0.4445202009343899,-0.4281154315628296,1,0,0,1,0,0,-0.11697363252486404,-0.415822852372462,-0.7071422465416066,0.265836485800273,-1.03699098643529,-0.5252409159004683,-0.49635415370316227,1.3307286833103553,0.5547212071965989,-1.3419372824159488,-1.248630974239786,-0.9387731308045356,1.5908873187683383,-0.791265528144228,1.9734399413073334,-1.020001667212591,-1.0488706430210033,-1.4258440613532941,0.12891477706591967,-1.408230689975459,-0.10043065920034608,0.1504819313677476,-1.7833257804710616,0.7728285188118579,0.23122221153507716,1.408230689975459,-0.12891477706592036,-0.7038726716844818,1.9920014891146134,0.2909628074074919,-0.3023822710812103,-0.6819718658603261,0.4790951633358572,1.9003856629233515,2.0060589349406004,-0.23228628620644656,0.19555442875423396,0.5793409677244183,1.2732889061533492,0.002351157259115363,0.31305646532020776,2.473117548180934,1.1922471827845313,0.514734606344233,0.8427612250610729,0
-1.5885121721324456,-0.514321906681944,1.0038746524609323,-0.4281154315628296,1,0,0,1,0,0,-0.25578193957032125,-0.3547682841449209,-0.5536240695330674,-0.18840349218253855,-0.4395669100812881,-0.12723941725901666,0.5186146322571198,1.095276256747122,-0.527400703898054,-0.33014139281245214,-0.6235175089487328,-0.18784206028571543,0.5642668778516393,0.34412961873535897,0.8610521087489968,-0.7736351208667812,0.01970431985889469,-0.21280367608499362,0.6312676384277316,-0.8822777243979375,-0.37729601034868937,-0.6407179350340905,-0.056454257127674184,0.46553818901856675,0.6028419281827022,0.8822777243979375,-0.6312676384277323,0.15955525061472892,0.5660657690356972,-0.5278220383574467,-0.8192022908676594,-0.767313267037611,0.06953024385249205,0.35076067714292497,0.06817301183707392,-0.5423417704240322,-0.08200549336504998,-0.2553016945782196,1.3918907194869166,1.143383037510063,1.294597105582359,1.331083085576127,0.6983559190505837,0.29205785388825667,1.5232025883508855,0
2.266527181453213,0.3102466044048362,1.0038746524609323,1.0385308760612593,1,0,0,1,0,0,1.5487260520206223,-0.6966738662191511,-0.7966945164632545,0.6332790157608913,-2.402366087432291,-1.025202349025348,-2.262900065127834,0.2454519404439445,1.030828172091341,-1.6528400560238645,-1.1452933503411526,-1.0475315809947445,0.9627080488952365,-0.42461975914779887,0.3847402089449976,0.5299447444397891,0.16688341326836229,0.1331171718646801,-1.0760532349843712,-0.36149164093482894,2.722342565457068,0.04853380407421083,-0.8766332837113805,2.3983590192432263,1.618900456461077,0.36149164093482966,1.0760532349843703,-0.6481676444393714,-0.10937746679115769,-1.2374355713537264,-0.8192022908676594,-0.71610842633123994,-1.2851844898232538,-1.1988643086375024,-0.9284540343304539,-1.0384305451721696,1.9996939225295793,-0.2553016945782196,-0.8889133830816909,-1.1516469943583196,-0.29617565622181696,-0.0012904541294803558,-1.6064699783745033,-1.8790404825575102,-0.45626319576493324,0
-0.25209852955608386,-0.1535731830814779,-1.168717627632051,-2.6280848929989626,1,0,0,1,0,0,-0.7983962307480176,0.8256200349208735,-0.4001058925245282,-0.2838806850069512,1.6244573095884214,0.8543485484915297,0.3801932923687215,-0.5795000526881139,1.042162474763763,-0.4036077305896283,0.07540857399557344,0.2840044729557248,0.06329697166367892,-0.8555161994184861,-0.8624801565459634,1.7881995391465861,-0.7522443204577383,0.24109116084063256,0.739614474082317,-0.34619240229020387,-1.3834897341886634,-0.06863167855840126,0.3722970678845521,-0.20066458589649747,0.13734375457206727,0.34619240229020387,-0.7396144740823177,-0.6481676444393714,-0.5596729573423944,1.1188452625698195,2.0103873174631492,1.519836284513628,-0.08799472517957138,1.3294711944779316,1.009431888773073,1.2559800380379649,-1.3587811351137562,-0.3311783002420958,-0.8250508682097696,-0.5292659687668935,-0.5669454880182719,-0.635754044465484,0.12214944469431245,-0.04195727479570725,-0.5799798072721716,1
0.31330724230314594,-0.514321906681944,1.0038746524609323,-0.4281154315628296,1,0,0,1,0,0,-0.7731583567397526,0.6337342490628872,-0.5536240695330674,-0.18840349218253855,1.0212840512104937,0.6329881644156662,2.1516827084194303,0.415128113037769,-0.6924588814265153,1.5572408287074022,0.8075554360053206,-0.40739721283554475,-0.8941669161304804,2.589273217118978,-0.11121182247024605,-0.7773849096736519,2.4289954166607584,1.6693594869052322,-0.01835909107355938,-0.5374328853480426,-0.40479589375228164,-0.6811859254786339,0.16541762491276044,0.30481838107967,0.5799430068895284,0.5374328853480426,0.01835909107355796,1.7192960134778195,-0.4846237089171882,-1.2101427431615621,-1.3618633116434313,-0.5283573437412127,-0.34003467563087314,-1.6882195673050053,-1.8697129112664523,-0.6043528672675491,-0.1375174777889068,-0.3311783002420958,1.2641656897430753,1.1693155802430386,1.243827762120523,1.109020828958526,0.36909507656128593,0.1250502895462747,1.5232025883508855,1
-1.7684140086331095,-0.2566442469673251,0.5693561964423357,-1.161438585374874,1,0,0,1,0,0,-0.6217311126901629,-0.02042183908933873,-0.822280879298011,0.8242334014097165,-1.1531482284226375,-0.6526908340047534,0.09609670115995776,0.7956957119165335,-1.9536845419336042,0.5273717393795985,-0.26153120117332146,-1.2449540587597652,-0.4890932291421083,-0.5988760352613495,0.24466917928593543,-0.9807110215263265,-0.14110246738478346,-0.30302426285090966,-1.3392924006938196,-0.3696749546284684,-0.7320146803080578,-0.8470131231688771,1.6852322204192234,-0.8523599879953225,0.044159156481411714,0.3696749546284684,1.339292400693819,-0.6203151308168162,0.11577027848446049,-0.30038180342274146,-0.7416792878996918,-0.7502449868021539,0.4475901695294441,-0.7910682597479163,-0.26403600355210183,0.139780294854656,-0.5261013687559044,-0.5588081172337243,1.0543317123067637,1.8824605053998806,1.3284433345569153,-0.12818317219668063,1.0276167615398821,0.9044189231421907,1.0901944480755505,1
0.31330724230314594,-1.0812127580541053,1.0038746524609323,1.0385308760612593,1,0,0,1,0,0,-0.7731583567397526,0.6337342490628872,-0.5408308881156891,-0.21560002589615912,1.048156237724814,0.6540062210854957,1.7754665574096338,-0.052993600625905586,-0.6540045006548946,1.3063479523000858,0.3727995936722177,-0.5400060793921768,-0.7092107331428962,2.459486012610851,-0.43769191517157235,-0.7055310798653098,2.187664331560307,1.2181708075880826,0.3041828515459608,-1.0381887348318,-0.011340023165150918,-0.3657347722680595,0.1850553675690271,0.40445869794283673,0.7046489659070111,1.0381887348318,-0.30418285154596153,1.8307060679680403,-0.6347222057676005,-0.8280431484712572,-1.0259302987822392,-0.23819657973844427,-0.34003467563087314,-1.1988643086375024,-1.4267675574142176,-0.5423417704240322,0.05677446769459199,-0.2553016945782196,0.31535118307453414,0.36540675552078095,0.5161338391675497,0.4428340591057229,0.2044646553166367,-0.26463402725168356,0.10046155601764112,1
1.0586148506630406,-1.5450325455404195,-0.8790386569529866,-0.13478617003801185,1,0,0,0,1,0,0.3751649106363024,-0.5640982323536332,-0.8350740607153893,1.7761120813864362,-2.559623173754732,-1.8064479873698602,0.24618478805134128,0.5477836213111208,-1.4617908058670286,-0.230464523198568,-0.19893247893321642,-1.0445308730749143,0.21651929687369123,-0.7188972685800175,-0.5229534179994979,-0.9273824712253548,-0.8654500781606399,0.22849981714275558,-0.40749033797582196,-1.020471574555225,-1.0606396208446163,-1.2757334653853414,1.0663870547452021,-0.546822780307025,0.48170756308248414,1.020471574555225,0.40749033797582124,-0.8152827261747027,-0.7097714541928067,-0.8462383672660339,-1.1422148032341901,-1.3647030752786062,0.8571550890128092,-0.5463906304141645,-0.4301405112466897,-0.4803306735805153,-1.0812212129944723,-1.317574173872486,-0.7338187041070253,-0.127311556405765,-0.33002188519637315,-0.5723076854318833,-0.37174181903963527,-0.8213259083916238,-0.76555472453303,0
-0.48340089077122306,-1.6223358434548052,-1.168717627632051,-1.161438585374874,1,0,0,1,0,0,0.48873534367349464,-0.578053562234214,5.280066656791422,-0.776890189773009,0.9891666006294079,0.15583355874102703,0.6045267349512293,-0.18253614186862965,0.6312276063956731,1.8477271917826683,3.1416175433014684,0.06404083929027214,-3.01307107225378,-1.1478604214725847,0.17371235298045914,1.4309885459322682,-1.1345664139558767,0.48556892874881813,-2.5986946320297393,2.664697762972419,-1.9875377490706807,0.42455780505026486,0.5750962004597814,-3.6211768653657286,-3.6101931194425028,-2.664697762972419,2.5986946320297384,-1.0938078624002545,0.11577027848446049,-0.11842961547497735,0.6278937645343975,0.10316902497069583,0.006520256239666901,-2.0144564064166746,-1.4267675574142176,0.6358690696027934,-1.858388994928467,-0.5588081172337243,-2.49459947128999,-1.9166570049811138,-2.8007966003390283,-2.6025911745070953,-1.0302635040182315,0.29205785388825667,-2.6213038971416105,0
0.6731109153044746,2.01091915852132,0.27967722576327125,0.3052077222492148,1,0,0,1,0,0,0.6780193987354818,-0.5989865570550853,0.4954168066919504,-0.5737841614010768,-0.0929610013090285,-0.017230014263739015,-0.10302509105471218,0.7814491739536041,0.9543170595840502,-1.076224878052495,-0.09744702410240619,-0.09731535691335426,0.7806615996113226,-0.08497119835089534,0.49233980757424267,0.5935535022377727,-1.4569925840160975,-0.6397520267241584,-0.5252107151899527,0.38817105265189955,0.05835667681324056,-0.5793483042657563,-0.7081193625947153,0.009181472351102778,-0.49790743257261927,-0.38817105265189955,0.525210715189952,-0.48105256270404034,-0.18442671521636386,-1.6468279942361959,-1.1551353037288514,-1.5695224381040902,-1.1906695084040155,-0.22015379130249568,0.012804842605544792,-1.720552610450858,0.029018475482663446,-0.5588081172337243,-0.058700689746716966,-0.41256952646850126,-0.38079122865820925,0.09387908442092041,-0.20711139779498602,-0.04195727479570725,-0.20882997275045564,0
-0.8689048261297889,-0.41125084279609675,-0.15484123025532542,0.5985369837740325,0,1,0,1,0,0,0.5139732176817596,-0.5803794505476442,-0.016310450003180245,-0.4910372609532525,-0.3293624444911195,-0.06686840342014477,-1.5029679913825937,-1.337395053968543,-0.21226898507583447,-1.7823082943218238,-1.9822623707843126,-1.2285374297393237,1.9730794637646438,-1.1570171696993383,-1.051325529334816,-0.24868093994483303,-1.926595189344039,-2.2868741040534593,-0.900375655657412,-0.7825969144484197,0.9338356550688947,0.782421846845277,0.040278451705625634,0.49740471019427557,0.3443507065512778,0.7825969144484197,0.9003756556574113,-1.0659553487776992,-0.9349191994684248,0.22727954162577424,0.05939174276930372,-0.71610842633123994,-0.43454965705011084,1.247911984700014,2.0614271041721297,-0.29429738304996345,0.6674062963570164,0.5034643620605421,-0.5239847266707137,-0.4255357978349895,-0.21156008378542468,-0.44541496736468245,-0.12479618717266176,-0.48731077970765985,-0.3944048900113141,0
0.18480593051695732,0.05256894469021735,-1.6032360836506476,-0.8681093238500562,1,0,0,1,0,0,0.13540510755778543,-0.5216507706335333,0.6361418022831113,-0.5911436510055155,0.2641024591001988,0.055662395038009994,-0.03120542241413618,1.08244166887877,-2.19226367640881,0.6893027632781539,0.011905347095208265,0.23470621049977614,0.1775185993585625,-0.7486632297532226,1.2861877162680524,-2.3045456299614564,-0.5814758688965335,-1.4588299414099206,-0.7279513648365089,1.0420845785413573,-0.704663578448598,-0.19721054153878562,0.6810517783407771,-1.5077850810354212,-1.4397410338777017,-1.0420845785413573,0.7279513648365081,-0.7874302125521474,0.9413120111617277,-0.50962681956267,-1.5427503185686884,-1.6377955590459181,0.6051151385615076,0.18764225758709038,0.6218547041523672,-0.8523972546416179,-0.5816133531797613,-0.02767187758659086,0.5251851605108457,0.8192262533478623,0.09305597698558829,-0.5405845059150832,0.36909507656128593,1.0714264874841732,0.22417816752487937,1
-1.3572098109173063,0.2587110724619126,-0.4445202009343899,-0.13478617003801185,1,0,0,1,0,0,0.766351957764409,-0.6077086382304483,-0.1826218084290977,-0.39093087090098955,-0.5865652067002205,-0.1652507963427508,-0.7488918490822986,-1.5266970304355905,0.9152767656673706,-2.969940654270913,-2.4439958390006193,0.9946897760534473,3.1342016277555356,-0.7304784710505199,-1.476487233881229,0.8586975129372847,-3.17978353957395,-2.1986987727562677,0.6912331826893887,0.6710815639820534,0.3114668648894495,0.6163270881163275,-0.38830581259092967,0.8591792926983922,1.0307128781506245,-0.6710815639820534,-0.6912331826893894,-1.038102835155144,-1.685411683720486,-2.1926845580794883,-1.5427503185686884,-2.4229364498769406,-1.8207693845322692,1.4110304042558486,1.1201682272361313,-2.340663578886029,0.44535835866158957,0.8069707847160468,0.5799244589724931,0.2746428559553643,0.6176725260912207,1.2041903675089267,-0.7010026615289333,-0.48731077970765985,1.1520527538291696,0
-0.2006980048416086,0.49062096620506923,-0.15484123025532542,-0.8681093238500562,1,0,0,1,0,0,0.19849979257844777,-0.534443156357399,0.41865771818768077,-0.5651044165988575,0.11933574346871614,0.02570048446612543,0.021754689601805908,-0.11235318583691146,-0.2567796762060021,0.38134727421998493,0.19844068707797802,0.9774422163950914,0.025973122977746663,-0.7204889978295178,-0.1029737717852792,-0.8519630553041114,-0.3495013546340846,-0.7458822100368845,0.09840925777350726,1.2355135006620177,-0.7501545428275178,0.051051409486151014,-0.5051142880331191,-0.8617351255229111,-0.986191415934083,-1.2355135006620177,-0.09840925777350797,-0.6481676444393714,-0.03432821836595151,0.20908432283099887,-0.2765412700918884,-0.3918111018575571,0.4475901695294441,0.5138790966987595,0.5111183656893089,-0.4183195767369984,-0.7759052986632599,-0.1035484832504671,-0.44187577897824326,-0.62002986833231,-0.8884846632765624,-0.2233527107470814,-0.20711139779498602,0.45906541823023866,-0.45626319576493324,0
-0.8432045637725518,0.33601437037629844,0.27967722576327125,3.2385003374973924,1,0,0,1,0,0,4.122989200863647,-0.7681949318571277,0.39307135535292426,-0.5610538690244884,-0.9255430279600437,-0.1572013278309012,-3.0950175894605834,-0.6832264449616013,-0.9089489430417187,-2.704829780902538,-1.9264844408116288,-0.38159712043064936,2.1459744780667567,-0.7178947167243622,-0.7378965955886795,0.08094174821872015,-1.420600539526296,-0.6914632188299523,-0.16027754582615011,-0.36149164093482894,3.5863853569711504,0.19854112653565997,1.323902306075245,2.2454073556354435,1.8294448736972018,0.36149164093482966,0.16027754582614942,-0.8988402670423681,-1.009968447893631,-1.3738997123145495,-1.1292943027395286,-1.5353858776331764,-0.7180946013078251,-0.05703537174666111,0.012804842605544792,-1.4104971262332722,3.3597375409140704,0.19995793940503753,0.05077790717657645,0.7284623537824456,1.6838287387897632,-1.238494455284687,-1.6064699783745033,-1.8790404825575102,0.40975308478573785,0
-0.4063001036995106,-0.17934094905293926,-0.8790386569529866,0.3052077222492148,1,0,0,1,0,0,-0.7353015457273552,0.5174398333913804,0.21396681550962854,-0.5321213863504239,1.5365566440209162,0.8091820862861515,-0.9384084685819477,-0.3116368524484628,0.25522228996631247,-1.1179428182602158,-0.901896532007415,0.6910110857631205,1.1692815539197967,-1.0147597010737137,-0.038697624197100225,0.9828394636738725,-1.4767090286049143,-0.8866916272329171,-0.3471945350124867,1.286800017252106,0.2909438821941311,0.3889649296602986,0.638761455934427,0.04598922920449996,0.3068278693912404,-1.286800017252106,0.347194535012486,-0.9545452942874786,-0.03432821836595151,0.018034525485845748,0.5245297605771081,-0.135786898325702,-0.5605696322757617,0.4323198869208419,0.6772228733838963,-0.23228628620644656,0.1400424443303771,0.19995793940503753,-0.42362934615769415,-0.0495139282068366,-0.025405824425361403,-0.6040308649486834,-1.1125787146405561,-0.7099875321636356,0.038603250264021984,0
-0.4063001036995106,2.01091915852132,0.5693561964423357,0.3052077222492148,1,0,0,1,0,0,-0.00340319948767178,-0.49606599918580174,0.4954168066919504,-0.5737841614010768,0.30058144016814087,0.06192309276944856,0.5200622501762057,1.0948107945642436,0.3694240829542842,0.4780452043075468,0.7398163009580679,0.8032298202386783,-0.40467036744725415,0.9464736538179508,0.9878923930291406,-0.3116406041477509,0.8773202843510381,0.6179640861988722,1.2685285918524662,-0.1626015385546773,0.22254610434714447,-0.5130132612394426,-0.8181838498417423,0.22412754596782217,-0.3584757712392993,0.1626015385546773,-1.2685285918524671,0.7166055230658329,0.7161642658861095,-0.43684594438356456,-0.5220307794904515,-0.1699234587966153,-0.08799472517957138,-0.05703537174666111,-0.5962450189412776,-0.35630847989348147,0.19555442875423396,-0.482931511569848,-0.0039613912850709025,-0.4255357978349895,-0.3130987707090945,0.2207718024881207,0.03983423407198747,-0.04195727479570725,-0.2706882785040748,0
-0.020796168340944693,0.7740663918911503,-0.15484123025532542,-1.161438585374874,1,0,0,1,0,0,-0.36935237260751347,-0.28789899513380446,0.5337963509440852,-0.5813066068963335,0.6999223928364107,0.22783158265257053,1.0474271582847965,-1.6767621646028896,0.06987601978480665,1.7582803131443427,1.8547384474917794,1.6161683871136387,-0.7456779928919399,0.3381427414239076,-1.1038920088315913,-0.34347873629168296,1.1057335002299153,0.7640990225365883,-0.20509389995854704,2.4076705537426832,-1.118604717782732,1.1955539113391567,-0.4406858649164411,-1.278896857277691,-1.6652568436446717,-2.4076705537426832,0.20509389995854635,0.10385022336961848,-1.1600669447440433,-0.7006766169078218,-0.7545997883943533,-0.32353798091572933,-0.2770246880180474,-0.709509049969999,-0.7069813574043363,-0.046252995675895824,-1.1367331974183288,0.7310941790521709,-0.7976812189789466,-0.8793552956620708,-1.2607931819966884,-0.857816301083085,-1.1125787146405561,-0.04195727479570725,-0.6418381130257917,1
0.18480593051695732,1.9336158606069351,-1.6032360836506476,-1.161438585374874,1,0,0,1,0,0,0.13540510755778543,-0.5216507706335333,-0.19541498984647596,-0.39093087090098955,-0.2697143785227983,-0.09906627746754311,-0.04564159614787844,0.5230374748003502,-0.9063817187599511,0.4300557207132997,0.4961405316049215,-0.3135116817725368,-0.7851366353890846,-0.7609593111679729,1.184884425579453,-2.2072787963247285,-0.6805611990632442,-1.3654689580954034,-0.6910894285371356,0.2578215393996755,-0.6968758271257076,0.4691058578374393,-0.9790481476385566,-1.2558103690154407,-1.9781216606600374,-0.2578215393996755,0.691089428537135,-0.8431352397972577,0.7161642658861095,-0.8007503202790929,-1.6977963245046235,-1.808478361400488,0.41608517572303205,0.02452383803125581,0.40038202722625016,-1.1624527388592034,-0.6926373220274746,0.35171115073279,-0.21379536872138252,-0.671894953798262,-1.0746389226366257,-0.3502454288142823,1.3568776040291806,1.6837875567381073,-0.6418381130257917,0
0.9815140635913272,0.49062096620506923,0.5693561964423357,-0.8681093238500562,1,0,0,1,0,0,-0.29363875058271866,-0.33150940101061954,0.41865771818768077,-0.5651044165988575,0.5442662424800946,0.1817707350569868,0.9162080830311277,-0.6649469877848383,0.07211150723273184,1.1951782473416934,1.189872734332739,1.6551126617548155,-0.8110754753953882,0.4731083114943613,-0.5704271624603909,-0.36226651416355116,0.6651365248379928,0.3528146619109776,0.9454154897089528,1.3197246945691967,-0.8012853920524523,0.34121919964607605,-0.46262175602186445,-0.9550707133983631,-1.202437982243654,-1.3197246945691967,-0.9454154897089535,0.49378541408539117,-0.4846237089171882,0.1908891040362222,-0.031051760693324323,0.2397152668543526,0.3215701943037938,0.2692014673650073,-0.1532996650890431,-0.046252995675895824,-0.8314172830871166,0.12408133374116129,-0.5148615102604385,-0.6589286824317738,-0.9561771212256767,-0.44541496736468245,-0.12479618717266176,0.6260729825722207,-0.5181215015185524,1
1.932423770809123,-0.02473435322416849,-1.168717627632051,-0.13478617003801185,1,0,0,1,0,0,-0.1800683175455264,-0.3954713296299483,-0.38731271110714993,-0.2838806850069512,-0.2353286805081131,-0.08475611122425496,-0.9773940776414638,0.7814358711976573,-0.28139212350486514,-1.7782525204975463,-2.0878529355580637,-0.1882815955212408,2.0229410223185864,-0.921421548771209,0.21229790946828003,-0.9018321039031324,-1.3619951691790781,-1.9857669642479374,-0.2118842566452726,-0.04664941409013511,0.4384167026170982,-0.8598698717418282,-0.5215818325430112,1.051773336643863,0.7755961284276747,0.04664941409013511,0.2118842566452719,-0.8988402670423681,0.11577027848446049,-0.2185033188462471,-0.6383152839424023,-1.091610591511294,-0.30852968182446,1.3294711944779316,1.6184817503198954,-0.6663639641110671,0.11228645211844858,-1.0140677512169813,-0.9436526815433369,-1.0349505520599276,-0.6177148314801074,-0.2550758902638815,-0.6186874509066087,-0.7099875321636356,-0.3944048900113141,0
-1.5371116474179702,-0.02473435322416849,-0.15484123025532542,-0.13478617003801185,0,1,0,1,0,0,-0.81101516775215,1.7821416038190174,-0.38731271110714993,-0.2838806850069512,1.9094018472455792,1.589980531935561,-0.9056645410154106,-0.15950328376333434,0.7899194945798447,-1.0221559925632897,-0.09746224454835553,1.109893935738071,0.11983237659495596,-0.8185931357418788,-1.0234551523804971,0.8209527013890812,-0.3675541457787819,0.8552637713082094,1.2994551316290586,0.22497917377587734,0.44141997455672105,-0.8063516416892451,-0.25486811903103684,1.0164064027478161,0.9617043003169331,-0.22497917377587734,-1.2994551316290595,-0.9823978079100336,-1.2351161931692491,-1.4193877593014905,-0.8579637923516437,-0.9379960693921812,-0.7180946013078251,-0.6279498401920818,-1.149926711256571,-1.4104971262332722,0.05677446769459199,-1.0140677512169813,-1.1352402261590995,-1.0738493661593913,-0.6684841749419423,-0.44541496736468245,-0.8656330827735822,-0.8769950965056176,-0.3944048900113141,0
-0.020796168340944693,0.8771374557769975,-0.15484123025532542,-1.6014324776621007,1,0,0,0,1,0,-0.36935237260751347,-0.28789899513380446,0.16279408984011548,-0.5269135394690924,0.4963032812561586,0.18579546931291158,0.8953773993612414,-0.6741581441106071,0.5434913265612555,1.0339805818869081,1.3437506325168773,1.0219753003656402,-0.7241277334634182,0.5804200631358368,-0.9921707616081997,0.057271364194750485,0.6707205988998104,1.1045838901419425,0.28185302474922574,1.1143140211580842,-0.6650951815100502,-0.06863167855840126,-0.6854186526900358,-0.7317659947230346,-0.6685304548415777,-1.1143140211580842,-0.28185302474922647,0.15955525061472892,-1.1600669447440433,-1.1646546961746211,-0.9613277963089331,-0.6819718658603261,-0.40304466324369825,-0.7910682597479163,-0.983822203561983,-0.6043528672675491,-0.8036612908751883,-0.4070549059059717,-1.0622544948769042,-1.2035120798242718,-1.3623318689203594,-0.3502454288142823,-0.6186874509066087,-0.15329565102369538,-0.7036964187794109,1
-0.04649643069818187,-0.8493028643109486,-0.8790386569529866,-1.161438585374874,1,0,0,1,0,0,-0.06649788450833415,-0.4565258978574894,-0.054689994255315046,-0.4655766762000758,0.009936612309832178,0.008707162052220753,0.38989194811407235,1.3933271192547974,1.2265303159350007,0.9520811466954,1.141348358217573,-0.06533067565307742,-1.3356538252130377,0.032287043345803595,1.160429631722498,1.3548580874145868,0.5450557380164277,0.8537036651117291,-0.35307242775419667,0.2610696854503818,-0.5098934115904767,-0.7498922670915702,-0.31520631505614016,-0.7457322664238367,-0.6503332952741712,-0.2610696854503818,0.35307242775419595,-0.007559831120602114,1.0163612595869336,-0.11842961547497735,0.5891322630504142,0.8029685146244333,-0.9386295579527137,-0.9541866793037505,-0.9284540343304539,0.20179139169817292,-0.6093693453916895,-0.8623145398892288,-0.6790794056453779,-0.723760039264214,-0.939254006738398,-0.3185222492974822,0.28677986593896093,0.45906541823023866,-0.5181215015185524,0
-0.14929748012713334,-0.2824120129387873,-2.617112481027373,-0.13478617003801185,1,0,0,0,1,0,-0.38197130961164594,-0.28789899513380446,-0.6431763394547153,0.034376624407757565,-0.5052090102701947,-0.24798144493676041,-0.9092117407369894,0.7325236487698537,-0.03887588999163535,-0.7783726236089318,-0.7166428864307612,-0.2335638033533807,0.7379781723379251,-1.3930880191289083,-0.07712890689126395,0.4007105031197989,-0.5513505625698392,-0.323585819476279,-0.16027754582615011,-0.1595918522639314,-0.12767607629559682,-1.0826777424598937,0.4558200552303869,0.5048214182004245,0.6157522787875885,0.1595918522639314,0.16027754582614942,-1.3723329986258064,-0.3345252120667762,-0.8189455390738695,-0.5091102789957901,-0.6819718658603261,-0.8126095827270634,0.18764225758709038,0.2896456887631914,-0.6043528672675491,-0.22078545442469194,-1.0899443568808573,-0.39625969692687113,-0.11434528503927678,0.09305597698558829,-0.4771381468814831,-0.37174181903963527,-0.48731077970765985,-0.332546584257695,1
-2.128217681634438,0.9802085196628456,1.7280720791585935,-0.4281154315628296,1,0,0,1,0,0,0.097548296545388,-0.5175804660850305,-0.4768649810287978,-0.25321225337244285,-0.6056371670774022,-0.20236779003627944,-0.7651192946266295,-1.0388994605529036,1.110413338090397,-1.5683343250390116,-0.18637832904816276,0.43606734655526985,0.5922080603065667,0.19080235064268697,-0.7520157782896669,1.3573789635244442,-0.3075238644881555,0.7453244441114497,1.4008254564523381,-0.7945777810288902,1.2545644648537138,0.6725692152295756,-0.1539372790227414,1.813783092770314,0.9699652098638392,0.7945777810288902,-1.4008254564523388,-0.3696425082138195,-1.1600669447440433,-1.9743419325421714,-1.1551353037288514,-1.1940202729240363,-1.6002344278873806,-0.30171300108041293,-0.8730858650989243,-1.9065859009814097,0.8894542340524437,0.35171115073279,-0.6608329728248301,-0.6329961396987983,0.05920974801103089,-0.6992004034990842,-0.6186874509066087,-0.9883334727336057,-0.7036964187794109,0
-1.2287084991311177,-1.3388904177687242,-0.4445202009343899,-0.4281154315628296,1,0,0,1,0,0,-0.44506599463230834,-0.2646401119995031,-0.4512786181940413,-0.27520094020473185,0.009599466511193814,0.009154354747323507,-0.6560272286315176,-0.013531819574513255,-0.12044730344331774,0.6987068446291559,0.9381193575657298,0.7139144955310666,-0.9964297431923689,-0.03198825372740465,0.07991076252653145,-0.46213806625819503,0.537953127561325,0.5053209678787286,1.0460293195708634,-0.06374491962016399,0.8802595446672005,0.09862569469938182,-0.2997486893487119,-0.4104827576247268,-0.7262535377484123,0.06374491962016399,-1.046029319570864,0.27096530510494976,0.491016520610491,1.2553094035306427,0.7829397704703327,0.9907195972144606,1.487254965141063,0.5954383064766764,0.12354118106860354,1.069946747507413,1.0837461795359422,0.35171115073279,0.7715120035882557,0.4821031978191731,0.27921023634565156,0.37938770007212164,1.1099319721622063,1.1827648637121608,0.34789477903211874,0
-0.4577006284139859,0.38754990231922204,-1.6032360836506476,-1.6014324776621007,1,0,0,1,0,0,-0.6343500496942954,0.040632729138202366,-0.42569225535928473,-0.28098743673954474,0.4848907830678219,0.24840244662729724,-0.04653368920425712,-0.6352808699031782,-0.20781426246738013,0.008604997846845305,-0.09048097018593622,-0.5906378691251984,-0.03057014770993277,-1.3402287811224687,-0.33391005657645806,0.04432662293164268,-0.6481979625998494,-0.4931640530842934,-1.1820904200447964,0.36682327779893126,-1.2744345790694234,0.5374391663951367,0.32863303981499475,-0.6543668008697022,-0.3638490186079114,-0.36682327779893126,1.1820904200447957,-1.2887754577581405,-0.40957446049198204,-0.3367722410122935,-0.26362076959722697,-0.4942207832702994,-0.2770246880180474,-0.30171300108041293,0.2896456887631914,0.07776919801113909,-1.1089772052064004,0.8828473903799233,0.9722227646142934,1.0137203238451828,0.65151875506577694,0.506280418139323,0.6160407084282594,0.9044189231421907,1.1520527538291696,1
-0.38059984134227254,0.15564000857606544,0.27967722576327125,0.5985369837740325,1,0,0,1,0,0,-0.2684008765744537,-0.36581625363371406,0.29072590401389814,-0.5454303283804937,0.44498297934688336,0.1401818144124306,0.2926615297193594,-1.0849750461133987,-1.1710954699855396,0.8375209278970212,1.0334211028057312,0.601255766816605,-0.5588865230241391,1.0679102237126135,0.47162366736783756,-1.9695052678574991,1.223788122482251,0.5996973755390129,1.2766468085438225,-0.4461216066019436,0.6600903314849821,1.9616245372165182,-0.3782361164321208,0.08205061232769786,-0.7580102808523334,0.4461216066019436,-1.2766468085438232,1.2736557955169365,0.7161642658861095,0.7367456678795146,-0.4961897785011287,-0.01630893667750248,2.27487981030138,1.166352774922097,0.5664865349208381,0.8839134569768611,0.5841383197212315,1.793366658346437,-0.058700689746716966,-0.24400799870415715,-0.194636969298146,-0.5088613263982832,0.6983559190505837,0.514734606344233,-0.5799798072721716,1
0.46750881644657266,-0.4885541407104817,-1.6032360836506476,-0.8681093238500562,1,0,0,1,0,0,-0.07911682151246661,-0.4443149842119812,-0.7711081536284979,0.5638410573431366,-1.4255652748400933,-0.7774575959384219,-0.3338145865722652,1.194298889938801,-0.43177372792970486,-0.7691747307220571,-1.20782171342223,-0.4123501880291521,1.713810729885553,-0.7987102079645612,0.8791883830973629,-0.001384857194631098,-1.7539845019802571,-1.8839808799609883,-0.7858772647355261,0.21702702713573208,-0.33388452030611665,-0.758461085206562,0.5888575026599306,-0.7001155694442897,-0.2691132604747199,-0.21702702713573208,0.7858772647355247,-0.7874302125521474,0.7161642658861095,-0.2185033188462471,-0.18609776662925942,-0.8526546682148961,-0.655084613695,0.9216751455883455,1.5631135810883663,-0.6043528672675491,-0.38732140769626244,-0.7864379342253526,-0.323273965644676,0.015317428625603584,-0.2623294272472596,-0.4771381468814831,-0.6186874509066087,-0.5986491559356475,-0.76555472453303,0
-0.14929748012713334,-0.978141694168258,-2.617112481027373,-0.13478617003801185,1,0,0,1,0,0,-0.38197130961164594,-0.28789899513380446,0.047655457083711085,-0.5043462029833221,0.43577615573631334,0.16835495420390414,-0.22728942704383923,0.4351691992908952,-0.21719839929977708,1.109965793776377,0.6301827915484511,0.9863490377086344,0.47455074201205255,-1.4036078456102339,-0.12159550642800139,0.5384339587948613,-0.281117455655485,0.10987717433740717,0.5274811195133241,0.8221130942085961,-1.0864169399843926,-0.71909509195172,0.8379916902480464,-1.7782434352580079,-0.7119948179394613,-0.8221130942085961,-0.5274811195133248,-1.3723329986258064,-0.3345252120667762,-0.7006766169078218,-0.3411437725651945,-0.42594766232847037,-0.655084613695,0.6769975162545934,0.4557501964577793,-0.5423417704240322,-1.1089772052064004,-0.8623145398892288,-0.7885580025686714,-0.2829068128036209,-0.939254006738398,-0.6040308649486834,-0.5363722402842841,-0.2089648391376897,-0.7036964187794109,0
-0.1749977424843705,0.9802085196628456,-0.8790386569529866,-0.4281154315628296,1,0,0,1,0,0,0.12278617055365294,-0.5204878264768181,-0.4768649810287978,-0.25321225337244285,-0.6231922649608806,-0.2046037535117932,-1.416653330896425,-1.1980028069234692,0.3189425843529439,-2.373431493996442,-1.8332148758084321,-1.6368708470534505,1.3066359944916937,-0.5249355923805795,-0.27708201162129653,0.21495789306030022,-1.3038501997529703,-1.4588299414099206,-0.958568853809468,-1.2817996886347096,1.445381482997927,1.3667217727626304,-0.21999324538487416,1.9134772884586428,0.9590056224402556,1.2817996886347096,0.9585688538094672,-0.5924626171942612,-0.40957446049198204,-0.50962681956267,-0.3282232720705331,-0.801449827508525,-0.9386295579527137,0.02452383803125581,0.5664865349208381,-0.8523972546416179,1.0004782029001573,0.8828473903799233,-0.7794347861583975,-0.7626588533636787,-0.0423289389126401,-0.794369942049485,-0.4540570296619595,-0.9883334727336057,-0.8892713360402683,0
0.6217103905899984,-0.46278637473902035,-0.8790386569529866,-1.6014324776621007,1,0,0,1,0,0,-0.00340319948767178,-0.49141422255894146,-0.6559695208720935,0.043056369209976894,-0.9441221677954132,-0.41120677864926586,1.01578069211201,0.4312226374624248,-1.048472248209565,0.8968686676272439,0.3238120870945748,0.2850864203379801,-0.46241236153995985,0.06254723475140332,0.17371235298045914,-1.4112152387278354,0.6574803912999218,0.017033809741483743,-0.08286747959746427,0.471010832630124,-1.3499713192334333,-0.41784538115313813,0.015161469488030765,-0.5596654074928195,-0.40434137238184314,-0.471010832630124,0.08286747959746356,0.02029268250195297,0.11577027848446049,-0.11842961547497735,-0.8192022908676594,-0.5454256239766699,0.7626401075935709,-0.22015379130249568,-0.2086678343205727,-0.10826409251941274,-1.2477571662660425,-0.3311783002420958,0.22411901897178985,0.19684522775643593,-0.0423289389126401,0.15732544345452057,0.36909507656128593,0.6817421706862145,0.40975308478573785,0
-0.38059984134227254,-0.978141694168258,0.27967722576327125,1.478524768348486,1,0,0,1,0,0,-0.2684008765744537,-0.36581625363371406,-0.7455217907937414,0.3815664164965307,-1.0707561904610863,-0.5762208831421823,0.32327859748239207,1.123823276489247,-2.1491960593578856,1.0273095413292799,0.08460352919354827,0.1425521252688069,0.05818175450655098,0.9865901527955695,0.47162366736783756,-2.151363096334326,1.1872808298784732,0.4498017562176902,0.9153149533513734,-0.7133741297612541,0.5362624967632772,-1.0700204792005283,0.7761105764864911,-0.2105415666967242,0.3291551366473813,0.7133741297612541,-0.915314953351374,1.1900982546492709,0.7161642658861095,0.7367456678795146,-0.5995537824584191,-0.135786898325702,2.3378897979142055,0.758556726032511,0.34501385799472056,0.8839134569768611,0.22331042096616224,-1.1658209625447336,-0.8432973010303187,-0.3607044410025493,-0.4146374576327655,-0.794369942049485,-0.20711139779498602,-0.5429799678216537,-0.8274130302866491,1
0.9815140635913272,-0.978141694168258,-0.4445202009343899,-0.13478617003801185,1,0,0,1,0,0,-0.4576849316364408,-0.25708097498085514,0.047655457083711085,-0.5043462029833221,0.5557942718849004,0.19205616704435016,1.953192206108343,1.513017631954329,-0.8955917865129613,2.833758885662153,1.3788029150482777,1.635970105632179,-0.5741020241425268,1.667003903287958,1.5731314989202834,-0.11777998902214784,2.166615274468644,1.0286057511770879,1.37244176550182,0.8700970699576553,-1.0503106501062547,-0.5007355812597458,1.1059464443572493,-1.6798468173894745,-0.7882780036061138,-0.8700970699576553,-1.3724417655018208,0.9672781456688292,0.7912135143113154,-1.2738260089432798,-1.1292943027395286,-0.3576745413866426,-1.3166894836296663,-0.5463906304141645,-1.0945585420250417,-1.3484860293897554,-1.0257092285706153,-0.5588081172337243,-0.33239718205494984,0.2616765845888761,-0.44848368660732285,-0.635754044465484,-0.28942660841731066,0.1250502895462747,-0.20882997275045564,1
-0.4577006284139859,-0.514321906681944,-1.6032360836506476,1.0385308760612593,1,0,0,1,0,0,-0.6343500496942954,0.040632729138202366,-0.3617263482723934,-0.3041334228787963,0.5752071473369751,0.2662901544314074,-1.1265116685610779,1.220773204362048,-0.510560360025718,-0.5169657939189803,-0.7849883005620344,0.5030360380164525,0.9898692974515961,-1.1616150539296755,-0.02147162050807618,-0.1313520084962437,-0.5865558857556954,-0.4562339872356253,-0.5972369986170187,1.2784135428411474,0.4057698224748649,-1.6970593325431524,0.5659570150291489,0.11676866002171327,0.5750995464947786,-1.2784135428411474,0.5972369986170181,-1.1216603760228097,-0.10937746679115769,-0.2639913658331881,-0.28946177058654887,-0.4942207832702994,-0.08799472517957138,0.02452383803125581,0.34501385799472056,-0.10826409251941274,0.27882240539001907,-1.6210805965279906,-0.2959043164138529,0.028283699992091807,0.0761328624983096,-0.2550758902638815,-1.277209135885205,-0.9326642846196119,-0.08511336124321738,1
-0.38059984134227254,0.20717554051898904,0.27967722576327125,0.5985369837740325,1,0,0,1,0,0,-0.2684008765744537,-0.36581625363371406,-0.438485436776663,-0.2780941884721383,-0.21546788094178354,-0.06642121072504202,1.6939355799709688,1.0557783804538479,-1.8196098968182526,1.771743872265663,0.6894382167273105,0.8337715182142506,-0.03720677658967744,0.9824003599145976,0.4121112583439721,-2.1615846136257644,1.4185496889622466,0.7406062785731543,0.9345219622652575,0.21031740340811067,-1.3738557945573713,-1.0362449488601153,0.31528361197448307,-0.9869020790631228,-0.1732455639363957,-0.21031740340811067,-0.9345219622652582,1.0229831729139398,0.491016520610491,0.30006041680488094,-0.9096457943302884,-0.3747428216220998,2.0858498474629035,0.4323198869208419,0.012804842605544792,0.6358690696027934,-1.2755131584779709,-0.9381911455531051,0.16025650409986858,0.30057539868834077,-0.1269445113490324,0.41111087958892223,-0.37174181903963527,-0.32030321536567735,-0.20882997275045564,1
-0.38059984134227254,-0.46278637473902035,0.27967722576327125,-1.6014324776621007,1,0,0,1,0,0,-0.2684008765744537,-0.36581625363371406,-0.6559695208720935,0.043056369209976894,-0.6920071166540451,-0.31461315650707083,1.4357121052103259,0.3704702724652285,-1.5566219305755822,1.1450189632435095,0.8675436142392645,1.1497182158731654,-0.5002807110468338,0.8158991616251834,0.40158299000731296,-2.1045646521499437,1.140218291528061,0.9202765336037053,1.0345842828972671,0.5419904249708541,-1.1811558025533664,-0.10618505174271471,0.01306981427080963,-0.4162258091406883,-0.22937826952589524,-0.5419904249708541,-1.0345842828972678,0.8001630639334981,0.41596727218528484,0.1272058382545045,-1.0000892977929163,-0.5624939042121272,2.211869822688555,0.02452383803125581,-0.4301405112466897,0.2638024885416898,-1.1089772052064004,-0.1035484832504671,-0.0039613912850709025,0.002351157259115363,-0.1607907403235886,0.062155904904119784,-0.04248097655033679,0.23638866577426285,0.22417816752487937,0
-0.4577006284139859,-0.4885541407104817,-1.6032360836506476,-0.8681093238500562,1,0,0,1,0,0,-0.6343500496942954,0.040632729138202366,-0.7711081536284979,0.5638410573431366,-0.5554835976506626,-0.4044988882227245,-0.6855930710698601,0.43370432616145355,-0.3265392643810237,-0.22363922977248252,-0.3785212809816501,-0.8686180428134715,0.20501477951639474,-1.2253021203846486,-0.27905086518287087,0.225557658672457,-0.6028042107720235,-0.5322599713761532,-0.47521987007162214,-0.7133741297612556,-0.2709735868853964,-0.8748198294844629,0.6730538078071137,-0.2956081652373207,-0.027552062330289097,0.7133741297612556,0.4752198700716215,-1.17736540326792,-0.3345252120667762,-0.24579614703841146,-0.09565426316663046,-0.32353798091572933,-0.43454965705011084,-0.05703537174666111,0.17890935030013266,-0.10826409251941274,-0.3040534310604773,-0.8623145398892288,-0.19554893590083341,0.1709126850234604,0.04228663352375219,-0.5405845059150832,-0.04248097655033679,-0.3759724034796717,-0.7036964187794109,1
0.9044132765196139,0.0783367106616796,-1.6032360836506476,-0.8681093238500562,0,1,0,1,0,0,-0.05387894750420167,-0.4652479790328524,1.2246281474825116,-0.6611602590767514,0.625001135179813,0.1531504025704105,-1.1115344052561607,-1.4751133944483998,-0.0729706686360007,-0.97815033305935,-0.7267479049026974,-1.8849907402376667,-0.10446778845709637,-1.0671076771084442,-0.10021572853892499,-0.6973301118978026,-0.9820055098309974,-1.2090722743678113,-1.6253768875367096,-0.9588735405703893,0.4793742306356844,1.9242455104425857,-0.6009961636403865,0.3476781412885917,-0.2356158795435349,0.9588735405703893,1.6253768875367083,-1.1495128896453646,-0.4846237089171882,-1.2374355713537264,-1.3489428111487698,-1.5865907183395476,-0.7495995951142377,-0.7910682597479163,-0.09793149585751397,-0.9144083514851348,0.7229182807808735,2.3245028979935705,0.9357298989731951,0.4432043837197094,0.5669031826293847,0.728342674756924,1.3568776040291806,0.9044189231421907,0.6571863078002155,0
-0.5862019402001745,-0.8493028643109486,-0.4445202009343899,0.5985369837740325,1,0,0,1,0,0,-0.1800683175455264,-0.3954713296299483,-0.13144908275958464,-0.4053971122380218,0.04913483618686395,0.009154354747323507,0.47271699618893875,-0.5401999051557214,0.6506113067584355,0.26430519360542104,1.2842094697940187,2.409680801261253,-0.04345972990346634,0.07794144683804226,-1.545045799641274,1.2518952810901738,-0.2890831898433204,0.7858520349455429,1.5427439112049288,1.7564425842657236,-0.5794463150837812,-0.8063516416892451,0.36862657322839293,-0.6437092075635356,-0.9023036476933863,-1.7564425842657236,-1.5427439112049297,0.02029268250195297,-1.4602639384448675,-0.17301527185930607,0.48576825909312477,0.3421249482670949,-0.2770246880180474,0.10608304780917345,-0.5408768497097485,-0.10826409251941274,-0.7481493064513315,-1.0140677512169813,-1.1352402261590995,-0.8015576674631424,-0.9731002357129547,-1.4288335323854886,-1.4418395571298541,-0.9326642846196119,-1.136704559054746,1
1.1614159000919912,-1.9830845670552713,-0.8790386569529866,-0.13478617003801185,1,0,0,1,0,0,-0.23054406556205628,-0.38267894390608254,0.44424408102243734,-0.5651044165988575,0.4848907830678219,0.14241777788794438,-0.7296353317461511,-2.053625119224958,1.938234828397298,-0.6372096225991966,0.473067063469044,-1.461710079842364,-0.9724438426310235,-0.9803500493336746,-1.6740895894627517,2.165961800882474,-0.5549561329666113,0.20802459384675487,-1.7858889366285426,-0.2223753081429889,0.03502147190440195,1.141598724574266,-0.4730492163431051,0.31054408902802355,-0.4119148242361346,0.22237530814298817,1.7858889366285426,-0.9823978079100336,-1.6103624352952797,-0.45504116317834126,0.6666552660183818,0.39332978897346543,-1.537224440274555,-1.3619827281933365,-0.8177176958673952,-0.17027518936292965,-0.10050948817300241,0.8322629866040054,-0.48749186102961545,-0.6416403206097898,-0.4879709537443061,-0.5405845059150832,0.2044646553166367,0.10649389350827677,-0.76555472453303,0
-0.8689048261297889,0.5421564981479937,0.27967722576327125,-1.6014324776621007,0,1,0,1,0,0,-0.3945902466157784,-0.28789899513380446,-0.5024513438635544,-0.2520549540654803,-0.1581902790310473,-0.026621060860896863,-0.09691191950852088,1.5279624512523116,2.873329171155745,-0.3130934361818583,0.8112868075639589,-0.1053075232845538,-0.8657872998272776,-0.21296755144791873,0.6914655371797129,3.1435019972941944,-0.09817290626199844,0.8633756542326324,-0.018359091073560794,-0.12541857881077315,-0.0780362849123541,-1.4044814205320435,-0.7690208849631938,0.32562245984205085,-0.21179429946493208,0.12541857881077315,0.018359091073560086,-0.28608496734615396,0.491016520610491,-0.3549674598070702,1.248077788278137,1.1443341193335734,-2.1043143287899837,-0.7910682597479163,-0.8730858650989243,0.015758101167622184,0.029018475482663446,-1.2416975682086098,0.4704458620491997,-0.02358138547386016,0.10997909147286698,0.6014499566897238,0.5337254978059351,0.514734606344233,0.47161139053935697,1
-0.9460056132015023,0.2587110724619126,0.5693561964423357,0.5985369837740325,1,0,0,1,0,0,0.1480240445619179,-0.5303728518088963,0.09882818275322415,-0.5147618967459854,-0.037118075935927114,-0.010074931142094942,0.3627646290674346,1.5998464845343987,-2.1764564982566883,0.7255761836859617,-0.48745635933958326,0.14715300862026784,0.8027483913892223,-0.728116814076143,0.448721790613044,-1.1079729081616103,-1.4326909197554665,-1.8931045625861471,-0.611077343275553,0.8067582219688989,-1.2319587888746175,-1.746319868644547,1.8618830246386928,-2.4008384052589133,-1.214531001673174,-0.8067582219688989,0.6110773432755515,-0.8431352397972577,0.04072103005925432,-0.973604898829468,-1.3231018101594472,-1.7060686799877465,-0.5605696322757617,0.4323198869208419,0.8433273810784847,-1.4725082230767892,-1.2755131584779709,-1.772833807855743,-1.272088472313216,-0.2829068128036209,-1.176177609560296,-1.5874494299694895,-0.12479618717266176,0.29205785388825667,-0.9511296417938885,0
-1.5371116474179702,-0.3854830768246345,-0.15484123025532542,-0.13478617003801185,1,0,0,1,0,0,-0.6091121756860305,-0.011699757913975716,-0.38731271110714993,-0.2885098822348015,0.46301909819254244,0.21396860910438514,-0.2492672599029721,-0.5866551959301011,-0.9618337988769525,0.7649965831039532,0.7436052716525617,-0.44928047972660945,-0.9786175157566422,-0.6090780565819527,-1.0401065216625272,0.19253070147456702,0.2611441809575732,0.8175048876957083,-0.11972941589683889,-0.49401881205127574,-0.26197142485587965,-0.23675321315492404,1.5083338120796668,-0.7745149307115768,-0.16858886351462982,0.49401881205127574,0.11972941589683818,-0.48105256270404034,-0.8598699510432187,0.5547934799317504,0.5762117625557528,0.6664222727407777,0.8256500952063961,-0.38327221085833024,-0.3747723420151606,0.8219023601333442,-0.27629743884854874,-0.2553016945782196,-0.10431677179808911,0.6765972683164937,0.2961333508329291,-0.9529858396334858,0.6160407084282594,0.4033962301162448,-0.332546584257695,1
-0.3034990542705592,-0.2566442469673251,-0.4445202009343899,-1.161438585374874,1,0,0,1,0,0,-0.29363875058271866,-0.3466276750479154,-0.11865590134220637,-0.4134982073867598,0.18568478584337536,0.05297923886739346,-2.0250808948526213,-0.09807149738034023,2.031224628430274,-2.829831658518082,-2.280199995947362,-0.3185302278853495,1.9746084201649632,-1.676368275539617,-0.2831964955634979,1.1181952583068162,-2.2255388038498647,-1.7464524418696674,-0.5702641928891875,0.13114384342216406,1.140916851353065,-0.1490938244789239,-1.6530737172333003,1.6161138237940051,1.2593007796267421,-0.13114384342216406,0.5702641928891868,-1.5951531076062477,-0.40957446049198204,-0.4914316007678933,0.12399424524260985,-0.7843815472730677,-1.1906695084040155,0.2692014673650073,0.6218547041523672,-0.9764194483286528,1.194770148383656,-0.02767187758659086,0.3700904815361815,-0.5811310542328463,0.04228663352375219,2.028993034945732,-1.0302635040182315,-1.0996718489615938,0.7809029193074537,0
-0.5862019402001745,-1.9830845670552713,-0.4445202009343899,-0.13478617003801185,1,0,0,1,0,0,-0.1800683175455264,-0.3954713296299483,0.44424408102243734,-0.5651044165988575,0.43220049698570723,0.13257953859568378,0.12537301663934677,-1.5920857496024585,1.2060999330128424,-0.18888466688258831,0.785585445197153,0.38482596355206544,-0.844005527798215,0.18734605777993102,-1.3327441047108701,1.1738061345361857,-0.2257884649897688,0.7229104111363853,1.4850143702886198,-0.9479624556455367,0.012859741947816496,0.8500738685586547,-0.4692170492386907,0.03128302227610045,-0.3155182401813551,0.9479624556455367,-1.4850143702886205,0.04814519612450831,-1.3101654415944555,-0.43684594438356456,0.2015172482105774,0.10316902497069583,-0.49755964466293656,0.02452383803125581,-0.5962450189412776,-0.35630847989348147,0.005227625015296339,0.7961312696212074,0.014285041535478216,-0.23104172733766892,-0.20188973264983703,0.09387908442092041,0.8512270244920437,0.4113489712753868,-0.45626319576493324,0
-1.280109023845593,0.2587110724619126,-0.4445202009343899,0.5985369837740325,1,0,0,1,0,0,-0.6974447347149578,0.26449947930585305,0.09882818275322415,-0.5147618967459854,1.2523241422984621,0.6012374830633705,0.5062072966296349,1.5517949692047899,-2.603139752006565,1.8995563424613047,0.899944236353784,1.8127686335857254,-0.22057133573161364,-0.46492701326022057,0.18020097000620006,-1.5928925506190104,0.2626850278760991,-0.010286022270605103,1.7556215933338128,0.7311960875261709,-1.168443161997106,-1.9493659192585038,1.9578758512907417,-2.3057040924830057,-1.180013881632687,-0.7311960875261709,-1.7556215933338135,-0.5924626171942612,-0.10937746679115769,-0.7825551014843162,-1.4006248131274146,-1.2452251136304073,0.5736101447550955,0.6769975162545934,-0.09793149585751397,-1.2864749325462383,-1.2200011740541141,-1.9245870191834955,-1.208225957441296,-0.17917664187171697,-1.057715808149347,-1.6508957890030895,-0.04248097655033679,0.3477270420022505,-0.9511296417938885,1
-0.25209852955608386,-1.5450325455404195,-1.168717627632051,-0.13478617003801185,1,0,0,1,0,0,-0.10435469552073157,-0.41814874068589214,-0.630383158037337,-0.009022099603339084,-0.781531154579298,-0.31461315650707083,1.2370913590344985,0.616483132865946,-1.467102995438363,0.8450840665746983,0.3448246032274259,-0.1235961963816942,-0.7288988065308006,0.9824003599145976,-0.28806517130201814,-1.585346576320973,1.6118742415653808,1.4372172082715815,0.12355936367902995,-0.29111514316954507,-0.7386027845238219,-1.1347198118119992,0.4124585240439221,0.45665285237103376,0.9548739999323448,0.29111514316954507,-0.12355936367903066,1.0229831729139398,-0.18442671521636386,0.30006041680488094,-0.5995537824584191,0.017827623793410803,2.0543448536564917,-1.1988643086375024,-1.3713993881826885,0.6978801664463103,-0.7203933142394032,-1.0899443568808573,-0.14993285384946126,0.08014878545804377,0.2622871218583729,0.09387908442092041,-0.37174181903963527,-0.5429799678216537,0.16231986177126023,0
-0.2263982671988458,-0.41125084279609675,-1.168717627632051,-0.13478617003801185,1,0,0,1,0,0,-0.7983962307480176,0.8256200349208735,-0.20820817126385424,-0.38514437436617666,1.8537396502128838,0.9326072701345118,-0.2730252201846921,-0.021655044054632765,1.0621569588951756,-0.8561560094836758,-0.6111167672649892,0.6331236222987585,1.5722587309164178,-0.6809456680841813,-0.1305254746316701,0.9523817300511099,-1.1357756443531764,-0.42004252270393094,-0.28338753067176975,1.1445654112422656,-0.30074467337406113,-0.10103532757187005,-0.49495235392100084,0.030395847384744608,0.38439195870071485,-1.1445654112422656,0.2833875306717691,-0.6760201580619267,-0.18442671521636386,-0.19121049065408274,0.31780175266252825,-0.1699234587966153,-0.49755964466293656,0.5138790966987595,0.7325910426154264,-0.10826409251941274,-0.19302946221276363,0.04820472807728505,0.4613226456389258,0.11904759955750843,0.12690220596014448,1.1724671879921262,-1.3595243465075295,-1.0996718489615938,0.5334696962929761,0
-1.280109023845593,0.9802085196628456,-0.4445202009343899,0.5985369837740325,1,0,0,1,0,0,-0.6974447347149578,0.26449947930585305,-0.2977604411855021,-0.3533186434247058,0.9012659350619028,0.47647072112970207,-0.5238676457196184,0.427876563365511,-1.3817674297736158,0.08654379551026056,-0.336650657866916,0.9874074647931859,0.7271896722601748,-0.6208188655402836,0.07031126124300302,-1.4736455319436421,0.48962526564922465,0.061131232706878966,2.0145268824094837,-0.651277219968356,0.10813581816328845,-0.5168377332441123,0.4080507242134049,0.3685889476676855,0.49734509352705375,0.651277219968356,-2.0145268824094846,-0.6760201580619267,-0.10937746679115769,-0.50962681956267,-1.1422148032341901,-0.9209277891567239,0.6366201323679207,1.166352774922097,0.2342775195316623,-0.9764194483286528,0.16779843654230542,-0.4070549059059717,0.29710475025398503,0.4691369264526849,0.600749411603942,0.030432725387320277,0.2044646553166367,-0.09762646290970158,0.10046155601764112,0
-1.5371116474179702,-0.41125084279609675,-0.15484123025532542,-0.13478617003801185,1,0,0,1,0,0,-0.6091121756860305,-0.011699757913975716,-0.20820817126385424,-0.38514437436617666,0.6742653199713425,0.28864978918654516,-0.28740271693673897,-0.8251184663057217,0.5414703264951041,0.482696283302795,0.6632186589990999,0.6966949768445424,0.14180114540167563,-0.7571592159825631,-1.220320708195883,0.15015514960525875,0.6938463211400226,1.2898075306535204,0.4251360800282837,0.5285640660967139,-0.35690409321648353,-0.08998950681161703,-0.5893166312362597,0.03591459707655764,0.39702927454474035,-0.5285640660967139,-0.4251360800282844,-0.8709877534198129,-1.3101654415944555,-1.0008977270216337,-0.7804407893836761,-0.4942207832702994,-0.2140147004052217,-0.9541866793037505,-1.2052948804881005,-0.728375060954584,-0.3040534310604773,-0.02767187758659086,0.1876261533306929,-0.1532440991387405,-0.1269445113490324,1.0455744699249259,-1.1125787146405561,-1.0440026608476,0.22417816752487937,1
0.9815140635913272,-1.5450325455404195,0.5693561964423357,-0.13478617003801185,1,0,0,1,0,0,-0.2810198135785862,-0.3576756445367086,-0.630383158037337,-0.009022099603339084,-0.5996798670759406,-0.2681051162163844,0.4966855280190465,0.5120959954653052,0.17138688648303524,-0.24251666787678544,-0.6412613363666353,0.4242566443260779,1.0464143529693868,0.05682426710968211,-0.34452804598058917,0.429954006274247,0.17252245899286234,0.17431983077940996,0.8018189915875111,-0.21659885141806862,-0.6338751792207417,-1.0480084581079632,0.19777069638233125,0.4986946895461109,1.0038605298233843,0.21659885141806862,-0.8018189915875119,0.10385022336961848,-0.25947596364157,0.22727954162577424,0.42116575661981864,0.47867119015075044,-0.2140147004052217,0.758556726032511,0.40038202722625016,-0.10826409251941274,-0.6926373220274746,-1.0899443568808573,-0.5513543759015367,-0.37367071236903754,-0.1607907403235886,-0.0012904541294803558,-0.8656330827735822,-1.0440026608476,-0.332546584257695,1
0.9815140635913272,0.1298722426046032,0.5693561964423357,-0.13478617003801185,1,0,0,1,0,0,-0.2810198135785862,-0.3576756445367086,-0.7966945164632545,0.6535317536327364,-1.4428893577510453,-0.7801407521090384,-0.011151881025569218,0.5323517750300758,0.37074415794864857,0.4080328590595944,0.1936459819360593,0.7536069453847518,0.00462102642566288,0.0890345269741167,-0.25520419100198044,0.45659616337772063,0.09541373004895157,0.11820060752060638,0.6912331826893887,0.3422733367180179,0.1044692123236439,-0.9863274742039968,-0.04798457369013522,-0.4566154470706175,-0.13634937315332094,-0.3422733367180179,-0.6912331826893894,-0.007559831120602114,-0.3345252120667762,-0.31857702221751816,-0.04397226118798574,7.593435579547688e-4,-0.5920746260821743,0.5954383064766764,0.2896456887631914,-0.4803306735805153,-0.22078545442469194,-1.1658209625447336,-1.1808563082104715,-1.0219842806934394,-1.1084851516111824,-0.635754044465484,-0.04248097655033679,0.1250502895462747,-0.76555472453303,0
-0.2006980048416086,-0.7977673323680251,-0.15484123025532542,-0.8681093238500562,1,0,0,1,0,0,0.17326191857018283,-0.534443156357399,0.3035190854312764,-0.5506381752618252,0.07350776029505933,0.014520667088556562,-0.13192856025589697,-0.915549035699147,-0.5610367417412991,0.6728350534943474,0.7366623137512471,0.842998814843968,-0.38078110308187435,-0.7902664288044886,0.09306719077558027,-1.0576478208043756,-0.2320921423758439,-0.8672618681652219,-0.16027754582615011,1.3087111581427058,-0.6061750297030801,1.3498524528114892,-0.2958780399389364,-1.1390953450229533,-1.8044095020616369,-1.3087111581427051,0.16027754582614942,-0.7317251853070371,0.11577027848446049,0.09991301006234013,-0.4703487775118068,-0.5283573437412127,0.3530751881102058,0.4323198869208419,0.5664865349208381,-0.4803306735805153,-0.8869292675109735,0.35171115073279,-1.8194814569296822,-1.657331577651353,-1.886948418025992,-1.8095116865870906,-0.5363722402842841,0.06938110143228039,-1.940862533851798,0
0.2619067175886707,-0.514321906681944,0.5693561964423357,-0.4281154315628296,1,0,0,1,0,0,0.11016723354952047,-0.5199063543984607,-0.5408308881156891,-0.18840349218253855,-0.7344913508946546,-0.25424214266819894,-0.4174854640819407,-1.1005805020311248,1.3231921494321446,-1.917133420687363,-1.3152952153457949,-1.146922384020913,1.1645882232463176,-1.1520342409768056,-2.072146906059757,1.8627095001194305,-2.283737154103738,-1.0797538185949043,-0.5702641928891875,-0.9986842558367333,-0.570575339049664,-0.5652500033388225,0.06299541312750905,0.3254088989866423,0.6557787509720552,0.9986842558367333,0.5702641928891868,-1.17736540326792,-1.9856086774213102,-0.8735311954581982,0.11107374474794844,-0.8185181077439823,-1.3166894836296663,0.2692014673650073,0.6218547041523672,-0.6043528672675491,-0.24854144663662048,-0.1035484832504671,1.6564639953848757,1.4416072789392878,1.5145975939169787,1.5848685217105287,0.6983559190505837,0.23638866577426285,1.8324941171189824,0
-0.48340089077122306,-0.30817977891024867,0.5693561964423357,0.3052077222492148,1,0,0,0,1,0,2.684430382392545,-0.7356324954691058,0.15000090842273722,-0.5292281380830175,-0.8418903491592515,-0.15675413513579844,-1.694185773869648,2.9110061597851105,0.13064507590616042,-0.19282621587473145,0.06995841524660802,1.830799759425212,1.7972713320632387,-1.14223061842038,3.9446551314287195,0.17631137687342538,0.6329505423983446,0.49023871398809754,2.259805577323277,0.2557448558590603,1.2145031841873928,-0.043778394363605234,-0.0014202650462441853,0.8881187005954434,0.38767332088458534,-0.2557448558590603,-2.2598055773232777,-1.038102835155144,3.9432819481699712,0.35464607318920965,0.3953247556304958,0.6493539925053206,0.06953024385249205,2.6344185509246065,1.397009073393778,-0.4803306735805153,1.1392581639597994,-0.02767187758659086,0.05077790717657645,0.04124997135858002,0.39767203775660004,-0.2550758902638815,-0.5363722402842841,-0.48731077970765985,0.34789477903211874,0
-1.280109023845593,1.0832795835486928,-0.4445202009343899,-0.8681093238500562,1,0,0,1,0,0,-0.6974447347149578,0.2761289208730037,0.41865771818768077,-0.5645257669453762,1.4416986792019828,0.6486399087442626,-0.007757218222056095,0.07819570733086904,-0.22997365144253945,0.6110312374058927,-0.04424214518667706,1.3972603238734236,0.4651562660543501,-0.7741231000928274,-0.3561023450042538,-1.3076679240570144,-0.12028982924988298,-0.1884139890924272,1.7152017802713662,0.2045801889163758,-0.762708079629095,-0.4640615742430885,-0.9996984669785803,-0.9447411168621713,-0.12643263299698243,-0.2045801889163758,-1.7152017802713668,-0.7317251853070371,-0.3345252120667762,-1.6069330893092284e-4,-0.6770767854263857,-0.6819718658603261,1.0776900456576979,1.3294711944779316,0.5111183656893089,-0.6043528672675491,-0.8314172830871166,-0.6346847228976005,-0.7338187041070253,-1.0868156375258795,-1.3284856399458025,0.7600658542737248,-0.12479618717266176,-0.04195727479570725,-0.5799798072721716,1
0.6474106529472365,-1.596568077483343,-0.8790386569529866,1.0385308760612593,1,0,0,1,0,0,-0.00340319948767178,-0.49141422255894146,-0.10586271992482811,-0.43722284317949267,-0.08510423267625664,-0.0400368417139795,-0.1731533430202544,-0.4567936072896825,-0.761656135289652,0.360539835926391,-0.16344222512267506,-0.3596680552443988,0.38478152952227673,-0.03912700837141175,0.20166934254481603,-1.4056323384365377,0.2615151526327436,-0.42004252270393394,-0.09305301462755473,-0.39825548305102343,0.20167869274414646,0.8289914817757392,-0.3713154888902474,-0.22775210948529126,-0.19760687137694724,0.39825548305102343,0.09305301462755473,-0.09111737198826762,0.11577027848446049,-0.19121049065408274,-0.8708842928463041,-0.7331767065666972,0.5421051509486824,0.2692014673650073,0.34501385799472056,-0.4183195767369984,0.05677446769459199,0.5793409677244183,-0.44187577897824326,-0.5551985114998699,-0.6007917169928287,-0.033013633646279864,0.03983423407198747,-0.15329565102369538,-0.45626319576493324,0
-1.8712150580620608,-0.5916252045963298,1.7280720791585935,0.5985369837740325,1,0,0,1,0,0,0.791589831772674,-0.6111974707005935,-0.5024513438635544,-0.23469546446104164,-1.0168893586547734,-0.28867598019111107,0.7046713609084558,0.4790644024235081,0.7103109881674408,-0.5261601855230461,-0.23460852078691202,-0.2558068081524038,-0.7705204308724566,1.7520166185153836,0.09327116146104635,-0.5684974088526751,0.879516866301172,0.9785523316525463,-0.5252107151899527,0.17200761631813533,0.7707316808923667,-0.5640939247643424,-1.5423039865996866,1.5829223347604793,1.2603684593033406,-0.17200761631813533,0.525210715189952,1.4686233908748227,-0.03432821836595151,-0.3458698504096825,-0.5737127814690962,-0.22112829950298704,0.5421051509486824,-1.5251011477491712,-1.5375038958772762,0.20179139169817292,0.6674062963570164,-0.5588081172337243,-0.11343998820836432,-0.8793552956620708,-0.2792525417345383,1.489698983160128,-0.4540570296619595,-0.4316415915936655,0.34789477903211874,1
0.33900750466038404,-0.23087648099586283,3.176466932553916,-0.4281154315628296,1,0,0,0,1,0,0.3499270366280375,-0.560609399883488,-0.4512786181940413,-0.27520094020473185,-0.7206323725332286,-0.2184667270599786,2.8795053792987915,0.6701129852894253,0.7233874700557257,1.8825373911008219,1.507894210204964,0.4350405534509461,-1.4604063673905148,3.3795563734785636,0.33273222784761064,1.3002672927214747,1.992017604373054,1.8142899605606932,0.569588792901455,0.02843219803499119,-0.6272094165661777,-0.5864272608622613,0.3177483266955342,-0.5679360068521052,-0.18903530024045775,-0.02843219803499119,-0.5695887929014557,2.9448066128702477,0.19081952690966666,-0.30947941282012914,0.3824042551358344,1.2126072402754011,-1.2536794960168407,-1.6066603575270884,-1.9250810804979817,-0.23228628620644656,-0.49834537654397587,-0.4070549059059717,0.561678026151944,0.6506647255835172,0.36382580878204385,0.3476645205553221,0.2044646553166367,0.23638866577426285,0.34789477903211874,0
0.6474106529472365,-0.46278637473902035,-0.4445202009343899,-0.8681093238500562,1,0,0,1,0,0,-0.14221150653312897,-0.4041934108053113,-0.7839013350458762,0.6101330296216397,-1.4697615442653722,-0.7823767155845522,-0.41552575094080785,2.27231964784566,-1.4543162914022014,-0.6761758826446648,-1.4331128540574523,0.4872730722360794,2.7873333689534356,-0.9003591544536499,2.0882384162112824,-1.2044130976798062,-1.3505602951709188,-2.083881659922546,0.17292230446253995,0.4930801176436278,-0.3218295868202689,-1.0268786253203368,0.7777800802191096,-0.42572247571415023,-0.1713879479006256,-0.4930801176436278,-0.17292230446254067,-0.8709877534198129,1.841902992264201,-0.1548200530645294,-0.7416792878996918,-1.176951992688579,-0.11949971898598452,2.3897409215908554,2.5043724580243647,-0.8523972546416179,-0.44283339212011924,-1.0899443568808573,-0.642586540004281,-0.17917664187171697,-0.33002188519637315,-0.9529858396334858,-0.8656330827735822,-0.7656567202776299,-0.8274130302866491,0
0.9044132765196139,2.397435648093248,-1.6032360836506476,0.5985369837740325,0,1,0,0,1,0,-0.0412600105000692,-0.4652479790328524,1.2246281474825116,-0.6611602590767514,0.6144684759600126,0.1531504025704105,-3.8425032565695387,-0.8140615186327079,-0.08481225645955758,-3.0999015680015964,-2.9124520812438273,-0.6761619751792247,2.7229284673380034,-1.1717850237551963,-0.19010653627752638,-0.4834565519603849,-1.7857176537718218,-1.5584045029884805,-0.65872285032305,-0.26889098598050765,4.172260526145944,0.9268804272442772,-0.3698860145404298,2.417079971651969,2.264851667424094,0.26889098598050765,0.6587228503230493,-1.2330704305130304,-0.5596729573423944,-1.255630790148503,-1.2714198081808024,-1.7743418009295742,-0.7180946013078251,0.2692014673650073,0.6772228733838963,-1.1624527388592034,4.6920251670866335,1.33810702436318,1.0725781451273115,0.6895635396829819,1.7176749677643206,1.6800380602609295,-1.5241547677521787,-1.7677021063295222,1.646919199858125,0
0.4161082917320974,0.026801178718756015,-0.15484123025532542,0.5985369837740325,1,0,0,0,1,0,-0.5838743016777656,-0.06984696574972914,0.32910544826603294,-0.5552673724896755,1.000384608331164,0.37540517203647955,0.5013217420631306,0.827949061732375,-0.376783917973013,0.6292895205620411,0.7228034744099344,-0.12962900941030348,-0.7040033995682745,0.6268632975325065,0.40606266839469235,0.2843372967303017,0.3458704426161419,0.5711649654269129,-1.046543814281098,0.8611509049874916,-0.07074566507353505,-0.7296014035849192,0.800807800034672,-0.5071703335820056,-0.38204849623119147,-0.8611509049874916,1.0465438142810974,0.35452284597261524,0.11577027848446049,-0.6824813981130464,-0.44450777652248397,-0.2894014204448148,-0.4660546508565234,-1.3619827281933365,-1.149926711256571,-0.29429738304996345,-0.3318094232724056,-0.9381911455531051,-1.0713777112871794,-0.5551985114998699,-0.7023304039164997,-1.3653871733518879,-0.8656330827735822,-0.5986491559356475,-1.0129879475475077,1
-0.7147032519863632,-1.2615871198543382,-0.15484123025532542,0.3052077222492148,1,0,0,1,0,0,0.4130217216486998,-0.568168536902136,0.5849690766135982,-0.5876717530846277,0.07576900600920503,0.01720382325917309,0.11610488083445493,1.2169515149642918,0.4331652353657123,-1.3945742254561784,-1.491380486869871,-0.09643820437654127,1.4714078317173096,-0.2554783732422473,2.1911853918572954,-0.28511476952839454,-1.71243007724453,-2.4254793369890577,-0.8325228578121012,0.6941558255444424,-0.41671764344028644,0.5247772779099099,-0.8786642348786959,0.1859634567741158,-0.4291408165934208,-0.6941558255444424,0.8325228578121006,-0.17158018912009393,2.2338268451513885,0.34453761830322244,0.13691474573727128,-0.5643903797938443,-0.6305807296233447,1.2297877158604769,1.9814508597265874,-0.13582458000542025,-0.3516351319952115,0.5793409677244183,0.23584886864214313,-0.26808821695620605,-0.1777138548108673,0.41111087958892223,0.028074918268798287,0.4113489712753868,0.5157958946490849,1
-0.3034990542705592,1.3667250092347738,-0.15484123025532542,-0.8681093238500562,1,0,0,1,0,0,1.006111760842926,-0.6344563538348948,0.06044863850108935,-0.5072394512507286,-0.4766627609682525,-0.09593592860182383,-0.9805274135955505,-0.7568931919422178,0.3437466729776623,-1.011255675775446,-0.494245528273271,-0.26788260657082774,0.63523546333454,-0.6338335892988608,-1.1713542140383477,0.15705004357526012,-0.6425572427099252,-0.5272034900661644,0.5444209881177456,-0.9053100327574869,0.7301281830943162,-0.13457727807293096,-0.31209306959750244,0.728992414555542,0.1278317966904629,0.9053100327574869,-0.5444209881177463,-0.45320004908148526,-0.9349191994684248,0.8641121994429487,0.821701271954316,0.4957394703862077,0.41608517572303205,1.166352774922097,0.954063719541543,0.44983577907224165,0.77843026520473,-0.02767187758659086,0.32447439948480933,0.10608132819102022,0.39767203775660004,0.09387908442092041,0.2044646553166367,-0.2089648391376897,-0.1469716669968365,0
-1.074506924987691,-0.978141694168258,-1.168717627632051,1.478524768348486,1,0,0,1,0,0,1.5361071150164898,-0.6926035616706483,-0.7327286093763631,0.34684743728765344,-1.9425909370153727,-0.8007116160837652,-1.1847182739179707,1.0461105525128318,-1.2748786669244208,-1.9290196044593293,-2.153667870524334,-1.8264022951047973,1.1524018910421345,-1.4330714209276625,0.6872337975365013,-1.0660516017702761,-2.972937246133616,-2.8203348584014694,-1.4375436385994584,-1.0652566185876786,0.21547152069792153,-0.7473638314475176,0.6715227962192599,-0.3419326471693537,0.04636565405306824,1.0652566185876786,1.4375436385994576,-1.4558905394934718,0.003196405846651406,-1.533107876768843,-1.7365578259886068,-2.5082778510542254,-0.8756195703398886,-0.01625576685770265,0.8433273810784847,-1.720552610450858,0.0012624832707351544,-0.8623145398892288,-0.6882026220556532,-0.2699405414371327,-0.38079122865820925,-0.7626467625326843,0.6160407084282594,0.1250502895462747,-0.8892713360402683,0
-0.7661037767008384,1.5213316050635446,-0.15484123025532542,-0.4281154315628296,1,0,0,1,0,0,0.8799223908016013,-0.619338079797599,0.047655457083711085,-0.49566645818110283,-0.43916367750668783,-0.0932527724312073,0.37240576359628996,0.5408361552327847,0.15231842328611422,0.5913016400113887,0.6717984994268726,-1.060396452025703,-1.288604885889075,-0.5182859694097721,-0.39249118616346323,-0.02914936673839478,-0.3695616796401839,0.050455682084864485,-1.2173253467419909,-0.2389258302200081,-1.0357045134990168,-1.135503650268675,-0.23751668974737805,-1.1652614034663542,-0.8241107980804443,0.2389258302200081,1.2173253467419902,-0.6203151308168162,-0.5596729573423944,-0.6915790075104341,-0.5995537824584191,-0.6990401460957827,-0.18250970659880966,-1.0357458890816678,-0.6516131881728072,-0.5423417704240322,-0.9424412519348303,-1.0140677512169813,0.2606118846128881,0.09311505682453199,-0.38079122865820925,0.4428340591057229,1.1099319721622063,1.0714264874841732,-0.332546584257695,0
0.6474106529472365,0.5679242641194551,-0.4445202009343899,-0.13478617003801185,1,0,0,1,0,0,-0.5586364276695006,-0.12915711774219762,0.4570372624398156,-0.5708909131336704,1.0048736078042197,0.34186571990377296,-0.8858049900683562,1.0786064736474348,-0.9259005546285844,-0.5015555218147247,-0.05914236665697651,-0.49174910311880127,-0.20837019582529342,-0.7708851042194202,1.9403456496123077,-1.2214881160700386,-0.6628141959786087,-0.90873719589165,-0.46991781074089073,-0.2046283627832927,0.4614740885004219,0.4633744415527052,0.038259319243917955,0.020333941561724696,-0.810317027236209,0.20462836278329197,0.46991781074089,-0.8988402670423681,1.1664597564373458,-1.110069039790291,-1.4781478160953823,-1.603658998575004,-0.2140147004052217,-0.38327221085833024,-0.2086678343205727,-1.4104971262332722,0.41760236644966076,0.4275877563966659,-0.0039613912850709025,0.015317428625603584,0.025363519036474696,-0.857816301083085,0.7806711296729086,0.7374113588002092,-0.20882997275045564,1
0.10770514344524394,-0.2566442469673251,1.0038746524609323,-1.161438585374874,1,0,0,1,0,0,-0.4955417426488382,-0.22684442690626339,-0.13144908275958464,-0.4082903605054282,0.48057419607602075,0.14107619980263614,-0.19293016382746103,-1.0725865339743867,1.3835317015223987,-0.6944631671603588,-0.3783150042641555,-0.5179690374279547,0.09674032925523424,0.5028658093839684,-1.8677775242104593,0.47452600517452337,0.11046476079473343,0.5187939607763185,0.3871222082195544,-1.0903910820752818,0.7707316808923667,-0.3989398426956947,-1.414481312480567,1.0477099016855953,0.9983293615327108,1.0903910820752818,-0.3871222082195551,0.8837206048011639,-1.6103624352952797,1.3462854975045246,1.428964795203394,1.4174266031008858,0.9201650766256344,0.18764225758709038,0.012804842605544792,1.5040244254120325,0.6674062963570164,-0.4070549059059717,-0.11343998820836432,-0.8145239388296306,-0.39771434314548676,1.4579758036433286,-0.28942660841731066,-0.7656567202776299,-0.08511336124321738,1
0.05630461873076867,0.8256019238340739,-0.8790386569529866,0.3052077222492148,1,0,0,1,0,0,1.460393492991695,-0.6885332571221455,-0.16982862701171944,-0.39671736743580244,-0.8111216264048052,-0.22293865401100615,-0.9032738914265908,0.6323138497774609,0.6908921278367616,-2.1007317756866546,-1.9229877157555413,0.1007524332260917,2.3989898504448766,-0.8593158090475511,-0.5102347094238654,-0.039377881086489513,-1.280680509565497,-1.5147470892835513,-0.16027754582615011,0.29637562078413626,0.39740610276219884,-1.3790125337200883,-0.9840436566796896,1.568052230314367,1.0211224995740846,-0.29637562078413626,0.16027754582614942,-0.9916819791175521,-0.8098371187597482,-1.2677609360116868,-1.0905328012555453,-1.4557339032010432,-1.2956861544253913,0.5954383064766764,0.7510470990259361,-1.4104971262332722,0.3065783976019474,-1.317574173872486,-0.17730250308028428,-0.6459624110652865,-0.0423289389126401,0.664896315723324,-1.277209135885205,-1.32234860141757,0.2860364732784985,0
-1.305809286202831,-0.1535731830814779,2.1625905351771904,-2.6280848929989626,0,1,0,1,0,0,0.5013542806776271,-0.5832868109394319,-0.3617263482723934,-0.2925604298091705,-0.6694964606265815,-0.2224914613159034,2.780822053909612,0.056778540102879124,-0.6717423714413702,1.3079478981261674,0.8952486369832512,1.1058939214117318,-0.7385250360284435,2.3728699964460342,0.12821014005372008,-0.4953276746000886,0.9613701765491871,0.5265457007503973,1.2994551316290601,0.21952363131345246,-1.4958570169011673,0.0505077756131328,0.4205377815087521,-0.8136750181778912,-0.6497976807661505,-0.21952363131345246,-1.2994551316290608,2.6941339902672503,0.41596727218528484,0.8823074182377254,0.459927258103802,0.8541733553308051,0.9201650766256344,1.0032343553662626,0.40038202722625016,0.6978801664463103,-1.4142931195376127,-0.02767187758659086,-0.21379536872138252,0.028283699992091807,-0.29617565622181696,-0.5405845059150832,0.6983559190505837,0.9044189231421907,-0.20882997275045564,0
-0.8432045637725518,-1.0554449920826439,0.5693561964423357,1.0385308760612593,1,0,0,1,0,0,-0.10435469552073157,-0.42163757315603734,-0.5664172509504457,-0.18377429495468825,-0.6201726396776468,-0.18224411875665547,-0.49046230014625264,-0.25902923502225433,0.23195966716555416,-1.2124295870765127,-1.65764218094005,-2.120673906089017,0.44062805109581266,-0.6388923946874906,-0.9840460565142457,0.7633709554181973,-0.8544177409987964,-0.9099293532869024,-1.6831717333635567,-1.2229970446133172,0.043626014597258275,-0.6302699830528183,0.4500175552708368,0.7906881465681532,1.2666471097406864,1.2229970446133172,1.683171733363556,-0.8709877534198129,-1.2351161931692491,-1.5649495096597015,-1.0130097982875779,-1.2452251136304073,-1.8207693845322692,-1.4435419379712537,-0.983822203561983,-1.5965304167638241,0.1400424443303771,-0.482931511569848,0.4339529964081015,0.6117659114840535,0.9222885868622325,0.5380035976561225,-0.12479618717266176,-0.6543183440496418,0.47161139053935697,1
-0.5348014154856993,-0.9523739281967958,-0.4445202009343899,0.5985369837740325,1,0,0,1,0,0,1.5865828630330199,-0.6978368103758661,0.39307135535292426,-0.5627898179849323,-0.4540097263146476,-0.10174943363815964,0.6402352289052218,0.7261871130174414,0.2871255605835892,0.5676820297578175,0.4370205242607005,-0.13864336900915492,-0.7065187015539233,0.01483972577861104,1.4930392849921499,-0.5378868557322108,-0.8746171278413232,-1.3439491549941134,-0.6655696264837223,0.471010832630124,-0.8754349916993828,0.4989793773618167,-0.9330346764812403,-1.6341571707720846,-1.8802528564145475,-0.471010832630124,0.665569626483721,0.15955525061472892,1.6918044954137887,0.6093791363160792,0.21443774870523882,-0.15285517856115927,0.2270552128845555,0.6769975162545934,1.1755363964676604,0.20179139169817292,-0.9979532363586869,-0.02767187758659086,-1.2538420394926681,-1.4628375071540325,-1.870025303538713,-0.794369942049485,0.36909507656128593,0.6817421706862145,-1.7552876165909395,0
1.1614159000919912,-1.3388904177687242,-0.8790386569529866,1.478524768348486,1,0,0,1,0,0,-0.21792512855792381,-0.38267894390608254,-0.6943490651242283,0.15589305163882816,-0.884748807484569,-0.4147843202100879,-1.1833265178085992,-0.5800619802974399,1.450884538626243,-1.1106603074899246,-0.9524215809824609,-1.0685751294813777,0.4744704338505326,-0.982975652778683,-1.7624916042923537,2.261365353929782,-0.6110632233245382,0.23316089476131593,-0.5566704711695901,-0.90531003275748545,0.6632666381665344,-0.969472126205567,0.289046326234242,0.8945105894608464,1.465830933691675,0.90531003275748545,0.5566704711695893,-0.9823978079100336,-1.685411683720486,-0.43684594438356456,0.7312577684916879,0.4274663494443799,-1.537224440274555,-0.7910682597479163,-0.6516131881728072,-0.4183195767369984,0.19555442875423396,-1.1658209625447336,-1.244718823082393,-0.9312203811280227,-0.5669454880182719,-0.4771381468814831,-1.0302635040182315,-1.4336869776455579,-0.9511296417938885,0
-0.6376024649146498,1.3409572432633117,-0.15484123025532542,0.3052077222492148,1,0,0,1,0,0,-0.571255364673633,-0.12508681319369488,0.5082099881093286,-0.5801493075893709,1.0605769299381331,0.3521511518911363,-0.7624334001169103,-0.39011584945421707,-0.8108639162337378,-0.5842467578765828,-0.3036332672082086,0.2551913671698911,0.5951125887199982,0.2931772998691573,0.5546474570319385,-0.9369810837702887,0.10177276073108928,-0.2000407374748211,-0.3979084468072301,0.7426913412446393,1.353121506175885,1.091079892971201,0.16690251051561508,0.8901958048386712,0.19943727272903244,-0.7426913412446393,0.39790844680722937,0.6887530094432773,1.0914105080121401,1.4736520290679587,0.6666552660183818,0.683490552976235,1.7392949155923647,0.5954383064766764,0.8986955503100138,1.5660355222555504,1.333550109443298,1.1104772073715516,0.20587258615124074,0.2616765845888761,0.6176725260912207,-0.5088613263982832,-0.8656330827735822,-0.6543183440496418,0.038603250264021984,1
-0.020796168340944693,0.6452275620338409,-0.15484123025532542,-1.8947617391869185,1,0,0,1,0,0,-0.4576849316364408,-0.2559180308241401,-0.2977604411855021,-0.33595915382026714,0.24081507477323594,0.06281747815965406,0.8357613296603622,-0.48178230585929194,0.2198945796167989,0.9024093398566138,1.493965411451223,0.398153520403889,-1.382727629237952,0.6233077219394563,-1.1435117564946011,0.15508865005179204,0.657028228186531,1.2730393383818568,0.3506288912831737,0.1952844489803987,-0.5393447420282266,-0.48428364025951876,-0.1447541202385291,-0.5675988554234893,-0.6993530663562615,-0.1952844489803987,-0.3506288912831744,0.27096530510494976,-1.2351161931692491,-0.9281168518425269,-0.7158382869103699,-0.4430159425639276,-0.15100471279239655,-0.8726274695258333,-1.0945585420250417,-0.35630847989348147,-0.5816133531797613,-0.5588081172337243,-0.3871364805165972,-0.39960325510201306,-0.5838686025055501,-0.4136917878478824,0.36909507656128593,0.514734606344233,-0.5799798072721716,0
1.932423770809123,-0.3339475448817109,-1.168717627632051,-0.8681093238500562,1,0,0,1,0,0,-0.19268725454965888,-0.3867492484545853,0.21396681550962854,-0.5367505835782743,0.31717451005843855,0.11737498696219013,0.23727586185344016,0.19684745648146437,-0.2756179668397508,-0.400577695401663,-0.608593731730764,0.20664498640096726,0.4905239169894899,-0.7375380174368451,0.23902139136609654,-1.0865376532792237,-1.1853920455613567,-1.8183556414075588,-0.4157307643808121,0.6941558255444424,-1.066877158719623,-0.030732928904694246,-0.7150865623273117,-0.6342598375876254,-0.9840687119110458,-0.6941558255444424,0.41573076438081064,-0.6760201580619267,0.26586877533487285,0.13630344765189217,-0.4574282770171454,-0.8697229484503528,0.1325402314653172,1.247911984700014,1.6738499195514247,-0.17027518936292965,-1.0812212129944723,-0.2553016945782196,-0.6882026220556532,-0.9182541097615345,-1.0746389226366257,-0.3819686083310823,0.2044646553166367,0.6260729825722207,-0.8274130302866491,1
0.4161082917320974,-0.7462318004251005,-1.6032360836506476,1.0385308760612593,1,0,0,0,1,0,-0.40720918361991093,-0.28499163474201683,0.6233486208657331,-0.5928795999659593,0.7965572800300655,0.2390114000301394,-1.9664121540784718,-0.4894335552723166,0.20633817731650198,-1.2342005570763908,-0.9101536794613765,-0.22279848872787877,0.9252462420939856,-1.3280879623101334,0.933508816481893,0.2573705575767979,-0.9164900513227073,-0.8875880359809695,-0.5252107151899527,0.21702702713573208,1.407334124468254,1.6069315540653275,-0.023438611118785275,0.7585494821224726,0.31668739681248664,-0.21702702713573208,0.525210715189952,-1.1495128896453646,1.391607501712964,1.2007237471463126,1.1705547853101694,0.683490552976235,0.3845801819166189,1.0847935651441794,1.5631135810883663,1.2559800380379649,1.1115021717478706,1.2622304186993043,-0.44187577897824326,-0.38663698373552574,-0.07617516788719629,-0.5405845059150832,-0.6186874509066087,-0.5986491559356475,-0.45626319576493324,0
-0.2263982671988458,0.28447883843337485,-1.168717627632051,-0.13478617003801185,1,0,0,1,0,0,-0.7983962307480176,0.8256200349208735,0.13720772700535894,-0.528070838776055,2.1334305513855543,1.0430638658248923,0.2186976249986509,0.6662541297019461,1.0001918073265423,-0.7236385272930409,0.39459708455085346,0.06891218540867923,0.008039459814633844,-0.6259326401088011,-0.14159863520421984,0.8464419675538389,-0.8754812120221215,-0.2803298124551721,0.1590389773671773,-0.06374491962016399,-0.9295288901084771,-1.056305106362633,-0.516703160399824,0.10947678166591653,-0.7866830357808072,0.06374491962016399,-0.15903897736717798,-0.7038726716844818,-0.3345252120667762,-0.646090960523493,-0.1473362651452761,-0.47715250303484213,-0.7811045889206503,0.5954383064766764,0.5664865349208381,-0.6663639641110671,-0.8406692804910928,-0.9381911455531051,0.2575708124761301,-0.058158109117828136,-0.008482709938082702,-0.2233527107470814,0.8904247438360077,0.9415317152181866,-0.04387449074080463,1
0.2105061928741954,-1.6996391413691911,-0.4445202009343899,-0.4281154315628296,1,0,0,1,0,0,1.2332526269173105,-0.6681817343796319,1.9026667626035596,-0.7039803334343667,0.16999743886237031,0.03017241141715298,0.29571338230115074,-0.83151915933827,1.4136187326949103,1.0195886260590197,1.5923753406489758,1.5444970507420954,-1.1012094345737529,0.03625509647306434,-0.6933280052334763,1.140031498264089,-0.40238994649360127,0.28691218230855625,0.5209310369862826,1.5898567061935227,-0.3749709913365087,0.4467253663125749,-0.7868424525649715,-1.7764014383053426,-1.790052027863181,-1.5898567061935227,-0.5209310369862833,0.438080386840281,-0.25947596364157,1.619213779426171,2.087910320431116,1.7758604880454831,0.6051151385615076,0.5138790966987595,0.2896456887631914,1.1939689411944467,-0.47058938433204756,0.19995793940503753,-0.5559159841066736,-0.8469396172458507,-1.4046396551385556,-0.2233527107470814,-0.20711139779498602,0.7095767647432119,-0.76555472453303,0
0.004904094016293398,-1.8284779712265005,1.0038746524609323,0.5985369837740325,0,1,0,0,1,0,1.1449200678883833,-0.6571337648908387,1.096696333308729,-0.6380142729374998,-0.028288716858464482,-0.012310894617608715,-0.2348826272210268,1.1691529071186055,-1.5068517193363653,0.04528508387557774,-0.5606155101353216,-1.9277598009811725,0.2525591468689851,-0.06876365643895686,-0.04496014293469615,0.279772974020047,0.4148153254266606,0.3522696732459553,-1.6656268694518341,-0.9772859963810728,0.25790217553159045,-1.6497391407155957,2.3410616378516167,0.35014654916033305,1.0727503920576402,0.9772859963810728,1.6656268694518332,-0.06326485836571254,-0.03432821836595151,0.03622974428062242,0.17567624722125458,0.3421249482670949,-0.2140147004052217,-1.2804235184154193,-0.762349526635866,0.5738579727592754,0.45461035606556566,-1.4440351833122795,0.8049637970925972,2.016445309520257,2.0787014101595944,-0.9635602328057525,-0.48149543320273464,-0.914107888581614,1.1932916243315823,0
-0.1749977424843705,0.5679242641194551,-0.8790386569529866,-1.8947617391869185,1,0,0,1,0,0,-0.596493238681898,-0.0640322449661538,0.5977622580309765,-0.5899863516985528,1.168174353873405,0.4067086606936724,1.356730075977115,-0.034876676155253396,-2.581065176306966,1.0447346049306083,0.4849611203182374,0.27254770852167304,-0.7955404883230666,0.4220933271797559,0.17146981371059022,-1.8763031307631262,-0.12018211576902144,-0.2786909536839277,0.13830413819877924,0.23455420748543962,-1.4648155179740803,0.2196440277551158,1.6428988657740446,-1.5305395793362195,-0.9025606813321052,-0.23455420748543962,-0.13830413819877996,0.5494904413305014,0.340918023760079,0.5365982611369737,-0.5866332819637576,-0.596630464683041,1.9913348660436665,0.4323198869208419,0.40038202722625016,0.44983577907224165,-1.3310251429018278,0.4275877563966659,0.6346637574341392,1.454573550305776,0.6176725260912207,-0.7309235830158842,1.2745623934068555,1.5724491805101195,0.5334696962929761,1
-2.1025174192772003,0.7482986259196881,1.7280720791585935,-0.13478617003801185,1,0,0,0,1,0,0.08492935954125552,-0.5175804660850305,0.31631226684865466,-0.5517954745687877,0.14097870964842146,0.028383640636741956,-0.03045120993898008,0.20794208757033372,1.768536836534572,1.047636006634983,2.0798331341859706,0.6681906802072539,-2.0666240645147194,0.04237377381433661,-0.5593390458235409,1.079362027288511,-0.24882646937601188,0.6443721483563493,1.3634784946753398,-0.440948977121442,0.08468252420512948,-0.8457406182921243,-1.3329943577296293,-1.662020724771646,-2.074780950268386,0.440948977121442,-1.3634784946753404,-0.45320004908148526,-1.009968447893631,-1.9015610573630652,-1.1938968052128347,-1.2110885531594928,-1.4742144526617298,-0.13859458152457876,-0.7069813574043363,-1.8445748041378918,0.77843026520473,-0.17942508891434333,2.751249964617807,1.3897421934733356,0.49921072468027106,2.314501650596933,4.731801239544486,4.745592903007779,2.018069034379841,1
-0.020796168340944693,-1.95731680108381,-0.4445202009343899,-0.13478617003801185,1,0,0,1,0,0,-0.7226826087232228,0.35462765145127084,0.25234635976176334,-0.5448516787270123,1.4821225763695443,0.6938063709496408,-0.08580145160958448,-1.0970388595128528,1.370640813169129,-0.1002577432560955,0.6943208100818334,0.3785069805161238,-0.5426696253301369,-0.0681569696822005,-0.6498986406880504,1.4199235253493487,-0.026185366701594565,0.4297338473054845,1.0546828838850468,-0.529783266025729,0.05120736606466541,0.8546660716202795,-0.44682570226790613,0.10947678166591422,-0.4830995971507539,0.529783266025729,-1.0546828838850475,0.27096530510494976,-0.25947596364157,1.4190663726836301,2.0749898199364556,1.9636115706355104,-0.024984737566746233,1.166352774922097,0.6772228733838963,1.2559800380379649,-0.038829505479828184,0.6636483073509472,-0.29995907926286314,-0.47596018648244254,-0.4033553813079138,-0.36434461971063786,0.6160407084282594,0.3848398340782469,-0.6624575482769981,1
-0.8689048261297889,-0.3854830768246345,0.27967722576327125,-0.13478617003801185,0,1,0,1,0,0,-0.3945902466157784,-0.28789899513380446,-0.2593808969333673,-0.3706781330291445,0.1827598269865307,0.06505344163516784,0.11261934625971673,0.7541962630143868,2.5154736126146364,-0.1084790189412872,0.24523931506671526,0.3113196470151162,0.3145351812374485,-0.38737600818247625,0.9225238527702202,2.787735327753577,-0.3057527262454308,0.42860063884470156,-0.5252107151899512,0.9455004604204603,-0.5436614854966435,-0.1109938958265996,-0.6373315410868289,-0.1566310133937261,0.09962198306760073,-0.9455004604204603,0.52521071518995055,-0.3974950218363748,0.7912135143113154,-0.13662483426975403,1.2997597902567817,1.0931292786272029,-1.9152843659515075,-0.5463906304141645,-0.3747723420151606,0.20179139169817292,-0.47058938433204756,-0.02767187758659086,0.2514886682026129,-0.127311556405765,-0.1777138548108673,0.9821281108913258,-1.0302635040182315,-0.7656567202776299,0.2860364732784985,1
0.2105061928741954,-0.2566442469673251,0.5693561964423357,0.3052077222492148,1,0,0,1,0,0,-0.4198281206240434,-0.28208427435022915,0.27793272259651985,-0.5454303283804937,0.6417957553634379,0.20457756250722728,-0.1859878720617368,-0.008823029714383894,-0.9517621797628524,0.6337710189323159,0.6212609790799295,-0.794398598908978,-1.478789324715559,-1.303158007554153,-0.8199864159413597,0.49683430336625417,-0.6980968860214993,0.069759796853497,-0.37315522795503414,-0.7133741297612556,-1.0434794629570323,-0.8093345056306509,1.8003613443231092,-1.5484046813079198,-0.739562835675096,0.7133741297612556,0.3731552279550334,-1.2052179168904753,-0.7097714541928067,0.2454747604205509,0.47284775859846334,0.15437386567706757,0.3215701943037938,-0.6279498401920818,-0.5408768497097485,-0.046252995675895824,-0.7203933142394032,-0.2553016945782196,2.2129801964116154,3.0753574711167806,1.9715216850734973,0.2207718024881207,2.9208666058533463,2.6301637546760053,1.770635811365363,1
1.0072143259485644,-0.2824120129387873,-1.168717627632051,-0.13478617003801185,1,0,0,0,1,0,0.04707254852885811,-0.49664747126415926,-0.630383158037337,-0.023488340940371298,-0.9053216429855997,-0.3638043529683739,-0.5269126250800017,0.3869891537592168,-0.8138853392593126,-1.7032205725036,-2.0448447582846847,-0.43702411320480256,1.6663566246971482,-0.9472785812983239,-0.6374461372061797,-0.771192076644126,-1.821517547925594,-2.3331174847821456,-1.0021120160631036,0.3978337296906128,-0.2138247653410185,-1.1697343051722437,0.33763486054074426,0.49475549085427445,0.3805632145967457,-0.3978337296906128,1.002112016063103,-0.9545452942874786,-0.7097714541928067,-0.46413877257572894,-0.7675202888890147,-1.3647030752786062,-0.5920746260821743,0.35076067714292497,1.009431888773073,-1.1004416420156866,-0.38732140769626244,-1.2416975682086098,-0.8068044353892204,-0.5292659687668935,-0.3130987707090945,-0.857816301083085,-0.7833178721512579,-0.7099875321636356,-0.7036964187794109,0
0.4932090788038099,-1.2100515879114147,-0.8790386569529866,-0.4281154315628296,1,0,0,1,0,0,0.3751649106363024,-0.5652611765103484,-0.34893316685501513,-0.2983469263439834,-0.5876010482317433,-0.20415656081669045,-0.3411266979508752,-0.0051945640056422805,0.24317879977273466,-0.9577968821336236,-1.0685714383738318,-2.1399895273825837,0.3182770849769476,-0.6628060425940177,0.1177644660414768,0.008466448681414412,-0.9538581276570661,-1.108317950954447,-1.8132101364739601,-1.1203707433436239,-0.18792301070932066,0.12510355898428518,-0.3239256014037202,0.3480924045227186,0.30713844168162424,1.1203707433436239,1.8132101364739588,-0.8431352397972577,-0.3345252120667762,-1.2920212277380552,-1.0905328012555453,-1.347634795043149,-1.222174502210428,-0.8726274695258333,-0.09793149585751397,-1.1004416420156866,0.16779843654230542,0.6552175733882943,1.5743550476924053,1.130416766143575,1.2269046476332444,1.5214221626769286,1.2745623934068555,0.7374113588002092,1.275769365336409,0
-0.7147032519863632,-0.3854830768246345,0.5693561964423357,-0.13478617003801185,1,0,0,1,0,0,1.031349634851191,-0.6402710746184702,-0.4001058925245282,-0.2885098822348015,-0.9419020066438308,-0.2694466943016926,-0.4794153975307952,-0.07493592495649128,-1.2114284353671556,-0.22183644771676111,-0.6410010324837636,-1.6224587075232428,-0.6843314401927826,-0.9850510319902088,-0.11942540479891982,-0.16321840679400268,-1.353359040557531,-1.3466872240226226,-1.9849433926451614,-0.24419747799268982,-0.31761260413102715,-0.016785840136851395,1.4920444961348924,-1.0422809287823718,-0.48144522698529346,0.24419747799268912,1.9849433926451607,-0.9266927806649233,-0.10937746679115769,0.018034525485845748,-0.06981326217730856,-0.596630464683041,-0.15100471279239655,-0.8726274695258333,0.012804842605544792,-0.046252995675895824,-0.3595654154843339,-0.1035484832504671,-0.2594114507727547,0.5210020119186368,0.04228663352375219,-1.1116017372174867,0.6983559190505837,0.6260729825722207,-0.5181215015185524,1
2.138025869667024,-0.2824120129387873,-0.4445202009343899,-0.13478617003801185,1,0,0,1,0,0,-0.20530619155379135,-0.3850048322195127,-0.8478672421327675,3.8881833165931394,-2.5864953602690592,-3.3009659744032662,-1.6122539845905086,1.56773394368629,-0.4479552950968646,-1.3466499512649261,-1.9036008393847277,-1.5314340744756936,1.2077128594652928,-1.2053670032555008,0.7759684578384871,0.41762349244657654,-0.5306640803869879,-0.44924916968208406,-0.9609518129377761,-1.1356331163529634,1.037489904939937,-1.3744158711724885,1.0320412294413677,1.2930397872910966,2.036169946949296,1.1356331163529634,0.9609518129377754,-1.2052179168904753,0.41596727218528484,-0.7097742263052108,-0.40574627503850064,-0.5795621844475838,-0.8756195703398886,-0.5463906304141645,-0.1532996650890431,-0.4183195767369984,0.6951622885689447,-1.3934507795363622,-0.6882026220556532,-0.10137901367278856,0.4145951522438788,-0.4771381468814831,-1.1948939252628807,-1.6563637301015341,-0.3944048900113141,0
-0.27779879191332196,0.10410447663314094,-1.8929150543297122,-0.4281154315628296,1,0,0,1,0,0,0.45087853266109723,-0.5745647297640688,-0.5536240695330674,-0.1855102439151321,-0.9637736915191104,-0.2985142194833717,-0.22053748946047982,0.9018624870657632,-0.7072367777723818,0.07647735042520308,-1.2690557341856945,0.5753826228509363,1.5753898569027873,-0.8377382231619415,0.7196180663673272,-0.30124216306175955,-0.31098051342497185,-1.3172813347519374,0.5791922973583978,0.21031740340811067,-0.530395414242486,-0.5169369850873812,0.6640970455935382,-0.4116789202964258,0.3637657722931123,-0.21031740340811067,-0.5791922973583985,-0.9823978079100336,0.11577027848446049,-1.3193140559302208,-1.2455788071914804,-1.2793616741013212,-1.5687294340809674,0.5954383064766764,0.34501385799472056,-1.9685969978249267,-0.5538573609678327,-0.5588081172337243,-0.2776578835933038,0.09311505682453199,-0.07617516788719629,-0.12818317219668063,-0.37174181903963527,-0.32030321536567735,0.038603250264021984,1
-1.7684140086331095,-0.30817977891024867,0.27967722576327125,0.3052077222492148,1,0,0,0,1,0,-0.6469689866984278,0.07261369344786675,0.15000090842273722,-0.5292281380830175,1.0823601469700812,0.46484371105703043,-0.8348030659223883,0.33510877645527837,0.4854856227320741,-0.2677182199845722,0.019429040367158378,0.5048584682672077,0.21754246573147967,0.13994513276910628,-0.09543447281725206,0.8029301341610493,0.8067263012465519,0.8587001160790096,0.6060821098378343,0.08746187929198715,1.300645512264578,-0.5555514722435506,0.14319224040552894,1.1616060343166357,0.8130948269017477,-0.08746187929198715,-0.606082109837835,-0.14682239923337803,-0.40957446049198204,-1.0099953364190213,-0.4961897785011287,-0.1699234587966153,-1.1906695084040155,-0.7910682597479163,-1.0945585420250417,-0.8523972546416179,1.5000860627148682,-0.3311783002420958,0.7350191379471587,0.7025298110494701,1.1761353041714093,0.28421816152172197,-0.6186874509066087,-0.6543183440496418,1.0901944480755505,1
-1.5885121721324456,-1.2873548858258006,1.0038746524609323,-0.4281154315628296,1,0,0,1,0,0,-0.09173575851659908,-0.44198909589855107,-0.7199354279589849,0.27740947886989875,-1.1169700503015534,-0.5543084410821474,0.8318141179697421,0.1509292782140065,0.8476609585371484,0.280371702832688,0.7193118351037505,-0.2353810452101376,-0.6473007356464906,0.6255507488183673,0.11695770777601808,-0.48419912547013394,0.2244225650128043,0.5909755338494108,0.9345219622652575,-1.2478791760798724,-0.5316148420580046,-0.08998950681161703,-1.6453543522423257,-0.15623050862912444,-0.358168029876453,1.2478791760798724,-0.9345219622652582,0.6609004958207222,0.19081952690966666,0.2545723698179399,-0.04397226118798574,0.0519641842643253,1.0461850518512859,0.4323198869208419,0.012804842605544792,0.2638024885416898,-0.47058938433204756,-0.02767187758659086,0.1876261533306929,-0.7107937678977266,-0.7192535184037778,1.3945294446097283,1.1099319721622063,0.514734606344233,-0.3944048900113141,1
-0.5091011531284612,-1.5450325455404195,1.4383931084795292,-0.13478617003801185,1,0,0,1,0,0,0.36254597363216995,-0.5623538161185606,-0.6431763394547153,0.019910383070725346,-1.1439734853772594,-0.44787657964769173,0.7538982351264643,0.6611009361145276,-0.9463674395763688,0.12418360951261995,-0.6079324795189541,0.910377390220438,1.0641154987267467,0.3997519189340768,0.10216223899422908,-0.8952391774303226,0.04044089315713637,-0.08633970496303194,0.12009793795335687,1.122534507594003,-0.648886440595464,-0.8050378938096969,0.3940869566174597,-0.12766354740164923,0.7060480802180048,-1.122534507594003,-0.12009793795335758,0.5216379277079463,0.26586877533487285,0.5184030423421971,-0.05689276168264715,-0.03337721691295973,1.109195039464111,0.6769975162545934,0.6772228733838963,0.9459245538203791,-0.7481493064513315,-0.9381911455531051,-0.8068044353892204,-0.5033334260339178,-0.5161761445564365,-0.1916295312302808,-1.5241547677521787,-1.32234860141757,-0.332546584257695,0
-0.4577006284139859,-0.23087648099586283,-0.8790386569529866,-0.4281154315628296,1,0,0,0,1,0,-0.7605394197356201,0.6104753659285859,-0.4512786181940413,-0.27520094020473185,1.0906404719654235,0.6821793608769692,0.47351674951780776,-0.25151340909311576,0.2282106277914559,0.18223600040438206,0.03304295228844039,-0.24699824570292833,-0.20321716512119295,-0.062186869073065865,-0.8711678721506747,0.6895348986213693,-0.12661028548355652,0.021861197533912417,-0.70065935430716475,0.3580292690535297,-0.7205729537325246,-0.5275068028630014,0.3809445013301513,-0.3717336714433822,-0.02161425183042388,-0.3580292690535297,0.7006593543071641,-0.28608496734615396,-1.009968447893631,-0.9099216330477515,-0.4574282770171454,-0.47715250303484213,-1.0961545269847772,-1.1173050988595852,-0.983822203561983,-0.9144083514851348,-0.5816133531797613,-0.3311783002420958,0.6255405410238652,0.7414286251489338,0.5330569536548284,0.3476645205553221,-0.28942660841731066,-0.15329565102369538,0.40975308478573785,1
-0.4063001036995106,-0.35971531085317227,0.5693561964423357,0.3052077222492148,1,0,0,1,0,0,0.021834674520593164,-0.49606599918580174,-0.3233468040202586,-0.3238075110971601,-0.3284829825601029,-0.13126415151494145,-0.027114209746436975,1.3086346414090182,0.8961937411289087,-0.3110617746136785,-0.1454005003669226,0.388156882436103,0.23729493271844163,0.479335798786121,1.9406891987277501,-0.8825213075279387,0.3028396999908365,0.08412868392635775,0.9910609039976785,-0.45352244570481864,0.5166496509911223,0.14799772229564648,-2.1119756708264013,0.720515052002351,0.27116305714120764,0.45352244570481864,-0.9910609039976793,0.4659329004628361,1.841902992264201,0.08171779126756346,-0.39282577454383927,-0.2552648599739003,0.7311351137871589,0.5138790966987595,0.06817301183707392,0.139780294854656,0.5286263352973745,0.19995793940503753,0.1876261533306929,-0.9571529238609991,-0.6515610604546642,1.9021003168785307,-0.04248097655033679,-0.26463402725168356,0.10046155601764112,0
1.3670179989498932,-0.46278637473902035,-0.8790386569529866,-1.6014324776621007,1,0,0,1,0,0,0.07231042253712305,-0.5123472173798127,-0.68155588370685,0.12117407242995086,-1.0893004352736617,-0.48767672951183694,1.3202157248160453,0.010843685871049566,-0.3382210826369595,1.2541561428773684,0.6304006188400484,0.7991365202169213,-0.36469383412234857,0.6726526011788143,-0.45468633391243835,-0.020542693521838386,0.6033199687724318,0.15918298291934674,0.6286220997103051,0.4664671563038157,-1.163685549496763,-0.47037808701462314,0.4417161245784271,-1.0960422841555775,-0.6641404786035268,-0.4664671563038157,-0.6286220997103059,0.8280155775560533,-0.25947596364157,0.6184767457134681,0.5116092600824467,0.7517636739180628,0.1325402314653172,0.18764225758709038,-0.09793149585751397,0.3258135853852078,-1.1367331974183288,-0.5588081172337243,-0.43275256256796935,-0.1532440991387405,-0.5669454880182719,-0.5088613263982832,-0.28942660841731066,-0.09762646290970158,-0.6418381130257917,0
1.521219573093319,0.6452275620338409,-0.4445202009343899,-0.4281154315628296,1,0,0,1,0,0,0.059691485532990585,-0.500717775812662,-0.579210432367824,-0.12590932960655937,-0.7825621291948207,-0.28778159480090554,-0.4091755547956932,-2.097785862293209,0.7092725960175535,-0.6687888248326386,0.07732559027844181,0.6691702793323671,0.4272144202035716,-1.1930117155747433,-1.1688865526225718,0.06101030699318901,-1.1793226554559613,-0.5581233438116971,0.4783555005605047,0.43824128821613356,-0.6230746799932158,1.708312042209449,-0.9082899248120353,-0.2659056019322305,-0.6454258697950889,-0.43824128821613356,-0.4783555005605054,-1.1216603760228097,-1.0850176963188372,0.018034525485845748,0.046471242274642305,-0.42594766232847037,0.29006520049738066,0.758556726032511,0.5664865349208381,-0.5423417704240322,-0.6926373220274746,1.2622304186993043,-0.6060936743631827,-0.944186652494511,-0.9731002357129547,-0.09645999267988113,-0.37174181903963527,-0.2089648391376897,-1.0129879475475077,0
-1.2287084991311177,0.10410447663314094,-1.6032360836506476,1.0385308760612593,1,0,0,1,0,0,1.7127722330743445,-0.704233003237799,-0.5152445252809326,-0.22312247139141586,-1.3360372236292768,-0.3691706653096069,-1.940648048337881,1.8566937425509462,-0.11285327615028665,0.09424266421359091,-0.4507011917051238,-0.7685985065040826,-0.4182541547222749,-1.9951457808293762,0.6589498624852891,0.6884816048338943,0.5305023499270487,0.2417984523693409,-0.16027754582615011,-0.8893153741744672,0.7049921957061901,-1.888248923513924,0.8461318250497837,0.3987212897791689,0.8220027492310364,0.8893153741744672,0.16027754582614942,-1.8736782438317996,0.5660657690356972,-0.10023439668020068,0.26611975068388355,0.47867119015075044,-0.8756195703398886,-1.0357458890816678,-1.0945585420250417,0.139780294854656,1.1670141561717275,-1.6210805965279906,1.5561086148718575,1.843561691300417,1.93767545609894,0.7600658542737248,0.5337254978059351,0.1250502895462747,1.708777505611744,0
-0.5605016778429365,0.8256019238340739,0.27967722576327125,0.3052077222492148,1,0,0,1,0,0,-0.7479204827314877,0.5872164827942845,-0.16982862701171944,-0.39671736743580244,1.3336089013488852,0.7582021190444375,0.8259663399971616,-0.5244667340491462,2.2421179106656757,-0.21520062276190158,0.6945699000301205,0.9374758602583907,-0.17592662893598282,1.2050261750517104,-1.9338240819974388,1.9885139251333142,1.0588900382708546,1.8261314766753816,1.3891927962267179,-0.09917924017331377,0.05552165370524621,-1.2174154614281247,-1.0667855720675008,1.3406993937415754,0.8798870720515798,0.09917924017331377,-1.3891927962267185,1.9978211497033713,-1.6103624352952797,2.1923631714616274,3.18615286247732,3.670439594181211,0.29006520049738066,0.10608304780917345,-0.4855086804782194,2.558213071751823,0.11228645211844858,-1.0899443568808573,0.2788583174334372,-0.3347718982695729,0.19459466390925928,1.1407440084753266,-0.7010026615289333,-0.8213259083916238,0.7190446135538346,1
-0.38059984134227254,1.0059762856343069,-0.8790386569529866,0.3052077222492148,1,0,0,1,0,0,-0.7353015457273552,0.5174398333913804,0.022069094248954552,-0.4910372609532525,1.4070667506830306,0.7774314049338559,-0.23367489191951166,1.3779510505380252,0.09239949941799358,-0.30363292687126825,-0.060126929100822075,0.3418612251634031,0.49515209483387973,-0.6600687278936672,0.7924355002858704,0.7527156100167083,-1.037943073897466,-0.817987788097842,-0.18804420001687264,0.6527578856825103,-0.33460227006711457,-1.0974365727438096,0.6300933853441437,-0.6190180892319478,-0.7204379140676777,-0.6527578856825103,0.18804420001687194,-0.45320004908148526,1.1664597564373458,1.0278691685959374,1.3126802907514432,0.7517636739180628,-0.024984737566746233,1.0032343553662626,1.2309045656991897,0.5738579727592754,-0.47058938433204756,-1.1658209625447336,-0.7246954876967501,-0.32180562690308556,-0.5330992590437151,-1.238494455284687,-0.37174181903963527,-0.09762646290970158,-0.6418381130257917,1
-0.8432045637725518,-0.9523739281967958,0.5693561964423357,0.5985369837740325,1,0,0,1,0,0,-0.10435469552073157,-0.42163757315603734,0.39307135535292426,-0.5627898179849323,0.33398249952276754,0.11066709653564881,-0.09966420969256885,-1.5220699943290312,1.1120407275303221,0.04092861041650852,0.3276208030231203,-1.3491005856142315,-1.3371211338598046,-0.45631982347608235,-1.414005450086278,0.42507271595178997,-0.7769317254209219,-0.81762335730535185,-2.147135912362408,0.28949096339405445,-0.3173638812914472,0.6725692152295756,-1.0930398424437469,-0.8256841116675588,-1.2241731604099428,-0.28949096339405445,2.147135912362407,-0.6203151308168162,-1.4602639384448675,-0.9645072894320803,-0.625394783447741,-0.8697229484503528,-1.1906695084040155,-1.5251011477491712,-0.8730858650989243,-0.790386157798101,-0.44283339212011924,0.35171115073279,-0.6608329728248301,-1.0738493661593913,-1.277716296483967,-0.15990635171348128,0.36909507656128593,0.5704037944582268,-1.0129879475475077,1
-1.3315095485600683,-1.3904259497116478,1.4383931084795292,0.3052077222492148,1,0,0,0,1,0,-0.6722068607066928,0.15401978441792155,3.7448848867060294,-0.7549015029407201,2.1749402818842385,0.7018558394614903,0.09626625479916896,-2.3560134290783696,0.7286947099146773,-0.4743778870434012,1.0406023818454901,-0.4556626918242969,-1.5354139284645754,0.6183814116250064,-0.9399875291439954,-0.13823402283865396,1.0195152018186786,1.44193788072703,1.0387885820834852,-1.6517274332983871,0.4840188496510716,2.292043498403368,-1.135061941585155,1.6517877432515982,0.054937629189221876,1.6517274332983871,-1.038788582083486,0.24311279148239442,-1.0850176963188372,-1.0008977270216337,-0.9096457943302884,-0.5112890635057554,-0.05648973137315825,-0.709509049969999,-1.149926711256571,-0.728375060954584,0.5471303301053266,2.3497950998815287,0.34880297657887444,-0.31748353644758887,0.3299795798074865,0.19962301614358732,1.9879608854670021,1.127095675598167,-0.04387449074080463,1
0.7759119647334253,-0.6431607365392533,1.4383931084795292,-0.13478617003801185,1,0,0,1,0,0,-0.16744938054139394,-0.3954713296299483,-0.5920036137852022,-0.12185878203219036,-0.6207128753726813,-0.20997006585302627,-0.4441255010593725,-0.4881929289256125,1.02913382579683,0.3809216460272169,0.24501967527014104,0.8407665539529919,0.17173738847297737,0.10133736221238626,0.15520479416161032,0.41499099413895923,0.9509853659831515,0.5037191944215889,0.6359402782403267,0.5159874767715705,0.7188224187373735,0.8255408715637645,-0.9898344885207642,0.42838024127004953,0.17324617444055662,-0.5159874767715705,-0.6359402782403275,0.35452284597261524,0.491016520610491,1.0187715591985484,1.1059522828368633,1.5027680042781708,0.006520256239666901,0.6769975162545934,0.40038202722625016,1.1939689411944467,1.2225261405955843,1.4898602356909325,1.6747104282054248,0.7932937106148858,0.9392117013495113,2.1241625734961316,0.2044646553166367,0.514734606344233,2.018069034379841,0
0.6474106529472365,1.9336158606069351,-1.8929150543297122,-1.161438585374874,1,0,0,1,0,0,-0.2810198135785862,-0.34023148218598254,-0.20820817126385424,-0.3822511260987702,0.08588542926353934,0.03374995297797501,-0.055095683158922,-0.8372916903436048,0.870374255248596,-0.037641510425319165,0.6830033568387875,0.13480611199162407,-0.5709894314490462,-0.48550659506430077,-0.6111220927017689,-0.05807160880339638,-0.4120210208088777,-0.4218430848527289,-0.29127919636700184,0.47274661909186166,-0.40850058062842026,0.5370004248323571,-1.248187131077791,-0.357701739143024,-1.299785481903251,-0.47274661909186166,0.2912791963670011,-0.45320004908148526,-0.5596729573423944,0.04532735367801011,0.007709740790658993,-0.15285517856115927,-0.024984737566746233,0.2692014673650073,0.4557501964577793,0.015758101167622184,-0.38732140769626244,0.5034643620605421,0.014285041535478216,-0.6329961396987983,-0.7192535184037778,0.09387908442092041,0.6983559190505837,1.0714264874841732,-0.20882997275045564,0
-0.2263982671988458,-0.7462318004251005,-1.168717627632051,1.0385308760612593,1,0,0,0,1,0,-0.7983962307480176,0.8256200349208735,0.6233486208657331,-0.5928795999659593,2.3946884877995833,1.0931494476764008,-1.6086790392096582,-1.1603169878295014,0.6358558721854456,-0.9637588067528218,-0.47793945971338414,0.028488558847163194,0.6977688831198228,-0.38616259703330896,0.12129962871179577,0.7952910312388208,-0.5564479848293865,-0.19542635482221093,-0.09305301462755473,0.13114384342216406,1.851058246670172,1.7140867852092256,-0.07004548975496803,0.7502116748532102,0.4305489063432878,-0.13114384342216406,0.09305301462755473,-0.45320004908148526,-0.03432821836595151,-0.4186507255887879,0.03355074177998182,-0.18699173903207253,-0.7495995951142377,0.2692014673650073,0.34501385799472056,-0.4183195767369984,1.4168180860790833,1.2622304186993043,-0.615216890773458,-0.5551985114998699,-0.24540631275998087,-0.5088613263982832,-0.5363722402842841,-0.5429799678216537,-0.45626319576493324,1
0.13340540580248203,-1.6996391413691911,-0.15484123025532542,-0.4281154315628296,1,0,0,1,0,0,-0.7731583567397526,0.654085771805401,1.9026667626035596,-0.7039803334343667,2.4676668002635243,1.047088600080817,-0.09298144920811506,-0.858450377191497,0.23715517689146792,1.983357844430791e-4,0.5580202874862817,1.0350624988927046,0.20333044967545066,0.3001823705243576,-1.0853030954280352,0.05304450990475615,-0.6020158504829168,-0.010286022270605103,0.3041828515459622,1.1100169487029459,0.42923165623027537,0.09101726744129042,-0.2708944546948446,-0.5972165509415855,-0.7354960020496248,-1.1100169487029459,-0.3041828515459622,0.04814519612450831,-1.1600669447440433,-0.7825551014843162,-0.6383152839424023,-0.8185181077439823,-0.2140147004052217,0.5138790966987595,0.40038202722625016,-0.5423417704240322,0.6951622885689447,0.4275877563966659,1.0178388466656656,0.7025298110494701,0.39767203775660004,0.664896315723324,0.28677986593896093,1.0157572993701793,1.0283361423219313,1
-1.8198145333475857,-0.5916252045963298,0.5693561964423357,-0.4281154315628296,0,1,0,1,0,0,1.0944443198718534,-0.6437599070886154,-0.19541498984647596,-0.39093087090098955,-0.7217088685334796,-0.19297674343912158,0.20216690638763557,-0.1461456597405184,0.6016603843184112,0.24818059164723993,0.2539475014550521,0.11619289773439252,-0.12534858453527664,0.42625426961677493,-1.4986224873995688,1.8936557769237792,0.06463267468915457,0.8441648203838342,1.5677883443965623,-1.3964401374831386,0.1447902391800542,-1.300697605013158,1.0804515312360103,-0.2711873141926311,0.49401845453898496,1.3964401374831386,-1.567788344396563,0.981204402480107,-1.1225423205314402,1.9467277177321458,2.8825211008527822,2.782889021937446,0.14829272836852378,1.6149284287006416,0.8433273810784847,2.1551409422689627,0.08453045990652028,-1.2416975682086098,-0.14993285384946126,0.4172718409867329,0.27921023634565156,-0.3819686083310823,0.5337254978059351,-0.09762646290970158,-0.20882997275045564,0
-0.1749977424843705,-1.0812127580541053,-0.8790386569529866,-0.13478617003801185,1,0,0,1,0,0,-0.596493238681898,-0.0640322449661538,0.2651395411791416,-0.5448516787270123,0.9977716533255531,0.37182763047565753,0.15779274043586836,1.2897409725614923,-2.0821072113598884,0.38074203614009633,-0.05261444195309696,0.2621605959251399,0.2167471100663623,0.6150099885181254,0.05583654154032421,-1.701472978174332,0.08938783966847487,-0.003673313476394171,-0.29127919636700184,0.6464429457035722,0.3950960874083881,-1.7142741391709913,1.1364940552967155,-0.42572247571415023,0.06481507572484242,-0.6464429457035722,0.2912791963670011,0.8558680911786088,0.340918023760079,0.8823074182377254,-0.23777976860790415,-0.18699173903207253,2.27487981030138,0.2692014673650073,0.4557501964577793,1.13195784435093,0.11228645211844858,-1.6969572021918669,-0.8250508682097696,-0.17917664187171697,-0.33002188519637315,-1.1433249167342867,-0.7833178721512579,-0.5986491559356475,-0.5181215015185524,1
-2.1025174192772003,-0.02473435322416849,1.7280720791585935,-0.4281154315628296,1,0,0,1,0,0,0.08492935954125552,-0.5175804660850305,-0.7455217907937414,0.3555271820898727,-1.3892286723982907,-0.6728145052843774,-0.027717979903077002,0.2567441809384308,-0.13400876835518352,-0.3579440819341104,-0.05617632370185607,0.3586652989369321,0.46993308310072246,-0.14693906669586654,-0.6340491148401246,1.1465283864945484,-0.35144295917367524,0.7249487387073529,1.2685285918524662,-0.7689345227338477,-0.10827725832662646,-0.9875659300685657,1.3353449333127945,0.13507453971492167,0.7808033156269617,0.7689345227338477,-1.2685285918524671,-0.5367575899491508,-1.009968447893631,-1.6923160412231368,-0.9742482968035945,-1.040405750804923,-1.2536794960168407,-0.05703537174666111,-0.5962450189412776,-1.534519319920306,0.3065783976019474,-0.5588081172337243,1.7841890251287182,2.3622125459599386,2.293060860331788,0.5697267771729232,0.6983559190505837,0.3477270420022505,1.770635811365363,0
-0.8689048261297889,-1.776942439283576,0.27967722576327125,0.5985369837740325,0,1,0,1,0,0,-0.3945902466157784,-0.28789899513380446,-0.6559695208720935,0.06041585881441555,-0.5265725691785598,-0.2681051162163844,0.3863313633130678,0.6999721769570183,2.0269597532031383,0.11480029890729136,0.5942662035897754,0.8218307887195793,0.09184543955534688,-0.12308605080870269,0.3839525774920072,2.4311060775496967,-0.31702360597185814,0.7317168119528741,0.5641420291796073,0.5613699807042828,-0.6601892967242928,-0.5760985166327681,-0.32789473322126805,-0.4694429784297045,-0.058196119676845653,-0.5613699807042828,-0.564142029179608,-0.03541234474315745,0.491016520610491,0.3728412919839863,1.6356928031179738,1.4003583228654286,-1.033144539371952,0.10608304780917345,-0.1532996650890431,0.5118468759157585,-0.8314172830871166,-0.8623145398892288,-1.2538420394926681,-1.2035120798242718,-1.277716296483967,-0.4136917878478824,-1.0302635040182315,-0.9326642846196119,-1.0129879475475077,0
-0.27779879191332196,0.20717554051898904,-0.15484123025532542,0.5985369837740325,0,1,0,1,0,0,-0.6091121756860305,-0.026236559872914074,-0.438485436776663,-0.2780941884721383,0.3877053774361472,0.19473932321496668,0.7689815620371149,0.21851148678948787,-0.23167500705529329,0.8959929166435899,0.20703999984580046,0.3262949483533572,0.06872417560075207,-0.2864254427545978,-0.6803142285991086,0.1278388845457475,0.4345382202703924,0.33681817123496416,-0.07652239220166908,0.5209213695068188,-1.3554805086517019,-0.9814377328264521,0.4451732460367157,-0.7795479649039695,0.059675248089996594,-0.5209213695068188,0.07652239220166766,-0.3417899945912644,-0.7097714541928067,-0.30947941282012914,-0.19901826712392082,-0.01630893667750248,-0.34003467563087314,-0.46483142063624716,-0.4855086804782194,-0.29429738304996345,-1.2200011740541141,-0.7864379342253526,0.6437869738444144,0.7932937106148858,0.39767203775660004,0.728342674756924,-0.4540570296619595,-0.26463402725168356,0.40975308478573785,0
-1.2030082367738797,-0.7204640344536393,-0.4445202009343899,0.5985369837740325,1,0,0,1,0,0,-0.33149556159511606,-0.3024357970927428,1.0327304262218375,-0.634542375016612,0.8499456331526289,0.2577934932244551,0.489177193780173,-0.20136573546818645,0.12437373360774383,1.332262929406986,1.5703297566988674,2.58229481364383,0.07849666258900943,-0.0718234873603848,-0.0741797460545378,-0.12470780501606472,0.21496191711545565,0.35110941924860845,1.1590962203352904,2.3723646184089273,-0.7519779781447046,0.20206915021158825,-0.2953423776528024,-1.5866487098765902,-1.6987155821306346,-2.372364618408928,-1.159096220335291,0.35452284597261524,0.491016520610491,1.7829707485791584,1.428964795203394,1.4686314438072563,1.6132749403667133,1.7372672433675176,1.1755363964676604,1.5660355222555504,-0.6371253376036178,0.35171115073279,0.4704458620491997,0.2357440418559006,-0.4315605721200442,0.062155904904119784,-0.7833178721512579,0.45906541823023866,0.40975308478573785,1
-1.7684140086331095,-0.2824120129387873,0.27967722576327125,-1.8947617391869185,1,0,0,1,0,0,-0.6469689866984278,0.07261369344786675,0.44424408102243734,-0.5691549641732264,1.2505663918349497,0.4957000070191205,0.4454128060711246,-0.9916076308995724,1.139631351399373,0.3122736308041372,1.3666181025240243,-0.02480609896807771,-1.7251403589203893,-0.19880201020471486,-0.2717647676488836,0.9736533742655065,0.3788876887644541,0.799109534140903,0.5274811195133241,-0.5569819125050662,-0.8179979755757109,1.0887646146620373,-0.5794864928758302,-0.04616298258402953,-0.996495538683268,0.5569819125050662,-0.5274811195133248,-0.3696425082138195,-0.4846237089171882,-0.7825551014843162,-0.21193876761858224,-0.05044549714841698,-0.9386295579527137,-0.709509049969999,-0.983822203561983,-0.6043528672675491,-0.859173275299045,0.7310941790521709,-0.6060936743631827,-0.7885913960966542,-0.7530997473783346,-0.826093121566285,0.8629863402952329,0.6260729825722207,-1.3222794763156045,1
-1.5371116474179702,-1.596568077483343,-0.15484123025532542,1.0385308760612593,1,0,0,1,0,0,-0.6217311126901629,0.017373846003900996,-0.10586271992482811,-0.43722284317949267,0.8078101550300818,0.3512567665009308,-1.0425659577615847,-0.5126046869218485,0.5490769312200282,0.07053370938401539,0.3157219765017914,-0.9655216607781831,-0.7023545486776958,-0.6893922611645136,-0.7592119276993204,0.4806283494832411,0.22757364287830242,0.9335503423638818,-0.7858772647355261,-0.5374328853480426,0.7608807186424991,-0.056995822776292254,-0.2676214195545246,0.13037163777317035,0.500976176247037,0.5374328853480426,0.7858772647355247,-0.7595776989295921,-0.8598699510432187,-0.6551885699208807,-0.3282232720705331,-0.22112829950298704,-0.2140147004052217,-1.2804235184154193,-1.149926711256571,-0.10826409251941274,0.8894542340524437,0.12408133374116129,0.561678026151944,0.3265079414213163,0.36382580878204385,1.0772976494417266,0.36909507656128593,0.1250502895462747,0.6571863078002155,1
0.4161082917320974,-0.46278637473902035,-0.15484123025532542,-1.6014324776621007,1,0,0,1,0,0,-0.5838743016777656,-0.06984696574972914,-0.68155588370685,0.12117407242995086,-0.24609094459855363,-0.1473630885386406,1.0698618703168654,0.20588078654078337,-0.16527999828561937,1.004250566829286,0.9147300635949766,-0.13266273828813205,-0.6294942679942097,0.37406300364005723,-0.39018679813525453,0.30876919444940787,0.33470284465421174,0.7697340083091928,-0.5940660301642549,0.40825130337297294,-1.1139096282139302,-0.6734584095058407,0.5362265574032208,-1.0247921155927886,-0.43769843991527596,-0.40825130337297294,0.5940660301642541,0.2152602778598393,-0.4846237089171882,-0.4277483349861756,-0.21193876761858224,-0.06751377738387422,-0.11949971898598452,-1.0357458890816678,-0.9284540343304539,0.015758101167622184,-1.0812212129944723,-0.7105613285614767,-0.323273965644676,-0.010615114107371936,-0.4146374576327655,-0.3502454288142823,-0.4540570296619595,-0.32030321536567735,-0.45626319576493324,0
0.544609603518286,-0.3854830768246345,-1.6032360836506476,-0.8681093238500562,1,0,0,1,0,0,-0.4703038686405733,-0.2559180308241401,-0.7583149722111197,0.5175490850646336,-0.8590650364872796,-0.5967917471169091,0.4440830757211429,-1.53382356835184,-1.271416049536634,0.7154515045278113,0.016374031338864135,0.16389054755856894,0.008589206044432156,-0.07861907384859167,-1.3594884859199794,-1.1902379933392238,0.22926395617039072,-0.5143012319017185,0.23506672098463585,-0.009609152108407288,-0.6960635792201411,0.743315262360586,0.5419939352149405,-0.7391946111136413,-0.5234020950141328,0.009609152108406583,-0.23506672098463727,-0.03541234474315745,-1.2351161931692491,0.1908891040362222,-0.4703487775118068,-0.3576745413866426,0.5736101447550955,0.8401159358104279,0.7879592118469556,-0.046252995675895824,-0.5261013687559044,1.0346006017076752,0.8171280856396278,1.0007540524786946,0.600749411603942,0.09387908442092041,1.0276167615398821,1.127095675598167,0.5334696962929761,0
-0.8432045637725518,0.5679242641194551,0.5693561964423357,0.3052077222492148,1,0,0,1,0,0,-0.10435469552073157,-0.42163757315603734,-0.7071422465416066,0.2629432375328666,-1.0484395733908003,-0.5274768793759821,-0.44964350092941285,-1.151423232480477,-0.4827524478915942,-0.9940672420498691,-1.2840927519064866,-1.024447890416633,0.2856555677817323,-0.4156732578497539,-1.2485713386429722,0.22929450390381792,-0.9456235211700105,-0.9771115811976736,-2.170401232813651,0.7553527801229527,0.20990441206390142,0.3295731637626698,0.8903576319162264,0.4052566156344732,0.7154241874581218,-0.7553527801229527,2.1704012328136506,-0.48105256270404034,-1.2351161931692491,-0.4277483349861756,-0.25070026910256554,-0.596630464683041,-0.7180946013078251,-1.2804235184154193,-0.4855086804782194,-0.17027518936292965,0.5008703430854462,0.7310941790521709,1.1546870928197819,1.5064386357717279,1.6161362808406496,0.31594134103852145,-0.37174181903963527,-0.04195727479570725,1.8943524228726025,0
1.932423770809123,-0.23087648099586283,-1.168717627632051,-1.161438585374874,1,0,0,1,0,0,-0.19268725454965888,-0.3867492484545853,-0.822280879298011,0.8242334014097165,-1.876339602949156,-0.9344222319194887,0.1604739587001593,0.6287692544318899,-1.5187214970528946,0.46798421447559246,-0.44803387545076856,-0.3125818732475544,0.3719975663477635,-0.15514087689092115,0.5135257015268241,-1.2372027621159933,-0.06369716640646951,-0.8035856443216602,-0.8414861286385814,0.40825130337297294,-0.3781578821620704,-0.34856675969320305,0.8328737033955835,-0.6953775017796509,-0.20207899544815927,-0.40825130337297294,0.8414861286385807,-0.23037994010104354,0.340918023760079,-0.3367722410122935,-0.8967252938356269,-0.8697229484503528,0.1325402314653172,-0.13859458152457876,0.2896456887631914,-0.29429738304996345,-0.47058938433204756,-0.482931511569848,-0.5422311594912614,-0.06248019957332482,-0.33002188519637315,-0.7626467625326843,-0.4540570296619595,-0.32030321536567735,-0.5799798072721716,0
-0.1749977424843705,-0.02473435322416849,-0.8790386569529866,-0.4281154315628296,1,0,0,1,0,0,-0.596493238681898,-0.0640322449661538,-0.7455217907937414,0.3555271820898727,-0.5031741488122929,-0.32400420310422867,0.6159001564780122,1.0773024366934831,-2.1663237575277594,0.003998865057642458,-0.40531349111864656,-0.5028910613471714,0.025536816799277495,0.9093097398290484,0.5349403848309472,-1.8366469298827974,0.3321591542683341,0.19889656188934968,-0.5252107151899527,-0.16498583548630744,0.05214741771250061,-0.9427398690192886,1.1157841098383912,0.3239611227980253,0.7211111696839053,0.16498583548630744,0.525210715189952,1.1900982546492709,0.8662627627365218,0.9550882934168308,-0.26362076959722697,-0.11871861809024475,2.526919760752682,-0.22015379130249568,0.012804842605544792,1.3800022317249987,0.6118943119331598,-0.4070549059059717,2.2585962784629876,2.660436787389163,2.682292493539192,0.8552353928241243,0.4514102871836102,0.4033962301162448,2.389218868901558,0
0.2105061928741954,-1.776942439283576,0.5693561964423357,0.5985369837740325,1,0,0,1,0,0,-0.4198281206240434,-0.28208427435022915,-0.6559695208720935,0.06041585881441555,-0.48783921208039627,-0.26363318926535684,-0.4461009596860318,0.04065720189646584,0.7411737035607382,-0.36017476289800493,0.06454500966429645,-0.022774324397390463,0.194589572096717,-1.3406962450765778,-0.8436417577567841,0.35755451484141937,-0.8898265174236976,0.021620265479698877,-0.6280087910670794,0.5917900106131198,-0.7192936473936825,-0.9009450784917877,-0.653901477243908,-0.39576387457976375,-0.06280369252001247,-0.5917900106131198,0.6280087910670786,-1.17736540326792,-0.5596729573423944,1.0278691685959374,1.0801112818475405,0.615217432034406,1.140700033270523,-0.22015379130249568,0.06817301183707392,0.9459245538203791,-0.8036612908751883,-1.0140677512169813,-0.7885580025686714,-0.9701191952274875,-1.0407926936620688,0.15732544345452057,-0.9479482933959068,-0.8213259083916238,-0.5181215015185524,0
-1.7684140086331095,-0.2824120129387873,0.27967722576327125,-0.13478617003801185,1,0,0,1,0,0,-0.6469689866984278,0.07261369344786675,-0.8478672421327675,3.8881833165931394,-1.7939475649876047,-2.9490253233573984,-0.5583951407906127,0.5314920788253618,0.6631817944827428,-0.7031870070372073,-0.6359214347082311,0.33712269509562237,0.6106116623525291,0.05493554665431023,-0.5739297774597178,1.3552022859528912,0.25349159486499495,0.8872529914947626,0.9848575718326791,-0.5169746011139472,0.8313529870454005,-1.3044398098996561,0.45525587239289544,1.2013182068891786,1.6929588663988215,0.5169746011139472,-0.9848575718326797,0.02029268250195297,-0.5596729573423944,-0.09113678728281299,0.6149732640397371,0.700558833211691,-0.655084613695,-0.22015379130249568,-0.6516131881728072,0.015758101167622184,0.5563823275093027,-1.317574173872486,-0.5878472415426337,-0.2829068128036209,0.19459466390925928,-0.12818317219668063,-1.1948939252628807,-1.4893561657595522,-0.08511336124321738,0
-0.38059984134227254,0.5679242641194551,-0.8790386569529866,0.3052077222492148,1,0,0,1,0,0,-0.7353015457273552,0.5174398333913804,-0.7071422465416066,0.2629432375328666,0.2556084424433628,0.19473932321496668,-0.6004696005732384,0.20885723994217864,-0.429946741786738,-0.9589317670592508,-1.1124134005720052,0.6098635734146203,1.4766013004755831,-0.6180080581255227,0.6605708785257737,0.3605481595018391,-0.8057784214376865,-0.631401863147837,0.1590389773671773,0.6740482547543618,0.21746122673567675,0.37508228859936427,0.950067728490982,0.496458862714259,0.8297508753002738,-0.674048254754361,-0.15903897736717798,-0.28608496734615396,1.3165582532877582,1.7374827015922172,1.70029530559128,1.2126072402754011,0.8256500952063961,1.8188264531454346,1.8953225964775422,1.2559800380379649,0.5841383197212315,0.8828473903799233,1.4283835851280149,1.791696605834465,1.93767545609894,0.47455723862252236,-0.28942660841731066,0.013711913318286572,2.203643951640699,0
-0.2263982671988458,-1.3388904177687242,-1.168717627632051,1.478524768348486,1,0,0,1,0,0,-0.7983962307480176,0.8256200349208735,-0.6943490651242283,0.15589305163882816,0.9539562211440196,0.5144821002134362,-0.48601430797149453,0.28863412568468033,0.5208666861677911,-1.037083764644912,-1.0001207669067296,-1.2366858972786148,0.21373215634203607,-0.23036506420883765,-0.5294208259656409,0.9904576162420282,-0.6120766764941703,-0.11964422647438122,-0.37315522795503414,-1.3166012534636966,0.44563666828568604,-0.9265215570832236,0.283272175826218,0.7941085040251356,1.1833966785651993,1.3166012534636966,0.3731552279550334,-0.3417899945912644,-0.6347222057676005,-0.5369196477548344,0.020630241285320403,-0.22112829950298704,-0.8756195703398886,-0.6279498401920818,-0.5408768497097485,-0.6043528672675491,0.19555442875423396,-1.0140677512169813,-0.6882026220556532,-0.4514683405679659,-0.1269445113490324,-0.2233527107470814,-0.20711139779498602,-0.7656567202776299,-0.5181215015185524,1
-1.7684140086331095,-1.5192647795689571,0.5693561964423357,-0.13478617003801185,1,0,0,0,1,0,-0.6343500496942954,0.05807689148892839,-0.8350740607153893,1.807937812327907,-1.3801488435131979,-1.3525474018405643,0.33359569501505976,-0.49408798837736767,-1.1626176873135785,-0.28484359307513657,-0.39245434136705226,-1.2174145047609095,-0.3188387049826606,-0.6241045851812705,-1.2027297076412256,-0.1763907210885786,-0.5545171430644059,0.030974583833632413,-0.5940660301642549,-1.0712207285677868,-1.08747088245116,-0.5267169482961749,1.4120816628430124,-0.1650443892259624,0.5404505170071864,1.0712207285677868,0.5940660301642541,-0.7038726716844818,-1.2351161931692491,-0.6551885699208807,-0.6383152839424023,-0.801449827508525,0.06953024385249205,-1.0357458890816678,-0.9284540343304539,-0.35630847989348147,-1.0812212129944723,-0.6346847228976005,-0.5331079430809875,0.22277777048941236,0.1438253204474232,-0.9529858396334858,-0.12479618717266176,-0.5986491559356475,-0.5181215015185524,0
-0.020796168340944693,-1.5192647795689571,-0.4445202009343899,-0.13478617003801185,1,0,0,0,1,0,-0.7226826087232228,0.35462765145127084,-0.8350740607153893,1.807937812327907,-1.00139976970615,-1.1244791273381594,1.220304534565424,-0.09329337313186616,-0.46538709127575306,0.6346176691809882,0.43757640914229595,-1.024057928913154,-0.8779866184246704,0.5278615476225011,-1.0638495622898108,1.0696188272648486,0.4136728627094222,0.943304256752506,-0.007768161614413057,-1.3889885083079905,-1.169430122037761,-0.9376930549866045,1.7110635120885136,-0.44713659949319795,0.3520822448310685,1.3889885083079905,0.007768161614412348,1.1900982546492709,-0.5596729573423944,2.2287536090511795,2.6047303402175648,2.7146159009956183,1.0461850518512859,-0.13859458152457876,-0.1532996650890431,2.620224168595341,-1.053465220782544,-0.7864379342253526,0.4339529964081015,1.298978293907919,1.0069041592986248,-0.5723076854318833,0.9453015509175579,0.29205785388825667,0.40975308478573785,1
-0.27779879191332196,-0.5658574386248675,-0.15484123025532542,0.3052077222492148,1,0,0,1,0,0,-0.8236341047562825,3.9045146898240173,-0.7711081536284979,0.5869870434823882,1.269648225209414,2.54920886293097,-0.44312542089132884,0.32884752215031127,-0.7175740649513218,0.07750428683859692,0.1453350504861019,-0.29903682473498416,0.0056769651031979874,0.5467102972409982,-1.388590005027771,0.5681766827318789,1.0476217976393039,1.6234399320523547,0.09517567272851181,-0.5022446364654003,1.1624431719304262,-1.8424125284925312,1.5519105570570755,0.9341005500957434,1.39603043314916,0.5022446364654003,-0.09517567272851252,0.4659329004628361,-1.3101654415944555,-0.11842961547497735,0.188596747715916,0.615217432034406,0.1325402314653172,-0.9541866793037505,-1.0945585420250417,0.5738579727592754,1.7776459848341521,-1.5452039908641146,1.8024354579492659,2.5178078023577952,2.885369867386534,0.2524949820049213,-0.28942660841731066,-0.5429799678216537,2.265502257394317,1
-0.27779879191332196,-0.02473435322416849,-0.15484123025532542,-0.4281154315628296,1,0,0,1,0,0,-0.8236341047562825,3.9045146898240173,-0.7455217907937414,0.3555271820898727,1.4350827726849007,2.728085940972072,0.05834192832070049,-0.033456869569589424,-0.4173094877181769,0.3472142890271256,0.531122952265858,0.14243785601773395,-0.13337806419344922,0.5897670870021997,-1.2998181768822392,0.4532866043718621,0.9798726911492335,1.7839473431124355,0.22845561284398783,-0.032311248161722386,0.5081624527890429,-1.2562087119901673,1.0259853722615864,0.5025608831042104,1.0511915131682585,0.032311248161722386,-0.22845561284398855,0.49378541408539117,-1.2351161931692491,-0.1548200530645294,0.09815324425328795,0.4957394703862077,0.41608517572303205,-1.1173050988595852,-1.3160312189511594,0.5738579727592754,1.1670141561717275,-0.7864379342253526,2.267719494873263,2.608571701923212,2.7330618370010282,1.2041903675089267,-0.37174181903963527,-0.4316415915936655,2.6985103976696543,1
0.13340540580248203,0.0010334127472937634,-0.15484123025532542,-0.13478617003801185,1,0,0,1,0,0,-0.7605394197356201,0.697696177682216,-0.46407179961141953,-0.26941444366991896,1.0697410290860936,0.7447863381913549,-0.23134845584470193,0.40275096111453845,0.10096177072281594,0.17436295367222565,0.114372571047896,0.2618875371973324,0.30389664328594856,0.4309728641329835,-0.6527905222544977,-0.14629851387220005,0.5529198975137641,1.0372535055475935,0.4407888507730546,-0.0799856498736912,0.7523186673412114,-1.206739548514772,-0.28503402028409813,0.31271280409627306,0.8639862192844805,0.0799856498736912,-0.4407888507730553,0.27096530510494976,-0.7097714541928067,-0.4095531161914002,-0.4186667755331612,-0.18699173903207253,0.3845801819166189,0.10608304780917345,-0.09793149585751397,0.07776919801113909,0.4731143508735179,-1.2416975682086098,-0.6334633235940058,-0.671894953798262,-0.5161761445564365,0.3476645205553221,-0.4540570296619595,-0.5429799678216537,-0.023255055489598248,0
0.5960101282327613,1.547099371035007,0.27967722576327125,-0.4281154315628296,1,0,0,1,0,0,-0.7226826087232228,0.43603374242132564,-0.054689994255315046,-0.47830696857666416,1.269648225209414,0.7049861883272097,0.9506454320569501,0.6316756637144372,0.797903822039897,1.1129283577652773,1.014118078755767,-1.1194797632106606,-1.8443123832932173,0.07142191410457319,-0.0510287515802711,1.0999011615030299,0.19072119746739058,0.4505344435626446,-0.9053494332772469,-0.6289223324429117,-1.2505316795163084,-0.9181141554332803,0.014533338582097646,-1.3143785365280665,-0.8785439750691046,0.6289223324429117,0.9053494332772463,0.438080386840281,0.41596727218528484,1.464554419670571,1.9199438140005203,1.9294750101645959,0.16404522527173035,-0.30171300108041293,0.12354118106860354,2.1861464906907218,-1.1089772052064004,-0.7105613285614767,0.6985262723060605,0.5987996401175653,-0.008482709938082702,0.6014499566897238,1.933084078385452,1.6837875567381073,-0.023255055489598248,0
0.13340540580248203,-0.8235350983394863,-0.15484123025532542,0.5985369837740325,1,0,0,1,0,0,-0.7605394197356201,0.697696177682216,-0.2210013526812325,-0.393824119168396,1.384421077291246,0.840932767638447,0.558464819789803,0.4400900312441075,-0.2968481637100549,1.5513962595005415,1.8044290296340668,1.8801387112321222,-0.1782674059402077,0.2580514352647922,-0.5535257243987409,-0.19483443825230443,0.7549748226030106,1.2013332174725369,0.6286220997103051,1.9408252145294884,-0.5187169728694995,-1.1585472986887302,0.21001156358202602,-1.347216148334305,-1.1729780458531918,-1.9408252145294884,-0.6286220997103059,0.18740776423728422,-0.5596729573423944,-0.16391766246191838,-0.23777976860790415,0.06903246449978255,0.6366201323679207,0.18764225758709038,-0.09793149585751397,0.38782468222872474,-0.49834537654397587,-1.0899443568808573,-0.031331040515893936,0.08014878545804377,-0.4654068010946016,-0.3502454288142823,-0.8656330827735822,0.013711913318286572,0.10046155601764112,1
1.0586148506630406,2.0366869244927823,0.5693561964423357,0.3052077222492148,1,0,0,1,0,0,4.047275578838852,-0.7681949318571277,0.57217589519622,-0.5824639062032961,-0.8275148217512528,-0.14065519811209928,-0.7191152734344335,2.941930766829751,1.0448611140372857,-0.2724948859420771,-0.973659393838602,-1.0730395968818487,-0.23151279647173495,-0.7412875933563221,3.340484474071365,0.9221507804551163,-0.4120210208088777,-1.8639716497165435,-1.4375436385994584,-0.037759751214519306,0.2592614639609188,-0.6914682895728154,-0.5016875434683414,-0.04042998029621562,-0.5540006254059349,0.037759751214519306,1.4375436385994576,-0.7595776989295921,2.81754322179188,-0.3731626786018469,0.13691474573727128,-0.03337721691295973,-2.450869260660523,-1.0357458890816678,-0.5408768497097485,-1.1004416420156866,0.3343343898138759,-0.5588081172337243,0.3700904815361815,0.04124997135858002,0.025363519036474696,0.1890486229713212,0.28677986593896093,0.29205785388825667,-0.023255055489598248,0
-0.9974061379159777,-1.596568077483343,-0.4445202009343899,0.3052077222492148,0,1,0,1,0,0,0.9430170758222637,-0.6263157447378894,4.128680329227378,-0.7624239484359768,0.6584225464533338,0.10753674766992953,-0.2307927735874101,-1.034131084334105,-0.14166757205214756,0.5148887791959547,-0.05957946297035042,-0.0595307983875146,-0.4183997753892711,-0.47154065391478966,-0.0590592305803487,0.06877292319749315,-0.039555909170657544,-0.42786600652660806,0.1590389773671787,-0.2389258302200081,-0.1502348956052832,1.3602131266477258,0.2627744722650954,-0.734804485259251,-0.3402716581892322,0.2389258302200081,-0.15903897736717942,0.0759977097470634,0.8162299304530506,2.7503498811681024,2.3764681648118833,2.2423934811479747,1.3297299961089997,1.9547584694419635,2.0429710477616196,2.8269278247403977,0.3620903820258042,2.3814103522414776,2.2380690415398705,2.0704714402139577,1.5569053801351747,1.561076137072929,2.2623449208747504,2.31006592302054,2.018069034379841,0
-1.7941142709903475,0.5679242641194551,1.4383931084795292,-1.8947617391869185,1,0,0,1,0,0,3.7444210907396727,-0.7623802110735524,0.34189862968341117,-0.5564246717966381,-0.9007035442461088,-0.1563069424406957,1.0159643470820485,-0.008462769334568285,-1.9706369279898546,0.09119537178997819,-0.36132910653391187,-0.23571850087783078,0.5605919247202689,0.022968825674872746,-0.09097847258685039,-0.7652744806381331,-1.3857445228883347,-1.4083328924359377,-0.65872285032305,0.33182138160436125,-1.3897729759510296,-0.07952482014165214,1.9248996470382478,-1.4972796117148315,-0.9052174247723407,-0.33182138160436125,0.6587228503230493,-0.4253475354589299,-0.6347222057676005,-1.7378040882100778,-1.77531932747259,-2.0815708451678003,-1.0016395455655394,0.2692014673650073,0.6772228733838963,-1.5965304167638241,-1.2200011740541141,0.27583454506891375,1.1090710107684099,2.0769545758972012,1.1592121896841308,-0.7626467625326843,1.3568776040291806,1.739456744852101,1.0283361423219313,1
-1.4086103356317816,-0.8493028643109486,1.0038746524609323,-0.13478617003801185,1,0,0,0,1,0,1.6622964850578146,-0.6972553382975085,0.4570372624398156,-0.5732055117475955,-0.44150914124881635,-0.0932527724312073,-0.31781185310096816,-0.14099906824796216,1.1827352573855088,-2.3787015109827596,-1.2520028474159466,-2.2564038351863895,-0.5644216421824751,-1.506141087714885,-1.2932073347493738,1.3112099578644494,-4.9085653230944954,-3.5973799654579732,-3.5663204598883063,0.45956749966015986,-1.0629933103904063,-1.1019810727860824,-0.29919916366415983,-1.6537770697421907,-1.884476343384836,-0.45956749966015986,3.5663204598883063,-1.5951531076062477,-1.685411683720486,-2.920493309870545,-2.0595703383551376,-3.2763504616497907,-2.450869260660523,-1.85133798686084,-0.5408768497097485,-2.9607745473212006,-0.9424412519348303,-0.9381911455531051,0.48869229486974886,0.2487103132223888,-0.44848368660732285,-0.0647368131630805,1.6038232358961542,2.12914106165006,-0.08511336124321738,0
-1.8455147957048228,0.6967630939767645,1.7280720791585935,0.3052077222492148,1,0,0,1,0,0,0.4256406586528323,-0.5704944252155661,0.5849690766135982,-0.5824639062032961,0.06915309949212163,0.01139031822283728,0.7773569931696424,-0.29130835012607376,-0.05298213742979864,2.076254027104565,1.3630730617367826,0.7614705439406714,-1.4164582001569832,1.177563239972977,0.06720953559242938,-0.5293103398992041,0.7965682193097036,0.6519467057024462,0.12891477706591967,0.9106988955914741,0.09567349260683704,0.4671588900131394,-0.45947748832547225,-2.0150218311849937,-1.1355626710878084,-0.9106988955914734,-0.12891477706592036,1.1622457410267157,0.11577027848446049,0.17269388524144552,-0.1344157646506147,0.18851042614798086,0.6681251261743327,-0.7910682597479163,-0.9284540343304539,0.6358690696027934,-0.3318094232724056,-0.17942508891434333,-1.582277830262547,-1.5276688639864726,-2.0392564484114977,-0.5405845059150832,-0.6186874509066087,-0.26463402725168356,-1.6934293108373202,1
0.8016122270906633,-1.2615871198543382,0.5693561964423357,0.3052077222492148,1,0,0,1,0,0,7.896051365099256,-0.8025017844802222,0.5210031695267069,-0.5789920082824084,-1.2340199951369846,-0.16972272329377835,1.925049565737505,0.6207401239264483,0.01462424879558889,1.058861005025388,0.8770318155630741,0.9388264152716154,-0.28497511297689937,2.1672936310701125,1.2966653954094032,-0.7326404458276085,1.207934895359256,0.3174274478947922,0.2857518833962749,0.9970420184583276,-0.5112940223369034,0.4469856274260597,-0.7562248305003065,-0.23268534084292997,-0.8302781930817097,-0.9970420184583276,-0.2857518833962756,1.6635909862327087,0.8662627627365218,-0.6824813981130464,-0.9225662948249498,-0.4600842227993849,-0.37153966943728567,-0.22015379130249568,-0.3747723420151606,-0.8523972546416179,-0.08894449141803216,1.243261267283335,2.158240897949969,1.3249108366408955,1.1338275179532133,1.561076137072929,0.8218287349840708,1.6142010715956148,2.1727147987638893,0
2.0352248202380734,-0.514321906681944,0.27967722576327125,1.478524768348486,1,0,0,1,0,0,0.5770679027024219,-0.5879385875662921,0.35469181110078946,-0.5570033214501194,-0.11966686521562313,-0.02170194121476656,0.015249114344240864,-0.4294242478780327,0.6120617638056867,0.14954078131009327,0.06142318526663616,0.37844618142950837,-0.08621424747402515,0.3700522511633256,-0.5332162898909543,-0.04798599644387246,-0.016166212750746815,-0.3766360501396171,0.1359000988749071,0.38137139103206524,0.34854758446945194,0.055233882993084245,-0.8849302339870723,-0.2180500878152647,-0.4475649458088014,-0.38137139103206524,-0.1359000988749078,0.35452284597261524,-0.4846237089171882,0.05442496307539909,0.020630241285320403,0.017827623793410803,-0.2770246880180474,0.02452383803125581,-0.04256332662598434,-0.23228628620644656,0.44535835866158957,0.19995793940503753,0.4521994292286506,-0.10137901367278856,-0.1777138548108673,0.8552353928241243,0.36909507656128593,0.6260729825722207,0.8427612250610729,1
0.18480593051695732,-1.596568077483343,0.5693561964423357,0.3052077222492148,1,0,0,1,0,0,0.26159447759911014,-0.55072437455141,4.128680329227378,-0.7624239484359768,0.9762728382143057,0.16567179803328763,0.5681242540803441,0.5085349591015377,-0.8425034975259764,0.5950618941372698,-0.5054848785030461,-0.10365976134154792,-0.07344675742361038,0.6598039418881889,1.8240551415835173,-0.5196942463894664,-0.014376974632678513,-1.0025202443177703,0.3186972389638403,-0.4574595924329453,-0.1307222804744921,1.1293182077169484,0.629487906652896,-0.818146190729502,-0.32161079517998775,0.4574595924329453,-0.3186972389638417,0.5216379277079463,1.5417059985633763,-0.2639913658331881,-0.4832692780064673,-0.4600842227993849,-0.655084613695,0.6769975162545934,0.5664865349208381,-0.8523972546416179,0.30041039933263,1.9282584017488837,1.869339044957944,1.9876313731502844,1.4393837517512968,1.010326492684037,2.353806266010666,2.2404794378780473,1.605680329355712,1
-1.7941142709903475,-0.2051087150244015,1.4383931084795292,-0.13478617003801185,1,0,0,1,0,0,3.7444210907396727,-0.7623802110735524,0.13720772700535894,-0.5309640870434614,-1.0235288167060868,-0.1759834210252169,0.7062676816301109,-0.44811058679555055,0.4261161469982532,-0.3318206982710904,0.18165470720006704,0.132270679727088,0.46515626605435073,0.08715442336694586,-0.431691105588375,-0.2795764084540224,-1.0429472476509734,-0.9972674918458256,-0.604544012877736,0.7799808228191798,-0.8949987308492925,0.1825871705012989,-0.863462376172283,-0.5859002816271923,-1.2097976194947053,-0.7799808228191798,0.6045440128777353,-0.4346317066664483,-0.9349191994684248,-1.9500816408158028,-1.7580919934797083,-1.9677823102647536,-1.348194477436079,0.051710241290561454,0.3819259708157405,-1.823904438523386,-0.859173275299045,0.12408133374116129,-0.12256320461863823,-0.5422322401333817,-0.7192535184037778,-0.09645999267988113,0.2044646553166367,0.6817421706862145,-0.5799798072721716,1
0.5960101282327613,-0.7977673323680251,0.27967722576327125,-0.8681093238500562,1,0,0,1,0,0,-0.7226826087232228,0.43603374242132564,0.27793272259651985,-0.5506381752618252,1.4970840648827408,0.760885275215054,0.6462691362642478,-0.5936752500154573,1.0881746076944045,1.0198238288454426,1.4880502191219456,0.2243995496082486,-1.3794983372151757,0.3856757556689664,0.2856266759887646,1.1039218787775305,0.29870037908290314,0.5445935154821617,-0.6862106428504532,0.9866295824910817,-0.5132902951249138,1.1009724457467156,-0.3782361164321185,-1.081530016447473,-1.4028485922124565,-0.9866295824910817,0.6862106428504524,0.605195468575612,0.5660657690356972,0.8459169806481733,1.3514417922354265,1.434494883336343,-0.2140147004052217,-0.38327221085833024,-0.09793149585751397,1.5040244254120325,-0.6926373220274746,0.5034643620605421,-1.1169937933385516,-1.112748180258855,-1.396178097894916,-1.016432198667086,-0.12479618717266176,0.4033962301162448,-1.136704559054746,1
-1.8455147957048228,0.5936920300909173,1.7280720791585935,0.3052077222492148,1,0,0,1,0,0,0.4256406586528323,-0.5704944252155661,-0.7455217907937414,0.43653813357725313,-1.5963955669310386,-0.7761160178531137,0.6251115222760112,-0.22383297271204122,-1.0332902742432781,0.3939599811886657,0.014500987618445121,0.30111301705273896,-0.6017553230922992,1.3001927046593722,-0.2234680678850197,-0.3533286186036798,0.7741629158047244,0.6166170014022402,0.28185302474922574,0.13114384342216406,0.42990444216585033,0.08335237484703012,1.0574812335050368,0.23543217686208082,0.5831544930043887,-0.13114384342216406,-0.28185302474922647,1.245803281894381,-0.18442671521636386,0.09081540066495114,-0.10857476366129187,0.20557870638343811,0.41608517572303205,-0.7910682597479163,-0.983822203561983,0.5118468759157585,0.5008703430854462,0.19995793940503753,0.3700904815361815,0.8840576101803024,0.9392117013495113,-0.3502454288142823,-0.04248097655033679,0.013711913318286572,0.8427612250610729,0
-0.5091011531284612,-0.8493028643109486,1.4383931084795292,-1.161438585374874,1,0,0,1,0,0,0.36254597363216995,-0.5623538161185606,-0.10586271992482811,-0.4453239383282307,-0.3248633539790421,-0.088333652785077,0.5534196884092979,0.20132131854286653,-0.2537506744906922,0.47817161622375465,0.3133305472340078,-0.6147193839463114,-0.9472082278367283,0.3657536809331503,-0.04111676967573404,-0.888525986352278,-0.2693341406922254,-0.3710472845496724,-0.5252107151899512,-0.31750632983152677,-0.4040867800178201,-0.3175097050090708,-0.5459972544378848,-0.9130461279338709,-0.7696005119388729,0.31750632983152677,0.52521071518995055,0.5494904413305014,0.19081952690966666,0.7276480584821255,0.11107374474794844,7.593435579547688e-4,1.2037100208833493,0.10608304780917345,0.40038202722625016,1.13195784435093,-0.3040534310604773,-0.17942508891434333,0.41570656358755365,0.054216242725068246,-0.3130987707090945,0.6966194952401235,1.5215080252738291,1.461110804282131,0.5334696962929761,1
1.0843151130202777,0.0010334127472937634,-0.8790386569529866,-0.13478617003801185,1,0,0,1,0,0,0.4130217216486998,-0.568168536902136,-0.46407179961141953,-0.26941444366991896,-0.7756470737712223,-0.22875215904734195,-1.1363759662824782,0.5704583825442995,-0.6629200729825138,-0.8044688660083921,-0.5802341056795931,-0.595369314642641,0.38746015545919604,-0.8471017678067767,-0.34552465833726387,-1.136836428841776,-0.8143105427947566,-0.2343918523799275,-0.7076772998718532,-0.11014700605881247,0.7337443382770927,-1.1291110503396193,-0.236177027177737,0.2793291430242708,0.5254947317319522,0.11014700605881318,0.7076772998718532,-0.8431352397972577,-0.40957446049198204,-0.30038180342274146,-0.8192022908676594,-1.05747403104038,1.0776900456576979,-0.30171300108041293,0.012804842605544792,-0.046252995675895824,0.6118943119331598,-1.0899443568808573,-0.17730250308028428,-0.2699405414371327,-0.14386762583630988,0.37938770007212164,-0.28942660841731066,-0.3759724034796717,0.22417816752487937,1
1.0843151130202777,-0.8493028643109486,-0.8790386569529866,-0.13478617003801185,1,0,0,0,1,0,0.4130217216486998,-0.568168536902136,0.4570372624398156,-0.5732055117475955,0.014773814466203173,0.006024005881604224,0.02901558786494366,0.5660520937514878,-0.5198345051467331,0.6156791077627142,1.0566577784778137,-0.08699507246256039,-1.2916062871326415,-0.9447777049271281,-0.24350342558071378,-1.015239950113197,-0.7588238103448959,-0.3705100698056684,-0.7471295343976714,0.622343072722724,-0.9843576320309801,-1.0208606493261803,-0.30958705740162845,-1.5841794551522916,-1.7354378320870334,-0.622343072722724,0.7471295343976706,-0.8709877534198129,-0.18442671521636386,0.15449866644666885,-0.40574627503850064,-0.6649035856248688,1.2037100208833493,-0.13859458152457876,0.2342775195316623,0.2638024885416898,-0.9146852597229018,-0.9381911455531051,0.0872707728176734,-0.08841274230630035,-0.7023304039164997,-0.2233527107470814,1.0276167615398821,1.5724491805101195,-0.332546584257695,0
-0.7918040390580765,-1.8542457371979617,-0.8790386569529866,1.7718540298733036,1,0,0,1,0,0,0.2868323516073751,-0.5559576232566278,0.41865771818768077,-0.5651044165988575,0.06541157294389098,0.009154354747323507,-1.1900679356979567,1.1426791030414214,0.054160138851055646,-1.2105212305520785,-1.4069809191424183,-1.0958523101661781,1.558020969355754,-0.40840488871745784,1.2977162540843457,-0.36664845588051403,-1.019810603490628,-1.3240072894147876,-1.0117882743416888,-0.4911325578708816,1.2467450813351624,-0.2683392742513392,-0.442485062902412,0.624109348751947,0.5365086821284455,0.4911325578708816,1.0117882743416882,-0.6481676444393714,0.5660657690356972,-1.301118837135444,-1.258499307686141,-1.5183175973977192,-1.0961545269847772,-0.22015379130249568,0.2896456887631914,-1.3484860293897554,1.2502821328075124,-0.17942508891434333,0.2514886682026129,-0.02358138547386016,0.22844089288381547,0.664896315723324,-0.4540570296619595,-0.7099875321636356,0.5334696962929761,0
-0.3034990542705592,-0.8235350983394863,-0.8790386569529866,0.5985369837740325,1,0,0,1,0,0,0.21111872958258027,-0.5425837654544045,-0.2210013526812325,-0.393824119168396,-0.34492642700198883,-0.11292925101572851,-0.42432815203567215,0.47257193117136675,-0.7457252063721218,0.44622512735864955,0.19669236870410692,0.8919602641614234,0.727704202690209,-1.0572399540886195,-0.07340202723359703,-0.7218787765941929,-0.8950739132348555,-1.3081804119708755,-0.9702511656336119,2.178810709907987,-0.46634308034884353,-0.7221523457727547,0.294012786299642,-1.490361329595783,-1.5328932681464116,-2.178810709907986,0.9702511656336112,-1.0659553487776992,-0.25947596364157,-0.5915053041391644,-0.8450432918569822,-1.1086788717467513,-0.40304466324369825,0.10608304780917345,0.6772228733838963,-0.790386157798101,-0.47058938433204756,-0.7105613285614767,-0.14080963743918734,0.028283699992091807,-0.5669454880182719,-0.7309235830158842,-0.8656330827735822,0.18071947766026855,-0.08511336124321738,0
-0.3034990542705592,1.6759382008923163,-0.8790386569529866,-0.4281154315628296,1,0,0,1,0,0,0.21111872958258027,-0.5425837654544045,0.6873145279526244,-0.6027166440751413,0.2368375571887322,0.04850731191636592,-0.23494777252196128,0.7791273733327626,-0.8059256993976687,0.25598560204879667,-0.18115484060318687,0.5087703778041252,0.8965731289704479,-1.0908220332888792,0.10838175689936484,-0.4246479269781579,-1.1584292802426068,-1.7822877510021526,-0.9352479841380451,1.6214696784517262,-0.7632359259435745,-0.9608023064075952,0.6749972160242728,-1.4944986779672238,-1.50454692967338,-1.6214696784517262,0.9352479841380443,-1.1216603760228097,-0.18442671521636386,-0.8280431484712572,-0.8967252938356269,-1.2452251136304073,-1.033144539371952,0.4323198869208419,1.0648000580046022,-1.1004416420156866,-0.6371253376036178,-0.7864379342253526,0.5434315933313949,0.8321925247143505,0.10997909147286698,-0.6040308649486834,-0.12479618717266176,0.848749735028197,0.2860364732784985,0
0.5189093411610479,-0.23087648099586283,-0.8790386569529866,-1.161438585374874,1,0,0,1,0,0,0.5139732176817596,-0.5827053388610743,-0.16982862701171944,-0.4100263094658721,-0.46145937948390314,-0.13126415151494145,-0.41126246928536364,0.07780527686067742,1.3830193419885697,-1.568114665709613,-1.894452255090294,-2.6265231185418294,0.6953032550571479,-0.708291325264926,6.040584643110029e-4,-0.1109129433439705,-1.2293750157927423,-1.6997540198041974,-2.4269751189168094,-1.1752198963459366,-0.13584587188277367,-0.10618505174271471,-2.0020905835778016,0.8993945257087683,0.8034017441813343,1.1752198963459366,2.426975118916808,-0.8709877534198129,-0.40957446049198204,-1.2465331807511142,-1.1034533017502068,-1.4500444764558913,-1.411204465048904,-1.0357458890816678,0.06817301183707392,-1.0384305451721696,-0.1375174777889068,-0.1035484832504671,-0.0039613912850709025,-1.0349505520599276,-0.6684841749419423,2.028993034945732,0.2044646553166367,-0.32030321536567735,-0.1469716669968365,0
-0.8175043014153137,1.6759382008923163,0.5693561964423357,-0.4281154315628296,1,0,0,1,0,0,-0.20530619155379135,-0.398378690021736,0.6873145279526244,-0.6027166440751413,0.570464007822585,0.15941110030184907,0.08797250528373947,0.10261116167981268,-0.40587086810495804,-0.1481886959473611,-0.17495892494060372,0.40351953767524723,0.3031918183808292,-0.4432526485359782,-0.8147091006816883,0.10218990382572402,-1.3939339552018684,-1.4607072280751416,-1.1820904200447964,1.7227354082678357,-0.5652207338157629,-0.9569947318774247,0.6575300716421438,-1.1820076808701305,-1.1986411334175098,-1.7227354082678366,1.1820904200447957,-0.5089050763265954,-0.8598699510432187,-0.44594355378095224,-0.3282232720705331,-0.8355863879794388,-0.7495995951142377,-0.30171300108041293,0.2896456887631914,-0.6663639641110671,-0.44283339212011924,-0.7864379342253526,0.5251851605108457,0.806259981981374,0.22844089288381547,-0.5405845059150832,-0.4540570296619595,0.45906541823023866,0.34789477903211874,1
-0.14929748012713334,-1.2615871198543382,0.27967722576327125,0.3052077222492148,1,0,0,1,0,0,0.1858808555743153,-0.5396764050626168,0.5210031695267069,-0.5789920082824084,0.17807456053538515,0.03240837489266675,0.6835902274695277,-0.8783217441331087,0.9615772328088495,-0.29667543915560457,0.5397128198335915,0.060434760885133464,-0.32272358739006296,0.5602231618116703,-0.5704271624603909,0.3682965556973341,-0.5292518731609451,0.03166062716553349,-0.6501878279857761,0.7272741774339888,-0.3907804693535102,0.6340827490670182,-0.9444057701862898,-0.12400771935037234,-0.6707426585536926,-0.7272741774339881,0.6501878279857761,0.577342954953057,-0.4846237089171882,0.1908891040362222,0.3565632541465125,0.12023730520615308,0.2270552128845555,-0.13859458152457876,0.17890935030013266,0.44983577907224165,-0.007989514133240944,1.33810702436318,1.8389283235903642,0.9503296638312415,0.8376730144258402,1.6447900830200406,0.7989633987000918,1.3745142894381406,1.8118746818677758,0
0.004904094016293398,-0.8493028643109486,-0.15484123025532542,-0.13478617003801185,1,0,0,0,1,0,-0.44506599463230834,-0.2733621931748661,0.4570372624398156,-0.5732055117475955,0.7791209118692919,0.23275070229870082,1.1716148814647007,0.2754680325592019,-0.020943689057310106,1.212624639295349,1.2399261594640076,0.4288824915589014,-1.3792660613010463,0.6013393153537627,-0.9421139502240353,-0.29752255563352853,0.22404862636073625,0.3169233639697682,-0.030386078764458365,0.6150811089542358,-1.0283078544086848,-1.3218775933480296,-0.27035075088673294,-1.4160148730123707,-1.3025507530943738,-0.6150811089542358,0.030386078764457654,0.4659329004628361,-0.9349191994684248,-0.2730889752305771,-0.37990527404917784,-0.27233314020935756,0.19555021907814235,-0.5463906304141645,-0.5962450189412776,-0.046252995675895824,-0.9701972441467586,-1.2416975682086098,-0.031331040515893936,-0.16621037050522874,-0.7023304039164997,-0.033013633646279864,0.6160407084282594,1.0714264874841732,-0.2706882785040748,1
0.13340540580248203,-0.23087648099586283,-0.15484123025532542,-1.161438585374874,1,0,0,1,0,0,-0.7605394197356201,0.697696177682216,-0.16982862701171944,-0.4100263094658721,1.4350827726849007,0.8534541631013242,0.6126428277412604,-0.26681148216330225,1.2716134165333752,0.3184744952119255,0.7368666393732395,-0.5650033210232328,-0.5594381486395772,0.5802789362402766,-0.4959397735258054,-0.4111655356395725,1.21349029973569,1.6305795148181799,0.3871222082195544,-1.154540235155578,-0.27208688948107174,-0.1306144454364644,-2.151519850367422,0.773037712043374,0.6339808097293608,1.154540235155578,-0.3871222082195551,0.32667033235006016,-0.6347222057676005,-0.646090960523493,-0.7416792878996918,-0.27233314020935756,0.5106001571422693,-0.5463906304141645,-0.762349526635866,0.07776919801113909,-0.24854144663662048,-0.1035484832504671,0.06902433999712428,-1.060883094792903,-0.7361766328910565,2.1558857530129325,0.36909507656128593,-0.15329565102369538,-0.20882997275045564,1
0.004904094016293398,1.547099371035007,-0.15484123025532542,-0.4281154315628296,1,0,0,1,0,0,-0.44506599463230834,-0.2733621931748661,-0.054689994255315046,-0.47830696857666416,0.45551563856668376,0.15941110030184907,1.2346028360749952,0.006313078575545708,-0.14567643932146068,0.9659669312557825,0.9269965589255924,-0.5960245550846711,-1.3985308790370274,0.5801961943294284,-1.0200319013352073,-0.35620939226453474,0.4954542840816033,0.7607780994492841,-0.4157307643808121,-0.4005896952488784,-1.137020095996841,-1.0305104650602512,-0.1588115137809827,-0.8136750181778912,-0.46238918648400323,0.4005896952488784,0.41573076438081064,0.438080386840281,-1.009968447893631,-0.30038180342274146,-0.43158727602782254,-0.22112829950298704,0.4475901695294441,-1.1173050988595852,-1.0945585420250417,0.015758101167622184,-1.053465220782544,-0.9381911455531051,0.13288685486904556,0.028283699992091807,-0.29617565622181696,0.37938770007212164,0.7806711296729086,0.6260729825722207,-0.20882997275045564,1
-1.8455147957048228,1.0317440516057692,1.7280720791585935,-1.161438585374874,1,0,0,1,0,0,0.3246891626197725,-0.5600279278051304,0.07324181991846762,-0.5089754002111725,-0.16357866238469368,-0.03735368554336297,1.6973174955547263,0.1145646966956204,0.488746252970444,2.0522592458686564,2.2287272903950504,1.6004318392970787,-1.9718576400623735,1.47376622982262,-0.3414729843947713,-0.23342884692340302,0.8681202679733532,0.5794597518777835,1.0520428134163116,1.1393948930391038,-0.887591442876886,-0.49932378120424525,-0.9027059802728333,-1.911656643115345,-2.3317249665636637,-1.1393948930391031,-1.0520428134163122,1.5800334453650435,-0.18442671521636386,0.48201260475264507,0.279040251178545,0.6322857122698633,0.4790951633358572,-0.13859458152457876,-0.5962450189412776,0.5118468759157585,-0.8036612908751883,-0.4070549059059717,0.23324223538206504,-0.2829068128036209,-0.9900233502002335,-0.0012904541294803558,0.6983559190505837,1.5724491805101195,-0.332546584257695,1
1.110015375377516,-0.30817977891024867,-0.8790386569529866,0.3052077222492148,1,0,0,0,1,0,0.31207022561564,-0.559446455726773,0.2651395411791416,-0.5523741242222691,-0.03336719879348004,-0.0033670407155536224,-1.2478091633904695,0.2980772584373218,-0.7427796471081122,-1.0260123643150825,-0.6979259155862768,-1.2496943472306632,0.33189250686479094,-0.8412444003933962,-0.1644229049558018,-0.8187441874065606,-0.661280292766563,-0.4931640530842904,-1.6253768875367096,-0.09240503183227083,0.8945475239447321,-0.5738356484585792,0.19264571190709834,0.7303622928135508,0.4258591606148428,0.09240503183227083,1.6253768875367083,-0.8431352397972577,-0.25947596364157,-0.3367722410122935,-0.6899972859210471,-0.8867912286858101,0.4475901695294441,-0.7910682597479163,-0.09793149585751397,-0.046252995675895824,1.1115021717478706,-0.3311783002420958,0.8080048692293539,0.7932937106148858,1.0745966172477384,0.2207718024881207,-0.04248097655033679,-0.09762646290970158,0.9664778365683122,0
-1.7427137462758722,0.5163887321765315,0.5693561964423357,-0.8681093238500562,1,0,0,1,0,0,-0.6722068607066928,0.14239034285077085,0.7384872536221374,-0.6027166440751413,1.4786210938720403,0.5753003067474108,0.16641221764266834,-0.5992379096099458,-0.1241883818496997,0.3858893310009248,0.994780496706897,0.764113770346022,-1.0299980102201018,-0.4581112390259699,-0.8430620877255903,-0.42987974356278574,-0.6150924177074457,-0.33921807186529374,-0.6862106428504532,1.7227354082678357,-0.6891395918293342,-0.02208825542996429,-0.26221800651221394,-1.1312267029874559,-1.6244437897896904,-1.7227354082678366,0.6862106428504524,-0.3696425082138195,-0.7097714541928067,0.34554846379182197,0.05939174276930372,-0.18699173903207253,0.7626401075935709,-0.38327221085833024,-0.09793149585751397,0.5738579727592754,-0.8036612908751883,-0.3311783002420958,-0.9436526815433369,-0.9182541097615345,-1.2438700675094103,-1.1433249167342867,-0.4540570296619595,0.45906541823023866,-0.8892713360402683,1
-0.1749977424843705,0.18140777454752677,-0.15484123025532542,0.5985369837740325,1,0,0,1,0,0,0.1858808555743153,-0.5373505167491867,0.188380452674872,-0.5338573353108679,-0.003222854695121148,-6.838845449370944e-4,-1.2107142587796413,-0.9598934066330708,-0.44426289573478384,-0.9210448141385089,-0.6825954411373585,-0.6896805767949897,0.7161379892186924,-0.9084686850193961,0.33085621589122793,-0.9375809525773103,-0.8935518599114934,-1.4588299414099206,-0.7613439424253534,-0.18555039652161812,0.7757964429745616,1.6489283188932993,-0.33485617601327017,0.3582413944869403,-0.5368559953291554,0.18555039652161812,0.7613439424253534,-0.9266927806649233,0.11577027848446049,-0.50962681956267,-0.8838047933409655,-1.1428154322176651,-0.30852968182446,0.35076067714292497,0.8433273810784847,-0.9144083514851348,0.5841383197212315,1.33810702436318,-0.3688900476960481,-0.47740088330094144,-0.3130987707090945,-0.7309235830158842,0.2044646553166367,0.1250502895462747,-0.7036964187794109,1
0.6988111776617119,0.20717554051898904,0.27967722576327125,-1.6014324776621007,1,0,0,1,0,0,0.6275436507189519,-0.5949162525065825,0.29072590401389814,-0.5535314235292317,-0.17835789620136996,-0.029751409726616142,0.6227848942259668,-0.6060850148658072,1.6610640818913813,-1.5650309608741453,-0.7084810485382318,-0.390165616284344,0.33976404598821275,-0.2793398400767759,0.486268995856836,-0.23082212557064646,-3.546935710430542,-3.0439057313089575,-1.7152101805067,1.1689852080572094,-1.1451106325302427,1.3190043089190653,-2.502684221719229,-1.402824873612946,-2.050721436802511,-1.1689852080572094,1.7152101805067,-0.7595776989295921,-0.43459087663371765,-2.28366065205337,-2.016502003372933,-2.8780905894891275,-1.7157527385108935,-0.49201782389555315,0.3819259708157405,-2.340663578886029,-1.1644891896302574,0.8069707847160468,-0.8524205174405927,-1.8647919195151619,-2.1407951353351686,0.3476645205553221,0.03983423407198747,0.7374113588002092,-1.3841377820692236,0
-0.48340089077122306,-0.7204640344536393,1.4383931084795292,0.5985369837740325,1,0,0,1,0,0,0.26159447759911014,-0.5536317349431976,1.4932849572474551,-0.6802556976416338,0.4817678086559135,0.0999344718531827,1.2079247340638568,0.08505906756269316,-1.4926707158501524,1.5439086458264255,0.5376693178006823,2.2352693949230367,0.2884473102638722,0.7447417739743363,-0.2820871441545609,-0.7112266827520289,0.25548933135391066,0.05332224402349524,-0.16027754582615011,3.2076021743046157,-0.9355115413335787,-0.3993349481551893,1.3258166476061615,-1.8323821283015647,-0.6469376530582457,-3.2076021743046166,0.16027754582614942,1.050835686536495,0.04072103005925432,1.0551619967881019,0.47284775859846334,0.5640125913280355,1.3297299961089997,-0.05703537174666111,0.012804842605544792,1.4420133285685155,-1.0257092285706153,-0.6852691266735177,-1.1109116490650344,-0.3607044410025493,-1.0238695791747903,-1.0693041645284194,-2.127799645649225,-1.2852358093415737,-0.8686519007890618,0
0.3647077670176212,-0.7462318004251005,3.176466932553916,0.3052077222492148,1,0,0,1,0,0,0.4634974696652297,-0.5751462018424264,0.03486227566633282,-0.5055035022902847,-0.2655488289158101,-0.051663851786651116,3.1928485238739297,-0.0737042301930407,0.6628704825358012,2.5458033422764643,2.7111724629050387,0.4794607820336104,-2.8352671785385586,3.960296932131684,0.06159453897407015,1.205299475516326,2.3029518256547443,2.1451450619419696,0.06512235289855199,0.5893397650429548,-0.4826515631668572,0.16286542599260562,0.30504357833655626,-1.1556484652571046,-1.4303403496854483,-0.5893397650429548,-0.0651223528985527,3.668971967056682,0.04072103005925432,-0.03655113089848297,0.5891322630504142,1.5710411252199985,-0.9386295579527137,-1.7697787770829225,-1.980449249729511,0.20179139169817292,-0.5538573609678327,-0.02767187758659086,-0.5057382938501646,-0.2829068128036209,-0.7023304039164997,-1.1116017372174867,0.8629863402952329,1.3497724280541432,-0.5181215015185524,1
-1.7427137462758722,-0.12780541711001567,0.5693561964423357,0.3052077222492148,1,0,0,1,0,0,-0.6722068607066928,0.14239034285077085,0.20117363409225028,-0.5344359849643492,1.2090742861279644,0.5225315687252857,-0.671378069186098,-0.07502134952153752,-0.4577375014214445,-0.2712651924593796,-0.7113271664626529,-0.8573394836769657,-0.1943368916285922,-0.2996915528776735,-0.9246408222615929,-0.12360406117087999,-0.6921164913592682,-0.439287150793296,-0.946287449071263,-0.23079243079930178,0.6341192798800467,-0.8233157210301076,0.5015323375936676,-0.3198290908099359,0.49588175189232986,0.2307924307993025,0.946287449071263,-0.28608496734615396,-0.8598699510432187,0.00893691608845806,-0.05689276168264715,-0.32353798091572933,0.19555021907814235,-0.6279498401920818,-0.26403600355210183,0.20179139169817292,0.6674062963570164,-0.7105613285614767,0.269735101023162,0.4950694691856613,0.3299795798074865,0.47455723862252236,0.12214944469431245,0.013711913318286572,0.22417816752487937,1
-0.7918040390580765,0.1298722426046032,-0.8790386569529866,1.0385308760612593,1,0,0,1,0,0,0.33730809962390496,-0.5600279278051304,-0.5536240695330674,-0.1797237473803192,-0.9029664449188455,-0.29180632905683035,-0.9266830079156632,1.984528958421654,-0.48003566071175646,-0.5086312321820843,-1.1183953973382745,-1.1552058613155165,0.5735947966138107,-0.6030886252479782,1.1606697089192728,-0.008858851025496384,-0.44275547855026415,-0.8537868327180336,-0.7703150826731027,-0.8115738940849077,0.6859762321010501,-1.5610948409504481,0.6473225385465116,0.24809922704031695,0.6204121250073803,0.8115738940849077,0.7703150826731019,-0.7874302125521474,0.491016520610491,-1.2374355713537264,-1.051771299771562,-1.1428154322176651,-1.2851844898232538,-0.46483142063624716,-0.1532996650890431,-1.2864749325462383,1.3613061016552261,-1.1658209625447336,2.2038569800013414,2.2973811891274982,2.293060860331788,1.331083085576127,1.2745623934068555,0.9044189231421907,2.3273605631479377,0
0.15910566815972013,0.3617821363477598,-0.15484123025532542,3.2385003374973924,1,0,0,1,0,0,-0.7605394197356201,0.697696177682216,0.4570372624398156,-0.5697336138267077,1.860161917323522,0.9768793469496846,-2.4699335040211614,-0.3177437260946255,-1.3885023623181156,-1.0263011880152622,-0.7283387641115997,0.26105972674583705,0.9797250513953706,0.5054463998697262,-0.4409095209834377,-0.6491416590205398,0.9485459809508612,1.2509105661460864,0.6912331826893887,-0.329502323768793,3.9395387494459735,-0.005580243285887892,1.2458044800606496,2.327028651173847,2.168146762294454,0.329502323768793,-0.6912331826893894,0.38237535959517033,-0.4846237089171882,-0.2639913658331881,-0.5478717804797735,-0.1699234587966153,0.8886600828192224,-0.38327221085833024,-0.7069813574043363,0.139780294854656,3.6095414708214255,-0.02767187758659086,-0.058700689746716966,0.585833368751077,1.5653669373788135,-0.9529858396334858,-1.7711003996191523,-2.046048046899492,0.038603250264021984,0
1.1871161624492292,-1.7511746733121147,-0.8790386569529866,0.5985369837740325,1,0,0,1,0,0,-0.15483044353726144,-0.41291549198067434,-0.6943490651242283,0.1443200585692024,-0.9487094836240401,-0.429094486453376,-0.5176388157382183,-0.4746022696135475,1.4805514586573056,-0.4414284793792973,-0.27828974146115226,0.04211978175744163,0.42181383244186893,-0.844933129014377,-1.6396901010517309,2.026661631753407,-0.973920623461891,-0.43530769916191603,-0.5532824974487066,0.6061852033378367,-0.12445785295787866,-0.9911990386011569,0.012636046657497643,-0.3693816216992615,-0.06320294905470676,-0.6061852033378367,0.553282497448706,-0.8988402670423681,-1.6103624352952797,-0.7006766169078218,0.3565632541465125,-0.06751377738387422,-1.7892643907258567,-0.46483142063624716,-0.26403600355210183,-0.790386157798101,-0.1375174777889068,-0.9381911455531051,-0.04957747333644305,-0.03654765684034838,-0.1777138548108673,0.15732544345452057,-0.5363722402842841,-0.32030321536567735,0.22417816752487937,0
-0.5348014154856993,-1.7511746733121147,0.27967722576327125,0.5985369837740325,1,0,0,1,0,0,-0.785777293743885,0.7616581063015448,-0.6943490651242283,0.1443200585692024,0.7645816842404989,0.47423475765418827,1.0866799912243261,-0.2607048230040247,1.3752608384362635,1.00811510771919,1.1421895033735325,0.2732258700265046,-0.7928140236911329,1.472061864677783,-1.2959988878348905,1.5627774068956475,1.1227809626517296,1.572255423253232,-0.4157307643808121,0.7849642097577141,-0.040188110111262096,-0.9404776842613674,-0.30958705740162845,-0.24856808945091668,0.0500991119007662,-0.7849642097577141,0.41573076438081064,1.8864110952131505,-1.009968447893631,1.1916261377489248,1.9457848149898431,2.4415234172283062,-0.15100471279239655,-1.1173050988595852,-1.0945585420250417,1.876091006473136,-0.026493508941193386,-0.8623145398892288,0.0872707728176734,-0.08841274230630035,-0.1777138548108673,0.5697267771729232,-0.7010026615289333,-0.4316415915936655,0.34789477903211874,0
-0.2263982671988458,0.3617821363477598,-1.168717627632051,3.2385003374973924,1,0,0,1,0,0,-0.21792512855792381,-0.3850048322195127,0.4570372624398156,-0.5697336138267077,0.47773984440995537,0.14420654866835542,-3.181948711264543,0.1417235233226879,-2.6761836951583255,-1.2527565399289846,-1.5529959816961632,0.3998183648325476,1.7189610403538458,-0.17050140353649912,0.10498577635165973,-2.3010452082678343,0.8075601866360562,0.4386155159698333,1.1360522199736263,-0.5814181964513455,4.254214146776336,-0.08934753740747481,1.346104241610666,2.493156121666279,2.447193517443096,0.5814181964513455,-1.136052219973627,-0.20252742647848845,0.04072103005925432,-0.1548200530645294,-1.2972608091701252,-0.972132629863095,1.865314890818015,0.35076067714292497,-0.1532996650890431,-0.4183195767369984,4.275685283907707,0.04820472807728505,0.42482977999782756,1.0915179520441112,2.1915221734081167,-0.635754044465484,-1.7711003996191523,-2.1017172350134863,0.5334696962929761,0
0.3647077670176212,-1.7511746733121147,3.176466932553916,0.5985369837740325,1,0,0,1,0,0,0.4634974696652297,-0.5751462018424264,-0.6943490651242283,0.1443200585692024,-1.373788628262661,-0.5538612483870446,2.8844227066804207,0.7602117245291451,1.316561537124784,1.7675139548562917,1.7817792995571595,0.7272204872433817,-1.3401363931181471,4.2372669745513925,0.2133555500694796,1.329656886036759,2.502227771521212,2.4689493443720667,0.5581846313588362,0.43824128821613356,0.22296724650487607,-0.8296795432260855,-0.4636067874764589,0.09336890283897303,0.09404813899698948,-0.43824128821613356,-0.5581846313588369,4.281727266752896,0.340918023760079,0.41832933897092733,1.0801112818475405,2.2025674939319084,-0.655084613695,-1.7697787770829225,-2.0911855881925696,0.5738579727592754,0.27882240539001907,-0.7105613285614767,0.29710475025398503,0.002351157259115363,0.04228663352375219,0.664896315723324,-0.37174181903963527,-0.2089648391376897,0.5334696962929761,0
-1.0488066626304537,-0.23087648099586283,1.0038746524609323,-1.161438585374874,1,0,0,1,0,0,-0.5081606796529707,-0.19893376714510175,-0.822280879298011,0.8242334014097165,-1.4328391295953078,-0.789978991401299,0.3732796584373985,0.17035458045990068,-0.3665867333291762,1.0853306657966895,0.6428243806182922,0.5321332310518986,-0.11530075851252702,-0.022916908047174535,-0.3461768062241409,0.5793929565466378,0.6421980783559303,0.6903635214135874,0.7520553775833569,-0.020113106998745453,-0.5419527561906389,-0.5806093329712065,1.0833703900749,-0.8294190883796735,-0.1616975674441943,0.020113106998745453,-0.7520553775833577,0.15955525061472892,-0.10937746679115769,0.764038496071679,0.9767472778902511,1.2296755205108585,0.1325402314653172,0.35076067714292497,0.012804842605544792,0.7598912632898273,-0.47058938433204756,-0.482931511569848,0.24236545179233895,0.7803274392483975,0.36382580878204385,-0.3185222492974822,-0.12479618717266176,-0.15329565102369538,0.038603250264021984,1
1.3670179989498932,1.3667250092347738,-0.8790386569529866,-0.4281154315628296,1,0,0,1,0,0,0.2868323516073751,-0.5588649836484154,1.390939505908429,-0.6750478507603023,0.4375447402338501,0.09188500334133312,0.470693016262383,-0.05800683511776875,0.010291387858743563,1.0184486531843777,0.9431227009778109,-0.021474450994578745,-1.230772790345163,0.5506487169467159,-0.38813859207330614,-0.12365817095591601,0.6713686145750805,-0.019264231706249933,0.2600885100232926,-0.2872412075127405,-0.10430838717405162,-0.3092125193331627,-0.13833320822858658,-0.7101407998314666,-1.2449134743981225,0.2872412075127405,-0.2600885100232933,0.8001630639334981,-0.10937746679115769,0.9186978558272787,0.705416767502365,0.9736513169790033,0.19555021907814235,0.5954383064766764,0.5111183656893089,0.7598912632898273,0.16779843654230542,0.04820472807728505,1.172933525640331,0.9099901529132779,0.5330569536548284,0.15732544345452057,2.180029710252426,2.1848102497640536,0.5953280020465953,1
-1.5628119097752085,0.8513696898055362,1.0038746524609323,0.3052077222492148,1,0,0,1,0,0,-0.1800683175455264,-0.40128605041352367,-0.2721740783507456,-0.3608410889199626,-0.09200628445211761,-0.029751409726616142,0.5403159880822612,0.6938124279868144,0.8508343548537313,-1.059663843659587,-0.17337661235487367,0.16506292895081204,0.45553869708009503,0.8510567012671629,-0.41226498143877927,0.053663073947193676,-0.14110246738478346,0.5097600039462211,0.2246519615849838,0.002319067851812721,0.09904329403303823,-1.3652773394971203,-1.1091928521348555,1.2916226976926843,0.7230795144675941,-0.002319067851812721,-0.2246519615849845,1.050835686536495,-0.18442671521636386,0.7367456678795146,0.6537347655237203,0.5640125913280355,1.109195039464111,0.2692014673650073,0.17890935030013266,0.9459245538203791,0.1400424443303771,-1.2416975682086098,0.22411901897178985,-0.39960325510201306,0.10997909147286698,1.0138512904081252,-0.5363722402842841,-0.5986491559356475,0.6571863078002155,0
0.2876069799459088,-1.5192647795689571,0.5693561964423357,-0.13478617003801185,1,0,0,1,0,0,0.17326191857018283,-0.5373505167491867,-0.6559695208720935,0.10381458282551219,-1.0707561904610863,-0.49349023454817276,-0.16814829517712532,-0.6001676539186316,0.3329526834292299,-1.6296184074138174,-1.7455880805171096,-0.7846285779421877,1.4320170013931957,-1.1117824642354568,-1.9361650454135417,1.7477567419322884,-2.3753009274406254,-1.660883294788388,-0.5448307780589747,-0.529783266025729,-0.8770656409037396,-1.1158586989482313,1.3011695003956343,-0.15379840528546324,0.6478207238748107,0.529783266025729,0.544830778058974,-1.0938078624002545,-1.835510180570898,-0.4186507255887879,0.49868875958778525,-0.5454256239766699,-1.411204465048904,0.8401159358104279,1.2862727349307197,-0.4183195767369984,-0.8036612908751883,-1.0140677512169813,0.16025650409986858,0.8192262533478623,0.7022880985276131,-0.3185222492974822,0.2044646553166367,-0.04195727479570725,0.5953280020465953,0
2.138025869667024,0.6452275620338409,-0.4445202009343899,-0.8681093238500562,1,0,0,1,0,0,-0.24316300256618875,-0.36756066986878666,0.009275912831576286,-0.5037675533298408,0.23184134261775152,0.10664236227972403,-0.8021940993209808,0.6937730848763505,1.207109626511909,-0.863682905130172,-0.42197608502647876,-1.0247873839292831,-0.19893217899688884,-1.1992397047966759,0.5788488745472858,0.5668549733826128,-1.123212523116923,-0.8510111652051422,-1.344988124630379,-0.06374491962016399,-0.08279576014704568,-0.3723472362609128,-1.0805247168893488,0.05302157377197586,-0.28225718971923835,0.06374491962016399,1.3449881246303783,-1.17736540326792,0.340918023760079,-0.4823339913705056,-0.1344157646506147,-0.5624939042121272,-0.7811045889206503,-0.6279498401920818,-0.04256332662598434,-0.29429738304996345,0.05677446769459199,-0.17942508891434333,0.6072941082033162,-0.08841274230630035,-0.0592520533999176,1.1407440084753266,0.4514102871836102,0.45906541823023866,0.16231986177126023,1
0.05630461873076867,-0.1535731830814779,0.5693561964423357,-0.8681093238500562,0,1,0,1,0,0,0.07231042253712305,-0.5129286894581703,-0.630383158037337,-0.03795458227740351,-0.923865887798175,-0.3651459310536821,-0.757279744771231,-1.152979392510331,1.8656410126777507,-1.162520237730146,-0.7600367516962462,-0.7767384255083027,0.34651834116386737,-0.122512201705964,-0.9898155364032185,0.9046762431163872,-0.9828632742990498,-0.8620015250105136,-1.2315329784747313,0.16204084244106823,0.9306031709099687,0.5909249246091332,-1.6412813859866933,0.5958994433810599,0.14650828654881481,-0.16204084244106823,1.2315329784747306,-0.3974950218363748,-1.1600669447440433,-1.1737523055720087,-0.5995537824584191,-0.9209277891567239,-1.5687294340809674,-0.8726274695258333,-0.4301405112466897,-1.1624527388592034,1.5000860627148682,1.2622304186993043,1.775065808718443,0.45617065508619664,0.6853649840403343,2.790349343348936,0.5337254978059351,0.6817421706862145,2.141785645887079,0
-1.2544087614883548,-1.0039094601397194,-0.4445202009343899,-0.8681093238500562,1,0,0,1,0,0,-0.6217311126901629,-0.0233291994811264,0.09882818275322415,-0.5130259477855414,0.9657641997632628,0.37853552090219883,-0.3008577309119903,-0.24789761976623753,-0.22762720320204027,0.27786436411043747,0.8082866409484633,1.266573488493852,-0.494138083491015,-0.6144266473296367,-0.1207550388323618,-1.8006449253571035,0.004032471949554629,-0.4478790209508361,1.0418552473722593,0.6941558255444424,-0.1955778679210932,0.21927751585466804,-1.4983004841156489,-0.3713782994415436,-1.4880789112315782,-0.6941558255444424,-1.04185524737226,-0.5367575899491508,-0.03432821836595151,0.2636699792153276,-0.7416792878996918,-0.6990401460957827,1.424244977528238,1.3294711944779316,0.8433273810784847,-0.23228628620644656,-0.19302946221276363,0.19995793940503753,-0.0039613912850709025,-0.7756251247301669,-0.8546384343020056,0.12560226393772106,1.0276167615398821,1.6281183686241134,-0.023255055489598248,1
-0.8432045637725518,1.9593836265783975,0.27967722576327125,-1.161438585374874,0,1,0,1,0,0,-0.4198281206240434,-0.28789899513380446,-0.10586271992482811,-0.4516890845165249,0.37117872303876226,0.1276604189495535,-0.0019997030200247217,0.20511224274407713,2.736094842260946,-0.13545850201674103,0.9537256067582904,0.8795212719540989,-0.3313450615734505,-0.19412403163537992,0.34403854990616783,2.3327719533738507,-0.41859316900514837,0.4467235426066327,0.3041828515459622,0.8978772664439514,-0.19118580938886387,0.06312727662136537,-1.3961224676193411,-0.2320741237791311,-0.803751406744658,-0.8978772664439514,-0.3041828515459622,-0.03541234474315745,0.5660657690356972,0.6821600114951846,1.8941028130111983,1.5881094054554559,-0.9701345517591269,0.5138790966987595,0.40038202722625016,1.0079356506638961,-0.19302946221276363,0.04820472807728505,-0.02220782410562002,-0.7367263106307022,-0.7700228618656133,0.6014499566897238,-0.12479618717266176,0.3477270420022505,-0.023255055489598248,0
-1.7427137462758722,-0.4885541407104817,0.27967722576327125,-0.4281154315628296,1,0,0,1,0,0,-0.6595879237025604,0.12785354089183248,-0.579210432367824,-0.12764527856700325,0.2862315061001328,0.19697528669048045,0.43078249605205704,-0.23775703609557802,0.997368995157403,-0.3990908470531649,0.08694688366689456,-0.46268312513175025,-0.47874674386243105,-0.07405591502244692,-0.7237305053039679,1.2526257574051283,-0.1621365165636729,0.4266036246560611,0.6912331826893887,-1.3166012534636966,-0.6730093448852457,-0.3986883390174186,-0.10466874501465907,0.3783741927863606,0.3034602007439931,1.3166012534636966,-0.6912331826893894,-0.03541234474315745,-0.6347222057676005,0.17269388524144552,0.8087807714596554,0.700558833211691,-0.49755964466293656,-0.22015379130249568,-0.5408768497097485,0.07776919801113909,-0.38732140769626244,0.04820472807728505,1.5196157492307591,1.2211806657089916,1.3284433345569153,1.2041903675089267,1.439192814651505,0.793080546914203,1.4613442825972665,0
-0.4320003660567478,0.6709953280053031,-1.6032360836506476,-1.8947617391869185,1,0,0,1,0,0,-0.6469689866984278,0.11913145971646949,-0.4128990739419065,-0.3041334228787963,0.5464568506828977,0.3266611682702793,-0.4079767633021416,-0.4053069522431095,0.65420074570818465,-0.3631372918564141,-0.21539696386634594,-0.20222189518685835,-0.40555679488029456,-1.1547510343383065,-1.1947263792813716,0.9927409583750608,-0.9345068024124865,-0.6783278092609643,-0.5972369986170187,0.3165258375355961,-0.5865120068672282,-0.6405541479442711,0.10329458835608643,-0.43606589484566305,-0.3822284776477401,-0.3165258375355961,0.5972369986170181,-0.9823978079100336,-0.9349191994684248,1.0005763404037717,1.428964795203394,0.9053781960371756,-0.2140147004052217,0.02452383803125581,0.34501385799472056,0.8219023601333442,-0.5261013687559044,-0.5588081172337243,0.16937972051014377,0.19684522775643593,0.008440404549195996,-0.033013633646279864,0.4514102871836102,0.6817421706862145,0.34789477903211874,1
-1.2544087614883548,1.2636539453489257,-0.4445202009343899,0.5985369837740325,1,0,0,1,0,0,-0.6217311126901629,-0.0233291994811264,2.452773563550825,-0.7230757719992492,1.7815933779571322,0.5408664692244988,-0.3589931417611845,-0.021710200555910983,-0.964770402281297,0.04791764597214697,-0.04978118127655561,0.8429041910682413,0.6084824966817977,-0.35118134798726053,-0.26657102934331256,-1.7940391417874069,0.4319944725508027,-0.12632517183393463,1.3918432757717942,-0.23079243079930178,0.14829243741567566,-0.23724707372429513,-0.48396286110275016,0.3636246758240066,-0.05861396935529282,0.2307924307993025,-1.391843275771795,-0.3417899945912644,-0.25947596364157,-0.027453521501095285,-0.9484072958142716,-0.7502449868021539,1.2037100208833493,1.166352774922097,0.5111183656893089,-0.4803306735805153,0.16779843654230542,-0.17942508891434333,0.15113328768959466,-0.127311556405765,0.025363519036474696,0.2207718024881207,0.12214944469431245,0.013711913318286572,0.038603250264021984,1
-0.4320003660567478,-0.35971531085317227,-1.6032360836506476,-0.13478617003801185,1,0,0,1,0,0,-0.6469689866984278,0.11913145971646949,-0.31055362260288033,-0.337695102780711,0.6819645557801033,0.35259834458623907,-0.3470614286036352,-1.5827200137965367,-0.23287149716517858,0.5314635518830826,0.7362516070136673,0.9607344477902514,-0.6828155076660631,-1.1104333426288169,-1.0921420506688688,1.0656959072553225,-0.6135891396001183,-0.21723374976218496,-0.088318892712161,1.3979208031972914,-0.6269345472324731,1.078248958183156,1.3892647493362362,-1.3263974588954122,-1.1692496232747782,-1.3979208031972914,0.0883188927121603,-0.9545452942874786,-0.8598699510432187,0.8277217618533966,1.3126802907514432,0.9565830367435462,-0.18250970659880966,0.02452383803125581,0.06817301183707392,0.6978801664463103,-0.6093693453916895,0.9587239960437993,-0.0951935553878152,0.6247321828505417,0.008440404549195996,-1.3653871733518879,-0.20711139779498602,0.5704037944582268,-0.1469716669968365,0
-0.48340089077122306,-1.2615871198543382,-0.4445202009343899,-0.4281154315628296,1,0,0,1,0,0,-0.5586364276695006,-0.13090153397727022,-0.6431763394547153,-0.020595092672964856,-0.1810229895479596,-0.08475611122425496,-0.20310260671202382,0.3834730334521748,1.2733768582613343,-0.07374111291247325,0.08282799307381458,-1.093772906599887,-0.9766459361356871,-0.46859627058642783,-0.27138852145728765,-0.08121639249074349,0.4217524232967091,0.35608969785323047,0.3210111268130686,-1.8101507183111476,-0.18579675356981823,-0.7981998360966491,-1.8223634655946768,0.5178219695905064,0.23997183514089576,1.8101507183111476,-0.32101112681306926,-0.20252742647848845,0.11577027848446049,1.273504622325418,1.0284292798688959,1.178470679804488,1.0146800580448727,0.10608304780917345,-0.04256332662598434,1.3179911348814817,-0.22078545442469194,-0.7864379342253526,-0.1681792866700104,-1.060883094792903,-0.8207922053274488,1.3945294446097283,1.2745623934068555,0.4033962301162448,-0.5181215015185524,0
-1.2544087614883548,-0.2566442469673251,-0.4445202009343899,-0.13478617003801185,1,0,0,0,1,0,-0.6217311126901629,-0.0233291994811264,-0.6047967952025805,-0.046634327079622846,0.09568252257383655,0.0180982086493786,0.3521346938002082,0.2646299456974382,-1.4886098693580998,0.597391821678518,0.2376879583586792,1.0875944429549742,0.26691553076094016,-0.042731465568816046,-0.663098246640657,-1.4908996989945011,0.6084206934967651,0.28937293121433055,1.2234273880116,0.26996871572628706,-0.5323486405449296,-1.0274901722181233,0.5367691444677218,-0.20373826579373558,-0.02648964140356919,-0.26996871572628706,-1.223427388011601,-0.06326485836571254,-0.6347222057676005,-0.06384395909064733,-0.8192022908676594,-0.5624939042121272,1.1722050270769362,0.6769975162545934,0.12354118106860354,-0.23228628620644656,-0.4150773999081907,-0.8623145398892288,0.4978155112800227,0.7154960824159574,0.5838262971166633,-0.033013633646279864,0.03983423407198747,0.18071947766026855,0.5953280020465953,1
-1.2544087614883548,-1.132748289997029,-0.4445202009343899,-0.4281154315628296,1,0,0,1,0,0,-0.6217311126901629,-0.0233291994811264,-0.11865590134220637,-0.44879583624911845,0.7965572800300655,0.32889713174579305,0.5327923231774093,0.06289273596001684,-0.5918352884449203,1.2062686345126277,0.668597814574851,0.7232919612547476,-0.7483990694537491,0.07394439861811271,-0.6422797072903224,-1.6640155455577041,0.439437289952562,-0.0037084226681734027,0.5745878774132874,0.41661470759684033,-0.6669763231424262,-0.7297439650373991,-0.8631164803343122,-1.1938526087898746,-0.8728304571199549,-0.41661470759684033,-0.5745878774132882,0.10385022336961848,-0.5596729573423944,0.16359627584405784,-0.7416792878996918,-0.5454256239766699,1.3612349899154128,0.4323198869208419,0.17890935030013266,0.139780294854656,-0.859173275299045,-1.0140677512169813,-1.3906902856467844,-1.5406351353529608,-1.8023328455895995,-0.3819686083310823,-0.12479618717266176,0.06938110143228039,-1.6315710050837011,0
-0.5348014154856993,1.3924927752062353,0.27967722576327125,-0.8681093238500562,1,0,0,1,0,0,-0.785777293743885,0.7616581063015448,0.2651395411791416,-0.5477449269944188,2.0234626633927073,1.0090772209970829,0.5278588511083679,-0.46575078610221327,1.2938945500043868,0.2966833093609228,1.1549937468802374,-0.823867909382655,-1.2333633922747833,1.5359603182468173,-1.095489631747176,1.709633798187354,1.1125268636770207,1.4913303111256186,-1.0299055238845727,-0.1022098070627286,0.8007128703484866,-0.4581798938724923,-0.05078010485667538,0.7023625833641197,-0.04555465295572338,0.1022098070627286,1.029905523884572,1.8028535543454847,-0.8598699510432187,0.8459169806481733,1.70029530559128,2.185499213696451,-0.5920746260821743,-1.4435419379712537,-1.2606630497196296,1.5660355222555504,1.055990187324014,-0.17942508891434333,0.9266066825629212,0.754394896515422,1.0238272737859035,0.062155904904119784,0.36909507656128593,0.3477270420022505,0.8427612250610729,1
-0.7661037767008384,-1.2873548858258006,-0.8790386569529866,2.2118479221605303,1,0,0,0,1,0,0.29945128861150755,-0.5542132070215552,0.5337963509440852,-0.5807279572428522,0.1147852533041378,0.022570135600406147,-2.2314743823894334,0.9939681985663078,-0.027774796554661165,-1.2583195429102343,-1.3019382638617374,-1.7845714358181866,0.7437575301978043,-0.5101739020212464,1.0377868061161435,-0.28976053717359057,-0.2801314060351494,-0.8092367592908253,-1.1515885432024495,-1.2918110976951038,2.5931596971179522,-0.32462050576480367,-0.2532123181083673,1.4221350155009358,0.9025213164103233,1.2918110976951038,1.1515885432024489,-0.6760201580619267,0.491016520610491,-1.028190555213798,-1.0000892977929163,-1.040405750804923,-1.0016395455655394,-0.6279498401920818,-0.1532996650890431,-0.9144083514851348,3.5540294863975688,0.27583454506891375,2.021392651795853,1.5453374498711925,2.1576759444335596,1.5214221626769286,0.7806711296729086,0.18071947766026855,2.018069034379841,1
-0.5605016778429365,-0.2051087150244015,-1.168717627632051,-0.4281154315628296,1,0,0,0,1,0,1.725391170078477,-0.7036515311594415,-0.46407179961141953,-0.2578414506002932,-1.2483467695141206,-0.34189191090833887,0.6826975667738069,0.5592864125971403,-1.4164215588835578,0.042385813934499576,-0.8213194639393486,0.19460494327868322,1.8904251103057697,0.14128249005917723,0.28068655633922346,-1.372287690359572,-0.8530181942724739,-1.497094938229523,-0.2548898489945435,0.5182145811312309,-0.8081397859140672,-0.48645252296425395,0.5572789355059048,-0.9030987396821464,-0.39386629326073247,-0.5182145811312309,0.25488984899454276,0.6330479821981672,0.9413120111617277,1.9012396707452048,0.7183372679970265,0.3079883877961804,1.8023049032051899,3.042214599814193,3.611735842654951,1.3800022317249987,-0.6926373220274746,-0.3311783002420958,0.4704458620491997,0.7025298110494701,0.2622871218583729,0.12560226393772106,-0.12479618717266176,0.1250502895462747,0.22417816752487937,0
-1.074506924987691,-1.7511746733121147,-0.15484123025532542,0.5985369837740325,1,0,0,1,0,0,0.36254597363216995,-0.5611908719618456,-0.6943490651242283,0.1443200585692024,-1.320565539919605,-0.5431286237045785,0.2679707086740747,-0.44157146727346447,1.1878838795577666,-0.35312971626393785,-0.09114608681498916,-0.437715293772174,-0.05519589775567233,0.6665253335912715,-1.3604872977218267,0.8595925138172811,-0.0719905915112887,0.30476351392754714,-0.9813771768947055,0.3763264807979944,0.2933644663543308,-0.75683561221791,-0.7600694801006351,0.4056708264281207,0.4160366307724409,-0.3763264807979944,0.9813771768947048,0.5216379277079463,-1.3101654415944555,-0.2821865846279648,0.188596747715916,0.15437386567706757,-0.6235796198885869,-1.0357458890816678,-0.762349526635866,0.20179139169817292,0.44535835866158957,-0.5588081172337243,0.6437869738444144,0.11904759955750843,0.27921023634565156,1.331083085576127,-0.5363722402842841,-0.4316415915936655,0.8427612250610729,0
-0.1749977424843705,0.928672987719922,-0.15484123025532542,-1.6014324776621007,1,0,0,0,1,0,0.19849979257844777,-0.5361875725924716,0.07324181991846762,-0.5072394512507286,-0.08783115106403167,-0.020360363129458298,0.4993576674753875,0.144486334451281,-0.3259473369266865,0.8877207182863117,0.2970317596933848,0.15548085949097754,-0.14373532000524927,-0.5676620209891703,0.06342060126478227,-0.7416926833807217,-0.6243681833857433,-1.04709000631025,-0.6280087910670794,0.8349088210750116,-1.2615701951527583,-0.13477866233266558,-0.2997486893487142,-1.8183662222136232,-1.408435426647408,-0.8349088210750116,0.6280087910670786,-0.7874302125521474,-0.40957446049198204,-1.3920949311093263,-1.4910683165900436,-1.603658998575004,-0.9071245641463012,-0.22015379130249568,0.06817301183707392,-1.658541513607341,-1.2200011740541141,-0.2553016945782196,-0.40538291333714505,-0.4903671546674297,-1.1254082660984612,-0.09645999267988113,0.5337254978059351,1.127095675598167,-0.2706882785040748,0
-1.922615582776536,-0.5658574386248675,-0.15484123025532542,-0.4281154315628296,1,0,0,1,0,0,0.5013542806776271,-0.578053562234214,-0.2721740783507456,-0.36778488476173804,-0.5608282318070418,-0.1603316766966205,0.18372252243766632,1.5163744894236693,-0.6463488330121155,0.40875579500906756,-0.3084556594420482,-0.2696559505673083,0.30084031672036643,0.1735870622664835,0.7685801818210939,-0.11338980373018054,0.439437289952562,-0.0652709186798701,0.288491621905012,-0.653901033058197,-0.08202449244894454,-1.3113248211086925,0.7696346900637964,-0.11646421385853485,0.3372831160508046,0.653901033058197,-0.2884916219050127,0.15955525061472892,0.7161642658861095,0.018034525485845748,-0.04397226118798574,0.13730558544161034,-0.2770246880180474,0.35076067714292497,0.2342775195316623,-0.17027518936292965,0.0012624832707351544,-1.1658209625447336,0.3700904815361815,0.7284623537824456,0.6345956405784983,-0.033013633646279864,0.36909507656128593,0.06938110143228039,0.2860364732784985,1
-1.2287084991311177,0.0010334127472937634,0.27967722576327125,-0.13478617003801185,1,0,0,1,0,0,0.4130217216486998,-0.5699129531372086,-0.5024513438635544,-0.2375887127284481,-0.8426482964594042,-0.25468933536330174,-0.4737203471320688,1.1907981565634627,-0.4042163249024895,-0.08941530359271486,-0.8179077266320172,-0.28576820578389395,0.8456484529624178,-0.3105363117268232,0.6840670794494275,-0.9786193892752119,0.05848973539961,-0.4792355138496117,-0.5252107151899512,0.13114384342216406,0.3484354505792997,-0.9491244573958295,-0.4308408510587242,0.17879172696027673,0.5954398987917444,-0.13114384342216406,0.52521071518995055,0.1317027369921738,1.4666567501381707,2.0377038117060278,1.0801112818475405,1.0589927181562884,1.9283248784308402,0.758556726032511,1.1755363964676604,1.938102103316653,0.1400424443303771,-1.0140677512169813,-0.5969704579529088,-0.7107937678977266,-0.6007917169928287,0.3476645205553221,-1.0302635040182315,-1.0996718489615938,-0.45626319576493324,1
-0.35489957898503444,1.1863506474345409,-0.15484123025532542,-0.8681093238500562,1,0,0,1,0,0,-0.38197130961164594,-0.32162437567854146,-0.24658771551598904,-0.3880376226335831,0.17807456053538515,0.05253204617229071,-0.024346706788801097,1.9417111441087718,-0.4300960754144723,-0.5510257524372281,-0.9175047529015189,-1.1309215433206585,0.41968594834042106,-0.9306457686073547,1.0841324453163677,1.4758036639168266,-1.4208123058602469,-1.2243793568878674,-1.90032120844486,0.3422733367180179,-0.8960355980734769,-1.5789993975554428,2.0709960996690358,-0.6644529188439922,-0.0025670214433477084,-0.3422733367180179,1.9003212084448584,-0.9823978079100336,0.641115017460903,-0.7825551014843162,0.020630241285320403,-0.5454256239766699,-1.757759396919444,-0.8726274695258333,-0.04256332662598434,-0.6043528672675491,-0.9146852597229018,-1.5452039908641146,-0.5239847266707137,0.5469345546516133,0.22844089288381547,-1.5874494299694895,-0.6186874509066087,-0.5429799678216537,-0.5799798072721716,1
-0.12359721776989524,-1.7511746733121147,0.27967722576327125,0.5985369837740325,1,0,0,1,0,0,0.24897554059497767,-0.5437467096111195,-0.6943490651242283,0.1443200585692024,-1.2550474808121928,-0.5297128428514959,-0.017779681561311277,-0.10501650081940136,1.0116978475067508,-0.7323050084231014,0.05403825203423787,0.4846819473411959,0.5978874295223446,0.44700456668717764,-0.8263389430418792,0.4519979649939681,-0.4597003316776468,0.39047761451684854,0.2246519615849838,0.43824128821613356,0.47136477615611805,-0.6836697698984598,-0.9288104853188754,0.5334658422123726,0.310973016054826,-0.43824128821613356,-0.2246519615849845,0.49378541408539117,-0.7097714541928067,0.2727675886127153,0.47284775859846334,0.2567835470898098,0.5106001571422693,0.2692014673650073,0.17890935030013266,0.139780294854656,0.7229182807808735,-0.4070549059059717,0.9630995482040194,0.2746428559553643,0.4822876101929924,1.5531453421937294,-0.37174181903963527,-0.2089648391376897,1.1520527538291696,0
-1.2287084991311177,-1.6738713753977288,0.27967722576327125,-0.4281154315628296,1,0,0,1,0,0,0.4130217216486998,-0.5699129531372086,1.3653531430736725,-0.6733119017998584,0.35992584803874583,0.08204676404907252,-0.6399467841869428,0.34810247625215135,-0.4620532903933297,0.36851020335572005,0.4318114680453029,0.3524394608290579,-0.5340142125004078,-0.28533916154793865,0.6302703479228718,-0.9145799798662366,0.0271699260463295,-0.4772449971234015,-0.6300765684554116,1.1055876586338014,0.6047540532740117,0.15360942544715772,-0.2874223511640117,-0.4708922768622653,-1.0273129083316523,-1.1055876586338014,0.6300765684554109,0.0759977097470634,1.2415090048625523,1.6374089982209463,0.8087807714596554,0.785900234388976,1.5817699465603012,0.5138790966987595,0.954063719541543,1.5660355222555504,0.7586045564819242,0.3625506658276294,0.6398770239542967,0.3802253513681958,0.1607484349347019,0.0032414286586345035,0.4984475503963669,1.2861504987810075,0.6925339110879979,1
-1.7427137462758722,0.928672987719922,0.5693561964423357,-1.6014324776621007,1,0,0,0,1,0,-0.6722068607066928,0.14239034285077085,0.07324181991846762,-0.5072394512507286,1.1245638966763813,0.5015135120554564,1.2270410761665587,-0.0313047878357332,-1.153910514457455,1.8148995355161552,1.030219161521957,0.18671663916408357,-1.2541639666085531,0.6951713010302835,-0.5435292791579925,-1.3391089360541308,1.0152572118643992,0.58860477630984,-0.5566704711695901,0.8067582219688989,-1.0116235128653794,-0.5015288963375376,0.23175899193347774,-1.4451005127136642,-0.7646773645132965,-0.8067582219688989,0.5566704711695893,0.9672781456688292,-0.25947596364157,0.9641859028142197,0.03355074177998182,0.4445346296798359,1.9283248784308402,-0.7910682597479163,-0.6516131881728072,1.1939689411944467,-1.0257092285706153,-0.6346847228976005,-0.615216890773458,-0.41256952646850126,-0.9223308922511192,-0.3185222492974822,-0.12479618717266176,0.29205785388825667,-0.5181215015185524,1
-0.5348014154856993,-1.7511746733121147,0.27967722576327125,0.5985369837740325,1,0,0,1,0,0,-0.785777293743885,0.7616581063015448,-0.6943490651242283,0.1443200585692024,0.7645816842404989,0.47423475765418827,0.6782361095882565,-0.22584456622770235,2.0065698244470935,-0.1067842062722334,0.5451767997829159,-0.9730146232505615,-0.5334658849160501,1.7306042619476991,-0.7237305053039679,1.3502660915039955,1.196784119668429,1.6177027673298139,-1.2737915754233924,-0.06374491962016399,0.7860955669701428,-0.41503857775972625,-1.3861609677101387,1.3309692201648533,0.8706153517247779,0.06374491962016399,1.2737915754233915,1.6914434998552643,-0.6347222057676005,0.17269388524144552,0.8604627734383002,1.3662217623945152,-0.5605696322757617,-1.85133798686084,-1.7036084035718644,0.9459245538203791,0.8894542340524437,-0.2553016945782196,0.48869229486974886,-0.3477381696360611,0.17767154942198057,1.648314880744129,-0.8656330827735822,-0.9883334727336057,0.7190446135538346,1
0.2876069799459088,0.43908543426214564,0.5693561964423357,-0.13478617003801185,1,0,0,1,0,0,0.21111872958258027,-0.5373505167491867,-0.6175899766199587,-0.049527575347029285,-0.9818648894057178,-0.3749841703459427,-0.7787748550993991,-1.045969624615211,1.029656552866863,-1.7578744889628977,-1.3264878584028628,-0.3046449837788279,1.1662003063492883,-0.9803500493336746,-1.5879171336452451,1.5808796432472365,-2.3569969939460176,-1.6859094725353203,-0.682171218142126,0.2610696854503818,0.10335117531572227,-0.15511439045245629,0.1810565805441719,0.03761715362332012,0.07853671766891222,-0.2610696854503818,0.6821712181421253,-0.9823978079100336,-1.535313186870074,-0.45504116317834126,0.3824042551358344,-0.6307670251539549,-1.348194477436079,0.758556726032511,1.2862727349307197,-0.4183195767369984,0.25106641317809053,0.04820472807728505,0.6346637574341392,0.6376984542170299,0.6176725260912207,0.31594134103852145,0.28677986593896093,0.45906541823023866,0.8427612250610729,0
0.4161082917320974,-0.4370186087675581,-2.327433510348309,-1.6014324776621007,1,0,0,1,0,0,0.12278617055365294,-0.5181619381633881,-0.6687627022894718,0.12117407242995086,-1.0794752206758995,-0.4921486564628645,-0.27901239213823564,1.4262659001118214,0.10170884963719384,-0.706337589261501,-1.1922076348502808,-0.35780338789513855,1.2319079733057916,-1.4489513141443335,0.782901141586199,1.2503162619862325,-1.707785759185831,-1.9095277158332697,-1.5144873791279718,1.0140489972048288,-1.0598015574375401,-1.1733015312902897,1.117407858534855,-0.7391946111136413,-0.31435384027396,-1.0140489972048288,1.5144873791279712,-1.4001855122483615,0.491016520610491,-0.5460172571522233,0.13691474573727128,-0.5624939042121272,-1.852274378338682,-0.13859458152457876,0.7325910426154264,-0.6663639641110671,-0.9424412519348303,-1.0140677512169813,0.4613226456389258,1.0007540524786946,0.600749411603942,-0.44541496736468245,-0.6186874509066087,-0.2089648391376897,0.5953280020465953,0
-1.305809286202831,-0.4885541407104817,1.4383931084795292,-0.4281154315628296,1,0,0,1,0,0,-0.6848257977108253,0.22088907342903796,-0.579210432367824,-0.10739254069515815,0.3877053774361472,0.25287437357832476,0.4107969673312891,-0.2660703122486973,0.3006785209907983,-0.016341883851345714,0.33189963922308474,0.6771429618460488,0.3622605793929198,0.1204493068105727,-0.65099139647493,0.14683992178853297,0.5044704321679477,0.7312127161994239,0.7577574583546642,0.17200761631813533,-0.4508716548268749,-0.28695903651695404,-0.2634776507750966,0.5223010758565899,0.28240111226652576,-0.17200761631813533,-0.7577574583546649,0.0759977097470634,-0.6347222057676005,-0.10933200607758836,-0.018131260198663828,0.18851042614798086,0.1010352376589052,0.02452383803125581,-0.319404172783631,0.07776919801113909,-0.22078545442469194,0.04820472807728505,1.0908245779478607,0.7673611678819103,0.9561348158367899,0.9186817518577256,-0.4540570296619595,-0.4316415915936655,1.0283361423219313,0
0.6731109153044746,1.6759382008923163,-0.8790386569529866,-0.4281154315628296,1,0,0,1,0,0,0.059691485532990585,-0.5088583849096675,0.6745213465352461,-0.5940368992729219,0.33417168680886644,0.06773659780578437,0.073312928015863435,0.612007646272972,-1.268851727411594,1.0229918177951869,0.6130316906528754,0.8646385280835748,-0.27192284511693704,-0.13852749505589926,0.0169441871990132,-1.2029830188570438,0.17861508013433558,-0.4067746590535368,-0.05671543019588151,1.2355135006620177,-0.24035845188077065,-0.8230253863553217,0.5256808994448771,-1.2048842919663594,-1.1941075039698943,-1.2355135006620177,0.056715430195880795,-0.06326485836571254,0.11577027848446049,0.3182556355996563,-0.37990527404917784,-0.2894014204448148,0.8256500952063961,0.18764225758709038,0.2342775195316623,-0.17027518936292965,-0.24854144663662048,-0.7864379342253526,-0.06782390615699217,0.20981149912292413,-0.29617565622181696,-0.7626467625326843,-0.20711139779498602,0.45906541823023866,-0.3944048900113141,0
0.46750881644657266,0.05256894469021735,1.4383931084795292,-0.8681093238500562,1,0,0,1,0,0,18.508577385574664,-0.8158756422824456,0.86641906779592,-0.6125536881843231,-1.6107206598828907,-0.15407097896518193,1.8309481881334266,1.0183539682558742,0.46472948880145176,1.572370072470196,1.791372657775775,-0.7558270321906951,-2.6950603615586872,2.1732148347776095,1.6044105616399307,0.11746370524806615,1.5718784797409877,1.3223239413562555,-0.22109974072011698,-0.8115738940849077,-0.37452736911980056,0.20954049956134901,-0.5172610841038597,-0.5655227337949722,-1.0378802300501426,0.8115738940849077,0.22109974072011698,1.8585585815905954,1.3165582532877582,-0.31857702221751816,-0.21193876761858224,0.4103980692089227,-0.24551969421163483,-1.4435419379712537,-1.5375038958772762,-0.046252995675895824,-0.5261013687559044,-0.1035484832504671,-0.8341740846200435,-0.944186652494511,-1.0746389226366257,-0.7309235830158842,1.2745623934068555,0.9044189231421907,-1.5078543935764617,0
0.44180855408933456,-0.8235350983394863,-0.15484123025532542,-1.161438585374874,1,0,0,1,0,0,-0.596493238681898,-0.05240280339900311,-0.11865590134220637,-0.4545823327839313,0.7233399851138923,0.3110094239416829,0.3038060378603019,0.03497503321133104,0.7905379886760461,0.2868286357983559,0.26644516537565344,-0.193879206726065,-0.21727957017341218,0.08452935080696523,-0.17825461503059056,0.5523088783511834,-0.003286756233360291,0.03919113556646231,0.1590389773671773,-0.4221610355600758,-0.33798895975634213,-0.22657589092090874,-0.5256747554217781,-0.39074607354170776,-0.3081292484523508,0.4221610355600758,-0.15903897736717798,0.18740776423728422,-0.03432821836595151,0.4456221671630917,0.6795757665130432,0.6493539925053206,-0.18250970659880966,0.5954383064766764,0.5664865349208381,0.44983577907224165,-0.24854144663662048,-0.1035484832504671,0.3700904815361815,0.028283699992091807,-0.1269445113490324,0.728342674756924,1.1099319721622063,0.9600881112561845,0.5953280020465953,0
0.3647077670176212,-0.12780541711001567,1.0038746524609323,-2.6280848929989626,1,0,0,1,0,0,-0.7353015457273552,0.4970883106488667,-0.42569225535928473,-0.2925604298091705,0.9411737387828446,0.6083925661850147,2.813186844059892,0.0010577599057342544,-1.120357040059024,1.684273948360579,0.7729275264322025,-0.20251412609078706,-1.6299433699493109,2.5435205325087145,-0.3145255979180473,-0.9013083193627023,1.7776590877771885,0.9850458024074557,0.4407888507730546,-0.7133741297612556,-1.3703490405315808,-0.31653664806354953,0.6258376668271434,-0.5126491222897835,-0.04313813679092776,0.7133741297612556,-0.4407888507730553,2.443461367664254,-0.25947596364157,0.1272058382545045,-0.3669847735545164,0.32505666803163763,0.6366201323679207,-0.7910682597479163,-1.0391903727935126,0.3258135853852078,-1.192245181842186,0.04820472807728505,1.2003031748711541,1.3897421934733356,1.0576735027604598,0.6014499566897238,2.097714499630101,1.795125932966095,1.275769365336409,1
-0.8175043014153137,1.3151894772918502,0.5693561964423357,-0.13478617003801185,1,0,0,1,0,0,-0.21792512855792381,-0.398378690021736,2.695844010481012,-0.7311768671479872,1.1313380504151134,0.2586878786146606,0.36624360717955784,-1.997103872083043,0.1097928144219607,-0.5454060493923052,-0.022653978639867494,-0.02039582676211257,-0.14622383574881923,-0.30585684097931604,-0.9308129887386613,-0.06818167113228073,-1.1514078528532499,-0.8277086420514851,-0.9333596546099943,0.8978772664439514,-0.8148792028463907,1.80861972095522,-0.21860645946851998,-0.4049079311411424,-0.7786451068158564,-0.8978772664439514,0.9333596546099936,-0.28608496734615396,-0.8598699510432187,0.03622974428062242,-0.0052107597040024186,-0.4600842227993849,0.1325402314653172,-0.13859458152457876,0.34501385799472056,0.015758101167622184,-0.859173275299045,1.33810702436318,-0.6243401071837319,-0.6329961396987983,-0.7361766328910565,-0.6992004034990842,-0.12479618717266176,0.3477270420022505,-0.332546584257695,1
-1.7170134839186342,-0.4885541407104817,0.5693561964423357,-0.4281154315628296,1,0,0,1,0,0,1.2332526269173105,-0.6641114298311291,-0.579210432367824,-0.10739254069515815,-1.3336629121014012,-0.4277529083680678,0.511715965247059,-1.4989483929191743,0.6758287824546423,0.36851554867220343,1.5855693700466,-0.02039582676211257,-0.825728338135899,0.3710059600471936,-2.621986603455321,0.3455155567446821,1.4579280922987827,2.944838516533875,0.6912331826893887,-0.7133741297612541,-0.34084872237450914,-0.5692949096692665,-0.5766707728785878,0.9478158080422268,0.8137438092357193,0.7133741297612541,-0.6912331826893894,-0.20252742647848845,-2.435904167972547,-1.82878018218396,-1.4135453136220761,-0.8867912286858101,-0.24551969421163483,-1.85133798686084,-2.2019219266556282,-1.1004416420156866,-0.16527347000083534,-0.3311783002420958,0.7897584364088047,0.3394742127878045,0.7192112130148905,1.267636726542527,-0.20711139779498602,-0.5429799678216537,0.7809029193074537,0
1.6754211472367457,-1.7511746733121147,-0.4445202009343899,0.3052077222492148,1,0,0,1,0,0,0.6780193987354818,-0.5995680291334429,-0.68155588370685,0.12985381723217018,-1.4255652748400933,-0.5614635242037914,-0.056762702384922564,-0.07952729273032871,-0.4395650367988594,-0.31618521601873306,-0.8053223870901177,-1.258506523004631,0.6436993244048159,-0.14382253013482757,-0.8872878192439017,0.5199408482663702,-0.728146871863162,-0.7026333368725437,-0.8740438917877038,-0.8495867060811616,-0.06477585807792154,-0.7797117541317428,1.1233905404233917,-0.2948721455227582,0.3609738476843529,0.8495867060811616,0.874043891787703,-0.2582324537235989,-0.9349191994684248,-0.5005292101652823,-0.173177266134598,-0.4430159425639276,-0.9071245641463012,-0.46483142063624716,-0.09793149585751397,-0.790386157798101,0.029018475482663446,-0.6346847228976005,0.41570656358755365,0.9618552383792308,0.7699805564767266,-0.15990635171348128,-0.04248097655033679,-0.4316415915936655,0.22417816752487937,0
0.05630461873076867,-0.4370186087675581,-0.8790386569529866,-0.8681093238500562,1,0,0,1,0,0,0.8673034537974689,-0.6181751356408839,-0.7711081536284979,0.6679979949697686,-1.9593821124630912,-0.9916628968926413,-0.17398855774325075,0.9172471303104013,-1.043635108645509,-0.4124446850934122,-0.9278853050974801,0.7445010304183192,2.151520985478269,-0.17297382139190928,-0.01124142781355493,-0.27469133858040756,-0.41202102080887537,-0.7393701570647858,0.741322049072657,0.28017642692511974,0.0691019206466642,-1.2702118878945778,1.1506458513599038,0.14863316954909667,0.4844452890552305,-0.28017642692511974,-0.7413220490726576,-0.3417899945912644,-0.25947596364157,-0.7552622732921518,-0.7675202888890147,-0.8697229484503528,-0.6865896075014126,1.166352774922097,0.8433273810784847,-1.2864749325462383,-0.026493508941193386,-1.2416975682086098,-0.31415074923440073,0.30057539868834077,0.34690269429476517,-0.8895394805998851,-1.0302635040182315,-1.0440026608476,0.10046155601764112,0
-1.7427137462758722,-0.4370186087675581,0.27967722576327125,-0.8681093238500562,1,0,0,1,0,0,-0.6595879237025604,0.12785354089183248,-0.7711081536284979,0.6679979949697686,-0.46758293208315554,-0.41791466907580715,0.03907733970541094,0.14969807717439684,0.1598466735445411,-0.33836847797620284,0.01321890075265665,0.39412815425703673,0.05270110064926018,0.11061605554881528,-0.7941203845416375,1.218988895897384,-0.09166477515410557,0.6722784122630238,0.8518955842960956,-0.30735587342307225,0.056188267246855786,-1.0009976772638323,1.0064505239052568,0.36622076209754356,0.6391638028123495,0.30735587342307225,-0.8518955842960962,0.1317027369921738,-0.7097714541928067,0.13630344765189217,0.7570987694810098,0.683490552976235,-0.30852968182446,-0.5463906304141645,-0.9284540343304539,-0.046252995675895824,-0.05424950115312168,-1.0140677512169813,-0.378013264106322,0.1709126850234604,0.31305646532020776,-0.826093121566285,-0.7833178721512579,-0.9883334727336057,-0.023255055489598248,1
0.3647077670176212,-0.2051087150244015,1.0038746524609323,-1.161438585374874,1,0,0,1,0,0,-0.7353015457273552,0.4970883106488667,-0.822280879298011,0.8242334014097165,-0.6569574689866768,-0.25468933536330174,2.355346036461404,-0.13224878448950392,-1.1462902803704933,1.584912658328272,0.4726745479949816,0.6983210330885484,-0.1700794221014404,3.08113143884808,-0.8263389430418787,-0.508498794486239,1.857702159490679,1.252756127825415,0.6912331826893902,0.266869946255213,-0.1965357693466791,-0.6462926059313837,1.0560249651962963,-0.29904908997014584,0.6085724675405422,-0.266869946255213,-0.6912331826893908,2.8333965583800262,-0.7848207026180125,-0.06384395909064733,-0.3153027715758717,0.4103980692089227,0.29006520049738066,-0.8726274695258333,-1.2052948804881005,0.139780294854656,-0.08200549336504998,-0.482931511569848,0.4978155112800227,1.0007540524786946,0.8038267854512828,0.2207718024881207,-0.7833178721512579,-0.7656567202776299,0.7190446135538346,1
0.2876069799459088,-0.2051087150244015,0.5693561964423357,-0.4281154315628296,1,0,0,0,1,0,0.22373766658671274,-0.5361875725924716,-0.46407179961141953,-0.2578414506002932,-0.6674901282064771,-0.21310041471874555,-0.3017451200105507,-0.4428158680634298,0.5663149419114156,-1.1704496721251338,-1.546771302895701,0.12472969301542566,1.650590371770258,-1.0523346758528511,-1.4264268501209212,1.72024514667554,-2.557274551325024,-2.1375738877281703,-1.0383979846077995,1.199986903232429,-0.6318964741655836,-0.8211844291415695,0.9545089753436502,-0.9545476740015585,-0.07604640798671826,-1.199986903232429,1.0383979846077986,-1.038102835155144,-1.3852146900196616,-0.3913578973966235,0.5116092600824467,-0.6136987449184976,-1.6632444155002057,0.6769975162545934,1.4523772426253072,-0.35630847989348147,-0.5538573609678327,-0.7105613285614767,0.2606118846128881,0.7284623537824456,0.2622871218583729,-0.0012904541294803558,-0.7833178721512579,-0.32030321536567735,0.34789477903211874,0
0.13340540580248203,-0.8493028643109486,1.0038746524609323,0.3052077222492148,1,0,0,0,1,0,-0.5333985536612357,-0.1745119398540853,-0.438485436776663,-0.2838806850069512,0.19833084053262517,0.0851771129147918,0.8145829409950363,-1.1971107623474626,-1.2884222697181162,0.9780268571300716,0.43935696366521787,0.24565390660203912,-0.3524798738501314,0.7965080333351783,-1.420901631742048,0.4594257835363091,0.5204151432837197,0.635039082929903,0.6417267449849983,-0.3014141428425148,-0.33683596666036253,0.2196440277551158,2.2229950107065344,-0.8052164392851652,0.048806493456759026,0.30141414284251544,-0.6417267449849989,1.4686233908748227,-1.009968447893631,2.0922894680903568,2.0749898199364556,2.253772334638279,1.2037100208833493,1.166352774922097,0.8986955503100138,2.3721797812212735,-0.19302946221276363,0.4275877563966659,0.6346637574341392,1.7787303344679768,1.2607508766078017,-0.9212626601166852,0.7806711296729086,0.6817421706862145,0.7809029193074537,1
0.18480593051695732,-0.2566442469673251,0.5693561964423357,-1.8947617391869185,1,0,0,1,0,0,0.26159447759911014,-0.5390949329842593,0.20117363409225028,-0.528070838776055,-0.042283443624082116,-0.006497389581272905,1.5801181389903616,0.6843972755100491,0.3024071724890993,0.17571885167782414,0.08631419118409661,-0.13120896917336192,-0.26407042397861824,1.2495904536434537,1.6529064862152865,-0.15543686221365943,-0.09305475777979429,-0.9150119229755228,0.09840925777350726,-0.27655448845948655,-0.9486166788010939,0.716488693543711,-0.5695997917437268,-0.3296563370942597,-1.0055437260257438,0.27655448845948655,-0.09840925777350797,0.8837206048011639,1.1664597564373458,-0.6824813981130464,-0.6512357844370638,-0.6478353053894121,-1.0961545269847772,0.5138790966987595,0.5111183656893089,-0.9764194483286528,-0.9424412519348303,0.5034643620605421,-0.3871364805165972,-0.6070635969658218,-0.685407289429221,-0.5088613263982832,1.0276167615398821,0.9600881112561845,-0.76555472453303,0
-1.280109023845593,-0.2824120129387873,2.1625905351771904,0.3052077222492148,0,1,0,0,1,0,0.5770679027024219,-0.5891015317230072,0.36748499251816774,-0.5523741242222691,-0.11277384770415039,-0.026173868165794107,0.9313147184117987,-0.02175814653094517,-0.3086523544910187,0.6800414445213905,0.48778884079202794,1.8509708756729757,0.305625132664046,2.2956306930673835,-0.407354488945409,-0.2406969994010798,1.2290752596642087,0.7504159512017099,1.3724417655018215,1.163332477313009,0.9987513532560222,-0.37821504566107317,0.18006083683635224,0.30003786936405985,0.0984857367761564,-1.163332477313009,-1.3724417655018222,3.111921694605578,0.11577027848446049,1.8102635767713227,1.3772827932247493,1.9124067299291387,1.3297299961089997,0.9216751455883455,0.2896456887631914,1.6280466190990672,0.7506742729928018,-0.482931511569848,-0.4509989953885172,-0.2958730841701091,-0.1607907403235886,-0.6040308649486834,-1.1948939252628807,-0.8769950965056176,-0.1469716669968365,0
0.3904080293748593,1.0059762856343069,1.4383931084795292,0.5985369837740325,1,0,0,1,0,0,0.9556360128263961,-0.6338748817565374,9.42505743602198,-0.8011934752192232,1.1300026667388834,0.13168515320547827,0.18219607287118642,-0.18949422358897935,2.568542038734057,-0.37245067478938954,0.5107920466811506,0.19872824571782155,-0.324890504225169,1.455855974083776,-0.2316548931448077,2.1351718768707224,0.5159247415121603,1.1173627265457438,1.4008254564523381,-1.1182800073149486,1.2013260610052605,0.02801998219914013,-1.3656411925528527,1.01473897526249,0.42683254824493105,1.1182800073149486,-1.4008254564523388,2.387756340419144,0.491016520610491,2.3925105782041682,3.48332437385453,3.6363030337102966,-0.05648973137315825,0.758556726032511,0.12354118106860354,2.1241353938472036,1.5000860627148682,0.35171115073279,0.9904691974348425,0.04124997135858002,0.4484413812184362,1.8069307783281299,0.6983559190505837,0.18071947766026855,1.0283361423219313,0
0.2105061928741954,1.3924927752062353,-1.6032360836506476,-0.8681093238500562,1,0,0,1,0,0,0.47611640666936217,-0.5734017856073538,0.31631226684865466,-0.5477449269944188,-0.09200628445211761,-0.01767720695884177,-1.2123754276947296,1.019813449487712,-1.2609697669593196,-1.5458811850983738,-1.3526908248222393,-0.29306409132084005,1.6157843084129286,-0.867183802139234,0.8937794399321916,-1.8721299007439738,-1.445756330648279,-2.038018074906323,-0.7768887630270574,0.37080434932556694,0.8193577073172476,-0.504357341888449,-0.15752208855770414,0.6547985199702759,-0.23116366050703738,-0.37080434932556694,0.7768887630270568,-0.9266927806649233,0.491016520610491,-0.7643598826895395,-1.5169093175793655,-1.8767514823423164,0.038025250046078915,0.4323198869208419,0.954063719541543,-1.2864749325462383,1.1392581639597994,-0.17942508891434333,1.1090710107684099,0.8451587960808378,1.0915197317350172,0.12560226393772106,0.03983423407198747,0.23638866577426285,1.0283361423219313,0
-1.922615582776536,0.15564000857606544,-0.15484123025532542,-0.13478617003801185,1,0,0,1,0,0,0.4130217216486998,-0.560609399883488,-0.7839013350458762,0.696930477643833,-1.856688079225452,-0.9697504548326064,-0.28457190521661213,0.52444424046068,0.5817815410187009,-0.7559161329596186,-1.0124437785075118,-0.2529257101279162,0.7916782037735869,-0.15201855118700705,0.1952132595254855,0.3127944143474759,0.05912222734235654,0.017664514932809596,0.2246519615849838,-0.567767582660665,0.24380901628584245,-0.5242558206587901,-0.48098663572866696,1.0798185165705676,1.3334724581837303,0.567767582660665,-0.2246519615849845,-0.09111737198826762,0.26586877533487285,0.2545723698179399,0.3824042551358344,0.39332978897346543,-0.15100471279239655,0.2692014673650073,0.17890935030013266,0.07776919801113909,0.3065783976019474,-0.4070549059059717,0.32447439948480933,0.015317428625603584,0.4484413812184362,1.2359135470257274,-0.37174181903963527,-0.6543183440496418,0.6571863078002155,1
-2.076817156919963,-1.9315490351123477,1.7280720791585935,-0.13478617003801185,1,0,0,1,0,0,0.009215737516460692,-0.49722894334251677,0.40586453677030254,-0.5552673724896755,0.24570935127771767,0.0467185411359549,0.10697974360216869,-0.3809686297774243,0.32214201472816195,-0.35755131320885236,0.29857288069839805,-0.08659343227467321,-0.12272131032996311,-0.11970164530504951,-0.3570219408883657,0.6226791700797629,-0.11345771703538463,0.8966780713193803,0.46715141202740545,-0.5814181964513455,-0.2683624112418604,0.16523465740794244,0.18535358902515178,0.3705260268034238,0.4872722446152396,0.5814181964513455,-0.4671514120274062,-0.3696425082138195,-0.6347222057676005,-1.06458099280335,-0.625394783447741,-0.6307670251539549,-0.43454965705011084,-0.46483142063624716,-0.7069813574043363,-0.6663639641110671,-0.27629743884854874,0.12408133374116129,-0.07694712256726609,0.028283699992091807,0.17767154942198057,-0.033013633646279864,-0.04248097655033679,-0.32030321536567735,-0.1469716669968365,1
0.05630461873076867,-0.2051087150244015,0.5693561964423357,-0.4281154315628296,0,1,0,0,1,0,0.16064298156605036,-0.5292099076521812,-0.46407179961141953,-0.2578414506002932,-0.6270923526300541,-0.2077341023775125,0.4656201103313396,0.06427278370985152,-0.29403671744205834,0.5225952251784007,-0.1820223709406554,-0.05725310162624883,0.0301764969799428,0.025251760750103786,-0.48179590455918775,0.6438095565533638,-0.6732639116106798,-0.6811753872106279,-1.1334326641296226,1.046038314370867,-0.622224836056867,-0.5708689733153153,1.048924558610828,-1.3735894040730714,-0.4283971886357992,-1.046038314370867,1.133432664129622,-0.23037994010104354,-0.7097714541928067,-0.973604898829468,-0.5349512799851129,-0.7502449868021539,-1.3166894836296663,-0.7910682597479163,-0.3747723420151606,-0.9144083514851348,-0.5538573609678327,-0.482931511569848,0.20587258615124074,0.7284623537824456,0.0761328624983096,-0.12818317219668063,-0.37174181903963527,0.1250502895462747,0.16231986177126023,0
-0.6633027272718879,-0.2051087150244015,0.5693561964423357,-0.4281154315628296,1,0,0,0,1,0,1.1701579418966481,-0.6606225973609839,-0.46407179961141953,-0.2578414506002932,-1.0875284903075044,-0.308799651470735,-0.00851817108933792,0.4124470042541156,-0.7266966937575723,-0.24918308806414907,-1.3293718336190365,-0.8312558737731143,0.7480602826957802,-0.7050580226127537,0.1323925339376599,-0.16634834417238345,-1.7785222957721645,-2.2385272154295155,-2.1978210747740468,1.046038314370867,-0.692640944494389,-0.4334685229868433,0.8262546815298604,-1.4269219879003547,-0.457237640924641,-1.046038314370867,2.1978210747740463,-0.7038726716844818,0.04072103005925432,-0.2276009282436361,-0.2765412700918884,-0.9379960693921812,-0.844114576533476,-0.46483142063624716,0.7879592118469556,-0.29429738304996345,-0.6093693453916895,-0.3311783002420958,0.2788583174334372,0.6765972683164937,0.008440404549195996,0.12560226393772106,-0.37174181903963527,0.1250502895462747,0.2860364732784985,0
-1.8455147957048228,1.0317440516057692,1.7280720791585935,-1.161438585374874,1,0,0,1,0,0,0.13540510755778543,-0.5251396031036785,0.11162136417060241,-0.5188124443203543,-0.01990502906427684,-0.0029198480204508676,2.7239012745298106,0.27205310381156433,-0.07779462198688987,2.8663087690560833,2.2224839529463973,1.7687726865373776,-1.5540642374302194,2.8658801002790653,-0.4533557494841908,-0.7222007031820566,2.2639908130127924,0.976349038569561,1.627894984056482,0.7978685590932831,-0.9240974007790453,-0.8275632603938544,-0.6193942035363224,-1.6272636927555608,-1.93612318188398,-0.7978685590932831,-1.6278949840564827,1.8585585815905954,-0.7848207026180125,-1.3375092747249961,-1.4393863146113988,-0.6649035856248688,-0.9386295579527137,-0.46483142063624716,-1.0945585420250417,-1.4725082230767892,-0.8314172830871166,-0.7105613285614767,0.2879815338437111,-0.08841274230630035,-0.7192535184037778,-0.0012904541294803558,0.7806711296729086,1.4054416161681371,-0.2706882785040748,1
0.05630461873076867,-0.6689285025107157,0.5693561964423357,0.5985369837740325,0,1,0,1,0,0,0.16064298156605036,-0.5292099076521812,1.1734554218129984,-0.6547951128884572,0.449136161309311,0.0990400864629772,0.40174361676632714,-0.5247483135280914,0.6119368729144073,0.7630995930229173,1.0651125277063027,1.000283885214068,-0.4569784628352112,-0.08193113270238846,-0.595333872670389,0.5867549378608606,-0.7536890053819371,-0.8000175800545627,-0.6280087910670794,1.987119389139211,-0.6404989010686768,0.12384112385242767,-0.24690607916091178,-1.7782434352580079,-2.16575990706798,-1.987119389139211,0.6280087910670786,-0.23037994010104354,-0.7097714541928067,-0.6097005229339397,-0.23777976860790415,-0.5112890635057554,-1.0961545269847772,-0.22015379130249568,0.06817301183707392,-0.728375060954584,-0.6371253376036178,0.04820472807728505,-0.1864257194905595,-0.2829068128036209,-0.939254006738398,-0.7309235830158842,-0.28942660841731066,0.9044189231421907,-0.2706882785040748,0
0.930113538876852,-0.2824120129387873,-1.6032360836506476,-0.8681093238500562,0,1,0,1,0,0,-0.016022136491804253,-0.4885068621671538,0.3035190854312764,-0.5396438318456808,0.21019201111646588,0.04135222879472184,-0.012883741652274044,-0.5540550560080183,0.7837736566688555,-0.3127810060531099,0.6277381527973449,-0.18576907172213358,-1.0634900408145265,-1.0798963552140186,-0.4902551563334803,0.25089858644963453,-1.6751734598505716,-1.0667892157391972,-1.0333455079749942,0.7714926362755244,-1.0611045577066878,0.2693310989331985,-0.8193159624248024,-1.2385263671078741,-1.8576023782146103,-0.7714926362755244,1.0333455079749936,-1.0938078624002545,-0.6347222057676005,-0.6642861793182697,-0.44450777652248397,-1.040405750804923,-0.4660546508565234,-0.05703537174666111,0.5111183656893089,-0.4803306735805153,-1.1089772052064004,-0.1035484832504671,-0.97102233077416,-1.1905458084577836,-1.5146398993058652,-0.8895394805998851,0.6160407084282594,1.1827648637121608,-1.3222794763156045,0
1.0329145883058024,-0.35971531085317227,-1.168717627632051,-0.13478617003801185,1,0,0,1,0,0,0.12278617055365294,-0.5239766589469633,-0.2849672597681238,-0.3724140819895883,-0.35628384614938174,-0.11516521449124227,-0.037991301846794855,-1.5990424990099361,-1.345385120328348,-0.38390084647088757,-0.771673868184031,0.26017839603859283,0.9244796384341406,-1.0885322130620694,-0.9282934451974509,-0.3419777985501885,-1.8749812092989866,-1.889681529718268,-1.365787116533542,1.7094233342895349,-1.0348207314789875,1.264792017474951,1.495531822827407,-1.3405739950371343,-0.8416923949924657,-1.7094233342895355,1.3657871165335413,-0.9823978079100336,-0.7848207026180125,0.381938901381374,0.13691474573727128,-0.6307670251539549,0.1010352376589052,0.18764225758709038,1.0648000580046022,-0.046252995675895824,-1.0812212129944723,0.7310941790521709,-0.9162830323125138,-0.10137901367278856,-0.6177148314801074,-1.5874494299694895,-1.1125787146405561,-0.48731077970765985,-0.76555472453303,1
1.521219573093319,-0.2824120129387873,-0.15484123025532542,0.3052077222492148,1,0,0,0,1,0,-0.36935237260751347,-0.34023148218598254,0.36748499251816774,-0.5523741242222691,0.6163213974047463,0.16522460533818487,-0.5689081527413221,0.10865096520096137,-0.0628788951870496,-0.20151983164613915,0.5123968820555178,1.8533212913309767,0.2819424860591906,0.14424975154652223,-0.3150781508408297,0.28029076367057165,0.28780048165791927,1.1348247365161315,1.2643654038056176,1.2737269836114935,0.935213287249071,-0.464765234313433,0.36762274252687943,0.5576183226509545,0.4417944376915141,-1.2737269836114935,-1.2643654038056185,-0.11896988561082296,-0.5596729573423944,-0.9190192424451392,-0.6512357844370638,-0.5112890635057554,-0.11949971898598452,-0.46483142063624716,-0.983822203561983,-0.790386157798101,0.6951622885689447,-0.5588081172337243,-0.4509989953885172,-0.2051091846046925,0.025363519036474696,-0.635754044465484,-1.3595243465075295,-1.0440026608476,-0.023255055489598248,0
-0.27779879191332196,-0.3854830768246345,0.27967722576327125,0.5985369837740325,0,1,0,1,0,0,0.3751649106363024,-0.5577020394917004,0.13720772700535894,-0.5211270429342795,-0.14798422718954263,-0.026173868165794107,0.1841091548616663,-1.460327750741354,1.199252879405187,-0.20547872666538225,-0.016733497439925638,-1.9906740806615326,-0.6174870019760934,0.7839996653513205,-0.41583966946077305,0.4527980397676627,0.546589256182872,0.5641282745557442,-1.5734230101710878,-1.154540235155578,0.527354966483863,1.587766615130088,-1.1844004990661534,0.8195770533141926,0.572515827655434,1.154540235155578,1.573423010171087,0.605195468575612,-0.4846237089171882,-0.3458698504096825,-0.06981326217730856,0.15437386567706757,-0.5290646384693491,-1.6066603575270884,-1.2606630497196296,0.139780294854656,0.6674062963570164,1.793366658346437,0.5981708917930423,-0.1532440991387405,0.17767154942198057,1.5848685217105287,0.36909507656128593,-0.15329565102369538,0.7809029193074537,1
0.13340540580248203,-0.2824120129387873,1.0038746524609323,-0.8681093238500562,1,0,0,1,0,0,-0.5333985536612357,-0.1745119398540853,0.3035190854312764,-0.5396438318456808,0.8660555555765079,0.28283628415020934,1.419403973566644,-1.071571278301751,0.9145056315238815,1.4885653258137774,1.8707927967112155,0.7857987424179844,-1.9904303501549665,0.8316105973522172,-1.243312461023261,0.48211616440754296,0.5579525833164845,0.7313448325081736,0.5834470145228646,0.4930801176436278,-1.1427802670626344,0.22524207881547742,-0.7656795842892199,-1.4576994903070473,-1.7181063753841281,-0.4930801176436278,-0.5834470145228654,1.3850658500071569,-0.8598699510432187,1.7374827015922172,1.7778183085592476,1.9806798508709664,1.0146800580448727,0.758556726032511,0.5111183656893089,2.00011320016017,-1.1644891896302574,-0.1035484832504671,-0.8706669502611417,-1.0868156375258795,-1.4977167848185873,-0.6040308649486834,0.7806711296729086,1.1827648637121608,-1.3841377820692236,1
1.521219573093319,-0.3854830768246345,-0.15484123025532542,0.5985369837740325,1,0,0,1,0,0,-0.36935237260751347,-0.34023148218598254,0.13720772700535894,-0.5211270429342795,0.4796371465833391,0.14107619980263614,0.06393587809966327,-1.4746736156570583,1.2398308655898842,-0.1494488449728657,0.7737454738157512,-0.2454017030594559,-0.4363874522304704,0.3177142541715954,-0.287644644917846,0.35802918282361157,0.4257975893396462,1.372348524646105,0.8615353283924961,-1.1891589033857164,0.2285519443859697,1.7358797263391932,-1.3351055273062677,0.624109348751947,0.3339242174585457,1.1891589033857164,-0.8615353283924969,0.0759977097470634,-0.4846237089171882,-0.7370670544973751,-0.4574282770171454,-0.27233314020935756,0.06953024385249205,-0.709509049969999,-1.0945585420250417,-0.4183195767369984,0.44535835866158957,2.096873081001942,0.8809906005115491,-0.02358138547386016,0.22844089288381547,1.870377137361731,0.6160407084282594,0.06938110143228039,0.9664778365683122,1
-0.2263982671988458,0.28447883843337485,-1.168717627632051,0.5985369837740325,1,0,0,1,0,0,-0.33149556159511606,-0.3530238679098483,0.21396681550962854,-0.5309640870434614,0.47710042992796414,0.13884023632712236,0.6917074855283452,1.0858107480673638,-2.6942427363816326,2.304289289142236,2.017679120396626,1.6602959070425083,-1.4134364363465237,-0.01796279614094401,0.026491437815074993,-1.9928588785189594,0.6090927441516034,0.4988336717861259,1.5427439112049275,0.734370967124605,-0.9797843109091818,-1.4637707868332972,1.6804890959656702,-2.5089802305700895,-2.136067683894297,-0.734370967124605,-1.5427439112049282,0.10385022336961848,0.19081952690966666,0.5184030423421971,-0.6641562849317252,-0.40887938209301433,2.4008997855270304,1.0032343553662626,0.2896456887631914,0.07776919801113909,-0.9424412519348303,-1.3934507795363622,-0.1681792866700104,0.7025298110494701,-0.44848368660732285,-1.5874494299694895,1.2745623934068555,1.9621334973080773,-0.20882997275045564,0
-0.2263982671988458,1.0059762856343069,-1.168717627632051,0.5985369837740325,1,0,0,1,0,0,-0.33149556159511606,-0.3530238679098483,9.42505743602198,-0.8011934752192232,1.9640053338034154,0.3476792249401088,-0.8859044636176636,0.12364184890840528,-0.39934994884628194,-0.3621204880650641,-0.14107574026494585,0.048982572982143986,0.4696158549070626,-0.011928601338392473,0.380469449819994,-1.8150683547115494,0.7999551301255274,0.6170317704501035,1.1921218465220598,-1.1155255455628834,1.2199528040592151,0.21144362473087971,-1.2780438935849316,1.2824232307915215,0.785816800020151,1.1155255455628834,-1.1921218465220604,0.0759977097470634,0.491016520610491,0.381938901381374,-0.6641562849317252,-0.34060626115118536,2.0858498474629035,0.4323198869208419,-0.09793149585751397,0.139780294854656,1.4723300705029398,0.5034643620605421,0.8718673841012752,0.002351157259115363,0.5161338391675497,1.8069307783281299,0.12214944469431245,-0.3759724034796717,1.0283361423219313,1
1.0072143259485644,0.28447883843337485,0.5693561964423357,0.5985369837740325,1,0,0,1,0,0,9.309372309562093,-0.80773503318544,0.21396681550962854,-0.5309640870434614,-1.4982048802435852,-0.21086445124323178,1.6782521449445689,1.0562531128881676,-2.220182673108337,2.656991990039709,2.2539464547604644,1.6929618196744693,-2.029061554951433,1.240914688310638,0.08367254096855342,-1.3200424120867515,1.2777202303347166,0.929874694478466,1.3891927962267179,0.9312135022275074,-1.0937431254241181,-1.3659192310678143,1.7085487709566505,-2.322459255200346,-2.022399126656499,-0.9312135022275074,-1.3891927962267185,1.3850658500071569,0.26586877533487285,0.5729886987265271,-0.25070026910256554,0.2567835470898098,1.7392949155923647,0.10608304780917345,-0.4855086804782194,0.6978801664463103,-1.1089772052064004,-1.3934507795363622,-0.7338187041070253,0.1709126850234604,-0.7869459763528921,-1.9364044046542914,0.6983559190505837,1.4054416161681371,-0.7036964187794109,0
1.3927182613071303,-0.7719995663965628,-0.8790386569529866,-0.8681093238500562,1,0,0,1,0,0,0.3246891626197725,-0.55305026286484,0.16279408984011548,-0.5251775905086485,-0.10330207051485639,-0.01946597773925279,1.0329181894480197,-1.7304447093191897,-0.003807958870280893,0.5372831801613666,0.15010866096985861,-0.20914660339028154,-0.6629406638959876,0.8230242755401564,-0.6366173652607363,-0.33921388367737093,0.815772454929996,-0.20641151001075883,-0.7076772998718532,0.41661470759684033,-0.6139417277236209,1.737340368801362,-0.33567163209047407,0.08307108822044684,-0.39666927576227423,-0.41661470759684033,0.7076772998718532,1.1343932274041606,-0.3345252120667762,1.0551619967881019,0.6924962670077037,1.0248561576853752,0.19555021907814235,-0.30171300108041293,0.012804842605544792,1.1939689411944467,-0.6926373220274746,1.2622304186993043,-0.6517097564145549,-0.7107937678977266,-0.6346379459673855,-0.6040308649486834,-0.12479618717266176,0.06938110143228039,-0.5799798072721716,1
1.3927182613071303,-0.12780541711001567,-0.8790386569529866,-0.8681093238500562,1,0,0,1,0,0,0.3246891626197725,-0.55305026286484,-0.6047967952025805,-0.09871279589293881,-1.0158679819448961,-0.34904699402998296,-0.2783296102628226,-1.5473717534417137,0.8122373998395749,-0.5657438806944018,-0.39477101908578927,-0.49335976830225153,-0.22198310197684482,0.6235377505052717,-0.7494115348167257,-0.5478311811755674,0.726066820307899,-0.16769383904736546,-0.9609518129377761,0.28017642692511974,1.0100556717480567,1.3730722685304202,-1.6608732401384037,1.4842389143453725,0.34950126423070976,-0.28017642692511974,0.9609518129377754,0.7723105503109431,-0.5596729573423944,0.6002815269186915,0.2015172482105774,0.4957394703862077,0.2270552128845555,-0.5463906304141645,-0.1532996650890431,0.8839134569768611,0.917210226264372,1.2622304186993043,-0.031331040515893936,-0.8793552956620708,-0.3130987707090945,0.8552353928241243,-0.20711139779498602,-0.09762646290970158,0.2860364732784985,0
0.13340540580248203,-0.12780541711001567,1.0038746524609323,-0.8681093238500562,1,0,0,1,0,0,-0.5333985536612357,-0.1745119398540853,-0.6047967952025805,-0.09871279589293881,-0.13131809251672383,-0.05792454951808968,-0.2551518329796346,-2.048026458060174,1.5945221129025284,-1.134161734761877,-0.20654626934335787,0.8650759044566138,0.4853098563006479,0.6924772893037707,-1.006253056877078,0.5037965803278218,0.22347892672153444,0.4272299256039388,0.4407888507730546,0.7426913412446393,1.0467099831037783,1.8029383641414203,-1.6734981678722678,1.7537772118970842,0.6856271347436882,-0.7426913412446393,-0.4407888507730553,1.2736557955169365,-0.5596729573423944,1.8830444519504281,1.9199438140005203,1.9465432904000532,1.0461850518512859,1.0032343553662626,0.8433273810784847,2.00011320016017,0.8339422496285867,1.4898602356909325,-0.3415203984652251,-1.112748180258855,-0.4654068010946016,0.7600658542737248,-0.8656330827735822,-0.6543183440496418,0.22417816752487937,0
-0.12359721776989524,-0.2566442469673251,0.27967722576327125,-0.13478617003801185,1,0,0,1,0,0,0.24897554059497767,-0.5379319888275442,-0.8478672421327675,3.8881833165931394,-2.943495052850867,-3.4185776532152907,-0.05620645057804506,0.2565004850274069,0.136241462185219,-1.309798597697636,-1.4214254441169152,0.670273313585994,1.7217457133979897,0.3682831156963574,-1.1693510392773587,0.6141995452650058,-0.711681983787418,0.21452255627030037,0.8489203546367114,0.07222398482797085,0.44614058760169656,-1.5234851665130535,0.43096466688979873,1.0637617317070813,2.0573622158049463,-0.07222398482797085,-0.8489203546367121,0.4659329004628361,-1.009968447893631,0.43652455776570404,0.705416767502365,0.3591932285025509,0.5106001571422693,1.0032343553662626,0.6218547041523672,0.015758101167622184,0.3065783976019474,-1.4693273852002382,-0.323273965644676,-0.06248019957332482,0.36382580878204385,0.5380035976561225,-1.3595243465075295,-1.4893561657595522,0.5953280020465953,0
1.110015375377516,-0.9008383962538722,-0.8790386569529866,0.5985369837740325,1,0,0,1,0,0,0.40040278464456736,-0.559446455726773,0.44424408102243734,-0.5668403655593013,0.015034621584294075,0.007812776662015243,-0.3223941618666454,-0.6738858724383043,0.3684546801607932,0.2664171494250862,0.5446530584403586,-0.6174386706772993,-0.8582724175102202,-0.809885098072646,-0.2294477539847792,-0.6915258257047329,-0.6282220338862342,-0.7883941906415285,-1.532862003731795,0.678161166961424,-0.36093071738952726,0.6950737854504576,-1.1986066554215171,-0.9828465960323641,-1.4777891295649204,-0.678161166961424,1.5328620037317944,-0.8988402670423681,-0.4846237089171882,-0.9008240236503626,-1.077612300760884,-1.2281568333949502,-0.37153966943728567,-0.7910682597479163,-0.1532996650890431,-0.728375060954584,-0.4150773999081907,0.5034643620605421,-0.3415203984652251,-0.8793552956620708,-1.159254495073018,0.030432725387320277,0.5337254978059351,1.0157572993701793,-0.5181215015185524,1
-0.48340089077122306,-1.7511746733121147,1.0038746524609323,0.3052077222492148,1,0,0,1,0,0,-0.21792512855792381,-0.398378690021736,-0.68155588370685,0.15299980337142172,-0.8359652222306702,-0.4246225595023485,-0.42912611100380155,-0.44553994862495966,-0.47433468508637133,-0.6868799653581569,-1.2413482657731725,-0.4067049026636787,1.8085885624773137,-0.4156732578497539,-1.6777636088968313,0.8386004647533403,-0.8825761669184173,-0.9421746694075381,-0.2493891336940558,-0.30735587342307225,0.18137448192369066,-1.0692291905735638,1.4911439975756775,0.05278310013210566,0.6939633564773096,0.30735587342307225,0.2493891336940551,-0.48105256270404034,-1.6103624352952797,-0.4277483349861756,0.046471242274642305,-0.3064697006802721,-1.222174502210428,0.6769975162545934,0.8986955503100138,-0.728375060954584,0.1400424443303771,-1.0140677512169813,-0.06782390615699217,0.7025298110494701,0.6853649840403343,-0.7626467625326843,-0.7833178721512579,-0.9883334727336057,0.038603250264021984,0
2.2922274438104506,-0.2051087150244015,1.0038746524609323,-1.161438585374874,1,0,0,1,0,0,1.6244396740454172,-0.6966738662191511,-0.8094876978806327,0.8242334014097165,-2.56982922559624,-1.1727759384092569,-0.1391843873353194,0.7939066004903511,-0.37676118705442846,0.2682186601316137,-0.48266506639412976,-0.8794444085011408,0.5415449766426174,-0.3798149627334594,0.17124309052114428,0.647431614522059,0.4079566651527711,0.30044630129032535,-0.8114328088086202,-0.39468810214486993,-0.18596735682665996,-0.9181141554332803,1.1656514988056745,0.042176739991702024,0.9208155613821255,0.39468810214486993,0.8114328088086196,-0.6481676444393714,-0.3345252120667762,-1.410290149904103,-0.9225662948249498,-0.7331767065666972,-1.5057194464681423,-1.1988643086375024,-1.0391903727935126,-1.2244638357027204,-0.026493508941193386,-0.7105613285614767,0.6985262723060605,1.2471132084419672,1.1930584186586881,0.28421816152172197,-0.7010026615289333,-0.9326642846196119,0.904619530814692,0
-0.09789695541265715,1.1863506474345409,-2.617112481027373,-0.8681093238500562,1,0,0,1,0,0,-0.40720918361991093,-0.29952843670095514,-0.24658771551598904,-0.3880376226335831,0.21570063872242423,0.06952536858619539,-0.44686965542011636,1.0905826041050353,-0.9045628237672545,-0.13852286815526563,-0.2828133341318633,0.45260586732763836,0.8748943512320899,-1.3580061155336223,-0.16929957109906651,0.6686920329571793,-0.49504121408613455,-0.0594201913746523,0.1590389773671773,0.45956749966015986,-0.735520575868006,-1.6664594436443583,1.908538687831962,-0.3037389356947967,0.3096589337518164,-0.45956749966015986,-0.15903897736717798,-1.2052179168904753,0.11577027848446049,0.9096002464298897,1.1576342848155081,0.8712416355662611,0.3215701943037938,1.0032343553662626,1.009431888773073,1.0079356506638961,-0.7759052986632599,-1.6210805965279906,-0.5239847266707137,0.4691369264526849,0.31305646532020776,-1.4605567119022886,-0.9479482933959068,-0.8769950965056176,-0.45626319576493324,1
0.6217103905899984,0.43908543426214564,0.27967722576327125,-0.13478617003801185,1,0,0,1,0,0,-0.7226826087232228,0.3575350118430585,-0.5280377066983108,-0.1797237473803192,0.6870478023325173,0.41386374381531643,0.1451751568797392,0.35554304134967857,0.2398946775109359,-0.1380937927880083,0.17169972510360873,-0.6938787583704239,-0.7150226280756313,0.481187647631667,0.085072442220357,1.0023300464788099,0.27456679328395645,0.6366565049595704,-0.08286747959746427,-0.8641809106868654,0.27892743825602145,-0.4027702771773302,0.6793009716933055,0.4588115372017482,0.3983531101646812,0.8641809106868654,0.08286747959746356,0.5494904413305014,0.19081952690966666,0.34554846379182197,0.8346217724489774,0.9224464762726329,-0.30852968182446,-0.22015379130249568,-0.2086678343205727,0.8839134569768611,0.5286263352973745,-0.1035484832504671,0.9904691974348425,1.234146937075479,1.3792126780187515,0.030432725387320277,1.1922471827845313,0.793080546914203,0.7809029193074537,1
-0.4063001036995106,-1.0296772261111817,-1.6032360836506476,1.0385308760612593,1,0,0,1,0,0,-0.6469689866984278,0.1394829824589832,-0.4768649810287978,-0.24453250857022354,0.44498297934688336,0.296252065003292,-0.9049938120955433,-0.28393913496808,0.15660096865807965,-0.838415749412756,-0.6557464561623264,-1.447084322130002,-0.029563658071357423,-1.119839050910836,-1.194896696730557,1.3826575149878684,-0.7202500430498566,-0.2091665750230514,-1.6577619304569258,-0.3295023237687909,0.1394859407018186,-0.8073059063181703,1.1753586892612906,0.4184579738621879,0.6482920592868663,0.32950232376879157,1.657761930456925,-1.038102835155144,-1.0850176963188372,0.15449866644666885,0.8604627734383002,0.4957394703862077,-0.7811045889206503,-1.1988643086375024,-0.6516131881728072,0.3258135853852078,0.08453045990652028,-0.7864379342253526,-0.13168642102891215,0.4821031978191731,0.6345956405784983,-0.857816301083085,-0.6186874509066087,-0.8213259083916238,-0.20882997275045564,0
-1.1259074497021662,-0.8235350983394863,-0.4445202009343899,-1.161438585374874,1,0,0,1,0,0,-0.3062576875868511,-0.3576756445367086,-0.13144908275958464,-0.42275660184246044,0.1897257878364852,0.0516376607820852,-0.174819592492144,-0.20539267431132827,-0.3334364587315616,-0.8606806515073224,-0.9162822253758213,-0.4155925363053348,0.8129187156775439,-0.6559310500776402,-0.6464931679769957,-0.798279663995496,-1.30435628826673,-1.1640978696519264,-0.8740438917877038,0.30004743805884815,-0.41230767769670756,-0.3657347722680595,-0.3463752672446259,-0.13065333390512177,0.05469677234521504,-0.3000474380588474,0.874043891787703,-0.8988402670423681,-1.009968447893631,-1.655925603633584,-1.7236373254939452,-2.0132977242259726,-0.7811045889206503,-0.46483142063624716,-0.09793149585751397,-1.9065859009814097,-0.3318094232724056,-0.2553016945782196,0.31535118307453414,0.08014878545804377,0.025363519036474696,0.6966194952401235,0.12214944469431245,0.29205785388825667,0.5334696962929761,1
1.9838242955235992,-0.4370186087675581,-1.168717627632051,-0.8681093238500562,1,0,0,1,0,0,-0.0412600105000692,-0.4768774206000031,-0.7711081536284979,0.6679979949697686,-1.4576827254211728,-0.882995071982672,-0.16983839170106027,0.7341939279282571,-1.8715011661923864,-0.32825593551552384,-0.8069927013536973,-0.5872538712259836,1.0295334380235517,-0.2859469127159298,-0.260412073764657,-1.6050893289813932,-0.16811461475135517,-0.5856857069233377,-0.4372750117287954,-0.36726020632542794,-0.04955036799087462,-1.2685793060884147,0.945444808443673,0.2767530173559994,0.47732193666844897,0.36726020632542794,0.4372750117287947,-0.23037994010104354,-0.18442671521636386,0.20908432283099887,-0.6770767854263857,-0.6990401460957827,1.1722050270769362,0.4323198869208419,0.7325910426154264,0.139780294854656,-0.026493508941193386,-1.1658209625447336,0.12376363845877164,0.5987996401175653,0.6853649840403343,-0.5405845059150832,-0.28942660841731066,-0.48731077970765985,0.5334696962929761,1
-0.7404035143436003,0.8771374557769975,-0.15484123025532542,0.3052077222492148,1,0,0,1,0,0,0.9177792018139987,-0.6309675213647497,-0.3361399854376369,-0.3510040448107806,-0.8149917865274005,-0.21399480010895106,-0.44999137813459017,0.7351716356788378,1.1005705797214747,-1.0922533108566794,-0.6143256923201246,-1.0832056034413902,0.10472844588649,-0.647753817274663,-0.3894945525380716,0.12503738297304373,-0.7199144278252889,-0.25357940799547596,-0.7703150826731027,-0.7133741297612556,-0.02150401666957893,-1.3992332342222895,-1.3788663404832602,0.7617089334507051,0.5510825505290803,0.7133741297612556,0.7703150826731019,-0.7317251853070371,-0.5596729573423944,-0.7006766169078218,-0.5349512799851129,-0.767313267037611,-0.34003467563087314,-0.46483142063624716,-0.1532996650890431,-0.5423417704240322,-0.16527347000083534,-1.3934507795363622,-0.5513543759015367,-1.1257144516253432,-0.8038690908401701,0.7917890337905242,0.12214944469431245,-0.2089648391376897,-0.3944048900113141,1
-1.485711122703495,-1.2615871198543382,-0.15484123025532542,-0.4281154315628296,0,1,0,1,0,0,-0.81101516775215,1.9187875422330378,-0.6431763394547153,0.037269872675164004,1.3974566944978608,1.4468788695026797,-0.992318319039754,-0.19246438687914424,2.525977534664515,-0.7109037730379995,0.11114202787918606,0.3287200243565879,0.2536749431093869,-1.2735724538726925,-0.962897845706692,1.7659856070600142,-0.5059119765712574,0.1932947917581884,1.0546828838850468,-0.5976867361744845,0.10730418846788327,-0.7004465127990016,-1.6784506865420918,0.4587314778694368,0.044224662842373454,0.5976867361744845,-1.0546828838850475,-1.1495128896453646,-0.7848207026180125,0.5456958705343614,1.4418852956980555,1.1272658390981163,-0.6865896075014126,1.166352774922097,0.6772228733838963,0.6358690696027934,0.19555442875423396,-0.5588081172337243,0.40658334717727845,-0.5681647828663581,-0.36386811417093057,1.6165917012273294,0.4514102871836102,0.18071947766026855,0.34789477903211874,1
-1.7427137462758722,1.109047349520155,0.27967722576327125,-0.8681093238500562,1,0,0,1,0,0,-0.6595879237025604,0.15111242402613387,0.39307135535292426,-0.554110073182713,1.269648225209414,0.5444440107853208,0.7305354972242498,-0.5003657074160122,1.533698820037763,0.3694807655569884,0.9323638846117468,1.3131801070317284,-0.7842796898122528,0.07440249716423779,-1.015240208405808,1.3652604354345335,0.09902346630706539,0.7677907218009156,0.19034451885672046,1.6022396676771504,-0.9414852935874574,-0.3302777174157744,-0.7246625938089896,-0.4009547032398232,-0.4625205119157801,-1.602239667677151,-0.19034451885672118,0.0759977097470634,-0.9349191994684248,0.05442496307539909,0.7570987694810098,0.76883195415352,-0.5605696322757617,-0.8726274695258333,-1.0391903727935126,0.2638024885416898,-0.9979532363586869,-0.5588081172337243,-0.8615437338508666,-1.060883094792903,-1.1254082660984612,-0.1916295312302808,-1.0302635040182315,-0.4316415915936655,-0.7036964187794109,1
-0.2006980048416086,-0.10203765113855341,-1.168717627632051,-2.6280848929989626,1,0,0,1,0,0,-0.785777293743885,0.8256200349208735,-0.42569225535928473,-0.29545367807657696,1.3974566944978608,0.8632924023935848,0.7853550803452903,-0.19916522740309933,0.3913547185840089,0.4483735621976859,0.7673059776841862,0.08053995794418713,-1.4439217239428142,-0.23613609336717808,-0.5052262062361862,1.1599025624335426,0.2955975180558573,1.1132862919762396,0.5364130502320184,-0.4221610355600758,-1.3279997590682682,-0.23276399746464374,0.630595203904002,-0.3126143169832448,0.08937202998019932,0.4221610355600758,-0.5364130502320191,0.0759977097470634,-0.10937746679115769,1.3826759350940767,1.881182312516537,1.9465432904000532,0.6996301199807459,-0.5463906304141645,-0.8177176958673952,1.6900577159425842,-1.192245181842186,-0.02767187758659086,0.6437869738444144,0.8970238815467907,0.7022880985276131,0.1890486229713212,1.1099319721622063,0.9600881112561845,0.7190446135538346,0
0.6217103905899984,-0.1535731830814779,0.27967722576327125,-0.8681093238500562,1,0,0,1,0,0,-0.7226826087232228,0.3575350118430585,0.022069094248954552,-0.49798105679502797,1.3295328687750558,0.6598197261218315,0.8082165372357927,0.25902518660665763,0.8506700100570591,0.828001470749402,1.2685527279270767,0.407111379039056,-0.9997934385336734,0.6637449855141923,0.12667027625556293,0.8904562912086217,0.41082165188294695,0.8455545402792822,0.13286549185952784,0.42347698798565403,-0.46063860034113646,-0.22862469556240342,-0.2680717039747161,-0.7112128511784019,-0.8236612401537038,-0.42347698798565403,-0.13286549185952856,0.6887530094432773,0.19081952690966666,0.22727954162577424,0.6666552660183818,0.8200367948598906,-0.18250970659880966,-0.38327221085833024,-0.4855086804782194,0.7598912632898273,-0.4150773999081907,-0.17942508891434333,0.12376363845877164,-0.03654765684034838,-0.3130987707090945,0.030432725387320277,0.2044646553166367,0.45906541823023866,-0.1469716669968365,1
0.6731109153044746,-1.0296772261111817,-0.4445202009343899,1.0385308760612593,1,0,0,1,0,0,-0.5460174906653681,-0.1727675236190127,-0.4768649810287978,-0.24453250857022354,0.1636063482966425,0.05610958773311275,-0.8738016172837444,1.0620205970446075,-1.6991361457655776,-0.8528845824513224,-1.553397911370338,-0.962139137764335,1.0560299398694641,-1.1283281707853519,0.6268624642853813,-0.9668416903141165,-0.9379977987260972,-1.4486317598811869,-1.6056049665959462,0.28017642692511974,0.08763020595943344,-0.8296795432260851,1.3511933757508487,0.22208948670154186,0.6051864037127462,-0.28017642692511974,1.6056049665959446,-1.0659553487776992,0.5660657690356972,-0.027453521501095285,-0.5220307794904515,-0.8355863879794388,0.1010352376589052,-0.46483142063624716,0.34501385799472056,-0.23228628620644656,-0.026493508941193386,-0.8623145398892288,-0.378013264106322,0.3394742127878045,0.4145951522438788,-1.0481553781838862,-1.0302635040182315,-1.0440026608476,-0.332546584257695,0
1.9838242955235992,-1.132748289997029,-1.168717627632051,-0.4281154315628296,1,0,0,1,0,0,-0.0412600105000692,-0.4768774206000031,-0.3233468040202586,-0.3533186434247058,-0.27820839517963436,-0.09369996512631006,0.2964823987758055,0.058909563524266136,-0.35414803256544913,0.5996366330738452,0.3103341464482476,-0.12606418757529017,-0.15364170932822674,-0.2225037682893461,-0.5457689961022785,-1.508154689240351,-0.0920297287262824,-0.25103521191914213,-0.8251557858999272,0.6464429457035722,-0.6345891362723506,-0.6275946240407367,-1.0314177922564975,-0.9013255096024896,-0.6485366136966328,-0.6464429457035722,0.8251557858999266,-0.2582324537235989,-0.5596729573423944,-0.19121049065408274,-0.9225662948249498,-0.9038595089212672,1.0146800580448727,-0.22015379130249568,0.17890935030013266,-0.17027518936292965,-0.8869292675109735,-1.0140677512169813,-1.7008796435961144,-1.8518256481486735,-1.9884871049496622,-0.5088613263982832,-0.7833178721512579,-0.5986491559356475,-1.940862533851798,1
1.9838242955235992,-1.0296772261111817,-1.168717627632051,1.0385308760612593,1,0,0,1,0,0,-0.0412600105000692,-0.4768774206000031,-0.4768649810287978,-0.24453250857022354,-0.4997003826642363,-0.17777219180562792,-0.2839412998912954,-0.15285034891461138,-1.8489660552772995,-0.2656983376421501,-0.4441777281422436,-0.8598802698331495,0.5362953115100134,-0.23685210816533106,-0.9993253526610847,-1.1765915642187992,-0.038252854623927364,0.1267431378595027,-1.0255223183500044,-0.15567358143258175,0.15816745366092477,-0.7913102999064645,1.3452374863115728,0.32101043689061,0.7011928061874079,0.15567358143258175,1.0255223183500037,-0.3974950218363748,-1.0850176963188372,-0.7643598826895395,-1.1938968052128347,-1.1428154322176651,0.5421051509486824,-0.7910682597479163,-0.4301405112466897,-0.6043528672675491,0.08453045990652028,-0.7864379342253526,-0.19554893590083341,0.5080357405521495,0.6176725260912207,-0.9212626601166852,-0.7833178721512579,-0.9326642846196119,-0.20882997275045564,0
-1.485711122703495,-0.4885541407104817,-0.15484123025532542,-0.4281154315628296,0,1,0,1,0,0,-0.81101516775215,1.9187875422330378,-0.630383158037337,0.02280363133813179,1.4350827726849007,1.4580586868802485,-0.8965915971437457,-0.2981383400201354,1.780339085832757,-1.1510475395461675,-0.14071986095820965,0.47067004685833863,0.7954944416542438,-1.2064285338705196,-1.193191690868281,1.7908724736920747,-0.17087373699182515,0.6833308931292844,0.7472536253548848,-0.09917924017331377,0.04128326515819462,-0.7861090143272124,-0.6341290470682268,1.3855554939302612,0.8500823287109175,0.09917924017331377,-0.7472536253548856,-1.1216603760228097,-1.0850176963188372,0.14540105704928116,1.06719078135288,0.9395147565080901,-0.7495995951142377,0.6769975162545934,0.34501385799472056,0.6358690696027934,0.1400424443303771,-0.6346847228976005,0.44307621281837667,0.028283699992091807,0.5838262971166633,0.7600658542737248,-0.7010026615289333,-0.8213259083916238,0.5334696962929761,0
0.6217103905899984,-0.2566442469673251,0.27967722576327125,-0.13478617003801185,1,0,0,1,0,0,-0.7226826087232228,0.3575350118430585,-0.8478672421327675,3.8881833165931394,-1.4576827254211728,-2.7299009027570484,0.1576116780096217,1.5921206102275816,0.2878217635849523,-0.42851908987872067,-1.2354457579516152,1.0031209969320964,1.01836029131894,0.5602231618116703,0.29754029334515636,0.7335780906277756,0.43652731623157337,0.7381995036055046,-0.4291756706205317,1.7937886031270187,0.3406055074080304,-1.8871661688613122,0.34371324217276494,1.0117546590245432,2.3268481288809646,-1.7937886031270187,0.42917567062053097,0.577342954953057,0.340918023760079,0.1908891040362222,0.5503707615664309,0.7176271134471482,-0.18250970659880966,-0.7910682597479163,-0.7069813574043363,0.6978801664463103,0.27882240539001907,-1.772833807855743,-0.0951935553878152,0.09311505682453199,0.49921072468027106,1.109020828958526,-2.2649916633530998,-2.1017172350134863,1.0283361423219313,0
-1.0231064002732158,-0.4885541407104817,1.0038746524609323,-0.4281154315628296,1,0,0,1,0,0,-0.4576849316364408,-0.24835889380549214,-0.630383158037337,0.02280363133813179,-0.34756481593456856,-0.208628487767718,0.006902213073953157,0.36054067276797025,1.166877504178409,-0.7353060800694067,-0.34143805332116944,0.40545866289339544,0.5062430256828316,0.2192150936513384,-0.6162820469180421,1.2673639210426926,0.3831963446910759,0.7053973556541517,0.5364130502320184,0.020989325180847843,0.20943944334592968,-1.1122312139322257,-0.3215821223023716,1.3733220120606209,1.1325694149170034,-0.020989325180847843,-0.5364130502320191,0.1317027369921738,-0.6347222057676005,-0.23669853764102378,0.4340862571144791,0.5810808715634928,-0.9386295579527137,-0.5463906304141645,-0.8177176958673952,-0.23228628620644656,0.22331042096616224,-1.0140677512169813,0.14201007127932075,-0.0495139282068366,0.49921072468027106,0.506280418139323,-1.1948939252628807,-1.32234860141757,0.22417816752487937,0
-0.48340089077122306,-0.2566442469673251,-0.4445202009343899,-0.13478617003801185,1,0,0,1,0,0,-0.6091121756860305,0.020281206395688665,-0.8478672421327675,3.8881833165931394,-1.913965681136189,-2.9892726659166464,-0.09146431242761151,0.6336174539647792,-0.10580594197143252,0.2832668914763399,-0.6854657447853287,0.6237742223149556,0.5341372411205336,0.3468307187610985,-1.0946541106898648,-0.07094321593507624,1.5788299746117769,1.6347237553891465,0.4783555005605047,0.3763264807979944,0.47373252052321124,-1.9662602981481538,0.07334917691789844,1.182865481044454,2.4871286135429567,-0.3763264807979944,-0.4783555005605054,0.2152602778598393,-1.0850176963188372,-0.3458698504096825,-0.3282232720705331,0.2909201075607231,0.19555021907814235,-1.3619827281933365,-1.648240234340335,-0.10826409251941274,0.3898463742377325,-1.848710413519619,-0.13168642102891215,-0.07544647093981212,0.39767203775660004,1.3628062650929278,-2.018046031486126,-2.1573864231274804,0.8427612250610729,0
0.31330724230314594,-1.0039094601397194,-0.15484123025532542,-0.8681093238500562,1,0,0,1,0,0,-0.1800683175455264,-0.407100771197099,0.41865771818768077,-0.5564246717966381,0.41916487977909284,0.11692779426708738,0.26976041781572657,0.47752922495908856,1.0868037680903098,0.29530224971860286,1.5291464642901427,0.4218914716075241,-1.1453314407780066,0.08511893929637279,1.0174437945155137,0.014027393381732192,0.4696737356472162,0.7834155961430953,-0.5252107151899527,1.0963072413460702,-0.2900585864503703,0.3638290104551396,-1.4716009815692224,0.06678614838289146,-1.223112444840242,-1.0963072413460702,0.525210715189952,0.15955525061472892,1.0914105080121401,0.33645085439443295,0.29196075167320634,0.47867119015075044,0.6366201323679207,-0.22015379130249568,0.012804842605544792,0.8219023601333442,-0.44283339212011924,0.04820472807728505,-0.7703115697481222,-1.333174793489152,-1.2269469530221315,-0.4771381468814831,0.12214944469431245,0.793080546914203,-0.5799798072721716,0
-0.27779879191332196,-0.02473435322416849,-0.4445202009343899,-0.8681093238500562,1,0,0,1,0,0,-0.15483044353726144,-0.4175672686075346,0.06044863850108935,-0.5153405463994666,0.17807456053538515,0.07712764440294222,-1.2057845842327446,-1.2531261498832502,-0.7326716788753511,-1.9820527655236462,-2.2269145869842264,-0.9599812815075607,1.986150022822548,-1.6320234839621799,-0.7307784858664114,0.7458144192731355,-2.6083017622659335,-2.4595089621544393,-0.7279513648365089,-0.5873266710771624,0.04597418079803028,0.9878771227443254,1.7510582949702425,0.09127803602411703,0.49386623140260316,0.5873266710771624,0.7279513648365081,-1.5394480803611372,-0.7097714541928067,-0.11842961547497735,0.279040251178545,-0.8185181077439823,-1.0646495331783645,1.0032343553662626,1.6184817503198954,-0.790386157798101,0.1400424443303771,1.1104772073715516,0.42482977999782756,1.3119445652744073,1.2776739910950803,-0.9529858396334858,0.12214944469431245,-0.15329565102369538,0.5334696962929761,0
0.2105061928741954,-0.5400896726534062,0.5693561964423357,-0.4281154315628296,1,0,0,1,0,0,0.26159447759911014,-0.5390949329842593,-0.31055362260288033,-0.36778488476173804,-0.4751931573911458,-0.13036976612473594,0.9030165874439648,2.3246603579203935,-0.5163276448372118,-0.08892282467016009,-1.2009313844502123,-0.13323205178872952,1.5441416700805397,1.2322851937262653,1.8958629101448987,0.0536024546710357,0.2256676391438599,-0.8572080999339224,0.7902460580981725,-0.965469047129439,-0.024381700704123644,-1.2914354513747006,0.7597024851143311,0.3438971673263298,0.7243727489918208,0.965469047129439,-0.7902460580981732,0.8837206048011639,1.391607501712964,-0.646090960523493,-0.5220307794904515,-0.40887938209301433,-1.411204465048904,1.247911984700014,0.8986955503100138,-0.9764194483286528,0.1400424443303771,-1.0899443568808573,0.7076494887163344,1.026686595211671,1.1253659607095745,0.2207718024881207,0.28677986593896093,-0.15329565102369538,0.7190446135538346,0
-0.1749977424843705,-1.9315490351123477,-0.15484123025532542,-0.13478617003801185,1,0,0,1,0,0,0.21111872958258027,-0.5361875725924716,0.047655457083711085,-0.5147618967459854,-0.11409701831538487,-0.014546858093122488,-0.24862699087443407,-0.26032146322519023,-0.7629067639846577,-1.0581833655876638,-1.2207264167887337,-0.27385448102147375,1.0728215919832995,-0.7298368336533719,-0.2961172594494775,-0.8303680367040445,-1.3567898313797897,-1.4777144542453946,-0.9878020566370264,0.6061852033378367,-0.38352248171843206,0.06065560790947952,0.20847930739552434,0.08416788720600893,0.14430357728973242,-0.6061852033378367,0.9878020566370257,-0.9266927806649233,-0.7097714541928067,-1.492168634480596,-1.6073528210419945,-1.9279563230486876,-0.844114576533476,-0.38327221085833024,0.06817301183707392,-1.720552610450858,-0.4150773999081907,-0.02767187758659086,-0.24116501795220557,-0.10137901367278856,-0.0592520533999176,-0.28679906978068154,-0.5363722402842841,-0.32030321536567735,-0.1469716669968365,0
-0.12359721776989524,-0.12780541711001567,0.27967722576327125,-0.8681093238500562,1,0,0,1,0,0,0.22373766658671274,-0.5379319888275442,-0.016310450003180245,-0.4921945602602151,-0.17005144961488727,-0.03332895128743818,0.5704616836391495,-0.6265129936627024,0.6361991472218854,0.5071992948350732,1.0227788569532075,0.9824074670096999,-0.4785896510811071,0.2199557533475043,-0.9457742232069929,0.6405821035239253,-0.5610297629115522,0.1859029548620832,1.068484771272222,0.28017642692511974,-0.5734636605920881,-0.08754710914015518,-0.22598231051092244,-1.2415010348045974,-1.1481645532719074,-0.28017642692511974,-1.0684847712722227,0.32667033235006016,-0.7848207026180125,0.46381738595786837,0.7441782689863493,0.4616029099152932,0.3530751881102058,1.0032343553662626,0.5111183656893089,0.015758101167622184,-0.5538573609678327,-0.1035484832504671,-0.058700689746716966,-0.16621037050522874,-0.6346379459673855,-0.0647368131630805,0.6160407084282594,0.848749735028197,-0.45626319576493324,0
0.44180855408933456,-1.8284779712265005,-2.327433510348309,1.7718540298733036,1,0,0,1,0,0,0.791589831772674,-0.6170121914841689,-0.0035172685858019803,-0.49971700575547184,-0.44255036620936034,-0.088333652785077,-3.473207153717973,0.4075273320595328,1.4537054317681815,-2.844293255397542,-2.1876591174802162,-2.2594752747584024,1.3203745451538516,-1.5106629276776347,0.800892622405441,1.1318974182815598,-1.7728156325310582,-2.007773554906192,-1.589599125834377,-1.5051097296207103,3.3201424967441917,0.24297259492859147,-0.8498162790452601,2.0845630552039522,0.8838639004880677,1.5051097296207103,1.5895991258343762,-1.4558905394934718,0.491016520610491,-0.5824076947417753,0.046471242274642305,-0.6649035856248688,-1.8207693845322692,-0.13859458152457876,0.7879592118469556,-0.728375060954584,2.055205906953436,-0.3311783002420958,-1.5457849646214488,-1.657331577651353,-0.939254006738398,-0.9529858396334858,-0.6186874509066087,-1.211010225189582,-1.6934293108373202,0
1.521219573093319,0.28447883843337485,-0.15484123025532542,0.5985369837740325,1,0,0,1,0,0,-0.2810198135785862,-0.37221244649564694,0.07324181991846762,-0.5164978457064292,0.32196587323919595,0.11290306001116258,0.8961389123387709,0.557945578154375,-0.7309057727370095,1.5568692499043308,2.384307994945925,1.1241401873699541,-2.2133691105810755,0.28500522723675853,-0.2389534816727764,0.42807625022301365,0.4628388925739119,1.5431580383261485,1.2234273880116016,0.3198127523248422,-0.961329107106109,-1.0051761683379241,1.4293480247777595,-1.6442867927454496,-1.593123694129814,-0.3198127523248422,-1.2234273880116022,-0.06326485836571254,-0.5596729573423944,-1.1282642585850677,-0.7675202888890147,-0.5624939042121272,-0.18250970659880966,-0.709509049969999,-1.2052948804881005,-0.790386157798101,-0.9979532363586869,-1.0899443568808573,-0.7338187041070253,0.04124997135858002,-0.6177148314801074,-1.8729580456206907,1.0276167615398821,1.3497724280541432,-0.8892713360402683,0
-0.9203053508442651,-0.35971531085317227,-0.15484123025532542,0.5985369837740325,1,0,0,1,0,0,-0.1295925695289965,-0.4309411264097579,0.34189862968341117,-0.5506381752618252,0.32965012964944124,0.0941209668168469,-0.6346503159565439,-1.8937940440230228,2.213637829198503,-1.6902830693814976,-0.9500758741573058,-1.0846496384640514,0.7023837607338093,-1.0579327275096078,-0.4497995238345508,1.7176006967891366,-2.0098050693612106,-1.417623894005897,-0.772300881946693,-0.7133741297612541,-0.1745772026472804,2.1486924695067917,-1.3000940143272557,0.2905750756256244,-0.1488886471072609,0.7133741297612541,0.7723008819466923,-0.9266927806649233,-0.25947596364157,0.6002815269186915,1.4677262966873774,0.4103980692089227,-0.9071245641463012,0.8401159358104279,1.4523772426253072,0.5118468759157585,-0.16527347000083534,2.020996475338066,0.03253147435602734,-0.6459624110652865,-0.4992530300691578,0.8552353928241243,0.6160407084282594,0.29205785388825667,0.16231986177126023,0
-0.6633027272718879,0.38754990231922204,-0.15484123025532542,1.478524768348486,1,0,0,1,0,0,0.5392110916900246,-0.5867756434095771,0.9559713377175679,-0.628177228828318,0.16280062340112758,0.03419714567307777,-1.1618795378834805,1.314363635685572,-1.4898736816065092,-0.8341808339737723,-1.9728948323472526,-1.391025735772186,1.7020640003932694,-0.25515680810221286,1.1236481188673575,0.13400322368094877,-0.8094948669367779,-1.498065495081292,-0.7279513648365089,-1.1752198963459366,1.3606721044761463,-0.6783593199195874,2.17136755039761,0.3242432366356888,1.1022905253221458,1.1752198963459366,0.7279513648365081,0.27096530510494976,2.142099985965025,2.3743153594093918,2.100830820925778,1.5710411252199985,0.41608517572303205,1.8188264531454346,2.615108796487423,2.1861464906907218,2.16622987580115,-0.1035484832504671,2.1856105471807923,3.2957840843470776,3.2915246150812165,0.030432725387320277,0.2044646553166367,-0.32030321536567735,1.9562107286262216,0
0.05630461873076867,1.1605828814630785,0.5693561964423357,-1.161438585374874,0,1,0,1,0,0,0.16064298156605036,-0.5321172680439689,0.8792122492132983,-0.6206547833330611,0.34628080540025374,0.07041975397640089,0.15022250483002228,-0.2421412810154548,0.8722873801196528,0.05762887636741258,0.005070489955585561,0.1970176885810341,0.24395159080529152,-0.3067664056258901,-0.6678994435936342,0.7049908400680002,-1.2217150109613266,-1.1422353995817467,-0.591162492785821,0.8550163918650944,-0.5154054277704602,-0.33674049327959776,-0.4839982652128675,-1.2892845857424402,-1.1217624348848303,-0.8550163918650944,0.5911624927858203,-0.3696425082138195,-0.7097714541928067,-0.3549674598070702,0.046471242274642305,-0.4430159425639276,-1.0016395455655394,0.35076067714292497,0.7325910426154264,-0.4803306735805153,-0.6926373220274746,-0.6346847228976005,-1.1078705769282764,-1.1516469943583196,-1.4977167848185873,-0.5723076854318833,-0.37174181903963527,0.013711913318286572,-1.198562864808365,1
-0.4577006284139859,-1.235819353882877,1.0038746524609323,0.3052077222492148,1,0,0,1,0,0,-0.23054406556205628,-0.398378690021736,0.16279408984011548,-0.5274921891225737,0.3249648631982956,0.10127604993849096,-0.22795178163169502,-1.5358340240280304,1.31067975453047,-1.0652433411865978,-0.8514279114987905,-0.12333558938770586,1.0585356836134927,-0.521515401825067,-1.80477918112694,0.9434914154980143,-1.1487059542576445,-1.2192205123485125,-0.7118242677055338,0.5377636082882545,-0.2041195433545731,0.299992232618819,-0.8436252498645797,0.30003786936405985,-0.08343354383889363,-0.5377636082882545,0.711824267705533,-0.5089050763265954,-1.685411683720486,-0.07294156848803632,0.42116575661981864,-0.08458205761933026,-1.1591645145976028,0.5138790966987595,1.009431888773073,-0.35630847989348147,0.16779843654230542,0.8828473903799233,1.6564639953848757,0.8710913388138142,0.9561348158367899,1.7434844192945298,0.28677986593896093,0.6260729825722207,1.646919199858125,0
0.6731109153044746,0.928672987719922,-0.8790386569529866,1.478524768348486,1,0,0,1,0,0,0.19849979257844777,-0.5350246284357565,0.4954168066919504,-0.5766774096684832,0.1576928346764115,0.03419714567307777,-0.04164646142115854,0.014067358284387632,-0.08526941208545437,-0.8229020231428412,-0.5899717624854934,-0.4115323627810186,0.6778076680587164,-0.3630376908451954,0.10721343496510947,-1.350949364419873,-0.6194972149565555,-1.3931254371223385,-0.2493891336940558,-0.31393995325558316,-0.30483256475648923,0.08809617483327406,-1.241007683318906,0.4974047101942779,-0.593123653817873,0.31393995325558316,0.2493891336940551,-0.4253475354589299,-0.03432821836595151,-0.38226028799923456,-0.9871687972982559,-1.1428154322176651,0.006520256239666901,0.6769975162545934,0.8986955503100138,-0.9764194483286528,-0.3595654154843339,-0.02767187758659086,-0.31415074923440073,-0.8793552956620708,-0.6515610604546642,-0.033013633646279864,0.36909507656128593,0.23638866577426285,-0.76555472453303,1
-1.0488066626304537,1.3924927752062353,-0.15484123025532542,0.3052077222492148,1,0,0,1,0,0,0.6401625877230843,-0.6013124453685155,0.8408327049611636,-0.6154469364517295,0.07307482561490078,0.013179089003248299,-0.8811607182451955,-1.4714984161758493,0.16049284526060295,-0.9018522535471325,-0.18842905245033242,-0.3273383780896746,0.19256762434506525,0.5084021825892285,-1.03169226590831,0.320887675631892,-0.32115392835607637,-0.07339774058364282,-1.3361733137761789,0.87874991804355,1.7332648990730968,0.9861510923392911,0.10306207170720012,0.8998934740091442,0.17330838871118845,-0.87874991804355,1.3361733137761782,0.27096530510494976,-1.0850176963188372,-0.6278957417287164,-0.37990527404917784,-0.47715250303484213,-0.5605696322757617,-0.8726274695258333,-0.3747723420151606,-0.046252995675895824,1.7221340004102954,1.0346006017076752,0.2606118846128881,0.2746428559553643,0.6345956405784983,-0.44541496736468245,-0.7833178721512579,-0.48731077970765985,0.2860364732784985,1
0.5189093411610479,-0.35971531085317227,-1.6032360836506476,-0.13478617003801185,1,0,0,1,0,0,0.11016723354952047,-0.5257210751820359,-0.054689994255315046,-0.47194182238836996,-0.12607282844996656,-0.039589649018876745,-0.16915397574628324,0.9972037155792377,0.37742502093397406,-1.2839290298899324,-1.7745655803277574,-1.0151480526407033,1.902749078777772,-1.1078388780006627,1.2178997241223481,-0.12300056252004689,-2.1877585746872064,-2.361627585526181,-1.1150016959799354,-0.2786957612109654,-0.8717268326913985,-0.14862818706040234,-0.6395563506334067,-0.434838665642077,0.0013524817335122462,0.2786957612109654,1.1150016959799347,-1.1216603760228097,0.7912135143113154,-0.7006766169078218,-0.6512357844370638,-1.39883963574952,-1.0016395455655394,0.758556726032511,1.6184817503198954,-0.9764194483286528,-0.8036612908751883,-0.1035484832504671,0.12376363845877164,-0.23104172733766892,-0.38079122865820925,0.9821281108913258,0.03983423407198747,-0.09762646290970158,0.038603250264021984,0
1.1871161624492292,-0.8235350983394863,-0.8790386569529866,-1.161438585374874,1,0,0,1,0,0,-0.24316300256618875,-0.3925639692381606,-0.10586271992482811,-0.44300933971430556,0.13838556258593188,0.04045784340451634,-0.2474145084194374,-1.0071913625066766,1.4693091984878222,-0.3858979924819144,0.008388714609398197,-0.5336602645252851,-0.5177207687103945,-0.7282942442633371,-1.5892566018703878,1.5098802127899693,-0.7313740323886474,-0.059610351102795306,-0.9971070548845234,0.2610696854503818,-0.38366713094445387,-0.20968062203672383,-0.49131089492107566,-0.20389467914916237,-0.06910364547607764,-0.2610696854503818,0.9971070548845228,-0.7595776989295921,-1.535313186870074,-0.44594355378095224,0.3565632541465125,0.03489590402886805,-1.0961545269847772,-0.9541866793037505,-0.6516131881728072,-0.4183195767369984,-0.3040534310604773,-0.1035484832504671,0.31535118307453414,0.002351157259115363,-0.07617516788719629,0.7600658542737248,0.28677986593896093,0.45906541823023866,0.47161139053935697,0
1.0072143259485644,-2.086155630941119,0.5693561964423357,1.7718540298733036,1,0,0,1,0,0,7.744624121049665,-0.8019203124018647,-0.029103631420558513,-0.48409346511147705,-1.5567408980555435,-0.24261513259552733,0.7650017292534904,0.1253922345218202,-1.2424626239902654,0.7064346543000426,-0.26814690452118906,0.5757158972962044,0.2906031779752237,0.9938146231193306,0.012157321292151125,-1.1565527064175896,1.0381435975195121,0.6017444082257825,1.2744597090698961,-0.4787858038769716,-0.07074566507353505,-0.15992583947366615,0.5362640973071128,0.07505777786722559,0.9360904032177177,0.4787858038769716,-1.274459709069897,1.217950768271826,0.26586877533487285,0.7913313242638433,0.007709740790658993,0.4274663494443799,1.5817699465603012,0.758556726032511,0.17890935030013266,0.8219023601333442,-0.3318094232724056,-0.482931511569848,-1.0713777112871794,-0.671894953798262,-0.6007917169928287,-0.44541496736468245,-0.6186874509066087,-0.8769950965056176,-0.7036964187794109,0
0.33900750466038404,1.0317440516057692,-0.15484123025532542,-1.161438585374874,1,0,0,1,0,0,0.03445361152472564,-0.5123472173798127,0.35469181110078946,-0.5506381752618252,0.19919756502577918,0.03151398950246124,-0.036801836648276305,-0.024419935418149356,-0.2733364471006246,0.6440916506262303,0.36341679897865786,0.9133218031293433,0.4637197038188828,-1.076495345787702,-1.0858255991709893,-0.2509225087184732,-0.867256157255586,-1.3309235433729363,0.08301123374971872,1.1633324773130074,-1.024447615837854,-1.0542391210219497,0.12150715762416149,-1.7300826265991716,-1.7718474342159367,-1.1633324773130074,-0.08301123374971872,-0.968471551098756,-0.9349191994684248,0.4001341201761507,0.2015172482105774,-0.16138931867888728,-0.16675720969560312,1.8188264531454346,1.9506907657090713,0.139780294854656,-1.0257092285706153,-1.0899443568808573,-0.5239847266707137,-0.38663698373552574,-1.0069464646875115,-0.8895394805998851,-0.04248097655033679,0.6260729825722207,-0.9511296417938885,0
-1.1259074497021662,1.109047349520155,-0.4445202009343899,-0.8681093238500562,1,0,0,1,0,0,-0.33149556159511606,-0.3518609237531332,0.8024531607090287,-0.6119750385308418,0.7645816842404989,0.2023415990317135,0.3811579058003029,-0.06208604190065728,-0.5209662062238524,-0.39548956966830356,-0.155565114728625,-0.2780297509191053,-0.10080407144881061,-0.4973665055614811,-0.5320192106231192,-1.4263404953869774,-1.1086687296136917,-0.8216307552177241,-1.1014209826064827,0.7131765006161427,-1.0269720984937722,-0.4477501251419334,-0.7211563857316982,-0.56505604044316,-0.5999202469208553,-0.7131765006161427,1.101420982606482,-0.8431352397972577,-1.009968447893631,-1.9743419325421714,-2.214616344291072,-2.3887998894060267,-0.49755964466293656,-1.0357458890816678,-0.7069813574043363,-2.0926191915119605,-1.0257092285706153,-0.5588081172337243,-0.5057382938501646,-0.7756251247301669,-0.9223308922511192,0.062155904904119784,-0.12479618717266176,0.23638866577426285,-0.5799798072721716,1
0.23620645523143258,2.165525754350092,-1.6032360836506476,-0.4281154315628296,1,0,0,1,0,0,0.7537330207602766,-0.6141048310923812,-0.3617263482723934,-0.34579619792944905,-0.7832749361485534,-0.20505094620689596,0.1339126459537924,0.47819221959467295,-1.7752424462597685,-0.15358347283830182,-0.854015680021257,-0.21436278652903692,1.0316491521225557,-0.7975832670796019,1.0841324453163677,-1.8160704571307085,-1.650298315547729,-2.4384726915051327,-1.0117882743416888,0.7111140177770428,-0.9831445968229516,0.4297262559063005,0.6018402267619486,-1.428926196632191,-1.2704317627867063,-0.7111140177770428,1.0117882743416882,-0.8709877534198129,0.641115017460903,-0.7825551014843162,-1.5039888170847049,-1.9279563230486876,-0.24551969421163483,0.4323198869208419,1.1201682272361313,-1.3484860293897554,-0.9146852597229018,0.4275877563966659,0.07814755640739948,0.37837302688726915,-0.24540631275998087,-0.635754044465484,0.28677986593896093,0.7374113588002092,-0.08511336124321738,0
0.23620645523143258,-0.7204640344536393,-0.4445202009343899,0.3052077222492148,1,0,0,1,0,0,-0.20530619155379135,-0.4041934108053113,0.009275912831576286,-0.5055035022902847,0.1911101777420002,0.07981080057355874,-0.0388427661233254,0.3366790521729528,-1.282949632869146,0.36331368464796143,0.2764597480453871,0.17993430249942924,-0.5054601313006766,-0.5449539269904345,0.6093271579292473,-1.1060311389048803,-0.40744784110118704,-0.7906156107876849,-0.31054414497595056,0.5534028300138731,-0.49049973102033245,0.1483080055148213,0.642380497836245,-0.8948316534999685,-1.1312934754336814,-0.5534028300138731,0.3105441449759499,-0.48105256270404034,0.641115017460903,0.19998671343360988,-0.4186667755331612,-0.5454256239766699,0.6681251261743327,0.5954383064766764,0.8433273810784847,0.139780294854656,-0.5538573609678327,-0.02767187758659086,-0.4692454282090663,-0.08841274230630035,-0.4315605721200442,-1.2702176348014877,0.6983559190505837,1.127095675598167,-0.45626319576493324,0
-0.5605016778429365,0.5679242641194551,0.5693561964423357,-1.6014324776621007,1,0,0,1,0,0,-0.36935237260751347,-0.32278731983525655,-0.20820817126385424,-0.4025038639706153,0.19994624541066464,0.06281747815965406,0.6177732378386647,0.7093596173569912,-0.33738970345057945,0.8030482962630942,1.3292496618334297,-0.2629530335264468,-1.0312259780895305,0.8681423189225231,-0.6387339635956981,-1.5104499657508819,1.4941908417449548,1.2302915527114426,0.0915777400728132,-0.44946226314143684,0.00840885057578242,-1.6134879996079352,-1.056633521101334,0.3967476213708656,-0.5269494172661594,0.44946226314143684,-0.09157774007281391,0.9672781456688292,-0.4846237089171882,0.4547197765604794,-0.44450777652248397,0.13730558544161034,1.9913348660436665,0.10608304780917345,0.06817301183707392,0.9459245538203791,0.22331042096616224,-1.3934507795363622,0.9083602497423721,0.15794641365697218,0.31305646532020776,0.8235122133073248,1.6038232358961542,1.461110804282131,0.7190446135538346,1
-0.27779879191332196,-0.7977673323680251,-0.8790386569529866,0.5985369837740325,1,0,0,1,0,0,0.1480240445619179,-0.5303728518088963,-0.2849672597681238,-0.3706781330291445,-0.3733829155023591,-0.12142591222268084,-0.8432173194556272,0.552087249316549,-0.7175457605470825,-0.16276529804836246,-0.4410402219429252,0.19957392800073742,1.037989598765387,-1.2570254893358048,-0.11485590778372262,-0.9765214927765639,-1.2844284726607773,-1.4374877924095957,-0.40749033797582196,0.6763389906671557,-0.08349084897628495,-0.8728172028758778,-4.008322735623763e-4,-1.053731869851666,-0.8300531560952773,-0.6763389906671557,0.40749033797582124,-1.2052179168904753,-0.18442671521636386,-0.23669853764102378,-0.6899972859210471,-1.1086788717467513,0.19555021907814235,0.9216751455883455,1.2862727349307197,-0.790386157798101,-0.05424950115312168,-0.7864379342253526,0.14201007127932075,0.11904759955750843,-0.3130987707090945,0.062155904904119784,0.12214944469431245,0.514734606344233,0.038603250264021984,0
-1.6656129592041589,-0.9008383962538722,-0.4445202009343899,0.5985369837740325,1,0,0,1,0,0,1.2080147529090457,-0.6652743739878442,0.44424408102243734,-0.5668403655593013,-0.3158344733666735,-0.0735762938466861,0.6728108749103859,-0.30522089854504875,0.3931480693424066,0.5979346568652687,0.5250454121529626,-0.23543896148666013,-0.5260966601093058,0.6269545931132294,0.3390814048030571,-0.2845975526973766,-0.2920242862779048,-0.8104070410959863,-1.0726104692356557,0.7426913412446393,-0.30911425733744113,0.7586095696658524,-0.8234396753068676,-1.0973374293286118,-1.473789493102997,-0.7426913412446393,1.072610469235655,0.8071261923391371,0.5660657690356972,0.6958064255912674,0.4276260068671489,0.2866530375018591,0.14829272836852378,0.2895912698094869,0.981747804157308,0.7598912632898273,-0.3595654154843339,0.5793409677244183,-0.2959043164138529,-0.6589286824317738,-1.0069464646875115,-0.15990635171348128,0.4514102871836102,0.9600881112561845,-0.45626319576493324,0
0.6988111776617119,-0.2566442469673251,-0.15484123025532542,-0.13478617003801185,1,0,0,1,0,0,-0.07911682151246661,-0.4600147303276346,-0.8478672421327675,3.9402617854064554,-2.706513476417644,-3.3989011746307694,-0.687033280907242,1.510829760441708,-0.17598913638983568,-1.118444219184087,-1.917267354605652,0.2702744487672815,1.9864728456464449,-0.5281317014859029,0.03557193395657343,-0.2705634545372048,-0.23785909360767243,-0.04339765866925812,-0.007768161614413057,0.3763264807979944,0.42763352800722926,-2.0380260779790165,-0.031307133653931556,1.2750889785402142,2.4501720939843072,-0.3763264807979944,0.007768161614412348,-0.7038726716844818,-0.3345252120667762,-1.1009714303929035,-1.051771299771562,-1.0745423112758372,-0.4660546508565234,-0.13859458152457876,-0.1532996650890431,-0.9144083514851348,0.3065783976019474,-1.9245870191834955,-0.2685346671830286,-0.24400799870415715,0.2622871218583729,1.2359135470257274,-2.018046031486126,-2.1573864231274804,0.6571863078002155,1
0.44180855408933456,1.0317440516057692,-0.15484123025532542,0.5985369837740325,1,0,0,1,0,0,-0.5081606796529707,-0.194863462596599,-0.4001058925245282,-0.3070266711462027,0.20291815636124805,0.08741307639030557,0.26778644154573394,0.1572482104667368,-0.01552695261639993,0.2656980301451214,0.16368249903187032,0.11968343489161473,0.34699433774507304,0.18744689832138128,-0.22142894479420533,0.6997801675233368,0.14835158812855426,0.06654048088602582,0.82857362277254,-0.6585353003337585,-0.18506883343081013,-0.43765075977535,0.7244374462014797,-0.21183800199776914,-0.1478314367182786,0.6585353003337585,-0.8285736227725408,0.4659329004628361,0.11577027848446049,1.091552434377654,1.338521291740765,1.349153482159058,-0.024984737566746233,1.6557080335896,1.2862727349307197,0.7598912632898273,-0.05424950115312168,-0.2553016945782196,0.5708012425622179,0.8840576101803024,0.7361343275021692,-0.28679906978068154,0.6983559190505837,0.4033962301162448,0.038603250264021984,0
-0.020796168340944693,-0.41125084279609675,-0.8790386569529866,-1.6014324776621007,1,0,0,1,0,0,0.07231042253712305,-0.5204878264768181,-0.6687627022894718,0.14142681030179596,-1.043884003946766,-0.5095891715718719,0.701828897725034,1.5052905843605364,0.4164704663260026,0.7727340971857307,0.5710724721648776,2.012229598796055,0.2551176848081394,-0.05984292625140143,1.007343617647879,1.9279441885638495,0.18558791840817798,0.4271419502199556,0.8164553486475558,1.934690701407091,-1.0357045134990168,-1.056923844986899,1.3680688999670678,-0.8598881096327881,-0.3254012046846279,-1.934690701407091,-0.8164553486475564,0.10385022336961848,1.2415090048625523,0.6912576208925736,1.674454304601957,1.690519086868198,-1.1591645145976028,0.2692014673650073,-0.09793149585751397,0.6978801664463103,-0.9424412519348303,-0.9381911455531051,0.2606118846128881,0.9488889670127426,0.49921072468027106,-0.6992004034990842,-1.277209135885205,-0.5986491559356475,0.34789477903211874,0
-1.7427137462758722,-0.5400896726534062,0.27967722576327125,-0.4281154315628296,1,0,0,1,0,0,-0.6722068607066928,0.1801860279440106,-0.31055362260288033,-0.36778488476173804,0.7761645723609044,0.42280759771737153,0.08673110467799089,0.289985790234317,0.4019841671343117,-0.5436473915270734,-0.32372066572853925,-0.3462917308239505,-0.051974622239031674,-0.05422307386998472,-0.9372058327697215,1.3650144109875078,-0.19294212402999103,0.5020255883075921,-0.20509389995854704,-0.26889098598050765,-0.17478076884382426,-1.3368868270467438,0.8221820185325726,0.5431144453237173,0.9109829956091695,0.26889098598050765,0.20509389995854635,0.1317027369921738,-0.7097714541928067,0.7822337148664557,1.4418852956980555,1.2808803612172301,-0.11949971898598452,-0.709509049969999,-0.7069813574043363,0.8839134569768611,-0.05424950115312168,-1.1658209625447336,0.5251851605108457,0.8970238815467907,1.0915197317350172,0.062155904904119784,-0.5363722402842841,-0.7099875321636356,0.6571863078002155,1
-1.922615582776536,-0.5916252045963298,-0.15484123025532542,-0.13478617003801185,1,0,0,1,0,0,0.059691485532990585,-0.5199063543984607,-0.5920036137852022,-0.09871279589293881,-0.8131851928515889,-0.32355701040912593,-0.7131314663281098,-0.7158159576997477,1.1941346648910738,-0.4060446351662662,0.026658024157627424,0.46264275831234497,0.3109084510919389,-0.27830121662595714,-0.12851461012091625,0.5376999212913878,0.002714774705273245,0.26564428105150034,-0.08286747959746427,0.7131765006161427,0.7135513669444655,0.853736751158648,-1.0920855253390562,0.5512320304207012,0.22469319997544573,-0.7131765006161427,0.08286747959746356,-0.2582324537235989,-0.10937746679115769,0.04532735367801011,0.31780175266252825,0.3079883877961804,-0.2140147004052217,-0.22015379130249568,-0.2086678343205727,0.015758101167622184,1.2502821328075124,1.5657368413548085,1.775065808718443,0.806259981981374,1.0069041592986248,2.2827784710801327,-0.12479618717266176,0.23638866577426285,2.079927340133461,1
-0.2006980048416086,-0.3339475448817109,-0.4445202009343899,-0.13478617003801185,0,1,0,1,0,0,-0.48292280564470574,-0.20649290416374969,-0.2721740783507456,-0.3724140819895883,0.31549308600900167,0.12900199703486176,0.43685815196005046,-1.1351330378381996,-0.6789173442730142,0.8816491524000638,1.1486858772519344,0.8827816314559548,-0.4357228960163429,-0.64332992245999,0.013212667415847701,0.47032952290626856,-1.0410330297297277,-0.28223656160249133,-0.8079054238520522,2.0052796195278315,-1.2502695730037403,1.5712418784428352,1.4007385656014026,-2.2233216576140253,-1.7688969679421844,-2.0052796195278324,0.8079054238520514,-0.5924626171942612,0.04072103005925432,0.09991301006234013,0.33072225315718967,-0.11871861809024475,0.16404522527173035,-0.30171300108041293,0.06817301183707392,0.139780294854656,-1.2477571662660425,1.0346006017076752,-0.8159276517994943,-0.0495139282068366,-0.9223308922511192,-1.6191726094862895,-0.7833178721512579,0.18071947766026855,-0.7036964187794109,0
-0.2006980048416086,-1.8284779712265005,-1.168717627632051,1.7718540298733036,1,0,0,1,0,0,-0.785777293743885,0.8256200349208735,-0.0035172685858019803,-0.49971700575547184,1.8439872176548244,1.0211514237648573,-2.647901965380418,-0.4584055163037031,1.412701672818214,-1.4011167812020187,0.024575796834929838,-1.1877597156117368,-0.6313024932513382,-0.3983957624963439,-0.3847562020626547,1.0224735413149402,0.0799245176362289,0.8450979180279191,0.21054164239835904,-1.8287752264186004,3.2838997882098884,0.24373564035417347,-0.9037232104795858,1.9720701624351564,0.7931238924824214,1.8287752264186004,-0.21054164239835974,-0.09111737198826762,0.04072103005925432,1.4463592008757944,1.8553413115272142,1.8099970485163963,0.7941451013999841,-0.30171300108041293,-0.4301405112466897,1.6900577159425842,2.16622987580115,-0.2553016945782196,-1.3359509871851372,-1.5147025926199844,-0.8207922053274488,-0.7626467625326843,-0.20711139779498602,-0.9326642846196119,-1.569712699330082,1
1.0072143259485644,0.28447883843337485,-0.4445202009343899,0.5985369837740325,1,0,0,1,0,0,-0.4703038686405733,-0.21347056910404008,0.07324181991846762,-0.5164978457064292,0.5963975414508548,0.2349866657742146,1.7099991180848746,2.10729690894649,-1.350327892054322,2.595446442121725,1.4588962616358878,0.19044363805208747,-1.9537090714478325,1.2066706621821728,1.8600069616242623,-0.45065562631956035,1.7164464028666608,0.4087192531444453,-0.2548898489945435,0.5125390571179019,-1.1721042918052367,-1.0290169982513142,1.3930780213021832,-1.8042818279384158,-1.497601791030869,-0.5125390571179019,0.25488984899454276,0.8837206048011639,1.391607501712964,-0.5915053041391644,-0.7158382869103699,-0.06751377738387422,-0.8126095827270634,-0.8726274695258333,-0.8730858650989243,-0.35630847989348147,-1.1644891896302574,-1.0899443568808573,-0.6334633235940058,0.11904759955750843,-0.6177148314801074,-1.5874494299694895,0.8629863402952329,1.2941032399401495,-0.76555472453303,0
0.15910566815972013,-0.35971531085317227,1.0038746524609323,0.5985369837740325,1,0,0,1,0,0,-0.5333985536612357,-0.1541604171115716,0.34189862968341117,-0.5506381752618252,0.887406956700477,0.3069846896857581,0.6541295275839977,-2.0674657036766075,1.224801086432272,-0.22067833130303394,0.1973189293915849,-0.6293822206629033,-0.09896193745989211,0.7136265716998746,-0.8141236528349851,0.3917966894314371,0.01389155945567788,0.17366751327746222,0.06934332478478145,-0.9271761482887021,-0.1965357693466791,2.0220903580757943,-1.2806262280822875,0.311896821173601,-0.08697174701729407,0.9271761482887021,-0.06934332478478215,1.3015083091394917,-0.3345252120667762,1.892142061347817,1.8553413115272142,1.7758604880454831,1.0776900456576979,1.0032343553662626,1.0648000580046022,2.00011320016017,-0.08200549336504998,2.1727496866658176,0.4978155112800227,-0.2829068128036209,-0.14386762583630988,1.267636726542527,0.9453015509175579,0.514734606344233,0.5953280020465953,0
0.6217103905899984,0.05256894469021735,0.27967722576327125,0.5985369837740325,1,0,0,0,1,0,-0.7226826087232228,0.4127748592870243,0.15000090842273722,-0.5269135394690924,1.418624986536513,0.7246626669117309,0.478728986441831,0.5078132746563976,0.1681033130189429,1.2390022273948798,1.412251099411998,0.07610322015490022,-1.637521140231204,0.6090212239223513,0.051297132402797145,0.7846454578780114,0.4379931612029686,0.8988145273728755,-0.3925077445122049,0.4930801176436292,-0.05715747813799288,-0.6456013150080661,0.5586901538566986,-1.2395055543261302,-0.958478149668952,-0.4930801176436292,0.39250774451220416,0.6330479821981672,0.11577027848446049,0.21818193222838655,0.6020527635450756,0.76883195415352,-0.05648973137315825,-0.8726274695258333,-0.8177176958673952,0.7598912632898273,-0.16527347000083534,-0.7105613285614767,-0.42362934615769415,-0.08841274230630035,-0.5669454880182719,-0.7626467625326843,0.4514102871836102,0.793080546914203,-0.45626319576493324,1
-1.0231064002732158,0.6709953280053031,1.0038746524609323,-0.8681093238500562,1,0,0,1,0,0,-0.4955417426488382,-0.2018411275368894,0.188380452674872,-0.5298067877364988,0.7199685198313944,0.25421595166363303,0.5130750937229454,-0.3637450381411033,1.8693167079406947,0.5819269547399462,1.0662337782092182,0.29615060464221404,-1.25478231926049,0.29048501109567404,-0.49724730540153106,1.2461404215609229,-0.012818401156680278,0.27752319939869774,0.3422533759207262,0.06447137185505257,-0.42319420704804134,0.001120045476040829,-1.3031676158907313,-0.7988562802200481,-1.11520874279505,-0.06447137185505188,-0.3422533759207269,0.24311279148239442,-0.4846237089171882,-0.07294156848803632,0.5762117625557528,0.5469443110925782,-0.9071245641463012,-0.30171300108041293,-0.4855086804782194,-0.17027518936292965,-0.5538573609678327,-0.2553016945782196,-0.7703115697481222,-1.2553771652902237,-1.430024326869473,-0.0012904541294803558,0.28677986593896093,0.3477270420022505,-1.3841377820692236,1
0.004904094016293398,-1.0554449920826439,-0.4445202009343899,-0.13478617003801185,1,0,0,1,0,0,-0.7731583567397526,0.7442139439508187,0.6361418022831113,-0.5957728482333657,2.0640741306306247,1.032778433837529,-0.36494689651526174,-0.24764997822202756,0.28444033070723446,0.12553452739514248,0.12209304490839584,0.7729482231985096,-0.23887386164363625,0.35243109734707556,-1.2980217523896125,0.8350010675366025,0.23904234289633464,0.6890373370548013,0.271474372857786,0.7849642097577141,0.8596125432971912,-0.9604223297285764,0.450256084794043,0.0674412476148566,0.5139839113927633,-0.7849642097577141,-0.2714743728577867,1.07868820015905,-0.7848207026180125,2.5744627661519326,2.7597763461535,2.765820741701989,1.424244977528238,0.18764225758709038,0.06817301183707392,2.744246362282375,0.7229182807808735,-0.9381911455531051,-0.1864257194905595,0.06718251409155555,0.09305597698558829,-0.09645999267988113,-0.7010026615289333,-0.4316415915936655,0.47161139053935697,1
-0.8175043014153137,0.3617821363477598,-0.15484123025532542,1.0385308760612593,0,1,0,1,0,0,0.4130217216486998,-0.561772344040203,-0.7583149722111197,0.5754140504127624,-1.6673135423219314,-0.8767343742512335,-2.966365561201687,-0.30876302127269434,0.16467640481653073,-2.4470719997138235,-1.9238960477073135,-0.7241337448576419,1.9999705406545598,-0.8637724548575457,-1.4264268501209212,0.007146739928057719,-1.4389758329263185,-1.0948552607783144,-0.18963998474047816,-0.799549433147316,3.26173226282183,-1.0051761683379234,-0.2179363776776876,1.8789725960058086,1.4322460208201404,0.799549433147316,0.18963998474047747,-0.8709877534198129,-1.3852146900196616,-0.3913578973966235,-0.3282232720705331,-0.8526546682148961,-0.2770246880180474,0.758556726032511,0.954063719541543,-0.5423417704240322,3.276469564278285,-0.8623145398892288,0.38833691435672935,0.20981149912292413,0.9730579303240674,0.506280418139323,-0.7833178721512579,-1.1553410370755877,0.5334696962929761,0
1.3927182613071303,-1.2873548858258006,-0.8790386569529866,-0.4281154315628296,1,0,0,1,0,0,0.2363566035908452,-0.5385134609059017,-0.4512786181940413,-0.2723076919373254,-0.6543810384670052,-0.20370936812158769,-0.057493507548760814,-0.7190966861224143,-0.1050431652718908,0.44098793389829283,0.17570116352392123,-1.4029249163209958,-0.8613105265210459,0.8428278845672237,-0.7576279356280992,-1.0541271356806172,0.8654383609104889,-0.14825117393165935,-1.6504213207283431,-0.27655448845948655,0.9220898133152319,0.22800773494258092,-0.915698585832057,0.2624076156649133,-0.37315853430970986,0.27655448845948655,1.6504213207283416,0.6609004958207222,-0.7848207026180125,-0.3367722410122935,-0.806281790372998,-0.4600842227993849,-0.024984737566746233,-1.1173050988595852,-0.5408768497097485,0.2638024885416898,1.2225261405955843,0.5793409677244183,1.0360852794862145,0.3394742127878045,0.43151826673115745,1.0455744699249259,1.0276167615398821,0.9600881112561845,0.8427612250610729,1
-0.3291993166277972,-0.35971531085317227,0.27967722576327125,-0.13478617003801185,1,0,0,1,0,0,-0.5586364276695006,-0.12217945280190722,-0.054689994255315046,-0.47194182238836996,0.6812683345016142,0.27076208138243496,1.01536719500753,-0.01424833364137865,-1.1742158046235158,1.2221772762479663,0.17587670910332853,-1.235514585577425,-0.5500546160827465,0.6618739389834657,-0.6249772978856895,-1.9813575627481126,1.2618686128471344,0.3571957227317831,-1.1128149709452282,-0.5814181964513455,-0.750556160226493,-0.6065322521819821,-0.3858809277842826,-0.39983533594836373,0.12008376517551161,0.5814181964513455,1.1128149709452275,0.744458036688388,-0.4846237089171882,0.4001341201761507,-0.7416792878996918,-0.2552648599739003,1.7077899217859516,-0.9541866793037505,-0.5962450189412776,0.6978801664463103,-0.7481493064513315,-0.6346847228976005,-0.2594114507727547,-0.41256952646850126,-0.5330992590437151,0.5380035976561225,-0.04248097655033679,-0.32030321536567735,-0.3944048900113141,0
-0.35489957898503444,-0.8235350983394863,-0.8790386569529866,-1.161438585374874,1,0,0,1,0,0,-0.7100636717190902,0.34299820988412016,-0.10586271992482811,-0.44300933971430556,1.1571106118031287,0.6061566027095009,0.0018216458839209763,0.8336301136635343,0.43414144093405466,-0.6833658938969289,-0.8727775603046053,0.26340518969173793,0.9299097058113962,-0.4639680638207806,0.7461914633440482,0.2317698587452003,-0.9832493385031673,-0.9631507078978354,-0.16027754582615011,0.5182145811312309,-0.4661244655461528,-0.39666526551750464,-0.3605795373422579,-0.05178997733328658,0.1943243693310889,-0.5182145811312309,0.16027754582614942,-0.11896988561082296,1.391607501712964,1.6828970452078873,1.5710903006446677,1.0077878774499178,0.6996301199807459,1.6557080335896,1.9506907657090713,1.3179911348814817,-0.4150773999081907,-0.3311783002420958,0.15113328768959466,-0.06248019957332482,-0.07617516788719629,0.664896315723324,-0.12479618717266176,0.1250502895462747,0.47161139053935697,1
1.0329145883058024,-0.23087648099586283,-1.168717627632051,-0.13478617003801185,1,0,0,0,1,0,0.36254597363216995,-0.5559576232566278,-0.6175899766199587,-0.05820732014924861,-1.0707561904610863,-0.38258644616268955,-0.24028225690359262,-0.34506456758261467,0.6448399212469113,-0.6256441246690179,-0.2964024538847548,-0.6748749324455199,-0.1074859332585459,-1.1497019822220265,-1.1516914236977034,0.398576694000927,-1.515698851612008,-1.3720001609334973,-1.530099152568539,0.5970847941440487,-0.8146503467678928,-0.6801272376931344,-0.48098663572866696,-0.6577361864439346,-0.9541534123419537,-0.5970847941440487,1.5300991525685383,-1.17736540326792,-1.2351161931692491,-0.8917264142529749,-0.5737127814690962,-1.091610591511294,-1.0961545269847772,-0.709509049969999,-0.04256332662598434,-1.1004416420156866,-0.7203933142394032,-0.5588081172337243,0.32447439948480933,0.015317428625603584,-0.24540631275998087,0.1890486229713212,0.5337254978059351,0.9600881112561845,0.40975308478573785,0
0.2619067175886707,2.165525754350092,0.5693561964423357,-0.4281154315628296,1,0,0,1,0,0,-0.44506599463230834,-0.2617327516077154,-0.3617263482723934,-0.34579619792944905,0.13982363450128532,0.06594782702537334,-0.23951782817195433,-0.5959175803346153,-0.08496711392535418,0.3527976107109037,0.9072239084949989,-0.10538436644882679,-0.8600939697770179,-1.314518263646466,-0.701374170100901,0.48927487989984747,-0.9642857847836764,-0.1520917456053078,-0.7279513648365089,0.5782415939310317,-0.9803957899557874,0.11529433392205259,0.6078269599609348,-1.4327760891114207,-1.3279235005370684,-0.5782415939310325,0.7279513648365081,-1.1495128896453646,-0.40957446049198204,1.0278691685959374,1.1576342848155081,0.6493539925053206,0.8886600828192224,-0.22015379130249568,0.12354118106860354,0.8839134569768611,-0.8869292675109735,0.19995793940503753,0.2788583174334372,0.5599008260181015,-0.093098282374475,-0.5723076854318833,0.4514102871836102,0.848749735028197,-0.023255055489598248,1
-1.2287084991311177,-0.7204640344536393,-0.4445202009343899,0.3052077222492148,1,0,0,1,0,0,-0.6091121756860305,0.03481800835462702,0.009275912831576286,-0.5055035022902847,0.863639856874863,0.4174412853761385,0.630899332198986,-0.4411744178105063,-1.8496051057295817,0.7477531381919791,0.4836252879566103,0.288524840099141,-1.0327662278355438,0.4111555936593522,-0.4424278482249781,-1.7607493499311881,0.3896644800108525,-0.23252852901872992,0.18032674558006626,0.21466759901173121,-0.46645905452943226,0.16231122781586332,0.7590888510093003,-0.6237816205460611,-0.8557554109396608,-0.21466759901173121,-0.18032674558006695,0.5494904413305014,-0.25947596364157,0.5729886987265271,-0.4961897785011287,-0.32353798091572933,1.6132749403667133,0.35076067714292497,0.2896456887631914,0.5118468759157585,-0.49834537654397587,0.04820472807728505,-0.2867811000035777,0.13201387092399572,-0.1269445113490324,-1.206771275767887,0.9453015509175579,1.1827648637121608,-0.332546584257695,0
-0.5605016778429365,-0.4885541407104817,0.5693561964423357,-0.4281154315628296,1,0,0,1,0,0,-0.36935237260751347,-0.32278731983525655,-0.6431763394547153,0.06620235534922844,-0.523245129115853,-0.2994086048735772,0.21391369762080592,0.3029970474196889,-0.9855795113221266,-0.0033132593008232455,-0.14988341468939506,-0.8056160303893664,0.22011328496239413,0.4697098565379887,-0.5433631819570254,-1.3873969029227664,1.3662639200876203,1.149708346735881,0.3210111268130686,-1.417139107414103,0.1718763504518413,-0.9602022640793824,-0.04687987830370894,1.359239915152898,1.3173222077963647,1.417139107414103,-0.32101112681306926,0.5494904413305014,-0.40957446049198204,0.381938901381374,-0.43158727602782254,0.10316902497069583,1.8023049032051899,0.10608304780917345,-0.04256332662598434,0.7598912632898273,0.0012624832707351544,-1.0140677512169813,-0.5513543759015367,-0.4903671546674297,0.04228663352375219,-0.09645999267988113,-0.28942660841731066,-0.8769950965056176,-0.5181215015185524,1
-0.7918040390580765,0.1298722426046032,0.5693561964423357,-0.4281154315628296,1,0,0,1,0,0,-0.2684008765744537,-0.3751198068874346,-0.5664172509504457,-0.12185878203219036,-0.45311471984441287,-0.19431832152442985,0.39200316273667885,-0.08900819141349917,-0.6575558166488761,-0.03254658760048105,-0.2991356319530551,-0.32567830543475873,0.017487199851880048,-0.008746788488552277,-0.7963042151496592,-0.02194806620804625,-0.8149016234911785,-0.5443446738617801,-0.3593320018427697,-0.08780526073650123,-0.5538296281978692,-0.6755535458787463,0.8768451397336187,-0.76407416033269,-0.14255565393695105,0.08780526073650123,0.359332001842769,0.02029268250195297,-0.7097714541928067,0.14540105704928116,0.11107374474794844,-0.22112829950298704,0.19555021907814235,0.18764225758709038,0.40038202722625016,0.07776919801113909,-0.47058938433204756,-0.5588081172337243,0.3062279666642602,0.7284623537824456,0.34690269429476517,-0.12818317219668063,0.6160407084282594,0.6260729825722207,0.5334696962929761,0
-0.8175043014153137,-0.9008383962538722,0.27967722576327125,0.5985369837740325,0,1,0,1,0,0,-0.4198281206240434,-0.27917691395844146,0.44424408102243734,-0.5668403655593013,0.7315429218820794,0.22335965570154298,0.007765271636246134,-0.19029306051837433,1.5619664566393232,-0.11507625443595196,0.513086686890325,0.5632554498838965,-0.22668531974464995,-0.2725156119033281,0.5489639241384167,1.4556732703607291,-0.8001024531413717,-0.34014815760566747,-0.06904425348519984,0.8366905045627424,-0.2830921876981662,0.8111232056393142,-0.6724492202944876,-0.6379073008199169,-0.9991262933080117,-0.8366905045627424,0.06904425348519913,-0.14682239923337803,0.7161642658861095,0.5365982611369737,1.2609982887727984,0.8200367948598906,-0.6865896075014126,0.6769975162545934,0.7879592118469556,0.6358690696027934,-0.3595654154843339,0.5793409677244183,-0.40538291333714505,-0.671894953798262,-0.8546384343020056,-0.2233527107470814,0.03983423407198747,0.514734606344233,-0.3944048900113141,1
-1.485711122703495,0.6967630939767645,-0.15484123025532542,-1.8947617391869185,0,1,0,1,0,0,-0.81101516775215,1.7879563246025927,-0.1826218084290977,-0.41118360877283466,2.1459695430254624,1.6928348518091947,-0.3856101715432369,-0.3483534348573788,1.175789739340274,0.17704325059256415,1.0516527641503433,0.7804435852555581,-0.45045711601544736,-1.1752576726134631,-1.1897694276045994,1.5788731012803865,0.09373034074337384,0.9850458024074557,0.8763442106275502,0.1952844489803987,-0.638103288513385,-0.7137588725538239,-0.02072876202222133,-0.14623260825785,-0.40549459666196275,-0.1952844489803987,-0.8763442106275509,-1.0938078624002545,-1.0850176963188372,0.1272058382545045,0.9379857764062678,0.9395147565080901,-0.49755964466293656,0.35076067714292497,-0.04256332662598434,0.5738579727592754,-0.5261013687559044,-0.5588081172337243,0.4613226456389258,0.37837302688726915,0.2961333508329291,0.030432725387320277,0.36909507656128593,0.514734606344233,0.40975308478573785,1
1.0329145883058024,0.6967630939767645,0.5693561964423357,-0.13478617003801185,1,0,0,1,0,0,-0.38197130961164594,-0.31115787826810587,-0.09306953850744984,-0.4551609824374126,0.3249648631982956,0.11245586731605983,0.27383622239530586,-0.16004222057610976,0.7281230454629534,-0.21017144397836868,-0.2886687267404558,0.3067195865158924,0.24865140269265407,-0.3408294451782883,-0.4124339204007073,0.7111250054531508,-0.3740220548740671,-0.24824426550251236,0.6359402782403267,-0.21238889143210804,-0.7213286989047171,-0.19350427719567032,-0.2807565455679378,-0.0869458054574969,0.13292127415455482,0.21238889143210804,-0.6359402782403275,-0.23037994010104354,-0.25947596364157,0.46381738595786837,0.7829397704703327,0.5810808715634928,-0.30852968182446,0.6769975162545934,0.40038202722625016,-0.046252995675895824,-0.9146852597229018,-0.6346847228976005,-1.481922449749529,-1.3720736075886157,-1.311562525458524,-0.6992004034990842,-0.4540570296619595,-0.5986491559356475,-1.3841377820692236,1
-0.9974061379159777,-0.41125084279609675,-0.8790386569529866,-1.6014324776621007,1,0,0,1,0,0,0.4256406586528323,-0.561772344040203,-0.6687627022894718,0.14142681030179596,-1.260130727364607,-0.5413398529241675,0.558684709635468,0.9663970693251991,-2.073546306979217,0.5113371279786152,-0.6917847869095015,0.6146833708968545,1.1134647680940644,-0.06069141766569554,0.22170443852238655,-1.3445311449289503,0.08363786247279051,-1.0545981170746306,-1.2737915754233924,2.1016857808501404,-0.8375068380682757,-1.1043116664927024,1.4834831312887817,-0.6078495984549471,-0.13025569664543596,-2.1016857808501404,1.2737915754233915,-0.17467491285593337,0.04072103005925432,-0.45504116317834126,-1.0388507992769007,-0.9550643496276378,-0.18250970659880966,-0.22015379130249568,0.4557501964577793,-0.29429738304996345,-0.8314172830871166,-1.0899443568808573,-0.2959043164138529,0.4821031978191731,0.19459466390925928,-1.1433249167342867,-1.5241547677521787,-0.8769950965056176,-0.08511336124321738,0
-1.922615582776536,-1.7511746733121147,-0.15484123025532542,0.3052077222492148,1,0,0,1,0,0,0.059691485532990585,-0.5199063543984607,-0.6943490651242283,0.18193228604548617,-1.12887719691699,-0.5404454675339619,-0.18392875613765475,0.4010141555010452,-0.6110931431104919,0.31669531321011907,0.05995503827395067,0.31004870650255917,0.30439966848619415,-0.39323385510949144,-0.17825461503059056,0.3637620262981967,0.06545662230453732,0.35000917838906315,-0.3224700655433951,0.7426913412446393,-0.13715722196045352,-0.7289760736572447,1.2009305537271275,-0.36292927047167745,0.2637713528260741,-0.7426913412446393,0.32247006554339436,-0.28608496734615396,-0.03432821836595151,0.4456221671630917,0.5762117625557528,0.5810808715634928,0.25856020669096863,-0.46483142063624716,-0.3747723420151606,0.5118468759157585,0.05677446769459199,-0.482931511569848,0.8444977348704508,1.4027084648398238,1.142289075196852,-0.0012904541294803558,-0.8656330827735822,-0.6543183440496418,0.904619530814692,0
0.15910566815972013,-0.3339475448817109,-0.15484123025532542,-0.13478617003801185,1,0,0,1,0,0,-0.7605394197356201,0.6860667361150653,-0.2721740783507456,-0.3724140819895883,1.3295328687750558,0.8154427840175901,0.8791188533858881,-1.4785836234326304,-1.34170415968425,2.324991070004323,1.9095176380030694,1.2028613342587295,-1.0017557228037126,0.06141601264278287,-0.6039807047196537,-0.5322760509816468,1.0612175764996663,1.109552615277284,-0.20509389995854704,1.843969028470223,-1.1610700095688977,1.4243478143503896,1.2992684349139005,-2.0886277566180955,-1.3992042779478298,-1.8439690284702237,0.20509389995854635,0.1317027369921738,-0.4846237089171882,0.3182556355996563,-0.018131260198663828,0.4103980692089227,1.0461850518512859,-0.709509049969999,-0.7069813574043363,0.6358690696027934,-1.1644891896302574,0.9587239960437993,-0.7246954876967501,-0.010615114107371936,-0.8377153198147269,-1.2702176348014877,-0.7833178721512579,0.06938110143228039,-0.5799798072721716,0
-0.2006980048416086,0.28447883843337485,-1.168717627632051,0.5985369837740325,1,0,0,1,0,0,-0.785777293743885,0.8256200349208735,0.07324181991846762,-0.5164978457064292,1.9004455572850165,1.034120011922837,0.34479093710488606,0.5037602988944991,-0.1397086389507945,0.9370382803553293,1.2151374869576788,-0.04003226072778274,-1.746446449291556,-0.5511379282890871,-0.22778972290406527,1.140031498264089,0.014956607168267974,0.6387992758344422,-0.2763926451691775,0.21952363131345246,-1.0301307152726962,-0.9196215635959027,1.3366081012496906,-1.251047548448886,-0.9560750849139797,-0.21952363131345246,0.2763926451691768,-0.23037994010104354,0.26586877533487285,1.619213779426171,2.087910320431116,1.9977481311064238,0.6051151385615076,-0.30171300108041293,-0.2086678343205727,1.814079909629618,-1.053465220782544,-1.0140677512169813,-0.7155722712864762,0.015317428625603584,-0.48232991558187904,-1.5240030709358887,0.6983559190505837,0.9044189231421907,-0.76555472453303,1
-1.0231064002732158,0.0010334127472937634,1.0038746524609323,-0.4281154315628296,1,0,0,1,0,0,-0.4955417426488382,-0.2018411275368894,-0.7966945164632545,0.7432224499223361,-1.121417885854741,-0.7296079775624272,-0.030670248115028765,0.7323060168280995,0.12315487225672642,-0.35283106708636425,-0.540493048195066,0.33261622340040153,0.6118040388182692,0.4561630921095896,-0.14546997154835042,0.9032289834575098,-0.1434339523540067,0.12164980399652096,0.4025854781078499,0.05436948222367098,0.4984405134307049,-1.1508416141118345,0.7393011852161133,0.33442535700505,0.8214347902116041,-0.05436948222367098,-0.40258547810785056,0.29881781872750485,-0.25947596364157,-0.3913578973966235,0.11107374474794844,0.0519641842643253,-0.844114576533476,-0.38327221085833024,-0.5962450189412776,-0.5423417704240322,1.194770148383656,-0.6346847228976005,2.395444524617104,2.5307740737242828,2.5638306921282434,1.5214221626769286,-0.20711139779498602,-0.2089648391376897,2.7603687034232727,0
0.2619067175886707,-1.132748289997029,0.5693561964423357,-0.4281154315628296,1,0,0,1,0,0,-0.44506599463230834,-0.2617327516077154,-0.34893316685501513,-0.3475321468898929,0.15648976917410476,0.06728940511068161,-0.4709159350329118,-0.09513134258252635,0.6457065987911155,0.420780389592608,0.41321761090365844,-0.22439197373741307,-0.4714963080870489,-1.151095363983651,-0.7723495367710959,0.5421781594073561,-0.7223345798292694,-0.10431127039595495,-0.02757457514840374,-0.2786957612109654,-0.4953408537213535,-0.6431520578000441,-0.3378657891045318,-1.2847017643609304,-0.6390427849062146,0.2786957612109654,0.027574575148402326,-1.0102503215325889,-0.5596729573423944,0.7003552302899613,0.8992242749222835,0.529876030857121,0.4475901695294441,0.35076067714292497,0.40038202722625016,0.44983577907224165,-0.6648813298155464,-0.8623145398892288,-1.0440080620563552,-1.0349505520599276,-1.396178097894916,-0.2233527107470814,0.03983423407198747,-0.09762646290970158,-1.5078543935764617,1
0.5960101282327613,-0.7204640344536393,-1.8929150543297122,0.3052077222492148,1,0,0,1,0,0,0.2742134146032426,-0.5402578771409743,0.009275912831576286,-0.5055035022902847,-0.1810229895479596,-0.024832290080485844,-0.4230909451210246,-0.09637521343209013,0.9103203121962494,-0.5195810810580564,0.42714483782141516,0.4248119306576545,-0.40580969311872767,-1.3509479815168728,-0.23495797703745186,2.094554386760633,-1.4910482610331435,-0.4398781112750818,0.39760879354609974,0.1850492459657866,-0.7615330470308022,-0.10309773852499186,0.8603867979561772,-0.776577412093681,-0.9847645693311895,-0.1850492459657866,-0.39760879354610046,-1.2609229441355856,-0.18442671521636386,0.1272058382545045,1.2093162867941527,0.4445346296798359,-0.9701345517591269,1.0847935651441794,0.954063719541543,0.07776919801113909,-0.7203933142394032,-0.1035484832504671,-0.013084607695344815,0.4302381123532211,0.0761328624983096,-1.1433249167342867,1.1099319721622063,1.3497724280541432,-0.1469716669968365,1
-1.7427137462758722,-0.3339475448817109,0.27967722576327125,-0.13478617003801185,1,0,0,1,0,0,-0.6722068607066928,0.1801860279440106,-0.2721740783507456,-0.3724140819895883,0.8205596269779227,0.4263851392781936,0.5209721120504901,-0.4861068568117052,-0.09959718473203731,0.9643701520435253,0.4143718507233785,0.31131964701511516,-0.31111945767002136,-0.2205319751719487,-0.5553368191776381,1.0541954010106562,-0.16658286005558073,0.23449085970868291,-0.9813771768947055,1.3979208031972914,-0.9447773548163579,0.11087268198267483,1.195517399852941,-1.4679825719192285,-0.309769015638586,-1.3979208031972914,0.9813771768947048,-0.11896988561082296,-0.40957446049198204,0.427426948368315,0.9379857764062678,0.8200367948598906,-0.34003467563087314,-1.0357458890816678,-0.762349526635866,0.5118468759157585,-1.0812212129944723,-0.4070549059059717,-1.481922449749529,-0.7626588533636787,-1.2269469530221315,-1.206771275767887,-1.4418395571298541,-1.0996718489615938,-1.3222794763156045,1
-0.2006980048416086,-1.7254069073406524,-1.168717627632051,0.5985369837740325,1,0,0,1,0,0,-0.785777293743885,0.8256200349208735,-0.68155588370685,0.17325254124326683,0.8133652694943978,0.5010663193603535,-0.9787531657243195,0.5169683801548709,2.14374846952372,-1.4052913406294991,-0.6959970237195399,-0.5858495408992577,0.6920963131170933,-0.63822176328654745,-0.11748117552788129,1.2403568149005588,-0.10869594185558697,0.4941896945884457,-0.1984048918790851,-0.6022533438160685,0.7232764364951679,-0.8272453884122883,-1.6841369944179263,1.7906769040554487,1.3873102685075156,0.6022533438160685,0.1984048918790844,-0.3974950218363748,0.26586877533487285,1.2189189659410893,1.7778183085592476,1.6393142461618264,0.19555021907814235,-0.22015379130249568,-0.1532996650890431,1.4420133285685155,0.41760236644966076,-0.9381911455531051,-0.7246954876967501,-1.3980061503215924,-0.7530997473783346,1.0455744699249259,-1.4418395571298541,-1.7677021063295222,-0.45626319576493324,0
0.6217103905899984,0.0010334127472937634,0.27967722576327125,-0.4281154315628296,1,0,0,1,0,0,-0.7226826087232228,0.4127748592870243,-0.7966945164632545,0.7432224499223361,-0.398226511328222,-0.2569252988388155,-0.007193152711088883,0.9506696374752002,-0.25262358082473146,-0.004681633016272723,-0.240507689095396,0.47814857429539925,0.4219578305620078,0.5043539611712992,0.07736839850302546,0.3281778235516314,0.39799976266224374,0.6732110593529599,0.12891477706591967,0.5242815205937548,0.5139467893264289,-1.2273179490715926,0.6751319612482023,0.40097433590736714,0.969931344477666,-0.5242815205937548,-0.12891477706592036,0.29881781872750485,-0.10937746679115769,-0.5278220383574467,-0.28946177058654887,-0.11871861809024475,-0.34003467563087314,-0.7910682597479163,-0.9284540343304539,-0.17027518936292965,1.1115021717478706,-0.7864379342253526,2.0670087338472247,2.1936510181955944,2.276137745844509,1.489698983160128,-0.7833178721512579,-0.6543183440496418,2.451077174655176,1
0.3647077670176212,-0.35971531085317227,1.0038746524609323,-0.8681093238500562,1,0,0,1,0,0,-0.7353015457273552,0.5755870412271339,-0.7327286093763631,0.343954189020247,0.13559032629477505,0.1768516154108565,2.3299123277901126,-1.0319410172872236,-0.18032782807290715,1.5183730542267615,1.2991646828101486,0.03641171614774838,-1.8792818762021997,2.854724708392983,-1.218346530878616,-0.18860058253308426,1.7615198306621445,1.4490355114963014,0.6912331826893887,-0.6358954166251617,-0.3873925157157343,0.19585862261426584,0.056988785118757206,-0.30453112843328245,-0.27427657039854636,0.6358954166251617,-0.6912331826893894,2.8333965583800262,-1.0850176963188372,0.28186519801010423,0.13691474573727128,0.8541733553308051,0.4790951633358572,-1.0357458890816678,-1.3713993881826885,0.44983577907224165,0.11228645211844858,1.0346006017076752,2.4228141738479283,2.0899208472636905,1.8022905402007128,1.5848685217105287,2.4269753421193996,2.1848102497640536,1.9562107286262216,1
0.5960101282327613,0.2587110724619126,-1.8929150543297122,0.5985369837740325,1,0,0,1,0,0,0.2742134146032426,-0.5402578771409743,-0.46407179961141953,-0.2578414506002932,-0.6981131918632473,-0.21623076358446483,-0.14625836141628257,0.37669782614960856,1.2521374420372073,-0.7131743482911579,-0.4593969610530792,-0.07418752521247263,0.538185121133751,-1.3604672545373915,-0.15824259472983238,2.022403323391009,-1.3937736638220657,-0.47210262387521584,0.3871222082195544,-0.4851260289008703,-1.1559870389644502,-0.6755535458787463,0.320606470057507,-0.4185895722000974,0.13632222388407741,0.4851260289008703,-0.3871222082195551,-1.2887754577581405,-0.18442671521636386,-0.10933200607758836,0.9379857764062678,0.2567835470898098,-1.1591645145976028,0.9216751455883455,0.7879592118469556,-0.17027518936292965,-1.053465220782544,-0.5588081172337243,0.3062279666642602,0.4302381123532211,0.22844089288381547,0.37938770007212164,0.4514102871836102,0.23638866577426285,0.10046155601764112,0
-1.485711122703495,0.1298722426046032,-0.15484123025532542,-0.4281154315628296,0,1,0,1,0,0,-0.81101516775215,1.7879563246025927,-0.5664172509504457,-0.12185878203219036,1.5964412875865512,1.4692385042578173,-0.10234851235596966,0.022098251764890407,0.19675331116732103,0.6753230738751627,0.653293767792628,0.3523680501246717,-0.2765646600416661,-0.9422648626402804,-0.7146479402410431,1.2925695304455758,0.24416801888204478,1.0280832770731048,0.8763442106275502,-0.38855952469070976,-0.7991818505119406,-0.7462491623400562,1.029939355526826,-0.6702050767137403,0.15440932606553556,0.38855952469070976,-0.8763442106275509,-0.8709877534198129,-0.6347222057676005,0.13630344765189217,0.795860270964994,0.8712416355662611,-0.30852968182446,0.35076067714292497,-0.04256332662598434,0.5738579727592754,-0.6648813298155464,-0.5588081172337243,0.5981708917930423,1.078551680677623,0.7022880985276131,0.15732544345452057,0.6160407084282594,0.45906541823023866,0.7809029193074537,1
-1.7427137462758722,-0.41125084279609675,0.27967722576327125,-1.6014324776621007,1,0,0,1,0,0,-0.6722068607066928,0.1801860279440106,-0.6687627022894718,0.14142681030179596,0.08290004021266031,0.029278026026947467,0.17569568327264834,0.14655132850448982,-0.21435162587074424,0.5927749663957665,0.42732231458543884,0.6082960801158006,-0.2858874647768601,-0.3390338275475406,-0.4128092478481427,0.8586975129372824,-0.15380410943720776,0.165738481572805,-0.33645217931212407,1.163332477313009,-0.5830677302695267,-0.6146895399215297,1.1559340414167991,-0.9533102590635716,-0.3937285686058183,-1.163332477313009,0.33645217931212335,-0.3417899945912644,-0.40957446049198204,-0.082039177885424,0.369483754641173,0.2909201075607231,-0.5605696322757617,-0.709509049969999,-0.6516131881728072,-0.17027518936292965,-0.8036612908751883,-0.9381911455531051,-1.4363063676981567,-0.7367263106307022,-1.0238695791747903,-1.5557262504526888,-1.1948939252628807,-0.8769950965056176,-1.4459960878228426,1
0.6217103905899984,-1.7254069073406524,0.27967722576327125,0.5985369837740325,1,0,0,1,0,0,-0.7226826087232228,0.4127748592870243,-0.68155588370685,0.17325254124326683,0.27954843187139944,0.18355950583739783,-0.29437489281575735,0.771539090214795,1.3570242540779214,-0.8236726178061642,-0.223915183564839,0.03449798686532421,0.533482353547562,0.306873459224576,0.31611306344085327,-0.02435938242142827,0.39488747643986405,0.7808978717057576,0.05712944868845589,-0.009609152108407288,0.7159597990172575,-0.7422864869963032,-1.879576446029785,1.5042922297238435,1.0534954873791598,0.009609152108406583,-0.057129448688456604,-0.03541234474315745,-0.10937746679115769,-1.0918738209955157,-0.9354867953196102,-0.7502449868021539,-0.37153966943728567,-1.1173050988595852,-1.2606630497196296,-0.728375060954584,0.41760236644966076,-0.8623145398892288,-0.7064490548762022,-1.4758037785205207,-0.9223308922511192,1.109020828958526,-1.6887851889968277,-1.8790404825575102,-0.6418381130257917,0
0.2619067175886707,-1.4934970135974959,0.5693561964423357,-0.13478617003801185,1,0,0,0,1,0,-0.44506599463230834,-0.2617327516077154,-0.8350740607153893,1.781898577921249,-1.8155323563488843,-1.5783797128674553,-0.11966879712089035,0.05371000924291991,-0.8499668102035954,-0.6151731064816307,-0.8338632281320318,-0.53007389146464,0.36662428983436585,-1.1209159373144266,-0.7828457471149103,0.3600106615947203,-0.5455888146022827,-0.0573883116496955,0.4700615648931452,-1.1891589033857164,-0.9536036217568419,-0.8579563573689538,1.5237090992118567,0.2900626499719195,1.0280345192304094,1.1891589033857164,-0.4700615648931459,-1.0102503215325889,-0.6347222057676005,0.41832933897092733,0.5503707615664309,0.2909201075607231,0.3215701943037938,0.5954383064766764,0.40038202722625016,0.139780294854656,-0.8869292675109735,-0.7864379342253526,0.07814755640739948,0.858125067447326,0.9392117013495113,-0.5723076854318833,0.6160407084282594,0.06938110143228039,0.47161139053935697,0
-1.7170134839186342,-1.7511746733121147,0.5693561964423357,0.3052077222492148,1,0,0,1,0,0,-0.6595879237025604,0.17146394676864757,-0.6943490651242283,0.18193228604548617,-0.06008356162203611,-0.008733353056786679,0.7178669989373426,-0.39941972708902734,-1.9146119693733141,0.6730292916633326,0.22021886442100636,0.1562534545687036,-0.6726577699525245,0.663201879725911,-0.8383902696218353,-1.6254705336165225,1.1350797351083088,0.9215806128413623,0.46109514795545875,-0.2441974779926877,-0.33554803288995133,-0.29166485700871336,0.9838975755100343,0.21630648234517866,0.613448788149193,0.2441974779926877,-0.4610951479554595,0.38237535959517033,-0.9349191994684248,-0.6915790075104341,-1.3489428111487698,-0.9209277891567239,0.9831750642384596,-1.5251011477491712,-1.814344742034923,-0.728375060954584,-0.4150773999081907,-0.4070549059059717,-0.4509989953885172,0.09311505682453199,0.17767154942198057,-0.7626467625326843,-0.7010026615289333,-0.8769950965056176,-0.3944048900113141,0
-1.485711122703495,-1.7511746733121147,-0.15484123025532542,0.3052077222492148,0,1,0,1,0,0,-0.81101516775215,1.7879563246025927,-0.6943490651242283,0.18193228604548617,1.2208646399555152,1.2344623393288712,-0.5237807396904114,-0.09092528374543081,0.18400992282671377,-0.18016071166482203,-0.04026694097322948,0.543520478659175,0.49295683250672445,-0.9641117893229191,-0.4607191182107082,1.5631926032135741,0.31459003031012406,0.9312014705103586,0.9345219622652575,-0.18555039652161812,-0.23499927133232298,-0.33674049327959776,1.3193100836366662,0.5553275873944484,0.9614859876711273,0.18555039652161812,-0.9345219622652582,-0.8988402670423681,-0.40957446049198204,0.08171779126756346,0.8863037744276221,0.9907195972144606,-0.7495995951142377,0.4323198869208419,0.012804842605544792,0.5118468759157585,-0.47058938433204756,-0.6346847228976005,-1.1078705769282764,-0.3607044410025493,-0.1269445113490324,-1.397110352868688,-1.0302635040182315,-1.211010225189582,-0.8892713360402683,1
1.5469198354505571,0.7225308599482267,-0.15484123025532542,-0.13478617003801185,1,0,0,1,0,0,-0.24316300256618875,-0.38093452767100994,-0.15703544559434116,-0.43317229560512366,0.09217170274546603,0.0417994214898246,0.64272696546982655,-0.22493989299650408,0.6545312333597292,0.06742374698185268,0.7135968520649726,0.5043518153713556,-0.543536225611575,0.2784811900176857,-0.3408204769215065,0.5385522410769282,-0.003641329440536742,1.025538177897066,0.6912331826893887,0.002319067851812721,-0.6154723673729933,-0.03268940952786067,-0.35357305842668424,-0.09469581229637845,0.0735275691277085,-0.002319067851812721,-0.6912331826893894,-0.06326485836571254,-0.6347222057676005,-1.110069039790291,-0.7029177864157086,-0.6649035856248688,-0.37153966943728567,-0.5463906304141645,-0.8730858650989243,-0.790386157798101,-0.859173275299045,-0.5588081172337243,-1.6187706959036452,-1.5147025926199844,-1.4469474413567518,-0.794369942049485,-0.5363722402842841,-0.5986491559356475,-1.5078543935764617,0
0.33900750466038404,-0.8235350983394863,-0.15484123025532542,-0.13478617003801185,1,0,0,0,1,0,0.08492935954125552,-0.5146731056932429,0.35469181110078946,-0.5483235766479001,0.1621017141388155,0.0279364479416392,-0.034323704503139756,0.5483945462236715,-0.20832640206273584,0.3695882698272097,-0.4669418802387767,-0.14423627030561068,0.41149342060124705,-0.8969082903831195,-0.8942594219227653,-0.20020701521489873,-0.7153998617400067,-1.3918944913869606,0.09517567272851181,-0.29111514316954507,-0.8484522491595607,-1.6485381826666303,0.08360042819551111,-1.2086681654485336,-0.7518667473193469,0.29111514316954507,-0.09517567272851252,-0.8152827261747027,-0.7848207026180125,0.22727954162577424,0.08523274375862654,-0.20406001926752979,-0.49755964466293656,1.5741488238116832,1.6738499195514247,-0.23228628620644656,-0.8036612908751883,-1.5452039908641146,-0.031331040515893936,0.015317428625603584,-0.4654068010946016,0.062155904904119784,1.1922471827845313,1.127095675598167,-0.2706882785040748,0
-0.2006980048416086,0.5421564981479937,-1.168717627632051,-0.8681093238500562,1,0,0,1,0,0,-0.29363875058271866,-0.373375390652362,0.8024531607090287,-0.6113963888773605,0.7169746447107963,0.18534827661780884,0.7510604771722217,0.11456970737491522,-1.0359228056822474,1.4640614303485766,2.017041843327795,1.8716109495968902,-1.5480454372977175,0.2838374760291044,0.2974352252594758,-1.6555220363677974,0.8354644112369514,0.4894013445976545,0.9277639406103714,1.6325091290815739,-0.7607608146538303,0.14071356033349214,-0.24749880962604115,-1.1494203302465662,-2.144448024139577,-1.6325091290815739,-0.927763940610372,0.0759977097470634,0.04072103005925432,-0.6369933511261053,-1.3231018101594472,-0.9892009100985523,0.8571550890128092,-0.46483142063624716,-0.8730858650989243,-0.8523972546416179,-0.8869292675109735,-0.2553016945782196,-1.1078705769282764,-1.047916823426415,-1.3623318689203594,-1.6826189685198898,-0.28942660841731066,0.6260729825722207,-1.3222794763156045,0
-0.2263982671988458,-0.1535731830814779,-1.8929150543297122,-0.13478617003801185,1,0,0,1,0,0,0.16064298156605036,-0.5292099076521812,0.2651395411791416,-0.5390651821921995,0.059720862865057026,0.0096015474424262625,-0.3400782536296984,0.7765129992459158,0.02496545715598886,0.5471214115312153,0.3175642800545635,0.7356068809162211,-0.02506880493586119,-1.0220021129398418,0.8487055162990185,-0.6943516508946774,-0.4767537725119807,-1.1085160852441598,-0.3979084468072301,1.3979208031972914,-0.5482853792712314,-0.2155739056557326,-0.731885062411215,-1.2118666094485608,-1.49509931917974,-1.3979208031972914,0.39790844680722937,-0.9823978079100336,0.7161642658861095,-0.1548200530645294,-0.4832692780064673,-0.6307670251539549,-0.2140147004052217,0.5954383064766764,0.8986955503100138,-0.35630847989348147,-0.7759052986632599,-0.6346847228976005,-1.4271831512878814,-1.5147025926199844,-1.785409731102321,-0.9847090191502859,-0.4540570296619595,0.23638866577426285,-1.4459960878228426,0
-0.4577006284139859,-0.3339475448817109,1.4383931084795292,-0.13478617003801185,1,0,0,1,0,0,0.2868323516073751,-0.5449096537678346,-0.34893316685501513,-0.35216134411774325,-0.5377616854340396,-0.14691589584353787,1.58959426168303,-0.49979991612553676,-1.5783402430977824,1.1905981266526464,0.4014185034715631,0.6632687919201028,-0.26333059497030925,1.1766101002029026,-0.6137559706503635,-1.0914800972455168,-0.10653049421001339,-0.19169108314483788,-0.6135009981005504,1.5130823449950297,-1.0347145673361757,0.07114381211592209,1.0608117512333635,-1.7140550726021495,-0.709012747420546,-1.5130823449950297,0.6135009981005497,0.9951306592913848,-0.6347222057676005,-0.24579614703841146,-0.7545997883943533,-0.7502449868021539,0.6681251261743327,-0.6279498401920818,-0.4301405112466897,-0.046252995675895824,-1.1644891896302574,-0.482931511569848,-1.6187706959036452,-0.944186652494511,-1.4638705558440304,-1.3653871733518879,-1.277209135885205,-0.8213259083916238,-1.569712699330082,1
0.6988111776617119,-0.05050211919562982,-1.8929150543297122,-1.6014324776621007,1,0,0,1,0,0,-0.19268725454965888,-0.415822852372462,0.13720772700535894,-0.5193910939738356,0.26839092480453836,0.08159957135396977,0.04156775938346918,-0.8611070540038774,0.07124547858495157,0.8266695163745825,1.2191432827816753,1.2638754396149081,-0.36977901669275937,-0.45404008131704054,-0.608684681173583,-0.3912824130594398,-0.0695513488334007,-0.4999368878021944,-0.09720267704722074,1.8201797897890004,-0.5114724807550669,0.5721295042147159,-0.4905960459559637,-1.1857431112823937,-2.073037042453934,-1.8201797897890004,0.09720267704722003,-0.4253475354589299,-0.5596729573423944,0.03622974428062242,-0.173177266134598,-0.18699173903207253,-0.05648973137315825,0.5138790966987595,0.6218547041523672,-0.046252995675895824,-0.49834537654397587,0.5034643620605421,-0.06782390615699217,-0.30883935553659736,-0.7361766328910565,-0.794369942049485,-0.04248097655033679,1.127095675598167,-0.023255055489598248,1
-0.5348014154856993,1.572867137006469,-0.4445202009343899,-0.4281154315628296,1,0,0,1,0,0,-0.3062576875868511,-0.36349036532028395,0.08603500133584588,-0.5124472981320601,0.3615452268565282,0.11648060157198462,0.39291923117106176,-0.6344554694054232,0.6183313280807565,1.2201754296994018,0.9330654484123161,-0.218691618940036,-1.4605498994815709,-0.13417944286439248,-1.3772285063068925,0.7676254093402604,0.5267149860648908,0.6139497459007125,-0.07652239220166908,-0.2223753081429896,-0.6804342739799116,-0.5088672412700492,-0.07389013283380387,-1.1260967224413942,-0.6136283494664921,0.2223753081429896,0.07652239220166766,-0.06326485836571254,-1.2351161931692491,0.30006041680488094,0.6666552660183818,0.8712416355662611,-0.34003467563087314,-0.46483142063624716,-0.4855086804782194,0.5118468759157585,-0.6926373220274746,-0.5588081172337243,-0.3050275328241268,-0.2958730841701091,-0.7023304039164997,0.062155904904119784,0.9453015509175579,0.9044189231421907,-0.5181215015185524,0
-1.922615582776536,0.8771374557769975,-0.15484123025532542,0.3052077222492148,1,0,0,1,0,0,0.021834674520593164,-0.5030436641260921,-0.3361399854376369,-0.3567905413455935,-0.34434585031512466,-0.11114048023531749,-0.3024951821115007,0.8524122665212146,0.8002776998537866,-1.003897537532552,-0.41747637368885965,-0.409580137656265,-0.059544893090389586,-0.5945096735275961,-0.22257198374968792,0.034979050473548996,-0.7168043934109828,-0.38140025338875416,-0.31054414497595056,-0.2506245554141756,-0.1734001466197371,-1.3929303143539011,-1.058855852802621,0.6454298408169414,0.17037661820545974,0.2506245554141756,0.3105441449759499,-0.5924626171942612,-0.25947596364157,-0.16391766246191838,-0.12149526415595328,-0.3918111018575571,0.006520256239666901,-0.22015379130249568,-0.09793149585751397,-0.29429738304996345,-0.19302946221276363,-1.317574173872486,-0.0951935553878152,-0.62002986833231,-0.3469449996836519,0.6014499566897238,0.28677986593896093,0.18071947766026855,0.10046155601764112,1
1.9838242955235992,0.43908543426214564,-1.168717627632051,-2.334755631474145,1,0,0,1,0,0,-0.1295925695289965,-0.4448964562903387,0.7896599792916505,-0.6113963888773605,0.5380064502034796,0.13034357512017,0.9764989146351547,-1.142488443948257,-1.9129074330469757,1.1319466795723792,1.2525448406093762,0.18027155860929672,-0.6772586245259987,-0.20298198407469692,-0.7957847289248967,-1.6206072153837972,-0.17392623425533232,-0.270325051579398,-1.0827475017179835,1.3197246945691967,-1.5606627182430663,0.7709015719572211,0.9864545830568914,-1.701649213628013,-1.8922894357495563,-1.3197246945691967,1.0827475017179828,-0.3139374809687093,-0.8598699510432187,-0.5187244289600577,-1.2197378062021575,-1.2110885531594928,0.8571550890128092,-0.38327221085833024,0.12354118106860354,-0.4183195767369984,-1.497561096173398,0.4275877563966659,-0.6790794056453779,-0.11434528503927678,-0.7700228618656133,-1.7460653275534903,-0.12479618717266176,0.6260729825722207,-0.9511296417938885,1
-0.25209852955608386,-0.35971531085317227,-0.4445202009343899,0.5985369837740325,1,0,0,1,0,0,-0.1800683175455264,-0.4175672686075346,0.43145089960505906,-0.5593179200640446,0.42571495528882536,0.11111428923075156,-1.0527842334999093,-1.9509820959154403,1.6873919718174426,-2.2497827757447655,-1.7868571726847282,-0.7675767206662641,1.6763201833435537,-1.5505960598162027,-0.5281526042823131,0.6774354256227076,-2.5986089160748547,-2.597676114997643,-0.8684646863737263,-0.18555039652161812,-0.08541520856088342,2.1486924695067917,-1.625964082312688,0.46257526769482765,-0.21312329212037762,0.18555039652161812,0.8684646863737256,-1.4558905394934718,-0.4846237089171882,0.03622974428062242,0.3824042551358344,-0.7331767065666972,-1.0646495331783645,1.0032343553662626,1.7292180887829538,-0.6043528672675491,-0.08200549336504998,2.020996475338066,0.03253147435602734,-0.8145239388296306,-0.6007917169928287,0.9821281108913258,0.2044646553166367,0.1250502895462747,0.2860364732784985,1
1.3927182613071303,0.5163887321765315,-0.8790386569529866,-1.6014324776621007,1,0,0,1,0,0,0.11016723354952047,-0.5181619381633881,0.34189862968341117,-0.5483235766479001,0.1373433956596345,0.025253291771022673,1.384415483092319,-1.3514986746640498,-0.6280477360522686,2.377024240985207,1.531533788011632,-0.11465260764855548,-2.076861659541723,0.7965372225218588,-0.7046764917717088,-1.159102745819847,1.0460788348291081,-0.25540353136979194,-1.2379708116036303,1.071431896038753,-1.1291728222173152,1.149044904909894,-0.3062241811991228,-2.1739325308100796,-2.240420770878949,-1.071431896038753,1.2379708116036297,0.6609004958207222,-0.7097714541928067,-0.2185033188462471,-0.7675202888890147,-0.3576745413866426,-0.05648973137315825,-0.7910682597479163,-0.319404172783631,0.2638024885416898,-1.1367331974183288,0.7310941790521709,-0.7155722712864762,-0.7496925819971905,-1.4638705558440304,-0.826093121566285,0.6983559190505837,1.5167799923961247,-1.0129879475475077,1
-0.4577006284139859,-0.35971531085317227,1.0038746524609323,-0.13478617003801185,1,0,0,1,0,0,-0.21792512855792381,-0.407100771197099,-0.08027635709007157,-0.47194182238836996,0.1328979824293797,0.0516376607820852,0.25841263827879535,-1.0040355604913225,0.9652362811501979,-0.9256991628845637,-0.9956710730366207,-1.2097900480534347,0.6677904601616166,-0.5382665137784313,-1.6753174353357991,0.7927549610534658,-1.3503628326684207,-1.425679806150836,-0.8293216896597884,-0.827498180191446,-0.8971586223542872,-0.30022591306359087,-0.5228680490774081,-0.08843682157237633,-0.09747768574875422,0.827498180191446,0.8293216896597884,-0.5924626171942612,-1.6103624352952797,-0.44594355378095224,0.007709740790658993,-0.5283573437412127,-1.2851844898232538,0.2692014673650073,0.7879592118469556,-0.728375060954584,-0.8314172830871166,-0.2553016945782196,0.0963939892279486,-0.1921429132382052,-0.21156008378542468,0.506280418139323,0.6160407084282594,0.23638866577426285,-0.2706882785040748,0
-0.9203053508442651,-1.6996391413691911,-0.15484123025532542,0.5985369837740325,1,0,0,1,0,0,-0.15483044353726144,-0.4309411264097579,0.9175917934654332,-0.6223907322935051,0.6110944185606244,0.14957286100958847,-0.48545153672038605,1.5674328343959338,1.6978435574755963,-0.7834823210285135,-0.9517012392931448,-2.8380106613362748,-2.5828706980360354,-0.8953082357621818,-0.47632227105817454,1.8263049522143904,-1.9179059671142333,-1.4609092316617909,-1.14725589024189,-2.732873630852038,-0.21954926106805045,-2.6285199506224295,-0.485748672367704,-0.8433286568247956,-0.18903530024045775,2.732873630852038,1.1472558902418892,-0.7874302125521474,-0.3345252120667762,0.41832933897092733,1.3514417922354265,0.3591932285025509,-1.222174502210428,0.2692014673650073,1.009431888773073,0.2638024885416898,-0.3318094232724056,-2.4557232588306284,-0.5331079430809875,-0.6848612251647502,-0.939254006738398,0.41111087958892223,4.320225186432864,2.5188253784480175,-1.6934293108373202,1
-1.305809286202831,-1.5450325455404195,-0.4445202009343899,1.0385308760612593,1,0,0,1,0,0,0.5896868397065544,-0.5914274200364373,-0.2721740783507456,-0.3764646295639574,-0.6029242164596048,-0.16390921825744253,-1.4886500829749152,-0.6196563031569493,-0.10015491698350255,-1.277308168497199,-1.0534850905670503,-0.7308994801297451,0.028338080549204243,-1.017136394600394,-1.558963188490563,-0.24712977435347722,-1.8721182735093784,-1.1095923507058738,-0.8569681418843186,-0.14692914774798616,1.0536934772054485,-0.7112373764839395,-0.1114264633946329,-0.13079950269214988,0.2862812473488847,0.14692914774798616,0.8569681418843179,-1.17736540326792,-1.685411683720486,-1.7832921351970188,-1.6073528210419945,-2.0815708451678003,-0.8756195703398886,-1.0357458890816678,-0.8177176958673952,-1.720552610450858,1.5000860627148682,-0.3311783002420958,1.4010139358971918,1.1174504947770867,0.9899810448113461,1.5531453421937294,0.6983559190505837,0.6817421706862145,1.3994859768436472,1
1.2128164248064663,0.15564000857606544,-0.8790386569529866,-0.4281154315628296,1,0,0,1,0,0,-0.23054406556205628,-0.3954713296299483,-0.06748317567269331,-0.47367777134881384,0.15717511765605544,0.06192309276944856,-0.5608854599995379,-0.24713567875651044,0.43077723649194605,1.364482453424528,2.448145571627033,0.5901462200782112,-2.85417692706248,-0.8750434078577015,-1.4914806811269627,1.304768763049548,-0.9428002275173056,-0.16414244794497487,-1.089198340570375,1.8851427108031094,-0.09440817721412385,-1.154931129803284,0.7222798620376415,-2.7781923323563706,-3.3429622960897514,-1.8851427108031087,1.089198340570374,-0.8988402670423681,-1.4602639384448675,-0.5187244289600577,0.188596747715916,-0.20406001926752979,-0.9071245641463012,-1.1173050988595852,-0.8177176958673952,-0.6043528672675491,-0.4011994038022266,-1.317574173872486,-1.285773296928628,-0.7821082604134105,-1.7007941586659285,-2.3646673281310937,0.2044646553166367,1.5446145864531222,-1.8480750752213686,0
0.23620645523143258,-0.2824120129387873,-0.4445202009343899,0.3052077222492148,1,0,0,0,1,0,-0.20530619155379135,-0.41291549198067434,0.21396681550962854,-0.5321213863504239,0.33021012726505294,0.09367377412174413,-0.8831808959781016,0.47741112909741307,-0.9841250815402001,-0.7601349411883148,-1.314759868657094,0.3311799005168694,1.6919480288774533,-0.6335805808068002,0.29062198316316523,-0.8519630553041114,-0.528128972276344,-0.9381180137731353,-0.5464277599204057,0.9936302841201231,0.5950182837744292,-0.3641230343859621,0.48919124727404484,0.5032096172775196,0.793362570293534,-0.9936302841201231,0.546427759920405,-0.5646101035717058,0.340918023760079,0.20908432283099887,-0.2765412700918884,-0.4600842227993849,0.3845801819166189,0.5138790966987595,0.8986955503100138,0.139780294854656,0.5563823275093027,-0.3311783002420958,0.041654690766301246,0.28760912732185256,0.4822876101929924,-0.033013633646279864,-1.4418395571298541,-1.266679413303576,0.47161139053935697,0
0.08200488108800677,0.9544407536913834,0.5693561964423357,-1.6014324776621007,0,1,0,0,1,0,0.12278617055365294,-0.5181619381633881,-0.029103631420558513,-0.4852507644184396,-0.11421902316374645,-0.02349071199517758,0.7345653207512255,0.26959058439710726,-0.33034552536456585,0.6579746049838625,0.13963951984013984,0.0432967090496147,-0.08239249607094266,-0.0017508534836797555,-0.5060960481910739,0.5511079429877868,-1.2368860993323685,-1.1343944426834631,-0.6949470730335814,0.7482915930561997,-1.0231803919783373,-0.8770174486838838,1.0054037338692876,-2.115356325558142,-1.289053596090085,-0.7482915930561997,0.6949470730335807,-0.09111737198826762,-0.5596729573423944,-0.32767463161490584,-0.0052107597040024186,-0.4942207832702994,-0.844114576533476,0.4323198869208419,0.8986955503100138,-0.35630847989348147,-1.1089772052064004,-1.0899443568808573,-1.2264723902618437,-0.6070635969658218,-1.3284856399458025,-1.2702176348014877,0.03983423407198747,0.45906541823023866,-1.198562864808365,1
0.6731109153044746,0.8256019238340739,-0.8790386569529866,1.478524768348486,1,0,0,1,0,0,0.19849979257844777,-0.5350246284357565,-0.1826218084290977,-0.4140768570402411,-0.298590121038608,-0.09146400165079628,-0.5831784356549766,-0.04275544217736911,-1.4696462458268884,-1.4517504595061994,-1.6275315548484035,-0.46510528996400424,1.7631921339215657,-0.6791274849121907,-0.081119729867461507,-1.2434262961591216,-1.2745372317100756,-1.7205848995192337,0.02438743144227863,-0.6585353003337585,0.1323476299062102,-0.022580778426032504,0.7595321394209757,0.6974119100991489,0.4360544615280582,0.6585353003337585,-0.02438743144227934,-0.8152827261747027,-0.40957446049198204,-1.0463857740085747,-1.4393863146113988,-1.7572735206941175,-0.4660546508565234,0.6769975162545934,0.7325910426154264,-1.8445748041378918,0.41760236644966076,0.35171115073279,1.1546870928197819,1.4286410075727993,1.6838287387897632,-0.12818317219668063,0.6983559190505837,0.4033962301162448,1.275769365336409,1
2.1637261320242622,-2.086155630941119,-0.4445202009343899,1.7718540298733036,1,0,0,1,0,0,-0.34411449859924853,-0.3501165075180606,-0.054689994255315046,-0.4771496692697016,0.3043920276972623,0.09948727915807995,-0.7323541164627402,-0.007042276629421524,-0.1685345147681185,-0.8468218110536933,-1.4535936707787158,-0.13232058802917931,1.2476553680671951,-1.0652710847503664,-0.1695416444342783,0.3699309249811371,-1.5654868993217672,-1.4800624254248183,-0.270149897892672,0.08746187929198715,-0.04605008975894222,-0.16017735186400267,0.602137231231326,-0.4083083771749061,0.4447500755139617,-0.08746187929198715,0.27014989789267135,-0.9266927806649233,0.04072103005925432,0.6639647927004092,0.7700192699756713,0.03489590402886805,-0.15100471279239655,1.0032343553662626,1.2862727349307197,0.20179139169817292,-0.19302946221276363,-0.3311783002420958,-0.5787240251323598,-0.2051091846046925,-0.3469449996836519,-0.2233527107470814,-0.6186874509066087,-0.6543183440496418,-0.3944048900113141,0
0.13340540580248203,0.7225308599482267,-0.4445202009343899,-0.13478617003801185,1,0,0,1,0,0,-0.5838743016777656,-0.10182793005939353,-0.15703544559434116,-0.43317229560512366,0.6546137962476455,0.25645191513914684,-0.23369129589610102,-0.2946399064672541,0.5409744525541682,-0.804072884645564,-0.2471792474825608,-0.44676956228718406,0.012126277498591263,-0.8893562737865571,-0.7857338451933334,1.0958615024072003,-1.1760427826895932,-0.33613336538967287,0.03622492998512883,-0.6452678416013011,-0.5636808741817806,-0.3827283990570548,0.3617049260458462,-0.07989329923411072,-0.006823680682543949,0.6452678416013011,-0.036224929985129536,-0.8709877534198129,-0.7848207026180125,-0.2276009282436361,0.3565632541465125,-0.15285517856115927,-0.5290646384693491,0.4323198869208419,0.4557501964577793,-0.046252995675895824,-0.8036612908751883,-0.7864379342253526,-1.5184153153906257,-1.1386807229918314,-1.0915620371239039,-1.3019408143182878,-0.12479618717266176,-0.4316415915936655,-1.6315710050837011,0
-1.485711122703495,0.5936920300909173,-0.15484123025532542,-1.6014324776621007,1,0,0,1,0,0,-0.6343500496942954,0.1075020181493188,-0.13144908275958464,-0.44300933971430556,0.8250164967954972,0.42504356119288533,-0.5123798443731905,0.3767327266604095,2.057725204638452,-0.745804066937658,0.37219076442339655,0.2569969039226782,-0.43930356794098746,-0.7642415189851195,-1.025627070112936,1.6668710192341918,-0.6379608182590877,-0.039331317357144416,0.8989187262297652,-0.5410235229891278,-0.05114447467751255,-1.5445281741783787,-1.1379346670410917,0.3749421523297453,-0.522265598331711,0.5410235229891278,-0.8989187262297659,-0.6481676444393714,-0.8598699510432187,0.48201260475264507,1.3256007912461045,0.9565830367435462,-0.7495995951142377,1.0847935651441794,0.6772228733838963,0.2638024885416898,0.16779843654230542,-1.317574173872486,0.9357298989731951,0.13201387092399572,0.27921023634565156,0.9504049313745251,1.7684536571408034,1.5724491805101195,0.7190446135538346,1
0.6217103905899984,-0.8235350983394863,0.27967722576327125,-0.13478617003801185,1,0,0,0,1,0,-0.7226826087232228,0.44184846320490095,0.35469181110078946,-0.5483235766479001,1.5400304101689701,0.7635684313856705,0.8375257605021365,1.3875323552066854,-0.09841944325655705,1.5086565541287367,1.3835117535744341,0.7663552263377588,-1.4941120230280136,0.2892557052529182,-0.10021572853892499,-0.24832711567673363,0.6329505423983446,1.0015926958974648,1.37244176550182,-0.31595390708670573,-0.8755790651230609,-2.0048256192761738,-0.11500212667679706,-1.4104747511645055,-0.8207727151259875,0.31595390708670573,-1.3724417655018208,-0.09111737198826762,-0.4846237089171882,-1.2374355713537264,-1.1551353037288514,-0.8867912286858101,-0.2770246880180474,-0.5463906304141645,-1.0945585420250417,-1.1624527388592034,-0.9146852597229018,-1.9245870191834955,-0.6517097564145549,-0.6070635969658218,-1.0746389226366257,-0.15990635171348128,0.9453015509175579,0.848749735028197,-0.76555472453303,0
0.44180855408933456,0.4648532002336079,-1.6032360836506476,-0.13478617003801185,1,0,0,1,0,0,-0.2810198135785862,-0.3751198068874346,-0.5280377066983108,-0.191296740449945,-0.3576150440903046,-0.14065519811209928,-0.8359759151851351,1.8044045923812495,-0.3320338812606525,-0.4426717686125295,-0.5571632401392156,-1.0299646599971544,-0.25679057363835794,-1.2133852460818435,2.1393503571778965,0.008599626372588315,-0.6708494671485573,-0.9588534817615918,-0.7433772838313556,-0.6674764138273739,-0.04995538102767266,-0.33344770670295615,0.46254323404382464,-0.06718184749662652,-0.211794299464935,0.6674764138273739,0.7433772838313549,-1.0659553487776992,2.4422969796658496,0.7822337148664557,0.6666552660183818,0.3421249482670949,0.06953024385249205,0.6769975162545934,1.2309045656991897,0.8219023601333442,0.05677446769459199,-0.17942508891434333,0.4704458620491997,0.6506647255835172,0.5838262971166633,-0.28679906978068154,1.5215080252738291,1.2384340518261547,0.22417816752487937,0
-0.5348014154856993,-0.46278637473902035,0.5693561964423357,1.478524768348486,1,0,0,1,0,0,-0.36935237260751347,-0.3140652386598935,0.27793272259651985,-0.5396438318456808,0.5664820346070426,0.17551003732554823,-0.46748868452386816,-0.11426530205602006,-0.25919460909135816,0.8995807523270457,0.7944163345703709,0.0840769679209176,-0.1723805190470336,0.771223625932602,-0.6478002613779139,-1.2313443420700603,1.223392896875774,1.0227970333673575,0.1359000988749071,-0.020113106998745453,1.4206519557478576,-0.4921193680109685,-0.8830545996860671,-0.002180105657211455,-0.034217910454214094,0.020113106998745453,-0.1359000988749078,0.8837206048011639,-0.4846237089171882,0.49111021415003275,-0.26362076959722697,0.22264698661889537,1.7077899217859516,0.02452383803125581,-0.04256332662598434,0.8219023601333442,1.2780381250194413,-0.482931511569848,-0.07694712256726609,-0.5162996974004062,-0.48232991558187904,0.6966194952401235,-0.12479618717266176,-0.15329565102369538,0.038603250264021984,0
0.2619067175886707,-0.978141694168258,0.5693561964423357,-0.8681093238500562,1,0,0,1,0,0,-0.5207796166571032,-0.19195610220481132,0.39307135535292426,-0.5506381752618252,0.8879669543160866,0.27791716450407905,-0.84340170328072706,-0.8565917691662793,0.7284477657248459,-0.4640886692930498,0.8650818965994992,1.1127163396691089,-0.2946086412994635,-1.0681226659203884,-0.8114461306924784,-0.025953593851606234,-0.7201002864556284,-0.10509619758270605,-0.05671543019588151,1.573862047610503,0.10551501660352575,0.3628101650478959,-1.0218933577562854,-0.08708526573480083,-1.2272548154243734,-1.5738620476105036,0.056715430195880795,-0.9823978079100336,-0.7097714541928067,0.20908432283099887,0.1627557467265941,-0.135786898325702,0.6051151385615076,0.18764225758709038,0.2342775195316623,0.139780294854656,-0.16527347000083534,-0.02767187758659086,-0.97102233077416,-1.2813097080232,-1.2269469530221315,-0.8895394805998851,-0.6186874509066087,0.1250502895462747,-0.76555472453303,1
-1.280109023845593,0.6967630939767645,1.4383931084795292,-1.8947617391869185,1,0,0,1,0,0,-0.6469689866984278,0.1801860279440106,-0.20820817126385424,-0.41118360877283466,0.7942834361199336,0.4563470498500781,0.2932105434944673,0.01431009381131571,-0.04004271520480918,0.31115035743658787,0.5420471823977486,0.5907081728162179,-0.22297649924812665,0.030317445088634442,-0.49908481321505044,-0.5014337356372486,0.5788629873669173,0.38679237872309785,0.7520553775833569,0.05977612737849499,-0.37742356435207375,-0.519613262610239,-0.44915281310644434,0.15364657020522188,-0.32706040960562066,-0.05977612737849499,-0.7520553775833577,0.0759977097470634,-0.40957446049198204,0.21818193222838655,-0.08273376267196997,0.15437386567706757,0.5736101447550955,0.35076067714292497,0.012804842605544792,0.139780294854656,-0.4150773999081907,-0.5588081172337243,-0.2685346671830286,-0.4514683405679659,-0.36386811417093057,-0.2233527107470814,0.03983423407198747,0.06938110143228039,-0.332546584257695,1
-0.3291993166277972,1.572867137006469,-0.8790386569529866,-0.4281154315628296,1,0,0,1,0,0,-0.6974447347149578,0.34299820988412016,0.08603500133584588,-0.5124472981320601,1.2434880746297976,0.6598197261218315,0.09196653400192921,0.6070132276235056,0.03408742882751951,0.4602665435048571,-0.16293542998194369,0.5706608356045841,0.5527877408938635,-0.4568088053500429,0.16477640050376727,-0.06370370382097698,-0.32466005410988164,-0.4653474376635933,0.6525281495750458,0.13114384342216406,-0.584319680135135,-0.6680753240049117,-0.11061473592114962,-0.9437177585111594,-0.2424971614525925,-0.13114384342216406,-0.6525281495750465,-0.03541234474315745,0.8662627627365218,2.074094249295581,1.7132158060859415,1.4686314438072563,1.2667200084961745,2.471300131368772,2.227531611866718,1.6280466190990672,-0.7759052986632599,-0.9381911455531051,-1.272088472313216,-1.1257144516253432,-1.3623318689203594,-0.44541496736468245,-0.28942660841731066,-0.26463402725168356,-1.3222794763156045,1
1.0329145883058024,1.9851513925498596,0.5693561964423357,-1.161438585374874,1,0,0,1,0,0,-0.43244705762817587,-0.27045483278307847,-0.1442422641769629,-0.4401160914468991,0.35708231377937705,0.13213234590058104,-0.23188368634631906,0.3037405090297937,2.1105081779192396,-0.3264217644812719,0.045746917703660676,1.274762748487165,0.05570506848680042,-0.3242869205292927,-0.5788749716181586,0.9964032861479639,-0.23478202775606105,0.0984518876945994,0.8063022000563537,0.9389436438584764,-0.0015837594972865025,-0.9967976197841976,-1.8838461718459745,0.20816890509014604,0.03664587271449755,-0.9389436438584764,-0.8063022000563543,-0.20252742647848845,-0.40957446049198204,0.5184030423421971,0.9896677783849125,0.8371050750953478,-0.30852968182446,0.5954383064766764,0.2342775195316623,0.20179139169817292,-0.10976148557697851,-1.0140677512169813,-0.39625969692687113,-1.2553771652902237,-1.1084851516111824,1.2359135470257274,-0.4540570296619595,-0.04195727479570725,-0.20882997275045564,0
0.3904080293748593,-0.2566442469673251,1.0038746524609323,-0.4281154315628296,1,0,0,1,0,0,-0.7479204827314877,0.5755870412271339,-0.19541498984647596,-0.41291955773327854,1.3087653055230202,0.7617796606052595,3.1183184768384145,-0.55346456593465,-0.49798845550554854,2.9719407926833354,2.668033200253986,0.8619106299855216,-2.56081552366611,2.8500897236841953,-1.176006872332011,-0.196209165752637,1.6942497862806787,1.3431315708854703,0.4073962731842086,0.7714926362755244,-1.4883216800096806,-0.4184503824036773,0.4835956121465086,-2.334911191204326,-2.157267270208946,-0.7714926362755244,-0.40739627318420935,2.9448066128702477,-1.009968447893631,0.47291499535525605,0.29196075167320634,0.9907195972144606,0.5736101447550955,-1.1173050988595852,-1.3713993881826885,0.6358690696027934,-1.4142931195376127,-0.482931511569848,-0.323273965644676,-0.03654765684034838,-0.9561771212256767,-0.9529858396334858,0.6160407084282594,1.1827648637121608,-0.8892713360402683,1
1.3927182613071303,0.026801178718756015,-0.8790386569529866,-0.4281154315628296,1,0,0,1,0,0,0.11016723354952047,-0.5181619381633881,-0.7966945164632545,0.7837279256660263,-1.7939475649876047,-1.0041842923555184,0.2306463083946493,0.30568649784958524,-1.5604013123371754,0.6814393326872678,-0.677996973532732,-0.3682527314667185,0.5517988454375261,0.7817506759149632,-0.8735928288422327,-1.3163157752016421,1.0683553604013543,-0.11423760468557922,-0.67984341407292,0.17200761631813533,0.46039675791055235,-1.294710430108106,0.8103504586500923,0.13878231171413316,0.7698984847186343,-0.17200761631813533,0.6798434140729193,0.4102278732177254,-1.009968447893631,-0.9008240236503626,-1.3618633116434313,-0.9550643496276378,-0.30852968182446,-0.7910682597479163,-0.5962450189412776,-0.5423417704240322,0.917210226264372,-0.9381911455531051,1.6382175625643265,1.8954267767663688,1.8530598836625478,1.0455744699249259,-0.4540570296619595,-0.4316415915936655,1.8324941171189824,0
-1.7170134839186342,1.0575118175772313,0.5693561964423357,-1.161438585374874,1,0,0,1,0,0,-0.6848257977108253,0.2906657228319421,0.38027817393554597,-0.5506381752618252,1.3643704767699636,0.6490871014393653,1.1442079757096582,-0.3455238448306764,-1.5946631571777108,1.5524575675367875,1.4019776943728515,0.008647429228389387,-1.914416118673473,0.39190641707957563,-0.954062835205178,-1.583437838052353,0.5205880087201464,0.6831957163436679,-0.6187833227191311,0.625495827724652,-1.1994607690812387,-0.48151688373001855,0.5887556363142714,-1.5810638594578394,-1.1556320221418706,-0.625495827724652,0.6187833227191303,0.0759977097470634,-1.0850176963188372,-0.9463120706373036,-1.5169093175793655,-1.2793616741013212,0.8571550890128092,-1.6882195673050053,-1.7036084035718644,-0.8523972546416179,-1.1644891896302574,-0.5588081172337243,-0.39625969692687113,-0.0495139282068366,-0.6684841749419423,-0.6992004034990842,0.28677986593896093,0.6817421706862145,-0.6418381130257917,1
-1.305809286202831,-0.5916252045963298,-0.4445202009343899,-0.13478617003801185,1,0,0,1,0,0,0.5896868397065544,-0.5914274200364373,-0.579210432367824,-0.12185878203219036,-1.0884687520834906,-0.36067400410265454,-1.5056644899042209,-1.8006176116811767,1.0313854806039269,-1.7197283759093758,-0.337784777383235,1.2095263865123584,0.32230590335559145,-1.1890940888824129,-1.526838854521848,0.058409363426673876,-1.811707701802036,-0.32866714148841936,0.6912331826893902,0.9640930772469049,0.9055343222063504,0.941850534098452,-1.3512427263374245,0.5267837437529755,0.11825726013858844,-0.9640930772469049,-0.6912331826893908,-1.3166279713806959,-1.685411683720486,-1.9500816408158028,-1.628886988533096,-2.0815708451678003,-0.6655862782971376,-0.7638818564886103,-1.0945585420250417,-1.9272562665959154,1.3890620938671545,1.5657368413548085,1.5469853984615822,0.4691369264526849,0.6684418695530556,2.2827784710801327,-0.28942660841731066,0.18071947766026855,1.9562107286262216,1
-1.100207187344929,0.0010334127472937634,-0.4445202009343899,-0.8681093238500562,1,0,0,1,0,0,-0.356733435603381,-0.34023148218598254,0.03486227566633282,-0.5066608015972472,0.39084751780517396,0.12989638242506726,-0.3077254936920093,-1.3496435719234825,-1.343428305093493,-0.8349184880751932,-0.36749806457682177,0.06602123017849541,0.5353077078437295,-0.45806962557183845,-0.8735928288422327,-0.23082212557064874,-1.2479982713746556,-0.5532716776383749,0.7547787594442794,-0.6585353003337585,-0.029797982753793213,0.9772820398244189,1.6045575223798632,-0.10957270984639565,-0.06239662509749978,0.6585353003337585,-0.7547787594442801,-0.6760201580619267,-1.0850176963188372,-1.2465331807511142,-1.1551353037288514,-1.5012493171622625,-0.40304466324369825,0.18764225758709038,-0.1532996650890431,-1.7825637072943747,0.11228645211844858,1.1863538130354276,0.6164173246135901,1.4156747362063122,1.2776739910950803,-1.1116017372174867,0.6983559190505837,0.4033962301162448,0.34789477903211874,1
0.15910566815972013,-0.514321906681944,-0.4445202009343899,0.3052077222492148,1,0,0,1,0,0,-0.05387894750420167,-0.4786218368350757,-0.822280879298011,0.9139240976993163,-2.0049068932524046,-1.074393545486651,-1.345021147494892,-0.032959767010638005,-0.5130826682106334,-2.362664501233461,-3.0959368716195472,0.0986815227989437,3.4124895410622966,-0.14285527660781894,-0.8100148734017567,0.7022893288478764,-2.2809124703910237,-2.6960076412724296,-1.4375436385994584,1.5603281057325635,1.7275453378625174,-0.7662168037923943,1.4071342427825038,0.9300935535528351,1.3927428332075436,-1.5603281057325635,1.4375436385994576,-0.48105256270404034,-1.0850176963188372,-1.4648758062884317,-0.9484072958142716,-1.6719321195168326,-2.1988293102092213,0.10608304780917345,1.009431888773073,-1.9685969978249267,1.611110031562582,-0.7105613285614767,0.03253147435602734,0.754394896515422,1.1253659607095745,-0.667477223982284,-1.9357308208638015,-1.712032918215528,0.6571863078002155,0
-0.12359721776989524,0.18140777454752677,-0.8790386569529866,-0.13478617003801185,1,0,0,1,0,0,-0.028641073495936725,-0.4885068621671538,-0.7583149722111197,0.5030828437276014,-1.3801488435131979,-0.764489007780442,-0.700600565110226,0.36044013823566395,0.19936733028861844,-1.689866090336173,-1.5708204401342292,0.9789495246173834,1.7113411184156904,-0.6952598877402228,-0.18308794570389883,-0.2564735835406592,-1.2597853692676648,-0.927492321667883,-0.0632699944762795,1.3979208031972914,0.27950665246182954,-0.6781288861926937,-0.530273036589898,1.0337184596879536,1.1366277742449864,-1.3979208031972914,0.06326999447627879,-0.7038726716844818,-0.25947596364157,-0.2821865846279648,-0.3669847735545164,-0.8185181077439823,0.038025250046078915,0.4323198869208419,0.5111183656893089,-0.6663639641110671,0.25106641317809053,-0.6346847228976005,0.0051618251252043045,-0.2699405414371327,0.1438253204474232,0.8552353928241243,-1.5241547677521787,-1.211010225189582,0.40975308478573785,1
0.15910566815972013,-0.2824120129387873,1.0038746524609323,0.3052077222492148,1,0,0,0,1,0,-0.4955417426488382,-0.194863462596599,0.21396681550962854,-0.5321213863504239,0.7358313875864162,0.2613710347852771,-0.011569287408891231,-0.20625158741252886,-0.2855097770578381,-0.40551392112297635,-0.6429341240632286,-0.1544829262678392,0.932881756716287,0.7683864886873838,-0.7764598413637281,0.21056770900514377,0.04690803854595455,0.054732037707591906,-0.2444928926024105,0.031788787753525546,0.7838501016443492,-0.49475364739766553,0.6019016703499424,0.594336353915626,0.889281031695982,-0.031788787753525546,0.2444928926024098,1.4129183636297125,-0.25947596364157,2.02860620230864,1.8553413115272142,1.7929287682809403,1.2037100208833493,0.9216751455883455,1.1755363964676604,2.1861464906907218,0.6951622885689447,-0.482931511569848,-0.06782390615699217,0.2487103132223888,0.4822876101929924,-0.1916295312302808,-0.9479482933959068,-1.0440026608476,0.2860364732784985,0
-1.7170134839186342,0.6709953280053031,0.27967722576327125,-0.8681093238500562,1,0,0,1,0,0,-0.7100636717190902,0.3807938949773599,0.188380452674872,-0.5298067877364988,1.3738034736029834,0.7023030321565932,0.23713033740197131,0.2801848231367015,1.4624096494087784,0.9736748984974427,1.3167456957518238,-0.35814249097165374,-1.578734106207475,-0.3846512825481179,-0.23495797703745186,0.8237683618271682,0.44854379595001204,0.5721417137835386,-0.16027754582615011,-0.3295023237687909,-0.7140745358641476,-0.6199382062868681,-1.1713552220367145,-0.8706036216670848,-1.1532488682074136,0.32950232376879157,0.16027754582614942,-0.6481676444393714,-0.6347222057676005,-1.3920949311093263,-0.8321227913623208,-0.6307670251539549,-1.442709458855317,-1.0357458890816678,-1.0945585420250417,-1.1624527388592034,-0.8036612908751883,-0.7864379342253526,-0.8159276517994943,-1.2294446225572482,-1.430024326869473,-0.12818317219668063,0.5337254978059351,0.4033962301162448,-1.569712699330082,1
-1.2287084991311177,-2.086155630941119,-0.4445202009343899,1.7718540298733036,1,0,0,1,0,0,-0.6091121756860305,-0.03495864104827709,-0.054689994255315046,-0.4771496692697016,0.8133652694943978,0.34186571990377296,0.6050068130229975,-0.17707662622173986,-1.9914890967020806,0.5078729282819108,-0.7182189801423913,0.376399063775219,0.7925710616308245,0.5402182418738849,-0.24633832805732242,-1.932846501181525,0.2978646492083782,-0.4549317553951436,-0.5008818372323651,1.0101319379600069,-0.30149699892425424,-0.0037331026469192515,0.780107979789948,-0.39074607354170776,0.4895675357907201,-1.0101319379600069,0.5008818372323643,0.5494904413305014,-0.18442671521636386,0.16359627584405784,-0.8838047933409655,-0.7331767065666972,1.2667200084961745,0.02452383803125581,0.2896456887631914,0.2638024885416898,-0.49834537654397587,-0.3311783002420958,-0.989268763594709,-0.4903671546674297,-0.6007917169928287,-0.635754044465484,-1.3595243465075295,-1.1553410370755877,-0.7036964187794109,0
-0.07219669305541997,-1.4934970135974959,-1.6032360836506476,-0.13478617003801185,0,1,0,0,1,0,0.766351957764409,-0.6146863031707387,-0.8350740607153893,1.9410272326286033,-2.74383472609382,-1.9728036699480849,-0.3175186019216883,0.5809911881430327,-0.22957911555291716,-1.2327835267774248,-1.9948940825679564,-1.1863404282088796,1.3957415034348082,-1.3831613615561753,0.0704147753290771,1.3420033218722667,-1.2592952612471635,-1.4540691350048633,-0.4863880375980577,-1.1356331163529647,-0.9405211899418504,-0.726888662803437,1.662426258081384,0.4167153875515962,1.1738445104615471,1.1356331163529647,0.48638803759805704,-1.2887754577581405,0.11577027848446049,0.16359627584405784,0.8475422729436388,0.2397152668543526,-1.5057194464681423,0.9216751455883455,1.3416409041622488,0.015758101167622184,-0.9424412519348303,-0.7864379342253526,-0.44187577897824326,0.4302381123532211,0.5838262971166633,-0.9847090191502859,-0.04248097655033679,-0.5429799678216537,-0.08511336124321738,0
0.46750881644657266,-0.8235350983394863,-0.15484123025532542,-0.13478617003801185,1,0,0,0,1,0,-0.5081606796529707,-0.194863462596599,0.35469181110078946,-0.5483235766479001,0.8416826314683167,0.27389243024815424,0.680855312634751,0.8954861681738107,0.5803271565871458,0.8339453586454552,0.41873295863328597,0.0779363399485852,-0.2987985697774628,-0.030144143744739005,-0.6387339635956981,0.7965971935541603,-0.03787207051044827,0.05053902737100875,0.8783783977477496,-0.7648691281260978,-0.9768655593267314,-1.8689525318074258,0.00717669185199454,-1.1641596746897873,-0.4950318304696687,0.7648691281260978,-0.8783783977477504,0.0759977097470634,-0.4846237089171882,0.4547197765604794,0.821701271954316,0.76883195415352,-0.37153966943728567,1.5741488238116832,1.1755363964676604,0.20179139169817292,-1.053465220782544,-1.848710413519619,-1.0713777112871794,-0.9052878383950472,-1.2438700675094103,-0.44541496736468245,1.0276167615398821,0.6817421706862145,-1.136704559054746,1
-0.4320003660567478,-0.7977673323680251,-0.8790386569529866,0.5985369837740325,1,0,0,1,0,0,-0.7605394197356201,0.6511784114136133,-0.2849672597681238,-0.3706781330291445,1.3150646565363096,0.7872696442261166,-0.3445256267278117,-0.14819365160315562,0.8273231014243674,0.2506540277534634,0.4618887283228564,1.1568344136694562,0.11723676957741205,-0.37629462782478246,-0.8775845954509388,0.862733190421295,-0.3110756461877866,-0.016585800885264717,0.9477123177844309,0.6378546273322141,0.10308211227050475,-0.6757445450381344,-0.2640147404333728,-0.6470747064438487,-0.6166707746661074,-0.6378546273322141,-0.9477123177844317,-0.2582324537235989,-0.7097714541928067,0.5002078235474204,0.8992242749222835,0.7176271134471482,-0.24551969421163483,1.166352774922097,0.7325910426154264,0.5738579727592754,0.08453045990652028,-0.6346847228976005,-0.0039613912850709025,-0.1402778277722523,-0.38079122865820925,0.09387908442092041,-0.04248097655033679,0.29205785388825667,0.038603250264021984,1
-0.2263982671988458,-0.3339475448817109,-0.15484123025532542,-0.8681093238500562,0,1,0,1,0,0,-0.571255364673633,-0.1134573716265442,-0.7199354279589849,0.343954189020247,-0.4369598684263855,-0.3530717282859077,-0.31955932990516217,-0.4723541351843722,-0.3354829037171085,-0.32308711147831104,-0.3798595797635205,-1.0636169544383225,-0.40592492675974495,-0.8243661703659508,-0.6983640541037268,-0.508162182903403,-0.7012724086752016,-0.9775784441614588,-0.7433772838313556,-0.7133741297612556,-0.37934193704963126,-0.05128490420753158,-0.05203761871873333,-0.2588998723671967,-0.46057902283644414,0.7133741297612556,0.7433772838313549,-0.6760201580619267,-0.4846237089171882,0.7003552302899613,0.3048812521678669,7.593435579547688e-4,0.5106001571422693,0.6769975162545934,1.2309045656991897,0.8839134569768611,0.029018475482663446,0.5793409677244183,1.9575301369239315,1.62313507807012,1.396135792506029,1.109020828958526,2.591605763364049,2.2961486259920414,1.5850608941045057,1
1.9838242955235992,0.38754990231922204,-1.168717627632051,1.0385308760612593,1,0,0,1,0,0,-0.1295925695289965,-0.4448964562903387,-0.7711081536284979,0.5754140504127624,-1.3801488435131979,-0.7868486425355797,-2.239120185961794,0.06404500414866282,-1.0025522347593254,-1.0561573696434763,-1.0281354885762988,-0.7006005297473253,1.244270409711102,-0.045519226582058876,-0.9718685573498964,-1.7684810505951256,0.39180325858129433,0.16717503555223964,-0.8195116582252774,-0.14275387761029457,3.0680688499446145,-1.0615003640057878,-0.4066304135710806,1.8153058731573497,1.499840373313057,0.14275387761029457,0.8195116582252766,-0.17467491285593337,-1.009968447893631,-0.50962681956267,-1.2843403086754637,-1.091610591511294,1.0461850518512859,-0.709509049969999,-0.4301405112466897,-0.4183195767369984,2.776861704463574,-1.0140677512169813,-0.10431677179808911,-0.2958730841701091,0.4145951522438788,0.4428340591057229,-1.6064699783745033,-1.823371294443516,0.22417816752487937,0
-0.35489957898503444,0.026801178718756015,-0.15484123025532542,-0.4281154315628296,1,0,0,1,0,0,-0.06649788450833415,-0.4768774206000031,-0.7966945164632545,0.7837279256660263,-1.6579381242278053,-0.9724336110032229,-1.3506069921321104,0.4066144019238552,-0.9244010055733624,-0.5026081920257175,-0.8422835740725326,0.3855843053234493,1.2103625610921762,-1.1630697323361323,-0.44793675282386336,-0.46655981104770694,-0.058925606757121295,0.012828558112396044,0.9454154897089528,-0.41176056791003435,0.7159263274616292,-1.0068242330915125,0.7948395269894912,0.620561618872332,1.107534488065549,0.41176056791003435,-0.9454154897089535,-1.1495128896453646,-0.5596729573423944,-0.5187244289600577,-0.6641562849317252,-0.6478353053894121,0.06953024385249205,0.2692014673650073,-0.1532996650890431,-0.790386157798101,1.1670141561717275,-0.6346847228976005,1.5196157492307591,1.7787303344679768,1.988444799560775,0.9186817518577256,-0.5363722402842841,-0.7656567202776299,1.770635811365363,1
-1.305809286202831,-0.41125084279609675,-0.4445202009343899,-1.6014324776621007,1,0,0,1,0,0,0.5896868397065544,-0.5914274200364373,-0.68155588370685,0.2108647687195506,-1.3860002345517608,-0.6178098037867386,-0.39696651744295636,-1.1144469928574616,-0.35931374999726035,-0.42604865492972005,0.250979827131941,1.8566543742897053,-0.26716211004822527,-1.1491169000084573,-1.7024161752851152,0.5492099249004841,-1.689208486951037,-0.18214572676188137,1.6167883223801918,0.92874415142872635,-0.5961924611161211,-0.17582967990111556,1.0430969422498781,-1.0994259735175715,-0.504115917644622,-0.92874415142872635,-1.6167883223801924,-1.17736540326792,-1.685411683720486,-0.8962752189516687,-0.5091102789957901,-1.1001447316290225,-0.08799472517957138,-0.01625576685770265,-0.6792972727885718,-1.1004416420156866,-0.9146852597229018,-0.7864379342253526,-2.0201922179557195,-1.3202085221226638,-1.5823323572549794,-1.8412348661038906,-1.1125787146405561,-0.8769950965056176,-2.064579145359036,0
-1.100207187344929,-0.514321906681944,-0.4445202009343899,0.3052077222492148,1,0,0,1,0,0,-0.356733435603381,-0.34023148218598254,-0.822280879298011,0.9139240976993163,-1.6826484790538334,-0.9679616840521953,-1.8516388719994834,-0.3598634842532553,-1.2742951750514797,-1.8658087377882757,-1.6696144079599655,1.536921029076243,2.479044976281739,-0.7344823928815702,-0.9993253526610847,-0.1471948261615396,-1.365497378020997,-0.6437650904130781,1.2514376093443502,0.8550163918650944,1.8408627725778985,-0.5071782749677765,1.5940875885590098,1.1665834072103414,1.5420691892440137,-0.8550163918650944,-1.251437609344351,-0.8152827261747027,-1.0850176963188372,-0.7643598826895395,-0.7158382869103699,-1.1598837124531223,-0.08799472517957138,0.9216751455883455,0.34501385799472056,-1.534519319920306,1.4168180860790833,-0.6346847228976005,-0.5969704579529088,0.2487103132223888,0.7192112130148905,-1.2702176348014877,-1.9357308208638015,-1.9347096706715041,-0.08511336124321738,0
-2.076817156919963,-0.46278637473902035,1.7280720791585935,-0.4281154315628296,1,0,0,1,0,0,-0.0412600105000692,-0.4821106693052209,-0.6431763394547153,0.06620235534922844,-0.8735913004177098,-0.42193940333173197,-0.2394749686196669,0.7740329589739215,0.6712257516140199,-1.31428748669432,-0.5871148182900314,-1.202509151495506,-0.14188588849967632,-0.35007722219883247,0.00752382274378313,0.8708237121953089,-0.6624687508337483,0.32680033772447353,-0.3925077445122049,-1.2507946581507028,-0.01679726225424541,-1.0548473271839036,-0.04249423981451589,1.1186249305123421,1.0823349415551422,1.2507946581507028,0.39250774451220416,-0.45320004908148526,-0.18442671521636386,-0.5733100853443877,-0.06981326217730856,-0.32353798091572933,-0.37153966943728567,-0.8726274695258333,-0.8177176958673952,-0.4803306735805153,-0.24854144663662048,-1.1658209625447336,-0.9071598159022387,-0.7885913960966542,-0.3469449996836519,-0.4136917878478824,-0.28942660841731066,-0.8213259083916238,-0.8892713360402683,1
0.46750881644657266,-0.4370186087675581,-0.15484123025532542,-0.8681093238500562,1,0,0,1,0,0,-0.5081606796529707,-0.194863462596599,-0.7839013350458762,0.65063850536533,-0.9765561738802919,-0.6526908340047534,0.36663830337776826,0.17057941380521585,0.027458953506844776,0.2401340314438472,0.13187812079556685,-0.4262594652660145,-0.04219928391786453,-0.09442082526068295,-0.5090867062197161,0.8682747602809641,-0.11896626507548655,-0.01418609722922397,0.741322049072657,-1.3166012534636966,-0.6041636618864958,-0.7441174853431336,0.8349950886594605,-0.4423704963211418,-0.185297978737003,1.3166012534636966,-0.7413220490726576,-0.03541234474315745,-0.40957446049198204,0.2545723698179399,0.6795757665130432,0.59814915179895,-0.5605696322757617,1.166352774922097,0.8433273810784847,-0.046252995675895824,-0.47058938433204756,-0.5588081172337243,0.589047675382767,0.9618552383792308,0.7022880985276131,-0.2233527107470814,1.8507688677631275,1.1827648637121608,0.40975308478573785,0
-0.4577006284139859,0.2587110724619126,1.4383931084795292,0.5985369837740325,1,0,0,1,0,0,0.2868323516073751,-0.5449096537678346,-0.5408308881156891,-0.18840349218253855,-0.8471543384861493,-0.2734714285576174,1.495261992556278,0.28842551034806635,-0.3836643915321247,0.23605196551664914,-0.10430188707384394,0.4972978306738242,-0.027576286667239443,1.2605445861113105,-0.9411073687407405,-0.29037755162996837,-0.07246504374840847,0.16533939049632884,0.5516412599819246,0.13114384342216406,-0.8196769014635875,-1.3386537670242757,0.23268064057381957,-0.39074607354170776,0.2970192956000723,-0.13114384342216406,-0.5516412599819253,0.911573118423719,-1.009968447893631,-0.6369933511261053,-0.6770767854263857,-0.6649035856248688,-0.024984737566746233,-0.22015379130249568,-0.4855086804782194,-0.6663639641110671,-0.8314172830871166,-1.317574173872486,-0.40538291333714505,-0.23104172733766892,-0.36386811417093057,0.062155904904119784,-0.28942660841731066,-0.26463402725168356,-0.2706882785040748,0
0.3904080293748593,-0.23087648099586283,1.0038746524609323,-0.13478617003801185,1,0,0,0,1,0,-0.7479204827314877,0.5755870412271339,-0.5920036137852022,-0.1102857889625646,0.7118913981583822,0.5278978810665188,2.7469657847201616,0.3845867800775682,-0.1427210939078969,2.0095034473187954,1.85209387341894,0.2618875371973324,-1.9587720389144558,2.8333911260244036,-0.6998530701070956,-0.4606857654617923,1.8704168672489994,1.4196924050087303,-0.37315522795503414,0.7272741774339888,-0.9886317639205117,-1.2289548672977038,-0.26784024936620454,-0.8600361670187697,-1.0217594307434448,-0.7272741774339881,0.3731552279550334,2.499166394909364,-0.7097714541928067,-0.23669853764102378,-0.43158727602782254,0.2909201075607231,0.25856020669096863,-1.7697787770829225,-1.8697129112664523,0.139780294854656,-0.8869292675109735,-1.0899443568808573,0.34272083230535716,0.14498014229048395,-0.21156008378542468,0.09387908442092041,0.36909507656128593,0.848749735028197,0.2860364732784985,1
-1.7170134839186342,-0.35971531085317227,0.5693561964423357,-0.13478617003801185,1,0,0,1,0,0,-0.6848257977108253,0.2906657228319421,-0.08027635709007157,-0.47194182238836996,1.059037099627926,0.5882688949053907,1.1847561506539501,0.0758810218552855,-1.1016529822077628,0.33843148201152407,0.022257535903564774,-1.497813631496318,-0.9932724785036573,0.5404341093939109,-0.45656853593451785,-1.7720548144575665,0.6329505423983446,0.2685057804933608,-0.9702511656336119,-1.080555857232306,-1.1074368732812292,-0.5615294203843944,-0.2747476599436552,0.17042382463973602,0.2332077474831875,1.080555857232306,0.9702511656336112,0.0759977097470634,-0.7848207026180125,-1.3284116653276086,-1.8786833314298803,-1.603658998575004,0.25856020669096863,-1.6882195673050053,-1.592872065108806,-1.2864749325462383,-1.053465220782544,-0.5588081172337243,-0.12256320461863823,-0.24400799870415715,-0.1607907403235886,0.2524949820049213,0.4514102871836102,-0.04195727479570725,-0.3944048900113141,1
-0.4063001036995106,-0.514321906681944,-1.6032360836506476,0.3052077222492148,1,0,0,1,0,0,-0.6595879237025604,0.20925963186188729,-0.822280879298011,0.9139240976993163,-1.0253397591341906,-0.5453645871800923,-1.8524959085834012,-0.15944209261410605,-0.04455040315464197,-1.5929470054506187,-1.5522037693349755,-0.705388280112087,1.331441832713645,-0.6003337367108617,-0.39249118616346323,1.298824707431773,-0.9491310863759455,-0.37603256526467405,-1.1820904200447964,0.21031740340811067,1.9760942594307915,-0.1743497782896588,1.3660954663513905,1.2108264978723278,1.6508183096319236,-0.21031740340811067,1.1820904200447957,-0.9266927806649233,-0.9349191994684248,-2.047122807721277,-1.2455788071914804,-1.4841810369268051,-2.009799347370745,-1.3619827281933365,-1.0945585420250417,-2.0926191915119605,1.194770148383656,-0.5588081172337243,-1.281211688723491,-0.5033334260339178,-0.025405824425361403,-1.4288335323854886,-1.9357308208638015,-2.1017172350134863,-0.9511296417938885,0
-1.7170134839186342,-0.2824120129387873,0.27967722576327125,0.3052077222492148,1,0,0,0,1,0,-0.7100636717190902,0.3807938949773599,0.21396681550962854,-0.5321213863504239,1.3896663413580053,0.7040918029370041,-0.4736113077042607,0.056276030901428103,0.4625223214240739,0.12583578630356804,0.39542153848119677,-0.16396085707967556,-0.2398916867961837,0.02648048555658569,-0.2380612383822487,0.7335021090292476,0.5426443579236465,0.9376055969419936,0.4251360800282837,-0.6452678416013011,0.6850270414984058,-0.3157251411128439,0.10481537292447086,0.36808082733764375,0.4013220091151298,0.6452678416013011,-0.4251360800282844,-0.3974950218363748,-0.7097714541928067,-1.637730384838808,-1.0905328012555453,-0.8526546682148961,-1.3166894836296663,-0.9541866793037505,-1.2052948804881005,-1.4725082230767892,0.5008703430854462,-0.4070549059059717,-0.378013264106322,-0.2699405414371327,-0.11002139686175369,-0.2550758902638815,-0.12479618717266176,-0.4316415915936655,-0.332546584257695,1
-2.076817156919963,-1.4934970135974959,1.7280720791585935,-0.13478617003801185,1,0,0,0,1,0,-0.0412600105000692,-0.4821106693052209,-0.8350740607153893,1.9410272326286033,-2.2823479712837065,-1.870843735464657,0.34390548493266104,0.7165449417599682,-0.4266320278576932,-0.8364885011268708,-0.7197094611254193,-1.496954961319209,-0.15961737851762914,-0.3584497451319673,0.010158122806459328,0.8876750004454255,-0.7960703987397354,0.28147634763555107,-0.70065935430716475,-1.3467626096488186,-0.8363677102379354,-0.9733042354396682,1.475248042735963,0.3406722189467518,1.2104644164687506,1.3467626096488186,0.7006593543071641,-0.5089050763265954,-0.25947596364157,-0.8098479296764806,-0.2765412700918884,-0.5624939042121272,-0.49755964466293656,-1.1173050988595852,-0.983822203561983,-0.790386157798101,-0.859173275299045,-1.0140677512169813,-0.49661507743988936,0.28760912732185256,0.4145951522438788,-0.7626467625326843,0.03983423407198747,-0.5429799678216537,-0.20882997275045564,0
-1.7170134839186342,-1.4934970135974959,0.27967722576327125,-0.13478617003801185,1,0,0,0,1,0,-0.7100636717190902,0.3807938949773599,-0.8350740607153893,1.9410272326286033,-1.0707561904610863,-1.207209775932169,0.6018141204598213,0.31557852445762463,-0.24329269101117093,0.11964872601007923,-0.13630211543857806,-0.15479630812714973,0.15334864063116949,0.10411679062172191,-0.38498446758672306,0.8610781550086605,0.7294518740929448,1.228148638767663,0.7902460580981725,-0.9948801208223941,-0.7328049138609045,-0.8188104168974069,1.1978897626886724,0.5616742819195917,1.37624753161807,0.9948801208223941,-0.7902460580981732,-0.45320004908148526,-0.9349191994684248,-2.0653180265160533,-1.4264658141167375,-1.1257471519822078,-1.6002344278873806,-1.1173050988595852,-1.482135726645747,-1.9065859009814097,-0.9146852597229018,-1.0899443568808573,-1.4271831512878814,-0.7107937678977266,-0.4654068010946016,-1.175048096251087,-0.9479482933959068,-1.378017789531564,-1.198562864808365,1
0.3904080293748593,0.7225308599482267,1.0038746524609323,-0.13478617003801185,1,0,0,1,0,0,-0.7479204827314877,0.5755870412271339,-0.15703544559434116,-0.43317229560512366,1.3456877201930844,0.7774314049338559,2.3823475009100825,0.10023572971811208,-0.4468897537104425,1.1232369585588822,0.924298024305498,-1.2809146271155794,-1.9857443956996683,2.9605393641564057,-0.5708508195468126,-0.3043771541311753,1.7551486414545983,1.5023305666790265,-0.9813771768947055,-0.7736968421314995,-0.35457614308993624,-0.7094425041995926,0.30504357833655626,0.2229546826020414,0.2651006934589298,0.7736968421314995,0.9813771768947048,2.3320513131740337,-0.7097714541928067,-0.6915790075104341,-0.7287587874050313,-0.06751377738387422,-0.08799472517957138,-2.259134035750426,-2.312658265118687,-0.4183195767369984,-0.44283339212011924,-0.7864379342253526,-0.5057382938501646,-0.2829068128036209,-0.1777138548108673,-0.5405845059150832,0.36909507656128593,0.013711913318286572,-0.7036964187794109,0
-1.7170134839186342,-1.7254069073406524,0.5693561964423357,0.3052077222492148,1,0,0,1,0,0,-0.6848257977108253,0.2906657228319421,-0.7327286093763631,0.3815664164965307,-0.1313180925167232,-0.07134033037117232,0.25996614410446883,0.196393261387504,-1.8590806107581344,0.016231482424879783,-0.5894445476708065,-1.0283994369998903,-0.3224672679321242,0.4789851069522749,-0.44690149099022874,-1.7254044326103313,0.45068806044359633,0.34612395285377773,-0.6949470730335814,-0.7133741297612541,0.11710702350247477,-0.717252017763814,0.8075604170712583,0.42496688031510216,1.1042294529881536,0.7133741297612541,0.6949470730335807,0.02029268250195297,-0.7848207026180125,-1.3557044935197728,-1.8786833314298803,-1.6548638392813753,0.3530751881102058,-1.5251011477491712,-1.482135726645747,-1.2864749325462383,-0.44283339212011924,-1.1658209625447336,-2.0658083000070917,-1.4498712357875443,-1.2269469530221315,-1.4605567119022886,-1.0302635040182315,-1.378017789531564,-1.8790042280981787,0
0.72451144001895,-1.7254069073406524,-0.15484123025532542,0.3052077222492148,1,0,0,1,0,0,-0.14221150653312897,-0.4379187913500483,-0.7327286093763631,0.3815664164965307,-1.1334967046989404,-0.6316727773349239,-0.27007924015752865,0.05173093100065838,-0.3642581205791519,-0.38809434120220654,-1.0959521713678306,-0.2529742207340495,1.0961034582859943,-0.22105223720820147,-0.6936789575759779,0.32980866837572564,0.13748988742940443,0.11275413936906742,1.2021396197987126,-1.5372941035987373,0.15467896705733672,-0.7659146780385283,0.829378958641854,0.6606230360421415,1.534873969374625,1.5372941035987373,-1.2021396197987133,-0.3417899945912644,-0.7848207026180125,-0.5733100853443877,-0.3282232720705331,-0.2552648599739003,-0.6865896075014126,0.8401159358104279,0.2896456887631914,-0.8523972546416179,-0.5538573609678327,-1.317574173872486,-2.57670841898246,-1.9036907336146256,-1.5992554717422576,-1.6826189685198898,-1.0302635040182315,-1.6006945419875402,-2.3120123683735136,0
0.10770514344524394,0.20717554051898904,-0.4445202009343899,0.3052077222492148,1,0,0,1,0,0,-0.7605394197356201,0.7994537913947846,1.2118349660651333,-0.6565310618489011,2.158274147211419,1.1222169728580798,0.5255280201792524,-1.0663384516053536,1.411532041322597,0.3734980644890049,1.0195556851714365,1.1592235880034898,-0.8633140583760662,0.7797202507624894,-0.701374170100901,0.664902033311088,0.23240777966985052,0.6006603024297282,0.2654778184316193,1.3177450462494995,0.04832778256871154,0.7609617429438309,-1.261449166521289,-0.27412021305112355,-0.7390444481652714,-1.3177450462494995,-0.26547781843162,1.07868820015905,-0.40957446049198204,1.0278691685959374,1.2609982887727984,1.3150169216881435,0.4790951633358572,-0.38327221085833024,-0.5408768497097485,1.069946747507413,0.1400424443303771,0.8828473903799233,0.41570656358755365,-0.3347718982695729,-0.4146374576327655,0.9186817518577256,-0.20711139779498602,0.514734606344233,0.5953280020465953,0
-1.7427137462758722,-0.2566442469673251,1.7280720791585935,0.3052077222492148,1,0,0,1,0,0,0.31207022561564,-0.5483984862379798,-0.34893316685501513,-0.37935787783136377,-0.5523906687463503,-0.1285809953443249,1.2554826652317992,0.5576392277605572,0.9311858640743683,0.13914254785729765,0.01061512589781691,1.384215519744409,0.3911914429315981,2.8310253558593597,0.4637127142943386,-0.8237547581487296,1.7652304346463807,0.5039295212208048,0.6060821098378343,1.286800017252106,1.0829479707788947,-0.3008401229095647,-2.100756360434213,1.5623996765325585,0.47818891199619873,-1.286800017252106,-0.606082109837835,1.9142636088357055,-0.03432821836595151,-1.2010451337641732,-1.3747838121380926,-0.7502449868021539,-0.844114576533476,-0.7910682597479163,-1.0945585420250417,-1.1624527388592034,1.333550109443298,-0.02767187758659086,0.8809906005115491,-0.46443461193445323,0.1438253204474232,2.187608932529733,-1.1125787146405561,-0.7099875321636356,1.2139110595827887,0
-0.25209852955608386,0.0010334127472937634,-1.6032360836506476,-1.6014324776621007,1,0,0,0,1,0,4.375367940946297,-0.7734281805623455,1.1094895147261072,-0.6490086163536443,-0.6606870945865333,-0.0932527724312073,0.5476285593119649,-0.8418552807737703,-2.045525938121488,0.426194620068577,0.08292660608188673,-0.9024669104917468,-0.27796104865132854,-0.5431203510832817,-1.221931818420319,-1.380296355191919,-0.7300558443936846,-1.1626386300142642,-1.7990340422145457,0.5534028300138731,-1.3041702978910248,-0.06863167855840126,1.4092377612417981,-1.2996723142071893,-1.242898982278209,-0.5534028300138731,1.7990340422145434,-0.6402097834043556,-1.256558835576451,-0.6850807150837284,-1.2289667351269153,-1.39883963574952,0.06953024385249205,-0.5696932617792836,0.3291943810714265,-0.5689179547855394,-1.192245181842186,0.04820472807728505,0.36096726512590627,1.0655854093111348,0.39767203775660004,-1.238494455284687,0.6983559190505837,1.127095675598167,0.16231986177126023,0
-0.38059984134227254,0.1298722426046032,1.4383931084795292,1.0385308760612593,1,0,0,0,1,0,-0.0412600105000692,-0.475714476443288,0.31631226684865466,-0.5448516787270123,0.2379592041010247,0.055215202342907235,0.8813451007995681,-1.2568559995110329,-0.17664450942764506,-0.6545830002240612,-0.20895035944132412,1.251180156050594,0.8446187121649564,1.2114423707410567,-0.897477989697603,-0.23278784986944645,-0.3924888420573383,-0.12488002802186501,0.08301123374971872,1.6241309745857062,-0.015072874125940772,0.8260005549311037,0.007549622869551595,0.49511418592932155,0.14972465938105126,-1.6241309745857062,-0.08301123374971872,0.8001630639334981,-1.009968447893631,-0.8098479296764806,-0.7933612898783374,-0.8867912286858101,-0.24551969421163483,-0.30171300108041293,-0.3747723420151606,-0.8523972546416179,0.08453045990652028,0.9587239960437993,0.44307621281837667,0.37837302688726915,0.5669031826293847,0.062155904904119784,-1.277209135885205,-0.7656567202776299,0.8427612250610729,0
0.6217103905899984,1.289421711320388,-0.8790386569529866,-0.8681093238500562,1,0,0,1,0,0,0.9682549498305286,-0.645504323323688,-0.3233468040202586,-0.3903522212475083,-0.8178047006335394,-0.1947655142195326,-0.003428210296451712,1.2571863553762654,-0.809626232585113,-0.0645847062385118,-1.250055687199184,-0.6066774964647559,1.101998723195265,-0.8886388110082649,0.19075783395142812,0.021074682055909125,-1.2960311940844238,-2.2749285993171413,-1.8317615684677637,0.9892830742375731,-0.8831504195786269,-1.5344307165347901,1.1279642056147945,-1.1978725752526547,-0.5958913822670316,-0.9892830742375731,1.831761568467763,-1.0102503215325889,-0.25947596364157,-1.2374355713537264,-1.0388507992769007,-1.4159079159849774,-1.9152843659515075,-0.38327221085833024,0.6218547041523672,-1.2864749325462383,-0.9424412519348303,-1.5452039908641146,-0.8068044353892204,-0.16621037050522874,-0.6177148314801074,-1.1433249167342867,-0.7833178721512579,-0.4316415915936655,-0.9511296417938885,0
-1.1773079744166424,1.4697960731206219,1.0038746524609323,-0.4281154315628296,1,0,0,1,0,0,1.3215851859462378,-0.6757408713982798,2.401600837881312,-0.724811720959693,0.25174756828211986,0.04045784340451634,0.14448169275386516,1.5096286597575959,1.8097730211999166,-0.26725022012442606,-0.22175734187463178,-2.6004050672516636,-0.6027466242556438,0.3710059600471936,1.6643981343057987,2.329819120689409,-0.7920106801569583,-1.4166404714606893,-3.5663204598883063,-0.009609152108407288,0.16979947300065634,-0.4046551987577365,-0.13277681834197957,-0.4243064270432018,-1.094778288469863,0.009609152108406583,3.5663204598883063,-1.038102835155144,-0.9349191994684248,-4.649039095374304,-3.4808253927678723,-3.447033264004361,-4.341168889045284,-2.666930084640012,-2.2019219266556282,-4.821107452626714,0.19555442875423396,-0.3311783002420958,0.1785029369204177,0.08014878545804377,-0.093098282374475,-0.5405845059150832,1.0276167615398821,1.127095675598167,-0.08511336124321738,0
-1.1773079744166424,0.23294330649045036,2.1625905351771904,1.0385308760612593,0,1,0,1,0,0,0.2742134146032426,-0.5402578771409743,-0.579210432367824,-0.1363250233692226,-0.923865887798175,-0.3101412295560433,1.2251636761370692,0.0606090766776673,-0.25952690065631673,0.9793392644599144,0.6244851376959595,1.5571399437781848,-0.36309420470949927,2.38854921497167,-0.4561910552289454,-0.32796810733627063,1.4361105042022433,0.9526922175112401,1.578223524893075,0.5584902876836534,0.6829903167235022,-0.5401900444649327,0.02520564865056709,0.10099842818782166,0.11825726013858844,-0.5584902876836534,-1.5782235248930756,3.3347418035860197,0.11577027848446049,2.0195085929112513,1.4935672976767,2.1342943729900803,1.6447799341731264,0.8401159358104279,0.12354118106860354,1.876091006473136,1.1392581639597994,-0.1035484832504671,1.5469853984615822,1.3249108366408955,1.294597105582359,1.109020828958526,0.36909507656128593,0.7374113588002092,1.8943524228726025,0
-0.14929748012713334,-0.514321906681944,-1.8929150543297122,-0.13478617003801185,1,0,0,1,0,0,0.47611640666936217,-0.5809609226260017,-0.5152445252809326,-0.1855102439151321,-0.8990222919723103,-0.303433339129502,-1.357475240309263,-0.30335401307036,0.7492696672402399,-0.8691001939062208,-0.9967266101751243,0.5910525170304732,1.334130860534325,-1.0581308000111898,0.7198534735296956,-0.5575207957092048,-0.5660168301236261,-1.119955433714474,-0.6949470730335814,1.4953651847184546,0.830330538465018,1.1374963103466305,-1.5845313683870264,0.6128456925666705,0.20237490949058387,-1.4953651847184546,0.6949470730335807,-0.9823978079100336,0.7161642658861095,0.1272058382545045,-0.18609776662925942,-0.3918111018575571,-0.08799472517957138,0.4323198869208419,0.8986955503100138,-0.046252995675895824,1.0837461795359422,1.4898602356909325,0.9174834661526473,-0.1402778277722523,0.10997909147286698,2.028993034945732,-0.8656330827735822,-0.26463402725168356,1.4613442825972665,0
-0.35489957898503444,1.6501704349208541,-1.168717627632051,-0.4281154315628296,1,0,0,1,0,0,0.980873886834661,-0.645504323323688,-0.06748317567269331,-0.4690485741209635,-0.566016256870463,-0.13394730768555796,-0.43487483427271184,0.5382383564745109,1.5266774121191888,-0.2543429165922608,0.5067598229090063,-2.2709910262944684,-1.8872982858392928,-1.246123274964729,-0.005134651955644609,1.8666702217380489,-1.5967658504323512,-0.017531456931145776,-2.9790716816017273,-0.14275387761029457,-0.6404076506386536,-0.7438928173890018,-0.21119561450615781,-1.239724812532761,-0.6759286443050428,0.14275387761029457,2.979071681601727,-1.223786259305512,-0.18442671521636386,-0.5399521842206302,0.4383930906127002,-0.2609542867190535,-0.7180946013078251,-1.987270003157369,-1.186838824077591,0.139780294854656,-0.8314172830871166,-1.0140677512169813,-1.3450742035954124,-1.2294446225572482,-1.5484861282804228,-0.6040308649486834,0.28677986593896093,0.23638866577426285,-1.569712699330082,0
0.6731109153044746,1.1348151154916164,-1.6032360836506476,-1.161438585374874,1,0,0,1,0,0,0.9430170758222637,-0.6414340187751852,0.38027817393554597,-0.5523741242222691,-0.2575278308251652,-0.06642121072504202,0.32134223924571376,0.2795166851652899,-0.5960079037085769,1.201499082026836,1.5078803462298678,-0.15814937909081053,-1.999151740306233,-0.8219099528195607,0.055975454397355774,-0.06073981143338054,-0.22940463112217752,0.5288637834528167,-0.8195116582252774,0.5970847941440487,-1.2680769465963244,-0.327570441033507,0.7537251179871278,-1.8506214508567254,-1.4439857504351006,-0.5970847941440487,0.8195116582252766,-1.00328719312695,-0.46586139681088673,-1.5444798885155784,-1.3327921855304434,-1.3348335848665565,-0.5211883900177459,-1.7493889746384435,-1.7174504458797466,-1.4104971262332722,-1.2200011740541141,-0.4070549059059717,-0.3415203984652251,0.08014878545804377,-0.6684841749419423,-0.857816301083085,0.5337254978059351,0.9600881112561845,-0.6418381130257917,0
0.2619067175886707,0.1298722426046032,-0.15484123025532542,-0.4281154315628296,1,0,0,1,0,0,-0.7226826087232228,0.3895159761527229,0.5337963509440852,-0.58419985516374,1.6305244231121054,0.7510470359227934,0.2776908408142038,-0.9104404413310889,-0.40263044108312734,1.3260263333361257,1.3998215857299663,0.02465195362738708,-1.3521008790020772,0.08136936337689579,-0.3967581630386629,-0.448838820528247,0.937733915000452,0.7046243090639412,-0.9813771768947055,1.0069402600568196,-0.30483256475648923,0.8521444601176903,0.09936957238020618,-0.8615351301717517,-1.1319081252544219,-1.0069402600568196,0.9813771768947048,0.10385022336961848,-0.3345252120667762,0.13630344765189217,-0.12149526415595328,0.2567835470898098,0.5106001571422693,-1.0357458890816678,-0.762349526635866,0.3258135853852078,-0.3595654154843339,0.6552175733882943,-0.31415074923440073,-0.21807545597118072,-0.5330992590437151,-0.7626467625326843,0.03983423407198747,0.6260729825722207,-0.45626319576493324,1
0.2876069799459088,0.20717554051898904,0.5693561964423357,0.3052077222492148,1,0,0,1,0,0,0.4634974696652297,-0.5797979784692867,1.2118349660651333,-0.6565310618489011,0.2868122535197598,0.0614759000743458,1.1086247856009295,0.5045893472508531,0.7739769995709005,5.493643127544452e-5,0.03740033078397041,1.4143410191686623,0.5909404830345197,1.271484760218844,1.4127682610364216,-0.07401781035114345,-0.14066166270950586,-0.7691874503009022,0.6912331826893902,1.2434358081027634,-0.27111716033489336,0.7227155156159588,-1.1324332479488708,-0.13955191248506646,-0.7995840967658967,-1.2434358081027634,-0.6912331826893908,0.8837206048011639,0.9413120111617277,-0.7279694450999874,-0.6512357844370638,-0.6649035856248688,-1.033144539371952,0.758556726032511,0.4557501964577793,-1.1624527388592034,-0.19302946221276363,0.8069707847160468,0.32447439948480933,-0.3347718982695729,-0.36386811417093057,0.5697267771729232,-0.04248097655033679,0.6817421706862145,0.47161139053935697,0
-0.25209852955608386,0.5421564981479937,0.27967722576327125,-0.13478617003801185,1,0,0,1,0,0,-0.33149556159511606,-0.3838418880627976,0.43145089960505906,-0.5732055117475955,0.5984233575195271,0.14778409022917743,0.9826242117318772,0.3197787156728017,-2.3056443538871525,1.0970792286613555,0.25448224553670135,-1.2400881072660745,-1.4310879785337844,1.2302043226917352,-0.28955490838637143,-2.1440113968852614,1.4245956660401782,0.401261089705554,-0.7989105922128049,-0.8989824755158523,-0.13715722196045352,-0.7289760736572447,0.9973683851080083,-0.0694785839109164,0.060913972252268044,0.8989824755158523,0.7989105922128042,1.5800334453650435,0.04072103005925432,1.0824548249802661,-0.354064273059855,0.20557870638343811,2.4324047793334436,-0.7910682597479163,-0.5408768497097485,1.2559800380379649,0.05677446769459199,-0.482931511569848,0.8444977348704508,1.2860120225414318,1.1761353041714093,-0.28679906978068154,1.6038232358961542,1.1827648637121608,0.47161139053935697,0
0.13340540580248203,0.0010334127472937634,1.0038746524609323,-1.6014324776621007,0,1,0,0,1,0,0.3246891626197725,-0.5501429024730524,1.1094895147261072,-0.6490086163536443,0.3278207338705076,0.07846922248825047,0.818044922801517,0.3244838082927659,-0.6808612411569369,1.5394179522495037,1.5429476807812137,-0.01378041845316537,-1.6040212458291168,-0.12321968822384517,0.7430021217717532,0.14373517862858978,0.7145889457739087,0.5272743095253436,-1.19191554383536,1.1633324773130074,-1.2606310391968487,0.2989590047522166,1.0752001184020803,-1.3710801721564752,-1.4911268147325754,-1.1633324773130074,1.1919155438353592,-0.06326485836571254,0.7912135143113154,0.2545723698179399,0.29196075167320634,0.5810808715634928,0.006520256239666901,-1.2804235184154193,-0.983822203561983,0.6978801664463103,-1.2200011740541141,0.12408133374116129,-0.41450612974742024,0.1709126850234604,-0.39771434314548676,-1.5557262504526888,-0.04248097655033679,0.6260729825722207,-0.45626319576493324,1
0.23620645523143258,1.4697960731206219,1.0038746524609323,-0.4281154315628296,1,0,0,1,0,0,-0.5586364276695006,-0.13962361515263325,2.401600837881312,-0.724811720959693,1.6016245990715092,0.4527695082892561,0.21404021017063327,-0.03635678652680757,-0.06045757863824846,0.004264236146892161,0.5331927919968987,-0.3673625866900185,-0.5010533069669241,0.48828119467353637,-0.3957595564087081,-0.06935279746226136,-0.12400765709805325,-0.1287482467334995,-0.37315522795503414,-0.13094794135889876,0.19025669391728625,-0.3465624052396382,0.01295466224807742,-0.12872457795676095,-0.8188743473497845,0.13094794135889876,0.3731552279550334,0.8280155775560533,-0.03432821836595151,1.2189189659410893,0.9896677783849125,0.8883099158017184,0.8886600828192224,0.5138790966987595,0.7879592118469556,1.3179911348814817,0.3065783976019474,-0.17942508891434333,0.5160619441005718,0.4432043837197094,0.36382580878204385,-0.4136917878478824,0.9453015509175579,0.9600881112561845,0.2860364732784985,1
1.6497208848795075,-0.514321906681944,-0.4445202009343899,-0.13478617003801185,1,0,0,1,0,0,-0.05387894750420167,-0.4739700602082154,-0.5152445252809326,-0.1855102439151321,-0.5585241441993701,-0.22114988323059512,-0.8395481230972025,-1.512046298668852,1.3925442419622647,-1.3239288027899299,-0.4806831845160252,1.62967601715538,1.7660754294727212,-0.38422256046685055,-0.773757752400197,0.11696717163440794,-1.0578185318907127,-0.4894270760627238,0.5274811195133241,1.699534365048511,0.7835014467718253,1.3001974669202805,-1.7861139020491201,0.7396276512131839,0.14708140126915073,-1.699534365048512,-0.5274811195133248,-0.6203151308168162,-1.009968447893631,-1.255630790148503,-1.0130097982875779,-1.3134982345722352,-0.7180946013078251,0.6769975162545934,0.4557501964577793,-1.5965304167638241,0.8616982418405155,1.413983630027056,0.41570656358755365,-0.62002986833231,-0.3130987707090945,1.648314880744129,-1.0302635040182315,-0.3759724034796717,1.0283361423219313,1
0.13340540580248203,0.9029052217484598,1.0038746524609323,-0.4281154315628296,0,1,0,1,0,0,0.3246891626197725,-0.5501429024730524,4.3717507761575645,-0.7670531456638272,0.9708012111792872,0.16969653228921242,-0.13275637276191152,0.37313044586677185,1.342961567630125,0.25751068569978086,0.43408425799692407,-0.38261387284069553,-0.7248187893775889,-0.14242995157814703,0.5817291993948391,0.25514735004379424,0.5738012086318992,0.3610002182500678,-0.9813771768947055,0.45147824704345946,0.042286638557912516,0.07063029469928568,-1.5794749719518337,0.22109113303196992,-0.2118843449613705,-0.45147824704345946,0.9813771768947048,-0.03541234474315745,0.7161642658861095,0.4547197765604794,0.5245297605771081,0.7517636739180628,-0.024984737566746233,-1.0357458890816678,-0.762349526635866,0.7598912632898273,0.4731143508735179,0.6552175733882943,1.7568193758978938,0.4821031978191731,0.549980068142106,2.5682870867313348,0.6160407084282594,0.9600881112561845,2.141785645887079,0
1.2899172118781799,0.23294330649045036,-0.8790386569529866,1.0385308760612593,1,0,0,1,0,0,-0.3062576875868511,-0.3948898575515908,-0.579210432367824,-0.1363250233692226,-0.4369598684263855,-0.19834305578035463,-1.1512572459051487,-0.9178856452886361,0.8290165326596277,-1.0182850786982285,-0.37889233771752906,-0.9080496388697828,-0.1568849217295681,-0.8259362473629419,-1.5006538872477704,0.8711280807150394,-1.047290076855558,-0.45969149519183994,-0.7989105922128049,-0.4461216066019436,0.7755854584846869,-0.24349526713164366,-0.2578936625171765,0.33716253424191117,0.04377932228538549,0.4461216066019436,0.7989105922128042,-0.9266927806649233,-1.535313186870074,-1.0008977270216337,-0.4574282770171454,-0.8185181077439823,-1.0646495331783645,-0.7910682597479163,-0.5408768497097485,-1.1004416420156866,0.9449662184763004,-0.02767187758659086,0.6802798394855113,0.4302381123532211,0.549980068142106,0.506280418139323,0.6983559190505837,0.514734606344233,0.5953280020465953,1
0.2619067175886707,1.6501704349208541,-0.15484123025532542,-0.4281154315628296,1,0,0,1,0,0,-0.7226826087232228,0.3895159761527229,-0.06748317567269331,-0.4690485741209635,1.2591155659896143,0.6620556895973452,0.28730004651695185,0.31891052667967035,-0.5684517967981775,1.049304082065301,0.3910192946369134,-0.8084458361530227,-1.2653768540775354,0.11416972409947349,-0.2808809660025586,-0.611675834368386,0.9693147794822151,0.4932951631362027,-0.33645217931212407,-0.7689345227338477,-0.28542066524102494,-0.71909509195172,0.16241742572338835,-0.4563861767137486,-0.026737518885594093,0.7689345227338477,0.33645217931212335,0.10385022336961848,-0.25947596364157,0.018034525485845748,-0.3023822710812103,0.08610074473523979,0.3530751881102058,-0.709509049969999,-0.6516131881728072,0.015758101167622184,-0.44283339212011924,-0.8623145398892288,-0.7885580025686714,-0.5940973255993336,-0.7192535184037778,-0.4136917878478824,0.6983559190505837,0.3477270420022505,-1.0748462533011267,1
-0.2263982671988458,1.6759382008923163,0.27967722576327125,-0.4281154315628296,1,0,0,1,0,0,-0.3062576875868511,-0.3838418880627976,-0.10586271992482811,-0.45747558105133773,0.21242724979201102,0.05834555120862652,1.2674226615167326,0.5683252227842598,-1.7160466201002504,1.5070106277851592,0.2376253984268071,-1.3706118751747667,-1.5615329437933367,1.2884040453001144,0.03262236843225407,-2.162943665600537,1.365849150077617,0.10915106795761191,-1.3293007493813815,-0.550966827225982,-0.4750239220653718,-0.7473638314475176,0.1723434271424927,-0.6815214971701911,-0.2023598825589584,0.550966827225982,1.3293007493813809,1.4964759044973779,0.26586877533487285,0.7276480584821255,-0.6124742829530796,-0.08458205761933026,1.865314890818015,-1.0357458890816678,-0.5962450189412776,1.0079356506638961,-0.5816133531797613,-0.8623145398892288,-0.6882026220556532,-0.5033334260339178,-0.7192535184037778,-0.3502454288142823,0.6983559190505837,0.45906541823023866,-1.0129879475475077,1
-1.7684140086331095,-0.17934094905293926,0.27967722576327125,-0.8681093238500562,1,0,0,1,0,0,1.1701579418966481,-0.6594596532042688,0.41865771818768077,-0.5685763145197452,-0.3165654863873297,-0.06776278881035029,-0.21570372949701314,-0.35633790605287785,0.3238113414612359,0.25467734192271296,0.31648892182519356,0.38786937173293673,-0.6324398536096304,-1.630216905370801,-0.6387339635956988,-0.5923393615376522,-1.8419821073029699,-1.781181998815461,-0.5252107151899527,1.049905154907421,-1.328952236910056,-0.15078470397765767,-1.0379048848767456,-2.17053058526362,-2.1504286416205987,-1.049905154907421,0.525210715189952,-1.5951531076062477,-0.9349191994684248,-1.3738997123145495,-1.4135453136220761,-1.9108880428132304,-0.8756195703398886,-0.22015379130249568,0.012804842605544792,-1.720552610450858,-1.2755131584779709,-0.2553016945782196,-0.3597668312857729,-0.8145239388296306,-1.5146398993058652,0.030432725387320277,0.4514102871836102,1.1827648637121608,-1.0129879475475077,0
-0.38059984134227254,-1.9830845670552713,1.4383931084795292,1.7718540298733036,1,0,0,1,0,0,-0.07911682151246661,-0.475714476443288,-0.1442422641769629,-0.45226773417000615,-0.05671640769503222,-0.016335628873533507,1.1992694706526403,-0.6062267401205554,-1.035891508849345,0.6699536455723697,0.08405375272392093,0.41197813560958485,0.17874974932332174,1.292280727503337,-1.0401065216625272,-0.1890050578193289,-0.07782963782613798,0.3413898545124671,0.4783555005605047,0.08746187929198715,-0.37638171595632963,-0.20989065454039946,1.2261665396378885,-0.9822386899517768,0.22402675163309146,-0.08746187929198715,-0.4783555005605054,0.8001630639334981,-1.1600669447440433,-0.973604898829468,-0.9096457943302884,-0.8867912286858101,-0.2140147004052217,-0.30171300108041293,-0.5408768497097485,-0.9764194483286528,-0.49834537654397587,-0.4070549059059717,-0.6882026220556532,-0.010615114107371936,-0.39771434314548676,-0.5723076854318833,-0.6186874509066087,-0.6543183440496418,-0.76555472453303,0
-0.12359721776989524,-0.9523739281967958,-1.168717627632051,-0.13478617003801185,1,0,0,1,0,0,-0.24316300256618875,-0.3989601621000935,0.5337963509440852,-0.5830425558567773,0.5424429531399751,0.14375935597325265,-0.5936383537091253,1.1634652353320607,-1.5125434403935427,0.23567166361496777,-0.4410527761175267,0.7228227442198188,0.40227602079816016,0.172103483286034,0.8617043631894841,-1.7263186679483342,0.6074634311006074,-0.10329623687356335,0.3586118043630053,0.6301771912123648,0.9974323542582507,-0.7336560339344657,0.33291377777276115,0.2839731265057844,0.4725415396121643,-0.6301771912123648,-0.35861180436300605,0.10385022336961848,0.7161642658861095,-0.18211288125669506,-1.0259302987822392,-0.767313267037611,0.9201650766256344,-0.13859458152457876,-0.319404172783631,-0.5423417704240322,1.0004782029001573,-0.6346847228976005,0.22411901897178985,0.36540675552078095,0.46536449570571364,0.09387908442092041,-0.4540570296619595,-0.2089648391376897,0.904619530814692,0
-0.4577006284139859,0.1298722426046032,-0.4445202009343899,1.0385308760612593,1,0,0,0,1,0,-0.15483044353726144,-0.44198909589855107,0.20117363409225028,-0.5286494884295363,0.2716647788720632,0.06863098319598987,0.01054874022829183,-1.3590379875187661,0.22267472567211735,-0.1350619847719778,2.936999000729928e-4,0.7420546652034562,0.5360695478590529,-0.04494849281325078,-1.2773885339314457,0.6179635857624894,0.25548933135391066,0.1690686748887639,-0.38904162214375715,1.3979208031972914,-0.05958028447931288,0.5856624969868213,0.31658999786903097,0.43579887548426616,0.16468083022708918,-1.3979208031972914,0.3890416221437564,-0.007559831120602114,-1.1600669447440433,0.17269388524144552,0.47284775859846334,0.5640125913280355,-0.49755964466293656,-0.30171300108041293,-0.1532996650890431,0.3258135853852078,0.0012624832707351544,0.6552175733882943,0.2788583174334372,0.4043055696202447,0.5669031826293847,-0.28679906978068154,-1.1948939252628807,-0.7656567202776299,0.6571863078002155,0
-2.308119518135102,-0.7462318004251005,-1.168717627632051,-0.13478617003801185,1,0,0,0,1,0,3.8706104607809975,-0.7670319877004127,0.8024531607090287,-0.6194974840260986,-0.7051530442350168,-0.11114048023531749,-0.23819585105597643,1.1882465694700013,0.13924505636871543,-0.7273837859526062,-3.094435258748215,-0.4152312489908779,4.882426045857989,-1.3064067764427691,0.18529354169808848,0.4852552443464222,-2.2169719027122587,-4.549533829034252,0.03622492998512883,-0.6022533438160685,-0.9741291288768499,-1.4452827048683903,0.29728206593775675,-1.2156628208951952,-0.41881689981793385,0.6022533438160685,-0.036224929985129536,-1.3166279713806959,-0.18442671521636386,-1.0099953364190213,-0.6383152839424023,-1.39883963574952,-3.3960190748529038,3.042214599814193,3.3348949964973045,-2.9607745473212006,-1.0812212129944723,-1.5452039908641146,-1.308581337954314,-0.9830854665939747,-1.3284856399458025,-0.7309235830158842,0.6160407084282594,0.3477270420022505,-1.3222794763156045,1
-0.8175043014153137,-1.132748289997029,1.0038746524609323,0.3052077222492148,1,0,0,1,0,0,1.5361071150164898,-0.6908591454355757,0.35469181110078946,-0.554110073182713,-0.4606169712332011,-0.1030910117234679,0.10190127901396531,-0.5013938031471898,0.16649059812574785,-0.2070891796876051,-0.3519195667852456,-0.23148749189307655,0.17495301196884258,0.11930812971440383,0.3722175952121593,-0.9829930006831928,0.5168425909308759,-0.2213508584292932,-0.6634429763126054,0.3422733367180179,-0.022484931575267028,1.061058145852464,-1.2154113913089652,0.7922563873859815,0.24140664161374242,-0.3422733367180179,0.6634429763126047,0.3235756086142207,0.6494538228414815,0.8297434528305956,0.13691474573727128,0.34591789943052914,0.9446689606972892,-0.1295324471048102,0.1973654067106424,0.7598912632898273,0.19555442875423396,1.413983630027056,0.9266066825629212,0.08014878545804377,0.39767203775660004,1.5531453421937294,-0.04248097655033679,0.1250502895462747,1.1520527538291696,0
0.6988111776617119,-0.4885541407104817,-1.8929150543297122,-0.13478617003801185,1,0,0,1,0,0,0.03445361152472564,-0.49781041542087434,-0.5152445252809326,-0.1855102439151321,-0.62894144698481,-0.23948478372980805,-1.4928554189986185,-1.6206219241020536,3.01264773733324,-1.6345101511379367,-0.42352661661908136,1.1039917619571316,0.9792833443980153,-1.310181837977166,-0.2751779072024298,2.1888312507379974,-1.4588036265866489,-0.6165932904716731,0.19616880564547262,1.3111552580072139,0.7667335451427023,1.9486872641391815,-1.9188260643205837,0.761593059915446,-0.05137799376998487,-1.3111552580072139,-0.19616880564547334,-1.2330704305130304,-0.25947596364157,-1.6069330893092284e-4,1.1317932838261862,0.39332978897346543,-1.3166894836296663,0.9216751455883455,0.8986955503100138,-0.046252995675895824,0.917210226264372,2.1727496866658176,0.6255405410238652,-0.5422322401333817,-0.2284831982727022,1.7434844192945298,-0.4540570296619595,0.18071947766026855,1.2139110595827887,0
0.46750881644657266,0.9544407536913834,3.176466932553916,-0.13478617003801185,1,0,0,1,0,0,-0.29363875058271866,-0.3855863042978702,2.1841167537858817,-0.7172892754644363,1.1150586867377419,0.2577934932244551,4.118520402144898,0.06702054850143499,1.3108267814711678,3.0661986443124833,3.075574239450895,-0.2921460163559973,-3.2773555501760834,4.606134259476327,-0.004460813420431498,1.4875056341018267,2.9239193941438115,2.873073740601635,-0.8569681418843186,0.45147824704345946,-1.1245077954409382,-0.09645655108083588,-0.29714441545235176,-1.242928133948819,-1.1933998312335925,-0.45147824704345946,0.8569681418843179,4.615957430223559,0.11577027848446049,0.381938901381374,1.1317932838261862,2.4585916974637634,-0.8126095827270634,-2.5038116650841773,-2.644867280507863,0.7598912632898273,-1.1367331974183288,-0.3311783002420958,-0.7520651369275744,-0.7756251247301669,-1.159254495073018,-0.5405845059150832,0.6160407084282594,0.9600881112561845,-0.8892713360402683,1
-1.7427137462758722,-0.2566442469673251,1.7280720791585935,-0.13478617003801185,1,0,0,1,0,0,0.29945128861150755,-0.5495614303946948,-0.11865590134220637,-0.45747558105133773,-0.30052501224992173,-0.06910436689565855,2.565404505615497,0.31898092708874226,-1.546852948092303,2.688082461465803,0.9210010571756735,1.1728803114493935,-0.7285360456146092,2.5805409904562184,0.32031034867927655,-0.9442817598193896,1.7322063426552903,0.4587954933769733,0.09517567272851181,1.505274782839251,-0.9888112618513565,-0.11693145727659025,1.1656876974899593,-1.91379982717731,-0.749421979258192,-1.5052747828392519,-0.09517567272851252,1.7750010407229295,-0.10937746679115769,-1.1009714303929035,-1.3489428111487698,-0.7331767065666972,-0.6865896075014126,-0.9541866793037505,-1.0945585420250417,-0.9764194483286528,-1.1367331974183288,-0.6346847228976005,-1.6643867779550168,-0.944186652494511,-1.531563013793144,-1.3653871733518879,-1.1125787146405561,-0.5986491559356475,-1.6315710050837011,1
-1.460010860346257,0.0010334127472937634,1.0038746524609323,-1.6014324776621007,1,0,0,0,1,0,-0.14221150653312897,-0.44373351213362366,1.0455236076392158,-0.6432221198188314,0.6447476758143933,0.15583355874102703,1.6216744202888758,-0.7268260100306513,-1.1045048978415033,0.9194759552886324,1.1189499374068907,0.6587258593920673,-0.6388171956186264,0.9726443945313996,-0.9203205021058345,-0.09715944026006137,-0.08534441159531919,0.16670268008299285,-0.2611143426240418,1.1573935323539142,-1.2831229386476144,0.07563463297338602,1.4122593290417795,-1.3267787535737794,-1.2919369992246805,-1.1573935323539142,0.2611143426240411,1.1622457410267157,-0.7097714541928067,0.7003552302899613,0.5374502610717695,0.47867119015075044,0.8256500952063961,0.18764225758709038,0.34501385799472056,0.7598912632898273,-1.2477571662660425,-0.1035484832504671,-0.5057382938501646,0.2487103132223888,-0.3130987707090945,-1.7143421480366898,-0.12479618717266176,0.514734606344233,-0.5181215015185524,0
-1.8198145333475857,-0.4370186087675581,-0.15484123025532542,0.3052077222492148,1,0,0,1,0,0,0.17326191857018283,-0.5222322427118907,-0.7966945164632545,1.0007215457215095,-1.8364317992282138,-1.1750119018847707,-1.6713805843730427,0.015058708968443814,-0.9921701019992876,-1.3172633320530998,-1.5578362223207276,-0.10262388786745384,1.602684054294132,-0.479102207189463,-0.16777687233615773,-0.13005411887091795,-0.6878748115436704,-0.49371008930458427,0.0915777400728132,-0.23079243079930178,1.8453821081506967,-0.18874373824469,1.2256379202343342,1.0974528907049423,1.5432515762148158,0.2307924307993025,-0.09157774007281391,-0.5646101035717058,-0.3345252120667762,-0.5733100853443877,-0.5478717804797735,-0.767313267037611,-0.2770246880180474,0.10608304780917345,0.06817301183707392,-0.728375060954584,1.1115021717478706,-0.5588081172337243,-1.244718823082393,-0.5292659687668935,-0.093098282374475,-1.3019408143182878,-1.6887851889968277,-1.9347096706715041,-1.0129879475475077,0
1.135715637734753,1.289421711320388,-1.168717627632051,-0.8681093238500562,1,0,0,1,0,0,0.3751649106363024,-0.560609399883488,-0.3745195296897717,-0.35563324203863095,-0.6213662522575395,-0.1563069424406957,-0.41661156707899766,0.9991173568050358,0.6934009450460277,-0.5837726389540908,-1.1008236499275308,-0.20410425379340652,1.3330577572989957,-1.5372762179880926,-0.13363591299474564,1.2687162993540064,-1.5977762291540742,-1.2173519184512012,0.08962234189036815,-0.36726020632542794,-0.956719758367191,-1.5051934514888472,0.3270352053702209,-0.7956883849002593,0.2426174487638269,0.36726020632542794,-0.08962234189036815,-1.4558905394934718,-0.18442671521636386,-0.18211288125669506,0.48576825909312477,-0.22112829950298704,-1.1276595207911904,1.166352774922097,1.2309045656991897,-0.6663639641110671,-1.0257092285706153,-1.5452039908641146,-0.9801455471844351,-0.6848612251647502,-0.9223308922511192,-0.2233527107470814,-0.28942660841731066,-0.48731077970765985,-0.8892713360402683,0
-0.9460056132015023,-1.9830845670552713,-0.15484123025532542,1.7718540298733036,1,0,0,1,0,0,0.5392110916900246,-0.5885200596446497,-0.1442422641769629,-0.45226773417000615,-0.4497100561788051,-0.1030910117234679,1.0125840609555103,-0.34221826668320177,-0.6277533606022364,0.7949781723622096,0.27878455358997295,-0.19150918832737338,-0.06409633837287038,1.3630792200773698,-0.5407660621086565,0.17975847188504238,0.3207080434320413,0.5402447997792824,-0.04921092906325296,-0.21238889143210804,-0.04605008975894222,-0.0720222590512015,1.0387998022088514,-0.755955617127133,0.16501032345683642,0.21238889143210804,0.049210929063252244,1.3015083091394917,-0.4846237089171882,0.08171779126756346,0.1627557467265941,0.2909201075607231,0.16404522527173035,-0.05703537174666111,-0.04256332662598434,0.5738579727592754,-0.19302946221276363,-0.2553016945782196,-0.5787240251323598,0.002351157259115363,-0.29617565622181696,-0.5723076854318833,-0.4540570296619595,-0.5986491559356475,-0.8274130302866491,1
-2.308119518135102,0.1298722426046032,-1.168717627632051,1.0385308760612593,1,0,0,0,1,0,3.8706104607809975,-0.7670319877004127,0.20117363409225028,-0.5286494884295363,-1.0005179515468894,-0.18134973336644997,-0.9794265151796804,0.5083053383970797,-0.7855051514453918,-1.2545201825900338,-2.093772611370142,1.7968280730609616,4.977711432105061,-1.3064067764427691,1.121053590082558,-0.6699261731613044,-1.1957496932142933,-2.0739337837359266,1.0614552385657101,1.3979208031972914,0.056570153142150796,0.42538184762939424,0.4006006600109284,0.5090909047171177,0.6972142579541796,-1.3979208031972914,-1.061455238565711,-1.3166279713806959,0.5660657690356972,-1.0099953364190213,-1.1551353037288514,-1.4841810369268051,-1.1906695084040155,3.042214599814193,2.5043724580243647,-2.340663578886029,-0.1375174777889068,0.12408133374116129,-0.7064490548762022,-0.41256952646850126,-0.194636969298146,-0.5723076854318833,-1.6887851889968277,-1.4336869776455579,-0.1469716669968365,1
-1.1259074497021662,-0.4885541407104817,0.27967722576327125,-0.13478617003801185,1,0,0,1,0,0,0.36254597363216995,-0.559446455726773,-0.5152445252809326,-0.1855102439151321,-0.8394389883787242,-0.28688720941070006,-0.5524110422621308,-0.08902029885114979,0.39268694435540935,0.2588513959236122,0.3169568284447907,1.0445332116852188,-0.06630738310905476,0.17611057855929094,1.396843874612859,-1.4813035973631612,1.2876624554642921,0.6658675137979744,0.4025854781078499,1.0253393444399002,0.9441086164900442,1.5215106833825482,-2.0253834669999926,0.9271325125692924,0.23803062638351583,-1.0253393444399008,-0.40258547810785056,0.04814519612450831,1.0914105080121401,-0.4004555067940112,-1.0646918002662225,-0.5795621844475838,0.7941451013999841,-0.38327221085833024,-0.5962450189412776,-0.046252995675895824,0.9727222106882286,1.5657368413548085,0.2879815338437111,-0.840456481562607,-0.4654068010946016,1.7434844192945298,-0.5363722402842841,-0.09762646290970158,0.904619530814692,0
1.2899172118781799,-0.4370186087675581,-0.8790386569529866,0.3052077222492148,1,0,0,1,0,0,-0.356733435603381,-0.3600015328501387,-0.7966945164632545,1.0007215457215095,-1.3463836394874016,-1.0502451399511021,-2.199372342370833,-0.7412217575132294,-0.7725491137130267,-1.8097762421376151,-1.5583006441726588,-1.6679160131890105,1.202785864524757,-1.0602838675222608,-1.3518299495452242,0.020634483040005803,-0.8856041923116568,0.18043051090790635,-0.2971274843375756,-1.9801510895363814,1.9988576332411838,-0.3368834435950506,1.076836184467466,1.5667409886877952,2.2020224326542377,1.9801510895363814,0.29712748433757485,-1.1495128896453646,-1.4602639384448675,-1.2829236183406676,-1.077612300760884,-1.3134982345722352,-0.24551969421163483,-0.7910682597479163,-0.762349526635866,-0.9764194483286528,1.1670141561717275,-0.7105613285614767,-1.3724438528262355,-0.7107937678977266,-0.11002139686175369,-1.0481553781838862,-1.6064699783745033,-2.213055611241474,-1.198562864808365,0
-0.1749977424843705,-0.9523739281967958,-0.8790386569529866,-0.13478617003801185,1,0,0,1,0,0,0.4256406586528323,-0.5739832576857113,0.5337963509440852,-0.5830425558567773,0.045428832549203976,0.009154354747323507,-2.1897060491857356,0.25496447971847686,-0.4290142289898165,-2.0630129713466743,-2.2593869423389674,-0.7028498839238654,1.9292333685457013,-1.5035190786365231,-0.21735924051560446,-0.6226969060916181,-2.462344372314991,-2.364940594587658,-0.9568520983084287,-0.009609152108407288,1.5425410167994582,-0.5676924655433605,-0.03927351487055701,0.34537890036559715,0.6284094884184398,0.009609152108406583,0.956852098308428,-1.4558905394934718,-0.40957446049198204,-0.6824813981130464,-0.8708842928463041,-1.6719321195168326,-0.4660546508565234,0.5954383064766764,1.2862727349307197,-1.2244638357027204,1.63886602377451,-0.4070549059059717,0.48869229486974886,0.39133929825375646,0.5161338391675497,0.7600658542737248,0.12214944469431245,0.1250502895462747,0.9664778365683122,0
-0.4320003660567478,-0.9523739281967958,0.27967722576327125,-0.13478617003801185,1,0,0,1,0,0,-0.7731583567397526,1.0029690188199216,0.5337963509440852,-0.5830425558567773,2.017450958072192,1.221940943865994,0.131593480959323,-0.0031019882360799624,0.9419566180859397,0.6610638076693355,1.1482098666737561,1.5702019004391303,-1.1483221842755003,2.091843589775608,-0.3813763996256448,1.0971456946025324,1.6590512873083698,2.4293909997708787,2.0646375835209034,0.09388569754642515,1.9071615288481567,-0.3777969288076804,-0.1851606379088619,0.7520323011419064,0.879098407323673,-0.09388569754642515,-2.0646375835209043,1.3015083091394917,-0.7097714541928067,-1.264728399545891,-0.5995537824584191,0.03489590402886805,-0.9071245641463012,-1.5251011477491712,-2.146553757424099,-0.9764194483286528,1.8054019770460803,-0.3311783002420958,0.0872707728176734,-0.02358138547386016,0.27921023634565156,0.5380035976561225,-0.12479618717266176,-0.09762646290970158,0.6571863078002155,0
-0.48340089077122306,-1.7511746733121147,-0.15484123025532542,1.7718540298733036,1,0,0,1,0,0,-0.4955417426488382,-0.18904874181302367,0.29072590401389814,-0.544273029073531,0.7812478189133183,0.2752340083334625,-0.7266373857363898,1.0852459797115435,-0.6926416791627774,-0.5619790826177422,-0.36598454659477914,-0.013262160659376344,0.6019091012842123,1.1657210567928096,1.9251667875536238,-1.8785475421760458,1.1318063137786767,0.3953909762764693,-0.8195116582252774,0.7946936794948511,2.1751817178567925,0.4390556603146322,-0.9408947344034729,1.8814772513462943,0.8618201667443803,-0.7946936794948504,0.8195116582252766,0.9672781456688292,1.6167552469885829,-0.2912841940253525,-1.1809763047181743,-0.7502449868021539,1.109195039464111,-0.709509049969999,-0.4301405112466897,0.3258135853852078,1.5278420549267964,0.04820472807728505,-0.934529465133063,-1.21647835119076,-0.5330992590437151,-0.3185222492974822,-1.6064699783745033,-1.545025353873546,-0.5799798072721716,1
-1.0488066626304537,1.1348151154916164,-0.8790386569529866,-1.161438585374874,1,0,0,1,0,0,11.883635458405116,-0.8129682818906578,0.43145089960505906,-0.5697336138267077,-1.5257343347331278,-0.184927274927272,-0.3689071526940951,-1.3394484950246104,-0.6219121839895081,-2.594718128124118,-3.2550169755624916,0.02134814297165057,5.881907579335185,-1.9951457808293762,-1.6153356423144518,0.20521126434455003,-5.114393055241373,-5.645953429516026,-0.16027754582615011,0.1880776393671132,-1.4805517801021162,0.22022730933987425,1.0563923198625351,-1.566047812072757,-1.2804931424258827,-0.1880776393671132,0.16027754582614942,-1.8736782438317996,-1.685411683720486,-1.4648758062884317,-1.1551353037288514,-2.764302054586081,-2.450869260660523,3.857806697593365,4.442258381127891,-2.9607745473212006,-1.4142931195376127,0.04820472807728505,-0.43275256256796935,0.14498014229048395,-0.4992530300691578,-1.206771275767887,0.8629863402952329,1.0714264874841732,-0.8274130302866491,0
0.6731109153044746,-0.17934094905293926,-1.6032360836506476,-0.8681093238500562,1,0,0,1,0,0,0.13540510755778543,-0.5100213290663825,0.35469181110078946,-0.554110073182713,0.1269852735986344,0.03598591645348879,1.115514059218866,-0.923006297660315,-0.21022914819975907,1.840685155853123,1.0286962674082973,0.8876890582625907,-0.6549338338871922,0.01156894253462609,-1.5457614938122755,-0.9952107893763579,0.08676224999220392,-0.7355715063807597,0.2567889334467663,0.9560218637408522,-1.5395899028989672,-0.2816548210855913,-0.7127005772533707,-2.4006149325489328,-2.05549793762706,-0.9560218637408522,-0.25678893344676695,0.24311279148239442,-1.3101654415944555,0.9550882934168308,0.22735824919990022,0.2567835470898098,0.8256500952063961,1.5741488238116832,1.5631135810883663,0.8219023601333442,-1.497561096173398,-0.5588081172337243,-0.998391980004983,-1.164613265724808,-1.870025303538713,-0.44541496736468245,0.28677986593896093,0.9044189231421907,-1.3841377820692236,0
-1.6656129592041589,0.49062096620506923,1.4383931084795292,1.478524768348486,1,0,0,1,0,0,2.230148650243776,-0.7257474701370278,0.5082099881093286,-0.5807279572428522,-0.551240366590385,-0.10935170945490646,-0.9733398815189701,0.038493023907131406,-2.0574256667047037,-0.5549003325779026,-1.2926080929924284,-0.7373592155138261,1.7532884439020004,0.10337735329468754,-0.1023452755697922,-0.7212291403061082,-0.6128340614252111,-0.817698845963631,-0.04053384962865217,-0.965469047129439,1.4567462323257994,-0.15536013367751023,2.0878040796186608,0.14195878525082614,0.8821300567016348,0.965469047129439,0.04053384962865146,-0.3766056366194584,-0.6534845178739019,-1.7719201234502835,-1.7850097028435863,-1.8682173422245878,-1.033144539371952,0.4934892942542799,0.5664865349208381,-1.720552610450858,1.7221340004102954,0.12408133374116129,0.8809906005115491,1.947291862232321,1.9038292271243826,-0.667477223982284,0.28677986593896093,-0.15329565102369538,0.8427612250610729,0
0.030604356373531493,-1.8284779712265005,-1.6032360836506476,-0.13478617003801185,0,1,0,1,0,0,1.3215851859462378,-0.6722520389281346,0.17558727125749374,-0.5130259477855414,-0.5031741488122929,-0.12053152683247534,-0.6054041898541691,-0.06810349763555378,1.1005866990996727,-0.09809446305287764,-0.18369171320723526,-1.0462794120835308,-0.41819547091156895,-1.3666050441783593,0.025324278927993146,1.5094022658450807,-1.1621541583127168,-0.955826110518332,-1.1676986894219978,-0.26889098598050765,-0.5236663947627288,0.11884349449555548,0.012264823432788651,-1.0198528786880277,-0.6943699368158514,0.26889098598050765,1.1676986894219978,-1.3166279713806959,-0.10937746679115769,-0.3913578973966235,0.4082452561251572,-0.10165033785478751,-1.537224440274555,-0.46483142063624716,0.06817301183707392,-0.4183195767369984,-0.6093693453916895,-0.1035484832504671,-0.615216890773458,-0.5162996974004062,-0.8546384343020056,-0.3819686083310823,0.4514102871836102,0.3477270420022505,-0.8274130302866491,0
0.544609603518286,1.1348151154916164,-0.15484123025532542,-1.161438585374874,1,0,0,1,0,0,-0.0412600105000692,-0.4797847809917908,0.43145089960505906,-0.5697336138267077,0.2993974881269481,0.07131413936660641,0.6080027496402679,-0.9652539840111504,-0.01914314637824861,0.9139908042820017,0.9499346328156092,0.3534259455441135,-0.9155215333849349,-0.6046111084658945,-0.41785037574403444,0.8486446594510457,-0.08571019809732752,-0.13713549820541301,0.8915886482224574,-0.40223592911473205,-1.4495629194664892,0.9062480519944797,0.8789753621676101,-1.3197313760701506,-1.3688476693641505,0.40223592911473205,-0.8915886482224581,-0.5367575899491508,-0.3345252120667762,0.20908432283099887,0.6278937645343975,0.5640125913280355,-0.7180946013078251,1.247911984700014,0.8433273810784847,-0.29429738304996345,-1.3865371273256843,0.6552175733882943,-0.42362934615769415,0.06718251409155555,-0.4654068010946016,-1.3336639938350878,1.5215080252738291,1.4054416161681371,-1.0748462533011267,1
-0.5605016778429365,-0.3854830768246345,0.5693561964423357,1.478524768348486,1,0,0,1,0,0,0.7032572727437467,-0.6152677752490963,-0.016310450003180245,-0.4864080637254022,-0.415723279748418,-0.09727750668713209,-1.3749182169078198,1.0473732108858793,0.004200912496015552,-1.1874405140791973,-1.4873493691183193,-1.604124575924158,0.40531654057801075,-0.4781604189778529,0.20692303186755903,-0.12360406117087999,-1.2523074324600447,-1.4261911553760067,-1.2737915754233924,-0.924503623057108,1.434084993180399,-1.2302616507555237,-0.12995294925997156,0.36238891409189516,0.5412289465840837,0.924503623057108,1.2737915754233915,-0.45320004908148526,0.19081952690966666,0.00893691608845806,-0.05689276168264715,-0.5454256239766699,-0.34003467563087314,-0.22015379130249568,0.4557501964577793,-0.10826409251941274,0.917210226264372,-1.317574173872486,-0.9527758979536108,-0.8663890242955825,-0.685407289429221,-0.3502454288142823,-0.12479618717266176,-0.5429799678216537,-1.0748462533011267,1
1.6754211472367457,0.49062096620506923,-0.4445202009343899,1.478524768348486,1,0,0,1,0,0,-0.10435469552073157,-0.46234061864106474,0.5082099881093286,-0.5807279572428522,0.39181962306298485,0.09322658142664138,-1.1084969817714012,-0.4114870624056296,-1.3055410726869465,-0.886941556641825,-1.1116993488868823,-0.42582585026761394,1.4035313463819534,-0.5173843455932765,-0.7054780428217436,0.22740224936702086,-0.9983399069522962,-0.6258228527583777,0.5391776954544716,-1.1155255455628834,1.0244276949985576,-0.14195350951415744,2.013235712272418,0.20826406007316733,0.834269390917288,1.1155255455628834,-0.53917769545447225,-0.6481676444393714,-0.8598699510432187,-0.8462383672660339,-0.6124742829530796,-0.9379960693921812,-0.655084613695,1.0032343553662626,0.7879592118469556,-1.1004416420156866,0.8894542340524437,-0.17942508891434333,-0.14080963743918734,0.8970238815467907,0.9392117013495113,-1.2702176348014877,0.12214944469431245,-0.3759724034796717,-0.1469716669968365,1
-1.4343105979890196,-2.1892266948269663,1.0038746524609323,0.5985369837740325,1,0,0,0,1,0,-0.15483044353726144,-0.44373351213362366,5.011409847026478,-0.7757328904660465,1.3974566944978608,0.25824068591955784,-0.20930867661674074,-4.146256161334553,0.47456382566744343,-0.8601413102402821,0.2962364357888082,-2.401942817983236,-3.5015089046989623,0.8188877408935373,-0.8185402561345456,-0.3108917749402541,-0.1190383395358238,0.058022456727701704,-0.45503125954306645,-2.824669062719801,1.1092717920145923,4.870871043593316,-0.9611608991961407,1.0439590386471915,-0.3284742391509749,2.824669062719801,0.4550312595430657,1.07868820015905,-0.5596729573423944,0.9096002464298897,0.5891322630504142,0.512807750621665,1.109195039464111,0.18764225758709038,0.4557501964577793,0.9459245538203791,0.6396503041450882,3.6144051942794655,-0.989268763594709,-1.268343436656712,-0.8546384343020056,-0.857816301083085,4.731801239544486,2.7971713190179877,-1.6934293108373202,1
0.15910566815972013,-1.596568077483343,0.5693561964423357,0.5985369837740325,0,1,0,1,0,0,-0.06649788450833415,-0.4774588926783606,0.46983044385719386,-0.5726268620941142,0.3399021008629744,0.0753388736225312,0.30586402578385197,1.0974667711741215,0.7149468006872527,0.2732975378950384,0.16948654782294856,-1.5297012324484993,-2.0440280013662684,0.045072475211215914,-0.2460236726566074,0.6241065206892396,-1.035027322763287,-0.8574468740595321,-0.31993580742281313,-1.7690215962405276,-0.3802754872501079,-1.752768699653157,-0.3501893627097942,-1.3955227177682754,-1.0574707969638473,1.7690215962405276,0.3199358074228124,-0.11896988561082296,-0.40957446049198204,-0.600602913536552,-0.21193876761858224,-0.596630464683041,-0.9701345517591269,0.35076067714292497,0.5664865349208381,-0.6663639641110671,-0.47058938433204756,-1.6969572021918669,-0.5331079430809875,-0.62002986833231,-1.0802799607990516,-0.11760877902441451,3.0854970270979956,2.054915477498067,-1.6934293108373202,0
0.3904080293748593,0.2587110724619126,0.5693561964423357,1.0385308760612593,1,0,0,1,0,0,0.6906383357396142,-0.6141048310923812,-0.579210432367824,-0.1363250233692226,-1.1334967046989404,-0.36693470183409316,-1.277965038883484,-0.6466865387970191,1.398842706637992,-1.7218601659513635,-1.2947921631458146,-0.7704863181434656,1.148588920178861,-1.0947122099386701,-0.8339691738934945,1.457587478558843,-2.0404905057220417,-1.7971887797616324,-0.44411445533132876,-0.6103841330315712,0.6832179541156332,0.05214555867361858,-0.4475299947311249,0.3028065424819188,-0.07131182323929001,0.6103841330315712,0.4441144553313281,-1.1495128896453646,-1.009968447893631,-1.0463857740085747,-0.23777976860790415,-1.0062691903340089,-1.9152843659515075,0.758556726032511,1.1201682272361313,-1.2244638357027204,0.77843026520473,0.19995793940503753,0.4613226456389258,0.14498014229048395,0.2622871218583729,0.4428340591057229,0.9453015509175579,0.6817421706862145,0.2860364732784985,0
-0.09789695541265715,-1.1069805240255675,-1.168717627632051,2.9451710759725747,1,0,0,1,0,0,-0.24316300256618875,-0.3989601621000935,4.4613030460792125,-0.7682104449707897,1.4240981552204617,0.28686101840613415,-2.001433212297258,2.0709784758979533,-2.3509155628946226,-1.8167400951964907,-3.294438017093326,-0.3538124055330697,1.9599929608997717,0.17053610780347925,0.9600884469714941,-1.8247368649252902,0.5668131016890264,-0.2128946660449882,0.23272740579640636,-0.7133741297612541,2.953439271537283,-1.8806874217048486,1.380095758316988,3.016340831298595,4.075080565693484,0.7133741297612541,-0.23272740579640636,0.04814519612450831,0.7161642658861095,-0.38226028799923456,-1.2197378062021575,-0.972132629863095,0.7626401075935709,-0.13859458152457876,-0.26403600355210183,-0.6043528672675491,3.137689603218643,-1.6969572021918669,0.6529101902546883,1.3249108366408955,2.6992156080264706,0.728342674756924,-1.853415610241477,-2.213055611241474,2.018069034379841,0
-1.9740161074910114,-1.2615871198543382,1.7280720791585935,-0.8681093238500562,1,0,0,0,1,0,-0.09173575851659908,-0.4716441718947853,1.5572508643343463,-0.6860421941764467,0.7550725908097313,0.16746056881369864,-0.7383385046851406,0.7329675223199256,0.3624508162237265,0.2467487086983639,0.44052449171744795,1.1617174979712808,-0.12015359352856149,-0.05299948193494371,0.3936826588560487,0.8662193288436534,-0.3191346596349019,0.3724938878698474,0.7686432489180746,0.8221130942085961,0.9737212060411629,-0.6116382817234981,0.3749844796622063,-0.6497900521313666,-0.2090356328922685,-0.8221130942085961,-0.7686432489180752,-0.3139374809687093,-0.03432821836595151,-1.0554833834059623,-0.5091102789957901,-0.596630464683041,-0.9071245641463012,-0.46483142063624716,-0.8177176958673952,-1.3484860293897554,0.917210226264372,-0.5588081172337243,0.05990112358685037,0.24438822276689212,-0.03668790075021307,-0.011864847301746482,-0.20711139779498602,0.1992758736982665,0.47161139053935697,0
0.46750881644657266,0.6967630939767645,0.5693561964423357,-1.8947617391869185,0,1,0,1,0,0,3.8706104607809975,-0.7664505156220551,0.047655457083711085,-0.4927732099136964,-1.103314993494136,-0.208628487767718,1.559834320436331,2.195572840558214,-2.6225675003212725,1.417843662584684,-0.07581630173299989,-1.0652995691603808,-0.6201930713188025,0.9343754221606622,2.4298239803345703,-1.1663347776893955,0.5882936379877797,-0.5443446738617741,-1.4375436385994584,-0.027203276549727037,-1.2353706807310036,-0.5793483042657563,2.413083658789832,-1.332073415428839,-0.4328817205026893,0.027203276549727737,1.4375436385994576,0.540206270122983,1.6918044954137887,-0.888693877787179,-1.2843403086754637,-1.0290268973146182,-0.5080613092650741,-1.1716779053781963,-0.725437413814846,-0.9970898139431584,-1.1644891896302574,-0.5588081172337243,-0.058700689746716966,1.1822818516095268,0.4822876101929924,-1.4605567119022886,0.5337254978059351,0.5704037944582268,0.038603250264021984,0
-0.4063001036995106,0.5421564981479937,0.27967722576327125,-0.13478617003801185,1,0,0,1,0,0,-0.7731583567397526,1.0233205415624351,-0.054689994255315046,-0.4748350706557764,1.6565747601695007,1.1539676542103754,1.7814439095542052,0.14559668780122484,-0.7498834947379442,1.111480312363018,1.344417848683751,0.81852330691965,-1.3890874679574976,2.2178177290800853,-0.47549701554571394,0.23866844176304172,1.8366519633079281,2.434880973322202,2.3942546397204665,-1.2582244350408798,-0.26112377824047595,-0.676178495128264,1.264954625427629,0.319654451921223,0.6293783118716642,1.2582244350408798,-2.394254639720467,1.245803281894381,-0.8598699510432187,-1.5558519002623137,-1.2197378062021575,-0.5624939042121272,-0.5290646384693491,-1.5251011477491712,-2.2019219266556282,-1.3484860293897554,-0.38732140769626244,-0.7864379342253526,-0.6243401071837319,0.06718251409155555,0.19459466390925928,-1.175048096251087,0.12214944469431245,-0.4316415915936655,-0.8274130302866491,1
-0.2263982671988458,1.289421711320388,-0.15484123025532542,-0.8681093238500562,1,0,0,1,0,0,-0.11697363252486404,-0.46234061864106474,-0.3745195296897717,-0.36141973857344384,-0.278208395179635,-0.07625945001730262,0.10700859236045485,0.7110395580492282,0.7156812811124803,-1.0347156294063307,-0.7745448171625369,-1.1223658752423946,0.3302150605558414,-0.8289978640221636,0.018671720682093957,0.6872742521776634,-2.111419219560016,-0.9104592852546427,-1.5457865278175358,0.002319067851812721,-0.9771229505022381,-0.9572191880636403,-0.2877159437832558,-0.6958130940127798,0.11805991086084111,-0.002319067851812721,1.5457865278175342,-1.038102835155144,-0.5596729573423944,-1.746901697607466,-1.2068173057074962,-1.8255466416359454,-1.1276595207911904,-1.1173050988595852,-0.5962450189412776,-1.7825637072943747,-1.0812212129944723,-1.1658209625447336,-1.290334905133765,-1.21647835119076,-1.3623318689203594,-0.1916295312302808,-0.5363722402842841,-0.5986491559356475,-1.0748462533011267,0
0.13340540580248203,-1.4419614816545723,1.0038746524609323,1.0385308760612593,0,1,0,1,0,0,0.22373766658671274,-0.5321172680439689,-0.16982862701171944,-0.4389587921399365,-0.3021483846076716,-0.06999875228586407,-0.758940709855341,0.9589989350510049,0.5398834309925709,0.33936388527130285,0.34110241842992756,-0.4273690467809112,-0.5885313122775241,0.004371257013234312,0.6189384421689396,0.4869126064949292,0.4878156030640088,0.4568556677151667,-0.946287449071263,0.3556359628759853,1.059693240221829,-0.6962171904192596,-0.24873852451419906,0.025250886550716476,0.0025807900043143405,-0.3556359628759853,0.946287449071263,-0.28608496734615396,0.11577027848446049,-1.1282642585850677,-0.7416792878996918,-0.5283573437412127,-1.1276595207911904,-1.1988643086375024,-0.983822203561983,-0.5423417704240322,1.3613061016552261,-0.4070549059059717,1.0178388466656656,0.7154960824159574,0.6853649840403343,0.9504049313745251,0.28677986593896093,0.514734606344233,1.0283361423219313,0
0.4932090788038099,-0.5658574386248675,3.176466932553916,0.5985369837740325,1,0,0,1,0,0,-0.3188766245909836,-0.3768642231225072,0.7001077093700027,-0.6096604399169167,0.7065176772354365,0.18132354236188405,3.045403246823597,-0.5726315008418349,1.0261252042013247,2.775778726942458,2.685368973743593,-0.0203958267621136,-2.573044650350462,3.96376386750568,-0.5162708224458965,1.201404598533592,2.8921127700333225,2.8304390676684448,0.2181716668474219,-0.24419747799268982,-0.27416119523631916,0.2687659292468944,-0.19545177103256905,-0.8821284659179744,-0.7277383350882178,0.24419747799268912,-0.2181716668474226,4.337432293998007,-0.25947596364157,0.855014590045561,1.4160442947087326,2.765820741701989,-0.2140147004052217,-2.0960156161945913,-2.368026434350216,1.2559800380379649,-0.24854144663662048,0.27583454506891375,0.07814755640739948,-0.03654765684034838,-0.38079122865820925,0.15732544345452057,0.6983559190505837,0.6260729825722207,-0.332546584257695,1
-1.100207187344929,-1.4419614816545723,2.8867879618748513,1.0385308760612593,1,0,0,1,0,0,4.413224751958694,-0.7745911247190607,-0.16982862701171944,-0.4389587921399365,-1.3553052476873328,-0.25647810614371275,1.8052488579513546,-0.7328912662273576,2.051988313807138,1.177298718666168,1.8721326871740191,-0.18398153985773227,-1.4626198584063783,4.023373519041284,-1.5998487044507466,2.1839643288097097,2.196594122379953,2.9895716343594607,-0.5252107151899527,0.26996871572628706,1.5098649326508857,-0.5967770483737167,-0.6104632372529784,0.5876505147374644,0.4848706452168928,-0.26996871572628706,0.525210715189952,4.810925025581445,-1.3101654415944555,1.4008711538888534,2.5272073372495982,3.6363030337102966,-0.24551969421163483,-1.85133798686084,-1.9250810804979817,2.3101686843777554,1.916425945893794,-0.2553016945782196,1.2003031748711541,0.6506647255835172,0.8715192434003977,1.5531453421937294,0.03983423407198747,0.18071947766026855,1.3994859768436472,1
-0.4063001036995106,-1.1069805240255675,0.27967722576327125,2.9451710759725747,1,0,0,1,0,0,-0.7731583567397526,1.0233205415624351,4.4613030460792125,-0.7682104449707897,2.899106160152682,1.380694350627472,-0.6311030111694004,0.02858575833606021,-1.482129666494266,0.12648087508202113,-0.308817454839987,0.7401627284988258,0.16874443419297858,2.5915850774306017,-0.9132689356791408,0.46559444109837284,1.9231966045490718,2.477678588621603,2.0646375835209034,-1.0381887348318013,3.467045373434862,-0.9541276217252037,2.4939984172825427,1.7361413296155195,2.820448716706629,1.0381887348318013,-2.0646375835209043,1.5800334453650435,-1.1600669447440433,-1.455778196891044,-1.0388507992769007,-0.34060626115118536,-0.655084613695,-1.5251011477491712,-2.146553757424099,-1.1624527388592034,4.710529161894586,-0.4323471077939307,2.2038569800013414,3.5291769689438617,4.391527056754317,0.19962301614358732,-1.0302635040182315,-1.4707997697215542,2.636652091916034,1
-1.6142124344896835,-0.4370186087675581,0.5693561964423357,-0.4281154315628296,1,0,0,1,0,0,-0.6595879237025604,0.18890810911937359,-0.11865590134220637,-0.45747558105133773,0.9243657493185123,0.49883035588483976,0.18312858866174966,0.6375165820634119,-1.5481541197902866,-0.010058027093974634,-0.2285425872534424,-0.55218126080184,-0.2876301049873664,0.20347997115825817,-0.04683298193216757,-1.6357115675660217,-0.04173079720992076,-0.34824716897520025,-1.0618771407249543,0.30004743805884815,-0.05132997072832167,-0.9219277692464105,0.47264616724170583,-0.027791798455625644,-0.04287902316952797,-0.3000474380588474,1.0618771407249536,-0.2582324537235989,-0.5596729573423944,-1.6013399472492547,-2.020808836871154,-1.9279563230486876,-0.2140147004052217,-1.2804235184154193,-1.0391903727935126,-1.5965304167638241,0.029018475482663446,-0.7864379342253526,0.36096726512590627,0.5599008260181015,0.5161338391675497,-0.2233527107470814,0.12214944469431245,0.29205785388825667,0.47161139053935697,1
-0.020796168340944693,0.23294330649045036,-0.8790386569529866,-0.4281154315628296,1,0,0,1,0,0,-0.571255364673633,-0.13090153397727022,-0.6431763394547153,0.07198885188404132,-0.15039992589118947,-0.1563069424406957,1.1051989309755081,2.2000298974138066,-1.9477477822700897,2.0882323628594777,0.897074175192475,-0.442284130238391,-1.119435596999644,0.6481228306003056,2.1664071576471913,-1.6396392742802433,1.6362274796421838,0.5614614530815024,-0.8350596325743129,0.22497917377587734,-0.8892093213089671,-0.849350945008062,1.0149571238573307,-1.1986120406687881,-0.6180825334940776,-0.22497917377587734,0.8350596325743123,0.4659329004628361,1.7668537438389946,-0.4004555067940112,-1.1422148032341901,-0.5454256239766699,0.6366201323679207,-1.1173050988595852,-0.9284540343304539,-0.046252995675895824,-0.8314172830871166,-0.7864379342253526,0.041654690766301246,0.5599008260181015,0.008440404549195996,-0.5405845059150832,0.4514102871836102,0.6260729825722207,0.10046155601764112,1
-0.6890029896291251,0.7740663918911503,-1.168717627632051,-0.4281154315628296,1,0,0,1,0,0,-0.36935237260751347,-0.3489535633613456,-0.4512786181940413,-0.3041334228787963,-0.10686997712177208,-0.03332895128743818,0.6290354906984277,-0.47751238258478607,0.1384091732837225,0.5941066861011847,1.1583396151210266,0.8639295940344179,-0.45064435165275474,-0.29061513625886437,0.03557193395657343,-0.5517676167419447,-0.01753376401579033,0.1265754081771571,-0.9878020566370264,2.1579869790623687,-1.1650683821739687,0.6910359134007494,-0.7436832191731506,-0.8199859846123265,-1.3823219802768336,-2.157986979062368,0.9878020566370257,-0.17467491285593337,0.19081952690966666,0.49111021415003275,0.11107374474794844,0.10316902497069583,1.0146800580448727,-0.38327221085833024,0.06817301183707392,0.8839134569768611,-1.1089772052064004,0.5793409677244183,-0.14993285384946126,-0.5033334260339178,-0.7700228618656133,-0.2233527107470814,-0.7833178721512579,0.29205785388825667,0.038603250264021984,0
-0.12359721776989524,-0.23087648099586283,-0.15484123025532542,-0.13478617003801185,0,1,0,1,0,0,-0.4955417426488382,-0.1832340210294483,-0.10586271992482811,-0.45747558105133773,0.5032756580315473,0.21262703101907687,-0.41426615627064894,-1.036109487660006,-0.4532435834609665,0.9455454099711283,0.2878615828133911,0.8652419605982435,-0.07539487092884,-1.0351365673530746,-1.2361431943754988,-0.32159999726863764,-1.035027322763287,-0.926442342257866,-0.6187833227191311,1.7937886031270187,-0.4582490868063484,0.18375167220847555,0.2964221800715899,-2.3036862231269044,-1.2787247858004156,-1.7937886031270187,0.6187833227191303,-0.9823978079100336,-1.1600669447440433,-0.054746349693259644,-0.21193876761858224,-0.596630464683041,0.1010352376589052,0.10608304780917345,0.4557501964577793,-0.17027518936292965,-0.7481493064513315,-0.4070549059059717,-1.6370171287241937,-1.268343436656712,-1.9207946470005486,-0.9847090191502859,-1.0302635040182315,-0.32030321536567735,-1.6934293108373202,1
-0.35489957898503444,0.6709953280053031,-0.4445202009343899,-1.6014324776621007,1,0,0,1,0,0,-0.6722068607066928,0.25287003773870237,0.07324181991846762,-0.5049248526368034,1.1245638966763813,0.5846913533445687,-0.02879471843051827,0.6685765283563189,0.9094766117954872,0.57208461158892,1.063768507019459,0.224510680840265,-1.1210178829035145,-0.22595369286088426,-0.6990064750820255,0.09281119548978353,0.8218008249056737,0.5703256434751856,0.28185302474922574,0.02666739313143155,-0.18573051065664162,-1.6178916089398852,-1.1500186951816185,0.042034228037808284,-0.8261391722401327,-0.026667393131430846,-0.28185302474922647,-0.48105256270404034,-0.9349191994684248,-1.1828499149693978,-0.9613277963089331,-0.6307670251539549,-0.9701345517591269,-0.7910682597479163,-0.983822203561983,-1.1624527388592034,0.029018475482663446,-1.3934507795363622,0.9448531153834703,0.13201387092399572,0.1438253204474232,0.886958572340925,1.3568776040291806,1.5167799923961247,0.8427612250610729,1
-1.1773079744166424,0.6967630939767645,-0.4445202009343899,-1.8947617391869185,1,0,0,1,0,0,-0.4576849316364408,-0.29952843670095514,-0.0035172685858019803,-0.4858294140719209,0.5176225847503787,0.14510093405856092,1.4621318410847595,0.5026927671051346,-2.3017667382057385,1.0551386855778604,-0.028069133641833357,0.27663655439648466,0.10814214666845987,0.780974612372683,0.14630353968206836,-0.8588464674828807,0.16153479959809552,-0.3580731754161771,0.14025565247345223,0.23819541748766626,-1.2527892865241332,-0.5433979245051132,2.283534367786707,-1.265249150199004,-0.31309751405808484,-0.23819541748766626,-0.14025565247345292,1.1622457410267157,0.5660657690356972,1.2644070129280303,0.5503707615664309,0.59814915179895,1.2667200084961745,0.8401159358104279,0.8433273810784847,1.069946747507413,-1.192245181842186,-0.5588081172337243,-0.1864257194905595,0.9877877811122063,0.34690269429476517,-1.3653871733518879,-0.04248097655033679,0.06938110143228039,-0.1469716669968365,0
1.135715637734753,-1.132748289997029,0.5693561964423357,-0.4281154315628296,1,0,0,1,0,0,-0.6091121756860305,-0.005885037130400375,-0.6175899766199587,-0.01770184440555841,0.024291240361001047,0.009154354747323507,-0.6445481696343155,-0.333913990552047,1.8831452860229512,-0.8656993913552703,0.18350042304532832,1.7095813837690452,0.6892327824911901,-0.24453232099229585,-0.24350342558071378,0.6975439535304205,-0.5545171430644059,-0.305972671892621,0.8489203546367114,1.4897162350650546,0.651926106019587,0.2143710449863659,-1.8733582893182503,0.6196543205592632,-0.5372822984240042,-1.4897162350650546,-0.8489203546367121,-0.20252742647848845,-0.18442671521636386,0.15449866644666885,0.49868875958778525,0.2397152668543526,-0.40304466324369825,1.0032343553662626,0.6218547041523672,-0.23228628620644656,0.5286263352973745,0.12408133374116129,-0.2046721523111086,-1.112748180258855,-0.8377153198147269,0.6014499566897238,-0.7010026615289333,-0.04195727479570725,0.22417816752487937,0
-1.5885121721324456,-1.2100515879114147,0.5693561964423357,1.478524768348486,1,0,0,1,0,0,0.4634974696652297,-0.5792165063909291,-0.7327286093763631,0.3323811959506212,-1.546497030493362,-0.7023292231611592,-0.4637372531304388,0.042986808349625455,0.12230730540455186,-1.0252427500476073,-0.7092871002509697,0.89454476359657,2.5371171128394976,-0.5163009427815202,-0.3448447115197266,-0.48127759489895555,-0.4708926581726624,-0.43530769916191303,2.394254639720468,-1.154540235155578,0.12895612045542046,-0.40445860533907785,-0.6508357524461444,0.9181077130165842,0.49711472588356365,1.154540235155578,-2.3942546397204683,-0.20252742647848845,0.11577027848446049,1.555530513644453,1.0155087793742343,0.7517636739180628,1.518759958947476,4.999635634484206,3.3348949964973045,0.015758101167622184,0.08453045990652028,-0.4070549059059717,-0.0951935553878152,-0.41256952646850126,-0.0423289389126401,0.3476645205553221,0.36909507656128593,-0.15329565102369538,-0.2706882785040748,1
-0.3034990542705592,-1.95731680108381,-1.6032360836506476,0.5985369837740325,1,0,0,1,0,0,-0.6343500496942954,0.07552105383965442,0.38027817393554597,-0.5546887228361942,1.174995939866443,0.4867561531170654,0.21437772156471935,-0.7922857516586076,1.7387423115046148,-0.19641043817732529,1.7494743144063831,0.8325868200936163,-0.7088346181103572,-0.5447081317609705,-0.5950351766157409,1.6795953539730568,-0.7777610679314043,0.023386828304294845,-0.2645441656443792,1.3979208031972914,-0.8423633875235226,0.49134388095560533,-0.6890876368545653,-0.5058767306926683,-2.251569604958505,-1.3979208031972914,0.2645441656443785,-0.8988402670423681,-1.0850176963188372,-2.1017084641056063,-1.1551353037288514,-1.347634795043149,-2.1043143287899837,-1.1173050988595852,-1.149926711256571,-2.2166413851989955,-1.0257092285706153,-0.17942508891434333,-1.6278939123139191,-1.657331577651353,-1.7007941586659285,-2.1267434817550925,-1.0302635040182315,-0.5429799678216537,-2.3120123683735136,1
-0.25209852955608386,-0.7204640344536393,-0.8790386569529866,-0.13478617003801185,1,0,0,0,1,0,-0.5081606796529707,-0.16869721907050997,0.7001077093700027,-0.6137109874912857,1.0063468135458091,0.3445488760743895,0.4464551495116574,0.9361285770702142,0.06946369633875382,0.7161023757962985,0.24793306571350404,0.08005236389624883,-0.28969001506080094,-0.32146900380061183,0.08039186960736883,-0.22011594858612252,-0.23490719653646777,-0.4854993224364529,0.2365429878509938,-0.12541857881077315,-0.9420147941631467,-1.2043310403442964,-0.3161545003705742,-1.2003380655958846,-0.7963207217722738,0.12541857881077315,-0.2365429878509945,0.04814519612450831,0.641115017460903,1.701092264002664,1.2997597902567817,1.1272658390981163,1.0776900456576979,1.8188264531454346,1.839954427246013,1.6280466190990672,-1.0257092285706153,-1.317574173872486,-1.0713777112871794,-1.047916823426415,-1.3792549834076382,-0.44541496736468245,0.5337254978059351,0.514734606344233,-1.136704559054746,1
0.9044132765196139,-0.4885541407104817,-0.4445202009343899,-0.13478617003801185,1,0,0,1,0,0,2.368956957289233,-0.7298177746855304,-0.5536240695330674,-0.16236425777588057,-1.5643603958522783,-0.43580237687991735,-0.9331449866349838,-1.2047765469307359,0.20422948263602725,-0.8703592206260571,-0.8050238754501271,0.5096161957664365,0.7609517277620285,-0.03607390935092583,0.14342290477765965,-1.5321050198911885,0.26794051532995466,-0.15040463623645922,-0.3471945350124867,1.0393990221288592,1.261516194005997,1.7972715376519528,-1.8188063338374136,1.441484384593735,0.8997296115084035,-1.0393990221288592,0.347194535012486,0.27096530510494976,0.5660657690356972,1.273504622325418,0.14983524623193267,0.2567835470898098,2.1488598350757298,0.4323198869208419,0.6772228733838963,1.6280466190990672,1.0282341951120857,1.4898602356909325,-0.33239718205494984,-1.1775795370912954,-0.6346379459673855,1.2993599060593275,-1.1948939252628807,-0.9326642846196119,0.47161139053935697,1
-0.7147032519863632,0.3617821363477598,0.27967722576327125,0.5985369837740325,0,1,0,1,0,0,-0.3945902466157784,-0.34023148218598254,-0.6047967952025805,-0.07556680975368728,-0.37968226651564924,-0.20326217542648495,0.3368750693297793,0.9351112726413814,0.5759606318885893,-0.30154453879247806,-0.16994364053563374,-0.04192273573963406,0.08712474235515597,-0.18060006424101271,0.38657023135059737,1.0352378437510452,-0.607190806933183,-0.2810100934545591,0.42176776227307794,-0.4754817429490244,-0.648886440595464,-0.8962119966503337,0.25295671642566425,-0.19471279244682807,-0.053416606231600765,0.4754817429490244,-0.4217677622730786,-0.23037994010104354,0.26586877533487285,-0.23669853764102378,0.31780175266252825,0.0519641842643253,-0.8756195703398886,0.6769975162545934,0.5111183656893089,-0.23228628620644656,-0.7481493064513315,-1.0140677512169813,-0.8068044353892204,-0.5681647828663581,-0.6007917169928287,-0.6992004034990842,0.28677986593896093,0.06938110143228039,-0.8274130302866491,1
-0.9460056132015023,-1.9830845670552713,-0.15484123025532542,1.7718540298733036,1,0,0,1,0,0,0.31207022561564,-0.5542132070215552,0.09882818275322415,-0.5072394512507286,-0.13859194727194166,-0.03422333667764369,1.3750091397050435,-0.43568748074745695,-0.821192875171864,0.9253819008479338,0.7880553561296596,-0.08533144988340269,-0.23571103297104107,2.187131199755088,-0.3172857187380685,-0.448838820528247,1.0248148786010511,1.1251209674758575,0.25295560183580257,-0.36726020632542794,0.2733720444208813,0.2801448726482659,0.6715584417040543,-0.2339423564403961,0.07395107897295031,0.36726020632542794,-0.2529556018358033,2.109231204193592,-0.25947596364157,0.13630344765189217,-0.12149526415595328,0.2909201075607231,0.8571550890128092,0.02452383803125581,-0.09793149585751397,0.6978801664463103,0.1400424443303771,0.12408133374116129,-0.3688900476960481,0.015317428625603584,-0.07617516788719629,-0.6040308649486834,-0.28942660841731066,-0.48731077970765985,-0.8274130302866491,1
0.46750881644657266,-1.235819353882877,1.0038746524609323,-0.8681093238500562,1,0,0,0,1,0,-0.6974447347149578,0.31101724557445576,1.4676985944126986,-0.6796770479881525,1.835899068917284,0.764462816775876,1.2034971280082318,-0.17043689753359326,-0.4814451411363361,1.7587262319728805,1.3933870516092397,-0.39610539520475513,-1.640505121001581,2.6099797166580405,-1.0915497763549755,-0.1357721640494989,1.6779221056055644,1.6056635318732113,-1.2173253467419909,0.6670879417885637,0.9343689275679155,-0.8595606131163903,0.5217137053889122,-0.7121268384229996,-0.24385348774126892,-0.6670879417885637,1.2173253467419902,1.9978211497033713,-1.1600669447440433,-0.7552622732921518,-0.7029177864157086,-0.06751377738387422,-0.15100471279239655,-2.259134035750426,-2.2572900958871576,-0.4183195767369984,0.9965130611555962,-0.7214008436563161,0.37921369794645543,0.6025042890794194,0.25745194629057844,0.09387908442092041,-0.0895182397630935,0.2522941480925468,0.5157958946490849,0
0.8016122270906633,-0.2566442469673251,-0.15484123025532542,-0.13478617003801185,1,0,0,1,0,0,-0.6469689866984278,0.1569271448097092,-0.5664172509504457,-0.15947100950847412,0.2700766546821054,0.2439305196762697,0.7182972003923632,0.05024670249427703,0.3228967867834207,0.23257613521632062,-0.06686148519964978,-0.13421976384253556,0.241483607975483,-0.1337730780064743,-0.47879423457476106,0.26614341418689463,0.3230013499216272,0.25816745992922563,1.2234273880116,-1.3964401374831386,-1.1324742257821363,-0.5486107295704064,-0.17396226015451358,0.006087255361603748,0.3389734817673599,1.3964401374831386,-1.223427388011601,-0.23037994010104354,-0.5596729573423944,-0.4186507255887879,-0.22485926811324272,-0.08458205761933026,-0.5290646384693491,0.6769975162545934,0.12354118106860354,-0.5423417704240322,-1.0812212129944723,-0.5588081172337243,-0.1681792866700104,-0.23104172733766892,-0.21156008378542468,0.3476645205553221,0.5337254978059351,-0.09762646290970158,-0.3944048900113141,0
-0.3291993166277972,0.7740663918911503,-0.8790386569529866,-0.4281154315628296,1,0,0,1,0,0,-0.7479204827314877,0.4621999859474147,-0.4512786181940413,-0.3041334228787963,0.9891666006294079,0.5905048583809045,0.33285380932130965,-0.9230592760316364,1.2477257157517734,-0.03415729683139788,0.688191280525076,1.9765313253767993,0.596645135280977,-0.7208664502378684,-0.8906781100273771,0.9803777900154534,-0.48603249746099036,-0.1181415154258248,1.2234273880116016,1.4823726005156324,-1.1831225877887745,0.37466604660390684,-0.7204977207996892,-0.43579720025295077,-1.0100245649477368,-1.482372600515633,-1.2234273880116022,-0.5367575899491508,-0.6347222057676005,0.9096002464298897,1.338521291740765,1.0419244379208312,-0.05648973137315825,2.063504082479186,1.4523772426253072,0.6978801664463103,-1.1089772052064004,0.35171115073279,0.014285041535478216,-0.3607044410025493,-0.4992530300691578,-0.033013633646279864,-0.4540570296619595,0.29205785388825667,0.10046155601764112,0
-0.35489957898503444,-1.0812127580541053,-0.4445202009343899,-0.4281154315628296,1,0,0,1,0,0,-0.6722068607066928,0.25287003773870237,-0.1826218084290977,-0.4256498501098669,0.9138049267018108,0.5234259541154913,-0.500160680136231,-0.08200566486207879,-0.21234083444308963,0.4576450446565072,0.4163719467608576,-0.6405346079031192,-0.8653224568160833,-0.3929936523915849,-0.44521144816780067,-0.33382103850894934,0.6201130539068538,0.33167888355593256,-0.2094031647789695,-0.6659292998071308,0.3028109740236357,-0.33344770670295615,-0.04518091597950123,-0.003355441313247215,-0.2174840492710492,0.6659292998071308,0.2094031647789688,-0.5924626171942612,-0.7097714541928067,-1.0827762115981268,-1.0646918002662225,-0.801449827508525,-0.6235796198885869,-0.9541866793037505,-0.983822203561983,-1.1624527388592034,0.5563823275093027,-0.02767187758659086,0.9995924138451164,0.8192262533478623,0.7699805564767266,0.506280418139323,1.3568776040291806,1.0714264874841732,0.7190446135538346,1
0.72451144001895,0.6967630939767645,0.27967722576327125,-1.8947617391869185,1,0,0,1,0,0,-0.6848257977108253,0.29357308322372977,-0.0035172685858019803,-0.4858294140719209,1.1207958431283125,0.6012374830633705,1.2044519661893796,0.3437441048874686,-2.3232925248239145,1.683511634223885,0.9201159654326178,1.4237435390757804,0.005353210112450534,0.4079194037426162,-0.030763380549807668,-0.7699457810734399,1.0707877895522098,1.106349245775483,1.37244176550182,0.5806453452778549,-1.2672315167461785,-0.5026176509722043,2.4022974555038483,-1.2125407642399466,-0.1160611135379071,-0.5806453452778549,-1.3724417655018208,-0.11896988561082296,-0.5596729573423944,-1.637730384838808,-1.6977963245046235,-1.2964299543367779,-0.37153966943728567,-0.5463906304141645,-1.0945585420250417,-1.658541513607341,-1.192245181842186,-0.482931511569848,-0.040454256926167845,1.1952481229760152,0.549980068142106,-1.238494455284687,-0.6186874509066087,-0.4316415915936655,-0.1469716669968365,1
0.13340540580248203,0.5421564981479937,-0.4445202009343899,-0.13478617003801185,1,0,0,1,0,0,-0.7605394197356201,0.7500286647343941,-0.09306953850744984,-0.4690485741209635,1.504439193439837,0.9393151605610532,0.26943711162088874,-0.026253112297575487,0.032541612496707235,-0.48793137569288075,-0.08674432983572279,-0.38636089935614437,-0.4463169208475933,0.5998083689527112,-0.741638581701622,0.9562504980059723,0.028976152654720894,0.6756350619310404,0.46715141202740545,-0.9902652685099177,0.22466259239574546,-0.7069240298604555,0.9164540556160655,0.6878960668152484,0.7723980134548852,0.9902652685099177,-0.4671514120274062,0.6330479821981672,-0.6347222057676005,0.2454747604205509,0.7183372679970265,0.700558833211691,-0.08799472517957138,-0.46483142063624716,-0.7069813574043363,0.2638024885416898,0.05677446769459199,-0.7864379342253526,-0.5148615102604385,0.002351157259115363,0.27921023634565156,-0.9529858396334858,-0.04248097655033679,-0.48731077970765985,-0.5799798072721716,0
0.8016122270906633,-0.41125084279609675,-1.8929150543297122,0.3052077222492148,1,0,0,1,0,0,-0.24316300256618875,-0.40128605041352367,-0.822280879298011,1.0933054902785158,-1.8225728208667882,-1.1535466525198386,-2.229978447745767,-0.0948266243489306,-0.7825095726852553,-1.600006485325114,-2.249794776754927,-2.1189272748679717,1.5786715067439154,-0.4443211805337566,-1.0080846576586242,-0.7658015539666011,0.20385593914900288,-0.1123169306515211,-0.5796783524084306,-2.315046147867737,2.656878826972199,-0.8797245622881167,0.3001600919704931,2.363645597538244,2.815187773586877,2.315046147867737,0.5796783524084299,-0.5646101035717058,-1.0850176963188372,-0.7279694450999874,-0.9742482968035945,-0.8526546682148961,-0.11949971898598452,-0.38327221085833024,-0.1532996650890431,-0.4803306735805153,1.5555980471387252,-1.1658209625447336,-1.564031397441998,-1.2035120798242718,-0.36386811417093057,-0.5723076854318833,-1.6064699783745033,-2.2687247993554687,-1.136704559054746,0
-0.25209852955608386,-0.30817977891024867,-0.8790386569529866,-1.6014324776621007,1,0,0,1,0,0,-0.5081606796529707,-0.16869721907050997,-0.6559695208720935,0.07777534841885421,-0.33089868126174904,-0.1898463945734023,0.06603969672511893,0.599835405785195,-1.4880596848783374,0.34187546525975476,-0.35923053961310886,0.30038397205542655,0.5978780340834728,-0.6706476954705162,-0.24659571140243655,-0.4255608733039011,-0.40021343252404973,-0.3893538712548184,0.1765838412788985,0.23455420748543962,-0.7619330811941234,-1.0703270893660648,1.6065798027869673,-0.8586964864778692,0.08688902146095381,-0.23455420748543962,-0.17658384127889992,-0.48105256270404034,0.04072103005925432,0.9277954652246664,0.5374502610717695,0.3421249482670949,0.9831750642384596,1.166352774922097,1.1755363964676604,0.9459245538203791,-1.0257092285706153,-1.3934507795363622,-2.0110690015454455,-1.0997819088923677,-1.311562525458524,-1.9046812251374914,-1.1125787146405561,-1.1553410370755877,-2.1264374511126554,1
0.9044132765196139,-1.6223358434548052,-0.4445202009343899,0.3052077222492148,1,0,0,1,0,0,2.368956957289233,-0.7298177746855304,-0.8094876978806327,1.0412270214651997,-2.74383472609382,-1.365963182693647,-0.28991354081214094,1.133890192201537,-1.9236211775190692,-0.4323111724014535,-1.772591712661169,-2.0508966056409013,0.803398951475505,-0.15814402362679056,0.33085621589122793,-1.5030014493851322,-0.022800843419950877,-0.49265307104110106,-0.27639264516917894,-2.523055500868579,0.2451161907236619,-1.2248553796488322,1.1192830836346297,0.5614155774905654,1.823476204117121,2.5230555008685784,0.27639264516917894,0.10385022336961848,0.7161642658861095,1.127942871967207,0.05939174276930372,0.0519641842643253,1.833809897011603,0.758556726032511,1.009431888773073,1.2559800380379649,-0.4150773999081907,-1.5452039908641146,-2.2756422774434037,-1.5276688639864726,-1.2607931819966884,-1.397110352868688,-0.7010026615289333,-1.545025353873546,-2.064579145359036,0
-1.2287084991311177,-0.9523739281967958,-0.8790386569529866,-0.13478617003801185,0,1,0,1,0,0,1.460393492991695,-0.6856258967303579,0.3035190854312764,-0.5489022263013813,-0.46758293208315554,-0.1030910117234679,-0.8019439593903186,-0.4051174482757462,0.9375576444807072,-1.233843506684163,-0.9780444417233928,-0.5907736986463171,0.20556208856028177,0.7832899755029599,-1.017636634137061,0.9139358484996817,-0.7688405789771952,-0.21723374976218496,-0.4633576356367652,-0.34619240229020387,1.8977767113110031,-0.4634096289489983,-0.363255320267184,0.9044738194066049,1.0594191993864661,0.34619240229020387,0.46335763563676446,0.911573118423719,-0.8411076389369172,0.5365982611369737,0.9605966522719245,0.5640125913280355,-0.08799472517957138,-0.01625576685770265,0.22043547722377976,0.6048635211810345,1.8054019770460803,-0.4070549059059717,0.10551720563822252,-0.10137901367278856,0.2622871218583729,0.7917890337905242,0.12214944469431245,-0.04195727479570725,0.6571863078002155,0
0.2619067175886707,-1.3904259497116478,1.0038746524609323,-0.13478617003801185,1,0,0,0,1,0,-0.5586364276695006,-0.16288249828693463,-0.8350740607153893,2.3460819900655054,-1.5897796604139562,-1.9383698324251728,0.9827641279350154,0.7983788919537101,-1.2607681250349052,-0.5647589827101506,-1.5160692410535774,-0.6938787583704239,1.2672288942897638,0.683551256044876,0.2430969013302297,-0.5117282517660163,-0.1561096175744554,-0.4772449971233985,0.5391776954544716,-1.4811177417461807,-0.6835610820237861,-0.8522709455167774,1.2092747207645418,0.6081573259119519,1.505027412834082,1.4811177417461807,-0.53917769545447225,0.744458036688388,0.340918023760079,0.33645085439443295,0.007709740790658993,-0.05044549714841698,0.3530751881102058,1.0032343553662626,0.7879592118469556,-0.046252995675895824,-0.9146852597229018,-1.1658209625447336,-1.6552635615447422,-0.9182541097615345,-0.6515610604546642,-1.2702176348014877,-0.8656330827735822,-1.4336869776455579,-1.5078543935764617,0
-0.020796168340944693,0.7740663918911503,-0.8790386569529866,-0.4281154315628296,1,0,0,1,0,0,-0.571255364673633,-0.13090153397727022,-0.4512786181940413,-0.3041334228787963,0.2659752261028921,0.1343683093760948,1.2405624468690042,1.156905469490871,-0.5084619277746448,1.406837714971101,1.262994739228543,0.43022222551517236,-0.8853229167105711,0.5573512436693412,1.8498667046896942,-1.3216992050861645,1.5915161882344262,0.7113778479564379,-0.9053494332772455,1.484686348387369,-1.1681334854046395,0.2652667917108196,-0.6330957480828214,-0.32242678248509155,-0.947433007316907,-1.4846863483873682,0.9053494332772448,0.24311279148239442,1.2415090048625523,-0.8462383672660339,-1.3231018101594472,-0.7502449868021539,0.1325402314653172,-1.3619827281933365,-1.2052948804881005,-0.5423417704240322,-1.1089772052064004,0.19995793940503753,-0.12256320461863823,-0.4255357978349895,-0.5161761445564365,-0.2233527107470814,-0.5363722402842841,0.18071947766026855,0.038603250264021984,1
-0.35489957898503444,-0.10203765113855341,-0.4445202009343899,-1.161438585374874,1,0,0,1,0,0,-0.6722068607066928,0.25287003773870237,-0.7966945164632545,0.9688958147800386,-0.6402913343138573,-0.5543084410821474,0.24316393213344278,-0.4389647727779128,-0.8646013357864656,-0.03493450307423001,-0.20684927805863743,0.059540904422866095,0.24856349599222433,-0.4947129707151777,-0.3980882457884639,-0.2107536431896144,0.3343872386248515,0.30605248446687056,0.12891477706591967,-0.04664941409013511,-0.832436738211451,0.2036968610228791,0.9701519039346076,0.3787669216805255,0.5677148749185044,0.04664941409013511,-0.12891477706592036,-0.6481676444393714,-0.6347222057676005,-0.9463120706373036,-0.8967252938356269,-0.7331767065666972,-0.4660546508565234,-0.7910682597479163,-0.9284540343304539,-1.1624527388592034,-0.7481493064513315,0.27583454506891375,0.2514886682026129,0.7284623537824456,0.854596128913119,-0.4771381468814831,-0.6186874509066087,-0.7099875321636356,0.10046155601764112,0
0.72451144001895,0.5421564981479937,0.27967722576327125,-0.13478617003801185,1,0,0,1,0,0,-0.6848257977108253,0.29357308322372977,-0.09306953850744984,-0.4690485741209635,1.048156237724814,0.5882688949053907,0.15695905509633107,0.6085442721140805,-1.5602706461126121,0.2495614016722269,-0.11688163706348437,0.29627660831684405,0.45566660960412153,0.5125705941167319,-0.06664185594388441,-0.8851342497402681,1.0115634276183516,0.9528168633632821,1.57487639152627,-1.1578572735420007,0.29389911128786056,-0.9020064597361845,1.2434676836446565,0.6659076256856893,1.0821920688931572,1.1578572735420007,-1.5748763915262707,-0.09111737198826762,-0.6347222057676005,-1.7923897445944073,-1.865762830935219,-1.4841810369268051,-0.49755964466293656,-0.30171300108041293,-0.9284540343304539,-1.9065859009814097,0.1400424443303771,-0.9381911455531051,-0.43275256256796935,0.2357440418559006,0.49921072468027106,-0.8895394805998851,-0.20711139779498602,-0.7099875321636356,-0.2706882785040748,0
-1.1259074497021662,-0.41125084279609675,-0.4445202009343899,0.3052077222492148,1,0,0,1,0,0,-0.596493238681898,-0.02042183908933873,-0.822280879298011,1.0933054902785158,-1.2263655233388107,-0.8606354372275343,-1.4396607172472187,0.8611965328118613,-1.5516932191349802,-1.2063019555767374,-2.2269742759718802,-2.9147510206906193,1.030676408488506,0.6610078447228731,0.06148127902883423,-1.9409475099734297,0.5748965666646102,-0.2078183006933946,-1.6740743965204417,-2.315046147867737,2.6623545225890797,-1.120428672518244,0.17075154932905426,2.1996937123549127,2.6922815049004036,2.315046147867737,1.6740743965204417,0.29881781872750485,-0.25947596364157,-0.9372144612399159,-1.6719553235153006,-1.4159079159849774,0.3845801819166189,-1.3619827281933365,-0.8730858650989243,-0.5423417704240322,1.63886602377451,-1.317574173872486,-1.4271831512878814,-1.1386807229918314,-0.3469449996836519,-0.3502454288142823,-1.6064699783745033,-2.2687247993554687,-1.0748462533011267,0
-0.7147032519863632,-0.9523739281967958,0.27967722576327125,-0.13478617003801185,0,1,0,1,0,0,-0.3945902466157784,-0.34023148218598254,0.3035190854312764,-0.5489022263013813,0.6176913815775852,0.16254144916756835,-1.584124926952337,0.953062596794753,0.8877113430368102,-1.358010148031096,-1.2795366289739065,-0.13747187633054647,0.7281349908799711,-0.1186672906420391,0.6504938406658541,1.189545404104142,-0.6572507746963873,-0.2365931209861012,0.8432886699243073,-1.023858678725748,2.084193314208104,-0.656457874365697,-0.018152732634127252,1.182865481044454,1.4324731506786172,1.023858678725748,-0.843288669924308,-0.007559831120602114,0.7912135143113154,0.47291499535525605,1.0542702808582185,0.700558833211691,-0.49755964466293656,1.166352774922097,0.7879592118469556,0.20179139169817292,1.8886699536818656,-0.6346847228976005,-0.07694712256726609,-0.07544647093981212,0.39767203775660004,0.47455723862252236,0.36909507656128593,-0.09762646290970158,0.40975308478573785,0
-0.25209852955608386,-1.3904259497116478,-0.15484123025532542,-0.13478617003801185,1,0,0,0,1,0,-0.5460174906653681,-0.16288249828693463,-0.8350740607153893,2.3460819900655054,-1.6190412403228231,-1.9383698324251728,-0.21181670009654288,-0.13864037224506573,-1.0104635977579839,-0.5536682379907117,-0.891849499814661,-0.49899029141582496,0.7806927132207068,-1.1287988835792935,-0.6166110666943773,-0.19352753739778183,-0.2670808934736466,0.19973966792207065,0.9454154897089528,-1.6182148153149178,-0.8333462665664585,-0.42741916865871366,1.1868610775058566,0.48313722772462375,1.3544549385028737,1.6182148153149178,-0.9454154897089535,-1.1216603760228097,-0.7097714541928067,-0.5369196477548344,-0.5478717804797735,-0.6136987449184976,0.1325402314653172,0.2692014673650073,-0.1532996650890431,-0.6043528672675491,-1.0257092285706153,-0.8623145398892288,-1.6735099943652914,-0.944186652494511,-0.7192535184037778,-1.3019408143182878,-0.9479482933959068,-1.545025353873546,-1.7552876165909395,0
-0.09789695541265715,0.5421564981479937,-1.168717627632051,-0.13478617003801185,1,0,0,1,0,0,-0.7731583567397526,0.9709880545102572,-0.09306953850744984,-0.4690485741209635,1.6244573095884214,1.1092483847001,-1.0003410686025473,0.9970471256148599,-0.2458513836185675,-0.09863347197759585,-0.4495301475622136,-1.0079166050184578,0.017004367901925093,-1.017136394600394,0.34822587953444295,0.8287518364347507,0.5267149860648908,0.5065152046573831,-0.37315522795503414,-1.004587223962434,0.3746879059612861,-1.0196334284854958,1.1689027485711927,0.6555290212687803,1.078924720166362,1.004587223962434,0.3731552279550334,-0.9266927806649233,0.41596727218528484,0.2636699792153276,0.6666552660183818,0.8712416355662611,-0.5290646384693491,-0.6279498401920818,-0.5408768497097485,0.139780294854656,0.25106641317809053,-1.0140677512169813,-0.2959043164138529,0.3265079414213163,0.5838262971166633,-0.7309235830158842,-0.20711139779498602,-0.6543183440496418,-0.08511336124321738,0
-0.4063001036995106,-1.6223358434548052,0.27967722576327125,0.3052077222492148,1,0,0,1,0,0,-0.7983962307480176,1.096004551357127,-0.8094876978806327,1.0412270214651997,0.17807456053538515,0.03822187992900256,1.6506549657741187,0.03297104454766456,-0.911061241343873,1.3356189903502917,0.5251766372411636,-0.6395980444796046,-0.8849191624747068,2.62654491628929,-1.2040818959947068,0.1872149167348668,2.172770100272966,2.6270356268598847,1.9684992754626969,-2.8246690627197997,0.32913682141552464,-1.2514766042707455,1.4335841740301285,0.3501465491603307,1.8820336291867668,2.8246690627197997,-1.9684992754626975,1.5800334453650435,-1.3852146900196616,-1.501266243877985,-1.1938968052128347,-0.42594766232847037,-0.49755964466293656,-1.6066603575270884,-2.2019219266556282,-1.1624527388592034,-0.3318094232724056,-1.5452039908641146,-2.175286896930385,-1.3202085221226638,-1.1254082660984612,-1.3653871733518879,-0.6186874509066087,-1.545025353873546,-2.002720839605417,0
-1.3829100732745436,-1.6223358434548052,-0.15484123025532542,0.3052077222492148,0,1,0,1,0,0,-0.81101516775215,2.3548916010011887,-0.8094876978806327,1.0412270214651997,0.44498297934688336,1.0063940648264664,-0.7729483508623836,0.09720433231053201,0.01235745211014595,-0.10936706189097482,-0.6972344674729598,0.10568607277312288,0.9113883110594247,-0.5326317446740731,-0.6858818407702758,1.2696978403610648,0.5964130751533386,1.2136256912378718,2.4925058776261064,-2.3278937843766143,0.5426041340533178,-0.8205173679761889,1.259030829358279,0.7391408408235369,2.0913082298654704,2.3278937843766143,-2.4925058776261073,-0.7874302125521474,-1.009968447893631,-1.537656681467537,-0.7804407893836761,-0.5283573437412127,-1.4742144526617298,-0.05703537174666111,-0.983822203561983,-1.658541513607341,-0.16527347000083534,-1.2416975682086098,-2.0931779492379152,-1.3072422507561756,-0.9900233502002335,-1.2702176348014877,-1.277209135885205,-1.9903788587854983,-1.8171459223445585,0
-0.2263982671988458,-0.4885541407104817,-0.15484123025532542,-0.13478617003801185,1,0,0,1,0,0,0.021834674520593164,-0.5030436641260921,-0.5280377066983108,-0.20286973351957077,-0.6441749866255013,-0.23009373713265022,-0.7765427266110752,-1.2680573041371281,1.4446602979030034,-2.3799968133626677,-1.5178128531566442,-0.7058141013455496,1.3078895292723989,-0.3850997008965189,0.3285952336405801,0.11862224468566278,-2.119073803452734,-1.547551632509223,-1.3500596596423822,0.3763264807979944,0.6950144808541654,2.069627936930376,-1.855695107616444,1.113984840849919,0.4623480827920661,-0.3763264807979944,1.3500596596423813,-0.6760201580619267,-0.25947596364157,-1.5285590720701494,-1.2455788071914804,-1.8596832021068592,-1.0961545269847772,-0.46483142063624716,0.17890935030013266,-1.720552610450858,0.4731143508735179,1.6416134470186852,-0.48749186102961545,-1.3072422507561756,-0.8715615487892844,0.9821281108913258,-0.5363722402842841,-0.4316415915936655,-0.023255055489598248,1
0.3647077670176212,1.6501704349208541,0.5693561964423357,-0.13478617003801185,1,0,0,1,0,0,-0.571255364673633,-0.07856904692509216,0.31631226684865466,-0.5500595256083439,0.9611505786275443,0.36467254735401344,-0.678671625455657,-0.34165244698685665,-0.3984607237856399,-0.12173458108871497,-0.783107540455241,-0.27839675081106774,0.4720012601188122,-0.7369278639144825,-0.4966790109492861,0.24064276755149686,-0.5985376842646304,-0.5322126043541446,0.33643704580791395,-0.7133741297612541,0.20737977722803952,-0.028633424307400495,0.7865319318174573,-0.4290441566186197,0.49847613466556,0.7133741297612541,-0.33643704580791395,-0.8431352397972577,-0.7097714541928067,-0.9281168518425269,-0.6770767854263857,-0.8526546682148961,-0.9071245641463012,0.2692014673650073,0.12354118106860354,-1.2244638357027204,0.05677446769459199,-0.17942508891434333,-0.4601222117987924,-0.010615114107371936,-0.1777138548108673,-0.2233527107470814,0.4514102871836102,0.1250502895462747,-0.20882997275045564,1
0.4932090788038099,-0.35971531085317227,1.0038746524609323,1.478524768348486,1,0,0,1,0,0,-0.6974447347149578,0.27031420008942836,0.15000090842273722,-0.5112899988250976,1.2865280515437292,0.6030262538437816,0.7480746465735225,0.19508936836635069,0.03228416606904437,0.9838941781813513,0.6178252638573727,-1.3585023142024553,-1.5002596000750674,2.4007625496617835,-0.7909915481518509,-0.247345044381411,1.3961320211451922,1.3708139473757304,-1.4375436385994584,-0.42709685071602743,1.358597646083313,-1.0601642493284154,-0.29269145228052135,0.055203054156951044,0.5351299107238733,0.42709685071602743,1.4375436385994576,1.9421161224582606,-0.8598699510432187,-0.5369196477548344,-0.5737127814690962,-0.03337721691295973,0.1010352376589052,-2.0960156161945913,-1.980449249729511,-0.10826409251941274,0.7229182807808735,-1.2416975682086098,-1.272088472313216,-1.2035120798242718,-1.1084851516111824,-0.28679906978068154,-0.37174181903963527,-0.5986491559356475,-1.2604211705619852,1
-0.6890029896291251,-1.1842838219399534,0.5693561964423357,-0.4281154315628296,1,0,0,1,0,0,-0.23054406556205628,-0.40942665951052915,-0.4512786181940413,-0.29545367807657696,-0.278208395179635,-0.08654488200466598,-0.566527513908729,-0.4294849292135629,0.2874737462027933,-0.6762055178035864,-0.5126562426498384,-0.7788251024875109,0.20750903122325,0.009510555191050606,-0.3894945525380716,-0.20567987768441043,-0.8530181942724739,-0.9078012561946572,-0.8079054238520522,-0.2609537869844238,0.797273133586312,0.1992944514710976,-0.5996746828677689,0.06767178984913941,-0.2198130142175953,0.26095378698442306,0.8079054238520514,-0.17467491285593337,-0.5596729573423944,-0.7006766169078218,-0.6899972859210471,-0.9550643496276378,-0.5605696322757617,-0.30171300108041293,0.06817301183707392,-0.728375060954584,1.194770148383656,0.6552175733882943,1.3371514210252706,0.7673611678819103,0.7530574419894479,1.267636726542527,0.8629863402952329,0.793080546914203,1.1520527538291696,0
-0.2263982671988458,1.1348151154916164,-0.8790386569529866,0.5985369837740325,1,0,0,1,0,0,-0.5460174906653681,-0.12799417358548257,-0.6175899766199587,-0.0437410788122164,-0.13706727454065257,-0.064632439944631,-0.25319261919295283,0.4284629222017694,-0.9091228972023676,-0.02514293898751567,-0.2247310275742201,-0.6208236065282156,0.10217099473118867,-0.612704575239629,-0.19129281923712552,-0.5373748686024917,-0.5665304348239504,-0.62944670289581806,0.08962234189036815,-0.9356157016516281,-0.2601366919221054,-0.7797117541317421,0.7027915375622382,-0.5277953928757159,-0.3223708512525344,0.9356157016516281,-0.08962234189036815,-0.45320004908148526,0.04072103005925432,0.7367456678795146,0.31780175266252825,0.06903246449978255,0.8256500952063961,1.166352774922097,1.2309045656991897,0.6358690696027934,-0.3040534310604773,-0.7864379342253526,-0.24116501795220557,0.14498014229048395,-0.07617516788719629,-0.6992004034990842,0.7806711296729086,0.3477270420022505,-0.6418381130257917,0
-0.6890029896291251,1.1348151154916164,-1.168717627632051,-0.4281154315628296,1,0,0,1,0,0,-0.36935237260751347,-0.3489535633613456,-0.31055362260288033,-0.39093087090098955,0.08762736507083908,0.03374995297797501,-0.9232966912458939,-1.6462152059688742,-0.03597152744809018,-1.1190721112104796,0.04826197489322735,-0.33725836887767424,0.17261287520556115,-0.08628704766144285,-0.02850238210042949,-0.6394219566255093,0.12320831644360199,0.17472350372263418,-0.9609518129377761,0.4930801176436278,1.1976495233768694,2.23092897261776,-0.5933831177153771,1.6339654832510564,0.10784056317658618,-0.4930801176436278,0.9609518129377754,0.02029268250195297,0.11577027848446049,0.4547197765604794,0.03355074177998182,0.08610074473523979,1.0146800580448727,-0.5463906304141645,-0.1532996650890431,0.6358690696027934,0.917210226264372,1.793366658346437,-0.4692454282090663,-0.6848612251647502,-0.0592520533999176,-0.826093121566285,-0.8656330827735822,-0.7656567202776299,-0.2706882785040748,1
0.8273124894479005,-1.9830845670552713,-0.15484123025532542,1.7718540298733036,1,0,0,1,0,0,-0.6595879237025604,0.15111242402613387,0.13720772700535894,-0.510132699518135,1.1193907686194995,0.5104573659575113,-0.24117543713087145,-0.48993541060640183,-0.1126515944436782,0.4290190641624604,0.09380684474403884,0.2538039079028054,0.41624701674861153,-0.15411093885275853,-0.4278332535445762,0.3193028280267851,0.2154133087194325,0.13551598741082027,0.8063022000563537,-0.45352244570481864,0.18137448192369066,0.24385776525706013,0.47486705217483666,-0.365976928178551,0.010351493211942536,0.45352244570481864,-0.8063022000563543,-0.28608496734615396,-0.5596729573423944,-0.5824076947417753,-0.3411437725651945,-0.23819657973844427,-0.7180946013078251,0.5954383064766764,0.2342775195316623,-0.5423417704240322,0.1400424443303771,0.19995793940503753,-0.06782390615699217,0.1838789563899486,0.025363519036474696,-0.1916295312302808,-0.04248097655033679,-0.26463402725168356,-0.5181215015185524,0
0.72451144001895,-0.8235350983394863,0.27967722576327125,1.478524768348486,1,0,0,1,0,0,-0.7226826087232228,0.3168319663580311,-0.3745195296897717,-0.3475321468898929,0.9368571517910429,0.5122461367379224,-0.09559118807735736,0.33246853173563523,-1.2182364387788327,0.3377492718452785,-0.06605125321039028,0.5288280581311428,0.2624688801234714,0.5407144698417472,-0.3593593657207357,-0.6046566348655876,0.6615016780050981,0.5885596205430033,1.3298662290760435,-0.5976867361744845,0.6731974011907037,-0.8163218174285873,1.057748417796599,0.19965626389400642,0.66048377972262,0.5976867361744845,-1.3298662290760441,-0.007559831120602114,-0.7848207026180125,-1.592242337851867,-1.594432320547333,-1.3134982345722352,-0.6235796198885869,0.02452383803125581,-0.5408768497097485,-1.720552610450858,0.5841383197212315,-0.7864379342253526,-0.0951935553878152,0.45617065508619664,0.5161338391675497,-0.5405845059150832,0.4514102871836102,0.18071947766026855,0.2860364732784985,0
-0.020796168340944693,-1.0812127580541053,-0.8790386569529866,-0.4281154315628296,1,0,0,1,0,0,-0.5838743016777656,-0.07856904692509216,-0.23379453409861076,-0.4053971122380218,0.5785743012639791,0.25287437357832476,0.17534816688349816,1.5851994244251228,-1.313645449912246,1.3037586804427086,0.9530628021810621,-1.634244140813133,-1.757319683014492,0.3219203039422577,1.794747882342382,-1.8970000692692321,1.4548382887411027,0.6672458116292151,-1.9287998281276528,-0.31595390708670573,0.07783308012870287,-0.3777969288076804,-0.11050478621320424,-0.3187011224411061,-0.5875926538091614,0.31595390708670573,1.9287998281276528,-0.007559831120602114,1.0914105080121401,-1.0372881646111858,-1.7236373254939452,-1.2110885531594928,0.5106001571422693,-2.0144564064166746,-1.7036084035718644,-0.9144083514851348,0.08453045990652028,-0.3311783002420958,0.0872707728176734,0.015317428625603584,-0.11002139686175369,-0.1916295312302808,0.9453015509175579,0.848749735028197,-0.08511336124321738,1
-0.25209852955608386,0.7998341578626126,-0.15484123025532542,-1.8947617391869185,1,0,0,1,0,0,-0.5586364276695006,-0.12217945280190722,-0.2721740783507456,-0.39671736743580244,0.4742445592557529,0.21262703101907687,-0.4091660842396879,0.13640162450655616,0.1158721481729371,-0.06070447274614473,0.17454050983453262,0.7717605285267892,0.008331332552260397,-1.0572399540886195,-0.6885776145974614,-0.6405118315118012,0.033376694656496744,-0.020505663134386454,0.5641420291796073,0.4930801176436278,-0.48742630470481274,-0.8770174486838838,-0.8020537282361564,0.11510358543653182,-0.24693100002201862,-0.4930801176436278,-0.564142029179608,-1.0659553487776992,-0.7848207026180125,-0.5915053041391644,-0.806281790372998,-0.7502449868021539,0.06953024385249205,0.10608304780917345,-0.1532996650890431,-0.728375060954584,-0.6926373220274746,-1.0899443568808573,-1.2264723902618437,-1.385039878955104,-1.2607931819966884,-0.5405845059150832,-0.5363722402842841,-0.3759724034796717,-1.136704559054746,0
-0.09789695541265715,-1.1842838219399534,-1.168717627632051,1.478524768348486,1,0,0,1,0,0,-0.1800683175455264,-0.4228005173127524,-0.7071422465416066,0.2629432375328666,-0.9765561738802919,-0.5283712647661876,0.09078132882079429,1.1614125076845954,-0.8881628087091119,-0.12114948621741778,-0.42755605856798373,-0.34250058005237916,-0.05673875613060975,0.20296644807196929,0.9781542723489691,-1.8179944046006349,0.6836773173113164,-0.03407311738458277,0.3735052989149339,-0.8375679493470506,0.07656803584492036,-0.6141816381786038,-0.6127607367760587,0.8415878646933013,0.5225780487770191,0.8375679493470506,-0.37350529891493456,0.15955525061472892,0.8662627627365218,-0.082039177885424,-1.0000892977929163,-0.71610842633123994,1.109195039464111,0.02452383803125581,-0.1532996650890431,-0.23228628620644656,0.0012624832707351544,-0.6346847228976005,-0.23204180154193166,-0.5033334260339178,-0.1607907403235886,0.28421816152172197,0.28677986593896093,-0.09762646290970158,-0.2706882785040748,0
-0.2263982671988458,0.5679242641194551,0.27967722576327125,-0.13478617003801185,1,0,0,1,0,0,-0.19268725454965888,-0.41291549198067434,-0.4001058925245282,-0.3388524020876736,-0.24058231699259588,-0.05568858604257591,0.6016052660492738,1.175698559492825,-2.456024531373701,0.13560922309688278,-1.0076140317605178,-1.6218686678159873,0.12799853443775358,1.4329867722907528,0.2264973445238246,-2.1714612312022012,1.1640826608133628,-0.07231438709620237,-0.83882515761197,-1.3800988454323733,0.5952767313673542,-1.3867831022331625,1.1753586892612906,0.9710851281868039,1.2393466660120398,1.3800988454323733,0.8388251576119693,1.4964759044973779,0.340918023760079,0.381938901381374,-0.8579637923516437,-0.40887938209301433,1.518759958947476,-0.6279498401920818,-0.319404172783631,0.6358690696027934,0.5008703430854462,-1.317574173872486,-0.13168642102891215,0.4821031978191731,0.8715192434003977,-0.7309235830158842,-0.12479618717266176,-0.7099875321636356,0.10046155601764112,0
-0.14929748012713334,-0.7204640344536393,-0.4445202009343899,0.3052077222492148,1,0,0,0,1,0,-0.4703038686405733,-0.24661447757041954,-0.4128990739419065,-0.33595915382026714,0.11249051203816492,0.06997256128129814,-0.9440352896337189,-0.5656906247907868,-0.8818207403541486,-1.1715383229263092,-1.5549462217396408,-1.0036952668874668,1.3870767103394557,-1.4948852252135287,-0.07317726450529435,0.18057983851398038,-2.3163878019603032,-2.214199928344607,-0.39487744041716594,-0.9772859963810728,-0.18096765273538387,0.7031207584119832,1.386943815887107,-0.714217799808042,-0.14022902772836227,0.9772859963810728,0.3948774404171652,-1.4280380258709164,-0.18442671521636386,-0.3549674598070702,-0.21193876761858224,-1.091610591511294,-0.7811045889206503,1.166352774922097,1.5631135810883663,-0.9144083514851348,-0.05424950115312168,0.8828473903799233,0.5525548097416701,1.234146937075479,0.8207498999385615,-0.4771381468814831,1.0276167615398821,0.5704037944582268,0.22417816752487937,0
0.004904094016293398,0.23294330649045036,-2.617112481027373,-0.4281154315628296,1,0,0,1,0,0,-0.1295925695289965,-0.45361853746570174,-0.6431763394547153,0.05462936227960266,-0.7960574185097282,-0.39108310736964186,-0.46423657869359225,0.382632843007222,-0.1148020812947051,0.8033530842262132,0.80685018206695025,0.6102162121181413,-0.37867029228761495,-1.3949799354914203,-0.49480527681826575,0.7987076193745326,-0.21883300072014608,0.3419153040615573,0.8915886482224574,-0.05200463268990121,-0.7483152515510507,-1.0208606493261803,0.9595624214245858,-1.3022692463233754,-0.7151310069511504,0.05200463268990121,-0.8915886482224581,-1.2330704305130304,-0.18442671521636386,1.0551619967881019,1.3643622927300878,1.195538960039945,0.4790951633358572,1.247911984700014,0.8433273810784847,1.069946747507413,-0.6926373220274746,-0.9381911455531051,0.0872707728176734,0.5728670973845897,-0.025405824425361403,-0.4771381468814831,0.6983559190505837,0.7374113588002092,-0.08511336124321738,0
0.2619067175886707,0.928672987719922,1.0038746524609323,-0.4281154315628296,1,0,0,1,0,0,-0.5333985536612357,-0.14543833593620858,1.9794258511078293,-0.7034016837808854,1.4531188915305564,0.43175145161942663,0.6664830545161734,-0.08050808093326754,0.21951589598728163,0.2856013948227851,0.08024783765324187,0.8992381289942685,0.5337303917864931,0.8295397135586778,0.34919685452071014,-0.8869711289352716,0.1280766410735058,-0.5237563258439141,0.5873904109192033,0.6438868985692391,-0.09789460368163153,0.46031761080731565,-1.191406029051024,-0.2588304540545705,-0.6156722304539611,-0.6438868985692391,-0.587390410919204,0.7166055230658329,0.26586877533487285,-0.1457224436671417,-0.5737127814690962,-0.4942207832702994,0.1010352376589052,0.9216751455883455,0.6772228733838963,-0.5423417704240322,0.08453045990652028,0.7310941790521709,0.7897584364088047,-0.010615114107371936,-0.11002139686175369,1.267636726542527,0.36909507656128593,0.793080546914203,0.904619530814692,0
0.2876069799459088,-0.7204640344536393,-0.15484123025532542,-0.13478617003801185,1,0,0,0,1,0,-0.7353015457273552,0.34299820988412016,0.7256940722047591,-0.6137109874912857,1.7929324036126122,0.7380784477648135,0.8183794883048332,0.5483347441867596,0.2273787328598309,1.6395313620742962,1.2827894710952996,-0.21208131629942376,-1.8290796054934024,0.25954651676438534,-0.5532284605598345,-0.18917702036617337,0.9528397964413706,0.5316609207811943,-0.45503125954306783,0.16204084244106823,-0.8786407786458201,-1.3068187718546196,-0.5009390063577394,-1.2700814648832872,-1.1486257285348127,-0.16204084244106823,0.4550312595430671,0.27096530510494976,-0.4846237089171882,0.1272058382545045,0.007709740790658993,0.39332978897346543,0.06953024385249205,-1.0357458890816678,-0.983822203561983,-0.046252995675895824,-0.9701972441467586,-1.3934507795363622,-1.0348848456460813,-1.0997819088923677,-1.4469474413567518,-0.5405845059150832,0.5337254978059351,0.6817421706862145,-1.136704559054746,1
0.9815140635913272,-1.7254069073406524,0.27967722576327125,1.7718540298733036,1,0,0,1,0,0,-0.2684008765744537,-0.40128605041352367,-0.029103631420558513,-0.4858294140719209,0.23076484661749921,0.06684221241557886,-1.6509662622140697,-1.1514909115140766,0.15587066120793575,-1.013932002260294,-0.5289294926666245,0.6015221901558954,1.175137683587591,-0.16137818165003465,-1.3762560390434955,-0.5598229443051,0.43773607454644675,0.15458233396435284,0.41113096936191074,0.4126498344833025,2.134461598939941,0.20175432548677072,-0.7756484854770008,1.8038083200139539,0.8385538074050753,-0.4126498344833025,-0.4111309693619114,-0.20252742647848845,-1.3101654415944555,-0.19121049065408274,-0.44450777652248397,-0.2552648599739003,0.19555021907814235,0.5138790966987595,0.34501385799472056,-0.046252995675895824,1.5555980471387252,-0.1035484832504671,-0.8159276517994943,-1.047916823426415,-0.38079122865820925,-0.3502454288142823,-1.3595243465075295,-1.378017789531564,-0.5799798072721716,0
-0.1749977424843705,-0.8235350983394863,0.27967722576327125,-0.13478617003801185,0,1,0,1,0,0,-0.028641073495936725,-0.4850180296970086,-0.5408308881156891,-0.165257506043287,-0.6300852824723534,-0.24529828876614387,1.169593647025695,-0.001220105826495215,-1.1839633071300553,1.4673058643818337,1.4127187178293743,0.9233080879410168,-1.00858670920503,0.7290206663696457,-0.5200661646494901,0.27273046499063214,0.3852710522476513,0.6243157207205347,0.5364130502320184,0.7272741774339888,-0.897919577207344,-0.5193162334992512,1.8925853191421713,-1.600207379721426,-1.2270807343520742,-0.7272741774339881,-0.5364130502320191,0.38237535959517033,-0.7097714541928067,-0.8553359766634215,-0.5995537824584191,-0.42594766232847037,-0.5605696322757617,-0.5463906304141645,-0.8177176958673952,-0.728375060954584,-0.8036612908751883,-0.4070549059059717,0.3062279666642602,1.2730457511749436,0.43151826673115745,-1.397110352868688,0.36909507656128593,0.848749735028197,0.038603250264021984,0
0.3647077670176212,-1.132748289997029,0.5693561964423357,-0.4281154315628296,1,0,0,1,0,0,-0.571255364673633,-0.07856904692509216,-0.630383158037337,0.02280363133813179,-0.11277384770415039,-0.07804822079771365,-0.8191968286692234,-0.3343923157598543,1.4837015325132368,-0.2289228664059524,0.49587021615147386,1.773741349675172,0.4059339672047954,-0.6772607922938684,-0.4544743211690247,-0.12264873564700388,-0.32159078937748387,0.06564373495561637,0.4884925330428311,1.934690701407091,0.46240212798689334,0.0036815494660064067,-2.151519850367423,-0.009623898145421061,-0.5805672360513403,-1.934690701407091,-0.4884925330428318,-0.8152827261747027,-0.7097714541928067,-1.0554833834059623,-0.9484072958142716,-1.0062691903340089,-0.40304466324369825,-0.13859458152457876,-0.3747723420151606,-1.1624527388592034,0.11228645211844858,-0.3311783002420958,-1.0075151964152582,-1.8129268340492097,-1.7007941586659285,0.47455723862252236,-1.277209135885205,-0.5986491559356475,-0.6418381130257917,0
-1.1773079744166424,0.49062096620506923,-0.4445202009343899,1.0385308760612593,1,0,0,1,0,0,-0.43244705762817587,-0.29952843670095514,-0.7199354279589849,0.2716229823350859,-0.7142350708974166,-0.4402743038309449,-0.9579068215380317,0.3622185828670293,0.2185874699640577,-0.8129843737906256,-0.978668836995679,1.338828553593358,1.4645736036494215,0.7856748988989529,0.015611730349402313,-0.31946743303221653,0.10177276073108928,-0.11568429263827586,0.4316262532639202,1.3979208031972914,2.117029855040997,-0.48151688373001855,-0.6198503550400435,1.1992055670181199,1.159374223704243,-1.3979208031972914,-0.4316262532639209,1.07868820015905,0.340918023760079,1.0096739498011607,0.6666552660183818,0.683490552976235,0.8256500952063961,0.8401159358104279,0.6772228733838963,0.8839134569768611,1.611110031562582,-0.6346847228976005,-0.6790794056453779,-0.8663890242955825,-0.39771434314548676,0.28421816152172197,-1.9357308208638015,-1.7677021063295222,-0.20882997275045564,1
-1.9740161074910114,-0.6946962684821769,1.7280720791585935,-1.161438585374874,1,0,0,1,0,0,0.1480240445619179,-0.5152545777716003,-0.38731271110714993,-0.3446388986224865,-0.5022370993196112,-0.12992257342963318,-0.10544053774475481,0.20627531337323937,0.9024208767296042,-0.6418258592892925,-0.3073418242251462,1.5366889289351,0.5729895779206596,-0.006077880175939449,0.20520332996158783,0.5582673364417158,-0.7729348940451047,-0.2299251623367636,0.4977080171176754,1.6022396676771504,0.1405446881830397,-0.07755114988963467,-0.6726347357404514,0.10063631883455897,0.1750822541348559,-1.602239667677151,-0.49770801711767615,-0.06326485836571254,0.11577027848446049,-0.20030810005147043,0.11107374474794844,-0.20406001926752979,-0.2770246880180474,0.02452383803125581,-0.2086678343205727,-0.6663639641110671,0.22331042096616224,0.04820472807728505,0.38833691435672935,-0.03654765684034838,0.008440404549195996,1.0138512904081252,-1.0302635040182315,-0.4316415915936655,0.47161139053935697,1
-0.07219669305541997,-0.8235350983394863,-0.4445202009343899,1.478524768348486,0,1,0,1,0,0,-0.40720918361991093,-0.31987995944346886,-0.3745195296897717,-0.3475321468898929,0.061917318548039696,0.022570135600406147,-0.8541111375279545,1.0245183510015492,-0.3800244388699219,-1.244063426857193,-1.2826502208267698,-0.6450752030319318,0.5236880143127526,-0.605591937033664,0.3504942273862774,0.47268374161659243,-1.571286348741888,-1.0305942055342068,-0.4372750117287954,-0.4461216066019436,0.5825620000911057,-1.0550661663750363,0.9945077137076609,0.122588783113036,0.6613334532886868,0.4461216066019436,0.4372750117287947,-0.5646101035717058,0.340918023760079,0.05442496307539909,0.29196075167320634,-0.3747428216220998,-0.18250970659880966,0.4323198869208419,0.7325910426154264,-0.17027518936292965,0.6118943119331598,-0.9381911455531051,0.2514886682026129,0.7414286251489338,0.7530574419894479,-0.1916295312302808,0.6983559190505837,0.514734606344233,0.7190446135538346,1
-0.09789695541265715,-0.4370186087675581,-1.168717627632051,-0.4281154315628296,1,0,0,1,0,0,-0.7731583567397526,1.0407647039131613,-0.10586271992482811,-0.45747558105133773,1.6133935675181517,1.1539676542103754,-0.8514893406587718,1.3205809936847899,0.2694911625786948,0.15758087621636832,0.08412965297122517,0.07088705545668308,-0.1644946474334921,-1.2446072908071348,0.5940671165531693,0.8265588449737062,0.11918901317772759,-0.10150265146799628,-0.2763926451691775,0.37080434932556694,-0.05958028447931288,-1.2174154614281247,0.4622084789149829,-0.09469581229637845,-0.2084702524639495,-0.37080434932556694,0.2763926451691768,-1.1495128896453646,0.641115017460903,0.23637715102316323,0.6408142650290589,0.6664222727407777,-0.8126095827270634,-0.30171300108041293,-0.2086678343205727,-0.17027518936292965,0.0012624832707351544,-1.0899443568808573,0.2788583174334372,0.4821031978191731,0.4145951522438788,-0.3819686083310823,0.03983423407198747,0.23638866577426285,0.2860364732784985,1
0.8016122270906633,-1.1842838219399534,-1.8929150543297122,1.478524768348486,1,0,0,1,0,0,-0.25578193957032125,-0.40128605041352367,-0.7071422465416066,0.2629432375328666,-0.8958498657963051,-0.5118251350473857,-0.3936153935026708,-0.09289273939190974,-0.4638456863829626,-0.3625722140632195,-0.5208195260285259,-1.3237872874056544,-0.04701041610084044,-0.297212818626282,-0.4688720476817951,-1.2417231479539026,0.49743549817838667,0.03314745140046714,-0.8350596325743129,-0.9772859963810728,0.2503602399069723,-0.342207524427839,-0.6137194201618089,0.9830601949338058,0.7094529261405356,0.9772859963810728,0.8350596325743123,-0.6203151308168162,-0.8598699510432187,-1.5740471190570904,-1.8399218299458961,-1.603658998575004,-0.4660546508565234,-1.1173050988595852,-0.9284540343304539,-1.4725082230767892,0.1400424443303771,-0.4070549059059717,-0.2959043164138529,-0.5551985114998699,-0.1607907403235886,0.31594134103852145,0.12214944469431245,-0.32030321536567735,-0.2706882785040748,0
0.5703098658755232,-0.30817977891024867,-0.15484123025532542,-1.6014324776621007,1,0,0,1,0,0,-0.38197130961164594,-0.3431388425777702,-0.6687627022894718,0.09513483802329287,-0.5876010482317433,-0.3374199839573113,0.785619841079242,-0.05559461283537032,-0.26984499359389785,1.3162898064307815,0.7580189798876039,0.5798711402874748,-0.4781842550545837,0.6297889409552867,-1.4999775707723741,1.1840772960715444,1.2306280047493383,1.4096400018211923,1.5985806802879148,-0.7945777810288902,-0.4631458239022687,-1.4263392514265147,1.5587706366764456,-0.5579529448074051,0.39077729904973846,0.7945777810288902,-1.5985806802879157,0.605195468575612,-1.3852146900196616,0.07262018187017576,0.6795757665130432,1.195538960039945,-0.6865896075014126,0.18764225758709038,-0.4855086804782194,0.2638024885416898,-0.8036612908751883,-1.6210805965279906,-1.9107136210324267,-1.0219842806934394,-1.1423313805857394,-1.7777885070702906,-0.6186874509066087,-0.9883334727336057,-2.064579145359036,0
0.13340540580248203,0.23294330649045036,-0.4445202009343899,-0.4281154315628296,1,0,0,1,0,0,-0.7605394197356201,0.6221048074957366,-0.6431763394547153,0.05462936227960266,0.6742653199713425,0.4362233785704542,0.5862224269387813,0.19395969224816642,-0.26945389528743263,0.8661637940951256,1.0201422693876991,0.04293167277717651,-1.4968389752672333,0.2666440760819115,-0.5214573145173482,0.6235659000140622,0.11534780548261654,0.6772780122369334,0.5364130502320184,-0.47345425101596506,-0.548728935844764,-0.7886002550764095,0.9949760946648338,-1.055754496189797,-0.6650047551753916,0.47345425101596506,-0.5364130502320191,0.32667033235006016,-0.40957446049198204,0.30006041680488094,0.5891322630504142,0.615217432034406,0.19555021907814235,-0.5463906304141645,-0.8177176958673952,0.139780294854656,-0.49834537654397587,-0.7105613285614767,0.12376363845877164,0.6247321828505417,0.12690220596014448,-0.635754044465484,1.1922471827845313,1.0157572993701793,-0.1469716669968365,0
0.930113538876852,0.28447883843337485,-0.4445202009343899,-0.13478617003801185,1,0,0,1,0,0,1.965150973156994,-0.7094662519430168,-0.7583149722111197,0.343954189020247,-2.1989102187933467,-0.8114442407662313,0.06405974631212998,0.3534902803325717,-0.16982832453798716,-0.48566116105429863,-0.44934554299388485,0.3878693717329378,1.1148865289999865,0.3990020434765776,0.22423582033342696,-0.7522876389750434,0.18706552089854298,-0.23792007911161014,0.03622492998512883,0.4930801176436292,0.3096015039099806,-0.2605419810384239,-0.5238155179006113,0.8415878646933013,0.3518885631570069,-0.4930801176436292,-0.036224929985129536,0.35452284597261524,0.19081952690966666,-0.03655113089848297,-0.4186667755331612,-0.32353798091572933,0.29006520049738066,0.4323198869208419,0.4557501964577793,-0.046252995675895824,0.19555442875423396,-0.3311783002420958,-0.2867811000035777,-0.5033334260339178,-0.1607907403235886,-0.0012904541294803558,-1.1948939252628807,-1.1553410370755877,-0.45626319576493324,0
-1.7170134839186342,-0.35971531085317227,1.7280720791585935,-0.4281154315628296,1,0,0,1,0,0,-0.016022136491804253,-0.49083275048058395,-0.7327286093763631,0.27740947886989875,-1.2434645926917873,-0.5918726274707787,1.9802245482287981,0.4034006992664547,-0.16812203883735555,1.1624584401593145,0.5569724146293001,-1.1444052762119996,-0.9807184020647965,2.1170840374085214,0.14991278367572863,-0.6462050423585072,1.706882056548956,0.8624739723309919,-0.9266372014901345,-0.6418048099999468,-0.6381850129841069,-0.4035007839156142,-0.41954528858128215,0.12210867194893617,0.11794654976408939,0.6418048099999468,0.9266372014901345,1.7192960134778195,-0.03432821836595151,-0.4914316007678933,-0.7287587874050313,-0.08458205761933026,-0.15100471279239655,-1.2804235184154193,-1.0945585420250417,-0.046252995675895824,-0.8036612908751883,-0.7105613285614767,-1.1899795246207467,-1.1905458084577836,-1.0746389226366257,-0.5088613263982832,-0.28942660841731066,-0.5986491559356475,-1.569712699330082,1
-1.3829100732745436,-0.8235350983394863,-0.15484123025532542,-0.13478617003801185,0,1,0,1,0,0,-0.81101516775215,2.4421124127548186,-0.5408308881156891,-0.165257506043287,1.651329496102748,2.005869738381123,-0.04194278557708656,-0.5465420817275798,-0.41645547364828905,0.9974489404507405,1.3158766773294261,1.9647814037755347,-0.583989901078691,-0.8236507664128984,-1.0816706041825848,1.4690341640477507,0.2459240375067817,1.02093418396255,2.1388014211658057,0.5584902876836534,-0.7646596766732705,-0.33344770670295615,2.045546245571457,-1.1036351026204574,-0.7139606049339942,-0.5584902876836534,-2.1388014211658066,-1.0102503215325889,-1.3101654415944555,-1.583144728454478,-0.7416792878996918,-0.6136987449184976,-1.5687294340809674,-0.30171300108041293,-1.0945585420250417,-1.658541513607341,-0.6093693453916895,-0.1035484832504671,0.7350191379471587,1.7787303344679768,1.1084428462222957,-1.238494455284687,0.36909507656128593,0.7374113588002092,0.5953280020465953,0
-1.1259074497021662,-0.12780541711001567,-0.4445202009343899,-0.13478617003801185,1,0,0,1,0,0,-0.6091121756860305,0.020281206395688665,-0.8478672421327675,3.3211066561814766,-1.913965681136189,-2.551023824715947,-0.5049710813707244,1.2589917335591434,-1.5550389867065144,-1.0786230798502288,-1.536130429391546,-1.3132356219964367,1.029259506131247,0.24213059289705352,-0.1902336934052219,-2.250939172024822,-0.32213099386632155,-0.7518712557741997,-1.7416546130692934,-0.06374491962016399,0.9441086164900442,-1.9185776031700064,-0.1361863991965094,1.13773061460725,1.262988850281049,0.06374491962016399,1.7416546130692918,0.0759977097470634,-0.3345252120667762,-0.50962681956267,-1.5169093175793655,-1.5353858776331764,1.0461850518512859,-1.0357458890816678,-0.3747723420151606,-0.29429738304996345,0.6396503041450882,-1.848710413519619,-0.6243401071837319,-0.5940973255993336,-0.14386762583630988,0.030432725387320277,-1.5241547677521787,-1.712032918215528,-0.3944048900113141,0
-0.09789695541265715,-1.1842838219399534,-1.168717627632051,1.478524768348486,1,0,0,1,0,0,-0.7731583567397526,1.0407647039131613,-0.7071422465416066,0.2629432375328666,0.5650010954954711,0.5972127488074458,-1.2268600024899252,0.5153486978875838,0.8780710716020415,-0.960250756677141,-0.7172258173330553,-0.7018145352550462,0.4030504662499588,-1.1959250354243363,0.5149620333202202,0.9100571276006275,-0.14732122975071418,-0.19268062955131715,-0.46991781074089073,-0.4911325578708816,0.5110244943049373,-0.19145460070288764,-0.2858329227711918,1.151155612467041,0.744313556844073,0.4911325578708816,0.46991781074089,-1.1216603760228097,0.491016520610491,0.04532735367801011,0.5116092600824467,0.4274663494443799,-0.8756195703398886,-0.38327221085833024,-0.2086678343205727,-0.29429738304996345,0.3898463742377325,-0.2553016945782196,-0.24116501795220557,-0.3477381696360611,0.10997909147286698,-0.033013633646279864,-0.4540570296619595,-0.7099875321636356,-0.2706882785040748,1
-0.4063001036995106,-0.30817977891024867,0.27967722576327125,-1.6014324776621007,1,0,0,1,0,0,-0.785777293743885,1.1686885611518187,-0.6687627022894718,0.09513483802329287,0.8587817008212933,0.8252810233098506,2.3249204503209455,0.21863660032673182,-0.7450823210781172,1.5951175722610298,1.5430116399809222,0.5765355564737956,-1.4220577242696077,2.677565731153539,-1.2439932877602646,0.5365966406801002,1.9764854093790598,2.59204332728276,2.1547672473254718,-1.3507461849940225,-0.5574663512361806,-1.5462907624327593,1.5577803680200477,-0.19505183305750534,0.5246351063351544,1.3507461849940225,-2.1547672473254726,1.7192960134778195,-1.3852146900196616,-1.3284116653276086,-0.8967252938356269,-0.1699234587966153,-0.5605696322757617,-1.4435419379712537,-2.0911855881925696,-1.1004416420156866,-0.859173275299045,-1.6969572021918669,-1.8559743225707799,-0.9701191952274875,-0.9731002357129547,-1.8729580456206907,-0.37174181903963527,-0.9326642846196119,-2.002720839605417,0
0.2876069799459088,0.23294330649045036,-0.15484123025532542,-0.4281154315628296,1,0,0,1,0,0,-0.7353015457273552,0.34299820988412016,-0.6431763394547153,0.05462936227960266,0.4848907830678219,0.22157088492113197,0.5170988720675015,0.6017314409741582,-1.1794225413257884,1.4356940157997755,0.9497228206497829,-0.02039582676211257,-1.468142233071661,0.4284032001019161,-0.03778601814262566,-0.3872908200697031,0.9055518197567508,0.5588851429258063,0.1590389773671773,-0.18555039652161812,-0.290983139371187,-0.8637484903358648,1.2231202008956243,-1.0416003087650563,-0.6890436165357415,0.18555039652161812,-0.15903897736717798,0.32667033235006016,-0.10937746679115769,-0.2185033188462471,-0.37990527404917784,-0.01630893667750248,0.06953024385249205,-1.0357458890816678,-1.2052948804881005,-0.4183195767369984,-0.3318094232724056,-0.8623145398892288,-0.24116501795220557,0.4043055696202447,-0.0592520533999176,-1.0798785577006862,0.6160407084282594,0.5704037944582268,-0.5181215015185524,1
-1.7170134839186342,-0.8235350983394863,1.7280720791585935,-0.13478617003801185,1,0,0,1,0,0,-0.016022136491804253,-0.49083275048058395,-0.5408308881156891,-0.165257506043287,-0.6402913343138573,-0.24977021571717142,2.031426641535664,0.016964687452256714,-1.7950085032026946,1.6678057227947294,0.9528421461407653,-0.20417730690657515,-0.8473635232979343,2.1005788061701685,-0.26121125296252123,-0.4863138983607424,1.5481695389989025,0.9323591256267365,-0.7279513648365102,0.4434998061064408,-0.7258746027026067,-0.28496026493000937,1.9651381890999227,-0.7179595201812796,-0.3284742391509749,-0.4434998061064408,0.7279513648365102,1.8028535543454847,-0.3345252120667762,-0.30038180342274146,-0.4961897785011287,0.10316902497069583,0.006520256239666901,-1.0357458890816678,-0.8730858650989243,0.3258135853852078,-0.6371253376036178,-0.17942508891434333,0.3062279666642602,1.3119445652744073,0.8884423578876751,-1.3336639938350878,-0.04248097655033679,0.18071947766026855,0.10046155601764112,1
-0.020796168340944693,1.1348151154916164,-0.8790386569529866,0.5985369837740325,1,0,0,1,0,0,-0.5838743016777656,-0.07856904692509216,-0.6175899766199587,-0.0437410788122164,-0.0450651803939327,-0.026621060860896863,-0.03266987792857939,1.49525314153716,-1.7478998763950573,0.510212037963133,0.020846542230274143,-1.2953894841531308,-0.4337682942057625,0.2681745067279161,1.4492406213934084,-1.9026719231353282,1.1473147833552664,0.6861951605606779,-1.14725589024189,-0.6289223324429117,0.313385067851402,-0.6004644220620082,0.47743589625427596,0.44839415240422237,0.642834491357737,0.6289223324429117,1.1472558902418892,0.10385022336961848,1.0914105080121401,-0.4914316007678933,-1.3360223106541085,-0.9038595089212672,1.2037100208833493,-1.6066603575270884,-1.4267675574142176,-0.4183195767369984,0.029018475482663446,-0.7864379342253526,-0.8797901666714156,-0.5292659687668935,-0.33002188519637315,-0.7626467625326843,-0.7833178721512579,-1.0996718489615938,-0.9511296417938885,1
-1.7170134839186342,0.28447883843337485,1.7280720791585935,-0.13478617003801185,1,0,0,1,0,0,-0.016022136491804253,-0.49083275048058395,-0.7583149722111197,0.343954189020247,-1.3903548953546985,-0.6432997874075955,1.1125775940514302,-0.30109516302724115,-0.1118371776546851,0.5458314157744356,0.15695169109158716,-0.5978672827729685,0.11019631149010067,1.9697571363151458,-0.4843108172488426,-0.4785109768883062,1.9597121900659413,1.2575018578579875,-0.003877616098807187,-0.8115738940849077,0.42109189399564284,-0.07190938441251597,-0.327972215928474,1.2058340329093689,1.02366092604191,0.8115738940849077,0.0038776160988064777,1.6357384726101538,-0.5596729573423944,-0.4004555067940112,-0.5737127814690962,0.17144214591252482,-0.05648973137315825,-1.0357458890816678,-1.149926711256571,0.139780294854656,0.27882240539001907,-0.17942508891434333,-0.3415203984652251,-0.4514683405679659,0.025363519036474696,0.15732544345452057,-1.1125787146405561,-1.4893561657595522,-0.45626319576493324,0
-0.020796168340944693,-0.12780541711001567,-0.8790386569529866,-0.13478617003801185,1,0,0,1,0,0,-0.5838743016777656,-0.07856904692509216,-0.8478672421327675,3.3211066561814766,-1.9833221018911251,-2.627046582883415,-0.7331579592044973,2.242114267525189,-1.3808617020575875,-0.11992946328531698,-0.43570314731887844,-1.3767435417623337,-0.15611246273011883,0.10058861823272854,1.3470943290429622,-1.8896177217766086,1.0100021373700234,0.5114730967384653,-1.741654613069294,-0.15036214763897582,1.119980951456024,-1.727882669517359,-0.01119937049353796,1.1635177979962659,1.0657893593011316,0.15036214763897582,1.7416546130692934,-0.03541234474315745,1.0163612595869336,-0.46413877257572894,-1.3101813096647865,-0.9209277891567239,1.140700033270523,-1.85133798686084,-1.5375038958772762,-0.4183195767369984,0.7506742729928018,-1.6969572021918669,-0.7246954876967501,-0.62002986833231,-0.1607907403235886,-0.3502454288142823,-1.1948939252628807,-1.378017789531564,-0.5181215015185524,0
-0.09789695541265715,0.28447883843337485,-1.168717627632051,-0.13478617003801185,1,0,0,1,0,0,-0.7731583567397526,1.0407647039131613,-0.7583149722111197,0.343954189020247,0.2980926766839722,0.5346057714930601,-1.137072138175075,0.07186017542287572,1.2063365449150307,-0.9566769392193598,-1.1296121735379554,-0.22036722552108212,1.2874721561899212,-1.2613051772469202,-0.08407258409880526,1.2614173836677824,-0.08248641996344576,-0.07428077201788673,0.18609969967169646,-0.4851260289008703,0.3208452159377645,-0.18285241510718966,-0.3814996494549297,1.2106167031943873,1.39603043314916,0.4851260289008703,-0.18609969967169718,-1.2609229441355856,-0.3345252120667762,-0.8007503202790929,-0.09565426316663046,-0.11871861809024475,-1.6002344278873806,-0.46483142063624716,-0.5962450189412776,-1.1624527388592034,0.1400424443303771,-0.3311783002420958,-0.5148615102604385,-0.62002986833231,-0.14386762583630988,0.41111087958892223,-1.5241547677521787,-1.823371294443516,-0.332546584257695,0
0.2876069799459088,-0.12780541711001567,-0.15484123025532542,-0.13478617003801185,1,0,0,1,0,0,-0.7353015457273552,0.34299820988412016,-0.8478672421327675,3.3211066561814766,-1.3801488435131979,-2.302831878933918,-0.6833798664454049,0.962973860873517,-0.38350168987210864,0.019220141690706925,-0.007879087762577818,0.5073333360652961,-0.0897028642361566,0.24213059289705352,-0.27708201162129653,-0.40151637321097866,1.023926297339821,1.0155254583151012,0.1590389773671773,0.5342092397142506,1.192190375087752,-1.599286521648233,0.120774424452218,0.9893426175312658,1.0017061540297567,-0.5342092397142506,-0.15903897736717798,0.0759977097470634,-0.40957446049198204,-0.50962681956267,-0.625394783447741,-0.22112829950298704,0.19555021907814235,-1.4435419379712537,-1.648240234340335,-0.4803306735805153,0.9449662184763004,-1.5452039908641146,-0.3871364805165972,-0.2699405414371327,0.12690220596014448,-0.15990635171348128,-1.4418395571298541,-1.4336869776455579,-0.1469716669968365,0
-1.9483158451337743,-1.0812127580541053,1.7280720791585935,0.3052077222492148,1,0,0,1,0,0,-0.09173575851659908,-0.47106269981642773,0.08603500133584588,-0.5078181009042099,0.13781800069638037,0.03017241141715298,-0.11796494424856652,0.18898614772154068,-0.6001700727573793,-0.8799650893971743,-0.35698011656971956,0.5828176012960081,0.5721536074249393,0.22760282423649283,0.12342510874704929,0.17293346794822922,-0.18343349135729942,0.15390391028469483,0.8111642712127044,-0.009609152108405178,0.3914511867775977,-0.13574485423049149,0.9942340529236924,1.006886555128096,0.6143488484137641,0.009609152108405178,-0.8111642712127051,0.27096530510494976,0.19081952690966666,0.23637715102316323,0.29196075167320634,0.20557870638343811,0.29006520049738066,0.4323198869208419,0.06817301183707392,0.015758101167622184,0.5471303301053266,0.07349692996524401,0.6529101902546883,1.1088063138660953,1.5145975939169787,-0.7520723693604175,-0.48149543320273464,-0.5429799678216537,0.3685142142833251,1
0.72451144001895,-0.23087648099586283,-0.8790386569529866,-0.13478617003801185,1,0,0,1,0,0,-0.16744938054139394,-0.4367558471933332,-0.054689994255315046,-0.47194182238836996,0.10247849915383699,0.028830833331844715,-0.6092032590204266,-0.7289007575506515,0.26489946417671173,-0.06841566569511522,-0.8190234743718131,0.6821928497185566,0.9257213573718617,-0.9790321327992648,-0.8962992414995457,0.2939752044344288,-1.612626646621428,-2.157525473577171,-0.5666803935267474,1.4924563972103608,-0.13112541018977592,0.10254626060697522,-0.0667097121181812,-1.5066278274664042,-1.0416330675403194,-1.4924563972103608,0.5666803935267466,-0.7595776989295921,-0.5596729573423944,1.2871510364215009,1.2674585390201287,0.4360004895621079,-0.40304466324369825,1.6149284287006416,2.227531611866718,0.44983577907224165,-0.47058938433204756,-0.4070549059059717,-1.4636760169289798,-1.268343436656712,-1.6669479296913718,-0.9212626601166852,-0.7833178721512579,-0.15329565102369538,-1.4459960878228426,0
-0.4320003660567478,0.33601437037629844,-0.4445202009343899,-0.4281154315628296,1,0,0,1,0,0,-0.00340319948767178,-0.4855995017753661,-0.09306953850744984,-0.46846992446748226,-0.07404049060598678,-0.011416509227403206,0.2598617381284093,-0.9919899127310792,0.8054989943204224,0.15302154205581797,0.3154595137448968,-0.05028834761744004,-0.3982115794327545,-0.2993539699027047,-1.0301324984481963,0.292967795278302,-0.40338489218733065,-0.7500436828794285,-0.6711839829354725,0.5970847941440487,-0.660455032150188,0.3295731637626698,-0.8067397290638361,-0.6067117851818686,-1.1423844899767992,-0.5970847941440487,0.6711839829354719,-0.3417899945912644,-1.009968447893631,-0.2548937564358004,-0.06981326217730856,-0.22112829950298704,-0.844114576533476,-0.05703537174666111,0.2896456887631914,-0.4183195767369984,-0.6371253376036178,0.27583454506891375,-0.07694712256726609,-0.47740088330094144,-0.6684841749419423,-0.033013633646279864,0.5337254978059351,0.9600881112561845,-0.1469716669968365,1
-0.14929748012713334,-0.87507063028241,0.27967722576327125,-0.8681093238500562,0,1,0,1,0,0,-0.05387894750420167,-0.4762959485216456,-0.20820817126385424,-0.4302790473377172,-0.13986726667138913,-0.03377614398254093,0.5052621840029193,0.2193589684686471,0.8183938841461577,0.6256130319132843,1.4111420994721815,1.2180086086728714,-0.9698429401465755,0.6756210736320835,0.05630711110152932,0.2035952758383604,0.4311320001480222,0.358577894264016,0.2654778184316193,1.3979208031972914,-0.027506750128457876,-0.24466984053415045,-0.9141782384212064,-0.41765973365491826,-1.4844723191350002,-1.3979208031972914,-0.26547781843162,0.4659329004628361,-0.10937746679115769,-0.4732363819731166,-0.3023822710812103,-0.11871861809024475,-0.49755964466293656,-0.38327221085833024,-0.5408768497097485,-0.4183195767369984,-0.3040534310604773,-0.5588081172337243,-1.0987473605180025,-1.333174793489152,-1.3792549834076382,-1.0798785577006862,-0.37174181903963527,0.3477270420022505,-0.9511296417938885,1
0.05630461873076867,-1.1069805240255675,-1.6032360836506476,0.3052077222492148,1,0,0,1,0,0,-0.25578193957032125,-0.41000813158888666,0.34189862968341117,-0.5570033214501194,0.4591400229873236,0.11513902348667636,-0.5082468427809368,-0.18830628856408682,0.2145133337293561,-1.6473527910655466,-1.950495473129127,-1.5462870061373617,1.1698493453585668,-0.5606470070254584,0.9295094863063361,-0.8066050696917172,-1.1412985988785542,-2.028498540702171,-2.0457655875391296,-0.0799856498736912,0.14653772346917762,1.1896184890662913,-1.1038072197910471,1.0937751883759725,0.5553056326747376,0.0799856498736912,2.045765587539129,-0.6203151308168162,0.641115017460903,-0.4914316007678933,-0.806281790372998,-1.1598837124531223,-0.7495995951142377,-0.38327221085833024,0.7879592118469556,-0.35630847989348147,0.0012624832707351544,0.8828473903799233,-0.4692454282090663,-0.9312203811280227,-0.4992530300691578,0.41111087958892223,-0.4540570296619595,-0.5429799678216537,-0.023255055489598248,1
-0.8175043014153137,-1.0812127580541053,1.4383931084795292,-0.4281154315628296,1,0,0,1,0,0,-0.36935237260751347,-0.33150940101061954,-0.13144908275958464,-0.445902587981712,0.2731635403268411,0.08964903986581935,0.19416147315274657,-0.20768139923626028,0.7836224807701027,0.22815988287096617,0.7366410075030377,0.20577381444963364,-0.03321956507529655,0.5860274832900371,-0.9263286039465715,0.8849453345687907,0.282098021176318,0.7630870784558507,0.4700615648931452,-0.18555039652161812,0.31556550151898993,-0.6429264221718106,-0.18195346528231732,-0.02850571323746533,-0.2126633781942677,0.18555039652161812,-0.4700615648931459,0.6609004958207222,-0.7848207026180125,0.3728412919839863,0.795860270964994,0.8883099158017184,-0.05648973137315825,0.5954383064766764,0.40038202722625016,0.7598912632898273,0.3343343898138759,-0.5588081172337243,0.1785029369204177,0.054216242725068246,0.04228663352375219,0.09387908442092041,0.2044646553166367,0.1250502895462747,0.10046155601764112,0
-1.1773079744166424,-0.23087648099586283,-0.4445202009343899,-0.13478617003801185,1,0,0,1,0,0,-0.48292280564470574,-0.24719594964877709,-0.054689994255315046,-0.47194182238836996,0.5225168612548611,0.17461565193534273,0.4615903180537646,0.1502882610498595,0.18061306609611338,0.8859181490861345,0.5603520174993893,0.6201581915663268,-0.5498213861571929,0.641644231062488,-0.016537056973071184,-0.0849032310227403,0.40578281126634125,0.5118173947996552,-0.33645217931212407,1.179510982546407,-7.292181936833876e-4,-0.22284181542972809,-0.33222367106838535,-0.7944509752398814,-0.22879499768080908,-1.179510982546407,0.33645217931212335,0.577342954953057,-0.03432821836595151,-0.04564874029587195,-0.08273376267196997,0.08610074473523979,0.2270552128845555,-0.709509049969999,-0.6516131881728072,0.20179139169817292,-0.3595654154843339,-0.6346847228976005,-1.4089367184673323,-1.333174793489152,-1.4977167848185873,-0.4771381468814831,-1.0302635040182315,-0.6543183440496418,-1.3222794763156045,1
0.10770514344524394,-0.23087648099586283,-0.8790386569529866,-0.13478617003801185,1,0,0,1,0,0,0.24897554059497767,-0.5373505167491867,-0.579210432367824,-0.11896553376478392,-0.9087324130900236,-0.3213210469336122,0.5747813013838429,0.9732455717594827,1.6781200030685952,0.18959058265902667,0.12512537338179497,-0.17801093672656612,-0.3754595586719459,-0.20744583412285642,0.5168620627791993,1.6170471618371214,-0.06369716640646951,-0.11457464084904186,0.3041828515459622,-0.5444705351245722,-1.0065248244983311,-0.8180290224527931,-0.6690698113351331,-0.319285665654902,-0.27452895017695744,0.5444705351245722,-0.3041828515459622,-0.06326485836571254,0.7161642658861095,0.6184767457134681,1.428964795203394,1.3320852019236007,-1.222174502210428,0.5138790966987595,0.40038202722625016,0.38782468222872474,-0.9979532363586869,-0.8623145398892288,-0.42362934615769415,-0.6848612251647502,-0.7530997473783346,0.2207718024881207,0.5337254978059351,0.29205785388825667,-0.7036964187794109,0
1.135715637734753,-0.4370186087675581,-0.4445202009343899,-0.4281154315628296,1,0,0,1,0,0,-0.23054406556205628,-0.42163757315603734,-0.016310450003180245,-0.4806215671905893,0.19833084053262517,0.047165733831057655,1.207750485420611,2.1318818224578617,-0.7050647833670373,1.677130465576893,0.9703388884232635,0.3274353785346561,-1.311991134480314,1.4633744964256346,1.8726542193507731,-0.6706366168375084,1.7509332191920963,0.44382805625949984,-0.45503125954306783,0.8978772664439514,-0.21721989547120937,-1.0500908184406574,0.28992205469987753,-0.5294996517063622,-0.8281763654179087,-0.8978772664439514,0.4550312595430671,1.3293608227620468,1.6918044954137887,-0.07294156848803632,-0.40574627503850064,0.2738518273252659,-0.24551969421163483,-1.0357458890816678,-0.983822203561983,0.07776919801113909,-0.3318094232724056,-1.0899443568808573,-0.5422311594912614,-0.32180562690308556,-0.4992530300691578,-1.016432198667086,-0.12479618717266176,0.3477270420022505,-0.6418381130257917,1
-0.14929748012713334,-0.12780541711001567,0.27967722576327125,-0.13478617003801185,0,1,0,0,1,0,-0.05387894750420167,-0.4762959485216456,-0.5280377066983108,-0.191296740449945,-0.5833677400252331,-0.2184667270599786,1.3671205449239503,0.7993796562579004,-0.300263912278289,1.226410932791582,1.2486059672642775,0.6246064833602758,-0.615962135315357,0.6667749276567649,0.14630353968206836,0.18015692641595274,0.4239562297569001,0.43698809843699626,0.6912331826893902,0.16633209230480636,-1.2347807457754432,-0.9506099907821424,0.59151116376531,-1.236414308578812,-1.1966150838338143,-0.16633209230480636,-0.6912331826893908,0.38237535959517033,-0.10937746679115769,-0.7006766169078218,-0.5091102789957901,-0.32353798091572933,-0.5605696322757617,0.10608304780917345,-0.2086678343205727,-0.728375060954584,-1.2477571662660425,-1.0899443568808573,-0.9527758979536108,-0.5422322401333817,-0.9561771212256767,-1.3336639938350878,0.03983423407198747,0.1250502895462747,-1.3841377820692236,0
1.521219573093319,-0.12780541711001567,-0.8790386569529866,0.3052077222492148,1,0,0,1,0,0,0.07231042253712305,-0.509439856988025,-0.46407179961141953,-0.26304929748162476,-0.566016256870463,-0.18850481648809403,1.4540361300834728,0.5505512160374537,-1.9269555821035964,2.0719086846265276,0.7280601928108573,-0.043431623552198775,-1.1238457905366461,0.8479047605339448,-0.07712890689126395,-1.0298339267008183,1.2484099843875605,0.046334423007530434,0.5581846313588362,-0.612836275810849,-1.174656187876535,-0.8329148676998197,1.5993290546006989,-1.561112994165762,-0.9012773623013677,0.612836275810849,-0.5581846313588369,0.49378541408539117,-0.3345252120667762,-0.8189455390738695,-1.168055804223513,-0.6990401460957827,-0.4660546508565234,-0.05703537174666111,-0.319404172783631,-0.9144083514851348,-0.8314172830871166,-0.17942508891434333,2.678264233335612,3.386547983912494,2.2253684023826743,0.506280418139323,3.33244265896497,3.1311864477019515,2.141785645887079,1
-0.6119022025574117,0.05256894469021735,-0.15484123025532542,-1.6014324776621007,1,0,0,1,0,0,-0.34411449859924853,-0.3663977257120716,-0.2721740783507456,-0.4053971122380218,0.09736825245140363,0.03151398950246124,-0.29555018916623693,-1.6953303931168426,1.111502279006515,0.5446902348565911,1.4236194055959608,1.3125203395785296,-0.6218988789188115,-0.930769894075198,-1.1345471235606044,0.8613357617999632,-0.4160949840182613,-0.20041710192290513,0.09840925777350726,1.6925200961682518,-0.5190445787078403,1.1903297667189903,-0.653901477243908,-1.1484340302882237,-2.046443242412777,-1.6925200961682518,-0.09840925777350797,-0.8988402670423681,-1.0850176963188372,-0.1548200530645294,0.3048812521678669,0.12023730520615308,-0.7495995951142377,0.5138790966987595,0.5111183656893089,0.015758101167622184,-0.6371253376036178,0.7310941790521709,-0.7885580025686714,-0.9701191952274875,-1.2946394109712458,-1.1116017372174867,-0.12479618717266176,0.9044189231421907,-0.6418381130257917,1
-0.3034990542705592,-1.0812127580541053,-1.6032360836506476,2.9451710759725747,1,0,0,1,0,0,-0.6469689866984278,0.09296521619038045,1.6851826785081292,-0.6871994934834094,1.6905140885601406,0.6025790611486789,-2.7312331177144142,-0.4965290584394168,-0.0610484017297817,-1.6863074794833846,-1.6654320569898653,0.20476861604424854,1.6499106553783938,-0.7123830723414425,-1.3544706078693622,1.8608210340336861,-0.38299403294201056,0.46524410300946173,1.0008734476041308,-0.7133741297612541,3.0860413636378725,-0.6753772057970535,1.9534008926056308,1.898322286283281,2.619363554400459,0.7133741297612541,-1.0008734476041314,-0.9545452942874786,-1.535313186870074,-1.746901697607466,-0.7416792878996918,-0.8355863879794388,-1.94678935975792,-0.38327221085833024,-0.8177176958673952,-1.7825637072943747,3.2487135720663565,-0.482931511569848,0.6164173246135901,1.6101688067036326,2.4622920052045725,-0.4771381468814831,-1.5241547677521787,-1.8790404825575102,1.0283361423219313,1
-0.14929748012713334,-0.23087648099586283,-0.4445202009343899,0.3052077222492148,1,0,0,1,0,0,-0.4703038686405733,-0.2524291983539949,-0.2210013526812325,-0.4256498501098669,0.34728148026858313,0.13481550207119755,-2.161743723771474,-0.09263472597244812,1.6389317702054165,-2.7585641669404657,-1.7900997529845015,-0.24898349843457532,1.848161051741685,-1.4913634733625243,0.11588276887836134,0.0020784014465559356,-2.6175370390066046,-2.594479439921858,-0.8940261523129447,0.5471004570796687,1.5158044601971066,0.2432328825052369,-2.238386041396597,1.1311373006725578,-0.2057868478929876,-0.5471004570796687,0.894026152312944,-1.4558905394934718,-0.18442671521636386,-0.8462383672660339,-0.7158382869103699,-1.603658998575004,-1.0961545269847772,0.6769975162545934,1.3416409041622488,-1.2864749325462383,1.2780381250194413,0.12408133374116129,-0.2776578835933038,-1.3461410648556402,-0.9054077777638412,0.886958572340925,-0.37174181903963527,-0.15329565102369538,-0.1469716669968365,0
-0.4320003660567478,0.7998341578626126,0.5693561964423357,-0.4281154315628296,1,0,0,1,0,0,0.03445361152472564,-0.5030436641260921,-0.4001058925245282,-0.3214929124832349,-0.4395669100812888,-0.1384192346365855,1.4108812049477149,-0.4394284697261449,-0.10417431316061472,1.237414980692458,1.2937397089178198,0.5725991234910093,-0.6290427183798248,0.9276408906595365,-0.17825461503059056,-1.2624545726588043,1.3183619978353376,0.6608272212116639,-0.31054414497595056,1.0889508130082355,-1.0349768122485798,0.42455780505026486,-1.126235318916536,-0.3644026180919103,-1.036755821812647,-1.0889508130082355,0.3105441449759499,1.0229831729139398,-0.03432821836595151,0.4456221671630917,-0.3153027715758717,0.20557870638343811,1.2667200084961745,-0.22015379130249568,-0.09793149585751397,0.6358690696027934,-0.9146852597229018,0.5793409677244183,0.48869229486974886,-0.2051091846046925,-0.33002188519637315,0.6014499566897238,0.03983423407198747,0.6817421706862145,0.40975308478573785,1
-1.4343105979890196,-1.0812127580541053,1.0038746524609323,-0.4281154315628296,1,0,0,1,0,0,-0.2810198135785862,-0.4001231062568086,-0.13144908275958464,-0.445902587981712,0.15910272417971513,0.0368803018436943,0.8936427232192713,0.21274818130259662,-0.1520998600008783,0.3149968337892614,0.1850137843089938,-0.5907484025701235,-0.37737676389381336,1.6589552226635242,-0.28567140573057914,-0.5950297955426724,0.511442221095179,0.32507542330549205,-0.5796783524084306,-0.23079243079930178,0.4149765512999767,-0.5781828985901039,-0.39002195606898954,0.08159695107353024,0.07684589923030494,0.2307924307993025,0.5796783524084299,1.9142636088357055,-0.03432821836595151,0.8095265430586199,0.3436427536518511,0.5469443110925782,1.109195039464111,-0.38327221085833024,-0.1532996650890431,1.069946747507413,0.44535835866158957,-0.482931511569848,0.23324223538206504,-0.010615114107371936,0.025363519036474696,0.5380035976561225,0.12214944469431245,0.013711913318286572,0.22417816752487937,0
0.9815140635913272,-0.30817977891024867,0.27967722576327125,-0.8681093238500562,1,0,0,1,0,0,-0.2684008765744537,-0.41000813158888666,-0.7583149722111197,0.317914954613589,-1.1482900723690614,-0.5610163315086887,0.7328887378577473,-0.7511220200496058,-1.1717255272915756,0.8624712891708204,0.9282087538724412,-0.3505896699256838,-1.700880175563756,-0.16709085329856815,-1.0696743736586536,-1.107167737731986,0.0023642542560563026,-0.1856435982136273,0.1590389773671773,-0.6358954166251617,-1.1860548423256467,-0.040637760637894926,0.48919124727404484,-1.162798715612857,-1.3879616810145934,0.6358954166251617,-0.15903897736717798,-0.09111737198826762,-0.9349191994684248,0.3182556355996563,-0.3282232720705331,-0.3064697006802721,1.0776900456576979,0.5954383064766764,0.5664865349208381,0.38782468222872474,-1.1089772052064004,-0.02767187758659086,0.041654690766301246,0.28760912732185256,-0.21156008378542468,-0.8895394805998851,2.4269753421193996,2.1848102497640536,-0.5181215015185524,0
0.2876069799459088,1.1348151154916164,-0.15484123025532542,-0.4281154315628296,1,0,0,1,0,0,-0.7605394197356201,0.5261619145667434,-0.24658771551598904,-0.41697010530764755,1.357548890776926,0.7268986303872447,-1.024950064006248,-1.295488476190884,0.20002031373730428,-0.5761341065260763,0.24139060474930413,0.23899070912384077,-0.34021521506793373,0.12798383913550104,-0.10958882649029542,-0.30387603911211375,0.872160900240963,0.720117721817319,-0.4291756706205303,0.7516060278018181,1.553097958128262,1.6683149092057297,-0.5788005832132503,1.6431398279604188,0.38923518730104106,-0.7516060278018188,0.4291756706205296,-0.14682239923337803,-0.40957446049198204,-0.973604898829468,-0.9613277963089331,-0.6136987449184976,-0.40304466324369825,-1.6882195673050053,-1.7589765728033937,-0.9144083514851348,1.194770148383656,1.2622304186993043,-0.5422311594912614,-0.7367263106307022,-0.11002139686175369,-0.635754044465484,-1.277209135885205,-1.1553410370755877,-0.332546584257695,1
-0.12359721776989524,-0.7204640344536393,-0.15484123025532542,0.3052077222492148,0,1,0,0,1,0,-0.5081606796529707,-0.194863462596599,-0.4128990739419065,-0.31859966421582847,0.18437391154867458,0.09635693029236066,-0.6748143476944117,-1.7382036176254088,-0.29435711155983346,-1.010758704245914,-1.1128750691243283,-0.3414276128528785,0.8743040414609126,-1.3508261435772728,-1.1476129349882507,1.4289471374283267,-1.3263711386151955,-0.9907762263083759,-0.1984048918790851,-0.26889098598050765,-0.41138378909179635,1.2360855697839106,1.8383500985027832,0.05026288435858366,0.4794919479468616,0.26889098598050765,0.1984048918790844,-1.3444804850032512,-1.2351161931692491,-0.9099216330477515,-0.12149526415595328,-0.6307670251539549,-1.6632444155002057,-0.22015379130249568,-0.1532996650890431,-1.3484860293897554,-0.47058938433204756,0.9587239960437993,-0.39625969692687113,0.5599008260181015,0.549980068142106,-1.4605567119022886,-0.5363722402842841,-0.7099875321636356,-0.3944048900113141,0
-0.3034990542705592,-0.6173929705677911,-1.6032360836506476,-0.13478617003801185,1,0,0,1,0,0,-0.6469689866984278,0.09296521619038045,-0.3617263482723934,-0.36199838822692515,0.6176913815775852,0.3512567665009308,0.18730173935542305,-0.3286208024791415,0.6958304770801625,0.2584998323328632,0.7486608064952047,1.1394175579625747,-0.3465878446977469,-0.6880577646428435,-1.577348813592155,1.7380640222174204,-0.07898158495992384,0.824446530546582,1.2643654038056176,0.30004743805884815,-0.947946839297374,-1.1291110503396193,0.795363151445645,-0.42753338411065495,-0.16838414324703546,-0.3000474380588474,-1.2643654038056185,-0.9266927806649233,-1.685411683720486,-1.6832184318257484,-0.7287587874050313,-0.71610842633123994,-1.757759396919444,-0.46483142063624716,-0.983822203561983,-1.658541513607341,-0.9146852597229018,-1.0899443568808573,-0.17730250308028428,0.2487103132223888,0.05920974801103089,-0.667477223982284,0.12214944469431245,0.29205785388825667,0.10046155601764112,0
-0.7147032519863632,0.28447883843337485,0.27967722576327125,-0.13478617003801185,0,1,0,1,0,0,-0.3945902466157784,-0.32278731983525655,-0.7839013350458762,0.5262288298668529,-1.172230061797102,-0.6549267974802672,-0.5141779662855986,0.7017592738591097,1.8983497209711226,-0.7122675713080924,-0.25389602654086935,0.4814575835653713,0.7135807127771333,-0.5533629018677318,1.2141697619733962,2.1616164844336514,-0.21803330504711566,0.35581315167026945,0.21054164239835904,0.44783808336594555,0.1620632871295717,0.2531419869245079,-0.42289156230286046,0.7460294441527324,0.6774595585014277,-0.4478380833659462,-0.21054164239835974,-0.5367575899491508,1.0914105080121401,-0.06384395909064733,1.0542702808582185,0.9053781960371756,-1.4742144526617298,-0.30171300108041293,-0.4301405112466897,-0.046252995675895824,-0.10976148557697851,-0.1035484832504671,-0.934529465133063,-0.9830854665939747,-0.6684841749419423,-0.2233527107470814,-1.6064699783745033,-1.6563637301015341,-0.9511296417938885,0
-0.2263982671988458,-1.0812127580541053,0.27967722576327125,-0.4281154315628296,1,0,0,1,0,0,-0.20530619155379135,-0.4303596543314004,-0.13144908275958464,-0.445902587981712,0.07495293575465475,0.013626281698351053,0.7786136162710815,0.2577021697813513,-0.8351224613358038,0.8890218726733476,0.2845507053928599,-0.9687485292224012,-0.8372209937449622,1.6147523879438523,-0.06664185594388441,-1.7914267428881,1.4230509926281931,0.36150096210632304,-0.33645217931212407,-0.9875682768987283,0.5307603730045859,-0.4204646638183862,-0.6585707306519568,0.21006180957381343,-0.01699452411231736,0.9875682768987283,0.33645217931212335,1.4407708772522676,-0.10937746679115769,-0.13662483426975403,-1.0259302987822392,-0.4942207832702994,0.9516700704320475,-0.709509049969999,-0.6516131881728072,0.015758101167622184,0.5563823275093027,-0.3311783002420958,0.23324223538206504,-0.1532440991387405,-0.0592520533999176,0.6014499566897238,0.8629863402952329,0.4033962301162448,-0.08511336124321738,1
0.2876069799459088,-0.23087648099586283,-0.15484123025532542,0.3052077222492148,1,0,0,1,0,0,-0.7605394197356201,0.5261619145667434,-0.2210013526812325,-0.4256498501098669,1.384421077291246,0.733606520813786,-0.9272108852361077,0.03663015871284147,0.8184541213948777,-0.08239348997140183,0.7677578239538054,-0.6434321139391553,-0.7276576769385646,0.119669659802338,0.1000953582336449,-0.5537945056197482,1.0091403051529446,1.142005623772538,-1.0618771407249559,0.17559215780023885,1.4088818207862572,0.04999729014700533,-1.6753642727314924,1.1119545415945316,0.11682344543480418,-0.17559215780023885,1.0618771407249543,-0.28608496734615396,-0.40957446049198204,-1.4739734156858193,-1.4781478160953823,-1.091610591511294,-0.34003467563087314,-2.0144564064166746,-1.980449249729511,-1.2244638357027204,1.3057941172313696,0.04820472807728505,0.014285041535478216,-0.8534227529290943,-0.4146374576327655,0.9186817518577256,-0.7010026615289333,-0.7099875321636356,-0.08511336124321738,1
-0.12359721776989524,-1.4419614816545723,-0.15484123025532542,0.3052077222492148,1,0,0,1,0,0,-0.8236341047562825,3.605056569469887,3.220364448593521,-0.7468004077919821,3.783793634941883,3.3496837871649006,1.1026856563763032,-1.8559315603227171,-0.313686133656871,1.4882254687191872,1.0742658566946313,-0.1418672748991577,-1.907466676560002,1.2813711262588703,-1.4460757461934213,0.169077271033626,1.0483158081083281,0.9664584142678195,0.328888191831712,-0.5196773469210209,-0.2529803161139186,1.0986773735027953,0.5987258048955628,-0.971004585582549,-0.45303969124436805,0.5196773469210209,-0.3288881918317127,1.07868820015905,-1.3852146900196616,-0.2730889752305771,-0.1473362651452761,0.2738518273252659,-0.2140147004052217,-1.0357458890816678,-1.2606630497196296,-0.23228628620644656,0.11228645211844858,1.793366658346437,1.6564639953848757,1.7787303344679768,1.1761353041714093,0.886958572340925,2.3446601314970748,2.1848102497640536,1.275769365336409,1
-0.5348014154856993,1.2378861793774645,0.5693561964423357,-0.8681093238500562,1,0,0,1,0,0,0.6780193987354818,-0.6082901103088059,0.9943508819697028,-0.6438007694723127,0.11327370922448765,0.029725218722050223,0.5318679697624539,0.5288186533383079,0.23768219581857417,0.11212517559124945,0.264447194528698,0.9696676792485339,0.030645821405222692,-0.29883763485805537,0.0800765027649068,-0.12998940415275867,-0.6706143893915973,-0.5245197693708927,0.2600885100232926,1.0645584453617318,-1.0381704027103424,-0.6456013150080661,-0.4555463391278596,-0.816443627522007,-0.8558857697451553,-1.0645584453617318,-0.2600885100232933,-0.2582324537235989,0.11577027848446049,0.13630344765189217,0.046471242274642305,-0.22112829950298704,0.19555021907814235,0.5954383064766764,0.5111183656893089,-0.23228628620644656,-1.0257092285706153,-0.7105613285614767,-0.42362934615769415,-0.5811310542328463,-0.8377153198147269,-0.15990635171348128,-0.20711139779498602,0.3477270420022505,-0.45626319576493324,1
-0.14929748012713334,0.2587110724619126,0.27967722576327125,-0.4281154315628296,0,1,0,1,0,0,-0.07911682151246661,-0.4762959485216456,-0.5920036137852022,-0.1044992924277517,-0.7023739003135752,-0.2855456313253918,0.6823417256006119,0.44797343122361355,-0.6367580036420601,1.0191514025209811,0.8824553419903169,0.5912551443978487,-0.6578706022660077,0.6980112542689971,-0.15519340660022113,0.28903166816704706,0.4739792092532313,0.5525025171784408,1.1169885469471594,-0.3014141428425148,-0.2513681586370871,-0.7703269409515862,1.1609184748981571,-0.9068181242728615,-0.6078239915537655,0.30141414284251544,-1.1169885469471603,0.605195468575612,-0.18442671521636386,-0.11842961547497735,0.046471242274642305,0.2397152668543526,-0.18250970659880966,0.5138790966987595,0.012804842605544792,-0.23228628620644656,-0.3040534310604773,-0.7864379342253526,-0.2776578835933038,0.3394742127878045,-0.0592520533999176,-1.0798785577006862,0.7806711296729086,0.6817421706862145,-0.5181215015185524,1
0.31330724230314594,-0.6173929705677911,0.5693561964423357,-0.13478617003801185,1,0,0,1,0,0,0.48873534367349464,-0.5850312271745045,-0.3617263482723934,-0.34174565035508003,-0.663256819999967,-0.18582166031747752,1.6921724512890772,1.9194864727723688,-0.6939122298883903,0.1777998497774447,-0.266018791735812,0.45775260390776584,0.19215031908925573,1.507753166982165,1.7565124195012378,-0.0013111406783213016,-0.12063471952994202,-0.38188270582759326,0.08301123374971872,0.5419904249708541,-0.846477786427285,-0.8749198408971308,0.9472836945189502,-0.3598154492324929,-0.026996677019494368,-0.5419904249708541,-0.08301123374971872,0.911573118423719,1.0163612595869336,-1.11916664918768,-0.9484072958142716,-0.9379960693921812,-1.033144539371952,-0.30171300108041293,-0.3747723420151606,-1.1624527388592034,-0.7759052986632599,-0.7864379342253526,0.15113328768959466,0.6247321828505417,0.43151826673115745,-0.5088613263982832,-0.04248097655033679,0.23638866577426285,0.5334696962929761,0
-1.3829100732745436,0.43908543426214564,-0.15484123025532542,-0.13478617003801185,1,0,0,1,0,0,-0.6722068607066928,0.19472282990294892,0.12441454558798068,-0.5112899988250976,1.159680337216567,0.5448912034804235,0.0760325037413535,-0.1473016683067718,1.2428061001347448,0.747749153238667,1.4860008062382846,0.9265526197472397,-1.252310506463213,-0.665700397657592,-0.9727924756287909,1.5206173126977651,-0.26089638556550404,0.3980647339460331,1.1824893722175853,0.09092870184200141,-0.7708850409196495,-0.7723459844246083,-0.17088382164834004,-1.2688612552015768,-1.5432410907485639,-0.09092870184200141,-1.182489372217586,-0.5924626171942612,-0.8598699510432187,0.22727954162577424,1.002588278879574,0.8371050750953478,-0.655084613695,1.0032343553662626,0.4557501964577793,0.07776919801113909,-0.7018893194314507,-0.6852691266735177,0.1663386483733858,0.04989415226957156,-0.4597657629321745,-0.32909664246974885,1.713576850059253,1.9621334973080773,-0.1469716669968365,1
-1.1773079744166424,1.0059762856343069,1.4383931084795292,0.3052077222492148,1,0,0,1,0,0,-0.7226826087232228,0.30229516439909276,-0.2593808969333673,-0.4053971122380218,1.0767814936039974,0.545785588870629,0.699627846409073,0.48891120024399637,0.527437926853912,0.7199116903959548,0.6537293103322754,-0.3316879049343875,-0.8742891488966407,0.6186140808786613,-0.1945819853862704,-0.5128277530536913,1.0539106507993559,0.5191715827506997,-0.35307242775419667,-0.1022098070627286,-0.3547376505553548,-0.865973927234082,-1.236367750183434,0.07248551170098178,-0.34301011844891943,0.1022098070627286,0.35307242775419595,0.32667033235006016,-0.40957446049198204,-0.7461646638947628,-0.8708842928463041,-0.4600842227993849,-0.34003467563087314,-0.9541866793037505,-0.9284540343304539,-0.6663639641110671,-0.38732140769626244,-0.8623145398892288,-0.23204180154193166,-0.8145239388296306,-0.7361766328910565,0.5380035976561225,0.36909507656128593,0.3477270420022505,-0.2706882785040748,1
-0.2263982671988458,-1.2100515879114147,-0.15484123025532542,-0.4281154315628296,1,0,0,1,0,0,-0.06649788450833415,-0.4768774206000031,0.25234635976176334,-0.5338573353108679,0.2224109634699628,0.04582415574574939,0.872201405459872,0.9996270559449238,-0.5061538473584767,0.639141357444199,-0.1333060458531733,-0.9029691235087641,0.8690826663195267,0.07509306593270297,0.0937666464546436,-0.3081941818395424,-0.5485499687655967,-0.4985013910682559,-0.6862106428504532,-0.550966827225982,-1.1377851793429345,-1.2780861375335804,0.38222383497814855,-1.4073714989501902,-0.3133851945538954,0.550966827225982,0.6862106428504524,-0.2582324537235989,-0.3345252120667762,-1.2374355713537264,-1.1809763047181743,-1.2964299543367779,-0.7180946013078251,-0.38327221085833024,-0.09793149585751397,-1.3484860293897554,-1.192245181842186,-1.3934507795363622,-1.1717330918001976,-0.8274902101961188,-1.2607931819966884,-0.4771381468814831,-0.7010026615289333,-0.9883334727336057,-1.198562864808365,0
1.521219573093319,-1.0039094601397194,0.27967722576327125,-0.4281154315628296,1,0,0,1,0,0,0.9177792018139987,-0.6408525466968278,-0.3361399854376369,-0.3533186434247058,-0.8149917865274005,-0.21980830514528685,1.7752210481520427,1.1983959204587775,0.19202885460156327,1.510549744226125,0.7392190410149903,-1.0682765028994072,-1.1266223673506723,1.5508531633926645,0.8748009457708555,0.2248327668907336,0.5826147252881685,0.05554997992554467,-0.7497849732599842,-0.7133741297612556,-0.9188938734106351,-0.7684796265710457,-0.03657462930923876,-1.4629444634506565,-0.9067872138142695,0.7133741297612556,0.7497849732599834,1.5800334453650435,0.9413120111617277,0.3091580262022686,0.3824042551358344,0.615217432034406,-0.40304466324369825,-0.5463906304141645,-0.26403600355210183,0.2638024885416898,-0.859173275299045,-0.7105613285614767,0.041654690766301246,0.015317428625603584,-0.5669454880182719,0.2524949820049213,0.9453015509175579,0.6260729825722207,-0.76555472453303,0
-0.7147032519863632,-0.23087648099586283,0.27967722576327125,-0.13478617003801185,0,1,0,1,0,0,-0.40720918361991093,-0.3169725990516812,-0.6047967952025805,-0.07846005802109372,-0.3606004331411836,-0.18313850414686098,-3.2654948889946066e-4,1.2466827163371823,1.9955505147120611,-0.6661198002134696,-0.3092576985347716,-0.6181161878797656,-0.28341293135182255,-0.5513578550741395,1.2159509505734092,2.255099944982461,-0.48801895267849427,0.0995193615931282,-0.4633576356367666,-0.3834842964864804,-0.5504561973252271,-0.4929981835529723,-0.46182644125160227,0.41597363600558485,0.4992114410130524,0.3834842964864804,0.4633576356367659,-0.5924626171942612,0.9413120111617277,-0.38226028799923456,0.7829397704703327,0.529876030857121,-1.726254403113031,-0.709509049969999,-0.5962450189412776,-0.4183195767369984,-0.6371253376036178,-0.6346847228976005,-0.642586540004281,-0.7626588533636787,-0.5669454880182719,0.09387908442092041,-0.12479618717266176,-0.32030321536567735,-0.5799798072721716,1
0.33900750466038404,1.5213316050635446,-0.4445202009343899,-0.8681093238500562,1,0,0,1,0,0,-0.00340319948767178,-0.4937401108723716,0.009275912831576286,-0.49566645818110283,0.008351547355562221,0.0033408497109876974,-1.0168178447107654,0.3000587348236631,-0.010683396344908266,-1.91318992207312,-1.7969401173355366,-1.2146127905036372,1.4429657939373663,-0.7016494958168518,0.2927550182222404,-0.3952911071280159,-1.1554236093992505,-1.9051261181160808,-0.5062037792855866,-1.154540235155578,0.7128300562247425,-0.11856447970399332,-0.3826248802352248,1.4388978833438353,0.4761253077830464,1.154540235155578,0.5062037792855859,-0.7317251853070371,0.11577027848446049,-0.4186507255887879,-0.5478717804797735,-0.9379960693921812,-0.9071245641463012,1.0032343553662626,1.4523772426253072,-0.790386157798101,0.5008703430854462,-0.2553016945782196,-0.4509989953885172,-0.5681647828663581,-0.008482709938082702,-0.5405845059150832,0.36909507656128593,-0.15329565102369538,-0.5799798072721716,0
1.0329145883058024,-0.41125084279609675,1.4383931084795292,0.3052077222492148,1,0,0,1,0,0,5.157742035202509,-0.7850576221294963,-0.7966945164632545,0.9197105942341292,-3.0090131119582795,-1.3145360227568301,-2.0638496433532025,1.0175312277957047,-1.4174675080032144,-1.3872387064701257,-2.682285759476048,-1.0126114286467691,2.4681329534656764,-0.3002643027688807,0.19250093616574798,-1.3246278366140172,0.15337422111966828,-1.1501367489593552,0.17827491249930566,-1.5578921029446737,2.5698126153330962,-1.2037503313085058,0.6066023397074877,2.0261532474806656,2.3642181754472036,1.5578921029446737,-0.17827491249930708,-0.3696425082138195,0.04072103005925432,-0.38226028799923456,-0.9742482968035945,-0.8697229484503528,-0.2770246880180474,0.758556726032511,0.7325910426154264,-0.9764194483286528,1.5278420549267964,-1.3934507795363622,-1.5001688825700765,-1.0219842806934394,-0.2792525417345383,-0.9212626601166852,-1.6887851889968277,-2.213055611241474,-1.3222794763156045,0
1.7011214095939837,0.928672987719922,-0.4445202009343899,-0.4281154315628296,1,0,0,1,0,0,-0.05387894750420167,-0.4768774206000031,1.53166450149959,-0.6831489459090403,0.7154210428479169,0.16119987108226008,-0.8735453724267213,-0.7129510733849999,0.7573836240172624,-0.7983474879091014,-0.43014131309530546,0.1593725590268361,0.6198954509021161,-0.6946013842482829,-1.03169226590831,0.40268742361365484,-0.7325090596326891,-0.4689467658246397,-0.16027754582615011,0.3763264807979944,0.5206485859090512,-0.05497894110739266,-0.630706760828559,0.352172506564495,0.10136952986384358,-0.3763264807979944,0.16027754582614942,-0.7595776989295921,-1.0850176963188372,-0.6278957417287164,-0.3411437725651945,-0.596630464683041,-0.6865896075014126,0.18764225758709038,0.2896456887631914,-0.5423417704240322,0.27882240539001907,-0.2553016945782196,-0.6243401071837319,-0.8274902101961188,-0.6515610604546642,-0.0647368131630805,-0.5363722402842841,-0.4316415915936655,-0.45626319576493324,0
0.10770514344524394,0.3617821363477598,-0.8790386569529866,-0.4281154315628296,1,0,0,1,0,0,0.2363566035908452,-0.534443156357399,0.29072590401389814,-0.5477449269944188,0.026326101818902607,0.01228470361304279,-0.16607434120311332,0.8867641852345163,0.2826509821837706,0.2894497160861696,-0.12898468327953963,-0.13735201960494378,-0.04241860168223321,-0.1081375935077457,0.08831289721281763,1.5458697156028283,-0.04482247478860499,0.02500385114214373,0.288491621905012,-0.47345425101596506,0.12288060485409753,-1.1286417517792806,1.167056619564633,-0.43547309142769186,0.19209779944828367,0.47345425101596506,-0.2884916219050127,0.0759977097470634,0.340918023760079,0.7822337148664557,1.5452492996553449,1.4515631635718003,-0.9386295579527137,0.35076067714292497,0.2342775195316623,0.5738579727592754,0.6951622885689447,-0.6346847228976005,2.2494730620527137,2.6863693301221394,2.276137745844509,0.9186817518577256,1.1922471827845313,1.0157572993701793,2.018069034379841,1
-1.5371116474179702,-1.158516055968491,-0.4445202009343899,-0.4281154315628296,1,0,0,1,0,0,1.510869241008225,-0.6885332571221455,-0.5024513438635544,-0.24337520926326098,-1.2577755292978527,-0.34144471821323613,-0.2713397782003322,-0.22360567642951798,-0.31830170905729077,-0.6206816497379123,-0.9261112209087674,-0.6070084540734206,0.9743088825885348,0.630170488802109,0.21434689378247004,-0.28511476952839454,-0.22624829846092603,-0.6064097047388014,-1.0117882743416888,0.17559215780023885,1.0069634940688132,0.5216338210680125,0.14861625243920756,0.6141569258966606,0.6119488957665491,-0.17559215780023885,1.0117882743416882,0.6949424569149557,0.3159016076183434,0.34453761830322244,0.13691474573727128,0.042481806355737804,0.06953024385249205,0.14233158548824765,0.7510470990259361,0.484286388429751,0.9449662184763004,0.5034643620605421,0.05077790717657645,0.11904759955750843,0.36382580878204385,0.030432725387320277,-0.7010026615289333,-0.7099875321636356,0.22417816752487937,0
2.2922274438104506,0.0010334127472937634,-0.4445202009343899,-1.161438585374874,1,0,0,0,1,0,-0.14221150653312897,-0.45943325824927705,0.8280395235437853,-0.6247053309074302,0.5650010954954704,0.1294491897299645,0.3854655069192628,-0.6769815799242762,0.3757248804564756,-0.6430317658879842,-1.5964783766550872,0.14355886460174244,2.0919801285886224,-1.1432212283651058,0.23311403197557648,-0.028605943697081974,-1.7345631554930163,-2.105561658879112,-0.6315019295677592,0.8221130942085976,-1.678292351859634,1.1627069839534097,-0.542374713110879,-0.8512687021455498,0.01982893314871272,-0.8221130942085976,0.6315019295677584,-1.038102835155144,0.340918023760079,0.36374368258659734,0.29196075167320634,-0.4430159425639276,-0.49755964466293656,1.247911984700014,1.839954427246013,-0.046252995675895824,-1.5808290728091832,0.9587239960437993,-0.2594114507727547,-0.4903671546674297,-0.7700228618656133,0.886958572340925,-1.0302635040182315,-0.8213259083916238,0.16231986177126023,1
-0.09789695541265715,-0.7977673323680251,-1.168717627632051,-0.13478617003801185,1,0,0,1,0,0,-0.20530619155379135,-0.42861523809632773,2.849362187489551,-0.7375420133362814,1.1458577368031124,0.24035297811544765,-1.321165843940433,1.2860590645677694,-0.1846528233801205,-2.1240352734139494,-2.720761519965237,-3.3856252708789167,2.389881120302709,0.15672436106474918,1.1067307321991224,-1.8387369632608017,0.5934679896323263,-0.2862163255927136,0.3210111268130686,-4.935963995678347,1.993710401690798,-0.6564578743656964,-1.5953267254935448,3.457907322647557,3.257688693421701,4.935963995678347,-0.32101112681306926,0.04814519612450831,0.8662627627365218,-0.3367722410122935,-1.1938968052128347,-0.9379960693921812,0.7311351137871589,0.10608304780917345,-0.04256332662598434,-0.5423417704240322,1.194770148383656,-0.9381911455531051,-1.308581337954314,-1.7869942913162333,-0.685407289429221,1.0455744699249259,-2.2649916633530998,-3.0480934329513847,-1.0748462533011267,0
0.18480593051695732,-0.1535731830814779,0.5693561964423357,-0.4281154315628296,0,1,0,1,0,0,-0.09173575851659908,-0.475714476443288,-0.4896581624461761,-0.24858305614459256,-0.4788358070831726,-0.17374745754970314,1.148760066325196,-0.07945695298425612,0.26688028559617283,1.2448373875384096,1.2969187526684056,0.5224576940258453,-0.7025932880778464,0.08706775114200521,0.03557193395657343,0.42488769930246956,-0.7880358929252815,-0.5792365057657318,-0.28338753067176975,0.9936302841201231,-1.5103817650926983,0.14469234411360177,0.062136870833010206,-2.463097902259004,-2.251569604958505,-0.9936302841201231,0.2833875306717691,-0.03541234474315745,-0.10937746679115769,-0.4186507255887879,-0.1473362651452761,-0.4430159425639276,-0.6235796198885869,0.5138790966987595,0.7325910426154264,-0.4803306735805153,-1.4420491117495413,-0.02767187758659086,-0.4601222117987924,-0.3607044410025493,-1.2607931819966884,-0.7309235830158842,0.6160407084282594,1.3497724280541432,-0.8274130302866491,1
-1.7170134839186342,1.0575118175772313,1.7280720791585935,-1.6014324776621007,1,0,0,0,1,0,-0.23054406556205628,-0.4222190452343949,-0.054689994255315046,-0.4748350706557764,0.1677077768758551,0.04224661418492735,2.030186921612332,0.3063141359095681,-1.108647543500136,3.1047563946976657,2.0240209431171623,0.426844296897219,-1.9245492500914347,1.7710272834998337,-0.34779225603683006,-0.640976027612515,1.9674380365374362,1.2290390809144967,-0.4863880375980577,1.0645584453617318,-1.053434740436136,-0.7688364117994445,0.8714392396191184,-2.243447708431825,-1.4314089049647418,-1.0645584453617318,0.48638803759805704,1.6357384726101538,-0.3345252120667762,-0.027453521501095285,-0.354064273059855,0.4103980692089227,0.3530751881102058,-1.2804235184154193,-1.2606630497196296,0.5738579727592754,-1.1367331974183288,-1.0140677512169813,-1.262965255902942,-0.6978274965312384,-1.4469474413567518,-1.238494455284687,-0.20711139779498602,0.3477270420022505,-1.198562864808365,0
2.1123256073097876,0.05256894469021735,-1.168717627632051,-1.6014324776621007,1,0,0,1,0,0,-0.2810198135785862,-0.39605280170830587,-0.2721740783507456,-0.4025038639706153,0.017961603540733433,0.006471198576706979,0.38889403474372186,-1.4876479374951797,-0.7593679697454434,0.5098944592400927,1.1075782928587508,0.5829992920875919,-0.5995232829266103,-0.2915165273982457,-1.2503434873717625,-1.5594158646422553,-0.31348772204492065,-0.1256426910142983,-0.4481121582821066,1.2395736832254003,-0.832046501383458,0.7892768234306247,-0.5289811008531967,-0.9996835777145621,-1.562571658841881,-1.239573683225401,0.4481121582821059,-0.3696425082138195,-1.2351161931692491,-0.4186507255887879,-1.1163738022448682,-1.1598837124531223,1.109195039464111,-0.13859458152457876,0.06817301183707392,-0.35630847989348147,-0.8869292675109735,0.4275877563966659,-0.7155722712864762,-0.8534227529290943,-1.1423313805857394,-0.826093121566285,-0.12479618717266176,0.5704037944582268,-0.76555472453303,1
0.72451144001895,0.28447883843337485,-1.8929150543297122,-0.13478617003801185,1,0,0,1,0,0,-0.016022136491804253,-0.49083275048058395,-0.7839013350458762,0.572520802145356,-1.5797294322582192,-0.8199409019731836,-1.0821866862244862,0.2997000924832351,1.6730007217070992,-1.4695105719646908,-0.967778491849913,0.8773481123473063,1.3234379411919572,-1.208734724651101,0.2920030208998257,1.7776566767262312,-1.0340811804911207,-0.3556023082994404,-0.030386078764458365,1.2267347275520042,0.2970534357554248,-0.11882556624593106,-0.5006745088760404,0.9598367805299881,0.9109829956091695,-1.2267347275520042,0.030386078764457654,-1.2609229441355856,-0.18442671521636386,-1.2465331807511142,-0.28946177058654887,-0.6649035856248688,-1.7892643907258567,-0.5463906304141645,-0.5962450189412776,-1.658541513607341,-0.1375174777889068,-0.5588081172337243,-1.4180599348776075,-1.4109724216880806,-1.0238695791747903,-0.4771381468814831,-1.9357308208638015,-1.823371294443516,-1.136704559054746,0
-0.35489957898503444,-0.30817977891024867,-0.4445202009343899,-0.8681093238500562,1,0,0,1,0,0,0.6023057767106869,-0.594334780428225,-0.7583149722111197,0.317914954613589,-1.7601823609618084,-0.7027764158562619,1.0672165910872644,1.2574910815617129,-1.0420983564713568,0.4999494690944787,-0.07827500581226286,-0.794398598908977,-1.0038622261041474,0.17164238604248785,1.459359589448142,-0.7408889792720509,-0.5698944224444996,-1.187366349433182,-0.6392523306161391,-0.44946226314143684,-1.31248759910604,-0.2639915730053931,0.6800613906903068,-1.240497032597333,-1.0574707969638473,0.44946226314143684,0.6392523306161384,0.577342954953057,2.142099985965025,1.5646281230418408,0.8604627734383002,0.5640125913280355,1.0146800580448727,0.9216751455883455,1.4523772426253072,1.1939689411944467,-1.2755131584779709,-0.4070549059059717,-0.5331079430809875,-0.127311556405765,-0.6007917169928287,-1.016432198667086,1.6038232358961542,1.461110804282131,-0.8274130302866491,0
1.135715637734753,0.33601437037629844,0.5693561964423357,-1.6014324776621007,1,0,0,1,0,0,-0.6217311126901629,0.02318856678747634,1.058316789056594,-0.6490086163536443,1.4220471554782856,0.5194012198595664,0.817690801467185,-0.5730251346331681,1.512265282209468,1.4700183967485188,1.9735246564437587,1.1873887187857426,-1.4547050593641664,0.40264840531894563,-0.45013341537724966,0.26983879873391337,0.5055149859096589,0.6416146943447716,0.5274811195133241,1.0963072413460702,-0.7346974219079778,0.3355612065043407,-1.7961553323941484,-1.484640009655082,-1.9392668397906698,-1.0963072413460702,-0.5274811195133248,-0.03541234474315745,-0.7848207026180125,-1.3466068841223853,-1.0259302987822392,-0.801449827508525,-0.9701345517591269,-0.709509049969999,-0.983822203561983,-1.3484860293897554,-0.8036612908751883,0.04820472807728505,-0.7064490548762022,-1.436904964421056,-1.8023328455895995,0.09387908442092041,0.12214944469431245,0.793080546914203,-1.0748462533011267,1
-0.14929748012713334,-0.5916252045963298,-0.8790386569529866,0.3052077222492148,1,0,0,1,0,0,0.3246891626197725,-0.5582835115700578,0.23955317834438508,-0.5303854373899801,-0.05569503098515646,-0.01946597773925279,-0.3069034834223322,-0.14313510375358773,-1.3677032960533335,-1.049336107431768,-0.6487773005995005,-0.02039582676211257,0.43176410128283393,-1.5494383782510641,-0.5457689961022785,-0.7947699982305003,-2.2968762703321803,-1.6608378627155904,-0.5464277599204057,0.5141229242844115,-1.121423806515047,-0.3502819774407519,1.071029023141332,-0.8599578083456239,-0.7780426518078603,-0.5141229242844115,0.546427759920405,-1.4837430531160272,-0.6347222057676005,-0.4823339913705056,-0.7933612898783374,-1.552454157868633,0.3215701943037938,0.5138790966987595,0.8986955503100138,-0.9144083514851348,-1.053465220782544,-0.3311783002420958,-0.0039613912850709025,0.5469345546516133,0.1438253204474232,-1.0481553781838862,0.5337254978059351,0.9044189231421907,-0.08511336124321738,1
0.23620645523143258,-0.35971531085317227,-1.8929150543297122,-0.4281154315628296,0,1,0,1,0,0,0.6401625877230843,-0.5995680291334429,-0.7199354279589849,0.27740947886989875,-1.5676506134140265,-0.6754976614549939,0.014396910357071517,0.18931258527591283,0.0014808956880844773,-1.0449226006657726,-1.0090686986541737,-0.6229679186462432,0.7436457133680208,-0.8909416350869769,0.09272373046005422,-0.49230150358753644,-1.3705663645027208,-1.4747935246339514,-0.4863880375980577,-0.36726020632542794,-0.9102376384449995,-0.16694886681690552,-0.49673996774537016,0.05259287489035028,-0.12801010317340877,0.36726020632542794,0.48638803759805704,-0.7038726716844818,0.41596727218528484,0.9914787310063841,0.5503707615664309,-0.06751377738387422,0.6996301199807459,0.9216751455883455,1.3416409041622488,0.2638024885416898,-0.9979532363586869,-0.482931511569848,-1.0531312784666302,-1.112748180258855,-1.0238695791747903,-0.5088613263982832,-0.28942660841731066,-0.48731077970765985,-1.3222794763156045,0
-0.7661037767008384,1.1348151154916164,0.5693561964423357,-0.4281154315628296,1,0,0,1,0,0,0.16064298156605036,-0.5175804660850305,-0.11865590134220637,-0.4690485741209635,-0.2147108053466018,-0.035564914762951955,-1.1189763128087256,-0.7554378472488543,0.2318091609469393,-1.9461749377442938,-0.8550717707368273,0.037836356722291374,1.3336740189339287,-0.30266971071741694,0.49875580759696486,-0.6895599735206764,-1.0321140363384378,-1.0403348677993542,-0.7768887630270574,0.8221130942085976,1.253539793163746,1.536504772385376,-1.009832161145273,1.605730173346121,0.09595066626876769,-0.8221130942085976,0.7768887630270568,-0.3139374809687093,0.41596727218528484,-0.10933200607758836,-0.44450777652248397,-0.801449827508525,0.25856020669096863,0.4323198869208419,0.954063719541543,0.015758101167622184,1.0837461795359422,1.33810702436318,-0.17730250308028428,-0.6589286824317738,-0.0423289389126401,-0.2233527107470814,-1.0302635040182315,-0.8213259083916238,-0.023255055489598248,0
1.1614159000919912,-1.0812127580541053,0.27967722576327125,-1.6014324776621007,1,0,0,1,0,0,0.17326191857018283,-0.5175804660850305,0.6489349837004895,-0.600402045461216,0.2445447003730924,0.06594782702537334,1.009872586955175,-1.6227411274313914,0.7456051929410822,0.6125814713525378,0.5861146531146967,0.49054717968777867,-0.8644613667012474,-0.4750915099047012,-1.3037532019613258,0.8240931799712106,-0.5727858766869135,-0.4497305794132182,-0.49837739391320257,1.163332477313009,-1.8789582540499132,0.9211917866396904,-0.1911331060445157,-1.3955227177682754,-1.2010521324221128,-1.163332477313009,0.4983773939132019,-0.5646101035717058,-1.3101654415944555,-0.5915053041391644,-0.10857476366129187,-0.32353798091572933,-1.0961545269847772,-0.30171300108041293,-0.09793149585751397,-0.4803306735805153,-1.7196090338688252,2.096873081001942,2.7968660466691793,2.232549832295058,1.345366449044194,1.9972698554289314,2.2623449208747504,3.632209140727898,3.5645266782203247,0
-1.5885121721324456,-1.6223358434548052,0.5693561964423357,0.3052077222492148,1,0,0,1,0,0,0.36254597363216995,-0.5629352881969182,-0.822280879298011,1.3131923586014052,-2.2858217374317604,-1.447799445897451,-0.7710616282469843,0.4299292211990759,-1.263033296853918,-0.5005287382440478,-1.8791127877821108,0.18535174558072504,2.6553838621364414,-0.3204721742728999,0.10838175689936484,-0.3310202093491057,-0.17614817452063192,-0.5722262746982733,2.038560284770937,-1.7690215962405262,0.7519679432735707,-0.48151688373001805,1.3939654417366583,0.5015165193782407,1.884271073042938,1.7690215962405262,-2.0385602847709374,-0.08315951095325189,0.4588525569996885,1.0694582401268549,0.7091083390722688,0.6005874775468721,0.6096158519624242,3.624780383942172,2.3857263810996594,-0.21456882996544172,0.16779843654230542,-0.8623145398892288,-1.527538531800901,-0.723760039264214,-0.4992530300691578,-0.9529858396334858,-0.7833178721512579,-1.4336869776455579,-1.3222794763156045,0
0.13340540580248203,-1.1069805240255675,-0.4445202009343899,0.3052077222492148,1,0,0,1,0,0,-0.7479204827314877,0.4941809502570791,0.34189862968341117,-0.5570033214501194,1.6984989967945003,0.8105236643714597,-0.13518645157309853,-1.2455220298078744,0.9599705812960234,-0.7993046804328461,0.04786786292749137,0.6287677885868705,-0.2985661352617126,-0.06173306474410115,-0.2780329056163631,0.4002327677537016,-0.04855265099767006,0.3831328530256281,0.6912331826893887,0.17200761631813533,0.12629710080170967,1.4309908127358455,-0.9101166105450124,1.0316650788169526,0.3118240940400081,-0.17200761631813533,-0.6912331826893894,-0.06326485836571254,-0.25947596364157,0.00893691608845806,0.21443774870523882,0.18851042614798086,0.038025250046078915,-0.38327221085833024,-0.7069813574043363,-0.29429738304996345,-0.16527347000083534,0.8069707847160468,-1.0348848456460813,-1.2813097080232,-0.8715615487892844,-0.3819686083310823,-0.4540570296619595,-0.4316415915936655,-0.5181215015185524,0
-0.4320003660567478,0.026801178718756015,-0.4445202009343899,-2.6280848929989626,1,0,0,1,0,0,-0.028641073495936725,-0.48269214138357847,-0.16982862701171944,-0.4516890845165249,-0.12314063136367974,-0.022149133909869317,0.8498284369509884,-0.08085422690276849,-0.5493131537913565,0.09406242287174489,-0.9805385580087985,-1.6741657250137991,7.645777372976673e-4,-0.2205319751719487,-0.925292644758211,0.3455155567446821,-0.23785909360767477,-0.7260729650282202,-0.974766068754056,-1.3166012534636966,-1.4020600798410516,-0.8159628952394031,1.0981392964675092,-0.36292927047167745,0.5658792165190892,1.3166012534636966,0.9747660687540554,-0.3696425082138195,-1.009968447893631,-0.7006766169078218,-0.43158727602782254,-0.4942207832702994,-1.2536794960168407,-0.46483142063624716,-0.04256332662598434,-0.6663639641110671,-1.2477571662660425,-0.5588081172337243,0.9083602497423721,1.4027084648398238,1.142289075196852,0.47455723862252236,1.439192814651505,0.793080546914203,0.904619530814692,1
-1.7941142709903475,-1.0554449920826439,-0.15484123025532542,-0.4281154315628296,1,0,0,1,0,0,0.1858808555743153,-0.5181619381633881,-0.23379453409861076,-0.42275660184246044,-0.3421690713191047,-0.07178752306627507,-0.5878453605710975,0.6504291993835084,0.6932236206375272,-0.7653873906908534,-0.5934417824010327,-1.3511374350146172,0.05445434086756965,-0.18649828574838168,0.2904063142563436,0.13711837879614824,-0.7920106801569583,-0.8562202946471414,-1.0827475017179835,-0.7689345227338477,0.6310663939393052,-0.6018118180504217,-0.8098691654961713,0.24864475326165944,-0.06442908645968103,0.7689345227338477,1.0827475017179828,-0.3696425082138195,-0.03432821836595151,-0.8280431484712572,-0.6383152839424023,-0.8867912286858101,-0.9071245641463012,-0.38327221085833024,0.12354118106860354,-0.790386157798101,0.5841383197212315,-0.5588081172337243,0.023408257945752128,-0.39960325510201306,-0.2792525417345383,0.506280418139323,0.6983559190505837,0.3477270420022505,-0.2706882785040748,0
-0.9203053508442651,0.2587110724619126,-0.15484123025532542,1.0385308760612593,1,0,0,1,0,0,0.03445361152472564,-0.5018807199693771,-0.5408308881156891,-0.14211151990403548,-0.6796031423784643,-0.27615458472823395,1.238215980697699,-0.7917263752434044,0.5562742590655018,1.0658720134634192,1.6853074149564131,0.37364194814901813,-1.4253142950482867,2.5701235972445073,-0.7070791360219385,-0.19656235922016893,1.6154024394307738,1.7905222730947123,1.233103646290187,-0.7133741297612556,0.8462677528449571,0.3783329403734131,-0.9579717620551428,0.1618810807829059,-0.442885676205755,0.7133741297612556,-1.2331036462901876,2.2763462859289234,-0.7097714541928067,-0.20940570944885942,-0.2765412700918884,0.3591932285025509,0.5421051509486824,-0.30171300108041293,-0.8177176958673952,0.44983577907224165,0.77843026520473,0.35171115073279,0.0051618251252043045,-0.4903671546674297,-0.39771434314548676,0.31594134103852145,0.9453015509175579,0.6260729825722207,-0.45626319576493324,0
-0.12359721776989524,-1.235819353882877,-1.8929150543297122,-0.8681093238500562,1,0,0,0,1,0,0.5644489656982895,-0.5925903641931524,1.096696333308729,-0.6536378135814946,0.19994624541066464,0.04940169730657143,-1.2050900015310102,1.5507254949712934,-1.1540544491029068,-0.2634022644854379,-1.1668484911889576,-0.5349317605188365,1.0710907863412855,-1.1038857083242284,1.0107635236265513,-0.611675834368386,-1.093719207965518,-1.5766850224174784,-1.14725589024189,0.40825130337297294,0.5727173892031009,-1.1158586989482313,0.9629558692289335,-0.7286737784209522,-0.022365861475361206,-0.40825130337297294,1.1472558902418892,-1.038102835155144,0.9413120111617277,0.018034525485845748,-0.3023822710812103,-0.6990401460957827,-0.18250970659880966,0.2692014673650073,1.009431888773073,-0.23228628620644656,0.7013302868382616,-0.9381911455531051,0.561678026151944,1.0079575365711881,0.6120314879287937,0.05863110718003145,-0.11565005265907018,0.0755665667782797,0.7121714684700992,0
1.8039224590229344,-0.05050211919562982,-0.4445202009343899,1.7718540298733036,1,0,0,1,0,0,0.40040278464456736,-0.5716573693722812,2.158530390951125,-0.7126600782365861,0.5672363341710163,0.11111428923075156,0.8297538568285706,-2.5971723556391173,-0.33648312559171756,-1.1129310360463527,0.1454987464532237,0.6102730986908883,0.11655049691422634,-0.3550058163459897,-0.9713291268019709,0.5903695782997643,-0.707022933284872,-0.9940375384624589,-0.5702641928891875,1.3979208031972914,-1.5085105651555297,2.591644368880688,1.053248196101491,0.8024261914773425,-1.159639678931303,-1.3979208031972914,0.5702641928891868,-0.3696425082138195,-0.9349191994684248,-0.1457224436671417,0.17567624722125458,-0.11871861809024475,-1.033144539371952,0.2692014673650073,0.6218547041523672,-0.6043528672675491,-1.5808290728091832,0.5793409677244183,-2.813912045649595,-2.0463197186459943,-1.7007941586659285,-3.7129024575951015,-1.0302635040182315,-0.5429799678216537,-2.3120123683735136,1
-0.35489957898503444,0.49062096620506923,1.0038746524609323,1.0385308760612593,1,0,0,1,0,0,0.19849979257844777,-0.5222322427118907,-0.7071422465416066,0.21954451352176993,-1.2763853101906646,-0.571301763496052,-2.014637348646867,-1.0438715914536922,1.159921870311435,-1.8119442919126418,-2.0435863397188743,0.4116057204826501,2.2950400084896914,-0.5833212075329453,-1.5757037147104809,0.8020963417993283,-1.2669977543420585,-1.5036411021923424,-0.8434663861467556,1.3979208031972914,2.218554597501378,-0.1457588718343618,-0.7796225846963963,1.1914865566100596,1.1887494519499637,-1.3979208031972914,0.843466386146755,-0.6481676444393714,-1.535313186870074,-0.5369196477548344,-0.06981326217730856,-0.5624939042121272,-1.4742144526617298,0.35076067714292497,0.8986955503100138,-0.790386157798101,1.4723300705029398,-0.482931511569848,-1.1078705769282764,-1.2813097080232,-0.8207922053274488,0.09387908442092041,-1.9357308208638015,-1.7677021063295222,-0.5799798072721716,0
-0.020796168340944693,1.7532414988067013,-0.8790386569529866,0.3052077222492148,1,0,0,1,0,0,0.2868323516073751,-0.5495614303946948,-0.19541498984647596,-0.4343295949120862,-0.36505328320333785,-0.08699207469976873,-0.6948956297529298,0.10668174213584679,0.7529077239594111,-1.455468819974663,-0.7343410290901825,0.18031109898079892,0.6063601611967216,-0.8782832101357855,-0.407354488945409,0.13157006960331513,-1.0372908905968021,-0.7597263522812615,-0.5008818372323651,0.7426913412446393,0.08869905373436536,-0.5545028236810359,-0.8970348498283823,0.9376845858924565,0.21295438861110444,-0.7426913412446393,0.5008818372323643,-0.8431352397972577,-0.40957446049198204,-0.10023439668020068,-0.018131260198663828,-0.42594766232847037,-0.15100471279239655,0.02452383803125581,0.2896456887631914,-0.4183195767369984,0.22331042096616224,-0.36911660307403377,0.5844860671776301,-0.004131978424128287,0.37228736602568263,0.8076506235489245,-0.20711139779498602,0.15288488360327163,0.9355486836915021,1
0.004904094016293398,0.15564000857606544,0.27967722576327125,-0.13478617003801185,1,0,0,1,0,0,0.4130217216486998,-0.5722388414506387,-0.0035172685858019803,-0.4950878085276215,-0.26830930401398995,-0.05747735682298693,-0.1690052605506041,-0.05899086195944804,0.6317208996474293,-0.7134532861498238,-0.33409941361636647,0.8726842949458088,1.0904731035624988,0.2174184090930065,-1.0237984795821888,0.625848629925115,-0.7138592419912195,0.1041318125548277,0.8549852458654548,0.3422733367180179,0.4522478414425727,-0.9446520326468901,-0.234666116130486,0.2559787568324846,0.5360100478894555,-0.3422733367180179,-0.8549852458654554,0.32667033235006016,-0.8598699510432187,0.47291499535525605,0.7441782689863493,0.39332978897346543,0.41608517572303205,0.8401159358104279,0.4557501964577793,0.07776919801113909,0.22331042096616224,-1.0140677512169813,-0.615216890773458,-0.6329961396987983,-0.4992530300691578,0.062155904904119784,-1.1948939252628807,-1.211010225189582,-0.5181215015185524,0
-1.074506924987691,0.7225308599482267,0.27967722576327125,-0.8681093238500562,1,0,0,1,0,0,0.097548296545388,-0.5129286894581703,-0.1826218084290977,-0.4389587921399365,-0.23101523630327458,-0.055241393347473154,1.0547116050302767,0.6921340346353557,0.11481550935427855,1.9879765011046264,2.0196134413474254,0.8246330821229353,-1.9190746823673028,0.4363692678062145,0.3145421671655566,0.40946640825303016,0.9843983775577237,0.36168632032935927,0.3506288912831737,0.7769517052683067,-1.0305871305120724,-0.6348742456509053,0.2545176038747919,-1.7095154190890753,-2.2724800909971177,-0.7769517052683067,-0.3506288912831744,0.6330479821981672,0.5660657690356972,0.764038496071679,0.8798435241802919,1.2894145013349583,-0.32428217872766657,-0.22015379130249568,-0.4024564266309252,0.44983577907224165,-0.9146852597229018,-0.482931511569848,0.4521994292286506,0.5210020119186368,-0.24540631275998087,-0.9212626601166852,1.1099319721622063,1.795125932966095,-0.20882997275045564,1
-1.6399126968469209,-0.87507063028241,1.4383931084795292,-0.8681093238500562,1,0,0,1,0,0,2.495146327330558,-0.7333066071556756,-0.1442422641769629,-0.45863288035830035,-1.0320228333629249,-0.2095228731579235,0.16004751313321763,0.3610615457629168,0.06815522072615962,-0.22771775179912215,0.381652260848951,0.30796898566383024,0.30626560527870983,0.2195493872616161,-0.09441734232987781,-0.6322572138947495,-0.6397712333027561,-0.7071100129065042,-0.2763926451691775,0.6941558255444424,-0.0031788021199013073,-0.5901535235994082,-0.7285279952570307,-0.3267542118473483,-1.1865219306979728,-0.6941558255444424,0.2763926451691768,-0.32631637591206714,-0.6847550380510711,-1.889430911499881,-1.8442286634441172,-1.9298527986304048,-1.0856528623826396,0.051710241290561454,0.1973654067106424,-1.7894538291658766,-0.16527347000083534,-0.7105613285614767,-0.615216890773458,-0.8663890242955825,-0.9223308922511192,-0.6992004034990842,0.2044646553166367,0.6260729825722207,-0.5799798072721716,0
-0.12359721776989524,-0.5400896726534062,-0.15484123025532542,0.5985369837740325,1,0,0,1,0,0,-0.8236341047562825,3.605056569469887,0.6745213465352461,-0.6027166440751413,3.140196479396394,3.2383328060843146,1.3820190504058456,-0.9384735984072777,0.3356908845915956,1.485611582793952,1.432208917929423,0.3615795672843922,-1.5079081800254175,1.5465654653619823,-1.4400990709341486,0.2841626723025114,1.4166792148037601,1.6081311062361752,0.9953441571592244,-0.49401881205127574,-0.3764211412984999,-0.15457516970683371,-0.17334460382753533,-0.6022105458597995,-0.2919147092048135,0.49401881205127574,-0.9953441571592251,1.3015083091394917,-1.3852146900196616,-0.30947941282012914,-0.12149526415595328,0.4445346296798359,-0.024984737566746233,-1.1173050988595852,-1.5375038958772762,0.015758101167622184,-0.3318094232724056,-0.1035484832504671,0.14201007127932075,0.028283699992091807,-0.21156008378542468,0.41111087958892223,0.6160407084282594,0.4033962301162448,-0.08511336124321738,1
0.18480593051695732,-1.0812127580541053,-0.8790386569529866,2.9451710759725747,1,0,0,1,0,0,1.006111760842926,-0.6507375720289058,1.4932849572474551,-0.6814129969485965,0.14097870964842146,0.026147677161228185,-2.2704774663112186,0.0817540223842018,-1.1730924300613836,-1.0704801985783692,-2.1494539150246075,-0.5766056110754451,2.328889964297837,-0.2588247690460382,-0.5999311945549667,0.021508501375930057,-0.12795108129623606,-0.6581223865920693,0.6359402782403267,-1.417139107414103,2.8985395268638614,-0.7132078621716459,1.6252706203337943,1.3192755846962343,2.151866943733062,1.417139107414103,-0.6359402782403275,-0.5089050763265954,-0.8598699510432187,-1.1919475243667854,-1.0000892977929163,-0.9892009100985523,-1.3166894836296663,0.6769975162545934,0.40038202722625016,-1.658541513607341,3.653158030011599,-0.2878202398627378,1.5912981638829147,2.3622125459599386,2.9409743864161633,0.5470673632323512,-0.4422977138587703,-1.0201444373701736,1.752962009721472,0
-0.14929748012713334,-0.6173929705677911,0.27967722576327125,-0.13478617003801185,0,1,0,1,0,0,-0.07911682151246661,-0.4762959485216456,-0.3617263482723934,-0.34174565035508003,-0.2948745298524538,-0.10219662633326239,1.3504303619849596,0.683058644857277,-0.6488479524195745,0.7894278305504204,0.67672481758815906,1.5300332095774791,0.1191936842178137,0.9676473598054819,0.11373542035104035,0.08094174821871787,0.8173572888466794,0.8564597540470646,1.4819217163109606,0.617030896486598,-0.9109444509834089,-0.8235817791332163,0.9683355384600064,-0.25598857325604535,-0.04360915265355677,-0.6170308964865974,-1.4819217163109613,0.9951306592913848,0.19081952690966666,0.2636699792153276,0.26611975068388355,0.59814915179895,0.3215701943037938,0.6769975162545934,0.012804842605544792,0.20179139169817292,-0.7759052986632599,-0.6346847228976005,0.6072941082033162,1.0526191379446466,0.8715192434003977,-0.3502454288142823,-0.12479618717266176,0.18071947766026855,0.904619530814692,1
-0.9974061379159777,-0.7204640344536393,-0.4445202009343899,0.3052077222492148,1,0,0,0,1,0,-0.3188766245909836,-0.3576756445367086,-0.42569225535928473,-0.3128131676810156,-0.13453705813616704,-0.03332895128743818,-0.06919676959178386,-1.1490007714967236,-1.736022097265413,-0.5381750777010114,-0.4438163471212831,0.7100047052084555,0.8735999376919907,-0.6891084017037167,-0.558664757638633,-0.12282938381370073,-1.4899916860121143,-0.7924884473402245,0.9477123177844309,0.02843219803499119,-0.5923292029122158,1.0173815277717935,2.2497686789341893,-0.750410440509173,-0.1967277358757714,-0.02843219803499119,-0.9477123177844317,-0.6760201580619267,-0.5596729573423944,-0.1457224436671417,-0.18609776662925942,-0.7502449868021539,0.3215701943037938,1.166352774922097,0.7325910426154264,-0.9144083514851348,-0.49834537654397587,1.1104772073715516,0.36096726512590627,1.519404907138216,1.0576735027604598,-1.397110352868688,0.2044646553166367,0.23638866577426285,0.10046155601764112,0
0.8016122270906633,1.5213316050635446,-1.8929150543297122,-0.8681093238500562,1,0,0,1,0,0,-0.3062576875868511,-0.3838418880627976,0.009275912831576286,-0.49566645818110283,0.30588302982383064,0.08786026908540832,-0.5530516486818815,-0.12049298039414734,-0.40875933547947285,0.012086054893734304,0.08257738163795844,-1.0847570195367693,-0.47785304165002135,-0.09038245779134425,-0.17522591037071536,-1.0401241840835758,1.0265112610088571,0.6541353879950907,-0.8350596325743129,-0.651277219968356,0.6787226933809092,-0.010157073358968817,-0.48643679069083906,1.0015435142661449,0.5312812488184372,0.651277219968356,0.8350596325743123,-0.3417899945912644,-0.4846237089171882,-1.0463857740085747,-1.3489428111487698,-0.9550643496276378,0.006520256239666901,-1.1173050988595852,-0.9284540343304539,-0.6663639641110671,0.5286263352973745,-0.1035484832504671,-0.2776578835933038,-0.47740088330094144,-0.07617516788719629,0.030432725387320277,0.2044646553166367,-0.09762646290970158,-0.1469716669968365,0
-0.4320003660567478,-0.41125084279609675,0.5693561964423357,0.3052077222492148,1,0,0,1,0,0,0.04707254852885811,-0.5030436641260921,-0.7966945164632545,0.9197105942341292,-1.748531133660709,-1.0976475656319942,-1.3464147094451695,1.065044532933884,-1.7511639093566524,-0.7106436344789611,-1.7370712256910537,-1.474582853219859,1.3361750603850275,0.9754434764081872,-0.060671424290820626,-1.0353062768881935,1.472060470027269,0.7304707966945805,0.11065768597424898,-2.120904085066952,2.8468740571787525,-1.5225863466793599,1.353516764712857,2.4197036667735334,2.9714402265057456,2.120904085066952,-0.11065768597424969,1.0229831729139398,0.04072103005925432,0.3182556355996563,-0.28946177058654887,0.2909201075607231,0.8886600828192224,-0.13859458152457876,-0.2086678343205727,0.38782468222872474,1.7776459848341521,-1.6210805965279906,-1.4271831512878814,-0.6459624110652865,0.2622871218583729,-1.2702176348014877,-1.7711003996191523,-2.3800631755834565,-1.0748462533011267,0
0.930113538876852,-0.07626988516709207,-0.4445202009343899,-1.161438585374874,1,0,0,1,0,0,1.5234881780123575,-0.6891147292005031,-0.8094876978806327,1.0730527524066706,-2.5422533755649375,-1.3592552922671055,1.1964947041631626,0.24828867568955193,-1.5120029384661908,0.8105609988423806,0.5102970257858416,-0.7020648508067153,-0.5624860370272644,0.7004053809560808,0.22170443852238655,-0.759448987293713,0.426865663343554,0.27817030000905074,-0.7046860443852642,-0.25863368266248993,-0.9639182080229415,-0.1186853598557417,1.3037856780325061,-0.6717429316728668,-0.391831969307706,0.2586336826624906,0.7046860443852634,0.49378541408539117,0.04072103005925432,-0.45504116317834126,-0.7545997883943533,-0.5624939042121272,0.29006520049738066,-0.709509049969999,-0.4855086804782194,-0.10826409251941274,-1.0257092285706153,-0.4070549059059717,-0.934529465133063,-0.2051091846046925,-0.44848368660732285,-1.5557262504526888,-0.12479618717266176,-0.26463402725168356,-1.0748462533011267,0
0.8273124894479005,1.3151894772918502,-0.15484123025532542,-0.8681093238500562,1,0,0,1,0,0,-0.6595879237025604,0.1412273986940558,-0.31055362260288033,-0.3903522212475083,0.7273809871069988,0.4102862022544944,0.49182679143317554,0.44853703085161584,0.2413062807891426,0.4277080351018074,-0.1972736069782431,-0.04110822971220244,0.6149637373242327,-0.29214436202269106,-0.3908273836132459,0.12174666396152707,0.11478282510550926,-0.03225062353007986,0.19616880564547262,-0.2506245554141756,-0.9758043301804589,-1.007153444564823,-0.20753011356919407,-0.46398927746726654,0.22497889393437226,0.2506245554141756,-0.19616880564547334,-0.3139374809687093,-0.40957446049198204,-0.1548200530645294,-0.06981326217730856,-0.01630893667750248,-0.34003467563087314,0.9216751455883455,0.8986955503100138,0.139780294854656,-0.9146852597229018,-0.9381911455531051,0.023408257945752128,-0.08841274230630035,-0.2623294272472596,0.7600658542737248,0.28677986593896093,0.18071947766026855,0.34789477903211874,0
0.930113538876852,0.6967630939767645,1.4383931084795292,-1.6014324776621007,1,0,0,1,0,0,0.5013542806776271,-0.585612699252862,0.13720772700535894,-0.5118686484785789,-0.21321350491156144,-0.0547942006523704,0.3740509109594894,1.7942740370745494,0.9889742871495859,0.580383402738611,1.2568522068688144,0.5396432848098296,-1.3151818866149583,0.2254086005394873,0.9852621516694118,0.06474868195158295,0.8309270329565497,0.660336294391806,0.6359402782403267,0.10529125240634482,-0.2949012793473982,-1.4756834308707312,-1.2868948003459637,0.039872488269676355,-0.9892795570363746,-0.10529125240634482,-0.6359402782403275,0.6887530094432773,1.6918044954137887,1.746580310989605,1.519408298666023,1.8612018892227682,1.1722050270769362,0.6769975162545934,0.40038202722625016,1.938102103316653,-0.19302946221276363,-1.317574173872486,0.4339529964081015,-0.3347718982695729,-0.29617565622181696,0.47455723862252236,1.3568776040291806,1.5724491805101195,0.40975308478573785,0
0.18480593051695732,1.0575118175772313,0.5693561964423357,-1.6014324776621007,0,1,0,0,1,0,-0.09173575851659908,-0.475714476443288,-0.054689994255315046,-0.4748350706557764,0.03188121628321493,0.001104886235473924,0.6287964855821931,0.8828787511878724,-0.4438178394179776,0.8656027192768082,0.22452387918837152,0.0753115547018296,-0.03550975684207249,0.05512420907493548,0.45466126526307954,0.3273033421402648,-0.5530601274994221,-0.36530022979892196,-0.12950004961474557,0.23115255077283092,-0.8192773596067258,-0.756309118733126,0.9356221483069898,-1.7177783849133095,-0.648536613696627,-0.23115255077283092,0.12950004961474487,-0.007559831120602114,0.340918023760079,-0.20030810005147043,-0.0052107597040024186,-0.22112829950298704,-0.37153966943728567,0.5954383064766764,0.7325910426154264,-0.17027518936292965,-0.9146852597229018,-0.9381911455531051,-0.9801455471844351,-0.41256952646850126,-1.0238695791747903,-0.794369942049485,0.2044646553166367,0.3477270420022505,-0.8892713360402683,0
0.2876069799459088,2.113990222407169,-0.15484123025532542,-1.161438585374874,1,0,0,1,0,0,-0.7605394197356201,0.5726796808353461,-0.2977604411855021,-0.39150952055447086,1.3002712888661887,0.7429975674109438,0.37693201073739835,0.9076319189990852,0.6171948140508564,0.6072104586713467,0.5129070095050227,-0.8989935681180131,-1.4293034215348301,0.35452858023607564,-0.12358547148731482,-0.31315531058144375,0.7457172578523605,0.8090501987359817,-1.6101471646499057,0.37080434932556694,-0.16989235638380829,-1.369558505345039,-1.158416873507512,-0.08086168793911766,0.12307581774966218,-0.37080434932556694,1.6101471646499057,0.04814519612450831,-0.40957446049198204,-0.9372144612399159,-0.9354867953196102,-0.6307670251539549,-0.2140147004052217,-2.0144564064166746,-1.814344742034923,-0.728375060954584,-0.22078545442469194,-1.317574173872486,-0.23204180154193166,-0.7756251247301669,-0.7530997473783346,1.0138512904081252,0.03983423407198747,0.23638866577426285,-0.08511336124321738,1
1.135715637734753,-0.1535731830814779,0.5693561964423357,-0.8681093238500562,1,0,0,1,0,0,-0.6217311126901629,0.02318856678747634,0.31631226684865466,-0.5529527738757504,1.1002505281505932,0.4451672324725093,1.3028285849458818,0.40987508757241325,0.9662057266399148,1.793954521224041,1.499299964969191,0.6026764048161133,-1.4602771566773236,0.37214572485493747,-0.12572497149328132,0.5194766591714353,0.41423556405264716,0.5447645300767516,0.3506288912831737,0.4742292700279266,-1.4397712383156875,-0.6885149372644885,-0.798811652070944,-2.012767927406956,-1.417306850314706,-0.4742292700279266,-0.3506288912831744,-0.007559831120602114,-0.4846237089171882,-1.1737523055720087,-0.7675202888890147,-0.5795621844475838,-1.0646495331783645,-0.8726274695258333,-1.0945585420250417,-1.1624527388592034,-1.3032691506898992,-0.482931511569848,0.6711566230752374,0.11904759955750843,-0.7023304039164997,1.267636726542527,1.0276167615398821,1.461110804282131,0.22417816752487937,1
-0.7918040390580765,-1.0812127580541053,-0.15484123025532542,-1.6014324776621007,1,0,0,1,0,0,-0.5460174906653681,-0.1338088943690579,0.6489349837004895,-0.600402045461216,1.0651085176564143,0.3610950057931914,0.44240865846156535,-1.0538017793180336,1.1406250601102288,-0.05873923768175953,0.09134263320558975,-0.22578231175440125,-0.5387426137900152,-0.6479464504436151,-0.5189947948351229,1.7443759042852403,-0.7609443999176555,-0.4431051850431456,-0.8569681418843186,0.5419904249708541,-1.2626004677747549,0.926458421264708,0.19365688849938067,-0.6751865206205514,-0.5513558665292093,-0.5419904249708541,0.8569681418843179,-0.5646101035717058,-0.40957446049198204,0.2909628074074919,1.183475285804831,0.76883195415352,-1.222174502210428,-0.05703537174666111,0.40038202722625016,0.44983577907224165,-0.933189254530854,2.096873081001942,2.7816606859853867,2.491875259624819,1.9658806469110703,1.6800380602609295,2.2623449208747504,2.9827352793979682,3.4614295019642913,1
-0.07219669305541997,-1.95731680108381,-0.4445202009343899,1.7718540298733036,0,1,0,1,0,0,-0.4198281206240434,-0.3053431574845305,-0.13144908275958464,-0.46615532585355707,0.34847726108323646,0.12542445547403971,-0.2775782065694446,-0.14284654720734982,0.741257728301595,-0.9421245960690275,-0.720241891194776,-0.5234976286575741,0.7408088448460161,-0.11202211790400685,0.18413110685537504,0.6413123613078702,-1.012103700670451,-0.7924884473402275,-6.192842294857107e-4,-0.7133741297612541,0.2740480729442306,0.38051986971548146,-0.3688670716831128,0.26916484398279433,0.16263900962750324,0.7133741297612541,6.192842294857107e-4,-0.14682239923337803,0.11577027848446049,-0.1457224436671417,0.2015172482105774,-0.22112829950298704,-0.655084613695,0.5138790966987595,0.5664865349208381,-0.29429738304996345,0.5286263352973745,0.7310941790521709,1.0087156302553917,0.6376984542170299,0.7192112130148905,1.0455744699249259,0.4514102871836102,0.1250502895462747,0.7809029193074537,0
-1.6142124344896835,0.5679242641194551,0.27967722576327125,-0.13478617003801185,1,0,0,1,0,0,-0.7983962307480176,1.31696394113299,-0.4128990739419065,-0.31859966421582847,1.605913064775846,1.2590579375595228,-0.13616045462910686,0.49053852771084877,0.03560148598908628,-0.5049093993220559,0.3284964213454455,0.10459840973365488,-0.5857946368238661,0.4461218883289896,-0.47879423457476056,1.2274282518312287,0.5228247336294324,1.864853243316176,1.6035661060988957,-1.4477375847033576,0.6350941609992011,-1.1529250773439816,1.1847785963571154,1.200524080651932,1.3936047916878846,1.4477375847033576,-1.6035661060988964,-0.06326485836571254,-0.8598699510432187,-1.546754290864926,-0.806281790372998,-0.5795621844475838,-0.9071245641463012,-0.9541866793037505,-1.5375038958772762,-1.2864749325462383,0.6951622885689447,-1.0140677512169813,0.3518440487156324,0.9359226956462544,1.4299820214805863,-0.4771381468814831,0.6160407084282594,-0.04195727479570725,0.5953280020465953,1
-1.100207187344929,-0.4370186087675581,0.27967722576327125,-0.4281154315628296,1,0,0,1,0,0,0.3499270366280375,-0.5623538161185606,-0.041896812837936774,-0.47772831892318285,-0.2643494168182071,-0.06329086185932274,0.3778902829342149,1.7990333783419343,-0.8438277968349497,1.150730401396596,0.8536863704141182,0.5234499786958452,-0.4325984672483449,0.30462876599620076,1.653788271093519,-0.7514179315745966,1.2802780594293652,0.3851685461043917,-0.1984048918790851,0.9106988955914741,-0.2210841636373198,-0.8125009854474026,0.3984383119085031,-0.2850607252922664,-0.7337919733556193,-0.9106988955914734,0.1984048918790844,0.24311279148239442,1.4666567501381707,-0.11842961547497735,-0.4832692780064673,0.017827623793410803,0.06953024385249205,-0.22015379130249568,-0.1532996650890431,0.5118468759157585,-0.38732140769626244,-0.9381911455531051,-0.7794347861583975,-0.47740088330094144,-0.5500223735309933,-1.3336639938350878,-0.6186874509066087,-0.26463402725168356,-0.8892713360402683,0
0.15910566815972013,-0.23087648099586283,-0.15484123025532542,-0.8681093238500562,1,0,0,1,0,0,0.009215737516460692,-0.5001363037343045,-0.5536240695330674,-0.14211151990403548,-0.687112840149562,-0.2748130066429257,0.8925181424101771,-0.59718379516871,0.3449133837682502,-0.29062404404433334,0.23097265486478039,-0.6045488623446511,-1.0804789521119973,0.6214072738854991,-0.9629875164859457,-0.2994027636812695,0.17350496757308476,0.5343564313735047,-0.11207882534413707,-0.7133741297612541,-0.620165377074074,-0.14504625384389455,-0.772379053485172,0.5646588898090303,0.22141928776313227,0.7133741297612541,0.11207882534413637,0.6330479821981672,-0.8598699510432187,0.1817914946388332,-0.0052107597040024186,0.06903246449978255,0.7941451013999841,-0.8726274695258333,-0.9284540343304539,0.2638024885416898,-0.6093693453916895,-0.17942508891434333,-0.13168642102891215,-0.5033334260339178,-0.2623294272472596,0.41111087958892223,0.6160407084282594,0.29205785388825667,-0.20882997275045564,0
-1.074506924987691,1.6501704349208541,0.27967722576327125,-0.13478617003801185,1,0,0,1,0,0,0.097548296545388,-0.5129286894581703,0.3035190854312764,-0.5529527738757504,0.12482806220433386,0.03285556758776951,0.13695579777597477,-0.08692927538683631,-0.06641897418901702,1.2690822209981794,0.6545750843843786,-0.012205321236749174,-0.9295381593757075,0.39858348616463624,0.16566221201170117,0.6353749740108885,1.2739182298674594,1.0985807444597173,0.3871222082195544,-0.4005896952488784,0.2078195523284797,0.2852699258744139,0.7292875363172356,-0.4512526962779764,0.22157060742691395,0.4005896952488784,-0.3871222082195551,0.4659329004628361,0.26586877533487285,0.33645085439443295,0.6278937645343975,1.1614023995690306,-0.30852968182446,-0.5463906304141645,-0.762349526635866,0.5118468759157585,0.3065783976019474,0.4275877563966659,0.4521994292286506,0.7803274392483975,0.5330569536548284,0.2207718024881207,0.7806711296729086,0.6260729825722207,0.6571863078002155,1
-1.3572098109173063,-0.87507063028241,-0.15484123025532542,-0.8681093238500562,0,1,0,1,0,0,-0.81101516775215,2.3723357633519147,-0.1442422641769629,-0.45863288035830035,2.182214136639453,2.178933311385889,-0.8050853959257175,-0.7146048772656239,1.531619264883179,-0.3705739192371083,1.0919198693878804,1.3857846481713727,-0.6045975466853132,-0.9663841543613024,-1.2242524498375649,1.1794982140547852,-0.28644503896423334,0.517580644954291,1.3634784946753398,0.5377636082882545,0.15389118050556885,-0.24561160847887695,-0.9084928898934744,0.2165874601539666,-0.9142325471339112,-0.5377636082882545,-1.3634784946753404,-1.038102835155144,-1.3101654415944555,-0.982702508226857,-0.3023822710812103,-0.3918111018575571,-1.0016395455655394,-0.13859458152457876,-0.7069813574043363,-1.1004416420156866,0.11228645211844858,-0.2553016945782196,-0.07694712256726609,-0.5292659687668935,-0.4146374576327655,-0.28679906978068154,0.28677986593896093,0.6260729825722207,0.038603250264021984,1
-1.074506924987691,-0.12780541711001567,2.8867879618748513,-0.13478617003801185,1,0,0,1,0,0,1.48563136699996,-0.6873703129654305,-0.8478672421327675,3.590178745050276,-3.4441730631829084,-3.30320193787878,0.9929073352782759,0.4455332703750903,0.8027004497415162,-0.11625302204732557,0.3694939927108036,0.3625602486555001,0.06429303541282422,2.7461544756039022,-0.8536491736185097,1.6558097985890452,1.1613069507615466,2.2118447094260434,1.5219753568508905,-1.0149876916124754,1.3632633753233319,-1.4666753982143175,0.566610756472867,1.308582426006477,1.6790755712647654,1.0149876916124754,-1.5219753568508911,3.4531149864818795,-0.46586139681088673,1.5032192596094707,2.301098578593027,2.825559722526089,0.6208676354647141,-0.42405181574728873,-1.0253483304856301,1.6900577159425842,1.194770148383656,-1.3934507795363622,-0.14993285384946126,0.15794641365697218,0.6853649840403343,-0.0012904541294803558,-1.1125787146405561,-1.545025353873546,0.22417816752487937,0
-0.14929748012713334,-2.1892266948269663,0.27967722576327125,-0.4281154315628296,0,1,0,0,1,0,-0.07911682151246661,-0.4762959485216456,1.9922190325252074,-0.704558983087848,0.852904187154995,0.17819319349616475,1.4501305739588808,-0.44547057490009784,0.486331635144369,1.8368082411662425,2.081166576541749,2.6026601551180537,-0.755958681444174,0.9111525588369013,0.2761143097528517,0.12119043555718317,0.8601182735303479,0.8701633425281717,1.3508541695676228,2.209957315873655,-1.1060289621752737,0.8880275983727438,-0.543046937274652,-1.6285308762144823,-1.856073336218753,-2.209957315873655,-1.3508541695676235,1.1622457410267157,0.5660657690356972,0.8732098088403377,0.8087807714596554,1.1614023995690306,0.6996301199807459,0.6769975162545934,0.06817301183707392,0.9459245538203791,-1.0812212129944723,0.6552175733882943,-0.3871364805165972,-0.5940973255993336,-1.1423313805857394,-0.44541496736468245,-0.7010026615289333,0.45906541823023866,-0.332546584257695,1
-1.1773079744166424,-0.7204640344536393,1.4383931084795292,0.3052077222492148,1,0,0,0,1,0,-0.7226826087232228,0.30229516439909276,-0.42569225535928473,-0.3128131676810156,0.863639856874863,0.47423475765418827,1.0795692883221593,-1.2878510677574464,-2.1510736699292634,1.9020319669295067,1.1559527771322153,-0.16112360351608784,-1.1373841080622198,0.9063292434389505,-0.6028574686633603,-0.5303347862410505,1.6142690154609625,1.2355932054645151,-0.22109974072011698,-4.693472038239746e-4,-0.595573873949794,1.1636866291561427,2.4076544533073707,-0.968840955614556,-0.2964789477420469,4.693472038232714e-4,0.22109974072011698,0.4102278732177254,-0.8598699510432187,-1.1828499149693978,-1.232658306696819,-0.6478353053894121,-0.40304466324369825,-1.4435419379712537,-1.5375038958772762,-1.0384305451721696,-0.49834537654397587,1.2622304186993043,0.37921369794645543,1.62313507807012,1.0407503882731821,-1.4288335323854886,0.36909507656128593,0.4033962301162448,0.16231986177126023,1
1.3156174742354179,-1.6223358434548052,-0.8790386569529866,0.5985369837740325,1,0,0,1,0,0,-0.29363875058271866,-0.3948898575515908,-0.6175899766199587,0.011230638268506017,-0.5489551756386524,-0.3123771930315571,-0.9811846628589118,-0.9108342737535484,0.9662563215125111,0.04606697094265631,0.8006811112531408,0.6283646575786089,-0.4242560478110162,-1.0396193689964626,-0.9419208614133188,-0.10760510383426651,-0.4445493184962619,0.07027293984872149,-0.02757457514840374,0.8843625762614299,0.32558573434839605,0.3065529838841871,-1.4290375132427708,-0.5030410002209706,-0.9723168105147048,-0.8843625762614299,0.027574575148402326,-0.9266927806649233,-0.7848207026180125,0.4456221671630917,0.31780175266252825,0.12023730520615308,0.8256500952063961,0.35076067714292497,0.40038202722625016,0.8219023601333442,0.16779843654230542,0.12408133374116129,-0.43275256256796935,-1.060883094792903,-1.159254495073018,0.31594134103852145,-0.20711139779498602,0.23638866577426285,-0.5799798072721716,1
0.72451144001895,0.6967630939767645,0.27967722576327125,-1.6014324776621007,1,0,0,1,0,0,-0.7100636717190902,0.2761289208730037,0.13720772700535894,-0.5118686484785789,1.3408827561041061,0.607945373489912,0.33655014960266194,1.1245675792385266,0.7883870942870274,0.21460730322980728,0.9267500232446689,1.079215632139836,-0.29266304836959867,0.3681823899506821,0.07362766480256727,-0.2811897056945041,1.0183908730895326,0.8234317915856832,1.324112778207694,0.15868247298249136,-0.10009766968356197,-1.4697457164781034,-1.360320105405503,0.7198983356887131,-0.4008995422049676,-0.15868247298249136,-1.3241127782076947,0.38237535959517033,0.11577027848446049,0.15449866644666885,-0.018131260198663828,0.39332978897346543,0.41608517572303205,0.8401159358104279,0.2342775195316623,0.07776919801113909,0.11228645211844858,-1.2416975682086098,0.9174834661526473,-0.010615114107371936,0.27921023634565156,1.0455744699249259,1.0276167615398821,1.2384340518261547,1.1520527538291696,1
0.2876069799459088,1.0575118175772313,-0.15484123025532542,-1.6014324776621007,1,0,0,0,1,0,-0.7605394197356201,0.5726796808353461,-0.054689994255315046,-0.4748350706557764,1.5365566440209162,0.8073933155057404,0.5003404943716468,0.7119010590912225,-1.151242586347327,1.1899658295655788,0.2981085232506412,-0.36814943075734324,-0.7623493347460286,0.12706285065771836,0.13953510412427564,-0.7161757959282707,0.530502349927051,0.2703668045802398,-1.3170468373944293,0.8041191033027003,-0.568775933820566,-0.8373233409912259,0.8540995752142858,-1.081530016447473,-0.1235951183343886,-0.8041191033027003,1.3170468373944286,0.10385022336961848,0.11577027848446049,-0.027453521501095285,-0.39282577454383927,-0.1699234587966153,0.5106001571422693,-1.2804235184154193,-0.9284540343304539,0.139780294854656,-0.7203933142394032,-1.0140677512169813,-1.0257616292358074,-0.4903671546674297,-0.8546384343020056,-0.7626467625326843,-0.6186874509066087,-0.32030321536567735,-0.7036964187794109,1
-0.3034990542705592,-1.95731680108381,-0.8790386569529866,0.5985369837740325,1,0,0,1,0,0,-0.7353015457273552,0.3168319663580311,0.2651395411791416,-0.5384865325387181,1.5671797076776843,0.6598197261218315,-1.4663071833593568,-0.8836833310493895,1.1318657237868832,-1.136283730317864,-0.5546008881080929,1.0250687872101745,1.1871051604059164,-1.4129973366454585,-0.7237305053039679,1.2526257574051283,-0.957223575525688,-0.3781930933667457,0.8331516374419781,0.5717619163874261,0.6270855423993081,0.4878657718903003,-0.28853027871823894,0.5858795009112715,0.35177637029430825,-0.5717619163874261,-0.8331516374419787,-1.3166279713806959,-0.6347222057676005,0.17269388524144552,0.8087807714596554,0.3421249482670949,-0.6235796198885869,1.4925896140337656,1.1201682272361313,-0.046252995675895824,0.3620903820258042,0.19995793940503753,-0.6471481482094179,-0.6848612251647502,-0.4315605721200442,-0.3026606595390819,-0.8244754774624201,-0.6821529381066387,-0.6109089601489817,0
1.135715637734753,-0.6946962684821769,0.5693561964423357,-1.161438585374874,1,0,0,1,0,0,-0.6217311126901629,0.02318856678747634,-0.3745195296897717,-0.3330659055528607,0.5182002742630593,0.2752340083334625,0.1882142777188825,-0.08611198107870735,0.5945205797827832,-0.018527563717067923,-0.24063625492493393,1.069049584599323,0.6876687033552846,0.3741905518922496,-0.11823024250198845,0.4728172210085214,0.4057828112663389,0.42422064648695135,0.9041108648182726,0.5613699807042828,0.11217025568632365,-2.4906501894361754e-4,-0.3375938403257844,0.42739683278556173,0.7270078102405896,-0.5613699807042828,-0.9041108648182734,0.1317027369921738,-0.3345252120667762,-0.7097742263052108,-0.37990527404917784,-0.20406001926752979,-0.8126095827270634,-0.13859458152457876,-0.5408768497097485,-0.790386157798101,0.19555442875423396,0.12408133374116129,0.38833691435672935,0.14498014229048395,0.31305646532020776,1.0138512904081252,-1.0302635040182315,-0.9326642846196119,0.40975308478573785,1
-1.0488066626304537,-0.4370186087675581,-0.4445202009343899,-0.4281154315628296,1,0,0,1,0,0,-0.21792512855792381,-0.4274522939396127,-0.041896812837936774,-0.47772831892318285,0.1645013547668772,0.04045784340451634,0.15827724414975675,0.18442997980438436,-1.6715673337538166,0.6092992110257408,0.5547155750065823,1.0913536095942942,0.12843935713709664,0.2997198125816192,-0.620349234605111,-1.5537135786184042,0.5049473442326492,-0.040980470844095514,0.4783555005605047,1.0140489972048288,0.07938814435516574,-0.874588180303941,0.7237562361334404,-0.32242678248509155,-0.7611668688168908,-1.0140489972048288,-0.4783555005605054,0.38237535959517033,-0.4846237089171882,0.381938901381374,-0.5220307794904515,-0.3064697006802721,1.3612349899154128,0.758556726032511,0.5664865349208381,0.2638024885416898,-0.16527347000083534,-1.0140677512169813,-0.8889133830816909,-0.4255357978349895,-0.5161761445564365,-1.6508957890030895,-0.6186874509066087,-0.2089648391376897,-0.8892713360402683,1
0.3647077670176212,0.49062096620506923,0.5693561964423357,1.0385308760612593,1,0,0,1,0,0,-0.5586364276695006,-0.10764265084296887,-0.7071422465416066,0.21954451352176993,-0.4103053301724193,-0.25245337188778794,-2.4909239264024134,0.11372429384456373,0.2054788201766076,-1.014884743209944,-0.6768774860103294,0.8204802729493211,0.8599901915369691,-0.850531414631608,0.14270368253884747,-0.4096723622598591,-0.03932235943925645,0.2882497545356233,0.18609969967169646,0.9344658179137063,2.613849387480142,-0.013132745830725613,-0.6925776461818013,1.332052434669057,1.161393664583065,-0.9344658179137063,-0.18609969967169718,-0.8709877534198129,-0.03432821836595151,-0.4732363819731166,-0.5995537824584191,-0.5795621844475838,0.29006520049738066,-0.46483142063624716,-0.5962450189412776,-0.4803306735805153,1.9996939225295793,-0.2553016945782196,-0.7338187041070253,-0.944186652494511,-0.4315605721200442,0.2207718024881207,-1.6887851889968277,-1.6006945419875402,-0.2706882785040748,1
-1.074506924987691,-1.3646581837401863,0.27967722576327125,-0.13478617003801185,1,0,0,0,1,0,0.097548296545388,-0.5129286894581703,-0.8350740607153893,2.363441479669944,-2.3882847556968674,-2.220995615730114,0.8416200721690235,0.6523750661100189,-0.12834939249226865,1.2322401726621806,0.5444234384085284,-0.9740778138716436,-0.7672969268789385,0.32494947847295375,-0.31844590040668996,1.0238480402829653,1.3118868687759166,1.2877948572264515,-0.24010667662448162,-1.0903910820752818,-0.8456075075279056,-1.2144173640714795,1.204326460222821,-0.36383241342849726,0.5495038955565975,1.0903910820752818,0.2401066766244809,0.540206270122983,-0.05934463450768712,0.8398519077165789,1.2997597902567817,1.872580742713072,-0.24551969421163483,-0.8998138727851392,-0.9099979779199442,1.2766504036524704,-0.9424412519348303,-1.317574173872486,-1.0257616292358074,-0.3347718982695729,-0.44848368660732285,-0.9529858396334858,-0.28942660841731066,-0.7656567202776299,-1.0129879475475077,0
-0.12359721776989524,-0.1535731830814779,-0.15484123025532542,0.3052077222492148,1,0,0,0,1,0,-0.8236341047562825,3.605056569469887,-0.09306953850744984,-0.4713631727348887,2.6839135236813716,3.1368200642959896,0.22838694526516548,-1.1979141117700964,0.5957948500089304,0.3949181839950609,0.9591924708436426,-0.12249612581945916,-1.3320034735390036,1.4074115050042133,-1.476487233881229,0.8334457023944736,1.4919697191160775,2.030646738508413,1.2514376093443502,-1.408230689975459,1.0886913858303953,0.16506221406444355,0.02306103450148757,0.9459026455079386,0.7355341173624279,1.408230689975459,-1.251437609344351,1.2736557955169365,-1.3852146900196616,-0.082039177885424,0.3565632541465125,0.9736513169790033,-0.05648973137315825,-1.2804235184154193,-1.7589765728033937,0.38782468222872474,1.4723300705029398,0.5793409677244183,1.2276728241019772,1.0526191379446466,1.4299820214805863,0.8552353928241243,1.1922471827845313,0.514734606344233,1.275769365336409,1
-1.1773079744166424,-0.41125084279609675,1.4383931084795292,0.3052077222492148,1,0,0,1,0,0,-0.7226826087232228,0.30229516439909276,-0.7966945164632545,0.9197105942341292,-0.398226511328222,-0.4782856829146791,-1.240664880756091,0.8906553642531754,-1.4317766306650854,-0.22477791075722275,-1.2628897286712142,-1.226633913224758,0.9685776407442805,0.8287848299926117,-0.48506087892821304,-0.5605723766940173,1.9895331630144042,1.6606252589576966,0.3871222082195544,-2.056925450734873,2.5532867546780103,-1.708375779097111,1.3939654417366583,2.276447483788886,3.2630958494074433,2.056925450734873,-0.3871222082195551,0.32667033235006016,-0.7848207026180125,-1.2465331807511142,-1.2972608091701252,-0.596630464683041,-0.30852968182446,-1.2804235184154193,-1.5375038958772762,-0.9764194483286528,1.5000860627148682,-1.772833807855743,-1.527538531800901,-0.723760039264214,0.12690220596014448,-1.0481553781838862,-2.1003612421084505,-2.6584091161534262,-0.9511296417938885,0
-0.07219669305541997,1.3151894772918502,-1.168717627632051,-0.8681093238500562,1,0,0,1,0,0,-0.785777293743885,1.0756530286146133,-0.31055362260288033,-0.3903522212475083,1.5520462329695328,1.1289248632846212,0.05943430994573478,0.6506054893855432,1.4006983024586184,-0.31082595218999076,0.006951858265814818,0.3070668845307918,-0.3056178839297539,-0.8469303411959027,0.03924259491984867,2.193695165335925,-0.7528172477094641,-0.049160181025932594,0.1590389773671773,0.2610696854503818,-0.9288876726181968,-0.8536640819913701,0.2896505788755318,-0.3265748875887106,-0.0570331047385026,-0.2610696854503818,-0.15903897736717798,-0.9266927806649233,-0.25947596364157,-0.8826288048555859,0.2531992501892221,-0.06751377738387422,-1.852274378338682,-0.6279498401920818,-0.762349526635866,-0.728375060954584,-0.7759052986632599,-0.6346847228976005,0.7441423543574326,0.7932937106148858,0.600749411603942,0.4428340591057229,0.28677986593896093,0.45906541823023866,1.0283361423219313,1
1.135715637734753,-1.95731680108381,0.5693561964423357,0.5985369837740325,1,0,0,1,0,0,-0.6217311126901629,0.02318856678747634,0.2651395411791416,-0.5384865325387181,1.0709889482417263,0.43398741509494043,-0.050562379993172,-0.07703804917731462,0.24085478491602696,-0.5297363820498755,-0.4577116337456859,0.6651035099001831,0.6539269789879353,0.4189990875888921,-0.1810602774742464,0.46701902793915584,0.11918901317772759,0.29890798007425656,0.9789057261068004,-0.06374491962016399,0.4889671716084709,-0.07564507108460408,0.14005252427222883,0.8338254616094218,0.8868730055631465,0.06374491962016399,-0.9789057261068012,0.5216379277079463,-0.03432821836595151,0.4547197765604794,0.6408142650290589,0.6664222727407777,0.06953024385249205,0.6769975162545934,0.2342775195316623,0.2638024885416898,0.19555442875423396,-0.3311783002420958,-0.8068044353892204,-0.62002986833231,-0.2792525417345383,-0.4771381468814831,-0.8656330827735822,-0.9883334727336057,-0.5799798072721716,1
-0.7918040390580765,-1.6223358434548052,-0.15484123025532542,0.3052077222492148,1,0,0,1,0,0,-0.5460174906653681,-0.1338088943690579,-0.822280879298011,1.3131923586014052,-1.3521328215113277,-1.1177712369116182,-0.799180119255871,-0.08022791614909648,0.29634737366528036,-1.1439470696428684,-1.4269595039759988,-1.3656863593030917,0.7202246100603414,-0.6624856049333772,-0.5526974197085741,1.2578390344204176,-0.64895196745823,0.05723863482712787,-0.5505532963957722,-1.316601253463695,0.44933159940677425,-0.44356480931525344,0.8588901365622559,0.9019090275393793,1.9109996281997341,1.316601253463695,0.5505532963957714,-0.5089050763265954,-0.3345252120667762,0.7094528396873502,1.3126802907514432,0.9395147565080901,-0.11949971898598452,-0.13859458152457876,0.12354118106860354,0.9459245538203791,0.3343343898138759,-0.482931511569848,-0.24116501795220557,0.22277777048941236,0.5838262971166633,0.1890486229713212,-0.6186874509066087,-1.1553410370755877,0.2860364732784985,0
0.3647077670176212,-1.0554449920826439,0.5693561964423357,-0.4281154315628296,1,0,0,1,0,0,-0.5586364276695006,-0.10764265084296887,-0.23379453409861076,-0.42275660184246044,0.5158337870261276,0.2439305196762697,-0.9525803056189541,0.6354730881581062,0.8597458338668729,-0.7673410325267511,-0.12085157852846652,-0.42521964508892807,-0.2003543359889754,-0.845898558468645,0.2666639806880428,-0.31902793999356327,0.10411877964165267,0.3904776145168455,0.3586118043630053,-0.9356157016516281,0.4793742306356844,-0.605068634593534,-1.4958936693082283,1.139870629826253,0.5383383611845376,0.9356157016516281,-0.35861180436300605,-0.7595776989295921,0.340918023760079,0.2727675886127153,0.05939174276930372,0.10316902497069583,0.7941451013999841,-0.13859458152457876,-0.319404172783631,0.2638024885416898,0.7229182807808735,-0.3311783002420958,0.9357298989731951,-0.07544647093981212,0.38074892326932136,1.9338234963953311,0.7806711296729086,0.3477270420022505,1.0901944480755505,1
-0.27779879191332196,-1.3646581837401863,-1.6032360836506476,-0.13478617003801185,1,0,0,0,1,0,-0.6469689866984278,0.09296521619038045,-0.8350740607153893,2.363441479669944,-1.3376646092725817,-1.7550208274330434,0.07640685089800378,-0.3612700805037228,-0.2772487809785324,0.15183310252928234,-0.15578678493463968,-0.2172912687994724,0.17085609227302442,-0.8402383834967648,-1.4738478344121637,1.0541954010106562,-0.092207659827306665,0.5148716517940459,0.8686312511301267,-1.1578572735420007,-0.9458018786857373,-0.9806138827737843,1.4383730832856032,-0.2965482631454653,0.705202406564396,1.1578572735420007,-0.8686312511301275,-0.7317251853070371,-1.3101654415944555,0.427426948368315,0.9379857764062678,0.8541733553308051,-0.11949971898598452,0.5138790966987595,0.12354118106860354,0.5738579727592754,-0.9979532363586869,-1.0899443568808573,-0.8341740846200435,-0.0495139282068366,-0.1607907403235886,-0.9212626601166852,-0.20711139779498602,-0.7099875321636356,-0.76555472453303,1
0.72451144001895,-0.07626988516709207,0.27967722576327125,-1.161438585374874,1,0,0,1,0,0,-0.7100636717190902,0.2761289208730037,-0.8094876978806327,1.0730527524066706,-0.6144732347460667,-0.6169154183965331,0.7234066989687234,0.2989586754529021,-1.7236564904230351,0.8764062289782297,0.07713634157595554,0.12442113414984407,0.6213109097824497,0.3816091908749757,0.19497048118500096,-0.008115929832161521,0.7055180120655125,0.5832352092805607,0.6399373556703797,-0.4649864905896614,-0.6246152174292465,-0.2150130162914906,2.3481404384584965,-0.4843886905564385,0.46913464246454606,0.4649864905896614,-0.6399373556703803,0.744458036688388,0.641115017460903,1.328090278709748,1.1188727833315248,1.4003583228654286,0.9831750642384596,1.0032343553662626,0.7325910426154264,1.5040244254120325,-0.7481493064513315,-0.482931511569848,-0.9254062487227878,0.2746428559553643,0.05920974801103089,-1.7460653275534903,-0.7833178721512579,-1.0440026608476,-0.5799798072721716,0
-1.6142124344896835,1.1348151154916164,0.27967722576327125,0.5985369837740325,1,0,0,1,0,0,-0.7983962307480176,1.31696394113299,-0.6431763394547153,0.025696879605538233,1.1305482756863652,0.9929782839733837,0.11439512506613077,-0.15795423647974532,0.09224210403148463,0.37519241549108145,0.5825817330609487,0.10322961601134548,-0.4539509491752151,0.47156303698762414,-0.41226498143877927,0.599236559377673,1.0405635635075432,1.6489667107882602,0.9277639406103714,-0.7793520964162078,0.312111024209696,-0.1962008615516252,0.4760769056812653,0.524944269379889,0.8525102622749687,0.7793520964162078,-0.927763940610372,0.6609004958207222,-0.18442671521636386,0.7367456678795146,0.9638267773955896,1.4003583228654286,0.7626401075935709,-0.46483142063624716,-0.8730858650989243,1.1939689411944467,0.5008703430854462,0.04820472807728505,0.7715120035882557,0.9229564242797662,1.1084428462222957,0.5380035976561225,0.03983423407198747,-0.32030321536567735,0.8427612250610729,1
0.3647077670176212,-0.2824120129387873,0.5693561964423357,-1.6014324776621007,1,0,0,1,0,0,-0.5586364276695006,-0.10764265084296887,-0.6687627022894718,0.09513483802329287,-0.2634150275095082,-0.1563069424406957,-0.16801595489703583,1.2226025297586836,-1.3052567090094804,-0.09683479444291063,-0.5909863991083493,-0.5103391067798373,0.24427510452017961,-1.0347862455196006,0.19920080356367498,-0.5764202463195173,-0.1190383395358238,0.019591781273824882,-0.30025191215747105,-0.39825548305102343,-0.8003159487626117,-1.4785053489176394,1.2050828897800738,0.012781180234929414,0.7874388241530558,0.39825548305102343,0.3002519121574703,-0.8431352397972577,0.5660657690356972,1.1006500437750428,0.5891322630504142,0.512807750621665,1.487254965141063,0.02452383803125581,0.17890935030013266,1.2559800380379649,-0.6093693453916895,-1.2416975682086098,0.9813459810245673,1.5323711785047043,1.446905135967865,0.31594134103852145,0.03983423407198747,-0.15329565102369538,1.3376276710900281,0
-0.07219669305541997,-0.12780541711001567,-1.168717627632051,-0.13478617003801185,1,0,0,1,0,0,-0.785777293743885,1.0756530286146133,-0.8478672421327675,3.590178745050276,-0.923865887798175,-1.947313686327228,-1.271887864222829,1.127209211814646,0.8958797956670025,-1.2171424399449906,-1.6505775804798086,-0.6991009602963018,1.1454621733896755,-0.5651035256443451,-0.15777397960691705,2.344916056981904,-0.31130087013829905,0.4337216555429968,0.2181716668474219,-1.1698703314820218,1.2039462519732689,-1.7051845276351736,1.131716801596771,1.3356002988711055,2.5692764728206265,1.1698703314820218,-0.2181716668474226,-0.7317251853070371,-0.4846237089171882,-1.0918738209955157,0.11107374474794844,-0.01630893667750248,-2.009799347370745,-0.709509049969999,-0.8730858650989243,-0.6663639641110671,1.2780381250194413,-1.5452039908641146,0.42482977999782756,0.9748215097457181,1.5315207084042572,0.728342674756924,-1.3595243465075295,-1.823371294443516,1.275769365336409,0
-0.27779879191332196,-1.6223358434548052,-1.6032360836506476,0.3052077222492148,1,0,0,1,0,0,-0.6469689866984278,0.09296521619038045,-0.822280879298011,1.3131923586014052,-1.0707561904610863,-0.9433660858215438,-1.0954227367672549,-0.865069066801766,0.3094052375542372,-0.9857403448889316,-0.8003584717200298,-0.2709914430025439,0.462050916892081,-0.9558159336147298,-1.4923124111442074,1.0484215305118545,-0.04482247478860499,0.6987463618238148,0.18286856865026183,-0.550966827225982,0.568171962188669,-0.3076313710008251,0.630595203904002,1.2872264125471635,1.7226950339413987,0.550966827225982,-0.18286856865026252,-0.7595776989295921,-1.2351161931692491,1.091552434377654,1.5452492996553449,1.4515631635718003,0.4790951633358572,-0.05703537174666111,-0.1532996650890431,1.5660355222555504,0.7229182807808735,-0.1035484832504671,0.6437869738444144,0.8970238815467907,1.4299820214805863,0.5697267771729232,-0.7010026615289333,-0.9883334727336057,1.2139110595827887,0
-1.6142124344896835,-0.12780541711001567,0.27967722576327125,-0.13478617003801185,1,0,0,1,0,0,-0.7983962307480176,1.31696394113299,-0.8478672421327675,3.590178745050276,-0.7344913508946546,-1.7617287178595848,-0.3424043445487118,0.8976818271162931,-0.19567414031578245,-0.00677597242413738,-0.5775903872771629,-0.9095067034846652,0.21461675586245163,0.5660559055694161,-0.3260397028834898,0.5326600973327036,1.104639095234937,1.5713965371610743,0.03622492998512883,-1.276386111883534,1.0417179673525723,-1.5587158966255223,0.8027651332095898,1.104495119330269,2.285058662525807,1.276386111883534,-0.036224929985129536,0.8280155775560533,-0.03432821836595151,0.9550882934168308,1.1188727833315248,1.5881094054554559,0.8571550890128092,-0.8726274695258333,-0.983822203561983,1.5040244254120325,1.1392581639597994,-1.3934507795363622,0.4795690784594736,0.8451587960808378,1.294597105582359,1.0138512904081252,-0.8656330827735822,-1.378017789531564,1.275769365336409,0
-1.9483158451337743,1.2378861793774645,1.7280720791585935,-0.8681093238500562,1,0,0,1,0,0,0.6401625877230843,-0.6030568616035881,0.9431781563001896,-0.6351210246700933,0.11152529609184321,0.027042062551433693,0.35963427003074677,0.7733361990414552,-0.6963061339854323,0.020551918073922492,-0.30649580147977623,-0.285768205783895,0.4350272381430338,-0.44766257477085997,0.32151177658949914,-1.1908545022589359,-1.5184614994988752,-1.8859135271309917,-1.1334326641296226,0.734370967124605,-0.9473793770103798,-0.7393447629419895,-0.24482011764818803,-1.533444745451245,-1.4427679431083718,-0.734370967124605,1.133432664129622,-0.94526112307996,-0.6847550380510711,-2.6778903926068596,-2.6625270281059947,-2.8780905894891275,-1.7157527385108935,-0.49201782389555315,0.012804842605544792,-2.754070891176143,-0.7759052986632599,-0.482931511569848,0.890113816921823,0.6117659114840535,-0.093098282374475,0.5380035976561225,1.2745623934068555,1.9621334973080773,0.6571863078002155,1
0.2619067175886707,-1.0812127580541053,0.5693561964423357,0.3052077222492148,1,0,0,1,0,0,2.343719083280968,-0.7298177746855304,-0.09306953850744984,-0.46441937689311324,-0.9559833383792545,-0.20236779003627944,0.6901783999877953,-0.4679720088706355,-2.2616047294147825,1.008121862684959,0.11571673629234433,1.6905576695625377,0.8433326012894801,1.2794392177051623,-1.1389740267745765,-1.8779674546398113,2.3437446945517615,1.231400342678865,1.5875602653373257,0.731196087526173,0.3186907251704229,-0.4986929082651577,1.2045132478948226,0.9621095212444017,1.0517853374779178,-0.7311960875261724,-1.5875602653373266,0.911573118423719,-1.1850833608857785,-0.6764163251814533,-1.4566136486042804,-0.6592141588797168,0.804646766002121,0.3235742738836193,-0.3563162856046509,-0.4803306735805153,0.4810446343626402,-0.2878202398627378,0.6789765228554729,1.2508178574038213,1.635476983111825,-0.4499468501527968,-1.0302635040182315,-0.8610896141873337,1.1343789521852785,0
-0.12359721776989524,-0.30817977891024867,-0.4445202009343899,-0.8681093238500562,0,1,0,1,0,0,1.006111760842926,-0.6449228512453304,-0.7199354279589849,0.27451623060249236,-1.7134146931205299,-0.708142728197495,0.43542212170920985,0.631754790610621,-1.6689515232044783,0.15779525402930733,-1.0253751726079974,-1.0472446593405702,0.344513628307619,-0.7429774291884961,0.06422485619282,-0.5049002563744873,-1.0922383591230105,-1.7023114671703106,-1.2737915754233924,-0.16498583548630744,-1.3478393525954604,-0.8027642254096811,1.774136577166253,-1.2962160681732142,-0.3289378765205851,0.16498583548630744,1.2737915754233915,-0.8152827261747027,-0.18442671521636386,-0.7188718357025985,-0.8450432918569822,-1.176951992688579,-0.8756195703398886,-0.22015379130249568,0.4557501964577793,-0.790386157798101,-1.2755131584779709,-0.7864379342253526,-0.14993285384946126,0.7673611678819103,0.1438253204474232,-0.9212626601166852,0.4514102871836102,0.4033962301162448,-0.1469716669968365,0
0.18480593051695732,-1.3646581837401863,-0.8790386569529866,0.5985369837740325,1,0,0,1,0,0,0.791589831772674,-0.6239898564244593,4.346164413322808,-0.7653171967033833,0.7450609917121894,0.11156148192585431,0.03185210177308638,-0.7391856167860078,1.270877509822188,1.4179437786035418,1.5628636909166203,-0.6174836795611227,-2.7689298305593497,-0.36739090777143085,-0.7790195178714833,0.09231732112343984,-0.46511426420508567,-0.7657456876767563,0.4783555005605047,-1.3166012534636966,-0.41138378909179635,0.23415080523411835,-1.6445621258949832,-2.3767499093957833,-2.7794009646605438,1.3166012534636966,-0.4783555005605054,-0.5367575899491508,-0.9349191994684248,-0.9099216330477515,-0.7287587874050313,-0.8526546682148961,-1.0646495331783645,0.758556726032511,0.5664865349208381,-1.3484860293897554,-0.19302946221276363,0.5793409677244183,1.0178388466656656,-0.10137901367278856,-1.0238695791747903,1.0455744699249259,4.731801239544486,3.910555081297868,-1.0748462533011267,1
-0.4320003660567478,-0.6431607365392533,-0.8790386569529866,-0.8681093238500562,1,0,0,1,0,0,0.3246891626197725,-0.5565390953349852,0.41865771818768077,-0.5679976648662639,0.04358823214805498,0.010943125527734526,-0.4124790105458614,-0.9218079300145275,0.15864028566577107,-0.42628414265460896,-0.3020250205897561,-0.23148749189307655,-0.09998156226027954,-1.2869320873532166,0.49377168178621034,-0.3150066410925516,-0.4964130235382013,-0.8186666626239194,-0.6634429763126054,0.3422733367180179,-0.7123252732086437,1.759859944344477,-0.5334178801594954,0.0836477185743007,-0.40662133678214113,-0.3422733367180179,0.6634429763126047,-1.142549761239726,0.7536888900987124,0.7754105078184141,0.4760778837221285,0.2439823369132166,0.3845801819166189,0.2895912698094869,0.7049069579996614,0.527349650126638,-0.8036612908751883,1.1863538130354276,-0.8250508682097696,-0.944186652494511,-0.8546384343020056,-0.5723076854318833,-0.04248097655033679,0.1250502895462747,-0.76555472453303,1
-1.280109023845593,-1.1069805240255675,1.0038746524609323,0.3052077222492148,1,0,0,1,0,0,0.9177792018139987,-0.636782242148325,0.36748499251816774,-0.5570033214501194,-0.25494529748985406,-0.05926612760339795,-0.09397511475494917,-2.9797530952427147,0.743504290507512,-1.1164264678720464,-0.054725372294609234,-2.1953436164948026,-0.9941259866392171,0.03468502077794524,-1.8698473947538414,0.23569246641314934,-0.762508377412542,-0.3830522433623564,-3.832417562549411,0.8067582219688989,0.16533154875488384,2.216632564318682,-0.7795470740145357,0.7521298777646263,-0.30283029636283226,-0.8067582219688989,3.832417562549411,0.16883942182224726,-1.685411683720486,0.566923625794934,0.6106664305415159,0.2510941203446566,0.3845801819166189,-2.123202019453897,-0.9099979779199442,0.7598912632898273,0.05677446769459199,1.8692432640103136,-0.323273965644676,-0.6589286824317738,-0.3469449996836519,-0.3502454288142823,-0.12479618717266176,0.29205785388825667,0.2860364732784985,1
0.4932090788038099,-2.2922977587128135,1.0038746524609323,-1.161438585374874,1,0,0,1,0,0,-0.6848257977108253,0.2586847585222777,2.4271872007160686,-0.726547669920137,2.0057727693262115,0.7604380825199513,2.6106483566415424,-0.4204059959833074,-0.09695664396621809,1.5463845265270066,1.5504580334446842,-1.294845297739903,-2.997757329457286,2.6079546311285475,-0.1041285759562772,-0.6660426170511002,1.278974176919078,0.8654047692015016,-0.946287449071263,-0.827498180191446,-1.024332551305807,0.47270670155549777,-0.5367656168626136,-0.8208568304452976,-1.1707720589019515,0.827498180191446,0.946287449071263,2.4156088540416993,-0.10937746679115769,-0.027453521501095285,-0.3669847735545164,0.13730558544161034,0.5106001571422693,-1.1988643086375024,-0.983822203561983,0.38782468222872474,-1.0950992091004363,0.010266425245347094,-1.1033089687231394,-1.1710964014080516,-1.3623318689203594,-0.857816301083085,1.6449808412073161,1.266268645883152,-1.8480750752213686,1
0.6988111776617119,1.3151894772918502,-1.6032360836506476,-0.8681093238500562,1,0,0,1,0,0,1.3468230599545028,-0.6710890947714195,-0.3617263482723934,-0.3238075110971601,-0.9919551721513474,-0.2658691527408706,0.16657498507689614,0.870445261495655,-0.4022741369815385,-0.08759927686356489,0.14818482153522822,-1.5115818904443323,-1.0252606583353998,-0.6802349054488406,0.17849295995110828,-0.21112773953632571,-0.5209262457585127,0.01859040482124255,-2.1801402041653355,0.10061909740348675,-0.911309274195231,-1.0159031096305526,0.33775920436469953,-0.39820057652270474,-0.17449761351116816,-0.10061909740348675,2.1801402041653346,-0.8431352397972577,-0.25947596364157,-1.2101427431615621,-1.1163738022448682,-1.2281568333949502,-0.37153966943728567,-1.9328971966387571,-1.482135726645747,-1.0384305451721696,-0.7481493064513315,-0.7864379342253526,0.8171280856396278,0.8840576101803024,0.65151875506577694,0.37938770007212164,0.6160407084282594,0.7374113588002092,0.9664778365683122,0
-0.5348014154856993,-0.12780541711001567,0.5693561964423357,-1.8947617391869185,1,0,0,1,0,0,0.5013542806776271,-0.5821238667827168,0.57217589519622,-0.5870931034311464,0.024944617245859495,0.006024005881604224,0.5393836876330709,-0.7318510596598021,0.0358633773203353,0.1929032311423503,0.6565148116294466,1.0703513790817702,-0.2876301049873664,-0.39804019167872245,-0.09699036838463738,-0.3379144118348572,-0.651850559905614,-0.4179550214780883,0.4700615648931452,0.9936302841201231,-1.1477432172694317,0.90732572516601,-0.38859783377953644,-0.9069636770850036,-1.261553138693843,-0.9936302841201231,-0.4700615648931459,-0.3417899945912644,-0.03432821836595151,0.1908891040362222,-0.018131260198663828,-0.27233314020935756,0.5106001571422693,0.5954383064766764,0.40038202722625016,-0.10826409251941274,-0.9424412519348303,1.413983630027056,1.2915353389738984,0.858125067447326,0.39767203775660004,0.6331731362065233,0.6160407084282594,1.3497724280541432,0.8427612250610729,1
0.18480593051695732,0.15564000857606544,-0.4445202009343899,-0.4281154315628296,1,0,0,1,0,0,1.1070632568759857,-0.653063460342336,-0.7711081536284979,0.4538976231816918,-2.0460626161289794,-0.8530331614107874,-0.39023129378286214,0.612301748508289,-0.2924029977437131,-0.6986705291720118,-1.0729815760069155,-0.9063313074963706,0.9377189552572429,-0.7117552672718291,0.9548081979065826,-0.05152320032994572,-1.0138867284157562,-1.1771406831562783,-1.1820904200447964,-0.06374491962016399,-0.1685513634134917,0.11610252664209546,0.3479488460209683,-0.061493913838960385,0.2456798338581928,0.06374491962016399,1.1820904200447957,-0.7874302125521474,0.5660657690356972,-0.7097742263052108,-0.625394783447741,-0.9550643496276378,-0.8126095827270634,-0.30171300108041293,0.2896456887631914,-0.8523972546416179,-0.05424950115312168,0.27583454506891375,0.4978155112800227,0.6117659114840535,0.549980068142106,0.31594134103852145,-0.20711139779498602,-0.26463402725168356,0.40975308478573785,0
-0.07219669305541997,-1.95731680108381,-1.168717627632051,1.7718540298733036,1,0,0,1,0,0,-0.785777293743885,1.0756530286146133,0.6361418022831113,-0.5975087971938096,2.210964433293536,1.2890198481314072,-0.5694915658157534,-0.3632136049399758,2.5987459143113107,-0.2925531667998675,0.042196552387522714,0.8826074074092298,-0.06806638655192182,-0.7775701654029851,0.41828897770229684,2.1562259421478127,-0.841241586118561,-0.3036708669872428,-0.19575715951429745,1.3979208031972914,0.014952937787737859,0.9175547869088886,-1.3857735971456187,-0.43894030211652735,-0.3513330815953214,-1.3979208031972914,0.19575715951429676,-0.8431352397972577,0.11577027848446049,-0.7097742263052108,0.4082452561251572,0.03489590402886805,-1.8837793721450944,0.02452383803125581,0.12354118106860354,-0.29429738304996345,-0.47058938433204756,0.010266425245347094,-1.9015904046221521,-2.1435667538946546,-2.12387202084789,-0.4612765571230828,-1.0302635040182315,-0.5429799678216537,-1.6934293108373202,0
0.930113538876852,-1.0812127580541053,-0.4445202009343899,0.3052077222492148,1,0,0,1,0,0,1.2837283749338404,-0.6687632064579894,-0.09306953850744984,-0.46441937689311324,-0.6890749195677589,-0.1554125570504902,0.27513554564654275,0.6925503604237897,-1.3726399321174765,-0.29555922891484615,-0.8287311750908521,0.21180500488194715,0.7561968091022893,0.6472188399671218,0.4681977423724626,-0.8895844727968364,0.6846818079036526,0.12031847150428812,-0.16027754582615011,0.44783808336594555,0.26411076518486853,-0.48151688373001855,0.9824981669532037,1.0782002107758044,1.1948586848606826,-0.4478380833659462,0.16027754582614942,0.32667033235006016,0.11577027848446049,-0.8189455390738695,-1.1034533017502068,-0.8185181077439823,-0.18250970659880966,-0.5463906304141645,-0.5408768497097485,-0.6663639641110671,0.22331042096616224,-0.463962360153879,-0.04273506102873697,0.46589535861106307,0.9011346937531345,-0.6198924547070837,-1.1331575172961372,-1.0996718489615938,0.3942885083473328,1
-0.3034990542705592,0.18140777454752677,-0.8790386569529866,-0.8681093238500562,1,0,0,1,0,0,-0.6974447347149578,0.27322156048121604,0.7896599792916505,-0.618340184719136,1.6093238348802699,0.687992865913305,-0.5197276642314277,-0.23043309197334289,1.3436171617074055,-0.7373795686841685,0.36809001468841057,-0.2839751491688842,-0.7876149822263658,-1.262554480283322,-0.8801411201329186,1.6014979623876007,-1.340884632548629,-0.20457402610789432,0.11588809585456382,-0.5022446364654003,-0.5388355917855067,-0.5654294025169194,-0.22741866717055748,-0.3334460229780947,-0.6782617660495897,0.5022446364654003,-0.11588809585456454,-1.2052179168904753,-0.8598699510432187,-0.18211288125669506,0.6537347655237203,0.03489590402886805,-0.655084613695,0.2692014673650073,0.2342775195316623,-0.17027518936292965,-0.6371253376036178,-0.7105613285614767,-0.6973258384659271,-0.6978274965312384,-0.7700228618656133,-0.6992004034990842,0.7806711296729086,0.5704037944582268,-1.198562864808365,1
0.3647077670176212,1.3151894772918502,-1.6032360836506476,-0.8681093238500562,1,0,0,1,0,0,1.2080147529090457,-0.6635299577527716,-0.3617263482723934,-0.3238075110971601,-0.9487094836240401,-0.26005564770453476,0.07022647926354003,1.2222060436361422,-1.6319035739030998,-0.8074023516370148,-1.3558812183598068,-0.5735094303331175,1.0015797086406202,-0.7529405504889716,0.671146652321499,-1.9822094005469444,-1.402539971541279,-1.871704326217992,-1.14725589024189,0.3556359628759853,-0.8499809553386921,-1.0051761683379241,0.2389375706150393,-0.29998613943729796,-0.06464298740602295,-0.3556359628759853,1.1472558902418892,-0.7317251853070371,0.5660657690356972,-0.12752722487236504,-1.1163738022448682,-1.5183175973977192,0.7626401075935709,0.2692014673650073,1.009431888773073,-0.4803306735805153,-0.6926373220274746,-0.7864379342253526,0.7623887871779818,0.7803274392483975,0.600749411603942,0.47455723862252236,0.28677986593896093,0.514734606344233,1.0283361423219313,0
0.15910566815972013,-0.5400896726534062,-0.4445202009343899,0.5985369837740325,1,0,0,1,0,0,-0.7479204827314877,0.4534779047720517,0.4954168066919504,-0.5766774096684832,1.7775872528779444,0.7944247273477606,0.05221761646765844,0.14019243598750805,0.5196955196228723,0.6436591575059784,0.7405085823882491,-0.45485246476717234,-0.7479781352697573,-0.2382426917952765,0.16288012736552576,0.547510530319894,0.1506559747642418,0.5964301895849446,-0.07652239220166908,-0.5444705351245722,-0.31065915732983224,-0.029248782065108406,-0.16024590397019256,-0.720154110702003,-0.3803994298142961,0.5444705351245722,0.07652239220166766,-0.20252742647848845,0.19081952690966666,0.1272058382545045,0.3953247556304958,0.4445346296798359,0.038025250046078915,-0.46483142063624716,-0.4855086804782194,0.3258135853852078,-0.24854144663662048,0.04820472807728505,0.24236545179233895,0.11904759955750843,-0.1777138548108673,0.47455723862252236,0.5337254978059351,0.29205785388825667,-0.1469716669968365,1
0.15910566815972013,1.3151894772918502,-0.4445202009343899,-0.8681093238500562,1,0,0,1,0,0,-0.7479204827314877,0.4534779047720517,-0.3617263482723934,-0.3238075110971601,1.1193907686194995,0.5990015195878569,0.5086073934162688,0.5559265429560478,0.1306573111428736,0.36900366670827345,0.6657685141743152,0.0959955675456861,-0.6727535915092989,-0.13856425613471873,-0.05677566000754655,0.5506709230727298,0.20114411132097948,0.8398776149920935,0.2430696413654208,-0.11014700605881247,-0.8456827334990216,-0.8199032366641485,0.374758249808583,-0.29904908997014584,-0.04555465295572338,0.11014700605881318,-0.24306964136542153,-0.23037994010104354,-0.18442671521636386,-0.4004555067940112,-0.06981326217730856,0.017827623793410803,-0.15100471279239655,-0.5463906304141645,-0.7069813574043363,-0.17027518936292965,-0.6648813298155464,-0.5588081172337243,0.9266066825629212,1.0007540524786946,0.8038267854512828,0.47455723862252236,0.7806711296729086,0.793080546914203,1.0283361423219313,1
0.930113538876852,-0.30817977891024867,-0.4445202009343899,-0.8681093238500562,1,0,0,1,0,0,1.2837283749338404,-0.6687632064579894,-0.7199354279589849,0.27451623060249236,-1.8058087355714458,-0.726477628696708,1.4941772609766684,1.0005129617554882,-1.868169868806943,2.0697743475286603,0.6511543541016565,0.12249699271115534,-0.483395192054633,0.8444742319772461,0.28409173685180267,-0.8716037735783775,1.3590207021199818,0.6647651873650718,0.03622492998512883,0.13114384342216406,-1.2339011512401603,-1.0886385735967672,1.6779730594213789,-1.4485499481621111,-0.19751873182798524,-0.13114384342216406,-0.036224929985129536,0.27096530510494976,-0.25947596364157,-1.4375829780962672,-1.5815118200526717,-1.091610591511294,-0.6235796198885869,-0.8726274695258333,-0.983822203561983,-1.1624527388592034,-1.192245181842186,-1.0899443568808573,-0.3688900476960481,0.5080357405521495,-0.14386762583630988,-0.7309235830158842,-0.04248097655033679,0.013711913318286572,-0.2706882785040748,0
0.15910566815972013,-0.30817977891024867,-0.4445202009343899,-0.8681093238500562,1,0,0,1,0,0,-0.7479204827314877,0.4534779047720517,-0.7199354279589849,0.27451623060249236,0.2862315061001322,0.1366042728516086,0.8701609695080241,0.8090401809498368,-0.6243891811743036,1.1815736839836728,0.5312484023265347,-0.2142636937894108,-0.643801305906674,-0.053249887594934896,0.09633440352435456,0.8310451090937729,0.08972335925659262,0.4864549329277926,-0.20147967785109497,-0.09240503183227083,-1.263186670428094,-1.0139273477572472,1.6886811167811135,-1.507261671121005,-0.21572038019368472,0.09240503183227083,0.20147967785109425,-0.03541234474315745,0.11577027848446049,0.09081540066495114,0.5116092600824467,0.529876030857121,-0.30852968182446,-0.46483142063624716,-0.4301405112466897,0.44983577907224165,-1.2477571662660425,-1.0899443568808573,-0.6973258384659271,0.19684522775643593,-0.4315605721200442,-0.9212626601166852,-0.04248097655033679,-0.09762646290970158,-0.6418381130257917,1
1.521219573093319,-0.1535731830814779,-0.4445202009343899,-0.8681093238500562,1,0,0,1,0,0,3.0125227444999894,-0.7472619370362565,0.17558727125749374,-0.5170764953599105,-0.8840850543076323,-0.1750890356350114,1.0838051040752705,0.6522557341894016,0.5109402846207227,1.3978613984973922,0.1536691199829337,-0.0759652565572719,-0.08392624949176435,0.05531862486035771,0.16389115177315777,-0.08059283246327031,-0.06220221424165375,-1.1750134271448556,-0.9462874490712617,0.8349088210750116,-1.4517836617971567,-0.7310589068556717,-0.7794605099598377,-1.9500992177435226,-1.346949295871643,-0.8349088210750116,0.9462874490712609,-0.03541234474315745,0.04072103005925432,-0.30947941282012914,-0.3023822710812103,-0.3064697006802721,-1.1906695084040155,-0.05703537174666111,0.4557501964577793,-0.35630847989348147,-1.3032691506898992,-0.482931511569848,0.853620951280726,0.2746428559553643,-0.5500223735309933,1.4262526241265279,0.5337254978059351,1.127095675598167,0.5953280020465953,0
1.1614159000919912,-0.07626988516709207,0.5693561964423357,-1.161438585374874,1,0,0,1,0,0,-0.6469689866984278,0.12494618050004483,0.15000090842273722,-0.5164978457064292,1.0823601469700812,0.49525281432401774,0.1009595087223307,-1.3922094241397245,1.6454838484674361,-0.09942013440911421,0.7004527577785894,0.2818338271238071,-0.4589049592553216,0.2087459961977578,-0.15606537308903515,0.34621697193165296,0.5787132640311904,0.6896347471318078,0.7520553775833569,-0.36149164093482894,0.06818988531641318,1.7545082615457368,-1.901516877136393,0.7081523537926483,-0.23732878639970964,0.36149164093482966,-0.7520553775833577,0.49378541408539117,0.19081952690966666,1.1097476531724306,1.1447137843208466,1.3662217623945152,0.6681251261743327,0.35076067714292497,0.012804842605544792,1.13195784435093,0.05677446769459199,1.6416134470186852,0.014285041535478216,-0.9701191952274875,-0.6684841749419423,1.0455744699249259,0.28677986593896093,0.1250502895462747,-0.023255055489598248,0
0.72451144001895,-1.6738713753977288,-1.8929150543297122,0.5985369837740325,1,0,0,0,1,0,0.07231042253712305,-0.500717775812662,0.41865771818768077,-0.5697336138267077,0.20494674704970858,0.055215202342907235,-1.0034898448327376,1.2428376978517055,-0.2867190103118846,-0.37018623814493407,-0.3916300303563559,-1.114432532018883,-0.6543925529488328,-1.1383990139171951,0.4223863841459048,1.374215607415039,-0.7688405789771975,-0.31745371842162867,0.13286549185952784,-1.6517274332983856,0.25790217553159045,-1.2826963370005322,1.7729086488442094,-0.26227143186920626,0.1992064512358792,1.6517274332983856,-0.13286549185952856,-1.1495128896453646,0.11577027848446049,-0.7188718357025985,0.03355074177998182,-0.27233314020935756,-1.348194477436079,-0.38327221085833024,-0.4855086804782194,-1.1624527388592034,0.917210226264372,-0.7864379342253526,2.4593070394890253,3.2957840843470776,2.936139210848369,0.15732544345452057,3.0854970270979956,2.12914106165006,1.8943524228726025,0
-0.9203053508442651,-1.9315490351123477,-0.15484123025532542,1.7718540298733036,1,0,0,1,0,0,0.009215737516460692,-0.49257716671565654,-0.20820817126385424,-0.4343295949120862,-0.190922080713604,-0.04316719057969878,1.377271111121275,-0.48106398180498905,-0.22960531736431594,1.3970707314411108,1.2316067984036914,1.291723158401145,-0.2617098272567204,2.1578845075831676,-0.5557030516398529,-0.350731307797327,1.2806601890143898,1.3191963482813567,1.0967144819825039,0.6740482547543618,0.24100376788920155,0.10358429413461817,-0.038572979277249696,-0.6174717054743111,-0.31321068369440874,-0.674048254754361,-1.0967144819825045,2.0813786905710367,-0.4846237089171882,0.13630344765189217,-0.06981326217730856,0.4445346296798359,0.7626401075935709,0.10608304780917345,-0.3747723420151606,0.6358690696027934,0.3620903820258042,0.27583454506891375,0.534308376921121,0.4302381123532211,0.1438253204474232,0.5697267771729232,-0.28942660841731066,0.013711913318286572,0.6571863078002155,1
0.2619067175886707,-0.23087648099586283,0.27967722576327125,0.5985369837740325,1,0,0,1,0,0,0.9430170758222637,-0.6373637142266826,0.047655457083711085,-0.4927732099136964,-0.4629307773322991,-0.10935170945490646,-0.28629648458062074,-1.0799948271856212,0.14815922720742927,-0.06773967388178768,0.243036889246771,-0.9432452858602987,-0.7070376240660061,-0.3876909072696305,0.36661728809784705,-1.0353339052852895,0.06959377999276185,-0.18214572676188137,-0.9053494332772469,-0.38855952469070976,0.010726044517324496,1.8495959448352242,-1.2429493545465728,0.1605199301564891,-0.49378970938085404,0.38855952469070976,0.9053494332772463,-0.28608496734615396,0.491016520610491,0.41832933897092733,-0.21193876761858224,-0.1699234587966153,1.0461850518512859,-0.30171300108041293,0.12354118106860354,0.6358690696027934,-0.1375174777889068,1.413983630027056,-0.5513543759015367,-1.060883094792903,-0.939254006738398,0.09387908442092041,0.6160407084282594,0.45906541823023866,-0.5181215015185524,0
0.7502117023761872,1.7017059668637786,0.27967722576327125,-0.4281154315628296,1,0,0,1,0,0,-0.6974447347149578,0.2761289208730037,0.13720772700535894,-0.5124472981320601,1.278142241866252,0.6083925661850147,0.8471830526976214,0.6811417492873731,-0.3861107813424727,1.0867703536797508,0.6490443364519776,0.44181641014067813,-0.3879694939502133,0.38029409249420676,0.05121997244967524,-0.047840007452408156,0.5724976420475154,0.21067484869194447,0.5061221547512287,0.10061909740348675,-0.7980432811465413,-0.8835773831480733,0.4797517790659644,-0.9004777733471707,-0.6381064397446108,-0.10061909740348675,-0.5061221547512293,0.8837206048011639,0.641115017460903,1.801165967373935,1.4935672976767,1.7075873671036554,1.0461850518512859,1.4110304042558486,1.2309045656991897,1.752068812786101,-0.7759052986632599,-0.8623145398892288,-0.15905607025973648,0.10608132819102022,-0.2623294272472596,-0.4771381468814831,0.6160407084282594,0.7374113588002092,-0.1469716669968365,1
-0.4577006284139859,1.7790092647781635,-0.15484123025532542,0.3052077222492148,1,0,0,1,0,0,-0.4703038686405733,-0.2646401119995031,-0.06748317567269331,-0.47252047204185127,0.48888438777845117,0.16164706377736285,-0.04634499405903714,1.5993995178852591,-0.45246951257066254,0.029187107534989046,0.2690230225507862,-0.07666070675042005,-0.14088145568155758,0.5537203801921021,2.5084352834402277,-1.6132499947940644,1.0748539397745311,0.4570553923650304,-0.9971070548845234,0.8843625762614299,0.6177147220010566,0.3176693685337562,-1.0026196820291453,1.0263768681546783,0.0964825270525019,-0.8843625762614299,0.9971070548845228,0.38237535959517033,2.067050737539819,-0.4004555067940112,-1.1292943027395286,-0.71610842633123994,0.8571550890128092,-0.9541866793037505,-0.6516131881728072,0.139780294854656,1.0837461795359422,0.8828473903799233,1.6017246969232295,0.7284623537824456,1.142289075196852,1.489698983160128,-0.20711139779498602,0.23638866577426285,1.770635811365363,1
-0.9974061379159777,-0.2051087150244015,-1.168717627632051,-1.6014324776621007,1,0,0,1,0,0,1.2332526269173105,-0.6658558460662017,4.307784869070673,-0.7653171967033833,0.5821687746934688,0.07936360787845599,-0.248752125816816,-0.2648686899445195,0.13000297023974106,-0.8446079438429894,-0.7610854425905826,1.2199496814556858,1.3120213206753346,-0.9296539036303705,-1.2505401105248712,-1.075961843420615,-1.9464096452650497,-2.325948820104511,-0.3925077445122049,2.0531502651499434,-0.5830033404832254,-0.8892230410318874,-1.2589563027161192,-0.7890156432300478,-1.281387963366393,-2.0531502651499434,0.39250774451220416,-0.8152827261747027,-1.0850176963188372,0.46381738595786837,-0.19901826712392082,-0.9379960693921812,0.3845801819166189,1.7372672433675176,2.227531611866718,-0.10826409251941274,-0.713454316186421,-1.0330369026329502,-0.9208446405176508,-1.3493826326972622,-1.510409120684046,-0.3026606595390819,-0.8244754774624201,0.15288488360327163,-0.76555472453303,1
-0.14929748012713334,-0.02473435322416849,-0.8790386569529866,1.7718540298733036,1,0,0,1,0,0,0.1858808555743153,-0.5222322427118907,2.056184939612099,-0.7109241292761421,0.6699487329795406,0.14778409022917743,-0.601706703848488,-3.197868629077209,0.015299698736561937,-1.8086600078308137,-0.6274796980812578,0.6628617927882245,0.5186756772766453,-1.5088427711022578,-0.6398296832862285,-0.7800194298022345,-1.7570339239468842,-1.2518199395386869,-0.9237009575987005,1.8201797897890004,-0.6709300998667623,3.7482077211059295,-0.804759502880027,0.7011382233093418,-0.40640418504906695,-1.8201797897890004,0.9237009575986999,-1.3723329986258064,-0.40957446049198204,0.764038496071679,0.2015172482105774,-0.5283573437412127,1.3297299961089997,0.35076067714292497,0.954063719541543,0.6358690696027934,-0.6093693453916895,3.6144051942794655,0.15113328768959466,-0.2958730841701091,-0.008482709938082702,-0.0647368131630805,-0.6186874509066087,0.29205785388825667,0.7809029193074537,0
-1.1516077120594044,-1.6738713753977288,1.4383931084795292,0.5985369837740325,1,0,0,0,1,0,-0.7100636717190902,0.30229516439909276,0.41865771818768077,-0.5697336138267077,1.504439193439837,0.6727883142798113,0.3156790458729003,0.5799728799493755,-1.558289372677767,1.6117557017293425,0.8738465369030085,-1.6091383590635726,-2.084808994430984,0.7824593519584653,-0.13921517463255006,-0.45235837255447076,1.9391649964073712,1.3945250586189133,-0.4291756706205303,-1.7690215962405276,0.342864767273298,-0.935493684837635,1.6756572363114088,-0.25453515522226045,0.22543900201130643,1.7690215962405276,0.4291756706205296,0.24311279148239442,-0.5596729573423944,-1.3829973217119373,-1.3618633116434313,-0.6819718658603261,-0.6865896075014126,-1.6882195673050053,-1.7589765728033937,-1.1624527388592034,0.917210226264372,-0.4323471077939307,2.0974194552148044,2.88086340061946,2.5581896539658167,0.09387908442092041,3.4970730802096184,2.426043398258028,1.605680329355712,1
-0.9203053508442651,-0.6946962684821769,-0.15484123025532542,0.3052077222492148,1,0,0,0,1,0,0.009215737516460692,-0.49257716671565654,-0.4001058925245282,-0.3128131676810156,-0.4202044213380638,-0.13707765655127727,1.9061453383820286,-0.88896152997762945,-2.0364874719389485,1.659075014141172,1.283450133873757,1.2930634229416578,-0.45170110667315505,2.0354383563567326,-0.5281526042823131,-0.3912824130594398,1.0720142244181863,1.2372534097190342,1.078283513832815,0.6941558255444424,-0.616755470909494,0.6910359134007494,2.3907455068820256,-1.178312355208352,-0.4606108894901169,-0.6941558255444424,-1.078283513832816,1.9142636088357055,-0.4846237089171882,0.03622974428062242,-0.173177266134598,0.2567835470898098,0.7941451013999841,0.2692014673650073,-0.2086678343205727,0.5118468759157585,-0.6093693453916895,0.5793409677244183,-0.14993285384946126,1.078551680677623,0.46536449570571364,-1.6508957890030895,-0.20711139779498602,0.1250502895462747,-0.08511336124321738,0
-0.9974061379159777,-1.9057812691408853,-1.168717627632051,-0.4281154315628296,1,0,0,1,0,0,1.2332526269173105,-0.6658558460662017,3.07963945300236,-0.7421712105641317,0.4035682451911683,0.0614759000743458,-0.15695800153163728,0.34236696920142307,-1.576016289096738,-0.7334428064508769,-2.3819190981278093,5.5874733148302695,3.885345109841173,-0.9207292935825728,-1.2805823535740204,-0.8736606630661724,-1.8112962470777734,-2.120071405628936,-0.11207882534413707,7.73180560207293,-0.7017279396142225,-1.752768699653157,1.2765223531851049,-0.8052164392851652,1.0267743951722854,-7.73180560207293,0.11207882534413637,-0.8431352397972577,-1.1600669447440433,0.1908891040362222,-0.3023822710812103,-0.972132629863095,0.1325402314653172,1.7372672433675176,2.0060589349406004,-0.4183195767369984,-0.7481493064513315,-1.6969572021918669,-0.5331079430809875,0.15794641365697218,-0.1777138548108673,0.09387908442092041,-3.4997198226879678,-2.7697474923814145,0.16231986177126023,1
-0.020796168340944693,-0.07626988516709207,1.7280720791585935,-1.161438585374874,1,0,0,1,0,0,2.0408645951817888,-0.7170253889616648,0.15000090842273722,-0.5164978457064292,-0.7090064718642006,-0.15228220818477092,-0.7030358299641731,0.22093136869819627,1.069148285383823,0.08531766848306556,0.12716511766295976,-0.9043421744980193,0.05155143695562657,-0.7134802545212343,1.9322971804158684,-0.31591896457022844,1.21349029973569,0.10987717433740717,-0.8569681418843172,-0.3834842964864804,0.2646873717186091,1.632497659727426,-1.7790296150835458,1.0880175429299332,-0.058047206112395555,0.3834842964864804,0.8569681418843165,-0.6667359868544083,1.8168865761224657,0.05139242660960319,-0.12149526415595328,0.36488265524770414,-0.4555529862543859,-0.22015379130249568,0.1973654067106424,0.5531876071447698,0.1400424443303771,1.33810702436318,-0.3415203984652251,-1.164613265724808,-0.7361766328910565,0.5697267771729232,-0.12479618717266176,-0.32030321536567735,-0.3944048900113141,0
-0.6890029896291251,-0.23087648099586283,0.27967722576327125,0.5985369837740325,0,1,0,1,0,0,-0.38197130961164594,-0.3169725990516812,0.047655457083711085,-0.4927732099136964,0.43577615573631334,0.13705146554671133,-0.5423894551048917,-1.2562901496818464,2.4542908625429223,-1.023102288630714,-0.010234981086851816,-0.6771443513959963,-0.2033792147328165,-0.619429252885795,0.3516242919863766,2.383106045040865,-1.1211758698076733,-0.3814863791693944,-0.6501878279857761,-0.2786957612109654,0.1352793295754014,2.076547153259613,-0.960306078931545,0.2704063865584503,-0.3591412222790619,0.2786957612109654,0.6501878279857761,-0.6481676444393714,0.19081952690966666,-0.3549674598070702,0.8733832739329616,0.32505666803163763,-1.726254403113031,-0.13859458152457876,0.17890935030013266,-0.17027518936292965,-0.22078545442469194,1.1863538130354276,-1.272088472313216,-1.488770049887009,-1.311562525458524,-0.635754044465484,0.03983423407198747,-0.09762646290970158,-1.136704559054746,1
-1.1516077120594044,-0.07626988516709207,1.4383931084795292,-1.161438585374874,1,0,0,1,0,0,-0.7100636717190902,0.30229516439909276,0.15000090842273722,-0.5164978457064292,1.3492685657815835,0.6316465863303579,0.19134585380638833,-0.9485008386125006,1.1535243637805812,0.6794510719719536,1.2249482259161804,-0.32429000273866854,-0.9390373491046544,0.8769065125787631,-0.054793271334093854,-0.24231264998804372,2.3192803137115856,1.856828147658569,0.20465562353765385,-0.6452678416013011,0.6101235875021139,1.246956471388429,-1.8204072932780946,1.3818640941641087,0.22033859720231344,0.6452678416013011,-0.20465562353765385,0.24311279148239442,-0.5596729573423944,-1.583144728454478,-1.4393863146113988,-0.6478353053894121,-0.8756195703398886,-1.6882195673050053,-1.9250810804979817,-1.2864749325462383,0.4731143508735179,1.0346006017076752,-0.2594114507727547,-1.1257144516253432,-0.6007917169928287,0.7600658542737248,-0.12479618717266176,-0.4316415915936655,-0.2706882785040748,0
-0.4577006284139859,-0.6946962684821769,-0.15484123025532542,0.3052077222492148,1,0,0,0,1,0,-0.4703038686405733,-0.2646401119995031,-0.4001058925245282,-0.3128131676810156,0.13103475685073834,0.03822187992900256,0.8602377874469714,1.5940668768317472,-2.32648506292015,1.3143469908748082,0.5123527508843291,0.43552361436549303,-0.495656722194731,0.6374908714577977,2.3115997902548786,-0.5991570145392361,0.7470304073773009,0.4186353403192045,-0.37315522795503414,0.9640930772469049,-0.5592082165197793,0.12780310967550157,2.5782880015930814,-1.0348554257105975,-0.2573677400557195,-0.9640930772469049,0.3731552279550334,0.5494904413305014,2.067050737539819,-0.11842961547497735,-0.40574627503850064,-0.10165033785478751,0.3215701943037938,-0.6279498401920818,-0.5408768497097485,0.2638024885416898,-0.5261013687559044,0.12408133374116129,0.023408257945752128,1.3508433793738719,0.7699805564767266,-1.6508957890030895,-0.28942660841731066,0.18071947766026855,0.34789477903211874,1
-0.4577006284139859,-0.07626988516709207,-0.15484123025532542,-1.161438585374874,1,0,0,1,0,0,-0.4703038686405733,-0.2646401119995031,0.15000090842273722,-0.5164978457064292,0.6483938083253511,0.19563370860517218,0.08166134389983143,0.3268782029146473,1.1399613666939046,-0.4383169636090239,0.25932871557516013,-0.42519513754266547,-0.5872776667967213,0.7677604439365823,1.3336746460338296,-0.038646899134450734,0.7718526929269125,0.5918656481625669,0.07195265285990604,-0.651277219968356,0.6535851027858285,0.8873953911067887,-1.5972017837397905,1.3574938577932625,0.24070157700792247,0.651277219968356,-0.07195265285990675,0.7166055230658329,1.2415090048625523,0.018034525485845748,-0.0052107597040024186,0.3079883877961804,0.038025250046078915,-0.709509049969999,-0.8177176958673952,0.20179139169817292,0.5841383197212315,0.8069707847160468,-0.040454256926167845,-0.8534227529290943,-0.33002188519637315,0.7600658542737248,0.2044646553166367,-0.09762646290970158,0.038603250264021984,1
-1.5885121721324456,-1.0039094601397194,-1.168717627632051,-0.8681093238500562,1,0,0,1,0,0,0.5896868397065544,-0.5891015317230072,12.38028234343636,-0.8064013221005548,1.446631790971363,0.17014372498431518,0.5832917458759901,-0.22028441737199964,-1.1073288518200324,3.5064144465129092,3.8241228126945255,1.773324883292527,-4.338054680955606,-0.11435849961979494,0.44442709355840293,-2.284958654946148,0.8817532955429201,0.146781996543514,2.2117880550385656,0.22497917377587734,-0.925347036910998,0.7475645820996949,-0.782407451474139,-3.8626082281460095,-4.828242895780182,-0.22497917377587734,-2.2117880550385665,-0.48105256270404034,-0.18442671521636386,-1.5558519002623137,-2.2533778457750557,-1.9108880428132304,0.2270552128845555,1.0032343553662626,0.012804842605544792,-2.340663578886029,-1.0257092285706153,0.19995793940503753,-1.1717330918001976,-1.333174793489152,-2.462334310593459,-1.9681275841710915,3.0854970270979956,3.632209140727898,-2.6213038971416105,1
2.1894263943815004,-0.10203765113855341,0.27967722576327125,-0.13478617003801185,1,0,0,0,1,0,2.3563380202851008,-0.7309807188422456,-0.5408308881156891,-0.191296740449945,-1.534891451897766,-0.41433712751498514,0.7475560481715537,0.22406049875264142,-1.7093567430861867,0.626112943265085,-0.22412725928194477,-0.2092828987867328,-0.028110121484905198,-0.04899481608000033,-0.46197546037951065,-0.3374230016981768,-0.08458312285999926,-0.47491305768518377,-0.04921092906325296,-0.2366301126415829,-1.0884499254532842,-0.7703269409515862,1.9976703558322506,-0.9297093696549977,-0.17228375258792497,0.2366301126415829,0.049210929063252244,0.10385022336961848,-0.25947596364157,0.6457695739056325,0.3565632541465125,0.3079883877961804,0.3530751881102058,-0.05703537174666111,-0.04256332662598434,0.2638024885416898,-1.053465220782544,-0.7864379342253526,-0.2776578835933038,0.754394896515422,0.2961333508329291,-1.3336639938350878,-0.28942660841731066,-0.4316415915936655,-0.6418381130257917,0
0.23620645523143258,0.2587110724619126,-1.8929150543297122,0.5985369837740325,0,1,0,1,0,0,0.7284951467520117,-0.6146863031707387,2.260875842290151,-0.7207611733853241,0.4342790498887156,0.08428272752458629,-1.3887850750228163,0.5832040233645304,0.6516538760343826,-2.3420571913766093,-2.0555100819658776,-2.0089875644317496,0.8438615565909002,-0.9878327425785519,-0.13363591299474564,-0.894364510364351,-1.7935088501336756,-2.230129810794508,-1.2246659564705729,-1.525410642437618,0.9441086164900442,-0.9343393487473274,-1.7895827598046758,1.3855554939302612,0.49497607645149033,1.525410642437618,1.2246659564705722,-0.8524194110047761,0.06573744620098994,0.6275743551108558,0.029243908281760732,-0.687661292605478,0.3320718589059308,0.7313703227732054,1.6738499195514247,-0.06692336129040147,0.43148036255562516,-1.1278826597127956,-1.1945411328258837,-1.7869942913162333,-1.277716296483967,0.17318703321292087,0.41025268187244807,-0.26463402725168356,-1.538783546453272,1
-1.5628119097752085,0.026801178718756015,0.5693561964423357,-2.6280848929989626,1,0,0,1,0,0,0.4634974696652297,-0.5774720901558565,-0.016310450003180245,-0.4864080637254022,-0.3042821860139742,-0.06820998150545304,0.8457847612802922,0.5362240046416178,-1.0855888128836004,0.6587122758936207,-0.36095293377929566,0.9357252447134263,1.505495626846953,-0.341350068041641,0.10958881629828406,-0.1746842723531172,-0.5110928168691554,-0.9793356816829851,1.7556215933338128,-0.4649864905896614,-1.5171572652262002,-0.6262006042426241,1.3084954274245137,-1.396668676532218,-0.48687418900840523,0.4649864905896614,-1.7556215933338135,-0.09808050039390652,0.47225420850418953,1.1051988484737367,0.8313916473253122,0.5640125913280355,0.30581769740058723,3.857806697593365,2.7812133041820113,-0.24778906041732607,-1.4142931195376127,-0.5588081172337243,0.11464042204849642,0.7803274392483975,0.10997909147286698,-0.44541496736468245,1.0276167615398821,0.848749735028197,-0.2706882785040748,0
1.2642169495209417,-0.2051087150244015,-0.8790386569529866,-0.13478617003801185,1,0,0,1,0,0,0.9682549498305286,-0.6408525466968278,-0.08027635709007157,-0.47194182238836996,-0.5721328705000086,-0.12813380264922217,-0.7822508289253073,-0.7160453586169361,-0.12953585126969536,-0.6296230811507533,-0.5443846564716446,-0.2558152837952979,0.34795302654546006,-1.0096788066879725,-0.5231522465668422,-0.22729538491692158,-1.4200196609231055,-1.4765039085508105,-0.9949266757572224,0.6378546273322141,0.07887965275702476,0.4587122901751164,-0.051330093395769195,-0.5574870252775794,-0.7337919733556193,-0.6378546273322141,0.9949266757572216,-0.8431352397972577,-0.25947596364157,0.8823074182377254,0.6149732640397371,-0.03337721691295973,0.41608517572303205,0.9216751455883455,1.7292180887829538,0.6978801664463103,-0.1375174777889068,0.12408133374116129,-0.7794347861583975,-0.6848612251647502,-0.8377153198147269,-0.794369942049485,-0.04248097655033679,0.29205785388825667,-0.8892713360402683,1
0.004904094016293398,-0.6689285025107157,-0.8790386569529866,-0.4281154315628296,1,0,0,1,0,0,-0.571255364673633,-0.0727543261415168,3.2459508114282776,-0.7468004077919821,1.7837683044646517,0.5211899906399775,0.9461474422472363,1.0384903548985962,-1.7096697831756622,3.380289247213462,3.0535420929260946,2.0753655255124754,-1.6537119080589053,0.03285265440011365,0.7154846906075135,-1.7299670650448564,0.5136615511646461,-0.027692840470830073,-1.0117882743416888,3.8340303412263825,-1.2828150650416605,-0.7086037465744085,0.5987258048955628,-4.05721469358,-3.9967909397199297,-3.8340303412263825,1.0117882743416882,0.10385022336961848,0.7912135143113154,0.3182556355996563,-0.6641562849317252,-0.4430159425639276,1.487254965141063,-0.8726274695258333,-0.5408768497097485,0.2638024885416898,-1.4420491117495413,-1.317574173872486,-2.722679881546851,-2.111151075478434,-3.054643317648205,-2.761207072091096,-1.853415610241477,-0.26463402725168356,-2.6213038971416105,1
0.3647077670176212,1.0832795835486928,-1.6032360836506476,-1.6014324776621007,1,0,0,0,1,0,1.0944443198718534,-0.6548078765774086,-0.1826218084290977,-0.44300933971430556,-0.7091698768935716,-0.161226062086826,-0.05321149099819125,1.1058477671434215,-1.6137624872082506,-0.38122130252468894,-1.1084364795107495,0.3527840812372685,1.0952591269425,-0.6335805808068002,0.6842177381116091,-1.8723276841572059,-1.3539672186294727,-1.8672577318316945,-0.5252107151899527,1.002053003267564,-0.55907437754559,-0.8323764553811025,0.3245586253925349,-0.8275653315556462,-0.381992032795788,-1.002053003267564,0.525210715189952,-0.5646101035717058,0.7161642658861095,0.20908432283099887,-0.8192022908676594,-1.2452251136304073,0.9201650766256344,1.0847935651441794,1.5631135810883663,-0.17027518936292965,-0.7759052986632599,-1.0899443568808573,-1.3815670692365094,-1.0349505520599276,-1.2438700675094103,-1.016432198667086,-0.7010026615289333,-0.32030321536567735,-1.0748462533011267,0
0.23620645523143258,2.113990222407169,-1.8929150543297122,-1.161438585374874,0,1,0,1,0,0,0.7284951467520117,-0.6146863031707387,-0.31055362260288033,-0.3741500309500322,-0.7084691027262316,-0.18358569684196374,-0.42959348082131016,0.8026262279263425,-0.0946360840405782,-0.7671944089417024,-1.342574413985083,-0.2705249916090752,0.8681924406480797,-0.895832904835559,-0.3558514165149464,-0.7138051572371795,-1.3011128480680598,-1.731748875864638,-0.4752198700716236,0.10235345797273021,-0.29774549068769146,-1.4581138238874112,-0.5879346467053748,-0.25373107660171845,0.05469677234521504,-0.10235345797273021,0.47521987007162286,-0.7197883937545132,-0.07721350318035518,0.9134992218859134,0.3584090399314639,-0.20406001926752979,0.5196015839441014,1.4110304042558486,1.9111420734008362,0.139780294854656,-0.22078545442469194,-1.317574173872486,0.31535118307453414,-0.0495139282068366,-0.14386762583630988,1.0138512904081252,0.8629863402952329,1.0157572993701793,0.5953280020465953,0
-0.14929748012713334,0.026801178718756015,-0.4445202009343899,-2.6280848929989626,1,0,0,1,0,0,0.47611640666936217,-0.5797979784692867,-0.016310450003180245,-0.4864080637254022,-0.31064240126450837,-0.06999875228586407,2.0155656257007473,0.9001319430189347,-1.6711863841328696,1.7174995164137707,0.11176277569778631,0.17012793253557662,-0.48541486572136505,1.2290609869584772,0.4809320185228519,-1.2372027621159933,1.249215823264142,0.11706642541651818,0.6912331826893887,-0.45352244570481864,-1.5746298102593113,-0.7536722020684933,1.041298311637861,-1.0815300164474708,-0.03100450280854143,0.45352244570481864,-0.6912331826893894,1.4686233908748227,0.7536888900987124,0.8095265430586199,-0.024591510445994075,0.47867119015075044,1.0146800580448727,0.18764225758709038,-0.12561558047327853,0.2948080369634488,-1.5253170883853264,-0.9381911455531051,-0.989268763594709,-0.37367071236903754,-0.7530997473783346,-0.794369942049485,-0.04248097655033679,-0.26463402725168356,-1.198562864808365,0
-0.6119022025574117,0.9544407536913834,-0.8790386569529866,-0.4281154315628296,1,0,0,1,0,0,0.40040278464456736,-0.5734017856073538,0.8024531607090287,-0.6194974840260986,0.1747074066083812,0.037774687233899804,-1.000484015215062,1.158891867969031,0.1897650624566664,-0.6658159527363955,-0.8555433480953792,0.135799327256714,1.1683916498437086,-0.547218021943938,1.2230678080087252,-0.5206698931064703,0.3372038735661133,-0.3036708669872428,-0.22931895624632825,0.4126498344833025,0.8444235777847338,-0.36537297748390657,-0.782638226904419,1.2338399860898581,0.8157727567102829,-0.4126498344833025,0.22931895624632756,-0.6481676444393714,0.7912135143113154,-0.7097742263052108,-0.8450432918569822,-0.6819718658603261,-0.5605696322757617,0.10608304780917345,0.2342775195316623,-0.6663639641110671,0.22331042096616224,-0.7864379342253526,-1.564031397441998,-1.6443653062848649,-1.176177609560296,-0.6040308649486834,-1.3595243465075295,-1.378017789531564,-1.198562864808365,0
-1.2544087614883548,1.2636539453489257,1.0038746524609323,-0.8681093238500562,1,0,0,1,0,0,0.8546845167933363,-0.6286416330513195,0.9687645191349462,-0.6351210246700933,0.031491218548333394,0.007365583966912489,0.7278300219293916,0.4104130199542625,0.49937762938229424,0.46794331715295856,0.2908396703086025,-1.9992895122510055,-1.2879829052257503,0.008129747685870967,-0.1095888264902945,0.48586195727578685,-0.6599803747902506,-0.7001117805758673,-3.5663204598883063,0.8102407703119214,-1.0039422147421821,-0.6730884305038788,-0.19442153790157807,-1.286586474452894,-1.0616287035858083,-0.8102407703119222,3.5663204598883063,-0.06326485836571254,-0.18442671521636386,-0.25186121997000455,0.029243908281760732,-0.23250715299329106,-0.7706029243185127,-1.987270003157369,-0.8177176958673952,-0.2736270174354578,-0.8314172830871166,-0.4070549059059717,0.9174834661526473,0.6636309969500054,0.05920974801103089,0.728342674756924,0.8629863402952329,1.5167799923961247,0.8427612250610729,0
0.004904094016293398,-0.4370186087675581,-0.8790386569529866,-0.8681093238500562,1,0,0,1,0,0,-0.571255364673633,-0.0727543261415168,0.27793272259651985,-0.5465876276874562,0.9393272378317088,0.36646131813442445,1.0226636468332448,0.23197919676698894,-1.101163853889498,1.0825419898251833,0.7022415672475375,0.15008073317909554,-0.6260401498841128,0.190512859432056,0.7039209821018766,-1.6640155455577041,0.6329505423983423,0.12521252953953235,-0.7989105922128049,0.9970420184583276,-1.2316804909150612,0.3867738593447018,-0.16684726876362962,-0.8348214654096983,-0.790702765926164,-0.9970420184583276,0.7989105922128042,0.2152602778598393,0.7161642658861095,0.16359627584405784,-0.7416792878996918,-0.47715250303484213,1.3612349899154128,-0.7910682597479163,-0.5408768497097485,0.20179139169817292,-1.0812212129944723,0.6552175733882943,0.7897584364088047,0.5728670973845897,0.17767154942198057,0.5380035976561225,-0.04248097655033679,0.514734606344233,0.5953280020465953,1
-1.3572098109173063,1.0832795835486928,-0.15484123025532542,-1.6014324776621007,1,0,0,0,1,0,-0.6595879237025604,0.12785354089183248,-0.1826218084290977,-0.44300933971430556,0.8650213414479053,0.44069530552148173,0.5352153700434834,0.03402123258646754,0.32720186998555323,1.0143655533265228,0.8365075990082651,1.0987050606187547,-0.47705892747799766,-0.02005718747001099,-0.7713190982938344,0.4579041522884405,0.4917381689919647,0.8090501987359817,0.7686432489180746,0.7361716451058063,-0.7642709060255526,-0.8193857497645899,0.012853595344001422,-0.8827432702875418,-0.29762079725565777,-0.7361716451058063,-0.7686432489180752,-0.2582324537235989,-0.9349191994684248,-0.9372144612399159,-0.5866332819637576,-0.3747428216220998,-0.6865896075014126,-0.46483142063624716,-0.8177176958673952,-0.9144083514851348,-0.8869292675109735,-1.0140677512169813,-1.0896241441077272,-0.9182541097615345,-1.159254495073018,-0.4771381468814831,-0.4540570296619595,-0.15329565102369538,-0.7036964187794109,1
-0.09789695541265715,2.113990222407169,-0.15484123025532542,-1.161438585374874,0,1,0,1,0,0,-0.5207796166571032,-0.194863462596599,-0.31055362260288033,-0.3741500309500322,0.3456997162136729,0.1392874290222251,-0.6472697325070136,0.6919830229678289,1.652968634139058,-0.658756174647868,-0.12052368540449794,0.05898907294525685,-0.6132286706346294,-0.936277350857053,-0.7909915481518509,1.7708114675046285,-0.8541243744734721,0.12876546916730156,-0.018359091073560794,0.0986623829151082,-0.035472977813539336,-1.7421663842661195,-0.48016874920987174,0.04300198363168202,0.28240111226652576,-0.0986623829151082,0.018359091073560086,-0.9545452942874786,-0.8598699510432187,-0.5369196477548344,0.3953247556304958,0.017827623793410803,-1.0961545269847772,-0.7910682597479163,-0.8730858650989243,-0.6663639641110671,-0.026493508941193386,-1.6210805965279906,0.06902433999712428,-0.1921429132382052,-0.1607907403235886,0.728342674756924,0.36909507656128593,0.45906541823023866,0.47161139053935697,0
0.9558138012340891,0.026801178718756015,-0.4445202009343899,-2.6280848929989626,1,0,0,1,0,0,0.8042087687768065,-0.6251528005811743,-0.016310450003180245,-0.4864080637254022,-0.4575327039274195,-0.10487978250387892,1.8519022754763659,0.0545395690791501,-1.4268283202709353,1.9222981965672268,0.8355959952776574,-0.30618146570864635,-0.9831575574263572,0.9343754221606632,-0.47879423457476056,-0.9458566039177595,1.4210575872752993,0.9094816554697465,-0.1602775458261487,-0.25863368266248993,-1.6414982819365065,-0.5545028236810352,1.0000274439678405,-1.1878044692022058,-0.198383897655608,0.2586336826624906,0.160277545826148,0.29881781872750485,-0.8598699510432187,-1.546754290864926,-1.6977963245046235,-1.1940202729240363,-0.49755964466293656,-1.2804235184154193,-1.3713993881826885,-1.2244638357027204,-1.5808290728091832,-0.7864379342253526,-1.0257616292358074,-0.4255357978349895,-0.8377153198147269,-0.857816301083085,-0.12479618717266176,-0.26463402725168356,-1.198562864808365,0
0.004904094016293398,1.2636539453489257,-0.8790386569529866,-0.8681093238500562,1,0,0,1,0,0,-0.571255364673633,-0.0727543261415168,0.9687645191349462,-0.6351210246700933,1.2514877036122831,0.4348818004851459,0.8907287250046094,1.0112494955730784,-1.151795460633685,1.2194965634182346,0.7695080202083356,0.15749997167486757,-1.0550488107690448,0.25487581325570513,0.5573012173748594,-1.7053372473814237,0.5579525833164868,0.3011935839334866,0.004530982273630621,0.21031740340810925,-0.9839110653652074,-0.8296795432260851,-0.1391564914585651,-1.0942049511796885,-0.7063412015319023,-0.21031740340810925,-0.00453098227363133,0.2152602778598393,0.491016520610491,-0.054746349693259644,-0.9225662948249498,-0.6819718658603261,1.424244977528238,-0.38327221085833024,-0.4301405112466897,-0.10826409251941274,-0.8036612908751883,-0.5588081172337243,0.9722227646142934,0.7414286251489338,0.2115177783965368,0.9504049313745251,1.1922471827845313,1.461110804282131,0.7190446135538346,0
1.2642169495209417,0.026801178718756015,-0.8790386569529866,-2.6280848929989626,1,0,0,1,0,0,0.9682549498305286,-0.6408525466968278,-0.016310450003180245,-0.4864080637254022,-0.5202732181652703,-0.1169539852716533,0.6058718875797776,-0.14296405302552334,-0.8742794219575644,0.13396629991615555,-0.44344735741337693,-0.4954909494022602,0.4090329024760147,-0.8079667570832127,-0.7785933983141228,-0.2746270984997023,-1.1086687296136895,-0.8620015250105136,-0.2947266082233409,-0.3834842964864804,-1.6497904719323486,-0.5837551250106097,0.9191955092942145,-1.2803167626074068,-0.26507343128996885,0.3834842964864804,0.2947266082233402,-0.7038726716844818,-0.6347222057676005,0.4001341201761507,0.188596747715916,-0.27233314020935756,0.5106001571422693,1.0847935651441794,1.397009073393778,0.3258135853852078,-1.6085850650211115,-0.9381911455531051,-1.527538531800901,-0.9182541097615345,-1.2946394109712458,-1.1433249167342867,-0.12479618717266176,-0.32030321536567735,-1.6934293108373202,0
-1.3572098109173063,0.026801178718756015,-0.15484123025532542,-2.6280848929989626,1,0,0,1,0,0,-0.6595879237025604,0.12785354089183248,-0.016310450003180245,-0.4864080637254022,1.0094228806266525,0.47423475765418827,1.1546224547284385,-0.20743883115957706,-0.4351708948195406,1.1239117832101864,0.719436163095703,0.2892052820966333,-0.6219091152922276,0.07398550174251828,-0.8415348329748562,0.3585763230329862,0.524850035859665,0.7696354556666269,0.6912331826893887,-0.29111514316954507,-1.5316051883302881,-0.5583148161383006,0.9552278152089727,-0.9978999991465322,-0.18390302203275943,0.29111514316954507,-0.6912331826893894,-0.20252742647848845,-1.009968447893631,-1.019092945816409,-0.7029177864157086,-0.47715250303484213,-0.7180946013078251,-0.5463906304141645,-0.8730858650989243,-0.9764194483286528,-1.5253170883853264,-0.9381911455531051,-1.600524263083096,-0.9701191952274875,-1.2438700675094103,-1.3336639938350878,-0.37174181903963527,-0.5429799678216537,-1.6934293108373202,1
0.544609603518286,-1.1842838219399534,1.4383931084795292,-0.4281154315628296,1,0,0,1,0,0,1.1449200678883833,-0.6577152369691962,0.3035190854312764,-0.5465876276874562,-0.3703153188762938,-0.0834145331389467,1.3986565909971302,1.0282438431434189,1.0761306341079022,0.48640728867564553,0.13989072165713606,0.6015301543764247,0.8066489884175867,1.2671276189027854,0.11964875150880647,1.7393500638346966,0.03130024843055238,0.47553349389486177,1.2718086794045298,-0.440948977121442,-0.6787670501596429,-1.2914354513747006,0.2767724444580308,-0.6260680760700447,0.2824011122665228,0.440948977121442,-1.2718086794045305,0.8280155775560533,-0.18442671521636386,-0.8553359766634215,0.07231224326396513,0.08610074473523979,-1.6317394216937933,0.35076067714292497,-0.2086678343205727,-0.8523972546416179,-0.7481493064513315,-1.317574173872486,-0.6547508285513128,-0.4255357978349895,-0.6289969078049598,-0.011864847301746482,-0.7558794686104828,-1.0068898687716037,-0.45626319576493324,1
-0.3291993166277972,1.7274737328352407,1.4383931084795292,-0.4281154315628296,1,0,0,1,0,0,0.21111872958258027,-0.5315357959656113,0.13720772700535894,-0.5124472981320601,-0.052199908622699805,-0.012758087312711469,1.6098295676559808,-0.006739892753682974,-0.6964605766292219,0.8129701273689633,0.8443825404908837,0.9372573011573048,-0.2541962007525809,1.3405402411189806,-0.659654350092108,-0.22475077457182666,0.18079938524137307,0.5291557802859754,0.5516412599819246,0.7311960875261709,-0.8990551876001144,-0.6515765325927838,0.7262320862569617,-0.9189926181167053,-0.581121029454186,-0.7311960875261709,-0.5516412599819253,0.8280155775560533,-0.8598699510432187,-1.0008977270216337,-0.9484072958142716,-0.8355863879794388,-0.2140147004052217,-0.22015379130249568,-0.4855086804782194,-0.9144083514851348,-0.859173275299045,-0.6346847228976005,-0.0951935553878152,0.28760912732185256,-0.11002139686175369,-0.5723076854318833,-0.04248097655033679,0.3477270420022505,0.10046155601764112,0
-0.14929748012713334,-1.5708003115118816,-0.4445202009343899,0.5985369837740325,1,0,0,1,0,0,0.5896868397065544,-0.6001495012118003,0.4570372624398156,-0.5720482124406329,-0.07229516791113803,-0.01946597773925279,1.044961089346196,0.34523772804137254,-0.7549373945626242,1.3083133593386385,0.8145144827583619,-0.8495055923951628,-2.271511180544123,1.0748388396203437,0.6552716825907373,-1.3258671910622744,1.2722791359217502,-0.020184867232835753,0.33643704580791395,-1.4922984739595533,-0.3790775278003034,0.1825871705012989,-0.3003439519535938,-0.5058767306926659,-1.078615313405806,1.4922984739595533,-0.33643704580791395,1.245803281894381,0.8662627627365218,0.6457695739056325,-0.19901826712392082,0.3079883877961804,0.8256500952063961,0.2692014673650073,0.12354118106860354,0.38782468222872474,-0.22386945355935062,0.41072628847136017,0.6934578187447967,0.4172718409867329,0.17955189547612294,0.023383129939142485,3.3598810625057447,2.487898051718021,-0.5249946466022879,1
-0.07219669305541997,1.1605828814630785,-1.168717627632051,-1.6014324776621007,1,0,0,1,0,0,-0.10435469552073157,-0.4635035627977798,1.9026667626035596,-0.7010870851669603,0.8542261313772593,0.18534827661780884,-0.2618126942049546,0.7780136677950537,-1.4963468238554014,0.32521290742043807,-0.9029114654353464,0.19247532553539187,1.2459045110223155,0.7354966004903101,0.789513444570217,-1.4562354756433005,1.1567137953506186,0.20365737080583865,0.5745878774132874,-0.30735587342307225,1.0989564616374348,-0.2769309383837397,0.5821800219180439,0.7076359420220065,1.3726609099272102,0.30735587342307225,-0.5745878774132882,0.5494904413305014,0.5660657690356972,-0.38226028799923456,-1.0388507992769007,-0.596630464683041,0.4475901695294441,0.4323198869208419,0.17890935030013266,-0.17027518936292965,1.4168180860790833,0.04820472807728505,1.0543317123067637,1.234146937075479,1.4976744794297,1.0455744699249259,-0.7833178721512579,-0.9883334727336057,1.2139110595827887,1
-0.6119022025574117,-1.0554449920826439,-0.4445202009343899,-1.6014324776621007,0,1,0,1,0,0,1.8263426661115367,-0.7053959473945141,0.5337963509440852,-0.5836212055102586,-0.4460987870270105,-0.09146400165079628,0.41192422842468013,-2.270415717557016,2.0706402656495895,1.925302067259813,3.097850741028497,2.9911785957729635,-1.7998570399069842,-0.6853117814155608,-2.0287815727830236,2.9735366458976684,1.3254015782585509,2.921473450526762,2.820010003978237,1.282759261399553,-1.257546124180062,1.083827981773213,0.15748295234372647,-1.2867133658254235,-1.1751074777949049,-1.282759261399553,-2.8200100039782376,-0.20252742647848845,-1.685411683720486,2.720024516510143,4.4006799089754765,5.087106853724142,0.3845801819166189,0.5954383064766764,-0.5408768497097485,3.2403351370305127,-1.0257092285706153,1.793366658346437,1.6929568610259738,1.5323711785047043,0.8038267854512828,0.7917890337905242,1.1099319721622063,2.2404794378780473,2.265502257394317,0
1.2642169495209417,-0.9008383962538722,-0.8790386569529866,-1.161438585374874,1,0,0,1,0,0,0.6527815247272168,-0.6059642219953757,2.0817713024468554,-0.7109241292761421,0.4280306994152864,0.08338834213438077,0.532914057217872,-1.223215167608291,0.5497053326553539,1.2586734631051169,1.4518870588286683,0.8326866471945755,-0.6730788654385799,-0.8400165844959329,-0.977827778284858,-0.2511891520231001,-1.1086687296136895,-0.81417745714603,0.1432312286942403,0.9936302841201231,-1.5803646427428024,0.6993348030608079,-1.0038864781712644,-2.799723580020189,-2.682410104166275,-0.9936302841201231,-0.143231228694241,-0.7038726716844818,-0.7848207026180125,0.6184767457134681,0.3824042551358344,-0.10165033785478751,0.6996301199807459,1.6557080335896,1.7292180887829538,0.3258135853852078,-1.5253170883853264,0.27583454506891375,-0.8980365994919648,-1.21647835119076,-2.0392564484114977,-0.4771381468814831,0.6160407084282594,1.3497724280541432,-1.3222794763156045,1
-1.6399126968469209,-1.596568077483343,0.5693561964423357,-1.161438585374874,0,1,0,1,0,0,0.5644489656982895,-0.5925903641931524,0.5210031695267069,-0.5836212055102586,-0.02933609521379447,-0.004708618800861887,0.12707342905652907,-0.9804900068504488,2.2202689182899444,-1.0546480294029408,-0.34152905374134235,0.4180371160661767,1.211214423800618,0.18602623162374965,-1.0924565099808499,1.644591990694105,-0.5009547708690646,0.0016246383044474545,1.795043386320642,-1.210149408104441,0.009176522344877551,0.25135435544960255,-1.3825256439507878,0.9280232720056644,0.4455906396727883,1.210149408104441,-1.795043386320643,0.5932586770230884,-0.7204927753964075,1.563328464556499,2.3518576876791957,1.9660498963834325,-0.20051256020247402,3.624780383942172,2.5439211503326,0.9370658256998767,-0.2855494362525249,-0.17942508891434333,-1.1413223704326168,-1.5708897685414331,-1.1931007240475748,0.09387908442092041,-0.20711139779498602,-0.7285439282016336,-1.899623663349385,1
-0.27779879191332196,0.5421564981479937,-1.6032360836506476,1.478524768348486,1,0,0,1,0,0,-0.7353015457273552,0.31101724557445576,1.1478690589782419,-0.6519018646210507,1.9482622726111856,0.7429975674109438,-1.6846754173341185,-1.0616881415211774,-0.6107728727749681,-0.3571667974656439,-0.2055286799258473,-1.0079166050184578,-0.34810336327821056,-0.8756761399845472,-1.5158228001621286,1.1563062602919911,-0.34202292566580916,0.44050542020151306,-0.37315522795503414,-1.004587223962434,1.4676168960544596,-0.06131771206678959,1.9969232559385586,0.14336522251945383,0.6972651552726693,1.004587223962434,0.3731552279550334,-0.6481676444393714,-1.2351161931692491,1.273504622325418,1.7778183085592476,1.519836284513628,0.4790951633358572,-0.05703537174666111,0.12354118106860354,1.876091006473136,0.8894542340524437,-0.4070549059059717,-1.0805009276974533,-0.03654765684034838,0.025363519036474696,-1.8412348661038906,-0.20711139779498602,-0.6543183440496418,-1.0129879475475077,1
0.46750881644657266,1.7274737328352407,-0.15484123025532542,-0.4281154315628296,1,0,0,1,0,0,-0.028641073495936725,-0.4786218368350757,0.13720772700535894,-0.5124472981320601,0.1189241916219556,0.0279364479416392,0.3781769855551267,-0.24930938462856994,-0.8115412427144646,-0.3660439026317887,-0.866424538953742,0.08086468628567274,1.0904963195854478,-0.5874049976209926,-1.0113450656299305,-0.29186680015877636,-1.4352223431159483,-1.7536638478057236,-0.9333596546099943,1.0359845289758263,-1.1127924567038832,-0.6709583308087609,0.8161060789505716,-0.9286402101705429,-0.5857170897923686,-1.0359845289758263,0.9333596546099936,-0.5506838467604283,-0.9349191994684248,0.03622974428062242,-0.12149526415595328,-0.6734377257425974,-0.3636634209856824,0.697387318699073,1.397009073393778,-0.09276131830853324,-1.0812212129944723,-0.7105613285614767,-0.33239718205494984,0.11904759955750843,-0.2623294272472596,-0.794369942049485,-0.4540570296619595,0.013711913318286572,-0.023255055489598248,0
0.33900750466038404,-0.12780541711001567,0.5693561964423357,0.3052077222492148,1,0,0,0,1,0,0.5770679027024219,-0.5978236128983703,-0.2721740783507456,-0.40713306119846565,-0.5970728254210372,-0.14512712506312683,-0.07863768735018258,1.0981070925732068,-0.17216622496590478,-1.1081394381455543,-1.0630841459591627,-0.6640781321568081,0.4845393955643306,1.1378433362185518,1.7663200963661685,-0.30368635783520864,-0.41202102080887537,-0.8646857990037844,0.3506288912831737,-1.2534728335413483,1.2462672732644868,0.2622742511292968,-0.06981850509261327,1.0884718984397506,0.5378640700262538,1.2534728335413483,-0.3506288912831744,0.8280155775560533,1.3165582532877582,-0.5824076947417753,-0.6383152839424023,-0.7502449868021539,-0.655084613695,0.4323198869208419,0.2896456887631914,-0.8523972546416179,1.6943780081983673,0.7310941790521709,1.3553978538458196,1.1044842234105985,1.548443822891536,0.6966194952401235,1.5215080252738291,0.9044189231421907,1.4613442825972665,0
-0.14929748012713334,-1.6996391413691911,-0.4445202009343899,1.7718540298733036,1,0,0,1,0,0,0.5896868397065544,-0.6001495012118003,-0.10586271992482811,-0.4609474789722255,-0.43908163386509663,-0.10532697519898168,-0.4747373546706494,0.6028084134941961,-0.4684198958468706,-0.426651211786431,-0.7452116918734063,0.9291332616422411,0.9270903535398982,1.0903522827993437,0.5538720693600402,-1.1657927663362289,1.262897938658015,0.2028609041961789,0.27586209560863856,0.9936302841201231,1.7496010018021357,-0.2725165851829701,-0.5311636117600483,1.828646239696549,1.1668658861734316,-0.9936302841201231,-0.2758620956086392,1.1900982546492709,0.6911478497443743,0.4607848494920725,-0.25070026910256554,0.2510941203446566,0.752138442991434,0.051710241290561454,-0.07947543944700425,0.2431321229271842,1.5000860627148682,-0.3311783002420958,-0.25028823436248077,-0.47740088330094144,0.22844089288381547,0.12560226393772106,-1.4418395571298541,-1.266679413303576,0.47161139053935697,1
-0.07219669305541997,0.5163887321765315,-1.168717627632051,3.2385003374973924,1,0,0,1,0,0,-0.10435469552073157,-0.4635035627977798,-0.5024513438635544,-0.2468471071841487,-0.49068274633976505,-0.16569798903785354,-1.6242119144127147,0.8987621440544034,-1.7954274286660594,-0.5309912789842796,-0.7996366565737307,0.40971334824816125,1.4484398921999175,0.9865901527955695,0.27778843736638603,-1.0877340863613085,1.21349029973569,0.724347416869373,1.1921218465220598,-0.6235317921885499,3.2442954607288756,-0.9552968901113049,1.361341586043681,1.9206111700206256,1.7467510863105584,0.6235317921885499,-1.1921218465220604,0.7723105503109431,0.11577027848446049,-0.38226028799923456,-0.8579637923516437,-0.3918111018575571,0.5421051509486824,0.4323198869208419,-0.09793149585751397,-0.10826409251941274,4.525489213815063,-0.4070549059059717,2.331582009745184,2.893829671985947,3.833064278674128,0.1890486229713212,-0.9479482933959068,-1.266679413303576,2.822227009176893,0
-0.09789695541265715,-0.41125084279609675,-0.15484123025532542,-0.8681093238500562,0,1,0,1,0,0,-0.5207796166571032,-0.194863462596599,0.29072590401389814,-0.5448516787270123,0.8319095143069667,0.2712092740775377,0.33052980877303995,-1.0650431755390413,1.7556718830900249,-0.18222363490696686,0.36244910728086643,0.382238127615764,-0.2881485105419796,-0.9449343593754355,-0.749210452930161,2.1726729324038514,-0.8555844759369882,-0.16732555060425922,-0.33645217931212407,0.8550163918650944,-1.4037770231525757,0.7112625978768767,-0.2167355142532636,-0.6022105458597995,-0.6345624236490892,-0.8550163918650944,0.33645217931212335,-0.9823978079100336,-0.8598699510432187,-0.6915790075104341,0.4340862571144791,0.0519641842643253,-1.757759396919444,-0.709509049969999,-0.6516131881728072,-0.790386157798101,-1.3032691506898992,0.7310941790521709,0.16937972051014377,0.028283699992091807,-0.21156008378542468,0.12560226393772106,-0.37174181903963527,0.013711913318286572,-0.1469716669968365,0
-0.894605088487027,1.2636539453489257,-0.15484123025532542,-0.8681093238500562,1,0,0,1,0,0,0.009215737516460692,-0.49257716671565654,0.6489349837004895,-0.600402045461216,0.3612796318731178,0.0851771129147918,1.8480842799807176,-0.021632377523052068,0.019163830538830834,1.2784233638240667,1.159132625222899,0.13804709365383416,-1.347149843013507,1.686771908503263,-0.8242264163825691,-0.1120415003531612,0.8202960417781251,0.8882728949006731,0.4407888507730546,-0.24888924451037456,-0.8844035623233448,-0.7960008131316603,-0.13878850095252873,-0.9136759742460717,-0.6397035888484524,0.24888924451037456,-0.4407888507730553,1.6914434998552643,-0.7097714541928067,0.2636699792153276,0.1627557467265941,0.4957394703862077,0.5421051509486824,0.10608304780917345,-0.09793149585751397,0.8219023601333442,-0.7203933142394032,-0.5588081172337243,0.8171280856396278,0.6117659114840535,0.17767154942198057,0.7600658542737248,1.6861384465184783,1.6837875567381073,0.5334696962929761,0
-1.922615582776536,0.7482986259196881,1.7280720791585935,-1.8947617391869185,1,0,0,1,0,0,0.5013542806776271,-0.5827053388610743,0.12441454558798068,-0.5112899988250976,-0.22170752156839818,-0.053005429871959386,0.5259271884739056,0.2666679179143037,-2.1553136330523017,0.710983251592312,0.2694263251691149,0.42348399543144166,0.5770007173893811,-0.4454830209595101,0.6531735658903237,-1.5363122362920993,-0.26139448917540586,-0.36005682929862504,0.05712944868845589,0.5209213695068188,-1.17643594363666,0.2883248534027183,1.4025403037303057,-1.2196868050286247,-0.7017928325687687,-0.5209213695068188,-0.057129448688456604,-0.799367004104671,-0.18442671521636386,-1.9327528610112539,-2.2256910590007815,-2.179103875084698,-0.4705553642574395,-0.10364063447689935,-0.14538992662739608,-1.8977271728609073,-1.1644891896302574,0.04820472807728505,-0.5969704579529088,0.15794641365697218,-0.3469449996836519,-1.3019408143182878,-0.4540570296619595,-0.26463402725168356,-1.0129879475475077,0
0.5189093411610479,1.3409572432633117,3.176466932553916,-0.8681093238500562,1,0,0,1,0,0,-0.48292280564470574,-0.2506847821189223,-0.3617263482723934,-0.34406024896900517,0.2068248571894619,0.07310291014701742,2.9429234108597315,-0.1572983898656579,0.7338722475839901,1.6206377688884157,1.5787119503027418,0.8906784861573153,-1.5580750428546282,3.2116264667586787,-0.8615822729812987,1.4613211918186055,1.8623288520538992,1.8825037914894638,1.0614552385657117,0.16204084244106823,-0.8831873173544947,-0.6472172306787164,0.4652589211860687,-0.3427236603985262,-0.2145043015776614,-0.16204084244106823,-1.0614552385657123,4.170317212262676,-0.40957446049198204,1.801165967373935,2.4626048347762923,3.380278830178441,-0.05648973137315825,-0.8726274695258333,-1.3160312189511594,2.3721797812212735,-0.7203933142394032,-0.4070549059059717,0.8080048692293539,0.9488889670127426,0.7361343275021692,0.15732544345452057,0.5337254978059351,0.6817421706862145,1.0283361423219313,1
1.2642169495209417,-1.3646581837401863,-0.8790386569529866,-0.13478617003801185,1,0,0,1,0,0,0.6527815247272168,-0.6059642219953757,-0.6943490651242283,0.20797152045214415,-1.4632851180237225,-0.6267536576887937,-0.6704262339608874,-0.05197300788472833,-0.42762479512717494,-1.4891142916976412,-1.5657395231866142,-0.7230557346937023,1.6194117957706167,-0.6663286799747808,-0.8165799883657188,0.014079345520579588,-0.8802596447596517,-0.628729810803412,0.09517567272851181,-1.0805558572323073,0.2664562323872178,-0.7466973220515516,0.5987258048955628,1.1388469428924888,1.421705775825065,1.0805558572323073,-0.09517567272851252,-0.48105256270404034,-0.5596729573423944,0.900502637032502,0.7700192699756713,0.3421249482670949,0.6681251261743327,1.5741488238116832,1.6738499195514247,0.7598912632898273,-0.1375174777889068,-1.0140677512169813,-1.3359509871851372,-0.8793552956620708,-0.4315605721200442,-0.9847090191502859,-0.8656330827735822,-1.32234860141757,-1.0129879475475077,0
-0.6890029896291251,1.547099371035007,0.27967722576327125,-0.8681093238500562,0,1,0,1,0,0,-0.43244705762817587,-0.2966210763091675,-0.15703544559434116,-0.4551609824374126,0.34522114319553704,0.12363568469362869,-1.0914364370020293,0.11041016124807405,1.8224644850647833,-1.6790213206038425,-0.7669995886809368,-1.056579791094422,-0.0795246023034365,-0.7557329641797443,0.2866316114540102,2.495177751018136,-1.119850875822435,-0.29511730311923157,-0.8414861286385814,-0.6064731204975302,0.7625494608815476,0.13559984478659773,0.016043001743046223,1.1578245237415459,0.70901242325645,0.6064731204975302,0.8414861286385807,-0.6481676444393714,0.41596727218528484,0.427426948368315,1.726136306580602,1.0760609983917457,-1.348194477436079,-0.13859458152457876,0.2896456887631914,0.6978801664463103,1.0004782029001573,0.4275877563966659,0.8809906005115491,0.754394896515422,1.2269046476332444,0.41111087958892223,0.7806711296729086,0.514734606344233,0.904619530814692,1
-1.1516077120594044,0.7482986259196881,1.4383931084795292,-1.8947617391869185,1,0,0,1,0,0,-0.7100636717190902,0.2761289208730037,0.12441454558798068,-0.5112899988250976,1.3323887394472682,0.6074981807948091,1.5216441417659723,-0.3232486622855882,-1.2265147363638156,2.503236619316759,1.7559380807827867,0.6246064833602748,-1.0384411572979844,0.9274770205837629,-0.20074158030308473,-0.32556086721330063,2.182028990368849,1.6452957976620246,0.1590389773671773,0.6941558255444424,-1.1891591092120957,0.2425704251042844,1.3495294585172057,-1.2180485822391263,-0.6764943882051949,-0.6941558255444424,-0.15903897736717798,0.4102278732177254,-0.5596729573423944,-1.2283379619563388,-1.1809763047181743,-0.40887938209301433,-0.6235796198885869,-1.4435419379712537,-1.648240234340335,-0.9764194483286528,-1.1644891896302574,0.04820472807728505,-0.48749186102961545,0.2357440418559006,-0.2792525417345383,-1.175048096251087,-0.6186874509066087,-0.3759724034796717,-0.8274130302866491,1
-0.27779879191332196,-0.12780541711001567,-1.6032360836506476,0.3052077222492148,1,0,0,0,1,0,-0.7353015457273552,0.31101724557445576,-0.2721740783507456,-0.40713306119846565,1.140158331871535,0.5538350573824786,-1.6568199273133848,-1.4991091827872984,0.4298865328718882,-1.049514759235002,-0.21153312133986968,-0.06910273779676951,0.14282481043656858,-0.9342884920479388,-1.7297277969895508,1.080746491594724,-0.3321505828567311,0.5928839382971387,0.11588809585456382,-0.20918429502488586,1.3703183875293556,0.3247710645510058,0.49837670553840907,1.0884718984397506,0.8538391880325631,0.20918429502488586,-0.11588809585456454,-0.7038726716844818,-1.4602639384448675,1.3371878881071357,1.790738809053908,1.5369045647490853,0.7626401075935709,0.2692014673650073,0.2342775195316623,1.814079909629618,1.6666220159864384,0.6552175733882943,0.9630995482040194,1.1044842234105985,1.548443822891536,0.15732544345452057,-0.04248097655033679,-0.15329565102369538,1.3994859768436472,1
-1.3572098109173063,-1.0554449920826439,-0.15484123025532542,-1.6014324776621007,1,0,0,1,0,0,-0.6722068607066928,0.20635227147009963,0.5337963509440852,-0.5836212055102586,1.3884596001264746,0.6097341442703229,0.9647779702004112,-0.9690476670066347,0.2848142342569465,1.6846471595933241,1.7387470437194674,1.6750388169881636,-1.0812322016918319,0.25487581325570513,-0.7877820914379093,0.6407263630370708,1.3100103571903106,1.5868933714987572,0.9953441571592244,1.2973829492468847,-1.086878343368461,0.5408655290758919,0.2545176038747919,-0.9768657826738716,-0.711163800113783,-1.2973829492468847,-0.9953441571592251,-0.20252742647848845,-1.0850176963188372,-1.537656681467537,-1.0388507992769007,-0.5454256239766699,-1.1591645145976028,-1.1173050988595852,-1.5375038958772762,-1.1624527388592034,-0.9067549762337794,0.9045264205696022,1.0178388466656656,1.0100156748833287,0.49921072468027106,0.5017485353512081,0.2632612343325826,1.127095675598167,1.5762239932825601,1
-1.1516077120594044,-0.6946962684821769,1.4383931084795292,0.3052077222492148,1,0,0,0,1,0,-0.7100636717190902,0.2761289208730037,-0.4512786181940413,-0.2925604298091705,0.7543756323989916,0.438459342045968,0.8994714824982192,-0.2720963080837331,-1.928882825941191,2.0322837549600927,1.2717713849209316,0.8913964498768328,-0.713701467460482,1.0656346989005019,-0.17578029140460857,-0.11232571721409135,1.9489371743675383,1.6396065130574449,0.3637290563372595,0.8550163918650944,-0.18596735682665996,0.1973678849074695,2.5239709278694966,-0.8129515005432066,-0.05260845014066885,-0.8550163918650944,-0.36372905633726016,0.49378541408539117,-0.5596729573423944,-1.2920212277380552,-1.1422148032341901,-0.4430159425639276,-0.7180946013078251,-1.4435419379712537,-1.7036084035718644,-1.1004416420156866,-0.026493508941193386,0.4275877563966659,0.6985262723060605,2.012123219064761,1.4638282504551436,-1.2702176348014877,-0.37174181903963527,0.013711913318286572,0.9664778365683122,1
-1.3572098109173063,-1.158516055968491,-0.15484123025532542,1.478524768348486,1,0,0,1,0,0,-0.6722068607066928,0.20635227147009963,-0.7327286093763631,0.27740947886989875,-0.1840083785988379,-0.05568858604257591,-0.20190908906926658,-0.22489691285120364,0.7247582123717561,-0.18025692627584555,0.696891133613406,0.5331061556452376,-0.3275590208814576,0.5829401862708321,-0.5881407840074429,0.7853470156462621,1.711540493698023,2.2891331720802737,0.9573302853504951,-0.2223753081429896,0.8632264689101238,-0.28050845548636044,-0.20157074370899447,1.9406497337652517,1.3289003943037305,0.2223753081429896,-0.9573302853504958,-0.14682239923337803,-1.0850176963188372,-2.119903682900383,-1.5039888170847049,-0.9038595089212672,-1.411204465048904,-1.6882195673050053,-2.0911855881925696,-1.4725082230767892,0.5286263352973745,-0.482931511569848,-0.7429419205172992,-0.723760039264214,0.008440404549195996,-0.4771381468814831,-1.277209135885205,-1.4893561657595522,-0.7036964187794109,1
-1.3572098109173063,-0.2824120129387873,-0.15484123025532542,-1.6014324776621007,1,0,0,1,0,0,-0.6722068607066928,0.20635227147009963,-0.7583149722111197,0.3121284580787761,-0.33089868126174904,-0.08252014774874118,1.3488838394135156,0.6075226836850872,-0.16061951692846801,1.6430491015848039,1.599681396520992,1.6760100673026193,-0.8645598275089635,0.9273570147201917,-0.9442350015538727,1.1372326352882867,1.8075309816622729,2.5938642814730315,2.0646375835209034,0.23819541748766626,-0.9490516117838493,-1.7797578455385008,1.3623813845943644,-0.427336555268657,0.45273945472388355,-0.23819541748766626,-2.0646375835209043,0.10385022336961848,-1.3101654415944555,-2.0653180265160533,-1.3231018101594472,-0.6819718658603261,-1.4742144526617298,-1.5251011477491712,-2.146553757424099,-1.534519319920306,-0.7481493064513315,-1.5452039908641146,1.1181942271786838,1.7527977917350004,1.4299820214805863,0.28421816152172197,-0.04248097655033679,0.06938110143228039,1.5850608941045057,0
-0.2006980048416086,-0.2051087150244015,-0.15484123025532542,-0.13478617003801185,1,0,0,1,0,0,-0.05387894750420167,-0.4768774206000031,-0.5536240695330674,-0.12764527856700325,-0.6360580261073471,-0.2681051162163844,0.335871121010815,0.4767333716372903,0.4255507535536476,-0.6596377360780117,-0.7607776005629351,-0.1591217859235699,0.6560703407459861,0.04520759795153218,0.5197724463362083,0.012498454218954467,-0.6702191226735975,-0.9083067590908085,-0.7652983266135058,0.5419904249708541,-0.4218660705668674,-0.13363488740162338,-0.5691823949987491,0.22655021586344296,0.1022633778624035,-0.5419904249708541,0.7652983266135052,-0.20252742647848845,0.11577027848446049,-0.9281168518425269,-0.7804407893836761,-0.972132629863095,-1.0016395455655394,-0.05703537174666111,0.34501385799472056,-0.9144083514851348,-0.38732140769626244,-0.1035484832504671,0.07814755640739948,-0.23104172733766892,-0.1269445113490324,0.506280418139323,-0.04248097655033679,0.23638866577426285,0.40975308478573785,1
1.1871161624492292,0.3617821363477598,0.27967722576327125,-0.4281154315628296,1,0,0,1,0,0,0.6654004617313493,-0.6065456940737333,0.08603500133584588,-0.506082151943766,-0.32402006948295115,-0.07536506462709712,-0.031749637299261335,-1.024092187781233,1.1170964732767825,0.08756468123954043,0.7504648499088615,-0.3571549276260114,-1.2427470241908003,-0.5656558131378066,-1.4890444742297873,0.9650565395597428,-0.8711751925211416,-0.748340767819137,-0.7652983266135058,0.2718968389527333,-0.5210479800316641,-0.08609339937739163,-0.5573195493630773,-0.9821366433675075,-1.706250166685165,-0.2718968389527333,0.7652983266135052,-0.5367575899491508,-1.3852146900196616,-1.6069330893092284e-4,0.49868875958778525,0.10316902497069583,-0.9071245641463012,-0.05703537174666111,0.34501385799472056,0.139780294854656,-0.6371253376036178,-0.3311783002420958,-0.7794347861583975,-0.9182541097615345,-1.1931007240475748,-0.9847090191502859,0.8629863402952329,1.127095675598167,-1.0748462533011267,1
-0.5862019402001745,2.1397579883786295,-0.15484123025532542,-1.161438585374874,1,0,0,1,0,0,-0.38197130961164594,-0.3256946802270442,-0.38731271110714993,-0.333644555206342,0.0067361424775225125,0.007365583966912489,-0.6753847475336032,0.5578100595493649,1.087176502259067,-0.18111018255845893,0.0413605332932056,-0.3923422390066018,-0.6745800063789056,-0.9190351460329016,-1.1259198730801503,1.0841287223071832,-0.2406061271597419,0.3467005728155131,-0.604544012877736,0.06447137185505257,0.020849842877873163,-1.8935336246555798,-0.3967618862732478,0.006087255361603748,0.2847149106101158,-0.06447137185505188,0.6045440128777353,-0.6760201580619267,-0.7848207026180125,1.4190663726836301,1.8682618120218755,1.6563825263972836,0.4475901695294441,-0.30171300108041293,-0.04256332662598434,1.814079909629618,0.0012624832707351544,-1.772833807855743,-0.031331040515893936,-0.23104172733766892,-0.21156008378542468,0.6014499566897238,0.28677986593896093,0.3477270420022505,0.40975308478573785,1
-1.0488066626304537,-1.0296772261111817,0.27967722576327125,-0.4281154315628296,1,0,0,1,0,0,-0.06649788450833415,-0.4698997556597127,-0.31055362260288033,-0.37935787783136377,-0.24148221755304694,-0.06820998150545304,-0.05801492413921976,0.2727631428749801,1.7268809412464294,0.16422469743145096,0.6286675524453921,-0.5973092854244211,-0.7352854109803179,0.18667402555964235,-0.363438271377224,0.8186379834642687,1.0169601368954329,1.0754567293282737,-0.6949470730335814,-0.12541857881077315,0.2671936510816688,-0.7384604556299219,-1.538051873302417,0.7865432921887412,0.2326755677424627,0.12541857881077315,0.6949470730335807,0.0759977097470634,-0.43459087663371765,-0.33272885905789945,0.12255863407653617,0.5355654576022743,-0.735597375644721,-1.3076099216747252,-1.217598918095107,0.07087907613963722,0.6674062963570164,-0.3311783002420958,1.528738965641033,0.3394742127878045,0.65151875506577694,2.409671189147334,0.5337254978059351,0.514734606344233,1.708777505611744,1
0.004904094016293398,1.0317440516057692,-0.8790386569529866,0.3052077222492148,1,0,0,1,0,0,0.40040278464456736,-0.5710758972939236,0.03486227566633282,-0.48930131199280863,-0.23279196385273812,-0.06105489838380897,-0.25362788275527653,0.3305516802803022,0.8055838158936159,-0.25739684851824995,0.3419367796587948,-0.1141154395341134,-0.2808313436153939,-0.9685060936276824,-0.3461768062241409,-0.3721957138975744,-0.49593843123851905,-0.26578833628599347,-0.12950004961474557,-0.027203276549727037,-0.6150441322351352,-0.8004848799350083,-1.4752808615934063,-0.14403752250393526,-0.7040251391213675,0.027203276549727737,0.12950004961474487,-0.8152827261747027,-0.10937746679115769,0.764038496071679,0.4340862571144791,0.20557870638343811,1.0146800580448727,0.5954383064766764,0.7325910426154264,0.6358690696027934,-0.6093693453916895,-0.7864379342253526,-0.15905607025973648,-0.8793552956620708,-0.8715615487892844,0.6014499566897238,0.5337254978059351,0.5704037944582268,-0.332546584257695,0
-1.3829100732745436,0.8513696898055362,0.27967722576327125,-0.13478617003801185,1,0,0,1,0,0,2.053483532185921,-0.7146995006482346,-0.68155588370685,0.13448301446002048,-1.850963893960816,-0.653585219394959,1.6220334198499196,0.31251762519010984,-0.9295754073390856,0.7810963723350178,0.19817349488305624,1.3252868044476342,-0.478754035195392,2.1908866115903916,0.22170443852238655,-1.4509097190444475,1.21349029973569,-0.07255823080244356,1.90767708056873,-0.08447776675232606,-0.06636886710111334,-0.20684160874026225,-0.18726361964676821,0.14806540192478979,-0.3284742391509749,0.08447776675232606,-1.9076770805687304,2.2113570874762942,0.3159016076183434,0.3243207085312494,-0.5091102789957901,-0.03337721691295973,0.6996301199807459,0.8673023390697335,0.012804842605544792,-0.6870343297255728,0.0012624832707351544,-0.1035484832504671,0.3062279666642602,0.15794641365697218,0.2115177783965368,-0.0647368131630805,1.2745623934068555,1.3497724280541432,0.5334696962929761,0
1.0843151130202777,0.7225308599482267,-1.6032360836506476,-1.6014324776621007,0,1,0,1,0,0,-0.07911682151246661,-0.4681553394246401,0.009275912831576286,-0.4887226623393273,0.07109206159341315,0.017651015954275845,-0.518682789636283,0.6054834616357573,0.879650722333545,-0.8895118066397556,0.3428966338331501,-0.44257915702403855,-0.6026317067681676,-0.7227707002923739,-0.37932117104021995,-0.22475077457182666,-0.5225468592250258,-0.041333032489690044,-0.2763926451691775,-0.3295023237687909,-9.429224564429428e-4,-1.2110406750942353,-1.4283648594662075,0.6835245435507151,-0.48613607908077316,0.32950232376879157,0.2763926451691768,-0.8431352397972577,-0.6347222057676005,-1.0008977270216337,-0.9484072958142716,-1.0745423112758372,-0.24551969421163483,-0.30171300108041293,-0.2086678343205727,-0.728375060954584,0.4731143508735179,-0.7864379342253526,1.9575301369239315,0.7284623537824456,0.9899810448113461,1.8386539578449304,2.2623449208747504,2.2404794378780473,2.079927340133461,0
-0.5862019402001745,1.1863506474345409,-0.15484123025532542,0.3052077222492148,1,0,0,1,0,0,-0.38197130961164594,-0.3256946802270442,0.6617281651178678,-0.6009806951146973,0.775739191307358,0.21396860910438514,-0.39426253008183054,0.18482069284881147,0.1439875182115666,0.26923298697151404,0.7134610526400865,0.572243642610613,-0.5753783780078746,-0.9951361834582287,-1.2633165945535343,1.1334206869408678,-0.3103126426003256,0.2735441261363862,0.04968400367083265,0.7311960875261709,-0.44609670368656945,-1.5192350327280177,0.9421427226955957,-0.6714171004366288,-0.6604717127474413,-0.7311960875261709,-0.04968400367083336,-0.7595776989295921,-0.9349191994684248,1.4281639820810177,1.9070233135058599,1.6563825263972836,0.3845801819166189,0.18764225758709038,0.17890935030013266,1.6900577159425842,-0.38732140769626244,-1.3934507795363622,0.19674936974096682,0.6636309969500054,0.3299795798074865,-0.857816301083085,-0.04248097655033679,0.3477270420022505,0.22417816752487937,1
-1.5885121721324456,0.20717554051898904,0.5693561964423357,0.5985369837740325,1,0,0,0,1,0,-0.6091121756860305,-0.03786600144006476,0.022069094248954552,-0.4887226623393273,0.8732499130600394,0.34857361033031425,0.05298425500455081,0.03901265511599012,-1.1660512974737454,-0.12179084121905219,-1.0189043974488683,-0.6100195601637459,0.3391217745383366,0.3435723166747117,0.6793283498513794,-1.2690420014960582,-0.6064343348939415,-1.3299526903328485,-0.6949470730335814,-0.14275387761029457,0.26961751426864583,0.6269901345024765,0.3187663610368392,-0.4367983364020924,0.026185670686642334,0.14275387761029457,0.6949470730335807,0.27096530510494976,0.5660657690356972,-0.1457224436671417,-0.7675202888890147,-0.9379960693921812,0.16404522527173035,0.4323198869208419,0.8986955503100138,-0.29429738304996345,0.029018475482663446,0.27583454506891375,-0.7520651369275744,-0.4903671546674297,-0.6177148314801074,-0.4771381468814831,0.28677986593896093,0.23638866577426285,-0.7036964187794109,1
1.0329145883058024,-1.776942439283576,0.27967722576327125,-0.13478617003801185,1,0,0,1,0,0,0.04707254852885811,-0.49432158295072914,0.23955317834438508,-0.5384865325387181,0.12420772872907024,0.03598591645348879,-0.1321158910238804,-0.9081167483405429,-0.7800475496284522,0.5845869840192798,0.35377300030255987,0.7145815955286076,-0.2586627726645609,-0.08651373502584421,-0.8335892027743695,-1.1553977715688248,0.3853887007407732,-0.3400654426609531,-0.1227108960387,1.0963072413460702,0.09726685784850446,0.41134737245360425,-0.09471220220065983,-0.4075944623930687,-0.7919299431580431,-1.0963072413460702,0.1227108960386993,-0.2582324537235989,-0.9349191994684248,-0.7097742263052108,-1.1422148032341901,-0.9550643496276378,-0.08799472517957138,-0.13859458152457876,-0.09793149585751397,-0.728375060954584,0.11228645211844858,0.4275877563966659,0.12376363845877164,0.054216242725068246,-0.11002139686175369,-0.3185222492974822,0.12214944469431245,0.793080546914203,0.2860364732784985,0
-1.0488066626304537,-1.596568077483343,0.27967722576327125,0.5985369837740325,1,0,0,1,0,0,-0.06649788450833415,-0.4698997556597127,-0.630383158037337,-0.03506133400999707,-0.8147286335527025,-0.33428963509159204,-0.010831488792987445,-0.8635635049229887,1.4784864373815922,0.7122976325829611,1.4685513070125655,-0.12527425117225763,-1.482107364006434,0.39579683975369967,-0.3016502785904545,0.8113687411399322,0.8817532955429201,0.9199749304893636,-0.4914206069155262,0.3165258375355961,0.4105369875843095,0.8830813845525202,-1.2057931527469479,-0.08793667391178134,-1.0110121618017083,-0.3165258375355961,0.49142060691552547,0.4659329004628361,-0.18442671521636386,0.34554846379182197,0.7312577684916879,1.0931292786272029,-0.34003467563087314,-0.9541866793037505,-0.8730858650989243,0.6978801664463103,0.3620903820258042,0.8069707847160468,-0.031331040515893936,-0.6459624110652865,-0.6346379459673855,0.12560226393772106,0.4514102871836102,0.6817421706862145,-0.2706882785040748,0
-0.2263982671988458,-0.2824120129387873,0.5693561964423357,-0.8681093238500562,1,0,0,1,0,0,-0.0412600105000692,-0.4774588926783606,-0.7455217907937414,0.3005554650091503,-1.2922481779456862,-0.5994749032875256,0.8322632158402938,2.313332637957821,-1.784456555915904,0.7419535828008001,-0.762211455073839,-0.23076581098664542,0.48888913963239483,0.25093876759676365,1.30157422933783,-0.5971588397749915,-0.09272415427333898,-0.33256682273868243,0.33643704580791395,-0.6484112087471453,-0.9065472012975521,-1.8712331545883178,1.8393248473906312,-1.0942751076449964,0.6662254481129173,0.6484112087471453,-0.33643704580791395,0.0759977097470634,0.9413120111617277,-0.5369196477548344,-0.7416792878996918,-0.7331767065666972,-0.11949971898598452,0.2692014673650073,0.12354118106860354,-0.5423417704240322,-0.8869292675109735,-1.772833807855743,-0.25028823436248077,0.7025298110494701,0.17767154942198057,-0.2550758902638815,0.03983423407198747,-0.26463402725168356,-0.08511336124321738,0
-1.5885121721324456,0.8513696898055362,0.5693561964423357,-0.13478617003801185,1,0,0,1,0,0,-0.6091121756860305,-0.03786600144006476,-0.68155588370685,0.13448301446002048,-0.17673452384362007,-0.13305292229535245,0.2017985079801361,0.19289883463157556,-0.03620467873495851,-0.5218790289799949,-0.3773615648427621,-0.4223341084383792,-0.3904761936193503,0.3468307187610985,0.432678382075592,-1.0660516017702761,-0.22559416915688618,-0.8172852491002619,-0.4291756706205303,-0.15036214763897582,0.0659434299376555,0.16868800055754704,-1.0217860414599749,0.481329582886837,-0.30733145813776225,0.15036214763897582,0.4291756706205296,0.2152602778598393,0.26586877533487285,-0.3458698504096825,-0.8192022908676594,-0.8526546682148961,0.06953024385249205,0.10608304780917345,0.34501385799472056,-0.35630847989348147,0.029018475482663446,0.12408133374116129,-0.08607033897753999,-0.5940973255993336,-0.38079122865820925,0.2207718024881207,1.1099319721622063,1.127095675598167,0.10046155601764112,1
-1.5885121721324456,-0.2824120129387873,0.5693561964423357,-0.8681093238500562,1,0,0,1,0,0,-0.6091121756860305,-0.03786600144006476,-0.7455217907937414,0.3005554650091503,-0.46758293208315554,-0.26139722578984304,0.686280875098815,1.6698975528728233,-1.932905084443241,0.7076744946706786,-1.0059629465053472,-0.3078825707023778,0.6584946248379855,0.31208475024817056,0.5998242053336729,-0.9080025531129293,0.14893758556839598,-0.6026501596776938,-0.34274413050805214,-0.0799856498736912,-0.6424588574881884,-1.6910960763454614,1.7298910046914515,-0.8083386265977348,0.719430513873511,0.0799856498736912,0.34274413050805214,0.1317027369921738,0.340918023760079,-0.5278220383574467,-0.8838047933409655,-0.7843815472730677,-0.24551969421163483,-0.13859458152457876,0.012804842605544792,-0.6043528672675491,-0.6648813298155464,-1.6210805965279906,-0.3415203984652251,0.5599008260181015,0.17767154942198057,-0.4136917878478824,-0.4540570296619595,-0.5429799678216537,-0.023255055489598248,0
-0.38059984134227254,-1.596568077483343,-0.4445202009343899,0.3052077222492148,1,0,0,1,0,0,0.04707254852885811,-0.5059510245178798,-0.822280879298011,1.5880509440050175,-2.0847959732271404,-1.6163910919511895,-0.39089022700521714,-0.6308819133182206,0.326216786393706,-0.9944395638158614,-1.4431675708446448,-0.2917207421938769,1.1297787354912516,-0.2851293693247141,-1.1546229938413919,0.7853898028215907,-0.4484030094698624,-0.4951108006230656,-0.6280087910670794,0.22497917377587734,0.2586444697215421,-0.29077074348957693,0.3432917338046292,0.8987949463515195,1.392809191311901,-0.22497917377587734,0.6280087910670786,-0.28608496734615396,-1.0850176963188372,-0.054746349693259644,0.3565632541465125,0.15437386567706757,-0.8756195703398886,-0.22015379130249568,0.06817301183707392,0.07776919801113909,0.6118943119331598,0.12408133374116129,1.3645210702560935,1.3638096507403592,1.7176749677643206,1.3945294446097283,-0.8656330827735822,-0.8769950965056176,1.8943524228726025,0
-0.6376024649146498,1.3151894772918502,0.5693561964423357,-1.161438585374874,1,0,0,1,0,0,-0.10435469552073157,-0.4617591465627072,0.7512804350395157,-0.6108177392238793,0.4994170469982515,0.11692779426708738,-0.0746969544996297,-0.5498053044200666,0.7514274425490944,0.3143516631031877,0.3864260456995271,-1.7348916698700427,-0.9454170522039771,-0.3040632686178798,-0.8987858227127383,0.24639568611535853,-0.035633159179737126,-0.246456915892121,-2.2218298359164024,-0.1626015385546773,-0.19994850177755583,-0.1457588718343618,-0.7796225846963963,-0.4600020472520512,-0.7429899944201116,0.1626015385546773,2.221829835916401,-0.5367575899491508,-1.0850176963188372,-1.155557086777232,-0.8708842928463041,-0.8355863879794388,-1.1906695084040155,-1.4435419379712537,-0.7069813574043363,-0.5423417704240322,-0.44283339212011924,-0.482931511569848,-1.1078705769282764,-1.2813097080232,-1.3454087544330806,-0.5405845059150832,0.03983423407198747,-0.04195727479570725,-1.3841377820692236,0
-0.1749977424843705,-1.132748289997029,0.27967722576327125,-0.4281154315628296,1,0,0,1,0,0,-0.34411449859924853,-0.37221244649564694,-0.5152445252809326,-0.22312247139141586,-0.25336479935377143,-0.11382363640593401,0.11400824378663711,-0.3282941939000206,-1.0997237134686035,0.09585559693931145,-0.5074042117444627,-1.1473538582011311,-0.12801136244606792,1.2137700334527084,-0.4613699063724802,-1.2193417253905896,1.0174638881672335,0.37556773522047115,-0.9306920144830665,-0.6418048099999468,1.0542534777561963,-0.0115961600458345,0.2780383161242333,0.8794050472850221,1.0263191209931417,0.6418048099999468,0.9306920144830657,1.2736557955169365,-0.3345252120667762,0.36374368258659734,-0.354064273059855,0.0519641842643253,1.0776900456576979,-0.709509049969999,-0.3747723420151606,0.7598912632898273,0.77843026520473,-0.17942508891434333,-0.5057382938501646,-0.2958730841701091,0.05920974801103089,-0.28679906978068154,-0.28942660841731066,-0.5986491559356475,-0.20882997275045564,1
1.1614159000919912,-1.5450325455404195,-0.4445202009343899,0.5985369837740325,1,0,0,1,0,0,-0.20530619155379135,-0.433267014723188,0.4570372624398156,-0.5743628110545581,0.4644408636641399,0.11066709653564881,0.8789773251904242,0.4941110959407363,-0.10934537167233724,1.0054707167157293,0.7967659792834416,-1.6605445582161833,-2.530882620749616,0.7605159119264651,0.6455034015593031,-0.4358717414890154,0.6795179026125718,0.004415182414591292,-0.7279513648365089,-1.5428114248521114,-0.4623408290465207,-0.03153184852848767,-0.28853027871823667,-0.6845277504096781,-1.0315242291687687,1.5428114248521114,0.7279513648365081,1.1900982546492709,1.1664597564373458,1.409968763286241,0.9250652759116064,1.195538960039945,0.8886600828192224,-0.22015379130249568,0.12354118106860354,1.6280466190990672,-0.3040534310604773,0.19995793940503753,0.7167727051266096,0.4432043837197094,0.12690220596014448,0.2207718024881207,3.2501274483426443,2.351817814106035,-0.5181215015185524,0
-1.074506924987691,-0.7462318004251005,-0.4445202009343899,0.5985369837740325,1,0,0,1,0,0,-0.571255364673633,-0.0640322449661538,0.07324181991846762,-0.5043462029833221,0.8088718926109867,0.3405241418184647,-0.16025272420954276,0.24806329676188424,-1.3514690935739941,0.9831329671110945,0.46811790383152213,-0.759868619369138,-1.1192862937206018,-0.45776706003412004,0.5915061866437048,-2.824891266099695,0.7845954922041423,-0.14775069575151117,-1.2315329784747313,0.1850492459657866,-0.23456013868414247,0.25208325302137474,-0.991239765556758,-0.5501577526738093,-0.7528259985688518,-0.1850492459657866,1.2315329784747306,-0.4253475354589299,0.5660657690356972,0.05442496307539909,-1.4264658141167375,-1.1086788717467513,2.0228398598500785,-0.8726274695258333,-0.4301405112466897,0.07776919801113909,-0.10976148557697851,0.4275877563966659,0.5434315933313949,-0.08841274230630035,-0.29617565622181696,0.9504049313745251,1.1099319721622063,1.3497724280541432,0.5334696962929761,0
1.0843151130202777,1.1863506474345409,-1.6032360836506476,0.5985369837740325,0,1,0,1,0,0,-0.07911682151246661,-0.4681553394246401,-0.6687627022894718,0.12696056896476374,-0.923865887798175,-0.45816201163505516,-0.760976365927199,-0.2901836809677242,-0.42444768423594603,-0.9549070762914822,-0.6846240718368158,-1.0398401209146777,0.5530840469519047,-0.7220360991561353,-0.493101259734178,-0.20376651569573803,-0.5691238070769333,0.030974583833632413,-0.5796783524084306,-0.8432999717894734,0.3367061982554757,-0.09569180828423629,0.3754685063257746,0.7256844297087466,0.9202854759123357,0.8432999717894734,0.5796783524084299,-0.7874302125521474,-0.6347222057676005,-0.6551885699208807,-0.6512357844370638,-0.8185181077439823,0.1010352376589052,-0.38327221085833024,-0.1532996650890431,-0.23228628620644656,0.6396503041450882,0.27583454506891375,1.1638103092300558,1.2082143943425034,1.480751364942421,0.8235122133073248,0.12214944469431245,-0.26463402725168356,1.275769365336409,1
-1.0231064002732158,1.0317440516057692,-0.4445202009343899,0.3052077222492148,1,0,0,1,0,0,-0.3188766245909836,-0.3838418880627976,0.12441454558798068,-0.5095540498646537,0.4035682451911689,0.09859289376787443,0.15768520618243206,-0.08338950128051661,-0.1458896614413358,0.1654034352344689,0.21754458388632741,0.3380896677059092,-0.10405187424669537,0.2037023016013753,-0.7385751277724049,-1.618744536857169,0.9983942837846129,0.24865150577360076,-0.16027754582615011,0.6200753015809853,-0.015728178071104756,-0.6254336419758844,-1.4272460938905476,0.7665413113263944,-0.04005881420883722,-0.6200753015809853,0.16027754582614942,0.6887530094432773,-0.25947596364157,1.837556404963487,0.5116092600824467,0.9224464762726329,2.62143474217192,0.18764225758709038,0.2896456887631914,2.0621242970036877,-0.22078545442469194,-0.7864379342253526,-0.7976812189789466,-1.333174793489152,-1.0069464646875115,0.09387908442092041,-0.8656330827735822,-0.7099875321636356,-0.6418381130257917,1
0.9815140635913272,-0.2051087150244015,-1.168717627632051,-0.8681093238500562,1,0,0,1,0,0,1.2837283749338404,-0.6681817343796319,-0.579210432367824,-0.11896553376478392,-1.349525779856423,-0.42193940333173197,-0.5130466412419686,0.9619776983637146,0.14621212781475346,-1.1772943296816587,-1.3084168294022267,-1.4370535278986356,0.4071680919313738,-1.155652745439692,1.3700541179788546,-0.45880396130635165,-1.2302780553402166,-1.5663908229798182,-1.7234987339964678,-0.2506245554141756,-0.44131076301544625,0.05214555867361858,-0.6609306110855756,0.3705260268034238,0.17173019379538002,0.2506245554141756,1.7234987339964665,-1.2052179168904753,0.7161642658861095,-1.110069039790291,-1.1422148032341901,-1.4841810369268051,-0.9701345517591269,-0.8726274695258333,-0.1532996650890431,-1.1624527388592034,-0.3318094232724056,0.19995793940503753,0.4613226456389258,0.028283699992091807,0.17767154942198057,0.8552353928241243,0.28677986593896093,0.18071947766026855,0.47161139053935697,0
-0.2006980048416086,-0.8235350983394863,-0.15484123025532542,-0.4281154315628296,1,0,0,1,0,0,-0.06649788450833415,-0.4768774206000031,1.2246281474825116,-0.6594243101163075,0.6357050646379808,0.14286497058304715,0.28058327335575317,0.4277810139497175,1.033679734423168,0.39671059857862145,0.4835613025687795,1.3526802984396016,0.08376177290667614,0.25199512717274314,0.4766756143774772,0.3790863074835718,-0.1601082332499937,-0.35169772816434963,0.07500831336893375,1.7705022619546806,-0.13836730985236786,-0.10961970038184228,-1.0321296453556923,-0.6946910084202433,-0.972017755364864,-1.7705022619546813,-0.07500831336893446,-0.007559831120602114,0.11577027848446049,-0.8371407578686448,-0.5349512799851129,-0.5624939042121272,-1.0961545269847772,0.35076067714292497,0.34501385799472056,-0.728375060954584,-0.4150773999081907,-0.482931511569848,-1.1991027410310207,-1.4628375071540325,-1.5823323572549794,-0.4771381468814831,-0.8656330827735822,-0.09762646290970158,-1.3222794763156045,1
-0.38059984134227254,0.7482986259196881,-0.4445202009343899,-0.13478617003801185,1,0,0,1,0,0,1.1575390048925156,-0.661785541517699,0.48262362527457214,-0.5749414607080393,-0.280294853843822,-0.064632439944631,-0.8612131052991739,-1.4514377048861722,0.034098436244610134,-0.5844725722926413,0.24847358860308894,-0.22628818979625326,0.1396224729394415,-0.9625064425085844,-1.4452747169991007,0.6005373136004294,-1.0631361996264461,-0.650113510355377,0.10398440440281079,-0.41176056791003296,0.23581269068284888,0.5442993161611557,0.5568683799199351,-0.264602918750219,-0.9577371429522756,0.41176056791003296,-0.1039844044028115,-0.9143138857215654,-1.3518594684973477,-0.04969212225026605,0.26611975068388355,-0.1850952634503548,-0.3855418889068024,1.4110304042558486,1.4892893554463265,0.07087907613963722,0.4731143508735179,0.8828473903799233,0.9539763317937442,1.130416766143575,0.9392117013495113,-0.7309235830158842,1.6861384465184783,1.5724491805101195,0.47161139053935697,0
-1.5885121721324456,1.3151894772918502,0.27967722576327125,-1.161438585374874,1,0,0,1,0,0,-0.7983962307480176,1.5931631783528188,0.7512804350395157,-0.6108177392238793,2.4491225554509555,1.6973067787602223,0.36847398715839486,0.18472208646973257,0.5647882552614973,0.8028917074171805,1.3494780693904247,-1.309347382010771,-1.9614194968568768,0.1365448456676178,-0.1793776536282121,0.2920171763442101,0.6779148953762799,1.2029957526310013,-1.5678769133722459,-0.23079243079930178,-0.37593804786288576,-0.4332334564385848,-0.4786353652642148,-0.41244609269058163,-0.57989637387818,0.2307924307993025,1.5678769133722459,0.438080386840281,0.19081952690966666,1.1916261377489248,1.183475285804831,1.4515631635718003,1.2667200084961745,-1.5251011477491712,-1.149926711256571,1.814079909629618,-0.6371253376036178,-0.7864379342253526,-1.3815670692365094,-1.3720736075886157,-1.4131012123821949,-0.857816301083085,0.12214944469431245,0.013711913318286572,-1.5078543935764617,1
0.5189093411610479,-0.17934094905293926,1.0038746524609323,0.3052077222492148,1,0,0,1,0,0,-0.6722068607066928,0.2586847585222777,-0.3617263482723934,-0.36778488476173804,0.7118913981583822,0.48317861155624336,0.49850814814202443,0.6363710505659084,-0.04292265442431914,0.1391337903464828,-0.05230413180951157,0.021822506264079743,0.23726742907396906,2.040039645237635,0.13953510412427564,-0.9919082797527017,1.4260093180466828,0.7992894397991401,-0.7989105922128049,0.8221130942085976,1.345195861442203,-0.7336560339344657,-0.9380954553661558,1.2260456548972194,0.8483485018953091,-0.8221130942085976,0.7989105922128042,1.8864110952131505,0.11577027848446049,-0.027453521501095285,-0.5349512799851129,0.017827623793410803,0.6681251261743327,-0.7910682597479163,-0.5408768497097485,0.5738579727592754,1.333550109443298,-0.6346847228976005,0.22411901897178985,-0.30883935553659736,0.17767154942198057,1.0138512904081252,-1.0302635040182315,-0.8213259083916238,0.7190446135538346,1
-0.7404035143436003,-1.5450325455404195,0.5693561964423357,0.5985369837740325,1,0,0,1,0,0,0.08492935954125552,-0.509439856988025,0.4570372624398156,-0.5743628110545581,0.2153248024818682,0.052084853477187956,0.1289647573641534,0.2882234034732996,-0.5411222512769035,0.22588051063125805,0.46682005729951925,-1.2697595934841326,-1.5809528151432422,-0.2365442162645011,0.3068772138779731,-0.9704475570083001,-0.32806981699941756,-0.4603533151602603,-0.16027754582615011,-1.5728393237089817,-0.4156808282411389,-0.08817281040621788,-0.23547395998947063,-0.6304584119381125,-1.0563343492036867,1.5728393237089817,0.16027754582614942,-0.14682239923337803,0.41596727218528484,0.3728412919839863,-0.21193876761858224,-0.32353798091572933,0.9516700704320475,0.6769975162545934,0.8433273810784847,0.44983577907224165,-0.22078545442469194,0.19995793940503753,0.8992370333320981,0.6247321828505417,0.31305646532020776,0.2207718024881207,3.33244265896497,2.40748700222003,-0.332546584257695,1
0.2876069799459088,-0.2051087150244015,-0.4445202009343899,-0.13478617003801185,1,0,0,1,0,0,-0.5460174906653681,-0.12508681319369488,-0.08027635709007157,-0.47194182238836996,0.6307701659147746,0.2685261179069212,-0.2898545820173296,-0.7847421355864098,0.20740103037523355,-0.6796900437785355,-0.2821949484120478,0.03133499142694256,0.07318451737241895,-0.20091214315804692,-0.7213694902565166,1.0143541958355022,-1.0281314222374118,-0.50311676302999,0.42176776227307794,-0.3755669404878874,0.20230080597001027,0.35443108909363746,0.7358039863703658,-0.10126011964106416,-0.12432834166106826,0.3755669404878874,-0.4217677622730786,-0.23037994010104354,-0.7097714541928067,-0.1548200530645294,0.3824042551358344,-0.06751377738387422,-0.6865896075014126,0.6769975162545934,0.5111183656893089,-0.5423417704240322,-0.08200549336504998,-0.02767187758659086,-0.9527758979536108,-0.47740088330094144,-0.48232991558187904,-1.3019408143182878,0.4514102871836102,0.29205785388825667,-0.76555472453303,1
0.4161082917320974,-1.596568077483343,0.5693561964423357,0.3052077222492148,1,0,0,1,0,0,-0.6343500496942954,0.03481800835462702,-0.822280879298011,1.5880509440050175,-1.1132404247016958,-1.2005018855056278,-1.0452176270587858,-0.08322840710453161,-0.34748628332656495,-1.1241167440930204,-1.1119645617705776,0.7083449554766628,1.4083159730051096,-1.1692934331948726,-0.3098834746936934,-0.3849735410022863,-0.5528327917375088,-0.068465799634326,-0.591162492785821,1.5524057982918193,0.285056332759339,-0.1962008615516252,0.08816410816627786,0.9704296663537858,1.3787648622827635,-1.5524057982918187,0.5911624927858203,-0.9545452942874786,0.11577027848446049,1.4190663726836301,0.9638267773955896,0.6664222727407777,1.8023049032051899,0.35076067714292497,0.7325910426154264,1.752068812786101,0.4731143508735179,0.04820472807728505,0.7715120035882557,0.7025298110494701,1.0915197317350172,1.1407440084753266,-1.853415610241477,-1.6006945419875402,1.4613442825972665,0
0.5189093411610479,-0.7462318004251005,1.0038746524609323,0.5985369837740325,1,0,0,1,0,0,-0.6722068607066928,0.2586847585222777,0.07324181991846762,-0.5043462029833221,1.1245638966763813,0.5887160876004934,1.446302205493277,0.01876308696239163,-0.035425580576708283,1.397665381364382,1.089097593333187,-0.2827914487279788,-0.9686522925162636,1.79375256775748,0.03235455073936727,-0.9020812764376744,1.5954243506155192,1.149556608642651,-0.33645217931212407,-0.05200463268990121,-0.21882199307627667,0.006659152972893893,-0.8580767310208733,-0.30616028461447015,-0.29356192563793604,0.05200463268990121,0.33645217931212335,1.6914434998552643,0.04072103005925432,0.04532735367801011,-0.43158727602782254,0.18851042614798086,0.8571550890128092,-0.709509049969999,-0.6516131881728072,0.5738579727592754,-0.08200549336504998,0.19995793940503753,0.5981708917930423,0.028283699992091807,-0.093098282374475,1.1724671879921262,0.6983559190505837,0.7374113588002092,0.5953280020465953,0
0.15910566815972013,0.28447883843337485,-0.4445202009343899,-0.4281154315628296,1,0,0,1,0,0,-0.7605394197356201,0.5552355184846202,-0.5664172509504457,-0.12185878203219036,0.8732499130600327,0.5211899906399775,-0.18883139759490794,0.6512425470035045,-0.1727240741135212,0.8044395274449542,0.8986185458968928,-0.9280899868252547,-1.28504239206261,-0.5178812948484843,-0.08239613922077302,0.9001092367621161,0.22019684209491389,0.7872240036073411,-1.089198340570375,-0.18555039652161812,-0.25488623278183603,-0.9763934771626666,1.1406425723459734,-0.868402484153498,-0.39967710157336467,0.18555039652161812,1.089198340570374,-0.5089050763265954,-0.10937746679115769,-0.09113678728281299,0.3824042551358344,0.4616029099152932,-0.30852968182446,-1.1173050988595852,-0.8177176958673952,0.6358690696027934,-0.19302946221276363,-0.8623145398892288,0.2514886682026129,0.8192262533478623,0.38074892326932136,-0.5723076854318833,0.6160407084282594,0.5704037944582268,-0.1469716669968365,0
-0.7404035143436003,-1.596568077483343,0.5693561964423357,0.3052077222492148,1,0,0,1,0,0,0.08492935954125552,-0.509439856988025,-0.822280879298011,1.5880509440050175,-2.112420046924809,-1.6190742481218061,-0.5459115555541907,0.26742396427050014,-0.5858145584026323,-1.2277496693927579,-1.6502200558230644,-0.13246862634898954,1.8063251678597754,-0.614131243150454,-0.23393656983744499,-0.6929111692734632,-0.7746595541593282,-0.7335847121085255,0.03622492998512883,-0.21659885141806862,0.1454706048905912,-0.6014003037087827,0.10451922521886489,0.890471442185541,1.4291642029941662,0.21659885141806862,-0.036224929985129536,-0.6481676444393714,-0.3345252120667762,-0.38226028799923456,-0.6641562849317252,-0.9038595089212672,0.16404522527173035,0.4323198869208419,0.4557501964577793,-0.5423417704240322,0.5286263352973745,-0.17942508891434333,1.5196157492307591,1.3508433793738719,1.7007518532770418,1.8386539578449304,-0.8656330827735822,-1.0440026608476,1.9562107286262216,0
0.2876069799459088,-1.0296772261111817,-0.4445202009343899,-0.4281154315628296,1,0,0,1,0,0,-0.5460174906653681,-0.12508681319369488,-0.3361399854376369,-0.37935787783136377,0.3692354680262221,0.19697528669048045,-0.3563768530267146,-0.2526285079557492,1.776655062307022,-1.2586375681956032,-0.6989279355657538,0.393596997974451,1.041422497533923,-0.3846512825481179,-1.1102018067240038,1.0631918158001403,-0.8640050241184689,-0.5370320144807088,0.3758588387947461,0.1640471410786609,0.11121165999386685,-0.7654352429619302,-1.3603417474193038,0.8436055621423673,0.3843333095653325,-0.1640471410786609,-0.37585883879474674,-0.3417899945912644,-1.009968447893631,0.1272058382545045,0.6666552660183818,0.2567835470898098,-0.7180946013078251,0.758556726032511,0.6218547041523672,-0.23228628620644656,0.6118943119331598,-0.2553016945782196,1.9848997861547546,0.7932937106148858,1.1253659607095745,2.726902984315336,0.28677986593896093,0.4033962301162448,2.451077174655176,0
-1.0231064002732158,-1.596568077483343,-0.4445202009343899,0.3052077222492148,1,0,0,1,0,0,-0.3188766245909836,-0.3838418880627976,-0.822280879298011,1.5880509440050175,-1.7326682659056873,-1.522480625979611,0.04951348702945377,-0.12487402435530275,-1.0423086387842773,-0.16152373240466564,-0.7489032665712558,-0.641248150322957,0.5855312434843174,0.164276653151995,-0.729138642335738,-1.2977063879464863,0.6050101262698091,0.21611832917317397,-0.38662849897585155,-0.4911325578708816,0.09529358721034262,-0.5590415681915302,0.12080105720494219,0.8181258265433822,1.1846084092207076,0.4911325578708816,0.3866284989758509,0.7166055230658329,-0.18442671521636386,2.1104846868851332,0.9250652759116064,1.1614023995690306,2.7474547173975705,0.2692014673650073,0.5111183656893089,2.4962019749083075,0.5008703430854462,-0.1035484832504671,1.6290943461540526,1.454573550305776,1.7684443112261554,1.6800380602609295,-0.4540570296619595,-0.7099875321636356,1.8324941171189824,0
2.317927706167689,0.3102466044048362,-0.4445202009343899,-0.13478617003801185,1,0,0,1,0,0,-0.11697363252486404,-0.45943325824927705,-0.7711081536284979,0.48283010585575625,-1.391800070814297,-0.726477628696708,-0.8396555697817949,-0.1694665668367537,0.45040118098943793,-1.2910411237568644,-1.2357056037648728,0.8894569894636263,1.9231100889905806,-0.9015250614039968,0.0667041425950511,-0.36452277923554055,-1.6090234375950487,-2.0566956413708635,-0.3637358614891559,1.573862047610503,0.2667682902553412,0.29942092708170576,-0.9820237416303448,0.14863316954909667,-0.40148518570497826,-1.5738620476105036,0.3637358614891552,-0.7038726716844818,0.41596727218528484,1.0733572155828786,0.6924962670077037,-0.05044549714841698,0.19555021907814235,1.9003856629233515,2.393636119561306,0.3258135853852078,0.5286263352973745,0.6552175733882943,1.0360852794862145,0.30057539868834077,0.34690269429476517,1.1724671879921262,-0.6186874509066087,0.1250502895462747,1.1520527538291696,0
-0.894605088487027,0.7482986259196881,-0.15484123025532542,1.478524768348486,1,0,0,1,0,0,0.03445361152472564,-0.49955483165594694,1.6979758599255073,-0.6877781431368907,0.6892457247665974,0.1473368975340747,0.8372883092084684,0.17095016649093364,-0.18517709762972054,0.14690110763107228,0.1253164029386585,-0.02039582676211257,0.09575254089055764,1.5387894279298728,-0.5140523934047585,0.018295893438482435,0.6740911551230405,0.45402912973557125,0.5834470145228646,-0.6064731204975302,0.37327048957304504,-0.7496008714527409,0.2715289043857593,0.4699633312553173,0.2803536142751821,0.6064731204975302,-0.5834470145228654,1.5521809317424884,-0.40957446049198204,0.2727675886127153,0.24027874969456073,0.512807750621665,0.1010352376589052,0.758556726032511,0.5111183656893089,0.6978801664463103,0.6118943119331598,-0.482931511569848,0.9357298989731951,0.9488889670127426,1.1084428462222957,0.28421816152172197,0.7806711296729086,0.514734606344233,0.9664778365683122,1
0.4161082917320974,-0.05050211919562982,-0.4445202009343899,-1.161438585374874,1,0,0,1,0,0,0.22373766658671274,-0.5263025472603935,0.13720772700535894,-0.5107113491716163,-0.06008356162203611,-0.010074931142094942,-0.5290808876582253,-0.9614091605836708,1.4354478986330435,-1.0346490342447852,-0.41022162437695775,-0.3060742692949378,0.26962699300075077,0.34683071876109783,-1.1582929645550923,0.897978107114988,-0.0553540800734775,0.3396485769616424,0.6417267449849983,-1.0539055705610194,1.0822490211499736,0.15921178021169555,-1.0599239682485808,1.3428559370198776,0.8649089308615358,1.0539055705610194,-0.6417267449849989,0.911573118423719,-0.7097714541928067,2.02860620230864,2.307558828840357,2.1684309334609937,0.8571550890128092,1.166352774922097,0.8986955503100138,1.876091006473136,0.8061862574166584,-0.02767187758659086,-0.49661507743988936,-0.9312203811280227,-0.4146374576327655,0.47455723862252236,0.03983423407198747,-0.4316415915936655,-0.1469716669968365,1
1.5469198354505571,-1.9315490351123477,-0.8790386569529866,1.7718540298733036,1,0,0,1,0,0,-0.14221150653312897,-0.45071117707391406,-0.16982862701171944,-0.4435879893677868,-0.0233787952123332,-0.003814233410656377,0.3431560291126214,-0.321667206962704,-0.1215172821596611,1.2840008271009866,0.970897607075107,0.5292583157769649,-0.0816357415546988,0.6750083250420418,-0.13230381947736866,0.0941137847245609,1.1638184488405157,1.063892331989751,0.33643704580791395,0.38817105265189955,0.19729355317647243,0.3089592744638192,0.26069347291469286,-0.5805798288440527,-0.22353064749706372,-0.38817105265189955,-0.33643704580791395,0.9672781456688292,0.19081952690966666,1.0278691685959374,0.9250652759116064,1.4174266031008858,0.7941451013999841,0.2692014673650073,0.12354118106860354,1.2559800380379649,0.27882240539001907,0.4275877563966659,0.38833691435672935,0.4691369264526849,0.19459466390925928,0.2524949820049213,-0.20711139779498602,-0.04195727479570725,0.5953280020465953,1
-0.3291993166277972,-0.7719995663965628,1.4383931084795292,1.478524768348486,1,0,0,1,0,0,0.2363566035908452,-0.5315357959656113,-0.1442422641769629,-0.4516890845165249,-0.2859987483194922,-0.059713320298500704,0.5803245063677626,0.011547861202867354,-0.7769787549872483,-0.2084753211072781,-0.5240691629363197,-0.322944068120776,0.23843759765801148,1.277141263320226,-1.1233633680726742,-0.011559620927576971,0.10518712663712058,0.24531257449092284,0.5516412599819246,-0.9875682768987283,0.46914914944389347,-1.1412105635014296,1.050539682783318,0.3859384633005275,0.9208155613821255,0.9875682768987283,-0.5516412599819253,0.605195468575612,-1.3101654415944555,-1.4193877593014905,-1.2068173057074962,-1.1086788717467513,-0.8756195703398886,-0.22015379130249568,-0.4855086804782194,-1.4104971262332722,0.6396503041450882,-0.9381911455531051,0.6985262723060605,1.1822818516095268,1.294597105582359,0.09387908442092041,0.8629863402952329,0.4033962301162448,0.9664778365683122,0
0.8273124894479005,1.7274737328352407,-1.6032360836506476,-0.4281154315628296,1,0,0,1,0,0,3.0251416815041217,-0.7490063532713291,0.15000090842273722,-0.5124472981320601,-0.9026975957595231,-0.1800081552811417,0.21422467432743436,1.2205995292160976,-1.2676177146217082,-1.0103967039607726,-1.3372858016700675,1.269463440849395,2.924514392505162,-0.9987412337308834,0.5021025862922034,-0.45898787356937665,-2.821736866018972,-2.6225415584234506,0.6060821098378356,1.1302918680335317,-1.2958150973939762,-1.17231581130158,1.2716373330172501,-1.4330052124464905,-0.8218643584705515,-1.130291868033531,-0.6060821098378364,-0.968471551098756,0.3784426479726819,-0.21395451414755326,-0.4122065252858309,-1.4415103363381627,-0.24551969421163483,3.246112624258986,3.058054150339658,-0.9454138999068937,-1.2477571662660425,-1.1658209625447336,-0.378013264106322,0.30057539868834077,-0.3130987707090945,-1.016432198667086,-0.4540570296619595,0.06938110143228039,-0.1469716669968365,1
0.2619067175886707,0.0783367106616796,0.5693561964423357,-1.6014324776621007,1,0,0,1,0,0,2.3311001462768357,-0.7298177746855304,-0.2593808969333673,-0.411762258426316,-1.1141152117506405,-0.2430623252906301,1.5837048667919127,-0.7590594202435615,-0.7293038036686854,1.8938243284180767,1.6511362766884772,1.4270898769930653,-1.1769930769585355,1.2027050733253337,-0.8116606242919053,-0.9917716770854612,1.2828084797162658,0.6393155637520076,0.8432886699243073,1.1100169487029459,-1.0004514307000663,0.22872908031772352,3.4784206217125735e-4,-1.2864235588347774,-1.5223908103612154,-1.1100169487029459,-0.843288669924308,0.8001630639334981,-0.9349191994684248,-0.7916527108817039,-1.1292943027395286,-0.6478353053894121,0.006520256239666901,-0.38327221085833024,-0.762349526635866,-0.9764194483286528,-0.9701972441467586,0.12408133374116129,-0.24116501795220557,-0.2051091846046925,-0.685407289429221,-0.6992004034990842,0.28677986593896093,1.0157572993701793,-0.332546584257695,0
0.544609603518286,0.3617821363477598,3.176466932553916,-0.4281154315628296,1,0,0,1,0,0,-0.5207796166571032,-0.19544493467495652,0.08603500133584588,-0.506082151943766,0.7030553304897178,0.2408001708105504,2.8499072978170297,-0.8956495403383844,1.3918662701119833,1.7828201200051852,2.557407334275632,1.2147149798552253,-2.7952711303791866,3.440831962284958,-1.2272755389738879,1.6109508766267362,1.7193071180098132,1.9501882511419868,1.7556215933338128,-0.08447776675232606,-0.5248267174214867,-1.505910254780044e-4,-0.2838775475395572,-0.7036394568710145,-1.4207755321536055,0.08447776675232606,-1.7556215933338135,4.615957430223559,-0.7848207026180125,2.064996639898192,2.811458348132146,3.670439594181211,0.1325402314653172,-0.5463906304141645,-1.2052948804881005,2.4341908780647894,-0.5538573609678327,-0.1035484832504671,-0.3050275328241268,-0.39960325510201306,-0.6346379459673855,-0.826093121566285,1.2745623934068555,1.3497724280541432,-0.7036964187794109,1
-0.3291993166277972,-0.4885541407104817,1.7280720791585935,-0.4281154315628296,1,0,0,1,0,0,1.3089662489421054,-0.6687632064579894,-0.0035172685858019803,-0.48930131199280863,-0.6242256673041201,-0.13618327116107173,2.0789626944981103,0.4805277650048799,1.0678813691684514,2.069869153991164,2.409198561569158,1.5689840508536785,-2.188885084204039,2.115022975951907,0.38494924167667155,0.5493628337878532,1.1934024188589654,1.3562825920272341,1.4850143702886198,0.6670879417885637,-0.7775421972472684,-0.2739057381107052,-0.9077729382838337,-1.612902280221137,-1.8079301507361338,-0.6670879417885637,-1.4850143702886205,2.4713138812868096,0.7161642658861095,0.9732835122116075,1.1447137843208466,1.6563825263972836,0.5421051509486824,0.02452383803125581,-0.5962450189412776,0.8839134569768611,-0.6926373220274746,-0.17942508891434333,0.269735101023162,-0.2569742700706454,-0.8546384343020056,0.3476645205553221,1.2745623934068555,1.9064643091940836,-0.08511336124321738,1
-0.9203053508442651,2.0366869244927823,0.27967722576327125,0.5985369837740325,0,1,0,0,1,0,2.2932433352644384,-0.7274918863721004,3.028466727332847,-0.742749860217613,0.12272456514830793,0.014520667088556562,-0.153580474490117,-0.2507050352261071,-0.1947809233017219,0.5386027418057648,0.9554546926279774,1.3064660683467983,-0.33433102153511435,0.3334479959062959,-1.405155771307018,-0.2044684591472015,1.1554363240019556,1.0085335592263962,1.2994551316290601,0.4930801176436278,0.5467346969534593,-1.0635536764145448,0.06080096477310229,0.418093323809848,-0.2575011692767412,-0.4930801176436278,-1.2994551316290608,-0.06326485836571254,-1.4977885626574707,-1.260179594847197,-1.1551353037288514,-0.71610842633123994,-0.6393321167917935,-0.42405181574728873,-0.9561381189462185,-1.2554693841244795,0.22331042096616224,-1.1658209625447336,-0.8706669502611417,-0.7107937678977266,-0.5161761445564365,-1.175048096251087,-0.5363722402842841,-0.3759724034796717,-0.8274130302866491,1
0.2105061928741954,1.547099371035007,0.5693561964423357,-0.8681093238500562,0,1,0,1,0,0,-0.016022136491804253,-0.48966980632386886,-0.15703544559434116,-0.445902587981712,-0.12126786436098712,-0.031987373202129916,0.22726759244442013,1.0488010475760756,-0.2267672968335598,-0.43880980598621544,-0.41387937663394825,0.10402014645340225,0.5823077268626174,0.9810769276486507,1.2681221955297317,0.06830417030761471,0.4852039203510513,0.7150407843049087,-0.030386078764458365,0.17200761631813533,0.6642593868291286,-0.16913537515213836,0.3786375954509704,1.0739236399878107,1.2361616142436982,-0.17200761631813533,0.030386078764457654,0.32667033235006016,0.41596727218528484,-1.5649495096597015,-1.2972608091701252,-1.0745423112758372,-0.9071245641463012,-0.5463906304141645,-0.5962450189412776,-1.2244638357027204,0.7506742729928018,-0.02767187758659086,0.4339529964081015,0.5728670973845897,1.0069041592986248,0.3476645205553221,-0.4540570296619595,-0.4316415915936655,0.8427612250610729,0
-0.3034990542705592,-0.7719995663965628,-1.8929150543297122,-0.13478617003801185,1,0,0,1,0,0,2.4572895163181605,-0.7344695513123908,-0.6047967952025805,-0.05242082361443573,-1.7022745271623825,-0.5243465305102628,0.7949535091285227,0.6380995670036703,-1.0743496041233234,2.9517168013079806,2.532574817386278,4.365619882070123,-2.028435957377526,0.3710059600471936,0.5928019498655188,-0.6466362252276803,3.469301928246516,3.3809864153333313,4.948786825267084,1.046038314370867,-0.7346974219079778,-0.2819557012304038,0.818864854767381,-0.5474785647892315,0.008403881065887476,-1.046038314370867,-4.948786825267085,-0.20252742647848845,-0.18442671521636386,-1.82878018218396,-1.8011603284619129,-0.71610842633123994,-0.24551969421163483,-2.666930084640012,-3.309285311286215,-1.720552610450858,-0.5261013687559044,0.04820472807728505,1.0725781451273115,1.3897421934733356,1.0407503882731821,0.41111087958892223,-0.37174181903963527,0.1250502895462747,1.3994859768436472,0
0.7759119647334253,0.0783367106616796,0.27967722576327125,-1.6014324776621007,1,0,0,1,0,0,-0.6848257977108253,0.2761289208730037,-0.2593808969333673,-0.411762258426316,0.887406956700477,0.5305810372371353,0.7102534667731134,-0.3064326648480592,0.0831726651040075,0.7952320849474083,1.0595788113467866,1.1572350576746728,-0.4241088087089741,-0.0034131824697918836,-0.07142714573323157,0.14237836293261308,0.14616254711547597,0.1498982362122611,0.7338087191151667,0.850548042800631,-0.9910351467419255,0.3490343026730985,0.029376704332347663,-0.9293749629439993,-1.2311578963085241,-0.8505480428006302,-0.7338087191151673,0.5494904413305014,0.641115017460903,2.2469488278459564,1.9974668169684888,1.9806798508709664,1.4557499713346498,1.9819448727012692,1.6738499195514247,2.1241353938472036,-0.9979532363586869,0.12408133374116129,-0.5331079430809875,-0.4385020692014777,-0.7530997473783346,-0.8895394805998851,0.12214944469431245,0.6260729825722207,-0.7036964187794109,1
0.8530127518051386,-0.9266061622253344,-1.8929150543297122,0.3052077222492148,1,0,0,0,1,0,-0.33149556159511606,-0.38093452767100994,2.312048567959664,-0.7213398230388054,1.1897591452346847,0.2645013836509964,-0.5582936328954421,1.1894409376152337,-0.6312369857191954,-0.43302435811379164,-0.74729664554689,-2.0628312355376197,-0.09511804225871673,-0.02536984309197602,0.18170366938970806,-0.9206832647494597,0.8147901415643345,0.65589864866563,-1.19191554383536,-1.6313284484388841,0.7509716386212456,-1.4505182679027,-0.0622757846752987,1.3929199282895977,1.6118796088938847,1.6313284484388841,1.1919155438353592,-0.11896988561082296,0.04072103005925432,-0.3549674598070702,-0.7545997883943533,-0.42594766232847037,0.6051151385615076,-1.2804235184154193,-0.983822203561983,0.015758101167622184,0.25106641317809053,-1.5452039908641146,-1.281211688723491,-1.112748180258855,-0.5838686025055501,-0.4136917878478824,-0.7010026615289333,-1.32234860141757,-1.198562864808365,1
-0.07219669305541997,0.3102466044048362,-0.15484123025532542,-0.13478617003801185,0,1,0,1,0,0,-0.5081606796529707,-0.2152149853391127,-0.7711081536284979,0.48283010585575625,-0.8750823025442762,-0.538656696753551,-0.744283067797534,-0.9563119682223126,2.24397150892747,-0.5592585935876762,0.24613704989679255,1.0597097366292747,0.23091184159300515,-0.6893922611645136,-1.0253225956644632,2.0136728474841514,-0.4924034487478921,0.21148973553968167,0.4025854781078499,1.046038314370867,0.3461110991368616,0.28542252026438536,-1.044037212341914,0.26726344871524654,-0.11351165604779674,-1.046038314370867,-0.40258547810785056,-0.7595776989295921,-1.0850176963188372,-0.6551885699208807,0.3953247556304958,0.17144214591252482,-1.5687294340809674,-0.38327221085833024,-0.5962450189412776,-0.728375060954584,0.8061862574166584,0.8828473903799233,1.7020800774362477,0.7803274392483975,0.854596128913119,1.9972698554289314,-0.37174181903963527,0.1250502895462747,1.646919199858125,0
0.7759119647334253,-0.7719995663965628,0.27967722576327125,-0.13478617003801185,1,0,0,1,0,0,-0.6848257977108253,0.2761289208730037,-0.6047967952025805,-0.05242082361443573,0.3249648631982956,0.25287437357832476,0.5228846418832174,0.31130197214728694,-0.43766922740025826,0.6670311980895587,0.19762618480868516,1.2189165298132199,0.5823623154007747,0.03847794292591654,-0.01778249174672477,0.12798833367362156,0.41732148967304566,0.5130846486577488,0.8847583482611019,0.7849642097577141,-0.6886371157622904,-0.44508583621487613,0.7269244280562086,-0.4873072698618674,0.24400357640622578,-0.7849642097577141,-0.8847583482611027,0.5494904413305014,0.641115017460903,2.0468014211034156,1.8165798100432309,1.9465432904000532,1.518759958947476,1.4110304042558486,1.009431888773073,2.1241353938472036,-0.5538573609678327,-0.2553016945782196,0.5981708917930423,0.9099901529132779,0.6345956405784983,0.37938770007212164,-0.7010026615289333,-0.4316415915936655,0.904619530814692,1
0.544609603518286,0.8513696898055362,3.176466932553916,-1.8947617391869185,1,0,0,1,0,0,-0.5207796166571032,-0.19544493467495652,-0.34893316685501513,-0.3764646295639574,0.2980926766839729,0.14062900710753337,2.667333126366608,-1.0479301646241406,1.9434181271446185,0.5043814776641063,0.9593928742190826,2.0398174343935134,-0.47433371026996274,3.7013134917890973,-1.4116890912111695,1.7165811704386742,1.613071966280999,2.1453037298564435,2.0217186959949194,0.7769517052683067,-0.01068281255127077,0.024117896516382478,-0.9317191548654589,0.9181077130165842,0.8472138190381764,-0.7769517052683067,-2.02171869599492,4.894482566449111,-1.009968447893631,2.0195085929112513,2.8372993491214684,3.6363030337102966,0.3215701943037938,-0.46483142063624716,-1.2052948804881005,2.4341908780647894,0.0012624832707351544,0.04820472807728505,0.0872707728176734,-0.41256952646850126,-0.0423289389126401,1.109020828958526,-1.1948939252628807,-1.0440026608476,0.47161139053935697,1
0.31330724230314594,1.547099371035007,-0.15484123025532542,-0.8681093238500562,1,0,0,1,0,0,-0.7479204827314877,0.48255150868992835,-0.15703544559434116,-0.445902587981712,1.3456877201930844,0.7157188130096758,-0.19679955389691997,0.6442223723563307,-0.94047152270698,-0.36982675160039785,-1.0425268218487476,-0.5635556668651758,0.2865965679370058,0.3091918107319658,-0.05143147054203021,-0.9117349817864338,0.29465039603629195,0.024205265644656204,-0.7279513648365089,-0.04664941409013511,0.5825953845133847,-0.9357383418124594,0.3694503482140365,0.791782371093587,1.3789676578897014,0.04664941409013511,0.7279513648365081,0.7723105503109431,0.491016520610491,1.701092264002664,0.8604627734383002,0.9565830367435462,1.9913348660436665,-0.22015379130249568,0.12354118106860354,1.752068812786101,0.6674062963570164,-0.7864379342253526,0.42482977999782756,0.5599008260181015,0.8715192434003977,0.728342674756924,-0.6186874509066087,-0.7099875321636356,0.7190446135538346,0
0.7759119647334253,0.5421564981479937,0.27967722576327125,3.2385003374973924,1,0,0,1,0,0,-0.6848257977108253,0.2761289208730037,-0.5408308881156891,-0.19187539010342627,0.47185516586120685,0.36064781309808863,-2.8231912457259223,0.9729694097284823,-1.318990459082828,-0.9339419239182501,-1.3424243074911355,-0.6487039594460372,1.4845409344299785,0.152999218538329,-0.19529198637140963,0.18619667895510733,0.30053707612524977,0.5268655652429082,0.8915886482224574,-1.7690215962405262,4.078591167705473,-1.5310702743350384,1.9902138496187878,1.5597027064275124,2.2595990246624447,1.7690215962405262,-0.8915886482224581,0.605195468575612,0.340918023760079,1.746580310989605,1.5969313016339897,1.673450806632741,1.3612349899154128,1.247911984700014,0.8433273810784847,1.814079909629618,5.247145011325201,-1.1658209625447336,1.9392837041033824,2.932728486085413,3.6638331338013432,0.1890486229713212,-0.7833178721512579,-1.4336869776455579,2.3273605631479377,0
1.5469198354505571,0.5421564981479937,-0.8790386569529866,3.2385003374973924,1,0,0,1,0,0,-0.14221150653312897,-0.45071117707391406,-0.5408308881156891,-0.19187539010342627,-0.530323446321007,-0.19834305578035463,-2.471963435884415,0.5514597943090843,-1.3953199389934359,-0.4514563836840899,-0.6370013876945897,-0.9102283843910943,0.9645238261739336,0.5174197694274012,-0.9334825603483168,0.08094174821871787,0.8927501023117432,1.4074774146882776,0.8222348332302418,-2.056925450734873,3.9543250688999683,-1.692038210892474,1.9887877510660545,1.4951241682663403,2.2022607539532513,2.056925450734873,-0.8222348332302425,0.7166055230658329,-0.7097714541928067,0.764038496071679,0.6924962670077037,1.0589927181562884,1.2037100208833493,0.10608304780917345,-0.26403600355210183,0.9459245538203791,4.858561120358203,-1.3934507795363622,1.6108479133335034,2.608571701923212,3.2915246150812165,-0.0012904541294803558,-0.7010026615289333,-1.4336869776455579,1.9562107286262216,0
-0.04649643069818187,-1.0554449920826439,-1.168717627632051,0.3052077222492148,1,0,0,1,0,0,-0.785777293743885,1.0756530286146133,-0.1826218084290977,-0.44185204040734294,1.6896865873104394,1.1687250131487663,-0.8540802857875024,0.6580204276278704,0.7182905029561405,-0.7472772862073899,-0.6603065896465208,0.295171226384986,0.721680221768139,-0.7643176416976638,0.5417735601302669,2.0337484301960678,-0.604246709539757,-0.08386743648983502,-0.1227108960387,0.5242815205937548,0.4239222461026539,-0.3604168282531259,1.0617938579808044,0.41036270961035315,0.7765506774324824,-0.5242815205937548,0.1227108960386993,-0.8431352397972577,0.19081952690966666,-0.7825551014843162,0.279040251178545,0.017827623793410803,-1.8207693845322692,-0.13859458152457876,-0.09793149585751397,-0.29429738304996345,0.4731143508735179,-0.2553016945782196,0.29710475025398503,0.8192262533478623,0.9561348158367899,-0.3502454288142823,-0.7833178721512579,-0.6543183440496418,0.6571863078002155,1
1.1871161624492292,2.1397579883786295,0.27967722576327125,-1.161438585374874,1,0,0,1,0,0,0.5896868397065544,-0.5978236128983703,-0.38731271110714993,-0.333644555206342,-0.7462466125156024,-0.20192059734117668,-0.3500578056946185,0.05316146939899868,0.875374730521356,-0.5084060163045157,-0.5099670707789463,-0.6176307817667902,-0.1191453465334602,-0.4851550419960308,-1.596206882957856,0.7092259882990793,-0.6757238258366887,-0.7391090562235294,-0.8569681418843186,0.007555847346540335,0.00200269861524047,-1.672010799863176,-0.48396286110275016,0.016787549678849163,-0.058613969355295746,-0.007555847346540335,0.8569681418843179,-0.4253475354589299,-1.4602639384448675,0.1908891040362222,0.5374502610717695,0.22264698661889537,-0.7180946013078251,-0.05703537174666111,0.40038202722625016,0.20179139169817292,0.029018475482663446,-1.5452039908641146,0.15113328768959466,-0.127311556405765,-0.11002139686175369,0.47455723862252236,0.6160407084282594,0.6817421706862145,0.40975308478573785,1
-1.7684140086331095,-1.596568077483343,-0.15484123025532542,0.5985369837740325,1,0,0,1,0,0,0.2742134146032426,-0.5408393492193319,-0.630383158037337,0.03148337614035112,-1.0559628227909588,-0.4402743038309449,-0.19553610626786638,0.9522791194793109,0.05461304294214816,-0.024533186053872665,-0.2072513039299909,-0.7095948169172328,0.40642942172037966,-0.010876393363421735,1.4904664289908696,-0.7708257880330264,-0.06198128535030106,-0.7891154341233688,-1.1820904200447964,0.2045801889163758,0.2610301515459619,0.18608357239324336,-0.8492634380672683,-0.028316829954377763,-0.5009807871231899,-0.2045801889163758,1.1820904200447957,-0.23037994010104354,0.9413120111617277,-0.8553359766634215,-1.077612300760884,-1.040405750804923,-0.6235796198885869,-0.30171300108041293,0.2896456887631914,-0.5423417704240322,0.19555442875423396,0.12408133374116129,-0.13168642102891215,-0.5422322401333817,-0.5161761445564365,0.1890486229713212,-0.12479618717266176,-0.04195727479570725,-0.20882997275045564,0
-0.8432045637725518,0.4648532002336079,-0.8790386569529866,-0.13478617003801185,1,0,0,1,0,0,0.021834674520593164,-0.49955483165594694,-0.06748317567269331,-0.47367777134881384,-0.07210722296840455,-0.018124399653944526,0.7049268122755947,0.20744602473222168,-0.48013620145610214,1.2282052126962915,0.7508937294055823,0.5670209112597295,-0.36588363767335635,0.4563289339926108,-0.8689796526559185,-0.6981199148814795,0.21594311107151892,-0.7077562876599904,-0.03566621970192337,0.808722217255372,-0.5242593982048676,-1.1552509190439135,-0.04518091597950123,-1.4451005127136642,-1.6671848852883928,-0.808722217255372,0.035666219701922665,0.24311279148239442,-0.9349191994684248,-0.5733100853443877,-0.8192022908676594,-0.6990401460957827,-0.5920746260821743,0.5954383064766764,0.6772228733838963,-0.4183195767369984,-0.43974939298546056,-1.0224984851796342,0.3183922552112921,0.24438822276689212,-0.3657484602250729,-0.32909664246974885,0.7989633987000918,1.4363689428981337,0.024856960096552163,1
-1.074506924987691,0.5936920300909173,0.27967722576327125,-0.13478617003801185,1,0,0,1,0,0,0.3499270366280375,-0.5629352881969182,-0.4128990739419065,-0.2983469263439834,-0.6616427354378224,-0.20236779003627944,-0.38270011219303945,2.064156040578017,-1.279461772742796,-0.5238217154711902,-1.4509011490134063,-1.3642687718083184,0.8306753873684188,-0.01936924299304835,1.479183978970442,-0.6692779232075949,0.4872373762140685,-0.5472816967493161,-0.8293216896597884,-1.0381887348318,0.5128003025802574,-1.3513049065648977,1.0765073376557386,1.1907855852162317,1.3519284958644533,1.0381887348318,0.8293216896597884,0.1317027369921738,1.6918044954137887,0.6366719645082435,0.1627557467265941,0.3591932285025509,0.16404522527173035,0.2692014673650073,0.7879592118469556,1.0079356506638961,0.8061862574166584,-1.0899443568808573,1.0908245779478607,1.5583037212376798,2.0561372575098895,0.062155904904119784,0.2044646553166367,-0.26463402725168356,1.4613442825972665,0
-1.6399126968469209,-0.4370186087675581,0.5693561964423357,-0.13478617003801185,0,1,0,1,0,0,0.5139732176817596,-0.5844497550961469,-0.4768649810287978,-0.2607346988676996,-0.8483859144439893,-0.24798144493676041,-0.6545031601525172,-1.658490131911643,0.9942823363409349,-0.9915450711741784,-0.5782851732831498,1.391916923845763,2.025563225875881,0.09515925450458831,-1.1589524345433329,1.5895607963162453,-0.2914473789003503,0.18558160236736637,1.9784005630035764,-0.06374491962016399,1.005184582439226,1.1153166472712124,0.23813804120552776,1.0505191900518025,0.9329833615261596,0.06374491962016399,-1.978400563003577,0.4241541300290032,-0.8411076389369172,1.3098950599149712,2.0749898199364556,1.8227982586929896,-0.2849009364696507,3.246112624258986,2.0891111887878946,0.6048635211810345,0.8616982418405155,0.9587239960437993,-0.1681792866700104,-0.02358138547386016,0.39767203775660004,-0.2233527107470814,-0.8656330827735822,-0.9883334727336057,0.038603250264021984,0
0.030604356373531493,-0.12780541711001567,-0.15484123025532542,-0.8681093238500562,1,0,0,1,0,0,0.1858808555743153,-0.5228137147902483,0.16279408984011548,-0.5130259477855414,-0.019477437521180127,-0.005603004191067395,0.4030238007749822,2.7402257265998786,0.6719899335440302,1.7692980582500222,1.0895254563975347,0.9536301336923697,-0.6862433172255108,-0.7726340480431484,3.357520105721441,0.08094174821871787,0.6329505423983446,0.18838379612130998,0.6912331826893887,0.6150811089542358,-1.3324212428001279,-0.39755586994092984,-0.8372940999833505,-1.7625846080447074,-1.2325163428955788,-0.6150811089542358,-0.6912331826893894,-0.48105256270404034,4.318528190296002,1.6283113888235585,1.428964795203394,1.673450806632741,0.6996301199807459,1.4110304042558486,1.1201682272361313,2.620224168595341,-1.192245181842186,-0.17942508891434333,0.6985262723060605,0.11904759955750843,-0.6007917169928287,1.331083085576127,0.6160407084282594,1.0714264874841732,0.47161139053935697,0
-0.2006980048416086,0.7225308599482267,-0.15484123025532542,-1.6014324776621007,1,0,0,1,0,0,-0.5333985536612357,-0.13090153397727022,0.09882818275322415,-0.5089754002111725,0.7387635846727023,0.29267452344246997,-0.12626318184817936,1.1648887546772793,0.44962436991676547,-0.2038403418327947,0.249581648685553,-0.6409043782722579,-0.5657879517037999,-0.46136722309019756,0.40168085915968804,-0.8724026208794481,-0.08691875669996231,-0.3876962280445048,-0.871666255725209,-0.009609152108405178,-0.2854206652410246,-1.1964513066193971,-1.491332075977595,0.189187999856677,-0.7029782745308559,0.009609152108405178,0.8716662557252083,-0.45320004908148526,0.340918023760079,-0.07294156848803632,-0.5091102789957901,-0.5112890635057554,0.41608517572303205,0.02452383803125581,0.5111183656893089,0.2638024885416898,0.029018475482663446,-0.8623145398892288,1.4375068015382888,0.30057539868834077,0.36382580878204385,1.648314880744129,1.933084078385452,2.12914106165006,1.5850608941045057,1
-0.6633027272718879,1.0575118175772313,-1.168717627632051,1.478524768348486,1,0,0,1,0,0,-0.4198281206240434,-0.2966210763091675,6.137209811755765,-0.7873058835356722,1.8371036020209024,0.38032429168260984,-0.023979969011609537,-0.1796364357172854,0.7096678886137193,0.055688470892186835,1.1113292020288046,-0.3001787960381511,-1.507921028438948,-0.26712286739736657,0.11126189230058284,0.12852596167196442,0.11137979718983519,0.36751728333286815,-0.7046860443852642,0.28949096339405445,-0.23356129104289666,0.35801636678560383,-0.8409835812661206,0.03521076885053305,-1.0859732953178443,-0.28949096339405445,0.7046860443852634,-0.007559831120602114,0.491016520610491,1.1552357001593716,1.0542702808582185,1.0589927181562884,0.9831750642384596,-0.709509049969999,-0.4855086804782194,1.3800022317249987,-0.3040534310604773,0.19995793940503753,-0.350643614875499,-0.7107937678977266,-0.6515610604546642,-0.5723076854318833,0.36909507656128593,0.5704037944582268,-0.7036964187794109,1
-1.922615582776536,-1.1842838219399534,1.7280720791585935,-0.4281154315628296,1,0,0,1,0,0,0.47611640666936217,-0.5797979784692867,0.3035190854312764,-0.5465876276874562,-0.09920064193564308,-0.02349071199517758,0.1808837920870549,1.5104901648578484,-1.2532707430740684,0.002879973488550597,-0.713936392756904,0.08515000580336891,1.609693081597908,-0.29917574690628584,0.7063622391607315,-1.3571366985091096,-0.5260179186133003,-0.44518195313280784,0.3041828515459622,-0.18555039652161812,-0.5504561973252275,-1.3655769700974822,0.3494715903632802,-0.5254810221580036,0.49351874670987667,0.18555039652161812,-0.3041828515459622,-0.6203151308168162,0.003196405846651406,-1.567223912009049,-1.8819134565535456,-1.9322233931075516,-0.20613845195361896,0.08569324536469386,-0.05640536893386687,-1.6430387393964614,-0.6291950541144954,-1.3717717493466832,-0.5982737745829473,-0.3421811961932803,-0.5161761445564365,0.09387908442092041,-1.1478566620501236,-1.338254083735854,-0.45626319576493324,1
-0.4063001036995106,0.18140777454752677,0.5693561964423357,1.0385308760612593,1,0,0,0,1,0,-0.028641073495936725,-0.4855995017753661,0.06044863850108935,-0.5014529547159157,0.06623390553984151,0.014073474393453808,0.8644512033456025,0.3805080475396978,-0.9031134359435873,1.0793579031984475,0.2944968524967745,0.40888302165547596,-0.1004042972470006,0.9865901527955695,0.07878426789823059,-0.9097504221502783,1.501926894960139,0.7210414483229415,0.06512235289855199,0.4930801176436278,-0.21625118529140094,-0.44333488664438053,0.32037488314929835,0.0311421063537606,0.3210963034435698,-0.4930801176436278,-0.0651223528985527,1.050835686536495,0.19081952690966666,0.36374368258659734,-0.18609776662925942,0.4103980692089227,0.7626401075935709,-0.05703537174666111,-0.09793149585751397,0.5118468759157585,-0.38732140769626244,-0.6346847228976005,-0.7976812189789466,-0.5292659687668935,-0.48232991558187904,-0.5723076854318833,-0.5363722402842841,-0.3759724034796717,-0.3944048900113141,0
-0.04649643069818187,1.1863506474345409,-1.168717627632051,0.3052077222492148,1,0,0,1,0,0,-0.785777293743885,1.0756530286146133,0.5849690766135982,-0.592300950312478,2.1880655276780225,1.2849951138754825,-0.15925953201302617,1.5624811920818882,1.1010048169193316,0.40831866776158066,0.8975260099105329,0.7643434277222243,-0.38637877477014215,-0.7554155729334833,0.4660215562134295,2.044750157981855,-0.361253171584234,0.3254939524762945,0.13286549185952784,0.910698895591472,-0.533348083613972,-1.6777043067129336,0.5496662452098439,-0.9098246386697486,-0.8490462777502336,-0.910698895591472,-0.13286549185952856,-0.8709877534198129,0.04072103005925432,-1.0099953364190213,0.05939174276930372,-0.08458205761933026,-1.7892643907258567,-0.38327221085833024,-0.4855086804782194,-0.6043528672675491,-0.47058938433204756,-1.5452039908641146,0.19674936974096682,0.45617065508619664,0.04228663352375219,-0.5088613263982832,-0.04248097655033679,0.45906541823023866,0.2860364732784985,1
-1.5885121721324456,-0.8493028643109486,0.5693561964423357,-0.8681093238500562,1,0,0,1,0,0,-0.6091121756860305,0.029003287571051677,0.009275912831576286,-0.4945091588741402,0.863639856874863,0.4044726972181586,-0.09364649221306477,0.9436940241605232,-0.050500465440863375,-0.24562987811336776,0.1658331553329095,-0.025594352843697526,-0.5852365564765128,0.25279770766922843,0.47403562211898925,-0.9881830183499907,-0.05168599901328342,-0.36197552726049403,-0.007768161614413057,-0.027203276549727037,0.382810217909207,-0.8203711840675016,-0.9239928054014835,0.280579166746993,-0.5689898733217635,0.027203276549727737,0.007768161614412348,0.15955525061472892,0.340918023760079,-0.24579614703841146,-0.7029177864157086,-0.6819718658603261,0.3845801819166189,-0.13859458152457876,-0.1532996650890431,-0.29429738304996345,0.22331042096616224,-0.8623145398892288,-0.41450612974742024,-0.8015576674631424,-0.6515610604546642,-0.2233527107470814,0.5337254978059351,0.5704037944582268,-0.332546584257695,0
-0.4320003660567478,0.5936920300909173,-0.15484123025532542,-0.13478617003801185,1,0,0,1,0,0,-0.4576849316364408,-0.2646401119995031,-0.4128990739419065,-0.2983469263439834,0.09017389496787814,0.027042062551433693,0.40969625911646407,1.832189275980488,-0.6675755272272511,-0.1706926257066888,-0.49559550402994224,-0.7460234256497986,-0.05060520400378847,0.9915894705285933,1.0381239570520777,0.17916675497686033,0.9329918823291311,0.7907379959961987,0.1590389773671773,-1.1752198963459366,0.4210918939956425,-1.4747674899738534,1.0926434196079635,1.1557335048166097,1.4163001759344542,1.1752198963459366,-0.15903897736717798,0.9672781456688292,1.0163612595869336,0.1272058382545045,0.2015172482105774,0.5810808715634928,-0.024984737566746233,-0.6279498401920818,-0.762349526635866,0.3258135853852078,0.6674062963570164,-1.2416975682086098,0.9539763317937442,1.4416072789392878,1.9207523416116614,0.062155904904119784,0.2044646553166367,-0.32030321536567735,1.275769365336409,0
-0.6633027272718879,-1.9315490351123477,-1.168717627632051,1.7718540298733036,1,0,0,1,0,0,-0.4198281206240434,-0.2966210763091675,0.46983044385719386,-0.5743628110545581,0.7443254042432543,0.21575737988479615,0.03859073641806814,-0.655142943388504,1.0790565698926013,0.35883633023767636,0.5600426458858001,-0.7391126866127725,-1.536356998362389,-0.14640599322933026,0.0667041425950511,0.07220714964118344,0.3638193227446204,0.5639076014688946,-0.2971274843375756,-0.7133741297612541,-0.1999485017775555,0.9660269958646909,-1.4025452578938349,-0.12400771935037004,-0.17753685115492243,0.7133741297612541,0.29712748433757485,0.10385022336961848,0.41596727218528484,1.0733572155828786,0.9509062769009282,1.0760609983917457,0.9831750642384596,-0.7910682597479163,-0.762349526635866,1.2559800380379649,-0.5631093583718088,0.15780426959177313,-1.6481677265589734,-1.959877909536074,-1.870025303538713,-0.25860068798797037,0.15873398274867878,-0.17185204706169332,-1.6934293108373202,1
-0.04649643069818187,-0.5916252045963298,-1.168717627632051,-0.13478617003801185,1,0,0,1,0,0,-0.785777293743885,1.0756530286146133,-0.4001058925245282,-0.3128131676810156,1.4350827726849007,1.069001042140852,0.006837364758728653,1.2842473769648326,0.2722461145517472,-0.009942919597427926,-0.10466789654287015,-0.009151234430682085,0.6900827710125866,-0.7064581992598483,0.4065701343360113,1.85682748294,0.04759302773869519,0.755400916292727,0.4025854781078499,-0.41176056791003435,-0.7153922308943121,-1.3553767929965366,1.4937629897038358,0.0606246745254938,0.8735753596185319,0.41176056791003435,-0.40258547810785056,-0.8431352397972577,-0.03432821836595151,-1.0827762115981268,-0.09565426316663046,-0.06751377738387422,-1.6317394216937933,-0.38327221085833024,-0.5962450189412776,-0.6043528672675491,-0.49834537654397587,-1.0899443568808573,1.1181942271786838,1.8305954199339287,1.7515211967388769,0.15732544345452057,-0.5363722402842841,-0.7656567202776299,1.3994859768436472,1
0.18480593051695732,-0.6689285025107157,1.0038746524609323,-1.161438585374874,0,1,0,1,0,0,0.07231042253712305,-0.5065324965962373,-0.438485436776663,-0.2925604298091705,-0.5248605339938924,-0.16346202556233977,0.16594345368523652,-0.4585131150294632,0.18855551169783138,-0.08152024641088078,0.08913561180506631,0.14981473761045633,0.5664174670159622,-0.032897649223456595,-0.5060960481910739,0.21154346898790366,0.19388686037850522,0.41573630591588195,-0.1227108960387,0.3260326064644921,-0.26361935534377606,0.12232772883347202,-0.04518091597950123,0.3023834854690026,0.2900049253714769,-0.3260326064644921,0.1227108960386993,-0.11896988561082296,-0.5596729573423944,-0.32767463161490584,-0.173177266134598,-0.08458205761933026,-0.18250970659880966,-0.13859458152457876,-0.09793149585751397,0.015758101167622184,0.08453045990652028,0.6552175733882943,1.5834782641026803,1.3119445652744073,1.3792126780187515,1.2359135470257274,-0.37174181903963527,-0.26463402725168356,1.5232025883508855,1
-0.8432045637725518,-0.05050211919562982,-0.8790386569529866,-1.161438585374874,1,0,0,1,0,0,0.021834674520593164,-0.49955483165594694,-0.8094876978806327,1.0730527524066706,-1.876339602949156,-1.2134704736636075,0.8079553908242469,-0.7307667001939718,-1.9299870703289648,0.35421596610243705,-0.8013002223367782,0.7286391140251756,1.2718233740778904,0.3422351422336003,-0.5327110237289894,-0.847562560947871,0.3130612883553161,-0.6551646431164827,0.82857362277254,0.17200761631813533,-0.7815243170699127,0.46934202036619727,1.7866383449584442,-0.16809670351422945,0.4020887769368413,-0.17200761631813533,-0.8285736227725408,0.24311279148239442,-0.5596729573423944,-0.23669853764102378,-0.625394783447741,-0.47715250303484213,-0.24551969421163483,1.6557080335896,1.2862727349307197,-0.29429738304996345,-0.8869292675109735,0.04820472807728505,-0.998391980004983,-0.0495139282068366,-0.11002139686175369,-1.6508957890030895,-0.4540570296619595,-0.4316415915936655,-0.5181215015185524,0
-0.2006980048416086,0.18140777454752677,-0.15484123025532542,1.0385308760612593,1,0,0,0,1,0,-0.5333985536612357,-0.13090153397727022,0.06044863850108935,-0.5014529547159157,0.7118913981583822,0.28686101840613415,-0.10403316702994984,0.54303957559361,-0.7428481928011874,0.16182096776719837,-0.4310664504018073,-0.4189494930168414,0.2422771677516476,-0.02335266343223472,0.41420258579213853,-0.8946741707207732,0.467687399798662,-0.0718511168290359,-0.38904162214375715,-0.18555039652161812,0.1213269450577737,-0.330399801996555,0.11643710559471845,0.2451411321794959,0.4902588665192704,0.18555039652161812,0.3890416221437564,-0.20252742647848845,0.11577027848446049,-0.7006766169078218,-1.0130097982875779,-0.801449827508525,-0.11949971898598452,-0.30171300108041293,-0.1532996650890431,-0.6043528672675491,-0.05424950115312168,-0.482931511569848,-0.5969704579529088,-0.4514683405679659,-0.33002188519637315,-0.2550758902638815,-0.20711139779498602,-0.32030321536567735,-0.332546584257695,1
-0.2006980048416086,-0.05050211919562982,-0.15484123025532542,-1.161438585374874,1,0,0,1,0,0,-0.5333985536612357,-0.13090153397727022,-0.8094876978806327,1.0730527524066706,-1.1907743066096774,-0.9299503049684612,0.5585370299928134,0.18755624957982248,-1.8695630186951178,0.9690398644691034,0.043306237359192284,-0.38762831086296284,-0.41947459459805403,0.09490141497882863,0.6233358981331519,-1.0931269638357786,1.1554363240019556,0.42027008196334187,-0.6247379431982625,0.09092870184200141,-0.6818349608462605,0.3670173804004568,1.4572680993956497,-0.16339945942082018,0.3540117065713855,-0.09092870184200141,0.6247379431982617,-0.11896988561082296,0.26586877533487285,-0.7643598826895395,-1.1551353037288514,-0.71610842633123994,0.006520256239666901,-0.9541866793037505,-0.8177176958673952,-0.4803306735805153,-0.8036612908751883,-0.02767187758659086,-0.9801455471844351,-0.17917664187171697,-0.2284831982727022,-1.4288335323854886,-0.37174181903963527,-0.3759724034796717,-0.6418381130257917,0
-0.4320003660567478,1.1605828814630785,-0.15484123025532542,-0.4281154315628296,1,0,0,1,0,0,-0.48292280564470574,-0.2646401119995031,-0.2210013526812325,-0.42854309837727333,0.37038129452519264,0.1276604189495535,0.06902902923372706,-0.14149371061108218,0.4420636137691232,0.03581813262977488,0.5013657769496563,0.3670248457534363,-0.38162980302028465,0.9909167345614097,0.5111688668912289,0.17515817701061281,0.841944855039789,0.7350928140311874,-0.45503125954306783,0.9518725779243598,0.8941257800556416,0.7062823077657833,-0.4282986935356444,0.7864701195408966,0.06587499378732686,-0.9518725779243598,0.4550312595430671,0.939425632046274,0.491016520610491,0.05442496307539909,0.13691474573727128,0.47867119015075044,-0.05648973137315825,-1.0357458890816678,-0.983822203561983,0.3258135853852078,1.2780381250194413,1.1863538130354276,1.2732889061533492,0.8192262533478623,1.1253659607095745,0.7600658542737248,-0.37174181903963527,0.06938110143228039,1.5850608941045057,0
-0.07219669305541997,1.0832795835486928,-0.15484123025532542,-1.6014324776621007,0,1,0,0,1,0,-0.4703038686405733,-0.2733621931748661,0.009275912831576286,-0.48351481545799574,0.5496916343787195,0.16343583455777386,-0.02580607650689457,-0.3301411217307677,1.3175130309268226,-0.4109748570304592,-0.21517223336579036,-0.2828488806479773,-0.41606687286698246,-0.6985424278742861,-1.0281225816489454,1.7844696984436563,-0.4390627987846652,0.12419516091415798,-0.2859102762628674,-0.1022098070627286,-0.6620913856852314,-0.5768215821370797,-0.007864496890563498,0.11983336251907631,0.40098684364929343,0.1022098070627286,0.28591027626286675,-0.7038726716844818,-1.009968447893631,-0.2639913658331881,0.6666552660183818,0.4445346296798359,-1.2851844898232538,-0.5463906304141645,-0.4855086804782194,-0.23228628620644656,-0.6371253376036178,-0.5588081172337243,-0.06782390615699217,-0.06248019957332482,-0.008482709938082702,0.2524949820049213,0.36909507656128593,0.3477270420022505,0.34789477903211874,0
0.544609603518286,0.3102466044048362,3.176466932553916,1.0385308760612593,1,0,0,1,0,0,-0.5333985536612357,-0.08554671186538257,-0.4001058925245282,-0.315706415948422,0.2556084424433621,0.17819319349616475,2.5464184600459783,-1.6495566184434722,2.2527261084125665,1.098672038466637,1.9108363850257997,1.4239078535785854,-1.5315060314496172,4.294956080809306,-1.6571053917393843,2.0292918174363686,1.6467289246143049,2.3213822877520762,1.9784005630035764,-0.020113106998745453,0.7506126546286267,0.6040164228183235,-1.040309484604601,0.14863316954909667,-0.21780290199991112,0.020113106998745453,-1.978400563003577,5.033745134561887,-1.3852146900196616,1.3007974505175837,2.33339982982968,3.1242546266465863,-0.30852968182446,-0.7910682597479163,-1.482135726645747,1.752068812786101,0.6396503041450882,0.5034643620605421,-0.14080963743918734,-0.6459624110652865,-0.5500223735309933,0.506280418139323,-0.12479618717266176,-0.15329565102369538,-0.5181215015185524,1
0.9558138012340891,-1.0296772261111817,-0.4445202009343899,-0.4281154315628296,1,0,0,1,0,0,0.5770679027024219,-0.6018939174468729,-0.4128990739419065,-0.3128131676810156,-0.776975585135264,-0.22114988323059512,0.4245012609552586,0.2968233161009373,0.0840797472903428,0.4454442156029589,0.3610368268017824,-0.0013108269009562954,-0.18874502150117256,0.8072897528001828,-0.30434834408448286,-0.9476878179856301,1.248568230692628,0.6699142603373736,-0.7989105922128035,0.7905619868667512,0.21635507212820065,-0.7122888064670149,-1.0672746936449098,0.6362924870748019,0.18467533001939512,-0.7905619868667512,0.7989105922128035,0.04814519612450831,-0.8598699510432187,-1.9925371513369474,-2.046649837860476,-1.603658998575004,-0.9386295579527137,-1.6882195673050053,-1.648240234340335,-1.720552610450858,0.7506742729928018,-0.17942508891434333,2.039639084616402,1.026686595211671,1.2607508766078017,2.3462248301137336,-0.20711139779498602,0.18071947766026855,2.451077174655176,1
-0.5862019402001745,-0.7719995663965628,-0.15484123025532542,-0.13478617003801185,1,0,0,1,0,0,-0.4198281206240434,-0.2966210763091675,-0.6047967952025805,-0.029274837475184185,-0.3409489094174851,-0.20549813890199872,0.04311638462756741,-0.709034726252757,0.5054077677464198,0.3049225854084272,0.40153815008767674,0.2459817506650549,-0.5493922374478988,-0.7153079798754192,-1.3178411925116436,1.507534110548735,-0.2350225801353413,0.6047647301725595,-0.2971274843375756,0.6301771912123648,-0.7746816876684895,-0.34701196346370944,0.824017045296295,-0.6449751082914125,0.06841579027754185,-0.6301771912123648,0.29712748433757485,-0.5367575899491508,-1.0850176963188372,0.8732098088403377,1.609851802128651,1.4174266031008858,-0.05648973137315825,-0.7910682597479163,-0.762349526635866,1.1939689411944467,-0.6926373220274746,-0.2553016945782196,0.2514886682026129,0.6506647255835172,0.3299795798074865,-0.0012904541294803558,-0.4540570296619595,-0.2089648391376897,0.5334696962929761,0
-1.1259074497021662,2.1397579883786295,-0.4445202009343899,-1.161438585374874,1,0,0,1,0,0,-0.5081606796529707,-0.22684442690626339,-0.2721740783507456,-0.3944027688218773,0.3642766712629019,0.13034357512017,0.5795627109417826,1.1006437098704205,0.39242150876893805,0.5385138828226912,0.5827414671621497,0.47496594741188114,-0.37417038708807054,0.8573815956718223,-0.15182001419426533,0.264956224020429,0.8859436577011477,0.9788179880994033,0.6912331826893887,-0.037759751214519306,0.05078953049088759,-1.6627579906659886,-0.27019789582580417,0.15098905180762737,0.19803280627978503,0.037759751214519306,-0.6912331826893894,0.6609004958207222,-0.25947596364157,-0.3731626786018469,-0.18609776662925942,0.17144214591252482,-0.24551969421163483,-0.22015379130249568,-0.5408768497097485,-0.23228628620644656,0.05677446769459199,-1.5452039908641146,0.07814755640739948,-0.07544647093981212,-0.008482709938082702,0.37938770007212164,0.28677986593896093,0.29205785388825667,0.47161139053935697,1
-0.2006980048416086,-0.17934094905293926,-0.15484123025532542,0.3052077222492148,1,0,0,1,0,0,-0.571255364673633,-0.04077336183185243,-0.3745195296897717,-0.36199838822692515,0.3791003247400065,0.24840244662729724,-1.1441164182801968,0.8434629270375631,-0.4115634094206279,-0.573112141896224,-1.082332055103577,-0.385282847917064,0.5844479994874962,-0.10449854008527545,0.5127482375285652,-1.4454722820975219,0.8023349603745767,-0.17736308666747788,-0.7989105922128049,0.266869946255213,1.4865080205158057,-0.6440194094351779,-0.8899392745587145,1.5698191420082632,1.233924146684285,-0.266869946255213,0.7989105922128042,-0.23037994010104354,0.26586877533487285,-0.5278220383574467,-1.1422148032341901,-0.8185181077439823,0.19555021907814235,-0.7910682597479163,-0.5408768497097485,-0.4183195767369984,1.5833540393506536,-0.482931511569848,0.48869229486974886,-0.07544647093981212,0.549980068142106,1.331083085576127,-0.7833178721512579,-0.7656567202776299,1.0283361423219313,1
-0.6633027272718879,0.28447883843337485,-0.15484123025532542,-0.4281154315628296,0,1,0,1,0,0,0.7789708947685415,-0.6222454401893867,-0.5664172509504457,-0.06688706495146794,-1.141256446703566,-0.42685852297786225,-0.386504755710835,-0.02513443658365099,-1.0437004501435645,-0.2272685477234322,-0.6530287288310694,-0.8489188239611699,0.35231352090729184,-0.9615352778905831,-1.2660893904900687,-0.41523056179389395,-1.0733954279020546,-1.3111003093605313,-0.5483077512256369,-0.614019074092617,-0.42331044885880786,-1.2338427546667077,1.0095068095981632,-0.7573353862028908,-0.43106493692914283,0.614019074092617,0.5483077512256362,-1.0659553487776992,-1.3852146900196616,-1.2283379619563388,-1.2197378062021575,-1.5012493171622625,-0.9701345517591269,0.18764225758709038,0.5111183656893089,-1.2864749325462383,-0.3318094232724056,-1.0899443568808573,0.3700904815361815,0.858125067447326,0.46536449570571364,-0.5088613263982832,1.1099319721622063,0.848749735028197,-0.08511336124321738,0
-0.6633027272718879,0.0783367106616796,0.27967722576327125,-1.6014324776621007,0,1,0,1,0,0,-0.43244705762817587,-0.29080635552559214,-0.2593808969333673,-0.4053971122380218,0.2417494640819349,0.08964903986581935,0.5155257564150563,-0.156722390945355,1.9450926695618158,0.32493570392240645,1.3011426386394656,-0.05627584991343308,-1.3278587850783619,-0.21943041477116812,0.2731190657922727,2.4177640458698257,-0.4218329603695058,0.31528090544799064,-0.9609518129377761,0.8763067609369452,-0.9361033985531213,0.488711084473261,-0.22938714245768393,-0.8572495155040423,-1.383738715226507,-0.8763067609369452,0.9609518129377754,-0.06326485836571254,0.491016520610491,0.6730624020977969,1.9328643144951818,1.6222459659263704,-1.1906695084040155,-0.5463906304141645,-0.1532996650890431,1.13195784435093,-0.9146852597229018,0.35171115073279,-0.2594114507727547,-0.3347718982695729,-0.6346379459673855,-0.6992004034990842,0.28677986593896093,0.848749735028197,-0.45626319576493324,1
-1.922615582776536,-0.07626988516709207,1.7280720791585935,0.3052077222492148,1,0,0,1,0,0,-0.16744938054139394,-0.44838528876048395,-0.5152445252809326,-0.26015604921421837,-0.45527832789719735,-0.14378554697781856,0.8816282243733555,0.7292846693297352,-1.1113613384489995,1.1146774331437732,0.4700323112559974,-0.27455137141210695,-1.0934686169385477,0.17060927026044448,0.2430969013302297,0.06182336112243722,-0.4038889463870293,-0.4772449971233985,-0.2611143426240418,-0.11548529918892325,-1.0554547345851757,-0.7574369565836622,1.581394696190842,-1.9063466646931617,-1.077001876408227,0.11548529918892256,0.2611143426240411,0.24311279148239442,0.340918023760079,0.33645085439443295,0.31780175266252825,0.13730558544161034,0.006520256239666901,0.18764225758709038,0.34501385799472056,0.44983577907224165,-0.8036612908751883,-0.3311783002420958,1.6199711297437773,2.3622125459599386,1.1761353041714093,0.062155904904119784,2.2623449208747504,2.40748700222003,1.2139110595827887,1
-1.074506924987691,1.8563125626925503,-0.4445202009343899,-0.4281154315628296,1,0,0,1,0,0,-0.5586364276695006,-0.0640322449661538,0.188380452674872,-0.519969743627317,0.8547800036501129,0.35259834458623907,-0.14961343929013135,0.8435837840611451,-2.738721425094064,0.5377557216465437,0.3436727985105149,-0.23285488729473464,-0.5470522821386502,-0.45947833324076515,0.24176182047990927,-2.8785704473986806,0.37876827026685855,-0.06737505054414489,-0.5532824974487066,0.23115255077283092,-0.2510642073782579,-0.9156535332854691,0.8512382444544129,-0.35089315375868296,-0.5125700931374052,-0.23115255077283092,0.553282497448706,-0.45320004908148526,0.19081952690966666,-0.082039177885424,-1.5427503185686884,-1.347634795043149,2.243374816494967,-0.46483142063624716,-0.26403600355210183,-0.23228628620644656,-0.24854144663662048,-0.8623145398892288,-0.02220782410562002,0.4172718409867329,0.24536400737109418,-1.016432198667086,0.2044646553166367,0.3477270420022505,-0.3944048900113141,1
0.8530127518051386,1.1605828814630785,-0.15484123025532542,-0.4281154315628296,1,0,0,1,0,0,-0.6595879237025604,0.15576420065299415,-0.2210013526812325,-0.42854309837727333,0.826664250240214,0.4509807375088451,-0.5591306783453754,0.28798369335394586,-0.6007904625740529,-0.5332215661526125,-0.9144575360290181,0.09570458905991776,1.1626917077082148,0.172103483286034,0.5299242711280742,-1.316741236522372,0.31406250667782987,-0.6096851830452122,-0.6392523306161405,0.7645323233097284,0.9494485916550003,0.13559984478659773,-0.5018972677258596,1.031766940816821,0.5936006676263258,-0.7645323233097284,0.6392523306161398,0.10385022336961848,0.41596727218528484,-0.18211288125669506,-0.8192022908676594,-0.6649035856248688,0.25856020669096863,0.18764225758709038,0.5664865349208381,0.07776919801113909,1.194770148383656,0.4275877563966659,0.8809906005115491,0.45617065508619664,0.8715192434003977,0.9504049313745251,-0.7833178721512579,-0.5429799678216537,1.275769365336409,1
0.5189093411610479,1.0832795835486928,1.0038746524609323,-1.6014324776621007,1,0,0,0,1,0,-0.6722068607066928,0.1569271448097092,0.009275912831576286,-0.48351481545799574,1.0778579896042486,0.4943584289338122,1.900536010465661,0.3716208169314763,-0.49957760339779633,1.1398849468859589,0.8072014765156991,-0.09560257385330562,-0.9028490929721468,1.891814600337092,-0.06664185594388441,-0.8391306307898425,1.5138157169263704,1.1521588196735428,-0.70065935430716475,0.5645149086083918,-0.7524627286433307,-0.5768215821370797,-0.16030603870068938,-0.0388372724387684,0.07545738495149906,-0.5645149086083918,0.7006593543071641,1.5800334453650435,-0.18442671521636386,-0.3731626786018469,-0.7287587874050313,-0.15285517856115927,0.5106001571422693,-1.1173050988595852,-0.983822203561983,0.20179139169817292,-0.7203933142394032,-0.5588081172337243,-0.06782390615699217,-0.1402778277722523,-0.14386762583630988,0.1890486229713212,0.03983423407198747,0.3477270420022505,0.40975308478573785,0
-0.25209852955608386,-0.12780541711001567,-1.6032360836506476,0.3052077222492148,1,0,0,0,1,0,-0.7479204827314877,0.4214969404623873,-0.3233468040202586,-0.38167247644528896,1.168174353873405,0.6191251908674807,-1.2888619292323011,-1.721246866085924,0.9710577979514807,-1.0941529201766316,-0.2758963714678606,-0.19325004386687156,0.4480752276140879,-0.7231682553870583,-1.7002900008847222,1.503217135092394,-0.24237106063361114,0.7635948053125468,-0.20147967785109497,-0.06374491962016399,1.0696126870244773,0.659152144125006,0.18311971063152724,1.237799011457547,1.1041805009175556,0.06374491962016399,0.20147967785109425,-0.6203151308168162,-1.535313186870074,0.4001341201761507,1.1576342848155081,0.9907195972144606,-0.18250970659880966,-0.46483142063624716,-0.4301405112466897,1.0079356506638961,1.3057941172313696,0.9587239960437993,0.8444977348704508,0.8192262533478623,1.3284433345569153,0.5697267771729232,-0.8656330827735822,-0.9883334727336057,1.3376276710900281,0
0.7759119647334253,-0.7719995663965628,0.27967722576327125,-0.13478617003801185,1,0,0,1,0,0,-0.7100636717190902,0.31101724557445576,-0.6047967952025805,-0.029274837475184185,0.44498297934688336,0.26181822748037986,0.556619361117232,0.42652960316144933,-0.5480269492521331,0.34712230513106057,-0.09840392286492858,0.6200595992901484,0.528904929738204,-0.007111917586724869,-0.026166490355001598,0.3364356741923113,-0.15978650555196286,0.04332662378141506,0.9304215895757753,-0.07709346503402185,-0.7810989155065963,-0.6116382817234981,1.0872566054696864,-0.627381403464443,0.17022993443096815,0.07709346503402185,-0.9304215895757759,0.27096530510494976,0.340918023760079,1.1461380907619838,1.1705547853101694,1.0419244379208312,0.6366201323679207,1.4925896140337656,1.0648000580046022,1.0079356506638961,-0.6371253376036178,-0.4070549059059717,0.6620334066649622,1.1693155802430386,0.8038267854512828,0.12560226393772106,0.2044646553166367,0.18071947766026855,0.7809029193074537,0
-1.1259074497021662,0.18140777454752677,-0.4445202009343899,-0.4281154315628296,1,0,0,1,0,0,-0.5081606796529707,-0.22684442690626339,-0.7839013350458762,0.48861660239056914,-0.9765561738802919,-0.5520724776066336,0.9110490182808869,-0.06504562127691892,-0.24424268281766096,0.6039052119552292,0.24681032505400124,0.9404352007305475,0.33344100218348716,0.866390134665045,-0.20288260321042415,0.23025908619045868,0.8007725279241285,0.9212030120911398,0.5444209881177442,0.7426913412446393,-0.4011490231179076,-0.11396618160557985,0.5652761051098449,-0.02180464948976447,0.578509933345288,-0.7426913412446393,-0.544420988117745,0.6330479821981672,-0.3345252120667762,-0.4732363819731166,-0.28946177058654887,0.03489590402886805,-0.2770246880180474,-0.38327221085833024,-0.6516131881728072,-0.29429738304996345,-0.3318094232724056,-0.02767187758659086,0.2606118846128881,0.5210020119186368,0.4822876101929924,0.2524949820049213,-0.8656330827735822,-0.6543183440496418,0.8427612250610729,0
-0.2006980048416086,-1.3388904177687242,-0.15484123025532542,-0.13478617003801185,1,0,0,1,0,0,-0.571255364673633,-0.04077336183185243,-0.7071422465416066,0.2803027271373052,-0.37968226651564924,-0.24798144493676041,-0.9185646808462585,0.878582536597771,-1.8472793864054684,-0.9234408793795162,-1.9805748758205808,-1.4004359600914202,1.0066329273376775,-0.09486847598031756,0.3040817343686557,-1.4648615721910732,0.5942478919091876,-0.40988457034588344,-0.8195116582252774,-1.0972459357537168,1.1824950856619376,-0.9012596978456632,1.053248196101491,1.8367550899458687,2.174671833747836,1.0972459357537168,0.8195116582252766,-0.20252742647848845,0.11577027848446049,-0.44594355378095224,-1.0905328012555453,-0.8355863879794388,0.19555021907814235,-0.709509049969999,-0.4301405112466897,-0.4183195767369984,0.22331042096616224,-1.317574173872486,-2.193533329750934,-1.4758037785205207,-0.8207922053274488,-1.7777885070702906,-1.6064699783745033,-2.046048046899492,-1.6315710050837011,1
-0.6633027272718879,-1.596568077483343,0.27967722576327125,0.3052077222492148,0,1,0,1,0,0,-0.43244705762817587,-0.29080635552559214,-0.822280879298011,1.7182471160383073,-1.5695233804167184,-1.55154815116129,-0.09321181869805105,0.5704218790568789,1.4812787405608125,-0.7045594426292562,-0.44776447514329626,-0.8059508790902747,0.47993411931137725,-0.2034149436004067,0.22432750087534364,2.4573335549000603,-0.23100232482022504,0.503000336784041,-0.38904162214375715,-0.7133741297612556,-0.07363651195346407,-0.5581955646904617,0.4444255768517685,0.7227564015899739,1.0731976751814618,0.7133741297612556,0.3890416221437564,-0.06326485836571254,0.41596727218528484,0.6002815269186915,1.881182312516537,1.673450806632741,-1.2536794960168407,-0.30171300108041293,-0.1532996650890431,1.0079356506638961,0.029018475482663446,-0.4070549059059717,0.4521994292286506,0.6247321828505417,0.9053654723749538,0.41111087958892223,-0.7010026615289333,-1.0440026608476,0.47161139053935697,0
-1.922615582776536,-0.2824120129387873,1.7280720791585935,-0.8681093238500562,1,0,0,1,0,0,-0.16744938054139394,-0.44838528876048395,-0.7455217907937414,0.3671001751594985,-1.1784697024237138,-0.6285424284692046,0.566472946973066,1.4546135068811377,-0.8581749162680405,0.44928657514822,-0.5433046100560458,-0.303303251216677,0.013690517006517014,0.27039942794413874,0.41613687493372786,0.21418379258468334,-0.23785909360767243,-0.2294364436816615,-0.4194329849395745,0.002319067851812721,-0.5175144998640135,-1.5796259021835868,1.3883879153096816,-0.842814183045912,0.48232257086547486,-0.002319067851812721,0.41943298493957376,0.27096530510494976,0.41596727218528484,0.09081540066495114,0.188596747715916,0.08610074473523979,-0.18250970659880966,-0.22015379130249568,-0.04256332662598434,0.2638024885416898,-0.6926373220274746,-1.6210805965279906,-1.0987473605180025,-0.32180562690308556,-0.6177148314801074,-0.857816301083085,-0.5363722402842841,-0.5986491559356475,-0.8892713360402683,1
-0.2006980048416086,-1.158516055968491,-0.8790386569529866,1.478524768348486,1,0,0,1,0,0,-0.5207796166571032,-0.14253097554442093,-0.7199354279589849,0.30923520981136965,-0.551732720508216,-0.34859980133488017,-0.7860925664629637,0.4086298750667021,-0.24251721851203276,-1.2897438730449025,-0.8127669737487875,-0.3430327717833323,0.5694133665533588,-0.19891143660399754,0.07345379907319037,-0.6205269678073564,0.025408935882519443,0.019969493444537762,-0.09305301462755473,-0.3755669404878874,0.8943308855287815,-0.4872729241238319,-0.29204059717288927,1.7675558310210078,1.076133195522251,0.3755669404878874,0.09305301462755473,-0.007559831120602114,0.340918023760079,0.8277217618533966,0.3436427536518511,0.3421249482670949,1.2037100208833493,0.2692014673650073,0.34501385799472056,0.8839134569768611,0.5841383197212315,-0.6346847228976005,-0.6608329728248301,-0.6978274965312384,-0.025405824425361403,-0.44541496736468245,-0.8656330827735822,-1.0996718489615938,-0.7036964187794109,1
0.4161082917320974,-1.5708003115118816,0.5693561964423357,0.5985369837740325,1,0,0,1,0,0,-0.6343500496942954,0.046447449921777705,-0.6431763394547153,0.04594961747738333,0.028607827352802408,2.1050084526841485e-4,-1.0086094456201722,-0.5717948855021789,0.4430180280754009,-0.45370777757635267,0.05990673289031958,-0.6142598463121368,-0.1125653720605457,-1.14552372715555,-0.3132967543523239,-0.4851082967598509,-0.45078893715046076,-0.04757390109791568,-0.31054414497595056,-0.529783266025729,0.25790217553159045,0.47095261408254635,-1.093107540148724,0.16593534320176695,-0.12432834166106534,0.529783266025729,0.3105441449759499,-0.8709877534198129,0.26586877533487285,1.9558253271295334,1.338521291740765,1.0589927181562884,2.27487981030138,0.5954383064766764,0.8433273810784847,2.1241353938472036,0.22331042096616224,0.4275877563966659,-0.02220782410562002,-0.5811310542328463,-0.48232991558187904,0.728342674756924,0.2044646553166367,-0.04195727479570725,-0.08511336124321738,0
-0.12359721776989524,1.0832795835486928,0.27967722576327125,-1.6014324776621007,0,1,0,0,1,0,-0.3062576875868511,-0.38616777637622773,0.009275912831576286,-0.48351481545799574,0.30588302982383064,0.07668045170783946,1.1587026873850625,0.6780490519941894,0.1480671624439702,0.856299554873964,0.6849683626039949,0.546152596789173,-0.8800682336665742,0.816765105097325,0.3615813054682181,0.04051672490067737,1.0348626820934281,1.0082080874725432,0.12891477706591967,0.617030896486598,-0.7951022233961796,-0.5684193888185209,-0.16169737023308384,-0.13065333390512177,0.09382654726373353,-0.6170308964865974,-0.12891477706592036,1.050835686536495,0.641115017460903,0.8368193712507843,0.7312577684916879,1.1614023995690306,0.7626401075935709,-0.7910682597479163,-0.9284540343304539,1.13195784435093,-0.7203933142394032,-0.482931511569848,0.19674936974096682,0.08014878545804377,0.025363519036474696,0.47455723862252236,-0.12479618717266176,0.18071947766026855,0.6571863078002155,1
-0.7661037767008384,0.18140777454752677,-0.15484123025532542,-0.4281154315628296,1,0,0,1,0,0,-0.5838743016777656,-0.03205128065648941,-0.7839013350458762,0.48861660239056914,-0.8038477716495906,-0.40226292474721076,-0.3758575778195697,-0.14615335550293557,0.02484424418899692,-0.6694891614203617,-0.421169371961567,0.6373358068709328,0.5841171179645285,-0.8902104951129711,-0.620349234605111,0.9885556070149129,-0.8706056636552112,0.08435519416432591,0.2246519615849838,0.6464429457035722,-0.3668487263405504,-0.4208521779087348,0.9594401350172194,0.04115899209918593,0.6298972394215494,-0.6464429457035722,-0.2246519615849845,-0.7874302125521474,-0.4846237089171882,0.381938901381374,0.8604627734383002,0.4274663494443799,0.1325402314653172,0.2692014673650073,0.17890935030013266,0.44983577907224165,-0.3595654154843339,-0.4070549059059717,-0.040454256926167845,0.45617065508619664,0.4484413812184362,-0.3185222492974822,-0.7833178721512579,-0.5986491559356475,0.5334696962929761,0
0.9558138012340891,-0.10203765113855341,-0.4445202009343899,-0.13478617003801185,1,0,0,1,0,0,0.5770679027024219,-0.6018939174468729,-0.8478672421327675,3.4455163316799537,-3.117380000805764,-3.1256664379229866,-0.6617450101049115,0.7008933821487199,-0.8114978821242623,0.282592463225077,-0.6506598869646055,-0.7943985989089759,0.3108012579401988,0.1597901549293981,-0.4824267640135417,-0.4056050013586888,1.6164531901227892,1.7191889975347245,0.6912331826893902,-1.7690215962405262,1.079832985266004,-1.4452827048683903,0.7017508802355731,1.2210831265717463,2.524343162855284,1.7690215962405262,-0.6912331826893908,-0.4253475354589299,-1.009968447893631,-2.1017084641056063,-1.9303653334085251,-1.381771355514063,-0.8756195703398886,-1.6882195673050053,-2.0358174189610403,-2.0306080946684437,1.2780381250194413,-1.2416975682086098,0.7441423543574326,1.026686595211671,1.5315207084042572,1.489698983160128,-0.7833178721512579,-1.4336869776455579,1.4613442825972665,0
-0.2006980048416086,-1.596568077483343,-0.8790386569529866,0.3052077222492148,1,0,0,1,0,0,-0.5207796166571032,-0.14253097554442093,-0.822280879298011,1.7182471160383073,-1.407021030027518,-1.4375140139100877,0.2094033156395415,0.07042966182772356,-0.24259694496966155,0.012740132543809339,-0.5178042202880747,-1.1749205097209061,0.3938086337352246,-0.038083241683867675,-0.3529931883757952,-0.4705125186448955,0.6037613925880867,0.3419153040615573,0.04968400367083265,-1.6517274332983856,-0.32923273420804855,-0.45028774821158324,-0.14118155436451038,0.5814683646219605,1.0069845923378618,1.6517274332983856,-0.04968400367083336,0.2152602778598393,-0.03432821836595151,1.0551619967881019,0.6149732640397371,0.8541733553308051,1.109195039464111,0.18764225758709038,0.17890935030013266,1.069946747507413,-0.3040534310604773,-0.4070549059059717,0.05990112358685037,-0.02358138547386016,0.2115177783965368,0.728342674756924,-0.20711139779498602,-0.8769950965056176,-0.1469716669968365,1
-0.09789695541265715,-0.2051087150244015,-0.15484123025532542,-0.8681093238500562,1,0,0,1,0,0,-0.8236341047562825,3.4596885498805037,-0.5408308881156891,-0.13921827163662903,2.1076124518177646,2.7683332835313195,0.7473670121486374,-0.7256540099128265,0.8475279629988826,0.6307922971420421,1.8009013773110243,1.423780077365576,-1.1078693046469492,1.0647763155366285,-1.5133507416029222,0.7554630550566626,1.5677179482805121,2.8647827639532797,2.1450319874720183,-0.18555039652161812,0.024679925284621394,-0.5200586494503682,-0.39943160402164296,0.7023625833641197,0.45564279289211057,0.18555039652161812,-2.145031987472019,1.050835686536495,-1.3852146900196616,0.16359627584405784,0.5374502610717695,1.195538960039945,0.9516700704320475,-0.8726274695258333,-1.592872065108806,1.0079356506638961,0.3065783976019474,-0.17942508891434333,1.172933525640331,0.754394896515422,1.0238272737859035,1.1724671879921262,0.2044646553166367,0.1250502895462747,1.1520527538291696,0
0.2105061928741954,-0.07626988516709207,1.0038746524609323,-0.13478617003801185,0,1,0,1,0,0,-0.1295925695289965,-0.449548232917199,-0.8478672421327675,3.3587188836577604,-2.661097045090748,-2.9414230475406513,-0.4952965594200796,0.9532688392004752,-0.34182416248510794,-0.8233606016386512,-1.5613896604078383,-0.5977008055152433,1.2507935034186568,0.2991121627372712,-0.30641951321707506,0.25685141179630416,0.333729610202443,0.679909615797823,0.416552302523086,-1.2283241134096814,0.9875912714046842,-1.6153557398991958,0.7253959794939345,1.443227622744286,2.693682435253058,1.2283241134096814,-0.4165523025230867,0.0759977097470634,-0.4846237089171882,-0.6824813981130464,-0.4574282770171454,-0.3064697006802721,-0.34003467563087314,-0.22015379130249568,-0.4301405112466897,-0.35630847989348147,1.0282341951120857,-1.4693273852002382,0.32447439948480933,0.6636309969500054,1.2607508766078017,1.109020828958526,-1.1125787146405561,-1.6006945419875402,1.275769365336409,0
1.110015375377516,0.4133176682906843,-1.6032360836506476,0.5985369837740325,0,1,0,1,0,0,-0.14221150653312897,-0.4448964562903387,-0.6431763394547153,0.03148337614035112,-0.7841962479258935,-0.36648750913899036,0.3022597171202656,-0.11254926450612962,0.12254792971634847,0.1796171212446066,0.41796392562164814,-0.19937415541270606,-0.4440494067477888,-0.7551468841151272,-0.6348654603970132,-0.4363361726119528,-0.05266428414033228,0.4992341737207954,-0.5566704711695901,0.28017642692511974,-1.1748333634565686,-0.48151688373001855,-0.6060028986771377,-0.2948721455227582,-0.05596857090381038,-0.28017642692511974,0.5566704711695893,-0.7874302125521474,-0.7097714541928067,-0.4732363819731166,-0.6124742829530796,-0.596630464683041,0.5106001571422693,-0.7910682597479163,-0.6516131881728072,-0.046252995675895824,-0.9424412519348303,-0.02767187758659086,1.5834782641026803,0.9618552383792308,0.7699805564767266,1.9655466759121307,0.6160407084282594,0.848749735028197,1.8324941171189824,1
-1.0231064002732158,-0.17934094905293926,-0.4445202009343899,-0.8681093238500562,1,0,0,1,0,0,-0.3945902466157784,-0.3140652386598935,-0.630383158037337,0.019910383070725346,-0.44903868727058277,-0.2569252988388155,0.022129360843956666,-0.28241383421096844,-0.17434043333111615,-0.32624493705593816,-0.19468237156852028,-0.5805436955247815,-0.3222437753307486,0.05304141546168613,-0.9523163181703612,-0.6490603308031818,0.19673792324876113,0.1827207239274731,-0.8195116582252774,0.020989325180847843,0.022226942419488995,-0.56638773145974,-0.41391382451479297,0.6358178193479365,0.43148784100804954,-0.020989325180847843,0.8195116582252766,0.35452284597261524,-0.6347222057676005,1.2189189659410893,0.6408142650290589,0.700558833211691,1.5817699465603012,-0.709509049969999,-0.4301405112466897,1.4420133285685155,0.27882240539001907,-0.2553016945782196,1.0725781451273115,0.6636309969500054,0.9053654723749538,1.1407440084753266,-0.04248097655033679,-0.04195727479570725,1.1520527538291696,1
1.1871161624492292,-0.2566442469673251,-0.4445202009343899,-1.6014324776621007,1,0,0,1,0,0,-0.19268725454965888,-0.424544933547825,-0.7839013350458762,0.42207189224022096,-1.420056647234133,-0.6526908340047534,1.2924952255168816,1.362051835558896,-1.1827089015278316,1.147518085240715,0.0751894186624194,0.390162165420137,0.16321700347244494,1.0771350136072169,0.16079720535294506,-0.4343538369732112,1.0992857573086712,0.6074511384651627,-0.23432195700141584,0.7645323233097284,-0.7209854598019344,-1.708375779097111,1.180318972137558,-0.46018996198196865,0.4953078792051627,-0.7645323233097284,0.23432195700141514,1.4686233908748227,0.5660657690356972,1.2189189659410893,0.7700192699756713,1.2296755205108585,1.0776900456576979,-0.13859458152457876,-0.04256332662598434,1.6280466190990672,-0.6093693453916895,-1.5452039908641146,0.4521994292286506,1.026686595211671,0.7530574419894479,0.09387908442092041,-0.7833178721512579,-0.5429799678216537,0.9664778365683122,1
-0.38059984134227254,-0.07626988516709207,-0.4445202009343899,-0.13478617003801185,1,0,0,0,1,0,0.2742134146032426,-0.5495614303946948,-0.4896581624461761,-0.26941444366991896,-0.7420146002948131,-0.2144419928040538,0.2559763998528121,-0.5371389387348761,-0.4224589704148135,0.15624279272626737,0.057312219238013405,0.13960810764808018,-0.1782674059402077,-0.3320629939841496,-1.512027787113838,0.9911640512978995,-0.4894263217871893,-0.04782308024043736,-0.1227108960387,0.312111980532898,-0.6877348461618545,-0.7774761940392512,1.5735398490740142,-0.696380695762604,-0.1211986217781456,-0.31211198053289735,0.1227108960386993,-0.28608496734615396,-1.3852146900196616,0.15449866644666885,0.6537347655237203,0.4103980692089227,-0.4660546508565234,-0.13859458152457876,-0.09793149585751397,0.38782468222872474,-0.6371253376036178,-0.7105613285614767,0.07814755640739948,0.8840576101803024,0.5161338391675497,-0.9212626601166852,-0.12479618717266176,0.013711913318286572,0.10046155601764112,0
-0.07219669305541997,-1.9315490351123477,-0.15484123025532542,1.7718540298733036,1,0,0,1,0,0,-0.8236341047562825,3.3724677381268733,-0.23379453409861076,-0.411762258426316,2.5505964267869707,2.911882138659304,0.45827462316387324,-1.642244847823797,0.3067597768558348,1.119372592909028,2.2265015151832497,1.3111054456024245,-1.1736063572312256,0.9388823778575703,-1.7621882531161788,0.7081373060773265,1.3737885909407768,2.574369360141867,0.8847583482611019,0.9106988955914741,0.30087819029106666,0.488711084473261,0.29225880863097603,-0.14997490671978206,-0.3811903949584946,-0.9106988955914734,-0.8847583482611027,0.9672781456688292,-1.6103624352952797,0.2636699792153276,0.6020527635450756,1.178470679804488,0.9516700704320475,-1.0357458890816678,-1.4267675574142176,1.1939689411944467,0.19555442875423396,0.35171115073279,-0.2594114507727547,-0.07544647093981212,-0.1269445113490324,-0.6992004034990842,-0.6186874509066087,-0.26463402725168356,-0.1469716669968365,1
-1.1516077120594044,-1.0296772261111817,1.4383931084795292,-0.4281154315628296,1,0,0,1,0,0,-0.6722068607066928,0.1801860279440106,-0.4128990739419065,-0.30991991941360914,0.6406568672636948,0.3780883282070961,0.5226688706108895,0.0802523138560637,0.09672936581263099,0.8506223209359676,0.7186939968466142,0.993779904668917,0.05385070641073509,0.8563704197141825,-0.8085161374794624,-0.4431179109769395,1.5244489602533198,1.0995974062284841,0.28185302474922574,1.0758588642714124,0.12889144531807784,-0.9201025369668642,-0.577523049922202,0.3624816156154278,0.13920545328044692,-1.0758588642714124,-0.28185302474922647,0.744458036688388,-0.7848207026180125,-0.13662483426975403,-0.3411437725651945,0.2567835470898098,0.25856020669096863,-0.7910682597479163,-0.983822203561983,-0.046252995675895824,0.3898463742377325,-0.6346847228976005,1.0634549287170376,0.5599008260181015,0.6853649840403343,1.2041903675089267,-0.9479482933959068,-0.5986491559356475,1.2139110595827887,1
1.1871161624492292,-1.0812127580541053,-0.4445202009343899,-0.4281154315628296,1,0,0,1,0,0,-0.19268725454965888,-0.424544933547825,-0.5536240695330674,-0.0437410788122164,-0.5074907358040941,-0.2927007144470359,1.0164849306018344,-0.13101910788119878,1.4657961197421787,0.5593451926588952,0.6690491236347558,0.16872702254074168,-0.4257099328724894,0.9778387265752863,-0.04521338845951126,-0.4864775518275309,0.9965853354558012,0.5693411557770856,-0.6862106428504532,0.9106988955914741,-0.4364021059168581,0.13453405731969645,-2.4926554240186656,0.23255768985141312,-0.3139458026995752,-0.9106988955914734,0.6862106428504524,1.357213336384602,0.340918023760079,1.2098213565437015,0.7312577684916879,1.1443341193335734,1.1722050270769362,-0.38327221085833024,-0.09793149585751397,1.6900577159425842,-0.4150773999081907,0.12408133374116129,0.0051618251252043045,-1.2813097080232,-1.1254082660984612,1.8069307783281299,-0.6186874509066087,-0.26463402725168356,-0.1469716669968365,0
-0.07219669305541997,0.8771374557769975,-0.15484123025532542,-0.13478617003801185,0,1,0,1,0,0,-0.4703038686405733,-0.2733621931748661,-0.7071422465416066,0.18366823500593002,-0.59215661767578,-0.35217734289570224,-0.48948302749658484,-0.5120224671472752,1.9072759496053295,-0.9045989661314704,-0.10578223613917086,-0.4502381659773263,-0.23589009715275183,-0.546874041640117,-0.7700294345271718,1.5431652881383444,-0.8314559735148899,-0.1583461850288071,-0.47521987007162214,-0.14275387761029457,0.13420796628550988,-0.06863167855840126,-1.0565778249470341,0.39759733282683274,-0.017072142328481067,0.14275387761029457,0.4752198700716215,-0.45320004908148526,-0.6347222057676005,0.36374368258659734,1.1447137843208466,0.700558833211691,-0.655084613695,-0.05703537174666111,0.17890935030013266,0.5118468759157585,0.08453045990652028,-0.1035484832504671,-0.11343998820836432,-0.6329961396987983,-0.44848368660732285,0.5697267771729232,0.28677986593896093,0.23638866577426285,-0.023255055489598248,1
-0.35489957898503444,0.18140777454752677,-0.4445202009343899,-0.4281154315628296,1,0,0,1,0,0,1.1701579418966481,-0.6582967090475538,-0.7583149722111197,0.35842043035727916,-1.9791949588582138,-0.7832711009747577,-0.5977686280825595,-0.8877931313307648,-0.21248756943099587,-0.7157139401956717,-0.8175272907500944,0.5320910004942362,1.4695015346380644,-0.9984483171565279,-1.6909947591390524,0.7861910403723211,-0.856868352937252,-0.30765804343048064,-0.09720267704722074,0.8221130942085976,-0.16642596549451538,-0.4754774939497302,1.0805238013871743,0.11722736820461316,0.7624573185324267,-0.8221130942085976,0.09720267704722003,-0.9823978079100336,-1.6103624352952797,-0.32767463161490584,0.11107374474794844,-0.23819657973844427,-0.5605696322757617,0.5138790966987595,0.6218547041523672,-0.17027518936292965,-0.38732140769626244,-0.7105613285614767,-0.9801455471844351,-0.3477381696360611,-0.2792525417345383,-0.9847090191502859,-1.5241547677521787,-1.4336869776455579,-0.6418381130257917,0
-1.074506924987691,-0.2051087150244015,-0.4445202009343899,-0.13478617003801185,1,0,0,1,0,0,-0.5333985536612357,-0.04658808261542777,-0.5920036137852022,-0.01770184440555841,-0.09920064193564308,-0.022149133909869317,-0.23266809950241163,0.49129042226599967,-0.4099549207180452,0.011209835681795066,0.08144136505920557,-0.8618483659381688,-0.31584732142433464,-0.4918250885400475,0.6151786683341088,-2.397672858221443,0.5949975800542574,-0.05253985062155561,-0.9140739284464625,-0.26889098598050765,-0.16789517734333398,-0.05803903743261907,-1.8490078816308877,0.5748456504655333,-0.15717270132619313,0.26889098598050765,0.9140739284464617,-0.3974950218363748,0.7161642658861095,0.3728412919839863,-0.9871687972982559,-0.7331767065666972,2.1173548412693166,-0.7910682597479163,-0.4855086804782194,0.2638024885416898,-0.3595654154843339,-0.3311783002420958,-0.8524205174405927,-1.5665676780859363,-1.2946394109712458,0.41111087958892223,-0.5363722402842841,-0.7099875321636356,-1.136704559054746,1
-0.07219669305541997,0.18140777454752677,-0.15484123025532542,-0.4281154315628296,0,1,0,1,0,0,-0.4703038686405733,-0.2733621931748661,-0.7583149722111197,0.35842043035727916,-0.8590650364872796,-0.4872295368167342,-0.16703412425980088,-0.10595512217701374,0.2883046828080993,-0.48060172762542774,-0.42555702437898424,-0.5185509943994935,0.22439975242781987,-0.5873179334374803,-0.5921240308140385,1.3675912271666628,-0.7381114376962357,-0.11793450723293047,-0.8901438845537553,0.17559215780023885,-0.35457614308993624,-0.4477501251419334,0.980175133644619,-0.08263673851856448,0.4381048815348868,-0.17559215780023885,0.8901438845537545,-0.5089050763265954,-0.4846237089171882,0.2727675886127153,0.9638267773955896,0.5810808715634928,-0.5920746260821743,-0.38327221085833024,0.012804842605544792,0.5738579727592754,-0.44283339212011924,-0.5588081172337243,-0.5057382938501646,0.04124997135858002,0.008440404549195996,-0.7309235830158842,-0.7010026615289333,-0.7099875321636356,-0.3944048900113141,1
-0.07219669305541997,-0.07626988516709207,-0.15484123025532542,-0.13478617003801185,1,0,0,0,1,0,-0.8236341047562825,3.3724677381268733,-0.4896581624461761,-0.26941444366991896,2.2053139508960626,2.801872735664026,1.2544799350027043,-0.5482440385580147,-0.8375549723770682,1.4055816173305118,1.50084872121801,1.093189189291085,-0.6538466003532022,1.0690309137510903,-1.59192515484606,0.49421013905578526,1.3295982512031586,2.132273568124552,1.0614552385657117,0.43824128821613356,-0.6762217940357398,-0.8422735250748347,1.641599233804067,-0.5804432184847415,0.13057328280103087,-0.43824128821613356,-1.0614552385657123,0.8280155775560533,-1.535313186870074,-0.4277483349861756,-0.12149526415595328,0.4103980692089227,0.2270552128845555,-0.8726274695258333,-1.3160312189511594,-0.10826409251941274,-0.5816133531797613,-0.7105613285614767,0.3518440487156324,1.1822818516095268,0.8376730144258402,-0.667477223982284,-0.37174181903963527,-0.2089648391376897,0.47161139053935697,1
-0.7661037767008384,-0.2051087150244015,1.4383931084795292,-0.13478617003801185,1,0,0,1,0,0,0.009215737516460692,-0.4855995017753661,-0.6175899766199587,-0.0061288513359326405,-0.8408961603239492,-0.36872347261450417,0.5973249413547046,-0.7281582939763571,1.9527470150603479,0.10618081902999528,0.9366691199413671,-0.12715482981685242,-0.7514905396904158,0.6999369028129893,-1.1875089838295825,1.1760668590776078,0.6602106701341863,1.1040961345552616,0.5444209881177442,-0.7133741297612541,-0.13122616526922692,-0.19020032105805001,-1.4876368130822577,0.5112101627912092,-0.1397807496800259,0.7133741297612541,-0.544420988117745,0.8280155775560533,-1.009968447893631,0.5365982611369737,1.1059522828368633,1.3662217623945152,-0.2140147004052217,-0.38327221085833024,-0.6516131881728072,0.8839134569768611,-0.3040534310604773,-0.4070549059059717,-0.7429419205172992,-1.3202085221226638,-1.0746389226366257,0.2524949820049213,-0.20711139779498602,-0.5429799678216537,-1.136704559054746,1
-0.4320003660567478,-0.17934094905293926,-0.15484123025532542,0.3052077222492148,1,0,0,1,0,0,-0.4703038686405733,-0.2646401119995031,-0.34893316685501513,-0.39093087090098955,0.20039117760567188,0.09859289376787443,-0.5941066807811247,0.737405644374396,0.6307993896892985,-0.5062126856894735,-0.10980301493913891,-0.010618949640257044,-0.08282464523127893,0.8226483691700927,0.40884246081994885,0.012019159443049212,0.8957703520581061,0.8986608592610352,-0.4157307643808121,0.3978337296906128,1.6481003592909846,-0.6025429867115523,-0.8502458014929694,1.572091227641748,1.0201167160542255,-0.3978337296906128,0.41573076438081064,0.8001630639334981,0.41596727218528484,0.10901061945972781,0.09815324425328795,0.4616029099152932,0.25856020669096863,-1.1173050988595852,-1.0945585420250417,0.44983577907224165,1.8054019770460803,-0.4070549059059717,0.6255405410238652,0.054216242725068246,0.6853649840403343,1.1724671879921262,-0.7833178721512579,-0.7099875321636356,1.2139110595827887,0
0.10770514344524394,2.1397579883786295,-1.6032360836506476,-1.161438585374874,1,0,0,1,0,0,-0.2810198135785862,-0.415822852372462,-0.3617263482723934,-0.38745897298010185,-0.0907066252788064,-0.020360363129458298,-0.5949357583125747,1.4924065854488646,-0.006294082233357837,-0.6518321561323471,-1.1518035203004253,-0.6100195601637459,0.7778440090313002,-0.9624650624509478,0.5967954760187125,-0.14830077531775362,-0.9323022210555107,-1.3299526903328485,-0.6949470730335814,-0.14275387761029457,-0.13441109574531718,-1.4505182679027,-0.14042375585608877,-0.043871733112632746,0.1989610392564386,0.14275387761029457,0.6949470730335807,-0.9266927806649233,0.491016520610491,-0.1457224436671417,-0.19901826712392082,-0.5454256239766699,-0.5605696322757617,0.4323198869208419,0.8986955503100138,-0.4803306735805153,-0.19302946221276363,-1.3934507795363622,-0.25028823436248077,-0.2829068128036209,-0.2792525417345383,0.15732544345452057,0.28677986593896093,0.23638866577426285,0.10046155601764112,0
0.7502117023761872,-1.0296772261111817,-1.6032360836506476,0.3052077222492148,1,0,0,1,0,0,-0.21792512855792381,-0.4355929030366182,-0.2849672597681238,-0.41291955773327854,-0.067357416377254,-0.01588843617843075,-0.558289697507514,-0.5981951753433097,-1.8460743996129314,-0.10574740657076269,-0.951579516701912,-0.07205340888537297,1.2291218391597214,-0.4865748416519592,-1.152440264374239,-1.4801669229266214,-0.13336193728695023,-0.7484557976305594,-0.40749033797582196,0.30587169994287167,0.29013556602013385,-0.3334477067029552,1.0362205373419682,0.010618509885752801,0.5063785649518355,-0.30587169994287167,0.40749033797582124,-0.3974950218363748,-1.009968447893631,0.34554846379182197,-0.5091102789957901,-0.5283573437412127,0.9831750642384596,0.9216751455883455,1.2862727349307197,0.5118468759157585,0.16779843654230542,-0.4070549059059717,-0.323273965644676,0.2357440418559006,0.22844089288381547,-0.667477223982284,-0.7010026615289333,-0.6543183440496418,-0.023255055489598248,0
-0.9460056132015023,-0.07626988516709207,-0.4445202009343899,0.3052077222492148,1,0,0,1,0,0,-0.4198281206240434,-0.27917691395844146,-0.4768649810287978,-0.2682571443629564,-0.07404049060598678,-0.0073917749714784145,0.277826891696318,0.11266103021461915,-1.4317174792031517,0.296605666357127,-0.17848066990460235,0.1348781238581767,0.06174214910548494,-0.7320340273971113,-0.660688789867207,-0.46887061279556863,-1.8112962470777734,-1.4187863405814745,0.12355936367902995,0.06141300159968067,-1.1177648308414954,-0.8164943255802479,1.4860360087401536,-2.1967454728627356,-1.1531351050845797,-0.06141300159968067,-0.12355936367903066,-0.7038726716844818,-0.6347222057676005,-0.07294156848803632,-0.3023822710812103,-0.972132629863095,0.29006520049738066,1.0847935651441794,1.1201682272361313,-0.790386157798101,-0.9146852597229018,-0.482931511569848,1.2459192569225261,1.947291862232321,0.6853649840403343,0.12560226393772106,1.933084078385452,2.1848102497640536,0.8427612250610729,1
-1.6656129592041589,-0.7462318004251005,1.7280720791585935,0.5985369837740325,1,0,0,1,0,0,-0.05387894750420167,-0.4652479790328524,-0.11865590134220637,-0.44648123763519326,-0.05520138479970361,-0.012758087312711469,1.6796861821453775,0.025952040967386167,0.049834232796861735,1.7208544455625852,1.18272657524334,-1.143346045349957,-1.320985177182438,1.6801761164642517,-0.08291793713822455,-0.4675854790118625,1.8172516473665281,1.1735780052311129,-1.046543814281098,-0.5214382267650228,-0.6568323457086198,-0.1186853598557417,-0.5380033783252216,-0.5228077096854543,-0.391831969307706,0.5214382267650228,1.0465438142810974,1.4129183636297125,-0.18442671521636386,-0.32767463161490584,-0.5091102789957901,0.18851042614798086,0.006520256239666901,-1.3619827281933365,-1.149926711256571,0.44983577907224165,-0.7759052986632599,-0.4070549059059717,-0.934529465133063,-1.0349505520599276,-1.1423313805857394,-0.2550758902638815,0.03983423407198747,-0.2089648391376897,-1.198562864808365,0
-0.09789695541265715,-1.9315490351123477,0.27967722576327125,1.7718540298733036,0,1,0,1,0,0,-0.3945902466157784,-0.33092792893226203,-0.20820817126385424,-0.43201499629816104,0.23652660906889644,0.07936360787845599,0.30187438281538465,0.05665326550214786,-0.3371900268814409,0.7833066141560614,0.9875293882997973,0.4440058365260079,-0.8259500193201649,0.9351014137355516,0.288998907885027,0.03866449015529085,0.9032018087450385,1.106947241953692,-0.1602775458261487,0.7645323233097284,0.5145786368986442,0.21175437684548254,0.4998041464965493,-0.1625972483618219,-0.2031180380251616,-0.7645323233097284,0.160277545826148,0.7166055230658329,0.11577027848446049,-0.4095531161914002,-0.3282232720705331,0.03489590402886805,0.038025250046078915,-1.2804235184154193,-1.3713993881826885,-0.29429738304996345,0.1400424443303771,-0.17942508891434333,-1.0531312784666302,-0.671894953798262,-0.685407289429221,-1.206771275767887,-0.7833178721512579,-0.5429799678216537,-0.76555472453303,0
0.8530127518051386,-0.30817977891024867,-1.8929150543297122,-0.4281154315628296,1,0,0,1,0,0,-0.16744938054139394,-0.4390817355067634,-0.630383158037337,0.025696879605538233,-0.7221867467086976,-0.35754365523693526,0.5183576177524193,0.3242668771003018,-0.3058722895397614,0.9952838186446855,0.8416722903489445,-0.5174569552214381,-0.6974944966032003,-0.07425192459961309,0.13698269744928349,-0.8533809100606798,0.738716894949682,0.5452908174149801,-1.0760532349843712,0.3614669270176405,-0.7949805338844261,-0.3078402060734496,-0.43942784828654763,-0.612065200880449,-0.5618448482062323,-0.3614669270176405,1.0760532349843703,0.0759977097470634,0.340918023760079,0.6366719645082435,0.05939174276930372,0.3591932285025509,1.2982250023025865,-1.1988643086375024,-0.9284540343304539,1.0079356506638961,-0.8869292675109735,-0.5588081172337243,-0.9254062487227878,-0.9830854665939747,-1.1254082660984612,-0.4136917878478824,-0.8656330827735822,-0.8213259083916238,-1.0748462533011267,0
-0.8175043014153137,1.7274737328352407,-0.8790386569529866,-0.4281154315628296,1,0,0,1,0,0,-0.028641073495936725,-0.4733885881298579,0.13720772700535894,-0.5124472981320601,0.1189241916219556,0.031961182197564,1.2651562360284732,0.4677748934126775,-1.7984141906837552,1.5849627839537157,0.36835951641218123,2.0734973031659902,1.022756220714889,0.3670475296985918,-0.4545925641608024,-0.8761050397114618,0.5500162913501504,-0.357189615656741,1.0299022224398868,1.8065585321570097,-1.392480976629397,-1.0974365727438096,1.5780913722346321,-1.5957957284698736,-0.8276115504698075,-1.8065585321570103,-1.0299022224398875,0.27096530510494976,-0.4846237089171882,-0.2185033188462471,-0.625394783447741,-0.3918111018575571,-0.08799472517957138,1.4925896140337656,1.009431888773073,-0.23228628620644656,-1.3587811351137562,-1.1658209625447336,-0.7246954876967501,0.11904759955750843,-0.5330992590437151,-1.3336639938350878,-1.1125787146405561,-0.4316415915936655,-0.5181215015185524,1
0.9815140635913272,-1.0296772261111817,-0.4445202009343899,-0.4281154315628296,1,0,0,1,0,0,-0.20530619155379135,-0.4361743751149757,-0.4001058925245282,-0.3591051399595187,-0.22754669978598083,-0.05792454951808968,-0.04256095449009184,0.43349714042877346,-0.07599921618021992,0.5998568255086608,0.5691376989056142,1.5104776403615698,0.474387082432366,0.04237377381433695,-0.13617504635235855,-0.6095149000518443,1.0879681900411293,0.9094816554697465,0.7837886966584708,1.282759261399553,0.10152141878731795,-0.7314056017293729,-0.5086102186520529,0.268442761788328,0.14802493768021166,-1.282759261399553,-0.7837886966584715,-0.5089050763265954,-0.7848207026180125,-2.119903682900383,-2.020808836871154,-1.6207272788104614,-1.033144539371952,-0.9541866793037505,-1.3160312189511594,-2.2166413851989955,0.1400424443303771,-0.6346847228976005,0.21499580256151593,-0.08841274230630035,0.025363519036474696,0.5697267771729232,-1.1948939252628807,-0.8213259083916238,0.34789477903211874,0
-0.09789695541265715,-0.02473435322416849,-0.4445202009343899,-0.4281154315628296,1,0,0,0,1,0,-0.3188766245909836,-0.39779721794337847,-0.09306953850744984,-0.45747558105133773,0.2393538596173032,0.04761292652616041,-1.0976792689452515,0.46169156663971206,-1.4052451556792884,-1.1599016997944962,-1.0657326443956014,-1.0299646599971544,0.6826785485585426,-1.646851839864639,-0.06664185594388441,-0.041734568982422914,-2.6122249356672476,-2.5958551608073677,-1.4375436385994584,0.020989325180847843,-0.11916521018493487,-0.7004465127990016,1.8790779868441252,-1.0232851646004426,-1.1488426893189807,-0.020989325180847843,1.4375436385994576,-1.5951531076062477,-0.40957446049198204,-1.0827762115981268,-0.9354867953196102,-1.7743418009295742,-1.222174502210428,0.2692014673650073,1.2309045656991897,-1.1624527388592034,-0.026493508941193386,-0.5588081172337243,0.40658334717727845,1.3638096507403592,0.7869036709640054,-1.7777885070702906,1.1099319721622063,1.2384340518261547,0.038603250264021984,1
0.544609603518286,-0.07626988516709207,3.176466932553916,-0.13478617003801185,1,0,0,1,0,0,-0.5333985536612357,-0.0233291994811264,-0.8478672421327675,3.3587188836577604,-2.1033402180397163,-2.6136308020303325,2.9398038216319007,-0.09577009290673132,1.478671422832373,1.0080265263564847,1.2493292959681506,1.2583913620022726,-1.119904116163848,4.98642724737149,-1.6614232766799377,2.4772472971270694,2.6614247533300093,3.6353184430669914,2.820010003978237,-1.0805558572323073,0.8945105755546316,-1.5329299082575785,0.46800125799637127,1.277244422742947,1.9249916304664345,1.0805558572323073,-2.8200100039782376,4.727367484713779,-1.535313186870074,0.08171779126756346,1.3643622927300878,2.5951379393474188,-1.0961545269847772,-1.85133798686084,-2.534130942044804,0.6978801664463103,0.5286263352973745,-1.5452039908641146,-0.8159276517994943,-0.47740088330094144,0.025363519036474696,-0.15990635171348128,-0.8656330827735822,-1.32234860141757,-0.45626319576493324,0
1.1871161624492292,-0.17934094905293926,0.5693561964423357,-0.8681093238500562,1,0,0,1,0,0,-0.6343500496942954,0.12494618050004483,-0.5920036137852022,-0.01480859613815197,0.16770777687585575,0.10753674766992953,0.26342716161867574,0.5855882636400631,0.5852044589664548,-0.08344884174356496,0.14548309314007107,1.3046103174445498,0.8347815670743011,0.24085977416730284,0.019721684230458312,0.41520945262875747,0.16102790094992198,0.2733242497324338,1.465333844976243,0.3260326064644921,-0.1256376323750703,-0.7839815190197115,-0.3827486426276279,0.2724065116478277,0.07771278535818217,-0.3260326064644921,-1.4653338449762439,0.6887530094432773,0.5660657690356972,1.6828970452078873,1.6873748050966186,1.690519086868198,0.8886600828192224,2.3897409215908554,1.6184817503198954,1.6900577159425842,-0.026493508941193386,-0.6346847228976005,0.4339529964081015,0.15794641365697218,0.2622871218583729,0.5380035976561225,-0.37174181903963527,-0.26463402725168356,0.40975308478573785,0
-0.7661037767008384,-1.132748289997029,1.4383931084795292,1.478524768348486,1,0,0,1,0,0,0.009215737516460692,-0.4855995017753661,-0.7199354279589849,0.19350527911511192,-1.2006733977753217,-0.5230049524249546,-0.24084400945411824,-0.19593607516814235,0.7317710945568732,-0.3671760938573985,0.23694237658036346,0.2899354733911119,0.04215745364712044,0.9773499699261713,-1.2757859140631223,1.0487331884644646,1.0851942207661112,1.4788825277204458,0.8518955842960956,-0.44946226314143684,1.311456032125999,-1.0091259099006598,0.05352011422762632,1.572091227641748,1.1358042531550765,0.44946226314143684,-0.8518955842960962,0.9672781456688292,-1.1600669447440433,0.16359627584405784,0.6924962670077037,1.1443341193335734,-0.30852968182446,-0.5463906304141645,-0.9284540343304539,0.5738579727592754,1.2225261405955843,-0.9381911455531051,0.03253147435602734,0.054216242725068246,0.6853649840403343,-0.09645999267988113,-0.9479482933959068,-1.211010225189582,-0.08511336124321738,0
-1.5628119097752085,2.1397579883786295,0.27967722576327125,-1.161438585374874,1,0,0,1,0,0,-0.7983962307480176,1.7821416038190174,-0.3617263482723934,-0.38745897298010185,1.677147595670538,1.6700280243589543,-0.1297803563546104,0.8685840883919369,-0.07651989158818728,0.5657535568823813,0.4703061256624824,1.3378445591095114,-0.6045778853128951,-0.3151296572458487,-0.25790078796621324,-0.32159999726863764,0.6881815975361487,0.8984218723509014,1.98370482418619,-0.14275387761029457,-0.13441109574531718,-1.4505182679027,-0.21857172703688343,-0.081907464078436,0.26571309766450657,0.14275387761029457,-1.9837048241861908,-0.3139374809687093,-0.25947596364157,-0.054746349693259644,-0.21193876761858224,0.06903246449978255,0.6051151385615076,0.02452383803125581,-0.762349526635866,-0.35630847989348147,-0.19302946221276363,-1.3934507795363622,-0.25028823436248077,-0.32180562690308556,-0.33002188519637315,0.31594134103852145,0.28677986593896093,0.23638866577426285,0.10046155601764112,0
-1.5628119097752085,-0.07626988516709207,0.5693561964423357,-0.13478617003801185,1,0,0,0,1,0,-0.6848257977108253,0.17437130716043522,-0.5280377066983108,-0.18261699564772566,0.49767326542899815,0.2752340083334625,0.8714255438489987,1.1091594533733902,-2.377226019288431,0.6725473471947462,-0.0631107903123603,0.5498078961359981,0.015286870437800327,0.27378181187636474,0.3226765958930384,-1.0039208004531863,-0.015196376552971073,-0.26405017934246083,0.2857518833962749,0.4664671563038157,-0.9381788710176248,-1.1991058282349991,2.2409040192078065,-0.9236365437832977,-0.17574648861274514,-0.4664671563038157,-0.2857518833962756,-0.007559831120602114,-0.03432821836595151,-0.9008240236503626,-1.2197378062021575,-1.1598837124531223,-0.05648973137315825,-0.22015379130249568,-0.3747723420151606,-1.0384305451721696,-0.9701972441467586,-1.2416975682086098,-0.669956189235104,0.4821031978191731,0.05920974801103089,-1.7460653275534903,-0.28942660841731066,-0.09762646290970158,-0.45626319576493324,1
-1.3315095485600683,-1.0296772261111817,-0.15484123025532542,0.3052077222492148,1,0,0,1,0,0,-0.6722068607066928,0.1598345052014969,-0.2849672597681238,-0.41291955773327854,0.8060914147391767,0.44203688360679,0.7969607616448615,-0.36689372480319593,-0.7244105718155935,1.2000965375782153,0.7331258527665399,0.702006760574962,-0.6115073312544299,1.3252564563677853,-1.2158709751950596,0.6523185181306089,1.6896633591247483,1.767931488027404,0.2654778184316193,0.6941558255444445,0.21598729693901486,-0.7144597001379533,1.6458107209329227,0.054188264925640814,0.7729414839731327,-0.6941558255444438,-0.26547781843162,0.27096530510494976,-1.535313186870074,-2.3109534802455345,-1.7236373254939452,-1.1428154322176651,-1.7892643907258567,-1.9328971966387571,-2.2019219266556282,-1.9065859009814097,0.05677446769459199,-0.7864379342253526,-0.48749186102961545,0.37837302688726915,0.38074892326932136,-1.0798785577006862,-1.0302635040182315,-0.8769950965056176,-0.023255055489598248,1
0.33900750466038404,-0.2051087150244015,-0.15484123025532542,0.5985369837740325,1,0,0,1,0,0,-0.7479204827314877,0.4098674988952366,-0.19541498984647596,-0.43259364595164235,1.3087653055230202,0.6495342941344681,0.02229091029866114,-0.40788451130549985,-0.37500994303157537,0.19275777491713464,0.0019810179046232043,-0.417407705485767,-0.42549358216723787,0.30577934361618553,0.15682935771681167,-0.7415759711578647,0.32247512039280224,-0.10156334694370105,-0.2249492467260648,-0.34619240229020387,0.2745350638619777,0.7169425001702431,-0.23256117866800974,0.059357491066572225,-0.10173226088731124,0.34619240229020387,0.22494924672606412,0.8837206048011639,0.8662627627365218,2.1013870774877454,1.2868392897621204,1.3832900426299712,1.9283248784308402,0.35076067714292497,0.5111183656893089,2.00011320016017,0.08453045990652028,0.4275877563966659,-0.5696008087220858,-0.5940973255993336,-0.5330992590437151,-0.3502454288142823,0.12214944469431245,-0.04195727479570725,-0.45626319576493324,1
-0.9460056132015023,-0.2824120129387873,-0.4445202009343899,-0.8681093238500562,1,0,0,1,0,0,-0.4198281206240434,-0.27917691395844146,-0.7583149722111197,0.3265946994158083,-0.9441221677954132,-0.4671058655371102,-0.39923129031606147,0.7658986818732474,-1.3850502883015727,-1.0608492321054548,-1.4559358112484355,-0.25660012102072494,1.115895216909475,-0.8412444003933962,-0.7576279356280992,-0.7141295437292037,-1.646987413690139,-1.0795159476437657,-6.192842294857107e-4,-0.34935776200978186,-0.28542066524102494,-1.810195011192126,1.1757788225103731,-0.19998565416187222,0.8388506483403356,0.34935776200978186,6.192842294857107e-4,-0.8431352397972577,-0.7848207026180125,-0.3367722410122935,-0.6383152839424023,-1.1940202729240363,0.4790951633358572,0.5138790966987595,0.5664865349208381,-0.8523972546416179,-0.44283339212011924,-1.772833807855743,-0.7885580025686714,-0.127311556405765,-0.194636969298146,-0.635754044465484,-0.4540570296619595,-0.6543183440496418,-0.6418381130257917,0
-1.074506924987691,0.5421564981479937,-0.4445202009343899,1.0385308760612593,1,0,0,1,0,0,-0.5586364276695006,-0.01751447869755106,-0.6687627022894718,0.1587862999062346,-0.2634150275095082,-0.13618327116107173,-1.6025779967715696,0.3728520398535639,-0.9926960182409538,-0.6754706742977122,-0.7541148732571138,0.10718704776759097,0.3970417943576184,-0.10960303241066849,0.23379690703786546,-1.9565441615611876,0.685726883974466,0.21436519813323252,-0.5252107151899512,0.6670879417885637,2.118909657013161,-0.27753851683889996,-0.6090894815205138,1.592472343187748,1.1896721619145558,-0.6670879417885637,0.52521071518995055,-0.17467491285593337,0.11577027848446049,-0.2730889752305771,-1.2068173057074962,-0.9209277891567239,1.2982250023025865,-0.8726274695258333,-0.762349526635866,-0.23228628620644656,1.9719379303176512,-0.2553016945782196,0.023408257945752128,-0.2958730841701091,0.3299795798074865,0.6014499566897238,-1.1125787146405561,-0.9883334727336057,0.5953280020465953,1
0.18480593051695732,-0.30817977891024867,-0.4445202009343899,-0.4281154315628296,1,0,0,1,0,0,-0.7226826087232228,0.2906657228319421,-0.630383158037337,0.025696879605538233,0.44498297934688336,0.20368317711702177,0.168956790466268,0.10259303338036756,0.9338614872650643,0.3857604258233003,0.5657478850991835,-0.12486935043360531,-0.07844891628391051,-0.3468153546007546,-0.4757841329330751,0.8815376337091511,-0.11345771703538463,0.4284121566066728,-0.35307242775419667,0.17986603418274572,-0.58147234592405,-0.6174422577491068,-0.3907596309239603,-0.6336401781544576,-0.3172388714114199,-0.17986603418274572,0.35307242775419595,-0.5367575899491508,-0.7097714541928067,-0.9918001176242447,-0.44450777652248397,-0.4600842227993849,-0.9701345517591269,-0.9541866793037505,-0.9284540343304539,-0.8523972546416179,-0.7481493064513315,-0.8623145398892288,-1.1261170097488256,-1.1257144516253432,-1.2607931819966884,-0.3819686083310823,-0.9479482933959068,-0.9883334727336057,-1.198562864808365,0
-1.305809286202831,-0.10203765113855341,-0.15484123025532542,-0.4281154315628296,0,1,0,1,0,0,-0.81101516775215,2.314188555516161,-0.3361399854376369,-0.39324546951491474,1.9769767319809106,2.0836812673290024,0.3872572131917526,-0.7088641503577889,0.8305973579225221,1.4239977629542209,1.891759157849253,1.798558056373727,-1.1492649860895396,-1.0906621599135513,-0.9570483789430957,1.3337208320266212,-0.7062729411343763,0.1780578124552241,0.9153149533513734,1.5452204496827715,-1.6282673611343177,0.014188236126023825,0.2048063991837603,-2.62405726759627,-2.285540758212686,-1.5452204496827708,-0.915314953351374,-1.0102503215325889,-0.8598699510432187,0.15449866644666885,0.8346217724489774,0.47867119015075044,-0.37153966943728567,0.758556726032511,0.34501385799472056,0.20179139169817292,-1.5808290728091832,-0.4070549059059717,-1.262965255902942,-0.9830854665939747,-1.8023328455895995,-1.2702176348014877,-0.04248097655033679,0.9044189231421907,-1.198562864808365,1
-1.5628119097752085,2.1397579883786295,0.5693561964423357,-1.161438585374874,1,0,0,1,0,0,-0.6848257977108253,0.17437130716043522,-0.3617263482723934,-0.38745897298010185,0.7645816842404989,0.43354022239983764,0.08901198861948699,1.2296854121315743,-0.5363775834046762,0.253350141535373,-0.34421126317836315,0.42054549687116094,0.11565892205709079,0.020598755673106234,0.3195858234509738,-1.0460214972582857,0.7646696470042963,0.3039796361695346,0.6109019818860374,-0.032311248161722386,-0.10319130300661536,-1.3676277570753306,-0.3179046015463425,0.41597363600558485,0.744268450094742,0.032311248161722386,-0.6109019818860381,-0.3696425082138195,-0.25947596364157,-1.5103638532753727,-1.710716824999284,-1.39883963574952,-0.49755964466293656,-0.6279498401920818,-0.9284540343304539,-1.5965304167638241,-0.27629743884854874,-1.3934507795363622,-0.7246954876967501,-0.7626588533636787,-0.5669454880182719,0.12560226393772106,-0.37174181903963527,-0.4316415915936655,-0.20882997275045564,1
-1.074506924987691,-0.02473435322416849,-0.4445202009343899,-1.161438585374874,1,0,0,1,0,0,-0.5586364276695006,-0.01751447869755106,-0.8094876978806327,1.0701595041392642,-1.1334967046989404,-0.8405117659479103,0.949127146356562,-0.7043766262786337,-1.960275199878702,0.6277612895116237,0.3416353492931853,-0.661031967400595,-1.1674631453110236,0.40529801426279605,-0.01288285003550892,-1.2649337125437916,0.5369557793740577,0.29002521949370347,-0.70065935430716475,-0.20666334585120408,-0.9148154009547402,0.9538732686399783,1.4086254764777966,-0.315628843076475,-0.16098950799499828,0.20666334585120408,0.7006593543071641,0.0759977097470634,-0.3345252120667762,-0.982702508226857,-1.4006248131274146,-1.1598837124531223,0.2270552128845555,-1.1173050988595852,-0.983822203561983,-0.8523972546416179,-0.9979532363586869,0.4275877563966659,-1.0257616292358074,-0.24400799870415715,-0.3469449996836519,-1.7460653275534903,0.36909507656128593,0.29205785388825667,-1.0129879475475077,1
-0.3034990542705592,0.7740663918911503,-0.4445202009343899,0.3052077222492148,1,0,0,1,0,0,-0.6091121756860305,0.02318856678747634,-0.7327286093763631,0.2716229823350859,-0.398226511328222,-0.19208235804891607,-0.46448460361975574,-0.3536808448079731,-0.3844097931601796,-0.21578659100697914,-0.10803551677593604,-0.5732549497241591,-0.7258931858452865,-0.47563967228152226,-0.8390200705871718,0.05777285538169959,-0.6486183558746637,-0.19813687848706654,-0.06904425348519842,-0.7133741297612556,0.17062359188980564,-0.3550738291427151,0.5835572131199428,-0.35164509564137914,-0.05299063467601843,0.7133741297612556,0.06904425348519772,-0.6481676444393714,-1.009968447893631,-1.028190555213798,-0.8450432918569822,-1.0233374705694662,-0.5290646384693491,-0.709509049969999,-0.762349526635866,-0.9144083514851348,0.22331042096616224,-0.2553016945782196,0.2788583174334372,0.5469345546516133,0.36382580878204385,-0.12818317219668063,0.9453015509175579,0.6260729825722207,0.038603250264021984,1
-1.0231064002732158,-1.3131226517972627,-0.4445202009343899,-0.13478617003801185,1,0,0,0,1,0,-0.38197130961164594,-0.36349036532028395,-0.8350740607153893,2.305576514321815,-1.913965681136189,-2.0613478235784304,0.9856272237166838,0.10618841299467666,-1.1458485846278634,0.843390236475726,0.2066437729175229,-0.4988702677256291,-0.5828978732094847,0.28003988176098216,-0.8804672473531622,-0.048050986737585136,0.5060776152981329,0.6377704699354411,-0.16027754582615011,-0.5214382267650228,-1.0907260971586445,-1.0277796893570752,1.5181267936893255,-0.6375478981337475,0.35401170657138253,0.5214382267650228,0.16027754582614942,0.10385022336961848,-0.9349191994684248,-0.5278220383574467,-0.4703487775118068,-0.2552648599739003,-0.11949971898598452,-1.0357458890816678,-1.0945585420250417,-0.4183195767369984,-1.053465220782544,-1.0140677512169813,-0.2594114507727547,0.533968283285125,0.22844089288381547,-0.667477223982284,0.03983423407198747,-0.2089648391376897,-0.08511336124321738,0
-0.1749977424843705,-0.2566442469673251,-0.8790386569529866,-1.6014324776621007,1,0,0,1,0,0,-0.571255364673633,-0.01751447869755106,-0.7839013350458762,0.42207189224022096,-0.8359652222306702,-0.3396559474328251,0.36424514776031336,0.48386858941594074,-1.1391784260133917,0.6533509681393977,0.04016781422659659,-0.7669434062365994,-0.37370735233159574,-0.011815576043208856,-1.03169226590831,-0.6061761348281004,0.755599786906235,0.39406928924662815,-0.4157307643808121,-0.6337026228571595,-0.51829772903442,-1.6976514880536924,0.9481465149648283,-0.13339519285132084,0.33251183583370186,0.6337026228571595,0.41573076438081064,-0.17467491285593337,-1.0850176963188372,-0.6278957417287164,-0.8192022908676594,-0.5112890635057554,-0.08799472517957138,-1.1173050988595852,-1.0945585420250417,-0.6043528672675491,-0.6648813298155464,-1.6969572021918669,-0.9436526815433369,-0.37367071236903754,-0.39771434314548676,-1.0481553781838862,-0.6186874509066087,-0.9326642846196119,-1.2604211705619852,1
-1.5628119097752085,-1.3388904177687242,0.5693561964423357,-0.13478617003801185,1,0,0,1,0,0,-0.6848257977108253,0.17437130716043522,-0.6943490651242283,0.16167954817364105,0.04139030971397822,0.009154354747323507,-0.49209843741701614,0.9374576881835698,-1.2711223684909094,-0.48252040460492635,-0.9446259696648337,0.4834361664278285,1.1128301115382706,-0.07378681712837135,0.1420380695077433,-1.0058899521360103,0.6182326330573978,0.34004767562987837,0.8518955842960956,-0.18555039652161812,0.6105479379614086,-1.1443994772817065,0.726844466338972,1.2648828330965696,1.5600503948754973,0.18555039652161812,-0.8518955842960962,-0.45320004908148526,-0.40957446049198204,-1.5649495096597015,-1.7365578259886068,-1.467112756691348,-0.4660546508565234,-0.5463906304141645,-0.9284540343304539,-1.7825637072943747,-0.1375174777889068,-1.4693273852002382,-2.147917247699562,-1.553601406719449,-1.0746389226366257,-1.6191726094862895,-1.853415610241477,-2.1017172350134863,-1.8790042280981787,0
-1.074506924987691,-0.2824120129387873,-0.4445202009343899,-0.8681093238500562,1,0,0,1,0,0,-0.5586364276695006,-0.01751447869755106,-0.7583149722111197,0.3265946994158083,-0.6772137489839177,-0.2658691527408706,0.5679358276374299,1.277985534093524,-1.6698806666769674,0.6211097222828647,-0.1072954215162498,-0.18329181834914415,-0.324793723967409,0.39710739411921336,-0.13650020155930434,-1.1581773118561187,0.5075539548134779,0.3128899013325487,-0.2645441656443792,0.012383503443245562,-0.3929435641905658,-1.8908181579340273,1.1189263084596537,-0.3357973508105644,0.44496539244134486,-0.012383503443245562,0.2645441656443785,0.02029268250195297,-0.4846237089171882,-1.1464594773798444,-1.4781478160953823,-1.2452251136304073,0.038025250046078915,-1.1173050988595852,-1.149926711256571,-1.1004416420156866,-0.38732140769626244,-1.772833807855743,-0.058700689746716966,0.5210020119186368,0.34690269429476517,-0.3502454288142823,-0.28942660841731066,-0.32030321536567735,-0.08511336124321738,1
-0.3034990542705592,-1.3131226517972627,-0.4445202009343899,-0.13478617003801185,1,0,0,0,1,0,-0.6091121756860305,0.02318856678747634,-0.8350740607153893,2.305576514321815,-1.4576827254211728,-1.7639646813350986,0.5788855346555881,0.007316461544223533,-1.1941038514820177,-0.11187782788976891,-0.438068943667769,-0.2778765876577429,0.06353178087620255,-0.4858720366488482,-0.8903812464311106,-0.014689525507746945,-0.7876329191045591,-0.35169772816434963,0.004530982273630621,-0.3834842964864804,-1.2904320417389044,-0.9020064597361845,1.6176184112088947,-0.6298635922398566,0.2261467024732155,0.3834842964864804,-0.00453098227363133,-0.6203151308168162,-1.009968447893631,-0.8371407578686448,-0.7158382869103699,-0.9550643496276378,-0.37153966943728567,-0.38327221085833024,-0.4301405112466897,-0.728375060954584,-1.2477571662660425,-0.9381911455531051,-0.43275256256796935,0.4172718409867329,0.12690220596014448,-0.9847090191502859,-0.12479618717266176,-0.32030321536567735,-0.332546584257695,0
-1.305809286202831,-1.0812127580541053,-0.15484123025532542,-0.4281154315628296,0,1,0,1,0,0,-0.81101516775215,2.314188555516161,-0.579210432367824,-0.01480859613815197,1.5671797076776843,1.7912172447318007,-1.0965125149041044,-0.33340422555530724,1.7102379052274979,-0.620394429659357,-0.2188205287199169,0.0957810211967327,0.3696310200801289,-1.3213204163015344,-0.9653720296093242,1.5017239325864895,-0.41202102080887537,0.3416880654316058,0.416552302523086,-0.28249761283093816,0.2044795527233977,-0.5094807442249994,-0.8288647832094987,0.42955985865889046,0.6180692959907432,0.28249761283093816,-0.4165523025230867,-1.2887754577581405,-1.009968447893631,-0.5369196477548344,0.26611975068388355,0.08610074473523979,-1.033144539371952,-0.22015379130249568,-0.4301405112466897,-0.4183195767369984,-0.1375174777889068,-0.7864379342253526,-1.1626098753899237,-1.3461410648556402,-1.1254082660984612,0.062155904904119784,-0.9479482933959068,-1.1553410370755877,-1.0748462533011267,1
-1.305809286202831,-1.3131226517972627,-0.15484123025532542,-0.13478617003801185,1,0,0,0,1,0,-0.7353015457273552,0.247055316955127,-0.8350740607153893,2.3923739623440086,-0.923865887798175,-1.6588743979859513,1.1989448185317146,-0.21703740067734445,-0.9555497264034751,0.8296760812380972,0.2743362581723683,-0.40819713302172345,-0.2823256324029613,0.36198468434668396,-1.3192618302141963,0.37577726687020135,0.7441177299735793,0.9094816554697435,-0.3471945350124867,-0.21238889143210804,-1.3054711242574832,-1.0237168968157926,1.6838884004819648,-0.38298445620568605,0.5312812488184343,0.21238889143210804,0.347194535012486,-0.23037994010104354,-1.535313186870074,-1.9015610573630652,-1.4652273156007207,-1.1598837124531223,-1.3796994712424915,-1.5251011477491712,-1.592872065108806,-1.720552610450858,-1.2477571662660425,-1.0140677512169813,-0.2776578835933038,0.5987996401175653,0.39767203775660004,-0.857816301083085,-0.4540570296619595,-0.5986491559356475,-0.023255055489598248,0
-0.2263982671988458,-1.3131226517972627,-1.6032360836506476,-0.13478617003801185,1,0,0,0,1,0,-0.7605394197356201,0.4912735898652914,-0.8350740607153893,2.3923739623440086,-0.7344913508946546,-1.4710534660427943,0.5739273377101825,-0.3289730307632712,-0.7036184100831161,-0.2640667106572595,-0.6898245969764935,0.2736697425840088,0.7157537608262595,-0.4386321687938611,-1.564602570002313,0.8858917704449262,-0.4727247630698779,-0.19033603451792128,0.6225629626478131,-0.2441974779926877,-1.236336028840103,-1.1158586989482313,1.8521057321603926,-0.11200869307095788,0.710979669091053,0.2441974779926877,-0.6225629626478137,-0.5367575899491508,-1.535313186870074,-0.6097005229339397,-0.09565426316663046,-0.27233314020935756,-1.0016395455655394,-0.13859458152457876,-0.4301405112466897,-1.2244638357027204,-1.2200011740541141,-1.1658209625447336,-0.642586540004281,0.3265079414213163,0.2622871218583729,-1.2702176348014877,-0.7010026615289333,-0.8769950965056176,-0.332546584257695,1
-0.07219669305541997,-1.3131226517972627,-0.15484123025532542,-0.13478617003801185,1,0,0,0,1,0,-0.8236341047562825,2.979974085235538,-0.8350740607153893,2.3923739623440086,0.44498297934688336,0.4429312689969955,1.5682029812216027,-0.5855502673095255,-0.8170630258384406,1.4933210892972484,1.8747037566711628,0.7757213103032347,-1.1951209855973304,0.8044994087574048,-2.1148189436438907,0.6444233709572209,1.535541551981225,2.4094752941907243,0.9345219622652575,0.13114384342216406,-1.3767780895788633,-1.3148930741685207,1.7645358679535736,-0.4947637328981723,-0.08482304063365229,-0.13114384342216406,-0.9345219622652582,0.2152602778598393,-2.0606579258465163,-1.5103638532753727,-1.0130097982875779,-0.4430159425639276,-0.655084613695,-1.5251011477491712,-1.9250810804979817,-0.9764194483286528,-1.3310251429018278,-1.317574173872486,-0.5331079430809875,0.39133929825375646,0.1607484349347019,-1.5557262504526888,-0.28942660841731066,-0.26463402725168356,-0.3944048900113141,1
-1.5628119097752085,-1.3131226517972627,0.27967722576327125,-0.13478617003801185,1,0,0,1,0,0,-0.7983962307480176,1.7821416038190174,-0.7583149722111197,0.24847699619583435,0.6343575162504046,1.178563252441027,-0.346737176401793,0.3535356656313395,-0.27785053635675117,0.16346268022085514,0.1552394131555147,2.1013012132429587,0.6512377449348851,-0.0899326907729174,-0.7237305053039679,-0.2386084361048486,0.6097289521048518,0.6870651079434429,2.313158379861845,0.5717619163874247,0.3922867993297048,-1.2102561286569709,0.14005252427222883,0.3837692563829388,0.4689665114321497,-0.5717619163874247,-2.313158379861846,-0.20252742647848845,-0.7848207026180125,-0.46413877257572894,-0.5091102789957901,-0.2552648599739003,0.06953024385249205,0.5954383064766764,-0.3747723420151606,-0.9144083514851348,-0.08200549336504998,-1.3934507795363622,-1.4727992333392537,-1.1905458084577836,-0.9900233502002335,-1.016432198667086,-1.3595243465075295,-1.32234860141757,-1.3841377820692236,0
-1.305809286202831,-0.23087648099586283,-0.15484123025532542,-1.6014324776621007,1,0,0,1,0,0,-0.7353015457273552,0.247055316955127,-0.7839013350458762,0.4915098506579756,-0.2006745132716574,-0.1898463945734023,0.47948119502945574,0.30802941143134266,-0.48222858177473826,0.4542811733087077,0.07739017074252773,-1.3288290844389554,-0.6897612061953537,0.21443098065091679,-1.0471370998038283,-0.1013202087658337,0.30557849878706,0.10826181174926217,-0.9053494332772455,-0.9144498376620688,-0.4524733642516736,-1.4717789934598076,0.5574055875132067,-0.3106981488273069,0.005085575497710725,0.9144498376620688,0.9053494332772448,-0.17467491285593337,-1.2351161931692491,-1.3284116653276086,-1.168055804223513,-1.0062691903340089,-0.9701345517591269,-1.3619827281933365,-1.2052948804881005,-1.3484860293897554,-0.5538573609678327,-1.4693273852002382,-0.642586540004281,-0.2829068128036209,-0.38079122865820925,-0.6992004034990842,0.03983423407198747,-0.3759724034796717,-1.198562864808365,0
-1.5628119097752085,-0.23087648099586283,0.27967722576327125,-1.6014324776621007,1,0,0,1,0,0,-0.7983962307480176,1.7821416038190174,-0.7839013350458762,0.4915098506579756,0.44498297934688336,0.9907423204978699,0.19866085783217452,0.5706149574475047,-0.5266592040623015,0.3889788402969825,0.1560296496254844,0.9893664104639697,0.49590286184186416,-0.280453999778563,-0.6374461372061797,-0.2386084361048486,0.14529714623497494,0.16028907432851322,1.9330196617745496,-0.567767582660665,-0.556469090847175,-1.42176648345696,0.48018230816542445,-0.38141115539433035,-0.04635510287084163,0.567767582660665,-1.9330196617745503,-0.3696425082138195,-0.7097714541928067,-0.46413877257572894,-0.5091102789957901,-0.42594766232847037,-0.08799472517957138,1.0032343553662626,0.12354118106860354,-0.9764194483286528,-0.6926373220274746,-1.4693273852002382,-0.9254062487227878,-0.5681647828663581,-0.6684841749419423,-0.826093121566285,-0.37174181903963527,-0.6543183440496418,-1.3841377820692236,0
-0.2263982671988458,-0.07626988516709207,-1.6032360836506476,-0.13478617003801185,1,0,0,1,0,0,-0.7605394197356201,0.4912735898652914,-0.8478672421327675,2.9681303675578907,-1.1907743066096708,-1.9160101976700352,-1.1085405210910406,1.0438150599674074,-0.4033069153774463,-1.4583595054878413,-1.8278304446524904,-0.0203958267621136,1.1867352310069343,-0.6349101949754372,-0.7738930447544212,0.3832329633843367,-0.3836507521245188,-0.005680787722812283,0.6912331826893887,-0.7133741297612556,0.9070577935445692,-2.207937991231183,0.9364462335377765,1.589728087892554,2.370722914272176,0.7133741297612556,-0.6912331826893894,-0.7595776989295921,-0.9349191994684248,-0.9281168518425269,-0.6124742829530796,-0.71610842633123994,-0.7180946013078251,-0.5463906304141645,-0.8730858650989243,-1.4725082230767892,0.22331042096616224,-2.152216836175124,-1.6917564271858405,-1.060883094792903,-0.4654068010946016,-1.0481553781838862,-1.6887851889968277,-2.046048046899492,-1.0748462533011267,0
-0.3291993166277972,-0.02473435322416849,0.27967722576327125,-1.161438585374874,1,0,0,1,0,0,-0.7731583567397526,0.5377913561338942,-0.8094876978806327,0.7663684360615877,-0.1581902790310473,-0.17866657719583343,2.3023547893537093,-2.7606685185435573,0.2876919239767821,1.5350987368640667,2.1654700483184532,-0.12167379058687325,-2.132552158676301,2.0986723105284995,-1.7034755882207957,1.5738939534723693,1.658835867008174,2.4048458799250256,-0.40749033797582196,0.23819541748766626,-1.1045117353475709,2.0825997307966104,1.188327139672728,-0.4289461072507808,-0.4673531823228965,-0.23819541748766626,0.40749033797582124,1.1622457410267157,-1.760460932145692,-1.546754290864926,-0.6641562849317252,-0.03337721691295973,-1.5057194464681423,-2.0144564064166746,-2.146553757424099,-0.9764194483286528,-1.192245181842186,1.1104772073715516,-1.4089367184673323,-0.6978274965312384,-0.8038690908401701,-1.9681275841710915,-0.04248097655033679,0.06938110143228039,-1.3841377820692236,1
0.18480593051695732,-0.07626988516709207,-0.4445202009343899,-0.13478617003801185,1,0,0,1,0,0,-0.7479204827314877,0.2906657228319421,-0.8478672421327675,2.9681303675578907,-1.2922481779456862,-2.0702916774804856,-0.8636200022583682,0.9754560203397432,-0.34587151560121115,-0.9795892646075148,-1.3811490944884057,-0.9663992149416144,0.8273803383694477,-0.42869620678574166,-0.6787857230357603,0.4579041522884405,0.1622426310437405,0.4700940322595199,-0.2548898489945435,-1.0652566185876786,0.7725364373350916,-2.018836636970539,0.9329674615329997,1.4842389143453725,2.2545167920667244,1.0652566185876786,0.25488984899454276,-0.5924626171942612,-0.8598699510432187,-0.9372144612399159,-0.5866332819637576,-0.4942207832702994,-0.7495995951142377,-0.8726274695258333,-0.8730858650989243,-0.8523972546416179,0.19555442875423396,-2.0004636248473715,-1.4910456661598026,-0.8793552956620708,-0.3130987707090945,-0.9212626601166852,-1.4418395571298541,-1.8790404825575102,-0.9511296417938885,1
-0.020796168340944693,0.18140777454752677,-1.168717627632051,-0.4281154315628296,1,0,0,1,0,0,-0.785777293743885,0.7674728270851201,-0.7711081536284979,0.291875720206931,0.35708231377937705,0.36467254735401344,-0.5055979229788037,1.5441333673606592,0.669063219596601,-0.23391994831776758,-0.3758640892353415,-0.6514488046273078,0.28371645459391426,-1.1246265903004833,1.4918811015166515,1.3315239840299116,-0.2113473248299722,-0.039331317357144416,-0.6247379431982625,-0.26889098598050765,-0.4206674184372217,-0.6248377690854023,0.4234213573274814,0.106442369441425,0.45024234813288516,0.26889098598050765,0.6247379431982617,-1.2330704305130304,0.5660657690356972,-1.592242337851867,-0.806281790372998,-0.8355863879794388,-1.9782943535643327,-0.9541866793037505,-0.8177176958673952,-1.534519319920306,-0.49834537654397587,-0.7105613285614767,-0.49661507743988936,-0.21807545597118072,-0.1607907403235886,-0.3819686083310823,-0.5363722402842841,-0.7099875321636356,-0.5799798072721716,1
-0.020796168340944693,-0.07626988516709207,-1.168717627632051,-0.13478617003801185,1,0,0,1,0,0,-0.785777293743885,0.7674728270851201,-0.8478672421327675,2.9681303675578907,-0.923865887798175,-1.7035936674962266,-1.248892109145571,2.166165641788854,0.2393018904571739,-1.4453952285382512,-2.216610019846565,-1.7784878377814204,1.2806670173082815,-1.1206217394919853,0.9425479474697238,1.5293946328984926,-0.5513505625698392,-0.27264598280637753,-0.7532939460423284,-1.6785375276851617,0.6169028409544879,-2.0289064814903153,1.2097604108911215,1.405925924749892,2.6155158504392175,1.6785375276851617,0.7532939460423277,-1.2052179168904753,0.26586877533487285,-1.364802102917162,-0.5091102789957901,-0.6819718658603261,-1.94678935975792,-0.9541866793037505,-0.762349526635866,-1.4725082230767892,0.11228645211844858,-2.0004636248473715,-1.3906902856467844,-0.671894953798262,-0.1269445113490324,-0.7309235830158842,-1.3595243465075295,-1.9347096706715041,-0.7036964187794109,0
-0.35489957898503444,-0.6173929705677911,0.5693561964423357,-0.13478617003801185,1,0,0,0,1,0,-0.016022136491804253,-0.48792539008879626,0.17558727125749374,-0.5321213863504239,0.13356173560631449,0.03598591645348879,1.129206884797143,1.1282227053395768,-0.4847110896154578,1.750196166003944,1.459079107601954,0.8075679229636179,-1.0359577524277388,0.5254969671834644,0.20338168696325237,-1.0446902477200308,1.1146750218910377,0.3751630096896551,0.25295560183580257,0.850548042800631,-1.0451192833859768,-1.3447777607742968,-0.3871966519932616,-1.2591094362175907,-1.5306006402825822,-0.8505480428006302,-0.2529556018358033,0.35452284597261524,0.04072103005925432,-0.4095531161914002,-0.8579637923516437,-0.42594766232847037,0.2270552128845555,0.02452383803125581,-0.09793149585751397,-0.4183195767369984,-1.1367331974183288,-1.4693273852002382,-1.317704554364588,-1.2813097080232,-1.5992554717422576,-1.1433249167342867,0.12214944469431245,0.6260729825722207,-1.2604211705619852,1
-1.8455147957048228,-1.5708003115118816,0.5693561964423357,-0.13478617003801185,1,0,0,1,0,0,-0.06649788450833415,-0.4768774206000031,1.4037326873258074,-0.6721546024928958,0.6899467941850005,0.15270320987530775,0.20274986918448076,-1.568993401502067,1.345289206468658,0.04008314501114421,1.7740864969048966,0.10330716900830796,-2.8389512600703912,0.34764673844736665,-0.3070401422951343,0.6382060940512805,0.05241078506099912,0.26564428105150034,0.6109019818860374,-0.4649864905896614,0.06543589627996722,1.8459066089516707,-1.1977198365373893,-0.002180105657213756,-2.047049396591505,0.4649864905896614,-0.6109019818860381,0.3147335407975363,-0.29163992725237253,-0.009258302706318612,0.32149332423243193,0.3323716452754052,-0.38054109623911786,0.5954383064766764,0.3291943810714265,-0.12598154876041756,0.917210226264372,3.6144051942794655,3.389875113337017,1.9732244049652974,1.8530598836625478,1.0455744699249259,5.554953345767732,5.58063072471769,1.3994859768436472,1
-1.100207187344929,-0.8493028643109486,-0.4445202009343899,-0.13478617003801185,1,0,0,1,0,0,0.009215737516460692,-0.5024621920477346,0.06044863850108935,-0.5089754002111725,0.03607853437695611,0.006918391271809734,-1.6799748339106173,-0.5551220498587155,-0.15987663549851666,-0.8822142313982612,-0.010763908912605577,-0.4551097124884334,-0.7125572111886948,-0.6016090906067332,-1.3597610459626253,0.3146714598957991,-0.6363651982205971,0.34904290468080545,-0.37315522795503414,-0.2506245554141756,1.7349251868839648,-0.600256330996077,0.5347711870208401,0.5608056735825692,0.35476606949107403,0.2506245554141756,0.3731552279550334,-0.7247620569013982,-1.403977002125963,-0.8849032072049334,-0.6060140327057493,-0.801449827508525,-0.16675720969560312,-1.3415929257488572,-1.3713993881826885,-0.6353584156893081,1.8886699536818656,-0.4070549059059717,0.6164173246135901,0.8192262533478623,1.0238272737859035,-0.1916295312302808,0.28677986593896093,0.18071947766026855,0.8427612250610729,0
0.7759119647334253,1.7790092647781635,-1.6032360836506476,-0.4281154315628296,1,0,0,1,0,0,-0.16744938054139394,-0.45594442577913186,0.12441454558798068,-0.5124472981320601,0.23457543414662133,0.04537696305064663,0.57674882124706,-0.11319047542740794,-2.159054455464355,1.1089287768080303,0.13507969740834122,0.85799547715456,0.7918740098990941,-0.4879395349285472,-1.3326459888433857,-1.4311458914904545,-0.21708055565525078,-0.7265708507574382,-0.4291756706205303,1.595854703162155,-1.2895267096514607,-1.179658017046054,1.5133361676078994,-1.7133445983734787,-0.8849652425126697,-1.595854703162155,0.4291756706205296,-0.3696425082138195,-1.1600669447440433,0.5002078235474204,-0.3669847735545164,-0.42594766232847037,1.140700033270523,1.0032343553662626,1.397009073393778,0.6978801664463103,-1.2755131584779709,-1.2416975682086098,-0.7611883533378483,0.054216242725068246,-0.6346379459673855,-1.2702176348014877,-0.9479482933959068,-0.32030321536567735,-0.5181215015185524,0
0.8016122270906633,-1.880013503169424,-1.8929150543297122,1.7718540298733036,1,0,0,1,0,0,0.19849979257844777,-0.5373505167491867,-0.2977604411855021,-0.41118360877283466,-0.4210970006713637,-0.09548873590672108,-0.8814523340671546,0.43946324093453093,0.4011459495225512,-1.0143365716951631,-0.43095480258221286,-0.3994550202109038,0.04138191263896016,-1.1663242670760015,0.32315649537141955,1.1716619340845544,-1.4423921829333628,-1.0060814324343434,-0.9609518129377761,0.40825130337297294,0.06030346216659062,-0.2794460068460269,0.62902729764262455,-0.059948129051621786,-0.4219803511262599,-0.40825130337297294,0.9609518129377754,-1.1495128896453646,0.11577027848446049,-0.4914316007678933,0.14983524623193267,-0.4430159425639276,-1.1591645145976028,-0.5463906304141645,-0.1532996650890431,-0.9144083514851348,-0.27629743884854874,-0.6346847228976005,-1.262965255902942,-0.8015576674631424,-0.7700228618656133,-1.6826189685198898,-0.4540570296619595,-0.32030321536567735,-1.136704559054746,1
-1.1259074497021662,0.0010334127472937634,0.27967722576327125,-1.161438585374874,0,1,0,1,0,0,1.0565875088594558,-0.6507375720289058,0.21396681550962854,-0.5350146346178304,-0.39298124726146477,-0.08699207469976873,-0.5605271756028618,1.4069194432296224,0.02766456598145171,-0.18544392768334175,-1.0802776664890335,0.41449536293913575,1.9912547178269269,0.503911352490537,2.149872648803605,-1.1198725263894542,1.0594695477890477,-0.7588041379123401,1.6167883223801918,-1.0381887348318,1.282928968422319,0.22265413553188335,-1.1631822773917624,1.3010746501505783,0.6635893226470017,1.0381887348318,-1.6167883223801924,0.7026792662545551,2.4422969796658496,0.764038496071679,0.007709740790658993,0.4360004895621079,0.06953024385249205,3.450010648703779,2.5043724580243647,-0.015247447254136822,0.917210226264372,-0.02767187758659086,-0.6517097564145549,-1.0997819088923677,-0.6007917169928287,0.28421816152172197,0.2044646553166367,-0.26463402725168356,-0.332546584257695,0
-1.7170134839186342,0.28447883843337485,-0.15484123025532542,-0.8681093238500562,1,0,0,1,0,0,0.17326191857018283,-0.5338616842790415,0.815246342126407,-0.6148682867982482,0.31334302261434804,0.06460624894006509,0.7844707569312279,0.929952112094275,-0.5434249177914455,1.168883541659346,0.6505099315070345,0.09427125059297904,-0.2482405400788318,0.18602623162374965,1.2018386302308581,-0.45010927752764096,-0.37535535192441133,-1.0099874665368822,-0.7279513648365089,0.8505480428006317,-0.9049504648902063,-0.07241290200310403,0.2905636519213822,-1.9512821963772504,-1.8317509532743899,-0.8505480428006317,0.7279513648365081,-0.14682239923337803,0.5660657690356972,-1.1464594773798444,-1.168055804223513,-1.2281568333949502,-1.0646495331783645,0.18764225758709038,0.6218547041523672,-0.9764194483286528,-0.8175392869811524,0.010266425245347094,0.253769472305182,0.3686483233624028,-0.4738683583382403,-0.42162258272708253,1.0276167615398821,1.7533740418805996,0.23964274396328444,1
-0.894605088487027,0.28447883843337485,-0.4445202009343899,0.5985369837740325,1,0,0,0,1,0,-0.4703038686405733,-0.2617327516077154,0.32910544826603294,-0.544273029073531,0.755792806589948,0.2193349214456182,-1.375022455900772,-1.8097885730940568,-0.6580902243385603,-1.5090487549484282,-1.309539600605647,-0.814076635488983,0.4654609734087957,-0.7596286040773376,-1.03169226590831,-0.8243087961128036,-1.3919943528118206,-0.9723727979495401,-0.9053494332772469,-0.21238889143210804,1.152990245924615,1.450464949258369,0.07128053876770747,0.6583497399984705,0.753132836563481,0.21238889143210804,0.9053494332772463,-0.8152827261747027,-1.0850176963188372,-0.6278957417287164,-0.9225662948249498,-1.347634795043149,0.25856020669096863,-0.30171300108041293,0.12354118106860354,-0.790386157798101,0.5286263352973745,0.6552175733882943,-1.3633206364159602,-1.1257144516253432,-0.8377153198147269,-0.826093121566285,-0.4540570296619595,-0.5986491559356475,-1.136704559054746,0
1.6497208848795075,0.6452275620338409,-1.6032360836506476,-0.13478617003801185,1,0,0,1,0,0,1.6244396740454172,-0.6902776733572181,-0.4768649810287978,-0.2723076919373254,-1.2434645926917873,-0.32042666154340665,-0.9150340493355893,2.240275107288076,-2.0903874348481812,-1.9792315029885859,-2.9966240976533367,-1.1522708483962383,2.5131012189797506,-1.2890018196532158,1.9351986141282524,-2.006516946848044,-1.7144493459657044,-2.865218330289209,-0.7279513648365089,-0.8495867060811616,-0.015578310352704322,-1.136208401885552,0.8412736280054514,0.973795447479894,1.09843005947592,0.8495867060811616,0.7279513648365081,-1.130944547230328,2.3172148989571726,0.930828001690461,-0.37990527404917784,-1.000579763588857,0.804646766002121,1.9547584694419635,2.7812133041820113,0.34648395099971346,0.1400424443303771,-0.9381911455531051,0.6711566230752374,1.0396528665781584,1.4299820214805863,-0.033013633646279864,-0.04248097655033679,-0.4316415915936655,0.9664778365683122,1
-0.6890029896291251,-1.6223358434548052,-1.168717627632051,1.7718540298733036,1,0,0,1,0,0,0.24897554059497767,-0.5414208212976894,-0.054689994255315046,-0.4788856182301454,-0.21616410222027663,-0.04629753944541806,-1.245145227296807,0.7751422592760486,1.2141645611583851,0.5908835860752693,1.3864345341106123,-2.8882797825062854,-0.8965714868166051,-0.49381558267085096,0.8748009457708555,1.0881788789228255,2.186286649868539,2.5699043579167995,-5.269341916919384,1.286800017252106,1.2379900369985772,-0.1875506936420598,-0.5662888001106658,1.3696388132181465,0.706578617896279,-1.286800017252106,5.269341916919384,0.0759977097470634,2.067050737539819,2.9019767044579075,3.237834864455966,4.404375644305862,1.6447799341731264,-2.666930084640012,-1.0945585420250417,5.100668042336026,1.1392581639597994,-0.17942508891434333,-0.0039613912850709025,-0.2958730841701091,0.24536400737109418,0.2207718024881207,-1.1125787146405561,-0.7099875321636356,0.7809029193074537,0
-1.1259074497021662,-1.0554449920826439,-0.8790386569529866,2.2118479221605303,0,1,0,0,1,0,0.7537330207602766,-0.6094530544655209,0.3035190854312764,-0.5431157297665685,-0.2255181090975203,-0.04898069561603459,-0.9856866419734119,0.015579005351750184,1.0365316771954665,-1.3222895976524411,-0.6008811170181166,-1.2504326646603747,0.4395990857308743,0.51536938471377,-0.5457689961022785,1.09701147493506,-0.8213913239209836,-0.03615448820705258,-0.5745260083472232,-1.1356331163529647,1.8855722867310902,-0.5681220731074798,-0.3145827898165344,0.9718503631108604,0.745877060021984,1.1356331163529647,0.57452600834722245,0.6887530094432773,-0.3345252120667762,0.6821600114951846,1.1963957862994923,0.7517636739180628,0.06953024385249205,-0.05703537174666111,0.2342775195316623,0.9459245538203791,2.8323736888874302,0.04820472807728505,2.2585962784629876,1.7009327062690485,2.0899834864844458,1.9972698554289314,0.5337254978059351,0.013711913318286572,2.018069034379841,0
-0.9717058755587404,-1.8542457371979617,0.27967722576327125,0.5985369837740325,1,0,0,1,0,0,-0.29363875058271866,-0.4018675224918812,-0.08027635709007157,-0.47194182238836996,0.2188822648167747,0.055662395038009994,0.1854534657803549,-0.12352246519297676,0.3708074184423002,-0.20533812386918068,0.19684779977268466,-1.4746556936840176,-1.0800104786813847,0.41308526597249545,-0.3497922315231268,1.0458579910781154,-0.1513304405584479,0.379262641242958,-0.7532939460423284,-1.2641467209678323,0.15487237191900524,-0.18087571877620182,0.5440802557406765,0.1273418836376168,0.11436437117492672,1.2641467209678323,0.7532939460423277,0.1317027369921738,-0.5596729573423944,-0.8189455390738695,-0.21193876761858224,-0.2552648599739003,-1.0016395455655394,-0.9541866793037505,-0.762349526635866,-0.4803306735805153,0.2927004014959832,0.010266425245347094,0.5958900876904731,0.806259981981374,0.8165191213167422,-0.10439078755908072,1.5420868279294104,0.9183362201706894,0.08499697957923605,1
-0.8432045637725518,-0.02473435322416849,-0.15484123025532542,-0.13478617003801185,1,0,0,0,1,0,0.07231042253712305,-0.5140916336148853,-0.5152445252809326,-0.23469546446104164,-0.6569574689866768,-0.21399480010895106,1.8628197976025012,0.3352558042256064,-1.4366756965605418,1.2107860400245156,0.36365018252656106,0.48950464813193734,-0.026367968164410394,1.485810178129131,-0.6545457727973127,0.2724413556426931,0.5059913805133536,0.3448406779047675,0.46109514795545875,0.21031740340811067,-1.105692251408698,-1.1158586989482313,2.2377610943957267,-1.1339614352638507,-0.13609324322095834,-0.21031740340811067,-0.4610951479554595,1.6078859589875987,-0.4846237089171882,0.5184030423421971,0.5891322630504142,0.785900234388976,0.038025250046078915,0.4323198869208419,0.2342775195316623,0.5738579727592754,-1.1089772052064004,-1.1658209625447336,-0.642586540004281,0.5080357405521495,-0.008482709938082702,-1.5240030709358887,-0.37174181903963527,-0.32030321536567735,-0.6418381130257917,0
-1.5885121721324456,1.7790092647781635,0.5693561964423357,-0.4281154315628296,0,1,0,1,0,0,0.2742134146032426,-0.5449096537678346,0.12441454558798068,-0.5124472981320601,-0.09920064193564308,-0.023043519300074828,0.8301620377629733,-0.14922747051326654,0.18111970936908228,0.9822857880404449,0.7218318225910236,2.145271631224937,1.0288591286761415,-0.021968948963885765,-1.3009779737476543,1.5917974442748783,-0.12900788910692176,0.34019387177360894,1.8265808207101075,1.1143140211580842,-1.1763116368465552,-1.0984717880094474,1.3520062088822276,-1.4549267423424799,-0.606283619355832,-1.1143140211580842,-1.826580820710108,0.26168113389743136,-1.0183072532742095,1.1734309189541483,1.9457848149898431,1.7872393415357872,-0.35053634023301067,2.6797292230234495,1.6738499195514247,0.6220888258597909,-1.1367331974183288,-1.0899443568808573,-0.323273965644676,0.39133929825375646,-0.24540631275998087,-0.826093121566285,-0.6186874509066087,-0.15329565102369538,-0.1469716669968365,0
0.8016122270906633,0.0010334127472937634,-1.8929150543297122,-1.161438585374874,1,0,0,1,0,0,0.19849979257844777,-0.5373505167491867,0.21396681550962854,-0.5350146346178304,0.004562891386885699,2.1050084526841485e-4,-1.6681445872444018,0.04097300553268116,1.855116305018234,-1.8553187057703184,-1.1801596222647022,-1.2832044540800858,0.4948382790064985,-1.0754871491613969,0.22170443852238655,1.2085546338429936,-1.3017987875001735,-0.8792338516688805,-0.5796783524084306,-1.1752198963459366,1.2449815683414847,0.16586190361540323,-1.3215252812763831,1.215574482688925,0.675864581229097,1.1752198963459366,0.5796783524084299,-1.0659553487776992,0.04072103005925432,-0.45504116317834126,0.2015172482105774,-0.34060626115118536,-1.1591645145976028,-0.38327221085833024,-0.1532996650890431,-0.9764194483286528,1.0282341951120857,0.04820472807728505,-0.2959043164138529,-0.9052878383950472,-0.4315605721200442,0.7917890337905242,0.2044646553166367,-0.32030321536567735,-0.08511336124321738,0
0.2876069799459088,-1.7254069073406524,0.5693561964423357,-0.13478617003801185,0,1,0,1,0,0,0.33730809962390496,-0.5495614303946948,0.16279408984011548,-0.5286494884295363,-0.11041864963739408,-0.014099665398019734,0.528363084500886,0.21558510271633333,0.3625101696139098,0.5067097451175867,1.3064402783035483,0.7192400269303564,-0.735210252071407,1.0157881604542116,1.222404455857137,0.06877292319749315,1.0985319319461169,1.4176737670283601,0.6152054390719316,0.37080434932556694,0.28026183047699665,0.928680629967247,-0.4264533906467323,0.4047532836920712,-0.31435384027395713,-0.37080434932556694,-0.6152054390719323,0.438080386840281,0.491016520610491,-1.3375092747249961,-1.1034533017502068,-0.6819718658603261,-0.5605696322757617,-0.46483142063624716,-0.762349526635866,-1.0384305451721696,-0.026493508941193386,0.4275877563966659,-0.9801455471844351,-1.0219842806934394,-0.8207922053274488,-0.8895394805998851,0.03983423407198747,0.23638866577426285,-0.76555472453303,1
-1.6142124344896835,1.6501704349208541,1.7280720791585935,-1.6014324776621007,1,0,0,1,0,0,-0.0412600105000692,-0.4838550855402935,1.634009952838616,-0.6843062452160029,0.7324642336594129,0.15672794413123253,1.5496849651423235,-1.0890375294515562,1.0394604479863472,1.6480595390741368,1.8430904490583384,-0.7984722977097505,-2.07004593791411,1.3046930865884623,-0.060072846310179104,-0.49360510204428254,1.1143419366848177,0.2954362418214944,-1.5495845239304507,0.44783808336594555,-0.8512407081556712,1.4345585277117547,-1.917002778988408,-1.1214597241298876,-2.1076718627688744,-0.4478380833659462,1.54958452393045,1.050835686536495,-0.18442671521636386,-0.3913578973966235,-0.5737127814690962,-0.135786898325702,-0.34003467563087314,-1.1988643086375024,-0.7069813574043363,0.3258135853852078,-0.7481493064513315,1.5277985385228705,0.37921369794645543,-0.7172769035809703,-1.0661773653929865,0.6490347259649236,1.2334047880956935,1.6837875567381073,-0.30161743138088487,0
-1.0488066626304537,-0.1535731830814779,2.1625905351771904,-0.13478617003801185,0,1,0,1,0,0,0.31207022561564,-0.5483984862379798,-0.5408308881156891,-0.046634327079622846,-0.8617833217984601,-0.38571679502840883,1.5187485598034716,0.0033565192792189397,0.5241365268939864,0.3568716360311819,0.6499965746417912,0.2481946874530305,-0.6492772905788184,1.9634636396212661,-0.407354488945409,-0.4072599222756202,1.1252098738265388,0.9094816554697435,1.3266889502382984,-0.9772859963810728,-0.14998710892267164,-0.4126857126582518,-1.1257691368314897,0.633628292817413,0.0429044390817208,0.9772859963810728,-1.326688950238299,2.8612490720025816,0.19081952690966666,2.083191858692969,1.4935672976767,1.9806798508709664,2.0228398598500785,0.4323198869208419,-0.1532996650890431,1.876091006473136,-0.16527347000083534,-0.4070549059059717,-0.06782390615699217,-0.6329961396987983,-0.36386811417093057,0.5697267771729232,0.12214944469431245,-0.32030321536567735,-0.6418381130257917,0
-0.9717058755587404,0.0783367106616796,0.27967722576327125,-0.8681093238500562,1,0,0,1,0,0,-0.29363875058271866,-0.4018675224918812,-0.5920036137852022,-0.020595092672964856,-0.48307252103177484,-0.2931479071421386,0.030879012903220125,-0.552273710955041,1.999528795984655,-0.46551101517337756,0.07299237858257597,-0.35686797525765473,6.930096461877597e-4,0.6022587505861219,-0.2693320908739697,0.8767243012001422,0.2506438729322876,0.7307392682374866,-0.11207882534413707,-0.3755669404878874,0.5588318282668072,0.48820202412622155,-1.8523994769853467,0.8774095231360413,0.6185310015464268,0.3755669404878874,0.11207882534413637,0.2152602778598393,-0.5596729573423944,-1.0463857740085747,-0.4961897785011287,-0.3747428216220998,-1.0016395455655394,-0.8726274695258333,-0.9284540343304539,-0.728375060954584,0.05677446769459199,-0.1035484832504671,-1.4271831512878814,-1.981488361813554,-1.6161785862295364,0.37938770007212164,-0.8656330827735822,-1.0996718489615938,-1.136704559054746,1
-0.020796168340944693,1.7790092647781635,-0.15484123025532542,-0.4281154315628296,0,1,0,1,0,0,-0.4955417426488382,-0.23847386847341406,0.12441454558798068,-0.5124472981320601,0.6785537856756793,0.21262703101907687,-0.04212629889709173,-0.17327100485166683,0.7033630784070221,0.11558824139753247,0.42592385337506833,0.6647869551383917,0.12510047118522186,-1.2403063216593566,-1.105929719696858,2.145150153664576,-1.2287804035455572,-0.13102867848940877,-0.49529816032406576,1.3979208031972914,-1.1807218184341977,-0.8700762234450257,1.1941481359557276,-1.3745898710135551,-0.6816458713012543,-1.3979208031972914,0.4952981603240644,-1.2330704305130304,-1.1600669447440433,-0.6915790075104341,0.42116575661981864,-0.11871861809024475,-1.411204465048904,-0.6279498401920818,-0.4855086804782194,-0.6663639641110671,-1.1644891896302574,-0.9381911455531051,-0.5604775923118106,0.09311505682453199,-0.4654068010946016,-0.9847090191502859,-1.0302635040182315,-0.5429799678216537,-0.45626319576493324,1
0.004904094016293398,0.28447883843337485,-1.168717627632051,0.5985369837740325,1,0,0,0,1,0,0.22373766658671274,-0.5402578771409743,0.32910544826603294,-0.544273029073531,0.05570124632004115,0.005129620491398716,0.3711312432511696,-1.4341139854561766,-0.8150183888097065,0.010068366890477892,-0.4610718513595513,0.38473208793302505,-0.2502829325794703,1.6810597135065142,-0.7371933145107152,-0.9660950259478605,1.2674939980926494,1.024550462812579,1.5275383624814358,-0.9902652685099177,1.1636280303363786,1.2298623724885698,0.14332510955203998,1.2432236375623134,1.5996901025758874,0.9902652685099177,-1.5275383624814365,1.07868820015905,-0.9349191994684248,-1.0554833834059623,-1.3231018101594472,-0.8526546682148961,0.1010352376589052,-0.13859458152457876,-0.762349526635866,-0.8523972546416179,0.6118943119331598,0.5793409677244183,-1.1717330918001976,-0.9312203811280227,-0.44848368660732285,-0.4136917878478824,-0.04248097655033679,-0.48731077970765985,-0.8892713360402683,0
-0.020796168340944693,-0.978141694168258,-0.15484123025532542,0.3052077222492148,0,1,0,1,0,0,-0.4955417426488382,-0.23847386847341406,-0.31055362260288033,-0.39729601708928375,0.2950380208200187,0.12363568469362869,-1.458888116552525,-0.5292278039212224,0.9697054092010525,-0.9391927258498137,-0.513809784172629,-0.18071558601833923,0.23401548434187688,-1.1274568450115214,-0.937855717896453,2.3834716040406816,-1.1706480631372527,-0.18724512680924424,-0.20147967785109497,-0.04664941409013511,0.9020778442239409,-0.21314150036846738,1.069539321234319,0.10799420058942635,0.4851694617318926,0.04664941409013511,0.20147967785109425,-1.0938078624002545,-0.9349191994684248,-0.2912841940253525,0.9379857764062678,0.3591932285025509,-1.4742144526617298,-0.46483142063624716,-0.4301405112466897,-0.4803306735805153,0.5841383197212315,-0.4070549059059717,-0.6790794056453779,-0.07544647093981212,-0.025405824425361403,-1.016432198667086,-0.6186874509066087,-0.7099875321636356,-0.45626319576493324,1
1.6497208848795075,0.28447883843337485,-1.6032360836506476,0.5985369837740325,1,0,0,0,1,0,1.6244396740454172,-0.6902776733572181,0.32910544826603294,-0.544273029073531,-0.4986884268039899,-0.11024609484511197,-1.2274669653163572,-0.23497070721574725,-1.4203989772356802,-0.7974285177109296,-1.8550325159869898,-0.898192074101086,0.8917986362542623,-0.3136240665880964,0.7123108180187097,-1.8551680736525065,0.018261387570564846,-0.9334729107088781,0.2181716668474233,-1.4414068652642016,1.3934532231161676,1.0360820102787542,0.07746798323479624,1.0953821609478693,1.5002785112428922,1.4414068652642016,-0.21817166684742473,-0.1561065704408964,0.9413120111617277,0.6882250844267777,-0.46604194401358573,-0.4316370890736236,1.3297299961089997,1.1391663716627913,1.1201682272361313,0.03642846678212782,0.7229182807808735,0.35171115073279,-1.3359509871851372,-1.0997819088923677,-0.6684841749419423,-0.4771381468814831,-0.04248097655033679,-0.6543183440496418,-1.198562864808365,0
0.2876069799459088,-0.02473435322416849,0.5693561964423357,-0.13478617003801185,0,1,0,0,1,0,0.33730809962390496,-0.5495614303946948,-0.5152445252809326,-0.23469546446104164,-0.8254325630108704,-0.2412735545102191,2.1911701228061564,1.1429179935119407,-1.7563584204669414,1.5513456770443699,1.367157888207328,0.9828941823055086,0.13157147758371154,1.9730070567390354,0.5365870680588152,0.18178340474705745,1.3834043750539382,2.032502911832063,1.4159231644047408,-0.06374491962016399,-1.075469990896233,-1.0311496688544757,2.583675589779761,-0.724007827882566,0.2069712862654077,0.06374491962016399,-1.4159231644047414,0.8837206048011639,-0.25947596364157,-1.919756276157842,-1.5556708190633497,-1.05747403104038,-0.8126095827270634,-0.709509049969999,-1.2606630497196296,-1.7825637072943747,-1.0812212129944723,-1.0899443568808573,-0.6243401071837319,0.6895635396829819,0.3299795798074865,-1.8095116865870906,-0.8656330827735822,-0.9883334727336057,-0.76555472453303,1
1.0072143259485644,0.9544407536913834,-0.4445202009343899,-0.4281154315628296,1,0,0,1,0,0,-0.21792512855792381,-0.433267014723188,3.9623689708014602,-0.7583734008616079,1.3318651197796298,0.25287437357832476,0.3621371900070264,-0.816976500040094,0.36504455418470366,1.4725742404340934,1.770722572254528,0.6088238181378666,-1.029417462928154,0.20796723585251806,0.07782993190128529,-0.4117451673048961,1.4343091031400763,1.227987777090076,1.0614552385657117,-0.2223753081429896,-0.29576216644076314,1.199294202675191,-0.9127923192243065,-0.5671164419431778,-1.103135010876064,0.2223753081429896,-1.0614552385657123,-0.45320004908148526,-0.7097714541928067,-2.3200510896429227,-2.111252340333782,-1.6207272788104614,-1.2851844898232538,-0.8726274695258333,-1.3160312189511594,-2.340663578886029,-0.22078545442469194,1.2622304186993043,0.3062279666642602,-0.23104172733766892,-0.4315605721200442,0.3476645205553221,0.9453015509175579,0.9044189231421907,-0.332546584257695,1
-0.38059984134227254,0.1298722426046032,-0.15484123025532542,-1.6014324776621007,1,0,0,1,0,0,-0.40720918361991093,-0.32104290360018395,-0.2721740783507456,-0.41639145565416624,0.1876846167205568,0.07489168092742844,1.4101308573627678,-0.7816206739985709,0.26035339389172213,1.4310677068854274,1.9100727515483258,0.6977759203051384,-1.863283291156212,0.9525347931475686,-0.26121125296252123,0.29431313821649896,0.9045127989490774,1.2755211779816413,0.328888191831712,0.625495827724652,-1.0090597416160894,0.8111232056393142,-0.06015549088357366,-1.0363807391333701,-1.2378899544226605,-0.625495827724652,-0.3288881918317127,0.7723105503109431,-0.3345252120667762,-0.30038180342274146,-0.10857476366129187,0.2567835470898098,0.038025250046078915,-1.0357458890816678,-1.2606630497196296,-0.046252995675895824,-0.9979532363586869,0.5793409677244183,-0.40538291333714505,-0.37367071236903754,-0.7361766328910565,-0.667477223982284,0.28677986593896093,0.6817421706862145,-0.8274130302866491,1
-1.5114113850607322,0.10410447663314094,0.5693561964423357,-2.6280848929989626,1,0,0,1,0,0,-0.6974447347149578,0.20344491107831195,-0.24658771551598904,-0.427964448723792,0.9585435369726397,0.4872033458121682,1.0109435102945705,-0.05389620347986134,-1.332077318529128,1.0920711148593467,0.6745122471184289,0.2546054484505916,-0.8727221945667383,-0.14565753153099828,-0.1091665037844681,-1.1164448602614943,0.2534915948649973,0.3094758723507736,0.6109019818860374,-0.25863368266248993,-1.551280849433668,-0.03538637632380323,0.6990749042527142,-1.2239596953971126,-0.5747560013825347,0.2586336826624906,-0.6109019818860381,-0.48105256270404034,-0.5596729573423944,-1.455778196891044,-1.6977963245046235,-1.5353858776331764,-0.11949971898598452,-0.6279498401920818,-0.9284540343304539,-1.5965304167638241,-1.5530730805972546,-0.6346847228976005,-1.8468511061605053,-1.2942759793896883,-1.5992554717422576,-1.4922798914190887,-0.12479618717266176,-0.26463402725168356,-2.002720839605417,1
1.9067235084518848,1.3151894772918502,-0.4445202009343899,-0.8681093238500562,1,0,0,1,0,0,0.11016723354952047,-0.5158360498499579,0.40586453677030254,-0.5598965697175259,0.1714586540183024,0.03598591645348879,0.4588752663675258,0.14391883786224263,0.6612914159115306,0.729383166585756,0.26751628253253085,0.07199687773289788,-0.3658366912766275,-0.05791230270474173,-0.70777877338673,0.9966275705240658,-0.05785933644441887,-0.46475946303642673,-0.3593320018427697,0.45457625868389784,-0.6959425186492892,-0.9065703592902712,0.09750707503555754,-1.0427219297673715,-0.8015314267259086,-0.45457625868389784,0.359332001842769,-0.03541234474315745,-0.6347222057676005,0.10901061945972781,0.6149732640397371,0.5640125913280355,-1.2536794960168407,0.18764225758709038,0.40038202722625016,-0.17027518936292965,-0.5538573609678327,-0.7105613285614767,0.6437869738444144,0.5987996401175653,0.10997909147286698,0.3476645205553221,0.9453015509175579,1.3497724280541432,0.5953280020465953,0
0.8273124894479005,-0.5916252045963298,-0.8790386569529866,-1.161438585374874,1,0,0,1,0,0,-0.10435469552073157,-0.466992395267925,-0.4512786181940413,-0.28677393327435763,-0.40278208077225874,-0.13752484924638,-0.49944240375767307,-0.3401517425161624,0.3262575835956113,-1.4137711364546572,-1.7821640399519652,-0.3822367382033975,1.9454127231584561,-1.0612826516176745,-0.7764598413637281,0.4511613483435892,-1.6565938938421962,-2.0481462832640713,-0.9609518129377747,0.43173498641965286,-0.3659343005831562,-0.31097148233377686,0.007368598781791083,0.26726344871524654,0.31728432886116525,-0.43173498641965286,0.960951812937774,-0.9983135299800652,-0.7204927753964075,0.016734867000505388,0.2476618928343671,-0.44789259405977305,-1.1006552403856933,0.7119514633022728,1.436557765702013,-0.30315611117046587,-0.16527347000083534,-0.02767187758659086,0.9174834661526473,0.7803274392483975,0.854596128913119,0.7600658542737248,-0.7010026615289333,-0.5986491559356475,0.8427612250610729,0
0.6474106529472365,0.5936920300909173,-2.327433510348309,3.2385003374973924,1,0,0,1,0,0,1.6118207370412847,-0.6902776733572181,-0.579210432367824,-0.023488340940371298,-1.4442480314169726,-0.5127195204375912,-4.356753098998289,1.4357038262931912,-1.133121523456975,-3.3086558911334407,-3.9052088153096687,-2.4972046976320805,2.7804119325625116,-1.5381320489466745,0.3939343001496318,0.7817620901619904,-1.9299797126256826,-2.063001175956547,-1.4375436385994584,-1.9801510895363814,4.5212878192362815,-1.5759138241532793,2.3346105901256617,2.5560458064010705,3.062843603548578,1.9801510895363814,1.4375436385994576,-1.4837430531160272,0.11577027848446049,-0.6551885699208807,-0.18609776662925942,-0.9209277891567239,-1.537224440274555,-0.05703537174666111,0.7879592118469556,-0.8523972546416179,4.22017329948385,-1.4693273852002382,0.03253147435602734,1.234146937075479,2.37767643276818,-1.3653871733518879,-1.6064699783745033,-2.213055611241474,0.5334696962929761,1
-0.9717058755587404,0.7225308599482267,-0.4445202009343899,-1.6014324776621007,1,0,0,1,0,0,-0.38197130961164594,-0.34023148218598254,0.9687645191349462,-0.6322277764026869,0.8966786192332825,0.22693719726236503,1.0922448051453393,-1.2092606859517894,0.08196709143366027,1.7985007606260657,2.207336868450623,0.7097201902630226,-2.2867192984173106,0.37866340904679485,-0.686871163592291,-0.049877340185590445,0.24230696736760987,0.5469324543410249,0.1590389773671773,0.8102407703119214,-1.1404369730764814,0.9716557884523622,-0.1621736766377985,-2.1893910569567194,-2.3356729455392387,-0.8102407703119222,-0.15903897736717798,0.0759977097470634,-0.8598699510432187,-0.9099216330477515,-0.7933612898783374,-0.6649035856248688,-0.30852968182446,-0.6279498401920818,-0.762349526635866,-0.790386157798101,-1.1644891896302574,0.5034643620605421,-0.8889133830816909,-0.8274902101961188,-1.531563013793144,-1.1116017372174867,0.8629863402952329,1.5167799923961247,-1.3222794763156045,1
1.3927182613071303,1.0059762856343069,-0.8790386569529866,1.478524768348486,1,0,0,1,0,0,-0.19268725454965888,-0.44373351213362366,1.0839031518913507,-0.648429966700163,0.7075748111665804,0.1598582929969518,-1.0414108520979346,-1.7400591786047566,1.0388467608016243,-0.29488993341598674,0.21155508628879957,0.13119895977981494,0.1163510656961829,-0.9785040072025759,-0.6191488283787897,0.7587402420983829,0.12676563082834644,0.22548810385285611,-0.1934532884955867,0.37080434932556694,0.47039746595736565,1.7680361263981073,-0.6576775529094413,0.5240759049010626,-0.05488672757587114,-0.37080434932556694,0.19345328849558602,-0.7595776989295921,-0.25947596364157,1.282602231722807,1.5452492996553449,1.5369045647490853,0.2270552128845555,0.2692014673650073,0.40038202722625016,1.5040244254120325,0.8894542340524437,2.476256109321323,1.5104925328204852,0.8710913388138142,1.0576735027604598,1.267636726542527,0.03983423407198747,0.23638866577426285,1.5232025883508855,1
-0.2263982671988458,1.2121184134060021,-0.8790386569529866,-0.4281154315628296,1,0,0,1,0,0,-0.7100636717190902,0.20925963186188729,-0.3233468040202586,-0.39671736743580244,0.9333833856429823,0.46752686722764697,-0.70749716796645,-1.6900431757240522,0.9821646160292204,-0.7655816785042708,0.09373962355336841,0.31147160096553994,-0.01483465585462767,-0.34856072777549907,-1.8622017611202815,0.987619717207949,-0.449120602934579,0.33681817123496416,-0.4633576356367666,0.8843625762614299,0.6355142622204938,0.4541244527894114,-0.3501893627097942,0.5889111545791977,0.2069712862654077,-0.8843625762614299,0.4633576356367659,-0.3974950218363748,-1.760460932145692,-0.30947941282012914,0.22735824919990022,0.03489590402886805,-0.43454965705011084,-0.709509049969999,-0.5962450189412776,-0.23228628620644656,0.9727222106882286,0.8828473903799233,1.2003031748711541,0.806259981981374,1.0238272737859035,0.9504049313745251,-0.20711139779498602,0.23638866577426285,1.646919199858125,0
-1.5114113850607322,1.3151894772918502,0.5693561964423357,-0.8681093238500562,1,0,0,1,0,0,-0.6974447347149578,0.20344491107831195,0.40586453677030254,-0.5598965697175259,1.4350827726849007,0.5891632802955962,0.40650342418905905,0.540522591745171,-0.8095697340653749,0.7151756517900958,0.6252672977177743,0.6435914570167081,-0.7495255854493019,-0.05109042593996204,0.019317753299619426,-1.1543428455642035,0.23331552530776697,0.247923986342738,0.6109019818860374,0.2718968389527333,-0.6163018583444918,-0.7225321191887314,-0.05329428817838517,-0.734804485259251,-0.570828591927099,-0.2718968389527333,-0.6109019818860381,-0.4253475354589299,-0.4846237089171882,-1.5194614626727603,-1.7623988269779296,-1.603658998575004,-0.18250970659880966,-0.6279498401920818,-0.9284540343304539,-1.720552610450858,-0.49834537654397587,-0.5588081172337243,0.4978155112800227,0.39133929825375646,0.05920974801103089,0.37938770007212164,0.8629863402952329,1.127095675598167,0.40975308478573785,1
1.5983203601650333,0.23294330649045036,-0.8790386569529866,1.0385308760612593,1,0,0,0,1,0,-0.05387894750420167,-0.4780403647567182,-0.13144908275958464,-0.45863288035830035,-0.06664997175521292,-0.013205280007814225,0.1573955630790369,-0.6232169973684649,-0.20640306654360172,0.4043696701152056,0.6679317210740263,-0.07701827046762262,-0.6156437835234357,0.3797114484242232,-0.8620140621229407,-0.0684285642106744,0.6815991254154402,1.1482557810818121,0.3735052989149339,-0.4754817429490244,0.16054084336773342,-0.00816187685610109,0.21339579870261177,0.12958468864705006,0.2527043303763201,0.4754817429490244,-0.37350529891493456,0.577342954953057,-0.6347222057676005,0.7731361054690666,0.6149732640397371,0.8883099158017184,1.2667200084961745,0.02452383803125581,-0.1532996650890431,1.0079356506638961,0.0012624832707351544,-0.17942508891434333,-0.5148615102604385,-0.3347718982695729,-0.2623294272472596,-0.4136917878478824,0.28677986593896093,0.06938110143228039,-0.332546584257695,1
-0.04649643069818187,-0.5916252045963298,-0.4445202009343899,-1.161438585374874,1,0,0,1,0,0,-0.33149556159511606,-0.3919824971598031,-0.4512786181940413,-0.28677393327435763,-0.1581902790310473,-0.07983699157812466,-0.9377493408540519,0.2763959192946606,0.39020932511609685,-1.90557055653937,-1.7331684508428318,-0.4386399210824468,2.057910498714075,-1.7079183546240952,0.20727909349566817,0.6048445100355511,-2.3351611746925913,-1.949496641506425,-0.9116105415751553,0.30587169994287167,-0.402568610344711,-0.17171442776903376,0.07438118208007337,0.2587970369517742,0.3498998379945929,-0.30587169994287167,0.9116105415751545,-1.6508581348513582,-0.25947596364157,-1.2738260089432798,-0.8192022908676594,-1.5865907183395476,-1.411204465048904,0.2692014673650073,0.8433273810784847,-1.3484860293897554,-0.24854144663662048,0.04820472807728505,0.6894030558957865,0.6247321828505417,0.7022880985276131,0.5697267771729232,-0.7010026615289333,-0.6543183440496418,0.6571863078002155,0
0.6474106529472365,-0.978141694168258,-2.327433510348309,-0.4281154315628296,1,0,0,1,0,0,1.6118207370412847,-0.6902776733572181,-0.4001058925245282,-0.33595915382026714,-1.1200620106947403,-0.27123546508210367,-1.409073299705693,0.46944329829564707,0.7276762938837897,-1.583878393875357,-1.763493959828015,-1.170009000788551,1.0692409473788695,-1.512348481562601,0.09554504622538897,0.7923803461802812,-1.8517596190054937,-1.9382955041573633,-1.6929968571541203,0.08334093927970501,0.44822994056930676,-0.5486107295704064,-0.19849203999737536,0.30354438684073837,0.400260215393268,-0.08334093927970501,1.6929968571541196,-1.4837430531160272,-0.25947596364157,-1.019092945816409,-0.5091102789957901,-1.1598837124531223,-1.6947494093066184,-0.5463906304141645,0.2896456887631914,-1.1624527388592034,0.0012624832707351544,-0.8623145398892288,-1.3359509871851372,-1.21647835119076,-1.0407926936620688,-0.667477223982284,-0.8656330827735822,-0.9326642846196119,-1.198562864808365,0
1.3927182613071303,1.2121184134060021,-0.8790386569529866,-0.4281154315628296,1,0,0,1,0,0,-0.19268725454965888,-0.44373351213362366,-0.3233468040202586,-0.39671736743580244,-0.13910844565658095,-0.03467052937274644,-0.9816826705374961,-0.7548357450005189,0.9415011594461897,-0.22377764759693922,0.11475930914311787,0.4317983140922961,-0.025556961355033454,-0.9365822952066658,-0.6575821935415661,0.8127802819396914,0.19899225202989607,0.27176311565526307,-0.12528395424331848,0.7131765006161427,0.42923165623027537,0.3772843430269463,-0.4702978263206725,0.49962647575709573,0.11613106570492307,-0.7131765006161427,0.12528395424331776,-0.7317251853070371,-0.3345252120667762,1.1461380907619838,1.4548057961927168,1.4856997240427134,0.06953024385249205,0.10608304780917345,0.17890935030013266,1.3179911348814817,0.6951622885689447,0.7310941790521709,1.0178388466656656,0.585833368751077,0.7699805564767266,0.9186817518577256,-0.12479618717266176,0.23638866577426285,1.3376276710900281,0
-0.38059984134227254,0.0010334127472937634,-0.15484123025532542,-1.161438585374874,1,0,0,1,0,0,-0.40720918361991093,-0.32104290360018395,-0.8094876978806327,0.8242334014097165,-1.420056647234133,-0.8838894573728775,1.610843005883999,-1.1081818301019981,-1.5259025644651412,1.3298870698815184,1.3943763783604244,0.6916867236130022,-1.0453383527135294,0.943884983413729,-0.5829391322953001,0.25924148874708586,0.8963887516102481,1.1400116616553044,0.6060821098378343,0.3422733367180179,-1.2967976579787441,0.9370387140381815,2.3464726186993086,-0.9077478924460219,-0.6997580804563533,-0.3422733367180179,-0.606082109837835,0.744458036688388,-0.6347222057676005,-0.3549674598070702,-0.173177266134598,0.18851042614798086,-0.08799472517957138,-0.7910682597479163,-1.0945585420250417,-0.23228628620644656,-1.3310251429018278,0.27583454506891375,-1.3359509871851372,-0.1402778277722523,-0.48232991558187904,-2.6025911745070953,-0.6186874509066087,-0.5429799678216537,-1.6934293108373202,0
-0.5862019402001745,0.5679242641194551,-1.168717627632051,1.0385308760612593,1,0,0,1,0,0,-0.43244705762817587,-0.29080635552559214,-0.630383158037337,0.10381458282551219,-0.3900490501751786,-0.3038805318246047,-1.577241650081178,0.5133178729076755,0.19674708500847385,-0.7728550029505649,-0.7539148314182631,0.5156060929674996,0.3165615995763945,-0.7844457556063006,-0.054297195327886474,0.08589451878895075,0.22295163932911075,0.3216301396965633,-0.2548898489945435,0.9560218637408522,1.4093839525972944,-0.7589386283284766,-0.18264414852586455,1.2651522776343163,1.2941354357365658,-0.9560218637408522,0.25488984899454276,-0.7317251853070371,-0.03432821836595151,0.06352257247278678,0.09815324425328795,0.18851042614798086,0.1010352376589052,-0.8726274695258333,-0.8730858650989243,0.139780294854656,0.8894542340524437,-0.9381911455531051,-0.97102233077416,-0.9052878383950472,-0.4146374576327655,-0.2550758902638815,-1.6064699783745033,-1.4893561657595522,-0.45626319576493324,0
0.004904094016293398,-1.5192647795689571,-1.168717627632051,0.5985369837740325,1,0,0,1,0,0,-0.785777293743885,0.8256200349208735,-0.7199354279589849,0.2050782721847377,0.6546137962476455,0.47647072112970207,-0.797608772217042,0.8872388790202554,2.8046643473161104,-0.620581055821619,-0.4399157102306672,-0.5786929083106696,0.26097569900373735,-1.2183607161240573,1.096987144057542,2.543959797786823,-0.9915850810750679,-0.672351772752993,-0.07652239220166908,-0.7133741297612541,-0.10827725832662612,-0.11882556624593106,-1.277635861364805,-0.14487382267694304,-0.08450867484297948,0.7133741297612541,0.07652239220166766,-1.2887754577581405,0.340918023760079,-1.455778196891044,-0.173177266134598,-0.5454256239766699,-2.702909211111825,-0.46483142063624716,-0.4855086804782194,-1.8445748041378918,-0.44283339212011924,-0.5588081172337243,-1.4180599348776075,-1.7351292058502814,-1.6669479296913718,-0.0647368131630805,-0.37174181903963527,-0.7099875321636356,-1.7552876165909395,0
-1.5114113850607322,-0.978141694168258,0.5693561964423357,-0.4281154315628296,1,0,0,1,0,0,-0.6974447347149578,0.20344491107831195,-0.4001058925245282,-0.33595915382026714,0.769169000069119,0.41609970729083023,-0.48247073073790886,0.668885941705538,-0.7012603567144909,-0.13090475122902392,-0.061089366634328506,0.4904460028548178,0.2997899876752236,-0.05156591948402203,-0.08695461228340286,-1.1708414857610387,0.3092867838828342,0.5082348338927151,0.8615353283924961,-0.18555039652161812,0.6193632365651269,-1.0051761683379234,-0.2179363776776876,0.4835273541984026,0.5756115639476985,0.18555039652161812,-0.8615353283924969,-0.48105256270404034,-0.6347222057676005,-1.746901697607466,-1.9432858339031864,-1.7572735206941175,-0.2140147004052217,-0.709509049969999,-1.0945585420250417,-1.9065859009814097,0.08453045990652028,-1.2416975682086098,-1.481922449749529,-1.3461410648556402,-1.1084851516111824,-0.7309235830158842,-1.0302635040182315,-1.211010225189582,-1.4459960878228426,1
0.5189093411610479,-0.7204640344536393,0.27967722576327125,1.0385308760612593,1,0,0,1,0,0,0.7032572727437467,-0.6059642219953757,2.3760144750465555,-0.7178679251179176,0.46882660967975487,0.08875465447561383,-0.8175510454375152,-0.31214332289626395,1.391874989524976,-0.6759835200716555,0.35466869255217265,-1.3516805948547208,-0.6973359417128263,-1.0443033219956435,-0.03824913652709031,0.9922515331414825,-0.44805452298843595,0.30856677267938326,-2.501932049243882,0.6378546273322141,0.09336905539259187,0.3901093613468781,-0.9056226403346764,0.4689269295534457,-0.1598312746869271,-0.6378546273322141,2.5019320492438806,-0.8988402670423681,0.19081952690966666,0.7185504490847379,1.1705547853101694,0.9053781960371756,0.2270552128845555,-1.4435419379712537,-0.5408768497097485,1.3800022317249987,0.27882240539001907,0.6552175733882943,0.7806352199985308,0.14498014229048395,0.3299795798074865,0.9186817518577256,-0.04248097655033679,0.29205785388825667,0.8427612250610729,0
0.2619067175886707,-0.514321906681944,-0.4445202009343899,0.3052077222492148,1,0,0,1,0,0,1.5234881780123575,-0.6833000084169277,0.29072590401389814,-0.5431157297665685,-0.4926973681339679,-0.10577416789408443,0.26219726837307206,0.8314375547772319,-0.1520830998115296,-0.04758017563661188,-0.06486926944736905,1.0528880172815407,0.6179260806265514,-0.6439486024867033,0.7873812570402013,0.4856352382337609,-0.8424339364398774,-0.8221020199393264,-0.6711839829354725,2.1016857808501404,-1.008017540451728,-0.35239287852776263,0.6959192721974604,-0.7710653230066788,-0.7182893859794302,-2.1016857808501395,0.6711839829354719,-0.7038726716844818,0.491016520610491,-0.555114866549611,-0.23777976860790415,-0.5454256239766699,-0.9386295579527137,-0.05703537174666111,0.2896456887631914,-0.728375060954584,-0.9146852597229018,-0.2553016945782196,0.269735101023162,0.5987996401175653,0.22844089288381547,-0.5723076854318833,-0.8656330827735822,0.1250502895462747,0.47161139053935697,0
-1.3829100732745436,1.830544796721088,-0.4445202009343899,0.3052077222492148,0,1,0,1,0,0,3.2775204215867713,-0.7530766578198319,-0.016310450003180245,-0.48351481545799574,-1.062728320754533,-0.20549813890199872,-1.3221739729984292,1.7217312340427429,-1.101057655259831,-1.5478959936640322,-2.149155047990434,-2.4456045128222894,0.2758432873572169,-1.0666558571942666,2.4240106194786555,-2.099280395457259,-1.64455158254047,-3.083940033959879,-4.63070887053273,1.2571678076667228,0.772725130251531,0.06519047394410295,-0.604391643215011,0.4603984275386097,-0.21686038360933407,-1.257167807666722,4.630708870532729,-1.038102835155144,2.067050737539819,-0.2821865846279648,-1.2843403086754637,-1.7402052404586603,-0.24551969421163483,-1.85133798686084,0.5664865349208381,1.3800022317249987,0.798255973927536,0.1457603639308401,0.2619152012429265,-0.10137901367278856,0.08822080141779386,0.18451674018320632,-0.7950771879544472,-0.3043977330473934,0.33905787821017314,0
1.2385166871637046,-1.0039094601397194,0.5693561964423357,0.3052077222492148,1,0,0,1,0,0,-0.6217311126901629,0.10459465775753113,0.7384872536221374,-0.6038739433821038,1.3020290393297012,0.5471271669559373,-0.02046217777769755,-1.1678134027699285,0.5874856330353446,-0.2160505954374102,0.5946609454162443,1.9481960035980723,0.5737343862056145,-0.09940194072349608,-0.17840643734597444,0.27253421294154484,-0.0403998123599787,0.004525345899766321,1.7257789276148114,0.9455004604204603,-0.07086809164905161,1.4241368922705055,-0.5292419403375711,0.25181065363757715,-0.7686702336506818,-0.9455004604204603,-1.725778927614812,0.29881781872750485,0.340918023760079,1.6828970452078873,1.5969313016339897,1.5027680042781708,0.9201650766256344,3.042214599814193,2.0614271041721297,1.3179911348814817,0.0012624832707351544,1.4898602356909325,0.32447439948480933,-0.010615114107371936,0.09305597698558829,-0.2550758902638815,0.2044646553166367,0.793080546914203,0.5953280020465953,1
-0.25209852955608386,1.0832795835486928,1.0038746524609323,0.3052077222492148,1,0,0,1,0,0,0.40040278464456736,-0.5629352881969182,0.03486227566633282,-0.5008743050624344,-0.23279196385273812,-0.04585034675031531,-0.06717505682248355,-0.539802534822205,1.2937874109595708,-1.409789133909111,-1.0636757968613793,-0.4408988253613039,1.2629124104081395,-0.3044380652739548,-1.1200419513275883,0.5117537542560099,-1.16833876891175,-1.5836758369583532,-0.5860329100839196,-0.020113106998745453,-0.21078237600357475,-0.38113751956361974,-1.2543875632331916,0.7460294441527324,-0.16332058683098635,0.020113106998745453,0.5860329100839188,-0.4253475354589299,-1.1600669447440433,-0.6278957417287164,-0.28946177058654887,-0.71610842633123994,-1.442709458855317,0.6769975162545934,1.1201682272361313,-0.790386157798101,-0.3040534310604773,-0.482931511569848,-0.44187577897824326,-0.9830854665939747,-0.6684841749419423,0.12560226393772106,-0.12479618717266176,-0.15329565102369538,-0.332546584257695,1
-0.4577006284139859,0.026801178718756015,0.5693561964423357,-0.4281154315628296,1,0,0,0,1,0,0.45087853266109723,-0.568168536902136,-0.09306953850744984,-0.4690485741209635,-0.36060043314118295,-0.0744706792368916,-0.19143838451402942,0.2928476509422276,-0.7097972100295329,0.3477412398616707,0.5120320902432121,0.2955902515251517,-0.6275927558843464,-0.3590705994054281,-0.39912165580596715,0.7618832603729013,-0.7269439576658484,-0.6654067919919849,0.04968400367083265,0.3538738583276802,-0.09257937833234413,-0.8017739044478605,1.735935765390903,-1.190601165327329,-1.3153070160387588,-0.3538738583276802,-0.04968400367083336,-0.3696425082138195,-0.40957446049198204,-0.12752722487236504,0.279040251178545,-0.03337721691295973,-0.844114576533476,0.18764225758709038,0.17890935030013266,-0.4183195767369984,-0.05424950115312168,-0.7105613285614767,0.1785029369204177,1.0655854093111348,0.4484413812184362,-1.7777885070702906,0.8629863402952329,1.1827648637121608,-0.08511336124321738,0
-1.8712150580620608,-1.2100515879114147,1.7280720791585935,1.0385308760612593,1,0,0,1,0,0,0.059691485532990585,-0.5071139686745949,0.764073616456894,-0.6038739433821038,0.37149293648503967,0.07668045170783946,0.010052410193559987,0.29352744545200427,-1.288736638391719,0.4978135821487471,0.4967183593349007,1.9146111036050506,0.5538816808756323,-0.09751562844478395,0.5512176203200753,-1.2044130976798062,0.11046476079473574,-0.04570394180150552,0.6912331826893902,1.9257445364369274,-0.11141458802736759,0.14932208083269377,0.5514271476025688,-0.5629790673493126,-0.6903791980149943,-1.9257445364369274,-0.6912331826893908,-0.4253475354589299,-0.03432821836595151,-1.3738997123145495,-1.6719553235153006,-1.552454157868633,-0.18250970659880966,0.10608304780917345,-0.2086678343205727,-1.4725082230767892,-0.03442379243031576,0.25415551487923493,0.3401141990452791,0.5839810442701504,0.30580370196851675,-0.5405845059150832,-0.9126703459863393,-0.06581549827313367,0.07395085355180434,1
-1.280109023845593,-0.7204640344536393,-0.15484123025532542,1.0385308760612593,0,1,0,1,0,0,-0.81101516775215,2.517703782941298,2.3760144750465555,-0.7178679251179176,3.174920971632371,2.491073812567612,-1.072956030971047,-1.3792898944602627,1.6372457527609783,-1.0545514304479524,-0.2935073765113186,-0.05074887665022576,0.18456710404497964,-1.2955155723071377,-1.7214584846033996,1.8287625480668188,-0.7565171405475208,-0.17650909656103037,-0.7279513648365102,0.6527578856825103,0.19750758445608105,0.16859934665442936,-0.4004397964622959,0.6744815019671843,0.20924718618785748,-0.6527578856825103,0.7279513648365102,-1.3444804850032512,-1.760460932145692,-1.4284853686988783,-0.44450777652248397,-0.6990401460957827,-1.9782943535643327,-1.0357458890816678,-0.8730858650989243,-1.2864749325462383,0.44535835866158957,0.5034643620605421,0.9995924138451164,0.6117659114840535,0.8715192434003977,0.7917890337905242,-0.37174181903963527,-0.09762646290970158,1.0283361423219313,1
0.08200488108800677,-0.2566442469673251,-0.8790386569529866,1.0385308760612593,1,0,0,1,0,0,0.3246891626197725,-0.5489799583163374,0.39307135535292426,-0.5575819711036006,0.030289251402239127,0.008707162052220753,-0.48282971581832346,-0.00315103233654084,-0.11932781694550885,0.5395001345003425,1.0618512465664862,1.3072555146624967,-0.5849816173854756,-0.8107964164508994,-1.1916536984973585,0.4473294819847591,-0.2955085120192219,0.2885147152342761,1.2554872798984806,0.5377636082882545,-0.13875175277112464,-1.1894476247053543,0.6126481123739412,-1.0218510580970812,-1.098780161132308,-0.5377636082882545,-1.2554872798984815,-0.6203151308168162,-0.9349191994684248,0.9823811216089964,1.093031782342202,0.9053781960371756,0.7941451013999841,1.3294711944779316,0.7325910426154264,0.5738579727592754,-0.3040534310604773,-1.2416975682086098,-0.7155722712864762,-0.32180562690308556,-0.685407289429221,-1.2702176348014877,0.28677986593896093,0.6260729825722207,-0.8892713360402683,1
-0.6376024649146498,-0.2566442469673251,0.27967722576327125,-0.4281154315628296,1,0,0,1,0,0,0.3877838476404349,-0.5623538161185606,-0.6175899766199587,0.09802808629069931,-1.0844707939656002,-0.5082475934865637,-0.5093620671428981,0.18459759507441878,0.4311998334353207,-0.22588456748651192,-0.7915603404872926,-3.035854590646505,-0.2878398750041867,-1.1281161831086473,-0.7371933145107152,1.0843519901283565,-1.3370778144677296,-1.4877851641726585,-3.893824586240436,-0.2786957612109654,-0.41892004436491936,-0.9918700717618212,0.5002045579857151,-1.0206679950460835,-0.42346542886415234,0.2786957612109654,3.8938245862404353,-1.17736540326792,-0.9349191994684248,-1.0554833834059623,-0.4122065252858309,-0.8867912286858101,-1.899531869048301,-1.85133798686084,-0.26403600355210183,-0.32530293147172246,-0.5538573609678327,-1.0899443568808573,-0.7885580025686714,-0.4385020692014777,-0.7869459763528921,-0.635754044465484,0.03983423407198747,-0.09762646290970158,-0.7036964187794109,0
-1.485711122703495,-1.880013503169424,0.5693561964423357,1.7718540298733036,1,0,0,1,0,0,0.6023057767106869,-0.5914274200364373,0.047655457083711085,-0.502031604369397,-0.32300643551934244,-0.06686840342014477,-0.24282025294369125,-0.32853755832476766,0.8450621551248315,-0.5891779292746844,-0.7999453805348631,0.25723560237752346,1.1722274755878817,-0.2550205158260604,0.022748973583053417,-0.1515576721807576,-0.13793011898403154,-0.7432154889959097,1.339121780472951,-0.9772859963810728,0.08283397802022703,0.4737175316246556,-1.3075291201808967,0.6591722269490174,0.3143629029449656,0.9772859963810728,-1.3391217804729518,-0.23037994010104354,0.04072103005925432,0.07262018187017576,-0.018131260198663828,-0.06751377738387422,-0.43454965705011084,1.9003856629233515,1.2309045656991897,-0.728375060954584,-0.19302946221276363,0.04820472807728505,-1.0075151964152582,-1.436904964421056,-1.1423313805857394,0.1890486229713212,0.12214944469431245,-0.32030321536567735,-1.0129879475475077,0
1.2385166871637046,-1.2873548858258006,0.5693561964423357,-0.13478617003801185,1,0,0,0,1,0,-0.6217311126901629,0.10459465775753113,-0.8350740607153893,2.5081038930402664,-1.420056647234133,-1.857875147306677,0.6897689926427131,1.0580927532338629,-1.2606078667459475,0.17718188429127874,-0.11354255783634143,2.1360503993796898,1.4134600475151637,-0.2037424496178739,-0.31964628639056125,0.14184611503286298,-0.14777533815877444,0.23122129271626654,1.8182326763128978,1.1100169487029459,-1.162717630142824,-1.7724801426010184,1.8658348504760751,-0.38589279057047426,0.373353474808064,-1.1100169487029459,-1.8182326763128989,0.18740776423728422,0.19081952690966666,1.7192874827974407,1.5452492996553449,1.4003583228654286,1.4557499713346498,2.7975369704804414,1.784586258014483,1.3179911348814817,-1.2755131584779709,-1.848710413519619,-1.7921118076988587,-0.7885913960966542,-0.8715615487892844,-2.0315739432046915,-1.6064699783745033,-1.4336869776455579,-1.4459960878228426,0
-1.8712150580620608,-0.2566442469673251,1.7280720791585935,-0.4281154315628296,1,0,0,1,0,0,0.059691485532990585,-0.5071139686745949,-0.6175899766199587,0.09802808629069931,-0.879067847458471,-0.465764287451802,0.4082410791040094,0.8753249772140081,-1.3323047642520502,1.4036837384441139,0.7345628597605998,0.5944458119573692,-0.5796792261387289,0.07523699243762227,0.14630353968206836,-1.1702718879353182,0.6980983954661253,0.5823707313701514,1.1169885469471594,-0.2970624528398517,-0.49249324183062637,-1.0548473271839036,0.6452948584219922,-1.204063753548273,-0.38639602369609527,0.2970624528398517,-1.1169885469471603,-0.11896988561082296,-0.10937746679115769,-0.7006766169078218,-1.1422148032341901,-0.8526546682148961,0.5421051509486824,-0.05703537174666111,-0.5408768497097485,-0.6663639641110671,-0.6371253376036178,-1.1658209625447336,-0.9071598159022387,-0.47740088330094144,-0.8884846632765624,-0.667477223982284,0.2044646553166367,0.06938110143228039,-0.8274130302866491,0
0.544609603518286,-1.0554449920826439,-0.15484123025532542,1.478524768348486,1,0,0,1,0,0,0.04707254852885811,-0.5047880803611647,2.606291740559364,-0.7288622685340621,0.8797595053645976,0.17506284463044547,0.8754133982559246,-2.3092278309006713,1.1129822522511876,0.45928269226239965,0.27915079651063335,-1.0743570484089071,-0.9087522950724188,-0.4865748416519592,-1.152440264374239,0.023653356617052035,-1.393846154270632,-1.6298908992788177,-0.7581467807413153,-0.7133741297612541,-1.7034634888419284,2.014998310330925,-1.4977146816744122,-2.0025752736551596,-1.9541809377666008,0.7133741297612541,0.7581467807413146,-0.3974950218363748,-1.009968447893631,0.34554846379182197,0.3048812521678669,-0.2894014204448148,-0.34003467563087314,0.758556726032511,1.3416409041622488,0.07776919801113909,-1.5808290728091832,2.096873081001942,0.37921369794645543,-0.4903671546674297,-1.1931007240475748,1.0455744699249259,1.439192814651505,1.127095675598167,-1.6934293108373202,1
-0.12359721776989524,-0.978141694168258,-0.15484123025532542,-1.6014324776621007,1,0,0,1,0,0,0.097548296545388,-0.5140916336148853,-0.016310450003180245,-0.4788856182301454,-0.08661369712453205,-0.0252794827755886,0.6549312825850693,-0.0976119035404198,0.604235711323537,0.9711042013105378,0.998743304531918,0.9823652969805257,-0.4972498994090712,-0.02711870758551678,0.09720698871237422,1.1774973147969958,0.05483475064487136,0.22084795622840203,0.25295560183580257,1.0889508130082355,-0.9377945843191191,0.2313552283241024,0.35726078456741606,-1.2575259254680502,-1.0828001656182773,-1.0889508130082355,-0.2529556018358033,-0.23037994010104354,-0.18442671521636386,-0.8007503202790929,-0.1344157646506147,-0.10165033785478751,-1.3796994712424915,0.02452383803125581,-0.09793149585751397,-0.4803306735805153,-0.8406692804910928,0.326418948844831,0.3183922552112921,0.46049274554169334,-0.10250001264518552,-0.2233527107470814,0.43311801815642703,1.1889503290581602,0.6434400176327457,1
-0.3291993166277972,-1.0812127580541053,0.5693561964423357,-0.4281154315628296,1,0,0,1,0,0,-0.028641073495936725,-0.4792033089134332,-0.4896581624461761,-0.2520549540654803,-0.5323837833940525,-0.17374745754970314,-0.2421933834208997,0.8537871361279352,-1.1505127127764938,0.6750735067624786,-0.366682517397966,-0.531237656379043,0.32217490522416964,0.35126060476866855,0.704581802206299,-1.2993313474431603,1.219553378141304,-0.043290203196478666,0.1590389773671773,-0.8822777243979375,0.6877512527948025,-0.46601505653223907,0.26708672362657737,0.2973074980482253,0.43444077358045297,0.8822777243979375,-0.15903897736717798,0.04814519612450831,0.26586877533487285,-0.9281168518425269,-1.3747838121380926,-0.9209277891567239,-0.37153966943728567,0.18764225758709038,0.12354118106860354,-1.0384305451721696,0.6674062963570164,-0.4070549059059717,0.11464042204849642,0.2357440418559006,0.34690269429476517,0.030432725387320277,0.6983559190505837,0.29205785388825667,-0.023255055489598248,0
1.8553229837374106,0.026801178718756015,0.27967722576327125,-0.4281154315628296,1,0,0,0,1,0,-0.016022136491804253,-0.4797847809917908,-0.06748317567269331,-0.4690485741209635,-0.04240547108896989,-0.006497389581272905,0.3235979546342312,0.676290254156401,-1.8081839209421484,1.0867321912457957,0.8298935463747592,-0.5179690374279536,-1.2006565807987302,0.43487754078251195,-0.17638058743210513,-0.5731885881982357,0.6216657522989162,0.2680142345769667,-0.7532939460423284,0.04065977486679812,-0.015446318422401663,-1.1049237983337186,1.8958487414053309,-0.8516719618903864,-0.8172385197979543,-0.04065977486679812,0.7532939460423277,0.6330479821981672,0.06573744620098994,0.7690927235146725,0.3235441973268221,0.573494969236623,0.9096634120234974,-0.6732605122909244,-0.41783647363968324,0.8287924820048461,0.0012624832707351544,-1.0140677512169813,0.10551720563822252,1.078551680677623,0.6176725260912207,-1.7460653275534903,0.6983559190505837,0.793080546914203,-0.08511336124321738,0
-0.020796168340944693,0.23294330649045036,-0.15484123025532542,-0.13478617003801185,0,1,0,1,0,0,-0.5081606796529707,-0.19195610220481132,1.2502145103172682,-0.6628962080371952,1.2050967685434626,0.36467254735401344,-1.1982622955193687,-0.4247994891457147,2.318926182456903,-0.5687295078338129,0.05907946157186815,1.1406083314581852,0.5078821174649275,-1.2032353466358685,-1.3667295345023347,2.665445814366069,-0.6295615692832414,0.325596749114736,1.2994551316290601,0.266869946255213,0.46395430978921004,-0.7861090143272124,-0.49153378708205364,0.14405439838533785,0.24107565972842637,-0.266869946255213,-1.2994551316290608,-1.2052179168904753,-1.3852146900196616,-0.7279694450999874,0.6278937645343975,0.32505666803163763,-1.9152843659515075,-0.22015379130249568,-0.762349526635866,-1.1624527388592034,0.5563823275093027,-0.6346847228976005,0.44307621281837667,0.10608132819102022,0.1607484349347019,0.9186817518577256,-0.7833178721512579,-0.7656567202776299,0.34789477903211874,0
0.10770514344524394,0.2587110724619126,-2.617112481027373,1.0385308760612593,1,0,0,0,1,0,-0.14221150653312897,-0.45885178617091954,-0.19541498984647596,-0.4511104348630436,-0.04822239103819603,-0.004261426105759132,-1.2424898368496031,-0.06686821685940154,0.25959414641750744,-1.2293513600883914,-1.3105570030926121,-0.4561044811056568,1.357659523965364,-1.5599474293520783,0.17318014301350038,0.4525437964396529,-1.5281163029778475,-1.4533390001622628,-0.09305301462755473,-0.529783266025729,0.16903127258685732,0.2652667917108196,0.0998889776563822,0.14552040845092648,0.2848856256394171,0.529783266025729,0.09305301462755473,-1.5673005939836924,-0.4846237089171882,-1.8469754009787365,-1.3877043126327533,-1.7914100811650315,-1.7892643907258567,0.2692014673650073,0.34501385799472056,-2.2166413851989955,0.0012624832707351544,0.04820472807728505,-0.5422311594912614,-0.41256952646850126,-0.33002188519637315,-0.3185222492974822,0.2044646553166367,-0.04195727479570725,-0.45626319576493324,1
1.5983203601650333,-0.7204640344536393,-0.8790386569529866,-0.13478617003801185,1,0,0,1,0,0,-0.21792512855792381,-0.4478038166821264,-0.5664172509504457,-0.029274837475184185,-0.5091721598535309,-0.3217682396287149,0.8978068371805779,-0.3723854849495762,-0.7841925261451247,1.2375188959234693,1.0431009914430387,0.5988063909553805,-0.400814677873084,0.3073426845079136,-1.0578406032969754,0.12231848172698315,0.6815991254154402,1.1014780025496218,0.6912331826893902,0.13114384342216406,-0.9413290730893265,-0.5486107295704064,1.194935731631732,-0.9959461651140151,-0.2807034915612595,-0.13114384342216406,-0.6912331826893908,0.4659329004628361,-0.8598699510432187,0.6457695739056325,0.6149732640397371,0.8883099158017184,0.9201650766256344,0.10608304780917345,-0.2086678343205727,0.6978801664463103,-0.8314172830871166,-0.4070549059059717,0.41570656358755365,1.0007540524786946,0.4822876101929924,-0.28679906978068154,0.2044646553166367,0.29205785388825667,0.5334696962929761,0
0.8016122270906633,-0.5916252045963298,-1.8929150543297122,-1.161438585374874,1,0,0,1,0,0,0.43825959565696476,-0.569331481058851,-0.46407179961141953,-0.2665211954025125,-0.7888130557980383,-0.23188250791306123,-0.24614188020882385,0.1031360901325793,0.8151997709111223,-1.3861684143109765,-0.9637576572116959,-0.441049507276713,1.0397111301982682,-1.141127235286604,0.04244789394987665,1.0411769614394064,-1.2061994088463643,-0.746338137988823,-0.4194329849395745,-0.18555039652161812,-0.7979346118182093,-0.09903415209835367,-0.06812296066626174,0.6765774133928522,0.524278226521887,0.18555039652161812,0.41943298493957376,-1.1216603760228097,-0.10937746679115769,-0.43684594438356456,0.13691474573727128,-0.3576745413866426,-0.9701345517591269,-0.22015379130249568,-0.04256332662598434,-0.9764194483286528,-0.7203933142394032,-0.02767187758659086,0.21499580256151593,0.14498014229048395,0.4145951522438788,0.2207718024881207,-0.6186874509066087,-0.7656567202776299,0.2860364732784985,0
-1.8712150580620608,0.05256894469021735,1.7280720791585935,-1.161438585374874,1,0,0,1,0,0,-0.09173575851659908,-0.4652479790328524,2.7598099175679036,-0.7323341664549499,1.0208190019806576,0.20815510406804932,0.15168230763006435,-0.8029307615128354,-0.5890980270916032,1.707134886601456,1.1257688935826833,0.7103060909989137,-1.6655866676438587,-0.1297327825724622,-0.17804653158470954,-1.2711241315917574,0.3130612883553161,-0.023819388646076953,1.0187373090415193,-0.04159846927444537,-0.34054540886802626,0.923684561736082,-0.4720404275708367,-1.9958028820580442,-1.4868096942203524,0.04159846927444466,-1.01873730904152,-0.3139374809687093,-0.40957446049198204,-0.7916527108817039,-1.258499307686141,-1.091610591511294,0.25856020669096863,0.18764225758709038,-0.26403600355210183,-1.0384305451721696,-0.5261013687559044,0.4275877563966659,-0.97102233077416,-1.0349505520599276,-1.633101700716815,-0.3502454288142823,0.9453015509175579,1.0157572993701793,-1.8171459223445585,1
0.544609603518286,-0.2051087150244015,-0.15484123025532542,-1.6014324776621007,1,0,0,1,0,0,0.04707254852885811,-0.5047880803611647,-0.7966945164632545,0.7808346773986199,-1.748531133660709,-0.9916628968926413,0.3188444348095169,-0.3988156300009117,-0.25360995137436537,-0.4167124921283811,-0.6727313122132291,-0.5183848813198649,0.713002833605318,-0.45590582671596586,-1.2545987361429058,0.06604745996634946,-1.3619951691790781,-1.4039678932873387,-0.7613439424253534,0.048076501797563044,-0.8988966784168511,-0.7094425041995926,0.41306462718584586,-0.7875794024450192,-0.49611773407528226,-0.048076501797563745,0.7613439424253534,-0.4253475354589299,-1.1600669447440433,0.04532735367801011,0.07231224326396513,-0.47715250303484213,-0.37153966943728567,0.35076067714292497,0.8433273810784847,-0.23228628620644656,-0.9146852597229018,-0.7864379342253526,-0.5057382938501646,-0.23104172733766892,-0.5161761445564365,-0.6040308649486834,-0.4540570296619595,-0.48731077970765985,-1.0748462533011267,0
-0.12359721776989524,-1.0812127580541053,-0.15484123025532542,-0.4281154315628296,1,0,0,1,0,0,0.097548296545388,-0.5140916336148853,-0.4896581624461761,-0.2520549540654803,-0.6279537841476891,-0.2005790192558684,-0.802359889798237,0.40850966188623916,0.8189045955519983,-0.5813922497766766,-0.5354513547748964,-0.3659466139267779,0.5230378367423043,-0.26270936805744904,0.1314998490770561,1.2925695304455735,-0.37386790085404886,-0.19915810154990943,0.8489203546367114,-1.3410564071273077,0.8532048532168435,-0.4289586691182097,0.17943770758156688,0.4147024104941662,0.5016738622697733,1.3410564071273077,-0.8489203546367121,-0.3974950218363748,-0.10937746679115769,-0.6642861793182697,0.046471242274642305,-0.10165033785478751,-1.442709458855317,1.0032343553662626,0.6218547041523672,-0.6663639641110671,0.77843026520473,-0.4070549059059717,-0.013084607695344815,0.08014878545804377,0.24536400737109418,-0.0012904541294803558,0.8629863402952329,0.23638866577426285,-0.20882997275045564,1
0.44180855408933456,0.23294330649045036,-0.4445202009343899,-0.13478617003801185,1,0,0,1,0,0,0.17326191857018283,-0.5181619381633881,1.2502145103172682,-0.6628962080371952,0.4652392593441241,0.11379744540136809,-0.8125344249632557,0.07180429043115608,0.8663535124273889,-0.5708137613793158,-0.8106489930624051,1.3418490522163706,2.147282310108379,-0.5845553199221905,-0.5457689961022785,0.42103993117366734,-0.2938760877367138,-0.737256244484612,0.6912331826893902,1.1445654112422656,0.5457681091313759,-0.6452930413952324,-0.7612297486093421,0.47973006773186844,0.33409616584297397,-1.1445654112422656,-0.6912331826893908,-0.5367575899491508,-0.4846237089171882,0.09991301006234013,0.3048812521678669,0.17144214591252482,-0.8126095827270634,1.7372672433675176,1.4523772426253072,-0.23228628620644656,0.5563823275093027,-0.5588081172337243,0.1876261533306929,-0.24400799870415715,-0.0423289389126401,0.8235122133073248,-1.3595243465075295,-1.0996718489615938,0.34789477903211874,1
0.15910566815972013,0.28447883843337485,-1.6032360836506476,0.5985369837740325,1,0,0,0,1,0,-0.2684008765744537,-0.4210561010776798,-0.16982862701171944,-0.45226773417000615,0.1087181397804516,0.02570048446612543,-2.211324476182882,-0.10043094272948162,0.03853142154491679,-2.449617994474524,-3.0014355827432415,-2.458504559024737,1.5631382009407095,-0.8880847032739309,0.38624589361506345,0.218876088239369,-0.9155680853820783,-1.0961592211138709,-0.6392523306161405,-2.719104316071873,2.1875367422101037,0.5247772779099099,0.16727561628892162,2.401414233497562,2.8318271264328794,2.719104316071873,0.6392523306161398,-0.8988402670423681,0.19081952690966666,-0.43684594438356456,-0.26362076959722697,-0.596630464683041,-0.844114576533476,0.18764225758709038,0.5664865349208381,-0.8523972546416179,0.9449662184763004,-0.3311783002420958,-2.074931516417366,-1.6962303917508168,-0.8884846632765624,-0.8895394805998851,-0.7833178721512579,-1.6563637301015341,-1.8790042280981787,0
0.10770514344524394,-0.7204640344536393,-2.617112481027373,-0.13478617003801185,1,0,0,1,0,0,-0.14221150653312897,-0.45885178617091954,-0.5664172509504457,-0.029274837475184185,-0.5852116548371973,-0.33026490083566723,-0.36482157799699855,0.4968758379988718,-0.8528112707149558,0.08659282028821652,-0.6227675224510631,0.03006230164343876,1.1724366683713843,-1.6001500674897227,0.16866452629868772,0.43206837778912227,-0.8715896664078648,-0.9981075928066071,0.0915777400728132,-0.04982429368856782,-1.091557808495887,-0.5130132612394426,1.600008627576593,-0.9812347071326617,-0.16482951866919174,0.04982429368856782,-0.09157774007281391,-1.5951531076062477,-0.4846237089171882,-1.8378777915813482,-1.3877043126327533,-1.5865907183395476,-1.8207693845322692,0.10608304780917345,0.06817301183707392,-2.1546302883554773,-1.0257092285706153,-0.482931511569848,-0.0039613912850709025,0.8192262533478623,0.3299795798074865,-0.794369942049485,0.03983423407198747,0.013711913318286572,0.038603250264021984,0
-1.8712150580620608,-0.5916252045963298,1.7280720791585935,-1.161438585374874,1,0,0,1,0,0,-0.09173575851659908,-0.4652479790328524,-0.46407179961141953,-0.2665211954025125,-0.4349343986516048,-0.15183501548966816,0.4439816777033421,-0.27626872631288407,-0.8877935817363755,-0.23256775840647667,-0.2895070572383621,0.969273352484499,0.9565048662645717,-0.05360628596026586,-0.2970699825700834,-1.3209789572546573,0.3022633388517561,-0.12169798861869427,1.3799550954593118,-0.04664941409013511,-0.6709300998667623,0.08158930986212293,-0.11381288982127562,0.613903190278647,0.25755895400268286,0.04664941409013511,-1.3799550954593125,-0.23037994010104354,-0.4846237089171882,-0.7097742263052108,-1.2197378062021575,-1.05747403104038,0.29006520049738066,0.5138790966987595,-0.09793149585751397,-1.1004416420156866,-0.6093693453916895,0.12408133374116129,0.15113328768959466,0.06718251409155555,0.31305646532020776,-0.0012904541294803558,-0.6186874509066087,-0.7099875321636356,0.10046155601764112,0
-0.5862019402001745,0.4648532002336079,0.5693561964423357,0.5985369837740325,1,0,0,1,0,0,-0.1295925695289965,-0.4617591465627072,-0.6047967952025805,0.01412388653591246,-0.6890749195677589,-0.3660403164438876,0.6732536836723259,-0.1689862447949024,0.6058038751661665,-0.05794388840401488,-0.356824066899649,-1.368993359765585,-0.22626003565451477,-0.38863997812952555,-0.7054780428217436,0.4621145909508361,-0.3145625330486188,-0.5205802050169371,-2.5645431322229655,0.6763389906671557,-1.3245001229000228,-0.4747934920800419,-0.363773594157768,-0.2336363681154845,-0.04435648471117332,-0.6763389906671557,2.564543132222964,-0.7317251853070371,-1.0850176963188372,-1.7923897445944073,-1.3360223106541085,-1.3647030752786062,-1.7892643907258567,-1.7697787770829225,-1.0391903727935126,-1.2244638357027204,-1.1367331974183288,-0.1035484832504671,1.2732889061533492,0.858125067447326,0.7022880985276131,1.4262526241265279,0.12214944469431245,0.514734606344233,1.5850608941045057,1
0.44180855408933456,0.3617821363477598,-0.4445202009343899,-0.4281154315628296,1,0,0,1,0,0,0.17326191857018283,-0.5181619381633881,-0.5536240695330674,-0.03506133400999707,-0.8038477716495906,-0.3714066287851207,0.015927993872298454,0.8600021550756629,-0.3921484696197185,0.09639624000400028,-0.9591943756407698,-0.19941687610220435,1.277643626610862,-0.6868692534719385,-0.48898777735183846,0.5051721653379384,-0.508110359954371,-0.8160943753729736,0.6477887577651265,-0.9144498376620688,-0.7084599281454083,-1.6702371681481993,1.0437294025683805,-0.6340586364275421,0.45024234813288516,0.9144498376620688,-0.6477887577651271,-0.6203151308168162,-0.40957446049198204,0.1817914946388332,0.42116575661981864,0.18851042614798086,-0.7495995951142377,1.8188264531454346,1.5631135810883663,-0.17027518936292965,-0.7481493064513315,-1.6210805965279906,-0.49661507743988936,0.08014878545804377,-0.1777138548108673,-0.3502454288142823,0.03983423407198747,-0.3759724034796717,-0.76555472453303,0
0.2876069799459088,-0.7204640344536393,0.5693561964423357,-0.13478617003801185,0,1,0,1,0,0,-0.15483044353726144,-0.45710736993584694,-0.5664172509504457,-0.029274837475184185,-0.5731328359930006,-0.328923322750359,2.3520850713519903,0.6155785195896283,-1.0092760952987938,1.9356951564109903,2.171964949267892,2.5792136438631044,-0.44760053268736505,2.2462214553677406,0.20279925688895437,0.4017599888292856,1.9896815775016423,2.7490170109504466,3.079616933403707,0.4634132099205562,-1.0262335360306423,-0.6417409931996012,1.7834442764106038,-0.6420650825909214,-0.1397807496800259,-0.46341320992055685,-3.0796169334037082,0.9672781456688292,-0.5596729573423944,-2.119903682900383,-1.6461143225259778,-0.972132629863095,-0.9701345517591269,-0.6279498401920818,-1.592872065108806,-2.0306080946684437,-1.053465220782544,-0.7864379342253526,-0.7429419205172992,0.19684522775643593,-0.07617516788719629,-1.6191726094862895,-0.6186874509066087,-0.48731077970765985,-0.5799798072721716,0
-0.5862019402001745,-0.5916252045963298,-1.168717627632051,0.5985369837740325,1,0,0,1,0,0,-0.44506599463230834,-0.27045483278307847,-0.1442422641769629,-0.4568969313978565,0.3779817566587068,0.14510093405856092,0.029209719835953572,0.7207803905186017,0.14116489478239733,0.7340596335931315,0.5729687482959545,1.719415160441605,-0.14846145063560945,-0.6636973589829894,-0.15519340660022113,0.31440848767294083,0.738716894949682,0.4186353403192015,-0.8114328088086202,3.1498463858650214,-0.7037754074636755,-1.1447630540757638,0.12297306845283987,-0.25916817965489347,-0.3361715054177954,-3.1498463858650223,0.8114328088086196,-0.6481676444393714,-0.18442671521636386,-0.11842961547497735,0.05939174276930372,0.3591932285025509,-0.5290646384693491,-1.1988643086375024,-1.0391903727935126,-0.046252995675895824,-0.9424412519348303,-1.3934507795363622,-1.7373725092372125,-1.4239386930545688,-1.4131012123821949,-1.4288335323854886,-2.1003612421084505,-1.266679413303576,-1.136704559054746,1
0.3647077670176212,-0.12780541711001567,-0.4445202009343899,-0.13478617003801185,1,0,0,1,0,0,-0.5333985536612357,-0.03786600144006476,0.08603500133584588,-0.5089754002111725,0.7299275170040379,0.3642253546589107,-0.21116138088515732,-1.4742113003088186,-0.4088896541660232,0.08491617334693434,0.7440877333242402,-0.5707977980665507,-1.4061493545832635,-0.7760205071367391,-1.8858208036182311,1.1260449364680924,-0.3675541457787819,0.5973721249345829,0.2181716668474219,-0.9948801208223941,-0.48176550680154506,0.13422739205799364,1.6905324209201988,-0.47917667105654455,-0.3841328847873731,0.9948801208223941,-0.2181716668474226,-0.8709877534198129,-1.835510180570898,-0.9008240236503626,-0.25070026910256554,-0.3747428216220998,-0.7811045889206503,-0.709509049969999,-0.8730858650989243,-0.8523972546416179,-0.49834537654397587,0.04820472807728505,-0.21379536872138252,0.6636309969500054,0.4145951522438788,-1.6191726094862895,1.6038232358961542,1.127095675598167,-0.332546584257695,1
-0.7147032519863632,-0.5916252045963298,-0.15484123025532542,-1.161438585374874,1,0,0,1,0,0,-0.5460174906653681,-0.03205128065648941,-0.46407179961141953,-0.2665211954025125,0.18519113965792283,0.18132354236188405,-0.3426432733434644,-0.15366753122181812,1.305547809343506,-1.1791283473572152,-0.5749984333198154,0.1285775382206551,0.6242334836323232,-1.1310668073940842,-0.44793675282386336,1.8415349976244735,-0.8427726575507843,-0.3765076552138212,-0.5532824974487066,0.7241032714020105,-0.6536948145483201,-0.2378196965396439,0.06583748417137425,0.7572473855319027,0.3799396803714178,-0.7241032714020105,0.553282497448706,-1.1216603760228097,-0.5596729573423944,-0.5187244289600577,0.44700675760914055,0.06903246449978255,-1.6002344278873806,-0.46483142063624716,-0.26403600355210183,-0.4803306735805153,-0.8036612908751883,-0.5588081172337243,-1.1169937933385516,-0.9182541097615345,-0.6007917169928287,-1.016432198667086,-1.3595243465075295,-1.266679413303576,-1.0748462533011267,0
0.3647077670176212,-0.5916252045963298,-0.4445202009343899,-1.161438585374874,1,0,0,1,0,0,-0.5333985536612357,-0.03786600144006476,-0.46407179961141953,-0.2665211954025125,0.15717511765605544,0.1768516154108565,-0.1370032020415105,-0.9997982804388355,0.8279383244143259,-1.2232659444589407,-0.06688438820961108,0.6430351207923429,0.3671861652934194,-0.748391605749937,-1.6809247984227804,1.138112731011557,-0.502888113261679,0.6158334478738868,0.6912331826893887,0.1914665557924087,-0.5572777869695889,-0.3116590461594165,0.011874109920822346,1.1538981277038094,0.6881944799940524,-0.191466555792408,-0.6912331826893894,-0.8709877534198129,-1.685411683720486,-1.0463857740085747,-0.37990527404917784,-0.5454256239766699,-0.7811045889206503,-0.5463906304141645,-0.8730858650989243,-1.0384305451721696,-0.8314172830871166,-0.7864379342253526,-1.7008796435961144,-1.436904964421056,-0.9900233502002335,-1.3653871733518879,-1.4418395571298541,-1.545025353873546,-1.6934293108373202,0
-0.5348014154856993,-1.2873548858258006,-0.15484123025532542,-0.13478617003801185,1,0,0,1,0,0,-0.40720918361991093,-0.29952843670095514,-0.7583149722111197,0.3063419615439632,-0.963773691519117,-0.4671058655371102,-0.45809090701640376,0.03350866715005501,1.506843135929088,-0.1668282540016372,0.8271989656071335,0.833529701616727,-0.6765965897117041,-0.6412239920758993,-1.1792295255987004,1.6705391092159179,-0.3383371285314457,0.5571537111626934,-0.6247379431982625,1.7564425842657236,-0.0037169001950019746,-1.2273179490715933,-0.381174347774461,-0.11011509673624038,-0.5314470103771081,-1.7564425842657236,0.6247379431982617,-0.45320004908148526,-0.9349191994684248,0.9096002464298897,1.7390568070752632,1.4856997240427134,-0.15100471279239655,-0.9541866793037505,-0.8177176958673952,1.13195784435093,-0.3595654154843339,-1.3934507795363622,-1.3998135020570583,-1.3461410648556402,-1.2946394109712458,-1.0798785577006862,-1.4418395571298541,-0.9326642846196119,-1.3841377820692236,0
-0.38059984134227254,-0.978141694168258,-0.15484123025532542,-0.4281154315628296,1,0,0,1,0,0,-0.3945902466157784,-0.32104290360018395,-0.5024513438635544,-0.23469546446104164,-0.1581902790310473,-0.06552682533483652,0.006141077814036153,0.3133546937678233,-0.43986002086955084,0.8770371435298336,0.6077914001948616,0.2289925845827422,-0.3747219861421345,0.6403989937487254,-0.46487740101060215,-0.1320917079969931,0.6559675371826459,0.6519467057024462,-0.11207882534413707,0.4234769879856554,0.6313398107717229,-0.8957931263463187,0.46856395626538105,-0.5343744181062707,-0.15365952043518596,-0.4234769879856554,0.11207882534413637,0.438080386840281,-0.5596729573423944,-0.46413877257572894,-0.4574282770171454,-0.18699173903207253,-0.08799472517957138,-0.8726274695258333,-0.9284540343304539,-0.4183195767369984,0.08453045990652028,-1.1658209625447336,-1.5092920989803518,-1.0868156375258795,-1.1931007240475748,-1.206771275767887,-1.0302635040182315,-0.9883334727336057,-1.569712699330082,1
0.46750881644657266,0.7998341578626126,-0.4445202009343899,-1.6014324776621007,1,0,0,1,0,0,0.29945128861150755,-0.5472355420812648,-0.20820817126385424,-0.4511104348630436,-0.38519089412160695,-0.07223471576137783,0.35401348287716405,0.29038771147956827,1.423603851117687,-0.37446310728318655,0.3564597095589772,0.9253023251866312,-0.16839682742639697,-0.019628395214695397,-0.739665498782678,0.45101193370152004,-0.5291146085366808,-0.3768419131476091,0.6449554257048498,0.622343072722724,-0.5118768268085707,-1.1395469064688566,-1.4928906575442444,-0.018785488900138453,-0.8313278622466157,-0.622343072722724,-0.6449554257048504,0.27096530510494976,-0.40957446049198204,1.2007237471463126,1.2868392897621204,0.9736513169790033,0.41608517572303205,1.4925896140337656,1.2309045656991897,0.6358690696027934,-0.3595654154843339,-0.9381911455531051,0.6894030558957865,-0.2569742700706454,-0.24540631275998087,1.0772976494417266,1.0276167615398821,1.5724491805101195,0.7809029193074537,0
-0.07219669305541997,-0.6173929705677911,0.27967722576327125,0.3052077222492148,0,1,0,0,1,0,-0.38197130961164594,-0.32860204061883186,-0.5152445252809326,-0.20286973351957077,-0.2006745132716574,-0.09593592860182383,0.9136149949061292,0.08360123576358373,-1.75781101595708,0.3919757717718655,0.14502506212777144,-0.001085986292752655,-0.2553499862989552,0.9674871092096713,0.06148127902883423,0.315115362868091,0.7162626260253445,1.1480063652124375,-0.9197330604481181,0.9106988955914741,-0.3037021703024286,-0.05315472407191963,2.7196470959036345,0.1806997795597379,0.9322650908130278,-0.9106988955914734,0.9197330604481174,0.5494904413305014,-0.25947596364157,-0.9372144612399159,-0.6512357844370638,-0.3576745413866426,-0.43454965705011084,-1.85133798686084,-1.814344742034923,-0.8523972546416179,-0.27629743884854874,-0.02767187758659086,0.07814755640739948,1.4805060930387524,1.480751364942421,-1.6826189685198898,-1.1948939252628807,-0.9883334727336057,0.7190446135538346,0
0.3904080293748593,2.1912935203215542,-0.15484123025532542,-1.161438585374874,1,0,0,1,0,0,-0.6722068607066928,0.1772786675522229,-0.38731271110714993,-0.35216134411774325,0.6772372309219279,0.4084974314740834,0.8805383973869039,0.43154214428123566,0.11618204825233798,0.5444155130492192,0.1033715097573435,0.3180345351482587,-0.06375360714336936,0.5945986998392682,-0.3452619997535425,-0.702614328537302,0.44945276327692973,-0.04524292466447621,0.03622492998512883,0.3978337296906128,-0.6302940613110859,-0.9381810281166588,-0.8648843923950583,-0.28980056899100687,-0.17855893551807747,-0.3978337296906128,-0.036224929985129536,0.9672781456688292,0.04072103005925432,1.2916998411201945,0.6666552660183818,0.8371050750953478,1.2352150146897614,0.4323198869208419,0.4557501964577793,1.13195784435093,-0.8869292675109735,-1.2416975682086098,-1.7191260764166634,-1.7999605626827215,-1.7684866166150421,-0.6040308649486834,-0.7833178721512579,-0.7099875321636356,-1.4459960878228426,0
-0.6890029896291251,1.6501704349208541,-1.168717627632051,-1.6014324776621007,1,0,0,1,0,0,0.2742134146032426,-0.5414208212976894,1.007144063387081,-0.6409075212049062,0.3219658732391953,0.07891641518335324,-0.6194394686124862,0.5996907828212624,2.568357589099616,0.24881694668114412,1.2808021770113027,-1.3015038634189922,-0.8837964927922158,-1.0990638824520365,1.5521891097570781,1.6268285037945052,0.34943112602429177,0.8622893871877783,-1.4375436385994584,-0.34935776200978047,-0.23682602153713148,0.7318545563541298,-1.8762251092170612,0.010354280403576447,-0.8232478030592959,0.34935776200978047,1.4375436385994576,-0.8988402670423681,2.067050737539819,1.2189189659410893,2.0103873174631492,2.100157812519166,-0.24551969421163483,-0.22015379130249568,0.5664865349208381,2.00011320016017,-0.1137266273215397,0.9045264205696022,0.5356116935511593,-0.5829833787137729,-0.5403520223954056,1.3174874372117849,0.8512270244920437,0.7294586176410672,-0.19115617110656447,1
-0.7404035143436003,0.28447883843337485,-0.4445202009343899,-0.8681093238500562,1,0,0,1,0,0,0.45087853266109723,-0.5699129531372086,0.9303849748828115,-0.6322277764026869,0.19715639390985082,0.050296082696776934,0.4655683522718602,0.03617424101590725,-1.032798312392163,0.8017186499476395,0.4379045690170407,-0.5160140402107258,-0.34143284969742504,-0.22389298616751235,-0.07390135806749609,-0.8918555577038065,-0.8579471891698004,-1.1006810561372216,-1.5250276175565338,0.808722217255372,-0.8710953607523044,-0.12368303924794986,0.5156410667181353,-1.933795920032506,-1.643898207654477,-0.808722217255372,1.5250276175565338,-0.45320004908148526,-0.40957446049198204,-1.06458099280335,-1.2972608091701252,-1.5012493171622625,-0.4660546508565234,-0.5463906304141645,0.17890935030013266,-1.2864749325462383,-0.8098292891445057,-0.09511774928781422,0.07510648427064151,0.330830031876813,-0.49737268401501544,-0.5405845059150832,0.7989633987000918,1.4363689428981337,0.024856960096552163,1
-1.7170134839186342,-0.1535731830814779,-0.15484123025532542,-0.13478617003801185,1,0,0,1,0,0,0.19849979257844777,-0.5309543238872538,-0.5408308881156891,-0.046634327079622846,-0.7932301679613215,-0.3723010141753262,0.014970811934771212,0.7337419264194166,0.5831196366495556,-0.2566196136789812,-0.4243062112405568,-1.4359516988168075,0.3183632012977827,0.031116759700282975,0.8651413116569706,-0.3835241504504819,0.35795802576486674,-0.34795763655705125,-1.0618771407249559,-0.9053100327574869,0.010274221229657814,-0.14040424693402764,-1.1825488621980706,0.7016215932225093,0.21190594777950247,0.9053100327574869,1.0618771407249543,-0.20252742647848845,0.41596727218528484,-0.8826288048555859,-0.9225662948249498,-0.7502449868021539,-0.844114576533476,-0.5463906304141645,-0.09793149585751397,-0.6663639641110671,0.08453045990652028,-0.02767187758659086,0.34272083230535716,-0.3477381696360611,-0.0592520533999176,1.0772976494417266,0.2044646553166367,-0.2089648391376897,-0.08511336124321738,1
-0.14929748012713334,0.0783367106616796,0.5693561964423357,-0.8681093238500562,1,0,0,1,0,0,-0.2810198135785862,-0.41989315692096474,-0.5920036137852022,-0.009022099603339084,-0.49820599573992563,-0.3159547345923791,-0.20769240918691076,-0.41199733273884276,1.3939721249029045,-0.6120248645541224,-0.4882574823666739,0.5019333167247358,0.9364209791261446,0.0013822561469484988,0.20854911686503982,0.12947303854004916,-0.3832791703473795,-0.38124084425156557,0.7902460580981725,-0.09917924017331377,0.2901824848236169,0.7743991960010311,-1.775498675684373,0.4467530430785599,0.26255115805570417,0.09917924017331377,-0.7902460580981732,0.04814519612450831,0.26586877533487285,0.21818193222838655,0.2531992501892221,0.08610074473523979,-0.05648973137315825,1.247911984700014,0.8986955503100138,-0.046252995675895824,-0.1375174777889068,0.12408133374116129,-1.3998135020570583,-1.929623276347602,-1.68387104417865,0.28421816152172197,-0.7010026615289333,-0.8213259083916238,-1.136704559054746,0
-1.0488066626304537,0.7225308599482267,2.1625905351771904,-1.6014324776621007,0,1,0,1,0,0,0.7411140837561441,-0.6094530544655209,0.9047986120480549,-0.6293345281352805,0.05382993126426045,0.017651015954275845,2.535587190109071,-1.19337246304547,0.17492290902391217,2.4285803015162335,2.492472588066862,1.3787630305802965,-2.6274810815676655,2.422432847789456,-0.5678350769533734,-0.07754691002871857,1.0846919196412712,0.9094816554697435,1.0187373090415193,0.8700970699576539,-1.1053293520269443,1.0690964423589449,-0.31705264257119625,-2.205293368542974,-2.352404615411386,-0.8700970699576539,-1.01873730904152,3.3347418035860197,-0.03432821836595151,1.9467277177321458,1.5969313016339897,2.0660212520482517,1.550264952753888,0.18764225758709038,-0.26403600355210183,1.814079909629618,-1.1367331974183288,0.5793409677244183,-0.8980365994919648,-0.9052878383950472,-1.5992554717422576,-1.016432198667086,0.7806711296729086,1.461110804282131,-1.3222794763156045,1
0.6731109153044746,-0.23087648099586283,-0.15484123025532542,-0.8681093238500562,1,0,0,1,0,0,-0.43244705762817587,-0.2762695535666538,-0.7199354279589849,0.2108647687195506,-0.7142350708974166,-0.37543136304104546,0.2912811205599167,0.6076362510300529,-0.10524580296577046,1.0248101007244699,0.5206974524223874,1.1286050799115221,-0.121340829717461,0.08692253277662727,-1.0928965358995706,0.7321769339920621,1.2515584805446947,1.3658727056902722,0.7686432489180746,0.7769517052683067,-0.31818151813378054,-1.9288395819111053,0.879641746197169,-0.14342836558779123,0.6565766617464419,-0.7769517052683067,-0.7686432489180752,0.18740776423728422,-0.9349191994684248,0.43652455776570404,0.7700192699756713,1.2979486414526862,-0.05648973137315825,-0.46483142063624716,-0.8177176958673952,0.8219023601333442,-0.4150773999081907,-1.848710413519619,-0.5239847266707137,-0.02358138547386016,-0.07617516788719629,-0.4136917878478824,-1.1948939252628807,-1.0440026608476,-0.2706882785040748,1
0.8016122270906633,-0.6173929705677911,-1.6032360836506476,0.3052077222492148,1,0,0,0,1,0,-0.19268725454965888,-0.45594442577913186,-0.5152445252809326,-0.20286973351957077,-0.42995685389611715,-0.19387112882932708,-0.021546749425615134,-0.7569099642537954,-3.1835054788532355,-0.17903154134185184,-1.4146770700043114,0.009748611099277875,1.6669858748323398,-0.29643927285762467,-1.0328997786930836,-1.292250558675149,0.00775388065043658,-0.7947074768172724,-0.4499667627438067,0.45956749966015986,-0.2662373490195751,0.004146356370489633,3.0533714503574867,0.2495486775237704,1.0632723023275314,-0.45956749966015986,0.44996676274380526,-0.17467491285593337,-0.8598699510432187,0.5184030423421971,-0.2765412700918884,-0.2552648599739003,0.7941451013999841,1.0847935651441794,1.5077454118568363,0.6358690696027934,-0.27629743884854874,-0.02767187758659086,-0.08607033897753999,1.4805060930387524,1.5145975939169787,-1.9998507636878915,-0.9479482933959068,-0.8769950965056176,0.5953280020465953,1
2.1894263943815004,-0.6946962684821769,-1.168717627632051,-1.161438585374874,1,0,0,1,0,0,-0.36935237260751347,-0.3565127003799935,0.2651395411791416,-0.536171933924793,0.5590437954940101,0.1401818144124306,-0.13691109707171376,-1.3372866045673395,-2.083669971414254,-1.1154655574377799,-1.4412551664818303,1.0902272445537378,1.0792520939258734,-0.8980198667904539,-0.7054780428217436,-1.246591255779346,-0.6497989812991429,-0.4772449971233985,-0.2859102762628674,1.7705022619546833,-0.7069126565878373,1.1287354164392893,1.5957426630246934,0.8625924575986963,1.4077654517993223,-1.7705022619546826,0.28591027626286675,-1.0938078624002545,-1.0850176963188372,-1.7923897445944073,-2.0078883363764928,-2.0815708451678003,-0.43454965705011084,-0.5463906304141645,-0.4855086804782194,-1.658541513607341,-0.6556293324115703,1.0851850054835932,0.07510648427064151,0.892701791091294,1.2325456857956714,-0.7520723693604175,-1.30464753942598,-0.7285439282016336,0.7809029193074537,1
-1.7170134839186342,-0.7462318004251005,-0.15484123025532542,-0.4281154315628296,1,0,0,1,0,0,0.19849979257844777,-0.5309543238872538,0.44424408102243734,-0.5645257669453762,0.13237136067533053,0.0279364479416392,0.2580068336906219,0.6755196733202111,0.29505831966435797,0.8886906574481616,0.40676461587875945,-0.17864264523830098,-0.6059290146287692,0.1797674884029373,0.7142597670402423,-0.24854184690400144,0.6201130539068538,-0.08629551759032715,-1.0255223183500044,0.7734532878151856,-0.17914322655300804,-0.21164219655080502,-0.6531151943475781,-0.5856702554507606,-0.6130646991992527,-0.7734532878151856,1.0255223183500037,-0.14682239923337803,0.19081952690966666,-1.1282642585850677,-1.0646918002662225,-0.801449827508525,-1.0646495331783645,-0.7910682597479163,-0.4301405112466897,-0.9144083514851348,-0.38732140769626244,-0.482931511569848,-0.934529465133063,-1.0868156375258795,-1.2100238385348534,-0.3185222492974822,-0.28942660841731066,0.06938110143228039,-1.2604211705619852,1
-0.894605088487027,-1.0812127580541053,-0.4445202009343899,1.478524768348486,1,0,0,1,0,0,-0.4576849316364408,-0.2617327516077154,-0.68155588370685,0.1645727964410475,-0.5129993634100525,-0.3284761300552562,-1.3167739561950333,0.03141061674746338,-0.6063644152169002,-1.7414304752145737,-1.3370077113474392,-1.590394892450179,0.8528877570412151,-0.5042778140169032,-0.9114983849314056,-0.8859357065164084,-1.0574446333780414,-0.66608785428547,-1.7516254646912552,-0.4318681387001143,1.3271377898798886,-0.9562311296760792,-0.06135947680550529,1.3040162270618432,1.0878703597658919,0.4318681387001143,1.7516254646912537,-0.6203151308168162,-1.009968447893631,-0.7552622732921518,-1.051771299771562,-1.347634795043149,0.25856020669096863,-1.1173050988595852,-0.4855086804782194,-0.728375060954584,1.1392581639597994,-0.9381911455531051,-0.2046721523111086,-0.2051091846046925,0.31305646532020776,-0.0012904541294803558,-1.1125787146405561,-1.378017789531564,-0.332546584257695,0
1.2385166871637046,1.2378861793774645,-0.4445202009343899,0.5985369837740325,1,0,0,1,0,0,-0.33149556159511606,-0.389656608846373,-0.630383158037337,0.10670783109291863,-0.5369393528380897,-0.3821392534675868,0.7713959783780927,0.509196877273308,-0.47905773918526745,0.36433936638172537,0.10179804518989154,-1.8607447878886518,-1.3242533083058647,0.5226129365793308,0.4186982219587456,-0.3272708156225431,0.41653631333176033,0.393822431107306,-0.5796783524084306,-1.9629160288591692,-0.5504561973252275,-0.2794460068460269,0.32601237017200724,-0.07916870069260361,0.25214850825538154,1.9629160288591692,0.5796783524084299,0.6330479821981672,0.5660657690356972,0.48201260475264507,0.22735824919990022,0.39332978897346543,0.7311351137871589,-0.38327221085833024,-0.1532996650890431,0.8839134569768611,-0.3318094232724056,0.04820472807728505,1.0634549287170376,1.0915179520441112,0.9899810448113461,0.7600658542737248,2.673920973986373,1.5724491805101195,0.5334696962929761,1
-0.6890029896291251,0.6709953280053031,0.5693561964423357,-0.13478617003801185,1,0,0,1,0,0,-0.24316300256618875,-0.4338484868015456,-0.4512786181940413,-0.2723076919373254,-0.2643494168182071,-0.12321468300309187,-0.5536029140916158,0.6033525785913297,-1.284996013518998,-0.6960483946332824,-1.1851949887310982,-0.28276964782884617,1.0348563175448628,-0.8937838594003422,-0.05677566000754655,-1.0062965666119148,-0.04320752791221034,-0.3781930933667457,0.6912331826893887,-1.0712207285677868,-0.12325997294531442,-0.88499695894328545,0.7454015955276954,0.8974726307960718,1.1715795850587367,1.0712207285677868,-0.6912331826893894,-0.8988402670423681,-0.18442671521636386,-0.4004555067940112,-0.8321227913623208,-0.801449827508525,0.25856020669096863,0.4323198869208419,0.12354118106860354,-0.6663639641110671,0.0012624832707351544,-0.7105613285614767,0.5434315933313949,0.8710913388138142,1.2269046476332444,0.12560226393772106,-0.12479618717266176,-0.5986491559356475,0.7190446135538346,0
-0.38059984134227254,0.7998341578626126,-0.15484123025532542,-1.6014324776621007,1,0,0,1,0,0,-0.3945902466157784,-0.32104290360018395,-0.20820817126385424,-0.4511104348630436,0.23652660906889644,0.10172324263359372,0.5983871078871817,0.462278869918622,0.33085800353684014,0.36933476983296104,0.931621896960688,-0.1622963349890373,-1.3174110381668216,0.5681852717869076,-0.47879423457476106,-0.6190764535062281,0.6950034855816702,0.7277533643033004,-0.6392523306161391,0.4126498344833025,-0.2643478110277821,-1.1141378101522426,-1.0744061069117727,0.19020611275142674,-0.5006445785869391,-0.4126498344833025,0.6392523306161384,0.29881781872750485,-0.6347222057676005,-0.7006766169078218,-0.8838047933409655,-0.596630464683041,0.19555021907814235,-1.2804235184154193,-1.2052948804881005,-0.4803306735805153,-0.1375174777889068,-0.9381911455531051,0.5525548097416701,-0.127311556405765,-0.0423289389126401,0.7600658542737248,0.7806711296729086,1.127095675598167,0.7190446135538346,1
2.1894263943815004,-0.3854830768246345,-1.168717627632051,-0.13478617003801185,1,0,0,1,0,0,-0.36935237260751347,-0.3565127003799935,-0.4128990739419065,-0.31686371525538465,-0.04788034002636778,-0.02930421703151339,-0.6659779677118102,-0.028175254211992136,-0.1337879697579805,-0.8555063004450904,-0.49357328325120486,0.32107598447915126,0.7459830478950672,-0.5498117125106832,-0.8764637545805133,-0.6059074985457295,-0.5634661748968814,0.021430104548023774,0.1590389773671773,0.28017642692511974,0.37669319089764586,-0.8393507282120874,-0.4259859659593792,0.597010405566539,0.6625917675140901,-0.28017642692511974,-0.15903897736717798,-0.8709877534198129,-1.2351161931692491,-1.9288538855552302,-1.865762830935219,-1.9279563230486876,-0.655084613695,-0.6279498401920818,-0.762349526635866,-1.7825637072943747,0.1400424443303771,-0.9381911455531051,-0.6790794056453779,-0.7756251247301669,-0.5161761445564365,0.062155904904119784,-1.0302635040182315,-1.0440026608476,-0.5181215015185524,0
-1.0488066626304537,0.6709953280053031,2.1625905351771904,-0.13478617003801185,0,1,0,1,0,0,0.7411140837561441,-0.6094530544655209,-0.4512786181940413,-0.2723076919373254,-0.9082538400718859,-0.25826687692412376,1.95991353873429,0.46951924206275114,-0.497869093566546,0.4266055138346195,0.057383472728379126,0.029455199240566242,-0.1577173883586503,2.724601008434865,-0.3081918569524278,0.2645638690613661,1.3159384922069859,1.205454657441114,0.9041108648182726,-0.8565127692838675,-0.002918260561799654,-0.953169731376864,0.9464649035832401,0.728545555872446,1.1022905253221458,0.8565127692838675,-0.9041108648182734,3.529709398943906,0.19081952690966666,1.6737994358104995,1.584010801139329,2.1684309334609937,1.0776900456576979,-0.13859458152457876,-0.5408768497097485,1.6900577159425842,0.11228645211844858,-0.7864379342253526,0.5069387276902979,0.9488889670127426,1.2269046476332444,-0.033013633646279864,-0.20711139779498602,-0.5986491559356475,0.8427612250610729,1
2.1894263943815004,-0.978141694168258,-1.168717627632051,2.9451710759725747,1,0,0,1,0,0,-0.38197130961164594,-0.32162437567854146,0.5337963509440852,-0.5749414607080393,0.7179585116820664,0.19697528669048045,-2.3313010613240817,-0.10591520956671999,-1.7869116966617635,-1.1932460478777902,-1.4306772491326922,-0.3071842223365302,1.3201691502354582,-0.6658908489695571,-0.8707124437110747,-0.6351946066546911,-0.7227705818792451,-0.011195183072327636,0.46715141202740545,-0.882277724397939,2.576380585593451,-0.726888662803437,1.8044588294791994,0.8953114921896044,1.8490205753666489,0.882277724397939,-0.4671514120274062,-0.9545452942874786,-1.2351161931692491,-1.9470491043500062,-1.8916038319245418,-1.9962294439905155,-0.5920746260821743,-0.46483142063624716,-0.7069813574043363,-1.9685969978249267,3.38440953399134,-0.2637324285408725,1.7578330666101474,2.6359449414746865,2.9812675161477777,0.5168548113115892,-0.39003408806681844,-0.7903985816616271,1.9493375835424862,1
0.10770514344524394,-0.6173929705677911,0.27967722576327125,0.3052077222492148,1,0,0,0,1,0,0.3751649106363024,-0.5623538161185606,-0.5024513438635544,-0.20286973351957077,-0.8223920164621596,-0.2757073920331312,-0.34127222731366447,0.5349573725625392,-1.5675069034922922,-0.8867023501897374,-1.5264444747054757,-1.0426082165424124,0.735618401806624,-0.8183965193239162,0.6644327108575164,0.8539712382367597,-1.3277403361560853,-1.2836969942865244,-1.8132101364739601,0.3763264807979944,-0.3431848196696331,-0.06863167855840126,3.0009931866217627,-0.1186869193665032,0.7311723126337462,-0.3763264807979944,1.8132101364739588,-0.8709877534198129,0.340918023760079,-0.6642861793182697,-0.1602567656399366,-0.6649035856248688,-1.348194477436079,-0.8726274695258333,-0.09793149585751397,-0.6663639641110671,-0.3040534310604773,-0.02767187758659086,0.12376363845877164,1.675000163536073,1.5145975939169787,-1.8412348661038906,-0.5363722402842841,-0.4316415915936655,0.7190446135538346,0
-0.4063001036995106,-0.7204640344536393,-0.4445202009343899,-0.13478617003801185,1,0,0,1,0,0,0.11016723354952047,-0.5117657453014551,-0.5664172509504457,-0.011915347870745526,-0.7893795594108448,-0.38437521694310056,0.3318912398061932,0.31440005279470795,-2.2484208360613236,-0.11245470730290984,-0.8442884474227628,0.1692649042902678,1.141116111439836,-0.6176677720561616,-0.2157464790381127,-0.8762085691448264,-1.3619951691790781,-1.720276634407594,-0.653257441282515,0.87874991804355,-1.0786692081602378,-0.647654025810979,2.1931614946814366,-1.1986120406687906,-0.5818989773296112,-0.87874991804355,0.6532574412825142,-0.5738942747792242,-0.18442671521636386,0.06655510893858267,-0.40143944154027955,-0.8867912286858101,0.12203856686318024,0.8673023390697335,1.397009073393778,-0.3769788455079871,-1.1644891896302574,-0.9381911455531051,-1.3359509871851372,-0.2051091846046925,-0.6515610604546642,-2.1901898407886926,-0.7833178721512579,-0.48731077970765985,-1.2604211705619852,0
-0.25209852955608386,0.4133176682906843,1.4383931084795292,0.5985369837740325,1,0,0,1,0,0,0.8799223908016013,-0.6344563538348948,0.5210031695267069,-0.5743628110545581,-0.16304843508461828,-0.04406157596990429,0.04888338417594973,-1.9241969587381174,0.17394676432725756,0.3722180613148382,0.7369840639110751,-0.106263622747589,-0.5086570946070369,0.9911424213965239,-0.9990500920587444,-0.012971855571032254,-0.0369030237601306,0.09755849322628002,0.18609969967169646,-0.3295023237687909,0.9223642935343144,1.640194262217325,-0.25082651793436506,-0.5394349939877908,-0.8628684971745231,0.32950232376879157,-0.18609969967169718,0.35452284597261524,-1.2351161931692491,-1.5103638532753727,-1.2843403086754637,-1.2281568333949502,-0.9701345517591269,-0.46483142063624716,-0.5962450189412776,-1.534519319920306,0.6674062963570164,1.2622304186993043,-0.49661507743988936,-0.5422322401333817,-0.7023304039164997,-0.5723076854318833,0.5337254978059351,0.4033962301162448,-0.76555472453303,1
1.8553229837374106,-1.0812127580541053,0.27967722576327125,1.478524768348486,1,0,0,1,0,0,-0.028641073495936725,-0.4797847809917908,-0.6943490651242283,0.1645727964410475,-1.060550138619579,-0.4961733907187893,-0.7088941499382937,0.4809633806755975,-0.42880067142379014,-0.7895064947966242,-1.1456619668564472,-1.1932749291656248,0.5834429848286655,0.28434335466547705,0.03262236843225407,-0.6609514007722336,0.5095287042242636,0.07913867092590345,-1.0255223183500044,-0.6103841330315712,1.2698471015523471,-0.6274569614795682,-0.07800753312215143,1.5718122808064627,1.5666801758803164,0.6103841330315712,1.0255223183500037,0.4659329004628361,0.26586877533487285,0.7276480584821255,0.24027874969456073,0.4445346296798359,0.8571550890128092,-0.7910682597479163,-0.4301405112466897,0.7598912632898273,0.9727222106882286,-0.7105613285614767,-0.48749186102961545,-0.4514683405679659,0.1607484349347019,0.062155904904119784,-1.277209135885205,-1.6006945419875402,-0.332546584257695,0
0.44180855408933456,0.38754990231922204,-0.4445202009343899,-0.13478617003801185,1,0,0,1,0,0,0.03445361152472564,-0.500717775812662,-0.6687627022894718,0.12117407242995086,-1.0158679819448961,-0.47873287560978184,-1.0252924015009015,0.09810319251721696,0.7960633393342555,-0.9634147405219903,-0.7781361465429101,0.3353160855436802,1.3236780398604884,-0.7204889978295178,-0.41785037574403444,0.5085231165000142,-0.7231194251224781,-0.9060787131504284,0.328888191831712,0.13114384342216406,0.7057899253030373,-0.5532430440939079,-0.5772285628495427,0.5844783164429035,0.12700559099473552,-0.13114384342216406,-0.3288881918317127,-0.6481676444393714,-0.3345252120667762,0.20908432283099887,0.44700675760914055,0.12023730520615308,-0.655084613695,1.4110304042558486,1.3416409041622488,-0.17027518936292965,0.8894542340524437,-0.3311783002420958,0.7258959215368835,0.28760912732185256,0.5161338391675497,0.7600658542737248,-0.04248097655033679,0.013711913318286572,0.6571863078002155,0
-1.8712150580620608,-1.0812127580541053,1.7280720791585935,-0.4281154315628296,1,0,0,1,0,0,-0.11697363252486404,-0.45943325824927705,-0.46407179961141953,-0.2520549540654803,-0.412232936696079,-0.15854290591620948,-0.39240785197788136,0.17693346256681666,-0.896298580612067,0.20461555852317498,-0.25954213705485685,-0.32281617841271765,-0.5792544755864167,0.4434603003190039,-0.4422305852369037,-1.000790142152199,0.6454801774487907,0.16425256854468911,0.8355570349801581,-1.2689780594871891,0.9887529773869083,-0.6858636223301852,0.21957260884730145,0.3636246758240066,0.4977781535133716,1.2689780594871891,-0.8355570349801588,0.24311279148239442,-0.5596729573423944,-0.5369196477548344,-0.9354867953196102,-0.6649035856248688,0.19555021907814235,-0.22015379130249568,-0.5962450189412776,-0.790386157798101,0.8061862574166584,-0.7105613285614767,-0.2776578835933038,-0.127311556405765,0.025363519036474696,-0.1916295312302808,0.9453015509175579,0.3477270420022505,-0.332546584257695,1
-0.6890029896291251,-1.1069805240255675,1.0038746524609323,-0.4281154315628296,1,0,0,1,0,0,2.103959280202451,-0.7146995006482346,0.03486227566633282,-0.49740240714154665,-0.8029067033585731,-0.1652507963427508,0.37814030809515764,0.8283271131724588,-0.4775724675806099,0.9000713503399737,-0.1144023345558799,-0.523025675747729,0.3134612759995115,0.09370230585903047,-0.14780833751872727,-0.2289834305529343,0.5742442748024342,0.17890605864904052,-1.0383979846077995,0.31652583753559754,-0.43218706340828794,-1.284976105967707,0.42275129732722283,-0.6465275335093353,0.3233955829193062,-0.31652583753559754,1.0383979846077986,0.29881781872750485,0.11577027848446049,0.8368193712507843,0.5762117625557528,0.8029685146244333,0.5421051509486824,-0.709509049969999,-0.319404172783631,0.8839134569768611,-0.593949349718396,-1.3597278436857505,-0.9385842279820732,-0.6056229001473229,-0.7982280526777443,-0.2938486652288588,-1.30464753942598,-1.3470904628015674,-0.7311889991143528,0
0.23620645523143258,-0.3854830768246345,-0.15484123025532542,-0.13478617003801185,1,0,0,1,0,0,1.1323011308842508,-0.6600411252826264,-0.4512786181940413,-0.2520549540654803,-1.0540900557882669,-0.3128243857266598,0.18663822366945262,0.20418723429310137,-0.2307182825332979,0.023898267261719265,-0.371641640627844,-1.270707997153202,-0.2674239052886585,0.4874046092441915,-0.6609782375964857,-0.7227753820496449,0.4899544337489335,0.18582973050378082,-1.4375436385994584,-0.30735587342307225,0.22748394935297803,-0.942406875422923,-0.4109199334365362,0.4535454122320057,0.6645788973388512,0.30735587342307225,1.4375436385994576,0.5216379277079463,-0.5596729573423944,0.23637715102316323,-0.18609776662925942,0.017827623793410803,0.6681251261743327,-1.3619827281933365,-0.983822203561983,0.44983577907224165,0.029018475482663446,-1.0140677512169813,-0.6243401071837319,-0.723760039264214,-0.5161761445564365,0.1890486229713212,-0.7833178721512579,-0.9883334727336057,-0.5181215015185524,0
0.08200488108800677,-0.6946962684821769,-0.8790386569529866,-1.161438585374874,1,0,0,1,0,0,-0.5586364276695006,-0.011699757913975716,0.20117363409225028,-0.5257562401621299,0.8627592184057952,0.3973176140965145,0.7983824695143147,0.30943300674009155,-2.5437599753892326,0.09620573945757922,-0.2115648745597416,1.7487533667164366,0.19160016014530212,0.29821964830061265,0.9964743400707079,-1.7988931863382964,0.3841477892537689,0.1867474167128043,-0.06904425348519842,2.4535682696765635,-0.8121926998768049,0.5735396061861833,1.6696909351482474,0.25094662469055184,0.4573672035062299,-2.453568269676564,0.06904425348519772,-0.14682239923337803,0.26586877533487285,-1.455778196891044,-1.98204733538717,-1.7743418009295742,0.2270552128845555,-0.709509049969999,-0.762349526635866,-1.1624527388592034,-0.8869292675109735,0.19995793940503753,-0.8296124764149065,0.060699378408311896,0.1607484349347019,-1.73020373779509,-1.4418395571298541,-0.5429799678216537,-0.1469716669968365,1
-1.8455147957048228,0.3617821363477598,0.5693561964423357,1.0385308760612593,1,0,0,1,0,0,-0.06649788450833415,-0.47106269981642773,-0.11865590134220637,-0.45747558105133773,-0.044497455341535624,-0.008733353056786679,-0.3559739847491478,-0.5402919702067489,1.207735750435573,-0.2600035207228267,-0.13011988126031854,1.3151954229198843,1.0013783010771726,0.07690800355406058,-0.10995278386780702,0.610261838418316,-0.10723764820677024,-0.15994313593683276,1.0833762813478618,0.7192902890320441,0.5718360621331269,0.6314193999244153,-1.0377609360494973,0.24491296618953393,0.013008876548249889,-0.7192902890320441,-1.0833762813478625,0.13789218446385273,-0.01765060760479466,0.28388688898730197,0.5675980955593125,0.49763594596792543,-0.4555529862543859,1.320409060058163,0.8125672870609685,-0.2736270174354578,0.27882240539001907,0.27583454506891375,-0.7611883533378483,-1.1257144516253432,-0.9731002357129547,0.15732544345452057,-0.9479482933959068,-0.7656567202776299,-0.9511296417938885,0
-0.12359721776989524,-1.132748289997029,-0.8790386569529866,0.3052077222492148,1,0,0,0,1,0,-0.7100636717190902,0.21507435264546262,1.0455236076392158,-0.6449580687792753,1.7669444041451925,0.6638444603777562,-0.1775070117317407,-2.576356137987291,0.30507353277715593,0.515818904589044,1.2663930378531334,-0.8269881893151608,-2.812044781121341,0.360304233494156,-1.450064588992817,-0.5088747611546315,1.2907117401416062,1.044014838184003,0.4783555005605047,-1.6023404173227471,0.6068395655848281,2.0834867802564903,-0.9284157985957413,0.5830096050122051,-0.6270956835434058,1.6023404173227471,-0.4783555005605054,0.10385022336961848,-1.4602639384448675,-0.7643598826895395,-0.8838047933409655,-0.3918111018575571,-0.05648973137315825,-1.3619827281933365,-1.648240234340335,-0.8523972546416179,0.8061862574166584,2.400379503657447,0.7806352199985308,0.13201387092399572,0.36382580878204385,0.3476645205553221,3.414757869587294,2.4631561903340238,0.16231986177126023,1
0.3647077670176212,1.0317440516057692,-0.4445202009343899,-0.4281154315628296,1,0,0,1,0,0,-0.571255364673633,-0.0029776767386127034,-0.3233468040202586,-0.4140768570402411,0.44498297934688336,0.3177173143682242,-0.48825266125039435,-1.293554061070043,1.147677005869493,-1.6980385931293371,-0.5149922363106949,-0.13297804816529257,0.060133621232128745,-0.6602191760628056,-1.6674037954769108,1.2416833061699113,-0.6818386235626024,0.5209591019414946,0.5364130502320184,-0.7133741297612541,0.01924398925957747,0.10507502561737242,-0.32114093921167053,1.6178410835227481,1.1781302960297888,0.7133741297612541,-0.5364130502320191,-0.8152827261747027,-1.685411683720486,-1.1373618679824566,-0.4186667755331612,-0.6478353053894121,-0.8756195703398886,-0.5463906304141645,-0.8177176958673952,-1.2244638357027204,-0.5816133531797613,-0.7105613285614767,-2.3577512251358734,-2.111151075478434,-1.5484861282804228,-1.4922798914190887,-1.0302635040182315,-1.378017789531564,-2.3120123683735136,1
-1.8198145333475857,-1.2873548858258006,-0.4445202009343899,-0.13478617003801185,1,0,0,1,0,0,2.368956957289233,-0.7234215818235976,-0.7583149722111197,0.2860892236721181,-2.2875517703787964,-0.7774575959384219,-0.48045798174210347,-0.7169145696438928,0.6649762304451144,-1.5804384584760773,-0.2942082445083341,-3.3375505645343915,-0.6992339255602474,-0.993086983463616,-1.5328232684504461,0.5515361453509655,-2.1169746239364478,-0.49429491498315076,-5.999208255646989,1.3979208031972914,-0.3241922934333899,-0.5515609554158699,-0.3548041477194267,0.03591459707655994,-0.10009765078878836,-1.3979208031972914,5.999208255646989,-1.17736540326792,-1.685411683720486,-1.919756276157842,-1.4135453136220761,-1.9962294439905155,-0.8756195703398886,-3.074726133529598,-1.9250810804979817,-1.1004416420156866,-0.5261013687559044,-0.7864379342253526,-1.0348848456460813,-1.0349505520599276,-0.9561771212256767,-0.5723076854318833,-1.4418395571298541,-1.0996718489615938,-1.0129879475475077,0
1.9067235084518848,-0.514321906681944,-0.4445202009343899,-0.13478617003801185,1,0,0,1,0,0,0.1480240445619179,-0.5158360498499579,-0.4128990739419065,-0.29545367807657696,-0.538817462977843,-0.16838114520847008,0.6201519759889471,0.21319071944510562,-0.26018870565431157,0.2910941074249801,-0.6052950632593794,0.28699384560478497,1.2458701580972082,0.15500048286499438,-0.70226781072688,1.3019365793997835,0.0059676044740112014,-0.5059899591432301,-0.3305796915292576,0.7192902890320441,-0.707461762621832,-0.9961274293062373,1.664007381014397,-0.3873319848617768,0.29291251499800625,-0.7192902890320441,0.3305796915292576,0.0759977097470634,-0.7097714541928067,-0.2276009282436361,0.459927258103802,0.4445346296798359,-1.7892643907258567,0.10608304780917345,0.2896456887631914,-0.5423417704240322,-0.5538573609678327,-0.7864379342253526,0.7167727051266096,1.5453374498711925,1.2607508766078017,-0.4771381468814831,-0.9479482933959068,-0.7656567202776299,0.7809029193074537,0
0.46750881644657266,-0.4885541407104817,0.5693561964423357,0.3052077222492148,1,0,0,1,0,0,-0.5838743016777656,0.011559125220325652,0.23955317834438508,-0.5344359849643492,0.9488729745916055,0.42191321232716605,-0.3624336007541317,-0.3632105232871907,-0.8576263750329214,-0.23098479095474714,-0.17520967007423097,0.6249415494954029,0.34436446414681643,-1.3137887593408035,-0.5568955642017055,-0.5739705891775436,-0.4908867991641397,-0.36577179353874284,-1.1887255685786846,2.031309283084856,-0.8087495039718771,-0.05936790917819399,0.5956188967128114,-0.17470939641673722,-0.12932381252847655,-2.031309283084855,1.188725568578684,-1.1495128896453646,-0.25947596364157,1.0187715591985484,0.5245297605771081,0.2909201075607231,1.2982250023025865,-0.22015379130249568,0.40038202722625016,1.3179911348814817,-0.7481493064513315,-0.02767187758659086,0.0963939892279486,0.39133929825375646,0.2961333508329291,-0.4771381468814831,-1.277209135885205,-0.5429799678216537,0.2860364732784985,0
-1.5114113850607322,-0.978141694168258,0.5693561964423357,0.3052077222492148,1,0,0,1,0,0,-0.7226826087232228,0.247055316955127,-0.3745195296897717,-0.35389729307818707,0.9368571517910429,0.46350213297172216,-0.9218986306466381,0.27841419424462516,-1.6078215981580635,0.23806456288813996,0.054514394057041185,0.42680577492274296,-0.12982135527431743,-0.1989516307086816,-0.131770582642077,-1.12411856707645,0.1842785415753002,0.23379025802930437,0.454702424768406,0.13114384342216406,1.0831323621865234,-0.5141370960723068,1.0683152366939517,-0.13888241845239868,0.15737930121494859,-0.13114384342216406,-0.4547024247684067,-0.5089050763265954,-0.5596729573423944,-1.4011925405067138,-1.659034823020639,-1.5183175973977192,-0.08799472517957138,-0.6279498401920818,-0.8730858650989243,-1.5965304167638241,0.6674062963570164,-0.7105613285614767,-0.8615437338508666,-0.24400799870415715,-0.2792525417345383,-1.238494455284687,-0.28942660841731066,-0.26463402725168356,-0.6418381130257917,0
-0.25209852955608386,-0.9523739281967958,-0.4445202009343899,-0.4281154315628296,1,0,0,1,0,0,-0.6595879237025604,0.15401978441792155,0.7001077093700027,-0.6015593447681786,1.4138461840069334,0.5833497752592604,1.0336426833048713,0.10151545658586701,-0.6582839404654217,3.54797930320781,4.24952569423601,2.2253674404819255,-2.7125771688962796,-0.5506794683153898,-1.377452706252345,0.8963932992807278,-1.0145271473427695,-0.16852847287896022,0.3735052989149339,2.664697762972419,-1.9875377490706807,-1.5192350327280177,1.8006850171956825,-5.799078894828311,-5.689126779488584,-2.664697762972419,-0.37350529891493456,-0.7317251853070371,-1.4602639384448675,-1.155557086777232,-0.5866332819637576,-0.9209277891567239,-0.9701345517591269,0.02452383803125581,-0.1532996650890431,-1.0384305451721696,-1.858388994928467,-1.6969572021918669,-1.9928225687248964,-1.0090180093269512,-2.8854121727754207,-3.0784388672590977,-0.20711139779498602,1.6837875567381073,-2.3120123683735136,1
-0.12359721776989524,-0.978141694168258,-0.15484123025532542,-0.4281154315628296,1,0,0,1,0,0,-0.016022136491804253,-0.48269214138357847,-0.4896581624461761,-0.23469546446104164,-0.542589835235557,-0.1898463945734023,-0.5732799476953017,0.6716343562827559,0.9025209407987479,0.02156497136035106,-0.08068434467505863,1.2085722904057694,0.8027295192770848,-0.4344925049320643,-0.23654509713480387,1.847816304624821,-0.6226354444010298,-0.3970287612353656,0.8549852458654548,0.8003845014165709,0.36301993099246627,-1.1588049174500223,0.6231008227204885,-0.646527533509333,-0.28272771029704985,-0.8003845014165709,-0.8549852458654554,-0.5367575899491508,-0.40957446049198204,-0.6278957417287164,0.3436427536518511,0.06903246449978255,-1.852274378338682,0.8401159358104279,0.4557501964577793,-0.728375060954584,-0.16527347000083534,-1.3934507795363622,-1.682633210775566,-1.1775795370912954,-1.311562525458524,-1.4605567119022886,-1.1125787146405561,-0.9326642846196119,-1.6315710050837011,0
-0.3291993166277972,-0.1535731830814779,0.5693561964423357,0.5985369837740325,1,0,0,1,0,0,-0.0412600105000692,-0.4792033089134332,-0.2977604411855021,-0.4152341563472037,-0.24758533152286494,-0.047639117530726326,0.27631662496166953,0.05227607407473265,-0.801731938935301,0.7957034648639344,-0.04289663493557739,-0.35170922117718484,0.39716270619353594,0.3101620581389388,0.8897871781246823,-1.0321580605083713,0.9885691372070848,-0.2751791134598262,0.18032674558006626,-0.6585353003337585,-0.07431471933727578,0.8196187098204425,0.05877510883647403,-0.09469581229638074,-0.21289111870466795,0.6585353003337585,-0.18032674558006695,-0.03541234474315745,0.340918023760079,-1.1009714303929035,-1.3877043126327533,-1.0062691903340089,-0.7811045889206503,0.35076067714292497,0.2896456887631914,-1.1624527388592034,-0.05424950115312168,0.8069707847160468,0.10551720563822252,0.11904759955750843,0.0761328624983096,-0.12818317219668063,0.6983559190505837,0.4033962301162448,-0.1469716669968365,0
0.3647077670176212,-1.6223358434548052,-0.4445202009343899,-1.6014324776621007,1,0,0,0,1,0,0.13540510755778543,-0.5146731056932429,1.3141804174041594,-0.670418653532452,0.5100509343974782,0.12229410660832044,0.19731672431569755,-1.8255235313866758,-0.03574443379796717,-0.2683082430526118,-0.5408072320709287,-1.4778265785705713,-1.134253612480907,-0.17438362561584525,-0.678293524231196,0.6480866675589502,-1.9351999095516061,-2.5905279012081603,-1.845181753314344,-0.18555039652161812,-0.4486157723983842,1.8260887747803294,0.7001284381042341,-1.5564439771951852,-1.8260704019379317,0.18555039652161812,1.8451817533143433,-0.5738942747792242,-1.0600012801771017,-1.7681294528680387,-1.2412719736932594,-1.7970995079101835,-2.450869260660523,-0.49201782389555315,0.47420625286828905,-2.1339599227409716,-0.7481493064513315,0.7690324818841089,-1.6735099943652914,-1.1386807229918314,-1.5738708000113402,-2.1267434817550925,1.6449808412073161,1.6837875567381073,-2.002720839605417,0
-0.12359721776989524,-0.35971531085317227,0.27967722576327125,-0.8681093238500562,1,0,0,1,0,0,-0.29363875058271866,-0.41873021276424965,0.35469181110078946,-0.5552673724896755,0.5105010384542977,0.10708955497482678,1.98883682166039,-1.0182157583768836,-0.8390608281828272,0.9902774771230567,0.7286847750385861,0.5472857133640928,-0.44544285431390007,1.4977448842741314,-0.599254695589125,-1.2492077212265087,1.2846286507442042,0.6772780122369334,-0.4633576356367666,1.20598490020106,-1.2689969731979542,0.7972128840514914,-0.10830902586921087,-0.06398520428337771,-0.2860957381095391,-1.20598490020106,0.4633576356367659,1.5243284181199328,-0.4846237089171882,0.30006041680488094,-0.4186667755331612,0.08610074473523979,1.1722050270769362,-0.709509049969999,-0.5962450189412776,0.5738579727592754,-1.192245181842186,0.7310941790521709,-0.02220782410562002,-0.07544647093981212,-0.093098282374475,-0.15990635171348128,-0.7010026615289333,-0.2089648391376897,0.038603250264021984,1
-0.2006980048416086,-1.596568077483343,-0.8790386569529866,0.5985369837740325,1,0,0,0,1,0,-0.6848257977108253,0.17437130716043522,0.2267599969270068,-0.5338573353108679,1.2774385783492765,0.5466799742608345,-0.15846674106759445,-0.21769232617266437,-0.5047234883897979,-0.19098483056274027,-0.06184703783707487,-1.7545876049056053,-1.3971429805690658,-0.3227631094391878,-1.6222210798051557,1.0458579910781154,-0.4606243493301425,0.1943025200010518,-0.7279513648365102,-1.6710749240929665,-0.10214923498724347,-1.3263159165724672,1.740960335839156,-0.1987390350982513,0.27010277107068753,1.6710749240929665,0.7279513648365102,-0.48105256270404034,-1.6103624352952797,-0.8189455390738695,-0.21193876761858224,-0.3747428216220998,-0.9386295579527137,-1.0357458890816678,-0.8730858650989243,-0.6663639641110671,0.11228645211844858,-1.0899443568808573,0.9266066825629212,1.791696605834465,1.582290051866092,-0.635754044465484,2.4269753421193996,1.5167799923961247,0.40975308478573785,1
1.1614159000919912,1.2378861793774645,-1.6032360836506476,0.5985369837740325,0,1,0,1,0,0,0.021834674520593164,-0.4937401108723716,-0.630383158037337,0.06041585881441555,-0.8862398096111354,-0.4264113302827595,-0.0708162590079014,-0.1485882268097928,-0.4330942741504184,0.37064091610640243,0.3175028815177184,-2.624976583827754,-2.233412796981765,-0.7354903626348483,-0.4278332535445762,-0.35785933051886226,-0.10664120325060114,-0.007369982076976536,-1.6740743965204417,-1.919828377166137,-0.6364215723167722,-0.22465195699119703,0.23244026615850522,-0.6064555575717588,-0.4199646490305584,1.9198283771661375,1.6740743965204417,-0.7874302125521474,-0.5596729573423944,-0.5824076947417753,-0.6641562849317252,-0.6649035856248688,-0.05648973137315825,-1.3619827281933365,-0.8730858650989243,-0.10826409251941274,-0.49834537654397587,-0.02767187758659086,0.6164173246135901,0.6506647255835172,0.34690269429476517,0.2524949820049213,3.0854970270979956,1.9621334973080773,-0.20882997275045564,1
1.2385166871637046,0.20717554051898904,-0.4445202009343899,-0.8681093238500562,1,0,0,1,0,0,-0.3188766245909836,-0.41000813158888666,0.11162136417060241,-0.5095540498646537,0.3949631924950283,0.07846922248825047,0.6684004250101966,0.6169753396189213,-1.7800972230304424,0.40591503124704564,0.15607687864264497,-0.7385093808598323,-0.2747668234761475,0.5193573772694955,0.7044567620467117,-0.42958903792204634,0.35019353117756663,0.2630305975288246,-1.1128149709452282,0.0964376253461319,-0.4104912896807097,-0.14110869645375837,2.001756983789815,-0.2011191088224787,0.053890597483978495,-0.0964376253461319,1.1128149709452275,0.24311279148239442,0.340918023760079,-0.7461646638947628,-0.8321227913623208,-0.6649035856248688,-0.18250970659880966,-0.9541866793037505,-0.5962450189412776,-0.35630847989348147,-0.27629743884854874,0.04820472807728505,0.589047675382767,1.6101688067036326,1.4130589069933075,-1.3019408143182878,0.12214944469431245,0.18071947766026855,0.5334696962929761,1
-0.27779879191332196,-0.9008383962538722,-0.4445202009343899,-0.4281154315628296,1,0,0,1,0,0,0.5896868397065544,-0.5891015317230072,-0.438485436776663,-0.2578414506002932,-0.821560333271995,-0.2537949499730962,0.5452843870350752,1.8822952234390193,0.15132220471279842,0.46390403043985246,-0.057172060034012095,0.5864927104894064,0.2841770988093968,0.1659232637670386,1.5432515975242664,-0.6313409767902849,-0.7920106801569583,-1.0822454740255454,-1.0021120160631036,1.7937886031270187,-0.5924426437241651,-1.0375136938814398,-0.8412993185488045,-1.4120486494167368,-0.9822755852953661,-1.7937886031270187,1.002112016063103,0.5216379277079463,2.142099985965025,1.3826759350940767,0.7829397704703327,0.39332978897346543,1.0776900456576979,0.35076067714292497,1.009431888773073,1.13195784435093,-0.6648813298155464,-1.0899443568808573,-0.5969704579529088,-0.9052878383950472,-1.3284856399458025,0.28421816152172197,-1.0302635040182315,-0.32030321536567735,-0.7036964187794109,0
1.341317736592655,0.9029052217484598,-0.8790386569529866,-1.8947617391869185,1,0,0,1,0,0,0.3246891626197725,-0.5536317349431976,-0.10586271992482811,-0.45747558105133773,-0.30374034948864803,-0.07223471576137783,-0.49681398976796193,-0.5419335271214712,0.12050121645884283,-0.6230111146765364,-0.43702388842157625,-0.13442801177748992,0.788790213789188,-0.8228742562398428,-0.6197164725285513,-0.5089128728443023,-0.15641646577977433,-0.15240902781733487,-0.7703150826731027,0.5806453452778549,-0.13137431463744692,0.12300241555142052,-0.6761375575520508,0.6865479326565701,0.41935470696128985,-0.5806453452778549,0.7703150826731019,-0.8988402670423681,-0.7848207026180125,-0.8280431484712572,-0.9354867953196102,-0.9379960693921812,-0.2140147004052217,-0.46483142063624716,-0.1532996650890431,-0.6663639641110671,0.029018475482663446,0.35171115073279,0.6985262723060605,0.20981149912292413,0.4822876101929924,1.0772976494417266,-0.6186874509066087,-0.4316415915936655,1.0901944480755505,1
-0.5862019402001745,0.0783367106616796,0.5693561964423357,-0.8681093238500562,1,0,0,1,0,0,-0.1800683175455264,-0.4530370653873442,0.2651395411791416,-0.5408011311526433,0.3350150913540324,0.06952536858619539,0.048681645303016066,-0.08626094362856768,-0.13439723390447397,-0.5006869670502285,-0.9415194540579354,-2.8095950056697343,-0.13212656467183548,-0.8181934915010204,-1.4871595882561428,0.22740224936701858,-0.6097905749708572,-0.7840905685434691,-2.8567281861253564,-0.9986842558367333,-0.8852223090644621,-1.3714079765133367,0.4122428511059325,0.0717378950476706,0.45850957276231114,0.9986842558367333,2.8567281861253564,-1.0102503215325889,-1.6103624352952797,-1.6104375566466425,-1.2714198081808024,-1.39883963574952,-1.537224440274555,-1.7697787770829225,-0.8730858650989243,-1.1004416420156866,-0.6648813298155464,-1.0899443568808573,1.2276728241019772,1.2860120225414318,1.243827762120523,0.886958572340925,0.6983559190505837,0.23638866577426285,0.9664778365683122,0
-1.2544087614883548,-1.1842838219399534,-0.15484123025532542,1.0385308760612593,0,1,0,1,0,0,-0.81101516775215,2.543870026467387,0.7512804350395157,-0.6038739433821038,2.7160309742624507,2.423100522911993,-0.6379839555677865,-1.3251096996762093,1.0586683603811153,0.22057672676969287,0.917188588433225,0.5293407649832044,-0.6425273159187148,-1.155652745439692,-1.7665493060051405,1.7119124791749063,-0.4780192248009111,0.5226265807119996,-1.0299055238845727,1.7434054285905087,-0.26758238613395274,0.04906433395028953,0.27307183111966904,-0.771980608069889,-0.6821469501040827,-1.743405428590508,1.029905523884572,-1.2052179168904753,-1.760460932145692,-1.110069039790291,-0.18609776662925942,-0.3576745413866426,-1.348194477436079,-1.4435419379712537,-1.2606630497196296,-0.8523972546416179,-0.15833447194785313,0.19995793940503753,0.4704458620491997,0.5469345546516133,0.18190232804379997,-0.025082838767080267,-0.8244754774624201,-0.05587457182420596,0.08499697957923605,1
2.1894263943815004,-0.02473435322416849,-1.168717627632051,-0.13478617003801185,1,0,0,1,0,0,-0.38197130961164594,-0.32162437567854146,-0.8478672421327675,3.344252642320728,-2.370248636851212,-2.8318608372404768,-0.7658872121576271,0.599371272419951,-1.4340384349800168,-1.259457941903418,-1.581429534214281,-0.7779104083885011,1.436539641877488,-0.7229384491493993,-1.1095549154973323,-0.4191672800925551,-0.5773272567964597,0.42581845712628263,0.6109019818860374,-1.6668621640005967,0.3426332320009338,-1.9341836383785354,1.5391558890350028,1.128978600850977,2.4716646910619904,1.6668621640005967,-0.6109019818860381,-0.9823978079100336,-1.3852146900196616,-1.874268229170901,-1.749478326483268,-1.8255466416359454,-0.43454965705011084,-0.6279498401920818,-0.9284540343304539,-1.7825637072943747,-0.08200549336504998,-1.9245870191834955,-1.3450742035954124,-0.4903671546674297,-0.0423289389126401,-0.8895394805998851,-1.6064699783745033,-2.1573864231274804,-0.76555472453303,0
-0.7147032519863632,-0.2566442469673251,-0.15484123025532542,1.478524768348486,1,0,0,1,0,0,-0.5460174906653681,-0.014607118305763387,0.8792122492132983,-0.6287558784817991,1.1585642976882287,0.474681950349291,-1.3007707082604083,0.14552947751578799,1.3939496511607097,-0.7160606420878353,-0.571115325530453,-1.2138581657498588,-0.16479968510255394,-0.9822074879493592,-0.6288177003964003,2.072804563835614,-0.9516374837765391,-0.5069605682503944,-1.2246659564705729,-0.440948977121442,0.8273431851448094,-0.8296795432260851,0.1773928154182809,0.023724292201754198,0.24752957108535534,0.440948977121442,1.2246659564705722,-1.0659553487776992,-0.8598699510432187,-1.1009714303929035,-0.018131260198663828,-0.3918111018575571,-2.1043143287899837,-0.9541866793037505,-0.5408768497097485,-0.9144083514851348,0.3898463742377325,-1.0140677512169813,-1.0531312784666302,-0.8145239388296306,-0.7530997473783346,-0.6992004034990842,-0.20711139779498602,-0.4316415915936655,-1.0748462533011267,1
-1.074506924987691,0.8256019238340739,1.4383931084795292,-0.8681093238500562,1,0,0,1,0,0,-0.6722068607066928,0.16274186559328455,-0.09306953850744984,-0.46210477827918806,0.9954659516426972,0.48228422616603783,1.4810585140204928,-0.14421921702216323,-0.022799506871320114,1.9736091648472562,2.6705202150479543,0.43601858433186264,-2.642118504968048,1.225281545947643,-0.5829391322953001,0.10191818828087948,1.4111208554249992,1.6587041755728151,-0.22931895624632825,0.8221130942085976,-0.8351610330483831,-0.38603022442078744,0.1335856399507728,-1.2669753702476791,-1.8524052839915093,-0.8221130942085976,0.22931895624632756,0.9951306592913848,-0.6347222057676005,-0.3549674598070702,-0.25070026910256554,0.3079883877961804,0.16404522527173035,-1.6882195673050053,-1.814344742034923,-0.046252995675895824,-0.7789892977979186,-0.34803976816740156,0.05483267002558665,0.11472550910201175,-0.4033553813079138,-0.9635602328057525,0.8904247438360077,1.560078249818122,-0.1813373924155138,1
0.8273124894479005,0.38754990231922204,-1.8929150543297122,-0.13478617003801185,1,0,0,1,0,0,0.43825959565696476,-0.569331481058851,-0.6687627022894718,0.12117407242995086,-1.2666808028743408,-0.5315016136319068,-1.0991031231461348,0.18661266014855107,1.0947921947696198,-1.7355928828084735,-1.1189707504369757,-1.1629713475503412,0.5361454019320145,-0.8699484148321021,-0.3908273836132459,0.9378449788177339,-1.4731936935231882,-1.0076161982084657,-1.0827475017179835,-0.5122984218604396,0.6590874420605292,-0.647654025810979,-0.554173847718838,0.8838803650417347,0.47097567726931505,0.5122984218604396,1.0827475017179828,-0.8431352397972577,-0.40957446049198204,-0.1548200530645294,0.3436427536518511,-0.2894014204448148,-0.7495995951142377,-0.38327221085833024,0.12354118106860354,-0.35630847989348147,0.6674062963570164,-0.5588081172337243,0.19674936974096682,-0.127311556405765,0.22844089288381547,0.47455723862252236,-0.12479618717266176,-0.3759724034796717,0.038603250264021984,0
-1.8712150580620608,0.026801178718756015,1.7280720791585935,-0.4281154315628296,1,0,0,0,1,0,-0.11697363252486404,-0.45943325824927705,0.047655457083711085,-0.49798105679502797,0.13327652019567707,0.03151398950246124,0.45150067882060047,0.34491819915073857,-1.7712847432555552,1.311086790727189,0.8924572907466932,0.8254639666715956,-0.8345459257430345,0.714855597268173,-0.6582733984711631,-0.9594328461450757,0.6563803980756354,0.33224814737062763,0.5444209881177442,0.5858842905209262,0.0864526052585879,-1.1328548927872668,1.4572680993956497,-1.12033810312757,-0.835862537874881,-0.5858842905209262,-0.544420988117745,0.6330479821981672,-0.6347222057676005,-0.082039177885424,-0.5607922809744348,-0.2894014204448148,0.6681251261743327,-0.38327221085833024,-0.6516131881728072,-0.29429738304996345,0.029018475482663446,-1.0899443568808573,-0.15905607025973648,0.5987996401175653,0.0761328624983096,-1.3019408143182878,0.12214944469431245,0.45906541823023866,-0.20882997275045564,1
0.23620645523143258,1.4182605411776974,-0.4445202009343899,-0.8681093238500562,1,0,0,1,0,0,-0.7479204827314877,0.34881293066769553,-0.2593808969333673,-0.4291217480307546,1.2422160410794842,0.5998959049780623,0.5299812343959465,0.08143613480328428,-0.45946004435464827,0.13686551292504975,0.015229766745799855,0.5425152802537898,0.1793350267595361,-0.3295128287041814,-0.5724555977392075,0.3761217813813607,0.305030595785201,0.29543624182149747,0.6912331826893902,0.05436948222367098,-1.0661971435112478,-0.685247101756306,1.006063389877355,0.11756663916253465,0.2686365454779993,-0.05436948222367098,-0.6912331826893908,-0.3974950218363748,-0.6347222057676005,-0.3913578973966235,-0.1473362651452761,-0.01630893667750248,-0.5605696322757617,-0.05703537174666111,-0.3747723420151606,-0.728375060954584,-0.9979532363586869,-0.6346847228976005,0.03253147435602734,0.5469345546516133,0.5669031826293847,-0.7309235830158842,-0.20711139779498602,-0.2089648391376897,0.10046155601764112,1
-1.5114113850607322,-1.1069805240255675,0.27967722576327125,-0.4281154315628296,1,0,0,1,0,0,-0.7983962307480176,1.6920134316735995,0.03486227566633282,-0.49740240714154665,2.0621960204908687,1.6856797686875507,0.19847785809121626,0.7916699123882309,-0.42896236333289883,0.5147446428372883,-0.10738700518972145,1.118119146795322,0.5941993436406401,-0.1674131478908694,-0.2792869054547093,-0.07522770011430878,0.23486613736702122,0.19753736556296528,1.2685285918524662,0.266869946255213,-0.443265537966211,-1.3663752905655762,0.5108093373171725,-0.46249756251969737,0.3324651560725775,-0.266869946255213,-1.2685285918524671,-0.3974950218363748,-0.5596729573423944,-1.019092945816409,-0.8967252938356269,-0.767313267037611,-0.655084613695,-0.05703537174666111,-0.5962450189412776,-1.2244638357027204,-0.47058938433204756,-1.317574173872486,-0.25028823436248077,0.04124997135858002,-0.14386762583630988,0.030432725387320277,-0.7833178721512579,-0.7656567202776299,0.038603250264021984,1
-0.38059984134227254,-1.6223358434548052,-0.15484123025532542,1.7718540298733036,1,0,0,1,0,0,-0.43244705762817587,-0.2559180308241401,-0.06748317567269331,-0.4702058734279261,0.4240835364675537,0.16656618342349314,-0.8668753275656946,-1.1344832859944805,0.24066973051192958,-0.33126145078788993,0.5888087055082802,1.3556091014989808,-0.11981499918941452,0.208129432202123,-1.2083916367468666,-0.16028731249613268,0.43284960476291834,0.8192316104949712,0.454702424768406,1.3979208031972914,1.4133717214073853,0.3465736989028145,-0.4900768751026302,0.8767191074148566,0.03434006251827981,-1.3979208031972914,-0.4547024247684067,0.1317027369921738,-1.1600669447440433,-0.20030810005147043,-0.25070026910256554,-0.06751377738387422,0.4475901695294441,-0.6279498401920818,-0.8730858650989243,0.015758101167622184,1.1670141561717275,0.19995793940503753,-0.323273965644676,-0.5162996974004062,-0.1607907403235886,-0.3819686083310823,-1.1125787146405561,-0.6543183440496418,0.16231986177126023,0
-1.0231064002732158,0.3617821363477598,-0.4445202009343899,1.0385308760612593,1,0,0,1,0,0,-0.6343500496942954,0.11331673893289414,-0.11865590134220637,-0.45747558105133773,0.8364650837510073,0.44069530552148173,-0.11386502301668945,-0.3724995126494939,0.16026694569154717,0.10317572920733149,0.18315435449892847,1.5592734673012618,0.3174037462516514,0.43324487205211026,-0.1813716201178672,-0.9233588310839199,0.6974549598802721,0.6887374128120597,1.0008734476041308,1.1340089365774726,0.5912252576725496,0.3295731637626698,-1.1469768605879447,0.5522006454376294,0.4343084007409973,-1.1340089365774726,-1.0008734476041314,0.15955525061472892,-0.40957446049198204,-0.7825551014843162,-1.0905328012555453,-0.801449827508525,0.3530751881102058,-0.38327221085833024,-0.8177176958673952,-0.790386157798101,0.25106641317809053,-0.02767187758659086,-0.8980365994919648,-1.2813097080232,-1.0238695791747903,0.31594134103852145,-1.4418395571298541,-1.211010225189582,-0.8274130302866491,1
-0.12359721776989524,0.4648532002336079,-0.8790386569529866,-0.4281154315628296,1,0,0,1,0,0,-0.7100636717190902,0.21507435264546262,0.29072590401389814,-0.5419584304596059,1.4350827726849007,0.5842441606494659,0.35755400251568564,-0.5303982270568257,-0.789400170911591,1.3067674522766841,1.1257790444570819,0.13870752265139882,-1.8088999991127368,0.2713085552349784,-1.1289761891789758,-0.6735766762362951,1.3756360673710564,1.3019330887527767,0.8164553486475558,-0.6205699568839558,-0.22609923266794624,-0.402995350458091,0.4022568785679561,-0.40130134601395007,-0.1924836334562872,0.6205699568839558,-0.8164553486475564,-0.03541234474315745,-1.2351161931692491,-0.9918001176242447,-1.1422148032341901,-0.6307670251539549,0.06953024385249205,-1.6066603575270884,-1.980449249729511,-1.0384305451721696,0.05677446769459199,-0.02767187758659086,1.2641656897430753,1.3119445652744073,1.0407503882731821,0.6014499566897238,1.439192814651505,1.1827648637121608,0.8427612250610729,1
-0.25209852955608386,-0.514321906681944,1.0038746524609323,-0.13478617003801185,1,0,0,1,0,0,0.48873534367349464,-0.5774720901558565,-0.4128990739419065,-0.29545367807657696,-0.7344913508946546,-0.21578357088936206,0.6170715174849766,0.07588029348113029,-0.921916556986375,-0.5665476684331667,-1.100823995320734,-0.809002424798541,1.2631761871538707,0.16620092906892692,-1.1537222181448823,0.5510718651643702,-1.0468817931343295,-0.7961538198537292,-1.4375436385994584,0.3223554599919946,-0.6919869562092492,-1.2599216752981548,1.8140648971099702,-0.27270071620970926,0.6538358615144496,-0.3223554599919946,1.4375436385994576,-0.09111737198826762,-1.2351161931692491,-0.8826288048555859,-0.4961897785011287,-0.8526546682148961,-1.033144539371952,-0.709509049969999,-0.09793149585751397,-0.8523972546416179,-0.49834537654397587,-1.0140677512169813,0.9630995482040194,1.8694942340333933,1.6161362808406496,-0.1916295312302808,-0.9479482933959068,-0.9326642846196119,1.1520527538291696,0
-0.6119022025574117,-0.4885541407104817,-0.15484123025532542,0.3052077222492148,0,1,0,1,0,0,0.22373766658671274,-0.5373505167491867,0.23955317834438508,-0.5344359849643492,0.00418961258048316,-2.3669184983433978e-4,-0.1729615854552411,-0.6041546808241826,-0.6615191350616944,-0.7160382865092058,-0.9198451799688592,1.0116078694337076,1.446347094924789,-1.1158842302777323,-0.967904526228001,-0.42387093347086086,-1.5273272084627396,-1.6712108909535968,-1.1334326641296226,2.5038371966517667,-0.8744710799033493,-0.14040424693402764,0.47836940847031917,-0.5471499851430108,-0.4357683759450437,-2.5038371966517676,1.133432664129622,-1.1495128896453646,-1.0850176963188372,-0.8917264142529749,-0.9484072958142716,-1.4159079159849774,-0.7495995951142377,0.10608304780917345,0.7879592118469556,-0.728375060954584,-0.7759052986632599,-0.02767187758659086,0.34272083230535716,0.5469345546516133,0.27921023634565156,-0.2233527107470814,-1.3595243465075295,-0.3759724034796717,0.6571863078002155,0
-0.25209852955608386,-0.6946962684821769,-0.4445202009343899,0.5985369837740325,1,0,0,1,0,0,-0.6595879237025604,0.15401978441792155,-0.24658771551598904,-0.4291217480307546,0.7997920637258873,0.45008635211863957,0.2354744225064779,-0.4453966955041318,1.1503555002894956,-0.6503287247645303,0.01461332762343578,0.3284504930787279,0.699191897186499,-0.5740442136561159,-1.5328232684504461,0.9793492336530087,-0.8183988509450202,0.0900522698465258,1.1709575367826512,-0.7133741297612556,-0.9010111311068002,-0.924227758709182,-0.5884229742918877,0.0670418601179327,0.06892047264071875,0.7133741297612556,-1.1709575367826521,-0.7874302125521474,-1.6103624352952797,-1.364802102917162,-0.7416792878996918,-0.9892009100985523,-1.0961545269847772,0.5954383064766764,0.06817301183707392,-1.4104971262332722,-0.9424412519348303,-1.0140677512169813,-0.6973258384659271,-0.8663890242955825,-0.7869459763528921,-0.0012904541294803558,-0.04248097655033679,-0.3759724034796717,-0.76555472453303,1
0.5960101282327613,-0.978141694168258,3.176466932553916,-1.6014324776621007,1,0,0,1,0,0,-0.5333985536612357,-0.026236559872914074,-0.016310450003180245,-0.4788856182301454,0.6546137962476455,0.3499151884156225,3.531618455935959,-1.1811340744054493,1.2359091723572582,2.5647739603845157,2.769347286898803,1.597973605908606,-2.2313016544475737,3.946829850619963,-1.3086582564785132,1.9406495069855199,2.198648675823306,2.53404805371113,1.078283513832815,1.1100169487029459,-0.9671755494423458,0.3101584714844864,0.2606363571807316,-1.2847017643609329,-1.1262823924082763,-1.1100169487029459,-1.078283513832816,3.9474971032822337,-1.1600669447440433,0.35464607318920965,1.3514417922354265,2.356182016051021,-1.033144539371952,-1.6066603575270884,-2.0358174189610403,0.8219023601333442,-0.8869292675109735,0.35171115073279,0.1785029369204177,0.28760912732185256,-0.2623294272472596,-0.2550758902638815,0.28677986593896093,1.0157572993701793,0.47161139053935697,1
-0.14929748012713334,0.026801178718756015,0.5693561964423357,-1.161438585374874,1,0,0,1,0,0,-0.2810198135785862,-0.41989315692096474,-0.8094876978806327,0.8242334014097165,-1.5897796604139562,-0.9599122155403457,1.044221992362248,0.24896482931096084,-1.975895533794329,0.5310577790413574,0.24269552399414726,0.7536069453847529,0.13365494828656835,-0.08456778238838655,0.8858784142478128,0.07661134269374116,-0.1765344713537272,-0.21366442957665496,0.6912331826893902,0.3422733367180179,-1.5365152312921078,0.5457415067369655,2.778102398626548,-0.8924733583890506,-0.5241177965146507,-0.3422733367180179,-0.6912331826893908,0.18740776423728422,1.3165582532877582,1.1461380907619838,1.0155087793742343,0.8883099158017184,0.6366201323679207,1.247911984700014,0.954063719541543,0.8219023601333442,-1.5253170883853264,-0.1035484832504671,-1.5366617482111748,-0.16621037050522874,-0.4992530300691578,-2.856376610641497,-0.6186874509066087,-0.5429799678216537,-1.6315710050837011,0
-0.3034990542705592,0.2587110724619126,0.27967722576327125,1.0385308760612593,1,0,0,0,1,0,-0.7605394197356201,0.654085771805401,-0.16982862701171944,-0.4511104348630436,1.4350827726849007,0.8516653923209132,1.4058179817402656,-1.570723954326145,0.8038576903766451,1.1208539886137157,1.4807464424042909,-0.2549421213520711,-1.3542691812030614,1.9909186754168389,-1.461480691921743,1.567291986946457,1.4698325302482826,2.1690412351176636,-0.01835909107355938,-0.3295023237687909,0.03447835718340965,0.6917886471567637,0.4760769056812653,-0.0567406505982596,0.1926037003604338,0.32950232376879157,0.01835909107355796,1.245803281894381,-1.535313186870074,-1.21924035255895,-0.354064273059855,0.22264698661889537,-1.348194477436079,-1.6882195673050053,-1.8697129112664523,-0.6663639641110671,0.16779843654230542,0.8828473903799233,0.5799244589724931,0.754394896515422,0.6853649840403343,0.1890486229713212,0.5337254978059351,0.4033962301162448,0.5953280020465953,1
-0.5862019402001745,-1.6996391413691911,-1.168717627632051,-0.13478617003801185,1,0,0,1,0,0,-0.4955417426488382,-0.19195610220481132,0.188380452674872,-0.5257562401621299,0.7199685198313944,0.2586878786146606,-0.24028882409128344,-0.1925321620608358,0.6349802232404732,-0.04902258747756546,0.21619395235705424,-0.1352095372084496,-0.5587156895164945,-0.6186881261367347,-0.06285616002164474,0.7796125833261689,0.5841200955195042,0.6691157023536,0.7837886966584708,-0.9617617689328484,-0.28405842667853626,0.20128851339392853,-0.08460377644124004,0.6454298408169437,0.37219852417261773,0.9617617689328484,-0.7837886966584715,-0.8152827261747027,-0.4846237089171882,-1.3284116653276086,-0.7933612898783374,-0.5454256239766699,-1.3796994712424915,-0.9541866793037505,-1.3160312189511594,-1.4725082230767892,-0.7203933142394032,-0.5588081172337243,-2.1023011656481896,-1.8129268340492097,-1.5146398993058652,-1.5240030709358887,-0.6186874509066087,-1.0440026608476,-2.1264374511126554,1
-1.6142124344896835,-0.02473435322416849,-1.6032360836506476,-0.13478617003801185,0,1,0,0,1,0,1.3089662489421054,-0.6763223434766373,-0.5280377066983108,-0.18840349218253855,-1.2473482450034319,-0.37453697765084,0.43367289882966914,1.9365362053726138,-0.9713984816619717,-0.5340287028054357,-1.3032786636397882,-0.40071673929032064,2.4606415713018617,-0.6042641686773806,1.3563944405744603,0.7930730472152491,-1.1415294705950498,-1.3304555573266663,0.328888191831712,-0.8727171435694476,-1.2068063601064398,-1.2991505416943718,2.1248961952519068,-0.4104827576247268,0.3953951924945653,0.8727171435694476,-0.3288881918317127,-0.8152827261747027,0.5660657690356972,-1.3920949311093263,-0.8450432918569822,-1.1940202729240363,-1.8837793721450944,1.4110304042558486,1.3416409041622488,-1.5965304167638241,-1.192245181842186,-1.317574173872486,-0.615216890773458,0.4821031978191731,0.27921023634565156,-1.5240030709358887,-0.5363722402842841,-0.9326642846196119,-0.8274130302866491,0
-0.2006980048416086,-0.12780541711001567,-0.8790386569529866,0.3052077222492148,1,0,0,1,0,0,-0.6848257977108253,0.17437130716043522,-0.31055362260288033,-0.4140768570402411,0.8288548584430144,0.4541110863745644,-1.5703528631996677,-0.3474688916026959,1.641025997110258,-1.3096936753723436,-0.6665617824443477,-0.1617629846008393,0.5432211854794663,-0.693397176473671,-1.2378415318866263,1.1156580665164382,-0.5384588611969394,-0.21723374976218496,-0.8079054238520522,0.5806453452778549,1.4907795942235278,-0.7631305147013326,-1.1222087495507975,1.2353850715594443,0.6544764871599278,-0.5806453452778549,0.8079054238520514,-0.5924626171942612,-1.0850176963188372,0.391036510778763,0.9379857764062678,0.6493539925053206,-0.5605696322757617,-0.30171300108041293,0.06817301183707392,0.38782468222872474,1.6666220159864384,-0.5588081172337243,0.6711566230752374,-0.06248019957332482,0.43151826673115745,1.3628062650929278,-0.6186874509066087,-0.4316415915936655,1.0283361423219313,0
1.1614159000919912,1.2378861793774645,-1.6032360836506476,-0.4281154315628296,0,1,0,1,0,0,0.021834674520593164,-0.4937401108723716,-0.3361399854376369,-0.4053971122380218,-0.34434585031512466,-0.06642121072504202,-1.0622590024199559,-0.4319196849510795,0.4240964053737159,-0.8514584113347895,-0.679308224667961,-1.1413653588368828,-0.2292467329422167,-0.7543034222920286,-0.09316792598725632,-0.3731364837151159,-0.1492138013196341,0.004990395906397431,-1.6577619304569258,0.08746187929198715,0.7234059092480928,0.49948973952369413,-0.9547201744479332,1.0023075310354759,0.8880061121449455,-0.08746187929198715,1.657761930456925,-0.6481676444393714,0.04072103005925432,0.41832933897092733,0.14983524623193267,0.08610074473523979,0.7626401075935709,-1.1988643086375024,-0.6516131881728072,0.8839134569768611,0.5008703430854462,0.27583454506891375,-0.47836864461934153,-0.8663890242955825,-0.4654068010946016,0.6331731362065233,-0.6186874509066087,-0.6543183440496418,0.038603250264021984,1
-0.12359721776989524,-0.46278637473902035,-0.15484123025532542,0.5985369837740325,1,0,0,1,0,0,-0.5207796166571032,-0.049495443007215444,0.41865771818768077,-0.5627898179849323,0.9012659350619028,0.39687042140141177,0.44109602694146915,0.7692684894644368,-1.4438823891868815,0.9855366581079782,0.8750573518700466,1.6592582828821103,0.2569169980197459,0.024523164449497845,0.20520332996158783,-0.8531792954004855,0.7155103724485764,0.4469501749740312,1.078283513832815,1.1936019387174324,-0.5888515059596477,-0.8502769524710813,1.1164726847849287,-0.6219086062949067,-0.7012575601398994,-1.1936019387174324,-1.078283513832816,-0.03541234474315745,0.11577027848446049,-0.20030810005147043,-0.5995537824584191,-0.3064697006802721,0.5421051509486824,0.2692014673650073,-0.2086678343205727,-0.4803306735805153,-0.6093693453916895,-0.8623145398892288,-0.2959043164138529,0.30057539868834077,0.025363519036474696,-1.3653871733518879,-0.8656330827735822,-0.4316415915936655,-0.2706882785040748,1
-0.894605088487027,1.3409572432633117,-0.4445202009343899,-0.8681093238500562,1,0,0,1,0,0,-0.4198281206240434,-0.2617327516077154,0.31631226684865466,-0.5483235766479001,0.6636190961592741,0.22246527031133748,0.2520487212825935,-0.4174607291951883,0.10288617168575676,-0.15022328531905826,-0.4433236159779301,-0.34879537392253807,0.027973372603045388,-0.42861064585204917,-1.1195979830591498,-0.01179203642794541,-0.7559357124973298,-0.6079039153953686,-0.4019224822967764,-0.07709346503402185,-0.7787425896597917,-0.5486107295704064,-0.1524987027920104,-0.5466309456133615,-0.01715744151395185,0.07709346503402185,0.40192248229677574,-0.45320004908148526,-1.0850176963188372,-0.2276009282436361,-0.19901826712392082,-0.47715250303484213,-0.18250970659880966,0.02452383803125581,0.2342775195316623,-0.29429738304996345,-0.8036612908751883,-0.6346847228976005,-0.4601222117987924,-0.46443461193445323,-0.6346379459673855,0.15732544345452057,0.2044646553166367,0.18071947766026855,-0.332546584257695,1
-1.2544087614883548,0.0783367106616796,-0.15484123025532542,-0.8681093238500562,0,1,0,1,0,0,-0.81101516775215,2.543870026467387,0.2651395411791416,-0.5408011311526433,2.4797456191077236,2.3743565191457927,-0.09248479771130443,-0.13755478891971964,0.7584200175409227,-0.3307820930201277,0.21951508012838797,-1.779493036186807,-0.9749791896984848,-1.1219231145534991,-1.526838854521848,1.3821869699593943,-0.5461581572868213,0.7113778479564379,-1.7278313869570296,-0.7133741297612556,-0.9924099942978617,-1.340755381987369,0.3521790360065355,-0.09469581229637845,0.4091416549364249,0.7133741297612556,1.7278313869570274,-1.1495128896453646,-1.535313186870074,-0.8462383672660339,-0.08273376267196997,-0.2894014204448148,-0.7180946013078251,-1.7697787770829225,-1.4267675574142176,-0.4183195767369984,-0.7481493064513315,-1.0140677512169813,1.492246099999936,1.4805060930387524,1.345366449044194,1.2359135470257274,0.9453015509175579,0.6260729825722207,1.275769365336409,1
-0.020796168340944693,-0.7719995663965628,-0.15484123025532542,-0.8681093238500562,1,0,0,1,0,0,-0.8236341047562825,3.3579309361679353,-0.23379453409861076,-0.4302790473377172,2.5505964267869707,2.915012487525023,-0.013953497738020373,-1.0317322713508357,1.6596205188647752,-0.036081766314703674,1.447555100544241,0.8772819876559134,-1.342386021872869,0.5005142653910294,-1.9340091714330112,1.7006735626931284,1.2134902997356922,2.7228934319377043,1.8657307392625473,-0.653901033058197,0.5195106348695319,-0.5213630105173233,-0.5597439287311884,1.2520203473032898,0.7764829419681665,0.653901033058197,-1.865730739262548,0.04814519612450831,-1.9105594289961043,-1.3193140559302208,-0.39282577454383927,0.08610074473523979,-0.9071245641463012,-1.6882195673050053,-2.2572900958871576,-0.6663639641110671,0.7506742729928018,-0.2553016945782196,0.890113816921823,0.4302381123532211,0.9392117013495113,1.0455744699249259,0.36909507656128593,0.06938110143228039,0.904619530814692,1
0.8016122270906633,0.38754990231922204,-1.6032360836506476,-0.13478617003801185,1,0,0,1,0,0,-0.25578193957032125,-0.4326855426448305,-0.6687627022894718,0.12117407242995086,-0.7489595631334004,-0.4264113302827595,-1.0331428041829918,-0.45002898269061437,-0.24515391760946786,-1.2162724815404464,-1.0687125700506253,-1.406023167108948,0.8443578896888031,-0.7483054563459103,-1.547724756864692,-0.6943516508946774,-0.4767537725119807,-0.5703833543871183,-1.601295701775523,-0.3295023237687909,0.6889122237342272,-0.9327977831405256,-0.3626228280542147,1.1703647754039248,0.8325103528479194,0.32950232376879157,1.6012957017755223,-0.7317251853070371,-1.4602639384448675,-0.1548200530645294,-0.4832692780064673,-0.6307670251539549,0.29006520049738066,-0.38327221085833024,0.4557501964577793,0.20179139169817292,0.5286263352973745,-0.9381911455531051,-0.3050275328241268,-0.4385020692014777,0.025363519036474696,0.062155904904119784,-0.6186874509066087,-0.8213259083916238,-0.1469716669968365,0
0.23620645523143258,-1.880013503169424,-0.4445202009343899,1.7718540298733036,1,0,0,1,0,0,-0.7479204827314877,0.34881293066769553,-0.13144908275958464,-0.4545823327839313,1.369200118078025,0.6195723835625835,-0.6163559718747736,0.38676907411597444,0.8855086032592224,-0.7522836357320061,-0.5855413785339915,0.3197086579430962,0.9628070824678968,-0.1938603774487026,-0.455498665347798,0.16018607734243723,-0.16122784563914203,-0.1355877059047984,0.74955583532744,-0.30735587342307225,0.6633549777002179,-0.9871612558341498,-1.0495483659264244,0.8564158867270727,0.6288574647377501,0.30735587342307225,-0.7495558353274407,-0.17467491285593337,-0.40957446049198204,0.06352257247278678,0.13691474573727128,0.06903246449978255,-0.11949971898598452,0.5138790966987595,0.17890935030013266,-0.29429738304996345,0.5841383197212315,-0.9381911455531051,-0.06782390615699217,-0.5940973255993336,-0.24540631275998087,0.9186817518577256,-0.7833178721512579,-0.9883334727336057,-0.1469716669968365,0
0.08200488108800677,-1.0296772261111817,-0.8790386569529866,-0.4281154315628296,1,0,0,1,0,0,-0.5586364276695006,-0.011699757913975716,-0.6559695208720935,0.11538757589513797,-0.22093079326889808,-0.0981718920773376,0.5583668233423189,0.9592344462210894,-0.5932918020698855,-0.12397461063799904,0.19020830977027298,-0.4468340842047312,0.004015296650798945,0.9612551415948347,1.0690669207278654,-1.5339527971223565,0.5510562192629825,1.086221326878676,0.328888191831712,-0.9356157016516281,0.18405215134467123,-0.24561160847887695,-0.7304248584416073,0.7138996148935057,0.8132035915336456,0.9356157016516281,-0.3288881918317127,0.18740776423728422,0.11577027848446049,-1.9015610573630652,-2.201695843796411,-1.9450246032841443,0.19555021907814235,-1.0357458890816678,-1.2606630497196296,-1.4104971262332722,0.1400424443303771,-0.2553016945782196,-0.07694712256726609,-0.4385020692014777,-0.14386762583630988,0.886958572340925,-0.28942660841731066,-0.7099875321636356,-0.023255055489598248,1
-0.12359721776989524,0.3617821363477598,-0.8790386569529866,-0.4281154315628296,1,0,0,1,0,0,-0.7100636717190902,0.21507435264546262,-0.5920036137852022,-3.423548011197542e-4,0.47710042992796414,0.16567179803328763,0.6657919492888809,0.5474661402144806,-1.6868739275639375,1.1324546825400217,0.20161286405365403,-0.8456193705951675,-0.9616848027598767,0.5921806377658153,-0.8643420681299943,-0.7218787765941929,1.6680638833111585,1.624856515934462,0.5581846313588362,-1.7069246864476295,-0.33409999685526276,-1.6172933680115014,1.5805946168376488,0.12415037671453967,1.324249537696319,1.7069246864476295,-0.5581846313588369,0.35452284597261524,-0.9349191994684248,-0.5915053041391644,-0.8450432918569822,-0.22112829950298704,0.5421051509486824,-1.7697787770829225,-2.0911855881925696,-0.35630847989348147,-0.49834537654397587,-1.6210805965279906,-0.8615437338508666,-0.010615114107371936,0.04228663352375219,-0.826093121566285,-0.37174181903963527,-1.0440026608476,-0.76555472453303,0
-0.5091011531284612,-1.2873548858258006,-0.15484123025532542,-0.13478617003801185,1,0,0,1,0,0,-0.3945902466157784,-0.29952843670095514,-0.7583149722111197,0.2860892236721181,-0.9828555248935813,-0.45145412120851375,-0.3889599821680327,-0.41638229936501636,1.4297754287387499,-0.17001547537195086,0.39300524433589706,1.3260748648262408,-0.1642705135670407,-0.7541511492753219,-0.8282780873835778,1.9055295897379454,-0.1696138243282037,0.7245348502912836,0.5444209881177442,1.2686578481181965,-0.21268061892351836,-0.25825303204462524,-0.03967743973270583,0.061493773972138656,0.1964411965957363,-1.2686578481181965,-0.544420988117745,-0.5646101035717058,-0.5596729573423944,0.9550882934168308,1.9199438140005203,1.7417239275745686,-0.34003467563087314,-0.38327221085833024,-0.6516131881728072,1.13195784435093,-0.44283339212011924,-0.5588081172337243,-1.0622544948769042,-0.9182541097615345,-0.8377153198147269,-0.6040308649486834,-1.4418395571298541,-1.1553410370755877,-0.8274130302866491,0
-0.9717058755587404,-0.4885541407104817,0.27967722576327125,0.3052077222492148,1,0,0,1,0,0,-0.356733435603381,-0.3582571166150661,0.23955317834438508,-0.5344359849643492,0.5263552229023802,0.1374986582418141,1.282553042597297,-0.47871582984228234,0.3617822494695982,0.7140876702933346,0.754487413074088,1.8851429990747934,0.0904124131368367,0.731995776924516,-0.6628889636965531,0.7907118691681775,0.3690688345177326,0.38945916074731635,-0.24687185720061178,2.81595471339333,-1.0520196710744614,-0.007015111834759903,0.30002071775001654,-0.5987240348466681,-0.6006395203504923,-2.81595471339333,0.24687185720061106,0.5494904413305014,-0.7097714541928067,-0.3731626786018469,0.07231224326396513,0.22264698661889537,-0.8756195703398886,-0.6279498401920818,-0.5962450189412776,-0.046252995675895824,-0.8869292675109735,0.27583454506891375,0.8718673841012752,0.9099901529132779,0.5838262971166633,0.15732544345452057,-1.3595243465075295,-0.15329565102369538,1.3376276710900281,1
-0.25209852955608386,0.5936920300909173,-0.4445202009343899,3.2385003374973924,1,0,0,1,0,0,-0.6595879237025604,0.15401978441792155,-0.5536240695330674,-0.023488340940371298,0.34350910801086915,0.1366042728516086,-2.811904331576498,0.1860930319223701,-0.5811308893584864,-2.066673099187749,-1.7705219453456518,-0.6008979058722614,2.334079120663602,-0.6439486024867033,-1.1358518950341958,1.0252265582538198,-0.7397717758677612,0.0318296556048754,0.9573302853504951,-1.7690215962405276,3.266595566208275,-1.393290020215988,1.824679212325817,2.0583969967605515,2.3328407055283344,1.7690215962405276,-0.9573302853504958,-0.7038726716844818,-1.1600669447440433,-0.555114866549611,0.020630241285320403,-0.27233314020935756,-0.6865896075014126,1.0032343553662626,0.5664865349208381,-0.6043528672675491,3.6095414708214255,-1.1658209625447336,0.890113816921823,1.8046628772009532,2.7499849514883055,-0.635754044465484,-1.277209135885205,-1.8790404825575102,1.2139110595827887,1
-0.3034990542705592,-0.5916252045963298,0.27967722576327125,-1.161438585374874,1,0,0,1,0,0,-0.7605394197356201,0.654085771805401,-0.5152445252809326,-0.18840349218253855,0.9787998169698778,0.6486399087442626,1.901698800822332,-1.0150804945760368,0.7167979814709627,0.7689183813037579,1.1391008412320538,-0.8525252893073595,-0.7659742327399658,2.150763573836961,-1.466526369797976,1.7747892832382035,1.6867965987113607,2.39870549542847,-0.08286747959746427,-1.0805558572323073,-0.4953408537213535,-0.07590408842221917,0.8036052160830821,0.6338395062044284,0.8609821639796367,1.0805558572323073,0.08286747959746356,1.3850658500071569,-1.535313186870074,-1.1919475243667854,-0.23777976860790415,0.4274663494443799,-1.4742144526617298,-1.85133798686084,-2.0358174189610403,-0.5423417704240322,-0.6648813298155464,-0.4070549059059717,-1.0440080620563552,-0.5292659687668935,-0.2623294272472596,-1.0798785577006862,-0.8656330827735822,-1.32234860141757,-1.136704559054746,0
-0.12359721776989524,-0.02473435322416849,0.27967722576327125,-0.13478617003801185,1,0,0,0,1,0,-0.29363875058271866,-0.41873021276424965,-0.5280377066983108,-0.18840349218253855,-0.3424815693821538,-0.17643061372031965,1.8615827003953538,0.18473921658915296,-2.3083785452775913,1.339624084832413,0.46924119459725366,-0.5550955793498351,-0.4595822284120711,1.3931905073807893,-0.6332371436404333,-1.060216125473368,1.4310449134832912,0.8395303664531306,-0.11623388745465664,-0.6418048099999468,-1.1965165213353253,-0.8879234418466395,2.0902158432861224,-0.3907460735417055,0.2096014669977034,0.6418048099999468,0.11623388745465593,1.6078859589875987,-0.40957446049198204,0.7367456678795146,0.020630241285320403,0.59814915179895,1.3927399837218248,-0.6279498401920818,-0.6516131881728072,1.069946747507413,-1.1367331974183288,-0.8623145398892288,-0.14080963743918734,0.9359226956462544,0.7022880985276131,-1.4288335323854886,-0.28942660841731066,-0.5986491559356475,-0.3944048900113141,0
1.1614159000919912,-0.12780541711001567,-1.6032360836506476,-0.13478617003801185,0,1,0,1,0,0,0.021834674520593164,-0.4937401108723716,-0.5408308881156891,-0.046634327079622846,-0.6699930861932946,-0.3436806816887499,-0.5017109277267483,-0.06017977137906528,0.5040806423990399,-0.47722623331293773,-0.12309334079880983,-1.53291936764186,-0.7788712085385624,-0.7931230714976661,-0.1722818063996649,-0.19397852209317692,0.04577604497714237,0.4361352952829207,-0.7532939460423284,-1.3436114231817156,-0.09483796995420163,-0.08998950681161703,-0.8840248324472565,0.6900925957461944,0.5858286006500394,1.3436114231817156,0.7532939460423277,-0.6481676444393714,0.04072103005925432,0.6730624020977969,0.459927258103802,0.4616029099152932,1.0776900456576979,-0.9541866793037505,-0.762349526635866,1.0079356506638961,-0.05424950115312168,-0.02767187758659086,0.1876261533306929,-0.30883935553659736,-0.025405824425361403,1.0455744699249259,0.4514102871836102,-0.15329565102369538,-0.1469716669968365,0
-0.894605088487027,-1.2615871198543382,-0.4445202009343899,-0.13478617003801185,1,0,0,0,1,0,-0.4198281206240434,-0.2617327516077154,-0.8350740607153893,2.5341431274469244,-1.856688079225452,-2.1597302165010364,0.37173994075865274,0.4244523038414684,-1.013400822307729,-0.16973629267239346,-0.9075327737617092,1.2180086086728714,1.2927267810169518,-0.3529658412657867,-0.9692760702389689,0.17275280864004083,-0.7216422247221289,-0.4694834673514244,-0.16027754582615011,1.8201797897890004,-0.8695927465015394,-1.5535735968081943,1.5589527856890644,-0.48626529610783414,0.7214778248571476,-1.8201797897890004,0.16027754582614942,-0.3696425082138195,-0.9349191994684248,-0.1548200530645294,-0.04397226118798574,-0.32353798091572933,-0.18250970659880966,0.18764225758709038,0.2896456887631914,-0.23228628620644656,-0.9146852597229018,-1.5452039908641146,-0.6882026220556532,0.14498014229048395,-0.0592520533999176,-0.7626467625326843,-1.7711003996191523,-1.378017789531564,-0.2706882785040748,0
-0.020796168340944693,-1.0812127580541053,-0.15484123025532542,1.478524768348486,1,0,0,1,0,0,-0.8236341047562825,3.3579309361679353,-0.6943490651242283,0.1645727964410475,1.677147595670538,2.4552983969593916,-0.005908976694049047,-1.4254565110448851,0.6194859402386103,0.03391295599355623,0.6362732737196968,0.24682744941065116,-0.329705534974288,1.1493725869672204,-2.0116549183541643,1.474815179094677,1.5875905755837247,2.7548108230936914,0.8285736227725414,-0.4851260289008703,1.1566561221870681,-0.05874794005622328,0.6351889911484623,1.5284134228679451,1.8623501703980336,0.4851260289008703,-0.8285736227725421,0.8558680911786088,-1.9105594289961043,-0.5369196477548344,0.2531992501892221,0.9053781960371756,-0.40304466324369825,-1.7697787770829225,-2.146553757424099,0.5118468759157585,0.917210226264372,-0.17942508891434333,-0.378013264106322,-0.010615114107371936,0.600749411603942,-0.2233527107470814,-1.5241547677521787,-1.823371294443516,-0.023255055489598248,1
0.3904080293748593,-1.880013503169424,-0.15484123025532542,1.7718540298733036,1,0,0,1,0,0,-0.6469689866984278,0.11913145971646949,-0.13144908275958464,-0.4545823327839313,0.8675007310361066,0.4429312689969955,-0.19276502143020283,0.06810780240278407,0.3983163727523602,0.0042389065932629914,-0.21393306992104433,0.35860712048945126,0.8455115886404104,0.44987768474307943,-0.9979230528147192,-0.4202786334888029,0.6127773461974318,0.3987040050979367,0.46109514795545875,0.031788787753525546,0.7175569365678196,-1.093177503709748,-0.9668513203692978,0.6018930376926286,0.6673803280161701,-0.031788787753525546,-0.4610951479554595,0.6330479821981672,-0.7848207026180125,0.7185504490847379,0.369483754641173,0.615217432034406,0.8571550890128092,0.4323198869208419,0.2342775195316623,0.6358690696027934,0.8061862574166584,-0.9381911455531051,0.44307621281837667,-0.1532440991387405,0.09305597698558829,1.489698983160128,-0.9479482933959068,-1.0440026608476,0.40975308478573785,1
0.08200488108800677,-1.5192647795689571,-0.8790386569529866,0.3052077222492148,1,0,0,1,0,0,-0.5586364276695006,-0.011699757913975716,-0.822280879298011,1.6864213850968364,-1.3228712416024608,-1.3123000592813163,0.17053208563759126,0.768823242373646,-1.2232918755692592,0.29542511598639215,0.30248011864543817,-0.3877191762555397,-0.07398936431395711,0.49359887463639696,0.8507515128325736,-1.419522918290976,0.5647409103352113,0.8102935042526281,0.18609969967169646,-0.7133741297612541,0.2560691633482416,-0.20296983860840817,0.24579733980952367,0.1608871470521043,0.39785492757435914,0.7133741297612541,-0.18609969967169718,0.18740776423728422,0.41596727218528484,-0.8553359766634215,-1.3747838121380926,-1.1257471519822078,0.8886600828192224,-0.46483142063624716,-0.5962450189412776,-0.29429738304996345,-0.10976148557697851,-0.5588081172337243,-1.208225957441296,-0.9182541097615345,-0.8038690908401701,-0.826093121566285,-0.5363722402842841,-0.8769950965056176,-1.136704559054746,0
-0.25209852955608386,0.026801178718756015,-0.4445202009343899,-1.161438585374874,1,0,0,1,0,0,-0.6595879237025604,0.15401978441792155,-0.8094876978806327,0.8242334014097165,-0.8359652222306702,-0.518533025473927,0.5987032498869148,-0.3508366895597842,-1.2623882241721345,0.7996024438184884,0.9536590114346039,0.8788579831398619,0.02766174052097111,-0.614131243150454,-1.1720990830444673,1.2285603605540594,-0.236154965161476,0.6549220773942367,1.4194989373408373,-0.20918429502488586,-1.4461441450890142,-0.6926487642693001,2.9603116731464887,-1.3143785365280665,-0.6003994828989061,0.20918429502488586,-1.419498937340838,-0.6481676444393714,-1.1600669447440433,-0.38226028799923456,0.279040251178545,0.17144214591252482,-0.5605696322757617,1.0032343553662626,0.34501385799472056,-0.29429738304996345,-1.4142931195376127,-0.8623145398892288,-0.8797901666714156,0.5987996401175653,-0.008482709938082702,-2.4439752769230942,-0.04248097655033679,-0.15329565102369538,-1.136704559054746,1
-0.5862019402001745,-0.02473435322416849,-1.168717627632051,-0.13478617003801185,1,0,0,0,1,0,-0.4955417426488382,-0.19195610220481132,-0.5280377066983108,-0.18840349218253855,-0.03614357219399901,-0.002025462630245358,0.8019360021942236,0.15878250935692298,-0.8580957200687684,0.9125829057258011,0.8943695363304679,0.21075432238581918,-0.6550349718903543,0.10487437365003353,-0.5839815901026412,0.8608663801004693,1.0348626820934306,1.4956501607683195,1.5099934985697145,-1.2101494081044426,-1.0103222938837724,-0.8029539143161971,2.038133286074563,-0.20668850980694586,0.29748707746674585,1.2101494081044426,-1.5099934985697152,0.0759977097470634,-0.5596729573423944,-0.054746349693259644,0.3953247556304958,0.8200367948598906,-0.2140147004052217,-0.38327221085833024,-0.983822203561983,0.07776919801113909,-0.8869292675109735,-0.6346847228976005,0.5160619441005718,1.5583037212376798,1.3622895635314727,-1.1116017372174867,0.4514102871836102,-0.09762646290970158,0.10046155601764112,0
-0.020796168340944693,0.38754990231922204,-0.15484123025532542,-0.13478617003801185,1,0,0,1,0,0,-0.8236341047562825,3.3579309361679353,-0.6687627022894718,0.12117407242995086,1.7713476122513325,2.488837849092098,0.6302883825198288,-0.6120659255507601,1.389655744936501,0.5727871814270186,1.5946324905331177,0.20074782242270622,-1.4642646842249831,1.2139475177344718,-1.9575969691023472,1.490624071771117,1.4826003180901959,2.7910963822070656,0.6912331826893902,-0.41176056791003435,0.33653071739875007,-1.120997978398993,-0.40177252017871606,0.6963225674553801,0.6518620380364352,0.41176056791003435,-0.6912331826893908,1.050835686536495,-1.835510180570898,-0.19121049065408274,0.5891322630504142,1.2126072402754011,-0.05648973137315825,-1.6882195673050053,-2.0358174189610403,0.8839134569768611,0.4731143508735179,-0.9381911455531051,0.589047675382767,0.2746428559553643,0.549980068142106,0.9504049313745251,0.2044646553166367,0.013711913318286572,0.6571863078002155,1
-1.2544087614883548,-0.02473435322416849,-0.15484123025532542,-0.13478617003801185,0,1,0,0,1,0,-0.81101516775215,2.543870026467387,-0.5280377066983108,-0.18840349218253855,1.677147595670538,2.102016167828215,0.22421534496776835,-0.6440449198405978,-0.32000734969437644,-0.09803392538477278,0.6183614889775401,-1.5101294765897948,-0.9333656994678158,-0.708291325264926,-1.6357131921351171,1.3925637261136277,-0.42901242834070324,0.8729888488225581,-1.0299055238845727,-1.0381887348318013,-1.019493241846945,-0.7546497035015248,1.8368530137523063,-0.292963871577879,0.048403476861596156,1.0381887348318013,1.029905523884572,-0.7874302125521474,-1.6103624352952797,-0.7279694450999874,0.03355074177998182,-0.135786898325702,-0.5920746260821743,-1.4435419379712537,-1.2606630497196296,-0.35630847989348147,-0.8036612908751883,-0.4070549059059717,1.2824121225636245,2.1936510181955944,1.9038292271243826,-0.6992004034990842,0.9453015509175579,0.45906541823023866,0.7190446135538346,1
-0.020796168340944693,-1.5192647795689571,-0.15484123025532542,0.3052077222492148,1,0,0,1,0,0,-0.8236341047562825,3.3579309361679353,-0.822280879298011,1.6864213850968364,0.7118913981583822,1.2791816088391468,0.6831023551589686,-1.3841240001536494,0.9698411522889074,0.9682086897092712,1.887336095160053,-0.9491991533383505,-1.7033900295656699,1.3362730530406361,-1.975378686810091,1.7222971455157392,1.2965729125925574,2.6201152634131115,-0.5860329100839196,-0.7133741297612541,0.3853178363694866,-0.07913737598137283,0.4049371884899363,-0.022327970658632765,0.10440323285212441,0.7133741297612541,0.5860329100839188,1.245803281894381,-1.835510180570898,0.00893691608845806,0.8992242749222835,1.4515631635718003,-0.15100471279239655,-2.0960156161945913,-2.2019219266556282,1.069946747507413,0.11228645211844858,-0.3311783002420958,-0.7976812189789466,-0.4903671546674297,-0.4654068010946016,-0.794369942049485,-0.20711139779498602,-0.5429799678216537,-0.8274130302866491,0
-0.9717058755587404,-1.2615871198543382,0.27967722576327125,-0.13478617003801185,1,0,0,0,1,0,-0.356733435603381,-0.3582571166150661,-0.8350740607153893,2.5341431274469244,-1.9495568978653288,-2.233964203888094,1.5179592084126337,0.3117891794239957,-0.46009737658480754,1.0813103408647695,0.02060504910341238,0.4981783136991962,0.07818792022063509,1.3813151954373484,-0.8819185134832471,0.5447333351883391,1.1424491057211772,0.8772897867488313,0.4025854781078499,0.28017642692511974,-0.7305653627814516,-1.3114270401937076,1.1763729951264918,-0.3279475332775469,0.8297151531717275,-0.28017642692511974,-0.40258547810785056,1.357213336384602,-0.7848207026180125,0.17269388524144552,0.4340862571144791,0.9053781960371756,-0.43454965705011084,-0.38327221085833024,-0.5962450189412776,0.5738579727592754,-0.7759052986632599,-1.317574173872486,-0.5513543759015367,0.09311505682453199,-0.0423289389126401,-0.3819686083310823,-1.0302635040182315,-1.0440026608476,-0.332546584257695,1
-0.35489957898503444,-0.87507063028241,-0.15484123025532542,-0.4281154315628296,1,0,0,1,0,0,1.3468230599545028,-0.6757408713982798,-0.4768649810287978,-0.21733597485660297,-1.1646635743820486,-0.3517301502005995,-0.6257772470477903,-0.2630299146814775,-0.5969622419362834,-0.8547148507903526,-1.240367863265095,-0.02439584108845272,2.255707423293937,-1.485765892168448,-1.5838777997787996,-0.47438765196859134,-2.121974487875239,-2.470664560226045,-0.2548898489945435,0.21952363131345246,-0.6144012780820509,-1.2256771973133367,0.3393535426227013,-0.9494489566184514,-0.7995840967658937,-0.21952363131345246,0.25488984899454276,-1.3166279713806959,-1.3101654415944555,1.2644070129280303,0.7829397704703327,-0.20406001926752979,0.3845801819166189,3.042214599814193,3.611735842654951,-0.17027518936292965,-0.5261013687559044,-1.0899443568808573,0.32447439948480933,0.45617065508619664,0.025363519036474696,-0.15990635171348128,0.6983559190505837,0.9044189231421907,0.16231986177126023,0
0.31330724230314594,-0.6689285025107157,0.5693561964423357,0.5985369837740325,0,1,0,1,0,0,-0.07911682151246661,-0.48966980632386886,-0.34893316685501513,-0.38572302401965797,-0.27820839517963436,-0.0784954134928164,1.8865179091606994,0.6496857621164777,0.7805638213770388,1.13182043082449,1.73234124382616,1.0691721929132911,-0.9361043609529774,1.7976884039921612,0.0466144209541296,0.3308577280174825,1.60226805578061,2.2078573024960106,1.9594406506912556,-0.4851260289008703,-0.8270200038730735,-0.8450167939590625,-0.7345767840052995,0.05976519357074999,-0.09658552872568792,0.4851260289008703,-1.9594406506912565,1.245803281894381,-0.25947596364157,-0.9008240236503626,-0.6124742829530796,7.593435579547688e-4,-0.11949971898598452,-0.5463906304141645,-1.2606630497196296,-0.6663639641110671,-0.7759052986632599,-0.7864379342253526,0.023408257945752128,-0.3607044410025493,-0.3130987707090945,0.5380035976561225,0.4514102871836102,0.23638866577426285,0.038603250264021984,1
1.110015375377516,-0.12780541711001567,0.27967722576327125,-0.13478617003801185,1,0,0,1,0,0,-0.06649788450833415,-0.49141422255894146,-0.5920036137852022,0.037269872675164004,-0.7132547622166869,-0.4067348516982383,-0.05496750115610335,-0.35758185331707987,0.02439422610032631,-0.3535685493787481,-0.5987120785890293,-0.25001705285982134,0.45411850034236206,-0.28172555467737753,-0.4048910494409486,-0.6580402686986286,0.16920576582709126,-0.45410717755844326,0.48604987461335547,-0.8230517886162441,-0.20506320634777953,0.08518135066433027,-0.6946147331710909,0.6454298408169414,0.33500775057202137,0.8230517886162441,-0.4860498746133562,-0.11896988561082296,-0.18442671521636386,0.7094528396873502,0.22735824919990022,0.2909201075607231,0.5421051509486824,0.9216751455883455,0.7325910426154264,0.2638024885416898,0.029018475482663446,0.4275877563966659,1.0360852794862145,0.4691369264526849,0.7192112130148905,1.2993599060593275,0.7806711296729086,0.4033962301162448,0.8427612250610729,0
-1.485711122703495,-1.0812127580541053,0.5693561964423357,0.3052077222492148,1,0,0,1,0,0,-0.6974447347149578,0.16274186559328455,1.5700440457517246,-0.6854635445229654,1.8642164308912095,0.6549006064757011,0.4289878041692244,-0.46568362998760465,2.537532656253772,-0.06406052648841853,5.186068630442133,3.3549546081640664,-2.5997889333656325,-0.35171437049946774,-0.43469562616158103,-0.9147485723450407,-0.016907394919581417,0.1676114298026258,0.46715141202740545,4.112442859858279,-0.947946839297374,0.20369686102287862,-4.388126246136848,0.06977655506213656,-6.578503274005302,-4.112442859858279,-0.4671514120274062,-0.5089050763265954,-0.6347222057676005,-0.8371407578686448,-1.1292943027395286,-1.0745423112758372,0.29006520049738066,-0.46483142063624716,-0.7069813574043363,-1.0384305451721696,-1.3032691506898992,-0.9381911455531051,-3.1788407020605725,-3.9912604236191997,-3.731567897139344,-3.7129024575951015,-1.853415610241477,0.013711913318286572,-3.5491784834459006,1
-0.9974061379159777,0.928672987719922,-0.4445202009343899,-1.8947617391869185,1,0,0,1,0,0,-0.6217311126901629,0.05807689148892839,-0.0035172685858019803,-0.49798105679502797,0.8915135025038501,0.4295154881439129,0.592807017297748,-0.2908626085970478,-0.3508486077243189,0.3130309311170655,0.20662232253114934,1.0795028494465908,0.3091914107161694,0.4922157534110002,-0.5367810410920927,-0.8377650317115363,0.6023958183279571,0.32417495145315556,0.9153149533513734,0.5645149086083918,-0.33249640686838394,-0.13851740489381947,-0.36225126286135717,0.17444078883573808,0.04787460574131207,-0.5645149086083918,-0.915314953351374,0.744458036688388,-0.25947596364157,0.9368930746220554,0.3048812521678669,0.5469443110925782,1.3927399837218248,0.758556726032511,0.34501385799472056,0.7598912632898273,0.0012624832707351544,0.35171115073279,1.5561086148718575,1.0915179520441112,1.1084428462222957,1.3945294446097283,0.03983423407198747,0.3477270420022505,1.770635811365363,1
-1.8455147957048228,-0.23087648099586283,1.7280720791585935,-0.4281154315628296,1,0,0,1,0,0,-0.34411449859924853,-0.3838418880627976,-0.7583149722111197,0.2571567409980537,-1.0540900557882669,-0.4939374272432755,0.9326469761531336,0.13020844309608148,-1.5781381852773055,0.3978804710129833,-0.04056680855593625,-1.2510602344756288,-1.3409315401575013,0.6255507488183673,-0.9003644649670501,-1.0396794714036222,0.39596995031031645,0.5591249216873773,-0.4157307643808121,-1.2939802363248551,-0.6718253859059327,-1.0806805303046452,1.1125901647615868,-0.14487382267694535,0.5986154991133132,1.2939802363248551,0.41573076438081064,0.6609004958207222,-0.7848207026180125,0.2545723698179399,-0.3411437725651945,-0.1699234587966153,1.424244977528238,-1.1173050988595852,-1.0945585420250417,0.38782468222872474,-0.6371253376036178,-1.0140677512169813,-0.013084607695344815,0.5599008260181015,0.46536449570571364,-0.3185222492974822,1.1922471827845313,0.5704037944582268,0.038603250264021984,0
-0.9717058755587404,0.28447883843337485,0.27967722576327125,1.0385308760612593,1,0,0,0,1,0,0.8420655797892039,-0.6286416330513195,-0.10586271992482811,-0.48177886649755186,-0.5463553414636441,-0.11114048023531749,-0.12427278024676859,0.11451128013763419,-0.8186461298510502,-0.07146920038101964,-0.9221561927773393,-0.8424733052535037,0.4115104770746838,-0.027552932794737445,1.0734350314073724,-0.47716809047658404,-0.23066231975638557,-1.245278220098065,-0.7433772838313556,-0.41176056791003435,0.14527376026582547,0.9181733242780726,0.6396087713003287,-0.13217052890971198,-0.01692359408711605,0.41176056791003435,0.7433772838313549,0.02029268250195297,1.0914105080121401,0.21818193222838655,-0.06981326217730856,-0.15285517856115927,-0.4660546508565234,0.6769975162545934,1.2309045656991897,0.2638024885416898,0.27882240539001907,1.1104772073715516,0.5799244589724931,0.8451587960808378,0.7361343275021692,-0.12818317219668063,0.9453015509175579,0.793080546914203,0.47161139053935697,1
-0.7918040390580765,0.0010334127472937634,1.0038746524609323,-0.13478617003801185,1,0,0,0,1,0,-0.1800683175455264,-0.45943325824927705,-0.5280377066983108,-0.0639938166840615,-0.46758293208315554,-0.3038805318246047,1.0549476618009412,0.17360541838211535,-0.802542561696623,0.21640263391663841,0.6075056424114038,0.015604302174949885,-0.7301923979751499,0.43062553147085486,-0.5294208259656409,0.726751832022252,-0.13579412380148187,0.554610661695907,0.6912331826893887,-0.6642742475994289,-1.036654446867851,-0.7686410463683252,1.8274180706771197,-0.42699712593909334,-0.24831772337008057,0.6642742475994289,-0.6912331826893894,-0.11896988561082296,-0.9349191994684248,-1.6923160412231368,-1.1422148032341901,-1.1257471519822078,-1.222174502210428,-1.0357458890816678,-1.3713993881826885,-1.8445748041378918,-0.7759052986632599,-0.3311783002420958,1.6747104282054248,2.5696728878237463,2.174599058920838,-0.6992004034990842,1.1922471827845313,0.9044189231421907,1.0283361423219313,1
-1.485711122703495,-0.87507063028241,0.27967722576327125,-0.4281154315628296,1,0,0,1,0,0,-0.7983962307480176,2.186264698277504,-0.4768649810287978,-0.21733597485660297,1.504439193439837,1.8493522950951589,0.6534771017007727,0.6455837417874488,0.10756863393753639,0.6646162601083844,0.7916165138116146,0.4978553755123377,-0.6205541916835807,0.3967250007088956,-0.3752583713438167,0.5811715758121939,0.36008562744094663,0.7135311502120187,0.8285736227725414,-0.14275387761029457,-0.5122728710711211,-1.2620095445206176,0.4369714595549686,-0.5407989456797506,-0.33251594752519215,0.14275387761029457,-0.8285736227725421,0.38237535959517033,-0.3345252120667762,0.06352257247278678,0.3565632541465125,0.4957394703862077,-0.08799472517957138,-0.05703537174666111,-0.4301405112466897,0.2638024885416898,-0.47058938433204756,-1.1658209625447336,0.0872707728176734,0.30057539868834077,0.05920974801103089,-0.2550758902638815,0.28677986593896093,0.23638866577426285,-0.08511336124321738,0
0.31330724230314594,-0.12780541711001567,0.5693561964423357,-0.13478617003801185,0,1,0,1,0,0,-0.07911682151246661,-0.48966980632386886,-0.5920036137852022,0.037269872675164004,-0.7023739003135752,-0.40539327361293004,1.2247420970804432,-0.1696424403948223,0.9316352315333387,0.7001647611409039,1.2512757629332703,0.7708878533410286,-0.7543641975249882,1.7638698873296375,-0.1813716201178672,0.3599141313583396,1.5945097413584242,2.1971564043062357,1.894454864287434,-0.827498180191446,0.059404308856194604,0.05114546583632511,-0.9118975794424541,0.6352111434366774,0.5183758127596805,0.827498180191446,-1.8944548642874348,1.2736557955169365,-0.40957446049198204,-0.7825551014843162,-0.4961897785011287,0.12023730520615308,-0.05648973137315825,-0.6279498401920818,-1.3160312189511594,-0.6043528672675491,0.27882240539001907,0.35171115073279,0.9174834661526473,0.2487103132223888,0.49921072468027106,1.648314880744129,0.6160407084282594,0.23638866577426285,0.7190446135538346,0
-1.485711122703495,-0.9523739281967958,0.5693561964423357,-0.4281154315628296,1,0,0,1,0,0,-0.6974447347149578,0.16274186559328455,-0.4512786181940413,-0.2578414506002932,0.6916351181611442,0.3244252047947655,-0.5169299768266654,0.341333916302869,-0.8715120474870385,0.19528520242037564,0.2249123226548445,1.1194991649450894,0.3795380281933634,-0.32959846095713147,-0.5401117274173934,-0.9638364316348322,-0.002329936474531549,0.1972255954866149,0.4783555005605047,1.0524361778040754,0.38947281760017755,-1.00956358396572,0.2228235029793096,-0.2661280348437847,-0.09984462760400109,-1.0524361778040754,-0.4783555005605054,-0.48105256270404034,-0.7097714541928067,-0.7916527108817039,-1.1163738022448682,-1.05747403104038,0.3845801819166189,-0.30171300108041293,-0.5408768497097485,-0.9144083514851348,0.1400424443303771,-1.0899443568808573,-0.7155722712864762,-0.5033334260339178,-0.5669454880182719,-0.6040308649486834,-1.1125787146405561,-0.8213259083916238,-0.5181215015185524,1
0.3647077670176212,-0.12780541711001567,-0.4445202009343899,0.5985369837740325,1,0,0,1,0,0,-0.6469689866984278,0.06389161227250373,-0.2977604411855021,-0.39729601708928375,0.6970980304882548,0.3561758861470611,-0.060223046775255355,-1.6186572355682112,1.1413534904950355,0.6801364699677042,1.2427704395975228,1.4474100168008575,-0.9548589198191757,-0.34646583585049384,-1.1850115673229351,1.68269043507724,0.17222199201617358,0.8750781316458682,2.0646375835209034,-0.07358778644048274,-0.26244296836689646,1.0345392798077169,0.13067315213071937,-0.7480481129757228,-0.761318961944157,0.07358778644048274,-2.0646375835209043,-0.3974950218363748,-1.1600669447440433,-0.31857702221751816,0.5632912620610914,0.615217432034406,-1.033144539371952,0.4323198869208419,-0.4301405112466897,-0.4183195767369984,0.029018475482663446,1.5657368413548085,1.3189049882047215,1.1952481229760152,0.7699805564767266,0.5697267771729232,1.5215080252738291,1.6281183686241134,0.9664778365683122,0
-0.2263982671988458,-0.10203765113855341,-0.4445202009343899,-0.13478617003801185,1,0,0,1,0,0,-0.7353015457273552,0.25577739813049005,-0.1826218084290977,-0.4557396320908939,1.233403631595423,0.5489159377363483,-0.012857347547248592,-0.5713420566872977,-0.35882384603279766,0.4507297715785882,0.9642784644467279,0.4506689234533966,-0.6935768317690534,-0.5746747934139819,-1.1437401982200277,1.0085852684707521,-0.1077381135148216,0.7312127161994239,1.4967163042581422,-0.8697663470174435,-0.5563298276457133,-0.36158891950305844,1.50405514541745,-0.7157381118537883,-0.5397223318873414,0.8697663470174435,-1.4967163042581428,-0.5646101035717058,-1.0850176963188372,-0.10933200607758836,0.42116575661981864,0.3591932285025509,-0.2140147004052217,0.9216751455883455,0.2342775195316623,-0.17027518936292965,-0.6648813298155464,-0.5588081172337243,-0.7703115697481222,0.04124997135858002,-0.24540631275998087,-1.7143421480366898,1.0276167615398821,0.6260729825722207,-0.9511296417938885,1
-0.9717058755587404,-0.6946962684821769,0.27967722576327125,1.478524768348486,1,0,0,1,0,0,0.8420655797892039,-0.6286416330513195,0.86641906779592,-0.628177228828318,-0.0014747617703766262,0.0019992716256794336,-0.4297498152749651,1.5073145792362084,-1.039122965105601,-1.1308073121866498,-1.8030241940211298,-0.8771718784819071,1.7735347493350455,0.07535976909499473,0.8530276733597334,-0.3991130948975075,0.03485666712855319,-0.7855024161618512,-0.8144870079783317,-0.38855952469070976,0.6728761727529078,-1.2142921668526612,1.0194457340728973,1.5622109996116311,1.5771295333348383,0.38855952469070976,0.814487007978331,0.02029268250195297,0.7161642658861095,-0.16391766246191838,-0.3411437725651945,-0.3064697006802721,-0.5290646384693491,0.18764225758709038,0.6772228733838963,-0.046252995675895824,0.41760236644966076,-1.2416975682086098,-0.5969704579529088,-0.02358138547386016,0.600749411603942,-1.016432198667086,-1.4418395571298541,-1.712032918215528,-0.2706882785040748,0
-0.8689048261297889,-0.12780541711001567,-0.4445202009343899,-0.13478617003801185,1,0,0,1,0,0,-0.4576849316364408,-0.22102970612268805,-0.5920036137852022,0.037269872675164004,-0.24609094459855363,-0.1987902484754574,-0.3406536878588686,-1.0056146863048254,1.1383104410336473,-0.8379012228501098,-0.48516399754246126,0.45503585146077813,0.4842580184646488,-0.4807731388644546,-1.200432205628013,0.5011910240361422,-0.32478201553205094,0.2090909981634086,1.1515092521572485,-0.5214382267650228,-0.00669561017829884,0.17767108491586772,-1.0524598620402774,0.8099022081754587,0.834873621626061,0.5214382267650228,-1.1515092521572492,-0.3417899945912644,-1.009968447893631,0.6093791363160792,0.795860270964994,0.615217432034406,0.41608517572303205,0.758556726032511,0.2342775195316623,0.3258135853852078,0.22331042096616224,0.5034643620605421,0.9722227646142934,0.20981149912292413,0.5330569536548284,2.0607162144625315,0.03983423407198747,-0.2089648391376897,0.8427612250610729,0
-1.485711122703495,-0.12780541711001567,0.5693561964423357,0.5985369837740325,1,0,0,1,0,0,-0.6974447347149578,0.16274186559328455,-0.2977604411855021,-0.39729601708928375,0.9012659350619028,0.43219864431452937,-0.19600092256870832,-0.9109013205842025,-0.7495042709096273,0.34547801025008673,0.5382861176878192,0.13371427024340046,-0.776551343681669,-0.36734483228249676,-0.18468767308435832,-1.0222878963005502,0.1390585100367207,0.18691416733187471,0.18609969967169646,-0.0022010997120603167,-0.09450257410127703,1.0652245927327866,-0.002703299838004951,-0.32883046530234933,-0.5173130115673084,0.0022010997120603167,-0.18609969967169718,-0.5089050763265954,-0.40957446049198204,-0.7734574920869285,-1.1292943027395286,-1.0233374705694662,0.3530751881102058,-0.46483142063624716,-0.5962450189412776,-0.790386157798101,0.19555442875423396,1.5657368413548085,1.2459192569225261,1.0526191379446466,0.8376730144258402,0.5697267771729232,1.2745623934068555,1.4054416161681371,1.0283361423219313,1
-0.2263982671988458,-1.0039094601397194,-0.4445202009343899,-0.4281154315628296,1,0,0,1,0,0,-0.7353015457273552,0.25577739813049005,-0.6431763394547153,0.06041585881441555,0.4848907830678219,0.1500200537046912,-0.7844945471944677,-0.34742072651602585,1.2077238071586247,-0.490576106477703,0.4037770668354645,0.5862195587488128,0.09027194104461223,-0.5057913855568145,-0.9357184959604645,0.8667729650398067,0.16551793460187536,1.0009915360977186,1.8018993503183534,-0.9875682768987283,0.5854779716983238,-0.46053639773432714,-0.7799756647739549,0.8268614211521126,0.4523434455480848,0.9875682768987283,-1.801899350318354,-0.5367575899491508,-0.9349191994684248,-0.30038180342274146,0.17567624722125458,0.2397152668543526,-0.18250970659880966,0.758556726032511,-0.04256332662598434,-0.29429738304996345,0.8339422496285867,-0.17942508891434333,0.9357298989731951,0.3394742127878045,0.6684418695530556,1.2993599060593275,0.8629863402952329,0.4033962301162448,0.8427612250610729,0
-0.6890029896291251,-0.7977673323680251,1.4383931084795292,1.0385308760612593,1,0,0,1,0,0,0.8673034537974689,-0.6338748817565374,-0.19541498984647596,-0.4545823327839313,-0.6393168305719297,-0.13618327116107173,0.005470556793537346,-1.0093883571636195,0.4778022384428652,1.20671192115543,0.8747838913205472,-0.3895356104013864,-1.1495387897096145,0.8300596501459291,-1.1055480657024568,1.174903494313591,1.84219711117526,1.822426520194049,0.2654778184316193,-0.7945777810288902,0.821778879741756,0.2779034150397857,0.5274930381029802,0.19650116597771505,0.6419828883271634,0.7945777810288902,-0.26547781843162,0.38237535959517033,-1.2351161931692491,-1.0918738209955157,-0.40574627503850064,0.3079883877961804,-1.4742144526617298,-1.9328971966387571,-2.2019219266556282,-0.790386157798101,0.3343343898138759,-0.17942508891434333,-1.1991027410310207,-0.7885913960966542,-0.6684841749419423,-0.857816301083085,-0.6186874509066087,-0.9883334727336057,-1.136704559054746,1
-0.6890029896291251,-1.4934970135974959,1.4383931084795292,0.5985369837740325,1,0,0,1,0,0,0.8673034537974689,-0.6338748817565374,-0.7199354279589849,0.1645727964410475,-1.6618506299948208,-0.6146794549210193,1.198745777005963,-0.3168908436750867,1.103705937973182,1.7950851295190051,1.6655840963623456,0.21415046782784597,-1.4119933611083255,1.708290071196909,-0.9789828708977355,0.8035104030338297,2.5525455064408065,2.525543318615384,0.3041828515459608,-0.009609152108405178,0.040018127337530476,-0.5457809211063902,-0.701352526775995,0.10601622922587767,0.3003605946477424,0.009609152108405178,-0.30418285154596153,0.8558680911786088,-1.2351161931692491,-1.583144728454478,-1.0130097982875779,-0.10165033785478751,-1.3796994712424915,-2.3406932455283433,-2.644867280507863,-0.9764194483286528,-0.16527347000083534,-0.7105613285614767,-0.7611883533378483,-0.9701191952274875,-0.8715615487892844,0.2207718024881207,-0.7833178721512579,-0.8769950965056176,-0.6418381130257917,0
0.4161082917320974,0.43908543426214564,-0.15484123025532542,0.5985369837740325,1,0,0,1,0,0,-0.6848257977108253,0.1394829824589832,0.5849690766135982,-0.596351497886847,1.4648741531515044,0.5681452236257667,-0.18776641752791629,-1.8744482549196775,0.0752164968394969,0.8894995159481149,1.2021301534129794,0.44082500321581314,-0.5974219677173817,0.22023459681638477,-1.0068957796138382,-0.30422509458012953,0.6130841628696894,0.5110850480949186,0.1590389773671773,0.4434998061064408,0.4811495885077952,1.564052967403696,-0.4085403516439072,-0.5937326991336043,-1.0638530000893727,-0.4434998061064408,-0.15903897736717798,0.4102278732177254,-0.7848207026180125,0.764038496071679,0.47284775859846334,0.7176271134471482,0.8886600828192224,0.18764225758709038,0.12354118106860354,0.8219023601333442,0.27882240539001907,1.1863538130354276,-0.5148615102604385,-0.6329961396987983,-0.8038690908401701,-0.6040308649486834,-0.04248097655033679,0.18071947766026855,-0.6418381130257917,1
0.8273124894479005,-0.4370186087675581,-1.8929150543297122,-1.161438585374874,1,0,0,1,0,0,0.5392110916900246,-0.5954977245849401,1.5572508643343463,-0.6843062452160029,0.3510152002556902,0.07086694667150364,0.16814021662211584,-0.9191697477918529,0.1641749454138501,-0.15181500797280575,0.5556814701138509,-0.37371861383905647,-0.9405403832345189,-0.8877454030969174,-0.6422797072903224,1.0976115440324317,-1.6966649608984898,-1.0350760403298196,-1.1014209826064827,0.5826683043321095,-1.1208278109891656,0.6181676139465825,0.8785610982248583,-1.477291650403901,-1.7329634183619966,-0.5826683043321095,1.101420982606482,-0.8152827261747027,-0.5596729573423944,0.16359627584405784,0.7183372679970265,-0.06751377738387422,-0.5290646384693491,-0.22015379130249568,0.34501385799472056,0.015758101167622184,-0.9701972441467586,0.8828473903799233,0.7623887871779818,1.143383037510063,0.38074892326932136,-0.9212626601166852,1.1922471827845313,1.739456744852101,0.22417816752487937,1
0.10770514344524394,-0.05050211919562982,-0.8790386569529866,-0.4281154315628296,1,0,0,1,0,0,0.2742134146032426,-0.5460725979245497,0.7768667978742723,-0.618340184719136,0.2353521624461214,0.05789835851352376,-1.5890964733765176,-1.1818402812235471,0.7295492541099287,-1.2280985158867699,-0.2672076762071541,-0.5008113405084405,0.4230273277481864,-1.0857321645165605,-1.421707774124763,0.17681812304056024,-0.5332303761193807,-0.07714267387256107,0.1039844044028122,-0.7861774033115481,1.1248265431341988,0.1978772374373061,-0.8196331090319745,1.130339751477389,0.27206825938965834,0.7861774033115481,-0.10398440440281291,-0.8988402670423681,-1.1600669447440433,1.091552434377654,1.0284292798688959,0.7346953936826055,0.9516700704320475,0.9216751455883455,0.954063719541543,1.0079356506638961,1.0097302003041335,0.15780426959177313,-0.06681021544473865,-0.47596018648244254,-0.027286170479503748,0.16437503890269836,0.06727263761276221,-0.2955613539816801,-0.3188002940902252,0
1.8039224590229344,-0.02473435322416849,-0.4445202009343899,-0.4281154315628296,1,0,0,0,1,0,0.08492935954125552,-0.5158360498499579,0.46983044385719386,-0.5778347089754458,0.22168501773240296,0.04984889000167418,-0.5066434727748114,-0.7098906053874275,0.8149767440544234,-0.11021677581976788,0.8538808002242619,0.3161271176495683,-1.1609137986558304,-1.3923293445442544,-1.1805100792181003,0.659272957881241,-1.1305414991209082,-0.6105840983342814,0.08962234189036815,0.3422733367180179,-0.6866989937894069,-0.20826194794371172,-0.45159476837596857,-0.9721298444940717,-1.706203391399291,-0.3422733367180179,-0.08962234189036815,-1.17736540326792,-0.7848207026180125,1.7556779203869939,1.9070233135058599,1.2296755205108585,0.8571550890128092,1.166352774922097,1.2309045656991897,1.4420133285685155,-0.7203933142394032,-0.3311783002420958,-0.44187577897824326,-0.5940973255993336,-0.9054077777638412,-0.857816301083085,1.1099319721622063,1.461110804282131,-0.7036964187794109,1
-0.4577006284139859,-1.596568077483343,1.0038746524609323,-1.6014324776621007,0,1,0,0,1,0,0.791589831772674,-0.6239898564244593,1.3653531430736725,-0.670418653532452,0.18568478584337536,0.03822187992900256,1.6601333619614191,0.2808659144491347,-0.17028451900269376,1.2879900833286833,1.362403037806422,-0.6069072441653274,-2.6335359429936593,1.7122206268682065,1.540855717052032,0.11177553793414947,0.24108620619563795,-0.07321749495810395,-0.4194329849395745,-0.41176056791003435,-0.5976251760477259,1.1580981498486496,0.3451082780738738,-1.5009345532116865,-1.8426733073491957,0.41176056791003435,0.41943298493957376,1.4964759044973779,1.3165582532877582,-0.20940570944885942,-0.12149526415595328,-0.01630893667750248,-0.49755964466293656,-0.22015379130249568,-0.04256332662598434,-0.17027518936292965,-0.6556293324115703,0.8322629866040054,-0.5179025823971964,-0.27426263189262934,-0.8264332434898747,-1.2807920279737544,2.673920973986373,2.611607358638007,-0.9717490770450948,1
-0.48340089077122306,-1.1069805240255675,0.27967722576327125,-0.8681093238500562,1,0,0,0,1,0,0.16064298156605036,-0.5274654914171085,0.7001077093700027,-0.6073458413029915,0.274769629341817,0.06371186354985958,-0.9868359691933963,0.8145036083079868,-0.589857458253093,-0.15303270599307228,-0.9418730823146276,-1.9385766099086916,-0.13166008785355676,-0.9227670678590012,0.43770250211758305,0.12141109722022285,-0.8041232831416423,-0.7805914523781506,-3.0109873760738237,0.3422733367180179,0.450201455842431,-0.67945100594895,0.9283613496385467,-0.5906175697124114,0.4623855127030298,-0.3422733367180179,3.0109873760738233,-0.7595776989295921,0.7161642658861095,0.8277217618533966,0.7700192699756713,0.3762615087380082,0.29006520049738066,-1.3619827281933365,-0.04256332662598434,1.3800022317249987,0.6951622885689447,-0.4070549059059717,0.9448531153834703,1.3378771080073837,0.9730579303240674,0.7600658542737248,-0.04248097655033679,0.1250502895462747,1.275769365336409,1
-1.5885121721324456,0.5421564981479937,1.7280720791585935,0.3052077222492148,1,0,0,1,0,0,-0.05387894750420167,-0.49257716671565654,0.6873145279526244,-0.6044525930355851,0.42886110031271757,0.08830746178051108,1.4802403918251543,0.58871203129457506,-0.969746084772575,0.5951146229701543,-0.8761026081367137,1.0513003192873929,1.2691657354358015,1.1012997072313198,0.47373570714993196,-0.34041653943374234,0.34208216913447986,-0.5443446738617771,-1.4375436385994584,2.8595865260147466,-0.9579046066323673,-0.33344770670295615,0.9835895920852561,-0.46475863885303953,0.6075296726161669,-2.859586526014746,1.4375436385994576,1.07868820015905,0.491016520610491,0.14540105704928116,-0.05689276168264715,0.08610074473523979,-0.37153966943728567,-0.46483142063624716,0.2342775195316623,0.5118468759157585,-0.8406692804910928,-0.17942508891434333,0.4704458620491997,0.9359226956462544,0.6684418695530556,0.41111087958892223,-2.127799645649225,-1.4707997697215542,0.7809029193074537,1
-2.1539179439916754,-0.5658574386248675,-1.168717627632051,0.5985369837740325,1,0,0,1,0,0,2.2427675872479083,-0.7240030539019552,-0.016310450003180245,-0.49740240714154665,-0.8720062354634396,-0.17240587946439487,-0.10259397153913036,1.4476040936167327,-0.6028579585107805,0.28256369574156587,-0.44485634856811446,1.8268684447767702,1.869626816045181,-0.9488519554717939,0.5203968022682028,-0.3069806602281347,-0.2986132542592575,-1.2221420841582302,0.3699083794759778,2.124760042412528,-0.8054222790865174,-1.465559956055707,0.5156410667181353,-0.6778251147492995,-0.6148488341177346,-2.124760042412528,-0.36990837947597854,-0.9916819791175521,0.19081952690966666,-0.7370670544973751,-0.7675202888890147,-0.8298969612342869,-1.1381611853933278,1.1391663716627913,1.0278879451835827,-1.5138489543058005,-0.859173275299045,-1.4693273852002382,-0.6790794056453779,-0.3347718982695729,-0.5669454880182719,-0.9847090191502859,-1.277209135885205,-0.48731077970765985,-0.45626319576493324,1
-0.25209852955608386,0.2587110724619126,-0.4445202009343899,-0.13478617003801185,1,0,0,1,0,0,0.5644489656982895,-0.5960791966632976,3.6297462539496252,-0.7554801525942014,0.7465455653948366,0.12542445547403971,-0.14547683521643515,1.0398724416037126,0.010707382641568204,-1.0111903860392628,-0.7954129212517002,0.47717738390372855,1.0746957389196898,0.14368690084081964,0.8651413116569716,-0.666735064273162,-0.6305771647476421,-0.7588041379123371,-0.5252107151899527,1.171710631808875,0.3458593389763097,-0.5605779863083352,-0.6846417906805158,0.7407834525677367,0.293251202312715,-1.171710631808875,0.525210715189952,0.7723105503109431,1.841902992264201,2.410705796998944,1.584010801139329,1.195538960039945,2.1173548412693166,1.0847935651441794,1.5631135810883663,2.1861464906907218,0.44535835866158957,-0.4070549059059717,0.4613226456389258,0.015317428625603584,0.31305646532020776,0.728342674756924,-1.1125787146405561,-0.7656567202776299,0.7190446135538346,1
0.13340540580248203,0.8513696898055362,-0.15484123025532542,0.3052077222492148,1,0,0,1,0,0,0.4130217216486998,-0.5699129531372086,-0.5152445252809326,-0.07556680975368728,-0.8665882858874382,-0.379903289992073,-0.7359850062275604,1.0964746242230377,0.1927948090190817,-1.0429114371520558,-1.6882669611760757,-1.460040982955281,0.47321161371462644,-1.0598909032879997,1.1900850690617406,0.831651857929684,-1.6767505522442252,-2.2674863723973337,-1.118227115406131,-0.8822777243979375,-0.03562543523085073,-0.3127447354304856,0.5721729504264881,-0.25373107660171845,-0.01892937820185358,0.8822777243979375,1.1182271154061303,-0.8988402670423681,1.5041813743507735,0.855014590045561,1.2028560365468226,0.3506590883848229,-1.1906695084040155,0.7993363309214695,1.6738499195514247,0.6048635211810345,-0.1375174777889068,-0.4070549059059717,-0.3871364805165972,-0.0495139282068366,-0.14386762583630988,-0.6040308649486834,0.6983559190505837,0.29205785388825667,-0.6418381130257917,1
-0.4320003660567478,0.4133176682906843,0.5693561964423357,-0.13478617003801185,1,0,0,1,0,0,0.48873534367349464,-0.585612699252862,-0.7071422465416066,0.14142681030179596,-1.4391384806085974,-0.5596747534233805,-0.6321870220553129,0.18610684488521592,1.017888221944069,-0.9690122388422889,-1.2078212982557142,-1.1637037996651414,0.2900527776837698,-0.7131110048737817,-0.7971960971175657,1.1151247625692706,-0.8813556576428317,-1.0823148661387598,-1.3475953222069719,-0.2506245554141756,0.16653932956712783,-1.0540510349013283,-0.2708944546948446,0.43513583605780554,0.5135570306570448,0.2506245554141756,1.3475953222069719,-0.7038726716844818,-0.7848207026180125,-0.18211288125669506,0.4082452561251572,0.017827623793410803,-1.442709458855317,-0.5463906304141645,0.06817301183707392,-0.046252995675895824,0.41760236644966076,-0.7864379342253526,1.0178388466656656,0.7025298110494701,0.854596128913119,1.2041903675089267,0.28677986593896093,0.18071947766026855,1.0283361423219313,0
-0.3034990542705592,0.8256019238340739,-0.4445202009343899,-1.8947617391869185,1,0,0,1,0,0,1.296347311937973,-0.6745779272415647,0.5337963509440852,-0.5899863516985528,-0.29998797191219934,-0.06284366916421999,0.333383176392632,-0.4759178194695032,-0.24339629541203905,0.41377982351986653,0.1374588423083729,0.4434846225380293,0.19011397453186618,-0.3981709947572769,-1.5745254682141465,1.1015471323467472,-0.9154908554217156,-0.4303961237249817,-0.4125770209418648,1.0140489972048288,-0.8614251886760362,-0.9241129064824875,1.439679524860437,-1.4667749076833794,-0.5989012721895484,-1.0140489972048288,0.4125770209418641,-0.2582324537235989,-1.3852146900196616,0.6093791363160792,1.1317932838261862,0.6493539925053206,-0.30852968182446,0.35076067714292497,0.6218547041523672,0.8219023601333442,-0.859173275299045,-0.9381911455531051,-0.3415203984652251,0.4172718409867329,-0.2284831982727022,-0.8895394805998851,-0.6186874509066087,-0.2089648391376897,-0.332546584257695,1
-0.04649643069818187,-0.10203765113855341,-0.4445202009343899,0.3052077222492148,1,0,0,1,0,0,0.7789708947685415,-0.6239898564244593,0.12441454558798068,-0.5153405463994666,-0.34585278074990056,-0.08162576235853568,0.04044798431941519,0.7819294442641708,0.12657534154631644,-0.24113756831855718,-0.1662964567360644,0.4348999215595722,0.19041102652844233,1.2829299602210258,0.3199601169268501,-0.7462988683532372,1.0348626820934306,0.41056708488734306,0.6912331826893887,-0.09240503183227083,1.22564459314097,-0.7526936802790597,-0.9229911220993686,1.3519134187887465,0.6170323862798308,0.09240503183227083,-0.6912331826893894,1.1622457410267157,0.26586877533487285,-0.07294156848803632,-0.44450777652248397,-0.03337721691295973,0.29006520049738066,-0.22015379130249568,-0.5408768497097485,-0.23228628620644656,1.63886602377451,-0.4070549059059717,1.2732889061533492,0.5210020119186368,1.0745966172477384,1.489698983160128,-0.04248097655033679,-0.09762646290970158,1.4613442825972665,0
-0.4577006284139859,1.8047770307496258,1.0038746524609323,-0.4281154315628296,0,1,0,1,0,0,0.791589831772674,-0.6239898564244593,0.07324181991846762,-0.5107113491716163,-0.3860920265791716,-0.08520330391935772,2.2598281797156248,1.74774735516816,-0.21404723309409399,1.0289335432554787,0.49966034729158865,-0.7090121801776567,-0.5838140749719668,1.7527004072743873,1.257660896416057,0.15078665874199662,0.25372699123443276,0.021268051345302335,-0.5796783524084306,-0.3920901182240855,-1.391068498702273,-1.1389410171324763,0.44413578849015634,-1.1384314944463003,-0.6288188101783034,0.3920901182240855,0.5796783524084299,1.6357384726101538,1.1664597564373458,0.00893691608845806,0.08523274375862654,0.18851042614798086,-0.30852968182446,-0.38327221085833024,-0.1532996650890431,0.07776919801113909,-1.192245181842186,-0.7864379342253526,1.50136931641021,1.5453374498711925,0.8884423578876751,0.886958572340925,1.3568776040291806,1.2384340518261547,1.1520527538291696,0
-0.48340089077122306,-1.596568077483343,0.27967722576327125,1.7718540298733036,1,0,0,1,0,0,0.16064298156605036,-0.5274654914171085,-0.06748317567269331,-0.48756536303236475,-0.1708093969150347,-0.028857024336410634,-1.6633948456647691,0.39417576757703576,0.27474734942949086,-1.216986897840687,-0.493095609470192,-0.920510247498158,-0.18790772739091854,-0.8980198667904536,0.6431761294759589,0.08970434230451592,-0.8731472622241634,-0.7661463830803025,-2.1279577428012475,0.8550163918650944,1.415700154565318,0.10330111583395876,-0.28544461779855695,0.7782729067603573,-0.10694438263974092,-0.8550163918650944,2.1279577428012475,-0.7038726716844818,1.0163612595869336,1.0460643873907127,0.9379857764062678,0.4957394703862077,0.5421051509486824,-0.7910682597479163,0.2342775195316623,1.3800022317249987,1.2502821328075124,0.04820472807728505,-0.13168642102891215,-0.2569742700706454,0.05920974801103089,-0.5088613263982832,-0.37174181903963527,0.013711913318286572,0.2860364732784985,0
-0.2263982671988458,-2.1634589288555044,1.4383931084795292,-1.161438585374874,1,0,0,1,0,0,0.6780193987354818,-0.6082901103088059,2.260875842290151,-0.7178679251179176,0.45586384124999596,0.08696588369520282,1.1424130861921704,-0.10081466361634403,-0.04071811315149952,0.6032612516719668,1.0397806375220469,-0.01130773159013398,-1.4409092001125225,0.6637449855141923,0.12667027625556293,-0.17597005284993045,0.39115631751136304,0.3021740611603383,0.39961991949913633,-0.41176056791003435,-0.925347036910998,0.2652667917108196,-0.12116990788401182,-0.4271031231683271,-1.0567515957243254,0.41176056791003435,-0.39961991949913706,0.6887530094432773,0.19081952690966666,0.22727954162577424,0.09815324425328795,0.2567835470898098,0.3215701943037938,0.35076067714292497,0.17890935030013266,0.2638024885416898,-1.0257092285706153,-0.17942508891434333,-1.1717330918001976,-1.0460644989454884,-1.1205730905306674,-1.3563234077756592,0.7336338664601519,0.5704037944582268,-1.8701673272762331,0
-0.25209852955608386,0.1298722426046032,-0.4445202009343899,-0.13478617003801185,1,0,0,1,0,0,0.5644489656982895,-0.5960791966632976,0.40586453677030254,-0.5645257669453762,-0.08661369712453137,-0.022149133909869317,0.8649422607515709,-0.17848368589891603,-1.1973725225271576,0.8781144835936984,0.9801315228364115,0.7134464241884516,-0.2338478548122644,0.15281875901932299,0.7310078129054803,-0.934700231706886,-0.49363170316461863,-0.5899975380351784,0.3699083794759778,0.6061852033378352,-1.050028565200622,0.9772820398244189,0.6975647597928629,-1.6757527630330766,-1.8502367447628048,-0.6061852033378352,-0.36990837947597854,0.744458036688388,1.6167552469885829,2.265144046640733,1.2868392897621204,0.9907195972144606,2.4008997855270304,2.063504082479186,2.0060589349406004,1.876091006473136,-0.9146852597229018,1.1863538130354276,0.6164173246135901,0.9099901529132779,0.09305597698558829,-0.794369942049485,0.9453015509175579,1.461110804282131,0.40975308478573785,1
0.4161082917320974,-0.05050211919562982,-0.15484123025532542,-0.8681093238500562,1,0,0,1,0,0,-0.6848257977108253,0.1394829824589832,0.6361418022831113,-0.6009806951146973,1.4877730587670175,0.5717227651865888,0.9350606032083129,-0.31892510614404984,0.7539214169852165,0.49840026035748286,0.5521767952624476,0.3473596874033276,-0.2089817053939607,0.12623164202547923,-0.996116530511448,-0.2703027906864419,0.15433761268511492,0.26779279286824204,0.4700615648931452,0.007555847346540335,-1.1740953612902356,-0.5601529561023264,-1.3022640702738817,-0.5202680628365384,-0.45640933663454,-0.007555847346540335,-0.4700615648931459,0.29881781872750485,-0.7848207026180125,0.7094528396873502,0.44700675760914055,0.4957394703862077,0.9201650766256344,0.5954383064766764,0.40038202722625016,0.5738579727592754,-1.0257092285706153,-0.3311783002420958,0.7532655707677065,-0.10137901367278856,-0.29617565622181696,1.7117612397777302,0.6160407084282594,0.6817421706862145,0.5334696962929761,1
-0.3034990542705592,-0.10203765113855341,-0.4445202009343899,0.3052077222492148,1,0,0,1,0,0,1.296347311937973,-0.6745779272415647,0.12441454558798068,-0.5153405463994666,-0.5287672348221064,-0.12053152683247534,-1.0234971142432807,-0.47704924486386013,1.4088522372839474,-1.6099000909905334,-0.4661925263521992,-0.26132492825051157,0.4617162581146241,-0.31718850053455366,-1.3916354287275925,0.9118418462365308,-1.0731254791644653,-0.5044357158016953,-0.042827790168833695,-0.31393995325558316,1.1062666396214969,-0.7393447629419895,-1.0096350874211906,1.1107783053492681,0.11358982045179904,0.31393995325558316,0.04282779016883299,-0.11896988561082296,-1.1600669447440433,0.8823074182377254,1.2739187892674588,0.700558833211691,0.1010352376589052,0.8401159358104279,0.954063719541543,0.8839134569768611,1.3613061016552261,-0.482931511569848,0.890113816921823,0.1709126850234604,0.6176725260912207,0.9186817518577256,0.36909507656128593,0.23638866577426285,0.7809029193074537,1
-2.1539179439916754,-0.2566442469673251,-1.168717627632051,-0.4281154315628296,1,0,0,1,0,0,2.2427675872479083,-0.7240030539019552,0.5593827137788417,-0.5905650013520342,-0.5297840958955433,-0.10040785555285138,-0.9050694017709158,-0.6739517478909794,0.5969412758636579,0.12784870378727348,-0.048255047765851294,0.3182539033945134,0.37382772250560725,-1.0594462848532284,-0.18994468069901196,0.026354140469601554,-0.1966229827104514,-0.7852782885064018,1.1921218465220598,-0.7482715666696602,0.19993479024398567,0.7347375132063738,-0.7895553521684059,-0.36768333458936736,-0.7039374812764541,0.7482715666696602,-1.1921218465220604,-1.072918477183338,-0.3720498362793791,-0.6347189487767578,-0.5252609046141167,-0.5667609742709911,-1.033144539371952,1.4110304042558486,0.8433273810784847,-1.4880109972876687,0.9449662184763004,1.8692432640103136,2.8242356959000023,1.8305954199339287,1.5315207084042572,2.377948009630533,3.16781223772032,2.8528405071319813,2.079927340133461,1
0.4161082917320974,-0.30817977891024867,-0.15484123025532542,-0.4281154315628296,1,0,0,1,0,0,-0.6848257977108253,0.1394829824589832,1.301387235986781,-0.6686827045720081,1.729837881752648,0.6240443105136111,0.1774089252307721,0.3511123772187181,-0.9674471515846496,0.8314890646371081,0.3397010760361386,0.3287036664964883,0.02134459023072382,-0.25074307439756605,-0.9124460238336346,-0.44665865357867,0.19665895287190624,0.11880417811400507,0.4700615648931452,-0.01788874008079301,-0.4972309546679883,-1.395981152961972,0.8736837946374207,-0.9282844318438035,-0.32563887946361236,0.01788874008079301,-0.4700615648931459,-0.17467491285593337,-0.7848207026180125,0.3091580262022686,0.020630241285320403,0.10316902497069583,0.6051151385615076,0.5954383064766764,0.40038202722625016,0.139780294854656,-0.3040534310604773,-1.1658209625447336,0.9083602497423721,1.2730457511749436,0.7530574419894479,0.2207718024881207,0.7806711296729086,0.848749735028197,1.0283361423219313,1
-1.5885121721324456,-2.1634589288555044,1.7280720791585935,-1.161438585374874,1,0,0,1,0,0,-0.05387894750420167,-0.49257716671565654,2.260875842290151,-0.7178679251179176,0.890562005603735,0.175957230020651,1.6585559161381946,0.426715134156752,-0.2020086344083956,0.4113461617652854,0.25398174320806544,-1.035472380855951,-0.9670702208746258,1.2939929288097616,0.3044915478613486,-0.2607994211273172,0.52632079105067,-0.2494256184830971,-0.2249492467260648,-1.189158903385715,-1.0133198873045912,-0.2806469648949924,0.014074303732927918,-0.033811439803766705,-0.5737042748627186,1.189158903385715,0.22494924672606412,1.2736557955169365,0.340918023760079,0.17269388524144552,0.007709740790658993,0.22264698661889537,-0.2770246880180474,0.35076067714292497,0.5111183656893089,0.38782468222872474,-1.0565492199172024,-0.5166544474204599,-0.8574889710018564,-0.7208786456272172,-0.685407289429221,-1.1045521417693096,1.07334743410784,0.5085491409982337,-1.5559664091626122,0
-2.1539179439916754,0.4133176682906843,-1.168717627632051,-0.13478617003801185,1,0,0,1,0,0,2.2427675872479083,-0.7240030539019552,-0.7071422465416066,0.14142681030179596,-1.9942029637942371,-0.6661066148578361,-0.6047547204518957,0.31025262026640077,0.30041435925895504,-0.08295973568346703,-0.4750783347286009,0.4940346415166938,0.7907838885385594,-0.9477461704101182,-0.3095193352923605,0.0205537504226313,0.14092357317521317,-0.3937072469671851,0.9789057261068004,-0.2970624528398517,-0.10605064637076858,-0.7359011333618208,-0.39002195606898954,0.25181065363757715,0.23324660480134113,0.2970624528398517,-0.9789057261068012,-0.9823978079100336,-0.4846237089171882,-0.6733837887156574,-0.5607922809744348,-0.47715250303484213,-0.9386295579527137,0.6769975162545934,0.2342775195316623,-1.2864749325462383,-0.05424950115312168,-0.6346847228976005,0.23324223538206504,-0.010615114107371936,0.09305597698558829,0.5697267771729232,0.2044646553166367,0.06938110143228039,0.16231986177126023,1
-0.6633027272718879,0.10410447663314094,0.5693561964423357,-0.8681093238500562,1,0,0,1,0,0,-0.3062576875868511,-0.3902380809247305,-0.6175899766199587,0.034376624407757565,-0.5334655866900332,-0.3266873592748452,-0.7650184242097146,-1.1831467435766794,0.4502634870153593,0.14750811531242033,-0.13054914432822173,0.7172400791674566,0.4121392629816504,-0.7575413106013433,-0.8174715471879854,-0.7037972332425491,0.25400481068583475,0.008109331284200126,0.46109514795545875,0.5209213695068188,0.3068503897610157,0.8049809857174186,-1.3227736161284356,0.05259287489035028,0.1776374650427523,-0.5209213695068188,-0.4610951479554595,-0.7317251853070371,-0.7848207026180125,-0.10023439668020068,-0.44450777652248397,-0.32353798091572933,0.3845801819166189,0.4323198869208419,0.2342775195316623,-0.046252995675895824,0.11228645211844858,0.5034643620605421,-0.5696008087220858,-1.112748180258855,-1.0238695791747903,0.8235122133073248,-0.4540570296619595,-0.26463402725168356,0.038603250264021984,1
0.004904094016293398,-0.5916252045963298,-0.15484123025532542,0.3052077222492148,0,1,0,0,1,0,-0.4955417426488382,-0.09601320927581818,-0.4768649810287978,-0.20286973351957077,0.05805644438679743,0.08294114943927802,-0.6420477607007224,-0.6857054186661723,-0.7458037921163708,-0.24094310578256214,-0.6734642480601035,0.5715887110557105,0.7136461289796482,-0.9861629687409349,-0.7091565621319806,1.8873816337829867,-0.4382546165379285,-0.27562399149205247,0.4573016638664392,0.3260326064644921,-0.09257937833234413,0.2307347303464614,2.9161752919590387,-0.10906718420149146,0.606443324204501,-0.3260326064644921,-0.45730166386643994,-0.6760201580619267,-0.18442671521636386,2.0104109835138635,2.940663353078758,2.543933098641048,-0.6235796198885869,1.3294711944779316,1.1755363964676604,1.5040244254120325,-0.05424950115312168,0.27583454506891375,0.1785029369204177,1.6879664349025603,1.5315207084042572,-1.8729580456206907,-0.37174181903963527,-0.26463402725168356,0.7190446135538346,0
-0.8689048261297889,-0.02473435322416849,-0.4445202009343899,0.3052077222492148,1,0,0,0,1,0,-0.38197130961164594,-0.3082505178763182,-0.38731271110714993,-0.3330659055528607,0.0067361424775225125,0.020334172124892372,-1.2568974974385818,-1.0296295520037884,0.5763008217605265,-0.6029345978526264,-0.6560255036539339,1.0640314614479105,1.296853101944784,-0.5585536524400303,-1.0145923267949013,0.6289874944510704,-0.32750126202005864,-0.07704335371950348,1.2766468085438225,0.1850492459657866,1.1896463381847349,0.39680255272596754,-0.1557507569378464,0.48978109831671557,0.7776474445970928,-0.1850492459657866,-1.2766468085438232,-0.45320004908148526,-0.8598699510432187,0.427426948368315,0.705416767502365,0.529876030857121,-0.11949971898598452,1.166352774922097,0.5664865349208381,0.015758101167622184,1.0004782029001573,0.27583454506891375,-0.24116501795220557,-0.2829068128036209,-0.07617516788719629,0.3476645205553221,-1.1948939252628807,-1.266679413303576,-0.332546584257695,1
-0.12359721776989524,-0.17934094905293926,0.5693561964423357,-0.8681093238500562,1,0,0,1,0,0,-0.33149556159511606,-0.38442336014115513,-0.6431763394547153,0.05173611401219622,-0.5745654310251282,-0.3356312131769003,0.5645037843238213,1.6450089939207828,-1.0526523470664182,0.4264402768332664,0.05749304403734252,0.702610271508409,0.40441929858601355,-0.08098335997411357,1.1923588964834626,-0.15021511789425906,-0.3675541457787819,-0.6053507473890499,0.10862057896823145,0.850548042800631,-0.8658738727363235,-1.0633475020816012,1.2880593157091815,-0.940553701568743,-0.6657509558886153,-0.8505480428006302,-0.10862057896823216,0.2152602778598393,1.6918044954137887,1.2462117941332536,0.9638267773955896,0.7517636739180628,0.6681251261743327,1.3294711944779316,1.397009073393778,0.8839134569768611,-0.7203933142394032,-0.8623145398892288,0.6802798394855113,1.298978293907919,0.7699805564767266,-0.667477223982284,0.12214944469431245,0.6260729825722207,0.5334696962929761,1
0.3904080293748593,-0.978141694168258,-0.4445202009343899,0.3052077222492148,1,0,0,1,0,0,-0.5838743016777656,0.029003287571051677,0.8280395235437853,-0.6142896371447669,1.2309148681112525,0.49704158510442875,-0.2646983196194564,-1.57549419615179,1.3614702395251879,0.16247743149335367,1.3565731851257796,2.0853086846677424,-0.7423674820237423,-0.35340340586465824,-1.347378192226595,1.4233207299664572,0.3222833209043043,0.9094816554697405,1.8523841761196695,1.0069402600568196,0.014952937787738199,0.8126413331357729,-0.4308753578655735,0.10007409641765345,-0.8756797598187228,-1.0069402600568196,-1.8523841761196702,-0.3139374809687093,-1.2351161931692491,0.11810822885711679,0.8475422729436388,0.9565830367435462,-0.6235796198885869,0.5954383064766764,-0.2086678343205727,0.139780294854656,-0.05424950115312168,0.6552175733882943,-0.23204180154193166,-0.41256952646850126,-0.3469449996836519,-0.6992004034990842,0.03983423407198747,0.6260729825722207,-0.1469716669968365,0
0.6217103905899984,0.1298722426046032,3.176466932553916,-2.6280848929989626,1,0,0,1,0,0,-0.5333985536612357,-0.03205128065648941,-0.1442422641769629,-0.4713631727348887,0.5464568506828983,0.33962975642825916,3.2048074705216902,-1.1508457263816403,1.3030404999440148,1.7039724407664352,2.2251751070798966,-0.35814249097165374,-2.8429885662285908,2.9380327660257435,-1.4499651977609909,1.5684766286797445,1.609399380149354,1.8436492240854125,-0.16027754582615011,-0.3295023237687909,-1.5207150793954063,0.12702857153566527,-0.2051322670248997,-0.706103960520425,-1.0928719891869643,0.32950232376879157,0.16027754582614942,3.2233317490957996,-1.2351161931692491,0.7822337148664557,1.5581698001500064,2.2879088951091933,-0.5605696322757617,-1.5251011477491712,-1.648240234340335,1.2559800380379649,-1.5253170883853264,-0.482931511569848,-1.7373725092372125,-1.553601406719449,-1.6669479296913718,-1.5240030709358887,0.5337254978059351,0.4033962301162448,-1.940862533851798,1
-1.5628119097752085,-0.5658574386248675,0.5693561964423357,-1.161438585374874,0,1,0,1,0,0,0.40040278464456736,-0.5675870648237784,-0.5024513438635544,-0.12185878203219036,-0.8359652222306702,-0.3423391036034416,-0.40716460673207205,-0.7293278531485724,1.034496972331872,-1.054694879014003,-0.8778607545088039,0.19590981739466778,1.560163631630616,-0.47604836139086837,-1.377075059795903,1.9332193288161688,-0.6210153334503221,-0.15723115421729275,1.3161951852696003,-1.0381887348318,0.09051038355142538,-0.3784981978594992,0.5285069694675294,0.8090365641367284,0.9877563554067432,1.0381887348318,-1.316195185269601,-0.11896988561082296,-1.009968447893631,1.7556779203869939,2.721014844669517,2.2367040544028214,-0.4660546508565234,2.879096180258358,2.172163442635189,1.13195784435093,0.3065783976019474,-0.1035484832504671,0.8992370333320981,1.0655854093111348,1.3792126780187515,0.47455723862252236,0.2044646553166367,-0.26463402725168356,0.904619530814692,1
-0.1749977424843705,-1.0812127580541053,-1.6032360836506476,-0.4281154315628296,1,0,0,1,0,0,-0.7731583567397526,0.7616581063015448,-0.016310450003180245,-0.4950878085276215,1.6871978238262688,0.9683826857427322,-0.5035785475392963,0.4702715625719721,0.8133792812472866,0.1304795543958565,0.06863266939466908,1.1194991649450894,0.5893716404491747,-1.0947122099386701,-0.6457568128869856,1.5447169551626487,-0.40320269538096554,0.23281404666190172,0.4783555005605047,1.0524361778040754,-0.39358531275577385,-1.2923674773744551,0.4403748421709543,-0.5760783509066686,0.13807177142373214,-1.0524361778040754,-0.4783555005605054,-1.1495128896453646,-0.8598699510432187,-1.0463857740085747,-0.19901826712392082,-0.34060626115118536,-1.4742144526617298,-0.30171300108041293,-0.5408768497097485,-0.9144083514851348,-0.4150773999081907,-1.2416975682086098,-0.19554893590083341,0.054216242725068246,-0.1777138548108673,0.030432725387320277,-1.1125787146405561,-0.8213259083916238,0.16231986177126023,1
-1.460010860346257,-1.4934970135974959,0.5693561964423357,0.5985369837740325,1,0,0,1,0,0,0.3499270366280375,-0.5536317349431976,-0.7327286093763631,0.17903903777807972,-1.4863079813003564,-0.564146680374408,-0.3646769450276481,0.1864745425435164,0.5183528755592557,-0.34921024416335733,-0.41076222615476365,-0.12670464124975492,0.655993811611296,-0.2827872113699068,-0.3336181728480642,-0.07443081557121245,-0.13660215918837018,-0.32201440168387047,0.33216239355632987,-0.5022446364654003,0.22453451966133584,-0.5901535235994082,-0.7834015373822041,0.33630814798918346,0.2196266232509496,0.5022446364654003,-0.3321623935563306,-0.17467491285593337,-0.18442671521636386,0.4547197765604794,0.3436427536518511,0.2738518273252659,0.16404522527173035,0.8401159358104279,0.7325910426154264,0.2638024885416898,0.029018475482663446,-0.7105613285614767,-0.615216890773458,-0.892321567028559,-0.7192535184037778,0.1890486229713212,-0.28942660841731066,-0.5429799678216537,-0.5799798072721716,1
0.544609603518286,0.05256894469021735,0.5693561964423357,-1.161438585374874,1,0,0,1,0,0,1.2332526269173105,-0.6670187902229168,-0.8094876978806327,0.7663684360615877,-2.4558596404322057,-1.105249841448741,0.1874223806224504,0.04487423528662757,-0.7235666596364313,-0.5589837548945166,-0.47621543003297734,-0.026843611049347647,1.0548332715954476,-1.1270901125788002,-0.6563367976772925,1.6703415062422955,-2.1277821900923484,-1.4372865258417278,-0.3979084468072301,0.3580292690535297,-1.386790543013155,-0.71909509195172,2.6676719900023254,-1.354721406297209,-0.7841271652082892,-0.3580292690535297,0.39790844680722937,-1.2052179168904753,-0.9349191994684248,-1.3193140559302208,-0.40574627503850064,-1.176951992688579,-1.852274378338682,0.5954383064766764,0.8986955503100138,-1.2864749325462383,-1.3587811351137562,-0.8623145398892288,-0.7885580025686714,0.5599008260181015,-0.0592520533999176,-2.317082558855893,-0.28942660841731066,-0.15329565102369538,-1.0748462533011267,0
-0.6633027272718879,-1.235819353882877,0.5693561964423357,-0.13478617003801185,1,0,0,0,1,0,-0.3062576875868511,-0.3902380809247305,-0.8350740607153893,2.6498730581431817,-2.0154395524722046,-2.347998341139296,-0.028373965524163876,0.23386036497903215,-1.3609590446395192,0.4153359641955914,-0.8986397620924609,0.732747296206326,1.48596489873206,-0.655406895584195,-1.029271726581754,-0.7289380092725711,0.2817890191209684,-0.14006146173260095,0.5493147279367994,0.45457625868389784,-0.6154201578835836,-1.3520825108535168,1.1279642056147945,-0.28167492466184973,1.031532945839264,-0.45457625868389784,-0.5493147279368,-0.5367575899491508,-0.8598699510432187,0.5002078235474204,0.020630241285320403,0.13730558544161034,0.6996301199807459,1.3294711944779316,1.1201682272361313,0.44983577907224165,-0.7203933142394032,-1.3934507795363622,-0.8068044353892204,-0.16621037050522874,-0.2623294272472596,-0.3819686083310823,-1.277209135885205,-1.266679413303576,-0.45626319576493324,1
-0.7661037767008384,-0.5916252045963298,1.0038746524609323,0.3052077222492148,1,0,0,0,1,0,-0.09173575851659908,-0.48269214138357847,-0.4768649810287978,-0.20286973351957077,-0.4565191900128852,-0.2144419928040538,0.6970200739966441,0.4921574226514712,-2.0184509601026455,0.7595203754593927,0.28188581231159937,1.0805816347532256,-0.12352815259316045,0.9973725080492902,0.704581802206299,0.06953453255209177,0.9602618208971261,1.1226016764871882,1.0187373090415193,0.4634132099205562,0.027339478118821314,0.03033307422757934,2.8291655802978477,-0.07388384314029128,0.7295366787679948,-0.46341320992055685,-1.01873730904152,0.577342954953057,0.26586877533487285,-0.9281168518425269,-0.7545997883943533,-0.3747428216220998,-0.40304466324369825,-0.5463906304141645,-0.983822203561983,-0.6043528672675491,-0.08200549336504998,-0.1035484832504671,-0.3871364805165972,1.0526191379446466,0.9561348158367899,-1.9681275841710915,-0.6186874509066087,-0.48731077970765985,0.22417816752487937,1
-0.8689048261297889,-0.7462318004251005,-0.4445202009343899,-0.8681093238500562,1,0,0,1,0,0,-0.38197130961164594,-0.3082505178763182,-0.2977604411855021,-0.389773571594027,0.12079695862464822,0.06415905624496233,-0.5927443708866733,-0.4264461845860502,0.8738572423871671,-0.9157057012048131,-0.5571208131448236,0.06225970988112384,0.37392227373801545,-0.5654781219624273,-0.9570483789430957,0.5017972216854361,-0.37182980683936934,0.01671431767260705,1.324112778207694,-1.2283241134096814,0.2592064000763741,-0.3734392850093939,-0.6903343100798802,0.8683592544052904,0.7406026206469807,1.2283241134096814,-1.3241127782076947,-0.5089050763265954,-0.8598699510432187,0.15449866644666885,0.3953247556304958,0.22264698661889537,-0.05648973137315825,0.8401159358104279,0.2342775195316623,-0.23228628620644656,0.77843026520473,0.19995793940503753,1.9575301369239315,1.2082143943425034,1.548443822891536,2.314501650596933,1.2745623934068555,0.6817421706862145,1.708777505611744,1
-1.5628119097752085,-0.17934094905293926,0.5693561964423357,-1.6014324776621007,0,1,0,1,0,0,0.40040278464456736,-0.5675870648237784,-0.7966945164632545,0.7605819395267748,-1.970023121145309,-1.0243079636351424,0.32617684275900044,-0.6140259995796113,0.2056680242013943,-0.3718863380788712,-0.4934841279077425,0.4218914716075251,1.3749139891385904,-0.4897688705464343,-1.632329749900743,2.0316152749327374,-0.680727994205019,-0.14674410673377147,1.2994551316290601,-0.7133741297612541,-0.9429281245605374,-0.7924621554868507,1.7604223440742988,-0.17260377578198938,0.49828647633868894,0.7133741297612541,-1.2994551316290608,-0.14682239923337803,-1.3101654415944555,1.6919946546052762,2.721014844669517,2.2025674939319084,-0.5290646384693491,3.042214599814193,2.3382679503297763,1.13195784435093,-0.9979532363586869,-0.9381911455531051,-0.8524205174405927,0.08014878545804377,0.008440404549195996,-1.4605567119022886,-0.20711139779498602,-0.5429799678216537,-0.6418381130257917,1
0.05630461873076867,0.3102466044048362,-1.168717627632051,0.5985369837740325,1,0,0,0,1,0,-0.785777293743885,0.7674728270851201,-0.11865590134220637,-0.47599236996273897,1.7490309951810465,0.9580972537553689,-2.320437183861862,-0.16243540849150453,1.6082567837168154,-1.8695047904277318,-2.0522532582718536,-1.7499943291364546,1.0458274022355303,-1.366425461110745,-0.6288177003964003,2.4243097665915387,-1.0808028212615,-0.5842210531805847,-0.35678002163742906,-2.0329334628603464,1.861308169222216,-0.40698807232921397,0.23765661561982507,1.4538747849868752,2.097651597807425,2.0329334628603464,0.3567800216374284,-1.3723329986258064,-0.8598699510432187,-1.1009714303929035,0.13691474573727128,-0.3064697006802721,-2.324849285434872,-0.38327221085833024,-0.26403600355210183,-1.1624527388592034,1.4168180860790833,-0.5588081172337243,-0.6334633235940058,-0.4255357978349895,0.1438253204474232,0.2207718024881207,-0.4540570296619595,-1.211010225189582,-0.5181215015185524,0
0.31330724230314594,0.6194597960623787,0.5693561964423357,3.2385003374973924,0,1,0,1,0,0,-0.10435469552073157,-0.4809477251485058,-0.5536240695330674,-0.029274837475184185,-0.5921566176757793,-0.34725822324957195,-0.5515827324127955,0.6975694400847018,-0.8354470812330914,-0.1650444971463832,0.2308268527651353,1.0174715267984573,0.32290036806719924,1.9004226941111944,-0.5565266002854551,0.15531029284324507,1.2832547340938236,1.8668978547341832,2.0217186959949194,-0.6174061782631385,2.665869180390788,-1.5149520793770734,1.2981560139284505,1.49541789556427,1.52257617940201,0.6174061782631385,-2.02171869599492,1.5521809317424884,-0.6347222057676005,-0.44594355378095224,-0.3023822710812103,0.20557870638343811,0.3215701943037938,-0.46483142063624716,-1.2052948804881005,-0.4183195767369984,2.2494978524369347,-1.4693273852002382,-0.378013264106322,0.31354167005482897,0.9222885868622325,-1.1433249167342867,-1.1125787146405561,-1.4336869776455579,0.16231986177126023,1
-2.1539179439916754,0.1298722426046032,-1.168717627632051,-0.13478617003801185,1,0,0,1,0,0,0.816827705780939,-0.619338079797599,0.36748499251816774,-0.5587392704105633,-0.2159248592020326,-0.04450876866500705,-0.13430229358291146,-1.2687181840422623,-0.28028271633654156,1.2739280458413655,1.4212146357183018,1.17579027564668,-0.7064087745619859,-0.9221966536499744,-0.5899438388119179,0.13002159700777646,0.45994200544350916,0.250233280068083,1.2718086794045298,0.3422733367180193,-0.7346974219079776,1.1503627367101845,0.5138150285164338,-1.264923983590597,-1.6033445377614053,-0.3422733367180193,-1.2718086794045305,-0.9545452942874786,-0.7097714541928067,-0.6278957417287164,-0.4703487775118068,-0.27233314020935756,-0.655084613695,0.35076067714292497,-0.2086678343205727,-0.9764194483286528,-0.5631093583718088,1.464568033802974,0.8353745184601769,1.0007540524786946,0.35818477061961684,-0.5934564717764167,1.3020007969476304,1.6837875567381073,0.6778057430514218,1
0.8530127518051386,0.43908543426214564,0.27967722576327125,0.5985369837740325,1,0,0,1,0,0,-0.5081606796529707,-0.07856904692509216,0.6361418022831113,-0.596351497886847,0.9787998169698778,0.40044796296223384,-0.6074295117347627,-1.1230844492022176,0.7335167554461051,0.3186784348978739,0.9113515817082982,1.821057725058604,0.34207281982871435,-0.15411093885275853,-0.076768717558856725,0.3463893143686119,-0.17780325664173968,0.24268046452667463,1.3724417655018215,1.122534507594003,0.6906596882731187,1.4645634362606963,-0.654654122369267,-0.6068206717965917,-0.9478714508532995,-1.122534507594003,-1.3724417655018222,-0.28608496734615396,-0.25947596364157,-0.5824076947417753,-0.3282232720705331,-0.3747428216220998,-0.37153966943728567,0.9216751455883455,0.2896456887631914,-0.728375060954584,0.41760236644966076,1.0346006017076752,-0.642586540004281,-0.8534227529290943,-1.0069464646875115,-0.3819686083310823,-0.5363722402842841,-0.04195727479570725,-0.5799798072721716,1
-0.9460056132015023,0.10410447663314094,2.8867879618748513,-0.8681093238500562,1,0,0,1,0,0,0.5013542806776271,-0.5774720901558565,0.29072590401389814,-0.5408011311526433,-0.11901348833076501,-0.026173868165794107,2.5917241278017835,0.7459569353280997,1.0965121346793358,1.113788791360587,1.4265360883574747,0.2314830414619521,-1.3137241763053276,2.4750486360253157,-0.4744645530214669,1.8207149739803568,0.7100133420448953,1.5377108511142141,0.18609969967169646,0.13114384342216406,-1.1308160547608912,-1.4991574776530054,0.33067413828693754,-0.8006197254321898,-0.3532914258650648,-0.13114384342216406,-0.18609969967169718,3.1676267218506893,-0.03432821836595151,1.5373352948496766,2.4367638337869693,2.7146159009956183,0.1325402314653172,-0.46483142063624716,-0.5962450189412776,1.752068812786101,-0.9979532363586869,-1.317574173872486,0.5981708917930423,0.6895635396829819,0.2961333508329291,0.37938770007212164,0.6983559190505837,0.848749735028197,0.5334696962929761,1
-0.4577006284139859,0.05256894469021735,0.27967722576327125,-0.4281154315628296,1,0,0,0,1,0,0.11016723354952047,-0.5187434102417455,-0.13144908275958464,-0.47599236996273897,-0.19195548305684348,-0.031092987811924405,-0.5910204893416718,1.8525747996960786,-1.3267871714496982,0.10066019230197687,-0.4471340060108102,-1.6615144865020823,-0.478995514356026,-0.8095201779116984,1.3156674794556211,-0.31235520098555497,-1.0440446378878265,-1.1496878782299875,-2.3498765620089648,0.06447137185505257,0.012965353979441704,-1.22471025303893,1.4998756574353553,-1.1712422168248422,-0.5411503378697409,-0.06447137185505188,2.3498765620089634,-0.6203151308168162,1.6918044954137887,0.9732835122116075,0.6408142650290589,0.15437386567706757,0.6051151385615076,-0.7910682597479163,0.40038202722625016,1.3179911348814817,-0.026493508941193386,-1.1658209625447336,-0.11343998820836432,0.6636309969500054,0.10997909147286698,-0.9847090191502859,0.28677986593896093,0.3477270420022505,-0.1469716669968365,1
-1.100207187344929,-2.060387864969657,-0.8790386569529866,-0.4281154315628296,0,1,0,0,1,0,0.7411140837561441,-0.6129418869356661,0.41865771818768077,-0.56626171590582,-0.1581902790310473,-0.03377614398254093,0.958423987389929,-1.09272515736484,0.8328175752157227,0.2007233282941664,1.036564736483285,1.1275098230064697,0.04306222859143754,0.37014865869180386,-0.5277149299513826,0.727278307634047,-0.6170584703882617,0.19426231127904206,-0.45503125954306645,1.9890833844256839,-0.9628637066561522,0.971146339233611,-0.407644964154205,-0.8830288834285756,-1.1579255873133063,-1.9890833844256846,0.4550312595430657,0.605195468575612,-0.25947596364157,0.900502637032502,1.183475285804831,0.8371050750953478,0.6366201323679207,0.18764225758709038,0.4557501964577793,1.13195784435093,-0.8036612908751883,1.2622304186993043,0.7988816528190786,0.4432043837197094,0.04228663352375219,0.41111087958892223,-0.7010026615289333,0.29205785388825667,0.904619530814692,1
-0.5091011531284612,1.0575118175772313,-0.8790386569529866,1.478524768348486,1,0,0,1,0,0,0.6149247137148194,-0.5984050849767277,1.8131144926819118,-0.6947219389786661,0.3819561954122177,0.07668045170783946,-1.0486241827705562,-0.7107501989995773,0.35346064644301683,-0.6116784499349657,-0.5984123055199044,-0.03371094294431301,0.9425316374510027,-0.7697163589434198,0.4700415277816679,-0.1099113153301421,-0.8553422900483031,-1.0158840489361276,-0.8434663861467556,0.7905619868667512,0.6890459359203143,1.4464042375611266,-0.593642816789303,-0.02180464948976447,-0.2138477430039826,-0.7905619868667512,0.843466386146755,-0.7038726716844818,0.491016520610491,0.15449866644666885,0.07231224326396513,-0.27233314020935756,-0.15100471279239655,0.35076067714292497,0.8986955503100138,-0.046252995675895824,0.9727222106882286,1.8692432640103136,1.0269620630759395,0.5210020119186368,0.4822876101929924,1.109020828958526,-0.20711139779498602,0.18071947766026855,1.0901944480755505,1
-0.25209852955608386,0.15564000857606544,-0.4445202009343899,-1.161438585374874,1,0,0,1,0,0,0.47611640666936217,-0.57572767392078394,2.158530390951125,-0.7143960271970299,0.5281192538574101,0.10932551845034055,0.8832410970022635,0.7416852060053112,-2.6115832307751816,4.1677278080812705,3.0895659857256503,1.0424433263448358,-4.465178396002229,0.06883506673178755,0.6444930459609682,-0.8282546095590485,-0.5969408633797704,-1.0638380895004615,0.5153012139878321,0.9106988955914741,-1.1593890582343178,-0.3723472362609128,2.7378057589889946,-6.222247731095029,-5.055217931032868,-0.9106988955914734,-0.5153012139878328,0.6609004958207222,1.5417059985633763,2.3379249218198384,1.4160442947087326,1.0589927181562884,1.833809897011603,2.9606553900362758,2.83658147341354,1.5660355222555504,-1.3032691506898992,-0.9381911455531051,-2.084054732827641,-0.7496925819971905,-2.8854121727754207,-2.761207072091096,2.2623449208747504,3.353863200157928,-2.9305954259097073,1
0.004904094016293398,-0.23087648099586283,1.7280720791585935,1.0385308760612593,1,0,0,1,0,0,0.097548296545388,-0.5164175219283155,0.03486227566633282,-0.5043462029833221,-0.04788034002636778,-0.0073917749714784145,-0.44541468041839966,0.06676201186356877,0.21600050222029643,-0.1480664453884449,-0.1839561542950359,0.6779525390846819,0.47093761604976314,-0.5206250504951103,-0.8735928288422327,1.2230767089278392,-1.3067123926518487,-0.7805914523781506,-0.2947266082233409,1.2169526660865582,0.0991575396004445,-0.9667790749330342,0.9337942168095247,-1.0956854251135733,-0.5229436134352831,-1.2169526660865582,0.2947266082233402,-0.3417899945912644,-0.6347222057676005,0.8277217618533966,1.4031237942140713,0.700558833211691,-0.30852968182446,1.0847935651441794,1.397009073393778,0.9459245538203791,-0.05424950115312168,-1.0140677512169813,-0.5239847266707137,0.002351157259115363,-0.4315605721200442,-0.826093121566285,-0.5363722402842841,0.013711913318286572,-0.3944048900113141,0
-0.3034990542705592,-0.30817977891024867,-1.168717627632051,-0.4281154315628296,1,0,0,1,0,0,2.1922918392313786,-0.7210956935101674,0.9047986120480549,-0.6252839805609115,-0.3755808379364353,-0.07134033037117232,0.5708558675121304,1.6573734241792497,-1.5843331343586768,0.7784634093031583,-0.03849574868765256,-0.554190842035813,0.16420746363547922,0.35416502238970904,0.9245772809911568,-1.1303543538049563,-0.05453074918535234,-0.5660744624140627,-0.7768887630270574,0.01465860574169185,-0.4399114625755771,-1.3485758145904154,1.029939355526826,-1.1057256011376924,-0.5026151764328838,-0.01465860574169185,0.7768887630270568,0.6330479821981672,1.3165582532877582,1.0521294603223073,0.22305141570167913,0.19419985289313407,1.3297299961089997,0.8673023390697335,1.4892893554463265,1.1732985755799412,-0.3040534310604773,-1.1658209625447336,0.5981708917930423,1.078551680677623,0.49921072468027106,-0.15990635171348128,0.8629863402952329,0.9600881112561845,0.6571863078002155,0
-0.6633027272718879,-1.596568077483343,-1.168717627632051,-1.6014324776621007,1,0,0,0,1,0,0.1858808555743153,-0.5280469634954661,1.3525599616562942,-0.670418653532452,0.4882286678741941,0.11200867462095708,-0.16290239134348916,-0.8507904936017985,0.5613679946921943,1.1067166892580624,0.8304763618695707,-2.1541331986264445,-1.7067325002620732,-0.929001827818131,0.08192469914398987,1.0704016455113126,-0.14023469495229113,-0.68888205892904,-2.6457683209525884,-0.31393995325558455,-0.7017279396142225,1.2498070179557794,0.3082415699143305,-1.6341571707720846,-1.7522191943425574,0.31393995325558455,2.6457683209525875,-1.038102835155144,-0.3345252120667762,-1.2101427431615621,-0.5607922809744348,-0.5795621844475838,-2.135819322596396,-1.0357458890816678,0.2342775195316623,-0.4803306735805153,-0.7481493064513315,0.9045264205696022,-0.5331079430809875,-0.3051347065747432,-0.902990189979944,-1.0844104404888004,2.0271586048109658,2.001897203103787,-0.8981082368622139,0
-0.27779879191332196,-2.1634589288555044,0.27967722576327125,-1.161438585374874,1,0,0,1,0,0,-0.7605394197356201,0.4156822196788119,0.815246342126407,-0.6137109874912857,2.018456729325842,0.7939775346526579,2.37971999344705,-0.5411956277864929,1.3850568401133398,0.8199803325614228,1.641092031628572,-0.29229375608770847,-1.2788492971333942,2.4173811162482317,-1.472239399383426,2.0730942261370187,1.7446224181507082,2.335633169632282,0.3871222082195544,-0.7825969144484197,-0.8936398514733954,-0.7320491276279123,0.1898406687089554,0.6221971969972395,0.14679118085338944,0.7825969144484197,-0.3871222082195551,2.1927887450612573,-1.3852146900196616,-0.10933200607758836,0.9638267773955896,1.7246556473391115,-1.222174502210428,-1.2804235184154193,-1.5375038958772762,0.6358690696027934,-0.9424412519348303,-0.8623145398892288,-0.7429419205172992,-0.5422322401333817,-0.2792525417345383,-0.9847090191502859,-0.12479618717266176,-0.48731077970765985,-0.9511296417938885,1
0.8530127518051386,-0.9523739281967958,0.27967722576327125,2.9451710759725747,1,0,0,1,0,0,-0.5081606796529707,-0.07856904692509216,0.4954168066919504,-0.5720482124406329,0.9138049267018042,0.3816658697679181,-1.9503573956419915,0.04872144144256119,-1.0210786716180194,-0.5934501697119376,-0.944074870481568,0.5953480007155781,1.2055191795987472,-0.1840172878127426,-0.07340202723359703,0.4443807695867264,-0.09427806154672468,0.26564428105149734,1.1709575367826512,-0.34935776200978186,2.5281515298304025,-0.14040424693402764,1.8424085679564335,0.7082283810811023,1.4866935055865464,0.34935776200978186,-1.1709575367826521,-0.3139374809687093,-0.25947596364157,-0.5915053041391644,-0.28946177058654887,-0.3064697006802721,-0.49755964466293656,0.5954383064766764,0.06817301183707392,-0.6663639641110671,3.0821776187947867,0.27583454506891375,1.3189049882047215,2.232549832295058,2.479215119691851,-0.033013633646279864,-0.4540570296619595,-0.6543183440496418,1.4613442825972665,0
0.030604356373531493,-0.46278637473902035,-1.168717627632051,0.3052077222492148,1,0,0,1,0,0,0.5644489656982895,-0.5925903641931524,0.09882818275322415,-0.5136045974390228,-0.2693723275109699,-0.05881893490829519,1.3228247168655987,-1.1714510424301507,-0.7533422889925163,0.6325324066406104,0.7376715060096117,1.8869681474569484,0.0935183621070253,0.9286490957894041,-0.23852603178546106,-1.647686229459888,0.04231444145513127,-0.06060515082859915,0.3871222082195544,2.189656403056746,-0.9115247353513625,1.3689031769250026,-0.6259216121841381,-0.8125521979708913,-1.0181782199349214,-2.189656403056746,-0.3871222082195551,0.35452284597261524,-0.6347222057676005,-1.3829973217119373,-1.865762830935219,-1.7572735206941175,0.16404522527173035,-0.5463906304141645,-0.762349526635866,-1.3484860293897554,-0.6371253376036178,2.096873081001942,1.6473407789746017,1.0007540524786946,0.5669031826293847,1.331083085576127,-0.6186874509066087,0.5704037944582268,1.770635811365363,0
-1.100207187344929,-0.514321906681944,-0.8790386569529866,-0.8681093238500562,0,1,0,1,0,0,0.7411140837561441,-0.6129418869356661,0.6105554394483548,-0.5928795999659593,-0.0661881848843272,-0.013205280007814225,0.5993711804601831,-0.9485159795837607,0.7295271922236238,0.4429274686046269,1.2171248511125223,-0.38024214355876124,-1.5239978978781046,-0.04242737750379324,-0.6788898100720467,0.9481724321834618,-0.474243495675858,0.4329406066877323,-0.604544012877736,0.0809744588766144,-0.8758331524374056,0.6217710407663044,-0.044466258131691444,-1.0686181670473645,-1.159639678931303,-0.0809744588766144,0.6045440128777353,0.10385022336961848,-0.4846237089171882,0.6184767457134681,1.0542702808582185,0.785900234388976,0.3530751881102058,-0.30171300108041293,-0.04256332662598434,1.0079356506638961,-0.7203933142394032,0.8828473903799233,0.7532655707677065,0.6117659114840535,0.10997909147286698,0.1890486229713212,1.5215080252738291,1.739456744852101,0.2860364732784985,0
0.6988111776617119,-0.2566442469673251,-0.15484123025532542,-0.4281154315628296,1,0,0,1,0,0,-0.40720918361991093,-0.28499163474201683,0.46983044385719386,-0.570312263480189,0.7246738805195572,0.22157088492113197,-0.24442679632434328,-1.2881655834463348,1.0381032774869177,0.6077084609979413,1.296031161636547,-0.10376524057826104,-1.8022149821131999,-0.0053273528830079225,-1.3628312206235984,0.6021256051477909,0.5677562380984278,1.1506515080946358,0.3699083794759778,-0.5083940391827542,0.33455838206652694,0.4027932903563607,-0.814043792588735,-0.25799755782316114,-0.5615167429934995,0.5083940391827542,-0.36990837947597854,0.15955525061472892,-1.1600669447440433,0.6912576208925736,0.9250652759116064,1.1443341193335734,0.6051151385615076,-0.709509049969999,-0.9284540343304539,1.2559800380379649,0.8061862574166584,1.0346006017076752,1.74769615948762,0.9618552383792308,0.7869036709640054,1.6800380602609295,2.0153992890077768,1.8507951210800897,1.275769365336409,1
0.4161082917320974,-1.596568077483343,-0.15484123025532542,-1.6014324776621007,1,0,0,0,1,0,-0.7226826087232228,0.1772786675522229,1.3525599616562942,-0.670418653532452,1.934611416927231,0.6544534137805984,0.3773131962549737,-1.230106956416581,-0.40922640542413125,1.4962214308618171,1.650061140592563,0.2709934521637661,-2.0421698067886433,-0.009627885352904294,-0.46387642226236736,-0.44713161323014516,0.537953127561325,0.4493844134260788,0.6912331826893887,-0.31595390708670434,-0.5342832538168379,1.223659185473922,0.11010205529262006,-1.4878735122743925,-1.70642388197515,0.31595390708670434,-0.6912331826893894,0.0759977097470634,-0.3345252120667762,0.3728412919839863,0.07231224326396513,0.2909201075607231,0.7311351137871589,0.4323198869208419,0.12354118106860354,0.3258135853852078,-0.574674355126779,0.9587239960437993,-0.37345165590118506,-0.26345740575388904,-0.8123306480838095,-0.8974702754790853,2.056556894318939,2.03171998245057,-0.76555472453303,1
-0.27779879191332196,-0.10203765113855341,0.27967722576327125,0.3052077222492148,1,0,0,1,0,0,-0.7605394197356201,0.4156822196788119,0.12441454558798068,-0.5153405463994666,1.6686535790137,0.7179547764851896,0.981933574348142,-0.6731425495394314,2.5658062385038036,0.48409432461911495,1.6863788389290897,0.5332962971713131,-1.1573909855591353,2.384000724673529,-1.4650892302038745,2.2129985957805554,1.5376079027720868,2.1539135955766486,0.49320743187182114,0.23819541748766626,1.016662896225499,-0.5437849541155297,-1.2836929150640222,0.8706854743731702,-0.08949768182250982,-0.23819541748766626,-0.4932074318718218,2.137083717816147,-1.3852146900196616,-0.1548200530645294,0.9896677783849125,1.6563825263972836,-1.3796994712424915,-1.1988643086375024,-1.482135726645747,0.5118468759157585,1.0837461795359422,-0.4070549059059717,0.39746013076700454,-0.3607044410025493,-0.008482709938082702,0.7917890337905242,-0.04248097655033679,0.06938110143228039,0.34789477903211874,1
-0.4577006284139859,-0.9523739281967958,0.27967722576327125,2.9451710759725747,1,0,0,1,0,0,0.11016723354952047,-0.5187434102417455,0.4954168066919504,-0.5720482124406329,0.2164316517430805,0.043140999575132864,-2.3436797195509715,0.9314227267791162,-1.68708485144619,-0.8785978419474164,-1.6853606789113447,-1.8740538592536602,0.3991985674534655,-0.8937838594003422,1.3683415307967726,-0.5224931093652732,-0.5220180274622674,-0.6875443843785168,-2.224899449213141,-0.34935776200978186,2.365885400346888,0.09236758383556253,1.7812463237353,0.6693048618851146,1.5197981530605305,0.34935776200978186,2.224899449213141,-0.6203151308168162,2.067050737539819,1.619213779426171,1.0413497803635572,0.7517636739180628,1.3612349899154128,-0.8726274695258333,0.17890935030013266,1.938102103316653,2.8601296810993593,0.5034643620605421,1.2367960405122524,2.115853389996665,2.343830203793623,0.062155904904119784,-0.4540570296619595,-0.6543183440496418,1.3994859768436472,1
-0.5091011531284612,0.6967630939767645,-0.8790386569529866,-0.13478617003801185,1,0,0,1,0,0,0.6149247137148194,-0.5984050849767277,-0.42569225535928473,-0.28098743673954474,-0.8134578278347604,-0.2430623252906301,-0.9339657317927754,1.2084293536204629,-0.4135113881369039,-1.3880036377137224,-1.9940953155628558,-0.837469129601274,1.7143057270382307,-0.8875473819290565,0.38770596439506927,0.08558602232081766,-1.2401116935391283,-1.193380165393472,-0.35050866602642966,-0.7945777810288902,0.41187519893288915,-1.2702118878945778,0.6512896188445471,0.6454298408169391,1.4273181140691946,0.7945777810288902,0.350508666026429,-0.7595776989295921,0.5660657690356972,0.5638910893291381,0.5245297605771081,-0.03337721691295973,0.06953024385249205,1.0032343553662626,1.3416409041622488,0.20179139169817292,0.27882240539001907,-1.2416975682086098,-0.31415074923440073,0.054216242725068246,0.31305646532020776,0.062155904904119784,-0.6186874509066087,-0.9883334727336057,0.16231986177126023,0
0.4161082917320974,-0.30817977891024867,-0.15484123025532542,-0.4281154315628296,1,0,0,1,0,0,-0.7226826087232228,0.1772786675522229,0.9047986120480549,-0.6252839805609115,1.7858158244900784,0.6195723835625835,0.47376565650422536,0.6737641875545889,-0.856324514957794,1.2044696835581548,0.7554973876315793,0.6255580146923833,-0.5147316152581762,-0.029878692662390564,-0.4230610996866141,-0.4183396764996019,0.45056330857367427,0.43002829154126665,0.9245237932415912,-0.06374491962016399,-0.6886371157622904,-1.3485758145904154,0.7502332686308715,-1.1803899724983868,-0.5623446766600154,0.06374491962016399,-0.9245237932415918,0.02029268250195297,-0.3345252120667762,0.22727954162577424,-0.031051760693324323,0.15437386567706757,0.6366201323679207,0.5954383064766764,0.17890935030013266,0.139780294854656,-0.5538573609678327,-1.1658209625447336,0.5981708917930423,0.9229564242797662,0.3299795798074865,0.09387908442092041,1.1099319721622063,1.1827648637121608,0.6571863078002155,0
0.10770514344524394,1.1348151154916164,0.5693561964423357,0.3052077222492148,1,0,0,1,0,0,5.586785893343014,-0.7873835104429264,-0.19541498984647596,-0.4545823327839313,-1.5129646572030098,-0.25424214266819894,1.8555492305724774,0.7499428637092727,0.11500306766929545,-0.62999999374635,-0.8307400993449524,1.0143175565580018,2.532804686841766,2.3964012204415392,0.9257250362935668,-0.4764613241126813,-0.5182893153723246,-1.365827124027745,2.0646375835209034,-0.6642742475994289,-0.18573051065664162,-0.10194909641606735,-0.6360107271078147,0.33716253424191117,-0.25346153448761766,0.6642742475994289,-2.0646375835209043,1.5614651029500068,0.3159016076183434,-1.2222728890247456,-1.2412719736932594,-1.341945368297997,-1.2956861544253913,3.042214599814193,1.8584104836565227,-2.1339599227409716,0.029018475482663446,0.19995793940503753,0.9448531153834703,0.4302381123532211,0.549980068142106,0.7600658542737248,1.1922471827845313,0.9044189231421907,0.47161139053935697,1
-0.9717058755587404,-0.5658574386248675,0.27967722576327125,0.5985369837740325,1,0,0,1,0,0,0.7411140837561441,-0.6111974707005935,0.12441454558798068,-0.5188124443203543,-0.330240733023614,-0.06910436689565855,0.3453097373105692,0.7152717103250698,-0.6355588168826534,0.3329885987908033,-0.08748973683032835,0.868979717584973,0.7282088105770711,-0.3537314263191963,-0.29894592389946906,-0.5212874453141577,-0.3915313823146162,-1.0445422640933228,-0.6910894285371356,1.8705987732626375,-0.8336058687892437,-1.2812103337466254,0.3449865842538373,-0.8380819308419151,-0.9060512744582302,-1.8705987732626375,0.691089428537135,-0.5367575899491508,-0.5596729573423944,-0.9645072894320803,-1.051771299771562,-1.1257471519822078,-0.9071245641463012,0.02452383803125581,0.40038202722625016,-1.1624527388592034,-0.8869292675109735,-1.317574173872486,-0.7064490548762022,-0.4385020692014777,-0.7192535184037778,-1.016432198667086,-0.9479482933959068,-0.15329565102369538,-0.6418381130257917,1
0.9815140635913272,0.0010334127472937634,-0.4445202009343899,-0.4281154315628296,1,0,0,0,1,0,3.1008553035289164,-0.7513322415847593,0.46983044385719386,-0.5691549641732264,-0.7344913508946546,-0.13797204194148277,0.13710663162939554,0.6146579094273372,0.05759319742612305,-0.04470655485547814,0.08977021028204156,0.010590105734174612,-0.7087495140089897,-0.44653164916350896,0.5340664708158077,-0.5334431067809773,-0.8853842075608651,-1.374141285219573,0.3041828515459608,-0.2872412075127405,-0.6368192713483918,-0.3086212040644036,-0.6147907075228263,-0.8175361529166074,-1.45828718006695,0.2872412075127405,-0.30418285154596153,-0.4253475354589299,0.491016520610491,-1.6069330893092284e-4,-0.2765412700918884,-0.596630464683041,-0.2140147004052217,1.0847935651441794,1.009431888773073,-0.6663639641110671,-0.5816133531797613,-0.2553016945782196,0.12376363845877164,-0.21807545597118072,-0.5161761445564365,-0.2233527107470814,2.180029710252426,2.1848102497640536,-0.2706882785040748,0
-0.12359721776989524,-0.6689285025107157,0.5693561964423357,1.478524768348486,1,0,0,1,0,0,-0.29363875058271866,-0.37453833480907706,0.31631226684865466,-0.5471662773409375,0.48937803396390367,0.13481550207119755,-1.1777594206001876,1.5626564195058665,-0.8008479317474287,-1.5688330836222795,-1.9546716145065575,0.2405706251494756,2.124271671326608,0.09828814139511913,1.1703581809963395,-0.20265465576108732,0.026319110573927357,-0.4361455244340289,0.1039844044028122,0.22497917377587734,1.7359114969758598,-0.9723558430351267,0.891137566163866,2.1454898628203347,2.115357615015288,-0.22497917377587734,-0.10398440440281291,0.29881781872750485,1.4666567501381707,0.8186241524560076,0.5762117625557528,0.5640125913280355,0.29006520049738066,0.9216751455883455,0.954063719541543,0.5738579727592754,0.8616982418405155,-1.2416975682086098,-1.600524263083096,-0.996051737960463,-0.21156008378542468,-1.4922798914190887,-2.182676452730775,-2.3800631755834565,-0.9511296417938885,0
-0.4577006284139859,-1.8284779712265005,0.27967722576327125,1.7718540298733036,1,0,0,1,0,0,-0.10435469552073157,-0.4751330043649305,-0.2849672597681238,-0.38109382679180764,-0.17835789620136996,-0.07089313767606957,-1.1857658330005758,1.402658588849391,0.49375442721287,-0.43447333611652317,-0.48267184642438515,-0.3120490452522359,0.653443881268143,-0.8602206605838368,1.0653423460314146,-0.24183295865099969,-0.17017958821860346,-0.14560602975248316,-0.7279513648365089,0.29637562078413626,0.7893139071436294,-0.8579563573689538,-0.9179976440338493,0.41819828065057163,0.4853410915319238,-0.29637562078413626,0.7279513648365081,-0.5924626171942612,1.6918044954137887,1.5464329042470641,1.1576342848155081,1.0248561576853752,1.3297299961089997,-0.22015379130249568,0.12354118106860354,1.5040244254120325,0.7506742729928018,-0.7864379342253526,0.07814755640739948,-0.41256952646850126,-0.2284831982727022,1.0772976494417266,-1.277209135885205,-1.32234860141757,0.16231986177126023,0
0.6217103905899984,-1.132748289997029,3.176466932553916,1.0385308760612593,1,0,0,1,0,0,-0.571255364673633,0.02318856678747634,1.8131144926819118,-0.6953005886321474,1.501297053070809,0.5551766354677868,2.93093069005582,-0.4211950004131757,0.42407946534329904,3.4237229414130517,3.382407018883083,1.321208978292453,-2.9015904207470893,2.716618189284211,-1.4973687328057566,1.5013034833131822,1.3445070543098763,1.508049214499208,0.4073962731842086,1.3979208031972914,-1.3611175854893294,-0.9219277692464105,0.9289343797032891,-3.292038633745921,-2.9249782411997813,-1.3979208031972914,-0.40739627318420935,2.248493772306368,-1.4602639384448675,-0.4823339913705056,0.31780175266252825,0.8712416355662611,-1.3166894836296663,-1.1173050988595852,-1.3713993881826885,0.139780294854656,-1.4420491117495413,-1.317574173872486,-2.1296708148790127,-1.4628375071540325,-2.377718738157067,-2.285359379339093,-0.20711139779498602,0.5704037944582268,-2.3120123683735136,0
-1.8198145333475857,-1.0812127580541053,1.7280720791585935,-0.4281154315628296,1,0,0,1,0,0,-0.2684008765744537,-0.3855863042978702,-0.016310450003180245,-0.4950878085276215,0.24081507477323594,0.0860714983049973,0.6375509854604612,0.2645515124861743,-1.193167253619599,0.5267234476216383,0.24587833736621165,0.5766920260368986,-0.4291529666362095,0.7149289495858914,-0.922573409617021,-1.0079679947888698,0.4118541092030543,0.6020708749923386,-0.1602775458261487,0.9455004604204603,-0.17218158231918237,-1.2873190423369945,0.6181889803376291,-0.3031819117649207,0.26815114513784744,-0.9455004604204603,0.160277545826148,0.6609004958207222,-0.8598699510432187,-1.6069330893092284e-4,-0.5220307794904515,-0.34060626115118536,1.2037100208833493,-1.2804235184154193,-1.3713993881826885,0.07776919801113909,-0.22078545442469194,-1.2416975682086098,-0.22291858513165644,0.11904759955750843,-0.008482709938082702,-0.2233527107470814,-1.0302635040182315,-0.7656567202776299,0.16231986177126023,0
1.1871161624492292,0.15564000857606544,-1.6032360836506476,-2.6280848929989626,0,1,0,1,0,0,-0.1295925695289965,-0.4733885881298579,-0.06748317567269331,-0.4858294140719209,0.05570124632004049,0.01139031822283728,0.6615469673920651,-0.16148955839706,2.9036525398295316e-4,0.6057376780475823,1.3560127220812188,-0.269981598358766,-2.257445955964428,-0.5686735440061421,-0.24188044149482177,-0.02819156276998547,-0.3652580937118243,0.09760074934561083,-0.2682155254971324,-0.1022098070627286,-1.488109066692363,-0.02066102950779762,-0.028726740829373744,-1.180496197379528,-1.6675948154454878,0.1022098070627286,0.2682155254971317,-0.28608496734615396,0.19081952690966666,1.4190663726836301,1.183475285804831,0.9565830367435462,1.4557499713346498,-0.05703537174666111,0.06817301183707392,1.6280466190990672,-1.5253170883853264,-0.7105613285614767,-2.1114243820584635,-1.7999605626827215,-2.022333333924219,-2.0315739432046915,0.36909507656128593,0.3477270420022505,-2.559445591387991,0
-0.27779879191332196,-0.7462318004251005,-0.4445202009343899,-0.8681093238500562,1,0,0,1,0,0,0.48873534367349464,-0.5751462018424264,-0.2977604411855021,-0.37530733025699475,-0.5838501710892967,-0.15228220818477092,-0.8750069506566884,-0.8224679821580427,0.9791705780488309,-1.0044710753790835,-0.7699417054783062,-1.0432464968275927,0.35193850610547334,-0.9276003240301349,-1.686226555070851,0.7162915278479675,-0.8132154602545048,-0.5504876020138835,-0.663442976312604,-0.7648691281260978,0.28987115072931724,-0.5603616291243729,-0.6187550760056878,0.5506050899188931,0.4635179261110151,0.7648691281260978,0.6634429763126033,-1.0102503215325889,-1.685411683720486,-1.0099953364190213,-0.5349512799851129,-0.801449827508525,-1.1906695084040155,-0.46483142063624716,-0.2086678343205727,-0.9764194483286528,0.8894542340524437,0.04820472807728505,2.2221034128218906,1.4675398216722642,1.6499825098152057,2.377948009630533,1.0276167615398821,0.6817421706862145,1.770635811365363,0
-1.1516077120594044,-1.132748289997029,1.0038746524609323,1.0385308760612593,1,0,0,1,0,0,0.5896868397065544,-0.6001495012118003,1.8131144926819118,-0.6953005886321474,0.39350521369867963,0.07578606631763395,0.4012843666292938,0.8992375334864601,0.21136043559125803,0.6489490889359716,0.32531414244206797,-1.0299646599971544,-0.7110437326896742,-0.02427406208522376,-0.21590264727048644,0.4977382211127169,-0.7150824534527803,-0.6279057198934463,-1.4375436385994584,0.020989325180847843,-0.5822500369656135,-1.4505182679027,0.2112421144574723,-1.5857518725830677,-1.0359520412928231,-0.020989325180847843,1.4375436385994576,0.04814519612450831,-0.10937746679115769,0.3182556355996563,0.5374502610717695,0.20557870638343811,-0.30852968182446,-0.5463906304141645,0.12354118106860354,0.015758101167622184,-0.6556293324115703,-1.4440351833122795,-0.5939293858161508,-0.40392534555750975,-0.9674591975505289,-0.4348405741924158,0.34165667302051117,0.3848398340782469,-1.0748462533011267,0
-1.074506924987691,0.15564000857606544,-0.4445202009343899,-2.6280848929989626,1,0,0,1,0,0,-0.00340319948767178,-0.5001363037343045,-0.06748317567269331,-0.4858294140719209,-0.05245569924470622,-0.009180545751889433,1.0887401290467325,-0.8878911982764303,0.35207945864643225,0.8380297113936248,1.513571063477599,-1.2320870691310106,-2.4440600855465067,0.11093095936762486,-1.1912686829105592,0.5556078138514364,0.125134987923994,0.5334043735080792,-1.5678769133722459,-0.12541857881077315,-1.4030787447722906,0.025271718981427545,0.07702785560603613,-1.008042362946861,-1.4469509591306997,0.12541857881077315,1.5678769133722459,-0.09111737198826762,-1.2351161931692491,-0.7097742263052108,-0.3411437725651945,-0.27233314020935756,-0.5920746260821743,-1.5251011477491712,-1.149926711256571,-0.17027518936292965,-1.4420491117495413,-0.5588081172337243,-1.7464957256474865,-1.4498712357875443,-1.6669479296913718,-1.8095116865870906,0.5337254978059351,0.514734606344233,-2.1264374511126554,1
0.6217103905899984,-1.132748289997029,1.0038746524609323,1.0385308760612593,1,0,0,1,0,0,-0.5207796166571032,-0.0640322449661538,1.8131144926819118,-0.6953005886321474,1.386524200988977,0.48809773120237365,1.7218195491853256,-0.17307004784543145,-0.11201952383754189,1.2634975146460585,1.0995279112802778,0.5817095710184013,-0.9699062262257515,1.9844591572803578,-1.3772285063068925,0.5515361453509655,1.2615048661320114,1.2788965424310321,0.5174554829923397,0.28017642692511974,-0.411383789091796,-1.1421332120046068,0.7073750778968156,-0.4560169972808346,-0.1808465784351251,-0.28017642692511974,-0.5174554829923405,1.9978211497033713,-1.2351161931692491,0.30006041680488094,0.5503707615664309,1.0760609983917457,-0.05648973137315825,-0.8726274695258333,-1.149926711256571,0.38782468222872474,-0.4150773999081907,-1.0899443568808573,-0.11343998820836432,0.2616765845888761,0.05920974801103089,-0.5405845059150832,-0.20711139779498602,-0.09762646290970158,-0.20882997275045564,0
0.004904094016293398,-0.514321906681944,1.7280720791585935,-0.8681093238500562,1,0,0,1,0,0,0.059691485532990585,-0.5164175219283155,0.6873145279526244,-0.6044525930355851,0.339634599135981,0.06997256128129814,0.17412471252655282,-0.927455017302282,1.033138657122747,-0.10310443390071457,0.18820906400834742,-0.02039582676211257,-0.15390503578608114,-0.5697957784777204,-1.1323237461616582,1.5245300061737221,-1.446507919502313,-0.8083803973502386,-0.13280945780952072,0.10390132815818369,-0.8114578795897188,0.13862404587566682,0.1196704764545965,-1.295045053345618,-1.0339071204663177,-0.10390132815818369,0.13280945780952,-0.4253475354589299,-0.9349191994684248,0.6457695739056325,1.4031237942140713,0.6322857122698633,-0.5920746260821743,1.0847935651441794,1.2862727349307197,0.6358690696027934,-0.6371253376036178,0.4275877563966659,0.8718673841012752,0.806259981981374,0.17767154942198057,0.4428340591057229,1.1099319721622063,1.2941032399401495,0.2860364732784985,1
1.3670179989498932,-0.7719995663965628,0.5693561964423357,1.0385308760612593,1,0,0,1,0,0,1.4982503040040924,-0.6862073688087155,-0.3233468040202586,-0.3648916364943316,-0.987318437970733,-0.24574548146124664,0.5714916769009295,2.5275214485964166,-1.1088116172085396,-0.6523913255625404,-2.0183674721449996,-0.33955990423425614,1.7737836666836693,2.710905173166812,4.012294839432547,-1.2721752406825184,0.9303001742052784,-0.36887562050975303,0.02218903885575044,-0.4851260289008703,1.9140314190263037,0.5503263812540956,0.23736919735970596,1.8038083200139539,2.263841317669003,0.4851260289008703,-0.02218903885575115,1.8307060679680403,2.7424939733666744,-1.1828499149693978,-1.5556708190633497,-1.1940202729240363,-0.6865896075014126,0.02452383803125581,0.012804842605544792,-1.1624527388592034,1.1115021717478706,-0.02767187758659086,-1.3541974200056863,-1.047916823426415,-0.38079122865820925,-0.44541496736468245,-1.5241547677521787,-1.823371294443516,-0.5799798072721716,0
1.8296227213801723,-0.6689285025107157,-0.4445202009343899,-1.161438585374874,1,0,0,1,0,0,0.04707254852885811,-0.5158360498499579,0.17558727125749374,-0.5228629918947234,0.08477815035241429,0.007365583966912489,-0.5190883664754333,-1.1198458439629104,-0.2402194333046994,-0.38766573327083687,0.592062373014736,1.401714666759519,-0.76136189501223706,-1.2638326804587514,-1.0984610211902772,0.26901864301334744,-0.8122228960797279,-0.2947445802317782,0.39760879354609974,1.517428063553437,-0.5410017134321652,0.43660942777002515,0.5987258048955628,-0.28167492466184973,-1.0574707969638473,-1.517428063553436,-0.39760879354610046,-1.038102835155144,-0.7097714541928067,1.6556042170157228,1.5710903006446677,1.0931292786272029,1.2667200084961745,1.0847935651441794,0.954063719541543,1.5040244254120325,-0.6093693453916895,0.19995793940503753,-0.5331079430809875,-0.16621037050522874,-0.2623294272472596,-1.6508957890030895,0.06727263761276221,1.0343136954081773,-0.2500688432528684,0
0.030604356373531493,-0.23087648099586283,-1.168717627632051,1.0385308760612593,1,0,0,1,0,0,0.5770679027024219,-0.5984050849767277,0.022069094248954552,-0.510132699518135,-0.3301644066095384,-0.06597401802993927,0.2846870903144285,0.6868599474285186,-1.8909825992177,0.7500724324892215,0.17247348903630924,1.0742652367027408,-0.5597051558109059,0.8985655015635567,-0.1481954117155258,-1.6423062759304432,0.2558989474266681,-0.037438738289004285,0.6152054390719316,0.8550163918650944,0.5019717325535765,-1.0911957437578907,0.9346771375260324,-0.7595544498388513,-0.26077562388282055,-0.8550163918650944,-0.6152054390719323,0.605195468575612,-0.3345252120667762,-0.6278957417287164,-1.3101813096647865,-1.1598837124531223,0.7311351137871589,-0.46483142063624716,-0.762349526635866,-0.790386157798101,0.22331042096616224,-1.1658209625447336,-0.7520651369275744,-0.2051091846046925,-0.48232991558187904,-0.9847090191502859,-0.37174181903963527,0.013711913318286572,-0.5799798072721716,1
0.8530127518051386,0.1298722426046032,0.27967722576327125,-0.13478617003801185,1,0,0,1,0,0,-0.4576849316364408,-0.2152149853391127,0.6745213465352461,-0.6021379944216599,0.9012659350619028,0.299829606564114,0.6047872541283409,-0.8518426226775018,0.06364004663634601,1.2991542192673518,1.7979787127521596,1.4666898638829413,-0.7484270060601061,-0.01778405642546515,-0.06336156743616753,0.6231652210193587,0.16185680488689352,0.516071398443958,1.1709575367826512,0.8390486150612049,-0.8587410186567601,1.10570650565579,0.5392228735935773,-1.5945790987117021,-1.8336171088869277,-0.8390486150612049,-1.1709575367826521,-0.11896988561082296,-0.18442671521636386,-0.38226028799923456,-0.018131260198663828,0.0519641842643253,-0.4660546508565234,0.5954383064766764,0.06817301183707392,-0.35630847989348147,-0.7481493064513315,1.2297118734147854,0.4313463631480234,0.6580740235072247,-0.08101034345499072,-0.8124974732019421,0.8512270244920437,1.5247327335552667,0.42742688642962906,1
-2.0511168945627247,-0.4370186087675581,-0.4445202009343899,0.5985369837740325,0,1,0,1,0,0,0.45087853266109723,-0.5716573693722812,1.1222826961434853,-0.652480514274532,0.26415761659802806,0.06460624894006509,-0.06735247516522866,1.2477588727822053,-1.4438493828298724,0.7146023121347971,-0.43497499595168115,-0.7935672318067793,-0.04969135674881852,-0.8790522668207185,1.1160867108448485,-0.4675854790118625,-0.6829395742329696,-1.099947092714589,-2.10978895058541,1.0101319379600069,-0.7846834111920583,-0.5945170451454087,1.5039121629338528,-1.6425728127161137,-0.5083954506484132,-1.0101319379600069,2.1097889505854086,-0.6760201580619267,1.5417059985633763,1.1006500437750428,0.6537347655237203,0.32505666803163763,0.6051151385615076,-0.709509049969999,0.34501385799472056,1.3179911348814817,-0.7084978890057194,-0.5046105417595268,0.2097825360413585,0.9729691852647915,0.1607484349347019,-0.35930919439051084,-0.4422977138587703,0.013711913318286572,0.42742688642962906,1
-0.07219669305541997,-0.2824120129387873,0.27967722576327125,0.3052077222492148,1,0,0,1,0,0,0.3499270366280375,-0.5611908719618456,-0.7839013350458762,0.41628539570540807,-1.8225728208667882,-0.7533091904028731,-0.8599285434329393,0.5883900162392114,-2.5043936993024287,-0.14135082751936717,-1.428297671722618,-0.9049704235013879,0.780992254180614,1.1964285499405714,-0.5858322189456403,-1.3061938040870993,0.9114610869631673,-0.14433615827725849,-0.5252107151899527,-0.7133741297612556,2.391208882638272,-1.394457619219499,2.1109912803746984,1.094745060317595,1.715940759691959,0.7133741297612556,0.525210715189952,1.3293608227620468,-0.40957446049198204,0.5456958705343614,-0.26362076959722697,0.10316902497069583,0.8571550890128092,-0.22015379130249568,0.012804842605544792,0.6358690696027934,2.16622987580115,-1.317574173872486,-0.08607033897753999,1.0007540524786946,1.446905135967865,-1.238494455284687,-0.8656330827735822,-1.211010225189582,0.2860364732784985,0
0.05630461873076867,-0.6689285025107157,-0.4445202009343899,-1.161438585374874,0,1,0,1,0,0,-0.06649788450833415,-0.4809477251485058,0.17558727125749374,-0.5228629918947234,0.17537115978531664,0.03419714567307777,0.42999199328001864,-0.6081606432790465,0.5867246585959683,-0.05171853041730275,0.7186638874354703,0.9100013279163588,-0.6499158329610824,0.18951410884980674,-0.8329325085023932,1.205299475516326,-0.47061755706348896,0.12615931743824219,-0.05671543019588151,1.2973829492468847,-0.40855406923546056,3.060666497864089e-4,0.40913747056250976,-0.3967879156079387,-0.8111282323636747,-1.2973829492468847,0.056715430195880795,0.15955525061472892,-0.7848207026180125,-0.03655113089848297,0.5891322630504142,0.3591932285025509,-0.6235796198885869,0.18764225758709038,0.2342775195316623,0.139780294854656,-0.43093796688643543,-0.07102993796594885,-0.2072787855711867,0.028283699992091807,-0.129362099132929,-0.9937727847265145,0.2632612343325826,1.127095675598167,0.16231986177126023,0
0.030604356373531493,0.8513696898055362,-1.168717627632051,0.3052077222492148,1,0,0,1,0,0,0.5770679027024219,-0.5984050849767277,-0.4768649810287978,-0.2115494783217901,-0.8784494564712796,-0.29672544870296064,0.7251771019949872,-0.015345171736471677,-1.7786013261591298,0.27008520693486665,-0.3416228963049888,-0.39253371721110253,-0.5133740226178034,0.8067910692127286,-0.17471237050439478,-1.7317317393902711,0.2846266879959364,-0.11117186304867395,0.46715141202740545,-0.9986842558367333,-0.20224028286382886,-0.1539612876272019,0.6911842058417255,-0.08263673851856448,0.3355888100878232,0.9986842558367333,-0.4671514120274062,0.4659329004628361,-0.40957446049198204,-0.8007503202790929,-1.4781478160953823,-1.3134982345722352,0.5736101447550955,-0.46483142063624716,-0.7069813574043363,-0.9764194483286528,-0.27629743884854874,-0.2553016945782196,-0.350643614875499,0.04124997135858002,0.008440404549195996,-0.4771381468814831,0.6983559190505837,0.23638866577426285,-0.332546584257695,1
-0.5862019402001745,-2.060387864969657,-0.15484123025532542,-0.4281154315628296,0,1,0,0,1,0,0.22373766658671274,-0.534443156357399,0.44424408102243734,-0.56626171590582,0.11650849292030875,0.026594869856330937,-0.21371234281372928,-1.2449827325627008,0.18028986723441562,-1.048897358513718,-0.7484378212996214,0.7770615748437484,1.6032204697397787,-1.0779036835454539,-0.908437722357382,-0.1065551653263526,-1.6892084869510349,-1.5209478235768548,-0.3409010336930824,1.3979208031972914,-0.7798564450291875,0.7987249038402248,-0.35353995326776483,-0.25799755782316114,-0.511903698095394,-1.3979208031972914,0.34090103369308167,-0.9823978079100336,-0.7848207026180125,0.2909628074074919,0.188596747715916,-0.5112890635057554,0.06953024385249205,1.247911984700014,1.6184817503198954,0.07776919801113909,-0.5261013687559044,1.33810702436318,1.3918907194869166,0.9618552383792308,0.7869036709640054,0.9821281108913258,-0.5363722402842841,0.1250502895462747,1.5850608941045057,0
0.030604356373531493,-0.6689285025107157,-1.168717627632051,-1.161438585374874,1,0,0,1,0,0,0.5770679027024219,-0.5984050849767277,0.17558727125749374,-0.5228629918947234,-0.22461450269969405,-0.056135778737678665,0.8544806477663377,0.049857259421261124,-1.6299492245022846,0.4039939223927581,0.3106799010127178,1.386881940777642,-0.7098022302880851,0.8456778279950176,-0.10667336634876334,-1.621518176356313,0.2635161513654873,0.0034024261970701276,0.6912331826893887,1.20598490020106,-0.3431848196696331,-0.17529368989440208,0.5987258048955628,-0.2844716207869727,-0.40057728021153877,-1.20598490020106,-0.6912331826893894,0.605195468575612,-0.25947596364157,-0.5005292101652823,-1.2068173057074962,-1.05747403104038,0.8571550890128092,-0.22015379130249568,-0.5408768497097485,-0.6663639641110671,-0.4011994038022266,-0.27427084599418855,-0.350643614875499,-0.004131978424128287,-0.11425217548357307,-0.9371242498750855,-0.001323371239174659,0.7095767647432119,0.007674097387211866,0
2.4207287555966395,-2.060387864969657,-0.4445202009343899,-0.4281154315628296,1,0,0,0,1,0,0.2363566035908452,-0.5350246284357565,0.44424408102243734,-0.56626171590582,0.10871813978045095,0.026147677161228185,-0.15218248715270485,-0.40166651214779114,-0.15062590054017366,-0.73412614486743,-0.9599738350608906,0.19693500088503615,1.5300772103129217,-0.9734158583841326,0.025241288524456156,-0.3654140648046765,-1.1320854593214142,-1.6658678422032378,-0.22634303338338965,0.4930801176436278,-0.7610122033698992,0.5765860621462624,-0.1612952426946764,-0.13079950269214988,-0.37838271182113153,-0.4930801176436278,0.22634303338338893,-0.6760201580619267,0.641115017460903,1.892142061347817,1.3643622927300878,0.7517636739180628,0.7626401075935709,2.145063292257104,2.5597406272558936,1.069946747507413,-0.49834537654397587,1.1104772073715516,1.4375068015382888,1.1174504947770867,0.9899810448113461,0.8552353928241243,0.12214944469431245,0.4033962301162448,1.3376276710900281,1
2.4207287555966395,-0.6689285025107157,-0.4445202009343899,-1.161438585374874,1,0,0,1,0,0,0.2363566035908452,-0.5350246284357565,0.17558727125749374,-0.5228629918947234,-0.04303031893603087,-0.0073917749714784145,-0.6402328085411767,0.2696819458935621,-0.6067338334523019,-0.8363274084765603,-1.080505748586627,0.47912865139653577,0.8788707647783207,-1.021771510174939,0.022976869798223276,-0.4243816870228128,-1.2349146076508066,-1.687837648344523,-0.20321085986895027,0.8550163918650929,-0.13068274852923797,-0.3471292103924914,0.40296280778898486,-0.09469581229637845,-0.24313456069208092,-0.8550163918650929,0.20321085986894954,-0.7038726716844818,0.7161642658861095,2.1286799056799097,1.519408298666023,0.8371050750953478,1.0461850518512859,2.3081817118129377,2.725845134950482,1.2559800380379649,-0.2855494362525249,-0.5166544474204599,-0.6648877356738403,-0.37511140918753644,-0.38455192076649275,-0.9635602328057525,-0.024188707523153618,0.44669448753824004,-0.3875317449275787,0
-0.7661037767008384,-0.6689285025107157,1.0038746524609323,-1.161438585374874,1,0,0,1,0,0,-0.3062576875868511,-0.36930508610385926,0.17558727125749374,-0.5228629918947234,0.4210429899188468,0.12005814313280666,1.8652354311035315,0.45993666450303644,0.30886371027281445,1.377880450661688,1.9004494057695325,1.4896629341819527,-1.3854486971645883,2.487397239386792,0.2973011838531992,0.7644240869107902,2.007913125565743,2.5073689574350277,1.2514376093443502,0.7905619868667512,-0.10827725832662646,-0.33344770670295615,0.3459454476289591,0.12958468864705006,-0.022719536676986844,-0.7905619868667512,-1.251437609344351,1.4964759044973779,-0.25947596364157,-1.4648758062884317,-0.9225662948249498,-0.18699173903207253,-0.9386295579527137,-1.2804235184154193,-1.7589765728033937,-0.8523972546416179,-0.24854144663662048,-0.482931511569848,-0.5878472415426337,-0.3347718982695729,-0.2623294272472596,-0.826093121566285,-0.20711139779498602,0.18071947766026855,-0.2706882785040748,0
-0.9203053508442651,0.2587110724619126,-1.6032360836506476,-0.4281154315628296,1,0,0,1,0,0,-0.0412600105000692,-0.49257716671565654,-0.6943490651242283,0.06620235534922844,-1.0501833549600557,-0.42998887184358153,-0.4692842828817608,0.15435124801092318,0.22267695439179938,-0.6290056632643519,-0.41506670250808964,-0.912596066576726,0.051100797174480454,-0.9560108079610828,-0.04747677033754834,0.4910311514339617,-1.4738469640678256,-1.1636746901570034,-0.8293216896597884,-0.4221610355600758,-0.3026835159898043,-0.2594131181894247,0.18903209595169335,-0.6116953493975952,-0.5964948024850916,0.4221610355600758,0.8293216896597884,-0.9266927806649233,-0.10937746679115769,-0.19121049065408274,0.08523274375862654,-0.5112890635057554,-0.5605696322757617,0.2692014673650073,0.7879592118469556,-0.10826409251941274,-0.1375174777889068,-0.02767187758659086,0.7350191379471587,0.7284623537824456,0.4145951522438788,0.1890486229713212,1.1099319721622063,0.9600881112561845,0.2860364732784985,0
0.5703098658755232,-1.6738713753977288,-0.15484123025532542,-0.13478617003801185,1,0,0,1,0,0,0.13540510755778543,-0.5222322427118907,0.41865771818768077,-0.5633684676384135,0.16075047762443126,0.03374995297797501,0.12772421601666384,-0.9387528018058539,0.23033047394159728,-1.6537034930530226,-1.3040082664056891,-1.226564906469241,0.6437238179947439,-0.3613082950423894,-1.064214893366286,0.08574936138654206,-1.7345631554930163,-1.6794540939494578,-0.7433772838313556,-0.9356157016516281,-0.5386186227638974,0.22236056324129846,-0.22869963543812755,0.5140835981517609,0.055614567864481636,0.9356157016516281,0.7433772838313549,-0.28608496734615396,-0.9349191994684248,0.2909628074074919,0.29196075167320634,-0.4430159425639276,-0.2140147004052217,0.6769975162545934,1.2309045656991897,-0.046252995675895824,-0.859173275299045,-0.482931511569848,-1.9289600538529752,-1.7221629344837932,-1.4638705558440304,-1.4605567119022886,-0.28942660841731066,-0.7099875321636356,-2.064579145359036,0
-1.2287084991311177,0.3102466044048362,2.452269505856255,0.5985369837740325,1,0,0,0,1,0,1.3720609339627678,-0.6763223434766373,-0.38731271110714993,-0.30529072218575887,-1.0341758268028551,-0.2842040532400835,-1.315861950333954,0.4294493557455365,1.1895097214226091,-2.617508698972097,-2.4442212887732846,-1.7254454117812943,1.5314758149439487,-0.40588052820728004,0.03557193395657343,1.926344062687313,-2.1687848082297134,-1.2988805387848381,-0.7279513648365089,-1.6313284484388841,1.4241870321304952,-0.5537975356079431,0.3096903690912952,1.3855554939302612,1.9095033439614437,1.6313284484388841,0.7279513648365081,1.7471485271003746,3.568035706043941,10.725920786211764,11.506955181039151,8.500762900815543,4.795279314814395,4.673398795372537,6.103303458073771,9.441444821382225,1.2502821328075124,-0.5588081172337243,-0.14993285384946126,0.028283699992091807,0.5838262971166633,0.41111087958892223,-0.7010026615289333,-1.32234860141757,0.038603250264021984,1
-0.9717058755587404,1.830544796721088,-0.4445202009343899,-0.4281154315628296,1,0,0,1,0,0,-0.6217311126901629,0.029003287571051677,0.08603500133584588,-0.5107113491716163,0.9569281320945984,0.4169940926810357,1.4229876403934156,0.4456940179496586,-0.7679928990184779,0.9907699470401018,0.41577774594941924,-0.14378757304639594,-0.4298644669964997,0.855202430372738,-0.4902551563334803,-0.7304650923675924,0.7924881856360908,0.3503416041033112,0.33643704580791395,-0.529783266025729,-1.1241907614413682,-1.1028558801659314,0.31582504882820017,-0.5526485601602465,-0.19849104490391936,0.529783266025729,-0.33643704580791395,1.1622457410267157,-0.18442671521636386,1.0369667779933252,0.44700675760914055,0.76883195415352,1.2352150146897614,0.2692014673650073,0.12354118106860354,1.069946747507413,-0.8314172830871166,-0.6346847228976005,2.085255166667774,1.9732244049652974,1.5653669373788135,1.3945294446097283,1.439192814651505,1.2384340518261547,1.9562107286262216,1
-1.7941142709903475,0.4648532002336079,0.5693561964423357,-0.4281154315628296,1,0,0,1,0,0,0.29945128861150755,-0.5466540700029072,0.39307135535292426,-0.5604752193710071,0.04475746364098211,0.012731896308145543,0.46822675183763335,0.40030689705820277,-0.3611486994982328,0.22884253933510057,0.18722778887674435,0.3206140902417235,-0.013205797656094458,0.07028500059027822,0.03253819133395691,0.3243738140542526,-0.2638534111003922,-0.448750613850937,0.9750700921945687,-0.529783266025729,-0.5808527518862354,-0.5168377332441123,0.8196667714002871,-0.5707840327833208,-0.6815229274069757,0.529783266025729,-0.9750700921945695,0.18740776423728422,0.19081952690966666,0.5002078235474204,0.6020527635450756,0.4616029099152932,-0.2140147004052217,1.5741488238116832,1.1201682272361313,-0.17027518936292965,-0.49834537654397587,-0.4070549059059717,0.29710475025398503,0.6895635396829819,0.39767203775660004,-0.794369942049485,1.439192814651505,1.2384340518261547,-0.023255055489598248,1
-0.2263982671988458,0.05256894469021735,1.4383931084795292,-0.4281154315628296,1,0,0,0,1,0,0.7537330207602766,-0.6111974707005935,0.21396681550962854,-0.5309640870434614,-0.278208395179635,-0.059713320298500704,0.42365975142706863,0.8127173316360785,-0.8180917764578314,0.36252784752535494,-0.23082936296685044,0.7233495860700573,0.48813316319446537,0.7605712742909602,0.020889290103469245,-0.10031323662779722,0.23254087799183903,0.15252810145757503,0.5274811195133241,0.4634132099205562,0.17084465835238866,-1.094553610896482,1.0175537360153244,-0.25916817965489347,0.4490034808349345,-0.46341320992055685,-0.5274811195133248,0.9672781456688292,0.26586877533487285,0.764038496071679,0.5891322630504142,0.6664222727407777,0.6051151385615076,0.6769975162545934,0.4557501964577793,0.5738579727592754,0.05677446769459199,-1.0899443568808573,-0.3415203984652251,0.20981149912292413,0.09305597698558829,-0.5088613263982832,-0.6186874509066087,-0.48731077970765985,-0.023255055489598248,1
0.030604356373531493,-1.0296772261111817,1.7280720791585935,2.2118479221605303,1,0,0,0,1,0,0.021834674520593164,-0.5082769128313099,0.03486227566633282,-0.5043462029833221,0.0077818570063298165,-0.001131077240039849,-2.2838516143677903,-0.5877431671225152,0.834586609495733,-2.2404416616139544,-1.804760866412367,-1.1673322225520861,1.621344349296078,-0.5519991269160086,-1.1137240964111133,1.5797929154753405,-1.4023650655347741,-0.9116792265396372,-0.18804420001687264,-1.4056019766329109,2.6242002412837997,-0.3090084088490211,0.44663167140716453,1.6361309501567147,1.456200195488168,1.4056019766329109,0.18804420001687194,-0.4253475354589299,-0.9349191994684248,0.5456958705343614,1.338521291740765,0.59814915179895,-0.844114576533476,1.0032343553662626,1.2309045656991897,0.44983577907224165,3.5540294863975688,0.27583454506891375,1.9575301369239315,1.947291862232321,2.682292493539192,1.0772976494417266,0.12214944469431245,-0.48731077970765985,2.018069034379841,0
0.9558138012340891,1.6501704349208541,-0.15484123025532542,-0.8681093238500562,1,0,0,1,0,0,-0.5838743016777656,0.007488820671822913,-0.11865590134220637,-0.46731262516051963,0.6895747810880961,0.3669085108295272,-0.35007169885540224,0.41888561279248654,-0.6134653630477556,-0.26101211046479755,-0.5422729063150845,-0.4559818024291804,0.23035052703979803,-0.010255882578674392,-0.5789680476343689,-0.7715196188584794,0.24166163106524682,0.07795737116573877,0.4977080171176754,-1.1155255455628834,0.4765356619172184,-1.154931129803284,0.06332489061322384,0.5922380587656756,0.7810915363206516,1.1155255455628834,-0.49770801711767615,-0.03541234474315745,-0.5596729573423944,-0.07294156848803632,-0.4574282770171454,-0.34060626115118536,0.5421051509486824,0.02452383803125581,-0.2086678343205727,-0.35630847989348147,0.41760236644966076,-1.0899443568808573,-0.04957747333644305,-0.010615114107371936,0.22844089288381547,0.2207718024881207,0.12214944469431245,-0.3759724034796717,-0.08511336124321738,1
0.05630461873076867,1.0575118175772313,-1.168717627632051,-0.4281154315628296,1,0,0,1,0,0,0.5013542806776271,-0.5751462018424264,-0.24658771551598904,-0.41118360877283466,-0.5328122098051744,-0.12455626108840012,0.41118017309583,-0.35404291810198385,-0.7971935626804961,-0.9669267234335077,-0.8680295002013801,6.654731602514349e-4,0.2865115671364914,0.4735501111040848,-0.14086348761434037,-1.5015609280890672,-0.05816821633658928,-0.3621639471156691,0.2857518833962749,-0.28249761283093816,-0.09859034858052278,0.34482106641413934,-0.41913361641897234,1.2485770148466033,0.7748982579782856,0.28249761283093816,-0.2857518833962756,0.15955525061472892,-0.40957446049198204,-0.8917264142529749,-1.4393863146113988,-1.381771355514063,0.29006520049738066,-0.22015379130249568,-0.3747723420151606,-1.1004416420156866,-0.6093693453916895,-0.482931511569848,-2.1570404641098357,-1.981488361813554,-1.5146398993058652,-1.3653871733518879,-0.9479482933959068,-1.1553410370755877,-2.064579145359036,0
2.4207287555966395,-0.07626988516709207,-0.4445202009343899,-0.13478617003801185,1,0,0,1,0,0,-0.11697363252486404,-0.47106269981642773,-0.08027635709007157,-0.47252047204185127,0.033346089560772715,0.0028936570158849427,-0.35192744938013387,0.05192193535898465,-1.1689110484178644,-0.42964653399405445,-0.7641112945426685,-0.7667556427608747,0.29395295630562235,-1.0465430783764353,-0.10877654140236613,-0.2889740083187954,-1.1435011150539334,-1.4597899241062215,-0.06904425348519842,-0.9772859963810728,-0.5563298276457133,-0.18023443701350833,1.3075495521258778,-0.5534513824079415,-0.4318186298421465,0.9772859963810728,0.06904425348519772,-0.7595776989295921,0.491016520610491,1.9103372801425924,1.428964795203394,0.8029685146244333,0.9516700704320475,2.063504082479186,2.3382679503297763,1.13195784435093,-0.6648813298155464,-0.4070549059059717,-0.7703115697481222,-0.0495139282068366,-0.2623294272472596,-1.5874494299694895,1.0276167615398821,0.5704037944582268,-0.9511296417938885,0
0.13340540580248203,0.38754990231922204,-0.8790386569529866,1.0385308760612593,1,0,0,1,0,0,-0.5333985536612357,-0.06112488457436613,0.25234635976176334,-0.5355932842713117,0.8364650837510073,0.3669085108295272,-0.19666959292724945,0.5977241525395827,-0.26703615810258485,0.11420402904130918,0.22888399999340986,-0.080288898416333,-0.10843795765406054,0.2864650193265097,0.47793981155855303,-1.310155975172208,0.3110398712681563,0.5116502387422049,-0.3224700655433951,0.21031740340811067,0.5597063284307393,-0.3416055464325276,-0.9515330301970104,0.15413953659516955,0.20196646368713272,-0.21031740340811067,0.32247006554339436,0.18740776423728422,0.340918023760079,-0.2548937564358004,-0.8708842928463041,-0.71610842633123994,1.2352150146897614,-0.46483142063624716,-0.3747723420151606,0.38782468222872474,0.5841383197212315,-0.2553016945782196,0.23324223538206504,-0.30883935553659736,-0.2284831982727022,1.1407440084753266,-0.37174181903963527,-0.32030321536567735,0.16231986177126023,1
0.2619067175886707,-1.6738713753977288,-0.4445202009343899,-0.13478617003801185,1,0,0,1,0,0,-0.6722068607066928,0.06389161227250373,0.41865771818768077,-0.5633684676384135,1.3317307912091358,0.48452018964155164,0.2680514123721913,-0.289816192668806,0.02879023861048562,-0.6250722900571474,-0.21199835491840097,-0.29229375608770847,0.08511214490175195,-0.26634131022258956,-0.08671751613757711,-0.11696896264834462,-0.5788986088495753,-0.4865832237401889,0.3871222082195544,-0.7825969144484197,-0.638857112968875,0.3109101157223849,-0.1568997476770674,0.2704063865584503,-0.19944556802452354,0.7825969144484197,-0.3871222082195551,-0.11896988561082296,0.11577027848446049,0.6366719645082435,0.47284775859846334,0.20557870638343811,0.5106001571422693,0.9216751455883455,0.7879592118469556,0.2638024885416898,-0.8869292675109735,-0.3311783002420958,-1.682633210775566,-1.488770049887009,-1.311562525458524,-1.397110352868688,-0.12479618717266176,-0.48731077970765985,-1.8171459223445585,0
-0.9717058755587404,-0.2824120129387873,-0.4445202009343899,-0.4281154315628296,1,0,0,1,0,0,-0.6217311126901629,0.029003287571051677,0.5593827137788417,-0.5818852565498148,1.2238365509061004,0.4719987941786745,1.0060997946977066,0.49957658335351657,-0.7816881281049303,1.4821702765944231,0.9547284067986241,0.0035167240186532492,-1.1354040772283212,0.812406247642897,-0.3999476925758112,-0.6551161549881291,1.1079376165834447,0.6984580344229618,-0.030386078764458365,0.03493293508481349,-0.5872595053577327,-1.0863433574521493,0.4102653012248122,-0.9037044469865813,-0.5592853607947222,-0.03493293508481349,0.030386078764457654,0.9951306592913848,-0.18442671521636386,0.6912576208925736,0.21443774870523882,0.6664222727407777,1.0146800580448727,-0.5463906304141645,-0.5962450189412776,0.8219023601333442,-0.5538573609678327,-1.0140677512169813,0.014285041535478216,0.22277777048941236,-0.1607907403235886,-0.2233527107470814,0.4514102871836102,0.514734606344233,-0.1469716669968365,0
0.030604356373531493,-0.23087648099586283,0.27967722576327125,1.478524768348486,1,0,0,1,0,0,-0.43244705762817587,-0.2611512795293579,0.7512804350395157,-0.6056098923425476,0.8908991514023729,0.26718453982161294,-1.3178078795596637,-0.8332963480975832,1.017339586240087,-1.6455966702742728,-1.0243443410087418,-0.46724278800154034,1.021685365674595,-1.0761734076643303,-0.957228977513929,1.229939392762567,-2.0157621004532937,-1.1026934645799862,0.07674090437920666,-0.7133741297612556,0.7571441467546177,0.1847944128917639,-0.15476682064455793,0.22429974329877797,0.25513226526945626,0.7133741297612556,-0.07674090437920737,-0.9545452942874786,-0.7848207026180125,0.5184030423421971,1.1188727833315248,0.12023730520615308,-0.2140147004052217,1.4110304042558486,1.5077454118568363,0.015758101167622184,0.9449662184763004,0.4275877563966659,0.7350191379471587,0.533968283285125,0.600749411603942,0.7600658542737248,0.7806711296729086,0.45906541823023866,0.5953280020465953,0
-1.0231064002732158,0.9544407536913834,2.1625905351771904,-0.13478617003801185,0,1,0,1,0,0,0.04707254852885811,-0.509439856988025,-0.6047967952025805,0.010073338961543441,-0.8359652222306702,-0.3995797685765942,1.6937553481122525,0.4343669541580547,0.7230068679805095,1.0089247567100084,1.0625473004366244,0.7308421579686687,-0.552117856954067,2.3479880067006436,-0.07224568214456698,0.2113429838902304,1.7383906228255144,1.7396930066932699,1.1921218465220598,-0.18555039652161812,-0.009126091330314376,-0.6685564147108302,-0.7759952924327949,0.36076612808105,0.3171080874204113,0.18555039652161812,-1.1921218465220604,2.63842896302214,0.19081952690966666,0.8277217618533966,0.821701271954316,1.5710411252199985,0.7626401075935709,-0.5463906304141645,-1.0391903727935126,1.0079356506638961,-0.026493508941193386,-0.6346847228976005,-0.031331040515893936,-0.4255357978349895,-0.2623294272472596,0.728342674756924,-0.6186874509066087,-0.7656567202776299,-0.332546584257695,0
1.0586148506630406,-1.5708003115118816,-0.4445202009343899,1.7718540298733036,1,0,0,1,0,0,-0.23054406556205628,-0.415822852372462,-0.016310450003180245,-0.4962451078345841,0.19833084053262517,0.06371186354985958,-1.139001339234922,0.3072814177770851,-0.21080707437403903,-0.17139076473129586,0.09876797133593242,0.6526500620612493,0.5703772824513754,-0.11133957942523723,0.5773214271368469,-0.4719877842063277,1.057378768350856,0.7647990994207026,0.6912331826893887,0.2045801889163758,1.4725598926855392,0.15659454280345558,-0.18612187205086644,1.2800165525356755,0.6182742645247173,-0.2045801889163758,-0.6912331826893894,-0.5367575899491508,-0.18442671521636386,-1.8014873539917955,-1.710716824999284,-1.3134982345722352,-0.9701345517591269,-0.38327221085833024,-0.7069813574043363,-1.658541513607341,1.8054019770460803,0.5034643620605421,1.0360852794862145,0.7673611678819103,1.294597105582359,0.5380035976561225,-0.12479618717266176,-0.04195727479570725,1.3994859768436472,0
0.13340540580248203,-0.07626988516709207,-0.8790386569529866,-0.13478617003801185,1,0,0,1,0,0,-0.5333985536612357,-0.06112488457436613,-0.08027635709007157,-0.47252047204185127,0.6027541439129072,0.31816450706332694,0.7284696967810323,0.2837102071291785,-1.865779335847863,0.5846744561707452,0.7842913468640942,-0.6101122245882965,-1.0484001496175899,0.4025546499255473,0.46421040773268557,-1.3477568178214834,0.26428660890674566,0.6070857789687857,-0.11972941589683889,-0.7133741297612556,-0.6107269832437785,0.07563463297338602,1.1962172313431982,-0.5277953928757159,-0.4269160588448983,0.7133741297612556,0.11972941589683818,0.24311279148239442,0.26586877533487285,-0.4186507255887879,-1.0130097982875779,-0.8697229484503528,1.2352150146897614,-0.38327221085833024,-0.3747723420151606,0.20179139169817292,-0.6648813298155464,-0.1035484832504671,-0.5057382938501646,0.14498014229048395,-0.07617516788719629,-1.3653871733518879,0.7806711296729086,0.45906541823023866,-0.76555472453303,0
-1.2287084991311177,-1.6738713753977288,2.452269505856255,-0.13478617003801185,1,0,0,1,0,0,1.3720609339627678,-0.6763223434766373,0.41865771818768077,-0.5633684676384135,-0.37968226651564924,-0.08475611122425496,0.572120775418715,0.4227190429207729,1.4274697075220677,-1.4353822567122496,-0.3905801658925455,-1.3988579066808153,-0.5123963277996688,0.11105420824052935,0.6128692941434268,1.4479064256028626,-1.6565938938421962,-0.5084073938108873,-0.7989105922128035,-1.1155255455628834,-0.6845838088214695,0.03376385232416026,-0.4963925885334354,0.2964586779500379,0.011412478114362924,1.1155255455628834,0.7989105922128035,1.3293608227620468,2.4422969796658496,4.676010536948608,5.17590993865515,3.7216444348875815,2.589929748365507,1.0032343553662626,1.6738499195514247,3.860446105465684,-0.859173275299045,-0.4070549059059717,-1.308581337954314,-1.3202085221226638,-1.1423313805857394,-0.7309235830158842,0.12214944469431245,-0.3759724034796717,-1.6315710050837011,1
-1.7941142709903475,-0.2824120129387873,0.5693561964423357,-0.4281154315628296,1,0,0,1,0,0,0.29945128861150755,-0.5466540700029072,0.5593827137788417,-0.5818852565498148,0.12675425862610995,0.029278026026947467,0.8033123664260732,1.0440422870753998,-0.1767657876255092,0.7227713668301194,0.4259230836583666,1.2670404584921295,0.11743785705385575,0.6531837934777693,0.43100733996096857,0.2738722114381439,0.15455242997851984,0.10081064252429085,1.6429216439714627,0.0986623829151082,-0.4643718500935317,-1.0012071126355164,0.5168599137329625,-0.8231659433134259,-0.4552988975243516,-0.0986623829151082,-1.6429216439714633,0.8837206048011639,0.7161642658861095,0.8459169806481733,0.8733832739329616,0.9053781960371756,0.29006520049738066,1.6557080335896,0.8433273810784847,0.2638024885416898,-0.44283339212011924,-0.9381911455531051,-0.0039613912850709025,0.2616765845888761,-0.093098282374475,-0.28679906978068154,0.36909507656128593,0.45906541823023866,-0.1469716669968365,0
-0.27779879191332196,-1.235819353882877,-0.4445202009343899,2.505177183685348,1,0,0,1,0,0,0.5644489656982895,-0.5873571154879346,1.3781463244910508,-0.670418653532452,0.2883844995400652,0.06639501972047611,-0.79659583453359,-0.628252235388172,-0.9751845293210331,0.7267468240643391,-0.19091674503604686,0.12494597545920712,0.18471710996570687,-0.6044578308344609,-0.42493093429866235,0.14603530428463157,-0.23785909360767477,-0.0920431491808589,-0.07652239220166908,0.24630538521990228,0.5037187567512073,0.43660942777002604,1.4798613176719684,-1.217645079089003,0.15833889844889576,-0.24630538521990228,0.07652239220166766,-0.6760201580619267,-0.5596729573423944,-0.5915053041391644,-0.43158727602782254,-0.4942207832702994,-0.4660546508565234,-0.46483142063624716,-0.4855086804782194,-0.6663639641110671,1.0097302003041335,1.0851850054835932,1.7781068808551996,2.448654355069859,1.6274183571655012,1.0455744699249259,0.06727263761276221,0.1992758736982665,1.3994859768436472,0
-0.5862019402001745,1.3667250092347738,0.27967722576327125,-0.8681093238500562,0,1,0,1,0,0,-0.4576849316364408,-0.20649290416374969,0.2651395411791416,-0.536171933924793,0.6970980304882548,0.2555575297489413,0.20443558497046163,0.3475455828652272,1.914387737039248,0.5652159467373749,0.8864657538210716,0.16672572254811885,-0.858046184095869,-0.41227934994913634,-0.05960233873310871,2.775330802401519,-0.5182893153723246,0.3880265918913336,-0.5252107151899512,0.7482915930561997,-0.6962173261451232,-0.5367255340215374,0.17190763562980438,-1.2774970924491067,-0.7736164517491154,-0.7482915930561997,0.52521071518995055,-0.5646101035717058,-0.3345252120667762,-0.8644335860608106,0.5374502610717695,0.2909201075607231,-2.1043143287899837,-0.5463906304141645,-0.3747723420151606,-0.35630847989348147,-0.8314172830871166,-0.7864379342253526,-1.0805009276974533,-0.840456481562607,-1.2269469530221315,-0.7309235830158842,0.03983423407198747,0.45906541823023866,-0.76555472453303,1
-0.9203053508442651,0.5421564981479937,-0.4445202009343899,0.5985369837740325,1,0,0,1,0,0,-0.4198281206240434,-0.2617327516077154,1.5444576829169683,-0.6843062452160029,1.1340590955147345,0.32755555366048483,1.0657231912132463,-0.21808317163168064,-1.4029029727153672,1.0519976693485518,0.5334304332689308,-0.5621533609096587,-1.4033866874062668,0.21627671669475537,-1.3524522702967727,0.1070620923725573,-0.7839600517809371,-0.6865788930880946,-1.3361733137761789,0.5584902876836534,-1.2658128929503645,-1.0555309976259217,2.0254024390352896,-2.1985423496567953,-1.3637963458819344,-0.5584902876836534,1.3361733137761782,0.10385022336961848,-1.3101654415944555,-0.32767463161490584,-0.22485926811324272,-0.5112890635057554,-0.40304466324369825,-0.8726274695258333,-0.3747723420151606,-0.29429738304996345,-1.3032691506898992,-1.2416975682086098,-1.290334905133765,-0.23104172733766892,-1.057715808149347,-1.9681275841710915,0.36909507656128593,0.7374113588002092,-1.2604211705619852,0
0.8787130141623758,-0.1535731830814779,0.27967722576327125,-1.6014324776621007,1,0,0,1,0,0,-0.3945902466157784,-0.27917691395844146,-0.8094876978806327,0.749008946457149,-1.4391384806085974,-0.7935565329621211,0.6135117390696744,0.6343466763756538,-0.8474722188087846,0.02306887167435235,-0.11723314803696987,0.36167470801442586,0.48605481020354174,-0.13055224004841362,0.15651863246117342,0.615621658929859,-0.17798023847955627,0.01143542842141611,0.8989187262297652,-0.39825548305102343,-0.9835492677142681,-0.7138637909690605,1.7771633104970492,-0.20764671518114391,0.16357330418257102,0.39825548305102343,-0.8989187262297659,-0.14682239923337803,0.11577027848446049,-0.07294156848803632,0.2531992501892221,0.17144214591252482,-0.4660546508565234,1.0847935651441794,0.6772228733838963,-0.23228628620644656,-1.0257092285706153,-0.8623145398892288,-0.8068044353892204,0.13201387092399572,0.04228663352375219,-1.7143421480366898,0.03983423407198747,-0.15329565102369538,-0.6418381130257917,0
0.15910566815972013,0.026801178718756015,-2.617112481027373,-0.13478617003801185,1,0,0,0,1,0,0.059691485532990585,-0.5111842732230976,-0.5280377066983108,-0.09292629935812594,-0.6725942412019671,-0.3213210469336122,-0.23268799526753306,0.6231802109969209,-1.056384543300257,-0.4203916353010391,-0.7063664327955311,-0.5373550066746753,0.70264567793210575,-1.408340149091987,0.141874275453049,0.1465560527331587,-1.2380197630787766,-1.4989851947540307,-0.1934532884955867,-0.5410235229891278,-1.083638561333561,-0.7132078621716459,1.5913877589681191,-0.6596772268866988,-0.5451563312709127,0.5410235229891278,0.19345328849558602,-1.4558905394934718,-0.4846237089171882,-1.7832921351970188,-1.4523068151060594,-1.7572735206941175,-1.757759396919444,0.2692014673650073,0.40038202722625016,-2.0926191915119605,-0.859173275299045,-0.3311783002420958,1.4101371523074657,2.167718475462618,1.6838287387897632,-0.6992004034990842,1.7684536571408034,1.5724491805101195,0.904619530814692,1
-0.7404035143436003,-0.02473435322416849,-0.8790386569529866,0.3052077222492148,1,0,0,0,1,0,-0.33149556159511606,-0.3565127003799935,-0.3361399854376369,-0.35621189169211226,0.004954606457922606,0.001104886235473924,-0.7334814053737966,-0.9065195838208095,-0.44176941066128983,0.19791874777683796,-0.04326506965649227,0.16263046978543716,0.4040312375500442,0.23380584359946746,-0.7060723090420948,-0.6820152810189445,0.7106756999922701,0.6160115964325916,0.5335460107420674,-0.30735587342307225,1.253539793163746,0.5368988388635024,-0.08144600038423072,0.43731839924385246,0.6576621364898537,0.30735587342307225,-0.5335460107420681,0.8558680911786088,-0.10937746679115769,2.310632093627674,1.4935672976767,1.7758604880454831,2.558424754559094,0.8401159358104279,0.6218547041523672,2.0621242970036877,1.0837461795359422,0.4275877563966659,-0.17730250308028428,-0.1921429132382052,-0.008482709938082702,0.2524949820049213,-0.7833178721512579,-0.9883334727336057,-0.3944048900113141,0
-1.2287084991311177,-0.3339475448817109,-0.15484123025532542,-0.13478617003801185,1,0,0,1,0,0,-0.7353015457273552,0.2790362812647914,-0.4001058925245282,-0.27520094020473185,0.9787998169698778,0.4272795246683991,-0.07406991184583783,0.6244670440166489,0.05420899759744628,-0.07833852378114833,-0.37773205564564477,-1.390257875879182,0.1405257553452072,-0.005360962977562688,-0.08239613922077302,-0.06064275597396527,0.165863461131082,0.08702108839539108,-1.6656268694518341,-0.2441974779926877,0.09763940444233035,-0.9396432590184802,-0.13504563711662165,0.27029766047183307,0.5760293276687979,0.2441974779926877,1.6656268694518332,-0.03541234474315745,-0.10937746679115769,-0.09113678728281299,-0.10857476366129187,-0.03337721691295973,-0.05648973137315825,-1.2804235184154193,-0.762349526635866,0.2638024885416898,0.19555442875423396,-0.7864379342253526,0.44307621281837667,0.30057539868834077,0.39767203775660004,0.8235122133073248,-0.7010026615289333,-0.8769950965056176,0.47161139053935697,1
-0.2263982671988458,2.2428290522644785,-0.4445202009343899,-1.161438585374874,1,0,0,1,0,0,-0.6848257977108253,0.06389161227250373,-0.2593808969333673,-0.4025038639706153,0.887406956700477,0.3602006204029859,0.12494656175221758,0.27572336326698776,0.7335976909703383,1.7143067648802213,1.70707155509645,1.4362578404056745,-0.988096271761027,-0.5262956388083768,-1.0420863465458723,0.6352553345422002,0.7685256953094611,1.3945756472091488,1.8047472122866337,0.16895808102739213,-0.6996096367979844,-1.4223781947570064,-0.36448227180057924,-1.5538609175796196,-0.8577449397272956,-0.16895808102739213,-1.8047472122866342,-0.5367575899491508,-1.009968447893631,-0.20030810005147043,0.14983524623193267,0.4616029099152932,0.006520256239666901,0.5138790966987595,-0.26403600355210183,-0.046252995675895824,-0.9701972441467586,-1.6210805965279906,-1.9289600538529752,-1.7740280199497451,-2.1069489063606115,-0.9212626601166852,-0.20711139779498602,-0.15329565102369538,-1.940862533851798,0
-0.5605016778429365,-1.235819353882877,-1.168717627632051,-0.13478617003801185,1,0,0,0,1,0,-0.4955417426488382,-0.14543833593620858,-0.8350740607153893,2.6209405754691173,-1.7245911442326685,-2.137370581745899,0.5116604020303624,0.7261928382245438,-0.33905161203387624,0.6159817591795789,-0.04188966452953481,1.2492288885577867,0.4864246404689301,-0.009067444359982977,-0.21530625947638313,0.6526360864002344,0.304113337193275,0.7214896229831878,0.9345219622652575,0.7769517052683067,-0.7205363277844632,-1.2124115447997754,1.1193312387945502,-0.5305980374428743,0.7588528057576248,-0.7769517052683067,-0.9345219622652582,0.18740776423728422,0.04072103005925432,0.8186241524560076,1.06719078135288,1.1614023995690306,0.41608517572303205,0.4323198869208419,0.012804842605544792,0.7598912632898273,-0.7759052986632599,-1.2416975682086098,-0.6060936743631827,0.015317428625603584,-0.194636969298146,-0.28679906978068154,-1.1948939252628807,-1.0440026608476,-0.20882997275045564,0
-1.460010860346257,-0.5916252045963298,0.5693561964423357,0.3052077222492148,1,0,0,0,1,0,-0.6974447347149578,0.12785354089183248,-0.4768649810287978,-0.20286973351957077,0.6491508839205281,0.25511033705383857,0.2694257126047648,-0.057645052388722584,-2.603569788048398,0.6915385253211269,-0.2816998873231407,1.0718921821039211,0.516166645466758,0.27176339254905973,-0.5980181809230839,-0.6794889332400116,0.39936866356378814,0.0737722158275194,0.9454154897089528,0.5242815205937548,-0.10310023218132575,-0.5199618422280919,2.8763462721230617,-0.5382168029260832,0.43824786020271855,-0.5242815205937548,-0.9454154897089535,0.0759977097470634,-0.7097714541928067,-0.600602913536552,-0.8321227913623208,-0.6478353053894121,-0.05648973137315825,0.2692014673650073,-0.1532996650890431,-0.728375060954584,-0.3040534310604773,-0.7105613285614767,-0.8432973010303187,0.5987996401175653,0.3299795798074865,-2.0950203022382925,-0.7833178721512579,-0.6543183440496418,-0.45626319576493324,1
0.544609603518286,0.05256894469021735,0.5693561964423357,-1.161438585374874,1,0,0,1,0,0,1.5361071150164898,-0.6902776733572181,-0.7966945164632545,0.7171832155156781,-2.3988738927303954,-1.085126170169117,-0.07501941689567998,-0.4087667206468758,-0.31785713210696165,-1.0031276657520518,-0.6444952477736259,0.19579115442373562,1.1929595026526978,-1.3139808857285458,-1.2581369141676924,1.9389714490033247,-2.173607902308949,-1.2183914265518456,-0.47959406901947754,0.7426913412446393,-1.208597893486913,-0.69932878906693,2.383000660421829,-0.8001516282984861,-0.3516467004964889,-0.7426913412446393,0.4795940690194761,-1.3444804850032512,-1.3852146900196616,-1.264728399545891,-0.23777976860790415,-1.05747403104038,-1.7892643907258567,0.2692014673650073,0.5664865349208381,-1.2864749325462383,-1.2477571662660425,-0.9381911455531051,-1.1717330918001976,0.04124997135858002,-0.2792525417345383,-2.3488057383726932,-0.8656330827735822,-0.6543183440496418,-1.0748462533011267,0
0.15910566815972013,-0.1535731830814779,-2.617112481027373,-1.6014324776621007,1,0,0,1,0,0,0.059691485532990585,-0.5111842732230976,-0.8094876978806327,0.749008946457149,-1.9047588575256185,-0.97198641830812,-0.2581548391669568,0.7536777496899941,-0.9813412998784203,-0.42013077856502107,-0.9195085017565938,0.030266172869318927,1.284684139156457,-1.4403592570365988,-0.0376509106722797,0.4066205287300134,-1.0720030607292277,-1.208816351125134,0.18032674558006626,-0.13756642077256032,-1.0802194103483107,-1.0721642198764867,1.7501408491013175,-0.4954103073153093,0.015232196237808165,0.13756642077256032,-0.18032674558006695,-1.4837430531160272,-0.6347222057676005,-1.8560730103761243,-1.4135453136220761,-1.6719321195168326,-1.852274378338682,0.35076067714292497,0.2896456887631914,-2.1546302883554773,-1.1089772052064004,-1.1658209625447336,-0.8341740846200435,0.09311505682453199,-0.11002139686175369,-1.6191726094862895,-0.12479618717266176,-0.2089648391376897,-0.7036964187794109,0
-0.020796168340944693,-1.0554449920826439,0.27967722576327125,1.478524768348486,0,1,0,1,0,0,-0.3188766245909836,-0.36058300492849626,-0.7327286093763631,0.1645727964410475,-0.9401204706242328,-0.4044988882227245,0.5835971462023972,0.2596272268384732,-0.6130736542240076,-0.44374812903660676,-0.7026644482605593,0.018304311845230535,0.4831486505633532,1.4143718658859825,0.38279063733702196,-0.37242342116496674,0.6783840886247452,0.6830061971316702,-0.10705812529392912,0.13114384342216406,0.6017176652337832,0.027124740596113778,0.46384260152023776,1.272149143856447,1.5803208115376186,-0.13114384342216406,0.10705812529392841,1.217950768271826,0.26586877533487285,-0.2276009282436361,-0.37990527404917784,-0.10165033785478751,0.3215701943037938,-1.1173050988595852,-1.2052948804881005,-0.35630847989348147,0.5008703430854462,-0.02767187758659086,-0.14993285384946126,0.10608132819102022,0.6176725260912207,0.030432725387320277,-1.5241547677521787,-1.6563637301015341,0.22417816752487937,1
-1.2287084991311177,-0.4885541407104817,-0.15484123025532542,-0.13478617003801185,1,0,0,1,0,0,-0.7353015457273552,0.2790362812647914,-0.42569225535928473,-0.26362794713510607,0.9411737387828446,0.418335670766344,0.6705254656081892,0.7878669931276885,-1.302753600118634,0.6210552834635541,-0.055255274498125145,-1.2072406117037306,-0.33334454438836864,0.12706285065771836,0.13953510412427564,0.11102165554502198,0.4205579482505336,0.40259746338496566,-0.8773392119444982,-0.7763978591033001,-0.8054222790865174,-0.9415889694926779,1.8924738708012234,-0.4219875583967409,0.4648926267853583,0.7763978591033001,0.8773392119444975,0.10385022336961848,0.11577027848446049,-0.027453521501095285,0.03355074177998182,0.20557870638343811,-0.05648973137315825,-0.9541866793037505,-0.7069813574043363,0.3258135853852078,-0.6926373220274746,-0.7864379342253526,0.4521994292286506,1.4156747362063122,1.1253659607095745,-0.635754044465484,0.2044646553166367,-0.15329565102369538,0.5334696962929761,0
2.2408269190959764,-1.4934970135974959,-1.168717627632051,0.3052077222492148,1,0,0,1,0,0,-0.24316300256618875,-0.407100771197099,-0.822280879298011,2.088582894266332,-1.8225728208667882,-1.927190015047604,-0.5830198415504809,-0.9971664896942211,-0.7669738131133879,-1.3278829552877645,-0.9763433935598818,-0.3013376413197223,1.2782104931819958,-0.5592429299222245,-1.5381535947229008,-0.44755846147139844,-1.1482509857957846,-0.39919920672460174,0.23272740579640636,-0.6418048099999468,0.2519143357326511,-0.1722462038562311,0.5987258048955628,0.6552981828584509,0.8795539014420345,0.6418048099999468,-0.23272740579640636,-0.8709877534198129,-1.685411683720486,-1.8924634479656777,-1.77531932747259,-2.0132977242259726,-0.7180946013078251,-0.13859458152457876,-0.26403600355210183,-1.9065859009814097,0.27882240539001907,-0.1035484832504671,0.19674936974096682,0.4821031978191731,0.7361343275021692,-0.0647368131630805,-0.28942660841731066,-0.5986491559356475,0.5334696962929761,0
-0.09789695541265715,-0.2566442469673251,-0.15484123025532542,0.3052077222492148,1,0,0,1,0,0,-0.6595879237025604,0.05226217070535305,-0.7839013350458762,0.4278583887750338,-0.5690568034191699,-0.2904647509715221,-1.5101785764367086,1.140600988191917,-2.2669709158911036,-0.09506857234081405,-0.44818957252029007,0.37908947499110773,0.4600245270510684,0.25315165877747975,0.20357850816077355,-0.8617925120462085,1.001508977554417,1.2513815025746065,1.2405949430219954,-0.7133741297612556,2.352886227013304,-1.3615701713014001,2.2330068223449633,1.1215106663330767,1.8043988704108964,0.7133741297612556,-1.2405949430219962,0.35452284597261524,0.340918023760079,0.4456221671630917,-0.09565426316663046,0.3079883877961804,1.6762849279795395,0.10608304780917345,-0.4301405112466897,0.5118468759157585,2.0274499147415077,-1.317574173872486,-0.2776578835933038,0.8710913388138142,1.3284433345569153,-1.397110352868688,-0.8656330827735822,-1.211010225189582,0.10046155601764112,0
-0.14929748012713334,-0.02473435322416849,-1.6032360836506476,0.3052077222492148,1,0,0,0,1,0,-0.785777293743885,0.7500286647343941,-0.3361399854376369,-0.35621189169211226,1.5206937762658943,0.8521125850160159,-1.9811297468766773,-0.8881385542668984,1.545021557114852,-0.8059145870521446,-0.4278117433896767,0.6128791686307775,1.0193500528924953,-0.9421074107308757,-1.101848812876512,1.825063570776148,-0.1369204521059944,0.3514314951395307,0.8847583482611033,-0.04159846927444537,1.8134665147879716,0.11519008565896216,-0.2780833469343129,0.9529706373160856,0.8992806733128941,0.04159846927444466,-0.884758348261104,-0.9823978079100336,-1.1600669447440433,-0.7097742263052108,0.2531992501892221,0.18851042614798086,-1.6002344278873806,0.18764225758709038,-0.2086678343205727,-0.6663639641110671,1.3890620938671545,-0.1035484832504671,-0.6060936743631827,-0.6459624110652865,-0.2623294272472596,-0.033013633646279864,-1.277209135885205,-1.4336869776455579,-0.6418381130257917,0
-1.485711122703495,-0.4885541407104817,0.27967722576327125,-0.13478617003801185,1,0,0,1,0,0,-0.7983962307480176,2.096136526132086,-0.42569225535928473,-0.26362794713510607,1.5868312314013815,1.8158128429624523,0.9194251574813582,0.4536307291941819,-0.8600257739616223,0.9447011258068624,0.5841696886076893,0.5254520917330477,-0.3179019621910401,0.4355793019034738,-0.2907949039712032,0.776415005133459,0.9992689870650835,1.478769439165875,1.0928891867061536,-0.36726020632542794,-0.843257356580156,-0.9139343632446493,1.9559062470209903,-0.28537225174252256,0.6842813327642786,0.36726020632542794,-1.0928891867061543,0.49378541408539117,-0.18442671521636386,0.3091580262022686,0.6795757665130432,1.0931292786272029,0.1325402314653172,-0.46483142063624716,-0.9284540343304539,0.6358690696027934,-0.7481493064513315,-0.7864379342253526,0.32447439948480933,1.3249108366408955,1.1084428462222957,-0.667477223982284,-0.28942660841731066,-0.48731077970765985,0.5953280020465953,1
-1.2287084991311177,-0.2566442469673251,-0.15484123025532542,0.3052077222492148,0,1,0,1,0,0,-0.81101516775215,2.6310908382210174,-0.7839013350458762,0.4278583887750338,0.7118913981583822,1.6928348518091947,-2.148796916536857,0.13566209034790883,-0.5407701047797379,-1.3851981617731841,-0.8684345350258255,-1.2185425328718118,0.3082211843038441,-0.6842229750985086,-1.2136793984677217,1.2518952810901738,-0.6063421084641101,0.6847005272439222,-0.20509389995854704,-1.4585370472760366,2.304286885196147,-1.4020378546703771,1.9972848743146199,1.2700748955721552,1.7974842266624271,1.4585370472760366,0.20509389995854635,-0.6760201580619267,-1.1600669447440433,-0.17301527185930607,0.48576825909312477,0.20557870638343811,-0.11949971898598452,-0.709509049969999,-0.7069813574043363,0.07776919801113909,2.110717891377293,-1.317574173872486,-0.040454256926167845,0.9877877811122063,1.5145975939169787,-1.175048096251087,-0.4540570296619595,-1.0440026608476,0.2860364732784985,0
0.05630461873076867,-0.02473435322416849,-1.168717627632051,0.3052077222492148,1,0,0,0,1,0,-0.7731583567397526,0.7180477004247298,-0.3361399854376369,-0.35621189169211226,1.3738034736029834,0.82751698678536445,-2.309326452296509,-0.5543508779668466,1.8037790849185522,-1.371248917191003,-1.0036872350129609,-0.4494625808870055,0.9310275914040808,-1.2780299599212537,-0.6733577876155936,2.240211371293395,-0.9707186882662021,-0.4627192291143922,-0.6392523306161405,0.020989325180847843,1.9341821697715174,0.08630892738231671,-0.21463005305188673,0.8899207869015662,0.8530872958276087,-0.020989325180847843,0.6392523306161398,-1.2887754577581405,-0.8598699510432187,-0.9554096800346926,0.2015172482105774,-0.20406001926752979,-2.1043143287899837,-0.5463906304141645,-0.319404172783631,-0.8523972546416179,1.5278420549267964,-0.1035484832504671,-0.5331079430809875,-0.5551985114998699,-0.194636969298146,-0.033013633646279864,-1.1948939252628807,-1.32234860141757,-0.5799798072721716,0
0.5960101282327613,-0.46278637473902035,-0.15484123025532542,0.3052077222492148,1,0,0,1,0,0,0.13540510755778543,-0.5222322427118907,-0.06748317567269331,-0.4702058734279261,-0.15392957058072085,-0.03824807093356848,0.4908685515443075,-1.495170352068147,0.44571625723094344,-0.754704694491431,-0.6583791894172827,-0.22493709988200333,0.6559908905880034,-0.3497344757806164,-0.7394185722308392,0.22135016254270815,-1.5830397375547114,-1.5062387411078018,-1.2010128806784743,0.8843625762614299,-1.0320152373921498,1.3114349374592043,-0.3868734887905797,-0.550157752673807,-0.614623774110397,-0.8843625762614299,1.2010128806784734,-0.28608496734615396,-0.6347222057676005,0.23637715102316323,0.31780175266252825,-0.3576745413866426,-0.30852968182446,-0.05703537174666111,0.6218547041523672,-0.046252995675895824,-0.8314172830871166,1.793366658346437,1.1638103092300558,0.754394896515422,0.46536449570571364,0.9821281108913258,-0.20711139779498602,0.23638866577426285,0.9664778365683122,0
-1.8198145333475857,-2.1634589288555044,1.7280720791585935,-1.161438585374874,1,0,0,1,0,0,-0.2684008765744537,-0.3797715835142949,0.7512804350395157,-0.6021379944216599,0.6664749668314865,0.17327407385003446,1.2594614026357434,-0.1347772952171264,-0.8287496973668741,0.23654177843714314,0.6046515678147603,-0.6218749040798196,-1.3581654465294077,0.8904783600112123,-0.7670916852109781,-1.0327528239648105,0.5600455496164461,0.5548808680363465,-0.3979084468072301,-0.45352244570481864,-0.8615562539181678,-0.5834695433310544,0.09511160979774747,0.23577889793096254,-0.24434348271334444,0.45352244570481864,0.39790844680722937,0.7166055230658329,-0.7848207026180125,-0.30038180342274146,-0.7675202888890147,-0.5283573437412127,0.8256500952063961,-1.4435419379712537,-1.482135726645747,-0.23228628620644656,-0.9424412519348303,-0.7864379342253526,-0.934529465133063,-0.7496925819971905,-0.6177148314801074,-1.1116017372174867,-0.04248097655033679,-0.26463402725168356,-1.198562864808365,1
-0.7147032519863632,0.49062096620506923,-0.8790386569529866,-0.4281154315628296,1,0,0,1,0,0,-0.3188766245909836,-0.3565127003799935,0.44424408102243734,-0.5604752193710071,0.5886543163903507,0.1589639076067463,0.4186983602643822,-0.29769063590709494,-1.2970201842950617,0.6967237843907027,0.8007423205854672,-0.10372860407605311,-1.04957854311195,0.08474185529086023,-0.7380840485792143,-0.8648220928447907,0.4724600292777803,0.6198156911757147,0.48604987461335547,-0.6235317921885499,-0.4975371988720003,-0.33080665694010253,0.904007242180402,-0.472745606332679,-0.43587484879129507,0.6235317921885499,-0.4860498746133562,0.6330479821981672,-0.18442671521636386,2.1559727338720744,1.248077788278137,1.4174266031008858,2.873474692623221,0.9216751455883455,0.7325910426154264,2.1861464906907218,-0.38732140769626244,-0.17942508891434333,0.4613226456389258,0.8840576101803024,0.6176725260912207,-0.6040308649486834,1.6038232358961542,1.3497724280541432,0.34789477903211874,0
0.08200488108800677,0.4133176682906843,-0.4445202009343899,1.0385308760612593,0,1,0,1,0,0,0.2363566035908452,-0.5361875725924716,0.2651395411791416,-0.5355932842713117,0.011532734148776303,0.0015520789305766788,-0.17395045796777242,-0.6999560314500252,1.4920948308905937,0.0047414857190921315,0.22540812198290958,-0.20800539799677464,-0.12341390995946808,0.1717400947440965,-1.2158709751950596,1.095316330245843,-0.22899137837339756,0.4802567391909147,-0.7532939460423284,0.4634132099205562,0.41348302534432735,-0.25732123178179395,-0.9390563393072952,-0.23346937225512665,0.17583563327231602,-0.46341320992055685,0.7532939460423277,-0.007559831120602114,-1.2351161931692491,-0.5915053041391644,0.020630241285320403,-0.06751377738387422,-0.7495995951142377,-0.9541866793037505,-0.762349526635866,-0.23228628620644656,0.3620903820258042,-0.2553016945782196,-0.040454256926167845,-0.5162996974004062,-0.5669454880182719,1.1407440084753266,-0.6186874509066087,-0.48731077970765985,0.038603250264021984,1
0.31330724230314594,0.28447883843337485,-0.8790386569529866,1.0385308760612593,1,0,0,0,1,0,0.8673034537974689,-0.6251528005811743,-0.054689994255315046,-0.47425642100229515,-0.5129993634100525,-0.11427082910103677,-0.4613672326211603,-1.670077741732564,-0.48773255668669657,-0.19909123599971834,-0.23425211830644577,-0.514881588863385,0.07834375427784132,-0.5295615397698636,-0.9707258163207377,0.24881460333606878,-0.32159078937748387,-0.5137378037705899,0.06512235289855199,-0.7668246343931154,0.1124107169786682,1.3197822995102253,0.9167814248919629,-0.04992450624793686,-0.19702574791006844,0.7668246343931154,-0.0651223528985527,-0.7317251853070371,-1.1600669447440433,-1.2465331807511142,-0.9484072958142716,-1.0062691903340089,-1.2851844898232538,-0.05703537174666111,-0.09793149585751397,-1.534519319920306,0.11228645211844858,1.2622304186993043,0.06902433999712428,0.533968283285125,0.4822876101929924,-0.9529858396334858,0.8629863402952329,0.514734606344233,-0.332546584257695,1
0.18480593051695732,0.026801178718756015,-1.6032360836506476,1.7718540298733036,1,0,0,1,0,0,-0.1295925695289965,-0.4646665069544949,0.047655457083711085,-0.5031889036763596,0.14492774749677712,0.03151398950246124,-0.28308654424245466,1.395651134682538,-1.1628658270685466,0.13147061748778083,-0.43755344295864407,-0.7265194706351907,0.07620513107692668,-0.925448014641427,0.7830102726036684,0.10657233591967231,-0.8769356040237312,-1.1298732280000494,-1.1887255685786846,0.1880776393671132,-0.5310580211486858,-1.1311724798988134,1.6967714616408887,-1.047162656103903,-0.5342603897140753,-0.1880776393671132,1.188725568578684,-0.8988402670423681,0.641115017460903,-0.19121049065408274,-0.10857476366129187,-0.4430159425639276,-0.655084613695,-0.22015379130249568,0.40038202722625016,-0.6043528672675491,-0.38732140769626244,-0.9381911455531051,0.6437869738444144,1.4934723644052397,0.8884423578876751,-0.826093121566285,0.8629863402952329,1.0714264874841732,0.7190446135538346,0
-0.5348014154856993,-0.07626988516709207,0.5693561964423357,0.3052077222492148,1,0,0,1,0,0,0.1858808555743153,-0.5239766589469633,0.39307135535292426,-0.5529527738757504,0.11411388439591545,0.024358906380817166,-1.596879645143475,-0.4642045953552965,1.2003970286691406,-1.6145090925349173,-0.9757464075466408,-1.0544390559543677,0.6449133760825547,-0.8747846240980627,-1.2788808736312505,0.3241214482385394,-1.323494014267158,-1.3378752174996051,-2.0854322363830207,0.6301771912123648,1.3464255298066725,-0.6440194094351779,-1.3152721544027943,0.868743615463202,-0.0376566356739972,-0.6301771912123648,2.0854322363830198,-0.9266927806649233,-1.3101654415944555,-0.7188718357025985,-0.4574282770171454,-0.9209277891567239,-1.033144539371952,-0.9541866793037505,-0.04256332662598434,-0.790386157798101,1.4445740782910115,-0.482931511569848,0.48869229486974886,-0.30883935553659736,0.04228663352375219,0.9504049313745251,-0.4540570296619595,-0.2089648391376897,0.5953280020465953,0
0.23620645523143258,-1.5708003115118816,-0.8790386569529866,1.7718540298733036,1,0,0,1,0,0,0.4256406586528323,-0.5623538161185606,-0.24658771551598904,-0.39498141847535856,-0.4944551185974797,-0.12723941725901666,-0.8691304040572315,-0.20658995891314233,1.6341742726510387,-0.8474330379277555,-0.434205949489437,-0.6172757074772495,0.30706442505454723,-0.2149239173864053,-0.35444518928135005,1.6111957215361208,0.00737734688643582,0.23268332331677655,-0.2763926451691775,-0.567767582660665,0.9937975379402266,-0.07152420767937753,-0.6148746588554039,1.152142613307696,0.7916589770763258,0.567767582660665,0.2763926451691768,-0.09111737198826762,-0.18442671521636386,0.527500651739586,1.338521291740765,1.2808803612172301,-0.9701345517591269,-0.30171300108041293,-0.2086678343205727,0.5738579727592754,1.1392581639597994,0.12408133374116129,0.6072941082033162,0.1709126850234604,0.6345956405784983,0.9821281108913258,-0.37174181903963527,-0.6543183440496418,0.5334696962929761,0
-0.38059984134227254,-0.8493028643109486,-0.4445202009343899,-0.4281154315628296,1,0,0,1,0,0,0.1480240445619179,-0.5222322427118907,-0.438485436776663,-0.24048196099585453,-0.5775508200760066,-0.21578357088936206,-0.2297985510768366,1.3551282052929052,-1.1818957299527657,-0.9904931670630569,-1.7886731503801971,-1.4787799974388367,1.2335160907002647,-0.6347567849469574,0.275351651617797,-1.3374125786911455,-1.5428401062059272,-2.194492212778217,-1.1014209826064827,-0.924503623057108,-0.3147010212186265,-1.5841147497517991,0.271720394579556,-0.19176147172107627,0.18286817496119778,0.924503623057108,1.101420982606482,-0.5854994887886222,0.28463108744117427,0.09308980301429871,-0.6221646583240759,-1.1428154322176651,0.18767397062653962,0.5954383064766764,1.397009073393778,-0.4028168025261189,-0.5261013687559044,-1.6210805965279906,-1.0713777112871794,-0.7885913960966542,-0.8038690908401701,-0.6992004034990842,-0.12479618717266176,-0.5429799678216537,-1.198562864808365,0
-0.6633027272718879,-1.2873548858258006,1.4383931084795292,1.0385308760612593,1,0,0,1,0,0,0.07231042253712305,-0.5088583849096675,-0.1826218084290977,-0.4389587921399365,-0.21297911745761555,-0.052111044481753875,0.30808993185900074,-0.6757858417020598,1.3394123098839041,0.9726914492133304,1.5735457236388195,0.6848493790253041,-1.0134994447125019,2.155357015667076,-1.3916354287275925,1.1631221178145,1.9546048835705998,2.536959463026973,0.416552302523086,0.5209213695068188,1.725200784267051,-0.466572546837496,-0.6621959408551434,0.624109348751947,0.43116062990213827,-0.5209213695068188,-0.4165523025230867,1.1900982546492709,-1.535313186870074,-1.5740471190570904,-0.8579637923516437,-0.135786898325702,-1.2851844898232538,-1.85133798686084,-2.146553757424099,-0.9764194483286528,1.7776459848341521,-0.3311783002420958,0.39746013076700454,-0.02358138547386016,0.22844089288381547,0.886958572340925,-0.4540570296619595,-0.26463402725168356,0.7190446135538346,1
0.9558138012340891,0.15564000857606544,-1.8929150543297122,-2.6280848929989626,1,0,0,1,0,0,0.021834674520593164,-0.5030436641260921,-0.0035172685858019803,-0.49161591060673376,-0.021052408926189613,-0.00694458227637566,0.7846129691070848,0.0881952158397756,-0.4708627193170865,0.786053574799127,0.8004335979792507,-0.4264043695186456,-1.2838974642869134,-0.3786013407814717,-0.2883866480833062,-0.40201478036121674,0.014956607168270294,-0.04962319361197964,-0.5483077512256369,-0.037759751214519306,-1.4693174319261082,-0.4099501148336048,0.2396990271955265,-1.047076951963394,-1.0890502695719686,0.037759751214519306,0.5483077512256362,-0.09111737198826762,0.11577027848446049,1.3371878881071357,0.8863037744276221,0.8541733553308051,1.2982250023025865,0.18764225758709038,0.5111183656893089,1.5660355222555504,-1.46980510396147,-0.7864379342253526,-1.4454295841084306,-1.1257144516253432,-1.396178097894916,-1.4288335323854886,0.28677986593896093,0.29205785388825667,-1.7552876165909395,0
1.4441187860216065,0.33601437037629844,-0.8790386569529866,0.5985369837740325,1,0,0,0,1,0,-0.1800683175455264,-0.4350114309582606,-0.3745195296897717,-0.30529072218575887,-0.21777358262463475,-0.09861908477244036,-1.6902184083292944,-0.06411557152092018,0.5739120199356217,-1.1702800854909141,-1.5354367507425195,-0.5605421463619308,1.8073358421581123,-1.0973403467146434,-0.4263293051040012,0.8790349564344307,-0.5481475845983239,-0.5689013487023834,0.44932672572474713,-1.2101494081044426,1.2538402963895807,-0.3390867048452644,0.0987883999901054,1.0374391335702149,1.4407215361166035,1.2101494081044426,-0.44932672572474786,-1.038102835155144,-0.40957446049198204,-0.03655113089848297,0.42116575661981864,0.17144214591252482,-0.9386295579527137,1.166352774922097,1.009431888773073,-0.4803306735805153,1.1392581639597994,-0.3311783002420958,-0.040454256926167845,0.015317428625603584,0.43151826673115745,0.506280418139323,-0.5363722402842841,-1.0440026608476,0.038603250264021984,1
-0.020796168340944693,-1.1069805240255675,-0.8790386569529866,-0.8681093238500562,1,0,0,0,1,0,0.6780193987354818,-0.6007309732901579,0.712900890787381,-0.600402045461216,0.0049546064579223436,0.0019992716256794336,-0.679133960753102,0.2874141987422052,-1.4678711951975125,-0.17146787029580152,-0.8832529142161606,-0.309356861696942,0.5254983700171202,-1.1878267120082824,-0.2715515762631975,-1.2441112763211022,-0.7250521498753549,-0.8868853585321025,-0.7279513648365089,0.30004743805884815,-0.24251015052263022,-0.6665194155710878,0.7564172467425158,-0.4873072698618674,0.2824011122665228,-0.3000474380588474,0.7279513648365081,-1.0938078624002545,-0.18442671521636386,0.2454747604205509,-0.4574282770171454,-0.6990401460957827,0.9516700704320475,0.18764225758709038,0.6218547041523672,0.07776919801113909,-0.10976148557697851,-0.482931511569848,0.5799244589724931,0.9099901529132779,0.6345956405784983,0.37938770007212164,0.12214944469431245,0.29205785388825667,0.8427612250610729,0
-1.5628119097752085,-0.9266061622253344,-1.6032360836506476,-0.4281154315628296,0,1,0,1,0,0,1.220633689913178,-0.661785541517699,-0.4128990739419065,-0.2578414506002932,-1.0239949636563714,-0.30969403686094055,-0.5771860892929804,1.5548133074230328,-0.07166812687190635,-0.3072002248962485,-0.38354297233250534,1.4978403801413522,1.8266752956839463,-0.5011672102113334,1.0415627961065301,0.0014907461054815814,-1.5092411621764577,-1.602539575867017,0.15903897736717587,1.8851427108031094,0.3018309360591108,-1.0906153147739506,0.099470786399362,-1.0815300164474708,-1.0659433383952934,-1.8851427108031087,-0.15903897736717656,-0.6048415121376189,0.6494538228414815,-0.6865247800674406,-0.5808908372994638,-1.0954035426747288,-0.8756195703398886,1.501651748453534,1.550809543481361,-0.9626392045856501,0.16779843654230542,-1.0899443568808573,-0.3597668312857729,-0.2569742700706454,-0.6515610604546642,-0.5723076854318833,-1.0302635040182315,-0.26463402725168356,-0.332546584257695,0
0.004904094016293398,2.4232034140647105,-0.4445202009343899,-0.4281154315628296,1,0,0,1,0,0,-0.29363875058271866,-0.36930508610385926,-0.10586271992482811,-0.46615532585355707,0.19693766084339173,0.0762332590127367,-0.5743789529156529,0.23909349387831055,0.3431947045244984,-0.7235996450168599,-0.6673873768444383,-0.8529769724833679,0.21118358012807387,-1.7427562618025418,0.2070273234670181,0.1073991290713152,-1.9906905068558385,-2.149368941443776,-1.2315329784747313,0.05806055728129157,-0.9426536065592207,-0.12076789591204705,-0.3612328909914987,-0.9963981924978171,-1.2308041547619963,-0.05806055728129157,1.2315329784747306,-1.6508581348513582,0.04072103005925432,-0.4186507255887879,-0.3023822710812103,-1.040405750804923,-0.9386295579527137,0.4323198869208419,1.2862727349307197,-0.4803306735805153,-0.6926373220274746,0.35171115073279,1.492246099999936,1.0396528665781584,0.5161338391675497,0.8552353928241243,1.6861384465184783,1.9064643091940836,0.8427612250610729,0
0.2876069799459088,0.1298722426046032,-0.15484123025532542,-0.8681093238500562,1,0,0,1,0,0,3.5803749096859505,-0.7617987389951949,0.38027817393554597,-0.5465876276874562,-0.8560158227519523,-0.16346202556233977,1.0080441423243536,0.7796240675602607,-0.8813364196201995,0.8911360014184281,0.1317915066039098,-1.0115214544722535,-0.652180733104146,0.45592972302419904,-0.48409916618090093,-0.827548390092278,0.7376804318066411,0.18436778081553282,-1.2246659564705729,-0.16498583548630744,-0.9461503112274892,-1.5550184171762245,0.37321008698540165,-0.4723959579752195,0.008663840488279919,0.16498583548630744,1.2246659564705722,0.38237535959517033,-0.4846237089171882,-0.11842961547497735,-0.5220307794904515,-0.22112829950298704,0.3215701943037938,-0.9541866793037505,-0.5408768497097485,0.3258135853852078,-0.8314172830871166,-1.3934507795363622,0.4521994292286506,0.585833368751077,0.34690269429476517,0.3476645205553221,0.4514102871836102,0.4033962301162448,0.40975308478573785,1
-0.6376024649146498,-0.41125084279609675,0.5693561964423357,0.5985369837740325,1,0,0,1,0,0,-0.33149556159511606,-0.35534975622327847,0.6489349837004895,-0.5917223006589967,0.7008276560881125,0.18400669853250057,0.3056502361887385,-0.21030332334718055,-1.4191186018335606,0.7808681614825836,0.8118689865113303,1.1958942437543896,0.3247953661212518,-0.4476625747708603,-1.0164420325217833,-0.6363607752417759,0.1540939197473775,-0.15888830300103837,0.23506672098463585,1.3979208031972914,-0.8723132638359777,-0.7296014035849192,1.3005014607422831,-0.9021056156927303,-1.2105929473133619,-1.3979208031972914,-0.23506672098463727,-0.3417899945912644,-0.8598699510432187,0.43652455776570404,0.020630241285320403,0.08610074473523979,0.6366201323679207,0.8401159358104279,0.7879592118469556,0.44983577907224165,-0.9701972441467586,-0.9381911455531051,-1.0713777112871794,-0.3347718982695729,-0.6515610604546642,-2.1584666612718926,-0.9479482933959068,-0.4316415915936655,-1.0748462533011267,1
0.05630461873076867,-0.3339475448817109,-1.168717627632051,-0.13478617003801185,1,0,0,1,0,0,0.5392110916900246,-0.5751462018424264,-0.38731271110714993,-0.27520094020473185,-0.722522345572683,-0.22964654443754745,0.136378830633131,0.5967932160761238,-1.0230350153346328,-0.2807108349709873,-0.8179034489833443,-0.07987584274975419,1.141311928090295,0.3267470066207255,-0.040904570717149924,-1.600719833311417,-0.23785909360767243,-0.7765385192658041,0.02218903885575044,-0.13094794135889734,0.13684367524868551,-0.860094719196555,-0.2100459218074152,0.14336522251945383,0.30517581818473843,0.13094794135889734,-0.02218903885575115,-0.03541234474315745,-0.40957446049198204,-1.1464594773798444,-1.6719553235153006,-1.6548638392813753,-0.08799472517957138,0.02452383803125581,0.012804842605544792,-1.3484860293897554,0.1400424443303771,-0.7864379342253526,0.0872707728176734,-0.03654765684034838,0.025363519036474696,0.4428340591057229,-0.5363722402842841,-0.6543183440496418,0.10046155601764112,0
0.030604356373531493,1.1348151154916164,0.27967722576327125,0.3052077222492148,1,0,0,1,0,0,-0.40720918361991093,-0.2611512795293579,-0.15703544559434116,-0.4545823327839313,0.3053133394745985,0.15046724639979397,-0.6698081872476224,-0.5321478080751173,1.3900253910102482,-1.5370243803744865,-0.543741831070489,-0.22220873738182476,0.6764595071955498,-1.1121360610086888,-0.9672179002100567,1.3627903186673642,-1.8419821073029699,-0.9875534975483968,0.3169427525726682,-0.6174061782631385,-0.1798486589534401,-0.23854809269975671,-0.5307384323738653,0.24994285060371507,-0.25726276799174164,0.6174061782631385,-0.31694275257266885,-1.0659553487776992,-0.9349191994684248,-0.16391766246191838,0.5503707615664309,-0.27233314020935756,-0.7811045889206503,1.247911984700014,1.1755363964676604,-0.6043528672675491,0.029018475482663446,0.04820472807728505,0.9174834661526473,0.4691369264526849,0.549980068142106,0.6966194952401235,1.2745623934068555,1.0157572993701793,0.5334696962929761,0
1.0586148506630406,-0.9266061622253344,-0.4445202009343899,-1.6014324776621007,1,0,0,1,0,0,-0.21792512855792381,-0.407100771197099,-0.041896812837936774,-0.48756536303236475,0.1645013547668772,0.06371186354985958,0.7464736712645283,0.28919925732813784,-0.6217021583114317,1.8014265531397469,1.3876634167515944,0.7684345846979099,-0.49714413127921203,-0.08624041734257544,0.4681977423724626,-0.5049002563744873,0.6937047030499273,0.22072539446417613,-0.11623388745465664,1.1633324773130074,-1.1241602199461216,0.07209516362312951,0.3425116122960593,-1.745745346164553,-1.588535016949666,-1.1633324773130074,0.11623388745465593,-0.5646101035717058,-0.3345252120667762,-1.9925371513369474,-1.8786833314298803,-1.5865907183395476,-1.2851844898232538,-0.6279498401920818,-0.6516131881728072,-1.8445748041378918,-1.1089772052064004,-0.1035484832504671,-0.49661507743988936,-0.2569742700706454,-0.9054077777638412,-0.857816301083085,-0.04248097655033679,0.6260729825722207,-0.5799798072721716,0
-1.6142124344896835,1.8820803286640106,0.27967722576327125,0.3052077222492148,1,0,0,1,0,0,0.9430170758222637,-0.6327119375998222,0.20117363409225028,-0.5286494884295363,-0.3601337353850503,-0.07804822079771365,-0.9634351999248124,-0.4441555887826596,-0.012016984897878105,-0.8339865732208683,-0.5771472479467838,1.911701318747355,2.460768560888357,-1.0394362828857453,-0.45785098667039065,-0.7338938738050549,-1.1896742771491353,-1.3512893205005103,0.9153149533513734,1.699534365048511,0.30108761155328656,0.150952417013683,-0.7210649457919255,-0.05299859240267,-0.5689513256693346,-1.699534365048512,-0.915314953351374,-0.7595776989295921,0.06573744620098994,1.8405889414292815,1.0844181153457615,0.47867119015075044,1.5397632881517511,3.585942665000307,3.1503344323922065,0.5531876071447698,0.44535835866158957,0.35171115073279,0.6164173246135901,0.11904759955750843,0.09305597698558829,0.5697267771729232,-1.0302635040182315,-0.3759724034796717,0.40975308478573785,1
-0.4577006284139859,0.0010334127472937634,0.27967722576327125,-0.13478617003801185,1,0,0,1,0,0,-0.05387894750420167,-0.4751330043649305,-0.8478672421327675,2.852400436861633,-2.7280982677789236,-2.5698059179102626,-1.6745548750301091,2.50120455224343,-1.5170587738835117,-1.2152131077294903,-2.270642261968332,-0.02039582676211257,1.7393356135491211,-0.9841458712346722,1.5711144621020747,-0.4634642059952073,-0.3683979194985195,-0.6107872264536423,-0.16027754582615011,0.13114384342216406,1.3451623582141516,-1.8590737647997162,1.6081333349609799,1.276377438754027,2.3556313009099465,-0.13114384342216406,0.16027754582614942,-0.8152827261747027,1.9169522406894068,0.8914050276351143,0.48576825909312477,0.3079883877961804,0.7311351137871589,0.18764225758709038,0.2896456887631914,0.44983577907224165,1.4168180860790833,-1.6969572021918669,0.42482977999782756,1.234146937075479,1.7684443112261554,0.062155904904119784,-1.7711003996191523,-1.9347096706715041,1.3994859768436472,0
-1.0231064002732158,-0.10203765113855341,-0.4445202009343899,0.5985369837740325,1,0,0,1,0,0,-0.5207796166571032,-0.08729112810045517,-0.2977604411855021,-0.3700994833756632,0.36083319092182303,0.21888772875051543,0.3397848427420611,-1.5672320193660223,0.24445080149212944,0.31887337809710997,0.46183309196621797,0.8119084528971136,0.2663460461420629,0.7115222622397631,-0.9875717587985595,0.18686890034073733,0.16568683527316233,0.2442622280265379,1.116988546947158,-4.693472038239746e-4,0.23846556570587601,1.1617474225931026,-0.14638721151567258,-0.2664851321679427,-0.36193111439449926,4.693472038232714e-4,-1.1169885469471588,0.6330479821981672,-0.9349191994684248,-0.07294156848803632,0.03355074177998182,0.10316902497069583,-0.11949971898598452,1.0847935651441794,0.5664865349208381,-0.17027518936292965,0.3620903820258042,1.33810702436318,0.5434315933313949,0.37837302688726915,0.24536400737109418,0.3476645205553221,0.36909507656128593,0.4033962301162448,0.16231986177126023,0
-1.8198145333475857,0.6194597960623787,1.7280720791585935,1.0385308760612593,1,0,0,1,0,0,-0.2684008765744537,-0.3797715835142949,-0.5664172509504457,-0.026381589207777743,-0.45311471984441287,-0.2716826577772064,-0.5361515380781099,0.55025823652353,-0.9849705285189784,-0.06718285000968056,-0.1256809732506064,-0.288319863274489,-0.34087462349376957,1.0371940263427295,-0.7138179408227594,-0.7381663286994558,0.9374294361067419,1.0271542826480144,0.1590389773671773,-0.550966827225982,1.7818838153103753,-1.4703338414519294,0.6047017373398783,1.0202986781081027,1.1662076582192877,0.550966827225982,-0.15903897736717798,0.7723105503109431,-0.7848207026180125,-0.5005292101652823,-0.7804407893836761,-0.40887938209301433,0.5736101447550955,-1.4435419379712537,-1.648240234340335,-0.23228628620644656,1.8331579692580091,-1.317574173872486,0.39746013076700454,0.6636309969500054,1.0745966172477384,0.062155904904119784,-0.7010026615289333,-0.9883334727336057,0.40975308478573785,0
-0.1749977424843705,0.49062096620506923,-0.8790386569529866,-0.4281154315628296,1,0,0,1,0,0,-0.6469689866984278,0.049354810313565374,0.44424408102243734,-0.5604752193710071,1.2505663918349497,0.471104408788469,-0.383625588488749,-0.49375235413158636,0.32710250198654756,-0.5257172439646154,-0.4532122315674602,-1.4638710997659055,-0.45717525514648527,-0.9370654506986059,-1.1455651937820464,1.304015406930847,-1.1457244588054367,-0.8300087947128828,-1.118227115406131,-0.8875015469124753,-0.4028640379567752,-0.4699114617468166,0.863249646984779,-0.42587068080809976,-0.22114394238958016,0.8875015469124753,1.1182271154061303,-0.8431352397972577,-1.009968447893631,0.3091580262022686,0.9638267773955896,0.39332978897346543,-0.8756195703398886,-0.05703537174666111,0.5664865349208381,0.20179139169817292,-0.19302946221276363,-0.17942508891434333,0.9722227646142934,1.3249108366408955,1.0407503882731821,-0.0647368131630805,1.933084078385452,1.5167799923961247,0.7190446135538346,1
-1.460010860346257,0.0783367106616796,0.5693561964423357,-0.4281154315628296,1,0,0,0,1,0,-0.6974447347149578,0.1569271448097092,0.2267599969270068,-0.5309640870434614,1.3347161802600134,0.5310282299322381,-0.0539093459891621,0.2652482363430533,-1.3300637798501476,0.12830433479967113,-0.7737091420431678,1.2644487750016822,1.2486448174328224,0.10230081953915182,-0.8307400402487743,-0.6879758828098632,0.43943728995256426,-0.05154030781631057,0.8615353283924961,0.8700970699576539,0.1771800314066479,-1.1962786642271126,1.126892330372831,0.2624076156649133,0.9555406987321906,-0.8700970699576539,-0.8615353283924969,0.0759977097470634,-0.7848207026180125,-0.04564874029587195,-0.39282577454383927,-0.20406001926752979,0.2270552128845555,0.6769975162545934,0.2896456887631914,-0.17027518936292965,0.08453045990652028,-1.1658209625447336,-0.2594114507727547,0.3394742127878045,0.43151826673115745,-0.4771381468814831,-1.3595243465075295,-1.211010225189582,0.16231986177126023,1
0.8787130141623758,-0.2566442469673251,0.27967722576327125,0.3052077222492148,1,0,0,1,0,0,-0.38197130961164594,-0.27917691395844146,-0.7839013350458762,0.566734305610543,-1.1907743066096708,-0.6526908340047534,-2.237767092480782,0.9634166505881008,-1.2159950286313463,-1.546784733297234,-2.062732006094077,-1.9017570406965898,1.7167565543432235,-0.34150672198810206,0.10618339268007794,0.3335330473005723,-0.449120602934579,-0.42951346379139,0.14025565247345223,-2.732873630852038,2.770440122625877,-1.2159473960003315,1.9974744869462642,1.6442660825860855,2.2623163328326794,2.732873630852038,-0.14025565247345292,-0.3139374809687093,0.11577027848446049,0.06352257247278678,0.22735824919990022,0.03489590402886805,-0.34003467563087314,0.8401159358104279,0.8433273810784847,-0.10826409251941274,2.471545790132362,-1.1658209625447336,-0.15905607025973648,0.8710913388138142,1.5653669373788135,-1.1116017372174867,-0.37174181903963527,-1.32234860141757,0.10046155601764112,1
0.05630461873076867,-0.9523739281967958,-1.168717627632051,2.9451710759725747,1,0,0,1,0,0,-0.785777293743885,0.7820096290440585,0.31631226684865466,-0.5402224814991621,2.052724243301574,1.0189154602893435,-2.8024435008499347,-0.6534219502468177,0.5353683341994433,-1.337663453722326,-1.7045441485056392,-1.0832056034413902,1.3274138992759854,-1.4693342828568052,-0.8359929627215213,2.4676179792966795,-0.9648952812674815,-0.43530769916191603,-0.7703150826731027,-0.7133741297612556,2.4287244041778475,0.05936273504480064,1.7478516452264468,0.8503233832042434,1.7909976322888665,0.7133741297612556,0.7703150826731019,-1.4280380258709164,-0.9349191994684248,-0.7006766169078218,0.5632912620610914,0.12023730520615308,-2.135819322596396,-0.46483142063624716,-0.1532996650890431,-0.4803306735805153,3.3597375409140704,0.7310941790521709,2.021392651795853,2.8549308578864836,3.173062813670267,0.728342674756924,-0.7010026615289333,-1.0440026608476,2.203643951640699,1
-0.2006980048416086,-0.8493028643109486,-0.4445202009343899,-0.4281154315628296,1,0,0,1,0,0,-0.6722068607066928,0.06389161227250373,-0.438485436776663,-0.24048196099585453,0.6019235101655307,0.2349866657742146,-0.048495075544972746,0.25420567391601134,0.40692864307185944,0.9290298957321488,0.9512017300108458,0.9322229697263376,-0.1911954591919661,-0.5020016797164262,-0.9314277374172203,0.4826832755415421,0.9226243843551718,1.2879204175323773,2.001249688097911,-0.7133741297612541,-0.43416058042097105,-1.2819891254326812,-0.07123494514785737,-0.340200906987625,0.020794779314669862,0.7133741297612541,-2.001249688097912,-0.5367575899491508,-0.9349191994684248,-0.31857702221751816,-0.031051760693324323,0.3421249482670949,-0.15100471279239655,0.5954383064766764,-0.26403600355210183,-0.29429738304996345,-0.6371253376036178,-1.3934507795363622,-1.1534866589796486,-1.0090180093269512,-1.057715808149347,-0.5405845059150832,-0.20711139779498602,-0.5429799678216537,-1.3222794763156045,1
-0.6633027272718879,0.28447883843337485,1.4383931084795292,-0.4281154315628296,1,0,0,1,0,0,0.07231042253712305,-0.5088583849096675,-0.7071422465416066,0.06620235534922844,-1.1907743066096708,-0.44251026730645865,1.600222387007972,-0.9445643155598432,1.0820429696093914,1.6243989210442744,2.0556068203770184,0.11875073901710043,-1.9800289649671525,1.8107869721843515,-1.368421255619522,1.2867077608169952,1.6180669325340307,2.1850085293172103,0.6912331826893902,-0.5235948099447552,-0.4158311761120528,-0.07441020738924538,-0.18617177811241511,-0.5900106724568317,-0.539153990341577,0.5235948099447552,-0.6912331826893908,0.8837206048011639,-1.535313186870074,-1.6832184318257484,-0.9096457943302884,-0.3064697006802721,-1.5057194464681423,-1.6882195673050053,-2.0358174189610403,-1.2864749325462383,-0.27629743884854874,0.12408133374116129,0.6164173246135901,0.4172718409867329,0.1438253204474232,0.506280418139323,1.2745623934068555,1.0714264874841732,0.22417816752487937,1
0.3904080293748593,1.6501704349208541,-0.4445202009343899,-0.8681093238500562,1,0,0,1,0,0,-0.5586364276695006,-0.026236559872914074,-0.09306953850744984,-0.46731262516051963,0.6491508839205281,0.3409713345135674,-0.46828583772572546,-0.1664509170622081,0.9864226622104139,-0.2494050247398629,0.10545399665237717,0.20308384688592682,0.03765175820601115,-0.28931545601138403,-1.1582150712211077,1.4060776411051832,0.1999512758760158,0.6557293487834842,1.5307508023525969,-1.2411978630008902,0.3620822619523036,-0.9318153253378127,0.06449960310350643,0.5351983605660207,0.5030967213659717,1.2411978630008902,-1.5307508023525975,-0.28608496734615396,-1.0850176963188372,-0.03655113089848297,0.6924962670077037,0.7517636739180628,-0.844114576533476,0.758556726032511,0.06817301183707392,0.015758101167622184,0.44535835866158957,-0.7864379342253526,0.40658334717727845,0.37837302688726915,0.5838262971166633,0.31594134103852145,0.6983559190505837,0.1250502895462747,0.22417816752487937,1
-1.7941142709903475,-0.10203765113855341,0.5693561964423357,-0.8681093238500562,1,0,0,1,0,0,0.17326191857018283,-0.5233951868686059,-0.7711081536284979,0.37577991996171783,-1.614939811743614,-0.6929381765640014,0.02157943463478062,0.7075004734206566,0.7679413482148467,-1.0959788906698515,-1.162927794689693,1.162722696376668,1.9598528168111231,0.4697098565379887,0.45745550246807887,0.20449127873547773,-0.2561744014395388,-0.4483213821214546,1.147399644394143,0.44783808336594555,0.43932182506899187,-0.5127977231152064,-0.8443075351317327,1.2265786233331295,1.0741645176424899,-0.4478380833659462,-1.1473996443941437,0.5494904413305014,0.5660657690356972,0.381938901381374,0.4340862571144791,0.3079883877961804,-0.18250970659880966,1.3294711944779316,0.7879592118469556,-0.35630847989348147,0.22331042096616224,-0.6346847228976005,-0.5787240251323598,-0.892321567028559,-0.4146374576327655,0.47455723862252236,-1.6064699783745033,-1.6563637301015341,-0.2706882785040748,0
-0.14929748012713334,0.15564000857606544,-1.6032360836506476,-2.6280848929989626,1,0,0,1,0,0,-0.7731583567397526,0.7703801874769078,-0.0035172685858019803,-0.49161591060673376,1.69709691499192,0.972407419998657,0.33203452572152276,-0.3619831697580155,0.9113433366647037,0.3394070857753603,0.187272396487471,0.39050334075548676,-0.01312752885815616,-0.9610976575995518,-1.171750020965883,1.7089910843119756,-0.43720105847652,-0.11117186304867695,0.569588792901455,-0.032311248161722386,-1.422019545837516,-0.677000187660038,0.47153435385851483,-0.8920381617850432,-0.35200097369965927,0.032311248161722386,-0.5695887929014557,-1.0102503215325889,-1.2351161931692491,-0.8007503202790929,0.11107374474794844,-0.06751377738387422,-1.726254403113031,0.2692014673650073,0.012804842605544792,-0.728375060954584,-1.4420491117495413,-1.0140677512169813,-1.554908181031724,-1.1257144516253432,-1.3454087544330806,-1.175048096251087,-0.37174181903963527,-0.4316415915936655,-1.569712699330082,1
0.030604356373531493,1.4440283071491598,-0.15484123025532542,-0.8681093238500562,0,1,0,1,0,0,-0.5081606796529707,-0.09601320927581818,-0.19541498984647596,-0.4302790473377172,0.44498297934688336,0.2586878786146606,0.025796229878149713,-0.3328685553811646,0.45531149532510923,-0.596333820793889,-0.4892795710472795,0.05142547438159026,0.6355467620395026,-1.0744256473502087,-0.6065787168197319,1.3764124571204297,-0.9987873875309119,-0.9102344383357971,0.19034451885672046,-0.11864316273067908,-1.1094237328565144,-0.15078470397765767,0.7607357115598907,-0.1847719566915075,-0.25257936097631595,0.11864316273067908,-0.19034451885672118,-0.8709877534198129,-0.25947596364157,1.2280165753384769,1.8682618120218755,1.263812080981773,-0.655084613695,1.7372672433675176,1.784586258014483,0.7598912632898273,-1.0812212129944723,-0.2553016945782196,-0.3597668312857729,0.06718251409155555,-0.008482709938082702,-1.016432198667086,0.12214944469431245,0.06938110143228039,-0.7036964187794109,0
-0.9717058755587404,-1.1069805240255675,-0.4445202009343899,-0.8681093238500562,1,0,0,0,1,0,-0.6091121756860305,0.029003287571051677,0.712900890787381,-0.600402045461216,1.2537853574543922,0.48630896042196264,0.8282686651641007,0.2674621055372255,-1.2257433949525787,1.1542961724273655,0.2487105001815909,0.3573702077034266,-0.6696803957637135,0.7916551584252502,-0.12159550642800093,-0.8450665816221546,0.997475506307841,0.5605633364301773,0.13286549185952784,0.3556359628759853,-0.36071523469523065,-0.4889118426286146,0.8264218669271599,-0.5703000226002464,0.22394516215084784,-0.3556359628759853,-0.13286549185952856,1.07868820015905,0.19081952690966666,0.9914787310063841,0.3436427536518511,0.7517636739180628,1.3927399837218248,-0.38327221085833024,-0.4855086804782194,0.8839134569768611,-0.24854144663662048,-0.3311783002420958,0.4795690784594736,0.858125067447326,0.549980068142106,0.2524949820049213,0.28677986593896093,0.514734606344233,0.904619530814692,1
-0.9203053508442651,-1.0554449920826439,-0.4445202009343899,1.478524768348486,1,0,0,1,0,0,-0.3945902466157784,-0.2617327516077154,-0.7327286093763631,0.1645727964410475,-0.8359652222306702,-0.3284761300552562,-0.06291662020601312,-1.0609124437517405,-0.05946650664141045,-1.422195490348147,-1.4905424264295553,-0.7797735465282957,0.8174588089923545,0.32494947847295375,-1.0862928014229005,0.175731269643166,-1.1226857861288777,-0.9656359532374084,-2.0362621195869473,0.9560218637408522,0.4121727820840738,0.3679113419163649,0.25788568525091826,0.8080583475548452,0.9950225925635701,-0.9560218637408522,2.036262119586946,0.29881781872750485,-1.009968447893631,0.00893691608845806,0.09815324425328795,-0.3576745413866426,-0.24551969421163483,-1.1173050988595852,-0.319404172783631,0.015758101167622184,0.1400424443303771,0.04820472807728505,-0.7794347861583975,-0.5422322401333817,-0.21156008378542468,-0.44541496736468245,-1.6064699783745033,-1.4893561657595522,-0.2706882785040748,1
-1.4343105979890196,-0.6689285025107157,0.5693561964423357,-0.13478617003801185,1,0,0,1,0,0,0.19849979257844777,-0.5303728518088963,-0.5920036137852022,-0.0032356030685261974,-0.9080030200431533,-0.40539327361293004,0.48330787361173205,-0.06574828340123792,-1.4085361095093025,1.093858071299543,1.109174177549355,1.8961824661729816,-0.22115111929689715,-0.2424407875874727,-0.7169267200059347,0.4190082813352282,0.5924477686306228,1.2325541730989686,0.6912331826893887,1.9006100729493272,-0.9142953416399722,-0.6279598674833737,2.346578961675505,-0.8902706185745413,-0.23863150086258048,-1.9006100729493265,-0.6912331826893894,-0.20252742647848845,-0.6347222057676005,0.14540105704928116,0.3436427536518511,0.5810808715634928,0.4475901695294441,-0.38327221085833024,-0.7069813574043363,0.6978801664463103,-0.8036612908751883,-0.482931511569848,0.42482977999782756,1.6361013494366081,1.0915197317350172,-1.3653871733518879,-1.1125787146405561,-0.3759724034796717,0.7190446135538346,0
0.2876069799459088,-0.5658574386248675,-0.15484123025532542,-1.161438585374874,1,0,0,1,0,0,3.5803749096859505,-0.7617987389951949,-0.5152445252809326,-0.14211151990403548,-1.697869438267054,-0.4760497194391653,0.3446058584667063,-0.15906775084011307,-1.0948468023433806,0.4773303646276914,-0.33553854666090877,-1.1597173945911994,-0.3769855798961117,0.5584801676076422,-0.70777877338673,-0.8002827796987922,0.7680761755716927,0.11956353223391494,-0.8195116582252774,-0.7689345227338477,0.0788439682678032,-0.4907117576781663,0.6924852417681627,0.11676866002171327,0.552947062056397,0.7689345227338477,0.8195116582252766,0.5494904413305014,-0.6347222057676005,0.10901061945972781,-0.3282232720705331,-0.01630893667750248,0.3845801819166189,-0.709509049969999,-0.4301405112466897,0.44983577907224165,0.3343343898138759,-0.17942508891434333,1.0543317123067637,1.298978293907919,1.2776739910950803,0.5380035976561225,0.6983559190505837,0.3477270420022505,0.9664778365683122,0
1.2899172118781799,-0.2824120129387873,0.5693561964423357,-0.4281154315628296,1,0,0,1,0,0,-0.596493238681898,0.026095927179264008,0.3035190854312764,-0.5384865325387181,1.0198388757508952,0.4362233785704542,0.007169734599044341,0.2598975824498559,0.020671545067101782,-0.6619369135668056,-0.5251580766599674,1.5397604674868273,1.5248500072527993,-0.5800196592761866,-0.5568955642017055,0.48092176636005884,-0.8314559735148899,-0.3078057276747203,1.690454955947419,0.4234769879856554,-0.5895184998762484,-0.9146033392834233,0.4550213006659336,0.06977655506213656,0.38221883623080793,-0.4234769879856554,-1.6904549559474196,-0.3696425082138195,-0.25947596364157,1.0187715591985484,1.1447137843208466,0.700558833211691,0.6051151385615076,2.471300131368772,1.5631135810883663,0.2638024885416898,-0.7481493064513315,-1.0899443568808573,-1.0896241441077272,-0.723760039264214,-0.6515610604546642,-0.857816301083085,-1.0302635040182315,-0.9883334727336057,-0.8892713360402683,1
1.135715637734753,0.4133176682906843,0.27967722576327125,-0.13478617003801185,1,0,0,1,0,0,-0.14221150653312897,-0.45943325824927705,-0.7455217907937414,0.17903903777807972,-1.2028531254538701,-0.49170146376776175,-0.010858507728709334,0.036878138501357335,0.21184075602169855,-0.08142114987530177,-0.0483237880784651,0.013910178460266341,-0.14238229414036696,-0.05768299002977428,-0.24916648076612924,-0.20740236341699977,0.16520136648654285,-0.06633436513290698,0.9387653712113495,-0.9120842410985298,-0.04253714465765455,-0.30022591306359087,-0.49801278361540435,0.27380556773472686,-0.0019393054095813542,0.9120842410985298,-0.9387653712113503,0.10385022336961848,-0.03432821836595151,0.6821600114951846,0.459927258103802,0.512807750621665,0.4790951633358572,1.3294711944779316,0.8986955503100138,0.2638024885416898,-0.026493508941193386,-0.2553016945782196,0.0963939892279486,-0.17917664187171697,-0.0592520533999176,0.31594134103852145,1.2745623934068555,0.848749735028197,-0.1469716669968365,0
-0.9203053508442651,-0.9523739281967958,-1.6032360836506476,0.3052077222492148,1,0,0,1,0,0,-0.028641073495936725,-0.49257716671565654,-0.6431763394547153,0.03669122302168272,-0.8839580840772399,-0.40718204439334105,-1.9227000217398802,0.8557661648738928,-0.34725222309021764,-1.8679490213104255,-1.572053455622796,-1.557011799046113,0.8608157346290746,-1.1833850020868613,-0.1514806589821123,0.41315228734394893,-1.5741014660996666,-1.3170157190124736,-1.1676986894219978,-0.965469047129439,1.4911368332522807,-1.3263159165724672,0.8898836265086347,0.9626265492940801,0.7579369718387838,0.965469047129439,1.1676986894219978,-1.17736540326792,-0.3345252120667762,-0.6187981323313287,-0.3282232720705331,-0.9038595089212672,-0.844114576533476,-0.46483142063624716,0.06817301183707392,-0.790386157798101,1.7776459848341521,-1.0899443568808573,0.9266066825629212,1.298978293907919,1.6838287387897632,-0.28679906978068154,0.28677986593896093,-0.15329565102369538,1.1520527538291696,0
-2.0254166322054865,-0.02473435322416849,-0.4445202009343899,0.3052077222492148,0,1,0,0,1,0,0.24897554059497767,-0.5367690446708291,-0.4512786181940413,-0.23469546446104164,-0.6620802742757668,-0.2314353152179585,-1.5964904400186273,-0.26048438891219655,0.3005641246188663,-0.9558150575702377,-0.6728619886267291,0.02061626817761747,0.5842525784647141,-0.49971858476059594,0.1547692587742315,0.08930238844736833,-0.3871829870484344,-0.4687634885448475,-0.3593320018427697,0.3844992353771891,1.7206458978439265,0.5125674444357273,-0.32114093921167286,0.9073204565339638,0.41709723012566224,-0.38449923537718983,0.359332001842769,-0.20252742647848845,0.641115017460903,1.4554568102731822,1.2868392897621204,1.0419244379208312,0.7311351137871589,0.18764225758709038,0.40038202722625016,1.3179911348814817,1.4445740782910115,0.35171115073279,-0.31415074923440073,-0.4255357978349895,-0.0592520533999176,-0.1916295312302808,-1.1125787146405561,-1.0996718489615938,-0.332546584257695,1
-1.6142124344896835,-1.235819353882877,0.27967722576327125,-0.13478617003801185,1,0,0,0,1,0,0.9430170758222637,-0.6327119375998222,-0.8350740607153893,2.6498730581431817,-2.8126726142048026,-2.5344776949971446,-0.23572810523037246,0.27413602826947947,-1.6280766040163217,-0.32192955497312686,-1.0823648523201883,0.4004904732993165,1.7851945664571862,-1.0350580325679408,-0.7088227348996383,-0.6812663048776776,-0.9466576345428044,-0.6950554661170877,0.9953441571592244,-0.440948977121442,-0.7064321218439412,-1.0863433574521493,1.5410283232493158,-0.503783446017195,0.728540936785328,0.440948977121442,-0.9953441571592251,-0.8292089829859801,-0.3720498362793791,1.2189189659410893,0.6214335142870673,0.17997628603025284,1.5660174496570947,2.4305205264798135,1.9506907657090713,0.139780294854656,-0.6648813298155464,-1.0140677512169813,0.014285041535478216,0.806259981981374,0.5330569536548284,-0.2550758902638815,-0.20711139779498602,-0.4316415915936655,0.16231986177126023,0
-0.1749977424843705,0.6194597960623787,-0.8790386569529866,1.0385308760612593,1,0,0,1,0,0,-0.6469689866984278,0.049354810313565374,-0.5664172509504457,-0.026381589207777743,0.2700766546821054,0.05834555120862652,-1.9265973311134523,0.21573162526324088,0.7146527570570483,-1.4774442016903349,-1.1996431915685788,-0.9921993073465089,0.9148451981633133,-1.0300049391560386,-1.2378415318866263,1.4928723689378687,-1.302816451739622,-0.7805914523781506,-1.118227115406131,-0.2441974779926877,1.6498116884655845,-1.5361408990030787,0.5232384988140797,0.7040813076674297,0.7974992792729828,0.2441974779926877,1.1182271154061303,-0.8709877534198129,-1.009968447893631,0.8277217618533966,1.5581698001500064,0.8371050750953478,-0.5605696322757617,-0.05703537174666111,0.5664865349208381,0.5738579727592754,1.6666220159864384,-1.3934507795363622,0.31535118307453414,0.5469345546516133,0.8207498999385615,-0.033013633646279864,-0.7010026615289333,-0.8769950965056176,0.16231986177126023,0
-1.460010860346257,0.6452275620338409,0.5693561964423357,3.2385003374973924,1,0,0,1,0,0,-0.6974447347149578,0.1569271448097092,-0.6047967952025805,0.025696879605538233,0.3822424651090326,0.1008288572433882,-1.8065737864703815,0.3518234191169967,-1.6113565605678675,-0.38402668227158,-1.0863655270013393,0.057004450452573636,1.258963081837137,0.07148119602353241,-0.8819185134832471,-0.7245910080969384,0.4443675639002249,-0.21723374976218496,0.7976720237538321,-0.7133741297612556,2.5835079957985503,-1.3663752905655762,1.474634315213601,0.9594225421377436,1.200241915377464,0.7133741297612556,-0.7976720237538328,0.10385022336961848,-0.7848207026180125,0.17269388524144552,-0.23777976860790415,-0.05044549714841698,0.25856020669096863,0.9216751455883455,0.5664865349208381,0.015758101167622184,2.2494978524369347,-1.317574173872486,-0.25028823436248077,0.5210020119186368,0.9053654723749538,-1.1116017372174867,-0.7010026615289333,-1.0440026608476,0.16231986177126023,1
-0.5605016778429365,0.8771374557769975,0.27967722576327125,0.3052077222492148,0,1,0,1,0,0,-0.4576849316364408,-0.20649290416374969,-0.4001058925245282,-0.27520094020473185,0.10871813978045095,0.05387362425759897,0.11525978928333899,-0.2965053336351962,1.5560163198592711,-0.1536229455385961,0.5927676661987232,-0.7219613193409673,-0.8034126091326075,-0.1887959909605436,-0.5183782624960377,2.575021100226994,-0.5992371326814702,0.6121952688650131,-0.7046860443852642,-0.28577009270635834,-0.348914272385316,-0.11233708808144541,0.46052143553701236,-0.38665859458960355,-0.17293747152070713,0.28577009270635834,0.7046860443852634,-0.3139374809687093,-0.6347222057676005,-0.5733100853443877,0.7441782689863493,0.4445346296798359,-1.537224440274555,-0.709509049969999,-0.4855086804782194,-0.046252995675895824,-0.3318094232724056,-0.1035484832504671,0.014285041535478216,0.2487103132223888,0.0761328624983096,-0.28679906978068154,0.6160407084282594,0.514734606344233,-0.1469716669968365,0
0.05630461873076867,-0.07626988516709207,-1.168717627632051,0.3052077222492148,1,0,0,1,0,0,-0.785777293743885,0.7820096290440585,0.39307135535292426,-0.5529527738757504,2.094313471071948,1.028753699581604,-1.8788490188053428,-0.31836500630799863,2.879530047053789,-1.2607314192525252,-0.1285030064896624,-0.9843712288187978,-0.08812470985674116,-1.471445975619747,-0.9321066767208501,2.5458700218953485,-0.6684080957965223,-0.10410971309231412,-0.8195116582252774,-0.529783266025729,1.1423338155848977,-0.49679804434846975,-1.3780601899142408,1.0403847857518498,0.06541733047209077,0.529783266025729,0.8195116582252766,-1.4280380258709164,-1.009968447893631,-0.6733837887156574,0.6278937645343975,0.3079883877961804,-2.135819322596396,-0.709509049969999,-0.4301405112466897,-0.4183195767369984,1.1392581639597994,-0.4070549059059717,0.22411901897178985,-0.5422322401333817,-0.1269445113490324,0.7917890337905242,0.2044646553166367,-0.04195727479570725,0.16231986177126023,0
-0.6633027272718879,0.38754990231922204,1.4383931084795292,-0.4281154315628296,1,0,0,1,0,0,0.07231042253712305,-0.5088583849096675,-0.579210432367824,-0.023488340940371298,-0.7917689528053914,-0.3731953995655317,1.2274032460710183,-0.03188547041385835,-0.033794364555780734,0.9293436410743758,1.1387059225092468,-0.39550515970773886,-1.2742488865179578,1.6068977175586163,-1.2378415318866263,1.3868812167910707,1.499855202458146,2.3581157479107966,1.1921218465220598,-1.7217537992339922,-0.10114082608329449,-1.1962786642271126,1.4398799010260261,0.23174744154827773,0.8218675893631214,1.7217537992339922,-1.1921218465220604,0.8837206048011639,-1.3852146900196616,-1.3557044935197728,-0.5607922809744348,0.017827623793410803,-1.1591645145976028,-1.5251011477491712,-1.980449249729511,-0.9144083514851348,-0.16527347000083534,-1.1658209625447336,-0.2594114507727547,0.4950694691856613,0.5669031826293847,-0.857816301083085,0.6160407084282594,-0.15329565102369538,-0.20882997275045564,0
-0.09789695541265715,0.6967630939767645,-0.8790386569529866,-0.13478617003801185,1,0,0,1,0,0,-0.7479204827314877,0.37497917419378457,-0.4896581624461761,-0.19708323698475788,0.9243657493185123,0.44069530552148173,-0.195513562705586,0.02353757247428875,-0.7259051593818039,-0.05954710587702119,-0.4415419028992152,-0.3262171218612066,0.04292730688985547,0.2856596907867205,-0.5560984369348814,-0.6178424338769091,1.080795498058583,0.8422150641126152,0.19034451885672046,-0.6337026228571595,0.5572941654785603,-0.5893932633165248,0.37146460929259983,1.152142613307696,1.3962851849545908,0.6337026228571595,-0.19034451885672118,0.2152602778598393,-0.5596729573423944,-0.1548200530645294,-0.44450777652248397,-0.01630893667750248,0.4790951633358572,-0.8726274695258333,-1.0391903727935126,-0.046252995675895824,0.5008703430854462,-0.5588081172337243,-0.02220782410562002,0.1709126850234604,0.6345956405784983,0.12560226393772106,-0.6186874509066087,-0.9326642846196119,0.40975308478573785,1
-0.14929748012713334,1.4440283071491598,-1.6032360836506476,-0.8681093238500562,1,0,0,1,0,0,-0.7731583567397526,0.7703801874769078,-0.19541498984647596,-0.4302790473377172,1.530257293007627,0.9250049943177651,0.10506672154172268,-1.0507314036314739,0.48641134480325554,-0.19758450110492382,0.1752202587259772,0.19814613243229665,-0.5299030907138088,-0.9047974786146327,-1.2752508581452393,1.5217964081641693,-0.757535811869329,-0.45475753789216133,0.4407888507730546,-0.16692132358374867,-1.0501608136395937,0.16464351170162972,0.8643180254963093,-0.48423562972444223,-0.6717771423039623,0.16692132358374867,-0.4407888507730553,-0.9545452942874786,-1.3101654415944555,-0.7370670544973751,0.08523274375862654,-0.22112829950298704,-1.6002344278873806,0.10608304780917345,-0.09793149585751397,-0.9144083514851348,-0.9701972441467586,0.19995793940503753,0.14201007127932075,0.5728670973845897,0.3299795798074865,-0.9847090191502859,0.8629863402952329,0.848749735028197,-0.3944048900113141,0
0.4161082917320974,1.289421711320388,-0.15484123025532542,0.5985369837740325,1,0,0,1,0,0,-0.7226826087232228,0.1772786675522229,-0.6175899766199587,0.028590127872944675,0.48057419607602075,0.11424463809647085,0.5797075810305925,-0.07762830958794341,-0.5179068748686947,1.0442327962351736,0.5080897919410432,-1.1755461825039886,-1.5715067706546273,0.028986654532840696,-0.17745181214346026,-0.3393864180202945,0.5500162913501504,0.1514287152874201,0.569588792901455,-2.1682160163377318,-0.7771343794003444,-0.07122003879304636,0.36694542811950265,-0.8653044000519285,-0.5127009464409036,2.1682160163377318,-0.5695887929014557,-0.11896988561082296,-0.3345252120667762,-0.5460172571522233,-0.625394783447741,-0.3918111018575571,-0.34003467563087314,0.2692014673650073,0.012804842605544792,-0.6043528672675491,-0.49834537654397587,0.4275877563966659,1.5561086148718575,1.5453374498711925,1.0238272737859035,0.886958572340925,4.155594765188216,2.741502130903994,0.40975308478573785,1
-0.9460056132015023,-0.10203765113855341,0.27967722576327125,-0.13478617003801185,1,0,0,1,0,0,-0.6217311126901629,0.034236536276269484,-0.68155588370685,0.05462936227960266,-0.13910844565658162,-0.01588843617843075,0.7928423009506739,-1.0509347249956957,1.238174091427968,0.024103848849758594,-0.24509866311964124,-0.39622739354310305,-0.11918464572139681,1.1893218674879507,-1.4486715759004003,0.8142141910539225,1.0320716255677669,0.9393284211712547,0.6225629626478131,-1.1578572735420007,0.0858898772484053,-0.008806491388392814,-0.8744187225676823,0.9908218122698252,1.2357116438304596,1.1578572735420007,-0.6225629626478137,1.4129183636297125,-1.2351161931692491,0.7731361054690666,1.1188727833315248,1.5539728449845414,-0.18250970659880966,-0.13859458152457876,-0.4301405112466897,1.13195784435093,0.05677446769459199,-0.02767187758659086,-0.04957747333644305,-0.4903671546674297,-0.093098282374475,1.267636726542527,-0.20711139779498602,-0.7099875321636356,-0.023255055489598248,1
-2.0254166322054865,-1.235819353882877,-0.4445202009343899,-0.13478617003801185,0,1,0,0,1,0,0.24897554059497767,-0.5367690446708291,-0.8350740607153893,2.6498730581431817,-2.4872120971358442,-2.4606909003051904,0.1904094745133935,0.7303665374613192,-0.769323165402446,0.1697772642975449,-0.5910785093218942,-0.057847573801476926,0.06378094962038484,-0.5627077908980387,-0.004694104489061589,0.49517346863815614,-0.3030989034713166,-0.12846223298633766,0.1590389773671773,-0.2366301126415829,-0.8270200038730735,-1.007153444564823,1.5492921212178261,-0.5299058152160068,0.6430126433924531,0.2366301126415829,-0.15903897736717798,-0.2582324537235989,0.491016520610491,1.5373352948496766,1.609851802128651,1.3832900426299712,0.6681251261743327,0.18764225758709038,0.12354118106860354,1.3179911348814817,-0.7759052986632599,-0.9381911455531051,0.023408257945752128,0.8192262533478623,0.5330569536548284,-0.3185222492974822,-0.28942660841731066,-0.4316415915936655,0.22417816752487937,0
0.6217103905899984,0.0010334127472937634,1.0038746524609323,-0.13478617003801185,1,0,0,1,0,0,-0.5460174906653681,-0.029143920264701743,-0.8478672421327675,2.852400436861633,-2.075324196037846,-2.2268091207664495,0.22212658830353565,0.23293134227051562,-0.576787646498737,-0.28525064397540567,-1.0183768620436333,0.6583450657359072,0.8883194721788404,1.5140477578568785,-1.5366359755741505,0.5785998338008115,0.8185062405379445,1.056730343201339,0.773109214277421,0.13114384342216406,1.2039462519732689,-1.8590737647997162,1.3699250682788753,1.1969719941841106,2.3556313009099465,-0.13114384342216406,-0.7731092142774217,1.5521809317424884,-1.3852146900196616,0.32735324499704527,0.5891322630504142,0.9224464762726329,0.06953024385249205,-0.6279498401920818,-0.983822203561983,0.20179139169817292,1.2780381250194413,-1.6969572021918669,0.42482977999782756,1.1044842234105985,1.5992131663533709,0.37938770007212164,-1.7711003996191523,-1.9347096706715041,1.3994859768436472,0
0.8787130141623758,-1.4677292476260335,0.27967722576327125,0.5985369837740325,1,0,0,1,0,0,-0.38197130961164594,-0.27917691395844146,-0.7199354279589849,0.1587862999062346,-0.7917689528053914,-0.3374199839573113,-0.330647906744034,0.6904611443818002,0.6378795394817276,-0.8526182909762624,-0.40340940360415967,-0.20455510703153862,0.5289213811206896,-0.4614760557417082,-0.05739452875144285,0.2936539839033431,-0.5854945609460439,-0.5148823308789459,0.5444209881177456,-0.8189388764091825,-0.0013274743005415232,-1.0051761683379234,-0.5769087656219758,0.5712659205663236,0.02176959966103885,0.8189388764091825,-0.5444209881177463,-0.4253475354589299,-0.03432821836595151,0.07262018187017576,0.21443774870523882,-0.03337721691295973,-0.2770246880180474,1.166352774922097,0.954063719541543,-0.29429738304996345,0.08453045990652028,-0.8623145398892288,0.38833691435672935,0.015317428625603584,0.24536400737109418,0.41111087958892223,0.9453015509175579,0.5704037944582268,0.22417816752487937,1
0.13340540580248203,-0.07626988516709207,-0.8790386569529866,0.3052077222492148,1,0,0,1,0,0,-0.5333985536612357,-0.06112488457436613,0.39307135535292426,-0.5529527738757504,0.9148391408304135,0.38032429168260984,-0.6218710103186593,0.9626006107759898,0.03960975417675884,-0.7542670583293801,0.2753925133214314,-0.40855244085367465,-0.017291874014865833,0.20537533818583367,0.5338641597213035,-1.4568935138384442,-0.06369716640646951,0.32358964474914165,-0.16027754582615011,-0.39825548305102343,1.0699353959184432,-0.7863861519530085,-1.51818534002703,0.9558051147031751,-0.04210144844826647,0.39825548305102343,0.16027754582614942,0.1317027369921738,0.41596727218528484,-0.19121049065408274,-0.8967252938356269,-0.8697229484503528,1.487254965141063,-0.05703537174666111,0.012804842605544792,0.38782468222872474,1.0282341951120857,-0.7105613285614767,0.11464042204849642,-0.6978274965312384,-0.3130987707090945,0.7917890337905242,0.03983423407198747,-0.15329565102369538,-0.023255055489598248,0
0.3904080293748593,-0.10203765113855341,-0.4445202009343899,-0.8681093238500562,1,0,0,1,0,0,-0.5586364276695006,-0.026236559872914074,-0.7711081536284979,0.37577991996171783,-0.7651144145514226,-0.310588422251146,-0.4108880614956868,-0.5672631971754083,1.297933557919021,-0.5682898159506764,0.08696729009537486,1.1074367840804613,0.6012411539985592,-0.1392845961177534,-1.181141613292246,1.2420382512980213,0.3357567950641804,0.866042025388513,1.4819217163109606,0.040659774866796713,0.43217832433365716,-0.4046551987577365,-0.526189993864693,1.1006535688824561,0.732459739958154,-0.040659774866796713,-1.4819217163109613,-0.11896988561082296,-1.0850176963188372,0.08171779126756346,0.7183372679970265,0.8371050750953478,-0.5290646384693491,0.6769975162545934,0.012804842605544792,0.20179139169817292,0.44535835866158957,-0.3311783002420958,0.1785029369204177,-0.127311556405765,0.31305646532020776,0.5380035976561225,-0.7010026615289333,-0.7656567202776299,0.2860364732784985,0
-0.9203053508442651,1.4440283071491598,-0.4445202009343899,-0.8681093238500562,1,0,0,1,0,0,-0.3945902466157784,-0.2617327516077154,-0.19541498984647596,-0.4302790473377172,0.24930909143007265,0.13123796051037553,0.8091585480367305,-0.3142397983960026,-0.428260870948521,-0.24538490588131637,-0.20887558204305587,-1.337090197770573,-0.8010524252429866,-0.017149269355029955,-0.75572358560989,0.21917413132498095,-1.0699660791245347,-1.0451796767528367,-2.147135912362407,0.3058716999428703,-1.1422900060239687,-0.325763313029118,0.8056958223196915,-0.7294608715570129,-0.7488660400925009,-0.3058716999428703,2.147135912362407,0.1317027369921738,-0.5596729573423944,0.6275743551108558,0.6537347655237203,0.15437386567706757,0.006520256239666901,-0.8726274695258333,0.12354118106860354,0.6978801664463103,-0.9979532363586869,-0.1035484832504671,0.7076494887163344,1.0526191379446466,0.65151875506577694,-0.4771381468814831,0.6983559190505837,0.9600881112561845,0.16231986177126023,1
-1.460010860346257,0.9544407536913834,0.27967722576327125,-0.13478617003801185,1,0,0,1,0,0,-0.7983962307480176,2.16591317553499,-0.6559695208720935,0.03900582163560787,1.0906404719654235,1.6355941868360422,0.38008594396243695,0.18618209424466953,1.2608032715450532,0.8256726194159836,1.0191995181246638,0.7139679893987949,-0.6593306121571163,0.23033683236080477,-0.49724730540153106,0.9687121660032542,1.0225670908216882,1.574701082912952,1.0928891867061536,-0.11014700605881247,-0.2983689084787133,-0.7536722020684933,-0.7500980047735843,-0.10147041781686846,0.21237982692618088,0.11014700605881318,-1.0928891867061543,0.18740776423728422,-0.4846237089171882,-0.07294156848803632,0.4340862571144791,0.8541733553308051,-0.24551969421163483,-0.46483142063624716,-0.9284540343304539,0.20179139169817292,-0.3595654154843339,-0.7864379342253526,-0.3415203984652251,-0.6589286824317738,-0.6515610604546642,0.664896315723324,-0.28942660841731066,-0.3759724034796717,-0.5181215015185524,1
-1.2287084991311177,0.4133176682906843,-0.15484123025532542,-0.13478617003801185,1,0,0,1,0,0,-0.7353015457273552,0.2790362812647914,-0.7455217907937414,0.17903903777807972,0.06623390553984151,0.0762332590127367,0.13453561877833498,0.044739882394753946,0.527643966545646,0.4598097875347046,0.9969196220836912,-0.07183057816097248,-1.5008820757237833,0.19673131583279968,0.06241595958699678,0.23110074687076335,1.0783126431415466,1.2167676750784542,0.328888191831712,-0.4241556457943308,0.009496559894390811,0.001120045476040829,-0.4890730151113594,0.4480629999867234,-0.10810752370656151,0.4241556457943308,-0.3288881918317127,0.10385022336961848,-0.03432821836595151,-0.2639913658331881,-0.10857476366129187,0.32505666803163763,-0.05648973137315825,-1.0357458890816678,-1.2606630497196296,0.07776919801113909,-0.19302946221276363,-0.2553016945782196,-0.7703115697481222,-0.8793552956620708,-0.6684841749419423,-0.5405845059150832,0.36909507656128593,0.18071947766026855,-0.8892713360402683,0
-1.2287084991311177,-0.9523739281967958,-0.15484123025532542,0.3052077222492148,0,1,0,1,0,0,-0.81101516775215,2.660164442138894,-0.6431763394547153,0.03669122302168272,1.3974566944978608,2.0174967484537945,-1.6448665411801495,0.49866511215716514,0.3315960671178437,-1.16239924289092,-0.5574213834556092,-0.1750089713192964,0.5964991627879963,-0.8541348302288969,-0.8502809118473912,1.5572635997935935,-0.5281289722763464,0.4768229398606822,0.4025854781078499,-0.6379707392984506,1.4337855076012085,-1.5362262677942342,1.1115968035794204,1.04664273694908,1.1901998934615885,0.6379707392984506,-0.40258547810785056,-0.8988402670423681,-0.9349191994684248,-0.646090960523493,0.188596747715916,-0.03337721691295973,-0.9386295579527137,-0.38327221085833024,-0.5962450189412776,-0.4183195767369984,1.6943780081983673,-1.317574173872486,0.8718673841012752,1.3767759221068474,1.8022905402007128,-0.15990635171348128,-0.4540570296619595,-0.7656567202776299,1.275769365336409,1
-0.9203053508442651,-1.4677292476260335,-0.4445202009343899,0.3052077222492148,1,0,0,1,0,0,-0.3945902466157784,-0.2617327516077154,-0.822280879298011,2.1580208526840865,-1.6285130175121179,-1.8690549646842458,-0.16661939679610233,-0.34227378933055574,-0.7466028918058538,-0.9719389452097843,-1.5896872740925048,-2.955156337818976,0.1996826879013299,-0.03688900062260425,-0.9496099494775843,-0.20996835474861686,-0.3058910964206433,-0.6581223865920693,-2.634980600574435,-1.417139107414103,0.19482927243854412,-0.48151688373001805,0.8096332171921121,1.0097104357086513,1.4241428954099848,1.417139107414103,2.6349806005744343,0.0759977097470634,-0.7848207026180125,0.48201260475264507,0.29196075167320634,0.15437386567706757,0.1010352376589052,-1.3619827281933365,-0.319404172783631,0.7598912632898273,0.1400424443303771,-0.482931511569848,-0.11343998820836432,0.31354167005482897,0.7192112130148905,-0.2233527107470814,-0.28942660841731066,-0.8769950965056176,0.038603250264021984,0
0.4161082917320974,-1.235819353882877,-0.15484123025532542,-0.13478617003801185,1,0,0,0,1,0,-0.7226826087232228,0.1772786675522229,-0.8350740607153893,2.6498730581431817,-1.00139976970615,-1.9115382707190076,0.7099035878397891,0.6603298364303858,-1.7944153319278238,0.7751872823027111,-0.18515125229613538,0.1857446341173546,0.6710137555420346,0.09117663739861744,-0.23495797703745186,-0.6496067395449621,0.7022457388974943,0.24829536976478092,0.6257323574189628,-0.36726020632542794,-0.8960355980734769,-1.1416991671108652,1.800233746607248,-0.35089315375868296,0.4831177977491292,0.36726020632542794,-0.6257323574189636,-0.28608496734615396,-0.6347222057676005,-1.3920949311093263,-1.4523068151060594,-1.1598837124531223,-0.7180946013078251,0.02452383803125581,-0.26403600355210183,-1.4104971262332722,-0.9146852597229018,-1.1658209625447336,-0.5239847266707137,0.4172718409867329,0.24536400737109418,-1.175048096251087,-0.28942660841731066,-0.48731077970765985,-0.2706882785040748,0
-0.07219669305541997,0.0010334127472937634,0.27967722576327125,-0.13478617003801185,1,0,0,1,0,0,0.40040278464456736,-0.5582835115700578,-0.8478672421327675,2.852400436861633,-3.029479335238259,-2.6337544733099563,0.20379924551702394,0.8501687323103616,-2.2080179206950556,0.045480254828060236,-1.38331251949497,0.7475936053125789,1.0347544115913438,1.4848876180222172,-0.8285421917049625,-1.5292252337307042,1.1861707817433444,0.5666283787856726,0.3699083794759778,0.6527578856825103,1.2002944001155564,-1.996898645059775,1.4817105846483187,1.1147457522937712,2.351576351027894,-0.6527578856825103,-0.36990837947597854,1.357213336384602,-0.7848207026180125,-0.054746349693259644,-0.8321227913623208,-0.3747428216220998,1.109195039464111,-0.709509049969999,-0.9284540343304539,-0.10826409251941274,1.194770148383656,-1.848710413519619,0.22411901897178985,0.9748215097457181,1.4299820214805863,0.1890486229713212,-1.9357308208638015,-1.9903788587854983,1.275769365336409,1
-1.460010860346257,-1.235819353882877,0.27967722576327125,-0.13478617003801185,1,0,0,0,1,0,-0.7983962307480176,2.16591317553499,-0.8350740607153893,2.6498730581431817,-0.27820839517963436,-0.3821392534675868,0.8134937269736754,0.27984131605738927,-0.7065209271744852,1.2822035278183002,0.8631119359192707,0.44692660170391807,-0.4659533523478527,0.10604625989695275,-0.8052961970214088,0.9406343773548415,1.0674721863283259,1.5784689273262025,1.3338827891162104,-0.7133741297612556,-1.0252226566058091,-1.1908190405178547,1.9110846108467727,-0.6736870981267246,0.4189798950512652,0.7133741297612556,-1.333882789116211,-0.03541234474315745,-0.8598699510432187,-0.4823339913705056,0.046471242274642305,0.47867119015075044,-0.5290646384693491,-0.38327221085833024,-0.9284540343304539,-0.29429738304996345,-0.9979532363586869,-1.1658209625447336,-0.2867811000035777,0.7025298110494701,0.36382580878204385,-0.9212626601166852,0.12214944469431245,-0.2089648391376897,-0.023255055489598248,1
-1.460010860346257,-0.07626988516709207,0.27967722576327125,0.3052077222492148,1,0,0,1,0,0,-0.7983962307480176,2.16591317553499,0.39307135535292426,-0.5529527738757504,2.283688007975469,2.09307231392616,-0.9361896378796071,-0.11720690554677662,1.7977658015685454,-0.19607203880075993,0.5188245864929247,0.11134932594373692,0.28515393394714283,0.26439314597551394,-0.972467511268628,0.9576846102651009,1.148709039260278,1.7176085668085062,0.872405678118227,-0.7133741297612541,1.5659729970635314,-0.8133264486133912,-1.4952254016903594,1.4039208947519317,1.002413087731731,0.7133741297612541,-0.8724056781182278,-0.007559831120602114,-1.0850176963188372,-0.8735311954581982,-0.3023822710812103,0.15437386567706757,-0.7495995951142377,-0.8726274695258333,-1.2606630497196296,-0.6043528672675491,1.2502821328075124,-0.8623145398892288,-0.44187577897824326,-1.0997819088923677,-0.5669454880182719,1.0138512904081252,-1.1948939252628807,-1.545025353873546,-0.3944048900113141,1
-0.9203053508442651,-1.2873548858258006,2.8867879618748513,1.0385308760612593,1,0,0,1,0,0,0.26159447759911014,-0.5338616842790415,-0.029103631420558513,-0.4852507644184396,-0.20320149202723353,-0.035564914762951955,0.1754435459797203,0.1735542157543573,1.9786945376301992,-0.14901739083455606,0.8452107483386916,0.052451492969357826,-0.8688230114240939,2.041808850801158,0.20667123750749491,1.7247061266308061,0.65688118888400715,1.4430042149565128,-0.060099813059615065,0.13114384342216406,1.796192824366434,-0.031169898967220038,-0.9717783923606901,0.8526650236886713,0.3099973900718117,-0.13114384342216406,0.06009981305961435,2.5548714221544753,0.641115017460903,1.2916998411201945,2.1395923224097615,2.3903185765219357,0.038025250046078915,-0.9541866793037505,-1.0391903727935126,1.3800022317249987,1.6666220159864384,-0.02767187758659086,0.014285041535478216,-0.4903671546674297,-0.14386762583630988,0.6014499566897238,-0.28942660841731066,-0.26463402725168356,0.10046155601764112,0
1.2128164248064663,-0.7462318004251005,-1.6032360836506476,1.0385308760612593,0,1,0,1,0,0,-0.10435469552073157,-0.4722256439731428,-0.3617263482723934,-0.35042539515729937,-0.27255791278216707,-0.09235838704100179,-2.1198433850839926,-0.3195015576506399,-0.30587007704112845,-1.8032936309527468,-1.724149798136503,-0.5465953398421955,0.8556889910880411,-0.626758836000019,-0.23663839141718992,-0.00999676780578145,-0.5898885209292537,-0.09944618363973394,-0.4194329849395745,-0.329502323768793,2.32144378561175,0.2014667690452052,0.40808885446326165,1.8512099969120441,2.14438933678229,0.329502323768793,0.41943298493957376,-0.3974950218363748,0.11577027848446049,1.1461380907619838,0.9638267773955896,0.6493539925053206,1.2037100208833493,-0.22015379130249568,-0.04256332662598434,1.3179911348814817,1.2502821328075124,-0.4070549059059717,-1.6735099943652914,-1.2553771652902237,-0.5838686025055501,-0.9529858396334858,-1.7711003996191523,-2.046048046899492,-1.198562864808365,0
-0.27779879191332196,0.43908543426214564,0.5693561964423357,-0.4281154315628296,1,0,0,1,0,0,-0.2684008765744537,-0.37919011143593734,0.022069094248954552,-0.4904586112997712,0.2700766546821054,0.08741307639030557,0.5015389398314792,0.22187342096389687,0.9061740789640284,0.7465628569357664,0.8855874417322199,0.38457856053557943,-0.5927417868302272,0.3017860286082825,0.49875580759696486,-0.7655963276396963,0.5404751828224841,-0.3049754933092956,0.4316262532639202,0.0964376253461333,-0.3958610606980648,0.1951143858360749,-2.0081207984046943,-0.4726323160138197,-1.449056257304574,-0.0964376253461333,-0.4316262532639209,0.24311279148239442,0.41596727218528484,-0.10933200607758836,-0.4832692780064673,-0.2552648599739003,-0.05648973137315825,0.8401159358104279,0.6772228733838963,-0.17027518936292965,0.13079044692640102,1.0851850054835932,2.5687856364123185,0.7846495297038942,0.5274159154924014,2.737477377487602,2.5367289562824986,2.8899532992079773,1.9149718581238089,1
1.4698190483788447,-0.9266061622253344,-0.8790386569529866,-1.6014324776621007,1,0,0,1,0,0,-0.23054406556205628,-0.3943083854732332,-0.08027635709007157,-0.47772831892318285,0.146471188197887,0.06594782702537334,0.027227978069731505,-0.09033944331508624,0.0377142239024576,0.7303944939757376,0.4621428944624998,0.6291169890254672,0.2934419261346695,-1.2293666193525445,-0.6154407278926494,0.9662577976654956,-0.7936628091106442,-0.7541249831277373,0.03622492998512883,0.8221130942085976,-1.2662298071804725,-0.4925412897217639,0.9194392935984178,-1.7736982959121657,-1.337064664201621,-0.8221130942085976,-0.036224929985129536,-1.0938078624002545,-0.40957446049198204,0.6639647927004092,1.1059522828368633,0.683490552976235,-0.5920746260821743,1.0847935651441794,1.1755363964676604,-0.046252995675895824,-1.2200011740541141,-0.5588081172337243,-0.3597668312857729,0.14498014229048395,-0.5838686025055501,-0.9529858396334858,-0.04248097655033679,0.4033962301162448,-0.7036964187794109,0
0.08200488108800677,0.33601437037629844,-0.4445202009343899,0.5985369837740325,0,1,0,0,1,0,0.1480240445619179,-0.5210692985551757,-0.3745195296897717,-0.31686371525538465,-0.484682001436133,-0.15585974974559294,-0.6931659458184986,-0.6174306243139664,0.8659628174011686,-0.6892283208160856,-0.5217766796584281,-0.6020398771754283,0.30569739525650724,0.05212267120497666,-1.1120101617440177,1.1208813831664663,-0.020156684606168776,0.4782030314575244,-0.7046860443852642,-0.12221154853286169,1.015944480115951,-0.26654446004877624,-0.057422488619712324,0.9111159727037756,1.145207423622775,0.12221154853286169,0.7046860443852634,0.0759977097470634,-1.009968447893631,0.13630344765189217,0.705416767502365,0.6664222727407777,-0.4660546508565234,-0.709509049969999,-0.4855086804782194,0.44983577907224165,0.8339422496285867,-0.3311783002420958,-0.2685346671830286,-0.2569742700706454,0.10997909147286698,0.28421816152172197,-0.9479482933959068,-1.0996718489615938,-0.08511336124321738,1
-1.1259074497021662,0.026801178718756015,1.0038746524609323,1.7718540298733036,1,0,0,1,0,0,0.6654004617313493,-0.5972421408200127,0.03486227566633282,-0.49798105679502797,-0.36060043314118295,-0.0744706792368916,0.35408050403053404,0.7988478454403336,-1.317303423452639,0.4674275548561514,0.046459381833727845,-1.0837122307211413,-0.9168951507460057,-0.10366005092121974,-0.12769104786395277,0.6314599459365643,-0.7420120407690516,-0.6594599327030449,-1.0923365864985648,-0.39468810214486993,-0.5959334616209694,-1.224361826705452,2.4353542576868867,-1.3672309086389256,-0.7042337426004077,0.39468810214486993,1.0923365864985641,0.02029268250195297,0.04072103005925432,0.527500651739586,0.795860270964994,0.4274663494443799,-0.30852968182446,-0.30171300108041293,0.2342775195316623,0.07776919801113909,-0.3595654154843339,-0.9381911455531051,1.182056742050605,2.452976445525355,1.548443822891536,-1.1116017372174867,2.097714499630101,2.017802685422071,0.904619530814692,1
0.9558138012340891,-1.8027102052550381,-0.4445202009343899,0.5985369837740325,1,0,0,1,0,0,1.6875343590660796,-0.6989997545325811,0.3035190854312764,-0.5355932842713117,-0.529665498082872,-0.12366187569819462,-1.1775849208984155,0.33659290874501846,-0.7745728471811245,-0.5144810578239535,-0.7759071430038854,-1.684501786877872,0.04810802082147138,-0.9480871208041349,0.9152730238868986,-0.8778320880021064,-0.9192038715705404,-1.7195209567380945,-1.171446535938352,-1.1356331163529634,0.6901430179668929,0.4549160923383096,0.1767304398023001,-0.21643610664025315,-0.6700602499509724,1.1356331163529634,1.1714465359383512,-0.8431352397972577,1.0163612595869336,0.391036510778763,-0.1473362651452761,-0.4942207832702994,0.038025250046078915,0.5954383064766764,1.4523772426253072,0.20179139169817292,0.8339422496285867,0.6552175733882943,0.6072941082033162,0.6117659114840535,0.4822876101929924,-0.28679906978068154,1.6861384465184783,1.127095675598167,-0.20882997275045564,0
-1.0488066626304537,-1.596568077483343,-0.4445202009343899,0.3052077222492148,1,0,0,1,0,0,-0.14221150653312897,-0.46117767448434965,1.301387235986781,-0.6646321569976391,0.7276592695704348,0.1589639076067463,0.8483358562795439,-0.8654690217814965,1.2697118066787303,0.8269779257656491,1.1999392510561253,-0.618517739282496,-1.7423422969114941,0.04237377381433695,-1.4973687328057566,1.0207299639203187,-0.2519044103174481,0.6278028041617651,-0.5940660301642549,-0.2543969704224406,-1.1372922834208186,-0.3121477322814293,-0.7100034004096717,-1.36697792673911,-0.9470525481925186,0.2543969704224406,0.5940660301642541,-0.09111737198826762,-1.4602639384448675,-0.4823339913705056,0.08523274375862654,-0.01630893667750248,-0.4660546508565234,-1.0357458890816678,-0.9284540343304539,-0.23228628620644656,-1.0257092285706153,-0.17942508891434333,0.39746013076700454,-0.0495139282068366,-0.5838686025055501,0.9821281108913258,1.2745623934068555,1.2384340518261547,-0.332546584257695,1
0.004904094016293398,-1.5192647795689571,-0.4445202009343899,1.478524768348486,1,0,0,1,0,0,-0.3062576875868511,-0.36930508610385926,2.5295326520550945,-0.7236544216527305,1.2012861810143372,0.2752340083334625,-1.5300229653867383,0.11518712194175122,0.27114896289426027,-1.0569777033820753,-0.8990883362040769,-0.40013354648846544,0.1448065284855711,-1.666071290173595,0.41828897770229684,-0.21710438601577806,-1.6852047644866404,-1.9778213479778899,-1.0705131521703464,0.5159874767715705,0.46281537583661225,0.26093477562948314,-0.5888386862991671,-0.24311151054601368,-0.7620987238267892,-0.5159874767715705,1.0705131521703457,-1.5951531076062477,0.11577027848446049,-0.7097742263052108,-0.7029177864157086,-1.262293393865864,-0.9386295579527137,0.2692014673650073,0.954063719541543,-0.790386157798101,0.0012624832707351544,-0.2553016945782196,-1.3724438528262355,-1.4109724216880806,-1.396178097894916,-1.016432198667086,0.2044646553166367,0.514734606344233,-1.198562864808365,0
-0.8432045637725518,-0.6689285025107157,-0.4445202009343899,1.478524768348486,1,0,0,1,0,0,-0.40720918361991093,-0.2530106704323524,-0.054689994255315046,-0.48351481545799574,0.39470839196641555,0.17908757888637028,-1.5798527448965047,0.26021721857624397,-1.1637446474006337,-0.8320399433631805,-1.2638042329065389,-0.5914588476753487,0.6711100580527353,-0.5303851793343567,-0.8870213524567722,-0.28442208260284896,-0.26313325190863757,0.28641322861337964,0.4251360800282837,-1.2283241134096814,1.6668690778055697,-1.2457548175130513,1.3050611552183484,0.8631138564385077,1.922634170739572,1.2283241134096814,-0.4251360800282844,-0.7874302125521474,-1.1600669447440433,-1.546754290864926,-1.4264658141167375,-1.4329761962204342,-0.5290646384693491,-0.9541866793037505,-1.2052948804881005,-1.5965304167638241,1.1392581639597994,-1.317574173872486,-0.8797901666714156,-0.1532440991387405,0.19459466390925928,-0.635754044465484,-1.1125787146405561,-1.6006945419875402,-0.5799798072721716,0
0.4161082917320974,-0.23087648099586283,1.0038746524609323,-0.4281154315628296,1,0,0,1,0,0,0.29945128861150755,-0.5408393492193319,0.46983044385719386,-0.5645257669453762,0.08387454395458804,0.020334172124892372,-0.04418710338131809,-0.28297771587601417,-0.1797560968548593,-0.05191392026774335,0.3923452951760681,-0.434157946978921,-0.7730383078705697,0.24080204398153948,-0.09699036838463738,-0.9954211747096514,-0.08107557996667776,0.22435304801279998,-0.24010667662448304,-0.3540047794704373,0.30204980794749964,0.2912329738454155,-0.7545696762655874,-0.010260800176500967,-0.2910310146113618,0.3540047794704373,0.24010667662448232,0.27096530510494976,-0.03432821836595151,0.1908891040362222,-0.3669847735545164,-0.3747428216220998,1.3297299961089997,-0.38327221085833024,-0.319404172783631,0.2638024885416898,0.7506742729928018,0.8828473903799233,1.6838336446156987,0.9488889670127426,0.8884423578876751,1.6800380602609295,1.439192814651505,1.3497724280541432,1.3376276710900281,0
-0.7147032519863632,-0.4885541407104817,-0.8790386569529866,-0.8681093238500562,1,0,0,1,0,0,-0.3188766245909836,-0.3629088932419264,0.5977622580309765,-0.5818852565498148,0.6618716113065284,0.17059091767941792,0.8430614839800585,-0.691789918417616,-1.124422946716561,1.1625427590044375,1.0090692106308832,0.8278608698671339,-0.39602399367915725,0.2844921852436626,-0.43569530211098384,-1.1448282230005205,0.518021351859478,0.6046299553338649,0.9750700921945687,0.16204084244106823,-0.8880362764399661,0.5130333843584532,0.3866818792506464,-1.056859161343696,-0.721535924246699,-0.16204084244106823,-0.9750700921945695,0.9672781456688292,0.26586877533487285,2.4834866721780506,1.3126802907514432,1.5027680042781708,3.4405645811386494,1.5741488238116832,1.1201682272361313,2.3101686843777554,-0.7203933142394032,0.8069707847160468,0.8444977348704508,0.9359226956462544,0.39767203775660004,0.31594134103852145,0.5337254978059351,0.6817421706862145,0.2860364732784985,1
-2.128217681634438,0.20717554051898904,-1.168717627632051,-1.6014324776621007,1,0,0,1,0,0,0.6780193987354818,-0.5972421408200127,-0.1442422641769629,-0.4655766762000758,-0.5129993634100518,-0.09951347016264586,0.018306845855998316,-0.9534483619898145,0.22320321386407,0.7924223826282527,0.6469710026172694,1.4488021625493912,-0.06643515323037019,-1.0048429805276835,-0.6733577876155936,0.32149698474162636,0.1319367792168004,-0.16058325452705952,0.4977080171176754,1.4823726005156324,-1.0294833812403783,0.6340827490670191,0.017947193910212992,-0.9396852643107674,-0.9978722824828293,-1.482372600515633,-0.49770801711767615,-1.0659553487776992,-0.8598699510432187,-0.9554096800346926,-0.6641562849317252,-0.5795621844475838,-1.1591645145976028,0.02452383803125581,-0.2086678343205727,-1.1624527388592034,-0.9701972441467586,0.5793409677244183,-0.02220782410562002,-0.010615114107371936,-0.38079122865820925,-0.3185222492974822,-0.4540570296619595,0.29205785388825667,-0.3944048900113141,0
-0.35489957898503444,-1.5708003115118816,-0.4445202009343899,1.7718540298733036,1,0,0,1,0,0,0.1858808555743153,-0.5239766589469633,-0.2210013526812325,-0.39498141847535856,-0.32887009057328853,-0.09772469938223485,-1.3976825119639376,0.2968986627890834,-0.3168205791122367,-2.0625972863878737,-2.4754713808253284,-1.1253228610612158,2.1907187357442206,-0.7592732640782718,0.28244895655767827,-1.1291581301213436,-1.583655803798792,-2.3413693497895913,-0.9919856992599327,-0.550966827225982,1.184854657027595,-0.12455156799669302,-0.7015906799783547,1.2161098800425474,0.9323425741693525,0.550966827225982,0.9919856992599321,-0.7286304615711976,0.23251355381255878,-0.06990903202224041,-0.6383152839424023,-1.171262565943427,-0.2105141455378431,0.6860596506743619,1.4277691674112942,-0.6870343297255728,1.1115021717478706,-0.1035484832504671,0.05077790717657645,-0.32180562690308556,0.1607484349347019,0.728342674756924,-0.7010026615289333,-0.9883334727336057,-0.08511336124321738,0
0.030604356373531493,-0.41125084279609675,0.27967722576327125,0.5985369837740325,1,0,0,1,0,0,-0.36935237260751347,-0.27917691395844146,1.1478690589782419,-0.6495872660071256,0.9401263604275091,0.2873082111012369,-0.3350207467081645,-0.33689927122053565,-0.2677861156214253,-0.19428767581395534,-0.2102523694631599,0.08777226251306974,0.45664830639893783,-1.017136394600394,-0.880827561702701,1.2405048883445797,-1.8697124451147489,-0.8559648277626297,-0.604544012877736,0.7192902890320441,-0.5504561973252275,-0.4199888923711112,1.6126603698934021,-1.5915047393980368,-0.5623446766600125,-0.7192902890320441,0.6045440128777353,-1.0659553487776992,-1.009968447893631,-0.8735311954581982,-0.173177266134598,-0.8867912286858101,-1.0016395455655394,-0.30171300108041293,-0.04256332662598434,-1.0384305451721696,-0.5052843745969581,-0.36911660307403377,0.09411318512537947,0.9197148564381443,0.13959454182560382,-0.6198924547070837,-0.3100054110728917,0.013711913318286572,0.16231986177126023,0
1.135715637734753,-0.6431607365392533,0.27967722576327125,0.5985369837740325,1,0,0,1,0,0,-0.15483044353726144,-0.45071117707391406,-0.2721740783507456,-0.37762192887091994,-0.11684988027798053,-0.0547942006523704,-0.089631805851981175,0.4578875267638105,0.2152151410129144,-0.3092075993441455,-0.34282268643493946,0.3435099913827021,0.49094540147419136,-0.43730145611258453,-0.3260397028834898,-0.3973482684902037,-0.36505600673214667,-0.6771672521138805,0.46476756340334147,0.007555847346540335,-0.31231125446455205,-0.9550844173417162,-0.6935029972262802,0.055736231019336946,-0.21543573934084878,-0.007555847346540335,-0.4647675634033422,-0.23037994010104354,-0.03432821836595151,0.9550882934168308,0.5762117625557528,0.39332978897346543,0.6366201323679207,1.4925896140337656,1.3416409041622488,0.38782468222872474,-0.19302946221276363,-0.7864379342253526,0.5160619441005718,0.054216242725068246,0.0761328624983096,0.7600658542737248,0.6160407084282594,0.6817421706862145,0.40975308478573785,0
-0.2006980048416086,-1.8284779712265005,1.0038746524609323,1.7718540298733036,1,0,0,1,0,0,0.12278617055365294,-0.5135101615365277,-0.2977604411855021,-0.3706781330291445,-0.3710772138195086,-0.10845732406470096,-0.16992865965809995,-0.287541973470019,1.0911041435882072,-1.0357606776475248,-0.7875488951368554,0.1573655754534363,1.284076076804657,0.6895858676423393,-1.0587168755659715,0.8314321593315837,-0.6652174160007718,-0.11560843870205051,-0.8569681418843172,1.0645584453617318,0.925316011582604,-0.6659389420400081,-0.6560667793737929,0.7396276512131839,0.9109829956091665,-1.0645584453617318,0.8569681418843165,0.4659329004628361,-1.0850176963188372,-0.50962681956267,-0.031051760693324323,-0.2894014204448148,-0.6865896075014126,-0.5463906304141645,-0.2086678343205727,-0.29429738304996345,0.7229182807808735,-0.7105613285614767,-0.350643614875499,-0.62002986833231,-0.3130987707090945,0.664896315723324,-1.853415610241477,-1.7677021063295222,-0.023255055489598248,0
-0.4320003660567478,1.0832795835486928,0.27967722576327125,-0.4281154315628296,1,0,0,1,0,0,-0.05387894750420167,-0.4838550855402935,-0.20820817126385424,-0.3996106157032089,-0.13986726667138913,-0.06329086185932274,-0.5071378974467021,1.0463164874394861,0.2067307029633606,-0.6502460903187077,-0.45288721311282104,0.48058541959322154,-0.02290970539657106,-0.9751717487073747,1.6541802922610767,-0.5886917230624301,-0.5525213990552262,-0.7450038978624816,0.04968400367083265,0.6061852033378367,-0.26919252970532237,0.22101928800541773,-0.8741862049348579,0.33056975634331925,-0.1385757453849719,-0.6061852033378367,-0.04968400367083336,-0.8988402670423681,1.6167552469885829,0.16359627584405784,-0.173177266134598,-0.3747428216220998,0.3215701943037938,0.18764225758709038,0.17890935030013266,-0.4183195767369984,-0.5816133531797613,-0.3311783002420958,-1.5001688825700765,-1.6313990349183765,-1.430024326869473,-0.7309235830158842,-0.5363722402842841,-0.32030321536567735,-1.3841377820692236,0
-1.280109023845593,0.026801178718756015,1.0038746524609323,-0.13478617003801185,1,0,0,1,0,0,-0.016022136491804253,-0.4902512784022264,-0.8478672421327675,2.9797033606275165,-2.7592037624997605,-2.67981532090554,0.27092220918325405,1.5188562994812798,-1.34648898725601,-0.15782355474400234,-1.062645873564168,0.9200222247531593,1.4128439244661926,1.6418266242096513,0.03557193395657343,-0.6110841197070067,0.7828912744258704,0.6616042663187193,0.3735052989149339,0.8843625762614299,1.2637698910101394,-2.0490427547074384,1.2266149456493562,0.9895110267994124,2.027419474978935,-0.8843625762614299,-0.37350529891493456,1.4407708772522676,-0.03432821836595151,-0.19121049065408274,-0.4703487775118068,-0.15285517856115927,0.4790951633358572,0.02452383803125581,-0.1532996650890431,-0.046252995675895824,1.1115021717478706,-1.9245870191834955,-0.13168642102891215,0.5080357405521495,0.9053654723749538,-0.033013633646279864,-1.853415610241477,-1.823371294443516,0.7190446135538346,0
-0.9203053508442651,-0.7462318004251005,-0.4445202009343899,1.0385308760612593,1,0,0,1,0,0,-0.4703038686405733,-0.18904874181302367,-0.3617263482723934,-0.35042539515729937,0.1837250429328524,0.12542445547403971,-2.0429441104821344,-0.7354917200005155,-0.457018630926013,-1.998813195091793,-2.53960144390605,-2.0103251456186007,1.446960395700147,-0.13509485332662619,-1.010457170625617,-0.28529024362731087,-0.5940993992464987,-0.8097841888973896,-1.8749635333848382,-0.8822777243979375,2.7057783307292214,-0.0027683439426883227,0.33807059713138854,2.111168879335477,2.5110096077540778,0.8822777243979375,1.8749635333848376,0.04814519612450831,-0.7848207026180125,0.7822337148664557,0.49868875958778525,0.22264698661889537,0.4475901695294441,-0.709509049969999,0.17890935030013266,0.8219023601333442,1.2502821328075124,-0.7105613285614767,-2.147917247699562,-1.6962303917508168,-0.9731002357129547,-1.1433249167342867,-2.1003612421084505,-2.4914015518114443,-1.6934293108373202,0
-0.27779879191332196,0.1298722426046032,0.5693561964423357,-0.8681093238500562,1,0,0,1,0,0,-0.2684008765744537,-0.37919011143593734,-0.579210432367824,-0.01770184440555841,-0.4823762997532824,-0.27794335550864496,-0.16730752572382196,0.2635304529318162,0.3899386298997704,0.346920074750232,-0.7385674177672247,-0.15067614284020237,0.6326899059912459,0.09435131347361506,0.7677564289578092,-0.8972051701645818,0.4036842640965296,-0.4931640530842904,-0.0632699944762795,-0.14275387761029457,0.3269199079509444,0.4074177194043826,-1.4346638399730611,-0.06838023351901512,0.47869510390685827,0.14275387761029457,0.06326999447627879,-0.007559831120602114,0.5660657690356972,-0.3367722410122935,-0.7287587874050313,-0.5454256239766699,-0.18250970659880966,0.4323198869208419,0.5111183656893089,-0.23228628620644656,0.3898463742377325,0.5034643620605421,0.33359761589508324,-0.4903671546674297,-0.48232991558187904,2.1241625734961316,0.28677986593896093,0.23638866577426285,0.904619530814692,1
-0.1749977424843705,-0.9266061622253344,-0.8790386569529866,-1.6014324776621007,1,0,0,1,0,0,-0.6595879237025604,0.0667989726642914,-0.08027635709007157,-0.47772831892318285,0.9575632282919103,0.4205716342418578,0.04918867410124115,-0.3706699269106759,0.4011840779439894,0.17137595916278656,0.31200035979607954,-0.3265947256333998,-0.3943125112261288,-1.22752213466128,-1.076894430541429,1.511486178039335,-1.4715060779495335,-0.8932629929013431,-0.9462874490712617,0.4930801176436278,-1.2949237022242894,-0.5700530926740356,0.970465767462611,-1.690638102376402,-1.2777132012875088,-0.4930801176436278,0.9462874490712609,-1.1216603760228097,-0.9349191994684248,0.35464607318920965,1.1188727833315248,0.3762615087380082,-0.8126095827270634,-0.05703537174666111,0.4557501964577793,0.139780294854656,-1.2477571662660425,-0.6346847228976005,-0.3871364805165972,0.14498014229048395,-0.5500223735309933,-1.016432198667086,0.12214944469431245,0.4033962301162448,-0.8274130302866491,0
-1.1259074497021662,-0.2566442469673251,1.0038746524609323,0.3052077222492148,1,0,0,1,0,0,0.6654004617313493,-0.5972421408200127,-0.7839013350458762,0.4394313818446596,-1.977813474285165,-0.7989228453033541,-2.2090186676879706,0.9101613584385021,-0.9881813007494624,-1.7874687798930182,-2.303659578234853,-2.723112823811532,1.3410964664954823,-0.17967925549413966,-0.07582273527626054,0.5966230336989664,-0.6682592585301894,-0.5694166488825855,-1.2601455701587203,-2.4642040741659033,2.8921608359031117,-1.3251825797282113,1.9504255531554897,1.7521205622018872,2.4389457459799266,2.4642040741659033,1.2601455701587196,-0.14682239923337803,-0.03432821836595151,0.1272058382545045,0.42116575661981864,0.12023730520615308,-0.49755964466293656,-0.46483142063624716,0.12354118106860354,-0.17027518936292965,2.3882778134965768,-1.317574173872486,-0.47836864461934153,0.533968283285125,1.2607508766078017,-1.175048096251087,-0.7833178721512579,-1.6006945419875402,-0.1469716669968365,0
-1.5114113850607322,-0.6689285025107157,1.4383931084795292,-0.13478617003801185,1,0,0,1,0,0,2.50776526433469,-0.7298177746855304,-0.6175899766199587,0.01412388653591246,-1.7460517440725076,-0.5721961488862576,0.903587350744094,0.9105520991951724,-1.9493871417089945,0.7242188065962674,-0.32135050640838453,0.6995193578738821,1.2328649738238453,0.26464863432092356,0.5992964721954596,-0.2607994211273172,-0.27631042818456203,-0.9342344621825031,-0.7099870034754222,1.6582174387675228,-0.9920264098108896,-0.6493992821323987,2.4027992607393553,-1.2523575757441063,-0.4943267215555507,-1.6582174387675228,0.7099870034754215,-0.17467491285593337,-0.03432821836595151,-1.4648758062884317,-1.3489428111487698,-1.3647030752786062,-1.411204465048904,0.10608304780917345,0.5111183656893089,-1.2864749325462383,-0.8314172830871166,-0.4070549059059717,0.8171280856396278,2.063988304530714,1.2776739910950803,-1.1433249167342867,-0.6186874509066087,0.18071947766026855,0.9664778365683122,0
0.9558138012340891,-1.0296772261111817,-1.8929150543297122,-0.4281154315628296,1,0,0,1,0,0,0.11016723354952047,-0.5117657453014551,-0.5408308881156891,-0.0842465545559066,-0.7344913508946546,-0.3284761300552562,-0.505315014531749,0.2280372388603079,-0.3958661617077827,0.077851919143631515,0.19421317744568928,-0.9222891359748614,-1.1154014829013792,-0.1186672906420391,-0.03444392670834523,-0.7364185743408733,-0.08292977186427102,0.011206830680026725,-0.1984048918790851,-1.0611168246014868,0.5840818698422359,-0.3474934364699049,-0.1988673426265495,-0.1874046623732041,-0.24154535353070955,1.0611168246014868,0.1984048918790844,-0.007559831120602114,0.11577027848446049,0.47291499535525605,-0.0052107597040024186,-0.03337721691295973,1.109195039464111,-0.22015379130249568,-0.1532996650890431,0.5118468759157585,0.5286263352973745,-0.3311783002420958,-0.013084607695344815,-0.11434528503927678,-0.1777138548108673,0.062155904904119784,1.3568776040291806,0.848749735028197,-0.3944048900113141,0
-0.5605016778429365,-0.7204640344536393,0.27967722576327125,-0.8681093238500562,0,1,0,1,0,0,-0.4576849316364408,-0.20649290416374969,-0.3361399854376369,-0.3585264903060374,0.19432914336144338,0.11826937235239564,-0.5304940595762113,0.08808165844066623,2.617385140425032,-1.1249528114824259,-0.39467388198120373,-1.1367135504249115,0.22690213539647802,-0.29590167348172375,-0.4843108172488426,2.5562561640224395,-0.9345068024124888,0.2830452911709114,-0.6862106428504532,-0.8697663470174435,0.4420034378580972,-0.6060667854005728,-1.009262249444375,0.5930977239301418,0.7894340126423618,0.8697663470174435,0.6862106428504524,-0.3696425082138195,-0.5596729573423944,-0.4004555067940112,0.9121447754169449,0.4445346296798359,-1.442709458855317,-0.38327221085833024,-0.09793149585751397,0.015758101167622184,1.1392581639597994,0.04820472807728505,2.441060606668476,1.3767759221068474,1.582290051866092,3.4248129336849398,1.0276167615398821,0.6260729825722207,2.3273605631479377,0
-1.8198145333475857,0.0010334127472937634,1.7280720791585935,0.3052077222492148,1,0,0,0,1,0,-0.00340319948767178,-0.49141422255894146,-0.438485436776663,-0.24337520926326098,-0.46758293208315554,-0.1898463945734023,-1.3677075255751023,-0.38931444909017265,0.8556754806222779,-0.8263226785717978,-0.3811371441154847,0.408708541700829,0.8714101435761243,-0.22499304557329966,0.08367254096855342,0.9221507804551163,-0.48578371938820886,-0.3548867630710627,0.30418285154596364,0.2557448558590603,1.677020207880226,0.6181676139465825,-0.24306444483378994,0.6346138083079785,0.14901910287430545,-0.2557448558590603,-0.30418285154596436,-0.5367575899491508,-0.40957446049198204,-1.4375829780962672,-0.8321227913623208,-0.9550643496276378,-1.6632444155002057,-0.05703537174666111,-0.2086678343205727,-1.534519319920306,1.5555980471387252,0.5793409677244183,0.014285041535478216,-0.11434528503927678,0.1438253204474232,-0.09645999267988113,-0.5363722402842841,-0.48731077970765985,-0.023255055489598248,0
0.4161082917320974,0.20717554051898904,-0.4445202009343899,-1.6014324776621007,1,0,0,1,0,0,-0.5460174906653681,-0.026236559872914074,-0.1442422641769629,-0.4655766762000758,0.5744728726847658,0.33962975642825916,0.48560145449651293,-1.4136130743533488,0.7407955873936947,0.6062536235152035,1.0599293356574362,1.8623136190005325,-0.19350282980177816,-0.21200134981856186,-1.2258649985108774,1.0592761712167644,-0.0849688521715022,0.4303838811807632,1.1515092521572485,1.3979208031972914,-0.8870698941304688,0.7121836631136385,0.05177801110207264,-0.9032631924717904,-0.9577739548689616,-1.3979208031972914,-1.1515092521572492,-0.23037994010104354,-1.1600669447440433,-0.10933200607758836,0.44700675760914055,0.39332978897346543,-0.5605696322757617,0.758556726032511,0.2342775195316623,-0.046252995675895824,-0.8869292675109735,0.5034643620605421,-0.378013264106322,-0.2958730841701091,-0.6177148314801074,-0.5723076854318833,-0.5363722402842841,0.1250502895462747,-0.7036964187794109,1
-1.0231064002732158,-1.5708003115118816,1.4383931084795292,1.7718540298733036,1,0,0,1,0,0,-0.7100636717190902,0.16274186559328455,-0.2210013526812325,-0.39498141847535856,1.048156237724814,0.43040987353411836,-0.7082879430178677,0.46959732757402217,0.772039847899394,-0.5889420942979244,-0.3472223232554256,-1.8493285349139046,-0.29616641017503903,0.28518698498949385,0.5622642347648894,0.5005928214571148,0.4038857947224396,0.5708832435347603,-1.5734230101710878,-0.9617617689328484,1.2698471015523471,-0.0812731021241491,-0.5523568269897355,1.1961090143914912,1.0087623996846875,0.9617617689328484,1.573423010171087,0.1317027369921738,0.340918023760079,-0.44594355378095224,-0.1344157646506147,0.03489590402886805,-0.5290646384693491,-1.6066603575270884,-1.2606630497196296,0.07776919801113909,1.1392581639597994,-0.1035484832504671,-0.07694712256726609,-0.3477381696360611,0.12690220596014448,0.5697267771729232,-0.6186874509066087,-1.0440026608476,-0.3944048900113141,1
-0.48340089077122306,0.3102466044048362,-0.15484123025532542,1.0385308760612593,1,0,0,0,1,0,-0.43244705762817587,-0.2442885892569894,-0.041896812837936774,-0.48409346511147705,0.44498297934688336,0.18624266200801434,-0.6426589437278004,-1.501570089336897,1.223853879579543,-0.5375680326807123,0.3389641623139184,-0.9049704235013859,-1.1125580136940765,-1.175075798587683,-0.7237305053039679,2.246010026063171,-0.8388403916963314,0.11448246270982237,-0.5252107151899512,-0.7133741297612541,-0.2804889871462417,1.3359347387596627,0.5839742190794102,-0.10556004206684987,-0.32890016947219947,0.7133741297612541,0.52521071518995055,-1.1216603760228097,-0.7097714541928067,-0.1457224436671417,1.0155087793742343,0.5810808715634928,-1.2851844898232538,-0.5463906304141645,-0.3747723420151606,0.07776919801113909,-0.16527347000083534,1.4898602356909325,0.4978155112800227,0.7414286251489338,0.65151875506577694,-0.4771381468814831,1.439192814651505,1.127095675598167,0.10046155601764112,1
-1.2030082367738797,-1.4677292476260335,2.452269505856255,0.3052077222492148,1,0,0,1,0,0,0.7032572727437467,-0.6018939174468729,-0.822280879298011,2.24481830070628,-2.45048591950926,-2.1977415955847706,0.2786931268764128,0.4264507308952792,0.6643792925803353,-0.9441126650439323,-0.9031535443429785,-0.5536800334087552,0.3188150136417041,0.6469893534942031,-0.798618824785068,1.7058242892602484,-0.42257628912410106,0.5074974285602376,-0.4291756706205303,-0.3295023237687902,0.2589345617038215,-1.385355818499381,0.8059601518438622,0.8564158867270727,1.6696163030916702,0.3295023237687902,0.4291756706205296,1.050835686536495,-0.43459087663371765,1.3705457892308943,2.204194824883068,1.872580742713072,0.12203856686318024,-0.49201782389555315,-0.3563162856046509,1.069946747507413,-0.08200549336504998,-1.4693273852002382,-1.1169937933385516,-0.5940973255993336,-0.24540631275998087,-0.6040308649486834,-1.1948939252628807,-1.4336869776455579,-0.7036964187794109,1
0.2876069799459088,-0.07626988516709207,-0.15484123025532542,-0.8681093238500562,1,0,0,1,0,0,3.088236366524784,-0.7501692974280442,-0.7711081536284979,0.4047124026357823,-2.5087263373843145,-0.8897029624092133,0.17829593171209446,-0.4808145735435979,-0.006759607184407815,0.03235359307649841,-0.24691259021650805,-0.2548686821991659,0.007119101245063962,0.5511832482662385,-0.6131937560275176,-0.6262673009990588,0.6846818079036526,-0.09989384753758068,-0.30025191215747105,-0.04982429368856782,0.3028109740236357,0.045649047873029105,-0.6200976310465224,0.6352111434366774,0.22347156070315172,0.04982429368856782,0.3002519121574703,0.7166055230658329,-0.40957446049198204,0.6548671833030202,0.2015172482105774,0.47867119015075044,0.4475901695294441,0.02452383803125581,0.17890935030013266,0.8839134569768611,0.4731143508735179,0.27583454506891375,0.7076494887163344,0.2487103132223888,0.49921072468027106,0.8552353928241243,0.03983423407198747,0.013711913318286572,0.5334696962929761,1
2.2408269190959764,0.6452275620338409,-1.168717627632051,1.0385308760612593,1,0,0,1,0,0,-0.21792512855792381,-0.3972157458650209,-0.5536240695330674,-0.055314071881842175,-0.48115613785166356,-0.2627388038751513,-1.1091315939789068,0.11267290444351814,-0.7968121186496561,-1.0555229559000991,-0.7355786372219264,-0.794398598908978,0.8029798828899257,-0.4873813103930286,-1.5146705462003653,-0.5341923566041457,-1.1086687296136917,-0.26230236597146317,0.05260013630273529,-1.1356331163529647,1.0552888179783753,-1.672010799863176,0.5524570584853791,0.32660648255274305,0.7002010467038494,1.1356331163529647,-0.052600136302735995,-0.8431352397972577,-1.685411683720486,-2.010732370131724,-1.9045243324192023,-2.115707405638714,-0.6865896075014126,-0.46483142063624716,-0.5408768497097485,-2.0306080946684437,1.0282341951120857,-1.5452039908641146,0.15113328768959466,0.4172718409867329,0.5330569536548284,0.030432725387320277,-0.04248097655033679,-0.5429799678216537,-0.20882997275045564,1
-1.8198145333475857,-0.10203765113855341,1.7280720791585935,-0.13478617003801185,1,0,0,1,0,0,-0.2810198135785862,-0.3751198068874346,-0.6559695208720935,0.05462936227960266,-0.6772137489839177,-0.33071209353077,0.525248134844933,-0.49286556963013006,0.3327558469733956,-0.1820190217602803,-0.12513570076924493,-1.282664039350509,-0.7870631587930265,0.6268632975325065,-0.6626606040229588,-0.6776686759596133,0.6329505423983446,1.0423917837008598,-0.31054414497595056,-1.4414068652642016,-0.10401589666961028,0.012634615792837917,-1.1358800554209352,0.8735188785688439,1.1803752313274425,1.4414068652642016,0.3105441449759499,0.35452284597261524,-0.7848207026180125,-0.6824813981130464,-0.8967252938356269,-0.6307670251539549,0.5736101447550955,-1.85133798686084,-1.980449249729511,-0.4183195767369984,0.029018475482663446,0.19995793940503753,0.5799244589724931,-0.1402778277722523,0.2115177783965368,2.1241625734961316,-0.04248097655033679,-0.6543183440496418,0.47161139053935697,0
1.2899172118781799,-0.10203765113855341,0.5693561964423357,0.5985369837740325,1,0,0,1,0,0,-0.571255364673633,0.0028370440449626386,-0.31055362260288033,-0.3700994833756632,0.4604725682955027,0.2882025964914424,-0.9121053395604692,-0.6553151620389486,0.3916014638295328,-0.5650466874225549,-0.2703851640292838,1.2612948343916888,1.4189319162041663,-0.8433145979044508,-0.2034376133053102,0.5112282740762526,-1.1326910644000638,-0.5574197714703274,1.8784356407158613,-0.14275387761029457,0.42567466801130754,0.6956412905705928,-0.02159720700183319,-0.3598154492324929,-0.19269795827325345,0.14275387761029457,-1.8784356407158618,-0.6481676444393714,0.11577027848446049,1.0278691685959374,1.1705547853101694,0.5810808715634928,0.5736101447550955,2.9606553900362758,1.8953225964775422,-0.046252995675895824,0.6118943119331598,0.9587239960437993,0.7532655707677065,0.6247321828505417,0.43151826673115745,0.6331731362065233,0.28677986593896093,0.23638866577426285,0.34789477903211874,1
0.030604356373531493,-0.7462318004251005,-0.15484123025532542,1.0385308760612593,1,0,0,1,0,0,-0.8236341047562825,2.9916035268026886,-0.3617263482723934,-0.35042539515729937,2.400338970197056,2.5715684976861075,-0.9947168540708461,-1.5593590635643897,0.529389759342712,-0.7547495499434627,-0.13799010515742574,-0.6838267743165681,0.12934324913052922,1.2005692296598998,-2.0485306921765525,1.2287875500665661,1.1829355756653002,2.220972829993717,0.3871222082195544,-1.3166012534636966,2.5827726280789762,0.08809617483327453,0.5111194483139231,2.1925966170510884,2.3477415861066406,1.3166012534636966,-0.3871222082195551,1.07868820015905,-1.9105594289961043,-0.09113678728281299,0.5503707615664309,1.0419244379208312,-0.024984737566746233,-1.2804235184154193,-1.5375038958772762,0.6978801664463103,1.194770148383656,-0.6346847228976005,-2.1023011656481896,-1.5925002208189127,-0.8377153198147269,-1.397110352868688,-1.853415610241477,-2.3243939874694624,-1.6934293108373202,1
-0.27779879191332196,-0.9266061622253344,0.5693561964423357,-1.6014324776621007,1,0,0,1,0,0,-0.2684008765744537,-0.37919011143593734,-0.08027635709007157,-0.47772831892318285,0.18895542243849772,0.07757483709804497,1.310612425340808,1.0105494682886151,-1.6452132402073945,1.6099887631162502,0.8346697654239064,0.19129723912421012,-0.5924337199886817,0.3160704304082683,0.7660699896382003,-0.9493823742872418,0.3256059649844547,-0.3685835803157304,0.03622492998512883,0.22497917377587734,-1.5066246313605882,-0.6195787607349114,1.2950238862617733,-1.8521256499678482,-1.4449617010136537,-0.22497917377587734,-0.036224929985129536,0.24311279148239442,0.641115017460903,-0.1548200530645294,-0.6124742829530796,-0.4600842227993849,0.16404522527173035,0.4323198869208419,0.4557501964577793,-0.17027518936292965,-1.4420491117495413,-0.7105613285614767,-0.5148615102604385,0.1838789563899486,-0.5838686025055501,-1.3653871733518879,0.4514102871836102,0.6260729825722207,-1.0748462533011267,1
-0.07219669305541997,-0.9266061622253344,-0.15484123025532542,0.3052077222492148,1,0,0,1,0,0,0.07231042253712305,-0.5071139686745949,-0.7071422465416066,0.07719669876537293,-1.1907743066096708,-0.44966535042810274,-1.9137336501425555,1.3585989486422827,-0.5833420160141267,-1.3035889784605643,-1.6959587282523783,-1.1586351975663263,1.5332085190320612,-1.0895815343210595,0.5678127384313834,0.238452081415244,-0.1808534966682257,-0.4629782620144192,-0.37315522795503414,-1.2101494081044426,1.5723961950195577,-1.2958973573788646,1.0370694235557827,1.5817333778880092,1.752821246492974,1.2101494081044426,0.3731552279550334,-1.1216603760228097,0.19081952690966666,-0.8371407578686448,-0.5995537824584191,-0.6307670251539549,-1.0646495331783645,-0.05703537174666111,0.12354118106860354,-0.790386157798101,1.7776459848341521,-1.0899443568808573,0.7350191379471587,1.2082143943425034,1.8869061126371052,-0.033013633646279864,-0.5363722402842841,-1.0440026608476,1.3376276710900281,1
0.08200488108800677,-1.0554449920826439,-1.168717627632051,-0.4281154315628296,1,0,0,1,0,0,-0.785777293743885,0.7587507459097571,-0.15703544559434116,-0.45631828174437516,1.7140700103405955,0.936184811695334,-0.8307066689974826,0.2943617603603381,0.5421717828274755,-0.5896121329042232,-0.7444395403393326,-1.4026439715761148,0.2067517775825089,-1.2428308683455438,-0.949397314175108,1.8302741675284981,-0.8811919267386492,-0.2881459081334247,-1.6577619304569258,-0.26889098598050765,-0.08670411493798301,-1.3551061418150692,1.098082037410917,-0.07724687744891269,0.6864894658439352,0.26889098598050765,1.657761930456925,-1.2609229441355856,-1.0850176963188372,-0.9645072894320803,0.007709740790658993,-0.34060626115118536,-1.726254403113031,-1.1988643086375024,-0.6516131881728072,-0.728375060954584,-0.16527347000083534,-1.317574173872486,-0.31415074923440073,0.2746428559553643,0.22844089288381547,-0.4771381468814831,-0.5363722402842841,-0.7099875321636356,-0.2706882785040748,1
-0.6633027272718879,-0.6689285025107157,1.4383931084795292,-0.13478617003801185,1,0,0,1,0,0,-0.0412600105000692,-0.4885068621671538,-0.6175899766199587,0.01412388653591246,-0.8003740055015302,-0.38661118041861436,1.096686235295094,-0.44367720235915953,-1.061432632558804,1.1991001511533186,0.979281670812803,1.6493095132033653,-0.27421636126175697,0.5235969852126007,-1.2030640175256035,0.9155458100386873,0.48952307293853037,0.9887480658880707,0.7686432489180746,1.4871304482518777,-1.0017969682114767,-0.5962422384494608,2.371049211099121,-1.1345042451979157,-0.3077940911773311,-1.487130448251877,-0.7686432489180752,0.4102278732177254,-1.1600669447440433,-0.2276009282436361,0.26611975068388355,0.4616029099152932,-0.43454965705011084,-0.46483142063624716,-0.8177176958673952,-0.17027518936292965,-0.8314172830871166,-0.3311783002420958,0.8992370333320981,2.128819661363154,1.396135792506029,-0.9847090191502859,-0.6186874509066087,0.06938110143228039,1.0283361423219313,1
1.6754211472367457,-0.7204640344536393,-0.8790386569529866,-0.8681093238500562,1,0,0,1,0,0,-0.07911682151246661,-0.4809477251485058,-0.3361399854376369,-0.3585264903060374,-0.26195381235357545,-0.09280557973610455,0.044009811287945885,-0.032007005688378436,0.8063320546603087,-0.1659040491551427,-0.7865463024391708,-0.06338006068363454,0.6427296187958028,0.30385976494396194,-0.5114731525246551,0.1278388845457475,0.4345382202703924,-0.04113972835999004,0.5745878774132874,-0.656312104546159,0.2424163829481263,-0.4684519563452772,-0.9738171807709222,0.6550063280106455,0.9823837774898739,0.656312104546159,-0.5745878774132882,0.18740776423728422,-0.5596729573423944,-0.30947941282012914,-0.19901826712392082,-0.01630893667750248,-0.6865896075014126,0.4323198869208419,0.17890935030013266,-0.35630847989348147,0.6396503041450882,-0.02767187758659086,1.528738965641033,0.6895635396829819,0.9392117013495113,2.7586261638321354,0.5337254978059351,0.23638866577426285,1.646919199858125,0
-0.3291993166277972,0.0010334127472937634,-0.15484123025532542,0.3052077222492148,1,0,0,0,1,0,-0.3945902466157784,-0.27045483278307847,-0.438485436776663,-0.24337520926326098,-0.050033333466299776,-0.019913170434355545,-0.965042718314457,-1.206608838550954,0.2191976332663708,-0.36159314918114704,0.5118766159807859,0.7385392684679571,-0.3584682261222144,0.2889525734209005,-0.5766257333665494,-0.29344985131961476,0.25157405947600264,0.5650081557810007,0.7577574583546642,0.2557448558590603,1.6306333982985681,1.0784574965183915,-0.5945393082197475,0.7379455474561061,-0.11384417622035932,-0.2557448558590603,-0.7577574583546649,0.577342954953057,-0.25947596364157,1.1006500437750428,0.7570987694810098,0.8371050750953478,1.487254965141063,0.02452383803125581,-0.319404172783631,1.1939689411944467,1.3890620938671545,0.8828473903799233,-0.2594114507727547,-0.5162996974004062,-0.21156008378542468,-0.28679906978068154,-0.5363722402842841,-0.48731077970765985,-0.3944048900113141,1
-0.48340089077122306,-1.2100515879114147,-0.15484123025532542,2.505177183685348,1,0,0,1,0,0,-0.43244705762817587,-0.2442885892569894,0.7001077093700027,-0.596351497886847,0.8696625627244053,0.27299804485794876,-1.0965651785701345,-0.12917927065502977,0.5198619171457876,-0.45661916028202754,-0.406306886309461,-0.054442869525172105,0.33777263613732167,-1.0701684294148281,-0.7787871134470717,2.33565776085234,-0.9354348411009473,1.527029496524789e-4,-0.6135009981005504,0.5342092397142492,0.4555008888965903,-0.6028692309891549,1.6364421434652316,-0.3106981488273046,0.5283679361832082,-0.5342092397142492,0.6135009981005497,-1.038102835155144,-0.7848207026180125,-0.2548937564358004,0.9509062769009282,0.47867119015075044,-1.442709458855317,-0.6279498401920818,-0.4301405112466897,-0.046252995675895824,0.8775588088187601,-0.17942508891434333,1.5261323323809537,2.3066428115321322,1.9981151506963626,0.2298355680643493,-0.5598908718906624,-0.38392514463881366,1.2227479604047344,1
0.72451144001895,0.28447883843337485,-0.15484123025532542,-0.13478617003801185,1,0,0,1,0,0,-0.48292280564470574,-0.1832340210294483,3.1180189972544947,-0.7439071595245756,1.5735604732180035,0.43398741509494043,0.2952155206840162,0.12084254993286837,0.7642695833003491,0.7215163751790065,1.3861678354858167,0.48270597513334995,-1.0692545784672338,0.79916675125343,-0.4761318838059653,0.48848401228355737,1.5020150689133687,1.6932836765006514,0.6912331826893902,-0.027203276549727037,0.3880136337041244,-0.6428386611318793,-0.5539028004277564,0.5146503564804117,-0.14892413586141068,0.027203276549727737,-0.6912331826893908,0.6887530094432773,-0.4846237089171882,-0.1457224436671417,0.12399424524260985,0.7346953936826055,-0.08799472517957138,-0.8726274695258333,-1.2052948804881005,0.38782468222872474,0.5841383197212315,-0.4070549059059717,0.7897584364088047,0.35244048415429274,0.549980068142106,0.5380035976561225,0.5337254978059351,0.5704037944582268,0.9664778365683122,1
0.44180855408933456,2.2428290522644785,-0.15484123025532542,-1.161438585374874,1,0,0,1,0,0,-0.7226826087232228,0.22961115460440099,-0.23379453409861076,-0.3926668198614334,1.104213677733934,0.4800482626905241,0.4418085957039595,0.9770553026111816,-0.31583335007495067,1.2706038801830433,0.22364733866586584,-0.13910922776935697,-0.3522371554749483,0.14198584093025154,-0.3581404419563002,-0.9822530008578386,0.8871328145298305,0.30856677267938326,-0.030386078764458365,-0.1595918522639314,-0.47247502785066786,-1.699816298431759,-0.555314767711528,-0.8368381565625981,0.0105029022624973,0.1595918522639314,0.030386078764457654,-0.23037994010104354,-0.7097714541928067,-1.3284116653276086,-1.5427503185686884,-1.1940202729240363,-0.4660546508565234,-0.5463906304141645,-0.5962450189412776,-1.1004416420156866,-0.7481493064513315,-1.772833807855743,-1.582277830262547,-1.5665676780859363,-1.7177172731532073,-0.2550758902638815,-0.37174181903963527,-0.48731077970765985,-1.6315710050837011,1
1.2899172118781799,-0.10203765113855341,0.5693561964423357,-0.13478617003801185,1,0,0,1,0,0,-0.571255364673633,0.0028370440449626386,-0.6559695208720935,0.05462936227960266,-0.190307729612128,-0.0400368417139795,-0.4689024727330885,-0.22197500772332857,1.5093164710500688,-1.148879130815997,-0.8209354342215075,0.4396329395082284,1.4678530196274904,-0.9031418365105236,-0.3784050495400505,0.7108176289741572,-0.8920943123686687,-0.18041298488532365,1.6846623659575182,-1.0712207285677868,-0.25038837895851307,-0.07441020738924538,-1.3489830121983106,0.6674761368671237,0.8911181053906664,1.0712207285677868,-1.684662365957519,-0.7317251853070371,-0.10937746679115769,0.8823074182377254,1.1576342848155081,0.683490552976235,0.4790951633358572,1.9819448727012692,1.1201682272361313,-0.046252995675895824,-0.10976148557697851,0.12408133374116129,0.6164173246135901,-0.23104172733766892,0.04228663352375219,2.2193321120465326,-0.12479618717266176,-0.5986491559356475,0.47161139053935697,0
-0.07219669305541997,-0.2566442469673251,-0.15484123025532542,0.3052077222492148,1,0,0,1,0,0,0.07231042253712305,-0.5071139686745949,-0.7839013350458762,0.4394313818446596,-1.6470572623246933,-0.7296079775624272,-2.5054576956188757,1.2766868417099784,-1.045430844172475,-1.1892671818953926,-1.9258429758009048,-1.960931348358896,1.3812070968779562,-0.902988325026118,0.7286815813219226,-0.37405658099704336,-0.0315575588930304,-0.28542113739869834,-0.6392523306161405,-2.0404738019066264,2.5816446205815304,-1.022315544621471,1.053248196101491,1.5753313024208577,2.225032000606005,2.040473801906627,0.6392523306161398,-1.0102503215325889,0.19081952690966666,-1.155557086777232,-1.1422148032341901,-1.091610591511294,-0.7495995951142377,-0.5463906304141645,-0.319404172783631,-1.0384305451721696,1.5833540393506536,-1.2416975682086098,-1.4180599348776075,-0.7626588533636787,-0.1607907403235886,-1.0481553781838862,-1.277209135885205,-1.9347096706715041,-1.136704559054746,0
-0.3291993166277972,-1.0296772261111817,-0.15484123025532542,1.478524768348486,1,0,0,1,0,0,-0.3945902466157784,-0.27045483278307847,-0.7327286093763631,0.1645727964410475,-0.8359652222306702,-0.3351840204817976,0.023623054064014982,-0.656916691304537,-0.5222625969767727,-0.28273870125787837,-0.3251350882490704,1.6408784158945737,0.5757789435669964,0.4395174158211621,-0.5809591250404662,-0.2970008161851618,0.2998539603195392,0.5848348437927458,0.6912331826893902,1.5524057982918193,0.4063121914878528,0.319646676801646,0.4154932883512497,0.679291798802518,0.9936689346260507,-1.5524057982918187,-0.6912331826893908,0.744458036688388,-0.25947596364157,1.1188452625698195,0.7700192699756713,0.8712416355662611,1.487254965141063,-0.05703537174666111,-0.3747723420151606,1.2559800380379649,0.16779843654230542,0.04820472807728505,-0.669956189235104,-0.37367071236903754,-0.093098282374475,-0.4136917878478824,-1.853415610241477,-1.6006945419875402,0.038603250264021984,0
0.9815140635913272,-0.4885541407104817,-0.15484123025532542,-0.13478617003801185,1,0,0,1,0,0,-0.6469689866984278,0.05807689148892839,-0.4512786181940413,-0.24048196099585453,0.4874672135874935,0.23051473882318704,0.4585623894409102,0.03255303934265044,-2.147711178190662,0.4358596192983431,-0.5791788314005933,0.5171446388108191,1.1290050888402003,-0.2575656530113874,-0.5984648744614929,-0.9026483178686028,0.18853734885044532,-0.02849462096698997,0.8111642712127044,-0.09917924017331377,-0.8949987308492925,-0.6442090415939156,2.0289186209509835,-0.4018678185974341,0.7251413953165613,0.09917924017331377,-0.8111642712127051,-0.3139374809687093,-0.6347222057676005,-0.30038180342274146,-0.7029177864157086,-0.596630464683041,0.41608517572303205,0.4323198869208419,0.06817301183707392,-0.9144083514851348,-0.859173275299045,-0.6346847228976005,-0.12256320461863823,0.9229564242797662,0.6853649840403343,-0.857816301083085,-0.7010026615289333,-0.8213259083916238,0.22417816752487937,0
0.44180855408933456,0.7225308599482267,-0.15484123025532542,-0.13478617003801185,1,0,0,1,0,0,-0.7226826087232228,0.22961115460440099,-0.5024513438635544,-0.1797237473803192,0.7358313875864162,0.31548135089271045,-0.42973677665057897,0.15912671277344315,-0.9071269726945571,-0.4928494355251445,-1.1443901118429258,-1.0286362799534245,0.7307084081182021,0.12949529959910241,-0.2393479147412089,-1.0220573362912464,0.7912795671267113,0.2256819612600204,-0.4291756706205317,-0.9772859963810728,0.726949626448509,-0.45817989387249186,0.21300390446798878,1.4504270651194762,1.7080977027465798,0.9772859963810728,0.42917567062053097,-0.11896988561082296,-0.4846237089171882,-0.8735311954581982,-1.2068173057074962,-0.8867912286858101,-0.08799472517957138,-0.7910682597479163,-0.7069813574043363,-0.6663639641110671,0.6951622885689447,-0.4070549059059717,0.0872707728176734,0.1838789563899486,0.7699805564767266,0.4428340591057229,-0.7833178721512579,-1.211010225189582,0.5334696962929761,1
0.08200488108800677,-0.7204640344536393,-1.168717627632051,-0.8681093238500562,1,0,0,1,0,0,-0.785777293743885,0.7587507459097571,-0.3361399854376369,-0.3585264903060374,1.5206937762658943,0.8606092462229683,-1.3318588640328437,-0.24575977605058288,2.0822297581983054,-1.070097616755428,-0.6427589687563252,-1.3010185952232889,-0.0657613640713568,-1.1360834821147296,-0.6467741770005345,1.6049226385456365,-0.38270318136017645,0.31262700837391366,-0.8569681418843186,-0.924503623057108,0.7168209422114972,-0.31061116696246377,-1.2336853609777543,1.0661509197328662,1.140837564891179,0.924503623057108,0.8569681418843179,-1.1495128896453646,-0.7848207026180125,-0.7370670544973751,0.12399424524260985,-0.03337721691295973,-1.2851844898232538,-1.0357458890816678,-0.8177176958673952,-0.4183195767369984,0.6118943119331598,-0.3311783002420958,-0.13168642102891215,-0.7367263106307022,-0.3130987707090945,1.3945294446097283,-0.12479618717266176,-0.5429799678216537,0.038603250264021984,1
0.08200488108800677,-0.2566442469673251,-1.168717627632051,0.3052077222492148,1,0,0,1,0,0,-0.785777293743885,0.7587507459097571,-0.7839013350458762,0.4394313818446596,0.2556084424433621,0.2439305196762697,-2.49382488995847,0.45673087857593725,0.5560223049051396,-1.9667079943703603,-1.5598185160637261,-2.196650374421805,0.9746874204950751,-0.9164589577827049,-0.4902551563334803,1.566693463076085,-0.5823742378724804,0.19850615912018488,-0.7532939460423284,-2.2488613537311073,2.5520092236060927,-1.1180043177449317,0.8142747213870719,2.0794232937240023,2.221643092791701,2.2488613537311073,0.7532939460423277,-0.9545452942874786,-0.6347222057676005,-0.6642861793182697,0.17567624722125458,-0.06751377738387422,-1.1591645145976028,-0.9541866793037505,-0.762349526635866,-0.4803306735805153,1.7776459848341521,-1.2416975682086098,-1.0348848456460813,-0.5162996974004062,0.27921023634565156,-0.9212626601166852,-1.3595243465075295,-2.046048046899492,-0.76555472453303,1
-1.0231064002732158,-1.2100515879114147,1.4383931084795292,-0.13478617003801185,1,0,0,0,1,0,-0.7100636717190902,0.16274186559328455,-0.8350740607153893,2.4907444034358277,-1.0707561904610863,-1.7997400969433188,0.9976831093293633,1.2480701704693857,-1.5526250656895952,0.8941886936999803,0.09995450584586672,-1.2607691086763262,-0.7567813973373323,0.5414779874878685,0.25001469778231666,0.2759410321683282,0.6700062715900917,1.00039817231843,-1.2649401125490116,-0.4649864905896614,-0.8462642247648023,-1.4625562413027553,2.3997846037227477,-0.5436244871356071,0.8467483505960498,0.4649864905896614,1.264940112549011,0.1317027369921738,-0.18442671521636386,-1.155557086777232,-0.8579637923516437,-0.5795621844475838,-0.655084613695,-1.9328971966387571,-1.814344742034923,-0.4803306735805153,-0.9701972441467586,-1.5452039908641146,-1.2173491738515698,0.002351157259115363,-0.21156008378542468,-1.5874494299694895,-0.7833178721512579,-1.0440026608476,-0.8892713360402683,0
0.5189093411610479,-0.8493028643109486,-0.15484123025532542,-1.6014324776621007,1,0,0,1,0,0,-0.7353015457273552,0.3313687683169695,0.13720772700535894,-0.502031604369397,1.4877730587670175,0.6428264037079268,1.1705507176890377,0.09429386138286952,-1.7830575222226652,1.6112516739363245,0.8249012861642169,0.2800993671301997,-0.7381633315301163,0.023382246673849427,-0.41030339988350506,-1.1094642424726648,0.4147132380430271,-0.23073633118307152,0.25295560183580257,0.13114384342216406,-1.6043160019385598,-0.5404542228211827,1.3225947982975952,-1.7654745143739727,-1.297681190567334,-0.13114384342216406,-0.2529556018358033,-0.14682239923337803,-0.5596729573423944,-0.6369933511261053,-1.0646918002662225,-0.8697229484503528,0.006520256239666901,0.02452383803125581,-0.09793149585751397,-0.6663639641110671,-1.5253170883853264,-0.6346847228976005,-0.48749186102961545,0.22277777048941236,-0.5161761445564365,-1.3019408143182878,0.4514102871836102,0.5704037944582268,-1.0129879475475077,1
2.317927706167689,-0.5658574386248675,-1.168717627632051,1.0385308760612593,1,0,0,1,0,0,-0.07911682151246661,-0.41524138029410446,1.8259076740992901,-0.7028230341274041,0.8133652694943978,0.22380684839664572,-0.4687131081476641,-1.0598034985969493,-0.35684709653212354,-1.0787824802882624,-0.07628222657069594,0.7136706844140305,0.6864908251177205,-0.5611144227223642,-1.8426439238623902,-0.25578855354160046,-1.1261724408901927,-0.26679601098939587,-0.08286747959746427,1.055548651906717,0.09109806684684989,-0.39130667083537946,0.2307791072526681,0.3406722189467518,-0.16130374656357654,-1.055548651906717,0.08286747959746356,-0.7595776989295921,-1.835510180570898,-1.264728399545891,-1.1809763047181743,-1.4841810369268051,-0.24551969421163483,-0.22015379130249568,-0.2086678343205727,-1.3484860293897554,0.3898463742377325,-0.02767187758659086,1.2185496076917033,1.1693155802430386,1.2607508766078017,0.12560226393772106,-0.28942660841731066,0.23638866577426285,1.3376276710900281,0
-0.25209852955608386,0.05256894469021735,-0.15484123025532542,-0.8681093238500562,1,0,0,1,0,0,-0.43244705762817587,-0.2541736145890675,0.08603500133584588,-0.4910372609532525,0.54055298010052,0.18400669853250057,1.1655528277648504,-0.061777497432219566,0.7881241857517122,0.6248818226199281,1.0235269265665945,-0.19263652341533383,-1.8366381523557123,0.4287998962467651,-0.5457689961022785,-0.3344505352105147,0.225062014008908,0.3946892720448092,-0.24687185720061178,-0.01788874008079301,-1.1922777757740433,-0.4619478453599057,-1.4134826978390123,-0.6210073878436287,-0.94529787863707615,0.01788874008079301,0.24687185720061106,0.6887530094432773,-0.25947596364157,0.9732835122116075,0.6278937645343975,0.700558833211691,1.2667200084961745,-0.6279498401920818,-0.5962450189412776,1.1939689411944467,-1.1644891896302574,-0.5588081172337243,-0.4601222117987924,-1.0738493661593913,-1.2100238385348534,0.37938770007212164,0.7806711296729086,0.848749735028197,-0.8274130302866491,1
-0.9974061379159777,0.4648532002336079,-0.8790386569529866,-0.4281154315628296,0,1,0,1,0,0,0.47611640666936217,-0.5483984862379798,1.672389497090751,-0.6924073403647409,0.41254897326201007,0.11335025270626534,0.24980772982909924,-0.09344053575855146,-0.25267676187727267,-0.3692912042661948,0.2991449668139496,3.3733086357279887,1.3270928985776829,-0.45843069584556567,-0.608684681173583,0.6654687314772589,-0.8971863894408024,-0.12239238568542253,0.03622492998512883,4.56486320263511,-0.8054222790865174,-0.48151688373001855,1.0141494957827004,-0.39074607354170776,-0.5083954506484132,-4.56486320263511,-0.036224929985129536,-0.3139374809687093,-0.40957446049198204,0.6366719645082435,0.9121447754169449,0.4616029099152932,0.41608517572303205,1.0847935651441794,1.1755363964676604,0.8219023601333442,-1.0257092285706153,-0.9381911455531051,-1.8103582405194079,-1.1386807229918314,-1.1931007240475748,-2.1267434817550925,-2.676567716464722,-1.6563637301015341,-1.6934293108373202,1
1.7782221966656961,-1.1842838219399534,-1.6032360836506476,0.3052077222492148,1,0,0,1,0,0,1.1575390048925156,-0.651900516185621,1.4932849572474551,-0.6819916466020778,0.0889824427739265,0.02570048446612543,-1.6403883298046935,0.6361602522098458,-0.21457890210694394,-0.9070440979928076,-0.12489298981861796,-0.9298123666356207,-0.04239997739508618,-0.3688054824215422,0.4490365091119748,-1.888596986501617,-0.22032601368809024,-0.8079019159773447,-0.01001094667634824,-1.2582244350408798,1.9124938115397212,-0.42331499336245293,-1.604521288219114,1.0068865551280983,-0.6263919720842842,1.2582244350408798,0.010010946676347532,-0.23037994010104354,0.641115017460903,0.6002815269186915,-0.5478717804797735,-0.596630464683041,1.5817699465603012,0.758556726032511,0.8433273810784847,0.015758101167622184,1.8192799731520448,-0.36911660307403377,0.10551720563822252,-0.7496925819971905,-0.3469449996836519,0.2524949820049213,1.0276167615398821,0.4312308241732417,-0.76555472453303,1
-0.3291993166277972,-0.2051087150244015,0.5693561964423357,-0.4281154315628296,1,0,0,1,0,0,0.9177792018139987,-0.6222454401893867,-0.041896812837936774,-0.445902587981712,-0.5218537163013529,-0.13394730768555796,-0.06387577883086597,0.15550270623495854,0.7329805227741328,-0.516882528861725,-0.898616182375345,-0.8361013344772363,0.32247949163466433,-0.79828114733237,-0.7635540598106397,1.5434983610842725,-0.9780472842127895,-1.120181899689314,-1.2379708116036303,0.08746187929198715,-0.7088122911814756,-0.9783440397051216,0.5490580688501048,-0.2715399948986779,0.0746054483515991,-0.08746187929198715,1.2379708116036297,-0.8988402670423681,-0.9349191994684248,-0.9645072894320803,-0.12149526415595328,-0.4942207832702994,-2.135819322596396,-0.7910682597479163,-0.319404172783631,-0.9764194483286528,-0.8036612908751883,-1.0899443568808573,-0.8432973010303187,-0.46443461193445323,-0.5330992590437151,-0.794369942049485,-0.6186874509066087,-0.6543183440496418,-0.8892713360402683,1
-0.14929748012713334,-0.7204640344536393,-0.4445202009343899,-0.13478617003801185,1,0,0,1,0,0,0.29945128861150755,-0.5297913797305387,0.20117363409225028,-0.510132699518135,-0.06460006069436913,-0.013205280007814225,-0.2935577662692913,0.4509581333279722,-0.4926432200247009,0.23255662580590114,0.2894262924249635,0.44424847062385747,-0.245230710288892,0.6174800997218357,-0.14392042693717386,-0.5226172524811361,0.17139066465664038,0.05535868698747364,0.44932672572474713,0.16026515284228104,1.025178060081783,-0.7631305147013326,0.1482798476914814,-0.14422094893593146,-0.3222213719352566,-0.16026515284228104,-0.44932672572474786,1.07868820015905,0.340918023760079,1.555530513644453,0.9896677783849125,1.0248561576853752,1.5817699465603012,1.166352774922097,1.009431888773073,1.4420133285685155,1.194770148383656,-0.5588081172337243,0.6711566230752374,0.6506647255835172,0.549980068142106,0.09387908442092041,0.7806711296729086,0.9600881112561845,0.6571863078002155,1
-1.485711122703495,0.9544407536913834,-1.6032360836506476,0.3052077222492148,0,1,0,1,0,0,0.6906383357396142,-0.5838682830177894,-0.2721740783507456,-0.3330659055528607,-0.647952169075048,-0.1916351653538133,-0.13272792009041676,0.9526994166469805,-0.49942191031609184,-0.8638083696816294,-1.100951482438347,-0.5148040253748418,0.9595095602401884,-0.6176677720561616,1.121053590082559,-0.24986020315849392,-1.5211575045639107,-1.7796316804487144,-0.1354762624713289,-0.5677675826606664,-0.4326049562396148,-0.18456297117329573,0.4316410743869786,-0.34140436333415325,-0.30617311142640385,0.5677675826606664,0.13547626247132818,-0.6481676444393714,0.8662627627365218,-0.3640650692044592,-0.43158727602782254,-0.972132629863095,-0.6235796198885869,1.5741488238116832,1.839954427246013,-0.6043528672675491,-0.4150773999081907,-0.17942508891434333,-0.013084607695344815,0.20981149912292413,0.05920974801103089,-0.44541496736468245,1.1922471827845313,0.9600881112561845,-0.1469716669968365,0
0.544609603518286,-0.8493028643109486,0.5693561964423357,2.9451710759725747,1,0,0,1,0,0,0.7158762097478791,-0.585612699252862,0.36748499251816774,-0.526334889815611,-0.17444486185710553,-0.043614383274801535,-0.8018396829796205,0.6278680046881321,-1.7214281270886402,-0.7747631862125895,-1.6771650210099291,-0.5460438041586517,1.2443672176237508,0.7899140607498447,1.513948868675773,-0.8424383649811674,-0.476864124969706,-1.1797919436358197,-1.3475953222069719,0.5917900106131198,1.9042504203530297,0.6548722010074858,1.5066806055539255,0.5738047776124285,1.0285594629969987,-0.5917900106131198,1.3475953222069719,0.5216379277079463,1.0914105080121401,-0.600602913536552,-0.9096457943302884,-1.0233374705694662,-0.4660546508565234,-0.5463906304141645,0.06817301183707392,-0.5423417704240322,2.4437897979204335,1.1863538130354276,1.4101371523074657,2.115853389996665,2.293060860331788,-0.0012904541294803558,-0.9479482933959068,-0.8213259083916238,1.3994859768436472,0
0.23620645523143258,0.1298722426046032,0.27967722576327125,-1.161438585374874,1,0,0,1,0,0,0.7789708947685415,-0.6013124453685155,0.5465895323614635,-0.5598965697175259,-0.11106181251948245,-0.029751409726616142,-0.05783300524931776,-0.6763938879365511,1.6520915245133427,-0.33584177939671855,0.9010543869293496,0.713473468310471,-0.30441294027431015,0.2108904287096816,-0.9092743344465812,0.7504754677538105,-0.3871829870484344,0.39634810894091826,0.8489203546367114,0.13114384342216406,0.29113743313120766,0.01748077096057203,-1.5043089898890505,0.06977655506213426,-0.7844580475352116,-0.13114384342216406,-0.8489203546367121,0.4659329004628361,-0.6347222057676005,1.0005763404037717,1.2868392897621204,1.0419244379208312,0.6996301199807459,1.0032343553662626,0.6218547041523672,0.7598912632898273,-0.16527347000083534,-0.482931511569848,-1.5001688825700765,-1.8907244622481374,-1.751563502127764,-0.635754044465484,-0.28942660841731066,-0.26463402725168356,-1.569712699330082,0
-0.020796168340944693,-0.7719995663965628,0.5693561964423357,-0.4281154315628296,1,0,0,1,0,0,0.36254597363216995,-0.5315357959656113,-0.5408308881156891,-0.191296740449945,-0.8901006837723789,-0.2609500330947403,0.7994462354064101,0.6251094339265256,0.2254444532232756,0.13218232132591418,0.14924460165136982,-0.11668325296220068,-0.20509486438249666,0.4525973993877648,0.03852806136192591,0.2314751220352146,-0.304844450223522,0.08731780026157447,0.11065768597424898,-0.26889098598050765,-0.65941946233597,-0.8193857497645899,-0.07557994572038455,-0.4808483269641961,-0.10877645462052908,0.26889098598050765,-0.11065768597424969,0.6330479821981672,0.26586877533487285,0.7094528396873502,0.7312577684916879,0.5640125913280355,0.6051151385615076,-0.13859458152457876,-0.2086678343205727,0.38782468222872474,-0.8036612908751883,-1.0140677512169813,-1.0896241441077272,-0.9571529238609991,-1.057715808149347,-0.5088613263982832,-0.5363722402842841,-0.7099875321636356,-1.2604211705619852,0
-1.1516077120594044,0.5163887321765315,0.5693561964423357,-0.13478617003801185,1,0,0,1,0,0,2.8610955004503995,-0.7443545766444688,-0.7583149722111197,0.3323811959506212,-2.381578988124777,-0.8293319485703414,-0.5700174363851493,-0.4019476199843286,0.44079542251211196,-0.5159102776546243,-0.5464970385127068,0.3781578394926163,1.1256086023136223,-0.9066079365676666,-0.8017410298855303,-0.6353102916435213,-0.34868941091753053,-1.1896045789349454,0.1590389773671773,0.3580292690535297,-0.11324884692647799,-0.2514808408486884,-1.2410076833189039,0.3512070503200418,-0.4509444182998914,-0.3580292690535297,-0.15903897736717798,-0.968471551098756,-0.9349191994684248,-0.8280431484712572,-0.9936290475455861,-1.05747403104038,-0.8756195703398886,0.5954383064766764,0.5664865349208381,-1.565524868342065,-0.24854144663662048,-0.4070549059059717,-0.5696008087220858,-1.0738493661593913,-0.8884846632765624,-0.0012904541294803558,-0.28942660841731066,-0.15329565102369538,-0.6418381130257917,0
-0.3291993166277972,1.7790092647781635,0.5693561964423357,-1.6014324776621007,1,0,0,1,0,0,0.9177792018139987,-0.6222454401893867,1.1606622403956202,-0.6461153680862378,0.07303921708123537,0.020781364819995127,-0.3419979193575401,-0.6783431623484344,2.548760214401966,-0.996008803453816,-0.7597888458624281,-1.275535457270542,-0.01523404544995643,-0.7606318290676874,-0.7583410652983126,1.6971426220403647,-1.0510945388033759,-1.3028627587303971,-1.4375436385994584,-0.31393995325558316,-0.2844579293338813,0.1713578469476015,-1.778775933720059,0.3032962841890865,-0.2842291912274428,0.31393995325558316,1.4375436385994576,-0.8709877534198129,-0.9349191994684248,-0.982702508226857,-0.06981326217730856,-0.47715250303484213,-2.356354279241285,-0.709509049969999,-0.09793149585751397,-0.9144083514851348,-0.24854144663662048,0.19995793940503753,0.12376363845877164,-0.8274902101961188,-0.6684841749419423,1.2359135470257274,0.36909507656128593,0.23638866577426285,-0.332546584257695,1
-0.14929748012713334,-0.4885541407104817,-0.4445202009343899,-0.13478617003801185,1,0,0,0,1,0,0.29945128861150755,-0.5297913797305387,0.6361418022831113,-0.5755201103615206,0.16140842586256568,0.03732749453879705,1.2430381308924638,0.2962036060047963,-0.7782538371710717,1.287727432552375,1.0673973958349645,0.7285287996009076,-0.6199425016939801,0.6664592724085158,0.001537032730380701,-0.5142787303007386,0.11534780548261654,0.22647808004633127,0.8432886699243073,0.15726295599484702,-1.062556527568596,-0.40500897934186997,0.5470985399701688,-1.6252597747275028,-1.1665571266190782,-0.15726295599484702,-0.843288669924308,0.9672781456688292,0.340918023760079,1.0551619967881019,0.5891322630504142,0.615217432034406,1.424244977528238,1.166352774922097,0.7879592118469556,0.8219023601333442,-0.9146852597229018,-0.17942508891434333,0.7258959215368835,0.9229564242797662,0.12690220596014448,0.09387908442092041,1.2745623934068555,1.5167799923961247,0.5334696962929761,1
0.9558138012340891,-0.8493028643109486,0.27967722576327125,2.9451710759725747,1,0,0,1,0,0,-0.25578193957032125,-0.3373241217941949,0.36748499251816774,-0.526334889815611,0.47299900134875084,0.1473368975340747,-1.8530377934361677,-0.5355646287013177,-0.6903695308189935,-0.5638574731206865,-0.8453509972479255,0.01879418701747506,1.331076576469832,-0.37125801547423665,0.04223248166938545,0.3944186103256086,-0.016166212750746815,0.028441037844774645,0.74512626677265,-0.7133741297612541,2.2057375250522475,0.7773868335309901,1.3401109419372144,0.7457049293032607,1.126764836159626,0.7133741297612541,-0.7451262667726507,-0.3974950218363748,-0.03432821836595151,-0.20940570944885942,0.020630241285320403,0.017827623793410803,-0.4660546508565234,0.8401159358104279,0.5111183656893089,-0.35630847989348147,2.610325751192004,1.1863538130354276,1.0908245779478607,1.7138989776355367,1.988444799560775,-0.0647368131630805,-0.37174181903963527,-0.7099875321636356,0.904619530814692,1
-0.7661037767008384,0.1298722426046032,-0.4445202009343899,-1.161438585374874,1,0,0,1,0,0,-0.5207796166571032,-0.194863462596599,0.5465895323614635,-0.5598965697175259,0.9640064492997569,0.28283628415020934,-0.9928985963339265,-0.3363544897500051,0.658851983319085,-0.635952681383186,0.07136362750090153,-0.17627138504168988,-0.6300674035553282,-0.8325789026968564,-0.5488540148353437,-0.49184285656928733,-0.547731613433191,-0.40306645404263625,-0.2548898489945435,0.012383503443245562,0.5487466384373253,-0.08817281040621788,-1.3949273705771534,0.31600975243702245,-0.4862921527066912,-0.012383503443245562,0.25488984899454276,-0.9823978079100336,-0.8598699510432187,-1.3466068841223853,-1.3489428111487698,-1.4500444764558913,-0.5920746260821743,-0.8726274695258333,-0.8730858650989243,-1.4104971262332722,0.029018475482663446,-0.5588081172337243,-1.4910456661598026,-1.8388593767821853,-1.633101700716815,-0.6040308649486834,-0.28942660841731066,-0.32030321536567735,-1.6315710050837011,1
-0.14929748012713334,-1.4934970135974959,-0.4445202009343899,1.7718540298733036,1,0,0,1,0,0,0.29945128861150755,-0.5297913797305387,-0.2849672597681238,-0.31859966421582847,-0.46758293208315554,-0.161226062086826,0.0937383982142171,0.2924843604709475,-0.13222816303889764,0.029104865367761353,-0.3627723506454901,0.193487292216912,0.8710870581012484,0.6682784736068503,-0.08891065548646751,-0.629343819441671,0.22019684209491389,0.1730663579325383,1.2358039974376995,-0.9617617689328484,0.53739045218041,-0.4905127066359922,-0.45166951630845015,0.17902462389151347,0.6405874368528366,0.9617617689328484,-1.2358039974377002,0.911573118423719,0.19081952690966666,0.8823074182377254,0.3824042551358344,0.4616029099152932,1.2667200084961745,1.4925896140337656,0.8986955503100138,0.44983577907224165,0.19555442875423396,-0.7105613285614767,-0.934529465133063,-0.996051737960463,-0.8715615487892844,0.12560226393772106,-0.6186874509066087,-1.0440026608476,-1.2604211705619852,0
-0.7661037767008384,0.9544407536913834,-0.4445202009343899,0.3052077222492148,1,0,0,1,0,0,-0.5207796166571032,-0.194863462596599,-0.2721740783507456,-0.3330659055528607,0.39009477083069316,0.10753674766992953,-0.3353631866175011,-0.23240538914841816,-0.7088384860376928,-0.4835192036636813,-0.43088231685536027,-1.0788811272376742,-0.7909091159331797,-0.7231682553870583,-0.41375515979659433,-0.7250143043430343,-0.6059332696514519,-0.3149258369210229,-0.5940660301642549,-0.8822777243979375,-0.2562505253143471,-0.09550714598164538,0.24043650089158927,0.05237019220994024,0.2527043303763201,0.8822777243979375,0.5940660301642541,-0.8709877534198129,-0.7097714541928067,-1.1737523055720087,-1.3101813096647865,-1.4329761962204342,-0.18250970659880966,-1.0357458890816678,-0.9284540343304539,-1.1624527388592034,-0.3595654154843339,-0.2553016945782196,-0.5148615102604385,-0.32180562690308556,-0.2792525417345383,-0.3819686083310823,0.6983559190505837,0.29205785388825667,-0.5799798072721716,1
-0.25209852955608386,-0.7719995663965628,-0.15484123025532542,-0.4281154315628296,1,0,0,1,0,0,-0.43244705762817587,-0.2541736145890675,-0.5408308881156891,-0.191296740449945,-0.1738023267573339,-0.047639117530726326,0.8653585516350142,-0.015233562907658508,0.014466810695201232,1.1887613059620794,0.7111898193752404,-0.42519513754266547,-0.9094991193358098,0.6743587473390616,0.263080046960817,-1.1045524322918479,0.8362058807796118,0.5292501539522709,0.07195265285990604,-0.651277219968356,-0.5294908165968454,0.28445635896767113,-1.1297452866841864,-0.7767723945772812,-0.4078718312450251,0.651277219968356,-0.07195265285990675,0.577342954953057,0.19081952690966666,-0.13662483426975403,-0.6770767854263857,-0.34060626115118536,0.8256500952063961,-0.709509049969999,-0.8177176958673952,0.20179139169817292,-0.6093693453916895,0.04820472807728505,-0.5878472415426337,-1.0349505520599276,-1.2269469530221315,0.6331731362065233,0.2044646553166367,-0.09762646290970158,-0.76555472453303,0
-0.7661037767008384,-1.95731680108381,-0.4445202009343899,-0.4281154315628296,1,0,0,0,1,0,-0.5586364276695006,-0.11636473201833188,0.5465895323614635,-0.5523741242222691,1.048156237724814,0.3373937929527454,0.03992464161768472,0.19907036484745724,-1.0281391909850208,-0.023511352049573383,0.12274812559538208,0.270993452163765,-0.10283640082147,-0.5550141584372232,0.33472119340346185,-0.9228111104363931,-0.9431942144581549,-0.44729605763677194,0.6912331826893887,-0.31595390708670573,-0.6100797936210494,0.06208602044061302,0.47816454651895635,-0.9034929177604207,-0.596276116150744,0.31595390708670573,-0.6912331826893894,-0.6203151308168162,0.11577027848446049,-0.5187244289600577,-0.8838047933409655,-1.1598837124531223,0.6051151385615076,0.2692014673650073,-0.04256332662598434,-0.728375060954584,-0.38732140769626244,0.4275877563966659,1.1090710107684099,1.2211806657089916,0.7192112130148905,0.41111087958892223,0.9453015509175579,0.848749735028197,0.6571863078002155,1
0.004904094016293398,0.3617821363477598,-0.15484123025532542,-0.4281154315628296,1,0,0,1,0,0,-0.11697363252486404,-0.3751198068874346,-0.6687627022894718,-0.020595092672964856,-0.8901006837723789,-0.2725770431674119,-0.19392531058622633,0.8436412151245065,-0.547217802060853,0.522363095919559,0.1809198485351826,-0.8150938601963271,-0.2633558594921708,-0.8469303411959027,1.2322074079845804,-0.8366616125667719,0.08706987505128821,-0.31060795461566215,-0.49837739391320257,-0.6174061782631385,-0.5765849528115085,0.0764742876655489,-0.09269916596921209,-0.619341844883034,-0.538452876569161,0.6174061782631385,0.4983773939132019,-0.9266927806649233,0.7161642658861095,-0.8826288048555859,-1.1292943027395286,-1.040405750804923,-0.2770246880180474,-0.30171300108041293,-0.09793149585751397,-0.790386157798101,-0.3595654154843339,0.4275877563966659,1.0634549287170376,0.8451587960808378,0.5161338391675497,0.7600658542737248,1.2745623934068555,1.0157572993701793,0.5953280020465953,0
-1.7170134839186342,-0.3339475448817109,1.7280720791585935,-0.13478617003801185,1,0,0,1,0,0,-0.2810198135785862,-0.3169725990516812,1.8642872183514247,-0.7022443844739228,1.026870595270044,0.2989352211739085,0.46734780690562733,-0.3617861197005627,-0.7885613354587862,0.996047815482312,1.454503667073677,0.5136869486276381,-1.679431123845651,0.3992909923519245,-0.05606801560935432,-0.8240831416356139,0.4644067418810509,0.635961777785853,-0.22109974072011698,0.919891761772715,-0.2508916471535045,0.4403950960018812,0.24986567946469254,-0.8850985634884879,-1.2700331068246717,-0.919891761772715,0.22109974072011698,0.10385022336961848,-0.3345252120667762,-0.8735311954581982,-1.1163738022448682,-0.9038595089212672,0.29006520049738066,-1.4435419379712537,-1.5375038958772762,-0.6043528672675491,0.19555442875423396,1.1863538130354276,2.030515868206127,1.8824605053998806,1.3115202200696365,0.41111087958892223,1.1922471827845313,2.017802685422071,1.8943524228726025,1
-0.020796168340944693,-0.6431607365392533,0.5693561964423357,-0.8681093238500562,1,0,0,1,0,0,0.36254597363216995,-0.5315357959656113,-0.2849672597681238,-0.3139704669879782,-0.5031741488122929,-0.1661451817329563,-0.10137008310544872,0.038416173603039304,1.1287632600006194,-1.0494453336829488,-0.6659564432980998,-0.11539324473455073,0.11701922141923128,0.5548786924670497,-0.33942098850031993,0.2570537618694372,-0.4625841609640639,-0.16331730705783376,-0.24687185720061178,0.08746187929198715,0.6953858197564254,-0.3927518990522959,-1.2847429497054015,0.9590424056954691,0.7063284289394685,-0.08746187929198715,0.24687185720061106,0.49378541408539117,-0.3345252120667762,-0.054746349693259644,0.08523274375862654,-0.10165033785478751,-0.08799472517957138,-0.6279498401920818,-0.5962450189412776,-0.4183195767369984,0.5008703430854462,-0.482931511569848,-0.40538291333714505,-0.9701191952274875,-0.5838686025055501,0.8552353928241243,-0.6186874509066087,-0.6543183440496418,-0.20882997275045564,1
1.1614159000919912,0.026801178718756015,-0.4445202009343899,0.3052077222492148,1,0,0,1,0,0,-0.36935237260751347,-0.28208427435022915,-0.3361399854376369,-0.2896671815417641,0.05627490836719799,0.006918391271809734,-0.7494433568212886,0.5781590061015432,0.7287079604970382,-0.776127964080175,-0.5602082102233418,-0.1657029804817997,1.26958321890065,0.119669659802338,-0.1015403426322042,-1.0827413838184683,0.2534915948649973,-0.3762391104398356,-0.6862106428504532,0.45457625868389784,1.1616917451840043,-0.8952622664124106,-2.0842188654172036,1.2998567340960874,0.3609738476843529,-0.45457625868389784,0.6862106428504524,-0.28608496734615396,-0.5596729573423944,-1.4739734156858193,-1.6977963245046235,-1.5353858776331764,-0.6865896075014126,-0.38327221085833024,-0.09793149585751397,-1.2244638357027204,0.8894542340524437,-0.9381911455531051,-0.4601222117987924,-1.3980061503215924,-0.9054077777638412,1.0138512904081252,-1.277209135885205,-1.266679413303576,-0.5181215015185524,1
-0.5348014154856993,-0.12780541711001567,0.5693561964423357,-0.4281154315628296,1,0,0,1,0,0,-0.3945902466157784,-0.2646401119995031,-0.6559695208720935,-0.07556680975368728,-0.5265725691785598,-0.14512712506312683,0.34178189263599684,0.23019527403343487,-0.551107902972119,-0.31714911417659697,-0.3244929965229629,-0.9693905300030502,-0.32587654526353976,-0.3200696085020928,-0.14649637930361697,-0.959068637339171,-0.36171604402428525,-0.6722534326443117,-0.18804420001687264,-1.1356331163529634,-0.795065823154241,-0.4627070946583703,-0.21038852271215375,0.06977655506213656,-0.23446784562598916,1.1356331163529634,0.18804420001687194,-0.28608496734615396,-0.10937746679115769,0.09991301006234013,-0.4186667755331612,-0.5283573437412127,0.5421051509486824,1.0032343553662626,1.2309045656991897,0.07776919801113909,-0.7759052986632599,-0.482931511569848,-0.17730250308028428,-0.2569742700706454,-0.21156008378542468,-0.2233527107470814,1.6861384465184783,1.127095675598167,-0.7036964187794109,0
0.08200488108800677,0.7998341578626126,0.27967722576327125,-0.13478617003801185,0,1,0,1,0,0,-0.44506599463230834,-0.22975178729805104,-0.630383158037337,-0.08366790490242532,-0.36914960729584884,-0.11203486562552299,0.6884453407663624,0.8616599604696475,-0.901366759977777,-0.11234164297946893,-0.8553160987368221,-0.6395980444796046,0.3194296885747145,1.7641153900999833,0.8102845703238784,-0.7462988683532372,0.8051986022676662,0.1112183425378986,-0.16027754582615011,-0.7133741297612541,0.8053833068969278,-0.37093004234485605,0.48224016694831484,0.9501874626871333,1.2205358828834354,0.7133741297612541,0.16027754582614942,1.6078859589875987,0.7161642658861095,-0.07294156848803632,-0.44450777652248397,-0.11871861809024475,0.16404522527173035,-0.5463906304141645,-0.5408768497097485,-0.10826409251941274,0.6674062963570164,-0.4070549059059717,-0.2046721523111086,0.06718251409155555,0.4484413812184362,-0.12818317219668063,-0.5363722402842841,-0.8769950965056176,0.10046155601764112,1
-0.2263982671988458,1.3924927752062353,-0.15484123025532542,0.3052077222492148,1,0,0,1,0,0,-0.4576849316364408,-0.21928528988761545,0.08603500133584588,-0.4927732099136964,0.5830372143411301,0.2121798383239741,0.891933700229562,1.490988756634112,-1.1686988447035849,1.2928152941933502,0.9950732284326352,0.7774008823223603,-0.956470680759501,0.771121643723402,0.5302269901901739,-1.0216100536130202,0.8307736668362383,0.4489264533311481,0.3871222082195544,0.6763389906671557,-0.4697598616836069,-1.5152591011226615,0.5710308921697537,-0.9227291100323533,-0.8553546264002657,-0.6763389906671557,-0.3871222082195551,0.7166055230658329,0.491016520610491,0.00893691608845806,-0.5220307794904515,-0.18699173903207253,0.7941451013999841,-0.5463906304141645,-0.762349526635866,0.20179139169817292,-0.4150773999081907,-1.3934507795363622,0.16937972051014377,0.4432043837197094,0.025363519036474696,-0.5405845059150832,0.12214944469431245,0.514734606344233,0.16231986177126023,1
1.0329145883058024,2.5262744779505577,-1.8929150543297122,-0.4281154315628296,1,0,0,1,0,0,0.07231042253712305,-0.4902512784022264,1.5444576829169683,-0.6814129969485965,0.6204985378889775,0.14957286100958847,0.32490801650322876,0.04506954517863709,-0.2885776621423893,0.2174959244253072,0.31533796818168186,-0.22420846895752533,-0.44550816025584383,-0.32223498859559074,-0.17423531899699746,-0.6475065338083582,-0.37791938471353387,-0.32397520920520867,-0.46991781074089073,0.16026515284228104,-0.7737659099114657,-0.23640448285858012,-0.25618628962777684,-0.6685613549277225,-0.7262535377484123,-0.16026515284228104,0.46991781074089,-0.4253475354589299,-0.3345252120667762,-0.555114866549611,-0.7804407893836761,-0.8697229484503528,0.1010352376589052,-0.38327221085833024,-0.2086678343205727,-0.4183195767369984,-0.5538573609678327,0.12408133374116129,1.1638103092300558,0.8321925247143505,0.4822876101929924,0.8235122133073248,0.7806711296729086,0.9600881112561845,0.6571863078002155,0
-1.4343105979890196,1.7532414988067013,-0.15484123025532542,-0.8681093238500562,1,0,0,1,0,0,1.1196821938801182,-0.6460857954020456,-0.041896812837936774,-0.4412733907538617,-0.593573791866737,-0.15585974974559294,-0.48325076285821,0.8750086913473055,-0.49492748033220585,-0.5346718788723416,-1.2591872882049786,-1.011119375110099,1.262402503305242,-0.2793398400767759,0.8748009457708555,-0.8003907411473761,-0.3955647757189998,-1.8183556414075588,-0.6711839829354725,-0.7133741297612541,0.39285887253845503,-0.32462050576480367,-0.12773305968143223,0.3300719538382219,-0.1382652250473983,0.7133741297612541,0.6711839829354719,0.35452284597261524,2.067050737539819,2.9019767044579075,1.881182312516537,1.5881094054554559,1.0146800580448727,2.2266225020350205,3.058054150339658,1.3800022317249987,0.25106641317809053,-0.4070549059059717,-0.350643614875499,-0.3607044410025493,-0.21156008378542468,-0.5088613263982832,0.4514102871836102,0.1250502895462747,-0.45626319576493324,0
0.4932090788038099,-1.4934970135974959,1.0038746524609323,1.7718540298733036,1,0,0,1,0,0,-0.3062576875868511,-0.3053431574845305,-0.3745195296897717,-0.27867283812561955,-0.07718263097501368,-0.01946597773925279,-0.3146013839536507,0.09764777088968814,-0.6543362503146088,-0.21392659450089155,-0.31053185379312787,0.10708698276795987,0.04405964982478511,0.2145585249109885,-0.126626474430068,-1.0068540866010587,-0.10705077918617059,0.02080471613188282,0.4407888507730546,-0.29111514316954507,0.65184523265944,-0.2608762523497705,-0.11729168182190206,0.18285130762111793,0.42401837452158725,0.29111514316954507,-0.4407888507730553,0.27096530510494976,-0.03432821836595151,0.28186519801010423,-0.3023822710812103,-0.32353798091572933,1.2352150146897614,0.10608304780917345,-0.09793149585751397,0.20179139169817292,0.41760236644966076,-0.4070549059059717,-0.5422311594912614,-0.5162996974004062,-0.4146374576327655,-0.033013633646279864,-0.37174181903963527,-0.5429799678216537,-0.6418381130257917,1
-0.8175043014153137,-0.978141694168258,-0.4445202009343899,-0.4281154315628296,1,0,0,1,0,0,-0.7100636717190902,0.14820506363434618,-0.24658771551598904,-0.33653780347374845,1.0212840512104937,0.3740635939511713,-0.0781037065354765,0.2968183570274946,-1.1823479091880738,-0.4233121490480845,-1.1609276658003018,-1.807973657672729,0.10945079859209432,-0.3705454714789073,-1.0033186127836249,-0.39136498416650034,-0.76101344307002206,-0.8872738080230311,-1.9697378439216704,-0.5122984218604396,-0.2616395639050081,-1.412495071079225,1.2230251347573784,-0.18274049965558278,0.6430126433924531,0.5122984218604396,1.9697378439216704,-0.20252742647848845,-0.7848207026180125,0.74584327727690225,0.4082452561251572,0.06903246449978255,0.5736101447550955,-0.7910682597479163,0.12354118106860354,0.8219023601333442,-0.24854144663662048,-1.317574173872486,0.023408257945752128,0.6506647255835172,0.5330569536548284,-0.3185222492974822,-0.12479618717266176,-0.3759724034796717,0.038603250264021984,1
-0.48340089077122306,-1.5450325455404195,0.27967722576327125,0.3052077222492148,0,1,0,0,1,0,-0.6974447347149578,0.040632729138202366,0.16279408984011548,-0.5043462029833221,1.2948083765390717,0.4210188269369605,0.9165593784583,-1.7597789206749128,2.4114086474686753,1.316937070283967,2.8210609195199114,0.52595907122391,-2.023483190463455,-0.2146345445217367,-0.28927917464774183,2.150053431541403,-1.0052701828523074,0.1827575449430387,-0.6862106428504532,1.3979208031972914,-1.4889584351998093,2.125558268925052,-1.1358800554209352,-2.7759057254616146,-3.4890901877893334,-1.3979208031972914,0.6862106428504524,-0.3139374809687093,-0.40957446049198204,-0.4732363819731166,0.6408142650290589,0.17144214591252482,-1.1906695084040155,-0.38327221085833024,-0.09793149585751397,-0.17027518936292965,-1.3032691506898992,2.8556391376407038,1.473999667179387,0.5469345546516133,-0.685407289429221,0.41111087958892223,1.439192814651505,2.7971713190179877,0.16231986177126023,1
-0.6890029896291251,-0.5658574386248675,-0.15484123025532542,1.478524768348486,1,0,0,1,0,0,0.19849979257844777,-0.5152545777716003,-0.5536240695330674,-0.1768304991129128,-0.8201023544756483,-0.259608455009432,0.44713959745240806,0.39580929542806514,-0.2763959028157219,-0.6209693299480409,-0.8147109132785072,0.14173476997170126,1.2776141115500876,1.030739613028248,-0.5664164640207069,0.21688298685360533,-0.1569642093885339,-0.2956680818391059,-0.0741697193470499,0.266869946255213,0.40814438166119255,-1.1106842590907364,0.5957889441390051,0.6832464800271127,0.7705017537218709,-0.266869946255213,0.07416971934704919,1.245803281894381,-0.3345252120667762,0.764038496071679,0.7700192699756713,0.6664222727407777,0.1325402314653172,0.9216751455883455,1.0648000580046022,0.6358690696027934,0.5286263352973745,-0.9381911455531051,0.534308376921121,0.7803274392483975,1.0407503882731821,0.030432725387320277,-0.7833178721512579,-0.7656567202776299,0.5953280020465953,1
-0.4577006284139859,-0.978141694168258,-1.168717627632051,-0.4281154315628296,1,0,0,1,0,0,-0.4198281206240434,-0.2559180308241401,1.7363554041776421,-0.6941432893251848,1.1845910939012805,0.33962975642825916,0.9349746416071067,0.5675541216479452,2.6093821367115067,-0.38217470723779895,-0.21239117632416424,2.913237057878453,1.011251556953412,0.23715276453752793,-0.4097332559856991,0.6403547901986962,-0.11857010237397167,0.30921222368130635,0.8549852458654548,3.1253439301633743,-1.0631447509209027,-1.1894476247053543,-2.9236179871345165,0.3987212897791689,0.5780044844330643,-3.125343930163374,-0.8549852458654554,0.49378541408539117,-0.10937746679115769,1.0005763404037717,1.2222367872888142,1.1101975588626602,0.4790951633358572,0.8401159358104279,0.4557501964577793,0.8219023601333442,-0.8869292675109735,-0.9381911455531051,0.9722227646142934,-0.8793552956620708,-0.685407289429221,4.059276524020944,-1.853415610241477,-0.8213259083916238,1.3994859768436472,0
-1.2030082367738797,-0.3854830768246345,1.0038746524609323,-0.13478617003801185,1,0,0,1,0,0,-0.34411449859924853,-0.28615457889873186,-0.5280377066983108,-0.19418998871735144,-0.27820839517963436,-0.06999875228586407,1.654123463179027,0.934214540212948,-1.9692515632694945,0.7756492581197515,-0.4626730098994806,-0.1581420828221485,0.614625843498279,1.5163240899395762,0.20520332996158783,-0.7152424654704509,0.9053364948931177,0.5738643007198088,-0.030386078764458365,-0.18555039652161812,-0.7850057770142524,-1.076670583619884,1.9732831572298943,-0.15013593612509038,1.1617643687562313,0.18555039652161812,0.030386078764457654,1.1343932274041606,-0.03432821836595151,-0.6278957417287164,-0.8708842928463041,-0.5112890635057554,0.06953024385249205,-0.5463906304141645,-0.5962450189412776,-0.4183195767369984,-0.8036612908751883,-1.0899443568808573,-0.42362934615769415,0.5987996401175653,0.49921072468027106,-0.794369942049485,-1.0302635040182315,-1.211010225189582,0.038603250264021984,0
0.10770514344524394,-0.7719995663965628,-0.15484123025532542,-0.4281154315628296,1,0,0,1,0,0,-0.8236341047562825,3.020677130720565,-0.579210432367824,-0.11317903722997104,2.0234626633927073,2.410579127449116,1.3698590200248626,-1.8221293007921235,1.5947540466048906,1.4007466026852495,1.8041200340684278,-0.7733128091029827,-1.59567174629394,1.0799762103961525,-2.0485306921765525,1.0012410254711765,1.0225670908216882,1.9542288622939286,-0.10086982058087872,-0.9546649792422314,-0.8257228089541452,0.44875657193802715,-1.1739315350035573,-0.8783582685340111,-0.43752027856316067,0.9546649792422314,0.10086982058087801,0.9672781456688292,-1.9105594289961043,-0.09113678728281299,0.4340862571144791,0.8541733553308051,0.06953024385249205,-1.3619827281933365,-1.482135726645747,0.6978801664463103,-0.859173275299045,0.19995793940503753,-0.5604775923118106,-1.0349505520599276,-1.2607931819966884,0.728342674756924,0.4514102871836102,0.013711913318286572,-0.76555472453303,0
0.3647077670176212,-0.2051087150244015,-0.4445202009343899,0.5985369837740325,1,0,0,1,0,0,-0.6469689866984278,-0.0233291994811264,-0.15703544559434116,-0.3631556875338877,0.843988333151166,0.2627126128705854,-0.47576692332920184,-0.052507012969994105,0.7506386836173852,-0.5618905382973987,-0.09004847648138298,0.6551231429160199,0.4000762436943923,-0.6086548297959228,0.20366178692264741,-0.10241338298984103,-0.6202441367247072,-0.4568297192498922,1.2174476778394407,-0.31393995325558316,0.05340475396930867,0.27609143039785194,-1.129063800245508,0.14405439838533785,-0.3289378765205851,0.31393995325558316,-1.2174476778394414,-0.4253475354589299,0.491016520610491,0.8732098088403377,0.6795757665130432,0.3762615087380082,0.7311351137871589,1.6557080335896,1.0648000580046022,0.2638024885416898,0.0012624832707351544,0.19995793940503753,-0.14993285384946126,-0.6978274965312384,-0.6007917169928287,0.47455723862252236,0.36909507656128593,0.23638866577426285,-0.2706882785040748,0
-1.7170134839186342,-0.07626988516709207,1.7280720791585935,-0.8681093238500562,1,0,0,1,0,0,-0.2810198135785862,-0.3169725990516812,-0.68155588370685,-3.423548011197542e-4,-0.7651144145514226,-0.24350951798573287,1.389421606592568,0.9961470362835196,-1.5765171318820737,1.5166399651695504,1.0377624442249889,0.032377089520627664,-1.4615074483291846,0.6871584430053853,0.27478958008085075,-0.686173450482087,0.6329505423983446,0.4530906052492176,-0.5666803935267488,0.6061852033378367,-1.2454239465289825,-1.0919649003191128,1.4656135895001439,-1.4212598244339132,-0.9067872138142695,-0.6061852033378367,0.566680393526748,0.29881781872750485,-0.10937746679115769,-1.0008977270216337,-1.1551353037288514,-0.8867912286858101,-0.18250970659880966,-1.4435419379712537,-1.4267675574142176,-0.6663639641110671,-1.1644891896302574,-1.0140677512169813,0.041654690766301246,0.7932937106148858,0.10997909147286698,-1.016432198667086,0.2044646553166367,0.5704037944582268,-0.2706882785040748,1
0.9558138012340891,0.15564000857606544,0.27967722576327125,-1.161438585374874,1,0,0,1,0,0,-0.25578193957032125,-0.32278731983525655,-0.8094876978806327,0.9081376011645034,-1.6190412403228231,-0.9500739762480851,0.28596448911505035,0.45617659496711904,-1.3078767688530641,0.06591316381779376,-0.5159310278255193,0.7729376839498585,1.2165435503971769,-0.3288126194955925,0.07736839850302546,-0.23616539188218882,3.4443911146102236e-4,-0.035600728997402915,0.6359402782403267,0.4234769879856554,-0.7261862783810574,-0.5486107295704064,1.5505879140152234,-0.08870289202825647,0.6359784216467612,-0.4234769879856554,-0.6359402782403275,-0.4253475354589299,-0.10937746679115769,-0.5278220383574467,-0.5607922809744348,-0.5283573437412127,-0.2140147004052217,0.6769975162545934,0.40038202722625016,-0.6663639641110671,-0.8036612908751883,-0.7105613285614767,-0.7520651369275744,0.08014878545804377,0.04228663352375219,-1.175048096251087,-1.0302635040182315,-0.9883334727336057,-0.45626319576493324,0
1.1614159000919912,-0.12780541711001567,-0.4445202009343899,-0.4281154315628296,1,0,0,1,0,0,-0.36935237260751347,-0.28208427435022915,-0.6559695208720935,-0.07556680975368728,-0.5631529328367916,-0.15854290591620948,0.7151114234335504,0.006276507547720251,-0.42091103178451583,0.4430696268870097,0.1225728715965536,-1.7204376298704056,-1.2272696275843271,0.1972004876930386,-0.40062308434203553,-0.9100037701889373,0.5609828038854527,-0.18641174779535322,-1.0383979846077995,-1.3166012534636966,-0.7973394382661129,-0.4099501148336048,-0.33906654755837556,-0.04229753596977426,-0.341345525819639,1.3166012534636966,1.0383979846077986,-0.23037994010104354,-0.7848207026180125,-1.4830710250832082,-1.6331938220313174,-1.381771355514063,-0.844114576533476,-0.709509049969999,-0.319404172783631,-1.1004416420156866,-0.8036612908751883,-0.482931511569848,-0.350643614875499,-0.46443461193445323,-0.44848368660732285,-0.2550758902638815,1.8507688677631275,1.1827648637121608,-0.9511296417938885,1
0.08200488108800677,-0.23087648099586283,0.27967722576327125,-0.13478617003801185,0,1,0,1,0,0,-0.44506599463230834,-0.22975178729805104,-0.4768649810287978,-0.21560002589615912,-0.032884767729416335,-0.010074931142094942,0.7072844048730744,-0.1210210265150582,0.3965592079176451,-0.11178905811415266,-0.10916322241233489,-0.35814249097165374,0.045922122804890116,1.7386338956605807,0.4872259711029292,-0.45439663528886515,0.9693147794822151,0.49875781316845025,0.07195265285990604,-0.5598254073642694,0.7537263206583166,0.65419743895413,-0.9987345186563841,1.1121757481857018,0.6288574647377472,0.5598254073642694,-0.07195265285990675,1.5800334453650435,0.41596727218528484,-0.082039177885424,-0.3023822710812103,0.08610074473523979,0.1325402314653172,-0.709509049969999,-0.8177176958673952,0.015758101167622184,0.6674062963570164,0.5793409677244183,-0.06782390615699217,-0.5681647828663581,-0.1269445113490324,0.6966194952401235,-0.5363722402842841,-0.8213259083916238,0.16231986177126023,0
2.52352980502559,0.5163887321765315,-0.4445202009343899,-0.13478617003801185,1,0,0,1,0,0,1.5361071150164898,-0.6873703129654305,-0.7583149722111197,0.32080820288099543,-2.0894812396782836,-0.7765632105482164,-0.35781340044469323,0.002208124451853001,0.9037743043458174,-0.920339704984136,-0.3555545825448749,0.08887515283509256,0.5396800003134271,-0.6381954505013947,-0.3686610193188225,-0.4838268029718529,-0.48331171991457667,-0.6097892712150352,-0.01001094667634824,0.13114384342216406,-0.14012913105110192,-0.3723472362609128,-1.7216890275668606,0.7640759378809096,-0.13310216655319176,-0.13114384342216406,0.010010946676347532,-0.3696425082138195,0.04072103005925432,1.3826759350940767,0.8733832739329616,0.615217432034406,1.2037100208833493,0.758556726032511,0.8433273810784847,0.8219023601333442,-0.24854144663662048,-0.482931511569848,-0.4692454282090663,-1.2294446225572482,-0.9054077777638412,0.5380035976561225,-0.5363722402842841,-0.5429799678216537,-0.5181215015185524,0
-0.8175043014153137,0.49062096620506923,-0.4445202009343899,1.0385308760612593,1,0,0,1,0,0,-0.7100636717190902,0.14820506363434618,-0.3233468040202586,-0.30124017461138985,0.9333833856429823,0.34678483954990325,-0.47454717236429905,-0.4161076063139605,0.6873123691105966,-0.5975306125000968,-0.8457323094098137,-2.138013800774315,-0.0280395439983257,-0.4130717736942578,-1.0587168755659715,-0.20853312463910187,-0.7729348940451047,-0.6387578660724842,-2.018119135314598,-0.9144498376620688,0.247132945732509,-0.489478576190683,-1.1491347130792708,0.04079629811338027,0.47587069069954935,0.9144498376620688,2.0181191353145973,-0.3417899945912644,-0.9349191994684248,0.2636699792153276,0.11107374474794844,-0.20406001926752979,0.3215701943037938,-1.0357458890816678,-0.2086678343205727,0.44983577907224165,0.19555442875423396,-0.482931511569848,-0.08607033897753999,-0.6589286824317738,-0.6007917169928287,1.3945294446097283,0.03983423407198747,-0.3759724034796717,-0.023255055489598248,1
-0.6633027272718879,-0.4885541407104817,1.0038746524609323,0.3052077222492148,1,0,0,0,1,0,-0.21792512855792381,-0.3431388425777702,-0.7199354279589849,0.043056369209976894,-0.9947166954774226,-0.29717264139806343,1.793767953634628,-0.024987811199292588,-1.309373438070737,1.7641063532196735,1.0028206062759653,0.8784461021826331,-0.8912105518242275,2.242329896072626,0.25665132701683463,0.1804435098307336,1.8455966257763532,1.721810266520841,0.004530982273630621,1.1936019387174324,-0.25376839309390786,0.2914042203512494,1.9712856795866678,-0.5531318511650777,0.37729669981631786,-1.1936019387174324,-0.00453098227363133,0.911573118423719,-0.5596729573423944,-2.2199773862716525,-1.8140808289565742,-1.1940202729240363,-1.5057194464681423,-1.9328971966387571,-2.146553757424099,-1.8445748041378918,-0.3318094232724056,0.12408133374116129,-0.39625969692687113,0.6247321828505417,0.34690269429476517,-1.175048096251087,-0.8656330827735822,-0.4316415915936655,0.038603250264021984,1
-0.6890029896291251,-1.3904259497116478,-0.15484123025532542,0.3052077222492148,1,0,0,1,0,0,0.19849979257844777,-0.5152545777716003,-0.822280879298011,2.050970666790048,-2.188951221620703,-1.9813003311550372,0.6866102248451649,0.5124748488555253,-0.44980099031353427,-0.40478396872671174,-1.1704987306958017,-0.4051705075071588,1.1441607706720138,1.0684277738855141,-0.7192000611556354,0.2815821483598291,0.05013861379940307,-0.17689787606652918,-0.2249492467260648,-0.3295023237687902,0.11281221117267431,-1.4238666461217102,0.8978559256037386,0.5965536184415329,1.3489993306081138,0.3295023237687902,0.22494924672606412,1.050835686536495,-0.6347222057676005,0.15449866644666885,0.279040251178545,0.2909201075607231,-0.37153966943728567,0.35076067714292497,0.5111183656893089,0.139780294854656,-0.27629743884854874,-1.5452039908641146,-1.4180599348776075,-0.8274902101961188,-0.5669454880182719,-0.9847090191502859,-1.1948939252628807,-1.4336869776455579,-1.0129879475475077,0
-0.9460056132015023,-0.3854830768246345,1.4383931084795292,-0.13478617003801185,1,0,0,1,0,0,-0.571255364673633,-0.1134573716265442,-0.5280377066983108,-0.19418998871735144,0.12929097528148495,0.06281747815965406,1.0470614412082804,0.6275692904376232,-1.1436773050401163,0.5356734760057739,-0.40179555134497397,-0.7047772252919733,-0.18167957161073786,0.5824391979367665,-0.02046092677199058,0.130350110051879,0.47620480791726005,0.5972593142608946,-1.1014209826064827,0.13114384342216265,-0.87399803839499135,-0.8818558533853716,1.6944344790918036,-0.25146377140795767,1.1054613683560641,-0.13114384342216265,1.101420982606482,0.0759977097470634,-0.4846237089171882,-1.4284853686988783,-1.1551353037288514,-0.9379960693921812,-0.9386295579527137,-1.85133798686084,-1.7589765728033937,-1.0384305451721696,-0.9424412519348303,-1.0140677512169813,-0.8615437338508666,0.04124997135858002,-0.0592520533999176,-0.826093121566285,-1.277209135885205,-1.378017789531564,-0.5181215015185524,0
-1.485711122703495,-1.132748289997029,-1.6032360836506476,-0.13478617003801185,0,1,0,0,1,0,0.7158762097478791,-0.5838682830177894,-0.8350740607153893,2.563075610120989,-2.7227680592437014,-2.4298346043431,0.09223298335806676,1.4874989222810873,-1.8908953814574654,-0.7420106113039104,-2.0810900107785755,0.36482214278563635,2.2446625389413777,-0.6614966177898549,0.5705350161628634,-0.4516418923205573,-1.3293263749364828,-1.5956310377212444,0.004530982273632039,0.4930801176436292,-0.7892118348778739,-1.470089498390923,2.131060786218501,-0.3157288127736611,1.1476957934502274,-0.4930801176436292,-0.004530982273632748,-0.7038726716844818,0.340918023760079,-0.46413877257572894,-0.6124742829530796,-1.05747403104038,-0.49755964466293656,1.166352774922097,1.2862727349307197,-0.728375060954584,-0.9979532363586869,-1.6210805965279906,-1.7008796435961144,-0.5940973255993336,-0.6684841749419423,-1.6191726094862895,-1.5241547677521787,-1.545025353873546,-1.136704559054746,0
-1.7170134839186342,-0.17934094905293926,1.7280720791585935,0.3052077222492148,1,0,0,1,0,0,-0.2810198135785862,-0.3169725990516812,-0.7839013350458762,0.38445966476393717,-1.3228712416024608,-0.5408926602290647,-1.070608143443676,1.0493786614993967,-1.0415370471038217,-0.618530293355905,-1.170510838629125,-2.164598628330625,0.1375497733357791,0.6551849986461099,0.2181522914886878,-0.6077580129061179,0.7315327653424208,0.38654809334683404,-0.9702511656336119,-1.989971065968748,2.143359815788113,-1.2217649688805066,0.8130778440772225,1.560969889886434,1.899110394787166,1.989971065968748,0.9702511656336112,0.10385022336961848,-0.3345252120667762,-1.5103638532753727,-1.5298298180740268,-1.2281568333949502,-0.7495995951142377,-1.6882195673050053,-1.592872065108806,-1.1624527388592034,1.6943780081983673,-1.2416975682086098,-0.5604775923118106,-0.08841274230630035,0.5330569536548284,-0.5088613263982832,-0.7833178721512579,-1.4893561657595522,-0.332546584257695,1
-0.2263982671988458,0.5163887321765315,-0.15484123025532542,-0.13478617003801185,1,0,0,1,0,0,-0.4576849316364408,-0.21928528988761545,-0.7583149722111197,0.32080820288099543,-0.8813816535575657,-0.4165730909904989,0.7439405473663204,0.6264131231601441,0.5343935824792612,0.2282510361349514,0.753954321653581,0.7943439333924838,-0.46119144853377825,0.978103970319535,0.6440943933639542,-1.054363973489717,1.2410693855949446,0.8278567360738985,0.6912331826893902,0.3978337296906128,-0.05715747813799288,-0.21453204639624734,-1.7900680404233291,0.9222707339661996,-0.17193657025316075,-0.3978337296906128,-0.6912331826893908,0.744458036688388,0.41596727218528484,-0.43684594438356456,-0.8838047933409655,-0.40887938209301433,0.5421051509486824,-0.8726274695258333,-1.2052948804881005,-0.23228628620644656,-0.16527347000083534,-0.3311783002420958,-0.42362934615769415,-1.2294446225572482,-0.8546384343020056,0.506280418139323,-0.7833178721512579,-0.7099875321636356,-0.45626319576493324,0
-0.8175043014153137,-1.3904259497116478,-0.4445202009343899,0.5985369837740325,1,0,0,1,0,0,-0.7100636717190902,0.14820506363434618,-0.7455217907937414,0.19061203084770548,-0.08065639712306966,-0.03332895128743818,-0.38187802281860966,0.27738549547360214,0.45621438067584325,-0.8424795627497672,-0.2492074353236406,-1.5528928305384857,-0.3328339299967449,-0.49513138477265506,-0.8285421917049625,-0.14548798361791834,-0.6297234298103813,-0.5614694993361113,-1.532862003731795,-0.5976867361744845,0.036281240961378136,-1.2107356768638908,-0.7698617343844552,0.513712563567961,-0.2241838138356532,0.5976867361744845,1.5328620037317944,-0.48105256270404034,-0.7848207026180125,-0.054746349693259644,-0.12149526415595328,-0.3576745413866426,0.006520256239666901,-0.7910682597479163,-0.1532996650890431,0.139780294854656,0.08453045990652028,-1.0899443568808573,0.24236545179233895,-0.2051091846046925,0.008440404549195996,0.28421816152172197,0.4514102871836102,0.18071947766026855,-0.08511336124321738,0
-1.3829100732745436,-0.6689285025107157,0.27967722576327125,1.0385308760612593,1,0,0,1,0,0,-0.7983962307480176,2.058340841038846,-0.23379453409861076,-0.3388524020876736,1.8274050522604526,1.8448803681441313,-0.9438594627557121,-1.2440666353139638,0.7088552274349369,-0.8517448224798482,0.0642429749128353,0.5988063909553794,0.47403698421934465,0.10604625989695275,-1.5838777997787996,0.8498593792472989,0.6329505423983469,1.5150911857819072,0.6912331826893887,0.13114384342216406,1.4184197324327432,0.12082648959780058,-0.11500212667679935,1.77827522823529,1.3956726405962634,-0.13114384342216406,-0.6912331826893894,-0.3417899945912644,-1.685411683720486,-1.6468279942361959,-1.051771299771562,-0.7843815472730677,-1.033144539371952,-1.1988643086375024,-1.5375038958772762,-1.2864749325462383,0.3898463742377325,-0.6346847228976005,-2.1661636805201105,-1.87775819088165,-1.2607931819966884,-1.4288335323854886,-2.018046031486126,-2.213055611241474,-1.8171459223445585,1
0.5189093411610479,1.1605828814630785,-0.15484123025532542,-0.4281154315628296,1,0,0,1,0,0,-0.7353015457273552,0.3197393267498188,-0.38731271110714993,-0.2780941884721383,0.9968359358155401,0.4608189768011056,-0.32864608516136407,0.5591241774377692,-0.6245342861892742,0.12592854656610353,-0.4193948747184235,0.13186701366022166,-0.10044937344088574,-0.13546459130419197,-0.2195801949470626,-1.6371385445533755,0.8096365555010157,-0.4279660574738917,-0.49529816032406576,0.6710815639820534,0.32163575804906847,-0.9873860994909704,-0.7914070609936168,0.63270040697961,0.12740831911354383,-0.6710815639820534,0.4952981603240644,-0.17467491285593337,-0.25947596364157,-0.17301527185930607,-0.9742482968035945,-0.6478353053894121,0.41608517572303205,-0.6279498401920818,-0.4855086804782194,-0.23228628620644656,0.05677446769459199,-1.0899443568808573,-0.8068044353892204,-1.047916823426415,-0.7700228618656133,-0.2233527107470814,-0.7010026615289333,-0.48731077970765985,-0.5181215015185524,0
-1.3829100732745436,-1.3904259497116478,0.27967722576327125,0.5985369837740325,1,0,0,1,0,0,-0.7983962307480176,2.058340841038846,-0.7455217907937414,0.19061203084770548,0.7118913981583822,1.4356990521251107,0.2633163304308514,-0.3863153001535421,1.2662149115652428,0.14721189621941463,1.387214870127978,0.39669789132064753,-1.2276768350839613,-0.002336686632390302,-1.5806235402061461,0.7622815090465518,0.5812192768930365,1.361580626848074,0.9953441571592244,-0.4461216066019436,-0.36848255704503374,-1.05320409089072,-0.9649388001170195,0.3774533112414301,-0.474128799401483,0.4461216066019436,-0.9953441571592251,-0.4253475354589299,-1.685411683720486,-1.6650232130309723,-1.1034533017502068,-0.8526546682148961,-1.0646495331783645,-1.1173050988595852,-1.5375038958772762,-1.3484860293897554,-0.3040534310604773,-0.9381911455531051,0.24236545179233895,-0.30883935553659736,-0.14386762583630988,0.31594134103852145,0.6983559190505837,0.514734606344233,-0.08511336124321738,0
1.1614159000919912,-0.7719995663965628,-0.4445202009343899,-0.4281154315628296,1,0,0,1,0,0,-0.36935237260751347,-0.28208427435022915,-0.579210432367824,-0.11317903722997104,-0.35352211593602956,-0.12947538073453044,0.8324385628285492,-0.5306901520317425,-0.22647496429011008,0.6369875502834944,0.15210063586814662,-1.6572213613022035,-0.8268426319225216,0.3655665307578222,-0.972467511268628,-0.880647197251507,0.3332704182865463,0.11378746584388615,-0.49529816032406576,-1.7690215962405276,-0.7922563152203457,-0.2458077164816869,-0.5753666408050307,-0.53006384353950875,-0.08664696244061167,1.7690215962405276,0.4952981603240644,0.0759977097470634,-1.0850176963188372,-0.8735311954581982,-1.1422148032341901,-0.972132629863095,-0.024984737566746233,-0.6279498401920818,-0.4855086804782194,-0.6663639641110671,-0.7203933142394032,-0.17942508891434333,0.1785029369204177,-0.1532440991387405,-0.3469449996836519,0.9504049313745251,1.6861384465184783,0.793080546914203,-0.20882997275045564,1
-1.1259074497021662,-1.3904259497116478,-0.15484123025532542,0.5985369837740325,0,1,0,1,0,0,-0.81101516775215,2.572943630385264,-0.7455217907937414,0.19061203084770548,0.9787998169698778,1.8314645872910487,-0.15429573971201796,-0.18974302994301923,2.6208238102197887,-0.5766454427252407,1.0263898866732708,-0.022856884861148195,-0.7364182837426159,-0.8341993871043254,-1.3792434025073128,2.4411685293136456,-0.6180717515821347,0.9354204273887511,-0.060099813059615065,0.02843219803499119,-0.618970216478765,-1.1212674996097602,-1.1296150001230851,0.1661414222810025,-0.4211011385782223,-0.02843219803499119,0.06009981305961435,-0.9545452942874786,-1.4602639384448675,-1.1464594773798444,0.09815324425328795,-0.15285517856115927,-1.4742144526617298,-0.9541866793037505,-1.0391903727935126,-0.790386157798101,-0.5538573609678327,-1.0140677512169813,0.1876261533306929,-0.4385020692014777,-0.3469449996836519,0.6331731362065233,0.2044646553166367,0.23638866577426285,-0.023255055489598248,1
1.1614159000919912,-1.132748289997029,-0.4445202009343899,-0.13478617003801185,1,0,0,0,1,0,-0.36935237260751347,-0.28208427435022915,-0.8350740607153893,2.563075610120989,-1.932001799981851,-2.1977415955847706,0.9066351883975863,0.14086186857254857,-2.591307028572184,1.2729854511146068,-0.23923200281276807,0.10729562893740273,0.5577601102262595,0.3988066985170229,-1.1474926368756146,-1.0593851823928573,0.8459543382559302,0.42702388403884206,0.23272740579640636,-0.08447776675232606,-0.8622153452521756,-1.3428702686645673,2.477823575770195,-0.8808873774291994,0.7279190295836753,0.08447776675232606,-0.23272740579640636,0.2152602778598393,-1.1600669447440433,-0.5005292101652823,-0.9354867953196102,-0.596630464683041,0.3845801819166189,-0.13859458152457876,-0.26403600355210183,-0.4183195767369984,-0.9979532363586869,-1.4693273852002382,-1.3268277707748632,-0.07544647093981212,-0.4146374576327655,-1.5557262504526888,-1.1125787146405561,-1.266679413303576,-1.198562864808365,0
-0.2006980048416086,-0.30817977891024867,0.5693561964423357,0.5985369837740325,1,0,0,1,0,0,-0.23054406556205628,-0.3326723451673346,0.8408327049611636,-0.6021379944216599,0.6595819493200106,0.2094966821533576,0.343653497406336,0.9426551359030072,-1.7392535009883643,0.4075779164858887,-0.03596011862078022,1.078802213289209,0.18579614415177928,-0.1432936885614809,0.20854911686503982,-0.9624809936898902,-0.17780325664173968,-0.5412477657046214,0.46109514795545875,1.0140489972048288,-0.6210359188297789,-1.084903830223657,1.4104172238431214,-0.7269181361057064,-0.4816731824924028,-1.0140489972048288,-0.4610951479554595,-0.09111737198826762,0.26586877533487285,0.21818193222838655,-0.3282232720705331,-0.3747428216220998,0.6366201323679207,0.4323198869208419,0.2342775195316623,-0.10826409251941274,-0.7203933142394032,-1.1658209625447336,-0.7794347861583975,-0.010615114107371936,-0.29617565622181696,-1.5874494299694895,-0.6186874509066087,-0.2089648391376897,-0.5181215015185524,1
-1.5371116474179702,0.7482986259196881,0.27967722576327125,3.2385003374973924,0,1,0,1,0,0,0.13540510755778543,-0.5076954407529524,-0.579210432367824,-0.16815075431069346,-0.8359652222306702,-0.26050284039963756,-2.477744303561803,1.137890213321576,-2.6741358150006223,-1.5532894955972751,-3.3936286246402103,-0.6464780691209097,3.84697961551555,-1.0847647032226109,0.20520332996158783,-2.1876379291422046,-1.1843913066576937,-3.165871937922341,-0.2548898489945435,-0.6289223324429117,2.361479659019204,-1.3562218369084087,1.4572680993956475,0.9239717532789457,1.3210256578613586,0.6289223324429117,0.25488984899454276,-0.8988402670423681,0.5660657690356972,1.0824548249802661,-0.37990527404917784,-0.801449827508525,0.3845801819166189,3.042214599814193,3.611735842654951,-0.17027518936292965,2.2772538446488637,-1.2416975682086098,0.16937972051014377,0.9099901529132779,1.2776739910950803,-0.6992004034990842,-0.7833178721512579,-1.0996718489615938,0.5953280020465953,0
-0.6633027272718879,0.026801178718756015,1.0038746524609323,-0.13478617003801185,1,0,0,1,0,0,-0.2684008765744537,-0.32278731983525655,-0.13144908275958464,-0.37935787783136377,0.14430935650958898,0.04492977035554388,1.2995536792986961,-0.8177631789029236,0.4331160541837401,0.9565481302896708,1.0297030922850048,0.2188413937196467,-1.1724175963193892,1.0871665948496985,0.09442757447847203,0.004093648808707159,1.5584967840961685,1.262659908557776,-0.46991781074089073,0.7645323233097284,-0.7207769738283922,1.2170010980781996,-0.5879704332801118,0.2531439202372986,-0.10592280677626453,-0.7645323233097284,0.46991781074089,0.18740776423728422,-0.6347222057676005,-2.1290012922977706,-1.8011603284619129,-1.262293393865864,-1.4742144526617298,-1.9328971966387571,-2.0358174189610403,-1.720552610450858,-0.8869292675109735,0.5034643620605421,-1.308581337954314,-1.3591073362221284,-1.1931007240475748,-0.7309235830158842,-0.7833178721512579,-0.5429799678216537,-1.136704559054746,1
0.2619067175886707,-0.46278637473902035,-0.15484123025532542,-1.161438585374874,1,0,0,1,0,0,2.053483532185921,-0.7234215818235976,-0.38731271110714993,-0.2838806850069512,-1.2112102719246574,-0.3369727912622086,0.054555255398962776,0.9235949502104138,-1.5524324132158729,-1.1820013320097782,-2.2345999525778697,-2.2354281503043616,0.40434873800040555,0.32119223918663437,0.8748009457708555,-1.4299139478374425,-1.665986896657542,-2.601126343989741,-2.147135912362408,-0.9193541232206256,0.24507109024814827,-0.39130667083537946,0.6853014984585963,-0.055156545352094064,0.36559577329716647,0.9193541232206256,2.147135912362407,0.6330479821981672,1.3165582532877582,1.1734309189541483,0.13691474573727128,-0.5454256239766699,0.6996301199807459,-0.22015379130249568,1.1201682272361313,0.7598912632898273,0.5563823275093027,-0.02767187758659086,1.2185496076917033,1.4416072789392878,1.3284433345569153,0.6014499566897238,1.1099319721622063,0.6817421706862145,1.0283361423219313,0
0.4161082917320974,-1.132748289997029,0.5693561964423357,-0.13478617003801185,0,1,0,1,0,0,-0.38197130961164594,-0.28731752305544694,-0.7199354279589849,0.0835618449536671,-0.7917689528053914,-0.2855456313253918,0.2982497205873155,0.8265873203509451,-0.03206864583510686,-0.1687358544981087,0.5710126702137167,0.8812350620685426,-0.259394123686297,1.1261607709652477,0.11685364454230884,0.020955266365423757,0.7376804318066411,1.25708534431789,0.6006469349749696,0.6061852033378352,0.7105230765210105,-1.0174556220617097,0.06489693494165358,0.9594225421377436,0.48495472974305015,-0.6061852033378352,-0.6006469349749702,0.8001630639334981,-0.10937746679115769,-0.6278957417287164,-0.5220307794904515,-0.22112829950298704,0.1325402314653172,-0.9541866793037505,-1.2606630497196296,-0.6043528672675491,0.16779843654230542,-1.2416975682086098,-1.4363063676981567,-1.1905458084577836,-0.8038690908401701,-1.2702176348014877,-1.277209135885205,-1.211010225189582,-1.2604211705619852,0
-1.460010860346257,0.0010334127472937634,1.7280720791585935,-0.13478617003801185,1,0,0,1,0,0,-0.25578193957032125,-0.32336879191361406,-0.5664172509504457,-0.17393725084550635,-0.46758293208315554,-0.11427082910103677,0.7136916064466973,-0.1076370623791193,1.0273339113336328,-0.1398393026166145,-0.29265198730498876,-0.7768740078415018,0.24668034910743547,0.7067218959969389,0.09720698871237422,0.05856306318650843,0.14497976686877526,0.4053034113823321,0.05260013630273529,-1.1117316642817359,-0.28625736051408535,0.2451150734494466,-1.3455496419806732,0.33267333123362214,0.7761618117167345,1.1117316642817359,-0.052600136302735995,0.38237535959517033,-0.18442671521636386,-0.8007503202790929,-0.6512357844370638,-0.5624939042121272,-0.37153966943728567,-0.46483142063624716,-0.5408768497097485,-0.728375060954584,-0.47058938433204756,-0.1035484832504671,-0.9162830323125138,-1.385039878955104,-1.1931007240475748,0.886958572340925,-0.4540570296619595,-0.9326642846196119,-0.9511296417938885,1
-0.7661037767008384,-0.5658574386248675,-0.4445202009343899,1.0385308760612593,1,0,0,1,0,0,-0.6595879237025604,-0.008792397522188045,1.6979758599255073,-0.6947219389786661,1.7392301616702532,0.5301338445420326,-0.49040089981388046,0.30909680203059087,-0.8231395393084241,-0.598598030057424,0.38065589030308983,1.9688963659049437,0.707103842187529,-0.7420348270794885,-0.4047148797505231,-0.6375700786303994,-0.4472943225205125,0.2219032436953117,1.6737455617457806,1.0253393444399002,-0.05951806721542916,-0.8296795432260851,0.48456288357284877,0.3651379268106768,-0.2782259728769144,-1.0253393444399008,-1.6737455617457813,-0.6760201580619267,-0.3345252120667762,0.16359627584405784,-0.19901826712392082,-0.3576745413866426,1.2352150146897614,1.247911984700014,0.4557501964577793,-0.10826409251941274,0.16779843654230542,-0.5588081172337243,0.9722227646142934,1.1044842234105985,1.209981533145967,-0.44541496736468245,-0.5363722402842841,-0.09762646290970158,0.7190446135538346,1
1.0586148506630406,1.7532414988067013,-1.8929150543297122,-0.8681093238500562,1,0,0,1,0,0,0.04707254852885811,-0.4786218368350757,-0.09306953850744984,-0.41639145565416624,-0.11277384770415104,-0.04629753944541806,-0.42685672125469676,0.0013634152536239595,-0.24968784260682186,-0.3785181503843117,-0.06914180283210551,-0.6572895364143906,-0.3383042479507781,-0.29291425416500855,-0.2671878994194656,-0.6198439408199885,-0.5008552924014379,-0.5167403764694053,-0.5252107151899527,-0.3755669404878874,0.30087819029106666,-0.26953430244190735,-0.28155173756655016,0.014714066859504675,-0.41460867230075893,0.3755669404878874,0.525210715189952,-0.3417899945912644,-0.3345252120667762,-0.2821865846279648,-0.5478717804797735,-0.6990401460957827,0.19555021907814235,-0.22015379130249568,0.012804842605544792,-0.17027518936292965,0.19555442875423396,-0.3311783002420958,-0.2594114507727547,-0.3607044410025493,-0.33002188519637315,-0.3502454288142823,0.4514102871836102,0.29205785388825667,-0.45626319576493324,1
0.3647077670176212,-0.9523739281967958,-0.4445202009343899,1.478524768348486,1,0,0,1,0,0,-0.6469689866984278,-0.03786600144006476,-0.5920036137852022,-0.11317903722997104,0.21019201111646588,0.05834555120862652,-0.8423759399152836,0.5664870978138477,0.21337188675448104,-1.0974688998741635,-0.9981437485767888,1.6556402512701958,2.2067191774375954,-0.5877394970348477,0.37751513177255036,-0.025514868868759564,-0.844286297429703,-0.6979317443193749,1.0497640157485626,1.2169526660865582,0.5840818698422359,-0.3993349481551893,-0.3173264997624239,0.6454298408169414,0.6162412512666836,-1.2169526660865582,-1.0497640157485635,-0.45320004908148526,0.5660657690356972,0.5911839175213025,0.48576825909312477,0.10316902497069583,0.3845801819166189,1.9003856629233515,1.397009073393778,0.07776919801113909,-0.026493508941193386,-0.8623145398892288,-1.7464957256474865,-1.605466492185401,-1.311562525458524,-0.9212626601166852,-2.018046031486126,-1.9347096706715041,-1.2604211705619852,0
-1.1259074497021662,-0.9523739281967958,2.452269505856255,-0.4281154315628296,1,0,0,1,0,0,0.6401625877230843,-0.5716573693722812,-0.2210013526812325,-0.3388524020876736,-0.5709349135589238,-0.17777219180562792,0.39756838500641284,0.682905927646971,0.07455345487185623,0.05752480828949993,0.04103030011605168,-0.8496845112051835,-0.39298841035134335,0.17481254486617795,-0.4627202918081567,1.3624711332663537,-0.4120210208088777,0.5601998798478478,-0.5252107151899527,-0.6379707392984506,-0.3781578821620704,-1.400852847814385,1.2672350223521498,-0.48626529610783414,0.49358474896267085,0.6379707392984506,0.525210715189952,0.5982323401699732,0.003196405846651406,1.6283113888235585,2.2364960761197206,1.9081396598702747,0.6996301199807459,-0.6279498401920818,-0.4716666381703368,1.3024883606706021,-0.47058938433204756,-1.3934507795363622,-0.5422311594912614,0.14498014229048395,-0.0592520533999176,-0.635754044465484,-0.4540570296619595,-0.7656567202776299,-0.76555472453303,0
1.3927182613071303,-1.7254069073406524,0.27967722576327125,1.7718540298733036,1,0,0,1,0,0,0.2868323516073751,-0.5297913797305387,-0.4512786181940413,-0.24916170579807387,-0.6846519880969489,-0.21488918549915656,-0.7404926480130145,-1.415108467074074,1.4001542343310336,-1.1674244415346995,-1.0168366207950934,-0.45518314944886473,0.7572703267943469,-0.4927819646342532,-1.6614232766799377,0.6985462711332421,-1.0953485057359706,-0.8932629929013431,-0.7099870034754222,0.08334093927970501,0.5372911198620154,0.2779034150397857,-1.2120861088316932,0.49098627634614106,0.44983995455430076,-0.08334093927970501,0.7099870034754215,-0.45320004908148526,-1.535313186870074,0.08171779126756346,0.4340862571144791,-0.05044549714841698,-0.5920746260821743,0.10608304780917345,0.5111183656893089,0.07776919801113909,0.11228645211844858,-0.17942508891434333,-1.1991027410310207,-1.5406351353529608,-1.2946394109712458,0.15732544345452057,-0.8656330827735822,-0.9326642846196119,-0.9511296417938885,1
-0.9203053508442651,-1.4934970135974959,2.1625905351771904,-1.6014324776621007,0,1,0,0,1,0,0.31207022561564,-0.5303728518088963,0.5210031695267069,-0.5506381752618252,0.10144428502523377,0.017651015954275845,1.7771859699794978,-0.41124548468296346,0.5929911819771649,1.811575674449137,2.142244718401605,1.020365470712901,-1.5665186678614635,1.7979151758064644,0.12158666340405695,0.25028670267144226,1.4094890434972887,1.3521198503822915,0.9704170281043213,0.42920901042807535,-0.6747646932822392,0.6862501841079245,-0.5591248124577627,-1.0496966550232436,-1.4649411873006375,-0.42920901042807535,-0.970417028104322,1.9978211497033713,0.340918023760079,0.6821600114951846,0.7183372679970265,1.3150169216881435,0.4790951633358572,-0.05703537174666111,-0.4855086804782194,0.6978801664463103,-0.7203933142394032,0.4275877563966659,-0.5057382938501646,-0.6978274965312384,-1.0238695791747903,-0.5405845059150832,0.5337254978059351,0.848749735028197,-0.7036964187794109,1
-1.1773079744166424,-1.9315490351123477,1.0038746524609323,-0.4281154315628296,1,0,0,0,1,0,-0.3945902466157784,-0.2832472185069442,0.46983044385719386,-0.5436943794200497,0.7055920471450928,0.2023415990317135,1.5518444842281593,0.2621870037973775,-1.0339010315485888,1.74267534767649,1.3807200263233685,0.14546191012650178,-1.220519352236433,1.3887401552410503,0.3528923563341128,-1.009662363452758,1.086722313021829,0.7871787620931437,0.3871222082195544,-0.18555039652161812,-0.7702647313117857,-0.006340075182567779,0.3987640422136193,-1.2766667234829998,-1.0264768070460215,0.18555039652161812,-0.3871222082195551,0.9672781456688292,0.04072103005925432,-0.7643598826895395,-1.1163738022448682,-0.6990401460957827,0.29006520049738066,-0.5463906304141645,-0.762349526635866,-0.6043528672675491,-0.6648813298155464,0.12408133374116129,0.40658334717727845,0.5599008260181015,-0.025405824425361403,-0.12818317219668063,1.0276167615398821,1.0157572993701793,-0.1469716669968365,1
0.23620645523143258,0.15564000857606544,-0.8790386569529866,-1.161438585374874,1,0,0,1,0,0,0.22373766658671274,-0.5222322427118907,0.5337963509440852,-0.554110073182713,0.16020168463103465,0.026594869856330937,-0.9543741469505601,-0.6802588063469418,1.0737650517031019,-0.4359989153483104,0.44435706700892097,0.26397852507851405,-0.35537628541973515,-0.872287702495298,-1.2489655450909667,-0.050889518027281616,-0.6101007368520256,-0.3530605207717731,0.06048449490010199,0.30004743805884815,0.4555008888965903,-0.3175097050090708,-1.5190118548713138,-0.015959040688578563,-0.9223808308068749,-0.3000474380588474,-0.0604844949001027,-0.7595776989295921,-1.0850176963188372,0.4547197765604794,0.3565632541465125,0.08610074473523979,0.4790951633358572,0.5954383064766764,0.6218547041523672,0.2638024885416898,0.1400424443303771,-0.5588081172337243,-0.8980365994919648,-1.4498712357875443,-1.3623318689203594,-0.2233527107470814,0.12214944469431245,0.29205785388825667,-1.0748462533011267,1
-0.1749977424843705,0.10410447663314094,-0.4445202009343899,-0.13478617003801185,1,0,0,1,0,0,-0.028641073495936725,-0.4303596543314004,-0.8478672421327675,3.0115290915689874,-2.748997710658253,-2.6583500715406077,-0.6395984817815379,0.8413373286751179,-0.4328563161696909,-0.426770177316934,-0.9372737826272916,-0.31241885068565506,0.7334962430431499,-0.5839241832506435,-0.8383902696218353,0.13598730569727305,-0.425985006063316,-0.13102867848940877,-0.11972941589683889,-0.30735587342307225,0.3059270947353287,-1.9946428546827657,0.7283832126363909,0.15413953659516955,1.0905778194213505,0.30735587342307225,0.11972941589683818,-0.6760201580619267,-0.9349191994684248,-0.6915790075104341,-0.5220307794904515,-0.6478353053894121,-0.43454965705011084,-0.38327221085833024,-0.3747723420151606,-0.9144083514851348,0.05677446769459199,-1.9245870191834955,-0.7611883533378483,-0.30883935553659736,-0.2284831982727022,-0.28679906978068154,-0.7833178721512579,-0.9883334727336057,-0.2706882785040748,0
-0.4577006284139859,-1.132748289997029,-1.168717627632051,0.5985369837740325,1,0,0,1,0,0,-0.36935237260751347,-0.28789899513380446,2.363221293629177,-0.726547669920137,1.2516121063637582,0.34007694912336195,0.6340770299246202,-0.34350362188565225,0.9490549788197477,0.27201739046540435,1.2158407459072482,0.40073138510015843,-1.3557409696335854,0.2904196326405279,-0.8165799883657188,0.9055780481624149,0.03861187741630943,0.517580644954291,0.8549852458654548,-0.3014141428425148,-0.5915156702322403,-0.3465624052396382,-0.38737134478739393,-0.32919106872832266,-1.0753357557535848,0.30141414284251544,-0.8549852458654554,0.5216379277079463,-0.5596729573423944,0.900502637032502,1.2868392897621204,1.2467438007463156,0.2270552128845555,0.8401159358104279,0.4557501964577793,0.8839134569768611,-0.7481493064513315,-0.6346847228976005,-1.0805009276974533,-1.0868156375258795,-1.1254082660984612,-1.175048096251087,0.7806711296729086,0.6817421706862145,-1.569712699330082,1
1.3927182613071303,0.15564000857606544,0.5693561964423357,-1.161438585374874,1,0,0,1,0,0,-0.3188766245909836,-0.31115787826810587,-0.7966945164632545,0.8820983667578454,-1.3964034263392555,-0.9210064510664061,-0.25714147966592626,0.39731036613230974,-0.15282075022127292,-0.7199790904105864,-0.77433753849399245,1.6796573209246273,1.4843067706048982,-0.7597655034875039,-0.24417106998152138,0.685284026641182,-0.7475302852499915,-0.010866928172339493,1.6429216439714627,0.6614225707698917,-0.40158725204772866,-0.7899261640571055,0.8975554433127185,0.23140706726110932,0.9960672836859322,-0.6614225707698917,-1.6429216439714633,-0.5367575899491508,0.11577027848446049,1.1734309189541483,1.4031237942140713,0.9736513169790033,0.7626401075935709,1.6557080335896,0.8433273810784847,0.3258135853852078,-0.5538573609678327,-0.9381911455531051,-0.8615437338508666,-0.32180562690308556,-0.21156008378542468,-0.635754044465484,-1.5241547677521787,-1.4893561657595522,-0.5799798072721716,1
-0.38059984134227254,-0.8493028643109486,-0.15484123025532542,2.9451710759725747,1,0,0,1,0,0,-0.5333985536612357,-0.17741930024587296,0.5082099881093286,-0.5494808759548626,0.972676264370628,0.2882025964914424,-1.6376819989266518,-1.2109458523209597,0.07005552742147843,-0.4497409337439876,0.07163879714059725,-2.084403219153753,-0.6216029142091463,-0.008992265378362193,-1.13315829117975,1.3043176989868814,0.2668777017843487,1.5154462431575046,-1.4375436385994584,-1.417139107414103,2.2682517194941356,0.5268880848434838,1.2149452467032302,0.8722023473264117,1.3864043539036035,1.417139107414103,1.4375436385994576,-0.2582324537235989,-1.2351161931692491,-0.973604898829468,-0.23777976860790415,-0.11871861809024475,-0.655084613695,-2.1775748259725085,-2.0911855881925696,-0.6663639641110671,2.527057774556219,0.8069707847160468,0.8080048692293539,1.3767759221068474,1.7176749677643206,0.062155904904119784,-0.28942660841731066,-0.8769950965056176,0.6571863078002155,1
-0.2263982671988458,-1.132748289997029,-0.15484123025532542,-0.13478617003801185,1,0,0,1,0,0,-0.40720918361991093,-0.27743249772336886,-0.7199354279589849,0.0835618449536671,-0.7541428746183517,-0.27794335550864496,0.15898435708858344,1.6241448473953761,-0.7995732155370026,0.6357223055816728,0.4110764125883952,0.6119809062259653,-0.34508149054337856,0.7104129720581767,1.008557846560928,-0.9610887025741124,1.4907630196580028,0.7986571893813583,-0.1602775458261487,0.9936302841201231,0.4887646524997752,-1.2188386631317998,0.1272419124545174,0.619395270104413,0.24531383019335928,-0.9936302841201231,0.160277545826148,0.38237535959517033,0.5660657690356972,-0.8098479296764806,-1.1292943027395286,-0.5795621844475838,-0.024984737566746233,-1.2804235184154193,-1.3713993881826885,-0.6043528672675491,0.0012624832707351544,-1.3934507795363622,-1.4363063676981567,-1.164613265724808,-0.8884846632765624,-1.3019408143182878,-1.4418395571298541,-1.266679413303576,-1.3841377820692236,1
-0.7661037767008384,0.5163887321765315,-0.4445202009343899,-0.13478617003801185,1,0,0,1,0,0,-0.6595879237025604,-0.008792397522188045,-0.7583149722111197,0.33527444421802766,-0.37968226651564924,-0.2658691527408706,-0.3787188313447349,-0.3937753005672703,1.2255106389678705,-0.7242225738629443,0.8142914802459846,1.5424943862267504,0.45055110472633014,-0.6863740960947284,-0.7629888431002855,-0.048770228467369635,-0.48054374626508806,0.2844424525673585,1.509993498569716,0.6061852033378367,-0.15919915549517502,-0.22387651570292938,-1.724323474545312,0.5018790214473543,-0.7809161123298671,-0.6061852033378367,-1.5099934985697168,-0.6481676444393714,-0.7097714541928067,0.00893691608845806,-0.018131260198663828,-0.20406001926752979,0.6681251261743327,1.166352774922097,0.4557501964577793,-0.23228628620644656,-0.24854144663662048,-0.3311783002420958,-0.39625969692687113,-1.1775795370912954,-0.939254006738398,0.15732544345452057,-0.5363722402842841,-0.32030321536567735,-0.6418381130257917,0
-0.9460056132015023,-0.5400896726534062,1.4383931084795292,0.5985369837740325,1,0,0,1,0,0,-0.571255364673633,-0.11636473201833188,-0.3617263482723934,-0.2925604298091705,0.39619939409298316,0.1366042728516086,0.581202293522859,-0.5443380214452301,0.5002857383331442,0.9540210881009328,1.349641972821112,-1.258800262197098,-2.4951330032270205,0.6274041409892637,-0.5389167927776811,-0.4130603381626823,0.7078052389031608,0.7309920863240921,-1.8632990028572285,0.13114384342216265,-0.18128111197708424,0.20724600489712033,-1.0989931684391936,-0.5869733829583554,-1.0409291684548307,-0.13114384342216265,1.8632990028572285,-0.06326485836571254,-1.009968447893631,-1.9561467137473947,-1.8140808289565742,-1.5183175973977192,-0.9701345517591269,-2.3406932455283433,-2.2019219266556282,-1.3484860293897554,-0.22078545442469194,0.12408133374116129,-0.1864257194905595,-0.7107937678977266,-0.8715615487892844,0.2207718024881207,0.9453015509175579,1.127095675598167,-0.45626319576493324,0
-0.9460056132015023,-1.3904259497116478,-0.4445202009343899,0.3052077222492148,1,0,0,1,0,0,-0.20530619155379135,-0.3431388425777702,-0.822280879298011,2.11462212867299,-1.8633039857425406,-1.898122489865925,-0.281803183828665,0.08779395164154105,0.4236356323305787,-0.37754706762304496,0.07946995651325385,0.7460523486734691,0.0322831943799511,-0.3929023564699689,-1.4029230541838096,1.295623335723896,-0.12532902136037452,1.1339387217806944,1.5601216811746321,-0.529783266025729,-7.292181936833876e-4,-1.5259174719924415,0.7228524016907552,0.3857676188416236,1.0037556229699764,0.529783266025729,-1.5601216811746328,-0.48105256270404034,-1.3852146900196616,-0.5278220383574467,0.17567624722125458,0.12023730520615308,-0.37153966943728567,-0.5463906304141645,-1.149926711256571,-0.790386157798101,-0.3595654154843339,-1.6210805965279906,-1.4089367184673323,-0.892321567028559,-0.7023304039164997,-0.9847090191502859,-1.0302635040182315,-1.32234860141757,-1.136704559054746,0
1.3927182613071303,-0.05050211919562982,0.27967722576327125,-1.6014324776621007,1,0,0,1,0,0,0.2868323516073751,-0.5297913797305387,-0.8094876978806327,0.8936713598274711,-2.0535008552420106,-1.0980947583270968,0.3406111711983251,-0.21599190683999217,-0.15155256392531183,0.4870375758614137,0.36890395036869356,-0.2785880042758925,-0.6970090712158501,-0.6384379470979777,-1.4198340684378778,0.5904617546260769,-0.7186536030627316,-0.5148823308789459,-0.4481121582821066,0.06447137185505257,-1.1115477992019382,-1.1259029303670502,0.800534551411519,-1.3705609549017668,-0.9822755852953661,-0.06447137185505188,0.4481121582821059,-0.5924626171942612,-1.3101654415944555,0.07262018187017576,0.369483754641173,0.0519641842643253,-0.43454965705011084,-0.13859458152457876,0.06817301183707392,-0.046252995675895824,-1.1089772052064004,-1.1658209625447336,-0.5969704579529088,-0.127311556405765,-0.6515610604546642,-0.9847090191502859,0.28677986593896093,0.3477270420022505,-1.0748462533011267,1
-0.4577006284139859,-0.9266061622253344,0.27967722576327125,2.2118479221605303,0,1,0,0,1,0,-0.6848257977108253,-0.0029776767386127034,0.3035190854312764,-0.5251775905086485,1.3223385112915307,0.4035783118279531,-1.8584124731479008,1.1563778087748353,1.038811236454643,-1.3592395463706561,-0.9408984858838654,-1.708635654729442,0.22355040010288216,-0.3608574879827809,1.4705838833847524,1.8062195782592583,-0.06770088887086642,0.4251269334303317,-0.8963291925090734,-1.4414068652642016,2.2236032325494084,-0.11396618160557985,0.3949867243825558,1.7691138938162434,1.6382678193113966,1.4414068652642016,0.8963291925090727,-0.45320004908148526,1.0914105080121401,-0.5278220383574467,0.42116575661981864,0.3762615087380082,-1.4742144526617298,-0.8726274695258333,-0.5962450189412776,-0.23228628620644656,2.193985868013078,-0.02767187758659086,0.2606118846128881,0.4302381123532211,1.1592121896841308,0.062155904904119784,-0.04248097655033679,-0.6543183440496418,0.34789477903211874,1
-1.1773079744166424,0.9802085196628456,1.0038746524609323,0.3052077222492148,1,0,0,1,0,0,-0.3945902466157784,-0.2832472185069442,-0.3233468040202586,-0.30991991941360914,0.1087181397804516,0.021675750210200635,1.1361749638560967,0.3963622698111201,-0.6469477411301047,0.5826250294286077,0.4701807299264205,0.17235775935168293,-0.7358345944569931,1.4457532776217115,0.5246490125601153,-0.9845138054663527,1.21349029973569,0.9582704145596243,1.0713719007766844,-0.827498180191446,-0.1352993045987631,-0.018437790870871006,-0.10494219334176186,0.4161873818880354,0.32430657115603223,0.827498180191446,-1.071371900776685,1.0229831729139398,0.19081952690966666,-0.7461646638947628,-1.0905328012555453,-0.6307670251539549,0.3530751881102058,-0.30171300108041293,-0.762349526635866,-0.728375060954584,-0.24854144663662048,-0.17942508891434333,-0.48749186102961545,-0.46443461193445323,-0.2792525417345383,-0.2550758902638815,0.6160407084282594,0.23638866577426285,-0.5181215015185524,0
0.10770514344524394,0.7482986259196881,-0.15484123025532542,3.2385003374973924,1,0,0,1,0,0,-0.8236341047562825,3.023584491112353,-0.579210432367824,-0.16815075431069346,2.0234626633927073,2.4552983969593916,-1.4972440068674737,-0.4167121713000115,-0.6972727227706547,-0.5702110264384036,-0.3950150300122451,-0.7234603114431972,0.3427425509702199,0.6328386243437393,-1.8988414232071862,0.7504754677538105,0.3745167149384925,0.9462723625793569,0.07195265285990604,-1.0580753433055055,2.714279135443703,-1.330267120837032,1.7073506403163496,1.1416826733641863,1.4373896703460463,1.0580753433055055,-0.07195265285990675,0.32667033235006016,-1.835510180570898,-0.7825551014843162,-0.3153027715758717,-0.15285517856115927,-0.6235796198885869,-0.709509049969999,-0.8177176958673952,-0.35630847989348147,2.2494978524369347,-1.317574173872486,-0.4509989953885172,0.4432043837197094,0.9053654723749538,-1.3653871733518879,-0.7010026615289333,-1.1553410370755877,-0.08511336124321738,0
1.3927182613071303,-0.3854830768246345,0.5693561964423357,-0.13478617003801185,1,0,0,1,0,0,-0.3188766245909836,-0.31115787826810587,-0.5536240695330674,-0.17393725084550635,-0.36381939876062674,-0.10487978250387892,-0.6796103392944568,0.6511426830377705,-0.37588592073483523,-0.6858705499419395,-0.979947472908629,1.5235958742879856,1.8728491052773861,-0.7150287831474623,-0.11748117552788129,0.7465318790916262,-0.7511177532403593,-0.07211752479514248,1.5044737661031062,0.5858842905209262,0.23056638514512773,-1.0114038299067905,1.264041189124529,0.1817713577381682,1.2035709822290168,-0.5858842905209262,-1.504473766103107,-0.48105256270404034,0.26586877533487285,1.2189189659410893,1.4806467971820387,1.0419244379208312,0.6681251261743327,1.8188264531454346,1.0648000580046022,0.38782468222872474,0.11228645211844858,-1.0140677512169813,-0.33239718205494984,0.3394742127878045,0.39767203775660004,-0.3502454288142823,-1.6887851889968277,-1.712032918215528,-0.2706882785040748,1
-0.4577006284139859,1.3924927752062353,0.27967722576327125,0.3052077222492148,0,1,0,1,0,0,-0.6848257977108253,-0.0029776767386127034,0.27793272259651985,-0.5245989408551672,1.3077095279792201,0.4031311191328503,0.22898038681248495,2.174796485753797,1.151685037251045,0.5684022960432499,0.7837253988353613,-0.21381078621750946,-0.5104342946157414,-0.442266618386098,1.5976735898201029,1.8990217923610178,0.18888486906435387,0.6288551535439826,-0.49529816032406576,0.19961827368027837,-0.7603103958861872,-1.3844620987782286,0.3339417327600227,-0.5805798288440527,-0.40492674148197116,-0.19961827368027837,0.4952981603240644,-0.45320004908148526,1.391607501712964,-0.16391766246191838,0.821701271954316,0.8712416355662611,-1.3796994712424915,-0.6279498401920818,-0.4855086804782194,0.015758101167622184,-0.6648813298155464,-1.2416975682086098,0.34272083230535716,0.4691369264526849,0.19459466390925928,-0.033013633646279864,0.12214944469431245,0.23638866577426285,0.10046155601764112,0
0.9815140635913272,-1.132748289997029,0.27967722576327125,-0.13478617003801185,1,0,0,0,1,0,-0.3062576875868511,-0.3140652386598935,-0.8350740607153893,2.8379341955246007,-2.0154395524722046,-2.4347537239892305,0.6379396265753146,0.6225523426220223,-1.6241406325680248,0.9874703792742575,-0.04856675834013641,0.9848025786234266,0.8855967650204566,-0.05681007098751293,-0.40427433301424126,0.041016493385521983,0.75445886370151,0.8969451836451869,1.465333844976243,-0.11014700605881247,-0.9438345334833974,-1.2594657798033768,2.2614722739906647,-0.5859002816271923,0.938831560061057,0.11014700605881318,-1.4653338449762439,-0.28608496734615396,-0.6347222057676005,-0.9281168518425269,-0.7675202888890147,-0.4600842227993849,-0.43454965705011084,0.4323198869208419,-0.2086678343205727,-0.8523972546416179,-1.1089772052064004,-1.4693273852002382,-1.7008796435961144,-0.5422322401333817,-0.7192535184037778,-1.6826189685198898,-1.3595243465075295,-1.545025353873546,-1.6315710050837011,0
1.3927182613071303,-1.3646581837401863,0.5693561964423357,0.5985369837740325,1,0,0,1,0,0,-0.3188766245909836,-0.31115787826810587,-0.7455217907937414,0.2513702444632408,-1.009476891379169,-0.43356641340440355,-0.25453596692813396,0.47899364854640963,1.2551323825626417,-0.6798542673537489,0.09308047099479924,1.7000012440552383,0.9311076779562084,-0.7112293491360777,0.03253819133395691,0.46481539049782966,-0.6202441367247072,-0.016585800885264717,1.2766468085438225,1.0524361778040754,-0.35671352739095835,-0.6248377690854023,-1.2487133733218996,0.3034157859552859,-0.13720197739937717,-1.0524361778040754,-1.2766468085438232,-0.5924626171942612,0.19081952690966666,0.5002078235474204,0.6795757665130432,0.3762615087380082,0.3845801819166189,1.166352774922097,0.5664865349208381,-0.046252995675895824,-0.44283339212011924,-0.7105613285614767,-0.49661507743988936,-1.0219842806934394,-0.8546384343020056,0.37938770007212164,-1.1125787146405561,-0.8213259083916238,-0.45626319576493324,0
-1.3572098109173063,0.7482986259196881,0.5693561964423357,3.2385003374973924,1,0,0,1,0,0,-0.7226826087232228,0.24996267734691469,-0.579210432367824,-0.16815075431069346,0.5770799143396683,0.32218924131925175,-2.2036180930246014,0.8412593051439284,-2.4390362334648312,-0.4918869722308434,-1.3889155885592481,-1.2366858972786157,0.4584263139069372,-0.04950376578498198,-0.15475719206496866,-1.3712316026893725,0.41033755274267114,-0.11860879386655347,-0.9813771768947055,-0.7133741297612556,3.014721020875515,-1.3096871552393767,1.9562887197127379,1.071391258765526,1.6898598867259411,0.7133741297612556,0.9813771768947048,-0.20252742647848845,-0.3345252120667762,-0.6097005229339397,-1.168055804223513,-0.972132629863095,0.3530751881102058,-1.0357458890816678,-0.762349526635866,-0.5423417704240322,2.4437897979204335,-1.317574173872486,-0.5604775923118106,0.45617065508619664,0.8884423578876751,-1.3653871733518879,-0.8656330827735822,-1.211010225189582,-0.20882997275045564,1
-0.3291993166277972,1.4440283071491598,0.5693561964423357,0.5985369837740325,1,0,0,1,0,0,0.9177792018139987,-0.6257342726595319,1.4165258687431854,-0.6779410990277087,0.15149829542746243,0.042693806880030105,-0.5023340666936522,-1.9747621154697652,0.8141937173503878,-0.8364428248133049,-0.09803568054931448,1.570286562111144,0.6501854819825696,-0.41378732050888267,-0.4734629102740632,1.4224033532636056,-1.0565829196095944,-0.06588391920864552,-0.9306920144830665,3.0647325923750905,0.28505633275933834,2.23611822751918,0.31634810670450497,0.0822907569263715,0.06312836226327823,-3.064732592375091,0.9306920144830657,-0.4253475354589299,-0.4846237089171882,-0.1548200530645294,0.5891322630504142,0.10316902497069583,-0.5920746260821743,-0.709509049969999,-0.3747723420151606,0.139780294854656,0.08453045990652028,1.717490052682561,-0.6015320661580458,-0.3607044410025493,-0.30463721346545575,-0.6992004034990842,-2.0592036367972884,-1.2388448192465789,0.16231986177126023,0
0.46750881644657266,1.2378861793774645,0.27967722576327125,0.3052077222492148,1,0,0,1,0,0,4.6782224290454755,-0.7780799571892059,-0.23379453409861076,-0.33075130693893556,-1.451684714379932,-0.3427862962985444,0.14362727293468738,0.668930241232999,-0.9622177159039247,0.6852481351559253,0.4162853959033565,-0.6796640703319136,-1.1186174261182265,-0.19412403163537992,0.5664904364082801,-1.4889317484646356,0.1093507186164759,-0.4888526420948805,-0.8414861286385814,-0.09240503183227083,-0.39368366440754166,-0.3506300657483425,-0.1808489630515737,-0.817295721346906,-1.018460860212634,0.09240503183227083,0.8414861286385807,-0.03541234474315745,0.7912135143113154,0.6821600114951846,-0.26362076959722697,-0.20406001926752979,1.3612349899154128,-0.13859458152457876,0.2896456887631914,0.6978801664463103,-0.16527347000083534,-0.02767187758659086,1.0634549287170376,0.7932937106148858,0.38074892326932136,0.47455723862252236,1.6861384465184783,1.795125932966095,0.5334696962929761,0
0.9815140635913272,-1.9315490351123477,0.27967722576327125,-0.4281154315628296,1,0,0,0,1,0,-0.33149556159511606,-0.29952843670095514,0.41865771818768077,-0.5465876276874562,0.5918732820097953,0.19205616704435016,0.5998825764732598,-0.16232395001819866,-0.3661286186951,1.4648489058509842,1.6535830269201206,1.395462902774835,-0.7971812657907721,0.11321937724422938,-0.12706029920910622,-0.10157370244731559,0.596069193108679,0.8969451836451899,1.7556215933338128,0.16204084244106823,-0.7210238576278938,0.09550849714011088,0.3984383119085031,-1.3878643591994753,-1.274046525205367,-0.16204084244106823,-1.7556215933338135,-0.14682239923337803,-0.40957446049198204,-0.9281168518425269,-0.8321227913623208,-0.5795621844475838,-0.2140147004052217,0.6769975162545934,-0.09793149585751397,-0.9144083514851348,-0.8036612908751883,-0.17942508891434333,-0.7794347861583975,-0.47740088330094144,-0.9561771212256767,-1.0481553781838862,0.5337254978059351,0.6817421706862145,-1.136704559054746,0
0.10770514344524394,-1.3904259497116478,-0.4445202009343899,-1.161438585374874,0,1,0,1,0,0,0.2868323516073751,-0.5228137147902483,0.022069094248954552,-0.4609474789722255,-0.1788511724758212,-0.04585034675031531,0.031094779588080795,-1.2204425111228414,0.9286074860302774,-0.3354897971563561,-0.21874460819965125,0.03377109108281354,0.6758711278285517,-0.6367994110669009,-0.7387960298924712,-0.22592787323486557,-0.582132670633308,-0.8993947774196096,0.6109019818860374,-0.5598254073642708,-0.6795205163075478,0.9349860032352684,-1.4964732661383249,-0.12400771935037004,-0.5937052432732189,0.5598254073642708,-0.6109019818860381,-0.5089050763265954,-0.5596729573423944,0.5547934799317504,0.3436427536518511,0.08610074473523979,0.1325402314653172,2.2266225020350205,2.0060589349406004,0.2638024885416898,-0.6291950541144954,0.9045264205696022,0.07945087303743788,-0.7126460923786533,-0.7095831672681902,0.909617986281497,0.7336338664601519,0.49087638286680657,-0.721370220423302,1
-0.12359721776989524,-0.978141694168258,-0.4445202009343899,-0.8681093238500562,1,0,0,0,1,0,0.31207022561564,-0.5309543238872538,0.4570372624398156,-0.5489022263013813,0.07024047394883609,0.015862245173864826,0.9760287164149996,0.46028187536982756,-0.5566658175687591,0.6793166069375648,0.20558039231519143,0.6813413302948728,-0.1815157694770499,0.9364645549002668,0.2523814067244156,-0.3347236542985868,0.24303578000759035,0.22983132450165708,0.9789057261068004,-0.04159846927444537,-0.42148734011730177,-0.3789211660813135,0.4246158290878542,-0.6767227909261353,-0.042879023169530905,0.04159846927444466,-0.9789057261068012,0.8280155775560533,0.19081952690966666,-0.10933200607758836,-0.26362076959722697,-0.15285517856115927,0.25856020669096863,0.6769975162545934,0.2342775195316623,-0.35630847989348147,-0.3318094232724056,-0.2553016945782196,0.36096726512590627,0.533968283285125,0.2115177783965368,0.3476645205553221,0.9453015509175579,1.0157572993701793,0.5953280020465953,0
-0.8432045637725518,0.5163887321765315,2.8867879618748513,1.0385308760612593,1,0,0,1,0,0,0.8420655797892039,-0.6158492473274538,-0.2977604411855021,-0.31859966421582847,-0.7394595039670199,-0.22741058096203368,1.5138186927388502,0.05548987212221041,2.0200756715803823,0.4066399046718215,0.7752543297158291,-0.15605828447799527,-1.0250879267019646,2.412637773224892,0.19620908839186255,1.281203416165773,0.8432910341872386,1.4352025232343777,1.164294698531354,-1.3675781934948876,0.3056774930763194,0.12039636656272211,-1.4740252415257962,0.28684867713674095,0.3933273269740506,1.3675781934948876,-1.1642946985313547,2.8612490720025816,0.5660657690356972,1.1097476531724306,1.70029530559128,2.0489529718127955,0.2270552128845555,-0.38327221085833024,-0.8730858650989243,1.0079356506638961,0.22331042096616224,0.04820472807728505,-0.17730250308028428,-0.892321567028559,-0.7361766328910565,1.3628062650929278,0.6983559190505837,0.06938110143228039,-0.1469716669968365,0
1.3927182613071303,0.38754990231922204,0.5693561964423357,-0.13478617003801185,1,0,0,1,0,0,-0.4576849316364408,-0.2530106704323524,1.1478690589782419,-0.6409075212049062,1.0781805954217558,0.30072399195431954,-0.6077075033870101,0.42842927695950195,0.8163645296545473,-0.9876248784967178,-0.06316369916051227,0.6273222825607908,0.277486323387724,-0.6523411315447325,-0.11342162248871612,0.5407673948445061,-0.7501000559641516,-0.3796664054363546,0.7976720237538321,0.06447137185505257,0.19322050436210642,-0.7016559195392527,-0.5725785800014179,0.5904311192480122,-0.288554446427097,-0.06447137185505188,-0.7976720237538328,-0.5367575899491508,0.04072103005925432,0.48201260475264507,0.705416767502365,0.3421249482670949,0.038025250046078915,0.9216751455883455,0.5664865349208381,-0.046252995675895824,0.19555442875423396,-0.6346847228976005,0.0963939892279486,-0.21807545597118072,0.025363519036474696,-0.12818317219668063,0.28677986593896093,0.3477270420022505,0.22417816752487937,1
-0.8175043014153137,-0.12780541711001567,-1.6032360836506476,1.478524768348486,1,0,0,1,0,0,0.12278617055365294,-0.5018807199693771,0.8920054306306766,-0.6177615350656547,0.3765882492778984,0.09143781064623036,-1.5846599291119208,-0.5364455243395531,0.8969173212474414,-1.5502073838987387,-1.3197758731728833,-0.61864599417209,0.9959822165224661,-1.6808754125038676,-0.4870584725010362,1.1931379445993908,-1.8614314797957088,-1.4771854239932614,-0.19143037735720503,-0.653901033058197,0.5239972993068878,0.24836383176728472,-0.02712745651571503,0.24846657303710704,0.2735892167056475,0.653901033058197,0.19143037735720433,-1.5951531076062477,-0.5596729573423944,-0.3913578973966235,0.2531992501892221,-0.5283573437412127,-1.222174502210428,0.5138790966987595,0.6772228733838963,-0.9144083514851348,0.5841383197212315,0.35171115073279,0.34272083230535716,0.2746428559553643,0.36382580878204385,0.3476645205553221,0.36909507656128593,0.06938110143228039,0.22417816752487937,0
-0.4577006284139859,0.026801178718756015,-0.15484123025532542,0.3052077222492148,0,1,0,1,0,0,0.6906383357396142,-0.5763091459991414,-0.31055362260288033,-0.3128131676810156,-0.6923472236920691,-0.2014734046460739,-1.2099656678546629,0.6664252309196361,1.7350556680409515,-1.9578463327792182,-1.2458039313063858,0.03019258971807481,1.5751867502489276,-1.1199695962844258,-0.020908616614820724,0.46167352077872986,-1.7385491173214769,-1.4498150319957728,-0.18532197901778352,0.22497917377587734,0.563426290573859,-0.9356353369683065,-1.9079418581629186,0.9210085414442398,0.20414393000298164,-0.22497917377587734,0.18532197901778283,-0.9823978079100336,0.19081952690966666,0.6639647927004092,0.821701271954316,7.593435579547688e-4,-0.05648973137315825,1.4925896140337656,1.784586258014483,0.38782468222872474,0.3065783976019474,-1.0140677512169813,-0.6517097564145549,-1.4498712357875443,-1.0746389226366257,0.7600658542737248,-0.8656330827735822,-0.8769950965056176,-0.76555472453303,0
1.932423770809123,0.928672987719922,-0.4445202009343899,-1.6014324776621007,1,0,0,1,0,0,0.4130217216486998,-0.5513058466297674,0.009275912831576286,-0.4551609824374126,-0.25855687145593653,-0.07223471576137783,-0.27654999172523265,0.8420736278703685,0.5048469616723962,-0.5978457630090269,-0.44069777383728087,1.6525570772823026,0.9087534923376849,-1.1683262514087394,-0.6320273121565595,-0.0577358277477893,-0.6775186818191788,-0.5013619823858877,0.773109214277421,1.4871304482518777,-0.7828283289721414,-1.7889235678124384,-0.7481616479440212,0.13583512883727775,0.08344629597917183,-1.487130448251877,-0.7731092142774217,-0.8988402670423681,-0.10937746679115769,1.9467277177321458,1.609851802128651,1.195538960039945,1.4557499713346498,2.2266225020350205,1.8953225964775422,1.6900577159425842,-0.6648813298155464,-1.6210805965279906,0.48869229486974886,0.002351157259115363,0.05920974801103089,1.0455744699249259,-0.6186874509066087,0.06938110143228039,0.8427612250610729,1
0.23620645523143258,-1.41619371568311,-0.8790386569529866,-0.13478617003801185,1,0,0,1,0,0,0.11016723354952047,-0.5018807199693771,1.2246281474825116,-0.6542164632349758,0.49969562387818217,0.11961095043770391,-0.6009909083076277,-1.835582882157747,0.8231086815307255,-0.3665434561709518,1.0752521762931182,0.07299034767370532,-1.1480888792886974,-0.5435020469039372,-1.152440264374239,-0.0956974592197457,-0.7246896775165492,-0.33921807186529374,-0.6910894285371356,0.7849642097577141,0.29263164636543887,1.364905753797455,-1.2213838594446191,-0.22341331718565177,-1.7290609144299307,-0.7849642097577141,0.691089428537135,-0.45320004908148526,-1.009968447893631,0.34554846379182197,0.24027874969456073,-0.06751377738387422,0.5421051509486824,0.02452383803125581,0.40038202722625016,0.3258135853852078,0.7321702781848496,2.096873081001942,1.6564639953848757,0.6333763637615332,0.49921072468027106,0.6225987430342572,1.1648087792437567,1.8693515171180877,0.16231986177126023,1
0.10770514344524394,0.0783367106616796,-0.4445202009343899,0.3052077222492148,0,1,0,0,1,0,0.2868323516073751,-0.5228137147902483,-0.5280377066983108,-0.20865623005438366,-0.8213362389183594,-0.24082636181511632,-1.3849028539073487,-0.5838285779770211,0.03818210900585677,-1.0807594017848376,-0.8415295182613075,0.8845103301766579,1.9127196120492944,-0.5440120330652088,-0.5387940209375985,-0.3048086422637054,-0.6254448853560174,-0.7055191493419793,0.8518955842960956,0.3614669270176405,1.3821707170910729,0.26157102320209324,-0.3584995119608543,0.8398557850122725,0.40522745728750137,-0.3614669270176405,-0.8518955842960962,-0.3974950218363748,-0.3345252120667762,0.6548671833030202,0.3824042551358344,0.10316902497069583,0.5106001571422693,2.3897409215908554,2.0060589349406004,0.38782468222872474,1.1392581639597994,0.12408133374116129,-0.323273965644676,-0.4514683405679659,-0.11002139686175369,-0.12818317219668063,-0.8656330827735822,-0.8213259083916238,-0.08511336124321738,1
0.5189093411610479,-0.978141694168258,1.0038746524609323,-0.8681093238500562,1,0,0,0,1,0,-0.2810198135785862,-0.32278731983525655,0.4570372624398156,-0.5489022263013813,0.5485906520892002,0.175957230020651,0.5709283191304179,0.5000519818201246,-1.4083825500731035,0.988716640582364,0.4122887259739232,1.0176784794113307,-0.6849625962971229,0.44987768474307943,0.08478598094568228,-1.4632220540115195,0.39936866356378814,0.4754875734544846,1.5677883443965623,-0.16692132358374867,-0.34437724383888707,-0.6014003037087827,0.4549090753600165,-0.9396852643107674,-0.07177446667273121,0.16692132358374867,-1.567788344396563,0.38237535959517033,0.04072103005925432,-0.10023439668020068,-0.8321227913623208,-0.6478353053894121,1.424244977528238,0.5954383064766764,-0.09793149585751397,-0.10826409251941274,-0.38732140769626244,-0.6346847228976005,-0.2776578835933038,-0.010615114107371936,-0.38079122865820925,0.030432725387320277,0.8629863402952329,0.848749735028197,-0.023255055489598248,1
-0.12359721776989524,1.3924927752062353,1.4383931084795292,0.5985369837740325,1,0,0,1,0,0,0.8925413278057338,-0.6234083843461017,-0.4768649810287978,-0.24916170579807387,-1.0110804906069153,-0.28688720941070006,0.6273432068724418,0.3354832206621251,-0.10596803608091393,0.7097814894389515,0.3870699813670572,-0.115843369181358,-0.5386400464176049,0.20625589885770873,0.3290838012337575,0.0612495799970989,0.3711841187492402,0.3143378639906935,0.8164553486475558,-0.9677470132502359,-0.6662475364835253,-0.13079232092640136,0.20641177628294072,-0.5908091826892777,-0.1963201896169461,0.9677470132502359,-0.8164553486475564,0.2152602778598393,0.340918023760079,0.10901061945972781,0.12399424524260985,0.2738518273252659,0.038025250046078915,0.2692014673650073,-0.09793149585751397,0.015758101167622184,-0.49834537654397587,0.12408133374116129,0.7988816528190786,0.7932937106148858,0.4822876101929924,0.6331731362065233,1.1922471827845313,0.7374113588002092,0.22417816752487937,1
-1.7170134839186342,0.49062096620506923,1.7280720791585935,0.5985369837740325,1,0,0,1,0,0,-0.5333985536612357,-0.1832340210294483,1.966632669690451,-0.7109241292761421,1.4501469805799776,0.4084974314740834,-0.16225087907948077,0.596104787754391,0.4101809752015728,-0.6230702675631602,-0.4221625330865716,-1.332835309967666,-0.3134701341801457,-0.5415495131872152,0.21382281146590748,0.9686352734712297,-0.7785039387109367,-0.7943318841492683,-0.04921092906325296,-1.7690215962405276,-0.31549609570905046,-0.6039695301307266,0.4126539007643666,0.06977655506213656,-0.22667851188550192,1.7690215962405276,0.049210929063252244,-0.7874302125521474,-0.3345252120667762,-1.501266243877985,-0.8708842928463041,-1.091610591511294,-1.8837793721450944,-0.05703537174666111,-0.04256332662598434,-1.5965304167638241,-0.6093693453916895,-0.9381911455531051,-1.4682376251341167,-1.0738493661593913,-0.9815617929565941,-1.5715878402110892,0.8218287349840708,0.013711913318286572,-2.002720839605417,1
1.932423770809123,0.026801178718756015,-0.4445202009343899,0.3052077222492148,1,0,0,1,0,0,0.4130217216486998,-0.5513058466297674,-0.31055362260288033,-0.3128131676810156,-0.5602502886992833,-0.18224411875665547,-1.2186050812248603,0.37817513332801456,1.2724442029220884,-1.3370709456346124,-0.7556188801719794,0.1516047892705249,1.0932774342796694,-1.2333796759776565,-0.4852561211140996,-0.12513332877386543,-0.7644986520099503,-0.512784222893374,0.6912331826893902,-0.4787858038769716,0.46212158981249074,-1.0051761683379241,-1.8652207801331369,1.0482328102056935,0.48170756308248414,0.4787858038769716,-0.6912331826893908,-1.0102503215325889,-0.03432821836595151,1.5828233418366175,1.2609982887727984,0.8371050750953478,1.3297299961089997,2.063504082479186,1.784586258014483,1.4420133285685155,0.19555442875423396,-1.0899443568808573,-0.7338187041070253,-1.488770049887009,-1.0746389226366257,0.8235122133073248,-0.6186874509066087,-0.8769950965056176,-0.8274130302866491,0
1.2385166871637046,-0.1535731830814779,0.27967722576327125,0.3052077222492148,1,0,0,1,0,0,-0.21792512855792381,-0.33499823348076474,-0.7455217907937414,0.26872973406767947,-1.1268136304702063,-0.4653170947566992,-1.6320143276784695,0.3534870837846562,-0.8395472703379472,-1.5071421705454005,-1.9694340862265698,-0.7605915812749763,1.7257355678273223,-0.39637057222506505,-0.37489652108900723,-0.15484810030413826,-0.7883709324620527,-0.8993602126816292,-0.042827790168833695,-0.9948801208223941,1.8733068447952586,-0.8607352209102186,0.9920818362402231,1.2543167183266604,1.6823105656073125,0.9948801208223941,0.04282779016883299,-0.2582324537235989,-0.18442671521636386,0.6002815269186915,0.42116575661981864,0.06903246449978255,0.25856020669096863,0.8401159358104279,0.954063719541543,0.015758101167622184,1.4445740782910115,-0.9381911455531051,-0.5969704579529088,-0.03654765684034838,0.46536449570571364,-0.667477223982284,-0.9479482933959068,-1.378017789531564,-0.1469716669968365,0
0.10770514344524394,0.5163887321765315,-0.4445202009343899,1.0385308760612593,0,1,0,1,0,0,0.2868323516073751,-0.5228137147902483,-0.2977604411855021,-0.31859966421582847,-0.4750211711961895,-0.15585974974559294,-0.7944664695066713,-0.6499139022252078,0.5651619202545431,-0.6411394808162398,-0.5951318359612455,-0.25136808257736803,1.1361815241607238,-0.4229577430998594,-0.559579756239882,-0.5601070971620948,-0.4975742482059565,-0.5694884551672901,1.164294698531354,-1.4975693905744285,0.6821105719608982,0.33145251135757764,-1.3354488941497387,0.3727519686172986,0.21770589936849022,1.4975693905744285,-1.1642946985313547,-0.2582324537235989,-0.3345252120667762,0.7367456678795146,0.3048812521678669,0.08610074473523979,0.8571550890128092,2.7159777607025237,2.1167952734036595,0.5738579727592754,0.5286263352973745,0.19995793940503753,-0.2867811000035777,-0.9052878383950472,-0.7192535184037778,0.9186817518577256,0.6983559190505837,0.013711913318286572,-0.3944048900113141,1
-0.12359721776989524,-1.7254069073406524,1.4383931084795292,1.7718540298733036,1,0,0,1,0,0,0.8925413278057338,-0.6234083843461017,-0.5536240695330674,-0.1797237473803192,-1.1579707932698264,-0.3405503328230306,0.5347130149311274,-0.14423156071591556,-0.7411266643444547,0.8447930949178555,0.9329603094607452,0.7360698341971019,-0.9156111413721867,0.15556930462787605,0.22320048810255175,0.095180963608136,0.3410028031593336,0.3461239528537807,0.9910609039976785,0.020989325180847843,-0.588088447452768,0.4215596926879023,1.1087926672581347,-0.8031284273670636,-0.8749714225296671,-0.020989325180847843,-0.9910609039976793,0.24311279148239442,0.340918023760079,0.391036510778763,0.3824042551358344,0.512807750621665,0.25856020669096863,0.5138790966987595,0.06817301183707392,0.139780294854656,-0.8869292675109735,-0.3311783002420958,-1.8924671882118775,-1.1775795370912954,-1.3623318689203594,-2.253636199822293,-0.04248097655033679,-0.04195727479570725,-1.940862533851798,0
0.030604356373531493,0.23294330649045036,0.27967722576327125,-0.8681093238500562,1,0,0,1,0,0,-0.29363875058271866,-0.3169725990516812,0.09882818275322415,-0.4968237574880654,0.3548917055765733,0.1401818144124306,1.0096869782815394,-0.023610287267305036,-1.6440024088745215,1.2070226174175953,0.731897035192947,0.9263872750651737,-0.667943145483563,0.8010246718199742,-1.1200419513275883,-2.1058381811604394,1.1821943559439188,0.5738643007198088,0.6109019818860374,0.6575966059261134,-0.6036199079100301,-1.0896275789770022,0.131242081531932,-0.45836599885494106,-0.3912351950844923,-0.6575966059261134,-0.6109019818860381,0.5216379277079463,-1.1600669447440433,-0.6278957417287164,-1.5298298180740268,-1.091610591511294,1.140700033270523,-0.6279498401920818,-0.9284540343304539,-0.728375060954584,-0.49834537654397587,-0.9381911455531051,0.42482977999782756,0.4302381123532211,0.2115177783965368,0.12560226393772106,0.03983423407198747,0.4033962301162448,0.2860364732784985,1
0.10770514344524394,-0.1535731830814779,-0.4445202009343899,0.3052077222492148,0,1,0,1,0,0,0.2868323516073751,-0.5228137147902483,-0.7455217907937414,0.26872973406767947,-1.5196840176190127,-0.6097603352748889,-1.6170121145986325,0.28638788591183856,-1.0566479601185268,-1.2181822185353834,-1.4655460125008466,0.24396195947666396,2.118371347896715,-0.5318564379949361,-0.5977309166345093,-0.4634642059952073,-0.4873700139813137,-0.3165416364039553,1.2482962761107694,-0.90531003275748545,1.717070021617394,-0.9918700717618212,0.9787363286906824,1.1624178235648857,1.5962402946630336,0.90531003275748545,-1.24829627611077,-0.3417899945912644,-0.3345252120667762,0.8914050276351143,0.48576825909312477,0.2567835470898098,1.140700033270523,2.7159777607025237,2.0614271041721297,0.8839134569768611,1.2225261405955843,-1.0899443568808573,-0.7885580025686714,-0.21807545597118072,0.24536400737109418,-0.794369942049485,-1.0302635040182315,-1.4336869776455579,-0.332546584257695,0
-1.7170134839186342,0.026801178718756015,1.7280720791585935,0.3052077222492148,1,0,0,1,0,0,-0.5333985536612357,-0.1832340210294483,-0.31055362260288033,-0.3128131676810156,0.37257190272799634,0.1008288572433882,-1.0431879003069027,0.8732726806621944,2.5835210908228476,-1.1760687148560267,-0.6642535179346174,-0.10970383893290436,1.1659095931141479,-0.5378470265146674,0.23796877620979695,1.493170156642073,-0.660331095234354,-0.28438897259057616,0.1590389773671773,-0.30735587342307225,0.9131677577506174,-0.9602022640793824,-2.031267872979367,0.9340199495905691,0.5859116258594105,0.30735587342307225,-0.15903897736717798,-0.8709877534198129,-0.4846237089171882,-1.9743419325421714,-1.1034533017502068,-1.262293393865864,-2.1988293102092213,-0.22015379130249568,-0.319404172783631,-1.9065859009814097,0.6396503041450882,-1.0140677512169813,-0.5513543759015367,-1.436904964421056,-1.057715808149347,1.2993599060593275,-0.7833178721512579,-0.9883334727336057,-0.6418381130257917,1
1.341317736592655,-0.1535731830814779,-0.15484123025532542,0.3052077222492148,1,0,0,1,0,0,2.8610955004503995,-0.7484248811929716,-0.7455217907937414,0.265836485800273,-2.3040451062168015,-0.781035137499244,-1.375297327222852,1.1928949682774173,-1.475363799614356,-1.66465232004812,-2.4114224912974795,-2.4272079251944514,1.452916544625487,-0.16483160462400687,0.4747447431051487,-0.8110606260065282,-1.1440315574718034,-1.4585303826448177,-1.6929968571541203,-1.6313284484388841,1.7476866147635768,-1.1616969186959338,1.2018340283047138,1.11443578100033,1.7109963016816236,1.6313284484388841,1.6929968571541196,-0.3974950218363748,0.04072103005925432,-1.028190555213798,-1.232658306696819,-1.5353858776331764,-0.6235796198885869,-0.5463906304141645,0.2896456887631914,-0.790386157798101,1.2225261405955843,-1.2416975682086098,-0.8432973010303187,-0.16621037050522874,0.27921023634565156,-0.8895394805998851,-0.7010026615289333,-1.32234860141757,-0.45626319576493324,0
1.2385166871637046,-0.12780541711001567,0.27967722576327125,-0.4281154315628296,1,0,0,1,0,0,-0.3062576875868511,-0.3117393503464634,0.2651395411791416,-0.5257562401621299,0.4756060430036535,0.16656618342349314,-0.9199137077292978,-0.5142551661309813,-0.3946140627466987,-0.9303471845209735,-0.9832935209235393,-0.6033416574490734,0.7761608919058498,-0.3780667692073816,-0.42493093429866235,-0.3692886812371688,-1.1724351102823245,-1.129336696854696,-0.6187833227191311,-0.20918429502488586,0.9014025426129813,0.2801448726482659,0.16835113284539094,0.0942724395623422,0.17575225802330077,0.20918429502488586,0.6187833227191303,-0.48105256270404034,-0.5596729573423944,-0.5915053041391644,-0.6770767854263857,-1.05747403104038,-0.34003467563087314,0.10608304780917345,0.4557501964577793,-0.9764194483286528,0.6951622885689447,0.12408133374116129,-0.3688900476960481,-0.23104172733766892,-0.1777138548108673,-0.3185222492974822,-0.04248097655033679,-0.15329565102369538,-0.3944048900113141,0
0.5189093411610479,-1.3646581837401863,1.0038746524609323,-1.161438585374874,1,0,0,1,0,0,-0.2810198135785862,-0.31987995944346886,0.188380452674872,-0.510132699518135,0.3984970479350915,0.1482312829242802,1.000202220099373,0.07000067065734297,-0.026722502927741577,0.674559960172851,0.7091196165247765,0.8931812157718921,-0.6775551478218897,0.6875882994515125,1.0690669207278654,-1.5138503753961168,0.6329505423983446,0.08322369163299516,1.179804912165518,0.048076501797565153,-0.7037754074636755,0.9748896552766168,-1.4847430753880828,-0.2836640641550991,-0.8406384945972413,-0.048076501797565153,-1.179804912165519,0.32667033235006016,0.5660657690356972,-0.9190192424451392,-1.4652273156007207,-1.1940202729240363,0.25856020669096863,0.02452383803125581,-0.4855086804782194,-1.0384305451721696,-0.713454316186421,0.7690324818841089,-0.3050275328241268,-0.9928101701188411,-1.0238695791747903,0.4507648539849225,0.30735866859454236,0.3616443390307492,-0.9202004889170784,0
0.030604356373531493,-0.46278637473902035,0.27967722576327125,-0.13478617003801185,1,0,0,0,1,0,-0.38197130961164594,-0.2733621931748661,0.7001077093700027,-0.5824639062032961,0.7921286808164303,0.2399057854203449,1.5816341146404829,-0.8200366002122018,-1.687340177864725,1.9133058787068806,1.2811242366182103,0.4290705888595796,-1.1845073321685013,1.0131291637231212,-0.9697087169754133,-2.0500202030437396,0.6743082559817449,0.22519376538124236,0.3586118043630053,0.22953428689984412,-1.18699401459553,0.15409306375677476,0.24657794850739068,-1.9161202820399383,-1.4456663704144375,-0.22953428689984412,-0.35861180436300605,0.744458036688388,-1.009968447893631,-0.5187244289600577,-1.4264658141167375,-1.1428154322176651,1.1722050270769362,-0.13859458152457876,-0.319404172783631,-0.728375060954584,-1.053465220782544,0.35171115073279,0.6072941082033162,0.6506647255835172,-0.2284831982727022,0.2207718024881207,1.5215080252738291,1.8507951210800897,0.34789477903211874,0
0.004904094016293398,-0.978141694168258,0.5693561964423357,-0.8681093238500562,1,0,0,0,1,0,0.1858808555743153,-0.5111842732230976,0.6617281651178678,-0.5691549641732264,0.2419223536843603,0.0467185411359549,0.695785656200322,0.027978958207463787,0.08589178672762965,0.6766904341308634,0.43038128366304257,0.42943045964791676,-1.2577554087788938,0.4193148914234237,-0.6288177003964003,0.4141393883311029,-0.07712141231650266,0.49259695553392746,0.4251360800282837,0.1640471410786609,-0.5485323933737607,-0.6683377663913397,0.2987531959738471,-0.9906373923809247,-0.07859169623949291,-0.1640471410786609,-0.4251360800282844,0.32667033235006016,-0.6347222057676005,-0.19121049065408274,0.046471242274642305,0.017827623793410803,0.006520256239666901,-0.9541866793037505,-1.2052948804881005,-0.4803306735805153,-0.6371253376036178,-0.7864379342253526,-0.6517097564145549,-0.41256952646850126,-0.7530997473783346,-0.09645999267988113,0.28677986593896093,0.4033962301162448,-0.3944048900113141,1
0.4161082917320974,0.9802085196628456,-0.8790386569529866,0.3052077222492148,1,0,0,1,0,0,1.0944443198718534,-0.6425969629319004,-0.24658771551598904,-0.3272794090180478,-0.7743991546155897,-0.2412735545102191,-0.6117852890404738,-0.9554501712238712,0.7124685687962661,-0.822991659723591,-0.7892306757583555,-1.3553538283496565,-0.4482134663418018,-0.689198529188302,-1.2419487872918749,0.4338376738342096,-0.5727858766869112,-0.5081068662463951,-0.4633576356367666,-1.3889885083079905,0.1620632871295717,0.06722831353438218,-0.5380033783252216,0.5438439668602115,0.5299710719070662,1.3889885083079905,0.4633576356367659,-0.8709877534198129,-1.3852146900196616,-1.3375092747249961,-0.9484072958142716,-1.091610591511294,-1.3166894836296663,-0.709509049969999,-0.5962450189412776,-1.658541513607341,-0.10976148557697851,-0.2553016945782196,-0.934529465133063,-1.0349505520599276,-0.7869459763528921,-0.12818317219668063,0.9453015509175579,0.29205785388825667,-0.9511296417938885,0
-0.8432045637725518,-1.0812127580541053,2.8867879618748513,0.5985369837740325,1,0,0,1,0,0,0.8546845167933363,-0.6158492473274538,-0.1826218084290977,-0.37588597991047606,-0.6218835624275432,-0.18313850414686098,2.8383542516669342,-2.6682089403131064,1.141943461589073,4.669332961604508,3.7300460199358407,4.501656732932299,-1.5500902574893252,2.295789440208377,0.09130439776543257,1.1310603083283925,0.7923529842435149,1.2079493124848286,1.233103646290187,4.916745691461535,-1.6528749219518766,3.7536672482221345,-0.4244684364949506,-5.522283935127393,-3.6699151131344783,-4.916745691461535,-1.2331036462901876,2.5548714221544753,0.340918023760079,0.7731361054690666,1.2997597902567817,1.6222459659263704,-0.024984737566746233,-0.30171300108041293,-0.8177176958673952,0.5738579727592754,-1.5808290728091832,2.8556391376407038,-0.8068044353892204,-0.8793552956620708,-2.716181027902636,0.09387908442092041,-1.853415610241477,1.127095675598167,0.16231986177126023,1
-1.460010860346257,-1.7254069073406524,-1.6032360836506476,1.7718540298733036,0,1,0,1,0,0,0.5013542806776271,-0.5588649836484154,-0.6175899766199587,-0.08135330628850015,-1.1428784856945804,-0.36693470183409316,-0.06418149407793934,0.3444933686527154,-1.4649473188584239,-0.7314043134269697,-1.3643366660373697,-0.8391099272101441,0.7529996165827051,-0.6663286799747807,0.8082859652149226,-0.5765385449796335,-1.2919970740360096,-1.686862539195134,-0.65872285032305,-0.4911325578708816,-0.5765418360532804,0.3368951764220396,1.4232664243659394,-0.29304214117042016,0.1268115371817102,0.4911325578708816,0.6587228503230493,-0.7595776989295921,0.41596727218528484,-0.7734574920869285,-0.9225662948249498,-1.3134982345722352,-0.7180946013078251,0.2692014673650073,0.6772228733838963,-0.9764194483286528,-0.8869292675109735,-0.4070549059059717,-1.9380832702632496,-1.0997819088923677,-1.1254082660984612,-2.063297122721492,-0.4540570296619595,-0.7099875321636356,-1.940862533851798,0
-1.3572098109173063,0.0783367106616796,-1.168717627632051,-0.8681093238500562,1,0,0,1,0,0,0.19849979257844777,-0.5152545777716003,0.21396681550962854,-0.5130259477855414,0.004562891386885699,2.1050084526841485e-4,0.2867990960763617,1.145344970034675,-0.5473974475105422,0.27213656659198654,0.4094442740586073,0.4554808776246956,-0.49602455028198167,-0.7412875933563221,0.9855589224431772,-1.5210666293491273,-0.3032956558509004,-0.8443196992804118,-0.04053384962865217,0.6614225707698917,-1.1394869535146188,-0.5847106225926713,-0.7802146227193958,-0.6683817252358907,-1.3566114620568166,-0.6614225707698917,0.04053384962865146,-0.8214721736463815,0.5660657690356972,-0.7673924191553354,-1.3561208669791374,-1.3798748799323457,0.13954134120007555,0.051710241290561454,0.07432503064057716,-1.307145298160744,-1.1367331974183288,-0.7105613285614767,-0.6334633235940058,-0.9052878383950472,-1.0746389226366257,-0.6040308649486834,0.4514102871836102,0.9044189231421907,-0.8892713360402683,0
-0.4577006284139859,0.23294330649045036,-0.15484123025532542,-0.8681093238500562,0,1,0,1,0,0,0.7032572727437467,-0.5879385875662921,0.03486227566633282,-0.47367777134881384,-0.37698992265025316,-0.08609768930956323,-0.5123705253488856,1.0856536326771173,-0.46092633531156685,-0.8190774307451958,-0.7153654078115357,0.3594509118376932,0.8753295091793922,-1.0846222558626348,0.21604140747194844,0.04051672490067737,-1.7976609690909804,-1.361226280594604,-0.18532197901778352,0.6740482547543618,-0.371278090364598,-1.2736681425071168,0.670817142601677,-0.676009078304412,-0.3989624559369499,-0.674048254754361,0.18532197901778283,-0.9266927806649233,0.491016520610491,0.8368193712507843,0.7312577684916879,-0.10165033785478751,0.5736101447550955,1.4925896140337656,1.784586258014483,0.5738579727592754,-0.4150773999081907,-1.2416975682086098,-0.2959043164138529,0.08014878545804377,-0.194636969298146,-0.667477223982284,-0.28942660841731066,0.013711913318286572,-0.45626319576493324,1
0.9815140635913272,0.0010334127472937634,0.27967722576327125,0.5985369837740325,1,0,0,1,0,0,-0.23054406556205628,-0.33150940101061954,0.17558727125749374,-0.506082151943766,0.3331423243513398,0.13615708015650582,-0.19080018103213417,0.6671034787100028,-0.677951543759702,0.4186202002138623,0.09650058682545253,0.6189875171496454,1.111612099217753,0.3606432516929896,0.19075783395142812,-0.5177289134093741,0.6195877346846975,0.7252595746143066,1.1360522199736263,-0.28249761283093816,0.6256627840783897,-0.7245234497588867,0.4065148434403187,0.04884370830741856,0.5826193252062933,0.28249761283093816,-1.136052219973627,-0.03541234474315745,-0.25947596364157,-1.2374355713537264,-1.2714198081808024,-1.0062691903340089,-0.2770246880180474,0.35076067714292497,-0.1532996650890431,-1.0384305451721696,0.5286263352973745,-0.7105613285614767,-0.13168642102891215,0.09311505682453199,0.10997909147286698,0.062155904904119784,-0.9479482933959068,-1.1553410370755877,-0.2706882785040748,1
-1.7170134839186342,-0.8235350983394863,1.7280720791585935,-1.6014324776621007,1,0,0,1,0,0,-0.596493238681898,-0.0843837677086675,0.13720772700535894,-0.4968237574880654,0.9183650044148796,0.31905889245353247,0.7741289545164399,0.3741816630296401,0.3408091117743324,0.5107365911870383,0.9185651788563114,0.19632494943900944,-0.5077273023246186,-0.5759779318238051,0.35289235633411326,1.4819105220552042,-0.676505138543706,-0.12193941200624993,0.4783555005605047,-0.20666334585120408,-1.6519555185806711,-0.1600562597035448,1.0232796867912102,-1.3607830997498032,-1.3132298223724914,0.20666334585120408,-0.4783555005605054,-0.8988402670423681,-0.40957446049198204,-1.9834395419395596,-1.1163738022448682,-1.2793616741013212,-2.072809334983571,-0.30171300108041293,-0.5408768497097485,-2.0306080946684437,-1.5808290728091832,-0.4070549059059717,-0.8250508682097696,-0.23104172733766892,-0.7361766328910565,-1.5874494299694895,0.36909507656128593,0.29205785388825667,-1.5078543935764617,1
-1.0488066626304537,-0.1535731830814779,1.0038746524609323,0.3052077222492148,1,0,0,1,0,0,0.33730809962390496,-0.5420022933760469,-0.7455217907937414,0.265836485800273,-1.5486239375373885,-0.622281730737766,-1.5017892989034747,0.10776568839628813,-0.6077445469344036,-1.1001982349911148,-1.5324292179535097,-1.074450883987757,1.2379958527583423,-0.13448583080990928,-0.17298795126243346,0.43202898997255357,-0.6254448853560174,-0.49455846900476347,0.06048449490010199,-1.525410642437618,1.953897920183183,-0.3212073214020523,1.264954625427629,0.8661163945850111,1.5093929485513642,1.525410642437618,-0.0604844949001027,-0.09111737198826762,-0.10937746679115769,0.1817914946388332,0.3824042551358344,0.10316902497069583,-0.2770246880180474,0.5954383064766764,0.6218547041523672,-0.29429738304996345,1.5000860627148682,-0.482931511569848,-0.6243401071837319,0.06718251409155555,0.4145951522438788,-0.794369942049485,-0.37174181903963527,-0.9883334727336057,-0.3944048900113141,1
-0.7918040390580765,0.0783367106616796,-0.8790386569529866,-0.8681093238500562,1,0,0,1,0,0,3.1260931775371814,-0.7536581298981894,0.21396681550962854,-0.5130259477855414,-0.8792885606734281,-0.18313850414686098,0.009275919868884647,0.47594534139433087,0.7357228304667669,-0.22495479740848193,-0.4828434554524109,0.4669392519970248,0.6901703352311138,-1.2214041778001181,-0.09898799198833258,0.5611097203378324,-1.462297008194816,-2.0570601709636906,-0.37315522795503414,1.0069402600568196,-1.2333110554700473,-0.7524139149889272,-0.4418966003844066,-1.146089263448012,-1.3805987428587765,-1.0069402600568196,0.3731552279550334,-1.17736540326792,-0.18442671521636386,-0.2821865846279648,0.040010992027312065,-0.5454256239766699,-1.5057194464681423,0.7993363309214695,1.1201682272361313,-1.2554693841244795,-1.2200011740541141,-0.8623145398892288,-0.669956189235104,-0.7756251247301669,-1.1254082660984612,-0.6040308649486834,0.03983423407198747,0.6260729825722207,-0.8274130302866491,0
0.08200488108800677,-1.0554449920826439,-0.8790386569529866,1.0385308760612593,1,0,0,1,0,0,0.22373766658671274,-0.5181619381633881,0.32910544826603294,-0.5367505835782743,0.05570124632004115,0.01630943786896758,-0.9733438145672184,-0.5263670906745059,-0.4508135162761936,-0.5615655794017308,-0.7827923651875367,-1.2574092430943935,0.1501795860568203,-1.2711819013866572,-0.8335892027743695,-0.07912006461091815,-1.124501632086528,-1.286324410177406,-1.2694823106029698,-0.45589913793704195,0.08330828998519617,-0.11261601312994846,0.5367691444677218,-0.35639770069003696,-0.2381770110516063,0.45589913793704195,1.2694823106029691,-1.2609229441355856,-0.9349191994684248,-0.7097742263052108,-0.6383152839424023,-1.0062691903340089,-0.8126095827270634,-0.30171300108041293,0.34501385799472056,-0.8523972546416179,0.19555442875423396,0.04820472807728505,0.4978155112800227,0.7154960824159574,0.5161338391675497,-0.12818317219668063,0.8629863402952329,0.6817421706862145,0.038603250264021984,0
-1.7170134839186342,0.9802085196628456,1.7280720791585935,0.3052077222492148,1,0,0,1,0,0,-0.596493238681898,-0.0843837677086675,-0.24658771551598904,-0.3272794090180478,0.5987662995212679,0.18803143278842535,-1.07023305657553,-0.23184948747829762,1.5866921458691283,-1.1165628715603941,-0.4209276898060423,-0.5841035060992628,-0.15418291183379354,-0.678901500831154,0.30436252012221354,1.4590562190562422,-0.529548384885973,0.26249336404782103,0.12891477706591967,-0.924503623057108,0.8098347371513851,0.6231243888543213,-0.7028505285984615,0.9833132911512847,0.803500291892561,0.924503623057108,-0.12891477706592036,-0.9545452942874786,-0.40957446049198204,-1.8924634479656777,-1.0388507992769007,-1.1598837124531223,-1.8207693845322692,-0.7910682597479163,-0.9284540343304539,-1.7825637072943747,0.22331042096616224,-0.02767187758659086,-1.4910456661598026,-1.553601406719449,-1.159254495073018,-0.4771381468814831,-0.12479618717266176,-0.5429799678216537,-1.3222794763156045,1
-1.0488066626304537,-1.7254069073406524,1.0038746524609323,1.7718540298733036,1,0,0,1,0,0,0.33730809962390496,-0.5420022933760469,-0.6175899766199587,-0.08135330628850015,-1.0567497650932327,-0.35396611367611325,0.6296770660267712,0.0105913135292644,-0.9219006149858943,-0.16666768896131798,-0.677899470024076,0.1946713220283084,1.0801553241645425,0.10559037097512036,-0.4020689707723543,0.35498717280169656,-0.3225682021685688,-0.2091665750230514,0.2600885100232926,0.007555847346540335,-0.7700766338045989,-0.4173207787398802,1.6169968983724077,-0.09469581229637845,0.6770920622723696,-0.007555847346540335,-0.2600885100232933,0.1317027369921738,-0.3345252120667762,0.15449866644666885,0.31780175266252825,0.17144214591252482,-0.18250970659880966,0.5954383064766764,0.5111183656893089,-0.046252995675895824,-1.0257092285706153,-0.9381911455531051,-1.9745761359043472,-1.060883094792903,-1.0238695791747903,-1.9364044046542914,-1.4418395571298541,-1.6006945419875402,-1.8790042280981787,0
0.13340540580248203,-0.23087648099586283,-0.15484123025532542,-0.13478617003801185,1,0,0,1,0,0,-0.8236341047562825,2.863679669564031,-0.4896581624461761,-0.23295951550059776,2.2053139508960626,2.3824059876576422,-0.09269815898949436,-2.5889042872771855,1.2947462447360347,-0.5617119377376554,0.2244425900286504,0.2430944786495865,0.15367832295028727,0.3967250007088956,-1.8998239574194802,0.7607095089831184,0.7450719547596355,1.3993579186140657,0.6912331826893887,-0.3540047794704373,0.5253019928385121,1.6501504469703037,-1.0055217968274537,1.4976371855244472,1.0744142852782568,0.3540047794704373,-0.6912331826893894,0.1317027369921738,-1.835510180570898,-0.7734574920869285,-0.3023822710812103,7.593435579547688e-4,-0.49755964466293656,-0.5463906304141645,-0.8730858650989243,-0.35630847989348147,0.1400424443303771,0.9587239960437993,-1.0805009276974533,-1.3591073362221284,-0.8038690908401701,0.030432725387320277,-1.0302635040182315,-1.266679413303576,-0.8892713360402683,1
-0.07219669305541997,-0.5400896726534062,-0.8790386569529866,0.5985369837740325,1,0,0,1,0,0,-0.6217311126901629,-0.06693960535794147,-0.42569225535928473,-0.2578414506002932,0.44498297934688336,0.14778409022917743,-0.6628720799463457,-1.3800793694404774,2.0184914796227043,-0.7272707387237352,0.05630533831889089,0.3232326485501494,0.17171121020653413,-1.2506197559900172,-1.0844222852206684,1.614406386307388,-1.5739388600428978,-1.110646330524651,-0.46081074412575107,0.8978772664439514,-0.3278647613211758,0.8078518058983041,-1.1370227470285226,-0.5781949826719135,-1.157529669412411,-0.8978772664439514,0.46081074412575035,-1.17736540326792,-1.009968447893631,-1.6069330893092284e-4,0.8346217724489774,0.08610074473523979,-1.222174502210428,0.5138790966987595,0.8433273810784847,-0.35630847989348147,-0.47058938433204756,0.4275877563966659,-0.7520651369275744,-1.164613265724808,-1.277716296483967,-0.28679906978068154,-0.12479618717266176,0.3477270420022505,-0.8274130302866491,0
1.0843151130202777,1.4697960731206219,-0.15484123025532542,0.5985369837740325,1,0,0,1,0,0,-0.10435469552073157,-0.41000813158888666,2.644671284811499,-0.7352274147223563,1.010797154940929,0.25287437357832476,-1.9872275582400865,-2.4252839936706456,-0.20884572191736603,-0.2755002570200251,0.2633846702558063,0.7562086353751625,-0.22367771065920938,-0.380202936990238,-0.4278332535445762,-1.1704539207736369,-0.23785909360767243,-0.3288634134245306,0.569588792901455,0.4664671563038157,2.3833939993691646,2.9001844324934916,-0.8906942139975573,0.13632606786616158,-0.6634840859902961,-0.4664671563038157,-0.5695887929014557,-0.48105256270404034,-0.5596729573423944,-0.5824076947417753,-1.051771299771562,-1.0745423112758372,0.41608517572303205,0.2692014673650073,0.012804842605544792,-1.1004416420156866,1.2502821328075124,1.4898602356909325,-1.755618942057761,-1.8388593767821853,-1.68387104417865,-1.206771275767887,-0.28942660841731066,-0.09762646290970158,-1.6934293108373202,1
1.0586148506630406,-1.5192647795689571,-0.4445202009343899,0.3052077222492148,1,0,0,0,1,0,4.85488754710333,-0.7815687896593511,0.2267599969270068,-0.5153405463994666,-1.109843483804056,-0.20281498273138218,0.01702222724312902,1.1276936970674067,0.6901751391304941,0.20518269933670621,0.6408647765889639,-0.5410886007518215,-1.1324648256733825,-0.8494776426754259,1.4023163246255472,-0.6455023374768573,-0.699705499748517,-1.5422510663149351,-0.7989105922128035,0.05436948222367098,-0.8724578728200593,-0.14298527982167153,-1.592160133351542,-0.971004585582549,-2.338863587979768,-0.05436948222367098,0.7989105922128035,-0.7317251853070371,1.5417059985633763,0.49111021415003275,0.05939174276930372,-0.22112829950298704,-0.08799472517957138,1.0032343553662626,1.6738499195514247,0.2638024885416898,-0.8406692804910928,-0.17942508891434333,-0.13776856530242937,-0.9225762002170312,-1.1931007240475748,-0.32909664246974885,1.9879608854670021,2.2404794378780473,-0.8686519007890618,1
0.15910566815972013,-1.6996391413691911,-1.168717627632051,0.5985369837740325,1,0,0,1,0,0,-0.7731583567397526,0.8139905933537229,-0.3361399854376369,-0.2971896270370208,1.3738034736029834,0.855690126576838,-1.0881420063943692,-1.469863196490849,0.9225266195487825,-0.20163814654611933,0.8920427291017549,-0.11479878782396094,-0.46938815004981993,-0.225720904428257,-0.7861731401115781,0.6744922002407804,0.04269463849468562,0.8146003581870543,-0.4157307643808121,0.2557448558590603,1.2875502800883423,1.2298623724885698,-0.5833251802857148,0.31473540006418144,-0.3644005358106857,-0.2557448558590603,0.41573076438081064,-0.3417899945912644,-0.8598699510432187,-0.555114866549611,-0.1473362651452761,-0.11871861809024475,-0.2770246880180474,-1.1173050988595852,-1.0945585420250417,-0.29429738304996345,1.2225261405955843,1.1863538130354276,0.0872707728176734,-0.23104172733766892,-0.093098282374475,-0.0012904541294803558,-0.5363722402842841,-0.48731077970765985,-0.2706882785040748,1
1.1871161624492292,1.1605828814630785,-0.4445202009343899,1.478524768348486,1,0,0,1,0,0,-0.571255364673633,-0.1134573716265442,3.911196245131947,-0.7618452987824955,1.8826002572413163,0.5015135120554564,-0.3425007559680849,-2.1001628608696543,-0.6544132432731109,0.6951967939769783,0.17759596280022052,-0.18273962854715398,0.12354935954274289,0.4204982305506197,-1.2027297076412256,-1.2166709161606237,1.1788312097453986,0.39200488724573396,-0.4633576356367666,0.21031740340811067,0.896412515953113,1.677671217594246,-0.3280321089178083,0.22974283016425273,0.1518330252611865,-0.21031740340811067,0.4633576356367659,0.18740776423728422,-1.2351161931692491,-0.6551885699208807,-1.1292943027395286,-0.6819718658603261,0.16404522527173035,-0.709509049969999,-0.5962450189412776,-0.4803306735805153,1.0282341951120857,1.8692432640103136,0.5708012425622179,0.30057539868834077,0.38074892326932136,0.6966194952401235,-0.37174181903963527,-0.32030321536567735,0.5334696962929761,1
-0.5605016778429365,-1.7254069073406524,-0.15484123025532542,1.7718540298733036,1,0,0,1,0,0,-0.44506599463230834,-0.24138122886520175,-0.438485436776663,-0.25494820233288673,0.029855746508434332,0.01139031822283728,-1.1118875534223738,-0.5711345708562783,2.4974888158772695,-1.3822742135086734,-0.70625103607474915,-0.5526674684594277,0.2858514309344392,-1.1055842289059257,-0.34289534216133705,2.080234160983262,-1.274784427689352,-0.6177916173186488,-1.3567040124745664,0.5917900106131198,0.44141997455672105,0.4403950960018812,-1.3237161629043424,0.6033088686885426,0.31500766529294333,-0.5917900106131198,1.3567040124745657,-0.8988402670423681,0.04072103005925432,1.282602231722807,2.3463203303243403,1.5369045647490853,-0.7180946013078251,-0.22015379130249568,0.5111183656893089,1.2559800380379649,0.05677446769459199,-0.02767187758659086,-1.1352402261590995,-1.5406351353529608,-1.2607931819966884,0.12560226393772106,-0.9479482933959068,-0.8213259083916238,-0.8274130302866491,0
-0.04649643069818187,-0.6173929705677911,-1.6032360836506476,-0.8681093238500562,1,0,0,1,0,0,-0.785777293743885,0.8779525219730516,-0.2721740783507456,-0.3191783138693098,1.5964412875865512,0.9218746454520458,-1.6021587790642284,-1.2060387880494647,1.9029614617198782,-1.8302808824372696,-0.8472068290246263,0.1350327218028767,0.7380045778650535,-1.174668107818485,-1.2842893530802066,0.9066251103970615,-1.1962973722306487,-0.4577005275230928,-0.1227108960387,0.30587169994287167,1.0541262505177098,0.3687532050128034,-1.6903412664006916,1.2863633960903345,0.6545548895568064,-0.30587169994287167,0.1227108960386993,-1.17736540326792,-1.3101654415944555,-0.6915790075104341,-0.1602567656399366,-0.6136987449184976,-0.7811045889206503,-0.13859458152457876,-0.09793149585751397,-0.9764194483286528,0.7506742729928018,0.12408133374116129,-0.5787240251323598,-1.2942759793896883,-0.8038690908401701,0.8235122133073248,-0.7010026615289333,-0.6543183440496418,-0.2706882785040748,0
0.10770514344524394,0.026801178718756015,-0.15484123025532542,-0.8681093238500562,1,0,0,1,0,0,6.747728097723201,-0.7955241195399319,-0.7583149722111197,0.3063419615439632,-2.8544999944170697,-0.84856123445976,-1.1285264095989453,0.39832311327958586,0.33706454701868116,-2.5240608596655054,-2.409081334964869,-0.23133529891172708,2.5979691234395736,-1.3343286279719557,0.7127876230267856,-0.10906106408177976,-2.8844373991161576,-3.2319587529503213,-0.7652983266135058,0.4434998061064408,0.23599800077117572,0.16734401979989305,-0.5703743790969676,0.5496846331246615,-0.023454949990050284,-0.4434998061064408,0.7652983266135052,-1.3862592554370838,0.003196405846651406,-1.5785959237557843,-1.381244062385423,-2.209582946933728,-1.8207693845322692,0.7993363309214695,1.397009073393778,-2.1856358367772364,0.3065783976019474,0.27583454506891375,0.3518440487156324,-0.010615114107371936,0.2115177783965368,0.3476645205553221,-0.04248097655033679,0.18071947766026855,0.40975308478573785,0
-0.5348014154856993,0.5936920300909173,-1.168717627632051,-0.4281154315628296,1,0,0,1,0,0,-0.0412600105000692,-0.4280337660179702,0.7384872536221374,-0.5888290523915902,0.43973771528012684,0.12587164816914248,0.5983478027466175,0.08947554359913511,-0.3301960571995283,0.28923588414529294,-0.1811453550174856,-0.9909988453810646,-0.22859562441285508,0.21192758724731103,-0.46670288129475795,0.3874965912428059,-0.038132112872348654,-0.1457214884992299,-0.4194329849395745,-0.9356157016516281,-0.6202616370087447,-0.5903406928227702,0.8407857759953737,-0.42855016991963346,0.0932291621581261,0.9356157016516281,0.41943298493957376,-0.09111737198826762,-0.7097714541928067,-1.019092945816409,-0.6899972859210471,-0.6649035856248688,-1.1276595207911904,-0.22015379130249568,-0.04256332662598434,-0.9144083514851348,-0.38732140769626244,-0.2553016945782196,1.172933525640331,1.4934723644052397,1.1930584186586881,0.4428340591057229,1.8507688677631275,1.4054416161681371,1.0901944480755505,0
0.13340540580248203,-0.9523739281967958,1.7280720791585935,-0.4281154315628296,1,0,0,1,0,0,-0.11697363252486404,-0.3937269133948757,-0.2593808969333673,-0.32438616075064136,-0.13828405336667832,-0.052111044481753875,-0.20169831006581734,-0.048271731819042506,0.7374355145979296,-0.8550898465704673,-1.211570880627774,-0.4915279489384652,1.7211501667062679,-0.6697005342099366,-1.4725235682425641,2.4175526500449034,-1.1311775408836342,-0.3380924956521152,0.6912331826893887,-1.3559421528355944,-0.38869047291408987,-1.4088873183825,1.4213082127150136,0.03351493076262266,1.2450199650294729,1.3559421528355944,-0.6912331826893894,-0.5646101035717058,-1.3101654415944555,0.41832933897092733,1.674454304601957,1.0248561576853752,-1.3166894836296663,1.5741488238116832,1.2862727349307197,0.139780294854656,-0.47058938433204756,-1.3934507795363622,-0.49661507743988936,0.2616765845888761,0.2622871218583729,-0.44541496736468245,-0.7833178721512579,-1.32234860141757,-0.7036964187794109,1
1.7525219343084582,0.1298722426046032,-0.8790386569529866,-0.13478617003801185,1,0,0,0,1,0,-0.00340319948767178,-0.4617591465627072,-0.4512786181940413,-0.2520549540654803,-0.48783921208039627,-0.1603316766966205,1.4036528318341437,0.527293141752156,-1.2936943472176403,1.4388096741348164,1.1230200140509972,0.4601064359032764,-1.1622258497340412,0.9627976652943152,0.11423840288897169,-0.293786020485043,0.3092867838828342,-0.1693809719338017,0.4513710056427588,0.17986603418274572,-0.989797348500617,-0.6092848608729745,1.4732968936920319,-1.6370555649381222,-1.6253485710172708,-0.17986603418274572,-0.4513710056427595,0.744458036688388,-0.03432821836595151,-0.4004555067940112,-0.4832692780064673,-0.34060626115118536,-0.40304466324369825,0.2692014673650073,0.06817301183707392,-0.6663639641110671,-0.8869292675109735,-0.482931511569848,0.3518440487156324,1.0915179520441112,0.2622871218583729,-1.397110352868688,1.6038232358961542,1.9064643091940836,-0.08511336124321738,1
1.4698190483788447,-2.034620098998195,-0.8790386569529866,-1.161438585374874,1,0,0,1,0,0,-0.3945902466157784,-0.2692918886263634,0.7256940722047591,-0.5870931034311464,0.821376855087167,0.24661367584688623,-0.12946274342644945,0.12643969310625283,-0.19828418796530858,-1.0617946357502652,-0.6192331778279281,-1.0100136568641764,0.5144846713318851,-1.1195175424700945,-0.33414350995334574,0.17696819249777102,-1.5688688106009254,-0.9901046475659058,-1.2778853770027954,-0.11014700605881247,-0.9385876413562017,-0.508280079854717,0.44889709422103236,-0.12124740523318056,-0.1616110213965608,0.11014700605881318,1.277885377002794,-1.1495128896453646,-0.5596729573423944,-0.8644335860608106,-0.6512357844370638,-1.176951992688579,-0.5605696322757617,-0.13859458152457876,0.5664865349208381,-0.4803306735805153,-0.9979532363586869,-0.7105613285614767,-0.8797901666714156,-0.5422322401333817,-0.5500223735309933,-1.0481553781838862,-0.28942660841731066,-0.3759724034796717,-1.0748462533011267,1
-1.3572098109173063,-0.17934094905293926,0.27967722576327125,-0.4281154315628296,1,0,0,1,0,0,-0.7983962307480176,2.035081957904545,-0.10586271992482811,-0.4082903605054282,1.9496584070845835,1.8806557837523517,0.4842948761890049,0.016796340391138916,-0.17353009714605647,0.6636399266100497,1.1201523782438594,0.6623143107212758,-1.3213400381275602,0.036634282111115,-0.8440425115248282,-0.03457639353205479,0.3110398712681563,0.9729585797081629,0.9750700921945687,-0.06374491962016399,-0.6368192713483918,-0.8685967635784102,0.20247551512629175,-0.5881129143719258,-0.5063482701970823,0.06374491962016399,-0.9750700921945695,-0.23037994010104354,-1.009968447893631,-1.0099953364190213,-0.8708842928463041,-0.71610842633123994,-0.08799472517957138,-0.9541866793037505,-1.3713993881826885,-0.9764194483286528,-0.5816133531797613,-0.7864379342253526,0.12376363845877164,0.20981149912292413,-0.0423289389126401,-0.15990635171348128,0.4514102871836102,0.45906541823023866,-0.45626319576493324,1
0.44180855408933456,0.8256019238340739,0.5693561964423357,-0.13478617003801185,0,1,0,1,0,0,-0.34411449859924853,-0.2931322438390223,-0.5024513438635544,-0.22022922312400942,-0.22942480992573414,-0.055241393347473154,0.22089321806296025,0.129242957424688,-0.6186613555094783,-0.304420351360896,-0.16057262630128022,-0.8322493313166226,0.018397159497558012,0.8517993503166335,0.2904063142563436,-0.0314115129361429,0.657028228186531,0.9218292215544803,-0.2645441656443792,-0.8727171435694476,0.5439504775371035,0.11353265540870246,0.8141652570734867,1.062750199252154,1.1087390937394397,0.8727171435694476,0.2645441656443785,0.49378541408539117,-0.03432821836595151,-0.8280431484712572,-0.7158382869103699,-0.4430159425639276,-0.2140147004052217,-1.1173050988595852,-1.149926711256571,-0.6663639641110671,0.44535835866158957,0.04820472807728505,-0.15905607025973648,0.2746428559553643,0.7022880985276131,-0.6040308649486834,-0.5363722402842841,-0.9326642846196119,-0.023255055489598248,1
-1.460010860346257,-0.3854830768246345,1.7280720791585935,-0.13478617003801185,1,0,0,1,0,0,-0.21792512855792381,-0.33150940101061954,-0.5664172509504457,-0.15368451297366123,-0.5091721598535309,-0.13618327116107173,0.3953024278899687,0.45672493280793525,-0.5748116384888962,-0.8085723797902803,-1.3803444951746067,-0.5695194151095494,1.4470796099034353,0.8693168566613663,0.06522391205879777,0.21821016770499174,-0.33995401644975654,-0.22194804016064587,-0.6392523306161405,-0.14275387761029457,0.31893351161891675,-0.5615294203843944,1.0050669405533665,0.7552365369435826,1.5778263848944067,0.14275387761029457,0.6392523306161398,0.4659329004628361,-0.25947596364157,-0.9463120706373036,-0.7029177864157086,-0.7843815472730677,-0.8126095827270634,-0.5463906304141645,-0.319404172783631,-0.8523972546416179,0.25106641317809053,-0.5588081172337243,-0.12256320461863823,0.4043055696202447,0.7022880985276131,-0.0647368131630805,-1.6064699783745033,-1.823371294443516,-0.08511336124321738,0
0.13340540580248203,-1.132748289997029,0.27967722576327125,-0.13478617003801185,1,0,0,0,1,0,0.097548296545388,-0.4937401108723716,-0.8350740607153893,2.8379341955246007,-2.3882847556968674,-2.5729362667759816,0.13226386950549096,0.40569803869711163,-0.45768000579088575,-1.0865031932828522,-1.4013686332129902,-1.0284872421924218,0.9406711003997401,-0.8033322747157717,-0.7573775853302848,1.3772361690172719,-1.91547676653686,-0.741480947174384,-0.7989105922128049,-0.6103841330315712,-0.9865962737274895,-1.3155575288354167,2.0096534299996485,-0.4315582539759665,1.0979360291981761,0.6103841330315712,0.7989105922128042,-0.9545452942874786,-1.009968447893631,-1.3102164465328319,-0.5220307794904515,-1.1940202729240363,-1.2536794960168407,-0.7910682597479163,-0.5408768497097485,-1.4104971262332722,-1.1089772052064004,-1.4693273852002382,-1.4545528005187045,-0.39960325510201306,-0.5330992590437151,-1.3336639938350878,-1.277209135885205,-1.6006945419875402,-1.5078543935764617,0
-1.1259074497021662,0.1298722426046032,-0.8790386569529866,-0.13478617003801185,1,0,0,1,0,0,4.8044117990868,-0.7809873175809935,-0.8478672421327675,2.852400436861633,-4.028474901215956,-2.805029275534311,-0.7725978860127999,1.70438692179556,0.2254534122891965,-0.9370956395870937,-0.701004791685803,0.21549073236836072,0.41480942151312994,-0.6517262942511042,0.2984073937006071,1.072366679068758,-0.16406166682750242,1.0085335592263962,1.2994551316290601,-0.9948801208223941,0.42311893345961593,-2.0403865626371744,0.7694227264824717,1.1032750122777397,1.895977287032692,0.9948801208223941,-1.2994551316290608,-0.48105256270404034,0.5660657690356972,0.8095265430586199,1.2997597902567817,1.1614023995690306,0.6996301199807459,0.5954383064766764,0.012804842605544792,1.3800022317249987,0.0012624832707351544,-2.0004636248473715,-1.272088472313216,-0.7496925819971905,-0.3130987707090945,-0.667477223982284,-0.9479482933959068,-1.378017789531564,-0.76555472453303,0
-0.9460056132015023,-0.5400896726534062,1.4383931084795292,0.5985369837740325,1,0,0,1,0,0,-0.5838743016777656,-0.09892056966760585,-0.42569225535928473,-0.2578414506002932,0.33800048040491143,0.12318849199852594,1.1956431685360858,-1.1719376385364215,0.4244901490781705,1.253610748758207,1.489767826176661,-0.1945464504951576,-1.973196817619177,1.0657433238842566,-0.6177946446228219,-0.4695553390536282,1.1829355756653026,0.991053811504634,-1.0383979846077995,0.7645323233097278,-0.5976927590766583,0.989628074873884,-1.0521500862986588,-0.5205685778929073,-0.9691999828847553,-0.764532323309727,1.0383979846077986,0.438080386840281,-0.9349191994684248,-1.4375829780962672,-1.4135453136220761,-0.972132629863095,-0.5920746260821743,-2.0960156161945913,-2.0911855881925696,-0.8523972546416179,-0.6093693453916895,0.8069707847160468,-0.25028823436248077,-0.7367263106307022,-0.8715615487892844,0.15732544345452057,0.12214944469431245,0.5704037944582268,-0.2706882785040748,1
1.0843151130202777,-0.7462318004251005,-0.15484123025532542,-0.4281154315628296,1,0,0,1,0,0,-0.10435469552073157,-0.41000813158888666,-0.68155588370685,-0.029274837475184185,-0.9469657020547847,-0.2927007144470359,0.44838880663812236,0.8602417745890368,-1.4157962960198744,0.29430554173010287,-0.5648598597944777,-0.5425699457702841,0.29583332302528415,-0.3896584162947953,-0.07712890689126395,-1.478632179193563,-0.4720454970244343,-0.6195220134633247,0.7472536253548848,-1.4811177417461794,-1.0128376489807789,-1.257974878320453,0.4495582247700651,-0.8656600342894198,0.12950281631831267,1.4811177417461794,-0.7472536253548856,-0.5367575899491508,-0.3345252120667762,-0.8189455390738695,-1.3747838121380926,-1.4500444764558913,0.3530751881102058,0.6769975162545934,0.34501385799472056,-1.3484860293897554,-0.9979532363586869,-1.2416975682086098,-0.378013264106322,-0.10137901367278856,-0.4315605721200442,0.09387908442092041,1.1099319721622063,0.4033962301162448,-0.7036964187794109,0
1.0586148506630406,0.5421564981479937,-0.4445202009343899,-0.13478617003801185,1,0,0,1,0,0,4.85488754710333,-0.7815687896593511,-0.7711081536284979,0.35842043035727916,-2.7533911229004757,-0.8780759523365417,-0.3535806013444507,1.1251869733641158,0.9702437682949443,-1.3632116194763526,-1.1114464953338365,-0.12654477837082673,1.5340704912853458,-0.7683545437276776,1.5643658183720504,-0.45021255466216853,-0.9387546542954435,-1.5621927457391547,-0.671183982935474,0.4930801176436278,-0.27606837357163105,0.022792902586742755,-1.7787759337200566,0.910757905140584,-0.08024228196961608,-0.4930801176436278,0.6711839829354733,-0.6760201580619267,1.6167552469885829,0.32735324499704527,0.03355074177998182,-0.34060626115118536,-0.2140147004052217,1.0847935651441794,1.6738499195514247,0.07776919801113909,-0.44283339212011924,-0.2553016945782196,-0.8250508682097696,-1.5147025926199844,-1.1423313805857394,0.2524949820049213,-0.8656330827735822,-0.7656567202776299,-0.8274130302866491,0
0.3904080293748593,-1.7254069073406524,-0.4445202009343899,1.7718540298733036,1,0,0,1,0,0,-0.6469689866984278,-0.03786600144006476,-0.438485436776663,-0.25494820233288673,0.5077234935847342,0.1679077615088014,-0.5452826500497869,0.04134234167361028,1.1856693113081433,-0.9783312421627519,-0.6446162157998102,0.7347446929542831,0.9356316035234864,-0.5039346913548064,0.43619353165617963,0.09509903486596517,-0.6682592585301894,-0.28335858942482195,0.741322049072657,0.266869946255213,0.25470319262530755,0.3802254431185791,-1.5252843099909494,0.6590279499292588,0.5613881399418903,-0.266869946255213,-0.7413220490726576,-0.3974950218363748,0.5660657690356972,0.43652455776570404,0.42116575661981864,0.12023730520615308,0.4475901695294441,1.166352774922097,0.8433273810784847,0.3258135853852078,0.0012624832707351544,0.04820472807728505,-0.8068044353892204,-1.385039878955104,-1.0915620371239039,0.7600658542737248,-0.7833178721512579,-0.7656567202776299,-0.45626319576493324,1
0.5960101282327613,0.026801178718756015,-0.4445202009343899,-0.8681093238500562,1,0,0,1,0,0,0.7411140837561441,-0.594334780428225,-0.7583149722111197,0.3063419615439632,-1.8208197515019313,-0.6938325619542068,-0.485371957488431,-1.009400851024775,1.5967217392117639,-0.7420645351652808,0.2631475720892582,1.1782894217127327,0.565958318123933,-0.7197173359691608,-0.4835515983236636,1.136887825310135,-0.40846064069573484,0.2592130531161362,1.2002885095193314,0.41661470759684033,-0.044211559778533485,0.901022969950701,-1.0403094846045988,0.5974587336707063,-0.089033636981401,-0.41661470759684033,-1.200288509519332,-0.5646101035717058,-0.25947596364157,0.7276480584821255,1.2609982887727984,1.0077878774499178,0.006520256239666901,1.8188264531454346,1.2309045656991897,0.5738579727592754,-0.10976148557697851,0.7310941790521709,-0.24116501795220557,-0.723760039264214,-0.4654068010946016,0.2524949820049213,-0.12479618717266176,0.06938110143228039,-0.1469716669968365,0
0.13340540580248203,-1.1842838219399534,1.7280720791585935,1.0385308760612593,1,0,0,1,0,0,-0.11697363252486404,-0.3937269133948757,-0.31055362260288033,-0.31107721872057176,-0.19683615162413814,-0.06239647646911723,-1.5502212170247431,-1.2842227130674972,2.318624261172936,-1.8537176651893261,-1.1336100566952443,-0.03714913351853819,1.4454117200267305,-0.6833181223601364,-1.5601766855396098,2.290555884264323,-1.0861962228780522,-0.448750613850937,0.8202499597371985,-0.8641809106868654,1.4728569222710628,0.19968522247947135,-0.8678492760776696,1.427199392570909,1.035630961144538,0.8641809106868654,-0.8202499597371992,-0.5646101035717058,-1.3852146900196616,0.5002078235474204,1.6873748050966186,1.0589927181562884,-1.3166894836296663,1.9819448727012692,1.6184817503198954,0.07776919801113909,0.917210226264372,-0.17942508891434333,-1.0257616292358074,-1.2553771652902237,-0.7192535184037778,-0.033013633646279864,-0.37174181903963527,-0.7656567202776299,-0.9511296417938885,0
-0.4063001036995106,1.3924927752062353,-0.8790386569529866,-0.4281154315628296,1,0,0,1,0,0,0.13540510755778543,-0.5001363037343045,-0.19541498984647596,-0.36778488476173804,-0.2697143785227983,-0.10040785555285138,-0.8906090112792885,0.10207540740532857,0.9969699657386513,-1.3473352383500683,-1.5498113727312095,-0.06518089282344124,1.561648948696066,-0.8800627765082344,0.925366282967674,0.1174346873257471,-0.7867428013305057,-0.9052946590751212,0.5493147279367994,-0.6337026228571595,0.3590651531873556,0.786909928157735,-1.2448808064519878,1.0400422897741657,1.1309866547790908,0.6337026228571595,-0.5493147279368,-0.7317251853070371,1.1664597564373458,0.7094528396873502,0.6666552660183818,0.2909201075607231,0.06953024385249205,1.3294711944779316,1.1201682272361313,-0.17027518936292965,0.16779843654230542,0.5034643620605421,-0.5331079430809875,-1.047916823426415,-0.6346379459673855,1.0455744699249259,-0.6186874509066087,-0.9326642846196119,-0.2706882785040748,1
-0.8175043014153137,0.18140777454752677,-0.4445202009343899,-0.4281154315628296,1,0,0,0,1,0,-0.7100636717190902,0.14239034285077085,-0.20820817126385424,-0.3567905413455935,1.061191854931429,0.3852434113287402,-0.38013495264271097,0.046293993254388904,-0.6705883681116342,0.06653712251206252,-0.1874057121489179,-0.21399254991944278,0.07639255782769479,-0.6891084017037167,-0.8062633791366354,0.13188453122682364,-0.21810877196630124,0.1480739778968619,-0.8195116582252774,0.5209213695068188,-0.15996209030528563,-0.8712369123738557,1.0492479990391708,-0.30616028461447015,0.3882020233241957,-0.5209213695068188,0.8195116582252766,-0.6760201580619267,-0.7848207026180125,-0.1457224436671417,-0.05689276168264715,-0.135786898325702,0.06953024385249205,-0.709509049969999,-0.4301405112466897,0.20179139169817292,0.029018475482663446,-0.6346847228976005,0.826251302049903,1.298978293907919,1.0745966172477384,0.2207718024881207,-0.4540570296619595,-0.26463402725168356,0.8427612250610729,0
0.44180855408933456,-0.3854830768246345,0.5693561964423357,-0.13478617003801185,0,1,0,1,0,0,-0.34411449859924853,-0.2931322438390223,-0.5664172509504457,-0.15368451297366123,-0.35891470326361646,-0.10666855328428994,0.13990372835248,0.7626231457737296,-0.39964631410336066,-0.19160997942742053,-0.6506863662242373,-1.185581272466997,0.6492027901345401,0.629094064418547,0.4216831874287203,0.177559670442205,0.8365164313348157,1.039260393245146,-0.7858772647355261,-0.8375679493470506,0.4340438368692743,-0.6242912407504679,0.724760244615147,1.0883280944692457,1.8605596424655566,0.8375679493470506,0.7858772647355247,0.4102278732177254,0.19081952690966666,-0.5187244289600577,-0.354064273059855,-0.01630893667750248,-0.18250970659880966,-1.2804235184154193,-1.149926711256571,-0.10826409251941274,0.3343343898138759,-0.6346847228976005,-0.19554893590083341,0.19684522775643593,0.6345956405784983,0.15732544345452057,-1.6064699783745033,-1.9903788587854983,-0.08511336124321738,0
0.23620645523143258,-1.132748289997029,-0.8790386569529866,-0.13478617003801185,1,0,0,0,1,0,-0.356733435603381,-0.28789899513380446,-0.8350740607153893,2.8379341955246007,-1.9495568978653288,-2.4146300527096067,0.7189146389247305,1.1190208037527105,-2.5910940706404255,0.19061807796168792,-0.7356781118820718,-0.5640855789043022,0.698618582042884,0.05493554665431023,0.327215225978347,-1.678751375318947,0.1442947754309373,0.18705007628281253,-0.16027754582615011,-0.6103841330315712,-0.9447773548163579,-1.2080941411234873,1.8551291627005668,-0.11443249637939978,1.1390355691389675,0.6103841330315712,0.16027754582614942,0.02029268250195297,0.26586877533487285,-0.09113678728281299,-0.9354867953196102,-0.8355863879794388,1.518759958947476,-0.05703537174666111,0.012804842605544792,0.3258135853852078,-1.0812212129944723,-1.3934507795363622,-1.481922449749529,-0.4903671546674297,-0.4992530300691578,-1.4288335323854886,-1.277209135885205,-1.6006945419875402,-1.5078543935764617,0
0.13340540580248203,-0.9523739281967958,-0.15484123025532542,1.478524768348486,1,0,0,1,0,0,-0.8236341047562825,2.863679669564031,-0.6047967952025805,-0.09581954762553238,1.960722149154853,2.2764213189182896,-0.7362539837646652,-0.8697664855488504,1.0972850751921261,-0.5864412728862233,0.301911465036083,1.218008608672872,0.7930098374920955,0.457090143343588,-2.034031174824371,0.7220844730095124,1.121255011186767,1.9464586655947047,0.9750700921945687,0.6941558255444445,1.4804981723339627,-0.8438659817702207,-0.7744001992417984,1.904061601196091,1.5078383485622777,-0.6941558255444438,-0.9750700921945695,0.02029268250195297,-1.9856086774213102,-1.301118837135444,-0.7933612898783374,-0.3576745413866426,-0.655084613695,-0.9541866793037505,-1.3713993881826885,-0.790386157798101,0.6396503041450882,-1.1658209625447336,-1.682633210775566,-1.7351292058502814,-1.0746389226366257,-0.5405845059150832,-2.2649916633530998,-2.3800631755834565,-1.0748462533011267,1
-0.7404035143436003,0.5421564981479937,-0.4445202009343899,-0.13478617003801185,1,0,0,1,0,0,-0.6595879237025604,-0.03205128065648941,-0.7711081536284979,0.35842043035727916,-0.46758293208315554,-0.301644568349091,-0.6125403169962406,-0.9682354195467565,1.7297754491357342,-0.8353301786630277,0.45312628036325914,1.632559245958311,0.524206081361417,-1.2470162086097099,-1.513130468234781,0.4973051200506068,-0.6556915198527133,0.4832416134348537,0.8355570349801581,1.3979208031972914,-0.3942516808311563,-0.18688738677875033,-1.8649173010612035,0.47830469333974024,-0.1172949765980891,-1.3979208031972914,-0.8355570349801588,-1.2609229441355856,-1.535313186870074,-0.9281168518425269,-0.5607922809744348,-0.767313267037611,-0.2140147004052217,-0.22015379130249568,-0.5962450189412776,-0.9764194483286528,-0.5261013687559044,-0.4070549059059717,-0.7520651369275744,-1.5017363212534962,-1.2607931819966884,0.6014499566897238,-1.4418395571298541,-1.0996718489615938,-0.7036964187794109,0
1.1871161624492292,0.0010334127472937634,-0.4445202009343899,-0.13478617003801185,1,0,0,1,0,0,-0.571255364673633,-0.1134573716265442,-0.5280377066983108,-0.21444272658919655,0.12929097528148495,0.07846922248825047,0.6929784943643286,-1.103315644401232,0.42895628913552614,1.3385198701607541,0.6595607076157146,0.33034109376318005,-0.24982077424803606,0.8148547674507242,-0.9544300575231554,-1.0891944617481586,2.196594122379953,1.2071607585693278,1.0187373090415193,-0.5598254073642694,-0.14941018288463565,0.5582082676788924,-1.6809330099124593,0.36985114018964066,0.3210963034435669,0.5598254073642694,-1.01873730904152,0.5494904413305014,-1.009968447893631,-0.5824076947417753,-1.0130097982875779,-0.22112829950298704,0.19555021907814235,-0.5463906304141645,-0.983822203561983,-0.4183195767369984,-0.3318094232724056,0.19995793940503753,-0.7976812189789466,-1.4498712357875443,-1.2438700675094103,0.8552353928241243,-0.5363722402842841,-0.8213259083916238,-0.76555472453303,0
0.030604356373531493,-1.1842838219399534,-0.8790386569529866,1.0385308760612593,1,0,0,1,0,0,-0.7353015457273552,0.30520252479088045,-0.31055362260288033,-0.31107721872057176,1.0957632772545165,0.4751291430443938,-0.875279612623872,0.6808661735638473,-0.1567693002028352,-0.49121414863705154,-0.7208715534135826,-0.8993481273356705,0.14530024806139377,-0.09346086316191078,0.9050200974308343,-0.8303680367040445,0.6097289521048518,-0.0920431491808589,-0.37315522795503414,-0.8565127692838675,1.1237126147660763,-0.027880924589219796,-0.620130911319464,1.268195415942983,0.847306104387772,0.8565127692838675,0.3731552279550334,-0.11896988561082296,0.7912135143113154,-0.10023439668020068,-0.5091102789957901,-0.2552648599739003,0.16404522527173035,-0.05703537174666111,0.12354118106860354,-0.10826409251941274,0.5841383197212315,-0.4070549059059717,-1.1626098753899237,-1.2553771652902237,-0.7700228618656133,-0.4136917878478824,-0.20711139779498602,-0.5986491559356475,-1.198562864808365,0
-1.1259074497021662,-0.3854830768246345,-0.15484123025532542,-0.13478617003801185,0,1,0,1,0,0,-0.81101516775215,2.8491428676050927,-0.5664172509504457,-0.15368451297366123,1.5964412875865512,2.309960771050996,-1.04040007245052,-0.47528202034683353,0.9583255229746577,-0.9891122871735634,-0.7253101689487318,0.1400618907859416,0.8612439387775904,-1.0156294463935698,-1.1887886248818809,1.8375650778618247,-0.3415734996937835,0.881704388160483,0.7902460580981725,-0.5927287050207662,0.43189665084859674,-0.5385628589373047,0.5365125951491795,0.99752845249221,1.8037514676030664,0.5927287050207662,-0.7902460580981732,-1.1495128896453646,-1.3852146900196616,-1.5649495096597015,-0.5737127814690962,-0.6649035856248688,-1.537224440274555,-1.1173050988595852,-1.482135726645747,-1.658541513607341,0.41760236644966076,-0.482931511569848,0.0872707728176734,0.35244048415429274,0.7530574419894479,0.5697267771729232,-1.6064699783745033,-1.9347096706715041,0.22417816752487937,1
0.544609603518286,0.1298722426046032,-0.15484123025532542,-0.13478617003801185,1,0,0,1,0,0,-0.7479204827314877,0.3575350118430585,-0.8478672421327675,2.852400436861633,-1.2922481779456862,-1.9294259785231178,-0.6987596511549811,1.2395533304392095,-1.6695021943525914,-0.4411899760662048,-1.4865537929674661,-0.7083982908926593,0.44846109242895105,-0.36730059735903287,-0.05643408731201393,-1.7647335951468244,0.6738763216362272,-0.050701912237889266,-0.2548898489945435,-0.7133741297612541,0.6046398755166854,-1.7578602766936755,0.5088783554711374,1.2642234196493867,1.8830921872902324,0.7133741297612541,0.25488984899454276,-0.48105256270404034,-0.25947596364157,-0.6369933511261053,-1.3747838121380926,-1.091610591511294,0.5736101447550955,-0.8726274695258333,-0.8730858650989243,-0.790386157798101,0.16779843654230542,-1.772833807855743,-1.1899795246207467,-0.7885913960966542,-0.29617565622181696,-0.5088613263982832,-1.0302635040182315,-1.378017789531564,-0.7036964187794109,1
-1.1773079744166424,-1.3646581837401863,1.0038746524609323,0.3052077222492148,1,0,0,1,0,0,-0.29363875058271866,-0.3152281828166086,-0.822280879298011,2.027824680650797,-1.7640207226093256,-1.8095783362355795,0.48256392973862045,0.4974264583847081,-0.7270599215279722,-0.027262634084494596,-0.7726744863484708,0.01967334177008134,1.2647045319314187,0.8523194352876132,0.16349788839720775,-0.6004179745146845,0.9908175160994468,0.47559125097049004,0.9704170281043213,-0.9356157016516281,0.18061064595574008,-0.5189448294286183,0.3905531090817535,1.0193077480597537,1.4688369649782325,0.9356157016516281,-0.970417028104322,0.2152602778598393,-0.40957446049198204,-1.6104375566466425,-1.6073528210419945,-1.2281568333949502,-0.9071245641463012,-0.05703537174666111,-0.4855086804782194,-1.720552610450858,-0.3040534310604773,-0.9381911455531051,-1.710002860006389,-1.2942759793896883,-0.8884846632765624,-0.9847090191502859,-1.3595243465075295,-1.7677021063295222,-1.6315710050837011,0
0.18480593051695732,-1.132748289997029,-0.4445202009343899,-0.13478617003801185,0,1,0,0,1,0,-0.19268725454965888,-0.3611644770068538,-0.8350740607153893,2.8379341955246007,-2.1432480217606513,-2.4709763322925538,0.5241361320796248,0.2651019296520007,-0.6425438633697202,0.15902470312249697,-0.4375072420266344,-1.8079818300174901,0.018323272252416117,-0.1381659335591571,-0.9399875291439954,0.9209407559553504,0.15455242997851984,0.681286130359479,-0.6247379431982625,-1.846264093787793,-0.8668778233976209,-1.3055195898309289,1.8038356311204535,-0.061580570546343555,1.233924146684285,1.846264093787793,0.6247379431982617,-0.03541234474315745,-0.7848207026180125,0.43652455776570404,0.8733832739329616,0.9053781960371756,-0.024984737566746233,-0.9541866793037505,-0.8177176958673952,0.44983577907224165,-1.0257092285706153,-1.4693273852002382,-1.5001688825700765,-0.5292659687668935,-0.5161761445564365,-1.3653871733518879,-0.9479482933959068,-1.6006945419875402,-1.6315710050837011,0
0.3904080293748593,0.5421564981479937,-0.4445202009343899,-0.13478617003801185,1,0,0,1,0,0,-0.6469689866984278,-0.03786600144006476,-0.7711081536284979,0.35842043035727916,-0.5129993634100525,-0.30611649530011853,-0.22905355945423883,0.42533503013426893,1.247639381606026,-0.7088908732127044,-0.17406449753857378,1.3115989963742998,1.3188120568749853,-0.9183219747482431,0.4762034012994776,0.04906951480820751,-0.5205894949083293,-0.16469261687572173,0.8018189915875111,0.9936302841201231,-0.5990719467076853,-0.10673556352823126,-1.6562547006858537,0.4414582041321662,0.06550208621459563,-0.9936302841201231,-0.8018189915875119,-0.9266927806649233,0.26586877533487285,-0.44594355378095224,-0.354064273059855,-0.5283573437412127,-0.15100471279239655,0.758556726032511,0.40038202722625016,-0.6043528672675491,-0.6926373220274746,-0.3311783002420958,-0.7246954876967501,-1.385039878955104,-1.159254495073018,0.6331731362065233,-1.4418395571298541,-1.266679413303576,-0.76555472453303,1
-1.1259074497021662,-1.3646581837401863,-0.15484123025532542,0.3052077222492148,0,1,0,1,0,0,-0.81101516775215,2.8491428676050927,-0.822280879298011,2.027824680650797,0.2556084424433621,0.6240443105136111,-0.7052363351320109,-0.6638374521212115,0.698368168534461,-0.497017129063459,0.2568787384431607,0.20074782242270622,-0.257821785597124,-0.8997752682529161,-1.558963188490563,1.5572635997935957,0.03582393485136074,1.5296258145093982,1.2994551316290601,-1.0149876916124754,0.08160344504721595,-0.6505973629949482,0.6102070540047764,0.7069604770615158,1.1594269495009115,1.0149876916124754,-1.2994551316290608,-1.0938078624002545,-1.685411683720486,-1.7832921351970188,-0.8967252938356269,-0.8355863879794388,-1.2536794960168407,-1.4435419379712537,-1.9250810804979817,-1.720552610450858,-0.27629743884854874,-0.9381911455531051,-1.3268277707748632,-0.8663890242955825,-0.5669454880182719,-0.9212626601166852,-1.1125787146405561,-1.545025353873546,-1.3841377820692236,1
-1.1259074497021662,0.38754990231922204,-0.15484123025532542,-0.4281154315628296,0,1,0,1,0,0,-0.81101516775215,2.8491428676050927,-0.6687627022894718,-0.03506133400999707,1.3150646565363096,2.2182862685549316,-0.09453503491148567,-1.2421938081702526,0.7800139717640924,-0.16329485751988146,0.6925324934926225,-0.4090003668789314,-1.2952005703269664,-0.748505527001315,-1.5292404943221407,1.3692160247666043,-0.10604919833132637,1.383888141883189,0.8164553486475558,-1.3675781934948876,-0.6164446359257838,0.17299042875376444,0.30962482817614567,0.11544424787775999,0.45077125959044784,1.3675781934948876,-0.8164553486475564,-1.0102503215325889,-1.685411683720486,-1.9379514949526186,-1.1163738022448682,-1.091610591511294,-1.2536794960168407,-1.6066603575270884,-1.980449249729511,-1.7825637072943747,-0.6371253376036178,0.04820472807728505,-0.31415074923440073,-0.11434528503927678,-0.0592520533999176,-0.15990635171348128,0.6983559190505837,0.06938110143228039,-0.3944048900113141,1
-0.3291993166277972,-0.9008383962538722,0.27967722576327125,2.2118479221605303,1,0,0,0,1,0,0.009215737516460692,-0.4646665069544949,0.2651395411791416,-0.518233794666873,0.16817546936974073,0.043140999575132864,-2.420854485556421,1.5297502805982968,-0.7861542110740987,-1.5885396532638063,-1.9121752056971641,-1.0472715542811828,1.0489364741235054,-0.970456086293772,1.6319633254636012,-0.5969708857343035,-0.06441241046068598,-0.3706978969241603,0.20465562353765385,-1.6313284484388841,2.3965888054089475,-0.464765234313433,0.4748009743500352,2.082144343919268,2.1240070721767617,1.6313284484388841,-0.20465562353765385,-0.8709877534198129,1.6918044954137887,0.34554846379182197,-0.031051760693324323,-0.05044549714841698,0.4790951633358572,0.10608304780917345,0.012804842605544792,-0.23228628620644656,1.9719379303176512,-0.5588081172337243,-0.4509989953885172,-0.1532440991387405,0.6684418695530556,-0.28679906978068154,-0.7010026615289333,-1.32234860141757,-0.20882997275045564,1
-0.5348014154856993,1.9336158606069351,-1.168717627632051,-0.4281154315628296,1,0,0,1,0,0,-0.06649788450833415,-0.4280337660179702,0.4570372624398156,-0.5489022263013813,0.33354188561244025,0.0950153522070524,0.9688439774260134,-0.6730526124022652,0.4601657277715086,0.9649442571051144,0.6009452588710142,-0.4321548772644849,-0.3325588922311376,0.3619272003699694,-0.9012652482965409,0.08094174821872015,0.19441331563272218,-0.11509983533108863,-0.663442976312604,0.06858695651968806,-0.9855677407366975,0.020918092116938458,-0.5477233145394118,-1.1108005225028037,-0.8936308552418477,-0.06858695651968806,0.6634429763126033,-0.007559831120602114,-1.0850176963188372,-1.1464594773798444,-0.9354867953196102,-0.8185181077439823,-1.0961545269847772,-0.46483142063624716,-0.2086678343205727,-0.9144083514851348,-0.9146852597229018,0.04820472807728505,0.0963939892279486,-0.2051091846046925,-0.6177148314801074,0.47455723862252236,0.5337254978059351,0.6260729825722207,-0.1469716669968365,1
-0.3034990542705592,-1.0296772261111817,-1.168717627632051,1.0385308760612593,1,0,0,1,0,0,3.1639499885495788,-0.7542396019765469,0.047655457083711085,-0.4730991216953325,-0.9962286735350768,-0.2144419928040538,-1.1419132559791874,0.7627038143441024,0.6861857034316415,-1.2708441696967478,-1.4310386903327017,-0.6174137711367239,1.1059088265064692,-1.2406813971670183,0.5670836414389523,1.1120236763027582,-1.928974467573665,-2.160334945756449,-0.946287449071263,0.0964376253461319,0.34818394614350573,-0.47874297795883985,0.17943770758156688,-0.19590957682469307,-0.24872621551912066,-0.0964376253461319,0.946287449071263,-1.1216603760228097,0.7161642658861095,0.49111021415003275,1.0284292798688959,0.08610074473523979,-1.2851844898232538,1.0847935651441794,1.8953225964775422,0.015758101167622184,0.19555442875423396,-0.5588081172337243,-0.40538291333714505,-0.2569742700706454,-0.3130987707090945,-0.5405845059150832,0.12214944469431245,0.18071947766026855,-0.45626319576493324,0
-1.5114113850607322,1.0575118175772313,0.27967722576327125,-1.8947617391869185,0,1,0,1,0,0,0.26159447759911014,-0.5204878264768181,0.13720772700535894,-0.48930131199280863,-0.08318337587864583,-0.022149133909869317,-0.48573467893076394,-0.06750607146537127,-0.4663045718786676,-0.23391178508174204,-0.8473260426623916,0.14154936864092404,1.2689259045091852,-0.5203697222301173,-0.30189581682588934,-1.6765842655608978,-0.5926333897582738,-1.9234027919705352,-0.6187833227191325,0.8067582219688989,0.15547860002341674,-0.2097784003263425,-1.0473515266647513,-0.2716453937303679,-0.7762631123105601,-0.8067582219688989,0.6187833227191317,-0.5506838467604283,-0.3720498362793791,-0.3049306081214353,-1.0905328012555453,-1.2281568333949502,-0.16675720969560312,1.0032343553662626,1.5354294964726014,-0.6353584156893081,0.08453045990652028,-0.2553016945782196,-0.1864257194905595,-0.6848612251647502,-0.7361766328910565,0.2207718024881207,-0.12479618717266176,0.29205785388825667,-0.08511336124321738,0
0.13340540580248203,0.928672987719922,-0.4445202009343899,-0.8681093238500562,0,1,0,1,0,0,0.12278617055365294,-0.49315863879401406,0.17558727125749374,-0.49971700575547184,0.03064268881070423,0.006918391271809734,0.37799406874185437,-0.07864121323739184,-0.7274588661349993,0.8110413664318029,0.7226258772063374,0.9310391598184191,-0.16318450195461762,-0.4921675802579436,-0.6528845038361893,-0.42773116685617224,-0.5236973710752963,-0.31741371444252253,1.2825600774918462,-0.0022010997120603167,-1.0173780011414397,-0.5461078303874318,0.5646320675688449,-1.6149539105831998,-1.2493417442543568,0.0022010997120603167,-1.2825600774918469,-0.3139374809687093,-0.40957446049198204,0.8186241524560076,0.44700675760914055,0.20557870638343811,1.0776900456576979,2.7975369704804414,2.1167952734036595,0.8219023601333442,-0.8406692804910928,-0.2637324285408725,0.9570174039305009,1.1376202502360686,0.3111761192660654,0.12912706166180937,1.8050381951951697,1.9930608240380738,0.2997827634459683,1
0.2619067175886707,-1.5450325455404195,-2.617112481027373,-0.13478617003801185,1,0,0,1,0,0,0.021834674520593164,-0.46582945111120994,0.32910544826603294,-0.5327000360039053,0.19480119584309386,0.05342643156249622,-0.1758347065584392,-1.443831865611665,0.682468937689722,-0.5147053160529557,0.4287865542785588,-0.3230933088367004,-0.9686958963996474,-1.1602597194143913,-0.4613699063724802,0.18096355388097474,-1.3333937969700855,-0.32166103122270334,-0.11207882534413707,-0.3295023237687909,-0.9148154009547402,1.5195143032603593,-0.7511069810748253,-0.6268367882057025,-0.8714829115466,0.32950232376879157,0.11207882534413637,-1.2887754577581405,-0.9349191994684248,-1.874268229170901,-1.5169093175793655,-1.8426149218714025,-0.9386295579527137,-0.8726274695258333,-0.9284540343304539,-2.0306080946684437,-0.9979532363586869,0.8828473903799233,-1.0257616292358074,-1.2035120798242718,-1.3284856399458025,-0.5088613263982832,0.5337254978059351,0.4033962301162448,-1.4459960878228426,1
-0.8175043014153137,-0.46278637473902035,-1.6032360836506476,0.3052077222492148,1,0,0,0,1,0,0.11016723354952047,-0.49315863879401406,-0.6943490651242283,0.01412388653591246,-1.1649562070418809,-0.3901887219794364,-0.5239286433642343,-2.0545915352212725,-0.5080514998512883,-1.2843960807161119,-1.2769305646998117,0.8310072225994392,1.446601202191488,-1.605500607032969,-0.06324830382235493,0.9577597285328509,-1.655623542311686,-1.4965719588900719,0.1590389773671773,0.9756618166055823,-0.8756617570754625,2.7566305989534796,1.6569795813021173,0.09344827896233467,0.19896103925644154,-0.9756618166055823,-0.15903897736717798,-1.5394480803611372,-0.25947596364157,-0.6187981323313287,-0.06981326217730856,-0.71610842633123994,-1.348194477436079,0.5954383064766764,0.5664865349208381,-1.2864749325462383,-0.859173275299045,2.400379503657447,-0.25028823436248077,0.6117659114840535,0.6176725260912207,-1.5240030709358887,-0.8656330827735822,-0.5429799678216537,-0.1469716669968365,0
-0.5862019402001745,-1.0812127580541053,-0.4445202009343899,-0.4281154315628296,1,0,0,1,0,0,0.19849979257844777,-0.5071139686745949,-0.13144908275958464,-0.4001892653566902,-0.2506943001235125,-0.08073137696833017,-0.40639362202226675,-0.09708083963678343,-0.831420440996672,-0.18710548748743144,-0.570627991855603,-1.70410315578289,-0.6578808089924835,-0.6567484231728922,-0.9366190396760825,-0.14901492648141915,-1.345623732608526,-0.69108602299056765,-0.02757457514840374,-2.296845329480164,-0.09111506206412355,-0.8050378938096969,0.9868339654229991,-1.081530016447473,0.06713334399849662,2.296845329480164,0.027574575148402326,-0.7317251853070371,-1.009968447893631,-0.6551885699208807,-0.625394783447741,-1.0745423112758372,-0.05648973137315825,0.35076067714292497,0.40038202722625016,-0.8523972546416179,0.5008703430854462,-0.17942508891434333,2.5231695543609463,2.8160320437870197,2.0222910285353324,1.8386539578449304,4.320225186432864,2.7971713190179877,1.3994859768436472,1
-0.1749977424843705,1.3924927752062353,-0.4445202009343899,-0.4281154315628296,1,0,0,1,0,0,-0.05387894750420167,-0.4303596543314004,-0.23379453409861076,-0.35621189169211226,-0.1662018646238197,-0.05568858604257591,-0.3679723265084773,-1.1345733029303673,1.055088943720313,-0.8901079249160209,-0.7984264042713086,-1.044864685019606,0.557621308825446,-0.3363781651085788,-0.45843826906300594,0.24230664229255694,-0.3467102981084254,-0.1300929382313596,-0.35678002163742906,-1.0712207285677868,0.1755693782961738,1.0979840704291117,-1.1988471242139918,0.8586863849343398,0.9109829956091695,1.0712207285677868,0.3567800216374284,-0.48105256270404034,-0.6347222057676005,-0.7643598826895395,-0.5349512799851129,-0.6307670251539549,-0.6235796198885869,-0.38327221085833024,-0.26403600355210183,-1.0384305451721696,0.029018475482663446,0.8069707847160468,-0.4601222117987924,-0.9701191952274875,-0.6177148314801074,0.9821281108913258,-0.12479618717266176,-0.5986491559356475,-0.332546584257695,1
-0.5605016778429365,-1.4419614816545723,-0.15484123025532542,0.5985369837740325,1,0,0,0,1,0,-0.4576849316364408,-0.2530106704323524,0.5465895323614635,-0.554110073182713,0.843988333151166,0.23364508768890632,-0.283470681345855,0.930734715780114,-0.17100368267878596,-0.6026296110131807,-0.17166682542128678,-1.3688084523013295,-0.8956099281265971,-1.2774285208766007,-0.34667963649308275,1.9628588725626437,-1.5323724280381181,-0.6339641051219398,-1.0705131521703464,-0.8051695616290189,-0.8822186437258599,-1.624758656007996,2.2062516324166044,-0.7053605425878967,-0.3957672769546564,0.8051695616290189,1.0705131521703457,-1.038102835155144,0.19081952690966666,1.8284587955660994,2.811458348132146,1.7929287682809403,-0.05648973137315825,0.2692014673650073,0.954063719541543,1.6900577159425842,-0.7759052986632599,-1.4693273852002382,0.39746013076700454,1.5323711785047043,1.0915197317350172,-1.5874494299694895,1.6038232358961542,1.2384340518261547,-0.08511336124321738,0
-1.074506924987691,-0.5400896726534062,0.5693561964423357,-1.161438585374874,1,0,0,1,0,0,-0.19268725454965888,-0.3803530555926524,-0.08027635709007157,-0.4233352514959417,0.10656338447694912,0.034644338368180524,-0.9587098435500744,2.8858527783831995,-0.16812112113759606,-1.474145395996114,-0.5542789080957126,-3.0839312745601943,-0.7746197032268355,-0.9641117893229191,2.981299469401082,-0.4872544128626429,-1.8419821073029699,-0.991002160584113,-4.876336965296827,0.6301771912123648,0.3697802349328258,-0.9743231432360254,-0.2598164896045241,0.1649973993223315,-0.24693100002201862,-0.6301771912123648,4.876336965296826,-0.8988402670423681,2.81754322179188,0.08171779126756346,-0.18609776662925942,-0.8867912286858101,0.8571550890128092,-2.259134035750426,-0.26403600355210183,1.069946747507413,-0.026493508941193386,-1.1658209625447336,-1.2264723902618437,-1.1516469943583196,-1.0238695791747903,-0.9847090191502859,-0.4540570296619595,-0.2089648391376897,-1.0129879475475077,0
1.2385166871637046,0.3102466044048362,0.27967722576327125,-1.6014324776621007,1,0,0,1,0,0,-0.3062576875868511,-0.305924629562888,-0.10586271992482811,-0.40886901015890953,0.21242724979201102,0.08070518596376425,0.6030543500070435,-0.978687648279091,0.23639890939314334,-0.040267492797347745,0.07011709975775851,0.42759247212704904,0.3536204666096437,-0.1297327825724622,-0.2685628305428807,-0.4051315226222398,-0.7134076182350708,-1.0922034786207697,-0.9197330604481181,1.4953651847184546,-0.9681892214070076,1.0742391633505741,-0.730283338051024,-0.6530039972751602,-1.1574797804529962,-1.4953651847184546,0.9197330604481174,-0.3139374809687093,-0.4846237089171882,-0.7916527108817039,-0.8579637923516437,-1.05747403104038,-0.7180946013078251,-0.22015379130249568,0.2342775195316623,-0.9144083514851348,-1.0257092285706153,0.5793409677244183,-0.9071598159022387,-1.0997819088923677,-1.2438700675094103,-0.667477223982284,-0.8656330827735822,-0.26463402725168356,-1.0748462533011267,1
0.030604356373531493,-0.978141694168258,0.27967722576327125,-0.8681093238500562,1,0,0,0,1,0,-0.3945902466157784,-0.2617327516077154,0.6489349837004895,-0.5691549641732264,0.7887283216556176,0.23856420733503664,0.9958748917681757,0.061178252045520846,-2.3493162410983506,1.309952076665171,0.559752701606213,-0.3880471435318742,-0.9943968183486814,0.8601165212485248,-0.30331136947178916,-2.4786766745341424,0.7215074545345495,-0.13102867848940877,-0.24010667662448304,-0.29111514316954507,-0.5253699856987483,-0.3878197424067837,0.7207629889018095,-1.0542263032891435,-0.8556299283987123,0.29111514316954507,0.24010667662448232,0.5494904413305014,-0.4846237089171882,-0.6915790075104341,-1.749478326483268,-1.4500444764558913,1.0461850518512859,-0.38327221085833024,-0.319404172783631,-0.790386157798101,-0.5261013687559044,-0.4070549059059717,-0.14993285384946126,0.2357440418559006,-0.21156008378542468,-0.7626467625326843,1.1922471827845313,1.127095675598167,-0.3944048900113141,1
0.18480593051695732,1.0575118175772313,-0.4445202009343899,-1.8947617391869185,0,1,0,1,0,0,-0.23054406556205628,-0.3466276750479154,0.13720772700535894,-0.48930131199280863,0.30829872852547685,0.11156148192585431,-0.10406061709409117,-0.4423030959315038,1.425485183548701,0.18963503390305825,0.7626701768423929,-0.5541306961185986,-1.025496091377314,-0.03550921779349932,-0.9835411426588385,1.0518069198257078,0.08558448548027586,0.5538230318700255,-1.1820904200447964,0.41661470759684033,0.10921842915870614,-0.37821504566107317,-0.8917214813952239,-0.1713205857951699,-0.45080818468842127,-0.41661470759684033,1.1820904200447957,-0.06326485836571254,-0.9349191994684248,-0.09113678728281299,0.459927258103802,0.47867119015075044,-0.5605696322757617,-1.3619827281933365,-1.0945585420250417,-0.046252995675895824,-0.026493508941193386,-0.482931511569848,-0.4509989953885172,-0.8145239388296306,-0.8207922053274488,0.12560226393772106,-0.12479618717266176,0.06938110143228039,-0.3944048900113141,1
0.13340540580248203,0.1298722426046032,1.7280720791585935,-0.4281154315628296,1,0,0,0,1,0,-0.10435469552073157,-0.40826371535381406,0.11162136417060241,-0.48814401268584606,0.1666259735798757,0.06326467085475682,-0.24613724002583706,-0.8821034829796315,1.9289651985275618,-0.34295867203145186,-0.05954746627810825,-0.34975870852673546,0.29387760339969315,-0.7238518386332989,-1.4972641269206624,2.3074247233534737,-0.9184577511004298,-0.3112402346001548,0.6912331826893887,-1.1625858176247739,-0.38100440437565014,-0.28921162036890713,-0.3182207273256165,-0.44741194385819544,-0.22645088853466297,1.1625858176247739,-0.6912331826893894,-0.6760201580619267,-1.3852146900196616,0.05442496307539909,1.248077788278137,0.7517636739180628,-1.5687294340809674,1.5741488238116832,1.2862727349307197,-0.17027518936292965,-0.24854144663662048,-0.1035484832504671,0.5799244589724931,0.31354167005482897,0.10997909147286698,0.8235122133073248,1.933084078385452,1.3497724280541432,0.5334696962929761,1
-0.38059984134227254,0.2587110724619126,-0.15484123025532542,-2.6280848929989626,1,0,0,1,0,0,-0.5460174906653681,-0.15125305671978392,0.009275912831576286,-0.4609474789722255,0.7022813419732125,0.2399057854203449,1.1765429624165942,-0.07281287656034734,0.42434531791748153,1.5712068825148484,1.2505300724809474,0.49401832334165086,-0.9847601552430366,0.4529765737995714,-0.43261645222879236,0.5383291687883173,0.7925694166153343,1.3550269107705843,0.03622492998512883,0.6378546273322155,-1.1834027741911715,-0.3334477067029552,-0.03912536688036174,-1.3367008660696547,-0.30283029636283226,-0.6378546273322155,-0.036224929985129536,0.32667033235006016,-0.4846237089171882,-0.2912841940253525,0.020630241285320403,0.3421249482670949,-0.024984737566746233,-1.5251011477491712,-1.7036084035718644,-0.23228628620644656,-1.2755131584779709,-0.7864379342253526,-1.6461403451344683,-1.4109724216880806,-1.7346403876404854,-0.6040308649486834,-1.1948939252628807,-1.0996718489615938,-1.6934293108373202,1
0.13340540580248203,-0.5400896726534062,0.27967722576327125,0.5985369837740325,1,0,0,1,0,0,0.13540510755778543,-0.4937401108723716,-0.4512786181940413,-0.2520549540654803,-0.5893130834164112,-0.184927274927272,-0.3271391433500419,-1.735338080481924,2.201275155508904,-1.3730250447763335,-0.0038549775056179124,0.23909174483243556,-0.01024314055550558,-1.0243276400873718,-1.0587168755659715,1.8298524384013746,-2.2597818965229326,-1.0523286971693797,-0.23432195700141584,0.5584902876836534,-0.5686011664129226,1.3212066509713112,-1.1703916504379464,-0.38589279057047426,-1.0223824940659316,-0.5584902876836534,0.23432195700141514,-1.1216603760228097,-1.2351161931692491,-1.2829236183406676,-0.3023822710812103,-1.1428154322176651,-1.537224440274555,-0.13859458152457876,-0.04256332662598434,-1.5965304167638241,-0.5816133531797613,1.1104772073715516,-0.24116501795220557,-0.7885913960966542,-0.8715615487892844,0.12560226393772106,0.36909507656128593,0.7374113588002092,-0.332546584257695,0
-0.9460056132015023,-1.3646581837401863,-0.4445202009343899,-1.161438585374874,1,0,0,1,0,0,-0.24316300256618875,-0.32860204061883186,0.21396681550962854,-0.5089754002111725,0.37094129214080435,0.14062900710753337,0.167254039637923,-1.9555659048565948,2.2504132227377065,-0.01762340893614212,1.5739862426899072,0.8311302755043907,-1.389224365864247,-0.5676165524827252,-1.5490592436306434,1.4309254979334962,-0.2638534111003922,0.9206788271987596,0.9416775146057242,0.19961827368027837,-0.7997265847501941,1.1322620312009395,-1.6384481372774586,-0.23782443732592454,-1.1473955238256113,-0.19961827368027837,-0.9416775146057249,-0.5646101035717058,-1.4602639384448675,-0.1457224436671417,0.6020527635450756,0.4616029099152932,-0.30852968182446,-0.6279498401920818,-1.0391903727935126,-0.35630847989348147,-0.8314172830871166,0.8069707847160468,-0.5239847266707137,-1.2294446225572482,-1.2269469530221315,0.09387908442092041,0.12214944469431245,0.23638866577426285,-1.136704559054746,0
-1.460010860346257,-0.5400896726534062,-1.6032360836506476,-1.161438585374874,0,1,0,1,0,0,0.5013542806776271,-0.5588649836484154,-0.08027635709007157,-0.4233352514959417,-0.37504104523915127,-0.10264381902836514,-0.9505622197331955,1.459407716719847,-0.12395049724295122,-1.1517508008937933,-1.5106185550824534,-0.4331973052404402,0.9733423682452685,-0.8024514073793977,1.226611888223489,-0.8130031398876815,-1.0132375366267297,-1.6599790857298993,-0.7279513648365089,0.13114384342216406,0.5199799145320898,-0.774290029215348,-0.6475452677658526,0.5512320304207012,0.34323161710613465,-0.13114384342216406,0.7279513648365081,-0.9823978079100336,0.41596727218528484,-1.501266243877985,-1.6073528210419945,-1.8255466416359454,-1.1906695084040155,-0.22015379130249568,0.12354118106860354,-1.720552610450858,0.08453045990652028,-1.0140677512169813,-1.244718823082393,-1.333174793489152,-1.0746389226366257,-0.44541496736468245,-0.5363722402842841,-0.5429799678216537,-1.0129879475475077,1
0.030604356373531493,1.2378861793774645,0.27967722576327125,0.3052077222492148,1,0,0,1,0,0,-0.3945902466157784,-0.2617327516077154,-0.3233468040202586,-0.3018188242648711,0.1087181397804516,0.031961182197564,0.3961815830005392,-0.3047743432231938,-1.6128584939323494,0.704767789872358,0.07430002531874619,0.27446237215097785,0.010453088915058356,0.679098634640497,-0.3570219408883657,-2.7558982995912777,0.841944855039789,-0.25564450221327456,-0.11972941589683889,0.4930801176436278,0.12764721886635058,0.06065560790947906,-0.5645804209855046,-0.11723771036074213,-0.346180771076115,-0.4930801176436278,0.11972941589683818,0.27096530510494976,-0.6347222057676005,-1.06458099280335,-2.1241728408284435,-1.7914100811650315,0.7626401075935709,-0.38327221085833024,-0.3747723420151606,-1.1004416420156866,-0.19302946221276363,-0.3311783002420958,-1.1443634425693747,-1.21647835119076,-1.176177609560296,-0.6040308649486834,-0.5363722402842841,-0.3759724034796717,-1.0748462533011267,1
0.18480593051695732,-1.7254069073406524,-0.4445202009343899,1.7718540298733036,0,1,0,1,0,0,-0.23054406556205628,-0.3466276750479154,-0.46407179961141953,-0.24916170579807387,-0.29910783805896474,-0.07402348654178885,-0.452196065740539,-1.0229623889248756,1.7823703227948446,-0.9501535383105912,-0.2849563634927401,0.10840586721610218,0.1460565090919813,-0.3651301371144059,-0.7354481355394702,0.6125391227569984,-0.5727858766869112,0.008109331284200126,-0.67984341407292,0.8221130942085976,0.2639559062774232,0.6672921850748617,-1.8210171956968373,0.7156314610309441,0.3783744121991682,-0.8221130942085976,0.6798434140729193,-0.3696425082138195,-0.7097714541928067,-0.10023439668020068,0.22735824919990022,-0.01630893667750248,-0.18250970659880966,-0.7910682597479163,-0.5962450189412776,-0.35630847989348147,0.0012624832707351544,0.27583454506891375,-0.8341740846200435,-1.5406351353529608,-1.2269469530221315,0.7917890337905242,-1.0302635040182315,-0.8213259083916238,-0.45626319576493324,0
-0.38059984134227254,0.1298722426046032,-0.15484123025532542,1.7718540298733036,1,0,0,1,0,0,-0.5460174906653681,-0.15125305671978392,-0.11865590134220637,-0.4036611632775779,0.5975726869413746,0.19563370860517218,0.8760030484826986,0.8475820938249469,-1.6747634295989968,1.3650889395405195,1.2054706168047833,-0.703588547222444,-2.4656107935357445,0.6188297625466512,-0.2831964955634979,0.44986181108510376,1.0518210002240247,1.5675892194122538,0.20465562353765385,-1.1625858176247739,-0.5997761559058405,-1.447033055823647,2.7415254488016934,-0.8011793902681857,-0.03672507466127941,1.1625858176247739,-0.20465562353765385,0.4102278732177254,-0.40957446049198204,-0.4914316007678933,-0.19901826712392082,0.22264698661889537,-0.08799472517957138,-1.6882195673050053,-1.9250810804979817,-0.29429738304996345,-0.5261013687559044,-1.317574173872486,0.24236545179233895,1.6620338921695847,1.1592121896841308,-1.6826189685198898,1.933084078385452,1.3497724280541432,-0.08511336124321738,1
-1.3572098109173063,-0.5400896726534062,-1.168717627632051,0.5985369837740325,1,0,0,1,0,0,0.22373766658671274,-0.5140916336148853,-0.4512786181940413,-0.2520549540654803,-0.6465906853271475,-0.2005790192558684,-0.08018615888137509,-0.031741261496152744,-0.31928364742934034,0.11779485838017723,0.07613554052460136,0.1740213707030427,-0.16622312861274927,-0.8643224280021156,1.3643512026625202,-1.5850464523432075,0.016039619541067675,-1.062270303686132,-0.1934532884955867,0.42920901042807535,-0.7521199801871051,1.4103429615595018,-1.1563473812063803,-0.14322864200872967,-1.1360801289049267,-0.42920901042807535,0.19345328849558602,-0.8431352397972577,1.1664597564373458,-0.19121049065408274,-0.9613277963089331,-0.9038595089212672,0.25856020669096863,0.2692014673650073,0.40038202722625016,-0.728375060954584,-0.7481493064513315,1.1863538130354276,-0.25028823436248077,-0.7885913960966542,-0.7869459763528921,-0.15990635171348128,0.5337254978059351,0.848749735028197,-0.332546584257695,0
-1.4343105979890196,-0.46278637473902035,0.5693561964423357,0.3052077222492148,0,1,0,0,1,0,0.551830028694157,-0.559446455726773,-0.6943490651242283,0.01412388653591246,-1.4170712581832552,-0.4411686892211504,-0.014071500047398553,-3.41732506702711,0.03857137325737133,-0.3963177176388627,-0.43431701464141975,1.0859410027960654,0.8993371731320886,-0.9751717487073747,-1.5133507416029222,2.026300299823805,-0.4873019910570806,-0.4549317553951436,0.19997699316119485,1.282759261399553,-0.9548133578559824,3.174344349063004,1.9835080262754892,0.052199355497103056,0.12048107626676711,-1.282759261399553,-0.19997699316119558,-0.8988402670423681,-1.3852146900196616,0.16359627584405784,1.2093162867941527,0.9224464762726329,-1.7892643907258567,0.5138790966987595,0.4557501964577793,-0.17027518936292965,-0.9701972441467586,2.5521327149851984,-0.5604775923118106,0.4691369264526849,0.46536449570571364,-1.9998507636878915,-1.1948939252628807,-0.8213259083916238,-0.45626319576493324,0
-1.7170134839186342,0.026801178718756015,1.7280720791585935,0.3052077222492148,1,0,0,1,0,0,-0.44506599463230834,-0.2530106704323524,-0.4128990739419065,-0.2578414506002932,0.0685891036065978,0.004682427796295961,-0.5871300596243051,1.005212767898897,0.17296300566695083,-0.08048979684177128,0.27367484832546585,-0.21308462877909431,-0.4559028757387348,0.13914941376532172,0.8748009457708551,-2.193238254207281,0.8112265308720163,0.34250804975611426,0.23272740579640636,-0.5214382267650228,0.9554550949247254,-0.5033296870221041,-2.440439153429124,0.9131348642834619,-0.02139825950865741,0.5214382267650228,-0.23272740579640636,0.02029268250195297,0.641115017460903,-0.38226028799923456,-1.4006248131274146,-1.0745423112758372,1.4557499713346498,-0.13859458152457876,-0.26403600355210183,-0.23228628620644656,0.44535835866158957,-0.7864379342253526,-1.1808563082104715,-2.0592859900124822,-1.68387104417865,0.5380035976561225,0.03983423407198747,-0.2089648391376897,-1.198562864808365,1
-1.100207187344929,0.5936920300909173,-0.15484123025532542,-1.6014324776621007,0,1,0,1,0,0,-0.8236341047562825,3.0788243385563185,0.8792122492132983,-0.6119750385308418,3.2225885173579383,2.840778500137966,-0.1048965192239153,-1.7305391385591047,2.348080695931701,1.0266027595695695,2.308396949411994,1.1958942437543896,-1.7608489671589656,-0.6345762582522327,-1.3171297111090554,1.4367201352805719,0.6201130539068538,1.9569028505135038,1.2994551316290601,0.3422733367180179,-0.4881999568163992,1.055747646716413,-1.7661397933122536,-0.771980608069889,-1.0904943369114504,-0.3422733367180179,-1.2994551316290608,-0.9266927806649233,-1.535313186870074,-1.9106586667604537,-1.0646918002662225,-0.801449827508525,-1.3166894836296663,-1.4435419379712537,-1.9250810804979817,-1.4725082230767892,-0.44283339212011924,1.0346006017076752,0.11464042204849642,-0.8274902101961188,-1.0407926936620688,1.109020828958526,0.5337254978059351,0.793080546914203,-0.08511336124321738,1
-0.9203053508442651,-1.4677292476260335,1.4383931084795292,1.7718540298733036,1,0,0,1,0,0,-0.5586364276695006,-0.1134573716265442,-0.15703544559434116,-0.3961387177823212,0.5918732820097946,0.21888772875051543,0.24533708180144786,-0.35347304494690657,-0.8695768098451522,0.9332679628347025,0.6081541089790583,0.16261960704601292,-1.042643457963902,1.2722279194100916,-0.527064332972972,-0.9227305149056749,1.4159673813138345,0.9906863693603342,-0.5252107151899527,0.7426913412446393,0.9300479624585781,-0.042848631213870884,0.26148545036531234,0.14326420856275116,0.17658229161747532,-0.7426913412446393,0.525210715189952,0.605195468575612,-0.8598699510432187,-1.410290149904103,-1.5815118200526717,-1.0745423112758372,-0.34003467563087314,-1.85133798686084,-1.9250810804979817,-0.9764194483286528,0.44535835866158957,-0.4070549059059717,-1.1261170097488256,-0.840456481562607,-0.7361766328910565,-0.9529858396334858,-0.8656330827735822,-0.6543183440496418,-0.8274130302866491,0
0.23620645523143258,1.4955638390920825,-0.8790386569529866,-0.8681093238500562,1,0,0,1,0,0,0.03445361152472564,-0.4698997556597127,-0.4001058925245282,-0.2584201002537745,-0.4395669100812888,-0.16167325478192876,0.657046711475881,-0.8765140642674455,0.44293604394747005,0.6389025395966296,0.831641234312338,0.5087731363811471,-1.0754085277357412,-0.40707906912177627,-1.3192618302141963,0.568425475079976,-0.3422193839738176,0.04787575735120926,0.18286856865026183,0.5125390571179019,-1.3203880559976942,-0.11856447970399332,-0.034295626809961614,-1.202454995511941,-1.0344329762445281,-0.5125390571179019,-0.18286856865026252,-0.3974950218363748,-1.2351161931692491,-0.04564874029587195,0.2531992501892221,0.10316902497069583,-0.24551969421163483,-0.05703537174666111,-0.1532996650890431,-0.4183195767369984,-1.2755131584779709,-0.2553016945782196,-0.4509989953885172,-0.39960325510201306,-0.8207922053274488,-0.4136917878478824,0.8629863402952329,1.2941032399401495,-0.2706882785040748,1
0.13340540580248203,-0.5400896726534062,-0.4445202009343899,-1.161438585374874,0,1,0,1,0,0,0.097548296545388,-0.4902512784022264,-0.06748317567269331,-0.419863353575054,-0.12776942000110247,-0.05255823717685663,-0.6235179065896835,0.03443317743970484,0.3694564473884974,-0.9393131543850428,-0.6984143014671221,0.6153921646442407,1.0343460791792463,-0.19168228143494115,-0.37254165038600373,-0.023192199393375107,-0.5564479848293865,-0.08235488021205191,1.2994551316290601,-0.44946226314143684,0.6754901501353495,-0.42046466381838576,-0.5283652641874869,0.7171871756063196,0.8275692859712833,0.44946226314143684,-1.2994551316290608,-0.17467491285593337,-0.3345252120667762,0.05442496307539909,0.03355074177998182,-0.18699173903207253,0.3845801819166189,1.4110304042558486,0.7879592118469556,-0.046252995675895824,0.05677446769459199,-0.8623145398892288,-1.6917564271858405,-1.6443653062848649,-1.3284856399458025,-0.6040308649486834,-0.9479482933959068,-1.211010225189582,-1.569712699330082,0
-0.9974061379159777,-1.1842838219399534,-0.8790386569529866,1.0385308760612593,1,0,0,1,0,0,0.8673034537974689,-0.6158492473274538,-0.438485436776663,-0.25321225337244285,-0.9386592554683026,-0.27794335550864496,-1.1285761549614022,0.20458677832759659,-0.8918337406464133,-2.2661486059402476,-1.655012431074506,0.13440472766725983,2.488050459409917,-0.7813043440203556,0.6764016521977395,-1.751372606572796,-2.2697482442883805,-1.9672385281011382,0.6912331826893887,-0.5022446364654003,0.7886425213466728,0.39680255272596754,-0.5407939678045505,0.8107770611933214,0.23097168544758004,0.5022446364654003,-0.6912331826893894,-0.8988402670423681,0.19081952690966666,-1.0554833834059623,-1.6719553235153006,-2.2522536475223704,0.2270552128845555,2.2266225020350205,1.9506907657090713,-1.720552610450858,0.22331042096616224,-0.17942508891434333,-1.4454295841084306,-1.4498712357875443,-1.1084851516111824,-0.9212626601166852,-0.28942660841731066,-0.5429799678216537,-1.569712699330082,0
0.030604356373531493,0.928672987719922,-0.8790386569529866,-0.8681093238500562,1,0,0,1,0,0,-0.7479204827314877,0.3313687683169695,0.188380452674872,-0.49971700575547184,1.6085944418333995,0.6410376329275157,0.5259257168663429,1.1287160847303856,-1.0441628801343423,1.3963872853491948,0.5173697821056745,-0.3241434654993589,-0.8295150676051433,-0.1941921669869929,0.9446493862048367,-0.9583609840246576,0.3954570053057945,-0.47464813073277395,-0.4291756706205303,-0.016441821794354616,-0.925347036910998,-0.6028692309891549,0.4643452718433763,-1.4943007380431848,-1.1360075723197023,0.016441821794355316,0.4291756706205296,-0.23037994010104354,0.7912135143113154,-0.18211288125669506,-0.6383152839424023,-0.4600842227993849,0.006520256239666901,0.10608304780917345,0.34501385799472056,-0.29429738304996345,-0.7481493064513315,-0.3311783002420958,0.9266066825629212,1.0526191379446466,0.2961333508329291,0.2207718024881207,1.6861384465184783,1.8507951210800897,0.34789477903211874,1
-0.14929748012713334,-1.3904259497116478,-0.4445202009343899,1.478524768348486,1,0,0,1,0,0,0.4256406586528323,-0.543165237532762,2.683050829063634,-0.7358060643758376,0.6593839414504353,0.15091443909489674,-0.756120394923255,-1.7863776379902647,0.1862738449804183,-0.24918308806414907,0.41192226143852934,-0.06355880407288526,-0.855136413748285,-0.7579834413919153,-1.8257806501694671,0.20107446287564731,-0.4349874287914516,-0.2667432149721104,-0.34274413050805214,0.2532428274968747,0.2940356915596731,0.6228323949301587,-0.05258214265622702,-0.09469581229637845,-0.7959419462264572,-0.2532428274968747,0.34274413050805214,-0.8152827261747027,-1.760460932145692,-0.6369933511261053,-0.44450777652248397,-0.5795621844475838,-0.5605696322757617,-0.13859458152457876,0.012804842605544792,-0.6043528672675491,-0.05424950115312168,0.12408133374116129,-1.1169937933385516,-0.9701191952274875,-0.939254006738398,-1.3653871733518879,0.5337254978059351,0.7374113588002092,-1.0748462533011267,1
-2.0254166322054865,-0.5400896726534062,-1.168717627632051,-0.13478617003801185,1,0,0,1,0,0,0.7537330207602766,-0.5925903641931524,-0.4512786181940413,-0.24916170579807387,-0.9134991041386452,-0.26318599657025404,0.12566497926408607,-0.229167656123284,-1.1900626550934068,0.8594520360284786,0.16460108796395143,1.048656655881928,0.33210918845772586,-1.050995574416577,-0.5872380561692502,0.20107446287564731,-0.48092024475660633,-0.5547982852844002,0.39961991949913633,1.0339044354458178,-1.224882607145414,-0.27374239338559175,1.8289159604903793,-1.6379365358092577,-0.7556420187061845,-1.0339044354458178,-0.39961991949913706,-1.0659553487776992,-0.7097714541928067,-0.6369933511261053,-0.44450777652248397,-0.596630464683041,-0.7811045889206503,0.35076067714292497,0.17890935030013266,-0.9764194483286528,-1.0257092285706153,0.12408133374116129,1.3006585553841723,2.2066172895620815,1.1930584186586881,-0.2550758902638815,0.28677986593896093,0.9600881112561845,1.2139110595827887,1
-1.691313221561397,1.0832795835486928,1.7280720791585935,-0.13478617003801185,1,0,0,1,0,0,-0.6217311126901629,-0.03612158520499215,-0.1826218084290977,-0.38514437436617666,0.7372128721594652,0.2698676959922295,-0.17182460451866427,0.14801215278251412,2.231031122893245,0.4094994985149625,1.09614931140062,-0.03102286711195455,-1.2192431100778014,-0.6690313588239767,0.1932237115996517,1.3320619614177667,-0.09049130905280842,0.4358792478468312,0.22845561284398783,-0.26889098598050765,-0.4295619555230317,-0.00958405220142915,-1.711300477321085,-0.6429370368247626,-0.9994965412802778,0.26889098598050765,-0.22845561284398855,-0.9823978079100336,-0.5596729573423944,-2.1017084641056063,-1.2843403086754637,-1.2452251136304073,-2.009799347370745,-1.1173050988595852,-1.3160312189511594,-2.1546302883554773,-0.5538573609678327,-0.2553016945782196,-0.7429419205172992,-1.4239386930545688,-1.531563013793144,0.3476645205553221,0.4514102871836102,0.3477270420022505,-1.3841377820692236,1
-1.5114113850607322,0.9802085196628456,0.27967722576327125,-0.8681093238500562,0,1,0,1,0,0,0.24897554059497767,-0.5204878264768181,0.15000090842273722,-0.49161591060673376,-0.06718734089317831,-0.020360363129458298,0.25120366986448484,-0.12082704153432994,-0.9292570586990888,-0.04938462194171322,0.01631854204342827,0.5042220076676734,0.3391543358414164,-0.5568966834338144,-0.5829391322953001,-0.9993449149825628,-1.3690977796341808,-1.9721434218497687,-0.2645441656443792,0.9500703628727513,-0.9057494222955054,-0.4181367193937115,0.2660802664361195,-1.2908584839946737,-1.9466291087381988,-0.9500703628727513,0.2645441656443785,-0.5924626171942612,-0.6347222057676005,-0.3549674598070702,-0.7933612898783374,-1.2281568333949502,-0.30852968182446,1.247911984700014,1.5631135810883663,-0.8523972546416179,-0.859173275299045,-0.4070549059059717,-0.04957747333644305,0.09311505682453199,-0.4315605721200442,-1.206771275767887,0.8629863402952329,1.6281183686241134,-0.20882997275045564,1
-0.1749977424843705,0.4133176682906843,0.5693561964423357,1.0385308760612593,1,0,0,0,1,0,-0.1800683175455264,-0.3890751367680154,0.40586453677030254,-0.5355932842713117,0.4125489732620094,0.1146918307915736,0.24266100808185312,-0.9031462513094517,-1.0671059291120024,0.2423470985894854,0.19676748098402896,0.044525188609012334,-0.7461187712683677,0.03773249920239205,-0.04917936336407909,-0.8018247347844812,0.045287597854405705,-0.24033269884438738,0.633698674005907,-0.5677675826606664,-0.2997241701471565,1.1903297667189903,0.6530130225805783,-0.2824888884594604,-0.49044546561377683,0.5677675826606664,-0.6336986740059076,0.15955525061472892,0.11577027848446049,0.5184030423421971,-0.0052107597040024186,0.017827623793410803,0.8571550890128092,0.5138790966987595,0.2342775195316623,0.2638024885416898,-0.22078545442469194,1.2622304186993043,0.32447439948480933,0.6247321828505417,0.46536449570571364,-0.667477223982284,1.1922471827845313,0.9600881112561845,-0.20882997275045564,1
-0.7918040390580765,-0.9523739281967958,-0.4445202009343899,-0.4281154315628296,1,0,0,1,0,0,-0.7100636717190902,0.15401978441792155,-0.2593808969333673,-0.32438616075064136,1.0074250728490615,0.369144474305041,-0.11910822936812174,0.4225478347167159,-0.7209933751065964,0.12094146010514473,-0.4834105751387085,-0.9147990301318224,0.3463763041674926,-0.888211056069543,-0.7641727124549952,0.3375889113494304,-0.36658747458247704,-0.014695028448853412,-1.0117882743416888,-0.2441974779926877,-0.7218671294008899,-1.3454916118529887,1.3248663961474412,-0.5268859746983167,0.6141105880545705,0.2441974779926877,1.0117882743416882,-0.9266927806649233,-0.8598699510432187,-0.6369933511261053,-0.37990527404917784,-0.4942207832702994,-0.49755964466293656,-0.8726274695258333,-0.5408768497097485,-0.29429738304996345,-0.6648813298155464,-1.2416975682086098,0.10551720563822252,0.7803274392483975,0.49921072468027106,-0.09645999267988113,-0.7010026615289333,-0.8769950965056176,-0.023255055489598248,1
-0.9717058755587404,-1.3646581837401863,-0.8790386569529866,-1.161438585374874,0,1,0,1,0,0,0.6023057767106869,-0.5704944252155661,0.20117363409225028,-0.5002956554089532,-0.22020939357209368,-0.052111044481753875,0.3467755090727009,-1.095761873634853,1.676866614466718,-0.503557578618441,0.5085239488852393,0.12338895787640584,-0.2840875203399688,-0.5123964019549909,-0.07296696670505151,0.8219448777908169,-1.1357756443531764,-0.8865696340583812,0.12355936367902995,0.04574314950473895,-0.9941802342682327,1.4308708543787236,-1.466357503222178,-0.44594188496032605,-1.52666872988225,-0.04574314950473895,-0.12355936367903066,-0.5089050763265954,-0.10937746679115769,-0.11842961547497735,0.31780175266252825,-0.1699234587966153,-0.7811045889206503,1.0847935651441794,1.1201682272361313,-0.23228628620644656,-0.9701972441467586,1.1863538130354276,-0.2867811000035777,-0.9701191952274875,-1.057715808149347,-0.09645999267988113,0.9453015509175579,1.0714264874841732,-0.8274130302866491,1
0.10770514344524394,0.18140777454752677,0.27967722576327125,-0.4281154315628296,0,1,0,0,1,0,-0.4703038686405733,-0.2239370665144757,-0.24658771551598904,-0.3394310517411549,0.3204092937542596,0.0900962325609221,1.0928870403248496,0.6535688971857819,-0.6158960867516936,0.5269596366170148,-0.11102668382270864,-0.02039582676211257,0.13624656382339834,1.1288737710102665,0.32315649537141955,-0.004604933025660483,0.004138332590933553,-0.12468737358277057,-0.6135009981005504,0.5806453452778549,-0.3917286625124873,-0.5733127393216183,0.8373230696378671,-0.7077849727111427,0.022607174732985562,-0.5806453452778549,0.6135009981005497,0.8558680911786088,0.11577027848446049,-0.4914316007678933,-0.4186667755331612,-0.3918111018575571,-0.4660546508565234,-0.6279498401920818,-0.4301405112466897,-0.29429738304996345,-0.3318094232724056,-0.482931511569848,0.21499580256151593,0.6247321828505417,0.27921023634565156,-0.033013633646279864,-0.6186874509066087,-0.4316415915936655,0.10046155601764112,0
0.44180855408933456,-0.8493028643109486,0.5693561964423357,0.3052077222492148,0,1,0,1,0,0,-0.356733435603381,-0.28731752305544694,0.2267599969270068,-0.5112899988250976,0.5186559870936188,0.17416845924023996,0.5167235362671725,1.0144028127160705,0.1369379798661283,0.06789948593480925,0.47906959437175783,-0.9323118201278735,-0.786809865364405,0.6447253131048944,0.36691277988067844,0.3497664212775542,0.6000898014169865,0.851552842861421,-1.1820904200447964,-0.09917924017331377,-0.07431471933727578,-1.024734527160629,0.16428271611238623,0.5033109498201196,0.20856167416302035,0.09917924017331377,1.1820904200447957,0.4659329004628361,0.19081952690966666,-0.3913578973966235,-0.1602567656399366,0.08610074473523979,-0.24551969421163483,-1.3619827281933365,-1.0945585420250417,0.015758101167622184,-0.4150773999081907,-1.2416975682086098,-1.4089367184673323,-1.1257144516253432,-0.8884846632765624,-1.2702176348014877,-0.7010026615289333,-0.8213259083916238,-1.569712699330082,1
-1.3572098109173063,0.6967630939767645,0.5693561964423357,-0.13478617003801185,1,0,0,1,0,0,-0.7605394197356201,0.5872164827942845,0.5082099881093286,-0.5471662773409375,1.885242175800667,0.8744722197711536,0.22836136168848611,0.5067528703999914,-0.7675203162481138,1.3254089903301207,1.1486757969083194,0.24136388791664676,-0.8062501065127127,-0.1525194009776705,-0.31106613614063067,-0.7511237075803251,0.17272990575267783,0.04729943233574627,-0.8350596325743129,1.1573935323539142,-0.4699376207353481,-1.007153444564823,0.29441909636995556,-1.6192660199070492,-1.4471561038979426,-1.1573935323539142,0.8350596325743123,-0.4253475354589299,-0.6347222057676005,-1.1919475243667854,-1.3360223106541085,-1.2110885531594928,-0.34003467563087314,-1.1173050988595852,-0.9284540343304539,-1.2864749325462383,-0.44283339212011924,-0.9381911455531051,0.023408257945752128,0.1709126850234604,-0.4992530300691578,-0.44541496736468245,-0.12479618717266176,0.514734606344233,-0.332546584257695,1
-0.3291993166277972,1.0575118175772313,0.27967722576327125,-0.4281154315628296,1,0,0,1,0,0,0.009215737516460692,-0.4646665069544949,4.141473510644755,-0.7635812477429395,1.1499107644295876,0.23275070229870082,-0.13852078962157507,-0.46453505847400867,-0.028796755935962183,0.6186756685823679,1.0531375211273022,0.11497089182980665,-1.4474135663203629,-0.9997163800874095,1.2662987884323103,-0.586888323175062,-0.14023469495229113,-0.32904520218978106,-0.3224700655433951,0.4766284688153808,-0.8062882977458464,1.9061392741767074,-0.5504000354353212,-0.9748452376203273,-1.6903789523780788,-0.47662846881538007,0.32247006554339436,-0.9823978079100336,1.0163612595869336,-0.31857702221751816,-0.5607922809744348,-0.5795621844475838,0.06953024385249205,-0.46483142063624716,-0.3747723420151606,-0.728375060954584,-0.6371253376036178,2.2486262923296945,0.8353745184601769,0.39133929825375646,-0.0423289389126401,0.062155904904119784,1.6861384465184783,2.2404794378780473,0.47161139053935697,1
-0.5862019402001745,1.1863506474345409,-0.4445202009343899,-0.4281154315628296,1,0,0,1,0,0,0.1858808555743153,-0.5030436641260921,-0.6047967952025805,-0.10160604416034526,-0.9320433489512205,-0.3083524587756323,-0.9804651587248536,-0.23751452042483856,0.8986293950538398,-2.4773657372609224,-0.9690328767346977,-0.7308522213895275,0.9604759578772389,-0.6331963702983004,-1.1240258893968926,0.015675530200375546,-1.2944414519616412,-0.3696541361463468,0.11588809585456382,-1.1117316642817359,0.730678317898398,-0.8000283277195522,-1.2127040911925275,2.0632152990826107,0.8988948824679649,1.1117316642817359,-0.11588809585456454,-0.7038726716844818,-1.1600669447440433,-0.6097005229339397,-0.5091102789957901,-0.9550643496276378,0.1010352376589052,0.2692014673650073,0.2342775195316623,-0.728375060954584,0.3898463742377325,-0.9381911455531051,-0.8250508682097696,-1.2553771652902237,-0.5161761445564365,-0.0647368131630805,-0.4540570296619595,-0.9326642846196119,-0.76555472453303,1
0.13340540580248203,-1.1842838219399534,-0.15484123025532542,0.3052077222492148,0,1,0,1,0,0,-0.36935237260751347,-0.2762695535666538,1.6468031342559943,-0.6924073403647409,1.0861775588882716,0.3226364340143545,-0.6953814470059734,-1.6669571369307556,0.5817190882363144,-0.6790621983305324,-0.9265732273863116,-0.7667556427608758,0.41759110985495584,-1.2551265721210059,-0.6915566731319114,1.3320619614177667,-2.0273250489167425,-2.0259802719625934,-0.5252107151899527,-0.5248656536042418,-0.2871628526349139,1.5951646906950872,0.5433643263351673,-1.0928915944557895,-0.7733848350879043,0.5248656536042418,0.525210715189952,-1.17736540326792,-0.6347222057676005,0.04532735367801011,0.7312577684916879,-0.20406001926752979,-1.4742144526617298,1.4110304042558486,1.9506907657090713,-0.29429738304996345,0.029018475482663446,2.2486262923296945,1.446630017948564,1.5583037212376798,0.9222885868622325,0.5380035976561225,2.509290552741724,2.351817814106035,1.0283361423219313,1
0.08200488108800677,0.38754990231922204,-0.4445202009343899,-0.4281154315628296,1,0,0,1,0,0,0.11016723354952047,-0.49141422255894146,-0.7199354279589849,0.12406732069735729,-1.2749240950347343,-0.47381375596365155,1.2345900353855463,0.5042394036226749,-0.961237085435073,0.4469365624240422,-0.019037549812813415,-1.0943709651477145,-0.4634006106957504,1.1654943088130665,0.45689218988772684,-0.644216342832628,0.6216657522989162,0.1620021671207605,0.11065768597424898,-1.6023404173227471,-0.5521793166918285,-0.23437984005894966,0.666668000863195,0.01265065647578341,0.1829133321691284,1.6023404173227471,-0.11065768597424969,1.07868820015905,0.41596727218528484,-0.009258302706318612,-0.3411437725651945,-0.08458205761933026,0.29006520049738066,-0.13859458152457876,-0.2086678343205727,-0.046252995675895824,-0.49834537654397587,-0.17942508891434333,0.14201007127932075,0.4691369264526849,0.4484413812184362,-0.3502454288142823,1.1099319721622063,0.3477270420022505,-0.1469716669968365,0
-0.04649643069818187,-1.41619371568311,-0.8790386569529866,0.5985369837740325,1,0,0,0,1,0,-0.6469689866984278,-0.026236559872914074,0.34189862968341117,-0.5298067877364988,1.196799609752582,0.38926814558466494,-0.20061052019799452,0.5924633326864227,-0.5157035353004215,-0.4918609698956911,-0.2585225754438447,-0.3908114391466845,0.0703470143875457,-1.1677749465049747,-0.7613855270876007,1.272450049275843,-1.4792260215311455,-1.0888933923161774,-0.8293216896597884,0.28949096339405445,-0.8878731553384543,-1.5759138241532793,1.9836735938336565,-0.8023027636033122,-0.7270004522253114,-0.28949096339405445,0.8293216896597884,-1.0659553487776992,-0.6347222057676005,0.32735324499704527,0.9638267773955896,0.2397152668543526,-0.8126095827270634,0.2692014673650073,0.7879592118469556,0.07776919801113909,-0.8314172830871166,-1.4693273852002382,0.03253147435602734,1.0526191379446466,0.6176725260912207,-1.8095116865870906,0.36909507656128593,0.5704037944582268,-0.1469716669968365,1
-0.8175043014153137,0.5421564981479937,0.27967722576327125,-0.4281154315628296,1,0,0,1,0,0,-0.596493238681898,-0.08147640731687983,0.5210031695267069,-0.5489022263013813,1.1325831371442652,0.36154219848829416,1.2808163093276126,-1.0820092738009428,2.2742574978333803,1.598407439589257,2.4668116983543213,1.1738901290972381,-2.095410873601897,1.4054040965759926,-1.0946541106898648,0.9294025824571521,1.4382153670920814,1.5311177411149481,1.205075863690145,0.4058665575902641,-0.37674304271863396,0.3884912271673184,-2.1750262234893287,-0.7332355914529707,-1.7121375560322472,-0.4058665575902641,-1.2050758636901457,1.4964759044973779,-0.9349191994684248,0.4456221671630917,0.8863037744276221,1.5027680042781708,-0.24551969421163483,-0.13859458152457876,-0.6516131881728072,0.9459245538203791,0.04487904246090819,1.1213167224663911,2.021392651795853,0.28760912732185256,-0.032658587777052446,2.3598204784780763,2.1447517628428576,2.717643907426568,1.3111169686241912,1
0.030604356373531493,-1.6996391413691911,-0.15484123025532542,1.7718540298733036,1,0,0,1,0,0,-0.11697363252486404,-0.4041934108053113,-0.5536240695330674,-0.14789801643884834,-0.5807080307202706,-0.19655428499994362,-0.7818259463264252,0.5983909220066959,1.1329323819375425,-0.7872142276401392,-0.9119473269223778,-0.7841333101537147,0.7802766166741282,-0.7998009754383982,1.1182809677169743,-0.4658441227349391,-0.13660215918837018,-0.5727750554131519,-0.946287449071263,-0.13094794135889734,0.2879962992300116,0.2989590047522166,-2.0168849370807638,0.928023272005662,0.6263728285070673,0.13094794135889734,0.946287449071263,-0.9545452942874786,0.41596727218528484,-1.3284116653276086,-1.3231018101594472,-1.2964299543367779,-0.9701345517591269,-0.6279498401920818,-0.26403600355210183,-1.2864749325462383,0.1400424443303771,0.12408133374116129,-0.41450612974742024,-1.333174793489152,-0.9561771212256767,1.4579758036433286,-0.5363722402842841,-0.6543183440496418,-0.1469716669968365,0
1.0586148506630406,-1.3646581837401863,-1.8929150543297122,0.3052077222492148,1,0,0,1,0,0,0.1480240445619179,-0.49432158295072914,-0.822280879298011,2.1435546113470543,-2.1560305041218264,-2.036752225347779,-0.026390661561189455,0.05054790793078285,-1.189912196789674,-0.5088308795768746,-0.963067555951607,-0.5658834947513318,0.8488746032031492,0.07586018874527012,-0.27016488893152113,-0.9715000830416395,-0.16161308861175522,-0.4009837968859755,-0.34274413050805214,-0.4318681387001143,0.11249546408170132,-0.34002384493768234,0.6503859429600372,0.5271449190865047,0.8605523574040301,0.4318681387001143,0.34274413050805214,-0.007559831120602114,-0.3345252120667762,-0.2730889752305771,-0.7158382869103699,-0.7331767065666972,0.3845801819166189,-0.13859458152457876,0.012804842605544792,-0.29429738304996345,-0.19302946221276363,-0.6346847228976005,-1.0987473605180025,-0.6459624110652865,-0.4146374576327655,-0.9212626601166852,-1.1125787146405561,-1.378017789531564,-1.136704559054746,0
-0.8175043014153137,0.18140777454752677,-1.6032360836506476,-1.161438585374874,1,0,0,1,0,0,0.12278617055365294,-0.491995694637299,-0.7966945164632545,0.7519021947245554,-1.802666595202418,-0.9594650228452429,-1.099250441526164,0.15023785295797995,0.41791828586923957,-1.8121492475422465,-2.029014941617992,-0.038684499859254,1.9257308640242066,-1.6302169053708007,-0.45843826906300594,1.0491311126617637,-1.853512191857832,-1.414273318685662,0.09840925777350726,-0.15036214763897582,-0.10035902592180591,-0.6654595622137784,0.4829672932775735,0.6101857620972583,1.2570561673371394,0.15036214763897582,-0.09840925777350797,-1.5673005939836924,-0.6347222057676005,-0.7643598826895395,-0.1602567656399366,-0.8697229484503528,-1.2851844898232538,0.5138790966987595,0.5111183656893089,-1.2864749325462383,-0.3318094232724056,-0.8623145398892288,-0.97102233077416,-0.6070635969658218,-0.3469449996836519,-0.4136917878478824,-1.1948939252628807,-1.378017789531564,-0.5799798072721716,0
0.13340540580248203,0.3102466044048362,1.7280720791585935,-1.6014324776621007,1,0,0,1,0,0,-0.15483044353726144,-0.3966342737866634,-0.10586271992482811,-0.40886901015890953,0.046992702316527184,0.010943125527734526,0.38362397710397594,-2.245466066651304,2.322965594817737,-0.07538670513371575,0.9424987889942311,1.747337914142587,0.4223207278017424,-0.5586570862458039,-1.4834976339398218,2.7111357174327644,-0.8510847028287171,0.02686493656101083,0.7938248367274053,1.595854703162155,-1.0916420567272531,1.59583728254388,-0.4511418528358534,-0.7420784474520105,-1.1990662037638802,-1.595854703162155,-0.793824836727406,-0.5367575899491508,-1.3852146900196616,-0.03655113089848297,1.3643622927300878,0.8883099158017184,-1.6947494093066184,1.0847935651441794,0.7325910426154264,-0.23228628620644656,-1.1367331974183288,0.9587239960437993,-0.998391980004983,-1.047916823426415,-1.2269469530221315,-0.9212626601166852,-0.9479482933959068,-0.32030321536567735,-1.198562864808365,1
-0.2006980048416086,-1.0812127580541053,-0.15484123025532542,-0.4281154315628296,1,0,0,1,0,0,-0.4955417426488382,-0.2047484879286771,-0.11865590134220637,-0.4001892653566902,0.4920227830315302,0.15180882448510225,0.4422311368478577,1.5397714513673213,-1.0029233845050078,1.6733378682093392,0.8649523645724029,-1.070347413326555,-1.6919811839726193,0.5005142653910294,1.800725459545243,-0.9382153485292234,1.307125744467519,0.9228155655908359,-0.32687747097049374,-1.1356331163529634,-0.11482520428740703,-0.3094574045017069,0.42821392062202523,-0.964447992226158,-0.22353064749706666,1.1356331163529634,0.326877470970493,0.04814519612450831,0.9413120111617277,-1.3193140559302208,-1.5169093175793655,-1.040405750804923,-0.24551969421163483,-1.2804235184154193,-1.3160312189511594,-1.0384305451721696,0.1770504339462815,0.07349692996524401,1.2611246176063187,1.3249108366408955,0.7812626328015783,1.0455744699249259,2.2623449208747504,1.6837875567381073,0.5747085667953888,1
-1.1259074497021662,0.9802085196628456,-0.15484123025532542,0.3052077222492148,1,0,0,1,0,0,-0.6848257977108253,0.11040937854110647,-0.3617263482723934,-0.28677393327435763,0.7645816842404989,0.30653749699065536,0.022353797406728267,-1.5439122141808017,0.45578993227606807,0.07588581917265079,0.16716063377382756,-0.9658344367994168,-0.8911666816524406,0.7504040894644282,-1.3113545478273005,0.13072498381389197,0.43553777856826226,0.23926551153815545,-0.9266372014901345,-0.39825548305102343,0.718711425005355,0.8053817678974504,-0.49171410481091826,0.3293549597791569,0.016279192004615504,0.39825548305102343,0.9266372014901345,0.18740776423728422,-1.4602639384448675,-1.4739734156858193,-1.1938968052128347,-0.9892009100985523,-1.222174502210428,-1.2804235184154193,-1.0945585420250417,-1.4104971262332722,0.16779843654230542,0.12408133374116129,-1.4545528005187045,-1.436904964421056,-1.2438700675094103,-0.857816301083085,0.03983423407198747,-0.15329565102369538,-1.4459960878228426,0
-0.4577006284139859,0.10410447663314094,0.27967722576327125,-0.8681093238500562,0,1,0,1,0,0,-0.6722068607066928,0.020281206395688665,0.06044863850108935,-0.47425642100229515,1.1154840677912883,0.38211306246302085,0.2954563545772922,3.9061837208942896,1.2465399198488627,1.223885269339653,1.1707806918620243,0.25989620647503237,-1.0913901456885466,-0.9144724258802246,4.26050270268736,2.023768617042315,0.08241880432694615,-0.1985589087914919,-0.8963291925090734,1.2434358081027634,-1.3245693262844473,-1.093281665341154,0.3296304588582224,-1.5716649648506775,-1.715926367613819,-1.2434358081027634,0.8963291925090727,-0.9823978079100336,3.1927894639179106,-0.8826288048555859,0.17567624722125458,0.20557870638343811,-2.4823742544669356,-0.8726274695258333,-0.5962450189412776,-0.9764194483286528,-1.3032691506898992,-1.1658209625447336,-0.7429419205172992,-0.47740088330094144,-1.0238695791747903,-1.238494455284687,-0.04248097655033679,0.6817421706862145,-0.9511296417938885,1
-0.35489957898503444,1.2636539453489257,-0.15484123025532542,0.3052077222492148,1,0,0,1,0,0,-0.5460174906653681,-0.15125305671978392,-0.3361399854376369,-0.29892557599746467,0.3692354680262221,0.1146918307915736,0.37623473540652175,-0.06514246606926262,0.5698886594510169,0.5455243299055648,1.1661105085825518,1.0810800401228569,-0.9642630690406876,0.630170488802109,-0.2154006057990132,0.45760859981357377,0.39247591488203865,0.9677851693239171,0.6006469349749696,0.87874991804355,0.10649536918698004,-0.12637351928164986,-0.3192043776451297,-0.34779577657347166,-0.5711469187987483,-0.87874991804355,-0.6006469349749702,0.438080386840281,-0.3345252120667762,-0.43684594438356456,-0.1473362651452761,0.017827623793410803,-0.11949971898598452,-0.9541866793037505,-1.2606630497196296,-0.4183195767369984,-0.27629743884854874,-0.5588081172337243,-1.3998135020570583,-1.3202085221226638,-1.3454087544330806,-1.016432198667086,-0.7833178721512579,-0.48731077970765985,-1.2604211705619852,1
0.8273124894479005,0.15564000857606544,-0.15484123025532542,0.3052077222492148,1,0,0,1,0,0,-0.4576849316364408,-0.23207767561148118,0.12441454558798068,-0.4887226623393273,0.6091973649207492,0.19921125016599422,1.1122228246979826,0.8672959320880513,-0.7710097291014848,2.389283373704244,1.5836861362208177,0.9445374204873958,-0.9572372796957109,0.5517536624752647,0.14630353968206836,0.688481604833892,1.1323854806959142,1.0346722560510695,0.8285736227725414,0.4664671563038157,-0.995267153817868,-1.0438272107732696,1.7458537446057592,-2.104913635567126,-1.0487134642237812,-0.4664671563038157,-0.8285736227725421,0.6330479821981672,0.26586877533487285,0.391036510778763,0.705416767502365,1.178470679804488,-0.2770246880180474,-0.05703537174666111,-0.4301405112466897,0.6358690696027934,-1.053465220782544,-1.1658209625447336,-0.9527758979536108,-0.02358138547386016,-0.8546384343020056,-1.397110352868688,-0.28942660841731066,-0.09762646290970158,-1.198562864808365,1
-0.4320003660567478,-1.0296772261111817,-1.168717627632051,1.0385308760612593,1,0,0,1,0,0,-0.5081606796529707,-0.203585543771962,0.047655457083711085,-0.4730991216953325,0.6499942884656948,0.20904948945825483,0.24984633553288085,-0.242761521450265,0.8150213037840273,-0.30868957372965733,0.3388756805684064,0.043802396479501016,-0.3741500150819257,0.7869378123821706,-0.8774186357888696,0.857150356055009,0.19381154928381863,0.7221066646653076,0.3210111268130686,-0.25863368266248993,0.4388815784342278,-0.5457809211063902,-0.2528079810779912,0.609199913741466,0.26444162988530623,0.2586336826624906,-0.32101112681306926,1.0229831729139398,-0.6347222057676005,0.8459169806481733,1.2093162867941527,1.2467438007463156,0.3215701943037938,0.10608304780917345,-0.04256332662598434,1.0079356506638961,0.16779843654230542,-0.7105613285614767,-0.7611883533378483,-0.7626588533636787,-0.4992530300691578,-0.5088613263982832,-0.12479618717266176,-0.26463402725168356,-0.5799798072721716,0
-1.460010860346257,0.49062096620506923,1.7280720791585935,-1.8947617391869185,1,0,0,0,1,0,-0.14221150653312897,-0.4007045783351661,-0.054689994255315046,-0.4389587921399365,0.07809507612368088,0.031066796807358486,1.4136042841208272,-0.6208404605458377,0.8112383499335578,0.9896766027482138,1.3315113079129894,-0.2639778169114249,-1.3961674827459614,1.074518716093706,-0.19720691603570953,0.17074234746293213,0.4562645292956735,0.2910218125979126,-0.653257441282515,0.28785851885826175,-0.8920047275606939,0.6545654565987016,-0.9374104081337383,-0.8845651447431792,-1.4469037551357706,-0.28785851885826175,0.6532574412825142,0.5216379277079463,-0.5596729573423944,-1.2374355713537264,-0.9742482968035945,-0.767313267037611,-1.0646495331783645,-0.8726274695258333,-0.7069813574043363,-0.790386157798101,-0.7481493064513315,0.8828473903799233,0.6711566230752374,0.04124997135858002,-0.3130987707090945,0.506280418139323,1.1922471827845313,1.5167799923961247,0.038603250264021984,1
0.7502117023761872,0.23294330649045036,3.176466932553916,-0.8681093238500562,1,0,0,1,0,0,-0.6595879237025604,-7.03163468250324e-5,0.022069094248954552,-0.4649980265465945,1.0386844605355192,0.35930623501278036,2.3570029983831127,-0.07166317903265046,0.9192643598346154,0.9662486199234958,1.0453154210904874,0.9848025786234266,-0.4153144314971869,2.849682750688039,-1.393260727505304,2.0257514675618147,1.0501445125000863,1.6715401594046817,1.465333844976243,-0.11014700605881247,-0.43010061736654553,-1.2973780491491347,0.7790196867405814,-0.26403422602644927,0.2729723840163838,0.11014700605881318,-1.4653338449762439,2.304198799551478,-1.3852146900196616,-0.5824076947417753,0.47284775859846334,0.9053781960371756,-1.4742144526617298,-0.22015379130249568,-0.8177176958673952,-0.4183195767369984,-0.44283339212011924,-1.2416975682086098,-0.1681792866700104,0.2487103132223888,0.12690220596014448,-0.3502454288142823,-0.28942660841731066,-0.3759724034796717,-0.5799798072721716,1
0.544609603518286,-0.5400896726534062,-0.15484123025532542,-1.161438585374874,1,0,0,1,0,0,-0.7226826087232228,0.18600074872758593,-0.06748317567269331,-0.419863353575054,1.2591155659896143,0.46752686722764697,-0.7021275720956148,0.37264237818175233,-0.31771889653505214,-0.2772329188412863,-0.7941564231311182,0.04987933035588767,0.5337795985106684,-0.5175375291151215,-0.19775988745815432,-1.0459858022359418,0.5673665530757186,0.2722515061025417,0.13286549185952784,-0.06374491962016399,0.4592080795460094,-0.7095748726260263,-0.6167824815514488,0.9371147496846587,1.2982428509006874,0.06374491962016399,-0.13286549185952856,-0.3974950218363748,-0.03432821836595151,0.5093054329448095,-0.1473362651452761,0.08610074473523979,1.2352150146897614,-0.38327221085833024,-0.4855086804782194,0.3258135853852078,-0.026493508941193386,-1.0140677512169813,-1.4545528005187045,-1.488770049887009,-1.1084851516111824,-0.09645999267988113,-1.5241547677521787,-1.712032918215528,-1.198562864808365,1
0.030604356373531493,0.05256894469021735,-0.15484123025532542,0.3052077222492148,1,0,0,1,0,0,-0.5207796166571032,-0.18032666063766065,-0.4128990739419065,-0.2578414506002932,0.21019201111646588,0.060581514684140296,-0.873630190280616,0.8755081929261741,0.4949247379889193,-0.6309979837319121,0.17284602687664075,-0.20298109608906575,-0.5614031603626876,-0.47446045468065423,1.1050771990125792,-1.9444998164419356,0.3151368066297247,0.29391031212352003,-0.018359091073560794,-0.25863368266248993,0.7407287501821095,-0.09462039198037057,-2.630613485584454,1.1649218304005478,0.062237914547528105,0.2586336826624906,0.018359091073560086,-0.45320004908148526,1.0163612595869336,-0.009258302706318612,-1.0130097982875779,-0.8526546682148961,1.833809897011603,-0.7910682597479163,-0.8730858650989243,0.015758101167622184,0.5841383197212315,-0.17942508891434333,-0.2776578835933038,-1.5406351353529608,-1.0915620371239039,1.489698983160128,-0.12479618717266176,-0.26463402725168356,-0.2706882785040748,0
-1.5371116474179702,-1.1842838219399534,-0.15484123025532542,1.0385308760612593,1,0,0,1,0,0,0.40040278464456736,-0.5408393492193319,-0.438485436776663,-0.25321225337244285,-0.7278082766659205,-0.2202554978403896,-1.069784467222338,1.11927075893462,-0.5329656339445953,-1.0990171772224688,-1.2929259690241144,0.04715350607979498,1.799518860650028,-0.5264037697081134,1.682068742765356,-1.087982110180445,-0.30775053944763514,-0.8423020134420907,0.8615353283924961,-0.7901484909597473,0.9615848988480814,0.1488252983531482,-0.3647352200799429,1.179541136878103,0.8585231066863865,0.7901484909597473,-0.8615353283924969,-0.45320004908148526,1.6918044954137887,0.2545723698179399,-0.3669847735545164,-0.4600842227993849,0.5736101447550955,2.063504082479186,1.6738499195514247,-0.6043528672675491,0.3898463742377325,-0.3311783002420958,-1.3450742035954124,-1.2942759793896883,-0.8377153198147269,-0.6992004034990842,-0.4540570296619595,-0.8213259083916238,-1.2604211705619852,0
-1.4086103356317816,0.026801178718756015,-0.15484123025532542,-0.8681093238500562,1,0,0,1,0,0,1.1953958159049132,-0.6600411252826264,-0.7711081536284979,0.3323811959506212,-2.075324196037846,-0.764489007780442,0.2862633871524231,-0.21039029638000703,-0.21156185323594906,-0.4839858038914522,-0.39070699277772053,-0.8253587097948523,-0.2393200701135252,0.1464806123727747,0.934356938093443,-1.4456684389329175,-0.23785909360767243,-0.9985327533901669,-1.4375436385994584,0.30004743805884815,-0.251694506304462,1.224785553642372,-1.1635452206572439,0.4179765913235794,-0.46693465919194,-0.3000474380588474,1.4375436385994576,0.1317027369921738,0.8662627627365218,0.00893691608845806,-0.7416792878996918,-0.7843815472730677,0.5106001571422693,-0.5463906304141645,0.12354118106860354,-0.4803306735805153,-0.3595654154843339,0.8828473903799233,-0.5331079430809875,-1.0090180093269512,-0.8038690908401701,-0.09645999267988113,0.12214944469431245,0.29205785388825667,-0.7036964187794109,0
-1.0231064002732158,-0.05050211919562982,0.5693561964423357,-1.6014324776621007,0,1,0,1,0,0,0.7032572727437467,-0.5827053388610743,-0.8094876978806327,0.847379387548968,-2.261111382605739,-1.1030138779732273,0.8321542713891089,0.933025831055938,-0.1439375439246038,2.3675264291925133,2.4652829091332653,3.511673161626398,-1.7240709079309684,-0.0816491555987587,0.26666398068804187,0.25924148874708586,1.9764854093790576,2.8689867080470117,4.948786825267084,-0.11864316273067908,-1.2387136454791803,-1.0134691123087263,0.4572801395181548,-1.2385263671078741,-0.4039814040271665,0.11864316273067908,-4.948786825267085,0.6330479821981672,1.3165582532877582,2.9929527984317894,2.721014844669517,3.7216444348875815,3.535079562557888,0.5954383064766764,-1.0945585420250417,2.620224168595341,-1.192245181842186,-1.0140677512169813,-0.323273965644676,-0.0495139282068366,-0.5330992590437151,-0.09645999267988113,0.12214944469431245,0.06938110143228039,-0.76555472453303,0
-0.1749977424843705,-0.7462318004251005,0.5693561964423357,-0.4281154315628296,1,0,0,1,0,0,-0.1800683175455264,-0.3890751367680154,-0.6559695208720935,-0.029274837475184185,-0.7871816369767712,-0.2766017774233367,0.9140856825507685,1.1662984431507641,-0.6441416407062793,0.68906737754733,-0.4634436719548454,0.8396072534010718,0.2587131951709514,0.09903449557862228,0.03852806136192591,-0.749272616466204,0.373265760289196,0.08731780026157447,0.6912331826893902,0.45956749966015986,-1.1721042918052367,-1.5621846490416866,0.12761648174531576,-0.5607616337690686,0.6877483080669178,-0.45956749966015986,-0.6912331826893908,0.27096530510494976,0.26586877533487285,0.7094528396873502,0.17567624722125458,0.32505666803163763,1.0461850518512859,0.10608304780917345,-0.2086678343205727,0.5118468759157585,-1.1644891896302574,-1.5452039908641146,-0.6334633235940058,-0.47740088330094144,-0.6515610604546642,0.4428340591057229,-0.9479482933959068,-0.8769950965056176,-0.2706882785040748,0
-0.7918040390580765,-0.978141694168258,-0.4445202009343899,-0.8681093238500562,1,0,0,0,1,0,-0.7100636717190902,0.15401978441792155,0.5977622580309765,-0.5651044165988575,1.5906921055626253,0.5551766354677868,-0.22517068835891418,-0.6999169669505769,-0.07992456489972793,0.7547130038205322,1.0884318996071867,-0.5593234864134452,-1.6868365827954224,-0.7726340480431487,-0.7861731401115781,0.431676106231755,-0.2025810912961307,0.3520540339339466,-0.33645217931212407,-0.42916135032452785,-0.4589015137100449,0.17308700924741727,0.5430524137846351,-1.2204445205053056,-1.0713025341130253,0.42916135032452785,0.33645217931212335,-0.8152827261747027,-0.8598699510432187,-0.555114866549611,-0.26362076959722697,-0.32353798091572933,-0.30852968182446,-0.709509049969999,-0.6516131881728072,-0.29429738304996345,-0.3318094232724056,0.35171115073279,0.5525548097416701,0.7673611678819103,0.17767154942198057,-0.2550758902638815,2.0153992890077768,1.9064643091940836,0.2860364732784985,1
-0.4320003660567478,-0.3854830768246345,-1.8929150543297122,-0.8681093238500562,1,0,0,1,0,0,0.9556360128263961,-0.6228269122677442,0.07324181991846762,-0.48004291753710804,-0.4492962795874886,-0.10801013136959821,-0.6539200832655293,0.7307613133535521,0.8661730491609828,-0.9816326925200132,-1.2105098784083346,-2.577075196460002,-0.8448469554556322,-1.7322400318430906,2.378795590599319,1.4479064256028626,-1.8952064653610619,-2.1435536361264527,-2.2358349465827763,-1.297349323983831,-0.8215420354953924,1.3800323663141967,0.2709187469955309,-0.5531318511650777,-0.5190407889953441,1.297349323983831,2.2358349465827754,-1.3166279713806959,8.070990611556308,9.452255470577416,9.698085111786579,7.305983284333553,2.589929748365507,2.2266225020350205,4.995940073443184,8.821333852947054,-0.6926373220274746,1.5657368413548085,0.561678026151944,0.6247321828505417,0.34690269429476517,0.030432725387320277,2.0153992890077768,1.3497724280541432,-0.1469716669968365,1
-1.3572098109173063,0.43908543426214564,0.5693561964423357,0.5985369837740325,1,0,0,0,1,0,-0.7605394197356201,0.5872164827942845,-0.3745195296897717,-0.28330203535346987,1.2037655706025385,0.6705523508042975,-0.6006301686324064,-0.5119975443204645,-0.8967813762165124,-0.011908868664886076,-0.2673498171741425,0.47103450475970654,0.31610046066144254,-0.2787252964017209,-0.33755233060842077,-1.0882243153892104,0.3985901654257483,0.47041777262864964,-0.5252107151899527,1.163332477313009,0.5566918383981934,0.36458018286781924,0.13236969462865278,0.4113232982801169,0.8068392516234056,-1.163332477313009,0.525210715189952,-0.5089050763265954,-0.6347222057676005,-1.11916664918768,-1.4264658141167375,-1.2281568333949502,0.19555021907814235,-1.1988643086375024,-1.149926711256571,-1.1004416420156866,0.5841383197212315,0.4275877563966659,0.24236545179233895,0.2746428559553643,0.43151826673115745,0.5380035976561225,-1.1948939252628807,-0.8769950965056176,0.7190446135538346,1
-0.14929748012713334,-1.6996391413691911,0.27967722576327125,0.5985369837740325,1,0,0,1,0,0,-0.7353015457273552,0.25577739813049005,-0.34893316685501513,-0.29892557599746467,1.048156237724814,0.4277267173635018,0.6768950149683275,-0.8320438831827205,1.0910097105675984,0.2570158013777818,1.1781952701381815,0.36381334151858247,-0.6379423496713895,2.0798933284580503,-0.10126712352534045,1.3367710859781348,0.5901238389882131,1.3491754721456206,1.164294698531354,-0.6585353003337585,1.1369659113946273,1.040559160384447,-0.14812079969161232,0.2379449306759001,-0.21450430157765848,0.6585353003337585,-1.1642946985313547,1.5521809317424884,-0.3345252120667762,-0.7552622732921518,-0.018131260198663828,0.22264698661889537,-0.9071245641463012,-0.38327221085833024,-0.8730858650989243,-0.5423417704240322,1.3613061016552261,1.33810702436318,0.8080048692293539,0.5987996401175653,0.6684418695530556,0.28421816152172197,0.6983559190505837,0.4033962301162448,0.40975308478573785,1
-0.3291993166277972,-0.514321906681944,0.27967722576327125,0.5985369837740325,1,0,0,1,0,0,0.009215737516460692,-0.4646665069544949,-0.46407179961141953,-0.2375887127284481,-0.5186377461253705,-0.17374745754970314,-0.26277433247288406,0.29179734526215423,0.2117109362755866,-0.017736193283148367,0.1622830562010672,-0.0023384980375847795,-0.2374979314674127,-1.030823548860596,1.7734664482437414,-0.48253987451978286,-0.3191346596349019,-0.6730804404285367,-0.7896550408158974,0.7799808228191798,-0.664592638258079,1.3761187421371819,-0.7743219801713612,-0.2924880126973516,-0.8681079666313796,-0.7799808228191798,0.7896550408158968,-1.0102503215325889,1.4666567501381707,-0.31857702221751816,-0.5091102789957901,-0.596630464683041,-0.2140147004052217,-0.38327221085833024,-0.04256332662598434,-0.4803306735805153,-0.6093693453916895,1.33810702436318,0.11464042204849642,-0.30883935553659736,-0.39771434314548676,0.12560226393772106,0.2044646553166367,0.6817421706862145,0.2860364732784985,0
-0.5862019402001745,0.1298722426046032,-0.4445202009343899,-0.13478617003801185,1,0,0,0,1,0,0.1858808555743153,-0.5030436641260921,-0.38731271110714993,-0.2723076919373254,-0.5270806951454748,-0.17643061372031965,0.4668154441110819,-0.37408174717079506,-1.200636326326969,0.6220880546570221,1.198605720777694,0.666390548169795,-1.070028582040823,-0.4827601320216719,-1.166493847785147,-0.14629851387220005,-0.81903401479331,0.02669432765916272,0.39961991949913633,0.5125390571179019,-1.1314864743112598,-0.6551289915649848,1.4942941821773228,-1.6525409369945783,-1.532184324552803,-0.5125390571179019,-0.39961991949913706,-0.5367575899491508,-1.1600669447440433,-0.4095531161914002,-0.4186667755331612,-0.6990401460957827,0.41608517572303205,0.35076067714292497,0.17890935030013266,-0.29429738304996345,-1.1367331974183288,-0.7864379342253526,-0.6973258384659271,0.10608132819102022,-0.5669454880182719,-1.8412348661038906,0.8629863402952329,1.2941032399401495,-0.6418381130257917,0
0.3904080293748593,-0.10203765113855341,-0.4445202009343899,-0.4281154315628296,1,0,0,1,0,0,-0.6974447347149578,0.12203882010825716,0.27793272259651985,-0.5228629918947234,1.364987129889957,0.4979359704946343,-1.060040099813859,-0.507773094813785,0.9145984881948516,0.005818597348017333,0.21236788255487254,1.0924239335301686,-0.08326128330765359,-0.4046674515154304,-0.4244464677784516,0.7546277579107932,0.2506438729322876,0.5914671640261111,1.7106474351375698,-0.20666334585120408,1.0696726135252332,0.27173335426351947,-0.4919586519162762,0.24067362427059213,0.30136391768579945,0.20666334585120408,-1.7106474351375704,-0.23037994010104354,-0.18442671521636386,0.7822337148664557,1.093031782342202,1.1614023995690306,0.19555021907814235,0.8401159358104279,0.06817301183707392,0.5738579727592754,1.2502821328075124,0.5034643620605421,0.6985262723060605,0.31354167005482897,0.39767203775660004,1.109020828958526,0.36909507656128593,0.29205785388825667,0.7809029193074537,1
1.3927182613071303,-0.8235350983394863,0.5693561964423357,0.3052077222492148,1,0,0,1,0,0,-0.3062576875868511,-0.3053431574845305,-0.6175899766199587,-0.07846005802109372,-0.5334655866900332,-0.17419465024480588,-1.1434401794695115,0.686331793187164,-0.49437912239403237,-1.151887420002565,-1.1394644849592648,-0.3822672527009067,1.0582921802965548,-0.601308175752442,0.13972802865323905,0.02736712309558657,-0.2084281516353014,-4.547763090109165e-4,0.8018189915875111,-1.3166012534636966,0.9891613597588151,-0.8020354535405213,0.703334141547056,1.3494518035344898,1.4809156362689104,1.3166012534636966,-0.8018189915875119,-0.5367575899491508,0.19081952690966666,0.1908891040362222,0.17567624722125458,0.08610074473523979,0.25856020669096863,0.758556726032511,0.40038202722625016,-0.23228628620644656,1.2225261405955843,-0.5588081172337243,0.8444977348704508,1.1174504947770867,1.6838287387897632,0.31594134103852145,0.2044646553166367,-0.3759724034796717,1.275769365336409,0
-1.691313221561397,-0.17934094905293926,1.7280720791585935,-0.4281154315628296,1,0,0,1,0,0,-0.5333985536612357,-0.15125305671978392,-0.08027635709007157,-0.419863353575054,0.6027541439129072,0.20815510406804932,0.6293921012799002,0.7422160259532825,-1.5710704557438882,1.135390925102784,0.7829567290530743,0.49440981051828825,-0.7078838925950542,0.4613030280401468,0.2497910216685133,-1.8497361664511778,0.886350113152983,0.5409298874032256,0.23272740579640636,0.4434998061064408,-0.41425648768228046,-0.7684796265710457,0.2888994847661276,-0.654950290748694,-0.48976934224065727,-0.4434998061064408,-0.23272740579640636,0.5216379277079463,0.340918023760079,0.3182556355996563,-0.7287587874050313,-0.3747428216220998,1.9283248784308402,-0.13859458152457876,-0.26403600355210183,0.5738579727592754,-0.38732140769626244,-0.7105613285614767,0.041654690766301246,0.1838789563899486,-0.093098282374475,-0.2233527107470814,-0.04248097655033679,0.18071947766026855,-0.45626319576493324,1
-1.3572098109173063,0.5679242641194551,0.27967722576327125,0.5985369837740325,1,0,0,1,0,0,-0.7983962307480176,2.151376373576052,0.5849690766135982,-0.5598965697175259,2.3774400645815432,2.0872588088898243,-0.3273681540766856,-0.8910857391633576,0.9473744505832269,-0.0036053965576284155,1.034243507094454,1.235108669917977,-1.0138074939253843,0.453278273707714,-0.40427433301424126,0.7254494333831468,0.7940695058884448,1.273039338381854,1.0872846843245239,0.6061852033378367,0.9081236975418495,0.8180499899010608,-0.5660858927058192,0.7922563873859815,-0.10169207536862523,-0.6061852033378367,-1.0872846843245245,0.1317027369921738,-0.6347222057676005,-0.9281168518425269,-0.4574282770171454,-0.135786898325702,-0.7180946013078251,-1.0357458890816678,-1.482135726645747,-0.9144083514851348,1.0004782029001573,0.9587239960437993,0.4613226456389258,0.08014878545804377,0.39767203775660004,0.15732544345452057,0.2044646553166367,0.5704037944582268,0.7809029193074537,1
-0.2006980048416086,0.1298722426046032,-0.15484123025532542,1.7718540298733036,1,0,0,1,0,0,-0.4955417426488382,-0.2047484879286771,-0.16982862701171944,-0.39208817020795217,0.44498297934688336,0.14554812675366366,0.5230628003425258,2.343796687664981,-2.595355754761261,1.6467979226574714,0.5162419253973337,-0.7518423840658494,-1.2717973443594208,0.32084397005116344,1.6034955094796939,-0.8180363752030606,1.535541551981225,0.9948619838770342,-0.2645441656443792,-0.7630516575955741,-0.40674804215068183,-1.610587908319322,2.7258905957393043,-0.7021010332682154,0.30014930661972916,0.7630516575955741,0.2645441656443785,0.0759977097470634,1.0914105080121401,-0.7461646638947628,-1.0130097982875779,-0.4430159425639276,0.038025250046078915,-1.1173050988595852,-1.149926711256571,-0.4183195767369984,-0.3318094232724056,-1.4693273852002382,0.2879815338437111,1.7009327062690485,1.243827762120523,-1.397110352868688,1.1922471827845313,0.848749735028197,0.2860364732784985,1
-0.3291993166277972,0.9802085196628456,1.0038746524609323,0.3052077222492148,0,1,0,1,0,0,0.8042087687768065,-0.6013124453685155,-0.3617263482723934,-0.28677393327435763,-0.8038477716495906,-0.24082636181511632,0.887050550260594,0.28840179298854834,0.38179714733140596,0.11601657296396053,-0.18876865425726225,-0.8051350812464504,-0.31348674864829684,1.9358497567500563,0.7870822159156949,0.2866878570154193,0.42786266550720753,0.21058407229281179,-0.946287449071263,-0.1595918522639314,0.7008128841807868,0.39264117376675384,-0.233835842453214,0.2675303896979059,0.4510028553914443,0.1595918522639314,0.946287449071263,2.0535261769484814,0.9413120111617277,0.5093054329448095,0.5891322630504142,0.7517636739180628,-0.05648973137315825,-0.6279498401920818,-0.26403600355210183,0.8219023601333442,0.3620903820258042,0.04820472807728505,-0.8341740846200435,-0.8145239388296306,-0.6684841749419423,-0.1916295312302808,-0.37174181903963527,-0.48731077970765985,-0.6418381130257917,1
-0.4577006284139859,-0.5658574386248675,0.27967722576327125,-1.161438585374874,0,1,0,1,0,0,-0.6722068607066928,0.020281206395688665,1.6979758599255073,-0.6953005886321474,1.788013746924152,0.552940671992273,0.4205376207280734,3.845711509580695,0.34782947225100863,-0.2785663076289426,-0.8972773784368929,-2.6741196169799344,0.14223723779823536,-0.9511274966317712,3.875487782090289,2.4929000839337196,0.20172427351244554,0.23903943086892818,-0.5252107151899512,-3.126282624571021,-1.5351231864841495,-1.395981152961972,2.0296296290623714,0.5763514465263656,1.39988001598678,3.126282624571021,0.52521071518995055,-1.0102503215325889,2.892592470217086,-0.8644335860608106,0.4082452561251572,0.47867119015075044,-2.5768892358861737,-0.8726274695258333,-0.762349526635866,-0.8523972546416179,-1.3032691506898992,-0.9381911455531051,2.38632130820683,3.3995142552789814,3.5453713323903937,0.41111087958892223,1.439192814651505,0.013711913318286572,1.3994859768436472,1
-0.35489957898503444,-1.2873548858258006,-0.15484123025532542,0.3052077222492148,1,0,0,1,0,0,-0.5460174906653681,-0.15125305671978392,0.16279408984011548,-0.4968237574880654,0.8092638409151819,0.2676317325167157,-0.14264747973885414,0.6364082780218259,-0.17575430902186553,-0.24718226736935148,-0.034803107044899015,0.9768769758117333,0.11140670022974679,1.0264469004581476,-0.19231454844444673,0.3446814652928361,0.35343139997665707,0.8867484316567424,0.4251360800282837,0.9106988955914741,1.2239684416844174,-1.0661468268274832,0.5866336599026043,0.6843838225597468,0.9109829956091665,-0.9106988955914734,-0.4251360800282844,0.8558680911786088,-0.25947596364157,-0.2548937564358004,-0.04397226118798574,0.10316902497069583,0.06953024385249205,-0.9541866793037505,-1.2052948804881005,-0.29429738304996345,2.0274499147415077,-0.5588081172337243,2.2494730620527137,2.2973811891274982,2.5299844631536863,1.3628062650929278,-0.6186874509066087,-0.26463402725168356,2.945943620684131,1
-1.100207187344929,-1.0296772261111817,-0.15484123025532542,1.0385308760612593,0,1,0,1,0,0,-0.8236341047562825,3.0788243385563185,0.047655457083711085,-0.4730991216953325,2.7947248162193916,2.7334522533133048,-0.9111546144254747,-0.7672399272090246,1.471290222659289,0.1324411751731966,1.4901261153672198,0.29831119706306813,-1.4161737093038413,-0.8024514073793977,-1.3053608036704645,1.781312444477046,0.8195526072567786,2.214822673726249,0.6912331826893902,-0.2786957612109654,0.46518268006422797,-0.2546209189329342,-0.22125580530729436,0.6337348530702311,0.2251063302973795,0.2786957612109654,-0.6912331826893908,-0.9823978079100336,-1.4602639384448675,-1.501266243877985,-0.5349512799851129,-0.20406001926752979,-1.222174502210428,-1.6882195673050053,-2.0358174189610403,-0.790386157798101,0.25106641317809053,-0.4070549059059717,-0.5604775923118106,-0.5811310542328463,-0.3130987707090945,-0.44541496736468245,0.03983423407198747,-0.09762646290970158,-0.2706882785040748,1
-1.460010860346257,0.7482986259196881,1.7280720791585935,3.2385003374973924,1,0,0,1,0,0,-0.14221150653312897,-0.4007045783351661,-0.68155588370685,0.0025508934662866888,-0.9120047172143338,-0.3101412295560433,-1.7284149031836649,0.7731153459254159,-1.6051527117178028,-0.29431008297470607,-0.9175331817955498,-1.6262856263999308,0.04115268695816507,1.1006203642106835,-0.39018679813525453,0.017361995782245437,0.9722270239591291,0.7697340083091958,-0.3925077445122049,-1.8287752264186004,3.503129896865863,-1.45200564376472,2.2117446612290568,1.3616376092695075,1.9443335159527568,1.8287752264186004,0.39250774451220416,0.8558680911786088,-0.4846237089171882,-0.4277483349861756,-0.354064273059855,0.03489590402886805,-0.30852968182446,-0.8726274695258333,-0.8177176958673952,0.07776919801113909,3.0821776187947867,-1.3934507795363622,-0.24116501795220557,0.8970238815467907,1.4638282504551436,-1.4288335323854886,-0.20711139779498602,-0.9326642846196119,-0.08511336124321738,1
0.544609603518286,0.05256894469021735,-0.15484123025532542,0.3052077222492148,1,0,0,1,0,0,-0.7226826087232228,0.18600074872758593,-0.4128990739419065,-0.2578414506002932,0.8827216902493273,0.3423129125988757,-1.1843210520317142,0.23505541713074785,0.9635622898486234,-0.5421731167488343,0.09166285104368094,0.4725702245457125,0.11037733367263255,-0.41406825112894297,-0.013528454725401472,-1.0460937941049282,0.5443936302621396,0.30579118430622,0.5581846313588362,0.09092870184200141,1.2330951347104013,-0.3361734457099861,-2.3684453079253975,1.2722523075277306,0.17937937841701526,-0.09092870184200141,-0.5581846313588369,-0.3139374809687093,0.11577027848446049,0.40923172957353837,-0.22485926811324272,7.593435579547688e-4,1.2037100208833493,-0.05703537174666111,-0.319404172783631,0.139780294854656,1.2225261405955843,-0.2553016945782196,0.21499580256151593,-1.0738493661593913,-0.5838686025055501,1.7434844192945298,-0.37174181903963527,-0.3759724034796717,0.34789477903211874,0
0.030604356373531493,-1.1842838219399534,-0.8790386569529866,1.0385308760612593,1,0,0,1,0,0,-0.7479204827314877,0.3313687683169695,-0.438485436776663,-0.25321225337244285,1.0094228806266525,0.4505335448137423,-0.9534260483087683,0.36111482709076337,-0.629188934766751,-0.17057802067631495,-0.5158097750693318,0.08124783808059986,0.7846355939175794,-0.2146345445217367,1.0066693969120246,-1.1295952417664603,0.9343846471696573,0.006937195622061398,0.1359000988749071,-0.023971702672748577,1.1113018212122885,0.5128178699635175,-0.2750119284452309,1.1569597225889328,0.6773507911809301,0.023971702672748577,-0.1359000988749078,-0.3139374809687093,0.7161642658861095,-0.4732363819731166,-0.9484072958142716,-0.5795621844475838,0.038025250046078915,0.02452383803125581,-0.04256332662598434,-0.6663639641110671,0.5286263352973745,-0.02767187758659086,-1.281211688723491,-1.2035120798242718,-0.7530997473783346,-0.857816301083085,-1.0302635040182315,-1.1553410370755877,-1.0748462533011267,0
-0.04649643069818187,-2.034620098998195,-1.6032360836506476,-1.161438585374874,1,0,0,1,0,0,-0.785777293743885,0.8488789180551749,0.7512804350395157,-0.5870931034311464,2.259748018547435,1.1065652285294834,0.06918288197966452,-1.0798516446377704,0.6817405839869705,-0.5520762892053054,0.3511394432915813,-0.04923538210785935,-0.18550722666268285,-0.9919122369250863,-1.064214893366286,0.6145868098469955,-0.9129811709606512,-0.030988882074372833,0.010024599876957354,-0.07709346503402185,-1.0873075012809623,0.4160231531284348,-0.3143617433847056,-0.15947705108091612,-0.48675308552123553,0.07709346503402185,-0.010024599876958064,-0.8988402670423681,-0.9349191994684248,0.2909628074074919,0.5762117625557528,0.15437386567706757,0.3215701943037938,0.2692014673650073,0.2896456887631914,0.139780294854656,-1.053465220782544,0.27583454506891375,-0.2867811000035777,-0.39960325510201306,-0.4315605721200442,-0.28679906978068154,0.2044646553166367,0.18071947766026855,-0.5181215015185524,0
-1.691313221561397,-0.7462318004251005,1.7280720791585935,-0.4281154315628296,1,0,0,1,0,0,-0.6217311126901629,-0.03612158520499215,-0.6559695208720935,-0.029274837475184185,-0.05120778008907463,-0.0051558114959646415,0.2993319695497063,0.816985256213569,0.46396705515471076,0.7996298610662693,-0.07372718166000787,-0.04493025425657901,0.09643100616383016,-0.6010534539678885,-0.0965289290141939,0.5785648544594374,0.6207143414240199,0.751346159998597,0.09517567272851181,-0.15567358143258175,-1.0167939194148117,-1.2180384656176138,-0.052856625234966724,-0.4647586388530372,0.8293922345925034,0.15567358143258175,-0.09517567272851252,-0.7874302125521474,-0.4846237089171882,-1.2465331807511142,-0.806281790372998,-0.5454256239766699,-1.1276595207911904,-0.9541866793037505,-1.0945585420250417,-1.0384305451721696,-1.0257092285706153,-1.2416975682086098,-0.5787240251323598,-0.5162996974004062,-0.6515610604546642,0.6966194952401235,-0.7833178721512579,-0.9326642846196119,-0.332546584257695,1
0.18480593051695732,-1.3646581837401863,-0.4445202009343899,0.5985369837740325,0,1,0,1,0,0,-0.23054406556205628,-0.34372031465612773,-0.7839013350458762,0.5869870434823882,-1.3801488435131979,-0.7179809674897556,0.048299489274701075,0.07040293652206836,1.2731721609750737,-0.8317941904857954,-0.2852707093778244,0.2709934521637661,0.41309604722246,0.02888026682994143,-0.49535311601202775,0.746318594495107,-0.6345106032020357,0.0737722158275194,-0.16027754582615011,0.5285640660967139,-0.038304793245730814,-0.5928641172523645,-0.9904907827960849,0.49453043581325484,0.442890103758263,-0.5285640660967139,0.16027754582614942,0.2152602778598393,-0.25947596364157,0.7731361054690666,1.0801112818475405,0.7346953936826055,0.41608517572303205,-0.05703537174666111,0.012804842605544792,0.6358690696027934,-0.19302946221276363,-0.7105613285614767,-0.6060936743631827,-0.9830854665939747,-0.7530997473783346,0.47455723862252236,-1.1125787146405561,-1.0440026608476,-0.5799798072721716,0
-0.5091011531284612,-0.1535731830814779,0.5693561964423357,0.3052077222492148,1,0,0,1,0,0,-0.44506599463230834,-0.24138122886520175,-0.7583149722111197,0.2571567409980537,-0.9029664449188455,-0.38437521694310056,-2.1487322071995543,0.8490434850763257,-1.3386495467710395,-0.7729391044278441,-1.7287657542041275,-1.1060101045784962,0.9644866837176955,-0.8451907354313567,1.17239988613053,-0.7410739648331139,-0.37022215828058647,-0.856925474793076,-0.4215365193479638,-1.0903910820752818,2.143359815788113,0.009145640143676425,1.0852709097047268,0.6770849094837014,1.4108592093109786,1.0903910820752818,0.42153651934796316,-0.7038726716844818,1.391607501712964,0.6548671833030202,0.13691474573727128,-0.01630893667750248,0.5736101447550955,0.6769975162545934,1.009431888773073,0.6978801664463103,1.6943780081983673,-0.17942508891434333,-0.5604775923118106,0.04124997135858002,0.31305646532020776,-0.5405845059150832,-0.28942660841731066,-0.7656567202776299,-0.2706882785040748,0
-0.894605088487027,-0.3339475448817109,-0.4445202009343899,1.0385308760612593,1,0,0,0,1,0,-0.6091121756860305,-0.05821752418257845,0.8024531607090287,-0.5957728482333657,1.2902210607104512,0.4156525145957275,-0.8922059748713587,-0.02211318444968714,-0.7343548287949212,-0.23236541400330285,0.015421328234206708,1.437938664660945,0.5971333530461459,0.9562434912225816,0.36580110132728205,-0.6470276066012401,0.11813226702371742,0.162782688688822,1.36621119919561,0.6061852033378367,2.1961013561164004,0.39680255272596754,0.3536873064653071,0.431048617156531,0.13887713044621705,-0.6061852033378367,-1.366211199195611,0.9672781456688292,0.41596727218528484,0.21818193222838655,-0.1602567656399366,-0.10165033785478751,0.8256500952063961,1.3294711944779316,0.6772228733838963,0.07776919801113909,2.638081743403932,0.8069707847160468,1.1638103092300558,1.1952481229760152,1.3284433345569153,0.2207718024881207,0.2044646553166367,0.5704037944582268,1.5232025883508855,0
0.8273124894479005,0.1298722426046032,-0.15484123025532542,-0.13478617003801185,1,0,0,1,0,0,-0.4576849316364408,-0.23207767561148118,-0.8350740607153893,2.6209405754691173,-1.7939475649876047,-2.204002293316209,-0.3210885602065795,1.3410056336731686,0.0626374570409169,-0.12272455825779002,-0.5828640349897836,0.12360468898614162,0.5685366071310359,0.6396999004943595,0.2264973445238246,0.6321627305242608,1.1448127683686085,0.9930387654753557,0.6912331826893887,-0.5169746011139472,1.085662062349393,-1.6136722493721414,0.5496350764933969,1.3009697050030236,1.727260866989319,0.5169746011139472,-0.6912331826893894,0.7166055230658329,0.340918023760079,0.381938901381374,0.6666552660183818,1.1443341193335734,-0.2770246880180474,-0.22015379130249568,-0.5408768497097485,0.6358690696027934,0.8894542340524437,-1.5452039908641146,-0.2867811000035777,0.028283699992091807,0.549980068142106,-0.033013633646279864,-1.1948939252628807,-1.4893561657595522,0.16231986177126023,0
0.05630461873076867,-1.1842838219399534,0.27967722576327125,1.0385308760612593,1,0,0,1,0,0,-0.3945902466157784,-0.2617327516077154,-0.438485436776663,-0.25321225337244285,-0.050033333466299776,-0.005603004191067395,0.14625680754002954,-0.6463459188513707,-1.424305393630733,0.23096476035492663,-0.3525848434785683,-1.032699945013309,-0.2971342068219361,1.2706657039187033,-0.18746193856853802,-2.139164004412268,1.3865358043266311,0.23824694596987414,-0.7768887630270574,-0.6379707392984506,1.066260548388408,0.6993348030608079,-0.20258033663784966,1.0628466783547834,0.6909793364392423,0.6379707392984506,0.7768887630270568,1.2736557955169365,-0.10937746679115769,0.22727954162577424,-0.9484072958142716,-0.42594766232847037,1.518759958947476,-0.8726274695258333,-0.6516131881728072,0.44983577907224165,0.6396503041450882,0.27583454506891375,-0.8980365994919648,-0.8534227529290943,-0.4315605721200442,-0.5723076854318833,-0.4540570296619595,-0.7656567202776299,-0.76555472453303,1
-2.0254166322054865,-1.6996391413691911,-1.168717627632051,1.7718540298733036,1,0,0,1,0,0,0.7537330207602766,-0.5925903641931524,-0.6431763394547153,-0.03332538504955321,-1.329874256132726,-0.42998887184358153,-0.48841605704450464,0.3697700103185839,-0.4109139085392366,-1.0597630249515178,-1.3607168764262123,-0.7324783771372274,1.2447336060973797,-1.1719055567309062,0.5098163867607162,-0.0939560892917093,-0.5666847436365129,-0.7293771157766978,-0.37315522795503414,-0.6289223324429117,-0.4917998074580661,0.0032019209127832245,0.4673162700231009,0.8697565851626273,1.0569037899565679,0.6289223324429117,0.3731552279550334,-1.038102835155144,0.7161642658861095,0.6366719645082435,0.48576825909312477,0.22264698661889537,0.2270552128845555,0.5138790966987595,0.7879592118469556,0.38782468222872474,-0.5261013687559044,-0.1035484832504671,-0.31415074923440073,-0.03654765684034838,0.31305646532020776,-0.28679906978068154,-0.7833178721512579,-1.0996718489615938,-0.08511336124321738,0
-1.3572098109173063,-0.7977673323680251,0.5693561964423357,-0.4281154315628296,1,0,0,1,0,0,-0.7605394197356201,0.5872164827942845,-0.7327286093763631,0.15589305163882816,0.32496486319829637,0.33113309522130685,0.4654221168467537,0.054706785534970194,-0.6831308735842806,0.832937027874438,0.49300599148864827,-0.2212181676434603,-0.7169588842647391,0.259972949552985,-0.6062413535979988,-0.7501860471325634,0.8256242579571587,0.7672748567511509,-0.16027754582615011,-0.14275387761029457,-0.3874188750804217,-0.6824060595796011,0.17999815950780323,-0.3065693068046418,0.10816262530487808,0.14275387761029457,0.16027754582614942,0.24311279148239442,-0.5596729573423944,0.02713213488323473,-0.3669847735545164,-0.03337721691295973,0.8571550890128092,-0.7910682597479163,-0.8177176958673952,0.2638024885416898,-0.3040534310604773,-0.5588081172337243,0.33359761589508324,0.37837302688726915,0.22844089288381547,0.41111087958892223,0.28677986593896093,0.23638866577426285,0.40975308478573785,1
0.3904080293748593,-0.1535731830814779,-0.4445202009343899,0.3052077222492148,1,0,0,1,0,0,-0.6974447347149578,0.12203882010825716,-0.7583149722111197,0.2571567409980537,-0.22093079326889808,-0.10487978250387892,-1.7255680411051415,-0.44025295982721785,-0.4461104615201265,-0.2508117394078638,-0.5380825594965943,0.21929535428982047,0.20930183311119666,-0.019908483314510204,-0.300974780388164,0.5599763131098878,0.8068074574678469,1.2440521688137227,1.4466056031467225,-1.1356331163529634,2.379552044186876,0.3027510759379346,1.1725701364526144,1.1388469428924888,1.9141084881974255,1.1356331163529634,-1.4466056031467232,0.18740776423728422,-0.03432821836595151,0.8641121994429487,1.0542702808582185,1.3832900426299712,0.6681251261743327,0.18764225758709038,-0.4301405112466897,1.13195784435093,1.9719379303176512,0.12408133374116129,-0.42362934615769415,0.20981149912292413,0.6684418695530556,-0.4136917878478824,-0.6186874509066087,-1.0996718489615938,0.10046155601764112,0
-1.3572098109173063,-0.05050211919562982,0.27967722576327125,-0.8681093238500562,1,0,0,1,0,0,-0.7983962307480176,2.151376373576052,-0.6687627022894718,-0.023488340940371298,1.048156237724814,1.6727111805295707,0.8455285087804892,0.33457490096876813,-0.19133880558801253,0.6381502676766406,0.5868249672389799,0.645079592125331,-0.6550349718903548,0.1691094398926539,-0.9530652731428277,1.464257677724683,0.31459003031012406,1.2868504514804393,0.8847583482611019,0.002319067851812721,-1.0067558141203168,-1.4139744200811022,1.7330043107679385,-0.5501577526738046,0.49345780302390635,-0.002319067851812721,-0.8847583482611027,0.18740776423728422,-0.8598699510432187,0.13630344765189217,0.8863037744276221,0.9907195972144606,-0.2770246880180474,-1.0357458890816678,-1.4267675574142176,0.2638024885416898,-0.9424412519348303,-1.317574173872486,0.03253147435602734,0.9229564242797662,0.6176725260912207,-0.6040308649486834,-0.5363722402842841,-0.5986491559356475,0.10046155601764112,1
-0.3291993166277972,0.18140777454752677,1.0038746524609323,-1.161438585374874,0,1,0,1,0,0,0.8042087687768065,-0.6013124453685155,-0.7966945164632545,0.7519021947245554,-2.1560305041218264,-1.0435372495245607,1.823867142539434,0.9111659763276413,-0.24544443733372254,0.018774860313100286,-0.8605092060392111,-0.6988139192161431,0.5984455113431497,2.1969921534375727,0.17812296661468274,0.5051721653379339,0.6652027511393106,0.469156094804394,0.02438743144227863,-0.9772859963810728,-0.34092298620415684,-1.0721642198764867,0.8431800758192457,0.6342400361262449,1.5767437248716654,0.9772859963810728,-0.02438743144227934,3.111921694605578,0.8662627627365218,2.02860620230864,2.0491488189471325,2.3049771753446504,0.7626401075935709,0.6769975162545934,0.7325910426154264,2.3101686843777554,-0.49834537654397587,-1.1658209625447336,-0.8341740846200435,-0.32180562690308556,-0.0592520533999176,-0.3502454288142823,-0.7833178721512579,-1.211010225189582,-0.332546584257695,1
0.13340540580248203,-0.35971531085317227,-0.15484123025532542,-0.13478617003801185,1,0,0,1,0,0,-0.81101516775215,2.6310908382210174,-0.5664172509504457,-0.14789801643884834,1.5964412875865512,2.1377915834364356,0.4610406485729071,-0.7741275519202668,0.3095667698474873,0.6184950076833968,0.5368913597066326,0.13038393404571752,-0.007561236336276212,1.2732660497559118,-1.4264268501209212,0.7187414627308595,1.303349814109698,1.8247568946812855,0.594470599903532,-0.41176056791003435,0.6311441896654788,-0.36644874550441187,0.2990777099523968,0.456832511651019,1.0835348851542081,0.41176056791003435,-0.5944705999035328,1.0229831729139398,-1.3852146900196616,-0.3913578973966235,0.020630241285320403,0.5469443110925782,-0.2140147004052217,-1.1173050988595852,-1.4267675574142176,0.015758101167622184,0.41760236644966076,-0.482931511569848,-0.48749186102961545,-0.2699405414371327,-0.07617516788719629,0.062155904904119784,-1.277209135885205,-1.545025353873546,-0.3944048900113141,1
0.05630461873076867,-1.1069805240255675,0.27967722576327125,-0.13478617003801185,1,0,0,0,1,0,-0.3945902466157784,-0.2617327516077154,-0.8478672421327675,3.06650080864971,-2.3517043920386365,-2.5711474959955707,1.3381129091316377,0.47873723775201993,-3.0024433831733117,0.7502518787744017,-1.1907411773914445,-1.1703428025231692,0.5850096823639486,1.0680954630541106,-0.12485016454323364,-2.273102206456482,1.4914952539535753,0.25244488157595785,-0.3224700655433951,-1.276386111883534,-0.7934501717286857,-0.7821540370861554,1.8201921868989857,0.465399276546133,1.7944851407565534,1.276386111883534,0.32247006554339436,1.1900982546492709,0.04072103005925432,0.5184030423421971,-0.8192022908676594,-0.2552648599739003,1.865314890818015,-0.46483142063624716,-0.3747723420151606,0.6978801664463103,-0.8314172830871166,-0.8623145398892288,-0.5604775923118106,0.39133929825375646,0.5669031826293847,-0.667477223982284,-0.8656330827735822,-1.378017789531564,0.16231986177126023,0
-1.691313221561397,-1.3646581837401863,1.7280720791585935,0.5985369837740325,1,0,0,1,0,0,-0.6217311126901629,-0.03612158520499215,-0.7839013350458762,0.5869870434823882,-0.6968652727076148,-0.4814160317803984,-0.5815210448880782,0.3392281996099285,0.795621713394837,-0.28489449478022194,-0.051223683022057036,-0.032913391810310534,-0.0610705759315299,-0.472603696040668,-0.026080828205607323,0.3463231691028206,0.6953990421916024,0.8434470529653083,0.3699083794759778,-0.41176056791003435,0.33639912414432144,-0.4917285511111951,-0.7396201500266857,1.074419869054597,0.8900551802303402,0.41176056791003435,-0.36990837947597854,-0.45320004908148526,-0.03432821836595151,-0.018355912103706302,0.1627557467265941,0.4445346296798359,-0.05648973137315825,-0.709509049969999,-0.9284540343304539,0.20179139169817292,0.3620903820258042,-0.4070549059059717,0.20587258615124074,-0.21807545597118072,0.2115177783965368,0.9504049313745251,-0.5363722402842841,-0.7656567202776299,0.40975308478573785,0
-1.3572098109173063,-0.1535731830814779,0.27967722576327125,0.3052077222492148,1,0,0,1,0,0,-0.7983962307480176,2.151376373576052,-0.7583149722111197,0.2571567409980537,0.6343575162504046,1.4558227234047347,-1.48489242519064,-0.794289285900685,0.23360966093461957,-0.7744683619173007,-0.5994012256513483,-0.42422336005612993,-0.24245624160338314,0.122802177287115,-0.8735928288422327,1.4029404822678588,0.3053191941980596,1.2059857094781454,0.22845561284398783,-0.8051695616290189,2.187481552128394,0.21504085359288608,1.0904676531472808,1.3490060789617033,1.9566612688333782,0.8051695616290189,-0.22845561284398855,0.32667033235006016,-0.6347222057676005,0.8277217618533966,1.5064877981713616,1.5881094054554559,0.16404522527173035,-1.1173050988595852,-1.3160312189511594,1.13195784435093,1.6943780081983673,-0.02767187758659086,-0.6334633235940058,-0.02358138547386016,0.5161338391675497,-0.6040308649486834,-0.9479482933959068,-1.32234860141757,-0.023255055489598248,1
-0.3291993166277972,0.1298722426046032,1.0038746524609323,-0.13478617003801185,0,1,0,1,0,0,0.8042087687768065,-0.6013124453685155,-0.8350740607153893,2.6209405754691173,-2.7592037624997605,-2.4879696547064585,0.802232257326469,0.8213829409420547,-0.4005106274892744,-0.4271064662374638,-1.198362933897846,-1.026449720152236,0.9574118154736885,2.2157279654342976,-0.09976669526347684,0.5935535022377727,0.9038690958224388,0.6340623341908304,0.3041828515459608,-1.7016398430609991,1.0984057936248188,-1.2273179490715933,1.143975472630706,1.4732544043530234,2.17696896416593,1.7016398430609991,-0.30418285154596153,3.306889289963465,0.641115017460903,2.356120140614615,2.398002332302986,2.782889021937446,0.8256500952063961,1.0847935651441794,1.009431888773073,2.6822352654388593,1.1392581639597994,-1.0899443568808573,0.33359761589508324,0.8970238815467907,1.5145975939169787,0.12560226393772106,-0.6186874509066087,-1.266679413303576,0.7190446135538346,0
-1.100207187344929,-1.3646581837401863,-0.15484123025532542,0.5985369837740325,0,1,0,1,0,0,-0.8236341047562825,3.0788243385563185,-0.7839013350458762,0.5869870434823882,1.1681743538733984,1.9141952358850582,-0.6751981995345203,-0.33213474744403,2.0468008700800695,-0.3852562628604598,0.9096795425087446,0.39660566675887293,-0.9085353701092879,-0.8781299843749549,-0.9357184959604645,1.9856717174671847,0.30759309597851486,1.8245804617494867,1.0872846843245239,-0.5374328853480426,0.06146239890186884,-0.48151688373001855,-0.8026367790303827,0.8254604050877498,0.5987197374324984,0.5374328853480426,-1.0872846843245245,-0.8709877534198129,-0.9349191994684248,-0.30038180342274146,0.7312577684916879,0.8371050750953478,-0.5290646384693491,-1.0357458890816678,-1.482135726645747,0.44983577907224165,0.3065783976019474,-0.17942508891434333,1.0178388466656656,0.39133929825375646,0.7192112130148905,1.5531453421937294,0.36909507656128593,0.1250502895462747,1.2139110595827887,0
0.13340540580248203,-1.3646581837401863,-0.15484123025532542,0.3052077222492148,1,0,0,1,0,0,-0.81101516775215,2.6310908382210174,-0.822280879298011,2.1435546113470543,0.2556084424433621,0.3669085108295272,0.2855105558204786,-0.40987210329841295,-0.312084170338946,0.9062734806163882,0.901991635098997,1.41306385273187,-0.2571466486445652,0.6932480759921889,-1.3916354287275925,1.0681940152183784,1.5286404537188192,2.4430665125909794,2.2754391892299264,-0.3295023237687909,0.295675931272563,-0.8315474979585841,1.5000614847912934,0.2914567023714392,1.2125456436925568,0.32950232376879157,-2.2754391892299273,0.7723105503109431,-1.2351161931692491,0.391036510778763,0.9121447754169449,1.5710411252199985,0.41608517572303205,-0.709509049969999,-1.482135726645747,0.8219023601333442,0.6396503041450882,-0.482931511569848,1.3189049882047215,2.02508949043125,2.0561372575098895,0.4428340591057229,-0.6186874509066087,-0.8213259083916238,1.708777505611744,1
0.13340540580248203,-1.3646581837401863,-0.15484123025532542,0.5985369837740325,1,0,0,1,0,0,-0.81101516775215,2.6310908382210174,-0.7839013350458762,0.5869870434823882,0.7118913981583822,1.5698568606559373,0.4659474997637292,-0.6006086020261258,1.128350465548034,0.3182082696040459,0.9511757542915923,1.063208054243499,-0.7694293485581555,0.9926071087154407,-1.3557731747557076,0.9728402260635298,1.2337181658450058,2.0715648088479672,1.8265808207101075,-0.36149164093482894,0.3438899866544308,-0.5338296488116608,-0.56488227952841,0.7934549714396049,0.7859047731369261,0.36149164093482966,-1.826580820710108,1.1622457410267157,-1.1600669447440433,0.6457695739056325,1.093031782342202,1.6222459659263704,0.5736101447550955,-0.709509049969999,-1.3713993881826885,1.069946747507413,0.7506742729928018,-0.1035484832504671,1.5196157492307591,0.9359226956462544,1.243827762120523,1.9338234963953311,0.28677986593896093,0.1250502895462747,1.8943524228726025,1
0.05630461873076867,-0.35971531085317227,-0.15484123025532542,-0.4281154315628296,1,0,0,0,1,0,-0.15483044353726144,-0.4041934108053113,0.9431781563001896,-0.6270199295213553,0.6204985378889775,0.17372126654513723,-0.1913787026580133,2.335616286720342,-2.0771729723183956,-0.3526607326718922,-1.3860388472130705,-0.9612095411820084,0.9080156499788992,-1.0595500669623654,0.9372435805784658,-0.11259534258439512,-0.6873698992349687,-1.010533371813237,-0.3364521793121226,-0.9772859963810728,-0.7925731978910373,-2.2667966078307735,2.7264175782218616,-0.20516232768642556,0.8153292307526769,0.9772859963810728,0.33645217931212196,-1.038102835155144,0.7161642658861095,-0.3367722410122935,-0.3411437725651945,-0.5795621844475838,-0.5920746260821743,0.6769975162545934,0.954063719541543,-0.4183195767369984,-0.6093693453916895,-2.0763402305112475,0.9266066825629212,2.3622125459599386,2.1069066009717248,-1.016432198667086,1.0276167615398821,0.5704037944582268,1.0901944480755505,0
-0.6119022025574117,0.5163887321765315,1.0038746524609323,-0.4281154315628296,1,0,0,1,0,0,-0.40720918361991093,-0.2559180308241401,1.7875281298471553,-0.6987724865530351,1.1777844100585746,0.34320729798908123,-0.46195928774721545,-0.7285784580307659,-0.2515979907438477,0.82879557258578,1.1487167130590203,2.6284136601404917,-0.0029942732158777657,1.2489495994692732,0.06897699937096816,-0.19397852209317692,1.2300771499453307,0.7458246692349416,0.9277639406103714,2.664697762972419,1.890301358813876,1.0690964423589449,0.14901317444313644,0.10007409641765345,-0.7652353599712147,-2.664697762972419,-0.927763940610372,0.7723105503109431,-0.25947596364157,-0.9554096800346926,-0.8967252938356269,-0.42594766232847037,-0.6865896075014126,-0.46483142063624716,-0.8730858650989243,-0.8523972546416179,0.917210226264372,0.19995793940503753,-1.7191260764166634,-1.3980061503215924,-1.277716296483967,-1.9681275841710915,-1.853415610241477,-1.0996718489615938,-1.3841377820692236,1
-0.5348014154856993,0.5421564981479937,-0.15484123025532542,1.0385308760612593,1,0,0,1,0,0,0.816827705780939,-0.6106159986222359,-0.3745195296897717,-0.30991991941360914,-0.8259911350914393,-0.23009373713265022,0.814835435160219,-0.8680360709445374,0.2806195794357727,0.4510618780034749,0.7517267833884045,-1.0579219507636637,-0.7986298659629517,1.507009846250534,0.021473480177199824,-1.289648830166446,1.6987175595997397,1.244208778509468,-0.604544012877736,-0.8432999717894734,0.37273797393408503,1.212918409965497,-1.6795890669584899,1.0750637565266252,0.23744607167614723,0.8432999717894734,0.6045440128777353,1.8864110952131505,0.3784426479726819,1.1051988484737367,0.16921599697392434,0.8627074954485331,2.1961173257853486,-0.8318478646368748,-0.6792972727885718,1.8450854580513771,0.27882240539001907,1.0346006017076752,-0.19554893590083341,-1.0090180093269512,-0.5838686025055501,0.886958572340925,0.12214944469431245,-0.26463402725168356,-0.08511336124321738,1
-1.4086103356317816,-0.9523739281967958,0.5693561964423357,0.3052077222492148,0,1,0,0,1,0,0.3877838476404349,-0.5367690446708291,1.2885940545694028,-0.6628962080371952,0.35026072778633455,0.09948727915807995,-0.786999935904384,-1.8524269496888373,2.1369781013140563,-0.9182785299202872,-0.23611873045798593,-0.9935452007610884,-0.48252231685520613,-0.9038807841323815,-1.1794035614343892,1.629288952155645,-1.1584292802426046,-1.1998818052298375,-0.48326437388376714,-0.8757814322965277,0.1911955391749847,1.3610135260153688,-1.2840423847976055,0.09185640711848603,-0.8644851310253141,0.8757814322965277,0.4832643738837664,-0.8431352397972577,-1.0850176963188372,0.07262018187017576,0.9121447754169449,0.3421249482670949,-1.6317394216937933,0.5954383064766764,0.954063719541543,-0.17027518936292965,0.5603474692538639,1.9884779300535471,1.4479333345786036,0.43579508579600196,0.4508589690023328,1.3174874372117849,2.732717553002319,2.320006849469467,0.8692719275269096,1
1.7782221966656961,0.5936920300909173,-0.4445202009343899,0.5985369837740325,1,0,0,1,0,0,3.4415666026404934,-0.7571469623683346,0.44424408102243734,-0.5408011311526433,-0.8019088095482978,-0.16435641095254527,-0.7655881794699443,-0.6075477208730652,0.6993633253032941,-1.1225422953315662,-0.8909549527205186,-0.4068467129976022,0.4830489557061355,0.14424975154652223,-0.1305254746316701,0.46540056373300953,-0.34868941091753053,-0.9608659172152605,-0.9333596546099943,0.37080434932556694,1.2087016521379212,0.7031207584119832,-0.4883704110072772,1.17072776956735,0.22018652313022047,-0.37080434932556694,0.9333596546099936,0.0759977097470634,-0.18442671521636386,-0.19121049065408274,0.07231224326396513,-0.06751377738387422,-1.1906695084040155,-0.13859458152457876,0.34501385799472056,-0.23228628620644656,1.333550109443298,0.8828473903799233,0.5525548097416701,0.19684522775643593,0.6684418695530556,0.1890486229713212,0.03983423407198747,0.23638866577426285,0.8427612250610729,0
0.18480593051695732,-0.2824120129387873,-1.168717627632051,-0.13478617003801185,1,0,0,1,0,0,0.47611640666936217,-0.5483984862379798,1.2630076917346462,-0.6611602590767514,0.29650837469792607,0.0892018471707166,0.5721734019796627,-0.4807838459079778,-1.419321585100709,0.5982701189952305,0.39975011580458997,0.1984049070318667,-0.31574476986680006,0.5233333253396767,0.03937387750079593,-1.8081682351190276,0.1472595341471015,-0.8313661809401037,-0.6280087910670794,0.8934521024018872,-0.272712551266731,0.6993348030608079,0.12322545717243799,-0.6622043003065938,-1.3313619920842983,-0.8934521024018872,0.6280087910670786,0.1317027369921738,-0.3345252120667762,-1.110069039790291,-1.7365578259886068,-1.603658998575004,-0.15100471279239655,-0.22015379130249568,0.06817301183707392,-1.1004416420156866,0.16779843654230542,1.4898602356909325,2.021392651795853,1.791696605834465,1.345366449044194,0.2524949820049213,1.5215080252738291,2.40748700222003,2.018069034379841,0
-0.35489957898503444,-1.3388904177687242,-0.4445202009343899,0.3052077222492148,0,1,0,1,0,0,0.9430170758222637,-0.6327119375998222,-0.822280879298011,1.9988921979767322,-2.5457641953933066,-2.0313859130065457,-0.7286944643994026,-1.021570868295261,0.7851008368768763,-0.42266285375938717,-0.21451897270165854,0.2744623721509788,0.41305530739015967,-0.782737450793448,-2.347445432235084,2.6906015868611752,-0.19827683742558191,0.9839752359809462,0.6912331826893887,-0.31122271395962636,0.23116535301866742,-0.9494812252524817,1.6305359691232164,0.374382329587098,1.2395454734815088,0.31122271395962636,-0.6912331826893894,-0.7595776989295921,-2.1857400065551933,-0.13055976133816094,1.2566914552745774,1.104508132117507,-1.4007028004467665,-0.22015379130249568,-0.5408768497097485,0.139780294854656,0.6396503041450882,-0.5588081172337243,1.5743550476924053,2.349246274593451,2.4115226617427363,0.41111087958892223,-0.20711139779498602,-0.3759724034796717,2.203643951640699,0
-0.894605088487027,-0.9266061622253344,1.4383931084795292,-0.4281154315628296,1,0,0,1,0,0,-0.4955417426488382,-0.19777082298838666,-0.2849672597681238,-0.3446388986224865,0.3249648631982956,0.11424463809647085,1.3217261043958948,0.5534890808858504,-1.5379430617001053,0.9743956320252571,-0.09633746796430487,-0.44585697791116513,-0.15549741255996888,1.0698408996603117,-0.44521144816780067,-0.9179939775620022,0.7814607128799897,0.40871925314444224,-0.8822105547849753,0.266869946255213,-0.7689199011535148,-1.2056841889526375,1.1799242702934818,-0.5414625701756917,0.5242782265218899,-0.266869946255213,0.8822105547849747,0.577342954953057,-0.7097714541928067,-1.0827762115981268,-1.3231018101594472,-1.0062691903340089,-0.18250970659880966,-1.4435419379712537,-1.3160312189511594,-0.728375060954584,-0.6926373220274746,-1.0899443568808573,0.21499580256151593,0.806259981981374,0.5161338391675497,0.030432725387320277,-0.7833178721512579,-0.7656567202776299,0.22417816752487937,1
0.15910566815972013,0.026801178718756015,-0.15484123025532542,0.5985369837740325,0,1,0,1,0,0,-0.4198281206240434,-0.2355665080816264,0.08603500133584588,-0.4864080637254022,0.5202967001032793,0.19473932321496668,-1.2278134529377207,-0.6848715427867916,0.7098849316672204,-1.656504535930111,-1.37471920681453,0.5624895453414512,2.1224042286918112,-1.2127382718461903,-0.8755909931560764,1.2057583970376708,-2.056984982436997,-1.6658678422032378,0.18806775220293484,0.5806453452778549,0.49555070263375883,0.0628598501705705,0.2412344232512656,0.19815966195709372,0.16080658401335804,-0.5806453452778549,-0.18806775220293553,-1.0938078624002545,-0.7097714541928067,0.49111021415003275,1.0801112818475405,0.06903246449978255,-0.7495995951142377,2.145063292257104,2.227531611866718,0.2638024885416898,0.7229182807808735,0.35171115073279,0.8809906005115491,0.8840576101803024,0.9222885868622325,0.37938770007212164,-0.6186874509066087,-0.4316415915936655,0.8427612250610729,0
-0.5348014154856993,-1.41619371568311,-0.15484123025532542,0.5985369837740325,1,0,0,0,1,0,0.816827705780939,-0.6106159986222359,0.38027817393554597,-0.5315427366969427,-0.20910327320899003,-0.05881893490829519,1.6231217432063587,1.0077229051556944,-2.107495203791069,1.6428511417494085,1.3708369088593182,-0.4815612415255766,-1.4791250251331227,1.5816352714272728,0.1342149364369275,-1.2084223142920902,1.1851712871826499,0.8898010370377472,-0.9813771768947055,0.3165258375355961,-0.676638967722389,-1.2486777356805996,1.6666686590298163,-1.0441903438579703,-0.9134375926292361,-0.3165258375355961,0.9813771768947048,1.8585585815905954,0.41596727218528484,0.8641121994429487,0.03355074177998182,0.512807750621665,1.8968198846244282,-1.0357458890816678,-0.762349526635866,1.2559800380379649,-0.6371253376036178,-1.1658209625447336,0.014285041535478216,0.8710913388138142,0.34690269429476517,-1.5240030709358887,0.4514102871836102,0.6817421706862145,-0.1469716669968365,1
0.5960101282327613,-1.158516055968491,0.5693561964423357,1.0385308760612593,1,0,0,1,0,0,0.45087853266109723,-0.5460725979245497,-0.4768649810287978,-0.21270677762875267,-0.8168833888562058,-0.2555837207535072,0.4419013351065751,-0.09862318850361997,-0.2732947293100775,0.787486755017237,0.424874932289939,-0.4698167912344854,-0.4046206454353136,1.6314440484886212,0.636383612869071,-0.12998940415275867,1.533788096887329,0.8016619994666909,-0.6135009981005504,-0.032311248161722386,1.0156451069940582,0.7728785545234207,0.2429762353513286,0.457034220024461,0.2303086909950355,0.032311248161722386,0.6135009981005497,1.5800334453650435,0.641115017460903,0.13630344765189217,0.046471242274642305,0.6664222727407777,-0.15100471279239655,-0.6279498401920818,-0.4301405112466897,0.5738579727592754,0.6118943119331598,0.35171115073279,-0.8615437338508666,-0.62002986833231,-0.4146374576327655,-0.9212626601166852,-0.37174181903963527,-0.4316415915936655,-0.6418381130257917,0
-0.7918040390580765,-0.2824120129387873,0.27967722576327125,-0.13478617003801185,1,0,0,1,0,0,-0.5838743016777656,-0.09019848849224284,1.2630076917346462,-0.6611602590767514,1.3817826883586657,0.44158969091168726,0.5646490102790603,-1.0627775163344981,0.3192792573787203,0.7110148961262764,1.4538044006014652,1.0332717859893636,-1.2824900451496848,0.5909367308337982,-0.6344962442797593,0.8345248395971586,0.5978843825591755,0.8228112396826752,0.4292298816076853,0.9835545079437442,-0.1947011752199439,0.8230710854873857,0.4021515417712758,-0.36768333458936736,-1.0867018939181343,-0.9835545079437442,-0.42922988160768605,0.8837206048011639,-0.3345252120667762,1.0460643873907127,1.3772827932247493,1.605177685690913,0.2270552128845555,-0.05703537174666111,-0.26403600355210183,1.3179911348814817,0.22331042096616224,1.5657368413548085,1.8571747564109133,1.8305954199339287,1.5315207084042572,-0.12818317219668063,1.1922471827845313,2.073471873536065,1.8943524228726025,1
-0.6119022025574117,-1.3388904177687242,1.0038746524609323,0.3052077222492148,1,0,0,1,0,0,-0.40720918361991093,-0.2559180308241401,-0.822280879298011,1.9988921979767322,-1.6094311841376534,-1.7416050465799608,0.8593298485328192,0.6939532405395079,-0.9992562921474661,0.5812663366993135,-0.3903503371737085,0.5052427281763354,0.5807311205135612,1.4025707517100026,0.0029860663316314674,0.09770289548909478,1.071317297938789,0.7498380558183521,1.1393967240133565,-0.440948977121442,0.20651309632878573,-0.9494812252524817,1.464198814184751,0.2770465732310387,1.2395454734815088,0.440948977121442,-1.1393967240133573,0.9672781456688292,-0.25947596364157,-0.7916527108817039,-0.625394783447741,-0.20406001926752979,-0.7180946013078251,-0.22015379130249568,-0.7069813574043363,-0.728375060954584,0.6118943119331598,-0.5588081172337243,1.5743550476924053,2.2455161036615454,2.2592146313572306,0.6966194952401235,-0.20711139779498602,-0.4316415915936655,2.079927340133461,0
0.030604356373531493,-0.9008383962538722,0.5693561964423357,1.478524768348486,1,0,0,1,0,0,0.097548296545388,-0.49141422255894146,-0.5152445252809326,-0.19418998871735144,-0.6749935878323352,-0.22785777365713644,-0.5287053665872079,0.5039595828534253,0.6828908087200946,-0.11479550264940329,0.028225941436340746,-0.24096507685813928,-0.1682705209883023,0.35272443445543183,0.017972208543249223,0.18052195650498012,0.4422623009371736,0.4916269356486314,-1.089198340570375,0.7516060278018181,1.0876157812377725,-0.6736961792280806,-0.7521274556814938,0.5936210450990078,0.4432829089821936,-0.7516060278018188,1.089198340570374,0.5494904413305014,0.26586877533487285,0.7731361054690666,0.7570987694810098,0.9224464762726329,0.5106001571422693,-1.1173050988595852,-0.8177176958673952,1.0079356506638961,0.6396503041450882,-0.8623145398892288,-0.9436526815433369,-1.1386807229918314,-0.8715615487892844,-0.0647368131630805,-1.277209135885205,-1.1553410370755877,-0.5799798072721716,0
-1.1516077120594044,-0.5400896726534062,1.0038746524609323,-0.13478617003801185,1,0,0,1,0,0,-0.4576849316364408,-0.21637792949582776,0.815246342126407,-0.6050312426890664,0.9590005152328913,0.3011711846494223,-0.4412983744421635,0.6130150005949401,0.885212183491421,-0.529074218799067,-0.545940326246342,-0.17519638119148606,0.47605411079570503,0.8832986238364374,0.6145528873034135,0.34730563663998437,0.32153517587963576,0.1898474588940048,-0.5860329100839196,0.3422733367180179,1.4962177094025033,-0.2257367349666622,-0.861106038821189,1.033573912970835,0.8950982548748777,-0.3422733367180179,0.5860329100839188,0.5494904413305014,0.26586877533487285,-0.7461646638947628,-0.4703487775118068,-0.32353798091572933,-0.8756195703398886,-0.709509049969999,-0.5408768497097485,-0.4183195767369984,1.7961499796421043,0.07349692996524401,0.9570174039305009,0.3092195795993323,0.7248522511773176,1.7329100261222636,-0.6186874509066087,-0.5429799678216537,1.1932916243315823,1
0.2105061928741954,-0.7977673323680251,-0.4445202009343899,0.3052077222492148,0,1,0,1,0,0,-0.3188766245909836,-0.3204614315218264,-0.6047967952025805,-0.08713980282331305,-0.48383751490921445,-0.1791137698909362,-0.5883803672401259,0.1004800165863536,-0.01795426889145076,-0.5588364182529351,-0.5270415559273333,0.019638799383414687,0.2676023230914464,0.04455293911342085,-0.4191974414294195,0.6511195280901798,0.018784972881321284,0.3214205669636674,0.1590389773671773,-0.13094794135889734,0.8626739952244691,-0.5578547705528598,0.6788564190489051,0.773578805490271,0.9989844592771356,0.13094794135889734,-0.15903897736717798,0.29881781872750485,-0.10937746679115769,1.0369667779933252,1.2609982887727984,1.2126072402754011,0.3845801819166189,-0.22015379130249568,-0.319404172783631,0.8839134569768611,1.055990187324014,-0.3311783002420958,0.7441423543574326,1.0137203238451828,1.3115202200696365,0.2524949820049213,-0.5363722402842841,-0.6543183440496418,1.0283361423219313,0
-0.894605088487027,-1.3388904177687242,1.4383931084795292,0.3052077222492148,1,0,0,1,0,0,-0.4955417426488382,-0.19777082298838666,-0.822280879298011,1.9988921979767322,-1.4576827254211728,-1.6968857770696852,0.7284397692647991,0.3024205107490577,-1.4884578173899765,0.3642392658070863,-0.5628836378179487,-1.1813999849824102,0.020495613072736108,1.262646474122934,-0.7054780428217436,-0.561231218354603,0.6077096833836773,0.41422213668647956,-0.9053494332772455,-0.7133741297612556,0.2487082482812507,-1.1218140582067908,1.4707884504901385,0.11053076998283204,1.1361835916098788,0.7133741297612556,0.9053494332772448,0.8280155775560533,-0.8598699510432187,-0.8462383672660339,-0.9742482968035945,-0.71610842633123994,-0.18250970659880966,-1.3619827281933365,-1.2052948804881005,-0.6043528672675491,0.7229182807808735,-0.7105613285614767,1.8024354579492659,2.4659427168918424,2.37767643276818,0.886958572340925,0.12214944469431245,-0.2089648391376897,2.203643951640699,0
-0.7918040390580765,-1.158516055968491,0.27967722576327125,1.0385308760612593,1,0,0,1,0,0,-0.5838743016777656,-0.09019848849224284,-0.4768649810287978,-0.21270677762875267,0.2556084424433628,0.0950153522070524,0.017946659608544864,-0.615312908582196,0.24236291947851807,0.0921178614614505,0.43017445803515764,0.3031985525535262,-0.38866275606265605,0.9947686284992263,-0.42000952959975146,0.8308195140980206,0.6798523181257766,1.1155096152835824,-0.018359091073560794,0.43173498641965286,0.9690058255393923,0.4237799508449985,0.50357525760702,0.5496846331246615,0.5298301593402519,-0.43173498641965286,0.018359091073560086,1.106540713781605,-0.25947596364157,0.49111021415003275,0.8733832739329616,1.1443341193335734,0.1010352376589052,-0.7910682597479163,-0.8730858650989243,0.8219023601333442,0.77843026520473,0.27583454506891375,-0.3050275328241268,-0.010615114107371936,0.2115177783965368,-0.5723076854318833,-0.7010026615289333,-0.5986491559356475,0.10046155601764112,1
-0.7918040390580765,-1.3388904177687242,0.27967722576327125,0.3052077222492148,1,0,0,1,0,0,-0.5838743016777656,-0.09019848849224284,-0.822280879298011,1.9988921979767322,-1.260130727364607,-1.6141551284756757,0.5797909131788802,0.48979724041737477,-0.39410285176621346,0.41951909857458286,-0.10596533654797952,-0.46426838426569256,-0.012204447656500608,1.187891680111724,-0.3257090653690065,0.8652141092063951,0.7649866604931194,1.1690934999932332,0.2181716668474219,-0.8495867060811616,0.38071399181595933,-0.9985502753490079,1.4082085397099284,0.19180444052168202,1.2791523844241457,0.8495867060811616,-0.2181716668474226,1.2736557955169365,-0.18442671521636386,0.427426948368315,0.8346217724489774,1.1443341193335734,0.006520256239666901,-0.709509049969999,-0.8730858650989243,0.7598912632898273,0.77843026520473,-0.6346847228976005,1.473999667179387,2.115853389996665,2.0899834864844458,0.8235122133073248,-0.04248097655033679,-0.4316415915936655,1.9562107286262216,1
-0.7918040390580765,0.49062096620506923,-1.6032360836506476,-1.8947617391869185,1,0,0,0,1,0,0.3246891626197725,-0.5181619381633881,-0.08027635709007157,-0.4244925508029043,-0.2817957455152651,-0.07044594498096682,-0.5433619452446301,-0.2609470300671574,1.236802772075176,-0.883991295764478,-0.3171972892714333,0.0020596992085309125,0.2682934263233499,-1.6205600131232896,-0.21611884674538911,1.0290593099698386,-2.024520243344159,-1.7896137442501951,0.04764949253229553,-0.04444900248725973,-0.8636864588776316,0.14165487172068142,-0.6566454581467311,-0.8132644075520288,-1.3348374901123,0.04444900248725973,-0.04764949253229624,-1.5673005939836924,-0.4846237089171882,-0.9372144612399159,-0.3282232720705331,-1.0745423112758372,-1.5687294340809674,0.8401159358104279,0.8986955503100138,-1.4104971262332722,-0.6926373220274746,0.4275877563966659,0.8627441676909999,0.35244048415429274,-0.008482709938082702,0.4428340591057229,1.6038232358961542,1.739456744852101,0.22417816752487937,1
-0.5605016778429365,1.5986349029779314,-0.4445202009343899,-0.8681093238500562,1,0,0,1,0,0,0.48873534367349464,-0.5489799583163374,1.1094895147261072,-0.6472726673932004,0.24081507477323594,0.07802202979314772,0.3714644320193059,-0.5178118052685553,-0.6353547830250039,0.73350741709765,1.2234354147429307,0.17514171567499076,-1.452710722818137,-0.6062567116284548,-1.0494667588328987,-0.16171470338793406,-0.8283275993099448,-0.029225617054846845,-0.16027754582615011,0.3978337296906128,-1.1222948981239391,-0.3406198074652047,0.7060435917080742,-1.8122766667940666,-1.6190590848449684,-0.3978337296906128,0.16027754582614942,-0.5367575899491508,-0.9349191994684248,0.21818193222838655,0.09815324425328795,-0.23819657973844427,0.8886600828192224,0.18764225758709038,0.2896456887631914,0.5738579727592754,-0.9146852597229018,0.04820472807728505,1.2915353389738984,1.519404907138216,0.5330569536548284,-0.033013633646279864,1.933084078385452,2.4631561903340238,0.7190446135538346,1
-0.3034990542705592,-0.05050211919562982,0.27967722576327125,-0.8681093238500562,1,0,0,1,0,0,-0.05387894750420167,-0.4326855426448305,-0.6559695208720935,-0.0061288513359326405,-0.9029664449188455,-0.3280289373601535,-0.09159326291682496,2.137023730641479,-1.68396962361691,-0.047714917091785006,-0.8889732580519814,-0.6727326113139851,0.8336747657257025,-1.267099091328893,1.7468286100319739,-0.5957566466649945,-0.9104976089471158,-1.014042411030421,-0.9462874490712617,0.020989325180847843,-1.138707820569566,-1.183197582030361,1.7033649134543063,-0.8383740685446428,0.16569372675991162,-0.020989325180847843,0.9462874490712609,-1.2052179168904753,1.5417059985633763,-0.13662483426975403,-0.4186667755331612,-0.7331767065666972,0.1010352376589052,-0.05703537174666111,0.4557501964577793,-0.35630847989348147,-0.9701972441467586,-0.9381911455531051,0.9357298989731951,1.7787303344679768,1.243827762120523,-0.09645999267988113,-0.04248097655033679,-0.04195727479570725,0.904619530814692,0
-1.4343105979890196,-1.4419614816545723,1.7280720791585935,-1.6014324776621007,1,0,0,0,1,0,-0.34411449859924853,-0.31639112697332367,0.35469181110078946,-0.5303854373899801,0.5747742126568172,0.16656618342349314,1.5240101315662304,-0.9605379934660255,0.2833757510555475,1.499860154206132,1.37852711807776,-0.41964262982772,-1.445896229865359,1.5057469247440134,-0.11054812308325648,0.2500507804724282,1.1741316721195985,0.5997317158870835,-0.1984048918790851,-0.3755669404878874,-0.6146486009334537,1.207623857657959,-0.1361072252673365,-0.8619654380177678,-1.2066314759399681,0.3755669404878874,0.1984048918790844,1.6078859589875987,0.04072103005925432,0.47291499535525605,0.5374502610717695,1.0248561576853752,-0.24551969421163483,-0.22015379130249568,-0.1532996650890431,0.7598912632898273,-0.7759052986632599,0.5793409677244183,-1.1352402261590995,-1.0219842806934394,-1.2438700675094103,-1.175048096251087,0.4514102871836102,0.29205785388825667,-1.6934293108373202,1
0.544609603518286,-0.9266061622253344,-0.4445202009343899,-0.4281154315628296,1,0,0,1,0,0,-0.23054406556205628,-0.3663977257120716,2.017805395359964,-0.708609530662217,1.0056720034842046,0.2658429617363047,0.2203435547540336,-0.38430231318509617,1.687019106440912,-0.54781168310418,-0.5515814385554562,1.4667911157172613,1.2275496990951118,-0.24870044827762236,-1.099800109654708,0.5175598459815788,-0.4437555151362105,-0.13523559358627754,0.271474372857786,1.7312831610328523,-0.5548916342133307,-0.5742886211883331,-1.786113902049118,0.3000378693640576,0.5850516486907605,-1.7312831610328516,-0.2714743728577867,-0.3974950218363748,-1.1600669447440433,-0.7188718357025985,-0.3669847735545164,-0.5112890635057554,-0.7495995951142377,0.18764225758709038,0.06817301183707392,-0.6663639641110671,-0.5399793648618685,-0.5588081172337243,-0.07694712256726609,-0.976602330910731,-0.8123306480838095,1.917961906636931,-1.6476275836856655,-1.2388448192465789,-0.1469716669968365,1
-1.0488066626304537,-0.12780541711001567,0.27967722576327125,-0.4281154315628296,1,0,0,1,0,0,1.5234881780123575,-0.6873703129654305,0.4570372624398156,-0.5431157297665685,-0.4038830630617779,-0.10890451675980371,0.05653071354568258,1.3250989920370286,-0.20687495591027608,-0.5894568323558523,-1.5507255654056835,0.4514827863821652,2.369568652085676,-0.2949639007955497,0.45796534387634424,0.1352582254657698,-1.2617781161641999,-2.2542755088901094,-0.10086982058088013,0.7158101325491454,-0.3733317875167026,-1.3599603240595692,0.41872646742095754,-0.4548394290690466,-0.18484209199706864,-0.7158101325491454,0.10086982058088013,-0.4114212786476524,0.19081952690966666,-0.600602913536552,-0.44450777652248397,-0.8867912286858101,-1.6632444155002057,1.8188264531454346,2.0891111887878946,-0.9454138999068937,-0.4150773999081907,-1.317574173872486,-0.2867811000035777,-0.03654765684034838,-0.21156008378542468,-0.4136917878478824,-0.5363722402842841,-0.26463402725168356,-0.08511336124321738,1
-0.7918040390580765,-0.02473435322416849,-1.6032360836506476,-1.6014324776621007,1,0,0,1,0,0,0.3246891626197725,-0.5181619381633881,-0.7966945164632545,0.6303857674934848,-1.928433893374935,-0.8856782281532886,-0.3578207877649961,0.5872268651932387,0.1827811262210871,-0.07573791076442078,-0.8179531861988639,0.30637457435892673,0.7236782872128964,-1.573590010903091,-0.1400713027114539,0.5346326109712142,-1.3821793774123454,-1.3050968996412864,0.19997699316119485,0.21952363131345246,-1.0747540821378543,-0.9463076575517824,0.28738629150542305,-1.2682283793949753,-0.2107939038946261,-0.21952363131345246,-0.19997699316119558,-1.5394480803611372,-0.4846237089171882,-1.1373618679824566,-0.7287587874050313,-1.176951992688579,-1.3796994712424915,0.5138790966987595,0.4557501964577793,-1.4104971262332722,-0.9146852597229018,-0.7105613285614767,0.8353745184601769,0.8710913388138142,0.24536400737109418,1.1407440084753266,0.6983559190505837,0.9044189231421907,0.8427612250610729,1
-0.04649643069818187,-0.5658574386248675,-0.8790386569529866,-0.4281154315628296,1,0,0,1,0,0,-0.6343500496942954,-0.008792397522188045,0.48262362527457214,-0.5436943794200497,1.2271639909688046,0.4134165511202137,-0.31074318945771,0.3130688749621322,1.0456202591779937,-0.05326178253198998,-0.14692412696925874,0.4408385617550733,0.163260857123116,-1.0137716834092394,-0.9457742232069929,1.322496822173126,-0.636980176777097,0.1548924391217558,0.1359000988749071,0.4664671563038157,-0.5808527518862354,-1.3771527106945378,-0.1004161576056806,-0.5596654074928195,0.3422308802462607,-0.4664671563038157,-0.1359000988749078,-0.8988402670423681,-0.7848207026180125,0.46381738595786837,1.1188727833315248,0.76883195415352,-0.24551969421163483,0.02452383803125581,-0.04256332662598434,0.5118468759157585,-0.49834537654397587,-1.2416975682086098,0.29710475025398503,0.19684522775643593,-0.0423289389126401,1.0772976494417266,-0.28942660841731066,-0.09762646290970158,0.904619530814692,1
0.930113538876852,1.5213316050635446,0.27967722576327125,-0.8681093238500562,1,0,0,1,0,0,13.309575339872087,-0.814131226047373,-0.4128990739419065,-0.2670998450559938,-2.2933022401740666,-0.41970343985621816,4.034522707366837,0.7688626014949107,-0.20452842536091603,3.2807578745679677,2.4539783375646484,1.5525775488911935,-2.6084206860848154,4.242158978284031,1.445705035440435,-0.08644168166505473,3.3354632058652958,2.473086707628341,1.7556215933338128,0.3763264807979944,-1.3713867684988599,0.3929875180433094,0.1927316555418018,-1.1247040128790833,-0.7758042020618843,-0.3763264807979944,-1.7556215933338135,5.0894501618069965,2.067050737539819,1.4463592008757944,1.1705547853101694,2.697547620760161,1.0146800580448727,-1.0357458890816678,-1.648240234340335,2.00011320016017,-1.3032691506898992,0.27583454506891375,-0.23204180154193166,-0.10137901367278856,-0.5330992590437151,-0.2550758902638815,0.9453015509175579,1.2941032399401495,-0.08511336124321738,0
-1.4343105979890196,0.6194597960623787,1.7280720791585935,-1.6014324776621007,1,0,0,1,0,0,-0.34411449859924853,-0.31639112697332367,0.8920054306306766,-0.6171828854121734,0.8157721356399418,0.23364508768890632,1.2564362594793943,-0.8168367745059015,1.5705048774487178,1.1470213207210702,1.270423870933882,-0.32537602354834105,-1.0436766180704606,1.129659993556946,-0.23852603178546058,0.21426677841201558,0.9902883227926795,0.4951737486131618,-0.5796783524084306,0.13114384342216265,-0.6183622486714412,0.8821839653510954,-1.931615331202491,-0.5675988554234893,-1.1681724646780358,-0.13114384342216265,0.5796783524084299,1.3015083091394917,-0.03432821836595151,0.6457695739056325,0.6666552660183818,1.0760609983917457,-0.05648973137315825,-0.38327221085833024,-0.1532996650890431,0.8219023601333442,-0.44283339212011924,1.1863538130354276,0.8353745184601769,-0.39960325510201306,-0.5838686025055501,1.648314880744129,0.9453015509175579,1.127095675598167,0.40975308478573785,0
0.4161082917320974,-0.6431607365392533,-0.4445202009343899,-1.161438585374874,1,0,0,1,0,0,-0.6974447347149578,0.1394829824589832,0.8024531607090287,-0.600402045461216,1.614407081432684,0.5712755724914861,0.9249479386525453,0.16801766714030802,0.9071939431906707,1.6853121498921395,2.1425536419059523,0.884504473027237,-1.9427543695488287,-0.09609842892844005,-0.0418326836379485,0.5189013050505307,0.5240993378975916,1.0261641569824378,0.5581846313588362,0.6527578856825103,-1.3821830423177288,-0.2725165851829701,-0.7187187425939486,-1.7570600552512166,-1.783575095463188,-0.6527578856825103,-0.5581846313588369,0.1317027369921738,0.26586877533487285,0.9641859028142197,1.1188727833315248,1.3150169216881435,0.7941451013999841,-0.05703537174666111,-0.319404172783631,1.3800022317249987,-1.3726591312197203,-0.5588081172337243,-1.0234808251332381,-1.1873042406161616,-1.6796402655568305,-0.6198924547070837,0.41025268187244807,0.848749735028197,-1.2294920176851751,1
-0.7918040390580765,-0.05050211919562982,-1.6032360836506476,-0.8681093238500562,1,0,0,1,0,0,0.3246891626197725,-0.5181619381633881,-0.6559695208720935,-0.0061288513359326405,-1.1627582846078073,-0.3937662635402584,-0.5033936333863569,0.6599526555189684,-0.5905554138802559,-0.6948414138327151,-1.2458047469789741,0.034890085534091876,1.5945523479393715,-1.4997719961981986,-0.025963430151372282,0.5675890863323216,-1.3187944886499468,-1.268943498495315,0.1590389773671773,-0.11014700605881247,-0.7985734061433877,-0.9318153253378127,1.3776813281789548,-0.3690081172964207,0.3807308390930094,0.11014700605881318,-0.15903897736717798,-1.4837430531160272,-0.40957446049198204,-1.1828499149693978,-0.7545997883943533,-1.176951992688579,-1.442709458855317,0.5954383064766764,0.5664865349208381,-1.4104971262332722,-0.6926373220274746,-0.7864379342253526,0.40658334717727845,1.0915179520441112,0.854596128913119,-0.3185222492974822,-0.28942660841731066,-0.3759724034796717,0.47161139053935697,1
0.6217103905899984,0.4133176682906843,-1.6032360836506476,-0.4281154315628296,1,0,0,1,0,0,0.8925413278057338,-0.6228269122677442,-0.7199354279589849,0.14142681030179596,-1.6715313508955794,-0.5882950859099567,-0.46940010776936336,0.8905474947840262,-1.715097410603215,-0.7751003070998659,-1.6238423852778383,-0.23293663375896265,1.5736127313429553,-0.6382774811101681,1.0650505403968715,-1.8914142498350117,-0.506813257644087,-1.111004729538112,-0.04921092906325296,-0.26889098598050765,0.014952937787737859,-0.15536013367751023,0.44390670260866255,0.5445631588882235,1.0263947512392937,0.26889098598050765,0.049210929063252244,-0.45320004908148526,1.391607501712964,0.8914050276351143,-0.3411437725651945,-0.5112890635057554,1.7077899217859516,1.0847935651441794,1.2309045656991897,0.5118468759157585,0.22331042096616224,0.12408133374116129,0.8809906005115491,1.0007540524786946,1.1930584186586881,0.8235122133073248,-0.5363722402842841,-0.7099875321636356,1.275769365336409,1
-0.12359721776989524,0.5421564981479937,0.27967722576327125,-0.4281154315628296,1,0,0,1,0,0,-0.7353015457273552,0.25577739813049005,-0.24658771551598904,-0.36199838822692515,1.168174353873405,0.47647072112970207,1.8175457702924893,1.4793774173915593,0.4397580950428063,1.0861988511017087,1.1104548902238305,-0.047047285200454536,-0.892908023208037,2.3031120312597815,0.34026017391462426,1.07351482606453,1.2180524982216423,1.9314197045463466,-0.3471945350124867,0.28017642692511974,-0.22609923266794624,-1.6896267599280996,0.4776148229127935,-0.2595845653950427,0.4420096782563507,-0.28017642692511974,0.347194535012486,1.9699686360808162,0.19081952690966666,-0.32767463161490584,0.2531992501892221,0.7517636739180628,-0.34003467563087314,-1.5251011477491712,-1.592872065108806,0.3258135853852078,-0.5816133531797613,-1.772833807855743,-1.6461403451344683,-1.2035120798242718,-1.2100238385348534,-1.016432198667086,-1.0302635040182315,-1.0440026608476,-1.2604211705619852,1
-0.7918040390580765,1.5213316050635446,-1.6032360836506476,-0.8681093238500562,1,0,0,1,0,0,0.3246891626197725,-0.5181619381633881,-0.4128990739419065,-0.2670998450559938,-0.6474856917973828,-0.19208235804891607,-0.1612911281378471,-0.26304834202627664,0.14803454811579211,-0.7013563835565031,-0.5428944797609033,0.23941944977663737,0.44264183689502623,-1.41038680550562,0.15871739682618194,0.16063027201241067,-1.2293750157927423,-1.151952807914235,0.2600885100232926,0.06858695651968806,-1.184962638043325,0.5200417085785309,-0.04095025421291022,-0.2715399948986779,-0.418868295036896,-0.06858695651968806,-0.2600885100232933,-1.4280380258709164,-0.3345252120667762,-1.3829973217119373,-1.1034533017502068,-1.4500444764558913,-1.2536794960168407,0.5954383064766764,0.5111183656893089,-1.534519319920306,-1.1644891896302574,0.27583454506891375,-0.5239847266707137,-0.46443461193445323,-0.5330992590437151,-0.5405845059150832,0.5337254978059351,0.6260729825722207,-0.5799798072721716,1
-0.12359721776989524,-0.7977673323680251,0.27967722576327125,-1.6014324776621007,1,0,0,1,0,0,-0.7353015457273552,0.25577739813049005,0.31631226684865466,-0.5130259477855414,1.5964412875865512,0.593188014551521,2.8051837600593976,0.40852812416360257,0.7909455947883016,1.5525653754523603,2.008853366790308,-0.6891105505793466,-2.081708365613992,2.472917404988309,0.66623620615965,0.9968774711360121,1.1677785078193648,1.7559480512785046,-0.6949470730335814,-0.2506245554141756,-1.4297663705393404,0.10670313459666936,-0.07948340491500874,-0.9394664806313767,-0.8972662578422737,0.2506245554141756,0.6949470730335807,2.137083717816147,0.491016520610491,-0.30038180342274146,0.24027874969456073,0.7176271134471482,-0.37153966943728567,-1.5251011477491712,-1.482135726645747,0.2638024885416898,-1.4420491117495413,-0.4070549059059717,-1.4727992333392537,-1.2813097080232,-1.4977167848185873,-1.1433249167342867,0.28677986593896093,0.18071947766026855,-1.569712699330082,1
-1.4343105979890196,0.15564000857606544,-1.6032360836506476,-1.8947617391869185,0,1,0,1,0,0,0.43825959565696476,-0.5454911258461922,1.1734554218129984,-0.6559524121954198,0.2874154581413249,0.08741307639030557,0.3406886565521173,0.26475486347161137,-0.2093633914139831,0.45139920193757155,0.455061991771185,1.3077115582358254,-0.10783464322512619,-0.6104827153785072,1.2395924933801439,0.27651344572822467,-0.9894380704050422,-1.2398413232141137,0.25295560183580257,1.5326843095563485,-1.0837230063249417,0.8784121889092324,0.5640761158798647,-1.5909210534822993,-1.8020666129885625,-1.5326843095563485,-0.2529556018358033,-0.8152827261747027,0.491016520610491,-1.364802102917162,-1.0388507992769007,-1.3134982345722352,-1.537224440274555,0.02452383803125581,-0.09793149585751397,-1.9065859009814097,-0.9424412519348303,1.1104772073715516,0.6711566230752374,0.8840576101803024,0.10997909147286698,-0.667477223982284,0.28677986593896093,1.3497724280541432,0.16231986177126023,1
0.6217103905899984,-0.7977673323680251,-1.6032360836506476,-1.6014324776621007,1,0,0,1,0,0,0.6401625877230843,-0.5879385875662921,-0.016310450003180245,-0.44821718659563714,-0.388176283172486,-0.10577416789408443,0.6203345279345331,0.6789532435623855,-1.533853624921634,0.10258121318243589,-0.47158877335616417,-0.31525402567520394,-0.09901803271028924,-0.6194956356559141,0.763438284967474,-1.9912722213190301,-0.3675541457787819,-0.8415919679480318,-0.01835909107355938,-0.41176056791003435,-1.4815830015626663,-0.1670889197916327,0.09579274480379825,-0.5030410002209706,-0.2085622522377863,0.41176056791003435,0.01835909107355796,-0.3974950218363748,1.1664597564373458,1.1006500437750428,-0.25070026910256554,-0.3747428216220998,2.180364828882142,1.0032343553662626,1.1201682272361313,0.8839134569768611,-1.46980510396147,-0.5588081172337243,-1.2994581215440402,-1.060883094792903,-1.159254495073018,-0.857816301083085,0.2044646553166367,0.013711913318286572,-1.2604211705619852,0
0.5960101282327613,-2.0088523330267334,0.5693561964423357,-1.161438585374874,1,0,0,1,0,0,0.4256406586528323,-0.5414208212976894,0.21396681550962854,-0.5055035022902847,-0.12607282844996656,-0.025726675470691355,2.054271545508844,0.03623768209915686,-0.044875292476750234,2.026020386711431,1.5438189984655148,0.16727446609448313,-1.267433287973715,1.6122658896873607,0.48990863941574897,-0.2407911559431241,1.669545580048795,0.9305910775818171,-0.40749033797582196,0.6322863769595761,-1.2455575103179666,0.44104236436098326,-0.18062586176537082,-1.081530016447473,-1.0984992456279445,-0.6322863769595768,0.40749033797582124,1.6357384726101538,0.5660657690356972,0.30006041680488094,0.12399424524260985,0.8029685146244333,0.1010352376589052,-0.5463906304141645,-0.4301405112466897,0.6978801664463103,-1.1089772052064004,0.6552175733882943,0.6437869738444144,0.4432043837197094,-0.0423289389126401,0.31594134103852145,0.6983559190505837,1.1827648637121608,0.34789477903211874,0
1.5983203601650333,1.6501704349208541,-0.8790386569529866,-1.6014324776621007,1,0,0,0,1,0,1.1196821938801182,-0.653063460342336,3.476228076941086,-0.750850955366351,0.5038512638458608,0.07802202979314772,-0.016064501893289052,0.26131364967703274,-0.4902857350810867,-0.09348330297594083,-0.48847272130751196,0.2047686160442475,0.673928585020455,-1.1528884573292397,-0.2659949922745643,0.5546012412940745,-1.8223078459503312,-1.5562785018767271,-0.16027754582615011,0.43824128821613356,-1.1296144815570908,-0.6251291290071033,1.2275577864859288,-1.680679354682065,-0.8843645909280152,-0.43824128821613356,0.16027754582614942,-0.9266927806649233,0.19081952690966666,1.510042466657512,1.6227723026233125,0.6322857122698633,0.3530751881102058,2.3897409215908554,2.7812133041820113,1.0079356506638961,-1.2755131584779709,-1.0899443568808573,-2.0110690015454455,-1.2424108939237355,-1.7007941586659285,-1.8729580456206907,-0.37174181903963527,-0.2089648391376897,-2.1264374511126554,1
0.10770514344524394,-0.41125084279609675,-0.4445202009343899,-1.8947617391869185,1,0,0,1,0,0,0.04707254852885811,-0.4803662530701483,0.7896599792916505,-0.5975087971938096,0.39111614754056917,0.09233219603643587,2.083507537067028,-0.11761367548898152,-1.6488603585678925,2.2354091987372975,1.5900873603451997,1.754860531446831,-0.7325637836415555,1.1202424801958228,0.7793255178056353,-0.5582192101486125,1.0509391676812334,0.6326096104980766,0.5581846313588362,1.839819742653732,-1.777834861691516,0.9421396563338337,1.6930908755673442,-1.9778003221163432,-1.4495712873299424,-1.8398197426537313,-0.5581846313588369,1.245803281894381,0.9413120111617277,0.527500651739586,0.13691474573727128,0.5640125913280355,0.7626401075935709,-0.05703537174666111,-0.319404172783631,0.5738579727592754,-1.488309098769422,3.8673272131590535,6.704643742403395,7.33261656978035,5.181272399493979,2.314501650596933,1.9879608854670021,4.096119041677849,6.760539142157325,0
-0.07219669305541997,-0.6431607365392533,1.4383931084795292,-1.161438585374874,1,0,0,1,0,0,0.8673034537974689,-0.6199195518759565,0.7384872536221374,-0.5917223006589967,-0.06196167176178969,-0.01946597773925279,1.2260143635208869,0.42354069865069044,0.37672990541469853,1.476860256828777,1.6295362061793497,1.275217509222858,-1.2292142144318632,0.3624608111093947,0.32925662606492956,-0.18119557344649545,0.49799111541586044,0.40166626156239665,0.8763442106275502,0.8700970699576553,-1.342636245259445,-0.2514808408486888,-0.6970864781076715,-1.5013434624123019,-1.7263279497197466,-0.8700970699576553,-0.8763442106275509,0.605195468575612,0.641115017460903,0.9277954652246664,0.6795757665130432,0.8712416355662611,0.8571550890128092,0.35076067714292497,-0.04256332662598434,0.5738579727592754,-1.3341091420364866,-0.5166544474204599,-0.9385842279820732,-1.1098667866218581,-1.531563013793144,-0.6815764148786396,0.06727263761276221,0.5704037944582268,-1.1435777041384814,1
-0.35489957898503444,-0.514321906681944,-0.4445202009343899,-0.13478617003801185,0,1,0,1,0,0,0.9556360128263961,-0.6298045772080346,0.6233486208657331,-0.5818852565498148,-0.14442788597643982,-0.03467052937274644,-1.55521004724614,-1.2267370419403352,2.869038749272455,-1.6706594289759709,-0.8382265618658975,-0.04496734333820375,0.8164884952508218,-0.9249334895013653,-1.9508859626947415,3.1738719273505214,-1.2648677674623037,-0.18309085869454975,-0.2548898489945435,0.1914665557924087,1.2383747841550232,-0.27061964205459615,-0.7326368836770324,1.0027318802509588,0.9109829956091695,-0.191466555792408,0.25488984899454276,-0.968471551098756,-1.8730348047835013,-0.7143230310039046,0.8798435241802919,0.26531768720753784,-2.214581807112428,-0.22015379130249568,-0.12561558047327853,-0.6353584156893081,1.3930272356117157,-0.07102993796594885,0.6268438576539037,0.12089992403843505,0.5233866025192409,1.3628062650929278,-0.5598908718906624,-0.5429799678216537,0.8692719275269096,1
-1.3829100732745436,-0.5658574386248675,0.5693561964423357,-0.4281154315628296,0,1,0,1,0,0,0.3751649106363024,-0.5367690446708291,0.44424408102243734,-0.5425370801130872,0.02860782735280214,0.006471198576706979,0.11428157122535036,0.2117193026911656,1.0496726478054612,-0.40376987257937813,-0.7091492991571116,0.09575142262821991,0.8612651786495307,-0.42869620678574166,-0.956385848809983,1.2860791309264659,-1.035027322763287,-0.6597598559953376,-0.22931895624632825,0.3580292690535297,-0.5872595053577327,-1.2486777356805996,-0.14255217620938962,-0.4808483269641961,0.27780173263231045,-0.3580292690535297,0.22931895624632756,-0.5924626171942612,-1.0850176963188372,-0.9372144612399159,-0.21193876761858224,-0.596630464683041,-1.5057194464681423,0.10608304780917345,0.2342775195316623,-0.9144083514851348,-0.5538573609678327,-1.1658209625447336,0.014285041535478216,-0.06248019957332482,-0.24540631275998087,0.7600658542737248,-0.28942660841731066,-0.15329565102369538,0.47161139053935697,0
1.4184185236643685,-0.9266061622253344,-1.6032360836506476,-0.4281154315628296,1,0,0,1,0,0,6.64677660169014,-0.7949426474615743,-0.2721740783507456,-0.34174565035508003,-1.6942204197354485,-0.34725822324957195,1.2666024758302465,0.37474099270903005,-0.4439686613707789,0.9800042969209554,0.972599997201488,0.8869279970464137,-0.8050226462646515,0.9143253736181968,-0.5185696388007104,0.49282193485411574,0.5961557690459788,1.4211777347017136,0.594470599903532,0.6200753015809853,-0.8476584350128117,-1.0338354532710676,1.1021585500942257,-0.7327847248833945,0.12307581774966218,-0.6200753015809853,-0.5944705999035328,1.1622457410267157,-0.25947596364157,0.8641121994429487,1.0155087793742343,1.2467438007463156,1.109195039464111,-1.1173050988595852,-1.4267675574142176,0.9459245538203791,-0.8314172830871166,-1.0140677512169813,-0.23204180154193166,0.35244048415429274,0.025363519036474696,-0.44541496736468245,-0.8656330827735822,-0.7099875321636356,-0.20882997275045564,1
-1.6656129592041589,-0.7977673323680251,1.7280720791585935,-1.6014324776621007,1,0,0,1,0,0,-0.6848257977108253,0.06563602850757634,-0.016310450003180245,-0.44821718659563714,1.1108967519626614,0.39687042140141177,0.30599468415501657,0.2978529296923627,-0.04690733865189333,0.2984409189496956,0.116210185582536,-0.5665064346081908,-1.2024251404799706,-0.74333638124435,-0.08891065548646751,0.219425097888356,0.11703100939657327,0.2908928055384873,-0.11972941589683889,-0.653901033058197,-1.1682260107279983,-0.4978812363740155,0.28462496544431404,-0.28712848210584285,0.13292127415455482,0.653901033058197,0.11972941589683818,-0.5646101035717058,0.19081952690966666,0.8823074182377254,0.8733832739329616,0.8883099158017184,0.6051151385615076,-0.38327221085833024,-0.3747723420151606,1.0079356506638961,-1.2477571662660425,-0.8623145398892288,-1.481922449749529,-1.1386807229918314,-1.159254495073018,-0.9847090191502859,0.36909507656128593,0.06938110143228039,-1.2604211705619852,1
-0.3034990542705592,-2.0088523330267334,0.27967722576327125,-1.161438585374874,1,0,0,1,0,0,-0.07911682151246661,-0.4239634614694675,0.21396681550962854,-0.5055035022902847,0.21019201111646588,0.06460624894006509,-0.2350993239772921,1.0198802449707127,-0.5709989912436287,-0.4394047278726422,-0.5856778932034938,-0.12594165932759405,0.6444325877622611,-1.3790258093986514,2.048126210962132,-0.9361234825670995,-1.4947626405175658,-1.7324717085223682,-0.8569681418843186,0.678161166961424,-1.0509950072431398,0.6519502337312546,-0.16013907096595728,-0.8885736078145791,-0.9300114798105779,-0.678161166961424,0.8569681418843179,-1.3444804850032512,1.5417059985633763,-0.6097005229339397,-0.9613277963089331,-1.4159079159849774,-0.24551969421163483,0.4323198869208419,1.009431888773073,-0.790386157798101,-0.8869292675109735,0.9587239960437993,0.8627441676909999,0.6376984542170299,0.2115177783965368,0.47455723862252236,0.5337254978059351,1.0157572993701793,0.5334696962929761,0
1.5983203601650333,1.5213316050635446,-0.8790386569529866,-0.8681093238500562,1,0,0,1,0,0,1.1196821938801182,-0.653063460342336,-0.4128990739419065,-0.2670998450559938,-0.9908671104863503,-0.29583106331275516,0.12865993712689802,-0.6798397734191716,0.5312214129337014,-0.8390232282086961,-0.5738967364558535,-0.18224057956174622,0.42230364253717134,-1.113334039147507,-0.3710490444452462,0.641173173376155,-1.715504712893144,-1.3956672391686942,-0.23257562654916758,-0.01788874008079301,-1.2913350284064324,0.5613926371050261,-0.08188026276512678,-0.5675988554234893,-0.6165035499229562,0.01788874008079301,0.23257562654916686,-0.9545452942874786,-0.10937746679115769,0.855014590045561,1.093031782342202,0.2397152668543526,-0.05648973137315825,1.6557080335896,2.0060589349406004,0.38782468222872474,-1.2477571662660425,0.35171115073279,-0.42362934615769415,-0.39960325510201306,-0.5838686025055501,-0.4136917878478824,0.7806711296729086,0.848749735028197,-0.5181215015185524,0
-0.894605088487027,-0.12780541711001567,1.4383931084795292,-0.4281154315628296,1,0,0,1,0,0,-0.4955417426488382,-0.19777082298838666,0.48262362527457214,-0.5477449269944188,0.8827216902493273,0.2712092740775377,1.1498995669713645,0.7247230414736938,-0.9889763842336943,0.6862273039845739,0.28051739005967813,-0.6934417155854724,-0.6022360098640208,1.1940152612216532,-0.47879423457476106,-0.5747411685630172,0.5942478919091876,0.4417288364674275,-1.1598770966922176,0.2045801889163758,-0.40591735917279453,-1.4743506718883592,0.7744044015736153,-0.33780277864746927,0.06657588758124604,-0.2045801889163758,1.159877096692217,0.7166055230658329,-0.7097714541928067,-0.982702508226857,-1.0905328012555453,-0.8355863879794388,-0.24551969421163483,-1.5251011477491712,-1.3160312189511594,-0.6663639641110671,-0.3040534310604773,-1.317574173872486,0.42482977999782756,0.7803274392483975,0.5838262971166633,-0.09645999267988113,-0.12479618717266176,-0.04195727479570725,0.5334696962929761,1
-0.07219669305541997,-1.4419614816545723,1.4383931084795292,1.7718540298733036,1,0,0,1,0,0,0.8673034537974689,-0.6199195518759565,-0.3617263482723934,-0.3070266711462027,-0.828691367475449,-0.23948478372980805,-0.4078483747522331,0.4518936403215611,-0.40968452227183433,-0.17122826809482075,0.03380622051546555,0.6203438593977265,-0.01743320630790682,0.632424685566362,0.23398693788099034,-0.20667751647975732,0.4917381689919647,0.409852199756036,1.0614552385657101,-0.20666334585120408,1.1990343874083682,-0.38583522531416103,0.3523614942998864,0.718917494317556,0.35619115944152874,0.20666334585120408,-1.061455238565711,0.7723105503109431,0.41596727218528484,0.5729886987265271,0.369483754641173,0.5640125913280355,0.6366201323679207,0.4323198869208419,-0.04256332662598434,0.20179139169817292,1.4723300705029398,-0.1035484832504671,0.9266066825629212,0.9877877811122063,1.2607508766078017,0.062155904904119784,0.36909507656128593,0.29205785388825667,0.8427612250610729,1
0.4161082917320974,-0.35971531085317227,-0.4445202009343899,-0.8681093238500562,1,0,0,1,0,0,-0.6974447347149578,0.1394829824589832,0.022069094248954552,-0.46846992446748226,1.1974359337822718,0.469315638008058,0.6330420986762392,-0.8305277114566456,0.23534260471591506,0.813077679292064,1.3647851020846908,0.15067623719921497,-1.5171607623864822,-0.10222438812812024,-0.19303525205735295,0.5439459131391541,0.37125645489394604,0.7931755491232224,0.5641420291796073,-0.3540047794704373,-0.9824018523070037,0.9465468704772763,0.2248919600903831,-0.7302839437835255,-0.9999059297524667,0.3540047794704373,-0.564142029179608,0.1317027369921738,0.11577027848446049,0.9914787310063841,1.1576342848155081,1.2808803612172301,0.6681251261743327,0.10608304780917345,-0.1532996650890431,1.3179911348814817,-0.859173275299045,1.1104772073715516,0.5160619441005718,0.5599008260181015,0.2115177783965368,-0.3185222492974822,1.439192814651505,1.3497724280541432,0.038603250264021984,1
-0.07219669305541997,-0.7977673323680251,-0.4445202009343899,0.3052077222492148,1,0,0,1,0,0,0.2868323516073751,-0.5117657453014551,-0.6559695208720935,0.01412388653591246,-1.1409349438119718,-0.4044988882227245,-0.029411755717226908,0.4514255339540086,-0.651406207539502,-1.093310586929462,-1.2078663293595675,-0.18143906865824494,1.2070441958662197,0.9117154504623206,0.25703514540756417,-0.37471314424266444,-0.7335507325649446,-0.5627598073666433,0.39760879354609974,-0.6418048099999468,0.951873097972801,-0.362103546297864,0.5139435351776216,0.749615718860314,1.0208599650016374,0.6418048099999468,-0.39760879354610046,1.106540713781605,0.491016520610491,0.7185504490847379,0.3953247556304958,0.06903246449978255,0.8571550890128092,1.0847935651441794,0.954063719541543,0.44983577907224165,1.0837461795359422,-0.17942508891434333,0.5708012425622179,0.7673611678819103,1.0576735027604598,0.3476645205553221,-0.28942660841731066,-0.5986491559356475,0.7809029193074537,0
-0.9974061379159777,-0.9523739281967958,1.0038746524609323,-0.8681093238500562,1,0,0,0,1,0,-0.016022136491804253,-0.4530370653873442,0.5337963509440852,-0.554110073182713,0.3290033860335226,0.07981080057355874,0.972526446191359,-0.7697367419155076,-0.1738014273797209,1.3104561399277745,0.9677339828170674,-0.15481647626661063,-1.095182834116619,0.7675925983485397,-0.7451797267520057,0.37634513189071633,0.6209393750051585,0.22199428956552017,-0.11972941589683889,-0.09240503183227083,-0.5853522173455361,0.30998314313760356,0.6157829365743742,-1.154628846384591,-1.0413673572895044,0.09240503183227083,0.11972941589683818,0.35452284597261524,-0.9349191994684248,-1.028190555213798,-0.7029177864157086,-0.4430159425639276,-1.2536794960168407,-0.38327221085833024,-0.3747723420151606,-0.6663639641110671,-0.4150773999081907,0.5793409677244183,0.7988816528190786,1.026686595211671,0.43151826673115745,-0.1916295312302808,1.6861384465184783,1.795125932966095,0.5953280020465953,1
0.2105061928741954,-0.35971531085317227,-0.4445202009343899,-0.4281154315628296,0,1,0,0,1,0,-0.356733435603381,-0.3088319899546757,0.9559713377175679,-0.6241266812539489,0.8564678947221988,0.2448249050664752,0.7214419687970391,0.9369316611493792,-1.7047893457279106,0.8254244779496426,0.35283150153460685,-0.14939628878658961,-0.8569017685303429,-0.0524483620998426,-0.43500596824121995,0.6022812846558057,-0.24892201094350222,0.10121362356670342,0.1590389773671773,-0.36149164093482894,-1.0555884048869808,-1.7217475381746816,2.935738753684624,-1.3619220227929876,-0.3598828284786851,0.36149164093482966,-0.15903897736717798,0.0759977097470634,-0.25947596364157,0.5456958705343614,0.795860270964994,0.6493539925053206,0.1010352376589052,-0.22015379130249568,-0.319404172783631,0.3258135853852078,-1.0812212129944723,-1.6969572021918669,-0.7703115697481222,0.7025298110494701,0.05920974801103089,-2.1267434817550925,0.28677986593896093,0.1250502895462747,-0.9511296417938885,1
1.4184185236643685,-0.02473435322416849,-1.6032360836506476,-1.6014324776621007,1,0,0,1,0,0,6.64677660169014,-0.7949426474615743,-0.7966945164632545,0.6303857674934848,-3.1550713810272315,-1.0985419510221996,1.6582540472888696,-0.03911945312121756,0.24036219039259732,1.2888328261312492,1.4170598276346462,1.5469980532874383,-1.594269936686092,1.284763746158063,-0.8542093058420877,0.599236559377673,0.9664521051240557,2.008716197159434,1.4967163042581422,0.625495827724652,-1.0221218218827361,-0.8020354535405213,0.2735917855733582,-0.7828126357314672,0.11887322384478531,-0.625495827724652,-1.4967163042581428,1.4964759044973779,-0.6347222057676005,0.7367456678795146,0.9638267773955896,1.3662217623945152,1.2037100208833493,-1.2804235184154193,-1.814344742034923,0.9459245538203791,-0.859173275299045,-0.5588081172337243,0.8444977348704508,0.8710913388138142,0.46536449570571364,1.109020828958526,0.28677986593896093,0.6817421706862145,1.2139110595827887,0
0.15910566815972013,-1.6738713753977288,-0.15484123025532542,1.7718540298733036,0,1,0,1,0,0,-0.4198281206240434,-0.25010331004056474,-0.7071422465416066,0.0679383043096723,-0.6772137489839177,-0.2448510960710411,-0.3728466643510629,-0.589015065349235,0.8819340182866802,-1.2587315829725634,-1.1052518705316803,0.25836012211751436,1.4747587420020027,-1.1275568091746342,-1.0503121996095772,1.4699542429800265,-1.6134859099070353,-1.1258752055943853,0.1432312286942403,0.21031740340811067,-0.6081891152563692,-0.24373804244551725,0.2715289043857593,0.10056015323084383,0.3376835580328173,-0.21031740340811067,-0.143231228694241,-0.9545452942874786,-0.7848207026180125,0.9914787310063841,1.70029530559128,0.8029685146244333,-0.5290646384693491,1.6557080335896,1.7292180887829538,0.8839134569768611,-0.4150773999081907,0.04820472807728505,0.9357298989731951,0.9488889670127426,0.9392117013495113,0.664896315723324,-0.37174181903963527,-0.32030321536567735,1.1520527538291696,0
1.521219573093319,-0.07626988516709207,-0.8790386569529866,-0.4281154315628296,1,0,0,1,0,0,-0.3945902466157784,-0.271036304861436,-0.5920036137852022,-0.12185878203219036,-0.34756481593456784,-0.11427082910103677,-0.33092602028502405,0.26440157545727977,0.11264178436859076,-0.5480914488855743,-0.33322469021155315,-0.6278873642390855,0.3326262359559451,-1.1415216282604395,0.27746940681326665,-0.10313828314972144,-0.7118440853577828,-0.9000064267481171,0.328888191831712,-1.1825507815298206,-0.6804342739799116,-0.0849366993995732,-0.25762912070133803,0.034583777767083566,-0.4454726864066768,1.1825507815298206,-0.3288881918317127,-1.0938078624002545,0.19081952690966666,-0.17301527185930607,-0.19901826712392082,-0.4600842227993849,-0.37153966943728567,1.4110304042558486,1.3416409041622488,-0.4183195767369984,-0.6926373220274746,-0.17942508891434333,-0.3050275328241268,-0.38663698373552574,-0.3469449996836519,-0.44541496736468245,1.1922471827845313,0.6260729825722207,-0.8892713360402683,1
-0.894605088487027,-0.02473435322416849,1.4383931084795292,-0.8681093238500562,1,0,0,1,0,0,-0.4955417426488382,-0.19777082298838666,-0.6431763394547153,-0.0061288513359326405,-0.3158344733666735,-0.1473630885386406,1.2846582788578178,0.20876336775700036,-1.4888363295061195,0.7561314404674072,0.2325219328288886,-1.0955280356347736,-0.6234538041121707,1.0057198393990214,-0.583413108927369,-0.4967295171193526,0.6074634311006074,0.5700527467806272,-1.295625183846869,-0.20918429502488586,-0.7814451953095712,-0.8709847190560815,1.5361238784542108,-0.41913445475701194,0.2542556548034231,0.20918429502488586,1.295625183846869,0.577342954953057,-0.7848207026180125,-0.9463120706373036,-1.0259302987822392,-0.767313267037611,-0.18250970659880966,-1.6066603575270884,-1.3713993881826885,-0.5423417704240322,-0.6648813298155464,-0.7105613285614767,0.4795690784594736,1.2471132084419672,0.9730579303240674,-0.5088613263982832,-0.04248097655033679,-0.15329565102369538,0.47161139053935697,1
-0.9974061379159777,-0.7977673323680251,1.0038746524609323,0.3052077222492148,1,0,0,1,0,0,-0.016022136491804253,-0.4530370653873442,-0.6559695208720935,0.01412388653591246,-0.9340719396396825,-0.35933242601734633,-0.24142786538761732,-0.2445633237220031,-0.23180672383947531,-0.021933441724150366,-0.6013276403645592,-0.5205206949185488,0.6235139434550606,0.845396186526859,-0.8633081595798031,0.3523244415229244,0.7958357980541454,0.4587954933769733,-0.16027754582615011,-0.550966827225982,1.18042123240557,-0.5291723256353404,0.6709396427507099,0.818767819055377,1.2296798850609276,0.550966827225982,0.16027754582614942,0.32667033235006016,-1.0850176963188372,-1.2829236183406676,-0.9354867953196102,-0.6136987449184976,-1.3166894836296663,-0.7910682597479163,-0.8177176958673952,-0.9764194483286528,1.2225261405955843,-0.4070549059059717,0.34272083230535716,0.6506647255835172,0.9730579303240674,0.1890486229713212,-0.7010026615289333,-0.9883334727336057,0.6571863078002155,1
0.2105061928741954,-0.12780541711001567,-0.4445202009343899,0.3052077222492148,0,1,0,1,0,0,-0.356733435603381,-0.3088319899546757,-0.7583149722111197,0.3237014511484019,-1.03699098643529,-0.48767672951183694,-1.8514893106392856,-0.37950565953100296,-0.47788414435725907,-1.1070903583100786,-1.2838817344072715,0.36660555931131966,0.840347437567136,0.07975945371605633,-0.4124339204007073,0.6405821035239253,-0.17895606521238594,0.1548924391217558,0.1590389773671773,0.3422733367180179,2.654235663067134,0.10771618018378777,1.2970068710889648,1.3181578796501288,1.820331453511522,-0.3422733367180179,-0.15903897736717798,0.18740776423728422,-0.25947596364157,0.46381738595786837,0.7441782689863493,0.6322857122698633,0.006520256239666901,-0.22015379130249568,-0.319404172783631,0.3258135853852078,2.887885673311288,0.35171115073279,0.7441423543574326,1.3638096507403592,1.9207523416116614,-0.0012904541294803558,-1.1948939252628807,-1.211010225189582,1.2139110595827887,0
-0.020796168340944693,-1.6738713753977288,-1.6032360836506476,1.7718540298733036,1,0,0,1,0,0,-0.7731583567397526,0.6308268886710996,-0.7071422465416066,0.0679383043096723,0.5650010954954711,0.43264583700963216,-0.30575878237141113,-0.5676782029915651,-0.011898738406317548,-0.764656409387956,-0.007956846178358375,-0.9035882756939811,0.2687008099308841,-0.9919122369250863,-0.7526605513484783,0.1819016247429871,-0.7441437657041976,0.3494261668198757,-1.2550770539175564,0.012383503443245562,-0.5659419899086912,0.0251573314094624,0.19905956435242023,0.29512125767077857,0.3514909313408264,-0.012383503443245562,1.2550770539175558,-0.8988402670423681,-0.6347222057676005,0.2909628074074919,0.3436427536518511,0.017827623793410803,0.9516700704320475,-0.5463906304141645,0.012804842605544792,0.9459245538203791,-0.3595654154843339,0.35171115073279,0.9995924138451164,0.9618552383792308,1.0407503882731821,0.6331731362065233,-0.28942660841731066,-0.32030321536567735,1.0901944480755505,0
-0.12359721776989524,-1.0039094601397194,0.27967722576327125,1.0385308760612593,1,0,0,1,0,0,-0.7353015457273552,0.32264668714160644,-0.029103631420558513,-0.44821718659563714,1.3677549426184266,0.5945295926368293,1.7419644243276404,0.6524477803587826,0.8015251658499565,0.5780847525131328,1.274549496290065,-0.1837964119931175,-1.175241126798623,3.105777300026912,-0.29894592389946906,1.6151923126953278,1.4902242773265477,2.075592704241252,-0.47959406901947754,0.22497917377587734,0.6810121477858769,-1.194982518266574,0.5274007527370931,0.6967256781614289,0.3694355268831991,-0.22497917377587734,0.4795940690194761,3.111921694605578,-0.18442671521636386,0.33645085439443295,1.1576342848155081,1.8099970485163963,-0.5290646384693491,-1.6066603575270884,-1.648240234340335,0.8219023601333442,0.11228645211844858,-1.3934507795363622,-1.5366617482111748,-1.0868156375258795,-0.7869459763528921,-1.6191726094862895,-0.8656330827735822,-0.8769950965056176,-1.2604211705619852,1
-1.100207187344929,-1.6738713753977288,-0.15484123025532542,1.7718540298733036,1,0,0,1,0,0,-0.6722068607066928,0.043540089529990035,-0.7071422465416066,0.0679383043096723,-0.06399026245025044,-0.019018785044150034,0.9760811569147365,-0.4519848587206731,-0.498436199096658,0.02192130391063036,-0.18903804959841375,-1.0445673520493037,-0.011793381857364605,0.9190657395191999,-0.4839031555971221,-0.3931783007905621,0.2875053975364544,0.06075205343567948,-0.83882515761197,-0.5927287050207662,-0.43894495123350363,0.13559984478659773,0.28627270755290807,0.25547116337013864,0.30507127855101396,0.5927287050207662,0.8388251576119693,0.911573118423719,-0.40957446049198204,0.16359627584405784,-0.06981326217730856,0.0519641842643253,0.3215701943037938,-0.6279498401920818,-0.319404172783631,0.139780294854656,-0.24854144663662048,0.4275877563966659,0.8809906005115491,0.9099901529132779,0.9730579303240674,0.4428340591057229,0.28677986593896093,0.013711913318286572,0.8427612250610729,0
-1.6656129592041589,-0.9008383962538722,1.7280720791585935,1.478524768348486,1,0,0,1,0,0,-0.6848257977108253,0.06563602850757634,-0.5152445252809326,-0.19418998871735144,0.5225168612548611,0.2005528282513025,-0.9376768246799708,0.7669058299529166,0.5384013988696094,-0.07204459671287651,-0.4221819585514244,0.29552367207334396,0.3848909264457327,-0.24686401785432915,0.10263965729819859,0.4992243151154447,0.26101151142628276,0.3976614082981446,0.6912331826893902,-0.28249761283093816,1.0571988323722088,-0.9497801638979482,-0.23434045712677568,0.35614214899092256,0.9370961895759231,0.28249761283093816,-0.6912331826893908,0.02029268250195297,0.491016520610491,1.1825285283515359,1.2997597902567817,1.3662217623945152,0.5106001571422693,0.758556726032511,0.4557501964577793,1.3179911348814817,0.4731143508735179,-1.1658209625447336,-1.317704554364588,-1.21647835119076,-1.0238695791747903,-0.2233527107470814,-0.9479482933959068,-1.1553410370755877,-1.198562864808365,0
1.4184185236643685,0.33601437037629844,0.5693561964423357,-1.6014324776621007,1,0,0,1,0,0,-0.21792512855792381,-0.36930508610385926,-0.19541498984647596,-0.38109382679180764,0.027817103945470743,0.01049593283263177,0.42617133044716704,-0.9729316186283852,0.18650230165514167,0.18995935629369434,0.7069456807930343,1.3358325124490742,0.14459052617114923,-0.49998754648650784,-0.3914218838050509,-0.07640670385427717,-0.23433354852262808,0.16374196279824924,-0.35678002163742906,2.1757663048135973,-1.09218327442299,0.9432613295087933,-0.3317362629657871,-0.4889839706140824,-0.759201851492359,-2.1757663048135982,0.3567800216374284,-0.45320004908148526,-0.3345252120667762,0.11810822885711679,0.05939174276930372,-0.03337721691295973,0.4790951633358572,-0.38327221085833024,-0.26403600355210183,0.139780294854656,-1.0812212129944723,0.6552175733882943,-0.49661507743988936,-0.5811310542328463,-0.7192535184037778,-0.44541496736468245,-1.4418395571298541,-0.7099875321636356,-0.45626319576493324,1
-0.14929748012713334,1.109047349520155,0.5693561964423357,-0.13478617003801185,1,0,0,1,0,0,-0.24316300256618875,-0.3501165075180606,-0.15703544559434116,-0.4025038639706153,0.09217170274546603,0.0417994214898246,0.3692857223449724,0.03840045708645522,0.6830624276027008,0.9079352315469246,0.7805662861589117,-0.33162546278610094,-1.4538726338321195,0.0680352291624941,0.30668306938524265,-0.9365344789022254,0.4536075967678134,-0.19169108314483788,-0.030386078764458365,-0.4221610355600758,-0.44552078698737857,0.2545225340041376,-1.874896053515574,-0.7767723945772812,-1.201923434042586,0.4221610355600758,0.030386078764457654,-0.007559831120602114,0.19081952690966666,-0.24579614703841146,-0.6770767854263857,-0.47715250303484213,0.16404522527173035,-0.5463906304141645,-0.5962450189412776,-0.35630847989348147,-0.44283339212011924,0.19995793940503753,-0.0951935553878152,-1.0349505520599276,-1.2269469530221315,0.9186817518577256,1.1099319721622063,0.9600881112561845,-0.76555472453303,1
-0.2006980048416086,0.28447883843337485,-0.15484123025532542,0.3052077222492148,1,0,0,1,0,0,-0.43244705762817587,-0.23091473145476613,1.0199372448044592,-0.6339637253631308,0.9923730227383883,0.3123510020269912,0.847904335216118,0.4866705940885869,-1.107208337789489,2.176939416320119,1.998177433096117,1.699610333564253,-1.120069793644639,0.2961215851818029,1.2283602294164127,-0.6927164354055988,1.2745997478764626,1.0873109672696055,0.2181716668474219,2.1016857808501404,-0.8831504195786269,0.5625736487998525,0.8174776771928436,-1.6770334155041655,-1.536180994061779,-2.1016857808501395,-0.2181716668474226,0.24311279148239442,1.0914105080121401,-0.09113678728281299,-0.43158727602782254,0.06903246449978255,0.6996301199807459,-0.709509049969999,-0.8730858650989243,0.139780294854656,-0.9424412519348303,0.19995793940503753,-0.8068044353892204,-0.30883935553659736,-0.9223308922511192,-1.397110352868688,-0.8656330827735822,0.1250502895462747,-0.76555472453303,1
-0.8689048261297889,-1.0554449920826439,-0.4445202009343899,-0.4281154315628296,1,0,0,1,0,0,-0.596493238681898,-0.05821752418257845,-0.16982862701171944,-0.40192521431713407,0.6763001814292423,0.2658429617363047,0.8439610426797831,0.7066010352728638,-0.7756609648027677,0.991256352385735,0.8110042735914731,0.10409412959717303,-0.8505642448233643,1.087034223440986,0.2636039694760254,-0.47076751246280685,0.6812394316408242,0.8712879129195097,1.34624143539365,-1.1932138872518339,-0.08739658620724781,-0.7057594262721153,0.5872785743022289,-0.6636180225187173,-0.20370221085178544,1.1932138872518339,-1.3462414353936507,1.4407708772522676,0.641115017460903,1.1188452625698195,0.6666552660183818,0.9395147565080901,1.6762849279795395,1.0847935651441794,0.4557501964577793,1.2559800380379649,0.5702603236152671,0.010266425245347094,2.7968660466691793,2.7836163653707997,2.233829959626313,1.6800380602609295,2.879709000542184,2.2404794378780473,2.018069034379841,0
-1.6656129592041589,-0.514321906681944,0.5693561964423357,1.478524768348486,1,0,0,1,0,0,-0.20530619155379135,-0.3698865581822168,-0.4768649810287978,-0.21444272658919655,-0.34756481593456784,-0.11874275605206432,0.5417513788854404,1.4109913019128508,-0.5953549572734125,-0.07758264271940732,-0.37136781830141674,0.47303094048151373,0.535883531425764,1.0029802446083071,1.3109752912345858,-0.36556151321013863,0.24132500225669826,-0.16721044424448847,0.6380137621571677,0.012383503443245562,0.24884756262589416,-0.6233235752860644,0.4465161049436344,0.3441028863599255,0.3195478979565312,-0.012383503443245562,-0.6380137621571684,1.357213336384602,1.7668537438389946,1.137040481364595,0.7441782689863493,0.8200367948598906,0.7941451013999841,0.8401159358104279,0.5664865349208381,0.6978801664463103,0.3343343898138759,-0.482931511569848,0.40658334717727845,0.585833368751077,0.7022880985276131,-0.09645999267988113,-0.28942660841731066,-0.32030321536567735,0.40975308478573785,1
-0.5862019402001745,-1.2615871198543382,-0.8790386569529866,0.3052077222492148,1,0,0,1,0,0,-0.29363875058271866,-0.3373241217941949,0.20117363409225028,-0.5026102540228783,0.4216097373989279,0.12900199703486176,0.11385280364114311,1.2483999056023611,-2.134001620637083,0.14652636271398778,-0.6282130675635765,-0.6075703435631824,0.14109128867751222,1.0364197020906494,0.6014671481224484,-1.8313349837553292,1.2443700740621448,0.302087906018567,-0.11623388745465664,-0.7133741297612541,0.8772632596205818,-1.110931463600758,1.0769366594868146,1.0359484015048763,1.1116377987608927,0.7133741297612541,0.11623388745465593,0.6887530094432773,0.26586877533487285,-0.7188718357025985,-1.4652273156007207,-1.0062691903340089,0.5421051509486824,-0.6279498401920818,-0.6516131881728072,-0.790386157798101,1.4723300705029398,-0.6852691266735177,1.869339044957944,2.2757707368500175,2.6992156080264706,0.41111087958892223,0.8904247438360077,0.5704037944582268,2.4304577394039706,1
0.05630461873076867,0.5163887321765315,-0.15484123025532542,-1.8947617391869185,1,0,0,0,1,0,-0.5333985536612357,-0.16288249828693463,-0.06748317567269331,-0.4297003976842359,0.6134580733710749,0.20681352598274105,0.45543367626509595,0.5807501896746472,-0.671141392371887,0.822438507746379,1.5930722498483747,-0.11344847914637303,-1.9767682037677734,-0.28863120798698855,1.3755442891618483,-1.8091213255651348,0.2615151526327436,0.5189954500464068,-0.3925077445122049,0.23455420748543962,-0.9216885155143514,0.5808922113682934,-0.9005196944553318,-0.8517474158966972,-1.5643739043509515,-0.23455420748543962,0.39250774451220416,-0.2582324537235989,1.3165582532877582,0.09081540066495114,-0.8708842928463041,-0.7331767065666972,2.0543448536564917,-0.8726274695258333,-0.8177176958673952,0.44983577907224165,-0.8036612908751883,0.7310941790521709,0.4795690784594736,-0.08841274230630035,-0.4146374576327655,0.1890486229713212,1.2745623934068555,1.5724491805101195,-0.08511336124321738,1
1.0843151130202777,0.4648532002336079,-1.8929150543297122,-0.8681093238500562,1,0,0,1,0,0,0.2742134146032426,-0.5117657453014551,1.2630076917346462,-0.6594243101163075,0.4064762626907771,0.11603340887688186,0.9065109079267799,0.53061002854397,-0.803617661891934,0.5614771427451646,0.5640596707225537,0.13996094929375782,-0.6412489115857963,0.3398015942057112,-0.17471237050439478,-1.228211326165552,0.061273987463096646,-0.18495404511024538,-0.40749033797582196,0.595033997706013,-0.920999735224123,-0.9033019337061539,-0.13566166939032054,-0.697761159277604,-0.9138768239722038,-0.595033997706013,0.40749033797582124,0.0759977097470634,-0.40957446049198204,-0.8007503202790929,-1.2455788071914804,-1.1598837124531223,0.2270552128845555,-0.5463906304141645,-0.4301405112466897,-0.6663639641110671,-0.9701972441467586,-1.0140677512169813,-0.7794347861583975,-0.723760039264214,-0.9223308922511192,-0.794369942049485,-0.20711139779498602,0.06938110143228039,-1.136704559054746,0
-0.7147032519863632,0.026801178718756015,-0.4445202009343899,0.5985369837740325,1,0,0,1,0,0,-0.6091121756860305,-0.008792397522188045,0.09882818275322415,-0.4864080637254022,0.9281381215762295,0.369144474305041,-0.8654517261020019,-0.7979152204092492,-0.5517471988830802,-0.58757543271580015,0.10554817286116464,0.06842416348424858,0.12223428662846779,-0.7405394679461353,-1.0363311515389162,-0.4035314130976188,-0.5028881132616767,0.5330135009769774,-0.37315522795503414,0.4634132099205562,0.46349338171436677,0.05698988332042276,0.34874675077176454,0.29512125767077857,0.3831661470008413,-0.46341320992055685,0.3731552279550334,-0.6760201580619267,-0.9349191994684248,0.15449866644666885,-0.08273376267196997,-0.27233314020935756,1.3612349899154128,-0.6279498401920818,-0.5408768497097485,0.44983577907224165,0.6951622885689447,0.35171115073279,0.8992370333320981,0.9618552383792308,1.0407503882731821,0.4428340591057229,-0.6186874509066087,-0.48731077970765985,1.0283361423219313,0
-1.6656129592041589,-0.5916252045963298,0.5693561964423357,-0.8681093238500562,1,0,0,1,0,0,-0.20530619155379135,-0.3698865581822168,-0.31055362260288033,-0.3330659055528607,-0.11058323950134727,-0.02706825355599962,0.016154809484236917,1.0976936900101872,1.138383174974617,-0.822991659723591,-0.503123253702685,0.6344191344604663,0.6575447175799394,1.0808514823101636,1.4500788974177425,-0.18363206030724408,0.42242513589139363,-0.020967195302430883,0.6359402782403267,0.23455420748543962,1.0575104100002726,-0.05396183172708852,-1.7407404474528057,1.530678171011304,0.6336144854808958,-0.23455420748543962,-0.6359402782403275,1.3850658500071569,1.841902992264201,0.9914787310063841,0.7312577684916879,0.8883099158017184,0.5106001571422693,0.6769975162545934,0.40038202722625016,0.5738579727592754,0.5563823275093027,-0.4070549059059717,-1.0987473605180025,-1.6962303917508168,-1.1423313805857394,0.2524949820049213,-1.1125787146405561,-1.1553410370755877,-1.0129879475475077,0
-1.6142124344896835,0.4648532002336079,-0.4445202009343899,-0.8681093238500562,0,1,0,1,0,0,1.4477745559875626,-0.6786482317900675,1.2630076917346462,-0.6594243101163075,-0.06824703488380192,-0.012310894617608715,-0.030892040242137837,0.22499089330050256,-0.10700550704643658,0.753383216362592,1.193856791262085,2.651756600887779,0.8533090165012245,-0.636799411066901,-0.16128425399986382,-0.45065562631956035,0.4644067418810509,0.9094816554697435,3.1241209784480715,0.5182145811312309,-0.5933263344071279,-0.47037808701462314,-0.3065853305500516,-0.5572743454922019,-0.6641404786035268,-0.5182145811312309,-3.124120978448072,-1.038102835155144,-0.9349191994684248,-2.5565889339750165,-2.317980348248362,-2.0815708451678003,-1.1906695084040155,1.4110304042558486,0.012804842605544792,-2.340663578886029,-0.6371253376036178,-0.5588081172337243,-0.43275256256796935,-0.5162996974004062,-0.685407289429221,-0.28679906978068154,-0.12479618717266176,0.1250502895462747,-0.7036964187794109,1
-1.0488066626304537,0.8513696898055362,-0.4445202009343899,-0.13478617003801185,1,0,0,1,0,0,-0.15483044353726144,-0.40651929911874146,-0.4896581624461761,-0.20518433213349593,-0.4205431283985088,-0.15407097896518193,-0.1807828208215684,-0.3486176436336237,-0.5915570389788104,-0.5916744653357047,-0.4513757271883693,1.0673374119088233,1.3080463395898576,0.029639276597813447,-0.6495798764699307,0.40132409448062684,-0.13619096351560064,0.3320400102883824,1.865730739262546,-0.39468810214486993,0.28099812904178517,-0.1722462038562311,1.2119703009670524,0.6642694028961885,0.9109829956091665,0.39468810214486993,-1.865730739262547,0.5866271261605753,-0.05934463450768712,2.234818681982774,2.161126489900864,1.9863692776161197,1.6447799341731264,2.4984865346280776,1.4892893554463265,1.4833540597975268,0.3065783976019474,-0.1035484832504671,0.19674936974096682,0.806259981981374,1.0576735027604598,-0.635754044465484,-0.7010026615289333,-0.9326642846196119,0.40975308478573785,0
0.05630461873076867,-0.5916252045963298,-0.15484123025532542,-0.8681093238500562,1,0,0,1,0,0,-0.5333985536612357,-0.16288249828693463,-0.31055362260288033,-0.3330659055528607,0.37257190272799634,0.13213234590058104,-0.9698633209032694,0.6379776312828455,0.07772638326032677,-0.8773003787034527,0.22200659702726203,-0.02039582676211257,-0.40911815904426885,-0.19322251522324652,1.2613581462571035,-1.5917227807786556,0.2743818687488091,0.7147760708299183,-0.060099813059615065,0.031788787753525546,1.1555528962673285,0.3879565804939549,-1.7057824592888784,1.4572485771378183,0.40922026416898405,-0.031788787753525546,0.06009981305961435,-0.2582324537235989,1.0163612595869336,-0.30947941282012914,-1.051771299771562,-0.9038595089212672,1.6447799341731264,-0.9541866793037505,-1.0391903727935126,0.015758101167622184,0.5841383197212315,-0.1035484832504671,-1.2264723902618437,-1.7740280199497451,-1.2438700675094103,-0.033013633646279864,-0.9479482933959068,-1.0440026608476,-1.2604211705619852,1
1.2899172118781799,-1.6223358434548052,0.27967722576327125,-0.4281154315628296,1,0,0,0,1,0,-0.3188766245909836,-0.3175540711300387,1.4549054129953203,-0.6727332521463771,0.9661922083332558,0.27568120102856525,0.061712077356631645,0.9856716014579446,-0.6941921326889354,-0.5077228961418677,-0.9845285476956624,-1.8780024799145894,0.713190813300951,0.11740990472189552,-0.17522591037071536,-0.28500205351726143,-0.040814577431128804,-0.303413115034881,-0.7989105922128049,-1.7690215962405276,0.03150244759648533,-1.5284026766775578,0.6625843226682968,0.6454298408169414,0.9837114779793904,1.7690215962405276,0.7989105922128042,-0.17467491285593337,-0.4846237089171882,-1.0463857740085747,-1.0130097982875779,-0.972132629863095,-0.7495995951142377,-0.7910682597479163,-0.5408768497097485,-0.9144083514851348,-0.47058938433204756,-1.6969572021918669,-1.9472064866735241,-1.3980061503215924,-1.1084851516111824,-1.4922798914190887,-1.0302635040182315,-1.6563637301015341,-1.6934293108373202,0
-1.6142124344896835,0.05256894469021735,-0.4445202009343899,-0.13478617003801185,0,1,0,1,0,0,1.4477745559875626,-0.6786482317900675,-0.5536240695330674,-0.15947100950847412,-1.3413115834620173,-0.3986853831863887,-0.33376533905489086,-2.186124480464633,1.4657709955926408,0.27465919512611164,0.5967215872801113,0.6550975016569699,-0.4093013502505609,-0.40056525980386176,-1.8998239574194802,0.7049908400680002,0.8131180532961405,1.6932836765006514,1.465333844976243,-0.5598254073642694,0.06386874082550094,1.097322521694681,-1.2953102493832511,0.4352270896940661,0.877394650697728,0.5598254073642694,-1.4653338449762439,-0.7595776989295921,-1.9355758451378398,-1.889430911499881,-1.3274086436576682,-1.000579763588857,-1.0856528623826396,-1.3076099216747252,-1.8328007984454329,-1.5138489543058005,-0.026493508941193386,0.8828473903799233,-0.2959043164138529,-0.892321567028559,-0.685407289429221,1.4579758036433286,-0.5363722402842841,-0.8213259083916238,-0.023255055489598248,0
-0.7661037767008384,-0.514321906681944,-0.4445202009343899,-0.13478617003801185,1,0,0,1,0,0,-0.7100636717190902,0.15401978441792155,0.7384872536221374,-0.5888290523915902,1.651329496102748,0.5735115359669998,-0.9461382054129489,-0.8368221820125067,0.8475181000139262,-0.7862997038628889,-0.31289696770271025,0.2451933597588706,0.2965694392666559,-0.3345912023375448,-0.7548494577326792,0.1913873720354702,-0.04415869101445788,0.10732361521094805,-0.19575715951429745,0.5285640660967139,0.9813086191765157,0.3923730907884154,-0.9662597831756033,1.018453169986055,0.5115620038511789,-0.5285640660967139,0.19575715951429676,-0.2582324537235989,-0.6347222057676005,0.30006041680488094,0.3565632541465125,0.32505666803163763,0.16404522527173035,0.02452383803125581,0.12354118106860354,0.5738579727592754,1.0212951970591035,0.4844952106445732,0.32219359538224024,-0.24724956654577898,0.1607484349347019,0.9266125467369252,-0.5157934376287031,-0.33422051239417605,0.47161139053935697,0
-0.12359721776989524,0.6967630939767645,-0.4445202009343899,0.5985369837740325,1,0,0,1,0,0,0.4634974696652297,-0.5478170141596223,0.7896599792916505,-0.5940368992729219,0.13686729499289513,0.037774687233899804,0.6663794868099903,-0.49483658847812473,-0.3370453222928878,1.7371219391014288,1.1982930271186805,0.44579889314101656,-1.186258309881907,-0.4600283081526059,-1.4084895544087939,0.6286638963486681,-0.3092369326245575,-0.016585800885261716,0.11588809585456382,0.4930801176436278,-1.3862717630424668,-0.7318151687304291,1.092498834374886,-2.653373718867778,-1.5740324292117467,-0.4930801176436278,-0.11588809585456454,-0.3417899945912644,-1.2351161931692491,0.5002078235474204,0.7700192699756713,0.59814915179895,-0.024984737566746233,0.2692014673650073,0.2342775195316623,0.44983577907224165,-1.3310251429018278,-0.7864379342253526,-0.42362934615769415,0.1709126850234604,-0.9223308922511192,-0.667477223982284,0.7806711296729086,1.1827648637121608,-0.5799798072721716,0
1.4441187860216065,0.43908543426214564,0.5693561964423357,1.0385308760612593,1,0,0,0,1,0,-0.23054406556205628,-0.36058300492849626,0.48262362527457214,-0.5454303283804937,0.5039726164422876,0.14420654866835542,-0.03502590892054907,-1.2303351415285826,-0.5245734966539393,0.18544931200983023,0.7286751406021394,-0.2095442245755096,-1.1369139666032677,-0.35939064541118426,-0.2046064784621078,-0.405197098315783,-0.016166212750746815,0.24297395096634647,0.20465562353765385,-0.48876828582949433,-0.3103945193448655,1.4837033147985046,0.3099255364939306,-0.26656019616538823,-0.7100965982744909,0.48876828582949433,-0.20465562353765385,-0.28608496734615396,-0.10937746679115769,0.28186519801010423,0.020630241285320403,0.017827623793410803,0.8256500952063961,0.10608304780917345,0.012804842605544792,0.3258135853852078,-0.19302946221276363,1.6416134470186852,0.5069387276902979,0.5987996401175653,0.4484413812184362,-0.4771381468814831,1.5215080252738291,1.3497724280541432,-0.023255055489598248,1
0.8016122270906633,0.5421564981479937,3.176466932553916,-0.4281154315628296,1,0,0,1,0,0,-0.6595879237025604,0.00865176482853798,-0.2977604411855021,-0.3388524020876736,0.7425144618151502,0.2685261179069212,2.822625002166618,0.31059358528552283,1.2764973674642135,1.2119913067121404,1.0507368279424683,1.6853572030083577,-0.10890730301431342,3.4573713372312644,-1.1403665268465772,2.2180273706080142,1.294765865762917,1.8298970569268123,1.5875602653373244,0.7241032714020105,-0.470364072626038,-1.5686935959462394,0.48388893747835454,-0.35345439538998064,0.42052897835137343,-0.7241032714020105,-1.587560265337325,3.4182993444536853,-1.009968447893631,0.28186519801010423,1.428964795203394,1.9977481311064238,-1.2536794960168407,-0.05703537174666111,-0.7069813574043363,0.38782468222872474,-0.7759052986632599,-1.6969572021918669,-1.7373725092372125,-1.2813097080232,-1.311562525458524,-1.0481553781838862,-1.3595243465075295,-1.266679413303576,-1.3841377820692236,0
0.2105061928741954,0.7740663918911503,-0.4445202009343899,1.0385308760612593,0,1,0,1,0,0,-0.356733435603381,-0.305924629562888,-0.23379453409861076,-0.3591051399595187,0.15605654957475573,0.04224661418492735,-0.7504609890216888,0.5961723032195715,0.34401651423894547,-0.5122023083501501,-0.1884251879606099,-0.1752838885710382,-0.034969112060549125,0.20510030742480184,-0.3799518418592354,0.556073452731317,-0.1404038635853385,0.40252309293569316,0.5516412599819246,-0.7861774033115495,1.248468084036325,-1.1988926101379844,0.08851809288954489,0.552730206331577,0.6379474281429113,0.7861774033115495,-0.5516412599819253,0.35452284597261524,-0.18442671521636386,0.6184767457134681,0.8346217724489774,0.7346953936826055,0.41608517572303205,-0.22015379130249568,-0.4855086804782194,0.44983577907224165,1.2225261405955843,-1.0899443568808573,0.1785029369204177,0.19684522775643593,0.4145951522438788,0.2524949820049213,-0.28942660841731066,-0.6543183440496418,-0.08511336124321738,1
-1.100207187344929,-1.6738713753977288,-0.8790386569529866,1.7718540298733036,1,0,0,1,0,0,1.9272941621445965,-0.7071403636295867,-0.7455217907937414,0.1645727964410475,-2.112420046924809,-0.6710257345039663,-1.1881129671396384,-1.0592042628086735,0.5518206498129247,-2.718963049780875,-2.475755225717116,-1.3724513021579012,1.4388355288853256,-1.9951457808293762,-1.6591030754075333,1.4479064256028626,-3.683236349109744,-3.009528449684793,-1.4375436385994584,-0.4461216066019436,-0.34142615343497945,-0.20826194794371172,0.7006490077720423,0.020909552875821073,0.28038427199911303,0.4461216066019436,1.4375436385994576,-1.8736782438317996,-1.685411683720486,-1.1919475243667854,-0.37990527404917784,-1.7402052404586603,-1.8207693845322692,-0.22015379130249568,0.5664865349208381,-1.720552610450858,-0.10976148557697851,0.12408133374116129,1.0634549287170376,1.3119445652744073,1.243827762120523,0.31594134103852145,0.6983559190505837,0.514734606344233,1.275769365336409,0
0.44180855408933456,-1.158516055968491,-0.4445202009343899,1.0385308760612593,1,0,0,1,0,0,1.2332526269173105,-0.6646929019094866,-0.5024513438635544,-0.16930805361765602,-1.1749114388546489,-0.38035048268717575,-1.0919947370060261,0.38395824818572555,-0.0859681370619453,-0.7934688841865455,-0.845419239791547,-0.17376791565765493,0.7436973050068616,-0.6535691193355735,1.0234983587009125,0.3790863074835718,-0.8598659764691138,-0.8339133748479766,-0.9878020566370264,0.7426913412446393,0.8654067006360651,0.49832344210007534,0.49846650339018495,0.21929688902442376,0.28493231448132955,-0.7426913412446393,0.9878020566370257,-0.7595776989295921,0.5660657690356972,-0.8371407578686448,-0.5349512799851129,-0.8185181077439823,-1.033144539371952,-0.38327221085833024,0.06817301183707392,-0.728375060954584,0.5563823275093027,0.19995793940503753,-0.669956189235104,-0.3347718982695729,-0.2284831982727022,-0.794369942049485,-0.8656330827735822,-0.6543183440496418,-0.332546584257695,0
0.8530127518051386,0.5421564981479937,-0.15484123025532542,0.5985369837740325,1,0,0,0,1,0,-0.4703038686405733,-0.17741930024587296,1.4932849572474551,-0.6767837997207461,1.2049591831824304,0.3865849894140484,0.7045626775809343,-0.21010183675560024,2.259600221382126,2.176304896816837,1.5608542228020585,-0.4269427373847085,-2.430040752801114,0.22760282423649283,-0.29894592389946906,1.567396344954625,0.750668309484079,0.7834155961430953,-0.2548898489945435,-0.3295023237687909,-0.7522934939186899,-0.011106099410894753,-1.513867032132736,-2.195697666295481,-1.2643340838237997,0.32950232376879157,0.25488984899454276,0.29881781872750485,-0.18442671521636386,0.33645085439443295,1.1317932838261862,1.434494883336343,-1.1276595207911904,-0.8726274695258333,-0.8730858650989243,0.6358690696027934,-0.6093693453916895,0.19995793940503753,0.6529101902546883,-0.2958730841701091,-1.1084851516111824,2.1558857530129325,2.2623449208747504,2.2404794378780473,0.16231986177126023,1
-1.6399126968469209,0.1298722426046032,0.5693561964423357,-0.4281154315628296,1,0,0,1,0,0,-0.1295925695289965,-0.41349696405903186,0.35469181110078946,-0.5321213863504239,0.3366160904993957,0.09322658142664138,2.174837700150942,0.575876278375357,0.34376903924769364,1.9825853458211582,1.8145486633886907,1.2359132511128974,-1.1761473175811323,1.359653857979342,1.4725076547664926,-0.13363991625437457,0.7463103766713144,0.05003362543236382,0.5209310369862826,1.1689852080572094,-1.665614648899298,0.6847175786668843,-0.6042390206338374,-1.9383163022220666,-2.310154034697202,-1.1689852080572094,-0.5209310369862833,1.4129183636297125,1.5417059985633763,0.35464607318920965,0.22735824919990022,0.529876030857121,-0.15100471279239655,0.5138790966987595,0.2896456887631914,0.139780294854656,-1.6085850650211115,0.12408133374116129,-1.235595606672119,-1.3072422507561756,-1.8361790745641564,-1.175048096251087,0.03983423407198747,0.7374113588002092,-1.4459960878228426,1
0.4161082917320974,-0.9266061622253344,-0.4445202009343899,-0.4281154315628296,1,0,0,1,0,0,-0.6848257977108253,0.1394829824589832,-0.2721740783507456,-0.34174565035508003,0.8732499130600327,0.37138043778055474,0.2565823026298983,0.636990835644561,-0.7372855476804373,0.5149093758710056,0.07759699550535182,0.44869676241780665,0.27553075473857946,-0.10580946652338791,-0.20602429671723485,0.4304497623226194,0.16146245218514219,0.5509812992595859,-0.08286747959746427,0.6941558255444445,-0.4625075099479047,-1.0806805303046452,1.4404545416086207,-0.5355059439300455,0.4370461043740761,-0.6941558255444438,0.08286747959746356,0.02029268250195297,-0.03432821836595151,0.5365982611369737,0.6924962670077037,0.7346953936826055,0.3845801819166189,-0.22015379130249568,-0.2086678343205727,0.8839134569768611,-0.44283339212011924,-1.0140677512169813,-0.013084607695344815,0.7284623537824456,0.4484413812184362,-0.44541496736468245,-1.0302635040182315,-0.8769950965056176,0.16231986177126023,1
-1.0488066626304537,1.4440283071491598,-0.4445202009343899,0.5985369837740325,1,0,0,1,0,0,-0.15483044353726144,-0.4123340199023168,-0.24658771551598904,-0.35621189169211226,-0.08883385827611308,-0.04182561249439052,0.0013550772224186867,-0.665631289569112,0.8086069796026364,-0.23805484292200516,0.04334634615399307,1.1462170471983797,0.731730552889722,-0.29129667590083586,-0.9243591986045177,0.5905766627835384,-0.20224977763716787,0.46978783879386915,2.110417730215288,-0.529783266025729,-0.2929444741800884,-0.012402918825202546,-0.5119202385097512,0.1210493173560861,0.40230401486945666,0.529783266025729,-2.1104177302152882,0.2152602778598393,-0.3720498362793791,2.3220041053744094,2.365701081066333,2.1428285131078084,1.7235424186891581,2.9402655875917962,1.7430601310908362,1.6900577159425842,-0.19302946221276363,0.12408133374116129,0.42482977999782756,0.08014878545804377,0.12690220596014448,1.109020828958526,0.2044646553166367,-0.04195727479570725,0.34789477903211874,0
0.544609603518286,0.20717554051898904,-0.4445202009343899,-0.4281154315628296,1,0,0,0,1,0,-0.2810198135785862,-0.3431388425777702,-0.3745195296897717,-0.3018188242648711,-0.10780569463178309,-0.030645795116821653,-0.791737237666467,-0.4140611586545797,0.11547065364762565,-0.2418945027969493,0.0062471088574456895,-0.7821128406209319,0.1245093449265696,-0.7339855906006555,-1.1848709218265927,0.8451682567063599,-0.19920696877189706,0.564530516430351,-0.8293216896597884,-0.2441974779926877,0.36754014815677005,-0.6186657439844699,0.6914603384478378,0.1292536473172447,0.5430326248720098,0.2441974779926877,0.8293216896597884,-1.0102503215325889,-1.4602639384448675,-2.0016347607343357,-1.3747838121380926,-1.3647030752786062,-1.4742144526617298,-1.6066603575270884,-1.5375038958772762,-1.7825637072943747,0.44535835866158957,-0.482931511569848,0.38833691435672935,0.7025298110494701,0.7192112130148905,0.062155904904119784,-0.7010026615289333,-0.8769950965056176,0.40975308478573785,0
0.13340540580248203,-1.4677292476260335,0.27967722576327125,0.3052077222492148,0,1,0,1,0,0,-0.2684008765744537,-0.3431388425777702,0.9687645191349462,-0.6247053309074302,0.7497883165703715,0.21888772875051543,1.6995792618631704,0.44055684525856,0.5135524603257022,1.0389345051563361,1.1119583338717163,-0.5719840092116031,-1.3642810858552916,1.3375999591082952,0.09484833256055566,0.1520848912796028,0.27890473556222317,0.6414155367528533,-0.7768887630270574,-0.009609152108407288,-1.026792217285799,-0.5096611186892827,-0.5492127686494963,-1.1269763284807461,-0.8193828630306919,0.009609152108406583,0.7768887630270568,1.1900982546492709,0.04072103005925432,-0.12752722487236504,-0.031051760693324323,0.08610074473523979,0.16404522527173035,-0.8726274695258333,-0.6516131881728072,0.3258135853852078,-1.0257092285706153,-0.6130056927079216,-0.5070416104802029,-0.6941228475693842,-1.0480454570137594,0.09387908442092041,0.3808543923644751,0.4113489712753868,-0.9864772450816709,1
-0.4320003660567478,1.109047349520155,0.27967722576327125,-0.13478617003801185,0,1,0,1,0,0,-0.6722068607066928,0.020281206395688665,-0.08027635709007157,-0.42275660184246044,1.0063468135458091,0.3423129125988757,-0.7953571765893359,1.1231983773615093,3.6948546080441216,0.19434014796235569,1.3748826320354472,-0.49887026772562815,-1.7294455537545292,-1.180137958971891,1.8072776255645027,3.0335854513684715,-0.32213099386632155,0.4768229398606822,-0.3925077445122049,-0.29111514316954507,-0.07321642827543141,0.268866028952528,-2.002529206798726,-0.5819605814283414,-1.3218899631303729,0.29111514316954507,0.39250774451220416,-1.17736540326792,1.3165582532877582,-0.646090960523493,0.8863037744276221,0.700558833211691,-2.2933442916284594,-0.8726274695258333,-0.8177176958673952,-0.4803306735805153,-0.10976148557697851,0.19995793940503753,-0.13168642102891215,-1.1257144516253432,-1.2438700675094103,0.7600658542737248,1.1922471827845313,1.127095675598167,-0.76555472453303,1
0.8530127518051386,-1.158516055968491,-0.15484123025532542,1.0385308760612593,1,0,0,1,0,0,-0.4703038686405733,-0.17741930024587296,-0.5024513438635544,-0.16930805361765602,-0.0343997906247458,-0.005603004191067395,-0.3262103762171369,-0.7230362279010083,0.730889266718471,0.8025538693489958,0.6489904294790517,0.19807269763417928,-0.827846625007773,0.19146057049558438,-0.38420502433380704,1.5193505725044747,1.004214269361048,1.0037017590431474,-0.10705812529392912,0.3763264807979944,0.6449086150990462,0.6075017546674467,0.527650687216843,-0.08843682157237633,0.13620006975450366,-0.3763264807979944,0.10705812529392841,0.27096530510494976,-0.25947596364157,0.36374368258659734,1.1317932838261862,1.5539728449845414,-1.0646495331783645,-1.1173050988595852,-1.2052948804881005,0.6358690696027934,0.41760236644966076,0.35171115073279,-0.5239847266707137,-0.1921429132382052,-0.21156008378542468,-0.635754044465484,-0.5363722402842841,-0.4316415915936655,-0.2706882785040748,0
-1.6399126968469209,0.4133176682906843,0.5693561964423357,-0.4281154315628296,1,0,0,1,0,0,-0.1295925695289965,-0.41349696405903186,-0.7071422465416066,0.14142681030179596,-1.0253397591341906,-0.427305715672965,0.8911880214041547,1.1798594597601963,-0.4037240776313809,0.4448261840712559,-0.34791708118009373,0.6450155116805651,0.5182162642212753,1.1063002407711526,1.550903957136015,-0.2523821509463809,0.7431796102472074,0.26564428105149734,0.7547787594442794,0.13114384342216406,-0.13381647224387247,-0.06573259784258656,0.2982846168994973,0.13599270295972307,0.711659182091682,-0.13114384342216406,-0.7547787594442801,0.9951306592913848,1.391607501712964,-0.082039177885424,-0.19901826712392082,0.10316902497069583,-0.11949971898598452,0.18764225758709038,-0.1532996650890431,-0.35630847989348147,0.0012624832707351544,0.12408133374116129,0.589047675382767,0.6636309969500054,0.6853649840403343,0.7600658542737248,-0.28942660841731066,-0.26463402725168356,0.9664778365683122,0
0.13340540580248203,-0.514321906681944,0.27967722576327125,-0.13478617003801185,0,1,0,1,0,0,-0.2684008765744537,-0.3431388425777702,0.7384872536221374,-0.5888290523915902,0.6612297027647274,0.19116178165414466,0.2632172105745901,-0.14533268596165314,0.47364367137731056,-0.4874342052537621,0.3034454055064501,0.08008776428472185,-0.501741993138832,1.2188285535226224,0.15310523536545312,-0.18103182631681977,0.5673665530757186,1.053435466457607,-0.7581467807413153,0.8611509049874916,0.8518291909397069,0.3528511362124316,-0.8294062927353293,1.2210831265717486,0.6339808097293608,-0.8611509049874916,0.7581467807413146,1.106540713781605,0.11577027848446049,-0.06384395909064733,-0.1473362651452761,0.08610074473523979,0.6996301199807459,-1.3619827281933365,-1.2606630497196296,0.44983577907224165,0.8061862574166584,0.35171115073279,0.06902433999712428,-0.37367071236903754,0.10997909147286698,0.5697267771729232,-0.8656330827735822,-0.5986491559356475,0.34789477903211874,0
1.8039224590229344,-0.35971531085317227,-0.4445202009343899,0.5985369837740325,1,0,0,1,0,0,3.2901393585909036,-0.7542396019765469,2.312048567959664,-0.7178679251179176,-0.19333429658710727,-0.0252794827755886,0.6211984623559033,1.650343220610872,1.5540556783770538,5.2795460397883005,5.273361393237363,0.9971742513050958,-5.018532363612955,0.0680352291624941,-0.36272714154974306,0.8969886714933829,-0.23100232482022273,-0.8387719707843331,-0.6187833227191311,1.9737285121859853,-0.7958115842085973,-2.6285199506224295,-1.223059063921691,-7.361384042863521,-7.6745256549244925,-1.9737285121859853,0.6187833227191303,-0.007559831120602114,-0.40957446049198204,-0.24579614703841146,0.24027874969456073,0.13730558544161034,-1.5687294340809674,0.10608304780917345,0.4557501964577793,-0.29429738304996345,-1.3032691506898992,-2.4557232588306284,-3.726233686677038,-3.4726095689596783,-4.577723621503266,-3.3956706624271,0.6160407084282594,2.2404794378780473,-3.5491784834459006,1
1.8039224590229344,0.33601437037629844,-0.8790386569529866,-1.6014324776621007,1,0,0,1,0,0,0.26159447759911014,-0.5140916336148853,-0.20820817126385424,-0.38109382679180764,-0.3628742770513202,-0.10085504824795413,1.2043872251413763,-0.45387156379550264,-0.5469424798131789,0.4671260358456881,-0.12735891417576353,1.5706577026343367,1.2285680141100863,0.6611760089283539,0.08478598094568228,-1.2353946077808295,0.03100839769372484,-0.8932629929013431,0.5444209881177456,1.6022396676771504,-1.0140904768729249,0.7078896995998393,-0.4937637472317943,-0.600309741614243,-0.7065246270797434,-1.602239667677151,-0.5444209881177463,0.577342954953057,0.04072103005925432,-0.10023439668020068,-0.7158382869103699,-0.6649035856248688,0.16404522527173035,1.166352774922097,0.954063719541543,-0.5423417704240322,-0.9979532363586869,0.5034643620605421,-0.3688900476960481,-0.5551985114998699,-0.7361766328910565,-0.09645999267988113,-1.0302635040182315,-0.4316415915936655,-0.2706882785040748,0
0.10770514344524394,1.4440283071491598,-0.4445202009343899,0.3052077222492148,1,0,0,1,0,0,0.097548296545388,-0.491995694637299,0.13720772700535894,-0.4927732099136964,0.023354190868319268,0.002446464320782188,1.108563843086703,1.1268991595270519,-0.2717818209088361,0.8030295213264669,0.6734778309004279,0.41125142725090086,-0.3921848389334743,0.9225433188990911,0.3907587551858474,-0.2811897056945041,0.8042573560388728,0.5975508988900218,0.18609969967169646,0.3763264807979944,-0.6196905950004641,-1.1552509190439135,0.08896631753613864,-0.28735324911546384,-0.2921620154763572,-0.3763264807979944,-0.18609969967169718,0.911573118423719,0.41596727218528484,0.15449866644666885,-0.018131260198663828,0.3079883877961804,0.3530751881102058,-0.46483142063624716,-0.5962450189412776,0.20179139169817292,-0.6648813298155464,-1.1658209625447336,-0.4601222117987924,-0.3477381696360611,-0.4315605721200442,-0.4771381468814831,-0.5363722402842841,-0.4316415915936655,-0.5799798072721716,0
-0.5091011531284612,2.5778100098934824,-0.15484123025532542,-0.4281154315628296,1,0,0,1,0,0,-0.29363875058271866,-0.3373241217941949,1.3525599616562942,-0.6669467556115642,0.9050820452125595,0.25600472244404404,-0.4180564349515984,-0.08063086352648889,1.9589370922049845,-0.8044125854457815,-0.0776459086561748,0.1084419612875553,0.346701744111694,-1.2303290565056364,-0.2190133413771172,1.9289497138318867,-1.602045293923049,-0.6765107038010062,-0.9462874490712617,1.0864182721050466,-0.6480126473131692,-0.108734366893608,-0.7395241946254564,-0.5018511832398367,-0.559537546101035,-1.0864182721050466,0.9462874490712609,-0.9823978079100336,0.340918023760079,1.837556404963487,2.7985378476374834,1.7417239275745686,0.006520256239666901,0.5138790966987595,1.1755363964676604,1.814079909629618,-0.6926373220274746,-0.2553016945782196,-0.47836864461934153,-0.7626588533636787,-0.8884846632765624,0.09387908442092041,-0.8656330827735822,-0.48731077970765985,-0.5799798072721716,1
-0.6119022025574117,0.20717554051898904,1.0038746524609323,-1.161438585374874,1,0,0,1,0,0,-0.3945902466157784,-0.2559180308241401,0.9047986120480549,-0.6137109874912857,0.8917941578726082,0.2774699718089763,0.7234834207169957,0.05716483323993688,1.5635366435621154,0.6532536003990235,1.1568701835717776,1.4092328229679785,-0.487893028551754,1.619533261718466,-0.02743851951065439,0.18961258031201678,0.9941158292211159,0.6077670699683055,0.9041108648182726,1.0253393444399002,0.6121972446845787,-0.10594783412784772,-1.9468646134909866,0.10324476935020589,-0.9106216459144082,-1.0253393444399008,-0.9041108648182734,1.07868820015905,-0.3345252120667762,-0.9463120706373036,-0.7158382869103699,-0.32353798091572933,-0.9701345517591269,-0.13859458152457876,-0.5408768497097485,-0.9144083514851348,0.16779843654230542,-0.482931511569848,-1.208225957441296,-1.8647919195151619,-1.7177172731532073,-0.1916295312302808,-0.5363722402842841,-0.09762646290970158,-1.136704559054746,1
-1.0488066626304537,-2.0088523330267334,0.5693561964423357,-1.161438585374874,1,0,0,1,0,0,-0.14221150653312897,-0.4123340199023168,0.12441454558798068,-0.4910372609532525,0.21019201111646588,0.06237028546455131,0.07955792190875559,0.7542320335544148,-0.5513197478151862,-0.1169581542870736,-0.32322120239778407,-0.7939121106800983,0.1626258118526407,-0.9164589577827046,1.6770051482403907,-0.8236672294619654,-1.1086687296136917,-1.2113944014374163,-1.610147164649905,0.5141229242844115,-1.0263422193786398,0.6447798070987873,-0.07403356686024107,-0.9413340132747159,-0.7624874610276382,-0.5141229242844115,1.6101471646499044,-0.8292089829859801,1.6918044954137887,0.2636699792153276,-0.21839901786591248,-0.6307670251539549,0.5421051509486824,0.18764225758709038,1.2585886503149546,0.7598912632898273,-0.859173275299045,0.9587239960437993,0.8809906005115491,0.7025298110494701,0.24536400737109418,0.6331731362065233,0.5337254978059351,0.9044189231421907,0.5334696962929761,0
-0.5091011531284612,0.8513696898055362,-1.168717627632051,-2.334755631474145,1,0,0,1,0,0,-0.10435469552073157,-0.41640432445081954,0.09882818275322415,-0.48756536303236475,0.15790694336506178,0.0565567804282155,1.318588136821385,0.026968799589159143,-1.2422224137195474,2.1378343212411903,2.431846929278071,1.9149461697401786,-1.5715105180236855,0.2379251861795228,-0.3593593657207357,-0.6681379666326539,0.8626146222241067,0.9652941832830925,0.9750700921945687,1.644695535621017,-1.5957968596007102,-0.3970138475695304,1.0267454327658685,-2.0327223531800143,-2.2190982194031754,-1.6446955356210176,-0.9750700921945695,-0.23037994010104354,-0.7848207026180125,-1.592242337851867,-1.6202733215366558,-1.2793616741013212,-0.40304466324369825,-0.9541866793037505,-1.3713993881826885,-1.658541513607341,-1.5530730805972546,-0.7105613285614767,-1.208225957441296,-0.5811310542328463,-1.277716296483967,-2.0950203022382925,-0.4540570296619595,0.4033962301162448,-1.4459960878228426,1
0.31330724230314594,-0.514321906681944,-2.617112481027373,1.478524768348486,1,0,0,1,0,0,0.551830028694157,-0.5600279278051304,-0.46407179961141953,-0.21444272658919655,-0.8450034945261585,-0.26497476735066505,-1.0138025316491501,0.0019511142664066197,-0.4395240186230476,-0.9933404295068292,-0.3018683122540784,-0.2860982709319304,0.04152467216995682,-1.4190931318725153,-0.6218607408743799,-0.1445000703027521,-1.3873278131356168,-0.3765076552138212,-0.37315522795503414,-0.020113106998745453,-0.008224037754604827,-0.6256444044241851,0.4556354224788801,-0.033711676084794855,0.024857146174744448,0.020113106998745453,0.3731552279550334,-1.3723329986258064,-0.7097714541928067,-0.5187244289600577,-0.5091102789957901,-0.9892009100985523,0.3530751881102058,-0.6279498401920818,-0.5408768497097485,-0.728375060954584,0.08453045990652028,-0.482931511569848,0.41570656358755365,0.5987996401175653,0.549980068142106,-0.09645999267988113,-0.12479618717266176,-0.15329565102369538,0.22417816752487937,0
0.33900750466038404,1.8047770307496258,-1.6032360836506476,-0.4281154315628296,1,0,0,1,0,0,-0.19268725454965888,-0.3855863042978702,3.322709899932547,-0.7479577070989446,1.211867545584129,0.28149470606490107,-0.6359454855876394,1.057259518159617,-1.4430224840857244,-0.0321512490445907,0.11204691757773572,-1.1703428025231688,-1.0316645338619224,-0.950789024177825,0.8835868441357461,-0.8876111136464283,-0.5070184356458972,-0.5399612778939439,-1.6504213207283431,0.04065977486679812,-0.06571951181394813,-0.5659639650261443,1.0806965089593759,-0.4593165384625004,-0.6728335733852877,-0.04065977486679812,1.6504213207283416,-0.9266927806649233,0.7161642658861095,-0.2276009282436361,-0.6383152839424023,-0.7843815472730677,0.4475901695294441,-1.1173050988595852,-0.5408768497097485,-0.046252995675895824,-0.026493508941193386,-0.482931511569848,0.1876261533306929,0.7284623537824456,0.4822876101929924,-1.175048096251087,0.6983559190505837,0.793080546914203,-0.08511336124321738,1
1.521219573093319,1.4440283071491598,-0.8790386569529866,0.3052077222492148,1,0,0,1,0,0,-0.40720918361991093,-0.2506847821189223,0.13720772700535894,-0.4927732099136964,0.5352993436160366,0.18803143278842535,-0.30639617508301653,0.643765062677331,-0.07145907664445462,-0.24831971907736525,-0.35984561140754784,0.40178750349981246,1.0077268159803132,-1.0456221048789083,0.1194269363506377,0.09587218765616673,-0.6020158504829168,-0.6110371923675193,0.3041828515459608,0.24630538521990228,-0.6187219470427336,-0.7639484686561825,0.19402925438212562,-0.26148469187121226,-0.12874197099169482,-0.24630538521990228,-0.30418285154596153,-0.9823978079100336,0.11577027848446049,0.02713213488323473,0.07231224326396513,-0.1699234587966153,-0.2140147004052217,1.0847935651441794,1.009431888773073,-0.23228628620644656,-0.5816133531797613,-0.7105613285614767,0.023408257945752128,0.11904759955750843,0.008440404549195996,-0.09645999267988113,-0.28942660841731066,-0.2089648391376897,-0.08511336124321738,1
1.0843151130202777,-2.0088523330267334,-0.4445202009343899,-1.161438585374874,1,0,0,1,0,0,4.160846011876044,-0.7699393480922003,0.12441454558798068,-0.4910372609532525,-1.0893004352736617,-0.21265322202364279,0.06871704584063873,1.1031905460950095,-0.26583744234114787,-0.39334947376631413,-1.0622051215361052,-0.19925096224739255,1.281700898533575,-0.8976926595390256,2.16328320555879,-0.4498629072999692,-1.2479982713746556,-1.9884585934775154,-0.8371194069538853,0.5584902876836534,-0.9925166532212029,0.6529659801263143,-0.08866014793569355,-0.7061039605204272,-0.560424113951746,-0.5584902876836534,0.8371194069538845,-0.6760201580619267,2.7424939733666744,1.2462117941332536,0.7829397704703327,0.18851042614798086,0.16404522527173035,1.7372672433675176,2.615108796487423,0.8219023601333442,-0.8036612908751883,1.0346006017076752,1.0452084958964885,0.8321925247143505,0.46536449570571364,0.7917890337905242,0.36909507656128593,0.7374113588002092,0.7809029193074537,0
0.18480593051695732,1.0059762856343069,-0.15484123025532542,-0.8681093238500562,0,1,0,1,0,0,-0.4198281206240434,-0.2442885892569894,0.20117363409225028,-0.5037675533298408,0.5958507995942983,0.201447213641508,0.04199091995232525,-0.5883781309525126,0.7424433787497103,-0.21882378824990262,0.8792636482284142,1.0393608685667328,-0.6987257097954052,-0.9299870433522668,-1.3721447170487369,1.1975218064780428,-1.4143084203147431,-0.5184348976954732,0.9805814884956392,0.4450354794726378,-0.9876214923805366,-0.5670170058629026,0.18844895619640747,-1.1067871990034435,-1.6492365779169522,-0.4450354794726378,-0.9805814884956399,-0.6481676444393714,-1.009968447893631,1.7192874827974407,2.217115325377728,1.349153482159058,0.6681251261743327,2.3081817118129377,1.839954427246013,1.3800022317249987,-0.8314172830871166,-0.3311783002420958,0.7806352199985308,0.7673611678819103,0.22844089288381547,-0.5088613263982832,1.8507688677631275,2.40748700222003,0.6571863078002155,1
0.18480593051695732,0.05256894469021735,-0.15484123025532542,-0.8681093238500562,0,1,0,1,0,0,-0.4198281206240434,-0.2442885892569894,-0.7711081536284979,0.3323811959506212,-1.0320228333629249,-0.44474623078197245,-0.4862915580675958,-1.65169785537373,1.8438348265748605,-1.5306924364890044,-0.47080160137470944,-0.031164560983287157,0.11882295718071101,-0.8915745075017887,-1.2225701218693181,1.0023061044896762,-1.2603494127127173,-0.4918494403051735,0.8615353283924961,-0.8969649934967807,-0.21465049365176148,1.0422632319599507,-1.513363003780266,0.8181258265433822,0.13186989201756255,0.8969649934967807,-0.8615353283924969,-0.6203151308168162,-0.8598699510432187,1.6010185606313942,1.9845463164738264,1.2296755205108585,0.6681251261743327,2.063504082479186,1.6738499195514247,1.3179911348814817,-0.47058938433204756,0.4275877563966659,-1.1808563082104715,-1.657331577651353,-1.311562525458524,-0.033013633646279864,0.36909507656128593,-0.04195727479570725,-1.3222794763156045,0
0.2105061928741954,0.5421564981479937,-1.168717627632051,1.0385308760612593,1,0,0,1,0,0,-0.7731583567397526,0.5784944016189215,-0.34893316685501513,-0.30991991941360914,1.357548890776926,0.684415324352483,-0.4002395115458095,-1.3325680698498823,2.0901143167969978,-0.5132960803063835,1.035919665447503,0.4834361664278285,-0.6968170347988761,-0.529963179737268,-0.7971960971175657,1.0639275836410254,0.17992818840677396,1.4158706016413984,0.8518955842960956,-0.18555039652161812,0.02700981888662353,1.0303779460973597,-1.7881116735313767,0.8718436010238456,0.03557576540423165,0.18555039652161812,-0.8518955842960962,-0.5367575899491508,-0.7848207026180125,-0.18211288125669506,0.3824042551358344,0.4445346296798359,0.1010352376589052,-0.5463906304141645,-0.9284540343304539,0.2638024885416898,-0.10976148557697851,0.7310941790521709,-0.49661507743988936,-1.2813097080232,-0.9223308922511192,0.664896315723324,-0.20711139779498602,-0.32030321536567735,-0.45626319576493324,0
0.13340540580248203,-1.2615871198543382,-0.8790386569529866,0.3052077222492148,1,0,0,1,0,0,0.059691485532990585,-0.4797847809917908,0.17558727125749374,-0.5026102540228783,0.07544072915041225,0.019439786734686864,-1.5333288300163634,-0.6283970400454362,-0.25328602178818366,-2.2554332170740357,-2.3182148397630753,-1.6739472036213245,1.8156530085244789,-1.3715827493410992,-1.105929719696858,0.4937834293078909,-2.1491166064001033,-2.1999503890360885,-1.582687512778244,-0.7133741297612541,0.7616617412249695,-0.24540145693622398,0.8424552030784508,0.9159175293041398,0.865969459206114,0.7133741297612541,1.582687512778244,-1.3444804850032512,-1.1600669447440433,-0.6915790075104341,-0.354064273059855,-1.1428154322176651,-1.3166894836296663,0.02452383803125581,1.009431888773073,-0.8523972546416179,1.194770148383656,0.19995793940503753,1.451191626153701,1.7463146560517566,2.1069066009717248,0.2524949820049213,0.2044646553166367,-0.1254610569666985,1.708777505611744,1
-0.3034990542705592,0.20717554051898904,0.27967722576327125,-1.161438585374874,1,0,0,1,0,0,-0.09173575851659908,-0.4239634614694675,-0.7966945164632545,0.5783072986801688,-1.6359935202544238,-0.7729856689873944,-0.5806856855240409,2.1665768633776086,-1.2785233592652363,-1.1847367914717006,-2.28070473822804,-1.0676095995415105,2.0254097003590736,-1.4373457506607554,2.346199508943341,-0.8910065204916816,-1.4761663741666882,-1.8323353002277258,-0.6045440128777345,-0.8565127692838675,-0.6287213571537748,-0.6233235752860644,0.8524086381487745,0.13676166467724152,1.1761090738672466,0.8565127692838675,0.6045440128777338,-1.3723329986258064,1.9920014891146134,-0.2912841940253525,-0.6899972859210471,-1.176951992688579,-0.15100471279239655,0.758556726032511,1.2309045656991897,-0.790386157798101,-0.5261013687559044,-0.482931511569848,0.40658334717727845,0.806259981981374,0.8207498999385615,0.5697267771729232,-0.20711139779498602,-0.5986491559356475,0.7190446135538346,0
0.13340540580248203,-0.1535731830814779,-0.8790386569529866,-0.4281154315628296,1,0,0,1,0,0,0.059691485532990585,-0.4797847809917908,-0.041896812837936774,-0.44300933971430556,-0.07962703466554301,-0.026621060860896863,-0.7389444123353822,-0.5094730280513552,0.41907269976511147,-1.0303209390867836,-0.8712725161850543,-0.8758725749244366,0.35111959623211503,-1.3243574500824749,-1.5283411148084514,0.7447352952612236,-1.9398102477105417,-1.6870641343651578,-1.773666294592434,0.5645149086083918,-0.29576216644076314,-0.8317908582582411,0.17550073014199977,-0.5315855182118124,-0.5143928243649959,-0.5645149086083918,1.773666294592433,-1.3166279713806959,-1.535313186870074,-0.8371407578686448,-0.3669847735545164,-1.0745423112758372,-1.2851844898232538,-0.5463906304141645,0.34501385799472056,-0.8523972546416179,-0.22078545442469194,-0.7105613285614767,0.3062279666642602,0.35244048415429274,0.10997909147286698,-0.0647368131630805,0.03983423407198747,0.3477270420022505,-0.08511336124321738,1
-1.2544087614883548,-0.3339475448817109,0.27967722576327125,-0.13478617003801185,1,0,0,1,0,0,0.1858808555743153,-0.5076954407529524,-0.6175899766199587,-0.08135330628850015,-0.9658085529770167,-0.32758174466505074,0.24763138811586477,-0.24949590505877345,0.6574528887203902,-0.08977553902490756,-0.41853827906752433,0.05747640336241779,0.7365101165764142,0.61658383012302,-0.5080195850594965,1.0129631191624522,0.48577144898887925,0.520252697298716,-0.24010667662448304,0.3165258375355961,0.2717458248817893,-0.16648190844001023,0.11917012128454217,0.6029636148186367,1.0520457610448792,-0.3165258375355961,0.24010667662448232,0.744458036688388,-0.3345252120667762,0.5365982611369737,1.0155087793742343,1.195538960039945,-0.49755964466293656,-0.38327221085833024,-0.319404172783631,0.8839134569768611,0.22331042096616224,-0.17942508891434333,-0.06782390615699217,0.002351157259115363,0.24536400737109418,0.41111087958892223,-1.5241547677521787,-1.6006945419875402,0.16231986177126023,1
0.6988111776617119,2.397435648093248,0.27967722576327125,-1.161438585374874,1,0,0,1,0,0,1.5234881780123575,-0.6867888408870729,-0.029103631420558513,-0.4592115300117816,-0.7069155008633522,-0.17330026485460037,-0.2037846573815398,1.4987265932776936,0.8337935715725737,0.4553145130101848,0.40957673944442685,-0.3919171573926071,-0.9890023259342478,-0.9451357035896714,0.23122041523843073,0.3576891982412755,-0.6210153334503221,-0.030599909631742236,-0.6711839829354725,0.13114384342216406,-0.6610009320748775,-1.8254177476219506,-0.7803805957719948,-1.2308887068054772,-0.5623446766600125,-0.13114384342216406,0.6711839829354719,-0.8988402670423681,0.19081952690966666,-0.054746349693259644,0.13691474573727128,-0.11871861809024475,0.06953024385249205,-0.6279498401920818,-0.4024564266309252,-0.17027518936292965,-0.859173275299045,-1.848710413519619,-1.4180599348776075,-1.5276688639864726,-1.8023328455895995,-0.1916295312302808,-0.04248097655033679,0.013711913318286572,-1.569712699330082,0
0.544609603518286,1.0059762856343069,1.0038746524609323,-0.13478617003801185,1,0,0,1,0,0,-0.33149556159511606,-0.3140652386598935,5.804587094903931,-0.7809407373473781,1.678412297610851,0.3619893911833969,0.2432472605718736,0.8784999543022233,-1.6964103623048632,1.465117436879862,0.2885696113125764,-0.1506993237565342,-0.6780205103054964,0.33914834786892883,1.0374422271302128,-1.329524865043013,0.7051835997629016,-0.1386256982343758,-0.2763926451691775,0.06858695651968806,6.317960074929971e-4,-0.16648190844001023,0.983005524875257,-1.280031149466373,-0.5104956407045272,-0.06858695651968806,0.2763926451691768,0.29881781872750485,0.9413120111617277,-0.03655113089848297,-0.7158382869103699,-0.42594766232847037,0.5736101447550955,-0.30171300108041293,-0.2086678343205727,-0.046252995675895824,-0.026493508941193386,-0.17942508891434333,-0.06782390615699217,0.4432043837197094,-0.1269445113490324,-0.4136917878478824,0.5337254978059351,0.6260729825722207,-0.1469716669968365,1
0.05630461873076867,-0.978141694168258,-0.15484123025532542,1.0385308760612593,1,0,0,1,0,0,-0.5460174906653681,-0.12799417358548257,0.2267599969270068,-0.506082151943766,0.8491716446361237,0.29267452344246997,0.09004055043320154,0.8679609086790778,-1.2042834136089537,0.6912122879137607,0.8043262597918817,0.8908829087466502,-0.19228431625282352,-0.2714999956999688,0.24026639049352083,-1.1932263714317766,0.6329505423983423,1.1330596471084589,1.0928891867061536,0.13114384342216406,-0.3964831739239286,-0.9506099907821424,0.44721834116025416,-0.30616028461447015,0.06054868285147608,-0.13114384342216406,-1.0928891867061543,-0.3696425082138195,0.04072103005925432,-0.5005292101652823,-1.0000892977929163,-0.7331767065666972,1.2667200084961745,-0.46483142063624716,-0.9284540343304539,-0.4803306735805153,-0.4243293973121668,-0.9381911455531051,-0.2290007294051737,0.028283699992091807,-0.093098282374475,-0.2762246766084149,-0.6186874509066087,-0.6357619480116439,-0.35316601950890136,1
0.5189093411610479,-0.30817977891024867,-1.8929150543297122,0.3052077222492148,0,1,0,1,0,0,-0.0412600105000692,-0.4350114309582606,-0.10586271992482811,-0.4192847039215727,-0.05448116901948715,-0.010522123837197696,0.4533529735318017,-1.0753144715721794,0.011985048701031977,0.3249477881136502,0.0992668022385101,0.17597863894346488,-0.10204557476570285,-0.7968845724974846,0.4790151904908796,-0.9048040751458113,-1.035027322763287,-1.7515124871083463,-0.23615473945624774,0.4742292700279266,-1.4266360209659505,1.9557697610840703,-0.9256247996249981,-1.4652988736173422,-1.8390627440148957,-0.4742292700279266,0.23615473945624774,-0.7038726716844818,0.5660657690356972,0.32735324499704527,-0.21193876761858224,-0.596630464683041,0.06953024385249205,1.4110304042558486,1.7292180887829538,-0.29429738304996345,-1.3587811351137562,1.6416134470186852,-0.31415074923440073,-0.723760039264214,-1.1931007240475748,-0.1916295312302808,1.0276167615398821,1.461110804282131,-0.8274130302866491,0
-0.5862019402001745,-0.9266061622253344,-0.8790386569529866,-0.4281154315628296,1,0,0,1,0,0,-0.3188766245909836,-0.3256946802270442,2.068978121029477,-0.708609530662217,1.121035434453047,0.2971464503934975,0.7766797317130245,0.14623280271591427,0.5711577593744309,0.4299875187974705,-0.30987516326874165,1.7201845699317944,0.9224577470630096,0.7800963711853366,-0.04461302191361255,-1.3213754639253605,0.8306478651672786,-0.21723374976218496,-0.20509389995854704,2.5495362211746806,-0.3005289709347134,-0.24540145693622398,-2.1086466992440926,0.24277080673974505,0.19076641316030832,-2.5495362211746806,0.20509389995854635,0.32667033235006016,-0.40957446049198204,-1.1373618679824566,-1.5427503185686884,-1.2110885531594928,-0.43454965705011084,-0.709509049969999,-0.7069813574043363,-1.4104971262332722,-0.3595654154843339,-0.3311783002420958,-0.33239718205494984,-1.3202085221226638,-1.159254495073018,1.6165917012273294,-2.018046031486126,-1.4336869776455579,-0.5799798072721716,1
-0.8175043014153137,-0.07626988516709207,0.27967722576327125,-0.4281154315628296,1,0,0,1,0,0,-0.00340319948767178,-0.46408503487613734,-0.579210432367824,-0.12185878203219036,-0.7344913508946546,-0.2627388038751513,0.27319162770165406,-0.055146160065109355,-0.01950966425011654,0.4561285637883447,0.650357341616021,-0.25855052588422406,-1.0009006046824538,-0.2603901760724802,-0.3095193352923605,-0.19903896883586633,0.2273679722037624,0.11308843731384365,0.6912331826893902,-1.0381887348318,-0.6400584043884933,-0.23437984005894966,-0.17334460382753533,-0.39074607354170776,-0.73508754782049,1.0381887348318,-0.6912331826893908,-0.3974950218363748,-0.4846237089171882,-0.6733837887156574,-0.6641562849317252,-0.5454256239766699,-0.37153966943728567,0.10608304780917345,-0.2086678343205727,-0.9764194483286528,-0.5816133531797613,-0.17942508891434333,0.14201007127932075,0.028283699992091807,-0.1269445113490324,-0.1916295312302808,1.6861384465184783,1.1827648637121608,-0.6418381130257917,1
-1.1516077120594044,0.4648532002336079,0.27967722576327125,0.5985369837740325,1,0,0,0,1,0,0.6906383357396142,-0.5925903641931524,-0.4001058925245282,-0.29545367807657696,-0.8093106839767014,-0.22741058096203368,-0.9464974575717667,-1.4835127619795812,0.03282573408015929,-0.9643914587719157,-1.0510124315722387,0.1961084451670803,1.0153542582083888,-0.6168237291586294,-1.4821024268693366,0.24176112202861672,-1.3053031635505343,-1.2776717782157647,-0.946287449071263,1.20598490020106,0.6998047526933172,0.5514301473415524,0.19807273412885543,0.008514370523094221,0.11896982259743857,-1.20598490020106,0.946287449071263,-0.27215871053487645,-1.1225423205314402,1.8102635767713227,1.6873748050966186,0.9480488966258181,0.6996301199807459,0.7993363309214695,1.5354294964726014,1.5350299738337914,0.8894542340524437,0.8069707847160468,0.7441423543574326,0.7414286251489338,0.7022880985276131,0.4428340591057229,-0.7010026615289333,-0.2089648391376897,1.1520527538291696,1
-1.2544087614883548,0.18140777454752677,0.27967722576327125,0.3052077222492148,1,0,0,1,0,0,0.1858808555743153,-0.5076954407529524,0.11162136417060241,-0.4887226623393273,-0.05324264154697645,-0.012758087312711469,1.162625384289717,0.3408003027484465,-0.6005521134929495,1.9027941907151846,1.2361070158340888,0.039142848018415236,-1.1613222250461968,0.600130523409543,-0.5187047069933933,0.951522604206387,0.2846266879959364,0.40592169782418897,-0.29127919636700184,0.3422733367180179,-1.0170155504261487,-0.9873860994909704,1.7771633104970492,-2.288321242005737,-1.2106961284405227,-0.3422733367180179,0.2912791963670011,0.7723105503109431,-0.3095087959250406,0.6730624020977969,1.1059522828368633,1.189849533294792,-0.29802801722232247,-0.35608580759902425,-0.26403600355210183,1.069946747507413,-1.053465220782544,-1.0899443568808573,-0.8068044353892204,0.13201387092399572,-0.8038690908401701,-1.3336639938350878,-0.04248097655033679,0.1250502895462747,-1.198562864808365,1
2.3950284932394013,0.1298722426046032,-1.168717627632051,-0.8681093238500562,1,0,0,1,0,0,-0.016022136491804253,-0.46408503487613734,0.047655457083711085,-0.4748350706557764,0.046821030087766606,0.010048740137529016,0.6120626531490424,-0.09131748145918953,-1.3455730723613861,1.3916580265021974,1.6110839520869933,2.116452343755418,-0.25845988417734356,-0.3392941542889526,-1.6646528363761082,-0.8467821178445855,-0.22202619113483624,0.376970628213156,0.10398440440281079,2.783458102951337,-1.1901067396451621,-1.542276559212471,0.9885091018050954,-2.100197582022795,-1.7264495950332568,-2.783458102951337,-0.1039844044028115,-0.5646101035717058,-1.685411683720486,-1.155557086777232,-1.3489428111487698,-1.347634795043149,0.25856020669096863,-0.5463906304141645,-0.6516131881728072,-1.2244638357027204,-1.2477571662660425,-1.6210805965279906,-1.317704554364588,-0.6978274965312384,-1.396178097894916,-1.6826189685198898,-1.4418395571298541,-0.32030321536567735,-1.136704559054746,0
-0.5091011531284612,0.0783367106616796,-1.168717627632051,0.3052077222492148,1,0,0,1,0,0,-0.09173575851659908,-0.41349696405903186,-0.5408308881156891,-0.14789801643884834,-0.5765373061614729,-0.20370936812158769,-0.4758605993365617,0.10632493244567559,0.8857481069958454,-0.46185891835551385,0.2635817569505282,1.142811375401677,0.4194473216402689,0.5239693049119418,-0.10535920060314821,-1.0064165178823057,0.9368896397300854,0.786567247626261,1.1921218465220598,0.3763264807979944,1.1852397028348656,-0.2514808408486888,-2.2221988770332892,1.552945331219747,0.4252606312080329,-0.3763264807979944,-1.1921218465220604,0.02029268250195297,-0.5596729573423944,-1.4648758062884317,-1.659034823020639,-1.2964299543367779,-0.2140147004052217,-0.5463906304141645,-1.0391903727935126,-1.534519319920306,1.4723300705029398,0.04820472807728505,0.9630995482040194,-0.47740088330094144,0.12690220596014448,2.3462248301137336,-0.5363722402842841,-0.4316415915936655,1.275769365336409,0
-0.4063001036995106,1.4440283071491598,-1.168717627632051,0.5985369837740325,1,0,0,1,0,0,-0.44506599463230834,-0.19777082298838666,-0.2721740783507456,-0.3446388986224865,0.24849186332082507,0.11424463809647085,0.03935389610478494,-0.567410362302463,1.1992765269679686,-0.6129122909848799,-0.17573044849968517,0.0918771028240267,0.15525474203631512,0.022875979033057523,-0.9530652731428277,1.2925695304455758,-0.7799420430633247,0.057706373045608245,0.3871222082195544,-0.25863368266248993,-0.03186514180336116,-0.17597133926756672,-0.34054346519919443,0.05462778438437812,0.28479723126274564,0.2586336826624906,-0.3871222082195551,0.04814519612450831,-0.8598699510432187,0.13630344765189217,0.795860270964994,0.4103980692089227,-0.40304466324369825,0.18764225758709038,0.012804842605544792,-0.046252995675895824,-0.10976148557697851,-0.2553016945782196,-0.2867811000035777,-0.41256952646850126,-0.36386811417093057,0.31594134103852145,-0.12479618717266176,-0.26463402725168356,-0.20882997275045564,1
-0.1749977424843705,0.18140777454752677,-0.15484123025532542,1.7718540298733036,1,0,0,1,0,0,-0.5081606796529707,-0.16404544244364969,0.07324181991846762,-0.4754137203092577,0.668280940961365,0.24124736350565315,0.9964441731149235,1.6128452481636284,-2.0284986890594814,1.1057461202150014,0.6528261431650094,-0.06759454390210183,-1.2215732233986762,0.8568864511870967,0.7685801818210939,-0.6365901359002982,1.0936369304789462,1.019004416610151,0.9848575718326791,-1.068960644785851,-0.5293890332158698,-1.4437339650179262,2.133313968991525,-0.4093600121229979,0.14615352079853908,1.068960644785851,-0.9848575718326797,0.8001630639334981,0.7161642658861095,0.018034525485845748,-0.3153027715758717,0.12023730520615308,0.7941451013999841,-0.22015379130249568,-0.6516131881728072,0.2638024885416898,-0.27629743884854874,-1.1658209625447336,1.2459192569225261,2.336280003226962,1.9715216850734973,-0.794369942049485,1.933084078385452,1.4054416161681371,0.904619530814692,0
-0.6119022025574117,0.28447883843337485,1.0038746524609323,-0.8681093238500562,1,0,0,1,0,0,-0.48292280564470574,-0.18904874181302367,-0.041896812837936774,-0.4297003976842359,0.5328836449143904,0.1866898547031171,2.3085491017292945,1.7578309598204376,-0.8073907183353146,1.55947567471903,0.4883175905762603,1.2208620751139658,0.006864127383122693,2.4412542317372896,1.0036048527682726,0.22640320092808144,1.490062049298652,0.9217786858133412,1.2994551316290601,0.3763264807979944,-0.77082125833993,-1.4072888483533517,1.3312435424048108,-0.6292310062115523,0.2651006934589298,-0.3763264807979944,-1.2994551316290608,1.8307060679680403,0.5660657690356972,-0.8007503202790929,-0.5737127814690962,7.593435579547688e-4,-0.9701345517591269,0.18764225758709038,-0.3747723420151606,-0.6663639641110671,-0.8036612908751883,-1.3934507795363622,-0.5057382938501646,0.20981149912292413,-0.0592520533999176,-0.7626467625326843,-0.5363722402842841,-0.4316415915936655,-0.76555472453303,1
-0.7147032519863632,-0.3339475448817109,-0.4445202009343899,-0.13478617003801185,1,0,0,1,0,0,-0.6343500496942954,-0.008792397522188045,-0.6047967952025805,-0.09292629935812594,0.13559032629477505,0.06505344163516784,-0.7027093985230987,-0.1937118301665594,-0.9030101708241481,-0.24094029579994608,-0.22799147142623954,-0.31279687401759554,0.5392301681774371,-0.7389307170640795,-0.7903359824320856,-0.9160174525802451,0.0629660533762248,0.7061645898639832,-1.2010128806784757,0.7645323233097278,0.2388036585544144,-0.5258656712599951,0.31393595507961697,0.38793085613537065,0.9858323571736629,-0.764532323309727,1.201012880678475,-0.7317251853070371,-0.7848207026180125,-0.20940570944885942,-0.6383152839424023,-0.5795621844475838,1.2667200084961745,-1.1988643086375024,-0.8730858650989243,0.5118468759157585,0.22331042096616224,-0.482931511569848,0.041654690766301246,0.19684522775643593,0.34690269429476517,0.41111087958892223,-1.6887851889968277,-1.6563637301015341,0.40975308478573785,1
0.4932090788038099,-0.12780541711001567,0.5693561964423357,-0.4281154315628296,0,1,0,1,0,0,-0.356733435603381,-0.3024357970927428,-0.054689994255315046,-0.42854309837727333,0.3214910970502397,0.09859289376787443,0.6359556918633948,0.939724365245921,0.12090890545942651,0.3705357242633226,0.5550957262570261,-0.08327000153034501,-0.5471627919877301,0.6672131039050755,0.47849835685855585,0.5593793853031682,0.04620180369910261,0.2484752844003436,-1.3361733137761789,1.2116300738185948,-0.21764039852432082,-0.8104520329332503,0.39683581165207354,-0.45475694083799295,-0.4790638770559159,-1.2116300738185954,1.3361733137761782,0.8558680911786088,0.7161642658861095,0.7185504490847379,0.9250652759116064,0.9053781960371756,0.16404522527173035,-0.8726274695258333,-0.3747723420151606,1.13195784435093,-0.16527347000083534,-0.7105613285614767,0.21499580256151593,0.39133929825375646,0.17767154942198057,-0.3502454288142823,-0.6186874509066087,-0.09762646290970158,-0.023255055489598248,0
0.31330724230314594,-1.6738713753977288,-2.617112481027373,1.7718540298733036,1,0,0,1,0,0,0.551830028694157,-0.5600279278051304,-0.5536240695330674,-0.13343177510181614,-1.0134785885503494,-0.32758174466505074,-1.409276178736872,-0.8863920310189218,1.0722398197099654,-1.7109767696293472,-0.708151017929691,-0.6306672432625263,0.20296378469091464,-1.379270852473594,-0.6137559706503635,-0.2909277358051799,-1.3800899148623207,-0.7025444154918064,-0.6392523306161405,-0.2261522221554376,0.5814816477806456,0.6017536222146856,-1.758142071310436,0.9429456974149694,0.23473312313538297,0.2261522221554376,0.6392523306161398,-1.3166279713806959,-0.6347222057676005,-0.24579614703841146,-0.354064273059855,-0.8526546682148961,0.3845801819166189,-0.5463906304141645,-0.319404172783631,-0.6043528672675491,1.0282341951120857,1.1863538130354276,1.5561086148718575,0.22277777048941236,0.600749411603942,2.5682870867313348,0.5337254978059351,0.45906541823023866,1.646919199858125,0
-0.8689048261297889,-0.9008383962538722,-0.4445202009343899,-0.4281154315628296,1,0,0,1,0,0,-0.6217311126901629,-0.05821752418257845,-0.31055362260288033,-0.34174565035508003,0.599572517818556,0.2193349214456182,0.9461275410630001,0.9014142498989532,-1.2156991672507638,0.7244469553514569,0.348319762501812,1.489481502154925,0.7505587487304476,0.855669394365398,0.09977765492345739,-0.33259378443530774,0.44364409978833985,0.7485223118651827,1.2994551316290601,0.7426913412446393,-0.46063860034113646,-1.1372642826983375,1.3276768096597877,-0.5387712041643713,0.2779535989409879,-0.7426913412446393,-1.2994551316290608,1.217950768271826,0.491016520610491,1.1916261377489248,0.8087807714596554,0.9736513169790033,1.6447799341731264,1.4110304042558486,0.7879592118469556,1.2559800380379649,-0.38732140769626244,-1.0140677512169813,0.269735101023162,0.9359226956462544,0.6345956405784983,-0.3185222492974822,-0.8656330827735822,-0.6543183440496418,0.47161139053935697,0
-0.894605088487027,1.5213316050635446,1.4383931084795292,-0.8681093238500562,1,0,0,1,0,0,-0.5586364276695006,-0.11636473201833188,-0.4128990739419065,-0.22370112104489714,0.29434179954152556,0.08338834213438077,1.3634467211434134,-0.7837247656570699,-0.2321530219501266,0.648935301314102,1.0338157593428634,0.4559135714821125,-0.9547187493523057,0.9740731203905468,-1.2274656317999042,-0.23261986443461696,0.28462668799593865,0.9229954834185521,0.6912331826893902,-0.06374491962016399,-0.9226234709823833,-0.1539612876272019,0.08360042819551111,-0.5944387746549455,-0.442885676205755,0.06374491962016399,-0.6912331826893908,0.38237535959517033,-1.3852146900196616,-1.4011925405067138,-1.2843403086754637,-1.1257471519822078,-0.2770246880180474,-0.709509049969999,-1.0391903727935126,-1.3484860293897554,-0.9146852597229018,-0.2553016945782196,-0.350643614875499,-0.2569742700706454,-0.4654068010946016,-0.3185222492974822,0.4514102871836102,0.45906541823023866,-0.5799798072721716,1
0.18480593051695732,-0.05050211919562982,-0.15484123025532542,-0.4281154315628296,0,1,0,1,0,0,-0.4198281206240434,-0.21812234573090036,-0.5664172509504457,-0.12185878203219036,-0.24894681527076554,-0.0735762938466861,-0.15299928816991748,-0.6713789901763139,0.6546127674365844,-1.2286923774613863,-0.3753378805603283,-0.6098979381065273,-0.08340045646176113,-0.7571592159825633,-1.0801541186699393,0.9071767272705277,-1.6825136297824022,-0.8305092234960222,0.4251360800282837,-1.2534728335413483,-0.5437953326589681,-0.1605859502084414,0.01674754037348901,-0.008467580865700408,-0.3228729839765075,1.2534728335413483,-0.4251360800282844,-0.5367575899491508,-0.7848207026180125,1.1552357001593716,1.519408298666023,0.615217432034406,0.4790951633358572,1.5741488238116832,1.4523772426253072,0.8839134569768611,-0.44283339212011924,-0.02767187758659086,0.40658334717727845,0.35244048415429274,0.3299795798074865,-0.0647368131630805,1.5215080252738291,0.9044189231421907,-0.20882997275045564,1
-0.5091011531284612,0.8513696898055362,-0.15484123025532542,-0.13478617003801185,1,0,0,1,0,0,-0.2810198135785862,-0.3460462029695579,-0.4768649810287978,-0.19418998871735144,-0.2634150275095082,-0.11605959988144779,-1.1424841010305806,0.05361670400938961,0.3834261610444228,-1.9336877854913985,-1.1139265959148112,-0.4795794938335109,1.1919302974632362,-1.3484457797623992,-0.18882008903954786,2.004148410296311,-1.6500518464268166,-0.6676906716911247,-0.7917349400062124,0.13114384342216406,0.2413008187430616,-0.26274642904666906,1.4898194660117632,0.9761242815697037,0.7962891448570749,-0.13114384342216406,0.7917349400062116,-1.1495128896453646,0.26586877533487285,1.4736520290679587,2.488445835765615,1.4515631635718003,-0.2140147004052217,0.5138790966987595,1.0648000580046022,1.3800022317249987,0.27882240539001907,-0.17942508891434333,0.23324223538206504,0.9877877811122063,1.3792126780187515,-1.2702176348014877,-1.0302635040182315,-1.0996718489615938,0.40975308478573785,0
0.08200488108800677,-1.0812127580541053,0.27967722576327125,-0.13478617003801185,1,0,0,1,0,0,-0.5207796166571032,-0.15125305671978392,-0.68155588370685,0.008337390001099575,-0.39298124726146477,-0.1227674903079891,0.24730072109907508,-0.2401514263919291,-1.1568686943756321,1.012230526831737,0.48233195552010083,0.7547995536623276,-0.484242291821381,1.478209701583395,-0.6897572418023777,-1.9695052678574991,1.7433789373053452,0.8187394751826068,0.4025854781078499,0.6301771912123648,1.133132043953205,-0.36136829361195166,-0.39768459529066846,0.36124657316583536,0.17228457795832272,-0.6301771912123648,-0.40258547810785056,1.6635909862327087,-0.4846237089171882,0.6639647927004092,-0.5478717804797735,0.12023730520615308,2.0858498474629035,-0.38327221085833024,-0.5962450189412776,0.8839134569768611,1.055990187324014,-0.3311783002420958,0.03253147435602734,-0.17917664187171697,-0.025405824425361403,0.28421816152172197,-0.4540570296619595,-0.2089648391376897,0.16231986177126023,0
0.004904094016293398,0.1298722426046032,-1.6032360836506476,0.3052077222492148,1,0,0,0,1,0,-0.7731583567397526,0.5290692749585311,-0.34893316685501513,-0.30991991941360914,1.357548890776926,0.6464039452687488,-1.3686921676729065,-0.8648589049666248,0.07930878911539387,-0.9685907543815477,-0.5736661723167139,-0.6895489083137402,0.6225732251259526,-0.9480871208041349,-1.0071506866251771,0.16637704055522662,-0.868445381749963,0.15833805198179018,-1.175091701728231,0.22497917377587734,0.9558822966730188,0.1781045404357221,0.05877510883647403,0.44736804632182453,0.9003804096250725,-0.22497917377587734,1.1750917017282303,-0.8431352397972577,-0.8598699510432187,0.391036510778763,0.42116575661981864,0.03489590402886805,0.9516700704320475,-0.38327221085833024,0.17890935030013266,0.8839134569768611,0.917210226264372,0.19995793940503753,0.10551720563822252,0.11904759955750843,0.2961333508329291,0.5697267771729232,-0.8656330827735822,-0.8769950965056176,0.47161139053935697,0
0.18480593051695732,-1.3388904177687242,1.7280720791585935,0.3052077222492148,1,0,0,1,0,0,0.08492935954125552,-0.4803662530701483,-0.822280879298011,1.9236677430241647,-2.112420046924809,-1.856086376526266,-0.39007445658716966,-0.09870430122266546,0.27653602388699666,0.006864384234818583,-0.6237735255925413,-0.11247546689682614,1.059842532587915,-0.2793398400767759,-1.3835410131043833,1.7626680289478958,0.17934552299971024,0.4943759798579802,0.6380137621571677,-0.7861774033115495,0.26329495050579044,-1.250526263797073,1.3932773693707974,0.16856261033987377,1.293598055035125,0.7861774033115495,-0.6380137621571684,-0.09111737198826762,-1.1600669447440433,0.8277217618533966,1.7132158060859415,1.7246556473391115,-0.844114576533476,0.8401159358104279,0.5664865349208381,0.8219023601333442,0.6118943119331598,-0.9381911455531051,1.3462746374355445,1.9861906763317847,1.9545985705862188,0.7917890337905242,-0.28942660841731066,-0.6543183440496418,1.770635811365363,0
-0.7147032519863632,0.5679242641194551,-0.4445202009343899,-0.13478617003801185,1,0,0,1,0,0,-0.6343500496942954,-0.008792397522188045,-0.7199354279589849,0.12985381723217018,-0.25795211518239364,-0.10711574597939269,-0.17474127390965016,-0.4373700850753311,-0.16020048568404616,-0.23725980395389806,0.29008556106380967,-1.1943312661635568,-0.46986803677567884,-0.6005328817771264,-0.6062413535979988,-1.198099230256011,0.33809400650466,0.865725717402483,-0.67984341407292,-0.9546649792422314,-0.35706338456298375,-0.007015111834759903,-0.9849747514798695,0.6557709178065478,0.4680872266018804,0.9546649792422314,0.6798434140729193,-0.5646101035717058,-0.5596729573423944,0.02713213488323473,-0.5995537824584191,-0.4430159425639276,1.7077899217859516,-0.7910682597479163,-0.5962450189412776,0.7598912632898273,-0.16527347000083534,0.27583454506891375,0.8718673841012752,0.1709126850234604,0.43151826673115745,1.6165917012273294,0.4514102871836102,0.013711913318286572,0.5953280020465953,1
0.2105061928741954,-0.12780541711001567,-1.168717627632051,-0.4281154315628296,1,0,0,1,0,0,-0.7605394197356201,0.4970883106488667,-0.054689994255315046,-0.42854309837727333,1.5365566440209162,0.713482849534162,-0.2097100363105766,0.2501309963656292,0.11598228644840519,0.5757143653424588,1.3382189471829389,1.9216474924427491,-0.5515443331014512,-0.5515894911925021,-0.660688789867207,0.6660631599403457,0.2137349446341931,1.2420913691913478,1.233103646290187,1.3979208031972914,-0.25953481002066003,-1.0051761683379241,0.5107775698492125,-0.56581705317794,-0.527089703355221,-1.3979208031972914,-1.2331036462901876,-0.5367575899491508,-0.6347222057676005,-0.07294156848803632,0.279040251178545,0.3591932285025509,0.3530751881102058,-0.30171300108041293,-0.8177176958673952,0.20179139169817292,-0.24854144663662048,-0.9381911455531051,0.014285041535478216,0.2746428559553643,0.025363519036474696,-0.5405845059150832,-0.8656330827735822,-0.32030321536567735,-0.332546584257695,0
-0.020796168340944693,-0.10203765113855341,-0.8790386569529866,0.3052077222492148,1,0,0,1,0,0,-0.596493238681898,-0.08729112810045517,-0.7583149722111197,0.32948794768321477,-0.5807080307202706,-0.3217682396287149,-2.8068156741603616,-0.23451938928768756,-0.7470937441659371,-1.1281460873620752,-1.4093433368984662,0.24497655225967083,1.037055497360495,-0.7168798978270916,-0.6266006048423863,1.075374338885269,-0.021276937139624582,0.3580302891715788,-0.5252107151899512,0.8550163918650944,3.1866475732186057,-0.30582950882185495,2.1019496779372284,1.5029547354585808,2.181762254352418,-0.8550163918650944,0.52521071518995055,-0.5646101035717058,-0.40957446049198204,0.7094528396873502,1.2093162867941527,1.1443341193335734,-0.18250970659880966,-0.5463906304141645,-0.3747723420151606,0.8219023601333442,3.02666563437093,-0.2553016945782196,0.11464042204849642,1.1952481229760152,1.836136769175269,-1.016432198667086,-1.9357308208638015,-1.9347096706715041,0.5953280020465953,0
-1.6656129592041589,-0.41125084279609675,1.7280720791585935,0.3052077222492148,1,0,0,0,1,0,-0.5333985536612357,-0.13671625476084556,-0.6943490651242283,0.02280363133813179,-0.41489264600104153,-0.1227674903079891,1.4425921833051465,-0.6747218291862296,-3.595454772883381,1.1144932662374671,-0.08973452242078245,-0.19630554770458172,-0.20612921388023547,0.8378146020364127,0.6375450055832756,-1.4986301702199536,1.1022491486291321,0.43903680986142396,-0.08286747959746427,-0.18555039652161812,-1.1688250687867427,1.5647554762706577,3.4091283292510712,-0.4126371139859011,0.5452932672302063,0.18555039652161812,0.08286747959746356,1.217950768271826,1.0914105080121401,1.2462117941332536,0.14983524623193267,0.59814915179895,2.1173548412693166,-0.22015379130249568,-0.2086678343205727,1.5040244254120325,-1.1644891896302574,1.1104772073715516,-0.6608329728248301,1.0396528665781584,0.7869036709640054,-2.4439752769230942,-0.6186874509066087,-0.7656567202776299,-0.5799798072721716,1
0.05630461873076867,-0.9008383962538722,-0.8790386569529866,1.478524768348486,1,0,0,1,0,0,-0.7479204827314877,0.4476631839884763,-0.579210432367824,-0.11317903722997104,0.7425144618151502,0.43175145161942663,-0.7184941555520066,1.7240495642440345,-1.0878377708741689,0.2887017373762984,-0.4071228121547393,0.7317497242443927,0.7162514452368477,0.2970637181448008,0.9075833290448511,-1.2326258714551095,1.0442367261679506,0.8813137703389438,1.5275383624814358,-0.5169746011139472,1.2959061803573317,-1.45711507732593,0.24844054873952764,0.6454298408169414,1.3897109579629234,0.5169746011139472,-1.5275383624814365,-0.20252742647848845,0.11577027848446049,-1.6468279942361959,-1.8916038319245418,-1.5012493171622625,-0.18250970659880966,-0.13859458152457876,-0.762349526635866,-1.5965304167638241,0.4731143508735179,-1.6210805965279906,-1.7647421584680356,-1.3980061503215924,-1.1084851516111824,-0.7626467625326843,-1.1948939252628807,-1.4893561657595522,-1.5078543935764617,1
0.8016122270906633,-1.3388904177687242,3.176466932553916,0.3052077222492148,1,0,0,1,0,0,-0.571255364673633,-0.11055001123475654,-0.822280879298011,1.9236677430241647,-1.2922481779456862,-1.571671822440914,2.3265860549411794,-0.0010309920555974812,0.49745473420718767,0.8318455279021726,0.2759927855502993,0.6895916785154617,0.31673733643972846,3.3638097601513484,-1.256802423277978,2.056486590191696,1.2325243901401923,1.6812045357655865,1.3634784946753398,-0.41176056791003435,0.12590453300193288,-1.257622008837368,1.3865334098384847,0.09838044503753038,1.2825648710351976,0.41176056791003435,-1.3634784946753404,3.4740043716987956,-1.0850176963188372,0.5002078235474204,1.5581698001500064,2.100157812519166,-1.0646495331783645,-0.13859458152457876,-0.7069813574043363,0.5738579727592754,0.4731143508735179,-0.9381911455531051,1.3918907194869166,2.02508949043125,1.9545985705862188,0.886958572340925,-0.5363722402842841,-0.7656567202776299,1.770635811365363,1
-0.7147032519863632,-0.12780541711001567,-0.4445202009343899,-0.4281154315628296,1,0,0,1,0,0,-0.6343500496942954,-0.008792397522188045,-0.054689994255315046,-0.42854309837727333,0.8908991514023729,0.3244252047947655,-0.1431233633905565,0.3524383180064052,-1.4447185121375554,1.1317052340375482,1.281283671446283,0.5832665669586097,-0.744069995650454,-0.6062567116284548,-0.5777108054461713,-1.4720595420638607,0.7155103724485764,1.1228242174071512,0.08301123374971872,0.7131765006161427,-0.40674804215068183,-1.0624706547714946,0.49570072955555244,-0.8193729223655901,-0.5695122166872691,-0.7131765006161427,-0.08301123374971872,-0.5367575899491508,-0.4846237089171882,0.21818193222838655,-0.5995537824584191,-0.3064697006802721,2.1488598350757298,-0.30171300108041293,-0.3747723420151606,1.0079356506638961,-0.3318094232724056,-0.9381911455531051,0.2879815338437111,0.5080357405521495,0.12690220596014448,-0.1916295312302808,-0.12479618717266176,0.23638866577426285,0.038603250264021984,1
-1.1259074497021662,-0.10203765113855341,1.0038746524609323,0.3052077222492148,1,0,0,1,0,0,-0.6091121756860305,-0.07100990990644421,-0.7583149722111197,0.32948794768321477,-0.5451168139911332,-0.3092468441658378,-2.138309839543623,-0.3196074911291083,-0.6946982163780441,-0.6248391734168641,-1.1051763478261745,0.7991365202169213,1.1752678754465136,0.2437565204942385,-0.9803261697343109,1.0704016455113126,0.4220818413027175,0.6474548170437159,0.4407888507730546,0.6527578856825103,3.2169305273006983,-0.5433979245051132,2.025326158914502,1.2626465407056688,2.0688969912403548,-0.6527578856825103,-0.4407888507730553,-0.11896988561082296,-1.1600669447440433,-1.2101427431615621,-0.5607922809744348,-0.3747428216220998,-1.442709458855317,-0.7910682597479163,-1.0391903727935126,-1.2864749325462383,2.8601296810993593,-0.5588081172337243,-0.1864257194905595,0.858125067447326,1.3792126780187515,-1.016432198667086,-1.9357308208638015,-1.9903788587854983,0.22417816752487937,1
-1.305809286202831,-1.6738713753977288,0.5693561964423357,1.7718540298733036,1,0,0,1,0,0,-0.785777293743885,0.9244702882416543,-0.5536240695330674,-0.13343177510181614,1.168174353873405,0.8141012059322817,-0.5826138489280769,-0.9682193364833976,0.6564894846723847,-0.59900698732469,-0.06496856732219514,-0.35814249097165485,0.18034570398278954,0.08104797115522665,-0.7635540598106397,-0.44344829785072437,0.2967423003229787,0.41422213668648256,-0.16027754582615011,-0.329502323768793,0.8911209171472716,0.5639997296576305,-1.343065891424236,1.1034643805629059,0.4888696140943995,0.329502323768793,0.16027754582614942,0.49378541408539117,-0.3345252120667762,1.6374089982209463,1.1059522828368633,1.195538960039945,1.865314890818015,0.18764225758709038,0.2896456887631914,2.00011320016017,1.2780381250194413,1.0346006017076752,1.2824121225636245,0.2746428559553643,0.7192112130148905,2.028993034945732,-0.04248097655033679,-0.2089648391376897,1.4613442825972665,1
-1.6656129592041589,0.05256894469021735,1.7280720791585935,-0.8681093238500562,1,0,0,1,0,0,-0.7226826087232228,0.16274186559328455,-0.7711081536284979,0.4481111266468789,-0.17673452384362007,-0.22114988323059512,-0.4073387683593141,-0.5288448147607673,1.1535903281063935,-0.7328003640194225,-0.6233267014193107,-0.8902275135557314,-0.008573497929777248,-0.1688740729881888,-0.3999476925758112,0.78499713389483206,0.05445134659821335,0.2764107923293956,0.20465562353765385,-1.417139107414103,0.39767748918138845,0.3251972863745264,-0.7881502092968802,1.0439590386471893,1.0802165795860343,1.417139107414103,-0.20465562353765385,-0.007559831120602114,-0.18442671521636386,0.6912576208925736,1.0284292798688959,1.0077878774499178,-0.05648973137315825,0.10608304780917345,0.012804842605544792,0.8219023601333442,-0.026493508941193386,-0.17942508891434333,-1.2994581215440402,-1.436904964421056,-1.0238695791747903,-0.0647368131630805,-0.28942660841731066,-0.8769950965056176,-1.198562864808365,1
0.15910566815972013,-0.7977673323680251,-0.15484123025532542,0.3052077222492148,1,0,0,1,0,0,-0.81101516775215,2.6310908382210174,-0.6687627022894718,0.005444141733693132,1.3150646565363096,2.0192855192342054,-0.2918494162326898,-0.5382386809551843,-0.04809819427058622,0.2520107793026424,0.47956207958454056,1.140608331458186,-0.16629271076355584,0.8454352269475264,-1.3956430872771939,0.8913247165702323,1.1385819439502276,1.8490228402885514,1.4895244906727079,0.07836147009820059,1.2505726349806134,-0.6593751259577928,0.9614472239920471,0.7885480610322256,1.1817567299721532,-0.07836147009820059,-1.4895244906727085,1.106540713781605,-1.1600669447440433,0.9096002464298897,1.2868392897621204,1.7758604880454831,0.6996301199807459,-0.6279498401920818,-1.2052948804881005,1.3800022317249987,1.2502821328075124,-0.5588081172337243,0.24236545179233895,0.7154960824159574,1.0238272737859035,-0.1916295312302808,-1.1125787146405561,-1.211010225189582,0.5334696962929761,1
-1.074506924987691,0.1298722426046032,-0.15484123025532542,0.3052077222492148,0,1,0,0,1,0,-0.8236341047562825,3.253265962063579,-0.34893316685501513,-0.30991991941360914,2.417005104869876,2.7415017218251543,-1.4195835483876458,-1.1852301892329165,1.7619878244709475,-0.5380024774378382,0.1878625230360866,1.4443726981007423,0.0878477438997363,-1.0028885991714598,-0.9627408985155326,1.9884335613010677,-0.10449185205719991,1.1721083472199554,1.5985806802879148,0.3844992353771891,0.9718910089119219,0.6623129331187192,-0.41051241768735675,0.6231943061740504,0.9001051879864247,-0.38449923537718983,-1.5985806802879157,-0.7874302125521474,-0.6347222057676005,1.273504622325418,2.2817178278510344,2.117226092754623,0.19555021907814235,0.18764225758709038,-0.4855086804782194,1.6280466190990672,0.8616982418405155,0.5793409677244183,-0.08607033897753999,-0.2829068128036209,-0.025405824425361403,0.728342674756924,-1.1125787146405561,-1.0996718489615938,0.22417816752487937,1
-1.6656129592041589,0.15564000857606544,1.7280720791585935,-0.13478617003801185,1,0,0,1,0,0,-0.7226826087232228,0.16274186559328455,-0.8350740607153893,2.6209405754691173,-1.00139976970615,-1.9003584533414386,-0.6460782099167381,0.7408707273983438,-0.10783259801731489,-0.7115865935238773,-1.1773302162372616,-1.0303245775847594,0.8894116854084062,-0.003988946590729781,-0.3145255979180473,0.7930730472152491,0.21890520603322036,0.2725838455661869,0.30418285154596364,-1.7069246864476295,0.8944017697435238,-1.3319531634731165,0.9443727026813092,1.178370235217259,1.7967120130465273,1.7069246864476295,-0.30418285154596436,0.02029268250195297,-0.25947596364157,0.1272058382545045,0.5245297605771081,0.59814915179895,-0.5605696322757617,-0.05703537174666111,-0.2086678343205727,0.20179139169817292,1.1670141561717275,-1.0899443568808573,0.9630995482040194,1.3638096507403592,1.8530598836625478,0.6331731362065233,-0.37174181903963527,-1.0440026608476,1.3994859768436472,0
-1.074506924987691,-0.7204640344536393,-0.15484123025532542,-0.4281154315628296,0,1,0,1,0,0,-0.8236341047562825,3.253265962063579,-0.6559695208720935,-0.0061288513359326405,1.8138318464919418,2.506725556896208,-0.4681183560427718,-0.20346117162167904,2.4494651874273825,-0.46264955262917623,0.21815063701730336,1.545101305602732,-0.338131080331217,-1.0656754032094353,-1.0083686953118796,1.9603377460583757,0.1144532018756772,1.3853910135402512,2.134471705597081,-0.009609152108407288,-0.4138803370748675,-0.7309047795675745,-1.3785505882456055,0.7384995337234058,1.0689581679803901,0.009609152108406583,-2.1344717055970825,-0.8709877534198129,-0.7097714541928067,1.1461380907619838,2.1395923224097615,2.100157812519166,0.16404522527173035,0.2692014673650073,-0.5962450189412776,1.4420133285685155,-0.16527347000083534,-0.4070549059059717,1.172933525640331,0.1709126850234604,0.46536449570571364,2.917242061416136,0.12214944469431245,0.1250502895462747,1.8943524228726025,0
-1.0488066626304537,0.18140777454752677,-0.4445202009343899,-0.13478617003801185,1,0,0,0,1,0,-0.09173575851659908,-0.415822852372462,-0.4896581624461761,-0.19708323698475788,-0.4788358070831726,-0.16748675981826458,0.28013718104091084,0.27645562332213014,-0.35512407607673657,1.1205532331834869,0.9835803659111171,1.044414995695753,-0.1114900358632061,-0.34346879965639954,-0.7825911595102114,0.49421013905578526,-0.1880985429787573,0.40040094081345806,1.7931882431212631,-0.3540047794704373,-0.7327275471797347,-1.1634266628373566,0.9821000370308188,-1.7003104213304858,-0.8877890604971396,0.3540047794704373,-1.793188243121264,0.014103235030274065,-0.351202822827933,1.6586367534815174,1.7160870284180878,1.5406975159125196,1.259718898761416,2.317243846232706,1.3662489793762618,1.1732985755799412,-0.49834537654397587,-0.8623145398892288,1.2367960405122524,1.6361013494366081,0.6853649840403343,0.41111087958892223,1.439192814651505,1.3497724280541432,0.8427612250610729,0
-0.894605088487027,-0.9008383962538722,1.4383931084795292,-0.4281154315628296,1,0,0,1,0,0,-0.5586364276695006,-0.09892056966760585,-0.3233468040202586,-0.32554346005760393,0.4143599156901133,0.17551003732554823,1.1823628139652227,-0.3323214553834108,-0.6217103803344418,0.7653282780948387,0.804087907717946,1.2663365866410672,0.041899228052017005,1.2984674453775766,-1.6743627192751684,0.4513870094432642,0.7669212556300391,1.5665835082832946,0.5873904109192033,1.1445654112422656,-0.34669090267475255,-1.2212181891145932,1.3034993302314526,-0.27344313984072877,0.48411022408542964,-1.1445654112422656,-0.587390410919204,0.49378541408539117,-1.760460932145692,-1.7287064788126896,-1.2843403086754637,-0.972132629863095,-0.844114576533476,-1.2804235184154193,-1.592872065108806,-1.4104971262332722,-0.3595654154843339,-1.1658209625447336,-0.13168642102891215,0.5469345546516133,0.39767203775660004,-0.5723076854318833,-1.3595243465075295,-1.0996718489615938,0.16231986177126023,0
0.5960101282327613,1.2121184134060021,-0.15484123025532542,-0.4281154315628296,1,0,0,1,0,0,-0.6974447347149578,0.12785354089183248,-0.38731271110714993,-0.2896671815417641,0.7872051189147748,0.32218924131925175,-0.5927284735922318,0.055478157963954965,0.3900814726369365,-0.7492118720199005,0.043348019702829414,0.4684480293306438,0.3617151293337087,-0.4653576362425108,-0.25684551028939556,-1.007321392999726,0.45775807124920515,0.41358102404080455,0.6912331826893887,-0.04664941409013511,0.35922350414911136,-0.33344770670295615,-1.5455152951613007,1.4660419715737911,0.34742682433645283,0.04664941409013511,-0.6912331826893894,-0.2582324537235989,0.04072103005925432,0.9641859028142197,0.22735824919990022,0.4103980692089227,1.8023049032051899,0.4323198869208419,0.12354118106860354,0.7598912632898273,0.3065783976019474,-0.3311783002420958,-0.058700689746716966,-0.840456481562607,-0.2792525417345383,0.728342674756924,-0.6186874509066087,-0.7099875321636356,-0.023255055489598248,1
0.08200488108800677,1.4182605411776974,0.27967722576327125,-0.4281154315628296,1,0,0,1,0,0,-0.5207796166571032,-0.1338088943690579,-0.15703544559434116,-0.3996106157032089,0.5077234935847349,0.20591914059253555,0.83396014731002,-0.714983220376959,-0.12626811731462517,0.6024696340830212,0.15662356904866118,-0.7836374066006474,-0.9348227847137142,1.6222215494452072,-0.46953638416922966,-1.7037885919080957,1.5899245002828517,0.8121412316916085,0.3422533759207262,-1.408230689975459,0.4612627724767018,0.5109656660598699,-1.5395304757461588,0.762644310767012,0.5892795317286184,1.408230689975459,-0.3422533759207269,1.9421161224582606,-0.18442671521636386,0.9550882934168308,-0.18609776662925942,0.4445346296798359,2.1488598350757298,-0.30171300108041293,-0.4855086804782194,1.13195784435093,0.5008703430854462,0.5793409677244183,0.269735101023162,-0.5940973255993336,-0.2792525417345383,1.7117612397777302,1.1922471827845313,0.514734606344233,0.34789477903211874,1
-0.38059984134227254,0.15564000857606544,-1.168717627632051,-0.4281154315628296,1,0,0,0,1,0,-0.4576849316364408,-0.21230762494732502,0.2267599969270068,-0.49913835610199053,0.6742653199713425,0.22246527031133748,-0.15195391209137463,-0.8399271074990383,1.262349712476699,0.03901198224308322,0.6546479612013802,0.4876183766283998,-0.7514512309568118,-0.14194951108008225,-1.3224469763590398,1.4646174852285867,-0.2665671035858927,0.9315200986038659,0.9416775146057242,-0.26889098598050765,0.06946133480026231,-0.17197203556213905,-0.2538750204384315,-0.31702604801421314,0.05837365903367906,0.26889098598050765,-0.9416775146057249,-0.14682239923337803,-1.2351161931692491,-0.027453521501095285,0.7312577684916879,0.5810808715634928,-0.24551969421163483,-0.6279498401920818,-1.0391903727935126,-0.10826409251941274,0.16779843654230542,-0.02767187758659086,0.44307621281837667,0.2357440418559006,0.09305597698558829,0.8552353928241243,0.4514102871836102,0.3477270420022505,0.7190446135538346,1
-0.12359721776989524,-0.3339475448817109,0.5693561964423357,-0.13478617003801185,1,0,0,1,0,0,-0.21792512855792381,-0.3751198068874346,0.86641906779592,-0.6067671916495102,0.6558339581492624,0.18042915697167852,-1.1496290618879166,0.34702671777862315,1.2050792995759236,-0.35882775343826334,-0.14124332573719242,0.43601858433186264,-0.06499585128523375,-0.2549155562226461,-0.3364232112564794,-0.8871222048042171,0.16204061048092583,-0.5660744624140657,-0.22931895624632825,0.8221130942085976,1.343878575430143,-0.8133264486133912,-2.5388560350047493,0.6454298408169414,-0.3690382941067605,-0.8221130942085976,0.22931895624632756,-0.20252742647848845,-0.25947596364157,0.19998671343360988,-0.3023822710812103,-0.22112829950298704,0.29006520049738066,0.10608304780917345,0.2342775195316623,0.20179139169817292,2.3050098368607914,-0.17942508891434333,2.5687856364123185,0.4172718409867329,0.6684418695530556,3.900660626436942,1.439192814651505,2.2404794378780473,3.873818206988421,0
1.8039224590229344,-1.6738713753977288,-0.4445202009343899,1.7718540298733036,1,0,0,1,0,0,2.533003138342955,-0.7385398558608935,-0.7455217907937414,0.19350527911511192,-2.2428753921455313,-0.7175337747946529,-0.4145307052211641,-0.1134586171404757,0.13593828297356564,-0.6124245559774397,-0.4756423314703991,-0.7022554117486373,0.04651575468817426,-0.3110734958687565,-0.5033972081971143,0.9597047551085245,-0.6939974743727301,-0.7690943564063959,-0.5505532963957722,-0.41176056791003435,0.2655940646013741,-0.34856675969320305,0.7785785385260148,0.13919004897851625,-0.13251262100708155,0.41176056791003435,0.5505532963957714,-0.3696425082138195,-0.5596729573423944,-0.3367722410122935,0.188596747715916,-0.10165033785478751,-1.2536794960168407,-0.13859458152457876,0.12354118106860354,-0.6043528672675491,0.08453045990652028,-0.482931511569848,-0.5422311594912614,-0.08841274230630035,-0.025405824425361403,-1.2702176348014877,0.2044646553166367,0.013711913318286572,-0.7036964187794109,0
0.2105061928741954,-0.7719995663965628,-1.168717627632051,-0.4281154315628296,1,0,0,1,0,0,0.8925413278057338,-0.619338079797599,-0.7071422465416066,0.10960107936032508,-1.6142537489848423,-0.5610163315086887,0.7504613364897845,0.8096318814215102,-1.9256184334421387,0.5110433530502894,-0.7972445339383705,-0.7192218590698163,0.3029564003700488,0.8148065602016549,0.055404460355169584,-2.1531273887001463,0.33121103326556123,-1.1354227217870112,-1.0618771407249559,0.07222398482797085,-0.22938964226287026,-1.0557421937796538,0.4686995282849184,-0.36196340925396764,-0.07206235578383985,-0.07222398482797085,1.0618771407249543,0.27096530510494976,-0.40957446049198204,-1.3738997123145495,-2.0724908388497987,-1.8767514823423164,-0.43454965705011084,-0.5463906304141645,-0.09793149585751397,-1.4104971262332722,0.0012624832707351544,-0.7864379342253526,1.0269620630759395,1.143383037510063,0.9053654723749538,0.47455723862252236,0.7806711296729086,0.9044189231421907,1.0901944480755505,1
-0.9717058755587404,0.5163887321765315,0.5693561964423357,-1.8947617391869185,0,1,0,0,1,0,0.5644489656982895,-0.5582835115700578,-0.06748317567269331,-0.4302790473377172,-0.39467783881260005,-0.09683031399202933,0.3453512276453755,0.2175293678958541,0.4063895458612188,0.881950972057745,2.030874333355405,1.6312319588716686,-1.799857039906984,-0.29590167348172375,0.9693087173715634,-0.2673967409988641,0.1831283463157647,1.0486897364250405,2.259805577323277,-0.016441821794354616,-0.7758807544617692,0.6724663102398352,-0.8242560603831245,-1.0098719310838047,-1.6163946806681728,0.016441821794355316,-2.2598055773232777,0.6330479821981672,2.81754322179188,4.312106161053079,3.4316423718758844,3.380278830178441,4.795279314814395,2.6344185509246065,1.397009073393778,3.860446105465684,-0.6648813298155464,0.8069707847160468,0.44307621281837667,-0.07544647093981212,-0.4654068010946016,0.15732544345452057,1.6861384465184783,1.8507951210800897,-0.2706882785040748,1
0.18480593051695732,0.18140777454752677,-0.15484123025532542,-0.13478617003801185,1,0,0,0,1,0,-0.81101516775215,2.5584068284263255,-0.4896581624461761,-0.19708323698475788,1.7490309951810465,2.1199038756323256,1.057531660997704,-0.4930918718734127,0.22910818565490076,1.8667775727138742,2.094547640966389,1.6841743808433751,-1.6032303667973153,0.7802862611717897,-1.6164239136237937,1.3001264604802538,1.061217576499664,1.9716393131586554,2.246877782862007,0.06858695651968806,-0.6908706794619965,-0.9425139234246498,0.99330314410489,-1.4696108832484636,-0.7980924749026749,-0.06858695651968806,-2.2468777828620077,1.050835686536495,-1.3852146900196616,0.9459906840194431,1.5581698001500064,2.014816411341881,0.4790951633358572,-0.13859458152457876,-0.983822203561983,1.5040244254120325,-0.6371253376036178,-0.8623145398892288,0.0963939892279486,0.5987996401175653,-0.07617516788719629,-0.44541496736468245,0.5337254978059351,0.6260729825722207,-0.08511336124321738,1
1.0329145883058024,0.5936920300909173,-0.8790386569529866,-0.13478617003801185,1,0,0,1,0,0,0.12278617055365294,-0.48443655761865106,-0.7199354279589849,0.12985381723217018,-1.2836431252495475,-0.472919370573446,-0.46932461207733833,-0.2729575040765394,0.795752750496433,-1.4947472282750902,-1.7977502124686242,-1.1242964536518094,1.5998368086045822,-0.9824141678703708,-0.42045882098392956,0.15373868370071367,-1.5184614994988752,-1.9173072902008954,-0.7684994947658201,-0.7712178265546397,-0.3290093633816929,-0.04656367621302131,-0.9333281171864845,0.5136266423173081,0.46528592746319797,0.7712178265546397,0.7684994947658194,-0.8988402670423681,-0.3345252120667762,0.21818193222838655,0.26611975068388355,-0.3747428216220998,-0.7180946013078251,1.247911984700014,1.9506907657090713,0.07776919801113909,-0.10976148557697851,0.27583454506891375,0.9995924138451164,0.30057539868834077,0.49921072468027106,1.7752075988113303,0.5337254978059351,0.18071947766026855,0.8427612250610729,0
0.13340540580248203,0.0783367106616796,0.27967722576327125,0.3052077222492148,0,1,0,1,0,0,-0.34411449859924853,-0.3140652386598935,-0.5408308881156891,-0.1305385268344097,-0.3040264947474256,-0.14065519811209928,-0.43936754555987995,0.7217004889449106,0.9568108952709872,-0.632795831609402,0.12130799744019514,-0.5443361648307599,-0.06473008202425434,0.888570728126845,0.6291044554864568,-0.5673802694114038,0.736755664571249,0.8642433957866563,-0.45503125954306783,-0.29111514316954507,1.4988006693277673,-0.3603335370364104,-1.8781550000040443,1.5854206492013703,0.6860591268092442,0.29111514316954507,0.4550312595430671,0.744458036688388,0.491016520610491,-0.2185033188462471,-0.4703487775118068,-0.1699234587966153,0.6366201323679207,-1.0357458890816678,-0.983822203561983,0.20179139169817292,1.8609139614699375,-0.02767187758659086,1.099947794358136,-0.17917664187171697,0.4484413812184362,2.3462248301137336,-0.37174181903963527,-0.5429799678216537,1.1520527538291696,1
-0.38059984134227254,-0.3339475448817109,-1.168717627632051,-0.13478617003801185,1,0,0,1,0,0,-0.4576849316364408,-0.21230762494732502,-0.5920036137852022,-0.09292629935812594,-0.24609094459855363,-0.09146400165079628,-0.32408124516673503,-0.5625863719879087,0.8772979818085056,-0.3702427889231074,0.11956606836364511,0.7095798662917254,0.32472986544662047,-0.23768881314173476,-1.1976960884489467,1.482382205612551,-0.21485657492072047,0.8867484316567424,0.5174554829923397,0.45457625868389784,0.2131469989272031,-0.4276581979014747,0.2903554254571053,0.2871260199639512,0.7102955071987467,-0.45457625868389784,-0.5174554829923405,-0.28608496734615396,-1.1600669447440433,-0.2548937564358004,0.5245297605771081,0.4103980692089227,-0.49755964466293656,-0.8726274695258333,-1.149926711256571,-0.35630847989348147,0.3343343898138759,-0.2553016945782196,0.534308376921121,0.6117659114840535,0.7022880985276131,0.6014499566897238,-1.277209135885205,-1.266679413303576,0.5953280020465953,0
0.2105061928741954,-0.978141694168258,-1.168717627632051,0.5985369837740325,1,0,0,0,1,0,0.8925413278057338,-0.619338079797599,0.5593827137788417,-0.5529527738757504,-0.1498348810861507,-0.04898069561603459,0.4912074288693774,-0.4345473204136586,-1.1711898863847405,-0.24652469877731165,-1.5773406931822138,-2.2450349245317804,0.7890334312493259,0.8171274880969934,-0.014774235899673957,-2.011124625423324,0.5193666768323417,-0.7615333433586641,-1.1515885432024495,-1.919828377166137,0.1334282710295221,0.5816293294578634,-0.4199304866495564,0.8480340698814833,1.307131063567874,1.9198283771661375,1.1515885432024489,0.49378541408539117,-0.25947596364157,-0.7461646638947628,-1.5685913195580112,-1.3305665148076924,0.16404522527173035,-0.6279498401920818,-0.1532996650890431,-0.790386157798101,0.6396503041450882,1.33810702436318,1.990981930428273,1.4113526457508154,1.740239120414025,2.737477377487602,0.8904247438360077,0.013711913318286572,2.018069034379841,1
0.08200488108800677,-0.05050211919562982,-0.8790386569529866,1.0385308760612593,1,0,0,1,0,0,-0.7353015457273552,0.20053755068652426,0.36748499251816774,-0.5315427366969427,1.6244573095884214,0.5650148747600474,-0.3224201594426963,1.4833653238942546,-1.3636121340972143,0.9455062806015617,0.23168932974298956,0.5647354555307329,-0.057926233390510055,0.35090372136908177,0.46588126235310157,-0.9396705596333118,0.846500589375295,0.6797465803399942,0.9153149533513734,-0.13756642077256032,0.7989519441015376,-1.5692558380442114,0.9198251776396241,-0.43794249200110424,0.36243275789105134,0.13756642077256032,-0.915314953351374,-0.09111737198826762,-0.10937746679115769,-1.4011925405067138,-1.5815118200526717,-1.2452251136304073,-0.24551969421163483,-0.30171300108041293,-0.7069813574043363,-1.2864749325462383,0.5286263352973745,-1.5452039908641146,-0.5878472415426337,-0.06248019957332482,-0.2284831982727022,-0.5405845059150832,-0.12479618717266176,-0.2089648391376897,-0.3944048900113141,1
0.13340540580248203,0.5936920300909173,0.27967722576327125,-0.13478617003801185,0,1,0,1,0,0,-0.34411449859924853,-0.3140652386598935,-0.7199354279589849,0.12985381723217018,-0.8444592388875082,-0.34189191090833887,0.6989219695218386,0.5888250857282644,0.34714799069645075,0.14999429724792307,0.4125652332634109,-0.6012436486233691,-0.7922367212964577,1.0080468133601168,0.5103714741393436,-0.34135875385156794,0.9350301163447575,1.1666970829668597,-0.04921092906325296,-0.7712178265546397,0.035360486188842806,-0.2969019703348112,-0.8175955599166802,0.7245272388595876,0.6026976133328386,0.7712178265546397,0.049210929063252244,0.8837206048011639,0.41596727218528484,-0.13662483426975403,-0.28946177058654887,0.08610074473523979,0.6366201323679207,-1.1988643086375024,-1.3160312189511594,0.139780294854656,0.3065783976019474,0.04820472807728505,1.127317443588959,0.4691369264526849,0.7530574419894479,1.7434844192945298,0.5337254978059351,0.18071947766026855,1.0901944480755505,1
-0.3291993166277972,-1.6738713753977288,-0.15484123025532542,1.7718540298733036,1,0,0,1,0,0,-0.571255364673633,-0.09601320927581818,-0.7455217907937414,0.19350527911511192,-0.5690568034191699,-0.2233858467061089,0.002251902169022987,-0.17369330840085281,-0.5318046228219405,0.038039492110464215,0.8050641314462946,-0.5914085328661965,-1.6846812533068012,0.3845027257705536,-0.561312871237542,0.2344511504918029,0.5225662223412427,1.1312096068736734,-0.22109974072011698,-0.5873266710771624,0.3810592683491104,-0.32391139544013264,0.9625955308194211,0.46677882109993385,0.0577832093546089,0.5873266710771624,0.22109974072011698,0.6609004958207222,-0.25947596364157,1.0369667779933252,1.0155087793742343,1.2126072402754011,1.2667200084961745,-1.4435419379712537,-1.5375038958772762,1.13195784435093,0.08453045990652028,-0.5588081172337243,-0.8797901666714156,-0.30883935553659736,-0.11002139686175369,-1.6826189685198898,0.12214944469431245,-0.15329565102369538,-1.0129879475475077,0
0.2105061928741954,0.0783367106616796,-1.168717627632051,-0.8681093238500562,1,0,0,1,0,0,0.8925413278057338,-0.619338079797599,-0.7583149722111197,0.20218502391733126,-1.8811621677963448,-0.6325671627251295,0.38882322664450303,-0.1854917285317572,-0.6562508386048838,-0.25556653925344314,-1.0811516820074443,-1.2018132449071637,0.28108125180015436,1.1678858693290397,-0.12945110588271674,-1.5583548312574804,0.6069562249056272,-0.3265528382387613,-0.5532824974487066,-1.0903910820752818,0.626269638198154,0.12491194258196062,-0.6688794373406546,0.9471013095542686,1.0867348488690247,1.0903910820752818,0.553282497448706,0.911573118423719,-0.25947596364157,-0.43684594438356456,-1.1292943027395286,-0.8697229484503528,0.3530751881102058,-0.46483142063624716,-0.26403600355210183,-0.4803306735805153,0.22331042096616224,-0.2553016945782196,-1.0713777112871794,-1.2035120798242718,-0.8207922053274488,0.09387908442092041,-0.28942660841731066,-0.7656567202776299,-0.8274130302866491,0
-1.6656129592041589,0.0783367106616796,1.7280720791585935,-0.8681093238500562,1,0,0,1,0,0,-0.7226826087232228,0.19181546951116127,-0.7583149722111197,0.20218502391733126,-0.08883385827611373,-0.008733353056786679,0.27770896453555804,-0.10692673610200581,1.0075285502887963,0.26440202636237115,-0.19242744762205383,0.04774604408718128,0.26063005522602156,0.7903239900759531,-0.4143628184217064,0.755772411737472,1.2599334803226778,0.6384994694013043,1.233103646290187,-1.1578572735420007,0.4035213434079249,-0.2683392742513392,-0.6178468932683895,0.8921383918547139,0.8735355642610941,1.1578572735420007,-1.2331036462901876,0.1317027369921738,-0.8598699510432187,-1.7196088694153011,-1.1551353037288514,-0.6819718658603261,-2.041304341177158,-0.30171300108041293,-0.8177176958673952,-1.7825637072943747,0.05677446769459199,-0.5588081172337243,-1.0348848456460813,-1.1516469943583196,-0.7869459763528921,-0.0647368131630805,-0.20711139779498602,-0.7099875321636356,-0.9511296417938885,0
-0.9974061379159777,-1.3131226517972627,1.0038746524609323,0.5985369837740325,1,0,0,1,0,0,-0.16744938054139394,-0.3948898575515908,-0.8094876978806327,1.1685299452310833,-1.7122865400467113,-1.2067625832370663,-0.14350975760785778,-0.13934088266493264,0.6623880816703279,-0.2860222056219382,-0.439925098109431,0.5676537638344877,0.8715823157442847,0.33874025448978595,-0.910679969515844,0.32948078047037993,0.47775674588242045,0.17199520840884547,0.10398440440281079,0.6710815639820534,0.5380190824000904,-0.7210494674467772,-0.5744102884080334,0.8601329582065713,0.7398440181586614,-0.6710815639820534,-0.1039844044028115,-0.11896988561082296,-1.1600669447440433,-1.4648758062884317,-1.1034533017502068,-0.8867912286858101,-1.442709458855317,-0.5463906304141645,-0.6516131881728072,-1.2244638357027204,0.9449662184763004,-0.3311783002420958,1.446630017948564,0.8710913388138142,1.209981533145967,1.7752075988113303,-0.7010026615289333,-0.48731077970765985,2.141785645887079,0
-1.2544087614883548,-0.514321906681944,0.27967722576327125,1.478524768348486,1,0,0,1,0,0,0.097548296545388,-0.4780403647567182,-0.4001058925245282,-0.28677393327435763,-0.48561905092881463,-0.14602151045333234,0.10826550343553847,-0.03840410833995254,0.31441496851236234,0.007154372487054238,0.3290372374716055,-0.07282827261722354,-0.4022774872575299,0.4339491931106855,-0.5660577675096374,0.9692461558348008,0.19644343371684703,0.5865143731882811,-0.47959406901947754,0.3763264807979944,0.28305110268713574,-0.5143534012236674,0.5441831179508507,0.18512485050639013,0.14485260602919436,-0.3763264807979944,0.4795940690194761,0.5534693718480093,-0.3988531392883812,0.5106050914301498,0.9675183489654933,1.0151028546936853,-0.15550542619331317,-0.8027195754304759,-0.6990716189426893,0.9370658256998767,0.3343343898138759,-0.4070549059059717,0.2879815338437111,0.533968283285125,0.5838262971166633,-0.3185222492974822,-0.5363722402842841,-0.4316415915936655,0.16231986177126023,1
1.521219573093319,0.1298722426046032,-0.8790386569529866,-0.8681093238500562,1,0,0,1,0,0,-0.43244705762817587,-0.23324061976819627,-0.2849672597681238,-0.3446388986224865,0.21312420820275205,0.08696588369520282,0.2365947081773974,1.104553868310847,-0.554308356586228,0.7787374642493823,0.505409826307383,1.5265602222473513,0.4349759672640062,-0.9098873235256755,-0.1934083055593338,0.1719537567651816,-0.9130657012235684,-0.7026333368725437,-0.5008818372323651,2.5788145792588506,-1.2381393938659964,-1.7097870431638673,0.9305550352851656,-1.9574043938160248,-1.3430422241072404,-2.5788145792588515,0.5008818372323643,-0.9266927806649233,-0.3345252120667762,-0.5005292101652823,-0.3411437725651945,-0.6649035856248688,-0.49755964466293656,0.02452383803125581,0.2896456887631914,-0.6663639641110671,-1.3032691506898992,-1.772833807855743,-1.5184153153906257,-0.9052878383950472,-1.5146398993058652,-1.5557262504526888,-1.5241547677521787,-0.5986491559356475,-1.3841377820692236,1
-0.1749977424843705,1.0832795835486928,-0.15484123025532542,-0.4281154315628296,1,0,0,1,0,0,-0.5081606796529707,-0.16404544244364969,3.489021258358464,-0.7520082546733137,1.6810312479821827,0.45500547176476985,1.1564110899696727,-0.9801906920410983,-0.0365483543054536,1.5302519254341613,2.119194873230199,1.1583972765265094,-2.287296723717171,0.7057522334657779,0.39094313372676825,-0.3720639878911422,0.7275656738758585,0.899000581932701,1.0520428134163116,0.5365124705502059,-0.9028384547158885,1.7369807353394358,-0.3239256014037202,-1.3458299598201136,-1.87735803282096,-0.5365124705502052,-1.0520428134163122,0.7723105503109431,0.491016520610491,0.35464607318920965,0.09815324425328795,0.39332978897346543,0.9516700704320475,-0.13859458152457876,-0.5962450189412776,0.5118468759157585,-0.6371253376036178,2.476256109321323,1.5743550476924053,1.130416766143575,0.43151826673115745,0.41111087958892223,2.3446601314970748,3.075517259587958,1.0901944480755505,0
0.31330724230314594,-1.3646581837401863,-2.617112481027373,-0.13478617003801185,1,0,0,1,0,0,0.5139732176817596,-0.5536317349431976,1.058316789056594,-0.6426434701653501,0.21107029964896104,0.07086694667150364,-0.9438354590865733,-1.238846839036093,0.7588189596028763,-0.6436237346728835,0.5582946475824109,1.3819150780686784,-0.09657317681198403,-1.3698200863095666,0.01178304679303994,-0.44871336335084283,-1.3103707388444839,-0.6927018875199056,0.06512235289855199,1.8201797897890004,-0.056281908780348,1.712160162877445,-1.4882445947785583,-0.4298470514420341,-1.4020989545568432,-1.8201797897890004,-0.0651223528985527,-1.3166279713806959,-0.10937746679115769,-0.3549674598070702,-0.5220307794904515,-0.972132629863095,0.3845801819166189,-0.05703537174666111,-0.09793149585751397,-0.8523972546416179,-0.007989514133240944,1.717490052682561,0.22716009110854782,-0.5984194160548303,-0.713612480241352,0.41111087958892223,-0.6186874509066087,0.29205785388825667,-0.35316601950890136,0
-0.04649643069818187,0.1298722426046032,-0.4445202009343899,-0.4281154315628296,1,0,0,1,0,0,-0.5333985536612357,-0.12508681319369488,0.15000090842273722,-0.4869867133788835,0.772967493917976,0.2801531279795928,-0.9663916351534323,-0.47949024404719093,0.37461170144103373,-0.6729875929434747,-0.51948273305229,0.029539835957039965,0.5191569587951175,-0.44085213523319416,-0.42901348273034656,0.13608824498360497,-0.07712141231650266,-0.09326750713275543,0.6912331826893887,-0.6452678416013011,0.9032968341388505,0.22833911866480366,-0.3753511835279693,0.832690548231155,0.5842954274682115,0.6452678416013011,-0.6912331826893894,-0.4253475354589299,-0.40957446049198204,-0.027453521501095285,0.046471242274642305,0.017827623793410803,-0.18250970659880966,0.2692014673650073,-0.04256332662598434,-0.29429738304996345,0.9727222106882286,0.35171115073279,0.39746013076700454,0.13201387092399572,0.46536449570571364,0.6014499566897238,-0.12479618717266176,-0.4316415915936655,0.34789477903211874,1
-1.305809286202831,-1.6481036094262664,0.5693561964423357,0.5985369837740325,1,0,0,1,0,0,-0.785777293743885,1.1715959215436065,-0.2210013526812325,-0.3741500309500322,1.651329496102748,1.1901902625136986,-0.21260495181414607,-1.9569599559427493,-0.4290002907904706,0.11689590199744142,0.36440423036874636,-1.2669476597986435,-1.0887685974990235,0.501899460606323,-0.8549928950697531,-0.44257663886457016,0.9425717463115935,0.8040019154054768,-0.7989105922128049,-0.9356157016516281,0.7971243882128125,1.8294758416206858,0.14171092897483675,0.7767191866908433,0.3112080375901003,0.9356157016516281,0.7989105922128042,0.8001630639334981,-0.5596729573423944,1.0824548249802661,0.6537347655237203,1.0419244379208312,1.3297299961089997,-0.7910682597479163,-0.5408768497097485,1.876091006473136,0.8339422496285867,1.8692432640103136,0.29710475025398503,0.3265079414213163,0.6345956405784983,-0.2233527107470814,0.7806711296729086,0.3477270420022505,0.16231986177126023,1
1.521219573093319,1.0832795835486928,-0.8790386569529866,-0.4281154315628296,1,0,0,1,0,0,-0.43244705762817587,-0.23324061976819627,3.489021258358464,-0.7520082546733137,1.5443469971607722,0.40178954104754205,0.08142227403433051,-1.646535866453054,0.23416860211838916,0.17539854819430425,0.9861386056781862,0.22881868810870512,-1.4089322481849074,-0.8661771621613559,-0.43072791495606816,0.11340265084789418,-0.9711724712969528,-0.6007331884822873,-0.31054414497595056,0.6200753015809853,-0.9786936686600889,1.8284283802033345,-0.20615759619826723,-1.1999501209456034,-1.8685275197965812,-0.6200753015809853,0.3105441449759499,-0.8988402670423681,-0.5596729573423944,-0.5733100853443877,-0.43158727602782254,-0.767313267037611,-0.37153966943728567,-0.22015379130249568,-0.09793149585751397,-0.728375060954584,-0.8314172830871166,2.096873081001942,0.7076494887163344,0.4821031978191731,-0.0592520533999176,-0.3502454288142823,1.7684536571408034,2.4631561903340238,0.40975308478573785,1
0.5703098658755232,-1.3646581837401863,1.0038746524609323,-0.13478617003801185,1,0,0,1,0,0,-0.44506599463230834,-0.22975178729805104,1.058316789056594,-0.6426434701653501,1.0265714463635343,0.319953277843738,0.007751887499953911,-0.7456379292465696,0.22708689535515883,0.6890991993968527,0.7186454546541298,0.8000076217762101,-0.5744470750279047,0.5192400525607379,0.28373638366761317,-1.2908703216384192,0.6677056941679846,-0.14531574517291387,-0.43967950362031105,1.527183758276386,0.5080393542292194,1.3076523386803243,-1.6076355755939027,-0.26884302479362965,-1.076146829151445,-1.527183758276386,0.4396795036203104,0.5494904413305014,0.340918023760079,0.22727954162577424,-0.4961897785011287,-0.22112829950298704,0.7626401075935709,-0.46483142063624716,-0.319404172783631,0.20179139169817292,0.40174179947141603,1.1213167224663911,-0.19424561927079503,-0.971971519708414,-0.999693701335821,0.41111087958892223,-0.677484029922555,0.013711913318286572,-0.6330012122038462,0
-0.04649643069818187,-1.3904259497116478,-0.4445202009343899,0.5985369837740325,1,0,0,0,1,0,-0.5333985536612357,-0.12508681319369488,0.13720772700535894,-0.4864080637254022,0.7645816842404989,0.27970593528449006,0.124388286486991,0.19138324237886667,-0.5876237510125322,0.6275432576452508,0.7215990591369263,0.8829608333325846,-0.6901785526680905,-0.3002643027688807,-0.6603740758406368,0.43891452637836614,0.07896353903484736,0.41193338923125355,1.1169885469471594,0.0964376253461319,-0.47298549372709003,-0.924227758709182,1.244368123401019,-0.7694715617467158,-0.5359413396323879,-0.0964376253461319,-1.1169885469471603,-0.3696425082138195,-0.7097714541928067,-0.38226028799923456,-0.10857476366129187,-0.06751377738387422,-0.34003467563087314,-0.05703537174666111,-0.5408768497097485,-0.5423417704240322,-0.5816133531797613,-1.0140677512169813,-0.6973258384659271,-0.010615114107371936,-0.3130987707090945,-1.4288335323854886,0.12214944469431245,0.18071947766026855,-0.76555472453303,0
-1.3829100732745436,-1.3646581837401863,0.5693561964423357,-0.13478617003801185,0,1,0,1,0,0,0.1480240445619179,-0.49141422255894146,1.058316789056594,-0.6426434701653501,0.41916487977909284,0.11871656504749839,-0.6635508080689353,-1.7652572820297106,2.0764820304460687,-0.5705462174428351,0.23668433737719025,1.0959656963954745,0.5649962645361096,-0.3431028986858251,-1.0059037090832232,1.2447089735592756,-0.7216422247221289,-0.5278417803936911,-0.02757457514840374,1.5221146227830877,0.5798591775287504,1.4151787648547385,-1.5878080190282993,0.055203054156951044,-0.8230359929222604,-1.5221146227830877,0.027574575148402326,-0.48105256270404034,-1.0850176963188372,-0.7370670544973751,-0.04397226118798574,-0.32353798091572933,-1.4742144526617298,0.35076067714292497,0.40038202722625016,-0.728375060954584,0.3620903820258042,1.0535697531236445,-0.5217039225681446,-1.2035120798242718,-1.1084851516111824,0.17318703321292087,-0.9273694907403258,-0.33422051239417605,-0.8428776067250542,0
0.13340540580248203,0.18140777454752677,-0.4445202009343899,1.7718540298733036,1,0,0,1,0,0,0.9934928238387936,-0.636782242148325,-0.016310450003180245,-0.44648123763519326,-0.5294161034379292,-0.1446799323680241,-0.48421096400611013,2.4865509075138643,-0.7014360106193311,-2.7890187912320266,-3.2013562610161626,-0.5871232802662572,3.6781723878014136,-0.4427499296722617,2.1236536419230614,1.2851725354380839,-3.2070052019173474,-3.1681550491791413,-0.16027754582615011,-0.6418048099999468,0.23091661948704278,-1.2854395567592403,2.250360981310525,0.587772993436095,1.0688331546548522,0.6418048099999468,0.16027754582614942,-0.7595776989295921,0.9413120111617277,-1.7378040882100778,-0.9613277963089331,-1.9962294439905155,-2.450869260660523,1.4110304042558486,1.6738499195514247,-2.340663578886029,0.3898463742377325,-1.0899443568808573,0.6711566230752374,1.8305954199339287,2.0222910285353324,-1.175048096251087,-0.28942660841731066,-0.5986491559356475,0.6571863078002155,0
-1.305809286202831,-1.3646581837401863,0.5693561964423357,-0.13478617003801185,1,0,0,1,0,0,-0.785777293743885,1.1715959215436065,1.058316789056594,-0.6426434701653501,2.3745208706292598,1.3976876730413768,0.0428774995628271,-1.2287621245855231,0.7510445045724932,0.39002964891198405,0.891993221817526,-0.2224369034763626,-0.8738603863288009,0.4247360552770388,-0.7432498482155497,-0.2827622212138234,0.736755664571249,0.6082518299064533,-1.19191554383536,0.8787499180435514,0.36476905502435336,0.9419431963829695,-1.3108517607256713,0.20364941221441615,-0.5657953493003713,-0.8787499180435514,1.1919155438353592,0.27096530510494976,-0.7848207026180125,-0.3913578973966235,-0.4703487775118068,-0.1699234587966153,0.006520256239666901,-1.2804235184154193,-0.983822203561983,0.139780294854656,0.30041039933263,0.8322629866040054,-0.09722093681232095,-0.7496925819971905,-0.6289969078049598,0.41111087958892223,-0.48149543320273464,-0.1099973936017002,-0.45626319576493324,1
0.2876069799459088,1.1348151154916164,-0.8790386569529866,-0.13478617003801185,1,0,0,1,0,0,-0.0412600105000692,-0.4315225984881154,0.009275912831576286,-0.4516890845165249,0.03897461101233203,0.01720382325917309,-0.6162770633410911,-1.395071042538551,2.6991701740241263,0.1755014442329799,1.3756935494198483,-0.6450296428806355,-1.4702105143669708,-0.863507991714495,-1.5037992805611162,1.6396265767086347,-0.6028042107720235,0.365877027980564,-0.8773392119444982,-0.009609152108407288,-0.005858752493933895,0.40830568011512497,-2.0421894660191486,-0.8348214654096983,-1.4312612845269181,0.009609152108406583,0.8773392119444975,-0.9545452942874786,-1.535313186870074,-0.982702508226857,-0.09565426316663046,-0.32353798091572933,-1.2536794960168407,-0.9541866793037505,-0.7069813574043363,-1.0384305451721696,-0.08200549336504998,0.27583454506891375,-0.2685346671830286,-1.2424108939237355,-1.430024326869473,0.728342674756924,1.0276167615398821,1.127095675598167,-0.8274130302866491,1
-0.5091011531284612,0.5679242641194551,-0.15484123025532542,1.0385308760612593,1,0,0,1,0,0,-0.21792512855792381,-0.3867492484545853,-0.46407179961141953,-0.22022922312400942,-0.312681043827472,-0.12723941725901666,-1.2138786138715125,-0.33039403092201275,2.3159149020449803,-1.7580814349614768,-0.5095580192428582,-0.6069104566415285,0.4618568450597232,-1.3159725959481388,-0.21477778333585182,1.7203088069656463,-2.1604459098696247,-1.2459739023652494,-1.2817794809441767,0.4434998061064408,0.3730234494308733,0.23831650773099933,-1.43718880965237,0.23279341474491155,-0.5540006254059349,-0.4434998061064408,1.281779480944176,-1.2330704305130304,-0.18442671521636386,0.06352257247278678,0.9509062769009282,-0.08458205761933026,-0.9071245641463012,-0.05703537174666111,0.6772228733838963,-0.046252995675895824,0.44535835866158957,0.35171115073279,0.3700904815361815,-0.46443461193445323,-0.3469449996836519,0.886958572340925,-0.04248097655033679,0.18071947766026855,0.16231986177126023,1
-1.4086103356317816,-0.8235350983394863,1.7280720791585935,-0.4281154315628296,1,0,0,1,0,0,-0.3188766245909836,-0.31987995944346886,-0.10586271992482811,-0.4082903605054282,0.22829011754703346,0.06952536858619539,0.6648917065102234,-0.23170866607283572,1.103710566038348,0.24797483480526894,0.21583325085783786,0.769201104430463,0.19503208770693792,1.1802093692647215,-0.39297376092911074,0.4049301295467785,0.9359739306746045,0.5290322978589607,0.46109514795545875,0.5917900106131198,0.25470319262530755,-0.07564507108460408,-1.1018935894155655,0.5930977239301418,0.23590327432062827,-0.5917900106131198,-0.4610951479554595,1.4686233908748227,-0.10937746679115769,0.9368930746220554,1.0284292798688959,1.4174266031008858,0.006520256239666901,0.4323198869208419,0.2342775195316623,0.8839134569768611,0.0012624832707351544,-0.3311783002420958,-0.8068044353892204,-1.1905458084577836,-0.9223308922511192,0.15732544345452057,-0.9479482933959068,-0.8213259083916238,-0.8892713360402683,1
-0.020796168340944693,-1.235819353882877,-0.8790386569529866,0.3052077222492148,1,0,0,1,0,0,-0.596493238681898,-0.06984696574972914,0.15000090842273722,-0.48756536303236475,0.9267508140923566,0.3230836267094573,-0.855974955321657,-0.34583769100446465,0.024718721213135227,-0.30099108480551456,-0.23532591464455727,0.2262699747220691,0.3251213627789713,-0.7611550646367051,-0.9064265147504599,1.2313099098201639,-0.011978239903070117,0.46514318580081615,-0.07652239220166908,0.3844992353771884,0.42971683994706733,-0.4333650999078936,1.203556392313829,0.3947421196011373,0.7600570025110642,-0.3844992353771884,0.07652239220166766,-0.6760201580619267,-0.7848207026180125,0.28186519801010423,0.8992242749222835,0.8541733553308051,-0.49755964466293656,-0.46483142063624716,-0.4855086804782194,0.3258135853852078,0.45461035606556566,-0.34803976816740156,0.2170231839860217,0.8206669501663612,0.9504937776743629,-0.5405845059150832,-0.847340813746399,-0.7903985816616271,0.7121714684700992,1
1.5469198354505571,-0.514321906681944,-0.8790386569529866,1.478524768348486,1,0,0,1,0,0,-0.4703038686405733,-0.21230762494732502,-0.38731271110714993,-0.2896671815417641,0.14907087569639674,0.060581514684140296,-0.9524019568523131,-0.23733763008147293,-0.04124438721612806,-1.2831996241405552,-0.8617664382769221,-0.31426853704247293,0.6642321948691161,-0.8389455328535282,-0.6814883668193759,0.2976788458846319,-1.3784411908820697,-0.9835255900381443,-0.8740438917877038,0.43824128821613356,0.4860736136038028,-0.3569467399171486,0.3555209910951969,0.3666812182158223,0.1601172646537905,-0.43824128821613356,0.874043891787703,-0.9266927806649233,-0.8598699510432187,-0.9281168518425269,-0.6512357844370638,-1.1086788717467513,-0.8126095827270634,-0.46483142063624716,-0.09793149585751397,-0.9764194483286528,0.6118943119331598,-0.17942508891434333,0.5525548097416701,0.6636309969500054,0.7869036709640054,-0.09645999267988113,-0.37174181903963527,-0.2089648391376897,0.5334696962929761,0
1.2899172118781799,0.8771374557769975,0.27967722576327125,-0.13478617003801185,1,0,0,1,0,0,-0.11697363252486404,-0.40477488288366886,-0.5024513438635544,-0.1768304991129128,-0.4792341593842556,-0.17464184293990864,0.1413524631846937,0.28532262975032663,-1.2888393864636454,-0.47142478778923236,-0.6827793024920945,0.011631874154308457,0.8510594854309268,0.3687297197962299,-0.12932708063031173,-0.1498444960149698,0.32560596498445704,0.012011375977646207,-0.11623388745465664,0.13114384342216265,0.1718763504518413,-0.5211712939364744,1.611307350123896,0.9597297757006804,0.8993733038323908,-0.13114384342216265,0.11623388745465593,-0.007559831120602114,-0.4846237089171882,-1.1646546961746211,-1.051771299771562,-0.8867912286858101,-0.9071245641463012,-0.6279498401920818,-0.6516131881728072,-1.0384305451721696,0.0012624832707351544,-0.6346847228976005,-0.5513543759015367,0.30057539868834077,0.6853649840403343,-1.6826189685198898,-1.277209135885205,-1.378017789531564,-0.2706882785040748,0
-1.5885121721324456,-0.17934094905293926,-0.4445202009343899,-0.13478617003801185,0,1,0,1,0,0,0.8925413278057338,-0.619338079797599,-0.5280377066983108,-0.1606283088154367,-1.1052805071877096,-0.35217734289570224,-0.8720850818076007,-1.170275573546668,-0.14435638542836443,-0.06540460696412656,0.07547083100704909,0.2954655986360581,-0.43092938424972593,-0.5519027629567465,-1.4685323771480752,0.02398488666104536,0.025408935882517122,0.7216957545977559,1.1921218465220598,-0.7793520964162078,0.6612007972836846,0.13509645382039703,0.2214425128488126,0.11355247032866252,0.6064796611179211,0.7793520964162078,-1.1921218465220604,-0.6899464148732042,-1.4977885626574707,-0.9190192424451392,-0.7675202888890147,-0.71610842633123994,-0.08799472517957138,-1.0357458890816678,-1.5098198112615118,-1.2554693841244795,0.7506742729928018,0.27583454506891375,0.44307621281837667,0.4950694691856613,0.5161338391675497,0.6331731362065233,0.03983423407198747,-0.32030321536567735,0.40975308478573785,0
-0.38059984134227254,-0.05050211919562982,-1.168717627632051,-0.4281154315628296,1,0,0,1,0,0,-0.4576849316364408,-0.21230762494732502,-0.5152445252809326,-0.1710440025780999,-0.08065639712306966,-0.031092987811924405,0.058280512143541914,-0.5319625181757813,0.6481856647125616,-0.004834117187326382,0.7556549883651142,0.15366776517496475,-0.6988028770344513,-0.3326444795022669,-1.2978806498796407,1.5039952458941241,-0.10822893763479947,1.3004637890555,0.7837886966584708,-0.567767582660665,-0.41341491532888236,-0.5700530926740356,0.6252786593646398,-0.10078738145780476,0.2872612814676316,0.567767582660665,-0.7837886966584715,-0.2582324537235989,-1.1600669447440433,0.2909628074074919,1.0542702808582185,0.9565830367435462,0.16404522527173035,-0.9541866793037505,-1.3160312189511594,0.20179139169817292,-0.47058938433204756,-0.6346847228976005,-0.3871364805165972,-0.02358138547386016,-0.0592520533999176,-0.4771381468814831,-0.37174181903963527,-0.6543183440496418,-0.45626319576493324,1
-0.894605088487027,0.18140777454752677,-0.4445202009343899,-0.13478617003801185,1,0,0,0,1,0,-0.34411449859924853,-0.3094134620330332,-0.4001058925245282,-0.2838806850069512,-0.06399026245025044,-0.01857159234904728,0.2493168957637757,-0.189550840426407,0.09724833641419187,1.0503355881135652,0.6751678013266244,-0.7451523240905097,-1.03780313385749,-0.2945389084495845,-1.1397525110667972,1.259545151160165,0.05936335700515912,0.4481493635637564,-1.3072103638266717,0.28017642692511974,-0.6409810194824213,-0.8816145681115444,1.1327796731278992,-1.3600719289094751,-0.4402205803950981,-0.28017642692511974,1.307210363826671,-0.3974950218363748,-1.1600669447440433,-0.5369196477548344,0.14983524623193267,0.17144214591252482,-1.0961545269847772,-1.4435419379712537,-1.149926711256571,-0.046252995675895824,-0.6926373220274746,-0.9381911455531051,-0.5148615102604385,0.10608132819102022,-0.44848368660732285,-0.6992004034990842,-0.20711139779498602,-0.09762646290970158,-0.6418381130257917,1
-1.6656129592041589,-0.4885541407104817,1.7280720791585935,0.5985369837740325,1,0,0,1,0,0,-0.5207796166571032,-0.16288249828693463,-0.42569225535928473,-0.2578414506002932,0.1911101777420002,0.07399729553722294,1.6487043020729302,-0.19522728747051687,-0.6687690867727448,1.1186374123933918,0.7394647446334185,1.1262749467887978,-0.47058149106073954,1.1051721582250342,0.4414814511981593,-1.2111747191645652,0.7731524515943037,0.28605411136446945,0.6912331826893887,0.850548042800631,-1.1882884672929477,0.7102220050903048,-0.3028840420003839,-0.7445622394202686,-0.6820642201905089,-0.8505480428006302,-0.6912331826893894,1.8028535543454847,1.1664597564373458,2.0013133741164744,0.8992242749222835,1.2126072402754011,2.495414766946269,0.5954383064766764,0.2896456887631914,1.752068812786101,-1.0257092285706153,1.0346006017076752,0.8992370333320981,0.585833368751077,0.22844089288381547,0.7917890337905242,0.12214944469431245,0.6260729825722207,0.904619530814692,1
0.2876069799459088,-1.0554449920826439,-0.8790386569529866,-0.13478617003801185,1,0,0,0,1,0,-0.0412600105000692,-0.4315225984881154,-0.8478672421327675,3.297960670042225,-2.7386309269987232,-2.8806048410066767,-0.12895028283417753,-0.098312855521449,0.03968470926311649,-0.18389582628405604,-0.4257868874845855,-1.3206721465591869,0.7204747721893494,-1.3044611860348971,-1.3082217897630009,1.795439818158155,-0.5329268215105384,0.41296300231669514,-0.2859102762628674,-1.5176769613645098,-1.1240937398098991,-1.1756103908023052,1.7499935386846577,-0.28000971628200216,0.9567218020894032,1.5176769613645098,0.28591027626286675,-1.3166279713806959,-1.3852146900196616,-1.028190555213798,-0.06981326217730856,-0.27233314020935756,-1.411204465048904,-0.5463906304141645,-0.4855086804782194,-1.0384305451721696,-0.9146852597229018,-0.8623145398892288,1.3097817717944475,2.167718475462618,1.8869061126371052,0.4428340591057229,0.28677986593896093,-0.3759724034796717,1.4613442825972665,0
-1.305809286202831,-1.41619371568311,0.5693561964423357,1.7718540298733036,1,0,0,1,0,0,-0.785777293743885,1.1715959215436065,-0.3361399854376369,-0.315706415948422,1.5206937762658943,1.1450238003083204,-0.45423862638219165,-0.36784621512225363,-0.4109265231887678,0.14737599122341385,0.40878491382299253,-1.4394009090313653,-1.035007788243278,0.46798896967324566,-1.0471370998038283,0.02018776255720068,1.086722313021829,1.0296646320278167,-1.4375436385994584,-0.5374328853480426,1.0992389317302986,-0.5441184850324967,0.5820370777886499,0.8784797869529697,0.47382669661061366,0.5374328853480426,1.4375436385994576,0.02029268250195297,-1.2351161931692491,-1.3284116653276086,-1.1163738022448682,-0.6990401460957827,-0.8126095827270634,-2.0144564064166746,-1.8697129112664523,-0.8523972546416179,1.3890620938671545,-0.2553016945782196,0.9813459810245673,1.1693155802430386,1.5145975939169787,-0.15990635171348128,0.36909507656128593,0.1250502895462747,0.8427612250610729,1
-0.4063001036995106,-0.02473435322416849,0.27967722576327125,-0.8681093238500562,0,1,0,1,0,0,-0.6217311126901629,-0.03495864104827709,-0.6175899766199587,-0.06688706495146794,0.061917318548039696,0.024806099075919918,-0.2643271787626594,1.1185374000881896,1.4322144809860886,-0.5194395393937277,-0.0426201882612493,0.10477982371985928,0.20697592189104416,-1.0034579416461424,0.6302703479228714,3.350185941682897,-0.7237804927049509,0.4304306300284792,-0.35307242775419667,0.4930801176436278,-0.6350899754021092,-0.9038366860516117,1.4087286057136634,-0.015959040688578563,0.47564006580295426,-0.4930801176436278,0.35307242775419595,-1.0659553487776992,0.19081952690966666,-0.9645072894320803,0.6924962670077037,0.3421249482670949,-2.387859273047698,-0.9541866793037505,-0.9284540343304539,-0.790386157798101,-0.5538573609678327,-0.7864379342253526,0.2788583174334372,0.9877877811122063,0.9222885868622325,-0.635754044465484,-0.8656330827735822,-0.7656567202776299,0.2860364732784985,1
-0.5091011531284612,-1.6738713753977288,1.4383931084795292,1.7718540298733036,1,0,0,1,0,0,-0.36935237260751347,-0.2937137159173798,-0.7455217907937414,0.24269049966102146,-0.9419020066438308,-0.4134427421247796,-0.13864224380803236,0.12466475873802174,-0.39125343413937197,-0.4142382427258607,-0.19546033662094725,-0.8869826625629089,-0.40517276144859143,0.5815112504726391,-0.2627565158330785,0.15610131810925706,0.4644067418810509,0.13510680651309367,-0.2763926451691775,-0.9356157016516281,0.7738246046756853,-0.4343300031389764,0.6917233218822285,1.0201069170812909,0.3860135106197079,0.9356157016516281,0.2763926451691768,0.6887530094432773,-0.10937746679115769,0.47291499535525605,0.48576825909312477,0.6664222727407777,-0.05648973137315825,-0.30171300108041293,-0.2086678343205727,0.38782468222872474,0.1400424443303771,-0.8623145398892288,-1.6552635615447422,-1.1257144516253432,-0.7192535184037778,-1.9998507636878915,-0.28942660841731066,-0.7099875321636356,-1.6934293108373202,0
0.08200488108800677,1.2378861793774645,-0.8790386569529866,-0.4281154315628296,1,0,0,1,0,0,-0.7353015457273552,0.27322156048121604,-0.34893316685501513,-0.315706415948422,1.048156237724814,0.4541110863745644,0.17312100188738763,0.06738617557850941,1.0911995666757168,-0.6314630152930958,0.42741134568073225,1.1406083314581852,0.4378307426433052,0.5354178642966345,-0.2975913812291742,-0.26578107082623914,0.5807019642379823,0.8175048876957113,1.0713719007766844,0.4930801176436278,0.29425425401207567,-0.3906101536249852,-1.7587907073991913,1.428879922405186,0.24247872615136312,-0.4930801176436278,-1.071371900776685,0.10385022336961848,-0.6347222057676005,-1.2283379619563388,-1.1551353037288514,-0.9038595089212672,-0.37153966943728567,-0.30171300108041293,-0.762349526635866,-1.1624527388592034,0.22331042096616224,-0.4070549059059717,-0.14080963743918734,-1.0090180093269512,-0.4654068010946016,0.7917890337905242,-0.8656330827735822,-0.7656567202776299,0.10046155601764112,1
-0.3291993166277972,-0.6946962684821769,-0.15484123025532542,-0.4281154315628296,1,0,0,1,0,0,-0.5838743016777656,-0.0843837677086675,-0.7327286093763631,0.19639852738251837,-0.46758293208315554,-0.21667795627956757,0.6206778275198188,0.21277448993210876,1.0032427456661321,-0.046800547204679556,0.03959599236384181,-0.41905073771955476,-1.041230154091062,0.35289345541974587,-0.6107862489421445,0.34206339327226787,0.33921918306411747,0.8906638616454148,0.09517567272851181,-0.6659292998071308,-0.5104606455012177,-0.9039119208825566,-1.0277257203857901,0.39958845516067165,0.8180831779174519,0.6659292998071308,-0.09517567272851252,0.6887530094432773,-0.25947596364157,1.2462117941332536,1.2609982887727984,1.3662217623945152,1.2037100208833493,-0.9541866793037505,-1.0945585420250417,1.1939689411944467,-0.10976148557697851,-0.4070549059059717,2.039639084616402,1.0526191379446466,1.1761353041714093,3.297920215617739,1.3568776040291806,1.0714264874841732,2.389218868901558,0
-0.7661037767008384,0.8771374557769975,0.27967722576327125,-0.13478617003801185,1,0,0,1,0,0,-0.6595879237025604,0.046447449921777705,-0.5024513438635544,-0.1768304991129128,0.44498297934688336,0.17237968845982896,0.7672359939544872,0.0010137415771510462,-0.5429788958534548,-0.04654094194680163,0.08352819323991653,0.4440058365260059,0.3064805366526387,1.2732660497559118,-0.5724555977392075,0.9032289834575098,0.695900636567455,0.9558247055564062,-0.16027754582615011,0.7645323233097278,0.20537210829124572,-0.5748648431601231,1.6499283618360607,0.7529169688624416,0.8245860467065325,-0.764532323309727,0.16027754582614942,1.0229831729139398,-0.6347222057676005,-0.3913578973966235,0.11107374474794844,0.39332978897346543,-0.7180946013078251,-1.0357458890816678,-1.0945585420250417,-0.17027518936292965,-0.08200549336504998,-0.7864379342253526,-0.9618991143638861,-0.07544647093981212,0.22844089288381547,-1.8412348661038906,-1.6887851889968277,-1.6563637301015341,-0.7036964187794109,1
-0.1749977424843705,-1.3131226517972627,-0.15484123025532542,0.3052077222492148,1,0,0,1,0,0,-0.5081606796529707,-0.16404544244364969,-0.822280879298011,1.8368702950019715,-1.4328391295953078,-1.5457346461249544,0.36492673988991625,0.7658122838748265,-0.47106590986127705,-0.38599444400714744,-0.741915006658274,0.5433118525750376,0.8448816846722103,0.6345849631922151,-0.15498283953262754,0.5902717368471249,-0.266410229214426,0.43629003841971664,0.9041108648182726,-0.15567358143258175,0.12663030301638054,-1.2063597994757476,1.2371290495238314,0.2572857686630502,1.3904781502102865,0.15567358143258175,-0.9041108648182734,0.4659329004628361,-0.25947596364157,-0.3640650692044592,-0.018131260198663828,-0.11871861809024475,-0.18250970659880966,-0.13859458152457876,-0.5408768497097485,-0.5423417704240322,0.3898463742377325,-0.9381911455531051,1.0725781451273115,1.6361013494366081,1.6669056243024845,0.7917890337905242,-0.7833178721512579,-0.9326642846196119,1.5232025883508855,0
0.004904094016293398,-0.3854830768246345,-1.6032360836506476,-1.161438585374874,1,0,0,1,0,0,-0.7731583567397526,0.5290692749585311,-0.4768649810287978,-0.20865623005438366,1.168174353873405,0.5681452236257667,-0.38289795922057107,0.387685904488042,-0.9013433451880034,-0.3112841584331459,-0.712747996187665,-2.0795897690782135,0.5257930722194427,-0.8308488924615405,-0.924359198604517,0.37624422207870906,-0.5819029762641138,0.4383811376027385,-1.3422252734671216,-1.5051097296207103,-0.29774549068769146,-1.4581138238874112,1.6102557063874563,-0.15648021464322937,1.3546011594688043,1.5051097296207103,1.342225273467121,-0.7317251853070371,-0.7848207026180125,0.36374368258659734,0.5116092600824467,0.2397152668543526,0.7941451013999841,-0.709509049969999,-0.1532996650890431,1.0079356506638961,-0.22078545442469194,-1.317574173872486,0.31535118307453414,1.130416766143575,0.9899810448113461,0.2207718024881207,-0.6186874509066087,-1.211010225189582,0.16231986177126023,0
0.5960101282327613,-0.9008383962538722,-0.15484123025532542,-0.4281154315628296,1,0,0,1,0,0,-0.6974447347149578,0.12785354089183248,-0.3617263482723934,-0.30529072218575887,0.8218592861512359,0.33426344408702613,0.30305850044433774,0.5251370782936207,-1.2958288807637486,0.7406512118078007,0.38631168542451644,1.303517486357668,0.278637360632741,0.15582141048714937,-0.4024221234342508,-0.48532869720099336,1.1005448216544949,1.0399698538484996,0.8939738323359463,0.8912100192872406,-0.26571530475864147,-1.12390476943586,1.2837329547626517,0.09070940181685687,0.5131040375358976,-0.8912100192872399,-0.893973832335947,0.32667033235006016,-0.18442671521636386,0.7003552302899613,0.31780175266252825,0.76883195415352,1.2037100208833493,0.02452383803125581,-0.3747723420151606,0.8219023601333442,-0.38732140769626244,-1.1658209625447336,-0.6060936743631827,0.09311505682453199,0.12690220596014448,-1.1116017372174867,-1.277209135885205,-1.0996718489615938,-0.08511336124321738,1
-1.0488066626304537,-1.132748289997029,-0.15484123025532542,1.0385308760612593,0,1,0,1,0,0,-0.8236341047562825,3.3114131698993323,-0.6559695208720935,0.0042868424267305544,1.8138318464919418,2.5433953578946342,-1.0804473844253646,-0.0808454544202675,0.5074545509902203,-0.3128382552374855,0.4723480614131128,0.5395384896296965,-0.724957755901553,-1.1277316910475739,-1.222496242844845,1.5085257017618041,-0.30129555715777945,0.9594468619101834,1.5985806802879148,-0.8495867060811616,0.37557217101145896,-1.1137069759728764,0.8222154775748177,0.12386478325386245,0.3226375059371052,0.8495867060811616,-1.5985806802879157,-0.9823978079100336,-1.009968447893631,0.7367456678795146,1.4806467971820387,1.263812080981773,0.29006520049738066,0.18764225758709038,-0.4855086804782194,0.9459245538203791,0.029018475482663446,-1.2416975682086098,-1.0531312784666302,-0.5292659687668935,-0.44848368660732285,-1.206771275767887,-0.04248097655033679,-0.4316415915936655,-1.0748462533011267,1
0.08200488108800677,-1.6738713753977288,-0.8790386569529866,1.7718540298733036,1,0,0,1,0,0,-0.7353015457273552,0.27322156048121604,-0.7455217907937414,0.24269049966102146,0.06623390553984151,0.022570135600406147,0.04168714380840215,0.34171092838551026,-0.46345729214895076,0.07740859212681678,0.554819272373145,-0.10872046742752013,-1.0315566105920715,0.6774057177284037,-0.4629656351000151,0.014309792009446745,0.9950694009355008,1.2556512334435133,0.8063022000563537,-0.9479624556455367,0.6188888232829364,-0.9327977831405256,0.6479416052172231,0.882119770492776,0.504606809881281,0.9479624556455367,-0.8063022000563543,0.18740776423728422,-0.7848207026180125,-1.3102164465328319,-1.1034533017502068,-0.71610842633123994,-0.5605696322757617,-1.4435419379712537,-1.814344742034923,-1.2864749325462383,0.0012624832707351544,-1.2416975682086098,-1.7373725092372125,-1.21647835119076,-0.8546384343020056,-1.8412348661038906,-0.4540570296619595,-0.8769950965056176,-1.6934293108373202,1
-0.6890029896291251,-0.10203765113855341,-0.4445202009343899,0.3052077222492148,1,0,0,1,0,0,-0.7100636717190902,0.19472282990294892,-0.7711081536284979,0.3728866716943114,-0.2460909445985543,-0.1384192346365855,-2.6820160483640283,-0.41754713151758244,-2.1544300320255094,-0.5955021349587545,-1.0035624435287576,1.269608793482662,1.7254239138221175,-0.47154065391478966,-0.9133683548720064,-0.9858585786419057,0.35001600362382446,0.481530403630911,0.6912331826893887,1.046038314370867,3.2582507373621095,-0.34189582539223007,1.9544852319159431,1.1515548433899947,1.7748010438837187,-1.046038314370867,-0.6912331826893894,-0.11896988561082296,-0.4846237089171882,1.7283850921948283,0.8346217724489774,0.9565830367435462,2.589929748365507,1.5741488238116832,1.2862727349307197,1.814079909629618,2.9989096421590014,-0.3311783002420958,-0.031331040515893936,0.9748215097457181,1.446905135967865,-1.0481553781838862,-1.9357308208638015,-1.8790404825575102,0.2860364732784985,0
-0.38059984134227254,0.5936920300909173,-1.168717627632051,-0.13478617003801185,1,0,0,1,0,0,-0.4576849316364408,-0.21230762494732502,-0.7199354279589849,0.12985381723217018,-0.6717508366568004,-0.26363318926535684,-0.583812419741482,-0.5226534281285934,1.4111919640691104,-0.9287461165574808,-0.014704363659427292,1.123314327115282,0.14844068936077504,-0.42599419848999404,-1.3815858858768406,1.6313380917629285,-0.1340838520111008,1.2776033747987268,1.815869993936328,-0.26889098598050765,0.38615699742590387,-0.6666841788004338,-0.2898092335171894,1.121720833345779,1.2664474230889606,0.26889098598050765,-1.815869993936329,-0.3417899945912644,-1.2351161931692491,0.32735324499704527,1.1576342848155081,1.0419244379208312,0.06953024385249205,-0.22015379130249568,-0.9284540343304539,0.07776919801113909,0.6118943119331598,-0.4070549059059717,0.890113816921823,0.585833368751077,1.0407503882731821,1.3945294446097283,-0.5363722402842841,-0.7099875321636356,1.275769365336409,0
-1.6656129592041589,0.18140777454752677,1.7280720791585935,-0.13478617003801185,1,0,0,1,0,0,-0.5207796166571032,-0.16288249828693463,-0.8350740607153893,2.5486093687839566,-1.6739294488390202,-2.094887275711137,0.5895905098693359,1.6395038853333652,-1.679328732508178,-0.09462934844860928,-1.195880282995546,-1.67601672975006,0.39949671992656577,1.4520172119213166,0.4557498698817166,-1.1538692443427898,1.0618567810281725,0.3376140177689442,-0.08286747959746427,-2.2036999647908173,0.6309985333571805,-1.7937103202799987,1.1361713233454458,1.1807571520880444,1.8843173143997127,2.2036999647908178,0.08286747959746356,2.0256736633259265,1.0163612595869336,1.5646281230418408,0.6020527635450756,1.0419244379208312,1.8968198846244282,-0.22015379130249568,-0.2086678343205727,1.5040244254120325,0.7506742729928018,-1.6210805965279906,0.534308376921121,1.078551680677623,1.5653669373788135,0.2207718024881207,-0.20711139779498602,-1.0440026608476,0.8427612250610729,0
-1.0488066626304537,0.23294330649045036,-0.15484123025532542,-1.161438585374874,0,1,0,1,0,0,-0.8236341047562825,3.3114131698993323,-0.7839013350458762,0.5001895954601949,1.1681743538733984,2.160151218191573,-0.47660748220156535,-0.7754769229353541,0.4444640005163929,-0.7219334937954887,-0.3197328685452307,0.5404757472573554,0.42787927813428106,-1.1492113228746204,-1.435576542110725,1.325856007979281,-0.42614225814951684,0.8692418195686032,2.172121406194675,-1.417139107414103,-0.48554410715855684,-0.37376265201647246,0.724760244615147,0.552730206331577,1.2643138409510808,1.417139107414103,-2.1721214061946754,-1.0102503215325889,-1.2351161931692491,0.6821600114951846,1.3256007912461045,1.0589927181562884,0.4475901695294441,0.9216751455883455,-0.04256332662598434,0.6978801664463103,-0.49834537654397587,-0.4070549059059717,-0.19554893590083341,0.19684522775643593,0.4145951522438788,-0.0012904541294803558,-0.28942660841731066,-0.8769950965056176,0.10046155601764112,0
-1.305809286202831,0.0783367106616796,0.5693561964423357,-0.8681093238500562,1,0,0,1,0,0,-0.785777293743885,1.1715959215436065,-0.7583149722111197,0.27451623060249236,0.44498297934688336,0.6888872513035105,-0.4241985624945959,-0.32215033543397753,-0.1467113923072072,-0.1737386671458345,-0.4742069790958774,-0.9366477570332652,0.25596173890912666,0.12928219083705444,-0.8376858476890415,-0.07454238570175294,0.7304812216310194,0.5250100479972387,-0.7989105922128035,-0.4851260289008703,0.7190356690854792,-0.3970138475695304,0.12565147935469947,0.9590424056954691,1.1290624245239627,0.4851260289008703,0.7989105922128035,-0.3417899945912644,-1.1600669447440433,-1.7105112600179135,-1.4781478160953823,-1.176951992688579,-1.1906695084040155,-1.6882195673050053,-1.648240234340335,-1.534519319920306,0.25106641317809053,-0.7105613285614767,-1.208225957441296,-0.9701191952274875,-0.5838686025055501,-0.635754044465484,-1.5241547677521787,-1.823371294443516,-1.198562864808365,0
-0.09789695541265715,-0.7719995663965628,0.27967722576327125,0.3052077222492148,1,0,0,1,0,0,-0.7479204827314877,0.3720718138019969,-0.68155588370685,0.04884286574478978,0.44498297934688336,0.24840244662729724,1.7196898219009242,-0.24454116909456,0.8877884716570962,0.14848203865514484,0.6505659438440922,0.2553833122213073,-0.7817655359707156,3.6894530294843904,-0.5155993875410063,1.8361460631690338,1.5490624138035218,2.2073625449839356,0.569588792901455,-0.21659885141806862,1.2951874363167406,-0.18087571877620182,0.6315131343884937,1.3354341178729285,1.309292307826288,0.21659885141806862,-0.5695887929014557,3.0283641537379133,-0.6347222057676005,-0.5824076947417753,0.3824042551358344,1.0248561576853752,-1.222174502210428,-1.6066603575270884,-1.9250810804979817,-0.29429738304996345,0.77843026520473,-0.482931511569848,-1.0166384128255321,-0.5811310542328463,-0.0592520533999176,-1.016432198667086,-0.8656330827735822,-1.0440026608476,-0.5799798072721716,0
0.08200488108800677,-0.7719995663965628,-0.8790386569529866,0.3052077222492148,1,0,0,1,0,0,-0.7353015457273552,0.27322156048121604,-0.68155588370685,0.04884286574478978,0.35708231377937705,0.17237968845982896,-0.37996102582310515,-0.4099955806502129,-0.4050373227744565,-0.032134982920762785,0.15697670355109972,-1.0703786814282432,-0.9658213796487154,0.37963761254469136,-0.5315677812777023,-0.020037858592148634,0.9092073924416338,1.082111101962189,-0.3471945350124867,-1.1155255455628834,0.9076744850050463,0.03021886723368577,0.5335634736219235,0.9449667753745806,0.8523934725279672,1.1155255455628834,0.347194535012486,0.10385022336961848,-0.7097714541928067,-0.8189455390738695,-0.7029177864157086,-0.34060626115118536,-0.24551969421163483,-1.5251011477491712,-1.592872065108806,-0.6043528672675491,0.6118943119331598,-0.17942508891434333,-0.615216890773458,-0.2699405414371327,0.10997909147286698,-0.794369942049485,0.12214944469431245,-0.3759724034796717,-0.5181215015185524,0
-1.6399126968469209,-1.3131226517972627,1.7280720791585935,0.3052077222492148,1,0,0,1,0,0,-0.7353015457273552,0.25577739813049005,-0.822280879298011,1.8773757707456618,-0.6569574689866768,-1.2541650089179583,0.14651385868228625,0.22562976064430063,-0.4922560166086144,0.2892516692422058,-1.1798125148980607,-0.34629173082395154,1.0556798727287553,0.6118259272123372,-1.011995567058778,0.43206837778912227,0.5508847128270964,-0.03703209367501084,0.2430696413654208,-0.7133741297612556,0.40759817050507535,-1.3234788707466503,1.1071175165407119,0.15548750706586997,1.4976594200623008,0.7133741297612556,-0.24306964136542153,-0.03541234474315745,-1.3101654415944555,-1.8378777915813482,-1.3877043126327533,-1.1428154322176651,-1.94678935975792,-0.5463906304141645,-0.7069813574043363,-1.7825637072943747,0.22331042096616224,-1.317574173872486,-0.48749186102961545,0.11904759955750843,0.17767154942198057,-0.033013633646279864,-0.8656330827735822,-1.211010225189582,-0.08511336124321738,0
-0.7661037767008384,-1.3131226517972627,0.27967722576327125,0.3052077222492148,1,0,0,1,0,0,-0.7479204827314877,0.3168319663580311,-0.822280879298011,1.8773757707456618,-0.5690568034191699,-1.207209775932169,0.509422519806972,0.7862584933732546,-0.2010803877911749,0.48382414295610926,-0.6023950611452856,0.6974225621411545,1.2062467950592697,1.1189446355996027,-0.10853275344407169,0.5256793103436984,1.0250798308229605,0.7162492530592229,1.3508541695676228,-0.38855952469070976,0.40967188125795423,-1.187890187123193,0.8031406369193942,0.3628364096282185,1.4824210713752097,0.38855952469070976,-1.3508541695676235,0.939425632046274,-0.18442671521636386,-0.2548937564358004,0.046471242274642305,0.4616029099152932,-0.7495995951142377,0.6769975162545934,0.06817301183707392,-0.17027518936292965,0.029018475482663446,-1.317574173872486,-1.1443634425693747,-0.62002986833231,-0.44848368660732285,-0.44541496736468245,-1.4418395571298541,-1.712032918215528,-0.8892713360402683,1
-1.305809286202831,-0.6946962684821769,0.27967722576327125,-0.4281154315628296,1,0,0,1,0,0,-0.7983962307480176,1.8838992175315858,-0.7455217907937414,0.21954451352176993,0.7118913981583822,1.2791816088391468,0.4960269979555139,-0.04121335516177344,1.3310785723931602,0.014679632634999802,0.6426352066574504,-0.32807394736707746,-1.285155704128586,0.2523688254071428,-1.141452599326132,0.8862705205494891,0.3939047599653209,1.298653550313086,0.08301123374971872,-0.529783266025729,-0.43757365851742736,-1.0869155330048175,-0.9290125983085166,0.3707579805207723,0.4324251871428683,0.529783266025729,-0.08301123374971872,-0.03541234474315745,-1.2351161931692491,-0.9372144612399159,-0.39282577454383927,-0.22112829950298704,-0.5605696322757617,-1.3619827281933365,-1.5375038958772762,-0.6043528672675491,-0.10976148557697851,-0.7105613285614767,1.5926014805129542,0.7673611678819103,0.8884423578876751,2.3462248301137336,1.439192814651505,1.2384340518261547,1.646919199858125,1
-1.305809286202831,0.23294330649045036,0.27967722576327125,-1.161438585374874,1,0,0,1,0,0,-0.7983962307480176,1.8838992175315858,-0.7966945164632545,0.5291220781342594,0.3249648631982956,1.039933516959173,0.33810769465260165,-0.7782487994692548,0.30843815664235136,-0.25387350264386627,0.044136084617224895,-0.725273823031711,-0.3574728685326767,0.10705693427921673,-1.127988748428793,0.7427262348888213,0.305030595785201,1.1956315996556333,0.12355936367902995,-1.1117316642817359,-0.36317695254988897,-0.06182346506886894,0.32472294494872633,0.6454298408169414,1.109922474645801,1.1117316642817359,-0.12355936367903066,-0.06326485836571254,-1.1600669447440433,-0.5915053041391644,-0.1473362651452761,-0.01630893667750248,-0.2140147004052217,-1.1988643086375024,-1.3713993881826885,-0.29429738304996345,-0.47058938433204756,-0.2553016945782196,-0.6060936743631827,-0.3607044410025493,-0.093098282374475,-0.15990635171348128,-0.4540570296619595,-0.9326642846196119,-0.332546584257695,1
-1.6399126968469209,-0.7719995663965628,1.7280720791585935,0.3052077222492148,1,0,0,1,0,0,-0.7353015457273552,0.25577739813049005,-0.7711081536284979,0.317914954613589,-0.09920064193564308,-0.04898069561603459,-0.5424723406989117,-0.746334773199504,-0.2186709502539726,-0.7869394887269178,-0.798979030730551,-0.9525133489728794,0.24140658153929395,0.22760282423649283,-1.1679352151407325,0.23973057437950415,-0.04729410401079007,-0.4562339872356253,-0.030386078764458365,-1.2689780594871891,0.9817390551976032,-0.14564396111147038,0.539836622240323,1.0162084562064004,0.5932881809233594,1.2689780594871891,0.030386078764457654,-0.3696425082138195,-1.4602639384448675,-2.0653180265160533,-1.659034823020639,-1.5865907183395476,-1.9152843659515075,-0.5463906304141645,-0.5962450189412776,-2.0926191915119605,0.9449662184763004,-0.1035484832504671,0.11464042204849642,0.37837302688726915,0.7869036709640054,-0.635754044465484,0.9453015509175579,0.3477270420022505,0.16231986177126023,1
-1.6399126968469209,0.23294330649045036,1.7280720791585935,-1.161438585374874,1,0,0,1,0,0,-0.7353015457273552,0.25577739813049005,-0.7966945164632545,0.5291220781342594,-0.32069262942024446,-0.21220602932854002,0.3878081562054171,-0.7763105315964037,0.2609505570046848,-0.06389296052097053,-0.42934722341740084,-0.6395980444796046,0.3852072239655024,0.34288314086875793,-1.1144574493318804,0.27369041423560786,0.4661997610354878,0.06216245283179371,-0.16027754582615011,-0.7133741297612541,-0.19665188721362178,-0.05092844016238407,-0.08169568161695287,0.5485909703161342,0.6188619543876903,0.7133741297612541,0.16027754582614942,-0.23037994010104354,-1.3852146900196616,-1.8560730103761243,-1.4652273156007207,-1.2452251136304073,-1.726254403113031,-0.7910682597479163,-0.8177176958673952,-1.8445748041378918,-0.38732140769626244,-0.3311783002420958,-0.8706669502611417,-0.7756251247301669,-0.5330992590437151,-0.3819686083310823,-0.37174181903963527,-0.7099875321636356,-0.7036964187794109,0
0.23620645523143258,-1.3131226517972627,-1.168717627632051,0.5985369837740325,1,0,0,1,0,0,-0.7731583567397526,0.5290692749585311,-0.8094876978806327,1.1685299452310833,-0.1581902790310473,-0.4961733907187893,-0.06494166828476904,0.30155135636684127,-0.4550736272645148,0.03265478761279275,0.32295330590141946,0.5777601617306335,0.3354200123807586,0.3462424672070409,-0.32739131997566306,-0.9233588310839199,1.3325753781638614,1.0934351910178137,1.0187373090415193,-0.2223753081429896,0.4362643641881861,-0.7418621375106735,-0.3057856833257886,1.277244422742947,0.6476715295160297,0.2223753081429896,-1.01873730904152,-0.17467491285593337,-0.7848207026180125,-1.6741208224283601,-1.7882398279672513,-1.3134982345722352,-0.43454965705011084,-0.5463906304141645,-0.983822203561983,-1.3484860293897554,-0.10976148557697851,-1.0899443568808573,-1.6735099943652914,-1.5406351353529608,-1.057715808149347,-1.206771275767887,-1.277209135885205,-1.4893561657595522,-1.6934293108373202,1
-0.6890029896291251,0.18140777454752677,-0.4445202009343899,-0.13478617003801185,1,0,0,1,0,0,-0.7226826087232228,0.2179817130372503,-0.8350740607153893,2.201419576695183,-1.00139976970615,-1.5336604433571799,-1.0660379916611085,0.8012433278952286,-1.2678941060316524,-0.6628216076160052,-1.1454513387144185,-0.604883046003451,1.7603402703906834,-0.6783960792011268,-1.0083686953118796,-0.7894697623014941,0.27671023675952056,0.41453592307641507,0.7837886966584708,-1.6023404173227471,0.8045064086062006,-2.1098932357627045,0.9399127427098822,1.1698103642777944,1.8938564859267522,1.6023404173227471,-0.7837886966584715,-0.45320004908148526,-0.7097714541928067,1.1461380907619838,0.49868875958778525,0.59814915179895,1.865314890818015,1.5741488238116832,1.2309045656991897,1.13195784435093,0.5841383197212315,-2.0004636248473715,-0.44187577897824326,0.08014878545804377,0.549980068142106,-0.2550758902638815,-1.1948939252628807,-1.7677021063295222,-0.1469716669968365,1
-1.305809286202831,-0.6946962684821769,0.5693561964423357,-0.4281154315628296,1,0,0,1,0,0,-0.785777293743885,1.1715959215436065,-0.7455217907937414,0.21954451352176993,0.5225168612548611,0.7313705573382722,0.6713596411459701,0.08589663021260743,0.29475708468204453,0.5515041442746095,-0.10030985664090136,-0.577788197434721,-0.7863809978185882,0.318756552519951,-0.9452935199146933,-0.32009205303278276,0.9169102063133527,0.2839235755933419,0.4407888507730546,-1.2252032044178718,-0.6150441322351355,-1.0648701174311235,-0.7246044529191754,0.16414594616948244,0.40760383673211487,1.2252032044178718,-0.4407888507730553,-0.20252742647848845,-1.2351161931692491,-1.701413650620525,-1.5685913195580112,-1.2110885531594928,-1.2851844898232538,-0.7910682597479163,-1.0391903727935126,-1.8445748041378918,-0.3318094232724056,-0.7105613285614767,1.464876450769113,0.7932937106148858,0.8207498999385615,2.1558857530129325,2.2623449208747504,1.6281183686241134,1.275769365336409,1
-1.305809286202831,0.18140777454752677,0.5693561964423357,-0.13478617003801185,1,0,0,1,0,0,-0.785777293743885,1.1715959215436065,-0.8350740607153893,2.201419576695183,-0.46758293208315554,-0.8002644233886624,-0.44106227919802427,0.9336978672546093,-0.6708860435589706,-0.16918069449251183,-1.0042796783826102,-0.38737989976278164,1.141092416606427,0.07430981699057075,-0.6433967832818889,-0.20187852986076096,0.6608909585268823,0.04766799127980573,0.9848575718326791,-1.5051097296207103,0.6875573294422944,-1.9260703983937781,0.7142552429417486,0.8838803650417347,1.3521512831266946,1.5051097296207103,-0.9848575718326797,-0.3696425082138195,-1.009968447893631,-1.6650232130309723,-1.4910683165900436,-1.2110885531594928,-1.3796994712424915,-0.22015379130249568,-0.6516131881728072,-1.9685969978249267,0.44535835866158957,-1.848710413519619,-0.5513543759015367,-0.127311556405765,0.22844089288381547,-0.4136917878478824,-0.6186874509066087,-1.211010225189582,-0.332546584257695,1
0.18480593051695732,0.8771374557769975,-0.15484123025532542,-0.13478617003801185,1,0,0,1,0,0,-0.81101516775215,2.209523581411805,-0.5152445252809326,-0.15657776124106768,1.7019911914963965,1.8202847699134799,0.4031016545955026,-1.216284797457247,-0.7811704453315901,0.1128601980974678,0.2225060446030734,1.8749882407952883,0.7201009534076621,0.3730706648821639,-1.752366663202738,0.28491291735718915,0.34143487025898855,0.6145299787074566,1.4466056031467225,1.122534507594003,-0.18775485070461467,-0.08609339937739163,1.3541961731800858,0.1860941262043441,0.3107001602205584,-1.122534507594003,-1.4466056031467232,0.18740776423728422,-1.685411683720486,-0.5187244289600577,-0.3023822710812103,-0.15285517856115927,-0.30852968182446,0.18764225758709038,-0.4301405112466897,-0.6043528672675491,-0.3595654154843339,-0.3311783002420958,-0.7794347861583975,-0.03654765684034838,0.04228663352375219,-1.5240030709358887,-1.5241547677521787,-1.32234860141757,-0.6418381130257917,1
-0.7404035143436003,0.10410447663314094,0.27967722576327125,-0.13478617003801185,1,0,0,1,0,0,-0.016022136491804253,-0.10415381837282366,-0.46407179961141953,0.34684743728765344,-0.4986884268039899,-0.34815260863977743,0.13250991959200234,-0.31535292545328303,0.5258414808180122,0.32485816072176715,-0.3231347015024269,-0.28844873486492245,0.25776725599325867,-0.20459829341520425,-0.27313436079329323,-0.31257838617974837,0.9055518197567508,0.7387672001315705,1.0967144819825039,-1.4811177417461807,-0.38869047291408987,0.15921178021169555,-1.0329540532381083,0.4590672662920035,1.1413533193473058,1.4811177417461807,-1.0967144819825045,-0.2582324537235989,-0.3345252120667762,-0.2639913658331881,-0.37990527404917784,-0.01630893667750248,0.1325402314653172,0.10608304780917345,-0.3747723420151606,-0.29429738304996345,-0.47058938433204756,-0.02767187758659086,-0.49661507743988936,-0.9182541097615345,-0.7023304039164997,1.267636726542527,-0.20711139779498602,-0.8213259083916238,-0.5799798072721716,0
-0.4577006284139859,0.0010334127472937634,1.4383931084795292,1.478524768348486,1,0,0,1,0,0,-0.3945902466157784,0.22961115460440099,0.815246342126407,-0.3961387177823212,0.8575266438968759,0.4827314188611406,-0.3390051634376653,0.39738564928320474,-0.4666540680694843,0.13307066615280277,-0.7460067641019118,-2.0728853207587106,0.09858019813534372,0.5674558785252319,-4.7386618094873894e-4,-0.2629063333920905,0.7323664416463912,-0.21306587526687323,-0.83882515761197,-1.995231767628944,1.0383901597544918,-0.5458989835194913,0.3737362335858915,0.5464321419928679,0.7618279724431171,1.995231767628944,0.8388251576119693,0.49378541408539117,-0.03432821836595151,-0.09113678728281299,-0.21193876761858224,0.08610074473523979,-0.5605696322757617,-0.6279498401920818,-0.319404172783631,-0.17027518936292965,0.77843026520473,-0.6346847228976005,-0.4692454282090663,-0.21807545597118072,0.008440404549195996,-0.3502454288142823,0.03983423407198747,-0.7656567202776299,-0.8892713360402683,1
0.13340540580248203,0.28447883843337485,0.27967722576327125,-0.4281154315628296,1,0,0,0,1,0,-0.5586364276695006,0.5377913561338942,-0.4512786181940413,0.2762521795629362,0.2353521624461214,0.20010563555619973,1.0962266003981347,0.40070141097589335,-1.386251605495338,0.9248975050061606,-0.13776373949391735,0.3151324685527842,0.24824709533198025,1.6376077349315954,-0.1716560236498335,-1.850670087789859,1.808543551006469,0.890485399954769,0.5444209881177442,-0.11014700605881247,0.11194858043244267,-0.7219364979914086,0.035307424129881776,0.5438439668602139,1.0484852825903708,0.11014700605881318,-0.544420988117745,2.0535261769484814,0.19081952690966666,1.1643333095567605,-0.12149526415595328,0.59814915179895,2.4324047793334436,-0.38327221085833024,-0.6516131881728072,1.13195784435093,-0.026493508941193386,-0.7864379342253526,-0.4601222117987924,-0.37367071236903754,-0.14386762583630988,0.2207718024881207,-1.3595243465075295,-1.545025353873546,-0.5181215015185524,0
0.544609603518286,1.907848094635473,0.5693561964423357,-1.6014324776621007,0,1,0,1,0,0,-0.15483044353726144,-0.0029776767386127034,2.503946289220338,-0.6472726673932004,1.03086466152518,0.4979359704946343,0.6951831877860866,0.08454390184569176,1.7393193642603244,0.011694447351520781,0.7378772358812972,-0.8470601799252989,-1.323420588179529,0.6740938104069291,0.42434141432032224,0.515206727606039,0.05445134659821335,0.3584243393737807,-1.0383979846077995,-0.12541857881077315,-0.2931225524981726,0.3090567550248161,-1.8599747635908093,0.03819457928506453,-0.6093449391338212,0.12541857881077315,1.0383979846077986,0.911573118423719,0.7161642658861095,0.8641121994429487,1.0284292798688959,1.0077878774499178,0.41608517572303205,-0.709509049969999,-0.319404172783631,1.2559800380379649,-0.3318094232724056,0.19995793940503753,-0.23204180154193166,-1.1257144516253432,-1.0407926936620688,0.8552353928241243,0.5337254978059351,0.514734606344233,-0.7036964187794109,1
0.13340540580248203,-0.07626988516709207,-0.15484123025532542,-0.4281154315628296,1,0,0,1,0,0,-0.33149556159511606,0.11796851555975442,-0.23379453409861076,0.04594961747738333,0.12229134554895887,0.055215202342907235,-0.4650820339450379,1.7960373584301565,-0.5724533479064525,-0.28083058101690866,-0.6221503564717471,-0.13142518993904145,0.8945210218721387,-1.036313049232335,1.2861877162680524,0.16135143512366956,-1.1991424580299006,-1.282090270000991,-0.48326437388376714,0.30004743805884815,-0.3887638987361865,-1.1766430201980553,0.9447055355150018,-0.809665137307457,-0.442885676205755,-0.3000474380588474,0.4832643738837664,-1.038102835155144,0.9413120111617277,-0.50962681956267,-0.354064273059855,-0.7843815472730677,-0.8126095827270634,0.5954383064766764,0.954063719541543,-0.6043528672675491,-0.27629743884854874,-1.0140677512169813,0.4795690784594736,0.9229564242797662,0.49921072468027106,-0.3502454288142823,0.12214944469431245,0.29205785388825667,0.22417816752487937,1
0.31330724230314594,-0.4370186087675581,0.27967722576327125,-1.161438585374874,1,0,0,1,0,0,10.079127466814173,-0.8007573682451496,-0.10586271992482811,-0.02233104163340872,-1.778900574830252,-0.59858051789732,0.2724485584574377,2.0882336266443335,-0.193092054379926,0.13108577432991816,-0.43862176471023695,-0.3965746089819961,-0.0023415589462914698,0.5625375455477875,2.8387501172540506,-1.2417625535589656,0.6572522066589758,-0.044648451077842904,-0.07652239220166908,-0.4649864905896614,0.18323453466529777,-0.022368637497002755,-0.9838883042431502,0.4746316131754066,0.5266392536858017,0.4649864905896614,0.07652239220166766,0.4659329004628361,2.5173462280910557,-0.16391766246191838,-0.7675202888890147,-0.4942207832702994,0.5106001571422693,-0.46483142063624716,-0.4855086804782194,-0.17027518936292965,-0.22078545442469194,-0.482931511569848,-1.4089367184673323,-1.605466492185401,-1.3623318689203594,-0.12818317219668063,-0.7833178721512579,-1.0440026608476,-1.4459960878228426,1
-0.7661037767008384,0.23294330649045036,-0.4445202009343899,-0.13478617003801185,1,0,0,0,1,0,0.3751649106363024,-0.2646401119995031,-0.3361399854376369,0.11538757589513797,-0.5713464654056843,-0.2927007144470359,0.45641202186027624,0.9226901390787204,-1.590983533014686,1.4814361510462841,0.3624301458576688,-0.3892855871275804,-0.4602045856677176,0.10331389053319905,0.48828996828811766,-1.0762676210622706,0.5579525833164868,0.006937195622061398,-0.8963291925090734,0.3580292690535297,-0.5314220045868772,-0.777263001553609,1.0933826235810422,-1.448068435132164,-0.46440411867168885,-0.3580292690535297,0.8963291925090727,-0.03541234474315745,0.26586877533487285,-0.4732363819731166,-0.9225662948249498,-0.6819718658603261,0.2270552128845555,-0.8726274695258333,-0.5962450189412776,-0.6043528672675491,-0.6093693453916895,-0.8623145398892288,-0.5787240251323598,0.028283699992091807,-0.5500223735309933,-0.667477223982284,-0.28942660841731066,-0.15329565102369538,-0.8274130302866491,0
-1.922615582776536,-0.8235350983394863,-1.168717627632051,1.478524768348486,1,0,0,1,0,0,-0.06649788450833415,-0.0727543261415168,-0.6047967952025805,0.5956667882846075,-0.7453722127977664,-0.5162970619984132,-1.3691465664747475,1.2360351614555465,-0.5046930183152867,-0.7481681564602456,-0.5579914366601695,-0.9999247587445848,-0.3614779951733904,-0.9239416338096805,0.7254310504588938,-0.38619185456753824,-0.3683979194985195,-0.14689116696019314,-0.7279513648365089,-0.6418048099999468,0.9806400353755359,-0.9697761481634954,0.3018466937132917,0.6454298408169391,0.5820055613363814,0.6418048099999468,0.7279513648365081,-0.7595776989295921,1.0163612595869336,0.8368193712507843,0.48576825909312477,0.3079883877961804,1.109195039464111,-0.22015379130249568,0.12354118106860354,0.9459245538203791,0.3065783976019474,-1.2416975682086098,-1.60964747949337,-1.2424108939237355,-0.9561771212256767,-1.3019408143182878,-0.28942660841731066,-0.5986491559356475,-1.5078543935764617,1
-0.4577006284139859,-0.35971531085317227,1.4383931084795292,0.3052077222492148,1,0,0,0,1,0,-0.3945902466157784,0.22961115460440099,-0.6687627022894718,0.8271266496771229,-0.5690568034191699,-0.46263393858608265,1.3261559514346393,-0.7308021435991026,-2.5373784719392876,1.1212375545261726,-0.08009201518657103,-0.20733717427216156,-0.1178412402787406,1.0648113842673192,0.09633440352435456,-0.40267752392440853,0.8838309803290973,0.12850924462306404,-0.8963291925090734,0.6061852033378352,-0.7801051438150283,1.099554567507061,3.0640292963513276,-0.6383279291849234,0.22958780740577323,-0.6061852033378352,0.8963291925090727,1.0229831729139398,0.11577027848446049,0.09081540066495114,-0.1344157646506147,0.22264698661889537,-0.08799472517957138,-0.8726274695258333,-0.5962450189412776,0.015758101167622184,-1.0257092285706153,0.12408133374116129,-1.9289600538529752,-0.46443461193445323,-0.6684841749419423,-2.824653431124696,-1.277209135885205,-1.211010225189582,-1.7552876165909395,0
0.2876069799459088,0.33601437037629844,-0.4445202009343899,-0.8681093238500562,0,1,0,1,0,0,-0.43244705762817587,0.27496597671628864,-0.09306953850744984,-0.04431972846569769,0.4024987451062733,0.2457192904566807,0.9411637935616274,0.1977997083641922,-0.9518970000992084,1.1596247256422798,0.9072661925627705,0.2795158286152116,-1.3021775470909756,0.28350034832838567,-0.9511842685439967,0.1840707401515466,1.2078126492971832,1.7228501728561094,-0.08286747959746427,0.4634132099205562,-1.0254409577474235,-1.224361826705452,1.4862484300116852,-0.3689318437657375,0.5025373836481254,-0.46341320992055685,0.08286747959746356,-0.11896988561082296,-1.1600669447440433,-1.3193140559302208,-1.0388507992769007,-0.5795621844475838,-0.4660546508565234,-1.85133798686084,-2.0358174189610403,-1.1004416420156866,-1.0812212129944723,-1.317574173872486,-0.9801455471844351,-0.16621037050522874,-0.29617565622181696,-1.175048096251087,-0.6186874509066087,-0.48731077970765985,-0.9511296417938885,0
0.930113538876852,0.5421564981479937,-0.15484123025532542,0.5985369837740325,1,0,0,0,1,0,-0.5081606796529707,0.4970883106488667,-0.16982862701171944,-3.423548011197542e-4,0.46982657517274634,0.38256025515812364,-0.552395239214853,-0.3273087191217822,0.40774440149486624,0.037344937884547555,0.04429346024400502,-0.0025342243279542647,-0.4177430780694887,-0.07019636732620006,-0.2360569773258579,1.2024569669565377,0.3463549659913007,0.5110850480949186,-1.118227115406131,1.1055876586338,0.6979796437855514,0.2127647910494908,0.650953030921715,0.2929890536201242,0.441391407199508,-1.1055876586338,1.1182271154061303,-0.28608496734615396,-0.4846237089171882,-0.8826288048555859,-0.19901826712392082,-0.05044549714841698,-1.411204465048904,-1.7697787770829225,-1.648240234340335,-0.790386157798101,1.0004782029001573,0.5793409677244183,1.0817013615375868,1.298978293907919,1.3622895635314727,0.31594134103852145,-0.7010026615289333,-0.26463402725168356,1.5232025883508855,1
-1.0231064002732158,0.3102466044048362,-0.15484123025532542,0.3052077222492148,1,0,0,1,0,0,-0.5460174906653681,0.5319766353503188,10.205441502482053,-0.7942496793774477,2.3764261604035077,1.0229401945452683,0.10410772538030141,-1.996258266876063,0.1774408721543152,-0.6674917007830558,-0.19225867291638585,-0.3402539906658734,0.290740271241219,0.7864508808002659,0.023478379747645547,-0.7914896329104116,-0.028153915957243095,-0.16724296386452356,-0.22931895624632825,-0.2366301126415829,0.6410481272232185,2.763447245218765,-1.0379383666451059,0.8738212836570117,0.08666548783324433,0.2366301126415829,0.22931895624632756,0.911573118423719,0.19081952690966666,0.527500651739586,0.007709740790658993,7.593435579547688e-4,0.9831750642384596,0.10608304780917345,0.2342775195316623,0.38782468222872474,0.5008703430854462,2.400379503657447,-0.2594114507727547,-0.7367263106307022,-0.38079122865820925,0.2207718024881207,-0.28942660841731066,-0.4316415915936655,-0.20882997275045564,1
0.23620645523143258,-0.7204640344536393,-0.15484123025532542,0.3052077222492148,0,1,0,1,0,0,-0.3188766245909836,0.11331673893289414,-0.7711081536284979,1.475214261576166,-1.1749114388546489,-1.0529282961217188,-1.070596196710941,-0.4088561132760257,0.18284442824641742,-1.6027737675809104,-0.7427215187759751,-1.045746799694785,0.17943979206085428,-0.6999783119860861,-0.8193790683891138,1.0240414093597177,-1.4569925840160975,-0.418120992555477,-0.31054414497595056,-1.1182800073149486,0.789279990983967,-0.25966811677213425,0.7791083994920242,0.720515052002351,0.5573605813291522,1.1182800073149486,0.3105441449759499,-0.7317251853070371,-0.8598699510432187,-0.4277483349861756,0.13691474573727128,-0.4600842227993849,-0.4660546508565234,-0.22015379130249568,-0.09793149585751397,-0.6043528672675491,0.8894542340524437,-0.1035484832504671,0.4795690784594736,0.8321925247143505,1.1084428462222957,-0.44541496736468245,0.6983559190505837,0.18071947766026855,0.40975308478573785,0
-1.0231064002732158,-0.7204640344536393,-0.15484123025532542,0.3052077222492148,1,0,0,1,0,0,-0.5460174906653681,0.5319766353503188,-0.7711081536284979,1.475214261576166,-0.794375994460296,-0.7309495556477354,0.01364490209842018,0.22015999366934955,-1.0629220855668855,-0.06451340787497091,-0.0622861942875388,-0.37329015765868484,-0.14789096863283716,0.8392491031480602,-0.0546730280866885,-0.6489597657006855,0.3944715549444152,0.26564428105150034,0.3210111268130686,-0.827498180191446,0.819594246773396,-0.3569467399171486,0.8009081199826115,0.47830469333974024,0.3403250400830804,0.827498180191446,-0.32101112681306926,0.8837206048011639,0.04072103005925432,0.30006041680488094,-0.09565426316663046,0.06903246449978255,0.7941451013999841,0.10608304780917345,-0.04256332662598434,0.2638024885416898,0.9449662184763004,-0.17942508891434333,0.5525548097416701,0.9099901529132779,1.0745966172477384,-0.44541496736468245,0.6160407084282594,0.23638866577426285,0.40975308478573785,1
-0.35489957898503444,0.10410447663314094,0.27967722576327125,-0.13478617003801185,0,1,0,1,0,0,-0.6469689866984278,0.8285273953126613,-0.46407179961141953,0.34684743728765344,0.46656777070816374,0.369144474305041,-0.49132641049006875,0.7646559638956191,2.6092136570462525,-0.6861358891309252,-0.6615314850975555,-1.155132922579235,0.06256494572741993,-0.6046111084658943,0.6317383041184834,3.099925348507873,-0.28388497288917514,0.610448182991129,0.4407888507730546,-2.012632550043436,0.0790810383336569,-0.41665274273629,-0.4517564587676838,0.6454298408169414,1.456007166362456,2.012632550043436,-0.4407888507730553,-0.8709877534198129,-0.10937746679115769,-1.7105112600179135,-0.21193876761858224,-0.3064697006802721,-2.734414204918237,-0.7910682597479163,-1.0391903727935126,-1.658541513607341,-0.3040534310604773,-0.7864379342253526,-1.4271831512878814,-1.3980061503215924,-1.1084851516111824,0.09387908442092041,-0.20711139779498602,-0.9883334727336057,-1.3841377820692236,1
-0.4320003660567478,0.05256894469021735,-0.15484123025532542,-0.8681093238500562,1,0,0,1,0,0,6.823441719747995,-0.7751725967974181,0.9815577005523245,-0.4597901796652629,-0.9583735204843645,-0.24082636181511632,0.03851320867516557,-0.09144010889027213,1.6279000886905393,-1.4930307836011314,-0.8337020292374386,1.774695217870809,4.091899897732873,0.00393000863237977,1.1387094400520767,0.2872760391446265,-2.114139649538165,-2.661993591303164,1.5099934985697145,0.9228794432816189,-0.04962673585867171,1.2662385387337647,-1.9367092416710088,-0.07935642052200972,-1.5150651575260268,-0.9228794432816189,-1.5099934985697152,1.7471485271003746,4.318528190296002,6.9959009332826,6.209549978228048,4.233692841951291,2.589929748365507,12.013727675385086,10.532756996596117,3.2403351370305127,-0.16527347000083534,0.9587239960437993,-0.4509989953885172,-1.3202085221226638,-1.2607931819966884,-0.033013633646279864,0.03983423407198747,0.5704037944582268,-0.6418381130257917,0
-0.04649643069818187,0.18140777454752677,0.27967722576327125,-0.4281154315628296,1,0,0,1,0,0,-0.7353015457273552,1.4739614022895242,0.07324181991846762,-0.16930805361765602,1.4441626015700004,1.2644242499007559,1.5471520578081053,-0.9196084946997373,1.8104451472812202,0.576303892289739,1.3249725818500182,-0.11253901392245327,-1.04060067291797,2.906857255281659,-1.0787832962784876,2.0662156317546168,1.4579280922987827,2.0885383631452132,0.1590389773671773,-0.31122271395962636,0.753144920784038,0.18149009470720381,-0.3985917217673847,0.6671071612010133,0.3165219623876566,0.31122271395962636,-0.15903897736717798,2.6941339902672503,-1.009968447893631,-0.027453521501095285,1.0413497803635572,1.673450806632741,-1.1591645145976028,-1.4435419379712537,-1.648240234340335,0.44983577907224165,0.7229182807808735,0.19995793940503753,0.0963939892279486,-0.127311556405765,0.1438253204474232,0.2524949820049213,-0.20711139779498602,-0.3759724034796717,0.038603250264021984,1
0.23620645523143258,-0.9266061622253344,1.7280720791585935,1.0385308760612593,1,0,0,1,0,0,-0.23054406556205628,0.04702892200013524,-0.1442422641769629,-0.011915347870745526,0.09017389496787814,0.04537696305064663,0.03231320465804747,-0.2995633251392003,0.7988391351416225,0.29980564432114953,0.7085847095954803,0.1884620641346591,-0.6669291544216315,0.24367088644178775,-1.2611885571901944,2.0325720406286125,0.7144474580730839,1.1266798058758982,0.2181716668474219,0.040659774866796713,0.19854078097852562,-0.8522709455167774,0.950499021323384,0.3034157859552859,0.1787887139133407,-0.040659774866796713,-0.2181716668474226,0.24311279148239442,-1.1600669447440433,0.08171779126756346,1.1317932838261862,1.4174266031008858,-1.348194477436079,-0.709509049969999,-0.8730858650989243,0.20179139169817292,-0.27629743884854874,-1.1658209625447336,-1.6552635615447422,-1.0219842806934394,-0.8546384343020056,-1.9046812251374914,-0.7010026615289333,-0.7656567202776299,-1.4459960878228426,1
-0.27779879191332196,0.0010334127472937634,-0.15484123025532542,-0.4281154315628296,1,0,0,1,0,0,-0.596493238681898,0.6308268886710996,-0.3617263482723934,0.15589305163882816,0.4620820486998608,0.36467254735401344,0.5364199756838027,-0.13819771463272684,-0.2178628982378882,0.36288960001963855,0.2662419981645016,-0.24735904566232023,-0.5680423301440404,0.2792946522612804,-0.6555056561103675,0.21966120808011122,0.3598743499225886,0.6045776980285483,-0.06904425348519842,-0.26889098598050765,-0.4668371083874002,-0.46699047597025933,0.5185642104158505,-0.13339519285132084,0.2441248135514798,0.26889098598050765,0.06904425348519772,0.577342954953057,-0.3345252120667762,1.137040481364595,1.093031782342202,1.2126072402754011,0.9201650766256344,-0.709509049969999,-0.762349526635866,1.13195784435093,-0.5816133531797613,-0.6346847228976005,-0.7246954876967501,-0.37367071236903754,-0.39771434314548676,-0.635754044465484,-0.5363722402842841,-0.7099875321636356,-0.7036964187794109,0
-0.12359721776989524,0.5163887321765315,-0.15484123025532542,-0.4281154315628296,1,0,0,1,0,0,-0.5333985536612357,0.5145324729995927,1.0327304262218375,-0.4690485741209635,1.1862104727190608,0.7582021190444375,0.8088368518988858,-0.7593808598745807,0.38652330324136175,0.23677683560432272,0.7673845781817121,0.6134029692886696,-0.5223669200465747,0.4040114436861643,-0.12932708063031173,0.5306790446741094,-0.6884172115411819,0.01201137597764921,0.416552302523086,0.42347698798565403,-0.7210238576278938,0.9127170314688734,0.004890957267264269,-1.0024929520417794,-0.9859107642188358,-0.42347698798565403,-0.4165523025230867,0.02029268250195297,-0.4846237089171882,-1.1646546961746211,-0.7545997883943533,-0.9550643496276378,-0.7811045889206503,-0.22015379130249568,-0.4301405112466897,-1.3484860293897554,-0.8036612908751883,0.5034643620605421,-0.7794347861583975,-0.6589286824317738,-0.9731002357129547,-0.7626467625326843,0.2044646553166367,0.45906541823023866,-0.8274130302866491,0
-0.4577006284139859,-1.2100515879114147,-0.15484123025532542,0.3052077222492148,1,0,0,1,0,0,-0.00340319948767178,-0.11229442746982914,0.08603500133584588,-0.17046535292461862,0.06401374438825982,0.04537696305064663,-0.07041495994175352,0.457326845707175,-1.554184063391047,0.0784766165738534,-0.590074459597729,-0.5747214195463388,0.5672376824890032,0.284673396528724,0.07148488716484236,-0.99969924674037,0.5942478919091876,0.09337428086932124,-1.2173253467419909,0.4234769879856554,0.382356019496372,-0.5560834573107132,1.1200203477836381,0.4832291912396206,0.8582875083828387,-0.4234769879856554,1.2173253467419902,0.04814519612450831,-0.18442671521636386,-0.7370670544973751,-1.0905328012555453,-0.8355863879794388,0.006520256239666901,-1.0357458890816678,-0.6516131881728072,-0.4803306735805153,0.3898463742377325,-0.482931511569848,0.15113328768959466,0.7154960824159574,0.8884423578876751,-0.4771381468814831,-1.0302635040182315,-0.9883334727336057,0.5953280020465953,1
0.004904094016293398,1.0832795835486928,1.0038746524609323,-0.8681093238500562,1,0,0,1,0,0,0.2363566035908452,-0.23672945223834146,-0.0035172685858019803,-0.1345890744087787,-0.16794271158910065,-0.07804822079771365,1.144250746883618,-0.3764847557948562,0.15848419568280625,0.8172835776873374,1.4279624752607256,0.501642347917015,-1.4460703510177721,0.6732808440339634,-1.1043453067099498,0.42441764431270435,-0.2916127748426136,0.2803512261524238,0.3735052989149339,0.31374232411047026,-0.9183742313607154,-0.5895717426764642,0.20984559710230652,-1.3932556224518782,-1.582712747279701,-0.31374232411047026,-0.37350529891493456,0.5216379277079463,-1.0850176963188372,-0.30038180342274146,-0.04397226118798574,-0.15285517856115927,-0.11949971898598452,0.02452383803125581,-0.1532996650890431,-0.29429738304996345,-0.7481493064513315,-0.3311783002420958,0.8718673841012752,0.858125067447326,0.17767154942198057,-0.15990635171348128,1.8507688677631275,2.2961486259920414,0.5334696962929761,1
0.2105061928741954,-0.4370186087675581,-0.4445202009343899,0.5985369837740325,0,1,0,1,0,0,0.21111872958258027,-0.21463351326075517,-0.42569225535928473,0.24269049966102146,-0.5987992286068727,-0.352624535590805,0.817881166537992,-0.7379516434506537,-0.020354670028451094,0.1415305740904422,0.6305750573226265,1.0071975972277418,-0.0621626665919985,-0.005010401875051809,-0.14983912679309416,-0.3243791735637896,-0.5502336924956028,-0.1386256982343758,0.5274811195133241,0.850548042800631,-1.1422900060239687,0.8627562418577529,-0.29814427060899035,-0.7368009854388373,-0.9551194705643027,-0.8505480428006302,-0.5274811195133248,0.0759977097470634,-0.03432821836595151,0.35464607318920965,0.12399424524260985,-0.10165033785478751,0.8256500952063961,0.6769975162545934,0.4557501964577793,0.3258135853852078,-0.9979532363586869,1.1104772073715516,0.7076494887163344,0.4302381123532211,0.09305597698558829,0.3476645205553221,0.12214944469431245,0.6260729825722207,0.47161139053935697,0
1.1614159000919912,-0.05050211919562982,-1.8929150543297122,0.3052077222492148,1,0,0,1,0,0,0.3246891626197725,-0.25882539121592774,-0.7583149722111197,1.4694277650413532,-1.6190412403228231,-1.3346596940364541,-2.1725582197933417,0.47375078440303564,-2.018882029598612,-0.9840822898056736,-1.8689881779321482,-0.034440231901873786,1.404637476143722,0.006982615296952022,-0.47879423457476056,-0.5448770681023111,0.16624211002910638,-0.24239612853907505,-0.83882515761197,0.7849642097577141,3.0279720374846435,-1.1298833728048134,2.2123304617109545,1.4942745164214823,2.1931235258709822,-0.7849642097577141,0.8388251576119693,-0.03541234474315745,-0.4846237089171882,-0.13662483426975403,-0.39282577454383927,-0.3064697006802721,0.038025250046078915,-0.6279498401920818,-0.319404172783631,-0.046252995675895824,2.4437897979204335,-1.1658209625447336,-0.5787240251323598,0.5599008260181015,1.1761353041714093,-1.4922798914190887,-2.1003612421084505,-2.1573864231274804,-0.023255055489598248,0
0.004904094016293398,-0.3339475448817109,1.0038746524609323,-1.161438585374874,1,0,0,1,0,0,0.2363566035908452,-0.23672945223834146,-0.5024513438635544,0.4394313818446596,-0.7422817040345103,-0.5216633743396463,0.7699682079681517,0.10888046004944327,-0.7370926635648697,-0.0804920359475303,-0.6810167979347298,-0.715793424865893,0.6520216998369629,0.5505202971274178,-1.0937295752826215,0.46322848002953887,-0.236154965161476,0.26564428105150034,0.6312676384277316,-1.6023404173227471,-0.5205861419771693,-1.2451161269203914,1.4731303126889528,-0.12542767332530472,1.144705127752739,1.6023404173227471,-0.6312676384277323,0.5216379277079463,-1.009968447893631,0.04532735367801011,0.279040251178545,0.17144214591252482,0.038025250046078915,0.35076067714292497,0.06817301183707392,0.015758101167622184,-0.4150773999081907,-1.0899443568808573,0.4339529964081015,1.1693155802430386,1.0407503882731821,0.1890486229713212,-0.04248097655033679,-0.7099875321636356,0.22417816752487937,0
0.23620645523143258,-0.4370186087675581,-0.15484123025532542,0.5985369837740325,1,0,0,1,0,0,-0.81101516775215,5.352380164934277,-0.42569225535928473,0.24269049966102146,1.8537396502128838,3.928798327322968,1.2425014705037967,-1.6136674474736412,0.2298644582349323,0.6634328539187528,1.1452270635758195,1.7538566816976242,-0.31335694780957435,0.491866198682897,-1.656559129494593,0.40056228705226327,0.11719204553640898,0.5998953882461742,1.3298662290760435,1.0731061981267456,-1.236261630333593,0.5553046428786175,0.08829405349574006,-0.7800493582533065,-0.9031701847897585,-1.0731061981267456,-1.3298662290760441,0.27096530510494976,-1.6103624352952797,-0.5824076947417753,-0.3023822710812103,-0.23819657973844427,-0.30852968182446,0.02452383803125581,-0.5408768497097485,-0.790386157798101,-1.1089772052064004,0.7310941790521709,0.5434315933313949,0.5080357405521495,0.1438253204474232,-0.033013633646279864,-0.12479618717266176,0.45906541823023866,0.40975308478573785,1
-0.04649643069818187,0.23294330649045036,0.27967722576327125,1.7718540298733036,1,0,0,1,0,0,-0.7353015457273552,1.4739614022895242,-0.24658771551598904,0.04942151539827107,1.168174353873405,1.0953854111519146,1.6121686544366118,-0.11171487973184188,-0.004062655291031552,0.227732118294208,0.44906705710761396,-0.6869488023050591,-0.5489728121994919,2.5627736853389296,-1.3738557874743011,2.0899057321777863,1.314453735794359,2.1469147594816866,-0.31054414497595056,-0.6289223324429117,0.31893351161891675,-1.2229663900605654,2.1057074969808065,0.9957384239631042,1.5122352318499557,0.6289223324429117,0.3105441449759499,1.7192960134778195,-1.4602639384448675,-1.1737523055720087,-0.08273376267196997,0.4445346296798359,-1.6632444155002057,-1.85133798686084,-1.980449249729511,-0.4803306735805153,0.25106641317809053,-1.1658209625447336,-0.12256320461863823,0.9618552383792308,1.3622895635314727,-1.3653871733518879,-0.7833178721512579,-1.0996718489615938,0.10046155601764112,1
-1.2544087614883548,0.23294330649045036,0.5693561964423357,-0.13478617003801185,1,0,0,1,0,0,-0.785777293743885,3.282339565981456,-0.8350740607153893,5.329020953761549,-0.46758293208315554,-1.5940314571960519,-0.35864735626265976,0.8930988235306047,-0.3188420921095796,0.22842693711941536,-0.6784683474951598,-0.25487632996509046,0.808225078331619,-0.19997436704636917,-0.37808622311488205,-0.08767063489474353,0.15324895631066415,-0.5597155249207865,0.5061221547512287,-0.8495867060811616,0.29889584800125263,-1.6045646417968185,0.34776728804169027,-0.1566310133937261,0.3355888100878232,0.8495867060811616,-0.5061221547512293,-0.48105256270404034,-0.7097714541928067,-1.2738260089432798,-1.1163738022448682,-1.0062691903340089,-1.3796994712424915,0.18764225758709038,-0.04256332662598434,-1.658541513607341,0.16779843654230542,-1.5452039908641146,-0.350643614875499,-0.127311556405765,-0.1777138548108673,-0.12818317219668063,-0.04248097655033679,-0.4316415915936655,-0.7036964187794109,1
-1.2544087614883548,-0.05050211919562982,0.5693561964423357,0.3052077222492148,1,0,0,1,0,0,-0.785777293743885,3.282339565981456,-0.7583149722111197,1.4694277650413532,0.44498297934688336,1.3887438191393215,-1.7580900561337323,0.680236932438425,-1.665565664163009,-0.6898582570933048,-1.775339721967263,0.8385726632294465,1.8763262740208901,-0.21195896161804792,-0.47879423457476106,0.057935330086027206,0.4249351258348448,-0.24093743991432906,0.7520553775833569,0.39783372969061137,2.2328801226986217,-1.41329209113136,2.335103479165398,1.35331239617087,2.0728000721245023,-0.39783372969061137,-0.7520553775833577,-0.4253475354589299,-0.7097714541928067,-0.982702508226857,-0.806281790372998,-0.6136987449184976,-1.222174502210428,0.35076067714292497,0.012804842605544792,-1.2864749325462383,1.5555980471387252,-1.4693273852002382,-0.97102233077416,0.22277777048941236,0.7699805564767266,-1.8095116865870906,-1.6887851889968277,-1.7677021063295222,-0.20882997275045564,1
-0.2006980048416086,-0.5658574386248675,-0.15484123025532542,-1.161438585374874,1,0,0,1,0,0,1.43515561898343,-0.5542132070215552,0.57217589519622,-0.3070266711462027,-0.32362482650653124,-0.1889520091831968,0.6052161286873365,1.205434910384331,0.7251211640061311,1.0294764985584306,0.6713213729193748,-0.2788190109158952,-0.825498024506763,-0.4542598155010448,1.3803605914421098,0.52941764793511,0.00223000126731042,-0.8030422227326351,-1.3016642670278302,0.910698895591472,-1.295458814802332,-0.2716823063708451,-0.4592512435677136,-1.3885451021833692,-1.6567650944194179,-0.910698895591472,1.3016642670278296,0.02029268250195297,2.4422969796658496,2.3470225312172275,2.3463203303243403,2.2367040544028214,0.006520256239666901,0.4323198869208419,1.3416409041622488,2.2481575875342377,-1.3032691506898992,-0.5588081172337243,-1.0257616292358074,-1.0738493661593913,-1.4638705558440304,-0.9212626601166852,-0.04248097655033679,0.45906541823023866,-1.2604211705619852,1
-0.9717058755587404,1.6759382008923163,0.5693561964423357,-0.8681093238500562,1,0,0,1,0,0,-0.14221150653312897,-0.012281229992333251,0.6105554394483548,-0.31049856906709045,0.4742445592557529,0.23051473882318704,0.42769535786464424,1.0915965608715512,-1.2676979533856814,0.8428891161362009,0.34706824024092003,-0.12570232637393072,-0.6425421092380951,-0.511172001146672,0.8343756561844261,-0.9324294649287772,-0.6149813769173653,-0.7447710204199087,-0.9306920144830665,0.7516060278018181,-1.1054778469599595,-0.6623913215316767,0.7959838813124307,-1.7484938233909715,-1.1783296538382635,-0.7516060278018188,0.9306920144830657,-0.4114212786476524,0.9413120111617277,0.4001341201761507,-0.1699471410109329,-0.3960781719164211,0.8571550890128092,-0.01625576685770265,0.4972763233814264,0.44983577907224165,-0.9424412519348303,-0.4070549059059717,0.8718673841012752,1.1952481229760152,0.2961333508329291,0.062155904904119784,0.9453015509175579,1.5724491805101195,0.7190446135538346,1
0.5960101282327613,-1.0812127580541053,0.5693561964423357,0.3052077222492148,1,0,0,1,0,0,3.353234043611566,-0.6960923941407935,0.5337963509440852,-0.2885098822348015,-0.7444805737996648,-0.3123771930315571,1.1848349912377576,0.17455159712585805,-1.1976437068416488,1.7188113213818452,1.0479285424547018,0.6230888308658682,-0.5364149245136205,0.9597403979430232,-0.8901652816821674,-1.1434958064049938,1.4579280922987827,0.5036505142487685,0.4407888507730532,0.4126498344833025,-0.688580600049228,-1.13132558291218,0.4881160614323634,-0.8763466670695228,-0.8706417289570962,-0.4126498344833025,-0.44078885077305385,0.49378541408539117,-1.0600012801771017,-1.070646065734943,-1.4135453136220761,-0.8867912286858101,-0.29802801722232247,-0.49201782389555315,-0.725437413814846,-1.2037934700882147,-0.4150773999081907,-0.7864379342253526,1.455753234358838,1.5323711785047043,1.0069041592986248,0.28421816152172197,0.7806711296729086,1.127095675598167,1.0283361423219313,0
1.135715637734753,-0.7204640344536393,-0.4445202009343899,-1.6014324776621007,1,0,0,1,0,0,0.6654004617313493,-0.33674264971583734,0.5082099881093286,-0.2861952836208763,-0.08127132211636434,-0.03780087823846573,0.4020961194700458,1.2156117361352339,-1.1759227078053933,-0.5240011046372494,-1.245811674279946,-0.31648004729230494,1.2469760954267328,-0.6273004854042264,1.636921309063741,-1.3242597033579904,-1.4294933323527508,-2.0215542238748543,-0.29127919636700184,-0.14275387761029457,-1.18591569598767,-0.028633424307400495,0.2767724444580308,-0.7095694318059061,-0.35403804461790095,0.14275387761029457,0.2912791963670011,-0.5367575899491508,1.6918044954137887,0.33645085439443295,-0.43158727602782254,-0.9379960693921812,0.4475901695294441,2.145063292257104,2.615108796487423,-0.10826409251941274,-1.2755131584779709,-0.5588081172337243,-1.6278939123139191,-1.268343436656712,-1.4131012123821949,-1.206771275767887,0.28677986593896093,0.23638866577426285,-1.3222794763156045,0
-0.5091011531284612,-0.9266061622253344,-0.8790386569529866,-0.8681093238500562,1,0,0,1,0,0,-0.24316300256618875,0.05516953109714072,0.39307135535292426,-0.26536389609554994,0.4724151634768192,0.24750806123709174,1.887537728556292,-2.6752556270153836,-0.29421579867977465,3.782900186599405,4.000923713175041,1.0853224191619808,-4.897254248491283,1.1730536393490167,-0.4697384921710404,-0.49664896053514546,1.2249295067768207,0.6682693433637542,0.08301123374971872,1.3979208031972914,-1.4525657845523003,3.2012985959759424,-0.0968814556118045,-3.8958349690265166,-4.548961830505761,-1.3979208031972914,-0.08301123374971872,0.6887530094432773,-0.7097714541928067,-1.0099953364190213,-1.077612300760884,-0.6136987449184976,-0.5290646384693491,-1.3619827281933365,-1.5375038958772762,-1.1624527388592034,-1.4420491117495413,2.096873081001942,-1.2173491738515698,-1.0738493661593913,-2.2931031657206744,-2.1267434817550925,1.8507688677631275,3.353863200157928,-1.6934293108373202,1
-0.6890029896291251,1.0059762856343069,-0.8790386569529866,-0.8681093238500562,1,0,0,1,0,0,1.7127722330743445,-0.5774720901558565,0.5977622580309765,-0.3093412697601279,-0.3878800954700972,-0.20505094620689596,-0.4472571165065491,-0.01819778722428183,0.35525272156587256,-0.6902304998245644,-0.5526500880484054,0.835560180082656,1.3664393827456967,-1.3343286279719557,-0.4672094109591907,0.4134466697445921,-1.7503179350918097,-2.5742005704365467,-1.0117882743416888,2.1430837207120725,-0.7113235352071811,-0.44306309745731864,-0.07016834096868144,-0.8031284273670636,-1.7947336485105094,-2.1430837207120725,1.0117882743416882,-1.3166279713806959,-0.6347222057676005,-0.7370670544973751,-0.43158727602782254,-1.05747403104038,-1.8837793721450944,0.4323198869208419,1.1201682272361313,-1.5965304167638241,-0.8869292675109735,-0.7864379342253526,-1.3541974200056863,-1.1775795370912954,-1.3623318689203594,-1.8729580456206907,-1.0302635040182315,-0.09762646290970158,-1.198562864808365,1
1.572620097807795,-0.3339475448817109,-0.8790386569529866,0.3052077222492148,1,0,0,1,0,0,-0.4198281206240434,0.26682536761928316,1.774734948429777,-0.5836212055102586,1.1942481447077402,0.6562421845610094,0.01672217827498738,-0.054805180432933594,-0.1465628483908676,-0.2097530309919002,-0.48895364159474075,-0.8793820113913206,-0.204330767837246,-0.8424918613452187,-0.7237305053039679,0.022357547759396666,-1.3919943528118206,-1.0091537202966256,-1.2379708116036303,0.02843219803499119,-0.8650605370316645,-0.6497955024864506,0.2228235029793096,-1.0969149594965997,-0.34957851098607856,-0.02843219803499119,1.2379708116036297,-0.9545452942874786,-0.9349191994684248,-1.1009714303929035,-0.9225662948249498,-1.347634795043149,-0.7495995951142377,-0.7910682597479163,-0.319404172783631,-1.1004416420156866,-0.9146852597229018,-0.7864379342253526,-0.7155722712864762,-0.5033334260339178,-0.8715615487892844,-0.2550758902638815,0.2044646553166367,0.23638866577426285,-0.5181215015185524,1
0.6988111776617119,0.6452275620338409,-1.6032360836506476,-0.4281154315628296,1,0,0,1,0,0,0.6527815247272168,-0.32278731983525655,0.6873145279526244,-0.3394310517411549,0.005226678029248289,0.014073474393453808,-0.2347219693820797,-0.058167784251971104,0.09554899281209144,0.09205863342927202,0.5856391890751442,0.787259239825921,-0.3672920840500583,-0.691488002667784,0.703576310607441,-1.9806611275749986,-0.47121330979229153,-0.9344573755083003,0.22845561284398783,0.8471482119907146,-0.36454005251899735,0.7846644121296085,-2.1209920930662456,-0.5916123264433834,-1.6736753778556877,-0.8471482119907146,-0.22845561284398855,-0.5089050763265954,1.0163612595869336,0.8914050276351143,-0.39282577454383927,-0.5454256239766699,1.9598298722372534,1.247911984700014,1.2309045656991897,0.5738579727592754,0.11922545017143077,1.717490052682561,2.317897185129772,0.5307267154435032,0.24536400737109418,2.473117548180934,1.6449808412073161,2.5188253784480175,1.708777505611744,1
-0.7147032519863632,-0.3339475448817109,-0.4445202009343899,-1.8947617391869185,1,0,0,1,0,0,-0.6343500496942954,0.7354918627754558,0.9047986120480549,-0.4447452886747494,1.4070667506830306,0.9093532499891686,1.1977201334965255,-1.5179292856829407,-1.003042946605765,0.8730615324925569,0.8090063562345866,0.5877492084961374,-0.326248170594158,-0.07945729233961726,-1.183617291969502,0.33460529659927996,-0.5809053138524678,-0.16844813427791602,-0.8293216896597884,1.6241309745857062,-1.7448517916567137,0.8976837618896103,1.7074393640181902,-1.7554655705018776,-1.2162047023252074,-1.6241309745857062,0.8293216896597884,0.24311279148239442,-0.8598699510432187,1.3553831069019124,1.3514417922354265,1.0077878774499178,0.9201650766256344,0.2692014673650073,0.7879592118469556,1.5040244254120325,-1.5253170883853264,2.400379503657447,3.554093008721957,4.307153250933144,2.8684467528992554,0.664896315723324,0.9453015509175579,2.351817814106035,3.378951760959466,0
-0.9203053508442651,-0.978141694168258,0.5693561964423357,0.5985369837740325,0,1,0,1,0,0,0.47611640666936217,-0.28906193929051954,-0.15703544559434116,-0.009600749256820373,-0.43066051741309536,-0.21488918549915656,0.5217142821132614,-0.06933338536797197,0.3042921899910199,1.2126924702978295,1.416273952263628,1.8304803675021297,-0.6775057923224704,0.3009422452158229,0.7505496115343921,-0.6164184044569501,1.0781178002668919,1.2068887675106592,1.7556215933338128,0.7553527801229513,-0.4247584636869174,0.8470463717621523,-1.0354186668813632,-0.5692261353451081,-0.6629335216900357,-0.7553527801229513,-1.7556215933338135,0.7026792662545551,1.3165582532877582,1.4918472478627354,0.8798435241802919,1.3320852019236007,2.1961173257853486,0.7993363309214695,0.012804842605544792,1.6900577159425842,-0.3472294189456991,0.9165703262305349,0.2981184409662385,-0.30307656826260265,-0.49737268401501544,0.90458256096137,-0.024188707523153618,0.3848398340782469,0.2997827634459683,0
-0.7147032519863632,-0.514321906681944,-1.6032360836506476,-0.8681093238500562,1,0,0,1,0,0,0.5139732176817596,-0.2902248834472346,-0.2593808969333673,0.057522610547009106,-0.552852239753308,-0.2676579235212816,-1.5970206467733472,0.218375941373157,0.6032968778128551,-1.049464169166559,-0.5428004487795522,-0.2905414556170476,1.4503919678023607,-1.1123272610779402,-0.6402906768137988,0.5573407409648405,-0.24882646937601188,0.15951724131222694,-0.007768161614413057,-0.38855952469070976,1.1092717920145923,-0.9411569769238867,-0.26465334760170617,1.1710263191148087,0.861404706218762,0.38855952469070976,0.007768161614412348,-1.2330704305130304,-1.009968447893631,-1.6741208224283601,-1.1938968052128347,-1.2110885531594928,-1.3166894836296663,-0.13859458152457876,-0.1532996650890431,-1.2864749325462383,0.6396503041450882,-1.0899443568808573,-0.989268763594709,-0.9571529238609991,-0.4992530300691578,-0.5088613263982832,-1.4418395571298541,-1.712032918215528,-1.136704559054746,0
1.495519310736081,-0.6946962684821769,0.5693561964423357,-0.8681093238500562,1,0,0,1,0,0,-0.3062576875868511,0.10168729736574346,1.7235622227602638,-0.5720482124406329,1.0225888626534685,0.520295605249772,0.6004211404403084,0.07742065541474685,-0.5185137648869977,1.1175509334869091,1.906404498646942,0.5534338146571152,-1.6886211163287623,-0.008363934623710968,-0.1838595049122985,-0.3436593376791069,-0.09994806528092803,0.38968634401281593,-0.11623388745465664,0.8700970699576553,-0.843257356580156,-0.2904486951072748,0.36348119492715336,-1.6088460033984369,-2.0979663476047974,-0.8700970699576553,0.11623388745465593,-0.14682239923337803,-0.3345252120667762,-0.5278220383574467,-0.6124742829530796,-0.6136987449184976,0.3215701943037938,-0.6279498401920818,-0.6516131881728072,-0.4803306735805153,-0.933189254530854,-0.5588081172337243,-0.974063402910918,-0.6632507728872705,-1.1931007240475748,-1.703767754864423,0.06727263761276221,0.5704037944582268,-1.6934293108373202,0
-0.48340089077122306,0.8513696898055362,-0.4445202009343899,3.2385003374973924,1,0,0,1,0,0,0.3877838476404349,-0.2646401119995031,-0.5408308881156891,0.5088693402624143,-0.903815287276893,-0.5967917471169091,-3.085456492132636,0.14973154034682792,-0.5899650196387629,-1.022101931683278,-0.7041192968739847,-1.1015425561101135,0.3578594012329917,-0.49583893873305895,-1.2900734213797844,0.9804302977238514,0.11620636279037748,0.7712995774696031,-0.3224700655433951,-1.1825507815298193,3.7949659353592122,-1.4978784714548519,1.7917398426663496,1.4960220093203107,1.6684134869756166,1.1825507815298193,0.32247006554339436,-0.4253475354589299,-1.1600669447440433,0.2454747604205509,0.7312577684916879,0.7517636739180628,-0.08799472517957138,-0.46483142063624716,-0.3747723420151606,0.6978801664463103,3.942613377364566,-1.317574173872486,0.589047675382767,1.4934723644052397,2.140752829946282,-0.9529858396334858,-0.37174181903963527,-0.8769950965056176,0.7190446135538346,0
0.31330724230314594,1.572867137006469,-0.15484123025532542,-0.8681093238500562,1,0,0,1,0,0,0.7411140837561441,-0.364653309476999,-0.438485436776663,0.26815108441419816,-0.8879975600746478,-0.48767672951183694,0.23151626550036877,0.5417911435498356,-0.6414210086689394,0.16099801271417952,-0.2233439639172326,0.016645183270838745,0.4623677587578114,-0.44274992967226134,-0.03345556052165724,-0.8007800566740841,-0.6935677632274028,-0.7683975627111377,-1.0618771407249559,1.0758588642714124,-0.7643195158742726,-0.777140393635928,0.07213727655823697,-0.9052278500446096,-0.4598325719586538,-1.0758588642714124,1.0618771407249543,-0.6481676444393714,-0.40957446049198204,-1.1646546961746211,-1.3360223106541085,-1.4841810369268051,-0.43454965705011084,-0.5463906304141645,-0.09793149585751397,-0.9144083514851348,-0.859173275299045,-0.9381911455531051,-0.9071598159022387,-0.7367263106307022,-1.0069464646875115,-0.5088613263982832,-0.9479482933959068,-0.5986491559356475,-0.8274130302866491,0
-0.2006980048416086,-0.978141694168258,-0.15484123025532542,0.5985369837740325,1,0,0,1,0,0,1.43515561898343,-0.5542132070215552,-0.15703544559434116,-0.009600749256820373,-0.7917689528053914,-0.4188090544660127,-0.033691935906383946,0.4371956371595092,1.405490928529777,0.33706686568704197,0.015166712999835723,-0.14352485812440618,-0.031022093336200377,-0.35602390446795357,1.3989934927218932,0.9133392333297338,0.055786016208310814,-0.5508422217023631,-0.8195116582252774,0.617030896486598,-0.3088854334121881,0.8014162372228697,-1.0035353361285217,-0.400039131069589,-0.5575076864575738,-0.6170308964865974,0.8195116582252766,0.1317027369921738,2.4422969796658496,2.3015344842302863,2.5659688387335815,2.4756599776992205,-0.2140147004052217,0.6769975162545934,1.2862727349307197,2.2481575875342377,-0.3040534310604773,0.7310941790521709,-0.031331040515893936,-0.5422322401333817,-0.6515610604546642,0.6014499566897238,-0.12479618717266176,0.18071947766026855,-0.023255055489598248,0
-1.6142124344896835,-0.978141694168258,1.7280720791585935,0.5985369837740325,1,0,0,1,0,0,-0.4955417426488382,0.4912735898652914,-0.15703544559434116,-0.009600749256820373,0.4570617981910807,0.3852434113287402,1.0125788508858895,0.31567427179017526,-0.22520593202314423,0.6999867449536257,0.3042844814034625,0.9499957084667926,0.09962848906298366,1.1285775782062815,0.8504330882849591,-1.4336741660954213,1.2903829828267286,0.1871275280736632,0.9454154897089528,0.3580292690535297,-0.28035412253933506,0.4186723539549923,-1.132840220397382,0.3338847440721372,-0.21289111870466795,-0.3580292690535297,-0.9454154897089535,1.1900982546492709,0.9413120111617277,0.36374368258659734,-0.4703487775118068,0.03489590402886805,0.9201650766256344,0.2692014673650073,-0.1532996650890431,-0.17027518936292965,-0.24854144663662048,0.4275877563966659,0.10551720563822252,-0.5033334260339178,-0.3469449996836519,0.664896315723324,-0.28942660841731066,-0.15329565102369538,0.10046155601764112,1
0.23620645523143258,-0.46278637473902035,1.7280720791585935,-0.13478617003801185,1,0,0,1,0,0,-0.2810198135785862,0.07319516552622428,-0.23379453409861076,0.04016312094257045,0.05955083131110808,0.025253291771022673,1.272349552974339,-0.6188151144867774,0.5342991321525419,2.03330105940061,1.808317529555722,1.2527762712726045,-1.3536564425028175,0.1953890763369869,-1.3089636106628832,2.1502993428358237,0.7115198328650535,1.0876184784313132,0.8518955842960956,0.8637377478704314,-1.5740025629564294,-0.4619478453599057,1.4304386526925212,-2.0413276670601794,-1.289053596090082,-0.8637377478704308,-0.8518955842960962,0.02029268250195297,-1.3101654415944555,-0.5642124759469986,0.5503707615664309,0.8371050750953478,-1.8207693845322692,-0.5463906304141645,-0.9284540343304539,-0.6043528672675491,-1.497561096173398,-0.5588081172337243,-0.4601222117987924,0.30057539868834077,-0.5669454880182719,-1.1433249167342867,0.2044646553166367,0.7374113588002092,-0.5799798072721716,0
-0.020796168340944693,1.0832795835486928,-0.4445202009343899,-0.8681093238500562,1,0,0,1,0,0,0.021834674520593164,-0.15183452879814147,-0.0035172685858019803,-0.1345890744087787,-0.021052408926189613,-0.012758087312711469,1.1939656269757115,0.1275103556839668,-0.6118872093025187,0.44577451651285477,0.4309578147084555,-0.005973414858755118,-0.6363498600304818,0.7030029809513764,-0.27886047547555065,-0.6282003369771512,-0.7862764297643823,-0.9055684171223056,-0.04921092906325296,0.040659774866796713,-0.957805973320514,-0.45436826749955667,0.20518955820690257,-1.3818708611891093,-1.444377570425016,-0.040659774866796713,0.049210929063252244,0.8280155775560533,-0.10937746679115769,0.527500651739586,0.09815324425328795,-0.22112829950298704,0.6366201323679207,1.0847935651441794,1.2309045656991897,0.2638024885416898,-0.7481493064513315,-0.1035484832504671,1.1911799584608802,1.130416766143575,0.4145951522438788,0.1890486229713212,2.097714499630101,2.351817814106035,0.5953280020465953,1
0.4161082917320974,-0.7204640344536393,-1.6032360836506476,2.9451710759725747,1,0,0,1,0,0,-0.3062576875868511,0.09819846489559825,0.9815577005523245,-0.45863288035830035,0.7997920637258873,0.4299626808390156,-2.4431938967914903,0.45901289570966997,-1.6888033039555272,-0.9089777339322807,-1.2403304033887745,-1.137652002208892,0.8248679241363936,-1.0712502742702839,0.695478507349001,-1.0701864011574032,-0.41720698390171546,-0.5867234170649636,-0.4194329849395745,-1.1356331163529647,2.326939935528436,0.06670549668007979,1.2332165669726762,0.8142749726592621,1.0396690504667156,1.1356331163529647,0.41943298493957376,-1.0938078624002545,0.340918023760079,-0.7279694450999874,-1.1163738022448682,-1.1940202729240363,0.1010352376589052,-0.22015379130249568,-0.04256332662598434,-0.6663639641110671,2.49930178234429,0.27583454506891375,0.6437869738444144,1.234146937075479,1.548443822891536,-0.3819686083310823,-0.04248097655033679,-0.5429799678216537,0.5953280020465953,0
-0.48340089077122306,-1.3646581837401863,0.5693561964423357,1.7718540298733036,1,0,0,1,0,0,5.00631479115292,-0.7472619370362565,-0.4001058925245282,0.19639852738251837,-1.6926768342665162,-0.726477628696708,-1.0360537366155491,0.7252810898839486,0.1134123476490133,-1.5091152842520277,-2.1438327257813157,-1.2145715323601338,1.574092589617912,-0.35785328156210694,0.6406410652423166,0.6850913154554606,-1.1086687296136917,-2.269465380720344,-1.4375436385994584,-0.23079243079930178,1.083095158627984,-0.35369090179816653,0.533412223505809,0.9393804548193952,0.5713963111131394,0.2307924307993025,1.4375436385994576,-0.48105256270404034,0.3159016076183434,-0.6764163251814533,-0.25070026910256554,-0.6592141588797168,-2.240835968617772,0.051710241290561454,0.9356076631310333,-1.1004416420156866,1.3057941172313696,-0.1035484832504671,0.8080048692293539,0.9877877811122063,1.3622895635314727,-0.15990635171348128,0.12214944469431245,0.013711913318286572,0.8427612250610729,0
-0.27779879191332196,-0.4370186087675581,-0.8790386569529866,-1.161438585374874,1,0,0,1,0,0,-0.06649788450833415,-0.09368732096238805,-0.13144908275958464,-0.03506133400999707,-0.05594604229704494,-0.0449559613601098,-0.8507456830112484,0.6416084792443542,0.749367190220516,-0.03640338561525897,-0.627980646046143,0.30026690340872686,0.9876239954715522,-1.0698502032618187,0.8066296288708038,0.17029609066240808,-0.3683979194985195,-0.7754230330880931,0.328888191831712,0.08334093927970501,0.11400086423449868,-0.07256391860765428,-0.8532789051575753,-0.31611844536075273,0.059355927854618705,-0.08334093927970501,-0.3288881918317127,-0.9545452942874786,0.9413120111617277,0.46381738595786837,0.48576825909312477,0.3079883877961804,-0.34003467563087314,1.4110304042558486,1.3416409041622488,0.2638024885416898,-0.3040534310604773,-0.5588081172337243,-1.527538531800901,-1.6443653062848649,-1.633101700716815,-0.2550758902638815,-0.8656330827735822,-0.9326642846196119,-1.6934293108373202,1
1.341317736592655,1.4955638390920825,0.27967722576327125,-0.4281154315628296,1,0,0,1,0,0,-0.1800683175455264,0.013303541455398254,-0.016310450003180245,-0.13343177510181614,0.14564055445051116,0.11335025270626534,0.1704220703646717,-0.5449483158299183,0.5232719875046965,-0.06779371907735722,-0.17899303790087187,-0.22694956877313668,-0.07642109533513138,0.6141677990305564,0.09159424831571725,-0.8483781115048905,0.5460764219416857,-0.08808455311505005,0.6312676384277316,-0.9356157016516281,0.3766931908976465,0.839715772819158,-1.567868521423512,0.6330649731038314,0.14670229377816296,0.9356157016516281,-0.6312676384277323,0.38237535959517033,-0.10937746679115769,-0.5642124759469986,-0.8838047933409655,-0.6478353053894121,-0.11949971898598452,0.35076067714292497,0.06817301183707392,-0.6043528672675491,0.3065783976019474,0.7310941790521709,-0.11343998820836432,-0.892321567028559,-0.6177148314801074,1.0455744699249259,0.7806711296729086,0.3477270420022505,-0.2706882785040748,1
-1.5885121721324456,-1.596568077483343,0.5693561964423357,1.7718540298733036,1,0,0,1,0,0,-0.19268725454965888,0.013303541455398254,-0.7455217907937414,1.4404952823672887,-1.1531482284226375,-1.1030138779732273,0.4555344839600428,1.6369137095240556,0.32290075798253237,0.5167196449777062,0.5250827316313584,0.27128502086958783,-0.5487350736094324,0.792449653820539,1.3022928302229564,0.48089157827754136,0.8530665036060712,0.4142221366864765,0.10398440440281079,0.266869946255213,0.15837456806273298,-0.9421070686883573,0.04183350576037111,0.14783123787634816,-0.27822597287691736,-0.266869946255213,-0.1039844044028115,0.438080386840281,0.7912135143113154,-0.8462383672660339,-0.4961897785011287,-0.15285517856115927,-1.222174502210428,-0.5463906304141645,-0.6516131881728072,-0.6043528672675491,-0.4150773999081907,-1.317574173872486,-2.0658083000070917,-1.7351292058502814,-1.5823323572549794,-1.7777885070702906,-0.7833178721512579,-0.7656567202776299,-2.064579145359036,0
-0.9203053508442651,-0.46278637473902035,1.0038746524609323,-0.13478617003801185,1,0,0,1,0,0,-0.16744938054139394,-0.014607118305763387,-0.23379453409861076,0.04016312094257045,-0.0629560483216473,-0.04227280518949327,1.4706038644654005,-0.2841726060505007,-0.16241110691078361,1.1840487758939098,0.4767289484814259,0.8635745523564384,0.08050950775848432,0.5675076796503452,-0.7954858904574557,0.8489786030376443,-7.923193850107228e-4,-0.4379305817148331,0.13286549185952784,1.046038314370867,-1.4778634852388444,-0.4068644822386277,1.075163044819809,-1.6003591581148933,-1.0473249580591542,-1.046038314370867,-0.13286549185952856,-0.17467491285593337,-1.2351161931692491,-2.1744893392847113,-1.5298298180740268,-1.4500444764558913,-2.387859273047698,-0.38327221085833024,-0.4855086804782194,-2.1546302883554773,-1.4420491117495413,-0.6346847228976005,-0.9071598159022387,-0.2829068128036209,-0.8715615487892844,-1.2702176348014877,-0.37174181903963527,0.1250502895462747,-0.9511296417938885,1
-0.7147032519863632,-0.07626988516709207,2.8867879618748513,-0.4281154315628296,1,0,0,1,0,0,0.980873886834661,-0.4635035627977798,-0.2593808969333673,0.04594961747738333,-0.7483503292560805,-0.3919774927598474,2.034392640396076,0.9772903375309144,0.536089786719904,1.6069738405482068,1.4492362443729532,0.8059830728232624,-1.1216159202204734,2.316264506490963,0.07565112303587097,1.4796225434075994,0.9232204210670161,1.1709005429945523,0.9153149533513734,0.1914665557924087,-0.5144882859049774,-1.265576024199261,0.7540252643102542,-1.255468419337413,-0.740921612492659,-0.191466555792408,-0.915314953351374,2.359903826796588,0.19081952690966666,0.3728412919839863,1.1188727833315248,1.5027680042781708,-0.7811045889206503,-0.30171300108041293,-0.7069813574043363,0.38782468222872474,-0.38732140769626244,-1.0899443568808573,0.5525548097416701,0.8840576101803024,0.2622871218583729,-0.0647368131630805,0.6160407084282594,0.793080546914203,0.2860364732784985,1
-0.2263982671988458,-1.3646581837401863,1.0038746524609323,1.7718540298733036,0,1,0,1,0,0,0.36254597363216995,-0.2611512795293579,-0.4001058925245282,0.19639852738251837,-0.6500644514752041,-0.352624535590805,1.0461612265793032,-0.32136882818945206,-0.03841964468868387,0.4313973863359761,0.4577487155855127,0.7268394669158952,0.007412900924795338,2.5795575244197235,-0.389251229153775,0.4236140924131112,1.3947486628513235,1.2287688547725262,1.2104470415403286,-0.20918429502488586,1.122750832454571,0.05114546583632511,0.4782122510429919,0.8002188614153353,0.6045578772876172,0.20918429502488586,-1.2104470415403292,3.863939562414569,0.340918023760079,2.547169937959767,2.4496843342816317,3.107186346411129,1.424244977528238,1.247911984700014,0.6772228733838963,2.8682685559694088,1.3890620938671545,0.35171115073279,0.9174834661526473,1.0526191379446466,1.3622895635314727,0.12560226393772106,-0.04248097655033679,-0.15329565102369538,0.904619530814692,0
-0.8175043014153137,-0.2824120129387873,-0.4445202009343899,-0.8681093238500562,1,0,0,1,0,0,-0.6091121756860305,0.6599004925889763,-0.08027635709007157,-0.09061170074420077,0.7921286808164303,0.5775362702229246,1.2898402708719567,-0.34623211789314495,-0.2738913016962888,0.56335591139586,1.0769387106550228,0.3855256270749109,-0.9166733156491008,0.7390740086279934,0.30704296734811076,-0.2938711471930621,0.44945276327692973,0.7059459693633293,1.1642946985313556,-0.6289223324429117,-1.0550802536633255,0.7828033519536259,0.07910642272811613,-0.31538782522471237,-0.710854230114599,0.6289223324429117,-1.1642946985313563,1.0229831729139398,0.641115017460903,0.9914787310063841,0.6666552660183818,0.8371050750953478,1.3927399837218248,1.166352774922097,0.6218547041523672,1.0079356506638961,-0.8869292675109735,1.1104772073715516,0.8992370333320981,0.806259981981374,0.6176725260912207,0.030432725387320277,1.933084078385452,1.6837875567381073,0.5334696962929761,1
-0.3291993166277972,0.6194597960623787,-1.168717627632051,-0.4281154315628296,1,0,0,1,0,0,-0.4198281206240434,0.26159211891406536,-0.029103631420558513,-0.13343177510181614,0.4349327511911473,0.30430153351514155,-0.20752274559444744,-0.1332718473205709,0.7160865259190645,0.08423271551050945,0.8613130232259922,1.4233988179769594,-0.17506142386403697,-0.9515382040606453,-1.2445934590650098,1.8063178958926096,-0.06555986081503916,1.1183362183907861,1.5875602653373244,0.36682327779893126,-0.662200332451908,-1.0638866125435114,0.8362610147662942,-0.1788010001501656,-0.027911463054527085,-0.36682327779893126,-1.587560265337325,-0.8988402670423681,-1.1600669447440433,-0.009258302706318612,0.9250652759116064,0.8541733553308051,-0.5290646384693491,-0.05703537174666111,-0.7069813574043363,-0.23228628620644656,-1.0257092285706153,-1.4693273852002382,-2.421613740007795,-1.761061748583257,-1.7007941586659285,-2.1584666612718926,-1.4418395571298541,-1.4893561657595522,-2.4975872856343724,1
-1.5885121721324456,-0.9266061622253344,1.7280720791585935,1.0385308760612593,1,0,0,1,0,0,-0.7226826087232228,1.4448877983716475,-0.1826218084290977,-0.011915347870745526,1.1558697496874415,1.1204282020776688,-0.47203876172054826,-0.1600083682496302,-0.20229071495557757,-0.1875568033140326,0.049847247694516664,-1.0494676942755587,-0.59294926041739,-0.04238161531393756,-0.9637762015760196,0.2651749243719894,-0.023725576557012677,-0.24535476653170063,-0.8569681418843186,-0.5814181964513455,0.6140341782155978,-0.7458733345620294,0.5430134097449749,0.22985126553940932,-0.3043450384077258,0.5814181964513455,0.8569681418843179,-0.5367575899491508,-1.3101654415944555,-2.0016347607343357,-1.594432320547333,-1.5183175973977192,-1.757759396919444,-1.0357458890816678,-0.8177176958673952,-1.8445748041378918,-0.08200549336504998,-1.1658209625447336,-1.9836993523146218,-1.4758037785205207,-1.311562525458524,-2.1267434817550925,-0.04248097655033679,-0.32030321536567735,-2.002720839605417,1
0.05630461873076867,-1.3646581837401863,-1.6032360836506476,1.7718540298733036,1,0,0,1,0,0,-0.6848257977108253,1.1541517591928805,-0.4001058925245282,0.19639852738251837,0.7118913981583822,0.7358424842892998,-1.2221965179324676,-0.8078176115346676,-0.0027388011378290944,-0.8672224081211365,-0.1271929983159514,-1.5437851992928808,-0.3087356458143735,-0.708291325264926,-0.9124460238336346,0.3447419491174118,-0.40404413864698785,0.3718209708678436,-1.643554298724186,-0.4754817429490244,0.9917776630845276,0.19468662726366745,0.35017644498196315,0.7709182733517266,0.5283679361832112,0.4754817429490244,1.6435542987241847,-0.6203151308168162,-0.7848207026180125,0.3091580262022686,0.44700675760914055,0.2567835470898098,0.5736101447550955,-1.0357458890816678,-0.4301405112466897,0.9459245538203791,1.333550109443298,0.5793409677244183,1.136440659999233,1.1693155802430386,1.4638282504551436,0.3476645205553221,0.28677986593896093,0.06938110143228039,1.0283361423219313,0
-1.5885121721324456,-1.3646581837401863,1.7280720791585935,1.7718540298733036,1,0,0,1,0,0,-0.7226826087232228,1.4448877983716475,-0.4001058925245282,0.19639852738251837,0.9012659350619028,0.9594388318406771,-1.0145937990987972,-1.061045059137678,0.14321227216269042,-0.7362413574160084,-0.20306136267143401,-0.6584433293666588,0.06520306330529967,-0.4539895929898388,-1.0374116663272754,0.493127008690597,-0.056041697078941785,0.018858234639055397,-0.9266372014901345,0.020989325180847843,0.9571963234791551,0.4170614087751757,0.2997691130607133,0.9390445880300848,0.2824011122665228,-0.020989325180847843,0.9266372014901345,-0.8431352397972577,-1.3852146900196616,-2.1290012922977706,-1.6202733215366558,-1.552454157868633,-1.7892643907258567,-1.2804235184154193,-1.0945585420250417,-1.8445748041378918,1.1392581639597994,0.6552175733882943,0.7076494887163344,0.7673611678819103,1.142289075196852,-0.28679906978068154,-0.04248097655033679,-0.04195727479570725,0.6571863078002155,1
0.13340540580248203,-0.4370186087675581,-0.15484123025532542,0.5985369837740325,1,0,0,1,0,0,-0.4703038686405733,0.34590557027590785,-0.42569225535928473,0.24269049966102146,0.09340867866369926,0.07846922248825047,0.814736141555239,-0.9525918268799473,-0.23168091510717828,1.2251361003846892,1.4328756157355955,2.0076873863315723,-0.33291734555033425,-0.10831095209179015,-0.8061306896288659,-0.2223398039983443,0.6329505423983446,0.9239731719357498,1.7556215933338128,0.9970420184583276,-1.241133464850363,0.4998981491972999,0.09328551165873282,-1.0274569093706987,-0.9607285113124014,-0.9970420184583276,-1.7556215933338135,-0.5367575899491508,-1.1600669447440433,-1.8105849633891833,-1.6202733215366558,-1.347634795043149,-0.8126095827270634,-0.30171300108041293,-0.983822203561983,-2.0926191915119605,-1.1367331974183288,0.5793409677244183,0.29710475025398503,0.30057539868834077,-0.14386762583630988,-0.0647368131630805,-0.04248097655033679,0.514734606344233,0.038603250264021984,1
0.05630461873076867,0.28447883843337485,-0.8790386569529866,-0.4281154315628296,1,0,0,0,1,0,-0.5586364276695006,0.5726796808353461,-0.4512786181940413,0.2704656830281233,0.2353521624461214,0.23140912421339258,-0.7927630079852108,0.05823339692482982,0.7491994471004653,-0.8867943162256806,-1.0376138582089054,-0.06877100002129198,0.958344843096971,-0.6974252442167339,-0.6985425474274121,1.0604073916037398,-0.13569706927177466,0.10487909829567597,-0.43967950362031105,0.3422733367180179,0.4054971740843944,-0.7797117541317428,0.04142642074638246,1.0634470189811893,1.4513428602370533,-0.3422733367180179,0.4396795036203104,-0.6481676444393714,-0.6347222057676005,0.07262018187017576,0.6149732640397371,0.529876030857121,-0.7180946013078251,-0.46483142063624716,-0.319404172783631,-0.046252995675895824,0.0012624832707351544,-1.0140677512169813,-1.2264723902618437,-1.0219842806934394,-0.6007917169928287,-0.3819686083310823,-1.7711003996191523,-1.8790404825575102,-1.0748462533011267,1
-0.8432045637725518,0.23294330649045036,-0.4445202009343899,0.3052077222492148,1,0,0,1,0,0,-0.356733435603381,0.1633233376716421,0.047655457083711085,-0.15773506054803024,0.400184939007176,0.24750806123709174,0.7104870012836799,-0.14601370565231642,-0.6564615800371016,1.607144884852661,1.1840641496407505,-0.7965466177030939,-1.3846387661643103,-0.009174656995557319,-1.1180420250264864,1.1020698228026147,0.16185680488689352,0.5974219959647651,-1.3016642670278302,0.2045801889163758,-0.9971166796244898,-0.9196215635959027,2.004878860211917,-2.01065461801663,-0.9560750849139826,-0.2045801889163758,1.3016642670278296,-0.17467491285593337,-1.1600669447440433,-0.6369933511261053,-0.018131260198663828,0.0519641842643253,-0.9701345517591269,-1.5251011477491712,-1.2606630497196296,-0.10826409251941274,-1.0257092285706153,-1.0140677512169813,-0.7155722712864762,0.3265079414213163,-0.5330992590437151,-1.4288335323854886,-0.12479618717266176,-0.04195727479570725,-1.136704559054746,1
0.23620645523143258,0.20717554051898904,-0.15484123025532542,0.3052077222492148,0,1,0,0,1,0,-0.33149556159511606,0.11331673893289414,-0.5024513438635544,0.35263393382246627,-0.24609094459855363,-0.18537446762237475,-1.3415648207740962,-0.9022349417480118,1.1302878150927678,-2.0695092618014637,-1.3820106949702378,-1.0163154776363998,0.9916268954495245,-0.7829817894331168,-1.015240208405808,1.2412914501820422,-1.2626240243771862,-0.14775069575151117,0.30418285154596364,-1.6878179449728916,1.0831323621865234,0.2213004185538225,-0.29776311035590897,1.5437771299877405,1.6524317917067028,1.6878179449728916,-0.30418285154596436,-0.7317251853070371,-0.9349191994684248,0.05442496307539909,0.6924962670077037,0.10316902497069583,-0.2140147004052217,-0.05703537174666111,-0.2086678343205727,-0.17027518936292965,0.6674062963570164,-0.1035484832504671,-0.8615437338508666,-0.8663890242955825,-0.2792525417345383,0.062155904904119784,-1.1125787146405561,-1.712032918215528,-0.8892713360402683,1
-0.8175043014153137,-0.7977673323680251,1.4383931084795292,2.2118479221605303,1,0,0,0,1,0,-0.571255364673633,0.5784944016189215,0.8280395235437853,-0.4134982073867598,1.198797417530173,0.764462816775876,-0.8906964551051543,-0.32768731723671285,0.0905426148915314,-1.1615868882790021,-1.2022152333224743,-0.8874954358385311,0.745708766633912,0.7970106459046009,-0.9815183704850156,0.34041189531478405,0.33025097119222113,0.3252588527568916,0.07195265285990604,-1.2817996886347096,2.0348987492773682,-0.5335024301438787,0.21830633784104786,1.8967001565594206,1.8804906461884987,1.2817996886347096,-0.07195265285990675,0.18740776423728422,-1.2351161931692491,-1.5740471190570904,-1.1938968052128347,-1.0233374705694662,-1.3166894836296663,-0.709509049969999,-0.8177176958673952,-1.534519319920306,1.916425945893794,-0.482931511569848,0.06902433999712428,0.1709126850234604,0.9392117013495113,0.2524949820049213,-0.4540570296619595,-0.9883334727336057,0.22417816752487937,0
0.13340540580248203,-0.514321906681944,0.27967722576327125,-0.8681093238500562,1,0,0,1,0,0,-0.5333985536612357,0.5377913561338942,-0.2721740783507456,0.057522610547009106,0.41696695734501593,0.369144474305041,1.0541552874887872,0.36752507060639655,-1.2456412754090338,0.7259813659100218,0.27793310874401334,1.0574837221756925,0.27631107266586946,1.9128835288970898,-0.3075145165699623,-1.8854705540838825,1.9073061072851987,1.057247610254259,1.4466056031467225,0.007555847346540335,0.44550209501677895,-0.8125009854474026,-0.19188272005335627,0.9104980979784547,0.6708698614537245,-0.007555847346540335,-1.4466056031467232,2.4713138812868096,0.11577027848446049,1.409968763286241,0.03355074177998182,0.8029685146244333,2.810464705010396,0.18764225758709038,-0.4301405112466897,1.2559800380379649,0.16779843654230542,-0.9381911455531051,-0.7794347861583975,-0.7496925819971905,-0.38079122865820925,-0.4136917878478824,-1.4418395571298541,-1.6006945419875402,-1.0129879475475077,0
0.13340540580248203,0.33601437037629844,-0.15484123025532542,-0.8681093238500562,1,0,0,1,0,0,-0.23054406556205628,0.042377145373274965,0.08603500133584588,-0.17393725084550635,0.2736445612890211,0.1670133761185959,-0.6316050675560122,0.6151718853826744,1.6708283509800186,-1.1198823999393337,-0.7989857783143635,-0.21033872093999176,0.5905282600579177,-0.7282942442633371,1.0786292355573555,0.26155107087828033,-1.612626646621428,-1.3205975403779096,-0.8144870079783317,0.5209213695068188,0.15055919377011567,0.2362043710561101,-2.0212447265272213,-0.08616410447951071,-0.2505858218159745,-0.5209213695068188,0.814487007978331,-0.7595776989295921,0.7912135143113154,-0.44594355378095224,-0.25070026910256554,-0.8526546682148961,-0.5920746260821743,0.18764225758709038,0.6772228733838963,-0.4803306735805153,-0.16527347000083534,-0.17942508891434333,-1.1078705769282764,-1.825893105415697,-1.7346403876404854,0.6014499566897238,-0.4540570296619595,-0.26463402725168356,-0.8892713360402683,0
-1.1773079744166424,0.928672987719922,0.27967722576327125,-0.13478617003801185,1,0,0,1,0,0,0.08492935954125552,-0.17393046777572777,-0.5664172509504457,0.5551613125409173,-0.7715872017816175,-0.5628051022890997,0.30137888492441345,-0.35593488827631786,1.1147344437961948,-0.10235996202339491,0.39099162502375445,0.6605862040609798,-0.40688688142053964,0.13768126246391632,-0.6061394195777778,1.4392656880719927,0.06783309360506433,0.7613420825947511,-0.2645441656443792,1.163332477313009,-0.28150518065778185,-0.1186853598557417,-0.07755611423578851,0.20554383943826948,0.23499409871833718,-1.163332477313009,0.2645441656443785,0.04814519612450831,-0.6347222057676005,-0.2730889752305771,0.48576825909312477,0.4957394703862077,-0.8126095827270634,-1.1173050988595852,-1.149926711256571,0.07776919801113909,-0.47058938433204756,-0.4070549059059717,-0.934529465133063,-0.8274902101961188,-0.7023304039164997,-0.5405845059150832,-1.1948939252628807,-0.8769950965056176,-0.5799798072721716,1
-1.0231064002732158,-0.12780541711001567,-0.15484123025532542,-0.13478617003801185,1,0,0,1,0,0,-0.5207796166571032,0.5377913561338942,-0.4768649810287978,0.31907225392055155,0.1087181397804516,0.1670133761185959,0.05635157593470352,0.32430242459355757,-1.1608306339878645,0.7449363700557999,-0.028487110898479724,-0.1098502455102337,-0.040646887182499966,0.562973483811409,0.1584986504447887,-0.9307325504620574,0.29855964217203573,0.15502904932325343,0.6380137621571677,-0.7825969144484197,0.48415823362347915,-0.2863347867397995,0.651597911008469,-0.710314346194372,0.18839033205985323,0.7825969144484197,-0.6380137621571684,0.7723105503109431,0.41596727218528484,0.7913313242638433,0.13691474573727128,0.2567835470898098,1.424244977528238,0.8401159358104279,0.5664865349208381,0.7598912632898273,0.05677446769459199,-0.6346847228976005,-1.244718823082393,-0.7756251247301669,-0.9731002357129547,-0.7626467625326843,-0.12479618717266176,-0.48731077970765985,-1.3841377820692236,1
0.13340540580248203,-1.2615871198543382,-0.15484123025532542,0.3052077222492148,1,0,0,1,0,0,-0.4703038686405733,0.34590557027590785,-0.822280879298011,5.317447960691923,-1.5047225291058164,-3.8434107135629074,-0.13867539819479605,-0.09866191119817429,-0.49592969043590024,-0.09818963247987109,-0.35687555373448454,1.0496540886482997,0.874210225869035,-0.10337580016747638,-0.8761452285132008,-0.24832711567673363,0.1627133389550957,0.567354933881071,1.8586269233961765,-0.41176056791003435,0.08953963543590578,-0.7422864869963032,0.42840769788947397,0.2939916204108337,1.0178673644366645,0.41176056791003435,-1.8586269233961772,-0.3974950218363748,-1.0850176963188372,-1.2374355713537264,-1.1551353037288514,-1.040405750804923,-0.34003467563087314,0.35076067714292497,-0.4301405112466897,-1.720552610450858,-0.10976148557697851,-0.8623145398892288,-0.7064490548762022,-0.39960325510201306,-0.2623294272472596,-0.15990635171348128,-0.5363722402842841,-0.7656567202776299,-0.332546584257695,0
-0.4577006284139859,0.05256894469021735,1.4383931084795292,-0.8681093238500562,1,0,0,1,0,0,-0.3945902466157784,0.22961115460440099,-0.579210432367824,0.572520802145356,-0.3169417522777978,-0.2658691527408706,1.29149506657593,0.3879192552641284,-0.41520928113523603,0.4752689254761773,0.2725909470853523,-0.7521802658827856,-0.47332127495936877,1.128174517127696,-0.1358834555538717,-0.10425991774945663,0.42760678543622693,0.2232756280252678,-1.089198340570375,0.05436948222367098,-0.6685966439104362,-0.6685564147108302,0.46283383435505815,-0.2180500878152647,-0.13639638792372605,-0.05436948222367098,1.089198340570374,0.8837206048011639,-0.25947596364157,-0.4186507255887879,-0.40574627503850064,-0.22112829950298704,-0.30852968182446,-1.1173050988595852,-0.8177176958673952,-0.35630847989348147,-0.6371253376036178,-0.6346847228976005,-0.031331040515893936,0.20981149912292413,0.10997909147286698,-0.4136917878478824,-0.20711139779498602,-0.2089648391376897,-0.332546584257695,1
-0.7147032519863632,-0.8493028643109486,0.27967722576327125,-0.4281154315628296,1,0,0,1,0,0,-0.7605394197356201,1.5059423665991887,-0.3745195296897717,0.16515144609452878,1.2037655706025385,1.0305424703620152,0.595397945423207,0.6315964367139658,-0.18134746880381444,0.06884565916060018,-0.4343020298670089,0.7536069453847518,0.6786881814610293,0.8686386097858756,-0.49300324475518503,0.8965891800280426,0.5156393997239591,0.3915660658824717,0.6912331826893887,0.3422733367180179,0.040018127337530476,-1.3607657587431017,1.14889372422827,0.4182931581287195,0.9469019603716028,-0.3422733367180179,-0.6912331826893894,1.07868820015905,-0.25947596364157,0.764038496071679,1.1576342848155081,1.349153482159058,-0.40304466324369825,0.4323198869208419,0.12354118106860354,0.6978801664463103,-0.16527347000083534,-1.3934507795363622,-0.7611883533378483,-0.11434528503927678,0.05920974801103089,-0.9529858396334858,-1.1948939252628807,-1.211010225189582,-0.332546584257695,1
-0.5091011531284612,0.33601437037629844,-0.8790386569529866,-0.8681093238500562,1,0,0,1,0,0,-0.25578193957032125,0.05516953109714072,0.08603500133584588,-0.17393725084550635,0.3016605832908886,0.1768516154108565,-0.11892566821176902,-0.936759964632323,1.112247078454783,0.1643694005907198,0.18984991559530925,-0.19319644566001679,-0.8322541352163206,0.023382246673849427,-0.852640040597868,-0.45419488979850997,0.8147901415643345,0.5254082283866903,-0.3979084468072301,0.13114384342216406,0.18873230199211843,0.4315763746035361,-1.9769010786046932,0.5858795009112737,0.2661446842490462,-0.13114384342216406,0.39790844680722937,-0.14682239923337803,-0.9349191994684248,-0.6369933511261053,-0.7545997883943533,-0.42594766232847037,-0.15100471279239655,-1.4435419379712537,-1.482135726645747,-0.790386157798101,-0.1375174777889068,-0.02767187758659086,-1.1169937933385516,-1.8129268340492097,-1.531563013793144,0.6331731362065233,-0.5363722402842841,-0.5429799678216537,-0.8892713360402683,0
-1.0231064002732158,-0.6431607365392533,-0.15484123025532542,-0.4281154315628296,1,0,0,1,0,0,-0.5207796166571032,0.5377913561338942,-0.7711081536284979,1.481000758110979,-0.8492642029764863,-0.7309495556477354,0.7885005401596155,0.6784550596172407,0.03265610807369722,0.5853033477104451,0.1831111128464549,-0.03263302474071968,-0.7980804038543753,0.4650641658957034,-0.0634675146426278,-0.8614997374312188,0.6095206867210513,0.34962306901909623,1.0614552385657101,-1.097245935753718,-0.6317425604442337,-0.9947812241610753,-0.9103661471232627,-0.1863167828945468,0.10328546354455476,1.097245935753718,-1.061455238565711,0.38237535959517033,-0.10937746679115769,-0.1457224436671417,-0.5607922809744348,-0.3064697006802721,0.5736101447550955,0.4323198869208419,-0.04256332662598434,-0.23228628620644656,-0.4150773999081907,-0.7105613285614767,1.0817013615375868,0.37837302688726915,0.27921023634565156,1.9655466759121307,2.180029710252426,1.6281183686241134,0.7809029193074537,1
-1.2544087614883548,-0.46278637473902035,0.27967722576327125,1.478524768348486,1,0,0,1,0,0,-0.7983962307480176,5.340750723367126,-0.4128990739419065,0.23111750659139568,1.605913064775846,3.928798327322968,-0.9626676547410602,-0.45658086039323037,0.2577097945369974,-0.11551338698270686,0.3294603184934052,0.5954951491494034,0.17495747223662136,0.01591248089688601,-0.704556201282237,0.5010910646441491,0.26842557848884807,1.0265429962730628,0.5364130502320184,0.28017642692511974,1.354512371267583,-0.07913737598137283,0.15125027246802242,0.4222173422589561,0.5739048858002541,-0.28017642692511974,-0.5364130502320191,-0.28608496734615396,-0.9349191994684248,-1.1646546961746211,-0.7675202888890147,-0.6307670251539549,-0.5605696322757617,-0.5463906304141645,-0.8177176958673952,-0.728375060954584,0.917210226264372,-0.3311783002420958,-0.7976812189789466,-0.6070635969658218,-0.4146374576327655,-0.4771381468814831,-1.0302635040182315,-1.0440026608476,-0.76555472453303,1
0.13340540580248203,0.33601437037629844,-0.8790386569529866,-0.8681093238500562,1,0,0,1,0,0,-0.6974447347149578,1.1890400838943325,0.08603500133584588,-0.17393725084550635,1.2434880746297976,1.048877370861228,-0.13642479540771316,-0.8966961490357869,1.510975646103842,0.2141431699060887,0.3787165711275635,-0.05680362266449068,-0.9073736945698084,0.036911254901083136,-0.48454005862001714,0.009478447390326002,0.9264818803779007,0.8973989165396463,-0.3471945350124867,0.266869946255213,0.22658328994727633,0.7453420116370738,-2.0560294006784345,0.629389965981668,0.3837852869992092,-0.266869946255213,0.347194535012486,-0.14682239923337803,-0.6347222057676005,-0.6824813981130464,-0.5737127814690962,-0.20406001926752979,-0.34003467563087314,-1.5251011477491712,-1.592872065108806,-0.6043528672675491,-0.22078545442469194,0.04820472807728505,-1.527538531800901,-2.1370836182114106,-1.8361790745641564,0.37938770007212164,-0.7833178721512579,-0.7656567202776299,-1.198562864808365,1
-1.0231064002732158,-1.1842838219399534,-0.15484123025532542,0.3052077222492148,1,0,0,1,0,0,-0.5207796166571032,0.5377913561338942,0.07324181991846762,-0.17046535292461862,0.6940990405291549,0.5453383961755263,0.0663673154369773,0.41031107904083053,-1.717886802859991,0.0746175770868832,-0.45857228399003025,1.0632080542434978,1.3070905359832325,0.22200396125143973,0.22300679301836906,-1.2722499853126905,0.38649498503815266,0.14887780508647744,0.6912331826893887,0.7645323233097278,0.12953837461484974,-0.3397615230548663,1.0699202691397636,0.28243827846199987,0.7415166281605311,-0.764532323309727,-0.6912331826893894,0.1317027369921738,0.11577027848446049,-0.24579614703841146,-0.8450432918569822,-0.6649035856248688,0.8256500952063961,0.4323198869208419,0.12354118106860354,-0.23228628620644656,-0.10976148557697851,-0.5588081172337243,-0.8341740846200435,-0.21807545597118072,-0.093098282374475,-1.016432198667086,-1.6887851889968277,-1.6563637301015341,-0.5799798072721716,1
-1.2544087614883548,0.23294330649045036,0.27967722576327125,-0.13478617003801185,1,0,0,0,1,0,-0.7983962307480176,5.340750723367126,-0.34893316685501513,0.11538757589513797,1.6938137303433574,4.018236866343519,0.6461195635841294,0.26431239322598016,-0.6914486168929723,0.6978901669714787,0.413930421491031,1.1981714666865004,0.5752422984143892,-0.22389298616751235,-0.4513954684953225,0.3605481595018391,0.004032471949554629,0.550981299259583,1.2465662665038717,0.3978337296906128,-1.1221562151858167,-0.8149751257269328,1.3075495521258778,-0.9388060613016512,-2.0382166136654088e-4,-0.3978337296906128,-1.2465662665038724,-0.45320004908148526,-0.7097714541928067,-1.06458099280335,-0.7416792878996918,-0.6990401460957827,-0.5920746260821743,0.5138790966987595,-0.04256332662598434,-0.8523972546416179,-1.1367331974183288,-0.9381911455531051,-0.7703115697481222,-0.0495139282068366,-0.4146374576327655,-0.9212626601166852,-0.7833178721512579,-0.7099875321636356,-0.8274130302866491,0
-1.0231064002732158,0.1298722426046032,-0.15484123025532542,-0.8681093238500562,1,0,0,1,0,0,-0.5207796166571032,0.5377913561338942,-0.7199354279589849,1.1858894348355218,-0.551732720508216,-0.5028812811453306,0.08608562747261121,0.4256703485024936,-0.8925877395207394,-0.04977248957453913,-0.13162827435370297,0.987607783475666,0.855404296246162,0.12387455600008532,0.03557193395657343,-1.2313443420700603,0.6069562249056272,0.512877832828106,0.6912331826893902,0.6614225707698917,0.0040698362287248935,-0.5486107295704064,-0.017184971593628185,0.6690868251630301,0.6718485834679455,-0.6614225707698917,-0.6912331826893908,-0.06326485836571254,-0.18442671521636386,-0.646090960523493,-1.1292943027395286,-0.8697229484503528,0.6366201323679207,-0.05703537174666111,-0.3747723420151606,-0.4803306735805153,-0.19302946221276363,-0.7105613285614767,-0.7520651369275744,-0.6459624110652865,-0.36386811417093057,-0.3819686083310823,-1.5241547677521787,-1.4893561657595522,-0.6418381130257917,0
0.13340540580248203,0.23294330649045036,-0.8790386569529866,-0.13478617003801185,1,0,0,0,1,0,-0.6974447347149578,1.1890400838943325,-0.34893316685501513,0.11538757589513797,0.8385254208240553,0.8252810233098506,0.8046908457982923,0.03821414098007394,-1.0730386620148857,1.211660307351818,0.5496563648616798,-0.3078239119094896,-0.8837964927922153,0.006237683486412914,-0.8091908753435241,-0.10927707455506458,0.7415503584360491,0.9955608678749126,-0.29127919636700184,-0.13094794135889734,-1.1127095895863794,-0.8630797629920651,1.3570668766953715,-0.9015662637866492,0.2573912230088615,0.13094794135889734,0.2912791963670011,-0.20252742647848845,-0.9349191994684248,-0.8007503202790929,-0.7287587874050313,-0.42594766232847037,-0.11949971898598452,-1.6066603575270884,-1.7036084035718644,-0.6663639641110671,-1.1089772052064004,-0.9381911455531051,-0.5878472415426337,0.14498014229048395,-0.2284831982727022,-0.635754044465484,-0.5363722402842841,-0.6543183440496418,-0.7036964187794109,1
0.33900750466038404,-0.05050211919562982,-0.8790386569529866,-0.4281154315628296,1,0,0,1,0,0,-0.10435469552073157,-0.038447473518422294,0.31631226684865466,-0.2468471071841487,0.29239327175239216,0.16119987108226008,-0.31180954892347595,0.562122825236187,0.1521712577634491,0.06479507383329022,0.22520143344219867,-0.4460973514428889,-0.2661940001341389,-0.8612218547667881,-0.6962195473597456,0.942723827439156,-0.6054469083551334,0.008109331284203129,-0.5860329100839196,-0.027203276549727037,-0.42694396175128585,-1.468988677562068,0.7393233235070756,-0.6878847548651426,-0.2848557092865923,0.027203276549727737,0.5860329100839188,-0.9823978079100336,-0.9349191994684248,-1.1919475243667854,-0.5995537824584191,-0.7843815472730677,-1.1591645145976028,-0.709509049969999,-0.5408768497097485,-1.1004416420156866,-0.3318094232724056,-1.317574173872486,0.38833691435672935,0.7284623537824456,0.38074892326932136,-0.15990635171348128,0.5337254978059351,0.5704037944582268,0.40975308478573785,0
-0.9717058755587404,1.0832795835486928,-0.4445202009343899,0.3052077222492148,1,0,0,1,0,0,-0.15483044353726144,-0.014607118305763387,0.15000090842273722,-0.20286973351957077,0.23915065629497634,0.14554812675366366,-0.9589658123040027,-0.9802164121622176,0.591513424779794,-0.4485915776180395,-0.3768783909038924,1.1396963093386097,0.8387733348111573,-0.43073448190788777,-0.8393105979674664,0.5591677808639436,-0.33589726454874835,0.15601252998956805,1.5875602653373244,-0.020113106998745453,0.9030804866921212,0.5045748556442318,-0.2467089736579558,0.2729483029755986,0.6422762363176585,0.020113106998745453,-1.587560265337325,-0.14682239923337803,-0.4846237089171882,1.3462854975045246,1.4806467971820387,1.2467438007463156,0.8256500952063961,2.2266225020350205,1.397009073393778,0.8219023601333442,0.7229182807808735,0.35171115073279,-0.2959043164138529,-0.37367071236903754,-0.24540631275998087,0.41111087958892223,-0.12479618717266176,-0.15329565102369538,0.10046155601764112,0
-0.09789695541265715,-0.3339475448817109,-0.15484123025532542,-1.8947617391869185,1,0,0,1,0,0,-0.4576849316364408,0.3179949105147462,0.9047986120480549,-0.42622849976334815,0.9932680292086238,0.5739587286621025,1.4247419506978987,-1.0263859609867196,-0.9420165536584995,0.5039187287000172,0.9143461120456289,1.0965670114934112,-0.2355098158357142,0.21060933337207438,-0.5902140213361364,0.6640964041670006,-0.9561181364447545,0.12388192338142541,0.4025854781078499,1.0963072413460702,-1.7707000001386748,0.8174834925406855,1.9551210275672937,-1.628832069713281,-1.0677481401203353,-1.0963072413460702,-0.40258547810785056,-0.23037994010104354,-0.9349191994684248,-1.5194614626727603,-1.0130097982875779,-1.2793616741013212,-0.8756195703398886,-0.38327221085833024,-0.5962450189412776,-1.658541513607341,-1.5808290728091832,1.970412071562148,2.812071407352972,3.766891943996142,2.501779272341556,0.04100711855958641,1.0276167615398821,1.9621334973080773,2.4304577394039706,0
0.3904080293748593,-1.0296772261111817,-1.168717627632051,-0.13478617003801185,0,1,0,1,0,0,0.12278617055365294,-0.1843969651861634,-0.5408308881156891,0.5378018229364786,-0.7432103811094678,-0.5574387899478667,-1.3021674029211234,-2.121415066507381,1.1287314343335848,-2.4256610314960874,-3.2556027763122284,-1.0523995229579333,3.9438065122139707,-1.9951457808293762,-2.621986603455321,0.22740224936701858,-2.74783980915443,-4.0802579962716585,-0.7279513648365089,-0.7133741297612556,-0.18283068408801795,0.28506013468163627,-1.3144963534363652,0.5522006454376294,0.24886527991308605,0.7133741297612556,0.7279513648365081,-1.8736782438317996,-2.435904167972547,-2.374636746027252,-1.9303653334085251,-2.5936192522315107,-3.080969136788777,0.5954383064766764,1.1201682272361313,-3.5808855157563717,-0.3595654154843339,-0.02767187758659086,-0.7976812189789466,-1.2813097080232,-1.0238695791747903,0.37938770007212164,-0.04248097655033679,-0.3759724034796717,-0.8274130302866491,0
-1.074506924987691,2.0624546904642447,0.27967722576327125,-0.4281154315628296,1,0,0,1,0,0,0.48873534367349464,-0.28789899513380446,0.188380452674872,-0.20981352936134623,-0.1740531467860691,-0.05926612760339795,0.10948421964892106,-1.2157364841629652,0.9536946172616547,0.34248487491799,0.3277852797133056,0.10560462451760987,-0.33013684348127426,-0.7267078469903565,-1.1957476746117284,0.7265207729582793,-0.5955571027319607,-0.4772449971234015,-0.37315522795503414,0.5141229242844115,-0.8783583907386253,0.4707627070569529,-0.5736491793286538,-1.0532191991152684,-0.8920737687171102,-0.5141229242844115,0.3731552279550334,-0.5274734187416323,-0.9349191994684248,1.006641413335366,1.27822562276568,0.9338253297629369,-0.0354864021688832,0.3235742738836193,0.5664865349208381,0.6565394352172991,-0.7759052986632599,0.5793409677244183,0.3700904815361815,0.002351157259115363,-0.4146374576327655,0.664896315723324,0.5337254978059351,0.9044189231421907,0.40975308478573785,1
1.1871161624492292,0.026801178718756015,-0.15484123025532542,-0.4281154315628296,1,0,0,1,0,0,0.13540510755778543,-0.18555990934287844,2.068978121029477,-0.6154469364517295,0.706167212893746,0.33292186600171786,0.5222553991030304,0.05335312581600273,-0.33954367104551375,2.470637478904997,2.525625286816245,-0.4439709702007262,-3.9611735958334418,0.09599270946285554,0.5251221908482382,-2.2393009278675273,-0.6379608182590877,-1.4625507765974748,-0.10413398130864084,-0.5022446364654003,-0.6302940613110859,0.4528270435287154,-1.786113902049118,-3.9702628685988564,-4.711332738733361,0.5022446364654003,0.10413398130864013,-0.06326485836571254,0.26586877533487285,-0.555114866549611,-1.5427503185686884,-1.6548638392813753,0.5421051509486824,1.0032343553662626,1.1755363964676604,-0.8523972546416179,-0.19302946221276363,1.33810702436318,2.38632130820683,0.806259981981374,-1.0238695791747903,1.0455744699249259,7.201257558214223,7.25070636813751,0.16231986177126023,1
-0.7918040390580765,0.6967630939767645,-0.4445202009343899,-0.4281154315628296,1,0,0,1,0,0,-0.6091121756860305,0.6599004925889763,0.21396681550962854,-0.2260157196588223,1.0027398063979185,0.6821793608769692,0.9956238765440968,0.3608380267086964,-0.9969019408770216,0.8137447125727051,0.6045557240274239,0.2920028824778869,-0.6875513622526014,0.8075557899687443,0.061683316966078684,-0.2682610187112931,0.5742442748024342,1.0374056752777374,1.2234273880116,-0.8151232831568466,-0.5775390063098295,-0.4334685229868433,1.0932218967807699,-0.5299058152160068,0.2268726773422628,0.8151232831568466,-1.223427388011601,1.050835686536495,0.340918023760079,0.8641121994429487,0.5762117625557528,0.8029685146244333,1.518759958947476,0.6769975162545934,0.12354118106860354,0.9459245538203791,-0.49834537654397587,-0.3311783002420958,0.2788583174334372,0.8192262533478623,0.5330569536548284,-0.15990635171348128,1.1099319721622063,0.7374113588002092,0.22417816752487937,1
-0.8689048261297889,-0.4370186087675581,-0.8790386569529866,1.478524768348486,0,1,0,1,0,0,0.6149247137148194,-0.3158096548949661,-0.4001058925245282,0.23401075485880213,-0.7758317496477206,-0.423728174112143,-1.3662813016100015,0.9552065515260503,0.12030518039691586,-1.1176772333549985,-1.6959887634421558,-0.19043898897547695,1.5690836429914896,-0.6969032327378067,0.7377587030072507,0.29868833399672495,-1.151938773638834,-1.4265654552513203,-0.9919856992599327,0.7241032714020105,1.2035099100719628,-0.5719804960990807,0.1356917584236055,0.3676670665716169,0.8121049465440344,-0.7241032714020105,0.9919856992599321,-0.7038726716844818,0.5660657690356972,-0.2730889752305771,-0.08273376267196997,-0.5283573437412127,-0.9386295579527137,0.2692014673650073,0.8986955503100138,-0.29429738304996345,0.7229182807808735,-0.7864379342253526,-0.97102233077416,-0.7626588533636787,-0.5838686025055501,-0.3502454288142823,-1.3595243465075295,-1.266679413303576,-0.76555472453303,0
-0.9203053508442651,-0.6431607365392533,-0.8790386569529866,-0.4281154315628296,1,0,0,1,0,0,0.40040278464456736,-0.2692918886263634,-0.7583149722111197,1.481000758110979,-1.660630468093204,-1.3516530164503588,-0.3610922946130743,2.732360485107065,1.4161420260279132,-2.5499100337460576,-2.7856228614417144,-2.063105973064806,1.9295410801344772,-1.2310759478379838,3.2606299507116328,0.8071417330790446,-3.7353732054351205,-4.1607376680739385,-1.8366892925911174,-0.9922244039255904,-0.7279689561337419,-0.48382300947318957,-1.1248139893264137,-0.25916817965489347,-0.44070436255621503,0.9922244039255904,1.8366892925911165,-1.3166279713806959,1.8168865761224657,-1.6468279942361959,-1.0689986337644437,-2.2522536475223704,-2.555885906681899,0.5954383064766764,2.0429710477616196,-2.1339599227409716,-0.5261013687559044,-0.17942508891434333,1.0269620630759395,0.20981149912292413,0.09305597698558829,1.5848685217105287,2.509290552741724,2.017802685422071,0.47161139053935697,0
-0.7404035143436003,-0.978141694168258,0.27967722576327125,0.5985369837740325,1,0,0,1,0,0,-0.028641073495936725,-0.10415381837282366,-0.20820817126385424,0.025118229952056946,-0.16076670955071887,-0.09951347016264586,-0.007807183310994536,0.06975162261658181,0.3872133544357927,0.4304643626232739,0.47058914367699994,1.2146063986854136,0.4109146544307128,-0.32090490647097675,-0.04683298193216757,-0.353519893430507,0.6796010586129559,0.2456803314571347,0.7520553775833569,0.9106988955914741,-0.30978832299677195,-0.14265254425663787,-0.884587026806995,0.09235119371918918,-0.37192990846605567,-0.9106988955914734,-0.7520553775833577,-0.3974950218363748,-0.18442671521636386,-0.4277483349861756,-0.5349512799851129,-0.2552648599739003,-0.24551969421163483,0.35076067714292497,0.012804842605544792,-0.4183195767369984,-0.27629743884854874,-0.1035484832504671,0.10551720563822252,-0.37367071236903754,-0.3130987707090945,0.4428340591057229,-0.6186874509066087,-0.26463402725168356,0.10046155601764112,0
0.2876069799459088,-1.9315490351123477,-0.4445202009343899,-1.161438585374874,0,1,0,1,0,0,-0.43244705762817587,0.26915125593271333,-0.10586271992482811,-0.0437410788122164,0.391435003036003,0.2408001708105504,0.7910224304836972,-0.8492641732792625,0.2882499326596672,0.9001474777709235,0.8280087803354501,1.025795059935735,-0.35185128090943346,0.4753088352022282,-0.9437364126677205,0.08703520146114345,0.47775674588242045,1.1237752243697263,-0.3471945350124867,1.7434054285905087,-0.6250129574676634,0.22022730933987425,-0.3065853305500516,-0.7423057587705313,0.020695814532427255,-1.743405428590508,0.347194535012486,0.02029268250195297,-1.1600669447440433,-1.3466068841223853,-1.1034533017502068,-0.8867912286858101,-0.43454965705011084,-1.5251011477491712,-1.592872065108806,-1.2244638357027204,-0.6648813298155464,0.04820472807728505,-0.43275256256796935,-0.5162996974004062,-0.7530997473783346,0.47455723862252236,-1.3595243465075295,-0.8213259083916238,-0.2706882785040748,1
0.930113538876852,1.5213316050635446,-0.15484123025532542,0.3052077222492148,1,0,0,1,0,0,-0.5460174906653681,0.5552355184846202,0.23955317834438508,-0.22948761757971003,0.8568708804448846,0.6043678319290898,0.23698605563812142,0.8531173953114051,-0.32404326646668813,0.2671286847178322,0.13409001097824946,0.13742609325313737,0.11788240462627753,-0.26565622820530926,0.6032057963163954,-0.36270559506545474,0.19441331563272218,-0.128159161553834,-0.5532824974487066,0.7361716451058063,-0.5949754523359293,-0.5666520734952691,0.07849385692710896,-0.16809670351422945,-0.2994460585599398,-0.7361716451058063,0.553282497448706,-0.45320004908148526,0.19081952690966666,-0.9099216330477515,-0.9354867953196102,-0.8185181077439823,-0.5920746260821743,-0.46483142063624716,-0.26403600355210183,-0.728375060954584,-0.5816133531797613,-0.5588081172337243,-0.10431677179808911,-0.0495139282068366,-0.11002139686175369,-0.3185222492974822,-0.4540570296619595,-0.15329565102369538,-0.20882997275045564,1
-1.280109023845593,0.5163887321765315,1.7280720791585935,1.0385308760612593,0,1,0,0,1,0,1.725391170078477,-0.5763091459991414,0.8536258863785419,-0.4146555066937224,-0.28472604404186663,-0.1227674903079891,0.7957341182510348,0.48489953040102174,-0.641360298599481,-1.0736693214439366,-1.56410795788674,-1.0356462162015077,1.2941339400754992,0.7520715962183269,1.8570446393737141,-0.47198778420633,-1.5184614994988752,-2.5339631784975007,-0.8569681418843186,-0.5625673488356443,-0.3550265841921995,1.1948067300452991,0.4024588090837029,-0.05522244413033347,-0.44050489893996153,0.5625673488356443,0.8569681418843179,0.911573118423719,2.067050737539819,0.6275743551108558,0.26611975068388355,-0.3747428216220998,-0.5605696322757617,1.4110304042558486,2.227531611866718,-0.4803306735805153,-0.27629743884854874,1.2622304186993043,0.31535118307453414,0.4821031978191731,0.43151826673115745,-0.5723076854318833,1.0276167615398821,0.793080546914203,-0.20882997275045564,0
-0.894605088487027,1.1605828814630785,1.0038746524609323,-1.8947617391869185,1,0,0,1,0,0,0.21111872958258027,-0.22917031521969353,0.27793272259651985,-0.24337520926326098,0.034644979401003764,0.011837510917940035,-0.1425869810685179,0.02545952550170733,0.9377460276600691,0.014600330215056991,0.017343504330917834,0.16664109045887876,0.02366046735258084,-0.20999175120672303,-0.7163057748027238,0.6904618520849198,-0.24326784911081378,-0.33622194770714675,-0.3224700655433951,0.5471004570796687,-0.01155061542068214,-0.752523398300997,-0.5880826610310261,-0.2609443391296051,-0.3508026966889315,-0.5471004570796687,0.32247006554339436,-0.3139374809687093,-0.7848207026180125,-0.4914316007678933,-0.08273376267196997,-0.1699234587966153,-1.0646495331783645,-0.46483142063624716,-0.3747723420151606,-0.6663639641110671,-0.026493508941193386,-0.7105613285614767,-0.02220782410562002,-0.32180562690308556,-0.39771434314548676,0.3476645205553221,-0.37174181903963527,-0.15329565102369538,-0.1469716669968365,0
-0.5605016778429365,0.6452275620338409,-0.15484123025532542,-0.13478617003801185,1,0,0,1,0,0,0.816827705780939,-0.4041934108053113,-0.7327286093763631,1.2437544001836507,-1.704791842495682,-1.2720527167220685,-0.4682136899102277,-0.16434085556559483,-0.06338785295386379,-1.1891791791322992,-1.243054892819601,-1.1703428025231692,0.8990182470517611,-0.13165877684511298,-0.9631951379222728,-0.1507776254771489,-0.4400113305376413,-0.4171109898493209,-0.8901438845537553,-0.7133741297612541,0.5195106348695319,-0.7393447629419895,-0.06486365417218946,1.170196648272979,1.208804542957104,0.7133741297612541,0.8901438845537545,-0.2582324537235989,-1.009968447893631,-0.5460172571522233,-0.5349512799851129,-0.6649035856248688,-0.34003467563087314,-0.38327221085833024,0.012804842605544792,-0.35630847989348147,0.7506742729928018,-0.482931511569848,0.890113816921823,0.7154960824159574,1.1930584186586881,1.0455744699249259,-0.20711139779498602,-0.5429799678216537,1.2139110595827887,0
0.4161082917320974,-1.596568077483343,-1.6032360836506476,0.5985369837740325,1,0,0,1,0,0,-0.3062576875868511,0.09819846489559825,-0.19541498984647596,0.021646332031169214,0.12929097528148495,0.05879274390372927,-1.2619266830123346,-0.036649271188046166,-1.2792547482372978,-0.7540953954872069,-0.5682899764024956,0.0798974901921293,0.551139029490343,-1.058478931402676,0.9764248903983003,-1.1162809480899856,-0.5139694659998262,-0.5789138600281818,-0.4481121582821066,0.5534028300138731,0.6971200948493967,1.028463295183325,0.6270293970219392,0.5090909047171177,0.17360809399568408,-0.5534028300138731,0.4481121582821059,-1.0659553487776992,0.641115017460903,-0.5824076947417753,-1.0259302987822392,-1.1428154322176651,0.3215701943037938,-0.13859458152457876,0.06817301183707392,-0.5423417704240322,0.3620903820258042,0.5793409677244183,-0.8250508682097696,-0.41256952646850126,-0.194636969298146,-1.3019408143182878,-0.7010026615289333,-0.5429799678216537,-0.3944048900113141,0
-0.7147032519863632,1.5986349029779314,-1.6032360836506476,-0.8681093238500562,1,0,0,1,0,0,0.5013542806776271,-0.28906193929051954,-0.46407179961141953,0.3028700636230755,-0.8206200714960024,-0.45637324085464404,-0.1353923458745541,-0.09086166487204016,-0.12877633312262937,0.9279195153307984,0.6094894333597048,1.2461541640236675,0.6331813454834897,-1.0459907087903795,-0.6618308499294674,0.45027692502747574,0.08158363718850467,0.4336018569866921,0.30418285154596364,1.3979208031972914,-0.8568752389370679,-0.538297130127174,0.6285264465228376,-1.1726624627411086,-0.3690382941067576,-1.3979208031972914,-0.30418285154596436,-1.17736540326792,-1.009968447893631,-1.6104375566466425,-1.1809763047181743,-1.091610591511294,-1.1906695084040155,-0.05703537174666111,-0.2086678343205727,-1.2244638357027204,-1.0812212129944723,-1.0140677512169813,-1.9472064866735241,-1.4109724216880806,-1.68387104417865,-1.397110352868688,-1.4418395571298541,-1.0996718489615938,-1.6315710050837011,1
0.7759119647334253,0.23294330649045036,0.5693561964423357,1.7718540298733036,1,0,0,1,0,0,0.1480240445619179,-0.19602640675331406,-0.2977604411855021,0.07546074980492905,-0.388176283172486,-0.20907568046282074,-1.1123819817392124,0.33177743628727396,-0.46162941584328443,-2.6594178073571046,-2.2846294940761114,-0.3839425833765492,2.226839785493875,-1.4615719821807018,-0.8309490782419136,1.254881888359915,-3.081596811189825,-2.122091501611288,-0.3409010336930824,-0.18555039652161812,0.0864087205705997,-1.287801488706881,1.8920981535884973,0.5370432388965819,0.8983209145058604,0.18555039652161812,0.34090103369308167,-1.4001855122483615,-0.8598699510432187,-0.38226028799923456,0.29196075167320634,-1.0062691903340089,-0.9071245641463012,1.247911984700014,1.6184817503198954,-0.728375060954584,-0.22078545442469194,-1.3934507795363622,-1.1261170097488256,-0.127311556405765,0.09305597698558829,-1.9046812251374914,-1.0302635040182315,-1.211010225189582,-1.136704559054746,0
0.8530127518051386,0.20717554051898904,1.0038746524609323,-0.8681093238500562,1,0,0,1,0,0,-0.14221150653312897,-0.016933006619193523,-0.31055362260288033,0.093398889062849,-0.17332375373919812,-0.08520330391935772,1.8514779200483287,0.6330759481640063,-1.098586074884071,1.8096545425087354,1.2011806637728863,2.6120414089887225,-0.21310930651176016,1.2164092049287436,-1.2224049697501724,-3.6470099372239785e-4,0.25276338322731895,0.37334941803596317,0.3041828515459622,3.260828096984243,-1.3591033727446946,-2.093495070609048,1.501437477890829,-2.1940906937235867,-1.1970906517425255,-3.2608280969842434,-0.3041828515459622,1.07868820015905,-1.1600669447440433,-0.12752722487236504,-0.10857476366129187,7.593435579547688e-4,0.06953024385249205,-0.6279498401920818,-0.8177176958673952,-0.4803306735805153,-1.4142931195376127,-2.0763402305112475,-1.7921118076988587,-0.9312203811280227,-1.6161785862295364,-1.8095116865870906,-2.018046031486126,-1.0440026608476,-1.569712699330082,1
-0.7147032519863632,-0.4370186087675581,0.27967722576327125,-0.13478617003801185,1,0,0,1,0,0,-0.7479204827314877,1.5059423665991887,-0.23379453409861076,0.04016312094257045,1.269648225209414,1.1271360925042102,1.8125522975331154,-0.17263030818890335,0.14140712983286682,1.839626157026189,1.651167370322422,1.5054953526131365,-1.1191253300836033,0.9872763981197641,-0.4812605088772705,0.9445362337007603,0.5393150976665155,0.5256982723297549,1.1169885469471594,0.9455004604204603,-1.533923147856599,-0.24517569732143724,0.7558595404937208,-1.9504406364547244,-1.6333564048706024,-0.9455004604204603,-1.1169885469471603,1.07868820015905,-0.3345252120667762,0.43652455776570404,0.8863037744276221,1.0931292786272029,-0.5290646384693491,0.5138790966987595,0.012804842605544792,0.3258135853852078,-1.46980510396147,-0.4070549059059717,-0.5878472415426337,-0.1402778277722523,-0.8884846632765624,-1.1116017372174867,0.2044646553166367,0.793080546914203,-0.8274130302866491,1
0.544609603518286,0.5163887321765315,0.5693561964423357,-0.13478617003801185,0,1,0,1,0,0,-0.1295925695289965,-0.03205128065648941,1.634009952838616,-0.5627898179849323,0.8099981155673945,0.4102862022544944,0.38364711716656436,0.8042705116570347,0.7000888585307224,0.32886056449610834,0.7303464485289995,-1.103999707767724,-1.4833986566794068,0.6624884208798145,0.12223145148087364,0.7495657752000938,0.5072666774077834,0.5469732207429484,-0.7989105922128049,-0.7133741297612541,0.1284799688537271,-0.9814377328264521,-0.20380360649878076,0.05872754765801486,-0.4154732621532615,0.7133741297612541,0.7989105922128042,0.911573118423719,0.41596727218528484,0.900502637032502,1.1963957862994923,1.3832900426299712,0.006520256239666901,-0.7910682597479163,-0.5408768497097485,1.2559800380379649,0.27882240539001907,-0.7864379342253526,0.6437869738444144,0.4302381123532211,0.43151826673115745,0.15732544345452057,1.6038232358961542,1.2941032399401495,0.5334696962929761,0
0.6217103905899984,2.474738946007635,-0.4445202009343899,-1.161438585374874,1,0,0,1,0,0,-0.016022136491804253,-0.12508681319369488,-0.09306953850744984,-0.07672410906064984,-0.06399026245025044,-0.03690649284826022,0.055459169652551696,0.3719045019906655,1.193389781526523,0.5535682770498047,0.3514588530888553,-0.320130663898454,-1.1095440845653113,-0.4362382021086833,-0.8383902696218353,0.8515795529185041,0.4679550324182565,0.6221314178938168,-0.22931895624632825,-0.20918429502488586,-0.5130013969367999,-1.3503315678634362,-0.7756484854770008,-0.2838188293081385,0.15047651946621626,0.20918429502488586,0.22931895624632756,-0.8152827261747027,-1.2351161931692491,-2.047122807721277,-1.4135453136220761,-1.1940202729240363,-1.852274378338682,-1.6882195673050053,-1.814344742034923,-2.0306080946684437,-0.6371253376036178,-1.3934507795363622,-0.8159276517994943,-1.047916823426415,-1.0746389226366257,0.3476645205553221,-0.04248097655033679,-0.15329565102369538,-0.9511296417938885,0
1.0072143259485644,-0.9266061622253344,-1.6032360836506476,1.0385308760612593,1,0,0,1,0,0,0.4130217216486998,-0.27045483278307847,-0.1826218084290977,-0.0032356030685261974,-0.4226099343583775,-0.20549813890199872,-1.4076116916201187,0.7992609215099455,-0.309363795024512,-1.5987958302039373,-0.8301648084982214,-1.1728345619506038,0.12637932350478745,-1.2770270007311726,0.8161136022873394,-0.4065771227364648,-1.9541149781632239,-1.838758437851215,-1.1334326641296226,-0.4754817429490244,0.6813279898851614,-0.2794460068460269,0.014339873345084308,0.22220305889580164,-0.7159348201012037,0.4754817429490244,1.133432664129622,-1.2887754577581405,0.340918023760079,-0.9645072894320803,-1.0000892977929163,-1.603658998575004,-0.6865896075014126,0.10608304780917345,0.7879592118469556,-1.2864749325462383,-0.05424950115312168,-0.8623145398892288,-2.0384386507762686,-1.7221629344837932,-1.5484861282804228,-2.0950203022382925,0.28677986593896093,0.06938110143228039,-2.1264374511126554,0
-1.4086103356317816,-0.2824120129387873,0.27967722576327125,-0.8681093238500562,0,1,0,1,0,0,0.29945128861150755,-0.24835889380549214,-0.08027635709007157,-0.09061170074420077,-0.2673275332765224,-0.12097871952757809,0.3640923024014896,-0.9265193436509119,-0.6676762029452901,-0.5981883743017915,-0.6488589023301621,-0.41785170880166855,0.47251944258549217,-0.5133133774521303,-0.9588241459182334,-1.1455443457188341,-1.1766343597409892,-1.5131791368076057,-0.21768276347888266,-0.3540047794704373,-1.0191758880417514,0.3111478952132721,-0.23842585486046589,-0.3586165878251591,-0.6337765591513455,0.3540047794704373,0.21768276347888196,-0.27215871053487645,-0.6534845178739019,1.162058907207413,0.2984210019205366,-0.20406001926752979,1.250967511592968,1.920775465367831,2.2967418234061294,0.8374051343442237,-0.8869292675109735,0.5034643620605421,0.589047675382767,0.36540675552078095,0.19459466390925928,0.2524949820049213,1.439192814651505,1.3497724280541432,0.40975308478573785,0
-0.5348014154856993,0.6709953280053031,1.0038746524609323,0.5985369837740325,1,0,0,1,0,0,-0.6217311126901629,0.7238624212083051,0.36748499251816774,-0.2572628009468119,1.1282665501524631,0.7555189628738209,0.2581074838969793,0.1764871884256714,0.19714052204144775,0.06023052499363407,-0.07580167142427638,0.6517809148279019,0.7673714848601437,2.243904190441754,0.6691075605222577,0.12537868045566564,1.720902941110234,1.0908723708631232,0.8939738323359463,0.002319067851812721,1.8831778885812533,0.42806306079730583,-0.14350421549314493,1.6250503446452933,1.1635704343806104,-0.002319067851812721,-0.893973832335947,1.245803281894381,-0.03432821836595151,-1.592242337851867,-1.2972608091701252,-0.6819718658603261,-1.411204465048904,0.02452383803125581,-0.3747723420151606,-0.9764194483286528,1.9719379303176512,0.5793409677244183,0.4795690784594736,0.3265079414213163,0.9899810448113461,0.41111087958892223,-0.5363722402842841,-0.5986491559356475,0.7809029193074537,1
0.004904094016293398,0.3102466044048362,1.4383931084795292,0.3052077222492148,1,0,0,1,0,0,0.766351957764409,-0.3937269133948757,8.452775648301232,-0.782676686307822,1.1381269589524436,0.3020655700396278,0.35807389463904066,-2.536412367978034,1.1011708928150743,-0.15063801408372252,1.0120309423960379,2.0169792121793133,-0.47230175626623727,1.1116184702156755,-0.5114731525246551,0.6489181770682931,0.5694907308675417,0.989654543262615,2.394254639720468,0.3763264807979944,0.6128056106579524,2.968922999068168,-0.8532373133982734,0.7681994989163046,-0.34948474943797325,-0.3763264807979944,-2.3942546397204683,0.911573118423719,-0.5596729573423944,-0.30947941282012914,0.05939174276930372,0.2909201075607231,-0.30852968182446,-0.22015379130249568,-1.0945585420250417,-0.728375060954584,0.3898463742377325,2.400379503657447,-0.5239847266707137,-0.8534227529290943,-0.5330992590437151,-0.4771381468814831,-0.5363722402842841,-0.4316415915936655,-0.5181215015185524,1
0.5960101282327613,-1.2615871198543382,0.5693561964423357,0.3052077222492148,1,0,0,1,0,0,1.939913099148729,-0.6111974707005935,-0.822280879298011,5.3521669399008,-2.8386104114104276,-4.606321451408207,0.04146638374345292,0.2526329925802502,-0.13473317551168348,-0.48087590592516566,-0.9412427538680207,-0.0954308689512713,1.1149708483178231,-0.434492504932064,-0.19868094624082774,0.42995400627424474,-0.7311748972564037,-0.7617557845095307,1.34624143539365,-1.4653421880752575,-0.4917998074580661,-0.5457809211063902,0.6162470762118917,-0.07538818656298826,0.47995541845992634,1.4653421880752575,-1.3462414353936507,-0.7038726716844818,-0.6347222057676005,-1.4830710250832082,-1.077612300760884,-1.262293393865864,-1.5057194464681423,1.0847935651441794,0.4557501964577793,-2.0926191915119605,-0.6093693453916895,-0.7105613285614767,-0.7611883533378483,-0.3607044410025493,-0.36386811417093057,-0.5723076854318833,0.8629863402952329,0.18071947766026855,-0.6418381130257917,0
-1.305809286202831,-1.596568077483343,0.5693561964423357,1.7718540298733036,0,1,0,1,0,0,0.1858808555743153,-0.21230762494732502,-0.7839013350458762,1.5388657234591079,-1.7245911442326685,-1.3525474018405643,-0.03543339857392745,-0.0195907896304516,0.6229591726864693,-0.1374804284503141,-0.02387355370488709,0.4478678046198784,0.3685864971527352,-0.43253679907254383,-1.1233633680726736,1.4222116008400032,-0.6363651982205971,-0.20876220536194207,-0.05671543019588151,0.6670879417885637,-0.3829146699460364,-1.0984717880094474,0.5775794429620634,-0.4452816479816368,-0.17277887222297525,-0.6670879417885637,0.056715430195880795,-0.45320004908148526,-1.0850176963188372,-0.20940570944885942,0.5374502610717695,0.2397152668543526,-1.0961545269847772,0.18764225758709038,0.2342775195316623,-0.17027518936292965,-0.7481493064513315,-1.3934507795363622,-1.9107136210324267,-1.3980061503215924,-1.4469474413567518,-1.6191726094862895,-1.1125787146405561,-0.9883334727336057,-1.7552876165909395,0
-2.6422229287791925,0.2587110724619126,1.0038746524609323,0.3052077222492148,1,0,0,1,0,0,8.855090577413323,-0.7926167591481442,0.07324181991846762,-0.15773506054803024,-1.5604435515316188,-0.48767672951183694,0.2193178249489497,-0.6660549277610531,-1.395313523746165,-0.8586128634271613,-1.8772236525166774,0.8627611824823873,4.280293434003843,-0.6853117814155608,-1.4355765421107256,0.22740224936701858,-3.362528963982207,-3.5973799654579732,1.0187373090415193,0.16633209230480636,-0.9897222315873423,-0.5239477743800662,2.13595766026528,-2.174295575846424,-1.0716586759616968,-0.16633209230480636,-1.01873730904152,-1.038102835155144,-1.685411683720486,-2.374636746027252,-1.9303653334085251,-2.764302054586081,-2.450869260660523,3.857806697593365,3.3348949964973045,-2.340663578886029,-0.9979532363586869,-0.6346847228976005,-0.5422311594912614,0.5599008260181015,-0.4146374576327655,-1.397110352868688,0.03983423407198747,0.1250502895462747,-1.0129879475475077,1
0.2105061928741954,-0.2051087150244015,0.27967722576327125,1.0385308760612593,0,1,0,0,1,0,-0.48292280564470574,0.35172029105948316,0.25234635976176334,-0.23874601203541065,0.7349912124149917,0.45500547176476985,-1.018663810648076,0.6726823019664252,-0.7049149355696547,-0.11126270837494857,-0.05266579884813978,-0.09766288491102434,-0.5636644708913185,0.8591010214563317,0.5551227591327381,-0.6573345332376969,1.1671629375541557,1.061612005543253,0.9953441571592244,-1.1203707433436239,2.2748804438933363,-0.3671677764024154,0.30308451891068316,1.307647530444648,1.104925615263096,1.1203707433436239,-0.9953441571592251,0.438080386840281,0.11577027848446049,-1.0008977270216337,-1.1422148032341901,-0.6990401460957827,-0.024984737566746233,-1.1173050988595852,-1.5375038958772762,-1.0384305451721696,3.415249525337927,0.35171115073279,2.4684302558993005,2.2973811891274982,2.8684467528992554,1.489698983160128,1.2745623934068555,0.7374113588002092,2.6985103976696543,0
-1.5885121721324456,-1.0039094601397194,1.7280720791585935,2.505177183685348,1,0,0,1,0,0,-0.5838743016777656,0.6075680055367982,0.5210031695267069,-0.2873525829278389,1.0988179331184689,0.6893344439986132,0.38082165330930506,0.23889719836979773,-1.8830839176897611,1.0800287859269446,0.03852225676788244,0.8985694289500534,0.5281677582128763,0.9117513380810724,0.18652968443043264,-1.3600593251664177,1.2192812200083802,0.4927309111303228,1.4466056031467225,-0.20918429502488586,0.3814694150187937,-0.14103255898041356,1.2075103409956232,-0.250030825912754,0.4309750119656906,0.20918429502488586,-1.4466056031467232,0.6330479821981672,-0.03432821836595151,-0.5824076947417753,-1.1422148032341901,-0.6819718658603261,0.41608517572303205,0.18764225758709038,-0.4301405112466897,-1.0384305451721696,0.8061862574166584,0.35171115073279,1.5652318312821314,2.0769545758972012,1.8192136546879905,0.5380035976561225,-0.04248097655033679,-0.15329565102369538,1.0901944480755505,1
-0.5091011531284612,1.0832795835486928,-0.8790386569529866,-0.8681093238500562,1,0,0,1,0,0,-0.25578193957032125,0.05516953109714072,-0.0035172685858019803,-0.1345890744087787,0.2362459537001377,0.1464425121438692,0.7976427468961171,-0.20865700197129514,-0.5298915582636641,1.9374409846882852,1.67500286914737,-0.6235148699934362,-2.6035072268446644,0.2453139684999652,-0.5044100796211421,-0.6216018509149647,1.1971370671346377,0.6940141676166287,-0.5252107151899527,-0.3295023237687909,-0.8640268294575524,-0.21891866126274764,0.09972959850314574,-1.4302971537451725,-1.5000160089927517,0.32950232376879157,0.525210715189952,0.04814519612450831,-0.6347222057676005,-0.6187981323313287,-0.8192022908676594,-0.3576745413866426,-0.08799472517957138,-1.5251011477491712,-1.5375038958772762,-0.6663639641110671,-0.5538573609678327,0.35171115073279,1.8571747564109133,1.6361013494366081,0.8207498999385615,0.6966194952401235,2.8385513952310224,2.8528405071319813,0.9664778365683122,1
-0.7147032519863632,1.1605828814630785,2.8867879618748513,-0.4281154315628296,1,0,0,1,0,0,0.9177792018139987,-0.44198909589855107,2.350428112211799,-0.6356996743235747,0.3777280038161997,0.15136163178999948,2.332324544547689,-1.1907073966416044,0.94590128423084,1.2818593991640388,2.0015364601036785,1.1254962230037042,-2.037867843512946,2.2606971114639767,-0.05210633405815385,1.4245793833266815,0.4632543056381981,0.8171909738125192,1.0345842828972671,0.5089545156357984,-0.9842921374747983,1.5820842882220665,0.13848615090717,-1.2723543100678476,-1.804267492703335,-0.5089545156357984,-1.0345842828972678,2.387756340419144,0.11577027848446049,0.527500651739586,1.2351572877834756,1.4003583228654286,-0.5920746260821743,0.02452383803125581,-0.4301405112466897,0.38782468222872474,-0.8314172830871166,1.8692432640103136,0.7532655707677065,0.7154960824159574,0.10997909147286698,-0.5088613263982832,1.8507688677631275,2.4631561903340238,0.47161139053935697,0
0.08200488108800677,0.23294330649045036,-1.6032360836506476,-0.4281154315628296,1,0,0,0,1,0,-0.6848257977108253,1.1541517591928805,0.16279408984011548,-0.20749893074742107,1.2375307746283346,1.0479829854710225,-0.49706548849060744,-0.5690745566656917,0.5717637546884554,0.16403865618828983,0.22848609684850985,-1.1894725758489797,-0.6816514922028751,-0.7795408939910932,-0.8202520018201384,0.24312399807785268,-0.6295615692832414,-0.09883314785645689,-1.3475953222069719,-0.28577009270635834,-0.08772641456393288,-0.040637760637894926,-0.537304035579033,-0.8458681169487039,-0.39353444880059424,0.28577009270635834,1.3475953222069719,-0.6481676444393714,-0.6347222057676005,0.5820863081239148,0.6278937645343975,0.32505666803163763,0.5736101447550955,-0.5463906304141645,0.06817301183707392,1.0079356506638961,-0.08200549336504998,-0.02767187758659086,0.041654690766301246,-0.24400799870415715,-0.5500223735309933,0.728342674756924,0.6160407084282594,0.514734606344233,-0.023255055489598248,1
-0.6890029896291251,-0.4885541407104817,-0.4445202009343899,-0.4281154315628296,1,0,0,1,0,0,-0.6343500496942954,0.7354918627754558,0.44424408102243734,-0.2723076919373254,1.2080821575943401,0.7760898268485477,0.2888695098096107,0.10257536322730681,-0.7551045352355684,-0.5999444863924182,-0.7680927971600015,-0.42385790527486716,0.4893221166344638,-0.10439670257949034,-1.003240672298712,-0.10151328287280993,-0.5094018833299796,-0.24587905667486254,-0.9116105415751553,0.3260326064644921,-0.50599204040241,-1.145812387100195,0.9302421364352,0.3053721083054177,0.758505212026052,-0.3260326064644921,0.9116105415751545,0.15955525061472892,-0.7097714541928067,1.1188452625698195,0.8863037744276221,0.615217432034406,1.0461850518512859,0.2692014673650073,0.8433273810784847,1.2559800380379649,-0.49834537654397587,-1.0899443568808573,-0.0951935553878152,0.39133929825375646,0.49921072468027106,-0.4136917878478824,-0.37174181903963527,-0.26463402725168356,0.40975308478573785,1
-0.07219669305541997,-0.8235350983394863,-0.4445202009343899,1.478524768348486,1,0,0,1,0,0,-0.24316300256618875,0.049354810313565374,-0.5920036137852022,0.5783072986801688,-0.5416246192892347,-0.40897081517375206,-0.7302331380151704,-0.23190291149362172,0.44140836417510987,-0.9261359424476034,-0.4295381235434499,0.0751509269287443,0.1494107372797343,-0.3013865085892395,-1.285783986879508,0.8369724915764297,-0.8520090474224437,-0.22856384880920824,-0.2611143426240418,0.3614669270176405,0.7142651060021574,-0.9697761481634954,0.23765661561982507,0.40631232211879265,0.3352724856317925,-0.3614669270176405,0.2611143426240411,-0.14682239923337803,-1.0850176963188372,0.6730624020977969,1.0413497803635572,0.59814915179895,0.1325402314653172,0.18764225758709038,0.34501385799472056,0.5738579727592754,0.11228645211844858,-1.2416975682086098,-1.60964747949337,-1.268343436656712,-1.057715808149347,-1.3019408143182878,-0.8656330827735822,-0.8213259083916238,-1.4459960878228426,0
0.6217103905899984,0.18140777454752677,1.0038746524609323,-0.4281154315628296,1,0,0,1,0,0,-0.4955417426488382,0.37497917419378457,0.08603500133584588,-0.16930805361765602,0.652393635096063,0.4192300561565495,-0.24117303787254823,-0.12387826495329123,-0.45293275601176886,-0.39169339877605386,-0.4685272503049251,-0.31768007414727417,0.290192701654257,0.2301635945188266,0.5162593652626416,-1.4498067153957839,0.08296550913138658,-0.7312652019186877,-0.38662849897585155,-0.04982429368856782,0.5653337316727617,0.687204105295255,-0.8377416793409099,0.6114196904550607,-0.10482976848039931,0.04982429368856782,0.3866284989758509,0.32667033235006016,0.641115017460903,0.427426948368315,-0.43158727602782254,-0.3747428216220998,0.8886600828192224,0.2692014673650073,0.5111183656893089,0.139780294854656,0.5286263352973745,0.6552175733882943,0.041654690766301246,-0.39960325510201306,-0.14386762583630988,0.2524949820049213,0.03983423407198747,0.013711913318286572,-0.08511336124321738,1
-1.4343105979890196,1.4955638390920825,-0.15484123025532542,0.5985369837740325,1,0,0,1,0,0,0.6527815247272168,-0.347209147126273,-0.3361399854376369,0.10381458282551219,-0.7071730259983272,-0.34725822324957195,-0.39663170945014853,1.4496799202159647,-0.9606974522845979,-0.4781401673914318,-1.4464651488734834,0.42885319986518833,2.268699160196801,-0.5275779022864528,1.9677945625165236,-1.3309175788190406,-0.4253895269479889,-1.3465011717670068,0.41270163597869974,0.17559215780023885,0.02437642337295407,-0.018437790870871006,-0.024138212682930586,0.22412754596782217,0.5658792165190892,-0.17559215780023885,-0.41270163597870047,-0.3974950218363748,2.142099985965025,0.5638910893291381,-0.26362076959722697,-0.40887938209301433,0.6051151385615076,2.145063292257104,2.0614271041721297,-0.4183195767369984,-0.10976148557697851,-0.17942508891434333,-0.48749186102961545,-0.4255357978349895,-0.3130987707090945,0.030432725387320277,-0.7010026615289333,-0.7099875321636356,-0.2706882785040748,1
0.23620645523143258,-0.41125084279609675,-0.15484123025532542,0.5985369837740325,1,0,0,1,0,0,-0.81101516775215,5.404712651986455,-0.4128990739419065,0.24269049966102146,1.872821483587348,3.969045669882216,0.9698114690732939,-1.2692571701723514,0.13558510504436727,0.4355037927603838,0.796860249522208,1.16028636803819,-0.2677051281364044,0.30198051243689444,-1.339381131731434,0.2867781282109255,-0.22683618682278686,0.24824327093208937,0.18609969967169646,1.3979208031972914,-1.046811085676049,0.4003326840017532,0.10283498135117253,-0.8132644075520288,-0.7935961139454443,-1.3979208031972914,-0.18609969967169718,0.15955525061472892,-1.3101654415944555,-0.4004555067940112,-0.19901826712392082,-0.27233314020935756,-0.15100471279239655,-0.46483142063624716,-0.5962450189412776,-0.790386157798101,-0.9424412519348303,0.5034643620605421,0.3518440487156324,0.35244048415429274,-0.008482709938082702,-0.033013633646279864,-0.4540570296619595,0.23638866577426285,0.22417816752487937,1
-1.074506924987691,-1.0296772261111817,0.27967722576327125,-0.13478617003801185,1,0,0,1,0,0,0.48873534367349464,-0.28789899513380446,-0.5408308881156891,0.5378018229364786,-0.9559833383792545,-0.637039089676157,-0.2852782685403842,-0.7010627650862353,1.3113892103185043,-0.6322647639506709,-0.4062317601443866,-0.8979441202664178,-0.22770929968249126,-0.5005389601816371,-0.8516693959317235,0.6337268371922451,-0.35977244264851543,-0.2914062372539398,-0.70065935430716475,-0.529783266025729,-0.10344625449437933,0.1090469418676373,-1.1558786273089818,0.4974047101942779,0.24361971072353247,0.529783266025729,0.7006593543071641,-0.32189534200372505,-0.6132795633603989,0.8225231279120313,1.0598076382130737,0.8444200523391153,-0.06549115817499042,-0.10364063447689935,0.2500969964549563,0.7598912632898273,-0.19302946221276363,-0.02767187758659086,-0.3688900476960481,-0.8793552956620708,-0.6515610604546642,0.6331731362065233,0.2044646553166367,-0.04195727479570725,-0.45626319576493324,0
0.4932090788038099,1.1863506474345409,-0.4445202009343899,-0.13478617003801185,1,0,0,1,0,0,-0.6595879237025604,0.8343421160962365,0.12441454558798068,-0.18203834599424437,1.110896751962668,0.7823505245799862,-0.4819511017856962,-0.9258142657465407,2.1301036082840974,0.2719461697403744,1.277196981817635,0.2584728190849187,-1.2387881195947272,-0.39925608039415306,-0.7400947820121698,0.606179407509176,-0.107580486646144,0.23234234789193223,-0.1227108960387,0.4742292700279266,0.2712327677847031,0.5292984287850216,-2.302771146590128,-0.4740566998217977,-1.4335815473695954,-0.4742292700279266,0.1227108960386993,-0.3974950218363748,-0.7097714541928067,-0.082039177885424,0.24027874969456073,0.18851042614798086,-0.30852968182446,-0.13859458152457876,-0.09793149585751397,0.139780294854656,0.25106641317809053,0.5034643620605421,0.03253147435602734,-1.164613265724808,-1.2438700675094103,0.9821281108913258,1.0276167615398821,1.461110804282131,-0.023255055489598248,1
-1.2544087614883548,-0.7977673323680251,-1.168717627632051,-0.4281154315628296,1,0,0,1,0,0,0.2742134146032426,-0.24370711717863186,-0.630383158037337,0.6593182501675493,-1.0559628227909588,-0.6969629108199261,-1.6904055696495792,1.6790336169115678,-0.9664524993183844,-0.7587647857677176,-2.0363575793964226,-0.8166302295716141,1.6739281866068374,-1.1251374311164781,1.861624425920574,-1.227318924615187,-0.16811461475135517,-1.3245945345361407,0.004530982273632039,-1.1182800073149486,1.2263260295501897,-0.43959184953581926,0.08783578586622137,0.858342699931733,1.3541558342248432,1.1182800073149486,-0.004530982273632748,-1.0659553487776992,1.6918044954137887,-0.054746349693259644,-0.6770767854263857,-0.6990401460957827,-0.08799472517957138,1.166352774922097,1.2862727349307197,-0.4803306735805153,1.6943780081983673,-0.02767187758659086,1.4101371523074657,1.2471132084419672,1.582290051866092,1.7117612397777302,0.6983559190505837,0.18071947766026855,1.8324941171189824,0
-0.7918040390580765,-0.6431607365392533,2.1625905351771904,-0.4281154315628296,0,1,0,1,0,0,0.8294466427850714,-0.40651929911874146,-0.7583149722111197,1.481000758110979,-1.856688079225452,-1.4571904924946089,1.8245816774661296,-0.02297825502416645,1.0766524985874477,1.2268616235225045,1.5508062489596093,0.0732650128926348,-1.8943557215872158,1.9442395631688545,-0.41030339988350506,0.20107446287564731,1.310459577884345,1.3895734393235657,0.9416775146057242,-0.834019554501742,-0.5944639745170098,-0.37949456270556403,-1.269759589998499,-0.35798161775171117,-0.6594760709047651,0.834019554501742,-0.9416775146057249,1.4964759044973779,-0.5596729573423944,-0.6369933511261053,-0.44450777652248397,0.06903246449978255,-0.30852968182446,-0.6279498401920818,-1.0391903727935126,-0.5423417704240322,-0.3595654154843339,-0.02767187758659086,1.172933525640331,0.2357440418559006,0.0761328624983096,1.6800380602609295,2.3446601314970748,1.9621334973080773,0.40975308478573785,0
1.2128164248064663,0.6452275620338409,-0.4445202009343899,-0.13478617003801185,1,0,0,1,0,0,2.3563380202851008,-0.6425969629319004,-0.7327286093763631,1.2437544001836507,-2.138064710275694,-1.455401721714198,-0.43025793886533403,0.14026478744935286,-0.7467727698886015,-1.1916923133720465,-1.4850960991101174,-1.3967898966884376,0.5450206638492845,-0.06727996942681438,-0.3768651857418933,-0.9045046274674744,-0.44519472122815446,-0.7037378984543209,-0.8740438917877038,-1.0381887348318,0.5310587849161963,-0.5700530926740356,0.11192347296252414,1.1684519690170219,1.2436345764846564,1.0381887348318,0.874043891787703,-0.11896988561082296,-0.40957446049198204,-0.20030810005147043,-0.625394783447741,-0.7502449868021539,0.29006520049738066,-0.46483142063624716,-0.09793149585751397,-0.35630847989348147,0.6396503041450882,-0.4070549059059717,0.4978155112800227,0.4821031978191731,0.9561348158367899,0.6014499566897238,0.2044646553166367,-0.26463402725168356,0.904619530814692,0
-1.5885121721324456,-0.2566442469673251,0.5693561964423357,-0.13478617003801185,1,0,0,1,0,0,-0.1800683175455264,0.0191182622389736,-0.6175899766199587,0.6303857674934848,-0.6740565383396562,-0.4724721778783433,0.4364296105106153,0.7014619888381509,0.43269429868214354,-0.08038499163433192,0.046740984605535156,-0.4159972436371772,0.11141675136587978,0.6996381462800502,0.7714013139388987,0.6762328174021339,0.5882936379877797,0.5096794149035753,-0.4914206069155262,-0.0799856498736912,0.09220419488852641,-0.19000569145798918,0.08804116420154705,0.6919368387684052,0.43683717843260655,0.0799856498736912,0.49142060691552547,0.4102278732177254,0.41596727218528484,-0.7006766169078218,-0.2765412700918884,-0.03337721691295973,-1.033144539371952,-0.9541866793037505,-0.8730858650989243,-0.23228628620644656,0.3343343898138759,0.12408133374116129,0.9995924138451164,0.8970238815467907,1.1592121896841308,0.506280418139323,-0.4540570296619595,-0.5429799678216537,1.0283361423219313,0
-0.7147032519863632,0.8513696898055362,0.27967722576327125,1.0385308760612593,1,0,0,1,0,0,-0.7479204827314877,1.5059423665991887,-0.15703544559434116,-0.01422994648467068,1.3456877201930844,1.1691722058438692,-0.2735291627068217,0.4874191847231426,0.2880028664397201,0.18410040720265858,-0.004122983655523707,0.9385708431404364,0.47110342423760226,1.0432186664236167,-0.596883380339575,0.8549674682381115,0.5561143980448726,0.6347374534905637,0.7577574583546642,0.5285640660967139,1.4227207588018032,-1.2669427950841616,0.46545028625475493,0.3027257446282846,0.6250576623919373,-0.5285640660967139,-0.7577574583546649,1.07868820015905,-0.4846237089171882,0.2909628074074919,0.705416767502365,0.9224464762726329,-0.43454965705011084,0.02452383803125581,-0.319404172783631,0.3258135853852078,1.3613061016552261,-1.1658209625447336,0.11464042204849642,0.3394742127878045,0.4484413812184362,0.030432725387320277,-1.1125787146405561,-1.0440026608476,0.10046155601764112,1
-0.04649643069818187,0.5163887321765315,0.27967722576327125,-0.13478617003801185,1,0,0,1,0,0,-0.7226826087232228,1.4739614022895242,1.634009952838616,-0.5627898179849323,2.0134124352369698,1.568515282570629,1.2320920534385578,-0.6018509833168272,1.720888751490123,0.6894232248140989,1.4915579320632155,-1.327832941875061,-1.968923745615236,1.780807889244293,-1.7076889415016878,2.2317164470387247,1.0976342093343117,1.7777760961989375,-0.5745260083472232,-1.2411978630008915,0.06610826756119548,-0.8846659312251004,-0.10985277004118854,0.1570289939380957,-0.20344602027342196,1.2411978630008915,0.57452600834722245,0.939425632046274,-1.760460932145692,-1.5194614626727603,-0.3669847735545164,0.06903246449978255,-2.1043143287899837,-1.7697787770829225,-1.814344742034923,-0.790386157798101,0.27882240539001907,-0.6346847228976005,0.890113816921823,0.6895635396829819,0.7192112130148905,0.37938770007212164,2.097714499630101,1.461110804282131,0.7190446135538346,1
-0.8432045637725518,0.15564000857606544,-0.4445202009343899,0.3052077222492148,1,0,0,1,0,0,-0.34411449859924853,0.1633233376716421,-0.5536240695330674,0.5378018229364786,-0.33089868126174904,-0.29001755827641934,-1.5351283435393128,-1.3336868947573453,2.115525220167178,-1.221215965327364,0.19957173795622488,-0.8753918079534567,-0.5559633454396133,-0.08193113270238846,-1.7408332422444808,0.8315032554296409,0.5894100605980438,1.3876632598122034,-0.3471945350124867,-0.8495867060811616,2.0527687084275623,0.08659859152265861,-2.0564132646443936,2.234232909500204,1.0953300529070105,0.8495867060811616,0.347194535012486,-0.23037994010104354,-1.685411683720486,-0.6097005229339397,-0.12149526415595328,0.12023730520615308,-0.34003467563087314,-1.5251011477491712,-1.592872065108806,-0.17027518936292965,2.3050098368607914,0.35171115073279,0.8080048692293539,-0.4903671546674297,0.36382580878204385,2.2827784710801327,-0.04248097655033679,-0.4316415915936655,0.9664778365683122,0
0.004904094016293398,0.1298722426046032,1.4383931084795292,-0.13478617003801185,1,0,0,1,0,0,0.766351957764409,-0.3937269133948757,-0.4896581624461761,0.34684743728765344,-0.983503754544637,-0.5708545708009493,1.1387012176496307,0.03883943071978692,1.1799507186742322,0.5296355243296259,0.7428789931195127,0.5515694570670051,-1.4287298316450863,1.1753869841068687,-0.52636509322982,1.1205375484255873,0.5297666357979903,0.951601857534493,1.943454842271065,-1.1752198963459366,-0.4089589368456749,-0.5806093329712065,-0.48699998907223546,-0.1901958965690668,-0.03672507466127941,1.1752198963459366,-1.9434548422710656,1.217950768271826,-0.40957446049198204,0.3182556355996563,0.8733832739329616,1.0760609983917457,-0.34003467563087314,-0.30171300108041293,-1.0391903727935126,0.015758101167622184,-0.6926373220274746,-0.9381911455531051,-1.5366617482111748,-1.5017363212534962,-1.4638705558440304,-0.667477223982284,0.2044646553166367,-0.32030321536567735,-1.940862533851798,1
-1.1773079744166424,-1.2615871198543382,0.27967722576327125,0.3052077222492148,1,0,0,1,0,0,0.021834674520593164,-0.1407865593093483,-0.822280879298011,5.3521669399008,-2.0657141398526764,-4.244542561070078,0.6620939867042595,0.061266156929123655,0.22687822178182457,0.23556267033534312,0.4269802237691821,-1.6200015558656342,-1.5628199039868913,0.5399399406372897,-0.44663172972116466,0.9816838207651623,0.3230013499216272,1.0324519589056997,-1.0827475017179835,-1.1356331163529647,-0.3811561789004206,-0.5315155852877873,0.6763474370010505,0.0020526390909833218,0.45289318473480294,1.1356331163529647,1.0827475017179828,0.24311279148239442,-0.6347222057676005,-0.8007503202790929,-0.22485926811324272,-0.08458205761933026,-0.7180946013078251,-1.9328971966387571,-1.8697129112664523,-0.4803306735805153,-0.5261013687559044,-0.7105613285614767,-0.8068044353892204,-0.37367071236903754,-0.3469449996836519,-0.7309235830158842,0.5337254978059351,0.013711913318286572,-0.5799798072721716,0
-0.2006980048416086,-2.6530464823132807,1.0038746524609323,1.0385308760612593,0,1,0,1,0,0,0.26159447759911014,-0.2425441730219168,8.964502904996362,-0.7861485842287097,1.4223497420878213,0.4210188269369605,1.4413155603026175,0.9426942771705097,0.2920560101124891,2.4830057767519116,1.9726131572395262,1.1450811047699847,-1.9181759058598045,1.582438721471458,-0.6777025564357495,1.510768513609658,1.5004987190934793,1.7837223712349868,1.5535225280215794,0.020989325180847843,-0.4230302469241525,-1.9727850237882945,1.1189263084596537,-1.8665117697494786,-0.8230359929222604,-0.020989325180847843,-1.55352252802158,3.0005116401153575,0.19081952690966666,3.4114428307116467,4.0259853946303,4.81401436995683,1.0776900456576979,1.247911984700014,0.5111183656893089,4.108490492839751,-0.05424950115312168,-1.6969572021918669,1.793312241538992,2.232549832295058,1.0915197317350172,0.886958572340925,2.2623449208747504,2.5188253784480175,1.3994859768436472,1
-0.8175043014153137,-0.41125084279609675,1.4383931084795292,-2.334755631474145,1,0,0,0,1,0,-0.571255364673633,0.5784944016189215,0.41865771818768077,-0.2665211954025125,1.0160387871437344,0.6508758722197764,0.4113540078424837,1.5019370274878765,-2.795664302033822,-0.4995478489487493,-1.9168589105180853,-0.7083982908926593,1.6696300051288617,0.5135916512726545,-0.5660577675096374,0.4349277151634713,0.3985901654257483,0.2782274219196098,-0.2548898489945435,-0.7133741297612541,-0.05882303488599332,-2.6285199506224295,4.258827165659086,1.0700921007999933,2.7636453886190617,0.7133741297612541,0.25488984899454276,-0.11896988561082296,-1.009968447893631,-1.8833658385682892,-1.4264658141167375,-1.2281568333949502,-1.6632444155002057,-0.8726274695258333,-0.8730858650989243,-1.720552610450858,-0.19302946221276363,-2.4557232588306284,-0.5331079430809875,1.5842362639706562,2.0222910285353324,-2.4439752769230942,-1.853415610241477,-2.213055611241474,0.16231986177126023,1
-0.2263982671988458,0.6194597960623787,0.27967722576327125,1.0385308760612593,1,0,0,1,0,0,-0.05387894750420167,-0.10066498590267846,-0.5152445252809326,0.37577991996171783,-0.5585241441993701,-0.36782908722429863,-1.2628492878896063,1.0281810367976738,0.5040167701842065,-1.2196858595489193,-1.0352088468022542,-0.44951981268027286,1.2680274014375073,-1.4367870567202818,1.7700121813299612,-0.7619102704087661,-1.4232838239126393,-1.712298422089166,-0.7858772647355261,0.16633209230480636,0.32040197804125703,0.36194860683485686,-1.4546541529180044,0.23641303251747256,-0.3259039361295807,-0.16633209230480636,0.7858772647355247,-1.3444804850032512,1.6918044954137887,0.09991301006234013,-0.3153027715758717,-0.8355863879794388,0.1010352376589052,0.9216751455883455,1.5631135810883663,-0.17027518936292965,0.41760236644966076,0.5034643620605421,0.4521994292286506,-0.41256952646850126,-0.29617565622181696,1.2041903675089267,0.03983423407198747,0.1250502895462747,0.22417816752487937,0
-1.4343105979890196,0.23294330649045036,-0.15484123025532542,-0.13478617003801185,1,0,0,1,0,0,0.6527815247272168,-0.347209147126273,-0.8350740607153893,5.381099422574865,-2.695449734347374,-4.425655602586694,-0.4008470057704911,1.9867132088706647,-1.116745673277951,-0.04023606849845238,-1.0653719155001367,-0.47109383441222236,1.5524700146825594,-0.385141489883228,1.7529004977528757,-1.3287405753336812,-0.11345771703538463,-1.0019105498344203,0.3506288912831737,-0.9902652685099177,0.1725586805143282,-0.9708089898835818,0.19137261161470218,-0.05814639732782058,0.40686502191967644,0.9902652685099177,-0.3506288912831744,-0.23037994010104354,1.9920014891146134,0.6821600114951846,-0.173177266134598,-0.20406001926752979,0.8256500952063961,1.7372672433675176,1.6738499195514247,-0.17027518936292965,0.11228645211844858,-0.9381911455531051,-0.14080963743918734,-0.02358138547386016,-0.0423289389126401,0.15732544345452057,-0.04248097655033679,-0.48731077970765985,-0.5181215015185524,0
-0.9974061379159777,1.0832795835486928,-0.15484123025532542,0.3052077222492148,0,1,0,1,0,0,-0.8236341047562825,6.83513396474599,0.15000090842273722,-0.20286973351957077,2.865007735589549,5.413478075064114,-1.4848626709729504,-1.1050626305817168,1.0068432474838183,-0.08733012894590732,0.29378473897024,1.4706596807850245,0.05068650777754305,-1.378105158602889,-1.259673473078561,0.7471753212655663,0.020560723561194174,0.9663505718221433,2.00124968809791,0.020989325180847843,0.6877512527948025,0.2548199081644906,-0.6255493082002251,0.1383650316627091,0.5615186994547728,-0.020989325180847843,-2.0012496880979107,-1.4280380258709164,-1.4602639384448675,-1.701413650620525,-1.1422148032341901,-1.0745423112758372,-1.033144539371952,-0.22015379130249568,-0.983822203561983,-1.658541513607341,0.6674062963570164,0.27583454506891375,0.11464042204849642,-0.23104172733766892,-0.1607907403235886,1.109020828958526,-0.04248097655033679,-0.04195727479570725,0.5334696962929761,1
0.4932090788038099,-1.0296772261111817,-0.4445202009343899,-0.13478617003801185,1,0,0,1,0,0,-0.6595879237025604,0.8343421160962365,-0.5408308881156891,0.5378018229364786,0.37038129452519264,0.2260428118721595,-0.13489025836862764,-0.7700979837412859,1.4460701314945272,-0.3525225402871622,0.023818386055011603,-0.41179495585910664,-0.25640234181663607,-0.2633764594755359,-0.70777877338673,0.7258602574767845,0.25548933135391066,0.6064993616258644,-0.04053384962865217,-0.5214382267650228,-0.07559446718325155,0.3479464129203418,-1.2474067563213902,0.729574056600126,0.5611635127054366,0.5214382267650228,0.04053384962865146,-0.23037994010104354,-0.6347222057676005,0.10901061945972781,0.47284775859846334,0.5640125913280355,-0.2140147004052217,-0.30171300108041293,-0.319404172783631,0.44983577907224165,-0.10976148557697851,0.27583454506891375,-0.12256320461863823,-0.7367263106307022,-0.4315605721200442,1.0772976494417266,0.03983423407198747,-0.2089648391376897,-0.08511336124321738,1
-0.7918040390580765,-1.0812127580541053,-0.4445202009343899,1.0385308760612593,1,0,0,1,0,0,-0.6091121756860305,0.6599004925889763,-0.6943490651242283,0.9312835873037549,-0.2255181090975203,-0.21220602932854002,-0.06539749077086127,-0.08038944656436704,-0.024683388011310682,0.18252544609373206,0.6616385374460257,0.8769986916690363,-0.18062588153521392,1.01524347107665,-0.5603170674250727,0.11378174046818698,0.8502907177742224,1.2884369869591616,0.5061221547512287,0.6941558255444445,1.1053561169191786,-0.45097629956369745,0.14808269441116434,0.5965536184415329,0.39774544078885804,-0.6941558255444438,-0.5061221547512293,1.5521809317424884,-0.10937746679115769,1.619213779426171,1.4418852956980555,1.7929287682809403,1.7392949155923647,0.18764225758709038,-0.04256332662598434,2.1241353938472036,0.6118943119331598,-0.7105613285614767,-1.0531312784666302,-0.8274902101961188,-0.5669454880182719,-0.9212626601166852,-1.0302635040182315,-0.8769950965056176,-0.6418381130257917,0
-0.6376024649146498,-0.4370186087675581,-0.4445202009343899,1.478524768348486,1,0,0,1,0,0,-0.7353015457273552,1.485590843856675,-0.4001058925245282,0.23401075485880213,0.9787998169698778,0.9616747953161909,-0.9086031261943044,0.34094479440437947,-1.2286939857496277,-0.6036389008140908,-1.3544837450409888,1.6108825970721081,2.3911107988719014,-0.5568966834338144,-0.5283217893177996,-1.3018176890931847,-0.11934653959502027,-0.47287506019295794,1.2133859879111828,0.9936302841201231,0.7069901604520448,-0.9972186007777053,0.37146460929259983,0.697135225764978,1.2992247470855065,-0.9936302841201231,-1.2133859879111835,-0.3139374809687093,-0.18442671521636386,1.1916261377489248,0.22735824919990022,0.17144214591252482,1.7707999093987767,2.6344185509246065,2.0060589349406004,0.5118468759157585,0.6396503041450882,-0.9381911455531051,-0.02220782410562002,0.1709126850234604,0.4484413812184362,0.37938770007212164,-1.4418395571298541,-1.266679413303576,0.7809029193074537,1
-1.2544087614883548,0.28447883843337485,0.5693561964423357,-0.4281154315628296,1,0,0,0,1,0,-0.785777293743885,3.3637456569515103,-0.4512786181940413,0.2704656830281233,1.357548890776926,2.3779340607066146,-0.8074997245165038,0.0655200816588295,0.38475161784116996,0.08419751231248836,-0.23992433895920107,0.37789033386234705,0.3198806563387036,-0.4200208542526845,-0.8710329550873085,0.23705191635336423,0.8218008249056737,0.6587338639686428,0.8518955842960956,-0.3295023237687909,0.7031681350484663,-0.9625100614193075,-0.28775403610890576,0.7011382233093418,0.9550387971951337,0.32950232376879157,-0.8518955842960962,-0.6481676444393714,-1.0850176963188372,-1.255630790148503,-0.9613277963089331,-0.6307670251539549,-1.0646495331783645,-0.5463906304141645,-0.9284540343304539,-1.2244638357027204,0.5841383197212315,-0.9381911455531051,-0.17730250308028428,-0.2958730841701091,-0.008482709938082702,0.5380035976561225,-0.6186874509066087,-0.8213259083916238,-0.023255055489598248,1
-0.35489957898503444,0.928672987719922,0.27967722576327125,-0.13478617003801185,0,1,0,1,0,0,-0.6469689866984278,0.8285273953126613,-0.5664172509504457,0.5551613125409173,0.2700766546821054,0.20815510406804932,-0.1674373503609117,-0.38545389217310433,2.802146471984223,-0.09955156383324734,0.8185619618252581,1.0343775810953941,-0.24737046362277945,-0.3220348557098108,-0.03882317284500425,3.754526448871601,0.14279422033507688,1.3019921543374768,1.0614552385657117,0.3580292690535297,-0.08894772185040181,0.4901553614007178,-0.057691103699360854,0.27608004475461023,0.2069712862654077,-0.3580292690535297,-1.0614552385657123,-0.6481676444393714,-0.5596729573423944,-1.6195351660440314,0.14983524623193267,0.20557870638343811,-2.954949161563126,-0.8726274695258333,-1.3160312189511594,-1.3484860293897554,0.029018475482663446,0.6552175733882943,0.5160619441005718,0.4043055696202447,0.49921072468027106,0.41111087958892223,-0.28942660841731066,-0.15329565102369538,0.7190446135538346,1
0.6474106529472365,-0.2566442469673251,-0.15484123025532542,-0.13478617003801185,1,0,0,1,0,0,-0.7100636717190902,1.247187291730086,-0.6175899766199587,0.6303857674934848,0.41121777532108655,0.4719987941786745,0.3726401931758426,-0.14033911211000635,0.18322536281644716,0.7097039991813957,0.8975333720165084,0.44655749401660094,-0.1523160235448184,0.6704813056969849,-0.3740517503813498,0.2659444865113098,1.4285050246754454,1.5533190298879895,1.0713719007766844,-0.45352244570481864,0.15177176093309144,-0.18209699656340164,0.01677335229928894,0.4577168128534173,0.34967636248373896,0.45352244570481864,-1.071371900776685,0.5494904413305014,-0.40957446049198204,-0.20940570944885942,-0.04397226118798574,0.529876030857121,0.006520256239666901,-0.30171300108041293,-0.762349526635866,0.3258135853852078,0.3898463742377325,0.12408133374116129,0.9722227646142934,0.8321925247143505,0.9899810448113461,0.664896315723324,-0.04248097655033679,-0.26463402725168356,1.0283361423219313,1
0.05630461873076867,-0.2824120129387873,-0.8790386569529866,-0.8681093238500562,1,0,0,1,0,0,-0.5586364276695006,0.5726796808353461,-0.08027635709007157,-0.09061170074420077,0.6600317458236465,0.5104573659575113,0.2113135451779174,-0.22712283288765364,0.34353659377956075,-0.06896125530227695,0.0356740309256759,-0.8513848235125216,-0.9439734383281558,-0.7064581992598483,-0.44521144816780067,0.2795605474967546,-0.2948279482996552,-0.24612388835787835,-0.33645217931212407,-0.827498180191446,-0.9997213372693192,-0.13426983938055573,-0.1886946427228587,-0.19918413979472915,-0.2866700602271121,0.827498180191446,0.33645217931212335,-0.8431352397972577,-0.7097714541928067,-1.0827762115981268,-0.7933612898783374,-0.8526546682148961,-1.0016395455655394,-0.709509049969999,-0.6516131881728072,-1.4104971262332722,-0.7203933142394032,0.4275877563966659,1.7841890251287182,1.3897421934733356,1.209981533145967,1.2993599060593275,2.673920973986373,2.2961486259920414,1.5232025883508855,1
0.15910566815972013,-0.7719995663965628,0.27967722576327125,-0.4281154315628296,1,0,0,1,0,0,-0.5333985536612357,0.5377913561338942,0.38027817393554597,-0.2607346988676996,0.9080875210549474,0.615100456611556,1.6475326948283202,-0.8454543537696033,-0.3041370401162706,1.3413462640810132,1.136100049378587,1.2543174398505057,-0.7780388808050329,2.0618621819567773,-0.049681603194914534,-2.17364269202438,2.225175836224247,1.0989293784733452,0.9704170281043213,0.7482915930561997,-0.23074591952118242,1.1106426939654768,-1.7685357576923135,0.39437400253621313,-0.40409505695712555,-0.7482915930561997,-0.970417028104322,2.304198799551478,0.19081952690966666,0.7549408866742913,-0.5995537824584191,0.2397152668543526,2.3693947917206186,-0.05703537174666111,-0.4855086804782194,0.9459245538203791,-0.08200549336504998,1.33810702436318,0.6529101902546883,-0.4385020692014777,-0.2623294272472596,1.489698983160128,0.03983423407198747,0.45906541823023866,0.5334696962929761,0
-1.2544087614883548,0.0010334127472937634,0.27967722576327125,1.478524768348486,1,0,0,1,0,0,-0.7983962307480176,5.375639048068578,0.764073616456894,-0.3891949219405457,2.454326354546045,4.435020458179286,-1.4362153622191467,-0.2063335436025542,0.04466493998338464,-0.28017701012206114,-0.1816153054177148,-0.16133364497392963,0.8208280218527392,-0.4273954004486748,-0.8091908753435241,1.037630533345686,0.03771357601448577,0.7004321396286238,1.1360522199736263,-1.3467626096488186,1.5700439742421477,-0.527430391270488,0.9816601480636253,0.41589720156027987,0.9199444481211805,1.3467626096488186,-1.136052219973627,-0.5646101035717058,-0.9349191994684248,-0.8007503202790929,-0.19901826712392082,-0.1699234587966153,-0.844114576533476,0.35076067714292497,-0.1532996650890431,-0.4183195767369984,2.110717891377293,-0.1035484832504671,1.492246099999936,1.8694942340333933,1.9715216850734973,0.664896315723324,0.03983423407198747,-0.5429799678216537,1.3376276710900281,1
-1.5885121721324456,-0.2051087150244015,1.7280720791585935,1.0385308760612593,1,0,0,0,1,0,-0.7605394197356201,1.5437380516924284,0.25234635976176334,-0.23874601203541065,1.7490309951810465,1.3717504967254168,-1.5984510356242867,-0.2747829658838838,-0.48321933066110245,-1.5463064491618492,-1.370931229605522,-1.5544981449187019,0.5830809617670956,-0.3751764584932349,-0.8816747723304289,0.9213406793069675,-0.5225468592250258,0.006720467918732603,-0.3925077445122049,-1.73086566371718,1.8478131788910204,-0.5060941878481654,1.5864355419042464,1.570811732741131,1.7888389700566218,1.73086566371718,0.39250774451220416,-0.6760201580619267,-1.1600669447440433,-1.5649495096597015,-0.9484072958142716,-1.0745423112758372,-1.442709458855317,-0.8726274695258333,-0.8177176958673952,-1.4104971262332722,3.4707615097617834,0.5034643620605421,3.690941254876073,4.346052065032608,5.136144094194569,1.109020828958526,1.6038232358961542,0.7374113588002092,4.430542958770994,1
-1.5885121721324456,0.0783367106616796,1.7280720791585935,-1.6014324776621007,1,0,0,1,0,0,-0.5838743016777656,0.6075680055367982,-0.7071422465416066,1.1511704556266447,-0.34756481593456784,-0.4223865960268347,1.388958676488158,0.665259435891864,-0.9674695173608641,1.5880527475177795,0.6533869053295555,1.7061449566971096,0.14658007442084958,0.9909167345614097,0.3504942273862774,-1.461232428322283,1.4275141734084467,0.5389053674128096,1.5173256805029718,0.8221130942085976,-0.9412685251018283,-0.5619720307763083,-0.14583442909273384,-0.7298581909681721,-0.3232987753227456,-0.8221130942085976,-1.5173256805029725,0.939425632046274,0.340918023760079,0.05442496307539909,-0.7158382869103699,-0.1699234587966153,0.9516700704320475,0.5138790966987595,-0.1532996650890431,-0.35630847989348147,-0.7481493064513315,-0.2553016945782196,1.0543317123067637,0.806259981981374,0.43151826673115745,1.1407440084753266,-0.04248097655033679,0.4033962301162448,1.2139110595827887,1
-0.6890029896291251,-0.8235350983394863,-0.4445202009343899,1.478524768348486,1,0,0,1,0,0,-0.6343500496942954,0.7354918627754558,-0.5920036137852022,0.5783072986801688,0.16770777687585575,0.11871656504749839,-0.4516335552948301,-0.2686090195620405,-0.42450818497081483,-0.6563091093338178,-0.6824102231367027,-0.39664717433350466,0.5421995303892109,-0.18038413135734313,-0.8893757214916992,-0.04656849751520956,-0.7085670049622764,-0.5460945149803306,-0.772300881946693,0.22497917377587734,0.44776975396631374,-0.5222827647469633,0.5335200610094777,0.18402835223484745,0.3540117065713796,-0.22497917377587734,0.7723008819466923,0.18740776423728422,-0.4846237089171882,1.6010185606313942,1.3256007912461045,0.9224464762726329,1.1722050270769362,0.8401159358104279,1.4523772426253072,1.6280466190990672,-0.10976148557697851,-0.9381911455531051,-1.7008796435961144,-1.2294446225572482,-1.0915620371239039,-1.4288335323854886,-0.8656330827735822,-0.8769950965056176,-1.5078543935764617,0
0.4932090788038099,-1.0039094601397194,-0.4445202009343899,-0.13478617003801185,1,0,0,0,1,0,-0.6595879237025604,0.8343421160962365,-0.8478672421327675,6.804577570138835,-1.748531133660709,-4.617054076090673,0.7389158990193816,0.5341112513817801,0.19766076062022933,0.019878583933685596,-0.5249012915304421,-1.5315440961917062,-0.3524151940895786,-0.2248769547590779,-0.669949902313321,1.0104203536173815,0.3186095030595874,0.7013999017228222,-0.3224700655433951,-1.7690215962405276,-1.2521749483447466,-1.4042255596352853,0.745166129375511,0.28907304487349067,1.3671778741555,1.7690215962405276,0.32247006554339436,0.04814519612450831,-0.3345252120667762,1.2007237471463126,1.6227723026233125,1.7075873671036554,0.25856020669096863,-0.46483142063624716,-0.3747723420151606,1.4420133285685155,-1.3587811351137562,-1.6210805965279906,-2.0110690015454455,-1.4239386930545688,-1.2438700675094103,-1.1116017372174867,-0.5363722402842841,-1.211010225189582,-1.7552876165909395,0
-1.074506924987691,-0.6431607365392533,1.0038746524609323,-0.4281154315628296,1,0,0,1,0,0,-0.6722068607066928,0.9331923694170174,-0.7583149722111197,1.481000758110979,-0.33089868126174904,-0.42685852297786225,1.3559225556242707,-0.009476002750011864,1.0884998589233876,0.6863523934084654,0.6673485018875089,-1.9862978257653898,-2.155155624893121,1.2058598704771817,-0.5862523477776861,0.315115362868091,0.6686557210956305,0.3194468471588742,-1.0618771407249543,-1.6559165105463216,-0.6805623460429229,-0.5742886211883331,-1.1713552220367123,-0.2641902366734748,-0.5557080655236678,1.6559165105463216,1.0618771407249536,0.744458036688388,-0.7848207026180125,-0.9372144612399159,-0.6512357844370638,-0.3747428216220998,-1.0961545269847772,-1.2804235184154193,-1.0391903727935126,-0.6043528672675491,-0.4150773999081907,-0.17942508891434333,1.4010139358971918,0.4691369264526849,0.3299795798074865,1.8069307783281299,3.33244265896497,2.351817814106035,0.40975308478573785,0
-0.35489957898503444,-1.2615871198543382,0.27967722576327125,0.5985369837740325,0,1,0,1,0,0,-0.6469689866984278,0.8285273953126613,-0.8094876978806327,3.350039138855541,-0.8813816535575657,-1.9517856132782554,-0.16698248038238211,0.5920369615822009,2.4278392494353684,-0.6294989363401807,0.22293612592000758,0.2579359137213329,0.2249118086936553,-0.4273444746607787,-0.1875818363604558,3.6809632268258166,0.22154441515140774,1.2948011222971518,1.57487639152627,-1.2101494081044426,-0.19480436005872667,-1.0005046754392632,0.3800754651451813,1.0700921007999933,0.9742934011256914,1.2101494081044426,-1.5748763915262707,-0.7038726716844818,-0.6347222057676005,-1.5103638532753727,0.24027874969456073,0.32505666803163763,-2.9234441677567133,-0.30171300108041293,-0.9284540343304539,-1.2864749325462383,-0.44283339212011924,-1.1658209625447336,-1.1261170097488256,-0.7885913960966542,-0.36386811417093057,-0.9847090191502859,-0.5363722402842841,-1.0440026608476,-0.9511296417938885,1
-0.7147032519863632,0.6452275620338409,0.27967722576327125,-0.13478617003801185,1,0,0,1,0,0,-0.7479204827314877,1.5059423665991887,-0.7327286093763631,1.2437544001836507,0.22349099186228205,0.19697528669048045,0.04431807137962072,-0.1542927961056161,0.3854900138826152,-0.45937729945185074,-0.5447406423546242,-1.0635134089169647,-0.05241091045675833,0.5440267796834417,-0.9164356167849106,0.9135620067887575,0.8328084916456286,1.1513902138859364,-0.4157307643808121,-1.0381887348318,0.4819597911128424,-0.706293378097816,0.3910639502691892,1.4463877393916282,1.8322979581980248,1.0381887348318,0.41573076438081064,0.605195468575612,-0.7848207026180125,0.32735324499704527,0.7700192699756713,1.1101975588626602,-0.18250970659880966,-1.1173050988595852,-1.0945585420250417,0.6978801664463103,0.4731143508735179,-0.6346847228976005,0.11464042204849642,0.30057539868834077,0.8884423578876751,0.41111087958892223,-0.5363722402842841,-0.9883334727336057,0.7809029193074537,1
-1.2544087614883548,-0.7719995663965628,0.27967722576327125,-0.4281154315628296,1,0,0,1,0,0,-0.7983962307480176,5.375639048068578,0.38027817393554597,-0.2607346988676996,2.276936388200003,4.335743679866475,0.07738149866561675,-1.5483601405211664,2.1507860884830596,-0.17426184598880157,1.0026912275468545,1.7725473036540436,-0.21060440572266445,-0.35672799462102944,-0.8240249640980472,1.0955959417409709,0.21827928715738287,0.8630191645323445,1.7556215933338128,0.6763389906671557,-0.46403926659665895,1.2996827653065586,-1.8392283721369738,0.4518585161565353,-0.46097746246608706,-0.6763389906671557,-1.7556215933338135,-0.4253475354589299,-0.8598699510432187,-0.4095531161914002,0.188596747715916,0.2738518273252659,-0.6235796198885869,0.6769975162545934,-0.09793149585751397,-0.10826409251941274,-0.3040534310604773,1.5657368413548085,0.7258959215368835,-0.4255357978349895,-0.2284831982727022,1.5214221626769286,0.12214944469431245,0.514734606344233,0.5334696962929761,1
-1.5885121721324456,-1.596568077483343,1.7280720791585935,1.7718540298733036,1,0,0,1,0,0,-0.7605394197356201,1.5437380516924284,-0.6047967952025805,0.6072397813542333,0.7812478189133183,0.7179547764851896,-0.7733595642092219,-0.4294599675641212,1.8529412587030725,-0.9783553951103621,-0.14789521925378396,-1.464012839286036,-0.16626766175566504,-0.27519823953013184,-0.7891876121367734,1.3253509717684215,-0.07605939088421818,0.5240672823697188,-0.4291756706205317,-1.571087696275664,0.8004004613154987,-0.20114354205348067,-1.201182864279909,1.24627583054351,0.7039207281551202,1.571087696275664,0.42917567062053097,-0.45320004908148526,-0.9349191994684248,-0.8735311954581982,-0.1344157646506147,-0.15285517856115927,-1.1906695084040155,-0.7910682597479163,-0.7069813574043363,-0.4803306735805153,0.8339422496285867,-0.1035484832504671,0.2879815338437111,-0.39960325510201306,0.09305597698558829,1.1724671879921262,0.36909507656128593,-0.32030321536567735,-0.08511336124321738,1
-0.8175043014153137,0.23294330649045036,1.4383931084795292,-0.13478617003801185,1,0,0,1,0,0,-0.571255364673633,0.5784944016189215,-0.8350740607153893,5.381099422574865,-1.5591565967571883,-3.7137248319831087,0.07340131320311491,0.172022627339022,0.31787749419491956,0.3923754355974007,-0.13650957611793765,-0.3807512157616366,0.1516503912898909,0.24301716962529876,-0.594722809313099,0.4904623727887269,0.20046790438193346,0.20938664639359544,0.2654778184316193,-0.7825969144484197,0.14075357971062263,-0.8318867093701295,0.05831820111820814,-0.33129335714407887,0.3818944410410024,0.7825969144484197,-0.26547781843162,-0.03541234474315745,-0.7848207026180125,-0.9099216330477515,-0.5478717804797735,-0.4430159425639276,-1.0016395455655394,-0.38327221085833024,-0.5408768497097485,-0.8523972546416179,0.11228645211844858,-0.7864379342253526,-0.031331040515893936,0.002351157259115363,-0.1269445113490324,0.5380035976561225,-0.12479618717266176,-0.48731077970765985,-0.332546584257695,0
-0.35489957898503444,-0.7204640344536393,0.27967722576327125,0.3052077222492148,0,1,0,1,0,0,-0.6469689866984278,0.8285273953126613,-0.7711081536284979,1.501253495982824,-0.5129993634100525,-0.5230049524249546,-0.6685274353792707,0.29828804281227556,2.028347190707683,-0.4108863503284185,0.08712782720341311,1.5276097175316183,0.6799692464684496,-0.3077818194735546,-0.5541974843594635,3.704600480283047,0.3962845089193579,1.3973692463685459,1.7556215933338144,0.3422733367180179,0.6220717051216319,-0.9645925737808109,0.9499476526455986,0.9480298866030974,1.2509886506899612,-0.3422733367180179,-1.755621593333815,-0.45320004908148526,-0.7097714541928067,-0.7461646638947628,1.093031782342202,1.2296755205108585,-2.702909211111825,-0.05703537174666111,-0.762349526635866,-0.4183195767369984,0.7506742729928018,-0.7864379342253526,0.561678026151944,1.0007540524786946,1.3792126780187515,-0.033013633646279864,-1.1948939252628807,-1.211010225189582,0.904619530814692,1
-0.9974061379159777,-0.35971531085317227,-0.15484123025532542,0.3052077222492148,0,1,0,0,1,0,-0.8236341047562825,6.83513396474599,-0.6687627022894718,0.8271266496771229,1.7713476122513325,4.61747507778121,-0.45022334499497435,-0.6643517572646744,-2.1874329920603337,-0.03409551544438474,0.01699140499978879,-0.7290607025589168,-0.06851960141753245,-1.05039173694512,-1.4924215373219814,0.8985852260358185,0.20385593914900288,1.3134970712561544,1.0713719007766844,-2.0569254507348744,-0.4234925263003409,-0.5832314976544992,3.8932856725226506,0.2482009013809167,1.2602845799506608,2.0569254507348744,-1.071371900776685,-1.17736540326792,-1.6103624352952797,-1.583144728454478,-0.9742482968035945,-0.8526546682148961,-0.9071245641463012,-0.30171300108041293,-0.762349526635866,-1.1004416420156866,-0.47058938433204756,-0.6346847228976005,-0.3415203984652251,1.62313507807012,1.6499825098152057,-2.6660375335406954,0.6983559190505837,-0.2089648391376897,-0.08511336124321738,1
-0.04649643069818187,0.23294330649045036,0.27967722576327125,-0.13478617003801185,1,0,0,1,0,0,-0.7226826087232228,1.4739614022895242,-0.8350740607153893,5.381099422574865,-1.00139976970615,-3.025048081524867,1.4516380165671672,-0.48625063426196047,1.6216180527209239,1.558123173832554,1.654693120595012,-0.8134761320252739,-1.3981201139042383,2.050827428962419,-1.484657700140673,2.578918569515567,1.562273078847456,2.36247841200279,-0.6392523306161405,-0.4754817429490244,0.030624604032716815,-0.8199032366641485,0.374758249808583,-0.5558006439705174,0.15531825324290416,0.4754817429490244,0.6392523306161398,1.357213336384602,-1.535313186870074,-1.0918738209955157,0.21443774870523882,0.8541733553308051,-2.041304341177158,-2.0144564064166746,-2.0911855881925696,-0.046252995675895824,0.25106641317809053,-0.5588081172337243,0.9266066825629212,1.0007540524786946,0.6853649840403343,0.9186817518577256,0.28677986593896093,0.06938110143228039,0.6571863078002155,0
0.23620645523143258,-1.0039094601397194,-0.15484123025532542,-0.13478617003801185,1,0,0,0,1,0,-0.81101516775215,5.404712651986455,-0.8478672421327675,6.804577570138835,-0.46758293208315554,-1.1021194925830218,0.7581976477621883,0.3928004245697858,-0.7294105104159808,-0.49437367653022457,-0.9757136239233022,-0.4371665502258097,0.4062684775395892,0.2578601350907925,-0.8827467229501544,0.46741343711266636,-0.29532368887710575,0.32429752877337165,0.6912331826893887,-1.2817996886347096,-0.796641477081064,-1.423447198592288,1.4668340302535885,0.37502902809286814,1.585088915071333,1.2817996886347096,-0.6912331826893894,0.577342954953057,-0.5596729573423944,1.2189189659410893,1.3126802907514432,1.1101975588626602,0.9831750642384596,0.4323198869208419,0.12354118106860354,1.0079356506638961,-0.8869292675109735,-1.4693273852002382,-0.9162830323125138,-0.11434528503927678,0.04228663352375219,-0.7309235830158842,-0.4540570296619595,-0.9883334727336057,-0.332546584257695,0
-1.5628119097752085,-0.10203765113855341,0.5693561964423357,-0.13478617003801185,1,0,0,1,0,0,-0.2684008765744537,0.039469784981487295,-0.4768649810287978,0.28435327471167426,-0.27820839517963436,-0.18939920187829953,0.42317625470055786,0.8754815696996621,0.36812956440682565,0.9764175897936085,0.31972793102459746,-0.2659666240355002,-0.8652353450621902,0.5351372206629282,0.5915965548324023,0.832849202932832,0.13446587443730368,0.09834795541526238,-0.04921092906325296,-0.31393995325558316,-0.053734077856482015,-0.6089774879650562,0.3336876823190187,-1.1857431112823937,-0.3196443327292003,0.31393995325558316,0.049210929063252244,0.6887530094432773,0.7912135143113154,0.6184767457134681,0.9896677783849125,1.0077878774499178,-0.40304466324369825,-0.05703537174666111,-0.04256332662598434,0.8839134569768611,-0.19302946221276363,-0.7105613285614767,-0.5513543759015367,-0.30883935553659736,-0.7361766328910565,-0.12818317219668063,0.36909507656128593,0.23638866577426285,-0.8274130302866491,1
-0.4320003660567478,-1.3646581837401863,1.4383931084795292,-0.13478617003801185,1,0,0,1,0,0,-0.4703038686405733,0.2848510020483667,3.6425394353670035,-0.700508435513479,1.6319805589885799,0.7604380825199513,0.8731602706887436,-1.1872609470027462,0.6244352355034387,0.8189889516381599,1.3214212785631023,-1.1828980548639845,-2.568714623576577,0.4823206981583954,-1.0992600590998933,0.21945204122265846,0.4148153254266606,1.0182117307635374,-1.1820904200447964,-0.440948977121442,-0.7322214528819645,0.5283383137411154,-0.6330957480828214,-0.6950774609757154,-0.7238268037562848,0.440948977121442,1.1820904200447957,0.4659329004628361,-1.009968447893631,0.07262018187017576,0.17567624722125458,0.3421249482670949,0.5106001571422693,-1.3619827281933365,-1.0945585420250417,0.7598912632898273,-0.05424950115312168,2.096873081001942,4.074116344107599,2.9456947574519,2.3607533182809015,3.4248129336849398,4.731801239544486,4.745592903007779,3.5645266782203247,1
0.13340540580248203,-0.02473435322416849,-0.15484123025532542,-0.4281154315628296,1,0,0,1,0,0,-0.40720918361991093,0.1976301902947366,0.2651395411791416,-0.25899874990725574,0.6147059925267069,0.3521511518911363,0.0162646998941449,0.47649973333748324,-0.6200227949860168,0.2722853535028104,0.4608235274560807,1.2726440984714744,0.12932744631479676,-0.3053552333956622,-0.5604108692147824,-0.04630743190448912,-0.1489165417115731,0.19753736556296528,1.1921218465220598,0.5534028300138731,-0.3277238124474819,-1.2154181443875096,0.8010574284401683,-0.5155030398190027,-0.40623636502605326,-0.5534028300138731,-1.1921218465220604,-0.5089050763265954,-0.7848207026180125,-1.019092945816409,-0.8838047933409655,-0.8867912286858101,-0.43454965705011084,0.4323198869208419,-0.09793149585751397,-1.1004416420156866,-0.08200549336504998,-0.9381911455531051,1.127317443588959,1.4286410075727993,1.0915197317350172,-0.033013633646279864,0.6983559190505837,1.127095675598167,1.4613442825972665,1
-0.9203053508442651,-0.8235350983394863,1.0038746524609323,-0.4281154315628296,1,0,0,1,0,0,-0.21792512855792381,-0.0029776767386127034,-0.38731271110714993,0.12175272208343214,-0.1962116001945063,-0.09638312129692658,0.8891214353714875,1.0880476713571179,-0.5368784061675163,-0.09408281177271052,-1.1853205220769996,0.9346531197173793,2.0405462376826526,0.8245495270187954,-0.3128915077577819,-0.23650502520224267,0.15282847281664852,-0.7565619769111182,0.5274811195133241,0.7516060278018181,-0.4124648274731263,-1.8068274188487914,0.4962660248934948,0.27864190653069365,0.8023392133030283,-0.7516060278018188,-0.5274811195133248,0.15955525061472892,-0.7848207026180125,-1.7105112600179135,-1.5427503185686884,-1.4159079159849774,-1.6947494093066184,0.6769975162545934,0.4557501964577793,-1.720552610450858,-0.5538573609678327,-1.772833807855743,-0.8159276517994943,-0.46443461193445323,-0.33002188519637315,-0.4771381468814831,-1.277209135885205,-1.1553410370755877,-0.332546584257695,1
0.8530127518051386,0.928672987719922,1.0038746524609323,-2.334755631474145,1,0,0,1,0,0,-0.23054406556205628,0.003418516123320173,0.09882818275322415,-0.17625184945943148,0.28248062895768555,0.13884023632712236,1.9095286423887978,-0.7271433375333489,-0.2638659844331595,1.317845039843968,1.7596070560381976,0.5726712324153563,-1.2785511233428495,1.1508212064760406,-1.3471983659834756,0.34476901665290405,0.12297362849426857,0.5839295744997973,-0.37315522795503414,1.151146070773566,-1.505359070524509,-0.3515666981023202,0.7071732526218897,-1.6583850835921616,-1.7174817744736202,-1.151146070773566,0.3731552279550334,1.3015083091394917,-1.1600669447440433,0.5911839175213025,0.6924962670077037,0.7176271134471482,0.5736101447550955,-0.6279498401920818,-0.5408768497097485,0.5118468759157585,-1.4420491117495413,-0.482931511569848,-0.5331079430809875,-0.11434528503927678,-0.7530997473783346,-1.3336639938350878,-0.20711139779498602,0.4033962301162448,-0.8892713360402683,1
1.1614159000919912,-0.9008383962538722,-0.4445202009343899,1.0385308760612593,1,0,0,1,0,0,1.801104792103272,-0.6007309732901579,0.188380452674872,-0.2370100630749668,-0.6271939621320625,-0.2788377408988505,-0.617621727369886,1.4304070172258825,-0.359677246543689,-0.4835514085706843,-0.7212941729098558,-0.13966040486021328,0.8878589285011337,-1.0039200515432458,1.2455622035890155,0.18325095484206344,-1.0727590539021035,-1.3767433663730053,-0.7145628313692824,0.5182145811312309,-0.14428704018519506,-0.715501649103922,0.6758403822458691,-0.4104827576247268,-0.40640418504906695,-0.5182145811312309,0.7145628313692818,-0.7874302125521474,1.7668537438389946,1.282602231722807,1.1963957862994923,0.6322857122698633,0.1010352376589052,1.3294711944779316,2.0060589349406004,1.13195784435093,-0.10976148557697851,-0.6346847228976005,0.15113328768959466,0.4821031978191731,0.27921023634565156,-0.6040308649486834,-0.12479618717266176,0.1250502895462747,0.038603250264021984,0
1.1871161624492292,-1.596568077483343,-1.8929150543297122,1.7718540298733036,1,0,0,1,0,0,0.17326191857018283,-0.21637792949582776,-0.579210432367824,0.5378018229364786,-0.8611253735603276,-0.5820343881785182,-1.0538066923241254,-0.30228987506053706,0.24851990660412165,-1.8279940289326138,-1.4086931295154805,-1.2154417735722012,0.8533822707719146,-0.8476618439181155,-0.7831223928514232,-0.9208410297920453,-1.3064071622438778,-1.3032735085958471,-0.8856385367838302,-0.7793520964162078,0.6183701314277417,-0.3696124814556268,-1.2650914671646225,1.1740910216121718,0.55897714093729,0.7793520964162078,0.8856385367838302,-0.7874302125521474,-0.7097714541928067,0.09081540066495114,-0.40574627503850064,-0.8697229484503528,0.5421051509486824,0.10608304780917345,0.6218547041523672,-0.23228628620644656,0.5841383197212315,-0.3311783002420958,0.05990112358685037,-0.6070635969658218,-0.14386762583630988,0.9504049313745251,0.03983423407198747,-0.32030321536567735,0.10046155601764112,0
0.7759119647334253,0.1298722426046032,0.5693561964423357,-0.13478617003801185,1,0,0,1,0,0,0.1480240445619179,-0.20067818338017435,-0.42569225535928473,0.1992917756499248,-0.5578992963523087,-0.3083524587756323,-0.8273642383787191,-0.4286643659060394,1.0933963510636588,-1.70826820162844,-1.4707281404987456,-0.9374915483815073,1.1074362714441668,-1.4765830097641683,-0.7197045114584718,1.542129865719479,-2.5613938095858164,-1.7764740507459271,-0.06904425348519842,-1.2101494081044426,-0.3249142315651768,-0.13262888536000175,0.05498235171217504,-0.2320741237791311,0.17763746504274938,1.2101494081044426,0.06904425348519772,-1.3166279713806959,-0.40957446049198204,1.1097476531724306,1.8553413115272142,0.4445346296798359,-0.34003467563087314,2.063504082479186,2.3382679503297763,0.6358690696027934,-0.49834537654397587,-0.4070549059059717,-0.8980365994919648,-0.7367263106307022,-0.7700228618656133,-0.3819686083310823,0.4514102871836102,-0.09762646290970158,-0.9511296417938885,1
-1.305809286202831,0.2587110724619126,0.5693561964423357,1.7718540298733036,0,1,0,1,0,0,0.16064298156605036,-0.21230762494732502,-0.3361399854376369,0.09571348767677415,-0.443048024261755,-0.23724882025429428,-0.2058854527584845,-0.1636847675773558,-0.5262566082757713,-0.5811462668578846,-0.501555830775192,-0.2723316296308938,0.2673905156171485,-0.5777408732511413,-1.3381418993916039,1.7698365126679705,-1.3182795446523081,-0.690780804135024,-0.871666255725209,0.4930801176436292,-0.290983139371187,-1.1158586989482313,2.4979254260624173,-0.5220923162068883,-0.022365861475364138,-0.4930801176436292,0.8716662557252083,-0.5367575899491508,-1.2351161931692491,0.06352257247278678,0.9767472778902511,0.32505666803163763,-1.1276595207911904,0.02452383803125581,0.5111183656893089,0.07776919801113909,-0.3318094232724056,-1.0899443568808573,-0.24116501795220557,1.0396528665781584,0.7361343275021692,-1.9364044046542914,-0.20711139779498602,0.013711913318286572,-0.20882997275045564,1
0.8530127518051386,-0.9266061622253344,1.0038746524609323,1.0385308760612593,1,0,0,1,0,0,-0.23054406556205628,0.003418516123320173,-0.23379453409861076,-3.423548011197542e-4,0.0022732294003713666,0.0028936570158849427,0.5592502198311532,-0.7017982838029883,0.3857575987433127,-0.0027196588188263243,1.0399013347648551,-0.7129246228935183,-1.7050300858262881,1.4198517825875507,-1.0623865228145384,0.24459244903231095,0.2496598145810236,0.592097034277649,-0.8773392119444982,-0.1022098070627286,0.6410481272232185,-0.10103532757187005,-0.28155173756655244,0.251232482093542,-0.773855153730135,0.1022098070627286,0.8773392119444975,1.4407708772522676,-0.9349191994684248,0.28186519801010423,0.369483754641173,0.4616029099152932,0.3530751881102058,-0.9541866793037505,-0.7069813574043363,0.38782468222872474,0.029018475482663446,-0.6346847228976005,-1.7008796435961144,-1.553601406719449,-1.3792549834076382,-1.7460653275534903,0.36909507656128593,0.3477270420022505,-1.569712699330082,0
-0.894605088487027,0.8771374557769975,1.0038746524609323,3.2385003374973924,1,0,0,1,0,0,0.19849979257844777,-0.2407997567868442,-0.5408308881156891,0.45679087144909825,-0.7932301679613215,-0.5382095040584483,-2.7722754790827264,0.8601800604545705,-0.261501987852818,-1.560715658402844,-1.8877551573722335,-1.2178779054465363,1.1613457273091754,-0.12595398224130888,-0.49200750441989355,1.026523972648441,-0.28439090621868157,-0.4464668470041919,-0.6280087910670794,-1.0381887348318,3.7290648033472156,-1.673506445150419,1.3890395726804108,1.8264290110926042,2.018286180835282,1.0381887348318,0.6280087910670786,-0.14682239923337803,-0.4846237089171882,-0.09113678728281299,0.44700675760914055,0.3079883877961804,-1.1906695084040155,-0.22015379130249568,0.06817301183707392,-0.10826409251941274,4.025881354000352,-1.4693273852002382,0.7988816528190786,1.4675398216722642,2.276137745844509,-0.3185222492974822,-0.5363722402842841,-0.9883334727336057,1.3376276710900281,1
-1.4343105979890196,-1.4419614816545723,-0.15484123025532542,-0.8681093238500562,1,0,0,1,0,0,0.6149247137148194,-0.347209147126273,2.401600837881312,-0.6472726673932004,0.5129068050696894,0.23319789499380358,-1.4695760918749496,1.885664566549785,-0.7828052040699214,-0.028770732757418115,-1.4471214957799043,-0.15971632574854838,1.4532759434343574,-0.4120370621133978,1.6001537587398345,-1.1335916162197133,-0.25909835302245493,-1.3277374225447331,-0.03255093654881916,-0.18555039652161812,1.6317787516215723,-0.9851348870751525,-0.06902931304894873,-0.2180500878152647,0.5850516486907605,0.18555039652161812,0.03255093654881845,-0.3696425082138195,1.5417059985633763,0.11810822885711679,-0.4961897785011287,-0.5624939042121272,0.006520256239666901,1.4925896140337656,1.6738499195514247,-0.5423417704240322,1.4723300705029398,-0.9381911455531051,-0.07694712256726609,-0.10137901367278856,-0.1777138548108673,0.728342674756924,0.6160407084282594,0.5704037944582268,0.7809029193074537,0
0.3647077670176212,-1.596568077483343,-0.8790386569529866,1.7718540298733036,1,0,0,1,0,0,-0.11697363252486404,-0.07333579821987435,-0.579210432367824,0.5378018229364786,-0.6379856326310068,-0.47202498518324054,-1.0694034596455184,-0.22882922430704133,1.6272633881189071,-1.4241613434769433,-0.7810003982730729,-1.2085073846030534,0.38009318589917307,-0.676119963875815,-0.7861731401115781,1.0252265582538198,-0.6120766764941703,-0.2528142362431949,-0.663442976312604,-0.9902652685099177,0.8114604413774997,-0.47349570166192695,-1.194269746632012,1.3170253408642119,0.7685148726099627,0.9902652685099177,0.6634429763126033,-0.7317251853070371,-0.8598699510432187,-0.555114866549611,0.020630241285320403,-0.22112829950298704,-1.033144539371952,-0.46483142063624716,-0.2086678343205727,-0.4183195767369984,0.6951622885689447,-0.482931511569848,-0.14080963743918734,-0.723760039264214,-0.21156008378542468,0.8235122133073248,-0.04248097655033679,-0.48731077970765985,0.038603250264021984,0
-0.6376024649146498,-0.4370186087675581,-0.4445202009343899,1.478524768348486,1,0,0,1,0,0,4.526795184995886,-0.7333066071556756,-0.4896581624461761,0.2860892236721181,-1.7786381038708508,-0.7850598717551688,0.01040845653749976,-0.32589620164878563,-0.5491072686372295,-0.7714408895761621,-0.4399949480132846,2.115851824363235,0.09852312347713844,0.6481228306003056,-1.7241627732486,-0.3069806602281347,-0.4606243493301425,0.7876745846338604,1.7556215933338128,1.1445654112422656,0.6331234835521363,-1.2799256523479359,0.4421620730022211,0.5854196527266735,1.3410259050712385,-1.1445654112422656,-1.7556215933338135,0.35452284597261524,-1.685411683720486,-0.7370670544973751,-0.7675202888890147,-0.8867912286858101,0.6996301199807459,-1.0357458890816678,-1.648240234340335,-1.1004416420156866,0.6396503041450882,-1.1658209625447336,0.1876261533306929,0.39133929825375646,0.6176725260912207,0.6014499566897238,-1.3595243465075295,-1.0996718489615938,1.0283361423219313,0
-1.5885121721324456,-1.4419614816545723,1.7280720791585935,-0.8681093238500562,1,0,0,1,0,0,-0.5586364276695006,0.5377913561338942,2.401600837881312,-0.6472726673932004,1.6016245990715092,0.913825176940196,0.6059198029308948,-0.23675299989564286,-0.5656685118831563,1.2071710103646447,0.37173912629439604,0.08096167911426325,-0.288196649206024,0.8705924456520554,-0.5509465961206158,-1.1513717951088847,1.1759496225868555,0.6847005272439222,1.0967144819825039,-0.9772859963810728,0.027339478118820974,-0.22697528301596995,-0.3837298104602061,-0.46475863885303953,0.18519772824446498,0.9772859963810728,-1.0967144819825045,0.744458036688388,-0.5596729573423944,-0.17301527185930607,-0.7287587874050313,-0.27233314020935756,0.7626401075935709,0.10608304780917345,-0.3747723420151606,-0.046252995675895824,0.3620903820258042,0.19995793940503753,1.3827675030766426,0.9359226956462544,0.6684418695530556,1.9972698554289314,1.0276167615398821,0.5704037944582268,1.0901944480755505,1
0.7759119647334253,-0.4370186087675581,0.5693561964423357,1.478524768348486,1,0,0,1,0,0,0.1480240445619179,-0.20067818338017435,-0.4896581624461761,0.2860892236721181,-0.6626079513841449,-0.37543136304104546,-1.572594795284007,0.7327973576227347,0.430278515240006,-2.006761597550214,-2.3948239252106953,0.509552017230335,2.469639438610061,-1.4904969747256702,-0.4964882892198019,1.3421042059910862,-2.162878210956388,-1.4067382487841318,8.190784876002702e-4,0.6941558255444424,0.697444328888518,-1.503158439715055,0.7604801502361593,0.5663324427742975,1.7399822910320732,-0.6941558255444424,-8.190784876009792e-4,-1.3166279713806959,-0.10937746679115769,1.3462854975045246,1.9587053154845036,0.7346953936826055,0.006520256239666901,2.063504082479186,2.282899781098247,1.0079356506638961,0.6674062963570164,-1.3934507795363622,0.0872707728176734,0.4691369264526849,0.6853649840403343,0.6331731362065233,-1.4418395571298541,-1.378017789531564,1.0283361423219313,0
-0.4320003660567478,-1.596568077483343,1.4383931084795292,1.7718540298733036,1,0,0,1,0,0,-0.4703038686405733,0.2848510020483667,-0.579210432367824,0.5378018229364786,-0.1931512638714968,-0.19655428499994362,-0.2920508890390058,-0.7380269379630796,1.7007492294921833,-0.5661391450183819,0.3641841908295523,-1.2540554176168859,-0.3946560419588878,0.3615033426139545,-1.741470220577886,1.019700623048795,0.6329505423983446,1.4850567540460562,-0.4914206069155262,-1.2229970446133172,0.7673137509915454,-0.7316015036654421,-1.3002803855414296,1.3924403837266641,0.9764115931318201,1.2229970446133172,0.49142060691552547,0.35452284597261524,-1.6103624352952797,0.08171779126756346,0.6020527635450756,0.8541733553308051,0.038025250046078915,-0.9541866793037505,-0.8730858650989243,0.9459245538203791,0.6674062963570164,-0.7105613285614767,-0.10431677179808911,-0.7496925819971905,-0.21156008378542468,1.109020828958526,-0.12479618717266176,-0.6543183440496418,0.038603250264021984,0
1.0843151130202777,-1.1842838219399534,-0.15484123025532542,0.3052077222492148,1,0,0,1,0,0,0.6401625877230843,-0.3541868120665634,-0.08027635709007157,-0.11144308826952717,-0.44003593550722414,-0.18626885301258025,0.1730797547121849,0.18152979079170498,-0.42433772570165496,-0.16816830301394806,-1.2444005134546192,1.3396376157245216,1.8256570420981038,0.6245222179982546,-0.4128092478481427,0.5556757864235561,-0.1311590986820349,-0.8000175800545627,-0.47959406901947754,2.3027614887509538,0.3833436295473464,-0.662698577138661,1.1384844626192452,0.09712941097273309,0.836720157070798,-2.302761488750954,0.4795940690194761,0.5494904413305014,-0.40957446049198204,-0.082039177885424,0.21443774870523882,0.15437386567706757,-1.222174502210428,0.2692014673650073,0.5664865349208381,-0.10826409251941274,0.05677446769459199,-0.8623145398892288,-0.9801455471844351,-0.32180562690308556,-0.2623294272472596,-0.9529858396334858,-2.2649916633530998,-1.9347096706715041,-0.5799798072721716,0
0.2105061928741954,-0.3339475448817109,-0.15484123025532542,-1.8947617391869185,1,0,0,1,0,0,5.536310145326484,-0.7588913786034072,0.7384872536221374,-0.3903522212475083,-0.930415963307909,-0.2819680897645698,0.7709185632538109,-1.523498137765778,-1.5273204454572866,0.820779361403316,0.6046037016827865,0.2673845706448934,-0.742921558687645,-0.6817034232904537,-1.5238219185743727,0.04281360122556621,-0.747711367538658,-0.6641952328293951,-0.0741697193470499,0.43824128821613356,-1.7531310567284055,0.5645176595214015,2.130921754781642,-1.8502377577907796,-1.4344717929827835,-0.43824128821613356,0.07416971934704919,-0.4253475354589299,-1.2351161931692491,1.3371878881071357,1.1576342848155081,0.7517636739180628,0.7941451013999841,0.9216751455883455,1.0648000580046022,1.13195784435093,-1.5461340825442726,1.8123358097624063,3.230218826157215,4.307153250933144,2.8049850735719613,-0.1836987363510812,2.365238934152656,3.0059307744454653,2.3273605631479377,1
-0.9460056132015023,1.2378861793774645,0.5693561964423357,-0.4281154315628296,1,0,0,1,0,0,-0.24316300256618875,0.01969973431733113,2.017805395359964,-0.6148682867982482,1.0195309818456304,0.49033369467788745,-0.29046853141650564,-0.3618127252789995,0.5622290666698061,0.10495789047533818,0.31825615750566555,0.0327522741170562,-0.3715987766380492,-0.296806128096413,-0.7123637023210256,-0.4347395372615284,-0.36848053900857464,-0.5046473800788321,-0.47521987007162214,0.5159874767715705,0.10733837768869385,-0.21703099867805514,-1.205457277749543,-0.5071703335820056,-0.9064385366641267,-0.5159874767715705,0.4752198700716215,-0.2582324537235989,-0.6347222057676005,0.1272058382545045,-0.12149526415595328,-0.2552648599739003,0.25856020669096863,-0.05703537174666111,0.17890935030013266,0.07776919801113909,0.11228645211844858,-0.17942508891434333,0.0872707728176734,-0.5551985114998699,-0.7023304039164997,0.6014499566897238,0.2044646553166367,0.514734606344233,-0.20882997275045564,0
0.33900750466038404,0.026801178718756015,-0.15484123025532542,-0.13478617003801185,1,0,0,1,0,0,0.6527815247272168,-0.35883858869342367,0.764073616456894,-0.3903522212475083,0.037085015378306926,0.02570048446612543,0.8402474637641463,-0.09505386615296957,-1.5662282163597232,-0.6985062098560402,8.238507232751231e-5,-2.2686895934744347,-1.2089781588675879,-0.49381558267085096,-0.0965289290141939,-0.6804815589206978,-0.9277212727812716,-0.869542668580671,-1.3361733137761789,-1.7690215962405276,-1.6617992640083779,0.03376385232416026,1.4572680993956475,0.023724292201751897,-0.8490462777502336,1.7690215962405276,1.3361733137761782,-0.7038726716844818,-0.4846237089171882,-1.2465331807511142,-1.3489428111487698,-1.5695224381040902,-0.5290646384693491,-0.8726274695258333,-0.3747723420151606,-1.1004416420156866,-1.5808290728091832,-0.17942508891434333,-0.6243401071837319,0.15794641365697218,0.1607484349347019,-2.4439752769230942,1.439192814651505,0.5704037944582268,-1.6934293108373202,1
0.08200488108800677,-0.6946962684821769,-1.6032360836506476,-1.6014324776621007,1,0,0,1,0,0,-0.6722068607066928,0.9157482070662913,0.25234635976176334,-0.25899874990725574,1.2400577533839134,0.9044341303430382,0.045577869508829916,0.2763587829092091,-0.3977013758065879,-0.5741198224086047,-0.33186290648538486,-1.2869458175478918,-1.0989856646018756,-1.0092492221308054,-0.5553368191776381,0.08566628051382559,-0.8011275145942928,-0.23281046043359369,-1.0504933074560319,-0.7133741297612541,-1.071807068172641,-0.9356353369683065,0.6297574540943591,-0.018785488900138453,0.20414393000298164,0.7133741297612541,1.0504933074560312,-0.8988402670423681,-0.40957446049198204,0.427426948368315,0.4082452561251572,0.0519641842643253,0.6051151385615076,-0.6279498401920818,-0.2086678343205727,0.5738579727592754,-1.0812212129944723,-1.0140677512169813,-0.6517097564145549,-0.2569742700706454,-0.24540631275998087,-0.794369942049485,1.1099319721622063,0.793080546914203,-0.332546584257695,1
-1.1773079744166424,0.20717554051898904,0.27967722576327125,-0.13478617003801185,1,0,0,1,0,0,-0.06649788450833415,-0.11462031578325928,5.599896192225878,-0.752586904326795,1.380090290897868,0.49346404354360673,0.9568572418459076,0.5623135358499856,1.1435423401561386,0.7439735842375266,1.3270456239117707,-1.4450096247715607,-1.7081416086728145,0.685324388835242,-0.7518528178691736,1.0226285259722399,0.20154026401004127,0.869420663283721,-2.147135912362407,0.15868247298249136,-0.6457652328814025,-1.5249826229761752,-0.5356176412055857,-0.8052164392851674,-0.8764042457299146,-0.15868247298249136,2.147135912362407,0.18740776423728422,-1.009968447893631,-1.3284116653276086,-0.6899972859210471,-0.5795621844475838,-1.1591645145976028,-2.1775748259725085,-1.8697129112664523,-0.9144083514851348,-0.38732140769626244,-1.2416975682086098,1.3371514210252706,0.806259981981374,0.39767203775660004,1.1724671879921262,1.0276167615398821,1.2384340518261547,1.0283361423219313,1
-0.07219669305541997,-0.7462318004251005,-0.8790386569529866,-0.4281154315628296,1,0,0,1,0,0,3.5803749096859505,-0.7065588915512291,0.2267599969270068,-0.24337520926326098,-0.9429477211726396,-0.3553076917614215,0.1306628559669299,-2.519022288630365,1.6641411184499195,0.31695062465098783,1.4439678285811377,3.6385263688412497,0.22385355727702155,-0.20610422065440887,-2.621986603455321,0.5310398736988635,0.5305023499270487,1.0194051096387142,4.948786825267084,0.05436948222367098,-0.3876267907345265,0.8307885251397711,-1.7412927982013429,0.09785720314773579,-0.8819782184160004,-0.05436948222367098,-4.948786825267085,-0.20252742647848845,-2.435904167972547,-0.009258302706318612,0.26611975068388355,0.47867119015075044,0.06953024385249205,3.042214599814193,0.5664865349208381,-1.1004416420156866,-0.10976148557697851,1.33810702436318,1.3097817717944475,0.054216242725068246,0.09305597698558829,1.6800380602609295,1.439192814651505,1.6281183686241134,1.0283361423219313,0
-0.7147032519863632,0.026801178718756015,0.27967722576327125,1.0385308760612593,1,0,0,1,0,0,-0.6595879237025604,0.901211405107353,0.7001077093700027,-0.36026243926648127,1.4138461840069334,0.9715130346084515,6.849874865891623e-4,0.14170185024123041,0.40672313001101723,0.830363461167056,0.6246221289698286,-1.0096999011975243,-1.1923371507882274,0.312999312905324,-0.9446033334093945,0.877712597495317,0.9381827859468446,1.1073680054555952,-0.7858772647355261,-0.5976867361744845,0.3117927337220444,-1.1407731195640418,0.32601237017200724,-0.19148147462658383,0.26908996650162104,0.5976867361744845,0.7858772647355247,0.5216379277079463,-0.7097714541928067,0.8186241524560076,1.1963957862994923,1.5881094054554559,0.038025250046078915,-1.2804235184154193,-1.149926711256571,1.3179911348814817,0.3620903820258042,-1.0140677512169813,0.2879815338437111,0.4172718409867329,0.31305646532020776,0.31594134103852145,0.4514102871836102,0.18071947766026855,0.2860364732784985,1
-0.6890029896291251,-0.23087648099586283,-1.168717627632051,0.3052077222492148,1,0,0,1,0,0,0.4130217216486998,-0.28906193929051954,0.08603500133584588,-0.17335860119202504,-0.20289467442323905,-0.088333652785077,0.5404616264845299,-1.7033124500606556,0.6173105923882614,0.5775565310107923,0.7383822973126442,0.30026246455587535,-0.33759005537146286,-0.7773180010423295,-0.5855432797680457,0.4266109769825248,-0.5028881132616767,-0.5410025443690595,0.1590389773671787,0.25178926816265196,-1.5282120357043314,1.751265389125192,-0.41518137016035495,-1.2788968572776889,-1.4881168364671014,-0.25178926816265196,-0.15903897736717942,-0.6667359868544083,-0.43459087663371765,0.4456221671630917,0.6106664305415159,0.36488265524770414,-0.24551969421163483,1.9547584694419635,2.0429710477616196,0.7598912632898273,-1.4142931195376127,1.793366658346437,0.29710475025398503,0.028283699992091807,-0.48232991558187904,0.030432725387320277,1.6038232358961542,1.9621334973080773,-0.023255055489598248,1
1.2385166871637046,-1.1842838219399534,-0.4445202009343899,0.3052077222492148,1,0,0,1,0,0,2.0030077841693914,-0.6205010239543141,-0.08027635709007157,-0.11144308826952717,-0.8705007916544538,-0.39108310736964186,-0.5474006763113848,0.46071016068855786,-1.5823138763671005,-0.2368394761120253,-1.028743371914526,1.567817653747039,1.774771674552876,-0.07146711350327098,-0.27351697233306554,-1.3265486778678075,-0.19674790907519962,-0.5602588503288042,-0.22109974072011698,2.3576003181784477,0.689764867879753,-0.9063424525215155,0.8300225874321148,0.12486299389034909,0.7904330453790721,-2.3576003181784486,0.22109974072011698,0.04814519612450831,-0.10937746679115769,0.5093054329448095,-0.3023822710812103,-0.3576745413866426,1.2037100208833493,0.5954383064766764,0.7879592118469556,0.3258135853852078,0.1400424443303771,-1.1658209625447336,-1.4727992333392537,-0.9052878383950472,-0.8038690908401701,-1.1116017372174867,-2.347306873975424,-2.046048046899492,-1.136704559054746,0
0.08200488108800677,-0.7462318004251005,-1.6032360836506476,-0.4281154315628296,1,0,0,1,0,0,-0.6722068607066928,0.9157482070662913,0.2267599969270068,-0.24337520926326098,1.2247482922671598,0.8923599275752638,-0.6821254496431541,-1.0709392309223145,1.315224957607389,-0.8673838805677847,0.45947352729340585,-0.3112332320536617,-0.7147734949310608,-1.0536204992611622,-0.4633199214420491,0.04146262396213853,-0.870378768855505,-0.0667338580886028,-0.2763926451691775,-0.15036214763897582,-0.10425314592674605,1.0057539773828186,-1.756290638904458,0.3087269755641293,-0.6624907123727367,0.15036214763897582,0.2763926451691768,-0.9823978079100336,-0.40957446049198204,0.09081540066495114,0.09815324425328795,-0.2552648599739003,0.6051151385615076,-0.30171300108041293,-0.2086678343205727,0.139780294854656,0.1400424443303771,1.413983630027056,1.0543317123067637,-0.1402778277722523,-0.008482709938082702,1.5848685217105287,1.1099319721622063,1.127095675598167,0.7809029193074537,1
-0.6890029896291251,-0.7204640344536393,-1.168717627632051,0.3052077222492148,1,0,0,1,0,0,0.4130217216486998,-0.28906193929051954,-0.68155588370685,0.899457856362284,-1.2989312521744205,-0.917428909505584,-1.0908476235010887,0.1759460767927603,-0.5492083150475559,-1.1049466204672949,-1.1289983950908007,1.4916095885945548,2.7273060934757365,-0.9258935364099352,-0.49129098308135316,-0.026661885277993243,-0.18663499737202452,-0.08912325179120624,1.0872846843245239,0.9560218637408522,0.5917082625436386,-0.7336560339344657,0.7239935418155057,1.307647530444648,1.3807416984631005,-0.9560218637408522,-1.0872846843245245,-0.8292089829859801,-0.3720498362793791,0.3319020496957391,0.26611975068388355,0.17997628603025284,0.30581769740058723,2.6344185509246065,2.0891111887878946,0.2948080369634488,0.6118943119331598,-0.6346847228976005,0.22411901897178985,0.5728670973845897,1.1084428462222957,-0.1916295312302808,-1.6064699783745033,-1.4893561657595522,0.8427612250610729,0
-1.1773079744166424,-0.7204640344536393,0.27967722576327125,0.3052077222492148,1,0,0,1,0,0,-0.06649788450833415,-0.11462031578325928,-0.68155588370685,0.899457856362284,-0.9801631810281827,-0.7832711009747577,0.035291341412180675,0.07524820475668838,-0.3038666446456214,-0.8376944146670221,-0.4696919109702712,-0.3041968432159631,0.21430937653829704,0.7410354288499857,-0.620238781157983,0.2221490032713115,0.3241527991338005,0.8448208000762312,-1.118227115406131,0.6941558255444424,0.6913603998326433,-0.7246221177643206,0.6386342071428841,1.4530954774843294,1.435425568123888,-0.6941558255444424,1.1182271154061303,0.29881781872750485,-0.8598699510432187,-1.1282642585850677,-0.8579637923516437,-0.6990401460957827,-0.49755964466293656,-1.7697787770829225,-1.648240234340335,-0.9764194483286528,0.6951622885689447,-0.6346847228976005,0.1876261533306929,0.4950694691856613,1.0915197317350172,-0.1916295312302808,-1.4418395571298541,-1.378017789531564,0.8427612250610729,0
-0.9974061379159777,-0.8235350983394863,-0.15484123025532542,-0.4281154315628296,0,1,0,1,0,0,-0.8236341047562825,7.474753250939277,-0.38731271110714993,0.12175272208343214,2.3656848029605952,5.654514937724498,-0.3805588541873953,0.28106242785113544,0.8223477901289946,-0.05631774212241243,0.2538083551101461,1.2238501390286978,0.3004708553459224,-1.0125122367458834,-1.2869246904528915,1.4721433879678307,-0.060614654420607574,0.9094816554697465,1.1169885469471594,0.5613699807042828,-0.4825139463114737,-1.6749799065871185,0.3551851540201803,0.015977182561689448,0.5579685281731853,-0.5613699807042828,-1.1169885469471603,-0.9266927806649233,-1.1600669447440433,0.22727954162577424,0.9767472778902511,0.9053781960371756,-0.2770246880180474,0.5138790966987595,0.012804842605544792,0.5738579727592754,-0.6648813298155464,-1.6969572021918669,-1.0987473605180025,-0.7756251247301669,-0.7192535184037778,-0.6040308649486834,-1.0302635040182315,-0.9326642846196119,-0.7036964187794109,1
1.1871161624492292,-0.10203765113855341,-1.8929150543297122,-0.13478617003801185,1,0,0,1,0,0,0.1858808555743153,-0.21637792949582776,-0.4768649810287978,0.28435327471167426,-0.6651349301397209,-0.38616398772351157,-0.6181746690126272,-0.2542801159956477,-0.8107388951612419,-0.1263759920627056,-0.847000498920736,-0.9231657870419095,0.11285908940089168,-0.8653363595340473,-0.7327269797027894,-0.7790798675288902,-1.4192759883164752,-1.5789040262273137,-0.9813771768947055,-0.28577009270635834,-0.005046969197115016,-0.38502236386968497,0.3254070969086453,-1.2366039628140746,-0.4403503416143406,0.28577009270635834,0.9813771768947048,-0.7874302125521474,-0.6347222057676005,0.20908432283099887,-0.23777976860790415,-0.767313267037611,0.3215701943037938,0.18764225758709038,0.7879592118469556,-0.23228628620644656,-0.05424950115312168,-0.4070549059059717,-0.15905607025973648,0.028283699992091807,-0.4654068010946016,0.09387908442092041,0.6160407084282594,0.514734606344233,-0.45626319576493324,0
-0.8175043014153137,-0.6946962684821769,0.27967722576327125,0.3052077222492148,1,0,0,1,0,0,1.3972988079710327,-0.5437467096111195,-0.6943490651242283,1.0180810353259482,-1.730193536835218,-1.2049738124566554,-1.1104881510117768,0.1328595024878004,-2.0119786968019877,-1.2465149228427512,-4.32499613274205,-2.895263266164755,2.5492157485322733,-0.6111702342789297,-0.11485590778372262,-2.5498204610866173,0.0059676044740112014,-4.1075907149969595,-3.2622094854184702,-0.7133741297612556,0.9334867093684479,-0.29741396374286755,0.18811862056943549,1.6898786167672766,1.61244393789009,0.7133741297612556,3.262209485418469,-1.038102835155144,-0.9349191994684248,-2.6475650279488985,-3.0932103779280355,-2.934984856940651,-2.9234441677567133,-1.4435419379712537,0.012804842605544792,-2.650719063103615,0.8894542340524437,-0.2553016945782196,0.0872707728176734,0.1709126850234604,0.854596128913119,0.1890486229713212,-0.8656330827735822,-1.211010225189582,0.5953280020465953,0
0.15910566815972013,0.20717554051898904,-0.15484123025532542,0.3052077222492148,1,0,0,0,1,0,-0.20530619155379135,-0.0215847832460538,-0.4896581624461761,0.317914954613589,-0.36988143300485526,-0.26229161118004857,-0.7289183781074375,1.1958741695601374,-0.5541565932588501,-1.9695214491146746,-2.627629919242956,-1.3650113028321207,2.3060911262222636,-0.7223127418509793,1.3193078376216414,0.8107618725848313,-1.8650290991732026,-2.091455259191565,-0.9766744298668201,-0.8930588049066626,0.2918523676930409,-0.31972119806707405,1.5722881197114515,0.8113654854651235,1.3741485938616447,0.8930588049066626,0.9766744298668193,-0.6760201580619267,1.2415090048625523,0.04532735367801011,0.459927258103802,-0.3576745413866426,-1.2536794960168407,0.758556726032511,1.5077454118568363,-0.17027518936292965,0.3065783976019474,-0.2553016945782196,0.16025650409986858,0.9618552383792308,1.2776739910950803,-0.667477223982284,-0.8656330827735822,-1.266679413303576,0.47161139053935697,1
0.8787130141623758,0.5679242641194551,3.176466932553916,0.5985369837740325,1,0,0,0,1,0,-0.5207796166571032,0.4563852651638393,-0.20820817126385424,-0.029274837475184185,0.4580185965534985,0.37361640125606854,2.1235604445436214,-0.9024036915471081,0.3322658563379542,1.2706545389324997,1.092101940387853,0.7207704641421578,-0.5098492992880924,3.6493655339778917,-1.4071027006384553,1.2291920772214007,1.9255111867835832,1.888114464585477,1.0008734476041308,-0.009609152108407288,0.6935405510575031,-0.17102720944096234,0.7810009381894268,0.19273162580588168,0.4235902737557953,0.009609152108406583,-1.0008734476041314,3.7525295079243475,-1.2351161931692491,0.49111021415003275,1.093031782342202,1.9465432904000532,-0.5920746260821743,-0.38327221085833024,-0.8177176958673952,1.13195784435093,1.1115021717478706,0.27583454506891375,1.4283835851280149,1.6879664349025603,1.6838287387897632,0.47455723862252236,0.12214944469431245,0.1250502895462747,1.5232025883508855,0
-0.25209852955608386,-1.0554449920826439,-0.15484123025532542,1.0385308760612593,1,0,0,1,0,0,1.1070632568759857,-0.49839188749923186,-0.7071422465416066,1.0354405249303869,-1.6912535317499722,-1.183508563091723,0.4462883553775146,0.06453156664111079,-1.524985810292823,0.8501675931224959,0.45687987824863213,0.6797789886568977,0.3026025424236408,1.5867357292449216,-0.5060960481910739,-1.9042044074729063,1.8895619158753825,0.9668939054178672,0.03622492998512883,0.8912100192872406,0.9648728227091558,-0.5955675114533876,0.1711649012600625,0.725135680382991,0.35001749015597167,-0.8912100192872399,-0.036224929985129536,1.3293608227620468,-0.5596729573423944,-0.32767463161490584,-1.2197378062021575,-0.5454256239766699,1.1722050270769362,-0.22015379130249568,-0.26403600355210183,0.7598912632898273,0.6674062963570164,-0.7105613285614767,-0.5969704579529088,-0.4255357978349895,-0.1269445113490324,-0.7626467625326843,-1.277209135885205,-1.0996718489615938,-0.332546584257695,0
0.08200488108800677,0.3102466044048362,-1.6032360836506476,-0.4281154315628296,1,0,0,0,1,0,-0.6595879237025604,0.9157482070662913,-0.4512786181940413,0.2149153162939196,0.5328836449143904,0.5381833130538822,-0.8629471091008776,0.6400522073410793,-0.09920196106695661,-0.3185658741059021,0.2609819303501132,0.5773601829725328,-0.5064449334390029,-0.9954282423359657,0.0169441871990132,-0.1969225670439459,-0.2621446213050537,0.414569281208992,0.4025854781078499,0.38817105265189955,0.20532879069766624,-0.8615174265428346,-0.0622757846752987,0.17042382463973602,0.0654569224403056,-0.38817105265189955,-0.40258547810785056,-0.8988402670423681,0.11577027848446049,0.3182556355996563,0.1627557467265941,0.0519641842643253,1.0146800580448727,-0.38327221085833024,-0.5962450189412776,0.2638024885416898,0.11228645211844858,-0.8623145398892288,-0.25028823436248077,-0.24400799870415715,-0.1607907403235886,-0.1916295312302808,-0.20711139779498602,-0.04195727479570725,-0.023255055489598248,1
-0.4320003660567478,1.5986349029779314,1.4383931084795292,-0.8681093238500562,1,0,0,1,0,0,-0.48292280564470574,0.34590557027590785,-0.46407179961141953,0.23921860174013374,0.05570124632004049,0.081152378658867,1.028682446237859,-0.8098287478431809,-0.13719476576892106,1.7241951561713758,1.850851713254666,0.21342878692141576,-1.1398335481051927,0.4233334010396385,-1.6602645754413665,1.0604073916037398,0.5648425261744088,1.4422590244093318,-0.6247379431982625,0.9106988955914741,-1.0074182360674666,-0.551701233613574,1.2531570041207416,-1.7691882401545698,-0.9981126500852788,-0.9106988955914734,0.6247379431982617,0.4102278732177254,-1.535313186870074,0.07262018187017576,0.6149732640397371,0.8371050750953478,0.006520256239666901,-0.9541866793037505,-0.8177176958673952,1.0079356506638961,-1.1089772052064004,-0.8623145398892288,-1.3268277707748632,-0.5940973255993336,-1.1931007240475748,-1.4922798914190887,-0.6186874509066087,-0.26463402725168356,-1.136704559054746,1
-0.3034990542705592,-0.6173929705677911,-1.168717627632051,-0.4281154315628296,1,0,0,1,0,0,-0.356733435603381,0.11331673893289414,-0.7583149722111197,1.6025171853420495,-1.03699098643529,-1.1513106890443248,-0.12454578972351153,-0.4286598176742905,2.0241423580602014,-0.2831368987468494,0.9569282046974165,0.3043605811316763,-1.192872825760545,-0.8408428571685602,-0.6972526841924149,1.4845739330434231,-0.34828278741903046,0.6676972337461521,1.4653338449762416,-1.0381887348318,-0.6669763231424262,-0.11014338026754722,-1.2752167816943536,0.03714843360235091,-0.5921771405572367,1.0381887348318,-1.4653338449762423,-0.6481676444393714,-0.40957446049198204,1.0096739498011607,1.726136306580602,1.4686314438072563,0.2270552128845555,1.0847935651441794,0.40038202722625016,0.8219023601333442,-0.47058938433204756,0.19995793940503753,0.9722227646142934,0.08014878545804377,0.09305597698558829,1.2993599060593275,2.4269753421193996,1.9064643091940836,0.47161139053935697,0
-1.4343105979890196,1.3667250092347738,-0.15484123025532542,0.3052077222492148,1,0,0,1,0,0,0.5770679027024219,-0.33557970555912225,-0.15703544559434116,-0.053578122921398304,-0.47944410266699555,-0.21667795627956757,-0.33796155507301695,0.6180835816323272,-0.15013894994056268,-0.019934689376139094,-0.29396043061806293,-0.029674581273363382,0.6222121437922494,-0.36143814245140476,1.3658560489464455,-1.1451466147351241,0.2057609096406744,-0.8565139513716947,0.3041828515459622,-0.3421574382520592,0.10879903598374306,0.5199454929062653,-0.9455169360369357,0.23095947507348172,-0.4540562098015895,0.3421574382520592,-0.3041828515459622,-0.23037994010104354,1.5417059985633763,0.5638910893291381,-0.1602567656399366,-0.06751377738387422,0.4790951633358572,1.6557080335896,1.6184817503198954,0.015758101167622184,0.3065783976019474,0.8069707847160468,0.826251302049903,0.15794641365697218,0.24536400737109418,0.8552353928241243,1.2745623934068555,1.1827648637121608,0.6571863078002155,0
-0.9974061379159777,0.1298722426046032,-0.15484123025532542,-0.13478617003801185,1,0,0,1,0,0,-0.5081606796529707,0.4156822196788119,-0.438485436776663,0.1992917756499248,0.14564055445051116,0.16567179803328763,0.22717670535120038,0.47018497245672297,-0.21015269800270292,0.8006581045752499,0.3810296477257139,-0.4449916331969642,-0.2540389345636497,-0.13331380256591624,0.279603065051506,-0.41961530609776054,0.9379033332175715,0.7479815749885721,0.3506288912831737,-0.9546649792422314,-0.44910031962025826,-0.3652434178907567,-0.1343871367556454,-0.15162855484355672,0.23490122183760878,0.9546649792422314,-0.3506288912831744,0.02029268250195297,0.491016520610491,0.6548671833030202,0.31780175266252825,0.700558833211691,0.9201650766256344,0.4323198869208419,0.2896456887631914,0.9459245538203791,-0.47058938433204756,-0.4070549059059717,-0.22291858513165644,-0.2569742700706454,-0.29617565622181696,0.28421816152172197,0.4514102871836102,0.013711913318286572,-0.332546584257695,0
-1.2287084991311177,0.8513696898055362,0.5693561964423357,1.0385308760612593,1,0,0,1,0,0,-0.785777293743885,3.462595910272291,-0.24658771551598904,0.008337390001099575,1.6244573095884214,2.656535109755631,-1.2878393769771057,0.05116868419573469,0.002969658474889256,0.23337208089953815,0.21792753240454033,1.301753170905154,0.27312615432617926,-0.20532468184823255,-0.9718685573498964,0.26856435099693543,0.7450719547596355,0.7327419840608139,0.9041108648182726,0.87874991804355,1.5856140003372323,-1.0438272107732696,0.2658216498853258,0.4235299708891128,0.43206346544334373,-0.87874991804355,-0.9041108648182734,-0.3139374809687093,-1.009968447893631,-0.50962681956267,-0.3023822710812103,7.593435579547688e-4,-0.4660546508565234,-0.13859458152457876,-0.5408768497097485,-0.29429738304996345,1.7221340004102954,-0.8623145398892288,0.5799244589724931,0.6376984542170299,0.7869036709640054,0.2524949820049213,-0.7833178721512579,-0.48731077970765985,0.7190446135538346,1
-2.256718993420627,-1.0039094601397194,0.27967722576327125,-0.13478617003801185,1,0,0,0,1,0,5.1955988462149065,-0.7519137136631168,-0.8478672421327675,7.441092188968252,-4.0726137919393075,-6.328907712944018,0.8457898504743369,-0.587139741593321,-0.6391580285800771,0.38354617744547087,-0.2793538327972298,2.3465545861257207,1.261151804589567,0.40193604816322753,-1.9706242168347585,0.643809556553366,0.6329505423983446,0.6443721483563493,3.671520732493776,-0.440948977121442,-0.7744816124356619,-1.168260358936945,1.5207169525688644,0.10947678166591653,0.9922776502678001,0.440948977121442,-3.671520732493777,0.911573118423719,-1.685411683720486,1.8102635767713227,1.9457848149898431,2.185499213696451,0.6996301199807459,3.857806697593365,1.6738499195514247,1.3800022317249987,-0.6648813298155464,-1.0140677512169813,0.4339529964081015,1.1952481229760152,1.1761353041714093,-0.2233527107470814,-0.20711139779498602,-0.4316415915936655,0.9664778365683122,0
0.5703098658755232,-1.0554449920826439,0.5693561964423357,1.0385308760612593,0,1,0,1,0,0,-0.19268725454965888,-0.03205128065648941,-0.7071422465416066,1.0354405249303869,-0.963773691519117,-0.8248600216193139,-0.2026992820482086,0.43102724135051346,0.48345486702823753,-0.2498437827082616,0.08987874914750682,0.5110497386204176,0.4184721288299684,0.3978559088798353,0.20520332996158783,0.7353397320728297,0.22833192364807378,0.3724938878698444,0.0915777400728132,0.6061852033378352,0.679391222295208,-0.38603022442078744,0.07804651577825956,0.5639328587887354,0.24682100566222315,-0.6061852033378352,-0.09157774007281391,0.6887530094432773,0.5660657690356972,1.0824548249802661,1.3514417922354265,1.4003583228654286,0.19555021907814235,0.10608304780917345,0.06817301183707392,1.13195784435093,0.3898463742377325,-0.5588081172337243,-0.6973258384659271,-0.5551985114998699,-0.3130987707090945,-0.7309235830158842,-1.277209135885205,-1.211010225189582,-0.6418381130257917,0
0.08200488108800677,0.026801178718756015,-1.6032360836506476,-0.4281154315628296,1,0,0,1,0,0,-0.6595879237025604,0.9157482070662913,-0.06748317567269331,-0.12764527856700325,0.9682671577500781,0.802921388554713,-0.16483812356137406,0.8444404155549541,-1.0302042775546274,0.6265552160174205,0.5306190923645651,0.6312820317447577,-0.41334345198099726,-1.0895815343210595,0.28611617317385646,-0.3931234429279709,-0.3225682021685688,0.2721476888739075,0.23272740579640636,0.6301771912123648,-0.859485607529065,-0.8723960700508007,1.013272612002465,-1.166288782448181,-0.4241315587201908,-0.6301771912123648,-0.23272740579640636,-0.9545452942874786,0.491016520610491,0.6366719645082435,0.31780175266252825,0.17144214591252482,1.3612349899154128,-0.13859458152457876,-0.26403600355210183,0.6358690696027934,-0.8869292675109735,-0.9381911455531051,-0.5513543759015367,0.015317428625603584,-0.44848368660732285,-0.7626467625326843,-0.4540570296619595,-0.2089648391376897,-0.45626319576493324,0
-0.6119022025574117,-0.4370186087675581,-0.4445202009343899,1.478524768348486,1,0,0,1,0,0,-0.7353015457273552,1.607699980311757,-0.5024513438635544,0.34684743728765344,0.8133652694943978,0.9683826857427322,-0.7963395523547249,1.0885133300569203,-1.6390594708973134,-0.296694944038163,-1.522264891639302,1.3825203255907181,2.0667919228557694,-0.6062256985642086,-0.12963534918371572,-1.3211860076833473,0.38013484162240413,-0.48170392526678485,1.2285943220438544,0.6670879417885637,0.5015959575374819,-1.6238845532840938,0.9129846825050274,0.7777509300768862,1.5087287865614156,-0.6670879417885637,-1.228594322043855,-0.3974950218363748,0.19081952690966666,1.0187715591985484,0.08523274375862654,0.2397152668543526,1.2667200084961745,2.471300131368772,1.839954427246013,0.5118468759157585,0.3898463742377325,-1.5452039908641146,-0.21379536872138252,0.2746428559553643,0.5838262971166633,-0.12818317219668063,-1.1125787146405561,-0.9883334727336057,0.7190446135538346,0
1.3670179989498932,0.1298722426046032,0.27967722576327125,-0.13478617003801185,1,0,0,1,0,0,-0.14221150653312897,-0.05647310794750585,-0.438485436776663,0.1992917756499248,-0.34756481593456856,-0.19744867039014913,0.09449927131482515,0.625983522192468,-0.6517073606762631,0.47531097523816124,-0.21550928318849213,0.2036198178666634,0.5107407684289875,0.007692589905507741,0.4172425749678554,-1.0969746227186843,0.3665852419729754,-0.4329877635300012,0.7781220325379118,-0.49401881205127574,-0.12371719193602596,-0.441197577309504,-0.21144790963268761,-0.2786148122684255,-0.14255565393695105,0.49401881205127574,-0.7781220325379125,0.27096530510494976,0.7912135143113154,1.0824548249802661,0.26611975068388355,0.4103980692089227,1.140700033270523,1.9003856629233515,1.5631135810883663,0.8839134569768611,-0.05424950115312168,-0.3311783002420958,0.3062279666642602,0.14498014229048395,0.025363519036474696,0.47455723862252236,0.6160407084282594,0.4033962301162448,0.10046155601764112,1
-1.2287084991311177,-0.41125084279609675,0.5693561964423357,0.5985369837740325,1,0,0,1,0,0,-0.785777293743885,3.462595910272291,-0.4001058925245282,0.13274706549957663,1.4350827726849007,2.560388680308539,0.5611694596669408,-0.8397727290863287,0.1269037251363668,0.8176023623166668,1.0128407760767484,1.9397905267558093,-0.14697992567962556,-0.22765893824687833,-1.1099887742718475,0.07545193023725401,0.6329505423983469,0.8008825802666676,1.0520428134163116,1.6022396676771504,-1.007793922718994,0.04065203810151185,-0.09765973022934259,-0.4769051211251408,-0.5348366532695137,-1.602239667677151,-1.0520428134163122,-0.3696425082138195,-1.1600669447440433,-0.6733837887156574,-0.5349512799851129,-0.27233314020935756,-0.2770246880180474,-0.13859458152457876,-0.5962450189412776,-0.4803306735805153,-0.9979532363586869,-0.1035484832504671,-0.41450612974742024,-0.39960325510201306,-0.5500223735309933,-0.3819686083310823,-1.0302635040182315,-0.4316415915936655,-0.5181215015185524,1
-0.9974061379159777,-0.6946962684821769,-0.15484123025532542,0.3052077222492148,0,1,0,1,0,0,-0.8236341047562825,7.474753250939277,-0.6943490651242283,1.0180810353259482,1.677147595670538,4.961813453010331,-1.3242173915641147,-0.7378102370258625,0.9651961481769838,-1.0809741425462838,-0.35900539772814616,-0.4331973052404402,0.47015683807915554,-0.7686345549151676,-1.2453886696814394,1.462813346839333,0.22315777251315885,1.3124943631208597,0.6912331826893902,-1.276386111883534,1.0733459272688233,-0.23493532500339595,0.15053087157185296,1.6816057551755905,1.7481198889703669,1.276386111883534,-0.6912331826893908,-0.5924626171942612,-1.009968447893631,0.8732098088403377,1.584010801139329,1.6222459659263704,0.3215701943037938,-0.05703537174666111,-0.3747723420151606,1.5660355222555504,1.1392581639597994,-0.1035484832504671,0.39746013076700454,0.4172718409867329,1.1084428462222957,0.6014499566897238,-0.8656330827735822,-1.378017789531564,0.6571863078002155,1
-0.4320003660567478,0.026801178718756015,1.4383931084795292,-0.4281154315628296,1,0,0,1,0,0,-0.48292280564470574,0.34590557027590785,-0.06748317567269331,-0.12764527856700325,0.5119842020350607,0.36467254735401344,0.9313896561222696,-0.7680798905565005,0.1801935644985643,1.272910054916643,1.139522534650785,0.38115448359979415,-0.44845270880634025,0.44987768474307943,-1.6058612803272438,0.8046289303632649,0.8651664453332841,1.4290962894119967,-0.4291756706205317,0.9455004604204603,-0.8456075075279056,-0.5545028236810352,0.5622438377071741,-0.8617351255229111,-0.08620072867377893,-0.9455004604204603,0.42917567062053097,0.49378541408539117,-1.4602639384448675,0.2636699792153276,0.6537347655237203,1.0077878774499178,0.1325402314653172,-0.7910682597479163,-0.7069813574043363,1.069946747507413,-0.9424412519348303,-0.7864379342253526,-1.0257616292358074,-0.62002986833231,-0.8884846632765624,-0.667477223982284,-1.0302635040182315,-0.7656567202776299,-0.6418381130257917,1
-1.2287084991311177,1.3667250092347738,0.5693561964423357,0.3052077222492148,1,0,0,1,0,0,-0.785777293743885,3.462595910272291,-0.15703544559434116,-0.053578122921398304,1.7140700103405955,2.704384728131626,-0.17277372703909136,-1.0423291921844908,1.1583744406442704,0.151019867786723,1.087076657103713,0.2896158936468437,-1.021173964764637,-0.10111351876620658,-0.9376185163632751,0.34085756715795634,0.8131180532961405,1.1633893524234182,1.2643654038056176,-0.8589806768618448,0.1392146366597562,0.49134388095560577,-1.241007683318906,0.6022558443853312,-0.2774296275855144,0.8589806768618448,-1.2643654038056185,-0.3417899945912644,-1.0850176963188372,-1.0099953364190213,-0.7029177864157086,-0.3747428216220998,-0.5605696322757617,-0.46483142063624716,-0.983822203561983,-0.790386157798101,0.3065783976019474,0.7310941790521709,0.7076494887163344,-0.10137901367278856,0.1438253204474232,0.9821281108913258,1.3568776040291806,0.9600881112561845,0.47161139053935697,1
-1.0488066626304537,-1.0039094601397194,1.0038746524609323,-0.13478617003801185,1,0,0,0,1,0,-0.6848257977108253,1.0378573435213736,-0.8478672421327675,7.441092188968252,-1.6470572623246933,-4.952448597417739,1.0222826363657036,0.63435371379930094,-0.8202377448938906,0.33687363464817954,-0.6240720716608703,-0.7240347105319914,-0.12503927194967976,0.6359818330412452,-0.5294208259656409,0.4253737929139355,0.6551839799133901,0.554610661695907,-0.27639264516917894,-0.7133741297612556,-0.7860433369556296,-1.4010325414769735,1.548752114383364,0.19457467197386571,1.3527936226307398,0.7133741297612556,0.27639264516917894,0.4102278732177254,-0.6347222057676005,-0.5369196477548344,-0.25070026910256554,0.017827623793410803,-0.7180946013078251,-1.3619827281933365,-1.4267675574142176,-0.4183195767369984,-0.5261013687559044,-1.0899443568808573,1.4375068015382888,2.167718475462618,2.140752829946282,0.728342674756924,-0.04248097655033679,-0.3759724034796717,2.141785645887079,0
-1.2287084991311177,-0.4370186087675581,0.5693561964423357,1.478524768348486,1,0,0,1,0,0,-0.785777293743885,3.462595910272291,-0.5024513438635544,0.34684743728765344,1.269648225209414,2.3949273831205193,-0.3861006065158696,0.3461063343480699,-0.6016714774855179,-0.15328548216630886,-0.10379171339417645,0.442238829159638,0.05529622983293316,0.06204637641089648,-1.1557474104004826,-0.06046839082102155,0.8030621922227772,1.344626915421387,1.0387885820834852,-0.42709685071602743,0.5988783003308022,-1.632844190026755,0.7617401646107674,1.0033815203226575,1.4477007832273976,0.42709685071602743,-1.038788582083486,-0.17467491285593337,-1.2351161931692491,-0.8735311954581982,-0.7675202888890147,-0.4430159425639276,0.038025250046078915,-0.709509049969999,-1.149926711256571,-0.6043528672675491,0.6951622885689447,-1.4693273852002382,0.4613226456389258,0.806259981981374,1.209981533145967,0.2524949820049213,-0.37174181903963527,-0.5986491559356475,1.0901944480755505,1
-0.9974061379159777,-1.235819353882877,-0.15484123025532542,0.5985369837740325,0,1,0,1,0,0,-0.8236341047562825,7.474753250939277,-0.8094876978806327,3.44840957994736,0.9012659350619028,3.0836041335787616,-0.6974155968175035,-0.2910564642865398,1.2833672530802485,-0.4423568016995913,0.028933230045259772,-0.3060397069591699,-0.1041942933551048,-0.7676237540563194,-1.4647505600126418,1.517935353747545,0.3932781655159523,1.555957707652001,1.0967144819825039,-1.5051097296207103,0.20277275393445865,-1.0678708247571878,-0.2290273866293468,0.9875633974447986,1.4814752428360076,1.5051097296207103,-1.0967144819825045,-0.5089050763265954,-1.1600669447440433,1.409968763286241,2.126671821915101,2.2367040544028214,0.7311351137871589,0.10608304780917345,-0.3747723420151606,2.1241353938472036,-0.05424950115312168,-1.1658209625447336,-0.8524205174405927,-0.8274902101961188,-0.4315605721200442,0.2207718024881207,-0.6186874509066087,-1.211010225189582,-0.6418381130257917,0
0.31330724230314594,0.0010334127472937634,0.27967722576327125,-0.4281154315628296,1,0,0,1,0,0,7.517483254975281,-0.7833132058944237,-0.054689994255315046,-0.14731936678536706,-1.5596539727970609,-0.48857111490204247,-0.3093178294027257,2.6402289641104013,0.0022139967475331692,1.338808244318567,0.69311485656373,-0.1066623896020118,-0.9913753898397072,0.4403885897926046,3.050680391020262,-0.5768989503413097,1.2399385802521998,0.23316089476131593,-0.4291756706205317,0.28017642692511974,0.8701450613956222,-0.5676924655433605,-0.5827544168935465,-0.5791416943341882,-0.6734470268531368,-0.28017642692511974,0.42917567062053097,0.27096530510494976,2.5173462280910557,-0.43684594438356456,-0.6512357844370638,-0.1699234587966153,-0.43454965705011084,-0.7910682597479163,-0.7069813574043363,-0.10826409251941274,0.9727222106882286,-0.4070549059059717,0.48869229486974886,0.09311505682453199,-0.14386762583630988,0.6331731362065233,0.6160407084282594,0.848749735028197,0.34789477903211874,1
-0.7404035143436003,-1.3388904177687242,-0.4445202009343899,1.7718540298733036,1,0,0,1,0,0,0.19849979257844777,-0.22102970612268805,-0.42569225535928473,0.18482553431289261,-0.5908200138511871,-0.3128243857266598,-0.4391477775350565,0.8517994307493529,-1.2238249797569778,-0.07998322807296983,-0.42043696118234253,0.21121330272632002,0.3688367412294434,0.03560460585870984,1.4246833732239201,-1.6629600328959375,0.5093517553523301,-0.4979767909329307,0.12009793795335687,0.16895808102739213,0.6462213773624366,0.25809507735559517,0.0018952879010787856,0.6131166626144873,0.060411227814661926,-0.16895808102739213,-0.12009793795335758,0.2152602778598393,1.6918044954137887,0.74584327727690225,-0.3153027715758717,-0.10165033785478751,1.2982250023025865,0.6769975162545934,0.6772228733838963,0.5738579727592754,0.5563823275093027,0.19995793940503753,-0.10431677179808911,-0.08841274230630035,0.1607484349347019,-0.4771381468814831,-0.20711139779498602,-0.15329565102369538,-0.08511336124321738,0
0.2619067175886707,0.3617821363477598,-0.15484123025532542,-0.8681093238500562,0,1,0,1,0,0,-0.07911682151246661,-0.1134573716265442,-0.13144908275958464,-0.07035896287235567,-0.04506518039393237,-0.03288175859233543,-0.3921408892286543,-0.24033599864946978,0.6743439911267569,0.1196834344908146,0.54274608943995,0.7093782155477893,-0.42934178733442074,-1.2329813588928256,-0.8823129972941683,1.53312866234751,-0.5518685162566842,0.4149631733729383,0.4783555005605047,0.4930801176436292,-0.6866989937894069,-0.5540130911835285,0.6187956247669931,-0.7089079725563953,-0.30046572501483576,-0.4930801176436292,-0.4783555005605054,-1.17736540326792,-0.8598699510432187,-0.17301527185930607,0.6278937645343975,0.3591932285025509,-0.655084613695,-0.30171300108041293,-0.5408768497097485,-0.35630847989348147,-0.7203933142394032,-0.6346847228976005,-0.44187577897824326,-0.07544647093981212,-0.3469449996836519,-0.6040308649486834,-0.20711139779498602,0.013711913318286572,-0.332546584257695,0
0.6731109153044746,2.0624546904642447,-0.15484123025532542,-0.4281154315628296,1,0,0,1,0,0,-0.6974447347149578,1.0611162266556748,0.5210031695267069,-0.3191783138693098,1.4923603745956378,1.0627403444094135,1.0074577143069778,-1.0806586470510688,0.6461537003479343,2.0960615094822463,2.5639111779422628,1.2399661341238462,-2.0693102159738146,0.3795172972445909,-0.5507479352086406,0.3661358176010211,1.367696172778422,1.9470325322300839,0.9750700921945687,0.7241032714020105,-1.0216852642929226,0.9315107161084749,-0.515382567967338,-1.4754597598560564,-1.4323117927588696,-0.7241032714020105,-0.9750700921945695,0.38237535959517033,-0.4846237089171882,0.11810822885711679,0.29196075167320634,0.8541733553308051,0.5736101447550955,-0.9541866793037505,-1.3713993881826885,0.8219023601333442,-0.9146852597229018,1.0346006017076752,0.37921369794645543,0.04124997135858002,-0.5500223735309933,0.37938770007212164,0.7806711296729086,1.3497724280541432,0.34789477903211874,1
0.15910566815972013,0.3617821363477598,0.27967722576327125,-0.8681093238500562,1,0,0,1,0,0,-0.5333985536612357,0.5029030314324421,0.5082099881093286,-0.315706415948422,0.972676264370628,0.6307522009401524,1.494841748847976,-0.9420467942134323,-0.026256464578346003,0.9878489116531283,0.3587518644867339,1.4269653942184035,0.11521161333995482,2.128669639885864,-0.16396184088719287,-2.002972847009996,1.659669327208935,0.683893369764984,0.4407888507730546,1.5090415891424784,0.04832778256871154,1.1287354164392893,-1.9769010786046932,0.31117954586253904,0.2012937724803767,-1.5090415891424784,-0.4407888507730553,2.443461367664254,0.11577027848446049,0.8914050276351143,-0.40574627503850064,0.2397152668543526,2.243374816494967,0.10608304780917345,-0.09793149585751397,0.9459245538203791,-0.1375174777889068,0.7310941790521709,-0.6790794056453779,-1.5017363212534962,-1.311562525458524,1.1407440084753266,-1.1948939252628807,-0.7099875321636356,-0.1469716669968365,1
1.4698190483788447,-0.7204640344536393,-0.15484123025532542,2.9451710759725747,1,0,0,1,0,0,2.65919250838428,-0.6635299577527716,0.9175917934654332,-0.44300933971430556,-0.46521075957931113,-0.16793395251336732,-2.275647512493585,0.4099124520540587,-1.6905705420180348,-1.4256521753764293,-2.0457260341477195,-2.1451822829922085,1.3961371254344375,-0.34405234861809125,0.6235949436712743,-0.820547888159617,-1.324683523041543,-1.8101762192280162,-1.7650477649515883,-1.1752198963459366,2.8205702086308633,0.06208602044061302,1.48649507112331,0.6124306078755843,0.8922592799351318,1.1752198963459366,1.7650477649515868,-0.5646101035717058,0.11577027848446049,-1.1373618679824566,-1.3231018101594472,-1.6719321195168326,-0.8756195703398886,-0.46483142063624716,0.4557501964577793,-1.0384305451721696,3.276469564278285,0.4275877563966659,1.1090710107684099,1.8176291485674405,2.0222910285353324,-0.3502454288142823,0.2044646553166367,-0.32030321536567735,1.0283361423219313,0
-0.2006980048416086,-1.9057812691408853,1.0038746524609323,-1.161438585374874,0,1,0,1,0,0,0.16064298156605036,-0.19951523922345926,-0.1442422641769629,-0.0692016635653931,-0.23781061960321132,-0.09996066285774861,1.6361110854615082,-0.5138562044479527,1.6683363077638658,1.6796965851054828,1.3668432655938294,2.9577168959233124,0.1499857906377599,1.7361400293617173,-0.32923096343355707,1.6470807267554608,1.2845768006341405,1.5454191848031038,2.166623058830175,1.8851427108031107,-0.5403216306697587,0.37546741518472343,-0.6255143357808634,-0.9953973552372779,-0.2681621452169491,-1.88514271080311,-2.166623058830176,3.668971967056682,0.9413120111617277,4.3939846456295735,5.07254593469786,5.752769782906967,1.3612349899154128,2.9606553900362758,1.7292180887829538,4.852623654961959,-0.6926373220274746,-0.02767187758659086,-0.998391980004983,-1.1257144516253432,-1.3792549834076382,0.15732544345452057,-1.5241547677521787,-0.9883334727336057,-0.9511296417938885,0
0.6217103905899984,-1.596568077483343,0.5693561964423357,1.7718540298733036,1,0,0,1,0,0,1.801104792103272,-0.5954977245849401,-0.7711081536284979,1.7066741229686815,-2.2470883803335995,-1.7769332694930784,-0.09357645804848551,0.7339993984205387,-1.0607707689432078,-1.0010651813025093,-1.810898971549764,0.5858427977273034,2.7535177882282786,-0.4913728065593012,0.10216223899422908,0.015551638366628536,-1.321385587264014,-1.5338738474477887,0.7646392799752116,0.040659774866796713,-0.3608535758249023,-0.9050933210947356,1.4657370739406572,0.04211114761366234,0.8567280858262037,-0.040659774866796713,-0.7646392799752123,-0.6203151308168162,-0.18442671521636386,-0.8128804661422764,-0.6813836189246067,-1.1143682984919032,-1.033144539371952,1.8188264531454346,1.4892893554463265,-1.5138489543058005,-0.3595654154843339,-0.8623145398892288,-0.06782390615699217,0.6895635396829819,0.6684418695530556,-0.5723076854318833,-0.7010026615289333,-0.7656567202776299,0.2860364732784985,0
0.23620645523143258,-1.3388904177687242,-0.4445202009343899,1.7718540298733036,0,1,0,1,0,0,0.3877838476404349,-0.28092133019351406,-0.42569225535928473,0.18482553431289261,-0.7014051331667572,-0.35888523332224354,-0.927853165410808,-0.07652063477623307,-0.5657004394763578,-1.6111772902020534,-1.063992348801327,-0.08181943214987661,1.0600127167278506,-0.36680023511001536,-0.03522368281874337,-0.7720105965834777,-1.274841577585482,-1.103829478469278,0.2365429878509938,-0.34619240229020387,0.9236999399075168,0.06974066047208632,-0.002464745307200512,0.9124854888475199,0.30556752074352306,0.34619240229020387,-0.2365429878509945,-0.06326485836571254,0.41596727218528484,1.409968763286241,0.7183372679970265,0.12023730520615308,1.6132749403667133,1.8188264531454346,1.839954427246013,0.8219023601333442,0.8339422496285867,0.04820472807728505,-0.040454256926167845,-0.03654765684034838,0.3299795798074865,-0.4136917878478824,0.12214944469431245,-0.04195727479570725,0.10046155601764112,0
0.3647077670176212,0.6709953280053031,-0.8790386569529866,-0.13478617003801185,1,0,0,1,0,0,-0.11697363252486404,-0.07333579821987435,-0.7199354279589849,1.0585865110696384,-1.094268588346027,-0.8744984107757197,-1.0037569935477801,-0.18063477897538913,-0.028437238949585393,-1.582637410471694,-1.669430805128889,-1.1998286224144783,1.3491357403270177,-0.6758885152327276,-0.7100739866122319,0.46447860014664244,-0.6226354444010298,-0.16049268618935733,-0.01835909107355938,-1.6182148153149178,0.720408693013523,-0.4634096289489983,0.5056308572991691,1.5206463898383222,2.013651937954816,1.6182148153149178,0.01835909107355796,-0.6203151308168162,-0.6347222057676005,0.11810822885711679,0.3436427536518511,0.06903246449978255,-0.024984737566746233,0.10608304780917345,0.12354118106860354,0.139780294854656,0.6951622885689447,-0.4070549059059717,0.10551720563822252,0.35244048415429274,0.9730579303240674,0.41111087958892223,-0.9479482933959068,-1.545025353873546,0.6571863078002155,0
0.15910566815972013,-0.7204640344536393,0.27967722576327125,2.9451710759725747,1,0,0,1,0,0,-0.5333985536612357,0.5029030314324421,0.9175917934654332,-0.44300933971430556,1.144911256183624,0.7291345938627584,-0.653746006082372,0.41324980660347893,-2.8219506491969235,0.8766225522767788,-0.24050627318758855,-0.3050770169440612,0.4882565150535436,2.3709675505500085,0.1957372922380939,-1.9923897211619195,1.8368886968764626,0.8692418195686062,1.1360522199736263,-1.5428114248521114,3.2780925756508985,-0.3711130061108244,1.8555415489230394,0.6371668749927095,1.1613153867871977,1.5428114248521114,-1.136052219973627,2.5827239357770297,0.41596727218528484,0.6821600114951846,-0.5478717804797735,0.15437386567706757,2.1173548412693166,0.35076067714292497,-0.1532996650890431,0.5738579727592754,3.6095414708214255,-0.1035484832504671,0.8718673841012752,1.8046628772009532,2.0222910285353324,-0.6040308649486834,-0.12479618717266176,-0.7656567202776299,0.7809029193074537,1
-1.8969153204192981,-1.596568077483343,-1.168717627632051,1.7718540298733036,1,0,0,1,0,0,-0.1295925695289965,-0.07217285406315928,-0.7711081536284979,1.7066741229686815,-1.3801488435131979,-1.3744598439005993,-0.2264410526206286,1.0839827439946093,-1.4372071796202688,-0.6267831720017011,-0.7971732087914134,-0.9267642903775726,0.4041898450399027,-0.4578555779245387,0.5607182317685048,-0.5882161103211262,-0.31827687001983734,0.28877616276712526,-1.295625183846869,0.020989325180847843,-0.1426121028590997,-0.9260851192619433,1.3736098977391245,0.5311457326156203,1.3182979309785805,-0.020989325180847843,1.295625183846869,-0.7038726716844818,-0.03432821836595151,-1.3920949311093263,-1.4264658141167375,-1.4500444764558913,-0.15100471279239655,-1.6066603575270884,-1.3713993881826885,-1.2244638357027204,-0.1375174777889068,-0.8623145398892288,0.023408257945752128,0.7284623537824456,0.9222885868622325,-0.3819686083310823,-1.1948939252628807,-1.32234860141757,0.40975308478573785,0
0.6731109153044746,-1.3388904177687242,-0.15484123025532542,1.7718540298733036,1,0,0,1,0,0,-0.6974447347149578,1.0611162266556748,-0.42569225535928473,0.18482553431289261,0.7315429218820794,0.6732355069749141,-0.34847115525300615,-0.7167540675878933,0.4295853205179274,0.15469001840541705,0.864323960864208,1.6476101473218294,-0.6233670550907889,0.7772571837521777,-0.7786860497619084,0.6893976782003214,1.6939369954631451,1.9641633858195353,2.2754391892299264,-0.009609152108405178,1.2611838439709029,0.20369686102287862,0.10552065699125858,1.4707026929609988,0.7939597726464421,0.009609152108405178,-2.2754391892299273,0.744458036688388,-0.7097714541928067,0.07262018187017576,0.42116575661981864,1.1272658390981163,-0.024984737566746233,-0.709509049969999,-1.482135726645747,0.38782468222872474,0.917210226264372,-0.02767187758659086,-0.6060936743631827,-0.46443461193445323,0.10997909147286698,-0.826093121566285,-0.7833178721512579,-0.8769950965056176,-0.2706882785040748,1
-1.5885121721324456,0.15564000857606544,1.7280720791585935,0.3052077222492148,1,0,0,1,0,0,-0.7479204827314877,1.7123649544161132,-0.5536240695330674,0.5030828437276014,0.7997920637258873,0.9281353431834843,-1.5765125506100208,-0.9681849582960341,2.2571821184364955,-1.1110923717466712,0.13870710246066897,-0.4520512189209407,-0.43036609591371977,-0.0035853138843934163,-1.0401065216625272,1.190958177974265,0.3326713575686807,1.1466848986764662,0.4251360800282837,-1.0381887348318,2.1885966748049963,0.2869083592282695,-1.8888454586559646,1.8308853360577668,0.939188592938647,1.0381887348318,-0.4251360800282844,-0.06326485836571254,-1.009968447893631,-0.20940570944885942,0.42116575661981864,0.5469443110925782,-0.40304466324369825,-0.9541866793037505,-1.2052948804881005,0.139780294854656,2.582569758980075,0.6552175733882943,1.0725781451273115,-0.2051091846046925,0.5161338391675497,2.4413943686641333,0.2044646553166367,-0.26463402725168356,1.0283361423219313,0
-0.020796168340944693,0.9544407536913834,0.27967722576327125,-0.13478617003801185,1,0,0,1,0,0,-0.7605394197356201,1.8054004869533187,-0.5920036137852022,0.6014532848194204,0.8133652694943978,0.9236634162324567,1.4164140253700455,-1.0835728690672424,1.4320894805667772,1.1824730950788092,1.8080685568248236,0.391738473305511,-1.6463960343159898,1.8894709401735903,-1.2027297076412256,2.041048642091311,1.68594491991042,2.413774586353495,0.8989187262297652,-0.3572520928766799,-0.08162108115295165,0.2823695502352484,0.09334275210473196,0.07430925809957724,0.006003404697421184,0.3572520928766799,-0.8989187262297659,1.4407708772522676,-1.2351161931692491,-0.6551885699208807,0.4082452561251572,1.1101975588626602,-1.3796994712424915,-1.1988643086375024,-1.592872065108806,0.2638024885416898,-0.026493508941193386,0.35171115073279,0.2514886682026129,0.2616765845888761,0.27921023634565156,0.030432725387320277,0.8629863402952329,0.7374113588002092,0.40975308478573785,0
0.15910566815972013,0.9544407536913834,0.27967722576327125,-0.13478617003801185,1,0,0,1,0,0,-0.5333985536612357,0.5029030314324421,-0.5920036137852022,0.6014532848194204,-0.09920064193564308,-0.07804822079771365,1.622343576988954,-0.14229420151480893,-1.5189348526435178,1.487728614512404,0.8120277106080579,0.4776581309671741,-1.2337202421559312,2.2713381188272574,0.0534078972949076,-1.992440916806898,1.8747328932948184,1.060718622614968,1.3298662290760435,-0.6674764138273739,0.013586049946878957,0.24880611627092608,0.07422385706103966,-0.1508723324567831,-0.02009051077549939,0.6674764138273739,-1.3298662290760441,2.4713138812868096,0.26586877533487285,0.6639647927004092,-0.5607922809744348,0.15437386567706757,2.27487981030138,0.02452383803125581,-0.5408768497097485,0.6358690696027934,0.1400424443303771,0.4275877563966659,0.5525548097416701,0.5080357405521495,0.4145951522438788,0.41111087958892223,1.5215080252738291,1.2384340518261547,0.6571863078002155,0
0.33900750466038404,-0.05050211919562982,-0.15484123025532542,-0.4281154315628296,1,0,0,1,0,0,0.7032572727437467,-0.3832604159844401,-0.20820817126385424,-0.029274837475184185,-0.5854462929282408,-0.27212985047230914,0.0726848934851178,1.057123432274012,-1.489399813617046,0.43033890427602633,0.15313290077140937,-0.2882529658870953,-0.4412138066810978,-0.2615988628459515,0.22399558210394538,-1.0154568039520229,-0.46850597017142964,-0.461882441887877,-0.5860329100839196,0.1880776393671132,-0.36245661516783995,-1.2265412295585387,1.015623282712678,-1.0459225967100627,-0.6500185772151343,-0.1880776393671132,0.5860329100839188,-0.5367575899491508,-0.25947596364157,-1.3102164465328319,-1.5427503185686884,-1.603658998575004,-0.2770246880180474,-0.709509049969999,-0.5408768497097485,-1.2864749325462383,-0.19302946221276363,-1.0140677512169813,0.7623887871779818,1.2211806657089916,0.65151875506577694,-0.2550758902638815,0.8629863402952329,1.0714264874841732,0.6571863078002155,0
-1.8969153204192981,-0.7462318004251005,-1.168717627632051,-0.4281154315628296,1,0,0,1,0,0,0.29945128861150755,-0.2698733607047209,0.4954168066919504,-0.3214929124832349,0.09641353559449277,0.04090503609961909,-0.6439909958688242,-0.3721301840237902,0.27067656569122267,-1.115549260624673,-0.37524309923896587,-1.3286375185612829,-0.035536889572744236,-0.7311594981424849,0.5979954693377654,-1.1248138476645508,-0.8799187356777818,-0.6486255931223881,-1.6831717333635567,-0.14275387761029457,0.16491920068021884,1.10981908985874,-1.500353373287465,0.6345227259289551,-0.14542224005258608,0.14275387761029457,1.683171733363556,-0.9823978079100336,-0.18442671521636386,-1.8378777915813482,-1.9949678358818312,-2.1327756858741718,-0.5605696322757617,-1.4435419379712537,-0.983822203561983,-1.720552610450858,0.3620903820258042,1.413983630027056,0.8171280856396278,-0.16621037050522874,0.09305597698558829,1.4579758036433286,0.28677986593896093,0.23638866577426285,0.7809029193074537,0
1.110015375377516,-1.3388904177687242,0.27967722576327125,1.7718540298733036,1,0,0,1,0,0,-0.06649788450833415,-0.12799417358548257,-0.38731271110714993,0.12406732069735729,-0.3404095589920221,-0.19431832152442985,-0.7589950070325173,1.6370667018196288e-4,-0.38071180437702734,-1.099816530988102,-0.5326975231287531,0.14013808153501592,0.7605606383641075,0.5635997063976123,-0.14983912679309416,-0.46743361654585197,-0.03472905681113726,0.1758065078768609,0.06048449490010199,0.13114384342216406,1.6185432192054767,-0.15033024043278495,0.050720085001889924,1.4513444408736673,0.8641737064240768,-0.13114384342216406,-0.0604844949001027,0.6330479821981672,-0.03432821836595151,0.35464607318920965,0.046471242274642305,0.03489590402886805,0.8886600828192224,0.5954383064766764,0.6218547041523672,0.6358690696027934,1.2225261405955843,-0.3311783002420958,-0.6060936743631827,-0.4903671546674297,0.0761328624983096,-0.6992004034990842,-0.7833178721512579,-0.8213259083916238,-0.2706882785040748,0
0.6731109153044746,0.3617821363477598,-0.15484123025532542,-0.8681093238500562,1,0,0,1,0,0,-0.6722068607066928,0.9913395772527708,0.4570372624398156,-0.315706415948422,1.3511886755263889,1.0063940648264664,0.3136563018334808,-1.2106686882461084,1.8403277122848078,0.8802817661151544,1.2424683632399776,2.483481993516271,-0.7298414366008533,0.44987768474307943,-0.5964084499401576,0.6310616793611181,1.3851674264191065,1.777876943404596,2.110417730215288,1.2940866261665431,0.013365758907797521,1.064211876450119,-1.881633505635067,0.18430443390340548,0.12048107626677004,-1.2940866261665431,-2.1104177302152882,0.4102278732177254,-0.5596729573423944,-0.009258302706318612,0.31780175266252825,0.8883099158017184,0.038025250046078915,-0.6279498401920818,-1.3713993881826885,0.139780294854656,-0.1375174777889068,0.7310941790521709,-0.5604775923118106,-1.3720736075886157,-1.2269469530221315,1.1724671879921262,-0.9479482933959068,-0.48731077970765985,-0.08511336124321738,0
0.930113538876852,-1.8027102052550381,-2.327433510348309,-0.4281154315628296,1,0,0,0,1,0,0.07231042253712305,-0.17509341193244282,0.8408327049611636,-0.411762258426316,0.3926735305085137,0.18355950583739783,-0.4048506873090242,-0.3656885769567895,0.5830126832818908,-0.2744192807764781,-0.47428641833985313,-0.7038696670781293,-0.2689187869376127,-1.457777986198067,-0.24916648076612924,0.5090570592675991,-1.678933446998164,-1.7030123061119826,-0.8414861286385814,-0.12541857881077315,-0.8936398514733954,0.2523095376406706,-0.2854446177985547,-1.2940789219569386,-1.0460644799919552,0.12541857881077315,0.8414861286385807,-1.4280380258709164,-0.4846237089171882,-0.8462383672660339,-0.4832692780064673,-1.0745423112758372,-1.3166894836296663,-0.13859458152457876,0.2896456887631914,-1.3484860293897554,-1.0257092285706153,-0.2553016945782196,-1.3541974200056863,-1.268343436656712,-1.5992554717422576,-0.826093121566285,0.5337254978059351,0.514734606344233,-1.4459960878228426,1
-0.25209852955608386,0.20717554051898904,-0.15484123025532542,-0.8681093238500562,1,0,0,1,0,0,-0.5586364276695006,0.5377913561338942,-0.31055362260288033,0.034376624407757565,0.4298495046387326,0.3870321821091512,0.8519895721992502,1.0952399804876407,-1.118114299708156,1.9399843607688276,1.3429162808671817,1.8213024690181756,-0.5453970107936355,0.07456934239787177,-0.2973727586537208,-0.11808584024917661,0.2633143297915823,0.15664246822673789,0.3210111268130686,2.1656644151822166,-1.1102034315686222,-1.8011527466680342,1.4098348234564158,-2.359695732011155,-1.5929260535071055,-2.165664415182217,-0.32101112681306926,0.2152602778598393,-0.10937746679115769,0.5911839175213025,0.4340862571144791,0.529876030857121,0.4790951633358572,0.10608304780917345,-0.04256332662598434,0.6978801664463103,-1.1367331974183288,-1.772833807855743,-0.8615437338508666,-0.08841274230630035,-1.0069464646875115,-1.397110352868688,-1.1125787146405561,-0.2089648391376897,-1.0748462533011267,0
0.2619067175886707,-0.41125084279609675,-0.15484123025532542,-0.13478617003801185,0,1,0,1,0,0,-0.10435469552073157,-0.1134573716265442,0.17558727125749374,-0.22485842035185974,0.20856863875871595,0.08651869100010007,-0.733787790831246,-0.9467712009207253,1.2118388910435698,-1.1682683183008196,-0.04002760649240096,0.6049069054156506,-0.03930833913605029,-1.1240686247900493,-0.8263389430418787,1.1288360463608638,-0.7274841342299255,0.28937293121433055,0.08301123374971872,0.7426913412446393,-0.10280633986740069,0.47166497275060043,-0.522252998840355,0.8568943131350331,0.33455419429058425,-0.7426913412446393,-0.08301123374971872,-1.0659553487776992,-0.7848207026180125,-0.06384395909064733,0.5245297605771081,0.18851042614798086,-0.2140147004052217,-0.30171300108041293,-0.3747723420151606,-0.17027518936292965,-0.38732140769626244,-0.02767187758659086,-1.1991027410310207,-1.2424108939237355,-0.8884846632765624,-0.6992004034990842,-0.8656330827735822,-0.6543183440496418,-0.8892713360402683,0
0.004904094016293398,-0.6946962684821769,-0.4445202009343899,-1.6014324776621007,1,0,0,1,0,0,0.08492935954125552,-0.1797451885593031,0.23955317834438508,-0.25899874990725574,0.09658365503140051,0.06192309276944856,1.5075931768913025,0.148082068542204,-0.8331399436260742,-0.03341805450041246,-0.19634120288872756,-0.484797490050232,-0.5382909725871331,0.9587701285344753,-0.5557030516398529,-0.74316135872100475,-0.39415825904465174,-0.6539033565745599,-0.47959406901947754,-0.18555039652161812,-1.1383531957665494,-0.7599384044366546,0.39212471798377785,-0.3456949468304624,-0.38315617597862917,0.18555039652161812,0.4795940690194761,0.939425632046274,-0.4846237089171882,0.13630344765189217,-0.2765412700918884,-0.40887938209301433,0.41608517572303205,0.2692014673650073,0.5664865349208381,0.015758101167622184,-1.1367331974183288,-0.8623145398892288,-0.642586540004281,-0.3607044410025493,-0.4654068010946016,-0.8895394805998851,1.0276167615398821,1.0157572993701793,-0.3944048900113141,0
0.3647077670176212,-0.514321906681944,-0.8790386569529866,1.0385308760612593,1,0,0,1,0,0,-0.15483044353726144,-0.07333579821987435,-0.6559695208720935,0.749008946457149,-0.8120252328026295,-0.635250318895746,-1.2790226986548328,-0.7653443572206018,0.25908211272465037,-1.5441228722842524,-1.0782732636012025,-0.44362849421607375,0.13383153502610884,-0.43644332152693577,-0.7118664046905224,0.4141393883311029,-0.7553991004023235,-0.42004252270393094,-0.31054414497595056,-0.2970624528398517,1.3424231729292695,0.33732701203104526,0.061996218425654115,1.3369695648418585,0.9917182833779469,0.2970624528398517,0.3105441449759499,-0.45320004908148526,-0.7097714541928067,-0.19121049065408274,0.046471242274642305,-0.2552648599739003,-0.34003467563087314,-0.22015379130249568,-0.09793149585751397,-0.29429738304996345,1.0282341951120857,0.12408133374116129,-0.5057382938501646,-0.39960325510201306,0.12690220596014448,-0.44541496736468245,0.2044646553166367,0.06938110143228039,0.40975308478573785,1
-1.5628119097752085,0.33601437037629844,0.5693561964423357,0.3052077222492148,1,0,0,1,0,0,-0.3062576875868511,0.039469784981487295,6.725696156955165,-0.7653171967033833,1.7315051105648183,0.6218083470380973,0.18936367863688125,-1.374822597383969,0.8347914502959438,-0.6817248254867071,-0.1567060430723588,0.8907825172475168,0.13779667994848926,0.7533583490881378,0.5677060204875258,0.7916353275612956,0.5365509516965692,0.42396494689204967,0.46715141202740545,0.7516060278018181,0.4894319810905797,2.455702589726961,-0.34567071905453006,1.4530009970916644,0.6176447833826009,-0.7516060278018188,-0.4671514120274062,0.8001630639334981,0.641115017460903,0.30006041680488094,0.6795757665130432,0.8883099158017184,-0.5605696322757617,-0.46483142063624716,-0.7069813574043363,0.38782468222872474,0.16779843654230542,1.717490052682561,-0.8980365994919648,-0.9182541097615345,-0.36386811417093057,-0.7626467625326843,-1.277209135885205,-1.1553410370755877,-0.332546584257695,1
-1.5885121721324456,1.2121184134060021,1.7280720791585935,-0.13478617003801185,1,0,0,1,0,0,-0.7479204827314877,1.7123649544161132,0.022069094248954552,-0.1559991115875864,1.4949674162505422,1.437487822905522,-0.12246497982502796,-0.952634992908366,2.3135407754173203,0.4299926345020832,1.937650473985882,0.7275785335780437,-2.2416557325812856,0.1480229359069735,-0.8994949588365003,1.3213356221413695,0.42786266550720753,1.3434757374850053,1.116988546947158,-0.11548529918892325,0.31819330903204596,0.406427120605125,-1.8348728729397812,-0.1566310133937261,-1.207397943163811,0.11548529918892256,-1.1169885469471588,0.10385022336961848,-0.8598699510432187,-0.10023439668020068,0.5891322630504142,0.7517636739180628,-0.34003467563087314,-0.6279498401920818,-1.0945585420250417,0.20179139169817292,0.6118943119331598,0.8069707847160468,1.136440659999233,-0.127311556405765,-0.1777138548108673,1.4579758036433286,2.2623449208747504,2.40748700222003,0.8427612250610729,1
-0.020796168340944693,-0.05050211919562982,0.27967722576327125,-0.4281154315628296,1,0,0,1,0,0,-0.7605394197356201,1.8054004869533187,-0.20820817126385424,-0.029274837475184185,1.3974566944978608,1.4111034538944593,1.5248066505292392,-0.16493030863007363,0.7529284404851312,2.005295766319908,2.173115359098146,0.5626192483614995,-1.7849283700923513,1.82998479735031,-1.2083916367468666,2.072364632417897,1.7679735150022367,2.3422011194442605,0.8847583482611019,-0.11014700605881247,-0.2917815180110457,-0.9841681899789481,1.053248196101491,-0.9559329359191513,-0.538452876569161,0.11014700605881318,-0.8847583482611027,1.6078859589875987,-1.1600669447440433,-0.20030810005147043,0.8733832739329616,1.6393142461618264,-1.2851844898232538,-1.0357458890816678,-1.4267675574142176,0.6978801664463103,-0.22078545442469194,-0.8623145398892288,0.2879815338437111,0.806259981981374,0.3299795798074865,-0.5405845059150832,0.7806711296729086,0.793080546914203,0.10046155601764112,1
-1.3315095485600683,-0.7462318004251005,1.7280720791585935,-0.4281154315628296,1,0,0,1,0,0,-0.36935237260751347,0.12203882010825716,0.4954168066919504,-0.3214929124832349,0.681550675126763,0.3423129125988757,0.9828556028443264,-0.22098102985030305,0.849311958731844,0.8314547774032244,0.9193527584762791,-0.4132167825509345,-0.4840143268524934,1.555718173321493,0.41049720479476576,-0.3671504074383262,1.657922649850405,0.9842843379747676,-0.2971274843375756,-0.26889098598050765,0.18777062720154697,0.7145304868675807,-1.529988651330676,0.5207259561567098,-0.23424153157674243,0.26889098598050765,0.29712748433757485,1.050835686536495,0.04072103005925432,-0.8917264142529749,-0.9225662948249498,-0.3064697006802721,-0.5605696322757617,-0.7910682597479163,-0.762349526635866,-0.4803306735805153,0.3065783976019474,0.8828473903799233,0.5251851605108457,-0.39960325510201306,-0.1777138548108673,1.2359135470257274,0.4514102871836102,0.3477270420022505,0.5334696962929761,1
0.15910566815972013,0.928672987719922,0.27967722576327125,-2.334755631474145,1,0,0,1,0,0,-0.571255364673633,0.5436060769174694,0.06044863850108935,-0.17162265223158119,0.7997920637258873,0.5507047085167593,2.6398885726888754,-0.2392757399625852,-1.2485191446154695,1.9986359312947037,1.5323775484463789,1.1054263872696901,-0.9852716226313383,2.332573318323673,-0.4497995238345508,-1.4493806019982558,1.5523461237609202,0.8993196225026031,0.6912331826893887,0.8221130942085961,-1.3401495465409996,-0.12218582650953118,0.2502797690524326,-1.1607483585238223,-1.1141552896370064,-0.8221130942085961,-0.6912331826893894,2.499166394909364,-0.25947596364157,0.6002815269186915,-0.3023822710812103,0.3079883877961804,1.6762849279795395,-0.22015379130249568,-0.5408768497097485,0.8219023601333442,-1.3310251429018278,-0.4070549059059717,-0.9254062487227878,-0.671894953798262,-1.0407926936620688,-1.0481553781838862,-0.5363722402842841,-0.2089648391376897,-1.198562864808365,0
-0.4063001036995106,0.20717554051898904,-0.15484123025532542,-0.8681093238500562,1,0,0,1,0,0,0.1858808555743153,-0.22858884314133598,-0.31055362260288033,0.034376624407757565,-0.42815335370649965,-0.20236779003627944,0.6785983145798129,1.866010937578557,-1.5207282748779072,2.2246471905751863,1.3138255496189553,0.8438382845975949,-0.4826579793175378,-0.1343973290999581,0.8162550355098389,-0.7367403190749946,0.9169102063133527,0.3332619048488511,-0.6247379431982625,1.7705022619546806,-1.0778957030190375,-1.7434521969832708,1.3385335267520202,-2.0961623671943728,-1.3826721744602646,-1.7705022619546813,0.6247379431982617,-0.48105256270404034,0.11577027848446049,-1.492168634480596,-1.5685913195580112,-1.2110885531594928,-0.7811045889206503,-0.9541866793037505,-0.8177176958673952,-1.1624527388592034,-1.0812212129944723,-1.6969572021918669,-0.6060936743631827,0.11904759955750843,-0.7361766328910565,-1.206771275767887,-0.8656330827735822,-0.09762646290970158,-0.8274130302866491,0
0.3647077670176212,0.928672987719922,-0.8790386569529866,-2.334755631474145,1,0,0,1,0,0,0.4634974696652297,-0.31987995944346886,0.06044863850108935,-0.17162265223158119,-0.2470045841032373,-0.11337644371083126,0.8752580113649054,0.6084229743149738,-1.7878206397243779,0.7846057974444642,0.5355888026360932,-0.11176033910138049,-0.16031892012515933,0.009953022026860126,0.7934803050911767,-2.0071511739054095,0.26066337614515656,-0.006233190398065293,-0.4481121582821066,0.2920044097428146,-1.2071226286089138,-0.04018847553546725,0.42701734599554636,-0.801482472026215,-0.7023771716369477,-0.2920044097428146,0.4481121582821059,-0.007559831120602114,0.7161642658861095,-0.03655113089848297,-1.0646918002662225,-0.9209277891567239,1.6132749403667133,-0.13859458152457876,0.06817301183707392,0.139780294854656,-1.2200011740541141,-0.3311783002420958,-0.8980365994919648,-0.5681647828663581,-0.8207922053274488,-1.0481553781838862,-0.4540570296619595,-0.3759724034796717,-1.136704559054746,1
-0.6890029896291251,0.20717554051898904,-1.6032360836506476,-0.8681093238500562,1,0,0,1,0,0,0.24897554059497767,-0.2628956957644305,-0.31055362260288033,0.034376624407757565,-0.46758293208315554,-0.22875215904734195,-0.01424334623533708,1.0458102610516955,-0.6009193579764556,0.7071647150917034,0.07263622638464906,1.219548912697045,1.0474820156008045,-1.0258909543236714,-0.24309788710196292,0.18057983851398038,-0.8141031022120772,-0.9693378949425775,-0.01835909107355938,1.6815275852364984,-1.005252434194087,-1.678937530634995,1.0029422159247867,-1.7625846080447074,-1.0408004398282968,-1.6815275852364993,0.01835909107355796,-1.0102503215325889,-0.3345252120667762,-0.3549674598070702,-0.21193876761858224,-0.5112890635057554,-0.7180946013078251,1.0032343553662626,1.1201682272361313,-0.5423417704240322,-0.9979532363586869,-1.6210805965279906,-0.43275256256796935,0.11904759955750843,-0.6007917169928287,-0.794369942049485,-0.8656330827735822,-0.15329565102369538,-0.5181215015185524,1
-1.5885121721324456,0.9544407536913834,1.7280720791585935,-0.13478617003801185,1,0,0,1,0,0,-0.7479204827314877,1.7123649544161132,-0.6175899766199587,0.7171832155156781,0.6460087435515047,0.7626740459954651,0.2586744179897038,-1.3644252080086043,0.4859175744351915,0.07321900617979649,1.022437307773231,0.10673506334896622,-1.4716226168141842,0.4892646798514337,-0.9754199755669108,1.3462733640873117,0.2611441809575732,1.546138687422358,1.339121780472951,-1.1825507815298206,0.129174428229482,0.895562099006029,0.6886092942114568,0.16003194594529901,0.18028492183180142,1.1825507815298206,-1.3391217804729518,0.4102278732177254,-0.9349191994684248,-0.12752722487236504,0.5762117625557528,0.6664222727407777,-0.05648973137315825,-0.7910682597479163,-1.3160312189511594,0.07776919801113909,0.1400424443303771,0.8828473903799233,0.11464042204849642,0.45617065508619664,0.49921072468027106,-0.5088613263982832,1.1922471827845313,0.6260729825722207,0.038603250264021984,0
0.3647077670176212,-0.02473435322416849,-0.8790386569529866,0.3052077222492148,1,0,0,1,0,0,0.4634974696652297,-0.31987995944346886,-0.7839013350458762,1.7992580675256877,-1.882761870059794,-1.6365147632308135,-1.6824198114679665,1.379018935671129,-3.1913246283486436,-1.0947378606213582,-2.1819442502793365,-1.4605800893637426,1.5817360406033694,-0.09453465475856088,0.704338311618854,-2.064058160561935,0.3550325734602531,-0.12371191770735981,-0.5796783524084306,-1.417139107414103,2.2449877893184764,-1.187156108262811,2.288468282605921,1.8309644455335923,2.7158537791178508,1.417139107414103,0.5796783524084299,-0.23037994010104354,0.41596727218528484,-0.5642124759469986,-1.4652273156007207,-1.2793616741013212,1.0146800580448727,-0.38327221085833024,-0.1532996650890431,-0.4183195767369984,1.916425945893794,-1.1658209625447336,-0.3050275328241268,0.8710913388138142,1.6499825098152057,-1.206771275767887,-1.3595243465075295,-1.8790404825575102,0.6571863078002155,0
-0.020796168340944693,0.9544407536913834,0.27967722576327125,-0.13478617003801185,1,0,0,1,0,0,-0.7605394197356201,1.8054004869533187,-0.6175899766199587,0.7171832155156781,0.7474826148875222,0.8342248772119057,1.3620162572021413,-1.2716127853339154,1.170192343365516,0.9376735771165231,1.5340937011281148,0.45672916976677674,-1.3551885721589405,2.1368506730605423,-1.1024169187852422,2.394533807018822,1.6108651068970827,2.501486141642432,1.7556215933338128,-1.1182800073149486,0.24119925398718056,0.6409513863295228,0.8065834130376882,0.33056975634331925,0.44781739735669424,1.1182800073149486,-1.7556215933338135,1.8307060679680403,-1.0850176963188372,-0.30947941282012914,0.9250652759116064,1.6222459659263704,-1.3796994712424915,-1.0357458890816678,-1.648240234340335,0.38782468222872474,0.3065783976019474,0.7310941790521709,0.33359761589508324,0.7154960824159574,0.8207498999385615,-0.3502454288142823,0.6983559190505837,0.18071947766026855,0.2860364732784985,1
-1.280109023845593,-0.6946962684821769,-0.15484123025532542,0.3052077222492148,1,0,0,1,0,0,0.6401625877230843,-0.3611644770068538,-0.7071422465416066,1.0412270214651997,-1.5103730115032894,-1.0824430139985004,-1.0149604392235483,0.5288428904368787,-1.245043410095277,-1.3451815101739848,-1.5406973349849085,-1.9186376254523,0.9693930658947731,0.07586018874527012,0.7377587030072507,-1.2307222089678376,-0.35287168704243005,-0.5719140732801977,-1.2379708116036303,-1.388988508307989,1.487125804377808,0.013217009302521857,0.4652589211860687,1.467351911921393,1.4446192141029215,1.388988508307989,1.2379708116036297,-0.007559831120602114,0.5660657690356972,-0.2730889752305771,-0.8450432918569822,-0.9209277891567239,0.5736101447550955,-0.7910682597479163,-0.319404172783631,-0.4803306735805153,1.7221340004102954,0.27583454506891375,0.8080048692293539,0.9488889670127426,1.5653669373788135,0.41111087958892223,-0.5363722402842841,-1.0996718489615938,0.8427612250610729,0
0.8787130141623758,0.23294330649045036,1.0038746524609323,0.3052077222492148,1,0,0,0,1,0,-0.1295925695289965,-0.08961701641388531,-0.5024513438635544,0.317914954613589,-0.4675829320831562,-0.31461315650707083,1.0196944387625333,-0.3051103936388899,-1.0920655652639963,-0.37970663874294186,-0.8384760030399395,-1.6091005579611843,0.32840849574431114,1.6260382617838578,-0.5752886777234123,0.09551838577376165,0.37531455541431313,0.15121820739896474,-1.3328496965688592,-0.8727171435694476,0.20680833293585,-0.15753797782769086,1.588876978073506,0.885114660864313,1.2376950164124083,0.8727171435694476,1.3328496965688585,1.6078859589875987,-0.4846237089171882,0.20908432283099887,0.22735824919990022,0.3762615087380082,-0.08799472517957138,-0.9541866793037505,-0.4855086804782194,0.44983577907224165,0.22331042096616224,-0.1035484832504671,0.15113328768959466,0.9618552383792308,1.3115202200696365,-0.8895394805998851,-0.5363722402842841,-0.9326642846196119,0.47161139053935697,0
0.030604356373531493,-0.7977673323680251,-0.4445202009343899,1.478524768348486,1,0,0,1,0,0,-0.05387894750420167,-0.13671625476084556,-0.5536240695330674,0.4799368575883498,-0.6360580261073471,-0.4760497194391653,-0.6352272528098982,-0.07491413769367582,-0.11878545978584105,-1.0863585967357359,-0.612809000222242,-0.7047772252919723,0.3011867545274574,-0.8614409281682687,-0.8762951376128868,0.2330614650218975,-1.1086687296136895,-0.31649615795108654,-1.1014209826064827,0.13114384342216406,0.022557332801124274,-0.7750312270520193,0.3965879988487085,0.3682634439720327,0.48768481594045165,-0.13114384342216406,1.101420982606482,-1.038102835155144,-1.1600669447440433,-1.583144728454478,-1.2455788071914804,-1.5353858776331764,-0.8756195703398886,-1.0357458890816678,-0.7069813574043363,-1.1624527388592034,-0.05424950115312168,-0.7864379342253526,-0.2594114507727547,-0.02358138547386016,0.12690220596014448,-0.3502454288142823,-0.5363722402842841,-0.5429799678216537,0.038603250264021984,1
0.13340540580248203,-1.0554449920826439,-0.15484123025532542,1.0385308760612593,1,0,0,1,0,0,-0.40720918361991093,0.14529770324255853,-0.7199354279589849,1.1222379729525802,-0.7541428746183517,-0.7555451538783869,-0.7377666655484041,-0.11676111487282205,-0.5506531596507345,-0.8611324481157905,-0.5646699490987472,0.40643454070687846,1.1969667873070113,-0.29917574690628584,-0.4713611974572563,-0.3694454576246118,-0.5792164709220309,-0.36181803875726426,0.2600885100232926,0.29637562078413626,0.7269496264485094,-0.31194100562205007,0.3815042605039745,0.5889932441743122,0.38085369640452715,-0.29637562078413626,-0.2600885100232933,-0.20252742647848845,-0.3345252120667762,0.4001341201761507,0.13691474573727128,-0.10165033785478751,0.6996301199807459,0.5954383064766764,0.5111183656893089,0.139780294854656,0.44535835866158957,-0.482931511569848,-0.6517097564145549,-0.37367071236903754,-0.1269445113490324,-0.857816301083085,-1.277209135885205,-1.32234860141757,-0.5181215015185524,1
-0.48340089077122306,1.6244026689493918,-1.168717627632051,-0.8681093238500562,1,0,0,1,0,0,1.5613449890247548,-0.5687500089804935,-0.46407179961141953,0.22185911213569506,-1.204780731977531,-0.6088659498846835,0.5057626825190135,0.371924306885403,-1.0143278409786345,1.2185677931443581,-0.10358942414699909,0.03174751788778143,-0.040529685402459596,-0.4261467654887629,0.2203219927071327,-0.26993688554833495,-0.2778044897547386,-1.3559995871356323,-0.4291756706205303,0.4689510326955308,-1.1290761486136602,-0.2897640475946786,1.1153596014395384,-1.9216726497112402,-1.1891983481505843,-0.4689510326955308,0.4291756706205296,-0.20252742647848845,0.5660657690356972,1.0369667779933252,0.7183372679970265,0.5640125913280355,-0.24551969421163483,1.0032343553662626,1.397009073393778,0.7598912632898273,-1.192245181842186,-0.6346847228976005,-1.235595606672119,-0.5681647828663581,-1.2269469530221315,-1.397110352868688,0.03983423407198747,0.29205785388825667,-1.136704559054746,0
1.1871161624492292,-1.3131226517972627,-1.8929150543297122,0.5985369837740325,1,0,0,0,1,0,0.1480240445619179,-0.2047484879286771,0.11162136417060241,-0.18261699564772566,-0.02839904572111322,-0.016335628873533507,-0.22767941009150122,0.8581357929295875,-2.189227202002493,0.02545756722558038,-0.9586765554317888,-1.015923530247563,0.28323678484761355,-0.9815053993734587,-0.36840367286106324,-0.9133704982705033,-1.0451928563740724,-1.5251295216645762,-1.118227115406131,-0.27655448845948655,-0.6641148682650085,-1.5468770187643897,2.0748976590360133,-1.070786875811301,-0.24266566135988765,0.27655448845948655,1.1182271154061303,-0.9545452942874786,-0.40957446049198204,-0.2276009282436361,-0.6512357844370638,-0.9892009100985523,-0.08799472517957138,-0.05703537174666111,0.5664865349208381,-0.5423417704240322,-0.47058938433204756,-1.317574173872486,0.9539763317937442,2.012123219064761,1.3284433345569153,-0.667477223982284,1.0276167615398821,0.9600881112561845,0.7809029193074537,0
0.5703098658755232,0.1298722426046032,0.5693561964423357,-0.13478617003801185,0,1,0,1,0,0,-0.20530619155379135,-0.0233291994811264,-0.42569225535928473,0.14721330683660885,-0.2651727779730193,-0.13171134421004418,0.5610817914883417,0.8605924150800727,0.47729301609382135,0.970144683582171,0.7419212615355045,-0.38469563899090486,-0.8685306114097175,0.33983820934409986,0.4410611070633277,0.517590179743183,0.5406385668500051,0.5433919079959253,-0.007768161614413057,-0.5169746011139472,-0.440635554724592,-0.7393447629419895,-0.13234732797568807,-0.7745149307115768,-0.43401754080085486,0.5169746011139472,0.007768161614412348,0.5494904413305014,0.7161642658861095,0.8186241524560076,0.9896677783849125,1.195538960039945,0.16404522527173035,-0.13859458152457876,-0.1532996650890431,0.9459245538203791,-0.24854144663662048,-0.482931511569848,0.890113816921823,0.6765972683164937,0.2961333508329291,0.9186817518577256,1.1099319721622063,0.9044189231421907,0.5334696962929761,1
1.8810232460946468,0.15564000857606544,-0.4445202009343899,-0.13478617003801185,1,0,0,1,0,0,2.0282456581776565,-0.6239898564244593,-0.2849672597681238,0.015859835496356327,-1.0765816900501624,-0.4921486564628645,-0.19022095464678726,-0.8487087177119194,-0.07103530123331371,-0.10635070611386326,-0.2278423493887166,0.6349935335492582,0.3292346735484347,-0.16295765417301444,-0.30434834408448286,0.8915835917837328,-0.9820055098309998,-0.837363934037126,-0.34274413050805214,1.20598490020106,0.10168149994960599,0.8599898601351705,0.993063162231465,-0.830066910892913,-0.5213166889177939,-1.20598490020106,0.34274413050805214,-0.2582324537235989,-0.40957446049198204,-0.4277483349861756,0.07231224326396513,-0.32353798091572933,-1.0961545269847772,-0.13859458152457876,0.012804842605544792,-0.8523972546416179,-0.1375174777889068,0.4275877563966659,-0.8524205174405927,-0.2699405414371327,-0.5669454880182719,-1.2702176348014877,-0.7010026615289333,-0.2089648391376897,-0.5181215015185524,0
-0.6119022025574117,1.6244026689493918,-0.4445202009343899,-0.8681093238500562,1,0,0,1,0,0,-0.7353015457273552,1.5175718081663394,-0.46407179961141953,0.22185911213569506,0.8803664921825731,0.9956614401440003,0.28218183429023425,-0.17516241861481066,-1.8749257599692168,1.6514267204209696,0.23556820325966663,0.5769323995686204,0.4322328381481148,-0.5318564379949361,-0.45314122471873763,-1.5567384583100565,0.8297025103662317,-0.2576925183940191,0.9573302853504951,-0.1626015385546773,-0.9238053958193292,-0.21353101471296917,0.998714304945673,-1.4082521516056044,-0.5578367898504214,0.1626015385546773,-0.9573302853504958,-0.3417899945912644,-0.18442671521636386,0.8914050276351143,-0.1473362651452761,0.18851042614798086,1.3297299961089997,1.9003856629233515,1.4523772426253072,0.5118468759157585,-1.0257092285706153,-0.5588081172337243,-1.1808563082104715,-0.5681647828663581,-1.0407926936620688,-1.1116017372174867,0.03983423407198747,-0.04195727479570725,-1.0748462533011267,1
0.030604356373531493,0.5679242641194551,-0.4445202009343899,0.5985369837740325,1,0,0,0,1,0,-0.05387894750420167,-0.13671625476084556,-0.2210013526812325,-0.020595092672964856,-0.1529028838780042,-0.0892280381752825,-1.0385272370321346,-0.6801594955250959,-0.7584130069812163,-1.0824964781617346,-0.568191023490793,-0.49705442544493333,0.12963716768190348,-0.7903516093878766,-0.407354488945409,-0.24594110941662078,-0.8839436622572979,-0.305411477128163,-0.8569681418843186,0.17200761631813533,0.6543873879777655,0.5254614684212217,0.789628891035924,0.5858795009112715,0.4405012943466304,-0.17200761631813533,0.8569681418843179,-0.9266927806649233,-0.7097714541928067,-1.1919475243667854,-1.1163738022448682,-1.347634795043149,-0.37153966943728567,-1.0357458890816678,-0.8177176958673952,-1.0384305451721696,0.6118943119331598,0.5034643620605421,0.041654690766301246,0.4432043837197094,0.6684418695530556,-0.7309235830158842,-0.4540570296619595,-0.4316415915936655,0.22417816752487937,0
-0.6890029896291251,-1.235819353882877,0.27967722576327125,0.3052077222492148,1,0,0,1,0,0,-0.6848257977108253,1.0436720643049489,-0.822280879298011,4.403181508191486,-0.923865887798175,-2.6002150211772497,1.2354675418084757,0.9132071636599701,-0.8534610984099105,0.6013474212894176,0.15472015796893063,-0.35861552551536335,-0.35379152524819873,1.4725557689007889,0.4124852842145101,0.2731711559758637,1.1585279558457604,1.2128281107244925,1.4425661784383952,-1.919828377166137,-0.24658731780895748,-0.8401867885963912,1.441220579872282,0.3363949189906769,0.9829468093563387,1.9198283771661375,-1.442566178438396,1.4129183636297125,0.41596727218528484,0.09991301006234013,0.22735824919990022,0.700558833211691,0.1010352376589052,-0.46483142063624716,-1.0391903727935126,0.07776919801113909,-0.16527347000083534,-0.7105613285614767,0.34272083230535716,1.0655854093111348,1.1592121896841308,-0.4136917878478824,0.4514102871836102,-0.3759724034796717,0.5334696962929761,1
0.5703098658755232,-0.6173929705677911,0.5693561964423357,-0.4281154315628296,0,1,0,1,0,0,-0.20530619155379135,-0.0233291994811264,-0.7583149722111197,1.5128264890524499,-1.2176464931239974,-1.1870861046525452,0.785826245736886,1.4063270771369276,1.2244732876062958,-0.12975512131672892,0.05540029293502331,-0.39974224036376366,-0.350178709609514,0.7593743259547829,0.8261114988828958,0.39240205445814497,0.8694667398320772,0.5443688152933228,0.6257323574189628,-1.1657944725380867,-0.33395264476968944,-1.102647683649766,-1.2795697826351917,1.0374391335702149,0.45944710124294547,1.1657944725380867,-0.6257323574189636,0.605195468575612,0.641115017460903,-0.2821865846279648,-0.04397226118798574,0.3079883877961804,-0.6865896075014126,0.02452383803125581,-0.26403600355210183,-0.35630847989348147,-0.1375174777889068,-0.8623145398892288,0.890113816921823,0.015317428625603584,0.43151826673115745,1.648314880744129,1.3568776040291806,0.793080546914203,0.7809029193074537,1
0.5703098658755232,-0.6946962684821769,0.5693561964423357,0.3052077222492148,0,1,0,1,0,0,-0.20530619155379135,-0.0233291994811264,-0.7071422465416066,1.0412270214651997,-0.9507380743125019,-0.8226240581438001,-0.7557635471304726,0.16090138541855786,0.21323978657134132,-0.26287944538230795,-0.41290319947232285,-0.8459987837187688,0.6772570574089439,0.6924135244915532,0.6732434864991059,0.6966255707402653,1.099852730214336,0.9698953501202501,0.6912331826893887,-1.839398094005812,1.7427590448217722,0.4535983444033468,0.4085355844618759,1.4457283112565447,1.4837084162267429,1.8393980940058123,-0.6912331826893894,0.4102278732177254,0.340918023760079,-0.6824813981130464,-0.25070026910256554,0.18851042614798086,-1.0016395455655394,-0.38327221085833024,-0.7069813574043363,-0.6663639641110671,1.5278420549267964,0.35171115073279,-0.17730250308028428,0.054216242725068246,0.6345956405784983,-0.15990635171348128,-0.7010026615289333,-1.378017789531564,-0.20882997275045564,0
0.030604356373531493,0.7998341578626126,-0.4445202009343899,0.5985369837740325,1,0,0,1,0,0,-0.06649788450833415,-0.13671625476084556,-0.016310450003180245,-0.1554204619341051,0.04055967596660199,0.014967859783659318,0.49322537659029414,-0.216962921458009,-1.126040172506447,0.8527719690418555,0.7794685033561415,-0.7156126389820086,-1.553031975206263,-0.671628805163375,-0.6344962442797593,-0.42144697936690934,-0.24648097119188966,0.02351740520190267,-0.5609884768922861,-0.4196287477844142,-1.3569254811441387,-0.33783599015213245,1.1158210683133962,-1.3964462257133379,-0.9903870606968787,0.4196287477844142,0.5609884768922854,-0.8152827261747027,-0.8598699510432187,-1.0827762115981268,-1.1034533017502068,-1.1257471519822078,-0.2770246880180474,-1.1173050988595852,-1.0391903727935126,-0.9764194483286528,-1.1089772052064004,0.27583454506891375,2.0761319502574986,2.491875259624819,1.5653669373788135,0.37938770007212164,2.591605763364049,2.5188253784480175,1.646919199858125,0
0.15910566815972013,0.3102466044048362,-0.15484123025532542,-0.4281154315628296,1,0,0,0,1,0,-0.2684008765744537,0.030166231727766748,-0.4512786181940413,0.2149153162939196,-0.2357241609390243,-0.14289116158761306,0.241441883465055,1.2942694718109788,0.3943817183586078,-0.3507917054021836,-0.0932020201458447,0.18105694955008636,0.23586310744457756,0.42088531163352444,1.0544777763635051,0.39431704975342424,-0.4522982973350664,-0.5156129282228152,-0.37315522795503414,0.617030896486598,0.0848128279385929,-0.720072780051398,-0.1428824136511073,0.025405713563796686,-0.3822284776477401,-0.6170308964865974,0.3731552279550334,0.2152602778598393,0.7161642658861095,-0.5642124759469986,-0.28946177058654887,-0.4430159425639276,-0.8756195703398886,-0.05703537174666111,0.12354118106860354,-0.4183195767369984,0.11228645211844858,-0.6346847228976005,0.16937972051014377,0.06718251409155555,0.0761328624983096,-0.15990635171348128,-0.12479618717266176,0.18071947766026855,0.2860364732784985,1
-0.7147032519863632,-0.4885541407104817,0.27967722576327125,-1.161438585374874,1,0,0,1,0,0,0.13540510755778543,-0.20881879247717983,1.5444576829169683,-0.5564246717966381,0.5763022684636995,0.2694205032971267,0.1946119861649618,0.6553544069887159,0.033480204339595976,0.44427677010242195,1.158913721422467,1.0442403973766585,-0.3571828502312654,-0.3423327155239867,0.8625744158784565,-0.9896879291730597,0.34391585470273145,-0.09904681914345097,0.3041828515459622,1.122534507594003,-0.6126675199116107,-0.03538637632380323,-1.040309484604601,-0.25916817965489347,-1.6033445377614053,-1.122534507594003,-0.3041828515459622,-0.2582324537235989,0.9413120111617277,0.33645085439443295,-0.25070026910256554,-0.10165033785478751,0.8256500952063961,0.5138790966987595,0.40038202722625016,0.44983577907224165,-0.6556293324115703,-0.17942508891434333,-0.44187577897824326,-0.8793552956620708,-0.911048815926267,-0.7520723693604175,-0.20711139779498602,0.3848398340782469,-0.45626319576493324,1
-0.2263982671988458,0.5679242641194551,-0.15484123025532542,-0.8681093238500562,1,0,0,1,0,0,-0.5333985536612357,0.46801470673099,1.3269735988215376,-0.5327000360039053,1.2812994525105135,0.77161789989752,0.4023800959941884,-0.061812871428801305,0.7233641300152165,0.5459172897265866,0.7733979269550219,0.9891730064729293,-0.5378158695035806,0.07738270087007072,-0.4910691049578118,0.1091265869276692,0.36424356900220334,0.042181824638295715,-0.04921092906325296,1.3979208031972914,-0.48219943556068084,-0.40710214328573724,-0.8792013028382186,-0.3763213508360192,-0.9642728412179238,-1.3979208031972914,0.049210929063252244,0.18740776423728422,-0.3345252120667762,0.47291499535525605,0.459927258103802,0.59814915179895,-0.024984737566746233,-0.05703537174666111,-0.04256332662598434,0.7598912632898273,-0.5261013687559044,-0.482931511569848,-0.3597668312857729,-0.7367263106307022,-0.8207922053274488,-0.15990635171348128,-0.5363722402842841,0.1250502895462747,-0.3944048900113141,1
0.8787130141623758,0.0783367106616796,1.0038746524609323,-1.6014324776621007,1,0,0,1,0,0,-0.16744938054139394,-0.08961701641388531,-0.68155588370685,0.8531658840837809,-0.8876212941841777,-0.7282663994771189,1.9435374326539154,-0.6129263496507057,0.34398836443512176,0.37618128363088726,-0.2530342564554634,-0.9111918560871495,0.08469669352637549,1.6261027817667997,-0.6983640541037268,-0.0058254974504319285,0.1544121629856907,-0.13442393156028215,-1.1598770966922176,-0.09240503183227083,-1.0777533712953555,0.14165487172068142,-0.4760976809900857,-0.35508418738786995,0.19771812031565605,0.09240503183227083,1.159877096692217,1.8307060679680403,-0.4846237089171882,0.7003552302899613,0.5891322630504142,0.6322857122698633,0.2270552128845555,-0.5463906304141645,-0.04256332662598434,0.8219023601333442,-0.9146852597229018,0.4275877563966659,0.8627441676909999,0.45617065508619664,0.27921023634565156,1.5848685217105287,-0.04248097655033679,-0.09762646290970158,0.9664778365683122,0
1.6240206225222695,1.1863506474345409,-0.8790386569529866,-1.8947617391869185,1,0,0,1,0,0,-0.44506599463230834,0.22030760135068045,0.07324181991846762,-0.18956079148950114,0.5524961330192877,0.3159285435878132,0.15944002132182256,0.3667769627852807,1.13056043218615,-0.4052065746860649,0.28091288036237483,0.583225970843007,0.2743171598638324,-0.9189318757630959,-0.06312693882213553,0.7522022569204235,-1.4569925840160975,-0.9378976609490448,0.12009793795335687,0.6763389906671557,-1.139891133666919,-0.5666520734952691,-0.7896232587012292,-0.8973209650059345,-1.2808750213997544,-0.6763389906671557,-0.12009793795335758,-0.9823978079100336,-0.3345252120667762,-0.8553359766634215,-0.37990527404917784,-0.9038595089212672,-1.0016395455655394,0.6769975162545934,0.6772228733838963,-0.790386157798101,-1.0812212129944723,-0.5588081172337243,-0.10431677179808911,-0.4903671546674297,-0.7869459763528921,-0.0012904541294803558,0.12214944469431245,0.514734606344233,-0.5181215015185524,0
-0.8689048261297889,-1.235819353882877,1.0038746524609323,0.5985369837740325,1,0,0,1,0,0,0.11016723354952047,-0.203585543771962,-0.8094876978806327,3.506274545295489,-1.9408378676505158,-2.8662946747633886,-0.37489559557505214,-0.029618616192489938,1.2396621194290078,-0.8601235229390669,-1.2031416894998017,-1.0971952877928055,0.7351036120226769,-0.14140249974176303,-0.7981719209177466,1.0726612200464318,-0.37831226070541946,-0.5044357158016953,-0.7076772998718532,-0.7945777810288902,0.38001373997063514,-0.7589386283284766,-0.616738567093324,0.7868434271438048,1.0716598253400103,0.7945777810288902,0.7076772998718532,-0.2582324537235989,-0.8598699510432187,-0.50962681956267,0.08523274375862654,-0.06751377738387422,-1.442709458855317,-0.30171300108041293,0.012804842605544792,-0.4803306735805153,0.05677446769459199,-0.9381911455531051,-0.97102233077416,-1.0997819088923677,-0.7700228618656133,0.2207718024881207,-0.6186874509066087,-0.9883334727336057,-0.7036964187794109,0
-1.5628119097752085,0.15564000857606544,1.7280720791585935,-0.13478617003801185,1,0,0,1,0,0,-0.596493238681898,0.636641609454675,-0.2849672597681238,0.032640675447313694,0.5562820652806573,0.4643965183619277,0.4524253175946925,-1.0248967847294734,-1.1403454298782396,1.182019513176646,1.11988137036743,0.6115020561835124,-0.9605130801146909,0.8902856381691735,-0.9713291268019709,-1.0907422609676902,1.2666289502928822,1.1558194335080305,0.9848575718326791,-0.14275387761029457,0.26045450237416956,0.4336468051348111,0.4627996229517051,-0.3408645196776156,-0.32746791392654245,0.14275387761029457,-0.9848575718326797,0.7723105503109431,-0.9349191994684248,-0.1457224436671417,-0.6770767854263857,-0.18699173903207253,1.109195039464111,-0.22015379130249568,-0.6516131881728072,0.139780294854656,0.029018475482663446,0.12408133374116129,-0.7246954876967501,-0.39960325510201306,-0.4992530300691578,-0.9529858396334858,0.28677986593896093,0.23638866577426285,-0.5799798072721716,1
0.23620645523143258,2.5005067119790976,-0.15484123025532542,-1.161438585374874,1,0,0,1,0,0,4.75393605107027,-0.7402842720959661,-0.11865590134220637,-0.12070148272522778,-1.3496608803509915,-0.4760497194391653,-0.2203403758934538,-0.37584326516647737,0.4973498626665819,-0.19217776632313555,-0.016448605109446506,0.0354273910755897,-0.12028515402460167,-0.7363218183564287,-1.701050476629417,-0.4265946418991559,-0.4012295760941722,-0.33102085009253834,0.36728888379760893,-0.31595390708670573,-0.42933542872709135,-1.1882183488005273,-1.1085803980624656,-0.13823261542069354,-0.30179343990613716,0.31595390708670573,-0.36728888379760966,-0.4253475354589299,-1.3852146900196616,1.7192874827974407,1.183475285804831,0.9395147565080901,1.6447799341731264,1.3294711944779316,1.2309045656991897,1.5040244254120325,-0.3040534310604773,-1.0140677512169813,0.5434315933313949,-0.1532440991387405,-0.194636969298146,1.2359135470257274,0.9453015509175579,0.848749735028197,0.47161139053935697,0
-0.8175043014153137,-1.0039094601397194,-0.4445202009343899,-0.13478617003801185,1,0,0,1,0,0,-0.38197130961164594,0.11971293179482702,-0.5280377066983108,0.36420692689209205,-0.2255181090975203,-0.18939920187829953,-0.45539292469913917,-1.4388136559379088,0.6657031539200058,-0.6907039692996878,-0.27467924993917725,-0.1831851147696314,0.047951157791351916,-0.5530407877303405,-1.6423236037391398,0.2293655268623043,-0.09368531281197515,0.28117923110448884,0.03622492998512883,-0.28577009270635834,0.08064310846774951,0.3295731637626698,-0.6795482780267859,0.840199749530971,0.631613269679103,0.28577009270635834,-0.036224929985129536,-0.6481676444393714,-1.6103624352952797,-0.6824813981130464,-0.4703487775118068,-0.47715250303484213,-0.37153966943728567,-0.22015379130249568,-0.26403600355210183,-0.4183195767369984,0.3620903820258042,0.7310941790521709,1.1546870928197819,0.5728670973845897,0.9053654723749538,1.5531453421937294,0.6160407084282594,0.514734606344233,1.3376276710900281,0
-1.5628119097752085,-1.235819353882877,1.7280720791585935,0.3052077222492148,1,0,0,1,0,0,-0.596493238681898,0.636641609454675,-0.822280879298011,4.403181508191486,-1.2263655233388107,-2.913249907749178,0.6348591237912165,0.12527354014509007,-1.6505551251413204,0.6960666305527307,0.3195559250042771,0.0725103131566005,0.1718992743484424,0.8405027354558389,-0.8135887821395351,-1.1323405098145463,1.2388968536673024,1.1868269859883742,1.179804912165518,-1.0712207285677868,-0.042966635890454075,-0.9869772470118643,1.1184711401310403,0.28812780138292404,0.743267201623125,1.0712207285677868,-1.179804912165519,0.8558680911786088,-0.7097714541928067,0.21818193222838655,-0.4186667755331612,0.06903246449978255,1.518759958947476,0.02452383803125581,-0.4855086804782194,0.5118468759157585,0.11228645211844858,-0.7864379342253526,0.6711566230752374,1.1952481229760152,1.2607508766078017,-0.09645999267988113,-0.12479618717266176,-0.5986491559356475,0.8427612250610729,0
-0.2263982671988458,0.0783367106616796,-0.15484123025532542,-1.6014324776621007,1,0,0,1,0,0,-0.5333985536612357,0.46801470673099,-0.68155588370685,0.8531658840837809,-0.36610906074714133,-0.2994086048735772,0.526716657792449,-0.2142483197865098,0.10981534001860731,0.4564144667669089,-0.4800740491433786,-0.2664890158549621,0.4346471167319867,-0.15155577588599226,-0.24036739502068152,0.19753082453454773,0.5689726915897407,0.06270419393573683,-0.35678002163742906,-0.009609152108405178,-0.8838450799035379,0.053267762968457276,0.04837818021602056,-0.052402917832759646,0.6853382169733467,0.009609152108405178,0.3567800216374284,-0.17467491285593337,-0.25947596364157,-0.10933200607758836,0.007709740790658993,0.2397152668543526,-0.6235796198885869,-0.38327221085833024,-0.26403600355210183,0.38782468222872474,-0.8314172830871166,0.04820472807728505,0.0051618251252043045,0.028283699992091807,0.008440404549195996,0.664896315723324,-0.7833178721512579,-0.8769950965056176,0.34789477903211874,0
-0.6119022025574117,-1.235819353882877,-0.4445202009343899,0.3052077222492148,1,0,0,1,0,0,-0.7353015457273552,1.476868762681312,-0.822280879298011,4.403181508191486,-0.6569574689866768,-2.2670564633256975,-0.3916254273122825,-0.07937130531139322,-1.7336593803881883,0.12335905039954717,-0.3895812178735225,-0.915874270610654,0.9274464727118304,-0.6089442985385993,-0.9389730544309007,-1.3387887550716904,0.7279479572353664,0.33321225641263985,0.4700615648931452,-1.715344606419548,-0.06388527823031,-0.8317029857540907,1.0246168643719824,0.5551706148275117,0.8317915772352907,1.715344606419548,-0.4700615648931459,-0.5646101035717058,-0.8598699510432187,0.07262018187017576,-0.6383152839424023,-0.34060626115118536,1.109195039464111,0.5954383064766764,0.40038202722625016,0.015758101167622184,0.08453045990652028,-0.6346847228976005,0.6437869738444144,1.1174504947770867,1.3115202200696365,-0.15990635171348128,0.12214944469431245,-0.5986491559356475,0.5953280020465953,0
-1.2287084991311177,0.0783367106616796,0.27967722576327125,-1.6014324776621007,1,0,0,1,0,0,-0.7983962307480176,4.422024839562223,-0.68155588370685,0.8531658840837809,1.0027398063979185,2.7415017218251543,0.5854341406524433,-0.6561789270356283,0.6663026564095225,-0.14865195870095105,-0.22672763113716257,0.8802619444633323,0.18029617493715902,-0.008398652791086125,-0.7504665066863814,0.8184806532428844,0.3036153819326959,0.5774485132995569,1.5427439112049288,-0.3295023237687902,-0.8224522585348735,0.1488252983531482,-0.088363930047127,0.5018790214473543,0.8585231066863865,0.3295023237687902,-1.5427439112049297,0.2152602778598393,-0.4846237089171882,0.9277954652246664,1.2609982887727984,1.349153482159058,0.16404522527173035,0.10608304780917345,-0.5408768497097485,0.6978801664463103,-0.9701972441467586,-0.3311783002420958,-1.3450742035954124,-1.1775795370912954,-0.939254006738398,-0.5088613263982832,-1.1948939252628807,-1.4336869776455579,-1.0748462533011267,1
0.18480593051695732,-0.5400896726534062,0.27967722576327125,-0.13478617003801185,1,0,0,1,0,0,-0.5838743016777656,0.5232545541749558,0.7768667978742723,-0.39150952055447086,1.2106585881140144,0.7049861883272097,1.802944264637181,0.43106093358229974,-0.8781886759483992,1.3282750857498258,0.9392060833131148,0.903871219830846,-0.7112165665758865,2.4053136148969734,-0.3255266039039228,-1.492941301069822,1.5255800098304808,0.7053568144742083,0.4884925330428311,0.7482915930561997,-0.10367686544842776,-0.9177500650080361,-0.2997486893487119,-0.28167492466184973,-0.5323702640613324,-0.7482915930561997,-0.4884925330428318,2.3320513131740337,-0.25947596364157,0.16359627584405784,-0.6512357844370638,-0.06751377738387422,1.1722050270769362,-0.13859458152457876,-0.3747723420151606,0.38782468222872474,-0.10976148557697851,-0.8623145398892288,-0.013084607695344815,-0.16621037050522874,-0.2623294272472596,-0.0647368131630805,0.03983423407198747,0.45906541823023866,0.10046155601764112,1
0.2619067175886707,2.088222456435707,-0.4445202009343899,-0.4281154315628296,0,1,0,1,0,0,0.3877838476404349,-0.29255077176066474,0.6361418022831113,-0.35968378961299996,0.11210260562891303,0.05297923886739346,0.2642279406096095,-0.6860862293887076,0.12350110832262161,-0.12423045559466099,-0.16154109528721936,0.5438570192327408,0.5706849493527933,-0.4427499296722617,0.049633090239176024,-0.5699938124403987,-1.5367762601641346,-1.2652579203429928,-0.10969275007275173,0.850548042800631,-0.809805896404135,0.9913962214928349,-0.7416189638975271,-1.3560137023702907,-1.0252667612386288,-0.8505480428006302,0.10969275007275102,-0.20252742647848845,0.41596727218528484,1.127942871967207,0.6149732640397371,-0.08458205761933026,1.2352150146897614,1.4925896140337656,1.7292180887829538,0.5738579727592754,-0.7759052986632599,0.8828473903799233,-0.08607033897753999,-0.4514683405679659,-0.9223308922511192,0.5380035976561225,0.12214944469431245,0.6260729825722207,0.038603250264021984,0
0.33900750466038404,-1.2873548858258006,0.27967722576327125,0.5985369837740325,1,0,0,0,1,0,6.608919790677743,-0.7716837643272729,0.25234635976176334,-0.25494820233288673,-1.2713836023646232,-0.39644941971087494,0.6133980265789666,2.8976801582609317,-1.7141719184813995,1.6137253828003917,0.30791485349806047,-1.2608237988563054,-0.9426740410600921,0.49977612281598627,2.3496365107506034,0.02514727159079443,1.2875454851819113,0.4679931701543759,-0.964482122757493,-0.7630516575955741,-0.353574474486314,-1.6233426787439982,2.368601020418394,-0.9033308202502356,0.05659985320168903,0.7630516575955741,0.9644821227574922,0.2152602778598393,1.6918044954137887,-0.7825551014843162,-0.6512357844370638,-0.15285517856115927,-1.033144539371952,-1.1173050988595852,-0.8730858650989243,-0.046252995675895824,-0.1375174777889068,-1.3934507795363622,0.9904691974348425,2.219583560928571,1.5992131663533709,-0.7626467625326843,1.1922471827845313,0.848749735028197,0.8427612250610729,0
0.2619067175886707,0.3617821363477598,-0.15484123025532542,-0.8681093238500562,0,1,0,1,0,0,-0.11697363252486404,-0.1134573716265442,-0.20820817126385424,-0.06167921807013635,-0.08451727128431258,-0.039589649018876745,-0.5230550047150867,-0.18849704474878168,0.37357211823818653,0.04360265523349984,0.41177915617833005,0.3893703467274038,0.12271580563400232,-1.1293865561456007,-0.9995454939242499,1.0222947128642086,-0.7399327022689858,0.18310102792095637,0.25295560183580257,0.28017642692511974,-0.4011490231179076,-0.7426046238597929,0.5166219963306201,-0.7926089756884083,-0.3565705542718659,-0.28017642692511974,-0.2529556018358033,-1.0659553487776992,-0.9349191994684248,-0.018355912103706302,0.5116092600824467,0.17144214591252482,-0.18250970659880966,0.02452383803125581,-0.09793149585751397,-0.17027518936292965,-0.3318094232724056,-0.6346847228976005,0.2606118846128881,0.4950694691856613,0.12690220596014448,-0.033013633646279864,-0.20711139779498602,-0.09762646290970158,0.16231986177126023,0
-1.1516077120594044,1.109047349520155,0.27967722576327125,0.3052077222492148,1,0,0,1,0,0,-0.1800683175455264,-0.08903554433552777,-0.054689994255315046,-0.14211151990403548,0.11501749079374107,0.04135222879472184,0.43582070864485856,-0.3956124341854443,0.28648116105541704,0.6051024033491413,0.6467288129950786,-0.6413980509264579,-1.1003218152394973,1.2131032416759175,-0.5113565495715654,0.15457658581261532,0.7405563097766604,1.1460296410985449,-0.6949470730335814,-0.18555039652161812,0.6060991611000526,0.030724715562805503,-0.23629478290588848,-0.08313134896648315,0.2780957569011634,0.18555039652161812,0.6949470730335807,0.7723105503109431,-0.7097714541928067,-0.8826288048555859,-0.6770767854263857,-0.3747428216220998,-0.2770246880180474,-1.5251011477491712,-1.482135726645747,-0.6043528672675491,0.7229182807808735,0.19995793940503753,0.5251851605108457,0.31354167005482897,0.2622871218583729,0.9504049313745251,0.6160407084282594,0.5704037944582268,0.7809029193074537,1
-0.4063001036995106,-0.2051087150244015,-1.168717627632051,0.3052077222492148,1,0,0,1,0,0,-0.21792512855792381,-0.03902894559677982,0.20117363409225028,-0.24221790995629838,0.3356254550115329,0.1571751368263353,0.7312611091231838,-1.4594999139204334,-0.7731512756352296,-0.13796379594884728,0.5063420669484834,-0.3981388064701514,-1.3996382816171278,-0.3537314263191963,-0.2060242967172353,-1.4102924452912566,-1.1825836058794559,-0.7419837217093636,-0.2763926451691775,-0.26889098598050765,-1.37028064639278,1.7968188175733646,-0.36028420491836244,-0.9862494725984026,-1.3826721744602646,0.26889098598050765,0.2763926451691768,-0.5367575899491508,-0.4846237089171882,-0.9645072894320803,-1.4523068151060594,-1.7402052404586603,0.4790951633358572,-0.30171300108041293,-0.2086678343205727,-1.2864749325462383,-1.3310251429018278,1.33810702436318,-0.6060936743631827,-0.6848612251647502,-0.9900233502002335,-0.7309235830158842,1.439192814651505,1.4054416161681371,-1.198562864808365,0
-0.2006980048416086,-1.2615871198543382,1.0038746524609323,1.478524768348486,0,1,0,1,0,0,0.16064298156605036,-0.2169594015741853,1.4165258687431854,-0.5419584304596059,0.5234420576931105,0.2519799881881193,0.9723282471842808,-0.35266520546476915,0.8390558595656572,1.1256530622618617,1.5938155037447346,1.2813593306175655,-1.2434671234513401,1.5953116626289783,-0.2889344157832664,1.7042804872032402,1.1179843467072208,1.3986541857539974,1.913699080063183,-0.15036214763897582,0.24197051951127596,0.19459590725795134,0.5656200608917035,-0.41211052538415405,-0.7065246270797434,0.15036214763897582,-1.9136990800631837,3.251184262718354,0.8662627627365218,3.9300065663627746,4.672010419363361,5.223653095607798,1.0146800580448727,2.7975369704804414,1.7292180887829538,4.356534880213821,0.11228645211844858,0.04820472807728505,-0.3688900476960481,-0.03654765684034838,-0.194636969298146,-1.1116017372174867,1.1099319721622063,1.127095675598167,-0.3944048900113141,1
-0.1749977424843705,0.6967630939767645,0.5693561964423357,0.5985369837740325,1,0,0,1,0,0,0.3499270366280375,-0.28731752305544694,0.3035190854312764,-0.27925148777910086,-0.03265137749210122,-0.0051558114959646415,-1.7821764585085365,-0.7522269010326165,0.4522268636055706,-2.0447533606576944,-1.8334631486834227,-0.7423647991007856,1.3856102234515775,-0.6046111084658945,-0.6540078287131013,0.6542894920504566,-1.0823801368286043,-1.1303538175093892,-1.0618771407249559,0.040659774866796713,1.8740394528775859,0.3772843430269463,0.0392885678342178,1.6890602581565874,1.2800213916361391,-0.040659774866796713,1.0618771407249543,-0.5367575899491508,-0.5596729573423944,0.20908432283099887,0.5245297605771081,0.03489590402886805,-0.7180946013078251,0.18764225758709038,0.8433273810784847,0.44983577907224165,2.221741860225006,0.7310941790521709,1.0178388466656656,0.8840576101803024,1.5992131663533709,0.664896315723324,-0.7010026615289333,-0.7656567202776299,1.3994859768436472,0
0.23620645523143258,-1.41619371568311,-0.8790386569529866,-0.13478617003801185,1,0,0,1,0,0,-0.33149556159511606,0.07842841423144209,0.48262362527457214,-0.3197569635227911,0.6239907325908753,0.30743188238086083,-0.6478528294245534,-2.158592287800732,1.2607305927819001,-1.8330115147252461,-0.37704759826171447,-1.230815887088985,-0.6294942679942088,-0.8579255642840482,-1.59192515484606,0.6001763931165703,-1.6124428992039486,-1.0469854047779474,-1.3475953222069719,-0.3421574382520592,0.043626014597258275,1.367979984516793,-1.1203415607662717,0.8774095231360436,-0.5319971245815641,0.3421574382520592,1.3475953222069719,-0.8709877534198129,-1.535313186870074,-0.4277483349861756,-0.06981326217730856,-0.6990401460957827,-0.5920746260821743,-0.5463906304141645,0.06817301183707392,-0.4803306735805153,0.1400424443303771,1.4898602356909325,0.4339529964081015,-0.24400799870415715,0.10997909147286698,0.1890486229713212,1.2745623934068555,1.1827648637121608,0.038603250264021984,0
0.930113538876852,-0.02473435322416849,-2.327433510348309,-0.4281154315628296,1,0,0,1,0,0,-0.07911682151246661,-0.1320644781339853,0.6745213465352461,-0.3631556875338877,0.44498297934688336,0.17908757888637028,-0.5166906822033018,1.2815544538468409,-0.17901184088922123,0.06811685526511796,-0.13617835224016772,-0.21957975693697104,-0.3311666595463262,-1.1879853520296662,0.3024244418397485,0.49836424942818264,-0.8151807813367191,-0.7147243207105338,-0.35678002163742906,0.05436948222367098,-0.4685499948941393,-1.4560115399982845,0.7455231920380649,-0.9003407855213691,-0.5207506619940754,-0.05436948222367098,0.3567800216374284,-1.2052179168904753,-0.03432821836595151,-0.8553359766634215,-0.4961897785011287,-0.767313267037611,-1.0646495331783645,-0.38327221085833024,-0.26403600355210183,-1.1624527388592034,-0.19302946221276363,-1.1658209625447336,1.3371514210252706,1.5842362639706562,1.0407503882731821,0.37938770007212164,1.439192814651505,1.6281183686241134,1.3994859768436472,1
-1.280109023845593,0.3617821363477598,0.5693561964423357,-0.8681093238500562,0,1,0,1,0,0,0.26159447759911014,-0.25882539121592774,-0.20820817126385424,-0.06167921807013635,-0.3628742770513202,-0.1513878227945654,-0.05273935949336027,-0.5714894383573392,0.9664073997611509,-0.040928170411681425,0.23782903426526183,0.7991365202169213,0.4829328297407662,-0.5165138794032692,-1.6175098344551448,2.0605309840417627,-0.9142554155286255,-0.12232683657850098,0.4407888507730546,0.6527578856825103,-0.442759219208472,-0.835998654727478,0.7495236317983865,-0.8512687021455498,-0.4286177393833499,-0.6527578856825103,-0.4407888507730553,-0.3139374809687093,-1.3852146900196616,0.9550882934168308,2.0103873174631492,1.434494883336343,-0.6865896075014126,1.0032343553662626,0.8433273810784847,0.7598912632898273,-0.3595654154843339,-0.7105613285614767,0.32447439948480933,0.6765972683164937,0.2622871218583729,-0.2233527107470814,-0.37174181903963527,-0.09762646290970158,0.22417816752487937,0
-0.6890029896291251,-0.7462318004251005,-1.6032360836506476,-0.4281154315628296,1,0,0,1,0,0,-0.016022136491804253,-0.15706777750335926,0.41865771818768077,-0.29545367807657696,0.27227457711618225,0.10753674766992953,-1.3058909245133556,-0.7509569459799741,0.8396001918999035,-0.8213940744146313,-0.3857911835576807,-0.04381103667579808,0.7749256238886153,-1.1934987429367678,-0.7787871134470717,-0.12074156483795903,-0.6174427810974761,-0.715943847159927,-0.01001094667634824,-0.04982429368856782,0.6233432380699144,0.2505401416226106,-1.269095217490119,0.4974047101942779,-0.19743238646831884,0.04982429368856782,0.010010946676347532,-1.1495128896453646,-0.7848207026180125,-0.2548937564358004,-0.2765412700918884,-0.4942207832702994,-0.30852968182446,0.758556726032511,0.8433273810784847,-0.4183195767369984,0.4731143508735179,0.12408133374116129,-0.2959043164138529,-0.8793552956620708,-0.6515610604546642,0.37938770007212164,0.03983423407198747,0.013711913318286572,-0.1469716669968365,0
0.6988111776617119,-1.41619371568311,0.5693561964423357,-0.13478617003801185,1,0,0,1,0,0,0.31207022561564,-0.2832472185069442,0.48262362527457214,-0.3197569635227911,0.08290004021266031,0.029278026026947467,1.5220180583412757,-0.7066813319690407,0.8945351320505552,0.5661830215967253,1.4669907898511205,-0.21754747627121887,-1.8410693783531453,2.1421755855868967,0.1342149364369275,0.17943483632718338,1.7081017897415136,1.509740517645706,-0.11207882534413707,-0.18555039652161812,0.024033444482322787,1.1043958828647342,-1.042544786738251,0.9288477604992831,-0.43319210576316947,0.18555039652161812,0.11207882534413637,2.443461367664254,0.41596727218528484,0.8641121994429487,0.8346217724489774,1.5710411252199985,0.6051151385615076,-0.8726274695258333,-0.9284540343304539,1.3800022317249987,0.05677446769459199,1.1104772073715516,0.1785029369204177,-0.39960325510201306,-0.025405824425361403,-0.0012904541294803558,1.0276167615398821,1.0157572993701793,-0.08511336124321738,0
-0.25209852955608386,1.4440283071491598,-0.8790386569529866,-1.6014324776621007,1,0,0,0,1,0,-0.09173575851659908,-0.12741270150712503,2.5423258334724728,-0.6536378135814946,0.980038344442392,0.40715585338877514,-0.23005683746715422,-0.32624396796867583,0.4236707351746324,0.293846768585503,0.35491302599629027,0.8864067693061792,0.3539376630246918,-0.9709146835433852,-0.4097332559856991,0.15582380895619788,-0.46408366096866766,-0.7364183994340369,-0.10969275007275173,1.3177450462494995,-0.6502268791553525,0.03731830332942899,-0.4225841876272354,-0.8571454410256477,-1.1803735508392539,-1.3177450462494995,0.10969275007275102,-0.7874302125521474,-0.10937746679115769,1.0005763404037717,0.9379857764062678,0.683490552976235,0.1325402314653172,1.4925896140337656,1.7292180887829538,0.9459245538203791,-0.7203933142394032,-0.17942508891434333,-0.6334633235940058,-0.7367263106307022,-0.9900233502002335,-0.6040308649486834,-0.20711139779498602,0.514734606344233,-0.2706882785040748,0
-1.1516077120594044,0.18140777454752677,0.27967722576327125,0.3052077222492148,1,0,0,1,0,0,-0.1800683175455264,-0.08903554433552777,-0.6047967952025805,0.5233355815994465,-0.640291334313858,-0.472919370573446,-1.026500520316662,0.00314281569919594,0.8835375448174085,-0.010051487348076187,0.5573508889839559,-0.7280555041535327,-0.8040246035694527,0.6196709809633886,-0.7764598413637281,0.2233339021129014,1.0275050227855098,1.472839358085709,0.12355936367902995,-1.1155255455628834,2.0465419041117348,-0.7821540370861554,-0.9833963890643046,1.0324353028063153,0.7133575157735667,1.1155255455628834,-0.12355936367903066,0.27096530510494976,-0.9349191994684248,-0.9190192424451392,-0.6770767854263857,-0.27233314020935756,-0.2770246880180474,-1.1988643086375024,-1.3713993881826885,-0.790386157798101,1.611110031562582,-0.8623145398892288,-0.5604775923118106,-0.944186652494511,-0.5330992590437151,0.41111087958892223,0.12214944469431245,-0.3759724034796717,-0.7036964187794109,0
0.544609603518286,-0.9523739281967958,1.0038746524609323,2.505177183685348,0,1,0,1,0,0,0.5770679027024219,-0.36174594908521135,0.9431781563001896,-0.4702058734279261,0.14027559274592064,0.0851771129147918,-0.5730394268960853,0.774067540247557,-0.7085272608307684,-0.2561554390173506,-0.7650629040186934,0.09570458905991673,1.0038721035021168,-0.3253736579994068,0.8620078205907599,0.13095265104984516,-0.27664008954316494,-0.4645615216423648,0.3186972389638403,-0.18555039652161812,0.4717157471131868,-0.19889148001298732,1.1001752866389751,0.0717378950476706,0.541065338597788,0.18555039652161812,-0.3186972389638417,-0.3139374809687093,0.7912135143113154,-0.009258302706318612,0.05939174276930372,-0.05044549714841698,-0.37153966943728567,0.6769975162545934,0.5664865349208381,-0.35630847989348147,0.6674062963570164,0.04820472807728505,0.7806352199985308,1.2860120225414318,1.243827762120523,-0.033013633646279864,-0.20711139779498602,-0.32030321536567735,0.5334696962929761,1
-0.2006980048416086,1.109047349520155,0.27967722576327125,-1.8947617391869185,1,0,0,1,0,0,0.11016723354952047,-0.22917031521969353,2.503946289220338,-0.6536378135814946,0.8146179381073326,0.32889713174579305,-0.27731866524721854,1.8535440842675899,-1.2541431935045182,0.8134289468391533,0.052267604856885905,0.6071739884921021,0.5892226352639309,-1.309304696517327,2.130309518845051,-0.22964489657262996,-0.35689062658691384,-0.6960482908355011,-0.5745260083472232,1.3979208031972914,-0.9226234709823833,-0.4099501148336048,1.4836847853802677,-1.4527766652260046,-0.7475061273641146,-1.3979208031972914,0.57452600834722245,-1.3166279713806959,1.391607501712964,-0.982702508226857,-0.9354867953196102,-1.0062691903340089,-0.8756195703398886,-0.05703537174666111,0.2342775195316623,-0.9764194483286528,-0.9146852597229018,-0.482931511569848,-0.350643614875499,0.4302381123532211,-0.21156008378542468,-1.0798785577006862,-0.7010026615289333,-0.09762646290970158,-0.2706882785040748,0
-0.894605088487027,0.05256894469021735,1.0038746524609323,-0.4281154315628296,1,0,0,1,0,0,-0.3188766245909836,0.049354810313565374,-0.10586271992482811,-0.13343177510181614,0.22829011754703346,0.14107619980263614,0.9532802184780935,-0.12372223585879151,0.0917370309506567,0.5278466086708784,-0.09812456126239681,0.7244975011520814,1.0703248581742801,0.6609064957597489,-0.5457689961022785,0.19688964496112488,0.4147132380430271,-0.13675407795990457,0.39961991949913633,0.5917900106131198,-0.6651893658678281,-0.3769267478597522,0.0724475107026802,-0.3018641666666972,-0.005947004720155675,-0.5917900106131198,-0.39961991949913706,0.15955525061472892,-0.8598699510432187,-1.3557044935197728,-1.0646918002662225,-0.8697229484503528,-1.4742144526617298,0.35076067714292497,0.17890935030013266,-1.1004416420156866,-0.7481493064513315,-0.5588081172337243,-0.7246954876967501,-0.5811310542328463,-0.6515610604546642,-0.3819686083310823,-0.9479482933959068,-0.8213259083916238,-0.5799798072721716,1
0.7502117023761872,0.7225308599482267,-1.6032360836506476,0.5985369837740325,1,0,0,1,0,0,0.2363566035908452,-0.27394366525322367,0.39307135535292426,-0.2919817801556892,0.08238354182802103,0.014967859783659318,-2.117462968240463,0.42127015541905216,-1.5240961516607319,-1.3500148987322855,-1.7936194473431097,0.5504998349632355,1.9499294544360288,-0.8079667570832127,0.7575676059702096,-1.9102437934044287,-0.19582000773152114,-0.9870473965738289,0.05712944868845589,0.6941558255444445,2.1370729384065292,0.18070808820108192,0.16387970768123228,1.62961126484935,1.368133456222,-0.6941558255444438,-0.057129448688456604,-0.7038726716844818,0.8662627627365218,0.4001341201761507,-0.7029177864157086,-0.7331767065666972,1.2352150146897614,1.247911984700014,1.3416409041622488,0.2638024885416898,2.471545790132362,0.5034643620605421,0.9630995482040194,0.9099901529132779,1.5992131663533709,0.6331731362065233,-1.0302635040182315,-0.8769950965056176,1.646919199858125,0
-0.6890029896291251,0.9544407536913834,2.8867879618748513,-2.334755631474145,1,0,0,1,0,0,1.0187306978470585,-0.4885068621671538,-0.1826218084290977,-0.08829710213027563,-0.6828352789411404,-0.30745807338542674,3.008894676503692,-1.3635078363451785,1.1430537147527144,0.8538166965021855,1.3147354708993277,1.1251931819080914,-0.9550000645018232,2.9052724057368398,-0.6492496191622927,1.6943369612924766,0.6002951810481184,1.1197700025755952,0.6109019818860374,0.92874415142872635,-1.2810273362643163,1.2210532804266727,0.14005252427222883,-0.5582088475794702,-0.615983040638715,-0.92874415142872635,-0.6109019818860381,3.39044683083113,-0.3345252120667762,1.1097476531724306,1.9457848149898431,2.1684309334609937,-0.34003467563087314,-0.6279498401920818,-0.9284540343304539,1.069946747507413,-1.3310251429018278,0.4275877563966659,-1.4727992333392537,-1.1905458084577836,-1.2946394109712458,-1.3019408143182878,-1.1125787146405561,-0.8769950965056176,-1.7552876165909395,1
-0.9460056132015023,0.7482986259196881,-0.4445202009343899,-0.4281154315628296,1,0,0,1,0,0,-0.1295925695289965,-0.10706117876461133,0.35469181110078946,-0.2896671815417641,0.3366160904993957,0.14152339249773888,-0.0703258896764112,-0.5967437533088783,-0.13311630149943618,-1.7756557884492563e-4,-0.2977972230263912,0.7260868468195302,0.689113647020778,-0.518621886573748,-0.8539077402846644,0.5174749921735334,-0.5463007274483546,-0.20685459045094004,1.2447151562244891,-0.24419747799268982,-0.4204110168121795,-0.03637649987260033,0.7019869056086311,-0.5414625701756917,0.18519772824446498,0.24419747799268912,-1.2447151562244898,-0.23037994010104354,-0.4846237089171882,1.4190663726836301,1.519408298666023,1.178470679804488,0.6996301199807459,2.3081817118129377,1.6738499195514247,0.8219023601333442,-0.3040534310604773,0.12408133374116129,0.4978155112800227,0.806259981981374,0.5161338391675497,0.31594134103852145,0.6983559190505837,0.6260729825722207,0.7190446135538346,0
-1.2544087614883548,-0.8493028643109486,1.4383931084795292,-0.8681093238500562,1,0,0,0,1,0,1.3089662489421054,-0.5402578771409743,0.32910544826603294,-0.2885098822348015,-0.40837206253483677,-0.19252955074401884,0.7237520911412377,-0.0241878201306352,-0.07994954839577445,0.7642581615939275,0.5899046662049153,0.7984176321932552,0.14184916910249057,0.17429950037400166,0.48487139891469894,0.5136499914194531,-0.3958824638481489,-0.7765385192658071,0.1590389773671773,0.9312135022275074,-0.8322368937459048,0.5189320655485667,0.625462416142969,-1.4250137449641511,-1.5250436803208007,-0.9312135022275074,-0.15903897736717798,0.18740776423728422,0.491016520610491,0.11810822885711679,0.369483754641173,0.18851042614798086,-0.844114576533476,1.4110304042558486,1.4523772426253072,0.07776919801113909,-0.7203933142394032,0.6552175733882943,0.44307621281837667,0.7154960824159574,0.04228663352375219,-0.6992004034990842,0.6983559190505837,1.4054416161681371,0.2860364732784985,1
0.5703098658755232,0.6452275620338409,-0.8790386569529866,-0.4281154315628296,1,0,0,1,0,0,1.3846798709669002,-0.5495614303946948,-0.16982862701171944,-0.0940835986650885,-0.7890544039794632,-0.34994137942018844,0.29991369730017314,-0.4621788123726861,-1.3297265195919492,1.7153526050221917,1.6265975180027457,0.1099129563782315,-1.761451752364715,-0.41458971469414746,-0.5183782624960377,-1.130931949937147,-0.15714990783150642,-0.8504537532302632,-1.6253768875367096,1.761937170948765,-0.8312904547655601,0.11505496081107902,0.6813031553589313,-2.473157862592583,-2.9449590002240216,-1.7619371709487643,1.6253768875367083,-0.5089050763265954,-0.6347222057676005,-0.5733100853443877,-1.0259302987822392,-1.0233374705694662,-0.11949971898598452,-0.7910682597479163,-0.09793149585751397,-0.4803306735805153,-0.9023492631842669,-0.17942508891434333,-0.8270782496342753,-0.3895183773725226,-1.2871180267546776,-1.985751572791536,0.25019532788459464,1.4982235963581267,-1.212309154975835,0
1.135715637734753,1.1348151154916164,-0.8790386569529866,0.3052077222492148,1,0,0,1,0,0,0.009215737516460692,-0.19544493467495652,-0.041896812837936774,-0.1710440025780999,-0.04145534753102139,-0.018124399653944526,-0.8490392695477152,-0.12080514693050459,0.3027143104126139,-0.8210045430076796,-1.1639344405987238,-0.17142075791272218,1.02947584358935,-0.7339119569594217,-0.03657897656139657,0.1551660745925196,-1.3802255576335587,-1.5050541631630252,0.06817655206826204,-0.3014141428425148,0.44729359224048515,0.12916483966379158,-0.2578936625171765,-0.2594838655807274,0.04377932228538549,0.30141414284251544,-0.06817655206826274,-0.28608496734615396,0.7912135143113154,2.5835603755493204,2.294638328345697,1.434494883336343,1.0776900456576979,2.7159777607025237,2.9473178118765997,1.752068812786101,0.6118943119331598,0.35171115073279,0.6802798394855113,0.4302381123532211,0.2961333508329291,0.9821281108913258,0.7806711296729086,0.6817421706862145,0.5953280020465953,0
-1.305809286202831,1.2121184134060021,1.7280720791585935,-0.13478617003801185,1,0,0,1,0,0,-0.21792512855792381,-0.04077336183185243,0.047655457083711085,-0.21386407693571524,0.2328284130642841,0.13392111668099205,1.3057733259899358,-0.30676083450280633,1.2178981805749594,0.8759056379814718,1.538981299426567,-0.5612319884048421,-1.5618172515622197,2.3196015113573094,-0.21695625285632134,-0.2530677204633797,1.4835087915205005,1.2765563576267538,-0.31054414497595056,-0.4574595924329467,0.5020089032811855,0.20369686102287862,-1.9192162659843077,0.28772991492475714,-0.7544422406603666,0.4574595924329467,0.3105441449759499,1.3850658500071569,-0.6347222057676005,-1.4375829780962672,-1.3231018101594472,-0.7843815472730677,-0.7180946013078251,-1.0357458890816678,-1.0391903727935126,-0.9144083514851348,0.6674062963570164,0.4275877563966659,0.6802798394855113,-0.5033334260339178,-0.36386811417093057,1.3628062650929278,1.7684536571408034,1.6281183686241134,0.34789477903211874,1
-1.280109023845593,-0.2566442469673251,0.5693561964423357,-0.8681093238500562,0,1,0,1,0,0,0.1858808555743153,-0.24719594964877709,0.5082099881093286,-0.34058835104811747,0.17195100793613272,0.07310291014701742,0.8192155367862562,-1.2443901454455184,0.42761054097380347,1.020140119416286,2.647364076612467,0.45399296906983655,-4.4735698136457,-0.499798811541501,-1.4814035401884138,1.8365820044728172,-0.9124299384010652,-0.4348397293134166,0.2792118624399347,0.3422733367180179,-1.638532229361071,0.2239269811060595,1.2610298606527715,-2.2828933954140203,-3.8662393177949195,-0.3422733367180179,-0.2792118624399354,-0.28608496734615396,-1.2351161931692491,1.0096739498011607,1.9328643144951818,1.3662217623945152,-0.7811045889206503,1.3294711944779316,1.2862727349307197,0.7598912632898273,-1.5808290728091832,-0.17942508891434333,-1.0805009276974533,-0.3607044410025493,-1.1931007240475748,-3.3956706624271,2.2623449208747504,2.7971713190179877,-2.9305954259097073,0
0.8787130141623758,-1.9057812691408853,1.0038746524609323,-1.161438585374874,1,0,0,1,0,0,0.097548296545388,-0.22917031521969353,0.34189862968341117,-0.28908853188828276,0.14617946332829893,0.047165733831057655,1.7987513577119572,-0.8304765999349754,0.649243820134485,1.3095666283382983,0.7441390015705991,0.5196602428260768,-0.43965253387760317,1.6858236123950896,-0.577710805446172,-0.16691448449379107,0.42786266550720753,-0.12065814359944849,-1.2550770539175564,1.9535247329232248,-0.8167524593100078,0.5611171934829094,-1.055271011665304,-1.344878733684275,-1.085216339990152,-1.9535247329232248,1.2550770539175558,1.9421161224582606,-0.3345252120667762,0.8095265430586199,0.5891322630504142,0.7517636739180628,0.25856020669096863,-0.5463906304141645,0.012804842605544792,1.0079356506638961,-1.0257092285706153,-0.17942508891434333,-1.755618942057761,-1.9036907336146256,-2.1577182498224468,-0.635754044465484,-1.3595243465075295,-0.7099875321636356,-1.6934293108373202,1
-1.5371116474179702,1.0575118175772313,0.5693561964423357,-0.8681093238500562,1,0,0,1,0,0,-0.29363875058271866,0.0191182622389736,0.4954168066919504,-0.34000970139463615,0.58262333368779,0.2774699718089763,0.8553726166801275,0.6399070637802465,0.7080054656980597,0.6913341541424712,1.4417196246612802,1.1406083314581852,-1.0160732678128632,0.5740052042467577,0.6725074511875229,0.5360586774068281,-0.13045373053292664,-0.1972801121252573,0.1590389773671773,1.3979208031972914,-0.6158772087855666,-0.2045893257848672,-0.42917991644065645,-1.0633035271887432,-2.066911753701504,-1.3979208031972914,-0.15903897736717798,0.605195468575612,0.7161642658861095,0.23637715102316323,0.48576825909312477,0.4103980692089227,-0.43454965705011084,0.18764225758709038,0.12354118106860354,0.3258135853852078,-0.8314172830871166,-0.6346847228976005,-1.4545528005187045,-1.4109724216880806,-1.650024815204093,-1.7460653275534903,-0.4540570296619595,0.23638866577426285,-1.6315710050837011,1
0.2619067175886707,0.28447883843337485,-0.4445202009343899,0.3052077222492148,0,1,0,1,0,0,0.4256406586528323,-0.3099949341113908,0.07324181991846762,-0.22427977069837846,-0.2184668709008846,-0.06507963263973376,0.2219593757294516,0.42397718436343174,-2.1173412699492444,0.033011700391232114,-0.6228289875506677,-0.4443484155153403,0.8572636014852664,-0.4509204341520358,0.03557193395657343,-0.8039880166141751,-1.6486036267970061,-1.5479439441518954,-0.20714969601966604,-0.4005896952488784,-0.7591942998133937,-0.5462868086530301,2.086546026984536,-1.6793238131928472,-0.7015577911558719,0.4005896952488784,0.20714969601966532,-0.20252742647848845,0.41596727218528484,1.1734309189541483,0.5116092600824467,-0.22112829950298704,1.2667200084961745,1.8188264531454346,2.172163442635189,0.5738579727592754,-0.6093693453916895,-0.3311783002420958,0.6985262723060605,1.7657640631014886,0.8038267854512828,-0.7309235830158842,0.7806711296729086,0.6260729825722207,-0.023255055489598248,0
0.3904080293748593,0.43908543426214564,-0.8790386569529866,-1.6014324776621007,1,0,0,1,0,0,-0.20530619155379135,-0.06752107743629901,-0.4128990739419065,0.09744943663721801,-0.24609094459855363,-0.12723941725901666,0.46774448463189966,-1.2563298336783828,1.6060367139747422,-0.12771698694635109,0.17043157328121658,-0.18800558199814188,-0.5552171491957465,-0.43033076286300465,-1.0274514810081843,1.0182889555678456,-0.6524569557061134,-0.21337072551567332,-1.0383979846077995,0.7734532878151856,-1.0803915198638836,0.6950737854504576,-1.172223793618697,-0.47442773883432954,-0.42988437654043743,-0.7734532878151856,1.0383979846077986,-0.3139374809687093,-0.8598699510432187,0.49111021415003275,0.9767472778902511,0.6322857122698633,-0.30852968182446,-0.709509049969999,-0.319404172783631,0.5738579727592754,-1.053465220782544,0.5034643620605421,-0.3415203984652251,-0.8663890242955825,-0.9731002357129547,0.664896315723324,-0.28942660841731066,0.06938110143228039,-0.20882997275045564,0
0.18480593051695732,-0.30817977891024867,-0.15484123025532542,-1.161438585374874,1,0,0,1,0,0,-0.2810198135785862,0.00981470898525305,-0.4001058925245282,0.08645509322107353,-0.14339691136092045,-0.05926612760339795,0.8942880522051301,0.5642734697836002,-0.5491160307010888,0.307995972717214,-0.18814206912678105,-0.4611366660465412,0.20475782245487406,0.41029449040628996,0.5220739327106807,0.5456756920865543,-0.24482557069572214,-0.1793491720022086,0.5274811195133241,-1.1520847651812123,-0.8335678855147118,-0.2514808408486884,1.2990114552481677,-0.6588475339002401,0.06949434532788587,1.1520847651812123,-0.5274811195133248,0.32667033235006016,0.41596727218528484,-0.16391766246191838,0.13691474573727128,0.03489590402886805,-0.5920746260821743,0.6769975162545934,0.4557501964577793,-0.17027518936292965,-0.7203933142394032,-0.1035484832504671,0.4521994292286506,1.0915179520441112,0.7192112130148905,-0.28679906978068154,0.9453015509175579,0.4033962301162448,0.22417816752487937,0
-1.3572098109173063,1.547099371035007,0.27967722576327125,0.3052077222492148,1,0,0,1,0,0,0.9303981388181312,-0.4722256439731428,0.48262362527457214,-0.3371164531272297,-0.2006745132716574,-0.10264381902836514,-0.3452367733491107,-0.10082325723105179,-0.4352903548596082,-0.5885067313236066,-0.44817911789923487,0.338982533196489,0.5408598384205179,-1.036313049232335,-0.7764598413637281,-0.461823638389693,-1.2277538080418655,-0.813730140767325,0.01898787070343759,0.4434998061064408,-0.5554116509519358,-0.6394573392255527,0.13096827892655116,-0.4223850327587649,-0.211794299464935,-0.4434998061064408,-0.0189878707034383,-1.038102835155144,-0.8411076389369172,-0.50962681956267,-0.6544659095607289,-1.05747403104038,0.10891148611050791,0.08569324536469386,0.08201505414495645,-1.1004416420156866,-0.44283339212011924,-0.482931511569848,0.4704458620491997,0.4691369264526849,0.2622871218583729,0.31594134103852145,-0.04248097655033679,0.18071947766026855,0.34789477903211874,0
0.23620645523143258,0.5936920300909173,0.27967722576327125,0.5985369837740325,0,1,0,0,1,0,-0.40720918361991093,0.09877993697395579,0.29072590401389814,-0.28098743673954474,0.6294993601968331,0.2931217161375727,-0.12856966318571622,-0.7237112359857822,0.9669079245251644,-0.11809679176924645,0.46037745686241077,-0.1078917923091476,-0.8932858614749952,0.6592825895146642,-0.2978250357549312,1.6787569139427674,1.0606079437109064,1.6053541373500169,0.7837886966584708,-0.924503623057108,0.8375266417456118,0.6949618007563617,0.36519327537977364,1.2112218283147018,0.9688026169416061,0.924503623057108,-0.7837886966584715,0.6330479821981672,-0.25947596364157,0.07262018187017576,0.9379857764062678,1.3832900426299712,-0.844114576533476,-0.9541866793037505,-1.3160312189511594,0.5738579727592754,0.5841383197212315,0.4275877563966659,-0.5239847266707137,-0.2699405414371327,0.2115177783965368,-0.667477223982284,-0.12479618717266176,-0.5429799678216537,-0.5181215015185524,0
-1.3829100732745436,-0.46278637473902035,0.27967722576327125,-0.8681093238500562,0,1,0,1,0,0,0.03445361152472564,-0.2152149853391127,-0.2721740783507456,-0.029274837475184185,-0.278208395179635,-0.14289116158761306,-0.21560692049385127,-0.034536726878367674,-0.5369111653071631,-1.3378985737017013,-1.2319179056715441,-0.9676129289660369,1.1834903006337518,-0.37494950846208663,-0.7008599499045546,-1.0801547548605854,-1.0005415907748079,-1.3167993861933467,-0.5448307780589733,-0.7793520964162078,-0.07483845955893847,-0.6547033707391334,-0.3514758093020401,0.8152947448101626,0.31595530532752064,0.7793520964162078,0.5448307780589726,-0.17158018912009393,-0.43459087663371765,0.9207195468044777,0.1512708573980064,-0.2609542867190535,1.0846911553924563,1.320409060058163,1.8584104836565227,0.8976937007198638,-0.026493508941193386,-0.5588081172337243,0.22411901897178985,0.002351157259115363,0.3299795798074865,0.1890486229713212,0.03983423407198747,-0.32030321536567735,-0.08511336124321738,1
0.2876069799459088,0.6194597960623787,-0.15484123025532542,-1.8947617391869185,0,1,0,0,1,0,-0.11697363252486404,-0.1134573716265442,-0.06748317567269331,-0.14269016955751676,0.044050019018940706,0.023017328295508902,-0.12741327256479648,-1.3989555180339166,0.7229252121395668,0.2376490905522682,1.0507546990467216,-0.0382117473486138,-1.1713713224086766,-1.061700861706887,-0.985558932635189,0.8081938918516625,-0.8656520870073607,-0.10067698370371002,0.06512235289855199,-0.11670382262079637,-0.8836677342935548,0.9327990485629614,-0.17610606374363452,-1.17941438082683,-1.4643240498877623,0.11670382262079708,-0.0651223528985527,-1.0102503215325889,-0.9349191994684248,-0.082039177885424,0.3436427536518511,-0.03337721691295973,-0.2140147004052217,-0.05703537174666111,-0.09793149585751397,-0.29429738304996345,-0.8036612908751883,0.9587239960437993,0.20587258615124074,0.08014878545804377,-0.39771434314548676,-0.28679906978068154,1.1922471827845313,1.2384340518261547,-0.5181215015185524,1
-0.8689048261297889,-0.9266061622253344,1.0038746524609323,0.3052077222492148,1,0,0,1,0,0,0.7284951467520117,-0.407100771197099,1.0839031518913507,-0.5008743050624344,0.12272456514830793,0.07399729553722294,-0.0657311073454627,-0.5640539026463132,0.4172188800859096,-0.0019475340160626396,0.2477856359197947,-0.15395868367358184,-0.2825836463244561,-0.29371192592070833,-0.9096421850198221,1.3598288046373896,-0.5258700627147201,-0.809630509214022,-0.591162492785821,0.3763264807979944,-0.20207279084148086,-0.13707788904139612,0.7961446212779343,-0.5188127595860347,-1.1125800726917459,-0.3763264807979944,0.5911624927858203,-0.3696425082138195,-0.9349191994684248,-0.4095531161914002,0.31780175266252825,0.08610074473523979,-1.7892643907258567,0.35076067714292497,0.7325910426154264,-0.29429738304996345,-0.23268087965837572,-0.17942508891434333,-0.15514612036961872,0.26908588251258353,0.03986904573985558,-1.4922798914190887,0.7336338664601519,1.0475682640067472,-0.36789418754547737,1
-0.07219669305541997,1.109047349520155,-0.15484123025532542,-1.8947617391869185,1,0,0,1,0,0,-0.4955417426488382,0.2993878040073051,2.503946289220338,-0.6536378135814946,1.487147617240203,0.735395291594197,0.9557667832453748,0.26106295423013687,-1.2207776020664103,1.3635031269758624,1.2506892365822202,1.7436565860694104,-0.4242254761427583,0.4318995710256353,-0.26079795195578254,-0.21054336681172378,-0.001028021053735534,0.6112334599671749,1.078283513832815,1.3087111581427058,-0.8974680155944706,-0.6195787607349114,1.4572680993956475,-1.8430241267372927,-1.029206754550801,-1.3087111581427051,-1.078283513832816,0.38237535959517033,-0.25947596364157,-0.04564874029587195,-0.1473362651452761,-0.135786898325702,0.7311351137871589,0.2692014673650073,-0.2086678343205727,0.015758101167622184,-0.9146852597229018,-0.7105613285614767,-0.5148615102604385,0.2616765845888761,-0.5161761445564365,-1.1116017372174867,-0.5363722402842841,0.06938110143228039,-0.5181215015185524,1
-0.894605088487027,-0.7977673323680251,1.0038746524609323,1.478524768348486,1,0,0,1,0,0,-0.3188766245909836,0.049354810313565374,-0.579210432367824,0.4799368575883498,-0.4210970006713637,-0.33294805700628377,0.527745141421137,-0.009201338764399465,0.13407725871980913,-0.35508532752811295,-0.6227459273414223,1.0438157543215296,1.5963313868446736,0.7375275042221912,-0.6678994435936342,0.4427853392909925,0.135345036109191,-0.29676660189620324,0.9068055190224368,0.5242815205937548,0.0030863263100583123,-0.656457874365697,0.26166845964738056,0.613903190278647,0.519865379307077,-0.5242815205937548,-0.9068055190224374,0.24311279148239442,-0.9349191994684248,-1.2829236183406676,-0.8967252938356269,-0.801449827508525,-1.5687294340809674,0.9216751455883455,0.5111183656893089,-1.2864749325462383,-0.026493508941193386,-0.6346847228976005,-0.07694712256726609,0.06718251409155555,0.31305646532020776,-0.2550758902638815,-0.7833178721512579,-0.6543183440496418,0.22417816752487937,1
0.6731109153044746,0.7482986259196881,1.0038746524609323,-0.4281154315628296,1,0,0,1,0,0,-0.5207796166571032,0.3691644534102092,0.35469181110078946,-0.2896671815417641,0.8675007310361066,0.5077742097868949,1.3986693459562631,-0.3788582662593998,-1.6013199110665843,0.8354532551341253,-0.11622101162516935,-0.45737338144593714,-0.448445889979491,1.3113996006519855,-0.6436551860271117,-1.4352696929493043,0.4850772079822289,-0.04109709832394235,0.18286856865026183,-0.8051695616290189,-0.6345487437178559,-0.12480477543754878,0.7467503384300603,-0.6476491928041817,0.11096968953671252,0.8051695616290189,-0.18286856865026252,1.1622457410267157,-0.6347222057676005,-0.13662483426975403,-0.8450432918569822,-0.6307670251539549,0.8256500952063961,-0.05703537174666111,-0.1532996650890431,-0.23228628620644656,-0.38732140769626244,0.27583454506891375,1.2641656897430753,1.519404907138216,1.1084428462222957,0.8235122133073248,1.6038232358961542,1.2384340518261547,1.2139110595827887,1
-1.5628119097752085,-1.2615871198543382,1.7280720791585935,1.478524768348486,1,0,0,1,0,0,-0.7605394197356201,1.6774766297146613,1.3141804174041594,-0.5350146346178304,2.190004489779316,1.7035674764916608,0.35744921933527385,-1.5637581704736392,0.42514392679139773,0.35287819412775867,1.6211194094138615,0.5814796720501761,-2.2331773874592065,0.4883121527629608,-0.9349028886533323,1.3156728413335388,0.26931574934088554,1.4217488771955082,1.2994551316290586,-0.49571485832222956,-0.009126091330314376,1.2097419738711201,0.7409383322053932,-0.2096667875372825,-0.7194735705090514,0.49571485832222956,-1.2994551316290595,0.4659329004628361,-0.8598699510432187,0.05442496307539909,0.7312577684916879,0.8200367948598906,-0.024984737566746233,-0.6279498401920818,-1.149926711256571,0.139780294854656,-0.026493508941193386,1.1104772073715516,-0.031331040515893936,0.35244048415429274,0.24536400737109418,-1.238494455284687,1.6861384465184783,1.5167799923961247,-0.332546584257695,1
-0.38059984134227254,-0.6689285025107157,0.5693561964423357,-0.4281154315628296,1,0,0,1,0,0,-0.34411449859924853,0.06970633305607908,-0.6559695208720935,0.7519021947245554,-0.5978071000732473,-0.5274768793759821,-0.4143900372709808,0.3085917499185557,0.24607197517958607,0.11954578926331343,0.17680378416170298,-0.14423627030561068,-0.20674013804192481,-0.7371521771707249,-0.606028610036008,0.005199642083978442,-0.38427841293612025,-0.27966389094917815,-0.3305796915292576,0.13114384342216406,-0.16033433563255586,-1.0306580190293704,-0.33116349468763184,-0.5425425450719544,-0.5028909358983833,-0.13114384342216406,0.3305796915292576,-0.7874302125521474,-0.7097714541928067,-0.5733100853443877,-0.4832692780064673,-0.596630464683041,-0.40304466324369825,0.10608304780917345,0.2896456887631914,-0.5423417704240322,0.3898463742377325,-0.482931511569848,2.413690957437653,1.8176291485674405,1.4299820214805863,1.9655466759121307,1.933084078385452,2.2404794378780473,2.265502257394317,0
0.18480593051695732,-1.158516055968491,0.27967722576327125,0.3052077222492148,1,0,0,1,0,0,-0.5838743016777656,0.6395489698464626,-0.24658771551598904,-0.03390403470303449,0.5650010954954711,0.5180596417742582,1.0918279404965774,-0.5928255125793471,-0.5125116304458754,0.2943582716590233,0.03736093884961732,-0.2942175621914276,-0.16381745545748247,1.9211255709533444,-1.1839138018255082,-0.8599560167340049,1.5037601784043615,1.182624784010819,0.9573302853504951,-1.3507461849940225,0.40135270526498174,-0.3723472362609128,-0.1635522949148133,1.0934438170917424,1.1060318720570788,1.3507461849940225,-0.9573302853504958,1.217950768271826,-1.3101654415944555,-1.1646546961746211,-1.3618633116434313,-0.8185181077439823,-0.08799472517957138,-0.7910682597479163,-1.2052948804881005,-1.0384305451721696,0.22331042096616224,-0.482931511569848,-0.4692454282090663,-0.47740088330094144,-0.0423289389126401,0.062155904904119784,-0.37174181903963527,-0.9326642846196119,-0.8274130302866491,0
0.004904094016293398,-0.2566442469673251,0.27967722576327125,-0.8681093238500562,1,0,0,1,0,0,-0.7479204827314877,1.5437380516924284,0.5082099881093286,-0.34058835104811747,1.7837683044646517,1.4504564110635016,2.3121492573290086,-0.9790286701752037,0.4650211354228237,2.105098147258234,3.080677924467376,1.0259911962099566,-3.444602113135773,1.6785637192100455,-1.1120101617440177,2.2504803839155234,1.3339600883781424,2.1044828428369393,1.5219753568508918,-0.11014700605881247,-1.5378987359478704,0.22976020591532031,1.625816279911002,-1.521119798296595,-1.9504142893002874,0.11014700605881318,-1.5219753568508925,1.4407708772522676,-1.0850176963188372,-0.2639913658331881,0.8992242749222835,1.4686314438072563,-1.348194477436079,-1.0357458890816678,-1.592872065108806,0.2638024885416898,-1.4420491117495413,0.19995793940503753,-0.031331040515893936,0.806259981981374,0.0761328624983096,-2.1267434817550925,1.8507688677631275,1.9621334973080773,-1.0748462533011267,1
0.44180855408933456,-1.2100515879114147,-1.6032360836506476,0.5985369837740325,1,0,0,1,0,0,-0.3945902466157784,0.09529110450381058,-0.8094876978806327,3.4715555660866118,-1.4391384806085974,-2.6096060677744077,-0.9621525740855023,1.2169405381065892,-0.421590237919673,-0.8018280411727982,-0.8744441922145744,-0.698267652816473,0.8318585396103951,-0.9435227848842341,0.7714013139388987,-1.0875925727709548,-0.4534060332131241,-0.28992506622876396,-0.6280087910670794,-0.3295023237687909,0.39513972618998644,-0.8975161775752322,-0.5165976700141718,0.633628292817413,0.8537648787899393,0.32950232376879157,0.6280087910670786,-0.9823978079100336,0.41596727218528484,-0.7006766169078218,-1.1034533017502068,-1.1940202729240363,0.41608517572303205,-0.22015379130249568,0.06817301183707392,-0.5423417704240322,0.22331042096616224,-0.9381911455531051,-0.4509989953885172,-0.6329961396987983,-0.36386811417093057,0.47455723862252236,-0.6186874509066087,-0.8213259083916238,-0.20882997275045564,0
-0.3034990542705592,0.6194597960623787,-1.168717627632051,-0.8681093238500562,1,0,0,1,0,0,-0.38197130961164594,0.08424313501501743,0.86641906779592,-0.45631828174437516,0.8587817008212933,0.4174412853761385,0.16738389786421398,0.3581961413854641,-0.22380447832885247,1.0825419898251867,1.448341509613732,0.9393676107000007,-1.2100951951250984,-0.8579255642840482,-0.14983912679309416,1.130007663420505,-1.0091476283558591,-0.20151213945662433,0.5209310369862826,0.7645323233097278,-1.0899804997600875,-0.6417409931996012,1.441496943583937,-2.463097902259004,-2.0796522794446926,-0.764532323309727,-0.5209310369862833,-0.7595776989295921,-0.03432821836595151,0.35464607318920965,0.9121447754169449,0.4103980692089227,-0.18250970659880966,0.5138790966987595,0.2896456887631914,0.20179139169817292,-0.9701972441467586,-0.482931511569848,0.4795690784594736,1.1952481229760152,-0.0423289389126401,-1.0481553781838862,1.0276167615398821,1.6837875567381073,-0.1469716669968365,1
-0.9717058755587404,0.5936920300909173,-0.15484123025532542,0.5985369837740325,1,0,0,0,1,0,-0.5333985536612357,0.40405277811166124,0.29072590401389814,-0.28098743673954474,0.8587817008212933,0.5278978810665188,-0.3717101102522671,-0.30908271744354787,-0.6918141000984219,-0.17159972610176688,-0.3170393222994389,-0.906716159297134,-0.02101787938821524,0.3209151983996451,0.09564591596480766,-0.5238187279975192,1.00756298958584,0.7833477457344157,0.04968400367083265,-1.2859286878517078,0.8375266417456118,0.5200417085785309,0.41934574599212937,1.230902372384196,1.176953253738383,1.2859286878517078,-0.04968400367083336,0.577342954953057,0.41596727218528484,0.9823811216089964,0.5245297605771081,0.9395147565080901,1.2667200084961745,0.18764225758709038,0.17890935030013266,1.3179911348814817,0.5841383197212315,0.27583454506891375,-0.5239847266707137,-0.24400799870415715,0.24536400737109418,-0.5405845059150832,-0.04248097655033679,-0.5986491559356475,-0.5181215015185524,1
0.2876069799459088,0.6709953280053031,-0.15484123025532542,-0.13478617003801185,0,1,0,1,0,0,-0.11697363252486404,-0.1134573716265442,-0.6943490651242283,0.9197105942341292,-0.9843007003531734,-0.7980284599131486,-1.177883018846904,-0.42796264404051443,0.38393892054451517,-1.464597229147057,-1.0942757587057368,-1.2258455223185756,0.7081276880562773,-1.1920358833785698,-0.9246408222615929,1.0238480402829653,-0.7150824534527803,0.021268051345302335,0.2857518833962749,-1.9553123256192235,0.4468068012169916,-0.33889271795780607,0.5040111745414608,1.2695128485090517,1.443376192176958,1.9553123256192235,-0.2857518833962756,-1.1216603760228097,-0.8598699510432187,0.00893691608845806,0.5374502610717695,0.20557870638343811,-0.34003467563087314,-0.22015379130249568,-0.3747723420151606,-0.35630847989348147,0.4731143508735179,-0.2553016945782196,0.22411901897178985,0.45617065508619664,0.9730579303240674,0.12560226393772106,-0.28942660841731066,-1.0440026608476,0.2860364732784985,0
0.544609603518286,0.38754990231922204,-0.4445202009343899,-0.8681093238500562,1,0,0,1,0,0,-0.6217311126901629,0.7238624212083051,0.12441454558798068,-0.22890896792622875,0.9830882826742212,0.733606520813786,-0.216512406299282,-1.1573243736755257,2.1445736744438655,-0.4176369834271008,-0.21883778033379933,-0.39361008806242376,-0.2350218344299306,-0.23762362798659611,-0.7959685809207213,1.130007663420505,0.05618052374500763,0.40448447595775944,-0.4481121582821066,-0.09240503183227083,0.06363504220509829,0.7910801722099694,-1.7961553323941484,0.619908266571654,0.6794001964829318,0.09240503183227083,0.4481121582821059,0.02029268250195297,-0.4846237089171882,1.137040481364595,1.6356928031179738,1.5881094054554559,0.006520256239666901,-0.13859458152457876,0.06817301183707392,1.3800022317249987,0.0012624832707351544,0.6552175733882943,-0.1864257194905595,-1.060883094792903,-0.7869459763528921,1.7117612397777302,-0.04248097655033679,-0.09762646290970158,0.22417816752487937,1
0.9044132765196139,-0.87507063028241,3.176466932553916,1.0385308760612593,1,0,0,1,0,0,-0.48292280564470574,0.2761289208730037,0.7256940722047591,-0.4025038639706153,0.9682671577500781,0.5234259541154913,2.525532350253757,-0.3441309660693749,-0.45456454652464495,2.1121474754360534,1.9774784978135092,1.4705144481057189,-1.4776775349330804,3.3482829849912226,-1.3020071974560359,0.8142141910539225,2.338286079576796,2.0138119864255413,0.8615353283924961,1.151146070773566,-0.16624930431358934,-0.8319916774258234,1.4396117025935904,-0.5347705249583518,-0.60472344802939,-1.151146070773566,-0.8615353283924969,3.6411194534341274,-1.0850176963188372,0.7731361054690666,1.1188727833315248,2.1684309334609937,-0.18250970659880966,-0.709509049969999,-1.0945585420250417,1.5040244254120325,-0.24854144663662048,-0.8623145398892288,-0.3688900476960481,0.39133929825375646,0.1438253204474232,-1.6508957890030895,-0.20711139779498602,0.4033962301162448,-0.023255055489598248,1
-0.9717058755587404,-0.07626988516709207,-0.15484123025532542,-0.13478617003801185,0,1,0,1,0,0,-0.8236341047562825,7.53290045877503,-0.5152445252809326,0.3005554650091503,2.158274147211419,5.561051664448022,-0.8367588655503994,-1.071019567485994,1.0741603188985145,-0.024069496858377094,0.4667557626881393,-0.4242233600561289,-0.6532181443282533,-0.7789683057259789,-1.3827106015534014,1.3133347734251495,0.18182467131202446,1.0682726348599443,0.1359000988749071,-0.7133741297612541,0.3851976187392581,0.08483884134951374,-0.14863835074839635,0.21281056903787068,0.43615495423522466,0.7133741297612541,-0.1359000988749078,-0.5367575899491508,-1.0850176963188372,1.3098950599149712,1.9070233135058599,1.9124067299291387,0.5421051509486824,0.02452383803125581,-0.04256332662598434,2.1241353938472036,0.3898463742377325,0.12408133374116129,0.14201007127932075,0.04124997135858002,0.12690220596014448,0.506280418139323,0.4514102871836102,0.1250502895462747,0.22417816752487937,1
-1.1516077120594044,0.10410447663314094,0.27967722576327125,-1.6014324776621007,1,0,0,1,0,0,-0.23054406556205628,-0.03670305728334969,-0.7071422465416066,0.9399633321059743,-0.923865887798175,-0.7546507684881815,0.8057235103559292,-0.26857640390762005,0.0020576196332723084,0.7120990794289743,0.31095620186736833,1.1799488978911805,0.2765175814889348,0.3334479959062959,-0.20753805756105617,-0.06808823540587015,1.0858451945283258,0.9433678330707029,1.164294698531354,0.45457625868389784,-0.7872008460231779,0.16072247298490797,-0.07123494514785737,0.1147055919990967,0.5167567855358912,-0.45457625868389784,-1.1642946985313547,0.24311279148239442,-0.25947596364157,-0.20940570944885942,-0.21193876761858224,0.22264698661889537,0.006520256239666901,-0.38327221085833024,-0.8730858650989243,-0.728375060954584,-0.9146852597229018,-0.2553016945782196,-1.1534866589796486,-1.0090180093269512,-0.9054077777638412,-0.4136917878478824,-1.277209135885205,-1.266679413303576,-0.8892713360402683,0
1.3156174742354179,0.0010334127472937634,-0.4445202009343899,0.3052077222492148,1,0,0,1,0,0,-0.43244705762817587,0.18309338833579825,-0.7711081536284979,1.5388657234591079,-1.01176655336568,-1.0484563691706912,-1.1600108093046368,0.9614944938649217,-3.1026632836955406,0.12406650140307748,-1.6215764304975038,-1.1452711760218133,0.7616493521200527,0.2604109217282392,0.15651863246117342,-1.8055703895734228,1.4552647265202527,0.01143542842141611,-0.33645217931212407,-1.2283241134096814,1.8732227927946952,-1.1628844373422478,2.427020535670356,1.2754097524506016,2.119293248045025,1.2283241134096814,0.33645217931212335,0.2152602778598393,0.11577027848446049,-0.07294156848803632,-0.9871687972982559,-0.4430159425639276,0.6681251261743327,-0.709509049969999,-0.6516131881728072,-0.10826409251941274,1.5278420549267964,-1.1658209625447336,-0.42362934615769415,0.8192262533478623,1.345366449044194,-1.4922798914190887,-1.1125787146405561,-1.6006945419875402,0.038603250264021984,0
-1.5628119097752085,0.0783367106616796,1.7280720791585935,-0.8681093238500562,1,0,0,1,0,0,-0.596493238681898,0.6424563302382503,-0.6687627022894718,0.7576886912593683,-0.1669093092458605,-0.09146400165079628,1.1686302834527469,-0.17598412791513993,-1.1333031729467777,1.011949180852928,0.8756689268583027,1.0781887530592444,-0.5704099206314076,0.7454976503538551,-0.9484610761178563,-0.8332374000066994,0.8343622949439548,0.898129359195367,0.6912331826893887,0.7849642097577141,-0.8801163884536487,-0.7086037465744085,0.7119401734010682,-0.5397386886782426,-0.2615639790876855,-0.7849642097577141,-0.6912331826893894,0.605195468575612,-0.9349191994684248,-0.24579614703841146,-0.625394783447741,-0.2894014204448148,0.8256500952063961,-0.38327221085833024,-0.7069813574043363,0.015758101167622184,-0.9424412519348303,-0.8623145398892288,-0.8250508682097696,-0.37367071236903754,-0.5500223735309933,-1.016432198667086,-0.7010026615289333,-0.4316415915936655,-0.9511296417938885,0
-1.2030082367738797,0.15564000857606544,0.5693561964423357,-0.13478617003801185,1,0,0,1,0,0,-0.785777293743885,3.4858547934065927,-0.438485436776663,0.14721330683660885,1.3778051707741636,2.56709657073508,0.538723137348295,-0.05599978730847759,-0.1264048770504534,0.7930298140257628,0.7054980446083514,0.08192996345391251,-0.3550316185888187,0.5231965109597237,-0.7163057748027238,-0.5660050286919011,0.537081591645389,0.7214509229147431,0.6190712565440033,-0.5022446364654003,-0.2263358473435029,-0.6407179350340905,-0.39598076700206386,-0.5387712041643713,-0.2128256032402964,0.5022446364654003,-0.619071256544004,0.32667033235006016,-0.7848207026180125,-0.4914316007678933,-0.6899972859210471,-0.4600842227993849,0.41608517572303205,-0.30171300108041293,-0.5962450189412776,-0.35630847989348147,0.08453045990652028,-0.2553016945782196,1.3918907194869166,0.9359226956462544,0.6345956405784983,1.6165917012273294,0.7806711296729086,0.5704037944582268,1.0901944480755505,1
-0.9717058755587404,-0.30817977891024867,-0.15484123025532542,0.3052077222492148,1,0,0,0,1,0,-0.5333985536612357,0.40405277811166124,-0.7327286093763631,1.1164514764177673,-0.5876010482317433,-0.5520724776066336,0.37286435519255295,0.5414744931092054,-2.72523814069702,0.6761651921978519,-0.19809028793731395,-1.2014107883598661,-0.28632953088307644,0.3447153851485652,-0.050155760798648905,-0.2277276950615722,0.9787131919889703,0.8222520757098534,0.5209310369862826,-2.1552340839768487,-0.17404141123707567,-0.7934356749964665,3.4966474627892783,0.05701969554402467,1.0602961895314955,2.1552340839768487,-0.5209310369862833,0.605195468575612,0.26586877533487285,0.9914787310063841,0.705416767502365,1.1101975588626602,1.0146800580448727,0.5138790966987595,0.2896456887631914,1.1939689411944467,0.08453045990652028,-0.482931511569848,1.136440659999233,3.0364586570173167,2.885369867386534,-1.7143421480366898,1.7684536571408034,0.6817421706862145,1.0901944480755505,0
0.6731109153044746,0.5421564981479937,-0.15484123025532542,-0.4281154315628296,1,0,0,1,0,0,-0.6722068607066928,0.9215629278498667,-0.6431763394547153,0.722969712050491,0.1652920781742089,0.1500200537046912,0.3891727607559355,0.26603645174202356,-0.5655850159287978,1.0758311773984643,0.8767722609490275,1.6754971889762984,-0.5610058683791621,0.2865005407301729,-0.17262389616325244,0.36913821822021387,1.230917384383717,1.1690934999932332,2.4361322165327084,-0.13094794135889876,-0.25488623278183636,-0.5380742086937501,1.1441219737421213,-0.2328219061899997,0.0015453771559812708,0.13094794135889876,-2.436132216532709,0.38237535959517033,-0.03432821836595151,0.427426948368315,0.5632912620610914,1.0760609983917457,0.1325402314653172,0.5138790966987595,-0.4855086804782194,0.2638024885416898,0.08453045990652028,-0.1035484832504671,1.5378621820513083,2.012123219064761,1.7684443112261554,0.062155904904119784,0.9453015509175579,0.9600881112561845,1.5850608941045057,0
0.15910566815972013,-0.978141694168258,-0.8790386569529866,-0.13478617003801185,1,0,0,0,1,0,-0.6595879237025604,0.866323080405901,-0.8478672421327675,7.498957154316381,-1.748531133660709,-5.129089711983327,0.017739657246565926,0.8701779039873553,-1.358550581932852,-0.005806115760007128,-0.6683591447402579,-0.5251802433796334,0.08781797611139511,-0.7611550646367051,0.029333533634010246,-0.6699261731613044,0.24108620619563795,0.05254317825109406,-0.37315522795503414,-0.34619240229020387,-0.7852045974009246,-1.1649607919345137,1.1839729606228462,0.24690064298669348,0.9201978085586939,0.34619240229020387,0.3731552279550334,-0.6760201580619267,0.11577027848446049,0.28186519801010423,-0.12149526415595328,-0.01630893667750248,0.6996301199807459,-0.6279498401920818,-0.5408768497097485,0.3258135853852078,-0.5538573609678327,-0.8623145398892288,1.2459192569225261,1.7657640631014886,1.7853674257134342,0.4428340591057229,0.12214944469431245,-0.04195727479570725,1.8943524228726025,0
-1.5628119097752085,-0.6946962684821769,1.7280720791585935,2.9451710759725747,1,0,0,1,0,0,-0.7605394197356201,1.6774766297146613,1.0199372448044592,-0.48351481545799574,2.094313471071948,1.6637673266275157,-1.623340484016555,-0.18090028693752128,-0.14764764430699198,-0.30117135654868715,0.06046568952712955,-0.42930295166989124,0.18385190455785738,0.44117653362004594,-0.8092983958493435,1.423583210702791,0.008947915527721246,0.9736362692907784,0.12891477706591967,-0.7133741297612556,2.698112853682511,-0.5624460458966949,1.6324031129078609,0.41573567260935895,0.8719579562885593,0.7133741297612556,-0.12891477706592036,0.4659329004628361,-0.7097714541928067,0.19998671343360988,0.9250652759116064,0.8883099158017184,-0.24551969421163483,-0.7910682597479163,-0.9284540343304539,0.20179139169817292,2.9433976577351446,-0.3311783002420958,0.7623887871779818,1.571269992604168,1.6838287387897632,-0.5405845059150832,-0.7010026615289333,-1.0440026608476,0.5953280020465953,1
-1.2287084991311177,-0.6689285025107157,0.27967722576327125,-0.4281154315628296,1,0,0,1,0,0,-0.7983962307480176,4.555763417584456,-0.6559695208720935,0.7519021947245554,1.0906404719654235,2.92261476334177,0.4691729062474114,0.058210196917253605,1.3503703898993442,0.594711871186815,0.9914801503805469,0.5810162757808203,-1.5182906996664631,0.21542337982517235,-1.074777865920999,1.0921210986124694,0.2581717117122114,0.7366157302834775,0.594470599903532,0.20284819963585052,-0.4371478442068359,-1.1565841941856134,-0.7485251803199555,-0.5474187203863161,-0.5698108641884037,-0.20284819963585052,-0.5944705999035328,-0.03541234474315745,-1.1600669447440433,-0.8280431484712572,-0.19901826712392082,-0.08458205761933026,-1.033144539371952,-1.1173050988595852,-1.4267675574142176,-0.8523972546416179,-0.026493508941193386,-0.7105613285614767,2.021392651795853,1.2211806657089916,0.8884423578876751,2.0607162144625315,1.6861384465184783,2.017802685422071,1.8943524228726025,1
0.004904094016293398,0.10410447663314094,0.27967722576327125,-1.6014324776621007,1,0,0,1,0,0,-0.7479204827314877,1.5437380516924284,-0.7071422465416066,0.9399633321059743,0.34350910801086915,0.4608189768011056,1.795049335173116,-1.2819805903374057,1.7628403107802761,0.7174869310693767,1.223583328717744,1.283759787561697,-0.503479238838005,1.71140574942674,-1.3850910075854235,2.4476811231577553,1.0796855973010597,2.1560604016837934,1.6813619367772266,0.08334093927970501,-0.7860433369556296,0.3720048272886856,0.049821714969276384,0.10131920085692152,0.5142550856306142,-0.08334093927970501,-1.6813619367772272,1.3015083091394917,-1.3852146900196616,-0.6278957417287164,0.6278937645343975,1.0760609983917457,-1.4742144526617298,-0.8726274695258333,-1.482135726645747,-0.29429738304996345,-0.859173275299045,0.04820472807728505,-0.7885580025686714,-0.6459624110652865,-0.5669454880182719,-0.2233527107470814,-0.8656330827735822,-0.9326642846196119,-0.5181215015185524,1
-0.2263982671988458,0.8771374557769975,-0.15484123025532542,1.0385308760612593,1,0,0,1,0,0,-0.5460174906653681,0.43312638202953796,0.08603500133584588,-0.22543707000534102,0.757943539005908,0.5073270170917921,-1.2843352945668725,0.46131966810752506,-0.11813041643854075,-0.185797929067523,-0.1013149420991231,0.6220570671147324,0.05023243765375266,-0.17183977349539356,0.05831387743075773,-0.26497718603374765,0.2057609096406744,-0.32467116004102486,-0.2763926451691775,1.122534507594003,1.614199214332496,-0.5747581597779172,-0.10478828099764999,0.45503001129262244,-0.18526380894040273,-1.122534507594003,0.2763926451691768,-0.17467491285593337,0.04072103005925432,-0.027453521501095285,-0.1602567656399366,-0.06751377738387422,-0.24551969421163483,-0.30171300108041293,-0.2086678343205727,0.20179139169817292,1.7221340004102954,-0.4070549059059717,0.5160619441005718,0.37837302688726915,0.549980068142106,-0.09645999267988113,-0.5363722402842841,-0.04195727479570725,0.7190446135538346,0
-1.2030082367738797,0.0783367106616796,0.5693561964423357,-0.8681093238500562,1,0,0,1,0,0,-0.785777293743885,3.4858547934065927,-0.6687627022894718,0.7576886912593683,0.8587817008212933,2.095308277401674,0.9772387544235499,0.1978426053651694,-1.001608283313508,0.7832879214491899,0.5188319932669486,1.0947504869642166,-0.1516380271695133,0.5732963317092198,-0.35599194331557515,-0.6967175566505678,0.5822237674853726,0.7004321396286208,0.5364130502320184,0.9611011618955224,-0.7860433369556296,-0.6281700986816857,0.6690981241168796,-0.4808483269641984,0.009328654748818424,-0.9611011618955224,-0.5364130502320191,0.27096530510494976,-0.5596729573423944,-0.8007503202790929,-1.0000892977929163,-0.7502449868021539,0.2270552128845555,-0.5463906304141645,-0.8177176958673952,-0.728375060954584,-0.859173275299045,-0.7864379342253526,-0.7885580025686714,-0.3607044410025493,-0.5161761445564365,-0.7626467625326843,-0.9479482933959068,-0.6543183440496418,-0.76555472453303,1
-0.3034990542705592,-0.30817977891024867,-1.168717627632051,0.3052077222492148,1,0,0,0,1,0,-0.38197130961164594,0.08424313501501743,-0.7327286093763631,1.1164514764177673,-0.8545094670432389,-0.7980284599131486,-0.4029845308431305,0.4814310085687281,-1.4580765598118215,-0.7265393060257054,-0.9468806174933868,-1.130257017000047,0.09253802858931613,-0.814789625035777,-0.17825461503059056,1.4950431386161098,-1.0727590539021035,-0.24054510297388235,0.3506288912831737,-1.8892852316622162,-0.25376839309390786,-0.8393507282120874,3.495613676015206,-0.08222178443491837,0.9961457023846202,1.8892852316622162,-0.3506288912831744,-0.7038726716844818,-0.03432821836595151,0.4456221671630917,1.1963957862994923,0.6322857122698633,-0.43454965705011084,0.4323198869208419,0.2896456887631914,0.3258135853852078,-0.026493508941193386,-0.5588081172337243,1.0178388466656656,2.9067959433524364,2.682292493539192,-1.6826189685198898,1.439192814651505,0.514734606344233,1.0283361423219313,0
0.2619067175886707,0.5421564981479937,-0.15484123025532542,-0.4281154315628296,1,0,0,1,0,0,-0.81101516775215,5.579154275493716,-0.6431763394547153,0.722969712050491,1.3974566944978608,3.732033541477756,0.3051462857179953,-0.21501290247738422,-0.5909639865012676,-0.21302664094223325,-0.14126486628995844,-0.08518236190693552,-0.26738069720977903,0.27051302896749363,-0.7622086694556847,0.30657008782556194,-0.28325675235680053,0.18733973551414784,0.2430696413654208,-0.3572520928766799,-0.15401990718855016,-0.4684519563452772,1.1159409397161015,0.006912701703580488,0.3665520337687879,0.3572520928766799,-0.24306964136542153,0.8001630639334981,-0.25947596364157,1.9558253271295334,1.8553413115272142,1.6222459659263704,1.518759958947476,0.4323198869208419,0.34501385799472056,1.752068812786101,0.19555442875423396,-0.02767187758659086,1.528738965641033,1.9861906763317847,1.8699829981498264,0.28421816152172197,0.8629863402952329,0.7374113588002092,1.646919199858125,1
-0.9717058755587404,-1.5708003115118816,-0.15484123025532542,1.7718540298733036,0,1,0,1,0,0,-0.8236341047562825,7.53290045877503,-0.7839013350458762,1.6719551437598041,1.1681743538733984,4.501204977054494,-1.0258909244802912,-0.18699298644473247,0.03150310200528382,0.01378860842281771,-0.09910171654187507,0.13179141145544454,0.23800258438770552,-0.8917505758530885,-1.1228510182486116,1.1745134901260341,-0.04783940851373765,0.6876053910548436,0.5791922973583978,-0.39468810214486993,0.5354996352280118,-0.8681937584977953,1.137206992126094,-0.06606425898445184,0.8001499179416984,0.39468810214486993,-0.5791922973583985,-0.6481676444393714,-0.7848207026180125,1.4008711538888534,1.9070233135058599,1.7929287682809403,0.5421051509486824,0.5954383064766764,0.34501385799472056,1.814079909629618,0.41760236644966076,-0.8623145398892288,-0.22291858513165644,0.37837302688726915,0.3299795798074865,-0.3502454288142823,-0.7010026615289333,-0.9326642846196119,-0.45626319576493324,1
-1.2287084991311177,0.0010334127472937634,0.27967722576327125,0.3052077222492148,1,0,0,1,0,0,-0.7983962307480176,4.555763417584456,-0.7711081536284979,1.5388657234591079,0.5464568506828977,2.314432698002024,-1.3201474125112225,0.05896541849688562,-1.1471387318111756,-0.9929428127872671,-1.3731283576539075,-1.0429773624663499,0.6254010550099821,-0.0597710059699126,-1.2195810428157987,1.0060774731502053,-0.21114714158294773,0.5051721696873129,0.5174554829923397,-1.935702775158308,1.7759746281431763,-1.3026814033382714,2.5791879105352025,1.1320317895489038,2.278336415151332,1.935702775158308,-0.5174554829923405,-0.20252742647848845,-1.2351161931692491,-0.5733100853443877,-0.0052107597040024186,-0.08458205761933026,-0.655084613695,-0.8726274695258333,-1.149926711256571,-0.790386157798101,1.3613061016552261,-1.317574173872486,-0.5969704579529088,0.7154960824159574,1.1761353041714093,-1.4605567119022886,-1.1125787146405561,-1.7677021063295222,-0.332546584257695,0
0.8787130141623758,-1.2100515879114147,1.0038746524609323,0.5985369837740325,1,0,0,1,0,0,0.097548296545388,-0.22917031521969353,-0.8094876978806327,3.4715555660866118,-1.932001799981851,-2.859139591641745,0.5622623205685109,-0.38711846897090124,0.6218394383418945,-0.3889019386566808,-0.808084170297783,-0.2579204869976581,0.7576292100054098,1.5014177451207171,-0.5261202490295364,-0.018238654241328527,0.6883377277273496,-0.028855464344857387,0.06048449490010199,-0.41176056791003435,0.7183594765259802,0.004276531721903385,-0.8684034325412929,1.2079253371830645,1.0223772534167221,0.41176056791003435,-0.0604844949001027,1.9142636088357055,-0.18442671521636386,1.1825285283515359,0.9896677783849125,1.263812080981773,0.2270552128845555,0.5954383064766764,0.6218547041523672,1.1939689411944467,0.08453045990652028,-0.5588081172337243,-1.7008796435961144,-1.7869942913162333,-1.3284856399458025,-0.4771381468814831,-1.277209135885205,-1.545025353873546,-1.569712699330082,0
-0.3034990542705592,0.2587110724619126,0.27967722576327125,-0.13478617003801185,0,1,0,1,0,0,-0.7100636717190902,1.1192634344914283,-0.8350740607153893,5.5546943186192514,-1.0707561904610863,-3.4319934340683735,-0.3880143085513266,-0.14017054647668895,2.151926218428838,-0.16705334417442977,0.17652391993315902,0.9735866806264931,0.7517898633606988,-0.3579730980640658,-0.8716736260160933,3.3085389173222284,-0.04855265099767006,0.9589532429662064,1.4194989373408373,-0.0799856498736912,0.18186083963890404,-0.6808350291932899,0.38300730708474473,0.17753431298668151,0.7067414553101454,0.0799856498736912,-1.419498937340838,-0.17467491285593337,-0.6347222057676005,0.8186241524560076,2.5918098397229046,2.4415234172283062,-1.6947494093066184,1.0032343553662626,0.34501385799472056,1.0079356506638961,0.5841383197212315,-0.2553016945782196,1.5743550476924053,1.571269992604168,1.5653669373788135,1.3628062650929278,-0.4540570296619595,-0.5429799678216537,1.646919199858125,0
0.004904094016293398,-0.978141694168258,0.27967722576327125,-0.13478617003801185,1,0,0,0,1,0,-0.7479204827314877,1.5437380516924284,-0.8478672421327675,7.498957154316381,-1.2922481779456862,-4.608110222188618,1.9238688986552779,-0.2312166647248815,1.1615376458229865,0.7560339889719245,1.1457530883175977,0.7326879515429449,-0.9958363577400027,1.7512611422251927,-1.461090736978351,2.7983352399541337,0.9876656601842806,2.181579693634824,1.8419233563590356,-0.827498180191446,-0.925347036910998,-1.1463364972322287,1.2241961721506613,-0.042000781977631525,0.6403528316249549,0.827498180191446,-1.8419233563590363,1.3015083091394917,-1.4602639384448675,-0.7006766169078218,0.7183372679970265,1.1272658390981163,-1.726254403113031,-1.1988643086375024,-1.814344742034923,-0.4183195767369984,-0.7203933142394032,-0.8623145398892288,1.136440659999233,1.6879664349025603,1.5653669373788135,0.28421816152172197,0.6160407084282594,0.23638866577426285,1.3994859768436472,0
-1.2030082367738797,0.2587110724619126,0.5693561964423357,-0.13478617003801185,1,0,0,1,0,0,-0.785777293743885,3.4858547934065927,-0.8350740607153893,5.5546943186192514,-0.46758293208315554,-1.611919165000162,0.30534085292873026,0.31887521941791963,-0.6504611845185991,0.7214516211355493,0.2298243331775496,0.015079300294619078,0.06556090627517025,0.5726870825572208,-0.09386775127505631,-0.5182756446072078,1.2877993886748698,0.9917987627013,0.4073962731842086,-0.3834842964864804,0.14763829630721836,-0.5317008985049433,0.368385189297978,0.3023252334134137,0.6695155648129042,0.3834842964864804,-0.40739627318420935,0.04814519612450831,-0.5596729573423944,-1.492168634480596,-1.4781478160953823,-1.0062691903340089,-0.655084613695,-1.1173050988595852,-1.3713993881826885,-1.4104971262332722,0.5286263352973745,-0.1035484832504671,1.5104925328204852,1.5064386357717279,1.5653669373788135,1.1724671879921262,-0.12479618717266176,-0.32030321536567735,1.5850608941045057,1
-0.7918040390580765,-0.6946962684821769,-0.4445202009343899,0.3052077222492148,1,0,0,1,0,0,-0.33149556159511606,0.058658363567285925,0.06044863850108935,-0.22254382173793458,0.3756265585919498,0.21709895797010442,-0.14305370935326925,-2.2129711702010484,1.0885569392333618,-0.813946489626528,0.15568185122622755,-0.27501800638926355,-0.1698782220822988,-0.3751302330881172,-1.8883047986483563,0.3073714800553541,-0.4791677879225914,0.3343729332900125,0.1359000988749071,-0.5098758229700693,-0.17590604370781895,1.1457100862702276,-1.1792151081422377,0.6244546198785087,0.12405605768402701,0.5098758229700693,-0.1359000988749078,-0.3696425082138195,-1.760460932145692,-0.054746349693259644,0.11107374474794844,-0.08458205761933026,0.3530751881102058,0.02452383803125581,-0.04256332662598434,0.07776919801113909,0.029018475482663446,1.4898602356909325,0.8992370333320981,0.08014878545804377,0.3299795798074865,1.489698983160128,0.9453015509175579,0.7374113588002092,1.1520527538291696,0
-1.280109023845593,-0.6689285025107157,0.5693561964423357,-1.161438585374874,0,1,0,1,0,0,0.13540510755778543,-0.24835889380549214,0.08603500133584588,-0.23643141342148552,-0.03746012694775504,-0.008286160361683923,0.47159836769233404,-0.5703043156936537,1.3268916372923065,-0.6302549882952552,-0.2924050262114117,-0.20220413749618413,-0.22444196250113788,-0.3948621821177907,-1.1962577743716867,1.5945764553651098,-1.0975756132314483,-0.6089245129544019,0.3506288912831737,-0.6235317921885499,-1.0503106501062547,-0.4156242064852384,-0.21150976203674335,-0.23690336136618736,-0.21435541446717626,0.6235317921885499,-0.3506288912831744,-0.17467491285593337,-0.9349191994684248,1.0096739498011607,1.790738809053908,1.1443341193335734,-0.5605696322757617,1.7372672433675176,1.6738499195514247,0.7598912632898273,-1.0257092285706153,-0.482931511569848,-0.33239718205494984,-0.38663698373552574,-0.44848368660732285,-0.09645999267988113,1.6038232358961542,1.3497724280541432,-0.20882997275045564,0
-0.2263982671988458,-0.9266061622253344,-0.8790386569529866,-0.4281154315628296,1,0,0,1,0,0,-0.06649788450833415,-0.1419495034660634,-0.15703544559434116,-0.11317903722997104,-0.07945844018198493,-0.02170194121476656,-0.2220024204011231,0.28928541121664486,0.05062099178602642,-0.10000097417983407,-0.41433653978913815,-0.99524204691287,0.08126534061206642,-1.020478112320994,-0.04917936336407909,0.412563019611455,-0.5163250215726285,-0.5791172853833741,-0.07874992288317216,-1.2792882355027224,-0.7109499361984387,-0.44632011214161815,0.3453854556988172,-0.3768841883997856,-0.026737518885597025,1.2792882355027224,0.07874992288317145,-0.8988402670423681,0.11577027848446049,0.5184030423421971,0.6666552660183818,0.4103980692089227,-0.2140147004052217,1.166352774922097,1.3416409041622488,0.44983577907224165,-0.44283339212011924,-0.02767187758659086,1.4375068015382888,1.4286410075727993,1.1592121896841308,0.9504049313745251,2.180029710252426,1.5167799923961247,0.904619530814692,1
-0.38059984134227254,-0.17934094905293926,0.5693561964423357,0.3052077222492148,1,0,0,1,0,0,-0.34411449859924853,0.06098425188071606,0.11162136417060241,-0.2427965596097797,0.4278839099939067,0.23453947307911185,0.4264114225592651,-1.9463428262235434,0.012904973083768544,0.27248129223912054,0.5730968487640923,0.5626862615885262,-0.2768549362862286,-0.6806170358979486,-0.47879423457476106,-0.1505603342415014,-0.4883659751984445,-0.362616382695337,-0.5505532963957722,1.3134690058789504,-1.2729999858769108,2.191771057498137,-0.16894014645409555,-0.8523599879953225,-1.0990782915143797,-1.3134690058789504,0.5505532963957714,-0.7595776989295921,-0.6347222057676005,-0.7006766169078218,-0.6641562849317252,-0.801449827508525,-0.37153966943728567,-0.13859458152457876,0.12354118106860354,-0.6043528672675491,-1.2755131584779709,1.4898602356909325,-0.9162830323125138,-0.8534227529290943,-1.0915620371239039,-0.9212626601166852,-0.37174181903963527,0.29205785388825667,-0.8892713360402683,1
-0.8432045637725518,-0.6689285025107157,1.0038746524609323,2.9451710759725747,1,0,0,1,0,0,0.6654004617313493,-0.3925639692381606,0.8536258863785419,-0.4545823327839313,0.06684825664131751,0.04940169730657143,-1.9481453261699933,-0.43808221849740214,-0.2122659493778221,-0.6802008646734726,-1.1430609893371217,-1.576442958298927,1.3473008887901619,-0.07315568546958519,-1.080876626863372,1.3598288046373896,-0.5665304348239504,-0.5308555635896282,-1.0228468552315015,-1.1356331163529634,2.6358472002007143,-0.48151688373001855,1.656671471021473,0.35714560391270694,0.9677581334594709,1.1356331163529634,1.0228468552315009,-0.17467491285593337,-1.0850176963188372,-0.4095531161914002,0.31780175266252825,0.06903246449978255,-1.5057194464681423,-0.13859458152457876,0.40038202722625016,-0.046252995675895824,3.02666563437093,-0.17942508891434333,1.0178388466656656,1.8305954199339287,1.9038292271243826,-0.2550758902638815,-0.6186874509066087,-1.0996718489615938,0.7809029193074537,0
-0.38059984134227254,0.05256894469021735,-1.168717627632051,1.478524768348486,1,0,0,1,0,0,0.4130217216486998,-0.3152281828166086,1.1862486032303767,-0.5124472981320601,0.3047085832010556,0.15359759526551325,-1.611776860423787,0.38499383718151037,-1.4623040853833595,-1.563940112631,-1.8569907211929992,-0.959827762834055,1.9545218278187284,-0.5881629681598046,0.01178304679303994,-1.078006565215666,-1.7151620290437637,-1.6263484125714271,-0.3979084468072301,-0.9144498376620688,1.653529451745925,-0.5166121261696061,0.9157260367109779,0.41205688713256355,0.8263662036207341,0.9144498376620688,0.39790844680722937,-0.6203151308168162,-0.10937746679115769,-0.3549674598070702,-0.8321227913623208,-1.381771355514063,0.29006520049738066,0.5954383064766764,0.8986955503100138,-0.9144083514851348,2.4437897979204335,0.04820472807728505,2.021392651795853,2.3103474604939858,2.394599547255459,0.9821281108913258,0.03983423407198747,-0.3759724034796717,1.8943524228726025,0
-0.4577006284139859,-0.02473435322416849,-0.8790386569529866,0.5985369837740325,1,0,0,1,0,0,-0.25578193957032125,-0.03205128065648941,-0.3233468040202586,0.028590127872944675,-0.07118461993377546,-0.04674473214052082,-0.21615394036297314,-0.12628333409032766,0.4990865366998506,0.015957328870398253,0.6852050433698039,1.0410936893250171,-0.20105131722018765,-0.41406825112894297,-0.5505639559345025,-0.2884228412823091,0.30121353820557706,-0.006462507674919809,0.3871222082195544,1.0359845289758263,-0.11316480186562243,-0.37821504566107317,-0.9721051552625907,0.27712086651884277,-0.8971094958783845,-1.0359845289758263,-0.3871222082195551,-0.3139374809687093,-0.40957446049198204,0.40923172957353837,0.188596747715916,0.3079883877961804,0.3215701943037938,0.18764225758709038,0.012804842605544792,0.20179139169817292,-0.22078545442469194,-0.482931511569848,-0.4509989953885172,-0.8534227529290943,-0.7023304039164997,-0.5088613263982832,-0.4540570296619595,0.013711913318286572,-0.332546584257695,1
0.2876069799459088,0.6709953280053031,0.27967722576327125,-0.4281154315628296,1,0,0,1,0,0,0.04707254852885811,-0.2239370665144757,-0.19541498984647596,-0.09119035039768207,-0.2069738642849475,-0.10174943363815964,0.05002998949484593,-0.44814266383245144,0.8763570023540548,0.5188921613671588,1.3258629149503574,1.639304174700774,-0.904807996121804,-0.7930944954537967,-0.5370818931426424,2.1699955072754493,-1.337077814467727,-0.5990912720374403,0.48604987461335547,1.7537570278532255,-0.862018593367602,0.077053019851746965,0.982626830891536,-2.0268133067395717,-2.308582748340953,-1.7537570278532262,-0.4860498746133562,-0.5646101035717058,-0.18442671521636386,1.2280165753384769,2.3463203303243403,1.5027680042781708,-0.7495995951142377,0.9216751455883455,0.7325910426154264,0.3258135853852078,-0.9146852597229018,-0.17942508891434333,-0.7338187041070253,-0.16621037050522874,-0.939254006738398,-1.9046812251374914,-0.04248097655033679,1.0714264874841732,-0.9511296417938885,0
-1.2544087614883548,0.7482986259196881,1.4383931084795292,-0.4281154315628296,1,0,0,1,0,0,1.2332526269173105,-0.5292099076521812,0.3035190854312764,-0.2983469263439834,-0.3990297782460197,-0.17643061372031965,0.33317514941695553,1.3260884816813971,-0.20698368219134844,0.06266738109359489,-1.0213011844921391,-0.5152683959852176,0.9551753032633356,-0.07526592333599305,1.7510167635330733,0.4929253288160201,-0.5248857334085419,-1.317928013995687,0.05458964735066787,-0.7569059840490605,-0.5384929794126742,-0.06596790304116455,0.7782960454725845,-0.6051272972021159,0.04104136725774784,0.7569059840490605,-0.054589647350668576,0.02029268250195297,1.841902992264201,0.40923172957353837,0.6149732640397371,0.3591932285025509,-1.0961545269847772,1.9003856629233515,2.0614271041721297,0.015758101167622184,-0.27629743884854874,0.35171115073279,1.3006585553841723,1.571269992604168,1.1761353041714093,0.6966194952401235,1.8507688677631275,1.5167799923961247,1.2139110595827887,0
0.6217103905899984,-0.87507063028241,-1.8929150543297122,1.0385308760612593,0,1,0,1,0,0,-0.07911682151246661,-0.1402050872309908,-0.3361399854376369,0.06041585881441555,-0.26195381235357545,-0.1545181716602847,-1.160931184966221,0.8391447738408429,-0.08196103144259584,-1.1015279086499994,-1.0249425549188398,-0.5380387529775543,0.7182309784055592,-0.7345221714814677,0.6441974503182897,0.12027886123696777,-1.2613206179972167,-1.489854747038538,0.2792118624399347,-1.0107396132765438,0.8803771737604631,-0.5064096729113794,0.23291213158683097,0.2373892062843008,-0.12207766484091621,1.0107396132765438,-0.2792118624399354,-0.6760201580619267,0.641115017460903,0.11810822885711679,0.1627557467265941,-0.3576745413866426,-0.5290646384693491,1.3294711944779316,1.2862727349307197,-0.728375060954584,0.3898463742377325,-0.7864379342253526,-1.1717330918001976,-0.892321567028559,-0.7530997473783346,-1.2702176348014877,0.5337254978059351,0.06938110143228039,-1.3222794763156045,0
0.23620645523143258,1.2378861793774645,-0.8790386569529866,-0.13478617003801185,1,0,0,1,0,0,-0.36935237260751347,0.07784694215308455,0.27793272259651985,-0.29487502842309565,0.5664820346070426,0.2877554037963396,-0.7965752711505029,-0.9967994452046944,1.987920819720589,-1.2917401483906983,-0.31596264149643377,-1.1592980021271526,-0.5267732676112279,-0.7772013396973932,-1.2981716408591097,0.9031633412156574,-1.5017189933362531,-1.0212286777794912,-1.1014209826064827,-0.48876828582949433,0.33108688418529375,0.06765866925982278,-1.8099622991185678,0.2559787568324846,-0.5862641292972665,0.48876828582949433,1.101420982606482,-0.7595776989295921,-1.2351161931692491,-0.16391766246191838,0.31780175266252825,-0.32353798091572933,-0.7180946013078251,-0.22015379130249568,0.34501385799472056,-0.35630847989348147,0.41760236644966076,0.19995793940503753,0.41570656358755365,-0.6329961396987983,-0.4992530300691578,1.2359135470257274,1.5215080252738291,1.3497724280541432,0.16231986177126023,1
0.030604356373531493,0.7740663918911503,-0.4445202009343899,0.5985369837740325,1,0,0,1,0,0,-0.028641073495936725,-0.18730432557795104,1.301387235986781,-0.5327000360039053,0.6278974334190898,0.2676317325167157,1.354947106038717,-1.1905667745875876,-9.761476810454808e-5,0.915846961950579,0.8709684184460257,-0.6138502849193435,-0.872767997424492,0.5366832515681372,-0.36148932681058876,-0.8168871227258963,0.18828179209739868,-0.3572398060336081,-1.8779802223143918,1.0253393444399002,-1.3478393525954604,1.271958189604806,-0.8207593353876207,-1.050553158021204,-1.4810767400039833,-1.0253393444399008,1.877980222314391,0.0759977097470634,-0.7097714541928067,-1.3193140559302208,-1.4652273156007207,-1.3305665148076924,-0.7180946013078251,-1.2804235184154193,-0.6516131881728072,-1.1624527388592034,-1.2755131584779709,1.1104772073715516,-0.14993285384946126,-0.5422322401333817,-0.8884846632765624,-0.09645999267988113,0.2044646553166367,0.848749735028197,-0.332546584257695,1
-0.1749977424843705,-1.3131226517972627,1.0038746524609323,1.7718540298733036,0,1,0,1,0,0,0.03445361152472564,-0.2169594015741853,-0.2593808969333673,-0.03506133400999707,-0.2640513515391948,-0.13976081272189378,-0.8762469021095669,-0.2167088052478744,1.1424529027018653,-0.6008120368523249,-0.5820492114076358,1.191338850231855,0.9982869291730937,1.157528261049764,-0.3416140180137603,1.815642748832363,0.8453431365461554,1.1937734831349447,1.6479868102349375,-0.009609152108407288,2.3750312472994453,-0.04478178782488535,0.2627744722650954,1.6498860843278753,1.9221799383777656,0.009609152108406583,-1.6479868102349384,1.9978211497033713,0.340918023760079,2.3379249218198384,3.211993863466643,3.568029912768469,0.038025250046078915,1.9003856629233515,1.0648000580046022,2.744246362282375,1.333550109443298,-0.5588081172337243,-1.591401046672821,-1.2424108939237355,-0.6346379459673855,-0.826093121566285,-1.6887851889968277,-1.8790404825575102,-1.198562864808365,0
0.31330724230314594,-1.3131226517972627,-1.168717627632051,-1.6014324776621007,1,0,0,0,1,0,0.766351957764409,-0.4466408725254113,0.7768667978742723,-0.44648123763519326,-0.006136991803698813,0.0015520789305766788,1.2138251449796316,-0.4972944050781166,-1.6845392143009776,1.2176098522022227,0.37894085038362885,-0.7502190485343979,-0.8513976800995293,1.0873195429645395,-0.10104674238528712,-1.655789384124908,0.347507003755042,-0.4034107139069968,-0.088318892712161,-0.9356157016516281,-0.6014165360396051,0.5813257692422532,0.638912891021099,-1.300330360354276,-0.8864937090983029,0.9356157016516281,0.0883188927121603,0.9951306592913848,-0.10937746679115769,-0.03655113089848297,-0.8838047933409655,-0.71610842633123994,0.8571550890128092,0.02452383803125581,0.06817301183707392,-0.29429738304996345,-0.7481493064513315,0.12408133374116129,-1.0348848456460813,-0.5940973255993336,-1.0238695791747903,-1.1116017372174867,0.7806711296729086,0.3477270420022505,-1.5078543935764617,1
-0.6633027272718879,0.38754990231922204,-1.6032360836506476,-0.8681093238500562,1,0,0,1,0,0,-0.11697363252486404,-0.1338088943690579,0.31631226684865466,-0.30124017461138985,0.3038418587079016,0.12989638242506726,-0.8997668746496006,-1.0022564458445968,1.3264845646138828,-0.8685598465657078,-0.9326430474444825,-0.19239644279475002,0.7303320008439907,-1.3037509705132577,-0.4870584725010362,-0.09827470048717074,-1.0026571217520885,-0.9210688229533409,-0.2548898489945435,-0.009609152108407288,-0.051544866153220896,0.8877039400617454,-1.9121054337367624,0.17915067935555043,0.3132372046569204,0.009609152108406583,0.25488984899454276,-1.2609229441355856,-0.5596729573423944,-0.3913578973966235,-0.37990527404917784,-0.7331767065666972,-0.34003467563087314,0.4323198869208419,0.6218547041523672,-0.6663639641110671,-0.10976148557697851,0.7310941790521709,-0.21379536872138252,-1.1386807229918314,-1.0069464646875115,1.7117612397777302,0.12214944469431245,0.1250502895462747,0.10046155601764112,0
0.2876069799459088,0.23294330649045036,-0.15484123025532542,-0.4281154315628296,0,1,0,1,0,0,-0.15483044353726144,-0.1047352904511812,0.44424408102243734,-0.3174423649088659,0.4073569011598443,0.16477741264308213,-1.1293655359992578,-1.4399029841373274,1.2796636396134589,-1.0110270418437295,0.03037920132851359,0.9218684175905927,0.1777784561534163,-1.1187932842084247,-0.955059205437108,0.8599646288784981,-0.7955686357688306,-0.12435040094378592,0.6912331826893887,0.5717619163874261,0.4525252023704421,1.019554688007185,-0.8851615469870455,0.5769600667403794,-0.1608984132577017,-0.5717619163874261,-0.6912331826893894,-1.038102835155144,-0.8598699510432187,0.14540105704928116,0.5762117625557528,0.20557870638343811,-0.18250970659880966,0.2692014673650073,-0.04256332662598434,-0.4183195767369984,0.41760236644966076,0.9587239960437993,0.023408257945752128,-0.4385020692014777,-0.194636969298146,0.2524949820049213,-0.28942660841731066,-0.04195727479570725,0.038603250264021984,1
1.5469198354505571,0.9544407536913834,-0.4445202009343899,-2.334755631474145,1,0,0,1,0,0,0.21111872958258027,-0.2762695535666538,-0.1442422641769629,-0.11375768688345232,-0.2703247421802981,-0.12455626108840012,1.158383496642651,0.1686255245425487,-1.3996877446586171,0.8325098884005321,0.22375499749532415,1.3398695845873023,0.8731996333874407,0.5299414254293306,1.143445833053975,-1.5563169522753906,0.19016598171731974,-0.7025444154918064,0.3169427525726682,1.5130823449950297,-1.0812492220828225,0.9140351097500485,0.3494715903632802,-0.9361018179409957,-0.976790337913414,-1.5130823449950297,-0.31694275257266885,0.4102278732177254,0.9413120111617277,-0.24579614703841146,-0.9871687972982559,-0.8697229484503528,0.41608517572303205,1.247911984700014,1.1755363964676604,-0.35630847989348147,-1.2200011740541141,0.04820472807728505,-1.8103582405194079,-1.3980061503215924,-1.5992554717422576,-1.7143421480366898,-1.277209135885205,-0.8213259083916238,-2.064579145359036,1
0.05630461873076867,-1.132748289997029,-0.4445202009343899,0.3052077222492148,1,0,0,1,0,0,-0.05387894750420167,-0.17160457946229762,-0.2849672597681238,-0.02290969128689001,-0.22225930463293772,-0.11427082910103677,-0.7785055058961381,0.2333329049752843,-0.23061643045688407,-0.9688829221826885,-0.7408419188118034,-1.1813999849824102,0.19243074624181683,-0.7341021596172215,-0.05199804650255787,-0.29507145816775016,-0.31936344377572357,-0.304400844149753,-0.7532939460423284,-0.8641809106868654,0.3490246286462006,-0.3723472362609128,0.01874202725506953,0.9922229967381931,0.6659426004077976,0.8641809106868654,0.7532939460423277,-0.8709877534198129,-0.40957446049198204,-1.11916664918768,-1.077612300760884,-1.1257471519822078,-0.6235796198885869,-0.9541866793037505,-0.762349526635866,-1.0384305451721696,0.3343343898138759,-0.3311783002420958,0.06902433999712428,0.06718251409155555,0.46536449570571364,-0.0647368131630805,-0.37174181903963527,-0.7656567202776299,-0.5181215015185524,1
-0.5348014154856993,-0.2824120129387873,-0.15484123025532542,-1.161438585374874,1,0,0,1,0,0,0.6401625877230843,-0.3890751367680154,-0.4001058925245282,0.09802808629069931,-0.7871816369767712,-0.3749841703459427,0.45506254653358263,-0.45742852640402776,-1.1553067707118005,0.4417116798346886,-0.49213276789876687,-1.0326452070690322,0.3043565937100953,-0.15155577588599226,-0.8152409970566287,-0.3093782029255817,-0.3675541457787819,-0.8063568850070654,-0.9702511656336119,-0.4461216066019436,-0.7842082939436175,-0.18885552638729566,1.268447800948894,-0.9611843817948994,-0.14745385263101896,0.4461216066019436,0.9702511656336112,-0.17467491285593337,-0.7848207026180125,-0.10933200607758836,-0.25070026910256554,-0.3747428216220998,-0.30852968182446,0.10608304780917345,0.6772228733838963,0.07776919801113909,-0.6648813298155464,-0.02767187758659086,0.4978155112800227,1.1174504947770867,0.600749411603942,-0.1916295312302808,0.6983559190505837,0.514734606344233,0.5334696962929761,1
0.9044132765196139,1.1348151154916164,1.0038746524609323,-0.8681093238500562,1,0,0,1,0,0,0.021834674520593164,-0.21172615286896748,-0.016310450003180245,-0.19187539010342627,-0.030951500091834443,-0.014546858093122488,1.6078706387599173,-0.4065889971755403,-0.339544323351004,1.8352294534969082,1.3571019932006332,-0.09411037649038509,-1.5637005371775163,1.4028492131218941,-0.608684681173583,-0.3090074230726836,0.8208950681550402,0.03353989842423337,0.08301123374971872,-0.21068486000921977,-0.83407285862343306,-0.05171079290736493,0.15364580519721813,-1.6652910949593869,-1.7315538737406402,0.21068486000921977,-0.08301123374971872,1.8307060679680403,-0.25947596364157,1.237114184735866,0.8604627734383002,1.195538960039945,0.5421051509486824,0.758556726032511,0.7879592118469556,1.3179911348814817,-0.47058938433204756,0.6552175733882943,2.1947337635910675,1.9602581335988092,0.9730579303240674,0.7917890337905242,3.0031818164756716,3.1311864477019515,1.2139110595827887,0
0.2876069799459088,1.109047349520155,1.7280720791585935,-1.8947617391869185,1,0,0,1,0,0,-0.356733435603381,0.06447308435086127,2.222496298038016,-0.6322277764026869,1.2046766810005185,0.5381833130538822,0.15291483305983677,-0.3507731788171016,0.6422419527699187,0.4766217385799475,0.6369100664354013,0.5827232164692111,-0.04159646154147817,-0.7802272886194607,-1.0538620006346384,2.5516667241118007,-1.2407915709387434,-0.28861571953464327,-0.3593320018427697,1.151146070773566,-0.9922257113803112,-0.5742886211883331,1.6862127112623384,-1.87423290174917,-1.109791355284959,-1.151146070773566,0.359332001842769,-0.7595776989295921,-1.009968447893631,-0.1457224436671417,1.1705547853101694,0.529876030857121,-1.5687294340809674,0.18764225758709038,0.40038202722625016,-0.046252995675895824,-0.9424412519348303,-0.5588081172337243,-0.07694712256726609,0.7932937106148858,-0.093098282374475,-1.0798785577006862,-0.20711139779498602,0.4033962301162448,-0.1469716669968365,0
0.3647077670176212,0.43908543426214564,0.27967722576327125,-1.6014324776621007,1,0,0,0,1,0,5.05679053916945,-0.7501692974280442,1.2885940545694028,-0.5309640870434614,-0.684299685622687,-0.16659237442805905,1.3796284778230414,1.4865322325091679,-0.3571888625900982,1.2867646752091861,0.8511573296862406,0.3148941672066812,-0.2928141605334954,0.4894877850689954,2.2704260206461035,0.854011609949957,0.7898169433416914,0.2855567771675255,-0.7768887630270574,1.199986903232429,-1.4293165549114928,0.23415080523411835,1.3464884484924107,-0.955167100062272,-0.8277556010563687,-1.199986903232429,0.7768887630270568,0.04814519612450831,1.3165582532877582,-1.2920212277380552,-0.7287587874050313,-0.40887938209301433,-1.852274378338682,-0.8726274695258333,-0.6516131881728072,-0.728375060954584,-1.3865371273256843,-0.02767187758659086,-0.6790794056453779,0.054216242725068246,-0.33002188519637315,-1.6191726094862895,-0.7833178721512579,-0.32030321536567735,-0.76555472453303,1
1.0586148506630406,0.5936920300909173,-0.8790386569529866,0.5985369837740325,1,0,0,0,1,0,0.5139732176817596,-0.3373241217941949,0.188380452674872,-0.2723076919373254,-0.18647383899938946,-0.04898069561603459,-0.9403500721444645,-0.5964901457210543,-0.21222661857661054,-1.3872877515889772,-2.269940747370196,-1.6682726964941486,0.9839766875953009,-0.5501863454988427,-0.03882317284500425,-0.19967930530337538,-1.0162751342814889,-2.230602335472117,-1.4375436385994584,-0.8495867060811616,0.7578399522012171,0.7798092423390656,0.0894624523969358,0.8664152253958006,0.7732851150476222,0.8495867060811616,1.4375436385994576,-0.8152827261747027,-0.5596729573423944,-1.6195351660440314,-1.4523068151060594,-1.689000399752289,-2.1043143287899837,-0.46483142063624716,0.2342775195316623,-1.720552610450858,0.3343343898138759,0.27583454506891375,-1.0531312784666302,-0.8534227529290943,-0.4992530300691578,-0.7309235830158842,-0.04248097655033679,-0.4316415915936655,-1.0129879475475077,1
0.9044132765196139,-0.6689285025107157,3.176466932553916,-1.161438585374874,1,0,0,1,0,0,-0.4955417426488382,0.26159211891406536,0.08603500133584588,-0.23643141342148552,0.652393635096063,0.3839018332434319,3.0225367310808378,-0.6276416902931458,0.39195040646030443,1.8756114089416163,1.5008289399554062,-0.11782274913025075,-2.2364774692597695,3.235932792085689,-1.443990797864942,0.7692714793837848,2.621515830591189,2.2199875168742604,0.8847583482611019,-1.0381887348318013,-0.9696049832509848,-0.5851003650274594,0.2372343124744731,0.06562021364874569,0.21623459823045954,1.0381887348318013,-0.8847583482611027,3.1676267218506893,-1.3101654415944555,0.22727954162577424,0.6020527635450756,1.7246556473391115,-0.49755964466293656,-1.0357458890816678,-1.4267675574142176,1.069946747507413,-0.9794492415507348,-0.6852691266735177,-0.5331079430809875,-0.3390939887250696,-0.29053461805938996,-0.4348405741924158,1.439192814651505,0.9415317152181866,-0.45626319576493324,0
-0.2263982671988458,-0.23087648099586283,-0.15484123025532542,-0.8681093238500562,1,0,0,1,0,0,-0.571255364673633,0.4796441482981407,-0.08027635709007157,-0.13863962198314772,0.6906548094804147,0.4760235284345993,0.839450063732186,0.019378264449875914,-0.48779637808122733,0.6316234019162386,0.29546529247057535,0.22131932467245727,-0.9174148981195566,0.07394439861811271,-0.008773500517522782,-0.22210405630267757,0.62230928411721,-0.0037084226681764047,0.08301123374971872,0.21952363131345246,-1.093391376260936,-0.03538637632380323,0.4436408331617806,-0.23621123354175455,-0.3877399038591039,-0.21952363131345246,-0.08301123374971872,0.10385022336961848,0.04072103005925432,0.16359627584405784,0.020630241285320403,0.2738518273252659,-0.15100471279239655,-0.30171300108041293,-0.3747723420151606,0.3258135853852078,-0.9979532363586869,0.04820472807728505,0.2606118846128881,0.45617065508619664,0.3299795798074865,-0.44541496736468245,0.6983559190505837,0.9044189231421907,0.34789477903211874,1
-0.6633027272718879,-0.3854830768246345,-0.4445202009343899,0.5985369837740325,1,0,0,1,0,0,-0.6217311126901629,0.6599004925889763,-0.3617263482723934,0.063309107081822,0.5352993436160366,0.45858301332559187,0.3778069488850014,-0.5008276750233855,-0.37814212892956106,-0.12670866909637005,-0.11339173875535499,0.10426713529391946,0.29722967891083957,-0.3918517050441594,-1.1924597262614227,-0.5619238121494393,-0.4685059701714273,-0.4388826819389552,0.04614929745034409,0.0964376253461319,-0.9168833658977733,-0.5071782749677765,-0.04774628140131366,-0.2933872627965993,-0.28106870347887253,-0.0964376253461319,-0.0461492974503448,-0.09111737198826762,-0.8598699510432187,1.409968763286241,0.8475422729436388,0.59814915179895,1.487254965141063,1.4925896140337656,1.6184817503198954,1.069946747507413,-0.9424412519348303,-0.6346847228976005,-0.5969704579529088,-0.5292659687668935,-0.6007917169928287,-0.44541496736468245,0.12214944469431245,0.18071947766026855,-0.7036964187794109,1
0.05630461873076867,-1.5708003115118816,1.4383931084795292,1.7718540298733036,1,0,0,1,0,0,1.1827768789007806,-0.5175804660850305,-0.630383158037337,0.6448520088305171,-1.4495052642681272,-0.8964108528357546,0.7786341489799118,0.1396656496713864,1.3148640807090681,-0.20797640492270697,0.250136661695886,0.28987252586572604,-0.7248564975615109,1.907012881397371,-0.608684681173583,0.8265588449737062,0.5168425909308759,1.0187389068861767,0.9848575718326791,-0.5814181964513455,0.8227550632315396,-0.8014624387963388,-0.9668513203692978,0.7934549714396049,0.6694103502461124,0.5814181964513455,-0.9848575718326797,2.52701890853192,-0.18442671521636386,1.5373352948496766,1.8165798100432309,1.9977481311064238,0.8571550890128092,-0.22015379130249568,-0.6516131881728072,1.5660355222555504,0.5841383197212315,-0.8623145398892288,-0.48749186102961545,-0.8793552956620708,-0.5500223735309933,0.5697267771729232,-0.04248097655033679,-0.32030321536567735,-0.20882997275045564,0
-0.4577006284139859,0.33601437037629844,-0.8790386569529866,-0.4281154315628296,1,0,0,0,1,0,-0.25578193957032125,-0.03205128065648941,-0.4512786181940413,0.15299980337142172,-0.25019237317776755,-0.14289116158761306,-0.18785285295023554,-0.21915088074256073,-0.061105139922985684,0.588021742950337,0.690334048816648,0.8310072225994392,-0.5762542620102875,-0.34040411218057326,-0.7613855270876007,-0.23487972916991678,0.4348022419897902,0.26789808749637106,0.1590389773671773,0.9756618166055823,-0.07891381315875037,-0.4619478453599057,-0.1524987027920104,-0.3632369784702399,-0.635917732929366,-0.9756618166055823,-0.15903897736717798,-0.2582324537235989,-0.6347222057676005,0.32735324499704527,0.14983524623193267,0.32505666803163763,0.3845801819166189,-0.22015379130249568,-0.319404172783631,0.3258135853852078,-0.19302946221276363,-0.5588081172337243,-0.4601222117987924,-0.46443461193445323,-0.5669454880182719,-0.5405845059150832,-0.20711139779498602,0.29205785388825667,-0.023255055489598248,1
-0.8689048261297889,0.18140777454752677,1.0038746524609323,-0.8681093238500562,1,0,0,1,0,0,-0.3188766245909836,0.05807689148892839,-0.6687627022894718,0.7721549325964006,-0.6732120518127372,-0.5520724776066336,1.1797736185584355,-0.649053855215156,0.640507218492799,0.11643498589607297,-0.016193777091453452,0.7536069453847529,0.8756914516691578,0.7215469586955745,-0.608684681173583,-0.03149257589512833,0.0749560183556538,-0.30015219949786615,0.8686312511301267,0.16633209230480636,-0.9195427160795241,0.28107983401865216,-0.9072418264406537,-0.08297104947477997,-0.27198749959960683,-0.16633209230480636,-0.8686312511301275,0.27096530510494976,-0.8598699510432187,-1.1646546961746211,-1.0000892977929163,-0.9209277891567239,-1.0961545269847772,0.5138790966987595,0.12354118106860354,-1.3484860293897554,-0.7481493064513315,0.5793409677244183,0.8809906005115491,0.22277777048941236,0.17767154942198057,1.2993599060593275,0.03983423407198747,0.1250502895462747,0.7190446135538346,1
0.030604356373531493,0.9802085196628456,-0.4445202009343899,-0.13478617003801185,1,0,0,1,0,0,-0.028641073495936725,-0.18730432557795104,-0.6175899766199587,0.6188127744238591,-0.8107407891610601,-0.622281730737766,0.2683528383991073,-0.7719991843457561,-0.9136351519708916,-0.33737364122494884,-0.8827993641135061,-2.0439702385192153,-0.04856693971800749,0.5191108380156226,-0.14661538753515072,-0.7624611972910217,-0.38415511245668355,-1.0786420998128243,-1.9141354642611406,-0.8893153741744672,0.1455382786224347,0.9127170314688734,0.4827698879030544,0.07484839017891826,0.09459833948065938,0.8893153741744672,1.91413546426114,0.04814519612450831,-0.5596729573423944,-1.364802102917162,-1.4781478160953823,-1.5183175973977192,-1.033144539371952,-0.9541866793037505,-0.1532996650890431,-1.2864749325462383,-0.08200549336504998,0.5034643620605421,-0.7794347861583975,-0.4385020692014777,-0.38079122865820925,-0.9212626601166852,0.5337254978059351,0.1250502895462747,-0.8892713360402683,0
0.3904080293748593,-0.5916252045963298,-0.8790386569529866,-0.4281154315628296,1,0,0,1,0,0,0.3246891626197725,-0.3053431574845305,-0.7583149722111197,1.4636412685065403,-1.6190412403228231,-1.365963182693647,0.2992584535208724,1.2493526857518078,-0.030919696921189056,-0.8757065152484906,-0.4364031461170485,-0.35700046566350735,0.2766497347342782,-0.10047815068097882,0.8920053125567162,-1.7551288885629384,-0.08468053112950634,0.01143542842141611,-0.0632699944762795,-0.4241556457943308,-0.5165227486417456,-0.8211844291415695,-1.7214670075137597,1.099055241112203,0.578509933345288,0.4241556457943308,0.06326999447627879,-0.11896988561082296,0.7912135143113154,-0.07294156848803632,-0.9613277963089331,-0.9379960693921812,1.5817699465603012,0.4323198869208419,0.5111183656893089,0.2638024885416898,-0.44283339212011924,-0.7105613285614767,0.2606118846128881,-0.6978274965312384,-0.2623294272472596,1.648314880744129,0.36909507656128593,0.18071947766026855,0.34789477903211874,0
0.2876069799459088,1.6501704349208541,-0.15484123025532542,-0.8681093238500562,0,1,0,1,0,0,-0.15483044353726144,-0.1047352904511812,-0.46407179961141953,0.19061203084770548,-0.3766417199669417,-0.22785777365713644,-0.12388251796009697,-0.3976187103071361,0.3573122784954215,0.6865413911220173,0.9448356007179035,0.5095650265548632,-1.0512667750080205,-1.0405396418779136,-0.78110852338411,0.7420430531500939,-0.5952032868691057,0.04670713861708315,0.7547787594442794,-0.05359446321170947,-0.867433293001424,-0.23675321315492404,0.2572238513211801,-1.5176665180784052,-1.1827321251157696,0.05359446321170947,-0.7547787594442801,-1.0102503215325889,-0.7848207026180125,-0.24579614703841146,0.1627557467265941,-0.08458205761933026,-0.34003467563087314,0.18764225758709038,-0.1532996650890431,-0.790386157798101,-0.8314172830871166,-0.2553016945782196,-0.10431677179808911,0.04124997135858002,-0.5669454880182719,-0.3185222492974822,1.3568776040291806,1.461110804282131,-0.2706882785040748,0
-0.6633027272718879,1.547099371035007,0.27967722576327125,-0.4281154315628296,1,0,0,1,0,0,-0.6974447347149578,1.0407647039131613,0.20117363409225028,-0.2723076919373254,1.319042174120818,1.010865991777494,1.0099957757511373,-0.9197485384738896,1.4013703135796038,1.073169023760713,1.8811715588731468,1.3808935247455585,-1.8556615905197635,2.0287422099314294,0.3432112067671547,0.2468077550979667,1.7354434760573387,1.7391967655986948,2.231199393834513,-0.3295023237687909,0.622671600018,1.606205186117344,-1.6677021730224295,0.2710539277036763,-0.7476280243033545,0.32950232376879157,-2.231199393834514,1.4129183636297125,-0.03432821836595151,-0.9463120706373036,-0.6899972859210471,-0.03337721691295973,-0.5605696322757617,-0.46483142063624716,-1.2606630497196296,-0.9764194483286528,0.6118943119331598,1.5657368413548085,0.13288685486904556,-0.7626588533636787,-0.6177148314801074,0.6966194952401235,1.6861384465184783,1.6281183686241134,0.10046155601764112,1
0.18480593051695732,0.6967630939767645,-0.15484123025532542,-0.13478617003801185,1,0,0,1,0,0,-0.2810198135785862,0.00981470898525305,-0.68155588370685,0.801087415270465,-0.7651144145514226,-0.6115491060553,0.18153679966126646,0.6160238668275435,-0.016416784149202036,-1.1853404197249835,-0.9269205734687264,-0.8480607291657127,0.8994914259736889,0.4530571690936285,0.661083111162753,0.0702762240778781,-0.5344254989285948,-0.4150316427482859,0.4700615648931452,-1.6228550239587813,0.20025804612389042,-0.18325354148664053,0.09306312168253873,1.071391258765526,0.7998445225497337,1.6228550239587813,-0.4700615648931459,0.27096530510494976,0.41596727218528484,-0.4732363819731166,-0.3669847735545164,-0.5454256239766699,-0.40304466324369825,0.5954383064766764,0.40038202722625016,-0.6663639641110671,0.3065783976019474,-0.02767187758659086,0.4795690784594736,0.45617065508619664,0.8884423578876751,0.2207718024881207,0.4514102871836102,-0.26463402725168356,0.2860364732784985,0
-1.2030082367738797,-0.5400896726534062,0.27967722576327125,-0.13478617003801185,1,0,0,1,0,0,-0.7983962307480176,4.078956313331277,0.6361418022831113,-0.3845657247126954,2.400338970197056,3.4342032065393213,0.02456193342250812,-0.05025859706822668,0.9985635956531241,-0.12398376122426885,0.5577682409725284,0.44670062374044445,-0.9116455137452015,-0.1219423193020917,-0.925292644758211,0.841591447730861,-0.3150194411018785,0.29160546550384725,-0.21462929445480164,0.8221130942085976,-0.1559972949718803,-0.8579563573689538,-0.5193516451365916,-0.14487382267694304,-0.44043004983607914,-0.8221130942085976,0.21462929445480092,-0.28608496734615396,-1.009968447893631,-0.7006766169078218,-0.19901826712392082,-0.3064697006802721,-0.7180946013078251,-1.1988643086375024,-1.2606630497196296,-0.9144083514851348,-0.1375174777889068,-0.7864379342253526,0.07814755640739948,-0.2051091846046925,-0.24540631275998087,0.1890486229713212,-0.04248097655033679,0.4033962301162448,0.22417816752487937,1
-1.3572098109173063,-0.07626988516709207,-0.4445202009343899,-0.13478617003801185,1,0,0,1,0,0,0.9556360128263961,-0.4786218368350757,-0.5280377066983108,0.30344871327655676,-1.12887719691699,-0.6026052521532449,-0.4937405054614785,-0.26460903313612016,-0.2726019205743728,0.38816699998484866,0.2273299561542456,-1.8854254835235882,-1.307033409841604,-0.1988020102047152,-0.1813716201178672,-0.4212085414325999,0.6700062715900917,0.43120246304476245,-1.9287998281276528,-0.6585353003337585,0.48791756563680727,0.18149009470720381,-0.05061800529931605,0.13997817527613693,0.12544520170931384,0.6585353003337585,1.9287998281276528,-0.20252742647848845,-0.18442671521636386,-0.03958366736427887,-0.25070026910256554,0.023517050538564028,0.2795635358952437,-1.85133798686084,-1.4636796702352375,-0.2736270174354578,0.4731143508735179,0.19995793940503753,0.0963939892279486,0.054216242725068246,0.10997909147286698,0.12560226393772106,0.6983559190505837,0.4033962301162448,0.10046155601764112,0
0.6731109153044746,1.1348151154916164,1.0038746524609323,-0.8681093238500562,1,0,0,1,0,0,-0.5460174906653681,0.3895159761527229,-0.016310450003180245,-0.19187539010342627,0.6826298182495153,0.4478503886431258,1.419067981205717,-0.4797754797853154,-1.2366300619295674,1.8075069464121853,1.3039977859718308,-0.44107586927919584,-1.710206451059627,1.189688041354554,-0.6387339635956981,-1.6495576330559187,0.8529445557051264,0.23681574189844237,-0.030386078764458365,-0.5714383359489155,-0.7845262985564943,0.018637239807418635,0.03286838352050646,-1.5960600531601667,-1.4640565067934306,0.5714383359489155,0.030386078764457654,0.8001630639334981,-0.7848207026180125,-0.7643598826895395,-1.4135453136220761,-1.0745423112758372,0.5106001571422693,-0.5463906304141645,-0.5962450189412776,-0.6043528672675491,-0.4150773999081907,0.7310941790521709,2.167364114360243,1.8565279626669051,0.9222885868622325,1.1724671879921262,2.9208666058533463,2.741502130903994,1.0901944480755505,1
-1.0231064002732158,1.109047349520155,1.0038746524609323,-1.8947617391869185,1,0,0,1,0,0,-0.7100636717190902,1.247187291730086,2.222496298038016,-0.6322277764026869,2.0834773884047615,1.4477732548928852,1.6903180479801374,0.20175716488889403,-1.0459709828447106,1.899262937155708,1.1696321623159136,0.6899902791809007,-1.0377777540995254,1.2062970110626703,0.10721343496510947,0.044091609290518446,0.7899205197041477,0.4813587287063899,-0.37315522795503414,1.3111552580072139,-1.1451106325302427,-0.169513974994422,1.4741851889424482,-1.7825100323112593,-1.0506259851670152,-1.3111552580072139,0.3731552279550334,0.9672781456688292,-0.03432821836595151,-0.38226028799923456,-0.3023822710812103,0.017827623793410803,-0.43454965705011084,-1.1988643086375024,-1.2052948804881005,-0.17027518936292965,-1.0812212129944723,-0.17942508891434333,-0.058700689746716966,0.7025298110494701,-0.1269445113490324,-0.9212626601166852,-0.4540570296619595,0.18071947766026855,-0.08511336124321738,1
0.8273124894479005,0.0783367106616796,0.5693561964423357,-0.8681093238500562,1,0,0,1,0,0,-0.0412600105000692,-0.18032666063766065,-0.6559695208720935,0.7692616843289941,-0.9134991041386452,-0.7331855191232493,-0.29501276214864214,0.09351477241632844,0.687454280182937,0.18518043406101642,0.2462041260276329,1.7050215889001124,0.4467003240373013,-1.2503382125352458,-0.3189553079040473,1.7135455698424298,-0.6349052182162895,0.0668121507164517,1.3609607219712736,0.9756618166055823,-0.8391007825048699,-0.4478743855308497,0.7821750131220768,-0.879727965710955,-0.25484836067590616,-0.9756618166055823,-1.3609607219712743,-1.0659553487776992,0.04072103005925432,1.1916261377489248,2.036228318452472,1.605177685690913,-0.2770246880180474,1.7372672433675176,1.0648000580046022,0.8839134569768611,-0.9424412519348303,-0.7105613285614767,-1.0622544948769042,-0.5551985114998699,-0.8377153198147269,-0.9847090191502859,-0.8656330827735822,-0.5429799678216537,-1.0748462533011267,0
-0.7661037767008384,0.3617821363477598,-0.4445202009343899,0.3052077222492148,1,0,0,1,0,0,-0.5838743016777656,0.5029030314324421,5.113755298365504,-0.7439071595245756,2.062666050612556,0.9616747953161909,0.570362458832344,-2.2241188166208365,-0.12136429162697346,0.12220648356961353,0.9783214306077148,0.4661202014444887,-0.7389411353859967,1.0956855271399155,-0.7100739866122319,0.4644786001466447,0.7197422004720329,1.3912017053941848,0.08301123374971872,0.5534028300138731,0.301693185481374,2.3413363433115415,0.6326652513838535,0.5485909703161342,0.08637191585073586,-0.5534028300138731,-0.08301123374971872,1.5521809317424884,-0.3345252120667762,1.3826759350940767,1.4548057961927168,1.7417239275745686,1.3927399837218248,-0.30171300108041293,-0.3747723420151606,2.0621242970036877,-0.08200549336504998,1.413983630027056,-1.235595606672119,-0.7756251247301669,-0.5330992590437151,-1.6508957890030895,-0.7010026615289333,-0.5429799678216537,-0.8892713360402683,0
0.2876069799459088,1.0575118175772313,-0.15484123025532542,-0.8681093238500562,1,0,0,1,0,0,-0.81101516775215,5.526821788441537,0.5082099881093286,-0.3330659055528607,2.6084335503271854,4.507912867481035,0.35092549309920124,-0.48578934417082303,0.30631082405437615,0.6970355788399955,1.7068614130917545,0.8239708337617405,-1.4227669811301187,0.09988440640508651,-0.6797185191573138,0.3455155567446798,0.1860877028689396,0.4915065857869298,-0.2763926451691775,1.3979208031972914,-0.3881671186502087,-0.014165970642145006,-0.0715273448205424,-0.7571287172928315,-1.7391429151774913,-1.3979208031972914,0.2763926451691768,0.49378541408539117,-0.25947596364157,1.555530513644453,1.5323287991606835,1.5539728449845414,1.109195039464111,-0.30171300108041293,-0.2086678343205727,1.814079909629618,-0.7481493064513315,-0.6346847228976005,-1.8924671882118775,-1.6313990349183765,-1.751563502127764,-2.1584666612718926,-0.7833178721512579,-0.2089648391376897,-1.940862533851798,1
-0.9460056132015023,-0.6689285025107157,-0.15484123025532542,-1.161438585374874,0,1,0,1,0,0,-0.8236341047562825,7.899227868140277,0.08603500133584588,-0.23643141342148552,2.821967758675618,6.257777883418114,0.13799201304425976,-0.4866396811921805,0.4983596206774336,0.23788258884231556,0.48800547999631794,-0.24134220239725787,-1.0135437741906432,-0.8603247630531311,-1.126876315178587,0.8711280807150394,0.37976359977104573,0.9094816554697465,0.8355570349801581,-1.157857273542002,-1.051507619581305,-0.4609517202540382,0.19412541323460533,0.055203054156951044,0.25350079579100004,1.157857273542002,-0.8355570349801588,-0.9545452942874786,-1.2351161931692491,-1.0008977270216337,-0.4574282770171454,-0.2894014204448148,-0.9071245641463012,-0.22015379130249568,-0.5962450189412776,-0.6663639641110671,-1.0653606460162273,-0.6130056927079216,-0.6634396060849082,-0.47184390985816066,-0.4194726332005599,-0.4499468501527968,1.2040064985877206,0.6499312060496465,-0.6330012122038462,1
-0.2263982671988458,-0.6689285025107157,-0.15484123025532542,-0.4281154315628296,1,0,0,1,0,0,-0.571255364673633,0.4796441482981407,-0.6431763394547153,0.6593182501675493,-0.15039992589118947,-0.14065519811209928,0.29403424977983916,0.7155150647008586,0.2752343942348368,0.7946265232225783,0.10707086757125404,-0.4100298753258407,-1.2063024693883262,0.24505896511397307,-0.013126782697571298,-0.43972149931896204,0.8114764358847699,-0.057959844310554724,-0.018359091073560794,-0.5410235229891278,-0.16400175140594903,-0.9952170040294301,-0.8181323375616324,-0.26884302479362965,-0.1957838787426051,0.5410235229891278,0.018359091073560086,0.0759977097470634,-0.18442671521636386,-0.5187244289600577,-0.6512357844370638,-0.32353798091572933,-0.5920746260821743,-0.7910682597479163,-0.8730858650989243,-0.5423417704240322,0.16779843654230542,-0.6346847228976005,1.455753234358838,0.7284623537824456,0.5669031826293847,1.9021003168785307,1.7684536571408034,1.5724491805101195,1.0283361423219313,0
0.10770514344524394,-1.5708003115118816,-1.6032360836506476,1.7718540298733036,1,0,0,1,0,0,-0.6848257977108253,0.9535438921595311,-0.630383158037337,0.6448520088305171,0.2556084424433621,0.2349866657742146,-1.074458157677126,0.5794520176253173,0.9589417086103158,-0.8465904782879273,-0.34397572038665974,-0.5167603575639892,0.3441338212628549,-0.7893807841087134,0.19939403557785446,0.24947163995100902,-0.12018211576902144,0.4032314459956706,0.23272740579640636,-0.9356157016516281,0.7053202449702686,-0.5955675114533876,-1.0602105012101783,1.0245185899725449,0.8408623074275201,0.9356157016516281,-0.23272740579640636,-0.8709877534198129,-0.10937746679115769,-0.8280431484712572,-0.5866332819637576,-0.596630464683041,-0.37153966943728567,-0.13859458152457876,-0.26403600355210183,-0.4183195767369984,0.44535835866158957,-0.7105613285614767,-0.5969704579529088,-1.0090180093269512,-0.6007917169928287,0.5697267771729232,-0.28942660841731066,-0.7099875321636356,-0.45626319576493324,1
-0.4577006284139859,-1.5708003115118816,-0.8790386569529866,1.7718540298733036,1,0,0,1,0,0,-0.25578193957032125,-0.03205128065648941,-0.7711081536284979,1.7761120813864362,-1.2506589501753123,-1.3972666713508397,-0.6875470361455953,0.031703749353642396,-1.0584231019705836,0.5931395275129605,-0.09275377334829424,0.010224063125016005,-0.12389716209952656,-0.3899721105825123,-0.7526605513484783,-0.34693582371746867,0.4848776488264726,0.4128286749689181,0.4292298816076853,-0.41176056791003435,0.5663953525182129,-0.7975132085683794,1.09826279330483,-0.3204968590089169,0.5236312985837175,0.41176056791003435,-0.42922988160768605,-0.3139374809687093,-0.6347222057676005,0.2909628074074919,0.05939174276930372,0.2567835470898098,0.5736101447550955,-0.05703537174666111,-0.26403600355210183,0.3258135853852078,0.25106641317809053,-0.9381911455531051,-0.8341740846200435,-0.2051091846046925,-0.3130987707090945,-0.794369942049485,-0.5363722402842841,-0.7656567202776299,-1.136704559054746,0
0.7502117023761872,-0.87507063028241,-1.6032360836506476,1.0385308760612593,1,0,0,1,0,0,0.17326191857018283,-0.27045483278307847,-0.3361399854376369,0.06041585881441555,-0.4513283492570967,-0.25468933536330174,-1.0671071201286682,0.6871371833608184,-1.6181620158080077,-0.5573317528299425,-1.1625017587838686,-1.2215885904592665,0.8513482838145867,-0.89661148949387,0.6189384421689396,-2.3774889488482747,-0.456725686614533,-1.4972634463350458,-0.24010667662448162,-1.4279662609164547,0.5879547909550564,-0.323078404396091,-0.17706542507439435,0.30003786936405985,0.04952288440162969,1.4279662609164547,0.2401066766244809,-0.8988402670423681,0.41596727218528484,-0.38226028799923456,-1.4910683165900436,-1.552454157868633,0.6681251261743327,1.166352774922097,1.4523772426253072,-0.5423417704240322,0.08453045990652028,-0.7105613285614767,-1.4089367184673323,-1.268343436656712,-1.0915620371239039,-1.016432198667086,0.36909507656128593,-0.26463402725168356,-1.6934293108373202,0
-0.3034990542705592,0.2587110724619126,0.27967722576327125,0.3052077222492148,0,1,0,0,1,0,-0.7226826087232228,1.2704461748643872,-0.42569225535928473,0.12406732069735729,0.863639856874863,0.881180110197695,-0.6596416858648619,-0.09083171278305516,1.0715359898867878,-0.8312082644200477,-0.4844626861300635,0.14148710597448672,1.108939109830882,-0.40816685378014755,-0.35619137078841473,3.026908528191807,-0.20179005542990763,0.7904886093726415,1.1642946985313556,-0.9617617689328484,0.5094123106403515,-0.2321553196310163,1.5769255620437441,0.922817175403456,1.4015834899253776,0.9617617689328484,-1.1642946985313563,-0.23037994010104354,-0.10937746679115769,0.8004289336612322,2.4109228327976466,2.185499213696451,-1.442709458855317,1.166352774922097,0.6218547041523672,0.9459245538203791,0.5841383197212315,-0.1035484832504671,0.38833691435672935,1.1822818516095268,1.548443822891536,-0.6040308649486834,-0.6186874509066087,-1.0440026608476,0.8427612250610729,1
0.6988111776617119,-0.7719995663965628,-0.15484123025532542,1.478524768348486,1,0,0,1,0,0,-0.6595879237025604,0.8023611517865722,-0.579210432367824,0.4799368575883498,0.2862315061001328,0.24616648315178347,0.2568989236152105,0.12666093951948193,-0.2362144135374168,0.23651326010987914,0.15991105633220706,1.6284165014151524,0.14375737438695008,0.32088364099585165,-0.3914218838050509,-0.15016379076349318,0.9628295491134563,0.9419051203685038,1.5875602653373244,0.6464429457035722,-0.03660105367369462,-0.5659639650261443,0.17201288855880947,0.6352111434366774,0.7116948180535722,-0.6464429457035722,-1.587560265337325,0.32667033235006016,-0.3345252120667762,0.11810822885711679,0.020630241285320403,0.4103980692089227,0.41608517572303205,-0.05703537174666111,-0.7069813574043363,-0.10826409251941274,0.0012624832707351544,-0.482931511569848,0.1876261533306929,0.2487103132223888,0.49921072468027106,0.1890486229713212,-0.7833178721512579,-0.5986491559356475,0.6571863078002155,0
-1.0231064002732158,0.6709953280053031,1.0038746524609323,1.0385308760612593,1,0,0,1,0,0,-0.7100636717190902,1.247187291730086,-0.5664172509504457,0.39024616129875006,0.5369850734936037,0.6575837626463177,0.054896401039291234,0.6758767725056938,1.0273700877447485,0.2938747767701159,0.4538429903182336,0.37327799700224173,-0.635272869910785,1.1435236229863561,0.44836343976766346,-0.16648061315633442,1.2489818132846997,0.8284854260820834,0.4251360800282837,0.08746187929198715,1.066260548388408,-0.47850142998438333,-1.5717462879417319,0.841463121911821,0.2188366521532238,-0.08746187929198715,-0.4251360800282844,0.911573118423719,0.26586877533487285,-0.38226028799923456,-0.40574627503850064,0.08610074473523979,-0.24551969421163483,-0.9541866793037505,-1.2052948804881005,-0.17027518936292965,0.6118943119331598,-0.7105613285614767,-0.97102233077416,-1.5276688639864726,-1.176177609560296,0.2524949820049213,-0.6186874509066087,-0.6543183440496418,-0.76555472453303,1
-0.9460056132015023,-0.6689285025107157,-0.15484123025532542,-0.4281154315628296,0,1,0,1,0,0,-0.8236341047562825,7.899227868140277,-0.6431763394547153,0.6593182501675493,1.8537396502128838,5.5655235913990495,-0.6887612316291164,-0.28563360652610664,1.4992099495942748,0.023360638828806096,0.46828911741163554,-0.12650911004031118,-0.43757134940508513,-0.9645399595851726,-1.173462691348547,1.0405986365567161,0.22200666922696555,0.6867588428076175,0.9573302853504951,-1.1220118587209724,-0.00601770390215521,-0.7835080748637563,-1.0037689501364244,0.1885792969627529,0.06168755569241139,1.1220118587209724,-0.9573302853504958,-1.0659553487776992,-1.3101654415944555,-1.2101427431615621,-0.5737127814690962,-0.4600842227993849,-1.2536794960168407,0.10608304780917345,-0.319404172783631,-0.9764194483286528,0.3343343898138759,-0.4070549059059717,1.419260368717741,0.585833368751077,0.6345956405784983,1.9972698554289314,1.8507688677631275,1.2941032399401495,0.904619530814692,1
0.10770514344524394,-1.5708003115118816,-1.6032360836506476,1.7718540298733036,1,0,0,1,0,0,-0.6848257977108253,0.9535438921595311,-0.7711081536284979,1.7761120813864362,-0.36610906074714133,-0.6392750531516708,-0.9627833502228862,0.5102313085107675,-0.6402033317437047,0.20780547532119115,0.0965563664136966,0.23361127493314257,0.18973605590140682,-0.7571592159825631,0.1813451870635548,0.3231886530716064,-0.14777533815877444,0.5291557802859724,0.8164553486475558,-0.4911325578708816,0.5822291179554104,-0.5186408560682157,1.1999528295742954,-0.4272632863825406,0.39108962235458733,0.4911325578708816,-0.8164553486475564,-0.8709877534198129,-0.18442671521636386,-1.0008977270216337,-0.7029177864157086,-0.71610842633123994,-0.43454965705011084,0.2692014673650073,-0.09793149585751397,-0.6043528672675491,0.16779843654230542,-0.7864379342253526,-1.1352402261590995,-0.4385020692014777,-0.5669454880182719,-1.1116017372174867,-0.4540570296619595,-0.7099875321636356,-1.3841377820692236,0
0.9815140635913272,-0.30817977891024867,-0.15484123025532542,0.3052077222492148,1,0,0,0,1,0,-0.596493238681898,0.619197447103949,-0.7455217907937414,1.2669003863229022,-0.5031741488122929,-0.5028812811453306,0.6665342588878765,0.9535450950598358,-1.925319950778543,0.7987473561790469,0.19470909182916046,0.36029887005678957,-0.6334705229277613,0.4065143763495706,1.0036048527682726,0.450190051250178,0.7828912744258704,0.9955608678749096,1.37244176550182,-0.8697663470174435,-0.5206477371907694,-0.30338125809265654,3.0843744566578186,-0.30275456104858495,0.7188400618363097,0.8697663470174435,-1.3724417655018208,0.1317027369921738,0.5660657690356972,-0.8007503202790929,-0.4703487775118068,-0.15285517856115927,-0.6235796198885869,-0.5463906304141645,-1.0945585420250417,-0.790386157798101,-0.3318094232724056,-0.02767187758659086,0.890113816921823,2.5307740737242828,2.2084452878953957,-1.397110352868688,1.0276167615398821,0.6260729825722207,1.1520527538291696,0
0.2876069799459088,0.3617821363477598,-0.15484123025532542,0.3052077222492148,1,0,0,1,0,0,-0.81101516775215,5.526821788441537,5.113755298365504,-0.7439071595245756,3.5784052204205223,4.825419681003991,-0.07778694032740996,-2.1015899837674863,-0.08426025004364521,-0.23641960955739225,0.046016910042499845,1.0369020776738014,-0.02563264452079652,0.10411679062172191,-0.608684681173583,0.22592285036552207,0.2938998688119752,0.5270812755122407,0.25295560183580257,1.163332477313009,0.2121969044878443,2.274731255350144,0.34221726124546964,0.6108137189564081,0.45476804071382543,-1.163332477313009,-0.2529556018358033,0.49378541408539117,-0.18442671521636386,1.5373352948496766,1.4418852956980555,1.519836284513628,1.1722050270769362,0.02452383803125581,-0.09793149585751397,1.752068812786101,-0.026493508941193386,1.6416134470186852,-0.7794347861583975,-0.5033334260339178,-0.24540631275998087,-0.857816301083085,-1.1948939252628807,-0.8769950965056176,-0.332546584257695,1
-0.9460056132015023,-1.5708003115118816,-0.15484123025532542,1.7718540298733036,0,1,0,1,0,0,-0.8236341047562825,7.899227868140277,-0.7711081536284979,1.7761120813864362,1.269648225209414,4.702441689850733,-1.1014145059405605,-0.63154616591257,-0.00927612103696993,0.45597868758883303,0.20834637139953327,0.5433118525750376,0.2287893504228082,-1.0698093892007903,-1.26806303999948,1.1494425222438776,0.2597464126814788,0.7126754711497563,0.9041108648182726,-0.15567358143258175,0.4626027454023092,-0.4035007839156142,1.1677596512502715,-0.35843769313854246,0.4249283997686365,0.15567358143258175,-0.9041108648182734,-1.1495128896453646,-1.3852146900196616,-1.21924035255895,-0.5349512799851129,-0.40887938209301433,-1.348194477436079,-0.13859458152457876,-0.5408768497097485,-1.1004416420156866,0.05677446769459199,-0.7105613285614767,-1.1899795246207467,-0.5033334260339178,-0.6007917169928287,-1.1433249167342867,-0.7833178721512579,-0.9326642846196119,-1.3841377820692236,0
-0.3034990542705592,-1.2100515879114147,0.27967722576327125,0.5985369837740325,0,1,0,1,0,0,-0.7226826087232228,1.2704461748643872,-0.8094876978806327,3.731947910153192,-0.5451168139911332,-1.90706634376798,-0.5998920719079666,-0.38489592161724995,2.027917300105339,-0.569533818446639,0.26638165962121907,-0.09042464900397151,-0.060836737878389155,-0.6203255300664742,-0.20469245421076462,2.9474983263715755,-0.43382370618130744,0.5914671640261111,0.7976720237538321,-0.9144498376620688,0.21434256841055027,0.3232253244614144,0.18972067747277338,0.33923128456438706,0.23114336212270084,0.9144498376620688,-0.7976720237538328,-0.45320004908148526,0.04072103005925432,0.7822337148664557,2.3463203303243403,1.9977481311064238,-1.348194477436079,0.9216751455883455,0.5664865349208381,0.9459245538203791,-0.10976148557697851,-0.1035484832504671,-1.0896241441077272,-0.840456481562607,-0.6684841749419423,-0.9529858396334858,0.03983423407198747,-0.3759724034796717,-1.0748462533011267,0
-1.2030082367738797,-0.6689285025107157,0.27967722576327125,0.3052077222492148,1,0,0,1,0,0,-0.7983962307480176,4.078956313331277,-0.7199354279589849,1.0383337731977933,0.843988333151166,2.3345563692816476,-1.4707855078765175,-0.5255460283725584,0.43051572320507225,-1.3626507581181904,-0.7495094712467381,-1.852202387509694,-0.025436526404297374,-0.21154203694673399,-0.501594153392639,0.8662193288436534,-0.013936615777554385,0.9231803230105595,0.1590389773671773,-2.683916067189232,1.833792740797911,0.2188424054701801,0.2819374716308253,1.8270339536820657,1.875704923520067,2.683916067189232,-0.15903897736717798,-0.5367575899491508,-0.8598699510432187,-1.4830710250832082,-0.8967252938356269,-0.8526546682148961,-0.9701345517591269,-1.4435419379712537,-1.648240234340335,-1.4725082230767892,1.3890620938671545,-0.02767187758659086,-0.642586540004281,-0.41256952646850126,0.2961333508329291,-0.28679906978068154,-0.4540570296619595,-1.378017789531564,-0.76555472453303,1
0.2876069799459088,0.0010334127472937634,-0.15484123025532542,0.3052077222492148,1,0,0,1,0,0,-0.81101516775215,5.526821788441537,-0.7839013350458762,1.8571230328738166,0.7118913981583822,2.815288516517109,-0.9226928698011457,0.5625264713671042,-1.7223582327775027,-0.33248724273569374,-1.0406370940265175,0.3776627417705616,0.8927064544642623,0.11219531618530519,-0.5522369637264313,0.14907705924098086,0.5340289658468839,0.6567604430812732,1.1169885469471594,-0.5927287050207662,1.3951311342686177,-1.325304103026197,2.504329471149598,0.978702795727618,1.9940779330611045,0.5927287050207662,-1.1169885469471603,0.438080386840281,-0.18442671521636386,1.2916998411201945,1.183475285804831,1.3832900426299712,1.0146800580448727,0.5138790966987595,0.012804842605544792,1.4420133285685155,0.8894542340524437,-1.3934507795363622,-0.9436526815433369,0.3265079414213163,0.7192112130148905,-1.7143421480366898,-1.6064699783745033,-1.9347096706715041,-0.6418381130257917,1
0.2876069799459088,-1.2100515879114147,-0.15484123025532542,0.3052077222492148,1,0,0,1,0,0,-0.81101516775215,5.526821788441537,-0.822280879298011,4.061778212637527,0.2556084424433621,1.1114843481756138,0.4277786791229382,0.16020445849241816,-0.3511357652897354,0.5266231919266231,-0.20738218728676958,0.4024929058895572,0.3186160191110344,0.13898030442244383,-0.47417528550389804,0.06326548083875101,0.4825949217929876,0.6569419956763816,0.4884925330428311,0.06447137185505257,-0.4559691839841655,-0.6949040386963901,0.5435900612120704,-0.23290109395881758,0.9109829956091665,-0.06447137185505188,-0.4884925330428318,0.38237535959517033,-0.18442671521636386,0.9732835122116075,0.8604627734383002,1.0419244379208312,0.9201650766256344,-0.13859458152457876,-0.3747723420151606,1.3179911348814817,-0.7203933142394032,-1.0140677512169813,-1.5001688825700765,-1.047916823426415,-1.057715808149347,-0.6040308649486834,-1.6064699783745033,-1.7677021063295222,-1.4459960878228426,0
-1.2030082367738797,-1.2100515879114147,0.27967722576327125,0.5985369837740325,1,0,0,1,0,0,-0.7983962307480176,4.078956313331277,-0.8094876978806327,3.731947910153192,0.17807456053538515,0.25287437357832476,-0.5346155629005003,-0.528226072026035,0.2660490329306067,-0.05098584213362139,0.4622160930297045,-1.5126659797978799,-1.0617269598303152,-0.6895507263974826,-0.471858336940843,0.7511525851886165,-0.12872949727955427,0.9969935316042642,-0.3471945350124867,-1.7187526692653243,0.05440499311091852,0.2523095376406706,0.3911379665239008,-0.058767382533598235,0.3724665761484543,1.7187526692653243,0.347194535012486,-0.9545452942874786,-0.9349191994684248,-1.8469754009787365,-1.2714198081808024,-1.2452251136304073,-1.033144539371952,-1.5251011477491712,-1.592872065108806,-1.658541513607341,-0.3040534310604773,-0.2553016945782196,-1.3541974200056863,-0.9830854665939747,-0.939254006738398,-0.9212626601166852,0.36909507656128593,-0.3759724034796717,-1.4459960878228426,0
0.6474106529472365,0.026801178718756015,1.0038746524609323,-0.13478617003801185,0,1,0,1,0,0,0.5644489656982895,-0.46757386734628253,-0.5152445252809326,0.09224158975588642,-0.9419020066438308,-0.43088325723378706,-0.42006515904881364,0.5900166441573669,0.12337042222864678,-0.506117030845401,-0.47017076060328955,-0.11962695139632461,0.251675034905004,-0.3364615202651472,1.0505189130686543,0.11700488669242227,-0.3378476739423926,-0.5059899591432301,0.19997699316119485,-0.36149164093482894,0.24792244253335782,0.2425704251042844,-0.05107287290254101,0.3487274864851687,0.11724430370198878,0.36149164093482966,-0.19997699316119558,-0.3696425082138195,0.8662627627365218,-0.2276009282436361,-0.1344157646506147,-0.2552648599739003,-0.49755964466293656,0.5138790966987595,0.4557501964577793,-0.4803306735805153,0.08453045990652028,0.04820472807728505,-0.48749186102961545,-0.4385020692014777,-0.2792525417345383,-0.44541496736468245,0.28677986593896093,0.1250502895462747,-0.5181215015185524,0
-1.2287084991311177,0.3617821363477598,-1.6032360836506476,-1.8947617391869185,0,1,0,1,0,0,0.6275436507189519,-0.4780403647567182,0.9431781563001896,-0.5205483932807982,0.11717577848931113,0.034644338368180524,0.3713423925414557,-0.0288321538051729,-0.1091191413967492,0.12678796314323462,0.6169949585516109,1.2656185007996255,-0.061774761915144846,-0.48889923327041357,0.8998495671836511,0.6449615577984221,-1.3472467120810934,-0.9242557375724781,0.39961991949913633,1.3298145150373384,-1.004862989664851,0.9410225784679697,0.79729368753413,-1.5071891361957417,-1.7044794999975375,-1.3298145150373384,-0.39961991949913706,-0.6760201580619267,0.340918023760079,-1.11916664918768,-0.6641562849317252,-1.1086788717467513,-1.1591645145976028,0.35076067714292497,0.17890935030013266,-1.4725082230767892,-0.859173275299045,1.1863538130354276,0.6985262723060605,1.0396528665781584,0.27921023634565156,-0.826093121566285,0.36909507656128593,1.2941032399401495,0.16231986177126023,1
-1.460010860346257,1.4955638390920825,0.5693561964423357,0.3052077222492148,1,0,0,1,0,0,-0.016022136491804253,-0.3169725990516812,0.188380452674872,-0.37125678268262574,0.14163885727932998,0.043140999575132864,0.6093397375119395,0.3623455676611666,1.0197188189254358,-0.5117648429747899,-0.37165465617973276,-0.5785709028295644,-0.13149128913371555,0.3317433152498275,1.0744710986549268,0.08694598545466772,-0.25909835302245493,-0.6477941022739466,-0.24010667662448304,-0.550966827225982,-0.515827726198831,0.5790508963011728,-1.3066174559106507,0.4344437949068102,-0.14927560280010935,0.550966827225982,0.24010667662448232,-0.06326485836571254,0.41596727218528484,-1.255630790148503,-1.0259302987822392,-1.05747403104038,-1.3166894836296663,-0.38327221085833024,-0.319404172783631,-1.2244638357027204,-0.47058938433204756,0.5793409677244183,0.10551720563822252,-0.5940973255993336,-0.39771434314548676,0.8235122133073248,0.6983559190505837,0.45906541823023866,-0.08511336124321738,0
-0.8432045637725518,-0.1535731830814779,-0.4445202009343899,-0.8681093238500562,1,0,0,1,0,0,1.6622964850578146,-0.6245713285028168,-0.054689994255315046,-0.30991991941360914,-0.7651144145514226,-0.24082636181511632,0.27641619875743834,-0.38555304994351686,-0.2538407123623826,-0.2960958938125799,0.04087136946788778,0.7262489681660136,0.2609088024465911,-0.7726340480431487,-0.407354488945409,0.3158888021441181,-0.550875845221421,-0.21723374976218496,1.2618331554059892,-0.2609537869844238,-1.1563702902239787,0.12110487623613797,0.664446539468475,-0.14623260825785,-0.2652212575471769,0.26095378698442306,-1.2618331554059898,-0.5367575899491508,-0.03432821836595151,1.2644070129280303,1.2609982887727984,0.9395147565080901,0.7941451013999841,2.145063292257104,1.5077454118568363,0.6978801664463103,-1.0812212129944723,0.12408133374116129,0.041654690766301246,0.37837302688726915,0.2961333508329291,-0.7309235830158842,0.8629863402952329,0.793080546914203,0.10046155601764112,1
0.05630461873076867,1.3409572432633117,-0.4445202009343899,-0.4281154315628296,1,0,0,1,0,0,0.36254597363216995,-0.407100771197099,1.4037326873258074,-0.5934582496194406,0.3983280205474757,0.14554812675366366,-0.1236613042662212,-0.6206875451797671,1.6248615228652639,-0.5528441081388152,-0.1406108625951644,0.6373463279244901,0.6337737543473614,-0.26721400303965526,-1.056875568465984,1.0373339959998502,-0.842191463950647,-0.49194527965972445,0.6433955013121125,0.23115255077283092,-0.09504302951856965,-0.20684160874026225,-1.1788195090694038,-0.08824591553722252,-0.2974878082819724,-0.23115255077283092,-0.6433955013121132,-0.20252742647848845,-0.9349191994684248,0.2545723698179399,0.7700192699756713,0.3591932285025509,-0.5920746260821743,1.3294711944779316,1.0648000580046022,-0.046252995675895824,-0.026493508941193386,-0.1035484832504671,0.3062279666642602,-0.37367071236903754,-0.38079122865820925,1.0772976494417266,0.2044646553166367,0.3477270420022505,0.16231986177126023,1
-0.2006980048416086,-0.07626988516709207,-1.8929150543297122,-1.161438585374874,1,0,0,1,0,0,0.4130217216486998,-0.42512640562618254,1.1606622403956202,-0.5639471172918948,0.2964282582057133,0.10887832575523779,-0.3389140438699544,0.37091893027907663,0.5283061069297283,0.03214351610457221,0.25834954261623383,0.17437289178598397,-0.24076808544016365,-1.6773154324726967,0.8942816563515025,1.8667535412358887,-1.9088721789165177,-1.601304762874388,-0.5252107151899527,0.7587214198245202,-1.2046855888380748,0.3867738593447018,1.1536951333845682,-1.93622879326308,-1.8992294905834648,-0.7587214198245202,0.525210715189952,-1.4837430531160272,1.841902992264201,2.3288273124224506,3.237834864455966,1.9294750101645959,-0.4660546508565234,2.063504082479186,2.725845134950482,1.6280466190990672,-1.053465220782544,0.6552175733882943,0.7897584364088047,1.3249108366408955,0.31305646532020776,-0.9212626601166852,1.439192814651505,2.1848102497640536,0.34789477903211874,0
2.1894263943815004,-0.5916252045963298,-0.4445202009343899,-1.6014324776621007,1,0,0,1,0,0,0.8546845167933363,-0.5117657453014551,-0.4896581624461761,-0.00207830376156362,-1.01882211027196,-0.3919774927598474,0.5314721590636277,0.9267177010786418,-0.5425090706247642,-0.14499101100387748,-0.09579433095415174,-1.1906387448621478,-0.47702198794244377,-0.6717230660404967,0.7943606367900095,-0.8180363752030606,-1.5663205091205035,-1.3469984524372312,-2.092551891303719,0.45147824704345946,-1.4102027475610026,-0.47617608008103246,-0.08041959224629641,-1.3572631029014541,-1.1905444949692212,-0.45147824704345946,2.092551891303719,-0.7595776989295921,0.41596727218528484,-0.7461646638947628,-1.0130097982875779,-1.4841810369268051,-0.05648973137315825,-0.6279498401920818,0.4557501964577793,-0.29429738304996345,-1.3310251429018278,-0.482931511569848,-0.13168642102891215,-0.1532440991387405,-0.6684841749419423,-0.1916295312302808,0.6160407084282594,0.9600881112561845,-0.45626319576493324,0
1.495519310736081,-1.235819353882877,0.27967722576327125,-1.6014324776621007,1,0,0,0,1,0,0.19849979257844777,-0.37570127896579214,0.6233486208657331,-0.4730991216953325,0.21703724254701642,0.07668045170783946,0.09230086336799892,-0.5070947126069942,-1.6855877881763137,1.5865891498065203,0.6004088657557276,0.29123363956979936,-0.257908493701362,-0.3630376908451954,0.27778843736638603,-1.4562354756433005,0.6968241098315494,-0.039331317357144416,0.74955583532744,-0.34619240229020387,-0.4910895805152303,0.974285765615832,0.8408787597545626,-1.452420724047885,-0.8189603072654555,0.34619240229020387,-0.7495558353274407,-0.4253475354589299,0.11577027848446049,-0.38226028799923456,-1.0388507992769007,-0.7502449868021539,0.5106001571422693,0.5138790966987595,0.17890935030013266,-0.5423417704240322,-0.6648813298155464,0.4275877563966659,-1.0622544948769042,-0.5292659687668935,-1.0238695791747903,-1.1116017372174867,0.12214944469431245,-0.04195727479570725,-1.4459960878228426,1
-0.9460056132015023,-0.5916252045963298,0.27967722576327125,2.9451710759725747,1,0,0,1,0,0,-0.06649788450833415,-0.3088319899546757,0.36748499251816774,-0.4059757618915031,0.28721181478086033,0.0762332590127367,-2.2907864417406,0.3675354145167838,-0.6812247245353912,-0.5481668087018327,-1.1089323251014702,-0.9213239034411028,1.1841373581260135,-0.435617300085864,-0.17990578529304016,0.43561366451298345,-0.5474464072840688,-0.6593934168964448,-0.46081074412575107,-0.799549433147316,2.7501306376415506,-0.684679557115866,1.369006742017137,0.1976995074520914,0.7978970025778978,0.799549433147316,0.46081074412575035,-0.23037994010104354,0.11577027848446049,0.9459906840194431,1.0542702808582185,0.7517636739180628,-0.024984737566746233,0.5138790966987595,0.8433273810784847,0.8839134569768611,2.7491057122516462,-0.5588081172337243,0.34272083230535716,1.026686595211671,1.0576735027604598,-0.4136917878478824,-0.7833178721512579,-1.1553410370755877,0.10046155601764112,0
-0.8432045637725518,0.05256894469021735,-0.4445202009343899,-0.4281154315628296,1,0,0,1,0,0,1.6622964850578146,-0.6245713285028168,0.35469181110078946,-0.4025038639706153,-0.494732229591869,-0.1692755305986756,-0.447052405993901,0.7261392889429614,-0.6162293684855678,0.04757915843419441,0.04393381728894322,0.4460245122529509,0.056691326396047785,-0.8788210359689012,0.041490772569963065,-0.02865898315283929,-0.5998810771157925,-0.25487457621759396,1.3779353831051453,-0.7582952985476056,-0.2564703713110146,-0.9550844173417162,0.8136066763190133,-0.6591081808576146,-0.30595153054218693,0.7582952985476056,-1.377935383105146,-0.7317251853070371,0.26586877533487285,0.7003552302899613,0.5762117625557528,0.2909201075607231,0.7311351137871589,1.9819448727012692,1.2862727349307197,0.139780294854656,-0.1375174777889068,-0.7864379342253526,0.5160619441005718,0.8840576101803024,0.5330569536548284,-0.1916295312302808,1.6861384465184783,1.3497724280541432,0.34789477903211874,0
-0.4320003660567478,0.026801178718756015,-0.15484123025532542,-0.13478617003801185,1,0,0,1,0,0,0.6906383357396142,-0.4838550855402935,-0.5152445252809326,0.09224158975588642,-0.9986852208802219,-0.4434046526966642,-0.41691780316096255,-0.5702098283692978,-0.3950554414573707,-0.3788332435961782,-0.4117583677473776,-0.6632734233923312,-0.16959968520759142,-0.3694652851030095,-0.5015941533926399,-0.633442717488688,-0.0923826602984342,-0.5768237727085463,-0.8740438917877038,-0.037759751214519306,0.21056899460167097,0.2801448726482659,-0.09649481918548178,0.42017420726071253,-0.027850100077400162,0.037759751214519306,0.874043891787703,-0.48105256270404034,-0.6347222057676005,-0.6278957417287164,-0.8321227913623208,-0.8185181077439823,-0.37153966943728567,-0.46483142063624716,-0.09793149585751397,-0.6663639641110671,0.08453045990652028,0.12408133374116129,-0.3688900476960481,-0.3607044410025493,-0.1777138548108673,-0.5088613263982832,0.28677986593896093,0.29205785388825667,-0.332546584257695,1
1.495519310736081,-1.235819353882877,0.27967722576327125,1.7718540298733036,1,0,0,1,0,0,0.19849979257844777,-0.37570127896579214,-0.38731271110714993,-0.1305385268344097,-0.5351578168184896,-0.1880576237929913,-1.3084725653908393,-0.0033315763659459117,-0.6374707677463715,-0.5673966086060405,-1.3207895225406305,0.7775698795069474,1.5089253609650846,-0.14794398678425164,0.2984073937006071,-1.434361129046398,0.7284440272867329,-0.031511430218460985,1.0042885975848093,0.06447137185505257,1.6716390655058484,0.30351066936280163,-0.5699507105252565,1.4888288408763055,1.6863262878379834,-0.06447137185505188,-1.00428859758481,-0.3417899945912644,-0.03432821836595151,-0.8462383672660339,-1.3747838121380926,-1.0745423112758372,0.1010352376589052,0.35076067714292497,-0.09793149585751397,-1.0384305451721696,0.9727222106882286,-0.17942508891434333,-1.2538420394926681,-1.3072422507561756,-0.7530997473783346,0.030432725387320277,-1.6064699783745033,-1.7677021063295222,-0.8274130302866491,0
-0.5862019402001745,-0.7462318004251005,2.8867879618748513,-0.8681093238500562,1,0,0,0,1,0,0.3751649106363024,-0.4105896036672442,0.41865771818768077,-0.42622849976334815,0.015572210146187808,0.013626281698351053,2.5110241556378483,-0.794264217447004,0.45725951476116244,1.0412646127934908,1.6030944608154614,1.1535708805177338,-2.048033990283481,2.600111087090487,-0.7371933145107152,1.326721613778028,0.13757046323928812,0.7496638674935875,0.872405678118227,0.7080917656959851,-0.8936398514733952,0.351648485511813,0.7081381983393181,-1.2702687986621626,-1.3522004557829423,-0.7080917656959851,-0.8724056781182278,2.5548714221544753,-0.6347222057676005,0.22727954162577424,0.8992242749222835,0.9224464762726329,-0.4660546508565234,-0.8726274695258333,-1.2606630497196296,-0.046252995675895824,-0.7759052986632599,0.5034643620605421,0.4795690784594736,0.7932937106148858,0.17767154942198057,-0.6992004034990842,1.1099319721622063,1.739456744852101,0.40975308478573785,1
-0.07219669305541997,0.05256894469021735,-1.168717627632051,-0.4281154315628296,1,0,0,1,0,0,1.1575390048925156,-0.569331481058851,0.35469181110078946,-0.4025038639706153,-0.34617750845069895,-0.1267922245639139,-0.7998497880717743,0.618359100801189,0.7394920087274139,-1.203796339298227,-1.1778179778821594,-0.6718189743608324,0.8810702820994127,-1.3313385051083477,0.008515342512334509,1.625735540873426,-2.158891406203864,-1.7620064546729333,-0.45503125954306783,-0.4649864905896614,-0.2180471468046666,-0.8401867885963912,0.6227970841806133,-0.5144685707785602,-0.18903530024045775,0.4649864905896614,0.4550312595430671,-1.2052179168904753,0.19081952690966666,0.5729886987265271,1.3902032937194106,0.2738518273252659,-1.0646495331783645,1.4110304042558486,1.8953225964775422,0.07776919801113909,-0.1375174777889068,-0.7105613285614767,0.34272083230535716,0.6247321828505417,0.36382580878204385,-0.12818317219668063,1.0276167615398821,0.848749735028197,0.2860364732784985,0
-0.4320003660567478,-1.235819353882877,-0.15484123025532542,1.7718540298733036,1,0,0,1,0,0,0.6906383357396142,-0.4838550855402935,-0.38731271110714993,-0.1305385268344097,-0.7912745651310457,-0.27123546508210367,-1.4502622331535007,-0.5760378508856663,0.02473604195437895,-1.062646607248305,-1.4462190183981036,-1.1555998925775137,1.0676226349009859,-0.15973942597605853,-0.7517208767244302,-0.5402392512896255,0.005967604474013522,-0.3350404543306717,-1.2246659564705729,-0.36149164093482894,1.8570151862140083,0.03757255590491308,-0.5767033450852415,1.441484384593735,1.553053760568602,0.36149164093482966,1.2246659564705722,-0.3139374809687093,-0.8598699510432187,-0.6824813981130464,-0.8321227913623208,-0.7843815472730677,-0.34003467563087314,-0.9541866793037505,-0.5408768497097485,-0.6663639641110671,1.194770148383656,-0.3311783002420958,-1.0896241441077272,-1.1775795370912954,-0.6346379459673855,0.09387908442092041,-1.6064699783745033,-1.8790404825575102,-0.8274130302866491,0
-0.5862019402001745,0.05256894469021735,2.8867879618748513,-0.4281154315628296,1,0,0,1,0,0,0.3751649106363024,-0.4105896036672442,0.35469181110078946,-0.4025038639706153,-0.018192993879609043,-0.004708618800861887,2.246070829533889,0.5388216000499944,0.5763137176831296,0.718960043978343,0.8443908944364923,0.4699179908090396,-1.4043615305435626,3.0317272809923383,-0.19720691603570953,1.1485710947888166,0.7109334948764945,1.1068624563862857,0.8989187262297652,-0.2506245554141756,-0.09394998647851402,-0.9371071152052826,0.36636302379197994,-0.26631915214874136,-0.017113762261418378,0.2506245554141756,-0.8989187262297659,2.8333965583800262,-0.18442671521636386,0.00893691608845806,0.6020527635450756,0.8883099158017184,-0.5605696322757617,-1.1988643086375024,-1.592872065108806,0.015758101167622184,-0.16527347000083534,-0.9381911455531051,-0.2867811000035777,-0.06248019957332482,-0.1607907403235886,-0.3502454288142823,0.28677986593896093,0.18071947766026855,-0.1469716669968365,0
0.13340540580248203,-1.235819353882877,-0.4445202009343899,-1.6014324776621007,1,0,0,0,1,0,0.7537330207602766,-0.5030436641260921,0.8536258863785419,-0.5124472981320601,0.02922217845427853,0.009154354747323507,0.7598894235405181,-1.0859428682672505,-0.8695455879078126,1.2290637540183598,0.4255905395615219,-1.3338550764658839,-0.6874028785973806,0.5767582853408086,-0.01288285003550892,-0.5172251232312848,0.10661351424728596,-0.5822705781052058,-1.8245939697428848,-0.009609152108407288,-0.4803546582156932,1.4775849104501437,0.6689365807728991,-1.5546697033692292,-1.1217624348848303,0.009609152108406583,1.8245939697428841,0.2152602778598393,-0.3345252120667762,-0.982702508226857,-1.0646918002662225,-0.972132629863095,-0.844114576533476,-0.9541866793037505,-0.2086678343205727,-0.728375060954584,-0.6648813298155464,0.8069707847160468,-1.1078705769282764,-0.6459624110652865,-1.159254495073018,-1.206771275767887,0.12214944469431245,0.1250502895462747,-1.5078543935764617,0
0.7502117023761872,0.0783367106616796,1.0038746524609323,-0.4281154315628296,1,0,0,1,0,0,-0.14221150653312897,-0.2937137159173798,-0.1442422641769629,-0.2983469263439834,5.611942157042305e-4,0.004682427796295961,0.7386390490520917,0.5558346094809801,-1.4295952018327185,0.25951741909340437,-0.5555750789768363,-1.2827038909085595,-0.16922800527708104,0.7946886862981695,-0.15182001419426533,-1.5226129694819126,0.6714630078728122,-0.026558835030628346,-0.49529816032406576,-1.2582244350408798,-0.23305200635705797,-0.9149904026554515,0.42422533853375843,0.3152199340433051,0.6963452793458239,1.2582244350408798,0.4952981603240644,0.605195468575612,-0.25947596364157,-0.3731626786018469,-1.0646918002662225,-0.7843815472730677,0.6051151385615076,-0.6279498401920818,-0.4855086804782194,-0.23228628620644656,-0.38732140769626244,-1.0140677512169813,-0.7338187041070253,-0.4255357978349895,-0.2792525417345383,-0.4771381468814831,0.12214944469431245,-0.4316415915936655,-0.5799798072721716,1
0.44180855408933456,-1.158516055968491,0.27967722576327125,1.478524768348486,1,0,0,1,0,0,1.7884858550991394,-0.6472487395587606,1.1222826961434853,-0.5616325186779697,-0.20490782147816763,-0.0637380545544255,0.21294684279995377,-0.13610231371403164,-0.14199505045756283,0.8129241589403424,1.5224350994177456,-0.19611537503329296,-1.830591626930297,0.1409634296841936,2.0215968624525584,0.26283624158031627,0.41380639558888316,0.32795112373713525,-0.5860329100839196,0.31374232411047026,-0.15525877059522766,2.2119960547350073,0.4582370657955485,-0.6878847548651426,-1.659059750148596,-0.31374232411047026,0.5860329100839188,-0.06326485836571254,1.4666567501381707,-0.7006766169078218,-0.4703487775118068,-0.2894014204448148,-0.7180946013078251,-0.709509049969999,-0.5408768497097485,-0.5423417704240322,-0.026493508941193386,2.400379503657447,0.561678026151944,0.7284623537824456,0.38074892326932136,-1.238494455284687,1.8507688677631275,2.2961486259920414,0.22417816752487937,0
-0.9460056132015023,-1.2100515879114147,0.27967722576327125,1.7718540298733036,1,0,0,1,0,0,-0.11697363252486404,-0.3030172691711004,-0.4512786181940413,-0.049527575347029285,-0.39133349381674926,-0.1947655142195326,-1.5510780150682832,-0.6051573809942179,0.9717167216474025,-1.387746132101775,-1.29510359582227,0.39240565171621505,1.3362903065814409,-0.5254595446929278,-0.007994599443621382,0.3722620893005865,-0.3525208606262589,-0.3908587466339893,-0.16027754582615011,0.6941558255444424,1.6317787516215723,0.8225886828268534,-0.9542818122668126,1.525201843574283,1.3021006119112561,-0.6941558255444424,0.16027754582614942,-0.3417899945912644,0.26586877533487285,0.855014590045561,0.9379857764062678,0.7346953936826055,0.1010352376589052,0.4323198869208419,0.5664865349208381,0.7598912632898273,0.917210226264372,0.19995793940503753,-1.308581337954314,-1.5147025926199844,-0.9561771212256767,-0.033013633646279864,-1.853415610241477,-1.8790404825575102,-1.0129879475475077,0
0.4161082917320974,-0.5916252045963298,-1.168717627632051,2.9451710759725747,1,0,0,1,0,0,-0.2810198135785862,-0.20823732039882228,0.12441454558798068,-0.35968378961299996,0.35708231377937705,0.11782217965729289,-1.007922946336848,0.34458649587948664,-1.7792856248215518,0.03576002696814926,-0.8804180962015516,-1.1452711760218133,0.8129847648062016,1.1925864256293353,0.0570038576453789,-1.1702718879353182,0.5938618305576738,-0.03550545859574489,-0.33645217931212407,-1.2283241134096814,2.5931596971179522,-0.41585056652453256,1.2563326687679683,0.540553736124769,1.109922474645801,1.2283241134096814,0.33645217931212335,0.8280155775560533,-0.18442671521636386,-0.7006766169078218,-1.1422148032341901,-0.8867912286858101,0.06953024385249205,-0.709509049969999,-0.6516131881728072,-0.728375060954584,2.055205906953436,-0.5588081172337243,-0.6060936743631827,0.08014878545804377,0.2961333508329291,-0.8895394805998851,-1.1125787146405561,-1.6006945419875402,-0.6418381130257917,0
-0.4320003660567478,-0.6173929705677911,-0.15484123025532542,-0.4281154315628296,1,0,0,1,0,0,0.6023057767106869,-0.4722256439731428,1.007144063387081,-0.5384865325387181,0.1515631726913447,0.05297923886739346,-0.524557485232123,-0.46088662124926194,0.8769608224898229,-1.2116681041910007,-0.8273665922876058,0.25278162223089873,0.8293629622733678,-0.24870044827762203,-0.6885776145974614,-0.6676341465392637,-0.3237135647631971,-0.5570368084829254,-1.0618771407249559,1.3979208031972914,0.48091139478926614,-0.05722058670670383,-1.8697427535853666,1.3158966089313608,0.5317790659849315,-1.3979208031972914,1.0618771407249543,-0.3696425082138195,-0.7848207026180125,-0.5915053041391644,-0.8192022908676594,-0.8867912286858101,-0.15100471279239655,-0.5463906304141645,-0.09793149585751397,-0.6663639641110671,0.029018475482663446,-0.482931511569848,-1.3268277707748632,-1.9166570049811138,-1.430024326869473,0.1890486229713212,-1.5241547677521787,-1.211010225189582,-0.9511296417938885,0
-1.1259074497021662,1.4955638390920825,1.7280720791585935,0.3052077222492148,0,1,0,1,0,0,1.750629044086742,-0.6362007700699674,0.09882818275322415,-0.35042539515729937,-0.6732120518127372,-0.2184667270599786,0.5547186492297578,0.4913063605022271,0.782097284810157,-2.557301998963373,-2.860973886188586,-0.8475534193266845,4.528870206156867,0.628781840760576,1.2671234512937928,-0.31914547443030056,-2.3965888635385584,-3.531425892956592,0.46109514795546014,-1.6132703306944058,-0.1430783785255902,0.595043058643384,-1.3898636122798491,1.0783335247134118,0.27165612280767526,1.6132703306944058,-0.46109514795546086,1.1900982546492709,2.067050737539819,1.8557516237582636,1.3643622927300878,0.13730558544161034,-0.40304466324369825,6.304582990930881,6.380144304231417,0.139780294854656,-0.38732140769626244,0.12408133374116129,-1.0622544948769042,-1.5147025926199844,-1.0915620371239039,-0.0647368131630805,0.2044646553166367,-0.48731077970765985,-1.3841377820692236,1
0.33900750466038404,-0.5400896726534062,-0.8790386569529866,-0.8681093238500562,1,0,0,1,0,0,-0.36935237260751347,-0.11287589954818668,1.0839031518913507,-0.5552673724896755,0.9188210329453805,0.3423129125988757,-0.12371475793650454,-0.6136546153492607,0.9475840858203753,-0.4240818459995586,0.31665597432604,-0.03860765669497988,-0.3364540764024188,-0.8788210359689012,-1.2162624327753104,1.4555175875036666,-1.4343137353989117,-0.8872404606684772,-0.611077343275553,0.5534028300138731,-0.7060792418458856,-0.376164787385044,0.16727561628892162,-0.8493337331178026,-1.2778858976550622,-0.5534028300138731,0.6110773432755515,-0.7317251853070371,-1.009968447893631,0.7003552302899613,1.4160442947087326,0.6493539925053206,-0.5920746260821743,0.4323198869208419,0.8433273810784847,0.5118468759157585,-0.782844296716242,-0.5588081172337243,-0.7269762917993192,-0.5389906722917598,-0.8123306480838095,-1.214702070647087,-0.001323371239174659,0.29205785388825667,-1.152169135493151,1
-0.6633027272718879,1.1605828814630785,2.1625905351771904,-0.8681093238500562,0,1,0,1,0,0,0.5770679027024219,-0.4681553394246401,0.3035190854312764,-0.3961387177823212,-0.14798422718954263,-0.05389981526216489,1.7610602927210006,-0.284551337217683,1.0371257958726094,1.3757331550911023,2.47282762287461,1.092233158199006,-1.7100053454565456,2.1562049222649304,-0.3824709820408028,0.5263572048944503,1.1995013899203344,1.280833549328957,-0.10705812529392912,1.595854703162155,-0.2943426534497998,0.007404606750431163,-0.8888474776540907,-0.6691216923246276,-1.9643123519581704,-1.595854703162155,0.10705812529392841,1.9142636088357055,-0.40957446049198204,-0.18211288125669506,0.11107374474794844,0.59814915179895,-0.30852968182446,-1.1173050988595852,-1.2052948804881005,0.015758101167622184,-0.6926373220274746,-0.6346847228976005,-1.9380832702632496,-1.981488361813554,-2.0392564484114977,-1.8729580456206907,-0.9479482933959068,-0.32030321536567735,-2.1882957568662755,1
0.8016122270906633,-0.5658574386248675,0.5693561964423357,-1.6014324776621007,1,0,0,1,0,0,0.17326191857018283,-0.37104950233893186,-0.4768649810287978,-0.0182804940590397,-0.6569574689866768,-0.27123546508210367,2.617497372573,0.24693542226958037,0.5414114023832953,2.318380323924976,1.832153162291923,0.07817105687454959,-1.6858303781497568,2.1545277443790645,-0.10720288368216103,-0.05425256053355973,1.2994961897115926,1.0085335592263962,-1.046543814281098,1.1445654112422656,-1.4869150773560762,-0.4463201121416191,-0.794646115686544,-1.8434240711229493,-1.3972521169933254,-1.1445654112422656,1.0465438142810974,1.9978211497033713,-0.10937746679115769,-0.018355912103706302,-0.04397226118798574,0.47867119015075044,0.038025250046078915,-1.3619827281933365,-1.149926711256571,0.38782468222872474,-1.4420491117495413,-0.6346847228976005,-0.7885580025686714,-1.0349505520599276,-1.5823323572549794,-0.0012904541294803558,-0.28942660841731066,0.29205785388825667,-1.0748462533011267,0
-1.1259074497021662,0.026801178718756015,1.7280720791585935,-0.13478617003801185,0,1,0,1,0,0,1.750629044086742,-0.6362007700699674,-0.4896581624461761,0.03148337614035112,-1.2987019272609506,-0.5136139058277968,0.5797386154941487,1.2823009651133563,0.1129862421993867,-1.381430358927866,-1.8064310494237747,0.17499267791398695,2.6595472798866058,0.8017445303420675,2.036095703816449,-0.41842911178508196,-1.242639442845384,-2.3500935390019615,0.5873904109192019,-0.3438975164935092,-0.005046969197115016,0.2797176618348316,-0.5749368823423805,0.6340432923075058,0.054039903711331966,0.3438975164935085,-0.5873904109192025,1.0044148304989031,2.3172148989571726,0.7488758137426968,0.3953247556304958,-0.14716575181600602,-0.5605696322757617,3.857806697593365,3.7040161247074996,-0.4803306735805153,-0.05424950115312168,0.19995793940503753,-0.15905607025973648,-0.4255357978349895,-0.1607907403235886,-0.0012904541294803558,0.6983559190505837,0.5704037944582268,-0.20882997275045564,1
0.33900750466038404,-1.1069805240255675,-0.8790386569529866,0.3052077222492148,1,0,0,1,0,0,-0.36935237260751347,-0.11287589954818668,-0.09306953850744984,-0.3029761235718337,0.3069287443526373,0.1473368975340747,-0.926695733317793,-2.275832459538259,1.5709197619907918,-1.6778581317257286,-1.015500182885119,5.139622654216989,2.3317187374035426,-1.0043519581791003,-1.4929584666463462,0.8850386172682143,-1.4078425922906057,-0.6811753872106279,-0.7279513648365089,7.73180560207293,0.28505633275933834,1.6280384552514777,-1.258121483209274,0.870685474373168,0.655164787272044,-7.73180560207293,0.7279513648365081,-1.0102503215325889,-1.4602639384448675,-0.50962681956267,-0.0052107597040024186,-0.5624939042121272,-0.6865896075014126,-0.22015379130249568,0.12354118106860354,-0.5423417704240322,-0.37806941029228636,0.326418948844831,-2.2361083396655475,-2.348866050530715,-1.9828460667872365,-0.7520723693604175,-3.4997198226879678,-2.9553114527613946,-1.899623663349385,0
-0.6633027272718879,0.28447883843337485,2.1625905351771904,0.3052077222492148,0,1,0,1,0,0,0.5770679027024219,-0.4681553394246401,-0.5920036137852022,0.26004998926546014,-1.1132404247016958,-0.5610163315086887,0.3824875479076521,0.6978269396205011,0.7139607820375056,0.11232575511377861,0.40020995597762005,-0.223733104194388,-0.5309196632187854,2.2193433360002044,-0.348409907950849,0.35641371742540817,1.3670214752298646,1.3892996227168009,0.2567889334467663,-0.5598254073642694,1.6856834654616697,-1.3068187718546196,-0.6178468932683895,1.2037702457971668,0.8360881329130218,0.5598254073642694,-0.25678893344676695,1.9142636088357055,-0.40957446049198204,-0.2912841940253525,-0.06981326217730856,0.47867119015075044,-0.24551969421163483,-0.9541866793037505,-1.149926711256571,-0.046252995675895824,1.0837461795359422,-1.3934507795363622,-1.0348848456460813,-1.1516469943583196,-0.685407289429221,-0.28679906978068154,-0.5363722402842841,-0.8213259083916238,-0.8892713360402683,0
0.7502117023761872,1.2378861793774645,1.0038746524609323,0.3052077222492148,1,0,0,1,0,0,-0.14221150653312897,-0.2937137159173798,-0.579210432367824,0.2455837479284279,-0.6144732347460667,-0.4156787056002934,0.45375443239818575,-0.33529382845778,-0.8746822500060245,0.8409801084119874,0.3908036636287302,-0.8037994422953776,-1.0287068727703665,0.765859387320197,-0.03778601814262566,-1.3391921951615477,0.7688215494347465,0.3553129743519052,-0.8773392119444982,-0.2261522221554376,0.13428109210716618,0.42234809859260025,-0.15003906714733567,-0.37375958314238356,-0.16116993930819887,0.2261522221554376,0.8773392119444975,0.6330479821981672,-0.10937746679115769,-0.2185033188462471,-0.8579637923516437,-0.5454256239766699,0.8571550890128092,-0.9541866793037505,-0.7069813574043363,0.38782468222872474,0.1400424443303771,0.4275877563966659,0.0963939892279486,0.002351157259115363,-0.14386762583630988,0.31594134103852145,0.5337254978059351,0.45906541823023866,-0.08511336124321738,0
-1.1259074497021662,-0.5916252045963298,1.7280720791585935,2.9451710759725747,0,1,0,1,0,0,1.750629044086742,-0.6362007700699674,0.12441454558798068,-0.35968378961299996,-0.6558879689017811,-0.21131164393833451,-0.898635421661955,1.5118493489959708,-1.0048056743541764,-1.5641427938772368,-2.438500208883574,-0.6838267743165681,3.5970630276186433,1.0712202816047263,1.9826940306741991,-0.5822391348686394,-1.06816595584597,-1.94635145086069,0.3871222082195544,-1.3166012534636966,2.3199251126084546,-0.08884132281153843,0.788508838416636,1.053880927389851,1.2699363342548364,1.3166012534636966,-0.3871222082195551,0.7723105503109431,1.5041813743507735,-0.5778588900430816,-0.7675202888890147,-1.1001447316290225,-0.9543820548559203,2.0227244775902276,1.9506907657090713,-1.565524868342065,1.8609139614699375,-0.2553016945782196,-0.5331079430809875,-0.07544647093981212,0.34690269429476517,-0.667477223982284,-1.0302635040182315,-1.545025353873546,-0.5799798072721716,1
1.2385166871637046,-1.2100515879114147,0.27967722576327125,1.7718540298733036,1,0,0,1,0,0,-0.5586364276695006,0.24414795656333935,-0.4512786181940413,-0.049527575347029285,0.2353521624461214,0.2260428118721595,-1.1453981306677052,-0.28122172021530845,0.40335760891674877,-1.7622430796246475,-1.524857919065466,0.12513096173370533,1.8751738049390285,-0.019696358313882372,0.6339625980095825,-0.1906406380165441,-0.5110928168691532,-0.3560212102741983,0.20465562353765385,-0.032311248161722386,1.573023613623322,1.0210754502423038,-0.7429788198426661,1.873885821757607,1.6348045582461503,0.032311248161722386,-0.20465562353765385,-0.17467491285593337,0.340918023760079,-0.600602913536552,-0.5995537824584191,-0.7502449868021539,-0.24551969421163483,0.10608304780917345,0.012804842605544792,-0.9144083514851348,0.9449662184763004,0.4275877563966659,-1.1443634425693747,-1.2942759793896883,-0.6177148314801074,-0.0012904541294803558,-1.9357308208638015,-2.1573864231274804,-0.8274130302866491,0
-1.1259074497021662,-1.1069805240255675,1.7280720791585935,0.3052077222492148,0,1,0,1,0,0,1.750629044086742,-0.6362007700699674,-0.09306953850744984,-0.3029761235718337,-0.8201023544756483,-0.2551365280584045,0.7129398184032246,-0.49887870923615457,0.2673605449489882,-1.2906440804247952,-1.4960513359401069,4.412529140988114,3.3564559994975185,1.1705870809311034,1.4046172411081552,-0.5855947473652848,-0.7366723802518987,-1.2508321793551107,0.594470599903532,5.428574766118151,0.17827664629037507,2.0918414021197513,-0.9539570681365073,1.0131051652667835,0.7237458388688045,-5.428574766118151,-0.5944705999035328,0.744458036688388,0.8662627627365218,-0.8644335860608106,-1.0000892977929163,-1.1940202729240363,-0.7495995951142377,1.247911984700014,1.009431888773073,-1.5965304167638241,-0.12363948168294266,1.33810702436318,-1.0348848456460813,-1.300759115072932,-0.8969462205202018,0.01457113562891996,-3.088143769576345,-2.352228581526459,-0.76555472453303,1
-1.2030082367738797,-1.132748289997029,1.7280720791585935,1.7718540298733036,1,0,0,0,1,0,-0.43244705762817587,-0.05240280339900311,1.7619417670123987,-0.6304918274422431,1.2113011232137827,0.4469560032529203,0.22273134232010794,-0.26710736441041066,0.034707990230834054,1.3825186596838435,1.5424770045298546,-0.30185138027006225,-2.5378805016892723,1.5026923214768277,0.9540482556683323,-0.7496925954042243,1.6779221056055669,1.381872250297863,0.30418285154596364,-0.7133741297612541,1.1917591085579593,1.3223578391384911,-0.8008157436730702,-0.20389467914916237,-0.6561663573820818,0.7133741297612541,-0.30418285154596436,0.939425632046274,0.41596727218528484,-1.0463857740085747,-1.2197378062021575,-0.6136987449184976,-0.024984737566746233,-1.7697787770829225,-2.0358174189610403,-0.790386157798101,0.77843026520473,0.8322629866040054,-0.8068044353892204,-1.0522389138819115,-1.0520747699869213,-0.3819686083310823,0.8904247438360077,0.5704037944582268,-1.3841377820692236,1
0.4161082917320974,0.0783367106616796,-1.168717627632051,-0.4281154315628296,1,0,0,1,0,0,-0.24316300256618875,-0.23149620353312367,0.022069094248954552,-0.3388524020876736,0.24145139880292257,0.08383553482948353,0.7348446816947043,0.4848101141098879,-0.8726499891537258,7.853254307170761e-5,-0.4893378850200008,-0.44743183898107314,-0.0900331445694691,0.8794088341004024,-0.287644644917846,-0.7780292990564547,0.39258178088578854,-0.05279420413374138,0.10398440440281079,-0.7133741297612556,-0.14312447272452916,-0.9535731871792112,0.41109735642865747,0.38917128135189777,0.5846199515425229,0.7133741297612556,-0.1039844044028115,0.5494904413305014,-0.4846237089171882,-0.7370670544973751,-0.9871687972982559,-0.801449827508525,-0.18250970659880966,-0.5463906304141645,-0.6516131881728072,-0.9764194483286528,-0.27629743884854874,-1.0140677512169813,-0.5787240251323598,-0.2958730841701091,-0.1269445113490324,-0.5088613263982832,0.12214944469431245,-0.2089648391376897,-0.2706882785040748,1
-1.100207187344929,1.7274737328352407,0.27967722576327125,-0.8681093238500562,1,0,0,1,0,0,-0.1295925695289965,-0.28266574642858666,0.31631226684865466,-0.41697010530764755,0.31549308600900167,0.104853591499313,0.8497373589927832,1.271925359637167,-0.8080128666429066,2.214113292168984,2.0067741278354085,-2.9616063609201992,-3.313086777833842,0.12798383913550104,1.6583947943369453,-0.6772067283136647,0.8668993998327966,0.6822449350868341,-4.417831188403845,0.3422733367180193,-1.0537005385036597,-0.08441397370059563,0.4240532049047939,-2.131521609664236,-1.9428252589748178,-0.3422733367180193,4.417831188403845,-0.14682239923337803,1.0163612595869336,-0.973604898829468,-1.1292943027395286,-0.7843815472730677,-0.11949971898598452,-2.8300485041958465,-2.2019219266556282,-0.728375060954584,-0.9979532363586869,-0.1035484832504671,-0.06782390615699217,0.15794641365697218,-0.7192535184037778,-0.6992004034990842,1.6861384465184783,2.12914106165006,-0.2706882785040748,0
-0.5348014154856993,-1.4677292476260335,-0.8790386569529866,-1.8947617391869185,1,0,0,1,0,0,1.0944443198718534,-0.5722388414506387,2.401600837881312,-0.6831489459090403,0.3249648631982956,0.08786026908540832,0.4426398756314728,0.48431402854424876,-0.9133086733429059,0.31735387047374825,0.7291436753904991,-1.1586351975663263,-0.6181197192203267,-0.7839886461804818,-0.3593593657207357,0.12537868045566564,-0.9116732335506326,-1.4625507765974748,-0.8740438917877051,-0.7133741297612541,-1.398853739921941,-1.024734527160629,1.37451703486552,-1.3327241775041143,-2.3758186594595934,0.7133741297612541,0.8740438917877045,-0.8833666483631708,-0.6013669842452865,-0.9392361522171137,-0.7388080655675454,-1.0195445194060313,-1.4007028004467665,-0.1295324471048102,0.32040578278070764,-1.238244079445723,-1.3032691506898992,-0.9381911455531051,0.10551720563822252,0.806259981981374,0.1607484349347019,-2.4439752769230942,1.439192814651505,1.127095675598167,-1.0748462533011267,1
1.3670179989498932,-0.9266061622253344,-0.4445202009343899,0.3052077222492148,1,0,0,1,0,0,1.4477745559875626,-0.6071271661520907,-0.0035172685858019803,-0.3371164531272297,-0.6654987196805916,-0.20639252429220423,0.15411873822325045,-0.35811117093106937,-1.2964080742664372,0.3495145456078555,0.4006219722492193,0.06150922849152446,-0.245915527744758,-0.2610865853879183,-0.10892888486251266,-1.436292095828222,-0.15371344338686638,-0.46495132112523474,-0.4125770209418648,0.4930801176436292,-0.47518049699570347,0.38239625509097547,0.32889822662410606,-0.6245912215292618,-0.9747626544187616,-0.4930801176436292,0.4125770209418641,-0.20252742647848845,-0.03432821836595151,0.22727954162577424,-0.5737127814690962,-0.596630464683041,1.140700033270523,0.35076067714292497,0.6218547041523672,0.2638024885416898,-0.4150773999081907,0.4275877563966659,0.19674936974096682,0.3394742127878045,0.05920974801103089,-0.667477223982284,0.4514102871836102,0.793080546914203,-0.023255055489598248,1
-0.3034990542705592,-0.6173929705677911,-0.15484123025532542,0.3052077222492148,1,0,0,1,0,0,-0.2810198135785862,-0.21405204118239762,0.11162136417060241,-0.36547028614781285,0.34847726108323646,0.11782217965729289,0.10026972909371784,-1.007424185013367,0.6396352610303743,-0.18461824308782587,0.31753951708325734,-0.6285408620203636,-0.6713645153453951,5.1409177820099074e-5,0.2366631585975323,-0.5396683278636994,0.4696737356472162,0.013458721932184932,-0.7532939460423284,-0.11014700605881247,-0.1393761316959129,1.6198052668455334,-1.4167174538244938,0.7151277722760423,-0.3996771015733617,0.11014700605881318,0.7532939460423277,-0.3417899945912644,-0.25947596364157,-1.3375092747249961,-1.3618633116434313,-1.1428154322176651,-0.8126095827270634,-0.9541866793037505,-0.762349526635866,-1.0384305451721696,-0.08200549336504998,1.6416134470186852,0.2514886682026129,-0.5422322401333817,-0.24540631275998087,0.6014499566897238,0.7806711296729086,0.793080546914203,0.34789477903211874,1
-1.4343105979890196,1.1605828814630785,0.5693561964423357,-0.8681093238500562,1,0,0,1,0,0,0.43825959565696476,-0.4448964562903387,0.46983044385719386,-0.44821718659563714,0.00796804768992184,0.004235235101193206,0.16273828942691373,0.7447674495605846,0.6474535271112913,-0.7175746389673608,0.37978257181071107,1.2620981450249042,0.6264005229812221,0.04237377381433661,1.6293161163628131,-0.2607994211273172,-1.0731254791644678,-1.3439491549941134,0.12009793795335687,1.6022396676771504,-0.18395217741699074,0.6099964204115932,-1.1471689282153479,-0.09469581229638074,-1.8058407149456126,-1.602239667677151,-0.12009793795335758,-0.3139374809687093,0.7912135143113154,-1.3557044935197728,-1.258499307686141,-1.5353858776331764,-1.1906695084040155,0.6769975162545934,0.6772228733838963,-1.534519319920306,-0.6371253376036178,-0.2553016945782196,-2.029315434365994,-2.150049889577898,-2.0392564484114977,-1.9364044046542914,-1.0302635040182315,-0.4316415915936655,-2.250154062619895,1
-0.04649643069818187,-0.7462318004251005,0.5693561964423357,-0.8681093238500562,1,0,0,0,1,0,0.2363566035908452,-0.3954713296299483,0.3035190854312764,-0.4059757618915031,0.033599956574120224,0.0096015474424262625,0.14277845665547828,-0.6728028920561782,0.05383033254990735,-0.17389137380281644,-0.2785750073995598,-0.5910331646586249,-0.45197569570507706,-0.676610265983738,-0.5189947948351229,0.5665106781687742,-1.2527124288026563,-1.3307402991297306,-1.5126769381743592,0.6941558255444424,-0.8745979251078131,0.40352549162229734,0.49570072955555244,-1.0072521731242718,-0.9370477414182027,-0.6941558255444424,1.5126769381743579,-0.5924626171942612,-0.40957446049198204,0.2909628074074919,0.5503707615664309,-0.01630893667750248,-0.655084613695,-0.05703537174666111,0.8433273810784847,0.6358690696027934,-0.7203933142394032,0.6552175733882943,0.7441423543574326,0.9099901529132779,0.39767203775660004,-0.12818317219668063,1.0276167615398821,1.6281183686241134,0.8427612250610729,0
0.08200488108800677,-0.2051087150244015,-1.168717627632051,-0.13478617003801185,1,0,0,0,1,0,2.4572895163181605,-0.6931850337490059,1.4037326873258074,-0.5986660965007722,-0.26695552017961865,-0.07044594498096682,0.7534834622700602,0.27264240525032374,-0.5295926279422649,0.9824972047183836,0.52301058314722,-1.351121617896385,-1.4135256941594905,0.07577573372652865,0.8270306240601157,-1.1291581301213436,-0.36979994754797957,-0.7898268245521818,-1.8132101364739617,-0.04444900248725973,-0.9720228758063758,0.45429086632878746,-0.4107241613218766,-1.6939776359309355,-1.4510515398969182,0.04444900248725973,1.8132101364739601,0.2848915619162273,1.128935132224743,0.855014590045561,0.07231224326396513,-0.07604791750160224,1.1722050270769362,-0.22015379130249568,0.8433273810784847,1.2249744896162058,-0.8869292675109735,0.5034643620605421,0.21499580256151593,-0.03654765684034838,-0.7023304039164997,0.31594134103852145,1.6038232358961542,1.739456744852101,-0.45626319576493324,0
1.2128164248064663,-0.1535731830814779,-1.8929150543297122,-0.8681093238500562,1,0,0,1,0,0,0.6401625877230843,-0.49141422255894146,-0.06748317567269331,-0.3133918173344969,-0.42933200604905636,-0.135736078465969,0.13411083220845052,-1.0737083923008996,0.7640956994087572,-0.9230695976727917,-0.03962462336653249,-0.4323729171711649,-0.2977934404967218,-1.2347317843594738,-0.23781327443747316,1.5868920686383334,-1.714987339408289,-0.9773623245837264,-1.5274919549919441,0.9252428331319453,-1.4202138273366267,1.2354623468327077,0.550129071244614,-0.4535446138058687,-0.9026901307844091,-0.9252428331319453,1.5274919549919441,-1.1495128896453646,-0.18442671521636386,0.13630344765189217,0.9509062769009282,0.12023730520615308,-0.8756195703398886,-0.6279498401920818,0.06817301183707392,0.139780294854656,-1.4142931195376127,0.5793409677244183,-1.1808563082104715,-0.7626588533636787,-0.8715615487892844,-1.7143421480366898,-0.5363722402842841,-0.15329565102369538,-1.0129879475475077,0
-1.2030082367738797,0.33601437037629844,1.7280720791585935,-0.8681093238500562,1,0,0,1,0,0,-0.5081606796529707,0.05226217070535305,-0.3745195296897717,-0.10854984000212073,0.23850937309038542,0.12408287738873144,1.8401934170987198,1.642329278342494,-1.305513109664421,2.0533355962080386,1.2615789739927683,0.43905787359904147,-1.5370164228776857,1.4394490734518195,0.8893911580763882,-0.8715607599446453,1.7619399197327805,1.3106487538555203,-0.01835909107355938,0.617030896486598,-1.1205531880683541,-1.3631759378151154,0.9088456451142239,-1.0268144566133537,-0.36052104217899456,-0.6170308964865974,0.01835909107355796,0.939425632046274,0.41596727218528484,-0.9281168518425269,-1.1809763047181743,-0.5454256239766699,0.06953024385249205,-1.6882195673050053,-1.8697129112664523,-0.6043528672675491,-1.0812212129944723,-1.317574173872486,-0.2685346671830286,0.22277777048941236,-0.21156008378542468,-0.5405845059150832,-0.12479618717266176,0.18071947766026855,-0.2706882785040748,1
1.726821671951222,1.0059762856343069,-0.8790386569529866,3.2385003374973924,1,0,0,1,0,0,0.3246891626197725,-0.42163757315603734,-0.438485436776663,-0.05820732014924861,-0.6862190488955464,-0.27928493359395323,-3.0280491340143123,0.636758566240119,-0.26575098611416353,-3.358252944540039,-2.9267740082007516,-1.0822598980772191,2.6419687850849005,-1.0436625925759442,-0.2715515762631975,0.30339590562321256,-2.130777337126546,-1.9391950294562645,-0.44151044698724556,-1.0381887348318,3.167760666335049,-1.146005523424739,0.6681741264905294,2.42394073859671,1.9117030396646286,1.0381887348318,0.4415104469872442,-0.9545452942874786,-0.18442671521636386,0.2454747604205509,0.369483754641173,-0.5454256239766699,-0.37153966943728567,1.6557080335896,2.172163442635189,0.015758101167622184,3.137689603218643,-1.0140677512169813,0.31535118307453414,0.6247321828505417,1.6499825098152057,-0.44541496736468245,-0.5363722402842841,-0.9883334727336057,1.0283361423219313,0
-0.5348014154856993,-1.4677292476260335,-0.8790386569529866,1.7718540298733036,1,0,0,1,0,0,1.0944443198718534,-0.5722388414506387,-0.6687627022894718,0.5927735400172011,-1.540074763382724,-0.8981996236161657,-0.9500285319397331,0.03203112511486057,0.9500892714797471,-1.079610072094668,-1.340542414526731,-1.3492381127592459,0.6777994937393246,-0.8506667118380141,-0.5487139856162542,0.22636352240852073,-0.7343019702092326,-1.2768256840441283,-1.0726104692356557,-0.7763978591033001,0.47106164455243277,-0.5936533496441446,-1.0713303526861322,0.7303622928135531,0.49619902672828886,0.7763978591033001,1.072610469235655,-0.9545452942874786,-0.7848207026180125,-1.0554833834059623,-0.7933612898783374,-1.0062691903340089,-1.5057194464681423,-0.46483142063624716,0.012804842605544792,-1.3484860293897554,0.3343343898138759,-0.6346847228976005,-0.3050275328241268,-0.7885913960966542,-0.48232991558187904,0.6966194952401235,0.2044646553166367,-0.15329565102369538,-0.1469716669968365,1
0.030604356373531493,1.3667250092347738,-0.15484123025532542,-0.4281154315628296,1,0,0,1,0,0,-0.43244705762817587,-0.04658808261542777,1.4549054129953203,-0.6015593447681786,1.1293370938222247,0.4290682954488101,-0.13086217221376825,0.26493328013489836,0.4713509232912399,0.0821928861132042,-0.05678717011583972,0.18168371473435907,0.34639051083140143,-0.1804799274748194,0.40583074060119956,-0.7146744116650208,0.3783751035659576,-0.39328303182967295,0.23506672098463585,0.01465860574169185,0.0016336189990007611,0.042923085591177974,-1.3625313632743572,0.26415298921310715,-0.3101382318936297,-0.01465860574169185,-0.23506672098463727,-0.28608496734615396,0.19081952690966666,-0.4823339913705056,-0.7545997883943533,-0.5795621844475838,-0.34003467563087314,0.8401159358104279,0.7879592118469556,-0.6043528672675491,0.11228645211844858,0.19995793940503753,0.48869229486974886,-0.3347718982695729,-0.21156008378542468,1.1407440084753266,0.8629863402952329,0.9600881112561845,0.40975308478573785,0
0.2876069799459088,-0.30817977891024867,0.27967722576327125,-0.13478617003801185,1,0,0,1,0,0,-0.5838743016777656,0.2790362812647914,-0.2977604411855021,-0.2103921790148275,0.5077234935847342,0.37719394281689056,0.8539612115534102,-0.8438644746117736,-0.07994513837159348,0.4875824843575933,0.7398997973409629,0.6505663286593183,-0.4108814318705319,1.3555648029266345,-0.9993253526610847,-0.6201608949986591,1.3972582804755664,1.1907783102359226,0.9416775146057242,-0.04664941409013511,0.16701052656562693,0.1571282736864079,-0.5139142090529795,0.7268049126252103,0.20065727990357687,0.04664941409013511,-0.9416775146057249,0.939425632046274,-1.0850176963188372,-0.7643598826895395,-0.9354867953196102,-0.40887938209301433,0.1010352376589052,-0.6279498401920818,-1.0391903727935126,-0.728375060954584,-0.22078545442469194,-0.3311783002420958,-1.3633206364159602,-1.3720736075886157,-1.057715808149347,-0.857816301083085,-0.6186874509066087,-0.7099875321636356,-1.0748462533011267,0
-0.4320003660567478,1.2378861793774645,-0.15484123025532542,0.3052077222492148,1,0,0,1,0,0,0.5644489656982895,-0.4722256439731428,-0.5664172509504457,0.2108647687195506,-1.047451910553676,-0.5261353012906739,-0.038598670960174976,-0.7388929792969275,-0.669667165380075,0.4167595199416864,-0.02918554641046635,-0.8831182842538754,-0.3593636047197069,-0.30120795500793635,-0.4507786480534468,-0.8839744946406797,-0.2193312290118,-0.5751315843652701,-1.0504933074560319,-0.1626015385546773,-0.24729104805289878,0.5625736487998525,0.027148332118793406,-0.7805003165573459,-0.5235614121289714,0.1626015385546773,1.0504933074560312,-0.3974950218363748,-0.5596729573423944,-0.50962681956267,-0.8579637923516437,-0.8867912286858101,0.006520256239666901,-0.6279498401920818,-0.2086678343205727,-0.6663639641110671,-0.4150773999081907,0.19995793940503753,-0.8068044353892204,-0.671894953798262,-0.9054077777638412,-0.5405845059150832,0.03983423407198747,-0.04195727479570725,-1.136704559054746,0
-0.2006980048416086,0.6452275620338409,-0.15484123025532542,-0.4281154315628296,0,1,0,1,0,0,1.3972988079710327,-0.6042198057603031,-0.7199354279589849,0.9862553043844773,-1.8401614248280718,-1.2268862545166903,-0.6237772349843413,0.4603890726230371,-1.210353348492207,-1.1353013579344962,-1.3022041190197962,-0.5107143249546972,1.4639802582283807,-0.9380226646125546,0.43587363833660686,-0.7255102162631408,-1.3166232695554287,-1.3533777357910353,-0.31054414497595056,-0.38855952469070976,-0.06988376442970476,-0.1952498081443636,0.9255257750601116,0.22817779476647962,0.37161918603128685,0.38855952469070976,0.3105441449759499,-1.0102503215325889,0.04072103005925432,-0.9463120706373036,-1.1292943027395286,-1.5012493171622625,-0.43454965705011084,0.5954383064766764,0.8433273810784847,-1.2864749325462383,0.16779843654230542,0.12408133374116129,1.0178388466656656,1.4027084648398238,1.4299820214805863,-0.033013633646279864,0.6160407084282594,0.45906541823023866,1.3376276710900281,0
-0.5605016778429365,0.49062096620506923,-1.6032360836506476,-0.8681093238500562,1,0,0,1,0,0,-0.40720918361991093,-0.07624315861166202,-0.3233468040202586,-0.17393725084550635,0.12779997315491726,0.07578606631763395,-0.9289085332520043,-0.6808236126522237,1.3079720807949926,-1.2717271878828242,-0.5203629334149696,-1.495554051324373,-0.8811572908786668,-1.4113620882067395,-0.28915783114853194,-0.3279957184706419,-1.5303683112146687,-1.052775510945414,-1.4375436385994584,-0.614019074092617,-0.11854644133615688,0.6447798070987873,-2.1176457170473304,0.20053436512278575,-0.3513330815953214,0.614019074092617,1.4375436385994576,-1.4001855122483615,-0.5596729573423944,-0.9918001176242447,-0.9871687972982559,-1.4500444764558913,-0.37153966943728567,-0.9541866793037505,-0.4301405112466897,-1.2864749325462383,-0.3040534310604773,0.27583454506891375,-0.7885580025686714,-1.6443653062848649,-1.4807936703313085,0.728342674756924,1.1099319721622063,0.848749735028197,-0.8274130302866491,0
0.10770514344524394,-1.2100515879114147,0.27967722576327125,1.7718540298733036,1,0,0,1,0,0,-0.7731583567397526,2.3636136821765517,-0.5280377066983108,0.05462936227960266,1.073974337292604,1.7755655004032043,-0.1930097858148495,-1.625824819316502,2.4653210269531236,-0.8472701266862014,0.3264907223996172,0.3408054669064242,0.10464160417962574,1.1360831805304443,-1.0832095211664177,2.304587286088838,0.7133329703373636,1.7445404844154788,0.4783555005605047,-0.009609152108407288,1.4035457334809047,1.1463600684809436,-1.0542884636195267,1.8519360424674225,1.2787503064603865,0.009609152108406583,-0.4783555005605054,0.744458036688388,-1.1600669447440433,-0.7916527108817039,0.3953247556304958,0.683490552976235,-1.5057194464681423,-1.3619827281933365,-1.648240234340335,-0.6043528672675491,0.7229182807808735,0.4275877563966659,-1.3541974200056863,-1.5925002208189127,-0.939254006738398,-0.1916295312302808,-1.6887851889968277,-1.8790404825575102,-0.9511296417938885,1
-0.6890029896291251,-0.30817977891024867,1.4383931084795292,-0.13478617003801185,1,0,0,1,0,0,-0.6091121756860305,0.2964804436155174,-0.2977604411855021,-0.2103921790148275,0.5770799143396683,0.3906097236699732,-0.1523312575286346,-0.6177643470385059,0.4834600384587938,-0.04371150540126204,0.23735521789811379,0.44546164111311687,0.20750454541515745,-0.16069368459920225,-0.31559481566784264,-0.350731307797327,0.4813589229775661,0.26348133354505493,0.3041828515459622,0.30587169994287167,0.051257085491933606,0.5317449953213641,-1.0133572085182656,0.5363586919370833,-0.05133516824201748,-0.30587169994287167,-0.3041828515459622,-0.007559831120602114,-0.10937746679115769,0.6548671833030202,0.3565632541465125,0.5469443110925782,0.6996301199807459,0.5138790966987595,0.40038202722625016,0.7598912632898273,-0.24854144663662048,0.04820472807728505,-1.1261170097488256,-1.3980061503215924,-1.1423313805857394,-0.3819686083310823,-0.7010026615289333,-0.6543183440496418,-0.8892713360402683,1
-0.7404035143436003,0.6452275620338409,-0.8790386569529866,-0.4281154315628296,0,1,0,1,0,0,0.31207022561564,-0.4105896036672442,-0.7199354279589849,0.9862553043844773,-1.4022160659385399,-1.077971087047473,-0.5131563134937407,0.007250310456708854,-0.14780447175635755,-0.9730006924630321,-1.0286164842187189,-1.199127457736212,0.7185160317064992,-0.6508029818891947,-0.03444392670834523,0.5318991675619417,-1.1086687296136895,-1.041942963901017,-1.0299055238845727,-0.614019074092617,0.06328167419670322,-0.04445644828707236,0.7365610316096377,0.21512422854175414,0.3199973004622542,0.614019074092617,1.029905523884572,-0.5367575899491508,0.11577027848446049,0.47291499535525605,0.6924962670077037,0.17144214591252482,-0.34003467563087314,0.5954383064766764,1.3416409041622488,0.5118468759157585,0.3620903820258042,0.35171115073279,1.2276728241019772,1.4805060930387524,1.4976744794297,0.2524949820049213,1.1099319721622063,0.848749735028197,1.5232025883508855,0
0.4932090788038099,-1.4677292476260335,-0.8790386569529866,1.7718540298733036,1,0,0,1,0,0,-0.3062576875868511,-0.17741930024587296,-0.7839013350458762,2.0856896459989254,-1.2922481779456862,-1.748312937006502,-0.2694953934922796,0.5616571612963772,-2.0173733386996147,0.16710243245766696,-0.41103007523954316,0.6463857821436279,1.1814109288472698,-0.1443312052964417,0.7308428926154618,-2.0920419421250007,0.014956607168265653,-0.4910570155755221,0.594470599903532,0.2920044097428146,0.23052586516678983,-0.03874971429306251,0.6555165403294204,-0.21091389005797626,0.05493762918922774,-0.2920044097428146,-0.5944705999035328,-0.28608496734615396,0.41596727218528484,-0.6187981323313287,-1.5169093175793655,-1.4329761962204342,0.8571550890128092,1.247911984700014,1.009431888773073,-0.6663639641110671,0.08453045990652028,-0.17942508891434333,-0.43275256256796935,-0.0495139282068366,-0.1269445113490324,-0.667477223982284,-0.4540570296619595,-0.3759724034796717,-0.5799798072721716,0
1.0072143259485644,0.10410447663314094,3.176466932553916,0.3052077222492148,1,0,0,1,0,0,-0.4198281206240434,-0.06112488457436613,-0.7966945164632545,2.3547617348677248,-1.2535148208475249,-1.866819001208732,1.7763448115431923,-0.13412589236242106,-1.1124892798833432,1.2431811318256942,0.17167830792699984,-0.08231604853386218,-0.09026107082083626,3.280177575193619,-0.9308129887386613,0.6028737159472106,2.334067040642657,1.9255740936425385,0.6060821098378343,-0.7133741297612541,0.8074640825020448,-0.7483760219878323,2.126640057819444,0.6349634174395824,1.656758111439423,0.7133741297612541,-0.606082109837835,3.0840691809830236,-0.8598699510432187,0.03622974428062242,0.3436427536518511,1.3150169216881435,-0.49755964466293656,-0.7910682597479163,-1.0945585420250417,0.9459245538203791,0.3898463742377325,-0.9381911455531051,-1.0075151964152582,0.09311505682453199,0.34690269429476517,-1.4605567119022886,-1.1948939252628807,-1.545025353873546,-0.8274130302866491,0
1.2385166871637046,0.6452275620338409,0.27967722576327125,-0.4281154315628296,1,0,0,1,0,0,-0.5460174906653681,0.20925963186188729,-0.7199354279589849,0.9862553043844773,-0.49684451199202506,-0.6012636740679366,0.1620618007676861,1.0928138536051473,-0.9366898738497345,-0.14433418084360758,-0.225551654649886,-0.7062591460372213,-0.27272021071752606,0.2991121627372712,1.5638462135138154,-0.4852674814216303,-0.06451291313809084,-0.11755115358884839,0.004530982273630621,-0.9677470132502359,0.0735184696868593,0.06670549668007979,0.7928394170378762,0.13101626631264834,0.17846237565081038,0.9677470132502359,-0.00453098227363133,0.0759977097470634,1.0914105080121401,-0.6824813981130464,-0.806281790372998,-0.7843815472730677,-0.15100471279239655,-0.38327221085833024,-0.4301405112466897,-0.9144083514851348,0.22331042096616224,0.27583454506891375,0.6437869738444144,0.9877877811122063,0.9899810448113461,-0.2550758902638815,1.1922471827845313,0.7374113588002092,0.6571863078002155,0
0.10770514344524394,-0.5916252045963298,0.27967722576327125,2.9451710759725747,1,0,0,1,0,0,-0.7731583567397526,2.3636136821765517,0.16279408984011548,-0.3741500309500322,1.8138318464919418,2.1069352874743457,-1.0059541401469123,-0.5163335219877866,0.911783359903842,-0.1552982189718294,0.3925944052612156,-1.0804431016589067,-0.0657486298269148,0.7912057468885219,-0.6344962442797593,2.236539893324484,0.9179427869094032,1.9880468297088525,0.1590389773671773,-1.6313284484388841,2.1893671793112466,0.07305955421267064,1.0010685037941276,1.1200142290728117,1.430548832763235,1.6313284484388841,-0.15903897736717798,0.35452284597261524,-0.8598699510432187,-1.0827762115981268,0.07231224326396513,0.4445346296798359,-1.5687294340809674,-1.4435419379712537,-1.648240234340335,-0.8523972546416179,1.9996939225295793,0.04820472807728505,-0.04957747333644305,0.4691369264526849,0.9222885868622325,-0.44541496736468245,-0.7010026615289333,-1.32234860141757,-0.08511336124321738,1
1.726821671951222,0.33601437037629844,0.5693561964423357,-0.8681093238500562,1,0,0,1,0,0,5.3091692792520995,-0.7699393480922003,-0.3617263482723934,-0.10854984000212073,-1.6732539463092897,-0.5082475934865637,2.4249297705649453,2.6974560082083823,-1.1209598488859691,0.8648469314597169,-0.022086918004245924,0.09662727117829317,0.14043389611750287,2.235132913573761,2.44002965828162,-0.6025405904733522,0.0036259315032368686,-0.5928055515061601,-0.1984048918790851,0.328563629361145,-1.1386054038310887,-1.257974878320453,0.926894481171656,-1.1647569975204557,-0.5500451656737344,-0.328563629361145,0.1984048918790844,1.1622457410267157,1.1664597564373458,-1.7378040882100778,-1.710716824999284,-1.6207272788104614,-1.2536794960168407,-0.22015379130249568,-0.1532996650890431,-1.7825637072943747,-1.1089772052064004,-1.2416975682086098,-0.378013264106322,0.13201387092399572,-0.3469449996836519,-0.6992004034990842,0.2044646553166367,0.4033962301162448,-0.5799798072721716,1
1.0843151130202777,-1.158516055968491,-0.15484123025532542,-0.13478617003801185,1,0,0,1,0,0,-0.6217311126901629,0.3778865345855722,-0.016310450003180245,-0.3232288614436788,0.8816144113382056,0.5404192765293959,0.12449432222219738,0.5045586531137771,1.0068283946064875,0.5527584829371422,0.7525296846615842,0.7156369980718883,-0.6559083812996915,0.06488780204244388,1.0486743598207755,0.2961820427239554,0.46745730840624894,0.5484347300363047,0.8518955842960956,0.13114384342216406,-0.10827725832662612,0.35801636678560383,-1.0787337551276819,-0.2832183843158086,-0.442885676205755,-0.13114384342216406,-0.8518955842960962,-0.17467491285593337,0.5660657690356972,-0.8826288048555859,-0.6124742829530796,-0.40887938209301433,-0.7180946013078251,-0.5463906304141645,-0.9284540343304539,-0.9144083514851348,-0.19302946221276363,0.19995793940503753,-0.350643614875499,-0.8274902101961188,-0.8715615487892844,0.4428340591057229,-0.04248097655033679,0.013711913318286572,-0.5799798072721716,0
-0.48340089077122306,-0.4370186087675581,-0.4445202009343899,-0.13478617003801185,1,0,0,1,0,0,-0.7226826087232228,1.1192634344914283,0.48262362527457214,-0.4557396320908939,1.605913064775846,1.212997089963939,-0.23960061331900964,0.15485564568895127,-1.0747794218990565,0.8095804272698923,0.8972598221094149,1.313270488321716,0.14507130551615344,-0.4492599767900171,-0.3930665398195387,-2.088563481694184,0.7284440272867329,0.746653106584614,0.6912331826893887,1.1055876586338,-0.11572478999403989,-0.6063096643684155,-0.6295454037485508,-0.3713782994415436,-0.43752027856316067,-1.1055876586338,-0.6912331826893894,-0.5089050763265954,-0.4846237089171882,-0.4186507255887879,-1.3747838121380926,-1.0745423112758372,1.7392949155923647,0.4323198869208419,0.12354118106860354,-0.23228628620644656,-0.24854144663662048,-0.7105613285614767,-0.5604775923118106,-0.7756251247301669,-0.8546384343020056,-0.033013633646279864,-0.7010026615289333,-0.26463402725168356,-0.6418381130257917,1
-0.2006980048416086,-0.5658574386248675,-0.15484123025532542,-1.6014324776621007,0,1,0,1,0,0,1.220633689913178,-0.5867756434095771,-0.42569225535928473,-0.07325221113976212,-1.043076797030836,-0.39466064893046393,0.2555292846400619,0.6665140008013569,-0.41160724025808193,0.034910265793084275,-0.7475942098839928,0.2072520473987293,1.2821456758883893,-1.015785552906708,0.49807521532936144,-0.8366616125667719,-1.4725891745117285,-1.692546186447088,-0.9116105415751553,1.1867913099014362,-1.37028064639278,-0.41585056652453256,-0.2780833469343129,-1.5073557346770516,-0.6805328366839062,-1.1867913099014362,0.9116105415751545,-1.0659553487776992,0.11577027848446049,-0.8826288048555859,-1.1292943027395286,-1.552454157868633,-0.49755964466293656,0.2692014673650073,0.8433273810784847,-1.1004416420156866,-1.3310251429018278,-0.5588081172337243,-0.6060936743631827,-0.6459624110652865,-1.1423313805857394,0.1890486229713212,-0.9479482933959068,-0.5429799678216537,-0.9511296417938885,1
-1.0488066626304537,-0.1535731830814779,0.27967722576327125,-0.8681093238500562,1,0,0,1,0,0,-0.38197130961164594,-0.1064797066862538,-0.09306953850744984,-0.30644802149272143,0.3249648631982956,0.15493917335082152,1.225368907611155,-0.9153123705997023,-0.17898150935521498,0.6016549007387371,0.9287753546270837,0.3830419116155977,-0.8367716343017424,0.39173569995474744,-0.2937125406413961,-0.16028731249613268,0.9664521051240533,0.6161690093017307,0.8432886699243073,-0.31393995325558316,-1.31248759910604,0.9620601783515887,0.08360042819551111,0.14552040845092648,-0.6058843386676854,0.31393995325558316,-0.843288669924308,0.29881781872750485,-0.3345252120667762,-0.20030810005147043,-0.25070026910256554,0.13730558544161034,-0.11949971898598452,-0.38327221085833024,-0.762349526635866,-0.6043528672675491,-1.2755131584779709,0.6552175733882943,-0.5331079430809875,-0.41256952646850126,-0.33002188519637315,-1.1116017372174867,0.36909507656128593,0.23638866577426285,-0.6418381130257917,1
0.7502117023761872,0.49062096620506923,-0.4445202009343899,-0.8681093238500562,1,0,0,1,0,0,-0.4703038686405733,-7.03163468250324e-5,-0.34893316685501513,-0.14789801643884834,0.20039117760567188,0.11424463809647085,-0.6765669728007443,-1.3058744089327206,2.0774696948930296,0.23065661750525585,0.75634867531800265,-0.4343973095383435,-1.5469182016893877,-0.8713884777111167,-0.7713190982938344,0.8862705205494891,0.3939047599653209,0.4700940322595229,-0.37315522795503414,-0.2223753081429896,0.07010174547394589,1.019663068121226,-1.9493542670164552,0.07898700763421396,-0.5243349946972953,0.2223753081429896,0.3731552279550334,-0.9545452942874786,-0.9349191994684248,-0.9372144612399159,-0.39282577454383927,-0.22112829950298704,-1.2536794960168407,-1.1988643086375024,-1.2052948804881005,-1.0384305451721696,-0.10976148557697851,0.6552175733882943,-0.642586540004281,-1.4628375071540325,-1.3454087544330806,0.6331731362065233,0.9453015509175579,0.9044189231421907,-0.5181215015185524,1
1.2385166871637046,1.0059762856343069,0.27967722576327125,3.2385003374973924,1,0,0,1,0,0,-0.5838743016777656,0.26159211891406536,-0.4768649810287978,-0.0061288513359326405,0.2556084424433628,0.20591914059253555,-1.9384883176297312,1.8088992780758373,-0.7935722977605328,-1.7496733238516313,-1.5867256084007824,-0.567958583770949,1.0234083673091385,0.3254404519697905,1.7646299644872827,-0.7144173419236387,0.17193367627751324,-0.008008743288580585,-0.24687185720061178,-0.529783266025729,3.0206914587622244,-0.7150034672545688,0.3669193853805401,2.5341822712670217,2.055002023292777,0.529783266025729,0.24687185720061106,0.04814519612450831,1.1664597564373458,-0.8553359766634215,-1.051771299771562,-0.9379960693921812,-0.15100471279239655,-0.6279498401920818,-0.5962450189412776,-0.9144083514851348,2.6935937278277886,-0.7105613285614767,-0.1681792866700104,0.04124997135858002,1.0576735027604598,-0.3819686083310823,-1.0302635040182315,-1.32234860141757,0.6571863078002155,1
-0.09789695541265715,0.2587110724619126,0.27967722576327125,-0.13478617003801185,1,0,0,1,0,0,-0.15483044353726144,-0.279758386036799,-0.5152445252809326,0.05462936227960266,-0.46758293208315554,-0.2573724915339182,-0.6737634472587151,1.976617620121112,0.3927341575670168,-0.08447659956642505,-0.5120601811062712,-0.5588325378208017,0.7224133328127724,-1.377532126821475,2.6102051678236684,-0.3699737917207756,-0.6967690560272968,-1.3272074699238023,-1.344988124630379,0.5717619163874261,-0.4395293955199906,-0.09812347892780253,-0.9086687306091961,-0.5767818326958686,-0.6300564603276338,-0.5717619163874261,1.3449881246303783,-1.4001855122483615,1.5417059985633763,-1.3466068841223853,-1.2972608091701252,-1.4500444764558913,-1.3166894836296663,-0.6279498401920818,-0.04256332662598434,-1.4725082230767892,-0.3318094232724056,0.04820472807728505,0.4521994292286506,-0.11434528503927678,-0.33002188519637315,0.9504049313745251,-0.28942660841731066,-0.04195727479570725,0.16231986177126023,0
0.030604356373531493,-0.12780541711001567,-0.15484123025532542,-0.13478617003801185,1,0,0,1,0,0,-0.4198281206240434,-0.05821752418257845,-0.5024513438635544,0.02280363133813179,-0.11945692193288315,-0.06239647646911723,-0.3357967107395215,-0.2139849741979199,-0.030550621628860325,-0.33824772582051077,-0.41985506520134785,-0.4395849490079963,1.1894778922550486,-0.14927410508779476,0.502618112561139,-0.8529252095981741,0.21309589646687435,-0.752702457199139,-0.07874992288317216,-0.5214382267650228,0.3177805735209848,0.7972128840514914,-0.8153438566339891,0.6682530988424636,-0.18903530024045775,0.5214382267650228,0.07874992288317145,-0.17467491285593337,0.41596727218528484,-0.11842961547497735,-0.5349512799851129,-0.42594766232847037,-0.18250970659880966,1.166352774922097,1.3416409041622488,-0.17027518936292965,0.27882240539001907,0.7310941790521709,-0.02220782410562002,-0.4385020692014777,-0.1607907403235886,0.062155904904119784,0.03983423407198747,-0.2089648391376897,-0.20882997275045564,0
-0.2006980048416086,0.33601437037629844,0.27967722576327125,0.3052077222492148,0,1,0,0,1,0,-0.6974447347149578,1.0058763792117091,-0.38731271110714993,-0.10739254069515815,0.7872051189147748,0.8565845119670434,-0.8019633052368085,-0.1306638666927346,1.0296634076876725,-1.1526328227961535,-0.610179377212233,-0.1888139746833121,1.0079059346982617,-0.5536353476120555,-0.13617504635235855,2.819520642706001,-0.6672072758115685,0.2963032036428414,0.13830413819877924,-0.39468810214486993,0.5619635818355305,0.042923085591177974,1.4257619601479388,0.8955412684207547,1.0825454821178244,0.39468810214486993,-0.13830413819877996,-0.4253475354589299,0.04072103005925432,0.5547934799317504,2.036228318452472,1.5881094054554559,-1.411204465048904,0.4323198869208419,0.40038202722625016,0.6978801664463103,0.6674062963570164,0.19995793940503753,0.48869229486974886,1.1952481229760152,1.548443822891536,-0.6992004034990842,-0.7010026615289333,-0.9326642846196119,1.0283361423219313,1
-1.2030082367738797,-0.5916252045963298,-1.6032360836506476,2.9451710759725747,0,1,0,1,0,0,0.6654004617313493,-0.5059510245178798,-0.15703544559434116,-0.27577958985821316,-0.519351906387934,-0.1759834210252169,-1.8226973158386275,1.2444393591287917,0.1479534077020467,-1.6386035371964862,-1.3831805695218284,-0.7867161892598775,1.0939710286924151,-0.31015893505363723,1.3721446294584494,0.9768848725452763,-1.1404066662335002,-0.5443446738617801,0.21054164239835904,-1.2817996886347096,2.2245978336315106,-0.33344770670295615,0.7794178216928463,1.0828399359964853,1.266755857049238,1.2817996886347096,-0.21054164239835974,-0.5646101035717058,0.641115017460903,-1.264728399545891,-0.6512357844370638,-1.0233374705694662,-1.3166894836296663,-0.30171300108041293,-0.4301405112466897,-1.534519319920306,2.16622987580115,-0.2553016945782196,0.20587258615124074,0.585833368751077,1.0238272737859035,-0.1916295312302808,-0.4540570296619595,-0.9883334727336057,0.16231986177126023,0
0.9044132765196139,0.28447883843337485,0.5693561964423357,-0.13478617003801185,1,0,0,1,0,0,0.24897554059497767,-0.3954713296299483,-0.11865590134220637,-0.29545367807657696,-0.27059816987164415,-0.07581225732219987,-1.0602270276180392,-0.9142988712280612,1.2164084262032426,0.2975403206332355,0.8555391052911985,0.7946701555186695,-0.6679609082672454,-1.2804007969835913,-0.5988756584097256,1.464556421673317,-0.5111789063686859,0.30563905096055366,1.4967163042581422,-0.4005896952488784,0.19491010084674792,0.6549634063450311,-0.1911331060445157,-0.9088340307210323,-0.8138456922830435,0.4005896952488784,-1.4967163042581428,-1.2052179168904753,-0.5596729573423944,-1.6069330893092284e-4,0.7570987694810098,0.4957394703862077,-0.6235796198885869,0.9216751455883455,0.2342775195316623,-0.23228628620644656,0.0012624832707351544,0.35171115073279,-0.6243401071837319,-0.62002986833231,-0.9054077777638412,-0.4136917878478824,0.7806711296729086,0.6260729825722207,-0.9511296417938885,1
0.2105061928741954,-0.7977673323680251,-1.6032360836506476,1.0385308760612593,1,0,0,1,0,0,-0.596493238681898,0.2819436416565791,-0.5536240695330674,0.10670783109291863,0.14248334380624778,0.1343683093760948,-1.1889090603820478,0.699891752489276,0.15911993908911712,-0.46708830238768845,-0.021238289623961754,-0.6080926478834108,0.09945864915793963,-0.7585009644271228,0.5463454678811135,0.31206149858568993,0.027706965599836614,0.4275340254861437,1.0994917511557436,-1.919828377166137,0.8953217632053724,-0.4133064988514392,0.09606942369808663,0.6584799153050849,0.44501457981810116,1.9198283771661375,-1.0994917511557445,-0.8988402670423681,0.04072103005925432,-1.1737523055720087,-0.8579637923516437,-0.801449827508525,-0.7495995951142377,0.6769975162545934,0.17890935030013266,-0.8523972546416179,0.3065783976019474,-0.7864379342253526,-1.4363063676981567,-1.1775795370912954,-0.8884846632765624,-1.1433249167342867,0.4514102871836102,-0.3759724034796717,-1.6315710050837011,1
1.726821671951222,0.38754990231922204,0.5693561964423357,-0.13478617003801185,1,0,0,1,0,0,5.3091692792520995,-0.7699393480922003,-0.8478672421327675,5.589413297828129,-4.084892892874482,-4.911754062163388,1.2252528099317868,1.7781925720697127,-0.3242805168704867,-0.46510999424537064,-0.7060340765085348,-0.3618676380033764,1.0835525869637865,1.718813913711062,2.003510850900824,-0.37975995476043245,-0.32613294712061214,-0.6878870203021074,-0.31054414497595056,-0.18555039652161812,0.01367475224293494,-0.43355192159731576,0.06168019939976365,0.30494574817688813,0.24629108918088358,0.18555039652161812,0.3105441449759499,0.8001630639334981,0.8662627627365218,-1.7196088694153011,-1.6073528210419945,-1.6207272788104614,-1.2851844898232538,-0.22015379130249568,-0.09793149585751397,-1.720552610450858,0.27882240539001907,-0.1035484832504671,1.1090710107684099,0.9748215097457181,1.0576735027604598,0.728342674756924,0.2044646553166367,0.1250502895462747,1.3994859768436472,0
-0.48340089077122306,-0.2051087150244015,-0.4445202009343899,-0.13478617003801185,1,0,0,0,1,0,-0.7226826087232228,1.1192634344914283,1.2246281474825116,-0.5813066068963335,1.895416677537563,1.3100379048012367,0.4122886057299419,-0.5795000964132173,-0.5552000322453476,1.1097373639928492,1.5559994526120697,0.7791902302904464,-1.111520409769548,-0.47123918871357995,-0.3214684789644155,-2.0263043541754007,0.5601809349326617,0.7846378432556774,0.4884925330428311,0.5782415939310317,-1.044153987405556,0.473342003543038,-1.277263416508751,-0.9437177585111594,-1.2568293583954209,-0.5782415939310325,-0.4884925330428318,-0.6203151308168162,-0.5596729573423944,-0.9008240236503626,-1.684875824009962,-1.4329761962204342,1.3297299961089997,-0.13859458152457876,-0.3747723420151606,-0.728375060954584,-1.053465220782544,0.19995793940503753,-0.615216890773458,-1.1257144516253432,-1.3623318689203594,0.062155904904119784,0.4514102871836102,0.848749735028197,-0.8892713360402683,1
1.726821671951222,-0.5658574386248675,-0.8790386569529866,0.3052077222492148,1,0,0,1,0,0,0.31207022561564,-0.41000813158888666,-0.7711081536284979,1.3016193655317796,-1.6997475484068099,-1.3212439131833715,-1.3510993879116808,-0.11646547021111323,-0.5458731065951007,-2.3468383851381556,-2.2061662858719338,-2.080241913927157,2.0210817595931703,-0.7453959098290385,-0.35801144052251427,-0.39740631057756703,-1.4569925840160975,-1.2760213586105378,-0.5448307780589747,-2.296845329480164,1.1339457779279178,-0.1987954890023348,0.3468718071608568,1.7256983472759597,1.6223377214780272,2.296845329480164,0.544830778058974,-0.7874302125521474,-0.4846237089171882,-0.5278220383574467,-0.6383152839424023,-1.1257471519822078,-0.2140147004052217,0.8401159358104279,1.2862727349307197,-0.5423417704240322,0.8616982418405155,-0.3311783002420958,-0.4692454282090663,-0.23104172733766892,0.4484413812184362,-0.3819686083310823,-0.37174181903963527,-1.211010225189582,-0.5799798072721716,0
0.7502117023761872,-0.9266061622253344,-0.4445202009343899,1.0385308760612593,1,0,0,1,0,0,-0.4703038686405733,-7.03163468250324e-5,-0.6943490651242283,0.7171832155156781,-0.5394663315936652,-0.5543084410821474,-1.3147094485785233,-0.5599351719865263,0.7421520746306756,-0.3679956785836949,0.00554759300403995,-0.21801355582088588,0.10339809187888391,-0.6798917786593657,-0.6975476625708458,0.7879924434174149,0.4512163574927419,0.635961777785856,-0.4863880375980577,0.1850492459657866,1.1487956375089237,0.06974066047208724,-0.2226903363288451,0.9445568368789089,0.6136807534876463,-0.1850492459657866,0.48638803759805704,-0.7874302125521474,-0.8598699510432187,-0.8735311954581982,-0.37990527404917784,-0.18699173903207253,-1.033144539371952,-1.2804235184154193,-1.2606630497196296,-0.8523972546416179,0.77843026520473,-0.17942508891434333,-0.7155722712864762,-0.7107937678977266,-0.33002188519637315,-0.4136917878478824,-1.1948939252628807,-1.266679413303576,-0.5181215015185524,1
0.2619067175886707,0.4133176682906843,-0.15484123025532542,-1.161438585374874,1,0,0,1,0,0,-0.4955417426488382,0.05226217070535305,-0.7583149722111197,1.2292881588466185,-0.8120252328026295,-0.9098266336888373,-0.23847155492603211,0.22573813045084168,0.005655987880821635,-1.0394512329169816,-1.0201916873471846,-0.8427156987308695,0.28025474800971417,-0.3169048222115962,-0.02732885982832374,-1.2536687356178733,-0.4767537725119807,-0.7652574557388973,-0.8740438917877038,-0.28249761283093816,0.014952937787737859,-0.33721012021757757,-1.2675481008538028,0.9314906760693273,0.5791741981725584,0.28249761283093816,0.874043891787703,-0.2582324537235989,0.04072103005925432,0.21818193222838655,-0.4832692780064673,-0.6307670251539549,0.8886600828192224,-0.46483142063624716,-0.09793149585751397,-0.046252995675895824,-0.47058938433204756,-0.8623145398892288,-1.9015904046221521,-2.098184804111946,-1.7177172731532073,-0.5405845059150832,-0.9479482933959068,-1.1553410370755877,-1.6315710050837011,0
-0.2006980048416086,-1.1069805240255675,0.27967722576327125,0.3052077222492148,0,1,0,1,0,0,-0.6974447347149578,1.0058763792117091,-0.06748317567269331,-0.30991991941360914,1.1270186309968306,1.0131019552530076,-0.19360397998817552,-0.35988646025092524,2.467688711613732,-1.0007253847799218,0.04829141892775506,1.8724008490964672,1.0325942405117317,-0.34549139441904475,0.1796564329728807,2.7984016490426202,-0.4670195241355714,0.6705636900229736,0.18286856865026183,2.3723646184089273,-0.07599988348560259,0.6739313316586455,-0.5612893563755471,0.8888268676797125,0.5918937189504978,-2.372364618408928,-0.18286856865026252,-0.3139374809687093,0.19081952690966666,0.08171779126756346,1.5323287991606835,1.2296755205108585,-1.442709458855317,-0.05703537174666111,-0.1532996650890431,0.2638024885416898,-0.23268087965837572,0.3625506658276294,-0.6373732734841235,-0.8052623164249966,-0.44364851103952846,-0.04207739922250845,-2.206195084337154,-1.815418553284374,-0.6330012122038462,1
0.9044132765196139,-1.4677292476260335,0.5693561964423357,1.7718540298733036,1,0,0,1,0,0,0.24897554059497767,-0.3954713296299483,-0.7839013350458762,2.1724870940211187,-1.7640207226093256,-1.9830891019354484,-1.514893418569889,-0.8887823069269531,1.5977529709783542,-0.7117046934386904,-0.10664971370377269,0.8299791354258106,0.2990457597762867,-1.2281999007878284,-0.6213151825680735,1.6708743152640164,-0.4120210208088777,0.4231703638765389,1.3799550954593118,-0.2366301126415829,0.8792933056868305,0.5974616983562182,-0.5051142880331191,0.5529141341777767,0.5517933479847987,0.2366301126415829,-1.3799550954593125,-1.17736540326792,-0.6347222057676005,-0.2185033188462471,0.6537347655237203,0.4445346296798359,-0.9071245641463012,0.5138790966987595,-0.09793149585751397,-0.4183195767369984,0.6951622885689447,0.4275877563966659,-0.31415074923440073,-0.5162996974004062,-0.2792525417345383,0.3476645205553221,-0.28942660841731066,-0.4316415915936655,-0.332546584257695,0
0.18480593051695732,-0.30817977891024867,-0.8790386569529866,-0.13478617003801185,1,0,0,1,0,0,-0.6343500496942954,0.5145324729995927,-0.2849672597681238,-0.20865623005438366,0.6694071639177728,0.5569654062481979,-0.8039488085889134,-0.9595578606816068,1.1802402369522995,-1.1712956510898085,-0.19140158546374694,-0.08719963745336007,0.31222771555930895,-0.9353832880115938,-0.5650527509693348,0.6649700004757223,-1.4003685091625064,-0.8346598386973271,-0.9306920144830665,0.8041191033027003,0.1832864285307021,0.7509658359106179,-0.9451972211800507,0.1937634166093248,-0.566051443951967,-0.8041191033027003,0.9306920144830657,-1.0938078624002545,-0.9349191994684248,-1.592242337851867,-1.077612300760884,-1.4841810369268051,-1.3796994712424915,-0.709509049969999,-0.3747723420151606,-1.5965304167638241,-0.10976148557697851,0.27583454506891375,-0.998391980004983,-1.268343436656712,-1.1254082660984612,-0.5723076854318833,-0.6186874509066087,-0.32030321536567735,-0.8274130302866491,0
-0.5605016778429365,0.38754990231922204,-0.4445202009343899,-0.13478617003801185,1,0,0,1,0,0,-0.5586364276695006,0.22670379421261333,-0.8478672421327675,5.589413297828129,-2.0460626161289794,-4.145265782757267,-0.23078671972352446,-0.08941281790553283,-0.9223415275679003,-0.15217292671389232,-0.46041162204983366,1.1495421205645968,1.6177532744466214,-0.3161597100500076,-0.6259662427382331,-1.3314906383917229,0.49573205430042455,3.722297890466912e-4,1.9511215054929922,-0.36726020632542794,0.005011494661490703,-0.504357341888448,-0.07714791630663162,0.697135225764978,0.5989210677085661,0.36726020632542794,-1.951121505492993,-0.09111737198826762,-0.3345252120667762,1.0096739498011607,0.07231224326396513,0.2738518273252659,1.7077899217859516,2.6344185509246065,1.5631135810883663,0.20179139169817292,0.05677446769459199,-0.4070549059059717,0.2514886682026129,0.1709126850234604,0.4484413812184362,0.31594134103852145,-0.28942660841731066,-0.48731077970765985,0.5334696962929761,0
-0.5605016778429365,-0.4885541407104817,0.27967722576327125,-0.4281154315628296,1,0,0,1,0,0,-0.7479204827314877,1.3053344995658394,-0.7455217907937414,1.1164514764177673,0.15413457110734785,0.14107619980263614,1.2278594306918926,-0.18427835888955701,1.7824029268600257,0.8751593568348379,0.61094513132851,0.9471076384214695,-0.555114727129712,1.0136266185149665,-0.470465766820044,0.31467145989580136,2.049861136577626,1.7968430108855626,2.0217186959949194,-0.7133741297612541,-0.6945646537676685,-0.21837444656214672,-2.1203900414737884,0.8503233832042434,0.9600088806609617,0.7133741297612541,-2.02171869599492,0.7723105503109431,-0.5596729573423944,-0.44594355378095224,-0.22485926811324272,0.5810808715634928,-0.43454965705011084,-0.46483142063624716,-1.2052948804881005,-0.29429738304996345,-0.8036612908751883,-0.482931511569848,-0.9162830323125138,-1.7351292058502814,-1.3792549834076382,1.3945294446097283,-0.37174181903963527,-0.7099875321636356,-0.76555472453303,1
0.15910566815972013,-1.1069805240255675,-0.4445202009343899,0.3052077222492148,1,0,0,1,0,0,-0.016022136491804253,-0.32278731983525655,-0.8094876978806327,3.459982573016986,-1.8466378510697212,-2.9221937616512332,-0.1941297632565222,0.0197467681099055,-0.3211669029075884,-0.08968995645154956,-0.7041773810110898,-0.6238325797616002,0.19671873349506103,-0.8210648849962643,0.4886011204061401,0.13509521082817458,-0.2621446213050537,-0.3673722971580345,-0.38904162214375715,-0.4649864905896614,-0.5504561973252275,0.46236681750441627,0.5748035737794611,-0.1387727742683867,0.5567975381219844,0.4649864905896614,0.3890416221437564,-0.7595776989295921,0.491016520610491,0.10901061945972781,0.1627557467265941,0.0519641842643253,-0.2140147004052217,-0.30171300108041293,-0.1532996650890431,-0.29429738304996345,-0.8036612908751883,-0.17942508891434333,-1.5731546138522732,-1.0997819088923677,-1.0746389226366257,-1.016432198667086,-0.7833178721512579,-1.0440026608476,-1.6934293108373202,0
0.3904080293748593,-1.4677292476260335,1.7280720791585935,1.7718540298733036,1,0,0,1,0,0,-0.43244705762817587,-0.037284529361707223,-0.7839013350458762,2.1724870940211187,-1.1132404247016958,-1.7076184017521514,-1.4122181343892861,-1.330434445123692,2.0809061865606315,-1.3052704995440139,-0.8058304722403556,-0.03704104766849536,0.7889762541660964,-0.9820901455977877,-1.059592166567029,2.2438992948523104,-1.4404057338064593,-0.7055191493419793,-0.01835909107355938,-0.032311248161722386,0.9824307912032567,0.7645868570545962,-0.5897660772947518,0.33505456693070995,0.35881694906503997,0.032311248161722386,0.01835909107355796,-0.8431352397972577,-0.8598699510432187,0.6548671833030202,1.8165798100432309,0.9907195972144606,-1.1276595207911904,1.0032343553662626,1.1201682272361313,0.5118468759157585,0.7229182807808735,0.5034643620605421,-0.48749186102961545,-0.6978274965312384,-0.5330992590437151,0.2524949820049213,-0.37174181903963527,-0.4316415915936655,-0.45626319576493324,0
0.4161082917320974,-1.1069805240255675,-1.168717627632051,0.5985369837740325,1,0,0,1,0,0,-0.7353015457273552,1.2326504897711474,-0.822280879298011,3.96919426808052,-0.6569574689866768,-2.1194828739417884,-0.013426801022043978,-0.327556688040073,-0.9191879306620399,0.709984394272529,0.5634604459616458,-1.742781442250987,-1.4964621343063795,0.06606586165903099,-0.30434834408448286,-0.8071879186282481,1.0012825555392724,1.0797991004466634,-0.5666803935267488,-1.8149193121744094,0.08468252420512948,0.14469234411360082,0.4454146808776909,0.03371152993050888,0.3216874799754379,1.8149193121744094,0.566680393526748,-0.2582324537235989,-0.6347222057676005,-1.2101427431615621,-1.3747838121380926,-0.9892009100985523,0.038025250046078915,-1.4435419379712537,-1.4267675574142176,-0.790386157798101,-0.27629743884854874,-0.3311783002420958,-1.3359509871851372,-0.944186652494511,-0.8715615487892844,-1.0481553781838862,0.7806711296729086,-0.04195727479570725,-1.4459960878228426,0
-1.100207187344929,0.10410447663314094,0.27967722576327125,0.3052077222492148,1,0,0,1,0,0,-0.785777293743885,3.474225351839442,-0.7966945164632545,2.389480714076602,0.13559032629477505,0.8252810233098506,-1.108311201152362,1.2200415716349469,-1.1307933204191036,-1.032450965195954,-1.1688513386902966,0.6156514794298698,1.0818758689980863,-0.748070442902158,0.7667085949446985,0.48659432636053485,-0.24003068870993335,0.5193978057449355,0.5274811195133241,0.3165258375355961,0.7936705321857213,-0.9064735062844025,2.034812721827789,1.1567643236941134,2.026654850649409,-0.3165258375355961,-0.5274811195133248,-0.9545452942874786,0.04072103005925432,-1.583144728454478,-1.1422148032341901,-1.1598837124531223,-0.9386295579527137,-0.709509049969999,-0.983822203561983,-1.720552610450858,0.5841383197212315,-0.9381911455531051,-0.41450612974742024,0.6376984542170299,1.1084428462222957,-1.1116017372174867,-1.5241547677521787,-1.6006945419875402,0.038603250264021984,0
-0.8689048261297889,-1.4677292476260335,-0.15484123025532542,1.7718540298733036,0,1,0,1,0,0,-0.81101516775215,4.581929661110545,-0.7839013350458762,2.1724870940211187,0.7118913981583822,1.8448803681441313,-1.5140889957206904,-1.5400460410007892,1.3256646888222312,-0.49319621715234535,0.036363569948992217,1.6165859892857433,0.976242637158914,-0.9126163075224877,-1.1004836240210307,0.9574687169230561,0.2978646492083782,0.8406746078219929,1.8586269233961765,0.3614669270176405,1.1935021441158702,1.0113211862186116,-0.8500643170733313,0.9616337583442295,0.7734807086279654,-0.3614669270176405,-1.8586269233961772,-1.0659553487776992,-1.3101654415944555,-1.5103638532753727,-0.8838047933409655,-0.7331767065666972,-1.3166894836296663,0.35076067714292497,-0.4301405112466897,-1.720552610450858,0.917210226264372,0.7310941790521709,-0.4601222117987924,-0.8015576674631424,-0.4146374576327655,0.47455723862252236,-0.8656330827735822,-0.8213259083916238,-0.1469716669968365,0
-0.5605016778429365,-1.1069805240255675,0.27967722576327125,0.5985369837740325,1,0,0,1,0,0,-0.7479204827314877,1.3053344995658394,-0.822280879298011,3.96919426808052,-0.5690568034191699,-2.063583787053944,0.3287042089334541,-0.46612695004391713,-0.08539226225586082,1.7534043874055174,1.1834503572890542,0.44400583652600684,-1.0254827901536274,0.62566368553587,-0.6244752844855966,0.26856435099693543,2.3147717278176927,1.8992238153597545,2.394254639720468,-1.7690215962405276,0.16808457854749959,0.014188236126023825,0.3866153556661284,-0.07344818589121141,0.3156789766787803,1.7690215962405276,-2.3942546397204683,0.4102278732177254,-0.7097714541928067,-0.50962681956267,-0.3023822710812103,0.59814915179895,-0.5290646384693491,0.10608304780917345,-0.8177176958673952,-0.4183195767369984,-0.19302946221276363,-0.4070549059059717,-1.262965255902942,-0.9052878383950472,-0.8715615487892844,-0.8895394805998851,0.6983559190505837,-0.09762646290970158,-1.3841377820692236,0
-1.460010860346257,-1.1069805240255675,1.7280720791585935,0.5985369837740325,1,0,0,1,0,0,-0.7605394197356201,2.1804499774939283,-0.822280879298011,3.96919426808052,-0.46758293208315554,-1.3905587809242985,0.8808007713882542,0.5173958059631282,-0.21388862805274642,0.6666967285748805,0.23316799517646433,-1.4479162104654932,-1.0641133940934089,1.4343913655600413,0.5111688668912289,-0.27113016989835775,0.784709898050845,0.8004886295706437,-0.11623388745465664,-1.8595056647958936,0.2084520378661919,-0.1980642316402901,0.01993324680561619,-0.12255936629593772,0.4783915309491998,1.8595056647958936,0.11623388745465593,1.357213336384602,0.491016520610491,0.05442496307539909,-0.09565426316663046,0.22264698661889537,0.4790951633358572,-0.6279498401920818,-0.6516131881728072,0.3258135853852078,-0.08200549336504998,-0.482931511569848,-0.97102233077416,-0.8145239388296306,-0.8038690908401701,-0.2233527107470814,0.8629863402952329,0.013711913318286572,-1.0748462533011267,0
0.2105061928741954,-0.5658574386248675,-1.6032360836506476,-0.4281154315628296,1,0,0,1,0,0,-0.596493238681898,0.2819436416565791,-0.6047967952025805,0.2513702444632408,0.022465227657660475,0.022570135600406147,-0.4504201277975706,1.0526417447860308,0.8923884222433374,-0.5232180123058299,-0.06004912982628067,-0.9045559086950421,0.03196886832455747,-0.7745412426340785,0.694779121863736,0.06174879643017381,-0.1834334913572971,0.051701440566188125,0.9676977049346941,-2.193457175546627,-0.14759233135474448,-0.748769357537756,-1.1578732830146532,0.524944269379889,0.12854320358223695,2.193457175546627,-0.9676977049346949,-0.9823978079100336,-0.03432821836595151,-1.637730384838808,-1.3618633116434313,-1.347634795043149,-1.0646495331783645,0.8401159358104279,0.40038202722625016,-1.4104971262332722,0.1400424443303771,-0.4070549059059717,1.2550424733328,0.36540675552078095,0.5669031826293847,1.8386539578449304,2.756236184608697,1.5167799923961247,0.34789477903211874,1
-1.460010860346257,0.7740663918911503,1.7280720791585935,-0.4281154315628296,1,0,0,1,0,0,-0.6469689866984278,0.5436060769174694,-0.5408308881156891,0.057522610547009106,0.3249648631982956,0.37361640125606854,0.6293899639400329,0.43830289774728204,-1.4079007397200811,-0.17341596099762857,-0.4900322383428827,0.23245023366948062,0.7410586176135519,0.259972949552985,-0.20309230362653377,-1.0736789016106085,-0.11345771703538463,-0.1515998426612959,0.13830413819877924,0.17986603418274572,-0.6154201578835836,-0.8050378938096969,0.8457037252312036,0.12177104538837953,0.48905816980383304,-0.17986603418274572,-0.13830413819877996,0.24311279148239442,-0.18442671521636386,0.02713213488323473,-0.5349512799851129,-0.5454256239766699,0.9201650766256344,0.4323198869208419,0.40038202722625016,0.139780294854656,-0.7203933142394032,-0.9381911455531051,-0.8068044353892204,-0.2958730841701091,-0.2284831982727022,-0.9212626601166852,-0.9479482933959068,-0.9883334727336057,-0.8274130302866491,1
-0.12359721776989524,-1.2100515879114147,-0.8790386569529866,1.7718540298733036,1,0,0,1,0,0,0.097548296545388,-0.3629088932419264,-0.5280377066983108,0.043056369209976894,-0.6998371836582001,-0.3123771930315571,-1.9254380544073557,-0.02401375955013576,0.6148835841327452,-1.3393375384696615,-1.169951229197492,0.5607016390958409,1.5565042233218398,-1.2974737154260814,0.9110840850624372,-0.01479896848522969,-0.10695306989435152,-0.598651027019688,0.18032674558006626,0.5858842905209262,1.380948036225266,0.9456636745235727,-0.855437994352041,1.7033057743244622,0.9365276875302012,-0.5858842905209262,-0.18032674558006695,-1.2609229441355856,0.641115017460903,-0.45504116317834126,-0.39282577454383927,-0.40887938209301433,-0.7811045889206503,0.35076067714292497,0.2896456887631914,-0.5423417704240322,0.77843026520473,0.35171115073279,-1.1808563082104715,-1.3720736075886157,-0.7530997473783346,-0.4136917878478824,-1.6887851889968277,-1.712032918215528,-0.8274130302866491,0
0.08200488108800677,0.7740663918911503,-0.4445202009343899,1.0385308760612593,1,0,0,1,0,0,0.04707254852885811,-0.3489535633613456,-0.08027635709007157,-0.3041334228787963,-0.10189298580103848,-0.03332895128743818,-0.22713060735360818,-0.6178729134583105,1.178354864808027,0.4989692388030643,1.2152530656801448,0.8486087916648263,-0.6459216660948964,-0.11435849961979527,-0.7715645449125567,0.26042384776915584,0.530502349927051,0.7421180939498813,0.7577574583546642,0.4058665575902641,0.2015649731222143,0.07511354101986571,-1.3491497234863512,-0.1480382017099502,-0.8553546264002657,-0.4058665575902641,-0.7577574583546649,-0.2582324537235989,-0.8598699510432187,-0.6097005229339397,-0.39282577454383927,-0.1699234587966153,-0.37153966943728567,0.02452383803125581,-0.319404172783631,-0.23228628620644656,0.22331042096616224,0.12408133374116129,0.16937972051014377,-0.5681647828663581,-0.5838686025055501,0.6014499566897238,0.4514102871836102,0.7374113588002092,0.16231986177126023,0
-0.2006980048416086,-0.07626988516709207,0.27967722576327125,0.3052077222492148,0,1,0,1,0,0,-0.7100636717190902,1.0349499831295859,-0.1826218084290977,-0.281566086393026,1.086513328932512,1.0135491479481105,0.6038226449239551,-1.2474909931200469,2.2696297181768728,0.31784255969006314,1.6671208038176537,0.5002969472275959,-0.9798330102016851,-0.3625386972992787,0.6524297184750735,2.643185555271036,-0.10036283529093352,1.110105066258262,-1.14725589024189,1.820179789789002,-1.2018744811179596,2.3658103075851864,-0.44651328258922757,-0.5289028621228594,-1.0835371610308864,-1.8201797897890013,1.1472558902418892,-0.7038726716844818,-0.10937746679115769,-1.746901697607466,-0.43158727602782254,-0.4430159425639276,-2.1988293102092213,-1.6066603575270884,-1.4267675574142176,-1.1624527388592034,-1.2755131584779709,1.2622304186993043,-1.5092920989803518,-1.4628375071540325,-1.531563013793144,-1.3019408143182878,-1.1948939252628807,-0.5429799678216537,-1.569712699330082,0
0.3904080293748593,0.15564000857606544,1.7280720791585935,-0.4281154315628296,1,0,0,1,0,0,-0.48292280564470574,-0.014025646227405854,-0.041896812837936774,-0.32438616075064136,0.5328836449143904,0.2399057854203449,-0.03309209386509601,-1.247044676701514,1.4534508536140316,-0.9642825936963942,-0.35221964794818716,0.12127829062609559,0.5266662238036312,-0.9114056501432067,-1.1136425687080296,2.0094702930687824,-1.5644195671495515,-0.8347955989001163,-0.38485180389618157,0.5471004570796687,-0.8646504247875874,0.5959852765489059,0.03240784417563153,-0.24856808945091668,-0.35711262991685977,-0.5471004570796687,0.3848518038961809,-0.7317251853070371,-0.8598699510432187,0.9459906840194431,1.971625815979166,1.0589927181562884,-0.7811045889206503,0.8401159358104279,1.1755363964676604,0.8219023601333442,-0.8314172830871166,0.5034643620605421,-0.12256320461863823,-0.08841274230630035,-0.1777138548108673,-0.28679906978068154,-0.37174181903963527,-0.15329565102369538,-0.332546584257695,0
0.44180855408933456,0.3617821363477598,-0.4445202009343899,0.3052077222492148,0,1,0,0,1,0,-0.36935237260751347,-0.14543833593620858,-0.4001058925245282,-0.10739254069515815,-0.02933609521379473,-0.028857024336410634,-0.5282992725517482,-0.19140251067093567,-1.3329485262065133,-0.8319718335522843,-1.342782711342839,-0.8056431912404085,1.3926124930741048,-0.08546035957560187,-0.3251210301479853,-0.1448437106577913,-0.32115392835607637,-0.7755421515864558,-0.6772662024248698,-0.42709685071602743,0.6492220143741709,-0.06299315813535235,1.6766313288273877,0.8054895349048621,0.9885173248320482,0.42709685071602743,0.6772662024248691,-0.17467491285593337,-0.40957446049198204,-0.3640650692044592,-0.37990527404917784,-0.47715250303484213,-0.6235796198885869,0.35076067714292497,0.7879592118469556,0.015758101167622184,0.8616982418405155,0.19995793940503753,0.8171280856396278,1.6490676208030963,1.9545985705862188,-0.794369942049485,-0.37174181903963527,-0.5986491559356475,1.275769365336409,1
0.33900750466038404,0.7998341578626126,-0.8790386569529866,-0.13478617003801185,1,0,0,1,0,0,-0.29363875058271866,-0.1931190463615264,-0.5536240695330674,0.06909560361663487,-0.3951718554642685,-0.20192059734117668,-1.13877427924936,-0.48479785208392273,1.0429024005793275,-1.3652301662199533,-0.9732338167901007,-1.6212095869481382,0.5620636232065609,-1.2453385847204899,-1.2046220501689775,1.2018527836737185,-1.2505521733621272,-0.6769336350968156,-0.7896550408158974,-1.4279662609164547,0.33916571566005366,-0.5413636591137787,-0.2179363776776876,0.604311748977315,0.6043576866615383,1.4279662609164547,0.7896550408158968,-1.2330704305130304,-1.2351161931692491,-0.646090960523493,0.020630241285320403,-0.47715250303484213,-1.1276595207911904,-0.38327221085833024,-0.04256332662598434,-0.9144083514851348,0.41760236644966076,-0.4070549059059717,0.38833691435672935,0.20981149912292413,0.4484413812184362,0.6331731362065233,0.36909507656128593,-0.26463402725168356,0.038603250264021984,1
-0.12359721776989524,1.4440283071491598,-0.15484123025532542,-0.4281154315628296,1,0,0,1,0,0,-0.4955417426488382,-0.011699757913975716,0.8024531607090287,-0.5269135394690924,1.023312641898949,0.39821199948672004,0.1532367417587454,0.6304854487022845,0.6669482473744559,-0.2509130403551264,-0.36574944018695843,0.7167496705206156,0.8543207026059707,0.2920303200355027,0.9669429101773419,-0.983453672511229,0.68318955986023,-0.1593392822996756,0.4884925330428311,0.4930801176436292,0.07871383527974711,0.10330111583395876,-1.900016694022597,1.0164064027478161,0.31992838888399305,-0.4930801176436292,-0.4884925330428318,0.10385022336961848,0.641115017460903,-0.5642124759469986,-0.9484072958142716,-0.6649035856248688,-0.15100471279239655,-0.13859458152457876,-0.3747723420151606,-0.728375060954584,0.029018475482663446,0.04820472807728505,-0.13168642102891215,-1.0738493661593913,-0.6684841749419423,1.267636726542527,-1.1948939252628807,-1.1553410370755877,-0.023255055489598248,1
0.18480593051695732,-1.0296772261111817,-0.8790386569529866,0.3052077222492148,1,0,0,1,0,0,-0.6343500496942954,0.4883662294735037,-0.4128990739419065,-0.10334199312078912,0.5039726164422876,0.45545266445987265,-0.9503255929780788,-0.5190286733333104,0.45508072858322557,-1.6195443323703989,-0.7502791247887888,-1.4308427529993089,0.08199305545164008,-0.9320921001457001,-0.9101936647036981,0.6224446638974619,-1.4489336773589732,-0.6581223865920723,-1.3170468373944293,-0.6452678416013011,0.39011542656656567,-0.19942888953977486,0.0033862576144804263,0.7511620769759861,0.332871190491116,0.6452678416013011,1.3170468373944286,-1.1216603760228097,-1.2351161931692491,-1.8196825727865715,-1.2972608091701252,-1.689000399752289,-1.348194477436079,-1.2804235184154193,-0.9284540343304539,-1.720552610450858,0.3620903820258042,-0.17942508891434333,0.03253147435602734,0.028283699992091807,0.3299795798074865,-0.2233527107470814,-0.12479618717266176,-0.4316415915936655,-0.45626319576493324,0
-0.6376024649146498,-0.17934094905293926,2.1625905351771904,-1.161438585374874,0,1,0,1,0,0,0.7284951467520117,-0.5204878264768181,-0.5664172509504457,0.10092133455810576,-1.120357003824236,-0.4782856829146791,2.0840586082214387,0.1958264639482771,-0.5190618229327268,1.4000022561283219,1.2778359688675518,0.6098198691361263,-1.0604459316940624,2.4291823949684,-0.2491664807661297,0.3738627505153216,1.4835087915205005,1.6820865047716382,0.7837886966584708,0.05436948222367098,-0.4707237994740927,-0.5183874780095452,1.0852709097047268,-0.4202908042973531,-0.019019262440714103,-0.05436948222367098,-0.7837886966584715,2.359903826796588,-0.18442671521636386,0.17269388524144552,0.3436427536518511,0.9565830367435462,0.25856020669096863,-0.9541866793037505,-1.3160312189511594,0.3258135853852078,-0.5538573609678327,-0.6346847228976005,-0.5604775923118106,0.04124997135858002,-0.1269445113490324,-1.016432198667086,-0.20711139779498602,-0.2089648391376897,-0.3944048900113141,1
-0.3034990542705592,-0.6946962684821769,-0.15484123025532542,-0.4281154315628296,1,0,0,1,0,0,-0.34411449859924853,-0.16695280283543737,0.047655457083711085,-0.3469534972364116,0.3830858696541986,0.13973462171732787,0.5272960289721865,1.9115420627125255,-0.8715109170507995,0.579942758016153,-0.7584539112991215,-0.6350987353563629,0.04349186656434195,0.3145929855683548,0.785139726559928,-0.8488156032004569,0.21343641118376658,-0.8056802569480905,-0.7703150826731027,-0.1022098070627286,-0.4188803596505543,-1.8371157285812323,0.33840679764524106,-0.5718253595461308,0.1994372727290295,0.1022098070627286,0.7703150826731019,0.0759977097470634,0.41596727218528484,-0.7279694450999874,-1.0130097982875779,-0.8867912286858101,-0.655084613695,-0.46483142063624716,-0.1532996650890431,-0.728375060954584,-0.3595654154843339,-1.6969572021918669,0.20587258615124074,0.35244048415429274,0.09305597698558829,0.47455723862252236,0.36909507656128593,0.3477270420022505,0.34789477903211874,1
-0.6633027272718879,0.6452275620338409,1.4383931084795292,-0.4281154315628296,1,0,0,1,0,0,-0.6091121756860305,0.2964804436155174,-0.7071422465416066,0.8184469048749037,-0.27820839517963436,-0.4044988882227245,-0.06781049013813914,0.11418431624723145,-0.9970468250870506,-0.2766993929250478,-0.3353463755149226,-0.6854857287205468,0.8742126640942675,-0.26490875762845084,0.46102794110604123,-1.3748280590186883,0.12879759523696543,-0.14665065013048537,0.17827491249930566,-1.1117316642817359,-0.17040157207023093,0.305126113230562,-0.018573200240859594,0.5015165193782407,0.2927908954622737,1.1117316642817359,-0.17827491249930708,-0.17467491285593337,0.5660657690356972,0.3728412919839863,-0.43158727602782254,-0.3576745413866426,1.3297299961089997,0.758556726032511,0.7325910426154264,0.139780294854656,-0.3595654154843339,-0.02767187758659086,-0.8432973010303187,-0.723760039264214,-0.4992530300691578,-0.667477223982284,-0.4540570296619595,-0.9326642846196119,-1.0129879475475077,1
1.0072143259485644,-0.9266061622253344,3.176466932553916,1.0385308760612593,1,0,0,1,0,0,-0.4703038686405733,-0.026236559872914074,-0.6943490651242283,0.6274925192260784,-0.5394663315936652,-0.5051172446208444,0.8950536034460201,-0.34288000906478466,0.1821949426974625,0.9753005679258631,0.7630327481631115,0.4305779651925248,-0.038884819041205,2.837030772432163,-0.49908481321505044,0.15373868370071367,2.620445476341491,1.9868615932536506,0.328888191831712,0.2610696854503818,1.590133896488084,-0.029358636727572197,-0.09457403961705868,1.280820731697245,0.947803691704553,-0.2610696854503818,-0.3288881918317127,2.777691531134916,-0.40957446049198204,0.21818193222838655,0.26611975068388355,1.349153482159058,-0.05648973137315825,-1.0357458890816678,-1.2606630497196296,1.069946747507413,1.055990187324014,-0.3311783002420958,-0.9254062487227878,-0.8274902101961188,-0.33002188519637315,-0.6040308649486834,-1.6064699783745033,-1.712032918215528,-0.6418381130257917,1
0.930113538876852,-0.2824120129387873,0.5693561964423357,0.5985369837740325,1,0,0,1,0,0,0.07231042253712305,-0.3547682841449209,-0.2849672597681238,-0.20576298178697722,-0.3206926294202451,-0.11382363640593401,-0.2998098708640895,-0.17332246375192395,1.4689039298506628,-0.34772485706996437,0.10891957511215272,1.1992837694461211,0.0657126373727096,-1.141127235286604,-0.8170471052130903,1.6512711576845929,-0.6557811177711733,-0.08167808005122656,0.9910609039976785,0.6527578856825103,-0.7233079643883168,-0.5806093329712065,-0.34867261518914633,-0.18050748222255988,-0.2213435299087715,-0.6527578856825103,-0.9910609039976793,-1.1216603760228097,-0.8598699510432187,-0.43684594438356456,0.4340862571144791,0.13730558544161034,-1.2851844898232538,0.5138790966987595,0.06817301183707392,-0.728375060954584,-0.8314172830871166,-0.7864379342253526,-0.9436526815433369,-0.9571529238609991,-0.9561771212256767,-0.4771381468814831,-0.37174181903963527,-0.09762646290970158,-0.8892713360402683,0
0.2105061928741954,-1.4677292476260335,-1.6032360836506476,1.7718540298733036,1,0,0,1,0,0,-0.596493238681898,0.2819436416565791,-0.6687627022894718,0.5435883194712915,-0.1669093092458605,-0.20326217542648495,-0.7513245718951007,0.18714962800217547,0.737140269855272,-0.3261066135751868,0.20721933395944475,0.9932362866066926,1.0508456356444495,-0.7519135101993145,0.24440935369156014,0.06830417030761471,-0.21323465659979063,0.25671587370209414,1.0833762813478618,0.28017642692511974,0.29343198662357695,-0.012024812591383174,-0.9390563393072952,0.22910916094070144,-0.018762197934494507,-0.28017642692511974,-1.0833762813478625,-0.9545452942874786,-0.3345252120667762,-1.5649495096597015,-1.2972608091701252,-1.2964299543367779,-0.844114576533476,0.8401159358104279,0.34501385799472056,-1.3484860293897554,0.25106641317809053,-0.02767187758659086,-0.040454256926167845,-0.5162996974004062,-0.39771434314548676,0.6331731362065233,-0.20711139779498602,-0.09762646290970158,0.16231986177126023,1
-1.2030082367738797,0.10410447663314094,1.7280720791585935,0.3052077222492148,1,0,0,1,0,0,-0.5081606796529707,0.040632729138202366,-0.7966945164632545,2.54571612051655,-1.0965742900288764,-1.936133868949659,0.7678766581249171,1.2677056200261305,-1.622572034906943,0.4709487570770607,-0.610200892118395,-0.13747187633054544,0.03032530184188638,1.742955617393723,0.9020769796961766,-0.32211023934072325,1.8689384128584976,1.1907210701922277,-0.6862106428504532,0.4930801176436292,0.673789530967105,-0.8362848323597314,1.8944206018583594,1.2169859501606797,1.9557984149228875,-0.4930801176436292,0.6862106428504524,0.8558680911786088,0.11577027848446049,-1.637730384838808,-1.5169093175793655,-0.8697229484503528,-1.0961545269847772,-1.9328971966387571,-1.980449249729511,-1.2244638357027204,0.6118943119331598,-0.7864379342253526,-0.013084607695344815,0.9618552383792308,1.4638282504551436,-0.857816301083085,-1.5241547677521787,-1.545025353873546,0.47161139053935697,1
-0.6633027272718879,-1.1069805240255675,-0.4445202009343899,0.5985369837740325,1,0,0,1,0,0,-0.4198281206240434,-0.07856904692509216,-0.8350740607153893,4.542057425026996,-1.856688079225452,-3.570623169550227,0.49912917897050885,-0.33624448735215967,0.6098371438281938,0.6870849812598596,0.5198983262272314,-1.2241434216532063,-1.1433890487111629,1.2114423707410573,-0.7840234756345946,0.5095187884641582,0.926094380261756,1.5005454746078024,0.05260013630273529,-1.7217537992339922,0.5164076693445275,-0.32391139544013264,-0.3216505606765507,-0.009908147977906958,0.7890973118585138,1.7217537992339922,-0.052600136302735995,1.6914434998552643,-0.40957446049198204,1.409968763286241,1.5064877981713616,1.8953384496936814,1.2982250023025865,-0.46483142063624716,-0.5408768497097485,2.0621242970036877,0.19555442875423396,-0.5588081172337243,-0.8797901666714156,-0.892321567028559,-0.8377153198147269,0.31594134103852145,0.6160407084282594,-0.15329565102369538,-0.8274130302866491,0
-0.07219669305541997,0.15564000857606544,0.27967722576327125,-0.4281154315628296,1,0,0,1,0,0,-0.16744938054139394,-0.28557310682037435,-0.041896812837936774,-0.32438616075064136,0.11284528281336637,0.031066796807358486,-0.2209329652477324,0.8958925177732016,-0.33243839667713493,0.028451729712045654,-0.48850058109022676,-1.025330573549517,0.027650196255582182,-1.1558093672746528,2.038657100214792,-0.28630249346657405,-0.41202102080887537,-0.9336229477156202,-1.5422375806300568,0.13114384342216406,-0.8476584350128117,0.8126413331357729,0.16674802998316268,-0.4469894425883145,-0.2764264132776918,-0.13114384342216406,1.5422375806300554,-1.2330704305130304,1.0914105080121401,-1.3738997123145495,-1.2843403086754637,-1.347634795043149,-1.2536794960168407,-1.0357458890816678,-0.4855086804782194,-1.4725082230767892,-0.8314172830871166,0.6552175733882943,-0.23204180154193166,-0.11434528503927678,-0.2792525417345383,-0.2550758902638815,-0.04248097655033679,0.013711913318286572,-0.45626319576493324,1
0.2876069799459088,0.43908543426214564,-0.15484123025532542,-0.4281154315628296,1,0,0,0,1,0,-0.14221150653312897,-0.29080635552559214,-0.38731271110714993,-0.14211151990403548,-0.27225109517817325,-0.11382363640593401,0.10916238223566352,0.9677348265526012,-0.22925891969866014,-0.5333729812999651,-0.3948315800581151,0.5918606244915778,0.8045351038401858,0.07523699243762227,0.8607009959755886,-0.09544079079859237,-1.0295042172495084,-1.0895295473610973,0.2507965989744553,0.5584902876836534,-0.07661703345247824,-0.46601505653223907,0.21749583296953356,-0.3002862714945222,-0.5504131519455696,-0.5584902876836534,-0.25079659897445594,-0.11896988561082296,0.491016520610491,-0.7006766169078218,-0.6383152839424023,-0.972132629863095,-0.6865896075014126,1.0032343553662626,0.954063719541543,-0.9764194483286528,-0.05424950115312168,-0.4070549059059717,0.11464042204849642,0.20981149912292413,0.0761328624983096,-0.44541496736468245,0.36909507656128593,0.7374113588002092,0.2860364732784985,1
0.44180855408933456,0.33601437037629844,-1.168717627632051,-0.8681093238500562,1,0,0,1,0,0,-0.7353015457273552,1.3082418599576269,-0.31055362260288033,-0.18956079148950114,1.0957632772545165,1.152626076125067,0.7690951999402135,0.763808714454547,-1.236213461759457,1.277121523700505,0.9314290007960364,-0.4516259426725083,-1.1946319088936743,-0.11719101058547252,-0.3206369663892984,-0.6107753174455491,0.7441177299735793,0.9230565398701253,-1.118227115406131,0.4930801176436292,-1.1865414743273133,-1.369558505345039,1.0761749245355843,-0.9874543821996042,-0.3097182658633027,-0.4930801176436292,1.1182271154061303,-0.45320004908148526,-0.7097714541928067,-1.4284853686988783,-1.4652273156007207,-1.1598837124531223,-0.2770246880180474,-1.7697787770829225,-1.648240234340335,-1.1004416420156866,-1.1367331974183288,-1.317574173872486,-0.23204180154193166,0.3394742127878045,-0.093098282374475,-0.635754044465484,-0.20711139779498602,0.013711913318286572,-0.5181215015185524,1
-0.5605016778429365,-0.6431607365392533,0.27967722576327125,2.2118479221605303,1,0,0,0,1,0,-0.7479204827314877,1.485590843856675,0.7256940722047591,-0.5153405463994666,1.8808330691801172,1.5407893354742581,-1.2924087670192312,-0.424583081666671,-0.113273526258488,0.5104280427903899,0.25536529373330846,0.88026194446333,0.42141102123865903,0.4341033398039017,-0.5645219293299834,0.1073991290713152,2.1353774680396276,1.653840736087484,1.9297942423483554,-0.7133741297612556,2.230876793506346,0.017227928082256018,0.2627744722650954,1.42784838839388,1.282666196194383,0.7133741297612556,-1.929794242348356,0.27096530510494976,-0.6347222057676005,-0.4186507255887879,-0.3023822710812103,0.529876030857121,-0.40304466324369825,-0.05703537174666111,-0.8177176958673952,-0.4183195767369984,1.9996939225295793,-0.02767187758659086,-0.12256320461863823,0.028283699992091807,0.600749411603942,-0.15990635171348128,-0.8656330827735822,-1.211010225189582,-0.023255055489598248,0
-0.6633027272718879,-0.30817977891024867,1.4383931084795292,-0.13478617003801185,1,0,0,1,0,0,-0.6091121756860305,0.2964804436155174,-0.3617263482723934,-0.16352155708284313,0.49767326542899815,0.3543871153666501,-0.5015924130899941,-0.14847142834125684,-0.49298393739909235,-0.1653459720003139,0.42922809576489857,1.0392145772784427,0.7788094550727753,-0.29140082315663823,0.3831987842048285,-1.4681734790858079,0.060530222226558045,-0.22549816593747826,0.4316262532639202,0.9892830742375731,0.4063121914878528,0.5876618247492895,-0.8014471988864562,0.2833924731494611,-0.7781726157357622,-0.9892830742375731,-0.4316262532639209,-0.28608496734615396,0.340918023760079,-0.027453521501095285,-0.7804407893836761,-0.71610842633123994,1.0461850518512859,0.8401159358104279,0.6772228733838963,-0.4183195767369984,0.16779843654230542,0.27583454506891375,-0.669956189235104,-0.944186652494511,-0.7869459763528921,-0.6992004034990842,-0.7833178721512579,-0.4316415915936655,-0.7036964187794109,1
-0.27779879191332196,-0.8493028643109486,0.5693561964423357,-0.13478617003801185,1,0,0,0,1,0,-0.2684008765744537,-0.20940026455553734,-0.822280879298011,4.203547377740442,-1.7939475649876047,-3.4096337993132355,0.2802908882689193,0.5672900008403975,-0.8024483588024104,-0.003861945478982096,-0.4098689335173276,-1.4789967679136344,-0.4453675518314178,-0.6137765912404183,-0.5574990390816739,-0.02911049275712296,-0.1489165417115731,-0.08355565083636218,-0.38904162214375715,-1.6313284484388828,-1.0030296412331239,-1.3371136282975915,1.0677205508463563,-0.14244585443272262,0.45127385704514467,1.6313284484388828,0.3890416221437564,-0.7595776989295921,-0.7848207026180125,-1.028190555213798,-0.8838047933409655,-0.8867912286858101,-0.6865896075014126,-0.30171300108041293,-0.1532996650890431,-0.9764194483286528,-1.1089772052064004,-1.4693273852002382,-1.3541974200056863,-0.6978274965312384,-0.7023304039164997,-1.3019408143182878,0.6983559190505837,-0.04195727479570725,-1.6315710050837011,0
0.2105061928741954,0.38754990231922204,-1.6032360836506476,-0.13478617003801185,1,0,0,1,0,0,-0.596493238681898,0.2819436416565791,-0.8478672421327675,5.577840304758503,-1.9495568978653288,-4.09383862282045,-0.7338913519754393,0.552411380511896,-0.17466638965424372,-0.516771115158266,-0.35235229920278754,-0.008225971854143466,1.1569269116166914,-0.7877267854849537,0.14630353968206927,0.30876919444941014,-0.05314189809124614,0.5756400539195436,0.8686312511301267,-0.8727171435694476,0.23340646726320227,-0.6116382817234981,0.5490580688501048,0.6454298408169391,1.0200757191645038,0.8727171435694476,-0.8686312511301275,-0.9823978079100336,-0.40957446049198204,-1.5740471190570904,-1.2068173057074962,-1.1598837124531223,-0.8756195703398886,0.5138790966987595,0.12354118106860354,-1.2244638357027204,-0.026493508941193386,-0.7864379342253526,-0.8432973010303187,-0.46443461193445323,-0.194636969298146,-0.6040308649486834,-0.5363722402842841,-0.9326642846196119,-0.6418381130257917,0
-1.2030082367738797,0.49062096620506923,1.7280720791585935,-0.8681093238500562,1,0,0,1,0,0,-0.5081606796529707,0.040632729138202366,-0.3233468040202586,-0.1710440025780999,0.3043920276972623,0.16343583455777386,1.31544394903813,-0.04043938150660812,1.1112956907401081,1.423433641268025,1.584877825107635,-0.4863403527189627,-2.1442671660135626,1.5510714593138797,0.8267534832624039,-0.48253987451978514,1.6779221056055669,1.2122326651198494,-0.8901438845537553,0.21952363131345246,-0.27934450616480533,0.8837278105208284,-2.0040844757920313,-0.25916817965489347,-0.8769095380144977,-0.21952363131345246,0.8901438845537545,0.7723105503109431,0.11577027848446049,-1.5103638532753727,-1.4781478160953823,-0.8867912286858101,-0.7495995951142377,-1.9328971966387571,-1.9250810804979817,-1.1624527388592034,-0.38732140769626244,0.5793409677244183,-0.5513543759015367,-1.4239386930545688,-1.4131012123821949,0.6331731362065233,0.6983559190505837,0.9044189231421907,-0.5181215015185524,0
1.0843151130202777,-1.1069805240255675,-0.15484123025532542,0.5985369837740325,1,0,0,1,0,0,-0.6217311126901629,0.35462765145127084,-0.8350740607153893,4.542057425026996,-1.420056647234133,-3.237464611698675,-0.48095472959334945,0.8052521944114127,0.41024366945001217,-0.008754011222347789,-0.557451560532885,-1.6959913990968734,-0.6778959913908009,0.058217627271908635,0.6844625877258854,0.05543074335307406,0.37510041641214525,0.5029529244995923,-0.65872285032305,-1.659816685915086,0.7269496264485094,-0.41955431325693376,-0.5051142880331168,0.3837692563829388,1.2157499693510565,1.659816685915086,0.6587228503230493,-0.3696425082138195,-0.03432821836595151,-1.6195351660440314,-1.3489428111487698,-1.1598837124531223,-1.033144539371952,-1.6066603575270884,-1.592872065108806,-1.4725082230767892,0.27882240539001907,-0.7105613285614767,-1.1443634425693747,-1.1905458084577836,-0.9900233502002335,0.3476645205553221,0.03983423407198747,-0.6543183440496418,-1.0129879475475077,0
-1.100207187344929,-1.0296772261111817,0.27967722576327125,0.3052077222492148,1,0,0,1,0,0,-0.785777293743885,3.3404867738172093,-0.4128990739419065,-0.10334199312078912,1.4165385278723253,2.648932833938884,-0.9438458161664923,0.8043340027037013,0.2472325168765849,-0.13753818503145138,0.4555584862484226,0.031204358047679223,-0.2595559902519362,-0.2651763476413181,0.9297818820794431,0.22279657323028004,0.7683095531764802,1.2071045927008206,0.9750700921945687,-0.924503623057108,1.047479501048561,-0.1725385825905202,-0.11408606323181442,0.947647815838215,0.5862543473878764,0.924503623057108,-0.9750700921945695,-0.6203151308168162,0.11577027848446049,-1.6832184318257484,-1.3360223106541085,-1.0233374705694662,-0.9071245641463012,-0.9541866793037505,-1.3713993881826885,-1.658541513607341,0.9449662184763004,-0.17942508891434333,-0.04957747333644305,-0.10137901367278856,0.27921023634565156,-0.0647368131630805,-0.12479618717266176,-0.5429799678216537,-0.3944048900113141,1
-0.6376024649146498,-0.6689285025107157,2.1625905351771904,1.478524768348486,0,1,0,1,0,0,0.7284951467520117,-0.5204878264768181,-0.630383158037337,0.29766221674174387,-1.2817155187258866,-0.6303311992496157,1.8627196207073262,0.23217368988488926,1.238432035671376,1.050730672121418,1.0615041292212621,0.1975886274343499,-1.3810056201372045,2.4748971194196527,0.4757810168407518,0.2570537618694372,1.5599414452434595,1.4624708114117966,0.7781220325379118,-0.5022446364654003,-0.11726893531583196,0.1579613024616205,-1.4346638399730587,0.1273418836376168,0.04781074432046722,0.5022446364654003,-0.7781220325379125,2.2763462859289234,0.41596727218528484,-0.054746349693259644,0.08523274375862654,0.7176271134471482,-0.05648973137315825,-0.7910682597479163,-1.149926711256571,-0.046252995675895824,-0.08200549336504998,0.19995793940503753,0.16025650409986858,-0.62002986833231,-0.5330992590437151,1.3945294446097283,0.7806711296729086,0.5704037944582268,-0.20882997275045564,0
-0.8432045637725518,0.2587110724619126,-0.15484123025532542,-0.13478617003801185,0,1,0,1,0,0,-0.7983962307480176,4.221416972528873,-0.46407179961141953,-0.03506133400999707,1.5260239848011166,3.273661028997432,-0.2902300614487817,-1.1765371527953539,1.2746054188074702,-0.10815573405649444,0.4053744391425907,1.577405700075332,1.1372075618662234,-0.7450585954239102,-1.2232715837648507,1.0984568088279703,0.19754572439533488,0.6112832925812942,1.8047472122866337,0.3614669270176405,-0.34088180436234844,0.38938754659031,-0.6385851489427934,0.3419943778268802,0.06979253407710022,-0.3614669270176405,-1.8047472122866342,-0.9266927806649233,-1.3852146900196616,-1.4193877593014905,-0.7416792878996918,-0.6307670251539549,-1.4742144526617298,0.5138790966987595,-0.26403600355210183,-1.720552610450858,-0.3318094232724056,0.35171115073279,-0.02220782410562002,-0.3477381696360611,-0.194636969298146,0.37938770007212164,-0.8656330827735822,-0.8213259083916238,-0.1469716669968365,1
0.2876069799459088,-1.1069805240255675,-0.15484123025532542,0.5985369837740325,1,0,0,1,0,0,-0.14221150653312897,-0.29080635552559214,-0.8350740607153893,4.542057425026996,-2.1929529187918906,-3.733848503262733,-0.7331459643052405,0.6538622432256667,0.7952950100563682,-1.4904818204407444,-2.067814435970814,-1.1695199424331792,1.390005369745211,-0.18968414792856425,0.28835597506208505,0.2503153440397827,-1.0656657846257394,-1.1775506345718783,0.04764949253229553,-1.6423439002630147,0.8299271444879317,-0.6085777632577943,-0.8356521408473732,0.9568488314711792,1.5386110369437007,1.6423439002630147,-0.04764949253229624,-0.23037994010104354,0.19081952690966666,-0.20030810005147043,-0.04397226118798574,-0.4600842227993849,-0.6865896075014126,0.8401159358104279,0.8986955503100138,-0.6043528672675491,0.25106641317809053,-0.9381911455531051,-1.4545528005187045,-1.5795339494524245,-1.1931007240475748,0.2524949820049213,-0.4540570296619595,-1.0996718489615938,-1.3222794763156045,0
-0.48340089077122306,-1.1069805240255675,-0.4445202009343899,0.3052077222492148,1,0,0,1,0,0,-0.7226826087232228,1.113448713707853,-0.8094876978806327,3.3268931527162895,-0.5451168139911332,-1.7147734848737954,-0.26345067315414206,-0.9487263078488791,-1.34125416696668,0.08432463186738133,0.07347940098900714,0.9208653685759544,0.445857132823988,-0.5191473632921986,-0.18065986305069365,-1.7542352399229892,0.8612862310168907,1.1578913511114293,1.5985806802879148,-0.3295023237687902,-0.15239135435348192,1.121175546485443,0.07070214020302185,0.7401195457844418,1.0349287190851824,0.3295023237687902,-1.5985806802879157,-0.5924626171942612,-0.3345252120667762,-0.5369196477548344,-1.2972608091701252,-0.9550643496276378,1.6132749403667133,0.18764225758709038,-0.4855086804782194,-0.4803306735805153,-0.5261013687559044,0.27583454506891375,-1.6370171287241937,-1.3591073362221284,-1.0407926936620688,-0.857816301083085,-1.1948939252628807,-1.4336869776455579,-1.5078543935764617,0
-1.100207187344929,-0.8493028643109486,0.27967722576327125,-0.13478617003801185,1,0,0,0,1,0,-0.785777293743885,3.3404867738172093,-0.822280879298011,4.203547377740442,-0.2006745132716574,-0.6795223957109187,0.39587467950178107,1.7634898400387322,-0.762179926066991,0.3349827506790492,0.15606660867497144,-1.212042323469162,-1.0560310003095323,-0.07167800155906312,1.096987144057542,0.031309142685861144,0.7784529119588421,0.8822086653279748,0.013895103188392356,-1.6668621640005967,-0.6220931931071005,-1.3215075095988023,1.0733881610693257,0.3193604971376466,0.6584108189186197,1.6668621640005967,-0.013895103188393775,-0.4253475354589299,0.340918023760079,-1.455778196891044,-1.2197378062021575,-0.9038595089212672,-0.844114576533476,-1.2804235184154193,-1.4267675574142176,-1.3484860293897554,-0.8314172830871166,-1.4693273852002382,-1.4271831512878814,-0.7626588533636787,-0.6007917169928287,-1.4922798914190887,0.28677986593896093,-0.4316415915936655,-1.6315710050837011,1
0.3904080293748593,-1.1069805240255675,-0.15484123025532542,0.3052077222492148,1,0,0,1,0,0,-0.8236341047562825,5.602413158628017,-0.8094876978806327,3.3268931527162895,0.9012659350619028,1.7375541213194703,0.13955591586238286,-1.2238420664333567,0.24058209542735487,-0.05906252392563639,0.1115640004107556,0.20264442318758624,0.1542568758243454,0.23955308555405058,-0.7466932806848312,0.5384339587948613,0.6216657522989162,1.0548642884028956,0.6109019818860374,-0.3295023237687902,0.04530272234339299,0.9317407071070365,0.21219041821870324,0.6962227777953063,0.8848310004626674,0.3295023237687902,-0.6109019818860381,0.02029268250195297,-0.8598699510432187,-0.7006766169078218,-0.3411437725651945,-0.08458205761933026,-0.4660546508565234,-0.6279498401920818,-0.9284540343304539,-0.4183195767369984,-0.3040534310604773,0.27583454506891375,-1.3268277707748632,-1.0349505520599276,-0.7361766328910565,-0.826093121566285,-1.1948939252628807,-1.4336869776455579,-1.2604211705619852,1
-1.1516077120594044,0.4133176682906843,0.5693561964423357,0.3052077222492148,0,1,0,1,0,0,-0.16744938054139394,-0.2762695535666538,0.31631226684865466,-0.4256498501098669,0.3517376796229978,0.11648060157198462,0.39652850246238247,-0.20493953468552442,-0.5656307704758123,-0.13416205133511183,-0.407618178811633,0.1998157100973752,1.0935977597320594,-0.17129043894289583,-0.7545130366253411,1.255792470943469,-1.1545008157192707,-0.8640292959007313,0.5274811195133241,-0.2506245554141756,-0.7225339235860099,-0.47456865374007606,2.035186537117389,-0.963538970298974,-0.3136328418415471,0.2506245554141756,-0.5274811195133248,0.04814519612450831,-0.4846237089171882,0.9459906840194431,1.5323287991606835,0.8883099158017184,-0.49755964466293656,2.063504082479186,1.8953225964775422,0.5738579727592754,-0.5261013687559044,-0.17942508891434333,0.9904691974348425,2.02508949043125,1.396135792506029,-0.794369942049485,0.28677986593896093,0.18071947766026855,0.22417816752487937,0
0.4161082917320974,0.8513696898055362,-1.168717627632051,-1.6014324776621007,1,0,0,1,0,0,-0.2684008765744537,-0.20416701585031954,0.2267599969270068,-0.40134656466365276,0.40735690115984496,0.1531504025704105,1.5749415604269144,-0.8084194939964203,1.2633487261599823,1.2664817575210108,1.492385420347021,0.8479107314164395,-1.6478355679937373,1.2938451753975306,0.16035577391119282,-0.7205020093339134,0.9402951198122298,0.2803512261524238,0.3242026962602782,0.8349088210750116,-0.8971997237575335,1.2702220202198562,-2.451075065525242,-0.7785546028923134,-1.6664657310677806,-0.8349088210750116,-0.3242026962602789,1.07868820015905,0.04072103005925432,-0.30038180342274146,-0.6124742829530796,-0.23819657973844427,0.038025250046078915,-0.46483142063624716,-0.6516131881728072,-0.5423417704240322,-0.9701972441467586,0.7310941790521709,-0.9254062487227878,-1.8907244622481374,-1.9884871049496622,0.2524949820049213,0.5337254978059351,1.127095675598167,-0.8892713360402683,0
1.521219573093319,0.7740663918911503,0.27967722576327125,-0.4281154315628296,1,0,0,1,0,0,0.1858808555743153,-0.3931454413165182,-0.20820817126385424,-0.24742575683763,-0.3158344733666735,-0.11114048023531749,0.6397127826836053,-0.19768217128188678,-1.632887870543711,1.3689363683665552,1.2880679585492654,1.6841496040332318,-0.9295668721553114,-0.10158141211157751,-0.18468767308435832,-1.328740575333679,-0.12872949727955427,-0.36419662870548075,0.6912331826893902,1.6114225379908527,-0.9910351467419255,0.08630892738231671,0.8969562861429606,-1.9769906831771684,-2.0301185532940393,-1.6114225379908527,-0.6912331826893908,-0.28608496734615396,-0.40957446049198204,-0.7734574920869285,-1.2714198081808024,-1.2452251136304073,0.29006520049738066,0.10608304780917345,-0.2086678343205727,-1.1624527388592034,-0.9979532363586869,-0.1035484832504671,-0.5331079430809875,-0.02358138547386016,-0.8038690908401701,-1.5240030709358887,0.03983423407198747,1.0714264874841732,-0.8274130302866491,1
0.08200488108800677,-0.12780541711001567,0.5693561964423357,-1.6014324776621007,1,0,0,1,0,0,-0.1800683175455264,-0.25882539121592774,0.15000090842273722,-0.3828297757522515,0.26399425212083927,0.09680412298746342,1.324195691707922,-0.043076895044294156,-2.046570933952053,2.4147633734044116,2.249457451128796,-0.009732183517839122,-2.8311912430390467,0.17967293517846822,-0.025315525795451994,-1.3339219609875141,-0.030102479941260814,-1.1192134676971814,-1.9141354642611406,1.8851427108031094,-1.6617992640083779,0.03376385232416026,1.4572680993956475,-3.292038633745921,-4.017098969797154,-1.8851427108031087,1.91413546426114,-0.03541234474315745,-0.25947596364157,-0.7188718357025985,-1.232658306696819,-1.176951992688579,-0.37153966943728567,-0.9541866793037505,-0.1532996650890431,-0.4183195767369984,-1.5808290728091832,-0.17942508891434333,-0.6243401071837319,0.15794641365697218,-1.1931007240475748,-2.761207072091096,1.439192814651505,3.353863200157928,-0.45626319576493324,1
0.4932090788038099,-0.2824120129387873,-0.8790386569529866,-1.161438585374874,1,0,0,1,0,0,-0.07911682151246661,-0.313483766581536,0.38027817393554597,-0.4412733907538617,0.30491426267701477,0.0999344718531827,0.1482010374509702,-0.759458964790829,1.2849182174364076,0.24682093150587595,0.3229474300041311,-1.7907181960984064,-1.321864187841045,-0.4198286486484654,-1.1951095363885322,0.7690112167006713,-1.005352332121452,-0.9295598650161967,-2.5386350978867935,0.07546133969578361,-0.6255649892282998,-0.15485323476032478,-0.9837441386254995,-1.3303293179177709,-1.3273817597085371,-0.07546133969578361,2.5386350978867935,-0.5367575899491508,-1.2351161931692491,-0.6915790075104341,-0.22485926811324272,-0.596630464683041,-1.222174502210428,-1.5251011477491712,-0.6516131881728072,-0.6043528672675491,-0.5261013687559044,-0.02767187758659086,0.38833691435672935,-0.2051091846046925,-0.7023304039164997,0.7917890337905242,1.0276167615398821,1.1827648637121608,-0.2706882785040748,1
-0.5862019402001745,1.1605828814630785,0.27967722576327125,-0.8681093238500562,1,0,0,1,0,0,0.097548296545388,-0.3698865581822168,0.41865771818768077,-0.4447452886747494,0.18691062820405024,0.059239936598832026,0.009218683911490751,1.3644287504169053,-0.3078462985147909,0.2851866613129806,0.606877840827343,1.1519319520489733,-0.013131515437660226,-0.22170426596707207,2.355010657452805,-1.7622662709889156,0.5476964521599943,-0.7196336034625078,-0.12950004961474557,1.699534365048511,-0.23434309467919145,0.48647669869105314,-1.3500714470508068,0.15781764582463578,-1.4915530639687975,-1.699534365048512,0.12950004961474487,-0.17467491285593337,2.2921984828154374,0.1817914946388332,-0.7804407893836761,-0.5454256239766699,0.6996301199807459,0.5954383064766764,0.7325910426154264,0.139780294854656,-0.5816133531797613,-0.17942508891434333,-1.6187706959036452,-1.9166570049811138,-1.751563502127764,-1.4288335323854886,-1.0302635040182315,-0.3759724034796717,-1.8171459223445585,0
-0.5348014154856993,-0.6173929705677911,-1.168717627632051,-0.4281154315628296,1,0,0,1,0,0,0.551830028694157,-0.4803662530701483,0.5337963509440852,-0.4748350706557764,-0.01731168168864664,-0.002472655325348113,-1.1519239919322724,-0.5103989499547718,1.7107253123495307,-0.9580730173316405,-0.32017215197066745,0.47708287807074495,0.7998459718823199,-1.0533031515641778,-0.6769322039627945,0.257867838974137,-0.17392623425533232,0.17338407177430998,0.4292298816076853,0.22497917377587734,0.5493302533704395,0.022402755014288508,-2.0794865021295967,1.1218325600622963,0.5855152779182415,-0.22497917377587734,-0.42922988160768605,-1.0999973098719333,-0.8515311456626403,-0.9089107875591521,-0.6526713956031375,-0.6781789146968912,-0.5955751809495534,0.3235742738836193,0.13584521867561003,-0.7559355484405915,0.16779843654230542,-0.3311783002420958,-1.0531312784666302,-1.8129268340492097,-1.3792549834076382,0.7600658542737248,-0.8656330827735822,-0.8769950965056176,-0.8892713360402683,1
-0.9203053508442651,-1.1069805240255675,0.27967722576327125,0.3052077222492148,1,0,0,1,0,0,0.5139732176817596,-0.475714476443288,-0.029103631420558513,-0.3278580586715291,-0.33941267264685554,-0.11248205832062574,-0.2084549916350431,-0.021210219036420553,0.8269106505201198,-0.87140585286537,-0.7937688762403677,1.3341090244949012,1.5088557300010579,-0.4808086666683715,0.7213934919983526,0.5042598418602593,-0.7465857208793805,-1.102613984325081,-0.6392523306161405,2.4535682696765635,-0.19055661431366888,0.7517878552204379,-0.6236820504959762,0.4369114679583898,-0.044549534585954904,-2.453568269676564,0.6392523306161398,-0.5367575899491508,0.491016520610491,-0.4186507255887879,-0.10857476366129187,-0.3918111018575571,-1.1906695084040155,0.18764225758709038,0.5664865349208381,-0.6663639641110671,-0.4011994038022266,0.29480369648488275,-0.95505670205618,-1.0900572053675013,-0.8757923274111037,-0.500930531519083,-1.9563096235193826,-1.378017789531564,-0.9975233711091026,0
-1.1516077120594044,-0.7462318004251005,-0.15484123025532542,-0.8681093238500562,1,0,0,1,0,0,-0.1295925695289965,-0.2931322438390223,0.022069094248954552,-0.34000970139463615,0.12611854910548043,0.03732749453879705,0.4035104953779484,0.22972342436893745,0.5155163164435925,1.801633531561268,1.2238914955597413,0.9482133566673931,-0.9979180745056061,-0.22692432193657816,0.36031100710665526,-0.7167383877111813,0.0059676044740112014,-0.4954003959416399,0.3506288912831737,0.9455004604204603,-0.7878312750688962,0.04564904787302818,-1.4249810321403524,-2.4279732949926096,-2.074780950268386,-0.9455004604204603,-0.3506288912831744,-0.2582324537235989,0.26586877533487285,-0.17301527185930607,-0.5091102789957901,-0.47715250303484213,0.038025250046078915,0.4323198869208419,0.2896456887631914,-0.6043528672675491,-0.8406692804910928,-0.17942508891434333,-0.6547508285513128,-1.2251225321017514,-1.9264356851629745,0.30536694786625534,0.6160407084282594,1.3126596359781475,-0.8686519007890618,0
0.3904080293748593,-0.05050211919562982,-0.15484123025532542,0.5985369837740325,0,1,0,1,0,0,-0.15483044353726144,-0.279758386036799,0.2651395411791416,-0.41697010530764755,0.31017149552816947,0.10708955497482678,-0.33437605188730024,-0.6420928488952156,0.49463453057841844,0.30749289361097587,0.8972282257854939,1.0580844330713914,-0.36066494536774635,-1.09292309980633,-0.9058510165657216,0.8678291639822855,-1.1489373833018293,-0.5207401135331471,0.2430696413654208,1.2020274589021671,-0.6270778440415133,-0.02616907688909325,0.1959026430211153,-1.5546697033692314,-1.6748420031653073,-1.2020274589021678,-0.24306964136542153,-1.038102835155144,-0.8598699510432187,-0.07294156848803632,0.3824042551358344,-0.11871861809024475,-0.43454965705011084,0.4323198869208419,0.34501385799472056,-0.6043528672675491,-0.5538573609678327,0.04820472807728505,0.23324223538206504,0.30057539868834077,-0.36386811417093057,-0.5088613263982832,0.6160407084282594,1.5167799923961247,0.5334696962929761,0
0.8273124894479005,0.43908543426214564,0.5693561964423357,-1.161438585374874,1,0,0,1,0,0,0.13540510755778543,-0.38267894390608254,-0.7583149722111197,1.304512613799186,-1.5018789948464515,-1.3024618199890559,1.3974318729278496,-0.12093063146644861,-0.40770397842754624,0.16309366637081935,-0.539018208244739,0.06404083929027214,0.4242103580631999,1.6891361535948717,-0.1398335485874244,-0.6289265836233586,0.8861374850256457,0.5615047930818027,-1.321428539256431,1.3979208031972914,-0.25539809438192174,0.025898907559177668,-0.07466556641838858,0.6583497399984705,1.2489502120592741,-1.3979208031972914,1.3214285392564302,1.4964759044973779,-0.18442671521636386,-0.16391766246191838,-0.4574282770171454,-0.10165033785478751,0.3530751881102058,-1.1988643086375024,-0.8177176958673952,0.38782468222872474,-0.5261013687559044,-0.4070549059059717,-1.290334905133765,-1.1257144516253432,-0.8377153198147269,-0.2550758902638815,-1.9357308208638015,-1.7677021063295222,-0.8274130302866491,0
-0.6376024649146498,0.8513696898055362,-0.4445202009343899,-1.6014324776621007,1,0,0,1,0,0,-0.4198281206240434,-0.06984696574972914,0.2267599969270068,-0.40134656466365276,0.6115248057334923,0.25645191513914684,1.3302366381590351,-1.5686607061183833,2.0131751976728856,1.4618763099184886,2.30982919021251,0.778122870294382,-1.8855658189276365,0.9039901227350257,-0.809381095252035,0.45101193370152004,0.8192357956016704,1.2688955937598903,0.03622492998512883,1.0253393444399002,-0.9464701476641734,1.3422158350223414,-2.298854439042225,-1.1625603909818736,-1.7640614965706067,-1.0253393444399008,-0.036224929985129536,1.2736557955169365,-0.4846237089171882,1.2007237471463126,1.2868392897621204,1.6222459659263704,1.0461850518512859,-0.22015379130249568,-0.26403600355210183,1.6900577159425842,-1.0257092285706153,0.7310941790521709,-1.0440080620563552,-1.9036907336146256,-2.1069489063606115,0.15732544345452057,0.2044646553166367,0.848749735028197,-1.0748462533011267,0
1.521219573093319,-1.2100515879114147,0.27967722576327125,1.7718540298733036,1,0,0,1,0,0,0.1858808555743153,-0.3931454413165182,-0.5664172509504457,0.06909560361663487,-0.8400412548044995,-0.35575488445652426,-1.2747582500518995,-0.39001851325911163,-0.5639190203514465,-1.21075770472158,-0.7604048926653223,1.232751518618527,1.1691926029987822,-0.2339000641034548,0.005543023929320094,-1.361321830885739,-0.216959662343528,-0.15994313593682977,0.8939738323359463,0.7946936794948511,1.538872189661838,0.5408655290758909,-0.5971009624438421,1.4205220602190785,0.8324102601913365,-0.7946936794948504,-0.893973832335947,-0.45320004908148526,-0.3345252120667762,-1.028190555213798,-1.4781478160953823,-1.467112756691348,0.3215701943037938,0.02452383803125581,-0.3747723420151606,-1.3484860293897554,0.8339422496285867,-0.02767187758659086,-1.3359509871851372,-1.385039878955104,-0.8546384343020056,-0.667477223982284,-1.6064699783745033,-1.545025353873546,-1.0129879475475077,0
0.2105061928741954,0.0783367106616796,-0.8790386569529866,0.5985369837740325,1,0,0,1,0,0,-0.6469689866984278,0.44184846320490095,-0.19541498984647596,-0.25494820233288673,0.8070659184811083,0.5368417349685739,-0.9317705341415505,-0.1970046217517381,1.3403494258790662,-1.0529805480662215,0.0041110200729991084,-0.9998611529697821,-0.2334331606414706,-0.7104724345116454,-0.8202520018201384,0.7760085333293005,-1.2949381704705916,-0.526603064419085,-2.203903294263443,0.8221130942085961,0.5857539242108396,-0.5513154229657927,-1.05248882912996,0.13847026457941586,-0.5194699248714916,-0.8221130942085961,2.203903294263442,-1.0102503215325889,-1.2351161931692491,-2.1017084641056063,-1.4910683165900436,-1.808478361400488,-1.6317394216937933,-1.6882195673050053,-1.0945585420250417,-1.720552610450858,0.3898463742377325,-0.6346847228976005,-0.4509989953885172,-0.892321567028559,-0.7869459763528921,-0.0012904541294803558,-0.5363722402842841,-0.2089648391376897,-0.3944048900113141,0
-0.27779879191332196,-0.5400896726534062,-0.15484123025532542,-1.161438585374874,1,0,0,1,0,0,-0.34411449859924853,-0.15009011256306887,0.5465895323614635,-0.4754137203092577,0.6712799309204648,0.2519799881881193,1.0039714152442927,0.48128613688528193,-0.9089838250105372,0.40776655499565967,-0.5681427371024462,-0.8084713765843752,-0.43531029544185096,0.41235814307189045,0.01178304679303994,-1.0255654650602632,0.5228247336294324,-0.34690687824156413,-0.5860329100839196,-0.5214382267650228,-0.9840232943815751,-0.6487763294510983,0.21201695269864138,-0.032442252688715256,0.39992633691415874,0.5214382267650228,0.5860329100839188,0.27096530510494976,-0.10937746679115769,-0.3549674598070702,-0.806281790372998,-0.5795621844475838,-0.024984737566746233,-0.709509049969999,-0.5408768497097485,-0.4183195767369984,-1.053465220782544,-0.8623145398892288,-1.0257616292358074,-0.7756251247301669,-0.7361766328910565,-0.5405845059150832,0.03983423407198747,-0.2089648391376897,-0.8274130302866491,0
0.5189093411610479,-1.1069805240255675,-2.617112481027373,0.3052077222492148,1,0,0,1,0,0,0.29945128861150755,-0.4228005173127524,-0.029103631420558513,-0.3278580586715291,-0.2255181090975203,-0.07178752306627507,-0.841506235956519,-0.6074338284379257,0.04219495769748316,-1.472263977224928,-0.8864357594112303,1.6598177586118383,1.5776711058357147,-1.3941697672992772,-0.04350160596641936,-0.5768989503413097,-1.4736550007414977,-0.9562307878638493,0.010024599876957354,2.2538511814237285,-0.22290309885355114,0.790143038715085,-0.6374097298822484,0.5276825778216394,0.21883665215322087,-2.2538511814237285,-0.010024599876958064,-1.3444804850032512,-0.18442671521636386,-0.43684594438356456,-0.6512357844370638,-1.1428154322176651,0.29006520049738066,0.2692014673650073,0.2896456887631914,-0.9764194483286528,-0.47058938433204756,0.2421116092183019,-1.1514592775551429,-1.2539364684717247,-1.0050661186333698,-0.47008855143330586,-2.036338300513309,-1.5945090766415408,-1.1435777041384814,0
-0.35489957898503444,0.38754990231922204,-0.8790386569529866,1.7718540298733036,1,0,0,1,0,0,-0.0412600105000692,-0.31987995944346886,-0.4896581624461761,-0.031589436089109336,-0.522016999734523,-0.22159707592569788,0.32201901940433714,0.4190812364118687,-1.7074273004558282,1.2146717375235174,0.6824694851148447,0.3485507279123555,-0.42554630057240417,-0.5178812948484843,-0.4100852313800697,-0.4398869636329467,0.16204061048092583,0.1203640843578639,-0.1227108960387,0.5970847941440487,-0.965236173097252,-0.9860165314225486,1.8920663429622142,-1.480266457750331,-0.7697316538434795,-0.5970847941440487,0.1227108960386993,-0.5089050763265954,-0.40957446049198204,-0.09113678728281299,-0.3023822710812103,-0.22112829950298704,0.3215701943037938,-0.13859458152457876,-0.09793149585751397,0.07776919801113909,-0.7759052986632599,-0.7105613285614767,1.0360852794862145,1.9861906763317847,1.0915197317350172,-0.635754044465484,0.5337254978059351,0.9600881112561845,0.9664778365683122,0
-0.04649643069818187,-0.2051087150244015,0.5693561964423357,0.3052077222492148,1,0,0,0,1,0,0.2742134146032426,-0.42163757315603734,-0.7327286093763631,0.9341768355711614,-1.4428893577510453,-1.0462204056951774,-0.3174055365937961,-0.39873510911560056,-1.703997208964017,-1.1700813072394156,-2.014670064419419,-0.16985843103874818,1.5206121239525212,-0.538667924277977,0.15682935771681167,0.14851034443922767,-1.4745551312968934,-1.5581536046579803,-1.2173253467419909,0.9756618166055823,-0.09687051786687516,0.7043846585292188,2.4786598427766293,0.11856073182101996,1.097936029198179,-0.9756618166055823,1.2173253467419902,-0.5646101035717058,0.04072103005925432,-0.2912841940253525,-0.173177266134598,-0.7331767065666972,-0.7180946013078251,0.18764225758709038,0.954063719541543,0.015758101167622184,-0.44283339212011924,0.04820472807728505,-1.4545528005187045,-0.2051091846046925,-0.14386762583630988,-2.063297122721492,-1.5241547677521787,-1.378017789531564,-0.8892713360402683,0
2.6263308544545425,0.43908543426214564,-1.168717627632051,-1.161438585374874,1,0,0,1,0,0,-0.2810198135785862,-0.20067818338017435,-0.7583149722111197,1.304512613799186,-1.1334967046989404,-1.1624905064218936,-0.1652648692067999,-0.47007321210492714,-1.011385301956291,-1.0793463703546644,-1.925138436436185,0.7226468344988776,1.9277883989619715,-0.5002609676814499,-0.694223933830113,-1.1514512769877137,-0.8813556576428317,-1.2295262433747072,-0.4157307643808121,1.3979208031972914,-0.2700500408870901,-0.05026806111174382,0.2255001015476046,0.5841901295664319,1.302381184089379,-1.3979208031972914,0.41573076438081064,-0.23037994010104354,-0.3345252120667762,1.3098950599149712,0.4082452561251572,0.017827623793410803,1.4557499713346498,1.247911984700014,1.6738499195514247,1.13195784435093,-0.49834537654397587,-0.4070549059059717,-1.1078705769282764,-0.840456481562607,-0.5838686025055501,-0.2550758902638815,-1.9357308208638015,-1.7677021063295222,-0.7036964187794109,0
-1.2030082367738797,0.8513696898055362,1.7280720791585935,-1.6014324776621007,1,0,0,1,0,0,-0.5460174906653681,0.0667989726642914,0.2267599969270068,-0.40134656466365276,0.8491716446361237,0.36154219848829416,1.8257238439314152,-1.1309954533350854,1.4974306296079236,2.0527862447324163,2.185678572343166,0.2763085326092897,-2.4563416779669645,1.6398119660244845,-0.2924296807590602,-0.22964489657262996,1.2469026598702118,0.972691495875466,-0.3979084468072301,0.7714926362755244,-0.9002326528960958,1.2593771190492244,-2.2778088090831683,-1.5367744487349386,-1.8918452630786136,-0.7714926362755244,0.39790844680722937,1.07868820015905,-0.5596729573423944,-0.982702508226857,-0.9354867953196102,-0.4600842227993849,-0.49755964466293656,-1.4435419379712537,-1.482135726645747,-0.6663639641110671,-0.9701972441467586,0.7310941790521709,-0.9071598159022387,-1.7999605626827215,-2.12387202084789,0.3476645205553221,0.6160407084282594,1.1827648637121608,-1.0748462533011267,1
0.33900750466038404,0.0783367106616796,-0.8790386569529866,0.5985369837740325,1,0,0,1,0,0,-0.3062576875868511,-0.17858224440258805,-0.19541498984647596,-0.25494820233288673,0.12929097528148495,0.059687129293934785,-1.3160003357049204,-0.37740100679145483,1.588086260490839,-1.1199471646796075,-0.17026492887428762,0.9492340196636313,0.9236411961255296,-1.3064067764427691,-0.9206046973017394,1.0628459531002878,-1.2463461424209672,-0.49855193672790193,0.19997699316119485,1.0963072413460702,0.5245842436977213,-0.4042468504742502,-1.1029094369028063,0.27712086651884277,-0.2653861845282199,-1.0963072413460702,-0.19997699316119558,-1.2609229441355856,-0.9349191994684248,-0.3640650692044592,0.21443774870523882,-0.3064697006802721,-0.6865896075014126,0.5138790966987595,0.4557501964577793,-0.790386157798101,0.3620903820258042,-0.482931511569848,-0.3688900476960481,-0.8534227529290943,-0.7023304039164997,0.2524949820049213,-0.7833178721512579,-0.3759724034796717,-0.20882997275045564,0
-0.27779879191332196,0.49062096620506923,1.0038746524609323,-0.8681093238500562,1,0,0,1,0,0,0.6401625877230843,-0.5065324965962373,-0.09306953850744984,-0.3093412697601279,-0.45091679741033674,-0.1504934374043599,0.5626636507420608,0.1621064510544345,-0.3463317772073689,1.000529987339132,0.3964174798554518,1.7458531221369642,0.19153908742434006,0.19756568092479132,-1.071199987643712,0.12124537507033782,0.22775748727717687,-0.17570861197722687,-0.2859102762628674,2.664697762972419,-0.584992202574117,-1.2956008236465004,0.5952870507119832,-1.1258110384286095,-0.6869073994300732,-2.664697762972419,0.28591027626286675,0.15955525061472892,-1.009968447893631,-0.06384395909064733,0.007709740790658993,0.10316902497069583,-0.49755964466293656,-0.5463906304141645,-0.4855086804782194,-0.29429738304996345,-0.6648813298155464,-1.317574173872486,-0.6334633235940058,-0.2569742700706454,-0.6684841749419423,-0.7626467625326843,-1.6887851889968277,-0.8213259083916238,-0.5181215015185524,0
-0.09789695541265715,-0.5400896726534062,-0.15484123025532542,-1.161438585374874,1,0,0,1,0,0,-0.4576849316364408,-0.0436807222236401,0.5465895323614635,-0.4754137203092577,0.843988333151166,0.3338162513919234,1.0273956117694862,0.8813611807790432,-1.2386391922353814,0.6016243830323054,-0.18254643273753343,-0.12338813112036491,-0.18515766596713168,0.2931454113089479,0.5296052518087848,-1.2071595823932648,0.6703600255680555,-0.026558835030628346,0.416552302523086,-0.5814181964513455,-1.1357111667947843,-0.6791489652012866,0.48018230816542445,-0.1480382017099502,0.21138976979685514,0.5814181964513455,-0.4165523025230867,0.15955525061472892,0.340918023760079,-0.3731626786018469,-0.9096457943302884,-0.6307670251539549,0.3215701943037938,-0.22015379130249568,-0.4301405112466897,-0.6663639641110671,-1.1644891896302574,-0.8623145398892288,-0.9254062487227878,-0.5681647828663581,-0.5838686025055501,-0.7626467625326843,-0.04248097655033679,-0.32030321536567735,-0.8892713360402683,1
0.44180855408933456,0.38754990231922204,-0.4445202009343899,1.7718540298733036,0,1,0,1,0,0,-0.356733435603381,-0.14253097554442093,-0.4896581624461761,-0.031589436089109336,-0.18922592631614796,-0.08520330391935772,0.35104332091318124,0.5988263063190856,-1.0802000352423982,0.5932962859730939,-0.14518438146859683,-0.1714662473498129,0.4911785562072675,-0.369380503851603,-0.19657463971565226,0.4765951489739717,-0.346022816816842,-0.6535238088937124,-0.7989105922128035,0.5584902876836534,-0.8572149302425007,-1.0188320571478882,1.9556017971496416,-1.1446153080370407,-0.44929199484210247,-0.5584902876836534,0.7989105922128035,-0.45320004908148526,-0.3345252120667762,-0.4914316007678933,-0.18609776662925942,-0.3064697006802721,-1.0961545269847772,0.10608304780917345,0.5664865349208381,-0.29429738304996345,-0.6371253376036178,-0.7105613285614767,1.209426391281428,2.1936510181955944,1.446905135967865,-0.5723076854318833,0.36909507656128593,0.7374113588002092,1.275769365336409,1
0.08200488108800677,0.49062096620506923,0.5693561964423357,-0.8681093238500562,1,0,0,1,0,0,-0.1800683175455264,-0.25882539121592774,-0.09306953850744984,-0.3093412697601279,0.08290004021266031,0.04001065070941358,0.6489588350222599,0.5769684468043039,-1.2198264069237978,1.1261496192458516,0.2625996338418611,1.3259787432748706,0.393893108068947,0.4141839115230429,-0.35885889519701675,-1.2710561626247252,0.6210488161659167,-0.011628748807453187,-0.49837739391320257,2.3027614887509538,-0.4885453732944178,-1.1514042636089825,0.3902546994425398,-0.905534107426896,-0.35274559492303953,-2.3027614887509538,0.4983773939132019,0.38237535959517033,-0.3345252120667762,0.00893691608845806,-0.6512357844370638,-0.3918111018575571,0.7311351137871589,-0.30171300108041293,-0.09793149585751397,0.139780294854656,-0.5538573609678327,-1.1658209625447336,-0.47836864461934153,-0.21807545597118072,-0.5500223735309933,-0.3502454288142823,-1.5241547677521787,-0.7656567202776299,-0.20882997275045564,1
-1.100207187344929,-0.10203765113855341,0.27967722576327125,-0.13478617003801185,1,0,0,1,0,0,-0.016022136491804253,-0.33209087308897706,-0.4768649810287978,-0.040847830544809956,-0.5202732181652696,-0.22383303940121166,-0.3683451705745889,-0.07516555039493202,0.35445387809999174,-0.5585568340146242,-0.22592664979795604,-1.2717003083995453,0.08702888763890342,-0.15325218047198738,0.42027021559079125,-0.621722517260873,0.3464700877331797,0.21714249952220693,-1.295625183846869,-0.44946226314143684,0.3590651531873556,0.5241845528669532,-1.1093214967940803,1.098128055828001,0.5057130971382522,0.44946226314143684,1.295625183846869,-0.45320004908148526,-0.10937746679115769,-1.3102164465328319,-1.3747838121380926,-1.1940202729240363,-0.49755964466293656,-1.6066603575270884,-1.3713993881826885,-1.3484860293897554,0.16779843654230542,0.27583454506891375,-0.5331079430809875,-0.9830854665939747,-0.5500223735309933,0.31594134103852145,-0.9479482933959068,-1.211010225189582,-0.6418381130257917,0
0.44180855408933456,-0.2051087150244015,-0.4445202009343899,0.3052077222492148,0,1,0,0,1,0,-0.356733435603381,-0.14253097554442093,-0.7327286093763631,0.9341768355711614,-0.8901006837723789,-0.8315679120458552,-0.39428396086490886,-1.2499973322163298,-0.8044017543615591,-0.4297984620485985,-1.1438431458084453,-0.4934592140426938,0.8733454329534942,-0.2688776087307235,0.021925933764470974,0.4652360541842219,0.26439210724226964,0.03009402211799189,-0.6862106428504532,0.007555847346540335,0.27960210696294646,1.7376254862099771,1.5671615130916599,0.8427966816471594,1.5164330656447982,-0.007555847346540335,0.6862106428504524,-0.3417899945912644,-0.10937746679115769,-0.38226028799923456,-0.09565426316663046,0.017827623793410803,-0.844114576533476,-0.38327221085833024,-0.09793149585751397,-0.17027518936292965,-0.24854144663662048,0.6552175733882943,-1.7647421584680356,-0.8793552956620708,-0.5330992590437151,-1.7460653275534903,-1.4418395571298541,-1.6006945419875402,-1.2604211705619852,0
-1.2030082367738797,0.0783367106616796,1.7280720791585935,0.5985369837740325,1,0,0,1,0,0,-0.5460174906653681,0.0667989726642914,-0.19541498984647596,-0.25494820233288673,0.5256892874308655,0.24840244662729724,1.0214146055254665,-0.2509716710999377,0.9664989111864077,0.5226968388256114,0.8346402997779282,0.1593725590268372,-0.6433260170389989,1.9086731978157205,-0.6678994435936342,-0.07413407652654401,1.312305577580347,1.2124639493136256,-0.1602775458261487,0.3763264807979944,0.48682189707565776,-0.32462050576480367,-1.395733986943097,0.5951300391490458,0.09866179252021538,-0.3763264807979944,0.160277545826148,1.3015083091394917,-0.8598699510432187,-0.973604898829468,-0.8579637923516437,-0.3576745413866426,-0.4660546508565234,-1.2804235184154193,-1.3713993881826885,-0.5423417704240322,0.3343343898138759,-0.4070549059059717,-0.350643614875499,-0.9830854665939747,-0.7192535184037778,0.664896315723324,-0.5363722402842841,-0.4316415915936655,-0.20882997275045564,1
-0.2006980048416086,-0.10203765113855341,0.27967722576327125,-0.13478617003801185,0,1,0,1,0,0,-0.7100636717190902,0.9360997298088051,-0.4768649810287978,-0.040847830544809956,0.7118913981583822,0.7514942286178962,0.20226963217924998,0.5611547843255558,1.7693375474933262,0.039051390618158224,0.9095217206247442,-0.34629173082395154,-0.1416004984971887,0.4737704221916698,1.2734575067575538,1.5703544015900417,0.7974133792227261,1.775621185224582,0.2430696413654208,-0.7133741297612556,0.19212497625327832,0.5055192226108544,-0.8406889713852508,0.7379455474561061,0.5511257092345677,0.7133741297612556,-0.24306964136542153,-0.14682239923337803,0.26586877533487285,-1.8833658385682892,-0.9871687972982559,-0.6649035856248688,-1.6317394216937933,-1.5251011477491712,-1.7589765728033937,-1.4104971262332722,0.1400424443303771,0.4275877563966659,-0.10431677179808911,-0.5162996974004062,-0.21156008378542468,0.6966194952401235,-0.8656330827735822,-1.211010225189582,-0.2706882785040748,1
-1.2030082367738797,-0.2051087150244015,1.7280720791585935,0.3052077222492148,1,0,0,0,1,0,-0.5460174906653681,0.0667989726642914,-0.7327286093763631,0.9341768355711614,-0.5595850262298758,-0.6705785418088636,1.1069408615701117,-1.7067413475505264,-0.9789376850956929,0.3878206871921077,-0.2404567480366918,-1.0740581371151898,-0.36522885646895853,2.1209368878321677,-0.518882724927923,-0.06657242559971413,1.596759265744808,1.4023183219309014,-0.65872285032305,-0.8115738940849077,0.5799869341433298,1.8227507390175692,1.2713417426249294,1.0593984264565959,1.681696451299991,0.8115738940849077,0.6587228503230493,1.3850658500071569,-0.7848207026180125,-1.1464594773798444,-1.0000892977929163,-0.40887938209301433,-0.6235796198885869,-1.6066603575270884,-1.592872065108806,-0.6043528672675491,-0.026493508941193386,0.7310941790521709,-1.7373725092372125,-0.9701191952274875,-0.5500223735309933,-1.5240030709358887,-1.1125787146405561,-1.4893561657595522,-1.5078543935764617,0
-2.076817156919963,0.38754990231922204,1.0038746524609323,-0.13478617003801185,1,0,0,1,0,0,16.45169065390107,-0.8147126981257304,-0.8478672421327675,6.156489958239791,-4.765750204749373,-5.384436740887,-1.124279477612747,0.8618338537722436,-0.6124412190810654,-1.6472085144473,-2.6203473543145432,0.2072520473987293,3.5447368748613717,-1.14223061842038,0.4681977423724626,-0.3005367664001121,-1.2479982713746531,-2.0252189349017926,1.7556215933338128,-1.4585370472760366,0.42203460618470934,-0.7138637909690605,0.5352171968092551,0.9877787111997539,1.4293477815985773,1.4585370472760366,-1.7556215933338135,-1.038102835155144,0.5660657690356972,0.35464607318920965,0.13691474573727128,-0.3747428216220998,-0.5605696322757617,3.857806697593365,2.7812133041820113,-1.1004416420156866,0.1400424443303771,-0.8623145398892288,-0.8068044353892204,-0.4385020692014777,-0.0423289389126401,-0.44541496736468245,-0.4540570296619595,-1.0440026608476,-0.5799798072721716,0
0.9044132765196139,1.2378861793774645,0.5693561964423357,-0.8681093238500562,1,0,0,1,0,0,0.8925413278057338,-0.5454911258461922,0.20117363409225028,-0.393824119168396,-0.3411892004066299,-0.11516521449124227,-0.5376930516848986,0.9526097013879843,-0.5418525959346936,-0.2437577567414529,-0.4307016764653321,-1.6501846440381434,-0.3998496603388676,-1.4010863710355572,1.3711480275663872,-0.8158010644386562,-1.637160094913896,-1.902984419994099,-1.5109497358852806,-0.7521134863293011,-0.6522737161735893,0.06609928312917954,-0.07907074339397696,-1.2940789219569386,-1.297960626825709,0.7521134863293011,1.5109497358852806,-1.3444804850032512,1.0914105080121401,-0.3549674598070702,-0.7029177864157086,-1.2452251136304073,-0.2140147004052217,0.02452383803125581,0.954063719541543,-0.4803306735805153,-0.3595654154843339,0.5793409677244183,1.5469853984615822,1.2600794798084554,0.5669031826293847,0.7917890337905242,2.509290552741724,2.1848102497640536,0.5334696962929761,1
0.8016122270906633,1.3151894772918502,-0.15484123025532542,-0.4281154315628296,1,0,0,1,0,0,-0.5460174906653681,0.0667989726642914,0.6105554394483548,-0.49161591060673376,1.048156237724814,0.4313042589243239,1.0064931298506963,-1.4253076448371678,0.49963782401387347,1.6836072620538753,2.0265838799551106,1.308869803664025,-1.9475207936133674,0.4885123670433216,-0.14739767189232672,-0.6040834399963586,0.6121343758005912,0.18716297581767308,1.2234273880116,0.5717619163874261,-0.9114373966327162,1.80861972095522,-1.2900672430046252,-1.6674628251621828,-2.451930080273973,-0.5717619163874261,-1.223427388011601,0.6330479821981672,0.04072103005925432,0.5911839175213025,0.1627557467265941,0.4103980692089227,0.7311351137871589,0.6769975162545934,0.12354118106860354,0.015758101167622184,-0.8314172830871166,1.793366658346437,0.19674936974096682,-0.5162996974004062,-1.0915620371239039,-0.0012904541294803558,1.8507688677631275,2.5188253784480175,-0.20882997275045564,1
0.544609603518286,0.3617821363477598,-2.617112481027373,-0.8681093238500562,1,0,0,1,0,0,0.29945128861150755,-0.4228005173127524,-0.3233468040202586,-0.17509455015246891,-0.5129993634100525,-0.1898463945734023,-0.10195406746364635,0.3735791152916667,-0.9896610223300318,0.0830138326633698,-0.19550050076923986,-0.17047428635688405,-0.11426147051725691,-1.384693141593152,-0.0028421841926130104,-0.7974363427679387,-1.1415294705950498,-0.8790495002729203,0.13830413819877924,-0.3696749546284684,-1.2417994590928816,-0.5155962974902161,0.5515531513516022,-1.244067414778241,-0.6040605180884834,0.3696749546284684,-0.13830413819877996,-1.3444804850032512,-0.18442671521636386,-0.5460172571522233,-0.8450432918569822,-1.1940202729240363,0.2270552128845555,0.4323198869208419,0.40038202722625016,-0.9764194483286528,-1.1644891896302574,-0.482931511569848,0.0051618251252043045,0.28760912732185256,-0.24540631275998087,-0.12818317219668063,1.0276167615398821,0.9044189231421907,-0.3944048900113141,1
-1.6399126968469209,0.20717554051898904,-0.4445202009343899,-0.8681093238500562,0,1,0,1,0,0,1.4982503040040924,-0.6216639681110291,-0.6687627022894718,0.442324630112066,-1.665093381170349,-0.8199409019731836,-0.2219460634980325,1.2429252796674686,-1.1223359368739112,-0.6957208529708823,-1.4925797941695955,0.718425001196258,2.1944793400457727,-0.8924135801823901,0.7877891249502978,-0.9968982073547819,-1.6826114442540216,-2.104438246550344,-0.4215365193479638,1.3979208031972914,-0.5830677302695267,-0.9167641015266648,0.5324842662881448,-0.7285747171525546,-0.11414751913117845,-1.3979208031972914,0.42153651934796316,-1.0659553487776992,0.04072103005925432,-1.6195351660440314,-1.77531932747259,-2.1669122463450856,-1.1276595207911904,0.6769975162545934,1.009431888773073,-1.8445748041378918,-0.8036612908751883,-1.1658209625447336,-1.4363063676981567,-0.996051737960463,-1.176177609560296,-1.0481553781838862,-1.277209135885205,-0.8769950965056176,-1.0748462533011267,0
-0.38059984134227254,0.5679242641194551,1.0038746524609323,-1.6014324776621007,1,0,0,1,0,0,-0.6848257977108253,0.7325845023836681,-0.24658771551598904,-0.2370100630749668,0.9012659350619028,0.7465751089717658,1.1869302980164247,-0.4788420898319611,1.039507226793356,0.5478996499056814,0.6685996821929971,0.8839945091514292,-0.22198593861675503,0.9676799362289787,0.16197902180629017,0.36424246844669134,0.9607091507843724,0.5215751059901221,0.2181716668474233,0.9892830742375731,-0.6835610820237861,0.8194928239944244,-1.0550126493455747,0.21244566911087617,-0.35999575752321106,-0.9892830742375731,-0.21817166684742473,1.106540713781605,0.340918023760079,0.5638910893291381,0.6795757665130432,1.0760609983917457,-0.2140147004052217,0.6769975162545934,0.6218547041523672,1.069946747507413,-0.9146852597229018,0.04820472807728505,-1.6552635615447422,-1.825893105415697,-1.650024815204093,-0.826093121566285,-0.7833178721512579,-0.4316415915936655,-1.5078543935764617,1
-0.8175043014153137,-1.158516055968491,0.5693561964423357,0.5985369837740325,1,0,0,0,1,0,0.2742134146032426,-0.42163757315603734,-0.1826218084290977,-0.2723076919373254,-0.3450760524504005,-0.11382363640593401,-0.18856623869611547,-0.3594817688837134,-1.1073557617978753,0.3503113726093975,0.0827661160152693,-0.764629261518712,-0.8014687535239267,-0.3354934890468611,-0.7697488349561223,-0.4409902195097727,-0.4472943225205125,-0.5982684140769816,-0.12752713319093578,-0.9163832579303444,-0.07301519613827205,-0.27771747561440285,1.0706397813426314,-0.9167774576624522,-0.6916926672180985,0.9163832579303444,0.1275271331909351,-0.3139374809687093,-0.7097714541928067,0.03622974428062242,-0.19901826712392082,-0.3576745413866426,0.16404522527173035,0.35076067714292497,0.4557501964577793,-0.10826409251941274,0.11228645211844858,-0.02767187758659086,0.7988816528190786,1.2860120225414318,0.7699805564767266,-0.44541496736468245,2.3446601314970748,1.9064643091940836,0.47161139053935697,1
-0.5348014154856993,1.1605828814630785,-1.6032360836506476,-0.8681093238500562,1,0,0,1,0,0,-0.3945902466157784,-0.09368732096238805,0.41865771818768077,-0.4447452886747494,0.6797739475773028,0.2716564667726405,-0.8492507194692585,-0.9714811592047066,0.9191673844935967,-1.287291890580642,0.7178553733798845,0.009792797070268066,-0.7178252215422848,-1.4145333483715372,-0.5183782624960377,-0.1571048710618963,-1.6866051696535602,-0.636407554874854,-0.946287449071263,0.9518725779243598,-0.23248125627810087,0.8140884152567818,-1.4144078511736016,0.06663947993540542,-1.5545752537089579,-0.9518725779243598,0.946287449071263,-1.3723329986258064,-0.6347222057676005,-0.5733100853443877,-0.5607922809744348,-1.1428154322176651,0.29006520049738066,-0.6279498401920818,-0.26403600355210183,-0.728375060954584,-0.47058938433204756,0.27583454506891375,-1.1169937933385516,-1.5665676780859363,-1.4469474413567518,-1.0481553781838862,-0.37174181903963527,0.06938110143228039,-1.569712699330082,0
0.930113538876852,1.7532414988067013,0.5693561964423357,-0.8681093238500562,1,0,0,1,0,0,0.04707254852885811,-0.3448832588128428,0.40586453677030254,-0.44300933971430556,0.21687508534519798,0.07712764440294222,-0.3062757529854309,-0.4921263129428023,1.1676720011052197,0.3677087581651399,0.41642202656123584,0.8571524667421926,-0.2991468094355707,-1.0895815343210595,-0.9522242948962604,1.3665394805204756,-0.6497989812991429,-0.342424350343511,1.0187373090415208,0.15868247298249136,-0.6628131408412652,-0.2784585861046335,-0.22300635339644917,-1.1410803563531406,-0.8756797598187228,-0.15868247298249136,-1.0187373090415215,-1.0938078624002545,-1.009968447893631,-0.5915053041391644,0.14983524623193267,-0.11871861809024475,-1.3796994712424915,0.9216751455883455,0.4557501964577793,-0.9144083514851348,-0.6648813298155464,-0.3311783002420958,-0.23204180154193166,-0.30883935553659736,-0.7192535184037778,-0.0012904541294803558,1.0276167615398821,1.2384340518261547,-0.2706882785040748,1
0.18480593051695732,0.43908543426214564,-0.4445202009343899,-1.161438585374874,1,0,0,1,0,0,1.965150973156994,-0.6670187902229168,-0.7583149722111197,1.304512613799186,-2.1989102187933467,-1.5211390478943028,-0.39026829582399053,-0.1352380830494914,-1.215872226366864,-2.4106103629199014,-3.33035704371126,1.6013242672598904,4.094313526833297,-1.1920358833785698,0.04527105270625133,-0.173493282973221,-2.969280622694872,-3.3013087640831587,0.08301123374971872,2.1016857808501404,-0.6483906438145473,0.2309700599498333,1.4877940476445404,0.312291243074138,1.1065418037602113,-2.1016857808501395,-0.08301123374971872,-0.6203151308168162,1.6918044954137887,4.994426865857195,4.077667396608946,1.9294750101645959,2.1173548412693166,7.120175088710053,7.764348535019651,4.170501589683269,-0.8314172830871166,-0.2553016945782196,-1.308581337954314,-0.47740088330094144,-0.33002188519637315,-1.3653871733518879,-2.182676452730775,-1.8790404825575102,-0.8274130302866491,0
-0.25209852955608386,-0.17934094905293926,0.5693561964423357,-1.161438585374874,1,0,0,1,0,0,-0.21792512855792381,-0.24138122886520175,-0.5536240695330674,0.063309107081822,-0.48115613785166356,-0.23456566408367777,-0.14081205380487244,0.40874268331140323,-1.1718792618639018,-0.25121627401306573,-0.7829525756369639,-0.040836040815284844,0.7789328981323874,-0.52471208824734,-0.2060242967172353,-0.4352547033808892,-0.6510169501068778,-0.81762335730535185,-0.2682155254971324,0.21031740340811067,-0.3284835475216686,-0.767402778123149,1.1646092080613983,-0.30616028461447015,0.2196266232509496,-0.21031740340811067,0.2682155254971317,-0.6760201580619267,-0.4846237089171882,-0.9645072894320803,-1.0130097982875779,-1.176951992688579,-0.6235796198885869,-0.05703537174666111,0.06817301183707392,-1.2864749325462383,-0.44283339212011924,-0.8623145398892288,-0.615216890773458,0.028283699992091807,-0.093098282374475,-0.9847090191502859,-0.37174181903963527,-0.32030321536567735,-0.2706882785040748,0
-0.5348014154856993,-0.514321906681944,-1.168717627632051,-0.8681093238500562,1,0,0,1,0,0,0.5013542806776271,-0.47106269981642773,1.2118349660651333,-0.5870931034311464,0.2679130466293209,0.09143781064623036,-0.2673046719320577,-0.21912348795755068,0.06363777483025933,-0.12310546639235456,0.4523619039570722,1.1843899512365974,0.2711302306428905,-1.173565315247234,-0.8359929627215213,0.3455155567446821,-0.37535535192441366,-0.03550545859574489,0.6312676384277316,0.9892830742375731,-0.8009189820580064,-0.5367255340215374,0.2602148430640999,-0.2058883986796025,-0.6227567997468823,-0.9892830742375731,-0.6312676384277323,-1.17736540326792,-0.9349191994684248,-0.7006766169078218,-0.43158727602782254,-0.5454256239766699,-0.5605696322757617,0.35076067714292497,0.06817301183707392,-0.790386157798101,-0.9146852597229018,-0.7864379342253526,-1.0805009276974533,-0.8015576674631424,-0.8207922053274488,-1.3653871733518879,-0.7833178721512579,-0.4316415915936655,-1.136704559054746,0
-0.6890029896291251,1.0832795835486928,-0.4445202009343899,-0.13478617003801185,1,0,0,1,0,0,0.021834674520593164,-0.3425573704994127,-0.6559695208720935,0.34684743728765344,-0.963773691519117,-0.5315016136319068,-0.24781579890019134,-1.5624278974762251,0.06492781284463434,-0.13912530504766607,-0.4176842083568391,1.127736888462396,1.446961961158995,-0.4532390908287284,-1.5959022260762112,0.3923352461556454,-0.5256999356347639,-0.5522031945608677,0.4316262532639202,1.1100169487029459,-0.10827725832662612,0.5457415067369655,0.30550059046630434,-0.3333257457938743,0.0038909854931669773,-1.1100169487029459,-0.4316262532639209,-0.5089050763265954,-1.535313186870074,-0.4004555067940112,-0.1473362651452761,-0.34060626115118536,-0.7495995951142377,0.8401159358104279,0.6772228733838963,-0.6043528672675491,-0.47058938433204756,-0.1035484832504671,-1.5366617482111748,-1.1775795370912954,-1.2100238385348534,-1.1116017372174867,-1.6064699783745033,-1.4336869776455579,-1.5078543935764617,0
-0.2006980048416086,0.43908543426214564,0.27967722576327125,-1.161438585374874,0,1,0,1,0,0,-0.7100636717190902,1.0553015058720996,-0.2849672597681238,-0.2005551349056456,0.9787998169698778,0.9665939149623213,-0.4405973712912521,1.4431969566192513,1.1819668256908324,0.09445215815891507,0.9284007585984534,0.5329338146024546,-0.049368066636543285,0.5706195842775218,1.8893010372130188,1.2580502204106216,0.9518385781188592,1.6188950587639244,0.6006469349749696,0.13114384342216406,1.1828177353143272,-0.08817281040621788,-0.35156910123048396,0.8162280684584762,0.37356947702614457,-0.13114384342216406,-0.6006469349749702,0.02029268250195297,0.8662627627365218,-1.5740471190570904,-0.8192022908676594,-0.4430159425639276,-1.411204465048904,-0.9541866793037505,-1.2606630497196296,-1.3484860293897554,0.9727222106882286,-0.17942508891434333,-0.2959043164138529,-0.4255357978349895,-0.093098282374475,-0.12818317219668063,-0.7833178721512579,-0.8213259083916238,-0.3944048900113141,1
0.8273124894479005,0.7740663918911503,0.5693561964423357,-0.4281154315628296,1,0,0,1,0,0,0.13540510755778543,-0.38267894390608254,-0.19541498984647596,-0.24742575683763,-0.2697143785227983,-0.1030910117234679,1.9258482068589982,-0.024308701053221797,-1.2609416749282143,2.074724047984269,1.708781277989214,-0.3397866940037451,-2.0141103144074126,1.6565126417788365,-0.033455560521657705,-0.717933712590196,1.0199770472899075,0.4412362922564749,-1.321428539256431,0.8471482119907131,-1.0227708984084465,-1.505910254780044e-4,1.0022953675331818,-1.791426558564069,-1.7907179908851991,-0.8471482119907131,1.3214285392564302,1.3293608227620468,-0.18442671521636386,-0.46413877257572894,-0.7416792878996918,-0.34060626115118536,0.006520256239666901,-1.1988643086375024,-0.8177176958673952,0.015758101167622184,-0.9979532363586869,-0.1035484832504671,-0.3050275328241268,0.2357440418559006,-0.5161761445564365,-1.397110352868688,0.6160407084282594,1.2384340518261547,-0.8274130302866491,1
1.2642169495209417,-0.2051087150244015,0.27967722576327125,-0.13478617003801185,1,0,0,0,1,0,-0.571255364673633,0.20635227147009963,1.1862486032303767,-0.5870931034311464,1.3254314401958398,0.6124173004409394,1.1840960839391428,1.3001624927738784,0.36152303035567557,1.4593221742502953,1.603957350781697,0.5201775379118869,-1.9142500549065848,0.491866198682897,2.205150766348318,-0.6558106802789457,0.9143831648077827,0.5998953882461772,0.2181716668474219,0.4930801176436278,-1.1550475185706932,0.42455780505026486,-1.1532405811288566,-1.0647634158915087,-1.4995420249158293,-0.4930801176436278,-0.2181716668474226,0.27096530510494976,1.6918044954137887,-0.5824076947417753,-0.806281790372998,-0.4430159425639276,0.06953024385249205,-0.709509049969999,-0.8730858650989243,-0.5423417704240322,-1.1367331974183288,0.19995793940503753,-0.5057382938501646,-0.9830854665939747,-1.277716296483967,-0.09645999267988113,0.7806711296729086,1.1827648637121608,-0.9511296417938885,1
-0.5605016778429365,0.4133176682906843,2.8867879618748513,1.7718540298733036,1,0,0,1,0,0,-0.14221150653312897,-0.28557310682037435,-0.4896581624461761,-0.031589436089109336,-0.4326219472427061,-0.19521270691463535,1.9125035738044265,0.47052716930089866,-0.5912069051001222,1.0308440618657222,0.8563942923572296,0.958752366427518,-0.18975204131791337,1.9233330992318591,-0.43409538165628614,0.9002202486048249,0.5522923599895542,0.8995873379704532,1.078283513832815,0.23819541748766626,-0.7376110040641701,-1.0806805303046452,1.7128341777584635,-0.8449601729865928,-0.23508257774113925,-0.23819541748766626,-1.078283513832816,2.1927887450612573,-0.18442671521636386,0.8186241524560076,1.2093162867941527,1.4174266031008858,0.1325402314653172,0.2692014673650073,-0.2086678343205727,0.38782468222872474,-0.6371253376036178,-0.9381911455531051,0.37921369794645543,1.2471132084419672,0.7699805564767266,-0.857816301083085,-0.04248097655033679,0.06938110143228039,0.40975308478573785,1
0.05630461873076867,1.5213316050635446,-0.15484123025532542,0.3052077222492148,1,0,0,1,0,0,-0.38197130961164594,-0.10182793005939353,0.17558727125749374,-0.3880376226335831,0.5225168612548611,0.22157088492113197,0.06915819877328515,0.2018904380443705,0.15279036110184183,0.2168940738083772,-0.5805203376997559,-1.0708281603900005,0.5147291688251748,-0.0990051340589005,0.27059411753721735,-1.1186394992816542,0.29162817250654,-0.8196815786821162,-0.22109974072011698,-1.2411978630008902,-0.19509092230121555,-0.00602571538292188,-1.332994357729627,-0.0038363970804204074,-0.045554652955720455,1.2411978630008902,0.22109974072011698,-0.28608496734615396,-0.03432821836595151,-0.7825551014843162,-1.1809763047181743,-1.0233374705694662,-0.5290646384693491,0.5954383064766764,0.7879592118469556,-0.8523972546416179,-0.3595654154843339,-0.2553016945782196,-0.7520651369275744,-1.2553771652902237,-1.176177609560296,0.506280418139323,0.6983559190505837,0.1250502895462747,-0.9511296417938885,0
0.13340540580248203,0.8771374557769975,0.27967722576327125,-1.6014324776621007,1,0,0,1,0,0,-0.7731583567397526,2.508981701765935,0.21396681550962854,-0.3944027688218773,1.8459492970730216,2.2343852055786306,1.0345844183825315,-1.8698621173176684,3.010934638355958,1.8345848584155438,2.7407361807964032,0.6561148108865168,-2.278360103641693,0.5541677851703406,-0.9688844326718563,1.7961261005289189,1.1853185264160242,1.8493011404025363,-0.27639264516917894,1.1689852080572094,-0.8848968969556927,1.59583728254388,-2.3111150042492983,-1.3030642255426148,-1.7576086388920389,-1.1689852080572094,0.27639264516917894,0.577342954953057,-0.8598699510432187,0.20908432283099887,1.1317932838261862,1.6393142461618264,-0.7495995951142377,-1.3619827281933365,-1.4267675574142176,0.5738579727592754,-0.9701972441467586,0.9587239960437993,-0.998391980004983,-1.87775819088165,-2.12387202084789,0.28421816152172197,0.03983423407198747,0.7374113588002092,-1.0129879475475077,1
0.2876069799459088,-0.17934094905293926,-0.15484123025532542,-1.8947617391869185,1,0,0,1,0,0,-0.29363875058271866,-0.18963021389138118,0.6361418022831113,-0.49971700575547184,0.6476182239558601,0.24035297811544765,0.8561988669520958,-0.5556796007114726,-1.0257546150414527,0.49659286823187876,0.1570123610711865,0.04293167277717548,-0.3945893686817654,-0.45947833324076515,0.07811905339789674,0.4546685442523139,-1.3862176175837393,-1.4660562432458502,-0.4215365193479638,0.4766284688153808,-1.6496707033943563,0.8409456436430734,1.8591389606510076,-2.0454145879438896,-1.635442336059751,-0.47662846881538007,0.42153651934796316,-0.45320004908148526,0.04072103005925432,-0.082039177885424,0.1627557467265941,-0.40887938209301433,-0.8126095827270634,0.6769975162545934,1.009431888773073,-0.4803306735805153,-1.497561096173398,1.2622304186993043,1.1090710107684099,2.0380557617977377,0.8376730144258402,-0.9847090191502859,1.6861384465184783,2.2404794378780473,0.5334696962929761,1
0.8530127518051386,0.6452275620338409,-0.4445202009343899,-0.4281154315628296,1,0,0,1,0,0,0.2868323516073751,-0.4228005173127524,-0.7199354279589849,0.8242334014097165,-1.3875870826262289,-0.9621481790158595,-0.31423020280831,-0.2085136119757391,0.2572927652218785,-0.6242637878237101,-0.1370642115747393,-0.6629641659029061,0.5331246216526012,-0.5400839947288714,0.34340815136135155,0.48187931565551323,-0.37975774784536015,0.09527711183774501,0.6912331826893902,-1.5897607057063121,-0.10270081770127297,0.6302102236074456,0.13251441055278496,0.46677882109993385,0.27120974342362675,1.5897607057063121,-0.6912331826893908,-0.3139374809687093,0.7161642658861095,1.091552434377654,1.2093162867941527,0.9736513169790033,0.6996301199807459,1.247911984700014,0.954063719541543,0.8219023601333442,-0.4150773999081907,0.04820472807728505,-1.317704554364588,-1.060883094792903,-0.8377153198147269,-1.1116017372174867,-0.28942660841731066,-0.9326642846196119,-1.569712699330082,0
-0.7661037767008384,-1.2873548858258006,0.5693561964423357,-0.13478617003801185,0,1,0,1,0,0,-0.33149556159511606,-0.16869721907050997,0.16279408984011548,-0.38688032332662053,0.44498297934688336,0.16924933959410968,-0.19371535514569402,0.8780092445700067,-0.05597946564154676,-0.839954109383295,-0.22340556785113666,1.4136803336746937,0.8178823228837622,-0.31262597289518274,1.4635719094033746,-0.6635836690388239,-0.49344737638346525,-0.21228478019308453,0.7547787594442807,1.179510982546407,-0.04300627167270801,0.26107896719224805,-0.5903117867637437,0.6454298408169391,0.08318340973101349,-1.179510982546407,-0.7547787594442815,-0.003580900603094244,2.067050737539819,1.4073694463155577,0.7829397704703327,0.5274377051091989,1.8698156042189318,1.7605698747326368,1.436557765702013,1.2028276693149491,-0.3318094232724056,-0.17942508891434333,-1.1626098753899237,-1.2424108939237355,-0.9561771212256767,-0.6992004034990842,-1.0302635040182315,-0.6543183440496418,-0.7036964187794109,1
0.23620645523143258,1.1605828814630785,-1.6032360836506476,-1.6014324776621007,1,0,0,1,0,0,-0.596493238681898,0.2819436416565791,0.32910544826603294,-0.42622849976334815,1.0341498123569604,0.5462327815657317,0.30878920649201635,-0.6415598620565662,0.7181347638872227,1.5026497648544972,1.868143455214575,1.6014138081645113,-0.561117764417546,-0.8553604059008632,-0.024372995458732928,0.5126148042347627,0.24076993150943754,0.8959271844293585,1.1515092521572485,1.0420845785413573,-1.284044947561781,0.8561447129202268,-0.4665858380181564,-1.7912395468301072,-1.5539794683889465,-1.0420845785413573,-1.1515092521572492,-1.0102503215325889,-0.4846237089171882,-1.4193877593014905,-0.9871687972982559,-0.8526546682148961,-0.844114576533476,0.758556726032511,0.2342775195316623,-0.9764194483286528,-1.2477571662660425,0.5793409677244183,-0.49661507743988936,-0.6459624110652865,-1.2438700675094103,-0.1916295312302808,0.36909507656128593,1.0714264874841732,-0.7036964187794109,1
-0.6376024649146498,-0.2824120129387873,-0.4445202009343899,-1.161438585374874,1,0,0,1,0,0,-0.4198281206240434,-0.06984696574972914,0.38027817393554597,-0.4412733907538617,0.698456704154182,0.2873082111012369,0.9852374515152256,-0.6290858123714576,0.9809140394503524,1.5813613899524825,2.0468409389072697,-0.18164640429270992,-2.0961846353649345,0.6961573069243129,-0.8282035823569499,0.21295391332435212,0.5971638450282353,0.9094816554697465,-0.19575715951429745,-0.05359446321170947,-0.6744044811632727,0.03376385232416026,-1.1269442070496085,-1.544179770356645,-1.7730616462639166,0.05359446321170947,0.19575715951429676,1.07868820015905,-0.4846237089171882,1.2916998411201945,1.2222367872888142,1.4515631635718003,1.1722050270769362,0.02452383803125581,0.12354118106860354,1.6900577159425842,-0.6648813298155464,-0.02767187758659086,-0.1681792866700104,-0.7107937678977266,-1.2100238385348534,0.1890486229713212,1.3568776040291806,1.461110804282131,-0.9511296417938885,1
0.08200488108800677,2.3201323501788633,-0.4445202009343899,-0.4281154315628296,1,0,0,1,0,0,0.11016723354952047,-0.37221244649564694,8.452775648301232,-0.7930923800704851,1.4848408616807311,0.3266611682702793,0.028750915569148938,-0.02967277289696713,-0.9382656698852676,0.6524830424829617,1.00770223498769,1.1737798788359088,-0.30573145596455276,-0.1840172878127426,-0.7992441223772043,0.21032523620157934,0.7038762141092394,1.0578557006031646,0.8432886699243073,0.7645323233097284,-0.22384675374671487,-0.7599384044366546,1.493997181513299,-0.18351089066997794,-0.27727206193962445,-0.7645323233097284,-0.843288669924308,-0.3696425082138195,-0.9349191994684248,-0.8371407578686448,-0.6124742829530796,-0.32353798091572933,-0.34003467563087314,-0.38327221085833024,-0.762349526635866,-0.4183195767369984,-0.3595654154843339,-0.8623145398892288,-0.642586540004281,0.15794641365697218,0.0761328624983096,-1.8095116865870906,-0.7833178721512579,-0.5429799678216537,-0.76555472453303,1
-1.4343105979890196,-0.2824120129387873,1.7280720791585935,-0.13478617003801185,1,0,0,1,0,0,-0.7605394197356201,2.2793002308147092,-0.3361399854376369,-0.16815075431069346,1.2537853574543922,1.8828917472278655,1.9665877629236823,0.7983737841469253,-0.9891359369933755,1.8039013936570425,1.9059879158065614,1.1854190182666875,-1.3101025464018565,1.4238647056937994,0.5008788929158827,-0.343122499524425,0.6435486312746859,0.6764594330010963,0.05260013630273529,1.5646019821150705,-1.3118793193562974,-0.5940235946588786,1.0073769407056452,-1.7988225982457835,-1.8174466639654494,-1.5646019821150712,-0.052600136302735995,1.4407708772522676,0.5660657690356972,0.2727675886127153,0.046471242274642305,0.3079883877961804,0.6996301199807459,-0.46483142063624716,-0.5408768497097485,0.3258135853852078,-1.3310251429018278,-0.8623145398892288,-1.1991027410310207,-0.5811310542328463,-1.1931007240475748,-1.9046812251374914,-0.4540570296619595,0.3477270420022505,-1.136704559054746,1
-0.6376024649146498,-0.7462318004251005,2.1625905351771904,-0.8681093238500562,0,1,0,1,0,0,0.45087853266109723,-0.45361853746570174,-0.0035172685858019803,-0.33653780347374845,-0.2879608277376877,-0.08878084548017975,2.3853578953548142,-0.0060102574157285095,0.9841468740868257,2.364914076726099,2.052044197313042,0.7737983220494536,-1.704432114659592,2.6083273276673915,0.6088358079868191,0.050261742990645786,1.7214625874058676,1.5613469273246248,0.5061221547512287,0.5534028300138731,-0.7106882867184486,0.6181676139465825,-1.2948535415105498,-1.4878735122743925,-1.1434065743399573,-0.5534028300138731,-0.5061221547512293,2.3320513131740337,0.491016520610491,-0.17301527185930607,-0.12149526415595328,0.5640125913280355,0.038025250046078915,-1.0357458890816678,-1.3160312189511594,-0.046252995675895824,-0.8175392869811524,0.19995793940503753,-0.9208446405176508,-1.3655904719053722,-1.7431019448841247,0.2524949820049213,-0.001323371239174659,0.29205785388825667,-1.0748462533011267,0
0.7759119647334253,2.6293455418364067,-0.4445202009343899,-1.161438585374874,1,0,0,1,0,0,-0.5207796166571032,0.049354810313565374,-0.2977604411855021,-0.19013944114298242,0.36083319092182303,0.18490108392270607,-0.0949446789050606,0.06138661858124296,1.518248157961808,0.4065833083826008,1.0870408307615955,0.176176305846614,-0.7697522983497308,-0.6502104471576448,-0.7478268450548317,0.8213006143901032,-0.2127581506629333,0.42637660160443175,-0.2548898489945435,0.4930801176436278,-0.5176597303766799,-0.8334115772663266,-1.2501681820154098,-0.7602351592820003,-0.9969325548686059,-0.4930801176436278,0.25488984899454276,-0.7874302125521474,-0.9349191994684248,-1.019092945816409,-0.4961897785011287,-0.5454256239766699,-0.8756195703398886,-0.8726274695258333,-0.8730858650989243,-0.9144083514851348,-0.24854144663662048,-0.482931511569848,1.3280282046149967,0.36540675552078095,0.025363519036474696,1.7117612397777302,0.7806711296729086,1.1827648637121608,1.1520527538291696,1
-1.2544087614883548,-0.12780541711001567,0.27967722576327125,-0.8681093238500562,0,1,0,1,0,0,0.03445361152472564,-0.3443017867344853,0.047655457083711085,-0.34579619792944905,0.007509222023160459,0.002446464320782188,0.7618006846432517,-1.4738873329532254,-0.6098444281230724,-0.3116531563906911,-0.22712425486622798,-0.5131730505679615,0.10494546138212707,-0.1268554250763371,-0.9297427950258201,-0.8909201818816367,-0.8015294591987425,-1.06694935437231,-0.7133205963053126,0.007555847346540335,-1.1860548423256467,1.0915606974803387,-0.06161109962272813,-0.37375958314238356,-0.7463957247474949,-0.007555847346540335,0.713320596305312,0.04814519612450831,-0.7097714541928067,0.74584327727690225,0.12399424524260985,-0.20406001926752979,0.8886600828192224,0.9216751455883455,1.5077454118568363,1.0079356506638961,-1.1089772052064004,1.0346006017076752,0.041654690766301246,0.002351157259115363,-0.14386762583630988,-0.3819686083310823,0.6160407084282594,0.6817421706862145,-0.1469716669968365,1
-0.48340089077122306,-0.6431607365392533,-0.4445202009343899,-0.13478617003801185,1,0,0,1,0,0,-0.7226826087232228,1.165781200760031,0.43145089960505906,-0.44763853694215583,1.5803456897045005,1.242511807840721,1.0416309284980214,1.0053614323434983,-4.226521300574863,1.302724317108254,0.7621320868858541,1.420440102926666,0.24373558849086877,-0.3584497451319673,-0.26213271094475915,-1.7174011265366536,0.6190175882222498,0.9464231441658738,1.6082447364753534,0.3422733367180179,-1.8065719240360683,-1.6424889124940634,4.0519737005514624,-1.146089263448012,-0.0668110451460544,-0.3422733367180179,-1.608244736475354,-0.5089050763265954,-0.4846237089171882,-0.8098479296764806,-1.4781478160953823,-1.2110885531594928,1.2667200084961745,0.4323198869208419,-0.26403600355210183,-0.790386157798101,-1.7196090338688252,-1.6969572021918669,-1.308581337954314,0.6117659114840535,0.0761328624983096,-3.0784388672590977,-0.6186874509066087,-0.5429799678216537,-0.76555472453303,1
-1.1259074497021662,-1.4419614816545723,1.4383931084795292,1.7718540298733036,1,0,0,1,0,0,0.9430170758222637,-0.55072437455141,-0.6431763394547153,0.3381676924854341,-1.403915943338805,-0.6848887080521517,-0.20196226862955857,1.668194424843834,1.4843871023175563,-0.44601376224054123,-0.9005240320105268,0.023119165112880497,1.5497196336161316,-0.25810004640761036,2.312661918649649,0.844617386068418,-0.7791731916654698,-1.6034939307956577,-0.25070346389859605,0.28017642692511974,0.0229429255657266,0.027124740596113778,-1.1804478777218215,-0.17007898066903193,-0.39477438300534956,-0.28017642692511974,0.2507034638985953,-0.03541234474315745,2.7424939733666744,0.9823811216089964,1.3256007912461045,0.8883099158017184,-1.222174502210428,1.9819448727012692,2.393636119561306,0.5118468759157585,-0.026493508941193386,-0.02767187758659086,-0.14993285384946126,-0.723760039264214,-0.7361766328910565,0.664896315723324,-0.20711139779498602,-0.09762646290970158,-0.1469716669968365,0
-0.8175043014153137,-0.9266061622253344,0.27967722576327125,0.3052077222492148,1,0,0,1,0,0,0.6906383357396142,-0.5181619381633881,0.5210031695267069,-0.4707845230814074,-0.08611930945018353,-0.03467052937274644,0.18594163209179568,-0.9548386724352967,0.23584438224558868,-0.33187909443650954,-0.4458337231474483,0.1321274701097983,0.6157047409752788,-0.16224275854733725,-0.3666328234735158,0.7421891593437211,-0.9216492104714569,-1.5128767829355338,-0.7099870034754222,0.8843625762614299,-0.4206674184372217,0.9432613295087933,0.4234213573274814,-0.46554433487545305,-0.8974240457352454,-0.8843625762614299,0.7099870034754215,-0.233474663836883,-0.43459087663371765,-0.32262040417191223,0.09384641075506688,-0.2799190425362273,-1.5757305438157252,0.504816962278991,0.9971278511660666,-0.6181331110105518,-0.49834537654397587,0.6552175733882943,-0.49661507743988936,-0.21807545597118072,-0.38079122865820925,-1.206771275767887,-0.20711139779498602,0.23638866577426285,-0.6418381130257917,0
1.6754211472367457,-0.5400896726534062,0.27967722576327125,-0.4281154315628296,1,0,0,1,0,0,1.220633689913178,-0.594334780428225,-0.6047967952025805,0.2571567409980537,-1.3923772538038826,-0.6558211828704726,-0.1244111590174426,0.20317310159211333,1.1651609400307812,-1.0859629784935487,-0.29459052846799993,-2.0767826662031195,-1.008472686945866,-0.2648214821165613,-0.5777108054461713,0.18609287724826712,-0.8725169639171444,-0.3385723318640846,-0.46081074412575107,-2.37545737485628,-0.0916097595173663,-0.8575994608575143,-1.405808643238783,0.6018930376926286,0.05243213055580167,2.37545737485628,0.46081074412575035,0.04814519612450831,-0.18442671521636386,1.4008711538888534,1.2997597902567817,0.8200367948598906,1.1722050270769362,0.5138790966987595,0.8433273810784847,1.2559800380379649,0.08453045990652028,-0.6346847228976005,0.7623887871779818,-0.1532440991387405,0.09305597698558829,1.5531453421937294,2.673920973986373,1.3497724280541432,-0.2706882785040748,1
0.46750881644657266,0.3617821363477598,0.27967722576327125,0.3052077222492148,1,0,0,0,1,0,1.6244396740454172,-0.6315489934431072,-0.38731271110714993,-0.11317903722997104,-1.1054103576975407,-0.39823819049128595,-0.17896371676791636,2.13324670388036,-1.199912861223266,-0.09814012005579689,-0.5811627889065608,-0.7391126866127735,0.732731597217087,0.34739167121609027,2.5499087537833955,-0.1891770203661711,0.6862654180721819,0.28877616276712526,-0.2971274843375756,-0.7133741297612556,0.5959630693135992,-0.3735054358062732,1.4502164173052978,0.813070011861098,1.0374738058095356,0.7133741297612556,0.29712748433757485,-0.09111737198826762,1.4666567501381707,-1.3920949311093263,-1.258499307686141,-0.972132629863095,-1.033144539371952,-0.7910682597479163,-0.762349526635866,-1.4725082230767892,1.0004782029001573,0.04820472807728505,1.419260368717741,2.0899208472636905,2.394599547255459,-0.15990635171348128,-0.04248097655033679,-0.3759724034796717,1.770635811365363,1
-1.100207187344929,-1.41619371568311,0.5693561964423357,0.5985369837740325,1,0,0,1,0,0,-0.81101516775215,4.770908086576743,0.35469181110078946,-0.4401160914468991,2.5301302035069906,4.009293012441463,0.7699413483832673,-1.253225947586899,-0.21926247685676925,1.6719690823910165,2.0599677110986567,1.7508713622297554,-1.1564078331658874,0.8287848299926117,-0.48506087892821304,-0.7704134455907053,0.9338585841595846,1.4629558896187622,1.627894984056482,0.7734532878151856,-0.24251015052263022,1.234168602759899,-0.4744520632295447,-1.3327241775041143,-1.24976722838117,-0.7734532878151856,-1.6278949840564827,0.32667033235006016,-0.7848207026180125,-1.2465331807511142,-1.3877043126327533,-1.0233374705694662,0.3215701943037938,-0.46483142063624716,-1.0945585420250417,-1.1624527388592034,-0.5261013687559044,0.5034643620605421,-1.3359509871851372,-1.333174793489152,-1.6669479296913718,-0.826093121566285,-0.28942660841731066,0.06938110143228039,-1.3841377820692236,1
0.46750881644657266,0.38754990231922204,-0.15484123025532542,-0.13478617003801185,1,0,0,1,0,0,-0.016022136491804253,-0.33092792893226203,-0.8478672421327675,6.156489958239791,-2.7592037624997605,-5.012372418561508,-0.4574330897404526,0.8053601380364664,-1.1658626610028444,-0.7965982014563803,-1.4774937585002301,-1.0510831917127836,0.7109275647293027,-0.1840172878127426,0.5417735601302678,-0.9659796118413607,0.016039619541067675,-0.41396183638998046,-0.6392523306161405,-0.799549433147316,0.4522039406672149,-0.5626452047461958,0.6230569630392905,1.0920573901094626,1.5166610856316323,0.799549433147316,0.6392523306161398,-0.3139374809687093,0.26586877533487285,-0.5915053041391644,-0.9613277963089331,-0.9038595089212672,0.006520256239666901,-0.5463906304141645,-0.319404172783631,-0.4183195767369984,0.19555442875423396,-0.7105613285614767,-0.7064490548762022,-0.30883935553659736,0.12690220596014448,-0.44541496736468245,-0.7833178721512579,-1.1553410370755877,-0.2706882785040748,0
0.5189093411610479,0.9029052217484598,-0.8790386569529866,0.5985369837740325,1,0,0,1,0,0,-0.43244705762817587,-0.06984696574972914,0.8920054306306766,-0.5402224814991621,0.9459963036300335,0.3637781619638079,0.6925623136442648,-0.01727877511664406,-1.12528741745089,0.6737642740458987,0.1641037373507242,0.5349796563312194,0.27234046641504656,-0.33533872848253943,1.0208808433886596,-2.0765782190886326,-0.09770239757504051,-0.9497458539469121,-0.4372750117287954,1.1633324773130074,-1.2980912622823715,1.04641167921182,-0.548455248737068,-1.007092091565384,-1.1405848690428932,-1.1633324773130074,0.4372750117287947,-0.4253475354589299,0.7161642658861095,-0.5005292101652823,-1.4264658141167375,-1.381771355514063,0.6051151385615076,0.4323198869208419,0.7325910426154264,-0.4803306735805153,-1.2200011740541141,0.9587239960437993,-0.031331040515893936,-0.30883935553659736,-0.6684841749419423,0.062155904904119784,-0.04248097655033679,0.6260729825722207,-0.08511336124321738,1
0.544609603518286,0.7998341578626126,-2.617112481027373,-0.13478617003801185,1,0,0,1,0,0,0.29945128861150755,-0.4228005173127524,-0.5664172509504457,0.06909560361663487,-0.9093976755594357,-0.37856171190676474,-1.5228346010067093,0.13171771325495693,-0.24128527563557908,-1.0587206461233452,-0.5441181095370966,-0.3065588235065515,0.7111873525064766,-1.4041095741388336,-0.17067624770007467,-0.7173238839941581,-0.7295407248219565,-0.3978522498375346,0.9573302853504951,-1.3675781934948876,0.7145688402431761,-0.3517664133248898,-0.3909962700640576,0.706863195423185,0.31895490479842176,1.3675781934948876,-0.9573302853504958,-1.3444804850032512,-0.25947596364157,-0.31857702221751816,-0.625394783447741,-0.8526546682148961,0.5106001571422693,1.0032343553662626,0.5664865349208381,-0.728375060954584,0.8339422496285867,-0.17942508891434333,0.534308376921121,0.2357440418559006,0.5161338391675497,0.5380035976561225,0.6983559190505837,0.06938110143228039,-0.023255055489598248,0
0.2105061928741954,-0.07626988516709207,-0.8790386569529866,0.3052077222492148,1,0,0,1,0,0,-0.6469689866984278,0.44184846320490095,-0.2210013526812325,-0.24106061064933582,0.7812478189133183,0.5261091102861079,0.32009378830918017,-2.1786245667352557,0.38362006246671254,-0.08123596860063173,0.5473894465213667,-0.6324534035059414,-0.7780724043145082,-0.6427310546029817,-0.8812277361549538,0.1048188604874354,-0.417081415788089,0.16161815505379057,-1.6831717333635567,0.8067582219688989,-1.0873075012809623,2.107435988545583,-0.4190886306426585,-0.303826239666146,-0.5538444174154938,-0.8067582219688989,1.683171733363556,-0.8152827261747027,-1.0850176963188372,-1.21924035255895,-0.9871687972982559,-1.0745423112758372,-0.5605696322757617,-1.4435419379712537,-0.983822203561983,-0.728375060954584,-1.053465220782544,1.793366658346437,-0.2867811000035777,-0.4514683405679659,-0.5330992590437151,-0.15990635171348128,-0.12479618717266176,0.29205785388825667,-0.08511336124321738,1
0.3647077670176212,0.15564000857606544,-0.15484123025532542,-0.4281154315628296,1,0,0,1,0,0,1.1953958159049132,-0.5925903641931524,-0.09306953850744984,-0.3070266711462027,-0.6610588975658908,-0.2184667270599786,-0.2849538649382498,-1.734212379124041,0.08422894596375695,-0.4509072431217291,-0.2637267420016222,-0.5344614577939892,-0.09490577089336186,-0.9134995974999979,-1.3916354287275925,-0.21860915330682018,-0.5699604837892301,-0.620625684968679,0.03622492998512883,-0.7648691281260978,-0.5165227486417456,0.9861510923392911,-0.33482490730582765,0.04398353614847751,-0.26306250551014904,0.7648691281260978,-0.036224929985129536,-0.6760201580619267,-1.0850176963188372,1.373578325696689,1.0284292798688959,0.7176271134471482,0.9831750642384596,1.0847935651441794,1.1755363964676604,0.9459245538203791,-0.44283339212011924,1.0346006017076752,0.2606118846128881,0.04124997135858002,0.05920974801103089,0.1890486229713212,1.0276167615398821,0.6817421706862145,-0.1469716669968365,1
0.930113538876852,0.43908543426214564,0.5693561964423357,-1.161438585374874,1,0,0,1,0,0,0.04707254852885811,-0.3448832588128428,-0.7583149722111197,1.304512613799186,-1.4391384806085974,-1.2733942948073766,-0.32452860500322106,-0.5033731961009055,-0.2558571980456581,-0.7603599865236874,-1.2970818698428557,1.272443968472212,1.606799449648704,-1.080548474505515,-0.6337881964140037,1.1496285969965965,-0.8955451475701535,-0.7314205805787541,0.03622492998512883,1.6995343650485126,-0.6284063788524495,0.05598040700799803,1.5050312312176284,0.13919004897851625,0.9721801191613001,-1.6995343650485126,-0.036224929985129536,-1.038102835155144,-0.6347222057676005,-0.17301527185930607,0.4340862571144791,0.03489590402886805,-1.1276595207911904,0.4323198869208419,0.4557501964577793,-0.4183195767369984,-0.7481493064513315,-0.2553016945782196,-0.9071598159022387,-0.08841274230630035,-0.025405824425361403,-1.1116017372174867,-1.853415610241477,-1.545025353873546,-0.3944048900113141,0
-1.100207187344929,-1.132748289997029,0.27967722576327125,1.7718540298733036,1,0,0,0,1,0,-0.785777293743885,3.6370375337795515,1.1222826961434853,-0.5778347089754458,2.3961056619905463,3.243699118425548,-1.005337578138275,0.07403515987778467,0.8662192283367226,-0.0035395560398936744,0.26868878449139155,-0.08070773108524545,-0.47151735832175806,0.10465603094318376,0.8595311311454137,0.6420538865336072,0.32988454378836124,0.3584243393737777,0.3041828515459622,-0.41176056791003435,1.5025174480254204,0.7594438380206034,-0.5389484671267184,0.33188957854703366,6.230266301674304e-4,0.41176056791003435,-0.3041828515459622,-0.23037994010104354,0.26586877533487285,-1.21924035255895,-0.7545997883943533,-0.596630464683041,-1.2851844898232538,-0.6279498401920818,-0.8177176958673952,-1.3484860293897554,1.1600751581187454,0.4844952106445732,-0.5217039225681446,-0.7010690643728603,-0.5373300376655346,-0.14404476195508095,0.2044646553166367,0.013711913318286572,-0.76555472453303,1
0.08200488108800677,-0.10203765113855341,-1.168717627632051,-1.6014324776621007,1,0,0,1,0,0,2.6465735713801473,-0.7024885870027264,0.15000090842273722,-0.3828297757522515,-0.8347737700367178,-0.24440390337593837,1.2113151580625303,0.07934642641196143,-1.1382014973287227,0.7263854031848458,1.0277052376547429,-1.3368735853006068,-2.697395671983907,0.013087045102825353,0.9250627791272891,-1.3590025628656075,-0.6226354444010298,-0.8488421802104744,-1.7152101805067,-0.12221154853286169,-1.671286792699513,0.8178021243893369,0.19029306285183342,-1.598694465681735,-2.1647963170577453,0.12221154853286169,1.7152101805067,-0.016844002328120476,0.8162299304530506,-0.08507171435121991,-0.7675202888890147,-0.9436854961373332,0.752138442991434,-0.49201782389555315,0.3819259708157405,0.2431321229271842,-1.488309098769422,1.5910290432427672,1.9301604876931084,1.757119882190497,0.8376730144258402,-0.011864847301746482,5.0061852749522355,5.3950667643377095,1.605680329355712,1
-0.1749977424843705,-0.514321906681944,-1.168717627632051,-0.8681093238500562,1,0,0,1,0,0,-0.5333985536612357,0.06098425188071606,1.2118349660651333,-0.5870931034311464,1.24570823578138,0.5006191266652508,0.34838294870565456,0.10891733442445281,0.15732794184274274,-0.309145403833757,0.1773383328514548,0.838241819573412,0.37493914853381244,-0.40389146030662665,-0.7926284112443798,0.9432073269441354,-0.45683461611211124,0.14235627318417338,0.0915777400728132,1.0524361778040754,-0.8879985589869581,-0.9435302019220564,0.732759833994732,-0.03535388910688919,-0.09156532465884291,-1.0524361778040754,-0.09157774007281391,-0.4253475354589299,-0.7848207026180125,-0.20030810005147043,0.3048812521678669,0.10316902497069583,-0.49755964466293656,0.10608304780917345,0.06817301183707392,0.07776919801113909,-0.9701972441467586,-1.0899443568808573,-0.9801455471844351,-0.5033334260339178,-0.48232991558187904,-1.3336639938350878,-1.1125787146405561,-0.8213259083916238,-0.8274130302866491,1
1.0843151130202777,-1.1069805240255675,-0.15484123025532542,0.3052077222492148,1,0,0,1,0,0,-0.6343500496942954,0.34590557027590785,-0.10586271992482811,-0.3018188242648711,0.8477179587510236,0.49927754857994255,0.1704731587810211,-0.09124854586799816,0.11549577085448326,-0.3685668553294379,-0.09412383568353883,-1.0999195407249684,-0.5793652731578409,-0.10563769306086347,0.15058219523560457,-0.020471396316737514,-0.43916313933373946,-0.02393327065748213,-1.3016642670278302,-0.20918429502488586,-0.34259901527725656,0.27609143039785194,-0.17845836693369146,0.06244339218627841,0.09899941563039251,0.20918429502488586,1.3016642670278296,-0.48105256270404034,-0.40957446049198204,-1.583144728454478,-1.3489428111487698,-1.4159079159849774,-0.8756195703398886,-1.5251011477491712,-1.2606630497196296,-1.2864749325462383,-0.3595654154843339,0.19995793940503753,-0.14993285384946126,-0.21807545597118072,-0.1777138548108673,0.09387908442092041,-0.04248097655033679,-0.15329565102369538,-0.332546584257695,1
0.5189093411610479,-0.2051087150244015,-0.8790386569529866,0.3052077222492148,1,0,0,0,1,0,-0.06649788450833415,-0.313483766581536,-0.7327286093763631,1.0528000145348255,-1.2016551685127892,-1.0547170669021297,-0.9745556619664486,-2.233201058570147,-0.7382512548375395,-1.5653283093378147,-1.70268660451512,-1.7016018481229775,0.5563993784803056,-0.5693876805575969,-1.1382380403841643,-0.06152107175679958,-0.569422595183185,-0.07464693669313013,-1.2246659564705729,-1.106173187055868,0.7862179097567881,1.9248766555817085,0.9473914528803125,1.5500278612887763,2.1406977717554714,1.106173187055868,1.2246659564705722,-0.5646101035717058,-1.0850176963188372,-0.13662483426975403,-0.1473362651452761,-0.3576745413866426,0.29006520049738066,-0.9541866793037505,-0.5408768497097485,-0.046252995675895824,0.3065783976019474,1.1104772073715516,-1.1991027410310207,-0.6070635969658218,-0.008482709938082702,-0.857816301083085,-1.0302635040182315,-1.4893561657595522,-0.7036964187794109,0
1.2642169495209417,0.8256019238340739,0.27967722576327125,0.5985369837740325,1,0,0,1,0,0,-0.571255364673633,0.20635227147009963,0.12441454558798068,-0.3782005785244012,0.843988333151166,0.4509807375088451,-0.8878939226595638,1.8004545393953126,-0.03324271847272106,-0.04713644299327458,0.17346561542179276,0.4243930965983026,-0.14284683937761686,0.5498600569412095,2.1530566174210684,-0.6863878662236835,1.0242394537314445,0.7754485961112969,-0.70065935430716475,1.2737269836114935,1.7840518032849109,-0.3142955043893023,-0.6443097007714587,1.0792966029868187,0.5315608295859285,-1.2737269836114935,0.7006593543071641,0.4659329004628361,1.9169522406894068,-0.12752722487236504,-0.4574282770171454,-0.05044549714841698,0.5421051509486824,-1.1173050988595852,-0.983822203561983,0.139780294854656,1.2225261405955843,-0.5588081172337243,-0.9071598159022387,-1.060883094792903,-0.6346379459673855,-0.3502454288142823,-1.3595243465075295,-1.0440026608476,-0.5181215015185524,1
-1.100207187344929,-0.5658574386248675,0.5693561964423357,2.9451710759725747,1,0,0,1,0,0,2.078721406194186,-0.6757408713982798,-0.15703544559434116,-0.281566086393026,-0.9559833383792545,-0.3020917610441937,-0.975575231034076,-0.17868068623739894,0.505209920362629,-0.7599029293691518,-1.259711103999564,-0.9583499250287573,0.8080476094505676,0.4662872382032973,-0.8383902696218353,1.5396490214004575,-0.20302670816743323,-0.4214036554082394,-0.5252107151899527,-0.7861774033115495,1.822469821204937,-0.5946361180236127,0.8565598975536493,0.8252620243006729,1.2262674808263425,0.7861774033115495,0.525210715189952,2.304198799551478,0.5660657690356972,6.08613999354378,6.597164993067885,6.111203667851562,1.3297299961089997,3.042214599814193,3.8885766888125977,7.581111916076711,2.2494978524369347,-0.2553016945782196,1.1911799584608802,1.519404907138216,1.836136769175269,0.5697267771729232,-0.28942660841731066,-0.6543183440496418,0.8427612250610729,0
1.521219573093319,0.1298722426046032,0.27967722576327125,0.3052077222492148,1,0,0,1,0,0,0.1858808555743153,-0.3925639692381606,-0.7966945164632545,2.499424148238047,-1.8446092603812594,-2.233517011192991,-0.7413296119059283,0.8807104356752135,-2.2349979363299495,-0.7988358009520744,-1.8277956575895051,0.8281405456655606,1.8951323332398484,-0.2593886082075598,0.22423582033342696,-1.0032603459611176,0.013448385239700966,-0.5358032217433073,1.0066075265840329,0.13114384342216265,0.77165883028059,-0.9841681899789481,2.047137158205119,1.092510819093515,1.853116312525083,-0.13114384342216265,-1.0066075265840335,-0.2582324537235989,0.19081952690966666,-0.03655113089848297,-0.5478717804797735,-0.5112890635057554,0.3530751881102058,1.0847935651441794,0.6218547041523672,-0.4803306735805153,0.8061862574166584,-0.8623145398892288,0.2879815338437111,1.3378771080073837,1.7853674257134342,-0.826093121566285,-1.277209135885205,-1.378017789531564,0.7190446135538346,0
0.4161082917320974,-0.5658574386248675,-0.15484123025532542,0.3052077222492148,0,1,0,1,0,0,-0.15483044353726144,-0.279758386036799,-0.7711081536284979,1.4578547719717274,-1.3562088540851573,-1.3418147771580982,-0.9084930771853104,-0.33089867856400795,0.29139553954127595,-2.568303944181339,-2.150990875940069,-1.1813999849824102,1.6849487188551393,-0.9871855771187058,-0.8221089132175841,0.6509128857852504,-1.435426566764166,-1.0015550742522554,0.1590389773671773,-1.7690215962405276,0.27689754199558875,-0.36940184107245155,0.255757212053493,2.046268523318976,1.8185698924459373,1.7690215962405276,-0.15903897736717798,-0.8988402670423681,-0.7097714541928067,0.2545723698179399,0.5632912620610914,-0.08458205761933026,-0.2770246880180474,1.0032343553662626,1.009431888773073,-0.29429738304996345,0.11228645211844858,-0.482931511569848,-0.47836864461934153,-0.2829068128036209,0.5161338391675497,-0.3502454288142823,-0.5363722402842841,-1.211010225189582,-0.5181215015185524,0
-0.8175043014153137,0.6452275620338409,1.0038746524609323,-0.4281154315628296,1,0,0,1,0,0,0.4634974696652297,-0.45478148162241677,-0.7199354279589849,0.8242334014097165,-1.4837565162555146,-0.986743777246511,0.25249344557028086,-0.06576229170793244,-0.49111964153589827,-0.3655776785072738,-0.05772454933132601,-1.5333786211849436,-0.1564491787569776,0.44987768474307943,0.26666398068804187,-0.7214070841589324,0.025408935882517122,0.1648697354903817,-1.0618771407249559,-1.0381887348318,0.09841419941078082,0.3573989311194042,-0.053567544760795546,0.5190669244317403,0.23600794866236402,1.0381887348318,1.0618771407249543,0.26168113389743136,0.06573744620098994,-0.4944641372336892,-0.7675202888890147,-0.71610842633123994,0.3845801819166189,-1.0357458890816678,-0.725437413814846,-0.2736270174354578,-0.22078545442469194,-0.1035484832504671,-1.1626098753899237,-1.0090180093269512,-0.7700228618656133,-0.9212626601166852,-0.5363722402842841,-0.9883334727336057,-1.3222794763156045,0
0.08200488108800677,0.23294330649045036,0.5693561964423357,-1.6014324776621007,1,0,0,1,0,0,-0.24316300256618875,-0.21812234573090036,-0.6175899766199587,0.28319597540471164,-0.6075072738961123,-0.38661118041861436,1.1276537444014605,-0.34170258037770446,-1.247283832416398,0.5517373498247258,-0.11125814721073875,-0.5129430454010263,-0.8080126299356665,0.5666162056457429,-0.5072185365493052,-1.5072028902275847,0.606428421504762,0.09657292808755595,-0.37315522795503414,-0.3295023237687909,-1.0018737452798512,-0.03912288003316702,0.19048523258284122,-0.14403752250393526,0.23892570823129647,0.32950232376879157,0.3731552279550334,0.32667033235006016,-0.6347222057676005,-0.6097005229339397,-1.232658306696819,-0.972132629863095,0.5421051509486824,-0.6279498401920818,-0.5408768497097485,-0.4803306735805153,-1.0812212129944723,-0.4070549059059717,-1.1352402261590995,-0.8793552956620708,-0.8715615487892844,-0.667477223982284,0.5337254978059351,0.4033962301162448,-0.5799798072721716,1
-0.8432045637725518,1.4440283071491598,-0.15484123025532542,-0.4281154315628296,0,1,0,1,0,0,-0.7983962307480176,4.430746920737586,0.7896599792916505,-0.5211270429342795,2.464612144399572,3.810292263120738,-0.5259486545510073,-1.2139730511161801,2.071273858998459,-0.4776460506176694,0.22217272408313263,1.9453254993251639,1.1961322218037203,-0.7403125869897023,-1.1754150823135432,0.9802046697327041,0.05241078506099912,0.41884353188507906,1.5021957812756164,1.163332477313009,-0.008367206919980249,0.488711084473261,-1.8464895908325278,0.6972386365348751,0.12008376517551161,-1.163332477313009,-1.502195781275617,-0.9545452942874786,-1.3852146900196616,-1.6195351660440314,-0.9742482968035945,-0.9038595089212672,-1.5687294340809674,0.2692014673650073,-0.3747723420151606,-1.8445748041378918,-0.08200549336504998,0.35171115073279,-0.2594114507727547,-1.1386807229918314,-0.8377153198147269,1.109020828958526,-1.1948939252628807,-0.8769950965056176,0.038603250264021984,1
-1.4343105979890196,0.43908543426214564,1.7280720791585935,-0.4281154315628296,1,0,0,0,1,0,-0.7605394197356201,2.2793002308147092,-0.3745195296897717,-0.1247520302995968,1.2037655706025385,1.8493522950951589,1.3901190171372309,0.3881494099258285,-0.5544598279934541,0.3659659471502857,0.5590949694486841,0.41506370885396177,-0.6397851067233724,1.5987441324217027,0.49984420856467493,-0.3884376891963207,0.8838309803290973,1.1266798058758982,0.12891477706591967,0.43824128821613356,-0.33554803288995133,-0.03201429105163353,0.36762274252687943,0.3819952863189784,0.37313269750843786,-0.43824128821613356,-0.12891477706592036,1.5243284181199328,0.491016520610491,0.08171779126756346,-0.1344157646506147,0.22264698661889537,0.8571550890128092,-0.7910682597479163,-0.9284540343304539,0.3258135853852078,-0.4150773999081907,-0.17942508891434333,-0.4509989953885172,-0.2051091846046925,-0.0423289389126401,-0.5723076854318833,-0.37174181903963527,-0.2089648391376897,-0.023255055489598248,1
-0.7404035143436003,-0.12780541711001567,-0.8790386569529866,-0.8681093238500562,1,0,0,1,0,0,0.009215737516460692,-0.3408129542643401,-0.06748317567269331,-0.311655868374053,-0.06235479041035105,-0.02125474851966381,0.9820067372100058,0.9849650437681648,-2.152771080333354,0.87622662262523765,0.8099877790970278,-0.6520144795340966,-1.2576853265232737,-0.26297656816224174,0.09350236528980266,-0.43306676807286876,-0.38230618962762825,0.049862272731485996,-0.40749033797582196,-0.48512602890087175,-1.6282673611343177,-1.2582268167528619,2.5077198479604585,-1.562813911094932,-1.0043429783407682,0.48512602890087175,0.40749033797582124,-0.4253475354589299,-0.18442671521636386,-0.7916527108817039,-0.8708842928463041,-0.9550643496276378,0.06953024385249205,-0.5463906304141645,-0.4301405112466897,-0.728375060954584,-1.5114390922793621,-1.1278826597127956,0.2879815338437111,1.5842362639706562,0.7107496557712518,-1.73020373779509,1.439192814651505,1.266268645883152,-0.45626319576493324,0
-0.27779879191332196,0.7740663918911503,-0.15484123025532542,-0.4281154315628296,1,0,0,1,0,0,-0.34411449859924853,-0.15009011256306887,-0.5408308881156891,0.05173611401219622,-0.3040264947474256,-0.1554125570504902,0.725982634577614,0.6784593441875746,-1.5959097571836205,0.5331718182502161,-0.5649982984641728,-0.27478834627891474,0.19189503302957728,0.26725051395896066,0.044460089600091485,-1.4551790932564417,0.5331124949581654,-0.2662213760766169,-1.0504933074560319,0.6670879417885637,-0.7424629611259282,-0.8866676002097164,0.7193474495773939,-0.1916555048439744,0.474612101387832,-0.6670879417885637,1.0504933074560312,0.438080386840281,0.26586877533487285,0.6912576208925736,-0.23777976860790415,-0.01630893667750248,1.2667200084961745,-0.6279498401920818,-0.2086678343205727,0.6358690696027934,-0.8314172830871166,-1.0140677512169813,-0.8432973010303187,-0.38663698373552574,-0.4315605721200442,-0.635754044465484,-1.1125787146405561,-0.9883334727336057,-0.6418381130257917,0
-1.2544087614883548,-0.4885541407104817,0.27967722576327125,-0.4281154315628296,0,1,0,1,0,0,0.03445361152472564,-0.3443017867344853,-0.7455217907937414,1.1627434486962704,-1.3521328215113277,-1.163384891812099,0.36660130086801723,-0.42004865180151607,0.8920948703464648,-0.9937785516743465,-1.2127723283358511,-1.4916797847965264,0.48820286544360203,-0.036951236655663196,-0.8483101602438233,-0.49838366010537466,-0.769832295370104,-0.6345821701651139,-0.8434663861467556,-1.1979336225714128,-0.5466892732053177,-0.27328853910349327,-1.7203510875876298,0.5791781838886385,0.9571174457627578,1.1979336225714128,0.843466386146755,0.1317027369921738,-0.6347222057676005,0.7094528396873502,0.31780175266252825,-0.01630893667750248,0.9201650766256344,0.35076067714292497,0.8986955503100138,1.13195784435093,-0.6093693453916895,-0.4070549059059717,-0.5057382938501646,-1.2553771652902237,-0.9900233502002335,1.6165917012273294,0.03983423407198747,-0.48731077970765985,-0.332546584257695,0
-1.4343105979890196,-1.2100515879114147,1.7280720791585935,-1.6014324776621007,1,0,0,0,1,0,-0.6217311126901629,0.3371834891005448,0.86641906779592,-0.5384865325387181,1.3526907347233494,0.6754714704504279,0.025565832659972882,-0.9581553860505682,-1.8451405509678218,0.40335090814408736,-0.33589739101495486,-0.46509560130467476,0.12627091418640518,0.005056565853829178,0.05504122727094594,-1.2059077832381513,-0.1745274837163253,-0.6093142021322718,-0.5008818372323651,-0.13756642077256032,-0.030497451633614888,1.3702374303053588,1.3105479208962993,-0.7179595201812796,-0.15819366577738525,0.13756642077256032,0.5008818372323643,-0.007559831120602114,0.04072103005925432,-0.018355912103706302,-0.6383152839424023,-0.6649035856248688,0.6051151385615076,0.02452383803125581,0.2896456887631914,-0.046252995675895824,-0.19302946221276363,0.9587239960437993,-0.6334633235940058,0.08014878545804377,-0.21156008378542468,-1.1433249167342867,-0.12479618717266176,-0.2089648391376897,-0.7036964187794109,1
-0.9203053508442651,1.6759382008923163,0.27967722576327125,0.3052077222492148,1,0,0,1,0,0,0.526592154685892,-0.475714476443288,1.2246281474825116,-0.5888290523915902,0.2596593915810067,0.0892018471707166,0.2508436070294795,0.8888873547458926,0.06945681325708675,0.144282290004534,-0.3690927307348274,-0.1832158761619229,0.25407279612234546,-0.04156897937323162,0.6128692941434268,0.44956143650208463,-0.5175737039611229,-0.7784814984357669,-0.6187833227191311,0.3638171625645344,-0.3903393761823177,-0.6060667854005728,0.3568160976054833,-0.7081332905524617,-0.28019703746556424,-0.3638171625645344,0.6187833227191303,-0.09111737198826762,0.491016520610491,-0.18211288125669506,0.07231224326396513,-0.135786898325702,-0.8756195703398886,0.10608304780917345,0.4557501964577793,-0.35630847989348147,0.11228645211844858,0.04820472807728505,2.441060606668476,2.3103474604939858,1.7853674257134342,1.648314880744129,1.1922471827845313,1.5724491805101195,2.3273605631479377,1
-0.020796168340944693,-1.1069805240255675,0.5693561964423357,0.5985369837740325,1,0,0,1,0,0,0.26159447759911014,-0.415822852372462,-0.8350740607153893,4.7503713002802606,-2.494822322443837,-3.9909843029468166,-0.983480884036681,0.6647928589252423,0.4782436631247043,-1.74604241108001,-2.1780737157767684,-1.5729543285390604,1.4474594788901856,-0.4156732578497539,0.12484392616937613,-0.16807894882412963,-1.0780468523035902,-1.2566068755187718,-0.9116105415751553,-1.2411978630008915,0.9522182883173217,-0.7873831574366832,-0.8226782428452419,1.2898178472588844,1.6047704685101756,1.2411978630008915,0.9116105415751545,-0.48105256270404034,-0.03432821836595151,-0.4277483349861756,-0.44450777652248397,-0.8185181077439823,-0.5605696322757617,0.2692014673650073,0.8433273810784847,-0.10826409251941274,0.5563823275093027,-0.9381911455531051,-0.8706669502611417,-1.112748180258855,-0.6177148314801074,0.6331731362065233,-0.7010026615289333,-1.211010225189582,-0.5799798072721716,0
-1.1773079744166424,-0.3854830768246345,1.7280720791585935,1.0385308760612593,1,0,0,1,0,0,-0.5586364276695006,0.11331673893289414,-0.7071422465416066,0.7316494568527103,-0.4103053301724193,-0.4782856829146791,0.30358828618185485,-0.46398943722493063,-0.5656546317386968,0.15635101517552044,0.34372516828356364,0.46612020144448973,-0.5738302831365026,1.5952406188583312,-0.44498173360941284,-0.3022728640091203,1.4946703074648424,1.3907969742095956,0.6912331826893902,-0.04982429368856782,1.171798728122222,0.19106713165099293,0.4695137538838449,1.2708693566910787,0.9109829956091665,0.04982429368856782,-0.6912331826893908,1.4964759044973779,-0.40957446049198204,0.02713213488323473,-0.1344157646506147,0.4616029099152932,0.5421051509486824,-0.8726274695258333,-1.2052948804881005,0.3258135853852078,1.3613061016552261,0.4275877563966659,0.7167727051266096,0.8710913388138142,1.396135792506029,-0.0647368131630805,0.03983423407198747,0.013711913318286572,1.3376276710900281,0
0.3647077670176212,0.43908543426214564,-0.15484123025532542,-1.161438585374874,1,0,0,1,0,0,1.1953958159049132,-0.5925903641931524,-0.7583149722111197,1.304512613799186,-1.9874235304703411,-1.4638983829211503,-0.14834196630661317,-0.9754511070854888,-1.6529166887711897,-0.9645455275472574,-1.7588282389826806,1.058517128351699,2.1595513744364907,-0.8721704939276219,-1.4430070852924244,-0.4284594937709878,-0.9316620522404152,-0.7747108918080442,0.04614929745034409,1.3979208031972914,-0.6651893658678281,-0.10673556352823126,1.8290320158232891,0.3792186375232168,1.530208450377021,-1.3979208031972914,-0.0461492974503448,-0.6481676444393714,-1.1600669447440433,1.2462117941332536,0.795860270964994,0.3421249482670949,1.2352150146897614,1.4925896140337656,1.6184817503198954,0.8219023601333442,-0.7481493064513315,-0.3311783002420958,-0.7246954876967501,0.2357440418559006,0.38074892326932136,-0.9529858396334858,-1.9357308208638015,-1.7677021063295222,-0.08511336124321738,0
-1.100207187344929,0.0783367106616796,0.27967722576327125,-1.161438585374874,1,0,0,1,0,0,-0.785777293743885,3.6370375337795515,2.6702576476462556,-0.6964578879391099,2.7759156178280917,3.3353736209216125,0.050908002969886325,-0.2614515940545952,1.4759021972869097,0.6494642717131801,1.2478635062110415,1.45147829732045,-0.7287932319629544,0.06307426275846695,0.4637127142943386,0.4559146423052247,0.5103012978904541,0.7394114056234146,0.6912331826893902,1.2940866261665418,-0.007765757200931205,0.8233877355319816,-1.5594574994312318,-0.3713782994415436,-0.9003923505548802,-1.2940866261665418,-0.6912331826893908,-0.2582324537235989,-0.03432821836595151,-1.2010451337641732,-0.8192022908676594,-0.596630464683041,-0.9386295579527137,-0.709509049969999,-1.0391903727935126,-1.2244638357027204,0.12418187735213237,1.0129215715179964,0.5747111924523357,-0.3792276858118183,-0.4920002667174667,1.2268497814494987,0.1456680763006908,0.9680408524153266,0.9576409357463667,1
0.13340540580248203,-0.5658574386248675,0.27967722576327125,2.9451710759725747,1,0,0,1,0,0,-0.7731583567397526,2.508981701765935,-0.15703544559434116,-0.281566086393026,1.5671797076776843,2.1471826300335937,-0.5709478873464686,-0.4301676321880148,0.7608555968211611,0.4619747069191031,0.686023465508435,-0.6016547534330302,-0.656413090906828,1.039039965603912,-1.2611885571901944,1.9831636787954492,1.314453735794359,2.2343903729472903,0.03622492998512883,-0.8565127692838675,1.8321134267648218,-0.6730124353416187,0.952773151945442,0.679291798802518,1.2895832065626616,0.8565127692838675,-0.036224929985129536,0.9951306592913848,-1.1600669447440433,0.08171779126756346,1.1059522828368633,1.673450806632741,-0.7495995951142377,-1.5251011477491712,-1.7036084035718644,0.6358690696027934,2.2772538446488637,-0.3311783002420958,1.2276728241019772,1.6101688067036326,1.8530598836625478,0.6966194952401235,-0.20711139779498602,-0.5986491559356475,1.0901944480755505,0
-0.5605016778429365,0.28447883843337485,0.27967722576327125,-0.13478617003801185,1,0,0,1,0,0,-0.7479204827314877,1.4623319607223735,-0.31055362260288033,-0.1860888935686134,1.1836639428220217,1.2684489841566806,0.5353378420990228,0.0956696432910436,-0.41466199744914567,2.3752306954816524,2.0874787069305696,1.7352689978637033,-1.310597429516142,0.3177142541715954,-0.254996505637602,0.1716249086348656,2.1196987014330073,2.0168186630686886,1.7556215933338128,0.625495827724652,-0.42694396175128585,-0.38675948937239746,0.7393233235070756,-1.1069264849366534,-0.7447936727080375,-0.625495827724652,-1.7556215933338135,0.27096530510494976,-0.25947596364157,-0.06384395909064733,0.03355074177998182,0.8883099158017184,0.1325402314653172,-0.5463906304141645,-1.2052948804881005,0.015758101167622184,-0.3318094232724056,-0.2553016945782196,0.38833691435672935,0.7284623537824456,0.19459466390925928,-0.28679906978068154,0.28677986593896093,0.6817421706862145,0.2860364732784985,1
0.6474106529472365,-0.6689285025107157,-0.4445202009343899,1.478524768348486,1,0,0,1,0,0,-0.6974447347149578,0.8256200349208735,-0.630383158037337,0.31502170634618254,0.31288604435409906,0.39150410906017874,0.3111960254255234,0.3033091622911281,0.9208940057659122,0.12874488076130838,0.08457774157952379,0.25693699751135474,-0.5628197620540244,0.6339117090334789,0.5035022678288289,-0.04032124735568107,0.8930113386716363,0.8004446807698794,1.37244176550182,-1.0107396132765438,0.2006714618070337,0.08809617483327406,-1.2994119210400008,0.7115687289674929,0.6715232305262566,1.0107396132765438,-1.3724417655018208,0.35452284597261524,0.19081952690966666,-0.7006766169078218,-0.6124742829530796,-0.2552648599739003,-0.37153966943728567,-0.5463906304141645,-1.0945585420250417,-0.728375060954584,0.3343343898138759,0.27583454506891375,0.5799244589724931,-0.23104172733766892,0.05920974801103089,1.870377137361731,0.5337254978059351,0.06938110143228039,0.2860364732784985,1
0.08200488108800677,-0.9266061622253344,0.5693561964423357,1.0385308760612593,1,0,0,1,0,0,-0.24316300256618875,-0.21812234573090036,-0.6943490651242283,0.6217060226912655,-0.8573166233546324,-0.6482189070537259,-0.7581978953881673,0.2974140784403441,-1.2684407897903527,-0.47569573083109284,-0.778140184342896,0.027316672890775977,1.0755430632420024,0.5800860349806654,-0.10595485205944462,-1.714715993670515,0.693283773530402,0.03477715152637611,0.2246519615849838,-0.18555039652161812,1.6339077613278619,-0.5143534012236674,0.010876845602564798,1.3300825652945492,1.045573469454298,0.18555039652161812,-0.2246519615849845,0.605195468575612,-0.03432821836595151,0.21818193222838655,-0.7287587874050313,-0.4430159425639276,1.3297299961089997,0.2692014673650073,0.17890935030013266,0.3258135853852078,1.63886602377451,-0.4070549059059717,0.2879815338437111,0.2487103132223888,0.7869036709640054,0.2207718024881207,-1.0302635040182315,-1.211010225189582,0.5953280020465953,0
-1.4343105979890196,-0.12780541711001567,1.7280720791585935,-0.8681093238500562,1,0,0,1,0,0,-0.7605394197356201,2.2793002308147092,-0.06748317567269331,-0.311655868374053,1.5260239848011166,1.9937955356133485,2.3150638368809995,1.2219043903425109,-1.7328522348067505,1.6008269870596123,1.4546462166118808,-0.6285408620203636,-1.709462983732502,1.6532646852474528,0.3361862570813849,-0.3780030712640453,1.111895842201655,1.2999678608930862,0.3871222082195544,-1.2411978630008915,-1.567230026409645,-1.3403181104869828,1.9890104237311854,-1.0600770989659272,-0.621945726349019,1.2411978630008915,-0.3871222082195551,1.5800334453650435,0.340918023760079,0.09081540066495114,-0.12149526415595328,0.32505666803163763,0.8571550890128092,-0.5463906304141645,-0.762349526635866,0.38782468222872474,-1.4142931195376127,-1.0899443568808573,1.0178388466656656,2.02508949043125,1.345366449044194,-0.9847090191502859,2.097714499630101,1.461110804282131,0.16231986177126023,1
0.7759119647334253,-0.4885541407104817,-0.4445202009343899,-0.4281154315628296,1,0,0,1,0,0,-0.5207796166571032,0.049354810313565374,-0.7455217907937414,1.1627434486962704,-0.6838296555009996,-0.8606354372275343,-0.3703903650750424,-0.30298994345951163,1.8694454288838684,-0.838720004808083,-0.623275541544902,-1.0980273968815446,0.39835868524674695,-0.9824141678703708,-0.9708407666017771,0.8817080385206739,-0.3733183703197207,0.4187937630137078,-0.38904162214375715,-1.1117316642817359,-0.4665798421649868,-0.5567037615589355,-1.6695629809626382,0.762880511210237,1.2191593275203474,1.1117316642817359,0.3890416221437564,-0.8988402670423681,-0.8598699510432187,0.21818193222838655,0.6537347655237203,0.4616029099152932,0.038025250046078915,-0.30171300108041293,-0.1532996650890431,0.44983577907224165,-0.5261013687559044,-0.6346847228976005,-0.43275256256796935,-1.1775795370912954,-0.8546384343020056,1.7752075988113303,-0.4540570296619595,-0.9326642846196119,-0.1469716669968365,1
-1.4343105979890196,-0.9266061622253344,1.7280720791585935,0.3052077222492148,1,0,0,1,0,0,-0.6217311126901629,0.3371834891005448,0.5210031695267069,-0.4707845230814074,1.205800432060438,0.6231499251234056,0.10277776185730624,-0.03307378093038165,-1.2109117497365247,0.4364426435698592,0.3146013648832772,-0.0456350475929892,-0.48222138707473094,0.12610745414216043,0.4875995847264045,-1.3375181738614044,-0.02998840630301125,-0.5104884442746036,-0.6392523306161405,0.5717619163874247,-0.016909897450672205,0.5338613622699285,0.3112801527038205,-0.619341844883034,-0.9073897895743002,-0.5717619163874247,0.6392523306161398,0.24311279148239442,0.641115017460903,0.5002078235474204,-0.3153027715758717,-0.3064697006802721,1.140700033270523,0.18764225758709038,0.5664865349208381,0.6358690696027934,0.16779843654230542,0.8069707847160468,0.7897584364088047,0.8451587960808378,0.5161338391675497,-0.2233527107470814,0.7806711296729086,1.2384340518261547,0.5953280020465953,1
0.46750881644657266,-1.1069805240255675,0.27967722576327125,0.5985369837740325,1,0,0,1,0,0,1.6244396740454172,-0.6315489934431072,-0.8350740607153893,4.7503713002802606,-3.0261121813112557,-4.156892792829939,-0.5303997541173391,1.9321452884092065,0.9228842410791989,-0.14556674605326045,-0.47273660082617425,-1.141078680525779,0.06656286659080865,0.4107125491389439,1.710989272759724,0.16539952004794348,1.1475198727655376,0.8579157330334982,0.01898787070343759,-1.5751271636218847,1.1479129092830362,-0.9378985516924427,-1.095403107781075,1.3345123454396886,1.4521684673640656,1.5751271636218847,-0.0189878707034383,0.5216379277079463,1.841902992264201,0.48201260475264507,0.49868875958778525,0.9736513169790033,0.1325402314653172,-0.6279498401920818,-0.7069813574043363,0.44983577907224165,0.8061862574166584,-1.0140677512169813,-0.642586540004281,-1.060883094792903,-0.5500223735309933,0.9186817518577256,-0.5363722402842841,-1.1553410370755877,-0.5181215015185524,0
0.44180855408933456,-0.3854830768246345,-1.168717627632051,1.0385308760612593,1,0,0,1,0,0,-0.7353015457273552,1.3082418599576269,-0.7071422465416066,0.7316494568527103,0.2556084424433628,0.44069530552148173,-1.4366349436801593,-0.031047560089627255,1.3085889087540232,-1.0429036336251658,0.037578410970116174,-0.7556500245837274,-0.4184167671137734,-0.5550141584372232,0.16079720535294506,1.8415349976244735,0.07456879106624179,1.2516256005139925,-0.7581467807413153,-0.2786957612109654,1.443112253181231,0.20369686102287862,0.06168019939976365,1.4828366632559926,1.1731150150456733,0.2786957612109654,0.7581467807413146,-0.6203151308168162,-0.03432821836595151,-0.5187244289600577,0.44700675760914055,0.4616029099152932,-0.8756195703398886,-1.3619827281933365,-1.2606630497196296,0.20179139169817292,1.8054019770460803,0.5793409677244183,1.1090710107684099,0.9748215097457181,1.5992131663533709,0.7600658542737248,0.03983423407198747,-0.09762646290970158,1.708777505611744,0
-1.100207187344929,1.0832795835486928,0.27967722576327125,-0.13478617003801185,1,0,0,1,0,0,-0.785777293743885,3.6370375337795515,-0.6559695208720935,0.34684743728765344,0.9012659350619028,2.5290851916513457,0.10641507103830612,0.01818541604319164,0.4515053577828546,0.33456749189333945,0.40553269968971845,0.5568848201665153,-0.05980937821908462,0.08572525370037312,0.47025238621942295,0.42995400627424474,0.7680761755716927,0.8974953213715317,0.4407888507730546,0.3223554599919946,-0.06231708328125525,0.44612846310664855,-0.1851606379088619,0.30963209079330506,0.3490171270772954,-0.3223554599919946,-0.4407888507730553,-0.09111737198826762,0.19081952690966666,-0.6278957417287164,-0.3282232720705331,-0.01630893667750248,-0.5605696322757617,-0.7910682597479163,-1.0391903727935126,-0.5423417704240322,-0.24854144663662048,0.12408133374116129,-0.7520651369275744,-0.723760039264214,-0.5669454880182719,-0.28679906978068154,-0.9479482933959068,-0.9326642846196119,-0.45626319576493324,1
-0.2006980048416086,-0.5658574386248675,0.27967722576327125,2.9451710759725747,0,1,0,1,0,0,-0.7100636717190902,1.0553015058720996,-0.15703544559434116,-0.281566086393026,1.110896751962668,1.0292008922767069,-1.075126179495916,1.9807194304228029,-0.36306045823413435,0.2392830157608634,-0.012893707144031574,-0.5616565065850954,-0.045674535382089904,0.765859387320197,2.212969330355527,0.4102481698721137,1.2607847809851669,1.5428172910329871,0.5274811195133241,-1.2891818387499494,2.260226800026548,-0.5016954839827669,0.9085756555422079,0.9269166897983667,1.5230232504427936,1.2891818387499494,-0.5274811195133248,0.6330479821981672,1.9169522406894068,-0.2185033188462471,0.020630241285320403,0.529876030857121,-0.024984737566746233,-0.709509049969999,-0.983822203561983,0.20179139169817292,3.276469564278285,0.12408133374116129,2.2403498456424398,2.504841530991306,2.8684467528992554,1.489698983160128,0.36909507656128593,-0.2089648391376897,2.141785645887079,1
-0.9203053508442651,-0.8493028643109486,1.0038746524609323,-0.13478617003801185,1,0,0,0,1,0,-0.6722068607066928,0.6221048074957366,-0.822280879298011,4.411861252993706,-0.9765561738802919,-2.931137615553288,1.890476999803917,0.35950086333344705,-0.4444791174227388,1.3667534274490978,0.6885597812243958,-0.4739974513691138,-1.6292451622536435,1.6506880258230425,-0.5777108054461713,0.17800432886138046,1.4816065086038168,1.378835291732037,0.49320743187182114,-1.1356331163529647,-0.9794062616013806,-1.0721642198764867,0.7864950274891156,-0.3772600529643734,0.45100285539144136,1.1356331163529647,-0.4932074318718218,1.6357384726101538,-0.4846237089171882,0.21818193222838655,0.279040251178545,0.8883099158017184,0.19555021907814235,-1.1988643086375024,-1.482135726645747,0.5738579727592754,-1.0257092285706153,-1.1658209625447336,-0.8341740846200435,-0.3477381696360611,-0.4654068010946016,-0.5723076854318833,0.5337254978059351,0.013711913318286572,-0.8892713360402683,0
-1.4343105979890196,-1.1069805240255675,1.7280720791585935,0.5985369837740325,1,0,0,1,0,0,-0.6217311126901629,0.3371834891005448,-0.8350740607153893,4.7503713002802606,-1.420056647234133,-3.4118697627887493,-0.8604127927563608,0.8372896437148266,-0.1698894112671104,-1.1508906359367481,-1.543031488358133,-1.684165263933461,0.9247128024614205,-0.11002987526718372,0.28328452490060446,-1.5329889295673977,0.04472151675189826,-0.34559373263670923,-0.6711839829354725,-1.6313284484388841,1.0864843781729052,-0.8654180943664102,-1.3082615167953546,1.599124090351019,1.6686114907638763,1.6313284484388841,0.6711839829354719,-0.007559831120602114,0.41596727218528484,0.43652455776570404,-0.4703487775118068,-0.42594766232847037,1.3927399837218248,-0.05703537174666111,0.2896456887631914,0.5738579727592754,0.77843026520473,-0.9381911455531051,-0.5787240251323598,-1.112748180258855,-0.5161761445564365,1.2041903675089267,-0.7010026615289333,-1.32234860141757,-0.332546584257695,1
0.3904080293748593,-0.3854830768246345,-0.15484123025532542,1.0385308760612593,1,0,0,1,0,0,-0.8236341047562825,6.183885236985551,-0.7071422465416066,0.7316494568527103,1.6244573095884214,4.190406053958079,-0.5525932599421902,-1.3299809430011722,0.5947546290113541,-0.007636957115664176,1.08391238839968,1.4005346355373567,-0.41128565509252324,0.6851479085923167,-1.3271955986261397,0.5654566338688858,1.4901537778417684,2.150103733825001,1.7556215933338128,0.16895808102739213,1.4529860969749306,0.49588516746445244,-0.24482011764818803,1.4879280141739717,0.6900186217703784,-0.16895808102739213,-1.7556215933338135,0.6330479821981672,-1.2351161931692491,-1.6069330893092284e-4,0.29196075167320634,0.9053781960371756,0.3845801819166189,-0.30171300108041293,-0.983822203561983,0.6978801664463103,1.7221340004102954,0.8069707847160468,0.890113816921823,0.6117659114840535,1.2269046476332444,0.41111087958892223,-0.20711139779498602,-0.15329565102369538,1.275769365336409,1
0.6474106529472365,-0.8493028643109486,-0.4445202009343899,-0.13478617003801185,1,0,0,0,1,0,-0.6974447347149578,0.8256200349208735,-0.822280879298011,4.411861252993706,-0.8665882858874382,-2.774620172267324,1.1692982318651686,0.8244965101486086,-0.6050068041453314,1.066510213955498,0.696324543744653,0.8598960584612589,-1.1981491129267188,0.6109271345712054,0.003744885604334889,0.2282792583559327,1.0760844400108731,1.4060460496318403,2.0217186959949194,-0.8323203231673697,-1.0155064607547906,-1.12789579113662,1.0564632085945462,-0.37375958314238356,0.46747429277324415,0.8323203231673697,-2.02171869599492,0.605195468575612,0.04072103005925432,0.1272058382545045,0.22735824919990022,0.6664222727407777,0.41608517572303205,-0.46483142063624716,-1.2052948804881005,0.20179139169817292,-1.0257092285706153,-1.1658209625447336,-0.5878472415426337,0.002351157259115363,-0.14386762583630988,-0.6040308649486834,0.4514102871836102,0.06938110143228039,-0.45626319576493324,0
-1.4343105979890196,-1.4419614816545723,1.7280720791585935,1.7718540298733036,1,0,0,1,0,0,-0.7605394197356201,2.2793002308147092,-0.6431763394547153,0.3381676924854341,0.6742653199713425,1.4915981390129551,1.5092594442918033,-0.37951473994937085,1.3891785117740125,0.7015721874044473,1.0562178226892487,0.07017004473502934,-0.7084150452693935,2.07497772036482,-0.13753803108593865,0.2936539839033431,1.3557569596365415,1.4422590244093318,0.03622492998512883,0.05977612737849499,-0.025368707264388713,0.38311331062936876,-1.6039596294100875,0.3965666299447758,0.034950325611275104,-0.05977612737849499,-0.036224929985129536,1.9699686360808162,-0.10937746679115769,0.07262018187017576,0.21443774870523882,0.76883195415352,0.1325402314653172,-0.8726274695258333,-0.983822203561983,0.6358690696027934,0.11228645211844858,0.5793409677244183,0.5981708917930423,-0.38663698373552574,-0.21156008378542468,1.7434844192945298,0.03983423407198747,0.06938110143228039,0.7190446135538346,1
-1.100207187344929,0.38754990231922204,0.27967722576327125,-0.13478617003801185,1,0,0,1,0,0,-0.785777293743885,3.6370375337795515,-0.8478672421327675,6.156489958239791,-0.923865887798175,-1.9607294671803106,-0.6859156207558331,0.8338912188456469,-0.017136360385499795,-0.8066900458993503,-1.0650437186867303,-1.2271538434344416,0.3558286236697557,-0.01189430149094343,-0.12851461012091625,0.5376999212913878,0.49063924001603865,0.7894441788832927,0.3242026962602782,-1.995231767628944,0.9418977217950515,-1.2732849830591206,0.5637625440335685,1.5762956803950359,2.155347583674352,1.995231767628944,-0.3242026962602789,-0.007559831120602114,-0.10937746679115769,0.04532735367801011,0.31780175266252825,0.512807750621665,-0.08799472517957138,-0.46483142063624716,-0.6516131881728072,0.20179139169817292,1.0837461795359422,-1.0899443568808573,0.5981708917930423,0.8192262533478623,1.480751364942421,0.8235122133073248,0.03983423407198747,-0.7656567202776299,1.275769365336409,0
-1.4343105979890196,-0.8493028643109486,1.7280720791585935,-0.13478617003801185,1,0,0,0,1,0,-0.7605394197356201,2.2793002308147092,-0.822280879298011,4.411861252993706,-0.46758293208315554,-1.6566384345104375,2.1004976992726387,0.7141482111302956,-0.575298044261836,1.0214828199170838,0.23410587980387668,-0.39634003037630283,-0.5332004866637066,1.696012832655611,-0.29501807733983404,0.5564077229610295,1.443006017752781,1.464674753699972,0.3871222082195544,-0.924503623057108,-1.2261571437421275,-1.2757334653853414,1.345587800924091,0.0509026768406706,1.1256207118725121,0.924503623057108,-0.3871222082195551,1.6078859589875987,-0.25947596364157,0.06352257247278678,0.3436427536518511,0.9395147565080901,-0.18250970659880966,-0.5463906304141645,-0.762349526635866,0.6978801664463103,-1.2200011740541141,-1.317574173872486,-0.7338187041070253,0.002351157259115363,0.025363519036474696,-0.667477223982284,-0.12479618717266176,-0.5429799678216537,-0.5181215015185524,1
-1.4343105979890196,0.38754990231922204,1.7280720791585935,-0.13478617003801185,1,0,0,1,0,0,-0.7605394197356201,2.2793002308147092,-0.8478672421327675,6.156489958239791,-1.1907743066096708,-3.0049244102452426,0.37685277458583877,0.5935456799480996,0.18828931259514897,-0.20171901626893082,-0.6806685529000458,-0.7410190973816075,0.41749929522134777,1.4650628663550342,-0.2907949039712032,0.6565058229067807,1.4210575872752969,1.3522610427889572,0.7646392799752116,-1.7690215962405276,0.9398505970774652,-1.1059720241006872,0.40232724079423604,1.6816057551755905,2.2051221671969623,1.7690215962405276,-0.7646392799752123,1.4964759044973779,-0.18442671521636386,0.3091580262022686,0.6149732640397371,1.2126072402754011,-0.2140147004052217,-0.30171300108041293,-0.6516131881728072,0.8219023601333442,1.194770148383656,-0.8623145398892288,0.9083602497423721,1.0007540524786946,1.7176749677643206,1.2041903675089267,-0.28942660841731066,-0.9883334727336057,1.708777505611744,1
1.3927182613071303,1.0317440516057692,-0.4445202009343899,1.0385308760612593,1,0,0,1,0,0,0.980873886834661,-0.5704944252155661,-0.2721740783507456,-0.23990331134237325,-0.7625073728965247,-0.25334775727799347,-0.8433455900042126,0.5494618868027442,-0.7310444195221332,-0.4991745257850455,-0.48357064287147344,-0.9806079614834408,0.3241519409282303,-0.016971455932567624,0.24485108523064894,-1.5381814618867755,0.1461625471154783,-0.5490496134389027,-0.44411445533132876,-0.8969649934967807,1.1557348934095022,-0.5088672412700492,-0.5463618159217488,0.8192848600046321,0.09262543538473213,0.8969649934967807,0.4441144553313281,0.2152602778598393,0.5660657690356972,0.9641859028142197,-0.08273376267196997,-0.01630893667750248,1.550264952753888,0.758556726032511,1.1201682272361313,0.8219023601333442,0.9449662184763004,-0.5588081172337243,-0.3050275328241268,-0.5292659687668935,-0.194636969298146,-0.2233527107470814,0.36909507656128593,-0.04195727479570725,-0.5181215015185524,0
0.72451144001895,-1.158516055968491,0.5693561964423357,0.5985369837740325,0,1,0,0,1,0,0.8546845167933363,-0.5542132070215552,-0.23379453409861076,-0.2723076919373254,-0.6735396343810515,-0.21578357088936206,0.7243040823840156,1.1203165385891478,-0.5655602218467501,1.6325129692139533,1.2247143124751105,-0.1304098202587495,-1.350262863383713,0.943403222478043,1.2681221955297317,0.03671022552986023,1.2793247052069374,0.9650361900882672,0.05712944868845589,-0.23452373259539866,-0.06452507395231917,-0.26729263093587546,0.8100300059809497,-0.9368632221216574,-0.6500185772151343,0.23452373259539866,-0.057129448688456604,0.29881781872750485,0.41596727218528484,-1.5649495096597015,-1.3101813096647865,-0.8355863879794388,-1.1591645145976028,-1.1173050988595852,-1.2606630497196296,-1.2864749325462383,0.11228645211844858,-0.02767187758659086,0.7623887871779818,1.1044842234105985,0.600749411603942,-0.15990635171348128,1.5215080252738291,1.5167799923961247,0.7809029193074537,1
0.6988111776617119,-0.8493028643109486,1.0038746524609323,-0.13478617003801185,0,1,0,1,0,0,0.766351957764409,-0.5425837654544045,-0.2593808969333673,-0.24048196099585453,-0.6656534627836673,-0.2314353152179585,-0.595769541618298,1.7321224450006445,0.18815652618076106,-1.0393087537433112,-1.0754780934124688,-0.5141387716087399,0.7116664705940494,-0.5376500410112457,2.631702719287171,0.0011189933349713605,-0.6679324240432977,-0.8998423529318943,-0.46081074412575107,-0.24419747799268982,0.29121846421766323,0.2589895970419845,-0.25609179418369876,0.7417287176160743,0.5196532764782804,0.24419747799268912,0.46081074412575035,-0.5089050763265954,2.4422969796658496,0.00893691608845806,0.007709740790658993,-0.2552648599739003,-0.37153966943728567,0.5138790966987595,0.8433273810784847,-0.23228628620644656,0.5286263352973745,0.5793409677244183,0.9448531153834703,0.6506647255835172,0.9392117013495113,0.886958572340925,0.6983559190505837,0.6260729825722207,1.1520527538291696,0
1.0843151130202777,2.6293455418364067,-2.327433510348309,-1.161438585374874,1,0,0,1,0,0,0.2742134146032426,-0.4210561010776798,-0.34893316685501513,-0.19013944114298242,-0.530323446321007,-0.17687780641542242,-0.10394932335850263,1.0073776858236132,0.9368205499663552,0.06157576557908524,-0.0472694650247974,-0.7927691193886685,-0.2795383381682985,-1.023613277952904,0.36996671680972504,0.1624164640892969,-1.2919970740360118,-1.5379531320539181,-1.6056049665959462,0.5111769313547013,-0.8782382619260911,-1.0120329530571828,-1.1174521924525491,-1.364307069098955,-1.4400592755625758,-0.5111769313547013,1.6056049665959446,-1.038102835155144,0.11577027848446049,-0.600602913536552,-0.43158727602782254,-0.8867912286858101,-1.033144539371952,-0.46483142063624716,0.34501385799472056,-0.728375060954584,-0.6648813298155464,-0.7105613285614767,1.172933525640331,0.3265079414213163,-0.2623294272472596,1.4262526241265279,1.1922471827845313,1.6837875567381073,0.8427612250610729,1
-0.09789695541265715,-0.7462318004251005,-0.8790386569529866,0.5985369837740325,1,0,0,0,1,0,0.097548296545388,-0.3850048322195127,-0.2977604411855021,-0.23295951550059776,-0.3535221159360302,-0.11605959988144779,-0.5197095422118677,-0.5736311928416329,0.2461020396952114,-0.11105198763800793,-0.5504618953064279,-0.5079170533740979,0.35605076471961333,-1.1709805677150653,0.7787593401741318,-0.13920612117273354,-0.739681595712837,-1.0147963399825393,-0.22109974072011698,-0.47345425101596367,-0.4473612164391405,1.5674708257607823,-0.4763184595219361,-0.5834315376918925,-0.275123688611299,0.47345425101596367,0.22109974072011698,-1.1216603760228097,0.641115017460903,-0.18211288125669506,-0.22485926811324272,-0.4942207832702994,-0.43454965705011084,0.5954383064766764,0.7879592118469556,-0.35630847989348147,-0.06966949682641517,2.434102439508058,1.8592021378354204,1.2672829639009489,0.912886856591522,2.0325178326698206,1.713576850059253,1.560078249818122,1.8118746818677758,0
-1.3572098109173063,0.5421564981479937,-0.4445202009343899,0.3052077222492148,0,1,0,1,0,0,0.2868323516073751,-0.42338198939110994,1.6979758599255073,-0.6565310618489011,0.5216945286589105,0.1817707350569868,0.15864652369294086,-0.8160615826031813,-1.1405741753563852,0.7999198519908363,0.3694299546902089,0.8930742520624281,-0.1038494891979013,-0.708291325264926,-0.3967581630386629,-0.6941076023555481,-0.3675541457787819,-0.9450164277828119,-0.6187833227191325,1.8317485291476778,-0.9283181997422135,0.7226065146250263,0.8616919062878959,-1.4451005127136642,-1.4029016434926982,-1.8317485291476778,0.6187833227191317,-0.8524194110047761,-0.6847550380510711,-1.1312967950508637,-1.262806141184362,-1.3134982345722352,-0.8231112473292009,-0.49201782389555315,-0.26403600355210183,-1.4104971262332722,-0.9979532363586869,0.27583454506891375,-0.9436526815433369,-0.41256952646850126,-0.9223308922511192,-1.5557262504526888,-0.7010026615289333,0.18071947766026855,-0.8274130302866491,0
-1.1259074497021662,-0.9008383962538722,-0.15484123025532542,0.3052077222492148,1,0,0,1,0,0,-0.00340319948767178,-0.36523478155535655,0.41865771818768077,-0.46789127481400095,0.26222434896044616,0.08070518596376425,-0.28718539161141077,-0.37207692430011746,-0.7160105339358389,0.8100086590572646,0.7127812766309759,0.9098063000047506,-0.24232145951419762,-0.6711258536240753,-0.14351745003267577,-0.4767008819054982,0.0621677557725511,-0.29451747791888677,0.6399373556703797,0.6061852033378352,-0.2712427674032237,0.3669146245919004,0.4997719729279368,-1.0326249585426412,-1.2141895627830828,-0.6061852033378352,-0.6399373556703803,-0.6203151308168162,-0.10937746679115769,0.09081540066495114,-0.173177266134598,-0.135786898325702,0.16404522527173035,1.0032343553662626,0.7325910426154264,-0.17027518936292965,-0.08200549336504998,0.6552175733882943,0.8444977348704508,1.0007540524786946,0.46536449570571364,-0.3502454288142823,0.9453015509175579,1.461110804282131,0.47161139053935697,0
-0.894605088487027,1.2378861793774645,1.0038746524609323,-1.6014324776621007,1,0,0,1,0,0,-0.6722068607066928,0.5523281580928325,13.813118662182726,-0.8069799717540361,2.9377525666176925,1.0484301781661254,1.3020896823415893,0.2549711096490755,1.1217325239172955,0.6950295057213072,1.0201449974801369,1.3986092555071394,-0.6843595357208089,1.1460301992463475,-0.7764598413637281,0.35623324574746984,1.00756298958584,0.9094816554697435,-0.018359091073560794,1.9257445364369288,-0.6654875278482569,-1.1277962736514096,-1.1754658814839845,0.06014219044699528,-0.4383066389842836,-1.9257445364369281,0.018359091073560086,1.217950768271826,-0.6347222057676005,0.391036510778763,0.5245297605771081,0.9395147565080901,0.038025250046078915,-0.7910682597479163,-0.8730858650989243,0.6978801664463103,-0.5261013687559044,-0.9381911455531051,0.6255405410238652,-0.127311556405765,-0.093098282374475,1.0772976494417266,-0.7833178721512579,0.1250502895462747,0.7190446135538346,1
1.0843151130202777,-0.8493028643109486,-2.327433510348309,-0.13478617003801185,1,0,0,1,0,0,0.2742134146032426,-0.4210561010776798,-0.2593808969333673,-0.24048196099585453,-0.4241643085338465,-0.13797204194148277,-1.1290954338889425,0.021704878032991162,0.3893948919467171,-1.7676096700472006,-1.9185627250164465,-2.1564034770278795,0.5260138394927393,-1.1934987429367678,0.1428126315570534,0.24125412526377024,-1.6000799764884575,-1.9094380973425484,-2.147135912362407,-0.8115738940849077,0.3775048046772437,0.11327593294769392,-0.28987873266631636,0.8013147128885951,0.6300308458968022,0.8115738940849077,2.147135912362407,-1.1495128896453646,0.04072103005925432,-0.2548937564358004,-0.09565426316663046,-0.71610842633123994,-1.0016395455655394,-0.5463906304141645,0.6218547041523672,-0.4183195767369984,0.7506742729928018,0.5793409677244183,1.3918907194869166,1.0007540524786946,1.3115202200696365,1.331083085576127,1.2745623934068555,0.9044189231421907,1.3994859768436472,0
-1.2544087614883548,-0.9008383962538722,-0.15484123025532542,0.3052077222492148,1,0,0,1,0,0,0.08492935954125552,-0.38267894390608254,0.41865771818768077,-0.46789127481400095,0.19586691816461235,0.06728940511068161,0.20749115270451018,-0.07940777722019268,-0.814104277965397,0.877822141459517,0.5903440053734094,0.11511981011208644,-0.4768352687596747,-0.03269273609358955,0.26286312465627415,-0.43167000580033466,0.3101332402633899,-0.14607277680016814,-0.8569681418843172,1.0069402600568196,-0.3211876954282646,0.3723201740861542,0.6791210949007735,-0.8783582685340134,-0.9100877554389988,-1.0069402600568196,0.8569681418843165,-0.17467491285593337,0.04072103005925432,-0.555114866549611,-0.6770767854263857,-0.5283573437412127,-0.37153966943728567,-0.5463906304141645,-0.2086678343205727,-0.23228628620644656,-0.22078545442469194,0.5034643620605421,0.42482977999782756,0.7284623537824456,0.2961333508329291,-0.5723076854318833,0.03983423407198747,0.6260729825722207,0.16231986177126023,1
-0.14929748012713334,0.8771374557769975,-1.168717627632051,-1.6014324776621007,1,0,0,1,0,0,-0.5460174906653681,0.07261369344786675,0.188380452674872,-0.40308251362409664,0.8255184237412394,0.36735570352463,0.4312567239753112,-1.808567474407239,1.8416855228601288,0.5373445024851228,1.2307431949402512,1.2365448452745083,-0.5475075196594145,-0.33168489172500587,-0.9717747686693176,0.6212323226491692,-0.33995401644975887,-0.03472045517817916,0.7365263065465976,0.9560218637408522,-0.9310886083280773,1.5088129863891624,-1.8933672337344156,-1.0630103396939665,-1.6339241969510452,-0.9560218637408522,-0.7365263065465982,-0.11896988561082296,-0.7097714541928067,0.9550882934168308,1.1705547853101694,0.9565830367435462,0.29006520049738066,1.6557080335896,1.3416409041622488,1.13195784435093,-0.9701972441467586,1.0346006017076752,-0.7155722712864762,-1.488770049887009,-1.7177172731532073,0.1890486229713212,0.28677986593896093,0.9044189231421907,-0.76555472453303,1
-0.8432045637725518,-0.2824120129387873,-0.15484123025532542,-0.13478617003801185,1,0,0,1,0,0,-0.24316300256618875,-0.2442885892569894,-0.4128990739419065,-0.13227447579485355,-0.20535977972280292,-0.08565049661446048,0.19568901621074958,0.28645749895801587,0.9471339840467935,-0.018630275395937094,0.40233701445989867,0.6990134736512575,0.4010621064281348,0.7007862063192921,0.2067465559077763,-0.3130306042151396,0.7900891233317601,0.47650804996577056,0.5873904109192033,0.37080434932556694,0.4281069796023598,-0.1860577460842737,-1.6093294540480823,0.808607150164762,-0.05784045761619155,-0.37080434932556694,-0.587390410919204,0.939425632046274,0.491016520610491,0.8641121994429487,0.5503707615664309,0.8712416355662611,0.7941451013999841,0.9216751455883455,0.6772228733838963,1.0079356506638961,0.8339422496285867,0.27583454506891375,1.4831228835896608,0.2616765845888761,0.5838262971166633,2.092439393979332,0.03983423407198747,0.23638866577426285,1.3376276710900281,1
-0.7404035143436003,0.28447883843337485,0.5693561964423357,-0.13478617003801185,0,1,0,1,0,0,-0.2810198135785862,-0.23672945223834146,-0.5152445252809326,-0.040847830544809956,-0.3327714482644417,-0.1504934374043599,0.12275354140960124,0.8269865298231714,0.04201772797310886,-0.7844628959558043,0.11391212787557947,1.3778027293741597,0.5877983560470598,-0.4000234383560106,1.44155856078305,-0.4750408269864519,-0.46408366096866766,-0.1655495568616363,0.6912331826893887,1.1936019387174324,-0.5703904937554923,0.3090567550248161,-0.5348098601001345,0.5995813490311592,-0.30971826586330564,-1.1936019387174324,-0.6912331826893894,-0.09111737198826762,2.067050737539819,1.4554568102731822,0.9379857764062678,0.683490552976235,1.7392949155923647,1.5741488238116832,1.2862727349307197,1.3800022317249987,-0.5816133531797613,0.19995793940503753,-0.23204180154193166,-0.46443461193445323,-0.21156008378542468,-0.4136917878478824,-0.8656330827735822,-0.4316415915936655,-0.3944048900113141,0
-0.894605088487027,-0.8493028643109486,1.0038746524609323,-0.13478617003801185,1,0,0,1,0,0,-0.6722068607066928,0.5523281580928325,-0.2593808969333673,-0.24048196099585453,0.8347166706183602,0.6106285296605284,0.5117093828671251,-0.8446393001786487,0.47713080185510637,0.03885444774260167,0.08197821003541753,-0.49487492216498186,-0.6600550851446417,1.312132336853172,-1.097421017379657,0.3830607530028944,0.6842752753652986,0.5502390624972426,-0.06904425348519842,-0.6064731204975302,0.5995228173357087,0.05992166261511995,-0.26731467558268984,0.6260257974768929,0.4306256611770171,0.6064731204975302,0.06904425348519772,1.245803281894381,-1.009968447893631,0.06352257247278678,0.2531992501892221,0.529876030857121,-0.30852968182446,-0.709509049969999,-0.762349526635866,0.20179139169817292,0.8339422496285867,0.35171115073279,0.890113816921823,0.5987996401175653,0.8376730144258402,0.8552353928241243,0.7806711296729086,0.514734606344233,0.9664778365683122,1
0.2876069799459088,-0.1535731830814779,-0.15484123025532542,-1.161438585374874,1,0,0,1,0,0,-0.4955417426488382,-0.0436807222236401,-0.5664172509504457,0.07488210015144776,-0.11684988027798053,-0.09146400165079628,0.17769603044672186,0.8613061271905516,-0.6396271210525623,0.9035869392459527,0.011202512042651195,-1.3292929631843855,-0.9471957045160133,-0.11894019823419093,0.29129315741033673,-0.48349311856961874,0.9664521051240533,0.0750809656024947,-0.8773392119444982,-0.9428627094306623,-0.3659343005831562,-0.8903585994059405,0.3885277458503844,-0.262370296541522,0.05873813527735494,0.9428627094306623,0.8773392119444975,-0.11896988561082296,0.26586877533487285,-1.6069330893092284e-4,-0.25070026910256554,0.13730558544161034,-0.18250970659880966,-0.9541866793037505,-0.7069813574043363,-0.17027518936292965,-0.16527347000083534,-0.6346847228976005,0.9174834661526473,1.0007540524786946,0.8207498999385615,0.5380035976561225,1.6861384465184783,1.2384340518261547,1.0901944480755505,0
-0.14929748012713334,-0.9008383962538722,-1.168717627632051,1.0385308760612593,1,0,0,1,0,0,-0.5460174906653681,0.07261369344786675,-0.6943490651242283,0.5522680642735108,-0.3868766239991741,-0.3709594360900179,-1.2823532799379667,-0.06114818601010155,-0.2582926277442689,-0.820703202305327,-0.4331563942089613,0.6762066681700656,1.2763242152387335,-0.20808544054386072,-1.150470248299233,0.24443254019821709,-0.11889602857952684,0.25067131885572763,1.116988546947158,-0.18555039652161812,1.5752269312982563,-1.0685880348334122,0.5987258048955628,0.9908218122698229,0.8078562803732642,0.18555039652161812,-1.1169885469471588,-0.03541234474315745,-0.9349191994684248,0.74584327727690225,0.7700192699756713,0.683490552976235,0.6366201323679207,1.6557080335896,1.1201682272361313,0.9459245538203791,1.2502821328075124,-1.0899443568808573,-0.4601222117987924,-0.10137901367278856,0.2961333508329291,-0.826093121566285,-1.0302635040182315,-1.211010225189582,-0.332546584257695,0
-1.4086103356317816,-0.4885541407104817,0.5693561964423357,-0.8681093238500562,1,0,0,1,0,0,0.4130217216486998,-0.4797847809917908,0.8408327049611636,-0.5494808759548626,0.1830427136077524,0.055662395038009994,0.570085181435679,1.4966359971231162,-0.6604180884350092,-0.7674316841421925,-0.8474641834630621,0.2634489929046501,0.9119533429064449,-0.10396740966836131,0.8651413116569706,-0.3268819676859445,-1.1086687296136917,-1.2443500031504102,-0.4291756706205303,0.7849642097577141,-0.8966003329283273,-1.1875003008543166,0.5743287978799984,-0.06258623949319908,-0.11312064112228558,-0.7849642097577141,0.4291756706205296,-0.3139374809687093,0.41596727218528484,-0.8826288048555859,-0.8967252938356269,-1.2281568333949502,-0.7180946013078251,0.10608304780917345,0.34501385799472056,-1.0384305451721696,-0.9424412519348303,-1.2416975682086098,-0.7246954876967501,-0.3477381696360611,-0.3469449996836519,-1.0481553781838862,-0.7010026615289333,-0.4316415915936655,-0.45626319576493324,1
-1.074506924987691,-1.132748289997029,0.27967722576327125,0.5985369837740325,1,0,0,0,1,0,-0.05387894750420167,-0.347209147126273,-0.2210013526812325,-0.2780941884721383,-0.1529028838780042,-0.052111044481753875,-0.2593554907025678,-0.034483193425181725,-0.5135753234108414,0.6442957854363416,0.6892528243529678,0.09433870181495188,-0.8091684701461407,-0.40056525980386176,-0.24309788710196292,-0.13406676241843007,-0.26241554755144414,-0.03569136989105291,0.25295560183580257,-0.12221154853286169,-0.039599964644949595,-0.1962008615516252,0.5673505050965566,-1.1306088045757674,-0.9309081044181133,0.12221154853286169,-0.2529556018358033,-0.45320004908148526,-0.3345252120667762,-0.3549674598070702,-0.3669847735545164,-0.4430159425639276,0.006520256239666901,0.02452383803125581,-0.09793149585751397,-0.4803306735805153,0.1400424443303771,0.04820472807728505,0.7715120035882557,0.9748215097457181,0.39767203775660004,-0.0647368131630805,1.6038232358961542,1.6837875567381073,0.7190446135538346,0
2.6520311168117785,-1.2615871198543382,-1.168717627632051,-0.13478617003801185,1,0,0,1,0,0,-0.34411449859924853,-0.19370051843988392,-0.016310450003180245,-0.35621189169211226,0.3350150913540324,0.12631884086424522,-0.34350593954420683,-0.8909222765694292,-0.5583815773549214,-1.6317426559692068,-1.5040976627245282,-0.5025332599125515,1.0785484286940579,-0.2753168484220218,-0.908437722357382,-1.0440397330517026,-1.243503770027527,-1.6160515858004185,-1.0705131521703464,0.3763264807979944,0.20256001981412003,0.31276581652184576,-0.2858329227711918,0.9713420047692265,0.3776407915608629,-0.3763264807979944,1.0705131521703457,-0.20252742647848845,-0.7848207026180125,0.2909628074074919,-0.3153027715758717,-0.767313267037611,0.4475901695294441,0.2692014673650073,0.954063719541543,0.015758101167622184,0.11228645211844858,0.19995793940503753,-0.24116501795220557,-0.3477381696360611,0.04228663352375219,-0.2550758902638815,-0.5363722402842841,-0.4316415915936655,0.10046155601764112,0
1.7782221966656961,1.1863506474345409,-0.8790386569529866,-0.8681093238500562,1,0,0,1,0,0,0.36254597363216995,-0.47106269981642773,0.48262362527457214,-0.4962451078345841,0.05458267823874081,0.021228557515097883,-0.5986341009757793,-0.989118581781319,1.0663368522113401,-1.3216043723153816,0.010793975178074747,0.46707358549908107,0.39445437988347576,-0.9297165611944517,-0.24651528509832016,-0.17106849956718456,-1.1748899947092066,-1.044330980195008,-0.1866129291823007,0.8221130942085976,-0.09654654365281794,1.1106426939654779,-1.6296255437507254,0.6204014370884715,-1.0336186360051511,-0.8221130942085976,0.18661292918230002,-0.7874302125521474,-0.03432821836595151,0.6730624020977969,0.47284775859846334,-0.05044549714841698,0.4790951633358572,1.247911984700014,1.5077454118568363,0.5118468759157585,-0.1375174777889068,0.9587239960437993,-0.15905607025973648,-0.9571529238609991,-0.685407289429221,-0.0647368131630805,-0.04248097655033679,0.4033962301162448,-0.45626319576493324,0
0.3904080293748593,0.7998341578626126,-0.15484123025532542,1.0385308760612593,1,0,0,1,0,0,0.6275436507189519,-0.5257210751820359,-0.11865590134220637,-0.33595915382026714,-0.46758293208315554,-0.1446799323680241,-0.9381515375855979,-1.9014522761306651,0.7299533921010578,-0.6702705077048604,-0.09547810275581635,-0.7427984140991861,-0.2552453162140534,-1.0323386130391865,-1.4515592683257306,-0.3227732083144239,-1.0837884542992342,-0.641065555046321,-0.5860329100839196,-0.4318681387001143,0.2730219716794139,1.1556627124287426,-1.3222266868119865,-0.16917386543985852,-0.5017495315020569,0.4318681387001143,0.5860329100839188,-0.8152827261747027,-1.1600669447440433,1.3098950599149712,0.9121447754169449,0.3762615087380082,1.4557499713346498,0.6769975162545934,1.1201682272361313,1.1939689411944467,0.44535835866158957,1.413983630027056,0.7167727051266096,-0.1402778277722523,-0.194636969298146,1.3945294446097283,1.2745623934068555,1.127095675598167,0.5334696962929761,1
-0.7404035143436003,-1.235819353882877,1.0038746524609323,0.3052077222492148,1,0,0,0,1,0,-0.43244705762817587,-0.11055001123475654,-0.08027635709007157,-0.34000970139463615,0.4133796070093859,0.177746000801062,0.5808043780627569,1.0387638929233385,-0.9350556083468154,0.3008309571513508,-0.6368184255943581,0.5228316041622688,0.9934050532046083,0.6586423511233619,0.7432286211979459,-1.4502169497484716,-0.7056493939414834,-1.5820105864902945,0.7431545685744835,-0.023971702672748577,-0.14951494934608814,-0.6811859254786339,-0.1790758349493415,-1.1061130749138703,-0.71663028226238,0.023971702672748577,-0.7431545685744843,0.2152602778598393,0.19081952690966666,-1.1828499149693978,-1.6331938220313174,-1.7572735206941175,-0.6235796198885869,1.0032343553662626,0.6772228733838963,-1.9065859009814097,0.1400424443303771,-0.3311783002420958,1.2641656897430753,0.9618552383792308,0.39767203775660004,1.2041903675089267,1.439192814651505,1.5724491805101195,1.275769365336409,1
-1.1259074497021662,-0.5400896726534062,0.5693561964423357,2.9451710759725747,0,1,0,1,0,0,-0.20530619155379135,-0.28208427435022915,-0.24658771551598904,-0.2503190051050364,-0.038172162882459434,-0.02349071199517758,-1.8584228039513484,0.3114313241001498,-0.38365837763409666,-1.2725521478352606,-1.8266209514808045,-0.18921530895230868,1.7121591601612873,-0.3293056174723184,-0.3586812556594766,0.6217189832278305,-0.9986717229602997,-0.922978564028339,0.12645565867397954,-0.3834842964864804,2.2551438550327862,-0.7867682739656761,1.1492414746513424,0.7288700681811077,1.473587772875769,0.3834842964864804,-0.12645565867398026,-0.14682239923337803,-0.10937746679115769,0.8095265430586199,1.0413497803635572,0.529876030857121,-0.18250970659880966,1.4925896140337656,1.5631135810883663,0.6978801664463103,3.1932015876424997,-0.2553016945782196,2.094378383078048,2.5307740737242828,2.783831180462863,1.2359135470257274,-0.12479618717266176,-0.32030321536567735,2.3273605631479377,0
-0.7404035143436003,-1.6481036094262664,0.5693561964423357,-0.4281154315628296,0,1,0,0,1,0,-0.3062576875868511,-0.2187038178092579,1.1350758775608636,-0.6015593447681786,0.852482349808004,0.2966992576983947,0.6077801554981537,0.14486359366283869,0.3723757105625462,0.38825709395928154,0.9672498365848927,0.8059979376245779,-0.6063833013866737,-0.10366005092121974,1.0816643730288316,-0.3482758296629944,-0.5064585294680767,-0.38258788773137814,0.2507965989744553,0.850548042800631,-0.9487090027209616,0.884757795201516,-0.8590336922174864,-1.0267058939946316,-1.6309947672339564,-0.8505480428006302,-0.25079659897445594,0.02029268250195297,1.2415090048625523,0.527500651739586,0.2531992501892221,0.03489590402886805,0.6996301199807459,1.0032343553662626,0.954063719541543,0.5738579727592754,-1.053465220782544,0.27583454506891375,-1.244718823082393,-1.4239386930545688,-1.650024815204093,-0.9847090191502859,0.12214944469431245,0.6260729825722207,-1.198562864808365,1
0.3904080293748593,-0.5400896726534062,-0.15484123025532542,0.3052077222492148,1,0,0,1,0,0,0.6275436507189519,-0.5257210751820359,-0.7711081536284979,1.304512613799186,-1.8595316134848237,-1.4124712229843335,-1.0528322419041602,-0.7186366593477773,-0.5886636134829707,-2.0104909238913966,-1.8295704852239736,-1.467444487732339,1.2596650486444219,-0.9298865945841157,-1.4503451320859693,-0.2466192896191852,-0.6384624607933902,-0.1751572408531089,-0.37315522795503414,-1.6313284484388841,0.5348571323572444,-0.466572546837496,0.5568942777853501,2.0829550851320104,2.207524281668587,1.6313284484388841,0.3731552279550334,-0.7038726716844818,-1.1600669447440433,1.3007974505175837,0.9509062769009282,0.615217432034406,1.518759958947476,0.5138790966987595,0.7879592118469556,1.3179911348814817,0.6118943119331598,-0.3311783002420958,0.39746013076700454,0.6376984542170299,1.5145975939169787,0.31594134103852145,-0.7010026615289333,-1.32234860141757,0.7190446135538346,0
-0.7404035143436003,-0.5400896726534062,1.0038746524609323,2.9451710759725747,1,0,0,1,0,0,-0.43244705762817587,-0.11055001123475654,-0.24658771551598904,-0.2503190051050364,0.2556084424433628,0.10843113306013503,-1.1697806404821711,0.8051091862460833,-2.117577902386996,-0.783213390458055,-2.0912956598462795,0.047499153250770185,1.9239037099716252,0.5026479753669452,0.5326692143357766,-1.423702824729298,-0.2521346614110527,-1.0878037822939053,0.33643704580791395,-0.26889098598050765,2.128848390674771,-0.5714212992928114,1.464115894366737,0.8080583475548452,1.656758111439423,0.26889098598050765,-0.33643704580791395,0.10385022336961848,0.04072103005925432,-1.1464594773798444,-1.594432320547333,-1.5865907183395476,-0.4660546508565234,0.2692014673650073,0.12354118106860354,-1.658541513607341,2.8323736888874302,-0.1035484832504671,1.6838336446156987,2.349246274593451,2.648446264564636,0.728342674756924,-0.5363722402842841,-0.7099875321636356,2.018069034379841,1
-1.2544087614883548,-0.46278637473902035,-0.15484123025532542,-0.4281154315628296,1,0,0,1,0,0,-0.00340319948767178,-0.36058300492849626,-0.7327286093763631,0.977575559582258,-1.2535148208475249,-1.0328046248420948,0.20625347111457865,0.5876280920921559,0.6891413590908089,0.06979025137770624,-0.5025428055266985,-1.2039856396450557,0.34935561782637364,0.08692253277662727,0.20683002152281732,-0.32961956455143354,0.6744176679224405,0.3078752710881373,0.18032674558006626,-1.8209386847559008,-0.19994850177755583,-0.5993402227667972,-1.2733151982338933,0.5744588877786798,0.9539105388618369,1.820938684755901,-0.18032674558006695,0.18740776423728422,0.340918023760079,0.43652455776570404,0.188596747715916,0.4616029099152932,0.41608517572303205,0.35076067714292497,0.2896456887631914,0.6358690696027934,-0.19302946221276363,-0.5588081172337243,0.014285041535478216,-0.6459624110652865,-0.39771434314548676,1.7117612397777302,0.28677986593896093,-0.48731077970765985,-0.023255055489598248,0
-0.7404035143436003,-0.5400896726534062,1.0038746524609323,0.3052077222492148,1,0,0,1,0,0,-0.43244705762817587,-0.11055001123475654,-0.7711081536284979,1.304512613799186,-1.01176655336568,-1.0931756386809666,-0.14845551476195226,0.7152366050195689,-1.4414429246848375,-1.5920869105071673,-2.3656665268421824,-0.8953554822324814,1.8163163218773202,0.7371153984636253,0.3287409989719252,-1.176352410636039,-0.0896361768406928,-0.8467738758946378,0.1359000988749071,-1.3559421528355944,0.9429480280634565,-0.652359170525496,0.7883800409727789,2.061925004640564,2.2487724670462432,1.3559421528355944,-0.1359000988749078,0.29881781872750485,-0.10937746679115769,-1.11916664918768,-1.4652273156007207,-1.4159079159849774,-0.5290646384693491,0.02452383803125581,-0.04256332662598434,-1.534519319920306,0.9449662184763004,-0.5588081172337243,0.21499580256151593,0.5987996401175653,1.4638282504551436,-0.0012904541294803558,-0.7833178721512579,-1.32234860141757,0.6571863078002155,1
-0.4577006284139859,0.4648532002336079,-0.4445202009343899,-0.4281154315628296,1,0,0,0,1,0,-0.7100636717190902,0.9797101356856202,-0.2977604411855021,-0.22022922312400942,0.9640064492997569,0.9236634162324567,-0.2174786174530875,-0.15685825187926544,-1.1867115363411582,-0.3032997107330229,0.11546095016511704,0.8704554186939325,-0.37504304386856513,-0.03437362131805102,-0.7652476496134751,-1.0352189604108641,0.4118541092030543,0.8875771032416655,1.5985806802879148,-0.39825548305102343,0.268063594176084,-0.5513154229657927,0.5819792061731933,0.8181258265433822,0.7164413984237985,0.39825548305102343,-1.5985806802879157,-0.03541234474315745,-0.7097714541928067,0.018034525485845748,-0.5220307794904515,-0.34060626115118536,1.518759958947476,0.18764225758709038,-0.4855086804782194,0.07776919801113909,0.11228645211844858,-0.6346847228976005,-0.4509989953885172,-0.10137901367278856,0.22844089288381547,-0.7626467625326843,0.03983423407198747,-0.15329565102369538,-0.2706882785040748,1
-0.4577006284139859,-0.7462318004251005,-0.4445202009343899,1.0385308760612593,1,0,0,1,0,0,-0.7100636717190902,0.9797101356856202,-0.4512786181940413,-0.10739254069515815,0.7543756323989916,0.8364608406874195,-0.271991022282174,-0.5678189726164109,-0.10567578023705858,0.5157105909604343,1.3352780412639507,1.082830659734545,-1.1259381050073494,0.12583843026962133,-0.8609538377004512,-0.8331129456947752,0.7349542741647743,1.1918392509977438,1.9684992754626969,-0.4754817429490244,0.5039464142953748,-0.08313529483071826,-0.6927358335734021,0.03207633987416508,-0.5723277942617137,0.4754817429490244,-1.9684992754626975,0.1317027369921738,-0.7848207026180125,0.08171779126756346,-0.3669847735545164,-0.06751377738387422,1.4557499713346498,0.2692014673650073,-0.5408768497097485,0.20179139169817292,0.1400424443303771,-0.4070549059059717,-1.0257616292358074,-1.1775795370912954,-1.0915620371239039,-0.6992004034990842,0.28677986593896093,0.06938110143228039,-1.3222794763156045,1
-0.894605088487027,-0.9008383962538722,1.0038746524609323,0.3052077222492148,1,0,0,1,0,0,-0.6722068607066928,0.6104753659285859,0.34189862968341117,-0.4615261286257068,1.290999626333383,0.8261754087000561,1.450736301390784,-0.7598845228667526,-0.25978127893290515,1.6660074209374889,1.6317242012115918,0.7605513434942478,-1.397783636985812,1.6597862037892428,-1.337728289628697,0.5407069296584889,1.314453735794359,1.211487846562837,0.328888191831712,0.7111140177770428,-0.35884532375916683,-0.2971414791155289,0.8984880297549158,-0.94727872012303,-0.9385392916498656,-0.7111140177770428,-0.3288881918317127,1.357213336384602,-1.3101654415944555,-0.4095531161914002,-0.08273376267196997,0.4445346296798359,-0.6235796198885869,-1.0357458890816678,-1.2606630497196296,-0.17027518936292965,-0.22078545442469194,-0.1035484832504671,0.6072941082033162,1.0137203238451828,0.5161338391675497,-0.635754044465484,0.28677986593896093,0.7374113588002092,0.16231986177126023,1
1.0843151130202777,0.49062096620506923,-2.327433510348309,-0.13478617003801185,1,0,0,1,0,0,0.22373766658671274,-0.4315225984881154,-0.041896812837936774,-0.3452175482759678,-0.190307729612128,-0.06507963263973376,-0.5616985656972171,-0.6678195620582565,1.2926315282965215,-1.163924234018507,-1.030044066541016,-0.7157566060170509,0.813165311864895,-1.1429140440312846,-0.3062054260230812,0.6181982981040721,-1.6034089450796825,-1.7773012339294723,-1.8132101364739617,0.8221130942085961,-0.36093071738952726,0.6098534332434609,-1.1458409318158769,-0.01752631291963616,-0.39608099741061464,-0.8221130942085961,1.8132101364739601,-1.0659553487776992,-0.25947596364157,0.09991301006234013,0.4082452561251572,-0.2894014204448148,-0.9701345517591269,-0.22015379130249568,0.8433273810784847,-0.046252995675895824,-0.4150773999081907,0.4275877563966659,-0.3415203984652251,-0.8534227529290943,-0.8038690908401701,0.37938770007212164,-0.5363722402842841,-0.2089648391376897,-0.023255055489598248,0
0.23620645523143258,0.18140777454752677,-1.6032360836506476,-0.4281154315628296,1,0,0,1,0,0,-0.596493238681898,0.22961115460440099,-0.19541498984647596,-0.28098743673954474,0.6514565856033839,0.3937400725356925,-0.29510307404274333,-0.3077358558473784,0.18888485574986508,0.2317218176083506,0.4573996049581081,0.4241001472548141,0.5438979575892448,-0.9971770193712312,0.5417735601302669,0.19253070147456702,-0.15371344338686638,-0.12065814359944849,0.356369413048447,0.22497917377587734,-0.5860195203155536,0.9651139791142486,-0.06473713809831658,-0.4654608453550436,-0.7124410810552975,-0.22497917377587734,-0.3563694130484477,-1.038102835155144,0.19081952690966666,-0.7825551014843162,-0.5737127814690962,-0.596630464683041,-0.7180946013078251,1.166352774922097,1.0648000580046022,-0.23228628620644656,-0.44283339212011924,1.1863538130354276,0.6437869738444144,0.5080357405521495,0.27921023634565156,0.12560226393772106,0.4514102871836102,0.6260729825722207,0.22417816752487937,0
-0.09789695541265715,-0.5916252045963298,-0.8790386569529866,-0.4281154315628296,1,0,0,1,0,0,0.11016723354952047,-0.3948898575515908,0.43145089960505906,-0.47772831892318285,0.18462463604511833,0.06550063433027059,-1.069010048163523,0.22944431931232498,1.5171105889217196,-1.4269879619713615,-1.2036173491211783,-0.40254453087851233,0.9133447512554905,-1.017136394600394,0.7830102726036684,-0.14973354108985623,-1.0199237985557537,-1.1974761523139636,-0.4215365193479638,-0.13094794135889734,0.4701737936291262,0.4694829732268307,-2.2244087671092228,0.9164296953415113,0.39565910926520226,0.13094794135889734,0.42153651934796316,-0.9823978079100336,0.641115017460903,-0.19121049065408274,-0.23777976860790415,-0.6136987449184976,-0.40304466324369825,0.6769975162545934,1.009431888773073,-0.29429738304996345,0.0012624832707351544,-0.1035484832504671,-1.3906902856467844,-2.111151075478434,-1.7346403876404854,0.506280418139323,-0.5363722402842841,-0.6543183440496418,-1.3222794763156045,0
0.7759119647334253,0.10410447663314094,0.5693561964423357,0.5985369837740325,1,0,0,1,0,0,4.8044117990868,-0.7693578760138429,-0.20820817126385424,-0.2780941884721383,-1.4402439001084175,-0.37677294112635373,0.2808493815584219,-0.6190952105272584,0.5118096511701185,0.12422010584612593,-0.0446576303128995,0.02338123497753667,-0.0935294205857876,0.9447621938068427,-0.8911118045397588,-1.168228377807675,1.2739182298674572,0.33144729927861377,0.2430696413654208,-0.20918429502488586,0.5534673505694631,-0.04296863823695673,-1.8736177950558108,1.0953821609478693,0.381650883320628,0.20918429502488586,-0.24306964136542153,0.5136800666729305,-1.0421324115044335,-0.9840021667121973,-1.3581717400735276,-0.8867912286858101,-0.24551969421163483,-0.6862064186048799,-0.8572663881756302,-1.1890289232207107,0.44535835866158957,-0.1035484832504671,-0.1864257194905595,-1.0997819088923677,-0.6684841749419423,1.2041903675089267,-0.04248097655033679,-0.15329565102369538,0.10046155601764112,1
0.5189093411610479,0.18140777454752677,-0.8790386569529866,1.7718540298733036,1,0,0,1,0,0,-0.5081606796529707,-0.01751447869755106,4.84509848860056,-0.7630025980894581,1.8596701151658286,0.5761946921376163,-1.874344807791276,-0.09376061366094125,-1.9560731292351872,-0.5878799279823691,-1.093513690331441,-1.098266353899969,1.0478764881660163,-0.37733999212350655,0.28108920208201693,-1.956705973125438,0.3853887007407732,-0.272092552264112,0.06048449490010199,-1.5578921029446737,2.229288407777059,0.41027837679433454,0.7077166975158412,1.176332694463598,1.1559759345511802,1.5578921029446737,-0.0604844949001027,-0.3974950218363748,0.19081952690966666,-0.18211288125669506,-1.1422148032341901,-0.9550643496276378,1.109195039464111,0.5954383064766764,0.6218547041523672,-0.046252995675895824,2.4437897979204335,0.6552175733882943,0.7258959215368835,1.0137203238451828,1.4976744794297,0.030432725387320277,0.12214944469431245,-0.5429799678216537,0.47161139053935697,0
0.4932090788038099,0.4648532002336079,0.27967722576327125,-1.161438585374874,1,0,0,1,0,0,0.6780193987354818,-0.5356061005141141,-0.7583149722111197,1.2350746553814314,-1.7939475649876047,-1.3664103753887498,0.6266834464117241,1.0811375141299444,-1.0682760122112023,0.9348205961436522,0.018857297448402498,0.02423293680995136,-0.072178632868834,0.21549635035269193,1.720429307348428,0.30876919444941014,1.0893106724977528,0.8211118197652787,-0.49529816032406576,0.5242815205937548,-0.6560971732456792,0.23959314507414978,1.7706523589850303,-0.18274049965558278,0.7771404653156768,-0.5242815205937548,0.4952981603240644,0.438080386840281,2.067050737539819,0.8823074182377254,0.9250652759116064,1.3832900426299712,0.25856020669096863,-0.6279498401920818,-0.4855086804782194,1.069946747507413,-0.6648813298155464,0.12408133374116129,-0.2685346671830286,0.6506647255835172,0.5330569536548284,-0.857816301083085,-0.7833178721512579,-0.6543183440496418,0.34789477903211874,0
0.8016122270906633,-0.9008383962538722,-0.4445202009343899,1.0385308760612593,1,0,0,1,0,0,-0.21792512855792381,-0.2617327516077154,-0.6943490651242283,0.6101330296216397,-0.884748807484569,-0.6728145052843774,-1.9906600786050572,0.8929643763534134,0.45444973703265046,-2.2768571581885304,-2.2443049634940935,-0.9602563357975914,1.9386134613381893,-1.1407020966239483,-0.03229582439131148,1.1447489366668628,-1.7263151518530118,-1.7074057373269964,-1.1334326641296226,-0.18555039652161812,1.6282852028757302,-1.257974878320453,0.5291142675036635,1.3641025764487154,1.2507569866051902,0.18555039652161812,1.133432664129622,-1.1495128896453646,-0.25947596364157,-0.7006766169078218,-0.05689276168264715,-0.7331767065666972,-1.6632444155002057,0.10608304780917345,0.7879592118469556,-0.9144083514851348,1.333550109443298,-1.2416975682086098,-0.378013264106322,-0.06248019957332482,0.4822876101929924,-0.5723076854318833,-1.0302635040182315,-1.211010225189582,-0.1469716669968365,0
-0.35489957898503444,-0.7977673323680251,1.0038746524609323,0.3052077222492148,1,0,0,1,0,0,-0.6974447347149578,0.9390070902005927,0.7896599792916505,-0.5419584304596059,1.6093238348802699,1.1409990660523954,1.2214359199973333,0.8309924496852467,-0.6032558047556975,2.004792438971401,1.754054869978339,0.7410321104311054,-1.42830443481538,1.5588227538278543,0.572892512558978,-0.03110453681276955,1.7086565633469555,1.057247610254259,0.2857518833962749,0.7272741774339888,-0.1408790512267712,-0.5666520734952691,0.793413834503389,-1.0140706470230836,-1.2481607226384261,-0.7272741774339881,-0.2857518833962756,1.8307060679680403,0.8662627627365218,0.855014590045561,0.705416767502365,1.434494883336343,0.3530751881102058,-0.22015379130249568,-0.3747723420151606,1.1939689411944467,-0.16527347000083534,-0.5588081172337243,-0.10431677179808911,0.31354167005482897,-0.1269445113490324,-1.206771275767887,0.36909507656128593,0.848749735028197,-0.332546584257695,1
-0.6376024649146498,0.49062096620506923,1.4383931084795292,-0.13478617003801185,1,0,0,1,0,0,-0.6343500496942954,0.4011454177198736,-0.041896812837936774,-0.3452175482759678,0.9012659350619028,0.5753003067474108,0.12726394500305008,-0.518342106706177,-0.026501907613008673,0.22852745621871837,0.9136266589014598,1.3228735003830911,-0.10663359936085312,0.07827720208999703,-0.13418400786048643,-1.314626815586461,0.9250233395680647,1.0186787432014746,0.6225629626478131,1.1867913099014362,-0.09874995545846903,0.5770182151561001,-1.2848441720114698,0.6085114590701949,-0.19321787931213097,-1.1867913099014362,-0.6225629626478137,0.27096530510494976,0.11577027848446049,0.7913313242638433,-0.08273376267196997,0.2909201075607231,2.27487981030138,-0.13859458152457876,-0.4301405112466897,0.8219023601333442,-0.16527347000083534,0.4275877563966659,-0.2685346671830286,-0.8663890242955825,-0.6007917169928287,0.3476645205553221,-0.9479482933959068,-0.5429799678216537,0.16231986177126023,1
0.6731109153044746,0.7740663918911503,-0.4445202009343899,0.5985369837740325,1,0,0,1,0,0,-0.6848257977108253,0.8139905933537229,4.857891670017938,-0.7630025980894581,2.3701176625231266,1.2156802461345555,-0.31009512589959404,0.5208556423304394,0.9083347121899148,-0.3501974371534039,0.4869921026925338,1.1617174979712819,-0.397909967932952,0.6721525452496661,0.020472169539460298,0.26734602240746613,0.7109334948764945,1.1655533384770014,1.9297942423483554,-0.3295023237687909,1.1028017245973198,-0.6943821450629413,-0.9730670111892079,1.1780436285713862,0.504822394064691,0.32950232376879157,-1.929794242348356,0.8001630639334981,0.19081952690966666,0.5365982611369737,0.6020527635450756,0.8883099158017184,0.7311351137871589,-0.05703537174666111,-0.8177176958673952,0.44983577907224165,0.7090402846749091,-0.8433453884732599,-0.7954004148763775,-1.1224728837837215,-0.6642533963201229,-0.0647368131630805,-0.6186874509066087,-0.8213259083916238,-0.8428776067250542,1
-0.8432045637725518,0.18140777454752677,-0.15484123025532542,1.7718540298733036,1,0,0,1,0,0,-0.24316300256618875,-0.2442885892569894,4.84509848860056,-0.7630025980894581,1.469936423894355,0.40178954104754205,-1.0812286381109544,-0.13395662117815213,-0.7415798527248869,-0.6514726838101316,-0.6214851934865309,-0.8255855237940164,0.23729737505571727,0.7321177475653211,-0.12298538474763833,-0.38712397788947017,0.26897168330369425,0.3483160061713526,0.8939738323359463,-2.0126325500434374,2.234998168403615,0.06065560790947952,0.6247422380622328,1.1468052832485471,1.148023975186192,2.0126325500434374,-0.893973832335947,0.5216379277079463,-0.25947596364157,-0.45504116317834126,-0.5737127814690962,-0.4430159425639276,0.1325402314653172,0.02452383803125581,-0.3747723420151606,-0.6663639641110671,2.4160338057085053,0.27583454506891375,0.6620334066649622,0.9099901529132779,1.3792126780187515,0.09387908442092041,0.6160407084282594,-0.26463402725168356,0.22417816752487937,1
0.46750881644657266,-0.9008383962538722,-1.168717627632051,1.0385308760612593,1,0,0,1,0,0,-0.7353015457273552,1.238465210554723,-0.6943490651242283,0.6101330296216397,0.30829872852547685,0.4809426480807296,-1.4552385933703318,0.9261067459077212,1.1909059302572969,-1.184732933636707,-0.39798704958430736,0.2193139869997888,0.6162350636199858,-0.5760269616337554,0.029144948376375043,2.1090743469494857,-0.21676681868711248,0.9312802606495652,0.7547787594442794,-0.44946226314143684,1.4479853355707946,-1.2419138032544144,0.4914080180830537,1.3855554939302612,1.4266165717886814,0.44946226314143684,-0.7547787594442801,-0.5367575899491508,0.04072103005925432,0.05442496307539909,1.1447137843208466,0.9907195972144606,-0.8126095827270634,0.18764225758709038,-0.1532996650890431,0.38782468222872474,1.1392581639597994,-1.2416975682086098,-0.4601222117987924,-0.1532440991387405,0.39767203775660004,-0.44541496736468245,-0.9479482933959068,-1.211010225189582,-0.20882997275045564,1
-0.6376024649146498,-0.35971531085317227,1.4383931084795292,1.0385308760612593,1,0,0,1,0,0,-0.6343500496942954,0.4011454177198736,-0.7199354279589849,0.9370700838385678,-0.25795211518239364,-0.4156787056002934,-0.8925390376346803,-0.5584153915467168,-0.7600872240601595,-0.4958075297496612,-0.025211123322356636,-0.02039582676211257,-0.019660933429285623,0.16381533667389594,-0.05535998067893274,-1.2905493022693488,1.271183691769217,1.267642843887842,0.5364130502320184,-0.5598254073642694,1.404779612867537,0.7109842362709,-0.25781289031747434,1.9302879746216663,1.2703822054550167,0.5598254073642694,-0.5364130502320191,0.35452284597261524,0.19081952690966666,0.7731361054690666,-0.08273376267196997,0.4274663494443799,2.243374816494967,-0.5463906304141645,-0.8177176958673952,0.8219023601333442,1.4445740782910115,0.8069707847160468,0.3518440487156324,0.15794641365697218,0.9392117013495113,0.31594134103852145,-0.5363722402842841,-0.8213259083916238,0.7190446135538346,0
-0.35489957898503444,0.4648532002336079,1.0038746524609323,-1.161438585374874,1,0,0,1,0,0,-0.6974447347149578,0.9390070902005927,-0.7583149722111197,1.2350746553814314,-0.22093079326889808,-0.232329700608164,1.5539193577517105,0.5570582740988612,-1.9529251104237646,1.589529997570033,0.3158629158540403,-0.5043478706303387,-0.7551000442348826,1.468144115925797,0.6758311941805041,-0.33113356009684,2.018246873581196,1.5424065320164968,0.22845561284398783,-0.9144498376620688,-0.6938103915264364,-0.08754710914015518,2.3369567558292337,-0.14609342709591439,1.0952225131406328,0.9144498376620688,-0.22845561284398855,1.3850658500071569,0.641115017460903,0.04532735367801011,-0.1344157646506147,0.6664222727407777,0.3530751881102058,-1.1173050988595852,-1.3160312189511594,0.5118468759157585,-0.6648813298155464,-0.1035484832504671,-0.058700689746716966,1.143383037510063,1.0069041592986248,-0.9529858396334858,0.03983423407198747,-0.3759724034796717,0.22417816752487937,0
-0.1749977424843705,0.4648532002336079,0.27967722576327125,-1.161438585374874,0,1,0,1,0,0,-0.7226826087232228,1.1774106423271817,-0.7583149722111197,1.2350746553814314,-0.08883385827611373,-0.04898069561603459,0.515830739888656,1.690885603294156,-1.4100860617388118,0.8835448721845656,0.0595369300937527,-0.44257915702403855,-0.3139051106567821,0.1597901549293981,2.2577112759732985,0.2894617837518938,0.8651664453332841,1.0011466375903086,0.4977080171176754,-1.0972459357537168,-0.5576147604721535,-0.05906796147721564,2.2185160616423,-0.3357278833987697,0.9000239092246133,1.0972459357537168,-0.49770801711767615,0.29881781872750485,2.4422969796658496,0.5820863081239148,0.6537347655237203,1.0077878774499178,0.4475901695294441,0.02452383803125581,-0.2086678343205727,1.069946747507413,-0.5538573609678327,-0.1035484832504671,-0.14080963743918734,1.0007540524786946,0.7869036709640054,-0.9212626601166852,0.28677986593896093,-0.2089648391376897,0.038603250264021984,0
-1.4086103356317816,-0.17934094905293926,1.7280720791585935,0.3052077222492148,1,0,0,1,0,0,-0.7731583567397526,2.994510887194476,1.5572508643343463,-0.6466940177397191,2.379766134696019,2.8027671210542318,1.5371481576074877,0.2798591784996748,-0.16119542739414977,2.4017419627682455,2.6184245107383073,3.3021719121120885,-0.6460332192529848,1.0868165707325423,-0.45853296217988204,0.9166281371237301,1.0954789392277715,1.2598049327267316,1.324112778207694,3.1905297085394526,-1.051507619581305,-0.8434637609072831,1.1414824278553857,-2.158340280388812,-2.1741257881530007,-3.1905297085394526,-1.3241127782076947,1.4686233908748227,-0.10937746679115769,1.1916261377489248,1.5581698001500064,2.0318846915773383,0.25856020669096863,0.8401159358104279,0.2342775195316623,1.5040244254120325,-1.0653606460162273,-0.9381911455531051,-0.6634396060849082,-0.02728603443571433,-0.8788143121409748,-1.7641928587059477,-1.2654498200820157,0.33182155968396654,-0.19115617110656447,0
-1.074506924987691,0.4648532002336079,0.27967722576327125,-0.4281154315628296,1,0,0,0,1,0,-0.0412600105000692,-0.347209147126273,-0.3617263482723934,-0.19708323698475788,-0.32699198043353456,-0.11471802179613952,-0.40034681620375134,0.4034880543411783,-0.6509756013428828,-0.7481727048417186,-0.5979294198376242,-0.32659472563339875,0.2514290776914087,-0.34887062944642616,-0.13673859465367402,-0.20540496724329654,-0.18968664565840593,-0.0570771959012901,0.20465562353765385,-0.6484112087471453,0.2081045711277524,-0.6907817396170004,0.6834932719474704,0.8226430253652006,0.7216127573363226,0.6484112087471453,-0.20465562353765385,-0.3696425082138195,-0.18442671521636386,-0.17301527185930607,-0.25070026910256554,-0.3064697006802721,0.1325402314653172,0.10608304780917345,0.012804842605544792,-0.29429738304996345,0.11228645211844858,-0.7105613285614767,-0.2594114507727547,0.11904759955750843,0.4484413812184362,-0.7309235830158842,0.03983423407198747,-0.26463402725168356,-0.20882997275045564,0
-1.100207187344929,2.6551133078078673,-0.15484123025532542,-1.161438585374874,1,0,0,1,0,0,0.03445361152472564,-0.37570127896579214,-0.3233468040202586,-0.20981352936134623,-0.3380930387452739,-0.1267922245639139,-0.4097133847547315,0.6302335049336771,0.6333992465505363,0.6608728050397252,0.78356251132962,0.6802896096226834,0.09174850543390073,-0.67434164741712,-0.201471603928156,-0.26938588266867625,-0.1327613789172895,-0.3701046841403867,0.12009793795335687,0.8087222172553705,-0.10407779354284058,-1.0668450941453798,-1.1365848216414816,-1.024440434389145,-1.3800048294899403,-0.8087222172553705,-0.12009793795335758,-0.6760201580619267,-0.25947596364157,-0.2276009282436361,-0.3282232720705331,-0.3576745413866426,-0.18250970659880966,0.6769975162545934,0.6772228733838963,-0.29429738304996345,0.05677446769459199,-0.8623145398892288,0.6985262723060605,-0.0495139282068366,-0.44848368660732285,0.886958572340925,0.36909507656128593,0.9044189231421907,0.2860364732784985,0
0.544609603518286,-1.3388904177687242,-0.8790386569529866,-0.8681093238500562,1,0,0,1,0,0,-0.5081606796529707,-0.01751447869755106,2.1713235723685034,-0.6871994934834094,1.4434685823623779,0.5176124490791555,0.691527794739349,-1.745854153743723,-1.6194189456948624,4.87414501627184,4.08543599848672,3.1640727214992763,-1.795243181840014,-0.08639140250143693,0.09484833256055566,-1.804351542894732,0.7603860988870302,0.3063328883567414,0.20465562353765385,4.112442859858279,-1.0479075036986536,2.491256593505628,0.4006006600109284,-5.83066962392461,-5.012192443581123,-4.112442859858279,-0.20465562353765385,-0.11896988561082296,0.04072103005925432,-0.12752722487236504,-1.0259302987822392,-0.71610842633123994,1.3297299961089997,0.10608304780917345,0.012804842605544792,0.139780294854656,-1.3032691506898992,0.5793409677244183,-2.722679881546851,-2.1759824323108745,-3.562336752266559,-2.4439752769230942,-1.853415610241477,0.013711913318286572,-2.9305954259097073,1
-1.2287084991311177,0.18140777454752677,0.27967722576327125,-0.4281154315628296,0,1,0,1,0,0,-0.1295925695289965,-0.3326723451673346,-0.23379453409861076,-0.2838806850069512,-0.09920064193564308,-0.03645930015315746,0.4069845571964645,-1.2268125641334986,-0.2001803227410695,-0.2298048414171361,-0.04468866374164442,0.27516931203503436,0.2556628326966759,-0.08859429028815681,-0.5217032493363325,-0.2085839632188097,-0.6450722327471793,-0.505739380395863,0.004530982273632039,0.37080434932556694,-0.6544443048655273,1.1612078827534988,0.06404643999337584,-0.32919106872832266,-0.4356586192387719,-0.37080434932556694,-0.004530982273632748,0.18740776423728422,-0.18442671521636386,1.1643333095567605,0.8604627734383002,0.529876030857121,1.0146800580448727,1.166352774922097,1.2862727349307197,1.2559800380379649,-0.5816133531797613,1.1863538130354276,0.22411901897178985,0.22277777048941236,0.0761328624983096,-0.09645999267988113,0.03983423407198747,0.23638866577426285,-0.023255055489598248,0
1.7782221966656961,-0.7462318004251005,-0.8790386569529866,0.5985369837740325,1,0,0,0,1,0,0.4130217216486998,-0.4885068621671538,-0.34893316685501513,-0.2005551349056456,-0.607857328228984,-0.22070269053549238,-0.46566566593937736,-1.0350823413612693,0.14688552178217204,-0.45084143870240845,-0.4802148282271262,-0.49929192398556604,0.25126320330795615,-0.8468529734013045,-0.33886071220798886,-0.00831024102629472,-1.055080444321014,-0.918042988067956,-0.30219600057873947,-0.38126032008238236,-0.19864606881049332,1.0812197747949492,-0.20914841976517315,-0.4371420100055277,-0.27198749959960977,0.38126032008238236,0.30219600057873874,-0.7317251853070371,-0.18442671521636386,0.47291499535525605,0.3953247556304958,-0.06751377738387422,0.2270552128845555,0.8401159358104279,1.1201682272361313,0.38782468222872474,0.0012624832707351544,1.413983630027056,0.8809906005115491,0.6247321828505417,0.39767203775660004,0.886958572340925,1.1922471827845313,1.0714264874841732,0.904619530814692,0
-0.5348014154856993,-0.514321906681944,2.8867879618748513,-0.4281154315628296,1,0,0,1,0,0,-0.29363875058271866,-0.22800737106297844,-0.5664172509504457,0.09224158975588642,-0.42318787746613595,-0.24663986685145214,1.3975612328538944,-0.24186773024050137,2.176254478875278,-0.0059123188026706675,1.1380332267085205,-1.3362789591455366,-1.7269339085221371,1.9996760231571165,-0.5948135065121928,1.5824501930619355,0.6635052664687296,1.4595316958191904,0.2857518833962749,-2.1059303621381678,0.054709806178866525,-0.26390006294782037,-1.384802944466703,0.6659076256856893,-0.05455030482310658,2.1059303621381673,-0.2857518833962756,2.7498390175123615,-0.10937746679115769,1.7738731391817693,2.514286836754938,2.765820741701989,0.5106001571422693,-0.22015379130249568,-0.3747723420151606,2.00011320016017,0.3620903820258042,0.12408133374116129,1.2641656897430753,0.2357440418559006,0.49921072468027106,1.7752075988113303,2.509290552741724,1.3497724280541432,0.22417816752487937,0
0.4932090788038099,0.7998341578626126,-0.15484123025532542,-0.4281154315628296,1,0,0,1,0,0,0.059691485532990585,-0.3867492484545853,-0.2593808969333673,-0.2578414506002932,-0.2828605499304915,-0.0981718920773376,0.7495533390246049,0.6839691463602205,-1.79869045514793,1.7334153461317834,1.2248479370683627,0.0794754986761925,-1.8266325922131592,-0.2465470015050554,0.8187488642172922,-1.147809484596376,0.32279916519072444,-0.4131238510417161,-0.8195116582252774,0.9211767860776201,-1.2886190229942185,-0.11856447970399332,1.3054322709795085,-2.021650175431651,-1.995697338807531,-0.9211767860776201,0.8195116582252766,-0.2582324537235989,0.7161642658861095,-0.09113678728281299,-0.6641562849317252,-0.5112890635057554,0.3530751881102058,-0.709509049969999,-0.4301405112466897,0.07776919801113909,-1.2477571662660425,-0.2553016945782196,-0.4509989953885172,0.2487103132223888,-0.6007917169928287,-1.7143421480366898,0.6160407084282594,1.2941032399401495,-0.8892713360402683,1
1.110015375377516,-1.41619371568311,-0.15484123025532542,0.5985369837740325,1,0,0,1,0,0,-0.6343500496942954,0.3778865345855722,0.39307135535292426,-0.4806215671905893,1.181747559641909,0.6620556895973452,-0.3206034566695832,-0.6992677602602725,-0.029520831404313864,0.18093295166842252,0.5179240212842637,-0.4771479997740615,-0.6925287584009576,-0.24625101583365072,-0.01288285003550892,-0.14337082857503372,-0.11345771703538463,-0.16508563142746555,-0.8963291925090734,0.23819541748766626,0.19975579731874918,0.9468611896984039,-0.10371789060450642,-0.3569314749379258,-0.8345005812761864,-0.23819541748766626,0.8963291925090727,-0.45320004908148526,-0.3345252120667762,-0.982702508226857,-0.8967252938356269,-0.8867912286858101,-0.655084613695,-0.8726274695258333,-0.5962450189412776,-0.728375060954584,-0.05424950115312168,0.5034643620605421,-0.8432973010303187,-0.7626588533636787,-0.8377153198147269,-1.016432198667086,-0.04248097655033679,0.06938110143228039,-1.0129879475475077,0
-1.1259074497021662,-0.5400896726534062,0.5693561964423357,0.3052077222492148,0,1,0,1,0,0,-0.23054406556205628,-0.28208427435022915,-0.7711081536284979,1.324765351671031,-1.2786749721771822,-1.2407492280648755,-0.8901664576592848,0.10091084595450156,0.05319500352218985,-2.111472590657917,-2.166594759743631,-0.5090498774360798,1.826857913035365,-0.24122102501187598,-0.41683899478913494,0.8185757925459212,-1.0383002741788623,-0.9048437936403438,0.2696932180777363,-0.9617617689328484,0.9967729224582009,-0.5560834573107132,0.7498703765021635,1.822902470769952,1.9332754477999596,0.9617617689328484,-0.269693218077737,-0.007559831120602114,-0.10937746679115769,1.0278691685959374,1.3514417922354265,0.785900234388976,-0.18250970659880966,1.7372672433675176,1.7292180887829538,0.8219023601333442,0.9727222106882286,-0.482931511569848,0.15113328768959466,0.5210020119186368,1.2776739910950803,-0.12818317219668063,-0.6186874509066087,-1.0440026608476,0.47161139053935697,0
-0.1749977424843705,0.4648532002336079,0.27967722576327125,-0.4281154315628296,1,0,0,0,1,0,1.5487260520206223,-0.6524819882639784,-0.3617263482723934,-0.19708323698475788,-1.0501833549600557,-0.3494941867250857,-0.670476449522812,-0.15707453347843706,0.13387028336396492,-2.0664887183190617,-2.098724200465318,-2.164228466532844,0.9319208709492102,-0.8054531549635842,-0.8383902696218353,0.9547899731907985,-1.7816704326366195,-1.7371652695716995,-2.4117296415621516,-0.5598254073642694,0.1275145221933305,-0.6242912407504679,0.7764666814231826,1.0250190371661472,1.0324404736954504,0.5598254073642694,2.4117296415621507,-0.8640246250141741,-0.9349191994684248,-0.6915790075104341,-0.13764588977427983,-0.8227851778028462,-1.5057194464681423,-0.9337968768592713,0.22043547722377976,-0.4028168025261189,0.05677446769459199,-0.6346847228976005,-0.19554893590083341,0.22277777048941236,0.6345956405784983,-0.635754044465484,-0.5363722402842841,-0.8213259083916238,-0.08511336124321738,1
0.544609603518286,2.6551133078078673,-0.8790386569529866,-1.161438585374874,1,0,0,1,0,0,-0.5081606796529707,-0.01751447869755106,-0.3233468040202586,-0.20981352936134623,0.3043920276972623,0.14867847561938297,0.07161530283133784,0.7028557810109958,-0.6774846940090395,0.8267210069887259,1.2321408266404432,0.46574456735739,-0.7952955582994865,-0.06727996942681438,0.03889803976059334,-1.417757948137365,0.49643406739502655,0.5484814755706515,-0.07652239220166908,0.7111140177770428,-0.16680817461231442,-0.9257244148112072,-0.4985657372408092,-0.6245912215292618,-1.0663580122807046,-0.7111140177770428,0.07652239220166766,-0.11896988561082296,-0.03432821836595151,-0.20030810005147043,-0.8838047933409655,-0.6649035856248688,1.2982250023025865,-0.46483142063624716,-0.4855086804782194,0.139780294854656,0.0012624832707351544,-0.7105613285614767,0.7350191379471587,0.3394742127878045,0.05920974801103089,0.3476645205553221,0.28677986593896093,0.7374113588002092,0.40975308478573785,1
-0.4577006284139859,0.18140777454752677,-0.4445202009343899,-0.4281154315628296,1,0,0,1,0,0,-0.7100636717190902,1.0727456682228256,-0.23379453409861076,-0.2838806850069512,1.0348572569789978,1.0444054439102006,0.8451927148540496,-1.4255749543675522,-0.6319881079523615,0.700371438508867,1.2319468423914766,0.8595231142048495,-1.219587383870886,0.26179895662212166,-1.0887797549484592,-0.7865550662750657,0.5728947054324118,1.1868269859883713,1.116988546947158,0.06447137185505257,-0.9136746115026497,0.8659307064808472,0.07353692877279953,-0.37808404607500423,-0.4428856762057579,-0.06447137185505188,-1.1169885469471588,0.1317027369921738,-1.0850176963188372,-0.3731626786018469,-0.7029177864157086,-0.4600842227993849,1.109195039464111,-0.6279498401920818,-1.0945585420250417,-0.046252995675895824,-0.859173275299045,0.8069707847160468,0.0051618251252043045,0.04124997135858002,-0.11002139686175369,-0.2233527107470814,0.28677986593896093,0.3477270420022505,-0.332546584257695,0
0.4932090788038099,-0.514321906681944,-0.15484123025532542,-0.4281154315628296,1,0,0,1,0,0,0.059691485532990585,-0.3867492484545853,-0.5664172509504457,0.09224158975588642,-0.7533005492859539,-0.36872347261450417,-0.19252451345979407,0.9452566641834029,0.02008708923016389,-0.15069225006300438,-0.21076208967769758,-2.0761273274440826,-1.0277252905998948,-0.12871565443818875,0.9281870152246908,-1.265153239434371,0.6329505423983446,-0.12262405924652647,-0.9971070548845234,-1.8426714194832678,0.13909885722779272,-0.3675570606465572,-1.298816718617365,0.8311984310406033,0.15428251183999775,1.8426714194832678,0.9971070548845228,-0.20252742647848845,0.7161642658861095,-0.31857702221751816,-0.8967252938356269,-0.6307670251539549,0.3530751881102058,-0.9541866793037505,-0.6516131881728072,0.015758101167622184,0.41760236644966076,-0.02767187758659086,1.127317443588959,0.1838789563899486,0.5161338391675497,1.6800380602609295,1.8507688677631275,0.9044189231421907,0.34789477903211874,0
-0.894605088487027,0.38754990231922204,1.0038746524609323,-0.13478617003801185,1,0,0,1,0,0,-0.6722068607066928,0.6104753659285859,0.41865771818768077,-0.48756536303236475,1.3317307912091358,0.8462990799796801,1.9031244090400987,0.43215418923331,0.34829188106269793,0.9029797060693074,0.49634720615846367,0.007806703397084922,-0.3904642767439774,1.8360875697827332,-0.8237810403917176,0.6008556639759343,0.9066902457442001,0.8324412858812368,0.28185302474922574,-0.26889098598050765,-0.8117437521880371,-1.4183909492830706,0.12767532673669077,-0.3208088004588842,0.1674412170241813,0.26889098598050765,-0.28185302474922647,1.1900982546492709,-1.009968447893631,-1.0827762115981268,-0.6512357844370638,-0.2894014204448148,-1.1591645145976028,-0.7910682597479163,-0.983822203561983,-0.9764194483286528,-0.6093693453916895,-1.1658209625447336,1.0634549287170376,0.9748215097457181,0.7699805564767266,1.0772976494417266,0.4514102871836102,0.3477270420022505,0.8427612250610729,1
-1.4086103356317816,-0.2566442469673251,0.5693561964423357,-0.13478617003801185,1,0,0,1,0,0,0.40040278464456736,-0.4855995017753661,-0.46407179961141953,-0.1044992924277517,-0.7689639995424948,-0.2927007144470359,1.3421699464173564,1.6446266032014676,-0.765104615333146,1.1674703534478965,1.0200221977708892,1.2314408047186618,-0.37155644113464986,0.4599671901030753,1.3076907386599281,-0.037515988610994096,-0.38299403294201056,-0.7891154341233718,0.11588809585456382,1.5646019821150705,-1.4067261858095168,-0.9472857511390705,1.0082236897908494,-1.9569474556137647,-2.096496446238247,-1.5646019821150712,-0.11588809585456454,0.15955525061472892,0.7912135143113154,-0.8553359766634215,-0.7416792878996918,-0.8355863879794388,-1.0016395455655394,0.2692014673650073,0.2342775195316623,-1.0384305451721696,-1.4142931195376127,-1.1658209625447336,-1.3268277707748632,-0.6978274965312384,-1.3454087544330806,-2.0950203022382925,-0.4540570296619595,0.3477270420022505,-1.5078543935764617,1
-0.5348014154856993,-0.8493028643109486,0.27967722576327125,-0.13478617003801185,1,0,0,1,0,0,-0.7479204827314877,1.3285933827001406,-0.1826218084290977,-0.315706415948422,1.3213042971629283,1.265765827986064,0.1128707375664276,-0.7069698703361569,0.5213800179027247,1.1900896378118153,1.6097919510802536,-0.10123405146412634,-1.3140132033194545,1.0463689166822534,-0.5357389593517806,0.5316438701098672,1.7185035255359415,1.9545510168442883,0.5174554829923397,-0.651277219968356,0.8885699843955245,0.4336468051348111,-0.17849313288597657,0.09630435624899367,-0.1845697320570369,0.651277219968356,-0.5174554829923405,0.9951306592913848,-0.4846237089171882,0.06352257247278678,0.33072225315718967,1.0419244379208312,0.1010352376589052,-0.8726274695258333,-1.149926711256571,0.5118468759157585,0.5563823275093027,0.12408133374116129,-0.7246954876967501,-0.6978274965312384,-0.6177148314801074,-0.6040308649486834,0.2044646553166367,-0.09762646290970158,-0.9511296417938885,1
0.544609603518286,0.18140777454752677,-0.8790386569529866,-0.4281154315628296,1,0,0,1,0,0,-0.5081606796529707,-0.01751447869755106,-0.23379453409861076,-0.2838806850069512,0.40586589903327663,0.20591914059253555,0.3505508706937082,-0.3742264914149496,-1.287448518976599,0.4927789476711047,0.5156020405762798,-0.48426430788801866,-0.5742885074858654,-0.10415069890766718,-0.36829042179665944,-1.2044130976798062,0.6329505423983446,0.7504878940801639,-0.45503125954306783,-0.20918429502488586,-0.5915156702322403,0.14469234411360082,0.5496662452098439,-0.03808964379822662,0.06239745309659856,0.20918429502488586,0.4550312595430671,-0.28608496734615396,-0.5596729573423944,-0.7643598826895395,-1.2068173057074962,-0.9379960693921812,0.6996301199807459,-1.0357458890816678,-0.983822203561983,-0.29429738304996345,-0.5261013687559044,0.19995793940503753,0.19674936974096682,0.45617065508619664,0.4145951522438788,-0.28679906978068154,-0.04248097655033679,-0.15329565102369538,-0.08511336124321738,0
0.18480593051695732,-0.5400896726534062,-0.4445202009343899,0.3052077222492148,1,0,0,1,0,0,-0.21792512855792381,-0.28789899513380446,-0.7711081536284979,1.324765351671031,-1.2922481779456862,-1.2452211550159031,-1.4102046739164535,0.6222750296632142,-0.3201068420605025,-1.2984124960932162,-1.614650050352662,-0.6271038820838006,1.1890157169803512,-0.4120370621133978,0.006893244703926365,0.3661358176010211,0.14312012214495956,0.09889503300072852,0.25295560183580257,-1.106173187055868,1.5492213496897234,-0.8471865058284828,0.8055279634247805,1.8959869788359986,2.195675895871501,1.106173187055868,-0.2529556018358033,-0.3696425082138195,0.04072103005925432,0.11810822885711679,0.29196075167320634,0.3421249482670949,-0.2770246880180474,0.02452383803125581,-0.09793149585751397,0.015758101167622184,1.4445740782910115,-0.7864379342253526,0.03253147435602734,0.4432043837197094,1.2269046476332444,-0.0647368131630805,-1.0302635040182315,-1.4893561657595522,0.6571863078002155,0
-0.8175043014153137,-0.5658574386248675,-0.15484123025532542,-0.4281154315628296,0,1,0,1,0,0,-0.81101516775215,4.32608194663323,0.29072590401389814,-0.46615532585355707,2.494538986777851,3.6873142719674803,-1.2651453238880508,-1.1640632969982527,2.999386564528192,-0.9680794707930804,0.4944193765717491,0.29684250110074034,-0.13607091349305947,-1.1637146275490702,-1.1158136288516027,1.7750138421053654,-0.31176544647903265,0.7619018039028402,0.4407888507730546,-0.032311248161722386,0.5964454257023946,0.47991580831246194,-2.3165441841212093,0.9986716298028427,0.10107941514845338,0.032311248161722386,-0.4407888507730553,-1.1216603760228097,-1.0850176963188372,-0.24579614703841146,0.6795757665130432,0.512807750621665,-0.7811045889206503,0.10608304780917345,-0.09793149585751397,0.015758101167622184,0.27882240539001907,0.12408133374116129,-0.8250508682097696,-1.761061748583257,-1.3623318689203594,0.8235122133073248,-0.37174181903963527,-0.4316415915936655,-1.0129879475475077,1
0.8273124894479005,-0.12780541711001567,-0.15484123025532542,0.5985369837740325,1,0,0,1,0,0,-0.5333985536612357,0.03191064796283935,0.2267599969270068,-0.45400368313045003,0.8211556226342537,0.37540517203647955,0.9218811863605404,1.2161604342388876,-1.096632152245911,1.6353772764135588,1.4229168219061432,1.641260757492422,-0.7378314425670599,0.3865351079147776,0.06311140066550505,-0.9389697209176385,0.46567637502995635,0.17157063359764224,0.42176776227307794,1.8201797897890004,-0.8956769052864256,-1.6059947469767424,0.5555588738871805,-1.747532472612225,-1.6823562270083834,-1.8201797897890004,-0.4217677622730786,0.744458036688388,0.491016520610491,1.3098950599149712,0.5374502610717695,0.7176271134471482,1.7392949155923647,0.6769975162545934,0.5111183656893089,1.0079356506638961,-0.9701972441467586,-1.6210805965279906,-0.934529465133063,-0.5422322401333817,-1.1423313805857394,-1.3653871733518879,-0.6186874509066087,0.29205785388825667,-1.136704559054746,1
0.8016122270906633,0.10410447663314094,1.0038746524609323,0.5985369837740325,1,0,0,1,0,0,-0.09173575851659908,-0.34023148218598254,-0.20820817126385424,-0.2861952836208763,-0.10721873323983838,-0.040484034409082256,-0.09303396850821598,0.7929723114104116,0.3344594217545633,-0.8526974082732873,-0.6940101149883593,-0.2763249436741608,0.4340120675641886,0.30219170360111897,1.0938390920311083,-1.2585001504261493,-0.13219599969899204,-0.48189844226633044,0.39760879354609974,-0.7712178265546397,0.4313123875305773,0.007404606750431163,-1.7218885158818955,1.0208558967439896,0.4317671043479481,0.7712178265546397,-0.39760879354610046,0.4659329004628361,1.3165582532877582,0.6639647927004092,-0.1473362651452761,-0.18699173903207253,1.2982250023025865,1.0847935651441794,0.954063719541543,0.38782468222872474,0.3620903820258042,-0.02767187758659086,-0.0951935553878152,-0.9571529238609991,-0.5500223735309933,1.2359135470257274,0.5337254978059351,0.18071947766026855,0.038603250264021984,1
0.6731109153044746,0.2587110724619126,-0.4445202009343899,-1.6014324776621007,1,0,0,1,0,0,-0.6848257977108253,0.7965464310029968,-0.6175899766199587,0.21375801698695704,0.29119965917249946,0.447403195948023,1.3326503786095873,-0.4408793732779734,-0.20191754960283959,1.2478382676032076,1.5958911687003436,1.3844493085087746,-1.8539365040313271,0.8539897676379327,-0.09398799474008235,-0.03121112067486763,1.1345368927378112,1.4668105598413073,2.00124968809791,-0.09659134035763388,-0.9997862781944258,0.5109656660598695,0.24466388829579697,-0.5607616337690686,-0.64268165944529,0.09659134035763388,-2.0012496880979107,0.8558680911786088,-0.03432821836595151,0.1817914946388332,0.13691474573727128,0.59814915179895,0.7311351137871589,-0.22015379130249568,-0.983822203561983,0.38782468222872474,-1.0257092285706153,0.19995793940503753,-0.6973258384659271,-0.47740088330094144,-0.6515610604546642,-0.8895394805998851,1.0276167615398821,1.0714264874841732,-0.3944048900113141,1
0.46750881644657266,0.38754990231922204,-1.168717627632051,-0.8681093238500562,1,0,0,1,0,0,-0.7353015457273552,1.3140565807412024,-0.2721740783507456,-0.24916170579807387,1.140158331871535,1.2031588506716784,0.4132573851056246,0.48959282902667994,1.241312051175008,0.781328263915234,1.2896042745963443,0.6500186044508114,-1.1993738985319011,-0.6858555066124948,0.02564332173710223,2.128835281086871,-0.42689606085453297,0.7298806942372569,1.2994551316290601,-0.40223592911473205,-1.2599431948078053,-0.6462926059313837,0.4423589952443451,-1.4788269038329784,-0.9639622784163108,0.40223592911473205,-1.2994551316290608,-0.6760201580619267,-0.03432821836595151,-0.16391766246191838,0.9379857764062678,0.700558833211691,-0.9701345517591269,0.5954383064766764,0.012804842605544792,0.015758101167622184,-1.1367331974183288,-0.482931511569848,0.4978155112800227,0.6636309969500054,-0.025405824425361403,0.12560226393772106,1.5215080252738291,1.4054416161681371,-0.2706882785040748,1
1.0586148506630406,-0.1535731830814779,3.176466932553916,-1.161438585374874,1,0,0,1,0,0,-0.4576849316364408,-0.10764265084296887,-0.579210432367824,0.10960107936032508,-0.21546788094178354,-0.16748675981826458,2.6499207691904836,0.5898304554904366,0.1530227994946716,2.244976593312349,1.5548516054114145,-0.5343684541090754,-1.6812112253017488,3.5493312228851144,-0.39912165580596715,0.7110667296151271,2.901503739537795,2.417353573252253,0.7976720237538321,-1.5199362389813735,-0.13832939837050787,-1.2093921238918384,0.5053661950458753,-0.1557371032747987,0.3386920271927311,1.5199362389813735,-0.7976720237538328,3.2233317490957996,-0.40957446049198204,-0.12752722487236504,0.2531992501892221,1.4515631635718003,-0.6865896075014126,-1.2804235184154193,-1.648240234340335,0.38782468222872474,0.11228645211844858,-0.9381911455531051,1.0908245779478607,1.2211806657089916,1.0745966172477384,0.7600658542737248,1.8507688677631275,1.0714264874841732,1.0901944480755505,0
-1.4086103356317816,-0.07626988516709207,1.7280720791585935,-0.13478617003801185,1,0,0,1,0,0,-0.6469689866984278,0.459292625555627,-0.3361399854376369,-0.20865623005438366,0.650612099076465,0.5144821002134362,0.10900821842384412,-0.37924028447431135,-0.4059411822963914,0.035800861286747074,-0.1320737137745407,-0.8890337556653959,-0.007582196766432795,0.01483972577861104,0.2959408447165226,-1.2767866813452637,-0.006378051125058892,-0.36949258830704024,-0.7652983266135058,-0.45352244570481864,-0.1367509021257785,0.8169862337465782,-0.7281122866045703,-0.05468902023619906,-0.18903530024045775,0.45352244570481864,0.7652983266135052,0.15955525061472892,0.491016520610491,0.6093791363160792,-0.19901826712392082,-0.18699173903207253,1.2982250023025865,-0.05703537174666111,0.34501385799472056,0.7598912632898273,-0.19302946221276363,0.6552175733882943,-0.24116501795220557,-0.5681647828663581,-0.5500223735309933,0.31594134103852145,-0.04248097655033679,-0.26463402725168356,-0.5181215015185524,1
-0.35489957898503444,-1.0039094601397194,1.0038746524609323,0.3052077222492148,1,0,0,1,0,0,-0.6974447347149578,0.9390070902005927,-0.4512786181940413,-0.11202173792300846,0.6916351181611442,0.8087348935910488,0.09987095795060917,-0.45626175699468385,0.247120640540517,0.7687433368370555,1.0586585516141365,0.5117310790888578,-0.8883266325171768,1.4038938500482196,0.48263785613801385,-0.3166916684502673,1.9470495906971617,1.5834048885056669,0.6912331826893902,0.012383503443245562,1.2638811952325246,1.1097295895345642,-0.6560667793737929,0.8921383918547162,0.1695787229486159,-0.012383503443245562,-0.6912331826893908,1.4407708772522676,0.5660657690356972,0.3182556355996563,0.09815324425328795,0.8883099158017184,0.6366201323679207,-0.8726274695258333,-1.2052948804881005,0.8219023601333442,1.1670141561717275,1.0346006017076752,0.0051618251252043045,-0.3347718982695729,0.025363519036474696,0.12560226393772106,-0.28942660841731066,-0.32030321536567735,-0.08511336124321738,1
0.2105061928741954,0.1298722426046032,0.5693561964423357,0.3052077222492148,1,0,0,1,0,0,0.9682549498305286,-0.5739832576857113,-0.7839013350458762,2.036504425453016,-2.098752902211089,-2.0152869759828467,-1.629746574829675,0.7855317485025782,-0.969218437059237,-2.7510947371232675,-3.339303505703803,-1.516654386289266,2.206620476557797,-1.022324773307179,-0.5953338726703882,0.6139491953685043,-2.112313733824016,-1.804198949173736,-1.9417276225889224,-0.14275387761029457,1.2447074169279133,-1.6745593817606421,1.9419138047804816,1.6220173639345166,2.579808987989636,0.14275387761029457,1.9417276225889217,-0.94526112307996,-0.5179789304395023,0.15247697546947114,0.4527492022734344,-0.46956660070797235,-0.5605696322757617,-0.3107751355001815,0.8125672870609685,0.139780294854656,1.4723300705029398,-1.4693273852002382,0.8080048692293539,1.791696605834465,2.5130613486664073,-0.12818317219668063,-1.6064699783745033,-1.823371294443516,1.646919199858125,1
-0.1749977424843705,0.10410447663314094,0.27967722576327125,-0.4281154315628296,0,1,0,1,0,0,-0.7226826087232228,1.1948548046779077,-0.0035172685858019803,-0.3706781330291445,1.3101703800318332,1.2053948141471922,0.3082494902860762,2.311254232157415,-0.49797959353090476,0.532926378458084,0.07226561421808746,1.001490186137671,0.45972236317806503,0.20984113446998423,1.9286273304691561,0.16052530820341185,0.6823348317748666,0.7860059946224103,0.4407888507730546,0.92874415142872635,-0.2189576307876258,-1.2402124460183799,0.8420672405146051,-0.043357616704701604,0.673433032333665,-0.92874415142872635,-0.4407888507730553,0.32667033235006016,2.067050737539819,0.5002078235474204,0.5116092600824467,0.785900234388976,0.4475901695294441,0.10608304780917345,-0.09793149585751397,1.0079356506638961,-0.22078545442469194,-1.1658209625447336,-0.031331040515893936,0.4043055696202447,0.36382580878204385,-0.09645999267988113,-1.1125787146405561,-0.8769950965056176,0.7190446135538346,1
-0.6119022025574117,0.7998341578626126,-0.4445202009343899,-0.4281154315628296,1,0,0,1,0,0,-0.4703038686405733,-0.1047352904511812,-0.6047967952025805,0.16167954817364105,-0.2558917781093476,-0.20549813890199872,1.134044125911992,0.648398710976225,-0.7513900073613458,0.44264123256435634,-0.47121348372178534,-0.5923032300088613,0.1311868226728799,0.6664111281886104,-0.1090737797955504,-0.11578010572217345,0.045154038094283484,-0.1798151569685044,-0.2118842566452726,-0.5976867361744845,-0.9110458155722506,-0.999215297656341,0.9108274713172573,-0.5532057771313978,0.4370461043740761,0.5976867361744845,0.2118842566452719,1.4129183636297125,0.641115017460903,2.3925105782041682,1.9457848149898431,1.8782701694582253,1.550264952753888,1.3294711944779316,1.6184817503198954,2.4341908780647894,-0.859173275299045,-0.9381911455531051,-0.013084607695344815,0.45617065508619664,0.19459466390925928,0.030432725387320277,0.4514102871836102,0.18071947766026855,0.038603250264021984,0
-0.7404035143436003,-1.0812127580541053,1.0038746524609323,-1.161438585374874,1,0,0,1,0,0,-0.48292280564470574,-0.0931058488840305,0.08603500133584588,-0.393824119168396,0.6284536456680264,0.23275070229870082,0.9563479591008383,-1.9801535077715895,0.5613716551987261,0.4618279523401747,0.7126179999844046,0.8167995004805783,-0.4586676628117863,0.31404304776683173,-0.1305254746316701,-0.23232099034848092,-0.1489165417115731,-0.7430342722037502,0.2246519615849838,0.8912100192872406,-1.0160370041480236,2.5870652773723517,-1.0008740490677557,-0.7715628625795002,-1.651866648054519,-0.8912100192872399,-0.2246519615849845,0.02029268250195297,-0.40957446049198204,-0.9190192424451392,-0.8838047933409655,-0.8867912286858101,-1.0016395455655394,0.2692014673650073,0.17890935030013266,-1.2244638357027204,-0.9146852597229018,2.6280093206490753,0.33359761589508324,-0.2569742700706454,-0.5330992590437151,0.030432725387320277,0.9453015509175579,1.6837875567381073,0.22417816752487937,1
0.6731109153044746,0.7998341578626126,-0.4445202009343899,1.0385308760612593,1,0,0,1,0,0,-0.6848257977108253,0.7965464310029968,-0.10586271992482811,-0.33595915382026714,1.0370924956545442,0.87223625629563994,0.323333750583184,-0.7013052784845915,0.6483122787167914,0.6253601995865875,0.8189576429538579,1.3372332198135977,-0.768663467509961,0.8968174580197649,0.09272373046005422,-0.13953642555291823,0.938051728736219,1.0257877618162645,2.610130599062435,-0.7648691281260978,0.44648598617346363,1.055452101425434,-1.0264852544348562,0.08533475197442995,-0.06320294905470676,0.7648691281260978,-2.610130599062436,1.1900982546492709,0.41596727218528484,0.9914787310063841,0.7570987694810098,1.1443341193335734,1.1722050270769362,1.247911984700014,0.06817301183707392,0.6978801664463103,0.3898463742377325,0.9587239960437993,-0.04957747333644305,-0.5681647828663581,-0.4992530300691578,0.7600658542737248,1.0276167615398821,0.6817421706862145,-0.1469716669968365,0
0.31330724230314594,-1.41619371568311,-0.15484123025532542,1.7718540298733036,1,0,0,1,0,0,-0.3945902466157784,-0.14311244762277844,-0.6687627022894718,0.4596841197165047,-0.5690568034191699,-0.4653170947566992,-0.17245641701766676,-0.6606040770750812,1.5456447687163375,-0.5447227957961672,-0.004570656763692637,0.906174799509857,0.6321958321454137,-0.31092534136141414,-0.7282394271523085,0.8796907045999508,-0.7072546223098009,-0.09680098673264416,0.03622492998512883,1.199986903232429,-0.07086809164905161,0.17716555599575626,-1.2289438571666813,0.034583777767083566,-0.08856524511601807,-1.199986903232429,-0.036224929985129536,-0.2582324537235989,-0.6347222057676005,0.1908891040362222,0.6278937645343975,0.2909201075607231,-0.2140147004052217,0.4323198869208419,0.4557501964577793,0.3258135853852078,0.0012624832707351544,0.27583454506891375,0.32447439948480933,-0.38663698373552574,-0.3469449996836519,1.267636726542527,-0.7833178721512579,-0.32030321536567735,0.5334696962929761,0
1.0329145883058024,0.20717554051898904,1.0038746524609323,0.5985369837740325,1,0,0,1,0,0,-0.2684008765744537,-0.23789239639505652,0.9687645191349462,-0.5685763145197452,0.7497883165703715,0.25645191513914684,1.9866800746046347,-0.48823844648607345,-0.37743036702240756,2.4166687918743786,1.9932269242560938,2.3647548210904628,-0.9298139443854468,1.830807808330457,-0.8351196161979348,0.13608824498360497,1.4490033858766005,0.9976354280062273,1.3634784946753398,1.872962163112964,-0.9332054145595281,-0.16648190844001023,0.6527155176199828,-1.8279566738112647,-1.6172958002770235,-1.872962163112964,-1.3634784946753404,1.6914434998552643,-0.7848207026180125,-0.027453521501095285,0.046471242274642305,0.6322857122698633,-0.2770246880180474,-0.13859458152457876,-0.7069813574043363,-0.23228628620644656,-0.8869292675109735,-0.17942508891434333,-0.06782390615699217,0.2746428559553643,-0.4992530300691578,-0.794369942049485,-0.4540570296619595,0.5704037944582268,-0.08511336124321738,1
0.8016122270906633,-0.17934094905293926,-0.4445202009343899,0.3052077222492148,1,0,0,0,1,0,-0.5838743016777656,0.1598345052014969,-0.7455217907937414,1.1916759313703347,-0.5369393528380891,-0.7980284599131486,-0.6583406667111,-2.2771270478367596,0.9511938059743184,-1.1963220767209366,-0.2561459126545355,0.14566880127438686,0.789119391354045,-0.6825863673510293,-1.0460311661636232,1.294314888818129,-0.792010680156956,0.4706112354543122,0.46109514795545875,-0.25863368266248993,0.23340646726320227,2.077537276808411,3.4784206217125735e-4,0.8308097125006905,0.7924625058206582,0.2586336826624906,-0.4610951479554595,-0.6760201580619267,-1.009968447893631,-0.18211288125669506,0.49868875958778525,0.13730558544161034,-0.2140147004052217,0.4323198869208419,0.2342775195316623,-0.10826409251941274,0.3898463742377325,2.3245028979935705,0.6620334066649622,0.5599008260181015,0.8884423578876751,0.6331731362065233,-0.12479618717266176,-0.26463402725168356,1.2139110595827887,0
-1.4086103356317816,0.4648532002336079,1.7280720791585935,-1.161438585374874,1,0,0,1,0,0,-0.6469689866984278,0.459292625555627,-0.7583149722111197,1.3102991103339987,-0.42509869784254545,-0.6593987244312947,0.43650068902201794,0.3163445967044451,-2.4557546908105237,0.5531243608016176,-0.3086623969626546,-1.8105893352437326,-0.8201509792311004,-0.029878692662390564,0.2052033299615883,-1.2908703216384192,0.2043036705727637,0.1103927155889428,-1.0255223183500044,-1.4523273562967454,-0.6368192713483918,-0.22862469556240342,2.059898748419745,-0.5446513043445447,0.5090532336641126,1.4523273562967454,1.0255223183500037,0.02029268250195297,0.26586877533487285,0.22727954162577424,-0.4961897785011287,-0.3918111018575571,1.3297299961089997,-0.7910682597479163,-0.4301405112466897,0.5118468759157585,-0.5816133531797613,-0.17942508891434333,0.12376363845877164,1.1822818516095268,0.854596128913119,-0.826093121566285,1.2745623934068555,0.5704037944582268,0.22417816752487937,1
-0.35489957898503444,1.0317440516057692,1.0038746524609323,1.0385308760612593,1,0,0,1,0,0,-0.6974447347149578,0.9390070902005927,-0.2849672597681238,-0.23411681480756036,0.9160593027320304,0.90309255225773,-0.26695217552194284,1.0428794238048928,-0.3150325106991641,0.37786069640406755,0.4527610225458204,-0.8326826069936616,-0.8864434381189702,1.4658463393873415,0.5634431502918129,-0.3076132799418421,1.8750090801986785,1.6812045357655896,0.12355936367902995,-1.2582244350408798,1.8358598891749902,-0.8669397587993125,0.1215383155474132,1.3487614844064644,1.0527575055460574,1.2582244350408798,-0.12355936367903066,1.5800334453650435,0.7161642658861095,0.5002078235474204,0.2531992501892221,1.0248561576853752,0.9201650766256344,-1.1988643086375024,-1.3713993881826885,1.1939689411944467,1.916425945893794,-0.7105613285614767,0.4613226456389258,0.45617065508619664,1.0069041592986248,0.2207718024881207,0.12214944469431245,-0.4316415915936655,0.22417816752487937,1
-1.4086103356317816,-0.8235350983394863,1.7280720791585935,-0.13478617003801185,1,0,0,0,1,0,-0.6469689866984278,0.459292625555627,-0.8350740607153893,4.307704315367074,-1.3376646092725817,-2.9758568850635636,0.9056909671269027,1.1402671176361592,-2.3429709022544305,0.6371112097143028,-0.3579877622167317,-0.47288975509412645,-0.09635840724108576,0.005056565853829178,0.05504122727094594,-1.080727867726783,0.31593669738042524,0.34818753418204434,-0.5860329100839196,-0.06374491962016399,-1.2543328757311638,-1.5099133107289044,2.1168924313044792,-0.5474187203863161,0.8053389816019992,0.06374491962016399,0.5860329100839188,-0.007559831120602114,0.04072103005925432,-0.018355912103706302,-0.5737127814690962,-0.42594766232847037,1.0776900456576979,-0.709509049969999,-0.5408768497097485,0.2638024885416898,-1.1644891896302574,-1.3934507795363622,0.13288685486904556,1.2211806657089916,0.8884423578876751,-0.5723076854318833,-0.20711139779498602,-0.26463402725168356,0.5953280020465953,1
-1.074506924987691,-0.35971531085317227,0.27967722576327125,1.0385308760612593,1,0,0,1,0,0,-0.785777293743885,3.445151747921565,-0.7199354279589849,0.9370700838385678,0.6546137962476455,1.9253750532626273,-1.2656770385556124,-0.3061252714100663,0.8750723859524535,-1.6331294935238299,-1.2875646756059707,-0.08845086502669756,1.1920178201713245,-0.32808432702997486,-0.20602429671723485,1.0595641877096398,-0.3020240141554833,0.2129666776900083,0.39961991949913633,-0.5169746011139472,1.4321367382381924,0.21377592440951643,-0.1314934420279953,1.9067707426016112,1.8818176481739601,0.5169746011139472,-0.39961991949913706,-0.20252742647848845,-0.03432821836595151,0.5365982611369737,1.0413497803635572,0.8541733553308051,-0.18250970659880966,0.35076067714292497,0.17890935030013266,0.6978801664463103,1.4168180860790833,0.27583454506891375,0.22411901897178985,0.11904759955750843,0.8884423578876751,0.728342674756924,-1.1948939252628807,-1.4893561657595522,0.8427612250610729,1
1.0586148506630406,0.8256019238340739,3.176466932553916,-0.13478617003801185,1,0,0,1,0,0,-0.4576849316364408,-0.10764265084296887,-0.5280377066983108,0.008337390001099575,-0.10549999294893256,-0.0892280381752825,2.425429626466391,-0.0936830873226655,1.3157639901615723,1.6620041785941302,1.9188773189106205,0.702676271777315,-1.3968555065359112,3.575412607482254,-0.4128092478481427,0.8334457023944736,2.7047026744822933,2.4635718695827475,1.0187373090415208,-0.05200463268990121,0.19989121248955183,-0.28496026493000937,-0.961160899196143,0.43667645147728545,-0.08943605816151902,0.05200463268990121,-1.0187373090415215,3.2790367763409094,-0.40957446049198204,-0.082039177885424,0.3565632541465125,1.4856997240427134,-0.5920746260821743,-1.2804235184154193,-1.7036084035718644,0.38782468222872474,0.6118943119331598,0.19995793940503753,1.6017246969232295,0.754394896515422,0.9053654723749538,1.7117612397777302,0.6983559190505837,0.7374113588002092,1.3994859768436472,0
-0.25209852955608386,-0.12780541711001567,-0.15484123025532542,0.5985369837740325,1,0,0,1,0,0,0.1480240445619179,-0.4466408725254113,0.15000090842273722,-0.44243069006082425,-0.0029141666906590973,-0.0015782699351426037,0.8697035733449332,0.8939468169070981,-1.4969408693393516,1.9590831445469814,1.4031971336229314,1.087916880004531,-1.108453788396165,0.30634391854550636,-0.20113368476027524,-1.4299139478374425,0.7133329703373636,-0.14880973729870645,-0.2249492467260648,1.706890793386347,-0.9032487557981055,-1.4284613709308325,0.6094426990016676,-1.9392661761530798,-1.9695087416503205,-1.7068907933863464,0.22494924672606412,0.7166055230658329,0.26586877533487285,1.5191400760548999,0.3953247556304958,0.683490552976235,1.8968198846244282,0.35076067714292497,0.5111183656893089,1.3179911348814817,-0.9701972441467586,-1.4693273852002382,-0.8889133830816909,-0.47740088330094144,-1.159254495073018,-1.4922798914190887,-0.28942660841731066,0.6817421706862145,-1.0129879475475077,0
0.31330724230314594,-0.87507063028241,-0.15484123025532542,1.0385308760612593,1,0,0,1,0,0,-0.3945902466157784,-0.17741930024587296,-0.68155588370685,0.5117625885298207,-0.6144732347460667,-0.5319488063270097,-0.9302790276148977,0.4467188375838579,-0.528815590480882,0.23324090770004505,-0.3302524791208002,-1.1727416488872073,-0.7455805523763108,0.2587264919853724,-0.21871021314701528,-0.21095385967077745,1.0284577077556591,0.17323821681177384,-1.1820904200447964,-0.42709685071602743,1.5520920957114444,-0.8322347142593188,0.5109203429580539,0.7047076391212099,0.5984777979246109,0.42709685071602743,1.1820904200447957,0.32667033235006016,-0.10937746679115769,0.32735324499704527,0.1627557467265941,0.5810808715634928,-0.18250970659880966,-1.3619827281933365,-1.0945585420250417,0.015758101167622184,0.9727222106882286,-1.0140677512169813,-1.0440080620563552,-0.6589286824317738,-0.36386811417093057,-1.1116017372174867,-0.37174181903963527,-0.5986491559356475,-1.0129879475475077,0
1.0329145883058024,0.33601437037629844,1.0038746524609323,-0.13478617003801185,1,0,0,1,0,0,-0.36935237260751347,-0.194863462596599,-0.438485436776663,-0.14269016955751676,-0.08661369712453137,-0.039589649018876745,1.6930503326745396,0.03875704807483851,-0.7308267591931253,1.2579604449278556,0.8205765554566077,0.5749909210431672,-0.8909504894458733,1.9570031261273069,-0.8588295520964047,0.12051611764841388,1.0831887910748026,0.9529736855872587,0.6912331826893887,0.0986623829151082,-0.39881323603675,-0.9135518566997799,1.1201717383649403,-0.6253519409436659,-0.13639638792372605,-0.0986623829151082,-0.6912331826893894,1.8585585815905954,-0.7848207026180125,0.07262018187017576,0.12399424524260985,0.5640125913280355,0.038025250046078915,-0.5463906304141645,-0.8730858650989243,-0.17027518936292965,-0.38732140769626244,-0.8623145398892288,-0.031331040515893936,0.5469345546516133,0.24536400737109418,-0.667477223982284,0.36909507656128593,0.45906541823023866,0.16231986177126023,1
0.3904080293748593,-0.05050211919562982,0.27967722576327125,0.3052077222492148,0,1,0,1,0,0,-0.3188766245909836,-0.23265914768983872,-0.20820817126385424,-0.3191783138693098,0.1323713606753312,0.06773659780578437,1.1342923209106186,-1.8107805343158478,1.3577746168140399,1.1946102155007263,1.6085488255359086,1.1219825962995722,-1.4090970995719474,0.440598658308269,-0.47879423457476106,1.5905687733374507,0.7948475451487589,1.1489354038302277,1.0042885975848093,0.5342092397142506,-1.137020095996841,2.0057075575078884,-0.25775516356730704,-0.8256841116675588,-0.9694804537184013,-0.5342092397142506,-1.00428859758481,1.050835686536495,0.11577027848446049,2.1195822962825224,2.850219849616129,3.175459467352957,0.19555021907814235,0.35076067714292497,-0.09793149585751397,2.4341908780647894,-1.053465220782544,1.9451198696741894,0.13288685486904556,-0.02358138547386016,-0.3469449996836519,-0.033013633646279864,0.6160407084282594,1.0157572993701793,0.22417816752487937,1
-0.8175043014153137,0.2587110724619126,-0.15484123025532542,-1.6014324776621007,1,0,0,1,0,0,-0.11697363252486404,-0.3460462029695579,-0.6175899766199587,0.21375801698695704,-0.7344913508946546,-0.4313304499288898,1.2698055259028724,0.11607267188445104,-0.41919091907107164,0.6231820544961415,0.6105693532191446,0.4794304148123514,-0.9187736602644683,0.8148547674507242,0.6253603544125818,-0.19534041246790598,0.1151718399082829,-0.07881296682087645,0.4977080171176754,0.16026515284228104,-0.9515022117658188,0.4671588900131394,0.37674975337638955,-0.7276763263175711,-0.8707155848093768,-0.16026515284228104,-0.49770801711767615,0.5494904413305014,0.340918023760079,-0.5824076947417753,-0.5866332819637576,-0.5112890635057554,-0.40304466324369825,0.02452383803125581,-0.2086678343205727,-0.6663639641110671,-0.9979532363586869,0.12408133374116129,-0.7976812189789466,-0.5033334260339178,-0.7361766328910565,-1.1433249167342867,0.7806711296729086,0.9600881112561845,-0.5799798072721716,0
-0.35489957898503444,0.43908543426214564,1.0038746524609323,1.7718540298733036,1,0,0,1,0,0,-0.6974447347149578,1.0000616584281339,-0.5152445252809326,-0.06630841529798666,0.5797944631655974,0.8203619036637203,1.2008101742108932,0.49316598250864135,-1.0857803053358157,1.3906300307915735,1.2347067997774253,0.9690695458169282,-0.5709177776374319,1.12551613929408,0.09484833256055566,-0.17822255864593362,1.492737271619476,1.546138687422358,0.6109019818860374,0.7158101325491454,-0.545153313370447,-0.5818688105958384,1.3052015675284756,-0.3984787296190103,-0.09567581387683549,-0.7158101325491454,-0.6109019818860381,0.9951306592913848,0.04072103005925432,-0.12752722487236504,-0.19901826712392082,0.39332978897346543,0.4475901695294441,-0.6279498401920818,-0.9284540343304539,0.38782468222872474,-0.5261013687559044,-0.5588081172337243,-0.04957747333644305,0.6247321828505417,0.4145951522438788,-0.9847090191502859,-0.5363722402842841,-0.26463402725168356,0.10046155601764112,1
0.4161082917320974,-0.514321906681944,-0.15484123025532542,-1.6014324776621007,1,0,0,1,0,0,4.122989200863647,-0.7612172669168373,-0.2977604411855021,-0.24453250857022354,-1.4526767913543073,-0.39644941971087494,0.11253226558077463,0.6986925899922216,-0.06753211333388512,-1.1662602724627438,-2.1026157835075767,0.011108448884938718,2.476965212019528,-1.2114844136587175,0.9980851221858812,-0.1950799654838489,-3.278555035727045,-3.7707207970321157,-1.3016642670278302,1.3061253713295295,-1.3669798062715075,0.040882258214391315,-0.10371789060450642,-1.6754166641945114,-0.9478714508533025,-1.3061253713295295,1.3016642670278296,-1.3166279713806959,0.11577027848446049,-1.7923897445944073,-1.594432320547333,-2.4912095708187683,-2.072809334983571,0.4323198869208419,1.3416409041622488,-2.340663578886029,-1.3310251429018278,-0.17942508891434333,-0.642586540004281,-0.5940973255993336,-1.159254495073018,-0.09645999267988113,-0.6186874509066087,-0.04195727479570725,-0.5799798072721716,1
-1.2287084991311177,0.38754990231922204,0.27967722576327125,-0.13478617003801185,0,1,0,1,0,0,-0.16744938054139394,-0.3326723451673346,0.20117363409225028,-0.45400368313045003,0.28396938305802133,0.0950153522070524,0.6155982555960786,0.5888168186286612,-0.16071072028089523,-0.4921125700338104,-0.5520154348226451,-0.0940745753491859,0.785469393061362,-0.02107839224723226,-0.5529531400723581,-0.018387865016807486,-1.06816595584597,-0.6499860334325829,-0.18963998474047816,0.05977612737849499,-0.8770656409037396,-1.3621058794533332,0.2012189074420344,-0.39436274339985034,0.08306224862721089,-0.05977612737849499,0.18963998474047747,0.0759977097470634,-0.40957446049198204,0.41832933897092733,0.3436427536518511,-0.11871861809024475,0.4790951633358572,0.758556726032511,0.954063719541543,0.44983577907224165,-0.6648813298155464,-1.0899443568808573,1.1638103092300558,1.1044842234105985,0.854596128913119,1.0455744699249259,0.03983423407198747,0.06938110143228039,0.904619530814692,1
-1.1259074497021662,0.6967630939767645,0.5693561964423357,-0.4281154315628296,0,1,0,1,0,0,0.009215737516460692,-0.398378690021736,-0.7071422465416066,0.7519021947245554,-1.1433957958645848,-0.8874669989336996,-0.7571717345668141,-0.5099048506701759,0.740377578301164,-1.3079184420806462,-1.2679451889321847,-1.499821702524032,0.8389490249085627,-0.2371089969553761,-0.49064817466812727,0.9111006064973632,-0.9281900485761737,-0.7257513220350041,0.46476756340334147,-2.5065287303561856,0.8159492125311056,0.20833983940262493,-0.09655270901106346,0.8465360718847004,0.9398359345166983,2.5065287303561856,-0.4647675634033422,-0.06326485836571254,-0.25947596364157,0.7549408866742913,1.1576342848155081,0.6664222727407777,-0.34003467563087314,1.4925896140337656,1.3416409041622488,0.5118468759157585,1.055990187324014,0.5034643620605421,0.8809906005115491,0.6895635396829819,1.0238272737859035,1.0455744699249259,1.3568776040291806,0.18071947766026855,0.5334696962929761,0
1.110015375377516,0.7998341578626126,-0.15484123025532542,-0.4281154315628296,1,0,0,1,0,0,-0.6343500496942954,0.3778865345855722,-0.5920036137852022,0.1587862999062346,0.16770777687585575,0.1679077615088014,0.4596869186216208,0.6965443538361785,-1.16177604510218,0.36313552203923216,-0.4297721676430839,-0.9015682135139292,-0.4597569492924349,0.007244126320479871,0.05084525888422744,-0.1724180842274806,-0.3762518230462833,-0.2949382604678359,-1.0117882743416888,-0.2261522221554376,-0.6319676046991987,-0.9050933210947356,1.4149232266706144,-0.8636575298167107,0.27077506017017744,0.2261522221554376,1.0117882743416882,-0.28608496734615396,-0.3345252120667762,-1.1373618679824566,-1.0388507992769007,-1.1086788717467513,-0.6865896075014126,-0.8726274695258333,-0.5408768497097485,-0.790386157798101,-0.6093693453916895,-0.8623145398892288,-0.06782390615699217,0.6636309969500054,0.24536400737109418,-0.3502454288142823,0.5337254978059351,0.45906541823023866,0.038603250264021984,1
0.10770514344524394,-0.7462318004251005,0.5693561964423357,0.5985369837740325,1,0,0,0,1,0,-0.24316300256618875,-0.3076690457979606,-0.4001058925245282,-0.1907180907964637,-0.18681553491023017,-0.0892280381752825,0.314743845251816,-0.7142892844583789,-1.1836267235647189,0.9699370989855374,0.3550785059600498,0.30352653578235095,-0.05262553971586807,0.2715632416419974,0.00600700585186728,-1.7540689311869455,0.848017329014844,0.19640589838847122,0.8018189915875111,-0.38126032008238236,-0.16631618722074526,0.9864021460302876,-0.14461273123710072,-0.4694429784297045,-0.26986731559043187,0.38126032008238236,-0.8018189915875119,0.2152602778598393,-0.03432821836595151,-0.10933200607758836,-0.9871687972982559,-0.6478353053894121,1.140700033270523,0.758556726032511,0.40038202722625016,-0.046252995675895824,0.08453045990652028,1.413983630027056,1.099947794358136,0.8451587960808378,0.5838262971166633,1.0138512904081252,1.1922471827845313,1.0714264874841732,1.0283361423219313,0
0.46750881644657266,1.289421711320388,-1.168717627632051,0.3052077222492148,1,0,0,1,0,0,-0.356733435603381,-0.1983522950667442,-0.630383158037337,0.21954451352176993,-0.5031741488122929,-0.32221543232381766,0.001602210749396253,-1.386250706344908,-0.1429818129362003,-0.33609337911917664,-0.7270546203438785,-0.7877261612180559,0.04005897489687794,0.755891999650378,-0.6901330522393424,-0.4530558311892459,0.7480355163198444,0.28273730869092195,-1.171446535938352,0.08746187929198715,0.7530504665977322,1.211312457473614,-0.2598164896045218,1.1957796854396647,1.2212445662334217,-0.08746187929198715,1.1714465359383512,0.605195468575612,-0.7097714541928067,-0.2730889752305771,-0.4574282770171454,-0.15285517856115927,-0.05648973137315825,-1.4435419379712537,-1.2052948804881005,-0.23228628620644656,1.055990187324014,1.6416134470186852,1.0725781451273115,0.754394896515422,1.243827762120523,1.3945294446097283,-0.6186874509066087,-0.6543183440496418,1.5232025883508855,0
-1.3829100732745436,-1.0812127580541053,0.5693561964423357,-1.161438585374874,1,0,0,1,0,0,0.17326191857018283,-0.45071117707391406,-0.016310450003180245,-0.393824119168396,-0.13793399903380654,-0.04227280518949327,1.3298100716754713,-1.0360604258646413,0.8416399823075764,0.7403298261087017,1.3224472446568487,0.7318603078645703,-1.3418096328339617,0.7475618002505328,0.9226366167589023,0.5129100662429834,0.05752567279084283,0.00934239875914859,0.3586118043630053,0.6425033501203807,-1.1021783332728023,2.346302557714913,-0.6351248992047864,-0.9430963605545333,-1.710125152145771,-0.6425033501203807,-0.35861180436300605,0.4102278732177254,0.491016520610491,-0.8189455390738695,-0.4574282770171454,-0.40887938209301433,-1.033144539371952,-0.13859458152457876,-0.319404172783631,-0.8523972546416179,-0.9701972441467586,2.5521327149851984,0.589047675382767,0.14498014229048395,-0.24540631275998087,-0.0647368131630805,1.5215080252738291,2.1848102497640536,0.40975308478573785,0
-0.12359721776989524,0.23294330649045036,0.5693561964423357,-0.8681093238500562,1,0,0,1,0,0,0.16064298156605036,-0.44722234460376886,-0.6687627022894718,0.3989259061009694,-1.1049600997063536,-0.6522436413096506,-0.3879242366205924,-0.530122847281505,0.4041744473356897,-1.6205443469710215,-1.5910163439882394,-0.8862294362823343,1.497295209932924,-0.9496874714121883,-1.5223072086641924,0.6183002765697267,-1.9219358786589589,-1.7138226259530114,-1.4375436385994584,0.21702702713573208,-0.40949843746502723,-0.7974036985957679,0.06881213986919527,0.2834921461806878,0.39518494300982365,-0.21702702713573208,1.4375436385994576,-1.0102503215325889,-1.535313186870074,-0.8735311954581982,-0.4574282770171454,-1.1428154322176651,-1.2536794960168407,-0.22015379130249568,0.5664865349208381,-1.0384305451721696,-0.3595654154843339,-0.7105613285614767,0.16025650409986858,0.1709126850234604,0.27921023634565156,0.2207718024881207,-0.6186874509066087,-0.5986491559356475,0.34789477903211874,0
-0.14929748012713334,1.0317440516057692,0.27967722576327125,1.0385308760612593,0,1,0,1,0,0,-0.7226826087232228,1.1599664799764557,-0.38731271110714993,-0.191296740449945,0.9193020539075585,1.039933516959173,-1.610059100831329,1.7473271401104356,0.07793341396400684,-0.697261681273235,-0.6637604448711218,-0.42590247661868275,0.6321694647686866,-0.0031065733875318222,1.6045992400848017,0.34182451588913026,0.2998539603195392,0.26564428105149734,0.46109514795545875,-1.0381887348318,2.2357223213649378,-0.7908090422259245,0.23696308536431465,1.239285602010632,1.1222710236235043,1.0381887348318,-0.4610951479554595,0.15955525061472892,1.841902992264201,0.6821600114951846,0.7700192699756713,0.8712416355662611,0.16404522527173035,0.4323198869208419,0.2342775195316623,0.7598912632898273,2.138473883589221,-0.7105613285614767,0.13288685486904556,0.2357440418559006,0.7361343275021692,0.030432725387320277,-0.5363722402842841,-0.9883334727336057,-0.08511336124321738,0
-1.4086103356317816,0.4648532002336079,1.7280720791585935,-0.4281154315628296,1,0,0,0,1,0,-0.7731583567397526,2.994510887194476,-0.31055362260288033,-0.24048196099585453,1.405155930306622,2.488837849092098,0.4800271170734561,0.1374193225577808,0.19895145723194677,0.2548865232478605,0.33986134722645317,0.7901115190540168,0.18318773506561237,1.0450309203039192,-0.3816843590617326,0.5908527026907792,1.1704148371339316,1.2039236159518487,1.133576418281877,-0.04664941409013511,0.37669319089764586,-0.570975344850536,0.3217766776374687,0.8162280684584762,0.7335606898269691,0.04664941409013511,-1.1335764182818777,1.4129183636297125,-0.03432821836595151,1.1643333095567605,1.338521291740765,1.8441336089873108,0.4790951633358572,0.9216751455883455,0.40038202722625016,1.5660355222555504,0.1400424443303771,-0.7105613285614767,-0.6790794056453779,-0.4255357978349895,-0.093098282374475,-0.667477223982284,-0.6186874509066087,-0.7099875321636356,-0.3944048900113141,0
0.2619067175886707,0.38754990231922204,-1.6032360836506476,0.3052077222492148,1,0,0,0,1,0,-0.596493238681898,0.21216699225367497,-0.3361399854376369,-0.22890896792622875,0.4950027661987392,0.34007694912336195,-1.442330231090305,0.3577106222590476,0.2975072389666059,-1.2562428570812958,-1.0742346550144928,-1.073486136942703,1.1388854806325674,-1.01982692936306,0.39381228700521903,0.554772695537568,-0.6934482409220785,-0.5659420938848609,-0.29127919636700184,-1.1752198963459366,0.9865962449764315,-0.09645655108083588,0.1507906947216055,1.0094916485645755,0.844025360209625,1.1752198963459366,0.2912791963670011,-1.0659553487776992,0.04072103005925432,-0.8553359766634215,-0.4703487775118068,-0.6990401460957827,-1.0646495331783645,0.2692014673650073,0.4557501964577793,-0.6043528672675491,1.2502821328075124,0.19995793940503753,0.9266066825629212,0.8710913388138142,1.2776739910950803,0.5697267771729232,0.2044646553166367,-0.32030321536567735,0.904619530814692,0
-0.6119022025574117,-0.35971531085317227,-0.4445202009343899,1.0385308760612593,1,0,0,1,0,0,-0.4703038686405733,-0.1047352904511812,-0.7199354279589849,0.9978282974541031,-0.6494342195865163,-0.8516915833254792,-0.31079256069608874,0.06867146829597401,-0.022954827098442265,-1.0969765349903988,-1.52409292392626,-0.5566330414520959,1.237270352735152,0.5748403112381036,0.06888751832142774,-0.14051443866704585,-0.09391183790127786,-0.4030277076162464,0.19034451885672046,-0.9479624556455367,1.0065382870300166,-0.025243741743756293,-0.10982344206474397,1.3888231568579168,1.5879173315166288,0.9479624556455367,-0.19034451885672118,1.1622457410267157,0.7161642658861095,1.9649229365269225,1.5710903006446677,1.4515631635718003,1.140700033270523,1.7372672433675176,1.784586258014483,1.752068812786101,0.7506742729928018,-0.17942508891434333,-0.4692454282090663,-0.4514683405679659,0.09305597698558829,0.2524949820049213,-0.4540570296619595,-0.8769950965056176,-0.023255055489598248,0
-1.2287084991311177,0.6967630939767645,0.27967722576327125,-0.4281154315628296,0,1,0,1,0,0,-0.16744938054139394,-0.3326723451673346,-0.7071422465416066,0.7519021947245554,-0.9890951655201933,-0.8369342243870883,-0.3823128214428696,-0.22431755768048933,-0.011035922236767153,-0.8644290385857053,-0.8480808307679413,-1.8057622211808808,0.5148069393419795,0.26876483544141616,-0.24330766564837844,0.08094174821871787,-0.4636245547944188,-0.15881146949090127,0.010024599876957354,-2.472786573893375,0.8001619415558732,0.06414260941172424,0.09642512637061608,0.7080656905622846,0.947498125761854,2.472786573893375,-0.010024599876958064,0.2152602778598393,-0.25947596364157,-0.10023439668020068,-0.04397226118798574,-0.22112829950298704,0.038025250046078915,0.2692014673650073,0.2896456887631914,-0.046252995675895824,1.194770148383656,0.5034643620605421,1.3280282046149967,1.1822818516095268,1.446905135967865,1.2993599060593275,1.2745623934068555,0.1250502895462747,1.0901944480755505,0
-0.7404035143436003,1.109047349520155,0.5693561964423357,-0.13478617003801185,0,1,0,1,0,0,-0.38197130961164594,-0.19428199051824147,-0.6559695208720935,0.3786731682291243,-0.5451168139911332,-0.4420630746113559,-0.07446114122611923,0.7015992049337471,0.025426696447426213,-0.23730673894907314,-0.21810120299946342,0.675266583831427,0.6206326268680378,0.07190304272221663,0.748105744711936,-0.013160892615697875,-0.11951376782186342,-0.03761245327593454,0.5274811195133241,0.3978337296906128,0.1753847025404007,-0.21353101471296917,-0.04798457369013522,0.20207828821849833,0.24682100566222315,-0.3978337296906128,-0.5274811195133248,0.0759977097470634,0.7161642658861095,0.06352257247278678,0.046471242274642305,7.593435579547688e-4,0.1010352376589052,0.6769975162545934,0.4557501964577793,0.015758101167622184,-0.16527347000083534,-0.5588081172337243,-1.1808563082104715,-1.0219842806934394,-0.8884846632765624,-0.7309235830158842,-0.7833178721512579,-0.7099875321636356,-0.76555472453303,0
0.8273124894479005,-0.6431607365392533,1.0038746524609323,1.478524768348486,1,0,0,1,0,0,0.24897554059497767,-0.4681553394246401,-0.6047967952025805,0.19639852738251837,-0.9714729273278778,-0.5118251350473857,0.6260397015250075,0.8386043054724609,-0.18597190712791253,0.22243554646196165,-0.09445534585748903,0.2669851068196903,0.38225837506069155,1.0188028124663104,0.5987387708319463,-0.7483249120226331,0.8398756044195766,0.6722784122630208,0.46715141202740545,-0.09917924017331377,0.14745232156239008,-0.5512073702958148,-0.4977645412637232,0.5323101995114147,0.779145596855656,0.09917924017331377,-0.4671514120274062,0.605195468575612,0.19081952690966666,-0.9008240236503626,-1.1034533017502068,-0.767313267037611,0.006520256239666901,-0.46483142063624716,-0.7069813574043363,-0.790386157798101,0.08453045990652028,-0.5588081172337243,-0.15905607025973648,-0.38663698373552574,-0.1607907403235886,0.6966194952401235,-0.7010026615289333,-0.8213259083916238,0.10046155601764112,0
0.3904080293748593,0.4648532002336079,0.27967722576327125,-0.4281154315628296,0,1,0,0,1,0,-0.3188766245909836,-0.23265914768983872,-0.31055362260288033,-0.24048196099585453,0.020052480335505232,0.006918391271809734,0.45665868426552175,0.11107127686899992,0.041162754391386946,-0.07178264209197455,-0.0525873757029501,0.6894752871211559,-0.15151682986661952,1.0879430189604526,-0.5093441257978395,0.32375784222774323,0.9513110544865674,0.9391320608705845,1.0713719007766844,-0.12221154853286169,0.45206482892757843,-0.662698577138661,0.2690745441381453,1.0402774756187365,0.985245834147538,0.12221154853286169,-1.071371900776685,1.3293608227620468,-0.25947596364157,0.8277217618533966,0.8863037744276221,1.2808803612172301,0.4475901695294441,-0.30171300108041293,-0.762349526635866,0.8219023601333442,0.11228645211844858,-0.8623145398892288,-0.9801455471844351,-0.7107937678977266,-0.29617565622181696,-0.7626467625326843,-0.9479482933959068,-1.0996718489615938,-0.6418381130257917,1
-0.35489957898503444,-0.5400896726534062,1.0038746524609323,0.3052077222492148,1,0,0,1,0,0,-0.6974447347149578,1.0000616584281339,-0.7711081536284979,1.5620117095983594,-0.3088314588364044,-0.4380383403554311,-0.8068498289770429,0.8667817043080909,-0.588643168950951,-0.5894432035608304,-0.7600140634886505,-0.8773274673532846,0.5481312983790382,0.7215469586955745,0.36823397309814715,0.0924773151164762,1.1591071842942517,1.2898075306535204,0.4251360800282837,-1.6182148153149178,1.842905547495287,-0.8207963807204244,0.8976257148326295,1.945650582772775,2.24730151797464,1.6182148153149178,-0.4251360800282844,0.32667033235006016,-0.03432821836595151,-1.0008977270216337,-0.806281790372998,-0.3576745413866426,-0.4660546508565234,-0.9541866793037505,-1.2052948804881005,-0.6043528672675491,1.6666220159864384,-0.7864379342253526,-0.07694712256726609,0.39133929825375646,1.1930584186586881,-0.2233527107470814,-0.9479482933959068,-1.545025353873546,0.5953280020465953,1
0.6988111776617119,0.4648532002336079,-0.4445202009343899,-1.161438585374874,1,0,0,1,0,0,-0.6848257977108253,0.7529360251261817,-0.7583149722111197,1.3363383447406567,-0.278208395179635,-0.45369008468402755,0.7917197923934658,0.23680410662456577,-1.22977857503956,0.9936887658903228,0.42147096602045986,0.9428957155256651,-0.7306324686912893,0.6726234665642988,0.12284345372327712,0.3111826207865983,0.7868891608950767,1.0718050613082408,2.790027231847409,-1.4811177417461794,-0.42882820140927075,-0.20195919272840274,1.9938570334582022,-0.5621435932100555,0.49847613466556,1.4811177417461794,-2.79002723184741,0.9951306592913848,0.491016520610491,1.1188452625698195,1.1317932838261862,1.4515631635718003,0.9516700704320475,1.3294711944779316,0.06817301183707392,0.8219023601333442,-0.49834537654397587,-0.3311783002420958,-0.4601222117987924,0.5728670973845897,0.2961333508329291,-1.1116017372174867,1.1099319721622063,0.4033962301162448,-0.45626319576493324,0
-0.5091011531284612,1.109047349520155,-0.4445202009343899,-0.13478617003801185,1,0,0,1,0,0,-0.5586364276695006,0.14239034285077085,-0.6559695208720935,0.3786731682291243,-0.22093079326889808,-0.18313850414686098,-0.09548845412312171,-0.482194737325759,-0.8307642113061516,0.2785385173220794,-0.06457195416262786,0.9577474714961801,0.38152553229329705,0.4227107573478294,-0.48117555942907275,-1.0354127383116665,0.9202645159889252,0.42874974923745346,1.6693198303085888,-0.34935776200978186,0.5551466279979279,0.17979629721152576,0.09519256044192762,0.5362309739641552,0.5025373836481254,0.34935776200978186,-1.6693198303085894,0.605195468575612,-0.25947596364157,0.7185504490847379,0.020630241285320403,0.39332978897346543,1.2982250023025865,1.0032343553662626,0.2342775195316623,0.20179139169817292,0.19555442875423396,-0.17942508891434333,-0.9801455471844351,-0.7885913960966542,-0.5500223735309933,-0.6992004034990842,-0.4540570296619595,-0.6543183440496418,-0.6418381130257917,0
-0.4577006284139859,-0.6431607365392533,-0.4445202009343899,1.478524768348486,1,0,0,1,0,0,-0.7100636717190902,1.0930971909653393,-0.6047967952025805,0.19639852738251837,0.44498297934688336,0.6888872513035105,0.21838147169139036,-0.5278015661380446,-0.21472411992213333,0.5241288980395045,0.7666600834940042,0.6081882427389778,-0.7115184893871919,0.2502839324514501,-1.1813458146797406,-0.5049002563744873,0.7729020910421694,1.3348742064246548,0.9750700921945687,-0.13756642077256032,-0.05358399608145618,-0.4590220902468618,-0.2138410000271034,0.05833215574295579,0.30654919393160657,0.13756642077256032,-0.9750700921945695,0.1317027369921738,-1.1600669447440433,-0.3367722410122935,-0.5349512799851129,-0.22112829950298704,0.8886600828192224,-0.9541866793037505,-1.3713993881826885,-0.046252995675895824,0.029018475482663446,-0.3311783002420958,0.3700904815361815,0.19684522775643593,0.2115177783965368,0.728342674756924,-0.12479618717266176,-0.2089648391376897,0.47161139053935697,1
1.7782221966656961,-1.0812127580541053,-0.8790386569529866,0.3052077222492148,1,0,0,1,0,0,0.4130217216486998,-0.5001363037343045,-0.8094876978806327,3.66829644827025,-2.123596498036954,-3.219576903894565,-0.2593442644206319,-0.05451773597586782,-0.3941489414619543,-0.6471720105235814,-0.8265944109092359,-0.2680144198634244,0.5683255773572602,-0.7754061834916434,-0.2868302922373869,0.40175998882928105,-1.0316910822319445,-0.6847823192801983,-0.06904425348519984,-0.2970624528398517,-0.41415220939620884,-0.21251298659010287,0.9425448502340031,-0.14871958259661958,0.4060565647273708,0.2970624528398517,0.06904425348519913,-0.6481676444393714,-0.10937746679115769,0.5547934799317504,0.6924962670077037,0.20557870638343811,0.1325402314653172,0.6769975162545934,0.7879592118469556,0.44983577907224165,-0.3318094232724056,-0.1035484832504671,0.32447439948480933,0.7803274392483975,0.6684418695530556,-0.12818317219668063,0.2044646553166367,0.06938110143228039,0.5953280020465953,0
0.46750881644657266,-0.8235350983394863,-1.168717627632051,-0.13478617003801185,1,0,0,0,1,0,-0.7353015457273552,1.3402228242672913,-0.8350740607153893,4.365569280715203,-0.923865887798175,-2.343079221493166,0.58043865255298,0.5153292829313679,-0.6130524110687526,0.15115197887919682,-0.056781404730686776,0.9777829991236101,0.5118702808130864,-0.49615319294435606,-0.9021769232500764,1.9134938497800238,-0.337675217892947,0.6393155637520076,1.8018993503183534,-0.45352244570481864,-1.3028645002136112,-1.6110866501332874,2.760939965693866,-0.539029537725666,0.6979858224000701,0.45352244570481864,-1.801899350318354,-0.6203151308168162,-1.009968447893631,-0.7916527108817039,0.21443774870523882,0.06903246449978255,-1.3166894836296663,0.758556726032511,-0.04256332662598434,-0.8523972546416179,-1.2477571662660425,-1.5452039908641146,-0.3050275328241268,1.1044842234105985,0.7869036709640054,-1.4922798914190887,-0.04248097655033679,-0.26463402725168356,-0.023255055489598248,1
0.05630461873076867,-0.35971531085317227,1.0038746524609323,1.0385308760612593,1,0,0,1,0,0,1.9903888471652589,-0.6902776733572181,-0.7327286093763631,1.0614797593370449,-2.057923786712814,-1.351205823755256,-1.6798304574659255,-0.7689345977969725,0.20275806583365738,-1.2151603358918415,-1.3684467887248797,-1.1189804065834705,0.7743262324636562,-1.1183097793827026,-0.6975476625708458,0.42032608191409204,-0.5008552924014379,0.03919113556646231,-0.8195116582252774,-0.7133741297612556,1.2184431877966682,0.35659893141901217,0.1452101078008312,1.14496368382731,1.8173103622892586,0.7133741297612556,0.8195116582252766,-1.1495128896453646,-0.8598699510432187,-0.8735311954581982,-0.5478717804797735,-0.6990401460957827,-0.5920746260821743,-0.709509049969999,-0.4301405112466897,-0.5423417704240322,0.3343343898138759,-0.4070549059059717,-1.9745761359043472,-1.6184327635518894,-1.176177609560296,-0.826093121566285,-1.3595243465075295,-1.712032918215528,-1.5078543935764617,0
-0.2263982671988458,0.23294330649045036,0.5693561964423357,-0.13478617003801185,1,0,0,1,0,0,-0.23054406556205628,-0.3169725990516812,0.5593827137788417,-0.5159191960529479,0.5405529801005193,0.15493917335082152,0.41758348629240516,-0.950222478378046,-0.14744554447919794,1.2499813488337408,1.3749677967210285,-0.2240807668007608,-1.6732857141865694,-0.5649092132243188,-0.031052096229240062,-0.5416173736540062,-0.6317460927791002,-0.8104070410959863,-0.37315522795503414,0.06447137185505257,-1.1451106325302427,1.273102864040676,-0.3427102283838402,-2.3150727716363404,-2.5787302188103345,-0.06447137185505188,0.3731552279550334,-0.7038726716844818,-0.3345252120667762,-0.9372144612399159,-1.0388507992769007,-1.1940202729240363,-0.5290646384693491,-0.05703537174666111,0.12354118106860354,-1.1624527388592034,-1.1644891896302574,0.7690324818841089,-0.8524205174405927,-0.8793552956620708,-1.6161785862295364,-1.0957401474590864,1.2334047880956935,1.4054416161681371,-1.8480750752213686,1
1.1871161624492292,-0.05050211919562982,-1.6032360836506476,0.3052077222492148,1,0,0,1,0,0,0.6906383357396142,-0.543165237532762,-0.23379453409861076,-0.3133918173344969,-0.6063629413046734,-0.17553622833011415,-0.12849162192334143,-0.6843597516991952,-0.3304882035924559,-1.066278064360984,-0.9414641227124004,-0.410947684267412,1.1296830093605257,-1.3288479169885412,0.7629368891012974,-0.6333134919784479,-1.8973265131663115,-1.8992970324544016,-0.9102319489224047,0.3422733367180179,-1.1490984532002566,1.7035986636397726,-0.18463053718676226,-0.4408836177848663,-0.6303444153801288,-0.3422733367180179,0.910231948922404,-1.2330704305130304,0.7912135143113154,0.20908432283099887,-0.1602567656399366,-0.8867912286858101,0.2270552128845555,1.3294711944779316,2.172163442635189,0.07776919801113909,-1.053465220782544,1.717490052682561,0.24236545179233895,0.10608132819102022,-0.07617516788719629,0.030432725387320277,0.5337254978059351,0.793080546914203,0.2860364732784985,0
0.5189093411610479,0.4648532002336079,-0.15484123025532542,-1.161438585374874,1,0,0,1,0,0,-0.09173575851659908,-0.37104950233893186,-0.3745195296897717,-0.19245403975690759,-0.30090985713516083,-0.1366304638561745,-0.7793467173925885,1.1570067345867034,-0.4400372938745566,-0.5079175359001253,-0.7007748256430115,0.6608373823546272,0.9177523957010102,-0.25976790919366666,0.8304817119403586,-1.2548374232174997,0.11294099672650325,-0.49569953432520936,-0.946287449071263,1.839819742653732,0.8241435478225977,-0.7560697055832678,-0.6594448722107006,0.7981541819355628,0.42708747927634,-1.8398197426537313,0.946287449071263,-0.3139374809687093,0.641115017460903,-0.2912841940253525,-0.8708842928463041,-0.7843815472730677,0.3530751881102058,-0.6279498401920818,-0.26403600355210183,-0.10826409251941274,0.6396503041450882,-0.7864379342253526,-0.33239718205494984,-0.6070635969658218,-0.2792525417345383,0.1890486229713212,-1.853415610241477,-1.4893561657595522,-0.20882997275045564,1
-0.5605016778429365,0.7998341578626126,-0.4445202009343899,-0.4281154315628296,1,0,0,1,0,0,-0.00340319948767178,-0.407100771197099,-0.5920036137852022,0.15299980337142172,-0.7651144145514226,-0.4313304499288898,0.8148026066591737,0.9710851049684359,-2.5662401495303535,1.4785514588229074,0.2699498391432766,-0.016476825384153394,-0.735707370620075,0.5517536624752654,0.40583074060119956,-2.0496008544229753,1.0306431320703842,0.41654366568077533,0.2654778184316193,-0.28577009270635834,-0.5816971006240416,-0.9262924551322828,1.4484850580196877,-0.9754595453678924,0.05572580395114776,0.28577009270635834,-0.26547781843162,0.35452284597261524,0.19081952690966666,-0.4823339913705056,-1.4006248131274146,-1.0062691903340089,1.1722050270769362,-0.38327221085833024,-0.5408768497097485,-0.6043528672675491,-0.6093693453916895,-0.9381911455531051,-0.33239718205494984,0.4302381123532211,-0.008482709938082702,-0.667477223982284,0.6160407084282594,0.514734606344233,-0.332546584257695,1
0.8787130141623758,1.289421711320388,0.5693561964423357,-0.8681093238500562,1,0,0,1,0,0,0.24897554059497767,-0.4733885881298579,0.07324181991846762,-0.42680714941682946,-0.11918360776767276,-0.03422333667764369,1.3790128457794018,-0.30466729435787276,-1.0122112691507879,1.8596663699363114,1.263466724237424,-0.18950567613873895,-1.2429623083959565,1.1637992651298683,-0.30434834408448286,-1.0952836718560117,1.0310349474296656,0.35049106682754694,0.08301123374971872,-0.340792671003865,-0.7546964178616564,0.11327593294769392,0.28307225274671777,-1.4899326853951385,-1.3003823118042925,0.340792671003865,-0.08301123374971872,0.911573118423719,-0.40957446049198204,-0.4277483349861756,-0.8967252938356269,-0.4942207832702994,0.29006520049738066,-0.30171300108041293,-0.3747723420151606,-0.35630847989348147,-0.49834537654397587,0.5793409677244183,1.3918907194869166,1.3508433793738719,0.549980068142106,0.506280418139323,1.8507688677631275,1.795125932966095,0.5334696962929761,1
-0.7147032519863632,1.3667250092347738,0.5693561964423357,-1.8947617391869185,0,1,0,1,0,0,-0.36935237260751347,-0.1797451885593031,0.9047986120480549,-0.5760987600150019,0.855213794214377,0.3069846896857581,1.0012201333553108,0.7052250302218412,0.78143695973656,0.9529140683199525,1.440548914709112,0.8921127046110333,-1.1177571391691181,0.17756464473856381,0.6054985871219195,0.16840157354898283,0.03875102606482633,0.05510030553083782,0.6912331826893887,0.5311786728248358,-1.2148004669885757,-0.36136829361195166,-0.8990231614221046,-1.2489005753012918,-1.8189894174482988,-0.5311786728248358,-0.6912331826893894,0.2152602778598393,0.641115017460903,0.20908432283099887,0.26611975068388355,0.2738518273252659,0.006520256239666901,0.5954383064766764,0.2896456887631914,0.07776919801113909,-1.1367331974183288,-0.3311783002420958,0.03253147435602734,-0.4385020692014777,-0.8715615487892844,-0.09645999267988113,0.9453015509175579,1.4054416161681371,-0.45626319576493324,0
0.5960101282327613,-1.0554449920826439,-1.6032360836506476,0.3052077222492148,1,0,0,1,0,0,-0.33149556159511606,-0.2047484879286771,0.047655457083711085,-0.4181274046146101,0.36641973498137914,0.16567179803328763,-0.4389173049428827,0.6026097755246012,-0.6180352402727041,0.33828349172714023,-0.5149250638253035,-1.206766462388904,0.3290764692880703,-0.7707789467794366,0.6041846103982681,-0.8649397280895835,0.24645421080115296,-0.7865755250918277,-1.0618771407249559,-0.5927287050207662,-0.1598280448557648,-0.22184194920562486,-0.024306134504748902,-0.21261939644022188,-0.09851010382390665,0.5927287050207662,1.0618771407249543,-0.9545452942874786,-0.03432821836595151,-1.4739734156858193,-1.6073528210419945,-1.4500444764558913,-1.1591645145976028,-0.5463906304141645,-0.09793149585751397,-1.4104971262332722,-0.19302946221276363,-0.2553016945782196,-0.14993285384946126,-0.1402778277722523,-0.21156008378542468,-0.033013633646279864,0.28677986593896093,0.013711913318286572,-0.5181215015185524,0
-1.2030082367738797,-0.10203765113855341,0.27967722576327125,0.5985369837740325,0,1,0,1,0,0,-0.2684008765744537,-0.2919692996823072,2.926121275993821,-0.7201825237318428,1.22869470695967,0.3320274806115123,0.4935270370656829,0.5769542182387402,1.4344031105286288,0.9911607832777592,1.520764365475939,1.0627431877136795,-0.9416597010203328,0.14905019028782943,-0.013126782697571298,0.3117512290859364,-0.5418033562821524,-0.1287482467334995,0.288491621905012,1.1633324773130074,-0.5373321648891959,-0.8050378938096969,-1.6475971848238404,-1.876237207401006,-2.10276576014323,-1.1633324773130074,-0.2884916219050127,-0.007559831120602114,-0.18442671521636386,-0.5187244289600577,-0.28946177058654887,-0.47715250303484213,-0.37153966943728567,0.35076067714292497,0.2342775195316623,-0.4803306735805153,-0.6556293324115703,-0.9381911455531051,-0.8068044353892204,-1.4412270548765527,-1.9264356851629745,-0.011864847301746482,0.34165667302051117,1.127095675598167,-0.8686519007890618,1
0.930113538876852,0.20717554051898904,-0.4445202009343899,1.7718540298733036,1,0,0,1,0,0,0.21111872958258027,-0.46234061864106474,5.676655280730148,-0.7745755911590839,1.1851378357578375,0.2430361342860642,-1.7184461808012623,-0.42274070013074944,-0.030596930903897597,-1.3777148179132805,-1.2958998088430442,-1.9457800199620432,0.620923778594482,-0.07509753251701046,-0.5086199733066974,0.4967381610214511,-0.8407273031503003,-0.6674719136818994,-0.28800415510347965,-2.368172860999034,2.314504676378623,0.07070055396589503,0.5410009761298147,1.0275530339337662,1.0330768085956792,2.3681728609990333,0.288004155103479,0.32667033235006016,-0.03432821836595151,1.6828970452078873,1.7390568070752632,1.2296755205108585,0.6366201323679207,1.3294711944779316,1.6738499195514247,1.5040244254120325,2.721349720039717,0.4275877563966659,1.0817013615375868,1.234146937075479,1.6499825098152057,0.4428340591057229,1.3568776040291806,0.23638866577426285,0.5334696962929761,0
0.3904080293748593,-1.3904259497116478,0.27967722576327125,0.5985369837740325,0,1,0,1,0,0,-0.40720918361991093,-0.16869721907050997,0.32910544826603294,-0.4864080637254022,0.6510841515581108,0.24616648315178347,0.07740754226103358,-1.314352222063234,-0.3219511184397838,0.3640107917845367,0.49103042447508627,0.6093013437980482,-0.49714315838890377,0.8985301990555062,-0.6021266944560527,0.17890012900846256,0.7924165798716186,0.8213996693929831,1.0520428134163116,-0.21238889143210804,0.7901637160153945,1.2007923686843087,0.6198953409243328,0.2939916204108337,0.16357330418257393,0.21238889143210804,-1.0520428134163122,1.1622457410267157,-0.3345252120667762,0.9096002464298897,0.8733832739329616,1.195538960039945,0.6681251261743327,-0.13859458152457876,-0.5962450189412776,0.8219023601333442,0.44535835866158957,0.7310941790521709,-0.8068044353892204,-0.39960325510201306,-0.2623294272472596,-1.1433249167342867,-0.4540570296619595,-0.5986491559356475,-0.76555472453303,1
0.5189093411610479,-0.05050211919562982,-0.15484123025532542,0.3052077222492148,1,0,0,1,0,0,-0.09173575851659908,-0.37104950233893186,-0.23379453409861076,-0.3133918173344969,-0.13355333119226895,-0.04316719057969878,0.7273318820116836,-0.49663643185623285,-0.7930776301520517,0.5531276734218522,0.2091724473597486,-0.8471328537145885,-0.8143827140722804,-0.1328428955039189,0.8876883691709517,-1.264191797954133,0.524850035859665,-0.0760482812933215,-0.7497849732599842,-0.41176056791003435,-1.1441077431057898,1.570915809977846,-0.18622715007594562,-0.22680749074256973,-0.34618077107611794,0.41176056791003435,0.7497849732599834,-0.14682239923337803,0.7912135143113154,-0.06384395909064733,-0.7029177864157086,-0.47715250303484213,0.6681251261743327,-0.5463906304141645,-0.26403600355210183,0.2638024885416898,-1.053465220782544,1.5657368413548085,0.19674936974096682,0.06718251409155555,-0.025405824425361403,0.12560226393772106,0.9453015509175579,0.793080546914203,0.16231986177126023,0
0.8787130141623758,-0.5658574386248675,0.5693561964423357,-0.4281154315628296,1,0,0,1,0,0,0.24897554059497767,-0.4733885881298579,-0.016310450003180245,-0.4025038639706153,-0.18554103856350657,-0.053005429871959386,0.45583400481906095,-0.8554755751843056,0.6608746896289802,-0.1358584125604018,0.07220355058721714,0.5988063909553805,0.3773247121795806,1.195430778772497,-0.7641727124549952,-1.0548584630831548,0.9012195256178015,0.45339446080861867,0.6912331826893902,0.13114384342216406,0.560612068887359,0.40863562640268924,-1.963468865392177,1.0771698051330456,0.3487832929063612,-0.13114384342216406,-0.6912331826893908,0.8558680911786088,-0.8598699510432187,-0.6369933511261053,-1.0388507992769007,-0.6819718658603261,0.25856020669096863,-0.05703537174666111,-0.3747723420151606,-0.6663639641110671,0.3620903820258042,0.19995793940503753,-0.4692454282090663,-1.3461410648556402,-0.9223308922511192,1.0138512904081252,-0.7833178721512579,-0.8213259083916238,-0.6418381130257917,0
1.3670179989498932,0.7225308599482267,-1.8929150543297122,1.0385308760612593,1,0,0,0,1,0,0.9051602648098662,-0.5815423947043593,0.9303849748828115,-0.5766774096684832,-0.001828199178842251,-0.0015782699351426037,-0.6142884008853262,-1.7093768640648999,-1.0944006933578405,-0.276745463716437,-0.5965514342955416,-0.2767214201354253,0.48440361961471173,-1.1934987429367678,-0.024750958443696666,-0.9223034500632118,-0.5985376842646304,-1.397940561549993,-0.4215365193479638,0.04065977486679812,-0.3383469065069623,2.3213784244212867,0.5692563897525379,-0.21963445465679166,-0.5892707900347156,-0.04065977486679812,0.42153651934796316,-1.1495128896453646,-0.10937746679115769,-0.2548937564358004,-0.6770767854263857,-0.8526546682148961,-0.2770246880180474,0.6769975162545934,1.009431888773073,-0.5423417704240322,-0.22078545442469194,2.476256109321323,0.5069387276902979,0.7414286251489338,0.600749411603942,-0.635754044465484,0.6983559190505837,0.793080546914203,0.10046155601764112,1
0.5703098658755232,0.38754990231922204,-2.617112481027373,0.3052077222492148,1,0,0,0,1,0,0.26159447759911014,-0.474551532286573,-0.42569225535928473,-0.165257506043287,-0.6297826958628184,-0.23724882025429428,-1.826802214474452,0.15180517399197604,-0.48323543108273803,-1.5179481172714526,-1.3237286022089274,-0.1904638516033714,1.9021046570421034,-1.4616861156135676,-0.3670884504997749,-0.3664285098342734,-1.0210400869967349,-0.6310455895019137,0.9304215895757753,-1.1825507815298193,1.079713404324351,-0.5760985166327681,0.2923737086202013,1.038204104382495,1.1048188186663708,1.1825507815298193,-0.9304215895757759,-1.3723329986258064,-0.3345252120667762,0.03622974428062242,-0.1602567656399366,-0.5454256239766699,0.4790951633358572,1.4925896140337656,1.0648000580046022,-0.4183195767369984,1.3057941172313696,-0.3311783002420958,0.8171280856396278,0.858125067447326,1.2776739910950803,0.6014499566897238,-0.37174181903963527,-0.8769950965056176,0.8427612250610729,1
-0.04649643069818187,-0.35971531085317227,0.27967722576327125,1.0385308760612593,1,0,0,1,0,0,-0.21792512855792381,-0.3175540711300387,-0.7327286093763631,1.0614797593370449,-1.0574572097152701,-1.0645553061943902,-1.6384499411697144,0.8354111026823838,-0.4248262163839996,-0.7530098409111247,-1.4873989307837816,0.06295831793062644,1.2750312187721002,-0.9983736246007975,1.5204907330380395,-0.07640670385427717,-0.10741392546102455,-0.12806922129059398,0.4783555005605047,-0.38855952469070976,1.2807413652668054,0.3765662818005609,0.5039703008203031,0.910757905140584,1.8086567888777574,0.38855952469070976,-0.4783555005605054,-0.9266927806649233,1.4666567501381707,0.11810822885711679,0.05939174276930372,0.017827623793410803,0.1010352376589052,0.758556726032511,0.5664865349208381,0.20179139169817292,0.3620903820258042,-0.4070549059059717,-2.0110690015454455,-1.5147025926199844,-1.1423313805857394,-0.9847090191502859,-1.4418395571298541,-1.712032918215528,-1.4459960878228426,0
1.3670179989498932,-0.5658574386248675,-1.8929150543297122,-0.4281154315628296,1,0,0,1,0,0,0.9051602648098662,-0.5815423947043593,-0.016310450003180245,-0.4025038639706153,-0.49684451199202573,-0.13618327116107173,-1.276895015283625,-0.3044335833454706,1.1812721011142755,-1.6102140539991627,-1.3058484646107786,-0.13747187633054647,1.5986103572195924,-1.0274583933996444,0.00752382274378313,-0.3464601363987517,-0.7119445218660727,-1.207197417155936,-0.22109974072011698,0.031788787753525546,0.7489292813110131,0.42538184762939424,-1.9629975596654194,1.4693433037166752,0.5190736432416909,-0.031788787753525546,0.22109974072011698,-1.038102835155144,-0.18442671521636386,-0.5733100853443877,-0.6512357844370638,-0.8697229484503528,-0.7180946013078251,0.5954383064766764,0.7879592118469556,-0.9144083514851348,0.44535835866158957,0.12408133374116129,-0.7064490548762022,-1.5147025926199844,-0.9731002357129547,0.728342674756924,-0.9479482933959068,-1.0440026608476,-0.8274130302866491,0
-1.2030082367738797,0.20717554051898904,0.27967722576327125,1.7718540298733036,0,1,0,1,0,0,-0.2684008765744537,-0.2919692996823072,5.676655280730148,-0.7745755911590839,1.5881207071466186,0.3740635939511713,-2.1503345014660455,-0.29358167462804474,-0.4766513606113944,-1.4132236645519165,-1.255555276766458,-1.3379267662092182,1.1482949632689903,-0.01872524803286718,-0.2831964955634979,0.18252843219641743,-0.49309640071288613,-0.15994313593683576,0.9068055190224368,-2.7241312087693945,2.9713824220326095,0.11925002948299582,0.8350218492533842,1.4202280470490851,1.476130009990626,2.7241312087693945,-0.9068055190224374,-0.14682239923337803,-0.40957446049198204,-0.4914316007678933,-0.3282232720705331,-0.4942207832702994,-0.30852968182446,0.9216751455883455,0.5111183656893089,-0.8523972546416179,3.0544216265828577,0.27583454506891375,0.48869229486974886,0.8710913388138142,1.4638282504551436,-0.12818317219668063,0.7806711296729086,-0.3759724034796717,0.22417816752487937,1
0.5703098658755232,0.43908543426214564,-2.617112481027373,-0.13478617003801185,1,0,0,0,1,0,0.26159447759911014,-0.474551532286573,0.6745213465352461,-0.5355932842713117,0.20039117760567188,0.04895450461146867,-0.3721719441129706,0.3766734121587691,-0.07796079323503444,0.19880186822756907,0.21384095120991026,0.7038496243181679,0.09767479055986265,-1.390369658602974,-0.43083115447024917,0.09543253985176453,-0.9857308986481368,-0.39639344317362374,0.9953441571592244,-0.027203276549727037,-0.8717268326913985,-0.9485932720804112,0.20247551512629175,-1.2460023838059857,-0.6650047551753916,0.027203276549727737,-0.9953441571592251,-1.2887754577581405,-0.3345252120667762,0.2545723698179399,0.26611975068388355,-0.15285517856115927,0.4475901695294441,1.247911984700014,0.7879592118469556,-0.046252995675895824,-0.8036612908751883,-0.8623145398892288,0.12376363845877164,0.20981149912292413,-0.3130987707090945,0.1890486229713212,0.5337254978059351,0.5704037944582268,-0.20882997275045564,1
0.5703098658755232,-1.2100515879114147,-2.617112481027373,0.3052077222492148,1,0,0,0,1,0,0.26159447759911014,-0.474551532286573,-0.2849672597681238,-0.2879312325813202,-0.4452663150128688,-0.14244396889251032,-1.297077760432376,-0.015112463155925104,0.09647842128971007,-0.8678489963355029,-0.8338182862545958,-0.6308768864835832,0.2277022605507541,-1.3427613294585357,-0.5409517858764019,0.409203567497742,-1.1873859848458725,-0.6172046476751432,0.6912331826893902,-1.5459974836040618,0.46194690113397074,-0.5211712939364744,0.2793208879443446,-0.004983611919007044,0.48142439986842,1.5459974836040618,-0.6912331826893908,-1.2330704305130304,-0.40957446049198204,0.3728412919839863,0.5374502610717695,7.593435579547688e-4,0.19555021907814235,1.247911984700014,0.954063719541543,0.07776919801113909,0.25106641317809053,-0.6346847228976005,-0.5513543759015367,-0.3347718982695729,-0.3130987707090945,-0.1916295312302808,0.7806711296729086,0.06938110143228039,-0.9511296417938885,1
0.5703098658755232,-0.5658574386248675,-2.617112481027373,-0.4281154315628296,1,0,0,1,0,0,0.26159447759911014,-0.474551532286573,-0.016310450003180245,-0.4025038639706153,-0.19315126387149747,-0.05389981526216489,-1.584552163169892,-0.8384459977209939,1.8592882738405911,-1.787519456802311,-0.6190075674930401,0.2371360046976624,1.0869342030290665,-1.2575409364667358,-0.6176826785916015,0.5620522212645349,-0.9963061959354937,-0.31920464118540953,0.44932672572474713,-0.12221154853286169,0.9468382685995049,0.5320124970096956,-1.9769010786046932,1.4269032957801677,0.4930989502584721,0.12221154853286169,-0.44932672572474786,-1.1216603760228097,-0.40957446049198204,0.6730624020977969,0.8863037744276221,0.39332978897346543,0.41608517572303205,1.166352774922097,1.009431888773073,0.5118468759157585,0.5286263352973745,0.12408133374116129,-0.934529465133063,-1.6832641203843295,-1.159254495073018,0.5380035976561225,-0.9479482933959068,-1.0996718489615938,-0.9511296417938885,0
0.8273124894479005,0.4648532002336079,1.0038746524609323,-1.161438585374874,1,0,0,1,0,0,0.12278617055365294,-0.44198909589855107,-0.7839013350458762,1.9092015016871324,-1.6826484790538334,-1.8153918412719152,1.3713258275439872,0.8158769087615348,-1.4610119637477958,0.6235930818386063,0.05778259679063157,-0.9902686881869608,-0.5224767592538188,1.419691461590255,0.25456069611760956,-0.3371661628806213,0.8218008249056737,0.8968926565286095,-0.003877616098807187,-1.3467626096488186,-0.48832296426510324,-0.864803344765205,1.658432821119516,-0.027550392220121015,0.8005209073230128,1.3467626096488186,0.0038776160988064777,0.911573118423719,-0.10937746679115769,-0.9554096800346926,-0.9613277963089331,-0.6307670251539549,-0.18250970659880966,-1.0357458890816678,-1.149926711256571,-0.728375060954584,-0.6371253376036178,-1.0140677512169813,-0.9254062487227878,-0.03654765684034838,-0.0423289389126401,-1.2702176348014877,0.03983423407198747,-0.5429799678216537,-0.76555472453303,1
-1.2544087614883548,0.38754990231922204,-0.15484123025532542,-0.8681093238500562,1,0,0,1,0,0,-0.19268725454965888,-0.33383528932404966,0.5082099881093286,-0.5124472981320601,0.4764855049346701,0.1392874290222251,0.8382411098316084,0.5600356581453524,-0.4095436814633522,1.818178117864294,1.282457956768086,0.1261990997076334,-1.0903902054541896,0.049573489555126825,-0.03955339572291535,-0.025324057090296326,0.5605267706909156,0.30432002439111167,-0.12528395424331848,0.29637562078413626,-1.1160614216150548,-0.8082902399276747,0.5344116972219548,-1.900432587387386,-1.3701488806830409,-0.29637562078413626,0.12528395424331776,0.10385022336961848,0.04072103005925432,0.2545723698179399,0.2015172482105774,0.4274663494443799,0.06953024385249205,0.10608304780917345,0.17890935030013266,0.5118468759157585,-1.0257092285706153,-0.7105613285614767,0.20587258615124074,0.45617065508619664,-0.38079122865820925,-0.2233527107470814,0.9453015509175579,1.2384340518261547,-0.20882997275045564,1
-1.1259074497021662,-0.87507063028241,-0.15484123025532542,0.3052077222492148,1,0,0,1,0,0,1.5613449890247548,-0.6582967090475538,0.4570372624398156,-0.5055035022902847,-0.4143598437401029,-0.11561240718634504,-0.5500040041499742,1.831553689543679,-1.6909188606518168,1.7404634507118377,0.3369442686383647,-0.4967052250063376,-0.5763981990803401,-1.2616387411576395,2.0287408370154942,-1.1493264614270113,1.6005168046272529,-0.3524395983900166,-1.4375436385994584,0.7482915930561997,-0.4958206083763794,-0.48151688373001855,1.156580475515434,-0.764208770589701,-0.782132722426662,-0.7482915930561997,1.4375436385994576,-1.038102835155144,2.81754322179188,1.6283113888235585,0.6537347655237203,1.3320852019236007,0.6996301199807459,-0.22015379130249568,0.5664865349208381,2.00011320016017,-0.38732140769626244,-0.3311783002420958,0.4521994292286506,1.0137203238451828,0.600749411603942,-0.9529858396334858,0.03983423407198747,0.45906541823023866,0.038603250264021984,1
0.8016122270906633,-1.1069805240255675,-0.4445202009343899,-0.13478617003801185,1,0,0,1,0,0,-0.16744938054139394,-0.3373241217941949,-0.08027635709007157,-0.37125678268262574,0.08124191047586818,0.027489255246536448,-0.4198866249440637,-0.2692717198699564,1.3604121321311688,-1.1923430301943807,-0.9088989335314733,-0.6173290336526013,0.6654809121775401,-1.1811070526958596,-0.6469876903965407,1.8217493219148195,-1.834343426285373,-1.427012597472569,-0.08286747959746427,-0.7597762161999033,-0.5962856773353329,-0.2785541792287997,-0.02904657900996511,-0.20812503116432088,-0.21158692817359245,0.7597762161999033,0.08286747959746356,-1.0938078624002545,-0.5596729573423944,0.1817914946388332,1.1188727833315248,0.20557870638343811,-1.3796994712424915,1.4110304042558486,1.6184817503198954,-0.35630847989348147,-0.47058938433204756,-0.1035484832504671,0.5434315933313949,0.4432043837197094,0.3299795798074865,0.3476645205553221,1.5215080252738291,1.1827648637121608,0.2860364732784985,0
-0.07219669305541997,0.1298722426046032,-0.15484123025532542,-0.4281154315628296,1,0,0,1,0,0,-0.3188766245909836,-0.21230762494732502,0.31631226684865466,-0.48409346511147705,0.5207304906675454,0.21083826023866584,0.05619918061214312,1.2904483137908729,-1.0271880569226592,-0.08972350931044305,-0.5005499056106961,0.4620994078229463,0.5368089808151012,-0.2146345445217367,0.5746865397254363,-0.2496895001472785,-0.6121714761225081,-0.5205238523408705,-0.46991781074089073,1.0963072413460702,-0.29260663660534925,-1.1954724490363464,1.153286617132462,-0.4858080840333263,0.14254916214483662,-1.0963072413460702,0.46991781074089,-0.3139374809687093,0.340918023760079,-0.4732363819731166,-0.5220307794904515,-0.71610842633123994,-0.18250970659880966,-0.38327221085833024,-0.2086678343205727,-0.5423417704240322,-0.24854144663662048,-1.0899443568808573,0.16025650409986858,0.7414286251489338,0.4822876101929924,-0.4136917878478824,-0.7833178721512579,-0.3759724034796717,0.6571863078002155,0
-0.7661037767008384,1.4697960731206219,0.5693561964423357,-0.4281154315628296,1,0,0,1,0,0,0.1480240445619179,-0.4478038166821264,0.46983044385719386,-0.5066608015972472,0.17807456053538515,0.047165733831057655,-0.23218415722531194,-0.7658189599517976,1.2502538863427297,-0.6998906723599643,-0.29913563195305287,0.35636742740461586,0.7021814418239201,-0.3895428138059893,-0.6318794037805155,-0.3867869489968238,-0.19092923298459413,-0.5443446738617771,-0.4125770209418648,0.895231533445257,-0.06636886710111334,0.41810764077771684,-2.0978225285342824,0.7561849860571762,-0.14255565393695105,-0.895231533445257,0.4125770209418641,-0.28608496734615396,-0.4846237089171882,0.427426948368315,0.14983524623193267,0.06903246449978255,0.25856020669096863,0.35076067714292497,0.6218547041523672,0.5118468759157585,0.0012624832707351544,0.5034643620605421,0.3062279666642602,-0.8663890242955825,-0.5500223735309933,1.5531453421937294,-0.7010026615289333,-0.3759724034796717,0.47161139053935697,1
1.5469198354505571,1.109047349520155,0.27967722576327125,-2.334755631474145,1,0,0,1,0,0,-0.016022136491804253,-0.407100771197099,0.21396681550962854,-0.4615261286257068,0.1575017250343518,0.043588192270235616,0.7644945705834026,0.3607060742491537,-1.0353186603798068,0.908722389933864,1.009574569445474,1.183178483926262,-0.7776683518333966,-0.15850843579842366,0.18529354169808848,-0.9346552480068259,-0.33626615268724513,-0.4235337535370445,0.3506288912831737,1.2659648698873813,-1.2214280716593413,-0.30945740450170645,0.4760769056812653,-1.561061083755416,-1.7259946613404566,-1.2659648698873813,-0.3506288912831744,-0.09111737198826762,0.26586877533487285,0.28186519801010423,-0.26362076959722697,-0.3747428216220998,0.8886600828192224,0.4323198869208419,0.2896456887631914,0.015758101167622184,-1.1089772052064004,-0.17942508891434333,0.38833691435672935,0.585833368751077,-0.1269445113490324,-0.6992004034990842,0.5337254978059351,1.461110804282131,0.22417816752487937,0
-0.09789695541265715,-0.30817977891024867,-0.8790386569529866,-0.8681093238500562,1,0,0,1,0,0,-0.14221150653312897,-0.3530238679098483,-0.2721740783507456,-0.30124017461138985,-0.1289286991221778,-0.038695263628671234,-1.0356850160016253,-0.8617600644370933,2.061087312958508,-1.6019384222025108,-1.0838969254021014,-0.06632162416006629,1.0814356403212948,-1.6567342285010085,-1.357577264721288,2.0036792615635446,-1.7514608798824716,-1.3049624627715541,0.3586118043630067,-0.4461216066019436,-0.21524409429531668,-0.1771983686682597,-0.8040709798679686,0.42739683278556173,0.13507723335809213,0.4461216066019436,-0.35861180436300744,-1.5023113955310639,-1.0600012801771017,1.2947323775859891,2.3118656623385774,1.2467438007463156,-0.9281278933505762,2.0906904857384916,2.0429710477616196,0.5531876071447698,-0.05424950115312168,0.04820472807728505,0.7076494887163344,0.14498014229048395,0.31305646532020776,1.109020828958526,0.6983559190505837,0.514734606344233,0.5334696962929761,0
-0.5348014154856993,0.20717554051898904,0.27967722576327125,-0.4281154315628296,0,1,0,1,0,0,-0.15483044353726144,-0.339650010107625,-0.4768649810287978,-0.11607228549737747,-0.398226511328222,-0.17151149407418936,-0.07262811458838277,-0.0391027470565116,0.060984232727599445,-1.057195898254329,-0.24667366805701352,1.2558595279377336,1.233597348509864,-0.45631982347608235,-0.29894592389946906,0.6114769901405359,-1.3811007945094278,-0.2881459081334247,1.865730739262546,-0.13756642077256032,-0.3549582296653446,-0.2458077164816869,0.5311079153525984,0.05872754765801486,0.039369453313044374,0.13756642077256032,-1.865730739262547,0.6330479821981672,1.3165582532877582,5.540283429700487,5.240512441128456,3.9776686384194364,4.322704407718205,5.488990893151709,4.165417534970245,4.170501589683269,-0.3040534310604773,-0.17942508891434333,0.1785029369204177,0.4302381123532211,0.43151826673115745,-0.3819686083310823,-0.12479618717266176,-0.2089648391376897,0.038603250264021984,0
-0.5348014154856993,0.2587110724619126,0.27967722576327125,-0.8681093238500562,1,0,0,1,0,0,0.48873534367349464,-0.5158360498499579,0.2267599969270068,-0.46268342793266937,-0.1503999258911888,-0.03914245632377399,0.045540398121809524,0.6580925323592846,-0.21931039197994526,0.6287856473811678,0.7305952753318145,0.7982833344305933,-0.49684377524186335,-0.18598804787043202,2.5832423055124805,-1.7575439332250287,0.15391240574684661,-0.9344573755083003,-0.2444928926024105,1.3312483316301793,-0.24916209816639653,1.684582779691295,-1.466357503222178,-0.6968319368631468,-1.8621253893535477,-1.3312483316301793,0.2444928926024098,0.02029268250195297,2.9676417186422928,0.8914050276351143,-0.26362076959722697,-0.18699173903207253,1.2982250023025865,0.9216751455883455,1.1755363964676604,0.6358690696027934,-0.3040534310604773,1.413983630027056,-0.2867811000035777,-0.9701191952274875,-1.1423313805857394,-0.2550758902638815,0.4514102871836102,1.4054416161681371,-0.08511336124321738,1
-1.2030082367738797,-1.0554449920826439,-0.4445202009343899,-1.161438585374874,1,0,0,1,0,0,1.1449200678883833,-0.6082901103088059,-0.13144908275958464,-0.3533186434247058,-0.6782627964688082,-0.1947655142195326,0.3600477871000778,-1.4630966202887197,-0.14293541877599544,0.871803090797553,0.8932090520380451,0.2698552127929618,-1.2165405231949216,-0.6399364696575763,0.1399102599057699,-0.7146127522450318,0.009407840073046656,-0.44361767644850586,-1.0383979846077995,1.3979208031972914,-1.1400721928380153,2.148305054664514,-0.5227193931834937,-1.1684210784481976,-1.5943218313019396,-1.3979208031972914,1.0383979846077986,-0.5367575899491508,0.26586877533487285,0.40923172957353837,-0.04397226118798574,-0.03337721691295973,0.5106001571422693,-0.709509049969999,-0.319404172783631,0.015758101167622184,-1.053465220782544,2.096873081001942,0.16025650409986858,-0.1402778277722523,-0.5838686025055501,-0.15990635171348128,0.36909507656128593,1.3497724280541432,0.10046155601764112,1
0.8273124894479005,-1.2615871198543382,1.0038746524609323,-0.13478617003801185,1,0,0,1,0,0,0.12278617055365294,-0.44198909589855107,-0.20820817126385424,-0.329594007631973,-0.2738918081878332,-0.08520330391935772,0.9835657557422591,0.26685712530019845,-0.32164034222736176,0.1687895423377925,0.21811713284721318,-0.062461194813573304,-0.5698024580313517,1.262646474122934,0.024620456467238462,-0.3640728514241959,0.6950034855816702,0.7856667757739305,-0.10705812529392912,0.020989325180847843,-0.10605064637076858,-0.3416055464325276,0.07383501821067706,0.4611297769982083,0.4834877337149996,-0.020989325180847843,0.10705812529392841,0.8280155775560533,-0.25947596364157,-0.8462383672660339,-0.8838047933409655,-0.596630464683041,-0.08799472517957138,-1.1173050988595852,-1.2052948804881005,-0.6043528672675491,-0.05424950115312168,-0.2553016945782196,0.23324223538206504,0.2357440418559006,0.4145951522438788,0.2207718024881207,-0.04248097655033679,-0.04195727479570725,0.40975308478573785,0
-1.100207187344929,-1.132748289997029,-0.15484123025532542,-0.13478617003801185,1,0,0,1,0,0,-0.06649788450833415,-0.37570127896579214,1.5700440457517246,-0.652480514274532,0.7366017529844037,0.21531018718969339,0.5341654704871273,-1.7670649301578683,0.8992172368887587,0.02786603902663461,0.37864927926623415,0.21180500488194715,-0.4456304864547711,-0.555094366269158,-0.5405654432016443,0.008996238882712289,0.19388686037850522,0.06232721544574018,0.7976720237538321,-0.5022446364654003,-1.2974138400403783,1.883825478100604,-1.2202197342995322,0.15460967085758248,-0.4314122128852908,0.5022446364654003,-0.7976720237538328,-0.5646101035717058,-0.5596729573423944,-0.20940570944885942,-0.173177266134598,-0.08458205761933026,-0.24551969421163483,0.9216751455883455,0.5664865349208381,-0.35630847989348147,-1.1644891896302574,2.096873081001942,0.6072941082033162,-0.16621037050522874,-0.093098282374475,1.0455744699249259,1.8507688677631275,1.6837875567381073,0.47161139053935697,0
2.6520311168117785,-0.7204640344536393,-1.168717627632051,1.0385308760612593,1,0,0,1,0,0,-0.20530619155379135,-0.31987995944346886,0.5465895323614635,-0.5141832470925041,0.5077234935847349,0.15136163178999948,0.08658759856554155,0.12548222550918256,-0.8887934150782265,0.08680474924653778,-0.48710767703088026,0.09887265819149657,0.00958907965737088,-0.30799924927335526,-0.8027378785019429,-0.65569201002115,-0.35114889091330864,-1.1539007733887252,-0.36119580761071546,0.4930801176436278,-0.4281513844107204,-0.9763934771626666,0.556103137792723,-0.4654608453550436,-0.4932956799435413,-0.4930801176436278,0.36119580761071474,-0.11896988561082296,-0.5596729573423944,0.8368193712507843,0.33072225315718967,0.17144214591252482,0.29006520049738066,0.758556726032511,1.0648000580046022,0.44983577907224165,-0.3595654154843339,-0.8623145398892288,0.2514886682026129,0.5080357405521495,0.27921023634565156,-0.4771381468814831,0.7806711296729086,1.1827648637121608,0.6571863078002155,0
-0.5348014154856993,-0.7204640344536393,0.27967722576327125,-0.8681093238500562,1,0,0,1,0,0,0.48873534367349464,-0.5158360498499579,-0.19541498984647596,-0.33017265728545425,-0.4738822830964457,-0.1415495835023048,-0.2999277944734914,1.7543347377189262,-1.606723634884853,0.12478734916784594,-0.8392104140038605,0.5237863979816539,1.1030512620536448,-0.03138259015466665,2.563860090023771,-1.9463101658656892,0.14938582353270177,-0.9054988163065768,0.08962234189036815,0.625495827724652,0.3856997849546681,0.16053927151209293,0.2405910191898128,-0.020451232673724267,0.2069712862654077,-0.625495827724652,-0.08962234189036815,0.10385022336961848,2.7424939733666744,0.5729886987265271,-0.5995537824584191,-0.5112890635057554,1.2667200084961745,1.166352774922097,1.2309045656991897,0.3258135853852078,0.16383329479774422,-0.07102993796594885,-0.6243401071837319,-0.41627417543035544,-0.39529675536159015,-0.4499468501527968,-0.7950771879544472,-0.6225073794130739,-0.45626319576493324,0
-0.6633027272718879,-1.2100515879114147,-0.8790386569529866,-0.4281154315628296,0,1,0,1,0,0,0.31207022561564,-0.4867624459320812,1.1478690589782419,-0.6027166440751413,0.3477153661400217,0.09143781064623036,0.2675793138910253,-0.27042011226197665,0.9670292538556208,-0.5682238760875912,-0.33451826951526253,1.0894118465295517,1.2768683053622714,-0.3895428138059893,-0.17262389616325244,0.2982702337936162,-0.8063499125851852,-0.8870323086327779,-0.4291756706205303,1.9114790301331543,-0.7613021392801588,0.1982292610003973,-1.0222285658015091,-0.031928972456377804,-0.4311242688251216,-1.9114790301331537,0.4291756706205296,-0.28608496734615396,-0.03432821836595151,0.427426948368315,0.5245297605771081,0.15437386567706757,-0.24551969421163483,1.0032343553662626,1.397009073393778,0.5118468759157585,-0.6556293324115703,0.326418948844831,0.4096244193140364,-0.2094312750601892,-0.20591904562299765,0.834086606479591,-1.1674555217221056,-0.45019798763166347,0.3685142142833251,0
-1.2544087614883548,-1.132748289997029,-0.15484123025532542,-0.13478617003801185,1,0,0,1,0,0,-0.19268725454965888,-0.33383528932404966,1.5700440457517246,-0.652480514274532,0.8544651138294915,0.24750806123709174,1.0587163700191693,-1.3678612591047365,0.7019364462816059,0.8770075474372229,0.8937700317849009,0.5665001882918587,-0.6661375819748309,-0.012694322257114869,-0.6701956682233186,0.042390452969341866,0.5200361298710419,0.45402912973556825,0.1359000988749071,0.6378546273322155,-1.4848549017523123,1.2060451976545516,-0.916972319962614,-0.6691216923246253,-0.7186737389828693,-0.6378546273322155,-0.1359000988749078,0.04814519612450831,-0.5596729573423944,0.2727675886127153,0.2531992501892221,0.4616029099152932,0.19555021907814235,0.02452383803125581,-0.04256332662598434,0.38782468222872474,-1.3957891247296605,1.0851850054835932,-0.07694712256726609,-0.53358805922239,-0.7418176710534824,0.5168548113115892,0.34165667302051117,0.7559677548382072,0.16231986177126023,0
-0.7147032519863632,0.20717554051898904,1.0038746524609323,-0.4281154315628296,1,0,0,1,0,0,0.551830028694157,-0.5193248823201031,-0.4768649810287978,-0.11607228549737747,-0.8665882858874382,-0.30969403686094055,0.03924381337947476,-0.5632121877631364,0.04569557180582371,-0.2941739547011902,-0.053391591174027565,0.09754745280312357,0.6298879659963784,-0.15201855118700705,-1.1351311202154515,0.7233668439504883,-0.22486193486131606,-0.01418609722922397,-0.16027754582615011,0.2920044097428146,-0.20646462297060458,-0.3641230343859621,0.664446539468475,0.17444078883573808,0.055561720586375325,-0.2920044097428146,0.16027754582614942,-0.09111737198826762,-1.009968447893631,0.2545723698179399,0.6020527635450756,0.47867119015075044,-0.34003467563087314,0.6769975162545934,0.8433273810784847,0.6978801664463103,-0.19302946221276363,-0.3311783002420958,0.041654690766301246,0.37837302688726915,0.43151826673115745,-0.667477223982284,-0.4540570296619595,-0.3759724034796717,-0.023255055489598248,0
-1.2030082367738797,-0.7204640344536393,-0.4445202009343899,-0.8681093238500562,1,0,0,1,0,0,1.1449200678883833,-0.6082901103088059,-0.19541498984647596,-0.33017265728545425,-0.7386976090238064,-0.21265322202364279,-0.8279051553369855,-0.07353918911892046,-0.8600948797171283,-0.1755610717620272,-0.5895931654839675,0.14305817480927518,0.42961337394898297,-0.6757402007565504,0.0669427767253477,-0.8111583026205105,-0.032031361460799414,-0.2913347629224646,-0.6045440128777345,0.794693679494849,0.4760306253500967,0.16799664911138346,0.36064264759722064,0.2054099319797073,0.4820682987400705,-0.794693679494849,0.6045440128777338,-0.6004204782292769,0.13721292089166215,0.2376768095085036,-0.23224241125304912,-0.2284432767467546,0.654622985971585,-0.4531801049536876,-0.22448731124386676,0.051193013649631844,0.22331042096616224,-0.08457933183449812,-0.6813602097479471,-0.40932795862687943,-0.30463721346545575,-0.500930531519083,-1.1331575172961372,-0.9604988786766088,-0.3789403135729091,1
0.2105061928741954,-1.2100515879114147,-0.4445202009343899,-0.4281154315628296,1,0,0,1,0,0,-0.4576849316364408,-0.11927209241011955,1.1478690589782419,-0.6027166440751413,1.0781805954217558,0.3740635939511713,0.3718470257376762,-0.18630178285654367,1.0815669003692487,0.22597981772955422,0.48587096375282945,-0.7634384880231027,-0.6979039515398792,-0.14519107800028005,-0.44365993344557136,0.7066771553945631,0.4239562297569001,0.443450567303196,-1.1820904200447964,0.13114384342216406,-0.6621355554520736,-0.18874373824469,-0.768395796023929,0.11510358543653182,-0.19871288055585035,-0.13114384342216406,1.1820904200447957,-0.20252742647848845,-0.4846237089171882,-0.2548937564358004,0.13691474573727128,0.3079883877961804,-0.7180946013078251,-1.3619827281933365,-1.0945585420250417,-0.10826409251941274,-0.574674355126779,-0.08457933183449812,0.3107895748693972,-0.1500025312971187,-0.093098282374475,0.6490347259649236,-0.10421738451708033,-0.05587457182420596,0.16231986177126023,1
1.8039224590229344,-0.87507063028241,-0.8790386569529866,0.3052077222492148,1,0,0,1,0,0,0.2868323516073751,-0.4885068621671538,0.43145089960505906,-0.5055035022902847,0.07196164845362352,0.014967859783659318,-0.19708890792989656,0.37456531383845004,-0.8224310323357283,0.010050082595465798,0.26050032524841354,0.9240003336147417,0.14090387356157427,-0.7935913920337695,-0.3440792856736971,0.2918448698722728,-0.8347061474994383,-0.49150847126435687,0.27586209560863995,0.9866295824910817,-0.5188902441655004,-0.858793723230188,1.4175667216152963,-0.8412573406541632,-0.8185255389058494,-0.9866295824910817,-0.27586209560863995,-0.6760201580619267,-0.18442671521636386,0.49111021415003275,0.5762117625557528,0.18851042614798086,0.2270552128845555,0.758556726032511,0.6772228733838963,0.2638024885416898,-0.4150773999081907,-0.7105613285614767,0.42482977999782756,1.130416766143575,0.6684418695530556,-1.175048096251087,-0.12479618717266176,0.4033962301162448,0.10046155601764112,0
-0.8175043014153137,0.8256019238340739,-0.15484123025532542,1.0385308760612593,1,0,0,1,0,0,0.03445361152472564,-0.4274522939396127,0.12441454558798068,-0.4545823327839313,0.06091231505900868,0.022570135600406147,-0.4272961782304854,0.6229214990442439,0.14192201769143153,-0.7000277528363941,-0.9994319930682792,0.6762066681700656,1.4066329632236036,0.6369806477375998,0.3940493501573999,-0.1477721861296013,-0.03454230634635568,-0.42328676161393786,0.1590389773671773,0.7645323233097278,1.2306292952771412,-0.46022931791097244,-0.34250894856486935,0.9114407723760067,0.8860534025020964,-0.764532323309727,-0.15903897736717798,0.438080386840281,0.19081952690966666,-0.45504116317834126,-0.4574282770171454,-0.4430159425639276,-0.5605696322757617,0.18764225758709038,0.12354118106860354,-0.5423417704240322,0.7229182807808735,-0.7105613285614767,-1.0257616292358074,-1.0219842806934394,-0.6515610604546642,-0.28679906978068154,-1.6887851889968277,-1.6563637301015341,-0.7036964187794109,0
0.44180855408933456,-0.07626988516709207,0.27967722576327125,-0.13478617003801185,1,0,0,1,0,0,0.021834674520593164,-0.42047462899932225,-0.3745195296897717,-0.2260157196588223,-0.39436563716697975,-0.14870466662394888,-0.2995367231916004,-0.32191805769789544,1.8478785302726644,-0.30943995200495444,-0.17976746927447235,0.1272529881928773,0.11597453955651697,-0.7023747530554344,-0.407354488945409,2.6498926074406453,-0.7664170818648913,-0.27162690725613853,-0.08286747959746427,0.2557448558590603,-0.28529147229348534,0.03376385232416026,0.13677466062906676,-0.3419326471693537,-0.03148429270586593,-0.2557448558590603,0.08286747959746356,-0.5924626171942612,-0.25947596364157,0.4456221671630917,1.8295003105378922,1.349153482159058,-1.7892643907258567,-0.22015379130249568,-0.2086678343205727,-0.17027518936292965,-0.3595654154843339,-0.1035484832504671,-0.39625969692687113,-0.2699405414371327,-0.38079122865820925,-0.1916295312302808,-0.5363722402842841,-0.48731077970765985,-0.45626319576493324,0
0.2619067175886707,-0.7204640344536393,-0.8790386569529866,1.0385308760612593,1,0,0,1,0,0,0.1858808555743153,-0.46757386734628253,-0.46407179961141953,-0.13343177510181614,-0.6435501387784406,-0.25647810614371275,-0.5980748707893566,1.70865388538723,-1.3936031107148403,-0.44619423215406995,-1.4412181707687108,-0.5068055359066052,1.1176192376954923,-0.5314582640240966,1.5360981829714517,-1.1744339759095777,-0.7920106801569583,-2.180937741737832,-1.507723094246343,0.8041191033027003,0.300610831158031,-0.8063516416892451,0.7249092545194917,-0.18256461129613163,-0.25560701266939656,-0.8041191033027003,1.5077230942463424,-0.6481676444393714,1.0163612595869336,-0.7825551014843162,-1.2068173057074962,-1.39883963574952,-1.0016395455655394,0.18764225758709038,1.1755363964676604,-0.6663639641110671,-0.05424950115312168,-1.0140677512169813,-1.1352402261590995,-0.6459624110652865,-0.6684841749419423,-1.4605567119022886,-0.6186874509066087,-0.32030321536567735,-0.9511296417938885,1
-2.0254166322054865,-0.7719995663965628,-0.15484123025532542,0.5985369837740325,1,0,0,1,0,0,4.3879868779504285,-0.764124627308625,0.15000090842273722,-0.4603688293187442,-1.1016821888482133,-0.23188250791306123,-0.2963746314196073,-0.6615918518067774,-0.4582885982595119,-2.267283921543785,-1.3459147704140226,-2.3690938939663937,0.07816669906837405,-1.0300049391560386,-1.7477897161487772,-0.8903226278173836,-3.596696261059455,-2.529965371027724,-3.5663204598883063,0.3058716999428703,-0.617052659479285,-0.8428417901094728,-0.26819251198989,-0.5034681395388789,-0.7202636479922285,-0.3058716999428703,3.5663204598883063,-1.038102835155144,-1.685411683720486,-0.555114866549611,-0.8967252938356269,-2.0815708451678003,0.3845801819166189,-1.0357458890816678,1.1201682272361313,0.139780294854656,-0.5816133531797613,-0.7864379342253526,0.014285041535478216,-0.127311556405765,-0.3130987707090945,-0.09645999267988113,0.6983559190505837,0.9600881112561845,0.038603250264021984,1
-1.3829100732745436,-0.12780541711001567,0.5693561964423357,0.5985369837740325,1,0,0,1,0,0,0.4256406586528323,-0.5088583849096675,-0.029103631420558513,-0.4048184625845405,-0.2948745298524545,-0.0784954134928164,1.1399107628558736,1.7556922123965693,0.2006679107776911,0.903618022548268,0.8366714936553405,0.39640302078036527,-0.8204716420301694,0.748218556418821,0.9189399190429953,0.7481278740668017,-0.2127581506629333,-0.2030115356708973,-0.7768887630270574,1.3111552580072139,-0.8374624986723936,-1.4891688223999238,0.47747660781209866,-1.4316969921139902,-1.2859151701390124,-1.3111552580072139,0.7768887630270568,0.35452284597261524,0.41596727218528484,-0.982702508226857,-0.4961897785011287,-0.5454256239766699,-1.3166894836296663,-0.8726274695258333,-0.6516131881728072,-0.8523972546416179,-0.9424412519348303,-1.5452039908641146,-1.0713777112871794,-0.6978274965312384,-1.159254495073018,-1.2702176348014877,-0.4540570296619595,0.18071947766026855,-1.0748462533011267,1
-0.6890029896291251,0.38754990231922204,-0.8790386569529866,-0.8681093238500562,1,0,0,1,0,0,-0.21792512855792381,-0.313483766581536,0.4570372624398156,-0.5124472981320601,0.47773984440995537,0.15493917335082152,0.9931775577868321,0.5932169042660745,-0.08344590588457328,1.3147534365053835,1.0853893365610905,-0.20067597555408448,-1.207027068871135,0.37448048536419276,-0.08540356480960694,0.3037509687615079,-0.020156684606168776,0.31386117693304205,-0.2971274843375756,0.020989325180847843,-1.0068610821180572,-0.8997642344233456,0.4193137787721682,-1.7961340953155056,-1.104634944365589,-0.020989325180847843,0.29712748433757485,0.16883942182224726,-0.26781476902214846,-0.5854402312075713,-0.35119305072770857,-0.33681330998775105,-0.3855418889068024,-0.49201782389555315,-0.41783647363968324,-0.34252823615047884,-0.9146852597229018,-0.7864379342253526,0.2606118846128881,0.4432043837197094,-0.3469449996836519,0.09387908442092041,1.1099319721622063,1.2384340518261547,-0.1469716669968365,0
-1.0488066626304537,-1.132748289997029,-1.168717627632051,-0.13478617003801185,1,0,0,1,0,0,-0.1295925695289965,-0.3576756445367086,1.058316789056594,-0.5934582496194406,0.6372897133366908,0.18355950583739783,0.2528136796963315,-0.05883012276035614,0.6291195321312458,-0.6787012629133199,-0.46745150921420264,0.17310486627460406,0.7977999692038156,-1.0063495263699271,1.3676080145956233,-0.1854153396539271,-1.6031577087235784,-1.8410294808317276,-1.171446535938352,1.3979208031972914,-1.3570761650791272,1.4507858764731514,-1.046352011017504,-0.6727821212369612,-1.189697104852054,-1.3979208031972914,1.1714465359383512,-0.9545452942874786,1.2415090048625523,-0.04564874029587195,-0.1344157646506147,-0.7502449868021539,-0.4660546508565234,0.5954383064766764,1.4523772426253072,-0.23228628620644656,-1.3032691506898992,1.1484155102034896,-0.39625969692687113,-0.8469396172458507,-1.0238695791747903,-0.0647368131630805,-0.20711139779498602,0.5704037944582268,0.007674097387211866,0
-0.5348014154856993,0.43908543426214564,0.27967722576327125,1.7718540298733036,1,0,0,1,0,0,0.45087853266109723,-0.5158360498499579,-0.38731271110714993,-0.21965057347052813,-0.6788291538619591,-0.22696338826693094,0.3199947925174226,2.370697846899526,-2.4772468290332483,0.434643320734667,-0.3291995245405494,0.3925713023897616,0.6325837368222683,-0.06199805192465087,2.556997183260509,-1.9695052678574991,-0.05361206594492712,-0.9474657829971316,-0.5047088517425482,1.0359845289758263,-0.5069082715147589,-0.6923135484794553,1.4073165477156422,-0.6403358923288238,-0.49704042307835117,-1.0359845289758263,0.5047088517425475,0.10385022336961848,2.81754322179188,0.7003552302899613,-0.5220307794904515,-0.5112890635057554,1.487254965141063,0.6769975162545934,1.0648000580046022,0.5118468759157585,-0.47058938433204756,-0.6346847228976005,0.05990112358685037,0.7803274392483975,0.4484413812184362,-1.206771275767887,-0.4540570296619595,0.013711913318286572,0.16231986177126023,0
-0.8689048261297889,0.20717554051898904,0.27967722576327125,-0.4281154315628296,1,0,0,1,0,0,0.43825959565696476,-0.5106028011447401,-0.5408308881156891,-3.423548011197542e-4,-0.930415963307909,-0.39242468545495013,-0.6874156893222854,0.2449990132959407,0.5216207327795183,-1.2035225754962935,-1.4625377319409139,-0.20572043417755925,1.1404593785269768,-0.5487155167819622,-1.1858770411451396,1.5412145947075822,-0.5182893153723223,-0.32106076662655997,-0.6280087910670794,0.3422733367180179,0.40759817050507535,-1.5242544214967704,0.8356990174046376,1.1119545415945316,1.5879173315166317,-0.3422733367180179,0.6280087910670786,-0.4253475354589299,-1.009968447893631,0.527500651739586,1.2997597902567817,0.9907195972144606,-1.0016395455655394,-0.22015379130249568,0.06817301183707392,0.2638024885416898,-0.05424950115312168,-1.6210805965279906,-1.4180599348776075,-0.8534227529290943,-0.4146374576327655,-1.0798785577006862,-1.7711003996191523,-1.8790404825575102,-1.0748462533011267,1
-2.0254166322054865,-0.6946962684821769,-0.15484123025532542,1.0385308760612593,1,0,0,1,0,0,4.3879868779504285,-0.764124627308625,0.32910544826603294,-0.4869867133788835,-0.9942831905836164,-0.21131164393833451,-0.3177034567301748,0.07072027271164931,-0.7570026217026804,-0.7184251186761682,-0.5323176271287747,-0.6760217043453393,-0.11769921334535449,-0.5943510870118238,-0.8918052639944526,-0.36759353654795424,-0.9203855650718497,-0.6397520267241584,-1.0618771407249559,0.13114384342216406,-0.1520942127740267,-0.9904567298975208,0.6654518899603366,0.05790741514966641,0.06744564956903835,-0.13114384342216406,1.0618771407249543,-0.3417899945912644,-0.5596729573423944,1.2644070129280303,0.8475422729436388,0.39332978897346543,1.3297299961089997,0.18764225758709038,0.8433273810784847,1.3800022317249987,-0.24854144663662048,-1.0140677512169813,-0.42362934615769415,-0.03654765684034838,-0.008482709938082702,-0.857816301083085,0.2044646553166367,0.29205785388825667,-0.023255055489598248,0
-0.9717058755587404,-1.3904259497116478,0.27967722576327125,0.5985369837740325,1,0,0,1,0,0,-0.43244705762817587,-0.18207107687273325,0.41865771818768077,-0.5037675533298408,0.7387635846727089,0.24929683201750275,0.3823885142316384,0.22869032513794782,-1.4257817993839634,0.34391960974040636,-0.18624816961044907,0.5363658311855495,0.5245963031446764,1.2945221546681096,1.0019568566518073,-0.6646753485362705,0.599241782294884,-0.008279256428264407,0.20465562353765385,0.5285640660967139,0.7617507466474728,0.6898537353864965,1.2811568594981946,0.12958468864705006,0.23404865970170433,-0.5285640660967139,-0.20465562353765385,1.217950768271826,0.9413120111617277,0.03622974428062242,-0.3153027715758717,-0.06751377738387422,0.19555021907814235,0.10608304780917345,0.012804842605544792,-0.046252995675895824,0.3343343898138759,0.19995793940503753,-1.0622544948769042,-0.3347718982695729,-0.2623294272472596,-1.6508957890030895,-1.1125787146405561,-1.0440026608476,-0.9511296417938885,0
0.3904080293748593,0.38754990231922204,-0.8790386569529866,-0.4281154315628296,1,0,0,1,0,0,0.4634974696652297,-0.5175804660850305,3.655332616784382,-0.742749860217613,0.7995257165009507,0.175957230020651,-0.8313446347376814,-0.9626634711631423,-0.2920905561376888,0.0070553768168016085,0.6211534611747068,-0.2739484590171196,-0.9392269753387199,-1.1822223779536236,-1.007740688786971,0.31168258890248646,-1.968547700732604,-1.2805534032930856,-0.18963998474047816,-0.18555039652161812,-0.025257718574880853,0.31175332572420583,0.7125085186244889,-1.9615095615503588,-2.0577410799368088,0.18555039652161812,0.18963998474047747,-1.1495128896453646,-1.009968447893631,-0.3549674598070702,-0.1473362651452761,-0.9038595089212672,-0.2770246880180474,0.758556726032511,0.954063719541543,-0.6043528672675491,-0.47058938433204756,-0.36911660307403377,-1.7875501994937217,-1.2359277582404917,-1.785409731102321,-2.1267434817550925,0.6160407084282594,0.5704037944582268,-2.466658132757562,1
-0.8689048261297889,0.8256019238340739,0.27967722576327125,1.0385308760612593,1,0,0,1,0,0,0.43825959565696476,-0.5106028011447401,0.12441454558798068,-0.4545823327839313,-0.189900505870436,-0.04137841979928776,-1.3936499406439096,-0.5153010539930013,1.3963999819126982,-0.8851893256042859,-0.6368583546570539,0.6352300508211141,1.0614783642043273,-0.6400030581653975,-1.2900734213797844,1.8509030875675296,-0.4263848910935107,0.005983453161122891,-0.16027754582615011,1.0253393444399002,1.2984206528736009,-0.5851003650274594,-0.04894645235888768,0.773037712043374,0.833788729233752,-1.0253393444399008,0.16027754582614942,-0.5646101035717058,-1.1600669447440433,0.2454747604205509,1.1963957862994923,0.9395147565080901,-1.1906695084040155,-0.30171300108041293,-0.26403600355210183,0.015758101167622184,0.6951622885689447,-0.8623145398892288,-1.2264723902618437,-1.060883094792903,-0.7361766328910565,-0.635754044465484,-2.018046031486126,-1.9903788587854983,-1.136704559054746,0
0.3904080293748593,0.43908543426214564,-0.8790386569529866,1.7718540298733036,1,0,0,1,0,0,0.4634974696652297,-0.5175804660850305,-0.38731271110714993,-0.21965057347052813,-0.6852514209725972,-0.2283049663522392,-0.40959411737112444,-0.3069764007605314,-0.780403039106738,-0.9803347094714591,-0.5160225133802286,0.5919601747889696,0.6964494392301772,-1.0597146396473023,-1.1319306952758288,0.14045340303887255,-1.7336699563313571,-1.0288255851930996,-0.4019224822967764,1.20598490020106,-0.48930379086797404,-0.7126085780388389,1.207979222894995,-0.39470850533657503,-0.3335933991944139,-1.20598490020106,0.40192248229677574,-1.0659553487776992,-1.1600669447440433,-0.5733100853443877,-0.4186667755331612,-1.040405750804923,-0.24551969421163483,0.02452383803125581,0.2342775195316623,-0.790386157798101,-0.49834537654397587,-0.7105613285614767,-0.17730250308028428,0.45617065508619664,0.2622871218583729,-1.206771275767887,-0.7010026615289333,-0.2089648391376897,0.038603250264021984,1
-0.6890029896291251,0.8256019238340739,1.0038746524609323,1.0385308760612593,1,0,0,1,0,0,0.33730809962390496,-0.491995694637299,0.12441454558798068,-0.4545823327839313,-0.13557880096704963,-0.02706825355599962,-1.3503784565445198,-0.08540707188974907,0.3002383709565097,-0.9306245474961256,-0.8434508968440276,1.0233351841632046,1.5864137834887617,-0.2252896529351053,-1.1079619675303145,0.50422437620228,-0.41653493684864856,-0.19004758716945516,-0.19575715951429745,1.5898567061935227,1.6526273489757906,-0.9927080901329736,0.09626095972731215,0.8441848116018478,0.9109829956091695,-1.589856706193522,0.19575715951429676,-0.3696425082138195,-1.1600669447440433,-0.6824813981130464,-0.3411437725651945,-0.47715250303484213,-0.7811045889206503,0.02452383803125581,0.12354118106860354,-0.5423417704240322,0.8339422496285867,-1.2416975682086098,-1.527538531800901,-1.2553771652902237,-0.9054077777638412,-0.9529858396334858,-2.182676452730775,-2.046048046899492,-1.3222794763156045,1
0.3904080293748593,-0.5400896726534062,-0.8790386569529866,0.3052077222492148,1,0,0,0,1,0,0.4634974696652297,-0.5175804660850305,-0.16982862701171944,-0.3388524020876736,-0.43637912100675785,-0.13618327116107173,-0.7116491256099774,-0.4978391218224275,-0.17552366008017792,-0.689140062510948,-0.7262384677235908,-1.6295687633835574,-0.09849421927885574,-0.9699135779845093,-1.3556785328969214,0.622864212442165,-1.730423277025695,-0.9688545728203346,-0.5252107151899512,-1.7016398430609991,0.020439213642144526,-0.6747891754659308,0.8658651881157452,-0.7848743354449973,-0.00175234184727541,1.7016398430609991,0.52521071518995055,-0.9545452942874786,-1.3101654415944555,-0.30947941282012914,0.046471242274642305,-0.6478353053894121,-0.37153966943728567,0.10608304780917345,0.40038202722625016,-0.4803306735805153,0.4731143508735179,-0.17942508891434333,1.8571747564109133,2.128819661363154,1.582290051866092,1.109020828958526,2.2623449208747504,1.3497724280541432,0.904619530814692,0
-0.6890029896291251,-0.5400896726534062,1.0038746524609323,0.3052077222492148,1,0,0,0,1,0,0.33730809962390496,-0.491995694637299,-0.16982862701171944,-0.3388524020876736,-0.36914960729584884,-0.11650679257655054,-0.2579083546352728,-0.16282581905867458,-0.37613018429556494,0.2977264994904301,-0.02722256790061633,-1.1387508526396248,-0.19108023145019026,-0.1747175266162517,-0.9162365794425521,0.5178791097959334,-0.18748167664864815,0.06480669185556305,0.02218903885575044,-1.5751271636218862,0.1840521513446709,-0.6943821450629413,1.0346011236417607,-0.5881129143719258,0.09866179252021245,1.5751271636218862,-0.02218903885575115,-0.2582324537235989,-0.9349191994684248,-0.38226028799923456,-0.06981326217730856,-0.135786898325702,-0.5290646384693491,0.02452383803125581,0.012804842605544792,-0.17027518936292965,0.5471303301053266,-0.3058860983541368,1.4283835851280149,1.843561691300417,1.4299820214805863,0.5697267771729232,1.439192814651505,0.6631857746482165,0.5747085667953888,1
-1.4086103356317816,-0.1535731830814779,1.7280720791585935,-0.13478617003801185,1,0,0,0,1,0,-0.6722068607066928,0.5523281580928325,0.35469181110078946,-0.49335185956717764,1.2979655871833329,0.8060517374204322,0.8463307217034983,-0.7785982490616128,0.5096143541615925,0.8015844744310213,1.2536113975481893,-0.46556291220740864,-1.9558561657459352,0.0194802956722727,-0.46541600505615555,-0.6767764999193088,0.06528306349420111,0.03174081543887795,-1.3255027532684673,0.679645207448506,-1.1573789885963655,0.6024069947011017,-1.3767550086628864,-1.0181553427863934,-1.5987674852127953,-0.679645207448506,1.3255027532684667,-0.03541234474315745,-0.4846237089171882,-0.18211288125669506,-0.4961897785011287,-0.4430159425639276,0.4475901695294441,-1.1173050988595852,-0.7069813574043363,0.07776919801113909,-1.0812212129944723,0.5793409677244183,0.05077790717657645,-0.671894953798262,-0.9900233502002335,0.37938770007212164,0.9453015509175579,1.5167799923961247,-0.45626319576493324,1
-0.12359721776989524,0.20717554051898904,-1.168717627632051,-0.4281154315628296,1,0,0,1,0,0,-0.5333985536612357,-0.0029776767386127034,1.7363554041776421,-0.6617389087302327,1.3942219108020393,0.5091157878722031,0.7665963810214477,-1.2290763183624092,1.147385112694069,1.4908068175160032,2.5395218147445013,1.155130113382077,-2.0071848562067958,-0.24502372126172398,-1.3631430857338973,0.8147859434459948,-0.2666938497668105,0.44456329878456935,1.5044737661031062,0.08334093927970712,-1.3107957440935976,0.3213790000109109,-0.7497325911752087,-2.278432887818846,-2.8674732006610135,-0.08334093927970643,-1.504473766103107,0.02029268250195297,-1.0850176963188372,1.1734309189541483,1.4806467971820387,1.2808803612172301,0.6996301199807459,1.8188264531454346,1.0648000580046022,1.1939689411944467,-0.933189254530854,1.5910290432427672,3.5115179988073413,2.4054334505148978,1.0069041592986248,1.6800380602609295,5.280569310359983,5.95175864547765,3.255235149452228,1
-0.5862019402001745,-0.6689285025107157,1.4383931084795292,-0.8681093238500562,1,0,0,0,1,0,1.1701579418966481,-0.6170121914841689,0.21396681550962854,-0.47425642100229515,-0.43133833846916014,-0.10801013136959821,-0.7742626268327809,0.8316638014588521,-1.7426642672293977,-0.721135294172855,-1.2750176603103835,-0.11823325582562035,0.6575894274329941,-1.4785915275394208,1.121053590082558,-1.8251075906690333,-1.689208486951037,-2.4547953291664375,-0.6392523306161405,0.47274661909186166,-0.4007602023517424,-0.018437790870870545,0.5482233169837932,-0.7007829613025621,-0.7390444481652714,-0.47274661909186166,0.6392523306161398,-1.4558905394934718,0.5660657690356972,-1.0099953364190213,-1.6719553235153006,-2.0815708451678003,-0.40304466324369825,0.18764225758709038,0.5664865349208381,-1.720552610450858,-0.38732140769626244,-0.02767187758659086,-0.02220782410562002,0.2616765845888761,-0.0423289389126401,-0.6992004034990842,0.6983559190505837,1.0714264874841732,0.22417816752487937,0
-0.5091011531284612,-0.30817977891024867,2.8867879618748513,-0.8681093238500562,1,0,0,1,0,0,-0.34411449859924853,-0.24312564510027435,-0.2721740783507456,-0.2838806850069512,0.09736825245140363,0.03240837489266675,0.9616999271595399,-1.0099716739262636,1.9533389617470065,-0.009956427930637637,0.8572814351704308,0.1136306272892908,-0.9388813294111427,1.8750517903441364,-0.9876591606619101,1.7914750878331016,0.5593609956936131,1.2179727182926048,0.4884925330428311,-0.329502323768793,0.5362624967632772,0.39680255272596754,-0.8700201038773097,0.5681032800439065,0.07460544835160203,0.329502323768793,-0.4884925330428318,2.248493772306368,-0.7097714541928067,1.0369667779933252,1.9328643144951818,2.1342943729900803,-0.34003467563087314,-0.13859458152457876,-0.3747723420151606,1.1939689411944467,0.22331042096616224,0.04820472807728505,-0.8432973010303187,-1.112748180258855,-0.8546384343020056,-0.1916295312302808,-0.04248097655033679,-0.2089648391376897,-1.136704559054746,0
-0.2263982671988458,-0.07626988516709207,0.5693561964423357,-0.8681093238500562,1,0,0,1,0,0,-0.1800683175455264,-0.32860204061883186,0.5849690766135982,-0.5234416415482046,0.4996179556393505,0.15180882448510225,-0.06220765077607456,-0.47859211615009833,0.7714570721286483,-0.012888156648533981,0.9183396272934156,0.19652657603134913,-0.6353713716533722,-0.5294641393418008,0.0029860663316314674,-0.796224958931054,-0.8361415085653524,-0.9079993251768563,-0.8251557858999272,1.0864182721050466,-0.4425330768384147,0.6598740747562633,-1.85473695764816,-0.8116925387499077,-2.0803711053574045,-1.0864182721050466,0.8251557858999266,-0.6481676444393714,-0.25947596364157,-0.7916527108817039,-1.0388507992769007,-1.262293393865864,-0.18250970659880966,-0.22015379130249568,0.17890935030013266,-0.9764194483286528,-0.5895436366688835,0.25415551487923493,-0.8719702668911802,-1.5832385984142787,-1.7249700365048977,-0.4952656780339403,0.2632612343325826,0.9680408524153266,-0.8981082368622139,0
-0.04649643069818187,-0.87507063028241,0.27967722576327125,1.0385308760612593,1,0,0,1,0,0,-0.24316300256618875,-0.3030172691711004,-0.6687627022894718,0.4191786439728145,-0.763116606773838,-0.5569915972527639,-1.7783726895467955,1.4289818889536265,-0.5257428876040399,-0.7363993113557693,-0.9427090679468765,0.1142133510025592,1.192085442179542,-0.9763860035075199,1.7281836214748634,-0.06551875292958287,-0.22736741124615634,-0.28161748720400925,0.6912331826893887,-0.529783266025729,1.4972771249066579,-0.2300660740939708,0.6528681117559298,0.7693743281804173,0.9506232945587061,0.529783266025729,-0.6912331826893894,-0.8988402670423681,1.6918044954137887,0.17269388524144552,0.11107374474794844,0.017827623793410803,0.06953024385249205,1.0847935651441794,0.7879592118469556,0.139780294854656,0.77843026520473,-0.6346847228976005,-1.3906902856467844,-0.9052878383950472,-0.5838686025055501,-1.206771275767887,-1.0302635040182315,-1.32234860141757,-1.198562864808365,0
1.3670179989498932,1.3667250092347738,-0.4445202009343899,-0.4281154315628296,1,0,0,1,0,0,1.2584905009255756,-0.6298045772080346,1.0839031518913507,-0.5980874468472909,-0.06929897797567691,-0.022149133909869317,-0.16012042741562713,-0.6763292901075422,1.0118767010606546,0.45595573276202,0.8953199828131747,0.1369988247006285,-0.999405433752387,-1.194436341811496,0.9525073357536595,0.1528872575547257,-1.1491715033814136,-1.3044152811263283,-0.4863880375980577,0.6692437909372625,-0.9708153670391175,1.8824841150123985,-1.2296323989684712,-1.7554655705018776,-2.4374674650032433,-0.6692437909372625,0.48638803759805704,-1.0938078624002545,1.0163612595869336,0.3091580262022686,0.3436427536518511,-0.15285517856115927,-0.34003467563087314,0.9216751455883455,1.3416409041622488,0.139780294854656,-0.8869292675109735,1.8692432640103136,0.20587258615124074,-0.47740088330094144,-1.0915620371239039,0.030432725387320277,1.6861384465184783,2.40748700222003,-0.20882997275045564,1
1.6240206225222695,-0.514321906681944,-1.6032360836506476,-1.161438585374874,0,1,0,1,0,0,0.6023057767106869,-0.5373505167491867,0.03486227566633282,-0.4233352514959417,-0.3323438567213444,-0.08609768930956323,0.2634816075953084,0.5336742743304231,-1.1226737907782378,0.19517317172098475,-0.5660931819172617,-2.0031781303965617,-0.578966351172122,-0.8696587887404682,0.33085621589122793,-0.9280083708029117,-0.526455947039063,-0.979107976157109,-2.5220148494447194,-0.23079243079930178,-1.235330404047291,-0.40104019581437256,0.6021737659176515,-0.7856910687362253,-0.21995950936072872,0.2307924307993025,2.522014849444718,-1.0659553487776992,-0.3345252120667762,-1.7378040882100778,-1.8399218299458961,-1.893819762577773,-1.033144539371952,-1.6882195673050053,-0.9284540343304539,-1.4725082230767892,-1.2200011740541141,-0.5588081172337243,-0.6517097564145549,-0.2699405414371327,-0.5500223735309933,-0.6040308649486834,0.12214944469431245,0.013711913318286572,-0.8892713360402683,0
-0.09789695541265715,0.38754990231922204,-0.8790386569529866,0.3052077222492148,1,0,0,0,1,0,-0.14221150653312897,-0.35534975622327847,-0.2849672597681238,-0.28098743673954474,-0.14339691136092111,-0.056135778737678665,-1.991125109996399,-0.2999495710768189,1.3887349930389055,-1.9442528124752176,-1.760689825609797,0.2346531416341086,2.287533661059767,-1.6413073632356778,-1.2759005135940142,2.0809436133929147,-1.4266407128855976,-0.9558764105003384,0.5791922973583978,-0.2543969704224406,1.128732956399003,-0.8664789258082003,0.19270038764100936,1.211927607116402,1.3557557361693053,0.2543969704224406,-0.5791922973583985,-1.5255218235498598,-1.1225423205314402,0.38876210842941544,1.461266046440047,0.692024693093963,-1.3875757196940948,1.6149284287006416,1.397009073393778,-0.24778906041732607,1.0837461795359422,-0.7864379342253526,0.11464042204849642,0.19684522775643593,0.6853649840403343,0.31594134103852145,-1.1125787146405561,-1.32234860141757,0.40975308478573785,0
-0.07219669305541997,-0.87507063028241,-0.8790386569529866,1.0385308760612593,1,0,0,1,0,0,0.5896868397065544,-0.5286284355738237,-0.6687627022894718,0.4191786439728145,-1.3405838032248651,-0.7305023629526327,-1.2155385163736088,0.39322962407604894,-1.2419796409104522,-1.203256550647186,-2.1326445216311485,-1.0137683685548795,1.664814815073515,-0.45216980740986545,0.28068655633922346,-1.0405001473051672,-0.901948341244309,-1.7596305666330794,-1.0618771407249559,-0.3295023237687902,1.2384331526961905,-0.25853436936433816,0.6522254730988292,0.7311654365676565,1.054605562426328,0.3295023237687902,1.0618771407249543,-0.5158682047322343,0.09700796637815903,-0.4413947490822584,-0.8805746682173003,-1.1428154322176651,-0.4424259055017141,0.18764225758709038,0.8433273810784847,-0.4803306735805153,0.6118943119331598,-0.6346847228976005,-1.317704554364588,-0.840456481562607,-0.5330992590437151,-1.0481553781838862,-1.1948939252628807,-1.4336869776455579,-1.0748462533011267,0
1.3670179989498932,0.49062096620506923,-0.4445202009343899,-0.4281154315628296,1,0,0,0,1,0,1.2584905009255756,-0.6298045772080346,-0.4128990739419065,-0.19997648525216433,-1.0360003509474265,-0.3298177081405645,-1.5424321765647717,0.9092133954026634,0.17933537018331341,-1.6749934731070555,-1.6492598242384913,-0.6621144887602407,1.5406369461615075,-1.1633030464912384,0.4456690594138155,0.08592460852510121,-0.9112382048511942,-1.050975768943527,-0.27639264516917894,-0.6289223324429117,0.9824307912032567,-0.8014624387963388,-0.1588115137809827,1.359239915152898,1.118045263063213,0.6289223324429117,0.27639264516917894,-1.0938078624002545,0.41596727218528484,0.018034525485845748,0.05939174276930372,-0.3064697006802721,-0.40304466324369825,0.758556726032511,1.009431888773073,-0.10826409251941274,0.7229182807808735,-0.8623145398892288,-0.48749186102961545,-0.4903671546674297,0.04228663352375219,-0.12818317219668063,-0.7833178721512579,-1.0996718489615938,-0.3944048900113141,0
-1.4086103356317816,0.38754990231922204,1.7280720791585935,0.3052077222492148,1,0,0,0,1,0,-0.6722068607066928,0.5523281580928325,-0.2849672597681238,-0.28098743673954474,0.8060914147391767,0.6419320183177213,-0.62543956183792,0.09320474279666914,-0.23003018959122493,-0.9296707432991955,-1.10104154482826,-1.8907549283344,0.6002482328807718,0.22760282423649283,-0.7345160513161919,-0.33846786870596396,0.17193367627751324,0.3205167845530513,-1.9928767224139399,-0.6022533438160685,1.0971069958374897,-0.8637484903358648,-0.025668591104498737,1.4264116870957537,1.7443301894346406,0.6022533438160685,1.9928767224139392,-0.09111737198826762,-0.9349191994684248,-1.06458099280335,-1.051771299771562,-0.9379960693921812,-0.34003467563087314,-1.7697787770829225,-1.3160312189511594,-0.790386157798101,0.917210226264372,-0.8623145398892288,-0.24116501795220557,-0.21807545597118072,0.34690269429476517,0.47455723862252236,-1.4418395571298541,-1.7677021063295222,0.22417816752487937,1
0.4932090788038099,1.1348151154916164,-0.4445202009343899,-0.13478617003801185,0,1,0,1,0,0,-0.3945902466157784,-0.203585543771962,-0.68155588370685,0.442324630112066,-0.6144732347460667,-0.49840935419430304,0.3036504183943232,-0.5504461490089116,-0.05705591492623916,0.5817064392684855,0.8042525651490096,0.10344461678138553,-0.7770375568502688,1.0485906811007668,-0.8951188807868535,0.14826148609263037,1.1660992991367245,1.1560951504589527,0.8615353283924961,-0.7133741297612541,0.6255061549407049,-0.14120583060145384,0.22698584232851685,0.3704362329722907,0.08313417502130717,0.7133741297612541,-0.8615353283924969,0.6609004958207222,-1.009968447893631,-0.8189455390738695,-0.625394783447741,-0.1699234587966153,-0.49755964466293656,-0.709509049969999,-1.0945585420250417,-0.8523972546416179,0.44535835866158957,-0.2553016945782196,-0.3871364805165972,-0.21807545597118072,-0.0592520533999176,-0.667477223982284,0.4514102871836102,0.1250502895462747,-0.2706882785040748,1
-0.12359721776989524,-1.41619371568311,-1.168717627632051,1.7718540298733036,1,0,0,1,0,0,-0.5333985536612357,-0.0029776767386127034,-0.6943490651242283,0.5522680642735108,-0.41489264600104153,-0.429094486453376,-0.22995753217242393,-0.5381493497092129,0.7936232647610048,-0.14527840245191756,0.3976301201708029,3.413911107602708,0.9479019868454841,-0.05334862137026744,-1.5815554087191208,0.8515795529185041,-0.11869566973316553,0.8187394751826098,1.8833482026111439,2.7882857590480397,0.2664562323872178,-0.8457406182921243,-0.22915426480094972,0.07856515484465332,0.28240111226652576,-2.78828575904804,-1.8833482026111446,0.10385022336961848,-1.3852146900196616,0.6639647927004092,1.0413497803635572,0.9395147565080901,0.5736101447550955,1.166352774922097,0.2896456887631914,0.5738579727592754,-0.1375174777889068,-1.0899443568808573,-1.3359509871851372,-1.2294446225572482,-1.1254082660984612,-0.6040308649486834,-2.182676452730775,-1.6006945419875402,-1.0748462533011267,0
-0.3034990542705592,0.49062096620506923,-0.8790386569529866,-0.4281154315628296,1,0,0,0,1,0,-0.25578193957032125,-0.28789899513380446,-0.4128990739419065,-0.19997648525216433,-0.19120273608236338,-0.06686840342014477,-0.379899635718887,0.4946146873626579,-0.5178894687817008,-0.277113509813377,-0.6861293622264716,0.14527700740979116,1.1399655278658816,0.7348804199938562,-0.25790078796621324,-0.2964411381756781,0.831362864526299,0.6661664268552413,1.2465662665038717,-1.0381887348318013,1.262543548075614,-0.9372335287206354,0.4100774980323146,1.198727659163792,1.542383631791912,1.0381887348318013,-1.2465662665038724,0.6609004958207222,-0.25947596364157,-0.054746349693259644,-0.19901826712392082,0.13730558544161034,0.25856020669096863,0.5138790966987595,-0.04256332662598434,-0.4803306735805153,0.6118943119331598,-1.1658209625447336,-1.3633206364159602,-0.9830854665939747,-0.5161761445564365,-0.794369942049485,-1.277209135885205,-1.712032918215528,-1.2604211705619852,0
0.4932090788038099,-1.41619371568311,-0.4445202009343899,1.7718540298733036,0,1,0,1,0,0,-0.3945902466157784,-0.203585543771962,-0.6943490651242283,0.5522680642735108,-0.663256819999967,-0.5833759662638264,0.3835822955352623,-0.03362079207112981,0.08242332145115154,0.4212285692952297,0.35056049518215615,1.7487533667164363,0.12992772938607058,1.1326008807695007,-0.8856175453113738,-0.12212865777507667,1.0835793050867748,1.4426179682617464,0.9953441571592244,1.3979208031972914,0.5983009356656093,-0.8410466232096327,-0.23540296464243324,0.5054060686063124,0.952689850428111,-1.3979208031972914,-0.9953441571592251,0.7166055230658329,-1.009968447893631,-0.8553359766634215,-0.7804407893836761,-0.3576745413866426,0.006520256239666901,-1.1173050988595852,-1.5375038958772762,-0.8523972546416179,0.0012624832707351544,-1.1658209625447336,-1.6917564271858405,-1.5276688639864726,-1.277716296483967,-0.6040308649486834,-2.018046031486126,-1.8790404825575102,-1.4459960878228426,1
1.3670179989498932,1.289421711320388,-1.8929150543297122,-0.8681093238500562,1,0,0,1,0,0,0.6654004617313493,-0.5483984862379798,0.07324181991846762,-0.44416663902126813,-0.3329763594435139,-0.0784954134928164,-0.2282380594260631,-0.09117352804615872,-0.5667578242793473,0.7849535687696526,0.30572302882621466,-0.4716363093092729,-0.42175200088819675,-1.0382540061788874,0.15751119208343486,-0.5167594062650361,-0.2193312290118,-0.8421730635952789,-0.09305301462755473,-0.550966827225982,-0.7200405920378139,0.2829297830170253,0.25548356508016784,-1.2779067226246965,-1.219672991468845,0.550966827225982,0.09305301462755473,-1.0659553487776992,-0.10937746679115769,-0.7279694450999874,-0.8579637923516437,-0.8867912286858101,-0.6865896075014126,0.2692014673650073,0.34501385799472056,-0.9764194483286528,-0.44283339212011924,0.8069707847160468,1.50136931641021,1.4286410075727993,0.7192112130148905,0.506280418139323,2.097714499630101,1.9064643091940836,0.5953280020465953,1
0.8273124894479005,1.0575118175772313,-0.4445202009343899,1.0385308760612593,1,0,0,1,0,0,-0.028641073495936725,-0.407100771197099,-0.4896581624461761,-0.09871279589293881,-0.5323837833940525,-0.23680162755919154,-2.458735239860936,-0.027734105095497813,1.2854549206911647,-2.268444349927093,-1.7598894241527483,-0.8137486682126486,2.1217739292317797,-1.2245929310732084,-0.9308129887386613,1.9946922965565217,-1.778522295772167,-1.25381192257556,0.025990426036624787,-1.1356331163529634,2.1953323754886673,-0.8944020889016363,0.24721345106798595,1.3009697050030236,1.063839135975369,1.1356331163529634,-0.0259904260366255,-1.1495128896453646,-0.8598699510432187,0.03622974428062242,1.06719078135288,0.18851042614798086,-1.4742144526617298,1.3294711944779316,1.4523772426253072,-0.5423417704240322,1.9719379303176512,-0.8623145398892288,-0.11343998820836432,0.028283699992091807,0.549980068142106,-0.2550758902638815,-0.6186874509066087,-1.0996718489615938,-0.3944048900113141,0
1.110015375377516,0.5421564981479937,-2.327433510348309,-0.8681093238500562,1,0,0,1,0,0,0.31207022561564,-0.48966980632386886,-0.0035172685858019803,-0.40771171085194696,-0.21284264453135696,-0.06150209107891172,-0.31396529193718564,0.6251045993411236,0.5493919892248176,-0.8495823557622928,-1.1373568080722383,-0.03792805159947339,1.174470308215789,-1.1439371313503701,-0.30898547545577315,0.43047773415247953,-1.8676623423193255,-2.1203412829690564,-1.3717051802090805,1.3087111581427058,-0.7064321218439412,-1.1675105465663744,-0.3184486463020879,-0.7042110560367599,-0.5914810182342235,-1.3087111581427051,1.3717051802090798,-1.0659553487776992,-0.25947596364157,0.10901061945972781,0.31780175266252825,-0.47715250303484213,-0.9386295579527137,0.5138790966987595,1.5077454118568363,-0.17027518936292965,-0.6648813298155464,-1.0899443568808573,0.014285041535478216,-0.1532440991387405,-0.4146374576327655,0.2207718024881207,-0.5363722402842841,0.06938110143228039,-0.023255055489598248,0
2.6520311168117785,0.6194597960623787,-1.168717627632051,-1.6014324776621007,1,0,0,1,0,0,-0.16744938054139394,-0.33150940101061954,-0.4001058925245282,-0.2011337845591269,-0.26590379099367617,-0.09951347016264586,0.36450523581075434,-1.1832996903477635,-0.06553925512490147,-0.16297348088242974,0.05562341883474467,0.8666635300803621,0.037300611831139786,-0.32997656477549053,-0.8120715950022714,-0.7476157293330787,-0.37386790085404886,-1.157229008383602,-0.21768276347888266,1.3979208031972914,-0.8365620989645197,0.810600463518302,-0.6616873508598797,-0.1505543521539885,-1.2021220590320594,-1.3979208031972914,0.21768276347888196,-0.20252742647848845,-0.6347222057676005,0.5456958705343614,0.046471242274642305,-0.10165033785478751,0.19555021907814235,0.8401159358104279,1.0648000580046022,0.139780294854656,-0.9979532363586869,0.12408133374116129,-1.4636760169289798,-1.5147025926199844,-1.4638705558440304,-1.4288335323854886,-0.6186874509066087,0.013711913318286572,-1.5078543935764617,0
-0.7661037767008384,-0.2566442469673251,1.0038746524609323,-0.13478617003801185,1,0,0,1,0,0,0.8925413278057338,-0.5763091459991414,-0.4768649810287978,-0.10160604416034526,-1.0110804906069153,-0.36469873835857936,1.314454134506933,-0.20072036449225392,-0.46684228236951536,1.8833151325684407,2.590030280333131,-0.04961660557574678,-2.0172610760764234,0.421447179329446,-0.11121182247024651,-0.12171871267253473,0.2983537364452932,0.726062868571522,-1.6929968571541203,1.6114225379908527,-1.4066754155679733,0.1640854370837836,0.5158734715801686,-2.2483947848693715,-2.6583071391756308,-1.6114225379908527,1.6929968571541196,0.49378541408539117,0.003196405846651406,0.35464607318920965,0.23381849944723046,0.3506590883848229,0.8571550890128092,-1.0357458890816678,-0.4024564266309252,0.9149190053986201,-1.3865371273256843,-0.17942508891434333,-0.9436526815433369,-0.5681647828663581,-1.3454087544330806,-1.8412348661038906,0.03983423407198747,1.0714264874841732,-1.136704559054746,0
0.5189093411610479,-0.7977673323680251,-0.15484123025532542,2.505177183685348,1,0,0,1,0,0,-0.09173575851659908,-0.37104950233893186,0.712900890787381,-0.546008978033975,0.47230130424321204,0.1366042728516086,-0.48025551556960167,0.5098925383679305,-1.6008703176073773,0.3057469869640192,-0.43767347552079144,-0.4972969136998074,0.13057616705484118,-0.35536956439754985,0.8789887152908874,-1.1714270879475936,0.3310698685829266,-0.4398781112750818,-0.8901438845537553,0.2045801889163758,0.3127259035608406,0.18070808820108192,1.0112721022527473,-0.08476123977136729,0.1395415933250157,-0.2045801889163758,0.8901438845537545,-0.3139374809687093,0.8662627627365218,0.1272058382545045,-0.5091102789957901,-0.3576745413866426,0.5106001571422693,-0.38327221085833024,0.012804842605544792,0.38782468222872474,0.5563823275093027,0.5034643620605421,0.9630995482040194,1.4027084648398238,1.2776739910950803,-0.12818317219668063,-0.12479618717266176,-0.04195727479570725,0.6571863078002155,0
-0.2263982671988458,0.0783367106616796,1.0038746524609323,-0.13478617003801185,1,0,0,1,0,0,0.3877838476404349,-0.500717775812662,1.7491485855950204,-0.6628962080371952,0.47806919707477935,0.12721322625445072,1.3653154791462199,0.6458442041450341,-0.1259443066362687,1.9940813390557468,1.6228126559730907,0.6997992660376461,-2.692466699403168,0.4224055109726026,-0.9050246270375247,-0.37983286213548717,0.5312996121252689,-0.22482958395476232,0.30418285154596364,0.6527578856825117,-1.4764417997051429,-1.7930752425847971,-0.20952530917355577,-2.1670476410136743,-2.3292382607847086,-0.6527578856825117,-0.30418285154596436,0.577342954953057,-0.7097714541928067,0.6275743551108558,0.31780175266252825,0.529876030857121,0.16404522527173035,-0.05703537174666111,-0.2086678343205727,0.3258135853852078,-1.3957891247296605,-1.6969572021918669,-0.1985900080375914,-0.27426263189262934,-1.0802799607990516,-0.6463284376377507,1.713576850059253,2.426043398258028,-0.8686519007890618,0
1.3670179989498932,0.4648532002336079,-1.8929150543297122,-1.161438585374874,1,0,0,1,0,0,0.6654004617313493,-0.5483984862379798,-0.2977604411855021,-0.27346499124428797,-0.6662422090508461,-0.210417258548129,-1.4069104020313372,0.6043988775970478,0.06532489476109136,-0.9573005854283778,-1.003326923848864,1.1922085162679759,1.606165978870635,-0.8713884777111167,0.06148127902883423,-0.484501857885865,-0.2442153683230451,-0.7350834485456604,-0.19575715951429745,1.8201797897890004,1.085662062349393,-0.7679658316635676,-0.5761789615295844,1.0510915522548903,0.5867082247869125,-1.8201797897890004,0.19575715951429676,-0.9545452942874786,-0.25947596364157,-0.9372144612399159,-1.0130097982875779,-1.040405750804923,-0.7495995951142377,0.02452383803125581,0.12354118106860354,-1.1004416420156866,0.8894542340524437,-0.7864379342253526,-0.2867811000035777,-0.5292659687668935,-0.11002139686175369,0.12560226393772106,-1.7711003996191523,-1.378017789531564,-0.08511336124321738,1
1.495519310736081,1.0575118175772313,-0.4445202009343899,1.0385308760612593,1,0,0,1,0,0,0.40040278464456736,-0.5047880803611647,-0.4896581624461761,-0.09871279589293881,-0.8128654079740606,-0.3119300003364543,-1.222743169472669,0.8161749441957383,-1.5733578291574808,-0.569390581380201,-1.0750208150882994,-1.4483432883480925,0.5702533270638117,0.3947267795046027,0.4585167137201207,-1.8410311440432003,0.7881443389142686,-0.20876220536194207,-0.8195116582252774,-1.1625858176247739,2.094660489177973,-0.6608937466451948,0.30077410886082845,1.5507203765197624,1.1937640485268113,1.1625858176247739,0.8195116582252766,0.29881781872750485,0.340918023760079,-0.20940570944885942,-1.1034533017502068,-0.7843815472730677,0.7941451013999841,-0.709509049969999,-0.4301405112466897,-0.17027518936292965,1.7498899926222238,-0.7105613285614767,-0.3688900476960481,-0.16621037050522874,0.4484413812184362,-0.5405845059150832,-0.7833178721512579,-1.266679413303576,-0.45626319576493324,0
0.544609603518286,0.6194597960623787,-0.8790386569529866,-1.6014324776621007,1,0,0,1,0,0,0.009215737516460692,-0.4123340199023168,-0.4001058925245282,-0.2011337845591269,-0.4202044213380638,-0.16167325478192876,0.22918818915302755,-1.1513984420936518,0.26891930068193737,0.1545600370274104,0.7082129898119897,0.005214559080981578,-0.8150080634301173,-0.5851322485360583,-1.1546229938413919,-0.14548798361791834,-0.1943186118073717,-0.030599909631742236,-0.83882515761197,0.8390486150612049,-0.9033490044106494,0.4236545276077588,-0.5138230856104644,-0.4014836477837668,-0.9505864281363524,-0.8390486150612049,0.8388251576119693,-0.5646101035717058,-1.0850176963188372,-0.054746349693259644,-0.12149526415595328,-0.18699173903207253,0.19555021907814235,-0.6279498401920818,-0.319404172783631,0.015758101167622184,-1.0257092285706153,-0.1035484832504671,-1.2994581215440402,-1.3202085221226638,-1.3623318689203594,-1.0798785577006862,-0.4540570296619595,-0.09762646290970158,-1.4459960878228426,1
0.31330724230314594,1.547099371035007,-0.15484123025532542,0.3052077222492148,1,0,0,1,0,0,-0.4198281206240434,-0.18904874181302367,-0.054689994255315046,-0.4025038639706153,0.4143599156901133,0.16567179803328763,0.24921815823318058,-0.10692251378250099,0.46111326113891044,0.9303306722853397,0.28228823064695585,-1.1002661136905783,-0.6725714516318193,0.28072511794246935,-0.2819979541618291,0.05514996185297929,0.8963887516102481,0.16117255614589615,-1.5678769133722459,0.05436948222367098,-0.06604668550091719,-0.13574485423049149,-0.5749368823423805,-0.36797297652283645,-0.20963489379569203,-0.05436948222367098,1.5678769133722459,0.18740776423728422,-0.3345252120667762,-0.23669853764102378,-0.173177266134598,0.18851042614798086,-0.7180946013078251,-1.5251011477491712,-1.149926711256571,-0.4183195767369984,-0.10976148557697851,-0.17942508891434333,-0.15905607025973648,-0.4255357978349895,-0.5330992590437151,0.4428340591057229,-0.20711139779498602,-0.2089648391376897,-0.20882997275045564,0
-0.4320003660567478,0.0783367106616796,-0.4445202009343899,-0.13478617003801185,1,0,0,1,0,0,-0.6848257977108253,0.7267697816000928,1.7491485855950204,-0.6628962080371952,1.8537396502128838,1.0712370056163658,1.362112391706912,0.17326608852895964,-0.09025753765566064,1.7425182779033794,1.7692193794397857,0.9586130850344619,-2.293655897472649,0.48858518024026865,-1.482532085435709,-0.3464601363987517,0.7162626260253445,0.8975902000055556,1.116988546947158,0.19961827368027837,-1.4058618828879974,-1.7229812421371953,-0.22477394697186637,-1.6437960164870484,-1.4237497139492215,-0.19961827368027837,-1.1169885469471588,0.27096530510494976,-1.4602639384448675,-0.5733100853443877,-0.6512357844370638,-0.3576745413866426,0.19555021907814235,-0.6279498401920818,-1.0945585420250417,-0.728375060954584,-1.3726591312197203,-1.6969572021918669,-0.7611883533378483,-0.7496925819971905,-1.277716296483967,-0.5405845059150832,1.0276167615398821,1.266268645883152,-1.2294920176851751,1
-0.5091011531284612,1.3667250092347738,0.27967722576327125,-1.8947617391869185,1,0,0,1,0,0,-0.7353015457273552,1.468146681505949,0.6617281651178678,-0.5431157297665685,1.7658389846453721,1.5488388039861078,2.0571945705277823,-0.4698168980045652,0.7935563441273615,1.1260342025344192,1.3199109313940514,1.0646823452380643,-0.8850330104660362,1.9851249770792718,-1.162732884592201,0.8915835917837328,1.4245956660401782,1.5732829794823522,1.37244176550182,0.09092870184200141,-0.8770656409037396,-0.5199618422280919,-0.18886258096815098,-0.10859488559428203,-0.17994423994418013,-0.09092870184200141,-1.3724417655018208,1.6357384726101538,-1.1600669447440433,-0.4277483349861756,0.07231224326396513,0.6493539925053206,-0.7180946013078251,-0.5463906304141645,-1.0945585420250417,0.015758101167622184,-0.9424412519348303,-0.7105613285614767,-0.8432973010303187,-0.8015576674631424,-0.7869459763528921,-0.5405845059150832,-0.37174181903963527,-0.3759724034796717,-0.8892713360402683,0
-0.07219669305541997,-0.23087648099586283,-0.15484123025532542,0.5985369837740325,1,0,0,1,0,0,1.031349634851191,-0.5966606687416551,-0.20820817126385424,-0.31859966421582847,-0.7126196660193751,-0.21265322202364279,1.4796563724213785,-0.6051951544211641,-0.8450728314373447,1.5277102354794003,1.1090168635153836,-0.012443743486630273,-0.7286178889077181,1.6855347049786216,-0.8359929627215213,-1.749027094085863,1.6779221056055644,0.9094816554697435,-0.6392523306161405,0.617030896486598,-0.3733317875167026,-0.006830055725851475,-0.6023606833440731,-0.400039131069589,-0.5538444174154938,-0.6170308964865974,0.6392523306161398,0.7258896942733513,-1.1850833608857785,-1.82878018218396,-2.2318436782839535,-1.6833109730071372,-0.24551969421163483,-1.0357458890816678,-0.9099979779199442,-0.8937379858706291,-0.4150773999081907,-0.1035484832504671,-0.2867811000035777,-0.5422322401333817,-0.6515610604546642,0.062155904904119784,-0.12479618717266176,0.18071947766026855,-0.45626319576493324,0
-0.6376024649146498,-1.235819353882877,-0.4445202009343899,-0.13478617003801185,1,0,0,1,0,0,0.3499270366280375,-0.49781041542087434,-0.11865590134220637,-0.3729927316430696,-0.32915026812910464,-0.09459435051651556,-0.6073412618256576,-0.665299553967527,0.2701174489262286,-0.899248102774,-0.5996501934098566,0.5091162048586308,0.6234594856566403,-0.5760269616337554,-1.8989507256830402,0.5718589298185863,-0.7441437657041976,-0.40933395790934823,0.288491621905012,0.40825130337297294,0.2689634559483505,-0.9891826335370912,0.20540347293247027,0.47694595230333914,0.3799396803714178,-0.40825130337297294,-0.2884916219050127,-0.5367575899491508,-1.760460932145692,0.05442496307539909,0.3436427536518511,0.017827623793410803,-0.30852968182446,0.35076067714292497,0.2342775195316623,-0.35630847989348147,0.22331042096616224,-0.9381911455531051,-0.058700689746716966,0.054216242725068246,0.24536400737109418,-0.2233527107470814,-0.4540570296619595,-0.32030321536567735,0.16231986177126023,0
0.8530127518051386,-0.978141694168258,-0.15484123025532542,0.3052077222492148,1,0,0,1,0,0,-0.3188766245909836,-0.24719594964877709,-0.46407179961141953,-0.15252721366669866,-0.19534430473643594,-0.07223471576137783,-0.9366153314970539,-0.8496154705318237,-0.0808019397049084,0.028592345959291995,0.15617615214758312,-0.794398598908977,-0.605385934355374,0.027805196814841088,-0.1788786528213016,-0.7861522912660147,0.46070248252902296,0.17291591558370215,-0.7279513648365089,-0.36149164093482894,1.330169043230551,0.9869271891815813,-0.6795482780267859,0.41819828065057163,-0.034217910454214094,0.36149164093482966,0.7279513648365081,0.38237535959517033,0.26586877533487285,1.4372615914784068,0.7312577684916879,0.9053781960371756,1.6762849279795395,-0.22015379130249568,0.12354118106860354,1.5660355222555504,1.194770148383656,0.8828473903799233,-0.07694712256726609,-0.41256952646850126,-0.2284831982727022,0.2207718024881207,0.28677986593896093,0.1250502895462747,-0.2706882785040748,0
-0.5091011531284612,-0.8235350983394863,0.27967722576327125,-0.13478617003801185,0,1,0,1,0,0,-0.3062576875868511,-0.2605698074510004,-0.13144908275958464,-0.3706781330291445,0.1897257878364852,0.0860714983049973,-0.5802383268031623,-0.679822197904679,0.9624104457634671,-0.492189425696234,0.27938460598732656,0.43998068668168816,-0.290898009794864,-0.10061005458171342,-0.7764598413637275,1.148133470036167,-0.5151123857889612,0.27693967358515453,1.2643654038056162,-0.653901033058197,0.7063071369008344,0.1552368775536622,-0.16188390848283996,0.15413953659516955,-0.0928359815920122,0.653901033058197,-1.264365403805617,0.23515493044737867,-0.3988531392883812,1.4203660311689716,1.9088690992908113,1.5515345192366192,0.5646087179532634,0.8284646201278684,0.2500969964549563,0.7598912632898273,0.5563823275093027,0.04820472807728505,-0.2685346671830286,-0.30883935553659736,-0.2284831982727022,-0.2550758902638815,0.36909507656128593,0.06938110143228039,-0.3944048900113141,0
-0.07219669305541997,0.28447883843337485,-0.8790386569529866,-0.13478617003801185,1,0,0,1,0,0,0.097548296545388,-0.44838528876048395,1.2758008731520245,-0.6252839805609115,0.5244907072838484,0.1383930436320196,-0.28925826907286245,-0.9966447570646376,2.232719342325267,1.290923881007165,1.4855465822784866,1.3064660683467983,-0.6528869763889283,-1.636063562921539,-1.2027297076412256,2.314806588162901,-1.5809722610067865,-1.0882193567438767,0.387122208219553,1.3979208031972914,-1.232514770449449,0.1630579884496016,-0.7260447554919867,-3.31161991086766,-2.993717710188175,-1.3979208031972914,-0.3871222082195537,-1.5332586328894584,-1.101695307079994,0.10193470103953782,1.2997597902567817,0.47867119015075044,-1.7157527385108935,1.4110304042558486,1.3047287913412295,-0.4803306735805153,-1.2107491766501381,-0.05296407947454983,-0.5787240251323598,-0.8361343911071103,-1.9264356851629745,-0.3819686083310823,0.8904247438360077,2.054915477498067,-0.5593603720209651,0
0.4161082917320974,-0.12780541711001567,-0.15484123025532542,-1.161438585374874,1,0,0,1,0,0,0.08492935954125552,-0.4431520400552661,-0.5280377066983108,-0.03506133400999707,-0.6908808936976373,-0.31371877111686536,-0.3878336929801982,0.23306480825238554,-0.8333439590909822,0.18833943299871495,-0.2524922241894572,-1.2945527243994575,-0.28792670518030417,-0.6523411315447325,-1.329695552654343,-0.06920540169990673,0.08827424497373104,0.36288287764555827,-0.08286747959746427,-1.6834285584178834,-0.11251938133056323,-1.6519485782097418,1.0696643547003504,-0.1669031930879236,0.682536758096378,1.6834285584178834,0.08286747959746356,-0.5367575899491508,-1.1600669447440433,0.48201260475264507,0.369483754641173,0.39332978897346543,0.6996301199807459,-0.22015379130249568,-0.2086678343205727,0.38782468222872474,0.029018475482663446,-1.4693273852002382,0.6164173246135901,1.1174504947770867,0.9730579303240674,0.2524949820049213,1.0276167615398821,0.23638866577426285,0.47161139053935697,1
1.135715637734753,1.8047770307496258,-0.15484123025532542,-0.8681093238500562,1,0,0,1,0,0,-0.6595879237025604,0.42731166124596265,0.2267599969270068,-0.47772831892318285,1.1759647070132608,0.6978311052055656,0.7931032592438872,0.12436579682870443,0.1778855813007293,0.711916545688928,0.3474669551714469,0.13147390822023297,-0.2309364802850194,0.41358178984254385,-0.021811246338420187,0.5624232337750793,0.06748973979703315,-0.2217953505930831,0.3871222082195544,-0.2046283627832927,-0.6895833369275031,-0.1925459868873565,0.3220055612137163,-0.8948316534999685,-0.6682640501442515,0.20462836278329197,-0.3871222082195551,0.15955525061472892,-0.25947596364157,-0.7279694450999874,-0.354064273059855,-0.3064697006802721,-1.222174502210428,0.18764225758709038,0.012804842605544792,-0.728375060954584,-0.6093693453916895,-0.1035484832504671,0.2606118846128881,0.39133929825375646,-0.008482709938082702,-0.09645999267988113,0.7806711296729086,0.7374113588002092,0.038603250264021984,1
0.544609603518286,1.0575118175772313,-0.8790386569529866,3.2385003374973924,1,0,0,1,0,0,0.059691485532990585,-0.4361743751149757,-0.3745195296897717,-0.22312247139141586,-0.42278489174344813,-0.16301483286723703,-3.010156930181578,-0.5628708539009549,-0.9077549990366645,-1.659198955661749,-1.3784992834496954,-0.9953156948146981,0.7601704224390271,-0.33803269035188077,-1.0927010000853052,-0.0554051121853269,0.09244800970495429,0.41384214217078824,-0.7532939460423284,-0.6103841330315712,3.847938205479855,-0.3220859629211763,1.185254699157998,2.3331406104162546,2.196152885809719,0.6103841330315712,0.7532939460423277,-0.3974950218363748,-1.0850176963188372,-0.3549674598070702,-0.3282232720705331,-0.27233314020935756,0.1010352376589052,-0.9541866793037505,-0.762349526635866,-0.17027518936292965,3.4985175019737125,-0.3311783002420958,-0.0951935553878152,0.5210020119186368,1.4976744794297,-0.8895394805998851,-1.277209135885205,-1.6006945419875402,0.34789477903211874,1
0.33900750466038404,0.43908543426214564,-0.15484123025532542,-0.13478617003801185,1,0,0,0,1,0,-0.23054406556205628,-0.305924629562888,0.7001077093700027,-0.544273029073531,0.6027541439129072,0.18534827661780884,0.4272607477793362,-0.24232280913339735,0.6132433747673267,0.8224621273889814,0.8636469278398126,0.4901056685246259,-0.26365837960360483,-0.309942183034576,-0.9349028886533323,1.166910059030548,-0.4894263217871893,-0.21314651129096743,-0.0632699944762795,0.7311960875261709,-0.9038070478177724,-0.6039695301307266,0.3343078358670174,-1.596400036004564,-1.3308793868067994,-0.7311960875261709,0.06326999447627879,-0.28608496734615396,-0.8598699510432187,0.05442496307539909,0.6537347655237203,0.4103980692089227,-0.844114576533476,0.4323198869208419,0.5111183656893089,0.2638024885416898,-0.8869292675109735,-0.6346847228976005,-0.2685346671830286,-0.06248019957332482,-0.685407289429221,-0.5723076854318833,-0.04248097655033679,0.3477270420022505,-0.6418381130257917,0
-0.7147032519863632,-1.0554449920826439,0.5693561964423357,0.3052077222492148,0,1,0,1,0,0,-0.4198281206240434,-0.19718935091002915,-0.822280879298011,3.7550938962924434,-1.5897796604139562,-3.053668414011443,0.5563107694861614,0.44801702300709056,-0.8642667073607205,0.7399217494259352,-0.03544952366035366,0.06385327172406977,0.265212390039118,0.27409168395028816,0.41770453410730307,-0.1334840835278139,0.3896644800108525,-0.08026050442026461,0.74955583532744,-0.656312104546159,-0.49969448599682514,-0.19647019153601994,1.0473429112786787,-0.613201919562208,-0.03227264419367706,0.656312104546159,-0.7495558353274407,0.10385022336961848,0.19081952690966666,-0.50962681956267,-0.4961897785011287,-0.32353798091572933,-0.5920746260821743,0.5138790966987595,0.17890935030013266,-0.790386157798101,-0.47058938433204756,-0.17942508891434333,0.023408257945752128,0.5599008260181015,0.2622871218583729,-0.4771381468814831,0.5337254978059351,0.23638866577426285,-0.08511336124321738,0
0.44180855408933456,-0.23087648099586283,-0.15484123025532542,0.5985369837740325,1,0,0,1,0,0,-0.8236341047562825,5.029663161445845,-0.20820817126385424,-0.31859966421582847,2.576931024739402,4.114383295790611,0.7590445521402568,-0.7014990899282797,0.5910261051107498,1.5296163491859807,1.9814057914913017,1.7932674431975086,-1.2186811601940304,0.8222660281970001,-0.6248233739373643,0.10559642175871385,1.46892779296412,1.8758828447267895,1.652616263271448,0.8067582219688989,-0.2338714000347686,0.3368951764220396,-0.701838264990704,-0.6098493505867068,-0.7444900832932393,-0.8067582219688989,-1.6526162632714487,1.3293608227620468,-0.18442671521636386,1.6101161700287818,1.428964795203394,2.083089532283709,1.865314890818015,0.2692014673650073,-0.4301405112466897,2.3101686843777554,-0.24854144663662048,0.27583454506891375,-0.0951935553878152,-0.4385020692014777,-0.6346379459673855,0.2524949820049213,-0.12479618717266176,0.29205785388825667,-0.20882997275045564,1
-0.8175043014153137,-0.514321906681944,-0.15484123025532542,2.9451710759725747,1,0,0,1,0,0,-0.11697363252486404,-0.3751198068874346,-0.34893316685501513,-0.23932466168889194,-0.24444319115383817,-0.10353820441857066,-0.8215835088097846,0.712922162738083,-1.6149320045544986,-0.11113666065934372,-0.9247609311156424,-0.37403855290430815,0.4899297494984905,0.7506024960166969,-0.04614443818309701,-0.13287491923307926,0.1708882865584174,0.12620356627107981,0.3422533759207262,-0.8495867060811616,1.8924250385005605,-1.024734527160629,2.074139671347518,0.3195883583142219,1.325447720441887,0.8495867060811616,-0.3422533759207269,0.4659329004628361,-0.25947596364157,-0.6642861793182697,-0.625394783447741,-0.5283573437412127,-0.37153966943728567,-0.30171300108041293,-0.4855086804782194,-0.6043528672675491,2.16622987580115,-0.7864379342253526,0.8627441676909999,1.9213593194993455,1.9715216850734973,-0.3502454288142823,-0.04248097655033679,-0.4316415915936655,1.0901944480755505,1
0.2876069799459088,0.4133176682906843,-0.15484123025532542,-0.13478617003801185,1,0,0,1,0,0,1.2711094379297079,-0.6309675213647497,0.07324181991846762,-0.43838014248645524,-0.5560469499806827,-0.1464687031484351,-0.4517281189476777,0.9946898673343282,-0.37265225133144014,-1.9213873827888273,-1.9519742869531667,-1.4711018844584447,1.4178733456151336,-1.1568520212045343,0.1621223404999968,-0.5439563900140333,-2.8095143062943424,-2.4384726915051327,-1.7234987339964678,-0.2970624528398517,-0.5277739631375878,-1.2028324574999605,-0.037195601515435224,-0.1901958965690668,0.15696819980694207,0.2970624528398517,1.7234987339964665,-1.1574707506803803,-0.07721350318035518,-0.646090960523493,-0.8044360045880466,-1.7402052404586603,-0.335533962229957,0.24589883599988818,1.436557765702013,-0.39174339237549116,-0.38732140769626244,-1.0140677512169813,0.6255405410238652,0.5080357405521495,0.39767203775660004,0.7917890337905242,0.2044646553166367,0.06938110143228039,0.47161139053935697,0
-0.7147032519863632,-1.41619371568311,1.0038746524609323,1.7718540298733036,1,0,0,1,0,0,-0.4703038686405733,-0.1338088943690579,-0.6943490651242283,0.5522680642735108,-0.5394663315936652,-0.5297128428514959,-0.4626275184232469,-0.5985538735453118,0.8470777902419192,-0.09199250131663292,-0.33817365733282734,0.31589503286031756,0.7303580263797438,0.3902429660705798,-1.287488055257096,1.1341125254859865,0.7020015267512463,0.30166961477074333,-0.33645217931212407,0.7645323233097278,1.0332209995750952,-0.46824329444474866,-0.01831000181624658,0.8203686315528177,0.7341639805112369,-0.764532323309727,0.33645217931212335,0.02029268250195297,-1.3852146900196616,-1.1282642585850677,-0.4574282770171454,-0.1699234587966153,-1.9152843659515075,-0.709509049969999,-0.6516131881728072,-1.0384305451721696,0.3620903820258042,-0.8623145398892288,-1.564031397441998,-1.333174793489152,-0.9900233502002335,-1.016432198667086,-1.6887851889968277,-1.6563637301015341,-1.5078543935764617,0
-0.5091011531284612,0.43908543426214564,-0.4445202009343899,-0.13478617003801185,1,0,0,0,1,0,-0.571255364673633,0.10168729736574346,0.7001077093700027,-0.544273029073531,1.146937765195431,0.49883035588483976,1.170348459216958,0.3899995527011843,-1.2165628207863861,1.6848813659004798,1.201668042174985,0.9188855389535823,-0.6346295153250608,0.6661042497256773,-0.06084742340984463,-1.0395973240587608,1.0348626820934281,0.5722335069649499,0.8164553486475558,0.4434998061064408,-0.96183450412259,-0.5962422384494601,0.618387078815413,-1.2500139049610755,-1.003552664342849,-0.4434998061064408,-0.8164553486475564,0.8001630639334981,0.11577027848446049,0.5547934799317504,-0.10857476366129187,0.3079883877961804,1.2352150146897614,0.2692014673650073,-0.09793149585751397,0.44983577907224165,-0.9424412519348303,-0.6346847228976005,-0.2959043164138529,0.054216242725068246,-0.44848368660732285,-0.7626467625326843,-0.04248097655033679,0.18071947766026855,-0.6418381130257917,1
-1.0488066626304537,0.9802085196628456,0.27967722576327125,0.5985369837740325,1,0,0,1,0,0,-0.7983962307480176,3.7707761118017844,-0.10586271992482811,-0.3782005785244012,1.9496584070845835,3.192271958488731,0.4732340180762989,0.3236175567260982,0.151688875310633,0.34118444277593846,0.9664133144988355,0.7512471808355237,-0.7518074896744635,-0.32361499337367594,-0.1282989678141334,0.9439985351462411,-0.5123731959811779,0.02744171357236213,0.5581846313588362,0.471010832630124,-0.9813957102682012,-0.5727023421694651,0.741263714793261,-0.9689786611878769,-1.2295931476657787,-0.471010832630124,-0.5581846313588369,-0.45320004908148526,-0.3345252120667762,-0.6824813981130464,-0.1344157646506147,-0.32353798091572933,-0.8756195703398886,-0.05703537174666111,-0.319404172783631,-0.6663639641110671,-0.9701972441467586,-0.6346847228976005,-0.378013264106322,0.04124997135858002,-0.3469449996836519,-1.3336639938350878,0.36909507656128593,0.6817421706862145,-0.5181215015185524,1
-1.2287084991311177,0.43908543426214564,-0.15484123025532542,-0.13478617003801185,1,0,0,1,0,0,-0.10435469552073157,-0.37744569520086474,-0.8478672421327675,5.007870396079434,-2.6841968593473577,-4.1604703343907605,-0.31970907001708837,0.1029283768751885,0.27351281127243177,-0.6985590074592141,-1.0354540117807953,-1.0627818539055767,0.6971814286683901,0.1952447818335178,-0.6131937560275176,0.47587667180786636,0.4156418086391583,0.4148876589961546,0.271474372857786,-1.7187526692653243,0.639649529949399,-0.7555564711625178,0.10430898605280016,1.35585145434043,1.7511979753536056,1.7187526692653243,-0.2714743728577867,0.35452284597261524,-0.40957446049198204,0.6548671833030202,0.821701271954316,0.9736513169790033,0.06953024385249205,0.18764225758709038,0.06817301183707392,0.6358690696027934,1.1115021717478706,-0.3311783002420958,1.6108479133335034,1.4286410075727993,2.005367914048054,1.870377137361731,0.36909507656128593,-0.3759724034796717,2.203643951640699,0
-1.4086103356317816,1.1348151154916164,1.7280720791585935,-0.13478617003801185,1,0,0,1,0,0,-0.6722068607066928,0.5523281580928325,-0.68155588370685,0.4278583887750338,0.03748360888576389,0.0941209668168469,-0.03386908540219114,-0.037944943653524736,-0.8241603624245135,0.9434730875925648,0.8357627421268169,-1.0293637261678479,-1.2297571417770377,0.9402637470471594,-0.5574990390816739,-0.08703272484967207,1.0693945127116211,0.9094816554697435,-0.8293216896597884,-0.5814181964513455,0.9865962449764315,-0.5064096729113794,1.0391953298999546,-0.21417798051198106,-0.19860067672610612,0.5814181964513455,0.8293216896597884,0.49378541408539117,-0.7848207026180125,-1.028190555213798,-0.9096457943302884,-0.4942207832702994,-0.5920746260821743,-1.6066603575270884,-1.5375038958772762,-1.0384305451721696,0.4731143508735179,-0.7864379342253526,-1.1717330918001976,-0.5422322401333817,-0.5838686025055501,-1.6508957890030895,-0.04248097655033679,-0.32030321536567735,-1.3841377820692236,0
0.4161082917320974,0.43908543426214564,-0.15484123025532542,-0.13478617003801185,1,0,0,1,0,0,0.08492935954125552,-0.4431520400552661,-0.8478672421327675,5.007870396079434,-2.8356114214513277,-4.211003108937372,-0.48967145614140706,-0.06653641171374099,0.2586102437430421,-0.5367884395130262,-0.6596609083861037,-0.4716952487662405,0.500026435862395,0.06579353881024155,-0.9249505003825913,0.5837333536933474,0.6863744464477917,1.0821583459267445,1.465333844976243,-2.096636327216854,0.746640208447094,-0.8352717931972654,0.23306685874060376,1.405763702888988,1.9141084881974255,2.096636327216854,-1.4653338449762439,-0.03541234474315745,-0.9349191994684248,-0.3458698504096825,-0.0052107597040024186,0.2738518273252659,-0.2770246880180474,-0.22015379130249568,-0.8177176958673952,-0.4803306735805153,1.1392581639597994,-0.482931511569848,1.3371514210252706,1.2730457511749436,1.8699829981498264,1.648314880744129,0.2044646553166367,-0.6543183440496418,1.8943524228726025,0
-1.0488066626304537,1.1348151154916164,0.27967722576327125,-0.13478617003801185,1,0,0,1,0,0,-0.7983962307480176,3.7707761118017844,-0.68155588370685,0.4278583887750338,1.0027398063979185,2.5693325342105937,-1.0961062463866844,-0.1471390347598204,-0.27266781556485775,-0.14333980607770075,0.08163787774465334,-0.17219782323643615,-0.1659824464165953,-0.45827388818383263,-0.4389920905812654,0.666783752811923,-0.03203136146079477,0.4201652509118811,0.8432886699243073,-1.0712207285677868,1.066260548388408,-0.2378196965396439,1.0427994054990555,0.1618810807829059,0.3040763496231701,1.0712207285677868,-0.843288669924308,-0.6481676444393714,-0.7097714541928067,-1.1009714303929035,-0.6383152839424023,-0.6136987449184976,-0.9386295579527137,-0.38327221085833024,-0.762349526635866,-1.2244638357027204,0.5563823275093027,-0.5588081172337243,-1.1169937933385516,-0.4903671546674297,-0.39771434314548676,-1.4605567119022886,-0.12479618717266176,-0.5986491559356475,-1.2604211705619852,1
-1.0488066626304537,-0.5916252045963298,0.5693561964423357,-0.13478617003801185,1,0,0,1,0,0,-0.785777293743885,3.0439360138548666,0.12441454558798068,-0.4557396320908939,1.9355619978251957,2.6932049107540568,1.5754883430210556,-0.09880927216565069,-2.4543112968942062,1.7046725530855582,1.8591498392054124,2.14681193524911,-0.564769840081383,0.9286010702493818,-0.7885855099714254,-1.3093744939564826,1.3166973677067721,1.5372442465582334,0.12355936367902995,2.8054507585029893,-1.2629076445888632,-0.6543688255561027,2.0393306719380773,-0.9972880721906708,-0.9161660381749568,-2.805450758502989,-0.12355936367903066,0.6609004958207222,-0.8598699510432187,-0.5460172571522233,-1.0905328012555453,-0.596630464683041,1.2667200084961745,-1.1988643086375024,-1.3713993881826885,-0.046252995675895824,-1.2107491766501381,-0.6852691266735177,-0.2898221721403357,0.7630390774264136,0.27356919818322456,-2.0209995500324247,-1.5790315748337282,-0.5429799678216537,0.16231986177126023,1
-1.0488066626304537,-0.05050211919562982,0.27967722576327125,-0.13478617003801185,1,0,0,1,0,0,-0.028641073495936725,-0.41117107574560174,-0.4128990739419065,-0.21444272658919655,-0.4085932949877514,-0.1504934374043599,0.3883047251934598,-0.04149142112705376,-0.09991534144468626,0.2250903979367864,0.05594400487770841,0.1981025634611662,0.36547267139117484,0.16137074422857028,-0.08796177636412267,0.02228772153715746,-0.024067506324758632,-0.0037084226681734027,0.41113096936191074,-0.13756642077256032,-0.37870742650686817,-0.031169898967220038,0.15898462966381136,-0.3279475332775469,-0.07635049920220628,0.13756642077256032,-0.4111309693619114,0.18740776423728422,-0.03432821836595151,0.16359627584405784,0.14983524623193267,0.13730558544161034,0.1010352376589052,0.5138790966987595,0.34501385799472056,-0.046252995675895824,-0.3595654154843339,-0.02767187758659086,0.014285041535478216,0.09311505682453199,-0.0423289389126401,0.030432725387320277,-0.12479618717266176,-0.2089648391376897,-0.20882997275045564,1
0.44180855408933456,-0.30817977891024867,1.7280720791585935,-0.8681093238500562,1,0,0,1,0,0,-0.38197130961164594,-0.2233555944361182,-0.3617263482723934,-0.2375887127284481,0.04139030971397822,0.011837510917940035,-0.9522297977141205,-0.28166987658988085,1.410275084448392,-1.27798477947827,-0.9671640754263875,-2.1280649139928065,0.0738251065163611,-0.5095619030132009,-0.8558875754284296,1.6641983049357965,-0.5096819145665608,-0.208676417570547,-1.1427899248825406,-1.7690215962405276,0.8149504640588563,-0.4708086390073635,-0.2555344831481639,1.2210831265717463,1.0536287596594915,1.7690215962405276,1.14278992488254,-0.5367575899491508,-0.8598699510432187,-0.2821865846279648,0.5891322630504142,0.3421249482670949,-1.442709458855317,-0.709509049969999,-0.26403600355210183,-0.046252995675895824,0.6951622885689447,-0.482931511569848,-0.14993285384946126,-0.2569742700706454,0.22844089288381547,0.2524949820049213,0.2044646553166367,-0.5429799678216537,-0.45626319576493324,0
1.2128164248064663,0.4133176682906843,-1.6032360836506476,0.3052077222492148,1,0,0,0,1,0,0.6654004617313493,-0.5466540700029072,-0.2721740783507456,-0.29545367807657696,-0.6369806291419764,-0.19208235804891607,-1.7169768647784542,0.7099856361263347,-0.6395468564773565,-2.1197192044629114,-2.574322856637685,-0.5353758890222043,2.9490414017534916,-1.4311647914843053,0.5331880508668059,-0.8149116292257074,-1.8902734760776287,-2.03801807490632,-0.8684646863737263,0.13114384342216406,0.9574951295747967,-0.44034148244715055,0.05537438015715341,0.9892410709817098,1.3570178114605231,-0.13114384342216406,0.8684646863737256,-1.4001855122483615,0.19081952690966666,-0.7643598826895395,-1.0259302987822392,-1.603658998575004,-0.4660546508565234,1.0032343553662626,1.7292180887829538,-0.790386157798101,0.5841383197212315,-0.6346847228976005,-0.8068044353892204,-0.6589286824317738,-0.2623294272472596,-0.09645999267988113,-1.5241547677521787,-1.6563637301015341,-0.3944048900113141,0
0.2619067175886707,1.109047349520155,-0.8790386569529866,-2.334755631474145,1,0,0,1,0,0,-0.6469689866984278,0.4214969404623873,0.2651395411791416,-0.4846721147649583,1.1533809862032776,0.698725490595771,0.4370258048451184,-0.13058820635924073,-0.18318124165135377,1.3737879046211285,1.5356289497482107,1.041352968640133,-1.138258611815818,-0.41502857518731306,-0.5881407840074429,0.23902609866450472,0.08706987505128821,0.17366751327746222,-0.04921092906325296,1.4690880481284772,-1.0223866822194132,-0.4099501148336048,0.49061307151407146,-1.7695618320906652,-1.8268403185054545,-1.4690880481284778,0.049210929063252244,-0.28608496734615396,-0.40957446049198204,0.5547934799317504,0.6020527635450756,0.615217432034406,0.25856020669096863,-0.05703537174666111,-0.04256332662598434,0.5738579727592754,-0.9701972441467586,-0.4070549059059717,-0.07694712256726609,0.1838789563899486,-0.5500223735309933,-0.9212626601166852,0.12214944469431245,1.0714264874841732,-0.20882997275045564,1
-0.4320003660567478,0.38754990231922204,-0.4445202009343899,-0.8681093238500562,1,0,0,1,0,0,-0.6848257977108253,0.6918814568986407,0.17558727125749374,-0.47194182238836996,1.24570823578138,0.8968318545262914,0.887357079261491,0.2596330807150142,-0.7941940036700772,1.5806648631419291,1.1726841801130095,1.5382306818149374,-0.6230930678276688,0.32877210478835195,-1.5546940181493394,-0.19903896883586633,0.6090927441516034,0.8370822720010241,1.0928891867061536,1.0140489972048288,-0.905386406078467,-1.9138128894287145,0.8856748402385455,-1.5314103153987075,-0.7072989537212881,-1.0140489972048288,-1.0928891867061543,0.10385022336961848,-1.535313186870074,-0.6733837887156574,-0.6641562849317252,-0.40887938209301433,0.006520256239666901,-0.46483142063624716,-0.9284540343304539,-0.790386157798101,-0.9424412519348303,-1.848710413519619,-0.669956189235104,-0.1532440991387405,-0.7361766328910565,-0.7309235830158842,-0.6186874509066087,-0.2089648391376897,-0.8274130302866491,1
-0.020796168340944693,0.5163887321765315,0.27967722576327125,-0.13478617003801185,1,0,0,1,0,0,-0.24316300256618875,-0.3030172691711004,-0.1442422641769629,-0.3666275854547754,0.10403287332930602,0.050296082696776934,-0.5618488158105738,0.8632813073585482,0.6175949108862439,-0.7514319531508574,-0.35132259308630165,1.2055596130369428,1.179513588588853,-1.0547521402245856,1.7700121813299612,-0.19507996548385118,-0.39489033944482277,-0.5097464030435517,0.739614474082317,0.9106988955914741,-0.2726314554457841,0.5882786605328283,-1.040309484604601,0.6235695894591654,-0.04093157110995772,-0.9106988955914734,-0.7396144740823177,-0.9823978079100336,1.6918044954137887,0.09991301006234013,-0.018131260198663828,-0.1699234587966153,0.038025250046078915,1.3294711944779316,1.009431888773073,0.07776919801113909,-0.16527347000083534,0.7310941790521709,0.4613226456389258,-0.17917664187171697,0.0761328624983096,0.8235122133073248,-0.6186874509066087,-0.26463402725168356,0.7809029193074537,1
0.8273124894479005,-0.2566442469673251,-0.4445202009343899,-0.13478617003801185,1,0,0,1,0,0,0.07231042253712305,-0.44198909589855107,-0.4768649810287978,-0.1363250233692226,-0.5876010482317433,-0.23456566408367777,0.091332250834685,-1.046999924692287,1.2189737037662332,0.6358530152085826,1.2833515819342953,1.6538978065110046,-0.006701723523005631,-1.1584457355764448,-1.190475350730283,2.3314957607941342,-1.5316334099594704,-0.8726993657336107,0.39760879354609974,1.861375788480875,-1.2845050474973654,0.2444481820537466,0.6765505020948516,-2.377737872700855,-2.5204409833864996,-1.8613757884808744,-0.39760879354610046,-1.1216603760228097,-1.1600669447440433,-0.2912841940253525,0.9121447754169449,0.17144214591252482,-1.757759396919444,1.0847935651441794,0.954063719541543,-0.8523972546416179,-1.3032691506898992,-0.17942508891434333,-1.1261170097488256,-0.6589286824317738,-1.4638705558440304,-1.8412348661038906,-0.37174181903963527,0.6817421706862145,-1.2604211705619852,0
0.4932090788038099,-0.1535731830814779,-1.168717627632051,-0.13478617003801185,1,0,0,0,1,0,-0.7479204827314877,1.706550233632538,0.39307135535292426,-0.4968237574880654,1.725931180924437,1.6964123933700168,0.5400318327732114,-0.7561355778022806,1.84634220227945,0.7777013622213873,1.5681211718566996,1.2452262885725411,-1.3932255577811963,-0.35007722219883247,-0.781329305115948,1.3847880038239115,-0.16687858649783913,0.5408465360798796,1.215239784852797,0.4930801176436292,-1.100720444890524,0.2551012645129282,-1.1324332479488708,-1.2160983170135324,-1.5106029484157695,-0.4930801176436292,-1.2152397848527976,-0.45320004908148526,-0.8598699510432187,-0.5733100853443877,0.17567624722125458,0.10316902497069583,-0.9701345517591269,0.2692014673650073,-0.26403600355210183,-0.4803306735805153,-0.9979532363586869,0.35171115073279,0.32447439948480933,-0.3347718982695729,-0.7700228618656133,0.6014499566897238,1.1099319721622063,1.5724491805101195,-0.332546584257695,1
-1.0488066626304537,-1.0554449920826439,0.5693561964423357,0.3052077222492148,1,0,0,1,0,0,-0.785777293743885,3.0439360138548666,-0.041896812837936774,-0.40655441154498434,1.8138318464919418,2.6551935316703226,0.5209987442675221,-0.3999434289205352,-0.9790228716692472,0.9713830929644617,1.0205669322047937,0.025493665657661736,-1.0082196116755935,0.7758808134860729,-0.7616956272669948,-1.204005048522378,1.4497397295206167,1.5945246218507592,0.013895103188392356,0.020989325180847843,0.05078953049088759,-0.21411505073132664,0.12844810307145127,0.1252612091107931,0.22995594908557693,-0.020989325180847843,-0.013895103188393775,0.49378541408539117,-0.8598699510432187,-0.646090960523493,-1.1163738022448682,-0.5795621844475838,1.0461850518512859,-1.2804235184154193,-1.4267675574142176,-0.10826409251941274,0.05677446769459199,-0.17942508891434333,0.07814755640739948,0.13201387092399572,0.17767154942198057,0.062155904904119784,-0.04248097655033679,-0.04195727479570725,0.038603250264021984,1
-0.14929748012713334,-0.30817977891024867,0.27967722576327125,-0.8681093238500562,0,1,0,1,0,0,-0.7353015457273552,1.0582088662638873,-0.3617263482723934,-0.2375887127284481,1.0314901030519945,0.9974502109244113,-0.595535112855837,1.378799415853536,0.4120298699337158,-0.5551497881080096,-0.5597240299037317,-0.8489473657079004,0.25518706679876857,-0.06727996942681438,1.2030350711675553,0.5582673364417158,0.15033315376850434,0.41310640810849314,0.4884925330428311,-1.6423439002630147,0.7608807186424991,-0.6872713443072083,-0.0022538012544971145,0.899039330345283,1.1309866547790937,1.6423439002630147,-0.4884925330428318,-0.11896988561082296,1.0163612595869336,-0.20030810005147043,0.11107374474794844,0.17144214591252482,-0.37153966943728567,-0.13859458152457876,-0.3747723420151606,-0.046252995675895824,0.3898463742377325,-0.8623145398892288,-0.8980365994919648,-0.7626588533636787,-0.39771434314548676,-0.2550758902638815,-0.4540570296619595,-1.0996718489615938,-1.0129879475475077,1
0.2619067175886707,0.4133176682906843,-0.8790386569529866,0.3052077222492148,1,0,0,0,1,0,-0.6469689866984278,0.4214969404623873,-0.2721740783507456,-0.29545367807657696,0.726359610397128,0.5524934792971703,-1.172431446091869,-0.1906741559917316,0.15244691448424133,-0.9563273281898058,-1.1556038397501691,0.2948343931667924,1.2346933613368478,-0.10628645120258672,-0.6259662427382331,0.2525456830405482,0.14455995289232315,0.174457013430032,0.3506288912831737,0.05436948222367098,1.5240942962300335,-0.36537297748390657,0.045384016941102265,1.4352796980153941,1.6726649068002533,-0.05436948222367098,-0.3506288912831744,0.1317027369921738,-0.3345252120667762,1.0096739498011607,1.002588278879574,1.0248561576853752,0.5106001571422693,0.4323198869208419,0.2896456887631914,0.8839134569768611,0.7229182807808735,-0.7864379342253526,-1.564031397441998,-1.3072422507561756,-0.7700228618656133,-0.6992004034990842,-1.853415610241477,-2.046048046899492,-1.0748462533011267,1
-0.6119022025574117,-0.4370186087675581,1.4383931084795292,-0.4281154315628296,1,0,0,1,0,0,-0.596493238681898,0.14529770324255853,-0.7071422465416066,0.6911439811090201,-0.3137996119087717,-0.4223865960268347,-0.3470599670672505,0.7545481197207801,0.07997969582627457,-0.8096915299093034,-0.891546061169824,-1.2166986188697055,0.42486656244207094,-0.15973942597605853,-0.5736003313214886,0.009478447390326002,-0.3415734996937835,-0.15379937037915478,-0.007768161614413057,-1.6517274332983856,0.3229855803003126,-1.6102611942798541,-0.09980999800089117,0.7551425846902114,1.0088983932925837,1.6517274332983856,0.007768161614412348,-0.3139374809687093,-0.7097714541928067,-0.6824813981130464,-0.5737127814690962,-0.6649035856248688,-0.40304466324369825,-0.13859458152457876,-0.1532996650890431,-0.6663639641110671,0.029018475482663446,-1.6210805965279906,-0.9071598159022387,-0.8145239388296306,-0.4992530300691578,-0.1916295312302808,-0.20711139779498602,-0.8769950965056176,-1.136704559054746,0
0.2105061928741954,-0.6946962684821769,-0.4445202009343899,-0.8681093238500562,1,0,0,1,0,0,-0.5460174906653681,0.014466485612113323,-0.2210013526812325,-0.3093412697601279,0.4998711878630743,0.2501912174077083,0.17478811735026528,-1.0705126220092582,0.21966552785279467,0.5918875576806657,0.6792994551242107,-0.33987453829631176,-0.8422322002232167,0.7215469586955742,-1.4782798776520798,0.7098738533062592,1.0348626820934306,1.459614998869373,-0.6862106428504532,0.21702702713573208,0.4779140874100515,-0.0115961600458345,0.41306462718584586,0.22655021586344296,0.5419073943804599,-0.21702702713573208,0.6862106428504524,0.10385022336961848,-1.6103624352952797,-1.655925603633584,-1.1163738022448682,-0.71610842633123994,-1.222174502210428,-1.9328971966387571,-1.980449249729511,-1.3484860293897554,0.27882240539001907,-0.17942508891434333,-0.5057382938501646,-0.23104172733766892,-0.1269445113490324,-0.3819686083310823,-0.6186874509066087,-0.5986491559356475,-0.2706882785040748,1
-0.8689048261297889,-0.02473435322416849,1.0038746524609323,0.3052077222492148,1,0,0,1,0,0,-0.6343500496942954,0.3575350118430585,-0.2593808969333673,-0.29892557599746467,0.6980324197969563,0.5059854390064839,1.2896815858715505,-1.4184196525665629,0.49831540077230563,0.5379659782593025,0.6950726935672841,-0.00662047152924201,-1.0843228981497166,0.7754190526804888,-0.17522591037071536,0.7315085068604654,0.18778328452979723,0.30941792690429754,0.9848575718326791,-0.9857992824010663,-1.018544058530778,1.7712880169876197,0.05388165646281596,-0.5405546394730764,-0.6015421611840672,0.9857992824010663,-0.9848575718326797,0.35452284597261524,-0.4846237089171882,-1.0463857740085747,-0.5607922809744348,-0.4600842227993849,-1.1906695084040155,-0.22015379130249568,-0.6516131881728072,-1.0384305451721696,-0.9424412519348303,1.717490052682561,0.12376363845877164,0.13201387092399572,-0.093098282374475,-0.15990635171348128,1.7684536571408034,1.2941032399401495,0.038603250264021984,0
0.2619067175886707,-0.1535731830814779,-0.8790386569529866,0.3052077222492148,1,0,0,0,1,0,-0.6469689866984278,0.4214969404623873,-0.7583149722111197,1.055693262802232,-0.42509869784254545,-0.49170146376776175,-0.008223008949103779,-1.3705743406062934,0.08583082658086828,0.06389277298594799,0.13136814949736786,-0.3369305534434014,-0.07280463076113657,0.031547421239184144,-0.6450567669108724,0.3947189749083838,0.2629692462714357,0.3826434213549218,0.5834470145228646,-1.0381887348318,0.04295610570422792,1.234952586635155,0.2793208879443446,0.17444078883573808,0.2027917972257669,1.0381887348318,-0.5834470145228654,0.29881781872750485,-0.3345252120667762,1.091552434377654,1.1576342848155081,1.2296755205108585,0.5421051509486824,0.758556726032511,0.5111183656893089,1.069946747507413,-0.10976148557697851,0.8828473903799233,-0.5513543759015367,-0.3347718982695729,-0.24540631275998087,-0.5723076854318833,0.2044646553166367,-0.26463402725168356,-0.7036964187794109,0
0.2105061928741954,-0.4370186087675581,-0.4445202009343899,-0.4281154315628296,1,0,0,1,0,0,-0.5460174906653681,0.014466485612113323,-0.7071422465416066,0.6911439811090201,-0.4395669100812881,-0.5230049524249546,0.25488408287346237,0.2820840220182486,0.32485233217212,0.2842712241668592,0.5018012651802366,-1.825406152540902,-1.015352179087362,0.6347954258367946,-1.2820411224073074,0.39109339770923934,1.061217576499664,1.4245515550043408,-0.5745260083472232,-1.919828377166137,0.2798575881277011,-1.6714898253801915,-0.05107287290254101,0.6682530988424636,0.7384311060641279,1.9198283771661375,0.57452600834722245,-0.09111737198826762,-1.535313186870074,-2.056220417118665,-1.594432320547333,-1.1940202729240363,-1.3166894836296663,-1.7697787770829225,-1.814344742034923,-1.658541513607341,0.11228645211844858,-1.6210805965279906,-0.48749186102961545,-0.4385020692014777,-0.1607907403235886,-0.09645999267988113,0.4514102871836102,-0.3759724034796717,-0.8892713360402683,1
0.4932090788038099,-0.02473435322416849,-1.168717627632051,0.3052077222492148,1,0,0,1,0,0,-0.7479204827314877,1.706550233632538,-0.2593808969333673,-0.29892557599746467,1.2422160410794842,1.5434724916448748,0.4458149389350745,-2.158270305563412,1.0502525025194709,0.22482284006569225,0.7882410554371718,-0.3283413147178711,-1.1616958638715962,-0.43670306198007736,-1.0221815349000019,1.4285443196909084,0.07711460452216394,0.6541353879950877,0.7686432489180746,-1.2101494081044426,-1.0562650789433856,1.9382947050038684,-1.8108161085162968e-4,-0.22725563076443453,-0.3861160876798436,1.2101494081044426,-0.7686432489180752,-0.6203151308168162,-1.1600669447440433,-1.0463857740085747,-0.25070026910256554,-0.20406001926752979,-1.3796994712424915,-0.46483142063624716,-0.8177176958673952,-0.790386157798101,-1.0257092285706153,1.6416134470186852,-0.2867811000035777,-0.24400799870415715,-0.3130987707090945,-0.4136917878478824,1.439192814651505,0.848749735028197,-0.332546584257695,1
-1.0488066626304537,-0.1535731830814779,0.5693561964423357,0.3052077222492148,1,0,0,0,1,0,-0.785777293743885,3.0439360138548666,-0.7583149722111197,1.055693262802232,0.44498297934688336,1.5251375911456617,0.21054961403802022,-1.1437131390177886,-0.9514852620156689,0.8064588740024037,0.4044998514169679,-1.0778645492277,-0.9263929776616616,0.5330417481979246,-0.6333373577729509,-0.783872639514109,1.3720767700327212,1.0934351910178137,-0.22109974072011698,-1.2507946581507028,0.23983467049427,0.9353187146823404,0.5129958217978705,0.2710539277036763,0.541657026525068,1.2507946581507028,0.22109974072011698,0.24311279148239442,-0.7848207026180125,-0.7825551014843162,-1.0259302987822392,-0.5112890635057554,0.16404522527173035,-1.4435419379712537,-1.5375038958772762,-0.35630847989348147,-0.10976148557697851,0.35171115073279,-1.1626098753899237,-0.7626588533636787,-0.6177148314801074,-0.9529858396334858,-0.28942660841731066,-0.8213259083916238,-1.3222794763156045,1
0.4932090788038099,0.20717554051898904,-1.168717627632051,-0.4281154315628296,1,0,0,1,0,0,-0.7479204827314877,1.706550233632538,-0.5664172509504457,0.017017134803318904,0.7717760417240237,1.2993052801187708,-0.44891861441154224,0.41033740912670497,0.27004717982929455,-0.4560562460262895,-0.4249293358981697,-0.4289190290479196,-0.07018115554581678,-0.21760646609569198,-0.8476522683880326,0.9205906746831642,0.2943023506182262,0.9362286087096705,0.22845561284398783,-0.8115738940849077,0.4068024442859473,-1.4123604060870276,0.5559413051696432,0.9079277391211333,1.466473962284063,0.8115738940849077,-0.22845561284398855,-0.5089050763265954,-1.0850176963188372,-1.3375092747249961,-0.7416792878996918,-0.596630464683041,-1.0961545269847772,-1.1173050988595852,-1.3160312189511594,-0.9764194483286528,-0.22078545442469194,-1.6210805965279906,-1.9745761359043472,-1.4628375071540325,-1.0915620371239039,-1.238494455284687,-1.1125787146405561,-1.4893561657595522,-1.6315710050837011,0
-1.0488066626304537,0.20717554051898904,0.5693561964423357,-0.4281154315628296,1,0,0,1,0,0,-0.785777293743885,3.0439360138548666,-0.5664172509504457,0.017017134803318904,1.140158331871535,2.327848478855106,0.10636739090262723,0.9135565377133334,-1.1755708587403366,0.1744790345168807,-0.3740948020432182,-0.18934408048716145,-0.3793313348206208,0.29408295156616093,-0.46207231752237715,-0.8629571382454957,0.9027788803157025,0.604726383313383,-0.003877616098807187,-0.2543969704224406,0.1459377738116963,-1.7167789222160632,0.7398560450873582,0.659470164859741,1.0767391771755486,0.2543969704224406,0.0038776160988064777,0.1317027369921738,-0.5596729573423944,-0.4732363819731166,-0.8192022908676594,-0.4600842227993849,0.3530751881102058,-1.0357458890816678,-1.149926711256571,-0.17027518936292965,-0.44283339212011924,-1.848710413519619,-2.1387940312892875,-1.5406351353529608,-1.2438700675094103,-1.6191726094862895,-1.1125787146405561,-1.32234860141757,-1.7552876165909395,1
-0.2263982671988458,0.33601437037629844,-0.15484123025532542,-0.13478617003801185,1,0,0,1,0,0,0.1858808555743153,-0.4768774206000031,-0.23379453409861076,-0.3018188242648711,-0.3421690713191047,-0.13350011499045522,0.33912315840871865,0.6506068327011122,-1.7134289389042705,0.9959957398082542,0.091316457399932,-0.1603117124963541,-0.21623101557786992,0.2230198374219239,-0.1562106409082025,-1.1239601065889566,0.6827110930272596,-0.1963256288403554,-0.31993580742281313,0.0986623829151082,-0.24872021315091483,-1.0494666867157927,1.2128432468689334,-0.6685613549277225,-0.31038963181105694,-0.0986623829151082,0.3199358074228124,0.577342954953057,0.26586877533487285,1.3553831069019124,0.459927258103802,0.7346953936826055,1.3927399837218248,0.35076067714292497,0.5664865349208381,1.1939689411944467,-0.19302946221276363,-0.9381911455531051,0.22411901897178985,0.8321925247143505,0.4822876101929924,-0.7309235830158842,0.36909507656128593,0.45906541823023866,0.34789477903211874,0
0.10770514344524394,-0.4885541407104817,-0.15484123025532542,-0.4281154315628296,1,0,0,1,0,0,1.4225366819792977,-0.6501560999505483,-0.5920036137852022,0.12985381723217018,-1.4218979831408967,-0.6003692886777311,-1.6068221638029885,-0.5781196859045525,0.19649238785097822,-2.398045016083786,-2.0272310894986965,-1.155160454383917,1.8703156496357398,-1.4112595800956556,-1.035384491567623,-0.5311319879234361,-2.239353492595328,-2.265501456586797,-1.2890243254862828,-0.2970624528398517,0.8242113890892625,-0.24373804244551725,-0.8023481024156509,1.019099517534974,0.42367847366927014,0.2970624528398517,1.2890243254862819,-1.4280380258709164,-1.2351161931692491,-1.3738997123145495,-1.3877043126327533,-2.0132977242259726,-1.0646495331783645,0.10608304780917345,0.8986955503100138,-1.5965304167638241,1.0837461795359422,0.04820472807728505,0.9357298989731951,0.3265079414213163,0.7361343275021692,1.1407440084753266,0.2044646553166367,0.06938110143228039,0.9664778365683122,1
0.23620645523143258,-0.7204640344536393,0.5693561964423357,0.5985369837740325,1,0,0,0,1,0,0.5644489656982895,-0.5263025472603935,-0.42569225535928473,-0.19361133906387015,-0.7901535479273499,-0.2551365280584045,-0.8142478104368264,-0.35153296147357965,1.0923085265466281,-1.6679553348368235,-1.1259944950222203,-1.2928276286506113,0.40067108820550523,-0.562775085739246,-0.2685628305428807,1.3827241862180601,-1.6093395675637645,-1.497452616197375,-0.9333596546099943,-0.8375679493470506,0.5699131667077296,0.21344967373515603,-0.10371789060450642,0.6575064831754363,0.0018769659813810677,0.8375679493470506,0.9333596546099936,-0.6760201580619267,-0.4846237089171882,-0.7916527108817039,-0.031051760693324323,-0.6649035856248688,-1.7892643907258567,-0.13859458152457876,0.34501385799472056,-1.1004416420156866,0.25106641317809053,-0.1035484832504671,-0.8432973010303187,-0.7626588533636787,-0.48232991558187904,-0.9529858396334858,0.28677986593896093,-0.09762646290970158,-1.0748462533011267,1
2.6777313791690167,0.8513696898055362,-1.168717627632051,-0.13478617003801185,1,0,0,1,0,0,-0.15483044353726144,-0.3431388425777702,-0.3361399854376369,-0.24337520926326098,-0.19259739159864256,-0.07581225732219987,-0.04645777139587732,-0.9908861416830227,0.22270696646489063,-0.5242247640995535,-0.7718117362795301,0.18305633048792022,1.130067988592916,-0.03561740531078143,-1.2709550503452072,-0.39978506416278586,-0.16920605176487694,-1.009708221384641,-0.22109974072011698,0.4689510326955308,0.02901217031406829,0.08680745750620786,-0.7061933182440361,0.5404120116589708,0.017609502964689716,-0.4689510326955308,0.22109974072011698,-0.007559831120602114,-1.1600669447440433,0.13630344765189217,-0.09565426316663046,-0.15285517856115927,-0.40304466324369825,0.5954383064766764,0.7879592118469556,-0.23228628620644656,0.5563823275093027,0.8069707847160468,2.1491176815396953,1.3508433793738719,1.5315207084042572,1.870377137361731,0.03983423407198747,0.29205785388825667,2.018069034379841,0
0.8273124894479005,0.5936920300909173,1.0038746524609323,0.3052077222492148,1,0,0,1,0,0,-0.016022136491804253,-0.41291549198067434,1.2885940545694028,-0.634542375016612,0.6137846807493713,0.1728268811549317,1.8128027010313132,-0.8303089951975987,-0.8140399788588556,1.4608366751793014,1.4141590606235415,-0.1452769463017749,-1.4703653723562584,1.7578537635903506,-0.8045073605444509,-0.03747312505012015,0.7799414272484659,0.9231803230105625,-1.9849433926451614,1.7705022619546806,-0.7643195158742726,0.3336873405559734,1.075163044819809,-1.2001195345428821,-0.937170135665309,-1.7705022619546813,1.9849433926451607,0.939425632046274,-1.0850176963188372,-1.4830710250832082,-1.2714198081808024,-0.9550643496276378,-0.7811045889206503,-2.1775748259725085,-1.9250810804979817,-1.0384305451721696,-0.859173275299045,-0.02767187758659086,-0.9071598159022387,-0.2829068128036209,-0.7192535184037778,-1.4605567119022886,-0.8656330827735822,-0.09762646290970158,-0.76555472453303,1
0.7502117023761872,0.4648532002336079,0.5693561964423357,-1.161438585374874,0,1,0,1,0,0,0.059691485532990585,-0.4338484868015456,-0.2977604411855021,-0.2618919981746622,-0.3262791734798005,-0.13126415151494145,-0.012058236188516548,0.6252668741089035,0.8374575286095948,-0.36775098828581093,-0.15865665771286727,1.4850919637038211,0.8623192485941104,0.9595653558140741,0.2884815832873118,0.4154557629260161,0.5305023499270487,0.36484581004041156,0.7686432489180746,1.2631572968382359,0.975553668265861,-0.5692038901748818,-0.7273395212629861,1.0228449089608207,0.5624623474191879,-1.2631572968382359,-0.7686432489180752,0.35452284597261524,-0.25947596364157,-1.446680587493655,-1.051771299771562,-0.8185181077439823,-1.3796994712424915,-0.46483142063624716,-0.8177176958673952,-1.4725082230767892,0.8616982418405155,-0.5588081172337243,-0.0951935553878152,-0.4514683405679659,-0.0423289389126401,0.41111087958892223,-1.5241547677521787,-1.266679413303576,-0.023255055489598248,0
-0.2263982671988458,-0.978141694168258,-0.15484123025532542,0.3052077222492148,1,0,0,1,0,0,-0.4576849316364408,-0.14834569632799627,-0.46407179961141953,-0.15252721366669866,0.010284814993144114,0.0037880424060904513,-2.1705619370704756,-0.6600192264337038,1.3554816777237984,-2.4520377845372976,-2.0733366266358533,-1.5646802038820584,1.2589581550834814,-1.2891359655424972,-0.2996520152914321,1.240161033903147,-2.560018122957054,-2.323403884162294,-1.7650477649515883,-0.3834842964864804,1.73012974348821,0.6057122908088494,-0.6067466239549423,0.7740747060307706,0.42708747927634,0.3834842964864804,1.7650477649515868,-1.3444804850032512,-0.7097714541928067,-1.4830710250832082,-0.7416792878996918,-1.603658998575004,-2.072809334983571,-0.46483142063624716,0.4557501964577793,-1.534519319920306,1.4445740782910115,0.4275877563966659,-0.33239718205494984,-0.5811310542328463,-0.2623294272472596,0.15732544345452057,-0.12479618717266176,-0.32030321536567735,-0.332546584257695,1
1.2642169495209417,1.0575118175772313,-1.6032360836506476,1.0385308760612593,1,0,0,1,0,0,8.060097546152978,-0.8019203124018647,-0.5408308881156891,-0.011915347870745526,-2.2094993558268747,-0.6075243717993751,-1.859588300861941,0.1587354703083686,-1.0531234621041328,-1.3318191161539368,-1.5025209991173942,-1.1441405447314386,1.4614188039144893,-0.35939064541118426,-0.828446510718421,-0.8624564094125929,-0.2526185789637097,-0.7409183747291419,-1.2694823106029698,-0.3014141428425148,2.2267039014228613,-1.047788942622892,0.5729695360605608,1.5487094455183685,1.229988301405558,0.30141414284251544,1.2694823106029691,-0.28608496734615396,-0.7097714541928067,0.28186519801010423,-0.22485926811324272,-0.3064697006802721,0.4475901695294441,-0.30171300108041293,0.34501385799472056,-0.046252995675895824,1.9719379303176512,-1.0140677512169813,-0.1681792866700104,0.14498014229048395,0.7699805564767266,-0.635754044465484,-1.3595243465075295,-1.6006945419875402,-0.1469716669968365,0
-0.7147032519863632,-0.6173929705677911,-1.8929150543297122,1.478524768348486,0,1,0,1,0,0,2.2806243982603056,-0.7071403636295867,-0.6047967952025805,0.14721330683660885,-1.665982344381014,-0.6576099536508837,-0.7665651080616313,-1.588545468114505,0.1907671602195014,-1.1057580696174751,-2.8923933098090275,-0.5440991949808855,2.9206522711232954,-1.1520342409768056,-2.621986603455321,0.5051721653379361,-1.689208486951037,-4.063607029691874,-0.7279513648365089,-0.020113106998745453,-0.08517159655518286,-0.4463201121416191,0.24686420878896947,-0.18118240546917028,-0.20706838705766548,0.020113106998745453,0.7279513648365081,-1.3166279713806959,-2.435904167972547,-2.1926845580794883,-1.6719553235153006,-2.0815708451678003,-3.7110690129170307,0.5954383064766764,1.1201682272361313,-2.9607745473212006,-0.27629743884854874,-0.6346847228976005,-0.7885580025686714,-0.5551985114998699,-0.5838686025055501,-0.826093121566285,-0.12479618717266176,-0.15329565102369538,-0.76555472453303,0
0.4161082917320974,-0.5916252045963298,-0.15484123025532542,-0.4281154315628296,1,0,0,1,0,0,-0.14221150653312897,-0.3547682841449209,-0.5152445252809326,-0.055314071881842175,-0.4796617509273529,-0.23009373713265022,-0.7631205334438917,-0.46633523753775746,0.6764467754734844,0.4871165034258891,1.0852131298050447,0.7395341677093558,-1.3099501730151957,-0.0648640974827009,-0.7903359824320856,0.8312306312942257,0.6740911551230405,1.0450263658735877,1.465333844976243,-0.4446638655665298,0.9963262362328564,-0.15168148891162328,-0.08941878229916127,0.010354280403576447,-0.3905653697090888,0.4446638655665298,-1.4653338449762439,-0.11896988561082296,-0.7848207026180125,-0.20940570944885942,0.24027874969456073,0.512807750621665,-0.43454965705011084,-0.22015379130249568,-0.8177176958673952,-0.4183195767369984,1.6943780081983673,0.5034643620605421,2.094378383078048,1.7138989776355367,1.6161362808406496,1.0772976494417266,2.3446601314970748,2.2404794378780473,1.8324941171189824,0
0.44180855408933456,0.33601437037629844,-0.15484123025532542,-0.13478617003801185,1,0,0,1,0,0,-0.8236341047562825,5.195382703777743,-0.23379453409861076,-0.3018188242648711,2.5505964267869707,4.228864625736916,0.632423595197889,0.055173694661207515,-0.6815405721052533,1.2921563207451856,1.5244320912145495,1.6216444070676843,-0.9351587745384433,0.7105147039157776,-1.003169220260259,0.538909609677365,1.1187856084897942,1.8520334259378748,2.0646375835209034,0.1640471410786609,-0.16946248360666524,-1.0806805303046452,1.473240979293323,-0.6362511682329544,-0.17368620774023158,-0.1640471410786609,-2.0646375835209043,1.1622457410267157,-0.6347222057676005,1.4918472478627354,1.5969313016339897,2.083089532283709,1.550264952753888,0.4323198869208419,-0.4301405112466897,1.938102103316653,-0.08200549336504998,-0.9381911455531051,0.37921369794645543,1.1174504947770867,0.7530574419894479,-0.7626467625326843,0.28677986593896093,0.4033962301162448,0.5334696962929761,0
-0.8689048261297889,0.10410447663314094,1.0038746524609323,-0.13478617003801185,1,0,0,1,0,0,-0.6343500496942954,0.3778865345855722,1.4293190501605637,-0.644379419125794,1.578305783648615,0.7886112223114248,1.444149261784677,0.7753455724980619,1.1435677052935869,1.7382050233145951,1.7676260899585465,1.6600049285567386,-1.480922750366657,0.510833948427711,-0.2294477539847792,0.8988485911964892,-0.02298398861917574,0.37265326294926954,1.1393967240133565,1.1340089365774726,-1.497705440706316,-1.2940418539073475,-0.6600392133564416,-2.3709933765382343,-1.9341771079417422,-1.1340089365774726,-1.1393967240133573,0.18740776423728422,-0.4846237089171882,-0.9008240236503626,-0.354064273059855,-0.34060626115118536,-1.033144539371952,-0.22015379130249568,-0.7069813574043363,-0.9764194483286528,-1.488309098769422,-1.4440351833122795,-1.3998135020570583,-1.4628375071540325,-2.0956668300357593,-0.6992004034990842,-0.06991938009111154,0.5704037944582268,-1.5903321345812884,1
-1.3829100732745436,0.23294330649045036,1.7280720791585935,0.5985369837740325,1,0,0,1,0,0,-0.6722068607066928,0.5784944016189215,0.5593827137788417,-0.5211270429342795,1.4004286054484463,0.8476406580649883,0.7884111547243844,-0.14223952070536813,-1.1351776809389575,1.5264749648224352,1.1395203617917617,-0.16112360351608784,-1.024536037923864,0.8639542393964785,-0.5680939166114514,-0.26079942112731946,0.9459604576447499,0.6550620478367274,-1.4375436385994584,1.20598490020106,-0.23305200635705797,-0.3738758085606155,1.289747651688315,-1.1241710005774597,-0.8418916872081218,-1.20598490020106,1.4375436385994576,0.5494904413305014,-0.7097714541928067,-0.7006766169078218,-0.7158382869103699,-0.34060626115118536,-0.34003467563087314,-1.6882195673050053,-1.4267675574142176,-0.6663639641110671,-0.38732140769626244,-0.5588081172337243,-0.7338187041070253,-0.02358138547386016,-0.4654068010946016,-1.4922798914190887,-0.7010026615289333,-0.2089648391376897,-0.7036964187794109,1
-0.14929748012713334,-0.2051087150244015,0.27967722576327125,0.5985369837740325,0,1,0,1,0,0,-0.7353015457273552,1.1367075968421543,-0.2210013526812325,-0.3041334228787963,1.195046540387725,1.1092483847001,0.29535315832700065,0.30101668611243376,0.7502728168415115,0.5795548513797159,0.8609016320649043,0.9801147988925201,-0.6352905452768881,0.17744206587111286,0.564084985825511,0.4453371276624452,0.2273679722037624,0.5026563469515862,0.9277639406103714,0.41661470759684033,-0.23339773486441548,0.15193310728523649,-0.5781272097586011,-0.5574870252775794,-0.6284681964937012,-0.41661470759684033,-0.927763940610372,-0.11896988561082296,0.11577027848446049,-1.019092945816409,-0.6641562849317252,-0.5454256239766699,-0.8126095827270634,-0.46483142063624716,-0.8730858650989243,-1.0384305451721696,-0.3318094232724056,-0.02767187758659086,-0.47836864461934153,-0.6848612251647502,-0.8377153198147269,-0.0647368131630805,-0.12479618717266176,0.06938110143228039,-0.6418381130257917,1
1.135715637734753,-0.7204640344536393,-0.15484123025532542,1.0385308760612593,1,0,0,1,0,0,-0.6595879237025604,0.5261619145667434,-0.4896581624461761,-0.1305385268344097,0.46808279360349353,0.5055382463113811,-0.045355196368268666,0.6127801758047153,-0.5249112241523706,-0.2200500718899325,-0.22463326586544055,0.9070065898192884,0.6535835956075051,0.7611804071501821,-0.4191032004282204,0.8858917704449262,0.35111173904369847,0.27589102971597845,1.215239784852797,0.031788787753525546,0.8236299987272745,-1.26090840801288,1.607807022266896,0.6454298408169391,0.5613881399418903,-0.031788787753525546,-1.2152397848527976,0.49378541408539117,-0.5596729573423944,-0.6097005229339397,-0.09565426316663046,0.0519641842643253,-1.1906695084040155,0.2692014673650073,-0.26403600355210183,-0.9144083514851348,0.4731143508735179,-1.317574173872486,-0.8068044353892204,0.054216242725068246,0.31305646532020776,-1.8729580456206907,-0.9479482933959068,-1.0440026608476,-0.9511296417938885,1
-0.5091011531284612,0.6967630939767645,2.8867879618748513,-0.4281154315628296,1,0,0,1,0,0,-0.3945902466157784,-0.2169594015741853,-0.7199354279589849,0.7981941670030586,-0.773224707992816,-0.7837182936698605,0.8849452421989579,-0.976469808246612,1.6046449866071373,-0.4363237147017757,0.3141228144596711,-0.8827982180469365,-0.5378950082421194,1.6541429737563786,-1.3252444927778753,2.6799009970684815,0.04690803854595455,1.1061070763598202,0.8285736227725414,-2.025800709708459,0.42226226797186533,0.012634615792837917,0.49943860076970226,0.6359583973584519,0.6715232305262566,2.025800709708459,-0.8285736227725421,1.7471485271003746,-1.1600669447440433,0.4547197765604794,1.8553413115272142,1.7929287682809403,-1.1906695084040155,-0.05703537174666111,-0.4301405112466897,0.38782468222872474,0.5563823275093027,0.19995793940503753,0.5799244589724931,0.7673611678819103,1.0069041592986248,0.09387908442092041,1.1922471827845313,0.23638866577426285,0.22417816752487937,0
-0.3291993166277972,1.0575118175772313,1.0038746524609323,3.2385003374973924,1,0,0,1,0,0,-0.7100636717190902,0.8895819635402024,-0.3617263482723934,-0.22312247139141586,0.8845998003890834,0.8565845119670434,-2.1219796948404595,0.6346212246767251,-0.6378577343157704,-0.7683179375051522,0.02162546887127036,-0.3038617770808334,0.12102916480493468,1.346668298413253,0.4815635916191236,0.4427853392909925,1.1744624168894797,2.110271775924535,0.20465562353765385,-0.6174061782631385,4.296239516854752,-0.38861771256640465,1.3169294551023636,2.2025247940881325,2.032155489455899,0.6174061782631385,-0.20465562353765385,0.32667033235006016,-0.40957446049198204,-2.2108797768742647,-1.710716824999284,-1.2793616741013212,-1.0646495331783645,-1.6882195673050053,-1.9250810804979817,-1.658541513607341,4.081393338424208,-0.3311783002420958,0.12376363845877164,0.7932937106148858,1.734598082251598,-0.9529858396334858,-1.1125787146405561,-1.4336869776455579,0.47161139053935697,1
1.3670179989498932,1.3151894772918502,-1.8929150543297122,0.3052077222492148,1,0,0,1,0,0,0.33730809962390496,-0.49606599918580174,-0.6431763394547153,0.2571567409980537,-1.1299670600094058,-0.5802456173981071,-1.352738870769036,-1.5892800067531603,0.21676745324552937,-1.1554500205605431,-1.383644708141593,0.2823016553124763,1.2045997581996197,-0.8937838594003422,-0.8263389430418787,0.1020531718076623,-0.22853564996735137,-0.2737870326502737,0.30418285154596364,0.08334093927970501,0.9879580279407393,1.353528472588282,-0.19377477464297702,1.3343263959005605,1.531506136857674,-0.08334093927970501,-0.30418285154596436,-0.8988402670423681,-0.8598699510432187,-0.4004555067940112,-0.28946177058654887,-0.3576745413866426,-0.4660546508565234,-0.05703537174666111,-0.2086678343205727,-0.728375060954584,1.3057941172313696,1.793366658346437,1.0725781451273115,0.7932937106148858,1.345366449044194,1.5531453421937294,-0.8656330827735822,-0.9326642846196119,1.5850608941045057,1
-1.0488066626304537,-0.23087648099586283,0.27967722576327125,-0.13478617003801185,1,0,0,1,0,0,-0.7983962307480176,4.009179663928373,-0.4768649810287978,-0.1450047681714419,1.504439193439837,3.1954023073544504,0.4687884002597088,0.2521015646938109,-0.6214810090757328,1.5784010065705,1.7506016375467945,2.4700218840576915,-0.690919132031823,-0.4768905887533367,-0.04350160596641936,0.5106602690522865,0.11046476079473343,0.6179640861988692,1.8047472122866337,1.5788889403080233,-1.1283651393880016,-0.3895962631291203,1.362749681652517,-2.02278296405579,-1.6725462129917865,-1.578888940308024,-1.8047472122866342,-0.5367575899491508,-0.18442671521636386,-0.43684594438356456,-0.12149526415595328,-0.06751377738387422,-0.2770246880180474,0.5138790966987595,-0.26403600355210183,-0.6663639641110671,-1.2200011740541141,-0.7864379342253526,-1.5001688825700765,-0.7107937678977266,-1.3792549834076382,-2.0315739432046915,-0.7010026615289333,0.013711913318286572,-1.569712699330082,1
-0.5862019402001745,-0.7977673323680251,-0.4445202009343899,-0.13478617003801185,1,0,0,0,1,0,-0.4955417426488382,-0.05821752418257845,-0.8350740607153893,4.307704315367074,-1.7245911442326685,-3.373858383705015,1.727023074422914,1.0226314389341569,-1.971013936908497,0.6005282582505279,-0.5867593931342416,-0.05016516415237749,0.70485409983109,1.1783360033944592,-0.13950812701353255,-0.023899200489210466,0.15796346821324436,-0.31361943339559406,0.6502951668953726,-0.7133741297612556,-1.2240881747059087,-1.5433499222474614,2.6704256894501177,-0.6546410629663787,0.45662761254084544,0.7133741297612556,-0.6502951668953733,1.8028535543454847,0.41596727218528484,1.7829707485791584,1.4935672976767,1.5027680042781708,0.7626401075935709,2.145063292257104,1.8953225964775422,1.4420133285685155,-1.2200011740541141,-1.5452039908641146,-0.7520651369275744,0.5987996401175653,0.27921023634565156,-1.7777885070702906,0.12214944469431245,-0.2089648391376897,-0.5799798072721716,0
0.33900750466038404,-0.87507063028241,-0.15484123025532542,1.0385308760612593,1,0,0,1,0,0,-0.21792512855792381,-0.305924629562888,-0.6559695208720935,0.3786731682291243,-0.7480645566631651,-0.5279240720710848,-0.3357476720508535,-0.777128371809907,0.6901330065010904,-0.5134026205787946,-0.22101991328905266,-0.4124232048624732,0.43509090198307415,-0.10541301909085515,-1.0419874730082972,1.6754629711840545,-0.4120210208088777,0.18066693436847273,0.3041828515459622,-0.8641809106868654,0.36153786435938756,0.022792902586742755,0.7402437655274445,0.28502082712697885,0.46372280938459814,0.8641809106868654,-0.3041828515459622,-0.06326485836571254,-0.9349191994684248,0.1817914946388332,1.0413497803635572,0.8029685146244333,-0.9071245641463012,0.5138790966987595,0.40038202722625016,0.44983577907224165,0.08453045990652028,-0.2553016945782196,-0.8250508682097696,-0.3607044410025493,-0.2284831982727022,-0.9847090191502859,-0.37174181903963527,-0.7656567202776299,-0.8274130302866491,0
-1.3829100732745436,-0.1535731830814779,1.7280720791585935,0.3052077222492148,1,0,0,0,1,0,-0.6722068607066928,0.5784944016189215,-0.7583149722111197,1.133810966022206,-0.33089868126174904,-0.4313304499288898,0.6549007948134392,-0.70915796297254,-0.447648520650112,0.6763385438409137,0.39981884228299097,-0.14870644674367922,-0.413418179746077,1.218673722886996,-0.5671733013327224,-0.22556837274112798,1.2083754120058439,1.1417941101567415,0.013895103188392356,-0.21659885141806862,0.3070289274731644,0.40515979721035494,0.38527606316902135,0.28451463469201876,0.5949556398954643,0.21659885141806862,-0.013895103188393775,0.9672781456688292,-0.6347222057676005,-0.4095531161914002,-0.4574282770171454,0.017827623793410803,0.1010352376589052,-1.2804235184154193,-1.4267675574142176,-0.35630847989348147,0.029018475482663446,0.04820472807728505,-0.8615437338508666,-0.5551985114998699,-0.4146374576327655,-0.6040308649486834,-0.8656330827735822,-1.0440026608476,-0.7036964187794109,1
1.135715637734753,-1.0554449920826439,-0.15484123025532542,0.5985369837740325,1,0,0,1,0,0,-0.6595879237025604,0.5261619145667434,-0.8094876978806327,3.3211066561814766,-0.8359652222306702,-2.16196617997655,0.03457691144732645,0.2841423579178135,1.2022792464729524,-0.9704789757949732,-0.6871771610098594,0.6554775616692085,1.165855203333306,0.7862301191604543,-0.42493093429866235,0.8783378100261375,0.18943259114062289,0.15833805198179318,0.8285736227725414,0.07222398482797085,0.737511834135354,-0.8156807851918726,-0.7609112140209146,1.4988926009035306,1.0479502542363597,-0.07222398482797085,-0.8285736227725421,0.5216379277079463,-0.5596729573423944,-0.5915053041391644,-0.08273376267196997,7.593435579547688e-4,-1.1591645145976028,-0.05703537174666111,-0.4301405112466897,-0.9144083514851348,0.5286263352973745,-0.8623145398892288,-0.43275256256796935,-0.7367263106307022,-0.1607907403235886,0.31594134103852145,-1.3595243465075295,-1.4893561657595522,0.10046155601764112,1
1.3670179989498932,-1.0554449920826439,-1.8929150543297122,0.3052077222492148,1,0,0,1,0,0,0.33730809962390496,-0.49606599918580174,-0.822280879298011,3.9923402542197715,-2.271815312063907,-3.4668744642863882,-0.33114307467971177,-0.8067674916782828,-0.4501984243001885,-0.08665326398367089,-0.49346824185135185,-0.9016134041589217,0.2832749951986333,-0.8456430079427072,-0.764734766636335,-0.18480869096778035,-0.02298398861917574,0.027579889748185635,0.4407888507730546,-1.6668621640005967,-0.3844940233703718,0.34121919964607605,0.42972141621444315,0.0942724395623422,0.6684592768391698,1.6668621640005967,-0.4407888507730553,-0.8431352397972577,-0.7848207026180125,-0.30947941282012914,-0.354064273059855,-0.34060626115118536,-0.024984737566746233,0.10608304780917345,-0.09793149585751397,-0.6043528672675491,-0.47058938433204756,0.12408133374116129,-0.5148615102604385,-0.23104172733766892,-0.1777138548108673,-0.1916295312302808,0.28677986593896093,-0.4316415915936655,-0.5799798072721716,0
0.2619067175886707,-0.7977673323680251,-0.8790386569529866,-0.13478617003801185,1,0,0,0,1,0,-0.6469689866984278,0.4476631839884763,-0.8350740607153893,4.307704315367074,-1.3376646092725817,-2.984800738965619,0.5773780280070467,0.47778534356214813,-1.2065285396890166,1.0610495311975197,0.35834914560870906,0.42457742686078215,-0.3389805711638343,-0.18701584492038587,-0.5686853052342103,0.565263670338268,0.19831635239180212,0.16331251293204704,0.8549852458654548,-0.26889098598050765,-0.9897222315873423,-1.2254718331275207,2.2174004075696354,-1.236762363167868,-0.3064285571097861,0.26889098598050765,-0.8549852458654554,-0.007559831120602114,-0.3345252120667762,0.7731361054690666,0.9767472778902511,1.0248561576853752,-0.024984737566746233,0.8401159358104279,0.4557501964577793,0.5118468759157585,-0.9979532363586869,-1.2416975682086098,-0.5422311594912614,0.5987996401175653,0.025363519036474696,-1.5240030709358887,0.4514102871836102,0.3477270420022505,-0.5181215015185524,0
-1.3829100732745436,-0.87507063028241,1.7280720791585935,1.0385308760612593,1,0,0,1,0,0,-0.6722068607066928,0.5784944016189215,-0.6559695208720935,0.3786731682291243,0.1253842744532704,0.15225601718020498,0.43078815336654236,-0.5014699384516231,-0.8619031395774991,0.6190699978387743,0.672689070895661,-0.42180419639925276,-0.839084013706852,1.1419875017172931,-0.7764598413637275,-0.2065547910723925,1.1401037841354842,1.3744753147718098,0.5873904109192033,-1.1578572735420007,0.5420390422850763,-0.08955719576873399,0.9706828207688957,0.29418376815299146,0.46737888720114407,1.1578572735420007,-0.587390410919204,0.8280155775560533,-0.8598699510432187,-0.5915053041391644,-0.5995537824584191,-0.15285517856115927,0.19555021907814235,-1.2804235184154193,-1.592872065108806,-0.4803306735805153,0.25106641317809053,-0.3311783002420958,-0.7703115697481222,-0.2051091846046925,-0.07617516788719629,-1.1433249167342867,-0.20711139779498602,-0.7099875321636356,-0.8274130302866491,0
-1.3829100732745436,1.1348151154916164,1.7280720791585935,-0.13478617003801185,1,0,0,1,0,0,-0.7731583567397526,2.7008674876239214,-0.68155588370685,0.5262288298668529,0.6664749668314865,1.670475217054057,0.18692529740259337,-0.007937877612082568,0.126590066807229,0.6168070093645549,0.7851031344822287,1.1597909336002996,0.15203143348520498,0.7420171946231036,-0.6910371817620716,0.8225458358415478,1.0484637697311654,1.1035338242933266,1.8335036721614553,-0.2366301126415829,0.48149066164092263,-0.6813708926162801,0.6535263768849292,0.20637224998700457,0.05671346798126648,0.2366301126415829,-1.833503672161456,1.0229831729139398,-0.40957446049198204,0.9823811216089964,1.3126802907514432,1.7587922078100258,0.1010352376589052,1.5741488238116832,0.6772228733838963,1.069946747507413,0.25106641317809053,-0.7864379342253526,-0.6060936743631827,-0.2051091846046925,-0.11002139686175369,-1.0798785577006862,-0.28942660841731066,-0.4316415915936655,-0.76555472453303,0
-0.3291993166277972,-1.0554449920826439,1.0038746524609323,0.3052077222492148,1,0,0,1,0,0,-0.7100636717190902,0.8895819635402024,-0.822280879298011,3.9923402542197715,-0.8038477716495906,-2.401214271856524,1.0655739980441306,-0.25132304020291146,-0.05140013943084832,0.8624178299559511,0.6792638159847572,-0.32838202670728944,-0.4257918404393706,1.2701950038113625,0.1913896983650882,0.4683226177054315,1.2379340789920008,1.5994572130710556,1.1750460966186718,-1.6132703306944058,-0.21254270167041786,0.5366787582968976,0.5408847784497182,0.06244339218627841,0.6784824310966949,1.6132703306944058,-1.1750460966186724,0.4102278732177254,-0.4846237089171882,-1.8833658385682892,-1.4135453136220761,-0.9550643496276378,-1.222174502210428,-0.9541866793037505,-1.4267675574142176,-1.658541513607341,-0.3318094232724056,0.27583454506891375,-0.5604775923118106,-0.21807545597118072,-0.1777138548108673,-0.28679906978068154,0.2044646553166367,-0.48731077970765985,-0.5799798072721716,0
0.44180855408933456,-0.12780541711001567,-0.15484123025532542,0.3052077222492148,1,0,0,0,1,0,-0.8236341047562825,5.084903008889811,-0.7583149722111197,1.0990919868133286,1.357548890776926,3.061244498823624,0.4090095839458337,-1.1164446772051113,0.07845618068480209,0.7042548873234658,1.1111261854982908,1.4619367550464304,-0.32999146516752154,0.8681709049224811,-1.1335373207908181,0.6614145287372409,1.3188719088471663,1.882449744712794,2.110417730215289,-0.09917924017331377,0.2987283559789043,0.39680255272596754,0.5574055875132067,0.35636789045937617,0.3933273269740506,0.09917924017331377,-2.11041773021529,1.3293608227620468,-0.7848207026180125,1.464554419670571,1.6486133036126354,2.2367040544028214,1.2352150146897614,0.5138790966987595,-0.3747723420151606,1.876091006473136,0.08453045990652028,0.12408133374116129,-0.642586540004281,-0.2829068128036209,-0.1269445113490324,-0.826093121566285,-0.7010026615289333,-0.8213259083916238,-0.5181215015185524,1
0.44180855408933456,-1.0296772261111817,-0.15484123025532542,0.5985369837740325,1,0,0,1,0,0,-0.8236341047562825,5.084903008889811,-0.8094876978806327,3.0259953329060196,0.9012659350619028,1.572092824131451,-0.03343646202056696,-0.4280141484544111,1.2982117392961205,-0.07214518108038094,0.9328153131549874,1.7242258063417326,2.868831440706334e-4,0.7420171946231036,-1.1916536984973585,0.9770466874296361,1.4193003809322073,2.151415535940675,2.00124968809791,0.36682327779893126,0.7879090523188206,-0.6063096643684155,-0.7928612431250498,1.5048174475125018,0.8877329391579197,-0.36682327779893126,-2.0012496880979107,1.0229831729139398,-0.9349191994684248,0.9823811216089964,1.4031237942140713,2.0318846915773383,0.7311351137871589,-0.22015379130249568,-0.983822203561983,1.5040244254120325,0.5286263352973745,-0.7105613285614767,-0.5604775923118106,-0.8534227529290943,-0.2792525417345383,0.09387908442092041,-1.4418395571298541,-1.4893561657595522,-0.1469716669968365,1
-1.3829100732745436,0.43908543426214564,1.7280720791585935,-0.13478617003801185,1,0,0,1,0,0,-0.7731583567397526,2.663071802530682,-0.8478672421327675,5.062842113160156,-1.0707561904610863,-1.8645830377332184,-0.06977418262971921,0.1940723357390712,0.01566376958474366,-0.5476914676540026,-0.9250059463328957,-0.03592394542949786,1.3258129281899396,0.595042058135623,-0.8430620877255903,1.02620020964617,0.6611930170796229,0.6996161550773006,1.5535225280215794,-1.5897607057063121,0.6915817127609629,-1.110931463600758,1.0098193465617287,1.3955235161944146,1.8855920394889711,1.5897607057063121,-1.55352252802158,0.6609004958207222,-0.7097714541928067,0.34554846379182197,0.8475422729436388,1.1101975588626602,-0.5920746260821743,1.247911984700014,0.5111183656893089,0.2638024885416898,0.9449662184763004,-0.8623145398892288,0.9357298989731951,1.3767759221068474,1.9715216850734973,0.4428340591057229,-0.28942660841731066,-0.9326642846196119,1.3994859768436472,1
-0.12359721776989524,-1.3904259497116478,0.27967722576327125,1.7718540298733036,0,1,0,1,0,0,-0.7353015457273552,1.1018192721407023,-0.7966945164632545,2.652766306410588,-0.32069262942024446,-1.2027378489811416,-0.20958583942132028,0.8098049401330772,0.029534018779102365,-0.38310261297255865,-0.30869386013448685,-1.7808727202726282,-0.7182531906552322,0.04237377381433695,0.1023624262989361,0.9597047551085268,0.13841667503690172,0.4802567391909147,-0.31054414497595056,-2.1209040850669507,0.33377358712070004,-1.0089382628507497,0.9240367322437995,0.6547985199702759,0.8701943681848467,2.1209040850669507,0.3105441449759499,-0.11896988561082296,-0.10937746679115769,-0.5915053041391644,-0.04397226118798574,0.017827623793410803,-0.9071245641463012,-1.0357458890816678,-1.0391903727935126,-0.35630847989348147,0.41760236644966076,-0.8623145398892288,0.40658334717727845,0.8451587960808378,1.0915197317350172,-0.2550758902638815,1.1099319721622063,0.1250502895462747,0.16231986177126023,0
-1.0231064002732158,-0.12780541711001567,0.5693561964423357,0.3052077222492148,1,0,0,0,1,0,-0.785777293743885,3.038121293071291,-0.7583149722111197,1.0990919868133286,0.44498297934688336,1.4871262120619275,0.32667125463916497,0.22522471649774342,-1.6526251409041581,1.2925956146172337,0.054238650444771025,-0.32946588740669264,-0.05744233565988435,0.5819540511310515,-0.08347548405660786,-0.983453672511229,1.436774821788512,0.44632591576965946,-0.35307242775419667,-0.09917924017331377,0.12723729929892058,-0.3927518990522959,1.2709178339227596,-0.32153196531342865,0.3652374844899736,0.09917924017331377,0.35307242775419595,0.35452284597261524,-0.25947596364157,-0.5642124759469986,-0.9484072958142716,-0.40887938209301433,-0.08799472517957138,-0.9541866793037505,-0.9284540343304539,-0.29429738304996345,0.0012624832707351544,-0.482931511569848,-0.40538291333714505,0.2746428559553643,0.12690220596014448,-0.794369942049485,-0.7010026615289333,-0.8213259083916238,-0.20882997275045564,1
-1.3829100732745436,-0.3339475448817109,1.7280720791585935,1.0385308760612593,1,0,0,1,0,0,-0.7731583567397526,2.663071802530682,-0.7455217907937414,0.9312835873037549,0.3756265585919498,1.3283728053004498,-1.0322674481903982,-0.663567338153648,0.5071440523604618,-1.0774039378126796,-1.151691974052678,0.5001911368691351,1.3217509007413826,-0.05736494564374726,-0.8409887491291683,1.0655386836772291,0.10670587027959863,0.4367339329948075,1.631212558323426,-0.9356157016516281,1.3780746371078936,0.06828292918570437,0.37748070793362754,1.5613109260679914,1.9236416537008807,0.9356157016516281,-1.6312125583234267,0.02029268250195297,-0.7097714541928067,0.33645085439443295,0.8604627734383002,0.8712416355662611,-0.43454965705011084,1.166352774922097,0.40038202722625016,-0.046252995675895824,0.5008703430854462,-0.5588081172337243,-1.8377278897502307,-1.4109724216880806,-0.8377153198147269,-1.0481553781838862,-1.3595243465075295,-1.7677021063295222,-1.3841377820692236,1
-1.3829100732745436,0.49062096620506923,1.7280720791585935,-1.161438585374874,1,0,0,1,0,0,-0.7731583567397526,2.663071802530682,-0.7711081536284979,1.2900463724621538,0.21019201111646588,1.0511133343367418,0.3016734388735761,0.017469951548560566,0.663302552324879,0.011634245442894365,0.009187369442786628,0.15403696766780522,0.22847261503377386,0.11021311604702078,-1.0201287020302408,1.196799251800955,0.10129834357361626,0.6714614091291298,1.2744597090698961,-1.0539055705610194,-0.3093606133467958,-1.045920596162766,0.2959110193849652,0.08472858845836437,0.6436073464198261,1.0539055705610194,-1.274459709069897,0.2152602778598393,-0.8598699510432187,0.4547197765604794,1.0413497803635572,1.0419244379208312,-0.24551969421163483,0.758556726032511,0.17890935030013266,0.2638024885416898,-0.4150773999081907,-1.0899443568808573,-0.5604775923118106,-0.3347718982695729,-0.2792525417345383,-0.12818317219668063,0.03983423407198747,-0.4316415915936655,-0.3944048900113141,0
-0.3291993166277972,-0.7977673323680251,1.0038746524609323,-0.13478617003801185,1,0,0,0,1,0,-0.7226826087232228,0.9331923694170174,-0.8350740607153893,4.516018190620338,-1.00139976970615,-2.7723842087918102,1.5977769687778012,1.0525549156614198,-1.1276224364502516,1.7251954361064388,1.0183140792418905,0.06613864465803344,-1.0704454515905315,1.4454561018624026,0.06342060126478227,0.547510530319894,1.4870138392503998,1.7460847108515334,0.9953441571592244,-0.8969649934967807,-0.77746506359827106,-1.381131287929918,2.0916929274599685,-0.856130265403366,0.38085369640452715,0.8969649934967807,-0.9953441571592251,0.744458036688388,-0.40957446049198204,-1.3920949311093263,-0.9484072958142716,-0.3918111018575571,-0.9701345517591269,-1.1173050988595852,-1.5375038958772762,-1.0384305451721696,-0.8314172830871166,-1.3934507795363622,-0.6517097564145549,0.4302381123532211,0.04228663352375219,-1.175048096251087,0.36909507656128593,-0.04195727479570725,-0.5181215015185524,1
-1.0231064002732158,-0.3339475448817109,0.27967722576327125,1.0385308760612593,1,0,0,1,0,0,-0.7983962307480176,3.782405553368935,-0.7455217907937414,0.9312835873037549,0.7118913981583822,2.189218743373252,-1.1930676965414035,0.5517818434961225,0.23081147048122228,-0.9317164605930317,-0.5932344806725195,0.8106071495351028,1.003557897109246,-0.3651301371144059,0.41287962753974344,0.7644240869107902,0.11352023320177403,0.8427133351597071,1.9330196617745496,-0.8115738940849077,1.2941559437211756,-0.3437241495861776,0.4526454741895769,1.3712535489425655,1.5939794300471422,0.8115738940849077,-1.9330196617745503,-0.3696425082138195,0.340918023760079,-0.10023439668020068,0.3048812521678669,0.3421249482670949,-0.05648973137315825,1.0032343553662626,0.12354118106860354,-0.17027518936292965,0.6396503041450882,-0.7105613285614767,-1.3541974200056863,-0.9571529238609991,-0.4315605721200442,-0.8895394805998851,-1.1125787146405561,-1.4893561657595522,-1.0748462533011267,0
0.4932090788038099,-1.0296772261111817,-1.168717627632051,0.3052077222492148,1,0,0,1,0,0,-0.7479204827314877,1.2937050579986886,-0.822280879298011,3.766666889362069,-0.5690568034191699,-1.9160101976700352,0.2500009413418838,-0.8860758072101415,-0.24748569741869383,0.21106284175033385,0.27554570207764273,-0.4679289344526647,-0.6421988116839056,-0.0026542826418779267,-0.6948895977353702,0.2961820427239554,0.46745730840624894,1.1460296410985449,0.9153149533513734,-1.5459974836040618,-0.3502845225748751,0.5200417085785309,0.6359556284415614,0.17839038256304382,0.7606519801448319,1.5459974836040618,-0.915314953351374,-0.23037994010104354,-0.8598699510432187,-0.8826288048555859,-0.6124742829530796,-0.40887938209301433,-0.2140147004052217,-0.30171300108041293,-0.7069813574043363,-0.4803306735805153,-0.44283339212011924,0.27583454506891375,-0.5239847266707137,-0.1402778277722523,-0.0592520533999176,-0.3502454288142823,0.7806711296729086,0.06938110143228039,-0.5181215015185524,0
-1.0231064002732158,-0.7977673323680251,0.27967722576327125,-0.13478617003801185,1,0,0,0,1,0,-0.7983962307480176,3.782405553368935,-0.8350740607153893,4.516018190620338,-0.27820839517963436,-0.5811400027883127,0.03495675423767796,1.4060707787650437,-1.021428359551541,0.5770855396702217,0.2170669317511535,0.6654897067095714,0.14180887424648375,-0.6776519334657725,0.5417735601302669,0.5999772084284876,-0.13140741465703681,0.5367337018591826,1.3724417655018215,-0.45352244570481864,-0.7257100450990631,-1.3871394112283961,1.9992460184487848,-0.9099066765951079,0.24181835078816252,0.45352244570481864,-1.3724417655018222,-0.6760201580619267,0.41596727218528484,-0.20940570944885942,0.12399424524260985,0.06903246449978255,-0.08799472517957138,0.9216751455883455,0.2896456887631914,-0.23228628620644656,-0.859173275299045,-1.4693273852002382,-1.1078705769282764,-0.06248019957332482,-0.4146374576327655,-1.4605567119022886,-0.04248097655033679,-0.26463402725168356,-0.9511296417938885,1
0.2105061928741954,0.9802085196628456,0.27967722576327125,-0.4281154315628296,1,0,0,1,0,0,-0.7479204827314877,1.7472532791175652,0.12441454558798068,-0.46441937689311324,1.5671797076776843,1.7026730911014554,0.7724848238833082,-1.2324580452727574,1.2899299890779548,1.6328478663517685,2.1771496753279065,0.5819877054408797,-1.661170057879781,1.2320663996801287,-1.5072388948093924,1.8607481066920333,1.2626565332561166,2.149624786060593,0.013895103188392356,0.7799808228191798,0.1569072775894795,0.1816685080434148,0.10649488938218135,-0.9538435205314351,-0.7317109928596061,-0.7799808228191798,-0.013895103188393775,1.4129183636297125,-1.3101654415944555,0.6639647927004092,1.609851802128651,2.1684309334609937,-0.30852968182446,-1.2804235184154193,-1.4267675574142176,1.4420133285685155,0.3343343898138759,0.4275877563966659,0.7441423543574326,0.6895635396829819,0.22844089288381547,0.41111087958892223,0.2044646553166367,0.6817421706862145,0.5334696962929761,1
-1.305809286202831,-0.5916252045963298,-0.4445202009343899,1.478524768348486,1,0,0,1,0,0,2.3311001462768357,-0.712955084413162,-0.6047967952025805,0.14721330683660885,-1.676557305252815,-0.6620818806019112,-0.5334633783011261,-0.48664092686069343,0.5423102146541022,-1.308215857922246,-1.036125483513657,-1.1349598186535983,0.4652679867366937,-0.7519135101993142,-1.2143814459278346,1.0714119170012966,-2.0648518593457887,-1.5349178677452884,-1.6929968571541203,0.13114384342216406,-0.0095093063983166,-0.5486107295704064,0.33530941908303596,-0.28015653279809305,-0.15153467651831623,-0.13114384342216406,1.6929968571541196,-0.7595776989295921,-1.1850833608857785,-0.3125119492859251,0.26611975068388355,-0.6023198914281931,-0.9806362163612644,-0.22015379130249568,0.7510470990259361,-0.2736270174354578,-0.27629743884854874,-0.7864379342253526,-1.0440080620563552,-0.7367263106307022,-0.7869459763528921,-0.9529858396334858,-0.28942660841731066,-0.26463402725168356,-1.0748462533011267,0
0.3904080293748593,-0.514321906681944,0.27967722576327125,-0.4281154315628296,1,0,0,1,0,0,-0.14221150653312897,-0.3576756445367086,-0.3233468040202586,-0.26362794713510607,-0.18881334268781735,-0.07134033037117232,-0.184423800972903,-0.6205286312649938,0.9956774254328321,-0.4158520476249277,0.4610441340364638,0.30026690340872686,-0.3469276538189812,0.9596634537933793,-0.4161777244613853,-0.5126803626771843,1.094682163350373,0.9813041514207858,0.328888191831712,0.08334093927970501,1.21533020028669,0.43477731218222315,-1.876318717742759,1.6472573823239198,0.3586725541783924,-0.08334093927970501,-0.3288881918317127,0.6609004958207222,-0.5596729573423944,-0.6187981323313287,-0.7675202888890147,-0.34060626115118536,0.1325402314653172,-1.0357458890816678,-1.2606630497196296,-0.6043528672675491,0.7506742729928018,0.04820472807728505,-0.9254062487227878,-1.6313990349183765,-1.0407926936620688,0.2207718024881207,-0.8656330827735822,-0.9326642846196119,-0.8274130302866491,0
-0.9460056132015023,-0.10203765113855341,0.27967722576327125,-0.13478617003801185,1,0,0,0,1,0,-0.43244705762817587,-0.1762563560891579,0.17558727125749374,-0.4707845230814074,0.6000507431628387,0.22827877534767327,1.8090735098666362,0.4694828984398027,-0.21081819479744796,1.3626830956546743,1.2269508188177563,0.4400435981513802,-1.6496231101801617,1.5401858401077102,0.7685801818210939,-0.9106474527513121,0.9782054641628442,0.3290110214255897,0.4977080171176754,0.1065462325527444,-0.9766252092221551,0.12556674208093865,-0.6269173327700759,-0.870925155805472,-1.2738809299404326,-0.1065462325527444,-0.49770801711767615,1.4407708772522676,0.7161642658861095,0.018034525485845748,-0.4574282770171454,-0.06751377738387422,0.4790951633358572,0.02452383803125581,-0.2086678343205727,-0.17027518936292965,-0.859173275299045,0.27583454506891375,0.4704458620491997,0.054216242725068246,-0.29617565622181696,0.2524949820049213,1.6038232358961542,1.8507951210800897,-0.2706882785040748,0
1.4184185236643685,-0.6173929705677911,-1.8929150543297122,-0.8681093238500562,1,0,0,0,1,0,-0.0412600105000692,-0.4291967101746853,0.48262362527457214,-0.5089754002111725,0.3249648631982956,0.06326467085475682,-0.46478180021862125,-0.2280012502273078,-0.5752275233515736,0.4217396272882392,0.33821434078239254,0.7930793705718437,-0.163767602763623,-0.8215345173545975,-0.6731103426865986,-0.05575471951969523,-0.15371344338686638,-0.06400045465064443,0.30418285154596364,0.7799808228191798,-0.1745772026472804,-0.36136829361195166,0.7303271785050639,-0.7221626473057444,-0.5021791946794043,-0.7799808228191798,-0.30418285154596436,-0.8709877534198129,-0.7848207026180125,-0.646090960523493,-0.5737127814690962,-0.596630464683041,-0.37153966943728567,-0.05703537174666111,-0.2086678343205727,-0.9144083514851348,-0.16527347000083534,-0.3311783002420958,0.03253147435602734,0.4043055696202447,0.0761328624983096,-0.5723076854318833,0.2044646553166367,0.6817421706862145,0.34789477903211874,0
0.2105061928741954,-1.0296772261111817,0.27967722576327125,1.7718540298733036,1,0,0,0,1,0,-0.7479204827314877,1.7472532791175652,0.8536258863785419,-0.5789920082824084,1.931887883222336,1.7912172447318007,0.11075043954365046,-1.8468083570033966,1.740069012549271,0.671362268443184,1.6132103250789158,-0.51687328060767,-2.0701171805613305,1.47376622982262,-1.557746914560398,1.8310944644576856,1.147585953326776,2.0026792111181138,0.12355936367902995,-0.8274981801914475,1.318568669830897,0.9742857656158329,-0.5386592861088236,0.23095947507348172,-0.14202597135799627,0.8274981801914475,-0.12355936367903066,1.5800334453650435,-1.3852146900196616,0.48201260475264507,1.4160442947087326,1.9124067299291387,-0.43454965705011084,-1.1988643086375024,-1.3713993881826885,1.069946747507413,1.0714101829973075,0.7479556469774766,-0.350643614875499,-0.5624019955923634,-0.4409623023907547,-0.08236080178352555,1.07334743410784,0.694113101378213,-0.5937260974396413,1
-0.5091011531284612,-0.5916252045963298,-0.4445202009343899,1.478524768348486,1,0,0,1,0,0,-0.3062576875868511,-0.2675474723912908,-0.6047967952025805,0.14721330683660885,-0.49970038266423694,-0.3195322761532011,0.8407561075828909,1.1405483138097856,-1.6897055987124223,1.1469233237794132,0.03375383592031688,-0.21626591604009532,-0.5835932192745533,1.1895486491179401,0.8209288686819368,-1.7971987959183218,1.712466620091757,0.49288100143440666,-0.003877616098807187,-0.29111514316954507,0.01949116030753063,-0.7430498352211617,0.5038726902057509,0.14863316954909667,0.4373207265747684,0.29111514316954507,0.0038776160988064777,0.7166055230658329,0.340918023760079,-0.973604898829468,-1.6331938220313174,-1.040405750804923,0.19555021907814235,-1.0357458890816678,-1.149926711256571,-0.8523972546416179,-0.24854144663662048,-0.9381911455531051,-1.0257616292358074,-0.6459624110652865,-0.5500223735309933,-0.857816301083085,-0.37174181903963527,-0.5429799678216537,-1.0129879475475077,0
1.2642169495209417,-1.158516055968491,-0.15484123025532542,0.3052077222492148,1,0,0,0,1,0,0.6654004617313493,-0.5489799583163374,-0.4001058925245282,-0.21965057347052813,-0.7983391440436303,-0.25245337188778794,-0.9058707702954808,-0.6186284506807969,0.010871734486618193,-0.7971963396847981,-0.8170397930422538,-1.0185306757854835,-0.06276385988107834,-0.34838340104884086,-1.256802423277978,0.20733916701793909,-0.8725169639171444,-0.6957019355456064,-0.22109974072011698,-1.1698703314820218,0.9115347679838145,-0.4099501148336048,0.19349384189152138,0.21178793833204462,0.3829742136013459,1.1698703314820218,0.22109974072011698,-0.23037994010104354,-1.0850176963188372,0.5002078235474204,0.5374502610717695,0.13730558544161034,0.1325402314653172,0.5954383064766764,0.7879592118469556,0.20179139169817292,0.6118943119331598,-0.5588081172337243,-0.6243401071837319,-0.4385020692014777,-0.33002188519637315,-0.4136917878478824,0.7806711296729086,0.23638866577426285,-0.8892713360402683,0
0.5960101282327613,-0.8235350983394863,-0.8790386569529866,1.0385308760612593,1,0,0,1,0,0,-0.016022136491804253,-0.4303596543314004,-0.6943490651242283,0.6998237259112394,-1.0707561904610863,-0.8718152546051031,-0.44775297369511735,-0.06734572269079249,-0.4200853194938612,0.1003810154712301,0.6453123006133991,0.436259013345608,-0.1487429904657973,-0.025093761107640306,-0.8620140621229407,0.2031538220245853,0.4521266835555674,1.0587154839772874,1.1921218465220598,-0.5873266710771624,0.5975380190109664,-0.7711126462410883,0.7784207037444182,0.3127128040962754,0.19469201226522617,0.5873266710771624,-1.1921218465220604,0.15955525061472892,-0.6347222057676005,0.7731361054690666,0.7700192699756713,0.9395147565080901,1.0776900456576979,0.4323198869208419,-0.09793149585751397,0.7598912632898273,0.6674062963570164,-0.6346847228976005,0.37921369794645543,0.7414286251489338,0.8376730144258402,-0.5405845059150832,0.12214944469431245,-0.15329565102369538,0.16231986177126023,0
-0.09789695541265715,-0.6173929705677911,-0.15484123025532542,-0.8681093238500562,0,1,0,0,1,0,0.1858808555743153,-0.475714476443288,0.48262362527457214,-0.5089754002111725,0.1595303157228117,0.027489255246536448,-0.624942232672313,0.5365691464382081,-1.0758135673333007,-0.03050728144479941,-0.483277604416114,0.2712573917280108,0.822295901861263,-0.9713674824369688,0.24176182047990927,-0.6059074985457295,-0.8209229368464837,-1.16633884480977,-0.32687747097049374,0.6941558255444424,-0.10158155586554306,-0.4942663081177409,0.8617945839704111,-0.7727997626348408,-0.5104183177927224,-0.6941558255444424,0.326877470970493,-0.9266927806649233,0.19081952690966666,-0.082039177885424,-0.37990527404917784,-0.6649035856248688,-0.05648973137315825,0.9216751455883455,1.2309045656991897,-0.4183195767369984,-0.05424950115312168,-0.4070549059059717,0.21499580256151593,0.6376984542170299,0.2622871218583729,-0.5405845059150832,0.2044646553166367,0.6260729825722207,0.34789477903211874,0
1.1871161624492292,-1.3904259497116478,-0.15484123025532542,-0.8681093238500562,1,0,0,1,0,0,-0.6848257977108253,0.7093256192493668,0.815246342126407,-0.5714695627871517,1.5621737736108188,0.9871647789370479,-2.1275819242256606,0.7476389293458882,0.4399829624490501,-0.5928593223769997,-0.7694695802621304,-1.3104004470068884,0.5470028379394225,0.1766515668137792,-0.5279218533456617,0.6155855260494816,0.5492571677707624,0.1992312567562087,-0.018359091073560794,-1.7690215962405276,3.1349626208606938,-1.5550184171762245,0.01713263765357,1.3455487018700818,1.1948586848606826,1.7690215962405276,0.018359091073560086,-0.14682239923337803,-0.7848207026180125,-1.11916664918768,-0.6770767854263857,-0.4430159425639276,-1.4742144526617298,-0.7910682597479163,-0.8730858650989243,-1.2244638357027204,1.7498899926222238,-1.6969572021918669,-1.8103582405194079,-1.5276688639864726,-1.0238695791747903,-1.175048096251087,-1.0302635040182315,-1.6563637301015341,-1.6934293108373202,1
-1.1516077120594044,-0.5916252045963298,0.27967722576327125,1.478524768348486,0,1,0,1,0,0,-0.38197130961164594,-0.2233555944361182,-0.6047967952025805,0.14721330683660885,-0.398226511328222,-0.2855456313253918,1.0549638385672562,0.020531919279832042,-0.05692628719518055,0.37382921400149527,0.0841684950993455,0.3469275227313156,0.15928623608032483,0.9961063313071381,-0.678293524231196,0.13002159700777646,0.41380639558888316,0.5379052984251733,0.6912331826893902,-0.21238889143210804,-0.4716551887158085,-0.7076802659567804,0.20847930739552434,-0.09469581229637845,0.4157366632785995,0.21238889143210804,-0.6912331826893908,0.6887530094432773,-0.7848207026180125,-0.6278957417287164,-0.4703487775118068,-0.2894014204448148,-0.37153966943728567,0.10608304780917345,-0.2086678343205727,-0.6663639641110671,-0.6648813298155464,-0.9381911455531051,-1.1443634425693747,-0.8793552956620708,-0.8546384343020056,-0.5723076854318833,-0.4540570296619595,-0.5986491559356475,-1.0748462533011267,0
0.9044132765196139,-0.8235350983394863,-0.15484123025532542,1.0385308760612593,1,0,0,1,0,0,-0.2810198135785862,-0.2733621931748661,-0.6943490651242283,0.6998237259112394,-0.8138979998053215,-0.7510732269273594,-0.7753913121451065,0.4471005225114591,-0.6210897788919352,0.07870272525798838,0.11127267172461162,-1.19308010729851,-0.8236468054227563,-0.33620501608814857,0.013379378320566048,-0.4284594937709878,0.5476080372362304,0.2979033561789287,-0.9813771768947055,-0.653901033058197,0.7422684039627262,-0.600256330996077,0.4184900636122501,0.43667645147728545,0.14618472219678857,0.653901033058197,0.9813771768947048,-0.06326485836571254,0.41596727218528484,1.2462117941332536,0.795860270964994,1.0077878774499178,1.2037100208833493,-1.0357458890816678,-0.762349526635866,1.2559800380379649,0.8894542340524437,-0.4070549059059717,0.6164173246135901,0.754394896515422,0.9053654723749538,-0.1916295312302808,0.36909507656128593,0.06938110143228039,0.34789477903211874,0
1.1871161624492292,-0.6173929705677911,-0.15484123025532542,-0.8681093238500562,1,0,0,0,1,0,-0.6848257977108253,0.7093256192493668,0.48262362527457214,-0.5089754002111725,1.4165385278723253,0.9388679678659504,0.4063790596721022,0.45557602852685464,-0.18594141750322943,1.3373853248929237,0.9072393305113868,0.45623238634037405,-0.9440346362271882,0.33962463722389713,-0.24287252818605196,0.6139491953685043,0.8100643666707521,0.5269363719957718,0.2181716668474219,0.4058665575902641,-0.2257310389981298,-0.8685967635784102,0.8711478791119363,-1.0034753336332616,-0.6650047551753916,-0.4058665575902641,-0.2181716668474226,0.1317027369921738,-0.40957446049198204,-0.6097005229339397,-0.22485926811324272,0.10316902497069583,-1.0646495331783645,-0.709509049969999,-0.8730858650989243,-0.728375060954584,-0.19302946221276363,-0.7864379342253526,0.12376363845877164,0.5599008260181015,0.09305597698558829,-0.5723076854318833,0.4514102871836102,0.7374113588002092,0.10046155601764112,1
1.1871161624492292,-0.8235350983394863,-0.15484123025532542,1.0385308760612593,1,0,0,1,0,0,-0.6848257977108253,0.7093256192493668,-0.6943490651242283,0.6998237259112394,0.04139030971397822,0.004682427796295961,-0.3870105337871392,0.31965809952663604,0.02532991061947246,0.34115716152732584,0.34517648623281943,-0.7930977539137732,-0.5159002858340613,0.37834774293111906,-0.059845726296247286,0.37542084095306955,0.8817532955429225,0.6098233030144443,-0.31054414497595056,-0.7736968421314995,0.9161881749132755,-0.4986929082651577,0.3426349033361082,0.4134501584978415,0.14662742546451266,0.7736968421314995,0.3105441449759499,0.15955525061472892,-0.25947596364157,-0.6278957417287164,-0.354064273059855,7.593435579547688e-4,-0.844114576533476,-1.0357458890816678,-1.0391903727935126,-0.6043528672675491,1.0282341951120857,-0.3311783002420958,0.5160619441005718,0.6247321828505417,0.7699805564767266,-0.15990635171348128,0.36909507656128593,0.013711913318286572,0.2860364732784985,1
0.2105061928741954,1.1863506474345409,0.27967722576327125,-0.13478617003801185,1,0,0,1,0,0,-0.7479204827314877,1.7472532791175652,-0.7071422465416066,0.7085034707134588,0.34350910801086915,0.7962134981281717,0.9708032029890299,-1.07117474661415,1.4156687721671692,0.46694791101241157,1.3302979134841757,0.5991146051005862,-0.7501106967390071,1.2507290431936107,-1.7152513704673917,2.202620174282696,1.21349029973569,2.2402919107809076,0.5873904109192033,0.23455420748543962,-0.10021176265819698,-0.2480802126515882,0.27815421853716166,0.5724597060029522,0.4577565732848571,-0.23455420748543962,-0.587390410919204,1.106540713781605,-1.6103624352952797,-0.13662483426975403,1.002588278879574,1.519836284513628,-1.0016395455655394,-1.2804235184154193,-1.592872065108806,0.44983577907224165,-0.3595654154843339,-0.5588081172337243,-1.0896241441077272,-0.8015576674631424,-0.5500223735309933,-0.9847090191502859,-1.1125787146405561,-1.1553410370755877,-1.0748462533011267,1
-0.3034990542705592,0.18140777454752677,1.0038746524609323,-0.4281154315628296,1,0,0,1,0,0,-0.7353015457273552,1.165781200760031,0.41865771818768077,-0.5043462029833221,1.651329496102748,1.2863366919607908,0.9465177319477603,0.6169185065922372,-0.5210989758846785,1.5137079105678242,1.4416164098706452,1.338828553593358,-1.1319831520631471,1.1342091469778455,-0.7530987431094037,0.409705404804779,1.4202578845407723,1.6701334058372914,1.2104470415403286,0.625495827724652,-0.1828675313881324,-1.6011777995405048,1.1240741769435751,-0.6366183244064701,-0.24361173167731895,-0.625495827724652,-1.2104470415403292,0.6609004958207222,-0.9349191994684248,-1.0008977270216337,-0.6641562849317252,-0.11871861809024475,-0.5920746260821743,-1.1173050988595852,-1.592872065108806,-0.790386157798101,0.0012624832707351544,-1.3934507795363622,0.8080048692293539,1.3249108366408955,0.9392117013495113,-0.2550758902638815,0.28677986593896093,0.6817421706862145,1.0283361423219313,0
-1.1259074497021662,-0.05050211919562982,-0.15484123025532542,-0.8681093238500562,1,0,0,1,0,0,0.19849979257844777,-0.4797847809917908,0.39307135535292426,-0.49971700575547184,0.10603676272290062,0.01720382325917309,0.32098413118558883,-0.4342185375705618,-0.07584030140326246,0.40695237087043334,0.6998031205826668,0.7236455477532607,-0.039227443402012036,-0.6735114751145354,-0.287644644917846,-0.08531071254421699,-0.8223751506528081,-0.45475753789215834,0.4783555005605033,0.5125390571179019,-1.1193009782244694,0.30782247909807403,0.017947193910212992,-1.365219520720887,-1.3537605546694715,-0.5125390571179019,-0.47835550056050397,-0.016844002328120476,0.8162299304530506,3.751086914880805,3.1086298595093536,2.4699705509540673,3.009996332451009,3.585942665000307,3.5194555606024025,3.2403351370305127,-1.053465220782544,0.27583454506891375,-0.02220782410562002,-0.010615114107371936,-0.5500223735309933,-0.3502454288142823,0.8629863402952329,1.2941032399401495,-0.20882997275045564,1
1.2642169495209417,-1.0554449920826439,-0.8790386569529866,1.478524768348486,1,0,0,1,0,0,0.6401625877230843,-0.5367690446708291,0.31631226684865466,-0.4921945602602151,-0.16954016636009525,-0.03243456589723267,-0.8555155929402993,0.17921822472098642,-2.649217849718628,0.13908094948028196,-1.724330944519827,-2.0598660683351113,0.3506567341297818,-0.16532176788482908,0.8071211867535749,-1.638788007200045,0.6851991205587068,-0.6839120014776023,-1.3392924006938196,-1.4811177417461807,1.0244276949985571,0.5625736487998525,1.9747456467655624,0.49154232878347864,1.5740077218746948,1.4811177417461807,1.339292400693819,-0.2582324537235989,0.5660657690356972,-0.4186507255887879,-1.1551353037288514,-0.8697229484503528,0.06953024385249205,-0.7910682597479163,-0.26403600355210183,-0.4803306735805153,0.6396503041450882,0.19995793940503753,-0.8068044353892204,0.22277777048941236,0.4145951522438788,-1.175048096251087,-0.20711139779498602,-0.8213259083916238,-0.76555472453303,1
-0.4577006284139859,-0.8235350983394863,-1.6032360836506476,0.3052077222492148,1,0,0,1,0,0,-0.29363875058271866,-0.2727807210965086,0.44424408102243734,-0.5055035022902847,0.557301859686709,0.1808763496667813,-0.6021087283669432,1.10597908560795,-1.5787113044749743,-1.0393331605087002,-0.9196257220969738,-1.0071857794225185,0.40339126258445124,-1.4436367284446119,0.04223248166938545,-0.04239341064300858,-2.034592899544139,-1.3947784213955556,-1.052824935956895,-0.3295023237687909,-0.6052179654633335,-1.4756834308707312,2.115549951067771,-0.6133954435691837,-0.16617117861771577,0.32950232376879157,1.0528249359568944,-1.3723329986258064,-0.03432821836595151,-0.20940570944885942,-0.19901826712392082,-0.972132629863095,0.038025250046078915,0.10608304780917345,0.7325910426154264,-0.29429738304996345,-0.49834537654397587,-1.317574173872486,0.4339529964081015,1.519404907138216,1.1253659607095745,-1.3336639938350878,0.5337254978059351,0.4033962301162448,0.038603250264021984,1
1.3156174742354179,-0.07626988516709207,-1.8929150543297122,0.3052077222492148,1,0,0,1,0,0,0.21111872958258027,-0.4803662530701483,1.8514940369340465,-0.6819916466020778,0.6059965756357455,0.15762232952143804,-0.07455954842770177,0.26202784537141466,0.8862509182841903,-0.24480153642271027,-0.3888077900565743,-0.6710574254040425,-0.2263003444028439,-1.2997466154219657,-0.20327576166975173,1.7978120597455625,-1.723016958676173,-1.0593862198843451,-1.195024760224781,0.26996871572628706,-1.195014636613033,-0.5632786366300118,0.5950930448342067,-1.377803039364165,-0.5288152816100898,-0.26996871572628706,1.1950247602247803,-1.17736540326792,-0.03432821836595151,0.527500651739586,1.4418852956980555,0.529876030857121,-0.9071245641463012,-0.13859458152457876,0.5111183656893089,0.44983577907224165,-1.2200011740541141,-0.7864379342253526,-0.998391980004983,-0.5811310542328463,-1.0407926936620688,-0.6992004034990842,0.03983423407198747,0.18071947766026855,-0.7036964187794109,1
0.8787130141623758,0.7740663918911503,-0.4445202009343899,1.0385308760612593,1,0,0,0,1,0,0.5392110916900246,-0.5228137147902483,0.08603500133584588,-0.45863288035830035,-0.26623938985766216,-0.047639117530726326,-0.2633336386624117,-0.39169287445060935,-2.550173396802822,-0.11738588178802438,-0.808086515848414,-0.618398990526068,0.5336930767233152,-0.5081424767424391,1.153707230853701,-2.2046013863507845,-0.6252805235042292,-1.6966796008992258,-1.251534013438297,0.39783372969061137,-0.14155814068927192,1.6933693398752807,1.270760682408616,-0.46143671042793494,-0.6059253509697755,-0.39783372969061137,1.2515340134382962,-0.17467491285593337,1.841902992264201,1.6556042170157228,0.007709740790658993,-0.23819657973844427,2.0858498474629035,0.8401159358104279,1.839954427246013,1.3800022317249987,-0.08200549336504998,1.717490052682561,0.2606118846128881,0.8970238815467907,0.6345956405784983,-1.238494455284687,0.12214944469431245,0.3477270420022505,0.10046155601764112,0
-1.3572098109173063,-0.2051087150244015,1.0038746524609323,1.0385308760612593,1,0,0,1,0,0,0.3751649106363024,-0.5024621920477346,0.15000090842273722,-0.4690485741209635,-0.13959841751206617,-0.023937904690280336,0.3545080429276571,0.2257527871424768,-0.8443191258457361,0.49390333477685067,-0.0019232439127103143,0.7330390395514791,1.1158449329698832,1.0908061660096453,-0.686871163592291,-1.4718239532758932,1.21349029973569,-0.053148982009960793,1.465333844976243,-0.45352244570481864,0.5969686051263213,-0.9979452383500192,-0.32482860099205646,0.5360446675161226,-0.04938932504351449,0.45352244570481864,-1.4653338449762439,1.7471485271003746,-0.18442671521636386,1.9012396707452048,0.6537347655237203,1.1614023995690306,1.9598298722372534,3.042214599814193,2.227531611866718,2.00011320016017,0.77843026520473,-0.7864379342253526,0.7258959215368835,0.4302381123532211,0.6345956405784983,0.3476645205553221,-0.04248097655033679,-0.26463402725168356,0.47161139053935697,1
-0.4320003660567478,1.830544796721088,-0.8790386569529866,-0.8681093238500562,1,0,0,1,0,0,0.7537330207602766,-0.560609399883488,0.2267599969270068,-0.47772831892318285,-0.2704180420397766,-0.06194928377401448,-0.09911996450458355,-0.7665005668385118,0.29535753144882204,0.590527605897905,0.48419141747010636,-0.7353391889933603,-0.6871830448616687,-0.861918612797199,-1.0356630382867045,0.5935535022377727,-0.3415734996937835,-0.4071296045765563,-0.7703150826731027,-0.2389258302200081,-0.7233901987386393,0.014541586598913758,0.19270038764100936,-1.1364631331795403,-1.026955373974289,0.2389258302200081,0.7703150826731019,-0.9545452942874786,-1.1600669447440433,-0.9918001176242447,-0.5737127814690962,-0.6649035856248688,-1.2851844898232538,-0.46483142063624716,-0.1532996650890431,-0.8523972546416179,-0.6648813298155464,0.04820472807728505,0.11464042204849642,0.19684522775643593,-0.2792525417345383,-0.2550758902638815,1.1099319721622063,1.0714264874841732,-0.20882997275045564,1
-0.25209852955608386,1.7532414988067013,-0.8790386569529866,0.5985369837740325,1,0,0,1,0,0,-0.356733435603381,-0.22684442690626339,4.84509848860056,-0.7670531456638272,1.6098607657073098,0.418335670766344,0.3387735558363271,-0.991780324290486,0.2553262166509382,0.24069884374375172,0.5132761097533366,0.5487238586399942,-0.3170338683710236,0.6406241962416394,-0.8314329789579459,-0.0935643808090433,0.5953616372470035,0.8327691172411864,0.9416775146057242,-0.18555039652161812,0.16903127258685732,0.5283383137411154,-0.4430626710393239,0.26518179885046494,0.14575287675725285,0.18555039652161812,-0.9416775146057249,0.24311279148239442,-1.009968447893631,-1.0554833834059623,-0.9354867953196102,-0.6819718658603261,-0.37153966943728567,-0.6279498401920818,-1.0391903727935126,-1.1624527388592034,0.0012624832707351544,0.27583454506891375,-0.5422311594912614,-0.671894953798262,-0.5330992590437151,-0.0647368131630805,-0.20711139779498602,-0.32030321536567735,-0.3944048900113141,1
0.9558138012340891,-1.132748289997029,-1.6032360836506476,0.3052077222492148,1,0,0,1,0,0,0.5644489656982895,-0.5286284355738237,0.5082099881093286,-0.5118686484785789,-0.03545964781304696,-0.010969316532300452,-0.03577464188369489,1.3629987651800972,-0.5180293369158449,0.5651510179765566,0.09080696985957297,-0.9530057243489088,-0.7464444328567844,-1.0058299277075737,0.8343756561844261,-1.1991060999675907,-0.7153998617400067,-0.9010783598740506,-1.1234618125076608,-0.18555039652161812,-0.9552679020422563,-1.034899364351584,-0.49682253146651767,-1.472860821541873,-0.9977811459214503,0.18555039652161812,1.12346181250766,-1.0938078624002545,0.26586877533487285,-1.1737523055720087,-1.5169093175793655,-1.6548638392813753,-0.24551969421163483,-0.8726274695258333,-0.4855086804782194,-1.2244638357027204,-0.933189254530854,-1.0224984851796342,-0.2695483578952821,-0.47596018648244254,-0.9862626580919494,0.30536694786625534,0.6160407084282594,0.5704037944582268,-0.8686519007890618,0
-1.1259074497021662,0.18140777454752677,-0.15484123025532542,-0.4281154315628296,1,0,0,1,0,0,0.19849979257844777,-0.4797847809917908,0.41865771818768077,-0.5043462029833221,0.11933574346871614,0.020781364819995127,-0.3885569766840977,0.8942403971588828,-1.0714307525830267,-0.27819448781900497,-0.16282637068742634,0.6767800035568418,1.1864773615148978,-0.5834694150254183,-0.16696716935657333,-0.19371397217948286,-1.0538145793140987,-0.4436176764485089,0.8615353283924976,0.06858695651968806,-0.042697830078196795,-1.3946370539459845,1.2700178715875592,-0.6691216923246276,-0.22142406140506063,-0.06858695651968806,-0.8615353283924982,-0.1328961424221005,0.5660657690356972,2.3788641641080854,1.881182312516537,1.2467438007463156,2.353642294817412,3.450010648703779,3.058054150339658,1.8450854580513771,0.16779843654230542,-1.1658209625447336,0.8992370333320981,1.4934723644052397,1.0745966172477384,-0.28679906978068154,0.5337254978059351,0.6260729825722207,0.8427612250610729,1
1.2642169495209417,-0.46278637473902035,-0.8790386569529866,-1.6014324776621007,1,0,0,1,0,0,0.6401625877230843,-0.5367690446708291,-0.31055362260288033,-0.26883579401643765,-0.6702181766921324,-0.20505094620689596,0.8675087475088652,0.4518262287578247,-0.9795289196795544,1.8621116598014669,0.47094336568191275,-0.3052837650689417,-0.8001408867615346,-0.14927410508779476,0.8315238721418188,-1.588852975269092,0.7202393364610027,-0.5853684861250898,-1.0504933074560319,0.625495827724652,-1.3554449578760441,0.21285668253531453,-0.2575951641336297,-1.8014157219146776,-1.1837478342623038,-0.625495827724652,1.0504933074560312,-0.17467491285593337,0.7161642658861095,-0.11842961547497735,-0.9096457943302884,-0.6136987449184976,0.3215701943037938,-0.6279498401920818,-0.2086678343205727,-0.23228628620644656,-1.3032691506898992,0.04820472807728505,-0.41450612974742024,-0.47740088330094144,-1.1084851516111824,0.062155904904119784,0.28677986593896093,0.6817421706862145,-0.45626319576493324,0
-0.4577006284139859,1.3151894772918502,-0.4445202009343899,-1.8947617391869185,1,0,0,1,0,0,-0.571255364673633,0.13366826167540785,0.20117363409225028,-0.4754137203092577,0.8933822820625698,0.4702100233982635,1.5740069097303457,-0.20024842027363898,-1.778515503817302,1.7792318241028469,1.1037944475712114,0.5971260592926447,-0.8723464341275894,0.8813524139617482,-0.3784050495400505,-0.7186879160027251,0.8662937069980167,0.40871925314444224,-0.007768161614413057,0.8221130942085976,-1.3080579761847142,-0.10423063050872236,1.709078228755978,-1.5446253971664217,-1.0359520412928203,-0.8221130942085976,0.007768161614412348,1.1343932274041606,-0.10937746679115769,0.8823074182377254,0.33072225315718967,0.683490552976235,1.109195039464111,-0.13859458152457876,-0.1532996650890431,0.8839134569768611,-1.2477571662660425,-0.17942508891434333,-0.25028823436248077,0.6376984542170299,-0.07617516788719629,-1.397110352868688,-0.04248097655033679,0.4033962301162448,-0.3944048900113141,1
0.8016122270906633,0.7740663918911503,-0.15484123025532542,1.0385308760612593,1,0,0,0,1,0,0.526592154685892,-0.5216507706335333,0.08603500133584588,-0.45863288035830035,-0.260172276333976,-0.04674473214052082,-1.2930002251582857,-3.318397431681297,-2.6276306590844514,-1.2719824503592136,1.7125491243381104,3.8275036690537325,-2.2277258641580047,-1.9951457808293762,-2.621986603455321,-2.207929339494269,-2.1038797421919964,1.7479675384330413,4.948786825267084,0.312111980532898,-0.1955778679210932,1.927955995740927,1.373303082818625,-0.36780490938616606,-0.5198476483810521,-0.31211198053289735,-4.948786825267085,-1.8736782438317996,-2.435904167972547,-3.557325967687719,-3.6100303977144845,-3.788398868713501,0.06953024385249205,-2.666930084640012,-3.309285311286215,-3.5808855157563717,-0.19302946221276363,1.793366658346437,-0.0039613912850709025,0.7025298110494701,0.49921072468027106,-1.4605567119022886,-0.12479618717266176,0.013711913318286572,-0.1469716669968365,0
-0.9717058755587404,-1.3646581837401863,0.5693561964423357,1.0385308760612593,1,0,0,1,0,0,4.8044117990868,-0.7734281805623455,0.36748499251816774,-0.49740240714154665,-1.0238687481143367,-0.210417258548129,-0.764554542949484,0.5356343104174055,0.395765256893666,-0.9640106609513719,-0.32857391821459886,-1.90011684483307,-0.8883706594505649,-0.35519101733565595,-0.515385323799551,0.05593629680315421,0.2817890191209684,0.5577266021290452,-0.37315522795503414,-2.2214419390173585,0.7082290238587216,-1.2514766042707455,-0.48481378057695806,1.5817333778880092,0.9716736602077677,2.2214419390173585,0.3731552279550334,-0.3417899945912644,-0.4846237089171882,-0.009258302706318612,0.020630241285320403,0.13730558544161034,0.25856020669096863,-0.6279498401920818,-0.5408768497097485,0.5118468759157585,0.3620903820258042,-1.317574173872486,-0.8524205174405927,-0.944186652494511,-0.3469449996836519,-0.3819686083310823,1.0276167615398821,0.013711913318286572,-0.76555472453303,0
-0.4320003660567478,-0.2566442469673251,-0.8790386569529866,-0.8681093238500562,1,0,0,1,0,0,0.7537330207602766,-0.560609399883488,-0.3745195296897717,-0.22312247139141586,-0.8003740055015302,-0.2587140696192265,-0.8678276333209559,0.0638005620349768,0.4860819379598242,-0.44609937554598583,-0.6682818372560912,-1.0070590326988362,0.3931022045985784,-0.8373352261014725,-0.8638524735519094,0.5150196680565817,-0.09337498359770707,0.05581427323273832,-0.49529816032406576,-0.8822777243979375,0.3700799574991331,-0.9529567179987021,-0.14694519494297148,0.5100624410788764,0.9232908926256667,0.8822777243979375,0.4952981603240644,-0.9266927806649233,-1.009968447893631,-0.9372144612399159,-0.5607922809744348,-0.5624939042121272,-0.9701345517591269,-0.6279498401920818,-0.4855086804782194,-0.728375060954584,0.05677446769459199,-1.0899443568808573,-0.9436526815433369,-0.8663890242955825,-0.6346379459673855,-0.09645999267988113,-0.7010026615289333,-1.0996718489615938,-1.0748462533011267,0
-0.020796168340944693,-1.132748289997029,-0.8790386569529866,0.3052077222492148,1,0,0,1,0,0,0.4634974696652297,-0.5111842732230976,0.5082099881093286,-0.5118686484785789,0.013780282109009093,0.002446464320782188,0.2027212461248989,0.6616834773738767,-0.015078074592208598,0.14837677384695658,-0.5809170786299567,-0.780488407881947,0.1610269279021682,-0.6176677720561616,-0.15498283953262754,-0.617417926910952,-0.9037723446711,-1.5026414655901605,-0.9702511656336119,-0.1022098070627286,-0.8990551876001144,-1.0634397446822934,-0.5998332399015871,-1.0966126352882084,-0.7118162725254287,0.1022098070627286,0.9702511656336112,-0.6481676444393714,-0.25947596364157,-0.3640650692044592,-0.6124742829530796,-0.9038595089212672,-0.49755964466293656,0.10608304780917345,0.6772228733838963,-0.35630847989348147,-0.859173275299045,-1.0140677512169813,-0.0951935553878152,-0.38663698373552574,-0.7700228618656133,0.5380035976561225,0.36909507656128593,0.3477270420022505,-0.5799798072721716,0
-0.7147032519863632,-1.3646581837401863,0.5693561964423357,1.7718540298733036,1,0,0,1,0,0,0.31207022561564,-0.4954845271074442,-0.68155588370685,0.5956667882846075,-1.2434645926917873,-0.8414061513381158,-1.1944135451990017,0.12090457864226031,0.0907230636820443,-1.7320621555085882,-1.7229922694324815,-0.7779304548207461,1.830180015500336,-0.6867720199879285,-0.5480836199677785,-0.15221945093376246,-1.1482509857957823,-0.8992922392169678,-0.35050866602642966,-0.7133741297612541,0.9746465994646352,-0.7150034672545688,-0.2769873354945239,1.2013182068891786,1.361990496907516,0.7133741297612541,0.350508666026429,-0.5367575899491508,-0.3345252120667762,0.6912576208925736,0.49868875958778525,-0.01630893667750248,0.6051151385615076,1.0032343553662626,1.3416409041622488,0.44983577907224165,0.8339422496285867,-0.7105613285614767,-0.1681792866700104,-0.2829068128036209,0.19459466390925928,0.5697267771729232,-1.0302635040182315,-1.378017789531564,-0.08511336124321738,0
-1.1259074497021662,-0.46278637473902035,-0.15484123025532542,-1.6014324776621007,1,0,0,1,0,0,0.19849979257844777,-0.4797847809917908,-0.31055362260288033,-0.26883579401643765,-0.4362304753795145,-0.161226062086826,0.7005250225153365,-0.5152281001158721,0.031031026369140638,0.43938326614560436,0.43588826691138416,0.8210125922083523,0.5029987578703226,-0.2624519863292109,-0.3986354648725351,0.04865124402854264,-0.7420120407690516,-0.137387776163072,0.9277639406103714,0.19961827368027837,-1.236336028840103,0.30782247909807314,0.006469355748446146,-1.3293448838576123,-0.7008085180956316,-0.19961827368027837,-0.927763940610372,0.1317027369921738,0.11577027848446049,1.7738731391817693,1.5323287991606835,1.0931292786272029,1.7077899217859516,2.5528593411466898,2.1167952734036595,1.2559800380379649,-1.2200011740541141,0.04820472807728505,-0.642586540004281,-0.5422322401333817,-0.9900233502002335,-0.1916295312302808,0.12214944469431245,0.23638866577426285,-0.7036964187794109,0
0.7759119647334253,-0.46278637473902035,1.0038746524609323,-0.4281154315628296,0,1,0,1,0,0,0.097548296545388,-0.4635035627977798,-0.5920036137852022,0.13564031376698307,-0.8404281353078219,-0.46129236050077443,-0.7336382368890225,1.8792392462376173,1.4135190116218286,-0.8760888377935532,-0.8622899190874562,0.09944976376385287,0.7739904129235048,-0.11186077414674113,1.8778635096923084,1.3389849373650822,-0.10146722290793303,-0.2037670317713651,0.004530982273630621,0.13114384342216406,0.9083718596168794,-0.698112401197097,-0.5867771112174173,1.0829263379905945,0.9220802798043731,-0.13114384342216406,-0.00453098227363133,-0.2582324537235989,1.391607501712964,-0.6187981323313287,0.11107374474794844,0.06903246449978255,-1.6632444155002057,-0.38327221085833024,-0.4301405112466897,-0.790386157798101,0.7506742729928018,-0.7105613285614767,-0.23204180154193166,-0.4903671546674297,-0.0592520533999176,0.47455723862252236,-1.0302635040182315,-1.0996718489615938,-0.08511336124321738,0
-1.3572098109173063,-0.2566442469673251,1.0038746524609323,-0.8681093238500562,1,0,0,1,0,0,0.3751649106363024,-0.5024621920477346,-0.3745195296897717,-0.22312247139141586,-0.6213662522575395,-0.21399480010895106,0.5638893384983201,-0.17527019040929814,0.11545044814717272,0.6340317066571616,0.0824627519815447,0.23502508804635366,0.19501565614702618,0.707895236386404,-1.2865300519920575,-0.06331080567608839,1.2528489273517815,0.9547767471373629,0.9573302853504951,-0.6289223324429117,-0.07678127244823423,-1.048253726806367,-0.22144588426373707,0.3857676188416236,0.8249480450957892,0.6289223324429117,-0.9573302853504958,0.16883942182224726,-1.4352475223031322,-1.4345504416304713,-1.2412719736932594,-0.7730026937827631,-0.9806362163612644,-0.49201782389555315,-0.9099979779199442,-1.1004416420156866,-0.3040534310604773,-1.1658209625447336,-0.934529465133063,-0.892321567028559,-0.7023304039164997,-0.033013633646279864,-0.7833178721512579,-1.0996718489615938,-1.0129879475475077,0
-1.3572098109173063,-1.132748289997029,1.7280720791585935,0.3052077222492148,1,0,0,1,0,0,-0.6595879237025604,0.5959385639696475,0.5082099881093286,-0.5118686484785789,1.3274853487496354,0.853901355796427,1.02073785530198,0.11120936304432728,0.1358319250334444,1.2496500631767502,1.0492546301658536,0.14610228748900564,-1.3761676169540014,0.7472063942518902,-0.9747395761338992,-0.3838585198882877,0.8573309394060311,0.9201235955427741,0.5174554829923397,-0.31393995325558316,-0.6727610102397342,-1.1291110503396193,-0.5714275852303373,-0.8380819308419151,-0.46576080395231545,0.31393995325558316,-0.5174554829923405,0.7723105503109431,-0.8598699510432187,0.23637715102316323,-0.0052107597040024186,0.3421249482670949,0.7941451013999841,-0.8726274695258333,-1.149926711256571,0.20179139169817292,-0.6648813298155464,-1.0899443568808573,-0.17730250308028428,-0.4385020692014777,-0.7192535184037778,0.506280418139323,0.36909507656128593,0.23638866577426285,-0.6418381130257917,1
-0.4577006284139859,-0.46278637473902035,-1.6032360836506476,-0.4281154315628296,1,0,0,1,0,0,-0.29363875058271866,-0.2727807210965086,-0.5920036137852022,0.13564031376698307,-0.48307252103177484,-0.31461315650707083,-1.4560475096204903,0.7745148933161184,0.3725559828444438,-1.4662225965358677,-1.111620418047084,-0.3526161947155602,1.020500092140305,-1.2280795955517432,0.33085621589122793,5.320613137684468e-4,-1.1086687296136917,-0.6811753872106279,-0.47521987007162214,-0.009609152108405178,0.7975868443988222,-0.7316015036654421,-0.5087618389391193,0.8814352009203216,0.7801258005638595,0.009609152108405178,0.4752198700716215,-1.2052179168904753,0.11577027848446049,-0.50962681956267,-0.43158727602782254,-0.8185181077439823,-0.2140147004052217,-0.05703537174666111,0.17890935030013266,-0.5423417704240322,0.6951622885689447,-0.7105613285614767,-0.10431677179808911,-0.3477381696360611,0.008440404549195996,0.506280418139323,-0.7833178721512579,-0.8769950965056176,-0.023255055489598248,0
-1.3572098109173063,-0.46278637473902035,1.7280720791585935,-0.4281154315628296,1,0,0,1,0,0,-0.6595879237025604,0.5959385639696475,-0.5920036137852022,0.13564031376698307,0.2556084424433628,0.3534927299764446,-0.020910677288061258,-0.10989572274278807,0.12516228646723218,0.03657713910231712,0.03746654866984538,0.48977549197875914,-0.12370780304242361,0.4325370927886648,-0.8157263682167404,-0.5879984130543731,0.5023290969974423,0.5259189643269614,0.454702424768406,0.21702702713573208,0.4612627724767018,-0.6663414401959925,-0.7619827373309873,0.44868757859694613,0.46474915861356503,-0.21702702713573208,-0.4547024247684067,0.4659329004628361,-0.7097714541928067,0.22727954162577424,-0.12149526415595328,0.08610074473523979,0.8571550890128092,-0.6279498401920818,-0.8730858650989243,0.07776919801113909,0.5008703430854462,-0.5588081172337243,0.269735101023162,-0.17917664187171697,0.008440404549195996,1.0455744699249259,-0.6186874509066087,-0.5986491559356475,0.34789477903211874,1
0.4932090788038099,1.1605828814630785,-0.15484123025532542,-2.334755631474145,1,0,0,1,0,0,-0.8236341047562825,5.317491840232825,0.23955317834438508,-0.47772831892318285,2.9208951001145946,4.458721671019732,1.0523007893340635,-0.24486981704386698,0.41691630885885506,2.3090113108333297,2.6552261630260583,1.414597428219852,-1.6886653642051457,0.2961573482361516,-0.8881109266148205,1.0830582021017574,1.2347166162745318,1.5831051005906132,0.46715141202740545,1.4660270913572444,-1.1673329305684799,-0.5535985214674135,0.5184304823883588,-1.8950014550044532,-1.9063300498762048,-1.4660270913572457,-0.4671514120274062,0.32667033235006016,-0.7848207026180125,0.19998671343360988,0.7441782689863493,1.263812080981773,-0.34003467563087314,-0.46483142063624716,-0.7069813574043363,0.8219023601333442,-1.0812212129944723,-0.482931511569848,0.14201007127932075,0.39133929825375646,-0.4315605721200442,-0.794369942049485,0.28677986593896093,1.2941032399401495,0.10046155601764112,1
0.8787130141623758,-1.2100515879114147,-0.4445202009343899,-0.13478617003801185,1,0,0,1,0,0,0.4130217216486998,-0.5059510245178798,-0.1826218084290977,-0.3197569635227911,-0.4226099343583775,-0.14199677619740755,-1.1268292520989365,-0.4835416293933137,1.3292394698635708,-1.710140309502291,-1.3198658179717795,-0.05043883528262463,1.7086742738901595,-1.26858842025875,-1.162732884592201,2.32212802160435,-1.7558278033667978,-1.2566068755187718,0.06934332478478145,-0.13756642077256032,0.2993249029078144,-0.5011242176742415,0.5163998314503507,0.569240435349394,0.48905816980383304,0.13756642077256032,-0.06934332478478215,-1.2330704305130304,-1.1600669447440433,-0.4277483349861756,0.7700192699756713,-0.05044549714841698,-1.9782943535643327,1.0032343553662626,1.0648000580046022,-1.0384305451721696,0.41760236644966076,-0.3311783002420958,0.5251851605108457,0.7284623537824456,0.9392117013495113,-0.09645999267988113,-0.12479618717266176,-0.2089648391376897,0.5334696962929761,0
-0.1749977424843705,1.3409572432633117,0.5693561964423357,-0.8681093238500562,1,0,0,1,0,0,-0.21792512855792381,-0.2937137159173798,0.03486227566633282,-0.44416663902126813,0.22349099186228205,0.11737498696219013,0.32792354593546347,-0.47204219665225944,-0.5609044159018783,0.6085316540482467,0.6370680203348363,-0.852327343323638,-1.1182456520395643,-0.24870044827762236,0.005064246664854891,-0.6095149000518466,-0.4967484448527056,-0.7690943564063959,-0.7652983266135058,-0.40345927721687996,-0.7044842307384592,0.6529659801263143,0.15427143378780162,-1.314654260056878,-1.5790905744169925,0.40345927721687996,0.7652983266135052,-0.3139374809687093,-0.10937746679115769,-0.3367722410122935,-0.5866332819637576,-0.7331767065666972,-0.08799472517957138,-0.05703537174666111,0.34501385799472056,-0.4183195767369984,-0.49834537654397587,1.0346006017076752,1.0452084958964885,0.9748215097457181,0.31305646532020776,-0.0647368131630805,2.2623449208747504,2.1848102497640536,0.16231986177126023,1
-1.1516077120594044,0.5163887321765315,-0.4445202009343899,-1.161438585374874,1,0,0,1,0,0,0.8294466427850714,-0.5792165063909291,-0.7839013350458762,2.0422909219878287,-2.0460626161289794,-2.023783637189799,-0.5329931686628411,0.23346066716751637,-0.3673732538093503,-0.7576482380333851,-1.2186001783616884,-1.0183347133138985,0.6308939395976709,-0.7787161959674581,-0.3908273836132459,-0.6688485785554228,-0.46277019164896005,-0.7721831284585092,-0.4019224822967764,-0.9902652685099177,-0.03694407215964018,-0.7119543856739688,-0.16991677290294532,0.5646588898090303,0.8303533823008163,0.9902652685099177,0.40192248229677574,-0.7595776989295921,-0.40957446049198204,-0.1548200530645294,-0.4703487775118068,-0.6136987449184976,0.06953024385249205,0.02452383803125581,0.2342775195316623,-0.4183195767369984,-0.16527347000083534,-0.7864379342253526,-0.49661507743988936,-0.5033334260339178,-0.2623294272472596,0.15732544345452057,-0.04248097655033679,-0.48731077970765985,-0.2706882785040748,0
0.46750881644657266,0.38754990231922204,-0.15484123025532542,-0.4281154315628296,1,0,0,1,0,0,-0.1295925695289965,-0.37104950233893186,0.21396681550962854,-0.4765710196162203,0.2556084424433621,0.08294114943927802,1.35230175998866,0.705216748768325,1.5755830565180293,4.789738699266068,3.9888838156646265,2.5046296102415955,-2.604663334901171,-0.10721626943798662,-0.7717876217128631,0.8595925138172811,0.3841477892537689,0.4759101577602432,0.9704170281043213,2.4535682696765635,-1.9875377490706807,-1.7410920163069,-1.2900672430046252,-6.089713602514273,-4.7211106791409145,-2.453568269676564,-0.970417028104322,-0.17467491285593337,-0.7848207026180125,-0.2821865846279648,0.188596747715916,0.3421249482670949,-0.8126095827270634,-0.05703537174666111,-0.4855086804782194,-0.5423417704240322,-1.858388994928467,-1.6969572021918669,-0.6243401071837319,-1.1386807229918314,-3.054643317648205,0.09387908442092041,0.6160407084282594,2.7971713190179877,-0.45626319576493324,1
-0.9974061379159777,1.109047349520155,-1.168717627632051,3.2385003374973924,1,0,0,1,0,0,-0.15483044353726144,-0.3576756445367086,-0.38731271110714993,-0.22312247139141586,-0.260172276333976,-0.10264381902836514,-3.8063014825906762,1.20939527547221,-1.2738724148880374,-2.8566063771310373,-3.220232576241831,-0.9045333807164364,2.721748538761394,-0.9726267423365905,1.1371675392552298,-0.16622160673265782,-1.5750437647968298,-1.8179179970473984,-1.2987103676458371,0.05436948222367098,4.320917686362467,-0.520743492747541,1.5743895817147842,2.297304486895944,2.4116169680227855,-0.05436948222367098,1.2987103676458365,-0.9266927806649233,1.0163612595869336,-0.07294156848803632,-0.1473362651452761,-0.7502449868021539,-0.49755964466293656,0.35076067714292497,1.2309045656991897,-0.29429738304996345,4.025881354000352,-0.482931511569848,0.023408257945752128,0.8321925247143505,1.8192136546879905,-0.9847090191502859,-1.853415610241477,-2.046048046899492,0.5334696962929761,0
-0.5348014154856993,-0.6946962684821769,-0.15484123025532542,1.0385308760612593,1,0,0,1,0,0,0.07231042253712305,-0.46059620240599214,-0.4896581624461761,-0.1305385268344097,-0.60991766530203,-0.25334775727799347,-1.2216893914976246,0.4835795960160422,0.09846406861824264,-0.8122507933569504,-0.9554750109247099,-1.457829546463434,0.28028468416909075,-1.2175764808240017,-0.5090867062197161,1.472057744991275,-0.8875107268185126,-1.4474636445207225,-2.3498765620089648,0.3422733367180179,0.4822007647213694,-1.1737200583018887,1.3446723886415377,0.21725797537948258,-0.17100221342325295,-0.3422733367180179,2.3498765620089634,-1.246996687324308,-0.7472960784054096,-1.0327393599124919,-0.21839901786591248,-0.5454256239766699,-2.450869260660523,-1.0357458890816678,0.012804842605544792,-0.6353584156893081,0.19555442875423396,-1.2416975682086098,-0.7885580025686714,-0.0495139282068366,0.04228663352375219,-1.9681275841710915,-0.6186874509066087,-0.5429799678216537,-1.0748462533011267,0
-0.1749977424843705,0.0010334127472937634,-1.168717627632051,0.3052077222492148,1,0,0,1,0,0,0.7032572727437467,-0.5547946790999126,-0.3361399854376369,-0.2584201002537745,-0.7291176299717088,-0.22696338826693094,0.2919603631774679,-1.2307351982866428,-1.0162771809555526,-0.6288306882095905,-0.9991563215178754,-1.3205621202303,0.5455600436127205,-0.6874839771028144,-0.4734629102740632,-0.9238793019479872,-1.3602796402429687,-1.781181998815461,-0.9116105415751553,-0.8969649934967807,-1.0929038816460466,1.2149179339131397,0.4608753519758298,-0.49932031513737446,-0.44002539027938453,0.8969649934967807,0.9116105415751545,-0.6760201580619267,-0.4846237089171882,-0.1548200530645294,-0.5995537824584191,-1.05747403104038,-0.05648973137315825,0.2692014673650073,0.8433273810784847,-0.728375060954584,-1.1367331974183288,0.6552175733882943,-0.989268763594709,-0.6329961396987983,-0.7700228618656133,-1.1116017372174867,0.36909507656128593,-0.04195727479570725,-1.136704559054746,1
-0.4577006284139859,0.49062096620506923,-1.168717627632051,0.3052077222492148,1,0,0,1,0,0,0.03445361152472564,-0.44373351213362366,-0.06748317567269331,-0.415812806000685,-0.08171727915357603,-0.019913170434355545,-0.3002589759526058,-0.22463268691852348,-1.05039098065691,0.15113751266868802,0.1443095524639163,0.2990116520604851,0.3163027183906234,-1.1531509450031001,-0.6860168079897024,0.9771636227950783,-0.8506510596859816,-0.3560212102741983,-0.31054414497595056,0.7158101325491454,-0.7346974219079776,-0.3789211660813135,2.417874862472668,-1.0476680584618965,-0.5351949038295011,-0.7158101325491454,0.3105441449759499,-1.1495128896453646,-0.7848207026180125,-0.600602913536552,-0.04397226118798574,-0.3747428216220998,-0.9386295579527137,-0.22015379130249568,-0.09793149585751397,-0.6663639641110671,-0.6371253376036178,-0.2553016945782196,0.36096726512590627,1.6101688067036326,0.9899810448113461,-1.6191726094862895,-0.5363722402842841,-0.26463402725168356,-0.20882997275045564,0
-0.7661037767008384,-0.5916252045963298,-0.15484123025532542,-0.4281154315628296,0,1,0,1,0,0,-0.81101516775215,4.535411894841942,0.32910544826603294,-0.4927732099136964,2.516123778139131,3.868874506179199,-0.19114942835019252,0.5464733915780754,0.8596306655538655,-0.08508374070812605,0.3449340628853269,-0.3048716947275607,-0.17273103780102914,-0.633015716443607,-1.2339859745842063,1.8857920464919358,-0.9535447458717288,0.13113786578306416,-0.11972941589683889,-0.2970624528398517,-0.36670391205982555,-1.9862319402613706,0.7198952240228349,-0.830576002772336,-0.32040057320681936,0.2970624528398517,0.11972941589683818,-0.7595776989295921,-1.3101654415944555,-0.9372144612399159,0.05939174276930372,-0.32353798091572933,-1.348194477436079,-0.38327221085833024,-0.3747723420151606,-0.790386157798101,-0.3318094232724056,-1.848710413519619,0.0963939892279486,0.45617065508619664,0.0761328624983096,-0.2550758902638815,0.2044646553166367,0.06938110143228039,-0.332546584257695,1
-1.3315095485600683,-0.17934094905293926,0.5693561964423357,0.5985369837740325,1,0,0,1,0,0,0.29945128861150755,-0.49432158295072914,-0.23379453409861076,-0.2896671815417641,-0.4115254920740382,-0.1563069424406957,1.4574963300899648,0.4894414707424978,1.680333852790706,0.537876792564318,0.8415866870644233,0.9882593695197756,-0.511757277107857,1.714788668377384,0.8343756561844261,1.852859834365507,0.7099484470557176,0.8183023741214955,0.4407888507730546,0.9106988955914741,-0.31328749368052305,0.1640854370837836,-0.43512722386607877,-0.02266411856272207,-0.295190912007766,-0.9106988955914734,-0.4407888507730553,1.050835686536495,0.26586877533487285,-1.1737523055720087,-0.18609776662925942,0.10316902497069583,-2.1043143287899837,-0.7910682597479163,-1.0391903727935126,-1.1624527388592034,-0.49834537654397587,-0.17942508891434333,-0.9436526815433369,-0.996051737960463,-0.939254006738398,-0.5723076854318833,-0.6186874509066087,-0.26463402725168356,-0.76555472453303,1
0.46750881644657266,0.5163887321765315,-0.15484123025532542,-1.161438585374874,1,0,0,1,0,0,-0.1295925695289965,-0.37104950233893186,-0.7839013350458762,2.0422909219878287,-1.4816227148492067,-1.8636886523430127,-0.0792133685116311,-0.11135970258378794,0.7564700835160523,-0.09176077624026215,-0.08212583305742698,-0.006340086347821885,-0.03698755385582099,0.03959407455834261,-0.8091908753435241,0.8418170393138499,0.6217624100299588,0.8479965037517697,1.0713719007766844,-1.0712207285677868,0.1497100499585605,-0.6577849686296644,-0.188175006079615,0.7404918513085599,0.9346711419531697,1.0712207285677868,-1.071371900776685,-0.17467491285593337,-0.9349191994684248,-0.8007503202790929,-0.28946177058654887,-0.03337721691295973,-0.9701345517591269,-0.30171300108041293,-0.762349526635866,-0.790386157798101,-0.05424950115312168,-0.7864379342253526,-0.6882026220556532,-0.671894953798262,-0.36386811417093057,-0.0012904541294803558,-0.12479618717266176,-0.5986491559356475,-0.5181215015185524,0
1.110015375377516,0.5163887321765315,3.176466932553916,-1.161438585374874,1,0,0,1,0,0,-0.36935237260751347,-0.22684442690626339,-0.34893316685501513,-0.23990331134237325,0.04002032554113901,0.010943125527734526,2.0907520399646615,0.026659676867331793,1.6547415604416493,0.8027282613326873,1.5190591916609884,1.261054752150559,-0.9437236348996823,3.890479567434858,-0.7123637023210256,1.5543168495908504,2.1324195412964078,2.24804654408061,0.4407888507730546,1.282759261399553,0.9800797375398693,-0.7502215620404804,-0.7001486112008859,1.0300366212557437,0.21992855698952768,-1.282759261399553,-0.4407888507730553,3.724676994301793,-0.6347222057676005,0.1272058382545045,0.9250652759116064,1.8612018892227682,-0.9701345517591269,-1.6882195673050053,-1.980449249729511,0.44983577907224165,0.8894542340524437,-0.7105613285614767,-0.031331040515893936,-0.38663698373552574,0.025363519036474696,0.09387908442092041,-1.1948939252628807,-0.8213259083916238,0.038603250264021984,1
-0.6633027272718879,0.28447883843337485,1.0038746524609323,0.5985369837740325,1,0,0,1,0,0,-0.07911682151246661,-0.390819553003088,0.43145089960505906,-0.5049248526368034,0.3315149387080289,0.08964903986581935,0.14752592423312783,-0.4156407835727291,-0.7453483787747599,0.9637686484292113,0.8770335456092324,0.9467390656728271,-0.611057760863908,0.02728103637253153,-0.8174715471879854,0.4100258372186047,0.32930149096538586,0.40871925314444224,0.4884925330428311,0.8067582219688989,-0.17787949872455427,-0.24844503100223492,1.4309526267672936,-0.9754595453678924,-0.7411517629082786,-0.8067582219688989,-0.4884925330428318,-0.007559831120602114,-0.7848207026180125,-0.10023439668020068,0.12399424524260985,0.2567835470898098,-0.30852968182446,-0.13859458152457876,-0.3747723420151606,-0.17027518936292965,-0.24854144663662048,-0.3311783002420958,-0.323273965644676,0.4302381123532211,-0.008482709938082702,-1.397110352868688,-0.12479618717266176,0.29205785388825667,-0.3944048900113141,0
0.4932090788038099,-1.3388904177687242,-0.15484123025532542,0.5985369837740325,1,0,0,1,0,0,-0.8236341047562825,5.317491840232825,0.29072590401389814,-0.48930131199280863,2.9508219424928734,4.467665524921787,-0.9044001641533711,-2.0615290002505335,-0.3183322781614978,0.3377684415721349,0.41647179772138027,-0.07199601157190436,-0.09021290527337755,0.5785631302995242,-1.3933855726461235,1.6909655787650535,1.5201905488950405,2.0377997853179344,0.4073962731842086,-0.5022446364654003,1.8356839065901505,1.4336501712444327,2.1344282190013515,1.0510915522548903,1.4480811306718964,0.5022446364654003,-0.40739627318420935,0.18740776423728422,-1.4602639384448675,-1.073678602200739,-0.1602567656399366,0.4445346296798359,-1.5057194464681423,-1.1173050988595852,-1.3713993881826885,-0.29429738304996345,0.917210226264372,0.5034643620605421,-1.6370171287241937,-0.5292659687668935,-0.11002139686175369,-2.285359379339093,-1.3595243465075295,-1.6563637301015341,-1.4459960878228426,1
-0.6890029896291251,0.28447883843337485,1.0038746524609323,0.5985369837740325,1,0,0,1,0,0,-0.4703038686405733,-0.1338088943690579,0.43145089960505906,-0.5049248526368034,0.8101145114933384,0.2873082111012369,0.9464900935854873,-0.5779366536952196,-0.25695244999595585,0.9619249207724176,0.5734602138302068,-0.0758231352534467,-0.5454858899269436,1.1276708370280413,-0.8862807372211378,0.9618304517870194,0.7155103724485764,0.3469415982857326,-0.31054414497595056,0.2045801889163758,-0.1893621018358875,-0.09462039198037057,1.3178094525732988,-0.5900106724568317,-0.40680541972338097,-0.2045801889163758,0.3105441449759499,0.577342954953057,-1.0850176963188372,-1.2010451337641732,-0.5995537824584191,-0.3064697006802721,-1.7892643907258567,-1.0357458890816678,-1.0391903727935126,-1.3484860293897554,-0.24854144663662048,-0.17942508891434333,-0.2776578835933038,0.4172718409867329,0.1438253204474232,-1.2702176348014877,-0.12479618717266176,-0.04195727479570725,-0.5799798072721716,1
0.5189093411610479,0.49062096620506923,-1.168717627632051,-0.13478617003801185,1,0,0,1,0,0,-0.7605394197356201,2.049618759863483,-0.8478672421327675,5.294301974552671,-1.1907743066096708,-2.5152484091077265,-0.36438247212687874,0.6581689637209379,-0.9764933477393465,-0.6010060893867023,-0.8361883012867397,0.8030664734811249,0.7538697083231488,0.06172606266441283,-0.5485861163293523,0.10319897498752247,0.6211562809625985,0.8238696301061267,1.3891927962267179,-0.28249761283093816,0.568358652063557,-1.4529190865495467,1.4386041364717335,1.42784838839388,1.8914340853881804,0.28249761283093816,-1.3891927962267185,-0.14682239923337803,-0.7097714541928067,-0.7643598826895395,-0.5995537824584191,-0.34060626115118536,-0.34003467563087314,0.10608304780917345,-0.4855086804782194,-0.6663639641110671,0.27882240539001907,-1.4693273852002382,-0.7520651369275744,0.028283699992091807,0.600749411603942,-1.1116017372174867,-0.9479482933959068,-1.1553410370755877,0.038603250264021984,1
-0.6890029896291251,-0.7719995663965628,1.0038746524609323,-0.13478617003801185,1,0,0,0,1,0,-0.4703038686405733,-0.1338088943690579,-0.8350740607153893,4.516018190620338,-1.7716309479173185,-3.592982804305365,1.0104297584663895,0.3676980842931225,-0.8385621374207757,1.5376300032125607,0.08184598159967255,-0.444254487699681,-0.3591800159174063,0.805020757954721,-0.7661496359889142,0.6078722663165174,0.9595041559006012,0.2548537105305241,-0.2971274843375756,-0.31122271395962636,-0.6006599196569463,-1.2721890466467294,1.757195538522314,-1.1258110384286095,0.14241126051772449,0.31122271395962636,0.29712748433757485,0.4102278732177254,-0.9349191994684248,-0.9554096800346926,-0.5349512799851129,-0.15285517856115927,-1.6002344278873806,-0.7910682597479163,-0.762349526635866,-1.1004416420156866,-0.7759052986632599,-1.3934507795363622,-1.1991027410310207,-0.2569742700706454,-0.6684841749419423,-1.2702176348014877,-0.20711139779498602,-0.3759724034796717,-1.136704559054746,0
-0.4577006284139859,0.026801178718756015,2.8867879618748513,0.3052077222492148,1,0,0,1,0,0,-0.4198281206240434,-0.1966078788316716,-0.31055362260288033,-0.2584201002537745,0.16294108582723432,0.04850731191636592,1.847158184898219,-2.034152567825968,1.3798442913136748,0.2473489257579575,1.1065654942439576,1.0657048373794553,-0.35406007391419186,1.7311502393865588,-1.4536578208885447,2.705898537849702,0.035583545717887584,1.0785550105338546,1.652616263271448,-0.18555039652161812,-0.8387734992428105,1.335695743420298,0.8328737033955882,-0.29886840625867345,-0.3855902935427389,0.18555039652161812,-1.6526162632714487,1.7471485271003746,-1.3101654415944555,0.2909628074074919,1.70029530559128,1.6393142461618264,-1.3166894836296663,0.2692014673650073,-0.4301405112466897,-0.10826409251941274,-1.0257092285706153,0.4275877563966659,-1.6461403451344683,-1.060883094792903,-1.0915620371239039,-1.8729580456206907,-0.6186874509066087,-0.7656567202776299,-1.6934293108373202,1
-0.2263982671988458,-0.978141694168258,0.5693561964423357,-0.4281154315628296,1,0,0,1,0,0,2.4825273903264256,-0.7181883331183798,3.3866758070194383,-0.7375420133362814,0.14206605240878534,0.017651015954275845,-0.20726912480462864,0.736749459880185,-0.7391592250442498,1.3487016948840902,0.9197364033020661,-2.4972046976320805,-6.391560961943835,-0.6690313588239767,1.8823499006326354,-0.5446183583808053,-0.735464599896826,-1.9932427783481088,-1.8632990028572278,-1.5578921029446724,-0.3802754872501079,0.8744850532546621,0.4631664952376553,-2.55128308645974,-3.141715989099977,1.5578921029446724,1.863299002857227,-0.7595776989295921,1.3165582532877582,-0.7598110779908457,-0.8967252938356269,-1.1001447316290225,-1.348194477436079,-0.6279498401920818,0.2896456887631914,-1.1004416420156866,-0.47058938433204756,0.5793409677244183,-0.5331079430809875,-0.23104172733766892,-1.1931007240475748,-1.8095116865870906,5.554953345767732,4.467246962437809,-2.9305954259097073,0
-1.1516077120594044,0.4648532002336079,0.27967722576327125,-0.13478617003801185,0,1,0,1,0,0,-0.40720918361991093,-0.19718935091002915,-0.1442422641769629,-0.36199838822692515,0.31717451005843855,0.12810761164465626,0.6991392036909757,0.0878886458927746,-1.016817065654558,-0.026462240294936008,-0.07940903290348396,-0.1679004534212484,-0.1463500677982803,0.888570728126845,-0.6213151825680735,-0.15574724234466125,0.2875974671379611,0.4570990586388542,0.5581846313588362,-0.7825969144484197,-0.08432067983272182,-0.7430498352211617,1.233512033973529,0.320925504786695,0.5495038955566004,0.7825969144484197,-0.5581846313588369,0.744458036688388,-0.6347222057676005,-0.2185033188462471,-0.26362076959722697,-0.135786898325702,0.19555021907814235,-0.05703537174666111,-0.319404172783631,-0.29429738304996345,-0.3318094232724056,-0.9381911455531051,-1.0257616292358074,-0.32180562690308556,-0.1777138548108673,-1.4605567119022886,-0.12479618717266176,-0.48731077970765985,-1.0129879475475077,1
-0.07219669305541997,1.3151894772918502,0.5693561964423357,-1.6014324776621007,1,0,0,1,0,0,-0.09173575851659908,-0.3832604159844401,7.774737033180183,-0.7954069786844103,1.5930368174180816,0.319953277843738,-0.5345330085239733,-0.8786602157640838,1.0705937373952508,-0.6133000016758122,-0.0043835335469013924,0.06193162361934313,0.054847089301994216,-0.896258830010295,-1.7821682454248773,0.8527392205620126,-1.093324066424156,-0.7489421432424211,-1.0618771407249559,1.13762416762706,-0.15225010232186909,-0.5793483042657563,-0.6066168253139171,-0.25559269340796953,-0.7254974248173683,-1.13762416762706,1.0618771407249543,-0.9823978079100336,-1.760460932145692,-0.9918001176242447,-0.4574282770171454,-0.8355863879794388,-1.2536794960168407,-0.5463906304141645,-0.09793149585751397,-0.9144083514851348,-0.16527347000083534,-0.5588081172337243,-0.058700689746716966,-0.3607044410025493,-0.4315605721200442,-0.033013633646279864,-0.37174181903963527,0.18071947766026855,-0.2706882785040748,0
0.5703098658755232,0.28447883843337485,-0.15484123025532542,-0.8681093238500562,1,0,0,1,0,0,-0.07911682151246661,-0.3884936646896579,-0.6559695208720935,0.4481111266468789,-0.8813816535575657,-0.6450885581880066,-0.1663056659133842,0.4674564764231681,-0.8010884585535133,0.2457880297768617,-0.08738199946506602,-1.274431299247911,-0.611921195515944,-0.3840838073901615,-0.04683298193216757,-0.45948614749129435,0.30345500445012263,-0.1735626100245142,-0.9306920144830665,-0.8151232831568466,-0.15251993804145275,-0.6885149372644885,0.6333754939112608,-0.031142983406504385,-0.055849228545658956,0.8151232831568466,0.9306920144830657,-0.45320004908148526,-0.18442671521636386,-0.4277483349861756,-0.5866332819637576,-0.4430159425639276,-0.2770246880180474,-0.709509049969999,-0.3747723420151606,-0.23228628620644656,0.0012624832707351544,-0.482931511569848,0.6711566230752374,0.9229564242797662,0.854596128913119,-0.1916295312302808,1.1099319721622063,0.7374113588002092,0.34789477903211874,0
-0.2006980048416086,-0.46278637473902035,-0.15484123025532542,2.9451710759725747,1,0,0,1,0,0,-0.4576849316364408,-0.13671625476084556,-0.438485436776663,-0.19303268941038887,0.05144053786971456,0.04403538496533837,-1.8339490997247523,0.6318900382484184,-1.0629558299065107,-1.7004963819071863,-2.2493058221957782,-2.1645903466821057,1.3692479078728639,-1.023355850156699,-0.4038336111798928,1.20885059966923,-2.1062953029021396,-1.770273902919707,-1.3500596596423822,-1.6132703306944058,1.527625758795896,-1.2718405546364582,2.667874500273465,0.20869453807073368,1.195879820433531,1.6132703306944058,1.3500596596423813,-1.17736540326792,-0.8598699510432187,-1.746901697607466,-1.0000892977929163,-1.6548638392813753,-2.072809334983571,-0.46483142063624716,0.17890935030013266,-1.7825637072943747,1.4723300705029398,-1.1658209625447336,0.14201007127932075,1.519404907138216,1.5315207084042572,-1.3653871733518879,0.2044646553166367,-0.48731077970765985,-0.08511336124321738,0
0.6731109153044746,-0.978141694168258,-1.6032360836506476,-0.4281154315628296,1,0,0,1,0,0,-0.44506599463230834,-0.1541604171115716,3.3866758070194383,-0.7375420133362814,1.5495724339009065,0.45142793020394784,0.0062960417092942965,-1.2148661446269857,-0.8843899992143144,0.7486008492764259,0.8137516564218522,-1.9851720945195397,-3.9730223205082518,-0.9958173889060292,-0.7211443253337344,-0.34926103172097966,-0.5841339841606542,-1.1290443093095512,-0.946287449071263,-1.7690215962405276,-1.003763800895941,0.9450153553461468,0.8580171018922322,-1.5905287112201416,-2.160209025017975,1.7690215962405276,0.946287449071263,-1.038102835155144,-0.8598699510432187,-0.7916527108817039,-0.8321227913623208,-0.9892009100985523,-0.8756195703398886,-0.6279498401920818,-0.26403600355210183,-1.1004416420156866,-1.0257092285706153,0.5793409677244183,-0.669956189235104,-0.16621037050522874,-0.7700228618656133,-1.9681275841710915,3.908649133321241,2.7971713190179877,-2.3120123683735136,1
-1.1516077120594044,-0.07626988516709207,0.27967722576327125,-1.161438585374874,0,1,0,1,0,0,-0.40720918361991093,-0.19718935091002915,-0.5152445252809326,-0.08135330628850015,-0.16304843508461828,-0.08878084548017975,0.5573591929393644,0.6577121269420207,-1.1427637798151742,0.6312201723251215,-0.3511548174979256,-0.3734497228291034,0.08233158768465079,1.0727543850980392,-0.6010295407846791,-0.03340510692368368,0.8223377127024258,0.8752089435235237,0.9153149533513734,-1.417139107414103,0.29686201630131326,-1.5048287350930252,1.5286274589385125,-0.0373217306596885,1.3109896486453936,1.417139107414103,-0.915314953351374,0.8837206048011639,-0.6347222057676005,-0.2912841940253525,-0.26362076959722697,0.06903246449978255,0.038025250046078915,-0.30171300108041293,-0.7069813574043363,-0.23228628620644656,0.1400424443303771,-1.4693273852002382,-0.44187577897824326,0.36540675552078095,0.3299795798074865,-0.3819686083310823,-0.28942660841731066,-0.8769950965056176,-0.3944048900113141,0
-0.5605016778429365,1.5986349029779314,-0.4445202009343899,0.3052077222492148,1,0,0,1,0,0,-0.5081606796529707,-0.05821752418257845,-0.11865590134220637,-0.3764646295639574,0.5168663788573931,0.24616648315178347,0.7258846329583313,0.1777420696145014,0.22593950026226622,-0.19796814467186674,-0.5302554435266142,0.39477807400632087,1.2167897729631258,1.1277059722285125,-0.3854274383066973,-2.6407420014230414e-4,-0.21760770672381152,-0.6790755099265574,0.454702424768406,0.08746187929198715,0.11743026797683725,-0.6300693152512952,-0.3091322349805051,0.0516661146114254,0.026372982236622895,-0.08746187929198715,-0.4547024247684067,1.7192960134778195,0.11577027848446049,1.7192874827974407,1.4548057961927168,1.2808803612172301,0.6051151385615076,2.2266225020350205,2.1167952734036595,1.3179911348814817,-0.026493508941193386,-0.7105613285614767,-0.47836864461934153,-0.5551985114998699,-0.4992530300691578,-0.09645999267988113,-0.6186874509066087,-0.6543183440496418,-0.7036964187794109,0
1.3156174742354179,0.5421564981479937,-1.6032360836506476,-0.4281154315628296,1,0,0,0,1,0,7.681529436029003,-0.8019203124018647,-0.5024513438635544,-0.08135330628850015,-2.106272415126002,-0.5538612483870446,-0.8472958165433239,0.14255804301993505,-0.2568298142257427,-0.7553653339812523,-1.4313276356117584,-0.7899757259252812,1.2116191488268224,-0.23426701577719455,-0.5040975683277792,-0.7469837293468866,-0.40320269538096554,-0.6123157749733815,-0.6711839829354725,-0.41176056791003435,0.9441086164900442,-0.7006592657300716,-0.39955164926108916,0.620640943344248,1.262988850281046,0.41176056791003435,0.6711839829354719,-0.17467491285593337,-0.40957446049198204,0.23637715102316323,-0.19901826712392082,-0.34060626115118536,0.5421051509486824,-0.05703537174666111,0.2896456887631914,0.015758101167622184,0.5563823275093027,-0.8623145398892288,-0.8524205174405927,-0.9052878383950472,-0.6346379459673855,0.41111087958892223,-1.277209135885205,-1.545025353873546,-0.7036964187794109,0
-0.4577006284139859,0.28447883843337485,2.8867879618748513,-0.8681093238500562,1,0,0,1,0,0,-0.4198281206240434,-0.1966078788316716,-0.6559695208720935,0.4481111266468789,-0.48783921208039627,-0.4975149688040975,1.1843181814575081,-0.40518214240256134,1.0277466419124028,0.05120544419258637,0.7286270378689211,0.9858077770288127,-0.5550202989119517,1.5467106412615643,-1.2249055966383204,2.2703209219262703,0.08887443924086355,1.1411427668258418,1.5427439112049288,-0.18555039652161812,-0.101368212404773,-0.6709583308087609,0.8764894884102976,0.01895112100317121,0.1668529719461874,0.18555039652161812,-1.5427439112049297,1.5800334453650435,-1.0850176963188372,0.3182556355996563,1.4935672976767,1.4686314438072563,-0.8756195703398886,0.10608304780917345,-0.5408768497097485,0.139780294854656,-0.10976148557697851,-0.6346847228976005,-0.02220782410562002,0.4302381123532211,0.4145951522438788,-0.667477223982284,0.2044646553166367,0.1250502895462747,-0.023255055489598248,1
1.4184185236643685,0.5421564981479937,-1.8929150543297122,-0.4281154315628296,1,0,0,0,1,0,0.009215737516460692,-0.440826151741836,-0.5024513438635544,-0.08135330628850015,-0.5856389688135477,-0.27615458472823395,-1.0510714451543404,-0.3628456206299137,0.38968616031881087,-1.0592352175139679,-1.4483552468704801,-0.7313747334095902,1.1174069579676031,-0.6987708237441038,-0.9835411426588385,-0.03535980879670075,-0.2992854994670202,-0.24640887122934904,0.23272740579640636,-1.2283241134096814,0.7633368566833516,-0.4872729241238319,-0.5682472334731851,1.1341920645710195,1.6423624523670959,1.2283241134096814,-0.23272740579640636,-0.6760201580619267,-0.9349191994684248,-0.09113678728281299,-0.09565426316663046,-0.20406001926752979,-0.05648973137315825,-0.13859458152457876,-0.26403600355210183,-0.6043528672675491,0.4731143508735179,-0.6346847228976005,-0.6608329728248301,-0.8274902101961188,-0.38079122865820925,0.728342674756924,-1.1125787146405561,-1.6006945419875402,-0.5181215015185524,1
1.4184185236643685,-0.46278637473902035,-1.8929150543297122,2.9451710759725747,1,0,0,1,0,0,0.009215737516460692,-0.440826151741836,-0.438485436776663,-0.19303268941038887,-0.4774820232488,-0.1898463945734023,-1.7783955518582755,0.3443660150224506,-1.6860065219381495,-0.19884789965494762,-0.9087119675019403,-1.1629713475503412,0.16556186591915148,-0.6876466013788655,-0.5790772999635578,0.00418704708217648,0.047204150466047395,0.017749676997417738,-0.06904425348519842,-1.5176769613645098,1.7858139240016537,-1.0527600898028584,2.3090349755625863,0.31543751140335924,1.1986991676915943,1.5176769613645098,0.06904425348519772,-0.7595776989295921,-0.7097714541928067,-0.6642861793182697,-0.5607922809744348,-0.5112890635057554,-0.49755964466293656,-0.709509049969999,-0.762349526635866,-0.9144083514851348,1.9441819381057224,-0.8623145398892288,0.6255405410238652,1.8176291485674405,1.8699829981498264,-0.857816301083085,0.28677986593896093,-0.3759724034796717,0.47161139053935697,0
-0.7661037767008384,0.4648532002336079,-0.15484123025532542,0.3052077222492148,1,0,0,0,1,0,-0.16744938054139394,-0.3489535633613456,-0.2721740783507456,-0.28677393327435763,-0.10454527609202235,-0.04674473214052082,-1.181720738706216,0.16585387242714728,-0.001409147486430512,-1.1021142327677778,-1.1894660980668474,0.6689942986514728,1.2899300446085704,0.16222786526396668,0.1314998490770561,0.16866140666048335,-0.15309001399646802,0.09005226984652279,0.3735052989149339,0.5419904249708541,1.8053076249424338,-0.0959059828269676,0.17141479987040661,1.337083788688583,1.6342826969897422,-0.5419904249708541,-0.37350529891493456,-0.03541234474315745,-0.10937746679115769,-0.6642861793182697,-0.4832692780064673,-0.5112890635057554,-0.43454965705011084,0.02452383803125581,-0.1532996650890431,-0.5423417704240322,0.9727222106882286,-0.5588081172337243,-1.4727992333392537,-1.1775795370912954,-0.6684841749419423,-0.6992004034990842,-1.7711003996191523,-1.823371294443516,-0.8274130302866491,1
0.9815140635913272,0.5163887321765315,0.5693561964423357,-1.161438585374874,1,0,0,1,0,0,0.11016723354952047,-0.4617591465627072,-0.3617263482723934,-0.2265943693123036,-0.44176483251536497,-0.1800081552811417,-1.2366372949355744,1.0969790394529948,0.04891655760790727,-1.3956794535079,-1.1901218395062407,0.6199155574684766,1.6670560205740488,-1.213895679403858,0.44442709355840293,-0.719824542083236,-1.373218492450962,-1.7252989844572295,-0.9053494332772455,1.7434054285905087,0.5066640017336006,-1.0604208520282348,-0.7902248181438423,0.5238129494602919,-0.13720197739937717,-1.743405428590508,0.9053494332772448,-1.1216603760228097,0.491016520610491,0.21818193222838655,-0.19901826712392082,-0.71610842633123994,0.1010352376589052,0.758556726032511,1.4523772426253072,-0.046252995675895824,0.3065783976019474,-1.0899443568808573,-0.49661507743988936,-0.8015576674631424,-0.5669454880182719,-0.15990635171348128,-1.3595243465075295,-0.8213259083916238,-0.2706882785040748,0
0.3904080293748593,-0.46278637473902035,-0.15484123025532542,-1.6014324776621007,1,0,0,1,0,0,-0.2684008765744537,-0.279758386036799,-0.34893316685501513,-0.22833031827274747,-0.08883385827611308,-0.038695263628671234,0.916920068418735,-1.2023537973264053,1.2991059046451252,0.6673156723781313,0.9498754924909976,0.5119499712755505,-0.6069137792604339,-0.07449143754926794,-1.2136793984677217,1.9677620697452134,-0.1672529069044837,0.5835490195423043,0.4407888507730546,0.2610696854503818,-1.349430642138931,0.43443094207109667,0.20148981788806042,-1.0673455412338024,-0.6651626223246265,-0.2610696854503818,-0.4407888507730553,-0.11896988561082296,-1.1600669447440433,-0.17301527185930607,0.8475422729436388,0.7346953936826055,-1.1906695084040155,0.10608304780917345,-0.09793149585751397,0.20179139169817292,-1.2755131584779709,0.35171115073279,-0.13168642102891215,-0.010615114107371936,-0.4315605721200442,-0.12818317219668063,0.28677986593896093,0.45906541823023866,-0.2706882785040748,1
-0.9974061379159777,-0.02473435322416849,0.27967722576327125,-0.13478617003801185,1,0,0,1,0,0,0.12278617055365294,-0.46408503487613734,-0.4001058925245282,-0.21444272658919655,-0.5031741488122929,-0.19118797265871057,0.2611415227383629,-0.2708935758355597,-0.1518330266000403,0.34461690347076634,0.35681368251124884,0.3440255697636564,0.11944179005692225,-0.14030039315372034,-0.33098786430713667,0.08094174821871787,-0.1077381135148216,0.03919113556645931,0.3758588387947461,0.0964376253461319,-0.503310143987284,0.04023355779912106,0.2888994847661276,-0.5723864728715087,-0.4256127466139486,-0.0964376253461319,-0.37585883879474674,-0.03541234474315745,-0.18442671521636386,0.4456221671630917,0.42116575661981864,0.3591932285025509,0.3530751881102058,0.758556726032511,0.6218547041523672,0.3258135853852078,-0.47058938433204756,0.04820472807728505,0.041654690766301246,0.1838789563899486,-0.0592520533999176,-0.2233527107470814,0.12214944469431245,0.18071947766026855,-0.20882997275045564,1
-0.6633027272718879,0.5936920300909173,1.0038746524609323,-0.8681093238500562,1,0,0,1,0,0,-0.4703038686405733,-0.10764265084296887,-0.041896812837936774,-0.4256498501098669,0.5097838306577802,0.24616648315178347,0.527392589162176,-0.10741264340689693,0.35515118976525556,-0.023935998986004296,-0.6086301056303087,-1.1059592084567031,-0.11695158122007042,0.5785631302995242,-0.9656135538218689,0.7000517890838361,0.29993762665098717,-0.15169074834980412,-0.5860329100839196,-0.9271761482887021,-0.15525877059522766,-0.8199032366641485,0.2179809612476976,0.32974900669333995,0.6431524540109975,0.9271761482887021,0.5860329100839188,0.24311279148239442,-1.0850176963188372,-0.9008240236503626,-0.44450777652248397,-0.3064697006802721,-1.537224440274555,-0.709509049969999,-0.5408768497097485,-1.0384305451721696,0.05677446769459199,-0.5588081172337243,0.9266066825629212,0.9099901529132779,1.0069041592986248,0.8552353928241243,0.9453015509175579,0.514734606344233,0.7809029193074537,1
-0.5091011531284612,-1.3131226517972627,-0.4445202009343899,-0.4281154315628296,1,0,0,1,0,0,-0.3062576875868511,-0.2559180308241401,2.1201508466989902,-0.6999297858599977,1.1165715901887325,0.3441016833792867,1.2642825099638666,1.534198646398282,-2.086644296384104,2.36571220464507,1.1589385014020785,0.52595907122391,-1.3492506228982377,1.2132560518222624,0.785139726559928,-2.015895471841124,1.234600836366139,0.05297401710338991,-0.31054414497595056,1.0253393444399002,-0.5457444545326192,-1.3192000475339432,0.8267321191726341,-1.971715509882737,-1.4549579948083862,-1.0253393444399008,0.3105441449759499,0.5494904413305014,0.11577027848446049,-1.4375829780962672,-2.0595703383551376,-1.6207272788104614,-0.11949971898598452,-1.0357458890816678,-1.0391903727935126,-1.4104971262332722,-0.6093693453916895,-1.317574173872486,-0.5102999020553015,-0.03654765684034838,-0.8123306480838095,-0.9371242498750855,0.2044646553166367,0.848749735028197,-0.76555472453303,1
-1.1773079744166424,-1.1069805240255675,-0.15484123025532542,1.7718540298733036,1,0,0,1,0,0,-0.1800683175455264,-0.3204614315218264,-0.5408308881156891,-0.046634327079622846,-0.49340103165094684,-0.210417258548129,-1.037411278353621,-0.3180846805482731,0.6423801638806077,-0.7633881999387178,-0.4342902878644589,-0.4003854986518655,0.5419040464647756,-0.08016236723416646,-0.7635540598106397,0.8839140062625528,0.18706552089854298,0.35479099443248485,-0.33645217931212407,-0.21238889143210804,1.362448343125243,-0.32833048876779497,0.010093128064400788,1.21677917677171,0.9109829956091665,0.21238889143210804,0.33645217931212335,-0.3139374809687093,-0.9349191994684248,-0.9645072894320803,-0.4186667755331612,-0.32353798091572933,-1.222174502210428,-0.709509049969999,-0.6516131881728072,-0.8523972546416179,1.5555980471387252,-0.1035484832504671,0.7167727051266096,0.6117659114840535,1.1084428462222957,0.47455723862252236,-0.4540570296619595,-0.5986491559356475,1.0283361423219313,1
0.3904080293748593,-1.0296772261111817,0.27967722576327125,1.7718540298733036,1,0,0,0,1,0,-0.14221150653312897,-0.3576756445367086,0.815246342126407,-0.5674190152127826,0.5599951614286056,0.16343583455777386,-0.3379544282830317,-0.853394438734631,-0.14492947641820758,0.6124563133815117,0.6933677209799457,-0.8651915353858262,-1.6181643034437412,0.8111476427168457,-0.25542721987612726,-0.8063229236453953,1.0539106507993559,0.8262414672204191,-0.10705812529392912,-1.0738391183151534,1.2804230263920326,0.9154292675856925,-0.6121533273474155,0.21765079360465453,-0.094748017739058707,1.0738391183151534,0.10705812529392841,0.5494904413305014,-0.40957446049198204,-0.5733100853443877,-0.8708842928463041,-0.4600842227993849,0.3215701943037938,-1.1173050988595852,-1.2052948804881005,-0.5423417704240322,1.0004782029001573,0.6552175733882943,-0.44187577897824326,-0.671894953798262,-0.5500223735309933,-0.033013633646279864,1.1922471827845313,0.6817421706862145,-0.7036964187794109,1
0.18480593051695732,0.9802085196628456,0.5693561964423357,-0.4281154315628296,1,0,0,1,0,0,-0.19268725454965888,-0.31115787826810587,0.13720772700535894,-0.46441937689311324,0.26839092480453836,0.11961095043770391,-0.005899241270894731,0.3127600126072976,-1.4587665429156205,1.2197915301333633,0.582748168236367,1.220045458073258,0.0471671479880836,0.11632629832581075,0.28835597506208505,-1.700047274505807,0.8113603214825045,0.1085125063186353,0.7472536253548848,0.9228794432816189,0.12443490524682002,-0.14040424693402764,0.2857991741899262,-0.8433286568247956,-0.6516598171865601,-0.9228794432816189,-0.7472536253548856,0.04814519612450831,0.19081952690966666,-0.20030810005147043,-1.0259302987822392,-0.6990401460957827,0.9516700704320475,0.6769975162545934,0.34501385799472056,-0.23228628620644656,0.19555442875423396,-0.02767187758659086,0.34272083230535716,0.4432043837197094,0.05920974801103089,-0.033013633646279864,0.03983423407198747,0.5704037944582268,0.2860364732784985,0
0.5703098658755232,0.38754990231922204,0.27967722576327125,-0.13478617003801185,1,0,0,1,0,0,0.21111872958258027,-0.4786218368350757,-0.2849672597681238,-0.27577958985821316,-0.41428284775692303,-0.15496536435538744,0.006030086243409168,1.6887648568354308,-1.0723615574855296,0.8947805415875161,0.05542633295326254,-0.31572594980918706,-0.3246831179585395,0.08130726848905723,1.4687351367222223,0.40309265944937617,1.0653525685530576,0.5363020308069388,0.0915777400728132,-0.5214382267650228,0.07285628294990901,-0.846536146775984,1.8710234220462916,-0.15240541487831374,0.4515376029651465,0.5214382267650228,-0.09157774007281391,0.35452284597261524,1.9169522406894068,1.1006500437750428,1.1705547853101694,1.6222459659263704,0.006520256239666901,0.10608304780917345,0.06817301183707392,1.1939689411944467,-0.10976148557697851,-0.9381911455531051,-0.6517097564145549,0.3265079414213163,0.24536400737109418,-1.4922798914190887,0.03983423407198747,-0.2089648391376897,-0.3944048900113141,0
-0.9974061379159777,-0.6431607365392533,0.27967722576327125,-0.8681093238500562,1,0,0,1,0,0,0.12278617055365294,-0.46408503487613734,-0.2210013526812325,-0.29024583119524533,-0.2869274253944482,-0.13260572960024972,-0.5861517416479125,-0.4211191280962101,-0.4337584682245577,-0.3068667706573233,-0.3248441769141126,0.3469275227313146,0.7327505471976276,-0.08453854272632468,-0.4399594917637884,0.10880739283130751,0.03273147125295331,0.30720569706717216,0.6912331826893887,-0.21238889143210804,0.7305883494719935,0.13725745860492575,0.7023032935081754,0.4470131763652845,0.7222399099942183,0.21238889143210804,-0.6912331826893894,0.04814519612450831,-0.25947596364157,0.5638910893291381,0.5374502610717695,0.529876030857121,0.5736101447550955,1.0847935651441794,0.7879592118469556,0.44983577907224165,0.44535835866158957,-0.1035484832504671,-0.6608329728248301,-0.23104172733766892,-0.0423289389126401,-0.7309235830158842,-0.4540570296619595,-0.5986491559356475,-0.3944048900113141,1
-0.6633027272718879,-0.514321906681944,1.0038746524609323,-0.4281154315628296,1,0,0,1,0,0,-0.4703038686405733,-0.10764265084296887,-0.3233468040202586,-0.2520549540654803,0.2325086281867526,0.11200867462095708,-0.10460313905901891,-0.9473179552585314,1.9328221264199854,-0.7838168913587058,-0.08853766526574348,0.5358366738993632,0.49029803975287944,1.0611335511361932,-0.678293524231196,0.48448717159542,0.5208291300370559,0.034479266300266785,-0.24687185720061178,0.9756618166055823,1.205725352524335,0.6207240608478173,-2.155369713051955,1.5753313024208577,0.1487655937606077,-0.9756618166055823,0.24687185720061106,0.744458036688388,-0.7848207026180125,-0.6278957417287164,-0.3023822710812103,-0.08458205761933026,-1.1906695084040155,-0.6279498401920818,-0.5962450189412776,-0.9144083514851348,0.44535835866158957,-0.1035484832504671,-1.6735099943652914,-2.279712603242779,-1.7346403876404854,-0.3185222492974822,-1.5241547677521787,-1.378017789531564,-1.4459960878228426,0
-0.1749977424843705,0.5936920300909173,0.5693561964423357,-0.8681093238500562,1,0,0,1,0,0,-0.21792512855792381,-0.2937137159173798,-0.579210432367824,0.11538757589513797,-0.5384337397623997,-0.3150603492021736,-0.011650026056485447,0.321496042689382,0.9641045885014811,-0.2951543111146883,-0.42189074697196827,-0.17547834941448923,0.6254794544262271,-0.4494412910996628,0.14630353968206927,0.06326548083875329,-0.10629792557798712,-0.06182472835088303,-0.7046860443852642,0.45956749966015986,-0.43287679763696274,-0.2946997337536655,-1.2543875632331916,0.2933312291416704,0.48811881954229697,-0.45956749966015986,0.7046860443852634,-0.6481676444393714,-0.25947596364157,-1.1373618679824566,-0.9354867953196102,-0.9209277891567239,-0.844114576533476,-0.709509049969999,-0.4855086804782194,-0.9144083514851348,-0.49834537654397587,-0.4070549059059717,-0.44187577897824326,-0.9830854665939747,-0.8207922053274488,1.0138512904081252,-0.9479482933959068,-0.8769950965056176,-0.023255055489598248,0
0.3904080293748593,-1.1842838219399534,0.27967722576327125,-0.13478617003801185,1,0,0,1,0,0,-0.14221150653312897,-0.3576756445367086,-0.19541498984647596,-0.31628506560190334,-0.04822239103819603,-0.030645795116821653,0.6532792576205037,0.1479206937485772,-1.4984955324565796,0.6344458008985234,0.5738785531955238,0.7658469892233547,-0.4781112486705865,0.8888923830175571,-0.1838595049122985,-0.9886230124606196,1.207934895359256,1.1693793111982103,-0.10086982058087872,1.1445654112422656,-0.02022991469000868,-0.3872122102208349,1.055022807682579,0.34067221894674954,0.39560107076015033,-1.1445654112422656,0.10086982058087801,0.6330479821981672,-0.3345252120667762,-0.5278220383574467,-0.9225662948249498,-0.4600842227993849,0.7311351137871589,-1.3619827281933365,-1.482135726645747,-0.4183195767369984,-0.3318094232724056,-0.7105613285614767,-1.235595606672119,-0.5940973255993336,-0.4315605721200442,-1.5874494299694895,-1.3595243465075295,-1.0996718489615938,-0.9511296417938885,1
0.4932090788038099,-0.7719995663965628,0.27967722576327125,-0.13478617003801185,1,0,0,1,0,0,-0.05387894750420167,-0.42047462899932225,-0.1826218084290977,-0.3446388986224865,-0.11454579267030884,-0.05703016412788418,-0.42736449924325465,-0.5737870021073396,1.8893661288416534,-0.7870735856921229,-0.7081786222998103,-1.668103423061201,-0.49440484801033957,-0.9748677326024202,-0.9387341766296055,2.201672343087417,-1.0939092442576568,-0.4741450120579885,-1.8632990028572278,-0.42709685071602743,-0.3798156124970835,-0.15286262313275384,-0.370358415935006,-0.021416044661397175,0.4577565732848571,0.42709685071602743,1.863299002857227,-1.0938078624002545,-1.1600669447440433,-1.364802102917162,-0.22485926811324272,-0.6307670251539549,-2.1988293102092213,-1.7697787770829225,-1.3713993881826885,-1.4725082230767892,-0.5816133531797613,-0.482931511569848,-1.0896241441077272,-1.0868156375258795,-1.0238695791747903,-0.09645999267988113,-0.37174181903963527,-0.5986491559356475,-0.9511296417938885,0
-0.5091011531284612,-0.7719995663965628,-0.4445202009343899,-0.13478617003801185,1,0,0,1,0,0,-0.3062576875868511,-0.2559180308241401,-0.1826218084290977,-0.3446388986224865,0.14182996692138966,0.06952536858619539,0.7139307451777573,0.33789585293900537,-1.2875492338616044,1.177375010537162,-0.23298096801932058,-1.695623007073363,-0.5242732115144907,1.0419116685452148,0.5119267661341768,-2.0984641996861932,1.9308451591206903,0.7394114056234146,-1.2649401125490116,-1.0580753433055055,0.04832778256871188,0.04906433395028953,-0.3486312097252199,0.32403532643770905,1.024777991731544,1.0580753433055055,1.264940112549011,0.32667033235006016,-0.18442671521636386,-1.6832184318257484,-2.2662983462697173,-1.6548638392813753,-0.08799472517957138,-1.9328971966387571,-1.814344742034923,-1.2864749325462383,-0.24854144663662048,-0.3311783002420958,-1.1169937933385516,-1.0997819088923677,-0.9223308922511192,0.12560226393772106,-0.7010026615289333,-1.1553410370755877,-1.0748462533011267,1
0.4932090788038099,0.0010334127472937634,-0.15484123025532542,-0.13478617003801185,1,0,0,1,0,0,-0.8236341047562825,5.317491840232825,-0.38731271110714993,-0.21444272658919655,2.3656848029605952,4.255248994747979,0.7833175861269674,-1.0237386940105657,0.8053124956031288,1.2943255270779834,1.466327933696208,-0.02039582676211257,-1.0575766477255661,0.49977612281598627,-1.1756962429590516,1.1689340424632408,1.198976805802254,1.4245515550043408,0.1590389773671773,-0.18555039652161812,-0.5898517583385118,0.22732679866473476,0.07377682148847797,-0.5596654074928195,-0.5155008016308719,0.18555039652161812,-0.15903897736717798,0.2152602778598393,-1.2351161931692491,-0.7825551014843162,-0.12149526415595328,0.3591932285025509,-1.1591645145976028,-0.6279498401920818,-0.762349526635866,-0.046252995675895824,-0.5261013687559044,0.27583454506891375,0.1876261533306929,0.19684522775643593,-0.0423289389126401,-0.033013633646279864,0.6160407084282594,0.5704037944582268,-0.1469716669968365,1
0.9815140635913272,0.49062096620506923,0.5693561964423357,1.7718540298733036,1,0,0,1,0,0,0.12278617055365294,-0.4617591465627072,-0.2593808969333673,-0.28677393327435763,-0.3276585902701996,-0.13350011499045522,-0.6786489640711466,1.0799843825229916,-1.7687209838526488,-1.1563709260888526,-1.343666822223506,0.21583826994772504,1.840204837200031,-1.1849604904621722,0.5230530857895238,-0.5014337356372486,-1.7144493459657022,-1.8853059059102824,-0.70065935430716475,0.9892830742375731,-0.24032065541780212,-0.9583293590624613,1.9140082911999583,-0.13783610537402116,-0.09380159583189525,-0.9892830742375731,0.7006593543071641,-1.0938078624002545,0.5660657690356972,0.21818193222838655,-0.08273376267196997,-0.7502449868021539,0.006520256239666901,1.247911984700014,1.8953225964775422,-0.10826409251941274,-0.27629743884854874,-0.9381911455531051,-0.19554893590083341,0.7932937106148858,0.6853649840403343,-1.8095116865870906,-0.7833178721512579,-0.4316415915936655,0.038603250264021984,0
1.341317736592655,0.6709953280053031,-0.8790386569529866,-1.6014324776621007,1,0,0,1,0,0,0.059691485532990585,-0.44896676083884146,-0.4512786181940413,-0.1247520302995968,-0.5359099903805625,-0.24887583032696592,0.2619640027638155,1.1843244838676286,0.5462106409591952,-0.6156083398976012,-0.7066106467234776,0.5977398039846792,1.3163413669637762,-0.6867720199879285,0.6370037991679611,0.236382547653704,-1.4282318987902116,-1.773532954982208,0.2365429878509938,0.5806453452778549,-1.050481833138029,-0.9873860994909704,-0.5091465806100259,-0.5845631510476426,-0.8128812926812035,-0.5806453452778549,-0.2365429878509945,-0.5367575899491508,0.8662627627365218,0.6912576208925736,0.7183372679970265,0.0519641842643253,-0.43454965705011084,1.8188264531454346,1.839954427246013,-0.10826409251941274,-1.0812212129944723,-1.0899443568808573,-0.8068044353892204,-0.9182541097615345,-1.057715808149347,-0.5088613263982832,-0.6186874509066087,-0.4316415915936655,-1.198562864808365,0
-1.5628119097752085,1.1605828814630785,-0.4445202009343899,-2.334755631474145,0,1,0,1,0,0,1.6244396740454172,-0.6751593993199223,0.2267599969270068,-0.47772831892318285,-0.5578992963523087,-0.15004624470925715,0.2782676705419617,0.7920483985606966,-1.0593687006622197,0.6067337981781752,0.5978754756091725,0.5010605863262615,-0.29586018454291324,-0.9033220411285505,0.5246490125601153,-0.5683202298081235,-1.3077109321293523,-1.383590021754644,-0.3979084468072301,1.078027631536905,-1.2895267096514607,-0.5615294203843944,0.8770854805036642,-2.1163619931740074,-2.1280737621170016,-1.078027631536905,0.39790844680722937,-0.9545452942874786,0.19081952690966666,-0.7461646638947628,-0.8967252938356269,-1.2964299543367779,-0.43454965705011084,0.5954383064766764,0.8986955503100138,-0.8523972546416179,-1.2200011740541141,-0.5588081172337243,-0.12256320461863823,0.3394742127878045,-0.5669454880182719,-1.2702176348014877,0.7806711296729086,1.6281183686241134,-0.332546584257695,1
-0.38059984134227254,0.8771374557769975,-0.4445202009343899,-0.4281154315628296,1,0,0,1,0,0,1.4982503040040924,-0.6658558460662017,-0.5664172509504457,0.08934834148847998,-1.3837167501201075,-0.5811400027883127,0.7347500251893289,0.6449823136409256,-1.2171741979686366,-0.31930873492274875,-0.33998735204471464,-0.3910933850408783,-0.4029726124384512,0.44987768474307943,-0.06664185594388441,-0.5499650259585799,-1.4852350586973735,-0.8932629929013431,-0.8569681418843186,0.3165258375355961,-0.5721753139762925,-0.9520188152656354,1.11125609153667,-1.041368159301789,-0.4300972441672028,-0.3165258375355961,0.8569681418843179,-0.06326485836571254,-0.5596729573423944,-1.5558519002623137,-1.5427503185686884,-1.9108880428132304,-0.5605696322757617,-1.0357458890816678,-0.8177176958673952,-2.0306080946684437,-0.5816133531797613,-0.9381911455531051,-0.22291858513165644,0.36540675552078095,-0.093098282374475,-0.7309235830158842,0.4514102871836102,0.6817421706862145,-0.1469716669968365,1
0.8787130141623758,0.7998341578626126,-0.4445202009343899,0.5985369837740325,1,0,0,0,1,0,0.3751649106363024,-0.5059510245178798,0.06044863850108935,-0.44763853694215583,-0.2006745132716574,-0.04316719057969878,-1.4184649607633886,-1.419545928470922,1.5770684548163596,-1.4582070688480218,-1.0886819383271886,-0.2510861858171207,1.4787569892595829,-1.2629121908792922,-1.1513324649135828,2.489149050954069,-1.9937021164800626,-1.4847885806481056,-0.0741697193470499,-0.26889098598050765,0.7105230765210105,0.7949917475691006,0.3454493337495488,-0.0069772163718363435,-0.03426721928128052,0.26889098598050765,0.07416971934704919,-1.2330704305130304,-1.1600669447440433,-0.4823339913705056,0.795860270964994,-0.135786898325702,-2.135819322596396,0.9216751455883455,1.0648000580046022,-1.1624527388592034,0.16779843654230542,0.12408133374116129,-1.4363063676981567,-1.0738493661593913,-1.0069464646875115,-1.3019408143182878,-0.5363722402842841,-0.7099875321636356,-1.3841377820692236,0
-1.074506924987691,1.7532414988067013,-0.15484123025532542,0.5985369837740325,1,0,0,1,0,0,0.6654004617313493,-0.5524687907864826,5.651068917895391,-0.778626138733453,0.9453903597768807,0.1768516154108565,-1.1770091203515005,0.49433958977658776,-0.32713863623091827,-0.320195395770351,-0.47481485328968664,-0.8681879098438715,0.2723404664150454,-1.3855831439830577,1.4269252956486727,-0.6915258257047329,-0.11345771703538463,-0.5636753286562121,-1.0618771407249559,-0.13094794135889734,0.2522014817878894,0.7509658359106179,-0.24770728940000836,0.3200605923468353,0.0669633158599461,0.13094794135889734,1.0618771407249543,-1.3723329986258064,0.8662627627365218,-0.9008240236503626,-1.077612300760884,-1.05747403104038,-0.49755964466293656,-0.5463906304141645,-0.09793149585751397,-0.4803306735805153,-0.05424950115312168,0.27583454506891375,-0.998391980004983,-0.9571529238609991,-0.7869459763528921,-0.667477223982284,-0.5363722402842841,-0.6543183440496418,-0.9511296417938885,1
-0.9974061379159777,-0.5400896726534062,0.27967722576327125,-0.13478617003801185,1,0,0,1,0,0,-0.7983962307480176,4.014994384711949,0.08603500133584588,-0.4557396320908939,2.0987763841491,3.440016711575657,0.1906672886744298,0.4806554599032471,-0.37994529946837036,1.0014419901456204,1.70206527327757,1.7816413965952038,-0.577790821975441,-0.778568571017839,0.6032057963163954,0.3695969106760489,-0.007249427155487638,0.5047392283475948,1.1824893722175853,1.2571678076667208,-1.0430640488256022,-0.0554363781869377,0.8908072040553846,-1.3600719289094751,-1.7199885985878778,-1.2571678076667208,-1.182489372217586,-0.7317251853070371,0.5660657690356972,0.02713213488323473,0.21443774870523882,0.20557870638343811,0.16404522527173035,1.0032343553662626,0.4557501964577793,0.07776919801113909,-1.1644891896302574,-0.5588081172337243,-1.567072469578756,-0.9657971047719908,-1.3623318689203594,-2.23248741347776,-0.3443034154988601,0.29205785388825667,-1.3841377820692236,1
0.46750881644657266,-0.5400896726534062,-0.15484123025532542,1.1851955068236681,1,0,0,1,0,0,-0.10435469552073157,-0.3663977257120716,1.442112231577942,-0.6542164632349758,0.7342080152286683,0.22380684839664572,0.7756821525018769,-1.8064061442927204,1.1541432952329136,2.485000778124676,2.193230460799722,0.03035845337866547,-3.4254342947455494,0.018818634454293808,-0.8938054736354474,1.2898758270613437,0.1746296813425466,0.5447645300767516,0.7610291440431215,-0.7133741297612541,-1.05980155743754,1.583954421128504,-0.28155173756655016,-3.1839159296389337,-2.319450480809985,0.7133741297612541,-0.7610291440431222,-0.28608496734615396,-1.0850176963188372,-1.1737523055720087,-0.43158727602782254,-0.34060626115118536,-1.5057194464681423,-0.13859458152457876,-0.4855086804782194,-1.1624527388592034,-1.0257092285706153,1.33810702436318,-0.2594114507727547,-0.3607044410025493,-1.531563013793144,0.09387908442092041,3.0854970270979956,2.7971713190179877,-1.6934293108373202,1
0.2619067175886707,-0.7719995663965628,-0.4445202009343899,-0.13478617003801185,1,0,0,1,0,0,-0.5838743016777656,0.16564922598507223,-0.19541498984647596,-0.30991991941360914,0.6176913815775859,0.3669085108295272,-0.26574385930080757,-0.976829736044446,0.6285050729351056,0.06294847367879651,-0.2643608452381741,-0.451937014301797,0.5307437546356542,-0.3243797460215317,-1.2932073347493738,0.4910311514339617,0.4644067418810509,0.5940013420048019,0.19034451885672046,-0.8051695616290189,0.045406885105814226,0.0452227496108737,-0.36574853741945546,0.3754584487383869,0.9236087436246575,0.8051695616290189,-0.19034451885672118,-0.7317251853070371,-1.535313186870074,-2.010732370131724,-1.5169093175793655,-1.2964299543367779,-1.6002344278873806,-0.8726274695258333,-1.0391903727935126,-1.7825637072943747,-0.24854144663662048,-0.3311783002420958,-1.1078705769282764,-1.0997819088923677,-0.9054077777638412,0.030432725387320277,-0.9479482933959068,-1.32234860141757,-1.0748462533011267,1
0.18480593051695732,-0.02473435322416849,-0.4445202009343899,-0.8681093238500562,1,0,0,1,0,0,0.4130217216486998,-0.509439856988025,0.31631226684865466,-0.4945091588741402,-0.059572278367243804,-0.009627738446992187,0.28747088364164436,-0.7379737675496857,1.0372991152938178,-0.018418560592009237,0.6357160416492348,0.6592163634156222,-0.342305041379732,-0.2289888756754578,-1.5721609961255656,1.1547650162315468,-1.1930378292959363,-0.5758497139556432,-0.03566621970192337,0.9344658179137063,-0.6285382480022119,-0.5620642174167976,-0.2575951641336297,-1.158113602135473,-1.3886671545758202,-0.9344658179137063,0.035666219701922665,-0.09111737198826762,-1.3852146900196616,0.5911839175213025,1.1447137843208466,0.529876030857121,-0.2770246880180474,0.5954383064766764,0.6772228733838963,0.38782468222872474,-0.6648813298155464,-0.6346847228976005,-0.41450612974742024,-0.47740088330094144,-0.8715615487892844,-0.5723076854318833,0.12214944469431245,0.6817421706862145,-0.3944048900113141,0
-1.0488066626304537,0.28447883843337485,0.5693561964423357,0.5985369837740325,0,1,0,1,0,0,0.1480240445619179,-0.4739700602082154,0.23955317834438508,-0.4788856182301454,0.0529731978343831,0.00557681318650147,-0.1563370177877974,-0.7994652177894338,0.11707496589315691,-0.3227946745854038,-0.15767093734810614,0.12959035635725616,0.2200231085339868,-0.4602742220449052,-0.7927199890473541,1.462961102666567,-0.9017436675924596,-0.5001534770671188,0.44932672572474713,-0.26889098598050765,-0.24251015052263022,0.3031616180985177,1.3100894203384905,-0.4580788044386583,-0.28332258274185385,0.26889098598050765,-0.44932672572474786,-0.28608496734615396,-0.5596729573423944,0.7913313242638433,1.5064877981713616,0.9907195972144606,-0.6235796198885869,1.166352774922097,1.009431888773073,0.5118468759157585,-0.19302946221276363,0.35171115073279,0.19674936974096682,0.858125067447326,0.600749411603942,-0.9847090191502859,0.4514102871836102,0.3477270420022505,-0.1469716669968365,0
-1.1259074497021662,0.3102466044048362,0.27967722576327125,-0.8681093238500562,1,0,0,1,0,0,0.6023057767106869,-0.5361875725924716,-0.6559695208720935,0.4481111266468789,-1.3038994052467858,-0.7586755027441062,-0.20612329100826002,-0.6991045898862323,-1.1903516038989195,-0.38233881743542525,-0.46459226876484977,-0.9107899932167768,-0.5176470577624659,-0.5877025543284985,-1.287870871822844,-0.9950625761479194,-0.7339438006722252,-0.5747057056389803,-0.9813771768947055,-0.26889098598050765,-0.30060601385283664,-0.3306177779188381,0.6273085939849625,-0.21125103325910485,0.0429044390817208,0.26889098598050765,0.9813771768947048,-0.6760201580619267,-1.3101654415944555,-0.6733837887156574,-1.0388507992769007,-1.2281568333949502,0.29006520049738066,-1.0357458890816678,-0.762349526635866,-0.9764194483286528,-0.3040534310604773,-0.3311783002420958,-0.06782390615699217,0.2616765845888761,0.1607484349347019,-0.4136917878478824,0.4514102871836102,0.3477270420022505,-0.023255055489598248,1
0.5703098658755232,-1.0039094601397194,0.27967722576327125,-1.161438585374874,1,0,0,1,0,0,0.16064298156605036,-0.4751330043649305,-0.1442422641769629,-0.3533186434247058,-0.23781061960321132,-0.09235838704100179,0.8141339460970362,0.3299385995070039,0.2834604579609262,2.272869386509422,1.851317102590016,0.5496897300497311,-1.8375630199040875,0.20689398630109623,1.5046570881780557,0.3229199675072181,1.4020920483122898,0.7975099381796146,-0.007768161614413057,0.7574155988166087,-0.925347036910998,1.0544813578017065,-0.062996516952331,-1.680209433632469,-1.6281896714903656,-0.7574155988166087,0.007768161614412348,0.5494904413305014,2.067050737539819,1.318992669312359,1.3126802907514432,1.9294750101645959,0.2270552128845555,-0.13859458152457876,-0.1532996650890431,1.752068812786101,-0.9424412519348303,0.7310941790521709,-0.5422311594912614,-0.4903671546674297,-1.0746389226366257,-0.667477223982284,0.5337254978059351,1.0714264874841732,-0.76555472453303,1
0.5703098658755232,1.3409572432633117,-0.15484123025532542,0.3052077222492148,1,0,0,1,0,0,-0.06649788450833415,-0.3873307205329428,-0.6431763394547153,0.2629432375328666,-0.8523547117397424,-0.5010925103649195,-1.2628687503918248,-0.752441942349679,-0.5475602142778604,-0.8504579848696298,-1.3927020747011198,-0.6818163775057969,0.8125337522874357,-0.7412875933563221,0.35924893530802204,-0.5762528082159671,-0.03932235943925645,-0.44257683080857,-0.8569681418843172,-0.0799856498736912,1.0153639100974232,1.3926378767448155,0.16945465764551934,1.1099224920811628,1.378490771345254,0.0799856498736912,0.8569681418843165,-0.7595776989295921,0.19081952690966666,-0.3731626786018469,-0.5995537824584191,-0.5795621844475838,-0.15100471279239655,-0.5463906304141645,-0.2086678343205727,-0.29429738304996345,1.4168180860790833,1.9451198696741894,1.2915353389738984,1.1952481229760152,1.6499825098152057,1.331083085576127,-0.4540570296619595,-0.5429799678216537,1.708777505611744,0
0.7759119647334253,-0.5400896726534062,-0.15484123025532542,-0.4281154315628296,1,0,0,1,0,0,0.33730809962390496,-0.5024621920477346,-0.5408308881156891,-0.055314071881842175,-0.8760942584045252,-0.3436806816887499,-0.8762026217226508,-0.2473630783495122,-0.005230262957369122,0.15229402167782136,0.35905067923526884,1.16753097151254,0.15666350220641023,0.08285429476752317,-1.0086784405673055,0.08999449442656175,-0.1354109011363766,-0.40377603539660906,1.4159231644047408,0.1880776393671132,1.3011681097314145,-0.6709583308087609,0.09758573254030883,-0.3400105297124721,-0.8609921777956593,-0.1880776393671132,-1.4159231644047414,0.27096530510494976,-0.7848207026180125,0.7731361054690666,0.705416767502365,0.615217432034406,0.1325402314653172,2.063504082479186,1.3416409041622488,0.38782468222872474,1.4445740782910115,-0.482931511569848,0.5981708917930423,0.5599008260181015,0.38074892326932136,-0.3185222492974822,0.8629863402952329,1.0714264874841732,0.2860364732784985,0
-0.27779879191332196,-0.7204640344536393,1.0038746524609323,0.5985369837740325,1,0,0,1,0,0,-0.7353015457273552,1.165781200760031,0.5849690766135982,-0.5309640870434614,1.7317825719630064,1.3069075559355174,1.2625412383326342,0.040663937566094384,0.43811237369286155,1.7779444506982907,1.637268496998703,0.7360159732905055,-1.712738216214288,1.0279131236148285,-0.4554986653477984,0.3149601576621996,1.21349029973569,1.2156543199349423,0.9573302853504951,0.05436948222367098,-0.7285156439778988,-0.5121210941133536,-0.28240970788084047,-1.1986120406687881,-0.9416793974007256,-0.05436948222367098,-0.9573302853504958,0.6609004958207222,-0.6347222057676005,-0.7734574920869285,-0.5091102789957901,-0.03337721691295973,-0.5920746260821743,-0.7910682597479163,-1.2052948804881005,-0.6043528672675491,-0.5538573609678327,-0.2553016945782196,0.853620951280726,0.5599008260181015,0.008440404549195996,0.8235122133073248,1.439192814651505,1.6281183686241134,0.5334696962929761,0
0.2105061928741954,-1.3388904177687242,0.27967722576327125,1.0385308760612593,1,0,0,1,0,0,-0.7479204827314877,1.8054004869533187,0.16279408984011548,-0.4713631727348887,1.5923398590073419,1.7527586729529638,0.523477073804731,-0.2179597324797815,1.6266434377077525,0.602071907039724,1.6665399508498644,-0.09075971513910017,-1.8306489910705053,1.280768728463804,-1.7318177876352592,2.4136061976891066,1.0074284063463246,2.183040603161867,0.594470599903532,-0.7133741297612541,0.5518214086730774,-1.435740469015535,0.2017653891589653,0.18558845870511637,-0.03526930189588759,0.7133741297612541,-0.5944705999035328,1.1900982546492709,-1.6103624352952797,-1.6069330893092284e-4,1.248077788278137,1.673450806632741,-1.0016395455655394,-1.1173050988595852,-1.4267675574142176,0.5118468759157585,0.15392044043634126,-1.5072656880321764,-1.1033089687231394,-0.8469396172458507,-0.7277150756474172,-1.0957401474590864,0.6160407084282594,0.29205785388825667,-0.9202004889170784,1
-0.6376024649146498,0.4648532002336079,-0.8790386569529866,0.3052077222492148,1,0,0,0,1,0,-0.23054406556205628,-0.29080635552559214,-0.2721740783507456,-0.28677393327435763,-0.03931599837000361,-0.002025462630245358,-0.7849616419888111,-0.004400151148506895,0.33910465542302476,-0.4143561701501567,-0.6197410952143191,-0.49103487502723964,0.24395159080529125,0.6888157208699723,-0.04269618896586593,0.7616791779200595,0.24633315643372922,0.4026859711887177,-0.11972941589683889,-0.550966827225982,1.7797648234956713,-0.03673275928034468,0.3018466937132917,0.8040281950555085,1.198838250597855,0.550966827225982,0.11972941589683818,0.4102278732177254,-0.25947596364157,-0.6733837887156574,-0.21193876761858224,-0.10165033785478751,-0.9386295579527137,-0.38327221085833024,-0.3747723420151606,-0.4803306735805153,0.8894542340524437,-0.5588081172337243,-1.60964747949337,-1.2424108939237355,-0.9054077777638412,-0.9212626601166852,-0.7010026615289333,-0.9883334727336057,-1.198562864808365,0
-1.1773079744166424,-1.0296772261111817,-0.15484123025532542,1.478524768348486,1,0,0,1,0,0,-0.16744938054139394,-0.3169725990516812,0.3035190854312764,-0.4921945602602151,0.34454332213947236,0.1366042728516086,-0.6309338827567919,-0.4960393576523631,-0.5599847248193562,0.7559349051079446,-0.05202416323741899,-1.6180699981454811,-1.19122054254043,-0.027015437024922522,0.052027404776461714,0.7919326640098525,0.14869542774133912,0.04438747436287607,-1.31232147264129,-0.9053100327574869,0.8503354162448359,0.732949497542456,1.5613338320623251,-0.8737754471525061,0.11096968953671252,0.9053100327574869,1.312321472641289,-0.4253475354589299,-0.4846237089171882,-1.592242337851867,-1.0259302987822392,-0.9209277891567239,-1.757759396919444,-1.3619827281933365,-1.0391903727935126,-1.4104971262332722,0.269570407986043,0.07349692996524401,-1.4454295841084306,-0.5768089637773496,-0.8546384343020056,-1.4922798914190887,0.6160407084282594,0.1992758736982665,-1.4872349583252553,1
1.3156174742354179,-1.0039094601397194,-1.6032360836506476,0.5985369837740325,1,0,0,1,0,0,6.2808274285703,-0.790290870834714,1.1094895147261072,-0.6241266812539489,-0.8658106400114706,-0.12545064647860563,0.051248997667158826,0.7890256759575013,-1.8703536998191093,0.2812405017774243,-0.2703450950153637,0.1270332726944336,0.42477511733468426,-0.3759249427019221,-0.49535311601202775,-0.7247526642792219,-0.2721429375449187,-0.523163098202642,-0.5252107151899512,0.6941558255444424,-0.44688275215438394,-1.579196379641229,1.8285296321524418,-0.6497900521313689,-0.15930507602830749,-0.6941558255444424,0.52521071518995055,-0.20252742647848845,-0.25947596364157,0.7731361054690666,0.24027874969456073,0.12023730520615308,0.9201650766256344,0.10608304780917345,0.40038202722625016,0.44983577907224165,-0.3040534310604773,-1.3934507795363622,0.6346637574341392,1.5583037212376798,1.142289075196852,-0.9212626601166852,-0.20711139779498602,0.1250502895462747,1.1520527538291696,0
0.6217103905899984,0.7482986259196881,-2.617112481027373,-0.4281154315628296,1,0,0,1,0,0,-0.09173575851659908,-0.3698865581822168,-0.7199354279589849,0.8502726358163745,-1.1169700503015534,-0.9415773150411327,-1.5802541634092193,-0.4452586000613518,0.7034600776932868,-1.830572169053016,-1.0077761753950296,-1.655509479649998,0.8716543165157588,-1.2869320873532166,-0.6059077130049181,1.410197055192268,-1.383280896984883,-0.520281341514221,-0.3305796915292576,-1.930052565703467,0.9114945036469705,0.004146356370489633,0.45545854932385355,1.101347243134747,0.802204919381763,1.930052565703467,0.3305796915292576,-1.2887754577581405,-0.7848207026180125,-0.8735311954581982,-0.09565426316663046,-0.6307670251539549,-1.1906695084040155,0.10608304780917345,0.2896456887631914,-0.790386157798101,0.8061862574166584,-0.02767187758659086,-0.08607033897753999,0.15794641365697218,0.600749411603942,-0.5405845059150832,0.2044646553166367,-0.5986491559356475,-0.45626319576493324,0
0.18480593051695732,0.4648532002336079,0.5693561964423357,-0.8681093238500562,1,0,0,1,0,0,-0.19268725454965888,-0.31115787826810587,0.41865771818768077,-0.5066608015972472,0.43194736214026896,0.15225601718020498,0.5125876057065171,1.9915010429466717,-1.8903912067083781,1.5244328744614464,0.24155435377832493,1.206639468087821,0.5932803528456744,-0.2441524135574352,0.6653579415203289,-1.755917037016225,0.7395802937460192,-0.07639432410818978,0.4700615648931452,1.179510982546407,-0.956719758367191,-2.066856701055639,0.8197008258428431,-1.3260553059716367,-0.38861667881232853,-1.179510982546407,-0.4700615648931459,-0.3417899945912644,0.41596727218528484,-0.4823339913705056,-1.258499307686141,-0.9550643496276378,0.6366201323679207,0.5954383064766764,0.40038202722625016,-0.35630847989348147,-1.0257092285706153,-2.0004636248473715,-0.9801455471844351,-0.46443461193445323,-0.9223308922511192,-0.7626467625326843,-1.0302635040182315,-0.6543183440496418,-1.0129879475475077,0
0.030604356373531493,-0.4370186087675581,0.27967722576327125,-0.4281154315628296,1,0,0,1,0,0,-0.2810198135785862,-0.262314223686073,-0.6175899766199587,0.2108647687195506,-0.5640886503468032,-0.36469873835857936,-0.7841173889432003,1.5497769187274455,0.8888094636625236,-0.3696006660571928,-0.5188090388982178,-0.06695238448523226,0.3903528238011906,-0.8006304999390162,1.4353546750361201,0.6757279055538058,-0.48303850568703927,-0.3565680212488819,0.01898787070343759,-0.11014700605881247,0.2903537548615064,-0.689210653604226,-0.5359909339891662,0.020333941561724696,0.3263578873254533,0.11014700605881318,-0.0189878707034383,-0.9823978079100336,0.5660657690356972,-1.5103638532753727,-1.0000892977929163,-1.1086788717467513,-1.537224440274555,-0.6279498401920818,-0.7069813574043363,-1.4725082230767892,0.3620903820258042,-0.5588081172337243,0.36096726512590627,0.015317428625603584,0.025363519036474696,1.0772976494417266,-0.28942660841731066,-0.3759724034796717,0.2860364732784985,0
-0.6633027272718879,1.7790092647781635,1.0038746524609323,0.3052077222492148,1,0,0,1,0,0,-0.4576849316364408,-0.10764265084296887,0.34189862968341117,-0.49798105679502797,0.7405166540375657,0.3020655700396278,1.1608569806470066,-0.08303640985259979,0.09428669168576463,0.6575987753348459,0.04487911716975028,0.10444333003576878,0.05343437722141646,1.0825061338772115,-0.6706324326284056,0.3390399740185214,0.27508356869724226,-0.13686663694144513,-0.20147967785109497,0.3422733367180179,-0.5325725157923952,-0.5578547705528598,0.21180941084085758,-0.6156053628746698,-0.19196868236272505,-0.3422733367180179,0.20147967785109425,0.6330479821981672,-0.8598699510432187,-0.9645072894320803,-0.6641562849317252,-0.5283573437412127,-1.2536794960168407,-0.46483142063624716,-0.4301405112466897,-1.2864749325462383,0.0012624832707351544,0.19995793940503753,2.7968660466691793,2.5178078023577952,2.0222910285353324,2.092439393979332,1.1099319721622063,1.461110804282131,2.512935480408796,1
-0.1749977424843705,-0.07626988516709207,-0.15484123025532542,0.5985369837740325,1,0,0,1,0,0,0.1858808555743153,-0.4786218368350757,-0.09306953850744984,-0.3787792281778825,-0.20885197442470146,-0.07536506462709712,0.9115413034182117,1.2143295957828952,-1.3919657969378185,0.970876978681767,0.048945437084043364,0.09060457079383367,-0.23554526774410003,0.2787260421530074,0.03557193395657343,-1.0673085807839626,0.4408601815146625,-0.48764544701784823,-0.3979084468072301,0.5182145811312309,-0.989020594588145,-1.6310702969299067,0.830321682703488,-0.8744427530495983,-0.5397223318873414,-0.5182145811312309,0.39790844680722937,0.7166055230658329,0.5660657690356972,1.6283113888235585,0.705416767502365,0.8712416355662611,1.3927399837218248,0.5954383064766764,0.8986955503100138,1.4420133285685155,-1.0257092285706153,-1.6210805965279906,-0.7703115697481222,-0.2699405414371327,-0.5838686025055501,-1.0798785577006862,-0.12479618717266176,0.1250502895462747,-0.6418381130257917,0
0.9044132765196139,1.4182605411776974,-0.15484123025532542,-1.8947617391869185,1,0,0,1,0,0,-0.2684008765744537,-0.2733621931748661,-0.15703544559434116,-0.3492680958503368,0.12079695862464888,0.059687129293934785,0.18264391923703124,0.6165370531949069,-0.3070556137983291,0.31938437437883366,-0.02935683831042186,-0.6721876348857884,-0.46482610053382895,-0.259800736408248,-0.1586775777822203,-0.31872165321986856,0.5948128941061108,0.32702708157865934,-0.653257441282515,-0.26889098598050765,-0.5135606504254725,-1.0051761683379241,0.099470786399362,0.1583385990244162,0.35744362208791636,0.26889098598050765,0.6532574412825142,-0.007559831120602114,0.19081952690966666,1.1188452625698195,0.7570987694810098,0.9907195972144606,0.9831750642384596,-0.8726274695258333,-0.7069813574043363,1.13195784435093,-0.5538573609678327,-1.0140677512169813,-0.3597668312857729,-0.2569742700706454,-0.1777138548108673,-0.12818317219668063,-0.5363722402842841,-0.7099875321636356,-0.5181215015185524,1
1.6240206225222695,-0.5916252045963298,0.27967722576327125,-0.4281154315628296,1,0,0,1,0,0,-0.11697363252486404,-0.3663977257120716,0.39307135535292426,-0.5043462029833221,0.345431086478277,0.10798394036503228,0.5831409166338744,0.9947210799729084,-0.5932117715861542,0.2629360292073073,0.5188003121947539,-0.7553732490528327,-0.8668139993794344,0.3032555320264166,-0.5760541800020799,-0.1583324578712153,-0.41777843988990904,-0.025491257785926265,-1.1334326641296226,0.09388569754642515,-0.5078622853533903,-1.9423643313062984,0.6518315138337145,-0.7694715617467158,-0.6993530663562615,-0.09388569754642515,1.133432664129622,-0.2582324537235989,-1.009968447893631,-1.8560730103761243,-1.6331938220313174,-1.6719321195168326,-1.0016395455655394,-1.6882195673050053,-1.5375038958772762,-1.9065859009814097,-0.5538573609678327,-1.848710413519619,-0.3871364805165972,-0.010615114107371936,-0.3130987707090945,-0.9212626601166852,-0.12479618717266176,-0.09762646290970158,-0.8274130302866491,1
0.4932090788038099,-1.3131226517972627,-0.15484123025532542,-0.4281154315628296,0,1,0,1,0,0,0.8294466427850714,-0.585612699252862,2.145737209533747,-0.6999297858599977,0.3683834867476054,0.09054342525602485,-0.22204408692217026,0.11997386450790329,-0.3611268163749881,0.3762870012628873,0.2531161543190452,0.22085179053041687,-0.4494466959629683,-1.0183967159744005,-0.9952594059415973,0.6199767885274169,-1.5817011244811572,-1.262639795853665,-0.5252107151899527,0.8221130942085976,-0.7088122911814756,-1.1616969186959338,1.1166893379410716,-2.0767272223286617,-1.5617854049784194,-0.8221130942085976,0.525210715189952,-1.0102503215325889,-1.009968447893631,-0.4095531161914002,-0.04397226118798574,-0.6649035856248688,-0.8126095827270634,0.4323198869208419,0.7879592118469556,-0.4803306735805153,-0.8036612908751883,-1.2416975682086098,-0.8432973010303187,-0.2051091846046925,-0.9900233502002335,-1.3653871733518879,0.4514102871836102,1.0157572993701793,-0.9511296417938885,1
0.544609603518286,0.5936920300909173,-0.4445202009343899,-0.8681093238500562,0,1,0,1,0,0,-0.4955417426488382,-0.0843837677086675,-0.041896812837936774,-0.4256498501098669,0.5568236343424271,0.26405419095589366,0.6475166216918986,0.41882322811214545,-0.8026256749918512,0.46877422107123135,0.6217456599360013,-0.20983706470015698,-1.161656946267067,0.7036974663202461,-0.17745181214346026,-0.6896598898861416,0.9259332236714007,1.3240418571319563,0.594470599903532,-0.8757814322965277,-0.19726140783198184,-0.7526153544086545,0.404174507043797,0.28485580468481003,0.48436936114212176,0.8757814322965277,-0.5944705999035328,0.4659329004628361,-0.3345252120667762,-0.5460172571522233,-0.7933612898783374,-0.42594766232847037,0.7626401075935709,-1.1173050988595852,-1.4267675574142176,-0.4183195767369984,-0.05424950115312168,-0.5588081172337243,0.6255405410238652,0.754394896515422,0.8376730144258402,0.31594134103852145,0.8629863402952329,0.45906541823023866,0.40975308478573785,0
-0.38059984134227254,-0.02473435322416849,-1.6032360836506476,-0.8681093238500562,1,0,0,1,0,0,2.7475250674132075,-0.7263289422153852,0.43145089960505906,-0.5066608015972472,-0.6918622652600297,-0.16703956712316181,0.2861114817709265,-2.23492832725082,-0.0010237484244621227,-2.735207862513743,-1.8958300890482658,-2.633082651151826,0.5080597109941061,-0.7304784710505199,-2.621986603455321,-0.20187852986076096,-5.206596428465541,-4.063607029691874,-4.174542408827977,0.5490496445850913,-1.1277304614365684,0.44086064743492426,-0.2014689550268488,-1.4676825311152908,-1.50264938169195,-0.5490496445850913,4.174542408827976,-1.038102835155144,-2.435904167972547,-2.1926845580794883,-1.9303653334085251,-3.2763504616497907,-1.5057194464681423,-1.85133798686084,0.012804842605544792,-2.9607745473212006,-1.053465220782544,0.4275877563966659,0.05077790717657645,-0.06248019957332482,-0.6346379459673855,-0.1916295312302808,1.0276167615398821,1.5167799923961247,-0.20882997275045564,1
-1.1773079744166424,-0.02473435322416849,-0.8790386569529866,-0.8681093238500562,1,0,0,1,0,0,1.9903888471652589,-0.6960923941407935,0.07324181991846762,-0.4534250334769687,-0.7493515114375956,-0.184927274927272,0.955192791009992,0.9391633746099624,-2.3527183817551136,0.8584167969122805,0.6009851886761636,0.6360134890497046,-0.4056330203971441,-0.28722497767214655,0.06488324135449836,-0.6125918013364732,-0.5205894949083293,-0.3166498149297108,1.4252941555476124,-0.5461428479427562,-1.6152106412913783,-1.224032598540407,2.6006491621765364,-1.675873343947565,-1.0904570925017576,0.5461428479427562,-1.4252941555476133,-0.10968571440330459,0.3159016076183434,0.7792011784006609,0.30918808566608796,0.08041131799008658,1.2247133500876244,2.2266225020350205,1.4892893554463265,0.139780294854656,-1.497561096173398,-1.0899443568808573,0.31535118307453414,1.6620338921695847,0.7192112130148905,-1.7777885070702906,1.933084078385452,1.739456744852101,-0.2706882785040748,1
-0.8175043014153137,-1.132748289997029,1.0038746524609323,0.3052077222492148,1,0,0,1,0,0,-0.6848257977108253,0.7006035380740037,2.350428112211799,-0.704558983087848,1.9902221920829748,1.08331120838414,-0.7173620469685683,1.2530387799876748,-0.8731019658834558,-0.02799658734000961,-1.2676716995866737,-0.3900687925635997,0.2341965065244091,0.971137104376312,-0.27432005097131573,0.4577023306779517,0.24481824749280517,0.017664514932809596,0.18286856865026183,-0.7133741297612541,1.9678581409715676,-1.9946428546827657,1.6535063381385255,0.28057916674699535,1.6652812556203385,0.7133741297612541,-0.18286856865026252,0.9951306592913848,-0.18442671521636386,0.2545723698179399,0.459927258103802,0.5469443110925782,-0.43454965705011084,-0.05703537174666111,-0.1532996650890431,0.139780294854656,0.5008703430854462,-2.0763402305112475,-2.6770637994954787,-1.7221629344837932,-1.531563013793144,-1.9681275841710915,-1.0302635040182315,-1.378017789531564,-2.002720839605417,1
1.110015375377516,1.1863506474345409,3.176466932553916,-0.13478617003801185,1,0,0,1,0,0,-0.34411449859924853,-0.22684442690626339,-0.6943490651242283,0.65063850536533,-0.7344913508946546,-0.6772864322354049,3.0661500017754424,-0.6539677935681479,1.0456855122023696,1.0744012541579875,1.4428214486633502,0.49250877134721494,-1.0923096758748119,4.0736475466058355,-0.7984828337514557,1.6273409297941002,1.980705385404125,2.243254545672696,0.4407888507730546,0.23455420748543962,-0.19321558559189414,0.09768874589773634,0.20583356842942307,0.5125867748735254,0.31436290294496266,-0.23455420748543962,-0.4407888507730553,3.919644589659679,-0.7097714541928067,0.15449866644666885,0.9896677783849125,1.8612018892227682,-0.9071245641463012,-1.6882195673050053,-1.980449249729511,0.5738579727592754,-0.4150773999081907,-0.2553016945782196,-1.0075151964152582,-0.7626588533636787,-0.5330992590437151,-0.9529858396334858,-1.1125787146405561,-1.1553410370755877,-1.198562864808365,1
0.15910566815972013,0.38754990231922204,-0.15484123025532542,-0.13478617003801185,1,0,0,1,0,0,0.8420655797892039,-0.5954977245849401,-0.31055362260288033,-0.24974035545155515,-0.7545929786751713,-0.26497476735066505,-0.8460254364087089,-0.25325284230840034,-1.6941694880478624,-1.6256374245390932,-1.5713517063988474,-0.6987093229905219,1.416575040479364,-1.5279438447327287,-0.7882147888929736,-0.728788920550234,-2.2169719027122587,-1.846306342040198,-0.67984341407292,-0.2786957612109654,-0.3502845225748751,-0.4420187983995404,1.5836238641578184,-0.0021801056572160566,0.24027538815289073,0.2786957612109654,0.6798434140729193,-1.51557449725609,-1.0421324115044335,-1.3479065426077255,-1.450461029321108,-2.0571875876885763,-0.6055767662849225,0.36241199282548453,0.8037786887702496,-1.5433780480408084,-0.44283339212011924,-0.5588081172337243,-0.5239847266707137,0.31354167005482897,0.2961333508329291,-1.4922798914190887,0.03983423407198747,-0.09762646290970158,-0.332546584257695,0
-1.0488066626304537,0.4133176682906843,-0.15484123025532542,0.3052077222492148,1,0,0,1,0,0,0.816827705780939,-0.5803794505476442,-0.16982862701171944,-0.3272794090180478,-0.5946739330090751,-0.19342393613422434,-1.1018847796340963,-0.6461106639182589,1.0509742023002606,-0.9190058329962695,-0.699528559248669,0.4053056979186638,1.411713336689656,-0.6283624770932211,-0.7237305053039679,0.20829870573898007,-0.1807568223941607,-0.12065814359944849,0.4783555005605047,0.07836147009820059,0.9043452255884813,0.16178983051764595,-1.2273968313715728,1.0622822201566264,0.7916221940866444,-0.07836147009820059,-0.4783555005605054,-0.6203151308168162,-0.7097714541928067,-0.1457224436671417,-0.018131260198663828,-0.08458205761933026,-0.2770246880180474,0.758556726032511,0.5664865349208381,-0.23228628620644656,0.8061862574166584,0.12408133374116129,-0.06782390615699217,-0.6848612251647502,-0.2623294272472596,1.109020828958526,-1.1125787146405561,-1.211010225189582,-0.1469716669968365,1
-0.07219669305541997,-0.46278637473902035,-1.168717627632051,0.3052077222492148,1,0,0,0,1,0,-0.5081606796529707,-0.0843837677086675,-0.2210013526812325,-0.29024583119524533,0.41916487977909284,0.15941110030184907,0.1194527635427095,-0.2708665750588628,0.11489546998062826,0.4896282089277775,1.0174921914147994,-0.195366626117135,-0.6486705251881473,0.08347647376392152,-1.1859859528365022,1.1327560677045012,0.03186070515525287,1.429004608890805,0.7781220325379118,-1.0381887348318,-0.08269326649718985,-0.8163218174285873,0.9812446489797596,-0.6298635922398566,0.07235518590202769,1.0381887348318,-0.7781220325379125,-0.23037994010104354,-1.3101654415944555,-1.155557086777232,-0.4832692780064673,-0.4430159425639276,-0.5605696322757617,-0.7910682597479163,-1.149926711256571,-0.9764194483286528,0.08453045990652028,-0.6009617870469885,0.7238685401123778,1.166434186606042,0.8000660933429994,0.16437503890269836,0.6160407084282594,0.13742122023827333,0.09358841093390566,1
-0.9460056132015023,-0.6173929705677911,0.27967722576327125,-0.8681093238500562,1,0,0,0,1,0,0.7284951467520117,-0.5582835115700578,0.27793272259651985,-0.4869867133788835,-0.2296144331900306,-0.053005429871959386,-0.9987670379609429,1.2305623800925143,0.4564304152113298,-0.6751245005413435,-0.517215161633001,-0.03657706938539286,1.1854970392784165,-1.7728709203227893,1.0019568566518073,1.5721759417286947,-2.0500845523229,-1.630749439962241,-0.5252107151899527,0.471010832630124,-0.38262185551553923,-0.685247101756306,0.9559295332642113,-1.1207791041125723,-0.9197043872646616,-0.471010832630124,0.525210715189952,-1.5951531076062477,2.067050737539819,2.538072328562379,3.237834864455966,1.8441336089873108,0.06953024385249205,3.042214599814193,3.8885766888125977,2.00011320016017,-0.3595654154843339,-0.6346847228976005,0.03253147435602734,0.5210020119186368,0.008440404549195996,-0.857816301083085,0.36909507656128593,0.6817421706862145,-0.1469716669968365,0
0.9815140635913272,-0.7462318004251005,-0.4445202009343899,-0.13478617003801185,1,0,0,0,1,0,0.04707254852885811,-0.4478038166821264,-0.8350740607153893,4.576776404235873,-2.3517043920386365,-3.8814220926466416,0.7249009996352016,1.234304105502916,-0.7906419862700937,0.69251747035832,-0.0799555898569712,-0.3030086810657374,-0.00783638138927952,0.3608110250101228,0.18859234327876254,0.25924148874708586,-0.0731113246335615,-0.0861587496235676,-0.4291756706205303,0.012383503443245562,-0.6474743611561439,-1.5051934514888472,1.341346776931503,-1.0080423629468585,0.01982893314871272,-0.012383503443245562,0.4291756706205296,0.4102278732177254,0.26586877533487285,0.2727675886127153,0.369483754641173,0.32505666803163763,-0.08799472517957138,0.10608304780917345,0.34501385799472056,0.44983577907224165,-0.7759052986632599,-1.5452039908641146,-0.9801455471844351,-0.23104172733766892,-0.6007917169928287,-1.016432198667086,-0.28942660841731066,-0.32030321536567735,-0.8892713360402683,0
0.4932090788038099,0.49062096620506923,1.7280720791585935,-0.13478617003801185,1,0,0,1,0,0,-0.24316300256618875,-0.29080635552559214,-0.8478672421327675,5.294301974552671,-2.5457641953933066,-4.3151990068963135,-0.4882297900825561,-0.027957936725462477,0.9054394750883412,-1.303460850630826,-1.2464925281951817,-0.9014640452475,0.17269755412095814,-0.2593886082075598,-1.1582150712211077,2.008412137871761,-0.33461571983056604,-0.13862569823437879,-1.0255223183500044,-0.21238889143210804,0.41971736690239575,-1.1219012871706315,0.7804944131851959,1.429092297054574,1.485160321804979,0.21238889143210804,1.0255223183500037,-0.2582324537235989,-1.0850176963188372,-0.03655113089848297,1.002588278879574,0.8029685146244333,-1.6947494093066184,-0.7910682597479163,-0.4301405112466897,0.07776919801113909,0.19555442875423396,-1.1658209625447336,-0.615216890773458,-0.1532440991387405,0.4145951522438788,-0.794369942049485,-0.4540570296619595,-0.5986491559356475,0.22417816752487937,0
0.5960101282327613,-1.5708003115118816,-0.8790386569529866,-0.4281154315628296,1,0,0,0,1,0,-0.5586364276695006,0.11331673893289414,1.634009952838616,-0.6692613542254894,1.4250325445291632,0.6043678319290898,0.5779735550458897,-0.40646101104022797,0.04365092626164128,0.794512216720434,1.0727034306414518,-0.6077813297352284,-1.799337731206805,-0.02335266343223472,-0.18654072972741223,-0.6466362252276826,0.15796346821324436,0.4072507417006727,-0.8569681418843186,0.020989325180847843,-0.8270200038730735,0.3710080855841426,-0.7094793235083414,-0.9167008760578101,-0.9969659121738605,-0.020989325180847843,0.8569681418843179,-0.3417899945912644,-0.5596729573423944,-1.264728399545891,-1.3489428111487698,-1.2281568333949502,-0.18250970659880966,-1.5251011477491712,-1.4267675574142176,-0.9764194483286528,-0.7759052986632599,0.35171115073279,0.023408257945752128,-0.3477381696360611,-0.6684841749419423,0.31594134103852145,1.1099319721622063,1.2384340518261547,-0.08511336124321738,1
0.31330724230314594,-0.514321906681944,-1.6032360836506476,-0.4281154315628296,1,0,0,1,0,0,-0.6091121756860305,0.24414795656333935,-0.46407179961141953,-0.10739254069515815,0.3465496545595767,0.27076208138243496,-1.2621515755459403,-0.35163919093776885,2.202044377412017,-1.8183678793200289,-1.166277788961928,-0.4456720751944555,1.0835525869637868,-1.0841394414934855,0.17292171413531285,0.8646462567670805,-0.7937997086849612,-0.6722534326443117,-1.1100395122473277,0.4930801176436292,0.6717931340576986,0.6558650022144364,-2.1413823309617506,1.6693794906993826,0.8598936117670912,-0.4930801176436292,1.110039512247327,-1.0102503215325889,0.19081952690966666,0.09991301006234013,0.5374502610717695,0.17144214591252482,-0.7495995951142377,-0.13859458152457876,0.4557501964577793,0.6358690696027934,0.22331042096616224,0.12408133374116129,-1.1808563082104715,-1.929623276347602,-1.3454087544330806,0.6331731362065233,-1.5241547677521787,-1.545025353873546,-0.76555472453303,0
-1.1773079744166424,-0.10203765113855341,-1.6032360836506476,0.3052077222492148,1,0,0,0,1,0,1.801104792103272,-0.6862073688087155,-0.7455217907937414,1.0990919868133286,-2.0816538328581125,-1.3771430000712157,-0.32333490689554334,0.383510189372265,-1.2517764170426424,0.07074118611547746,-0.5245488164115005,-0.5650033210232328,0.8752979454984952,-0.4573951735511023,0.3029992081615437,-0.357518619998838,-0.04855265099767006,-0.11093984360823013,0.3871222082195544,-1.154540235155578,-0.007418809206737119,-0.22284181542972809,1.3519485627209387,-0.14371075621116877,0.5736279870243998,1.154540235155578,-0.3871222082195551,0.911573118423719,2.81754322179188,6.9959009332826,5.563524953494987,5.257789656078712,5.425379190942649,3.857806697593365,3.8885766888125977,5.7207790107711975,0.19555442875423396,0.04820472807728505,0.8627441676909999,1.5064386357717279,1.345366449044194,-0.0012904541294803558,0.36909507656128593,-0.15329565102369538,0.8427612250610729,0
-0.1749977424843705,0.7998341578626126,-0.15484123025532542,0.5985369837740325,1,0,0,0,1,0,-0.4198281206240434,-0.13671625476084556,0.06044863850108935,-0.44763853694215583,0.5022605812576203,0.2408001708105504,-1.2579488316875804,-0.9554214172337074,0.5004697884515581,-0.8757859196512869,-0.5765064914032118,-0.4816166567400383,0.8969420122142603,-0.9645399595851726,-0.4009166048916013,1.0704016455113126,-1.0305692106893858,-0.7281860846929415,-0.47521987007162214,-0.18555039652161812,0.7854515095415955,0.9097164254200931,0.3914914579472657,0.16123548831290127,0.038554692004294226,0.18555039652161812,0.4752198700716215,-1.0659553487776992,-0.7097714541928067,-1.2101427431615621,-0.5607922809744348,-0.9038595089212672,-1.5687294340809674,-0.05703537174666111,0.17890935030013266,-1.1624527388592034,0.3343343898138759,0.35171115073279,-1.1169937933385516,-0.7756251247301669,-0.6684841749419423,-1.175048096251087,-0.6186874509066087,-0.7656567202776299,-1.0129879475475077,1
0.544609603518286,-1.0812127580541053,-1.168717627632051,-0.13478617003801185,1,0,0,1,0,0,-0.7605394197356201,2.049618759863483,0.6617281651178678,-0.5471662773409375,1.9552135215488928,1.9991618479545816,0.7137341476613801,-1.112088797873517,0.9605846516311732,0.1596490909183689,0.8270418046062639,1.005685323114076,-0.5076935218643808,-0.17402485474782295,-0.2393479147412089,0.674864332185622,0.26629385355370433,0.8224526034794142,0.4407888507730546,0.9344658179137078,-1.1663482909304217,1.2866032890049088,-0.634977828377667,0.048376804662329756,-0.27222996127109844,-0.9344658179137078,-0.4407888507730553,-0.3696425082138195,-0.4846237089171882,-0.8735311954581982,-0.43158727602782254,-0.3064697006802721,-0.655084613695,-0.7910682597479163,-1.0391903727935126,-0.6663639641110671,-1.1182292026103766,1.0851850054835932,-0.2290007294051737,-0.5119776069449095,-0.4597657629321745,0.09387908442092041,-0.48149543320273464,-0.07907006687170363,0.05922268551522836,1
0.46750881644657266,-1.0039094601397194,-0.15484123025532542,0.3052077222492148,1,0,0,1,0,0,-0.10435469552073157,-0.3663977257120716,-0.822280879298011,3.9981267507545843,-1.9610054848208391,-3.3716224202295013,0.46841080226304677,-1.3554057742895653,0.31886099471588136,0.10987707169391711,-0.0951279342415558,-0.5891234664567091,-0.1879350535813451,-0.15896215055757176,-0.9588241459182334,0.9616344059800425,-0.009450008753634742,0.33944382199271816,0.5641420291796073,-1.3630033399023458,-0.8101697307732008,0.8998079809935332,0.5304561766582062,-0.15780730209673854,0.45507179829317984,1.3630033399023458,-0.564142029179608,-0.28608496734615396,-1.009968447893631,-0.5642124759469986,-0.018131260198663828,-0.01630893667750248,-0.9071245641463012,0.10608304780917345,-0.1532996650890431,-0.5423417704240322,-0.7481493064513315,0.8828473903799233,0.10551720563822252,0.36540675552078095,0.27921023634565156,0.15732544345452057,1.1099319721622063,0.45906541823023866,0.16231986177126023,0
-0.8175043014153137,0.7740663918911503,0.27967722576327125,1.0385308760612593,1,0,0,0,1,0,0.4634974696652297,-0.5175804660850305,-0.016310450003180245,-0.43259364595164235,-0.3042821860139742,-0.0637380545544255,-0.5708815604284863,-2.046022530651225,0.643342474676539,-0.5017065870292542,-0.12228251795253366,-0.35109168330436874,0.1925786447499457,-1.071154354886297,-1.4631674737699019,2.3519310305589483,-0.8949731134158941,-0.49236193010951707,-0.49529816032406576,0.012383503443245562,-0.2764601038017747,1.342461078415934,1.483993151364524,-0.2096667875372825,-0.3217223320355483,-0.012383503443245562,0.4952981603240644,-1.1495128896453646,-1.535313186870074,-1.2101427431615621,-0.0052107597040024186,-0.3576745413866426,-2.387859273047698,-0.6279498401920818,-0.4855086804782194,-1.4104971262332722,-0.3595654154843339,1.0346006017076752,-0.43275256256796935,0.35244048415429274,0.24536400737109418,-1.7143421480366898,-0.28942660841731066,-0.32030321536567735,-0.6418381130257917,1
-1.1259074497021662,0.28447883843337485,0.27967722576327125,0.5985369837740325,1,0,0,1,0,0,0.6023057767106869,-0.5361875725924716,0.23955317834438508,-0.4788856182301454,-0.19683615162413814,-0.04227280518949327,-0.3394633795973435,-1.5161304908770938,-1.5709563777980469,-0.1517100272817928,-0.2003093725626021,-1.0945221228026603,-0.5970576724110117,-0.6802349054488406,-1.6563039953841385,-0.5985668559460745,-0.626374161979589,-0.1386256982343728,-0.7858772647355261,-0.7133741297612541,-0.2076506097760767,0.42168769670180695,1.546048031141839,-0.41615143746643907,0.12507098165314984,0.7133741297612541,0.7858772647355247,-0.8431352397972577,-1.685411683720486,-1.2101427431615621,-1.2843403086754637,-1.4159079159849774,-0.15100471279239655,-1.2804235184154193,-1.149926711256571,-1.2244638357027204,-0.1375174777889068,0.5034643620605421,0.29710475025398503,1.078551680677623,0.8207498999385615,-0.7626467625326843,0.4514102871836102,0.1250502895462747,-0.023255055489598248,0
-0.25209852955608386,1.3409572432633117,-0.8790386569529866,0.3052077222492148,1,0,0,1,0,0,-0.38197130961164594,-0.20067818338017435,-0.6431763394547153,0.2629432375328666,-0.5052090102701947,-0.35754365523693526,-0.9530244119234283,-1.4646790764806454,-0.4481095090742853,-1.0353688124121272,-0.9731805240376306,-0.39879718203391323,0.5726733447997533,-0.5274645736644642,-0.8091908753435241,-0.24914385600637465,-0.5878106295727068,0.11017468313604337,-0.2548898489945435,-0.29111514316954507,0.7981672568859457,1.1996883432210528,0.36221516271743576,0.8158535109417193,1.3727464780243481,0.29111514316954507,0.25488984899454276,-0.6481676444393714,-0.9349191994684248,-0.8007503202790929,-0.7933612898783374,-0.9550643496276378,0.1010352376589052,-0.8726274695258333,-0.8730858650989243,-0.9764194483286528,1.2780381250194413,1.8692432640103136,1.5743550476924053,1.5583037212376798,1.8699829981498264,1.5848685217105287,-0.37174181903963527,-0.5429799678216537,1.9562107286262216,0
-0.09789695541265715,-0.7204640344536393,-0.15484123025532542,0.5985369837740325,0,1,0,1,0,0,0.13540510755778543,-0.4716441718947853,0.5849690766135982,-0.5309640870434614,0.241203553484689,0.04761292652616041,-0.0572470644521644,0.9444180764835973,-0.37401778586340007,0.8351535608777032,0.16539752557915427,-0.18376135071436792,-0.32470755627473835,-0.8748601150458913,0.5743896442909434,-0.7129312087500805,-0.36936912026980695,-0.856093000151424,-0.46081074412575107,0.20639792024048925,-0.7945464821227568,-0.7208325122052877,-0.2051322670248997,-1.4944986779672238,-1.050833073422012,-0.20639792024048853,0.46081074412575035,-0.7595776989295921,0.7161642658861095,0.47291499535525605,0.007709740790658993,-0.135786898325702,0.41608517572303205,0.5138790966987595,0.8433273810784847,0.139780294854656,-0.5816133531797613,-0.4070549059059717,1.127317443588959,0.8321925247143505,0.10997909147286698,1.0772976494417266,1.439192814651505,1.739456744852101,0.8427612250610729,1
0.2105061928741954,-1.158516055968491,0.27967722576327125,0.3052077222492148,1,0,0,0,1,0,-0.7479204827314877,1.8054004869533187,-0.4128990739419065,-0.18203834599424437,1.048156237724814,1.5291623254015865,0.279704184949456,-0.9290366295275017,1.4985202546856728,0.4514503619760108,1.5945838639068366,0.6832430570077652,-0.9033698754494671,1.1798240106300009,-1.815688503512392,2.2359018403570725,0.9656867544350675,2.4081225342733776,1.465333844976243,-0.5214382267650228,0.7899307720522029,-0.5437849541155297,0.19833833112638122,0.3476781412885917,0.2780258323360649,0.5214382267650228,-1.4653338449762439,1.106540713781605,-1.685411683720486,0.02713213488323473,1.183475285804831,1.5881094054554559,-0.5605696322757617,-0.8726274695258333,-1.4267675574142176,0.44983577907224165,0.8616982418405155,-0.4070549059059717,0.39746013076700454,0.4432043837197094,0.5669031826293847,0.09387908442092041,0.03983423407198747,-0.2089648391376897,0.34789477903211874,1
1.8553229837374106,0.4648532002336079,-0.8790386569529866,0.3052077222492148,1,0,0,0,1,0,0.5139732176817596,-0.5233951868686059,-0.2721740783507456,-0.28677393327435763,-0.5670092833937482,-0.1809025406713472,-2.0467946387321794,-0.07252949284957987,-0.4361337985280463,-1.5850240475962913,-1.9736751985015042,-0.7530080763342799,1.0850955050055537,-1.0730226452420504,-0.19221879782158927,0.010640707667535155,-1.4289665267653309,-1.4804426783707823,-0.5666803935267488,-0.4649864905896614,1.773966185577339,-0.09301156686377288,0.6069023981765159,0.7243264840422189,1.1205102900567163,0.4649864905896614,0.566680393526748,-0.9545452942874786,-0.03432821836595151,0.49111021415003275,0.42116575661981864,-0.20406001926752979,-0.05648973137315825,0.5954383064766764,1.009431888773073,0.139780294854656,0.8339422496285867,-0.6346847228976005,-1.7191260764166634,-1.21647835119076,-0.9054077777638412,-1.238494455284687,-0.7833178721512579,-1.0440026608476,-1.2604211705619852,0
-1.1773079744166424,-0.5658574386248675,-0.15484123025532542,1.478524768348486,1,0,0,1,0,0,-0.16744938054139394,-0.3169725990516812,-0.5920036137852022,0.16167954817364105,-0.6207128753726813,-0.36872347261450417,-0.5883617811100144,1.2760934683125926,0.8761009531222346,-0.9753523236568213,-1.3356296152311462,-1.465727533934318,0.4357564784925845,-0.3411593188244799,0.5045528523233778,0.5935535022377727,0.005967604474013522,-0.2570001758291911,-1.2094604077470812,-0.799549433147316,0.4772490073354676,-1.24602836155521,-0.6011953248063363,1.323555439219195,1.485473262877812,0.799549433147316,1.2094604077470805,-0.5924626171942612,-0.03432821836595151,-1.2829236183406676,-0.8321227913623208,-0.7843815472730677,-1.5687294340809674,-1.1173050988595852,-0.762349526635866,-1.1004416420156866,0.029018475482663446,-1.3934507795363622,-1.317704554364588,-1.3720736075886157,-0.8715615487892844,-0.0647368131630805,-0.7833178721512579,-1.1553410370755877,-0.8274130302866491,1
0.7502117023761872,-1.0039094601397194,-0.4445202009343899,0.5985369837740325,1,0,0,1,0,0,-0.6974447347149578,0.8517862784469626,1.1094895147261072,-0.6241266812539489,1.725931180924437,1.1374215244915735,1.2748237945481897,1.1865959891024036,-0.8906658158000073,1.5075885978272243,0.6864773530218223,1.01709725079645,-0.08592131615163455,1.0648471347716315,-0.038697624197100225,0.5592963376313969,1.2949695639233898,0.8547202748995442,1.7556215933338115,-0.3540047794704394,-0.7086908086184994,-1.6674066643601229,1.7796088886664392,-0.7525852817304408,-0.057986189182561224,0.3540047794704387,-1.7556215933338122,0.9951306592913848,-0.03432821836595151,0.018034525485845748,0.3048812521678669,0.8371050750953478,-0.6865896075014126,0.4323198869208419,-0.319404172783631,-0.23228628620644656,-0.5168493713519283,-1.4440351833122795,0.9570174039305009,1.843561691300417,1.345366449044194,-0.4877125400537498,0.6160407084282594,0.4776218142682366,1.1932916243315823,1
-2.3852203052068153,-1.3388904177687242,1.0038746524609323,1.7718540298733036,1,0,0,1,0,0,2.8106197524338694,-0.7298177746855304,-0.68155588370685,0.5956667882846075,-2.004148072237596,-1.0216248074645258,-0.43272266723378144,-0.07045968465872741,0.8546930577020944,-1.2092506560564775,-1.1860318065818445,0.3360365339323178,2.3465181193894944,-0.7190375002592011,-1.373655348929901,0.5346941150330801,-1.2255559290775861,-0.8593909640175443,0.6190712565440033,-0.15567358143258175,-0.11674239567232028,-1.2793896450751712,-0.6310780223613163,0.418379341654688,0.702871426124103,0.15567358143258175,-0.619071256544004,-0.48105256270404034,-1.0850176963188372,1.2462117941332536,1.3772827932247493,0.7176271134471482,0.4475901695294441,2.879096180258358,2.670476965718953,1.0079356506638961,0.029018475482663446,-1.0899443568808573,0.6346637574341392,0.1838789563899486,0.34690269429476517,1.489698983160128,-0.7833178721512579,-0.9326642846196119,0.6571863078002155,0
0.46750881644657266,-0.4370186087675581,-0.8790386569529866,-0.4281154315628296,1,0,0,1,0,0,0.4256406586528323,-0.5117657453014551,-0.6175899766199587,0.2108647687195506,-1.1045213944868826,-0.5565444045576612,-0.812149899424963,-1.201838487491855,1.5447167738022825,-0.9458782905259829,-0.3784101740430517,-0.3902179745514135,0.4704860533619037,-0.9047974786146327,-1.9935099223106167,1.5772138950851475,-1.1086687296136895,-0.08933632538450628,-0.3224700655433951,-0.21238889143210804,0.2252512253427593,-0.3474934364699049,-0.5267317194735812,0.1784836133162616,0.4047322254262304,0.21238889143210804,0.32247006554339436,-0.9545452942874786,-1.9105594289961043,-0.7370670544973751,0.11107374474794844,-0.34060626115118536,-1.0646495331783645,-0.46483142063624716,-0.3747723420151606,-0.728375060954584,0.19555442875423396,-0.3311783002420958,-0.013084607695344815,-0.2829068128036209,-0.194636969298146,0.728342674756924,-0.4540570296619595,-0.5986491559356475,0.10046155601764112,0
-1.3315095485600683,0.9029052217484598,1.7280720791585935,-0.13478617003801185,1,0,0,1,0,0,-0.7731583567397526,3.0090476891534146,-0.2849672597681238,-0.26941444366991896,1.4350827726849007,2.5223773012248047,0.6040237180903297,-0.5320202187115828,1.123281318279142,-0.5518538120385356,-0.10496888133443821,1.296661670107078,0.7437065602277793,0.7282714456745969,-0.9774578055519211,1.2533508093910115,-0.006627156363135979,0.4521021345340113,0.7646392799752116,1.0101319379600069,-0.11222943601483644,-0.24898132548615107,-0.2760665014878041,0.7389475226182625,0.5778544265190613,-1.0101319379600069,-0.7646392799752123,0.6330479821981672,-0.9349191994684248,-0.11842961547497735,0.5374502610717695,0.512807750621665,-0.7811045889206503,-0.30171300108041293,-0.6516131881728072,-0.23228628620644656,0.16779843654230542,0.12408133374116129,1.209426391281428,0.858125067447326,1.142289075196852,1.1724671879921262,-1.3595243465075295,-1.1553410370755877,1.275769365336409,1
-0.9974061379159777,1.6244026689493918,0.5693561964423357,0.3052077222492148,1,0,0,1,0,0,-0.785777293743885,3.1253421048249215,-0.13144908275958464,-0.36199838822692515,1.7375824082255362,2.6833666714617963,0.33673552702530934,0.5839172107370373,-0.6755002043525189,1.1571943000772051,0.05877725052903453,0.16536483855313414,-0.30046490979044116,0.9577811099586141,0.18642368668405968,-1.2265896823226368,1.5743663651075526,0.45226380986838177,0.09517567272851181,0.13114384342216265,0.4887646524997752,-0.6146895399215297,-0.3091729301355408,-0.002180105657211455,0.3651342799682062,-0.13114384342216265,-0.09517567272851252,0.911573118423719,0.19081952690966666,0.06352257247278678,-0.5866332819637576,0.017827623793410803,0.5421051509486824,-0.9541866793037505,-1.0945585420250417,0.07776919801113909,0.0012624832707351544,-0.9381911455531051,-1.4363063676981567,-1.3461410648556402,-1.2607931819966884,-0.5088613263982832,-1.277209135885205,-1.378017789531564,-1.6315710050837011,1
0.4932090788038099,0.5936920300909173,-0.15484123025532542,-0.8681093238500562,0,1,0,1,0,0,0.8294466427850714,-0.585612699252862,-0.041896812837936774,-0.4256498501098669,-0.48783921208039627,-0.12142591222268084,-0.6844781128205876,-0.2168090445259049,0.25868042288273546,-1.1879581991657973,-1.4026895101456476,-1.1735817751627458,0.8212623943369051,-1.062849010438895,-1.1510132432642355,0.9687121660032542,-1.45499455043444,-1.11943759823203,-0.4215365193479638,-1.1825507815298206,-0.11020273014091311,-0.8554825818567705,0.6198375006619604,0.16210719663983011,0.7306521274371011,1.1825507815298206,0.42153651934796316,-1.0102503215325889,-1.0850176963188372,-0.07294156848803632,0.4340862571144791,-0.20406001926752979,-0.844114576533476,0.6769975162545934,1.009431888773073,-0.10826409251941274,0.22331042096616224,-0.482931511569848,1.4375068015382888,1.5972025353371444,1.582290051866092,1.0455744699249259,1.1922471827845313,0.6260729825722207,1.275769365336409,0
1.110015375377516,0.38754990231922204,3.176466932553916,-0.13478617003801185,1,0,0,1,0,0,-0.34411449859924853,-0.22684442690626339,-0.31055362260288033,-0.24974035545155515,0.05297319783438342,0.018545401344481353,3.249645607711587,-0.034485704132918724,-0.02855559276683509,1.4581702718181468,1.1672613794393512,0.5425152802537888,-1.0276202607372384,4.131087510985276,-0.5411242139829209,1.723134212995643,2.0422871901449287,1.9983878189153679,0.6912331826893887,0.05436948222367098,-0.3909773568109353,-0.49475364739766553,1.7706201575609066,0.055203054156951044,0.4335397895190717,-0.05436948222367098,-0.6912331826893894,4.3652848076205615,-0.3345252120667762,0.6639647927004092,1.5323287991606835,2.4756599776992205,-1.033144539371952,-1.0357458890816678,-1.3713993881826885,1.069946747507413,-0.38732140769626244,-0.482931511569848,-0.06782390615699217,0.8451587960808378,0.8207498999385615,-1.2702176348014877,-0.20711139779498602,-0.2089648391376897,0.22417816752487937,1
-0.07219669305541997,-0.6173929705677911,-1.168717627632051,-0.8681093238500562,1,0,0,0,1,0,-0.5081606796529707,-0.0843837677086675,0.27793272259651985,-0.4869867133788835,0.798736286182087,0.31145661663678564,0.5661421567695423,0.017673511226401116,0.22040158788670638,0.6977849393864802,1.3246075708581648,0.9764622327211563,-0.6876713004405061,0.3435723166747117,-0.9850846057740822,1.210173438231709,0.12433606473111099,1.2621925649336527,0.9416775146057242,0.39783372969061137,-0.443941039783948,-1.0110935818820959,0.9148112426033709,-0.8193729223655901,-0.48976934224065727,-0.39783372969061137,-0.9416775146057249,-0.03541234474315745,-1.1600669447440433,-1.1919475243667854,-0.4832692780064673,-0.40887938209301433,-0.844114576533476,-0.6279498401920818,-1.0391903727935126,-1.1004416420156866,-0.4150773999081907,-0.9381911455531051,0.041654690766301246,0.5080357405521495,0.12690220596014448,-0.635754044465484,0.12214944469431245,0.3477270420022505,0.038603250264021984,1
-1.100207187344929,-0.7462318004251005,-0.15484123025532542,-0.13478617003801185,1,0,0,0,1,0,0.11016723354952047,-0.46117767448434965,-0.8350740607153893,4.576776404235873,-2.397120823365532,-3.891707524634005,-0.04240363530295661,0.7295558320799056,-1.0913882425209653,0.01608848695915403,-0.5302756087626205,0.4149807325705001,1.093281120056069,-0.4592227209621292,-0.47879423457476106,-0.10704490520762369,-0.7483337078180975,-0.40661375845142406,0.757757458354667,-0.18555039652161812,-0.3998866448213934,-1.480983828662693,1.384394482886355,-0.7637694027108192,0.29240506796958854,0.18555039652161812,-0.7577574583546678,-0.1561065704408964,-0.05934463450768712,1.4615218832047765,1.1705547853101694,0.7631425274083669,1.3297299961089997,2.3625545183315495,2.0429710477616196,0.9665949194348847,-0.49834537654397587,-1.4693273852002382,-0.5878472415426337,0.15794641365697218,-0.1607907403235886,-0.7309235830158842,-0.20711139779498602,-0.32030321536567735,-0.5799798072721716,0
-0.5348014154856993,-0.10203765113855341,-0.4445202009343899,-0.13478617003801185,1,0,0,0,1,0,-0.5207796166571032,-0.05821752418257845,0.12441454558798068,-0.4667339755070384,0.7292154810693341,0.3159285435878132,1.565914300771173,-1.3928043130288053,0.6632677688824729,0.07794252546857525,0.5466355177230224,0.0459472679933327,-0.5443415856486494,1.2939065566370327,-1.3076648737758483,0.2310239234804795,-0.13290809513137825,0.05357915179207548,-0.06904425348519984,0.13114384342216406,-0.8845857680470823,0.6016776658195389,-0.6745524964284904,-0.23708471550054605,-0.6583433316526015,-0.13114384342216406,0.06904425348519913,1.9142636088357055,-0.9349191994684248,1.7283850921948283,1.609851802128651,1.4686314438072563,1.140700033270523,0.6769975162545934,0.7879592118469556,1.6280466190990672,-0.7481493064513315,0.8069707847160468,0.6164173246135901,0.14498014229048395,0.04228663352375219,0.5697267771729232,0.6983559190505837,0.848749735028197,0.22417816752487937,1
0.2105061928741954,0.4648532002336079,0.27967722576327125,0.3052077222492148,1,0,0,0,1,0,-0.7479204827314877,1.8054004869533187,-0.2721740783507456,-0.28677393327435763,1.22805899743904,1.610104203215185,-0.20373028547109617,-1.3440580089416707,1.6226935931380833,0.21339559684402373,1.301245767156259,0.7079359743574527,-0.860055353454854,1.2409146883106392,-1.807783620179618,2.5032835662303303,1.0430929648175613,2.665832140095989,1.6167883223801933,-0.6379707392984506,1.5231992566008046,0.03376385232416026,0.29728206593775675,0.7460294441527324,0.9109829956091665,0.6379707392984506,-1.616788322380194,1.1343932274041606,-1.685411683720486,-0.04564874029587195,1.248077788278137,1.690519086868198,-0.6865896075014126,-0.709509049969999,-1.3160312189511594,0.6358690696027934,0.8339422496285867,-0.4070549059059717,-1.308581337954314,-0.9830854665939747,-0.6684841749419423,-0.8895394805998851,-0.4540570296619595,-0.7656567202776299,-0.8892713360402683,1
-1.1773079744166424,0.7482986259196881,-0.15484123025532542,-0.4281154315628296,1,0,0,1,0,0,-0.16744938054139394,-0.3169725990516812,-0.7199354279589849,0.8502726358163745,-1.0463727674309302,-0.9008827797867822,-1.2113749460848067,0.549774787376689,-0.18462169192395142,-1.0354915769867374,-1.0652531699527168,-2.301757706988271,0.2260133520889861,-0.4996122243625827,0.8748009457708555,0.5534487419660102,0.036505586229840715,-0.3470544436793766,-1.3293007493813815,-1.8209386847559008,1.1852397028348656,0.12177323423975003,0.8085466490059712,1.4350806305698143,1.0460501771538664,1.820938684755901,1.3293007493813809,-0.6760201580619267,0.340918023760079,-1.073678602200739,-0.6641562849317252,-0.6136987449184976,-1.5057194464681423,-1.0357458890816678,-0.5962450189412776,-0.790386157798101,1.194770148383656,0.19995793940503753,0.2606118846128881,0.6506647255835172,1.243827762120523,-0.6992004034990842,0.28677986593896093,-0.48731077970765985,0.10046155601764112,0
-1.3315095485600683,-0.4370186087675581,1.7280720791585935,-0.4281154315628296,1,0,0,1,0,0,-0.6595879237025604,0.5959385639696475,-0.6175899766199587,0.2108647687195506,0.1897257878364852,0.29535767961308645,-0.10141177716609946,-0.6514292269301538,-0.2610288702809206,-0.058598833280986765,0.055081222478085126,-0.1540579620225239,-0.0279957885742948,0.21549635035269193,-1.3916354287275925,-0.8973761091248357,0.3340927974968683,0.6738287602578364,0.18609969967169646,-0.39468810214486993,0.3563369589421992,-0.500002764994775,-0.5449412368554746,0.410443942312283,0.5862543473878764,0.39468810214486993,-0.18609969967169718,0.438080386840281,-1.1600669447440433,0.8823074182377254,0.22735824919990022,0.3591932285025509,1.9913348660436665,-0.46483142063624716,-0.5962450189412776,1.069946747507413,0.3065783976019474,-0.482931511569848,-0.04957747333644305,-0.32180562690308556,-0.14386762583630988,0.728342674756924,-0.7010026615289333,-0.9326642846196119,0.038603250264021984,1
-0.07219669305541997,-1.3388904177687242,0.5693561964423357,1.7718540298733036,1,0,0,1,0,0,-0.07911682151246661,-0.3832604159844401,-0.7966945164632545,2.997062850231955,-1.6470572623246933,-2.610947645859716,-1.1621411336530114,-0.6908112089346066,0.04105277235104142,-0.7750267300778068,-0.3733539619846437,-0.9588925466897149,0.4653656388886683,-0.8811063121033175,-1.6660302950337762,1.005363904147562,-0.7072546223098009,0.03404810320320781,-0.8740438917877038,-0.440948977121442,0.7355944907017551,-0.7208325122052877,0.9541732516631134,0.34570953501072066,0.5186197818029309,0.440948977121442,0.874043891787703,-0.8152827261747027,-1.535313186870074,0.11810822885711679,0.6278937645343975,0.2909201075607231,-0.24551969421163483,-0.46483142063624716,-0.09793149585751397,0.44983577907224165,1.055990187324014,-0.4070549059059717,1.127317443588959,1.519404907138216,1.5992131663533709,0.062155904904119784,-0.20711139779498602,-0.4316415915936655,1.275769365336409,0
-0.9974061379159777,0.5936920300909173,0.5693561964423357,-0.8681093238500562,1,0,0,1,0,0,-0.785777293743885,3.1253421048249215,-0.041896812837936774,-0.4256498501098669,1.8138318464919418,2.732557867923099,0.8091091366959717,0.6726065960789539,-1.3428387658657386,1.186895669712385,0.06581082191766302,-0.5544024974740667,-1.1038215085445586,1.0499383887480402,0.13616328274749964,-1.2309437663404248,1.4303661999710553,0.5132740404431323,0.5274811195133241,-1.2792882355027224,-0.07599988348560259,-0.7867682739656761,0.5987258048955628,-0.1850928386308309,0.41555490816544416,1.2792882355027224,-0.5274811195133248,0.9672781456688292,0.11577027848446049,-0.018355912103706302,-0.6512357844370638,-0.10165033785478751,0.6366201323679207,-0.709509049969999,-0.983822203561983,0.015758101167622184,0.41760236644966076,-0.2553016945782196,2.094378383078048,2.167718475462618,1.93767545609894,1.489698983160128,2.180029710252426,1.5167799923961247,1.8943524228726025,1
1.110015375377516,1.109047349520155,3.176466932553916,1.0385308760612593,1,0,0,1,0,0,-0.34411449859924853,-0.22684442690626339,-0.5536240695330674,0.0025508934662866888,-0.33089868126174904,-0.17643061372031965,1.6796489365695277,0.5548632452441977,0.425535516324993,0.23095097138125195,0.1423593396512159,-0.3204707476559757,0.2129521796410607,4.288921263122277,-0.6832514190358697,1.4479064256028649,1.952359081801402,1.728911041092964,0.6060821098378343,-1.0381887348318013,1.9498468578055042,-1.4460334899228025,0.8732850158270622,1.623925982606919,1.5028710126653122,1.0381887348318013,-0.606082109837835,4.504547375733337,-0.4846237089171882,0.6366719645082435,1.3514417922354265,2.2367040544028214,-0.9386295579527137,-0.7910682597479163,-1.0945585420250417,1.069946747507413,1.6666220159864384,-1.3934507795363622,-0.2776578835933038,0.19684522775643593,0.854596128913119,-0.794369942049485,-1.277209135885205,-1.712032918215528,-0.023255055489598248,1
-0.09789695541265715,0.5421564981479937,0.27967722576327125,-1.161438585374874,0,1,0,1,0,0,-0.7226826087232228,1.1018192721407023,-0.7839013350458762,2.0422909219878287,-0.278208395179635,-0.7309495556477354,-0.040922930959978884,0.2695268670849751,-0.006830611874821419,-0.15540965738535745,-0.12425950101466886,0.70015918362525,0.2973154751910416,-0.09814481616109169,0.026980688684767905,1.2343181947615907,0.02381276745817465,0.5695244211325261,1.4316772944420317,-0.4649864905896614,-0.04116081222862441,-0.34290542199383284,1.249708423802221,0.23356075351957054,0.7175731853498925,0.4649864905896614,-1.4316772944420324,0.1317027369921738,0.340918023760079,0.9732835122116075,1.5452492996553449,1.4856997240427134,0.006520256239666901,0.5954383064766764,-0.04256332662598434,0.8219023601333442,-0.24854144663662048,-0.5588081172337243,-0.8250508682097696,-0.127311556405765,-0.025405824425361403,-1.1433249167342867,-0.7833178721512579,-1.0440026608476,-0.6418381130257917,0
-0.5348014154856993,-0.46278637473902035,-0.4445202009343899,0.3052077222492148,1,0,0,1,0,0,-0.5207796166571032,-0.05821752418257845,-0.7327286093763631,0.8531658840837809,-0.6144732347460667,-0.7041179939415702,-1.01932840746632,-0.07462021361370491,-0.6897574476066167,-1.0260709880175791,-0.8036994720510189,-0.06384562464817915,0.882312711261336,1.0549342015784537,-1.2743402863093298,0.15164681773858757,0.13241794489572772,0.18728679126428902,-0.38662849897585155,0.29637562078413626,2.4714787880932327,-1.174187538987082,1.0953119649534535,1.5174590756732302,1.2276977748769242,-0.29637562078413626,0.3866284989758509,1.5521809317424884,-0.9349191994684248,1.5009448572601232,1.3643622927300878,1.3662217623945152,0.9831750642384596,0.2692014673650073,0.5111183656893089,1.5660355222555504,2.0829618991653644,-1.1658209625447336,-0.3688900476960481,0.22277777048941236,0.8376730144258402,-1.238494455284687,-1.277209135885205,-1.32234860141757,0.16231986177126023,0
-1.3315095485600683,-1.3388904177687242,1.7280720791585935,1.7718540298733036,1,0,0,1,0,0,-0.6595879237025604,0.5959385639696475,-0.7966945164632545,2.997062850231955,-0.6890749195677589,-1.857875147306677,-0.3424578365009205,-0.606570514531811,-1.2039548035246088,0.2847109103276156,0.608525792815839,0.48330303197020985,-0.22359156982051456,0.14328359369658594,-1.3618165909839277,-0.7919566653690504,0.5638125372712132,0.9189797832272306,0.8285736227725414,-0.1626015385546773,0.6193632365651263,-0.5317008985049433,0.8500064764565636,0.17444078883573808,0.10609155962163515,0.1626015385546773,-0.8285736227725421,0.438080386840281,-1.0850176963188372,1.1643333095567605,0.5116092600824467,0.7346953936826055,2.211869822688555,-0.05703537174666111,-0.4301405112466897,1.3800022317249987,1.055990187324014,-0.1035484832504671,1.5104925328204852,1.8046628772009532,1.7853674257134342,0.09387908442092041,0.03983423407198747,-0.04195727479570725,1.4613442825972665,1
-0.9974061379159777,-0.46278637473902035,0.5693561964423357,2.9451710759725747,1,0,0,1,0,0,-0.785777293743885,3.1253421048249215,-0.5024513438635544,-0.08135330628850015,1.269648225209414,2.46647821433696,-0.8960822063753633,0.7984887179516817,-2.3162521107175724,0.3502173118722701,-0.8364728336235189,-0.9130546842616801,0.10072309438104876,1.282287808846632,0.2152645041018612,-1.2519704283053223,1.4554891342798593,0.5887085863645688,0.12891477706591967,-1.373153796310799,2.5272709908875965,-0.8803035697006545,1.9082846893769334,0.9701171164334111,1.6622150025308615,1.373153796310799,-0.12891477706592036,1.2736557955169365,0.26586877533487285,0.19998671343360988,-0.4961897785011287,0.06903246449978255,0.8886600828192224,-0.7910682597479163,-0.9284540343304539,0.38782468222872474,3.6095414708214255,-0.3311783002420958,2.2585962784629876,3.1920539134151737,3.579217561364951,0.37938770007212164,0.28677986593896093,-0.32030321536567735,2.574793786162414,1
1.110015375377516,-0.7462318004251005,3.176466932553916,-0.13478617003801185,1,0,0,0,1,0,-0.34411449859924853,-0.22684442690626339,-0.8350740607153893,4.576776404235873,-1.9666559672183057,-3.711488868507595,3.4927339576296736,0.6910658499398672,0.29037673105154294,1.871502677027054,0.9760586176569275,0.15616240928060557,-0.8576166128963167,4.228076884472188,-0.7116010733668985,1.4479064256028626,1.9850702967080087,1.7446189526384588,1.0713719007766844,-0.8495867060811616,-0.6320869856013892,-1.6613759006748572,1.0580516031419755,-0.5599176513961807,0.43435683835860134,0.8495867060811616,-1.071371900776685,4.783072511958889,-0.40957446049198204,1.0733572155828786,1.764897808064586,2.697547620760161,-0.7180946013078251,-0.30171300108041293,-0.762349526635866,1.6280466190990672,-0.6926373220274746,-1.6210805965279906,-0.5604775923118106,0.028283699992091807,-0.194636969298146,-0.4771381468814831,-0.04248097655033679,-0.4316415915936655,-0.5799798072721716,0
0.4932090788038099,0.5421564981479937,-0.15484123025532542,-1.161438585374874,1,0,0,1,0,0,-0.8236341047562825,5.317491840232825,-0.7839013350458762,2.0422909219878287,1.1681743538733984,2.5111974838472357,0.5296945847562534,-0.5344595170964429,-0.35658328742511125,1.121501035704368,0.927539109499329,-0.07549432918612736,-0.03179492281914347,0.3959928700748162,-1.1577670236140567,0.48764198281234916,1.3528198414966515,1.505430299559362,0.4025854781078499,-0.5022446364654003,-0.34088180436234844,-0.426263128332052,0.9774944642338367,-0.17364254862846842,0.2639134098152716,0.5022446364654003,-0.40258547810785056,0.10385022336961848,-1.2351161931692491,-0.8644335860608106,-0.5091102789957901,0.017827623793410803,-0.655084613695,-0.38327221085833024,-0.5962450189412776,-0.046252995675895824,-0.3318094232724056,-0.4070549059059717,-0.02220782410562002,0.4821031978191731,0.38074892326932136,-0.5088613263982832,-0.28942660841731066,-0.5429799678216537,-0.023255055489598248,1
-0.4577006284139859,-1.0039094601397194,0.27967722576327125,0.3052077222492148,1,0,0,1,0,0,-0.7100636717190902,0.8546936388387503,-0.822280879298011,3.9981267507545843,-0.8038477716495906,-2.4325177605137167,2.0129568340411383,-1.2376275261501442,-0.048073911880379384,1.026255569697859,0.7856682734893728,-1.1048231149721357,-1.5401527562889008,2.207682011327691,-1.00152408064319,0.6858355253190204,1.5776665312757217,1.4433955757190218,-0.21462929445480164,-1.2939802363248551,-0.5931756251416797,0.6953777819506022,0.7549172092457586,0.17798205990326668,0.38778761113848137,1.2939802363248551,0.21462929445480092,2.248493772306368,-0.8598699510432187,0.36374368258659734,0.6795757665130432,1.349153482159058,-0.24551969421163483,-1.1988643086375024,-1.2606630497196296,1.0079356506638961,-0.5261013687559044,0.7310941790521709,0.20587258615124074,0.5728670973845897,0.6176725260912207,-0.3185222492974822,1.1922471827845313,0.5704037944582268,0.16231986177126023,1
-1.3315095485600683,0.20717554051898904,1.7280720791585935,0.3052077222492148,1,0,0,1,0,0,-0.6595879237025604,0.5959385639696475,-0.7711081536284979,1.7992580675256877,-0.46758293208315554,-0.9321862684439749,-1.2615719025198446,0.45803692939667146,-2.357418639995311,-0.37748829075889595,-1.4142003681775401,-0.9106407734804848,0.30712687847759007,0.0821690776159714,-1.1297051981703223,-0.8281431592994484,0.8625137153349035,0.8918767272629925,0.2857518833962749,-1.525410642437618,1.8363488147041784,-1.7603839279224551,2.3904662455913943,1.3652161630050104,2.709273774911163,1.525410642437618,-0.2857518833962756,0.5494904413305014,-0.7097714541928067,1.846654014360876,1.0284292798688959,1.3832900426299712,2.558424754559094,-0.22015379130249568,-0.3747723420151606,2.1861464906907218,2.138473883589221,-1.5452039908641146,0.9266066825629212,2.167718475462618,2.7669080659755845,-0.15990635171348128,-0.37174181903963527,-0.9883334727336057,1.8324941171189824,1
-0.9974061379159777,-0.7462318004251005,0.5693561964423357,-0.13478617003801185,1,0,0,0,1,0,-0.785777293743885,3.1253421048249215,-0.8350740607153893,4.576776404235873,-0.46758293208315554,-1.1334229812402146,1.5143036086728343,1.0898480602570806,-1.3107277754033622,1.5346429230956018,0.26985663463879933,-0.06941781796071883,-0.5262219051487603,1.2706657039187033,-0.030395831156487776,-0.7334201872441759,1.7131954073172015,1.0053723282554412,0.2567889334467663,-0.34935776200978186,-0.8360418305383365,-1.5263005417591924,1.0547922212096201,-0.37442834260692315,0.630723557176141,0.34935776200978186,-0.25678893344676695,1.2736557955169365,0.04072103005925432,0.22727954162577424,-0.19901826712392082,0.47867119015075044,0.6051151385615076,-0.9541866793037505,-1.149926711256571,0.5118468759157585,-0.8314172830871166,-1.4693273852002382,-0.3050275328241268,0.2616765845888761,0.09305597698558829,-0.2550758902638815,-0.4540570296619595,-0.6543183440496418,-0.08511336124321738,1
-0.9974061379159777,-1.3388904177687242,0.5693561964423357,1.7718540298733036,1,0,0,1,0,0,-0.785777293743885,3.1253421048249215,-0.68155588370685,0.5956667882846075,0.8133652694943978,1.9432627610667372,0.6324184338787913,0.5117501780507463,0.315324801954621,0.4501277422708278,0.15241493343756013,0.3144392282732085,-0.1548095505449648,1.2047171439130986,-0.1695416444342783,-0.708044575640586,1.528045706101738,0.8489868686116524,0.7646392799752116,-0.3295023237687909,0.3243459483687745,-0.8722362771590291,-1.1425760826755855,0.907090425250944,0.630723557176141,0.32950232376879157,-0.7646392799752123,1.3850658500071569,0.04072103005925432,0.6639647927004092,0.1627557467265941,0.785900234388976,0.8886600828192224,-0.30171300108041293,-0.6516131881728072,0.7598912632898273,1.0282341951120857,-0.2553016945782196,2.5596624200020446,1.3767759221068474,1.734598082251598,3.2027506770673386,0.5337254978059351,0.4033962301162448,2.822227009176893,1
-0.9974061379159777,0.49062096620506923,0.5693561964423357,-0.13478617003801185,1,0,0,1,0,0,-0.785777293743885,3.1253421048249215,-0.8478672421327675,5.294301974552671,-0.923865887798175,-1.6879419231676303,0.31654079231234844,0.5012739212133196,-0.7942649178493495,0.3073577872333513,-0.26560342955708727,-0.01443176430550265,-0.5162668277910573,0.7367240131063284,-0.32074876379697725,-0.6979990176649841,1.2873561933134032,0.798698464787723,0.7577574583546642,-0.7712178265546397,0.29596827617401594,-1.0093332586894845,0.38436505274765537,0.8612998229749923,1.1250710634313756,0.7712178265546397,-0.7577574583546649,0.911573118423719,-0.10937746679115769,0.6730624020977969,0.17567624722125458,0.700558833211691,1.0146800580448727,0.02452383803125581,-0.319404172783631,0.8839134569768611,0.16779843654230542,-1.0140677512169813,-0.3415203984652251,-0.10137901367278856,0.24536400737109418,-0.15990635171348128,0.5337254978059351,0.18071947766026855,0.34789477903211874,0
1.4184185236643685,-0.7977673323680251,-0.4445202009343899,1.0385308760612593,1,0,0,1,0,0,1.1070632568759857,-0.6286416330513195,-0.6943490651242283,0.6477452570979235,-1.6385632456678554,-0.9840606210758944,-1.2198876086234731,0.06795054355860322,-0.12307819805724356,-0.9659839280067845,-1.0099767019064847,0.4882345663629694,1.4845419209391295,-1.140455930192313,0.36403422509736966,0.14237836293261308,-0.8923185094879711,-1.0823148661387598,-0.5252107151899527,1.1867913099014362,0.5567532872820564,0.2714172417476604,0.3113285437185946,0.42017420726071253,0.25634936577304546,-1.1867913099014362,0.525210715189952,-1.0938078624002545,0.26586877533487285,-0.18211288125669506,-0.08273376267196997,-0.42594766232847037,-0.6235796198885869,0.4323198869208419,0.7879592118469556,-0.23228628620644656,0.8616982418405155,0.6552175733882943,1.1181942271786838,1.130416766143575,1.2607508766078017,0.37938770007212164,-0.9479482933959068,-0.5429799678216537,1.3376276710900281,0
0.15910566815972013,0.18140777454752677,-0.15484123025532542,-0.8681093238500562,1,0,0,1,0,0,0.8294466427850714,-0.57572767392078394,3.9367826079667037,-0.7537442036337575,0.6760230704348549,0.13973462171732787,-0.6124708512690278,-0.4089553773386894,-0.9002249581552737,-1.3902217596160562,-1.1658725278674542,-2.3846224762289014,0.20132058856799434,-1.5876418699006336,-0.6288177003964003,-0.43167000580033693,-2.56254220885852,-1.659429468459055,-0.8569681418843186,-2.402410076128092,-0.7346974219079778,-0.06863167855840126,0.7968509497801972,-0.6628730813530694,-0.10441850825202534,2.402410076128092,0.8569681418843179,-1.5255218235498598,-0.7472960784054096,-0.646090960523493,-0.7513696632706881,-1.6121931386927328,0.10891148611050791,0.18764225758709038,0.7049069579996614,-0.790386157798101,-0.7481493064513315,-0.17942508891434333,-0.350643614875499,0.09311505682453199,-0.1777138548108673,-0.5405845059150832,1.439192814651505,0.29205785388825667,-1.0748462533011267,0
-0.020796168340944693,0.5163887321765315,-0.8790386569529866,-0.13478617003801185,1,0,0,0,1,0,0.7411140837561441,-0.5629352881969182,0.764073616456894,-0.5598965697175259,-8.509132062871742e-4,-2.3669184983433978e-4,-0.16695047127884474,1.037203069464424,-0.9341543469177861,-0.2906416073134083,-0.6544449485566033,-0.8424136592158556,0.451944811537469,-1.2170477379299411,0.3055564610131058,0.0759222940789957,-1.6915780369809845,-1.5949432844337852,-1.09419253839158,-0.06374491962016399,-0.9839110653652074,-1.1174940084095004,1.3533148702237463,-1.2847017643609329,-0.7063412015319023,0.06374491962016399,1.0941925383915794,-1.1495128896453646,0.26586877533487285,-0.03655113089848297,0.007709740790658993,-0.6649035856248688,-0.37153966943728567,0.5138790966987595,1.2862727349307197,-0.046252995675895824,-0.8036612908751883,-0.8623145398892288,0.9722227646142934,1.6101688067036326,0.8715192434003977,-0.28679906978068154,1.1099319721622063,1.1827648637121608,0.7809029193074537,1
0.6474106529472365,-0.9266061622253344,0.27967722576327125,0.3052077222492148,1,0,0,1,0,0,1.0187306978470585,-0.6205010239543141,0.6361418022831113,-0.5373292332317556,-0.16155743295805058,-0.06194928377401448,0.827174049081636,-0.1099673844448245,0.009880436778922275,1.1152333188326018,1.286462990109583,-0.9666414693303926,-1.7189221352130584,-0.6167432901710793,0.23176753067825714,1.1543301190505644,-1.0226628396377868,-0.8206692486716333,-1.887285220561891,0.5534028300138731,-1.7664482795713803,0.38311331062936876,1.1464835584001425,-2.520663230834484,-2.473688683928142,-0.5534028300138731,1.8872852205618895,-0.7038726716844818,-0.03432821836595151,-0.6915790075104341,-0.04397226118798574,-0.4430159425639276,-1.411204465048904,-0.7910682597479163,0.06817301183707392,-0.4183195767369984,-1.5808290728091832,1.33810702436318,2.6144017184636907,3.0105261142843402,1.345366449044194,-0.0647368131630805,3.4970730802096184,4.467246962437809,2.3273605631479377,0
-0.1749977424843705,0.7998341578626126,1.0038746524609323,-0.8681093238500562,1,0,0,1,0,0,0.21111872958258027,-0.4751330043649305,2.1201508466989902,-0.6981938368995538,0.6681722874730492,0.17416845924023996,0.984051223627441,-0.15033600509120848,0.10507918801172136,0.5792990941227094,0.5074154924199985,1.6321503516917137,0.08447171290634027,0.8110743330662827,-0.5835184071450611,-0.8510796227250165,0.16185680488689352,-0.5245197693708927,0.4700615648931452,1.7598570774187565,-0.5579312639142804,-0.37821504566107317,-0.9988997132183797,-0.6221012658213108,-1.1717564566106689,-1.7598570774187565,-0.4700615648931459,0.939425632046274,-0.40957446049198204,0.5365982611369737,-0.018131260198663828,0.0519641842643253,0.5421051509486824,0.5954383064766764,0.40038202722625016,0.139780294854656,-0.6093693453916895,-0.482931511569848,-0.4509989953885172,-0.8663890242955825,-1.0238695791747903,-0.15990635171348128,-0.7833178721512579,0.013711913318286572,-0.3944048900113141,1
-0.6890029896291251,0.8256019238340739,0.27967722576327125,-0.13478617003801185,1,0,0,1,0,0,1.2584905009255756,-0.6402710746184702,0.41865771818768077,-0.5008743050624344,-0.34492642700198883,-0.10532697519898168,1.0829551275020466,0.2492732169192465,1.109940202360219,0.07144102418778782,-0.8063896874005096,-0.22136496760024693,1.130747640866865,-0.011856784674279336,-0.6852360850626225,0.8241963066443188,-1.2613206179972167,-1.5924263166042,-0.2947266082233409,-0.009609152108407288,-1.517722626384667,-1.0285897805824116,-0.6890876368545653,-1.347216148334305,-0.5063482701970793,0.009609152108406583,0.2947266082233402,-0.09111737198826762,-0.7097714541928067,-0.2912841940253525,0.1627557467265941,-0.3576745413866426,-1.442709458855317,1.0847935651441794,1.397009073393778,-0.728375060954584,-1.3032691506898992,-0.5588081172337243,2.021392651795853,1.2600794798084554,0.5415185108984673,2.790349343348936,1.0276167615398821,1.127095675598167,1.244840212459599,0
-0.12359721776989524,1.3409572432633117,1.4383931084795292,-0.13478617003801185,1,0,0,1,0,0,2.823238689438002,-0.730399246763888,2.299255386542286,-0.704558983087848,-0.116948579904442,-0.017230014263739015,0.8851690508819327,0.7573958078831553,-0.801682799925076,1.966423372129492,1.1679556325225056,-0.1510716194622321,-0.9496885672338041,1.176776552886242,0.6101791852888749,-0.14072819946519755,1.6395745253043832,1.4454327671476348,-0.37315522795503414,0.1640471410786609,-0.055027846546393124,-0.42828540273268684,0.9545089753436502,-1.0307370794691082,-0.10721575757395624,-0.1640471410786609,0.3731552279550334,1.4686233908748227,0.9413120111617277,0.9459906840194431,0.7183372679970265,1.4174266031008858,1.0146800580448727,-0.6279498401920818,-0.5408768497097485,1.3800022317249987,0.0012624832707351544,-0.3311783002420958,0.2606118846128881,0.7284623537824456,0.22844089288381547,0.030432725387320277,0.28677986593896093,0.4033962301162448,0.34789477903211874,1
-0.25209852955608386,-0.17934094905293926,-1.168717627632051,-1.161438585374874,1,0,0,1,0,0,0.9177792018139987,-0.5984050849767277,0.46983044385719386,-0.5141832470925041,-0.20225501140774,-0.06284366916421999,0.2695069229300511,0.42215989957082506,-0.4705946492005054,0.9588971866865151,0.5991810334995396,0.4272627025554672,-0.7224994860121241,-0.2793398400767759,0.09773704594281636,-1.310004765610762,0.23103840270325854,-0.8300087947128828,0.004530982273632039,0.5782415939310317,-0.6538690137039324,-0.48151688373001805,-0.6731098025896756,-1.0663145110971235,-1.5893067289522633,-0.5782415939310325,-0.004530982273632748,-0.20252742647848845,0.19081952690966666,0.3091580262022686,-0.44450777652248397,-0.33207212103345735,0.46334266643265065,0.3915402820318834,0.42806611184201476,0.139780294854656,-0.6371253376036178,-0.482931511569848,-0.11343998820836432,-0.4385020692014777,-0.8038690908401701,-0.28679906978068154,0.4514102871836102,0.848749735028197,-0.7036964187794109,1
0.7759119647334253,-0.41125084279609675,-0.15484123025532542,-0.8681093238500562,1,0,0,1,0,0,0.5013542806776271,-0.5228137147902483,1.2118349660651333,-0.6270199295213553,0.2679130466293209,0.08249395674417527,0.8879062956864087,-0.04499309503645388,-0.27910038407494625,0.37401875898316783,0.2522665777758286,2.0049804112264757,0.4268938753199846,0.07649971709408342,-1.181930253133605,0.16174754195571248,-0.07449350120850178,-0.12065814359944849,1.7233673990718612,1.0253393444399002,-1.1582177022359639,-1.122277346409366,0.5440802557406765,-0.5791416943341882,-0.4457580991304005,-1.0253393444399008,-1.7233673990718619,0.5216379277079463,-0.7848207026180125,1.7647755297843817,1.5969313016339897,1.4856997240427134,0.9831750642384596,2.5528593411466898,1.6184817503198954,1.2559800380379649,-1.192245181842186,-1.2416975682086098,-1.0166384128255321,-0.62002986833231,-0.7869459763528921,-1.1433249167342867,-0.5363722402842841,-0.09762646290970158,-0.76555472453303,0
-1.3572098109173063,0.28447883843337485,-0.8790386569529866,-1.161438585374874,1,0,0,1,0,0,0.6149247137148194,-0.5396764050626168,0.8536258863785419,-0.5824639062032961,0.08935565103722655,0.03509153106328328,1.8264673651425867,0.6697460665660574,-1.653012151169994,2.585320476048486,1.078771151709477,0.4669392519970248,-0.6624771983228562,1.3667614843327505,0.28471804683893825,-1.2005876368289181,1.7265254341268317,0.4587954933769733,-0.37315522795503414,1.0069402600568196,-1.1740953612902356,-0.6340232059066162,1.053248196101491,-1.780608106180579,-0.9545308290947446,-1.0069402600568196,0.3731552279550334,1.1900982546492709,0.19081952690966666,-0.19121049065408274,-0.7675202888890147,-0.11871861809024475,0.2270552128845555,-0.6279498401920818,-0.5408768497097485,0.139780294854656,-1.0257092285706153,-0.4070549059059717,0.7532655707677065,1.234146937075479,0.31305646532020776,0.030432725387320277,0.03983423407198747,0.6260729825722207,0.6571863078002155,0
0.2876069799459088,0.43908543426214564,-1.8929150543297122,-0.4281154315628296,1,0,0,1,0,0,3.1513310515454465,-0.7402842720959661,0.7512804350395157,-0.5593179200640446,-0.6165596934102537,-0.13707765655127727,-0.49436690541490885,0.8960160928008698,-1.4524855846380282,0.23927991098455967,-0.39403555288506875,1.3454914182029438,1.8483361844537387,-0.7898525231528137,1.5889336142747932,-1.391914559103636,0.841944855039789,-0.36005682929862803,1.1921218465220598,0.6527578856825103,-0.10178211838165832,0.36194860683485686,0.5868565565845021,0.5116063832429446,0.16074010258730215,-0.6527578856825103,-1.1921218465220604,-0.8988402670423681,0.9413120111617277,-1.0099953364190213,-1.4781478160953823,-1.1428154322176651,-0.40304466324369825,1.4110304042558486,0.8433273810784847,-1.720552610450858,0.0012624832707351544,0.5034643620605421,0.4521994292286506,0.7025298110494701,0.8884423578876751,-0.5088613263982832,-0.37174181903963527,-0.09762646290970158,0.40975308478573785,1
0.33900750466038404,0.33601437037629844,-1.6032360836506476,-0.8681093238500562,1,0,0,1,0,0,-0.6091121756860305,0.2179817130372503,0.815246342126407,-0.5697336138267077,1.2952653547993231,0.607945373489912,-0.4237362109092833,-0.9010701424799148,1.456838246121253,-0.4441642985851972,0.5051540330012982,0.3813337744391592,-0.6861202694674494,-1.197296018379417,-0.10429956801247398,0.8363695962467981,-1.0856390532895663,-1.0355849388253768,-0.9568520983084287,1.4690880481284772,-0.607108558103629,1.1322620312009395,-1.1510759017662389,-0.47646378908475723,-1.6677721158175496,-1.4690880481284778,0.956852098308428,-1.0102503215325889,0.26586877533487285,1.1734309189541483,1.4935672976767,0.8883099158017184,-0.2140147004052217,0.5954383064766764,1.2862727349307197,1.5040244254120325,-0.6648813298155464,0.8069707847160468,-0.5239847266707137,-0.996051737960463,-1.0915620371239039,-0.635754044465484,0.12214944469431245,1.0714264874841732,-0.45626319576493324,1
-0.7918040390580765,-0.6946962684821769,1.0038746524609323,1.0385308760612593,1,0,0,1,0,0,-0.6722068607066928,0.6482710510218256,0.6873145279526244,-0.5477449269944188,1.457211819684831,0.9218746454520458,0.047476867614623455,0.621963257787622,0.08419038525720149,0.523754731941777,0.25532316823973894,0.5378012463526709,-0.6433452608350738,0.5097780369063246,0.7073601165762842,0.0855084453591998,0.46815910849739245,0.19681534124732306,-1.2173253467419909,1.9408252145294884,0.4433464678121756,-0.14504625384389455,-0.029163335858232983,-0.24334029493001602,-0.13978074968002882,-1.9408252145294884,1.2173253467419902,0.6887530094432773,0.9413120111617277,0.7003552302899613,0.6408142650290589,0.8200367948598906,0.2270552128845555,-1.0357458890816678,-0.6516131881728072,0.8839134569768611,0.3620903820258042,-0.17942508891434333,-0.13168642102891215,-0.127311556405765,-0.21156008378542468,-0.033013633646279864,-0.8656330827735822,0.013711913318286572,0.2860364732784985,1
0.18480593051695732,-0.02473435322416849,-0.8790386569529866,-0.8681093238500562,1,0,0,1,0,0,3.895848334789262,-0.7600543227601223,0.7384872536221374,-0.5575819711036006,-0.7344913508946546,-0.15362378627007917,0.4943385892956982,-0.16902733919197463,0.6500133854586218,1.0116958558492049,1.7092707053345653,2.761853779723259,-0.9042442728617412,-0.5437619884804301,0.10838175689936484,0.8861401198285564,-0.26273936892213,0.662530333775074,2.932050889309228,0.8588667777610675,-1.2307104138887506,0.3405697924406816,0.0018952879010787856,-1.6272636927555608,-1.5753037102516938,-0.8588667777610675,-2.9320508893092287,-0.6667359868544083,-0.18442671521636386,-0.8280431484712572,-0.29376860408476996,-0.3747428216220998,-0.5605696322757617,0.8673023390697335,-0.3563162856046509,-1.307145298160744,-1.1644891896302574,0.27583454506891375,-0.10431677179808911,-0.08841274230630035,-0.7192535184037778,-0.4136917878478824,0.6983559190505837,1.3497724280541432,-0.2706882785040748,0
0.46750881644657266,-0.9266061622253344,0.27967722576327125,0.3052077222492148,0,1,0,1,0,0,-0.34411449859924853,-0.2442885892569894,0.6361418022831113,-0.5373292332317556,0.7118913981583822,0.22738438995746776,1.8460980671578304,-0.44337864905349494,-1.0036473708927902,2.0660856348663867,2.259771796561819,1.5054953526131365,-1.6216713138684975,1.210951165448231,-0.016537056973071184,0.04073690476624316,0.6757772458084783,0.743788213523875,1.2994551316290601,0.7645323233097284,-1.3570761650791272,0.591984649716187,1.4129562390343542,-2.1210592509173147,-2.2116495861575087,-0.7645323233097284,-1.2994551316290608,1.106540713781605,-0.03432821836595151,-0.04564874029587195,-0.018131260198663828,0.2567835470898098,0.1325402314653172,0.5954383064766764,0.012804842605544792,0.015758101167622184,-1.1182292026103766,1.33810702436318,1.9605712090606882,2.57831706873474,1.2325456857956714,-0.7520723693604175,2.5367289562824986,3.539427160537908,1.8118746818677758,1
-0.1749977424843705,0.9802085196628456,1.0038746524609323,-1.6014324776621007,1,0,0,1,0,0,0.21111872958258027,-0.4751330043649305,0.7768667978742723,-0.562211168331451,0.2738588791022284,0.06907817589109264,1.4258540449245627,-0.6205477387366886,0.2717544000632954,0.5746276417244895,0.2946836105056495,1.529313443642441,0.24681707908261058,0.9938146231193306,-0.5732079953183982,-0.8178224724842923,0.31221669626543475,-0.17256221387193116,0.8018189915875111,1.2905668235553318,-0.9896768969432039,0.27749405963617224,-1.1933300830609521,-0.4666961405627593,-0.5515765414077971,-1.2905668235553318,-0.8018189915875119,1.217950768271826,-0.3345252120667762,0.7913313242638433,0.2015172482105774,0.32505666803163763,0.9516700704320475,0.758556726032511,0.40038202722625016,0.5118468759157585,-1.053465220782544,-0.1035484832504671,-0.989268763594709,-1.3720736075886157,-1.430024326869473,0.030432725387320277,-1.0302635040182315,-0.5986491559356475,-0.8892713360402683,1
0.8273124894479005,-0.12780541711001567,-0.15484123025532542,1.478524768348486,1,0,0,1,0,0,0.4256406586528323,-0.5059510245178798,2.849362187489551,-0.7242330713062118,0.6895747810880961,0.17059091767941792,-1.9934743606751018,-1.1659319889164896,-0.5721529050406935,-1.8632675970249586,-1.7299196720815986,-0.15631826479765865,1.1925898599043518,-1.3517185530471512,-0.8735928288422327,-0.5997734554988919,-1.0837884542992342,-0.5319842070941825,-0.3471945350124867,0.13114384342216406,1.4213533736743484,0.7251321267327703,0.17943770758156688,1.4424882364774396,1.7296012622879589,-0.13114384342216406,0.347194535012486,-1.1495128896453646,-0.4846237089171882,1.5191400760548999,0.9121447754169449,0.3762615087380082,2.0228398598500785,0.4323198869208419,0.6772228733838963,0.8839134569768611,1.4723300705029398,0.8322629866040054,0.37921369794645543,0.4172718409867329,1.0069041592986248,0.728342674756924,-1.0302635040182315,-1.0996718489615938,0.7809029193074537,1
-0.4063001036995106,0.28447883843337485,-0.8790386569529866,-1.161438585374874,1,0,0,1,0,0,1.2080147529090457,-0.6327119375998222,0.8536258863785419,-0.5824639062032961,-0.13621236902120554,-0.03645930015315746,-0.23221101367422486,-0.2317941345460576,-0.3392451407517378,0.5127294433943403,-0.049134647151992505,-0.4540589184193542,0.012885003084425754,-1.4232104672451762,-1.1649917912777477,0.6085421500161058,-0.9784542046034438,-0.7904749208450976,-1.1427899248825406,0.5141229242844115,-1.0991600625371278,-0.848918478064549,1.075285645372082,-1.6628828396849975,-0.70786745903156445,-0.5141229242844115,1.14278992488254,-1.4280380258709164,-1.3101654415944555,-1.2465331807511142,-0.7933612898783374,-1.091610591511294,-1.348194477436079,-0.709509049969999,-0.26403600355210183,-1.2244638357027204,-0.9146852597229018,-0.5588081172337243,1.0634549287170376,1.5323711785047043,0.6176725260912207,0.37938770007212164,0.5337254978059351,0.9044189231421907,0.9664778365683122,1
0.46750881644657266,-0.17934094905293926,0.27967722576327125,1.0385308760612593,0,1,0,1,0,0,-0.34411449859924853,-0.2442885892569894,0.20117363409225028,-0.4702058734279261,0.4858829116014473,0.17551003732554823,0.03463941192352679,0.27396396142791474,0.6200760472261426,0.14672443489123077,0.5028142893563736,0.46624478941586084,0.04931133374061331,1.272666010866507,0.15291043739838683,-0.012037949407649873,0.7062451410200954,0.6943569957595914,1.5307508023525969,-0.8822777243979375,1.2234659371951737,-0.22284181542972809,-0.8597617074479555,0.5020853467357063,0.02422125875777189,0.8822777243979375,-1.5307508023525975,1.245803281894381,0.19081952690966666,0.15449866644666885,0.12399424524260985,0.4103980692089227,0.25856020669096863,0.758556726032511,0.06817301183707392,0.015758101167622184,1.4723300705029398,0.04820472807728505,0.8627441676909999,0.2357440418559006,0.43151826673115745,1.109020828958526,0.6983559190505837,0.29205785388825667,0.5953280020465953,1
-0.35489957898503444,0.8256019238340739,1.4383931084795292,-0.13478617003801185,1,0,0,1,0,0,0.9430170758222637,-0.6018939174468729,0.41865771818768077,-0.5008743050624344,-0.23747723030388368,-0.07581225732219987,1.9433305992141976,1.5858680030752168,-0.6148131520973097,3.3766670581460447,0.8729385133396204,2.565102795090181,1.4961375791588885,1.315823495466657,1.5304486112507638,-1.3287405753336812,3.8088445090085297,0.9094816554697435,3.88439841462266,-0.3540047794704394,-1.3874931713243335,-0.6434837817587443,-0.49478595967823014,-0.7848743354449973,-0.2469310000220157,0.3540047794704387,-3.8843984146226607,1.7471485271003746,2.067050737539819,1.2644070129280303,0.26611975068388355,1.8441336089873108,0.3845801819166189,5.488990893151709,2.7812133041820113,0.7598912632898273,-1.2107491766501381,-0.3058860983541368,1.2003031748711541,0.7198181728714541,0.3299795798074865,1.7329100261222636,0.6160407084282594,0.4776218142682366,0.47161139053935697,0
0.8273124894479005,0.33601437037629844,-0.15484123025532542,-1.6014324776621007,1,0,0,1,0,0,0.4256406586528323,-0.5059510245178798,-0.630383158037337,0.21954451352176993,-1.1401126112160225,-0.5587803680331749,-0.05646983971143004,0.28278014309232397,-1.0355615932517703,0.1308410212117862,0.18567597094703078,0.919959779995422,0.6105911321786358,-1.3691608574147418,-0.42069564626173406,-0.7651764481741796,-0.7331174041124446,-0.42085701576795786,0.9041108648182741,0.3580292690535297,-1.2895267096514607,-0.8095682840129584,0.6467188524142004,-0.9037044469865813,-0.6522728186168805,-0.3580292690535297,-0.9041108648182749,-1.1972600558554596,-0.07721350318035518,1.1604343341007368,0.5245297605771081,0.18607210040005875,1.7347942021914482,1.2945172474302522,0.8828760733867198,0.22836757605968017,-1.2200011740541141,-0.7864379342253526,-0.12256320461863823,0.22277777048941236,-0.1607907403235886,-0.6040308649486834,-0.28942660841731066,-0.15329565102369538,-0.20882997275045564,1
-0.020796168340944693,-1.0296772261111817,-0.8790386569529866,-0.13478617003801185,1,0,0,1,0,0,0.11016723354952047,-0.45245559330898666,0.48262362527457214,-0.5170764953599105,0.21019201111646588,0.0516376607820852,-0.7533315465690612,-0.8962749513776821,2.1051238050059893,-0.9053776247876607,-0.5446567242848565,0.0759982245397383,0.5573709490316813,-1.6492773907048723,-1.465269068129143,2.927917148124327,-1.7447829850761143,-0.9933064935182365,0.2365429878509938,-0.13094794135889876,-0.6004126823221723,-0.23770888772137846,0.06449960310350643,-0.5069901799881326,-0.26169004284002634,0.13094794135889876,-0.2365429878509945,-1.5115955667385823,-1.2351161931692491,0.8914050276351143,2.4496843342816317,1.3662217623945152,-1.6317394216937933,1.8188264531454346,1.839954427246013,0.6358690696027934,-0.49834537654397587,-0.1035484832504671,0.40658334717727845,0.37837302688726915,0.1438253204474232,0.3476645205553221,0.9453015509175579,0.9600881112561845,0.47161139053935697,1
1.135715637734753,-1.1842838219399534,3.176466932553916,-0.8681093238500562,1,0,0,1,0,0,-0.4198281206240434,-0.14834569632799627,1.4804917758300769,-0.6542164632349758,1.1163147015386627,0.39150410906017874,3.6208317321951218,0.20974506084201422,0.7889281976001803,2.2153082215217488,1.8977933865096612,0.9475150083015466,-1.4374482333332257,4.38430841581867,-0.7823560929998032,1.4042334327151904,1.8386869614836003,1.773416790471861,0.9153149533513734,0.3844992353771891,-0.6541053540787981,-1.0716288377881669,0.3326279007522608,-1.1695279709577593,-0.7358280203996261,-0.38449923537718983,-0.915314953351374,4.950187593694221,-0.4846237089171882,1.0733572155828786,1.7390568070752632,2.5951379393474188,-0.49755964466293656,-0.30171300108041293,-0.7069813574043363,1.814079909629618,-0.3040534310604773,-0.6346847228976005,1.8936676220520103,1.8176291485674405,1.1084428462222957,1.1724671879921262,1.2745623934068555,1.6837875567381073,1.8943524228726025,1
-1.0231064002732158,0.5421564981479937,1.4383931084795292,-0.4281154315628296,1,0,0,0,1,0,0.33730809962390496,-0.49664747126415926,-0.4512786181940413,-0.12764527856700325,-0.7135919080153248,-0.28330966784987804,0.2939446921555462,0.6164980264110318,0.7292192946251042,-1.496512068318498,-1.4985991223585375,-1.1189804065834705,1.428155048237228,0.7586349141839696,0.7793255178056353,0.5148247345556659,-1.376610156077081,-0.7825141749126753,-0.8195116582252774,-0.7133741297612556,0.34928181768062194,-0.06545169312726565,-0.47951799602317813,0.6566681912980545,1.1842794666277066,0.7133741297612556,0.8195116582252766,0.4241541300290032,0.3784426479726819,-0.8052991249777867,-0.44450777652248397,-0.9294619292744525,-0.7180946013078251,-0.01625576685770265,0.42806611184201476,-0.6353584156893081,0.27882240539001907,-0.1035484832504671,-0.12256320461863823,-0.3477381696360611,-0.07617516788719629,1.0138512904081252,-0.7010026615289333,-1.0440026608476,0.10046155601764112,0
0.6474106529472365,0.4648532002336079,-2.617112481027373,-0.8681093238500562,1,0,0,1,0,0,-0.1295925695289965,-0.37453833480907706,0.29072590401389814,-0.4864080637254022,0.30102487377025833,0.08786026908540832,-0.21843656999915317,0.9702389585648719,-0.1853589037629511,-0.6070027401348564,-0.9489032976553528,-0.6008979058722614,0.7880614208344268,-1.2330605448067928,-0.5511617691083903,1.4656592136208393,-1.7456812259916323,-0.9986181996243273,-0.958568853809468,0.13114384342216406,-0.9283181997422135,-1.88382518056744,1.7262379930572131,-0.9109660799275318,0.2586644537347044,-0.13114384342216406,0.9585688538094672,-1.2052179168904753,-0.6347222057676005,-0.46413877257572894,0.31780175266252825,-0.42594766232847037,-1.1276595207911904,0.02452383803125581,0.5664865349208381,-0.4803306735805153,-0.9979532363586869,-1.848710413519619,-0.9436526815433369,-0.02358138547386016,-0.38079122865820925,-1.1433249167342867,-0.5363722402842841,-0.5429799678216537,-0.76555472453303,1
-0.5605016778429365,-1.0554449920826439,-0.4445202009343899,-0.13478617003801185,1,0,0,1,0,0,0.5392110916900246,-0.5297913797305387,0.44424408102243734,-0.5066608015972472,-0.054993168078861926,-0.01588843617843075,0.48339128612123816,-1.9913915433589375,1.0525439122970546,-0.3864199788197452,0.022948612137413164,1.1560883869011227,0.22899161028734108,-0.5551680186532907,-1.8234413698579974,0.7414222774355763,-0.7775624041361175,-0.7697576504047683,0.18032674558006626,1.3979208031972914,-1.2268846932933255,0.9065638536564675,-0.6938049022089613,-0.2489891080594143,-0.7813528441594876,-1.3979208031972914,-0.18032674558006695,-0.5089050763265954,-1.685411683720486,0.09991301006234013,0.47284775859846334,0.12023730520615308,-0.7495995951142377,0.35076067714292497,0.2896456887631914,-0.4803306735805153,-1.1843148983530636,0.6877361186728133,-0.350643614875499,-0.638553113141579,-0.685407289429221,-0.2233527107470814,-0.4422977138587703,0.2522941480925468,-0.014418154667652658,0
-0.2263982671988458,0.7740663918911503,-0.8790386569529866,1.0385308760612593,1,0,0,0,1,0,-0.38197130961164594,-0.20067818338017435,-0.029103631420558513,-0.4036611632775779,0.37765514928041044,0.15762232952143804,-0.12149163817015263,-0.5258898286757455,-1.5112391678466854,-0.18546710814727554,0.16819721086735484,-0.7829644670477176,-0.44341522337440403,-0.3877978641445759,-0.6901330522393424,-0.37528919341138606,-0.7275704206395042,0.009248866460164169,-1.089198340570375,0.012383503443245562,-0.21854597626042227,0.03044015219563811,1.688785122631626,-0.4708922768622653,-0.20963489379569203,-0.012383503443245562,1.089198340570374,-0.4253475354589299,-0.7097714541928067,-0.2730889752305771,-0.4186667755331612,-0.6649035856248688,0.6366201323679207,-1.1173050988595852,-0.8177176958673952,-0.17027518936292965,-0.24854144663662048,-0.02767187758659086,-0.15905607025973648,0.7154960824159574,0.46536449570571364,-1.4288335323854886,-0.28942660841731066,-0.32030321536567735,-0.332546584257695,0
0.6217103905899984,0.5421564981479937,-0.8790386569529866,-1.161438585374874,0,1,0,1,0,0,2.217529713239643,-0.7077218357079442,-0.3361399854376369,-0.2543695526794055,-1.1799826361107302,-0.3477054159446747,-0.8176701763689311,-0.21642624858632908,1.1919962698135764,-0.9274720959491654,-0.43739127399912964,1.1836084854663445,0.8186900518609055,-0.5749157495743052,-0.3518625680806959,0.5526846835802192,-0.6374445024513858,-0.6715130817121868,0.2181716668474233,1.3979208031972914,0.5625412415910326,-0.05543637818693678,-1.0741040266561486,0.6208759091970674,-0.08697174701729701,-1.3979208031972914,-0.21817166684742473,-0.45320004908148526,-0.18442671521636386,0.5184030423421971,0.7441782689863493,0.4274663494443799,-0.34003467563087314,0.6769975162545934,0.6218547041523672,0.139780294854656,0.3898463742377325,-0.17942508891434333,-0.3871364805165972,-0.8534227529290943,-0.5838686025055501,0.15732544345452057,-1.0302635040182315,-0.5429799678216537,-0.023255055489598248,0
1.110015375377516,1.4440283071491598,1.0038746524609323,-1.8947617391869185,1,0,0,1,0,0,-0.5333985536612357,0.026095927179264008,-0.09306953850744984,-0.3799365274848451,0.5918732820097946,0.3136925801122994,1.7139562800645356,-0.4099346584665945,0.6184690861787591,1.026351058268675,0.8357585858772419,0.5270148294808878,-1.0892658330684535,1.6506880258230425,-1.5998487044507466,1.0273019094846656,1.3793588018320737,1.3468339074414302,1.2589070016997488,-0.529783266025729,-0.7339499038130121,-1.0400451278619345,0.18687138677022497,-0.018785488900143053,0.2283940769435299,0.529783266025729,-1.2589070016997495,1.6357384726101538,-1.4602639384448675,0.21818193222838655,0.7312577684916879,1.3150169216881435,-0.6235796198885869,-0.8726274695258333,-1.3713993881826885,0.3258135853852078,-0.6648813298155464,-0.9381911455531051,0.1785029369204177,0.2487103132223888,0.22844089288381547,0.1890486229713212,0.2044646553166367,-0.04195727479570725,-0.023255055489598248,1
0.544609603518286,0.6452275620338409,-0.4445202009343899,-2.6280848929989626,0,1,0,1,0,0,-0.43244705762817587,-0.13090153397727022,-0.1442422641769629,-0.3700994833756632,0.35708231377937705,0.18534827661780884,1.147238651109913,0.6768863095301499,-1.1664786928528466,1.7828347712000614,1.6250954601873826,1.881774622362456,-0.9962150527516149,0.276359890412131,0.12129962871179577,-0.3423763454228235,0.5980405792622464,1.2351387532400053,1.0008734476041308,1.573862047610503,-1.319127725003028,-0.8075323973073885,1.2505602418963138,-1.8154879557848487,-0.9068310965746158,-1.5738620476105036,-1.0008734476041314,0.1317027369921738,-0.03432821836595151,-0.4186507255887879,-0.5220307794904515,-0.27233314020935756,0.6996301199807459,-0.38327221085833024,-0.8177176958673952,-0.046252995675895824,-1.3032691506898992,-0.9381911455531051,-0.7976812189789466,-0.10137901367278856,-0.8038690908401701,-1.0481553781838862,-0.6186874509066087,0.1250502895462747,-0.7036964187794109,1
-1.0488066626304537,-0.3854830768246345,-0.15484123025532542,-0.4281154315628296,1,0,0,1,0,0,0.45087853266109723,-0.5117657453014551,1.096696333308729,-0.6206547833330611,0.2556084424433628,0.0860714983049973,-1.4508771086273,0.4269603338858147,0.02946863189279581,0.6708928972392832,0.26630641857226306,-0.5867393185768924,-0.5248799940117448,-1.1350872753516281,0.7166547752028378,-0.5098068058266912,-0.14847980545456219,-0.5399612778939439,-1.4375436385994584,0.625495827724652,0.8833141066051443,0.13191256395352716,-0.552591281277362,-1.0535630551962272,-0.8733784796860753,-0.625495827724652,1.4375436385994576,-1.142549761239726,0.3784426479726819,-0.6802069957636988,-0.8159721657439942,-0.8227851778028462,-0.4424259055017141,-0.7298988524144783,-0.12561558047327853,-0.32530293147172246,0.9727222106882286,0.27583454506891375,0.4521994292286506,0.08014878545804377,-0.3469449996836519,0.728342674756924,0.28677986593896093,0.6817421706862145,-0.08511336124321738,1
-0.6633027272718879,-1.132748289997029,1.0038746524609323,-0.4281154315628296,1,0,0,1,0,0,-0.44506599463230834,-0.10764265084296887,0.7256940722047591,-0.5552673724896755,0.9012659350619028,0.3463376468548005,1.7969602705463605,0.5957608430474105,0.4813021679679298,1.1632874732434144,0.8538984707082586,0.42292970470228924,-0.12242286773987782,1.5074608527445168,-0.03465562127406135,0.041016493385521983,0.511442221095179,0.03192862775085711,-0.01835909107355938,0.595033997706013,-0.9924798768649105,-0.8524176944431743,-0.616738567093324,-1.0643889756805804,-1.0789377418266737,-0.595033997706013,0.01835909107355796,0.9951306592913848,-0.3345252120667762,-0.9281168518425269,-0.7675202888890147,-0.5454256239766699,-1.0016395455655394,0.10608304780917345,0.12354118106860354,-0.728375060954584,-1.053465220782544,-1.0140677512169813,-0.97102233077416,-1.0997819088923677,-1.3792549834076382,-0.4771381468814831,-0.20711139779498602,0.06938110143228039,-1.0748462533011267,1
0.544609603518286,-0.17934094905293926,-1.168717627632051,-0.13478617003801185,1,0,0,1,0,0,-0.3188766245909836,-0.2582439191375702,0.21396681550962854,-0.47367777134881384,0.4608458471019052,0.16746056881369864,-0.0031481427659349032,-0.14334977836615162,-0.22067637384264704,-0.18282682807808193,0.24827005691693066,-0.24720982592603027,-0.060145562272358184,0.5985401723005248,-0.04350160596641936,-1.1074156427284296,0.4209634711033243,0.023268244886286597,-0.9306920144830665,0.5858842905209262,0.6024318569292806,0.15317311565713598,-0.8111739264394384,0.6644074216660009,-0.3000463209225296,-0.5858842905209262,0.9306920144830657,0.4102278732177254,-0.18442671521636386,-0.43684594438356456,-0.9096457943302884,-0.71610842633123994,0.3845801819166189,-0.709509049969999,-0.3747723420151606,-0.10826409251941274,1.0282341951120857,0.6552175733882943,1.4831228835896608,0.754394896515422,1.0069041592986248,1.0138512904081252,0.12214944469431245,0.45906541823023866,1.5232025883508855,0
-1.100207187344929,1.109047349520155,-0.15484123025532542,1.0385308760612593,1,0,0,1,0,0,0.07231042253712305,-0.449548232917199,-0.5536240695330674,0.028590127872944675,-0.7344913508946546,-0.36782908722429863,-1.633987752028205,0.8892577580314376,-1.1650798903878028,-1.5819942520171448,-1.7152458445755514,-0.9657563144216531,2.165873133330871,-0.5697957784777204,-0.23852603178546058,-0.5749561014678443,-0.9070075507491396,-0.949851389935412,0.11588809585456525,-1.4321128303428865,1.7027665167112624,-1.4594843228648522,1.0149278071473593,1.237799011457547,1.3025585950685183,1.4321128303428865,-0.11588809585456596,-0.32189534200372505,0.13721292089166215,1.2254172583677936,0.6906504812227523,0.25922187283773196,1.1497014600723552,1.8770830315582323,1.9902394580173064,0.7598912632898273,1.7221340004102954,-1.317574173872486,0.32447439948480933,0.8192262533478623,1.3284433345569153,-0.44541496736468245,-0.7010026615289333,-1.266679413303576,0.34789477903211874,1
-0.6633027272718879,0.7740663918911503,1.0038746524609323,1.0385308760612593,1,0,0,0,1,0,-0.44506599463230834,-0.10764265084296887,-0.029103631420558513,-0.4036611632775779,0.47608847406771776,0.2291731607378788,1.2134779460318592,0.33053956006347956,-1.1728306804262594,0.9017721982952436,0.42499747469812504,0.3861510838604844,0.4637451182632276,1.7612688713532711,-0.07014712994595763,0.0978178553469162,0.8953863231124871,0.5014530313528316,0.30418285154596364,0.22497917377587734,0.0724684805723409,-0.5239477743800662,1.7015963413087138,-0.3303863115402304,-0.06294624656599501,-0.22497917377587734,-0.30418285154596436,1.245803281894381,-0.3345252120667762,-0.8371407578686448,-0.6641562849317252,-0.3064697006802721,-0.844114576533476,-0.05703537174666111,-0.2086678343205727,-0.4803306735805153,-0.08200549336504998,-0.6346847228976005,-0.5422311594912614,0.35244048415429274,0.19459466390925928,-1.6191726094862895,-0.8656330827735822,-0.8769950965056176,-0.7036964187794109,0
-0.1749977424843705,-1.1069805240255675,-0.15484123025532542,-0.13478617003801185,1,0,0,1,0,0,0.22373766658671274,-0.4786218368350757,0.06044863850108935,-0.4447452886747494,-0.11277384770415039,-0.02438509738538309,0.697659792059334,0.4378284798821228,0.24853234158702822,0.6584992199069428,0.06122218323689427,-0.8633166539631504,-0.9315708754963441,0.5742925956018546,0.0973072539628232,-0.35908781054100125,0.5030783595905648,-0.3667977416071323,-1.0001237438140784,-0.18555039652161812,-0.396286528938742,-0.5034530581043986,-0.7006006561294698,-0.39074607354170776,-0.43769843991527596,0.18555039652161812,1.0001237438140778,0.7723105503109431,0.340918023760079,0.7549408866742913,0.4340862571144791,0.6322857122698633,0.1010352376589052,-0.30171300108041293,0.17890935030013266,0.8839134569768611,-0.08894449141803216,-0.08457933183449812,1.462595646666544,0.806259981981374,0.5838262971166633,1.6007301114689292,1.6449808412073161,1.6837875567381073,1.0901944480755505,1
-1.3315095485600683,0.5421564981479937,1.7280720791585935,-0.4281154315628296,1,0,0,0,1,0,-0.7100636717190902,0.9099334862827161,-0.4512786181940413,-0.12764527856700325,0.7543756323989916,0.7984494616036854,0.16971382841432242,-0.3536322444017278,-0.4820136068699883,0.44982440311097555,-0.2739807066104282,0.2910930937360174,0.30253934282181294,0.38132562496067435,-0.6350269493155872,-1.0305155128319416,0.7760973318787864,0.5219757964740945,0.5873904109192033,-0.18555039652161812,0.14502486173515255,-0.15078470397765767,-0.37663995971621694,0.1618810807829059,0.8657961079747791,0.18555039652161812,-0.587390410919204,1.0229831729139398,-0.03432821836595151,2.265144046640733,1.2222367872888142,1.5369045647490853,2.7789597112039837,0.9216751455883455,0.6772228733838963,2.558213071751823,0.029018475482663446,-0.2553016945782196,-0.3597668312857729,-0.4903671546674297,-0.39771434314548676,0.7600658542737248,-0.6186874509066087,-0.7656567202776299,0.16231986177126023,1
-1.3315095485600683,0.7740663918911503,1.7280720791585935,1.0385308760612593,1,0,0,0,1,0,-0.7100636717190902,0.9099334862827161,-0.029103631420558513,-0.4036611632775779,1.2208646399555152,1.0117603771676995,0.344298971869977,0.1636849532456601,-1.555385984808736,1.1520134522862988,0.44202290238724445,1.1649084184907033,0.45686702954476266,0.48664495490206344,-0.6862649244194018,-0.8517803906730946,1.2528489273517815,0.8501808446680643,0.6380137621571677,0.9560218637408522,0.00749380342408209,-0.9121478713588693,1.2703075997337387,-0.3139923021077349,0.2553846989423405,-0.9560218637408522,-0.6380137621571684,1.1343932274041606,-0.10937746679115769,2.2105583902564043,1.2997597902567817,1.8441336089873108,2.495414766946269,0.8401159358104279,0.5664865349208381,2.620224168595341,-0.27629743884854874,-1.0899443568808573,-1.0987473605180025,-0.37367071236903754,-0.4654068010946016,-1.3336639938350878,-1.6064699783745033,-1.4893561657595522,-1.0129879475475077,1
-0.6376024649146498,-0.978141694168258,1.0038746524609323,0.3052077222492148,1,0,0,1,0,0,0.03445361152472564,-0.4315225984881154,-0.8350740607153893,3.9981267507545843,-2.3422326148493418,-3.42170800208101,0.6486324456942302,-1.0196716829273424,-0.1804897227849168,0.20395295632276944,-0.024717324237608855,-0.33703332445855605,-0.49952359561600296,0.00481580967343861,-0.6318794037805155,0.6526101559266044,0.18236647385945295,0.17218401702304503,0.30418285154596364,-0.761358105510312,-0.8971273049195079,0.7665284697132856,0.9025457667112163,-0.09469581229637845,0.20023791178709507,0.761358105510312,-0.30418285154596436,0.10385022336961848,-0.4846237089171882,0.427426948368315,0.7183372679970265,0.76883195415352,-0.30852968182446,-0.05703537174666111,-0.2086678343205727,0.139780294854656,-0.6926373220274746,1.1863538130354276,1.1181942271786838,1.4805060930387524,1.345366449044194,0.15732544345452057,1.3568776040291806,1.0157572993701793,1.1520527538291696,0
0.8273124894479005,0.49062096620506923,0.5693561964423357,-0.13478617003801185,0,1,0,1,0,0,0.04707254852885811,-0.432104070566473,-0.16982862701171944,-0.3585264903060374,-0.1821302684590846,-0.055241393347473154,0.6226018359606555,0.9295738888935373,-0.5087381320551566,0.09091752766872845,-0.045405381241161405,0.5266586293519337,-0.30159184709052406,0.4897588705052395,0.7958270738937264,0.30733991310542697,-0.021497767207820883,-0.08576005755820926,0.30418285154596364,0.41661470759684033,-0.37638171595632963,-0.4786272429939587,1.0043090422704357,-0.14414053233735044,-0.02469878497893518,-0.41661470759684033,-0.30418285154596436,0.38237535959517033,0.641115017460903,-0.2185033188462471,-0.031051760693324323,-0.03337721691295973,-0.49755964466293656,-0.05703537174666111,-0.2086678343205727,-0.10826409251941274,-0.49834537654397587,-0.6346847228976005,-0.6882026220556532,-0.11434528503927678,-0.1607907403235886,-1.238494455284687,-0.12479618717266176,0.06938110143228039,-0.332546584257695,0
-0.04649643069818187,-0.23087648099586283,0.5693561964423357,-0.8681093238500562,1,0,0,1,0,0,-0.0412600105000692,-0.3873307205329428,-0.38731271110714993,-0.19708323698475788,-0.3616461476699902,-0.1455743177582296,-0.3506843755237656,-1.0297607398190416,1.4102416917717566,-0.12892534484984844,0.16150765857247829,0.2296159976350526,0.342379091351014,-0.9078491427754907,-1.561387415206561,1.1751369631829927,-0.9627739214870281,-0.25192168128015785,-0.5702641928891875,0.87874991804355,-0.4194770058310975,-0.15078470397765767,-0.7469483178061119,-0.7805003165573459,-0.45592035533106107,-0.87874991804355,0.5702641928891868,-0.7874302125521474,-1.3852146900196616,0.5093054329448095,1.0801112818475405,0.5810808715634928,-0.2140147004052217,0.2692014673650073,0.6218547041523672,0.8219023601333442,-0.47058938433204756,-0.2553016945782196,-0.3597668312857729,-0.671894953798262,-0.9054077777638412,0.47455723862252236,-0.7833178721512579,-0.48731077970765985,-0.5181215015185524,1
0.6474106529472365,-0.7977673323680251,-2.617112481027373,1.0385308760612593,1,0,0,1,0,0,-0.14221150653312897,-0.3681421419471442,-0.6943490651242283,0.6477452570979235,-0.9607883024682327,-0.7837182936698605,-1.6620869249144568,-1.4036381548469765,0.6465765146634392,-2.103858710436458,-1.4572426136792223,-0.8112247461295626,1.5941894219727701,-1.350776492684366,-0.5792073470259731,0.9575603846671157,-1.9497240500386366,-1.2020786940132253,-1.9697378439216704,0.8471482119907131,0.9614923729990871,1.3463002126078665,0.07836408383261473,0.9088643953149022,0.7208908885754322,-0.8471482119907131,1.9697378439216704,-1.3723329986258064,-0.8598699510432187,-1.255630790148503,-0.6512357844370638,-1.3134982345722352,-1.2851844898232538,-0.7910682597479163,0.12354118106860354,-1.1004416420156866,0.77843026520473,1.1104772073715516,-0.2867811000035777,-0.2051091846046925,0.1607484349347019,-0.2550758902638815,-1.4418395571298541,-1.32234860141757,0.038603250264021984,0
0.030604356373531493,-1.0039094601397194,0.27967722576327125,0.5985369837740325,1,0,0,1,0,0,-0.24316300256618875,-0.297202548387525,0.9047986120480549,-0.5905650013520342,0.6977343545179446,0.22783158265257053,-0.07086981427112128,2.751878403557725,-1.1916443342867635,0.25424692650390524,-0.32667457771462255,-0.40739721283554475,0.07412134392334284,-0.8445465029129268,2.0678225802127277,0.5030926044697046,-0.728979220075524,-0.6546644364992884,-0.37315522795503414,-0.18555039652161812,-0.7453147128161361,-1.7055402038381728,2.1345772747177523,-1.0663145110971257,-0.2144594519164883,0.18555039652161812,0.3731552279550334,-0.9823978079100336,1.1664597564373458,-1.2829236183406676,-0.8708842928463041,-1.0745423112758372,-1.348194477436079,-0.6279498401920818,-0.5408768497097485,-1.2244638357027204,-0.5498922192232715,-1.4801669002950777,0.9917725140648822,2.0843638738209096,1.3937182047221324,-0.6765409895585127,0.6160407084282594,0.5704037944582268,1.2227479604047344,0
0.4161082917320974,1.109047349520155,-0.15484123025532542,1.0385308760612593,1,0,0,1,0,0,-0.356733435603381,-0.23324061976819627,-0.5536240695330674,0.028590127872944675,-0.3137996119087717,-0.2014734046460739,-1.479758880444396,0.715375071513178,0.6316518814163226,-1.2520515174102307,-0.7935488888268059,-1.4870733185795153,0.7840699414467968,-0.4252139480004511,-0.33098786430713667,1.626700854273798,-0.1765344713537272,0.3414348875525763,-0.38904162214375715,-1.6423439002630147,1.6327719778841119,-1.3134511127234554,0.7711881977534297,1.5163922644979537,1.3649971330838788,1.6423439002630147,0.3890416221437564,-0.3696425082138195,-0.25947596364157,0.1817914946388332,1.0155087793742343,0.8883099158017184,-0.9071245641463012,-0.30171300108041293,-0.1532996650890431,0.44983577907224165,1.8886699536818656,-1.0899443568808573,0.8444977348704508,1.1563493088765513,1.8022905402007128,-0.033013633646279864,-0.4540570296619595,-1.0996718489615938,0.904619530814692,1
0.6217103905899984,-0.2824120129387873,-0.8790386569529866,1.0385308760612593,1,0,0,1,0,0,-0.07911682151246661,-0.3838418880627976,-0.7583149722111197,1.1424907108244253,-1.3376646092725817,-1.17814225075049,-0.6040392254619622,-0.03325826052707306,0.3679106201742067,-1.0352710055880967,-0.23873922708495865,0.5502053226993607,0.8878520721610573,-0.07157281739322618,-0.7957023004945407,0.8583624178210741,-0.5393429646171842,0.4139404725051811,1.3363170679284333,-0.5749285603869245,0.7684165311274158,-0.7514690907305919,0.35962530689730327,0.8637810871377288,0.7145049921201646,0.5749285603869245,-1.336317067928434,0.438080386840281,-0.25947596364157,2.1286799056799097,2.3721613313136634,1.9636115706355104,1.550264952753888,2.3081817118129377,1.6184817503198954,2.00011320016017,0.8061862574166584,-0.6346847228976005,0.29710475025398503,0.4432043837197094,0.7869036709640054,-0.09645999267988113,-0.20711139779498602,-0.48731077970765985,0.40975308478573785,0
-0.14929748012713334,0.0010334127472937634,0.5693561964423357,-0.13478617003801185,1,0,0,1,0,0,-0.25578193957032125,-0.2937137159173798,0.9559713377175679,-0.6044525930355851,0.7307005965496816,0.24124736350565315,-0.7801476782134206,0.9207858152141813,1.3243370316807,-0.07672473731339408,0.1907217983038322,0.3937590991866366,-0.14991691481068783,-0.38616259703330896,0.46421040773268557,0.08094174821871787,-0.11987843324556738,-0.020967195302430883,-1.1234618125076608,1.6512761951523172,0.6989652205153213,-0.7987716324460795,-1.7290744368933293,-0.015219232096291477,-0.26841806385847167,-1.6512761951523172,1.12346181250766,-0.45320004908148526,0.26586877533487285,-0.4186507255887879,-0.3153027715758717,-0.34060626115118536,-0.30852968182446,-0.8726274695258333,-0.4855086804782194,-0.046252995675895824,0.3620903820258042,-0.9381911455531051,-0.8296124764149065,-1.4952531855702524,-1.4046396551385556,0.5697267771729232,-1.0302635040182315,-0.4038069975366686,-0.30161743138088487,1
-0.04649643069818187,0.3102466044048362,0.5693561964423357,-0.8681093238500562,1,0,0,1,0,0,-0.0412600105000692,-0.3873307205329428,-0.6687627022894718,0.3497406855550598,-0.9559833383792545,-0.5681714146303327,-0.20191156716098788,-0.8434779072295377,0.6626187110449354,-0.14400166467894585,0.14671196251371538,-0.16745635347001822,-0.33443655692245783,-0.7479499641718005,-1.280498500085874,1.0484215305118545,-0.3879986860225032,0.18148700469289955,0.3186972389638403,-0.5444705351245722,-0.4665798421649868,-0.12507538883737446,0.1477405529208114,-0.19019589656906452,-0.013546000124367366,0.5444705351245722,-0.3186972389638417,-0.5367575899491508,-1.009968447893631,1.091552434377654,1.5452492996553449,1.2808803612172301,0.2270552128845555,0.6769975162545934,0.5664865349208381,1.0079356506638961,-0.5261013687559044,-0.2553016945782196,-0.43275256256796935,-0.2958730841701091,-0.3469449996836519,-0.3185222492974822,0.5337254978059351,0.29205785388825667,-0.3944048900113141,1
-0.7918040390580765,-1.3388904177687242,1.0038746524609323,1.0385308760612593,1,0,0,1,0,0,-0.6722068607066928,0.6482710510218256,0.188380452674872,-0.4655766762000758,1.201095071372282,0.8583732827474545,0.022822719561718885,2.1210772978744976,-0.08093333378041057,0.6663993265056536,0.5111780253768046,-1.1981974919524052,-1.933349923423442,1.1411408634913127,1.8130750918328524,0.28491291735718915,0.8347690846486645,0.7207125823418797,-0.7581467807413153,-0.8822777243979375,1.1084789580306995,-1.0949463314135646,0.39694858360752544,-0.07251976276489414,0.03907909290808143,0.8822777243979375,0.7581467807413146,0.8558680911786088,1.391607501712964,-0.5187244289600577,-0.3023822710812103,0.03489590402886805,-0.5605696322757617,-1.3619827281933365,-1.2606630497196296,-0.10826409251941274,0.6859102911649686,-1.1911131644326922,-0.8676258781243837,-0.5551985114998699,-0.5443813353685675,-0.857816301083085,1.1648087792437567,0.7559677548382072,-0.8686519007890618,1
0.8016122270906633,0.4133176682906843,1.0038746524609323,-0.13478617003801185,0,1,0,1,0,0,-0.05387894750420167,-0.3850048322195127,-0.3745195296897717,-0.22948761757971003,-0.33355839056671155,-0.11874275605206432,0.04767327011834645,-0.3573068579914047,-0.5159727503900001,0.07259966147702565,-0.2580536683181561,-0.6522348244330236,-0.32122007683756443,-0.30243722774075305,-0.8332452801973153,0.7644240869107902,0.23103840270326084,0.35479099443248785,-0.7858772647355261,-0.11014700605881247,-0.36848255704503374,-0.34431195401145037,1.4735245215400288,0.13101626631264834,0.6818667588404878,0.11014700605881318,0.7858772647355247,-0.3696425082138195,-0.8598699510432187,-0.3731626786018469,0.05939174276930372,0.15437386567706757,-0.7811045889206503,-1.2804235184154193,-1.149926711256571,-0.4803306735805153,-0.3040534310604773,-0.2553016945782196,0.24236545179233895,0.9877877811122063,0.9899810448113461,-0.635754044465484,-0.28942660841731066,-0.3759724034796717,0.40975308478573785,0
-0.27779879191332196,-1.0554449920826439,1.0038746524609323,0.5985369837740325,1,0,0,1,0,0,-0.7353015457273552,1.1454296780175175,2.273669023707529,-0.6999297858599977,2.2412037737348594,1.4218360785769255,1.1292330261661025,0.8787885539071812,-1.5278482645244242,0.19239350337010555,-0.1657317860733525,1.4208507144768776,1.0195075761313381,1.2123648644555478,-0.7870785223884205,0.5434131120287738,0.913026100004714,0.7124037019654227,0.5444209881177442,1.3979208031972914,-0.35884532375916683,-1.9946428546827657,2.6346975318529076,0.6454298408169414,0.9109829956091665,-1.3979208031972914,-0.544420988117745,1.3015083091394917,-0.6347222057676005,0.43652455776570404,0.6666552660183818,1.0419244379208312,-0.24551969421163483,-0.38327221085833024,-0.6516131881728072,0.5738579727592754,0.08453045990652028,-1.6969572021918669,2.112624815898597,3.5291769689438617,3.714602477263178,-1.175048096251087,-1.853415610241477,-1.6563637301015341,2.636652091916034,1
0.544609603518286,0.5679242641194551,-1.168717627632051,-0.4281154315628296,1,0,0,0,1,0,-0.7605394197356201,2.2589487080721953,-0.4512786181940413,-0.10160604416034526,1.0906404719654235,1.8158128429624523,-0.6136249371445497,-0.33071102227190435,0.8670182451898537,-0.4460245455830929,-0.3462667932073733,-0.19169152223723732,0.06442087070557995,-0.7862343021779769,-0.7331161967657798,1.312730684946827,-0.5216060536545772,0.12955504616210553,-0.07652239220166908,-0.18555039652161812,0.06766436156664361,-0.28050845548636044,0.13392475264924633,0.08533475197442995,0.5766490766535154,0.18555039652161812,0.07652239220166766,-0.7595776989295921,-0.7097714541928067,-0.10933200607758836,0.5762117625557528,0.32505666803163763,-0.7180946013078251,-0.46483142063624716,-0.4855086804782194,0.07776919801113909,-0.1375174777889068,-0.482931511569848,-0.7429419205172992,-0.5681647828663581,-0.4992530300691578,-0.1916295312302808,-0.6186874509066087,-0.7656567202776299,-0.3944048900113141,1
0.23620645523143258,-0.12780541711001567,0.27967722576327125,-0.4281154315628296,1,0,0,0,1,0,-0.7479204827314877,1.5960705387446064,2.0305985767773422,-0.6912500410577783,2.275966193245528,1.761702526855019,0.9974564993660329,-1.439491281097447,2.548384773701724,1.1171651879684288,2.125570589025581,0.5371234114126411,-1.7678946344594688,1.7519133339950053,-1.8162218870404694,2.3145047602179494,0.9173518232090199,2.141787809813814,0.9848575718326791,-0.24419747799268982,0.3635036180107934,0.15629574283634623,-1.1578732830146532,-0.5995877306992637,-0.6723069364923859,0.24419747799268912,-0.9848575718326797,1.9978211497033713,-1.6103624352952797,0.7822337148664557,1.9845463164738264,2.373250296286478,-0.40304466324369825,-0.22015379130249568,-0.6516131881728072,1.5660355222555504,1.333550109443298,1.33810702436318,3.4354911953883893,2.0380557617977377,1.5992131663533709,3.5834288312689404,3.4970730802096184,3.632209140727898,3.873818206988421,1
-0.9717058755587404,-1.3131226517972627,0.27967722576327125,0.5985369837740325,1,0,0,1,0,0,0.12278617055365294,-0.45245559330898666,0.39307135535292426,-0.4985597064485092,0.15605654957475573,0.03732749453879705,-0.9716456908395862,-1.1351540898761379,-1.3866337514729945,-0.034590239570902626,-0.007225323777497442,0.5472938125714117,0.4089928705783033,-0.08593350292645119,0.05565424028462288,-0.3684005449768278,0.3939047599653209,0.2851053603789982,0.5791922973583978,0.17200761631813533,1.2652332419905585,1.6137878090304225,1.5253677714806408,0.43731839924385246,0.28774316793232674,-0.17200761631813533,-0.5791922973583985,-0.14682239923337803,-0.03432821836595151,-0.24579614703841146,-0.39282577454383927,-0.22112829950298704,0.1325402314653172,0.5954383064766764,0.34501385799472056,-0.35630847989348147,0.7506742729928018,0.9587239960437993,-1.0257616292358074,-0.1921429132382052,-0.008482709938082702,-1.9998507636878915,-0.4540570296619595,-0.4316415915936655,-0.8892713360402683,1
-0.5605016778429365,-0.5916252045963298,1.4383931084795292,-0.8681093238500562,1,0,0,0,1,0,-0.5460174906653681,0.08133577462322976,0.5337963509440852,-0.5205483932807982,1.0128829524954321,0.46484371105703043,0.46867521072332424,-0.4687743200322201,-1.0357245007796396,1.0815421636894502,0.9680808863662256,-0.07536622021832592,-0.6915654695711994,0.2150449225129568,-1.1205411020926686,-0.9558662062378998,0.6463820534935526,0.7567066852688052,-0.20509389995854704,0.10061909740348675,-0.4368339365524796,-0.4791260117178887,0.455316735658355,-0.8201523083209653,-0.5197757678121714,-0.10061909740348675,0.20509389995854635,-0.09111737198826762,-1.2351161931692491,-1.028190555213798,-1.2972608091701252,-1.0233374705694662,0.25856020669096863,-0.709509049969999,-0.7069813574043363,-0.4803306735805153,-0.27629743884854874,-0.2553016945782196,0.7258959215368835,0.8710913388138142,0.4484413812184362,0.1890486229713212,0.6160407084282594,0.7374113588002092,0.5953280020465953,1
-0.4320003660567478,-1.1069805240255675,-1.6032360836506476,0.3052077222492148,1,0,0,1,0,0,-0.2684008765744537,-0.2931322438390223,0.41865771818768077,-0.5026102540228783,0.5143394001018176,0.1629886418626711,-0.3699246925202791,1.3155476053764605,0.16521057988558333,-0.16857860329684968,-0.21124376648884424,0.5567553065603041,1.1313112089241892,-1.3224718608752317,0.1595489470655012,0.1152793776745402,-1.2887168452093671,-1.0420541181855585,-0.025828483428959336,0.7849642097577141,-0.8070090112609929,-1.6457977414810712,-0.11000374022866802,-1.0501307463153937,-0.7427357847285238,-0.7849642097577141,0.02582848342895863,-1.2330704305130304,0.19081952690966666,0.13630344765189217,0.17567624722125458,-0.3576745413866426,-0.05648973137315825,1.247911984700014,1.397009073393778,-0.046252995675895824,-0.859173275299045,-1.6210805965279906,-0.669956189235104,-0.62002986833231,-0.9561771212256767,-0.3502454288142823,-0.7010026615289333,-0.4316415915936655,-0.76555472453303,1
-1.9740161074910114,1.3667250092347738,1.0038746524609323,0.3052077222492148,1,0,0,1,0,0,17.600013921277128,-0.8158756422824456,-0.6431763394547153,0.2629432375328666,-2.943044640819981,-0.8306735266556498,-1.1239670893086897,1.0229917065181966,-0.4760039665497577,-1.848767745242091,-2.8859954697380092,-1.109103022748912,2.1122479678518777,-0.8120699103910913,2.0215968624525584,-0.31591896457022617,-2.0762349918426,-3.0158494337253647,-1.1334326641296226,-0.38855952469070976,0.7514929119414496,0.6211031361568622,0.3332452762165131,0.43880687414276537,0.8075454705021519,0.38855952469070976,1.133432664129622,-0.6203151308168162,2.4422969796658496,0.9914787310063841,0.6537347655237203,-0.2894014204448148,-0.5605696322757617,1.0032343553662626,1.9506907657090713,-0.17027518936292965,1.5833540393506536,1.6416134470186852,2.6235249348739647,2.452976445525355,2.546907577640965,2.0607162144625315,0.6160407084282594,0.45906541823023866,2.884085314930511,0
0.9815140635913272,-0.9266061622253344,-1.6032360836506476,0.3052077222492148,1,0,0,1,0,0,0.7537330207602766,-0.5588649836484154,-0.3233468040202586,-0.2607346988676996,-0.7344913508946546,-0.2283049663522392,-1.275145623283057,-0.6744689624272645,-0.040337713380519544,-0.5053776776100424,0.12301296754787215,-0.8016867606052758,-0.6964558792028427,-0.9879628191589047,0.303592752360329,-1.3287405753336834,-0.34496402210039123,-0.6013412742730719,-1.3293007493813815,0.22497917377587734,0.7859602215684917,1.2298623724885698,-1.2801131294452028,0.34067221894674954,-0.7470155952366441,-0.22497917377587734,1.3293007493813809,-1.0659553487776992,-0.10937746679115769,-1.06458099280335,-1.4910683165900436,-1.5183175973977192,-0.024984737566746233,-1.0357458890816678,-0.5962450189412776,-0.9764194483286528,0.7506742729928018,1.1863538130354276,0.0872707728176734,-0.5940973255993336,-0.4315605721200442,0.2524949820049213,0.4514102871836102,0.6260729825722207,-0.2706882785040748,1
-1.1259074497021662,0.5421564981479937,-1.6032360836506476,-1.161438585374874,1,0,0,1,0,0,2.9999038074958566,-0.7356324954691058,-0.34893316685501513,-0.2543695526794055,-1.3463836394874016,-0.3691706653096069,-1.5699637702732674,-0.09431169502998756,1.1633830939553038,-3.423182295909518,-2.8364635298242296,0.9283817649017868,4.644291830489113,-1.630216905370801,-0.6387339635956988,0.631808110746658,-4.094301767348608,-3.3955801913865824,0.6912331826893887,0.5806453452778549,0.5541793161339467,-0.5104239017665135,-0.95547744304278,0.5646588898090303,0.3724183464783818,-0.5806453452778549,-0.6912331826893894,-1.5951531076062477,-0.9349191994684248,-1.3738997123145495,-0.8967252938356269,-2.2522536475223704,-1.5057194464681423,3.042214599814193,2.7812133041820113,-2.340663578886029,0.5008703430854462,-0.482931511569848,-0.013084607695344815,-0.5033334260339178,-0.2623294272472596,0.8235122133073248,-0.6186874509066087,-0.4316415915936655,0.2860364732784985,0
-0.07219669305541997,-0.02473435322416849,0.27967722576327125,-0.8681093238500562,0,1,0,1,0,0,-0.6974447347149578,0.7878243498276338,0.5849690766135982,-0.5315427366969427,1.5221517550622412,1.0166794968138297,0.8944562618060155,0.13887061481110802,1.0186793820966333,0.8968891579484032,1.4629697317905097,1.2036085570980464,-1.3702811174315968,-0.10515699628706725,0.9534957731996242,0.9597047551085268,-0.02711520909480217,0.37148056177778427,0.6912331826893887,0.9560218637408522,-1.3488348371838126,0.7645868570545962,-0.42815811597708925,-1.2385263671078741,-1.5392538359303911,-0.9560218637408522,-0.6912331826893894,0.32667033235006016,1.6918044954137887,1.8284587955660994,2.1654333233990846,2.0489529718127955,0.6681251261743327,0.5954383064766764,0.2896456887631914,1.814079909629618,-1.3032691506898992,0.5034643620605421,-0.48749186102961545,-0.62002986833231,-1.0238695791747903,-0.5723076854318833,0.28677986593896093,0.9044189231421907,-0.6418381130257917,1
0.7759119647334253,1.3409572432633117,-0.15484123025532542,-1.8947617391869185,1,0,0,1,0,0,0.5139732176817596,-0.5228137147902483,0.13720772700535894,-0.449953135556081,-0.21939455649826786,-0.05434700795726765,0.891687384640986,-0.8166583683773634,-0.8064435773553889,0.6434118097941621,0.3914990175280999,1.7470013483690212,0.5913777485485072,-0.16898717583750075,-1.1746647858814163,0.41275682550905896,-0.3697999475479773,-0.11905522897434083,1.6225730420032605,0.7734532878151856,-1.4087630094026242,-0.055864156004465614,1.5172161897846812,-1.2358951433537892,-0.625202155702031,-0.7734532878151856,-1.6225730420032611,0.1317027369921738,-0.8598699510432187,1.3007974505175837,1.3514417922354265,1.1101975588626602,0.6681251261743327,2.3081817118129377,1.4523772426253072,0.8219023601333442,-1.3310251429018278,-0.1035484832504671,-0.14993285384946126,0.6376984542170299,0.05920974801103089,-1.0481553781838862,-0.28942660841731066,0.06938110143228039,-0.20882997275045564,0
-0.7918040390580765,1.3667250092347738,0.27967722576327125,0.3052077222492148,1,0,0,1,0,0,0.3751649106363024,-0.5030436641260921,-0.6431763394547153,0.2629432375328666,-1.1508665028887355,-0.5900838566903678,-1.1406324972099742,-1.5312445648993165,1.0986499179984548,-1.2314587228438543,-1.344918975342728,-1.3314382059829892,0.8800146499525372,-0.6538319674275589,-1.5806235402061461,1.8228575518445975,-0.9811359682764264,-0.6728647443544085,-1.3328496965688592,-0.49401881205127574,0.9327760554575474,0.5182472562502124,0.3299048009976771,0.6907436563136768,1.0915390762838606,0.49401881205127574,1.3328496965688585,-0.8988402670423681,-1.685411683720486,-1.6650232130309723,-0.6770767854263857,-0.9892009100985523,-2.324849285434872,-0.9541866793037505,-0.4855086804782194,-1.534519319920306,1.8609139614699375,1.5657368413548085,2.760373181028081,2.5696728878237463,2.8007542949501416,2.2827784710801327,0.6160407084282594,0.4033962301162448,3.1933768436986076,1
0.9815140635913272,-1.776942439283576,-1.6032360836506476,-1.6014324776621007,1,0,0,1,0,0,0.7537330207602766,-0.5588649836484154,2.401600837881312,-0.7057162823948105,0.45277333248674123,0.11558621618177911,-0.929395448855617,2.307085659187197,-0.8960819859442845,-0.7439162227802357,-1.2914692307624729,4.88648967213122,1.9778021686710607,-0.9415695475217802,0.5370725792036919,-1.2230572456603601,0.010599057385733655,-0.40306645404263625,-1.0760532349843712,7.73180560207293,0.35154179791925977,-2.6285199506224295,-0.004080486987476451,1.0154926673736024,1.2854573090898906,-7.73180560207293,1.0760532349843703,-1.0659553487776992,-0.03432821836595151,-1.3466068841223853,-1.659034823020639,-1.5695224381040902,-0.37153966943728567,-1.1988643086375024,-0.9284540343304539,-1.3484860293897554,0.6396503041450882,-2.4557232588306284,1.1090710107684099,0.9359226956462544,1.345366449044194,1.3628062650929278,-3.4997198226879678,-2.7697474923814145,1.3994859768436472,0
0.544609603518286,-0.07626988516709207,-1.168717627632051,0.3052077222492148,1,0,0,0,1,0,-0.33149556159511606,-0.2582439191375702,-0.7199354279589849,0.7866211739334328,-0.8611253735603276,-0.806525121120101,0.4696496779442991,-1.106648877018611,-1.4037267394659652,0.4431615435627029,0.15376257869716936,-1.1075179021865733,-0.3541729740041243,0.67717886119077,-0.5353357417939715,-0.9133704982705033,0.7162626260253445,0.6150635596302485,-0.8569681418843186,-0.6605917564372907,0.0235698294243599,0.9826227194173787,1.0010922123273152,0.11155110410094475,0.40059097059381177,0.6605917564372907,0.8569681418843179,0.5494904413305014,-0.5596729573423944,-0.2276009282436361,-0.6512357844370638,-0.3576745413866426,0.7311351137871589,-1.0357458890816678,-0.8177176958673952,0.20179139169817292,0.5841383197212315,1.9451198696741894,2.2859659276938116,2.608571701923212,2.5130613486664073,0.8235122133073248,0.8629863402952329,0.5704037944582268,2.265502257394317,0
0.23620645523143258,-0.5658574386248675,0.27967722576327125,1.478524768348486,1,0,0,1,0,0,-0.7479204827314877,1.5960705387446064,-0.5664172509504457,0.0835618449536671,0.7717760417240237,1.1629115081124306,1.0623989620510157,-0.7796507551192051,2.4945152557019754,0.28908967012895204,1.1139073804960071,0.9512753456561052,-0.5344356278927379,1.930971633434257,-2.0333800613928856,2.3788956577083433,1.1773758513787789,2.6163993457878845,1.37244176550182,-0.06374491962016399,0.45211248579261365,-0.9669003787417566,-1.0195252051260966,0.7769242461924053,1.1062705710165914,0.06374491962016399,-1.3724417655018208,2.1649362314387024,-1.835510180570898,0.74584327727690225,1.9845463164738264,2.509796538170134,-0.24551969421163483,-0.5463906304141645,-1.0945585420250417,1.6280466190990672,0.1400424443303771,-1.0899443568808573,-0.8889133830816909,-1.21647835119076,-0.8884846632765624,0.664896315723324,-0.8656330827735822,-0.9883334727336057,-0.332546584257695,1
-1.074506924987691,1.3409572432633117,1.7280720791585935,-1.8947617391869185,1,0,0,1,0,0,-0.44506599463230834,-0.09601320927581818,0.13720772700535894,-0.449953135556081,0.5961065902163049,0.27389243024815424,1.722534468010552,0.00521849053447176,-0.8617289109823867,1.6290813433945872,0.9869859853945879,0.7573103079309103,-0.8167277741641696,1.0136968431012503,-0.19129281923712552,0.3491820452220364,1.0203269808386353,0.7196138709960718,0.01898787070343759,1.0140489972048288,-1.3823521673056465,-0.1987954890023348,1.5289065698624074,-1.1890450270164634,-0.5805672360513432,-1.0140489972048288,-0.0189878707034383,1.217950768271826,0.04072103005925432,0.7367456678795146,0.821701271954316,1.2467438007463156,0.06953024385249205,-0.6279498401920818,-0.7069813574043363,1.0079356506638961,-1.3310251429018278,-0.3311783002420958,-0.4692454282090663,0.3394742127878045,-0.1777138548108673,-1.238494455284687,-0.6186874509066087,-0.2089648391376897,-0.45626319576493324,1
-0.7918040390580765,-0.05050211919562982,0.27967722576327125,-1.161438585374874,1,0,0,1,0,0,0.3751649106363024,-0.5030436641260921,-0.4896581624461761,-0.055314071881842175,-0.79929220220555,-0.34412787438385267,-0.49131935941317983,-0.8768460509708107,0.5867056637776494,-0.7305011449784106,-0.8793529047960703,-1.3854552612756748,0.34204803122171595,-0.2875103445565501,-1.7783172264991647,1.8710145400312892,-0.7064471887333135,-0.2494256184830971,-0.7989105922128049,-1.0972459357537168,0.3959145806534854,-0.577980436157791,1.0781428756369449,0.28635897940552835,0.899686273700569,1.0972459357537168,0.7989105922128042,-0.6481676444393714,-1.835510180570898,-1.7378040882100778,-0.7287587874050313,-0.9379960693921812,-2.261839297822047,-0.7910682597479163,-0.5408768497097485,-1.658541513607341,0.25106641317809053,-0.6346847228976005,-0.3597668312857729,0.22277777048941236,0.3299795798074865,-0.5723076854318833,0.28677986593896093,-0.2089648391376897,-0.20882997275045564,1
-0.07219669305541997,-0.7977673323680251,0.27967722576327125,0.3052077222492148,0,1,0,1,0,0,-0.6974447347149578,0.7878243498276338,0.36748499251816774,-0.49798105679502797,1.4148264926876626,0.9907423204978699,0.38023873841455336,2.0783629504779264,-0.2963563441288706,0.40685525380285165,0.5053805575176633,1.0764031118975625,-0.8635646018033633,0.27270207129579993,1.1653552735326447,1.2299845205126383,0.19433950334965738,0.5698341130230172,1.1515092521572485,0.3260326064644921,-0.2562505253143471,-1.6851910440665516,1.6411448742807053,-0.3569314749379258,-0.10068737411710042,-0.3260326064644921,-1.1515092521572492,0.8001630639334981,1.9920014891146134,1.9467277177321458,2.4496843342816317,2.4415234172283062,0.4475901695294441,0.758556726032511,0.2342775195316623,1.752068812786101,-0.6093693453916895,-1.772833807855743,-1.6735099943652914,-0.7626588533636787,-0.8377153198147269,-2.1901898407886926,-0.37174181903963527,-0.26463402725168356,-1.569712699330082,1
-0.6119022025574117,-0.5658574386248675,1.0038746524609323,-0.4281154315628296,1,0,0,1,0,0,0.03445361152472564,-0.4344299588799031,0.5465895323614635,-0.5245989408551672,0.29570328328942685,0.07131413936660641,0.41832659417943674,0.7348504033437075,0.2668548847772173,0.4136237634083843,0.44431395040503,0.3548782445818214,-0.15898367393474083,0.06925397902071842,-0.781329305115948,1.16838198629608,-0.30646833765663245,-0.24398952455661146,0.4977080171176754,-0.009609152108407288,-0.5124955525621399,-1.7913237861738172,0.8093116507163378,-0.8626677771109912,-0.8158381782528834,0.009609152108406583,-0.49770801711767615,-0.09111737198826762,-0.8598699510432187,-0.5733100853443877,0.07231224326396513,-0.05044549714841698,-1.3796994712424915,0.02452383803125581,-0.2086678343205727,-1.1004416420156866,-0.5261013687559044,-1.6969572021918669,-0.21379536872138252,0.22277777048941236,-0.14386762583630988,-0.9847090191502859,0.12214944469431245,0.1250502895462747,-0.8274130302866491,1
-1.0231064002732158,-0.4885541407104817,1.4383931084795292,-0.4281154315628296,1,0,0,1,0,0,0.3751649106363024,-0.5030436641260921,-0.4001058925245282,-0.15947100950847412,-0.6569574689866768,-0.26363318926535684,0.3605904373735485,0.2687125450374357,1.7765542490407065,-1.7134689497712177,-1.206261023524127,0.5749909210431693,1.7192342778073324,0.6624884208798145,0.4472046421970029,0.3149601576621996,-1.2944414519616412,-1.0990110234219537,-0.6187833227191311,1.3979208031972914,0.16054084336773342,0.0791833922694432,-2.1121045895495887,1.0312400216951607,0.49522804914631385,-1.3979208031972914,0.6187833227191303,0.35452284597261524,0.11577027848446049,-0.7734574920869285,-0.5091102789957901,-0.9550643496276378,-0.8756195703398886,0.10608304780917345,0.4557501964577793,-0.9764194483286528,0.0012624832707351544,-0.1035484832504671,-0.5148615102604385,-1.4498712357875443,-1.0407926936620688,1.267636726542527,-1.5241547677521787,-1.211010225189582,-0.023255055489598248,0
0.15910566815972013,-1.0554449920826439,-0.15484123025532542,0.5985369837740325,1,0,0,0,1,0,0.8673034537974689,-0.5832868109394319,0.31631226684865466,-0.4927732099136964,-0.2637401829408917,-0.06776278881035029,-0.9944510464521025,0.24394765917737732,-1.1331985703089686,-1.4129121637863342,-0.9265215096778586,-0.2871259453035639,0.6614113509327079,-1.6246876799850647,-0.5080195850594956,-0.6336079695048114,-2.32266607739688,-1.5897779706810784,-0.6501878279857747,0.2532428274968747,-0.24056039901587234,-0.8437486860772302,0.9124055035564865,-0.39436274339985034,-0.3475854233293978,-0.2532428274968747,0.650187827985774,-1.564205870247853,-0.6847550380510711,-0.7977177838132969,-0.9685058521393006,-1.7022757288243116,0.034524695178700306,0.23295292968593312,0.6280067229558705,-0.9626392045856501,-0.08200549336504998,-0.6346847228976005,0.6985262723060605,1.1044842234105985,0.854596128913119,-0.44541496736468245,0.5337254978059351,0.7374113588002092,0.6571863078002155,0
1.4441187860216065,-0.1535731830814779,-1.8929150543297122,0.5985369837740325,1,0,0,1,0,0,-0.05387894750420167,-0.39605280170830587,-0.2721740783507456,-0.2896671815417641,-0.20779109239419508,-0.08073137696833017,-0.06758097572510705,-0.7678923620062517,-0.12960912458805499,0.18754859786597128,0.1842620270181093,0.9084074998141254,0.16733898044265055,-0.5862487058296422,-0.8672960925591119,-0.11105689194207842,-0.17414131536333194,0.022176366355522656,-0.16027754582615011,1.3979208031972914,-0.4917998074580658,0.18511817931383495,0.06557854912728851,-0.42604160347120007,-0.21789875406741682,-1.3979208031972914,0.16027754582614942,-0.5367575899491508,-0.7848207026180125,0.10901061945972781,0.03355074177998182,-0.03337721691295973,0.3215701943037938,-0.05703537174666111,0.012804842605544792,-0.10826409251941274,-0.6926373220274746,-0.2553016945782196,-1.208225957441296,-0.996051737960463,-1.0746389226366257,-0.826093121566285,-1.0302635040182315,-0.5429799678216537,-0.8274130302866491,0
0.6474106529472365,-0.35971531085317227,-2.617112481027373,-0.4281154315628296,1,0,0,1,0,0,-0.10435469552073157,-0.3681421419471442,-0.6559695208720935,0.27740947886989875,-0.8590650364872796,-0.4975149688040975,-1.253640592188421,0.4767166447015743,0.7811334164347642,-2.189688515990413,-1.5530289408517077,-2.108133785429914,1.1298284394437437,-1.5082278787239085,-0.542815628239756,0.845119725760637,-2.0727793980489246,-1.385619995016916,-1.2121437398747563,-1.6730536447424134,0.23621423491975616,-1.1980893358913287,-0.21857172703688343,0.9027953487029974,0.6662254481129173,1.6730536447424134,1.2121437398747554,-1.4837430531160272,-0.7848207026180125,-1.073678602200739,-0.5349512799851129,-1.262293393865864,-1.1591645145976028,0.10608304780917345,0.8433273810784847,-1.1004416420156866,0.1400424443303771,-1.1658209625447336,-0.25028823436248077,-0.32180562690308556,0.04228663352375219,-0.0012904541294803558,0.5337254978059351,-0.2089648391376897,-0.6418381130257917,1
-0.6890029896291251,-0.7977673323680251,1.0038746524609323,0.3052077222492148,1,0,0,1,0,0,0.6906383357396142,-0.5472355420812648,0.12441454558798068,-0.445902587981712,-0.3088314588364044,-0.07625945001730262,0.3744032461206059,1.2938251533510867,-1.2182900430671306,0.2006974037827062,-0.10500406601947956,0.11689335273181045,0.2427257075403242,0.31907396024743384,-0.024578567919004774,-0.3240848228580649,-0.14521977062831018,-0.37024448380602687,-0.5609884768922861,0.7158101325491454,-0.20180188617080907,-1.8004378968287782,1.3397693094796177,-0.4151266832913216,-0.2249612476943313,-0.7158101325491454,0.5609884768922854,0.26168113389743136,-0.05934463450768712,-0.10023439668020068,-0.25070026910256554,-0.2894014204448148,-0.0354864021688832,0.4595062901801475,0.8433273810784847,0.03642846678212782,-0.5538573609678327,-1.848710413519619,-1.600524263083096,-0.8145239388296306,-0.9054077777638412,-1.9998507636878915,-0.5363722402842841,-0.26463402725168356,-1.3841377820692236,1
-0.25209852955608386,-0.6173929705677911,1.0038746524609323,1.0385308760612593,1,0,0,1,0,0,-0.7353015457273552,1.4245362756291338,0.022069094248954552,-0.4297003976842359,1.4070667506830306,1.4276495836132612,0.7148817931708269,0.03055475865391248,-0.5817566215391003,0.7383103759314188,0.84456018978627,-0.37525424057030954,-1.3122156581175626,1.1318230050728117,-0.5429442102419345,0.3878113696723036,0.9103766211259235,0.8359002412505165,-0.10086982058087872,-0.41176056791003435,0.13684367524868518,-0.5858469560342537,1.184993816740889,-0.09469581229637845,-0.28187571907175507,0.41176056791003435,0.10086982058087801,0.744458036688388,-0.7097714541928067,-0.7825551014843162,-0.4832692780064673,-0.11871861809024475,-0.7811045889206503,-1.3619827281933365,-1.482135726645747,-0.6663639641110671,0.029018475482663446,-0.6346847228976005,-0.33239718205494984,0.30057539868834077,0.24536400737109418,-1.4605567119022886,0.2044646553166367,0.013711913318286572,-0.8274130302866491,1
-0.48340089077122306,0.8256019238340739,-0.4445202009343899,0.5985369837740325,1,0,0,0,1,0,-0.38197130961164594,-0.16288249828693463,0.15000090842273722,-0.4534250334769687,0.5060590751064753,0.225148426481954,-0.5623274866408098,-0.6466710968468661,-1.6221373211360548,0.5395885986020152,0.08204817241075614,-1.1168997539701708,-0.6918306392115174,0.07198105928472094,-0.2523009855517165,-1.8476160793192842,1.0558502611897802,0.5284524035022743,-1.171446535938352,-0.36149164093482894,0.8538526850531687,0.6348267861707105,0.3608400836144664,0.31801365969989825,0.409264274583111,0.36149164093482966,1.1714465359383512,-0.09111737198826762,-0.40957446049198204,-0.5824076947417753,-1.3747838121380926,-0.972132629863095,0.9831750642384596,-1.4435419379712537,-1.2052948804881005,-0.23228628620644656,0.9727222106882286,0.8069707847160468,0.534308376921121,0.6506647255835172,0.7530574419894479,0.1890486229713212,0.28677986593896093,0.1250502895462747,0.7190446135538346,0
-1.0488066626304537,0.3102466044048362,0.5693561964423357,-0.8681093238500562,0,1,0,1,0,0,0.3246891626197725,-0.49781041542087434,-0.6431763394547153,0.2571567409980537,-1.1228504808868656,-0.5815871954834154,0.0741823192501384,-0.7002606892642456,0.4927961665140837,-0.3401567175973021,-0.4422049884793356,-0.9217661436926393,0.08531905088522523,-0.2886648723634748,-1.329695552654343,0.8926747774662825,-0.3858499977589634,-0.2559081915893696,-0.5483077512256369,-0.7133741297612541,-0.3915828599463328,-0.37093004234485605,0.2233831937322087,0.07692752755598674,0.32504360184002007,0.7133741297612541,0.5483077512256362,-0.17467491285593337,-1.1600669447440433,0.48201260475264507,0.8992242749222835,0.683490552976235,-0.4660546508565234,0.18764225758709038,0.5111183656893089,0.5118468759157585,-0.4150773999081907,-0.4070549059059717,-0.2046721523111086,-0.06248019957332482,-0.025405824425361403,-0.09645999267988113,0.4514102871836102,0.1250502895462747,-0.023255055489598248,1
-1.7427137462758722,-1.0039094601397194,0.27967722576327125,0.3052077222492148,1,0,0,1,0,0,1.1070632568759857,-0.6268972168162469,2.606291740559364,-0.7149746768505112,0.36073603541172866,0.07041975397640089,0.32651769933636793,1.3465136609323085,-2.4701759304899067,-1.5981574751754843,-1.2917148403396088,-1.808774902778472,-0.18185864908650592,0.1810531152298773,1.5521891097570781,-2.989361113549859,-1.675707562361795,-1.2613626855006759,-1.1598770966922176,-1.3166012534636966,-0.27312466979540306,-0.29318328137103516,0.3727936221323829,0.4974047101942779,0.44781739735669424,1.3166012534636966,1.159877096692217,0.49378541408539117,2.067050737539819,1.2189189659410893,-0.7675202888890147,-1.3134982345722352,3.6926045315899514,1.4110304042558486,2.5043724580243647,1.6900577159425842,-0.7481493064513315,-0.9381911455531051,-2.2665190610331294,-1.7869942913162333,-1.531563013793144,-1.8095116865870906,0.6160407084282594,0.013711913318286572,-2.3120123683735136,1
0.6217103905899984,0.4133176682906843,-0.8790386569529866,-0.13478617003801185,1,0,0,1,0,0,-0.09173575851659908,-0.3838418880627976,-0.3617263482723934,-0.22948761757971003,-0.28381078778218344,-0.1178483706618588,0.2109985634597609,-0.6022368082717857,-0.04376192808662712,-0.4670005757799807,-0.08794541558216952,0.8424980200570815,0.5768230758899969,-0.1519400801707581,-0.9323490229028,0.665719552985234,-0.6959150293102611,0.09898338031652996,1.0668996805638913,0.09092870184200141,-0.4452153766165955,-0.10741786449876495,0.7288079707289082,-0.05916978094694003,0.21097135279576634,-0.09092870184200141,-1.066899680563892,0.438080386840281,-0.3345252120667762,2.547169937959767,2.617650840712227,2.100157812519166,1.833809897011603,2.3081817118129377,1.784586258014483,2.2481575875342377,-0.47058938433204756,-0.17942508891434333,-0.24116501795220557,0.15794641365697218,0.12690220596014448,-0.5723076854318833,-0.37174181903963527,-0.3759724034796717,-0.332546584257695,0
-0.14929748012713334,-0.7977673323680251,0.5693561964423357,1.0385308760612593,1,0,0,1,0,0,-0.25578193957032125,-0.2937137159173798,-0.6943490651242283,0.5956667882846075,-0.843159579714195,-0.68623028613746,-1.075120601624746,-0.8377465399104912,-0.2144458573048301,-0.8004792775612894,-0.7127731170727816,-1.1813999849824102,0.4145851114173847,-0.39464295517609727,0.801748281093429,-0.14180876327702704,-0.07110831224481802,-0.2078183006933946,-1.4375436385994584,-0.18555039652161812,1.1006587770206129,1.9530072446861568,0.1506505398060321,1.01088607617165,0.7237458388688045,0.18555039652161812,1.4375436385994576,-0.5646101035717058,0.340918023760079,-0.9372144612399159,-0.8579637923516437,-0.8355863879794388,-0.6865896075014126,-1.0357458890816678,-0.5408768497097485,-0.6663639641110671,0.9449662184763004,1.717490052682561,-0.17730250308028428,-0.07544647093981212,0.3299795798074865,-0.3185222492974822,-0.6186874509066087,-0.7656567202776299,0.038603250264021984,0
-1.0488066626304537,0.6452275620338409,-0.15484123025532542,-2.6280848929989626,1,0,0,1,0,0,0.2742134146032426,-0.48966980632386886,-0.11865590134220637,-0.36373433718736903,-0.28573164457979555,-0.09548873590672108,0.30132986224681224,0.16884287623009236,-0.5132634898838485,0.8668925968558708,0.7452597898164262,-0.17761954240024527,-1.1991249652041849,-1.2032353466358685,-0.20113368476027524,0.14735298760580293,-1.1554236093992505,-0.6962018370065256,-1.3422252734671216,1.0889508130082355,-1.6212650897052732,-0.4332334564385848,0.8497239269757967,-2.316814243761312,-1.6485798157230935,-1.0889508130082355,1.342225273467121,-1.2052179168904753,-0.40957446049198204,-0.7279694450999874,-0.5478717804797735,-0.9379960693921812,-0.4660546508565234,-0.709509049969999,-0.1532996650890431,-0.5423417704240322,-1.5808290728091832,-0.7864379342253526,-1.3815670692365094,-0.8145239388296306,-1.5654092427677009,-1.4288335323854886,0.03983423407198747,0.6817421706862145,-1.4459960878228426,1
0.8273124894479005,-0.2566442469673251,0.5693561964423357,1.0385308760612593,0,1,0,1,0,0,0.16064298156605036,-0.458270314092562,-0.7583149722111197,1.4202425444954436,-1.5187588211807668,-1.4500354093729648,-0.3988195038160833,0.8325063590303957,-0.320602095020576,-0.682707515076333,-0.48165832952782484,-0.1816358408745931,0.9358153712771409,0.7942872765175464,0.9358624280041407,0.14300417245385205,0.3303525993846722,0.47925737966523746,0.271474372857786,-0.5169746011139472,1.3482107162942532,-0.20511466835635359,0.5819792061731933,1.2498657908594863,1.0940809694306886,0.5169746011139472,-0.2714743728577867,0.8558680911786088,1.0163612595869336,0.34554846379182197,0.369483754641173,0.4957394703862077,0.3215701943037938,0.18764225758709038,0.06817301183707392,0.5118468759157585,1.055990187324014,-0.3311783002420958,-0.4509989953885172,-0.10137901367278856,0.39767203775660004,-0.7309235830158842,-1.1948939252628807,-1.4893561657595522,-0.2706882785040748,1
-1.0488066626304537,-1.7511746733121147,0.5693561964423357,0.3052077222492148,0,1,0,1,0,0,0.3246891626197725,-0.49781041542087434,1.1094895147261072,-0.6212334329865424,0.3278207338705076,0.09725131568256618,-0.3113382229849305,-1.6145232556250664,2.99264656449708,0.37763316681230746,0.4416337355920492,0.7005324695803958,-0.21020589877894486,-0.3240865777402881,-0.8694000380158226,0.9561925128747536,-0.10788750614409004,-0.16049268618935733,0.010024599876957354,0.9455004604204603,0.10909988799078336,1.3450379642232269,-3.130166847336151,-0.6171374497881343,-0.7308353564051965,-0.9455004604204603,-0.010024599876958064,-0.28608496734615396,-0.7848207026180125,0.11810822885711679,0.6020527635450756,0.529876030857121,-0.8756195703398886,0.2692014673650073,0.2896456887631914,-0.10826409251941274,0.269570407986043,1.5910290432427672,0.6833209116222693,-1.181901627546792,-1.305921487296098,3.1604531043782718,0.6160407084282594,1.3126596359781475,1.1932916243315823,1
-0.7918040390580765,0.4133176682906843,1.0038746524609323,-0.13478617003801185,1,0,0,1,0,0,-0.6722068607066928,0.5959385639696475,-0.3617263482723934,-0.22948761757971003,0.7118913981583822,0.6356713205862827,1.3041603888151916,1.6583873491358765,-0.6672455824755708,0.8564804454558811,0.1417585804139271,0.3358802039495576,-0.17168401643642323,1.4130687469382892,1.8878097024557718,0.05608784499355143,1.0771692231139651,0.5817099012204557,0.2430696413654208,0.21702702713573208,-0.4015451251718281,-0.38502236386968497,0.9685099392308059,-0.08894726353433463,0.38363340059511564,-0.21702702713573208,-0.24306964136542153,1.3293608227620468,1.7668537438389946,0.03622974428062242,0.05939174276930372,0.4957394703862077,-0.2770246880180474,-0.5463906304141645,-0.7069813574043363,0.07776919801113909,-0.4150773999081907,-0.4070549059059717,-0.15905607025973648,0.35244048415429274,0.2961333508329291,-0.5405845059150832,-0.6186874509066087,-0.5986491559356475,-0.20882997275045564,0
-0.4320003660567478,-1.0554449920826439,0.27967722576327125,-0.13478617003801185,1,0,0,1,0,0,-0.7226826087232228,0.9186555674580791,0.2651395411791416,-0.4846721147649583,1.4896458257697094,1.0810752449086265,2.1837913197232828,-0.5945823389358691,0.3146798270731008,1.5309901314759524,1.333866687815621,1.0995897513674526,-0.700984711215349,1.9289659540399966,-1.0498712135254455,0.6041010691928957,1.148561511086119,0.9929420558572941,-0.20147967785109497,1.699534365048511,-1.1092149364859094,-0.23565501455192567,0.1768854498083043,-0.9293749629439993,-0.7646773645132965,-1.699534365048512,0.20147967785109425,2.4713138812868096,-0.7097714541928067,1.373578325696689,1.5323287991606835,2.0318846915773383,0.3845801819166189,-0.46483142063624716,-0.4301405112466897,1.876091006473136,-1.1089772052064004,-0.4070549059059717,-0.615216890773458,-0.4385020692014777,-0.7530997473783346,-0.635754044465484,-1.0302635040182315,-0.3759724034796717,-0.45626319576493324,1
0.8273124894479005,-1.0554449920826439,0.5693561964423357,0.5985369837740325,0,1,0,0,1,0,0.16064298156605036,-0.458270314092562,0.31631226684865466,-0.4927732099136964,0.0889824427739265,0.028383640636741956,1.0607567716658448,1.3025549423096197,-0.698836360236419,0.47138953839239983,0.5305013567871012,0.41278555664109146,-0.2378905396154286,1.1151314191921218,0.9777687770201531,0.33694573373588854,0.6329505423983446,0.7820792068216121,0.25295560183580257,0.312111980532898,-0.3607819378201793,-0.8082902399276747,1.2939306830817197,-0.00919393179231301,0.07387038045606553,-0.31211198053289735,-0.2529556018358033,1.1343932274041606,1.0163612595869336,0.2545723698179399,0.3953247556304958,0.6493539925053206,0.1325402314653172,0.02452383803125581,-0.09793149585751397,0.5738579727592754,-0.3040534310604773,-0.7105613285614767,0.20587258615124074,0.858125067447326,0.8038267854512828,-0.9847090191502859,-0.12479618717266176,0.013711913318286572,0.10046155601764112,1
0.4161082917320974,-0.4370186087675581,-0.15484123025532542,0.3052077222492148,1,0,0,1,0,0,-0.34411449859924853,-0.23324061976819627,-0.7455217907937414,0.9168173459667227,-0.9765561738802919,-0.8879141916288024,-1.7058331659290586,0.4118963821808687,0.03796859398879242,-1.0888268193272248,-0.7086446764600591,-0.3711481980829053,0.7471774945835213,-0.43313600490955445,-0.36981835141134267,0.7439285278626581,-0.13192555025848715,0.22787024995786037,-0.4633576356367666,-0.04664941409013511,1.9392181491880054,-0.9358166171111186,0.6956720863701394,1.340119670314258,1.143743733693321,0.04664941409013511,0.4633576356367659,-0.5089050763265954,-0.4846237089171882,-0.4914316007678933,-0.05689276168264715,-0.10165033785478751,-0.6865896075014126,-0.709509049969999,-0.5962450189412776,-0.5423417704240322,2.527057774556219,-0.5588081172337243,1.50136931641021,1.7009327062690485,2.276137745844509,0.37938770007212164,-0.6186874509066087,-0.7099875321636356,1.9562107286262216,1
-0.9717058755587404,0.4133176682906843,0.27967722576327125,0.3052077222492148,1,0,0,1,0,0,0.08492935954125552,-0.440826151741836,0.047655457083711085,-0.4343295949120862,-0.029586628863803418,-0.0033670407155536224,-0.5051860757365001,-0.30772208944892976,0.8250673412031676,-0.3836779926353965,0.0020062610832665487,1.5395911845927142,1.3773394336284406,-0.007578318493057681,-0.22161115030909403,-0.1307172986020517,0.32426091212925295,0.4675184513529635,1.0833762813478618,1.0253393444398995,0.6949013693585543,0.20035303952152667,-1.2592529741111171,0.8398557850122725,0.4538325349963361,-1.0253393444398995,-1.0833762813478625,-0.11896988561082296,-0.3345252120667762,-0.4186507255887879,-0.4186667755331612,-0.27233314020935756,0.006520256239666901,0.8401159358104279,0.34501385799472056,-0.6043528672675491,0.7229182807808735,0.27583454506891375,0.2606118846128881,-0.4514683405679659,-0.11002139686175369,1.2359135470257274,-1.277209135885205,-1.0440026608476,0.22417816752487937,1
-1.074506924987691,-0.1535731830814779,1.7280720791585935,1.0385308760612593,1,0,0,1,0,0,-0.44506599463230834,-0.0843837677086675,0.188380452674872,-0.4597901796652629,0.6290273077151832,0.29043855996695617,-0.21282880980913882,-0.0731518590001235,0.8379459842105144,0.3098933394382723,0.5130945565387988,-0.6483073315709124,-0.8049241148435814,0.9464387417688326,-0.3486887375676629,0.3389450151422163,0.8494761816214625,0.5811672327531591,-0.11623388745465664,-0.7689345227338477,1.2416140800951596,-0.24890550053474156,-0.804893179287134,0.4236801315183988,-0.0996513650414089,0.7689345227338477,0.11623388745465593,1.1622457410267157,-0.10937746679115769,0.7731361054690666,0.8475422729436388,1.195538960039945,0.1010352376589052,-0.6279498401920818,-0.6516131881728072,1.0079356506638961,1.5278420549267964,0.04820472807728505,0.9539763317937442,0.3394742127878045,0.49921072468027106,1.0455744699249259,0.6983559190505837,0.3477270420022505,0.5953280020465953,1
-0.7147032519863632,1.2121184134060021,2.452269505856255,-0.13478617003801185,1,0,0,1,0,0,0.8799223908016013,-0.5838682830177894,-0.68155588370685,0.4857233541231627,-1.507957312801638,-0.8244128289242112,0.7865948882828817,-0.07291826871591608,0.5359426901877355,-0.38270757295946456,-0.3042816830725148,-0.6385928460742194,0.4151389165690285,0.6198525780716453,0.3624374225152552,1.0239280764676741,-0.30129555715777945,-0.22807913868955026,-0.6910894285371356,-0.18555039652161812,-0.4744299474909517,0.4631644657026427,0.2962973579297245,0.21825372390375752,0.17290620355522449,0.18555039652161812,0.691089428537135,0.911573118423719,0.7161642658861095,1.0369667779933252,1.4806467971820387,1.263812080981773,-0.30852968182446,0.02452383803125581,0.40038202722625016,0.7598912632898273,-0.5261013687559044,0.27583454506891375,-0.39625969692687113,-0.1921429132382052,-0.093098282374475,-0.5405845059150832,-0.6186874509066087,-0.7656567202776299,-0.5799798072721716,0
0.9558138012340891,-1.3131226517972627,0.5693561964423357,0.5985369837740325,1,0,0,1,0,0,0.9051602648098662,-0.5908459479580798,0.40586453677030254,-0.5043462029833221,-0.22993609318052685,-0.064632439944631,-0.13945522616406847,-1.8633670595506624,-1.6859329392871016,0.22321605009687956,0.05925369357019797,-0.14850663042780085,-0.2876301049873664,1.1298139855623852,-1.0356630382867045,-0.7599719156777084,0.6066949754835907,0.35245381468092607,-0.33645217931212407,0.13114384342216406,1.3228127088795512,1.5200252707713078,1.5410283232493158,0.3000378693640576,0.26706984681914436,-0.13114384342216406,0.33645217931212335,0.6609004958207222,-1.1600669447440433,-0.9918001176242447,-1.1809763047181743,-0.9209277891567239,-0.18250970659880966,-0.709509049969999,-0.6516131881728072,-0.728375060954584,0.917210226264372,1.0346006017076752,-0.7338187041070253,0.09311505682453199,0.2115177783965368,-1.7777885070702906,-0.28942660841731066,-0.26463402725168356,-0.6418381130257917,0
0.5189093411610479,-0.4370186087675581,-0.15484123025532542,-1.6014324776621007,0,1,0,1,0,0,0.7537330207602766,-0.5536317349431976,-0.2977604411855021,-0.2827233856999886,-0.7038682872378865,-0.20728690968240973,0.16363162507828555,-0.859831056391175,0.8190567896729121,-0.4157695235286097,-0.21346368024017903,-0.29578552782377243,-0.302456503849295,-0.9955229275014109,-1.0803089988793602,1.3950403883559626,-1.340498250014628,-0.8932629929013431,-0.4215365193479638,0.01465860574169185,-1.2222485371773189,0.09791526926263235,0.2822029830678216,-0.7675373151266709,-0.5945842141320049,-0.01465860574169185,0.42153651934796316,-0.8431352397972577,-0.8598699510432187,0.764038496071679,1.4418852956980555,0.7176271134471482,-0.5920746260821743,0.6769975162545934,1.009431888773073,0.6358690696027934,-1.1367331974183288,0.12408133374116129,0.10551720563822252,0.2357440418559006,-0.093098282374475,-0.1916295312302808,0.8629863402952329,0.9600881112561845,-0.1469716669968365,1
0.544609603518286,1.1348151154916164,-1.168717627632051,3.2385003374973924,1,0,0,1,0,0,-0.33149556159511606,-0.2582439191375702,-0.438485436776663,-0.11896553376478392,-0.13793399903380654,-0.10666855328428994,-2.564723287029282,0.04369479265460833,-1.6760427454159934,-1.0668481470879523,-1.186485502718727,-1.5042655481284193,0.5259305716137193,0.6937547056058049,-0.6678994435936342,-0.94690381482716,0.5600455496164461,0.3101036393872885,-1.1128149709452282,-0.9479624556455367,4.259501690480332,-0.7290594747758329,1.3396595659024852,1.9965745996093083,1.8452451098924116,0.9479624556455367,1.1128149709452275,0.5216379277079463,-0.7097714541928067,-0.3549674598070702,-0.7675202888890147,-0.5283573437412127,0.4790951633358572,-0.9541866793037505,-0.5962450189412776,0.015758101167622184,4.358953260543492,-0.5588081172337243,0.5251851605108457,1.1822818516095268,2.0561372575098895,-0.7626467625326843,-0.4540570296619595,-0.8769950965056176,1.275769365336409,0
0.7759119647334253,1.3667250092347738,-0.15484123025532542,0.3052077222492148,1,0,0,1,0,0,0.45087853266109723,-0.5111842732230976,-0.630383158037337,0.24847699619583435,-1.1531482284226375,-0.5851647370442374,-0.6638699575912029,-1.5940892887991087,0.10004778310201723,-0.5583782761573782,-0.642485742978315,0.4042709348542952,0.7898438755842492,-0.21122308062629733,-1.4101170987342322,0.40654921429090757,-0.3683288300127559,-0.14469842324510873,1.1750460966186718,-0.614019074092617,0.7120757230210071,0.7753132220946712,0.2717740817845709,0.38910446470123317,0.6939930851949948,0.614019074092617,-1.1750460966186724,0.02029268250195297,-1.1600669447440433,1.0096739498011607,1.093031782342202,0.8712416355662611,0.4475901695294441,1.5741488238116832,1.009431888773073,0.5738579727592754,1.5000860627148682,1.793366658346437,2.5231695543609463,2.3233137318604746,2.394599547255459,1.9655466759121307,1.1099319721622063,0.848749735028197,2.6985103976696543,1
-0.04649643069818187,-1.158516055968491,-1.168717627632051,-0.13478617003801185,1,0,0,1,0,0,-0.48292280564470574,-0.05821752418257845,-0.23379453409861076,-0.3081839704531653,0.35708231377937705,0.1933977451296584,0.5803099082939178,-1.1963745875195073,0.40950987502910247,-0.03681773071158673,0.6137141395465381,1.3824841977540812,0.35661421731787435,0.27343269238218054,-0.5671733013327224,0.8577863651341938,0.15796346821324436,0.5842442189079505,0.6912331826893887,1.199986903232429,-0.5337243293230165,1.0738799047043284,0.30217885453136833,0.20637224998700457,-0.22745767279923915,-1.199986903232429,-0.6912331826893894,0.1317027369921738,-0.6347222057676005,-0.4095531161914002,0.07231224326396513,0.13730558544161034,-0.6235796198885869,0.4323198869208419,0.12354118106860354,-0.23228628620644656,-0.5816133531797613,0.8069707847160468,-0.41450612974742024,-0.2051091846046925,-0.11002139686175369,-0.9212626601166852,-0.7833178721512579,-0.32030321536567735,-0.20882997275045564,0
-1.100207187344929,0.2587110724619126,-0.15484123025532542,-0.4281154315628296,1,0,0,1,0,0,-0.00340319948767178,-0.4309411264097579,4.448509864661834,-0.7612666491290143,1.1990240579722269,0.2568991078342496,-0.6461905357413104,-0.458242756846684,-0.08362984057961287,-0.6587602982532829,-0.15401359035555057,1.4245495658055414,0.8726014035866858,-0.3147172821541489,-0.4910691049578118,-0.6894438431592878,-0.5269466102451105,-0.670243036401828,-0.04921092906325296,1.9917225030918824,0.5840818698422359,0.13701031559632704,-0.578499778975745,0.3674314247694989,-0.4541366623981263,-1.9917225030918833,0.049210929063252244,-0.016844002328120476,-0.10103866141057925,1.3553831069019124,0.725515323827394,0.45970643433357544,1.3647355447827914,1.5922730926512203,1.7968902956214883,1.0354961381499035,0.25106641317809053,-0.17942508891434333,-0.8797901666714156,-1.0090180093269512,-0.8207922053274488,-0.794369942049485,-1.1125787146405561,-0.32030321536567735,-0.6418381130257917,1
1.2128164248064663,-1.3131226517972627,-0.15484123025532542,0.5985369837740325,1,0,0,1,0,0,-0.6595879237025604,0.48545886908171604,0.40586453677030254,-0.5043462029833221,1.2763312994381482,0.7631212386905678,-1.2804655018622408,-0.9566926674116163,-0.7888595713227001,-0.12216511252483009,0.075079049273451,0.3151324685527842,-0.4090391086326965,-0.48625220635770977,0.3903593457521157,0.225557658672457,0.22103229134155752,0.4213329156715279,0.5444209881177442,-0.11014700605881247,1.2946609750681735,1.7041441331202896,1.3050611552183484,0.3842090220710646,0.3137431452309765,0.11014700605881318,-0.544420988117745,-0.5089050763265954,0.26586877533487285,-0.24579614703841146,-0.09565426316663046,7.593435579547688e-4,-0.15100471279239655,-0.38327221085833024,-0.6516131881728072,-0.4183195767369984,0.8339422496285867,1.1104772073715516,-0.8797901666714156,-0.1532440991387405,0.008440404549195996,-1.6826189685198898,-0.28942660841731066,-0.3759724034796717,-0.8892713360402683,0
-0.5348014154856993,1.3409572432633117,1.4383931084795292,-1.8947617391869185,1,0,0,1,0,0,-0.5460174906653681,0.08133577462322976,0.009275912831576286,-0.42854309837727333,0.7022813419732125,0.3937400725356925,1.4384140482141259,-1.0010743750459565,-1.5155707171959172,1.1644111337109824,1.1438304921964626,1.3324009477593943,-0.4948958892551951,0.6843319896609859,-0.9837655872425096,-0.7336193951540261,0.9012195256178015,1.2552135058422782,0.5274811195133241,1.2940866261665431,-1.3163732880906613,0.3884912271673184,1.3346192001813522,-0.6794104654836187,-0.2615639790876855,-1.2940866261665431,-0.5274811195133248,0.35452284597261524,-1.0850176963188372,-0.8280431484712572,-1.0388507992769007,-0.6819718658603261,0.5106001571422693,-0.709509049969999,-0.983822203561983,-0.29429738304996345,-1.3032691506898992,0.04820472807728505,-0.8250508682097696,-0.08841274230630035,-0.3469449996836519,-1.397110352868688,-0.9479482933959068,-0.48731077970765985,-0.5799798072721716,1
-0.4320003660567478,0.5163887321765315,2.8867879618748513,-0.13478617003801185,1,0,0,0,1,0,-0.5207796166571032,0.014466485612113323,0.7512804350395157,-0.5483235766479001,1.0534015017915732,0.4348818004851459,2.4324458775640263,0.011829663406677644,0.034130847287571854,1.648493996147354,1.740724215287386,1.2425209167752853,-1.3769990292681742,2.393357875326313,-0.9815183704850156,1.759465326431158,0.8803672077816709,1.4230841193931325,1.2994551316290601,0.4058665575902641,-0.9909602161003489,-0.999500141127139,1.7214349592418288,-1.3540519836315636,-0.8736620717832307,-0.4058665575902641,-1.2994551316290608,3.39044683083113,-0.4846237089171882,2.1104846868851332,2.9535838535734187,3.3290739894720707,0.2270552128845555,0.18764225758709038,-0.3747723420151606,2.4962019749083075,-0.8869292675109735,-0.8623145398892288,0.36096726512590627,1.234146937075479,0.5161338391675497,-1.0798785577006862,0.4514102871836102,0.7374113588002092,0.22417816752487937,1
-0.1749977424843705,-1.158516055968491,-0.15484123025532542,-0.13478617003801185,1,0,0,1,0,0,0.04707254852885811,-0.4350114309582606,-0.23379453409861076,-0.3081839704531653,-0.2460909445985543,-0.09638312129692658,0.6768748936500893,-0.862804969925782,-0.14711582805162923,0.10051134844125519,0.24673838168835985,-0.42891322762835993,-0.7548110008874526,0.44407002805525875,-0.1758965007305965,-0.07004128621919843,0.4130667465330968,-0.03257017978355533,-1.5495845239304507,0.9518725779243598,-0.4975014768670087,1.0080176455244363,0.13072752746159003,0.27380556773472686,-0.352570421732713,-0.9518725779243598,1.54958452393045,0.4659329004628361,-0.10937746679115769,0.1908891040362222,0.12399424524260985,0.2909201075607231,-0.15100471279239655,-1.1988643086375024,-0.7069813574043363,0.38782468222872474,-0.5261013687559044,0.8069707847160468,-0.2867811000035777,-0.17917664187171697,-0.0592520533999176,-0.857816301083085,-0.37174181903963527,0.06938110143228039,-0.1469716669968365,1
-1.100207187344929,-0.9008383962538722,-0.15484123025532542,0.3052077222492148,1,0,0,1,0,0,-0.00340319948767178,-0.4309411264097579,-0.3361399854376369,-0.2607346988676996,-0.3246943265914262,-0.12992257342963318,-0.6274933079810667,-0.872995649190859,0.07492500575922983,-0.23334036708363293,0.33082245487315,0.2307601748120747,-0.06355377301933687,-0.21231617051612728,-0.47656174252384353,-0.6879758828098632,-0.29591306934140676,-0.49891260107016633,-0.1342108908715925,0.44783808336594555,0.6604009036938454,0.7208048337297318,-0.7937744069581226,0.021805447915903782,-0.917176443170597,-0.4478380833659462,0.1342108908715918,0.0759977097470634,-0.10937746679115769,1.2644070129280303,0.6537347655237203,0.4957394703862077,1.2982250023025865,1.3294711944779316,1.5631135810883663,1.069946747507413,0.4731143508735179,0.5034643620605421,-0.39625969692687113,-0.723760039264214,-0.6684841749419423,-0.4771381468814831,0.28677986593896093,0.5704037944582268,-0.7036964187794109,1
0.23620645523143258,-1.0812127580541053,0.27967722576327125,1.7718540298733036,1,0,0,1,0,0,-0.7479204827314877,1.6309588634460586,-0.46407179961141953,-0.08135330628850015,0.9682671577500781,1.3171929879228808,0.6483561496731809,-1.0221399209834225,1.2645117059750686,0.14486302590521166,0.9959911422940969,0.6495013093649993,-0.1420871370725676,2.092509548610642,-1.7306486007113941,2.3366450703417794,1.2708692292399633,2.2489823229900563,1.1393967240133565,-0.2441974779926877,1.18925587682462,-0.33080665694010253,0.6194730870411329,1.0644715708884545,0.9008562448993872,0.2441974779926877,-1.1393967240133573,2.63842896302214,-1.4602639384448675,1.3462854975045246,2.5659688387335815,3.158391187117501,-0.34003467563087314,-0.22015379130249568,-0.7069813574043363,2.1241353938472036,1.2780381250194413,-0.17942508891434333,0.4613226456389258,0.7284623537824456,1.1592121896841308,-0.2233527107470814,-0.7010026615289333,-0.8769950965056176,0.904619530814692,0
-1.305809286202831,-0.5400896726534062,0.5693561964423357,1.478524768348486,1,0,0,1,0,0,0.4130217216486998,-0.509439856988025,-0.5664172509504457,0.0835618449536671,-0.9721381897972832,-0.45637324085464404,0.5648021637808085,1.3706856025518046,1.4997884783490962,-0.47454504224154936,-0.52487983437254,-0.19239644279474796,0.6503136591801383,1.6790698095117456,1.1900850690617406,1.335860140571375,0.546589256182872,0.6878327232929732,0.6912331826893902,-0.9479624556455367,0.8923356122417314,-0.6891079087408077,-0.7078504817012572,1.183068286946428,1.3539042696996093,0.9479624556455367,-0.6912331826893908,1.1900982546492709,0.7161642658861095,-0.8098479296764806,-0.06981326217730856,0.15437386567706757,-1.4742144526617298,-0.05703537174666111,-0.3747723420151606,-0.790386157798101,0.6118943119331598,-0.7864379342253526,-0.5787240251323598,-0.8274902101961188,-0.36386811417093057,0.6331731362065233,-0.4540570296619595,-0.8769950965056176,-0.08511336124321738,1
-0.1749977424843705,-1.1069805240255675,-0.15484123025532542,-0.13478617003801185,1,0,0,1,0,0,0.04707254852885811,-0.4350114309582606,-0.016310450003180245,-0.42622849976334815,-0.05003333346630037,-0.0051558114959646415,0.5968102713270916,0.10552376095546771,0.38165501586397693,0.4540266255790141,0.41846509051467573,-1.2559202518821315,-1.3803837275857633,0.8539897676379327,-0.4099878208294873,-0.25064064677101294,0.7074393503662721,0.27712770627893546,-1.9484500757087815,0.21952363131345246,0.023417303316171853,-0.5555514722435506,-0.7736048705178116,0.08812407014595348,-0.2734638457506081,-0.21952363131345246,1.9484500757087815,0.8558680911786088,-0.3345252120667762,0.1817914946388332,0.020630241285320403,0.3079883877961804,0.1010352376589052,-1.6066603575270884,-1.0945585420250417,0.38782468222872474,0.19555442875423396,-0.3311783002420958,0.7350191379471587,0.1838789563899486,0.2115177783965368,0.9186817518577256,0.6983559190505837,0.9044189231421907,0.5334696962929761,1
-1.074506924987691,-1.3131226517972627,1.7280720791585935,0.5985369837740325,1,0,0,1,0,0,-0.44506599463230834,-0.0843837677086675,0.40586453677030254,-0.5043462029833221,0.75304712103495,0.3248723974898683,-0.40483408313478386,-1.1532951964962692,-0.19081977067809178,-0.003819028476059396,-0.07896907700461017,-0.7860759884557856,-0.6692610559528792,1.4198517825875507,-0.4385464905582249,0.8462494373175867,0.9697277496934904,0.7825278069929075,-0.018359091073560794,-1.0539055705610194,1.9816308189114087,1.1436076039303582,1.11125609153667,0.9667246979824143,0.8666497645421787,1.0539055705610194,0.018359091073560086,1.4407708772522676,-0.3345252120667762,0.28186519801010423,0.6924962670077037,1.0931292786272029,-0.6235796198885869,-0.7910682597479163,-0.8730858650989243,0.7598912632898273,1.7221340004102954,0.9587239960437993,-0.22291858513165644,0.36540675552078095,0.7530574419894479,-1.0798785577006862,0.03983423407198747,-0.4316415915936655,-0.3944048900113141,1
-0.1749977424843705,-0.4370186087675581,-0.15484123025532542,2.9451710759725747,1,0,0,1,0,0,0.04707254852885811,-0.4350114309582606,-0.5408308881156891,0.017017134803318904,-0.6890749195677589,-0.3477054159446747,-1.0117796120248528,0.20476614393988948,-1.5648485239381682,-0.1677329113740786,-0.7808068695297138,-1.8452955200351542,0.2710731395360505,1.0504597001514466,-0.5336839110769406,-0.40600958039542573,0.8335006403876094,0.5422170297829676,-1.5678769133722459,-0.9617617689328484,2.456511135169394,-0.8156807851918726,1.73119988207661,1.0530813092699132,1.5444565667599242,0.9617617689328484,1.5678769133722459,1.106540713781605,-0.40957446049198204,0.34554846379182197,0.07231224326396513,0.4103980692089227,0.5421051509486824,-1.5251011477491712,-1.149926711256571,0.5738579727592754,3.331981548702142,-0.3311783002420958,1.9119140548725593,2.738234415588092,3.173062813670267,0.15732544345452057,-0.6186874509066087,-1.0440026608476,2.3273605631479377,0
-0.4320003660567478,-1.0812127580541053,2.8867879618748513,1.7718540298733036,1,0,0,1,0,0,-0.5207796166571032,0.014466485612113323,-0.46407179961141953,-0.08135330628850015,0.13030293114173197,0.07399729553722294,0.6591099976072969,-0.3373737173107546,0.4726542739663751,0.08821621775111184,0.6717324831650902,0.4346286430600767,-0.6657894882156118,2.4783240642160647,-0.8211240902042796,1.6530172920061,0.924466214537696,1.5202857473670162,1.0928891867061536,-0.4911325578708816,1.559803707573715,-0.35952807311113166,1.0149887355622713,0.7975104544703636,0.6109780058319992,0.4911325578708816,-1.0928891867061543,3.39044683083113,-0.3345252120667762,1.9285324989373691,2.708094344174856,3.107186346411129,0.3215701943037938,-0.46483142063624716,-0.9284540343304539,2.3721797812212735,1.333550109443298,-0.4070549059059717,-0.24116501795220557,0.30057539868834077,0.6176725260912207,-1.1116017372174867,-0.4540570296619595,-0.7099875321636356,0.038603250264021984,0
1.3670179989498932,-0.46278637473902035,0.27967722576327125,0.3052077222492148,1,0,0,1,0,0,-0.596493238681898,0.247055316955127,0.46983044385719386,-0.5124472981320601,1.1077395413184001,0.5860329314298769,0.9559959826234153,-1.7457092398570702,1.3875166875497975,0.9472635579738117,1.669281227971537,0.7805680662371659,-1.6328486794146722,0.784317123656872,0.755225031425783,0.2856074392873231,0.3796241028329583,0.5762571363623364,1.4159231644047408,-0.33969361065354725,-0.5456552567291958,3.152608574707025,-1.6097738613574404,-0.9032631924717904,-1.6075444167146973,0.33969361065354725,-1.4159231644047414,1.5521809317424884,1.6918044954137887,2.3743153594093918,2.204194824883068,2.3049771753446504,1.6762849279795395,2.063504082479186,1.3416409041622488,2.3101686843777554,-0.38732140769626244,3.4626519829517126,0.7258959215368835,-0.2958730841701091,-0.6177148314801074,1.0138512904081252,2.4269753421193996,2.40748700222003,0.10046155601764112,0
-2.256718993420627,-1.3131226517972627,-0.4445202009343899,0.5985369837740325,1,0,0,1,0,0,2.898952311462797,-0.7321436629989606,0.06044863850108935,-0.42622849976334815,-0.9419020066438308,-0.23367127869347226,-2.0008782064536144,0.029134568728568695,-0.927543539942316,-1.75627770803285,-2.1724208983598605,0.49386696840528,3.6427596251673937,-0.6159017746090166,1.1258523595614531,-0.4448138969290306,-1.606274235902843,-2.279989645494485,1.6526162632714494,-0.965469047129439,2.166868056609704,1.0878660687192572,0.8209880232686823,0.779863841681836,0.5982874394285624,0.965469047129439,-1.65261626327145,-0.3417899945912644,1.6918044954137887,1.4008711538888534,0.9121447754169449,0.13730558544161034,0.2270552128845555,5.896786942041295,4.719099227285538,-0.17027518936292965,1.8609139614699375,0.8828473903799233,-0.2776578835933038,0.1709126850234604,0.4822876101929924,-0.9529858396334858,0.28677986593896093,-0.15329565102369538,-0.5181215015185524,0
-0.04649643069818187,-1.2873548858258006,0.5693561964423357,-0.4281154315628296,1,0,0,1,0,0,-0.16744938054139394,-0.3448832588128428,2.2480826608727726,-0.6993511362065163,0.9911044211558413,0.2752340083334625,-0.13050632019965935,-0.007635741517582559,-0.07026818572280803,1.2624072916748812,1.4134540064495675,1.0719589627784927,-1.3802449088397453,-0.8036622646113271,-1.2055213931596411,0.9136105872344409,-0.13711566503645536,0.3146674313879149,0.8489203546367114,0.6200753015809853,-0.6215376504223143,-1.1971845726941557,1.0141494957827004,-1.8413923536438144,-1.5303479319538713,-0.6200753015809853,-0.8489203546367121,-0.5367575899491508,-0.8598699510432187,1.4918472478627354,1.8295003105378922,1.673450806632741,0.5421051509486824,1.0032343553662626,0.6218547041523672,1.3179911348814817,-0.6556293324115703,-1.1911131644326922,-0.39625969692687113,0.15794641365697218,-0.6007917169928287,-1.175048096251087,0.8904247438360077,1.4054416161681371,-0.5593603720209651,1
1.3670179989498932,-1.0296772261111817,-1.8929150543297122,0.5985369837740325,1,0,0,0,1,0,0.021834674520593164,-0.4140784361373894,0.23955317834438508,-0.4667339755070384,0.14328956210353586,0.04224661418492735,-0.656269013547308,0.8376909892934822,0.16430571476647007,-0.514274710517552,-0.2682436828267319,-0.2896141822914561,0.060203720753641624,-1.256176796490789,0.3463770717090815,1.1964280355453327,-0.940801811829397,-0.5592459161335046,-1.1598770966922176,0.7553527801229527,-0.34259901527725656,-0.8027642254096811,0.9776833762833812,-0.23813101638810677,-0.1972648635510533,-0.7553527801229527,1.159877096692217,-1.2330704305130304,0.11577027848446049,-0.5460172571522233,0.11107374474794844,-0.27233314020935756,-1.1906695084040155,-0.5463906304141645,-0.04256332662598434,-0.4183195767369984,-0.3595654154843339,-0.7864379342253526,-0.14993285384946126,0.36540675552078095,0.24536400737109418,-0.9847090191502859,-0.37174181903963527,-0.04195727479570725,-0.2706882785040748,0
0.7759119647334253,-0.9008383962538722,-0.15484123025532542,0.3052077222492148,1,0,0,1,0,0,0.2742134146032426,-0.4850180296970086,-0.3361399854376369,-0.2607346988676996,-0.5140688634949482,-0.17151149407418936,-0.6999776046254574,-1.2259245173488258,0.8331669467778978,-0.4182311127682912,0.47737836943884393,0.6340698377172833,-0.447302641021812,-0.0926038622977073,-1.4343290026140436,0.36985857277625195,-0.2975035892245228,-4.210061686574522e-4,0.8432886699243073,0.02843219803499119,0.8808072104860337,0.24574056537928712,-0.7672949308879727,0.27000378488989557,-0.6210262909182437,-0.02843219803499119,-0.843288669924308,0.18740776423728422,-1.1600669447440433,1.1825285283515359,1.2222367872888142,1.0248561576853752,0.6996301199807459,1.166352774922097,0.7879592118469556,0.9459245538203791,0.5563823275093027,-0.02767187758659086,-0.7064490548762022,-0.9571529238609991,-0.8038690908401701,-0.6040308649486834,0.2044646553166367,0.23638866577426285,-1.0748462533011267,0
-0.9460056132015023,0.9544407536913834,0.5693561964423357,0.5985369837740325,1,0,0,1,0,0,3.757040027743805,-0.7559840182116195,0.8920054306306766,-0.5795706579358897,-0.6545506028411322,-0.13350011499045522,-1.2612075497151725,0.1799557306187827,0.9415677684010788,-0.9169086418518683,-0.5844319414641234,-0.5506650070654954,0.15858156512252586,-0.42558720806531775,-0.5368836140451329,0.6483978411128513,-0.6495145579014278,-0.569231857816098,-0.9306920144830665,0.17200761631813533,1.328498075317028,-0.7848331064765923,-0.6355773830422344,0.5946369038385765,0.20404602985539164,-0.17200761631813533,0.9306920144830657,-0.6203151308168162,-0.7848207026180125,-1.0918738209955157,-0.6383152839424023,-0.8355863879794388,-1.3166894836296663,-0.709509049969999,-0.3747723420151606,-0.9144083514851348,0.8616982418405155,-0.9381911455531051,-0.8797901666714156,-1.0349505520599276,-0.7700228618656133,-0.3185222492974822,-0.4540570296619595,-0.4316415915936655,-0.6418381130257917,1
1.341317736592655,-1.0039094601397194,-1.6032360836506476,1.478524768348486,1,0,0,1,0,0,6.217732743549638,-0.790290870834714,0.41865771818768077,-0.5049248526368034,-1.144181329558579,-0.2175723416697731,-0.7724832876867125,-0.6598941430563025,-0.5367060956707115,0.7540317123534086,0.4789618405489474,0.23786596778638627,-0.502282404944276,-0.32808432702997486,-0.6805883212550735,-0.5492822264194267,-0.4199675726203411,-0.55378510457172625,-0.2493891336940558,0.5717619163874261,0.7463388219879317,0.2239269811060595,0.18171954756695138,-1.4350808533677468,-1.1633372194215539,-0.5717619163874261,0.2493891336940551,-0.11896988561082296,-0.40957446049198204,0.9368930746220554,0.47284775859846334,0.2738518273252659,0.9516700704320475,0.6769975162545934,0.8986955503100138,0.6358690696027934,0.31583039500592347,-0.17942508891434333,-1.0805009276974533,-0.8361343911071103,-1.277716296483967,-0.9635602328057525,0.06727263761276221,0.3848398340782469,-1.2810406058131916,0
1.135715637734753,-0.1535731830814779,3.176466932553916,-0.13478617003801185,1,0,0,1,0,0,-0.4198281206240434,-0.09601320927581818,-0.15703544559434116,-0.35216134411774325,0.32496486319829637,0.19831686477578872,2.4648195296350828,-0.05561921805157876,1.0600732107616573,1.315945100886486,1.188667426136054,1.5839008282332079,-0.16507387423096043,4.442234841088442,-0.455498665347798,0.952629368579624,2.3614749326659275,2.150501522102016,1.116988546947158,1.0524361778040754,1.0112371556413975,-0.37996944137699934,-0.4918549475775178,0.5638411861430322,0.5542203050633429,-1.0524361778040754,-1.1169885469471588,4.198169725885231,-0.40957446049198204,0.06352257247278678,0.5503707615664309,1.5539728449845414,-0.655084613695,-0.6279498401920818,-1.0945585420250417,0.8219023601333442,1.1670141561717275,-0.17942508891434333,0.6346637574341392,0.2616765845888761,0.4822876101929924,1.0772976494417266,-1.1125787146405561,-0.8213259083916238,0.904619530814692,1
-0.4577006284139859,-1.3131226517972627,0.27967722576327125,0.5985369837740325,1,0,0,1,0,0,0.47611640666936217,-0.5175804660850305,0.06044863850108935,-0.42622849976334815,-0.25336479935377143,-0.0686571742005558,-1.896442790388137,1.228938282506142,-1.6076308322843595,-1.1654966205237882,-1.6700581295641435,-0.3896409885868393,1.8916335815261585,-0.6052832539958457,2.6191381222989945,-1.3034667939580324,-0.9265386096647206,-1.5896829092674354,0.3144585240541948,-0.8432999717894734,2.032257969013221,0.9370387140381815,0.8878267816149776,0.6557709178065478,0.6191414069143699,0.8432999717894734,-0.3144585240541955,-0.5089050763265954,2.667444724941468,0.3728412919839863,-0.39282577454383927,-0.71610842633123994,0.5421051509486824,2.3897409215908554,2.393636119561306,-0.10826409251941274,1.7221340004102954,0.7310941790521709,-0.31415074923440073,0.1709126850234604,0.43151826673115745,-0.9212626601166852,0.12214944469431245,-0.26463402725168356,-0.5181215015185524,0
-0.9717058755587404,-0.05050211919562982,0.27967722576327125,0.5985369837740325,1,0,0,1,0,0,0.03445361152472564,-0.41465990821574694,-0.1826218084290977,-0.34058835104811747,-0.18496309545574877,-0.05568858604257591,0.5051417432233233,0.8955824526590394,-0.8984665032760082,0.4243399156158604,0.10454667059893297,-0.18535703534321954,0.49098375494741486,0.053568936202488836,-0.06664185594388441,-0.1105835225136754,0.5600455496164461,0.7113778479564379,0.7520553775833569,-0.9986842558367333,-0.648886440595464,-1.2959753706438946,1.1171080332923466,-0.01792426967198428,0.558606218013503,0.9986842558367333,-0.7520553775833577,-0.17467491285593337,-0.3345252120667762,-0.8462383672660339,-0.7675202888890147,-0.5283573437412127,-0.2770246880180474,0.35076067714292497,0.012804842605544792,-0.728375060954584,-0.4150773999081907,-1.0140677512169813,1.1911799584608802,1.675000163536073,1.5653669373788135,0.31594134103852145,0.6983559190505837,0.23638866577426285,1.0283361423219313,1
0.5189093411610479,-1.158516055968491,-0.15484123025532542,-0.13478617003801185,0,1,0,1,0,0,0.5392110916900246,-0.5274654914171085,-0.2721740783507456,-0.29024583119524533,-0.5791999495166869,-0.18134973336644997,-0.5908094581682154,-1.7929387659332414,2.116090396666324,-1.0944679355381783,0.09978019093543465,0.47675210765529724,-0.022065077692479083,-1.1055245668300089,-1.1403665268465772,2.723419240767647,-1.1086687296136917,-0.29657990506020854,0.3637290563372595,0.28949096339405445,-0.2830921876981662,1.3184705711879208,-0.15599277026962713,0.3792186375232168,-0.4192716877438681,-0.28949096339405445,-0.36372905633726016,-1.0102503215325889,-1.009968447893631,0.28186519801010423,1.70029530559128,1.0589927181562884,-1.6317394216937933,0.5954383064766764,0.4557501964577793,0.139780294854656,-0.19302946221276363,1.413983630027056,0.37921369794645543,0.2357440418559006,0.38074892326932136,-0.3185222492974822,0.36909507656128593,0.5704037944582268,0.2860364732784985,1
-0.9460056132015023,0.928672987719922,0.5693561964423357,-0.13478617003801185,1,0,0,1,0,0,3.757040027743805,-0.7559840182116195,-0.2210013526812325,-0.3214929124832349,-1.3180662775134762,-0.33294805700628377,-0.40159827494225203,0.45226976755124126,0.2624294665228439,-0.9644455919792502,-0.9580343534495689,-1.064051177592401,0.870871658779087,-0.49320279483486795,-0.05934087095099443,0.4324469509746428,-0.7700205378335734,-0.7001117805758703,-1.2246659564705729,-0.2366301126415829,0.06562975592542022,-0.6802008313744531,0.07581760852865453,0.5393645897408577,0.5619686921101311,0.2366301126415829,1.2246659564705722,-0.6760201580619267,-0.40957446049198204,-1.1009714303929035,-0.7416792878996918,-0.972132629863095,-1.1906695084040155,-0.9541866793037505,-0.5408768497097485,-1.1004416420156866,0.6118943119331598,-0.1035484832504671,2.1947337635910675,1.9083930481328573,2.073060371997167,1.648314880744129,-0.28942660841731066,-0.4316415915936655,2.079927340133461,0
-0.9717058755587404,-1.3131226517972627,0.27967722576327125,0.5985369837740325,1,0,0,1,0,0,0.03445361152472564,-0.41465990821574694,0.06044863850108935,-0.42622849976334815,0.016716045633731063,0.01049593283263177,-1.123757971871401,-0.6351970478920542,-0.6173594475659397,-0.09946171028375876,0.2924559690562099,0.004132430101697233,0.2785711692282267,0.14961164511137445,-0.11147246554934817,-0.1570318595849969,0.537081591645389,0.9459744621169348,0.9910609039976785,-0.9772859963810728,1.7121030081643511,0.7601572137025382,0.6861491716984442,0.6669272664260419,0.5433528601816177,0.9772859963810728,-0.9910609039976793,-0.06326485836571254,-0.3345252120667762,-0.7279694450999874,-0.6899972859210471,-0.4600842227993849,0.06953024385249205,0.5138790966987595,0.06817301183707392,-0.6043528672675491,1.3613061016552261,0.5034643620605421,-0.47836864461934153,-0.07544647093981212,0.19459466390925928,-0.9212626601166852,0.12214944469431245,-0.32030321536567735,-0.7036964187794109,0
0.44180855408933456,-0.9008383962538722,0.27967722576327125,0.3052077222492148,1,0,0,1,0,0,0.08492935954125552,-0.4390817355067634,-0.3361399854376369,-0.2607346988676996,-0.39105175738726,-0.13618327116107173,-0.22058315809503629,-0.3407627133216178,-0.3507763342998151,-0.07324136958514758,0.13325330246365621,-1.2024242051513898,-0.7340570422097933,0.8122242864500788,0.3052307441612512,-1.4904288622322157,0.3130612883553161,-0.36615874991967656,-1.8937101003042098,0.23819541748766626,1.1182911877946566,0.7734809771271446,-1.018214270067244,0.4093705797520207,-0.5307185716904713,-0.23819541748766626,1.893710100304209,0.5216379277079463,0.04072103005925432,-0.6551885699208807,-1.258499307686141,-1.091610591511294,0.25856020669096863,-1.3619827281933365,-0.762349526635866,-0.6663639641110671,0.8339422496285867,0.5034643620605421,-0.5057382938501646,-0.9182541097615345,-0.7192535184037778,-0.2550758902638815,-0.04248097655033679,0.06938110143228039,-0.76555472453303,1
0.930113538876852,1.1348151154916164,-0.15484123025532542,3.2385003374973924,1,0,0,1,0,0,-0.20530619155379135,-0.3256946802270442,-0.438485436776663,-0.09292629935812594,-0.28482430169671774,-0.17866657719583343,-3.538483447245723,-0.44640949314500805,-0.5885543387449195,-1.6347784008826118,-1.3012995035095052,-0.794398598908977,0.23915294487429428,-0.0970683203236908,-1.0611120794391422,0.17728553038368816,0.42113198228877136,0.6424765747610538,0.05260013630273529,-1.1356331163529634,4.823357847686561,-0.45028774821158324,0.9827283584356017,2.626067417227539,2.319006414296687,1.1356331163529634,-0.052600136302735995,0.24311279148239442,-0.7097714541928067,1.4372615914784068,1.3256007912461045,1.4686314438072563,1.1722050270769362,-0.46483142063624716,-0.5408768497097485,1.5040244254120325,4.525489213815063,-0.4070549059059717,0.05990112358685037,0.5599008260181015,1.6669056243024845,-0.6992004034990842,-0.6186874509066087,-1.0996718489615938,0.904619530814692,0
-1.305809286202831,0.5163887321765315,0.5693561964423357,-0.13478617003801185,1,0,0,0,1,0,0.07231042253712305,-0.4309411264097579,0.5337963509440852,-0.5222843422412421,0.26167555596704895,0.07220852475681191,1.947009436817781,1.0572088517291638,-1.631010457152676,1.2057885509632578,0.40727927489174087,0.10110460840047693,-0.30184537102086406,1.8222456944514898,0.46421040773268557,0.6100893652706463,0.643723445111821,0.5373021151608731,0.9573302853504951,-0.8115738940849077,-0.8865975903300652,-0.9860165314225486,2.842726909404371,-0.9906373923809247,-0.004912066171208578,0.8115738940849077,-0.9573302853504958,1.4964759044973779,0.26586877533487285,-0.4186507255887879,-0.05689276168264715,0.20557870638343811,-0.8126095827270634,0.10608304780917345,-0.319404172783631,-0.728375060954584,-0.6926373220274746,-0.7105613285614767,1.0360852794862145,2.5437403450907716,1.836136769175269,-1.175048096251087,1.2745623934068555,0.9044189231421907,0.8427612250610729,1
1.135715637734753,-1.3131226517972627,3.176466932553916,0.5985369837740325,1,0,0,1,0,0,-0.4198281206240434,-0.09601320927581818,0.06044863850108935,-0.42622849976334815,0.5022605812576203,0.2555575297489413,2.10738400320161,-0.4158505250259036,0.4039897720186011,1.4958452382517158,1.206290313389039,0.2497749521948117,-0.7275708228610875,4.835675172148827,-0.3914218838050509,1.0791209910567803,2.8832127810978134,2.4658079706102494,1.2234273880116016,-0.8727171435694476,1.9013808991221177,0.17865004568179754,0.5321449738935172,0.8381540262009345,0.8391450660842942,0.8727171435694476,-1.2234273880116022,4.615957430223559,-0.3345252120667762,0.11810822885711679,0.6666552660183818,1.9124067299291387,-0.8756195703398886,-0.709509049969999,-1.2052948804881005,0.9459245538203791,1.3890620938671545,-0.1035484832504671,-0.7611883533378483,-0.39960325510201306,-0.0592520533999176,-0.826093121566285,-0.5363722402842841,-0.9326642846196119,-0.9511296417938885,0
-0.5605016778429365,0.5679242641194551,-0.4445202009343899,-0.4281154315628296,1,0,0,0,1,0,0.6401625877230843,-0.5414208212976894,-0.46407179961141953,-0.07556680975368728,-0.885614961764076,-0.35799084793203806,-0.2859946016460314,-0.6377005126958418,0.5968075300251495,-0.4404236678829572,-0.6620192995005075,-0.09135703167880214,0.5481196527604661,-0.5142292194814118,-1.5543641996742759,0.9578943657247395,-0.8541243744734721,-0.8397823111202513,-0.09305301462755473,-0.032311248161722386,-0.11612932165842567,-0.6818639665737394,0.14673557185791336,-0.2519511473689543,0.04077353593982554,0.032311248161722386,0.09305301462755473,-0.5089050763265954,-1.4602639384448675,-0.10933200607758836,0.3953247556304958,0.017827623793410803,-1.0646495331783645,0.2692014673650073,0.34501385799472056,-0.6043528672675491,-0.3318094232724056,-0.8623145398892288,-0.9162830323125138,-0.7107937678977266,-0.7530997473783346,-0.5723076854318833,-0.37174181903963527,-0.4316415915936655,-0.8274130302866491,0
0.4932090788038099,1.7017059668637786,0.27967722576327125,-1.6014324776621007,0,1,0,0,1,0,-0.40720918361991093,-0.12508681319369488,0.86641906779592,-0.5720482124406329,0.8964077790083332,0.34589045415969777,1.2457106446068222,0.1382730568487044,0.29482201255739243,0.6294742735665405,0.42238690224276876,2.2706523787926076,0.9276321470763649,1.317819945198251,0.13080359487166918,-0.07519531459559511,0.7218422632760851,0.8691066353494507,1.713046056908035,1.3979208031972914,-0.4154408134418063,-0.05874794005622328,-0.4785956071219188,-0.1346127014530516,0.2993898118163259,-1.3979208031972914,-1.7130460569080357,1.4964759044973779,0.340918023760079,0.6548671833030202,0.5116092600824467,0.8029685146244333,0.8571550890128092,1.0847935651441794,0.2896456887631914,0.44983577907224165,-0.47058938433204756,-0.17942508891434333,-0.378013264106322,-0.5551985114998699,-0.5669454880182719,0.506280418139323,-1.4418395571298541,-1.0996718489615938,0.16231986177126023,0
-0.9717058755587404,0.4648532002336079,0.5693561964423357,-0.8681093238500562,1,0,0,1,0,0,-0.785777293743885,3.427707585570839,0.5593827137788417,-0.5269135394690924,2.176310266057075,3.0433567910195136,1.2079370403169662,1.220388795246588,-2.0426975971952874,1.5919343962817198,0.7337548879212388,1.0615069492497695,-0.4139914589242634,0.638775036272616,-0.30855153280296455,-0.6196462420401867,0.9544802541544115,0.71331792876994915,0.9345219622652575,0.5209213695068188,-1.0414093692216686,-1.9841220730074187,2.169751331345928,-1.2041543850106273,-0.2575011692767412,-0.5209213695068188,-0.9345219622652582,0.8837206048011639,-0.03432821836595151,0.8914050276351143,0.3953247556304958,0.785900234388976,1.2667200084961745,0.4323198869208419,0.012804842605544792,1.0079356506638961,-1.0812212129944723,-1.9245870191834955,-0.8706669502611417,0.2487103132223888,-0.2623294272472596,-1.6508957890030895,-0.4540570296619595,-0.26463402725168356,-0.76555472453303,1
-0.2263982671988458,-0.12780541711001567,-0.8790386569529866,0.5985369837740325,1,0,0,1,0,0,-0.34411449859924853,-0.19777082298838666,-0.2849672597681238,-0.2896671815417641,0.08290004021266031,0.07176133206170916,0.23927038587053787,-0.6735469850926361,-0.1745844299208042,-0.5030997967154468,-0.37804951166057926,0.12441759512342913,0.23048357422925175,-0.3259767904259297,-0.01818399094682807,-0.504900256374485,-0.7079421714516306,-0.469355907443665,-1.0255223183500044,1.1867913099014362,-0.6584234641662071,0.9062480519944797,-0.26871330094649315,-0.022327970658632765,0.03324818959443848,-1.1867913099014362,1.0255223183500037,-0.3696425082138195,-0.10937746679115769,-0.2730889752305771,-0.4832692780064673,-0.71610842633123994,0.29006520049738066,-0.7910682597479163,-0.4301405112466897,-0.5423417704240322,-0.6926373220274746,0.6552175733882943,-0.42362934615769415,-0.4903671546674297,-0.4654068010946016,-0.033013633646279864,-0.9479482933959068,-0.5429799678216537,-0.1469716669968365,1
0.2876069799459088,-1.0812127580541053,-0.4445202009343899,-0.13478617003801185,1,0,0,1,0,0,-0.6469689866984278,0.3313687683169695,-0.09306953850744984,-0.3822511260987702,0.9012659350619028,0.5502575158216566,-0.7983980802775068,0.09888953085118857,0.8672168650139668,-0.6190568697206165,0.030394174419036166,0.6583450657359072,0.042390573976032304,-0.972836317872252,-0.6156996704498259,0.5191325158819285,-0.7831324170880776,-0.2525662886022081,0.4783555005605047,0.42347698798565403,0.1381453795528024,-0.752523398300997,-0.6638363928986805,0.05976519357074999,-0.2860957381095391,-0.42347698798565403,-0.4783555005605054,-0.8709877534198129,-0.4846237089171882,0.36374368258659734,0.5891322630504142,0.22264698661889537,0.1325402314653172,0.758556726032511,0.5664865349208381,0.015758101167622184,0.11228645211844858,-0.7105613285614767,-0.02220782410562002,-0.3607044410025493,-0.3130987707090945,0.2524949820049213,0.2044646553166367,0.45906541823023866,-0.08511336124321738,1
-0.6119022025574117,0.7998341578626126,1.0038746524609323,1.0385308760612593,1,0,0,0,1,0,0.04707254852885811,-0.4280337660179702,-0.1442422641769629,-0.3573691909990748,-0.1581902790310473,-0.053005429871959386,0.609584147727156,-0.07442008924710863,0.5241997785208239,-0.2782816989314592,-0.28937239557340544,0.053318722966158943,0.32344044251260456,0.5642999651516424,-0.7400947820121698,1.4142373448791152,0.16851873652846774,0.13243654841323985,0.4884925330428311,-0.41176056791003435,-0.2837997201022228,-0.6392667977358122,0.7045734850394105,0.5430409164732021,0.5054967993806644,0.41176056791003435,-0.4884925330428318,0.49378541408539117,-0.7097714541928067,-0.082039177885424,0.6537347655237203,0.700558833211691,-1.348194477436079,-0.13859458152457876,-0.3747723420151606,-0.4803306735805153,-0.3040534310604773,-0.6346847228976005,-0.14080963743918734,0.2357440418559006,0.4484413812184362,-0.667477223982284,-0.5363722402842841,-0.7656567202776299,-0.45626319576493324,0
0.8273124894479005,-0.4370186087675581,0.5693561964423357,0.3052077222492148,0,1,0,1,0,0,-0.016022136491804253,-0.4001231062568086,-0.7199354279589849,0.8242334014097165,-1.18072407845394,-0.944707663906852,-0.5511583414674184,1.617765304209573,-0.3872003047047054,-0.40357356078693846,-0.2026941869823917,0.09664088273590099,0.5552690105434397,1.144717884828474,1.1700113096175362,0.2613615807866625,0.6329505423983423,0.7915851564680711,-0.04053384962865217,0.17200761631813533,1.9101877132132843,-1.0483420049038938,0.7919589708941578,1.172824767286911,1.0363412059624,-0.17200761631813533,0.04053384962865146,1.1343932274041606,1.1664597564373458,0.1817914946388332,0.29196075167320634,0.5469443110925782,0.16404522527173035,-0.30171300108041293,-0.319404172783631,0.5118468759157585,2.8046176966755025,-0.5588081172337243,2.13999446512942,2.336280003226962,2.834600523924698,0.6966194952401235,-0.4540570296619595,-0.4316415915936655,2.512935480408796,0
1.0586148506630406,1.1348151154916164,0.5693561964423357,1.0385308760612593,1,0,0,1,0,0,0.9303981388181312,-0.6018939174468729,-0.5280377066983108,0.028590127872944675,-1.1195397757149852,-0.4849935733412204,-1.8932115911011762,0.28969531590184744,0.05612664785571798,-2.015823741384416,-2.24474966095909,-1.9207060811364851,1.7513857852175168,-0.9615823607723276,-0.866663923526725,0.9152055275469544,-1.4677654867295742,-1.9006090777903375,-1.0705131521703464,-1.5578921029446737,1.671755038401848,-1.2658208057952423,0.8429662852274843,1.2678366929274671,1.062709657105671,1.5578921029446737,1.0705131521703457,-0.9823978079100336,-0.9349191994684248,-0.5824076947417753,-0.05689276168264715,-0.6307670251539549,-1.7892643907258567,0.2692014673650073,0.954063719541543,-0.728375060954584,1.9996939225295793,-1.0140677512169813,0.9995924138451164,1.3378771080073837,1.8699829981498264,-0.12818317219668063,0.12214944469431245,-0.5429799678216537,0.8427612250610729,0
0.5703098658755232,0.33601437037629844,-0.4445202009343899,-0.8681093238500562,0,1,0,1,0,0,-0.44506599463230834,-0.07856904692509216,-0.5664172509504457,0.13853356203438952,-0.20779109239419508,-0.16748675981826458,0.5802823912011623,-0.3060416150275328,0.05538324548926942,-0.3096463579351637,-0.37136076098340426,-0.5862633996762062,-0.07710138726455913,0.039346255902533184,-0.7462952137515322,0.3003060649460413,-0.4984663569379405,-0.24234627736765135,-0.5252107151899512,-0.2786957612109654,-0.7675824753098157,-0.327570441033507,0.22606788193073699,-0.07595845398971168,0.24618320605600072,0.2786957612109654,0.52521071518995055,-0.3139374809687093,-1.009968447893631,-1.3466068841223853,-1.0130097982875779,-1.1257471519822078,-1.0646495331783645,-0.8726274695258333,-0.762349526635866,-1.2864749325462383,-0.7759052986632599,-0.4070549059059717,-0.3415203984652251,-0.17917664187171697,-0.194636969298146,-0.15990635171348128,0.03983423407198747,-0.09762646290970158,-0.08511336124321738,1
1.7011214095939837,-1.3131226517972627,-1.6032360836506476,1.7718540298733036,0,1,0,1,0,0,0.8673034537974689,-0.5774720901558565,-0.7455217907937414,0.9081376011645034,-1.7939475649876047,-1.1459443767030917,-0.7385717329358628,0.5125159133221091,0.5078234124329616,-0.8977588819467113,-0.3816232313704693,-2.01068866942548,-0.7178472261540787,-0.20610422065440853,0.07878426789823013,-0.19133983386186285,0.06581816975701242,0.43314668740421725,-1.4375436385994584,-1.3166012534636966,0.8210650646508167,-0.6245198252292394,-0.8864896972688181,1.2780785013989533,0.9190123262358065,1.3166012534636966,1.4375436385994576,-0.3696425082138195,-0.18442671521636386,-0.7552622732921518,-0.7287587874050313,-0.6649035856248688,-0.05648973137315825,-1.7697787770829225,-1.5375038958772762,-0.35630847989348147,1.63886602377451,0.04820472807728505,2.53229277077122,1.5323711785047043,2.073060371997167,2.885518881899337,1.439192814651505,0.793080546914203,2.945943620684131,0
-0.9717058755587404,-0.23087648099586283,0.5693561964423357,-0.8681093238500562,1,0,0,1,0,0,-0.785777293743885,3.427707585570839,-0.3617263482723934,-0.19418998871735144,1.4877730587670175,2.78622099133543,0.6965980827489087,-0.379898171983706,0.059448106086241403,1.2093850308086909,1.0148053936269061,1.6274810429699234,-0.34012625529524043,0.8633947067297945,-0.5858322189456403,-0.4217785190598989,1.1173061979283203,1.052719028212058,1.2405949430219954,0.9892830742375731,-0.1059427732449567,-0.06545169312726565,-0.5051142880331191,-0.5258994536754437,-0.2915214768724117,-0.9892830742375731,-1.2405949430219962,0.9951306592913848,-0.40957446049198204,0.5456958705343614,0.22735824919990022,0.683490552976235,1.0146800580448727,0.10608304780917345,-0.4301405112466897,0.7598912632898273,-0.1375174777889068,-0.1035484832504671,-0.12256320461863823,-0.3607044410025493,-0.5330992590437151,0.4428340591057229,-0.7833178721512579,-0.4316415915936655,-0.332546584257695,0
0.9815140635913272,0.28447883843337485,-1.6032360836506476,-0.4281154315628296,1,0,0,1,0,0,0.7411140837561441,-0.551887318708125,-0.6687627022894718,0.3323811959506212,-1.407021030027518,-0.6813111664913297,0.1734193875323981,0.5019139418411288,-1.1977528780839841,0.3301671562877544,-0.049904225851055875,0.0824165715431092,0.13338227669692082,-0.8391891280515676,0.23355623760330457,-1.2644805058828699,-0.19350149820790227,-0.38188270582759326,-0.11972941589683889,0.23115255077283092,-1.079651768745006,-0.4549211250185134,0.3666873469225668,-0.6379073008199169,-0.3079561970890647,-0.23115255077283092,0.11972941589683818,-0.9545452942874786,-0.18442671521636386,-1.11916664918768,-1.5039888170847049,-1.4841810369268051,-0.024984737566746233,-0.38327221085833024,-0.3747723420151606,-1.3484860293897554,-0.9424412519348303,-0.2553016945782196,0.6346637574341392,0.7414286251489338,0.4145951522438788,0.28421816152172197,0.2044646553166367,0.3477270420022505,0.34789477903211874,0
-0.38059984134227254,-0.4885541407104817,-0.8790386569529866,-0.4281154315628296,1,0,0,1,0,0,0.9682549498305286,-0.6053827499170181,-0.38731271110714993,-0.17393725084550635,-0.9012424531238926,-0.33115928622587276,-0.9964467205574761,-0.6889877841798591,1.566320371049638,-1.5856015466660291,-0.7694319204657993,0.39563066326682744,1.3927111506251408,-1.0978894631881082,-1.5045116832897694,0.9149156110264759,-1.0255365447921132,-0.24824426550251535,-0.43967950362031105,0.9756618166055823,0.2885852055572116,-0.5615294203843944,-1.2218104643114494,1.1251409122792762,0.7579369718387867,-0.9756618166055823,0.4396795036203104,-1.2052179168904753,-1.6103624352952797,-1.5194614626727603,-0.9096457943302884,-1.2110885531594928,-1.2851844898232538,-0.46483142063624716,-0.319404172783631,-1.3484860293897554,0.22331042096616224,-0.5588081172337243,-0.12256320461863823,-0.723760039264214,-0.2792525417345383,0.9821281108913258,-1.5241547677521787,-1.378017789531564,0.16231986177126023,0
-1.305809286202831,0.5679242641194551,1.7280720791585935,-0.4281154315628296,1,0,0,0,1,0,-0.7226826087232228,0.9099334862827161,-0.46407179961141953,-0.07556680975368728,0.8028326102745981,0.7582021190444375,0.5963476100307352,0.4352332083806864,-1.1892917350869394,1.0900063717406352,0.36212178294864406,0.7845127164533643,0.12400859135407724,0.8692209782761247,-0.25583795252626856,-1.018266961430389,1.2692539814010277,0.7743180454700368,1.2358039974376995,-0.15567358143258175,0.03927949131698096,-0.8536640819913697,0.6025415484266741,-0.21395776587862134,0.28519480952582504,0.15567358143258175,-1.2358039974377002,1.6078859589875987,0.41596727218528484,2.2378512184485686,1.2093162867941527,1.7587922078100258,2.62143474217192,1.4925896140337656,0.8986955503100138,2.4962019749083075,-0.3040534310604773,-1.0899443568808573,-1.308581337954314,-0.8534227529290943,-0.8715615487892844,-1.016432198667086,-0.7833178721512579,-0.9326642846196119,-1.198562864808365,0
-0.2263982671988458,0.28447883843337485,-0.8790386569529866,-0.4281154315628296,1,0,0,1,0,0,-0.34411449859924853,-0.19777082298838666,-0.6687627022894718,0.3323811959506212,-0.6402913343138573,-0.40897081517375206,0.7518649150301221,0.0999015240633339,-0.564265662029084,0.23591727129405185,-0.012360326554127277,-0.18199375433544268,-0.09160974348731034,0.08754631936653078,-0.14118516829836028,-0.28273146816819544,-0.25705529800860893,-0.07918810501381583,-0.31054414497595056,0.05977612737849499,-0.9580112159865234,-0.2785541792287997,0.4872522040151427,-0.5736006466638192,-0.06124274195268857,-0.05977612737849499,0.3105441449759499,0.15955525061472892,-0.03432821836595151,0.32735324499704527,0.12399424524260985,0.017827623793410803,0.6051151385615076,-0.22015379130249568,-0.09793149585751397,0.07776919801113909,-0.8314172830871166,-0.1035484832504671,0.5434315933313949,0.7284623537824456,0.43151826673115745,0.31594134103852145,0.03983423407198747,0.06938110143228039,0.16231986177126023,0
-0.9717058755587404,1.1348151154916164,0.27967722576327125,1.0385308760612593,1,0,0,1,0,0,-0.81101516775215,4.014994384711949,-0.5280377066983108,0.028590127872944675,1.677147595670538,3.0657164257746516,-1.4267533747828602,1.5845821170133425,-0.01432251881591539,-0.5305046465192276,-0.2636327745981,-0.8602228815842237,0.3303487880580392,-0.7420348270794885,0.9414858096416763,0.584388810568778,0.3138752559228566,0.5442056242145761,0.4977080171176754,-1.6668621640005967,1.2425028425754487,-1.2317288682789933,0.6068337594081561,1.0279108830298642,0.8740463896624849,1.6668621640005967,-0.49770801711767615,-0.6760201580619267,0.9413120111617277,0.16359627584405784,0.44700675760914055,0.5640125913280355,-0.15100471279239655,0.02452383803125581,-0.2086678343205727,0.3258135853852078,1.63886602377451,-0.9381911455531051,1.2276728241019772,1.4027084648398238,1.8192136546879905,0.28421816152172197,0.28677986593896093,-0.4316415915936655,0.904619530814692,1
-0.9717058755587404,0.28447883843337485,0.27967722576327125,-0.4281154315628296,1,0,0,1,0,0,-0.81101516775215,4.014994384711949,-0.6687627022894718,0.3323811959506212,1.3150646565363096,2.8309402608457055,0.02565043886638339,1.4314432828890378,0.07161665248971773,0.19897078009541105,-0.2563179415364209,-0.0203958267621136,0.34857730886407756,-0.7202204511566009,1.3043020815970139,0.5133651050273774,0.04807839881221443,0.14702302666853362,0.6912331826893887,-0.7133741297612556,-0.7553033483415749,-0.6580796359415654,0.417980058685018,-0.22112297012356638,0.47676524724747177,0.7133741297612556,-0.6912331826893894,-0.6203151308168162,1.391607501712964,0.381938901381374,0.6020527635450756,0.59814915179895,-0.11949971898598452,0.5954383064766764,0.2896456887631914,0.44983577907224165,-0.5816133531797613,-0.4070549059059717,0.853620951280726,0.9618552383792308,0.8038267854512828,0.886958572340925,0.12214944469431245,-0.2089648391376897,0.40975308478573785,1
1.0329145883058024,0.5421564981479937,0.5693561964423357,1.7718540298733036,1,0,0,1,0,0,0.21111872958258027,-0.4716441718947853,-0.31055362260288033,-0.28677393327435763,-0.44420969013520006,-0.14110239080720205,-0.45230513486071094,1.0259560057799684,-2.0908495135224343,-0.6311335517759145,-1.083987310041483,0.2529015947601,1.3790842432399697,-1.0547521402245856,0.2527762374950454,-0.6879758828098632,-1.5105808693087754,-1.9073068576100791,-0.5989345877887005,0.9389436438584764,-0.42495461039542737,-1.154931129803284,2.1669119147757936,-0.6452454209280409,-0.4528773269202573,-0.9389436438584764,0.5989345877887005,-0.9823978079100336,0.26586877533487285,0.09991301006234013,-0.2765412700918884,-0.8355863879794388,-0.08799472517957138,1.0847935651441794,1.6184817503198954,-0.23228628620644656,-0.4150773999081907,-1.0899443568808573,-0.04957747333644305,1.0655854093111348,0.7022880985276131,-1.8729580456206907,-0.4540570296619595,-0.04195727479570725,-0.023255055489598248,0
-0.6119022025574117,-0.5916252045963298,1.0038746524609323,-0.8681093238500562,1,0,0,0,1,0,0.04707254852885811,-0.4280337660179702,0.41865771818768077,-0.5130259477855414,0.22349099186228139,0.06728940511068161,0.4599156487037881,-0.4096309845712785,0.9017761187866357,0.5024903502588509,0.13284162916775927,-0.4425791570240376,-0.6105110199386833,0.5027748270270987,-0.7054780428217436,1.4314765616919956,0.04821916226434081,-0.08722812608157818,0.30418285154596364,-0.90531003275748545,-0.13715722196045352,-0.14450103459103383,0.20573772936698442,-0.6310187493350177,-0.2578619115065696,0.90531003275748545,-0.30418285154596436,0.49378541408539117,-0.6347222057676005,0.09991301006234013,0.8346217724489774,0.8200367948598906,-1.3796994712424915,-0.05703537174666111,-0.2086678343205727,-0.35630847989348147,0.05677446769459199,0.12408133374116129,0.8444977348704508,0.8321925247143505,0.49921072468027106,0.6331731362065233,1.439192814651505,1.0157572993701793,0.40975308478573785,1
-0.7147032519863632,0.6194597960623787,-0.15484123025532542,-0.13478617003801185,1,0,0,1,0,0,0.03445361152472564,-0.424544933547825,-0.11865590134220637,-0.3741500309500322,-0.12561868758514377,-0.03735368554336297,0.4057003534634191,-0.1960885568284078,0.5657082965383923,0.39044441729056917,0.9213692818066481,0.21872698089301515,-1.1454261071253713,-0.25741089881404,0.36031100710665526,-0.25653830929008636,0.4096660203455203,0.5161146810745562,-0.018359091073560794,0.3165258375355961,-0.8213381544473813,0.6300893553097486,-1.0311384530844023,-0.12124740523318056,-0.6939396588005666,-0.3165258375355961,0.018359091073560086,-0.28608496734615396,0.26586877533487285,-0.17301527185930607,-0.2765412700918884,-0.10165033785478751,0.29006520049738066,-0.7910682597479163,-0.8730858650989243,-0.046252995675895824,-0.7759052986632599,0.5793409677244183,-0.013084607695344815,-0.5422322401333817,-0.5500223735309933,0.31594134103852145,0.4514102871836102,0.6817421706862145,0.038603250264021984,0
1.7011214095939837,0.4133176682906843,-1.6032360836506476,-0.8681093238500562,0,1,0,1,0,0,0.8294466427850714,-0.5891015317230072,0.9175917934654332,-0.5992447461542535,0.022714527852820455,0.010048740137529016,0.48716172006413844,-0.22730265961066187,0.8460415980267789,-0.036372252398794123,0.43677735350123803,-0.6996227492583413,-0.6891334981399021,-0.225720904428257,0.08802374719496615,-0.053956081786295726,-0.30543855538197656,0.17415160152890602,-1.3072103638266717,0.3422733367180179,-0.9029478986967536,0.4001602913534355,-1.2107878657544509,-0.25373107660171845,-0.397806808109809,-0.3422733367180179,1.307210363826671,-0.3417899945912644,-0.10937746679115769,-0.555114866549611,-0.4961897785011287,-0.5795621844475838,0.006520256239666901,-1.4435419379712537,-1.149926711256571,-0.23228628620644656,-0.7481493064513315,0.6552175733882943,0.7532655707677065,-0.0495139282068366,-0.14386762583630988,1.489698983160128,-0.04248097655033679,0.1250502895462747,0.5953280020465953,0
1.3156174742354179,-1.3131226517972627,-0.8790386569529866,1.0385308760612593,1,0,0,1,0,0,0.24897554059497767,-0.4768774206000031,0.07324181991846762,-0.44821718659563714,-0.11918360776767276,-0.020360363129458298,-0.825529772148103,1.311020935582955,-1.3189490385942502,-0.632082322935246,-1.3754956978651214,-1.8073075623438597,-0.35160788368829665,-0.3053552333956622,0.6577929737455349,-1.2609586967169173,-1.2005747597990224,-2.052715122178095,-1.3605998980709462,-1.1155255455628819,0.8428118924767667,-1.1404548168616326,0.5359056370053126,-0.3365669407647829,-0.2158650147733745,1.1155255455628819,1.3605998980709455,-0.5089050763265954,0.19081952690966666,-1.019092945816409,-1.4264658141167375,-1.723136960223203,-0.7495995951142377,-0.05703537174666111,0.7325910426154264,-1.1624527388592034,0.40174179947141603,-1.2633765983982888,-1.0544345950966687,-0.6570763579508472,-0.7337590451071593,-1.129729268369944,1.674379130715289,1.127095675598167,-1.1632152615205826,0
1.3927182613071303,0.0010334127472937634,-0.8790386569529866,-0.8681093238500562,1,0,0,1,0,0,0.1480240445619179,-0.4635035627977798,0.4570372624398156,-0.5170764953599105,0.17171434528485036,0.043140999575132864,0.351176308807317,0.24507722998479345,0.2535232615949189,-0.2966721158927185,-0.37450433232126795,0.6567965129475541,0.57771677530726,-0.6672699907900265,0.6725074511875229,0.003475036867550652,-1.3845688123086664,-1.857422763517757,0.34009473794071404,0.5584902876836534,-1.1550475185706932,0.33732701203104526,-0.34308271475918123,-0.9721298444940717,-1.3265378368398724,-0.5584902876836534,-0.34009473794071476,-0.5924626171942612,0.7161642658861095,0.23637715102316323,0.2015172482105774,-0.3747428216220998,-0.6235796198885869,1.5741488238116832,1.5077454118568363,-0.5423417704240322,-1.1367331974183288,0.12408133374116129,-0.5057382938501646,-0.5940973255993336,-0.9054077777638412,-0.635754044465484,0.36909507656128593,0.7374113588002092,-0.6418381130257917,0
0.23620645523143258,-0.12780541711001567,-0.4445202009343899,0.5985369837740325,1,0,0,1,0,0,0.526592154685892,-0.5356061005141141,-0.2721740783507456,-0.2896671815417641,-0.5731328359930006,-0.1880576237929913,0.34178147763814853,-1.4303741899302092,0.7972049207865924,-0.5820851355416291,-0.4394385084339509,1.011607869433708,1.1208149728930976,-0.17867787598191523,-1.1333777529003095,0.7144525008271726,-0.7440680595850034,-0.5042272963778639,0.2181716668474233,1.163332477313009,-0.6537882929234357,0.8278405125905202,-0.3718499714434138,0.04855431411265179,0.07901176785605644,-1.163332477313009,-0.21817166684742473,-0.11896988561082296,-1.009968447893631,0.2454747604205509,0.5891322630504142,0.2397152668543526,-0.40304466324369825,0.6769975162545934,0.6218547041523672,-0.23228628620644656,-0.7203933142394032,0.5034643620605421,-0.615216890773458,-0.6978274965312384,-0.6346379459673855,-0.09645999267988113,-1.1948939252628807,-0.8769950965056176,-0.3944048900113141,0
0.44180855408933456,1.3667250092347738,-0.4445202009343899,-1.8947617391869185,1,0,0,1,0,0,0.3246891626197725,-0.49432158295072914,0.009275912831576286,-0.41697010530764755,-0.21028456945682905,-0.05792454951808968,-0.11360547600827164,0.4521966022859671,-1.0881209653142008,-1.475335031753462,-1.2459647024643592,0.3920071946906574,1.6511223756788105,-1.3343286279719557,0.9693087173715634,-0.19614568638617583,-3.19540149792304,-2.501116327935014,-0.5252107151899527,1.055548651906717,-1.1752742633015114,0.35037816648532755,1.2903903132524082,-1.175422979560877,-0.8220381559084002,-1.055548651906717,0.525210715189952,-1.3166279713806959,0.5660657690356972,-0.7370670544973751,-0.7158382869103699,-1.808478361400488,-0.43454965705011084,1.0847935651441794,1.5631135810883663,-1.2244638357027204,-1.1367331974183288,0.19995793940503753,-0.33239718205494984,0.35244048415429274,-0.1607907403235886,-1.206771275767887,-0.28942660841731066,0.23638866577426285,-0.2706882785040748,0
0.8530127518051386,-0.514321906681944,0.5693561964423357,1.1851955068236681,0,1,0,1,0,0,-0.016022136491804253,-0.4001231062568086,2.209703116620638,-0.6999297858599977,0.8485756489797861,0.23319789499380358,1.2402590667905553,0.34627363311699205,0.7211628713370479,2.7473107190499695,1.8886422739407596,0.26476308929199543,-1.6967506579806462,1.2927830848548552,0.8705261443659337,0.4118207288080336,0.7573519189706347,1.0306930927074125,0.01898787070343759,0.3422733367180179,-0.4328767976369631,0.39680255272596754,-0.5720136876045526,-2.9604623411511555,-1.449056257304574,-0.3422733367180179,-0.0189878707034383,1.1900982546492709,0.7912135143113154,-0.027453521501095285,0.188596747715916,0.4957394703862077,0.006520256239666901,-0.6279498401920818,-0.7069813574043363,0.2638024885416898,0.08453045990652028,1.33810702436318,2.5687856364123185,1.7787303344679768,0.1607484349347019,3.4248129336849398,2.2623449208747504,2.7971713190179877,2.018069034379841,0
-0.4320003660567478,0.6967630939767645,0.27967722576327125,-1.6014324776621007,0,1,0,0,1,0,-0.20530619155379135,-0.31929848736511135,0.5337963509440852,-0.5303854373899801,0.5017117882642238,0.16433021994797936,0.9867615175501316,-0.4680940618473629,-0.20398848700295502,0.2706915549063206,0.561919656678587,1.6618423661277173,0.24345879387817812,-0.0785540384993439,-0.7619932262073547,0.9580646599108965,-0.8052507379739622,-0.34214396825934074,0.5274811195133241,1.7434054285905087,-1.4506061802866654,-0.12087429635562622,1.2416216831946842,-1.1641596746897873,-1.0645600663248536,-1.743405428590508,-0.5274811195133248,0.0759977097470634,-0.5596729573423944,0.6548671833030202,1.093031782342202,0.6664222727407777,-0.15100471279239655,0.6769975162545934,0.4557501964577793,0.07776919801113909,-1.46980510396147,-0.6346847228976005,-1.6552635615447422,-0.9052878383950472,-1.2438700675094103,-2.1267434817550925,-1.3595243465075295,-0.8213259083916238,-1.8171459223445585,0
0.5703098658755232,0.4133176682906843,-1.168717627632051,-0.13478617003801185,1,0,0,1,0,0,-0.34411449859924853,-0.24370711717863186,-0.3361399854376369,-0.2723076919373254,0.021620741130742083,0.023017328295508902,0.2495129102110912,0.2726322742578331,-0.3589540724553648,0.442359827801742,0.9508746071046686,0.7564215009198318,-0.3351506141602163,0.6866769235324774,-0.29623525799567024,-0.9048040751458113,0.7323664416463912,0.8358573116039486,-0.6247379431982625,1.6512761951523172,0.33916571566005366,-0.6709583308087609,-0.4185385944700855,0.1286024382779563,-0.42013158088113745,-1.6512761951523172,0.6247379431982617,0.744458036688388,-0.18442671521636386,0.32735324499704527,-0.21193876761858224,0.08610074473523979,1.3927399837218248,-0.9541866793037505,-0.8177176958673952,0.6358690696027934,0.029018475482663446,-0.8623145398892288,-0.9527758979536108,-0.996051737960463,-0.8884846632765624,-0.794369942049485,-1.5241547677521787,-1.0996718489615938,-1.198562864808365,0
-1.1516077120594044,-0.02473435322416849,-0.15484123025532542,0.5985369837740325,1,0,0,1,0,0,-0.11697363252486404,-0.3768642231225072,-0.1826218084290977,-0.33190860624589813,-0.059195797283231835,-0.03332895128743818,0.37928097520662263,1.802474965078379,-0.9075786401349069,0.1464074569388618,-0.8548996041141801,-0.7525678122559459,0.7124858487686536,-0.05024075139674117,1.3794509670796329,-0.22196519733799605,0.2981538279727287,-0.5552483713317655,-0.4372750117287954,-0.5927287050207662,-0.5775993955743544,-1.0920497600446497,1.0176367880461816,0.09785720314773809,0.569319390602359,0.5927287050207662,0.4372750117287947,0.0759977097470634,1.5417059985633763,0.5365982611369737,0.33072225315718967,0.4445346296798359,-0.2140147004052217,0.4323198869208419,0.7325910426154264,0.5118468759157585,-0.3318094232724056,-0.7864379342253526,1.2276728241019772,1.6490676208030963,1.5992131663533709,0.3476645205553221,0.28677986593896093,0.013711913318286572,1.1520527538291696,1
0.4932090788038099,-1.2873548858258006,-0.15484123025532542,0.5985369837740325,1,0,0,1,0,0,-0.1295925695289965,-0.37453833480907706,-0.2849672597681238,-0.2873525829278389,-0.15525808194476112,-0.06597401802993927,-2.2155762486508586,-0.2486825376691385,-0.11727803225997947,-1.2256126369164653,-1.3720805957078661,-2.0692266942096964,1.0437187473286826,-0.9375020425410365,-0.42426007760579015,0.587031724196819,-0.3141214446224574,-0.191431106894277,-1.0618771407249559,-1.7690215962405276,2.144071712197498,-0.08368984486465975,0.7502332686308715,1.3442461551518445,1.596876756550698,1.7690215962405276,1.0618771407249543,-0.9266927806649233,-0.4846237089171882,-0.31857702221751816,0.020630241285320403,-0.10165033785478751,-0.6865896075014126,-0.5463906304141645,-0.09793149585751397,-0.046252995675895824,1.333550109443298,-0.482931511569848,-1.262965255902942,-0.7496925819971905,-0.2284831982727022,-1.0481553781838862,-1.277209135885205,-1.8790404825575102,-1.3841377820692236,0
-0.6119022025574117,-0.41125084279609675,-0.8790386569529866,-1.161438585374874,1,0,0,1,0,0,-0.24316300256618875,-0.29952843670095514,0.46983044385719386,-0.518233794666873,0.5115322437904254,0.17014372498431518,1.2521804738813105,0.6267023159367081,-0.2979213406077235,1.1310735909686709,0.6224535548979199,-0.028347910037594865,-0.4907973345155978,0.5442927053843594,0.5628372096880946,0.5014062495179697,-0.10705077918617059,-0.2667432149721104,-0.6501878279857761,0.6061852033378367,-1.197336572369677,-0.29633063537272153,0.9111333783659443,-1.6341571707720846,-1.0696429386968982,-0.6061852033378367,0.6501878279857761,0.29881781872750485,0.26586877533487285,-0.6369933511261053,-0.3023822710812103,-0.32353798091572933,-1.033144539371952,-0.13859458152457876,0.17890935030013266,-0.4803306735805153,-1.192245181842186,-0.482931511569848,-0.6973258384659271,-0.16621037050522874,-0.7869459763528921,-1.016432198667086,0.2044646553166367,0.5704037944582268,-0.8274130302866491,1
-0.04649643069818187,0.6452275620338409,-0.15484123025532542,-0.8681093238500562,0,1,0,1,0,0,0.059691485532990585,-0.4291967101746853,-0.054689994255315046,-0.393824119168396,-0.089993818325072375,-0.025726675470691355,-0.3333617624868625,0.9741416096149871,-0.9812601729053307,0.4402215135843679,-0.4178707740723003,-1.1346125303304084,-0.3394170224233703,-0.9115558358597652,0.39796627996728584,-0.7345769513570508,-0.37386790085404886,-0.8625343909404704,-0.4372750117287954,-1.1137921342878756,-0.447268204993242,-0.9383660477009959,0.6032365349892588,-0.965431874782639,-0.29884448213788073,1.1137921342878756,0.4372750117287947,-0.7874302125521474,0.5660657690356972,0.5365982611369737,0.046471242274642305,-0.10165033785478751,0.4790951633358572,0.4323198869208419,0.7325910426154264,0.20179139169817292,0.1400424443303771,-0.2553016945782196,2.9519607256438447,2.932728486085413,2.1915221734081167,1.9655466759121307,3.16781223772032,2.5744945665620116,2.389218868901558,0
-0.6890029896291251,1.0059762856343069,2.452269505856255,-1.6014324776621007,1,0,0,1,0,0,0.766351957764409,-0.5710758972939236,0.57217589519622,-0.5321213863504239,-0.0940376573712056,-0.027962638946205126,0.9612332127121744,-0.09864624419611213,1.6574053971600453,-0.04246834452446983,-0.14671950174155238,-1.033451258372043,-0.2115928503865625,0.5589592539361915,0.34210208081801036,1.1429795933245708,-0.45737871804324726,-0.34596619540892337,-0.8414861286385814,-0.5749285603869245,-0.7781126807700517,0.4781054205670136,-1.117144438567834,-0.3961569138255629,-0.1470261149675587,0.5749285603869245,0.8414861286385807,0.8001630639334981,0.641115017460903,0.8914050276351143,1.4160442947087326,1.1272658390981163,-0.49755964466293656,-0.13859458152457876,0.2896456887631914,0.6978801664463103,-0.8869292675109735,0.04820472807728505,-1.0166384128255321,-1.3591073362221284,-1.396178097894916,0.2524949820049213,-0.20711139779498602,-0.48731077970765985,-1.3841377820692236,1
0.544609603518286,-0.9008383962538722,0.27967722576327125,0.3052077222492148,1,0,0,1,0,0,0.009215737516460692,-0.42047462899932225,-0.2977604411855021,-0.28677393327435763,-0.28810748634527944,-0.10174943363815964,-1.1900708280564805,-1.2964271855726532,2.0206696201226753,-0.9283971076346633,0.4505604773801504,-0.9865148621110871,-1.5411081511411524,-1.0787201940331037,-0.7294224276372553,1.8577908865876138,-1.3976710542270414,-0.6581223865920723,-1.7152101805066984,0.3556359628759853,0.5769779482430286,1.0486676225082188,-0.8954223871902227,-0.13170209495204432,-1.2282791046066797,-0.3556359628759853,1.715210180506697,-1.17736540326792,-1.009968447893631,-1.4011925405067138,-0.40574627503850064,-0.9038595089212672,-1.9152843659515075,-1.6882195673050053,-1.3160312189511594,-1.4725082230767892,0.25106641317809053,0.5793409677244183,-0.8615437338508666,-1.1386807229918314,-1.1084851516111824,-0.8895394805998851,0.28677986593896093,0.514734606344233,-1.198562864808365,0
0.2876069799459088,-0.1535731830814779,-0.4445202009343899,1.478524768348486,1,0,0,1,0,0,4.3879868779504285,-0.7676134597787702,8.01780748011037,-0.7971429276448542,0.3287699440673532,0.02570048446612543,0.11628601008156818,1.4672781979215652,-0.9928582231074795,-0.37722209574231796,-1.34279172480114,-1.695726502404677,0.5024305233652984,0.6544681256208842,0.38553849032357146,-0.7741143462767129,0.15796346821324436,-0.6855393297145524,-2.018119135314598,-0.31122271395962636,0.4922383120239174,-1.6276613780861182,0.5793601892301478,0.6662365860851877,1.0763992806993379,0.31122271395962636,2.0181191353145973,0.32667033235006016,0.04072103005925432,-0.8371407578686448,-1.0646918002662225,-0.9550643496276378,-0.655084613695,-1.0357458890816678,-0.2086678343205727,-0.728375060954584,0.3898463742377325,-1.5452039908641146,-0.1864257194905595,0.13201387092399572,0.39767203775660004,-0.12818317219668063,-0.20711139779498602,-0.3759724034796717,0.2860364732784985,0
1.8810232460946468,0.3102466044048362,-0.8790386569529866,-1.161438585374874,1,0,0,1,0,0,0.29945128861150755,-0.4890883342455113,0.7896599792916505,-0.5708909131336704,0.22568160006508511,0.06505344163516784,0.05779799316948584,0.5026920203959411,-0.6144073850832817,0.26264987772867354,-0.3435422492707469,-0.5118261582839316,0.1693250890694351,-1.0234056855377591,-0.23699817244464716,0.264956224020429,-1.5779892913348292,-1.4826218202534271,-1.2010128806784743,0.4930801176436278,-1.1029444190292836,-0.9273801404329156,1.1061709310377843,-1.919530209480694,-1.0008698891901797,-0.4930801176436278,1.2010128806784734,-1.0102503215325889,-0.3345252120667762,-0.3731626786018469,-0.18609776662925942,-0.7843815472730677,-0.7180946013078251,-0.05703537174666111,0.6218547041523672,-0.4803306735805153,-0.9146852597229018,-0.6346847228976005,1.099947794358136,1.5842362639706562,0.5330569536548284,0.28421816152172197,0.7806711296729086,1.1827648637121608,0.8427612250610729,1
1.8039224590229344,-1.132748289997029,0.5693561964423357,-1.6014324776621007,1,0,0,1,0,0,7.227247703880234,-0.7995944240884346,2.9133280945764426,-0.7224971223457679,-0.5201015459365087,-0.05658297143278142,1.1173010905692282,0.3805955198441104,-0.7336584912542736,2.5080872818726196,2.0430009072061477,0.6915211615227046,-1.9506205551798408,0.15728202930318438,0.5765879773361605,-0.3195582191579299,-0.0851578778151498,-0.41715986705918495,-0.08286747959746427,1.0253393444399002,-1.3964800140785993,0.055233882993084245,0.6818105430729904,-3.4727052034289674,-3.0632766539120597,-1.0253393444399008,0.08286747959746356,-0.09111737198826762,0.19081952690966666,-0.8553359766634215,-0.8708842928463041,-0.8526546682148961,-0.655084613695,-0.22015379130249568,-0.2086678343205727,-0.8523972546416179,-1.4420491117495413,-0.5588081172337243,-1.8103582405194079,-1.268343436656712,-2.2931031657206744,-1.9681275841710915,0.2044646553166367,0.848749735028197,-2.3120123683735136,1
-0.12359721776989524,-0.9523739281967958,-2.327433510348309,0.3052077222492148,0,1,0,1,0,0,1.3720609339627678,-0.6565522928124812,-0.016310450003180245,-0.41291955773327854,-0.6532065918442308,-0.18582166031747752,-0.7456280536026256,-0.8744639406813453,2.308637544945082,-1.2232899116287057,-1.5314989639504237,-0.595369314642641,1.4106596707988157,-0.8377382231619418,-1.442596719988504,3.06561610298055,-0.9428002275173056,-0.9572657614825631,0.6912331826893887,-1.4975693905744285,0.19975579731874918,-0.24493252374187394,-0.07533632714995672,0.7177211836791719,1.0564399603496144,1.4975693905744285,-0.6912331826893894,-0.7595776989295921,-1.3101654415944555,0.21818193222838655,1.8165798100432309,1.2467438007463156,-2.76591919872465,2.2266225020350205,1.9506907657090713,-0.4803306735805153,-0.05424950115312168,-0.482931511569848,-0.8432973010303187,-0.7496925819971905,-0.44848368660732285,-0.09645999267988113,0.6983559190505837,0.013711913318286572,-0.8274130302866491,1
-2.2310187310633887,0.5936920300909173,-0.4445202009343899,0.3052077222492148,1,0,0,1,0,0,2.7475250674132075,-0.7251659980586702,0.12441454558798068,-0.4568969313978565,-0.8704627947623257,-0.2046037535117932,-0.6072351082994535,-0.28494751860453915,0.2174610771190891,-1.4051108229409706,-1.2048114910696028,0.8652789871372848,2.673030790840475,-0.5845553199221905,0.44442709355840293,-0.6288283727307418,-0.5399767224260876,-1.4132854876237733,1.4008254564523381,-0.20918429502488586,0.2602944117708761,0.8363167178613284,-0.9291884480283161,1.3627823969113921,0.18651574023120926,0.20918429502488586,-1.4008254564523388,-0.48105256270404034,0.5660657690356972,0.41529680250513146,0.007709740790658993,-0.20406001926752979,-0.14050304819025958,3.585942665000307,2.7812133041820113,-0.4803306735805153,0.25106641317809053,0.8069707847160468,0.06902433999712428,-0.4255357978349895,0.10997909147286698,0.12560226393772106,-0.04248097655033679,-0.15329565102369538,0.34789477903211874,1
-0.14929748012713334,1.2121184134060021,-0.15484123025532542,-2.334755631474145,1,0,0,1,0,0,-0.15483044353726144,-0.3565127003799935,0.8792122492132983,-0.5859358041241838,0.5967314380633661,0.17864038619126751,1.5715776678529632,0.0335973181331817,-1.355734012257321,1.8402301122730131,1.9027176982895275,-0.11001021290261544,-1.9494313583602887,0.85453191797301975,-0.45381530253652613,-0.8224020420805921,0.6439041227254616,0.6888660516481099,-0.8350596325743129,0.678161166961424,-1.3314787797955827,-0.5007355812597458,1.0268990719736095,-1.8475478541251529,-1.8010825726748194,-0.678161166961424,0.8350596325743123,0.911573118423719,-0.3345252120667762,0.33645085439443295,-0.1602567656399366,0.10316902497069583,1.2352150146897614,-1.1173050988595852,-0.9284540343304539,0.5738579727592754,-1.2755131584779709,-0.5588081172337243,-0.33239718205494984,0.22277777048941236,-0.5500223735309933,-1.397110352868688,0.5337254978059351,1.0157572993701793,-0.6418381130257917,1
0.544609603518286,0.5163887321765315,1.7280720791585935,-0.13478617003801185,1,0,0,1,0,0,-0.29363875058271866,-0.29080635552559214,-0.8478672421327675,5.757221697337703,-2.4872120971358442,-4.6729531629785175,-0.5904760455985985,0.02051824665538572,1.1595154188297725,-1.119633844296501,-1.2907964180013347,-1.1889131447424952,0.166522663608685,-0.45932702104768286,-1.2030640175256035,2.1004775027460485,-0.8330167585038749,-0.6079039153953686,-0.6280087910670794,-0.9986842558367333,0.36211716783988795,-1.2333650600523918,0.5256808994448771,0.6865479326565701,1.0845987069146574,0.9986842558367333,0.6280087910670786,-0.48105256270404034,-1.1600669447440433,-0.2276009282436361,0.8604627734383002,0.4445346296798359,-1.8837793721450944,-0.22015379130249568,0.06817301183707392,-0.29429738304996345,0.3065783976019474,-1.1658209625447336,-0.06782390615699217,0.20981149912292413,0.4822876101929924,-0.0012904541294803558,0.6983559190505837,0.23638866577426285,0.47161139053935697,0
-0.6119022025574117,0.33601437037629844,1.0038746524609323,-0.8681093238500562,1,0,0,1,0,0,0.04707254852885811,-0.4280337660179702,-0.5664172509504457,0.11249432762773152,-0.7439631280839492,-0.41612589829539615,1.1200645898253554,-0.17590715190821168,0.8790473891753817,0.26984833748835196,-0.12676133990371638,0.03211453769832629,0.05479604337988225,0.6677510628633975,-0.31964628639056125,1.3548580874145868,0.11534780548261654,-0.11683336711775551,0.18286856865026183,-0.13756642077256032,-0.8902680834050638,-0.07877654621519363,0.15981448657121305,-0.250170785379267,0.05073090691302651,0.13756642077256032,-0.18286856865026252,0.577342954953057,-0.3345252120667762,-0.11842961547497735,0.5891322630504142,0.615217432034406,-1.5057194464681423,-0.05703537174666111,-0.1532996650890431,-0.4183195767369984,-0.9146852597229018,-0.2553016945782196,-0.5604775923118106,-0.39960325510201306,-0.4654068010946016,-0.3185222492974822,-0.12479618717266176,-0.2089648391376897,-0.3944048900113141,0
-0.4063001036995106,1.2121184134060021,-1.6032360836506476,-0.13478617003801185,1,0,0,1,0,0,0.07231042253712305,-0.44547792836869626,-0.6431763394547153,0.3381676924854341,-0.9614919659852149,-0.6039468302385531,-0.648977813461787,-0.42611204041622813,0.11906242323533843,-0.6649540480513254,-0.7387118897303084,-0.422906122063092,1.0874703083307091,-1.3213204163015344,-0.18065986305069365,0.3984650394221209,-0.7373213368605909,-0.5454894190029836,-0.22931895624632825,-0.34935776200978186,-0.41782834383470047,0.4038710632478103,0.23765661561982734,0.1671948034206416,0.4277973890210159,0.34935776200978186,0.22931895624632756,-1.2887754577581405,-0.3345252120667762,-0.5369196477548344,-0.26362076959722697,-0.5283573437412127,-0.6865896075014126,0.10608304780917345,0.2342775195316623,-0.790386157798101,-0.3318094232724056,0.5034643620605421,0.34272083230535716,0.4172718409867329,0.46536449570571364,0.31594134103852145,-0.4540570296619595,-0.6543183440496418,0.22417816752487937,1
0.6217103905899984,-0.7719995663965628,-0.15484123025532542,1.0385308760612593,1,0,0,1,0,0,-0.10435469552073157,-0.3786086393575798,-0.6687627022894718,0.42207189224022096,-0.901549270727889,-0.6173626110916358,-1.9495359534031307,-0.742097547076547,-0.6798059827949758,-1.0124110766243353,-0.986577137756858,-0.20593160023073195,1.0345130937733884,-0.8877454030969174,0.8622975337950763,-1.004157745390152,-0.19801812986883363,-0.8416946120182609,-0.06904425348519984,-0.21238889143210804,1.8238524533846523,1.88238291242646,-0.07976414139734521,1.1713506612797544,0.4608476315786294,0.21238889143210804,0.06904425348519913,-0.8152827261747027,0.8662627627365218,0.16359627584405784,-0.39282577454383927,-0.4430159425639276,0.3530751881102058,0.6769975162545934,0.7879592118469556,-0.10826409251941274,1.5278420549267964,1.5657368413548085,-0.33239718205494984,-0.32180562690308556,0.1438253204474232,-0.5723076854318833,-0.4540570296619595,-0.5986491559356475,-0.20882997275045564,1
0.5703098658755232,0.4133176682906843,-0.4445202009343899,-0.8681093238500562,0,1,0,1,0,0,-0.48292280564470574,-7.03163468250324e-5,0.9175917934654332,-0.5992447461542535,1.0434373848476084,0.4630549402766194,0.7803127239472045,-1.266646464018193,1.2618900613718944,0.2866435712113047,0.781615864376336,0.5261300743218709,-0.43667170193857846,0.2757738466373008,-1.079286214090831,0.538007336941592,-0.016907394919581417,0.4629814329629755,0.12355936367902995,0.595033997706013,-0.809493859350527,0.6573067866537862,-1.1844004990661534,-0.40400205538851314,-0.5641276468160472,-0.595033997706013,-0.12355936367903066,-0.20252742647848845,-1.3101654415944555,-1.592242337851867,-1.1292943027395286,-1.0745423112758372,-1.1591645145976028,-1.1988643086375024,-1.3713993881826885,-1.7825637072943747,-0.6926373220274746,0.8069707847160468,0.4795690784594736,-0.24400799870415715,-0.38079122865820925,1.1724671879921262,-0.20711139779498602,0.06938110143228039,0.2860364732784985,1
-1.305809286202831,-0.2051087150244015,1.0038746524609323,-0.8681093238500562,1,0,0,1,0,0,0.08492935954125552,-0.4530370653873442,-0.4001058925245282,-0.16815075431069346,-0.4766627609682525,-0.2184667270599786,0.6546623005455527,-0.7532535310430325,0.6439720127248106,0.16469770782461227,0.17968849113105526,0.9249932735029875,1.0929962601749614,1.0894849364048906,-1.1428260074932282,0.48418364748417175,-0.024067506324758632,-0.010286022270605103,0.9573302853504951,0.312111980532898,0.17827664629037507,-0.1109938958265996,-0.3937734433563078,-0.24636090514746709,-0.2436461376230615,-0.31211198053289735,-0.9573302853504958,0.49378541408539117,-1.3101654415944555,-1.3397836770743439,-0.92902654507228,-0.8867912286858101,-1.308813235178063,1.0032343553662626,0.5664865349208381,-1.3329832551788758,0.22331042096616224,-0.02767187758659086,0.2514886682026129,0.002351157259115363,-0.093098282374475,0.47455723862252236,-0.12479618717266176,0.013711913318286572,-0.023255055489598248,1
0.004904094016293398,0.2587110724619126,-0.8790386569529866,0.3052077222492148,1,0,0,1,0,0,0.4634974696652297,-0.5222322427118907,-0.7583149722111197,1.3421248412754696,-1.6933873331562734,-1.438855591995396,-2.4935582149449007,1.4220429211137875,-1.837499038358161,-1.6144754009946467,-2.556747257318189,-0.727789066021985,2.050821487643977,-1.2137800927636115,0.2974352252594758,-0.26307466193521445,-0.7269439576658461,-1.094901542119944,-0.12950004961474557,-0.8641809106868654,2.254558630663284,-1.6538344579118585,2.2475580775965667,1.460226924808162,2.2549384030907214,0.8641809106868654,0.12950004961474487,-1.2052179168904753,0.04072103005925432,-0.6369933511261053,-0.6641562849317252,-0.8867912286858101,-0.7180946013078251,0.5954383064766764,0.7325910426154264,-0.790386157798101,2.7491057122516462,-1.3934507795363622,1.2550424733328,2.4140776314258914,3.0715241267465974,-0.4136917878478824,-0.37174181903963527,-0.7656567202776299,2.265502257394317,0
1.3670179989498932,0.026801178718756015,-1.8929150543297122,-0.13478617003801185,1,0,0,1,0,0,0.021834674520593164,-0.42163757315603734,-0.3745195296897717,-0.21444272658919655,-0.39436563716697975,-0.15854290591620948,-0.27566280923175057,-0.0844711140122423,0.8916354756729954,0.18910516535371855,0.4961854911744189,-0.8046578403660056,-1.0380992752099099,-1.1623721208932538,0.1840186642479734,1.3547889407674312,-0.8076481146980292,-0.4290685262226852,-1.1334326641296226,0.02666739313143155,-0.7781126807700517,0.3002851131251937,0.14253666491366707,-1.0563189236406922,-1.0639673441340565,-0.026667393131430846,1.133432664129622,-1.17736540326792,-0.10937746679115769,-0.7916527108817039,-0.04397226118798574,-0.3576745413866426,-1.442709458855317,-0.7910682597479163,-0.3747723420151606,-0.6043528672675491,-0.6093693453916895,0.5793409677244183,0.826251302049903,0.7803274392483975,0.2622871218583729,0.15732544345452057,1.3568776040291806,1.5167799923961247,0.34789477903211874,1
1.1614159000919912,-0.514321906681944,3.176466932553916,-0.4281154315628296,1,0,0,1,0,0,-0.4703038686405733,-0.011699757913975716,-0.34893316685501513,-0.25494820233288673,0.20039117760567188,0.18803143278842535,3.1231466556211918,0.6037512530514865,0.41217986000384566,1.6040827360743342,1.3365538188876573,0.866344191266609,-0.6887794492354625,4.86126922844788,-0.5128131610649291,1.2580502204106216,2.4516636252439095,2.268693890352708,0.7902460580981725,0.39783372969061137,0.514511484016573,-1.3423925095854299,0.7007554688796305,0.2640153938137579,0.47735259492642085,-0.39783372969061137,-0.7902460580981732,4.0310546441499,-0.6347222057676005,-0.5915053041391644,0.09815324425328795,1.0931292786272029,-1.3166894836296663,-1.1173050988595852,-1.482135726645747,0.015758101167622184,1.0837461795359422,-0.9381911455531051,1.9757765697444807,2.128819661363154,2.140752829946282,0.9186817518577256,0.12214944469431245,0.3477270420022505,2.203643951640699,0
-0.4320003660567478,-0.514321906681944,0.27967722576327125,1.1851955068236681,1,0,0,1,0,0,-0.6974447347149578,0.8517862784469626,2.209703116620638,-0.6999297858599977,2.0179997510655903,1.1960037675500343,1.2751564397592048,-1.0923991354479325,0.8179039146955965,2.513380190991925,1.6329047769630456,0.3556379086938527,-1.529137114495617,1.5653262718881509,-1.0658805352151588,0.5987735811992688,1.024389401580205,1.1389552614232974,-0.4291756706205317,0.910698895591472,-0.20908050304086695,0.43157637460353565,-0.5163923477309863,-2.3796474930489104,-1.0108880500131658,-0.910698895591472,0.42917567062053097,2.109231204193592,-0.7097714541928067,1.464554419670571,1.609851802128651,2.0489529718127955,0.7311351137871589,-0.7910682597479163,-0.7069813574043363,1.814079909629618,-0.10050948817300241,0.5793409677244183,0.4704458620491997,0.11472550910201175,-0.8546384343020056,1.5742941285382626,0.34165667302051117,0.9415317152181866,0.3685142142833251,1
0.4161082917320974,0.49062096620506923,-0.15484123025532542,0.3052077222492148,1,0,0,0,1,0,-0.3188766245909836,-0.2762695535666538,-0.42569225535928473,-0.12185878203219036,-0.13453705813616704,-0.11829556335696156,-0.5916058775668831,-0.8084703340379866,-0.04357362820896396,-0.3144492666696955,-0.5452736811861438,-1.8952825418043795,-0.7076564236680559,0.4312133834791674,-0.6947494961718862,-0.2321035977471174,0.29190238208267416,0.056274264637627296,-0.6949470730335814,-1.8956992922180405,1.2535057059806598,0.4136661118304735,-0.17367512226337734,0.7142460780134356,0.7638233573684161,1.8956992922180405,0.6949470730335807,-0.06326485836571254,-1.009968447893631,-1.5103638532753727,-1.3747838121380926,-1.2110885531594928,-1.033144539371952,-1.5251011477491712,-1.482135726645747,-1.7825637072943747,1.4445740782910115,0.6552175733882943,0.7167727051266096,0.5080357405521495,0.7869036709640054,0.9186817518577256,1.1922471827845313,0.29205785388825667,0.2860364732784985,0
-1.1516077120594044,-0.2566442469673251,-0.15484123025532542,1.0385308760612593,1,0,0,1,0,0,-0.11697363252486404,-0.3768642231225072,-0.7711081536284979,1.449175027169508,-1.391800070814297,-1.4097880668137168,-0.8624150893575537,0.9918884097323762,-0.6898171448445721,-0.6644505559720241,-1.1761384251607216,-0.6985696842622215,1.2815352850533972,0.022875979033057523,1.1926907229732355,-0.4733656987109753,0.31662303370305045,-0.6215574597736424,-0.5252107151899512,-0.4318681387001143,1.2220665839730551,-0.16658658692819847,0.4673162700231009,1.21158781464177,0.9222076720974284,0.4318681387001143,0.52521071518995055,0.04814519612450831,1.1664597564373458,0.13630344765189217,-0.1344157646506147,7.593435579547688e-4,-0.30852968182446,0.10608304780917345,0.40038202722625016,0.07776919801113909,1.0004782029001573,-0.2553016945782196,-0.31415074923440073,-0.03654765684034838,0.4484413812184362,-0.667477223982284,-1.1125787146405561,-1.378017789531564,-0.1469716669968365,0
0.6474106529472365,-0.5400896726534062,-0.8790386569529866,1.478524768348486,1,0,0,1,0,0,-0.0412600105000692,-0.398378690021736,-0.5408308881156891,0.10960107936032508,-0.619718498812824,-0.39108310736964186,-1.0800160837140307,-0.2510966159683305,0.7888400087317511,-1.584066072466619,-1.049110809215437,0.00595540246317999,1.3909217541331194,-0.5119087969749956,-0.984628262869794,0.5085231165000142,-1.129940415378722,-0.32937130194166686,0.6514429617307186,-0.6379707392984506,0.990295416610819,-0.6417409931996019,-0.5673540279329115,1.019541494797634,1.0423284637703152,0.6379707392984506,-0.6514429617307194,-0.09111737198826762,-0.4846237089171882,2.1286799056799097,2.1395923224097615,1.434494883336343,1.6132749403667133,2.3081817118129377,2.0614271041721297,1.814079909629618,0.8616982418405155,-0.6346847228976005,-0.13168642102891215,-0.39960325510201306,0.008440404549195996,0.6966194952401235,-0.4540570296619595,-0.7656567202776299,0.2860364732784985,0
1.7525219343084582,-0.05050211919562982,-0.15484123025532542,0.3052077222492148,1,0,0,0,1,0,1.245871563921443,-0.645504323323688,-0.7071422465416066,0.8444861392815616,-1.7366699630768676,-1.149074725568811,-0.5959136707822607,-0.8657997527241698,-0.9565851930008292,-0.8542490739689994,-1.4110370306370554,-2.4132835179414323,0.4746654513936746,-0.28585885960851076,0.30617439901219123,-0.16212036006994987,-0.7846465394719194,-1.172715810733942,-1.944395262715851,-1.3630033399023458,0.5430056610212648,1.495056123641407,1.1447686775834187,0.3759933103373533,0.6894885081583225,1.3630033399023458,1.944395262715851,-0.5924626171942612,-0.25947596364157,-1.4830710250832082,-1.3231018101594472,-1.5012493171622625,-1.3796994712424915,-1.1173050988595852,-0.3747723420151606,-1.2244638357027204,1.1115021717478706,2.400379503657447,1.9575301369239315,2.401111360059402,2.4622920052045725,0.5380035976561225,1.1099319721622063,0.45906541823023866,1.8324941171189824,0
0.44180855408933456,-0.1535731830814779,-0.15484123025532542,1.478524768348486,1,0,0,1,0,0,-0.36935237260751347,-0.17218605154065517,8.01780748011037,-0.7971429276448542,1.9184750891763849,0.4836258042513461,-0.7858115012755481,0.7778643288278312,0.297341086269023,-0.8268589734234589,-0.6356199243165017,-1.0143783341507182,-0.16367412251998045,-0.3005750621157934,-0.40187272628573084,0.948828975320286,-0.46437027060345776,0.05050060395629656,-1.1014209826064827,-0.29111514316954507,0.7923589607983694,-1.47023047812224,0.5470063895642318,0.6565715173154205,0.8756410423288598,0.29111514316954507,1.101420982606482,-0.3139374809687093,-0.40957446049198204,-0.11842961547497735,0.3824042551358344,0.17144214591252482,-0.5290646384693491,-1.0357458890816678,-0.7069813574043363,-0.29429738304996345,0.5008703430854462,-1.4693273852002382,-0.6517097564145549,-0.2958730841701091,-0.025405824425361403,-0.6040308649486834,-0.37174181903963527,-0.5429799678216537,-0.3944048900113141,0
1.8810232460946468,-0.7204640344536393,-0.8790386569529866,-0.13478617003801185,1,0,0,0,1,0,0.29945128861150755,-0.4890883342455113,-0.822280879298011,3.4947015522258633,-2.2502305207026274,-3.0769224341567862,-0.04808540544591466,1.0316210354847282,-0.84038371954064806,-0.6787824295755156,-1.3062127293822776,-1.055397666088613,0.9952932952232609,-1.0462362857818512,-0.12945110588271674,0.03319524590387919,-1.3348530506542162,-1.201105546051384,-0.871666255725209,-0.5749285603869245,-0.9785230425260009,-1.5456135226404002,1.1821907184294118,-0.4066261641832184,0.5254947317319522,0.5749285603869245,0.8716662557252083,-1.038102835155144,-0.25947596364157,-0.43684594438356456,-0.354064273059855,-0.8355863879794388,-0.49755964466293656,0.02452383803125581,0.5111183656893089,-0.5423417704240322,-0.9424412519348303,-1.4693273852002382,-0.17730250308028428,0.4432043837197094,0.24536400737109418,-0.3502454288142823,-0.20711139779498602,-0.48731077970765985,-0.023255055489598248,0
-0.14929748012713334,-0.978141694168258,-0.15484123025532542,-1.161438585374874,1,0,0,1,0,0,-0.4955417426488382,0.014466485612113323,-0.15703544559434116,-0.3591051399595187,0.4570617981910807,0.28864978918654516,-0.032297666554881664,-1.616598970561279,1.4757725791723393,0.1188675136310051,0.981088617609514,-0.2328040719250781,-1.2546901717626098,-0.98047740823572,-1.5546940181493394,1.6126009650467352,-1.3574714827582675,-0.502306322170264,-0.7471295343976714,0.4234769879856554,-0.934770782139284,0.6613744826765877,-0.39692210317487825,-1.5066278274664064,-1.7658676102606454,-0.4234769879856554,0.7471295343976706,-1.0102503215325889,-1.535313186870074,-0.6733837887156574,0.188596747715916,-0.3747428216220998,-1.222174502210428,-0.13859458152457876,0.2342775195316623,-0.4803306735805153,-0.9146852597229018,0.5034643620605421,-0.2685346671830286,-0.4255357978349895,-0.9561771212256767,-0.4771381468814831,1.439192814651505,1.9064643091940836,-0.332546584257695,1
-0.35489957898503444,-0.12780541711001567,-0.4445202009343899,-2.334755631474145,1,0,0,0,1,0,-0.571255364673633,0.17146394676864757,1.3781463244910508,-0.6507445653140882,1.384421077291246,0.6347769351960771,1.131632426808584,0.596261351222103,-2.4654766981043403,0.852329630474211,-0.21972634706102756,0.09687732053286618,0.018983291602250728,0.5341888387283363,-0.9477952171547245,-0.636986649983034,0.853719182512546,0.09657292808755595,1.0460293195708634,-0.9053100327574869,-1.0398072429626877,-1.7678678591526271,2.7302790877923284,-0.3049090155475007,0.3799396803714178,0.9053100327574869,-1.046029319570864,0.29881781872750485,-1.009968447893631,-0.6097005229339397,-0.8192022908676594,-0.47715250303484213,-0.37153966943728567,0.5954383064766764,0.12354118106860354,-1.0384305451721696,-1.0257092285706153,-1.6969572021918669,-0.41146505761066227,0.9791436002012148,0.7812626328015783,-2.0209995500324247,0.6160407084282594,0.1992758736982665,-0.8686519007890618,0
1.135715637734753,-2.24076222676989,1.0038746524609323,-0.4281154315628296,1,0,0,1,0,0,-0.5081606796529707,0.0667989726642914,2.772603098985282,-0.7190252244248803,1.562560199895734,0.6070509880997064,1.2619702855028534,-0.6914816221340394,0.6854517039757948,1.0317670516717115,1.155271308645543,-0.1839443240707863,-1.8288896962019099,1.4532966467542567,-1.0719789729393696,0.4114485843200812,0.9656867544350675,0.804337481916819,1.2718086794045298,-1.5122424827725962,-0.3026835159898043,-0.12480477543754878,-0.5235692948114458,-0.4362922675794504,-0.716630282262377,1.5122424827725962,-1.2718086794045305,1.8307060679680403,-0.7848207026180125,1.1097476531724306,1.183475285804831,1.5881094054554559,0.3845801819166189,0.35076067714292497,-0.2086678343205727,0.9459245538203791,-0.3318094232724056,-0.17942508891434333,-0.19098732769569646,-0.4255357978349895,-0.5584839307746327,-0.0647368131630805,2.056556894318939,1.266268645883152,-0.76555472453303,1
0.33900750466038404,-0.41125084279609675,-0.8790386569529866,-1.6014324776621007,1,0,0,1,0,0,-0.5460174906653681,0.11040937854110647,0.06044863850108935,-0.44069474110038037,0.7399074201602523,0.42549075388798807,0.38988783048480585,0.09810901895146841,-0.04223453673899491,0.08007931946836222,0.2736761190223856,0.7993813028773097,0.13584243243705652,-0.7664907730040216,-0.201471603928156,0.29732057906093295,-0.3346157198305637,0.13946509712028782,0.513835114248652,0.5806453452778549,-1.3080170683115724,-0.3364875374896041,0.3565145350564645,-0.43998121418077873,-0.21963183562170827,-0.5806453452778549,-0.5138351142486527,-0.7595776989295921,-0.25947596364157,-0.2276009282436361,-0.04397226118798574,-0.1699234587966153,-0.05648973137315825,0.35076067714292497,0.12354118106860354,0.015758101167622184,-1.2755131584779709,-0.482931511569848,-0.5787240251323598,-0.32180562690308556,-0.4654068010946016,-0.6040308649486834,-0.6186874509066087,-0.4316415915936655,-0.76555472453303,1
-0.5091011531284612,0.928672987719922,-0.4445202009343899,-0.13478617003801185,1,0,0,1,0,0,-0.33149556159511606,-0.25882539121592774,-0.19541498984647596,-0.3272794090180478,0.16140842586256568,0.05387362425759897,0.35752727909842735,-0.4193465236927579,0.17747022605180335,-0.04897765503038429,-0.08666353209470784,0.11984626310056253,0.3853202621122543,0.3312323976410859,-1.5473316287644978,0.5569732153191927,0.3378059024085192,0.5578521094030725,-0.09305301462755473,0.2557448558590603,-0.16618687583464362,-0.9745165939210193,0.3170966228030913,0.4011282024722185,0.6573008438824152,-0.2557448558590603,0.09305301462755473,0.911573118423719,-1.1600669447440433,2.0922894680903568,2.1395923224097615,2.2196357741673656,1.1722050270769362,0.2692014673650073,0.34501385799472056,2.2481575875342377,0.22331042096616224,-0.5588081172337243,1.7112032938465216,1.6490676208030963,1.7515211967388769,1.267636726542527,-0.5363722402842841,-0.48731077970765985,1.708777505611744,1
-0.4320003660567478,0.6967630939767645,0.27967722576327125,-1.6014324776621007,1,0,0,1,0,0,-0.6974447347149578,0.8517862784469626,-0.4768649810287978,-0.05820732014924861,0.6491508839205281,0.7000670686810794,1.6625225614303238,0.13750648258226153,0.41415329260784045,1.221572218611537,1.1002970095119635,-0.2326937299795389,-0.7103535783925292,1.5236181484600835,-1.0049536309560207,0.5582944927020691,1.2450306600664118,1.4817815438415172,0.09517567272851181,-0.41176056791003435,-0.7893967902589809,-1.1954724490363464,-0.005129301762390847,-0.4157141678636014,0.01623127171234311,0.41176056791003435,-0.09517567272851252,1.9142636088357055,-0.7097714541928067,1.127942871967207,1.2868392897621204,1.8270653287518537,0.7311351137871589,-0.9541866793037505,-1.0945585420250417,1.6280466190990672,-0.7203933142394032,-1.0899443568808573,0.16025650409986858,0.13201387092399572,-0.0423289389126401,0.4428340591057229,-0.5363722402842841,-0.7656567202776299,-0.332546584257695,1
-1.1259074497021662,0.05256894469021735,0.27967722576327125,0.3052077222492148,0,1,0,1,0,0,-0.43244705762817587,-0.09252437680567298,-0.23379453409861076,-0.307605320799684,0.26918164821187,0.16656618342349314,1.1132310026997219,-1.303324919526776,0.12455321487849602,0.6917877727695135,0.6091624205015574,0.9594406496260074,-0.39000983285955415,0.6451495250756375,-0.3799518418592354,0.32542699423005533,0.05667945974730311,0.03751292791117503,0.20465562353765385,1.1055876586338,-0.9033490044106494,1.4082269399400764,0.15675432784522245,-0.8783582685340111,-0.7553169081630466,-1.1055876586338,-0.20465562353765385,0.8001630639334981,-0.18442671521636386,0.6184767457134681,0.705416767502365,0.700558833211691,0.1010352376589052,0.10608304780917345,0.012804842605544792,0.5738579727592754,-1.0257092285706153,0.6552175733882943,-1.2994581215440402,-1.0349505520599276,-1.2607931819966884,-1.1116017372174867,-0.7010026615289333,-0.26463402725168356,-1.0129879475475077,0
0.9044132765196139,-0.1535731830814779,-0.4445202009343899,-0.13478617003801185,1,0,0,1,0,0,-0.6595879237025604,0.47382942751456536,-0.5152445252809326,0.017017134803318904,0.4210429899188468,0.3512567665009308,0.4179162425273877,0.19534967092802896,-0.1771445547893452,0.2556411748910601,0.04895553835267197,-0.2555359094396404,-0.12416146320932132,-0.5287302384419794,-1.076894430541429,1.3056885583107534,-0.8889468177457526,-0.4365088408660729,-0.7099870034754222,0.3556359628759853,-1.1094237328565144,-1.3469327540820304,1.5542536217525238,-1.226819182259392,-0.48981052105685385,-0.3556359628759853,0.7099870034754215,-0.5089050763265954,-1.009968447893631,-0.03655113089848297,0.6408142650290589,0.22264698661889537,-0.9071245641463012,0.10608304780917345,0.5111183656893089,0.015758101167622184,-1.0812212129944723,-1.317574173872486,-0.3597668312857729,0.45617065508619664,-0.093098282374475,-1.0798785577006862,0.28677986593896093,0.514734606344233,-0.2706882785040748,0
-0.12359721776989524,1.1348151154916164,-2.327433510348309,1.0385308760612593,0,1,0,1,0,0,1.3720609339627678,-0.6565522928124812,-0.5280377066983108,0.06909560361663487,-1.2664300783778963,-0.5583331753380721,-1.8751919403151605,-0.5185038440563108,1.5885670339709186,-0.6975272559151687,-0.05575512364871519,-0.10639613477843027,0.7414049209192647,-1.174668107818485,-1.9531379782677636,2.5717532241233854,0.025408935882517122,0.8489868686116554,1.637356214373321,-1.7690215962405262,1.4337855076012085,-1.244947952373382,0.4127396185596563,0.9675093879088841,0.9013548267177058,1.7690215962405262,-1.6373562143733216,-1.17736540326792,-1.8730348047835013,-0.6915790075104341,0.6214335142870673,0.606683291916678,-1.899531869048301,0.5954383064766764,-0.12561558047327853,-0.9454138999068937,1.6943780081983673,-1.0140677512169813,0.8718673841012752,0.9748215097457181,1.3622895635314727,0.3476645205553221,0.4514102871836102,-0.32030321536567735,0.6571863078002155,0
-0.9717058755587404,-0.05050211919562982,0.27967722576327125,-1.161438585374874,1,0,0,1,0,0,-0.81101516775215,4.014994384711949,-0.46407179961141953,-0.07267356148628083,1.7929324036126122,3.1439751474176334,-0.8606745523741496,1.5267290046953572,-0.4084611783162313,-0.1770979127590992,-0.2292018583857186,-0.6939042064313199,-0.618888204940578,-0.9270717757977252,1.7706721360684703,0.14872512065098975,-0.15435679974408328,0.02620062940835077,-0.34274413050805214,-0.6064731204975302,0.270469721194319,-0.32166299684971056,0.7078345175470498,0.08619029437082638,0.3235534563621265,0.6064731204975302,0.34274413050805214,-0.8431352397972577,1.7668537438389946,0.23637715102316323,0.279040251178545,0.20557870638343811,0.16404522527173035,-0.13859458152457876,0.012804842605544792,0.5118468759157585,0.1400424443303771,-0.4070549059059717,-0.3597668312857729,0.04124997135858002,0.0761328624983096,-0.635754044465484,0.7806711296729086,0.514734606344233,-0.1469716669968365,1
-0.4577006284139859,0.33601437037629844,-0.4445202009343899,-0.8681093238500562,1,0,0,1,0,0,-0.4198281206240434,-0.09892056966760585,-0.5664172509504457,0.11249432762773152,-0.24894681527076554,-0.16301483286723703,0.4563180590328011,-0.40630278143954013,-0.9517825705655961,0.6909960195053767,0.3599493704772579,0.05001512776094654,-0.3055599211619486,-0.09864786600587251,-0.8777656063472754,-1.064176633074442,0.5871184562927657,0.5330135009769774,0.23272740579640636,-0.1626015385546773,-0.7330891544790141,-0.32166299684971056,0.23172377143146866,-0.3513144319804884,0.05243213055580167,0.1626015385546773,-0.23272740579640636,-0.06326485836571254,-0.7848207026180125,0.15449866644666885,-0.43158727602782254,-0.18699173903207253,1.2037100208833493,-0.13859458152457876,-0.26403600355210183,0.3258135853852078,-0.7481493064513315,-0.4070549059059717,-0.3597668312857729,-0.1921429132382052,-0.3130987707090945,-0.15990635171348128,0.03983423407198747,-0.04195727479570725,-0.08511336124321738,0
-0.9460056132015023,-0.514321906681944,0.5693561964423357,-0.4281154315628296,1,0,0,1,0,0,-0.785777293743885,3.4015413420447502,-0.34893316685501513,-0.25494820233288673,1.504439193439837,2.813052553041595,0.019448214996968517,0.7226322402397002,-0.7075506643017299,0.375064288890321,-0.04712788637910938,0.3014564326148534,0.16280672135407537,0.655054479056852,-0.608684681173583,-0.48783026789566375,1.047959615362514,0.7834155961430953,0.8939738323359463,-0.4754817429490244,0.6274795008267837,-1.6016023795726364,0.4770230881245762,0.5324511585659979,0.8261214105870155,0.4754817429490244,-0.893973832335947,0.7166055230658329,-0.4846237089171882,0.33645085439443295,0.020630241285320403,0.4445346296798359,0.6996301199807459,0.02452383803125581,-0.3747723420151606,0.44983577907224165,1.2225261405955843,-1.2416975682086098,1.9940230025650298,1.9991569476982738,2.1576759444335596,1.3628062650929278,0.28677986593896093,0.06938110143228039,2.141785645887079,1
-0.4320003660567478,-0.2566442469673251,0.27967722576327125,1.0385308760612593,1,0,0,1,0,0,-0.6974447347149578,0.8517862784469626,-0.7711081536284979,1.449175027169508,-0.3088314588364044,-0.46486990206159645,0.23288578442684418,-0.8595849248423447,0.09511592512085212,0.03445896209720094,0.750282651768619,-0.06628531918188688,-0.39129446072072405,1.7244111933925508,-1.2083916367468666,0.6044601353020082,1.3793588018320762,1.8108539796552898,-0.04921092906325296,-0.04159846927444537,1.3991779940064248,-0.030732928904694246,0.4773974860227389,1.3211967414856258,0.7925422638891569,0.04159846927444466,0.049210929063252244,2.109231204193592,-0.9349191994684248,1.0824548249802661,1.2739187892674588,1.8782701694582253,0.8886600828192224,-1.1988643086375024,-1.3160312189511594,1.752068812786101,1.0004782029001573,-0.2553016945782196,-0.6882026220556532,-0.3607044410025493,0.1607484349347019,-1.1116017372174867,-1.277209135885205,-1.4336869776455579,-0.5181215015185524,0
-0.5348014154856993,-0.7204640344536393,1.4383931084795292,-0.13478617003801185,1,0,0,0,1,0,-0.5207796166571032,0.1075020181493188,-0.822280879298011,3.4947015522258633,-1.407021030027518,-2.61810272898136,1.5265100058265642,0.599903834953341,-1.1360583891144347,0.6155825107144355,-0.39898950553418544,-0.4509030760226298,0.2788281033580032,1.1387757512554115,-0.3971252413033309,-0.4778405794879639,1.1385819439502254,0.8053970914760322,0.18609969967169646,-0.799549433147316,-0.9847980096065025,-1.2212181891145932,1.0728461764851616,0.29738610758706985,1.3050194000926156,0.799549433147316,-0.18609969967169718,1.217950768271826,-0.25947596364157,0.40923172957353837,0.08523274375862654,0.5469443110925782,0.6996301199807459,-0.46483142063624716,-0.5962450189412776,0.8219023601333442,-0.9424412519348303,-1.1658209625447336,-0.13168642102891215,0.4302381123532211,0.5330569536548284,-0.033013633646279864,-0.7833178721512579,-1.1553410370755877,0.34789477903211874,0
0.2619067175886707,-0.2566442469673251,0.27967722576327125,1.0385308760612593,1,0,0,1,0,0,-0.7353015457273552,1.3460375450508668,-0.7711081536284979,1.449175027169508,-0.09920064193564308,-0.08475611122425496,0.5018296478816624,-1.1512452454115951,1.2726613595130185,-0.42242313596634673,0.5249773558585633,-1.1806031393007206,0.038079409739513806,2.561985008797856,-1.5838777997787996,2.218349686851741,1.518940695038382,2.2876960350838016,0.05712944868845589,-1.6668621640005967,1.8620988925747162,-0.006573781053818172,0.48945678559555067,2.0768219963490604,1.5509936404671316,1.6668621640005967,-0.057129448688456604,2.777691531134916,-1.3852146900196616,0.6821600114951846,1.8295003105378922,2.526864818405591,-0.7811045889206503,-1.1173050988595852,-1.2606630497196296,1.6900577159425842,1.0282341951120857,-0.482931511569848,-1.4454295841084306,-1.0219842806934394,-0.2623294272472596,-1.4605567119022886,-1.6064699783745033,-2.1573864231274804,-1.4459960878228426,1
1.135715637734753,0.2587110724619126,1.0038746524609323,0.3052077222492148,1,0,0,1,0,0,-0.5081606796529707,0.0667989726642914,-0.7583149722111197,1.3421248412754696,-0.7871816369767712,-0.9858493918563055,-0.1947014531487651,0.696308872471723,-1.485726867199026,-0.26577350379430276,-0.8777211454786463,1.302899235295431,0.9412026535491596,2.0597198675209833,-0.7307784858664114,-0.01549016590367631,1.0783126431415466,0.7198364882524898,1.4466056031467225,0.3422733367180179,2.3287849328502923,-1.6877836244928932,2.0154722767384583,1.4282792158417266,1.843860702336762,-0.3422733367180179,-1.4466056031467232,1.8585585815905954,-0.7097714541928067,-0.11842961547497735,-0.10857476366129187,0.32505666803163763,-0.18250970659880966,0.18764225758709038,-0.4301405112466897,-0.23228628620644656,2.3050098368607914,-1.5452039908641146,0.2788583174334372,1.3119445652744073,1.9207523416116614,-1.1116017372174867,-1.1948939252628807,-1.211010225189582,1.2139110595827887,1
1.8296227213801723,0.5421564981479937,0.27967722576327125,0.3052077222492148,1,0,0,1,0,0,0.45087853266109723,-0.5233951868686059,0.07324181991846762,-0.4244925508029043,-0.231502488107499,-0.0744706792368916,0.3182142138428871,-0.3675920591228426,-1.127601052927243,0.38708343181637883,0.3912697240918115,0.9318530206791567,0.5148288366406399,-0.6911332658573999,-0.9093377682343228,-0.1924511872581106,-0.9820055098309974,-0.5807872538503551,-0.383489096019544,1.6512761951523172,-1.133056826411222,-0.4064229767798868,1.348073530937769,-1.4966645975206503,-1.0756955164499324,-1.6512761951523172,0.38348909601954334,-0.20252742647848845,-0.25947596364157,2.7655125634970843,2.204194824883068,1.5710411252199985,2.4008997855270304,1.4110304042558486,1.839954427246013,2.558213071751823,-1.2477571662660425,-0.8623145398892288,-1.728249292826938,-0.9312203811280227,-1.3792549834076382,-2.0315739432046915,-1.5241547677521787,-1.0996718489615938,-1.8790042280981787,1
-0.4063001036995106,-0.12780541711001567,0.27967722576327125,0.5985369837740325,0,1,0,1,0,0,-0.10435469552073157,-0.37744569520086474,-0.2593808969333673,-0.2896671815417641,-0.14973264032218775,-0.06642121072504202,0.5613315324882892,-1.028710862565543,1.4132518489060983,-0.16554941367170273,0.14602209636566926,1.5527294829562626,0.4466723970649477,0.08385620786097515,-0.9510665649628128,1.0386355641106042,-0.6829395742329696,-0.2779549392657015,0.06512235289855199,2.0531502651499434,-0.6967570254024062,0.4591803363001618,-0.8882340453726256,-0.4535446138058687,-0.4612047755022197,-2.0531502651499434,-0.0651223528985527,0.10385022336961848,-0.8598699510432187,0.1272058382545045,0.6537347655237203,0.32505666803163763,-0.5920746260821743,-0.05703537174666111,-0.09793149585751397,-0.29429738304996345,-0.7203933142394032,0.27583454506891375,-0.3871364805165972,-0.7626588533636787,-0.8715615487892844,0.3476645205553221,-1.3595243465075295,-0.6543183440496418,-0.2706882785040748,1
-0.4063001036995106,-1.158516055968491,-1.6032360836506476,-0.13478617003801185,1,0,0,1,0,0,0.059691485532990585,-0.424544933547825,-0.1442422641769629,-0.36604893580129416,-0.16752770023304933,-0.043614383274801535,-1.0371385963153836,-1.2833859285900593,0.6942075461215176,-0.6834249438333934,0.04846004349002132,-0.7531508022741923,-0.4735635781437607,-1.385494260542281,-0.4422305852369037,0.47919129989756465,-0.651124683576632,-0.6164636177577498,-1.0504933074560319,0.01465860574169185,0.05779692457633671,1.3184705711879208,-0.46746392827431116,0.2776189178701608,-0.6648571677475047,-0.01465860574169185,1.0504933074560312,-1.3444804850032512,-0.5596729573423944,-0.5369196477548344,-0.22485926811324272,-0.4600842227993849,-0.8756195703398886,-0.6279498401920818,-0.2086678343205727,-0.790386157798101,0.1400424443303771,1.413983630027056,0.37921369794645543,0.06718251409155555,0.17767154942198057,-0.1916295312302808,0.8629863402952329,0.9600881112561845,0.22417816752487937,1
-0.04649643069818187,0.5421564981479937,-0.15484123025532542,1.7718540298733036,0,1,0,1,0,0,0.04707254852885811,-0.42338198939110994,-0.3233468040202586,-0.2780941884721383,-0.34756481593456856,-0.11069328754021474,-0.1800103829457869,1.5359711599206074,-2.5791270793883436,0.24248756305533126,-0.45039080336215287,-0.3829917200201035,0.3361302699101645,-0.7534168140332077,0.4308315471387529,-1.064531675514307,-0.5513505625698392,-1.063292113303938,-0.7279513648365089,0.19961827368027837,-0.5024963839177511,-1.6765710341933755,2.4560014479440193,-0.8742948335757432,-0.4525676929291055,-0.19961827368027837,0.7279513648365081,-0.7038726716844818,0.41596727218528484,0.05442496307539909,-0.5091102789957901,-0.6819718658603261,0.3530751881102058,0.18764225758709038,0.6218547041523672,-0.17027518936292965,-0.44283339212011924,-1.5452039908641146,0.1876261533306929,1.454573550305776,0.9392117013495113,-1.8095116865870906,0.12214944469431245,0.23638866577426285,-0.08511336124321738,1
0.44180855408933456,1.0317440516057692,-0.4445202009343899,0.5985369837740325,1,0,0,1,0,0,0.29945128861150755,-0.49083275048058395,0.21396681550962854,-0.4667339755070384,-0.05671640769503281,-0.016782821568636263,-0.20697328286447658,1.1007686463687087,0.4468539118916705,-0.9025346168028772,-0.3984655773626168,0.21180500488194615,0.6381475068442026,-1.2610740706113182,1.2139812623239716,0.18512150423182674,-2.9965308412603244,-2.6293935203164542,-0.5860329100839196,0.8700970699576539,-0.9722489644609059,-0.2946997337536655,-0.4248350085473979,-1.7520426472589354,-2.0490662368589145,-0.8700970699576539,0.5860329100839188,-1.2702071153431038,0.6911478497443743,-0.9038565601161584,-0.6813836189246067,-1.7117581067328984,-1.033144539371952,1.1391663716627913,1.6738499195514247,-1.307145298160744,-0.9701972441467586,-0.4070549059059717,-0.44187577897824326,-0.5811310542328463,-1.176177609560296,-0.667477223982284,0.7806711296729086,1.461110804282131,-0.6418381130257917,0
0.8530127518051386,-0.6173929705677911,-0.15484123025532542,0.5985369837740325,1,0,0,0,1,0,-0.0412600105000692,-0.398378690021736,-0.2210013526812325,-0.3041334228787963,-0.16343554309780456,-0.07134033037117232,-1.0465167642202204,-0.45072832272519375,-0.2789569712162027,-0.992755838906319,-0.3318759486341135,0.3418612251634021,0.41527135438761253,-1.3361098062815446,-0.11485590778372262,-0.6983386541175267,-0.6074833275958382,-0.4632282182899102,1.0042885975848077,-0.529783266025729,0.1201818601559843,0.5035786410794403,-0.32041947509864754,0.7387790222906948,-0.020797207934045072,0.529783266025729,-1.0042885975848084,-1.17736540326792,0.19081952690966666,0.9687347075129136,0.4114753812488223,0.13730558544161034,1.3691112383670154,1.309081392033452,0.8433273810784847,0.06226642380025959,-0.026493508941193386,0.27583454506891375,-0.48749186102961545,-0.5681647828663581,-0.2623294272472596,-0.6040308649486834,0.2044646553166367,-0.04195727479570725,-0.5799798072721716,1
0.44180855408933456,-0.9523739281967958,0.27967722576327125,0.3052077222492148,1,0,0,1,0,0,0.43825959565696476,-0.5233951868686059,-0.09306953850744984,-0.38109382679180764,-0.3541148914443011,-0.10801013136959821,0.777946000861918,0.0731655360691751,-0.6658369371999003,-0.3796992972704119,-1.1047932822961346,-2.4073049967678166,-0.6243208704570158,0.8833444487226836,-0.2294477539847792,-0.9755212572942362,-3.6555651512235396e-4,-0.30150332300667976,-1.6656268694518341,-1.6313284484388828,-0.19912548647033068,-0.3302777174157744,-0.07008338584759964,0.5125867748735254,1.1419260632461032,1.6313284484388828,1.6656268694518332,0.49378541408539117,-0.4846237089171882,-0.9008240236503626,-1.2068173057074962,-1.1428154322176651,-0.11949971898598452,-1.2804235184154193,-0.762349526635866,-0.790386157798101,-0.38732140769626244,-0.5588081172337243,-0.8615437338508666,-0.7626588533636787,-0.5330992590437151,0.09387908442092041,0.6983559190505837,-0.04195727479570725,-0.8274130302866491,1
0.8273124894479005,-1.0812127580541053,1.0038746524609323,-0.13478617003801185,0,1,0,1,0,0,-0.19268725454965888,-0.32743909646211683,-0.06748317567269331,-0.39093087090098955,0.1172673139351169,0.050296082696776934,-0.28884036083954545,0.030775127979064166,1.0687444578000815,-0.11158284911333696,0.34795401089537703,0.3821381191819893,-0.8649597499402887,-0.3846512825481179,-0.7123637023210256,0.9649668090419978,-0.05785933644441887,-0.05126249845257077,-0.07652239220166908,0.5970847941440487,0.017300523587103104,-0.7558701478463992,-0.49131089492107566,0.09336890283897303,-0.5024051078506093,-0.5970847941440487,0.07652239220166766,-0.3417899945912644,-0.6347222057676005,0.1272058382545045,0.6149732640397371,0.5640125913280355,-0.8126095827270634,-0.46483142063624716,-0.4855086804782194,-0.29429738304996345,0.08453045990652028,-0.6346847228976005,0.31535118307453414,0.002351157259115363,0.04228663352375219,0.09387908442092041,0.5337254978059351,0.9600881112561845,0.2860364732784985,1
-0.5862019402001745,-0.978141694168258,-0.8790386569529866,0.5985369837740325,1,0,0,1,0,0,-0.25578193957032125,-0.2931322438390223,0.7384872536221374,-0.5656830662523388,0.6467614905259854,0.21173264562887137,0.7132182081468671,1.6330047779925683,-0.9789347459932214,0.7792515364758097,-0.017273139476500797,-0.47776110121253346,0.3021065331647122,0.2970637181448008,0.4923398075742422,0.3896738273438294,0.06581816975701242,0.0516415173954332,-0.46991781074089073,-0.18555039652161953,-0.6949247131091618,-1.7481350951506742,1.7298212087607545,-0.9874543821996042,0.07287381781897884,0.18555039652161953,0.46991781074089,-0.03541234474315745,0.04072103005925432,-1.06458099280335,-0.7287587874050313,-0.6649035856248688,-1.0646495331783645,-0.38327221085833024,-0.2086678343205727,-0.8523972546416179,-0.624789341064983,-1.6126498625653376,0.19674936974096682,1.079992377496122,0.555621106304533,-0.5405845059150832,0.15873398274867878,0.0755665667782797,0.5059771159580343,0
-0.14929748012713334,-1.0039094601397194,-0.15484123025532542,1.478524768348486,1,0,0,1,0,0,-0.16744938054139394,-0.34197589842105514,1.1734554218129984,-0.634542375016612,0.7118913981583822,0.22738438995746776,1.3121231241796498,-2.002348999988783,-1.5588972234454823,1.6976552749653144,2.1207847078253836,-0.10116133342091538,-2.6931043784042052,1.2689913394562695,-0.697432247017237,-0.910710209178345,1.0862487090864088,1.136527580957285,-0.1602775458261487,0.020989325180847843,-0.5565779504743029,2.0496145273987345,1.215888796149617,-1.2163171272583535,-1.6475260119899608,-0.020989325180847843,0.160277545826148,1.07868820015905,-0.7097714541928067,-0.24579614703841146,-0.6641562849317252,-0.23819657973844427,0.9516700704320475,-1.2804235184154193,-1.3713993881826885,-0.046252995675895824,-0.3318094232724056,2.5521327149851984,1.099947794358136,1.6490676208030963,0.9392117013495113,-1.206771275767887,2.2623449208747504,2.5188253784480175,0.40975308478573785,1
1.4698190483788447,0.05256894469021735,-1.8929150543297122,0.3052077222492148,1,0,0,1,0,0,0.16064298156605036,-0.458270314092562,-0.3361399854376369,-0.26131334852118093,-0.443048024261755,-0.1504934374043599,0.23591627029254786,-1.6606977302379065,-0.2271635922294289,0.6118883978710038,0.8514791102719822,1.8937701010410288,-0.03768145543251583,-0.5447081317609702,-1.013294994852479,-0.33113356009684,-0.2069535324133054,-0.028993161478883187,0.6312676384277316,1.9567929913333766,-0.8723132638359777,1.2642630708044673,-0.022217052895510254,-1.0318333299074902,-1.1352707244877114,-1.9567929913333766,-0.6312676384277323,-0.5089050763265954,-0.9349191994684248,0.04532735367801011,-0.1344157646506147,-0.20406001926752979,0.4475901695294441,0.35076067714292497,0.06817301183707392,-0.29429738304996345,-0.9701972441467586,0.6552175733882943,-1.0713777112871794,-0.9182541097615345,-1.2100238385348534,-1.0481553781838862,-0.9479482933959068,-0.09762646290970158,-0.7036964187794109,0
0.5189093411610479,-0.02473435322416849,-0.15484123025532542,0.5985369837740325,1,0,0,1,0,0,-0.11697363252486404,-0.37279391857400446,-0.23379453409861076,-0.3018188242648711,-0.11085186923674314,-0.05345262256706214,-0.17637480652661272,0.3258676971707672,-0.5674929077475718,-0.26679273542282544,-0.5171791291892226,-0.6077813297352284,0.5007703948497839,-0.8671424363632809,-0.4681049958272275,0.35706179527137566,-0.5564479848293865,-0.3605317190061465,-0.8569681418843186,0.020989325180847843,-0.6211850432724308,-0.9162009498458201,1.1345944853553465,-0.19134452301220917,0.3203691454885593,-0.020989325180847843,0.8569681418843179,-0.8431352397972577,-0.4846237089171882,-0.17301527185930607,0.03355074177998182,-0.18699173903207253,-0.37153966943728567,-0.05703537174666111,0.40038202722625016,0.20179139169817292,-0.47058938433204756,-0.7105613285614767,0.6894030558957865,1.2211806657089916,1.0576735027604598,-0.12818317219668063,-0.04248097655033679,-0.04195727479570725,0.7190446135538346,0
1.2128164248064663,0.0010334127472937634,-2.327433510348309,-0.8681093238500562,1,0,0,1,0,0,0.8799223908016013,-0.5914274200364373,0.38027817393554597,-0.5066608015972472,-0.23376073099955397,-0.06329086185932274,0.1166847042752302,0.9011853288332587,-1.673816963025181,-0.036335016481985394,-0.5996888265295671,-0.49612435988652653,0.02234222568958128,-1.4672054913670378,-0.11147246554934817,0.6731086327535514,-1.8112962470777734,-1.8639716497165435,-0.8144870079783317,0.13114384342216406,-1.6282673611343177,-1.3485758145904154,2.964573123223853,-1.7469640898888075,-1.0401806784770484,-0.13114384342216406,0.814487007978331,-1.4280380258709164,-0.3345252120667762,-0.7279694450999874,-0.3023822710812103,-0.972132629863095,-1.411204465048904,0.18764225758709038,0.6772228733838963,-0.9764194483286528,-1.497561096173398,-1.1658209625447336,0.5981708917930423,2.1547522040961304,1.0915197317350172,-1.8412348661038906,1.439192814651505,1.6837875567381073,0.5953280020465953,0
-0.9974061379159777,-0.4885541407104817,-0.15484123025532542,-0.13478617003801185,1,0,0,1,0,0,0.33730809962390496,-0.5018807199693771,0.35469181110078946,-0.502031604369397,0.0027064489997205552,0.0019992716256794336,0.5034170149340655,-0.23126015530307661,-0.46107580958918926,0.5873422149090547,1.2514500179326864,0.6491315865142024,-1.0081591240144931,-0.26768354971840236,-0.16663360693346238,0.08094174821871787,-0.31358167065167664,-0.1290560223962099,0.02438743144227863,0.8611509049874916,-0.9674798626542838,0.1504819313677476,0.7116447288068489,-1.1044036569410416,-1.752944401437941,-0.8611509049874916,-0.02438743144227934,-0.06326485836571254,0.11577027848446049,0.900502637032502,0.8087807714596554,0.6322857122698633,0.6681251261743327,0.6769975162545934,0.7325910426154264,1.0079356506638961,-1.0653606460162273,-0.2878202398627378,-1.2238657570017657,-0.7311693371879214,-1.0722213348527285,-2.1267434817550925,0.2632612343325826,0.808986029232487,-1.0748462533011267,0
0.33900750466038404,0.43908543426214564,0.5693561964423357,-0.8681093238500562,1,0,0,1,0,0,-0.29363875058271866,-0.28673605097708943,1.199041784647755,-0.6368569736305372,0.8577603241114161,0.2716564667726405,0.5847713718512099,-0.3208524123970548,2.2042044297915635,0.23893019224791237,0.7118977370917656,0.8778547588083283,-0.11233969339154326,-0.0040843267801451266,0.11925184447225717,1.5592227674093913,-0.3208603351655956,0.1754651048300527,0.6380137621571677,0.5645149086083918,-0.8172198386671976,0.55984388524175,-1.4463527864345804,-0.6409388911317225,-0.754194400742841,-0.5645149086083918,-0.6380137621571684,0.2152602778598393,0.41596727218528484,0.9096002464298897,1.674454304601957,1.434494883336343,-0.4660546508565234,0.8401159358104279,0.5664865349208381,0.6978801664463103,-0.7481493064513315,0.5793409677244183,0.15113328768959466,-0.6329961396987983,-0.8207922053274488,1.109020828958526,0.03983423407198747,0.3477270420022505,-0.023255055489598248,0
-1.0231064002732158,0.4133176682906843,-0.15484123025532542,-0.13478617003801185,1,0,0,1,0,0,0.2363566035908452,-0.4716441718947853,-0.2977604411855021,-0.2838806850069512,-0.44475022156624394,-0.14333835428271582,-0.9925043317797652,0.18910677800239106,0.4564862024468491,-0.6313489778693794,-0.4650534337646877,-0.457875654497297,0.6497808441627927,-1.0859737086377592,-0.32794536930162704,0.19530931086838818,-0.9253403851913716,-0.7783469993796792,-0.974766068754056,0.3422733367180179,0.2950092995410762,-0.5880834593129997,-0.42776490925855326,-0.06463994821055792,-0.15531211160857228,-0.3422733367180179,0.9747660687540554,-1.0938078624002545,-0.4846237089171882,-0.6187981323313287,-0.43158727602782254,-0.7502449868021539,-0.655084613695,-0.46483142063624716,-0.04256332662598434,-0.6663639641110671,-0.08200549336504998,-0.8623145398892288,-1.2173491738515698,-1.21647835119076,-1.159254495073018,-0.635754044465484,-1.1948939252628807,-1.211010225189582,-1.569712699330082,1
0.5703098658755232,0.6194597960623787,-1.168717627632051,-0.13478617003801185,1,0,0,1,0,0,-0.34411449859924853,-0.24661447757041954,-0.15703544559434116,-0.35968378961299996,0.2149969752054453,0.08830746178051108,1.0377518131230716,-0.9637634237985472,-0.18503442499896652,0.5967202296060292,1.1147835049362649,-0.5363976748600229,-1.2022464569567513,0.5677101409152455,-0.30062523041481154,-1.1542672976103283,0.6796010586129559,0.7031434125838978,-0.964482122757493,0.22497917377587734,-0.8757698741497525,1.0216357885400478,-0.9069790593210401,-0.13224975664039348,-0.7627904673872281,-0.22497917377587734,0.9644821227574922,0.5494904413305014,-0.25947596364157,0.08171779126756346,-0.5349512799851129,-0.2552648599739003,1.3297299961089997,-1.1173050988595852,-0.8730858650989243,0.5118468759157585,-0.7759052986632599,1.1104772073715516,0.3518440487156324,-0.1921429132382052,-0.2284831982727022,0.41111087958892223,0.4514102871836102,0.6260729825722207,0.16231986177126023,1
0.6731109153044746,-0.7204640344536393,-2.617112481027373,-0.13478617003801185,1,0,0,1,0,0,-0.09173575851659908,-0.3786086393575798,0.08603500133584588,-0.4401160914468991,0.13781800069638037,0.04895450461146867,-1.0314388291157135,-0.9407211285745352,0.9916346179091896,-2.3028710059198967,-1.8683198508045027,-0.8630676525599036,2.18046980867032,-1.622635280534404,-0.8735928288422327,0.9840472206733395,-2.6817442011084323,-2.0243479315607673,-1.0299055238845727,-0.15567358143258175,-0.18707725349124366,0.4160231531284348,-0.36672518701368323,0.4518585161565353,0.45252556099839586,0.15567358143258175,1.029905523884572,-1.5673005939836924,-1.009968447893631,-0.9008240236503626,-0.3153027715758717,-1.3134982345722352,-1.2536794960168407,0.5954383064766764,1.3416409041622488,-0.9144083514851348,-0.24854144663662048,0.27583454506891375,-0.2867811000035777,-0.4255357978349895,-0.2284831982727022,0.2207718024881207,-0.7833178721512579,-0.9326642846196119,-0.20882997275045564,1
0.544609603518286,1.830544796721088,-0.15484123025532542,0.3052077222492148,1,0,0,1,0,0,-0.8236341047562825,5.599505798236229,0.44424408102243734,-0.518233794666873,3.033213980454418,4.706913616801761,0.6353299521762876,-0.4865087065894268,0.32601878026282055,1.1276030496119487,1.3949909148411297,1.334400002980671,-0.3062595065681594,0.11406855950554563,-1.4153765978199544,0.183347728590289,0.8388079798031443,1.29826881005602,1.2994551316290601,0.5311786728248358,-0.7694658035178552,-0.7501447368783636,-0.2614318090673629,-0.6915713390006704,-0.5460497048200615,-0.5311786728248358,-1.2994551316290608,0.24311279148239442,-1.2351161931692491,0.5456958705343614,0.5632912620610914,0.9053781960371756,0.8571550890128092,1.0032343553662626,0.40038202722625016,1.069946747507413,-0.38732140769626244,-0.17942508891434333,2.2312266292321645,1.7138989776355367,1.2607508766078017,1.8386539578449304,0.9453015509175579,1.4054416161681371,2.079927340133461,1
0.72451144001895,0.6452275620338409,-1.6032360836506476,-0.8681093238500562,1,0,0,1,0,0,-0.44506599463230834,-0.049495443007215444,-0.08027635709007157,-0.38514437436617666,0.4342790498887156,0.2595822640048661,-0.03924085869951176,-0.2527184808915356,-0.39154252920427046,0.5053543719830147,0.286927385267321,-0.4812267243235123,-1.3035855437442019,-0.6672699907900265,-1.1316202454026056,-0.0933583523214095,-0.3160755279794719,-0.06957683124891027,0.13286549185952784,-0.7881102335827953,-0.6121629433448318,-0.7867682739656761,0.4414356135367706,-0.9961162367991554,-0.4409478870762495,0.7881102335827953,-0.13286549185952856,-0.5924626171942612,-1.009968447893631,0.23637715102316323,0.14983524623193267,0.017827623793410803,0.41608517572303205,-0.38327221085833024,-0.4855086804782194,-0.10826409251941274,-0.22078545442469194,-0.2553016945782196,2.094378383078048,2.063988304530714,1.4130589069933075,1.3945294446097283,2.756236184608697,2.40748700222003,1.708777505611744,0
-0.3291993166277972,-0.41125084279609675,-0.4445202009343899,0.3052077222492148,1,0,0,0,1,0,-0.5333985536612357,0.15111242402613387,-0.11865590134220637,-0.3729927316430696,0.5695566649395072,0.4044726972181586,0.2466229720887956,-0.17849619613938544,-1.1881400016029449,0.7970380289281236,0.14576777658766057,0.4588222405391872,0.46662212332578545,0.48578590653386255,-1.0253225956644632,-0.9155371754818744,0.6962054796384929,0.10318064451605333,0.6286220997103051,0.002319067851812721,0.14245630780963459,-0.7821540370861554,0.7042006178262217,-0.38640152044167303,-0.08876943179445765,-0.002319067851812721,-0.6286220997103059,0.24311279148239442,-1.0850176963188372,-0.6551885699208807,-0.9871687972982559,-0.6990401460957827,-0.05648973137315825,0.18764225758709038,-0.09793149585751397,-0.9764194483286528,-0.026493508941193386,-0.8623145398892288,-0.5604775923118106,-0.1402778277722523,-0.2792525417345383,-0.794369942049485,-0.5363722402842841,-0.5986491559356475,-0.8892713360402683,0
0.5960101282327613,-0.05050211919562982,-0.4445202009343899,-0.13478617003801185,0,1,0,0,1,0,-0.48292280564470574,0.026095927179264008,0.03486227566633282,-0.41870605426809143,0.5918732820097953,0.34365449068418397,0.575360202762629,-0.5425240472457759,1.3289979320650478,0.19236860817311846,0.7522718115332838,0.656947444262186,-0.7003840785849076,0.2068939863010959,-0.8681630345111361,0.7049908400680002,-0.06198128535030106,0.3916124630028942,0.12355936367902995,0.7734532878151856,-0.5933263344071279,-0.12507538883737446,-1.1083368896162809,-0.3213371606181609,-0.5956568492899287,-0.7734532878151856,-0.12355936367903066,-0.2582324537235989,-1.1600669447440433,-1.6104375566466425,-1.077612300760884,-1.040405750804923,-1.3166894836296663,-1.1988643086375024,-1.3713993881826885,-1.8445748041378918,-0.6371253376036178,-0.2553016945782196,-0.43275256256796935,-0.9052878383950472,-0.9561771212256767,0.28421816152172197,-0.28942660841731066,0.06938110143228039,-0.45626319576493324,1
-0.9460056132015023,0.43908543426214564,0.5693561964423357,0.3052077222492148,1,0,0,1,0,0,-0.7983962307480176,3.157323069134586,0.43145089960505906,-0.518233794666873,2.3035370642310187,2.8287042973701917,-0.20387315428308062,-0.032055116600985,0.2566746546267767,0.8836216915815098,0.6854198389195777,1.9692037756216783,0.23101108851400645,0.5078744960363086,-0.5483610280715084,-0.523184963134573,1.0559696653596928,0.4706112354543122,1.078283513832815,1.6163306238481758,0.7909527961902929,-0.5053393865526805,-0.8766332837113805,-0.14663445462012137,-0.43161908531686455,-1.6163306238481758,-1.078283513832816,0.4102278732177254,-0.5596729573423944,-0.18211288125669506,-0.4186667755331612,7.593435579547688e-4,0.038025250046078915,0.2692014673650073,-0.2086678343205727,-0.4183195767369984,0.41760236644966076,-0.7105613285614767,-0.8889133830816909,-1.1516469943583196,-1.1254082660984612,-0.2233527107470814,-1.1948939252628807,-0.6543183440496418,-0.76555472453303,0
0.8273124894479005,0.5163887321765315,1.0038746524609323,0.3052077222492148,0,1,0,0,1,0,-0.19268725454965888,-0.32743909646211683,-0.42569225535928473,-0.11317903722997104,-0.27820839517963436,-0.16435641095254527,-1.311586066503659,-0.8660789885177336,0.9322358782369735,-0.9214077846016312,-0.7717252829098167,-0.953219946959893,0.37860203355813465,-0.3707315654433233,-0.6432774977076336,0.9781591137870068,-0.16658286005558073,0.04218182463829272,0.569588792901455,-1.8649895477386433,1.4533617410240671,0.5442993161611557,-0.2914420995861068,1.0795817602409552,1.0444630055064155,1.8649895477386433,-0.5695887929014557,-0.2582324537235989,-0.4846237089171882,0.47291499535525605,0.9379857764062678,0.8200367948598906,-0.43454965705011084,0.2692014673650073,0.012804842605544792,0.015758101167622184,1.7498899926222238,0.8828473903799233,0.9539763317937442,0.6376984542170299,1.0745966172477384,1.2359135470257274,0.6160407084282594,-0.2089648391376897,0.6571863078002155,0
0.8016122270906633,0.026801178718756015,-0.4445202009343899,-0.8681093238500562,1,0,0,1,0,0,-0.6974447347149578,0.8314347557044489,0.40586453677030254,-0.5078181009042099,1.4350827726849007,1.0318840484473235,1.6727342098146454,0.07985398406796698,0.7365497048792519,1.7006117761817694,1.6046005865869504,0.9705516645217591,-1.4906016943482499,1.214253758148496,0.04089770256862115,0.5575987699919486,1.724962626135794,1.2526895544582284,1.2994551316290601,0.03493293508481349,-1.1127095895863794,-0.06863167855840126,-0.44655513190958296,-0.5869733829583554,-0.863051815734526,-0.03493293508481349,-1.2994551316290608,1.7750010407229295,0.5660657690356972,1.6101161700287818,1.7132158060859415,2.509796538170134,0.3530751881102058,0.18764225758709038,-0.3747723420151606,1.814079909629618,-1.1089772052064004,-0.2553016945782196,-0.5878472415426337,-0.7107937678977266,-0.8715615487892844,-0.44541496736468245,0.4514102871836102,0.514734606344233,-0.7036964187794109,1
-0.2006980048416086,-0.1535731830814779,-0.8790386569529866,-0.13478617003801185,1,0,0,1,0,0,-0.38197130961164594,-0.17160457946229762,-0.1826218084290977,-0.337695102780711,0.24330383825740393,0.12900199703486176,-0.4658141755309234,0.40295093194996734,0.4058577011350213,-0.9220961043132919,-1.1808572030036908,0.06168294016756362,1.2269766019787,0.22760282423649283,-0.12549221982596617,-0.3912824130594398,-0.2890831898433204,-0.303273835252623,-0.23432195700141584,0.3165258375355961,0.87514401046487,-0.6787781508612787,-0.9480221637577199,0.9590424056954691,1.239084324863918,-0.3165258375355961,0.23432195700141514,0.2152602778598393,-0.10937746679115769,0.03622974428062242,-0.173177266134598,-0.27233314020935756,0.29006520049738066,-0.13859458152457876,-0.04256332662598434,-0.35630847989348147,0.5841383197212315,-0.7864379342253526,-0.615216890773458,-0.9701191952274875,-0.5838686025055501,0.8552353928241243,-1.5241547677521787,-1.6006945419875402,-0.3944048900113141,0
-0.2263982671988458,1.0317440516057692,1.0038746524609323,-0.4281154315628296,1,0,0,1,0,0,-0.7479204827314877,1.651310386188572,0.09882818275322415,-0.44763853694215583,1.5498556247667323,1.615917708251521,0.8313455909490173,0.20470739145291225,0.1520555888669598,1.6442664667996596,1.1801993326614102,0.6091264279173372,-1.3260078244057025,1.3578139793547304,0.34678063787537744,0.41583756286290713,1.9391649964073712,1.4650270016549785,1.0460293195708634,-0.20666334585120408,0.2007054481269974,0.06642991125601942,0.21001156358202602,-0.29845510141259673,-0.10400321111343346,0.20666334585120408,-1.046029319570864,0.605195468575612,-0.25947596364157,-1.5649495096597015,-1.1551353037288514,-0.4600842227993849,-1.4742144526617298,-1.4435419379712537,-1.8697129112664523,-1.4725082230767892,0.16779843654230542,0.04820472807728505,-0.031331040515893936,0.08014878545804377,-0.0423289389126401,-0.09645999267988113,0.36909507656128593,0.29205785388825667,-0.08511336124321738,1
0.05630461873076867,-0.41125084279609675,0.27967722576327125,0.3052077222492148,1,0,0,1,0,0,-0.3188766245909836,-0.2652215840778606,-0.7327286093763631,0.8763118702230325,-0.9401204706242328,-0.881206301202261,-1.6768333892521434,1.5999740892742045,-0.5349923821820034,-1.5872414668678287,-1.9561888313409967,-1.529476666847296,1.4085928697060828,-0.5797921104545829,1.0316756404539402,-0.23359860446446326,-0.815524891750278,-0.8776096385015913,-2.018119135314598,-0.08447776675232606,1.752356201121507,-1.1625046406298143,0.4966084394704423,1.3356002988711055,1.6863262878379803,0.08447776675232606,2.0181191353145973,-0.7595776989295921,0.41596727218528484,-1.1828499149693978,-1.1034533017502068,-1.3134982345722352,-0.8756195703398886,-1.0357458890816678,-0.2086678343205727,-0.790386157798101,1.9996939225295793,-0.9381911455531051,0.8171280856396278,0.9748215097457181,1.5315207084042572,0.7600658542737248,-1.1125787146405561,-1.266679413303576,1.3994859768436472,0
-0.020796168340944693,-0.02473435322416849,0.5693561964423357,-1.161438585374874,1,0,0,1,0,0,-0.21792512855792381,-0.305924629562888,-0.438485436776663,-0.09871279589293881,-0.2715253209509016,-0.15899009861131222,-0.42093202510466854,-0.30516979394872423,0.28306188135059857,-0.1956930315353315,0.12302035923135743,-0.5937720130669605,-0.6369372708787556,-0.627862921792148,-0.8735928288422327,0.77341727557779,-0.4698741177338435,0.04961989884537585,-0.6501878279857761,-0.16498583548630744,-0.04203700604191423,-0.4562909991320656,0.3902546994425398,-0.2015504713445873,-0.11148831854870943,0.16498583548630744,0.6501878279857761,-0.45320004908148526,-0.6347222057676005,0.8277217618533966,1.1447137843208466,0.8712416355662611,0.25856020669096863,-0.13859458152457876,0.17890935030013266,0.9459245538203791,-0.16527347000083534,-0.5588081172337243,-0.47836864461934153,-0.21807545597118072,-0.2792525417345383,-0.635754044465484,0.4514102871836102,0.4033962301162448,-0.332546584257695,0
-0.6119022025574117,0.43908543426214564,1.0038746524609323,-0.8681093238500562,1,0,0,1,0,0,-0.3945902466157784,-0.14543833593620858,1.199041784647755,-0.6368569736305372,0.9932680292086238,0.38032429168260984,1.7582700348834435,-0.2701413975242083,0.9227997366603217,0.18610318855856198,0.2793924664559698,0.7268759987873593,0.3740740987943322,1.5168578290900199,0.3773099674951753,-0.3566365479617044,-0.12051595116714535,-0.323585819476279,0.39961991949913633,0.595033997706013,-0.9292908143076302,0.7487583885115486,-1.6198834907927764,-0.37091495556354986,-0.6791424617576179,-0.595033997706013,-0.39961991949913706,1.050835686536495,0.04072103005925432,-0.8189455390738695,-0.8579637923516437,-0.8526546682148961,-0.49755964466293656,0.35076067714292497,0.17890935030013266,-0.8523972546416179,-0.8869292675109735,0.6552175733882943,-0.0951935553878152,-0.9052878383950472,-0.9731002357129547,0.9504049313745251,-0.20711139779498602,0.06938110143228039,-0.20882997275045564,0
-0.6890029896291251,0.6194597960623787,-0.15484123025532542,0.3052077222492148,0,1,0,1,0,0,-0.785777293743885,3.136971546392072,0.20117363409225028,-0.4655766762000758,1.9849559467365996,2.7723580177872442,-1.021017995080166,-1.4839922634496858,1.7016519940905723,-0.9247329913996075,0.7160845906474599,0.18041277422180407,-0.5240245688477396,-1.0035371910838844,-1.082265550493621,1.1548722827105484,0.1410900375139514,1.2123761792400887,0.7646392799752116,-0.5122984218604396,0.41702783947978217,0.9526360835248852,-1.1656800129353204,1.389157078616943,0.2527043303763201,0.5122984218604396,-0.7646392799752123,-0.8988402670423681,-0.9349191994684248,0.381938901381374,0.9509062769009282,0.9736513169790033,0.25856020669096863,-0.30171300108041293,-0.6516131881728072,0.8839134569768611,0.22331042096616224,0.6552175733882943,-0.5148615102604385,-0.996051737960463,-0.4654068010946016,-0.033013633646279864,-0.12479618717266176,-0.3759724034796717,-0.20882997275045564,1
0.44180855408933456,-0.5916252045963298,-0.15484123025532542,1.0385308760612593,1,0,0,1,0,0,-0.36935237260751347,-0.17218605154065517,0.06044863850108935,-0.4233352514959417,0.42694686050122505,0.19473932321496668,-0.5210748637992778,0.1407811216921595,0.6068126820842924,-0.5532662343383382,-0.15800925058612542,-0.15166831257958427,0.29975565594791864,-0.18820003260030946,-0.3971252413033309,1.3689823680171733,-0.6596101019868942,-0.16258935366548669,-0.30025191215747105,0.09092870184200141,0.5365200274006066,-0.591057856530652,0.5461619909465762,0.09336890283897303,0.04668290601302961,-0.09092870184200141,0.3002519121574703,-0.09111737198826762,-0.25947596364157,0.40923172957353837,1.093031782342202,0.7346953936826055,-0.6235796198885869,0.02452383803125581,0.17890935030013266,0.015758101167622184,0.3898463742377325,-0.6346847228976005,-0.31415074923440073,0.002351157259115363,0.04228663352375219,-0.7309235830158842,-0.37174181903963527,-0.3759724034796717,-0.332546584257695,0
0.5703098658755232,1.1605828814630785,-1.168717627632051,1.0385308760612593,1,0,0,1,0,0,-0.34411449859924853,-0.24661447757041954,-0.6943490651242283,0.5435883194712915,-0.7344913508946546,-0.6097603352748889,-1.038268668163335,0.10957262793756001,-0.6012509554743637,-0.3612773339522591,0.1680421186185892,-1.8840830254240903,-0.7939490545041461,0.8028004476540579,-0.6348654603970132,-0.996276190005978,0.8439305492216548,1.0266952216837273,-0.7581467807413153,-1.8177437870011104,2.2458866055296447,-0.7863861519530085,-0.17923129228682388,1.3248894567898286,0.7839050697348438,1.8177437870011106,0.7581467807413146,0.577342954953057,-0.7097714541928067,-0.4732363819731166,-0.8838047933409655,-0.5454256239766699,0.8886600828192224,-1.3619827281933365,-1.2606630497196296,-0.046252995675895824,2.138473883589221,-0.7105613285614767,0.11464042204849642,0.002351157259115363,0.5330569536548284,0.030432725387320277,0.5337254978059351,-0.26463402725168356,-0.1469716669968365,1
-1.100207187344929,0.9544407536913834,0.27967722576327125,-0.13478617003801185,0,1,0,1,0,0,-0.43244705762817587,-0.0878726001788127,-0.19541498984647596,-0.3272794090180478,0.30829872852547685,0.18534827661780884,0.7801591547746812,0.6287259882297623,0.14592292416646968,-0.35870571139751645,-0.5797314271303886,-0.018159901565733327,0.5330664808219066,0.7558565110891158,-0.10478132978733841,0.1138995647802183,-0.0052000305526290445,-0.13573768715642787,-0.1984048918790851,0.17200761631813533,-0.32958737599907967,-0.9679137861098361,-0.08502344761049356,0.4794320130529101,0.6211578158643563,-0.17200761631813533,0.1984048918790844,0.8558680911786088,0.04072103005925432,0.4547197765604794,0.44700675760914055,0.4274663494443799,0.06953024385249205,-0.22015379130249568,-0.1532996650890431,0.38782468222872474,0.029018475482663446,-0.5588081172337243,1.6747104282054248,1.3638096507403592,1.5145975939169787,1.5848685217105287,-0.4540570296619595,-0.4316415915936655,1.646919199858125,1
-0.9460056132015023,0.6709953280053031,0.27967722576327125,-2.6280848929989626,1,0,0,1,0,0,-0.81101516775215,3.9626618976597707,-0.10586271992482811,-0.3741500309500322,2.216566825896079,3.3367151990069206,0.3996569139498901,1.8144819482089012,-0.6619972709896839,1.3096886891278696,1.0203208058446722,0.5331479514605681,-1.234953035852877,-1.0244168614953988,1.9116895614843252,-0.4431179109769395,-0.5519524180418075,-0.4772449971233985,0.07500831336893375,0.6527578856825103,-1.5793179252458156,-0.5753447812548801,0.4596816800793548,-2.316611494407886,-1.7924038702834857,-0.6527578856825103,-0.07500831336893446,-0.9823978079100336,1.6918044954137887,-0.13662483426975403,-0.3411437725651945,-0.5283573437412127,0.2270552128845555,0.35076067714292497,0.34501385799472056,-0.29429738304996345,-1.497561096173398,-0.6346847228976005,-0.3688900476960481,-0.08841274230630035,-0.9900233502002335,-0.635754044465484,1.1922471827845313,1.795125932966095,-0.45626319576493324,0
0.6474106529472365,0.5421564981479937,-0.8790386569529866,-0.13478617003801185,1,0,0,1,0,0,-0.06649788450833415,-0.389656608846373,-0.8478672421327675,5.574947056491096,-2.7173943383207555,-4.608110222188618,-0.6694155298205694,0.4872053688541511,-0.031798335566710745,-1.3618851582760683,-1.3136136766356286,-0.19061824093726878,1.1517168019033615,-0.6302626142922981,-0.8315236812336407,0.21119151054887264,-0.9428002275173056,-0.40917660512893445,1.1854135162028723,-1.435659238404968,0.30108761155328656,-1.5017068286077897,0.25569649084022505,0.9049544204800554,1.3082807999792372,1.435659238404968,-1.185413516202873,-0.2582324537235989,-0.3345252120667762,1.983118155321699,1.8165798100432309,1.2467438007463156,1.550264952753888,2.9606553900362758,2.3382679503297763,1.5040244254120325,0.44535835866158957,-1.317574173872486,0.6164173246135901,0.6636309969500054,1.0238272737859035,0.8235122133073248,1.0276167615398821,0.3477270420022505,1.0901944480755505,0
-0.4063001036995106,-0.514321906681944,0.27967722576327125,1.478524768348486,0,1,0,1,0,0,-0.10435469552073157,-0.37744569520086474,-0.6047967952025805,0.20797152045214415,-0.7121747338243685,-0.451006928513411,-0.4128923959658677,-0.33584879148445224,0.7234616836052346,-0.8248362247188626,-0.3192610177840009,0.4008683815906802,0.4745688035422435,0.31274230568908384,-0.8042311059095654,0.6251096293661679,-0.07434462047117198,0.3422706169945732,0.3699083794759778,0.17986603418274572,0.8866253544202258,-0.3446980608398156,-0.36082146542806093,1.0405816725638801,0.7492155991606928,-0.17986603418274572,-0.36990837947597854,0.04814519612450831,-0.9349191994684248,-0.8189455390738695,-0.40574627503850064,-0.40887938209301433,-0.7495995951142377,-0.709509049969999,-0.9284540343304539,-1.0384305451721696,0.8061862574166584,-0.3311783002420958,-0.02220782410562002,-0.2051091846046925,0.2115177783965368,0.28421816152172197,-0.9479482933959068,-0.9883334727336057,0.34789477903211874,0
0.31330724230314594,-0.41125084279609675,-0.4445202009343899,-0.4281154315628296,1,0,0,1,0,0,-0.6469689866984278,0.47673678790635304,-0.5664172509504457,0.1587862999062346,0.2700766546821054,0.2439305196762697,-0.637811029156929,-0.2900561817579621,1.103442199696191,-0.7355369421050971,-0.16417762807687433,-0.3739553036749889,0.22004283462770066,-0.9665902364178866,-0.9450416129009409,0.6674878898366734,-0.7357024610374993,0.10778030943933199,0.13286549185952784,-0.6418048099999468,-0.07891381315875037,-0.5486107295704064,-0.837681495518041,0.26415298921310715,0.3186654516901367,0.6418048099999468,-0.13286549185952856,-0.8988402670423681,-0.8598699510432187,0.09991301006234013,0.4340862571144791,0.10316902497069583,0.1325402314653172,-0.38327221085833024,-0.4855086804782194,-0.35630847989348147,-0.05424950115312168,-0.482931511569848,0.12376363845877164,-0.3347718982695729,-0.21156008378542468,0.9821281108913258,-0.28942660841731066,-0.5986491559356475,0.038603250264021984,1
-0.14929748012713334,0.7998341578626126,-0.15484123025532542,-0.4281154315628296,1,0,0,1,0,0,-0.5081606796529707,0.11913145971646949,-0.7199354279589849,0.8300198979445294,-0.5775508200760066,-0.5498365141311198,-1.8747435521973672,-0.7382034951951174,0.46482142791405257,-2.515706876944543,-1.5446577530275616,-1.1460035167439846,1.0991740591576038,-1.2743251836676852,-0.8983342501810967,0.9562504980059723,-1.3515367381878445,-0.6317799837626091,-0.19143037735720503,-1.373153796310799,1.3335858370434257,0.11327593294769392,0.32551306648101447,2.0583969967605538,1.3913205418916008,1.373153796310799,0.19143037735720433,-1.17736540326792,-0.7848207026180125,0.2454747604205509,0.7183372679970265,0.08610074473523979,-0.24551969421163483,0.5138790966987595,0.6772228733838963,0.2638024885416898,1.8054019770460803,0.5793409677244183,1.3918907194869166,1.3767759221068474,2.293060860331788,0.37938770007212164,0.28677986593896093,-0.32030321536567735,1.5850608941045057,0
-0.020796168340944693,-0.41125084279609675,-1.168717627632051,0.3052077222492148,1,0,0,1,0,0,-0.4198281206240434,-0.10182793005939353,-0.7327286093763631,0.8763118702230325,-0.7972318651325021,-0.7555451538783869,-1.4184461183455348,0.5042912018818473,-0.14027081437871783,-0.8910529131396423,-1.096841321545774,-0.04680274480899551,1.3541436368631463,-0.12674840265806647,-0.17101035024277064,0.2322263765458168,0.05492939572189758,0.09005226984651979,0.5745878774132874,-0.6337026228571595,1.845738345861391,-0.8634699155197186,0.42512001495797513,1.258222048233348,1.513865951124542,0.6337026228571595,-0.5745878774132882,-0.2582324537235989,-0.3345252120667762,-0.5642124759469986,-0.3669847735545164,-0.32353798091572933,-0.5605696322757617,0.4323198869208419,0.17890935030013266,-0.5423417704240322,2.0829618991653644,-0.6346847228976005,0.7897584364088047,0.9099901529132779,1.4299820214805863,0.6966194952401235,-0.6186874509066087,-0.9326642846196119,1.1520527538291696,0
0.44180855408933456,-0.6946962684821769,-0.8790386569529866,-0.13478617003801185,1,0,0,0,1,0,1.1953958159049132,-0.6425969629319004,-0.8094876978806327,3.1243657739978388,-2.4437064861853575,-2.9087779807981504,-0.18362253611306162,1.4134375498296714,-2.0110778961474383,-0.6032126551271726,-1.8356235096716063,-0.9813048184731671,1.234485447301354,-1.172574081274838,0.7693293955621778,-1.4937635007864505,-0.49079936482006536,-0.9622775792078917,-0.5483077512256369,-0.7945777810288902,-0.9162905996575047,-1.1692900951705838,1.2481225952543364,0.328233132339805,1.4469237000426052,0.7945777810288902,0.5483077512256362,-1.0659553487776992,0.8662627627365218,0.3728412919839863,-0.4961897785011287,-0.6478353053894121,1.0461850518512859,0.18764225758709038,0.5111183656893089,0.139780294854656,-0.859173275299045,-1.0899443568808573,0.023408257945752128,0.6636309969500054,0.7699805564767266,0.030432725387320277,-0.6186874509066087,-0.9883334727336057,0.5953280020465953,0
-0.5862019402001745,0.2587110724619126,1.0038746524609323,0.3052077222492148,1,0,0,1,0,0,0.07231042253712305,-0.4280337660179702,-0.7583149722111197,1.481000758110979,-1.4576827254211728,-1.4737366222134107,-1.342775571118148,0.6738449191181067,-1.195665883857711,-1.054669422048297,-1.8005753995135818,-0.285768205783896,1.3065965250161646,0.48122413942990566,-0.577710805446172,0.7381363046534029,0.13484036521031736,0.008109331284200126,-0.16027754582615011,-0.23079243079930178,2.3479956084487013,-1.503611301490068,2.3762711188605294,1.5584957455488204,2.348753387930932,0.2307924307993025,0.16027754582614942,0.32667033235006016,-0.6347222057676005,-0.3731626786018469,0.046471242274642305,0.10316902497069583,-1.0016395455655394,-0.30171300108041293,-0.26403600355210183,-0.29429738304996345,1.63886602377451,-1.5452039908641146,-0.989268763594709,0.22277777048941236,0.854596128913119,-1.7777885070702906,-1.6887851889968277,-1.9347096706715041,-0.332546584257695,0
-0.5091011531284612,-0.87507063028241,-0.4445202009343899,0.3052077222492148,1,0,0,1,0,0,-0.356733435603381,-0.20649290416374969,-0.24658771551598904,-0.2983469263439834,0.14248334380624778,0.07176133206170916,0.11123816439741346,-2.012736140534701,0.9471398471603341,0.6882491227134908,1.7383039180863906,0.14773393391949644,-1.7299917923415205,0.4976113315763812,-1.5410924043995076,0.47679811357833496,0.7336045458596361,1.2418749203537855,-0.06904425348519842,0.26996871572628706,0.3425280039038838,1.218710978491139,-0.815635778529433,-0.20235045274922506,-1.0474310802387214,-0.26996871572628706,0.06904425348519772,0.744458036688388,-1.3101654415944555,0.9186978558272787,1.0542702808582185,1.349153482159058,0.8571550890128092,-0.709509049969999,-0.762349526635866,1.4420133285685155,-0.026493508941193386,0.5793409677244183,-1.1534866589796486,-1.333174793489152,-1.311562525458524,-0.9529858396334858,0.03983423407198747,0.18071947766026855,-1.3841377820692236,1
0.6731109153044746,-1.1069805240255675,-2.617112481027373,0.3052077222492148,1,0,0,0,1,0,-0.09173575851659908,-0.3786086393575798,-0.4512786181940413,-0.0848252042093879,-0.4140349557722751,-0.22562181018162267,-1.5313442518331826,-0.4781113065969269,0.4357910997991343,-1.501543491837537,-0.8355532613006214,-0.07296959996454108,1.7066325229844985,-1.5832284701432826,-0.7031717749990795,0.46092831918831784,-2.233605691302398,-1.4334355770702947,-0.23257562654916758,0.13114384342216406,0.5474282264711852,-0.04819927501855161,-0.13255252348706378,-0.1863167828945468,-0.3132106836944058,-0.13114384342216406,0.23257562654916686,-1.4837430531160272,-0.6347222057676005,0.09081540066495114,0.31780175266252825,-0.6307670251539549,-0.024984737566746233,1.6557080335896,2.0060589349406004,-0.046252995675895824,0.6674062963570164,0.12408133374116129,0.534308376921121,0.37837302688726915,0.27921023634565156,0.31594134103852145,-0.04248097655033679,0.013711913318286572,0.47161139053935697,0
0.544609603518286,-0.514321906681944,-0.15484123025532542,1.478524768348486,1,0,0,1,0,0,-0.8236341047562825,5.599505798236229,-0.6047967952025805,0.20797152045214415,1.960722149154853,4.145686784447804,-0.39063810041078334,-0.7905155796166281,0.38155535452145684,-0.24079802365094405,0.2761882848970423,0.6488188777710234,0.7108443696927831,0.20732689625413575,-1.3341161605818261,0.19316689847146556,0.9773385340391426,1.2897641639630741,1.2021396197987126,-0.30735587342307225,0.7503503796857429,-0.2514808408486888,-0.3274848477917206,1.2944147553303185,0.900145376930843,0.30735587342307225,-1.2021396197987133,0.32667033235006016,-1.1600669447440433,0.5093054329448095,0.5374502610717695,0.9395147565080901,0.6996301199807459,0.8401159358104279,0.2896456887631914,0.9459245538203791,0.6674062963570164,-0.2553016945782196,-0.058700689746716966,-0.21807545597118072,0.2961333508329291,0.1890486229713212,-0.7833178721512579,-0.9883334727336057,0.2860364732784985,0
-0.4063001036995106,0.928672987719922,0.27967722576327125,-0.4281154315628296,1,0,0,1,0,0,-0.7100636717190902,0.8779525219730516,-0.68155588370685,0.5001895954601949,0.21019201111646588,0.28864978918654516,1.7776880711845244,0.06680103104630478,-0.9741224270496468,1.4976078362764387,1.530446136448926,0.8599481958188432,-1.1164972051123934,1.8396197960708196,-0.8199864159413597,0.32757570534109387,1.3477191453628223,1.6003920454704574,0.6060821098378343,0.5717619163874261,-0.6337921120527341,-0.9131309023321013,1.660839983658556,-0.6867963347870348,-0.4271835910944995,-0.5717619163874261,-0.606082109837835,1.8307060679680403,-0.7097714541928067,0.2454747604205509,0.3824042551358344,0.9395147565080901,0.3845801819166189,-0.7910682597479163,-1.0945585420250417,0.5738579727592754,-0.6648813298155464,-0.9381911455531051,-0.3871364805165972,0.4821031978191731,0.1607484349347019,-1.5557262504526888,-0.28942660841731066,-0.04195727479570725,-0.45626319576493324,1
-1.100207187344929,-0.514321906681944,0.27967722576327125,-0.4281154315628296,0,1,0,1,0,0,-0.43244705762817587,-0.0878726001788127,-0.3745195296897717,-0.20286973351957077,0.1018251222689782,0.0892018471707166,-0.053705136157736706,1.0491525244721367,-0.3281367815444085,-0.9124342578890046,-1.436957467550909,-0.4837444250541132,0.936073699554346,0.4352368256677952,0.003744885604334889,-0.09095201360803089,-0.10741392546102455,-0.11603176725632411,-0.11972941589683889,-0.5410235229891278,0.5095618071234735,-1.4362432211679506,0.3571759707211436,1.1261300072719826,1.7548326472198366,0.5410235229891278,0.11972941589683818,0.438080386840281,0.04072103005925432,0.1272058382545045,0.05939174276930372,0.017827623793410803,0.1325402314653172,-0.38327221085833024,-0.3747723420151606,0.139780294854656,0.8339422496285867,-1.1658209625447336,1.1911799584608802,1.2211806657089916,1.6838287387897632,1.4579758036433286,-0.8656330827735822,-1.1553410370755877,1.8324941171189824,0
-0.5091011531284612,-0.05050211919562982,1.4383931084795292,0.3052077222492148,1,0,0,0,1,0,-0.5838743016777656,0.20635227147009963,-0.7071422465416066,0.7663684360615877,-0.34756481593456784,-0.43356641340440355,0.13134117000605977,-2.0681394124375645,-0.7980194505678008,0.23747172238384753,0.06785488424691105,-0.3824716998342069,-0.42035327891472324,0.641372144589276,-0.28417971753679877,-0.2588599139233101,0.9379033332175715,0.5923131872546272,0.6190712565440033,-1.1356331163529647,0.45821839572413975,2.5539012453247696,0.8307900735980338,0.6091999137414614,0.4900638701672643,1.1356331163529647,-0.619071256544004,0.7723105503109431,-0.10937746679115769,0.5456958705343614,0.31780175266252825,0.700558833211691,0.5106001571422693,-0.30171300108041293,-0.5962450189412776,0.5738579727592754,0.6396503041450882,2.8556391376407038,0.7350191379471587,1.0915179520441112,1.3115202200696365,-0.3185222492974822,0.5337254978059351,0.013711913318286572,0.5953280020465953,1
-0.2263982671988458,0.3102466044048362,1.0038746524609323,-0.4281154315628296,1,0,0,1,0,0,-0.7479204827314877,1.651310386188572,-0.6687627022894718,0.47704360932094336,0.49039941067378034,0.9013037814773189,1.435821498694791,1.2818454725667254,-0.7443365211566583,1.8103129617131348,0.9710647991804512,0.8573216025605788,-0.685140252824088,0.9270456530620612,0.7954487320970395,-0.09277237114628409,1.688612351776484,1.086756091391259,1.0872846843245239,0.09092870184200141,-1.0702516522118808,-0.9625100614193075,0.924305673773568,-0.7712169170952753,-0.2014259944365123,-0.09092870184200141,-1.0872846843245245,0.32667033235006016,0.11577027848446049,-1.455778196891044,-1.2714198081808024,-0.6649035856248688,-1.1276595207911904,-1.0357458890816678,-1.482135726645747,-1.4725082230767892,-1.0257092285706153,-0.9381911455531051,-0.17730250308028428,0.31354167005482897,-0.025405824425361403,-0.5405845059150832,-0.37174181903963527,-0.3759724034796717,-0.7036964187794109,1
-0.4063001036995106,-0.6946962684821769,0.27967722576327125,-0.13478617003801185,1,0,0,0,1,0,-0.7100636717190902,0.8779525219730516,-0.8094876978806327,3.1243657739978388,-0.6144732347460667,-1.739369083104447,2.111071574536422,0.20645455553814593,-0.5596718262371956,0.5100198928193883,-0.08440403410687661,-0.08231604853386218,0.17696852826744727,1.8741955835144826,-0.7185510889379342,0.33829662608913086,1.1100533719250276,1.216907414059633,0.6060821098378343,-0.7133741297612541,-1.0628222694982097,-1.0031940635976495,1.1050456196007419,0.4117059503601017,1.2978026161277147,0.7133741297612541,-0.606082109837835,1.357213336384602,-0.8598699510432187,-0.8007503202790929,-0.5220307794904515,-0.08458205761933026,-0.5605696322757617,-0.7910682597479163,-1.0945585420250417,-0.728375060954584,-0.9979532363586869,-0.9381911455531051,0.0051618251252043045,0.5728670973845897,0.7192112130148905,-0.0647368131630805,-0.5363722402842841,-0.8769950965056176,0.47161139053935697,0
-0.2263982671988458,-0.514321906681944,1.0038746524609323,1.478524768348486,1,0,0,1,0,0,-0.7479204827314877,1.651310386188572,-0.6047967952025805,0.20797152045214415,0.6797739475773028,1.1092483847001,0.18439878344075844,1.0004798208118943,-0.13634998997688927,0.23387860440024758,-0.20044373127197107,-0.8496845112051814,0.026579530491574403,0.8656461055658529,0.9020769796961766,-0.2261454803980007,1.5107266554924088,0.7266760359001335,0.3871222082195544,-1.5428114248521114,0.6085323919459944,-0.4695090365997479,-0.04085939436289057,1.1820557851646405,0.9700443806212279,1.5428114248521114,-0.3871222082195551,0.2152602778598393,0.11577027848446049,-1.637730384838808,-1.4781478160953823,-0.9379960693921812,-1.3166894836296663,-1.2804235184154193,-1.5375038958772762,-1.5965304167638241,0.77843026520473,-0.2553016945782196,0.6894030558957865,0.5599008260181015,1.0407503882731821,0.6014499566897238,-0.12479618717266176,-0.7656567202776299,0.5953280020465953,0
0.2619067175886707,-0.6946962684821769,0.27967722576327125,-0.13478617003801185,1,0,0,0,1,0,-0.7353015457273552,1.485590843856675,-0.8094876978806327,3.1243657739978388,-0.46758293208315554,-1.2720527167220685,2.237978577837865,-0.3933106057679736,0.6353348180947098,0.7292350476715205,0.8606357949729655,-0.5791769916869216,-0.6583362841614345,1.9718189683053418,-1.481848385376895,2.2689382521128425,1.3826542025359785,2.6672279974852398,0.10398440440281079,-0.8930588049066626,-1.1417454110260863,-0.9446520326468901,1.411540147624673,0.38586673601767996,1.485160321804976,0.8930588049066626,-0.1039844044028115,1.0229831729139398,-1.6103624352952797,-1.637730384838808,-0.4703487775118068,0.06903246449978255,-1.726254403113031,-2.0144564064166746,-2.2572900958871576,-0.8523972546416179,-1.1367331974183288,-1.0140677512169813,-0.615216890773458,0.14498014229048395,0.2961333508329291,-0.5723076854318833,-0.8656330827735822,-1.266679413303576,-0.20882997275045564,1
-0.04649643069818187,0.43908543426214564,1.0038746524609323,-0.8681093238500562,1,0,0,1,0,0,1.0439685718553235,-0.6268972168162469,0.5465895323614635,-0.5228629918947234,-0.211064672835646,-0.07804822079771365,1.4536755627245048,-0.7587318070676707,0.40445040792831544,0.576109267385712,1.179204066986959,1.0086109079230468,-1.2336473231450613,1.3011930062847197,-0.05166328180841286,-0.4190500212348019,0.11152888662284641,-0.37970267689410614,-0.088318892712161,1.4632185846289987,-0.721234535965016,0.989628074873884,-0.9740021151178664,-0.6676963179324971,-1.9037288005977127,-1.4632185846289987,0.0883188927121603,1.3293608227620468,0.04072103005925432,0.2909628074074919,0.020630241285320403,0.06903246449978255,0.1325402314653172,0.02452383803125581,0.06817301183707392,0.07776919801113909,-0.7203933142394032,0.8069707847160468,-0.25028823436248077,-0.6978274965312384,-0.8884846632765624,-0.6992004034990842,0.4514102871836102,1.5167799923961247,-0.20882997275045564,1
-0.9460056132015023,0.38754990231922204,-0.15484123025532542,1.0385308760612593,1,0,0,1,0,0,0.009215737516460692,-0.40303046664859626,3.719298523871273,-0.7473790574454634,1.0918674567707096,0.2676317325167157,-0.7301583025500974,0.29005672197610055,0.3130794395752303,-0.6977498487388674,-0.7362306435981596,-0.980159264224226,0.41885053567900965,-0.7772013396973932,-0.5535257243987409,-0.041625445768402144,-1.0648544083052145,-0.9875534975483968,-0.7989105922128035,-0.5444705351245722,0.23873247257815097,-0.9526218732279939,-0.46981964077720784,-0.11327637262558228,-0.007017884380448946,0.5444705351245722,0.7989105922128035,-0.7595776989295921,-0.5596729573423944,-0.16391766246191838,-0.1602567656399366,-0.5624939042121272,-0.24551969421163483,0.10608304780917345,0.5664865349208381,-0.4803306735805153,0.25106641317809053,-0.8623145398892288,0.14201007127932075,-0.127311556405765,-0.1607907403235886,0.6014499566897238,0.5337254978059351,0.29205785388825667,-0.023255055489598248,1
-0.894605088487027,0.8771374557769975,1.4383931084795292,-0.13478617003801185,1,0,0,1,0,0,0.6275436507189519,-0.5565390953349852,-0.13144908275958464,-0.34406024896900517,-0.47903151903866503,-0.16212044747703153,-0.33826471656217133,2.805998421224895,0.8923339585949065,-0.9382941155826686,-1.507199117070486,-0.9157961351523028,1.5231362132267299,-0.4570616050896538,2.42218632547181,1.1662108847102532,-1.432690919755464,-2.01362382101049,-0.38241077935194306,-0.8697663470174435,0.01367475224293494,-1.424827805673174,-0.047920944578969095,-0.1530569749074627,-0.0064790724186029516,0.8697663470174435,0.38241077935194234,-0.2582324537235989,2.81754322179188,0.9186978558272787,1.4548057961927168,0.683490552976235,-1.411204465048904,1.9819448727012692,2.5043724580243647,0.3258135853852078,0.27882240539001907,-1.1658209625447336,1.1090710107684099,0.9099901529132779,0.7869036709640054,0.9504049313745251,1.0276167615398821,0.6260729825722207,0.7190446135538346,0
0.6988111776617119,1.0317440516057692,0.27967722576327125,-0.13478617003801185,1,0,0,1,0,0,0.3499270366280375,-0.48792539008879626,0.6105554394483548,-0.5500595256083439,0.12143328265433484,0.04984889000167418,0.8171351126798654,1.7791971789413776,-1.1989136887881973,0.8028753984015665,-0.21574723643318613,-0.34861955871010664,0.11494448127753112,0.5949214496499201,1.4131481814568068,-1.5930107592559333,1.3590207021199818,0.031025576814345205,-0.4291756706205317,-0.04982429368856782,-0.5418077627109116,-1.0263431384178625,0.0381329927395393,0.26294879860401865,0.31077241091288377,0.04982429368856782,0.42917567062053097,0.2152602778598393,0.7912135143113154,-1.028190555213798,-1.5815118200526717,-1.091610591511294,-0.2140147004052217,-0.7910682597479163,-0.7069813574043363,-0.6043528672675491,-0.22078545442469194,-0.6346847228976005,1.6290943461540526,1.4027084648398238,1.446905135967865,1.2359135470257274,0.03983423407198747,0.013711913318286572,1.4613442825972665,1
0.31330724230314594,-1.1842838219399534,-0.4445202009343899,-0.4281154315628296,1,0,0,1,0,0,0.11016723354952047,-0.4228005173127524,2.260875842290151,-0.7016657348204416,0.7652564943021036,0.21709895797010442,0.19592014198309599,-0.23993013999911533,-0.5537591235822783,0.5918130861619592,0.8015133943167355,0.5264121018192549,-0.7397807171335434,-0.31934318083027774,-1.0543256684651583,0.15005793977184942,-1.0308309967863383,-0.8324963193607452,-0.01835909107355938,0.7361716451058063,-0.5915156702322403,-0.726888662803437,0.9078010309155938,-1.821655669560793,-1.8547772910984646,-0.7361716451058063,0.01835909107355796,-0.17467491285593337,-0.8598699510432187,0.6275743551108558,0.6149732640397371,0.13730558544161034,0.25856020669096863,1.0032343553662626,1.1201682272361313,0.07776919801113909,-0.6688464715601076,-0.8297959946047105,-0.6243401071837319,-0.10137901367278856,-0.8062866786240673,-1.5375987193002316,0.8512270244920437,1.445205321963847,-0.8097392286427579,1
0.544609603518286,-0.7977673323680251,0.27967722576327125,0.5985369837740325,1,0,0,1,0,0,-0.21792512855792381,-0.2931322438390223,2.8109826432374163,-0.7213398230388054,1.1523114861183767,0.3320274806115123,0.8050135162716071,-1.1805139969337035,-0.2211130337734374,1.795570011067425,2.222641197456976,3.061542484149951,-0.04429688547518296,1.0871665948496985,-0.6978598940855508,-0.7643873452914113,0.05949053819926149,-0.07327522268826048,-0.3925077445122049,4.56486320263511,-0.033106838696864004,0.9211917866396904,-0.4658666402845425,-2.3667094451093624,-2.961081405781513,-4.56486320263511,0.39250774451220416,0.18740776423728422,-1.1600669447440433,-2.1290012922977706,-2.08541133934446,-1.9620928835196014,-1.0961545269847772,-0.8726274695258333,-0.8177176958673952,-1.8445748041378918,-0.19302946221276363,0.5793409677244183,-0.6243401071837319,-0.7496925819971905,-1.531563013793144,-1.175048096251087,-1.853415610241477,0.5704037944582268,0.7809029193074537,1
0.5703098658755232,-0.978141694168258,-0.8790386569529866,-0.13478617003801185,1,0,0,1,0,0,0.6023057767106869,-0.5542132070215552,0.11162136417060241,-0.42102065288201657,-0.278208395179635,-0.10085504824795413,-0.7693445235717792,-0.9468572740017682,2.139693980476206,-1.2898195833753563,0.06194944187325378,0.6100593669530403,0.060979574568797865,-1.176864835189331,-2.08834031080233,2.381175482451476,-1.5277049454361364,-0.5385060139046236,-0.05671543019588151,0.888297888345227,-0.10611718879703522,-0.7924621554868507,-0.5321816313079981,0.22761697212393844,-0.606283619355832,-0.888297888345227,0.056715430195880795,-1.17736540326792,-1.9856086774213102,-0.6733837887156574,0.5503707615664309,-0.135786898325702,-1.6947494093066184,0.18764225758709038,0.2342775195316623,-0.8523972546416179,0.0012624832707351544,-0.6346847228976005,0.4704458620491997,0.10608132819102022,0.19459466390925928,0.030432725387320277,0.36909507656128593,0.9600881112561845,0.5334696962929761,0
1.4698190483788447,0.6452275620338409,-1.8929150543297122,-1.161438585374874,1,0,0,1,0,0,0.2868323516073751,-0.475714476443288,-0.016310450003180245,-0.3984533163962463,-0.20811275238469068,-0.05792454951808968,-1.4015295359963047,-0.14548551466268583,1.863206166689797,-1.3693364364997094,-0.48161011713816204,0.6640576194989318,0.3865393615956876,-1.1846407646175126,-0.32782350140776056,1.5139889721614876,-1.0799409890444212,-0.3853073184984433,-1.3293007493813815,2.224079690007157,0.7651818430051172,-0.12872295255051425,-1.0256523391585894,0.7790341850752207,0.24993913707042678,-2.224079690007157,1.3293007493813809,-1.2052179168904753,-0.5596729573423944,-0.8826288048555859,-0.05689276168264715,-0.47715250303484213,-1.3796994712424915,-1.0357458890816678,-0.5962450189412776,-0.6043528672675491,0.1400424443303771,-0.6346847228976005,-1.6370171287241937,-1.7999605626827215,-1.4638705558440304,-0.667477223982284,-1.853415610241477,-1.32234860141757,-1.2604211705619852,1
-0.35489957898503444,1.9851513925498596,0.27967722576327125,-0.8681093238500562,1,0,0,1,0,0,0.33730809962390496,-0.4873439180104387,0.2651395411791416,-0.46210477827918806,-0.0476781353995429,-0.01767720695884177,0.34053216729853625,1.875716848386658,-1.1460974359202982,0.4921405666119987,-0.04980622341540934,1.2824728204097147,1.1554926592812782,-0.6918887771638728,2.7670370819106296,-1.5299540535190281,-0.8300096460917643,-1.482340618440909,0.26157180591549306,1.4897162350650546,-1.164845381966036,0.19747676553610286,0.029297313814247366,-1.4878735122743925,-1.3824665699689702,-1.4897162350650546,-0.2615718059154938,-0.5924626171942612,2.81754322179188,0.381938901381374,-0.5091102789957901,-0.7843815472730677,0.7941451013999841,2.145063292257104,2.172163442635189,-0.046252995675895824,-1.2200011740541141,-0.2553016945782196,-1.235595606672119,-1.0349505520599276,-1.4638705558440304,-1.1116017372174867,-0.7010026615289333,-0.04195727479570725,-1.2604211705619852,0
-0.04649643069818187,0.33601437037629844,1.0038746524609323,0.3052077222492148,1,0,0,1,0,0,1.0439685718553235,-0.6268972168162469,-0.7455217907937414,1.2090354209747733,-1.8589007776364006,-1.4164959572402582,-0.3959455309404787,1.0053431449167287,-1.768989084299078,-1.2550346269073884,-2.5123432720009338,-1.3928067123001364,1.4959356257754859,1.2243882235269004,0.019065359190039967,-0.403014690358278,-0.04267762346839385,-0.5237563258439141,-0.7703150826731027,-1.1356331163529647,1.773966185577339,-1.3607657587431017,2.0132764425004672,1.653152411989537,2.7548231867475854,1.1356331163529647,0.7703150826731019,1.07868820015905,-0.03432821836595151,-0.1457224436671417,-0.3282232720705331,-0.32353798091572933,-0.2140147004052217,-0.46483142063624716,-0.1532996650890431,-0.29429738304996345,0.8339422496285867,-1.5452039908641146,-1.7191260764166634,-0.6589286824317738,-0.025405824425361403,-1.6508957890030895,-1.7711003996191523,-2.213055611241474,-0.9511296417938885,0
-0.9460056132015023,0.8771374557769975,-0.15484123025532542,-0.13478617003801185,1,0,0,1,0,0,0.009215737516460692,-0.40303046664859626,-0.13144908275958464,-0.34406024896900517,-0.11770478579742755,-0.04406157596990429,-0.7425190401514428,0.3946751450440692,0.3704161186682802,-0.9100545512761598,-0.9001631868947251,-0.9974981973477893,0.7433343250510952,-0.9084686850193961,-0.7981719209177466,0.13454820615535082,-1.1237803935790895,-1.0346547300284867,-0.7099870034754222,-0.656312104546159,0.12475959433674323,-1.3412951312227706,-0.37116327182637715,0.11510358543652952,0.1601172646537905,0.656312104546159,0.7099870034754215,-0.9266927806649233,-0.8598699510432187,-0.50962681956267,-0.3669847735545164,-0.767313267037611,-0.6235796198885869,0.10608304780917345,0.5111183656893089,-0.8523972546416179,0.25106641317809053,-1.1658209625447336,0.5525548097416701,0.2616765845888761,0.2961333508329291,0.8235122133073248,0.5337254978059351,0.23638866577426285,0.34789477903211874,0
0.6988111776617119,-0.3339475448817109,0.27967722576327125,0.3052077222492148,1,0,0,0,1,0,0.3499270366280375,-0.48792539008879626,-0.2593808969333673,-0.2740436408977693,-0.46758293208315554,-0.16346202556233977,0.48877400364644547,2.196887639686012,-1.588584967040438,0.8504110081283963,-0.19111505542230214,-0.08150130877370679,0.24121361552248138,0.5046681265486241,1.9375501028886157,-1.4525858520399673,0.841944855039789,-0.1509563729838394,0.1590389773671773,-0.26889098598050765,-0.17539370442462784,-1.0743020711549838,0.7119401734010682,-0.3139923021077349,0.10107941514845338,0.26889098598050765,-0.15903897736717798,0.15955525061472892,1.2415090048625523,-0.973604898829468,-1.4781478160953823,-1.1428154322176651,-0.15100471279239655,-0.22015379130249568,-0.319404172783631,-0.790386157798101,-0.3595654154843339,-1.1658209625447336,-0.8250508682097696,-0.37367071236903754,-0.4654068010946016,-0.857816301083085,-0.5363722402842841,-0.7099875321636356,-1.0129879475475077,1
0.544609603518286,0.3102466044048362,0.27967722576327125,-0.4281154315628296,1,0,0,1,0,0,-0.21792512855792381,-0.2931322438390223,0.09882818275322415,-0.4181274046146101,0.26890742318917826,0.09769850837766893,1.0279674412521307,0.37461494009807217,-0.6379298225098115,0.8701855754094603,0.5734790299847863,-0.01161904125229617,-0.7317132305971019,1.3111463846358804,-0.62549020640131,-0.8569922791683994,0.5070503540601236,0.3075635758800684,0.19034451885672046,-0.2046283627832927,-0.11933173180159111,-1.1407731195640418,0.010876845602564798,-0.6727821212369612,-0.4452748562148425,0.20462836278329197,-0.19034451885672118,0.38237535959517033,-1.0850176963188372,-2.019829979529112,-2.0337293373658145,-1.7914100811650315,-0.9071245641463012,-0.8726274695258333,-1.0391903727935126,-1.8445748041378918,-0.05424950115312168,-1.0140677512169813,0.2879815338437111,0.2487103132223888,-0.0423289389126401,0.2524949820049213,0.7806711296729086,0.7374113588002092,-0.08511336124321738,1
-0.6119022025574117,-1.4419614816545723,2.452269505856255,-0.4281154315628296,1,0,0,0,1,0,0.3751649106363024,-0.49257716671565654,0.48262362527457214,-0.5130259477855414,0.047689660727268074,0.017651015954275845,1.297790910985524,0.23921207290823182,1.4788551569978612,0.7160649105186434,0.7094182822150699,-0.3762868101492529,-1.0643743245945079,1.0796116607611361,0.5111688668912289,1.4644356236365297,-0.086413939519671,-0.34393814236988896,-0.5008818372323651,-0.016441821794354616,-0.7258746027026067,0.18375167220847508,-0.5500279694355384,-1.0530440806575447,-1.2580671652210795,0.016441821794355316,0.5008818372323643,1.0229831729139398,0.491016520610491,0.05442496307539909,0.8087807714596554,0.7346953936826055,-1.5687294340809674,0.02452383803125581,0.2896456887631914,0.015758101167622184,-0.6371253376036178,0.27583454506891375,0.3062279666642602,-0.03654765684034838,-0.44848368660732285,0.2207718024881207,1.6861384465184783,1.8507951210800897,0.22417816752487937,1
0.72451144001895,-0.978141694168258,-0.8790386569529866,-0.13478617003801185,1,0,0,1,0,0,-0.4576849316364408,-0.011699757913975716,0.11162136417060241,-0.42102065288201657,0.6005923122246085,0.31637573628291593,-0.2681898316530715,-0.12577099065494526,0.11243619225084447,-0.5566958400365515,0.22367845828920022,0.3584626730041265,-0.4452336660187544,-0.2953968475437119,-0.5790772999635578,-0.4344112451266396,-0.1690043782025444,0.017749676997417738,-0.3224700655433951,0.8087222172553705,0.07776743986716754,-0.4074822952164871,-0.5902454483331425,0.5844783164429035,-0.2734638457506052,-0.8087222172553705,0.32247006554339436,-0.4253475354589299,-0.7097714541928067,-0.6642861793182697,-0.7675202888890147,-0.7843815472730677,0.006520256239666901,-0.46483142063624716,-0.3747723420151606,-0.4803306735805153,0.25106641317809053,-0.17942508891434333,0.7350191379471587,0.28760912732185256,0.5161338391675497,0.3476645205553221,0.36909507656128593,0.9044189231421907,0.8427612250610729,0
1.9838242955235992,1.4697960731206219,-0.8790386569529866,-1.8947617391869185,1,0,0,1,0,0,0.2742134146032426,-0.466992395267925,0.27793272259651985,-0.4707845230814074,-0.0038617372551029584,0.004682427796295961,-0.042737612789200984,0.2554644139725326,-0.7006451326847718,-0.15246801858001482,-0.5606735838228735,-0.033614090423063986,0.6011422629558213,-1.1693669304891932,0.20727909349566817,0.21342290637929728,-1.3279525120461975,-1.234752067262385,-1.2497103896622064,1.1936019387174324,-1.108989967782312,-0.14298527982167109,1.172274806615537,-1.1108005225028037,-0.4765919501928484,-1.1936019387174324,1.2497103896622048,-1.2330704305130304,-0.25947596364157,-1.2738260089432798,-0.9871687972982559,-1.381771355514063,-1.222174502210428,-0.6279498401920818,-0.09793149585751397,-1.2864749325462383,-1.1367331974183288,-0.4070549059059717,-0.8706669502611417,-0.2051091846046925,-0.6177148314801074,-1.175048096251087,-0.8656330827735822,-0.4316415915936655,-0.5799798072721716,0
0.8787130141623758,0.33601437037629844,-0.15484123025532542,0.3052077222492148,1,0,0,1,0,0,-0.11697363252486404,-0.348372091282988,-0.7455217907937414,1.2090354209747733,-1.2263655233388107,-1.2022906562860387,-1.1586887226236193,0.06808120768092772,-2.0669793029494903,-1.0429865136922554,-2.2051893834114957,-1.4624852022357437,1.747053017499095,0.14565817520180593,-1.32076266520641,-0.8119948555564097,-0.02691762898509544,-0.1705036177479558,0.41113096936191074,-2.4024100761280907,1.7567248068427384,-1.4165546382036487,2.0096534299996485,1.3823164319910328,2.7003906028182687,2.4024100761280907,-0.4111309693619114,0.24311279148239442,-1.1600669447440433,0.427426948368315,-0.08273376267196997,-0.08458205761933026,0.9201650766256344,0.5138790966987595,0.34501385799472056,0.07776919801113909,0.9449662184763004,-1.5452039908641146,-1.4545528005187045,-0.39960325510201306,0.1438253204474232,-1.3336639938350878,-1.5241547677521787,-2.213055611241474,-0.8892713360402683,0
0.544609603518286,0.33601437037629844,0.27967722576327125,0.3052077222492148,1,0,0,1,0,0,-0.21792512855792381,-0.2931322438390223,-0.7455217907937414,1.2090354209747733,-1.1268136304702063,-1.1598073502512771,-0.7089856289757576,0.6551753685374343,-2.311161719191721,-0.4833488301149399,-1.5366243672923134,-1.4141583216244156,1.2613705528323018,0.8127433580789207,-0.3917033785955159,-1.3898736025356007,0.6853738649672698,0.6069008399304275,0.7781220325379118,-2.700475243134003,1.7979453628441728,-1.291648600505778,1.7627465628619632,1.332578078760046,2.5902074816694296,2.700475243134003,-0.7781220325379125,-0.06326485836571254,-1.009968447893631,-2.3200510896429227,-2.460105853689636,-2.1669122463450856,-0.6865896075014126,-0.7910682597479163,-1.149926711256571,-2.0926191915119605,1.1392581639597994,-1.3934507795363622,-1.1078705769282764,-0.16621037050522874,0.36382580878204385,-0.9529858396334858,-1.1948939252628807,-1.9903788587854983,-0.5799798072721716,1
-0.6119022025574117,-0.3339475448817109,2.452269505856255,2.9451710759725747,1,0,0,1,0,0,0.3751649106363024,-0.49257716671565654,-0.6175899766199587,0.30344871327655676,-1.0776492079725624,-0.613337876835711,-1.1604305144937705,1.2778216646799985,0.013147738497153219,-0.8719912240459224,-1.3716834220825433,-1.8145801503370549,0.9357413521637666,1.137041142387626,0.6782494887555279,1.6623322573493944,-0.11345771703538463,-0.11560843870205051,-1.1334326641296226,-1.3507461849940225,2.7497249905409813,-1.074394887988634,1.6525102049469362,1.0655011574488262,1.6703864891906341,1.3507461849940225,1.133432664129622,0.8558680911786088,0.41596727218528484,-0.50962681956267,0.369483754641173,0.3079883877961804,-1.7892643907258567,-0.7910682597479163,-0.3747723420151606,-0.29429738304996345,3.4430055175498557,-0.7105613285614767,1.5196157492307591,2.3103474604939858,2.7499849514883055,0.15732544345452057,-0.37174181903963527,-0.9326642846196119,1.770635811365363,0
-0.3291993166277972,0.5421564981479937,2.8867879618748513,0.3052077222492148,1,0,0,1,0,0,-0.596493238681898,0.30229516439909276,-0.23379453409861076,-0.28908853188828276,0.6123395052897752,0.4558998571549754,1.2578347156027907,-0.42450355590591704,2.3241098540816023,-0.10738629577103298,0.6344957371779,0.3020330995969403,-0.6432866254540093,2.70206815707524,-0.8081827482955347,1.440995582946726,1.100729921982759,1.6385998145682614,1.5875602653373244,-1.1625858176247739,0.9508248739140094,-0.22697528301596995,-1.7290744368933293,1.2365369060550961,0.7748982579782856,1.1625858176247739,-1.587560265337325,3.4182993444536853,-0.40957446049198204,1.5282376854522888,2.191274324388407,2.680479340524704,0.29006520049738066,-0.05703537174666111,-0.7069813574043363,1.6900577159425842,0.08453045990652028,-0.8623145398892288,-2.1570404641098357,-2.4612404023736114,-2.005410219436941,-0.44541496736468245,-0.7833178721512579,-1.266679413303576,-1.940862533851798,0
-1.0231064002732158,-0.35971531085317227,-1.6032360836506476,0.3052077222492148,1,0,0,1,0,0,1.5865828630330199,-0.6722520389281346,0.36748499251816774,-0.48930131199280863,-0.46758293208315554,-0.13886642733168827,-0.5979945920502081,-2.574411214994977,1.515287391039319,-1.9555865843030278,-0.6240688248184885,0.4624682879717113,1.0791182915173045,-1.573590010903091,-0.9037375490941824,0.5051721653379361,-3.5759626982974093,-2.5483690709316926,0.6912331826893887,-0.05480506810446019,-0.7407865608006274,2.628115747783656,-1.563799318432113,-0.9039920871959908,-1.6766663613347885,0.05480506810446019,-0.6912331826893894,-1.5023113955310639,-0.9349191994684248,-0.4338134079177687,-0.12149526415595328,-1.512628170652567,-0.4555529862543859,2.4984865346280776,2.227531611866718,-1.720552610450858,-0.6926373220274746,2.476256109321323,0.041654690766301246,-0.7756251247301669,-1.0407926936620688,0.37938770007212164,2.0153992890077768,2.1848102497640536,-0.3944048900113141,1
0.030604356373531493,0.4648532002336079,-0.15484123025532542,-0.8681093238500562,0,1,0,1,0,0,-0.016022136491804253,-0.3855863042978702,0.57217589519622,-0.5257562401621299,0.34687626193787247,0.1097727111454433,0.14687450809139774,-0.6501291064382656,-0.0979665407122986,0.639124241756684,1.149529024891084,0.7444290469007975,-0.95618812559709,-0.6439486024867033,0.08802374719496615,-1.0791795898244054,-0.012249817451149066,-0.2528142362431949,-0.663442976312604,1.6733070988005785,-0.8476584350128117,0.9805028591727585,-0.9505478690383855,-0.8755623270489644,-1.7412679270446585,-1.6733070988005792,0.6634429763126033,-0.7038726716844818,-0.10937746679115769,-0.555114866549611,-0.9871687972982559,-0.9379960693921812,0.29006520049738066,-0.46483142063624716,-0.2086678343205727,-0.4803306735805153,-0.8314172830871166,0.8069707847160468,-0.23204180154193166,-0.671894953798262,-0.939254006738398,-0.4136917878478824,0.12214944469431245,1.2384340518261547,-0.08511336124321738,1
-1.1773079744166424,-0.978141694168258,0.5693561964423357,-0.13478617003801185,1,0,0,1,0,0,-0.48292280564470574,0.005162932358392776,0.03486227566633282,-0.41060495911935335,0.5918732820097953,0.3212948559290462,1.4786382549510442,0.5071512297204152,0.5372754956194604,0.6949609478414572,0.9482443445352007,0.8976767810218451,-1.2722372903724974,2.334583272788514,0.04743603457001953,0.5935535022377727,1.6281615549766517,1.4325995221845689,0.9153149533513734,0.3165258375355961,0.27660561105917003,-0.648560600604943,-0.13800957368002667,0.6756097218176801,0.165890511463885,-0.3165258375355961,-0.915314953351374,1.4407708772522676,-0.40957446049198204,-1.3557044935197728,-0.8967252938356269,-0.2894014204448148,-1.3166894836296663,-1.3619827281933365,-1.7589765728033937,-1.2864749325462383,0.3898463742377325,-0.482931511569848,0.5069387276902979,0.35244048415429274,0.6176725260912207,0.12560226393772106,0.4514102871836102,0.6817421706862145,0.6571863078002155,1
-0.8689048261297889,1.0317440516057692,0.27967722576327125,-0.13478617003801185,1,0,0,1,0,0,-0.06649788450833415,-0.3506979795964182,0.6361418022831113,-0.5500595256083439,0.417435982770952,0.15538636604592426,0.14410149435274114,0.8185385248910391,-0.12323624090691038,0.22235037075687736,0.30050244050369734,1.0619357209194211,0.885608736872702,-0.274212929895244,0.2896811168166745,-0.32206775826106865,0.5014323822692879,0.7299254155921483,1.713046056908035,-0.2506245554141756,-0.47436696431572767,-0.8332736299541501,-0.15517896719791754,0.19683076074655867,0.32196220981955936,0.2506245554141756,-1.7130460569080357,-0.3974950218363748,0.04072103005925432,-0.6187981323313287,-0.6770767854263857,-0.4600842227993849,0.1325402314653172,1.0847935651441794,0.2896456887631914,-0.728375060954584,-0.1375174777889068,-0.4070549059059717,1.6655872117951496,1.3119445652744073,1.3284433345569153,1.5531453421937294,0.28677986593896093,0.18071947766026855,1.4613442825972665,0
0.23620645523143258,0.6709953280053031,1.0038746524609323,-1.161438585374874,1,0,0,1,0,0,2.6718114453884123,-0.7234215818235976,-0.0035172685858019803,-0.3984533163962463,-0.9479813008534868,-0.24842863763186315,-1.2928324725926972,-0.7496683470640135,1.4056631462097486,-1.1117558422144151,0.008935874924943675,1.119429151125808,0.48394459682093593,-1.0921541600213671,-0.6401425237092353,0.5644278343957801,-0.759551426795789,-0.29405525466436416,-0.5796783524084306,2.1016857808501404,0.7064474559385454,0.3876626055859419,-1.3543930705079552,0.7487522254395975,-0.29870479801398553,-2.1016857808501404,0.5796783524084299,-1.1495128896453646,-0.8598699510432187,-1.06458099280335,-0.6512357844370638,-0.8867912286858101,-0.9386295579527137,-0.38327221085833024,-0.1532996650890431,-0.9144083514851348,0.16779843654230542,-0.17942508891434333,-1.4271831512878814,-1.7740280199497451,-1.4469474413567518,-0.667477223982284,-1.5241547677521787,-0.8769950965056176,-1.2604211705619852,0
-0.3291993166277972,1.9851513925498596,0.27967722576327125,-0.8681093238500562,0,1,0,1,0,0,-0.19268725454965888,-0.3099949341113908,0.188380452674872,-0.4505317852095623,0.3013116423034167,0.1097727111454433,0.7782389072236382,-0.9559452817451558,0.660139907917908,0.484987198104902,0.7667789441236773,0.7937874171628693,-0.5475897243800701,-0.09346086316191078,-1.0532888556774667,0.6789887945742814,-0.7395838507767022,-0.44257683080857,-0.49529816032406576,1.573862047610503,-1.1755451381856055,0.2569032462127472,-0.22011511182417298,-1.3885451021833692,-1.4289403157935054,-1.5738620476105036,0.4952981603240644,-0.3139374809687093,-1.1600669447440433,-0.9190192424451392,-0.4703487775118068,-0.71610842633123994,-1.0646495331783645,-0.6279498401920818,-0.4855086804782194,-0.9764194483286528,-1.2200011740541141,-0.17942508891434333,-1.1534866589796486,-1.0738493661593913,-1.4638705558440304,-0.9847090191502859,-0.6186874509066087,0.1250502895462747,-1.0129879475475077,0
0.33900750466038404,-0.41125084279609675,-0.4445202009343899,1.0385308760612593,1,0,0,1,0,0,0.6527815247272168,-0.5565390953349852,0.86641906779592,-0.58419985516374,0.0772976476101119,0.023464520990611654,-0.26833309153578333,-2.201985879214414,1.1935056529847907,-0.0017934804366963606,0.9024247432575286,1.134136736373346,-0.07246337279857794,-0.08055744450177983,-0.9162365794425521,-0.29808825218561547,-1.1548043394683132,-0.62944670289581806,-0.12752713319093578,1.6733070988005811,0.29263164636543887,2.10442903239373,-1.9311121562313551,-1.142661338828513,-1.7877285568752472,-1.6733070988005805,0.1275271331909351,-0.17467491285593337,-0.9349191994684248,-0.38226028799923456,-0.4703487775118068,-0.8697229484503528,0.19555021907814235,0.35076067714292497,0.4557501964577793,-0.6043528672675491,0.08453045990652028,1.5910290432427672,-0.6243401071837319,-1.4412270548765527,-1.7007941586659285,0.19962301614358732,-0.48149543320273464,0.3848398340782469,-0.8686519007890618,1
-0.6119022025574117,-0.9523739281967958,2.452269505856255,-0.13478617003801185,1,0,0,1,0,0,0.17326191857018283,-0.4478038166821264,0.06044863850108935,-0.41291955773327854,-0.08065639712306966,-0.0252794827755886,1.7060560420602089,0.5439223198059083,1.06814422599896,1.0815850263619966,1.1055529914122393,-0.8259190737927868,-1.4603975744335855,1.5170426227553664,0.40630869124745833,1.65559442907283,0.18510558673810842,0.4737353661535265,-1.5627658045576254,0.42347698798565403,-0.8565013426043515,-0.33951932639586396,0.2035237963161583,-1.2776040613770558,-0.9747626544187616,-0.42347698798565403,1.5627658045576247,1.0229831729139398,0.04072103005925432,-0.8826288048555859,0.007709740790658993,0.08610074473523979,-1.6947494093066184,-1.4435419379712537,-1.0391903727935126,-0.5423417704240322,-0.8869292675109735,-0.482931511569848,-0.5696008087220858,-0.38663698373552574,-0.8377153198147269,-0.5723076854318833,0.2044646553166367,0.45906541823023866,-1.0129879475475077,1
-0.8689048261297889,-1.0296772261111817,0.5693561964423357,-1.6014324776621007,1,0,0,1,0,0,-0.785777293743885,2.1804499774939283,1.5956304085864812,-0.6663681059580829,2.53702322101846,2.191901899543869,1.4579095118991117,0.769267974090174,-1.151284236541233,2.7053524831218136,1.2154283942018558,-0.18334377879303204,-2.025921621683601,0.47173613207259074,-0.16128425399986382,-0.9613033506297293,0.7058555351802429,-0.0920431491808589,0.6912331826893887,-0.9356157016516281,-1.5559054808785835,-1.217415461428124,0.6078269599609348,-2.954842403988531,-1.6699786596705175,0.9356157016516281,-0.6912331826893894,0.32667033235006016,-0.25947596364157,-0.3458698504096825,-0.7675202888890147,-0.47715250303484213,0.038025250046078915,0.2692014673650073,-0.04256332662598434,-0.728375060954584,-1.5114390922793621,-1.317574173872486,-1.0120768046203952,-0.5876141899160899,-1.6161785862295364,-0.6198924547070837,1.8507688677631275,1.4054416161681371,-1.8480750752213686,1
1.0329145883058024,0.6709953280053031,-0.15484123025532542,-1.161438585374874,1,0,0,1,0,0,0.6401625877230843,-0.5553761511782702,-0.0035172685858019803,-0.3984533163962463,-0.3782771920068415,-0.11918994874716707,-0.7374988026146505,-1.089687527306576,0.8347815786177537,-0.8104778880563239,0.1167614822371561,2.003417737461901,0.3810060501423846,-0.46859627058642783,-0.755335185398059,-0.2519091721849119,0.12070958004186533,0.24353540138885563,0.5791922973583978,2.1579869790623674,0.5572941654785596,0.7389521215570363,-1.394318807336778,1.2145968923660595,0.0859692737219476,-2.1579869790623674,-0.5791922973583985,-0.20252742647848845,-0.40957446049198204,1.273504622325418,0.9250652759116064,0.9395147565080901,1.3297299961089997,0.5954383064766764,0.34501385799472056,1.0079356506638961,0.08453045990652028,0.12408133374116129,-1.3359509871851372,-1.7221629344837932,-1.2607931819966884,-0.5088613263982832,-1.6887851889968277,-1.0996718489615938,-1.136704559054746,1
-0.12359721776989524,-0.2824120129387873,-0.8790386569529866,-0.8681093238500562,1,0,0,1,0,0,-0.25578193957032125,-0.2762695535666538,0.4570372624398156,-0.5095540498646537,0.5193290721803308,0.18132354236188405,1.0962223079319189,1.076550301075827,-1.1646139919222473,1.1138140889239179,0.2652745709359492,0.14878510704048142,-0.34907617252377104,0.5929013415035853,-0.12358547148731482,-0.7986371946106335,0.5284533860776223,-0.13249470814306877,-0.49529816032406576,0.6941558255444424,-0.9319037697021072,-1.6014042859053812,0.7895129814511381,-0.9806856452203542,-0.4742252287940656,-0.6941558255444424,0.4952981603240644,0.24311279148239442,-0.40957446049198204,-0.9372144612399159,-1.1551353037288514,-0.9209277891567239,-0.4660546508565234,-0.6279498401920818,-0.4855086804782194,-0.9764194483286528,-1.0812212129944723,-1.6969572021918669,-1.554908181031724,-0.996051737960463,-1.2607931819966884,-1.4288335323854886,-0.6186874509066087,-0.3759724034796717,-1.5078543935764617,1
-0.8689048261297889,0.026801178718756015,0.5693561964423357,-0.13478617003801185,1,0,0,0,1,0,-0.785777293743885,2.1804499774939283,-0.029103631420558513,-0.38109382679180764,1.8240378983334493,1.971435900858211,0.7919971970346705,-0.31074253982255934,0.2726559087759225,0.6763376014974539,0.23109158571416902,0.09247957750930537,-0.17005145238834407,0.2657742005454179,-0.16453485155528683,-1.0621079754063318,0.7344040922242883,-0.07881296682087645,-0.04053384962865217,0.16633209230480636,-0.8357329321630345,0.26167648557889267,-1.4400458473043924,-0.1854659395649916,-0.37737590176309677,-0.16633209230480636,0.04053384962865146,0.0759977097470634,-0.3345252120667762,-0.5824076947417753,-1.0000892977929163,-0.6990401460957827,-0.05648973137315825,-0.30171300108041293,-0.319404172783631,-0.728375060954584,-0.8036612908751883,0.19995793940503753,-0.11343998820836432,-0.8274902101961188,-0.8377153198147269,0.9504049313745251,0.03983423407198747,0.1250502895462747,-0.2706882785040748,1
-0.35489957898503444,-0.12780541711001567,-0.4445202009343899,-0.8681093238500562,1,0,0,1,0,0,-0.5081606796529707,0.0871504954068051,-0.2721740783507456,-0.2723076919373254,0.3642766712629019,0.2774699718089763,-0.2460731463189702,-0.16423818574436583,-0.12578231898509115,0.09365383600112182,0.5179661490288867,0.5043518153713556,-0.5378745814293534,0.08052957071777701,-0.46541600505615555,-0.9583609840246576,0.6804492498168555,0.5718890246886462,0.6912331826893887,0.002319067851812721,0.42263489825129036,-0.2408214726434258,-0.7911117211785683,0.5482015378610372,-0.11504303818779436,-0.002319067851812721,-0.6912331826893894,0.02029268250195297,-0.4846237089171882,-0.18211288125669506,-0.6383152839424023,-0.3576745413866426,0.7941451013999841,-0.22015379130249568,-0.5408768497097485,-0.29429738304996345,-0.026493508941193386,-0.6346847228976005,-1.3633206364159602,-1.488770049887009,-1.2269469530221315,-0.794369942049485,-0.5363722402842841,-0.5986491559356475,-1.6934293108373202,0
0.5960101282327613,-0.87507063028241,0.27967722576327125,0.5985369837740325,0,1,0,1,0,0,-0.4955417426488382,0.07552105383965442,-0.8094876978806327,2.1724870940211187,-1.2683081885176524,-1.620863018902217,0.9523725902872276,0.6088517837293727,0.7013163120887854,0.4332118943334034,1.121529847285189,1.3064660683467995,-0.6307150751079861,1.7207902651875102,0.8569374078437736,-0.6470585972080863,1.365849150077617,1.1512290221095474,1.98370482418619,-0.18555039652161812,0.3950960874083881,0.022792902586742755,-1.6089543809617985,0.7691113160056376,-0.33409265793491333,0.18555039652161812,-1.9837048241861908,1.4407708772522676,0.641115017460903,-0.3458698504096825,-0.6124742829530796,-0.08458205761933026,0.4475901695294441,0.02452383803125581,-0.762349526635866,-0.6663639641110671,0.11228645211844858,-0.2553016945782196,-0.8250508682097696,-1.436904964421056,-1.1084851516111824,-0.033013633646279864,-0.20711139779498602,-0.32030321536567735,-1.2604211705619852,0
-0.12359721776989524,-0.9523739281967958,-0.8790386569529866,1.7718540298733036,1,0,0,1,0,0,-0.25578193957032125,-0.2762695535666538,-0.6047967952025805,0.2947689684743374,-0.5595850262298758,-0.4402743038309449,-0.8910493230173092,-0.20800746425095815,-0.7915736725028941,-0.0031642541265312196,-0.6677650470434642,-1.7444870017192549,-0.19495869618997877,0.5251091759914627,-0.679924595346629,-0.6761463807940375,0.8328084916456264,0.22998559569910595,-0.4157307643808121,-1.9669554962053912,1.7637086756790645,-0.39563676105432216,0.40264582279683353,0.8300733475684828,1.0926634367301387,1.9669554962053912,0.41573076438081064,-0.007559831120602114,-1.009968447893631,-1.5558519002623137,-1.594432320547333,-1.262293393865864,-0.9071245641463012,-1.1173050988595852,-1.0945585420250417,-1.658541513607341,1.4445740782910115,-0.482931511569848,-0.39625969692687113,-0.1402778277722523,0.19459466390925928,-0.2233527107470814,0.5337254978059351,-0.32030321536567735,-0.45626319576493324,0
-0.8689048261297889,-0.9523739281967958,0.5693561964423357,1.7718540298733036,1,0,0,1,0,0,-0.785777293743885,2.1804499774939283,-0.6047967952025805,0.2947689684743374,1.048156237724814,1.4491148329781935,-1.0170446954306747,-0.09440408874007485,-1.3863913647018264,-0.18313438325480533,-1.0703890339822302,-1.7221343354546694,-0.14109641952331367,0.4040114436861643,-0.22519860073896575,-1.4517156173332006,0.6329505423983446,-0.4172135403011855,-0.11623388745465664,-2.2335064814914083,1.817908880818885,-0.09602644009059602,0.43640924743359677,0.8750256599908239,0.9842303494350647,2.2335064814914087,0.11623388745465593,0.02029268250195297,-0.5596729573423944,-1.1646546961746211,-1.6202733215366558,-1.347634795043149,-0.40304466324369825,-0.6279498401920818,-0.6516131881728072,-1.4725082230767892,1.7776459848341521,-0.02767187758659086,0.20587258615124074,0.4043055696202447,0.7530574419894479,0.030432725387320277,1.3568776040291806,0.29205785388825667,0.038603250264021984,0
0.4161082917320974,-0.6173929705677911,1.0038746524609323,-0.13478617003801185,1,0,0,1,0,0,3.6939453427231426,-0.7536581298981894,-0.34893316685501513,-0.2115494783217901,-1.4558516333991796,-0.41612589829539615,-0.11815312003483415,-0.9306773898794404,-0.12572200657776553,-0.7532120715161574,-0.8764857306592492,0.009373510628152355,1.2240700197675842,-0.10349945065207215,-0.7040026705656741,-0.785644404072155,-0.11345771703538463,-0.2562654612598244,0.19997699316119485,-0.18555039652161812,0.06087935797955865,0.5721295042147159,-0.617630664131067,0.9050381853730304,0.889281031695982,0.18555039652161812,-0.19997699316119558,-0.007559831120602114,-0.5596729573423944,0.40923172957353837,-0.08273376267196997,-0.11871861809024475,0.8571550890128092,0.5138790966987595,0.4557501964577793,0.20179139169817292,0.029018475482663446,0.5034643620605421,-0.06782390615699217,-0.37367071236903754,-0.008482709938082702,0.728342674756924,-1.0302635040182315,-1.211010225189582,0.16231986177126023,1
0.9044132765196139,-1.0039094601397194,-0.15484123025532542,0.3052077222492148,1,0,0,1,0,0,-0.05387894750420167,-0.36872361402550174,-0.11865590134220637,-0.3371164531272297,-0.05520138479970361,-0.023043519300074828,0.7172532684587594,0.7510378138172843,-0.6444613329494241,0.8675930566515733,0.40686412706782277,0.0657313520984855,0.02225403647424579,0.26812979740038617,-1.0378878960218638,-1.063627553882733,0.1481699202919034,-0.39264105688805306,-0.35678002163742906,0.4434998061064408,-0.7294459953869364,-2.0705562793461985,-0.18784288407757008,-1.025139490495983,-0.9122808624218275,-0.4434998061064408,0.3567800216374284,-0.03541234474315745,-1.1600669447440433,-0.982702508226857,-1.3101813096647865,-1.1940202729240363,-0.2770246880180474,-0.38327221085833024,-0.26403600355210183,-1.1004416420156866,-0.6648813298155464,-1.9245870191834955,0.15113328768959466,0.028283699992091807,-0.38079122865820925,0.12560226393772106,-0.04248097655033679,0.18071947766026855,-0.20882997275045564,1
-0.894605088487027,1.0317440516057692,1.4383931084795292,-0.13478617003801185,1,0,0,1,0,0,0.6654004617313493,-0.5635167602752758,0.48262362527457214,-0.5240202912016859,-0.09369201432968538,-0.028409831641307882,-0.022156573712161388,1.6866054134755113,1.493393176008069,-1.836017371906321,-2.3133811037811522,-1.396400755023206,2.137918858104016,-0.5535712519947494,2.370536660468758,1.4321033657487114,-1.906910895952541,-2.2687675800977787,-1.4375436385994584,-0.4787858038769716,-0.522312617364484,0.05983272677161728,-0.602392729515206,0.589480817363452,0.7924987728003962,0.4787858038769716,1.4375436385994576,-0.45320004908148526,2.4422969796658496,0.4001341201761507,1.1188727833315248,0.17144214591252482,-1.726254403113031,0.8401159358104279,2.0060589349406004,0.07776919801113909,-0.49834537654397587,0.04820472807728505,-0.013084607695344815,-0.32180562690308556,-0.07617516788719629,0.886958572340925,-0.6186874509066087,-0.8769950965056176,-0.023255055489598248,1
-0.9460056132015023,1.9851513925498596,-0.15484123025532542,-0.8681093238500562,1,0,0,1,0,0,0.08492935954125552,-0.4222190452343949,0.12441454558798068,-0.4244925508029043,0.023816464172045134,0.0033408497109876974,-0.10506172119200842,-0.25076412392935354,-0.01667107653977112,-0.29600057661322615,-0.3027971635992104,0.5737214397045638,0.8691084612275954,-0.9643058480452051,-0.17101035024277064,-0.010909633265590982,-1.4939827278464433,-1.4062970430306645,-0.5252107151899527,1.303385209184222,-0.8174321604941942,0.17286721503254418,0.011826790803340386,-1.081530016447473,-0.9793242065475191,-1.303385209184222,0.525210715189952,-0.9823978079100336,-0.3345252120667762,-0.5642124759469986,-0.4832692780064673,-1.0062691903340089,-0.6235796198885869,0.4323198869208419,0.7879592118469556,-1.1004416420156866,-0.9424412519348303,-0.2553016945782196,-1.1808563082104715,-0.996051737960463,-1.2946394109712458,-0.9847090191502859,-0.7010026615289333,-0.15329565102369538,-1.0129879475475077,1
-0.020796168340944693,-0.3339475448817109,-0.15484123025532542,0.3052077222492148,1,0,0,0,1,0,0.26159447759911014,-0.466992395267925,-0.19541498984647596,-0.3058693718392401,-0.35009179469014395,-0.1227674903079891,0.17326921960440994,0.9916834469736561,-0.7652663430259407,0.15881813128252456,-0.002683573901717286,1.3290611803287258,0.8428573724481836,-0.12973278257246185,0.4555675611224861,-0.5448077498753845,-0.8420093195448627,-0.8343176637992904,1.4363050701404856,0.38817105265189955,-0.3705625354520554,-0.9047390710167245,0.49866547992505034,-1.0494750771014978,-0.811060034440318,-0.38817105265189955,-1.4363050701404863,0.7258896942733513,1.8168865761224657,3.660110820906923,2.677946509687313,2.0717106787934045,3.009996332451009,4.401534762779479,3.5194555606024025,2.413520512450285,-0.5816133531797613,-1.0899443568808573,-1.1261170097488256,-0.7367263106307022,-1.057715808149347,-1.175048096251087,-0.20711139779498602,-0.04195727479570725,-1.2604211705619852,0
1.572620097807795,-0.10203765113855341,-1.8929150543297122,-0.8681093238500562,1,0,0,1,0,0,0.03445361152472564,-0.41000813158888666,-0.3361399854376369,-0.2260157196588223,-0.3539559065002963,-0.14065519811209928,-0.6555617855129137,-0.1617622895672051,0.45368253449049456,-0.5158245493630303,-0.20221010426049918,-0.17187819596140752,0.21396601204226898,-0.5604878172600204,-1.1289761891789758,-0.44638919474220506,-0.1394197434504714,-0.10329623687356335,0.11588809585456382,-0.34935776200978186,0.35154179791925977,-0.9089597435520643,-1.0687773142094663,0.55859945693214,0.16203436864772142,0.34935776200978186,-0.11588809585456454,-0.5646101035717058,-1.0850176963188372,-0.18211288125669506,-0.37990527404917784,-0.40887938209301433,0.25856020669096863,0.2692014673650073,0.2342775195316623,-0.35630847989348147,-0.10976148557697851,-1.1658209625447336,-1.4636760169289798,-1.6832641203843295,-1.4131012123821949,-0.44541496736468245,-0.4540570296619595,-0.6543183440496418,-1.569712699330082,0
-0.8432045637725518,-0.6689285025107157,0.27967722576327125,0.3052077222492148,1,0,0,1,0,0,0.009215737516460692,-0.3914010250814456,-0.16982862701171944,-0.30991991941360914,-0.1532960025265649,-0.06150209107891172,-0.3999814266336105,1.7945048653837614,-1.1385548274050765,0.5983560688638649,0.49768266955742924,2.022805039496547,0.6043375001158697,-0.25357878719536475,0.6257280896108904,-0.2512535784081556,0.5579525833164868,0.6702906755881077,1.578223524893075,1.1936019387174324,0.3028109740236357,-1.8361735806978496,1.3039569753777733,-0.25508421567985146,0.007396538304117493,-1.1936019387174324,-1.5782235248930756,-0.45320004908148526,0.19081952690966666,-0.9554096800346926,-0.9225662948249498,-0.6819718658603261,-0.2770246880180474,0.8401159358104279,0.12354118106860354,-1.1004416420156866,-0.10976148557697851,-1.848710413519619,-1.3359509871851372,-0.5811310542328463,-0.6346379459673855,-1.7460653275534903,-0.8656330827735822,-0.4316415915936655,-0.8274130302866491,0
0.5960101282327613,-0.02473435322416849,-0.15484123025532542,-2.334755631474145,1,0,0,0,1,0,-0.0412600105000692,-0.37395686273071954,0.3035190854312764,-0.4806215671905893,0.23076484661749921,0.08383553482948353,0.13237543605146332,1.4113169631948936,-1.846788626308933,-0.015894821785341216,-0.5937215522894154,-1.2293144423057873,-0.31350147653361493,-0.8889286676353418,0.07565112303587097,0.09997141890155944,-0.5572680334554392,-0.42898304865728065,-0.7279513648365089,-0.9546649792422314,-1.0722783169791963,-1.861291188966352,2.6250835547387044,-0.5311045639329194,0.3530486438237639,0.9546649792422314,0.7279513648365081,-0.7874302125521474,0.19081952690966666,0.3728412919839863,0.369483754641173,0.12023730520615308,0.16404522527173035,0.18764225758709038,0.6218547041523672,0.44983577907224165,-1.1367331974183288,-1.848710413519619,-1.1352402261590995,0.1838789563899486,-0.0423289389126401,-2.1267434817550925,0.4514102871836102,0.013711913318286572,-1.3222794763156045,1
-0.4320003660567478,0.28447883843337485,1.4383931084795292,-0.13478617003801185,1,0,0,1,0,0,-0.7353015457273552,1.3809258697523188,5.715034824982283,-0.7803620876938968,2.7289641438527297,1.665108904712824,0.750133242609031,-0.35305835291253795,1.0030201869703865,0.7404762953246387,1.2348536835299866,0.8844064294391025,-1.7341238624863324,0.5923344621664454,-0.56798773387419,0.041932054690514906,1.1627074979010117,0.8880459283785308,1.3338827891162104,-0.11670382262079637,-0.4512249187830013,-0.08441397370059563,-1.329024525911656,0.15258514837257356,-0.7383662617929809,0.11670382262079708,-1.333882789116211,0.605195468575612,-0.4846237089171882,0.1817914946388332,0.17567624722125458,0.6493539925053206,0.06953024385249205,-0.38327221085833024,-0.9284540343304539,0.07776919801113909,-0.44283339212011924,-0.1035484832504671,-0.06782390615699217,-0.7367263106307022,-0.6346379459673855,0.31594134103852145,1.1922471827845313,1.2384340518261547,-0.1469716669968365,1
-0.894605088487027,0.4133176682906843,-0.15484123025532542,1.0385308760612593,1,0,0,1,0,0,-0.36935237260751347,-0.18207107687273325,3.732091705288651,-0.7473790574454634,1.484571982572181,0.43756495665576245,-0.22068619904749165,0.5751311513408107,0.6380464682980309,-0.3159261738784957,0.081585770819705,0.08263802350350528,0.14287223017151196,-0.2242175697839059,0.09455979868884656,0.042615635768696924,-0.4283487014839919,-0.027692840470833074,-0.05671543019588151,0.16895808102739213,0.08283397802022703,-0.6946576240268442,-0.8294062927353293,0.0020526390909833218,-0.13310216655318882,-0.16895808102739213,0.056715430195880795,-0.14682239923337803,0.19081952690966666,0.3182556355996563,0.29196075167320634,0.10316902497069583,0.4790951633358572,0.18764225758709038,0.2342775195316623,0.38782468222872474,0.08453045990652028,-0.6346847228976005,0.06902433999712428,-0.37367071236903754,-0.3469449996836519,0.664896315723324,-0.20711139779498602,-0.15329565102369538,-0.023255055489598248,1
0.544609603518286,0.9029052217484598,-0.15484123025532542,-0.13478617003801185,1,0,0,1,0,0,-0.43244705762817587,-0.10240940213775106,-0.06748317567269331,-0.3643129868408503,0.4240835364675537,0.20278879172681627,-0.3644437895072379,0.5736252899620299,1.871171869714485,-0.6785983962528752,0.1860706588072427,-0.39969569271468197,-0.2733444112994656,0.006447736326915984,-0.5300796942834902,1.4392983356949025,-0.46338068176046043,0.08076402744021258,-0.007768161614413057,-0.5374328853480426,0.513210463021801,-1.3183409137392654,-1.1115986085573655,0.4572623018898276,-0.16305061608652965,0.5374328853480426,0.007768161614412348,-0.06326485836571254,-0.5596729573423944,-0.24579614703841146,0.5116092600824467,0.2909201075607231,-1.0016395455655394,-0.13859458152457876,-0.1532996650890431,-0.6043528672675491,0.3065783976019474,-1.317574173872486,-0.5148615102604385,-0.9701191952274875,-0.7530997473783346,0.12560226393772106,0.36909507656128593,0.1250502895462747,-0.7036964187794109,0
0.05630461873076867,0.9029052217484598,0.27967722576327125,1.0385308760612593,0,1,0,0,1,0,-0.7100636717190902,1.2035768858532707,-0.2593808969333673,-0.27115039263036284,1.0074250728490615,1.1351855610160597,0.5841816702598712,1.3401470280230319,0.05516700643871101,0.10227788268332712,0.20492757174236445,-0.0895194585872145,-0.20335581141756287,0.40503906671208484,2.3949793517451266,0.8949271871788547,0.46554363092332773,0.4719222747971487,1.1515092521572485,-1.2641467209678323,-0.4076085700259786,0.55984388524175,0.8239003707584602,0.32345427420832196,0.1943243693310889,1.2641467209678323,-1.1515092521572492,0.6609004958207222,2.81754322179188,0.9641859028142197,1.338521291740765,1.5027680042781708,-0.15100471279239655,0.758556726032511,0.2342775195316623,0.8839134569768611,-0.3595654154843339,0.5793409677244183,0.15113328768959466,0.5599008260181015,0.6684418695530556,-0.7309235830158842,0.5337254978059351,-0.04195727479570725,-0.2706882785040748,1
-0.894605088487027,0.9544407536913834,1.4383931084795292,0.5985369837740325,1,0,0,0,1,0,0.6654004617313493,-0.5635167602752758,-0.42569225535928473,-0.14789801643884834,-0.8359652222306702,-0.3190850834580984,-1.2946687837897948,0.8583029980773755,0.8870596686598203,-1.7341177306588056,-2.0194228323932566,-1.4473120762894371,1.055074996117752,-0.6270969369971691,1.8072776255645027,1.7896475949489,-2.0796063028608187,-2.084362135575096,-1.7093023817427158,-0.2786957612109654,1.1736805890025468,0.6324432502229539,0.58578295623476,0.280579166746993,0.5903746480751068,0.2786957612109654,1.709302381742715,-0.5646101035717058,1.7668537438389946,0.17269388524144552,1.093031782342202,0.06903246449978255,-1.7892643907258567,0.18764225758709038,1.3416409041622488,0.015758101167622184,1.0004782029001573,0.5034643620605421,-0.2046721523111086,0.11904759955750843,0.22844089288381547,-0.3185222492974822,0.03983423407198747,-0.09762646290970158,-0.08511336124321738,1
-0.3291993166277972,-0.35971531085317227,0.27967722576327125,-0.4281154315628296,0,1,0,1,0,0,-0.1800683175455264,-0.3099949341113908,-0.5408308881156891,0.10381458282551219,-0.49340103165094684,-0.31863789076299565,-0.12852449470748128,-0.36928100232491035,1.21805500394602,-1.1845097952105272,-0.9668417423054969,-0.3932461287660884,0.8138081604914048,-0.13555046898553658,-0.6568905018479345,0.42749617347103586,-1.1563843261071693,-0.9694353019874423,0.11588809585456382,-0.651277219968356,0.043276007055959,-0.15120871959272417,-1.2355295687137995,0.4535454122320057,0.310476729884807,0.651277219968356,-0.11588809585456454,-0.3696425082138195,-0.8598699510432187,-1.0099953364190213,-0.6641562849317252,-1.040405750804923,-1.0961545269847772,0.2692014673650073,0.2342775195316623,-1.3484860293897554,0.0012624832707351544,-0.17942508891434333,-0.11343998820836432,-0.723760039264214,-0.5161761445564365,1.0138512904081252,0.2044646553166367,-0.09762646290970158,-0.20882997275045564,0
0.05630461873076867,0.7482986259196881,-0.15484123025532542,-0.8681093238500562,0,1,0,1,0,0,-0.06649788450833415,-0.3663977257120716,-0.4768649810287978,-0.009022099603339084,-0.47846379398626815,-0.2748130066429257,-0.373133941855236,0.4668307431166107,-0.4942152046559313,-0.09987788352517195,-0.22358654282703191,0.5692091566681073,0.47338466750678376,-1.0195753207505909,0.4431526074000429,-1.4326051763662206,-0.3327814709922179,-0.5965519036432577,0.42176776227307794,0.3580292690535297,-0.49989581796747123,-0.19679929163873838,-0.7640213012595128,-0.19505183305750534,-0.2917433684591639,-0.3580292690535297,-0.4217677622730786,-0.9823978079100336,0.340918023760079,-0.17301527185930607,-0.8708842928463041,-0.9379960693921812,0.7941451013999841,0.6769975162545934,0.5111183656893089,-0.5423417704240322,-0.6093693453916895,-0.4070549059059717,-0.7246954876967501,-0.9701191952274875,-0.9731002357129547,-0.033013633646279864,-0.28942660841731066,-0.15329565102369538,-0.7036964187794109,1
-0.6633027272718879,-1.2100515879114147,0.27967722576327125,1.7718540298733036,1,0,0,1,0,0,-0.15483044353726144,-0.3140652386598935,-0.6943490651242283,0.8097671600726843,-0.9487094836240401,-0.8673433276540756,-0.06853869055726994,-1.4157395352098732,1.3907829241988545,-0.32146074833842386,0.4976216745824074,-1.1288870338045103,-0.6871570077902732,0.4097953328484488,-1.8051141022016652,1.0557444279926567,0.30226333885175377,0.761715700685228,-0.5566704711695901,-0.9875682768987283,0.50476738574765,0.13482326121418484,-0.8403255143554702,0.7339918847792187,0.09673457732901657,0.9875682768987283,0.5566704711695893,0.1317027369921738,-1.760460932145692,-0.8098479296764806,-0.19901826712392082,-0.06751377738387422,-1.0016395455655394,-0.7910682597479163,-0.6516131881728072,-0.29429738304996345,0.5286263352973745,0.19995793940503753,0.22411901897178985,-0.2569742700706454,0.04228663352375219,0.506280418139323,0.8629863402952329,0.4033962301162448,0.038603250264021984,0
0.5960101282327613,1.3151894772918502,-0.15484123025532542,-0.13478617003801185,1,0,0,1,0,0,-0.0412600105000692,-0.37395686273071954,-0.4896581624461761,-3.423548011197542e-4,-0.522016999734523,-0.2873344021058028,-0.3960149434993617,-0.2528721338291529,-0.175561518278668,-0.7193396528471846,-0.8959010576248566,-0.6552359132773822,1.1541248953709096,-0.9320921001457001,0.26666398068804187,-0.04574490952512284,-0.9073254611729922,-0.5343641727450843,-0.591162492785821,-0.30735587342307225,-0.3806670249509164,0.6142130614927837,0.19402925438212562,0.07209306727845306,0.6430126433924502,0.30735587342307225,0.5911624927858203,-0.8152827261747027,0.41596727218528484,0.48201260475264507,0.3824042551358344,-0.01630893667750248,0.5421051509486824,0.35076067714292497,0.7325910426154264,0.38782468222872474,-0.3595654154843339,0.5793409677244183,0.023408257945752128,0.11904759955750843,0.1438253204474232,0.41111087958892223,-0.7833178721512579,-0.9883334727336057,0.038603250264021984,1
-0.894605088487027,-0.4370186087675581,-0.15484123025532542,1.478524768348486,1,0,0,1,0,0,-0.36935237260751347,-0.18207107687273325,-0.7583149722111197,1.376843820484347,-1.0194358885518124,-1.2040794270664497,-0.4754265413093522,0.6166248957397663,0.14066450781748668,-1.1246740539285138,-0.4741204396876623,-0.6042926548729056,0.5551323795913066,-0.2744709242403607,0.2437121599286735,-0.11921539523480608,-0.2914473789003503,0.10121362356670342,0.33643704580791395,-1.1578572735420007,0.3868440653471586,-0.602191529175962,-0.31209306959750244,1.2303678569871455,0.7151951958794907,1.1578572735420007,-0.33643704580791395,-0.14682239923337803,0.41596727218528484,0.5456958705343614,0.3953247556304958,0.2567835470898098,0.8256500952063961,0.2692014673650073,0.12354118106860354,0.44983577907224165,0.44535835866158957,-0.482931511569848,0.32447439948480933,0.10608132819102022,0.600749411603942,0.31594134103852145,-0.20711139779498602,-0.7099875321636356,0.2860364732784985,0
-0.3291993166277972,0.9029052217484598,2.8867879618748513,-0.13478617003801185,1,0,0,1,0,0,-0.596493238681898,0.3371834891005448,-0.06748317567269331,-0.3643129868408503,0.7672413935454582,0.5408664692244988,1.4362418338465481,0.6304277149786446,1.721369851596375,0.3548015522318549,1.172148894040262,1.0166291422192941,-1.2781834878015772,2.528910111809887,-0.6191488283787897,1.227657439122049,0.9558815326129353,1.4341890375320132,1.6975640436622979,-0.2970624528398517,0.5297279545151465,-1.4855315279571173,-1.1194929218780567,0.4685217578776598,-0.12364451647132649,0.2970624528398517,-1.6975640436622985,3.0840691809830236,-0.25947596364157,1.282602231722807,1.8295003105378922,2.2367040544028214,0.29006520049738066,-0.13859458152457876,-0.8177176958673952,1.3800022317249987,0.3065783976019474,-1.4693273852002382,-0.5604775923118106,-1.0090180093269512,-0.7869459763528921,0.12560226393772106,0.2044646553166367,0.06938110143228039,-0.6418381130257917,0
-0.9460056132015023,-0.35971531085317227,-0.15484123025532542,-0.4281154315628296,1,0,0,1,0,0,0.08492935954125552,-0.4222190452343949,-0.5408308881156891,0.10381458282551219,-0.7166989932654273,-0.4049460809178273,-0.8949491289835543,-0.1976450018474592,0.7636808998602614,-1.6120042279193585,-1.5955535718061011,-1.2053143563477453,1.0182334870825598,-0.8528999698927492,-0.27313436079329323,-0.1572414910224593,-1.4973562924661625,-1.4805207192646541,-0.6949470730335814,-0.9546649792422314,0.392240948825921,-0.002346038961181455,-1.2019899077365503,0.6929608460627495,0.6288574647377472,0.9546649792422314,0.6949470730335807,-0.8431352397972577,-0.3345252120667762,-0.2639913658331881,-0.3023822710812103,-0.8526546682148961,-0.37153966943728567,0.4323198869208419,0.8986955503100138,-0.790386157798101,0.3343343898138759,-0.02767187758659086,-0.06782390615699217,-0.671894953798262,-0.38079122865820925,1.1724671879921262,0.4514102871836102,0.013711913318286572,-0.1469716669968365,0
0.05630461873076867,-0.10203765113855341,-0.15484123025532542,-0.8681093238500562,0,1,0,1,0,0,-0.06649788450833415,-0.3663977257120716,-0.3361399854376369,-0.2260157196588223,-0.272834674256688,-0.10711574597939269,-0.7806112041219163,1.0096016750195385,-0.25761232056766287,-0.7875102936158871,-0.6697407598761672,0.2694999483626628,0.9731805146974422,-0.923872612923919,0.4602333497285772,-1.5467326872232268,-0.6085998297290482,-0.809630509214025,0.6417267449849983,-0.26889098598050765,0.16233625234051752,-0.924658316736612,-1.2021525120478147,0.4603984275386097,0.0802491785835331,0.26889098598050765,-0.6417267449849989,-0.9266927806649233,0.26586877533487285,-0.4095531161914002,-1.1034533017502068,-1.2452251136304073,0.6681251261743327,1.166352774922097,0.8986955503100138,-0.9144083514851348,-0.3318094232724056,-1.2416975682086098,-1.7647421584680356,-1.9685220904470657,-1.7177172731532073,-0.6040308649486834,-0.5363722402842841,-0.7099875321636356,-1.8171459223445585,0
-1.2030082367738797,0.5421564981479937,1.7280720791585935,0.3052077222492148,1,0,0,1,0,0,-0.6722068607066928,0.8110832329619352,-0.4128990739419065,-0.17046535292461862,0.6406568672636948,0.7555189628738209,-0.4201105945290893,0.06172216673822385,1.3529082997757214,-0.6463047238360339,-0.4337498904021434,-0.27222447990080445,0.08594991200786628,0.2747699033890835,-0.06664185594388441,-0.392238332414256,0.6209393750051585,0.31175465004166536,1.465333844976243,-1.8245819892131196,0.8587208582698291,-0.15147595920772214,-2.243632665245496,1.4888288408763055,0.8682638384887947,1.8245819892131196,-1.4653338449762439,0.0759977097470634,-0.25947596364157,-0.6097005229339397,-0.7029177864157086,-0.4430159425639276,-0.24551969421163483,0.4323198869208419,-0.2086678343205727,-0.9144083514851348,0.1400424443303771,-0.7105613285614767,-1.8286046733399568,-2.422341588274147,-1.90387153251327,0.1890486229713212,0.03983423407198747,-0.7099875321636356,-1.6934293108373202,1
0.5960101282327613,0.5163887321765315,-0.15484123025532542,-0.8681093238500562,1,0,0,1,0,0,-0.0412600105000692,-0.37395686273071954,0.6361418022831113,-0.5413797808061246,0.3961993940929838,0.13079076781527277,0.1893130629636657,-0.1604713677245073,0.7434807538912792,-0.024187096971040958,0.5761285097161624,0.5906589933538334,-0.061389372194616335,-0.8157815209650153,0.4263893659289108,-0.3773934671394952,-0.5695116433696392,-0.19337389412197709,-0.4291756706205303,1.231239624279511,-1.0783637061296796,0.647399494780036,-1.3956071361100382,-0.532042789136067,-0.9377872495162505,-1.231239624279511,0.4291756706205296,-0.7317251853070371,0.491016520610491,0.2636699792153276,0.020630241285320403,-0.20406001926752979,0.7626401075935709,0.10608304780917345,0.34501385799472056,0.2638024885416898,-0.9979532363586869,0.6552175733882943,0.13288685486904556,-0.62002986833231,-0.7700228618656133,0.7917890337905242,-0.28942660841731066,0.3477270420022505,0.10046155601764112,0
0.3647077670176212,-0.2566442469673251,0.27967722576327125,-0.4281154315628296,1,0,0,1,0,0,-0.7226826087232228,1.212298967028634,-0.438485436776663,-0.10739254069515815,0.843988333151166,1.0153379187285214,0.7511472576772067,-0.4923898340053948,1.9555518201581117,0.10722886303832643,1.4525938775897382,1.3181736733036429,-1.3970409658261995,1.6758526235711948,-1.2103938959065106,1.8061053849740634,1.2279136477440722,2.3394207533278317,2.3191213401455677,-0.5022446364654003,0.630003648751395,-0.5367255340215374,-0.8583431177702967,1.0727188776658694,0.3955458512681999,0.5022446364654003,-2.319121340145568,1.07868820015905,-1.3101654415944555,-1.0463857740085747,-0.08273376267196997,0.4103980692089227,-1.1276595207911904,-1.2804235184154193,-1.980449249729511,-0.6043528672675491,0.22331042096616224,-0.7864379342253526,-1.0805009276974533,-1.2942759793896883,-0.8715615487892844,-0.4136917878478824,-0.28942660841731066,-0.5429799678216537,-1.136704559054746,0
-0.4320003660567478,0.9029052217484598,1.4383931084795292,-0.13478617003801185,1,0,0,1,0,0,-0.7353015457273552,1.3809258697523188,-0.06748317567269331,-0.3643129868408503,1.3366494478975959,1.3435773569339433,-0.3678077861766235,0.45825704129029377,0.5512874320290604,0.3665044410923429,0.2198508650130203,-0.02039582676211257,-0.9187926480316109,0.08932122899045927,-0.7084219883833923,-0.5285229178500191,1.21349029973569,0.7017921798509565,0.6912331826893887,-0.7133741297612541,0.6006943996801748,-1.3386537670242757,-1.2847429497054015,0.7081523537926483,0.3993465789349213,0.7133741297612541,-0.6912331826893894,0.18740776423728422,-0.5596729573423944,0.427426948368315,0.07231224326396513,0.5640125913280355,0.6051151385615076,-0.5463906304141645,-0.8730858650989243,0.5118468759157585,0.41760236644966076,-1.317574173872486,-0.40538291333714505,-0.9701191952274875,-0.6684841749419423,0.728342674756924,0.28677986593896093,-0.04195727479570725,-0.3944048900113141,0
-0.35489957898503444,0.05256894469021735,-0.4445202009343899,0.3052077222492148,1,0,0,0,1,0,-0.5207796166571032,0.10168729736574346,-0.7327286093763631,1.200355676172554,-0.6144732347460667,-0.8494556198499654,-0.1128406003549512,-1.7488608171634197,-1.973821670254957,0.07386329112364179,0.05249290061235437,-0.3115132873307836,0.11283586750050621,0.03995103950441557,-0.2519879077847846,-1.3234072187966204,0.6680167022375135,0.7272779751944273,1.1169885469471594,-1.5326826112078547,0.1968262095824083,2.1479304017229226,1.3683837206709335,0.5626093858504436,0.6418020479189068,1.5326826112078547,-1.1169885469471603,0.0759977097470634,-0.18442671521636386,0.1817914946388332,-0.5478717804797735,-0.27233314020935756,1.6132749403667133,0.5138790966987595,0.012804842605544792,0.139780294854656,0.25106641317809053,2.1727496866658176,0.2879815338437111,0.9748215097457181,1.1761353041714093,-0.9212626601166852,0.5337254978059351,-0.15329565102369538,0.10046155601764112,1
-1.2030082367738797,-0.10203765113855341,1.7280720791585935,-0.8681093238500562,1,0,0,1,0,0,-0.6722068607066928,0.8110832329619352,-0.3361399854376369,-0.2260157196588223,0.7448121156572594,0.7984494616036854,0.2099702278424914,0.34576050850982404,0.5947696439826453,0.4188207072529373,0.5290432871886118,1.136867179498292,-0.04144691672451449,0.35452858023607564,-0.21611884674538911,-0.45594410000179325,0.8865844169632017,0.6960648099104915,1.5875602653373244,-0.023971702672748577,0.06227206703199522,-0.6910702652589011,-1.2712498776457184,0.3133221759583992,-0.008210374895313148,0.023971702672748577,-1.587560265337325,0.04814519612450831,-0.4846237089171882,-0.9372144612399159,-1.0000892977929163,-0.6478353053894121,-0.2770246880180474,-0.05703537174666111,-0.7069813574043363,-1.1624527388592034,-0.49834537654397587,-1.1658209625447336,-2.1387940312892875,-2.279712603242779,-2.0561795628987762,-0.857816301083085,-1.0302635040182315,-1.1553410370755877,-2.1882957568662755,1
-0.35489957898503444,0.9029052217484598,-0.4445202009343899,-0.13478617003801185,1,0,0,1,0,0,-0.5207796166571032,0.10168729736574346,-0.06748317567269331,-0.3643129868408503,0.5865858868567515,0.35975342770788316,-0.253767363906972,0.865922894699476,0.20262188773825596,-0.15572168299509645,0.19048850155733751,0.07066332290222412,-0.2242874262831014,0.09638031622657946,-0.06048439872096474,-1.4260132876927178,0.5970819532722392,0.6379839674620492,0.8164553486475558,-0.7133741297612541,0.4491717732541877,-1.2490982910646111,-1.7099967383455985,0.8024261914773425,0.3752227893404372,0.7133741297612541,-0.8164553486475564,0.10385022336961848,-0.03432821836595151,0.08171779126756346,-0.6770767854263857,-0.42594766232847037,1.5817699465603012,0.2692014673650073,-0.09793149585751397,0.015758101167622184,0.27882240539001907,-1.2416975682086098,-0.42362934615769415,-1.1905458084577836,-0.8546384343020056,1.0138512904081252,0.28677986593896093,-0.04195727479570725,-0.45626319576493324,1
0.5189093411610479,-1.2100515879114147,-0.8790386569529866,1.7718540298733036,1,0,0,1,0,0,0.6401625877230843,-0.5466540700029072,-0.6943490651242283,0.8097671600726843,-1.4576827254211728,-1.0462204056951774,-0.8609882866934861,0.5820927936962942,-0.7854015989939286,-0.7030809463039736,-1.2356232049252942,-2.336049440639926,0.3910165791275999,-0.9288949462188316,0.5750762986943265,-1.4299139478374425,-0.11345771703538463,-0.8932629929013431,-1.5389139634227365,-1.659816685915086,0.2690842859994891,-0.22284181542972809,-0.363255320267184,0.8373142694018748,0.7342732292076211,1.659816685915086,1.5389139634227358,-1.0659553487776992,-0.03432821836595151,-1.4193877593014905,-1.8011603284619129,-1.7402052404586603,-0.5920746260821743,-0.9541866793037505,-0.3747723420151606,-1.2864749325462383,0.05677446769459199,-0.4070549059059717,-0.6517097564145549,-0.723760039264214,-0.38079122865820925,-0.0647368131630805,0.03983423407198747,-0.6543183440496418,-0.9511296417938885,1
0.5189093411610479,-0.35971531085317227,-0.8790386569529866,-0.4281154315628296,1,0,0,1,0,0,0.6401625877230843,-0.5466540700029072,-0.5408308881156891,0.10381458282551219,-1.0272178692739466,-0.5006453176698168,-0.7843754821051718,0.21666801069322353,0.10511952049414794,-0.8806548448298182,-1.314082406029597,-1.7829535552873137,0.6902967653901697,-0.8168212191077112,0.37977379271775197,-1.4445414233801546,-0.2503348763584752,-0.9502775073829584,-1.244018473027745,-1.1979336225714128,0.2745350638619777,0.08306540423057829,-1.5953267254935448,0.9414801020622707,0.7806104568418053,1.1979336225714128,1.2440184730277444,-0.9823978079100336,-0.18442671521636386,-1.4284853686988783,-1.8140808289565742,-1.7914100811650315,-0.5605696322757617,-0.709509049969999,-0.2086678343205727,-1.3484860293897554,0.22331042096616224,0.04820472807728505,-0.07694712256726609,-0.8793552956620708,-0.4992530300691578,1.5214221626769286,0.03983423407198747,-0.48731077970765985,-0.2706882785040748,1
-0.1749977424843705,-0.30817977891024867,-0.15484123025532542,-0.4281154315628296,1,0,0,1,0,0,4.425843688962826,-0.7687764039354853,-0.5536240695330674,0.06909560361663487,-1.8907025834464146,-0.6446413654929039,0.05553156195760855,-0.1983791150670735,0.3059027093359056,-0.8345198168642772,-0.9059358861517621,-1.295846548727202,0.9640394787962091,-0.20945448574836942,-0.662410434717618,-0.5295846105006048,-0.7826513289414873,-0.9008588270939175,-1.535794876505097,-0.2441974779926877,-0.28650244292300125,-0.39130667083537946,-0.9503607120715775,0.35131877342256745,0.29824771436760117,0.2441974779926877,1.5357948765050964,-0.4253475354589299,-0.8598699510432187,-0.9918001176242447,-1.077612300760884,-1.2793616741013212,-0.5605696322757617,-0.8726274695258333,-0.26403600355210183,-1.1624527388592034,-0.24854144663662048,-0.3311783002420958,0.13288685486904556,-0.38663698373552574,-0.2284831982727022,1.0138512904081252,-0.7010026615289333,-0.8769950965056176,0.10046155601764112,0
-0.5862019402001745,-0.8493028643109486,2.452269505856255,0.3052077222492148,1,0,0,1,0,0,0.26159447759911014,-0.46408503487613734,0.009275912831576286,-0.38688032332662053,-0.17349974014779898,-0.05792454951808968,0.9814313673876073,0.1806010367585952,1.1969213721667007,-0.5907195874942659,-0.5949400886982419,-1.3663735288344576,-0.22863539835511273,1.2901570669682385,0.8973900126263211,1.2359739174812878,0.3449662533254888,0.14086959608672248,-0.7989105922128049,-1.0712207285677868,-0.07559446718325122,0.6511050240219194,-0.3941970226567106,1.14008668435499,0.9109829956091665,1.0712207285677868,0.7989105922128042,1.0229831729139398,0.641115017460903,-0.4277483349861756,0.24027874969456073,0.3762615087380082,-1.5057194464681423,-0.7910682597479163,-0.5408768497097485,-0.35630847989348147,-0.3595654154843339,0.12408133374116129,-1.1717330918001976,-1.164613265724808,-0.7192535184037778,-0.4771381468814831,-0.12479618717266176,-0.5986491559356475,-1.0748462533011267,1
-0.9460056132015023,1.4697960731206219,1.7280720791585935,-1.8947617391869185,1,0,0,1,0,0,-0.571255364673633,0.1801860279440106,0.188380452674872,-0.4493744859025997,0.8854030673068809,0.4858617677268599,1.8894752329701718,0.05845076296235105,-0.6945520956672541,1.7013280066937682,1.1898477659621374,2.3746738725104275,0.020389195378472662,1.564238883497827,0.056403859781750096,0.06257268200526968,0.9356993130471647,0.8388253702592324,2.038560284770937,1.2169526660865582,-1.0643922448455312,-0.02372135799587402,1.0123554933389234,-1.3705609549017668,-0.7279106597457387,-1.2169526660865582,-2.0385602847709374,1.7471485271003746,0.26586877533487285,0.6548671833030202,0.5891322630504142,0.9736513169790033,0.5106001571422693,1.4925896140337656,0.5111183656893089,0.44983577907224165,-1.0812212129944723,-0.2553016945782196,-0.7064490548762022,-0.127311556405765,-0.6515610604546642,-0.9847090191502859,-0.5363722402842841,0.013711913318286572,-0.45626319576493324,1
-1.2030082367738797,-0.5400896726534062,1.7280720791585935,1.0385308760612593,1,0,0,1,0,0,-0.6722068607066928,0.8634157200141133,-0.20820817126385424,-0.2838806850069512,0.888483452700728,0.8834160736732087,-0.6444865468578146,-0.5745149652031818,0.2747680842591477,0.4206181932121107,0.6126704469284722,0.2047686160442475,-1.0038249039981644,0.11494296343178384,0.10838175689936484,-0.4808245575555883,0.4079566651527711,0.1068898599620685,0.9041108648182726,-0.6174061782631385,1.0110238866772612,0.8971142845458572,-0.8587994857673731,-0.1637051972020493,-0.6921444433034675,0.6174061782631385,-0.9041108648182734,-0.11896988561082296,-0.18442671521636386,-0.8280431484712572,-0.9225662948249498,-0.7331767065666972,-0.37153966943728567,-0.13859458152457876,-0.5408768497097485,-1.1624527388592034,0.77843026520473,0.6552175733882943,-0.40538291333714505,-0.7626588533636787,-0.7700228618656133,-0.09645999267988113,1.2745623934068555,1.0157572993701793,-0.5181215015185524,0
0.9044132765196139,0.928672987719922,-0.15484123025532542,1.0385308760612593,1,0,0,0,1,0,-0.1800683175455264,-0.29603960423080994,-0.2593808969333673,-0.27115039263036284,-0.07784924081167806,-0.018124399653944526,0.7277598689707789,-1.4413918910205112,-1.6489607502946972,0.5555042356399352,0.15443038467956605,-0.33151458811526413,0.07924151827715607,0.49720071956061124,-1.3360711821269848,-1.5329584837896602,0.7881443389142686,0.2232756280252678,0.4407888507730546,-0.8893153741744672,-0.5151707127957629,0.6399088253164645,0.7137091479089684,0.031060050887478048,0.01721813023134992,0.8893153741744672,-0.4407888507730553,0.32667033235006016,-1.3101654415944555,-0.4186507255887879,-1.1034533017502068,-0.7843815472730677,0.7311351137871589,0.10608304780917345,-0.09793149585751397,-0.4803306735805153,-0.3595654154843339,0.8828473903799233,0.7076494887163344,1.0007540524786946,0.9561348158367899,-0.2233527107470814,0.5337254978059351,0.1250502895462747,0.16231986177126023,1
-0.27779879191332196,-0.6689285025107157,-0.8790386569529866,1.0385308760612593,1,0,0,1,0,0,0.5644489656982895,-0.5315357959656113,-0.630383158037337,0.3613136786246856,-1.2088104254553331,-0.688019056917871,-1.9457992182349786,-2.4869180240542654,0.3970870195115733,-1.5358522108877057,-0.816736565710708,-0.6253635107389726,0.8125119920958093,-0.728493122055577,-1.3703891761027809,0.5895298620963333,-1.0211501732311752,-0.7744007083933598,-0.7279513648365089,-0.13094794135889734,1.977779434975234,2.0405472416154,0.049589399197434,1.0622822201566264,0.305745969006895,0.13094794135889734,0.7279513648365081,-0.9545452942874786,-1.535313186870074,-1.6741208224283601,-1.1809763047181743,-1.4500444764558913,-1.5687294340809674,-0.6279498401920818,-0.3747723420151606,-1.9065859009814097,1.4168180860790833,1.413983630027056,-0.8341740846200435,-0.6848612251647502,-0.2623294272472596,-1.0798785577006862,-0.5363722402842841,-0.6543183440496418,-0.7036964187794109,0
0.544609603518286,0.4648532002336079,-0.8790386569529866,-1.6014324776621007,1,0,0,1,0,0,-0.2684008765744537,-0.2559180308241401,-0.7071422465416066,0.9833620561170708,-0.8813816535575657,-0.9567818666746264,0.34663820350662605,1.0430118769215018,-1.3393393434592622,0.4560461564592278,-0.3254682506560535,-0.251051030750579,0.6631500777282264,-0.785860604657528,0.35595766180530203,-1.4465937413465635,0.018261387570567167,-0.818032536168701,-0.9306920144830665,0.5806453452778549,-1.2672315167461785,-1.0749759624164958,0.3772345495577024,-0.5979812564134376,-0.3755248884803211,-0.5806453452778549,0.9306920144830657,-0.9823978079100336,-0.25947596364157,-1.583144728454478,-1.9303653334085251,-1.8255466416359454,-0.7180946013078251,-0.709509049969999,-0.3747723420151606,-1.5965304167638241,-1.192245181842186,-1.0140677512169813,-0.040454256926167845,0.15794641365697218,-0.093098282374475,-0.28679906978068154,-0.6186874509066087,-0.4316415915936655,-0.1469716669968365,1
0.44180855408933456,0.6452275620338409,-0.8790386569529866,-0.13478617003801185,1,0,0,0,1,0,-0.356733435603381,-0.19195610220481132,-0.09306953850744984,-0.3388524020876736,0.2893736464691589,0.11424463809647085,-0.06479383161146801,0.2492656285021618,-2.143608343292335,-0.1924346735588368,-0.6398424576534746,-0.11483648331053656,0.6825288615025128,-0.9111452295903565,-0.6582733984711631,0.15164681773858757,-1.0517995288949322,-0.7001117805758703,0.39760879354609974,-0.550966827225982,-0.8203081775974292,-1.001568737710625,3.0827748436491427,-0.7829795791260509,0.14830364382009692,0.550966827225982,-0.39760879354610046,-0.8709877534198129,-0.6347222057676005,-0.082039177885424,0.007709740790658993,-0.40887938209301433,-0.08799472517957138,1.0847935651441794,0.954063719541543,-0.10826409251941274,-0.6648813298155464,-0.7864379342253526,0.7441423543574326,2.3751788173264257,1.8022905402007128,-1.5874494299694895,0.6983559190505837,0.45906541823023866,0.6571863078002155,1
-0.9974061379159777,-1.1842838219399534,0.27967722576327125,0.5985369837740325,0,1,0,1,0,0,-0.5081606796529707,0.049354810313565374,-0.5024513438635544,0.007758740347618287,0.03748360888576389,0.031961182197564,-0.9440070442071122,-0.1551285374500592,-0.6774679725853696,-1.1223750985875205,-1.0627077754881014,0.0995357362104281,0.6977766729719876,0.22249892388042847,0.047776565586478505,-0.6158806590815807,0.05005565419959122,-0.10469156806852527,0.4407888507730546,-0.3014141428425148,1.5349830777658497,0.2607803006374348,0.30722074676297606,1.565890678445182,1.2793612156146243,0.30141414284251544,-0.4407888507730553,0.32667033235006016,0.19081952690966666,0.4547197765604794,0.046471242274642305,0.06903246449978255,0.7626401075935709,0.10608304780917345,-0.09793149585751397,0.3258135853852078,0.7229182807808735,-0.3311783002420958,-1.582277830262547,-1.21647835119076,-0.6346379459673855,-1.3019408143182878,-1.3595243465075295,-1.6006945419875402,-1.2604211705619852,0
-0.2263982671988458,0.4133176682906843,-0.4445202009343899,-0.4281154315628296,1,0,0,1,0,0,-0.43244705762817587,-0.05821752418257845,-0.68155588370685,0.7663684360615877,-0.5554835976506626,-0.637039089676157,0.9366472089670691,0.65911717615936,-1.7042505356268938,1.14959163749683,0.2884016864980665,0.9779472596245044,0.6059846337446895,0.3399889896611708,-0.10253152936398884,-1.191948112884777,0.837579438587751,0.04862044697793312,0.271474372857786,1.0645584453617318,-0.9627177520884698,-1.007372844633302,1.1319746725214619,-0.7224947030868877,-0.32746791392654245,-1.0645584453617318,-0.2714743728577867,0.02029268250195297,-0.40957446049198204,-0.9918001176242447,-1.3747838121380926,-1.040405750804923,-0.2140147004052217,0.18764225758709038,0.06817301183707392,-0.9764194483286528,-0.9979532363586869,-1.0899443568808573,-0.7246954876967501,-0.08841274230630035,-0.36386811417093057,-1.206771275767887,-1.0302635040182315,-0.7099875321636356,-1.136704559054746,0
-0.4063001036995106,-0.9266061622253344,-0.4445202009343899,-0.13478617003801185,1,0,0,1,0,0,-0.6343500496942954,0.46801470673099,0.022069094248954552,-0.39671736743580244,0.9507837949680144,0.6665276165483728,1.03826547259208,-0.9873354381242071,0.5592980435350994,1.7274612918720365,1.796616186697809,0.4279594375912539,-1.8493960909091902,0.5657266768774347,-1.3793625990544978,0.28036178220119207,1.3702004182807404,1.3590439119213862,0.4251360800282837,0.16204084244106823,-0.8784659840414026,-0.02666629704915463,-0.482842608982854,-0.9750214789950414,-1.0088471701611752,-0.16204084244106823,-0.4251360800282844,0.4659329004628361,-1.3101654415944555,-0.17301527185930607,-0.0052107597040024186,0.5469443110925782,-0.11949971898598452,-0.9541866793037505,-1.2052948804881005,0.20179139169817292,-0.859173275299045,-0.1035484832504671,-0.23204180154193166,-0.4385020692014777,-0.7700228618656133,-0.033013633646279864,0.5337254978059351,0.6817421706862145,-0.76555472453303,1
-0.9974061379159777,0.9544407536913834,0.27967722576327125,0.5985369837740325,1,0,0,0,1,0,-0.09173575851659908,-0.3413944263426976,-0.4128990739419065,-0.14789801643884834,-0.3550453186768709,-0.1482574739288461,-1.336973716025515,-1.4627304261729621,-0.9233677157842785,-0.6680437895660346,-0.7837423703480915,-0.2592309678817154,0.14962068006825252,-0.7390405356726789,-1.6694566617306277,-0.5363971383418623,-0.9334114443797755,-0.8674171914910022,-0.6711839829354725,0.312111980532898,1.1206539022871702,0.3352183796298175,0.7232472063879434,-0.023070749091863327,0.17203940755751354,-0.31211198053289735,0.6711839829354719,-0.6760201580619267,-1.535313186870074,0.14540105704928116,-0.1602567656399366,-0.5112890635057554,0.41608517572303205,-0.05703537174666111,0.2896456887631914,0.015758101167622184,0.917210226264372,0.19995793940503753,-0.2959043164138529,0.10608132819102022,0.09305597698558829,-0.667477223982284,-0.12479618717266176,0.013711913318286572,-0.1469716669968365,0
1.135715637734753,0.05256894469021735,0.5693561964423357,-0.13478617003801185,1,0,0,0,1,0,-0.20530619155379135,-0.28557310682037435,-0.041896812837936774,-0.3533186434247058,0.1512023740210617,0.05342643156249622,-0.1201424886922303,-0.3862077309336977,0.8079161137634291,-0.5025613230980681,-0.7246203870264607,-0.8563084880149503,0.1833601855862358,-1.1335943774077333,-0.20015318540073895,-0.5867615328364761,-1.6158640636471753,-1.9052533058386956,-0.36261672883974233,-0.8082637896695036,-0.9656130900516916,0.3295731637626698,-1.6940871462987839,-0.9233352203621807,-0.9180670335682489,0.8082637896695036,0.3626167288397416,-1.0659553487776992,-0.18442671521636386,0.018034525485845748,-0.28946177058654887,-0.8867912286858101,-0.15100471279239655,1.3294711944779316,1.7292180887829538,-0.5423417704240322,-0.9701972441467586,0.12408133374116129,-0.48749186102961545,-1.2294446225572482,-1.4469474413567518,0.7917890337905242,1.439192814651505,1.0714264874841732,-1.136704559054746,1
1.3156174742354179,-0.8493028643109486,-0.15484123025532542,-1.161438585374874,1,0,0,1,0,0,-0.4703038686405733,-0.0029776767386127034,0.34189862968341117,-0.4887226623393273,0.7628332711078518,0.37540517203647955,0.32584672233081974,0.26368748274920634,0.17170672996102715,1.0529541623270162,1.8634003754313384,0.5008713463163894,-2.0607867510687017,-0.41867079694445986,0.7727049589321348,-0.19843789387439034,-0.25592568356630346,0.3831328530256311,-0.06904425348519842,0.7516060278018181,-0.871428726649085,0.4121595197480409,-0.43413979813245923,-1.6762446692802497,-2.0484570896715497,-0.7516060278018188,0.06904425348519772,-0.3974950218363748,0.7161642658861095,0.00893691608845806,-0.09565426316663046,-0.18699173903207253,0.7311351137871589,-0.709509049969999,-0.762349526635866,0.015758101167622184,-0.859173275299045,0.27583454506891375,-0.2776578835933038,-0.4514683405679659,-1.0407926936620688,-0.6040308649486834,0.9453015509175579,1.5724491805101195,-0.5181215015185524,0
-0.35489957898503444,-0.7977673323680251,-0.4445202009343899,0.3052077222492148,1,0,0,1,0,0,-0.5838743016777656,0.22379643382082565,0.06044863850108935,-0.4082903605054282,0.8319095143069667,0.4876505385072709,-0.031244551157585246,-1.1593339603998183,-0.3659575200301081,0.9010896564175502,1.3356389540588998,0.6248007611645283,-1.2462550815640336,0.24410838318500166,0.09148591308528907,-1.5380993362573046,0.8439305492216548,0.4855689287488211,0.7577574583546642,0.10061909740348675,0.287356529198438,1.682870823380145,-1.045365309673426,-0.38048690607280794,-1.2623325038832105,-0.10061909740348675,-0.7577574583546649,0.18740776423728422,0.04072103005925432,-0.11842961547497735,-0.8838047933409655,-0.5454256239766699,1.2037100208833493,0.02452383803125581,-0.319404172783631,-0.29429738304996345,0.05677446769459199,1.1863538130354276,-0.7064490548762022,-1.0868156375258795,-1.1423313805857394,-0.5405845059150832,0.6160407084282594,0.7374113588002092,-1.0748462533011267,0
-0.5862019402001745,0.05256894469021735,-0.4445202009343899,0.3052077222492148,1,0,0,0,1,0,-0.11697363252486404,-0.32860204061883186,-0.7455217907937414,1.200355676172554,-1.2263655233388107,-1.1803782142260038,-0.6774862079742975,-1.576278289655987,-0.7396250050574356,-1.1330472738958635,-0.938282205915326,-0.3863645288098149,1.2184212398075853,-1.0092492221308054,0.36317419605688706,0.22740224936702086,-1.20120258087809,-0.8558788872899604,0.5581846313588362,-1.080555857232306,-0.06636886710111334,2.5273113579008952,1.2396094895223866,0.33958185178442535,0.3842136708361063,1.080555857232306,-0.5581846313588369,-0.8988402670423681,0.491016520610491,0.427426948368315,0.48576825909312477,-0.05044549714841698,0.16404522527173035,1.6557080335896,1.4523772426253072,-0.046252995675895824,0.0012624832707351544,2.5521327149851984,0.3062279666642602,0.9229564242797662,1.0238272737859035,-0.857816301083085,0.4514102871836102,-0.04195727479570725,0.16231986177126023,0
-1.1259074497021662,0.6967630939767645,-0.8790386569529866,-0.4281154315628296,1,0,0,0,1,0,1.7758669180950069,-0.6774852876333524,-0.6687627022894718,0.6188127744238591,-1.7390593564714143,-0.9992651727093881,-0.4519906303220426,0.5869626662099435,-0.3656971186608102,-1.4878858347282917,-1.828175673931766,-0.4367559386755984,2.5855514878805237,-0.6090780565819527,0.24046306836021064,-0.31891866761473875,-1.081455928488503,-1.5432321518378558,0.5444209881177442,-1.1356331163529634,0.019920356545836387,-0.5647340568653837,0.17943770758156688,0.9376845858924588,0.8700520822752281,1.1356331163529634,-0.544420988117745,-0.48105256270404034,0.41596727218528484,0.5547934799317504,0.29196075167320634,-0.1699234587966153,-0.05648973137315825,2.7159777607025237,2.5597406272558936,0.139780294854656,-0.38732140769626244,-0.9381911455531051,-1.582277830262547,-1.268343436656712,-0.8884846632765624,-1.1433249167342867,-1.1948939252628807,-1.6563637301015341,-1.8790042280981787,1
0.6474106529472365,-1.776942439283576,1.7280720791585935,1.478524768348486,1,0,0,1,0,0,-0.15483044353726144,-0.31115787826810587,1.9154599440209379,-0.6779410990277087,0.9043064816106138,0.28462505493062035,-2.0639012577009295,-0.649979093162382,1.955264242679073,-2.6047018730775315,-1.3766590265808867,-2.510533903884316,0.6303306398712372,-0.4158918699636611,-1.702416175285116,2.3702528342184626,-0.6118697152310048,-0.2445244343179743,-0.30025191215747105,-3.126282624571021,2.4543506835970854,-0.8133264486133912,-0.29103620940452624,2.9120646534764845,1.5509936404671316,3.126282624571021,0.3002519121574703,-0.3139374809687093,-1.535313186870074,0.41832933897092733,1.6486133036126354,1.263812080981773,-1.6632444155002057,0.02452383803125581,0.17890935030013266,0.2638024885416898,3.692809447457211,-0.17942508891434333,2.5687856364123185,1.9732244049652974,3.376140187517609,1.3628062650929278,1.439192814651505,0.013711913318286572,2.018069034379841,1
-0.5862019402001745,-0.9523739281967958,2.452269505856255,1.7718540298733036,1,0,0,1,0,0,0.26159447759911014,-0.46408503487613734,-0.5920036137852022,0.18193228604548617,-0.9469657020547847,-0.4975149688040975,-0.3899405218819313,0.9036687942971275,0.794823220166523,-0.5133134068379229,-0.6561673374549201,-1.8804661492158519,-0.36240013690268985,1.0733749903830514,1.1922663040450605,1.0007684470192637,0.36251276724119663,0.13928367485726076,-0.5566704711695901,-2.0126325500434374,1.614725431080617,-0.045927569715261435,-0.08087419318987249,1.0529147509579826,0.9890330742503839,2.0126325500434374,0.5566704711695893,0.744458036688388,0.7912135143113154,-0.6551885699208807,-0.08273376267196997,0.06903246449978255,-1.442709458855317,-0.7910682597479163,-0.6516131881728072,-0.6663639641110671,1.8331579692580091,0.19995793940503753,0.7623887871779818,0.5987996401175653,1.0238272737859035,0.8235122133073248,1.439192814651505,0.45906541823023866,0.6571863078002155,1
-0.5348014154856993,0.0783367106616796,1.0038746524609323,-1.161438585374874,1,0,0,1,0,0,-0.19268725454965888,-0.28789899513380446,-0.38731271110714993,-0.17393725084550635,-0.22254619814693688,-0.08699207469976873,0.863320105969742,0.5499787156384699,-0.3626188109192768,-0.2070421159559357,-0.11789944242182311,0.09287287160084236,0.010453088915058356,1.119533793148274,0.763438284967474,-0.41534479070418817,-0.19932769378439938,-0.3765527433682292,0.7431545685744835,-0.6103841330315712,-0.0818426478430143,0.009932667387298292,0.07833060336993437,0.08205061232769786,-0.21435541446717626,0.6103841330315712,-0.7431545685744843,0.911573118423719,0.5660657690356972,-0.32767463161490584,-0.4832692780064673,-0.5283573437412127,-0.08799472517957138,1.0032343553662626,0.6772228733838963,-0.4803306735805153,-0.16527347000083534,-0.1035484832504671,-0.33239718205494984,-0.24400799870415715,-0.194636969298146,-0.5723076854318833,0.9453015509175579,0.6817421706862145,-0.45626319576493324,0
0.10770514344524394,0.5163887321765315,-0.8790386569529866,-0.13478617003801185,1,0,0,1,0,0,-0.2810198135785862,-0.2559180308241401,0.35469181110078946,-0.48930131199280863,0.49536756374614754,0.18132354236188405,-0.3826212571909364,0.5125201452424483,0.10626255205957817,0.24295695198498954,0.37223998149336834,0.07911881537105539,-0.04074064860653186,-0.7726340480431487,0.3091441363372097,-0.31105547544291057,-0.015196376552971073,-0.058168045494148425,-0.16027754582615011,0.266869946255213,-0.23996266497730434,-0.3937561744263874,-0.45784522322644033,-0.3432876347161187,-0.5407199816872698,-0.266869946255213,0.16027754582614942,-0.9266927806649233,-0.18442671521636386,-1.2829236183406676,-1.2197378062021575,-1.1598837124531223,-0.7180946013078251,-0.5463906304141645,-0.5408768497097485,-1.1624527388592034,-0.49834537654397587,-0.7105613285614767,-1.2173491738515698,-1.2294446225572482,-1.2607931819966884,-0.7626467625326843,-0.7833178721512579,-0.7656567202776299,-1.6934293108373202,1
-1.2030082367738797,-0.6689285025107157,1.0038746524609323,1.0385308760612593,1,0,0,1,0,0,-0.25578193957032125,-0.2617327516077154,-0.630383158037337,0.3613136786246856,-0.62894144698481,-0.48052164639019285,-0.31921550915244,-2.117924441515066,0.4215222701447319,-1.2509152925105322,-0.754010074320959,0.4870560578876904,1.6110846931474054,1.3458800727478923,-0.9713291268019709,0.6731516006879351,-0.6442369237438149,-0.6161329926082744,0.8018189915875111,-0.13094794135889734,1.7886644467120634,1.9338615665239438,0.10021737583099755,1.0510915522548903,0.3787160782625712,0.13094794135889734,-0.8018189915875119,0.577342954953057,-1.2351161931692491,-1.6104375566466425,-1.0905328012555453,-1.2452251136304073,-1.6947494093066184,0.758556726032511,0.40038202722625016,-1.8445748041378918,1.333550109443298,1.413983630027056,-0.6790794056453779,-0.5292659687668935,-0.11002139686175369,-0.9529858396334858,-0.5363722402842841,-0.6543183440496418,-0.5181215015185524,0
0.44180855408933456,0.5421564981479937,-0.8790386569529866,-0.8681093238500562,1,0,0,1,0,0,-0.356733435603381,-0.19195610220481132,-0.2849672597681238,-0.2520549540654803,0.0999991095656377,0.047165733831057655,0.06313996810004864,-0.8006350237286696,0.9055953951004643,-0.44024655826609105,0.40637890456045545,0.7670678631612203,0.16138186053386147,-0.7519135101993142,-0.9761713423462601,0.31619512164076174,-0.8264447111213347,-0.33622194770714975,0.4783555005605047,0.5717619163874261,-0.8391007825048699,0.12098967492782318,-0.920233639219972,-0.22474373067288178,-0.8565677703714295,-0.5717619163874261,-0.4783555005605054,-0.7874302125521474,-1.009968447893631,-0.4914316007678933,-0.26362076959722697,-0.5624939042121272,-0.34003467563087314,0.758556726032511,0.5664865349208381,-0.4183195767369984,-0.9424412519348303,-0.2553016945782196,-1.0622544948769042,-1.3072422507561756,-1.2946394109712458,-0.635754044465484,-0.28942660841731066,-0.04195727479570725,-1.136704559054746,0
-0.5091011531284612,-0.4370186087675581,1.0038746524609323,1.478524768348486,1,0,0,1,0,0,-0.23054406556205628,-0.28092133019351406,-0.7711081536284979,1.376843820484347,-1.2786749721771822,-1.280102185233918,0.5970035021050127,0.05356300820691629,0.9540369018224419,-0.42162278555047544,-0.1859711135655831,-0.7025677615356207,0.37852103269022647,0.8111939214058669,-0.715560106029285,0.5457489627668402,0.657028228186531,0.30166961477074333,-0.24687185720061178,-0.7133741297612541,-0.01961249409129126,-0.790349315676568,-0.755775329465332,1.221083126571744,0.5362932193473822,0.7133741297612541,0.24687185720061106,0.35452284597261524,-0.9349191994684248,-1.1282642585850677,-0.7158382869103699,-0.4430159425639276,-1.411204465048904,-0.6279498401920818,-0.5962450189412776,-0.790386157798101,0.08453045990652028,-0.6346847228976005,0.4613226456389258,-0.02358138547386016,0.46536449570571364,0.6966194952401235,-0.20711139779498602,-0.5429799678216537,0.47161139053935697,0
-0.4063001036995106,0.9544407536913834,-0.4445202009343899,0.5985369837740325,1,0,0,0,1,0,-0.6343500496942954,0.46801470673099,-0.4128990739419065,-0.14789801643884834,0.5039726164422876,0.47423475765418827,-0.5205469081483923,-1.4540295252134612,0.00856597869708225,0.6618231434994627,0.7237103872410889,0.4426785532711344,-1.064446799766077,0.3748769649402435,-1.6437441970460351,0.6344366482638332,1.1135147642255405,1.1970360165596134,0.05712944868845589,0.5471004570796687,1.0984057936248188,0.3490343026730985,0.6258376668271457,0.21006180957381343,0.22781373818676998,-0.5471004570796687,-0.057129448688456604,0.32667033235006016,-1.535313186870074,-0.054746349693259644,0.279040251178545,0.7346953936826055,-0.34003467563087314,-1.1173050988595852,-1.2606630497196296,0.3258135853852078,0.8061862574166584,0.12408133374116129,-0.5331079430809875,-0.1532440991387405,-0.0592520533999176,-0.857816301083085,-0.37174181903963527,-0.15329565102369538,-0.3944048900113141,0
0.6474106529472365,1.1348151154916164,-0.15484123025532542,0.5985369837740325,1,0,0,1,0,0,-0.7983962307480176,3.1340641860002845,-0.2210013526812325,-0.281566086393026,1.8407040330062687,2.6279147772690545,0.92772003358903,-0.6193637887799462,0.4919528721074028,1.7725733682626,2.0902565429745423,0.6741302500024193,-1.7243910995970528,0.18886210780832896,-1.4640090272409882,0.15241702546756256,1.0290588966826713,1.3513308339920702,0.8763442106275502,0.05028573960672956,-1.1013084970873903,-0.6165158673798438,-0.5193516451365916,-1.3742350770007643,-1.398124334009874,-0.05028573960672956,-0.8763442106275509,0.4102278732177254,-1.2351161931692491,0.8823074182377254,0.8346217724489774,1.263812080981773,1.0461850518512859,0.35076067714292497,-0.04256332662598434,1.3800022317249987,-1.0257092285706153,-0.5588081172337243,0.07814755640739948,-0.2051091846046925,-0.7192535184037778,0.12560226393772106,1.1922471827845313,1.3497724280541432,-0.45626319576493324,1
-0.8432045637725518,0.6709953280053031,-1.168717627632051,-1.161438585374874,1,0,0,1,0,0,0.3499270366280375,-0.4937401108723716,-0.7839013350458762,1.6690618954923977,-1.8225728208667882,-1.6696070226684174,-0.2942957931713151,1.1501423289727433,-0.613926810600132,-1.3950736016301244,-2.228688762413861,-1.0857878778348555,2.2116828285021937,-0.9132769907530685,0.4857778050225585,-0.3234447682261492,-1.7916566794223308,-2.417961058337825,-0.5609884768922861,-0.924503623057108,-0.503310143987284,-1.0919649003191128,0.5142277175875365,0.10807833924151633,0.5367361877866963,0.924503623057108,0.5609884768922854,-0.8988402670423681,0.340918023760079,-0.2730889752305771,-0.39282577454383927,-1.040405750804923,-0.9071245641463012,1.247911984700014,1.784586258014483,-0.6663639641110671,-0.47058938433204756,-1.0140677512169813,0.041654690766301246,0.30057539868834077,0.3299795798074865,-0.0012904541294803558,-0.12479618717266176,-0.5429799678216537,0.16231986177126023,0
0.05630461873076867,-0.7977673323680251,0.27967722576327125,0.3052077222492148,0,1,0,1,0,0,-0.7226826087232228,1.2035768858532707,0.06044863850108935,-0.4082903605054282,1.357548890776926,1.2411702297554126,-0.508667553858748,0.7124135663301476,1.7737835774526456,0.3878783146133012,0.9720245936872787,0.6819400220378206,-0.8420884095347213,-0.18932540180165416,2.4407714543340444,1.5761094434114575,0.17782355493875365,0.2860236586708333,0.8686312511301267,0.06858695651968806,0.5181429052547252,1.4673012846800155,-0.8409835812661206,-0.3476717861087842,-0.9844331449317254,-0.06858695651968806,-0.8686312511301275,-0.11896988561082296,2.4422969796658496,0.2909628074074919,1.093031782342202,1.1272658390981163,-1.1591645145976028,0.5138790966987595,0.12354118106860354,0.2638024885416898,0.3620903820258042,1.1863538130354276,-0.350643614875499,-0.7107937678977266,-0.7869459763528921,-0.2233527107470814,0.5337254978059351,0.6260729825722207,-0.76555472453303,0
0.6474106529472365,-1.132748289997029,1.7280720791585935,-0.8681093238500562,1,0,0,1,0,0,-0.15483044353726144,-0.31115787826810587,1.7875281298471553,-0.6715759528394145,0.8732499130600327,0.27970593528449006,0.23305064219612026,-1.3294263374788453,2.052218834908011,0.06002717491375266,0.8636246100237801,-0.46268312513175025,-1.521255247247127,-0.3354934890468611,-1.7361337576513562,2.5166242642850123,-0.5212760577715176,0.12282944527145186,0.08301123374971872,-0.7133741297612556,-0.6592837323117761,0.08545868344933633,-0.27648721376957125,-0.5979812564134376,-1.0028352433835774,0.7133741297612556,-0.08301123374971872,-0.3139374809687093,-1.6103624352952797,0.03622974428062242,1.338521291740765,1.0248561576853752,-1.6947494093066184,-0.30171300108041293,-0.3747723420151606,-0.17027518936292965,-0.5631093583718088,0.19995793940503753,0.36400833726266424,0.15794641365697218,-0.093098282374475,-0.0647368131630805,1.9879608854670021,1.6837875567381073,-0.04387449074080463,1
-0.8432045637725518,0.5421564981479937,0.27967722576327125,-0.13478617003801185,1,0,0,1,0,0,-0.81101516775215,3.1980261146196134,-0.438485436776663,-0.09929144554642011,1.83408812648918,2.53624027477299,-0.8164587129264004,1.838515850090193,-1.5261828091877396,-0.4681578155945873,-1.0733291872539519,-0.09411037649038509,0.7036034823915105,-1.005035041114996,2.2357553800028658,-0.32038308957347655,-0.7036409919364734,-0.9358475121542016,-0.01835909107355938,-0.11014700605881247,0.13108654401746778,-0.2836900428781429,1.7643889201924265,-0.06526735690419834,0.48170756308248414,0.11014700605881318,0.01835909107355796,-0.8709877534198129,2.4422969796658496,0.6184767457134681,0.3436427536518511,0.03489590402886805,0.3215701943037938,1.0032343553662626,1.1201682272361313,0.2638024885416898,-0.08200549336504998,-0.482931511569848,-0.7338187041070253,0.19684522775643593,0.1607484349347019,-1.4922798914190887,-0.28942660841731066,-0.3759724034796717,-0.8274130302866491,1
-0.6119022025574117,-0.5916252045963298,-0.15484123025532542,2.505177183685348,0,1,0,1,0,0,-0.8236341047562825,5.430878895512544,0.25234635976176334,-0.4592115300117816,2.928505325422581,4.531614080321481,-1.6798870278101607,-1.386706111421511,0.020430850536853867,-0.2847807675364779,0.3367403453599401,0.507333336065295,-0.09986833766955662,-0.9610976575995518,-0.8998306617491139,1.149523958506733,0.5236438935272975,1.4751450512751374,0.8847583482611019,-0.18555039652161812,1.3756063499491984,1.0018670533956477,1.1272310615099022,0.9039567655571241,1.0024130877317339,0.18555039652161812,-0.8847583482611027,-1.0102503215325889,-1.009968447893631,-0.8007503202790929,-0.1473362651452761,0.06903246449978255,-0.6235796198885869,-1.0357458890816678,-1.4267675574142176,-0.6043528672675491,1.0837461795359422,0.7310941790521709,-0.44187577897824326,0.1709126850234604,0.5330569536548284,-1.0481553781838862,-1.0302635040182315,-1.211010225189582,-0.332546584257695,1
-0.6633027272718879,-0.8493028643109486,1.0038746524609323,0.5985369837740325,1,0,0,1,0,0,-0.6091121756860305,0.3604423722348462,-0.8094876978806327,2.259284542043312,-1.00139976970615,-1.4688175025672805,1.0548289855538224,1.5167453197138725,1.0764053524769608,0.1218648344321409,0.29667668838057065,0.3776627417705605,-0.1458527203245324,1.5163240899395762,1.5304486112507638,0.320887675631892,0.8601182735303502,0.32215128465735404,0.4783555005605047,0.040659774866796713,0.04832778256871154,-0.5486107295704064,-1.1490210089081832,0.6882470273606882,-0.0711761971137126,-0.040659774866796713,-0.4783555005605054,1.1343932274041606,1.0914105080121401,-0.6278957417287164,-0.37990527404917784,-0.03337721691295973,-1.033144539371952,-0.30171300108041293,-0.5408768497097485,-0.5423417704240322,-0.3040534310604773,-0.8623145398892288,-1.3359509871851372,-1.6184327635518894,-1.311562525458524,-0.5405845059150832,-0.7010026615289333,-0.7656567202776299,-1.3841377820692236,0
0.544609603518286,-0.1535731830814779,-0.8790386569529866,1.0385308760612593,1,0,0,1,0,0,-0.2684008765744537,-0.2559180308241401,-0.7966945164632545,1.932347487826384,-1.4576827254211728,-1.690177886643144,-1.2456351296955155,-0.6089151736101173,-0.43180197652653796,-0.8275014436083976,-0.7729182220907094,-0.41964262982772,0.797242013798744,-0.9645399595851726,-0.014643561663128092,-0.8667939365374384,0.0432684266777336,-0.7281860846929415,-0.1984048918790851,-0.3755669404878874,0.7683290071728874,0.8210855867321459,-0.2807565455679378,1.160805295602655,0.293899561352064,0.3755669404878874,0.1984048918790844,-1.0659553487776992,-0.40957446049198204,-1.2101427431615621,-1.4006248131274146,-1.3134982345722352,-0.8126095827270634,-0.22015379130249568,-0.1532996650890431,-1.3484860293897554,0.19555442875423396,0.12408133374116129,-1.481922449749529,-1.3720736075886157,-0.9223308922511192,-1.3019408143182878,-0.8656330827735822,-1.0996718489615938,-1.5078543935764617,1
-0.4320003660567478,-1.235819353882877,1.4383931084795292,-0.8681093238500562,1,0,0,1,0,0,-0.7479204827314877,1.3809258697523188,-0.23379453409861076,-0.277515538818657,1.269648225209414,1.2764984526685301,-1.4158741948499889,-1.615642118016483,0.3368156374046508,-0.035614736397550334,0.7566321384316095,0.4682589214559478,-1.286608023123751,-0.10744384049770091,-0.9121603385763446,-0.8136160185988467,1.1163074328686455,0.7769269019130494,1.0008734476041308,-0.3540047794704373,1.861450914685194,1.3037373075590764,-1.2780438935849316,1.155024552796605,-0.22514093358344564,0.3540047794704373,-1.0008734476041314,-0.11896988561082296,-0.8598699510432187,-0.04564874029587195,-0.4574282770171454,-0.01630893667750248,0.6681251261743327,-0.38327221085833024,-0.8177176958673952,0.015758101167622184,2.138473883589221,1.6416134470186852,0.8718673841012752,0.002351157259115363,0.46536449570571364,0.7917890337905242,1.439192814651505,1.3497724280541432,0.7809029193074537,1
0.6731109153044746,-0.7977673323680251,-1.168717627632051,0.3052077222492148,1,0,0,1,0,0,-0.7605394197356201,1.6745692693228735,0.06044863850108935,-0.4082903605054282,1.6244573095884214,1.603396312788644,-0.8730720412630354,-1.2568171977543416,0.721819461221089,0.044799294341487036,0.677658491399267,-0.0203958267621136,-1.0877971786191873,-0.635120367346552,-0.8152409970566287,0.4509853382646101,0.04776646700230009,0.46380930729394904,0.6912331826893887,-0.7133741297612556,0.579423138648553,0.9083305122293202,-0.5335546124886059,-0.013156545427962693,-0.4281697123816788,0.7133741297612556,-0.6912331826893894,-0.6203151308168162,-0.7848207026180125,-0.10933200607758836,0.13691474573727128,0.15437386567706757,-0.08799472517957138,-0.38327221085833024,-0.7069813574043363,0.015758101167622184,0.5563823275093027,0.8828473903799233,0.0872707728176734,-0.2051091846046925,-0.194636969298146,0.12560226393772106,0.7806711296729086,0.45906541823023866,-0.45626319576493324,0
-0.8432045637725518,0.5421564981479937,0.5693561964423357,-0.8681093238500562,1,0,0,1,0,0,-0.785777293743885,2.2676707892475583,-0.2849672597681238,-0.2520549540654803,1.581973075347812,1.9387908341157098,0.5821951716982202,-0.6359119852562162,-0.3668439670815465,0.34896461641156623,0.28340595162075294,0.04315865306226232,-0.0705355524471098,-0.13635601168072592,-0.3879278914497086,-1.0701864011574032,0.6329505423983423,-0.27653456056387016,0.004530982273630621,0.05436948222367098,-0.9458018786857373,0.48419151086945644,-0.5739461324339921,0.15619423960644227,-0.6384237924926416,-0.05436948222367098,-0.00453098227363133,-0.4253475354589299,-0.7097714541928067,-1.2465331807511142,-1.5169093175793655,-1.2452251136304073,-0.655084613695,-0.38327221085833024,-0.4301405112466897,-1.3484860293897554,-0.9979532363586869,0.12408133374116129,-0.8341740846200435,-0.9701191952274875,-0.8546384343020056,-0.794369942049485,-0.20711139779498602,-0.2089648391376897,-1.0748462533011267,1
0.6474106529472365,-0.4370186087675581,-0.15484123025532542,1.478524768348486,1,0,0,1,0,0,-0.7983962307480176,3.1340641860002845,-0.7711081536284979,1.376843820484347,0.5464568506828977,1.34626051310456,0.17382682787427292,-0.3033967302856246,0.5396977986063238,-0.07061427319083255,0.2470547967866912,-0.9295419400774771,-0.021820580199189157,0.2250152239977661,-1.3844738968607255,0.23848482512329433,1.0533414011598716,1.4866117815489621,0.3871222082195544,-1.6517274332983856,-0.016877875028279466,-0.9705140235204609,-0.4981307208180684,1.139870629826253,1.1302037236076705,1.6517274332983856,-0.3871222082195551,0.29881781872750485,-1.2351161931692491,0.34554846379182197,0.42116575661981864,0.8541733553308051,0.6681251261743327,-0.5463906304141645,-0.762349526635866,0.7598912632898273,0.029018475482663446,-0.8623145398892288,0.22411901897178985,-0.07544647093981212,0.38074892326932136,0.9186817518577256,-0.20711139779498602,-0.8769950965056176,0.34789477903211874,1
-0.6119022025574117,-0.8493028643109486,-0.15484123025532542,0.5985369837740325,0,1,0,1,0,0,-0.8236341047562825,5.430878895512544,-0.8094876978806327,2.259284542043312,0.9012659350619028,2.4307027987287397,-0.6746009173744256,-0.3953903802443392,1.3058119297532258,-0.019786920116045784,1.2785969890064872,0.8961415718035802,-0.8264728016571338,-0.9525635602964172,-1.3425567711387283,1.090652933576747,0.4115582620578298,1.5914001950874164,1.1441644212614832,0.08746187929198715,-0.01374128851785513,-0.8022581955523607,-0.6890876368545653,0.4348249801749403,-0.10854615664170168,-0.08746187929198715,-1.1441644212614839,-1.0102503215325889,-1.3852146900196616,-0.8553359766634215,-0.22485926811324272,-0.05044549714841698,-0.43454965705011084,-0.7910682597479163,-1.2606630497196296,-0.6663639641110671,-0.38732140769626244,-1.0899443568808573,-1.481922449749529,-1.5406351353529608,-1.311562525458524,-0.8895394805998851,-0.6186874509066087,-0.6543183440496418,-1.4459960878228426,0
0.6217103905899984,0.7225308599482267,0.27967722576327125,0.3052077222492148,0,1,0,1,0,0,-0.5333985536612357,0.06389161227250373,0.20117363409225028,-0.44648123763519326,0.8054816164950583,0.3941872652307952,0.8580750946296335,-1.2441265787239337,0.5959758815639806,0.35112167075763046,0.6057462524549015,0.6868896255222796,-0.13393511294847146,1.6060515715641626,0.7257131045247779,-0.8303680367040468,1.1432854918716377,0.8046709200993312,1.3891927962267179,-0.440948977121442,0.4115734998321717,2.4346062306383747,-1.6491587919075665,0.6593195983820719,-0.0018952582079466214,0.440948977121442,-1.3891927962267185,1.3015083091394917,0.491016520610491,-0.4277483349861756,-0.7675202888890147,-0.32353798091572933,0.3845801819166189,0.10608304780917345,-0.4855086804782194,-0.6043528672675491,0.11228645211844858,1.717490052682561,-0.8706669502611417,-1.488770049887009,-1.1931007240475748,0.31594134103852145,-0.20711139779498602,-0.4316415915936655,-0.8274130302866491,0
0.544609603518286,0.9544407536913834,-0.15484123025532542,0.5985369837740325,1,0,0,0,1,0,-0.43244705762817587,-0.09659468135417572,-0.4128990739419065,-0.10739254069515815,0.047689660727268074,0.008707162052220753,-0.8084640339231149,-0.2855430503385864,0.7311752729539643,-1.2311955632104514,-0.8481207332464656,0.22459287676958983,1.0597905798230867,0.20757806202869172,0.02873137144071211,1.7645777794370268,-0.6486183558746637,-0.2389850124114517,0.010024599876957354,0.29637562078413626,1.3315984731281392,0.4206992549641064,0.7736894004571929,1.0201069170812909,0.869276140790225,-0.29637562078413626,-0.010024599876958064,0.0759977097470634,-0.10937746679115769,-0.4004555067940112,0.5245297605771081,0.22264698661889537,-1.5057194464681423,0.2692014673650073,0.2896456887631914,-0.728375060954584,0.5286263352973745,-0.2553016945782196,-1.6917564271858405,-1.1257144516253432,-0.7192535184037778,-1.7143421480366898,-1.277209135885205,-1.32234860141757,-1.569712699330082,1
-0.4063001036995106,-0.30817977891024867,-0.4445202009343899,-0.4281154315628296,1,0,0,1,0,0,-0.6343500496942954,0.4534779047720517,-0.5280377066983108,0.043056369209976894,0.30829872852547685,0.31548135089271045,0.4511909366181821,-0.6750160408762024,0.8251970875697331,0.07968140419329037,0.2482963193492282,-1.051950043996175,-0.40583862738224047,0.44987768474307943,-1.4054985405555105,0.19645988996949051,0.997475506307841,0.9729585797081629,-0.3471945350124867,-1.0903910820752818,-0.17787949872455427,-0.48151688373001855,-0.9306488200741222,0.8814352009203216,0.6271073063576535,1.0903910820752818,0.347194535012486,0.10385022336961848,-1.4602639384448675,-1.0099953364190213,-0.7675202888890147,-0.3747428216220998,-0.7180946013078251,-1.5251011477491712,-1.592872065108806,-0.790386157798101,-0.1375174777889068,-0.4070549059059717,0.16937972051014377,-0.3477381696360611,0.008440404549195996,0.9821281108913258,-0.28942660841731066,-0.7656567202776299,0.10046155601764112,0
-0.35489957898503444,-1.2100515879114147,-0.4445202009343899,1.7718540298733036,1,0,0,1,0,0,-0.5838743016777656,0.2179817130372503,-0.7071422465416066,0.8618456288860002,-0.34756481593456784,-0.49840935419430304,0.42317038133100865,-0.2232243880788858,-0.993214750193317,0.3446513389187782,0.22924492332746324,-0.004876974187740391,-0.13664613503075035,0.585029735603869,0.38279063733702196,-1.7119114216167683,0.9402951198122343,0.2753503721231342,0.4884925330428311,-0.4911325578708816,-0.0038738977297342317,0.6898537353864965,-0.36254804621137077,0.46677882109993385,-0.029203582040086395,0.4911325578708816,-0.4884925330428318,0.4659329004628361,0.26586877533487285,-0.2276009282436361,-1.051771299771562,-0.6819718658603261,1.0146800580448727,-0.13859458152457876,-0.3747723420151606,-0.4183195767369984,-0.27629743884854874,0.19995793940503753,-1.0622544948769042,-1.060883094792903,-0.8377153198147269,-0.794369942049485,-0.4540570296619595,-0.7099875321636356,-1.4459960878228426,1
0.6474106529472365,0.5163887321765315,1.7280720791585935,-0.13478617003801185,1,0,0,1,0,0,-0.15483044353726144,-0.31115787826810587,0.44424408102243734,-0.5002956554089532,0.4073569011598443,0.1473368975340747,0.032037526770803335,-1.0312356424679947,2.3161570758119594,-0.37917115364871135,0.3026061459271328,-0.44907428518191533,-0.4210437708014112,-0.3471520233969611,-1.6449430235244777,2.277131321810158,-0.7343865983667371,-0.25037243815135923,-0.35678002163742906,-0.25863368266248993,-0.39141917226539696,-0.23246452797049896,-0.8779669416445838,-0.215969413288441,-0.6378427649471082,0.2586336826624906,0.3567800216374284,-0.3417899945912644,-1.535313186870074,-0.04564874029587195,1.1317932838261862,0.7346953936826055,-1.6947494093066184,-0.38327221085833024,-0.26403600355210183,-0.35630847989348147,-0.49834537654397587,-0.4070549059059717,-0.6243401071837319,-0.944186652494511,-0.9561771212256767,-0.15990635171348128,-0.12479618717266176,-0.26463402725168356,-1.3222794763156045,0
0.05630461873076867,-0.6689285025107157,-0.15484123025532542,1.0385308760612593,0,1,0,1,0,0,0.009215737516460692,-0.3925639692381606,-0.630383158037337,0.3873529130313436,-0.8764873770530827,-0.6012636740679366,-1.6424916715356888,-0.9157767572680149,-1.347320007498041,-1.338357582353767,-0.6873473845291487,0.3834317065319048,1.5523221844720545,-0.9649392644364878,0.3640342250973692,-1.508730657503292,-1.052487462774594,-1.052775510945414,0.6912331826893902,-0.1626015385546773,1.3197687084584475,1.6216138344136335,0.3257027763763789,0.7644061984155349,-0.13424511692227623,0.1626015385546773,-0.6912331826893908,-1.038102835155144,-0.03432821836595151,-0.9918001176242447,-1.5169093175793655,-1.7572735206941175,0.19555021907814235,1.247911984700014,0.954063719541543,-1.5965304167638241,1.0837461795359422,1.33810702436318,-0.323273965644676,-0.11434528503927678,0.19459466390925928,-1.206771275767887,0.03983423407198747,-0.04195727479570725,-0.332546584257695,1
0.33900750466038404,-0.2566442469673251,-0.4445202009343899,-0.8681093238500562,1,0,0,1,0,0,0.6023057767106869,-0.5449096537678346,0.4570372624398156,-0.5147618967459854,-0.07809500417367116,-0.02125474851966381,0.15090445983563097,0.5700653474254533,-0.3129736954349439,0.10267194934915753,0.23860824994400723,0.2815371431775318,-0.2000985252680979,-0.3385426799396321,-0.5379538733644385,-0.027111921386301654,-0.9323022210555107,-0.357189615656741,-0.6862106428504532,1.0645584453617318,-0.5481041816922562,-1.3213429606322875,0.4006006600109284,-1.0631581030723178,-0.6589285493677125,-1.0645584453617318,0.6862106428504524,-0.3696425082138195,-0.5596729573423944,-0.2185033188462471,-0.19901826712392082,-0.5454256239766699,0.19555021907814235,-0.38327221085833024,-0.09793149585751397,-0.23228628620644656,-0.859173275299045,-1.5452039908641146,-1.8924671882118775,-1.4498712357875443,-1.68387104417865,-1.4922798914190887,-1.0302635040182315,-0.7099875321636356,-1.8790042280981787,1
-0.2263982671988458,0.5421564981479937,-0.4445202009343899,0.3052077222492148,1,0,0,1,0,0,-0.40720918361991093,-0.1047352904511812,-0.4001058925245282,-0.1444261185179606,0.026326101818902607,0.031066796807358486,-0.4611282212305205,0.4430561253908744,0.5825623275070699,-0.6499736597010398,-1.0363738536149445,-1.3839530495465617,0.7423193650264058,0.2121670700346461,0.14630353968206836,-1.2860229291654268,0.4696737356472162,-0.4050196506341725,-0.30025191215747105,-1.5897607057063121,0.8532048532168435,-0.46154476217753093,-2.088711237888426,1.343792917892519,0.9519139089431079,1.5897607057063121,0.3002519121574703,-0.06326485836571254,-0.18442671521636386,-0.9190192424451392,-1.3618633116434313,-1.1428154322176651,-0.24551969421163483,0.02452383803125581,0.17890935030013266,-0.9144083514851348,0.22331042096616224,-0.8623145398892288,-1.582277830262547,-2.1889487036773625,-1.7007941586659285,0.4428340591057229,-0.28942660841731066,-0.9326642846196119,-1.4459960878228426,0
0.930113538876852,0.43908543426214564,1.0038746524609323,-0.8681093238500562,0,1,0,1,0,0,-0.19268725454965888,-0.28092133019351406,-0.3617263482723934,-0.18840349218253855,-0.18789203091048115,-0.07044594498096682,0.13903886382536262,1.1755246606001306,0.22894840596986965,0.9489378953596258,0.4173654017503677,0.13465320367758035,-1.1021487476476461,-0.5242463066484437,0.8470171627463571,0.6953776304481424,0.09634352345409661,-0.20572360373824747,0.569588792901455,-0.38126032008238236,-0.7171576573277,-0.7649212885598167,0.3858073158595422,-1.1864212876045297,-0.7434445213486693,0.38126032008238236,-0.5695887929014557,-0.3974950218363748,1.0163612595869336,0.5456958705343614,0.8475422729436388,0.8541733553308051,-0.5920746260821743,0.2692014673650073,0.012804842605544792,0.015758101167622184,-0.7759052986632599,-0.8623145398892288,-0.6243401071837319,-0.3477381696360611,-0.7700228618656133,-0.6040308649486834,1.1922471827845313,1.0714264874841732,-0.5799798072721716,1
-0.6119022025574117,0.4133176682906843,-0.15484123025532542,-0.4281154315628296,1,0,0,1,0,0,-0.3188766245909836,-0.20940026455553734,-0.68155588370685,0.7403292016549297,-0.7186284831396327,-0.7331855191232493,0.6055202593997511,1.2402049642978294,-1.2035087258114938,0.9280521302056147,0.4575087531152446,-0.09139109599193396,-0.4382135115622122,-0.09418919901701107,0.6732434864991059,-0.567725136223623,0.7315327653424232,0.389923881475396,-0.5609884768922861,0.43173498641965286,-0.9361033985531213,-1.0277796893570752,1.0747277352639648,-0.5283631871674648,-0.21409900824715822,-0.43173498641965286,0.5609884768922854,-0.2582324537235989,0.340918023760079,-0.6824813981130464,-0.8450432918569822,-0.5454256239766699,-0.15100471279239655,-1.1173050988595852,-1.0391903727935126,-0.4803306735805153,-0.9146852597229018,-1.0140677512169813,-0.2594114507727547,0.31354167005482897,0.0761328624983096,-0.9212626601166852,-0.7010026615289333,-0.5986491559356475,-0.7036964187794109,1
0.6988111776617119,-0.978141694168258,-0.4445202009343899,0.3052077222492148,0,1,0,1,0,0,-0.6469689866984278,0.619197447103949,-0.06748317567269331,-0.3429029496620426,0.9228507264231826,0.7412087966305327,0.688831455157143,0.61942251985919206,0.40169692808849405,1.0703802707282193,1.0480524504092192,1.5477136856393279,-0.5907231004679828,0.19496334398589238,-0.4756471092166392,0.3338603228889145,0.7457172578523605,0.8300655916648522,1.2994551316290601,0.8221130942085961,-0.7630318302851294,-1.326669680232899,-0.21363573048715845,-0.706574222803425,-0.5521220238094039,-0.8221130942085961,-1.2994551316290608,-0.17467491285593337,-0.7848207026180125,-1.2738260089432798,-0.9354867953196102,-0.6307670251539549,-0.9701345517591269,-1.0357458890816678,-1.5375038958772762,-1.5965304167638241,-0.7203933142394032,-1.2416975682086098,-0.0039613912850709025,-0.11434528503927678,-0.38079122865820925,0.15732544345452057,-0.5363722402842841,-0.2089648391376897,-0.08511336124321738,1
-1.1773079744166424,-1.41619371568311,0.5693561964423357,-0.4281154315628296,1,0,0,0,1,0,-0.4955417426488382,0.02318856678747634,0.43145089960505906,-0.49913835610199053,0.8571543151779819,0.4035783118279531,1.4102791359064268,0.4991439905560668,0.3396711575600847,2.1320322943458185,1.953428813841084,-0.21987337518220224,-2.71936142366504,1.1668394528432726,0.7748927300786793,0.01927416878785464,1.5936926597047307,1.0992442500351216,-0.22931895624632825,-0.07244531082741071,-0.7951352356473818,0.09117973456704959,-0.44497317059772973,-1.2999597217141179,-1.4663550694279317,0.07244531082741071,0.22931895624632756,0.5216379277079463,0.11577027848446049,-1.4193877593014905,-1.1938968052128347,-0.6136987449184976,-1.1276595207911904,-1.6882195673050053,-1.814344742034923,-1.0384305451721696,-0.6648813298155464,0.27583454506891375,0.5708012425622179,0.2357440418559006,-0.3130987707090945,0.28421816152172197,2.180029710252426,2.351817814106035,0.34789477903211874,1
-0.7661037767008384,0.0783367106616796,0.27967722576327125,0.5985369837740325,1,0,0,1,0,0,-0.10435469552073157,-0.3344167614024072,-0.2849672597681238,-0.24800440649111127,-0.17835789620136996,-0.06552682533483652,0.8575846608937459,1.4694950762849697,-1.0691248694370798,0.41603231449651734,-0.4455019384876105,1.0274848493751811,0.7445224779491151,0.6657020051624134,0.993192785406083,-0.5934495315548393,0.15391240574684661,-0.34393814236988896,0.6912331826893887,0.7158101325491454,-0.5273307470672547,-1.0219693798787979,0.8651699652576593,-0.409415909836458,0.24338568502456603,-0.7158101325491454,-0.6912331826893894,0.6330479821981672,0.9413120111617277,0.05442496307539909,-0.26362076959722697,-0.18699173903207253,0.1325402314653172,0.5954383064766764,0.2896456887631914,-0.35630847989348147,-0.4150773999081907,-0.8623145398892288,0.4704458620491997,0.8710913388138142,0.6345956405784983,0.09387908442092041,-0.5363722402842841,-0.26463402725168356,0.5334696962929761,1
0.13340540580248203,0.7482986259196881,-0.8790386569529866,-0.8681093238500562,1,0,0,1,0,0,-0.33149556159511606,-0.194863462596599,-0.4768649810287978,-0.029274837475184185,-0.2006745132716574,-0.12723941725901666,0.1609063398994452,0.09349630256664676,0.39455915576924316,0.2094350348386363,0.5478248604749761,0.52595907122391,-0.09263480522538615,-0.43922175728326796,0.0528288075761311,-0.3184959821857391,-0.17357113390253154,0.16028907432851322,0.06512235289855199,0.6527578856825103,-0.6626093872101239,-0.07540386975433767,-0.8594333302077555,-0.45504338564988,-0.5557080655236649,-0.6527578856825103,-0.0651223528985527,-0.5089050763265954,-0.10937746679115769,-0.46413877257572894,-0.5478717804797735,-0.5795621844475838,0.19555021907814235,-0.05703537174666111,-0.09793149585751397,-0.4183195767369984,-0.7203933142394032,-0.2553016945782196,-0.5696008087220858,-0.892321567028559,-0.9900233502002335,0.09387908442092041,-0.37174181903963527,-0.09762646290970158,-0.6418381130257917,0
-1.1773079744166424,-0.05050211919562982,1.0038746524609323,-0.13478617003801185,1,0,0,1,0,0,-0.20530619155379135,-0.27917691395844146,-0.46407179961141953,-0.049527575347029285,-0.32598002457328823,-0.17643061372031965,1.8438358281964817,0.21555568194305724,-0.4302893148955019,0.677851821800033,0.052738511226612314,0.9016703401419042,0.9002386439334396,1.151163484946032,-0.767875995958651,0.5895797677104927,-0.5727858766869112,-0.5997929338641884,0.9068055190224368,0.33041212922948743,-1.4136696126354158,-1.065098254261177,1.180690715932533,-1.4836987503309675,-0.6541437072104347,-0.33041212922948743,-0.9068055190224374,0.438080386840281,-1.0850176963188372,-1.6013399472492547,-1.1163738022448682,-1.2452251136304073,-1.6632444155002057,0.9216751455883455,0.5111183656893089,-1.8445748041378918,-1.2755131584779709,-0.8623145398892288,0.6894030558957865,1.2471132084419672,0.46536449570571364,-0.0647368131630805,0.7806711296729086,1.0714264874841732,0.7190446135538346,1
-0.5862019402001745,0.7225308599482267,-0.15484123025532542,0.3052077222492148,0,1,0,1,0,0,-0.8236341047562825,5.5355438696169,0.20117363409225028,-0.44648123763519326,2.8975218581666384,4.602270526147716,-1.2290212369994622,-2.4930877754645073,1.5279870727895082,-0.49323286691173723,0.7122741943686206,-0.05205957653175706,-0.4573960340874388,-0.9749690914389222,-1.328321112364691,0.8680396292159844,0.3028396999908365,1.385867584802856,0.9573302853504951,-1.020471574555225,0.7348063192864814,2.0911582818082115,-1.2165134024338502,0.9666164449981917,0.42703862232655365,1.020471574555225,-0.9573302853504958,-1.038102835155144,-1.3852146900196616,-0.9281168518425269,-0.39282577454383927,-0.2552648599739003,-0.40304466324369825,-0.7910682597479163,-1.2052948804881005,-0.790386157798101,0.27882240539001907,1.2622304186993043,-1.1626098753899237,-1.5147025926199844,-1.1254082660984612,-0.09645999267988113,-0.37174181903963527,-0.8213259083916238,-1.136704559054746,1
-0.3034990542705592,0.5421564981479937,-0.4445202009343899,-0.13478617003801185,1,0,0,1,0,0,-0.5081606796529707,0.040632729138202366,-0.4512786181940413,-0.09350494901160722,0.1253842744532704,0.10351201341400473,-0.3555223361895415,-0.48187745222322603,-2.1293081333591832,0.9237256085726323,0.33978271719239866,0.5816063293521154,-0.8489332961172433,-0.08683478330941093,-0.43436219765894485,-1.0192981140660828,0.9128536396859944,0.6896347471318078,1.164294698531354,-0.36149164093482894,0.40759817050507535,0.22625741160583768,1.8865392466456932,-0.3427236603985262,0.23155993052557688,0.36149164093482966,-1.1642946985313547,-0.09111737198826762,-0.40957446049198204,-0.009258302706318612,-0.5349512799851129,-0.1699234587966153,0.9516700704320475,-0.38327221085833024,-0.8730858650989243,-0.046252995675895824,0.3620903820258042,0.19995793940503753,-0.02220782410562002,0.9488889670127426,0.7361343275021692,-1.206771275767887,0.28677986593896093,0.1250502895462747,-0.2706882785040748,0
0.5189093411610479,-0.41125084279609675,-0.15484123025532542,1.478524768348486,1,0,0,1,0,0,0.45087853266109723,-0.5053695524395223,-0.7711081536284979,1.475214261576166,-1.7748657316131402,-1.5287413237110496,-0.31510831389982563,0.4259956401610231,-0.19370319997191573,-0.6650191861742364,-0.8579123645883723,-0.7372024293657155,0.8554189005262613,-0.4488858816531199,-0.34608008261509576,-0.8213629993036214,0.16246571536191592,-0.1593392822996786,0.8222348332302418,-1.8209386847559008,-0.010355702822224238,-0.9313878145977194,-0.5605918388972356,1.0594962393423275,0.9597642947599256,1.820938684755901,-0.8222348332302425,-0.5367575899491508,-0.4846237089171882,-0.5642124759469986,-0.8708842928463041,-0.767313267037611,0.038025250046078915,0.10608304780917345,-0.26403600355210183,-1.1624527388592034,0.16779843654230542,-0.7105613285614767,0.7623887871779818,0.3265079414213163,0.7530574419894479,1.2993599060593275,0.28677986593896093,-0.48731077970765985,0.7190446135538346,0
0.08200488108800677,0.05256894469021735,-1.168717627632051,-0.13478617003801185,1,0,0,0,1,0,-0.4198281206240434,-0.09892056966760585,-0.0035172685858019803,-0.3880376226335831,0.4548820705125279,0.22380684839664572,0.8908963524213531,-0.030543340080801784,0.5449483427868655,0.4363114981353905,0.33540463100883317,-0.24693322348802443,-0.7691186394569969,0.2568495164084123,0.1595489470655012,-0.42431194234551645,0.03551357798673121,-0.10402311095897653,0.7431545685744835,-1.0738391183151534,-0.9821720544339438,0.20175432548677072,-1.1713552220367145,-0.5542140294965047,-0.5376007684726457,1.0738391183151534,-0.7431545685744843,0.27096530510494976,0.19081952690966666,0.13630344765189217,-0.10857476366129187,-0.08458205761933026,0.3530751881102058,1.0032343553662626,0.6772228733838963,0.07776919801113909,-1.0257092285706153,-0.1035484832504671,-0.8159276517994943,-1.2294446225572482,-1.3284856399458025,0.2207718024881207,1.1922471827845313,0.6817421706862145,-1.3841377820692236,1
0.6988111776617119,0.33601437037629844,-1.168717627632051,-0.4281154315628296,1,0,0,1,0,0,-0.7605394197356201,1.6222367822706956,0.5977622580309765,-0.5396438318456808,1.926956945129057,1.6646617120177212,-0.09624571243727069,0.09748637775814267,0.2218653741538572,0.711336891021567,0.397243540862449,0.7601478138817676,-0.3253343320096241,-0.7647468755735599,-0.5645219293299834,0.26614341418689463,-0.16406166682750242,0.18838379612130998,0.2654778184316193,0.7734532878151856,-0.6302940613110859,-0.69932878906693,-0.03584893451754202,-1.1236509885758719,-0.3325159475251892,-0.7734532878151856,-0.26547781843162,-0.7874302125521474,-0.6347222057676005,-0.4186507255887879,-0.22485926811324272,-0.27233314020935756,-0.24551969421163483,-0.38327221085833024,-0.5408768497097485,-0.29429738304996345,-0.5816133531797613,-0.6346847228976005,0.0872707728176734,0.054216242725068246,-0.39771434314548676,0.6014499566897238,-0.28942660841731066,0.06938110143228039,0.10046155601764112,1
0.05630461873076867,0.5421564981479937,0.27967722576327125,0.3052077222492148,0,1,0,1,0,0,-0.7353015457273552,1.1774106423271817,-0.4001058925245282,-0.1444261185179606,0.9787998169698778,1.0171266895089326,-0.9561589734303263,1.7156714121354233,2.4749862363083777,-1.269711951775411,-0.6844614613562905,-0.14074542806887833,0.6255595176117889,-0.31453098187713396,1.9447714153788658,1.5085257017618041,-0.05908360542100853,0.09005226984652279,1.409374760955505,-1.5897607057063121,1.0152866769588933,-0.40658354452133055,-1.8674662489567333,1.6567126401159245,0.9777519361766693,1.5897607057063121,-1.4093747609555056,-0.14682239923337803,2.2171492343902317,0.7367456678795146,1.4806467971820387,1.3832900426299712,-0.844114576533476,1.4110304042558486,0.7325910426154264,0.38782468222872474,0.3898463742377325,-0.7864379342253526,-1.4545528005187045,-2.0074209045465303,-1.430024326869473,0.2524949820049213,-0.28942660841731066,-0.9326642846196119,-1.3841377820692236,0
0.6988111776617119,-1.1842838219399534,-0.4445202009343899,0.5985369837740325,0,1,0,1,0,0,-0.6469689866984278,0.619197447103949,-0.5152445252809326,0.025696879605538233,0.3756265585919498,0.4563470498500781,-0.6849987504437828,-0.9795629684071216,0.1677637061599251,-0.5776845277150996,-0.10617820239349192,1.374510268095973,0.36276092105420393,0.35583832068260035,-0.36148932681058876,0.3053989659548714,0.8986212788069617,1.0428207566806234,1.2994551316290601,0.5858842905209262,1.308056894521532,0.9823488436966251,0.07755790178260592,1.6714720054019125,1.156148363599112,-0.5858842905209262,-1.2994551316290608,-0.06326485836571254,-0.7097714541928067,-1.3193140559302208,-0.9871687972982559,-0.6307670251539549,-0.9071245641463012,-1.0357458890816678,-1.5375038958772762,-1.534519319920306,0.6951622885689447,0.35171115073279,-1.244718823082393,-1.0219842806934394,-0.39771434314548676,-1.0481553781838862,-1.6887851889968277,-1.712032918215528,-0.8274130302866491,0
-0.8432045637725518,-0.7719995663965628,0.5693561964423357,0.3052077222492148,1,0,0,1,0,0,-0.785777293743885,2.2676707892475583,-0.11865590134220637,-0.33017265728545425,1.7490309951810465,1.9991618479545816,-0.3578359798308601,-1.3333609398191724,-0.23577822290657047,0.17434740652392325,0.2859749545054775,-0.679470914559897,-0.5473971150218728,-0.014640764533573021,-0.46932504885069354,-0.8672767540610069,0.5217833548231074,0.16608180047135668,-0.3925077445122049,-0.5374328853480426,0.48295076123330066,1.3599202036046714,-0.549212768649494,0.2818593445507479,-0.20963489379569203,0.5374328853480426,0.39250774451220416,-0.3417899945912644,-0.7848207026180125,-1.2920212277380552,-1.4652273156007207,-1.2281568333949502,-0.43454965705011084,-0.8726274695258333,-0.8177176958673952,-0.9764194483286528,0.3898463742377325,1.1863538130354276,-0.15905607025973648,-0.41256952646850126,-0.2792525417345383,-0.033013633646279864,0.36909507656128593,0.1250502895462747,-0.3944048900113141,1
-0.8432045637725518,-0.514321906681944,0.27967722576327125,1.0385308760612593,1,0,0,1,0,0,-0.7983962307480176,3.3026910887239693,-0.2593808969333673,-0.26362794713510607,1.7999728681305163,2.743737685300668,-1.4166453655104205,0.7820995781581697,0.6830565469829242,-0.47601656404322146,-0.3621871482864661,-0.057059115969068853,0.2614453532274444,-0.9820901455977877,1.9163972370297164,0.5677220028751118,-1.1586972903896198,-1.2505819209659357,0.10862057896823145,-0.18555039652161812,0.9885869638479489,0.8463484668781392,-0.363255320267184,-0.5058767306926683,-0.7500888085653682,0.18555039652161812,-0.10862057896823216,-0.8431352397972577,2.142099985965025,0.6548671833030202,0.8733832739329616,0.3079883877961804,-0.43454965705011084,1.3294711944779316,1.397009073393778,0.07776919801113909,0.6674062963570164,0.5034643620605421,-0.6517097564145549,-0.723760039264214,-0.8546384343020056,-0.5088613263982832,0.6160407084282594,0.5704037944582268,-0.7036964187794109,1
-0.4063001036995106,-0.35971531085317227,1.4383931084795292,-0.4281154315628296,1,0,0,1,0,0,-0.7479204827314877,1.4797761230730995,-0.6047967952025805,0.21954451352176993,0.6797739475773028,0.9683826857427322,-0.31850519788408155,-1.1079254182102598,0.9978762003147766,-0.035529714220091574,0.46557815969129196,0.5441844014013529,-0.84554317968973,-0.025999365603237665,-0.9127067835315635,-0.5474950329947993,0.9306339936066884,0.9397290488987889,1.5875602653373244,-0.8323203231673697,0.4169109711644221,0.6063327868582385,-1.9143099028209687,0.9707990892870475,0.312188103093213,0.8323203231673697,-1.587560265337325,0.1317027369921738,-0.7097714541928067,0.6639647927004092,0.2531992501892221,0.6322857122698633,1.2667200084961745,-0.05703537174666111,-0.7069813574043363,0.6358690696027934,0.3898463742377325,0.5793409677244183,0.041654690766301246,-0.9571529238609991,-0.5669454880182719,1.4579758036433286,0.4514102871836102,0.06938110143228039,-0.20882997275045564,0
0.46750881644657266,0.6967630939767645,-1.6032360836506476,-1.161438585374874,1,0,0,1,0,0,-0.6974447347149578,0.9651733337266818,-0.7839013350458762,1.6169834266790817,-0.4103053301724193,-0.5073532080963581,-0.520030915415812,-0.39469795426216503,0.31535368031269845,-0.8822689043991759,-0.5987762854503272,-0.1921073661291475,0.5741343858412649,-1.3076697452772188,-1.160004522972005,0.6123534443167133,-0.8365407183618128,-0.29161349533984265,0.20465562353765385,-0.4649864905896614,-0.5834925548366169,-0.6203317371928898,0.18425711099897094,0.36238891409189516,0.4937346764937923,0.4649864905896614,-0.20465562353765385,-1.2330704305130304,-1.0850176963188372,-0.027453521501095285,0.29196075167320634,-0.06751377738387422,-0.2140147004052217,0.10608304780917345,0.012804842605544792,-0.23228628620644656,-0.7481493064513315,-0.8623145398892288,-1.1169937933385516,-0.8663890242955825,-0.685407289429221,-0.7626467625326843,-0.7833178721512579,-1.0440026608476,-1.0129879475475077,0
-0.8432045637725518,0.5421564981479937,0.27967722576327125,-0.8681093238500562,1,0,0,1,0,0,-0.7983962307480176,3.3026910887239693,-0.38731271110714993,-0.14789801643884834,1.642493428434077,2.6542991462801173,-0.1941121164611562,1.0066773185658069,0.6987890688893109,-0.7530975565578449,-0.40986717708185677,-0.08519605884882711,0.34569165744108615,-1.0035371910838844,1.7662183974855248,0.6559222556236369,-1.121522008373928,-1.1376675396677574,-0.2493891336940558,0.13114384342216406,-0.7328049138609045,0.3876626055859419,-0.2961294567434993,-0.09469581229637845,-0.5778635196193306,-0.13114384342216406,0.2493891336940551,-0.8988402670423681,1.841902992264201,0.381938901381374,0.6795757665130432,0.15437386567706757,-0.5920746260821743,0.6769975162545934,0.8986955503100138,-0.23228628620644656,-0.9146852597229018,-0.17942508891434333,-1.4271831512878814,-1.333174793489152,-1.277716296483967,-1.206771275767887,-0.28942660841731066,-0.26463402725168356,-1.5078543935764617,1
-0.35489957898503444,-0.5916252045963298,-0.4445202009343899,-0.13478617003801185,1,0,0,0,1,0,-0.5838743016777656,0.2179817130372503,-0.8478672421327675,5.511295594608154,-1.9833221018911251,-4.091602659344937,1.0792150663566935,1.2461534857171084,-2.1269368681947367,0.6428820756570339,-0.39413592099682093,0.21775887235999997,0.3927363275011437,0.4316765175055674,0.5103714741393436,-2.122144003545553,1.1725454302005616,0.5292501539522709,1.0187373090415193,-0.7133741297612541,-1.0693487307742569,-1.1991058282349991,0.7750438868532993,0.29418376815299146,1.0291057656332891,0.7133741297612541,-1.01873730904152,0.35452284597261524,0.41596727218528484,-0.13662483426975403,-1.1938968052128347,-0.7502449868021539,1.5817699465603012,0.18764225758709038,-0.26403600355210183,-0.35630847989348147,-1.0812212129944723,-1.2416975682086098,-0.669956189235104,-0.2051091846046925,-0.07617516788719629,-0.4136917878478824,-0.5363722402842841,-0.8769950965056176,-0.6418381130257917,1
0.6988111776617119,0.6452275620338409,-1.168717627632051,-0.13478617003801185,1,0,0,1,0,0,-0.7605394197356201,1.6222367822706956,-0.8350740607153893,3.3645053801925733,-0.7344913508946546,-1.3525474018405643,-0.5126494587423011,0.4580594985235693,0.13671263202314046,-0.3907154078407367,-0.3387862969032997,1.1854756219842846,0.355506967917259,-0.45806962557183845,-0.7764598413637281,0.18886001222272736,0.7086731194423465,0.7908800338663821,0.872405678118227,0.7516060278018181,0.25515377905104913,-1.4065414608978626,0.0028953508177798357,1.2305394433808585,1.2125791991224046,-0.7516060278018188,-0.8724056781182278,-0.6760201580619267,-1.009968447893631,-1.2465331807511142,-0.9742482968035945,-0.6819718658603261,-0.844114576533476,-0.8726274695258333,-1.2606630497196296,-1.1004416420156866,0.22331042096616224,-1.317574173872486,-0.013084607695344815,-0.010615114107371936,0.4822876101929924,0.2524949820049213,-1.277209135885205,-1.1553410370755877,0.47161139053935697,0
0.544609603518286,-0.8493028643109486,0.27967722576327125,0.5985369837740325,1,0,0,1,0,0,-0.38197130961164594,-0.14776422424963873,-0.8094876978806327,2.259284542043312,-1.4576827254211728,-1.859663918087088,0.6194325045891348,0.097501839010023,-0.8127542546382382,0.6697096754740329,0.5775453995049215,1.4416094095152996,0.20351070889111486,0.921597970442625,-0.6650215538147509,-1.8336140812250552,1.6657712734752512,1.2811815829689384,1.7556215933338128,0.22497917377587734,0.059513856918378495,-0.8000283277195522,-0.7315430250441298,0.7470157147736736,0.49998714880821205,-0.22497917377587734,-1.7556215933338135,0.38237535959517033,-0.9349191994684248,-1.2920212277380552,-1.8786833314298803,-1.3134982345722352,0.6051151385615076,-0.30171300108041293,-0.983822203561983,-1.2864749325462383,-0.16527347000083534,-0.9381911455531051,-0.8250508682097696,-1.0349505520599276,-0.7192535184037778,-0.033013633646279864,-0.8656330827735822,-0.8769950965056176,-0.45626319576493324,1
-0.8432045637725518,0.3617821363477598,0.27967722576327125,0.3052077222492148,1,0,0,1,0,0,-0.7983962307480176,3.3026910887239693,-0.6943490651242283,0.8531658840837809,0.9539562211440196,1.8806557837523517,-1.9072367379661774,1.6447803105080918,-0.1677862607511443,-1.8315547715690152,-2.5114063468312344,-1.3933497463130917,2.3313635104817787,-1.046773042667939,1.2435530873256162,1.0005361675498714,-1.134858493102594,-1.0243716946010595,-0.03566621970192337,-1.8649895477386433,1.6061358209486523,-1.0117484103714645,1.2348117963672878,1.3490060789617033,2.264851667424094,1.8649895477386433,0.035666219701922665,-0.9823978079100336,1.1664597564373458,0.03622974428062242,0.5503707615664309,0.03489590402886805,-0.9701345517591269,0.5954383064766764,0.6772228733838963,-0.6663639641110671,1.1670141561717275,-1.0899443568808573,-0.7064490548762022,-0.02358138547386016,0.5161338391675497,-0.5088613263982832,-1.4418395571298541,-2.046048046899492,-0.2706882785040748,0
0.3647077670176212,0.5421564981479937,0.27967722576327125,0.3052077222492148,1,0,0,1,0,0,-0.6722068607066928,0.8546936388387503,-0.4001058925245282,-0.1444261185179606,0.6592011120762655,0.7689347437269036,0.5766537034650745,0.035995508093491564,2.1608826592482235,-0.13002329159704137,0.8576836671475687,-0.31748779990939324,-1.194539590682774,1.6917943656687715,-0.7764598413637275,1.0139493851634516,1.361004500370589,2.1971564043062357,1.465333844976243,-1.8863157591826683,0.8885699843955245,-0.8272453884122883,-1.935077638006583,1.525201843574283,1.03006481383375,1.8863157591826683,-1.4653338449762439,1.3015083091394917,-0.8598699510432187,-0.5915053041391644,-0.018131260198663828,0.529876030857121,-0.34003467563087314,-1.5251011477491712,-2.0358174189610403,-0.10826409251941274,0.5563823275093027,-0.9381911455531051,-0.7246954876967501,-1.5147025926199844,-0.9561771212256767,1.109020828958526,-0.12479618717266176,-0.8769950965056176,-1.0129879475475077,0
0.6474106529472365,0.5421564981479937,-0.15484123025532542,0.3052077222492148,1,0,0,1,0,0,-0.81101516775215,3.3782824589104488,-0.4001058925245282,-0.1444261185179606,1.891365728399917,2.7097510404728586,-0.5300477189840346,-0.5918634360462003,1.4249586845389364,-0.4821418000486408,-0.25270095359361233,-2.1878783013810175,-0.26047398370580427,0.3789627544679644,-1.4490414734500714,0.08611311522017263,1.203733329024138,1.0231477745347575,-1.1598770966922176,-1.8336530737800742,1.1156993751218678,-0.6392667977358122,-1.8614308820841334,1.8449438303454238,1.3274282782222249,1.8336530737800742,1.159877096692217,0.27096530510494976,-1.3852146900196616,-0.2548937564358004,-0.173177266134598,0.3079883877961804,-0.18250970659880966,-1.5251011477491712,-1.3160312189511594,0.20179139169817292,0.9727222106882286,-0.6346847228976005,-0.14080963743918734,-1.060883094792903,-0.38079122865820925,1.6800380602609295,-0.4540570296619595,-1.1553410370755877,-0.332546584257695,1
0.15910566815972013,1.572867137006469,-0.15484123025532542,-1.8947617391869185,1,0,0,1,0,0,0.45087853266109723,-0.5146731056932429,0.009275912831576286,-0.3961387177823212,-0.27820839517963436,-0.08967523087038526,-0.12900180376870024,0.8449117738579439,0.48393876829297544,-0.3266116176719903,-0.4905639426409524,-0.2658113398818508,0.3681529215979678,-0.769784370344346,-0.14407654526241295,-0.03376857435897283,-0.9037723446710978,-1.2336413530832966,-0.37315522795503414,0.007555847346540335,-0.5897793243630387,-1.3040006456738775,-0.6954946689030734,-0.4549339620418018,-0.5666535212037628,-0.007555847346540335,0.3731552279550334,-0.6760201580619267,-0.03432821836595151,0.33645085439443295,0.26611975068388355,-0.11871861809024475,-0.2770246880180474,1.0847935651441794,1.4523772426253072,0.015758101167622184,-0.5816133531797613,-1.2416975682086098,-0.13168642102891215,-0.46443461193445323,-0.6007917169928287,0.28421816152172197,0.6160407084282594,0.6817421706862145,-0.45626319576493324,1
0.9558138012340891,-1.41619371568311,-0.15484123025532542,-0.4281154315628296,1,0,0,0,1,0,0.1480240445619179,-0.424544933547825,0.41865771818768077,-0.5014529547159157,0.15225646096759451,0.06102870737924305,-0.41040949462996207,-0.3957171837179876,-0.3273424053697907,0.5526725773520164,0.7405347326866885,0.7278068529798575,-0.9630047355878528,-1.2607207098188766,-0.12740725044040116,-0.9045046274674721,-0.3978037206291867,-0.3314564629333809,0.8686312511301267,0.13114384342216406,-0.6890128858742329,0.4155004668381336,-0.4614518863350747,-1.1410803563531406,-1.2863341441843974,-0.13114384342216406,-0.8686312511301275,-1.130944547230328,0.06573744620098994,0.6073574453388815,0.007709740790658993,-0.14716575181600602,1.259718898761416,0.9579236832674197,0.5664865349208381,-0.06692336129040147,-0.6648813298155464,0.35171115073279,-0.08607033897753999,-0.30883935553659736,-0.7192535184037778,-0.09645999267988113,1.439192814651505,1.6837875567381073,-0.2706882785040748,0
1.135715637734753,-0.8493028643109486,-0.4445202009343899,0.3052077222492148,1,0,0,1,0,0,0.6780193987354818,-0.5571205674133428,0.047655457083711085,-0.40713306119846565,-0.35677163954513863,-0.11382363640593401,0.1696520790898397,-0.336125800416603,0.3013846429081659,-0.6248949559909456,-0.849193275818485,-0.5790239144855013,0.3553779275735782,0.2960408669627508,0.3130680061361282,0.1029010201445665,0.27221425665865734,-0.24890848002975263,0.1359000988749071,-0.924503623057108,0.05989520036211717,0.7749678656445174,-0.30859730179202804,1.1141157678495819,0.8609821639796367,0.924503623057108,-0.1359000988749078,0.0759977097470634,0.04072103005925432,-0.6733837887156574,-0.5220307794904515,-0.3918111018575571,-0.9701345517591269,0.02452383803125581,-0.04256332662598434,-0.790386157798101,-0.22078545442469194,0.27583454506891375,-1.0440080620563552,-1.0219842806934394,-0.5838686025055501,-0.4771381468814831,-0.12479618717266176,-0.5429799678216537,-0.9511296417938885,1
-0.5605016778429365,0.7225308599482267,-0.4445202009343899,0.3052077222492148,1,0,0,1,0,0,-0.1295925695289965,-0.32860204061883186,0.03486227566633282,-0.4059757618915031,0.13559032629477505,0.06102870737924305,-1.180276964685978,-1.2588170196050685,0.9914624900267408,-1.8574493010532802,-1.129791770559883,-0.3797542566874435,1.3822768199928834,-1.0692197346954286,0.6803050702517666,0.20226997402204497,-1.6121055504296724,-1.4372865258417309,-0.10705812529392912,-0.41176056791003435,0.5728520898469827,2.409280549858745,-1.152100621006358,0.910757905140584,0.06555408700858116,0.41176056791003435,0.10705812529392841,-0.9823978079100336,0.7161642658861095,0.21818193222838655,0.29196075167320634,-0.3918111018575571,-0.2140147004052217,1.247911984700014,1.4523772426253072,-0.23228628620644656,0.1400424443303771,1.4898602356909325,-1.1991027410310207,-1.5147025926199844,-1.1423313805857394,-0.44541496736468245,-0.5363722402842841,-0.7656567202776299,-1.198562864808365,0
-0.9203053508442651,-0.514321906681944,-0.15484123025532542,0.5985369837740325,1,0,0,0,1,0,0.16064298156605036,-0.4274522939396127,0.48262362527457214,-0.5176551450133918,0.17598810187119812,0.07131413936660641,-0.5946998639129609,-0.41793349296793325,-0.04361551604443178,-1.0886424379394986,-0.5451313946999452,-0.8008173357144508,0.2533500852501496,-0.8671424363632809,0.27746940681326665,-0.5122050195240287,-0.9869835403028061,-1.1360266113852284,-0.4372750117287954,-0.6585353003337585,-0.039493867815732865,0.851589595712982,-0.4550927761966997,0.4920097168230648,-0.4004113649331301,0.6585353003337585,0.4372750117287947,-0.8431352397972577,0.19081952690966666,-0.17301527185930607,-0.40574627503850064,-0.7502449868021539,-0.05648973137315825,0.4323198869208419,0.7325910426154264,-0.6043528672675491,-0.16527347000083534,0.5793409677244183,-0.48749186102961545,-0.6329961396987983,-0.4146374576327655,-0.667477223982284,0.6983559190505837,0.4033962301162448,-0.6418381130257917,1
-0.9974061379159777,0.7225308599482267,-0.4445202009343899,-0.13478617003801185,1,0,0,1,0,0,0.24897554059497767,-0.45361853746570174,0.21396681550962854,-0.44416663902126813,-0.02678956531675538,-0.005603004191067395,-0.02833014058530481,-1.4988570108002308,0.49495473434052484,-0.589676355396846,-0.03785140887470888,-0.3154905935498143,0.07432805903700743,-1.0184835149671005,-0.8832258523938202,-0.3596501725910459,-1.2579503815004371,-1.176338598843911,-0.5972369986170187,0.16204084244106823,-0.9782629776139712,1.1724320159173556,-1.0380334418488295,-0.45074735143329786,-1.0992570006943985,-0.16204084244106823,0.5972369986170181,-1.0659553487776992,-1.009968447893631,-0.8644335860608106,-0.8967252938356269,-1.2793616741013212,-0.5290646384693491,0.02452383803125581,0.34501385799472056,-0.9764194483286528,-0.9146852597229018,1.1104772073715516,0.041654690766301246,-0.5033334260339178,-0.6346379459673855,0.1890486229713212,0.5337254978059351,0.6817421706862145,-0.2706882785040748,1
-0.3034990542705592,0.1298722426046032,0.27967722576327125,-1.6014324776621007,0,1,0,1,0,0,-0.06649788450833415,-0.3547682841449209,1.634009952838616,-0.6640535073441578,0.7537008223373869,0.24035297811544765,1.249034107361016,-0.7963705042223603,-0.2141790271081443,1.1771686070105456,1.4748643841335096,0.19429911003538328,-2.3697247724285857,-0.044161805726516005,-0.4843108172488426,0.23399956923856557,-0.6954031396447345,-0.5522031945608707,0.41113096936191074,-0.14275387761029598,-1.7809382870861337,0.6078715645874837,0.527936905349045,-2.279828692916657,-2.4565148741376768,0.14275387761029598,-0.4111309693619114,-0.14682239923337803,-0.5596729573423944,-0.4004555067940112,-0.22485926811324272,-0.47715250303484213,-0.49755964466293656,0.5138790966987595,0.34501385799472056,-0.790386157798101,-1.5808290728091832,1.9071815668422514,3.321450990259959,3.205020184781661,1.641520952571567,0.728342674756924,5.966529398879355,6.415668546427599,2.4820063275319857,0
0.6731109153044746,-0.3339475448817109,0.27967722576327125,0.3052077222492148,1,0,0,1,0,0,-0.14221150653312897,-0.31115787826810587,0.39307135535292426,-0.4985597064485092,0.3689434843632171,0.14599531944876643,-0.2505570638966507,-2.345462770433171,2.043905331609121,-0.6381250824956702,0.553390961179066,-1.4795060031657077,-2.1974812231327747,-1.268143498421291,-0.8544398453957671,1.2232878166430279,-1.4744503428286284,-0.9101901726982544,-1.8632990028572278,-0.16987246385113386,-0.9187083449599999,2.363262179902426,-1.564800777244652,-0.599973902402588,-1.6080589018864735,0.16987246385113386,1.863299002857227,-1.3444804850032512,-1.1600669447440433,-1.655925603633584,-0.9096457943302884,-1.3647030752786062,-1.7892643907258567,-1.7697787770829225,-1.3713993881826885,-1.8445748041378918,-0.8869292675109735,2.096873081001942,-0.1681792866700104,-0.9312203811280227,-1.0746389226366257,0.09387908442092041,1.6861384465184783,1.739456744852101,-0.7036964187794109,0
0.6217103905899984,0.6709953280053031,-0.15484123025532542,-1.161438585374874,1,0,0,1,0,0,-0.0412600105000692,-0.3594200607717812,0.022069094248954552,-0.4042398129310592,0.04858466719750351,0.03598591645348879,-0.8589111720571445,0.14659112812335146,0.8723762402441967,-1.4586404294047943,-0.056136606166081855,0.8403848330395539,0.5394986456453762,-0.8824404911077798,0.7994210944102915,-0.38562703388245606,-0.8196032902755956,-0.5046473800788351,-0.7099870034754222,1.850341145974121,0.31261275172589365,0.5996415793413385,-1.5800855245133558,1.157824523741548,-0.41970960764401527,-1.850341145974121,0.7099870034754215,-0.8152827261747027,0.7912135143113154,0.1272058382545045,-0.09565426316663046,-0.40887938209301433,0.5421051509486824,0.10608304780917345,0.5111183656893089,0.139780294854656,-0.026493508941193386,0.12408133374116129,-1.0713777112871794,-1.605466492185401,-1.159254495073018,-0.5405845059150832,-1.3595243465075295,-0.7656567202776299,-1.0748462533011267,0
-0.9460056132015023,0.7482986259196881,-0.15484123025532542,-0.8681093238500562,1,0,0,1,0,0,0.07231042253712305,-0.41524138029410446,-0.029103631420558513,-0.3591051399595187,-0.07862780643460976,-0.04182561249439052,0.4643199364042425,0.3723161862860789,-0.168830722156131,1.1683811939615316,0.4398760678689626,-1.1056823224897814,-0.7950702701047624,0.03746408814049641,-0.4607191182107082,-0.16610006094709226,0.5901238389882131,0.18186785160912453,-0.31993580742281313,-1.1907103754736206,-0.60821449892648,-0.972553948789623,0.06388271042708846,-0.9932509183125514,-0.39430187219325863,1.1907103754736206,0.3199358074228124,0.04814519612450831,-0.40957446049198204,0.08171779126756346,-0.018131260198663828,0.22264698661889537,-0.05648973137315825,0.35076067714292497,0.5664865349208381,0.3258135853852078,-0.22078545442469194,-0.482931511569848,2.0670087338472247,1.791696605834465,1.1761353041714093,1.8386539578449304,3.16781223772032,2.5188253784480175,1.5850608941045057,1
0.15910566815972013,-0.35971531085317227,-0.15484123025532542,-0.4281154315628296,1,0,0,1,0,0,0.45087853266109723,-0.5146731056932429,-0.630383158037337,0.40181915436837584,-1.1531482284226375,-0.706353957417084,-1.0094494145941726,-0.5752399541140992,1.4275167793079069,-1.571661211682777,-1.1270576309831541,-0.9571150907807626,1.0244053705359042,-0.5988037084162021,-0.45381530253652613,0.08572134499278973,-0.5946374104955755,-0.6978606009450351,-0.13124877099039398,-1.1752198963459366,0.8053463737559228,0.3349126820196834,-1.8653215746263412,1.5335806245529247,0.7839050697348438,1.1752198963459366,0.13124877099039328,-0.5089050763265954,-0.3345252120667762,0.33645085439443295,0.33072225315718967,0.06903246449978255,-0.08799472517957138,0.8401159358104279,1.009431888773073,-0.046252995675895824,0.77843026520473,0.35171115073279,0.11464042204849642,-0.8793552956620708,-0.29617565622181696,1.5848685217105287,0.2044646553166367,-0.32030321536567735,-0.023255055489598248,0
1.135715637734753,-1.41619371568311,0.5693561964423357,-0.4281154315628296,1,0,0,0,1,0,-0.20530619155379135,-0.28557310682037435,0.41865771818768077,-0.5014529547159157,0.444982979346884,0.1679077615088014,-0.32726562892064326,-0.8746189823698651,-0.07066503427798423,-0.422781513421438,-0.22477199361777092,0.2991924146404631,0.3171818231198233,-1.1643125643727166,-0.7675009735865848,-0.42669319265452066,-1.329126865311415,-1.300193216926856,0.2792118624399347,0.13114384342216265,-0.7082965721018675,0.43157637460353565,-0.3321840393324982,-0.7467888987398331,-0.9771710141250536,-0.13114384342216265,-0.2792118624399354,-1.0938078624002545,-0.7097714541928067,0.02713213488323473,-0.19901826712392082,-0.6990401460957827,0.1010352376589052,1.3294711944779316,1.2862727349307197,-0.6663639641110671,-0.7203933142394032,0.27583454506891375,-0.323273965644676,-0.4385020692014777,-0.685407289429221,-0.3502454288142823,0.9453015509175579,1.127095675598167,-0.332546584257695,1
1.135715637734753,-0.4885541407104817,-0.4445202009343899,1.0385308760612593,1,0,0,1,0,0,0.6780193987354818,-0.5571205674133428,-0.2593808969333673,-0.25899874990725574,-0.628332213107494,-0.2283049663522392,-0.3332939006917831,0.2896432632753054,-0.16035885637940442,-0.3203346944183742,-0.08319714941295984,-0.0774651555840023,0.014042050446994022,0.06732299285079053,-0.1813716201178672,-0.030647205037129005,0.21448366926043855,-0.010286022270605103,0.004530982273630621,-0.11014700605881247,0.5307216233989289,-0.5792385761990173,0.1884184432670074,0.6454298408169391,0.09811807016205551,0.11014700605881318,-0.00453098227363133,-0.14682239923337803,-0.40957446049198204,-0.7825551014843162,-0.6770767854263857,-0.5624939042121272,-0.6865896075014126,-0.38327221085833024,-0.4301405112466897,-0.790386157798101,0.27882240539001907,-0.7105613285614767,-0.6517097564145549,-0.46443461193445323,-0.194636969298146,-0.9847090191502859,-0.28942660841731066,-0.3759724034796717,-0.6418381130257917,0
0.72451144001895,0.4648532002336079,0.27967722576327125,-0.8681093238500562,1,0,0,1,0,0,0.04707254852885811,-0.4105896036672442,-0.3617263482723934,-0.18840349218253855,-0.3963484011884687,-0.1701699159888811,0.8789336480571129,2.2550003547222826,-1.0358021079859046,1.510262782288215,0.5713341068236606,0.384467161745479,-0.8665080194740851,0.48627180939977366,2.592438131655973,-0.7902901368258456,0.5822237674853726,0.04348118162436531,0.8222348332302418,-0.29111514316954507,-0.736301570854409,-0.4980111454475018,0.6218108089730295,-1.4629444634506565,-0.7003114095790167,0.29111514316954507,-0.8222348332302425,0.2152602778598393,1.9169522406894068,-0.7461646638947628,-1.0000892977929163,-0.7502449868021539,-0.2140147004052217,0.10608304780917345,-0.26403600355210183,-0.9764194483286528,-0.7481493064513315,-0.5588081172337243,-0.3415203984652251,0.015317428625603584,-0.5669454880182719,-0.3502454288142823,1.1922471827845313,1.127095675598167,-0.3944048900113141,0
-1.2030082367738797,-0.9266061622253344,0.27967722576327125,-0.13478617003801185,1,0,0,1,0,0,3.9967998308223223,-0.7617987389951949,0.15000090842273722,-0.42275660184246044,-1.050447829514613,-0.2591612623143293,0.38587838653660134,-1.1066779181798396,-0.45482756286126597,0.3991877576701838,-0.2886992188193353,-1.5798680787913515,-0.7573801752389907,-0.20063314554683995,-1.4029230541838096,-0.9348760395621595,-0.4120210208088777,-1.240580769193019,-2.7148097313727666,0.5377636082882545,-0.7370435648427394,0.11353265540870246,-0.3176957454135153,-0.9478298984657118,-0.835862537874881,-0.5377636082882545,2.7148097313727657,-0.7595776989295921,-1.685411683720486,-2.5111008869880753,-2.4471853531949743,-2.4229364498769406,-1.8207693845322692,-1.85133798686084,-1.0945585420250417,-2.0306080946684437,-0.7203933142394032,0.04820472807728505,-0.15905607025973648,-0.2958730841701091,-0.6346379459673855,0.030432725387320277,0.28677986593896093,0.6260729825722207,-0.3944048900113141,0
-1.1773079744166424,-1.0039094601397194,1.0038746524609323,-0.4281154315628296,1,0,0,1,0,0,-0.16744938054139394,-0.2966210763091675,0.23955317834438508,-0.44879583624911845,0.30734262500597687,0.11871656504749839,1.6006983693765366,0.11074436474849901,0.5857689312282854,0.4365639000886,0.721948823513017,1.131974641044806,0.03208419479472815,1.2036067230022574,-0.7237305053039679,0.3584458556576047,-0.44275547855026415,-0.16132155672060053,0.9345219622652575,0.617030896486598,-1.0231803919783373,-0.8770174486838838,-0.4405622358150689,-1.0287984177523748,-1.0960679301515546,-0.6170308964865974,-0.9345219622652582,0.5494904413305014,-1.009968447893631,-1.4193877593014905,-1.051771299771562,-1.1428154322176651,-1.1276595207911904,0.4323198869208419,0.012804842605544792,-1.5965304167638241,-1.1089772052064004,-1.0899443568808573,-1.2264723902618437,-1.2294446225572482,-1.4807936703313085,-0.826093121566285,-0.12479618717266176,0.18071947766026855,-1.2604211705619852,1
1.0586148506630406,-1.235819353882877,-0.15484123025532542,-0.8681093238500562,1,0,0,1,0,0,0.5644489656982895,-0.5350246284357565,-0.31055362260288033,-0.23353816515407907,-0.6355640094556793,-0.23098812252285572,-1.4127968075767139,-0.5204844115205884,0.111860423334487,-0.45059054222451006,0.5131442762255075,-0.20765456195893453,-1.0023523085488621,-0.4895894596640711,0.07811905339789674,-0.98468465668788685,0.50379675368734,0.7318713452854001,0.1590389773671773,-0.440948977121442,1.4753363327832394,0.7926391419491231,-1.142430063389657,1.1082749898820436,0.047417230643106954,0.440948977121442,-0.15903897736717798,-0.48105256270404034,0.04072103005925432,-0.082039177885424,-0.5737127814690962,-0.3576745413866426,1.1722050270769362,-0.6279498401920818,-0.762349526635866,0.015758101167622184,1.7498899926222238,1.1213167224663911,0.9005403499621378,0.10237667922916605,0.5475624803582093,1.000255642043783,1.2040064985877206,1.0475682640067472,0.8692719275269096,0
-0.8689048261297889,0.6452275620338409,1.4383931084795292,1.7718540298733036,1,0,0,1,0,0,0.11016723354952047,-0.4228005173127524,-0.16982862701171944,-0.3070266711462027,-0.22754669978598083,-0.08788646008997425,0.4436157242686464,1.111287889050475,-1.1601506785962,-0.3241345514805281,-0.3252660218646794,-0.5719895128203808,0.5444513106003126,0.44987768474307943,0.05888385095141459,0.47664204956676104,-0.891583041317574,-0.2765345605638641,-0.8350596325743129,0.048076501797563044,-0.16734598155141028,-1.4662889539926613,2.064944135549373,-0.44619361410939185,0.15287958333561943,-0.048076501797563745,0.8350596325743123,0.11081335177525738,-0.27823827574787147,-0.9872513129255508,-0.6221646583240759,-0.9081265789801313,-0.7180946013078251,-0.5260008279696852,-0.19482579201269018,-0.790386157798101,-0.08200549336504998,-1.317574173872486,0.3700904815361815,1.4286410075727993,1.1253659607095745,-1.1433249167342867,-0.4540570296619595,-0.48731077970765985,0.038603250264021984,0
-0.894605088487027,0.1298722426046032,-0.15484123025532542,-1.6014324776621007,1,0,0,1,0,0,-0.356733435603381,-0.19021168596973873,1.634009952838616,-0.6640535073441578,1.0652553070777908,0.3669085108295272,0.9149668735053158,-0.09733215730151863,-0.3036802654147603,0.8833915825362764,1.2526993428815305,-0.12594165932759405,-2.5144869064937145,-0.39229706450965524,0.25703514540756417,0.08094174821871787,-0.5668316227655033,-0.14211938941338992,0.1590389773671773,-0.3295023237687909,-1.664262314935125,0.3910836065948743,0.4964797471384622,-1.7554655705018751,-1.76732242037253,0.32950232376879157,-0.15903897736717798,-0.23037994010104354,0.491016520610491,0.7185504490847379,0.6537347655237203,0.3762615087380082,0.7311351137871589,0.18764225758709038,0.12354118106860354,0.5118468759157585,-1.46980510396147,1.1863538130354276,2.1856105471807923,2.180684746829105,1.1084428462222957,0.47455723862252236,4.5671708182998385,4.6899237148937845,1.646919199858125,1
-0.48340089077122306,0.4648532002336079,1.0038746524609323,-0.8681093238500562,1,0,0,1,0,0,-0.24316300256618875,-0.2628956957644305,-0.3617263482723934,-0.18840349218253855,-0.1341252488281154,-0.05658297143278142,0.6904610088010771,-0.14920038873929198,-0.4500816935056542,1.2874520102534537,0.3444079668028597,-0.3207955040638674,-0.8112864928110702,0.14189272378408113,-0.40166134726286395,-0.20369614090240146,0.44962219797602215,0.052135228866529784,0.03622492998512883,-0.47345425101596506,-0.81832530268836,-0.19759330435507802,0.41058177562224357,-1.2934269314492388,-0.3968473208669612,0.47345425101596506,-0.036224929985129536,0.02029268250195297,-0.4846237089171882,-0.3913578973966235,-0.43158727602782254,-0.23819657973844427,-0.37153966943728567,-0.22015379130249568,-0.26403600355210183,-0.6043528672675491,-0.8036612908751883,-0.2553016945782196,-0.22291858513165644,0.015317428625603584,-0.4992530300691578,0.062155904904119784,1.1922471827845313,1.0157572993701793,-0.1469716669968365,1
0.08200488108800677,-1.1842838219399534,0.5693561964423357,1.0385308760612593,1,0,0,1,0,0,-0.2810198135785862,-0.23847386847341406,-0.1826218084290977,-0.2925604298091705,0.11120690326461959,0.042693806880030105,-1.0002899011559743,-0.14136042095322868,0.3458688050130901,-0.08239368316189687,0.10378688719871777,-0.860929103536613,-0.42067091510869936,-0.27002746047974685,-0.7288818108620453,0.43705737651960747,-0.34312179686114674,0.1267431378595027,-0.7532939460423284,-0.42709685071602743,1.1211192004385713,-0.5361561833365616,-0.033613729376953005,-0.22892514988871987,-0.011188030851595145,0.42709685071602743,0.7532939460423277,-0.4253475354589299,-0.8598699510432187,-0.7643598826895395,-0.44450777652248397,-0.5454256239766699,-0.5605696322757617,-0.9541866793037505,-0.762349526635866,-0.790386157798101,0.5008703430854462,-0.8623145398892288,-1.3724438528262355,-1.1775795370912954,-1.176177609560296,-0.826093121566285,-0.37174181903963527,-0.5986491559356475,-1.4459960878228426,0
-0.5091011531284612,-1.235819353882877,1.0038746524609323,-0.8681093238500562,1,0,0,1,0,0,-0.2684008765744537,-0.24719594964877709,-0.31055362260288033,-0.23353816515407907,-0.041226818746413214,-0.009627738446992187,-0.6004833260392294,-0.029250360594058025,0.6674998059273096,-1.4710553701490963,-0.8968333873348573,-0.5686218031658944,0.3272836535031697,0.47457489146603304,0.7335166003475754,-0.5640762164344058,-0.7727218649616233,-1.080561138186653,-0.12528395424331848,-0.651277219968356,1.3091763220499264,0.7749678656445178,-1.4793367942921434,1.2210831265717463,0.11096968953671252,0.651277219968356,0.12528395424331776,0.0759977097470634,0.19081952690966666,-1.1646546961746211,-1.232658306696819,-1.4159079159849774,-0.8126095827270634,0.10608304780917345,0.17890935030013266,-1.3484860293897554,1.4376350802380293,0.9587239960437993,0.561678026151944,-0.34449660179443925,0.13959454182560382,1.0852284443209261,1.1305107748177878,0.848749735028197,0.47161139053935697,1
-0.894605088487027,-0.3339475448817109,-0.15484123025532542,0.3052077222492148,1,0,0,1,0,0,-0.356733435603381,-0.19021168596973873,0.39307135535292426,-0.4985597064485092,0.6123395052897759,0.2390114000301394,0.4311042948562887,-1.1329092467064086,0.7478890670943762,-0.008730393049728424,1.0211230363115964,-0.11814772966264901,-1.7780460744994893,-0.45121592312001835,0.5817291993948391,-0.2156786008347861,-0.37104174382035937,-0.10469156806852527,-0.3224700655433951,0.15868247298249136,-1.0503106501062547,2.1377170367499816,-1.2391256030240583,-0.35612444394499737,-1.4297208973496243,-0.15868247298249136,0.32247006554339436,-0.3417899945912644,0.7161642658861095,0.4547197765604794,0.26611975068388355,0.10316902497069583,0.6996301199807459,-0.46483142063624716,-0.3747723420151606,0.3258135853852078,-1.0257092285706153,1.793366658346437,-0.33239718205494984,-0.892321567028559,-0.9561771212256767,-0.28679906978068154,1.0276167615398821,1.2384340518261547,-0.8274130302866491,0
-0.6633027272718879,-0.9523739281967958,0.27967722576327125,-0.13478617003801185,1,0,0,1,0,0,-0.25578193957032125,-0.2617327516077154,0.06044863850108935,-0.41060495911935335,0.28362446444522954,0.11603340887688186,0.4593597375166234,-0.8735557106327985,0.8034254460239657,-0.39752437783126,0.12925569141605764,-0.29020071465644515,-0.11196427669070767,0.4889128924662967,-1.946989877697583,0.8725511912902318,-0.07953006887930572,0.268447636818195,-0.31054414497595056,-0.08780526073650123,-0.15023489560528286,-0.7514690907305919,-0.22147970089594154,0.45816913340272786,0.09404813899698948,0.08780526073650123,0.3105441449759499,0.0759977097470634,-1.9105594289961043,-1.2010451337641732,-0.6383152839424023,-0.6307670251539549,-1.2536794960168407,-0.22015379130249568,-0.09793149585751397,-0.728375060954584,-0.08200549336504998,-0.6346847228976005,0.29710475025398503,0.13201387092399572,0.31305646532020776,0.15732544345452057,0.6160407084282594,0.6260729825722207,0.34789477903211874,1
-0.35489957898503444,-0.4885541407104817,-0.4445202009343899,1.0385308760612593,1,0,0,1,0,0,-0.6091121756860305,0.4011454177198736,-0.2593808969333673,-0.25899874990725574,0.6204985378889775,0.5086685951771004,0.3079358680652466,0.6804696049429165,-1.6494790764731482,0.6544257820861125,0.12143027034417911,0.3016461992149523,-0.155785615376679,0.5029624854004635,0.6023819923828648,-2.1397211759608883,1.2979324462574862,0.21877489364174194,0.6257323574189628,-0.20918429502488586,0.0743618686510567,-0.330512831710731,0.10467972749781583,0.40292058426491756,0.05572580395114776,0.20918429502488586,-0.6257323574189636,0.35452284597261524,0.41596727218528484,-0.3458698504096825,-1.3489428111487698,-0.8697229484503528,1.0461850518512859,0.02452383803125581,-0.26403600355210183,-0.4803306735805153,-0.026493508941193386,-0.4070549059059717,-0.33239718205494984,-0.23104172733766892,-0.0592520533999176,-0.5723076854318833,-0.04248097655033679,-0.15329565102369538,-0.6418381130257917,0
-1.1773079744166424,-1.0296772261111817,1.0038746524609323,-0.13478617003801185,1,0,0,1,0,0,-0.16744938054139394,-0.2966210763091675,0.07324181991846762,-0.41118360877283466,0.1994589936064402,0.08964903986581935,0.7986504015952945,-1.142279782484774,0.7663946293638445,0.07298677859317679,0.8027645512649464,0.13395453910016245,-1.4017644323265592,0.9569422102737304,-0.5457689961022785,0.24404548813387117,-0.19716705454197211,0.09005226984651979,0.5444209881177442,-0.3572520928766799,-0.15437744352525373,1.0210754502423038,-0.8024449527950517,-0.2941079053631811,-0.9557147185598949,0.3572520928766799,-0.544420988117745,0.49378541408539117,-0.7848207026180125,-1.06458099280335,-0.7933612898783374,-0.8185181077439823,-0.7495995951142377,-0.38327221085833024,-0.6516131881728072,-1.1004416420156866,-0.4150773999081907,0.4275877563966659,-1.1443634425693747,-1.3202085221226638,-1.3284856399458025,-0.826093121566285,0.8629863402952329,0.7374113588002092,-1.3841377820692236,1
-0.5091011531284612,1.3409572432633117,1.0038746524609323,-0.13478617003801185,1,0,0,1,0,0,-0.2684008765744537,-0.24719594964877709,-0.4768649810287978,-0.046634327079622846,-0.27820839517963436,-0.15407097896518193,0.8670790924431426,0.40122430758496314,-0.3070839535454196,-0.2104215935070181,-0.8273655311499323,0.15069952287035285,1.0324526108662282,0.43690673797611657,0.8145115052669551,-0.392238332414256,-0.6762667034589787,-0.8717448207059334,0.07500831336893375,0.13114384342216406,-0.769142520416927,0.2652667917108196,0.025632355114176032,-0.38630848932603673,0.22452656546259772,-0.13114384342216406,-0.07500831336893446,0.2152602778598393,0.491016520610491,-0.6097005229339397,-0.7029177864157086,-0.9038595089212672,-0.43454965705011084,0.35076067714292497,0.34501385799472056,-0.8523972546416179,-0.7759052986632599,0.12408133374116129,-0.33239718205494984,-0.2699405414371327,-0.39771434314548676,0.2207718024881207,-0.5363722402842841,-0.5429799678216537,-0.08511336124321738,1
-0.48340089077122306,-0.6689285025107157,1.0038746524609323,0.3052077222492148,1,0,0,1,0,0,-0.24316300256618875,-0.2628956957644305,-0.2721740783507456,-0.2578414506002932,-0.025457020008575935,-0.0029198480204508676,-0.5734481537430288,0.7806111230610938,-0.40435804633566974,0.07503776906681485,-0.4027047548096417,0.716486826699155,0.40537897945398493,-0.05283742032789264,-0.6039807047196537,0.16238473717501833,0.11753903636770299,-0.15405344666506665,0.74512626677265,0.23819541748766626,0.7445990892282175,-1.6764678754464715,0.7159519959521403,0.015178511464773847,0.3731326975084408,-0.23819541748766626,-0.7451262667726507,0.02029268250195297,-0.4846237089171882,0.3182556355996563,0.3565632541465125,0.39332978897346543,-0.18250970659880966,0.8401159358104279,0.5111183656893089,-0.23228628620644656,0.5286263352973745,-1.6210805965279906,-0.4509989953885172,-0.03654765684034838,-0.025405824425361403,-0.6040308649486834,-0.04248097655033679,0.06938110143228039,-0.08511336124321738,1
-0.3291993166277972,-0.5916252045963298,0.27967722576327125,-0.13478617003801185,1,0,0,0,1,0,0.33730809962390496,-0.4768774206000031,-0.8478672421327675,5.407138656981522,-2.9950066865904255,-4.545503244874232,-0.0178788372250852,2.0669728021156977,-1.3968712489649602,-0.23075994521427137,-1.7344282793252963,0.027947872734374317,1.9970993278959965,-1.1279177781663772,1.6349721521243716,-1.1014670573904521,-0.22683618682278686,-1.4006716696739852,0.6109019818860374,-0.567767582660665,-1.102141195713415,-1.1991058282349991,0.8027016251996103,0.08681491869970147,0.8873584416043437,0.567767582660665,-0.6109019818860381,-1.0102503215325889,1.7668537438389946,0.48201260475264507,-0.19901826712392082,-0.27233314020935756,0.1325402314653172,2.2266225020350205,2.0060589349406004,-0.29429738304996345,-1.1089772052064004,-1.2416975682086098,-0.669956189235104,-0.1921429132382052,-0.14386762583630988,-0.4136917878478824,-0.37174181903963527,-0.6543183440496418,-0.5799798072721716,0
0.15910566815972013,-0.6689285025107157,-1.6032360836506476,0.3052077222492148,1,0,0,1,0,0,1.5739639260288874,-0.6641114298311291,-0.3617263482723934,-0.17625184945943148,-1.0571126521792928,-0.37453697765084,-1.7412742308355833,1.3900494555704745,-0.17500709541589551,-1.3780969566996462,-1.7533502240521157,0.7301523159257574,2.6748332945249853,-1.6744869656723331,0.31875440105784064,0.5179222598415174,-1.807154559022211,-1.8241885080437903,0.30418285154596364,0.6941558255444424,0.7481565590697533,-1.588565340096418,0.7597024851143288,0.06977655506213656,0.49847613466556,-0.6941558255444424,-0.30418285154596436,-1.5023113955310639,0.9413120111617277,1.7799382121133638,1.8381139775343325,0.8200367948598906,0.2270552128845555,4.129670730186422,4.257697817022793,1.2766504036524704,0.5286263352973745,-1.5452039908641146,-0.4601222117987924,-0.02358138547386016,0.008440404549195996,-0.5723076854318833,-0.6186874509066087,-0.3759724034796717,0.038603250264021984,0
-1.3829100732745436,-0.23087648099586283,-0.4445202009343899,-0.4281154315628296,0,1,0,1,0,0,0.4256406586528323,-0.5047880803611647,-0.3233468040202586,-0.19997648525216433,-0.582355784164986,-0.23367127869347226,-0.8769305092651091,0.09840809176588028,0.7963858742924134,-1.377463940229761,-0.7412809034048984,0.6497364434949139,1.1200395061887798,-0.8878524120878725,0.4681977423724626,-0.2754394957015059,-1.2111169220849876,-1.2308638878839329,-0.2118842566452726,1.0963072413460702,0.3322615510762828,0.3339620259501845,-1.3654762991387566,0.6599421085250456,-0.23799753892812714,-1.0963072413460702,0.2118842566452719,-0.8431352397972577,0.41596727218528484,-0.03655113089848297,-0.173177266134598,-0.6307670251539549,-0.08799472517957138,1.3294711944779316,1.6184817503198954,-0.046252995675895824,-0.08200549336504998,-0.17942508891434333,-1.317704554364588,-1.6962303917508168,-1.396178097894916,-0.4771381468814831,-0.7833178721512579,-0.3759724034796717,-1.0748462533011267,0
-0.9717058755587404,0.6194597960623787,0.27967722576327125,0.3052077222492148,1,0,0,0,1,0,-0.07911682151246661,-0.3413944263426976,-0.5408308881156891,0.06620235534922844,-0.5876010482317433,-0.31371877111686536,-1.6300153189109168,-1.616535882210428,0.4387103733537411,-1.5470406638011212,-1.2890916326650228,-1.1251194235894215,0.4418280160967692,-0.7599655326774882,-1.0728916010779217,-0.08373145773558943,-1.0934247972547253,-1.0754055869077508,-0.974766068754056,-0.567767582660665,1.507227374067386,1.1439469766298231,-0.6838738172523361,1.0057308182318192,0.6259580120691859,0.567767582660665,0.9747660687540554,-0.7874302125521474,-1.0850176963188372,-0.44594355378095224,-0.4186667755331612,-0.801449827508525,-0.4660546508565234,-0.46483142063624716,-0.04256332662598434,-0.6043528672675491,1.0837461795359422,0.7310941790521709,-0.7064490548762022,-0.9182541097615345,-0.5161761445564365,-0.033013633646279864,-0.37174181903963527,-0.6543183440496418,-0.76555472453303,0
1.135715637734753,-0.4885541407104817,-0.4445202009343899,1.0385308760612593,1,0,0,1,0,0,0.6527815247272168,-0.5559576232566278,-0.4001058925245282,-0.12590932960655937,-0.792784029579321,-0.33026490083566723,-0.3543201716553823,0.2729792562851835,-0.4481270900999253,-0.1280009097813219,-0.03579684700983702,-0.27721670500460643,-0.21104102530932461,-0.40197889501753675,-0.23654509713480387,-0.11537764693751658,0.1622426310437405,0.03447926630026378,0.6257323574189628,-0.9986842558367333,0.09103824826744031,-0.6116382817234981,0.4966613363186316,0.3337979868744908,0.08019994699546383,0.9986842558367333,-0.6257323574189636,-0.5089050763265954,-0.40957446049198204,-0.6278957417287164,-0.5866332819637576,-0.4942207832702994,-0.43454965705011084,0.02452383803125581,-0.26403600355210183,-0.728375060954584,0.16779843654230542,-0.482931511569848,0.36096726512590627,0.5728670973845897,0.6853649840403343,-0.4136917878478824,0.6983559190505837,0.23638866577426285,-0.2706882785040748,0
1.2642169495209417,-2.1119233969125806,1.0038746524609323,-0.4281154315628296,1,0,0,1,0,0,-0.6217311126901629,0.4156822196788119,1.9538394882730727,-0.686620843829928,1.6741622066196602,0.8503238142356049,2.102383581445679,-0.44002673295603384,0.46663869127316293,1.395241829515873,1.1949718111563092,-0.01339919153366667,-1.4746399664202359,2.425992540479721,-0.528704193850062,-0.0314115129361429,1.1867373155265983,0.6254876355208753,1.2685285918524662,-1.276386111883534,-0.4993923858418863,0.0743062452624334,-0.669476264645172,-0.708133290552464,-0.9428549446044124,1.276386111883534,-1.2685285918524671,1.8028535543454847,-0.7097714541928067,-0.8280431484712572,-0.7158382869103699,-0.2552648599739003,-0.8126095827270634,-0.05703537174666111,-0.5962450189412776,-0.9764194483286528,-0.5261013687559044,-0.02767187758659086,-0.2776578835933038,-0.5681647828663581,-0.7869459763528921,-0.033013633646279864,1.7684536571408034,1.127095675598167,-0.9511296417938885,0
0.4932090788038099,-1.2100515879114147,-1.6032360836506476,-0.8681093238500562,1,0,0,1,0,0,-0.6848257977108253,0.9651733337266818,-0.2849672597681238,-0.23353816515407907,0.8587817008212933,0.9227690308422513,-1.8606625621146216,-1.4377435134476866,1.4118739677829943,-1.6171407147448786,-0.6494829697595151,-0.6803350324873344,-0.13423144522205605,-1.302341020808846,-1.1316202454026056,0.4876419828123469,-1.1086687296136917,-0.5803899547542954,-0.16027754582615011,-0.7689345227338477,1.2860127831931558,0.8397157728191571,-1.4400458473043902,1.0853158421956133,0.27772184266347644,0.7689345227338477,0.16027754582614942,-1.2052179168904753,-1.009968447893631,0.23637715102316323,0.459927258103802,-0.03337721691295973,0.006520256239666901,0.18764225758709038,0.2896456887631914,0.015758101167622184,1.4723300705029398,1.0851850054835932,0.7035947258673242,-0.21663475915268182,0.21715881655896382,1.4333022195747056,1.1648087792437567,0.8178224082982003,0.6434400176327457,1
0.6988111776617119,-0.87507063028241,-1.168717627632051,1.478524768348486,1,0,0,1,0,0,0.04707254852885811,-0.4088451874321716,0.09882818275322415,-0.4181274046146101,0.03411645495876,0.008707162052220753,0.0590651838190464,0.28186099900349154,-1.471278649875781,1.674026406983845,0.006700948374324635,-0.588434295845823,-0.3363836205171046,0.46798896967324566,0.7245685918041015,-1.6505468431345323,1.5337880968873314,-0.29234811011098,-1.5580404398044867,0.7426913412446393,0.3854774884452991,0.33899384247090325,0.3526468032872587,-0.7406236550134581,-0.29413258965284306,-0.7426913412446393,1.5580404398044854,0.02029268250195297,0.11577027848446049,-1.3284116653276086,-1.8270013294512357,-1.2964299543367779,-0.7495995951142377,-1.3619827281933365,-0.9284540343304539,-1.4725082230767892,0.02285047721334605,-0.09511774928781422,-1.1007747419425082,-0.7785065183671637,-0.9862626580919494,-0.8225683238421961,-0.5729567783386508,-0.2955613539816801,-0.9373833516264187,1
-0.38059984134227254,0.6709953280053031,-0.15484123025532542,-0.13478617003801185,1,0,0,0,1,0,-0.09173575851659908,-0.33557970555912225,-0.11865590134220637,-0.33017265728545425,-0.022552851368152865,-0.0029198480204508676,-0.11561385950943238,0.35684620318745486,-1.6575374422786502,0.09994220567824924,-0.7151477575029397,-0.8299111639107414,0.3376274095607428,-1.0486850844787483,-0.2644749976867045,0.7423762695336285,-0.8065511007952765,-1.0241073625411783,-0.5796783524084306,-0.5569819125050662,-0.8870698941304686,-0.754727859584571,3.0119257678147244,-0.9347777372262188,-0.07011440339185084,0.5569819125050662,0.5796783524084299,-1.130944547230328,-0.6013669842452865,-1.2020559792527725,-0.695739730585341,-0.9436854961373332,-1.7157527385108935,-0.03891110290712402,0.25888559474567524,-1.0315404233006678,-0.7481493064513315,-0.5588081172337243,0.6346637574341392,2.219583560928571,1.582290051866092,-1.6508957890030895,0.8629863402952329,0.6260729825722207,0.34789477903211874,1
0.544609603518286,0.9544407536913834,-0.8790386569529866,-0.8681093238500562,1,0,0,1,0,0,-0.4198281206240434,-0.09892056966760585,2.0945644838642337,-0.6935646396717035,1.269648225209414,0.45992459141090014,-0.16865505564222874,0.8250546710848419,0.2967876524327347,0.1992793075153065,0.1781715790913584,1.2354509246649135,0.5695925911524039,-0.8924135801823901,0.8911156621747103,-0.16779054922132175,-0.5004842219269475,-0.9269067499471473,-0.16027754582615011,1.843969028470223,-0.6571701739399886,-0.23971332050327435,-0.5743319836293074,-0.765485075248755,-1.1365758125069645,-1.8439690284702237,0.16027754582614942,-1.0659553487776992,0.11577027848446049,-1.6195351660440314,-1.4393863146113988,-1.5183175973977192,-1.442709458855317,-0.30171300108041293,-0.26403600355210183,-1.8445748041378918,-0.6371253376036178,-0.2553016945782196,-0.0951935553878152,-0.37367071236903754,-0.6346379459673855,-0.12818317219668063,-0.7833178721512579,0.06938110143228039,-0.023255055489598248,1
-0.8432045637725518,0.05256894469021735,-1.168717627632051,0.3052077222492148,1,0,0,0,1,0,0.24897554059497767,-0.4530370653873442,-0.7583149722111197,1.1164514764177673,-1.574646185705805,-1.211234510188094,-0.25779833274272906,-0.9433390256937368,-1.580910737391334,-1.2119795872899297,-1.8784741622476808,-1.3972999367351029,1.499172116968816,-0.9320921001457001,0.5967954760187125,-0.5558430393825932,-1.717094676168113,-2.3712896611310534,-0.383489096019544,-1.5254106424376193,-0.5728605867733746,1.8926190243147079,1.6025892895560194,-0.06533545580924034,0.12700559099473552,1.5254106424376193,0.38348909601954334,-0.8988402670423681,0.491016520610491,-0.1457224436671417,-0.40574627503850064,-1.0233374705694662,-0.655084613695,1.4110304042558486,1.839954427246013,-0.6043528672675491,-0.4150773999081907,2.1727496866658176,0.7258959215368835,1.519404907138216,1.396135792506029,-0.8895394805998851,1.1922471827845313,0.45906541823023866,0.22417816752487937,0
-0.9460056132015023,-0.8493028643109486,-0.15484123025532542,0.5985369837740325,1,0,0,1,0,0,0.059691485532990585,-0.40942665951052915,-0.8094876978806327,2.15512760441668,-1.9047588575256185,-1.9804059457648318,-0.21253789592801228,0.17441725383794904,-0.0038537723490117714,-0.2001263271281894,-0.41496010211065093,0.6228597512440731,1.13181367550037,-0.2205319751719487,-0.6318794037805155,-0.45765493342342145,0.31820007155279667,0.04757033165177228,0.2905222516232541,0.5613699807042828,0.07518616689113135,-0.8723960700508007,-0.4546308361137759,0.5858795009112715,0.5859116258594105,-0.5613699807042828,-0.29052225162325485,-0.11896988561082296,-0.4846237089171882,0.427426948368315,0.11107374474794844,0.2397152668543526,0.5421051509486824,0.9216751455883455,0.8433273810784847,0.44983577907224165,-0.08200549336504998,-0.9381911455531051,-0.5513543759015367,-0.6848612251647502,-0.4315605721200442,0.12560226393772106,-1.0302635040182315,-0.9326642846196119,-0.08511336124321738,0
-0.2006980048416086,1.572867137006469,1.4383931084795292,-0.4281154315628296,1,0,0,1,0,0,0.7158762097478791,-0.5675870648237784,0.31631226684865466,-0.4707845230814074,-0.20246088385897298,-0.07268190845648059,1.490382222808934,-0.5001959480142226,-0.7644330255587949,2.6717176721203466,1.41332040376312,1.1577322865941788,-1.5259728982911809,1.1844811474935477,1.2511368255082023,-2.2913243062551114,1.7940300570730354,-0.747749971956589,0.6912331826893902,0.8934521024018872,-0.8888931544818489,1.9398960425995289,-1.2575543987158648,-1.8303887156152285,-2.5674180535153286,-0.8934521024018872,-0.6912331826893908,0.8187314063485348,0.8162299304530506,-0.7067416898394149,-1.6719553235153006,-1.05747403104038,-0.24551969421163483,0.3235742738836193,0.012804842605544792,-0.8937379858706291,-0.8036612908751883,1.9451198696741894,0.24236545179233895,-0.46443461193445323,-1.1084851516111824,-0.0012904541294803558,1.5215080252738291,2.40748700222003,-0.1469716669968365,1
1.1614159000919912,0.1298722426046032,0.5693561964423357,-0.8681093238500562,1,0,0,1,0,0,-0.19268725454965888,-0.28557310682037435,-0.31055362260288033,-0.20692028109393978,-0.1236188567079617,-0.059713320298500704,-0.5410666753444247,-0.4129037595615529,-0.1036906157382236,-1.268307087690139,-1.1743165965934352,-0.3696893854745437,1.1502631964916066,-1.1950726572781802,-0.44793675282386336,-0.6275896814201832,-1.9311000525082642,-1.473727892769519,-0.44411445533132876,-0.06374491962016399,-0.4417361349510873,0.1179901624586464,-0.48891855993879585,-0.20144470457234,0.08786063943008134,0.06374491962016399,0.4441144553313281,-1.17736540326792,-0.5596729573423944,-0.5187244289600577,-0.7416792878996918,-1.381771355514063,0.1010352376589052,0.758556726032511,1.1201682272361313,-0.790386157798101,-0.5816133531797613,-0.17942508891434333,-0.8341740846200435,-0.9312203811280227,-0.939254006738398,-0.0012904541294803558,-0.20711139779498602,-0.26463402725168356,-0.8274130302866491,1
-0.5605016778429365,0.0010334127472937634,0.5693561964423357,0.5985369837740325,1,0,0,1,0,0,0.3499270366280375,-0.4780403647567182,-0.1442422641769629,-0.3272794090180478,-0.3522500823857134,-0.11471802179613952,-0.10287785860191023,-0.7770681638210143,0.8424942056165082,-0.848396655468422,-0.42480885465844914,1.3866463736923487,1.399857991681835,-0.7791023640896364,-0.5128131610649291,0.1460353042846293,-1.6219880939961857,-1.2652579203429928,-0.383489096019544,2.2715600858008265,-0.6354157356045184,0.5528254742822997,-1.004966405585729,-0.46220648142850895,-0.6830057802634947,-2.2715600858008274,0.38348909601954334,-0.5646101035717058,-0.18442671521636386,1.127942871967207,1.0413497803635572,0.2397152668543526,0.6366201323679207,1.4110304042558486,1.839954427246013,0.8219023601333442,-0.6371253376036178,0.4275877563966659,-0.21379536872138252,-0.6848612251647502,-0.8038690908401701,0.37938770007212164,-1.4418395571298541,-0.6543183440496418,-0.2706882785040748,1
0.44180855408933456,0.18140777454752677,0.5693561964423357,0.3052077222492148,1,0,0,1,0,0,-0.05387894750420167,-0.35883858869342367,-0.1826218084290977,-0.2896671815417641,-0.11454579267030884,-0.052111044481753875,0.5278327446357445,-0.0756908746591408,1.1183455610407076,0.13503258597008813,0.38202817983535736,0.8462633351064915,0.0050696466171552025,-0.06106582577206178,0.5156267819188158,1.1412673598378262,-0.502888113261679,-0.2930575727825154,-0.0632699944762795,1.2169526660865582,-0.7949805338844261,0.6204316917461415,-0.3819522135083014,-0.6810755567919574,-0.7827690247785396,-1.2169526660865582,0.06326999447627879,-0.007559831120602114,0.5660657690356972,0.23637715102316323,0.8087807714596554,0.5469443110925782,-0.7811045889206503,0.4323198869208419,0.5111183656893089,0.139780294854656,-0.8869292675109735,0.19995793940503753,-0.9254062487227878,-0.9571529238609991,-1.1254082660984612,-0.6040308649486834,-0.5363722402842841,0.013711913318286572,-0.76555472453303,0
-0.38059984134227254,0.6709953280053031,-0.4445202009343899,0.3052077222492148,1,0,0,1,0,0,-0.6343500496942954,0.43312638202953796,-0.15703544559434116,-0.3070266711462027,0.8015040989105565,0.5703811871012805,1.2731938789249992,-0.29385661676016406,-0.6479970954422731,1.7036612330212222,1.3652095173937606,0.4218914716075241,-0.740962120244921,0.4948356834028276,-1.306363565132601,0.10414341176696396,0.7927697226535675,0.7819891060799925,-0.8293216896597884,1.3979208031972914,-1.2759730972355534,-0.9053589131165464,0.9904878227742427,-1.5154395283229516,-1.0113790748076505,-1.3979208031972914,0.8293216896597884,0.1317027369921738,-1.3852146900196616,-1.0372881646111858,-0.8321227913623208,-0.5112890635057554,-0.6865896075014126,-1.6066603575270884,-1.5375038958772762,-0.790386157798101,-1.3587811351137562,-1.2416975682086098,-1.8286046733399568,-1.164613265724808,-1.5823323572549794,-1.8095116865870906,-1.5241547677521787,-1.211010225189582,-2.002720839605417,1
0.4161082917320974,-0.87507063028241,-0.4445202009343899,-0.13478617003801185,1,0,0,1,0,0,-0.6595879237025604,0.706418258857579,-0.34893316685501513,-0.1855102439151321,0.6797739475773028,0.6866512878279967,-0.29255385336814693,-1.2031409144692196,0.8743694922964416,-0.10993618652732304,-0.016279034399215072,-0.32503765012426444,0.03419422825241963,-0.86319047269398,-1.0401065216625265,1.095316330245843,-0.6546417096187014,-0.30665560732027325,-0.653257441282515,0.2045801889163758,-0.45568649499390557,0.6093927826909906,-0.09460510752774802,-0.5006148176601755,-0.2782259728769144,-0.2045801889163758,0.6532574412825142,-0.8988402670423681,-1.0850176963188372,-0.5915053041391644,0.020630241285320403,-0.23819657973844427,-1.1276595207911904,-0.8726274695258333,-0.7069813574043363,-0.9144083514851348,-0.24854144663662048,0.9587239960437993,0.9722227646142934,0.7673611678819103,0.49921072468027106,0.886958572340925,-0.12479618717266176,-0.04195727479570725,0.6571863078002155,1
1.341317736592655,0.5421564981479937,-0.15484123025532542,-0.13478617003801185,1,0,0,1,0,0,-0.4576849316364408,-0.049495443007215444,-0.38731271110714993,-0.15368451297366123,0.12675425862610995,0.08070518596376425,-0.6041685986189811,-0.08569338562932498,-1.1386576538184028,-0.2065684406844711,0.04855462280043142,-0.8165129638274597,-0.6399102432356869,-0.5266632189239975,0.8695505140152605,0.12404423804614693,-0.813331795706413,-0.3085890528890987,-1.0117882743416888,-0.11014700605881247,0.3138754606086325,0.9887134772941325,1.6812356544826272,-0.5274252494107629,-0.3644005358106857,0.11014700605881318,1.0117882743416882,-0.7595776989295921,0.19081952690966666,-1.410290149904103,-1.1422148032341901,-1.347634795043149,-0.844114576533476,-0.8726274695258333,-0.5408768497097485,-1.1004416420156866,0.3065783976019474,0.9587239960437993,0.0872707728176734,0.9488889670127426,0.65151875506577694,-1.397110352868688,0.7806711296729086,0.793080546914203,-0.08511336124321738,0
0.46750881644657266,-0.35971531085317227,-0.8790386569529866,1.478524768348486,1,0,0,1,0,0,-0.3188766245909836,-0.19195610220481132,1.339766780238916,-0.6472726673932004,0.9326183917655412,0.35259834458623907,-0.08232959085131562,-0.3104391397465856,0.8179127328777408,-0.5580987653098545,0.643140936363298,0.29689723511175864,-0.21370547289956507,-0.8424051891202781,-0.14907233167005918,0.44727471387005363,-1.360469106290129,-0.6785440273385311,0.36728888379760893,0.04065977486679812,-0.7272400390082,0.27675007243436467,-0.6686461536521824,-0.5950624510208776,-1.4985808905376319,-0.04065977486679812,-0.36728888379760966,-0.8152827261747027,-0.18442671521636386,-0.13662483426975403,0.11107374474794844,-0.4430159425639276,-0.11949971898598452,1.3294711944779316,1.2309045656991897,-0.17027518936292965,-0.6556293324115703,0.326418948844831,0.19674936974096682,-0.1878208227827085,-0.4033553813079138,-0.32909664246974885,1.1648087792437567,1.3126596359781475,-0.45626319576493324,1
0.6731109153044746,0.2587110724619126,1.7280720791585935,-0.4281154315628296,1,0,0,1,0,0,-0.15483044353726144,-0.31115787826810587,0.43145089960505906,-0.5049248526368034,0.40087135946296243,0.15091443909489674,0.5318320579613279,-1.2052372689843789,2.3874438773105786,0.8186795327053852,1.866012872651079,1.419445004289183,-1.3726863763118449,-0.04958079040948877,-1.517300750611897,2.1703521280208498,-0.5075006560257808,0.2885838549618888,0.7577574583546642,1.1844190684037315,-0.7890659644074913,0.13422739205799364,-1.0827211794272462,-1.6092121950560452,-2.144162158146773,-1.1844190684037315,-0.7577574583546649,-0.007559831120602114,-1.3852146900196616,0.1908891040362222,1.3126802907514432,1.0077878774499178,-1.1591645145976028,0.02452383803125581,-0.319404172783631,-0.23228628620644656,-0.7759052986632599,0.04820472807728505,-0.21379536872138252,-0.723760039264214,-1.2438700675094103,-0.1916295312302808,0.28677986593896093,1.0714264874841732,-0.76555472453303,1
0.6988111776617119,1.4955638390920825,-1.168717627632051,-1.8947617391869185,1,0,0,1,0,0,-0.7605394197356201,1.6745692693228735,0.16279408984011548,-0.43201499629816104,1.6938137303433574,1.6217312132878567,0.47623610184552656,-0.5736847857207502,-0.4852829274073571,1.0779029665420277,0.8026279287278726,1.1493376860312698,-0.5953288857898686,-0.3811555718138509,-0.75572358560989,0.3055693707663943,0.14049267927770095,0.35245381468092607,0.8432886699243073,0.7311960875261709,-1.0430640488256018,0.03033307422757934,0.970465767462611,-1.3168672314654666,-0.6993530663562615,-0.7311960875261709,-0.843288669924308,-0.5646101035717058,-0.9349191994684248,-0.9918001176242447,-0.7029177864157086,-0.6136987449184976,-0.7495995951142377,-0.38327221085833024,-0.762349526635866,-0.9764194483286528,-1.0257092285706153,-0.1035484832504671,-0.3871364805165972,0.14498014229048395,-0.39771434314548676,-0.7626467625326843,-0.04248097655033679,0.3477270420022505,-0.20882997275045564,1
-0.25209852955608386,-0.5916252045963298,-0.8790386569529866,2.505177183685348,1,0,0,1,0,0,0.40040278464456736,-0.5042066082828072,0.12441454558798068,-0.41870605426809143,-0.17005144961488727,-0.06418524724952825,-1.2604442665139515,-1.8556545562372369,-0.4369566449812823,-1.3497315096356939,-1.4325861608570074,-1.0247902998831364,1.0491537664287458,-0.48541743612349275,-1.3212237651136556,0.37739191921768683,-0.9037723446710978,-0.9502775073829584,-0.7703150826731027,-0.6337026228571595,1.2676550525277022,1.2233711505452474,0.9765768550995038,0.9272350058098808,0.9346711419531726,0.6337026228571595,0.7703150826731019,-0.7317251853070371,-1.4602639384448675,-1.4284853686988783,-1.051771299771562,-1.2964299543367779,-1.4742144526617298,-0.46483142063624716,-0.1532996650890431,-1.534519319920306,0.8894542340524437,0.8069707847160468,-0.6882026220556532,-0.127311556405765,0.24536400737109418,-1.1433249167342867,-0.6186874509066087,-0.9326642846196119,-0.7036964187794109,0
-0.9974061379159777,-1.0039094601397194,-1.6032360836506476,0.3052077222492148,1,0,0,0,1,0,1.510869241008225,-0.6606225973609839,-0.5024513438635544,0.04594961747738333,-1.2577755292978527,-0.5435758163996812,-1.386439133130952,-0.8855923152313964,1.3677523490874237,-2.116084220141719,-1.6162836137565362,0.49463609304990014,2.8588617653276924,-1.5551672651736645,-1.0848383491682354,1.0613611440803536,-3.182025005818493,-2.380874900683138,0.6152054390719316,0.06447137185505257,0.3739725569045867,0.1287360017963629,-0.8031976886552101,-0.2965482631454653,-0.22321308388595731,-0.06447137185505188,-0.6152054390719323,-1.4837430531160272,-1.0850176963188372,-0.3913578973966235,0.188596747715916,-1.1257471519822078,-0.9386295579527137,2.5528593411466898,2.3382679503297763,-1.5965304167638241,0.4731143508735179,0.27583454506891375,0.4613226456389258,-0.0495139282068366,-0.1607907403235886,1.0772976494417266,0.28677986593896093,0.3477270420022505,0.40975308478573785,0
-0.6633027272718879,1.0832795835486928,1.0038746524609323,0.5985369837740325,1,0,0,1,0,0,-0.596493238681898,0.38660861576093525,1.0327304262218375,-0.6171828854121734,1.3399937928934416,0.7743010560681366,-0.2541387420320929,1.8191832652200621,0.4935796574904462,-0.055928023264565835,-0.3619975946787255,-0.11991046889528155,0.26030531510382804,0.8947225914939777,1.7013987993727946,0.35869154322505875,0.33891092504566217,-0.4192345196244829,0.02218903885575044,-0.18555039652161812,1.2473823784446023,-0.7924621554868507,-0.314289517945218,0.4116134230875556,0.06131369122876854,0.18555039652161812,-0.02218903885575115,0.605195468575612,1.2415090048625523,-0.6187981323313287,-0.354064273059855,-0.20406001926752979,-1.348194477436079,0.02452383803125581,0.012804842605544792,-0.6663639641110671,0.8061862574166584,-0.9381911455531051,-0.8524205174405927,-0.8663890242955825,-0.6684841749419423,-0.5723076854318833,-0.20711139779498602,-0.32030321536567735,-0.7036964187794109,1
-0.3034990542705592,0.15564000857606544,0.27967722576327125,-0.13478617003801185,0,1,0,1,0,0,-0.06649788450833415,-0.3547682841449209,0.6873145279526244,-0.5558460221431568,0.43956502977088535,0.15672794413123253,0.33705696492292564,-0.31150503153013087,0.22624875157823124,0.2826281144629167,0.5263564736985784,0.8168353408559048,-0.3900602372549948,-0.07684279587226361,-0.5899438388119179,0.2390879276501292,-0.27025244987048175,-0.18127474746755243,0.9910609039976785,0.13114384342216265,-0.5454663308261114,-0.16344235530151371,-0.06902931304894873,-0.6497900521313689,-0.8612687032596718,-0.13114384342216265,-0.9910609039976793,-0.23037994010104354,-0.7097714541928067,-0.6278957417287164,-0.4186667755331612,-0.4942207832702994,-0.6235796198885869,0.5138790966987595,0.06817301183707392,-1.0384305451721696,-0.44283339212011924,-0.02767187758659086,0.41570656358755365,0.31354167005482897,0.025363519036474696,-0.033013633646279864,0.9453015509175579,1.127095675598167,-0.08511336124321738,0
0.8016122270906633,-0.10203765113855341,-2.617112481027373,-0.8681093238500562,1,0,0,1,0,0,0.097548296545388,-0.41873021276424965,-0.2977604411855021,-0.22022922312400942,-0.3535221159360302,-0.15183501548966816,-1.098240431399387,-0.10965287053211369,1.1912879910713228,-1.6689449812781882,-1.0163962139189666,-0.5390543180383479,1.3901779255850901,-1.614938782594425,-0.7941203845416375,0.4341287940500308,-2.1212380738067353,-1.300821292592893,-0.36261672883974233,-0.3755669404878874,-0.08649774932793663,-0.6450303623344072,-1.1922730213794492,0.15125363550743215,0.05136604918363157,0.3755669404878874,0.3626167288397416,-1.5115955667385823,-0.7097714541928067,0.13630344765189217,0.3436427536518511,-0.5624939042121272,0.06953024385249205,1.3294711944779316,1.7292180887829538,0.015758101167622184,-0.5538573609678327,-1.0899443568808573,-1.9563297030837987,-2.111151075478434,-1.9377177614878267,-0.635754044465484,-0.8656330827735822,-1.0996718489615938,-2.064579145359036,0
0.9558138012340891,0.38754990231922204,-0.15484123025532542,0.3052077222492148,1,0,0,1,0,0,0.1480240445619179,-0.424544933547825,-0.7455217907937414,1.055693262802232,-1.4328391295953078,-1.1423668351422696,-2.0980536227995628,0.44973392071134,-1.2819240835575374,-1.2084723070799461,-1.6629796615946602,-0.5159314730927139,1.8859194420939496,-1.2923845452157363,-0.07582273527626054,-0.9504208227417746,-0.5167458397795349,-0.4722627456769585,0.4700615648931452,-1.1698703314820218,1.626059224913778,-0.6932314718685878,0.7973518983134105,1.1201717936107416,1.7008823534379753,1.1698703314820218,-0.4700615648931459,-1.2052179168904753,-0.03432821836595151,0.1272058382545045,-0.39282577454383927,-0.5624939042121272,0.8571550890128092,0.5954383064766764,0.40038202722625016,-0.4183195767369984,1.3890620938671545,-0.7105613285614767,-0.25028823436248077,0.1838789563899486,0.6345956405784983,-0.12818317219668063,-1.3595243465075295,-1.823371294443516,0.10046155601764112,0
1.5983203601650333,-0.3339475448817109,-1.8929150543297122,-0.4281154315628296,1,0,0,1,0,0,0.021834674520593164,-0.4007045783351661,-0.630383158037337,0.40181915436837584,-0.8862398096111354,-0.618704189176944,-0.8859034374308569,-0.9449771210011435,0.8623396003349888,-1.3492030995758666,-0.8398644133276637,-0.4032074542398784,1.0102210847626643,-0.6853117814155608,-1.0118586630590847,-0.8710515092452414,-0.5950114327990813,-0.8725682201521858,-0.09720267704722074,-0.45352244570481864,0.5471148378203627,0.2833529588504028,-2.0541698851097006,1.2326831927834285,0.23997183514089576,0.45352244570481864,0.09720267704722003,-0.7038726716844818,-1.009968447893631,-0.3367722410122935,-0.7158382869103699,-0.8867912286858101,0.1010352376589052,0.5138790966987595,0.6218547041523672,-0.8523972546416179,0.44535835866158957,0.19995793940503753,-0.1681792866700104,-1.1775795370912954,-0.7023304039164997,1.1724671879921262,-0.04248097655033679,-0.26463402725168356,-0.20882997275045564,1
-0.5605016778429365,0.33601437037629844,-0.4445202009343899,-0.4281154315628296,1,0,0,1,0,0,-0.11697363252486404,-0.3326723451673346,0.44424408102243734,-0.5136045974390228,0.3717656844307069,0.14107619980263614,-0.2345574814704596,1.6063554350977824,-0.290957959066046,-0.25388804344358284,-0.897012045498428,0.13992393249411306,1.0451220264276069,-0.9540773952449975,1.5809648547386728,-0.19843789387439034,-1.5567201605877408,-1.7880559570563355,-0.5448307780589747,0.7311960875261709,-0.6271450040309012,-0.6209973613935629,0.19833833112638122,-1.200630696258813,-0.5795290340339438,-0.7311960875261709,0.544830778058974,-0.8988402670423681,1.4666567501381707,0.00893691608845806,-0.09565426316663046,-0.6990401460957827,-0.40304466324369825,0.8401159358104279,1.2862727349307197,-0.4183195767369984,-0.5261013687559044,-0.482931511569848,0.39746013076700454,0.4432043837197094,-0.093098282374475,0.4428340591057229,-0.04248097655033679,0.3477270420022505,0.2860364732784985,1
1.1871161624492292,-0.4885541407104817,-1.8929150543297122,-0.8681093238500562,1,0,0,1,0,0,2.0408645951817888,-0.6949294499840785,0.2651395411791416,-0.4545823327839313,-0.6379856326310068,-0.18313850414686098,-0.7056045899228977,-1.7155536884651608,0.5632237762703879,-0.4501422923762568,0.7499791184482055,1.969897015901255,-0.5280197774893219,-1.1916169423783345,-1.686226555070851,0.4852552443464222,-1.4253267790704252,-0.23310298082178907,1.90767708056873,0.7946936794948511,-0.20948924982230327,0.6654265304614146,-0.28231104753902364,-0.8052164392851674,-1.202589275892297,-0.7946936794948504,-1.9076770805687304,-0.8988402670423681,-1.3101654415944555,2.219655999653792,2.204194824883068,1.3320852019236007,2.1173548412693166,3.042214599814193,1.9506907657090713,1.6900577159425842,-0.47058938433204756,0.12408133374116129,-1.1991027410310207,-1.1386807229918314,-1.3284856399458025,-1.1433249167342867,0.28677986593896093,0.793080546914203,-1.198562864808365,0
0.5703098658755232,0.1298722426046032,0.27967722576327125,-0.8681093238500562,1,0,0,1,0,0,-0.571255364673633,0.2011190227648818,0.188380452674872,-0.4378014928329739,0.8854030673068809,0.493016850848504,1.828421403631589,0.1912312125123398,-1.9046928666133198,2.6266443350449524,1.8933673200080872,2.0047596617727446,-1.3999266031768653,1.0680954630541106,-0.8815581763347756,-1.6425547185970548,1.5210610320998472,1.2687986411929122,1.943454842271065,0.8067582219688989,-1.4752360687629964,-1.1455964692956924,0.953169871432296,-2.0401689576228206,-1.2227353239942993,-0.8067582219688989,-1.9434548422710656,1.1900982546492709,-0.7097714541928067,0.5184030423421971,-0.4703487775118068,0.12023730520615308,2.211869822688555,-0.30171300108041293,-1.0391903727935126,0.20179139169817292,-1.4142931195376127,-1.1658209625447336,-0.5057382938501646,0.028283699992091807,-0.7869459763528921,-0.7626467625326843,-0.12479618717266176,0.29205785388825667,-0.76555472453303,1
-0.020796168340944693,-1.1069805240255675,-0.15484123025532542,-0.8681093238500562,1,0,0,1,0,0,-0.43244705762817587,-0.09892056966760585,1.7619417670123987,-0.6715759528394145,1.2113011232137827,0.4429312689969955,-0.5569094691695534,-0.7964486757034163,0.9558831833181047,-0.8100040389563152,0.012064588002345895,-0.9359811955495184,-0.7778808751687151,-1.3358136103379274,-1.203626709892793,1.0946458909979708,-1.6630942418112933,-0.8628796561310427,-0.6949470730335814,-0.5873266710771624,-0.5603330464781172,-0.11261601312994753,-0.20671078066637238,-0.5548325819738671,-0.8581185935922894,0.5873266710771624,0.6949470730335807,-1.2052179168904753,-1.009968447893631,0.6275743551108558,1.1447137843208466,0.3079883877961804,-0.08799472517957138,0.4323198869208419,0.8986955503100138,0.6358690696027934,-0.5102408017776596,-0.07102993796594885,0.11855037193861419,-0.008762789626445312,-0.22606561048880558,-0.17803388286593846,1.674379130715289,1.445205321963847,-0.19115617110656447,0
1.0586148506630406,0.4133176682906843,-0.15484123025532542,1.0385308760612593,1,0,0,1,0,0,0.526592154685892,-0.5292099076521812,3.2459508114282776,-0.7358060643758376,0.7057678455591325,0.16164706377736285,-0.21278309490509212,0.3550653138895768,-0.17345712770825042,0.2736965838425661,0.6343470422857274,0.308757555668357,-0.38695506458348594,-0.4836767293845858,0.11610401084784254,-1.1120456065892619,0.10695814481081606,0.41782402409581043,0.004530982273630621,0.41661470759684033,-0.1874040158316392,-0.3710278370127484,-0.8803768849273917,-0.26368856184445183,-0.4167583860479223,-0.41661470759684033,-0.00453098227363133,-0.45320004908148526,0.11577027848446049,0.03622974428062242,-0.5478717804797735,-0.47715250303484213,1.3612349899154128,-0.38327221085833024,-0.4301405112466897,0.07776919801113909,-0.10976148557697851,-0.2553016945782196,0.33359761589508324,-0.1921429132382052,-0.2792525417345383,0.8235122133073248,-0.12479618717266176,0.06938110143228039,0.038603250264021984,1
-0.5091011531284612,-0.8493028643109486,1.0038746524609323,0.3052077222492148,1,0,0,1,0,0,-0.24316300256618875,-0.24719594964877709,-0.822280879298011,3.0462480707778647,-1.8225728208667882,-2.5443159342894055,0.9243719987376711,0.31228161174162705,-1.2624751254615345,0.43704884845699854,-0.15778494539708623,-0.4258617385586195,-0.004569671520342526,0.35767263857714804,1.1794625397866605,-0.6229828450766294,-0.628222033886232,-1.1534771098963899,-0.7825353858951971,0.1952844489803987,-0.9279794798159785,0.752943367866113,1.0998081106075075,-1.213359013185213,-0.9210177350251527,-0.1952844489803987,0.7825353858951963,0.18740776423728422,0.8662627627365218,-0.4732363819731166,-0.7029177864157086,-0.8867912286858101,-0.43454965705011084,0.02452383803125581,0.4557501964577793,-0.728375060954584,-0.8869292675109735,0.6552175733882943,-0.10431677179808911,0.4691369264526849,-0.07617516788719629,-0.9847090191502859,0.36909507656128593,0.514734606344233,-0.6418381130257917,0
-0.7918040390580765,-0.12780541711001567,0.5693561964423357,1.0385308760612593,1,0,0,1,0,0,1.864199477123934,-0.6873703129654305,-0.7966945164632545,2.0307179289182034,-2.4841432004005464,-2.0980176245768565,-0.7777488868350275,3.1631022168569363,-1.5985055240187274,-1.1432556930217568,-0.4496724023017099,-1.1987284052543552,0.080715556049201,-0.2205319751719487,5.414984779846779,-2.4655811588436793,-0.8725169639171444,-0.7624186232615051,-1.4375436385994584,-0.20918429502488586,0.8611258085083928,1.0831558202790266,-0.2924606833117506,0.679291798802518,-0.15975724673875707,0.20918429502488586,1.4375436385994576,-0.6203151308168162,3.1927894639179106,-1.82878018218396,-2.5117878556682802,-2.5936192522315107,0.2270552128845555,-1.0357458890816678,-0.5408768497097485,-1.4104971262332722,0.6951622885689447,0.8828473903799233,-0.2685346671830286,-0.37367071236903754,-0.093098282374475,-0.5723076854318833,-0.04248097655033679,-0.15329565102369538,-0.45626319576493324,0
-1.1773079744166424,1.7790092647781635,1.0038746524609323,0.3052077222492148,1,0,0,1,0,0,-0.23054406556205628,-0.25184772627563734,1.3141804174041594,-0.6461153680862378,0.8211556226342537,0.3056431116004498,0.6845798095138428,-0.1594986820279379,0.2762817414329228,0.17713876821352145,0.46146901794440887,0.5031942838078257,-0.3260344209690217,1.1051721582250342,-0.6115856925889743,0.010032917691585182,0.15337422111966828,0.4159348497197334,0.1590389773671773,0.5285640660967139,0.1523501090028413,-0.3937561744263874,-0.3676042813227814,-0.08721979559826455,-0.19385289861644348,-0.5285640660967139,-0.15903897736717798,0.577342954953057,-0.8598699510432187,-1.155557086777232,-0.9742482968035945,-0.8697229484503528,-0.5920746260821743,-1.0357458890816678,-1.2052948804881005,-1.0384305451721696,-0.19302946221276363,-0.7105613285614767,-1.2173491738515698,-1.1905458084577836,-1.1423313805857394,-0.6992004034990842,-1.1125787146405561,-1.0440026608476,-1.5078543935764617,1
0.8273124894479005,0.0010334127472937634,-1.6032360836506476,-0.13478617003801185,1,0,0,1,0,0,-0.5460174906653681,0.11331673893289414,0.29072590401389814,-0.46210477827918806,0.8867977228231635,0.44427284708230375,-0.7258152329549746,-0.6386985874247195,0.4236866747962397,0.06160193050847304,0.10536624420969155,-1.0801300894121402,-0.8686717641375469,-0.6400030581653975,-0.584942913222147,-0.13184048929862427,-0.24482557069572214,0.005983453161122891,-0.24687185720061178,-1.22832411340968,0.36978023493282614,0.290650885941813,-0.711680855130884,-0.32598507889429135,-0.1311396004588998,1.22832411340968,0.24687185720061106,-0.5646101035717058,-0.4846237089171882,0.2454747604205509,0.13691474573727128,0.03489590402886805,0.4790951633358572,-0.6279498401920818,-0.5962450189412776,0.07776919801113909,1.194770148383656,1.33810702436318,2.933714292823296,1.9732244049652974,1.6838287387897632,3.1075811385169376,2.4681329474305618,1.8229605270230922,2.3273605631479377,1
-0.8689048261297889,-1.776942439283576,1.7280720791585935,1.478524768348486,0,1,0,1,0,0,0.9934928238387936,-0.6158492473274538,2.299255386542286,-0.7034016837808854,0.3393343758105775,0.06997256128129814,-0.02889768442294904,0.46127505692658904,-0.38777297658553356,-0.885146136585851,-0.008996697762841486,-0.2559618878502889,0.5439828581137691,1.285917966519467,0.6356657972431293,-1.1625551518533113,0.9079430590318247,0.921112266104397,1.4316772944420317,-1.7690215962405276,1.3250570142747713,0.0036815494660068686,-0.6381571617571024,2.0960761209190477,0.9109829956091665,1.7690215962405276,-1.4316772944420324,1.0229831729139398,0.41596727218528484,-0.4186507255887879,-0.9225662948249498,-0.5624939042121272,0.9516700704320475,0.5954383064766764,-0.04256332662598434,-0.29429738304996345,1.4723300705029398,0.19995793940503753,0.6072941082033162,0.15794641365697218,1.0069041592986248,0.41111087958892223,0.2044646553166367,-0.5429799678216537,0.16231986177126023,1
-1.0231064002732158,-1.5192647795689571,-0.15484123025532542,-1.161438585374874,1,0,0,1,0,0,0.03445361152472564,-0.40128605041352367,1.0199372448044592,-0.6154469364517295,0.4865722071172581,0.1670133761185959,0.3387499734379181,-0.056531177654709615,0.33717605156751035,0.7695322980303343,0.21626354667891848,1.992254014917588,1.2839413385101726,-0.42919188730407715,1.0529487830676767,-0.7010336785818178,-0.6394241589161476,-1.2947476089141166,0.44932672572474713,2.2715600858008265,-0.8998835609345671,1.1324117915538314,-1.1654021975018731,-1.6736305389381272,-1.5452222403290365,-2.2715600858008274,-0.44932672572474786,-0.6481676444393714,0.41596727218528484,-1.21924035255895,-1.3360223106541085,-1.467112756691348,-1.0016395455655394,1.166352774922097,1.009431888773073,-1.534519319920306,-1.1367331974183288,0.04820472807728505,-2.1387940312892875,-2.240813789143315,-2.530026768542573,-1.0481553781838862,-1.4418395571298541,-0.6543183440496418,-2.064579145359036,0
-0.9203053508442651,-1.1842838219399534,-0.15484123025532542,1.7718540298733036,1,0,0,1,0,0,0.08492935954125552,-0.415822852372462,-0.6943490651242283,0.8415928910141551,-1.1471638494126535,-0.9701976475277091,-0.5307718874706293,-0.11674336201351444,-0.23539410870334904,-0.8270611611036756,-0.6318655600969559,-0.4924524625220131,0.6062506759851075,-1.0607419086360812,0.42489579612519507,-0.5981871997810483,-0.8581886545378038,-0.996605042807966,-0.9462874490712617,0.266869946255213,-0.3218295868202689,0.5858852091852422,-0.27932881447952657,0.26634109166133807,-0.15153467651831332,-0.266869946255213,0.9462874490712609,-1.038102835155144,0.26586877533487285,-0.32767463161490584,-0.5737127814690962,-0.8526546682148961,-0.05648973137315825,-0.05703537174666111,0.4557501964577793,-0.35630847989348147,-0.5261013687559044,0.12408133374116129,-1.0440080620563552,-1.0090180093269512,-0.8546384343020056,-0.826093121566285,-0.7833178721512579,-0.7656567202776299,-1.3222794763156045,0
-0.8689048261297889,-1.6481036094262664,1.4383931084795292,-1.6014324776621007,1,0,0,1,0,0,0.5896868397065544,-0.5390949329842593,0.7256940722047591,-0.5627898179849323,0.0498498552814737,0.020334172124892372,-0.6712102424094707,1.1378006434217702,2.748272060367008,-2.1225211051529063,-1.6323306316284283,-0.3905710656149607,2.235171560479495,-0.8091269355890062,0.6834344629773831,2.850575404261966,-2.1341907374989506,-1.5793822247440699,-0.8822105547849753,0.3422733367180179,0.12486408075064359,-0.8770174486838838,-0.8924266013414288,0.7511620769759861,0.5801504254288297,-0.3422733367180179,0.8822105547849747,-0.7874302125521474,0.5660657690356972,-0.1548200530645294,1.3126802907514432,0.22264698661889537,-2.2303343040156345,0.5954383064766764,1.2309045656991897,-0.29429738304996345,0.269570407986043,-0.6852691266735177,0.6224994688871073,0.028283699992091807,0.3299795798074865,1.3628062650929278,-1.5790315748337282,-1.6563637301015341,-0.45626319576493324,0
0.8016122270906633,1.1348151154916164,-1.6032360836506476,-1.6014324776621007,0,1,0,1,0,0,0.1858808555743153,-0.4379187913500483,0.38027817393554597,-0.49740240714154665,0.10736226462045009,0.04761292652616041,-0.3018200016093266,-0.9596044089216527,1.7857410660814157,-0.406723331856587,0.10462886455844529,-0.9305439434923276,-0.5681789933661191,-1.3058958424632539,-0.650504008936112,1.1335451125545786,-1.188013571163214,-0.1871434273672678,-0.8350596325743129,-0.440948977121442,-0.8851476795366869,0.6654265304614146,-1.3020643405696912,-0.6285569391322166,-0.31873178053714135,0.440948977121442,0.8350596325743123,-1.3444804850032512,-0.9349191994684248,-1.3375092747249961,-0.6512357844370638,-1.040405750804923,-1.1591645145976028,-1.1173050988595852,-0.9284540343304539,-1.3484860293897554,-0.9979532363586869,0.12408133374116129,-1.1991027410310207,-1.5795339494524245,-1.6669479296913718,0.2207718024881207,-0.20711139779498602,-0.4316415915936655,-1.569712699330082,1
0.544609603518286,0.7740663918911503,-0.15484123025532542,-0.8681093238500562,1,0,0,1,0,0,0.5392110916900246,-0.5297913797305387,-0.42569225535928473,-0.10739254069515815,-0.7781845426053784,-0.32445139579933147,-0.003489544041295637,-0.15866396239562675,-0.23488763963361992,0.5607551223516478,0.4709976509818621,0.9726226977313711,-0.28847813683346163,-0.31001907503821713,-0.28927917464774183,-0.9696123796538819,0.3110398712681563,-0.06339094410633132,0.7610291440431215,0.5717619163874261,-0.3049151110005075,-0.0720222590512015,-0.6532676603290642,-0.44912218139289917,-0.6742089327145306,-0.5717619163874261,-0.7610291440431222,-0.3974950218363748,-0.40957446049198204,-0.4732363819731166,-0.8708842928463041,-0.71610842633123994,0.2270552128845555,-0.13859458152457876,-0.4855086804782194,-1.0384305451721696,-0.4150773999081907,-0.2553016945782196,-0.5787240251323598,-0.8015576674631424,-0.9054077777638412,-0.1916295312302808,-0.28942660841731066,-0.04195727479570725,-0.8274130302866491,1
-1.6142124344896835,-0.8493028643109486,0.27967722576327125,0.3052077222492148,1,0,0,1,0,0,1.7632479810908743,-0.6780667597117099,0.15000090842273722,-0.4215993025354979,-0.6422114440586655,-0.19565989960973812,-0.18293224518386525,0.8094638919521296,-1.791058476439098,-1.2783058715460867,-1.391892497542169,-1.0336358193907362,1.3272150876675122,-0.13897613419060115,1.726113097807595,-2.506271502432426,-0.7237804927049533,-0.9074206733859309,-0.16027754582615011,-1.2507946581507028,0.11550842421534853,0.6181676139465816,-0.07012421793592656,1.0092204160760314,0.9236087436246575,1.2507946581507028,0.16027754582614942,0.14562899380345135,2.2546738586028345,1.2189189659410893,-0.476809027759137,-0.71610842633123994,2.9837421709456655,2.0227244775902276,2.365952034945541,1.3800022317249987,-0.19302946221276363,0.12408133374116129,-1.1078705769282764,-0.9701191952274875,-0.5669454880182719,-0.6040308649486834,-0.28942660841731066,-0.8213259083916238,-1.136704559054746,1
0.930113538876852,-0.514321906681944,1.0038746524609323,0.5985369837740325,0,1,0,0,1,0,-0.21792512855792381,-0.2692918886263634,0.46983044385719386,-0.5176551450133918,0.4841000596604902,0.19295055243455567,-0.16914394800573768,-0.11628062773702287,1.0841880187163775,-0.12037612846906391,0.38013939375606004,0.1368964870946954,-0.7940963809040406,-0.5653074968688759,0.8748009457708555,0.7284513322427862,-0.2185077683630951,-0.41885650648790074,0.4513710056427588,-0.2609537869844238,-0.32964981293412043,1.0359551942784464,-0.7500980047735843,-0.05404817917345221,-0.9031316843579447,0.26095378698442306,-0.4513710056427595,-0.48105256270404034,0.9413120111617277,0.3091580262022686,0.6537347655237203,0.529876030857121,-0.7180946013078251,0.2692014673650073,0.06817301183707392,-0.17027518936292965,-0.38732140769626244,0.8069707847160468,-0.3415203984652251,-0.6589286824317738,-0.6346379459673855,-0.4136917878478824,0.8629863402952329,0.793080546914203,-0.6418381130257917,0
0.6474106529472365,0.0010334127472937634,-0.15484123025532542,-2.334755631474145,1,0,0,0,1,0,-0.81101516775215,3.3782824589104488,0.36748499251816774,-0.4765710196162203,2.53702322101846,2.96643964746184,1.0697124476606583,-0.09639896557716582,-1.6396644212963978,1.073514292512874,0.7142170364237379,-1.2444002106222725,-1.7918037603719088,0.4560055631029099,-1.4563907537132625,0.18886001222272963,0.9682933835932094,1.1127987210755066,-0.9919856992599327,-0.7133741297612556,-1.0318258124575677,-1.3266696802328997,2.431262291689143,-0.4901054077952735,0.15791423561431397,0.7133741297612556,0.9919856992599321,0.35452284597261524,-1.3852146900196616,-0.20940570944885942,-0.08273376267196997,0.3079883877961804,0.006520256239666901,-1.6066603575270884,-1.482135726645747,0.139780294854656,-1.1182292026103766,-1.4440351833122795,-1.2477598952191509,-0.014937204562868624,-0.20591904562299765,-2.23248741347776,0.34165667302051117,0.013711913318286572,-1.3841377820692236,1
0.08200488108800677,-0.23087648099586283,-1.168717627632051,-0.4281154315628296,1,0,0,1,0,0,-0.44506599463230834,-0.05240280339900311,-0.3233468040202586,-0.19997648525216433,0.1886072197551855,0.11424463809647085,-0.07866192137442482,0.12945577901111857,0.7654230572029445,-0.23656647021838656,0.14089987186311723,1.356142554893853,0.21596232630409196,0.3074785485821059,0.34183332674381756,-0.5847548047081349,0.5188706774193929,0.272824623517132,0.9789057261068004,0.87874991804355,0.41661025934863044,0.16475900326509196,-1.6339811462139198,0.8340893210222968,0.08318340973101641,-0.87874991804355,-0.9789057261068012,0.24311279148239442,0.26586877533487285,-0.12752722487236504,-0.40574627503850064,-0.18699173903207253,0.3215701943037938,0.6769975162545934,0.2342775195316623,0.015758101167622184,0.029018475482663446,-0.2553016945782196,-1.1626098753899237,-1.6962303917508168,-1.3454087544330806,0.030432725387320277,-0.7833178721512579,-0.48731077970765985,-0.8892713360402683,0
0.6988111776617119,0.49062096620506923,-1.168717627632051,-1.6014324776621007,1,0,0,1,0,0,0.04707254852885811,-0.4088451874321716,-0.7071422465416066,0.9631093182452258,-1.172230061797102,-1.0587418011580545,1.247413163959985,1.2417374664826695,-1.2920838752768613,1.7680713548146332,0.2071572265513901,-0.8022168087286435,-0.47828691744372326,0.6960209866463464,0.9452060642116507,-1.4878566399201323,1.624333820312889,0.08675255419972093,-0.964482122757493,-0.13756642077256032,-1.039102400997711,-0.7574369565836622,0.27116950779713717,-0.77788872286252,-0.18461755608041905,0.13756642077256032,0.9644821227574922,0.4102278732177254,0.5660657690356972,-0.6915790075104341,-1.2843403086754637,-0.6990401460957827,-0.15100471279239655,-1.1173050988595852,-0.8730858650989243,-0.9144083514851348,-1.053465220782544,-0.8623145398892288,-0.6517097564145549,-0.4255357978349895,-0.685407289429221,-0.3185222492974822,-0.12479618717266176,-0.2089648391376897,-0.7036964187794109,0
0.544609603518286,0.7740663918911503,-0.8790386569529866,-0.8681093238500562,1,0,0,1,0,0,-0.4198281206240434,-0.09892056966760585,-0.016310450003180245,-0.37588597991047606,0.44498297934688336,0.21441580179948788,-0.12219938682090938,1.011869541691971,0.13723983113632812,0.45073499144713103,0.006665270470239403,-0.9648081910254821,-0.9294345632667204,-0.9894806021877491,0.6231041555951924,-0.3091175813176299,-0.2918030533602598,-0.6777678099983732,-0.30025191215747105,-1.0180971097758913,-0.8187561369743204,-0.7646106370075479,-0.4982448047632396,-0.8982608071051265,-0.6703735277125823,1.0180971097758913,0.3002519121574703,-0.9823978079100336,0.41596727218528484,-0.3913578973966235,-0.4832692780064673,-0.5624939042121272,-0.43454965705011084,0.02452383803125581,0.17890935030013266,-0.5423417704240322,-0.7203933142394032,-0.6346847228976005,0.3518440487156324,0.028283699992091807,-0.33002188519637315,0.6966194952401235,2.0153992890077768,1.5167799923961247,-0.2706882785040748,1
-1.1259074497021662,0.05256894469021735,-0.4445202009343899,0.3052077222492148,0,1,0,0,1,0,1.081825382867721,-0.6274786888946045,-0.7583149722111197,1.1164514764177673,-1.9495568978653288,-1.3453923187189203,0.04178873339714533,-1.8057798111674286,-1.5093932392499108,-0.06682347010826965,-0.46936541316278024,-0.8001090879557247,0.07356764272603084,-0.3900158721329549,-0.49188243224731387,-0.6390625475027005,0.03985857409154236,-0.5629891641921364,-0.030386078764456946,-1.0611168246014868,-0.44780751505769495,1.9857324389383608,1.4211948937443835,0.1297972767996056,0.06054868285147315,1.0611168246014868,0.03038607876445624,-0.3766056366194584,-0.46586139681088673,-0.02063031445305387,-0.3476040228125248,-0.3107367707391361,-0.009232240663539667,0.18764225758709038,0.22043547722377976,-0.32530293147172246,-0.19302946221276363,2.5521327149851984,1.2185496076917033,1.8824605053998806,1.836136769175269,-0.6992004034990842,1.3568776040291806,0.848749735028197,1.0283361423219313,0
-0.8432045637725518,-0.2051087150244015,0.5693561964423357,1.478524768348486,1,0,0,1,0,0,-0.785777293743885,2.1630058151432023,0.712900890787381,-0.562211168331451,2.243885150792413,2.0979914335722905,-1.235698080976773,-1.8764440308477701,1.276753604999518,-1.0001427103197267,0.250027972183132,-1.0288108670448861,-0.549540164659853,0.11153240099545492,-0.6270830016121889,-0.5507886640449713,0.8726229192807344,0.8153435537271315,-0.5252107151899527,-0.882277724397939,1.82971012275318,1.947280335692022,-2.298854439042225,2.2164062271026337,0.470975677269318,0.882277724397939,0.525210715189952,-0.03541234474315745,-0.7097714541928067,-0.5005292101652823,-0.6899972859210471,-0.34060626115118536,0.25856020669096863,-1.1988643086375024,-1.149926711256571,-0.046252995675895824,1.611110031562582,1.717490052682561,-0.1681792866700104,-1.300759115072932,-0.5161761445564365,1.0455744699249259,-0.001323371239174659,-0.4038069975366686,0.007674097387211866,1
-0.9460056132015023,-0.5658574386248675,1.7280720791585935,0.5985369837740325,1,0,0,1,0,0,-0.5586364276695006,0.17437130716043522,0.34189862968341117,-0.4730991216953325,0.9446845586112138,0.4997247412750453,1.4677171373628592,0.6014855125415846,-0.4383964730681647,2.0847469369968468,1.2190292934039817,1.4168779826355362,-0.2386032638849937,1.30537185628247,0.5349403848309472,-0.4637774374775534,1.3315661825839624,0.5201199603572003,1.3609607219712736,0.5826683043321095,-0.7365842296296083,-0.28966620807397014,0.13325106691358987,-1.4960003821909327,-1.077001876408227,-0.5826683043321095,-1.3609607219712743,1.6078859589875987,0.8662627627365218,0.9550882934168308,0.5374502610717695,1.0931292786272029,0.6366201323679207,1.7372672433675176,1.0648000580046022,1.0079356506638961,-0.44283339212011924,0.19995793940503753,1.6199711297437773,1.454573550305776,0.6345956405784983,1.0772976494417266,1.1922471827845313,1.739456744852101,1.5232025883508855,1
-0.5862019402001745,-1.0039094601397194,2.452269505856255,0.3052077222492148,1,0,0,0,1,0,0.13540510755778543,-0.42338198939110994,-0.5024513438635544,0.04594961747738333,-0.6772137489839177,-0.36112119679775734,0.5640425304030828,0.46255536650453993,1.539740538203394,0.5924798041215077,0.7373659303785434,0.9367164546154332,-0.32211906957111797,1.2732660497559118,1.1354869070242213,0.9559397036651252,0.7583471299832089,0.8167955552964239,0.3699083794759778,0.9106988955914741,0.48791756563680727,0.5026340998877327,-1.144249685627532,-0.048437958976794954,-0.16116993930819887,-0.9106988955914734,-0.36990837947597854,1.0229831729139398,0.8662627627365218,-0.3913578973966235,0.13691474573727128,0.4445346296798359,-0.9386295579527137,-0.709509049969999,-0.9284540343304539,-0.4183195767369984,0.4731143508735179,0.5034643620605421,0.0963939892279486,-0.5162996974004062,-0.4992530300691578,0.9821281108913258,-0.6186874509066087,-0.26463402725168356,0.16231986177126023,1
1.5983203601650333,-0.5658574386248675,-1.8929150543297122,-0.4281154315628296,1,0,0,1,0,0,0.021834674520593164,-0.4007045783351661,-0.13144908275958464,-0.3284367083250104,-0.12745721835548154,-0.05434700795726765,0.061603345748485056,-1.4552885254855745,-0.9487289520420151,0.7422350920053972,0.45611902983018243,-0.024972339827281777,-0.31748622358225603,-0.6066139361832905,-0.6534247238909554,-1.18476628639623,-0.18193553900178308,-0.8598788327463205,-0.3471945350124867,0.3102840195519798,-0.6917824493753326,1.3428426283586712,0.10636840064634251,-1.183115890404203,-1.4324813959909202,-0.3102840195519798,0.347194535012486,-0.5924626171942612,-0.6347222057676005,-0.10023439668020068,-0.6899972859210471,-0.71610842633123994,0.29006520049738066,0.4323198869208419,0.6772228733838963,-0.4183195767369984,-0.5261013687559044,1.6416134470186852,0.7897584364088047,0.7284623537824456,0.1607484349347019,-0.12818317219668063,1.2745623934068555,1.6281183686241134,0.40975308478573785,1
1.0586148506630406,-1.1069805240255675,-0.15484123025532542,-0.8681093238500562,1,0,0,1,0,0,0.526592154685892,-0.5292099076521812,1.7619417670123987,-0.6715759528394145,0.4105758667792888,0.11200867462095708,-0.07310160305265712,0.16203041235302368,-0.8960341904445653,0.5945834810239903,0.7651996944583398,-0.03708216543853183,-1.3499232359151845,-0.4338657365481697,0.09960948907493236,-1.4260132876927178,0.4536075967678134,0.5402447997792824,0.5516412599819246,-0.5976867361744845,-0.3318639733398497,-0.12260522646336519,-0.20809707427319302,-0.35345439538998064,-0.4673531823228936,0.5976867361744845,-0.5516412599819253,-0.3974950218363748,0.11577027848446049,0.08171779126756346,-0.6770767854263857,-0.47715250303484213,1.5817699465603012,-0.22015379130249568,-0.4855086804782194,0.139780294854656,-0.2971144330074951,-0.08457933183449812,0.10551720563822252,-0.020339817632238334,-0.15655996170176922,0.05422511002492019,1.439192814651505,1.1966821607406595,-0.06964878480481232,1
-0.8432045637725518,-0.02473435322416849,0.27967722576327125,-0.13478617003801185,1,0,0,1,0,0,-0.7983962307480176,3.058472815813805,-0.19541498984647596,-0.2838806850069512,1.8665221325740589,2.5715684976861075,-1.2918030160636944,0.42114788236842826,1.9590472404059753,-1.4382904282953264,-1.158012763801725,-0.4389451739281141,0.7699244165138852,-0.9716475859385809,0.4681977423724626,1.3445893278935952,-1.231102421846523,-0.8932629929013431,-0.2249492467260648,-0.3755669404878874,0.8254247205130859,-0.1090084651840165,-1.3269006032733979,0.7222974902500742,0.6333758547007425,0.3755669404878874,0.22494924672606412,-0.8709877534198129,0.5660657690356972,0.35464607318920965,1.0284292798688959,0.4103980692089227,-0.8756195703398886,0.35076067714292497,0.5111183656893089,-0.10826409251941274,0.16779843654230542,-0.6346847228976005,-1.682633210775566,-1.9555558190805775,-1.633101700716815,-0.15990635171348128,-0.8656330827735822,-1.0996718489615938,-1.5078543935764617,1
0.72451144001895,-0.12780541711001567,0.27967722576327125,1.0385308760612593,1,0,0,1,0,0,0.07231042253712305,-0.4105896036672442,-0.7966945164632545,2.0307179289182034,-1.7670753784732778,-1.885153901707945,-0.35516928429102795,0.8740871070015175,0.17137010218680535,-0.3279477415606263,-0.005916062057406282,1.1683338038932969,1.02407608379345,-0.005360962977562688,2.539116598053598,-0.1870574918602924,0.19388686037850522,-0.07969389141697898,1.4363050701404856,0.16895808102739213,0.48851492454479667,1.3439192823778308,-0.4222434101856185,0.6352911332400446,-0.07011440339185084,-0.16895808102739213,-1.4363050701404863,-0.03541234474315745,2.2921984828154374,-0.09113678728281299,-0.173177266134598,-0.08458205761933026,-0.11949971898598452,1.247911984700014,0.5664865349208381,-0.6043528672675491,0.6396503041450882,1.5657368413548085,0.6346637574341392,0.30057539868834077,0.549980068142106,0.28421816152172197,-0.20711139779498602,-0.15329565102369538,0.5953280020465953,0
-1.1773079744166424,-0.23087648099586283,1.0038746524609323,-0.4281154315628296,1,0,0,1,0,0,-0.23054406556205628,-0.25184772627563734,1.007144063387081,-0.6154469364517295,0.7209712270434818,0.28194189876000386,0.16820152866870133,-0.5868030072702584,0.32698485767921504,0.9584918615660326,1.247532854101009,0.28288689211992285,-1.8411021347480787,1.0569411240690247,-0.7081069983232986,-0.18345059678973938,0.04698517985223907,0.5385465426361832,0.2567889334467663,0.13114384342216265,0.8221947975193581,0.09603949683753057,-0.6313494123706398,-1.248270968183347,-1.0960679301515517,-0.13114384342216265,-0.25678893344676695,0.6609004958207222,-0.8598699510432187,-0.8371407578686448,-0.7933612898783374,-0.7331767065666972,-0.024984737566746233,-0.9541866793037505,-1.149926711256571,-0.6663639641110671,0.8709502392444916,0.19995793940503753,0.33359761589508324,-0.058158109117828136,-0.5443813353685675,0.6225987430342572,1.0276167615398821,1.2198776557881568,-0.45626319576493324,1
0.8273124894479005,-0.87507063028241,-1.6032360836506476,1.7718540298733036,1,0,0,0,1,0,-0.5460174906653681,0.11331673893289414,0.9943508819697028,-0.610239089570398,1.2007459453193026,0.5587541770286089,-1.5058046868529273,-0.4410525530363294,0.7310602471460097,-0.7628135583995495,-0.8667976002193357,-1.1930469559848635,-0.3751194580028833,-0.5918210544522492,-0.42202092678984576,0.13525822546577207,-0.0369030237601306,0.19315927863355226,-0.2859102762628674,-1.3436114231817156,1.5025174480254204,0.1825871705012989,-0.863462376172283,0.9939194981124507,1.3154617727166085,1.3436114231817156,0.28591027626286675,-0.4253475354589299,-0.18442671521636386,0.7731361054690666,0.7312577684916879,0.683490552976235,0.6366201323679207,-0.5463906304141645,-0.4855086804782194,0.7598912632898273,1.333550109443298,0.12408133374116129,-0.12256320461863823,-0.5422322401333817,-0.14386762583630988,1.267636726542527,0.4514102871836102,-0.15329565102369538,0.2860364732784985,1
-1.1773079744166424,-1.5192647795689571,1.7280720791585935,-1.161438585374874,1,0,0,1,0,0,-0.6722068607066928,0.8430641972715996,1.0199372448044592,-0.6154469364517295,1.5853402292748153,1.124005743638491,0.4196603582500153,-0.6362694581652617,0.7252977273381753,1.3828113571630825,1.2602169129390905,1.5480165702812523,-0.6878317519204779,-0.24870044827762236,-0.01653705697307257,-0.04541633120334778,0.1893305391499954,0.11415313412955781,-0.2548898489945435,2.3641066199749314,-0.8320465013834581,0.8567333387079873,-1.0371453238140615,-1.6803520102976686,-1.5268953897872988,-2.3641066199749314,0.25488984899454276,-0.45320004908148526,-0.3345252120667762,-0.973604898829468,-0.8450432918569822,-0.7331767065666972,-0.6865896075014126,-0.8726274695258333,-0.8730858650989243,-1.1004416420156866,-1.0812212129944723,-0.1035484832504671,-2.0658083000070917,-2.1370836182114106,-2.4454111961061806,-1.0481553781838862,-1.4418395571298541,-0.5986491559356475,-2.002720839605417,0
0.544609603518286,-1.6223358434548052,-0.15484123025532542,0.3052077222492148,1,0,0,1,0,0,0.5392110916900246,-0.5297913797305387,1.774734948429777,-0.6721546024928958,0.40771205474679956,0.11200867462095708,-0.39822762685273266,-1.4004588526937225,0.8786159209112654,0.27893674732498913,0.009803659258409295,0.36660555931131966,-0.6548685998751527,-0.19236350206627537,0.0570038576453789,-1.1663347776893955,0.3203522115243906,-0.3885775671476839,0.6912331826893887,-0.18555039652161812,0.36153786435938756,1.9792789390928223,-2.3731513683739633,-0.05916978094694003,-0.3921156010126985,0.18555039652161812,-0.6912331826893894,-0.09111737198826762,0.19081952690966666,0.427426948368315,-0.2765412700918884,-0.135786898325702,0.7941451013999841,0.4323198869208419,0.12354118106860354,-0.17027518936292965,0.917210226264372,3.007392348968456,2.021392651795853,0.15794641365697218,0.12690220596014448,3.710321549336141,2.2623449208747504,2.351817814106035,2.018069034379841,1
0.4932090788038099,-0.3854830768246345,-1.6032360836506476,-0.13478617003801185,1,0,0,1,0,0,-0.6848257977108253,0.9651733337266818,-0.10586271992482811,-0.3313299565924168,1.0370924956545442,0.9983445963146168,0.009342204982522383,-0.5139908831771574,0.038966503256656335,-0.23554000710021142,-0.0707770005737524,-0.04049979486982312,-0.36805837039667516,-0.774199363962209,-0.8355356019940601,0.3802387518457218,-0.5426424662097799,-0.1523141681547111,0.11065768597424898,-0.16498583548630744,-0.786561445800871,-0.13155260633229085,0.3288347601820806,-0.21987562677643238,-0.056691572537978435,0.16498583548630744,-0.11065768597424969,-0.7874302125521474,-0.8598699510432187,-0.3640650692044592,-0.12149526415595328,-0.32353798091572933,-0.34003467563087314,-0.13859458152457876,-0.2086678343205727,-0.4183195767369984,-0.8036612908751883,-0.2553016945782196,-0.41450612974742024,-0.1921429132382052,-0.2623294272472596,-0.4771381468814831,0.4514102871836102,0.4033962301162448,-0.1469716669968365,1
0.46750881644657266,0.9544407536913834,-0.8790386569529866,0.5985369837740325,1,0,0,0,1,0,-0.3188766245909836,-0.19195610220481132,-0.4128990739419065,-0.1247520302995968,-0.11545522476170136,-0.051216659091548364,-1.0277362775949779,-0.03005680217324901,-0.5246039467478292,-1.3586671763578986,-0.6843640996153977,0.5461944378159851,0.9259943273296483,-0.928115590118205,-0.05389699436028588,0.40819513731816326,-1.165077450974406,-0.2930973805384013,0.2181716668474233,0.5285640660967139,0.5017301498770482,-0.012738921526435618,1.1273479163563134,0.6802008446544805,0.6035543015725903,-0.5285640660967139,-0.21817166684742473,-0.8988402670423681,-0.10937746679115769,-0.17301527185930607,0.05939174276930372,-0.40887938209301433,0.1010352376589052,0.6769975162545934,0.6218547041523672,-0.10826409251941274,0.08453045990652028,-0.4070549059059717,-1.1991027410310207,-0.5292659687668935,-0.24540631275998087,-1.6826189685198898,-1.1125787146405561,-1.0440026608476,-1.198562864808365,1
-0.6119022025574117,-0.5916252045963298,-0.15484123025532542,2.505177183685348,1,0,0,1,0,0,-0.356733435603381,-0.15706777750335926,0.12441454558798068,-0.41870605426809143,0.45358803204302406,0.20278879172681627,-0.8446717483005947,-0.23276667993786412,-1.2275691839353002,-0.16325184508675997,-0.7933289769600571,-0.38785168828638195,0.4946910047012106,0.021998578267899346,0.28471804683893825,-0.4060394180993825,0.8709592498533519,0.5601998798478448,-0.4914206069155262,-0.04159846927444537,1.1965173478060938,0.6047038621977764,1.2700977413529753,1.084170993743574,1.578292672712256,0.04159846927444466,0.49142060691552547,-0.03541234474315745,0.19081952690966666,-0.19121049065408274,-0.3669847735545164,-0.01630893667750248,0.1325402314653172,-0.9541866793037505,-0.8730858650989243,0.2638024885416898,1.194770148383656,0.6552175733882943,0.23324223538206504,0.8710913388138142,1.3115202200696365,-0.3502454288142823,-1.277209135885205,-1.4336869776455579,0.6571863078002155,1
1.0586148506630406,-0.8493028643109486,-0.15484123025532542,0.3052077222492148,1,0,0,1,0,0,0.526592154685892,-0.5292099076521812,-0.822280879298011,3.0462480707778647,-2.370248636851212,-2.7612043914142412,0.5836738036633516,-0.3214756230415591,-2.0950884328108264,0.9515345718449979,0.8111600504484331,0.4590694980725349,-0.6516317407081067,-0.2164335599163889,0.21662961722135654,-1.3538976186891194,0.43943728995256426,0.5868195070892391,0.7577574583546642,-0.12541857881077315,-1.0278704950992499,0.658250176472126,1.5035195361363949,-0.8497233241972173,-0.4816327594058439,0.12541857881077315,-0.7577574583546649,-0.11896988561082296,0.340918023760079,0.40923172957353837,-0.39282577454383927,-0.20406001926752979,1.865314890818015,0.02452383803125581,-0.319404172783631,0.5118468759157585,-0.8869292675109735,0.8828473903799233,0.6620334066649622,1.4027084648398238,0.9053654723749538,-0.7626467625326843,0.5337254978059351,0.514734606344233,0.34789477903211874,0
0.6988111776617119,1.0317440516057692,-0.4445202009343899,-0.4281154315628296,0,1,0,1,0,0,-0.6469689866984278,0.619197447103949,-0.5536240695330674,0.09224158975588642,0.2980926766839729,0.40491988991326133,0.5359525090224571,0.9445987895661598,-0.7901203602028756,1.2029050085886979,0.9419406401410583,2.0732182290449814,-0.14307470995107371,0.15196593427267052,0.29520169227672527,0.022421855333997567,0.8250409032820243,0.8402214329746971,1.7556215933338128,1.0864182721050466,-0.5934124393610968,-1.000764908059977,1.1026528038412662,-0.8069506249158902,-0.40425627116755786,-1.0864182721050466,-1.7556215933338135,0.35452284597261524,0.5660657690356972,0.8186241524560076,0.705416767502365,1.0419244379208312,0.7626401075935709,0.6769975162545934,-0.09793149585751397,0.6358690696027934,-0.6926373220274746,-1.0899443568808573,-0.7520651369275744,-0.127311556405765,-0.4315605721200442,-1.206771275767887,-0.8656330827735822,-0.48731077970765985,-0.6418381130257917,1
0.544609603518286,0.6452275620338409,-0.15484123025532542,-0.13478617003801185,1,0,0,1,0,0,0.5392110916900246,-0.5297913797305387,-0.8350740607153893,3.3645053801925733,-2.6432241691863982,-3.0076075664158592,-0.5965683885871333,1.4481239487681488,-0.945054459333939,-0.33169105187490827,-0.8790945321343862,1.2567087472802145,1.0338189203875536,0.07644600716958251,0.41479990808000927,-1.1122949768557366,0.5684461249164147,0.12567963443883556,0.9573302853504951,0.7645323233097278,0.9059268160431806,-1.572058124056323,0.1741719229999154,1.0117546590245432,1.265567647751172,-0.764532323309727,-0.9573302853504958,0.24311279148239442,0.641115017460903,0.6912576208925736,-0.04397226118798574,0.18851042614798086,1.2982250023025865,0.10608304780917345,-0.319404172783631,0.2638024885416898,0.8339422496285867,-1.4693273852002382,0.0051618251252043045,0.09311505682453199,0.49921072468027106,0.31594134103852145,-1.6887851889968277,-1.6563637301015341,0.5334696962929761,0
-0.5862019402001745,0.6194597960623787,-0.15484123025532542,0.3052077222492148,0,1,0,0,1,0,-0.8236341047562825,5.430878895512544,-0.5408308881156891,0.06620235534922844,2.1076124518177646,4.12556311316818,-1.7189095452914838,-1.4811412139739675,1.1626138259152288,-0.25479203403121425,0.8278743597501673,-0.10052033733632136,-0.6280637310188012,-0.8031968413628041,-0.7949151089846436,0.7217064407425359,1.0157619071376216,1.8784569039692012,0.7837886966584708,-0.9144498376620688,1.5876407455155699,1.2365842929121085,-0.8640866759774026,1.3514197195728317,0.7576703411353525,0.9144498376620688,-0.7837886966584715,-0.7874302125521474,-0.7848207026180125,-0.19121049065408274,0.2015172482105774,0.615217432034406,0.19555021907814235,-0.9541866793037505,-1.3160312189511594,0.20179139169817292,1.63886602377451,1.33810702436318,0.38833691435672935,-0.1402778277722523,0.39767203775660004,0.886958572340925,0.03983423407198747,-0.3759724034796717,0.40975308478573785,1
0.05630461873076867,0.49062096620506923,0.27967722576327125,-1.6014324776621007,0,1,0,1,0,0,-0.7353015457273552,1.1192634344914283,-0.7071422465416066,0.9631093182452258,0.2556084424433628,0.11648060157198462,0.44393580516179976,1.751021349487485,0.7727863082800235,0.46068345217091444,-0.027731530597171587,0.5786382427941743,0.16608901611505097,-0.09432881611383591,1.5525595548860467,1.4479064256028626,0.31578664941212714,0.333524898801664,0.7472536253548848,0.048076501797563044,-0.7115557852915967,-0.84801167476643,0.3985815502541411,-0.3092249871118332,0.3616744962804395,-0.048076501797563745,-0.7472536253548856,0.15955525061472892,1.9920014891146134,1.0733572155828786,1.764897808064586,1.8441336089873108,-0.6865896075014126,0.6769975162545934,0.34501385799472056,1.1939689411944467,-0.7203933142394032,-0.8623145398892288,-0.3050275328241268,-0.06248019957332482,-0.1777138548108673,-0.0012904541294803558,-0.4540570296619595,-0.48731077970765985,-0.1469716669968365,1
-0.27779879191332196,-0.9523739281967958,-0.4445202009343899,1.7718540298733036,1,0,0,1,0,0,-0.4955417426488382,0.06098425188071606,-0.579210432367824,0.17614578951067328,-0.14611146018685,-0.0892280381752825,-0.8563657002617076,-0.5775074841139061,-0.7237359403537476,-0.15679117881091315,-0.4473330372058194,-0.8167382374938615,-0.30059830823777484,0.31578654952498625,-0.29623525799567024,-1.4072473346277306,1.6964171775207384,0.5834309897783589,0.8285736227725414,-1.935702775158308,1.5063275519523813,0.49588516746445244,-0.42477658112418887,1.893953001381917,1.1511616628252441,1.935702775158308,-0.8285736227725421,0.38237535959517033,-0.18442671521636386,0.32735324499704527,-0.4832692780064673,0.17144214591252482,0.9831750642384596,-0.05703537174666111,-0.4301405112466897,0.3258135853852078,1.7776459848341521,0.8069707847160468,0.890113816921823,0.5080357405521495,1.294597105582359,0.7917890337905242,1.2745623934068555,0.3477270420022505,1.0901944480755505,1
0.4161082917320974,0.4648532002336079,-0.4445202009343899,-0.8681093238500562,1,0,0,1,0,0,-0.6595879237025604,0.706418258857579,-0.3361399854376369,-0.18840349218253855,0.6960285304033604,0.6888872513035105,-0.04139959806008294,0.0971306397305533,-0.14762241160767645,0.035961672080159816,-0.38220383691170906,-0.2811561189827131,-0.1773897508514603,-0.9283312970300736,0.04183976069575224,0.4242949042126124,-0.8156238043038252,-0.21723374976218496,-0.8569681418843172,0.4664671563038157,-0.8700105449179268,-0.09140069749670864,0.628180241936861,-0.8573405015084823,0.28479723126274564,-0.4664671563038157,0.8569681418843165,-0.8431352397972577,0.11577027848446049,0.2454747604205509,0.4340862571144791,0.06903246449978255,0.19555021907814235,-0.5463906304141645,-0.2086678343205727,0.3258135853852078,-0.859173275299045,-0.17942508891434333,-0.2867811000035777,0.06718251409155555,-0.2792525417345383,0.15732544345452057,-0.28942660841731066,-0.09762646290970158,0.038603250264021984,1
-0.6119022025574117,-0.6689285025107157,-0.15484123025532542,1.0385308760612593,1,0,0,1,0,0,-0.356733435603381,-0.15706777750335926,-0.6175899766199587,0.3873529130313436,-0.46758293208315554,-0.42015063255132096,-0.500396896478762,-0.25808955454030236,-0.6377598989742023,0.3645159750535575,0.3640271846558793,0.6102280959132775,0.16762924111152622,0.03746408814049641,0.259703376870829,-0.28962096552999617,1.011563427618354,0.8008825802666676,-0.70065935430716475,1.5271837582763876,0.7332477410088784,0.6144011550549704,0.5807980075626141,0.5106114132981595,0.308652791849279,-1.527183758276387,0.7006593543071641,0.04814519612450831,0.26586877533487285,0.08171779126756346,-0.08273376267196997,0.32505666803163763,0.3530751881102058,-1.1173050988595852,-0.983822203561983,0.6358690696027934,0.8061862574166584,0.7310941790521709,0.39746013076700454,0.6506647255835172,0.8376730144258402,-0.3819686083310823,-1.5241547677521787,-1.1553410370755877,0.8427612250610729,0
-0.27779879191332196,0.4133176682906843,-0.4445202009343899,-0.4281154315628296,1,0,0,1,0,0,-0.4955417426488382,0.06098425188071606,-0.68155588370685,0.7056102224460523,-0.44364294265511894,-0.49840935419430304,0.8235251899547965,-0.41406838409996455,-1.2733726413241644,1.239201878124795,0.1377893265368373,0.9361071330391392,0.4216773491162136,0.21375392327034953,-0.5522369637264313,-1.4478442928433009,1.4383634073209064,0.6848405777911053,0.9789057261068004,0.30587169994287167,-0.9315514219119305,0.015102984546497023,0.2857991741899262,-0.24782525776810083,0.48948065794716383,-0.30587169994287167,-0.9789057261068012,0.5494904413305014,-0.18442671521636386,1.2916998411201945,0.21443774870523882,0.8029685146244333,2.1173548412693166,0.6769975162545934,0.2342775195316623,1.2559800380379649,-0.8314172830871166,0.12408133374116129,0.34272083230535716,0.4432043837197094,0.31305646532020776,0.664896315723324,-0.7010026615289333,-0.6543183440496418,0.5953280020465953,0
-0.8432045637725518,-0.6689285025107157,0.27967722576327125,1.0385308760612593,1,0,0,1,0,0,-0.7983962307480176,3.058472815813805,-0.6175899766199587,0.3873529130313436,1.2037655706025385,2.052824971366912,-1.2096926205795555,-0.44040400838733845,1.0449636160902167,-0.7909892325110002,0.09013941331743502,1.1775493728561042,0.49489310826751653,-1.0989172482025884,-0.11054812308325648,1.8941663718279278,-0.6102352607516787,0.25900678234615765,0.5581846313588362,1.0524361778040754,0.5840818698422355,0.49372363978976064,0.47495426129486296,0.46347658413658843,0.13568405940393968,-1.0524361778040754,-0.5581846313588369,-0.9823978079100336,0.04072103005925432,0.47291499535525605,1.4418852956980555,1.0760609983917457,-0.6865896075014126,-0.05703537174666111,-0.319404172783631,0.38782468222872474,0.6951622885689447,0.6552175733882943,0.5069387276902979,0.6895635396829819,0.854596128913119,-0.3502454288142823,-1.1125787146405561,-0.8213259083916238,0.904619530814692,1
0.4161082917320974,-0.5916252045963298,-0.4445202009343899,-0.13478617003801185,1,0,0,0,1,0,-0.6595879237025604,0.706418258857579,-0.8478672421327675,5.407138656981522,-1.748531133660709,-3.6354661103401265,-0.33060512628375055,0.8727008323013962,-0.3523535047126446,-1.3247496148546012,-1.3868017959623868,-1.1893549359402846,0.4051563525651654,-0.9899694672051444,0.10939300444023717,0.2632037052032694,-0.35862831319974864,0.4587954933769733,-0.4633576356367666,-1.1625858176247739,-0.5294513512583021,-1.0882217698677037,0.7461733853151891,1.4340415675446208,2.250834756692757,1.1625858176247739,0.4633576356367659,-0.8431352397972577,0.340918023760079,0.7185504490847379,0.7570987694810098,0.5640125913280355,1.0146800580448727,-0.709509049969999,-0.5962450189412776,1.069946747507413,-0.49834537654397587,-1.0140677512169813,0.023408257945752128,0.4043055696202447,0.9899810448113461,0.41111087958892223,-0.7833178721512579,-1.266679413303576,0.8427612250610729,0
-0.8432045637725518,0.6452275620338409,0.27967722576327125,-0.13478617003801185,1,0,0,1,0,0,-0.7983962307480176,3.058472815813805,-0.8350740607153893,3.3645053801925733,-0.27820839517963436,-0.24798144493676041,-1.822771278129824,1.3024203701713735,1.2798513829200084,-1.4349106354679835,-1.0548665357037963,-0.1667527145862469,0.8984472751298545,-1.1649625668891121,-0.0022684395224567035,2.0168511982271515,-0.6361789586577435,0.17890605864904352,1.0318374740956051,-1.2507946581507028,1.3705909629118225,-1.7898853047916028,0.2771412341034357,1.307647530444648,1.5460451045532808,1.2507946581507028,-1.0318374740956058,-1.0102503215325889,0.26586877533487285,0.8368193712507843,1.8682618120218755,1.4515631635718003,-0.655084613695,0.758556726032511,0.2896456887631914,0.5738579727592754,1.4723300705029398,-1.6210805965279906,0.4978155112800227,0.5728670973845897,1.1084428462222957,0.6331731362065233,-0.28942660841731066,-0.8213259083916238,1.0283361423219313,1
-0.8432045637725518,-0.5916252045963298,0.27967722576327125,-0.13478617003801185,1,0,0,0,1,0,-0.7983962307480176,3.058472815813805,-0.8478672421327675,5.407138656981522,-0.7344913508946546,-1.8265716586494842,-0.4697289510729514,0.7067790650631396,0.6604642431592188,-1.5954505014162061,-1.6091524913627886,-0.14939628878658961,1.085331696383044,-1.2220158312412481,-0.1272429171496895,1.6370122110117369,-0.7420120407690539,0.14349331673499344,0.7976720237538321,-0.9948801208223941,-0.5678542790654869,-1.0975456087342577,0.7421626531292341,1.4195842595906438,2.232070343651334,0.9948801208223941,-0.7976720237538328,-0.9823978079100336,0.41596727218528484,1.7374827015922172,2.514286836754938,1.9806798508709664,0.3215701943037938,0.9216751455883455,0.5664865349208381,1.6280466190990672,-0.5261013687559044,-1.0140677512169813,0.06902433999712428,0.4432043837197094,1.0238272737859035,0.4428340591057229,-0.9479482933959068,-1.378017789531564,0.8427612250610729,0
1.5983203601650333,-0.9523739281967958,-1.8929150543297122,-0.13478617003801185,1,0,0,1,0,0,-0.07911682151246661,-0.348372091282988,0.09882818275322415,-0.41697010530764755,0.13559032629477505,0.05432081695270173,-0.41096435158533895,0.14133320687704157,-0.470141453889683,-0.6765959695992096,-0.7302175052296189,-0.34962654043613994,0.33005446012570044,-0.7564125413354904,-0.05739452875144285,-1.2398528314974482,-0.4026068625817834,-1.0694057148772889,-0.21768276347888266,-0.2609537869844238,-0.18434256390436174,-0.2514808408486888,-0.603233407404557,0.5148194314439984,-0.09474801773906164,0.26095378698442306,0.21768276347888196,-0.7038726716844818,-0.03432821836595151,0.07262018187017576,-0.5866332819637576,-0.6990401460957827,0.41608517572303205,0.8401159358104279,1.0648000580046022,-0.046252995675895824,-0.1375174777889068,-0.17942508891434333,0.19674936974096682,-0.1532440991387405,0.05920974801103089,0.2207718024881207,0.8629863402952329,0.793080546914203,0.22417816752487937,0
0.08200488108800677,0.928672987719922,0.27967722576327125,-0.13478617003801185,1,0,0,1,0,0,0.5013542806776271,-0.5233951868686059,-0.15703544559434116,-0.29082448084872664,-0.4431995090530001,-0.17777219180562792,-0.5371179888831592,-0.15878058761197766,1.3885811436635502,-1.475502710727968,-1.3756003916381163,-0.9812805559665724,0.8303509437567734,-0.48343772415823466,-1.1038920088315913,1.0069500780595904,-1.5005330658163984,-1.8527883702601484,-1.589599125834377,0.23819541748766626,0.2638303606376388,-0.8879234418466395,-0.8863492225771878,0.5054060686063147,-0.02053934707793518,-0.23819541748766626,1.5895991258343762,-0.5924626171942612,-1.1600669447440433,-0.7006766169078218,-0.12149526415595328,-0.6990401460957827,-1.852274378338682,-0.13859458152457876,0.7879592118469556,-0.6043528672675491,0.19555442875423396,-0.8623145398892288,-0.14080963743918734,-0.5681647828663581,-0.3469449996836519,0.31594134103852145,-0.04248097655033679,0.06938110143228039,-0.023255055489598248,0
-0.894605088487027,0.7998341578626126,0.5693561964423357,0.3052077222492148,1,0,0,1,0,0,1.1701579418966481,-0.6402710746184702,2.1841167537858817,-0.6953005886321474,0.2542269578703191,0.04492977035554388,0.16056137807829834,-1.2153936585847147,0.21153338551814604,1.4094916440027943,1.3852460969295095,1.3305908300760518,-1.281240751328782,-0.5653074968688759,-1.4563907537132625,1.2080880611495037,0.6329505423983446,0.751346159998597,-0.16027754582615011,1.9737285121859853,-0.7881130947715042,0.2091856532935082,0.9248387694731136,-1.2765093551708744,-1.067344482197913,-1.9737285121859853,0.16027754582614942,-0.48105256270404034,-1.3101654415944555,0.3091580262022686,0.9121447754169449,1.1614023995690306,-0.7180946013078251,-1.0357458890816678,-1.0945585420250417,0.44983577907224165,-0.8036612908751883,0.04820472807728505,-0.40538291333714505,0.10608132819102022,-0.4146374576327655,-1.1116017372174867,-0.6186874509066087,0.4033962301162448,-0.08511336124321738,1
0.46750881644657266,-0.87507063028241,-0.8790386569529866,1.478524768348486,1,0,0,1,0,0,-0.33149556159511606,-0.19195610220481132,0.16279408984011548,-0.4395374417934178,0.44498297934688336,0.19205616704435016,-0.8113264797569132,-0.5270190422990672,0.3793351893209241,-0.044442136240421655,0.606337388240883,0.46772868794055705,-0.1717700640287331,-0.7192233412709347,-0.0418326836379485,0.6433216336959333,-0.5292518731609451,0.5047392283475948,0.0915777400728132,0.5471004570796687,0.4095297317305396,0.6814431108367041,0.12791228855680442,-0.4647586388530372,-0.2954886837097762,-0.5471004570796687,-0.09157774007281391,-0.6760201580619267,-0.03432821836595151,0.02713213488323473,0.3565632541465125,0.12023730520615308,0.3215701943037938,0.10608304780917345,0.06817301183707392,0.3258135853852078,0.16779843654230542,0.35171115073279,-0.6790794056453779,-0.5162996974004062,-0.6515610604546642,-0.5405845059150832,-0.37174181903963527,-0.15329565102369538,-0.5799798072721716,1
-0.6376024649146498,0.7740663918911503,0.27967722576327125,-0.8681093238500562,1,0,0,1,0,0,-0.3062576875868511,-0.20591143208539214,0.047655457083711085,-0.4053971122380218,0.3343022844002984,0.15493917335082152,0.9203336118924759,-0.5423828002205562,0.6352961728443086,0.4473401548385247,0.5517331926484793,-1.303063735733854,-1.4174615657465564,0.4586412097092889,-1.5107016714431791,0.174032532700076,-0.04855265099767006,0.19872211668544218,-0.5796783524084306,-1.2023055879200755,-0.8214773980036483,-0.7689503560148004,-0.6935852390958372,-0.652471666816559,-0.5232667032867369,1.2023055879200755,0.5796783524084299,0.4659329004628361,-1.3852146900196616,0.14540105704928116,0.21443774870523882,0.18851042614798086,0.16404522527173035,-0.38327221085833024,-0.1532996650890431,0.38782468222872474,-0.7203933142394032,-0.6346847228976005,0.3700904815361815,-0.06248019957332482,-0.3130987707090945,0.8552353928241243,2.0153992890077768,1.4054416161681371,-0.20882997275045564,1
0.544609603518286,-1.1069805240255675,-0.15484123025532542,-0.4281154315628296,1,0,0,0,1,0,0.3751649106363024,-0.483273613461936,0.8792122492132983,-0.5859358041241838,0.21798236425632364,0.081152378658867,0.4663557472194982,0.5444803952633641,-0.2938711319673159,0.7759037282023113,0.7784391937680879,0.47496594741188214,-1.0965647753748144,0.06918324163859607,0.43770250211758305,-1.0477034294899001,0.7275656738758585,0.10892070964705804,0.6912331826893902,-0.037759751214519306,-0.5793519389823074,-0.3088356719156153,-0.6511092243632738,-0.3267542118473506,-0.9056692034347159,0.037759751214519306,-0.6912331826893908,0.27096530510494976,0.7161642658861095,0.8277217618533966,0.09815324425328795,0.39332978897346543,1.2037100208833493,0.10608304780917345,-0.2086678343205727,0.5738579727592754,-0.5322693670252218,-0.2637324285408725,0.09538029851569509,-0.25985566370764224,-0.3657484602250729,-0.011864847301746482,0.7075020535641753,0.7559677548382072,-0.3875317449275787,1
0.6988111776617119,0.6709953280053031,-1.168717627632051,-0.13478617003801185,1,0,0,0,1,0,-0.016022136491804253,-0.3884936646896579,-0.06748317567269331,-0.35042539515729937,-0.04240547108896989,-0.027962638946205126,0.8563157174203868,1.033485000975467,-3.0408376013151908,1.5716569690576059,-0.04284821621574509,-0.8558273903492055,-0.3926258929249605,0.5054463998697262,0.9012917605377208,-1.4776050998594163,1.2246814275879745,-0.3196624229650905,-0.9306920144830665,-0.24419747799268982,-0.6856917628522938,-0.5155962974902161,2.6720762439944084,-0.9088340307210301,-0.25638335917002597,0.24419747799268912,0.9306920144830657,0.38237535959517033,0.7161642658861095,-0.2639913658331881,-0.9613277963089331,-0.4942207832702994,0.038025250046078915,-0.709509049969999,-0.3747723420151606,-0.6043528672675491,-0.5538573609678327,-0.3311783002420958,0.5799244589724931,1.9732244049652974,1.3792126780187515,-1.5874494299694895,0.6983559190505837,0.6260729825722207,0.34789477903211874,0
-0.3034990542705592,-0.9008383962538722,0.27967722576327125,0.5985369837740325,0,1,0,0,1,0,0.07231042253712305,-0.415822852372462,1.1222826961434853,-0.628177228828318,0.49343995722248724,0.16567179803328763,0.2508608232858856,-0.2433916588296607,-0.04393635636037547,0.23980211172091045,0.6882118336976825,1.7929820965533998,0.07071402703392074,-0.028979051056454642,-0.5538476638351697,0.2777421103323901,-0.3230872707486862,0.06773318152215715,0.6912331826893887,1.7598570774187565,-0.3777836077744172,-0.22076974123920903,0.33916650655832725,-0.6443249892919237,-0.8285808210832643,-1.7598570774187565,-0.6912331826893894,-0.14682239923337803,-0.6347222057676005,-0.45504116317834126,-0.25070026910256554,-0.3576745413866426,-0.2770246880180474,0.2692014673650073,-0.04256332662598434,-0.6663639641110671,-0.44283339212011924,-0.3311783002420958,-0.40538291333714505,-0.17917664187171697,-0.4146374576327655,-0.8895394805998851,-0.7833178721512579,0.013711913318286572,-0.3944048900113141,0
-0.9460056132015023,-1.1842838219399534,-0.15484123025532542,1.7718540298733036,1,0,0,1,0,0,0.11016723354952047,-0.42163757315603734,-0.68155588370685,0.6593182501675493,-1.116172621787982,-0.833803875521369,0.27564772104208585,-0.261099118789556,-0.27950993815465264,0.560887908826177,0.022736598152030926,-0.3053520712340919,0.24999658976980685,-0.032897649223456595,0.001717685072345302,-0.7549092647040713,0.6686557210956305,-0.032079243679486516,-0.01835909107355938,-0.39825548305102343,-0.416165809601441,0.3600874738018365,-0.3765115587598747,-0.09469581229637845,-0.060877828879339346,0.39825548305102343,0.01835909107355796,-0.11896988561082296,-0.10937746679115769,-0.32767463161490584,-0.6512357844370638,-0.3747428216220998,-0.05648973137315825,0.10608304780917345,0.12354118106860354,-0.23228628620644656,-0.38732140769626244,0.35171115073279,0.05077790717657645,-0.1532440991387405,-0.1777138548108673,0.37938770007212164,0.03983423407198747,-0.15329565102369538,-0.1469716669968365,0
0.46750881644657266,-0.6431607365392533,-0.8790386569529866,0.3052077222492148,1,0,0,1,0,0,-0.33149556159511606,-0.19195610220481132,-0.3233468040202586,-0.2022910838660895,0.020817474212944748,0.008707162052220753,-0.8615076284180055,0.8936197937347128,0.5128028519705758,-0.13162849252035339,0.4278242395980256,0.8802775852276269,0.1674432235599442,-0.5953231860359856,-0.17067624770007467,0.6392059485244574,0.13484036521031736,1.0470957507652474,0.3422533759207262,0.8611509049874916,0.6031074157281516,-1.39750092953122,-0.05867834416060393,0.3115269993915948,0.46609273538884993,-0.8611509049874916,-0.3422533759207269,-0.6203151308168162,-0.25947596364157,-0.31857702221751816,0.046471242274642305,0.10316902497069583,0.06953024385249205,-0.30171300108041293,-0.4855086804782194,0.07776919801113909,0.5286263352973745,-1.317574173872486,-0.06782390615699217,-0.08841274230630035,0.04228663352375219,0.2207718024881207,-0.8656330827735822,-0.5986491559356475,0.34789477903211874,1
-0.5862019402001745,0.5421564981479937,-0.15484123025532542,-0.13478617003801185,1,0,0,1,0,0,-0.4576849316364408,-0.05821752418257845,0.36748499251816774,-0.47830696857666416,0.7543756323989916,0.3248723974898683,-0.13912636194562125,-0.11863171478158507,0.8144720517705077,-0.24244610126054858,0.3507325430304948,-0.6395980444796056,-0.11526725095925552,-0.12295638433389607,0.33929290966078957,0.12780910858617528,0.6230362011914446,0.6210425117303713,-0.16027754582615011,-0.7133741297612556,0.07060202252100238,0.5027219401517318,-0.9849747514798695,0.9453210735155497,0.15035765318360386,0.7133741297612556,0.16027754582614942,-0.007559831120602114,0.491016520610491,0.49111021415003275,0.48576825909312477,0.7346953936826055,0.3530751881102058,-0.30171300108041293,-0.26403600355210183,1.0079356506638961,0.27882240539001907,0.8069707847160468,0.8718673841012752,0.1709126850234604,0.549980068142106,1.0455744699249259,0.12214944469431245,-0.2089648391376897,0.7190446135538346,1
0.44180855408933456,0.6709953280053031,1.0038746524609323,-0.13478617003801185,1,0,0,0,1,0,3.037760618508254,-0.7362139675474634,-0.06748317567269331,-0.35042539515729937,-1.0643547414006849,-0.29538387061765237,0.14107948915502333,-0.14396791624306335,-2.613920886685367,0.0741503267958194,-0.3105397217780794,-1.0299646599971544,-0.3158655759927453,-0.459169501174885,-0.577710805446172,-1.049432888848941,-0.48578371938820886,-0.6159176623827124,-1.4375436385994584,0.020989325180847843,-0.6549712192703511,-0.38113751956361974,2.518738572595753,-0.5818671282697028,-0.19760687137694724,-0.020989325180847843,1.4375436385994576,-0.5089050763265954,-0.6347222057676005,-0.3731626786018469,-0.8321227913623208,-0.9550643496276378,0.3845801819166189,-0.8726274695258333,-0.319404172783631,-0.4183195767369984,-0.6926373220274746,-0.482931511569848,-0.44187577897824326,0.8451587960808378,0.5330569536548284,-2.1584666612718926,-0.04248097655033679,-0.04195727479570725,-0.6418381130257917,0
-0.894605088487027,0.5421564981479937,0.5693561964423357,0.5985369837740325,0,1,0,1,0,0,1.1196821938801182,-0.6338748817565374,1.1606622403956202,-0.6339637253631308,0.0013191415158513519,0.002446464320782188,-0.7484227636450856,-0.2126171934846049,0.24043552385027922,-0.6527878988897671,-0.7368612839369225,-1.3907613905631193,0.46025928780979675,-0.5071646952804405,-0.3246503850840433,0.8523409022612247,-0.4890905070324038,-0.39956528836818117,-1.7516254646912552,-0.1595918522639314,0.5339470836937041,-0.0334038583006394,0.5278369915882162,0.39690056246523603,0.5678580225918538,0.1595918522639314,1.7516254646912537,-0.6481676444393714,-0.5596729573423944,-0.8917264142529749,-0.3669847735545164,-0.5283573437412127,-1.3166894836296663,-1.1173050988595852,-0.4855086804782194,-0.728375060954584,0.6396503041450882,0.12408133374116129,0.48869229486974886,0.7025298110494701,0.8376730144258402,0.09387908442092041,-0.37174181903963527,-0.48731077970765985,0.6571863078002155,1
-1.1773079744166424,0.10410447663314094,1.7280720791585935,-1.161438585374874,1,0,0,1,0,0,-0.6595879237025604,0.6599004925889763,-0.46407179961141953,-0.07267356148628083,0.5119842020350607,0.5636732966747392,-0.4606462160121589,0.1865246159683169,0.03682323662378058,-0.585268274994571,-0.3217395242888386,-0.34289698182330625,-0.2334331606414712,-0.2238104910441058,0.37644642569111547,-0.45967492347833844,0.2759726791909098,0.41704546886006344,0.9573302853504951,-1.417139107414103,0.4169109711644221,0.12110487623613797,-0.5122675652655436,1.0643094657704397,0.8254408681068883,1.417139107414103,-0.9573302853504958,-0.17467491285593337,0.41596727218528484,0.1908891040362222,-0.08273376267196997,0.03489590402886805,0.7626401075935709,0.10608304780917345,-0.319404172783631,0.015758101167622184,0.3898463742377325,0.12408133374116129,0.041654690766301246,-0.23104172733766892,0.19459466390925928,0.5380035976561225,0.7806711296729086,0.1250502895462747,0.2860364732784985,0
-0.2006980048416086,0.928672987719922,-0.4445202009343899,-0.13478617003801185,1,0,0,1,0,0,-0.3188766245909836,-0.203585543771962,-0.15703544559434116,-0.29082448084872664,0.18207625770656694,0.06818379050088712,-0.020630483251451278,0.2551368613817121,-0.7230815365001891,0.023155478989413603,-0.07180121773516976,-0.8771045402875736,-0.20811926931312671,0.2333094958797936,-0.5750865746399986,-1.4825570034491562,0.5305023499270487,0.1689447010682675,-0.8195116582252774,-0.3834842964864804,0.2618072884439418,-0.9262924551322828,-0.501350127443421,0.49475549085427445,0.25828671776489004,0.3834842964864804,0.8195116582252766,0.10385022336961848,-0.6347222057676005,-0.38226028799923456,-1.051771299771562,-0.8185181077439823,0.8256500952063961,-0.709509049969999,-0.4301405112466897,-0.046252995675895824,0.1400424443303771,-0.9381911455531051,-0.33239718205494984,-0.5292659687668935,-0.3130987707090945,0.09387908442092041,-0.12479618717266176,-0.32030321536567735,-0.3944048900113141,1
0.6731109153044746,-0.9008383962538722,-0.15484123025532542,0.5985369837740325,0,1,0,0,1,0,-0.05387894750420167,-0.3547682841449209,1.1222826961434853,-0.628177228828318,0.5918732820097946,0.21262703101907687,0.027956247355765795,-0.13846932678847965,1.3093229500046435,-0.15724219850496512,0.18926228133927453,1.6401919389347979,0.44538656270046756,-0.6489740904373712,-0.5803283160710234,2.74310983311153,-0.4853523585778034,0.12467604670384579,0.4977080171176754,1.7434054285905087,-0.6873211070152708,-0.39130667083537946,0.9666725025384553,-0.26884302479362965,-0.12432834166107119,-1.743405428590508,-0.49770801711767615,-0.6760201580619267,-0.6347222057676005,-0.3640650692044592,1.0413497803635572,0.76883195415352,-2.1043143287899837,0.02452383803125581,-0.2086678343205727,-0.6043528672675491,-0.8036612908751883,-0.6346847228976005,-0.9527758979536108,-0.37367071236903754,-0.44848368660732285,-1.3653871733518879,-1.3595243465075295,-0.8213259083916238,-0.76555472453303,0
-0.9717058755587404,0.1298722426046032,-0.4445202009343899,0.5985369837740325,0,1,0,1,0,0,1.6244396740454172,-0.6670187902229168,2.7086371918983905,-0.7172892754644363,0.22450294772252838,0.04135222879472184,-0.14701204991924924,-0.20777497294100486,1.1597914123489015,0.5284839037313406,1.0157324534183203,1.462951009293305,-0.18543015279224914,-0.9547102635645015,-1.5617903784239806,1.4115509820554124,-1.331595996431231,-0.5768237727085463,1.465333844976243,0.5419904249708541,-0.749511412262942,-1.2793896450751712,-0.16700110641532434,-2.034335454938183,-1.8836580803331227,-0.5419904249708541,-1.4653338449762439,-0.7595776989295921,-1.3101654415944555,1.0824548249802661,1.7519773075699248,0.9907195972144606,-0.08799472517957138,3.042214599814193,2.227531611866718,0.7598912632898273,-0.8175392869811524,-1.317574173872486,-0.7155722712864762,-0.6848612251647502,-1.3623318689203594,-0.6992004034990842,0.8218287349840708,1.266268645883152,-0.9202004889170784,1
-1.1516077120594044,0.7998341578626126,1.7280720791585935,-2.6280848929989626,1,0,0,1,0,0,-0.38197130961164594,-0.13671625476084556,0.13720772700535894,-0.4256498501098669,0.49767326542899815,0.22380684839664572,1.7512626818993184,0.2998963563590351,0.3221029276185232,1.5050736675795848,0.9249968725226282,0.04270222531507701,-1.6614899953941602,0.7137627388115485,-0.5279218533456621,0.6253775366324595,0.25064387293228996,0.23797218759512884,-0.4194329849395745,0.4742292700279266,-1.7219900710307603,-0.9404776842613674,0.18811862056943549,-1.7847232517407674,-0.9702077132351198,-0.4742292700279266,0.41943298493957376,1.357213336384602,0.04072103005925432,2.0558990305008047,2.152512822904422,2.185499213696451,0.7626401075935709,-0.22015379130249568,-0.04256332662598434,2.3721797812212735,-1.6085850650211115,-0.8623145398892288,0.0872707728176734,0.1709126850234604,-0.5669454880182719,0.28421816152172197,1.0276167615398821,1.461110804282131,0.2860364732784985,0
0.7759119647334253,-0.30817977891024867,-0.8790386569529866,0.3052077222492148,1,0,0,1,0,0,0.04707254852885811,-0.41000813158888666,0.40586453677030254,-0.48351481545799574,0.21687508534519798,0.05834555120862652,0.10628137452129706,-1.1635991244047679,0.05495317802634539,-0.4957874855936515,0.43022642390722987,0.6315731628969358,0.1549372155462753,-0.8236971916730403,-0.663098246640657,-0.7100169287443433,-0.6818386235626024,-0.5411298244848789,0.9659140628556914,-0.09659134035763388,-0.9708153670391175,0.9327990485629614,-0.7886213749208658,-0.006322599984337992,-1.0876233730688645,0.09659134035763388,-0.965914062855692,-0.7874302125521474,-0.6347222057676005,-0.06384395909064733,-0.4186667755331612,-0.6478353053894121,0.5421051509486824,1.7372672433675176,1.2862727349307197,-0.4183195767369984,-0.8869292675109735,0.9587239960437993,0.20587258615124074,-0.24400799870415715,-0.2284831982727022,-0.2233527107470814,1.0276167615398821,1.0714264874841732,-0.45626319576493324,1
0.2105061928741954,0.9544407536913834,0.27967722576327125,1.0385308760612593,1,0,0,0,1,0,-0.16744938054139394,-0.2937137159173798,-0.20820817126385424,-0.27983013743258217,-0.03662145036921652,-0.009627738446992187,-0.21932025710048322,-0.7532354587146171,-0.9365829043151224,-0.1277726608955336,-0.10883386172467983,-1.0413423404986921,-0.0020103198892246917,-0.5851715673930976,-0.27093547271740615,-0.6661411750698633,-0.3148143637663435,-0.35456603375506857,-0.8901438845537553,-0.5374328853480426,-0.2797263789276833,0.762422096969494,0.6109325673766048,-0.13955191248506416,-0.20467537079756196,0.5374328853480426,0.8901438845537545,-0.6481676444393714,-0.40957446049198204,-0.5278220383574467,-0.7675202888890147,-0.8355863879794388,0.06953024385249205,-0.38327221085833024,0.012804842605544792,-0.29429738304996345,-0.22078545442469194,0.8069707847160468,0.23324223538206504,0.5210020119186368,0.43151826673115745,-0.5088613263982832,0.36909507656128593,0.1250502895462747,-0.08511336124321738,1
0.6731109153044746,0.6709953280053031,-1.8929150543297122,-0.13478617003801185,1,0,0,0,1,0,7.820337743074461,-0.8019203124018647,-0.09306953850744984,-0.33595915382026714,-1.6152140367663017,-0.3570964625418325,-0.2647895954376602,1.3210502472414145,-1.2584579653553856,-0.833626597749668,-1.4785127629663852,-1.02204647306982,1.1822983635425404,-1.0028025479025624,0.8984545255852381,0.8391679277824142,-1.4662401199736834,-1.8139431797244558,-0.6862106428504532,-0.7133741297612541,-0.6337921120527341,-0.9131309023321013,2.563637035607098,-0.32772285155925,0.15117654383674767,0.7133741297612541,0.6862106428504524,-0.8709877534198129,1.0914105080121401,0.6002815269186915,0.9767472778902511,0.2567835470898098,-1.033144539371952,1.166352774922097,1.784586258014483,-0.046252995675895824,-0.6648813298155464,-0.9381911455531051,-0.3871364805165972,0.9229564242797662,0.7192112130148905,-2.063297122721492,0.28677986593896093,-0.04195727479570725,-0.5799798072721716,0
0.4161082917320974,-1.158516055968491,-1.6032360836506476,1.0385308760612593,1,0,0,1,0,0,8.362952034252157,-0.80540914487201,-0.2593808969333673,-0.24742575683763,-1.8159840045020756,-0.4282001010631705,-1.6075125249069073,-1.024079297842747,-0.49691024358172614,-0.1402215425241316,-1.0761241038429543,-0.04496734333820375,1.6201023359881508,-1.4175811826626545,-2.098845159082901,-0.9200638816767576,-0.11345771703538463,-0.9358475121542016,-0.5252107151899527,0.45956749966015986,0.8188548822097392,-0.6969960307095477,-0.24528252089472882,0.07692752755598674,0.4853410915319238,-0.45956749966015986,0.525210715189952,-1.4558905394934718,-2.0606579258465163,-1.6923160412231368,-1.8011603284619129,-1.7402052404586603,-1.1906695084040155,-0.22015379130249568,0.012804842605544792,-1.720552610450858,0.77843026520473,-0.6346847228976005,0.07814755640739948,-0.06248019957332482,-0.025405824425361403,0.6966194952401235,-0.9479482933959068,-0.8769950965056176,0.47161139053935697,0
-0.9717058755587404,0.7998341578626126,-0.4445202009343899,-2.6280848929989626,1,0,0,1,0,0,0.21111872958258027,-0.45187412123062914,0.13720772700535894,-0.4256498501098669,-0.052199908622699805,-0.01857159234904728,0.5644630253899873,-0.275719877186212,-0.3879179098479592,0.34530762899813844,0.10015011063303488,0.022262011261903615,-0.28571485082093673,-0.9600263574483368,-1.2641099785003387,-0.15852651643251936,-0.9876629241140927,-0.6958821919848011,-0.2682155254971324,0.29637562078413626,-1.7441466020751868,-0.8879234418466395,0.3709929173133486,-1.4458379782233326,-0.8095935667658389,-0.29637562078413626,0.2682155254971317,-1.0659553487776992,-1.3852146900196616,-1.2374355713537264,-1.1163738022448682,-1.381771355514063,-0.7180946013078251,-0.05703537174666111,0.06817301183707392,-1.2864749325462383,-1.6363410572330401,-0.8623145398892288,-0.14080963743918734,0.06718251409155555,-0.5161761445564365,-0.12818317219668063,0.9453015509175579,1.2384340518261547,0.038603250264021984,1
0.6731109153044746,-0.4885541407104817,-0.15484123025532542,1.0385308760612593,0,1,0,1,0,0,-0.07911682151246661,-0.34023148218598254,-0.24658771551598904,-0.26362794713510607,-0.15819027903104663,-0.05792454951808968,-0.8250653790545092,-1.3353330947069129,1.6767346922424693,-0.04813098042161568,0.6074815079238698,0.9910523229904943,-0.01409345788011614,-0.5529508697235385,-0.9815183704850163,2.432346008081157,-0.3197586563030566,0.09342440723591976,1.0042885975848093,0.3556359628759853,0.5947715000871235,0.8495230223481742,0.1521206683266327,-0.25204536059606175,-0.6985449622135615,-0.3556359628759853,-1.00428859758481,-0.6760201580619267,-1.0850176963188372,-0.8371407578686448,0.4082452561251572,0.2567835470898098,-2.2303343040156345,0.35076067714292497,-0.09793149585751397,-1.0384305451721696,0.6118943119331598,0.8828473903799233,0.21499580256151593,0.2616765845888761,0.1438253204474232,-0.5088613263982832,0.28677986593896093,0.514734606344233,0.038603250264021984,1
-0.27779879191332196,0.7225308599482267,-1.6032360836506476,-0.4281154315628296,1,0,0,0,1,0,0.2363566035908452,-0.45478148162241677,-0.6943490651242283,0.696930477643833,-1.2473482450034319,-0.8883613843239051,-0.8592077862759215,-0.30422263196462496,-0.9192498020900817,-1.307254800312357,-1.3261668043865176,-2.4636518681005906,0.16908282057687385,-1.310265258260061,-0.20264059600751827,-1.0505374175152178,-1.2340294998356374,-1.0599032545154796,-1.8779802223143918,-1.4975693905744285,-0.11445226541559884,0.21455420915076323,0.20095648334733135,0.5423743701302777,0.6892925613963187,1.4975693905744285,1.877980222314391,-1.3166279713806959,-0.4846237089171882,-0.973604898829468,-1.2972608091701252,-1.6207272788104614,-0.024984737566746233,-1.2804235184154193,-0.6516131881728072,-1.0384305451721696,0.08453045990652028,0.5034643620605421,0.8627441676909999,0.8451587960808378,1.0407503882731821,0.6966194952401235,0.6983559190505837,0.013711913318286572,0.904619530814692,0
0.6988111776617119,0.0783367106616796,-1.168717627632051,0.3052077222492148,1,0,0,0,1,0,-0.016022136491804253,-0.3884936646896579,-0.7583149722111197,1.1164514764177673,-1.3903548953546985,-1.161596121031688,0.6311932977725329,-0.1201321292181547,-1.1494250740869272,0.9196412398543413,0.019421207121951455,-0.5331890709430772,-0.1603319770873919,0.7318765888838823,0.9988948004962453,-0.7870548339985913,1.2029350314204665,0.01839114486806483,0.13286549185952784,-0.8589806768618448,-0.14640718132723013,1.1655560004367205,0.7803883773549992,-0.04956619930166245,-0.0072931470131269655,0.8589806768618448,-0.13286549185952856,0.577342954953057,0.7912135143113154,-0.2912841940253525,-0.6383152839424023,-0.1699234587966153,-0.30852968182446,-0.38327221085833024,-0.4855086804782194,-0.728375060954584,0.3065783976019474,2.020996475338066,1.9757765697444807,2.180684746829105,2.0222910285353324,0.5380035976561225,1.3568776040291806,0.9600881112561845,1.770635811365363,1
-1.1516077120594044,0.20717554051898904,0.5693561964423357,0.3052077222492148,1,0,0,1,0,0,-0.5207796166571032,0.06389161227250373,-0.1826218084290977,-0.2896671815417641,0.4833400705545787,0.27299804485794876,0.9651966999023545,1.3674708555685107,0.5208824920653287,0.47779570814571637,0.47373880697614235,-0.14287538631062807,-0.7409049880769176,1.0718824819637394,1.2724426717672674,0.20593969058209893,1.087725400660673,0.9517499942357728,0.03622492998512883,-0.23079243079930178,-0.27111716033489336,-0.602191529175962,-0.5051142880331191,0.43309871082541773,0.3133149753817348,0.2307924307993025,-0.036224929985129536,1.106540713781605,1.3165582532877582,0.2909628074074919,0.3565632541465125,0.8029685146244333,0.1010352376589052,-0.8726274695258333,-0.983822203561983,0.5118468759157585,-0.19302946221276363,-0.482931511569848,0.32447439948480933,0.002351157259115363,0.17767154942198057,0.6966194952401235,0.12214944469431245,0.013711913318286572,0.40975308478573785,0
0.2105061928741954,-0.5658574386248675,0.27967722576327125,-0.13478617003801185,1,0,0,0,1,0,-0.16744938054139394,-0.2937137159173798,-0.8478672421327675,6.147810213437572,-2.6248524514767504,-4.97704419564839,0.25942833550117383,0.4148970640102812,-0.9019621990496322,-0.6528902916765397,-1.4842429609501455,-0.36706669144873627,1.2058884586482501,-0.12091176540798186,-0.5385347884111524,-0.3620119625712655,0.6119671776753077,0.4383811376027355,0.11065768597424898,-0.6103841330315712,-0.48155502703606146,-1.1089515699451524,0.8692254319298369,1.4888288408763077,2.3575823983703206,0.6103841330315712,-0.11065768597424969,-0.03541234474315745,-0.40957446049198204,0.36374368258659734,0.11107374474794844,0.3591932285025509,0.5736101447550955,-0.13859458152457876,-0.2086678343205727,0.38782468222872474,-0.3595654154843339,-0.9381911455531051,0.5251851605108457,0.9229564242797662,1.548443822891536,0.728342674756924,-1.277209135885205,-1.6006945419875402,1.5232025883508855,1
0.6731109153044746,0.20717554051898904,-0.15484123025532542,0.3052077222492148,0,1,0,1,0,0,-0.07911682151246661,-0.34023148218598254,-0.1826218084290977,-0.2896671815417641,-0.09296100130902785,-0.03780087823846573,-0.35064081076864884,-0.6455256932251183,1.8852636436734482,-0.4795353187694451,-0.06842627699303637,-0.031527552024449075,0.2578234277509659,-0.5763062528993415,-1.4563907537132619,2.33338961743065,-0.22130377733379664,0.17962552252598563,1.2021396197987126,-1.235267259256625,-0.08826383457003371,-0.5729760133101006,-0.23238702332656594,0.42838024127004953,0.26432687280938527,1.235267259256625,-1.2021396197987133,-0.6760201580619267,-1.4602639384448675,-0.7279694450999874,0.47284775859846334,0.3591932285025509,-2.1043143287899837,0.8401159358104279,0.2896456887631914,-1.1004416420156866,0.16779843654230542,-0.2553016945782196,1.099947794358136,0.7932937106148858,0.9392117013495113,0.9504049313745251,1.6861384465184783,1.0714264874841732,0.7809029193074537,0
0.08200488108800677,-0.5658574386248675,-0.15484123025532542,2.505177183685348,0,1,0,1,0,0,0.11016723354952047,-0.41873021276424965,-0.041896812837936774,-0.37530733025699475,-0.11570604479043718,-0.031987373202129916,-1.4455181389553025,0.1609078576845045,-1.5016007246305179,-1.5490781431762035,-1.905167682216454,0.26105972674583805,2.560128979616154,-1.1243155054200085,0.4724308716133228,-0.7897960257314565,-1.1771353349016347,-1.2636899754433488,0.6912331826893887,-0.3295023237687909,0.8866253544202258,0.25241979174485685,1.259069656270213,0.9254773852381971,1.2430639905826413,0.32950232376879157,-0.6912331826893894,-1.1495128896453646,0.11577027848446049,-0.8280431484712572,-1.0646918002662225,-1.39883963574952,-0.30852968182446,1.4110304042558486,1.1201682272361313,-1.4104971262332722,1.0837461795359422,0.5034643620605421,0.7532655707677065,1.3508433793738719,1.7176749677643206,-0.2233527107470814,-0.6186874509066087,-0.8213259083916238,1.0283361423219313,0
-0.6376024649146498,-0.8493028643109486,0.27967722576327125,0.5985369837740325,1,0,0,1,0,0,-0.29363875058271866,-0.20591143208539214,0.36748499251816774,-0.4765710196162203,0.5173940559657711,0.20994387484846033,0.9923934598184154,0.2990446011020098,-1.001424173270165,0.8056151096790821,0.03787559863947482,-1.370536000732584,-0.48223955018905323,0.5017614718109299,-1.3002565616390604,0.09725830272330231,-0.09368531281197515,-0.08274517354086956,-1.773666294592434,-0.11014700605881247,-0.8785931128544506,-1.7130165795954047,1.4667156074506695,-1.1812307917122224,-0.13002469014673526,0.11014700605881318,1.773666294592433,0.27096530510494976,-1.3101654415944555,-0.6097005229339397,-0.4703487775118068,-0.47715250303484213,-0.5290646384693491,-1.2804235184154193,-0.7069813574043363,-0.17027518936292965,-0.9424412519348303,-1.6969572021918669,-0.8341740846200435,-0.03654765684034838,-0.4992530300691578,-1.016432198667086,-0.28942660841731066,-0.3759724034796717,-0.76555472453303,1
0.4932090788038099,-2.2149944607984287,-1.6032360836506476,1.0385308760612593,1,0,0,1,0,0,-0.6974447347149578,1.0058763792117091,1.9282531254383162,-0.6808343472951152,1.9547104438343446,1.2997524728138734,0.08080718450759539,0.043837982424646996,-0.13987183120743765,0.6755275495233604,0.9432448807671264,-0.4565295627196496,-1.6103742779293755,-0.8168212191077109,-0.8755078275000782,0.6468920746712985,-0.41566839101204145,0.20852398824988075,-0.4194329849395745,-0.20666334585120266,-0.9285224949443601,-0.9372335287206347,0.8412736280054514,-1.3247637991607697,-1.0226814527004875,0.20666334585120266,0.41943298493957376,-0.6481676444393714,-0.6347222057676005,0.8368193712507843,1.0801112818475405,0.8371050750953478,0.5106001571422693,-0.22015379130249568,-0.04256332662598434,1.0079356506638961,-0.5168493713519283,-0.3058860983541368,2.7056338825664352,2.88086340061946,1.93767545609894,0.939830538202259,2.9483050093941214,3.075517259587958,2.018069034379841,1
-0.3291993166277972,-1.4934970135974959,-0.4445202009343899,-1.161438585374874,1,0,0,1,0,0,-0.6091121756860305,0.36334973262663384,0.712900890787381,-0.5489022263013813,1.2537853574543922,0.7036446102419014,1.010006091438475,-0.629866588448257,-0.8287132416557634,1.652455407897573,1.3586902972702999,1.8128687244653503,-0.3402283247645632,0.6649491932888045,0.37699438494351806,-1.9457732422084704,0.9828832829642746,0.09574275169112866,0.11588809585456382,2.3576003181784477,-0.7400286573427125,1.242176358626158,-0.8224356953620248,-1.2577504100458816,-1.6728897674078236,-2.3576003181784486,-0.11588809585456454,0.744458036688388,0.491016520610491,0.391036510778763,-0.7287587874050313,-0.34060626115118536,1.5817699465603012,0.2692014673650073,0.2342775195316623,0.5738579727592754,-0.859173275299045,0.6552175733882943,-1.0348848456460813,-1.2424108939237355,-1.5654092427677009,-0.7626467625326843,-1.1948939252628807,-0.2089648391376897,-1.136704559054746,1
0.030604356373531493,-0.9523739281967958,-0.15484123025532542,0.3052077222492148,1,0,0,1,0,0,0.2868323516073751,-0.4646665069544949,-0.06748317567269331,-0.35042539515729937,-0.24926847526126109,-0.08654488200466598,1.019708149232948,1.874182267385713,-0.6183890673756685,0.8888307663056767,0.5824339655537303,1.7523816464405528,0.1497734331760816,0.4769158589279251,1.3664503800222454,-0.9491406390044048,-0.08771950119284169,-0.2439331669477736,1.0928891867061536,1.3061253713295295,-0.9414002970443937,-1.2034939855691544,-0.10843623616622135,-1.2877341785088947,-0.9953459402712924,-1.3061253713295295,-1.0928891867061543,1.6914434998552643,3.2678387123431163,4.048275488528821,2.669332842690871,2.492728257934677,3.91313948823484,2.5528593411466898,2.0060589349406004,3.3643573307175463,-0.9146852597229018,-1.1658209625447336,-0.22291858513165644,-0.24400799870415715,-0.7192535184037778,-0.09645999267988113,-0.6186874509066087,-0.04195727479570725,-0.20882997275045564,0
-1.2030082367738797,-0.07626988516709207,-0.8790386569529866,-1.161438585374874,1,0,0,1,0,0,-0.14221150653312897,-0.3099949341113908,1.7875281298471553,-0.6721546024928958,0.8611710942158401,0.28104751336979833,1.196227478905754,1.3712222660444722,0.04489359195931606,0.6820773613575909,0.6568255549154357,0.3422797579009905,0.06801976676306846,1.2315063466610083,1.3084185144462293,-1.60793611257671,0.8970642341979733,-0.04418872165489322,0.08301123374971872,0.3844992353771891,-0.4328767976369631,-0.5713006483455192,-1.6771917685246638,-0.031928972456377804,-0.8970470761145811,-0.38449923537718983,-0.08301123374971872,1.357213336384602,1.4666567501381707,0.527500651739586,-0.44450777652248397,-0.08458205761933026,1.2667200084961745,0.758556726032511,0.7879592118469556,0.5738579727592754,-0.23928944923264436,-0.3058860983541368,0.8961959611953415,-0.2094312750601892,-0.20591904562299765,1.3628062650929278,0.47884869072438496,0.7559677548382072,0.6778057430514218,1
-0.4577006284139859,1.5213316050635446,1.0038746524609323,-1.8947617391869185,1,0,0,1,0,0,-0.44506599463230834,-0.0878726001788127,0.23955317834438508,-0.4511104348630436,0.6603797644188235,0.28104751336979833,1.1349543647019353,-0.35367397547141594,-0.3000730435148182,1.4801087737900316,0.8043760911176516,1.0066343576448122,-0.2094997453351675,0.5707718823344522,-0.6107162673716469,0.399578317820877,0.3074675964813406,0.07268797408659645,0.9750700921945687,0.4058665575902641,-1.0078731323419505,-0.12637351928164986,0.811747577215135,-1.694651859263242,-0.9747626544187616,-0.4058665575902641,-0.9750700921945695,1.0229831729139398,-0.18442671521636386,1.5464329042470641,1.5581698001500064,1.6393142461618264,0.4475901695294441,1.5741488238116832,1.1201682272361313,0.8839134569768611,-0.9701972441467586,-0.17942508891434333,-0.1864257194905595,0.2487103132223888,-0.4654068010946016,-0.4771381468814831,0.4514102871836102,0.7374113588002092,-0.2706882785040748,1
0.6217103905899984,-1.7511746733121147,-0.8790386569529866,1.478524768348486,1,0,0,1,0,0,0.48873534367349464,-0.5146731056932429,2.1713235723685034,-0.6958792382856287,0.5246033199190481,0.14197058519284164,-1.637501304483663,-1.3570238995985628,1.8649336746077725,-1.8817645144538915,-0.19574623799552496,-0.7180884664437925,-0.060495638228659464,-1.3090422573269014,-1.9440379969726949,2.3981561056721983,-1.432690919755464,-0.38969018933850047,-0.2682155254971324,-0.7133741297612541,0.969005825539392,-0.0849366993995732,-0.1395111999293518,1.1215106663330767,-0.12597692659303067,0.7133741297612541,0.2682155254971317,-1.2609229441355856,-1.835510180570898,-0.3367722410122935,0.8992242749222835,0.20557870638343811,-1.4742144526617298,-0.05703537174666111,0.06817301183707392,-0.4183195767369984,1.6573700185824622,0.5793409677244183,2.0822140945310172,1.6706780730805761,2.135111791783855,0.41111087958892223,1.439192814651505,1.127095675598167,1.3994859768436472,0
0.08200488108800677,-0.10203765113855341,0.27967722576327125,1.0385308760612593,1,0,0,1,0,0,0.5013542806776271,-0.5164175219283155,-0.7966945164632545,2.0307179289182034,-2.021679193098823,-1.9665429722166463,-0.8730527319267672,-1.3382430952474174,0.6850441210376165,-1.6441868172858742,-1.712534764592273,-0.9803224575797989,1.503709141498,-0.4929745013273446,-1.1455651937820464,0.643809556553366,-1.3699116204154962,-1.7416134156642076,-1.3605998980709462,0.012383503443245562,0.7214267630191725,0.6891785830597399,-0.2895117469931312,0.862809403269803,0.526032544162299,-0.012383503443245562,1.3605998980709455,-0.5646101035717058,-1.1600669447440433,-0.50962681956267,-0.12149526415595328,-0.6478353053894121,-1.4742144526617298,-0.05703537174666111,0.7325910426154264,-0.4183195767369984,1.1670141561717275,1.2622304186993043,1.50136931641021,1.0915179520441112,1.4299820214805863,1.2359135470257274,-0.28942660841731066,-0.32030321536567735,1.8324941171189824,0
-0.38059984134227254,-0.6431607365392533,1.4383931084795292,0.3052077222492148,1,0,0,1,0,0,-0.7479204827314877,1.369296428185168,-0.31055362260288033,-0.2022910838660895,1.1836639428220217,1.209419548403117,-0.23053953227873608,0.649781020975008,-0.6751885436545478,1.0732979357113628,0.7022794505094305,2.7573913104121814,0.22182117186405023,0.23030033467953323,-0.5256115436037052,-0.6755338499453236,1.3986624637139808,1.2595291600078173,1.64551244740508,2.1287536646060192,0.5506842124537568,-1.4183909492830706,0.24415898716695572,-0.0630665108812794,0.31668739681248664,-2.1287536646060197,-1.6455124474050806,0.2152602778598393,-0.4846237089171882,0.02713213488323473,-0.3282232720705331,0.22264698661889537,0.8571550890128092,0.02452383803125581,-0.6516131881728072,0.2638024885416898,0.3620903820258042,-1.3934507795363622,-0.44187577897824326,-0.2569742700706454,-0.2623294272472596,-0.1916295312302808,-1.6064699783745033,-0.9883334727336057,0.16231986177126023,1
-2.128217681634438,0.49062096620506923,-0.4445202009343899,-1.6014324776621007,1,0,0,1,0,0,5.877021444438061,-0.789127926677999,-0.7199354279589849,1.003614793988916,-2.5645913268270975,-1.3825093124124488,-0.846530851856791,3.2341781447688214,-1.5778285696791168,-1.355502157007526,-1.9013034134158775,-1.081885342849241,1.6578875295814164,-1.9951457808293762,3.5108407905721286,-1.4963251872245253,-2.1331506543266525,-2.141316980235171,-1.4375436385994584,-0.04982429368856782,-0.8164043997664152,-0.9219277692464113,0.6532820042116207,-0.28399970936266067,0.38120829794245775,0.04982429368856782,1.4375436385994576,-1.8736782438317996,2.067050737539819,-1.5558519002623137,-1.9303653334085251,-2.4229364498769406,-0.5605696322757617,-0.22015379130249568,0.5664865349208381,-1.720552610450858,-0.6648813298155464,-0.7105613285614767,0.7167727051266096,0.9748215097457181,0.7869036709640054,0.506280418139323,0.03983423407198747,0.013711913318286572,0.904619530814692,0
-1.2030082367738797,0.43908543426214564,-0.8790386569529866,-0.4281154315628296,1,0,0,1,0,0,-0.14221150653312897,-0.3099949341113908,-0.7455217907937414,1.0961987385459222,-1.2028531254538701,-1.0855733628642197,1.4858153410447172,0.806453186288778,-1.3765172131297172,1.013694442114817,-0.13365890925268592,0.6631390889000536,1.0494859362320814,1.0504597001514466,1.399929692977115,-1.6949983914328615,0.929144296141888,0.038539828841105295,0.08301123374971872,0.8221130942085961,-1.016455445276159,0.2955365275092854,0.17843522557962133,-0.44811221412903635,0.2113897697968522,-0.8221130942085961,-0.08301123374971872,1.106540713781605,1.4666567501381707,0.34554846379182197,-0.625394783447741,-0.2552648599739003,1.2667200084961745,0.758556726032511,0.7879592118469556,0.44983577907224165,-0.8036612908751883,0.7310941790521709,1.2550424733328,1.1693155802430386,0.8884423578876751,1.331083085576127,-0.5363722402842841,-0.2089648391376897,1.646919199858125,0
-0.4577006284139859,-1.7511746733121147,1.0038746524609323,1.478524768348486,1,0,0,1,0,0,-0.44506599463230834,-0.0878726001788127,2.1713235723685034,-0.6958792382856287,1.3276837744203038,0.4702100233982635,-0.8409850946904932,-0.02435253723871693,0.46140997413663154,-0.8522654696114943,-0.14818473758413445,0.05633720668348206,0.6658102823662461,0.6549739038156037,-0.6181724376405092,0.41720732861199195,0.4252344824336057,0.1363913491466135,1.090378836681049,-1.004587223962434,1.8238524533846523,-0.5858469560342537,-0.21150976203674335,1.573010899522281,0.32580702236946885,1.004587223962434,-1.0903788366810496,1.3293608227620468,-0.03432821836595151,2.1832655620642387,2.126671821915101,2.253772334638279,0.7941451013999841,1.9819448727012692,1.4523772426253072,1.3800022317249987,2.3743998173906125,-0.17942508891434333,1.451191626153701,1.098001087727355,1.7684443112261554,0.2524949820049213,0.6160407084282594,0.15288488360327163,0.7809029193074537,0
0.72451144001895,0.18140777454752677,-1.168717627632051,-0.13478617003801185,1,0,0,1,0,0,-0.7605394197356201,1.5960705387446064,0.44424408102243734,-0.49798105679502797,1.8537396502128838,1.612340166690699,0.04728423467924503,-0.11768643719926007,0.6160168409381811,0.10546749058167498,0.42393416990221444,0.6052493494091777,-0.4885756986390713,-0.5293791624377256,-0.5881407840074429,0.3320168930443756,-0.23785909360767243,0.05869655355991751,0.8847583482611033,-0.05200463268990121,-0.5946993009707546,-0.4276581979014747,-0.5084707003263269,-0.37833678115417874,-0.4938294232637872,0.05200463268990121,-0.884758348261104,-0.5646101035717058,-0.6347222057676005,-0.3367722410122935,-0.12149526415595328,-0.20406001926752979,-0.30852968182446,0.18764225758709038,-0.2086678343205727,-0.4183195767369984,-0.47058938433204756,-0.2553016945782196,0.534308376921121,0.1709126850234604,0.008440404549195996,0.6331731362065233,0.6983559190505837,0.7374113588002092,0.16231986177126023,0
0.44180855408933456,-0.3339475448817109,-0.4445202009343899,-0.4281154315628296,1,0,0,1,0,0,-0.7226826087232228,1.0989119117489146,-0.630383158037337,0.36420692689209205,0.44498297934688336,0.5636732966747392,-1.3131729605511933,-0.08024199989684265,1.275023772751801,-1.145428446390518,-0.06877729170787882,-0.286820288443263,-0.4119588217603435,-0.9204101915667583,0.16566221201170117,0.25300723208525505,-0.11345771703538463,0.5492929145364626,-0.007768161614413057,-0.3834842964864804,0.9063359492696029,0.27609143039785194,-1.4887523425797067,1.434897204137818,0.6256914675085168,0.3834842964864804,0.007768161614412348,-0.6481676444393714,0.7161642658861095,1.6374089982209463,1.5452492996553449,1.4174266031008858,1.6132749403667133,-0.13859458152457876,-0.1532996650890431,2.1241353938472036,0.77843026520473,0.19995793940503753,-0.14993285384946126,-0.8793552956620708,-0.33002188519637315,0.886958572340925,-0.12479618717266176,-0.32030321536567735,0.16231986177126023,1
0.4932090788038099,-0.87507063028241,-1.6032360836506476,-0.13478617003801185,1,0,0,1,0,0,-0.6974447347149578,1.0058763792117091,-0.3361399854376369,-0.1855102439151321,0.8547800036501129,0.9169555258059154,-0.2554830418701917,-0.9960947609192192,0.8530922983169852,0.11972516469160335,0.5163709953111983,0.3887199242298014,-0.09379086232396083,-0.7852952742745364,-0.7106240190106331,0.6613905007558278,0.23103840270325854,0.774638845177313,0.2654778184316193,0.266869946255213,-0.42940239633583893,0.6552837774404512,-0.5015720815576133,0.06735275175369465,0.08497647742605637,-0.266869946255213,-0.26547781843162,-0.6760201580619267,-0.5596729573423944,0.43652455776570404,0.7312577684916879,0.8029685146244333,0.25856020669096863,-0.38327221085833024,-0.5408768497097485,0.7598912632898273,-0.38732140769626244,0.6552175733882943,0.11464042204849642,-0.16621037050522874,-0.1269445113490324,0.5697267771729232,-0.7833178721512579,-0.7656567202776299,-0.1469716669968365,0
-0.07219669305541997,0.5936920300909173,-0.8790386569529866,0.3052077222492148,1,0,0,1,0,0,-0.40720918361991093,-0.12217945280190722,-0.6175899766199587,0.31560035599966385,-0.39436563716697975,-0.33786717665241406,-0.811031403009058,-0.47565853262719554,0.16843265530595913,-0.5479817012293221,-0.18912278916628056,-0.2675872259299654,-0.25524923420277484,0.24286196797836332,-1.025627070112936,-0.6557177060695357,0.3468021427371374,0.6722784122630208,0.5364130502320184,-0.8969649934967807,1.3704237254261655,-0.3745944202393607,-0.8891861397559806,1.084170993743574,0.9022179095864633,0.8969649934967807,-0.5364130502320191,0.35452284597261524,-0.8598699510432187,0.48201260475264507,0.046471242274642305,0.18851042614798086,1.3927399837218248,-0.5463906304141645,-0.8177176958673952,0.5738579727592754,1.9719379303176512,0.12408133374116129,1.6929568610259738,0.8710913388138142,1.3115202200696365,2.3462248301137336,0.36909507656128593,-0.04195727479570725,1.5850608941045057,0
-0.38059984134227254,0.9544407536913834,1.4383931084795292,1.0385308760612593,1,0,0,0,1,0,-0.7479204827314877,1.369296428185168,-0.20820817126385424,-0.27983013743258217,1.2959828231618453,1.269343369546886,0.1619683984971413,-1.0240234024481882,-0.7880532346767539,0.9725885521889931,1.1676756381338307,0.5123593280922234,-0.6738844471540086,0.0473799643662868,-0.49985755023943473,-0.6344476283975539,1.2235866433415554,1.252756127825415,0.8432886699243073,-0.13756642077256032,-0.17787949872455427,0.9047579360042166,0.43973649109925,-0.1006168175212837,-0.2949629879889395,0.13756642077256032,-0.843288669924308,0.02029268250195297,-0.4846237089171882,-0.06384395909064733,-0.37990527404917784,0.10316902497069583,0.8571550890128092,-0.38327221085833024,-0.762349526635866,0.38782468222872474,-0.19302946221276363,0.8069707847160468,-0.07694712256726609,0.15794641365697218,0.10997909147286698,-0.667477223982284,-0.12479618717266176,-0.2089648391376897,-0.3944048900113141,0
0.08200488108800677,0.10410447663314094,0.27967722576327125,-1.161438585374874,0,1,0,1,0,0,-0.7226826087232228,1.1192634344914283,-0.4512786181940413,-0.10739254069515815,0.8237320531539278,0.9437870875120807,-0.44361094213187174,1.1002019193745527,0.6107817773614922,-0.7491313553441133,-0.7352290731106993,-0.6445875869269658,0.05147959302205847,-0.1643892942923651,1.174525592847385,0.4849707169036863,-0.12295098583581497,-0.06737505054414489,0.5910554499228551,-1.4653421880752575,0.4525959678050718,-0.33344770670295615,-0.3476103508732582,0.8901120382527623,0.8900551802303402,1.4653421880752575,-0.5910554499228557,0.24311279148239442,1.9169522406894068,1.7647755297843817,1.8036593095485693,1.6563825263972836,0.7311351137871589,1.0847935651441794,0.8433273810784847,1.6900577159425842,0.4731143508735179,-0.2553016945782196,0.20587258615124074,-0.010615114107371936,0.34690269429476517,0.6966194952401235,0.8629863402952329,0.18071947766026855,0.47161139053935697,0
0.5189093411610479,-0.6431607365392533,-1.6032360836506476,0.3052077222492148,1,0,0,1,0,0,-0.6974447347149578,1.0058763792117091,-0.2977604411855021,-0.2022910838660895,0.9012659350619028,0.9299241139638953,-0.9521530104142417,0.3735570000068179,0.3418015027914721,0.3701939700147736,0.5846242340393201,1.8244201026133604,0.06368935163876871,-0.872287702495298,-1.0201287020302408,0.8436797886420196,0.058686890545728655,0.6404152900412272,0.5581846313588362,1.934690701407091,0.45241234447438156,-1.5346612452398232,0.3805627186825216,-0.4419152544976897,-0.13479925278390417,-1.934690701407091,-0.5581846313588369,-0.7595776989295921,-0.8598699510432187,0.4547197765604794,0.8475422729436388,0.8371050750953478,0.1010352376589052,-0.05703537174666111,-0.319404172783631,0.6358690696027934,0.3343343898138759,-1.4693273852002382,-0.25028823436248077,-0.02358138547386016,-0.194636969298146,-0.3185222492974822,-1.277209135885205,-0.5986491559356475,0.16231986177126023,1
-0.35489957898503444,0.4648532002336079,-0.4445202009343899,0.5985369837740325,1,0,0,1,0,0,-0.6343500496942954,0.43312638202953796,-0.041896812837936774,-0.3533186434247058,0.9012659350619028,0.6061566027095009,0.6038357369245851,-1.4402984138920933,-0.8270492061489121,0.8722926083540028,0.7340338331934985,-1.0398141120287163,-1.3593301514215295,0.6716421552140599,-1.0964076497171498,0.019734374604504064,0.6731417563678529,0.7025075282170384,-1.4375436385994584,0.007555847346540335,-0.1685513634134917,0.8784976592155749,1.150435114419673,-0.5109351954181057,-0.26841806385847167,-0.007555847346540335,1.4375436385994576,0.7723105503109431,-0.9349191994684248,0.4547197765604794,0.3953247556304958,0.6664222727407777,0.4790951633358572,-1.4435419379712537,-1.0945585420250417,0.8839134569768611,-0.05424950115312168,1.0346006017076752,0.4978155112800227,1.0526191379446466,0.7530574419894479,-0.6040308649486834,0.6160407084282594,0.6817421706862145,0.47161139053935697,1
-0.09789695541265715,0.49062096620506923,1.0038746524609323,-0.8681093238500562,1,0,0,1,0,0,-0.7731583567397526,2.0379893182963325,-0.3233468040202586,-0.18840349218253855,1.3896663413580053,1.7129585230888187,0.8307579963454129,1.0462727632550046,-0.8171535516716225,0.27705881054280235,-0.5727721953373761,-0.4689065473026049,0.012871674380960369,0.6104228208032724,0.8108123684437887,-0.43553252709003887,0.8482068569166877,0.5504851431461147,-0.24687185720061178,-0.39468810214486993,-0.5452619266562677,-0.6237881712951785,0.679408092812438,0.46677882109993385,1.2820735050524152,0.39468810214486993,0.24687185720061106,0.8837206048011639,1.1664597564373458,0.9823811216089964,0.5762117625557528,0.9224464762726329,1.0461850518512859,-0.6279498401920818,-0.5962450189412776,1.3179911348814817,-0.49834537654397587,-0.5588081172337243,0.10551720563822252,0.4432043837197094,0.6176725260912207,0.3476645205553221,-0.7010026615289333,-0.9326642846196119,0.40975308478573785,1
-1.1773079744166424,-0.3339475448817109,-0.8790386569529866,-0.4281154315628296,1,0,0,1,0,0,-0.1295925695289965,-0.3099949341113908,-0.630383158037337,0.36420692689209205,-0.7584313403226951,-0.5198746035592353,0.25172264564689967,0.6305984853767284,-0.22126130543608624,-0.2572286078097425,-0.13245437874103205,0.3160788360219634,0.5710274535673785,1.2166601916977544,1.230687015869615,-1.5448564775458566,0.7754466646538728,0.09877992010759906,-0.03566621970192337,0.4664671563038157,0.8656460616940148,0.3673590247128444,-1.2499601577141097,1.1164188927981447,0.2686365454779993,-0.4664671563038157,0.035666219701922665,1.217950768271826,1.2415090048625523,0.21818193222838655,-0.6383152839424023,-0.32353798091572933,1.1722050270769362,0.5954383064766764,0.6772228733838963,0.38782468222872474,0.8061862574166584,0.35171115073279,0.03253147435602734,-0.62002986833231,-0.1777138548108673,0.664896315723324,-0.28942660841731066,-0.09762646290970158,0.40975308478573785,1
0.5703098658755232,-0.8235350983394863,-0.15484123025532542,0.5985369837740325,1,0,0,1,0,0,0.5139732176817596,-0.5239766589469633,-0.8094876978806327,2.103049135603364,-2.174750547348435,-2.0282555641408266,-0.01710528054903541,0.5169807430536483,-0.15573187031303065,0.19828325809931174,0.012561268605814706,1.0599036089108504,0.006187987571462447,0.048760982449583504,0.29382997364236874,-1.058909675556149,1.0441197755221083,0.457382684091416,0.4884925330428311,0.9611011618955224,0.07250670812262343,-0.41521987691386325,-0.8512114193076701,0.7674634067478301,0.43021490431146747,-0.9611011618955224,-0.4884925330428318,0.35452284597261524,0.7161642658861095,1.237114184735866,0.4082452561251572,0.8371050750953478,1.6762849279795395,-0.13859458152457876,-0.3747723420151606,1.2559800380379649,0.11228645211844858,-0.3311783002420958,0.21499580256151593,-0.2699405414371327,0.04228663352375219,0.8235122133073248,-0.9479482933959068,-0.6543183440496418,0.5334696962929761,0
0.9558138012340891,-0.2051087150244015,1.0038746524609323,-0.4281154315628296,0,1,0,1,0,0,-0.19268725454965888,-0.28382869058530175,-0.31055362260288033,-0.19997648525216433,-0.1236188567079617,-0.0637380545544255,-0.3386335520549848,0.7495356853307422,0.7570672016817058,-0.5093316271072446,-0.38485694786678676,-0.17080932094449866,-0.19756410768996666,-0.284514164385439,0.5036099875900306,0.07104815586129386,0.012695791601300552,-0.28654917276198194,0.03622492998512883,-0.26889098598050765,0.18659499666131646,-0.5242558206587901,-0.9635396818177084,0.700663098511965,0.22057338603609886,0.26889098598050765,-0.036224929985129536,-0.2582324537235989,0.491016520610491,0.07262018187017576,0.09815324425328795,0.10316902497069583,-0.30852968182446,-0.22015379130249568,-0.26403600355210183,-0.23228628620644656,0.25106641317809053,-0.4070549059059717,0.32447439948480933,-0.24400799870415715,0.04228663352375219,0.8552353928241243,0.4514102871836102,0.3477270420022505,0.47161139053935697,0
-1.1516077120594044,0.7225308599482267,1.7280720791585935,-1.161438585374874,1,0,0,1,0,0,-0.6595879237025604,0.6599004925889763,-0.7839013350458762,1.4723210133087596,-0.5690568034191699,-0.6303311992496157,0.3772040834323542,0.44603269975860294,-0.8795067670690774,0.22744108104380276,0.4174221216976532,0.3166698965921671,-0.16620924167279855,-0.16062632941584878,0.3199601169268501,-0.6706366168375084,0.10818316349515764,0.41056708488734306,0.6225629626478131,-0.18555039652161812,-0.6850073959281829,-0.29166485700871336,0.5283900902616131,-0.19998565416187222,-0.14183035386459578,0.18555039652161812,-0.6225629626478137,-0.17467491285593337,0.26586877533487285,-0.07294156848803632,-0.40574627503850064,-0.34060626115118536,0.8571550890128092,-0.13859458152457876,-0.4301405112466897,-0.17027518936292965,-0.7203933142394032,-0.4070549059059717,-0.4509989953885172,-0.127311556405765,-0.194636969298146,-0.7626467625326843,-0.20711139779498602,-0.32030321536567735,-0.3944048900113141,0
0.10770514344524394,-0.2824120129387873,-1.168717627632051,2.9451710759725747,1,0,0,1,0,0,-0.43244705762817587,-0.11055001123475654,-0.579210432367824,0.18193228604548617,-0.25795211518239364,-0.22562181018162267,-1.545154702983537,0.39886106354045203,-1.0489573316053966,-0.01627441251269661,-0.3219538316333862,-0.024416620383653866,0.39796124098821045,0.6329591519719348,-0.29501807733983404,-0.23603556827615502,1.0647569734757072,1.1380905782704258,1.6588590105479577,-1.6785375276851617,2.7810205544547055,-0.8429919606721267,1.1967668296490923,1.0777804698633358,1.5296796874468839,1.6785375276851617,-1.6588590105479584,0.605195468575612,-0.25947596364157,0.06352257247278678,-0.06981326217730856,0.3591932285025509,0.5736101447550955,0.5138790966987595,-0.2086678343205727,0.44983577907224165,3.9981253617884236,-0.2553016945782196,2.395444524617104,2.841964586519996,3.2915246150812165,1.0772976494417266,0.7806711296729086,0.013711913318286572,2.512935480408796,0
-0.8175043014153137,-0.2051087150244015,0.27967722576327125,-0.4281154315628296,1,0,0,1,0,0,-0.81101516775215,3.3375794134254213,-0.31055362260288033,-0.19997648525216433,2.008329188684556,2.7213780505455305,-1.1372786189439983,0.3874567221309671,1.6217905773640933,-1.2211745599079826,-0.3327289740789253,0.52659174025383515,0.6201029161563215,-1.146343034825438,-0.12331777609119692,1.55995271063435,-0.5589467212311279,0.22280457147111474,1.3779353831051453,-0.6484112087471453,0.436001150623191,-0.6553335516312289,-0.6494400166410492,1.0954860460434268,0.6500892606756196,0.6484112087471453,-1.377935383105146,-0.8709877534198129,0.491016520610491,1.9649229365269225,2.6822533431855335,2.2367040544028214,0.4475901695294441,1.9819448727012692,1.2862727349307197,2.00011320016017,0.5563823275093027,-0.482931511569848,0.534308376921121,0.09311505682453199,0.5330569536548284,0.8552353928241243,0.03983423407198747,-0.26463402725168356,0.7190446135538346,1
0.72451144001895,-0.2824120129387873,-1.168717627632051,2.9451710759725747,1,0,0,1,0,0,-0.7605394197356201,1.476868762681312,-0.579210432367824,0.18193228604548617,0.843988333151166,0.9952142474488975,-2.693370287498959,0.6277258685671216,-0.7610546960902803,-0.8643678898451677,-1.2738502457279823,-1.0784487821902675,0.8241196427395523,-0.8652247954557125,-0.06336156743616753,0.33362841515494085,-0.1447536608271558,-0.17818199630742304,0.25295560183580257,-1.7217537992339922,2.8806745276831127,-0.9250476818266228,1.3756516472676692,1.0241700026170004,1.48210766840861,1.7217537992339922,-0.2529556018358033,-0.8709877534198129,-0.18442671521636386,-0.38226028799923456,-0.1602567656399366,-0.20406001926752979,-0.6235796198885869,0.02452383803125581,-0.09793149585751397,-0.29429738304996345,4.192417307271922,-0.3311783002420958,2.5140463379506723,3.0753574711167806,3.494601988928559,0.9186817518577256,0.6160407084282594,-0.15329565102369538,2.451077174655176,0
1.2899172118781799,0.5163887321765315,1.0038746524609323,-1.6014324776621007,1,0,0,1,0,0,-0.6217311126901629,0.4156822196788119,-0.7199354279589849,1.003614793988916,-0.29785991890333213,-0.4559260481595413,2.172614638777425,0.9194287292361117,-1.4215136404856112,0.6869383663167713,-0.4177390778355725,0.43081260745532135,0.6927362890510839,2.300602183782732,0.2742958184268618,-0.980848516380856,1.4764818042644141,0.42128792638642293,1.1569031123463245,-0.5598254073642694,-0.7223389476572974,-0.9871612558341498,0.9575986012402368,0.5360446675161226,0.9543869234355385,0.5598254073642694,-1.1569031123463254,1.8307060679680403,0.04072103005925432,-0.5824076947417753,-0.9613277963089331,-0.40887938209301433,-0.15100471279239655,0.18764225758709038,-0.319404172783631,-0.6663639641110671,-0.6926373220274746,-0.9381911455531051,-0.06782390615699217,0.4302381123532211,0.6345956405784983,-0.4136917878478824,-0.5363722402842841,-0.8213259083916238,0.22417816752487937,0
-0.8175043014153137,0.5163887321765315,0.27967722576327125,-1.6014324776621007,1,0,0,1,0,0,-0.81101516775215,3.3375794134254213,-0.7199354279589849,1.003614793988916,1.110896751962668,1.7912172447318007,-0.08866036283147592,0.18594820076773336,0.40562759365779505,-0.5258388998817626,-0.20239445850039234,0.8336761976758086,0.5893088187302119,-1.0258599669255286,-0.6465962139023766,1.5969313161006378,-0.504224394033044,0.5968153388543392,1.7189185446909028,-0.567767582660665,-0.901742798863005,-0.902965633897788,1.0502554560770894,0.2103941515823954,0.8457967262254888,0.567767582660665,-1.7189185446909037,-0.7595776989295921,-0.18442671521636386,1.710189873400053,2.4626048347762923,2.0660212520482517,0.6366201323679207,1.8188264531454346,0.954063719541543,1.876091006473136,-0.859173275299045,-0.8623145398892288,-0.07694712256726609,0.4691369264526849,0.5330569536548284,-0.3502454288142823,-0.37174181903963527,-0.6543183440496418,0.22417816752487937,1
-0.9460056132015023,-0.5658574386248675,0.27967722576327125,-0.13478617003801185,1,0,0,0,1,0,-0.0412600105000692,-0.355931228301636,-0.8478672421327675,6.17384944784423,-2.7386309269987232,-5.045017485304009,-0.3498520839822006,0.13410651281183947,-0.5567539490151294,-2.278123865788122,-2.8092813033730786,-1.1691788885800918,1.9232152214998468,-0.8279987164802237,-0.751611867822715,0.05082502338038942,-1.4078425922906057,-1.263962014843012,-1.1014209826064827,-0.5022446364654003,-0.34084872237450914,-0.9370136669823317,0.8121755466221042,1.6816057551755905,2.4181903843976054,0.5022446364654003,1.101420982606482,-0.7874302125521474,-0.7097714541928067,-0.03655113089848297,-0.0052107597040024186,-0.5624939042121272,-0.24551969421163483,-0.22015379130249568,0.34501385799472056,-0.23228628620644656,-0.16527347000083534,-0.7105613285614767,0.7897584364088047,1.130416766143575,1.8530598836625478,0.886958572340925,-1.3595243465075295,-1.6563637301015341,1.770635811365363,0
0.004904094016293398,0.7225308599482267,-0.15484123025532542,-0.4281154315628296,1,0,0,0,1,0,-0.3945902466157784,-0.1338088943690579,-0.6943490651242283,0.6708912432371751,-0.663256819999967,-0.6213873453475606,-0.9763456741010588,-0.7433027702388485,0.549632505774458,-1.4868327050852843,-1.138245251292581,-1.6055345827371434,0.399025823823576,-1.281670919944036,-0.9069516326227296,1.0797004518966973,-1.7354106129675033,-1.0025202443177734,-1.2121437398747563,-0.9875682768987283,0.07700194498616784,0.11164214341793859,0.3336287800499246,0.2878116048878496,0.5010086794961961,0.9875682768987283,1.2121437398747554,-1.1495128896453646,-0.7097714541928067,0.6366719645082435,1.1447137843208466,0.2738518273252659,-0.15100471279239655,0.10608304780917345,0.8433273810784847,0.7598912632898273,0.3065783976019474,0.4275877563966659,0.9539763317937442,1.0007540524786946,1.0745966172477384,0.6331731362065233,0.8629863402952329,0.4033962301162448,1.0283361423219313,0
-0.48340089077122306,-1.4934970135974959,1.0038746524609323,-1.161438585374874,1,0,0,1,0,0,-0.15483044353726144,-0.3024357970927428,0.6873145279526244,-0.5489022263013813,0.5198023124289315,0.1916089743492474,0.9450784694037349,-0.607901897585196,0.8324294391403948,1.065700638496311,1.170797550789266,1.4114267854225788,-0.32034107350725916,0.4800631596266896,0.6589498624852891,0.43533999791090333,-0.07763012058256658,-0.45926891088608135,-0.7076772998718532,2.6268835253671905,-0.8344811647793433,1.4944859388966258,-0.7004842159850954,-1.5166695080416561,-1.9704808590057807,-2.6268835253671914,0.7076772998718532,0.4102278732177254,0.5660657690356972,-0.10023439668020068,0.13691474573727128,0.10316902497069583,-0.844114576533476,-0.30171300108041293,0.012804842605544792,-0.23228628620644656,-0.9701972441467586,0.7310941790521709,-1.281211688723491,-1.385039878955104,-1.7684866166150421,-1.1116017372174867,-1.277209135885205,-0.15329565102369538,-1.2604211705619852,1
0.004904094016293398,0.20717554051898904,1.0038746524609323,0.3052077222492148,1,0,0,1,0,0,1.3594419969586353,-0.6484116837154758,-0.3617263482723934,-0.15657776124106768,-0.9957492873086835,-0.37766732651655927,1.1988750711260718,0.4139188995557653,-0.0326127197644963,-0.5353163057700698,-0.5872646328983113,-2.021667432150966,-0.6525250492472311,1.5303887222657535,0.03912007619610825,-0.34064548873153294,-0.2579238317644941,-0.47446784094330796,-1.3361733137761789,-1.4321128303428865,-0.13791859098820436,-0.5289270460904184,-0.29773318399884713,0.4674249369036129,0.30024728561064024,1.4321128303428865,1.3361733137761782,1.1343932274041606,-0.18442671521636386,-0.6551885699208807,-0.7158382869103699,-0.767313267037611,-0.43454965705011084,-0.8726274695258333,-0.3747723420151606,-0.728375060954584,0.1400424443303771,-0.17942508891434333,1.209426391281428,0.8451587960808378,1.0069041592986248,1.109020828958526,2.097714499630101,1.3497724280541432,0.8427612250610729,0
-1.1516077120594044,0.6452275620338409,1.7280720791585935,0.3052077222492148,1,0,0,0,1,0,-0.38197130961164594,-0.13671625476084556,-0.5664172509504457,0.1645727964410475,-0.3062244171815018,-0.232329700608164,-0.3425964968158797,-1.0925859977629169,1.2488455021273308,-0.6788015121802737,-0.22146234978805837,-0.6092304716011154,-0.24422620801496328,0.9046125071810831,-0.5924046117211699,0.6004620164428817,0.42275511301758334,0.30208790601857,0.07500831336893375,-0.9053100327574869,1.3802669269971957,0.9061506352106132,-1.1038072197910471,1.3362137837227068,0.5828419446438559,0.9053100327574869,-0.07500831336893446,1.8028535543454847,0.11577027848446049,2.6563412507284254,2.669332842690871,2.782889021937446,1.0776900456576979,0.35076067714292497,0.34501385799472056,2.930279652812927,1.5278420549267964,1.1104772073715516,0.6072941082033162,-0.10137901367278856,0.43151826673115745,1.1407440084753266,0.2044646553166367,-0.2089648391376897,0.5953280020465953,0
0.6474106529472365,0.9802085196628456,-0.15484123025532542,0.5985369837740325,1,0,0,0,1,0,0.11016723354952047,-0.42163757315603734,-0.5024513438635544,-0.03216808574259063,-0.659889666072963,-0.2994086048735772,-0.5957361700746732,0.5033920471702794,-1.2693975716085595,-0.8996895032176662,-0.3762868402104528,-0.7890606487562402,-0.10498496495696825,-0.562775085739246,0.9081490559133388,-0.3771962771716086,-0.7964916902907793,-0.1343418807124274,-1.2173253467419909,0.13114384342216406,0.2660674116210533,0.2188424054701801,1.3562631235721083,0.4256349498923794,0.3580326222943834,-0.13114384342216406,1.2173253467419902,-0.6760201580619267,0.491016520610491,-0.7916527108817039,-0.8450432918569822,-1.0745423112758372,0.1325402314653172,-1.0357458890816678,-0.6516131881728072,-0.6663639641110671,0.05677446769459199,-0.02767187758659086,-0.642586540004281,0.09311505682453199,0.2622871218583729,-1.5874494299694895,-0.5363722402842841,-0.5429799678216537,-0.7036964187794109,1
0.6731109153044746,-0.2824120129387873,-0.15484123025532542,0.3052077222492148,0,1,0,1,0,0,-0.23054406556205628,-0.2646401119995031,-0.7071422465416066,0.8386996427467487,-0.923865887798175,-0.8516915833254792,-1.8812258541121225,-0.8441159541206714,1.6440951927339138,-1.2667966052440562,-0.9048446326477827,0.9161314360018685,1.6015706662970777,-0.5254595446929274,-1.7143504909512586,2.400299848370506,-0.26788701209064,0.24453485893942373,1.324112778207694,-0.06374491962016399,2.090857358501522,-0.5588230498047048,0.1645366575951907,1.4457283112565493,1.4150830329870674,0.06374491962016399,-1.3241127782076947,-0.6481676444393714,-1.685411683720486,-0.8098479296764806,0.42116575661981864,0.2909201075607231,-2.1043143287899837,0.8401159358104279,0.2342775195316623,-1.1624527388592034,0.9727222106882286,-1.0140677512169813,-1.8924671882118775,-1.5406351353529608,-1.0069464646875115,-1.238494455284687,-1.5241547677521787,-1.712032918215528,-1.569712699330082,1
-0.2006980048416086,0.026801178718756015,-0.4445202009343899,0.5985369837740325,1,0,0,1,0,0,0.9430170758222637,-0.5850312271745045,-0.11865590134220637,-0.315706415948422,-0.5960586869406028,-0.20594533159710146,0.9343786107605381,-0.3428792169655971,0.6739879394009083,-0.7449100662226901,-0.5599320352678467,1.3112218457486227,1.9578367871766347,0.5622480183430815,0.01030196371176964,-0.2635073543234045,-1.1843913066576937,-1.1761024860689138,-0.018359091073560794,1.8065585321570097,-0.7374846083977725,0.4809327669458901,-1.186163570433314,-0.16809670351422945,-0.42029609881173774,-1.8065585321570103,0.018359091073560086,0.7524158977234037,0.24442613292767115,0.7315470339381492,0.4691561870285597,-0.05776047439218454,0.4745944499349406,1.6440567179070404,1.832044688784366,-0.037394267555393414,-0.5816133531797613,0.7310941790521709,0.7350191379471587,-0.0495139282068366,-0.11002139686175369,1.3628062650929278,-1.1125787146405561,-0.4316415915936655,0.7190446135538346,0
-0.7404035143436003,0.0783367106616796,0.27967722576327125,0.3052077222492148,1,0,0,1,0,0,-0.07911682151246661,-0.34023148218598254,0.48262362527457214,-0.5066608015972472,0.35708231377937705,0.12989638242506726,0.9335177113586715,1.361110945988483,-0.9820562073132886,1.6229634129985986,1.4555658791502748,0.9903607345120294,-0.9560590852534094,1.0032107544322748,1.0814115813438623,-0.8608466248285521,0.5593609956936108,-0.025051523451721458,0.4783555005605047,0.8763067609369452,-0.2956827366279726,-0.7848331064765923,0.47743589625427596,-1.637866077848089,-1.9167648674059332,-0.8763067609369452,-0.4783555005605054,1.1900982546492709,1.3165582532877582,0.6912576208925736,0.09815324425328795,0.32505666803163763,0.8886600828192224,0.758556726032511,0.5664865349208381,0.44983577907224165,-0.47058938433204756,-0.9381911455531051,-0.8797901666714156,-0.5292659687668935,-1.0915620371239039,-1.5557262504526888,0.28677986593896093,0.848749735028197,-1.0748462533011267,1
0.3904080293748593,-1.0812127580541053,0.27967722576327125,-0.8681093238500562,1,0,0,1,0,0,-0.7100636717190902,1.0320426227377981,1.4549054129953203,-0.6461153680862378,1.8950127025893528,1.293044582387332,1.3984986663911996,-1.3742871588819212,0.597911474113402,3.190188424766306,4.283532543389752,3.1838344944051515,-2.6069177456113573,1.5717119807116176,-0.746062929988102,0.7805060242917815,0.9334525689236146,1.6199751345336448,1.1441644212614832,3.2076021743046157,-0.3742103466394642,1.1388627893963297,-0.0330317325667646,-3.38414315946669,-3.987211680249541,-3.2076021743046166,-1.1441644212614839,1.5800334453650435,-0.6347222057676005,0.2636699792153276,0.6408142650290589,1.0248561576853752,0.29006520049738066,-0.7910682597479163,-1.2606630497196296,0.7598912632898273,-0.8869292675109735,-0.17942508891434333,-2.6314477174441064,-2.240813789143315,-2.970027745211813,-2.761207072091096,-1.4418395571298541,0.013711913318286572,-2.6213038971416105,1
-0.5605016778429365,-1.7511746733121147,-0.15484123025532542,1.478524768348486,0,1,0,1,0,0,-0.8236341047562825,6.201329399336277,1.6979758599255073,-0.6628962080371952,3.4764613189628255,5.281556230008801,-1.5129399759479005,-0.7930914739953644,0.72311950646441,0.21155335182331647,1.461622576164496,0.111536463944738,-1.2539063196702465,-0.305037394488969,-0.93804974219202375,0.8652141092063951,1.7835510000813861,2.6644577244485093,1.3564759393421526,-1.1932138872518339,1.7989900951706927,0.1488252983531482,-0.11907185116188586,1.4827437110057489,0.7011434399180291,1.1932138872518339,-1.3564759393421533,-0.20252742647848845,-0.7848207026180125,0.427426948368315,0.8346217724489774,1.605177685690913,0.6681251261743327,-1.6066603575270884,-2.0911855881925696,1.3800022317249987,2.2653584194151795,0.5793409677244183,1.2785021726735066,1.0100156748833287,1.635476983111825,0.5470673632323512,0.1456680763006908,-0.38392514463881366,0.7809029193074537,1
-0.48340089077122306,0.7225308599482267,1.0038746524609323,-0.4281154315628296,1,0,0,0,1,0,-0.15483044353726144,-0.3024357970927428,-0.6943490651242283,0.6708912432371751,-0.9487094836240401,-0.7510732269273594,0.4078565636956438,0.4188817310016855,-0.050555634914171234,0.11253347039654102,-0.47025455687567097,-1.1993962790143131,-0.15403794186646266,0.6940709259317318,0.5697714376841224,0.5579104599229207,0.21962507622104585,-0.12749535465521472,-0.8195116582252774,-0.8230517886162441,0.1263730110543402,-0.0041438031394821885,0.6297574540943615,0.06575100760930494,0.4868795562454562,0.8230517886162441,0.8195116582252766,0.5494904413305014,0.41596727218528484,-0.2730889752305771,0.046471242274642305,0.13730558544161034,-0.9701345517591269,-0.709509049969999,-0.4301405112466897,-0.29429738304996345,0.3343343898138759,0.27583454506891375,0.8627441676909999,1.0915179520441112,1.0576735027604598,0.4428340591057229,0.7806711296729086,0.4033962301162448,1.0283361423219313,1
0.6474106529472365,0.20717554051898904,0.27967722576327125,0.3052077222492148,0,1,0,1,0,0,-0.5460174906653681,0.16274186559328455,-0.3617263482723934,-0.15657776124106768,0.3363147505273443,0.24616648315178347,0.7522944158924699,1.4247647820367526,-0.6711536453064875,0.4531071188666961,-0.27827487854072824,-0.7358033186232109,-0.6095275371143489,1.242167518534851,1.0819277344009777,-1.2669711566583295,1.35988728202076,0.40697443641160186,1.1709575367826512,-2.164889396170255,0.19507545033155135,-0.8716829232972693,-0.3556943092948883,0.7363224648834897,0.7591022968928725,2.164889396170255,-1.1709575367826521,1.3015083091394917,1.1664597564373458,0.36374368258659734,-0.37990527404917784,0.15437386567706757,0.9201650766256344,0.5954383064766764,0.06817301183707392,0.20179139169817292,0.5841383197212315,-0.482931511569848,1.5196157492307591,1.0655854093111348,1.345366449044194,1.7117612397777302,2.673920973986373,1.461110804282131,1.1520527538291696,0
1.3670179989498932,0.6452275620338409,-0.15484123025532542,-0.13478617003801185,1,0,0,1,0,0,-0.36935237260751347,-0.15125305671978392,0.09882818275322415,-0.41697010530764755,0.4538190470155485,0.20591914059253555,-0.07882032397411443,-0.18546456756663113,0.27203184265087743,-0.2850451088146927,-0.47709660928320535,-0.2988975738614344,0.3416419826712486,-0.5664468102425497,0.7308428926154618,0.0591574505711627,-1.27858280493194,-0.7065245034286399,-1.1598770966922176,0.7426913412446393,-0.45638539936974504,0.9866983054679948,-0.31242910932318846,-0.8827432702875418,-0.06953470542670903,-0.7426913412446393,1.159877096692217,-0.6481676444393714,0.41596727218528484,-0.6187981323313287,-0.4961897785011287,-0.9379960693921812,-0.24551969421163483,-0.5463906304141645,-0.04256332662598434,-0.4803306735805153,-0.6093693453916895,0.5034643620605421,-0.9162830323125138,-0.9182541097615345,-1.159254495073018,0.09387908442092041,-0.8656330827735822,-0.6543183440496418,-0.8892713360402683,1
0.030604356373531493,-0.6431607365392533,0.5693561964423357,1.0385308760612593,1,0,0,1,0,0,-0.10435469552073157,-0.31987995944346886,-0.6687627022894718,0.4394313818446596,-0.901549270727889,-0.5856119297393402,-0.6773283004515718,-0.0842431375260273,-1.0174813004339964,-0.24993920152041674,-0.3714435603144435,-0.969070031960753,0.0980471481577209,-0.7682522855600437,0.23560322171875872,-1.0998413602027128,-0.31074624375795584,-0.6089591773876221,-1.5389139634227365,0.2045801889163758,0.17421285808585982,0.351648485511813,0.2856965248113109,0.029521080533829527,-0.1116352922169203,-0.2045801889163758,1.5389139634227358,-0.7038726716844818,0.26586877533487285,0.14540105704928116,-0.4574282770171454,-0.5454256239766699,0.7311351137871589,-0.9541866793037505,-0.3747723420151606,0.015758101167622184,0.44535835866158957,0.7310941790521709,1.0908245779478607,1.0915179520441112,1.0407503882731821,0.31594134103852145,-0.12479618717266176,-0.04195727479570725,1.0901944480755505,0
-0.7404035143436003,0.38754990231922204,0.27967722576327125,0.3052077222492148,1,0,0,1,0,0,-0.07911682151246661,-0.34023148218598254,-0.7327286093763631,1.029654028395574,-1.1907743066096708,-1.0574002230727462,-0.2635652526055387,1.2043028611211632,-0.8863872700333741,-0.35979004353147803,-1.1775497357250426,-0.16917439165990864,1.2714353273628913,1.2109853313807994,1.0143534705404291,-0.7186624473320978,0.7179075800574676,0.11808292157821847,0.5791922973583978,-0.8051695616290189,1.576496174148405,-0.6367864322085223,0.4895346402583945,1.1979180044085744,1.6461573180223832,0.8051695616290189,-0.5791922973583985,1.3293608227620468,1.1664597564373458,0.5093054329448095,0.03355074177998182,0.32505666803163763,0.6366201323679207,0.5954383064766764,0.34501385799472056,0.2638024885416898,1.3890620938671545,-0.6346847228976005,-0.14993285384946126,0.11904759955750843,0.600749411603942,0.12560226393772106,-0.9479482933959068,-1.32234860141757,0.47161139053935697,0
-0.48340089077122306,0.20717554051898904,1.0038746524609323,0.3052077222492148,1,0,0,1,0,0,-0.15483044353726144,-0.3024357970927428,-0.3617263482723934,-0.15657776124106768,-0.2255181090975203,-0.11158767293042024,0.477119279886514,1.1209485432832098,0.6494977414606309,-0.12331960978430068,-0.769968918446773,-2.7547094660578653,-0.7900000250383916,0.8387901718686612,0.7368265911774671,0.4702991347486056,0.6121343758005912,-0.04635089545450316,-1.3392924006938196,-2.4288012627900737,0.17466328351479804,-0.8004003504302142,-0.41527989593312276,0.773578805490271,0.9557446760099635,2.4288012627900737,1.339292400693819,0.744458036688388,0.641115017460903,-0.09113678728281299,0.1627557467265941,0.4103980692089227,-1.0016395455655394,-0.7910682597479163,-0.26403600355210183,0.07776919801113909,0.5563823275093027,-0.4070549059059717,1.50136931641021,1.0137203238451828,1.3115202200696365,1.9655466759121307,2.8385513952310224,1.461110804282131,1.2139110595827887,1
0.3904080293748593,-0.6431607365392533,0.27967722576327125,1.0385308760612593,1,0,0,1,0,0,-0.7100636717190902,1.0320426227377981,-0.6687627022894718,0.4394313818446596,0.2556084424433621,0.4541110863745644,0.7789516703008903,-0.620273130643465,-0.05735046382422142,1.1749529343283192,1.5546332039834716,0.5771375964859471,-0.8812366180354201,1.3389771267694266,-0.6374461372061797,0.6135253887579953,1.3483875047601326,1.9162091863782709,0.5873904109192033,0.2045801889163758,0.2547389090422893,0.2127647910494908,0.6949338528384756,-0.25024764447612596,-0.15029399419666017,-0.2045801889163758,-0.587390410919204,1.050835686536495,-0.7097714541928067,-0.46413877257572894,-0.09565426316663046,0.4445346296798359,-0.11949971898598452,-1.2804235184154193,-1.592872065108806,0.20179139169817292,0.5286263352973745,0.5793409677244183,1.0817013615375868,1.3249108366408955,1.1253659607095745,0.09387908442092041,-0.12479618717266176,-0.04195727479570725,1.0283361423219313,0
-0.48340089077122306,-0.5658574386248675,1.0038746524609323,-0.13478617003801185,1,0,0,0,1,0,-0.15483044353726144,-0.3024357970927428,-0.8478672421327675,6.17384944784423,-2.6371570556627075,-5.003875757354556,0.8394376843136895,1.4764031453907265,-0.21062253753516255,-0.9538223550564308,-2.1411945876949297,-2.139972648948912,1.5390718782194628,1.0573926951607149,0.9561215864505344,0.6029649787497503,0.7454230198472618,0.1592574443973213,-0.946287449071263,-1.9801510895363814,-0.11072421209061577,-1.0685880348334122,0.8938497186299686,2.0277011725988445,2.939141728581915,1.9801510895363814,0.946287449071263,0.9672781456688292,0.8662627627365218,-0.03655113089848297,0.279040251178545,0.5810808715634928,-1.0016395455655394,-0.6279498401920818,-0.26403600355210183,0.07776919801113909,-0.22078545442469194,-1.0899443568808573,-0.4601222117987924,0.04124997135858002,0.854596128913119,0.09387908442092041,-1.6064699783745033,-2.213055611241474,0.5953280020465953,0
1.3670179989498932,-0.6431607365392533,-0.15484123025532542,1.0385308760612593,1,0,0,1,0,0,-0.36935237260751347,-0.15125305671978392,-0.6687627022894718,0.4394313818446596,-0.6056371670774016,-0.4559260481595413,-0.6105474292453127,0.48185830053468254,-0.2979296383216678,-0.6037217018938859,-0.3809060457582121,-0.5588325378208017,0.552237469637221,-0.41874907276292445,0.6125418795788924,0.24281914422473555,-0.9277212727812739,-0.4662971551292453,-1.1598770966922176,0.38817105265189955,0.43057192320304605,-0.04773463143951091,0.6512896188445471,-0.104323463068586,0.03994810012007484,-0.38817105265189955,1.159877096692217,-0.5089050763265954,0.340918023760079,-0.555114866549611,-0.354064273059855,-0.6819718658603261,-0.37153966943728567,-0.5463906304141645,-0.04256332662598434,-0.29429738304996345,0.8339422496285867,0.4275877563966659,1.473999667179387,1.6490676208030963,1.4976744794297,0.47455723862252236,-0.20711139779498602,-0.04195727479570725,1.3994859768436472,0
-0.25209852955608386,-0.2051087150244015,-0.4445202009343899,-0.4281154315628296,1,0,0,1,0,0,-0.571255364673633,0.20925963186188729,-0.3617263482723934,-0.17393725084550635,0.39619939409298316,0.29535767961308645,-0.1561221452070528,0.11965697094488781,-0.6037744003710769,0.28512216530666973,-0.06764523272221729,-0.04847225454450402,0.1388811973885174,0.2810021901239604,-0.6933280052334763,-1.4255928962256694,1.4872048621304834,0.6658675137979744,0.9068055190224368,-0.965469047129439,0.4978657207688551,-0.858793723230188,-0.6072035451825908,1.089505232684932,0.7380321421576643,0.965469047129439,-0.9068055190224374,0.7166055230658329,-0.25947596364157,1.619213779426171,0.47284775859846334,1.0931292786272029,2.3063848041077932,0.9216751455883455,0.5111183656893089,1.6280466190990672,0.5841383197212315,-0.7105613285614767,0.42482977999782756,0.028283699992091807,0.46536449570571364,0.8235122133073248,0.28677986593896093,-0.15329565102369538,0.5953280020465953,1
-0.6376024649146498,-0.35971531085317227,0.27967722576327125,-0.13478617003801185,1,0,0,1,0,0,-0.2810198135785862,-0.20591143208539214,-0.09306953850744984,-0.34000970139463615,0.19286792820551132,0.10440639880421025,0.30487233860105084,-0.9832780459135639,0.43214327844011796,-0.5436896763985746,-0.8068525144211981,-2.483622993953333,-0.49245232322964605,0.12134739996331775,-1.59192515484606,0.38824388499499785,-0.728146871863162,-0.48799481613575085,-2.1952438631259974,-1.2101494081044426,-0.3026835159898043,-0.24517569732143724,-0.20060667619072461,0.012471703086545358,0.572515827655434,1.2101494081044426,2.1952438631259974,-0.007559831120602114,-1.535313186870074,-0.4277483349861756,-0.173177266134598,-0.4430159425639276,-0.5605696322757617,-1.3619827281933365,-0.5962450189412776,-0.10826409251941274,-0.4150773999081907,-0.4070549059059717,-0.5878472415426337,-0.5940973255993336,-0.5500223735309933,0.2524949820049213,0.4514102871836102,-0.09762646290970158,-0.3944048900113141,0
0.10770514344524394,-1.158516055968491,0.27967722576327125,1.0385308760612593,0,1,0,1,0,0,-0.7226826087232228,1.1192634344914283,-0.2593808969333673,-0.24337520926326098,1.0767814936039974,1.048877370861228,-0.9957436747796835,1.7282864891563072,0.43145607521643903,-0.6489910202035439,-0.9424592458391823,0.5277581121747252,1.0828352744650909,-0.13663830946630542,1.116434833673948,0.5505406699656918,-0.13711566503645536,-0.11379393467178918,0.5391776954544716,0.1850492459657866,1.2480784300111243,-1.2537075371931459,-0.03657462930923876,0.7407834525677367,1.1141455484270832,-0.1850492459657866,-0.53917769545447225,0.27096530510494976,1.841902992264201,1.746580310989605,1.8295003105378922,1.673450806632741,0.6051151385615076,1.0032343553662626,0.7879592118469556,1.6280466190990672,1.1670141561717275,-1.1658209625447336,0.041654690766301246,0.015317428625603584,0.31305646532020776,0.6014499566897238,-1.1948939252628807,-1.266679413303576,0.5334696962929761,0
0.8016122270906633,0.0010334127472937634,-0.8790386569529866,-0.13478617003801185,1,0,0,1,0,0,0.04707254852885811,-0.40651929911874146,-0.3361399854376369,-0.18261699564772566,-0.3634276836895903,-0.17151149407418936,0.6720860454456511,-0.2716873383686267,-0.963259215948078,0.8195452411642914,0.5339631102515842,1.713991655975011,0.3927277192632058,-0.3738467983107425,-0.9876591606619101,-0.11642748327524764,-0.5407494017836822,-0.45944743580669783,0.7837886966584708,1.5603281057325635,-1.3080953225501581,-0.6165158673798438,1.1998092251078363,-1.6433505984780397,-1.14273919156353,-1.5603281057325635,-0.7837886966584715,-0.14682239923337803,-0.7097714541928067,1.0369667779933252,0.8087807714596554,0.529876030857121,0.7941451013999841,1.5741488238116832,1.2309045656991897,0.6358690696027934,-1.2200011740541141,-0.5588081172337243,0.07814755640739948,0.6895635396829819,-0.07617516788719629,-0.826093121566285,-0.37174181903963527,0.45906541823023866,0.22417816752487937,0
-0.4577006284139859,-0.87507063028241,1.0038746524609323,0.5985369837740325,1,0,0,0,1,0,-0.40720918361991093,-0.11403884370490174,0.6489349837004895,-0.546008978033975,0.8078101550300818,0.33426344408702613,0.87211761678244,0.41897707918239613,-0.9061335691640342,1.212993713430152,0.6987640315641518,1.5609719059862235,0.24915409560894997,0.4696843554812896,-0.40934785718529154,0.43898560161096517,0.43492386132409006,0.2360891900566009,0.9573302853504951,1.179510982546407,-0.7433977019577188,-0.9851348870751518,1.6798531387104854,-1.2074131951091152,-0.6779323206180682,-1.179510982546407,-0.9573302853504958,1.245803281894381,0.340918023760079,2.638146031933649,2.540127837744259,2.663411060289247,1.1722050270769362,1.9003856629233515,1.4523772426253072,1.876091006473136,-0.9424412519348303,-1.2416975682086098,-1.554908181031724,-0.6329961396987983,-1.0238695791747903,-2.0315739432046915,-1.0302635040182315,-0.6543183440496418,-1.5078543935764617,0
-1.1773079744166424,-0.35971531085317227,-0.8790386569529866,-0.4281154315628296,1,0,0,1,0,0,-0.14221150653312897,-0.2954581321524524,-0.6559695208720935,0.468363864518724,-0.8241040516468288,-0.5891894713001622,0.0069742845130339156,1.5011837642902404,-1.3241615557397384,0.061479775358082085,-0.26619037863343514,0.4752375273319323,0.9226956199524587,0.7895492800854347,0.787271845665068,-1.5973966103718293,0.6077096833836773,0.006981205722015023,-0.19575715951429745,0.8423168734713579,0.7792104252976891,-1.2717501756213367,0.20494366528906963,0.5195393091658892,0.35287631776020684,-0.8423168734713579,0.19575715951429676,0.6609004958207222,0.641115017460903,-0.20030810005147043,-0.9742482968035945,-0.71610842633123994,0.8886600828192224,0.02452383803125581,0.12354118106860354,-0.10826409251941274,0.917210226264372,-1.0899443568808573,0.589047675382767,0.6117659114840535,0.8038267854512828,0.15732544345452057,-0.9479482933959068,-0.7099875321636356,0.904619530814692,1
0.13340540580248203,-0.5658574386248675,0.5693561964423357,2.505177183685348,1,0,0,1,0,0,-0.23054406556205628,-0.25533655874578254,-0.041896812837936774,-0.37357138129655093,0.17807456053538448,0.09233219603643587,-0.5916696994015506,-0.6550473978084981,-0.928646906220528,-1.3240861136410556,-1.0493804520518797,-2.373364254088582,0.37943956680398194,-0.2233896463565823,-0.9101936647036981,0.12716760687422102,-1.0155340091852396,-0.4839441596963113,-2.9702629499274287,-0.29111514316954507,0.5995228173357087,-0.012738921526435618,1.3972826115703145,0.7817687769167652,0.8917687022318829,0.29111514316954507,2.970262949927428,-0.6203151308168162,-1.2351161931692491,-1.8196825727865715,-1.4910683165900436,-1.723136960223203,-1.1591645145976028,-1.9328971966387571,-1.0945585420250417,-1.534519319920306,0.8339422496285867,0.27583454506891375,0.890113816921823,1.5583037212376798,1.8530598836625478,-0.5405845059150832,-0.37174181903963527,-0.5429799678216537,1.0283361423219313,1
-0.8175043014153137,-0.978141694168258,0.5693561964423357,0.3052077222492148,1,0,0,0,1,0,0.4634974696652297,-0.5059510245178798,-0.5408308881156891,0.03148337614035112,-0.9433237721154348,-0.4134427421247796,-1.0404169728964259,-1.4177026176067526,1.6165508112935572,-1.1214635760288234,-0.4233974986938416,1.151277542603067,0.8779938888678007,-0.8115244627790866,-1.5192652186371076,0.9657819543262987,-1.0187787026711357,-0.1751572408531089,0.2857518833962749,1.286800017252106,0.6358594460619584,0.42387478989239596,-1.2393613893697208,0.5048214182004245,0.37943053050062064,-1.286800017252106,-0.2857518833962756,-0.8988402670423681,-1.535313186870074,-0.8917264142529749,-0.3153027715758717,-0.6819718658603261,-0.844114576533476,-0.22015379130249568,-0.3747723420151606,-0.9144083514851348,0.8061862574166584,0.6552175733882943,0.6894030558957865,-0.11434528503927678,0.09305597698558829,1.7434844192945298,-1.1125787146405561,-0.7099875321636356,1.0283361423219313,0
0.4932090788038099,-0.2824120129387873,0.5693561964423357,2.9451710759725747,1,0,0,1,0,0,-0.016022136491804253,-0.3838418880627976,-0.6047967952025805,0.26004998926546014,-0.7871816369767712,-0.4961733907187893,-2.2733824729082728,1.5325866416752822,-0.26894505788658696,-1.2956203901520251,-1.543753487017415,-1.4518848247111535,1.3431632699914302,-0.4670061148465915,1.3039521449940683,1.0129631191624522,-0.9124299384010676,-0.8318057889796004,0.14187142235678196,-2.1209040850669507,2.6945666614548283,-0.7972526288612556,1.3855871488112013,0.8455496526029447,1.1948586848606855,2.1209040850669507,-0.14187142235678266,-0.3417899945912644,1.4666567501381707,0.5365982611369737,1.0155087793742343,0.5469443110925782,-0.6865896075014126,1.247911984700014,1.2862727349307197,0.20179139169817292,3.7483214318810676,-0.2553016945782196,2.1491176815396953,2.738234415588092,3.0546010122593183,0.506280418139323,1.1099319721622063,0.1250502895462747,1.770635811365363,0
0.8530127518051386,0.49062096620506923,-1.6032360836506476,-0.8681093238500562,1,0,0,1,0,0,-0.5460174906653681,0.11913145971646949,-0.31055362260288033,-0.18840349218253855,0.4005879247298638,0.23722262924972837,0.059518602814978394,0.9420977732379392,-0.1901598212202962,-0.5554469807863753,-1.0429809189436154,-0.4520161961710706,0.3965544708129056,-0.3410072840361716,0.5384292047776403,0.17631137687342766,-0.17087373699182515,-0.16721044424448547,-0.49837739391320257,-0.12221154853286169,-0.4234925263003409,-0.7536722020684933,0.4371307763532956,0.5809375639896399,1.1926778216910183,0.12221154853286169,0.4983773939132019,-0.09111737198826762,0.9413120111617277,1.137040481364595,1.06719078135288,0.9395147565080901,0.5736101447550955,-0.30171300108041293,-0.09793149585751397,1.1939689411944467,-0.47058938433204756,-0.7864379342253526,-0.3415203984652251,-0.07544647093981212,0.1607484349347019,0.062155904904119784,-0.9479482933959068,-1.0996718489615938,0.038603250264021984,0
0.10770514344524394,0.4133176682906843,-1.168717627632051,0.3052077222492148,1,0,0,1,0,0,-0.43244705762817587,-0.11055001123475654,-0.7199354279589849,1.055693262802232,-0.7142350708974166,-0.9008827797867822,-0.19288935441163477,0.4449398756921744,-0.7230654292341785,-0.1816816449814401,-0.5752326855348037,0.07248450589551021,0.5547789212586163,0.7950574681180139,-0.35524549801576394,-0.25677893678207103,1.18071789407955,1.1745911625831407,1.7556215933338115,-1.6423439002630147,1.0626293970240097,-0.966571084335914,0.7304165967986685,1.4162198336072707,1.8945903184140638,1.6423439002630147,-1.7556215933338122,0.8280155775560533,-0.25947596364157,0.2636699792153276,0.08523274375862654,0.5640125913280355,0.6996301199807459,0.4323198869208419,-0.319404172783631,0.6358690696027934,1.055990187324014,-0.8623145398892288,0.20587258615124074,0.5599008260181015,1.142289075196852,0.2207718024881207,-0.4540570296619595,-1.0996718489615938,0.6571863078002155,0
-0.5605016778429365,-1.132748289997029,-0.15484123025532542,0.5985369837740325,1,0,0,1,0,0,-0.44506599463230834,-0.05821752418257845,-0.5280377066983108,0.028590127872944675,-0.12708478431021292,-0.06686840342014477,-0.7267356697635581,-1.1930912506536033,0.04290274960029413,-0.4271624309445264,-0.03895731950643439,0.7665309248825669,0.6934938684526818,0.1077987136423458,-0.4124339204007073,0.5465249009516201,0.7387948075482488,1.1472289428122595,1.078283513832815,-0.023971702672748577,1.1182548440318656,1.224387936729332,0.49055532284163683,1.3096451705340235,1.1706921959913743,0.023971702672748577,-1.078283513832816,0.2152602778598393,-0.25947596364157,0.46381738595786837,0.6924962670077037,0.9907195972144606,0.3530751881102058,0.2692014673650073,-0.2086678343205727,0.6978801664463103,1.2502821328075124,1.413983630027056,0.5708012425622179,0.754394896515422,1.294597105582359,0.062155904904119784,-1.0302635040182315,-1.1553410370755877,0.8427612250610729,1
0.004904094016293398,-1.158516055968491,-0.15484123025532542,1.0385308760612593,1,0,0,1,0,0,-0.3188766245909836,-0.18614138142123599,-0.2593808969333673,-0.24337520926326098,0.07860457859296482,0.04492977035554388,-1.6769503285180036,0.44364556433918767,0.86847775748495,-1.6200793632493082,-1.558488259484269,-1.158965122021632,1.1123186574243011,-1.101714551022145,-0.5988756584097256,1.4395814275676377,-1.286969788539969,-0.814214506492866,-1.6149417070401957,0.020989325180847843,1.2310200550267278,-1.208857947796457,0.2594023133428306,0.9124854888475199,1.2311890742002747,-0.020989325180847843,1.6149417070401944,-1.038102835155144,-0.5596729573423944,-1.6069330893092284e-4,0.7441782689863493,0.13730558544161034,-1.033144539371952,-0.6279498401920818,0.12354118106860354,0.139780294854656,1.055990187324014,-1.1658209625447336,-0.19554893590083341,-0.03654765684034838,0.3299795798074865,0.12560226393772106,-1.1948939252628807,-1.32234860141757,0.2860364732784985,1
0.72451144001895,-0.87507063028241,-1.168717627632051,0.5985369837740325,1,0,0,0,1,0,-0.7605394197356201,1.476868762681312,0.6489349837004895,-0.546008978033975,1.9496584070845835,1.5577826578881628,-0.05094579335433807,0.8920560837724781,-0.6685054226262958,0.7424334040053646,0.5448485573421078,1.3180752563122404,-0.20243600505267323,-0.9699135779845093,0.07947061373593134,0.3883785308070192,-0.23066231975638557,-0.1785789645763384,0.18286856865026183,1.6163306238481758,-0.8982848531617067,-1.1447630540757638,1.3041522761727022,-1.2317004388182902,-0.8826774103621936,-1.6163306238481758,-0.18286856865026252,-0.9545452942874786,-0.03432821836595151,-0.30947941282012914,-0.06981326217730856,-0.15285517856115927,-0.5605696322757617,-0.05703537174666111,-0.1532996650890431,-0.23228628620644656,-1.0812212129944723,-1.3934507795363622,-1.7373725092372125,-0.9571529238609991,-1.311562525458524,-2.0315739432046915,-1.1948939252628807,-0.6543183440496418,-1.6934293108373202,0
-1.3315095485600683,-0.7977673323680251,-0.15484123025532542,0.5985369837740325,1,0,0,1,0,0,5.031552665161184,-0.7740096526407031,-0.8094876978806327,2.15512760441668,-3.141896989253337,-2.260795765594259,-1.24198393405666,-0.052653515415658395,0.696541329081607,-2.0420742458383203,-1.8196399981921527,1.0300365068657753,2.400128441712647,-1.3343286279719557,-0.3774270279385186,-0.1684369429256867,-1.829338773204878,-1.5875632966658824,0.6912331826893887,0.7192902890320441,0.39376345039200233,-0.30582950882185495,-1.1214582147706724,0.9447695494094382,0.8156745512034245,-0.7192902890320441,-0.6912331826893894,-1.3166279713806959,-0.5596729573423944,-0.7370670544973751,-0.7029177864157086,-1.3134982345722352,-0.5605696322757617,1.4110304042558486,1.1201682272361313,-1.4104971262332722,0.3898463742377325,-0.2553016945782196,0.11464042204849642,-0.4903671546674297,-0.11002139686175369,1.267636726542527,-0.9479482933959068,-0.7656567202776299,0.5334696962929761,0
-0.7404035143436003,-1.1842838219399534,0.27967722576327125,-0.8681093238500562,1,0,0,1,0,0,-0.09173575851659908,-0.34023148218598254,-0.15703544559434116,-0.29140313050220795,-0.057513836208602315,-0.03645930015315746,0.3409508831282636,0.06602188585014968,1.1997407822516708,0.20248122394511814,0.3609276171304242,1.0180781120430853,-0.24923531420368158,0.9962686964003455,0.28108920208201693,-0.19040330010098108,0.9664521051240533,0.6731668139229742,0.7646392799752116,0.6301771912123648,0.5213594401126521,0.19097188176644905,-1.8314227950693787,0.6847782932609409,0.18799279345896117,-0.6301771912123648,-0.7646392799752123,0.8558680911786088,0.19081952690966666,-0.18211288125669506,-0.25070026910256554,0.13730558544161034,-0.024984737566746233,-0.30171300108041293,-0.6516131881728072,-0.35630847989348147,0.3620903820258042,0.04820472807728505,-0.3597668312857729,-1.2035120798242718,-0.9054077777638412,1.0772976494417266,-0.4540570296619595,-0.2089648391376897,-0.08511336124321738,1
-0.894605088487027,-0.2824120129387873,1.7280720791585935,0.3052077222492148,1,0,0,1,0,0,-0.5333985536612357,0.08133577462322976,-0.6943490651242283,0.572520802145356,-0.41489264600104153,-0.379903289992073,-0.22093225655236526,0.4088407285764902,-0.278458084011787,0.3424819333907179,-0.08970423985609174,-0.12190438704366771,-0.23179634017464865,1.5941270770198142,0.38463315465416226,-0.6115933366811961,2.1505018378942133,1.3571831409923696,0.5516412599819246,-0.7133741297612541,1.9000446731552945,-0.17582967990111556,-0.23393079228291394,1.6697298134637417,1.441645088079337,0.7133741297612541,-0.5516412599819253,1.8307060679680403,0.641115017460903,0.7731361054690666,0.3048812521678669,1.195538960039945,0.9201650766256344,-0.22015379130249568,-0.4855086804782194,1.3179911348814817,0.77843026520473,-0.7864379342253526,-2.0201922179557195,-1.7999605626827215,-1.2100238385348534,-1.1433249167342867,-1.0302635040182315,-1.378017789531564,-1.7552876165909395,0
0.44180855408933456,0.1298722426046032,-0.4445202009343899,0.5985369837740325,1,0,0,1,0,0,-0.7353015457273552,1.1279855156667913,-0.24658771551598904,-0.25147630441199903,1.168174353873405,1.061845959019208,-0.44280505314350166,0.7604828179727358,0.17751552030037962,0.5807615424279007,0.870025077801333,2.003268793947254,-0.2471836779284343,-1.096587834100621,0.20520332996158783,0.3506330385343506,-0.04281971141074223,0.6653963065606974,-0.088318892712161,2.819813309067333,-0.479966437666827,-0.8382183426282837,0.10968272574994423,-0.8270306690611376,-0.4814452269852964,-2.8198133090673334,0.0883188927121603,-0.8152827261747027,0.8662627627365218,1.937630108334758,1.8682618120218755,1.7587922078100258,1.8023049032051899,0.02452383803125581,0.06817301183707392,2.3721797812212735,-0.7759052986632599,-1.1658209625447336,-1.7008796435961144,-1.3980061503215924,-1.5654092427677009,-1.175048096251087,-1.9357308208638015,-1.1553410370755877,-1.5078543935764617,0
-0.04649643069818187,-0.10203765113855341,-0.8790386569529866,1.0385308760612593,1,0,0,1,0,0,-0.36935237260751347,-0.15997513789514695,-0.7966945164632545,1.9815327083722936,-1.3288285416039172,-1.6544024710349237,-0.4591723425361796,-1.5397484741074652,-0.051770203549286485,-0.6532735302124476,-0.2703677144213209,0.21684640224842136,0.13375955297655798,0.04237377381433695,-1.105115292147162,-0.49486871519994413,0.26794051532995466,0.6933992489869119,0.5444209881177442,-0.2441974779926877,0.680829695311047,1.006272862866543,-0.4265237312550253,1.1482156220458233,1.028460677690195,0.2441974779926877,-0.544420988117745,0.15955525061472892,-0.9349191994684248,0.5002078235474204,0.14983524623193267,0.2567835470898098,1.3297299961089997,-0.38327221085833024,-0.6516131881728072,0.7598912632898273,0.6396503041450882,0.9587239960437993,0.05077790717657645,-0.17917664187171697,0.27921023634565156,0.6014499566897238,-0.7010026615289333,-0.8769950965056176,0.6571863078002155,0
0.5189093411610479,-0.978141694168258,-1.6032360836506476,0.3052077222492148,1,0,0,0,1,0,-0.7100636717190902,1.0901898305735516,-0.5408308881156891,0.03148337614035112,0.5918732820097946,0.8141012059322817,-1.0935648385537005,-0.8363566486708456,1.5136013204636822,-0.38974012389197954,-0.2403270779946412,0.6049069054156506,0.5470028379394228,-0.9401864175113117,-1.0200319013352073,1.10096107601298,-0.06097588629395086,0.2803512261524238,0.08301123374971872,0.7426913412446393,0.5812053378300289,0.1260801810616818,-0.9627840059066066,0.46605111837196156,0.5861453780428352,-0.7426913412446393,-0.08301123374971872,-0.9266927806649233,-1.009968447893631,-0.30038180342274146,0.29196075167320634,0.2567835470898098,-0.8756195703398886,-0.30171300108041293,-0.3747723420151606,-0.10826409251941274,0.7506742729928018,0.35171115073279,0.6894030558957865,0.04124997135858002,0.22844089288381547,1.7117612397777302,-0.8656330827735822,-0.6543183440496418,1.0901944480755505,1
0.15910566815972013,0.026801178718756015,-0.8790386569529866,0.5985369837740325,1,0,0,1,0,0,-0.3062576875868511,-0.18904874181302367,-0.11865590134220637,-0.315706415948422,0.20117437479199465,0.09859289376787443,0.26696625622902037,0.21321378270775523,0.11469807457220811,-0.045938369656812555,0.22096601467900479,0.7888882335060095,0.6172843494892254,-0.4492599767900171,0.3784827129774628,-0.9508961050325394,-0.5690120537789757,-0.4745610100538644,-0.22931895624632825,1.303385209184222,-0.820118353305435,0.08651306520305531,-1.1123549918353761,-0.5021628385265086,-0.7505831016182389,-1.303385209184222,0.22931895624632756,-0.5089050763265954,0.19081952690966666,-0.4186507255887879,-0.8192022908676594,-0.972132629863095,0.4475901695294441,0.10608304780917345,0.2342775195316623,-0.6663639641110671,-0.7203933142394032,0.19995793940503753,0.36096726512590627,-0.2958730841701091,-0.4654068010946016,0.886958572340925,-0.7010026615289333,-0.15329565102369538,0.10046155601764112,0
-0.38059984134227254,0.49062096620506923,1.4383931084795292,-0.8681093238500562,1,0,0,1,0,0,-0.7479204827314877,1.343130184659079,-0.31055362260288033,-0.18840349218253855,1.1836639428220217,1.178563252441027,0.256158873146468,0.3712781984729935,-0.7336003489719981,0.25202838233169567,-0.1890430675454687,0.3882374434950125,0.3767441110256531,0.2556324409460239,-0.6112235234463215,-0.2758825748815544,0.9722270239591291,1.125447281693268,0.6190712565440033,-0.08447776675232606,-0.10077022574043142,-1.1219012871706315,0.7256208710600225,0.6235695894591654,1.3445454664100858,0.08447776675232606,-0.619071256544004,0.15955525061472892,-0.6347222057676005,-0.2548937564358004,-0.354064273059855,0.03489590402886805,0.41608517572303205,-0.30171300108041293,-0.5962450189412776,0.20179139169817292,-0.24854144663662048,-1.1658209625447336,-0.615216890773458,-0.17917664187171697,0.0761328624983096,-0.28679906978068154,-1.1125787146405561,-1.266679413303576,-0.2706882785040748,1
0.2105061928741954,0.4133176682906843,0.27967722576327125,0.3052077222492148,1,0,0,1,0,0,-0.3945902466157784,-0.1338088943690579,-0.7199354279589849,1.055693262802232,-0.773224707992816,-0.9187704875908923,-0.6761468428657629,0.27782888686862806,-1.0318468550554114,-0.5352022533481567,-0.9436952871771691,-0.20422627239818136,1.1782070748521007,0.24100633341276909,-0.5520289486872627,-0.4754609596612595,0.7612803834939686,0.9547767471373599,1.9784005630035764,-2.2406938684972246,1.181009332898992,-0.9343393487473274,0.9327768067555965,1.4778963126551747,2.159003753082195,2.2406938684972246,-1.978400563003577,0.6609004958207222,-0.10937746679115769,1.5828233418366175,1.0413497803635572,1.349153482159058,2.0858498474629035,1.9003856629233515,0.8986955503100138,1.5040244254120325,1.1115021717478706,-0.8623145398892288,0.05990112358685037,0.533968283285125,1.142289075196852,0.12560226393772106,-0.4540570296619595,-1.266679413303576,0.47161139053935697,1
-0.8175043014153137,1.289421711320388,0.27967722576327125,1.0385308760612593,1,0,0,1,0,0,-0.81101516775215,3.3375794134254213,-0.6431763394547153,0.45679087144909825,1.3974566944978608,2.213814341603904,-2.0270836386224724,-0.7104613916256017,1.8151180621844543,-0.9183551938121377,0.5516677282148115,0.5133635189482557,-0.3279416039146167,-1.0623055027997244,-0.6875187925882296,1.6743614173381882,-0.3036535994392377,0.7465830426651281,1.8335036721614553,-1.1182800073149486,1.7572660025579823,0.286389322676756,-0.7987554481958173,0.9395409082113176,0.011697965425532383,1.1182800073149486,-1.833503672161456,-0.8152827261747027,-0.25947596364157,1.5919209512340051,2.398002332302986,2.117226092754623,0.4475901695294441,1.5741488238116832,0.6772228733838963,1.752068812786101,1.63886602377451,0.27583454506891375,0.03253147435602734,-0.38663698373552574,-0.008482709938082702,0.09387908442092041,0.6983559190505837,0.18071947766026855,-0.20882997275045564,1
0.72451144001895,-0.5658574386248675,-0.4445202009343899,-0.13478617003801185,0,1,0,0,1,0,-0.6848257977108253,0.671529934156127,-0.8478672421327675,6.359017336958242,-1.6470572623246933,-4.397929655490323,-0.2531201773726951,0.6762628507674064,-0.6138376271067791,-1.3608435053065462,-1.6972228778799758,-0.6122802995803035,1.3082211385896094,-0.28809395201939114,-0.4097332559856991,0.11177553793415175,-0.22541895595044367,0.28016692859477,-0.1227108960387,-0.7133741297612541,0.06410968591475315,-1.3386537670242757,0.9514602359692411,1.6148902033456565,2.48000134007685,0.7133741297612541,0.1227108960386993,-0.06326485836571254,-0.10937746679115769,1.0005763404037717,0.9121447754169449,0.76883195415352,1.0776900456576979,-0.13859458152457876,-0.09793149585751397,1.13195784435093,-0.05424950115312168,-1.317574173872486,-0.40538291333714505,0.11904759955750843,0.7699805564767266,-0.033013633646279864,-1.853415610241477,-2.213055611241474,0.40975308478573785,1
0.004904094016293398,-0.87507063028241,-0.15484123025532542,0.5985369837740325,1,0,0,0,1,0,-0.3188766245909836,-0.18614138142123599,0.6489349837004895,-0.546008978033975,0.684573073262055,0.2788115498942845,-0.11942677911458487,0.23156981975176377,-0.11835962630956783,-0.1547278820082534,-0.00899977033819495,0.24919327438395655,0.1342479226498552,-1.1117456942006336,-0.686119370492111,1.5912943288249755,-1.3015123860302469,-0.8239266602716833,-0.958568853809468,1.2905668235553318,-0.9447773548163579,-1.0051761683379234,1.7608989108651927,-1.081530016447473,-0.7927038772311048,-1.2905668235553318,0.9585688538094672,-1.0102503215325889,-0.5596729573423944,0.33645085439443295,1.1447137843208466,0.47867119015075044,-0.9701345517591269,0.02452383803125581,0.5664865349208381,0.3258135853852078,-1.0812212129944723,-1.2416975682086098,-1.481922449749529,-0.5292659687668935,-0.8884846632765624,-2.221913020305493,-1.0302635040182315,-0.5986491559356475,-1.569712699330082,1
-0.7404035143436003,-0.7977673323680251,0.27967722576327125,0.5985369837740325,1,0,0,1,0,0,-0.09173575851659908,-0.34023148218598254,-0.8094876978806327,2.15512760441668,-1.7828838229173347,-1.927190015047604,0.5915543330068967,0.4436899296346084,0.3727024735462241,0.03647945857855332,-0.07607264151391496,0.7501669330641003,0.08386163666714808,1.0731189602811562,0.41770453410730307,-0.3211066863060315,1.056587662617491,0.7327419840608139,0.09517567272851181,0.92874415142872635,0.249677120862717,-0.19053112008526027,-0.8321780192712479,0.9984128446094467,0.8142780904795266,-0.92874415142872635,-0.09517567272851252,0.8001630639334981,0.19081952690966666,-0.50962681956267,-0.5866332819637576,-0.1699234587966153,-0.15100471279239655,-0.9541866793037505,-1.0945585420250417,-0.4803306735805153,0.22331042096616224,-0.17942508891434333,0.0051618251252043045,-0.4255357978349895,-0.025405824425361403,0.8552353928241243,-1.1125787146405561,-0.8769950965056176,0.40975308478573785,0
0.13340540580248203,-0.2824120129387873,0.5693561964423357,0.3052077222492148,1,0,0,1,0,0,-0.23054406556205628,-0.25533655874578254,-0.6943490651242283,0.572520802145356,-0.8711756017160585,-0.638827860456568,-1.710068875299723,-0.6872437775238037,0.2622273942372456,-1.6602619038033042,-1.2373821335591173,-2.3114440323168335,0.017268891915096136,-0.33312076646743505,-1.1165720241056831,0.22961464364418527,-0.5887823797593529,-0.4112602696963868,-2.4593565128181054,-0.7133741297612556,2.0450420539842704,-0.17529368989440208,-0.12773305968143223,1.6590801918199667,1.20714176756868,0.7133741297612556,2.459356512818104,-0.6203151308168162,-1.3101654415944555,-1.446680587493655,-1.1292943027395286,-1.262293393865864,-1.1591645145976028,-1.7697787770829225,-1.0945585420250417,-1.2864749325462383,1.0004782029001573,-0.7105613285614767,-1.7738653748783102,-1.553601406719449,-0.9561771212256767,-1.206771275767887,-0.8656330827735822,-1.211010225189582,-1.5078543935764617,0
0.5189093411610479,-0.10203765113855341,-1.6032360836506476,1.0385308760612593,1,0,0,1,0,0,-0.7100636717190902,1.0901898305735516,-0.7966945164632545,1.9815327083722936,-0.4675829320831562,-0.6929381765640014,-1.4658327878185842,-1.0716534789321503,1.1998477710004294,-1.071159163803648,-0.6240396440762478,-0.15480521353937832,0.5382069404144327,-0.9431327170074,-1.1433746575659143,1.0727009874484619,-0.12028982924988298,0.4146630205310934,0.07195265285990604,-0.28249761283093816,1.0959090755482048,0.3254703993876567,-0.5622710565990031,1.3277895892970275,1.2161198321832698,0.28249761283093816,-0.07195265285990675,-1.0659553487776992,-1.3101654415944555,-1.3375092747249961,-0.6770767854263857,-0.6819718658603261,-1.348194477436079,-0.709509049969999,-0.8177176958673952,-1.1004416420156866,0.6674062963570164,-0.02767187758659086,-0.8889133830816909,-1.0090180093269512,-0.4992530300691578,0.030432725387320277,-0.9479482933959068,-1.1553410370755877,-0.332546584257695,0
0.2105061928741954,-0.3854830768246345,0.27967722576327125,1.478524768348486,1,0,0,1,0,0,-0.3945902466157784,-0.1338088943690579,-0.7711081536284979,1.3392315930080632,-1.0707561904610863,-1.1378949081912422,0.10193217802047391,0.15896029884116636,-0.07530927420035496,-0.024802481825988376,-0.19501005787721698,1.2342055792049318,1.1569588134969757,0.3961409052799484,-0.28567140573057914,-0.3246411780381172,0.949608591855078,0.9491024169724046,2.3361970900489526,-0.6337026228571595,0.25408015012801166,-0.504357341888449,-0.22328277494494422,0.9751221772037856,1.1801364084234387,0.6337026228571595,-2.336197090048953,0.605195468575612,-0.03432821836595151,0.8095265430586199,0.49868875958778525,0.8883099158017184,1.140700033270523,2.2266225020350205,1.009431888773073,0.6358690696027934,0.05677446769459199,-0.6346847228976005,-0.6060936743631827,-0.62002986833231,-0.2284831982727022,0.15732544345452057,-0.6186874509066087,-0.9326642846196119,-0.1469716669968365,1
-0.8175043014153137,-0.5658574386248675,0.27967722576327125,-0.13478617003801185,1,0,0,1,0,0,-0.81101516775215,3.3375794134254213,-0.46407179961141953,-0.055314071881842175,1.7929324036126122,2.6095798767698417,-0.6606758484970605,-0.22343690604795674,0.6993738334676234,-0.6337895700059798,-0.1253054458289901,0.5640285636933747,0.3735890892679212,-0.9261332790656346,-0.6854248889735592,1.6164783028587568,-0.04402439057643259,1.1621084279432714,2.3597339345103774,-1.571087696275664,-0.00669561017829884,-0.37996944137699934,0.668337342287462,0.8125549882941425,1.2974759103671434,1.571087696275664,-2.3597339345103783,-0.7874302125521474,-0.4846237089171882,0.6457695739056325,1.4548057961927168,1.3662217623945152,0.1010352376589052,1.3294711944779316,0.2342775195316623,0.8219023601333442,0.1400424443303771,-0.17942508891434333,0.6346637574341392,0.9099901529132779,1.2269046476332444,0.47455723862252236,0.36909507656128593,-0.32030321536567735,0.7809029193074537,1
0.72451144001895,0.0010334127472937634,-0.4445202009343899,-0.13478617003801185,0,1,0,1,0,0,-0.6848257977108253,0.671529934156127,-0.3361399854376369,-0.18261699564772566,0.797502401739376,0.6575837626463177,0.6639732281776269,0.048475259169613295,-1.0373436357285222,0.7419432334793721,0.8659577750546351,-0.47214381600596556,-1.2973183869551297,-0.029878692662390564,-0.7371933145107152,0.26029526971947586,-0.06707895140066933,0.5259189643269614,-1.31232147264129,0.6575966059261134,-0.9531253743398312,-0.8050378938096969,1.6796551445463561,-1.0688317822028819,-0.6123300118438629,-0.6575966059261134,1.312321472641289,0.02029268250195297,-0.6347222057676005,0.22727954162577424,0.33072225315718967,0.2909201075607231,0.4790951633358572,-1.3619827281933365,-1.0391903727935126,0.5738579727592754,-0.9146852597229018,-0.7864379342253526,-0.14080963743918734,0.7284623537824456,0.2115177783965368,-1.3019408143182878,0.03983423407198747,0.4033962301162448,-0.1469716669968365,0
-0.8175043014153137,0.20717554051898904,0.27967722576327125,0.3052077222492148,1,0,0,1,0,0,-0.81101516775215,3.3375794134254213,-0.4128990739419065,-0.1305385268344097,1.872821483587348,2.6677149271331997,-0.866043850502481,-0.6113694891829653,1.4331573431717903,-0.6914449480878492,0.22909676452794095,0.043659575070729484,-0.5050834273230874,-0.8545247861245225,-1.0325377174434225,1.6359458250037924,-0.09760479825095314,1.09277507067494,2.3942546397204665,-2.3150461478677395,0.35042395823133127,-0.1952498081443636,-0.31520631505614016,0.8373142694018771,0.7690451509834085,2.3150461478677395,-2.394254639720467,-0.7874302125521474,-0.9349191994684248,0.13630344765189217,0.9767472778902511,0.8883099158017184,-0.2770246880180474,1.0847935651441794,0.012804842605544792,0.20179139169817292,0.6118943119331598,0.12408133374116129,1.0178388466656656,0.6765972683164937,1.0069041592986248,1.2041903675089267,2.180029710252426,0.9600881112561845,0.6571863078002155,1
0.004904094016293398,-0.7977673323680251,-0.15484123025532542,0.5985369837740325,1,0,0,1,0,0,-0.3188766245909836,-0.18614138142123599,-0.8094876978806327,2.15512760441668,-1.5432937290021664,-1.808683950845374,-0.9434576104386638,-0.20405986491947506,2.0450054359541245,-1.7599927801291,-1.1808853705069706,-0.698171227236665,0.8527114158719094,-0.9678249969754033,-0.70777877338673,1.9566207713280563,-1.2175199341144425,-0.562146628914816,-1.0923365864985648,0.13114384342216406,0.344861440175918,-0.4289586691182097,-0.8293757596400753,1.1703647754039248,0.9863820464874761,-0.13114384342216406,1.0923365864985641,-0.8988402670423681,-0.6347222057676005,0.10901061945972781,1.1188727833315248,0.4957394703862077,-1.222174502210428,-0.30171300108041293,0.2342775195316623,0.07776919801113909,0.3065783976019474,-0.4070549059059717,-0.013084607695344815,-0.4385020692014777,0.025363519036474696,0.886958572340925,-0.7833178721512579,-0.8213259083916238,0.2860364732784985,0
0.6731109153044746,-0.8235350983394863,-0.15484123025532542,0.3052077222492148,1,0,0,1,0,0,-0.7983962307480176,3.0991758612988325,-0.8350740607153893,3.323999904448883,-0.27820839517963436,-0.18537446762237475,1.4676501003452116,-0.5784374779248009,-0.9579875273254819,0.8435687117035845,0.26458814762507854,-1.0689304746132429,-0.884859924727219,1.255779273954112,-1.6569513803727896,0.10385177074470796,1.2350717033541785,1.43318401142112,0.9153149533513734,-2.365691903380986,-0.7860433369556296,-0.865973927234082,1.4139620567979156,0.08506905221691229,1.0552476901468224,2.365691903380986,-0.915314953351374,1.4407708772522676,-1.4602639384448675,0.6730624020977969,0.6278937645343975,1.1443341193335734,0.8571550890128092,-0.30171300108041293,-0.7069813574043363,1.2559800380379649,-0.7759052986632599,-0.8623145398892288,-0.23204180154193166,0.5080357405521495,0.5161338391675497,-0.4771381468814831,1.0276167615398821,-0.04195727479570725,-0.1469716669968365,1
-0.7918040390580765,0.6709953280053031,0.5693561964423357,-0.13478617003801185,1,0,0,1,0,0,-0.785777293743885,2.1630058151432023,-0.822280879298011,3.086753546521555,-0.2006745132716574,-0.7220057017456804,-0.7552315562810339,0.941524161651015,-0.6356541757579446,-0.0694715983401079,-0.38322157178805716,-0.9597838066326674,0.41195290111016103,0.27051302896749363,-0.22778972290406527,-0.7951823307224727,1.3690159622094364,1.1530957971415126,0.2181716668474219,-1.525410642437618,1.3204612945697973,-1.520466203558089,0.06987899751759753,1.4513444408736673,1.6239804259933868,1.525410642437618,-0.2181716668474226,0.1317027369921738,-0.3345252120667762,-0.4004555067940112,-0.7287587874050313,-0.20406001926752979,0.5421051509486824,-0.709509049969999,-0.8730858650989243,-0.10826409251941274,1.5278420549267964,-1.317574173872486,0.7532655707677065,0.6765972683164937,1.2776739910950803,1.0138512904081252,-0.37174181903963527,-0.9883334727336057,1.2139110595827887,1
-0.9460056132015023,-0.7462318004251005,-0.4445202009343899,0.3052077222492148,1,0,0,1,0,0,0.097548296545388,-0.4280337660179702,-0.23379453409861076,-0.27520094020473185,-0.2826713082567861,-0.11650679257655054,-1.2406516024028493,-1.3116748381615226,0.2642209788539585,-1.6138518736015262,-1.0192803623849365,-0.8416291541209285,1.0174730824747977,-0.60789842447621,-1.4911106300885573,0.08094174821871787,-1.2568916463806714,-0.7398379164442291,-0.8251557858999272,-0.3295023237687909,1.1177513108617783,0.3065529838841871,-0.2798602785811774,0.9338975229880567,0.6028066636979886,0.32950232376879157,0.8251557858999266,-0.7595776989295921,-1.535313186870074,-1.0554833834059623,-0.8579637923516437,-1.2452251136304073,-0.6235796198885869,-0.22015379130249568,0.17890935030013266,-0.9144083514851348,0.8616982418405155,0.12408133374116129,-0.43275256256796935,-0.5033334260339178,-0.1269445113490324,-0.15990635171348128,-0.6186874509066087,-0.8213259083916238,-0.45626319576493324,1
-0.48340089077122306,0.33601437037629844,1.0038746524609323,-0.13478617003801185,1,0,0,1,0,0,-0.29363875058271866,-0.2239370665144757,2.4911531078029596,-0.7103454796226609,1.1783018945146844,0.3767467501217878,1.6130752288240535,0.5834693391670405,1.2739465334514435,1.1298822560193573,1.0500292906043651,-0.43492648127367056,-1.3238255664824954,1.5222563977134547,0.7193881658052476,0.9203060238054723,0.8999140804439852,0.6564648627159049,-0.5532824974487066,-0.04444900248725973,-0.7219997158894369,-0.08016270681094224,-0.8167087887397135,-0.6340586364275421,-0.7241793360591918,0.04444900248725973,0.553282497448706,1.5521809317424884,0.7912135143113154,0.3091580262022686,0.7570987694810098,1.1272658390981163,-0.7495995951142377,-0.46483142063624716,-0.26403600355210183,0.5118468759157585,-0.5816133531797613,0.12408133374116129,0.6346637574341392,0.08014878545804377,-0.1777138548108673,0.9504049313745251,1.6038232358961542,1.739456744852101,0.7190446135538346,1
0.46750881644657266,-1.776942439283576,-0.15484123025532542,-0.13478617003801185,1,0,0,1,0,0,1.3846798709669002,-0.6472487395587606,1.7619417670123987,-0.6686827045720081,0.08910439488298319,0.01899259403958411,-0.36545104311733906,1.5815052301608914,0.24408356695563774,-0.9551848714594809,-1.0851641668706833,0.9437904836836959,1.8359324981896812,-1.139387567879017,1.5304486112507638,0.029680572816813522,-2.1871609984747007,-2.2453214791796596,-0.4157307643808121,1.699534365048511,-0.6302940613110859,-0.6374957390170743,-0.303844299578885,-0.8783582685340111,-0.7813528441594876,-1.699534365048512,0.41573076438081064,-1.223786259305512,0.6911478497443743,-1.4042250769725098,-1.1766694712199532,-1.8255466416359454,-1.4532111234574547,0.4595062901801475,0.7510470990259361,-2.1339599227409716,-0.6556293324115703,-0.6852691266735177,-0.350643614875499,-0.4471462501124692,-0.7418176710534824,-0.11760877902441451,-0.7558794686104828,0.013711913318286572,-0.04387449074080463,1
-0.4577006284139859,1.5213316050635446,1.0038746524609323,-1.8947617391869185,1,0,0,1,0,0,-0.3945902466157784,-0.11985356448847709,0.25234635976176334,-0.4511104348630436,0.5881009097520806,0.25645191513914684,1.0569213397373363,-0.0844119789032167,-0.5835489803651231,1.484059565889917,0.8043449209265245,0.589424539171782,-0.558390960502983,0.3385456180094828,-0.4112330040321163,0.38258369103903805,0.29058094191734657,0.12018890224247278,0.5622164056415804,0.2463053852199044,-1.131404058669134,-0.2961061057380582,1.1821907184294118,-1.7167336421079455,-0.9283467206049739,-0.24630538521990367,-0.562216405641581,1.1622457410267157,0.41596727218528484,2.920171923252684,2.7468558456588394,2.782889021937446,1.424244977528238,1.8188264531454346,1.6184817503198954,2.2481575875342377,-1.0812212129944723,-0.3311783002420958,-0.17730250308028428,0.4432043837197094,-0.3130987707090945,-0.6992004034990842,0.7806711296729086,1.0157572993701793,-0.20882997275045564,1
-0.27779879191332196,0.6967630939767645,0.27967722576327125,0.3052077222492148,1,0,0,1,0,0,0.45087853266109723,-0.4954845271074442,-0.15703544559434116,-0.28677393327435763,-0.4178780350519198,-0.15943729130641499,0.22856992385791683,1.0801941070909395,-1.0749186201247214,1.2596533386011597,0.07751153833296494,1.218008608672872,1.1344025850824802,-0.934398073422671,0.47657676717134473,-0.590679725593667,-0.016410371640558585,-1.0457728438481377,0.3775187037626116,1.286800017252106,-1.2514715884205705,-1.0051761683379241,0.8758736044113719,-1.717982638001098,-1.1217624348848303,-1.286800017252106,-0.3775187037626123,-0.7595776989295921,0.7912135143113154,0.9186978558272787,0.4340862571144791,0.4103980692089227,0.1325402314653172,1.4925896140337656,1.397009073393778,0.015758101167622184,-1.2755131584779709,-1.1658209625447336,-1.1078705769282764,-0.5551985114998699,-1.1423313805857394,-1.238494455284687,-1.1125787146405561,-0.7099875321636356,-1.2604211705619852,0
-0.8432045637725518,0.18140777454752677,-0.15484123025532542,-1.6014324776621007,1,0,0,1,0,0,-0.40720918361991093,-0.11927209241011955,1.0839031518913507,-0.6044525930355851,0.974483229978076,0.37540517203647955,0.6616407504460181,-0.19345158811772867,-0.5946554764680245,1.1087951299786405,1.5014579700993516,-0.4725516044057173,-2.721789770016077,-0.7917128626004368,-0.06970949669719886,-0.20951773305018237,-0.651850559905614,-0.14013557677512514,-0.5566704711695901,-0.09240503183227083,-1.7110977334591086,0.19568493227706416,0.6023688415058894,-2.1442745439948054,-2.08878401202602,0.09240503183227083,0.5566704711695893,-0.7317251853070371,-0.03432821836595151,0.10901061945972781,-0.018131260198663828,-0.27233314020935756,0.6051151385615076,-0.7910682597479163,-0.6516131881728072,-0.29429738304996345,-1.5411776553635712,0.7961312696212074,1.74769615948762,1.862084936109686,0.6442659917140859,0.09387908442092041,3.908649133321241,4.228664727663548,1.3111169686241912,1
0.18480593051695732,0.6452275620338409,-0.15484123025532542,-0.8681093238500562,1,0,0,1,0,0,0.2363566035908452,-0.449548232917199,0.6489349837004895,-0.5355932842713117,0.2046368966521532,0.06818379050088712,0.5875424473184008,0.9070654672991177,-1.9350933469017877,0.8968977027490481,0.31264806112910276,0.1973543137395645,-0.19879022746582803,-0.524012528379042,-0.5432705392943931,-0.5013753345658614,-0.17002760617141655,0.030887693267227626,0.06512235289855199,0.2045801889163758,-1.3405792194702686,-1.7892123204375028,2.1415035724398517,-1.380247397163479,-0.3763019710345303,-0.2045801889163758,-0.0651223528985527,-0.48105256270404034,-0.4846237089171882,0.09081540066495114,-0.18609776662925942,-0.23819657973844427,0.6681251261743327,-0.05703537174666111,-0.09793149585751397,0.015758101167622184,-1.2755131584779709,-1.6969572021918669,-0.23204180154193166,0.8710913388138142,0.19459466390925928,-1.238494455284687,-0.12479618717266176,-0.04195727479570725,-0.3944048900113141,0
-0.8689048261297889,-0.6173929705677911,-0.15484123025532542,0.3052077222492148,1,0,0,1,0,0,0.12278617055365294,-0.4326855426448305,-0.2721740783507456,-0.23411681480756036,-0.34181563391063907,-0.15183501548966816,-0.6307369738349158,2.067868831573414,-0.8556669771054309,0.22745644158435016,-0.31681262371345903,0.7214391960895843,0.7085401940729611,-1.0009812204949597,1.3457786842943305,-0.784049877368708,-0.616730712006645,-0.900134954712159,-1.175091701728231,2.149398660691012,-0.1231135253588161,-1.4900433243623752,0.38183090944291126,-0.918818595206286,-0.46693465919194,-2.1493986606910114,1.1750917017282303,-0.9823978079100336,1.0914105080121401,-0.30947941282012914,-0.6512357844370638,-0.8355863879794388,0.038025250046078915,-0.38327221085833024,0.17890935030013266,-0.35630847989348147,-0.24854144663662048,-1.4693273852002382,-0.5331079430809875,-0.2699405414371327,-0.6007917169928287,-0.4771381468814831,-1.3595243465075295,-0.5986491559356475,-0.08511336124321738,0
0.72451144001895,-0.46278637473902035,-1.168717627632051,-0.8681093238500562,1,0,0,1,0,0,-0.6974447347149578,0.901211405107353,0.047655457083711085,-0.41118360877283466,1.2162451321735646,1.010865991777494,-0.7367992847409245,-0.21597551917376448,0.24046312404091563,0.20900202571387458,0.43939681349068255,1.4540952072870046,-0.5297738018713569,-0.9399568622715964,-4.7386618094873894e-4,0.5967138706349328,-0.07812478167757775,-0.07969389141698198,0.30418285154596364,1.6815275852364984,0.08534351950760949,0.2959584692810212,0.2709187469955309,-0.3598154492324952,-0.64904295123212,-1.6815275852364993,-0.30418285154596436,-0.8988402670423681,-0.03432821836595151,-0.09113678728281299,0.22735824919990022,0.18851042614798086,-0.6235796198885869,-0.05703537174666111,-0.2086678343205727,-0.046252995675895824,-0.3040534310604773,-0.2553016945782196,-1.4454295841084306,-1.112748180258855,-1.159254495073018,-1.5240030709358887,-0.8656330827735822,-0.15329565102369538,-1.198562864808365,0
1.3670179989498932,-0.9523739281967958,-0.15484123025532542,-0.4281154315628296,1,0,0,1,0,0,-0.36935237260751347,-0.14543833593620858,0.08603500133584588,-0.4233352514959417,0.444982979346884,0.21531018718969339,-0.009312557159499035,1.115985705037253,0.5773035459039468,0.37878363997769243,0.09331518562557213,-0.16112360351608784,-0.3174384243776087,-0.44684596094180534,0.18282451782372355,0.7896714556223715,-0.9203855650718497,-0.529384455697151,-1.244018473027745,1.0140489972048288,-0.43353388172463553,-1.3485758145904154,0.004350370241657365,-1.4243508317853206,-0.6381551961790608,-1.0140489972048288,1.2440184730277444,-0.5367575899491508,-0.03432821836595151,-0.5733100853443877,-0.10857476366129187,-0.4600842227993849,-0.8756195703398886,-0.709509049969999,-0.2086678343205727,-0.4803306735805153,-0.6648813298155464,-1.4693273852002382,-1.2994581215440402,-1.0997819088923677,-1.4977167848185873,-0.5723076854318833,-0.6186874509066087,-0.2089648391376897,-1.198562864808365,1
-0.25209852955608386,-0.4885541407104817,0.27967722576327125,1.0385308760612593,1,0,0,1,0,0,-0.6722068607066928,0.6250121678875242,-0.31055362260288033,-0.22022922312400942,0.7761645723609044,0.6508758722197764,0.16052779890126548,-0.8623544404124294,-0.6414556607269813,0.49073666831325424,0.5175353884373013,1.3699946075671647,-0.08178397485852193,1.9913055217344093,-0.4554986653477984,-0.21834710195389795,1.58922425408665,1.189410948695067,0.8615353283924961,1.0140489972048288,1.7664712024276472,0.7272999690581459,0.6574735969561937,0.9128939869707033,0.4884069395805001,-1.0140489972048288,-0.8615353283924969,1.050835686536495,-0.8598699510432187,-1.6104375566466425,-1.4523068151060594,-0.8867912286858101,-1.0016395455655394,-0.709509049969999,-1.0945585420250417,-1.3484860293897554,1.6943780081983673,0.7310941790521709,0.13288685486904556,0.45617065508619664,0.8207498999385615,-0.7626467625326843,-0.6186874509066087,-0.2089648391376897,0.47161139053935697,0
0.46750881644657266,-0.2824120129387873,-0.15484123025532542,0.3052077222492148,1,0,0,0,1,0,1.3846798709669002,-0.6472487395587606,0.27793272259651985,-0.4632620775861506,-0.4601446929701222,-0.13976081272189378,-0.646138265085224,0.9992416005659678,-0.06987225816815155,-0.9506657572438877,-1.0459129150589435,-0.5270158230764244,1.0005584602490274,-0.9298865945841157,0.8240177241015961,0.15751445836264272,-1.8268622438454587,-1.802115585337389,-0.39250774451220627,-0.3295023237687909,-0.030660742438573856,-0.5460075891185268,0.2538045576683696,-0.5271972227576603,-0.39967710157336467,0.32950232376879157,0.3925077445122056,-1.038102835155144,0.24442613292767115,-1.204944109220197,-0.9520988673841753,-1.5207559231456418,-1.2806837764223378,0.24589883599988818,0.4873891503043674,-1.9863144540659314,-0.08200549336504998,-0.5588081172337243,-0.17730250308028428,-0.02358138547386016,-0.2284831982727022,-0.3502454288142823,0.5337254978059351,0.4033962301162448,-0.3944048900113141,0
-0.4577006284139859,-1.1842838219399534,1.0038746524609323,-0.8681093238500562,1,0,0,1,0,0,-0.3945902466157784,-0.11985356448847709,-0.1442422641769629,-0.2885098822348015,0.2980926766839729,0.13079076781527277,-0.20877017491632788,-0.8622787844555708,1.7863839131018422,-0.3328151831704574,0.02410833569157373,0.7394310704370071,0.12904875536607643,0.2833707103850986,-0.5978604772903476,0.3638887378923192,0.1829262925499782,0.2067989296261762,0.3169427525726682,0.6941558255444424,0.5734406852122512,0.584581190864834,-2.0763735651398756,0.6309984213969048,0.17055688750624645,-0.6941558255444424,-0.31694275257266885,1.0229831729139398,0.11577027848446049,2.68363407892059,2.5272073372495982,2.509796538170134,1.518759958947476,1.247911984700014,1.1755363964676604,2.3101686843777554,0.25106641317809053,0.19995793940503753,-0.8524205174405927,-1.6702978490178413,-1.3792549834076382,0.8552353928241243,-0.6186874509066087,-0.3759724034796717,-0.5181215015185524,0
-0.3034990542705592,0.6967630939767645,-0.4445202009343899,0.3052077222492148,1,0,0,1,0,0,-0.596493238681898,0.30520252479088045,-0.15703544559434116,-0.28677393327435763,0.6883790002734415,0.4563470498500781,1.3359753212464565,1.1183980294444875,-1.957089974112566,1.3416593563955486,0.03695950373946392,0.205579163318502,0.6822719183669657,0.776919040010733,0.42489579612519507,-1.2511958036269772,0.9315138461718376,-0.3421053933993519,-0.7652983266135058,1.0393990221288592,-1.0814178548174849,-1.109385112992421,1.418076439732307,-0.8888220495424304,-0.38204849623119147,-1.0393990221288592,0.7652983266135052,0.605195468575612,0.26586877533487285,-0.32767463161490584,-0.8967252938356269,-0.5283573437412127,-0.05648973137315825,-0.05703537174666111,0.34501385799472056,-0.046252995675895824,-1.1367331974183288,-1.2416975682086098,-1.0713777112871794,-0.2829068128036209,-0.6007917169928287,-1.5557262504526888,-1.1948939252628807,-0.9326642846196119,-0.9511296417938885,1
-0.8432045637725518,0.6452275620338409,-0.15484123025532542,-0.8681093238500562,1,0,0,1,0,0,-0.40720918361991093,-0.11927209241011955,0.6489349837004895,-0.5355932842713117,0.8078101550300818,0.32218924131925175,0.3200839726255623,0.9792318965676539,-1.7456422660470516,0.2656382453773646,0.09184288710887711,0.10508730505241183,-0.40467036744725415,-0.8111150468959836,-0.36981835141134267,-0.1821906775731445,-0.7782997130670777,-0.15994313593683276,-0.24687185720061178,0.38817105265189955,-1.2555411534250565,-1.7145024152787192,2.2032673964893563,-1.1306088045757674,-0.2755535931724517,-0.38817105265189955,0.24687185720061106,-0.7595776989295921,-0.3345252120667762,0.04532735367801011,-0.05689276168264715,-0.3576745413866426,0.6051151385615076,-0.6279498401920818,-0.5962450189412776,-0.35630847989348147,-1.192245181842186,-1.6210805965279906,-0.15905607025973648,0.9748215097457181,0.39767203775660004,-1.3653871733518879,-0.20711139779498602,-0.04195727479570725,-0.2706882785040748,0
0.5703098658755232,-0.6173929705677911,-0.15484123025532542,0.3052077222492148,1,0,0,1,0,0,0.526592154685892,-0.5181619381633881,-0.2721740783507456,-0.23411681480756036,-0.5731328359930006,-0.2175723416697731,0.1377938008064169,1.6375022349008657,-1.473388059935761,1.2783958889460711,0.2502524203909329,1.2461541640236675,0.10217099473118899,0.09078136582531052,0.7501854067595561,-1.2609274653257614,1.21349029973569,0.2280986890227893,0.30418285154596364,1.3979208031972914,-0.10089796320590354,-1.4960039349710663,0.7470603374531671,-0.523754161927288,-0.10264642883865481,-1.3979208031972914,-0.30418285154596436,0.32667033235006016,1.0914105080121401,0.9550882934168308,0.07231224326396513,0.5640125913280355,1.2982250023025865,-0.05703537174666111,-0.2086678343205727,0.9459245538203791,-0.22078545442469194,-1.4693273852002382,-0.49661507743988936,-0.06248019957332482,-0.2623294272472596,-0.6992004034990842,-1.1948939252628807,-0.7656567202776299,-0.08511336124321738,0
1.3670179989498932,-0.46278637473902035,-0.15484123025532542,-0.8681093238500562,1,0,0,1,0,0,-0.36935237260751347,-0.14543833593620858,0.047655457083711085,-0.41118360877283466,0.4177400368906543,0.20591914059253555,-0.20980570268858684,-0.18652438912284902,0.44192629034693215,-0.5688460512049636,0.03950349784801494,0.7538220058938235,-0.35422024968024707,-0.16137818165003465,6.040584643110029e-4,0.9173082942498081,-0.6223027727479067,-0.14607277680016814,-0.8963291925090734,1.9170916883510314,0.13049275918196046,0.256615710268867,0.317678327323785,0.15140953935010337,-0.19396811771063863,-1.917091688351032,0.8963291925090727,-0.28608496734615396,-0.18442671521636386,-0.555114866549611,-0.031051760693324323,-0.27233314020935756,-0.844114576533476,-0.8726274695258333,-0.5962450189412776,-0.4803306735805153,-0.24854144663662048,-0.2553016945782196,-1.3633206364159602,-1.0219842806934394,-0.9054077777638412,-1.4605567119022886,-1.1948939252628807,-0.48731077970765985,-1.136704559054746,0
-0.48340089077122306,-0.46278637473902035,1.0038746524609323,-0.8681093238500562,1,0,0,1,0,0,-0.29363875058271866,-0.2239370665144757,0.047655457083711085,-0.41118360877283466,0.31881269545167906,0.14554812675366366,1.4091088105746936,0.5208672642276048,0.19238692460494355,1.103200420544491,1.055900600938282,1.3795246487782682,-0.6913568948834317,1.9407456515555523,0.6189384421689405,0.5310398736988635,1.3500878896974178,1.0194051096387142,-0.33645217931212407,2.215196261116728,-0.02022991469000868,-0.09486772234236603,0.2706444888420898,-0.15162855484355672,-0.37747181651337847,-2.2151962611167284,0.33645217931212335,1.8028535543454847,0.5660657690356972,-0.009258302706318612,0.26611975068388355,0.8200367948598906,-0.5605696322757617,-0.709509049969999,-0.6516131881728072,0.38782468222872474,-0.3318094232724056,-0.482931511569848,-1.235595606672119,-0.9312203811280227,-0.9223308922511192,-1.3019408143182878,-1.277209135885205,-0.4316415915936655,-1.0748462533011267,1
-0.6119022025574117,-0.30817977891024867,0.27967722576327125,-0.4281154315628296,1,0,0,1,0,0,-0.25578193957032125,-0.23789239639505652,-0.6175899766199587,0.3063419615439632,-0.5933502302556727,-0.41970343985621816,-0.17557058502889772,-1.2398494819085932,2.0727261341913112,-1.1491867901638577,0.2669117006487472,-0.35691877117379345,-0.6795444186124858,0.43618007429169287,-1.2262100606969737,1.2755999536636853,-0.767756021049632,0.07628034739907592,-1.4375436385994584,0.9389436438584764,0.6799611632238095,0.473342003543038,-1.551631127134609,0.7911834860592073,-0.272525370631172,-0.9389436438584764,1.4375436385994576,0.10385022336961848,-1.3101654415944555,-0.973604898829468,-0.25070026910256554,-0.5283573437412127,-1.0961545269847772,-1.3619827281933365,-0.983822203561983,-0.5423417704240322,0.41760236644966076,0.19995793940503753,-0.615216890773458,-1.2553771652902237,-0.9223308922511192,0.12560226393772106,-0.4540570296619595,-0.04195727479570725,-0.332546584257695,0
-0.3034990542705592,-0.4885541407104817,-0.4445202009343899,1.0385308760612593,1,0,0,1,0,0,-0.596493238681898,0.30520252479088045,-0.31055362260288033,-0.22022922312400942,0.5263552229023802,0.40491988991326133,-0.8199082748970714,-0.4586230866337387,-1.0335803713906568,-0.5137912930302737,-1.1181343254236868,0.07465714525592303,1.13514390898536,0.9620521762844413,0.11178620622649038,-1.253638479202462,1.1810125510734588,-0.023360026667417502,-0.5972369986170187,0.6941558255444424,2.1013736140531627,0.7414595467783174,0.15315322167400094,1.8651707190246771,1.4308228653777693,-0.6941558255444424,0.5972369986170181,0.8280155775560533,0.04072103005925432,-0.17301527185930607,-0.7804407893836761,-0.32353798091572933,0.19555021907814235,0.02452383803125581,0.34501385799472056,0.139780294854656,1.4445740782910115,0.27583454506891375,-0.9801455471844351,-0.7626588533636787,-0.0592520533999176,-0.826093121566285,-1.4418395571298541,-1.378017789531564,-0.45626319576493324,0
-0.7661037767008384,0.4648532002336079,0.5693561964423357,-1.8947617391869185,1,0,0,1,0,0,0.021834674520593164,-0.3966342737866634,3.1052258158371164,-0.7305982174945059,0.9873489911245491,0.2595822640048661,0.018053046109514616,-0.677740331599604,7.336756213299945e-4,-1.1072343306751826,-0.8277257217375071,-2.200196060241644,-0.6551723072802611,-0.6949855923418077,0.125858265360522,-0.22798823056972325,-0.950339704885325,-1.2607353141350341,-1.344988124630379,-1.666862164000598,-0.7195246151776337,1.0563019219680063,-0.2301091437740705,0.5534615643945768,-0.15477867511019136,1.666862164000598,1.3449881246303783,-0.8709877534198129,-0.3345252120667762,-1.3102164465328319,-1.2068173057074962,-1.4500444764558913,-1.1906695084040155,-0.6279498401920818,-0.04256332662598434,-1.3484860293897554,-0.8175392869811524,0.5793409677244183,-0.8752285584662787,-0.8469396172458507,-0.6007917169928287,-0.9371242498750855,1.2334047880956935,0.4312308241732417,-1.6934293108373202,1
0.030604356373531493,-0.2566442469673251,0.5693561964423357,-0.4281154315628296,1,0,0,1,0,0,-0.20530619155379135,-0.27917691395844146,-0.5920036137852022,0.18482553431289261,-0.582355784164986,-0.35754365523693526,-0.8883345756926936,-0.06450116516837609,0.5042344329523242,-1.5131261162615959,-0.7084901638233642,-1.4475095095014758,-0.14444499420344326,-0.7829817894331168,-0.4528789701384787,-0.9653564873123155,-0.49488220203235517,-0.2785423268304297,-0.9306920144830665,-1.0511813190346222,0.4529046735533732,-0.365154337065286,-1.6593955329234717,1.5534190441209106,0.6491295436747188,1.0511813190346222,0.9306920144830657,-0.7317251853070371,-0.40957446049198204,0.05442496307539909,-0.4574282770171454,-0.6136987449184976,0.9831750642384596,-0.709509049969999,-0.3747723420151606,0.07776919801113909,0.7506742729928018,-0.02767187758659086,1.1181942271786838,-0.03654765684034838,0.5838262971166633,2.092439393979332,0.7806711296729086,0.29205785388825667,1.0901944480755505,0
-0.5348014154856993,0.15564000857606544,-0.8790386569529866,-0.8681093238500562,1,0,0,1,0,0,0.07231042253712305,-0.41989315692096474,0.41865771818768077,-0.4864080637254022,0.20494674704970858,0.05297923886739346,-0.47395686148566835,4.831506234955421,-1.5921048396247215,0.35048190228360915,-0.617560826237785,1.351254655523472,2.7671067581449194,-1.9951457808293762,5.287413805508649,-1.155835817033604,-1.5184614994988752,-2.309705216621481,0.6912331826893887,1.1573935323539142,-1.3344776028339862,-1.3345788556301628,1.0149571238573307,-1.9791588688108974,-1.452118276641302,-1.1573935323539142,-0.6912331826893894,-1.8736782438317996,8.821483095808368,3.9936898321444922,2.4626048347762923,1.5027680042781708,2.589929748365507,7.935767186489225,7.764348535019651,3.2403351370305127,-1.2477571662660425,-1.2416975682086098,0.041654690766301246,0.5599008260181015,-0.33002188519637315,-0.7309235830158842,-0.12479618717266176,0.514734606344233,-0.3944048900113141,1
-0.2006980048416086,0.49062096620506923,-0.4445202009343899,-0.8681093238500562,1,0,0,1,0,0,0.8294466427850714,-0.5734017856073538,-0.3233468040202586,-0.21444272658919655,-0.7651144145514226,-0.2752601993380284,0.597134463572692,0.9961335442065202,-0.652906401148611,-1.1922800964766427,-1.6997480903329345,0.29714377206737047,2.0782124121630896,0.8487112996946143,-0.07751566338010299,-0.064480025971085,-1.142001155872294,-1.0466880693584573,-0.29127919636700184,0.6941558255444424,0.017692323132277882,-1.4448780409676527,0.8277487151931239,0.47830469333974024,1.1878685858093483,-0.6941558255444424,0.2912791963670011,0.981204402480107,0.09700796637815903,0.547970272883709,0.4276260068671489,-0.07604791750160224,0.26643645514257136,1.2071323798110556,1.5354294964726014,0.06226642380025959,-0.19302946221276363,-1.4693273852002382,-0.7976812189789466,-0.2958730841701091,-0.093098282374475,-0.5405845059150832,-1.4418395571298541,-1.378017789531564,-0.3944048900113141,1
1.110015375377516,-0.9523739281967958,-0.15484123025532542,0.3052077222492148,1,0,0,0,1,0,0.8673034537974689,-0.5815423947043593,-0.5152445252809326,0.017017134803318904,-1.0707561904610863,-0.4603979751105689,-0.44850990248645034,0.051421292574717135,0.014503371517341641,-0.0981892216043763,0.0857935722246262,0.5112495162781324,0.08126332447166792,-0.26545292149154787,0.08655627040572172,-0.8385632685828494,0.0799958275262736,0.39070621708957476,0.23272740579640636,0.4664671563038157,0.358426505931003,0.016132833761599658,-0.8625018089224622,0.21196979696173038,0.2699127304782617,-0.4664671563038157,-0.23272740579640636,-0.23037994010104354,0.11577027848446049,0.11810822885711679,-0.3411437725651945,-0.2894014204448148,1.1722050270769362,-0.13859458152457876,-0.26403600355210183,0.3258135853852078,0.5563823275093027,0.27583454506891375,0.7988816528190786,0.1838789563899486,0.2622871218583729,1.5531453421937294,-0.28942660841731066,-0.09762646290970158,0.9664778365683122,1
-0.7661037767008384,0.49062096620506923,0.27967722576327125,0.5985369837740325,1,0,0,1,0,0,2.633954634376015,-0.7245845259803126,-0.041896812837936774,-0.37935787783136377,-0.9709943543097399,-0.2640803819604596,0.3113381338583042,-1.2400901647065719,-1.1086569093615337,1.2287598805248248,0.5444861494943181,0.24337792347038356,-0.20806654571265884,-0.025999365603237665,-0.39249118616346323,-0.5245593840454006,0.9402951198122321,0.30453378688884164,0.3871222082195544,-0.05200463268990121,-0.4589015137100449,1.3088736146000584,0.9884395426720519,-0.7275947806830324,-0.4105406908722927,0.05200463268990121,-0.3871222082195551,-0.20252742647848845,-0.5596729573423944,-0.6915790075104341,-0.8321227913623208,-0.4600842227993849,-0.40304466324369825,0.18764225758709038,0.012804842605544792,-0.4803306735805153,-0.3318094232724056,1.4898602356909325,0.5525548097416701,1.0137203238451828,0.6176725260912207,-0.3819686083310823,0.6983559190505837,0.7374113588002092,0.34789477903211874,1
0.9558138012340891,0.6967630939767645,1.0038746524609323,-0.13478617003801185,0,1,0,0,1,0,-0.1800683175455264,-0.28499163474201683,-0.2849672597681238,-0.22890896792622875,-0.10647449669086091,-0.04227280518949327,0.08407741306501298,1.1248305138613814,-1.4140972746189697,-0.3224198840777051,-1.1576948404847447,-0.9860881293748979,0.18054950545782067,-0.3419270674529827,-0.17879814972552535,0.47497782959991325,-0.02766366422691124,-0.2773787002194056,0.3735052989149339,-1.715344606419548,-0.4585611865333414,-1.7229812421371953,2.4104252590039046,0.4081376466890074,1.2342536784711011,1.715344606419548,-0.37350529891493456,-0.28608496734615396,-0.10937746679115769,0.19998671343360988,0.42116575661981864,0.39332978897346543,-0.5605696322757617,0.02452383803125581,-0.1532996650890431,-0.23228628620644656,-0.5816133531797613,-1.6969572021918669,-0.7611883533378483,0.4691369264526849,0.6176725260912207,-1.7460653275534903,0.12214944469431245,-0.5986491559356475,-0.7036964187794109,0
-0.14929748012713334,-0.35971531085317227,0.27967722576327125,-0.13478617003801185,0,1,0,1,0,0,4.110370263859514,-0.7588913786034072,-0.08027635709007157,-0.33653780347374845,-1.2359508847156788,-0.32355701040912593,0.9594955433603272,-0.12378487571532008,-0.07820403927917392,0.17757980427704248,-0.06993568972669113,0.3338088316779783,0.28883126398979897,1.393995656597791,-0.5169897421389694,-0.12207280782843256,0.9485459809508612,1.0344243538717022,1.7556215933338128,-1.2859286878517078,0.05866212536891165,-0.3480103478445763,-0.01576385766541128,0.700663098511965,1.1008338690045343,1.2859286878517078,-1.7556215933338135,0.911573118423719,-0.7204927753964075,-0.9060226575917278,-0.822893862437563,-0.44789259405977305,-0.2905268282207957,0.01287252234869625,-0.6990716189426893,-1.0118543608106625,-0.026493508941193386,-0.4070549059059717,-0.2776578835933038,-0.24400799870415715,0.04228663352375219,0.3476645205553221,-0.04248097655033679,-0.5986491559356475,0.038603250264021984,1
0.7502117023761872,0.6709953280053031,0.27967722576327125,-0.13478617003801185,1,0,0,1,0,0,0.43825959565696476,-0.491995694637299,-0.8350740607153893,3.433943338610328,-2.5930454357787864,-3.0322031646465106,-0.6748389506120045,2.9758344384209297,-0.06401504952583886,-0.8833830129704142,-1.1751459271735358,0.14546191012650075,1.6325379152476196,0.14498267224963154,2.6357730928631744,0.16945025250977616,0.010943659536903178,-0.16049268618935733,1.2994551316290601,-1.0903910820752818,1.0832449660605938,-1.4439665344059271,0.2577918792709468,1.2042450048677644,1.3710573885340362,1.0903910820752818,-1.2994551316290608,0.15955525061472892,2.5173462280910557,0.11810822885711679,0.188596747715916,0.18851042614798086,-0.24551969421163483,1.4110304042558486,0.7879592118469556,-0.35630847989348147,1.2780381250194413,-1.2416975682086098,0.7350191379471587,0.7673611678819103,1.2607508766078017,0.728342674756924,-0.28942660841731066,-0.7656567202776299,1.0901944480755505,0
-0.25209852955608386,-0.7719995663965628,-0.4445202009343899,0.5985369837740325,1,0,0,1,0,0,-0.571255364673633,0.18309338833579825,0.009275912831576286,-0.39208817020795217,0.7621659855388474,0.443825654387201,0.7956302436400478,-0.4792631485380619,-0.9025813788396506,1.510774273349377,1.1376477000191545,1.8673484989588913,-0.41721715720379604,0.5260384586438326,-0.48109626719439624,-1.4959863543705083,1.4376001033895296,0.5996651745466814,1.068484771272222,1.4871304482518777,-0.5807317918142468,0.17585203281850012,-0.26946303223935597,-0.6154589224387618,-0.8935413998295446,-1.487130448251877,-1.0684847712722227,0.8001630639334981,-0.18442671521636386,1.0005763404037717,-0.031051760693324323,0.5469443110925782,1.833809897011603,1.0032343553662626,0.5111183656893089,1.0079356506638961,-0.7203933142394032,-0.17942508891434333,-0.97102233077416,-0.944186652494511,-1.0915620371239039,-0.857816301083085,-0.6186874509066087,0.06938110143228039,-0.8892713360402683,1
-0.5348014154856993,-0.2051087150244015,-0.8790386569529866,-0.4281154315628296,1,0,0,1,0,0,0.07231042253712305,-0.41989315692096474,0.8280395235437853,-0.5679976648662639,0.3877053774361465,0.11603340887688186,-1.686362366962178,2.4190746016981137,-0.011720201960952185,-0.1317089217788155,-0.7463422672103384,1.107405680894924,2.0205983986527665,-1.5759989010169553,3.072781690998738,-0.036226652699922264,-0.9746980163819948,-1.8203888120636156,1.1642946985313556,0.3556359628759853,0.7702083894049901,-0.242010565510945,-0.02038238356864164,-0.788563612090117,-0.8069738648412457,-0.3556359628759853,-1.1642946985313563,-1.4558905394934718,3.1927894639179106,0.49111021415003275,0.3953247556304958,-0.03337721691295973,-0.7180946013078251,4.265602746482951,3.611735842654951,-0.17027518936292965,0.7630102695314366,-0.17942508891434333,0.1663386483733858,0.12913247728699886,-0.19651731535228834,-0.08236080178352555,0.7075020535641753,1.0033863686781808,-0.1813373924155138,0
1.110015375377516,-0.7719995663965628,-0.15484123025532542,0.3052077222492148,1,0,0,1,0,0,0.8673034537974689,-0.5815423947043593,2.6574644662288773,-0.718446574771399,0.4570617981910807,0.10798394036503228,-0.39267910426464514,0.8647145251318898,-0.6894105271883836,-0.8060905017990151,-0.3575993585219205,-0.14787863629218398,0.038777736299451505,-0.19690788206908866,0.29407703486733916,-0.7655061303038465,0.2668777017843487,0.6528632001856037,0.2654778184316193,-0.46498649058965996,0.34928181768062194,-0.8922479052224799,0.1731874502303021,1.3536076240117012,1.1022905253221458,0.46498649058965996,-0.26547781843162,-0.14682239923337803,0.340918023760079,0.19998671343360988,-0.23777976860790415,-0.11871861809024475,1.2982250023025865,-0.38327221085833024,-0.5408768497097485,0.5118468759157585,0.1770504339462815,-0.9381911455531051,-0.47228650034582426,-0.31748353644758887,0.21715881655896382,-0.4348405741924158,-0.48149543320273464,-0.7285439282016336,0.16231986177126023,1
0.6988111776617119,-0.3854830768246345,-0.15484123025532542,1.478524768348486,0,1,0,1,0,0,-0.2684008765744537,-0.23265914768983872,-0.7839013350458762,1.3392315930080632,-1.3376646092725817,-1.2139176663587103,-0.5347346638257262,-0.6627115905432281,1.8746490367252708,-0.5967240702088612,0.1120550034006596,0.9011029364472216,0.20004140603063802,-0.5806693957874598,-1.5238219185743727,2.266955509159479,0.43943728995256426,1.3191963482813567,1.8116420359993077,-0.567767582660665,0.16336354848263282,-0.6169388905773718,-0.2846363719685201,1.2418742158992349,1.1422614809389189,0.567767582660665,-1.8116420359993084,-0.7038726716844818,-1.535313186870074,-0.8644335860608106,0.3048812521678669,0.47867119015075044,-1.6632444155002057,0.02452383803125581,-0.7069813574043363,-0.790386157798101,0.0012624832707351544,-0.7105613285614767,-0.5239847266707137,-0.5811310542328463,-0.093098282374475,0.062155904904119784,-0.37174181903963527,-0.6543183440496418,-0.08511336124321738,1
-0.14929748012713334,0.1298722426046032,0.27967722576327125,0.5985369837740325,0,1,0,1,0,0,4.110370263859514,-0.7588913786034072,-0.2593808969333673,-0.23990331134237325,-1.4075810276431275,-0.39823819049128595,1.0581065034044528,0.5586760773177946,-0.333347998333333,0.8969242945816301,0.8982848567904773,2.20109264913993,0.22795728327611325,1.2163561441782271,-0.5275884566333376,0.05939589516012389,1.0301619553133698,1.351485597277016,1.90767708056873,1.1100169487029459,-0.25595412277646745,-1.29532698304517,0.515385027463348,-0.19019589656906452,0.1516483322183637,-1.1100169487029459,-1.9076770805687304,0.7374949082827491,-0.7472960784054096,-0.9758793011788155,-0.7998215401256678,-0.3960781719164211,-0.2849009364696507,-0.22015379130249568,-0.9561381189462185,-1.0229277709612903,-0.5816133531797613,-1.4693273852002382,-1.5457849646214488,-1.0997819088923677,-1.0915620371239039,-1.238494455284687,-1.6064699783745033,-1.4336869776455579,-1.569712699330082,0
0.6731109153044746,-0.2566442469673251,-0.15484123025532542,-0.4281154315628296,1,0,0,1,0,0,-0.81101516775215,3.4480591083133527,-0.5920036137852022,0.18482553431289261,1.5365566440209162,2.508961520371722,0.3940415209924213,-0.5667999001591886,1.0831818882752695,-0.066575193623008,0.4091598963903398,-0.15316823212063913,-0.6189530005861557,1.0720879573439548,-1.3519466811557304,0.2965204070176521,1.318010177769027,1.2648614248618926,1.1393967240133565,-1.3389429987860084,0.5232933279768738,-0.5763998558537325,-1.1827715153466487,1.3968551222220698,0.7029630917691544,1.3389429987860084,-1.1393967240133573,1.050835686536495,-1.2351161931692491,0.14540105704928116,0.279040251178545,0.8200367948598906,0.038025250046078915,-0.22015379130249568,-0.7069813574043363,0.5118468759157585,0.917210226264372,-0.17942508891434333,1.4101371523074657,0.4691369264526849,1.0407503882731821,1.9655466759121307,1.2745623934068555,0.6260729825722207,1.4613442825972665,1
0.6988111776617119,1.109047349520155,-0.15484123025532542,-0.13478617003801185,0,1,0,1,0,0,-0.2684008765744537,-0.23265914768983872,0.86641906779592,-0.5760987600150019,0.7118913981583822,0.2662901544314074,-0.23677031121761027,-1.1525540448760436,1.990960236678681,0.18948057705511248,0.7524884046107555,1.2910111428639968,0.11546863956061217,-0.6735114751145354,-1.5824011158475388,2.215973349595377,0.49573205430042455,1.5377497050443065,2.16202444103441,-0.3834842964864804,-0.3437298488142805,-0.0032981031692959116,-0.4948698324142922,0.23558338381909857,0.5230415084417834,0.3834842964864804,-2.1620244410344114,-0.8152827261747027,-1.6103624352952797,-1.073678602200739,0.07231224326396513,0.2738518273252659,-1.6002344278873806,0.02452383803125581,-0.8177176958673952,-0.9144083514851348,-0.24854144663662048,0.12408133374116129,0.39746013076700454,0.06718251409155555,0.1607484349347019,1.109020828958526,-0.12479618717266176,-0.32030321536567735,0.5953280020465953,1
1.2899172118781799,0.6709953280053031,1.0038746524609323,-0.13478617003801185,1,0,0,1,0,0,-0.6217311126901629,0.3778865345855722,-0.8350740607153893,3.433943338610328,-1.420056647234133,-2.3632028927727897,0.45822628871877247,0.9322286936160711,-0.7185525753477863,-0.42450986538008767,-0.9331000217769452,-0.30408010071639346,0.5120594719315331,1.3331584131436,-0.013126782697571298,-0.6812663048776776,0.36563223553138,-0.23493085036792263,0.6286220997103051,-1.0381887348318,0.6949013693585543,-1.2926632608322284,0.2976785068241039,0.9360401069330023,0.9837114779793904,1.0381887348318,-0.6286220997103059,1.0229831729139398,-0.18442671521636386,-0.5187244289600577,-0.7675202888890147,-0.596630464683041,-0.24551969421163483,0.18764225758709038,-0.09793149585751397,-0.5423417704240322,0.7229182807808735,-1.1658209625447336,0.2606118846128881,0.37837302688726915,0.7530574419894479,0.15732544345452057,0.2044646553166367,-0.26463402725168356,0.5334696962929761,0
1.0072143259485644,0.8256019238340739,0.5693561964423357,-2.6280848929989626,0,1,0,1,0,0,-0.43244705762817587,-0.049495443007215444,0.46983044385719386,-0.5008743050624344,0.7645816842404989,0.34902080302541705,1.1899787998756903,0.862505270517604,0.5758499174586399,1.065111264070423,0.6897442357863593,-0.31074187484077276,-0.884027893900175,-0.014449480697639398,0.2896811168166745,1.1483723329489688,-0.016166212750746815,-0.06012203986928657,-0.7497849732599842,0.3198127523248422,-1.6691322393830035,-0.8936193681335385,0.3667973177557283,-1.4549267423424799,-0.9553987575385403,-0.3198127523248422,0.7497849732599834,-0.17467491285593337,0.04072103005925432,-0.6187981323313287,0.020630241285320403,0.017827623793410803,-1.442709458855317,-0.5463906304141645,-0.26403600355210183,-0.6043528672675491,-1.5530730805972546,-0.7864379342253526,0.23324223538206504,0.39133929825375646,-0.24540631275998087,-0.0012904541294803558,1.0276167615398821,1.3497724280541432,0.22417816752487937,1
0.7759119647334253,-0.3339475448817109,0.27967722576327125,-0.4281154315628296,1,0,0,1,0,0,0.3246891626197725,-0.4838550855402935,2.644671284811499,-0.7161319761574738,0.7071039068204014,0.18132354236188405,-0.2176352821240891,1.6428733304383354,0.9583717305161467,-0.6845045233128749,-1.1143068267881826,-1.6827860171859204,1.217690024219878,1.8396574010645048e-4,2.395328540257756,0.19083172228370576,-0.28166239521763464,-0.5507195517979441,0.8380453772610346,-3.126282624571021,0.3028109740236357,0.14469234411360082,-1.1183587841046088,0.6454298408169414,0.9109829956091665,3.126282624571021,-0.8380453772610353,-0.007559831120602114,2.2171492343902317,-1.6069330893092284e-4,0.09815324425328795,-0.01630893667750248,-0.49755964466293656,1.3294711944779316,0.954063719541543,-0.4803306735805153,0.6396503041450882,0.5793409677244183,1.2915353389738984,0.4172718409867329,0.6684418695530556,2.631733445764935,1.439192814651505,0.013711913318286572,0.7809029193074537,1
0.8016122270906633,0.6967630939767645,-0.8790386569529866,-0.13478617003801185,1,0,0,0,1,0,-0.016022136491804253,-0.38093452767100994,-0.2977604411855021,-0.20286973351957077,-0.2681581670238983,-0.13618327116107173,0.14089773034480862,0.11247351785848406,-1.52104446893301,-1.1339200890206236,-1.903947176720995,-0.7786941948364314,1.658272156190578,-0.39883013410089624,-1.1760896842975987,0.027393621574725115,-0.9563960063776659,-0.7873345804834568,0.7837886966584708,-1.839398094005812,-0.5944280945969938,-1.3325542607318785,2.106846692174571,0.5835069774090541,1.7065456017869203,1.8393980940058123,-0.7837886966584715,-0.20252742647848845,-0.9349191994684248,0.8914050276351143,0.7700192699756713,0.3079883877961804,0.5421051509486824,1.5741488238116832,1.2309045656991897,0.3258135853852078,-0.7203933142394032,-1.3934507795363622,-0.9071598159022387,0.1838789563899486,0.4145951522438788,-1.3019408143182878,-0.7010026615289333,-1.378017789531564,-0.6418381130257917,0
-0.5091011531284612,-0.5658574386248675,0.27967722576327125,-0.13478617003801185,1,0,0,1,0,0,0.6275436507189519,-0.5338616842790415,-0.5024513438635544,-0.009022099603339084,-0.9469657020547847,-0.40360450283251903,-0.6720787536061124,-1.2284906981571364,1.4009058796300753,-1.7673902213892347,-1.8414078126792444,-1.955402757129275,0.8203980541860768,-1.0700017668289876,-1.903727539289944,2.6301461465837463,-1.9404868893806326,-1.6241054179166472,-1.4375436385994584,-1.2411978630008902,-0.13459129086913357,-0.2209704205365405,0.7279579589101615,0.46347658413658843,0.8082975070817792,1.2411978630008902,1.4375436385994576,-0.8988402670423681,-1.685411683720486,0.9459906840194431,2.33339982982968,1.1614023995690306,-1.8207693845322692,0.18764225758709038,1.1201682272361313,0.139780294854656,-0.05424950115312168,-0.1035484832504671,0.3518440487156324,0.6895635396829819,0.854596128913119,-0.0012904541294803558,0.6983559190505837,0.1250502895462747,0.34789477903211874,0
-1.305809286202831,-0.2824120129387873,1.4383931084795292,2.9451710759725747,1,0,0,1,0,0,1.1070632568759857,-0.6117789427789511,-0.6175899766199587,0.2803027271373052,-1.3887538962093366,-0.6871246715276655,-1.56968478299436,1.3826529510654713,-2.4635082159476958,-0.46505652786215357,-1.44154340936761,-1.9041659539026525,0.7856885718804085,0.5292147293486749,0.9057459683303793,-1.7578071983511054,0.17992818840677396,-0.526332666241741,-0.16027754582615011,-2.438093934149926,2.711470023136194,-0.9903781393289494,1.6012715471513617,0.8066750778280971,1.3602156269132981,2.4380939341499266,0.16027754582614942,3.0005116401153575,4.318528190296002,7.951149920008362,4.852897426288619,4.745741249015002,7.6307287573915374,3.857806697593365,4.442258381127891,7.8911674002942975,3.9981253617884236,-0.4070549059059717,2.5414159871814954,3.2568852702476137,3.5453713323903937,0.728342674756924,1.1922471827845313,0.06938110143228039,2.018069034379841,0
-0.9203053508442651,-1.0812127580541053,-0.15484123025532542,-0.4281154315628296,1,0,0,0,1,0,0.11016723354952047,-0.4396632075851209,0.5210031695267069,-0.5078181009042099,0.22873625592903932,0.05432081695270173,0.3096519126480027,0.2532450171940659,-0.17771444608126438,0.7726457287858067,0.8452090261099832,0.5399861546125108,-0.34804842430054805,-0.09486847598031756,-0.040161599492988885,-0.8539770984896095,0.43762875488297603,0.08049933659443693,0.5791922973583978,0.16204084244106823,-0.5253699856987483,-0.3878197424067837,-0.6152230254823647,-0.6098493505867068,-1.0202211946106234,-0.16204084244106823,-0.5791922973583985,-0.20252742647848845,-0.18442671521636386,-0.44594355378095224,-0.7933612898783374,-0.596630464683041,0.19555021907814235,0.5954383064766764,0.34501385799472056,-0.4183195767369984,-0.5261013687559044,-0.4070549059059717,-0.14993285384946126,-0.4385020692014777,-0.6346379459673855,-0.12818317219668063,0.5337254978059351,0.6817421706862145,-0.5799798072721716,0
-0.1749977424843705,0.5679242641194551,-0.4445202009343899,0.5985369837740325,1,0,0,1,0,0,-0.23054406556205628,-0.2762695535666538,0.8280395235437853,-0.5651044165988575,0.6546137962476455,0.22425404109174848,0.10286732437490725,-0.3822558034464615,-0.9411938016603644,0.4281837620586708,0.10382947095219516,0.5231895302663785,0.29316700009252716,0.3130931552005642,-0.5312499918550542,-0.7029121227288319,0.784709898050845,0.43673393299481056,0.7520553775833569,-0.032311248161722386,0.16979947300065634,-0.0075364930676127505,0.5802845622929361,0.19965626389400642,0.2914022848203594,0.032311248161722386,-0.7520553775833577,0.38237535959517033,-0.40957446049198204,0.33645085439443295,-0.09565426316663046,0.22264698661889537,0.7626401075935709,0.35076067714292497,0.012804842605544792,0.38782468222872474,0.19555442875423396,0.04820472807728505,0.1785029369204177,0.45617065508619664,0.5161338391675497,-0.28679906978068154,-0.37174181903963527,-0.4316415915936655,0.2860364732784985,1
0.10770514344524394,-0.2566442469673251,0.27967722576327125,-1.161438585374874,1,0,0,1,0,0,0.7789708947685415,-0.5635167602752758,0.41865771818768077,-0.48930131199280863,-0.17380232675733326,-0.055241393347473154,0.6033079095771672,-0.39360126958148245,-0.44338202011342903,0.4017384933394436,-0.30928127613612766,-0.31353569279783094,-0.41688741915744365,-0.36295388124829786,-0.9366190396760825,0.5080041440904006,-1.3333937969700833,-1.7019708725444485,-0.591162492785821,0.15868247298249136,-1.2015735759981003,-0.3980542980197236,1.116613247958619,-1.8648932506705056,-1.2595624889627457,-0.15868247298249136,0.5911624927858203,-0.48105256270404034,-1.009968447893631,-0.6551885699208807,-0.3153027715758717,-0.801449827508525,-1.442709458855317,0.35076067714292497,0.7325910426154264,-0.9144083514851348,-1.192245181842186,-0.5588081172337243,-0.6608329728248301,-0.03654765684034838,-0.7700228618656133,-1.1433249167342867,1.0276167615398821,1.2384340518261547,-0.8892713360402683,0
-0.8689048261297889,0.7225308599482267,0.5693561964423357,-1.161438585374874,0,1,0,1,0,0,0.3751649106363024,-0.4902512784022264,-0.7199354279589849,0.899457856362284,-1.4374264454239345,-1.072157582011137,-0.02977915367116624,-0.9502394157854884,0.9920159209660141,-0.5955925877409167,-0.3026852218149896,-0.386288046322449,0.4963348410212456,-1.1137109891653247,-1.2682146212313936,2.0478282275896347,-1.1557395207491516,-0.6304804657876883,-0.5860329100839196,0.05436948222367098,-1.0713982598329543,0.03376385232416026,0.7017508802355731,-0.34140436333415325,-0.22203584911594582,-0.05436948222367098,0.5860329100839188,-1.2330704305130304,-1.4602639384448675,-1.6650232130309723,-0.5866332819637576,-0.972132629863095,-2.324849285434872,-0.709509049969999,-0.5408768497097485,-1.9065859009814097,-1.0257092285706153,-0.02767187758659086,-0.1681792866700104,0.20981149912292413,0.05920974801103089,-0.6992004034990842,-0.20711139779498602,-0.2089648391376897,-0.1469716669968365,0
1.0072143259485644,0.8771374557769975,0.5693561964423357,-1.6014324776621007,0,1,0,1,0,0,-0.43244705762817587,-0.049495443007215444,-0.5664172509504457,0.07488210015144776,-0.22869053527352481,-0.09593592860182383,0.4762070256158886,0.05996491953649637,0.5270162660023208,0.4986584358194672,0.3748920110268588,-0.4325939546872578,-0.03473004784488834,0.15921055946523488,0.5373487207406372,0.9986243288402434,0.553614306580008,0.392610812230482,-0.8350596325743129,0.23819541748766626,-0.5030961461863451,0.4560004183939589,0.28307225274671777,-0.12470090634151357,-0.10406993238389325,-0.23819541748766626,0.8350596325743123,-0.11896988561082296,0.11577027848446049,-0.9645072894320803,-0.3669847735545164,-0.135786898325702,-1.537224440274555,-1.1173050988595852,-0.9284540343304539,-0.8523972546416179,-0.22078545442469194,0.9587239960437993,1.3918907194869166,1.3508433793738719,1.209981533145967,0.664896315723324,-0.04248097655033679,0.06938110143228039,1.3994859768436472,0
0.6988111776617119,-0.5658574386248675,-0.15484123025532542,-0.13478617003801185,0,1,0,1,0,0,-0.2810198135785862,-0.20649290416374969,-0.5024513438635544,-0.009022099603339084,-0.3088314588364044,-0.15183501548966816,-0.3569544295753966,-0.6415628358283946,0.6298478791030281,0.011558433881442445,0.4218201857167169,0.3913498934592382,-0.5276592367355152,-0.5344824117860912,-1.2414367138907005,1.705321851863513,0.5030783595905648,1.4947883594863314,1.4425661784383952,-0.8969649934967807,-0.037694704683657036,-0.3630789211197564,0.8526608497476993,0.4832291912396206,0.9109829956091665,0.8969649934967807,-1.442566178438396,-0.5924626171942612,-1.2351161931692491,-0.46413877257572894,0.4340862571144791,0.6322857122698633,-0.844114576533476,-0.46483142063624716,-1.0391903727935126,-0.29429738304996345,0.029018475482663446,-0.2553016945782196,0.3062279666642602,0.7154960824159574,0.8884423578876751,-0.0647368131630805,0.36909507656128593,-0.04195727479570725,0.40975308478573785,1
-0.6119022025574117,0.026801178718756015,1.0038746524609323,-1.161438585374874,1,0,0,1,0,0,-0.6469689866984278,0.5348839957421064,0.57217589519622,-0.5188124443203543,1.3121324594500234,0.8123124351518708,0.8250260822650848,-0.38316184515403495,1.2435227999476692,0.42252096647358006,1.3319444366122812,0.7071667790559409,-1.149786788081058,0.7582590227432086,-0.975976248076332,1.0784565127963384,0.08869451989458423,0.6658675137979774,0.1590389773671773,0.8067582219688989,-0.38957536951976146,-0.45180992305603546,-0.6161925363781432,-0.4828505992624748,-1.0815029742316637,-0.8067582219688989,-0.15903897736717798,0.911573118423719,-0.7848207026180125,0.6093791363160792,1.1188727833315248,1.1101975588626602,-0.024984737566746233,-0.6279498401920818,-0.762349526635866,0.5738579727592754,-0.4150773999081907,-0.482931511569848,-0.21379536872138252,-0.4903671546674297,-0.6346379459673855,-0.3185222492974822,-0.12479618717266176,0.29205785388825667,-0.45626319576493324,1
0.5960101282327613,-0.17934094905293926,-0.8790386569529866,-0.4281154315628296,1,0,0,1,0,0,-0.44506599463230834,-0.04658808261542777,-0.24658771551598904,-0.2723076919373254,0.2765078853226925,0.17461565193534273,-0.8038267097861884,1.0729904037793332,0.08667241871019875,-0.8466879218054377,-0.7709036733686438,-0.8419250849179953,0.19822974799815887,-0.7294865751212813,0.8953702842957151,-0.329147654996526,-0.41626025635941194,-0.6387578660724842,-0.2611143426240418,-0.8893153741744672,0.3888462166863326,-0.5757507075438015,-0.4492457503127257,0.7310642139044327,0.37858979904137807,0.8893153741744672,0.2611143426240411,-0.6481676444393714,0.9413120111617277,0.2636699792153276,0.046471242274642305,-0.11871861809024475,0.16404522527173035,0.18764225758709038,0.34501385799472056,0.139780294854656,0.41760236644966076,-0.482931511569848,0.22411901897178985,-0.0495139282068366,0.24536400737109418,0.41111087958892223,0.5337254978059351,0.1250502895462747,0.22417816752487937,0
-0.25209852955608386,-0.2566442469673251,-1.168717627632051,0.3052077222492148,1,0,0,1,0,0,0.4256406586528323,-0.49432158295072914,-0.6943490651242283,0.624599270958672,-1.3543307439454078,-0.862871400703048,-2.06856062185809,0.056893614972418974,1.1646716318702852,-2.487995551086823,-1.7298734720388975,-0.6943359002103799,1.8756695660730052,-1.1985215940513831,-0.3740517503813498,1.2166530027371243,-2.1343259681982176,-1.5980954870013158,-0.011469845697221329,-0.9356157016516281,1.6788352440154166,-0.45280510423220005,-0.3695262033147849,1.244760382541096,0.6886910368639236,0.9356157016516281,0.011469845697221329,-1.1495128896453646,-0.40957446049198204,-0.20940570944885942,0.4340862571144791,-0.4942207832702994,-1.033144539371952,1.6557080335896,1.839954427246013,-0.6663639641110671,0.9449662184763004,-0.7864379342253526,-1.3268277707748632,-1.2813097080232,-0.8038690908401701,-0.857816301083085,-0.28942660841731066,-0.7099875321636356,-1.2604211705619852,0
0.72451144001895,0.8771374557769975,-1.168717627632051,-1.6014324776621007,1,0,0,1,0,0,-0.6974447347149578,0.901211405107353,-0.5664172509504457,0.07488210015144776,0.4742445592557529,0.63522412789118,-0.12002772881606881,-0.3765467943297667,0.5160344060851431,-0.20017258987757056,-0.029578024770340664,0.5966413482360878,0.434249629811114,-0.8145753654322567,-0.08937046233852197,0.674972141694419,-0.22202619113483624,0.09629950785635831,0.8847583482611033,-0.06374491962016399,-0.6470126285735219,0.4272929251001398,-0.02715441203562975,0.05026288435858366,0.1324706070571367,0.06374491962016399,-0.884758348261104,-0.8152827261747027,-0.18442671521636386,-0.30947941282012914,0.07231224326396513,-0.01630893667750248,-0.5605696322757617,0.18764225758709038,-0.2086678343205727,-0.4803306735805153,-0.49834537654397587,0.6552175733882943,0.6802798394855113,0.5599008260181015,0.549980068142106,0.6014499566897238,-0.20711139779498602,-0.26463402725168356,0.6571863078002155,0
0.6988111776617119,1.3151894772918502,-0.15484123025532542,1.0385308760612593,0,1,0,1,0,0,-0.2810198135785862,-0.20649290416374969,-0.6431763394547153,0.4047124026357823,-0.637305945262979,-0.47157779248813775,-1.1361305906675219,-0.19559781011716493,1.5912900685450178,0.3686134242923135,1.1988392677813935,-0.28111255001158264,-0.9516636485467859,-0.5870170833792709,-0.9697087169754133,1.6805051272519973,0.7741629158047267,1.7471444174746358,-0.09305301462755473,-0.29111514316954507,0.9932766897069957,-0.7029687723906196,-0.4866012466422813,0.2696737400055625,0.14719670717018163,0.29111514316954507,0.09305301462755473,-0.6481676444393714,-1.009968447893631,-0.5187244289600577,0.369483754641173,0.683490552976235,-0.844114576533476,-1.6066603575270884,-1.7589765728033937,0.015758101167622184,0.8339422496285867,-0.7105613285614767,-0.21379536872138252,-0.4255357978349895,-0.29617565622181696,0.2207718024881207,-0.37174181903963527,-0.5429799678216537,-0.08511336124321738,0
-0.25209852955608386,-0.6173929705677911,0.27967722576327125,1.0385308760612593,1,0,0,1,0,0,-0.6722068607066928,0.6250121678875242,-0.6687627022894718,0.5349085746690722,0.08290004021266031,0.06728940511068161,0.6345232043281797,-0.08187853705130843,-0.6931965861145706,0.5198351255541014,0.04248092283230835,0.6212987792058007,0.3376722341011786,1.6105770265457338,-0.662410434717618,0.27677095761925574,1.090426572373857,0.922141379124034,1.164294698531354,-0.30735587342307225,0.7269496264485094,-0.5512073702958148,1.225751076159671,0.37898460569614756,0.8450642962324127,0.30735587342307225,-1.1642946985313547,1.050835686536495,-0.8598699510432187,-0.9918001176242447,-0.7158382869103699,-0.2894014204448148,-0.8756195703398886,-0.38327221085833024,-0.8730858650989243,-0.8523972546416179,0.6118943119331598,-0.5588081172337243,-0.15905607025973648,0.4821031978191731,0.6176725260912207,-0.6992004034990842,-0.7833178721512579,-0.9883334727336057,-0.08511336124321738,0
-1.7684140086331095,-1.5708003115118816,-0.15484123025532542,-0.13478617003801185,1,0,0,1,0,0,1.6622964850578146,-0.6676002623012743,2.4655667449682035,-0.7068735817017732,0.16802433237964842,0.03285556758776951,-1.3512778154673908,0.8095670976324228,2.2090220166324386,-2.144470155976151,-0.8977124897168898,-0.6838267743165681,-1.0328380897434275,-0.9356356124146457,-0.18589127749441778,-0.6025405904733545,-1.026710175636655,-0.9834002253198966,-1.4375436385994584,0.4930801176436292,0.9441086164900442,-1.2973780491491347,-3.6253022840448574,1.8789725960058086,0.2069712862654077,-0.4930801176436292,1.4375436385994576,-0.968471551098756,-0.3720498362793791,-0.646090960523493,-0.8321227913623208,-1.1428154322176651,-0.16675720969560312,-0.6279498401920818,0.012804842605544792,-0.4803306735805153,-0.19302946221276363,-1.6969572021918669,-2.9051442097523394,-3.6022722826245586,-3.054643317648205,-0.5405845059150832,-0.20711139779498602,0.013711913318286572,-2.3120123683735136,0
0.030604356373531493,-0.46278637473902035,1.0038746524609323,-0.8681093238500562,1,0,0,1,0,0,1.2584905009255756,-0.6332934096781798,0.08603500133584588,-0.43259364595164235,-0.5431370315741746,-0.15272940087987366,2.1425361170009936,-1.667691667035088,-0.5907744950774283,3.077209460106728,2.997748645888635,0.2955236720733429,-3.836262450461231,1.5888637711898757,0.18413110685537504,-0.3775432988542251,0.149791647582101,-0.28861571953464327,-1.1334326641296226,1.527183758276386,-1.3916746666396393,2.4734176508431602,0.4282139206220275,-4.008580621980376,-4.178997132921503,-1.527183758276386,1.133432664129622,1.4129183636297125,0.11577027848446049,-0.1457224436671417,-0.3153027715758717,-0.23819657973844427,-0.15100471279239655,-0.7910682597479163,-0.3747723420151606,-0.23228628620644656,-1.3726591312197203,1.717490052682561,-0.9208446405176508,-0.5876141899160899,-1.9969486621933017,-1.888819635379091,1.439192814651505,2.9363442893029728,-1.6934293108373202,1
-0.4577006284139859,2.0366869244927823,1.0038746524609323,-0.8681093238500562,1,0,0,1,0,0,-0.4198281206240434,-0.1047352904511812,0.4570372624398156,-0.4950878085276215,0.7379651889927241,0.3020655700396278,2.0062335735287644,0.685576551447056,0.571464719407469,1.7155955872421913,1.5612010392146227,-0.4973975351782026,-1.3890761071897157,1.9590700664576135,0.6910075301107199,0.0754149368546307,1.8188171478357529,1.3589530300636132,-0.9053494332772455,0.21952363131345246,-0.8322368937459048,-0.24873915790777307,-0.7054266770613147,-0.5141510079006455,-0.7028846771944363,-0.21952363131345246,0.9053494332772448,1.4686233908748227,0.340918023760079,-0.7188718357025985,-0.5737127814690962,0.12023730520615308,-0.6235796198885869,-1.3619827281933365,-1.2052948804881005,-0.10826409251941274,-0.7203933142394032,-0.1035484832504671,0.44307621281837667,-0.010615114107371936,-0.21156008378542468,0.6331731362065233,0.6983559190505837,0.9044189231421907,0.40975308478573785,0
-0.9460056132015023,-0.7462318004251005,-0.4445202009343899,0.3052077222492148,1,0,0,1,0,0,0.2742134146032426,-0.475714476443288,-0.2210013526812325,-0.27520094020473185,-0.3834331436580959,-0.15317659357497643,-1.085026764973752,-1.185641145529152,0.11559233295618403,-1.5545641154843888,-0.7748405649351575,-0.6438980598804197,0.7954876161071183,-0.39185170504415906,-1.4338084198136394,-0.059625409366237586,-1.2837058423787182,-0.3532455945070207,-0.6392523306161405,-0.2441974779926877,1.1172225225436943,0.19097188176644905,-0.21793637767768986,0.8272150889500381,0.662455113620034,0.2441974779926877,0.6392523306161398,-0.6481676444393714,-1.535313186870074,-1.364802102917162,-1.1809763047181743,-1.5353858776331764,-0.43454965705011084,-0.5463906304141645,-0.319404172783631,-1.2244638357027204,0.8894542340524437,0.04820472807728505,-0.3597668312857729,-0.41256952646850126,-0.07617516788719629,-0.033013633646279864,-0.7010026615289333,-0.8769950965056176,-0.3944048900113141,1
-0.27779879191332196,0.6709953280053031,0.27967722576327125,-0.4281154315628296,1,0,0,1,0,0,0.48873534367349464,-0.5071139686745949,0.29072590401389814,-0.47830696857666416,-0.11277384770415039,-0.020360363129458298,0.5760624976157513,-0.16818174876094014,-0.15681450923123777,1.3875285600354972,0.9213194262783599,0.9813660028785177,-0.5797516350117424,-0.8897530407427978,0.38171249695640036,-0.479675627543779,-0.3098809432021558,-1.0504452496484458,0.1765838412788985,1.1633324773130074,-1.6900596805206327,0.6132259281557618,-0.26765705850406857,-2.181734207498429,-2.223315710373327,-1.1633324773130074,-0.17658384127889992,-0.7038726716844818,0.7161642658861095,0.9823811216089964,0.5503707615664309,0.39332978897346543,0.29006520049738066,1.166352774922097,1.1755363964676604,0.139780294854656,-1.6363410572330401,-0.02767187758659086,-1.4727992333392537,-1.3591073362221284,-1.9546408759751055,-1.3336639938350878,-0.04248097655033679,0.6260729825722207,-1.6934293108373202,1
-0.8689048261297889,-0.6173929705677911,-0.15484123025532542,0.3052077222492148,1,0,0,1,0,0,0.4130217216486998,-0.491995694637299,-0.31055362260288033,-0.19361133906387015,-0.5602502886992833,-0.22875215904734195,-1.0183434651733543,1.5665405699134354,-1.6067537524552968,-0.003332387193824367,-0.791038717853915,0.1012994791850289,0.7733597633090762,-0.8994984731436061,1.2954051085315514,-0.6396162833741028,-0.5560045764908713,-0.7912208429935428,-0.7099870034754222,0.8423168734713579,0.5172631016541894,-0.8524176944431743,1.5537335257439706,-0.546822780307025,0.25591592055265017,-0.8423168734713579,0.7099870034754215,-0.8152827261747027,1.3165582532877582,0.2454747604205509,-0.1344157646506147,-0.34060626115118536,0.3845801819166189,0.10608304780917345,0.5111183656893089,0.015758101167622184,0.16779843654230542,-1.0140677512169813,-0.97102233077416,-0.127311556405765,-0.33002188519637315,-1.3019408143182878,-0.9479482933959068,-0.7099875321636356,-0.45626319576493324,1
-0.2263982671988458,1.907848094635473,0.5693561964423357,1.0385308760612593,1,0,0,1,0,0,0.8420655797892039,-0.5763091459991414,9.757680152873814,-0.8035080738331484,1.1940559048998616,0.177746000801062,0.304389025510347,-1.1671238363783745,-1.0710763491760413,-1.7831955195569291,-0.761922946477471,-0.02039582676211257,0.815277712451605,-0.9763860035075199,-2.621986603455321,-0.8303680367040445,-4.591907273637762,-2.470664560226045,-0.7279513648365089,0.6941558255444424,-1.398853739921941,-1.024734527160629,0.6297574540943615,-2.144274543994803,-1.4215859208912434,-0.6941558255444424,0.7279513648365081,-1.038102835155144,-2.435904167972547,-0.9190192424451392,-1.1551353037288514,-2.5936192522315107,0.6996301199807459,0.5954383064766764,1.1201682272361313,-1.720552610450858,-1.3032691506898992,-0.9381911455531051,0.10551720563822252,0.4172718409867329,-0.5161761445564365,-0.2233527107470814,0.6160407084282594,1.127095675598167,-0.45626319576493324,1
0.18480593051695732,0.5679242641194551,-1.6032360836506476,-0.13478617003801185,1,0,0,1,0,0,1.0944443198718534,-0.6100345265438785,0.5337963509440852,-0.5095540498646537,-0.23451520346890906,-0.07536506462709712,-1.4649160860113957,-0.1025361909551212,1.3663295588312803,-2.424358087517931,-1.9549315623317387,-0.43964732834166403,2.832326768960027,-1.7364131389698572,0.27812687983146833,0.6884816048338943,-2.1770570225286363,-2.1308615015053043,-0.01835909107355938,-0.5814181964513455,0.3019979286835246,0.41935554263378255,-1.1759606632883204,1.1164188927981447,0.4611352580093188,0.5814181964513455,0.01835909107355796,-1.5951531076062477,0.6598773295672048,1.127942871967207,1.3643622927300878,0.2439823369132166,-0.32428217872766657,3.246112624258986,3.611735842654951,0.7598912632898273,0.5841383197212315,0.8069707847160468,1.099947794358136,0.2357440418559006,0.6853649840403343,1.648314880744129,-0.04248097655033679,-0.32030321536567735,1.1520527538291696,0
-0.4577006284139859,0.7225308599482267,1.0038746524609323,-1.161438585374874,1,0,0,1,0,0,-0.36935237260751347,-0.14136803138770584,-0.13144908275958464,-0.3290153579784917,0.2731635403268411,0.14554812675366366,-0.3500493744299327,-1.0984892620874973,0.5346455084697475,-0.44589865627206154,-0.03671261735874477,-0.17349527619775665,0.5677060154047514,0.2550181296120672,-0.7309345132665919,0.5400551218373006,0.09134942732143174,0.07139353620804233,0.3169427525726682,-0.550966827225982,0.741563286612812,0.7754768364559824,-0.188175006079615,0.6929608460627495,0.11743009308507753,0.550966827225982,-0.31694275257266885,0.8280155775560533,-0.18442671521636386,2.1195822962825224,2.152512822904422,2.100157812519166,0.8571550890128092,1.247911984700014,1.1755363964676604,1.938102103316653,0.44535835866158957,0.4275877563966659,-0.6882026220556532,-0.671894953798262,-0.38079122865820925,-0.6992004034990842,-0.7010026615289333,-0.9883334727336057,-1.0129879475475077,0
0.46750881644657266,-1.5708003115118816,-0.4445202009343899,-0.13478617003801185,1,0,0,1,0,0,-0.7100636717190902,0.9884322168609831,2.4655667449682035,-0.7068735817017732,2.1334305513855543,1.3064603632404148,-0.9967574960236061,0.14757385045194282,1.888918280270568,-0.7599415773006896,0.46612111689601954,-1.0818853428492423,-2.781119679377489,-1.0895815343210595,-0.0317736040285235,0.5286026951983218,-0.005825178057479667,0.6459224963511679,-0.34274413050805214,-1.1356331163529634,0.29731853104259454,-0.23437984005894966,-2.0510198378421105,1.0208558967439871,0.024637318377813456,1.1356331163529634,0.34274413050805214,-0.8152827261747027,0.5660657690356972,1.8648492331556514,1.9199438140005203,1.8270653287518537,1.487254965141063,-0.13859458152457876,0.012804842605544792,2.1241353938472036,-0.05424950115312168,-0.5588081172337243,-1.1261170097488256,-1.8518256481486735,-1.4469474413567518,0.2524949820049213,2.2623449208747504,1.6837875567381073,-1.3841377820692236,1
0.6988111776617119,0.026801178718756015,1.7280720791585935,1.0385308760612593,1,0,0,1,0,0,-0.1800683175455264,-0.28499163474201683,1.2630076917346462,-0.6275985791748366,0.7527913304129481,0.2658429617363047,-1.1599172147868992,-0.7810221607998442,1.563147119753281,-0.60173019569959,0.16845594623524193,1.2332739946258453,0.2456255615305054,0.03998512251932648,-1.064214893366286,2.0568707601936898,-0.40498417526539315,0.3494261668198757,0.4025854781078499,1.282759261399553,1.6528457859678602,0.005870308405044835,-0.06991772830648325,0.4113232982801169,0.12214566121642141,-1.282759261399553,-0.40258547810785056,0.10385022336961848,-0.9349191994684248,0.2909628074074919,1.3514417922354265,1.0931292786272029,-1.033144539371952,-0.38327221085833024,-0.5962450189412776,0.07776919801113909,1.6943780081983673,0.12408133374116129,0.3700904815361815,0.2746428559553643,0.43151826673115745,0.12560226393772106,-1.1948939252628807,-0.8213259083916238,0.34789477903211874,1
-0.9460056132015023,-0.2824120129387873,-0.4445202009343899,0.3052077222492148,1,0,0,1,0,0,0.2742134146032426,-0.475714476443288,0.48262362527457214,-0.502031604369397,0.10496726263800431,0.02212294290530339,0.4979741520538577,-1.2073108245226654,0.22918271991047376,-0.53922741051451,0.6178439065646024,-0.9759475628949219,-0.8296869981346555,-0.1059746038640316,-1.5360600094162853,0.026100669036889856,-0.9007141896719572,0.03891403181357524,-0.9971070548845234,-0.3421574382520592,-0.7983337559860834,0.11828079844944871,-0.2870718005410339,-0.1646713285907285,-0.7652353599712147,0.3421574382520592,0.9971070548845228,-0.4253475354589299,-1.6103624352952797,-1.3466068841223853,-1.1292943027395286,-1.3647030752786062,-0.40304466324369825,-0.9541866793037505,-0.6516131881728072,-1.0384305451721696,-0.5816133531797613,0.5034643620605421,1.1546870928197819,0.806259981981374,0.6853649840403343,0.37938770007212164,1.2745623934068555,1.1827648637121608,0.40975308478573785,1
1.521219573093319,-0.05050211919562982,-1.8929150543297122,-0.8681093238500562,1,0,0,1,0,0,0.26159447759911014,-0.474551532286573,-0.2721740783507456,-0.21733597485660297,-0.43079810277412617,-0.19700147769504636,-1.0378145400719192,0.7133757834482468,0.9270246089662597,-1.390965949470617,-1.1167471224107801,0.22055972319713246,1.9402382116716312,-1.3110151274453559,0.04527105270625133,1.0737372620853038,-1.749114090428622,-0.8669455527791388,0.5174554829923397,-0.21238889143210804,0.13315551305368628,-0.9337791038392996,-0.18827129839618162,0.14471366918406264,0.6054223578731567,0.21238889143210804,-0.5174554829923405,-1.2330704305130304,0.04072103005925432,0.00893691608845806,0.5632912620610914,-0.22112829950298704,-0.40304466324369825,1.7372672433675176,1.5631135810883663,-0.23228628620644656,0.22331042096616224,-0.7864379342253526,0.41570656358755365,0.2487103132223888,0.2961333508329291,0.9821281108913258,-0.4540570296619595,-0.5986491559356475,0.5953280020465953,0
-0.2263982671988458,-0.87507063028241,0.5693561964423357,-0.13478617003801185,1,0,0,1,0,0,0.8420655797892039,-0.5763091459991414,0.40586453677030254,-0.4869867133788835,-0.20564266634402464,-0.06686840342014477,1.5805396642489287,-2.595081820022953,0.39178274855536693,-0.7958716557603601,0.5516033380045587,0.5128883798845311,-0.2813546693262623,1.292280727503337,-2.0636759863519822,-0.33259378443530774,-1.411559037789697,0.15202592086004268,0.3041828515459622,0.39783372969061137,-0.9065472012975521,1.4944859388966258,-0.8698048202101447,-0.32450651737265934,-0.5686876324363446,-0.39783372969061137,-0.3041828515459622,0.35452284597261524,-2.0606579258465163,-2.056220417118665,-1.865762830935219,-2.1669122463450856,-0.40304466324369825,-0.6279498401920818,-0.8177176958673952,-2.0306080946684437,-0.8869292675109735,1.2622304186993043,-0.25028823436248077,-0.6459624110652865,-0.7192535184037778,0.2524949820049213,0.12214944469431245,0.3477270420022505,-0.45626319576493324,0
0.6988111776617119,0.4648532002336079,1.7280720791585935,-0.4281154315628296,1,0,0,1,0,0,-0.1800683175455264,-0.28499163474201683,-0.7327286093763631,0.9862553043844773,-1.0965742900288764,-0.981377464905278,1.0138029925890322,-0.677230333178443,1.220553614215889,0.07837753259054264,0.3308637909122008,0.7833762827750168,-0.30302281594326147,0.35020046912022107,-1.0287260894194132,1.964206033967379,0.17113468690815067,0.9743285852672642,0.1590389773671773,0.9106988955914741,-1.05980155743754,-0.10103532757186959,0.30529995740819255,0.06381123603877044,0.5211030932827189,-0.9106988955914734,-0.15903897736717798,0.35452284597261524,-0.9349191994684248,0.11810822885711679,1.1317932838261862,1.1614023995690306,-0.9386295579527137,-1.0357458890816678,-1.2052948804881005,0.20179139169817292,-0.859173275299045,0.27583454506891375,1.182056742050605,1.1822818516095268,1.142289075196852,1.0455744699249259,-0.6186874509066087,-0.26463402725168356,1.5850608941045057,0
0.33900750466038404,-1.1842838219399534,-0.15484123025532542,-0.8681093238500562,1,0,0,1,0,0,2.495146327330558,-0.7164439168833072,-0.23379453409861076,-0.2740436408977693,-1.1199234989304299,-0.33920875473772233,-0.7478777018994396,0.06448007556383173,0.7766395908010608,-0.7427812595963853,-0.42323651593621175,0.490222991623897,0.7779049038460929,-0.5124964907909525,0.08831289721281763,-0.37571789593497107,-0.6832350143130403,-0.5712733203146654,-0.2118842566452726,0.87874991804355,0.5278616948166357,-3.1005541170663836e-5,-1.4392525895242458,0.3259654168189677,-0.007509008823808389,-0.87874991804355,0.2118842566452719,-0.3417899945912644,0.340918023760079,0.7822337148664557,0.44700675760914055,0.13730558544161034,0.8571550890128092,1.3294711944779316,1.6184817503198954,1.1939689411944467,0.16779843654230542,-0.3311783002420958,-0.998391980004983,-1.488770049887009,-1.2946394109712458,0.2207718024881207,-0.7833178721512579,-0.48731077970765985,-0.76555472453303,1
0.72451144001895,-0.87507063028241,-1.168717627632051,-0.13478617003801185,1,0,0,1,0,0,-0.11697363252486404,-0.33325381724569214,0.40586453677030254,-0.4869867133788835,0.3521141607070098,0.12005814313280666,1.2824437026165276,-0.5393446186396482,0.8579345632817689,0.7728365649214938,1.0525949290653183,0.7987971693486086,-1.0236606515075157,0.9305233232744169,0.6904973285039491,0.39639513530736786,0.9715987341784629,0.9480018402640014,0.7837886966584708,0.312111980532898,-0.8535012460354756,1.4319924809274085,-0.7744864062013919,-0.08063166686904624,-0.442885676205755,-0.31211198053289735,-0.7837886966584715,0.4659329004628361,0.19081952690966666,-1.0827762115981268,-0.7416792878996918,-0.3576745413866426,-0.9386295579527137,-0.9541866793037505,-1.3160312189511594,-0.9764194483286528,-0.8869292675109735,1.0346006017076752,-0.5878472415426337,-0.8663890242955825,-0.8377153198147269,-0.12818317219668063,-0.12479618717266176,0.013711913318286572,-0.7036964187794109,0
0.33900750466038404,0.4648532002336079,-0.15484123025532542,-0.4281154315628296,1,0,0,1,0,0,2.495146327330558,-0.7164439168833072,-0.7327286093763631,0.9862553043844773,-2.1660807322775635,-1.3131944446715218,0.2986601171050349,0.058964562437170985,-0.41575029470668123,-0.6072964264812122,-0.6298511389694138,0.3666055593113186,1.0222326156467172,-0.42782304648805836,-0.06664185594388441,-0.2727484130624934,-0.49561874586545546,-0.19359636363843935,-0.13124877099039398,0.6301771912123648,-0.8427699101935785,-0.14769106076272157,0.2942587292102276,0.3289712282292235,0.6298281596092635,-0.6301771912123648,0.13124877099039328,-0.3417899945912644,0.04072103005925432,0.33645085439443295,0.13691474573727128,-0.06751377738387422,0.6681251261743327,0.8401159358104279,1.009431888773073,0.7598912632898273,-0.6371253376036178,0.19995793940503753,1.099947794358136,1.1044842234105985,1.1930584186586881,0.886958572340925,-0.4540570296619595,-0.2089648391376897,1.3994859768436472,0
-0.9460056132015023,-0.87507063028241,-0.4445202009343899,-0.13478617003801185,1,0,0,1,0,0,0.2742134146032426,-0.475714476443288,0.40586453677030254,-0.4869867133788835,0.06623390553984086,0.01049593283263177,0.5454775949826377,-2.5057173953908145,0.5930543850841168,-0.21440271286089568,0.7835080228965768,0.06630940181171774,-0.7338750753159078,-0.13227075944083885,-1.5372688330831197,0.1646334631606053,-0.3084652803108635,0.5047838772639923,-0.07652239220166908,0.16633209230480636,-0.8906632585547635,1.899173591803744,-0.6452844585637454,-0.016224658713278335,-0.5257755948883018,-0.16633209230480636,0.07652239220166766,-0.3139374809687093,-1.535313186870074,-0.7825551014843162,-0.5866332819637576,-0.6649035856248688,-0.05648973137315825,-0.46483142063624716,-0.4855086804782194,-0.4183195767369984,-0.9424412519348303,1.33810702436318,-0.7611883533378483,-0.944186652494511,-0.8884846632765624,-0.4771381468814831,0.03983423407198747,0.1250502895462747,-0.9511296417938885,1
0.46750881644657266,-0.9523739281967958,-0.4445202009343899,-0.4281154315628296,1,0,0,1,0,0,-0.7100636717190902,0.9884322168609831,0.2651395411791416,-0.4707845230814074,1.4202894050147734,1.124005743638491,-0.43447450094833506,0.6483303441793162,0.204612165208425,0.43572069585187345,0.0688480428801808,-0.13686019373091943,-0.14547698520616797,-0.6814818574406666,-0.43649438518896055,0.1438940688877236,0.5759520934961333,0.6722784122630208,-0.2763926451691775,0.08746187929198715,-0.07678127244823423,-1.327124236891555,-0.13511202224696564,-0.01752631291963616,0.5668431935556544,-0.08746187929198715,0.2763926451691768,-0.5089050763265954,-0.18442671521636386,0.8277217618533966,0.7829397704703327,1.0077878774499178,0.6681251261743327,-0.30171300108041293,-0.2086678343205727,1.0079356506638961,-0.3040534310604773,-1.3934507795363622,-0.934529465133063,-0.8534227529290943,-0.8038690908401701,-0.0647368131630805,-0.6186874509066087,-0.6543183440496418,-0.5181215015185524,0
0.4932090788038099,1.109047349520155,0.5693561964423357,-0.13478617003801185,1,0,0,1,0,0,-0.00340319948767178,-0.3838418880627976,0.7384872536221374,-0.5500595256083439,0.4091146516233567,0.12989638242506726,0.021536134399604567,0.8752065753683345,1.1148437373724043,-0.5005895109557992,-0.47713911365954936,0.27261200692713483,0.7940274993583182,-0.4921675802579436,1.3891473031762431,0.9002202486048249,-0.8457828017628162,-0.6142432394212943,0.013895103188392356,0.3580292690535297,-0.5217145662903183,0.19036878190925313,-0.6193942035363224,-0.162399614244374,0.02061524555676772,-0.3580292690535297,-0.013895103188393775,-0.3139374809687093,1.6918044954137887,0.8186241524560076,1.2093162867941527,0.7517636739180628,-0.24551969421163483,0.9216751455883455,1.009431888773073,0.5738579727592754,-0.44283339212011924,0.27583454506891375,0.2879815338437111,-0.08841274230630035,-0.14386762583630988,0.9186817518577256,-0.28942660841731066,-0.15329565102369538,0.47161139053935697,1
-0.5348014154856993,-0.7719995663965628,-0.8790386569529866,0.3052077222492148,1,0,0,1,0,0,0.07231042253712305,-0.41291549198067434,2.363221293629177,-0.6999297858599977,0.8133652694943978,0.22335965570154298,-1.3199975166158977,2.151670573830156,0.017089330336764366,-2.231877166102086,-2.639135917231785,0.42817396164118454,3.229751583061244,-1.6458567143190257,2.44002965828162,0.2762224164164522,-1.9794783656197064,-2.6960076412724296,-0.24010667662448162,0.8221130942085976,0.19096804274726767,-0.5088672412700492,0.2542152026439357,1.052305199858295,0.7988792202359564,-0.8221130942085976,0.2401066766244809,-1.5951531076062477,1.5667224147051118,-1.1009714303929035,-0.8105886238712191,-1.4557339032010432,-1.925786030553645,1.6828944368489056,2.0429710477616196,-1.307145298160744,0.08453045990652028,-0.5588081172337243,-0.3050275328241268,-0.13379469208900865,0.28767179358929035,-0.4612765571230828,-1.0302635040182315,-0.8213259083916238,0.6262571549234054,1
-0.9203053508442651,0.9544407536913834,0.27967722576327125,-0.13478617003801185,1,0,0,1,0,0,0.03445361152472564,-0.3879121926113004,-0.09306953850744984,-0.34058835104811747,-0.10330207051485639,-0.035117722067849196,-0.46388030334369595,0.026953547731577463,0.19761264940292209,-1.1027404318544434,-0.8769625438712769,-0.6047738827743836,0.4251998776723974,-0.5416972213741519,-0.6911316555338654,-0.2224268988097328,-1.2187485030139993,-0.9361287837476844,-1.0504933074560319,0.21702702713573208,0.10377937292464845,-0.7293551106475599,-0.4936606943321707,0.281241027380226,0.2261467024732155,-0.21702702713573208,1.0504933074560312,-0.6203151308168162,-0.7848207026180125,-0.5824076947417753,-0.5995537824584191,-1.0062691903340089,-0.24551969421163483,-0.6279498401920818,-0.2086678343205727,-0.728375060954584,-0.026493508941193386,-0.7864379342253526,-0.43275256256796935,-0.6070635969658218,-0.4654068010946016,0.12560226393772106,-0.6186874509066087,-0.5986491559356475,-0.45626319576493324,1
-0.6376024649146498,-0.8235350983394863,-0.4445202009343899,0.5985369837740325,1,0,0,1,0,0,0.766351957764409,-0.5623538161185606,0.32910544826603294,-0.4806215671905893,-0.2164109715865496,-0.06105489838380897,0.767672636539189,0.3604311402920135,-1.008070522301923,-0.6616996909827982,0.10600941586250764,-1.7325837772688137,-0.15988016474346994,0.2899228785841335,-0.7592119276993204,-0.5322760509816468,-2.0223050690298403,-0.4383648106020975,-2.018119135314598,-0.36149164093482894,-0.7777799641075205,-1.2552648940818916,0.8431800758192457,-1.1113694956226667,-0.5657953493003713,0.36149164093482966,2.0181191353145973,0.911573118423719,-0.18442671521636386,2.265144046640733,1.5581698001500064,0.47867119015075044,3.535079562557888,0.5954383064766764,2.227531611866718,3.2403351370305127,-0.859173275299045,-1.317574173872486,-0.8341740846200435,-0.32180562690308556,-0.7192535184037778,-0.9847090191502859,0.28677986593896093,0.1250502895462747,-0.9511296417938885,1
0.9815140635913272,0.20717554051898904,1.0038746524609323,0.3052077222492148,0,1,0,1,0,0,-0.16744938054139394,-0.28499163474201683,-0.4896581624461761,-0.03216808574259063,-0.40823852421255064,-0.19431832152442985,-0.3415726304756747,-0.32065083881333684,0.590959489938294,-0.3665150098536251,-0.6937044719541918,-0.8783266103465879,-0.17339177464705455,-0.3147172821541489,-0.4149649085829005,0.5553865331527345,-0.2890831898433204,-0.36049309681916814,0.6912331826893902,-1.8834893938105675,0.16050325734837356,0.024400603310280156,-0.2497515154603245,0.20848819018377565,0.5498984436303916,1.883489393810568,-0.6912331826893908,-0.20252742647848845,-0.25947596364157,0.47291499535525605,0.705416767502365,0.5469443110925782,-0.34003467563087314,0.758556726032511,0.4557501964577793,-0.046252995675895824,0.22331042096616224,0.12408133374116129,0.31535118307453414,0.13201387092399572,0.2115177783965368,0.8552353928241243,1.6861384465184783,0.7374113588002092,0.038603250264021984,1
-0.5862019402001745,0.026801178718756015,-0.8790386569529866,0.5985369837740325,1,0,0,1,0,0,0.7032572727437467,-0.55305026286484,-0.20820817126385424,-0.27520094020473185,-0.5854462929282408,-0.21265322202364279,-0.37983085171648545,-1.1648513667359435,1.3594188427606826,-1.7368242914591543,-0.8776086022308978,0.3102926641241638,0.7583709208884147,-1.2631028270651679,-2.224148499052343,0.7930730472152491,-3.4089205983088324,-2.221033003378251,-0.31054414497595056,0.7311960875261709,-0.7339134166969877,-0.6293080835786828,-1.0614091700764439,-1.0338897445229367,-1.0274722741734015,-0.7311960875261709,0.3105441449759499,-1.17736540326792,-2.0606579258465163,0.1272058382545045,0.5245297605771081,-0.972132629863095,-0.08799472517957138,0.5954383064766764,0.8433273810784847,-1.1004416420156866,-0.7203933142394032,-0.6346847228976005,-0.17730250308028428,-0.6848612251647502,-1.0069464646875115,0.506280418139323,-0.04248097655033679,0.3477270420022505,-0.45626319576493324,0
0.4932090788038099,0.7482986259196881,0.5693561964423357,-0.4281154315628296,1,0,0,0,1,0,-0.00340319948767178,-0.3838418880627976,-0.7071422465416066,0.722969712050491,-1.1334967046989337,-0.853927546800993,-0.2389123221116701,1.960298840122668,0.2592173460449412,-0.0857120174446677,-0.7240889372742005,1.2954088858875576,1.2750312187721007,-0.3099076445119125,1.4916408055058472,0.6175073225190383,-0.4978022685348442,-0.5331352652477704,-0.16027754582615011,1.9257445364369274,0.022557332801124274,-1.1962786642271126,0.2661765110765429,-0.3778208022607261,0.42084826125591707,-1.9257445364369274,0.16027754582614942,-0.23037994010104354,1.5417059985633763,0.3182556355996563,0.6020527635450756,0.3591932285025509,-0.49755964466293656,0.4323198869208419,0.5664865349208381,0.20179139169817292,-0.05424950115312168,-1.1658209625447336,-0.2594114507727547,-0.08841274230630035,-0.2284831982727022,0.2524949820049213,-1.6887851889968277,-1.211010225189582,0.038603250264021984,0
-0.35489957898503444,-0.9266061622253344,-0.4445202009343899,0.3052077222492148,1,0,0,1,0,0,-0.6343500496942954,0.4476631839884763,0.022069094248954552,-0.38340842540573283,0.9507837949680144,0.640590440232413,0.6019745337709435,-0.40775149394515825,0.2928733453787441,1.0925517715506776,0.9817585974205926,0.27176296610459166,-1.022343721209607,0.441754683196327,-1.150470248299233,0.3125537035230088,0.17861508013433558,0.25067131885572763,-0.5860329100839196,0.9518725779243598,-0.39566416848030467,-0.5928641172523645,-0.08628134497152601,-1.2988553018560276,-1.0316025055720854,-0.9518725779243598,0.5860329100839188,0.6330479821981672,-0.9349191994684248,0.74584327727690225,0.8087807714596554,0.8541733553308051,0.3215701943037938,-0.709509049969999,-0.5408768497097485,0.9459245538203791,-0.49834537654397587,-0.7105613285614767,-0.6060936743631827,-0.5551985114998699,-0.9900233502002335,-0.4136917878478824,-0.37174181903963527,0.06938110143228039,-0.7036964187794109,1
-0.6376024649146498,1.1863506474345409,-0.4445202009343899,0.5985369837740325,1,0,0,1,0,0,0.766351957764409,-0.5623538161185606,-0.3361399854376369,-0.1797237473803192,-0.7555580177447662,-0.29359509983724136,1.333325547228444,-0.20257344179339126,-0.15386883500302254,-0.06841643506879153,0.625605463811231,-0.552181260801841,-0.5239643213153692,0.6245222179982546,-0.9271150872487558,-0.295670969019771,-0.9253403851913716,0.4036094327125516,-1.0618771407249559,0.30004743805884815,-1.2300063884606744,-0.6507251357719274,-0.08677695737970115,-0.8251254961549376,-0.4192716877438681,-0.3000474380588474,1.0618771407249543,1.050835686536495,-0.5596729573423944,1.4463592008757944,1.0413497803635572,0.5640125913280355,2.589929748365507,0.18764225758709038,0.8433273810784847,2.3101686843777554,-1.192245181842186,-0.7105613285614767,-0.40538291333714505,-0.38663698373552574,-0.6684841749419423,-0.033013633646279864,0.12214944469431245,0.29205785388825667,-0.332546584257695,0
-1.1516077120594044,0.18140777454752677,1.7280720791585935,-0.8681093238500562,1,0,0,1,0,0,-0.6595879237025604,0.5377913561338942,0.39307135535292426,-0.4864080637254022,1.269648225209414,0.7895056077016303,0.8644163013981767,1.0371894941749291,-1.14973247055903,1.7691723339842658,1.7281843188459274,0.7345830008446264,-1.4592266584125488,-0.14194951108008225,0.46442001089834595,-0.7913755642440242,0.1746296813425466,0.2373091398790576,-0.04053384962865217,1.0420845785413573,-1.3438261882511993,-0.9583293590624613,0.7764666814231826,-2.216877883005463,-2.015038067378544,-1.0420845785413573,0.04053384962865146,-0.14682239923337803,0.41596727218528484,-0.027453521501095285,-0.43158727602782254,-0.34060626115118536,0.7941451013999841,-0.30171300108041293,-0.319404172783631,0.015758101167622184,-1.2755131584779709,-0.9381911455531051,-0.19554893590083341,0.22277777048941236,-0.7023304039164997,-1.0481553781838862,0.36909507656128593,1.0714264874841732,-0.76555472453303,1
-0.3034990542705592,0.9802085196628456,-0.4445202009343899,1.0385308760612593,1,0,0,0,1,0,-0.5838743016777656,0.247055316955127,-0.1826218084290977,-0.28098743673954474,0.6302303732174899,0.40715585338877514,1.0391897105955425,0.2635393910822733,-1.2811256392080268,1.3423326863638032,0.3652378789820457,-1.027710439316884,-0.36224642545332736,1.140311772171571,0.21802090090324436,-1.3055004051385166,1.7389423428731412,0.430773555837525,-0.46991781074089073,-0.9356157016516281,-0.30563250239543016,-0.1433075324692538,0.4394396615752426,-0.08909939904032468,-0.05426059654826358,0.9356157016516281,0.46991781074089,0.8837206048011639,0.04072103005925432,-0.44594355378095224,-1.0130097982875779,-0.3747428216220998,0.1010352376589052,-0.38327221085833024,-0.2086678343205727,-0.046252995675895824,-0.22078545442469194,-0.02767187758659086,0.3518440487156324,0.533968283285125,0.46536449570571364,-0.15990635171348128,0.7806711296729086,0.3477270420022505,0.10046155601764112,0
-0.7661037767008384,-1.158516055968491,0.5693561964423357,1.7718540298733036,1,0,0,1,0,0,1.1449200678883833,-0.6199195518759565,-0.68155588370685,0.5378018229364786,-1.6024799351999466,-0.8923861185798299,0.9679021583621097,1.338244826064377,-0.6980307296106175,0.45065392381501557,-0.2829694662149893,-0.45875802607401134,0.11928404973867074,1.433507814571079,2.112744124117594,-1.5217064942316585,0.7940695058884448,-0.08513608156258043,-0.22931895624632825,-0.39825548305102343,0.0864526052585879,0.2797176618348316,-0.5749368823423805,0.17858135193007957,0.28475535152998055,0.39825548305102343,0.22931895624632756,2.373830083607866,3.3804125849809257,2.4243522110950266,1.009048529126904,1.3320852019236007,2.7474547173975705,1.0032343553662626,1.2585886503149546,2.3101686843777554,0.029018475482663446,0.19995793940503753,-0.15905607025973648,-0.4255357978349895,-0.33002188519637315,0.5380035976561225,0.03983423407198747,-0.15329565102369538,-0.20882997275045564,1
0.7502117023761872,-0.35971531085317227,-0.4445202009343899,-0.4281154315628296,0,1,0,1,0,0,-0.6848257977108253,0.7238624212083051,-0.6559695208720935,0.4481111266468789,0.17807456053538515,0.2103910675435631,-0.5537446470888406,-0.11188507135724364,0.21820967117367898,-0.6105395334868918,-0.22716630204602908,-1.2628606046083592,-0.05699430682892229,-0.12144689389571058,-1.2865300519920575,0.32307996368500785,-0.7510467025064996,0.13946509712028482,-2.203903294263443,0.4634132099205562,0.6486471060008406,-1.1352517919184126,0.02636427522883896,0.08007446715077292,0.43148784100804954,-0.46341320992055685,2.203903294263442,-0.17467491285593337,-1.2351161931692491,-0.2276009282436361,-0.031051760693324323,-0.32353798091572933,0.2270552128845555,-1.6882195673050053,-1.0945585420250417,-0.10826409251941274,0.9449662184763004,-0.8623145398892288,1.0725781451273115,0.9229564242797662,0.9053654723749538,1.1407440084753266,-0.6186874509066087,-0.48731077970765985,1.3376276710900281,1
0.9815140635913272,-0.7719995663965628,1.0038746524609323,0.5985369837740325,0,1,0,1,0,0,-0.16744938054139394,-0.28499163474201683,1.1478690589782419,-0.6142896371447669,0.7035586646476326,0.2555575297489413,-1.2772934086472458,-1.76505585601745,1.3715240566181224,-0.4799670665696587,0.12602689962466287,0.8414973700607702,-0.10693391911324879,-0.294769749615918,-0.3914218838050509,0.5136499914194531,0.41104538418831615,0.48797661178585583,0.8939738323359463,0.2610696854503818,1.4815771168428435,2.0304767045341032,-1.3587506265646312,1.055990108770367,0.31257304266697183,-0.2610696854503818,-0.893973832335947,-0.2582324537235989,-0.3345252120667762,0.11810822885711679,0.369483754641173,0.529876030857121,-0.24551969421163483,0.02452383803125581,-0.3747723420151606,0.139780294854656,2.0829618991653644,2.8556391376407038,1.6564639953848757,0.5469345546516133,0.9730579303240674,2.187608932529733,0.28677986593896093,0.45906541823023866,1.646919199858125,0
-0.7661037767008384,0.7482986259196881,0.5693561964423357,-0.4281154315628296,1,0,0,0,1,0,1.1449200678883833,-0.6199195518759565,-0.7071422465416066,0.722969712050491,-1.703953806535962,-1.0354877810127112,1.0711760643169206,2.4966253803198244,-0.971071443580488,1.0988773720950196,0.19946259082777384,1.2884869098764895,0.3716463277071836,1.5093878531578102,2.0287408370154942,-1.183500578361616,1.2638157276163269,0.8644130392604682,-0.3471945350124867,2.1016857808501404,0.018666165551449194,-1.3943486512432162,0.1381832495677018,-0.2313343944096063,0.5846199515425258,-2.1016857808501404,0.347194535012486,2.1185153754011106,2.81754322179188,1.6283113888235585,0.6322005980326186,1.1614023995690306,2.4324047793334436,-0.22015379130249568,-0.07947543944700425,1.7934095440151123,-0.1375174777889068,-1.3934507795363622,-0.5787240251323598,-0.4255357978349895,-0.48232991558187904,0.15732544345452057,-1.853415610241477,-1.378017789531564,-0.332546584257695,0
-0.7918040390580765,0.6709953280053031,0.5693561964423357,0.3052077222492148,1,0,0,0,1,0,-0.785777293743885,2.7444778935007363,-0.46407179961141953,-0.03795458227740351,1.3366494478975959,2.1400275469119494,-0.4541986786709023,-0.9082296972027103,0.0559197377933,0.24640971739857268,0.7619915467396201,0.025133748070056756,-0.5434255056002842,0.5411856149926733,-0.04897003887948957,-1.019436456812501,1.4133723427682965,1.2460937267423549,0.6912331826893902,-0.651277219968356,1.1723206090187237,1.1975166524145857,-1.1008794799052046,1.0685921899479578,0.22594166166688737,0.651277219968356,-0.6912331826893908,0.2152602778598393,-0.3345252120667762,-0.8917264142529749,-1.2197378062021575,-0.6990401460957827,0.3845801819166189,-0.709509049969999,-1.0391903727935126,-0.6043528672675491,1.1392581639597994,1.1863538130354276,0.15113328768959466,-0.4514683405679659,-0.025405824425361403,0.6014499566897238,0.2044646553166367,-0.09762646290970158,-0.023255055489598248,1
0.004904094016293398,-1.0296772261111817,-0.15484123025532542,-0.4281154315628296,1,0,0,1,0,0,-0.5207796166571032,0.017373846003900996,1.1862486032303767,-0.6171828854121734,1.2106585881140144,0.49033369467788745,0.7633858650814684,0.6954067058999442,1.5743087087762713,0.04704524683633856,0.7500842587085819,0.6864560199473533,-0.5706715623359455,-0.9267834675330473,-0.8801411201329186,1.8830824464929472,-1.3109620751831472,-0.6434444461233255,-1.175091701728231,2.1016857808501404,-1.9875377490706807,-1.8361735806978496,-0.2598164896045218,-1.3634826462049288,-1.6033445377614053,-2.1016857808501404,1.1750917017282303,-0.8988402670423681,-0.8598699510432187,-0.18211288125669506,0.795860270964994,0.17144214591252482,-1.3166894836296663,-0.38327221085833024,0.17890935030013266,-0.17027518936292965,-1.858388994928467,-1.6969572021918669,0.19674936974096682,0.028283699992091807,-0.5161761445564365,-0.2233527107470814,-0.20711139779498602,1.127095675598167,0.16231986177126023,1
0.33900750466038404,-0.46278637473902035,-0.15484123025532542,-0.8681093238500562,1,0,0,1,0,0,1.5992018000371522,-0.6641114298311291,0.09882818275322415,-0.43259364595164235,-0.6335049117596983,-0.17643061372031965,0.8384559036844631,-1.4687521801607042,-0.20526430956509412,2.1536567152933777,2.591728286298533,1.4963368782529574,-1.8604111675514747,-0.3116020810178338,-0.29943809353496903,0.028811739335423886,-0.478721333354019,-0.01671660137345379,0.17516607449815386,1.8670974549658579,-1.4772424722106763,1.7159379523582983,0.3095562070091122,-3.38414315946669,-3.385694212200333,-1.8670974549658579,-0.17516607449815458,-0.06326485836571254,0.04072103005925432,1.1188452625698195,0.9638267773955896,0.700558833211691,1.140700033270523,1.5741488238116832,1.6184817503198954,1.5040244254120325,-1.4142931195376127,1.33810702436318,-0.47836864461934153,-0.2569742700706454,-1.531563013793144,-1.3019408143182878,0.6160407084282594,2.12914106165006,-1.198562864808365,0
-0.5091011531284612,-1.3131226517972627,0.5693561964423357,1.478524768348486,1,0,0,1,0,0,0.009215737516460692,-0.38616777637622773,1.1222826961434853,-0.6061885419960289,0.5408184679675797,0.17148530306962345,-0.9837311536497487,-0.7083719295332112,1.2216806800685405,-1.4115744790194966,-0.5909600101127843,-0.51711848493109,0.4125512614860104,-0.7148973542975978,-0.16633703089812907,0.07252102125331301,-1.6931847866588274,-1.4041023388463352,-0.6468551049778863,-0.06374491962016399,0.6535851027858285,0.8056299180433192,-1.5972017837397905,0.22801300327909935,-0.6025556915549349,0.06374491962016399,0.6468551049778857,-0.45320004908148526,0.26586877533487285,1.3917735444914656,1.2222367872888142,0.3591932285025509,0.7941451013999841,1.3294711944779316,1.9506907657090713,1.1939689411944467,2.2124898628210303,2.8556391376407038,4.910411181716088,2.794421591509539,2.7556259896507327,4.6408681484956125,3.0854970270979956,3.353863200157928,4.698595617036679,1
1.5469198354505571,0.10410447663314094,-1.8929150543297122,0.3052077222492148,1,0,0,0,1,0,0.2363566035908452,-0.4704812277380702,-0.7711081536284979,1.1164514764177673,-1.6548476154645493,-1.2246502910411765,-0.8784386953732383,-0.6674948046460719,0.6220473278871442,-1.4799479899873846,-0.8630334164393942,-0.05330877242392066,1.6604312386925963,-1.3327009995166421,0.32358320402091667,1.1112156183653887,-2.058642877983892,-1.2995465774480275,0.4407888507730546,-0.5098758229700693,-0.1101287464948471,1.2403161176989694,0.2663049953009487,-0.042000781977631525,-0.14676858739500503,0.5098758229700693,-0.4407888507730553,-1.2609229441355856,0.26586877533487285,-0.082039177885424,0.49868875958778525,-0.40887938209301433,-0.655084613695,1.9003856629233515,1.784586258014483,-0.4803306735805153,0.3065783976019474,2.020996475338066,1.793312241538992,1.6879664349025603,1.5653669373788135,0.8235122133073248,0.9453015509175579,0.7374113588002092,1.5850608941045057,0
1.1871161624492292,0.1298722426046032,0.5693561964423357,-1.161438585374874,1,0,0,1,0,0,-0.33149556159511606,-0.16869721907050997,-0.42569225535928473,-0.10739254069515815,-0.11828247531010876,-0.04674473214052082,-1.0208246309622724,-0.2687581363435684,0.2804566127688724,-1.1078505173323228,-0.7085158672618043,-1.6106546241258954,-0.015599851654366519,-1.2851010875444462,-0.8603474214588004,0.3605481595018391,-0.8936540046739341,-0.25137664082982014,-0.946287449071263,-1.2582244350408798,0.13542363418964823,-0.4929981835529723,-0.021077455839791998,0.6105025628048518,0.6756849644113858,1.2582244350408798,0.946287449071263,-1.2330704305130304,-0.8598699510432187,-0.2639913658331881,-0.04397226118798574,-0.3918111018575571,-0.08799472517957138,-0.6279498401920818,-0.26403600355210183,-0.046252995675895824,-0.05424950115312168,-0.6346847228976005,-0.642586540004281,-0.5551985114998699,-0.29617565622181696,-0.2550758902638815,0.12214944469431245,-0.4316415915936655,-0.45626319576493324,1
0.72451144001895,0.6967630939767645,0.27967722576327125,1.7718540298733036,1,0,0,1,0,0,-0.14221150653312897,-0.29080635552559214,-0.20820817126385424,-0.28098743673954474,-0.06100487339937212,-0.006497389581272905,-0.8590822185776891,-0.10194920867324202,-0.44891156638577967,-0.8592347753545551,-1.2242497831365853,-1.5025287947029176,0.641562243469235,-0.9908160286820502,-1.116287715403256,1.4285443196909084,-0.901156646139917,-0.49492281564087354,-1.4375436385994584,-0.6235317921885499,0.20456303588224223,-0.9783440397051223,2.0492264228762265,0.2671992438948546,1.1083888763283454,0.6235317921885499,1.4375436385994576,-1.0659553487776992,-1.2351161931692491,-1.0463857740085747,-0.25070026910256554,-0.5795621844475838,-1.6317394216937933,-1.2804235184154193,-0.8730858650989243,-0.8523972546416179,0.25106641317809053,-0.8623145398892288,0.2606118846128881,1.3119445652744073,1.3622895635314727,-0.857816301083085,-0.9479482933959068,-1.266679413303576,0.2860364732784985,1
0.23620645523143258,0.5163887321765315,0.27967722576327125,-1.6014324776621007,1,0,0,1,0,0,-0.4576849316364408,-0.03495864104827709,-0.7583149722111197,1.1135582281503609,-0.8813816535575657,-0.8874669989336996,0.838717741720679,1.4404779846103248,-1.3102890231286184,0.400103223999077,-0.04968385093485857,1.1733043010957247,0.890730020908156,0.144606376906145,0.7115903250368446,-0.40236081566389215,0.1464253206621895,0.29945137772457014,1.9272971434377506,-0.31122271395962636,-1.0217684485565326,-1.2642456738562418,1.3868751733458595,-0.3953208016404201,0.35694742639647314,0.31122271395962636,-1.9272971434377513,0.2152602778598393,0.7912135143113154,0.32735324499704527,0.05939174276930372,0.12023730520615308,0.7941451013999841,2.3081817118129377,1.2862727349307197,0.015758101167622184,-1.1089772052064004,-1.3934507795363622,-1.235595606672119,-0.4514683405679659,-0.5669454880182719,-1.3653871733518879,-0.20711139779498602,-0.3759724034796717,-0.9511296417938885,0
-0.5091011531284612,-0.6173929705677911,-0.4445202009343899,1.0385308760612593,1,0,0,1,0,0,-0.028641073495936725,-0.364653309476999,-0.68155588370685,0.6274925192260784,-1.01176655336568,-0.7653833931706475,-0.8591338033018092,1.426179581905506,-1.030835192947509,-1.155704720144666,-2.1360104258983355,-0.503684639035634,1.998216799320458,-0.1606615862615313,1.4282198427761712,0.5424726123296624,-0.7544410810688719,-1.0454290124590426,-0.4215365193479638,-0.26889098598050765,1.0341153031519967,-0.5267169482961749,1.9543189014746447,0.8131916555226263,1.7562602124199296,0.26889098598050765,0.42153651934796316,-0.09111737198826762,1.4666567501381707,0.2909628074074919,0.5374502610717695,0.18851042614798086,-0.7495995951142377,0.6769975162545934,1.009431888773073,0.139780294854656,0.7506742729928018,-0.6346847228976005,-0.5331079430809875,0.4821031978191731,0.8038267854512828,-1.0798785577006862,-1.5241547677521787,-1.7677021063295222,-0.20882997275045564,0
-0.3291993166277972,-0.35971531085317227,-0.15484123025532542,-0.4281154315628296,1,0,0,1,0,0,-0.09173575851659908,-0.3408129542643401,-0.6559695208720935,0.4596841197165047,-0.8703179114872959,-0.6173626110916358,-0.36957525765376426,0.3894419160184414,0.03944832327612355,0.37112120299782453,0.76152243031506,1.4228216499178885,-0.1666931261232953,0.18734605777993102,-0.47324910554790306,0.006669411284522856,0.6442842903723923,1.317606252448971,1.627894984056482,0.3260326064644921,0.7010973657292788,-1.0086118165543994,-0.04722506429973952,0.1375004710332921,0.2963695985630279,-0.3260326064644921,-1.6278949840564827,0.04814519612450831,-0.5596729573423944,-0.43684594438356456,-0.3669847735545164,-0.10165033785478751,0.41608517572303205,-0.46483142063624716,-1.0945585420250417,-0.23228628620644656,1.0282341951120857,-0.7105613285614767,1.1546870928197819,0.9488889670127426,0.9561348158367899,1.0772976494417266,-0.37174181903963527,-0.26463402725168356,1.3376276710900281,1
-0.07219669305541997,0.8771374557769975,1.0038746524609323,-1.6014324776621007,1,0,0,1,0,0,-0.7731583567397526,1.962397948109853,-0.5664172509504457,0.07488210015144776,0.9932680292086238,1.4513507964537073,1.0750668671386843,-9.896622377739044e-4,-0.40194540101535703,0.7729149349640017,0.3423557417866824,-0.421531176500836,-0.34028087007258734,0.8168026648500256,0.2666639806880428,-0.545983145897151,1.0190237800364794,0.7451360704148785,-0.4157307643808121,-0.1626015385546773,-0.6787670501596429,0.26849646441431746,8.124212258614662e-4,-0.033711676084794855,0.2824011122665228,0.1626015385546773,0.41573076438081064,0.4102278732177254,-0.10937746679115769,-0.982702508226857,-1.077612300760884,-0.6819718658603261,-0.2770246880180474,-1.1173050988595852,-1.0945585420250417,-0.728375060954584,-0.5261013687559044,0.5034643620605421,0.7076494887163344,0.5987996401175653,0.549980068142106,0.8235122133073248,0.03983423407198747,-0.04195727479570725,0.7190446135538346,1
0.004904094016293398,-0.7977673323680251,-0.15484123025532542,0.5985369837740325,1,0,0,1,0,0,-0.5207796166571032,0.017373846003900996,-0.8094876978806327,2.7337772578979687,-1.2176464931239974,-2.0993592026621646,-1.2325995879215716,-0.7427174644863827,2.179871756042757,-2.145350679252708,-1.5621904955137729,-1.0784239639924365,1.0715288486542205,-1.0398252570403825,-0.9995454939242499,1.7984101890346933,-1.1584292802426046,-0.5762969008800543,-0.6711839829354725,-0.8051695616290189,0.6749785868583041,0.018080295311219432,-1.1727289146841426,1.7495517167728758,1.4682823973356345,0.8051695616290189,0.6711839829354719,-0.9823978079100336,-0.9349191994684248,-0.018355912103706302,0.9121447754169449,0.3421249482670949,-1.222174502210428,-0.05703537174666111,0.2896456887631914,-0.23228628620644656,0.19555442875423396,-0.4070549059059717,-1.272088472313216,-1.5795339494524245,-0.9561771212256767,0.1890486229713212,-0.9479482933959068,-1.32234860141757,-0.8892713360402683,1
-0.5091011531284612,-0.46278637473902035,0.5693561964423357,-0.8681093238500562,1,0,0,1,0,0,0.009215737516460692,-0.38616777637622773,0.09882818275322415,-0.43259364595164235,0.06295072089127916,0.03732749453879705,0.6575576153987791,-1.3983837806388717,-0.37319557639575096,1.0474607690147735,1.3556603990091378,0.7843957101017667,-1.358866583074205,-0.5806693957874599,-0.21975135527824718,-0.08428022208494385,-1.436932047898682,-1.2228970866634108,-0.6555439899627394,1.7199827421231704,-1.4945478893911865,1.6991835407145153,0.4254773598170726,-2.839889143843967,-2.9563459010101414,-1.719982742123171,0.6555439899627387,-0.3139374809687093,0.19081952690966666,1.3371878881071357,1.0801112818475405,0.3591932285025509,0.8886600828192224,1.0032343553662626,1.5631135810883663,1.1939689411944467,-1.4420491117495413,1.2116460149233863,-0.6851615499188952,-0.38231489328002904,-1.4187422505446208,-1.4922798914190887,0.34165667302051117,1.5910055765481175,-1.2810406058131916,1
-0.1749977424843705,0.10410447663314094,-0.4445202009343899,0.3052077222492148,1,0,0,0,1,0,-0.1800683175455264,-0.28499163474201683,-0.7711081536284979,1.1164514764177673,-1.3313652582592923,-1.0819958213033978,0.18032149755467192,-1.6028628420569067,-0.11186622051738483,0.42920160785570244,0.408463665087418,0.5180408842965766,0.27410253455634087,0.3102548307993667,-0.6808747899406574,-0.10422478178550787,0.6446917959175261,0.5862804236900667,0.6912331826893902,0.020989325180847843,0.059261539451844744,1.5178941355994342,0.048189016693039356,0.05944166662847717,0.04136595399227785,-0.020989325180847843,-0.6912331826893908,0.10385022336961848,-0.7848207026180125,-0.6187981323313287,-0.5737127814690962,-0.3064697006802721,-0.2770246880180474,-0.05703537174666111,-0.3747723420151606,-0.4803306735805153,0.3065783976019474,1.9451198696741894,1.0269620630759395,0.8970238815467907,0.8715192434003977,0.664896315723324,-0.04248097655033679,-0.04195727479570725,1.0901944480755505,1
0.72451144001895,-0.4370186087675581,0.27967722576327125,-0.8681093238500562,1,0,0,1,0,0,-0.14221150653312897,-0.29080635552559214,0.022069094248954552,-0.38514437436617666,0.13797971968932107,0.07399729553722294,-0.8690752211875254,-0.12456627012761148,0.6117539786198677,-0.6629819470692458,-0.2066616518758104,0.20170931654959728,-0.5260966601093058,-1.0621763005451499,-1.1358518950341958,1.2680426522628452,-1.0390039587332087,-0.6797800740152927,-1.2246659564705729,1.4897162350650546,0.14715620643470165,-0.9669003787417566,0.4379723933040085,-0.1346127014530516,-0.3950026649279727,-1.4897162350650546,1.2246659564705722,-1.0659553487776992,-1.1600669447440433,-0.555114866549611,0.13691474573727128,-0.2894014204448148,-1.2851844898232538,-0.9541866793037505,-0.5408768497097485,-0.4803306735805153,-0.10976148557697851,-1.0899443568808573,-0.8889133830816909,-0.5551985114998699,-0.5669454880182719,-1.238494455284687,-0.7010026615289333,-0.04195727479570725,-0.76555472453303,1
-0.6119022025574117,-0.2566442469673251,1.0038746524609323,-0.4281154315628296,1,0,0,1,0,0,-0.6595879237025604,0.627919528279312,-0.5920036137852022,0.18482553431289261,0.2556084424433628,0.34007694912336195,0.44528514664146995,0.19246179608580802,2.3529017875166955,-0.11038807886073101,1.185230476701144,-0.6536708221550006,-1.5456364254580985,1.0188028124663104,-0.6895513788829603,2.2052275765082054,0.962075444195894,2.058044727839135,0.30418285154596364,-1.1932138872518323,0.3987959301816825,-0.954937289195657,-1.0004545231577877,1.1031047146502675,0.4684224433137659,1.1932138872518323,-0.30418285154596436,0.605195468575612,-0.8598699510432187,-0.9008240236503626,0.24027874969456073,0.6322857122698633,-1.411204465048904,-1.7697787770829225,-2.0358174189610403,-0.35630847989348147,0.9449662184763004,-0.482931511569848,1.9666533533342068,1.0137203238451828,1.4638282504551436,2.1558857530129325,1.6038232358961542,1.0157572993701793,1.8324941171189824,1
-0.07219669305541997,-0.3339475448817109,1.0038746524609323,-0.13478617003801185,1,0,0,1,0,0,-0.7731583567397526,1.962397948109853,-0.10586271992482811,-0.33653780347374845,1.6133935675181517,1.7693048026717657,0.37641552746423174,0.33016728269639795,-0.3048238975040348,0.2629425751487519,-0.3802739717798934,-1.2025091514955069,0.23007969776731244,1.0010251830339956,0.39339751614970325,-0.4029761557266506,1.0854972823699751,0.718570724477345,-0.16027754582615011,-1.4811177417461807,0.4767976142586962,-0.05906796147721564,0.011752305916053462,0.7211420683796835,1.1959192416075772,1.4811177417461807,0.16027754582614942,0.38237535959517033,-0.18442671521636386,-1.455778196891044,-1.4006248131274146,-0.9892009100985523,-0.8126095827270634,-1.0357458890816678,-1.0945585420250417,-1.2864749325462383,0.3898463742377325,-0.1035484832504671,-0.14080963743918734,-0.11434528503927678,0.17767154942198057,0.506280418139323,-0.20711139779498602,-0.8213259083916238,0.10046155601764112,1
0.72451144001895,0.5163887321765315,0.27967722576327125,-1.6014324776621007,1,0,0,1,0,0,-0.14221150653312897,-0.29080635552559214,-0.7583149722111197,1.1135582281503609,-1.2803870073618515,-1.0842317847789116,0.06234067814469177,0.18110684506941493,0.17846537364695642,-0.2892004028889843,-0.6051769826359531,-1.3982908716829057,-0.39960114262278396,-1.0280165979082567,-1.1437401982200277,1.4394579418118594,-1.160368002994384,-0.6726551805543279,-1.1427899248825406,-0.7736968421314995,-1.1138683023803984,-1.3943486512432162,1.2025482663254234,-0.7599099620581472,0.1300428544496976,0.7736968421314995,1.14278992488254,-0.9823978079100336,-1.0850176963188372,-0.10933200607758836,0.6408142650290589,0.10316902497069583,-1.0646495331783645,-0.709509049969999,-0.26403600355210183,-0.046252995675895824,-1.1089772052064004,-1.3934507795363622,-0.5787240251323598,0.08014878545804377,-0.2284831982727022,-0.7309235830158842,0.36909507656128593,0.013711913318286572,-0.5181215015185524,0
0.5189093411610479,-0.07626988516709207,-1.6032360836506476,1.0385308760612593,1,0,0,1,0,0,-0.7353015457273552,1.1163560740996408,-0.7966945164632545,1.9554934739656356,-0.32069262942024446,-0.6526908340047534,-1.6952246717889057,-1.2478723341904405,1.1339155901646814,-1.5662562496468695,-0.7507798339801456,-0.03932524238527155,0.5545333607327472,-0.9978788258138879,-1.4072094942304747,1.1306783359145598,-0.461674097246369,0.30096025517570807,0.7577574583546642,-0.8051695616290189,1.3601824073608162,0.30303236094192293,-0.41387791276114544,1.6581230149068384,1.269879666359455,0.8051695616290189,-0.7577574583546649,-1.0659553487776992,-1.4602639384448675,-1.0008977270216337,-0.3411437725651945,-0.4942207832702994,-1.033144539371952,0.02452383803125581,-0.319404172783631,-0.8523972546416179,0.4731143508735179,-0.4070549059059717,-1.874220755391329,-1.7480954772167696,-1.159254495073018,-1.016432198667086,-0.9479482933959068,-1.32234860141757,-1.6934293108373202,1
-0.5091011531284612,0.5163887321765315,0.5693561964423357,-1.6014324776621007,1,0,0,1,0,0,0.009215737516460692,-0.38616777637622773,-0.7583149722111197,1.1135582281503609,-1.4103042146760802,-1.1575713867757633,0.27821583892333906,0.7776302169276015,-0.7532336400864725,-0.6234638989784923,-1.3717833576931426,-0.616143415020609,1.084357009376117,-0.601892185922167,-0.24651528509832016,-0.05651838693722953,-1.0693101019976001,-1.3766805522410754,-0.3409010336930824,-0.5022446364654003,-0.9882694768414727,-1.3142754780818005,0.972900091215064,-0.218050087815267,0.43932493927872146,0.5022446364654003,0.34090103369308167,-0.45320004908148526,-0.03432821836595151,0.6730624020977969,0.5374502610717695,0.0519641842643253,-0.05648973137315825,1.247911984700014,1.6184817503198954,0.6358690696027934,-1.053465220782544,-1.3934507795363622,-0.998391980004983,-0.41256952646850126,-0.4654068010946016,-0.9529858396334858,-0.28942660841731066,-0.5429799678216537,-0.7036964187794109,0
1.3927182613071303,-1.132748289997029,-0.15484123025532542,1.0385308760612593,1,0,0,1,0,0,-0.356733435603381,-0.14543833593620858,-0.2849672597681238,-0.24048196099585453,0.0999991095656377,0.07399729553722294,-0.7639616120990456,1.0570710880670293,0.6761945681070028,-1.44332021621976,-1.2316087714133181,-1.4420335715216603,0.39930170657054553,-0.13856425613471873,-0.05677566000754655,1.2367921897134204,-0.7398552367170244,-0.09977693145615468,-1.4375436385994584,-0.5410235229891278,0.9238554464343569,-1.507739852231702,0.3184762476235155,1.2162047088958585,1.50373896850223,0.5410235229891278,1.4375436385994576,-0.23037994010104354,-0.18442671521636386,-0.4004555067940112,0.26611975068388355,-0.05044549714841698,-0.8756195703398886,-1.1988643086375024,-0.762349526635866,-0.29429738304996345,0.6951622885689447,-1.4693273852002382,-0.42362934615769415,-0.2051091846046925,0.27921023634565156,-0.0647368131630805,-0.8656330827735822,-1.1553410370755877,0.038603250264021984,1
-0.9203053508442651,0.5163887321765315,0.27967722576327125,-0.8681093238500562,1,0,0,1,0,0,0.021834674520593164,-0.3879121926113004,0.46983044385719386,-0.49740240714154665,0.26839092480453836,0.0860714983049973,0.5423507292445712,-1.379571289033541,1.2677430810935826,-0.12351474980580561,0.8946248467966474,-0.09333443386166641,-1.228238740799779,-0.05681007098751293,-0.21946497714415153,0.21212472838492935,-1.1406250465313428,-0.7202596817224766,-1.3361733137761789,1.197903388495955,-0.8109158448532374,1.6736496929224398,-1.5198823667035082,-0.9641638125557177,-1.8662495079807642,-1.197903388495955,1.3361733137761782,-0.28608496734615396,-0.4846237089171882,-0.9281168518425269,-0.6899972859210471,-1.05747403104038,-0.6865896075014126,-0.8726274695258333,-0.3747723420151606,-0.790386157798101,-0.8036612908751883,1.413983630027056,-0.2685346671830286,-0.9830854665939747,-1.2438700675094103,-0.033013633646279864,0.5337254978059351,1.4054416161681371,-0.332546584257695,1
-0.8432045637725518,0.9544407536913834,-0.15484123025532542,-0.13478617003801185,1,0,0,1,0,0,-0.38197130961164594,-0.11927209241011955,-0.08027635709007157,-0.34058835104811747,0.33584572510140825,0.17148530306962345,-0.6070008246011995,0.46181159119241366,0.09978831441263762,-0.6109170540050183,-0.23377963975847263,0.12703327269443257,0.10596099083929318,-0.7050580226127537,-0.034539534995248276,-0.26938588266867625,-0.8083895447840279,-0.33613336538967287,-0.3224700655433951,0.4930801176436278,0.13956375389698147,-0.668451849861496,-0.40712080133692974,0.023724292201751897,-0.0242438269825757,-0.4930801176436278,0.32247006554339436,-0.7038726716844818,-0.10937746679115769,-0.2276009282436361,-0.3282232720705331,-0.6136987449184976,0.3215701943037938,-0.46483142063624716,-0.3747723420151606,-0.6663639641110671,0.029018475482663446,-0.7105613285614767,-0.3415203984652251,-0.4903671546674297,-0.44848368660732285,0.062155904904119784,-0.5363722402842841,-0.3759724034796717,-0.3944048900113141,1
0.18480593051695732,0.5936920300909173,-0.8790386569529866,-0.8681093238500562,1,0,0,1,0,0,0.3499270366280375,-0.49141422255894146,-0.4896581624461761,-0.03216808574259063,-0.7854332238441241,-0.3530717282859077,-0.4146107084384757,-1.3632214965968,0.6338518041019439,-1.3419973593638461,-1.2563571140855665,-0.280593013126915,1.333606075014849,-1.218947855250819,-0.6750572720180359,0.4214311184096392,-1.8811889611596235,-2.0290581559776313,-0.805928537777492,0.41661470759684033,-0.64143205171474,1.1948067300452991,-0.44299901902892497,-0.052402917832759646,-0.34765458557399276,-0.41661470759684033,0.8059285377774913,-1.1495128896453646,-0.6347222057676005,-0.018355912103706302,0.2015172482105774,-0.5795621844475838,-0.9071245641463012,0.5954383064766764,1.1755363964676604,-0.728375060954584,-0.5538573609678327,1.2622304186993043,0.31535118307453414,0.028283699992091807,0.008440404549195996,0.31594134103852145,-0.12479618717266176,0.06938110143228039,0.2860364732784985,0
0.6988111776617119,-0.8493028643109486,-0.15484123025532542,1.478524768348486,0,1,0,1,0,0,-0.3188766245909836,-0.194863462596599,0.08603500133584588,-0.43201499629816104,0.37740809461154995,0.18400669853250057,-0.6016607036616733,-0.7347222197118873,0.9887293695477964,0.46882112807473225,0.9512021961096154,0.20292700698306043,-0.9944289509243803,-0.5857337580683117,-1.1233633680726736,1.7819391475200426,0.7192325980760047,1.51943285228703,0.49320743187182114,-0.21238889143210804,0.25136558491549676,-0.11693145727659025,0.43905082289958985,0.07983163428929653,0.24682100566222315,0.21238889143210804,-0.4932074318718218,-0.5924626171942612,-1.0850176963188372,-0.20940570944885942,0.7183372679970265,1.0077878774499178,-0.9071245641463012,-1.1988643086375024,-1.482135726645747,0.2638024885416898,0.029018475482663446,-0.3311783002420958,-0.6973258384659271,-0.38663698373552574,-0.33002188519637315,-0.6992004034990842,-0.4540570296619595,-0.5986491559356475,-0.76555472453303,1
-1.1259074497021662,-0.7977673323680251,0.5693561964423357,0.3052077222492148,1,0,0,1,0,0,-0.5081606796529707,0.00574440443675031,-0.822280879298011,3.323999904448883,-1.4328391295953078,-2.5644396055690293,1.2220775546565705,1.683353547854894,-0.8521736992034842,0.954742538417019,0.0022839700256728542,-1.7962015180422113,-0.9629209439420308,0.8846740054106985,1.44413933427073,0.1614442869561213,1.0625277624548513,0.8678478298722584,-0.45503125954306783,-1.9985101759099344,-0.8153727460055763,-0.8637484903358648,1.3271859335622997,-0.23621123354175455,0.8443152201031296,1.9985101759099344,0.4550312595430671,0.9672781456688292,1.5417059985633763,0.40923172957353837,0.4340862571144791,0.8712416355662611,0.16404522527173035,-1.0357458890816678,-0.983822203561983,0.5738579727592754,-0.8036612908751883,-0.8623145398892288,-0.24116501795220557,0.45617065508619664,0.3299795798074865,-0.3502454288142823,0.8629863402952329,-0.04195727479570725,-0.2706882785040748,0
1.3927182613071303,-0.9266061622253344,-0.15484123025532542,0.3052077222492148,1,0,0,1,0,0,-0.356733435603381,-0.14543833593620858,0.009275912831576286,-0.38340842540573283,0.37176568443070757,0.18445389122760333,-0.07175448846322728,0.13499594924372255,0.926525024560244,0.19176087012563975,0.05406902182546648,-0.7717669389046841,-0.3081464517125123,-0.12633803644278607,0.001717685072345302,1.2041165468337158,-0.5258700627147201,-0.13542129358610633,-1.910605154441425,0.8423168734713579,-0.02645911451191908,-0.18356543771229636,-0.05656974233511522,-0.7805003165573459,-0.20250491202637316,-0.8423168734713579,1.9106051544414244,-0.20252742647848845,-0.10937746679115769,-0.32767463161490584,0.31780175266252825,0.08610074473523979,-1.0016395455655394,-1.4435419379712537,-0.8730858650989243,-0.17027518936292965,-0.22078545442469194,-0.4070549059059717,-0.7611883533378483,-0.671894953798262,-0.9054077777638412,-0.15990635171348128,-0.9479482933959068,-0.7099875321636356,-0.7036964187794109,1
-1.1516077120594044,0.5936920300909173,1.7280720791585935,-0.8681093238500562,1,0,0,1,0,0,-0.6469689866984278,0.5377913561338942,-0.4896581624461761,-0.03216808574259063,0.42266636227659665,0.438459342045968,0.7638106839687198,-0.9788890632550824,0.0551522852485326,0.15245515201247226,0.5222090178751274,0.8413208336355185,-0.05790732355323091,0.4196922098594689,-0.07926084235134784,-0.5519122690887549,0.19093437141047526,0.40871925314444224,0.8847583482611033,0.26996871572628706,-0.642745838263009,1.264154187860256,-0.6300136257651117,-0.01662982048726553,-0.2798624989803353,-0.26996871572628706,-0.884758348261104,0.35452284597261524,-0.10937746679115769,-0.10023439668020068,-0.3669847735545164,-0.27233314020935756,0.6681251261743327,0.18764225758709038,-0.2086678343205727,-0.17027518936292965,-0.5261013687559044,1.413983630027056,0.48869229486974886,0.06718251409155555,0.05920974801103089,0.664896315723324,0.03983423407198747,0.18071947766026855,0.47161139053935697,0
-0.5605016778429365,-0.5400896726534062,-0.15484123025532542,-0.8681093238500562,1,0,0,1,0,0,-0.4955417426488382,-0.011699757913975716,0.06044863850108935,-0.40134656466365276,0.6343575162504046,0.3011711846494223,1.209062555608025,-0.8926961330551331,-0.09027845502281333,1.6046005193456128,2.0794874579598748,0.6059236578256959,-1.8494274158331083,0.039764913949236216,-0.8355356019940601,0.6690341062226535,0.8776994828643941,1.3018844598526982,0.9848575718326791,-0.15036214763897582,-1.6414982819365065,0.38823223401959867,0.7957284277128626,-1.297399998605524,-1.432398756455757,0.15036214763897582,-0.9848575718326797,-0.06326485836571254,-0.8598699510432187,-0.3640650692044592,0.020630241285320403,0.3762615087380082,-0.30852968182446,-0.22015379130249568,-0.6516131881728072,-0.29429738304996345,-1.5808290728091832,-0.02767187758659086,-1.0257616292358074,-0.5162996974004062,-0.9561771212256767,-1.6826189685198898,1.1099319721622063,1.127095675598167,-1.0748462533011267,1
-0.25209852955608386,-0.7719995663965628,2.8867879618748513,0.5985369837740325,1,0,0,1,0,0,-0.596493238681898,0.2790362812647914,-0.016310450003180245,-0.3805151771383264,0.8083971164220259,0.5086685951771004,2.4113875523059516,-1.9707268800730644,1.9308936376774335,0.9227255993034391,1.8990469158963725,2.340562306599421,-1.2843646793243784,2.78220467795448,-2.089409742250533,2.386153724208213,0.9195461188053884,1.6591199611551155,2.0646375835209034,1.1445654112422656,-0.5731469586685765,0.6117596779638803,-0.2417419149834696,-0.33473656465745477,-0.8490462777502336,-1.1445654112422656,-2.0646375835209043,3.5575619125664613,-1.835510180570898,1.6101161700287818,2.8631403501107897,3.260800868530242,-0.5605696322757617,0.4323198869208419,-0.4301405112466897,1.5660355222555504,-0.6371253376036178,0.35171115073279,-0.5331079430809875,-0.5681647828663581,-0.6515610604546642,-0.7309235830158842,-0.28942660841731066,0.29205785388825667,-0.7036964187794109,0
-0.7661037767008384,-0.7977673323680251,0.5693561964423357,0.3052077222492148,1,0,0,1,0,0,-0.00340319948767178,-0.3850048322195127,-0.822280879298011,3.323999904448883,-2.0460626161289794,-2.8649530966780805,-0.0667167867324104,0.958674679398693,-0.7820192727322719,0.04880804854235501,-0.8502032542478324,-1.9381491461436837,0.35733132722271044,-0.442266618386098,0.273858627223891,0.009444218392898617,0.2729916531933524,-0.01097327084675148,-0.47521987007162214,-2.172086992532613,-0.3491362780047017,-1.041465522636385,1.0785370723136452,0.20475732551498704,1.0945926068389127,2.1720869925326127,0.4752198700716215,-0.45320004908148526,0.19081952690966666,-0.16391766246191838,-0.1344157646506147,-0.01630893667750248,-0.34003467563087314,-0.05703537174666111,0.17890935030013266,-0.29429738304996345,-0.6093693453916895,-1.2416975682086098,-1.3450742035954124,-0.6848612251647502,-0.5669454880182719,-1.016432198667086,0.03983423407198747,-0.8213259083916238,-1.4459960878228426,0
0.4161082917320974,0.6967630939767645,0.27967722576327125,-0.13478617003801185,1,0,0,1,0,0,-0.7226826087232228,1.078560389006401,-0.8350740607153893,3.526527283167334,-1.00139976970615,-1.8958865263904112,0.6053538118549863,-0.14805654928778836,0.7928160142444857,0.5712045126609273,1.1174950437959805,0.9156075256015377,-0.7236306650768242,1.2379430992664329,-1.4323081948342937,1.6173648566835435,1.6779221056055669,2.287612894926983,1.9784005630035764,-0.7133741297612556,0.3951789472183862,-1.2316426466072439,0.5414896519288906,0.8921383918547139,0.7806104568418024,0.7133741297612556,-1.978400563003577,0.8001630639334981,-1.4602639384448675,-0.8644335860608106,0.007709740790658993,0.683490552976235,-1.222174502210428,-0.7910682597479163,-1.482135726645747,-0.4183195767369984,0.3343343898138759,-1.1658209625447336,-0.07694712256726609,0.20981149912292413,0.5669031826293847,-0.4771381468814831,-0.04248097655033679,-0.3759724034796717,0.038603250264021984,0
-0.7918040390580765,0.6967630939767645,0.27967722576327125,-0.13478617003801185,1,0,0,1,0,0,-0.7983962307480176,3.3375794134254213,-0.8350740607153893,3.526527283167334,-0.27820839517963436,-0.15854290591620948,-0.5743902906332687,0.16575763563494442,-0.0020994449574191446,-0.2676905925884595,0.7775943757210118,0.6002331241759267,-0.7219058116671315,-0.14349289812390215,-0.9066949484992792,0.5185586673124374,0.7632101555405189,1.7782742570943655,1.2405949430219954,-0.41176056791003435,0.6553272682553907,-1.135814652136545,0.5239714626303849,1.1184188463097413,0.7252279271807341,0.41176056791003435,-1.2405949430219962,-0.6481676444393714,-1.3101654415944555,-2.1835869486821,-1.659034823020639,-1.347634795043149,-1.0961545269847772,-1.6882195673050053,-2.146553757424099,-2.0306080946684437,0.41760236644966076,-1.1658209625447336,-0.5513543759015367,-0.21807545597118072,0.22844089288381547,-0.9847090191502859,-0.5363722402842841,-0.7656567202776299,-0.3944048900113141,0
1.5469198354505571,1.3924927752062353,-1.8929150543297122,-0.13478617003801185,1,0,0,1,0,0,0.22373766658671274,-0.46757386734628253,-0.3361399854376369,-0.19418998871735144,-0.48344579983817737,-0.2095228731579235,-0.9713317168033523,0.09252986653289694,0.07359070797759565,-0.9628391592039112,-0.7366689864050213,1.0067347369764232,1.6966440374732652,-1.354128392851579,0.11519915605131201,1.371110657210497,-2.0139171647837895,-1.4536667599979705,0.2696932180777363,1.1055876586338,-0.0023687378784027586,-0.0115961600458345,1.277233017980167,-0.6962321996872856,-0.46151689646009025,-1.1055876586338,-0.269693218077737,-1.2887754577581405,0.04072103005925432,-0.18211288125669506,0.5374502610717695,-0.3576745413866426,-1.0961545269847772,1.7372672433675176,1.7292180887829538,-0.6043528672675491,-0.1375174777889068,-0.17942508891434333,-0.5057382938501646,0.1838789563899486,-0.11002139686175369,-1.3336639938350878,-0.7010026615289333,-0.26463402725168356,-0.45626319576493324,0
-1.1259074497021662,-0.9266061622253344,1.0038746524609323,0.3052077222492148,1,0,0,1,0,0,-0.24316300256618875,-0.2442885892569894,-0.016310450003180245,-0.3689421840687006,0.21218981889405306,0.09725131568256618,0.686897277296128,-0.8827756660099547,0.020038035083781873,1.5563049344343722,1.4400893393658272,1.1788910571683773,-0.5033861438749622,0.9647817436971777,-1.5328232684504461,0.47396564032916666,0.9202645159889252,1.2277467888517783,0.5364130502320184,1.0758588642714124,0.008851165611715051,-0.32391139544013264,0.44889709422103236,-1.1899490209394081,-0.673530893149296,-1.0758588642714124,-0.5364130502320191,0.8001630639334981,-1.4602639384448675,-0.2548937564358004,0.020630241285320403,0.39332978897346543,-0.15100471279239655,-0.5463906304141645,-0.8177176958673952,0.07776919801113909,-0.22078545442469194,-0.5588081172337243,-0.8797901666714156,-0.5422322401333817,-0.939254006738398,-0.7626467625326843,-0.9479482933959068,-0.5986491559356475,-0.8892713360402683,0
0.5960101282327613,-0.514321906681944,-0.8790386569529866,0.5985369837740325,1,0,0,1,0,0,-0.5207796166571032,0.017373846003900996,-0.2849672597681238,-0.21386407693571524,0.3756265585919498,0.17864038619126751,-0.13728694463379199,0.8078383788947613,-0.4969954482765288,0.8472900142853999,1.0146292015215257,0.013256467679055561,-0.9986880064729531,-0.657356457407893,0.8585178838419786,-0.6685813752363835,0.1579634682132467,0.038539828841105295,-0.4194329849395745,0.4340687685857812,-0.46592198839902405,-0.24873915790777307,0.007549622869551595,-0.9880002756285101,-1.2814410127278013,-0.4340687685857812,0.41943298493957376,-0.5646101035717058,0.9413120111617277,0.34554846379182197,-0.06981326217730856,7.593435579547688e-4,0.7941451013999841,-0.22015379130249568,-0.04256332662598434,0.5738579727592754,-0.3595654154843339,-0.1035484832504671,0.44307621281837667,0.37837302688726915,-0.0592520533999176,-0.2550758902638815,0.8629863402952329,1.2384340518261547,0.34789477903211874,1
-0.4320003660567478,-0.87507063028241,1.0038746524609323,-0.13478617003801185,1,0,0,1,0,0,-0.14221150653312897,-0.28557310682037435,0.36748499251816774,-0.4812002168440706,0.35537027859470915,0.15225601718020498,0.8904732870117785,-1.9984390870427966,0.7797402343318469,0.13566925364187618,0.6599197687291746,0.13908073805542925,-0.8487697597136411,0.1454389652943691,-0.6831063475614295,0.3641747018012317,0.19409560697851164,0.08526960806273187,-0.01001094667634824,0.19961827368027837,-1.0929038816460466,2.0585994207624116,-0.6999705673482277,0.009181472351105079,-0.7746788436646251,-0.19961827368027837,0.010010946676347532,0.6330479821981672,-0.18442671521636386,1.8830444519504281,1.8295003105378922,1.8441336089873108,0.8256500952063961,0.758556726032511,0.8433273810784847,1.876091006473136,-1.1367331974183288,1.33810702436318,-0.989268763594709,-1.1516469943583196,-1.0746389226366257,-0.826093121566285,0.12214944469431245,0.23638866577426285,-1.3222794763156045,1
-0.6119022025574117,0.7225308599482267,0.27967722576327125,-1.161438585374874,1,0,0,1,0,0,-0.2810198135785862,-0.21172615286896748,-0.10586271992482811,-0.3174423649088659,0.1818041861352416,0.08249395674417527,-0.19315771767038797,-1.3484076590597571,0.7800663886489304,-1.1521590695148316,-0.5017581170199704,-0.45964682788893824,0.48192224224711505,0.384355194128303,-1.216366784654954,1.4575465150061335,-0.6373637257711099,0.08311774754223657,-0.653257441282515,0.020989325180847843,0.652633689654756,0.6322022864159004,0.3983167966693186,0.9244936116629465,0.7334584291319924,-0.020989325180847843,0.6532574412825142,0.04814519612450831,-1.3101654415944555,-1.019092945816409,-0.21193876761858224,-0.4430159425639276,-1.348194477436079,-0.8726274695258333,-0.7069813574043363,-0.728375060954584,0.22331042096616224,0.12408133374116129,-1.1352402261590995,-0.7885913960966542,-0.4146374576327655,-1.1116017372174867,-1.1948939252628807,-1.32234860141757,-0.8274130302866491,0
0.6988111776617119,0.9802085196628456,-0.15484123025532542,-0.13478617003801185,0,1,0,1,0,0,-0.34411449859924853,-0.1832340210294483,-0.054689994255315046,-0.34058835104811747,0.3043920276972623,0.12229410660832044,-0.45420820508896714,-0.3947255341910823,1.575840661545116,0.5515703013800668,1.464018017873731,0.6997992660376451,-1.6835154516734516,-0.6510229332633667,-0.8827467229501549,1.7610200624382364,0.3621805596095235,1.287019801725468,0.30418285154596364,0.6527578856825103,-0.018906878317662256,-0.3425431052918047,-0.38457164468379557,-0.3860038496773659,-0.6467707866243855,-0.6527578856825103,-0.30418285154596436,-0.7038726716844818,-0.9349191994684248,-0.5187244289600577,0.4082452561251572,0.5469443110925782,-1.0016395455655394,-1.7697787770829225,-2.0358174189610403,-0.35630847989348147,-0.16527347000083534,-0.482931511569848,-0.5604775923118106,-0.6589286824317738,-0.7530997473783346,-0.4136917878478824,-0.37174181903963527,-0.09762646290970158,-0.7036964187794109,1
-0.2263982671988458,-0.514321906681944,-0.4445202009343899,1.0385308760612593,1,0,0,1,0,0,-0.5586364276695006,0.1569271448097092,1.3525599616562942,-0.6339637253631308,1.3462315262194244,0.6106285296605284,-0.2811852947981934,-0.8465865665485071,-0.29575716489517917,0.31480254982909006,0.07417828502525235,1.1671070724001558,0.09391638320773775,0.17009888022483832,-1.035384491567623,-0.8575713138659188,0.6048094769618858,0.07537592264133143,1.008285049689855,0.5917900106131183,0.5609557941325872,0.12474117652557241,-0.45746651423763607,0.17444078883574038,-0.022845485759577216,-0.5917900106131183,-1.0082850496898559,0.605195468575612,-0.6347222057676005,1.6737994358104995,0.8733832739329616,1.1101975588626602,1.7077899217859516,1.8188264531454346,1.3416409041622488,1.3800022317249987,0.4413932169170284,0.037365212982445634,-0.22031195187157837,-0.41627417543035544,-0.32276912184468215,0.09387908442092041,0.1456680763006908,0.49087638286680657,0.07395085355180434,1
0.8787130141623758,0.7998341578626126,-1.6032360836506476,-0.8681093238500562,1,0,0,1,0,0,-0.5460174906653681,0.07261369344786675,0.07324181991846762,-0.4134982073867598,0.7489872490453452,0.37540517203647955,-0.1657769405316993,1.2081223675198736,-0.21182449870326703,0.7125973824863017,0.7916979985671871,-0.4423071316823769,-1.2345155624865656,-0.6620123367237453,0.5381033047200744,-0.01896402286620272,-0.008698663079773478,0.1670520148992835,-0.24010667662448304,-0.36511929545881483,-0.4309580553334344,-1.1191257858848922,0.270514171792939,-0.9712985361965524,-0.8661523937980017,0.36511929545881483,0.24010667662448232,-0.5646101035717058,0.641115017460903,0.3728412919839863,0.3048812521678669,0.2909201075607231,0.4475901695294441,-0.38327221085833024,-0.319404172783631,0.3258135853852078,-0.22078545442469194,-0.8623145398892288,0.9813459810245673,0.9877877811122063,0.4822876101929924,0.28421816152172197,1.6038232358961542,1.5167799923961247,0.5334696962929761,0
-0.9460056132015023,0.1298722426046032,0.27967722576327125,-1.161438585374874,0,1,0,1,0,0,-0.4576849316364408,-0.029143920264701743,-0.438485436776663,-0.10739254069515815,0.05144053786971456,0.060581514684140296,0.011467898033832644,0.37431372229201054,-0.7848304262136888,0.09858186611273108,-0.12584178580479394,-1.2145715323601338,-0.5131122399533693,0.15836575705398934,0.018444811266486096,-0.8793105600618715,0.2981538279727287,0.280166928594767,-0.5252107151899527,-1.1356331163529647,0.14229080710591427,-0.49527972390240593,0.18926717213398508,0.1624664909040111,0.4371289604739421,1.1356331163529647,0.525210715189952,0.4102278732177254,0.340918023760079,1.0005763404037717,0.33072225315718967,0.4445346296798359,1.6762849279795395,-0.22015379130249568,0.012804842605544792,1.1939689411944467,0.029018475482663446,-0.5588081172337243,-0.350643614875499,-0.2051091846046925,-0.1269445113490324,-0.12818317219668063,0.5337254978059351,0.013711913318286572,-0.332546584257695,1
0.72451144001895,1.0059762856343069,0.27967722576327125,0.5985369837740325,1,0,0,0,1,0,-0.21792512855792381,-0.25010331004056474,-0.42569225535928473,-0.10739254069515815,-0.25187379722720377,-0.10935170945490646,-1.1066616200266326,-1.3503710921390337,0.3334242878568876,-1.4132687072063803,-1.0753706181510587,-0.8121474162164326,0.2231132488208312,-0.9776329554993458,-1.402176993260143,1.5064667238996128,-1.210555049000135,-0.7012938565386939,-0.6862106428504532,-0.42709685071602743,0.5620005917406059,0.44875657193802715,1.0580516031419755,0.7088691825123673,0.7133575157735667,0.42709685071602743,0.6862106428504524,-0.9266927806649233,-1.3101654415944555,-0.03655113089848297,0.7441782689863493,0.17144214591252482,-1.0646495331783645,-0.38327221085833024,-0.09793149585751397,-0.046252995675895824,0.3343343898138759,0.19995793940503753,-0.5604775923118106,0.028283699992091807,0.31305646532020776,-1.175048096251087,-0.37174181903963527,-0.5986491559356475,-0.5181215015185524,0
-0.894605088487027,0.026801178718756015,1.7280720791585935,-0.13478617003801185,1,0,0,1,0,0,-0.5838743016777656,0.2586847585222777,-0.5536240695330674,0.04594961747738333,0.1087181397804516,0.16343583455777386,1.8217793988783242,0.9900331900948869,-1.513283980987656,2.3233694113697934,1.2163207793725215,0.49400566115117883,-1.0048311670908758,1.4414079380627849,0.7458871190712734,-0.504900256374485,1.8127571460193999,0.9821729719363225,0.13286549185952784,0.5419904249708541,-1.0929907730473116,-0.6116382817234981,1.5613338320623251,-1.341223228066183,-0.6223758410297047,-0.5419904249708541,-0.13286549185952856,1.5243284181199328,0.8662627627365218,0.427426948368315,0.08523274375862654,0.8200367948598906,0.41608517572303205,-0.38327221085833024,-0.4855086804782194,0.8219023601333442,-1.053465220782544,-0.6346847228976005,-0.24116501795220557,0.5728670973845897,-0.0423289389126401,-1.0481553781838862,-0.04248097655033679,0.23638866577426285,-0.5181215015185524,0
-0.7918040390580765,0.5421564981479937,-1.168717627632051,-1.6014324776621007,1,0,0,1,0,0,-0.016022136491804253,-0.3512794516747757,-0.7711081536284979,1.2987261172643731,-1.4782555609222032,-1.2738414875024795,-0.053076510356116297,1.6956746309578212,-1.2356383775190478,-1.1510276606788716,-1.9502584791156463,-0.6945739423143344,1.6217634807219723,-1.2392216816651842,1.1320273219932504,-0.6360589141192334,-1.8316050312035932,-2.2712671644174076,-0.6616343299053916,-0.29111514316954507,-1.1644115233404684,-1.1933265258533785,1.049981188797224,-0.2612240842468772,0.31798121887082254,0.29111514316954507,0.661634329905391,-1.0659553487776992,1.5417059985633763,1.0642596061854894,0.5245297605771081,-0.2894014204448148,0.3845801819166189,1.4110304042558486,2.0614271041721297,0.3258135853852078,-1.1644891896302574,-1.2416975682086098,-0.6973258384659271,-0.10137901367278856,-0.194636969298146,-0.8895394805998851,-0.37174181903963527,-0.5429799678216537,-0.5181215015185524,0
0.5960101282327613,-0.7977673323680251,-0.8790386569529866,0.5985369837740325,1,0,0,1,0,0,-0.5207796166571032,0.017373846003900996,-0.8094876978806327,2.4704916655639826,-1.2176464931239974,-1.8958865263904112,-0.853207607997113,0.5302472861990274,0.5839439648411981,-0.7700088744229905,-0.5424483572501859,-0.3419046705769641,0.08704858955092476,-0.6918887771638728,0.8423857657085043,-0.6746111499414621,0.4824402349405144,0.3036926079290559,-0.16027754582615011,-0.30735587342307225,0.49507883443066963,0.11610252664209546,-1.476190108616425,1.5186117911191717,1.0017061540297538,0.30735587342307225,0.16027754582614942,-0.5924626171942612,0.9413120111617277,0.381938901381374,-0.04397226118798574,0.15437386567706757,0.8571550890128092,-0.30171300108041293,-0.26403600355210183,0.5738579727592754,0.05677446769459199,-0.3311783002420958,-1.272088472313216,-1.709196663117305,-1.159254495073018,0.1890486229713212,-0.7833178721512579,-0.9883334727336057,-0.8892713360402683,0
-0.4320003660567478,-1.132748289997029,1.0038746524609323,1.7718540298733036,1,0,0,1,0,0,-0.14221150653312897,-0.28557310682037435,-0.6687627022894718,0.572520802145356,-0.8665882858874382,-0.6620818806019112,-0.1347133855031365,-0.0828171047410771,0.49164966008749467,0.09635091332422634,-0.35562789375123854,-0.632327568342021,-0.06069283863815164,0.25652748075887094,-0.5603170674250727,0.31903169202736786,0.17973046997622621,-0.010838435290271233,0.08301123374971872,-0.9447489169347935,0.44364147803267096,-0.4476442625290465,-0.35150547251229824,0.048053789561953726,0.45175205656514894,0.9447489169347935,-0.08301123374971872,0.6887530094432773,-0.10937746679115769,1.619213779426171,1.5710903006446677,1.5881094054554559,0.6051151385615076,0.758556726032511,0.7879592118469556,1.5040244254120325,0.41760236644966076,-0.4070549059059717,0.05077790717657645,-0.1402778277722523,-0.11002139686175369,0.7600658542737248,0.6160407084282594,0.18071947766026855,0.10046155601764112,0
0.72451144001895,-0.6173929705677911,-1.168717627632051,1.0385308760612593,1,0,0,1,0,0,-0.09173575851659908,-0.32162437567854146,-0.68155588370685,0.6274925192260784,-0.958218577054801,-0.7322911337330437,-0.2934329842436381,0.8184869648403879,-0.9114484720694181,0.025924441327995224,-1.032827441873732,0.06615932195108627,0.8923391365893052,0.4688313550188344,0.4681977423724626,0.5577898914922577,1.0748539397745311,0.7417844788770857,0.12355936367902995,-0.032311248161722386,0.8764764734050754,-0.6543688255561027,1.8065056429211073,1.0307845197106558,2.0669344251460657,0.032311248161722386,-0.12355936367903066,-0.06326485836571254,-0.18442671521636386,-1.6013399472492547,-1.1292943027395286,-0.71610842633123994,-1.6317394216937933,-1.1988643086375024,-1.3713993881826885,-1.2864749325462383,0.44535835866158957,-0.8623145398892288,-1.0075151964152582,-0.0495139282068366,0.36382580878204385,-1.1433249167342867,-1.9357308208638015,-2.1573864231274804,-0.3944048900113141,0
0.10770514344524394,1.6244026689493918,0.27967722576327125,-1.8947617391869185,0,1,0,1,0,0,-0.7226826087232228,1.0669309474392503,0.06044863850108935,-0.40713306119846565,1.357548890776926,1.1351855610160597,0.5138992611180947,1.041134221839798,0.890759566724053,-0.3037714682848317,0.6502446702889286,0.14494841868102665,-0.8286353796706332,0.12127544221739614,1.6912490637564668,-0.031155582956289812,-0.1077381135148216,-0.20953410006811748,-0.8740438917877038,1.0645584453617318,-0.5934124393610968,0.26526679171082057,-1.2490065245720123,0.30354438684073837,-1.049919183948861,-1.0645584453617318,0.874043891787703,0.24311279148239442,1.841902992264201,0.5184030423421971,0.42116575661981864,0.3591932285025509,0.25856020669096863,-0.46483142063624716,-0.09793149585751397,0.8219023601333442,-0.6926373220274746,-0.02767187758659086,-0.7520651369275744,-1.21647835119076,-1.0407926936620688,-0.635754044465484,-0.20711139779498602,0.3477270420022505,-0.5181215015185524,1
-0.07219669305541997,-0.17934094905293926,1.0038746524609323,-0.4281154315628296,1,0,0,1,0,0,-0.7731583567397526,2.067062922214209,-0.31055362260288033,-0.20286973351957077,1.405155930306622,1.7464979752215253,1.1029492081782777,0.8147054706260712,-0.2801545023055434,1.1131605413419023,0.5772180322578502,0.5199988359731526,-0.07092230341934648,1.284763746158065,-0.09001391156136634,-0.43792136865422443,1.478351939688006,1.060626404952079,0.3506288912831737,0.3614669270176405,-0.24995692548087206,-1.2083827868884738,-0.057088152638640116,-0.037899599107829286,0.2850835385112303,-0.3614669270176405,-0.3506288912831744,0.577342954953057,-0.5596729573423944,-1.501266243877985,-1.4523068151060594,-0.9209277891567239,-0.7811045889206503,-0.8726274695258333,-1.0945585420250417,-1.2864749325462383,-0.47058938433204756,-1.317574173872486,-1.0531312784666302,-0.9182541097615345,-0.8715615487892844,-0.44541496736468245,-0.8656330827735822,-0.8213259083916238,-0.8274130302866491,1
1.3927182613071303,0.6967630939767645,-0.15484123025532542,-0.13478617003801185,1,0,0,1,0,0,-0.3188766245909836,-0.19777082298838666,-0.8350740607153893,3.642257213863592,-1.9995766847171828,-2.9669130311615084,-0.03558822898647252,0.09074702205123342,0.9753676394215088,-0.7124127142006138,-0.0038245654887980097,-0.91581721559671,-0.39299263916489513,0.24030424483686916,-0.8186433102115357,1.7212993610796934,-0.025644980631416767,0.6519467057024462,-0.6949470730335814,-0.5598254073642694,0.289595468741689,-0.9446520326468901,0.39637961830899343,0.9369944920433996,0.6414711894356231,0.5598254073642694,0.6949470730335807,-0.09111737198826762,-1.009968447893631,-1.1009714303929035,-0.173177266134598,-0.1699234587966153,-1.5687294340809674,-1.5251011477491712,-1.482135726645747,-1.1004416420156866,0.08453045990652028,-1.0140677512169813,-0.615216890773458,-0.3347718982695729,0.04228663352375219,-0.857816301083085,-0.5363722402842841,-0.8213259083916238,-0.5799798072721716,0
-0.7918040390580765,-1.132748289997029,0.5693561964423357,1.7718540298733036,1,0,0,1,0,0,-0.785777293743885,2.4799080978480585,-0.6687627022894718,0.572520802145356,0.8587817008212933,1.46476657730679,0.10519969066115563,0.46668927284164835,-0.9685506770403821,0.8368092878441967,0.2465807257729186,-0.8113215594047086,-0.5891905364695056,0.6539279593223326,0.19899427447092127,-1.6242616267904948,1.3582140919331034,0.8171008901798626,0.3041828515459622,-1.408230689975459,0.5071143812480111,-0.441197577309504,-0.30818506957635833,0.21630648234517866,0.47717296344311966,1.408230689975459,-0.3041828515459622,0.18740776423728422,-0.25947596364157,-1.255630790148503,-1.7623988269779296,-1.2793616741013212,0.25856020669096863,-0.6279498401920818,-0.8177176958673952,-0.9144083514851348,0.5563823275093027,-0.3311783002420958,0.3062279666642602,0.09311505682453199,0.17767154942198057,0.8235122133073248,1.1922471827845313,0.514734606344233,0.2860364732784985,1
0.4161082917320974,-1.132748289997029,0.27967722576327125,0.5985369837740325,1,0,0,1,0,0,-0.7353015457273552,1.2093916066368462,-0.5280377066983108,0.008337390001099575,0.7645816842404989,0.9236634162324567,0.061708495409708415,-1.7675564193216577,0.9791962479607786,0.6372421670072234,1.1670020917174078,1.4280799492938545,-0.13842790286702505,1.2096714273583786,-1.349959321188951,1.7599528541662524,1.8855622434350807,2.4759313499306295,1.6813619367772266,0.28017642692511974,1.1228822720742997,1.0736670435863627,0.4299888149999957,1.008818187535906,0.9001051879864247,-0.28017642692511974,-1.6813619367772272,0.605195468575612,-1.4602639384448675,-1.2920212277380552,-0.3411437725651945,0.39332978897346543,-1.6002344278873806,-0.8726274695258333,-1.482135726645747,-0.728375060954584,1.0004782029001573,0.9587239960437993,-0.08607033897753999,0.14498014229048395,0.549980068142106,-0.3502454288142823,-1.0302635040182315,-1.0440026608476,0.038603250264021984,1
-0.35489957898503444,0.7482986259196881,1.4383931084795292,-1.161438585374874,1,0,0,1,0,0,-0.7605394197356201,1.3402228242672913,-0.7199354279589849,0.847379387548968,0.3877053774361472,0.3758523647315823,0.5815436042599322,-0.32640093731998726,-0.8616717014378661,0.8497928016233075,0.5545320676136194,0.2257624319206602,0.12030937651191119,0.2784811900176857,-0.6259662427382331,-0.6934760089259491,1.3375751333650485,0.8707961479939672,0.05260013630273529,0.2557448558590603,-0.530395414242486,-0.17908371060177278,0.48105757163920526,0.1783013548355848,0.12924410515765922,-0.2557448558590603,-0.052600136302735995,-0.06326485836571254,-0.8598699510432187,-1.110069039790291,-1.2455788071914804,-0.7502449868021539,-0.34003467563087314,-0.46483142063624716,-0.5408768497097485,-0.6043528672675491,-0.5538573609678327,-0.2553016945782196,-0.2776578835933038,0.002351157259115363,0.0761328624983096,-0.635754044465484,-0.5363722402842841,-0.48731077970765985,-0.1469716669968365,0
-0.7918040390580765,1.0059762856343069,0.27967722576327125,0.5985369837740325,1,0,0,0,1,0,-0.7983962307480176,3.2212849977539144,-0.42569225535928473,-0.10739254069515815,1.5868312314013815,2.560388680308539,-0.44178314320508544,-1.0010150626622978,-0.15545462212260833,-0.252536900830535,0.5225026056616883,1.120930294878179,-0.287630104987366,-0.12633803644278607,-0.7176851037174989,0.6098787173339215,0.2739908451134235,1.2683082176455216,1.7556215933338115,-0.21238889143210804,0.48807473740282004,0.6549634063450311,0.8253809706435855,0.6128456925666705,0.5589771409372871,0.21238889143210804,-1.7556215933338122,-0.5367575899491508,-1.0850176963188372,-1.7559993070048545,-1.2455788071914804,-1.091610591511294,-0.9071245641463012,-0.7910682597479163,-1.4267675574142176,-1.7825637072943747,0.25106641317809053,0.35171115073279,-0.6243401071837319,-0.1402778277722523,0.10997909147286698,-1.0798785577006862,-0.4540570296619595,-0.5986491559356475,-0.5799798072721716,0
0.4161082917320974,-0.07626988516709207,0.27967722576327125,1.0385308760612593,1,0,0,1,0,0,-0.7353015457273552,1.2093916066368462,-0.7966945164632545,2.0596504115922674,-0.32069262942024446,-0.6616346879068085,-0.07806026606476223,-0.81596718229457,1.7492459990403038,0.003476518664133828,0.8847728554045525,0.9961181329054392,-0.2490810002120147,1.378551285910065,-1.5376711764697557,2.015784926593307,1.883343865894165,2.581166232965186,1.6737455617457806,-0.3014141428425148,1.4859769020676183,-0.42046466381838576,-0.365608431106901,1.8627949861016924,1.369758398617542,0.30141414284251544,-1.6737455617457813,0.7166055230658329,-1.6103624352952797,-1.3375092747249961,-0.2765412700918884,0.4616029099152932,-1.757759396919444,-1.1173050988595852,-1.7036084035718644,-0.8523972546416179,0.6396503041450882,-0.8623145398892288,-1.6917564271858405,-1.5795339494524245,-0.9223308922511192,-0.9529858396334858,-1.3595243465075295,-1.6006945419875402,-1.3841377820692236,0
1.0072143259485644,0.7482986259196881,0.5693561964423357,-1.161438585374874,0,1,0,1,0,0,-0.40720918361991093,-0.11055001123475654,-0.7199354279589849,0.847379387548968,-0.7541428746183517,-0.7398934095497905,0.6855081237276136,0.6357338398519857,0.02373180693979576,0.5648721030113149,0.4262779498701926,0.5858427977273034,0.20490339068356875,0.5990435725631493,0.6382808330247881,0.8586975129372824,0.8610628379009613,0.9214361955783037,0.7646392799752116,0.040659774866796713,-0.3546584537712193,-0.23314891969362117,0.8304660129225784,0.09070940181685687,0.3454208897738829,-0.040659774866796713,-0.7646392799752123,0.35452284597261524,0.340918023760079,-0.6097005229339397,-0.10857476366129187,0.2397152668543526,-0.9701345517591269,-0.30171300108041293,-0.6516131881728072,-0.6043528672675491,-0.4150773999081907,-0.3311783002420958,-0.3688900476960481,0.09311505682453199,0.12690220596014448,-0.7309235830158842,-0.7010026615289333,-0.7656567202776299,-0.2706882785040748,1
1.0072143259485644,-0.07626988516709207,0.5693561964423357,1.0385308760612593,0,1,0,1,0,0,-0.40720918361991093,-0.11055001123475654,-0.7966945164632545,2.0596504115922674,-1.273166344571222,-1.6767621057900615,-0.5518297105195101,1.0841023080828676,0.5357592273988921,-0.3738462934371299,-0.16824962102728686,0.47840595973253275,0.3837050882363552,0.6843319896609859,0.9274922650057704,0.22138332466229496,1.2344578756214644,1.1811281093338808,1.164294698531354,-0.5022446364654003,1.4511091063333337,-0.5588230498047048,-0.5099319207354802,1.7291095220229789,1.3718744583546714,0.5022446364654003,-1.1642946985313547,0.35452284597261524,0.491016520610491,-0.8280431484712572,-0.5995537824584191,-0.11871861809024475,-0.5920746260821743,-0.38327221085833024,-0.8730858650989243,-0.790386157798101,0.5286263352973745,-1.0140677512169813,-1.8924671882118775,-1.7999605626827215,-1.1931007240475748,-0.9212626601166852,-1.3595243465075295,-1.6563637301015341,-1.6934293108373202,0
0.544609603518286,0.6967630939767645,-1.6032360836506476,-0.13478617003801185,1,0,0,1,0,0,-0.7479204827314877,1.3547596262262298,-0.8350740607153893,3.6133247311895276,-0.8359652222306702,-1.7505489004820158,-1.3891968264983283,-0.08448826049313539,0.15421602039938362,-1.5521221052609466,-1.152043816177261,-0.45703749025218676,0.9921710981767116,-1.1092677135929794,-1.4183821933955865,1.1259763385377568,-0.7338489976036808,-0.03761245327593454,0.5745878774132874,-1.1932138872518323,0.823344774726889,-1.3049413554075062,0.9206791653330948,1.369144725568547,1.4609921435339772,1.1932138872518323,-0.5745878774132882,-1.038102835155144,-1.3101654415944555,0.06352257247278678,0.6408142650290589,0.2909201075607231,-0.43454965705011084,0.4323198869208419,0.17890935030013266,-0.10826409251941274,0.3898463742377325,-1.3934507795363622,-1.0440080620563552,-0.47740088330094144,0.05920974801103089,-1.175048096251087,-0.9479482933959068,-1.4336869776455579,-1.0129879475475077,0
0.6988111776617119,-0.07626988516709207,-0.15484123025532542,1.0385308760612593,1,0,0,1,0,0,-0.81101516775215,3.6283154526041885,-0.8094876978806327,2.3026832660544088,0.44498297934688336,1.010865991777494,-0.6314214059449041,-0.5081199153150201,0.8961154039759001,-0.4009454290430271,-0.29946948246336996,0.057701750247300676,0.40425106985037135,0.7872422312018676,-1.4878933442468314,0.9034539225195624,1.3063766609096659,1.3454227510929109,1.2589070016997488,-1.1698703314820218,1.6646099970922932,-0.7931283593312395,-0.3171357139107697,1.8370321423293845,1.7028684451612923,1.1698703314820218,-1.2589070016997495,0.35452284597261524,-1.535313186870074,-1.073678602200739,-0.5091102789957901,7.593435579547688e-4,-1.2536794960168407,-0.8726274695258333,-1.3713993881826885,-1.1624527388592034,1.0004782029001573,-1.0140677512169813,-1.1808563082104715,-1.1386807229918314,-0.4654068010946016,-0.3185222492974822,-1.3595243465075295,-1.823371294443516,-1.136704559054746,1
-0.7661037767008384,0.6967630939767645,0.27967722576327125,-0.13478617003801185,1,0,0,1,0,0,-0.7983962307480176,2.4595565751055446,-0.8350740607153893,3.6133247311895276,-0.27820839517963436,-0.9008827797867822,-0.8786474102128453,0.630673369161875,0.10448430570335243,-1.1288265802488207,-0.6556443510729422,-0.5732549497241591,0.33044942572058017,-0.14693906669586654,-0.5294208259656409,0.9204948571633126,0.15796346821324436,1.0230403734773739,0.9953441571592244,-1.7690215962405276,1.074960828438149,-1.395981152961972,0.7821750131220768,1.6816057551755905,1.8511695732584195,1.7690215962405276,-0.9953441571592251,-0.5367575899491508,-0.9349191994684248,-1.6923160412231368,-1.0646918002662225,-0.9550643496276378,-1.1906695084040155,-1.1173050988595852,-1.5375038958772762,-1.720552610450858,0.5841383197212315,-1.4693273852002382,-1.0622544948769042,-0.5551985114998699,0.09305597698558829,-0.9529858396334858,-1.0302635040182315,-1.6563637301015341,-1.0129879475475077,0
-0.07219669305541997,0.5421564981479937,1.0038746524609323,-1.6014324776621007,1,0,0,1,0,0,-0.785777293743885,2.3112811951243737,-0.7711081536284979,1.350804586077689,0.35708231377937705,0.733606520813786,2.1407853190723163,0.2734858672330174,-0.8102735705974075,1.8422978472547051,1.4246480881855685,0.3033838701304928,-1.573479176723316,1.7447169515036727,-0.608684681173583,-0.20902045607488823,1.688217391942582,1.4947883594863343,0.9153149533513734,-0.49401881205127574,-1.2335134780931283,-0.9851348870751525,0.8976257148326295,-0.8148180693796074,-0.3927423920644633,0.49401881205127574,-0.915314953351374,1.07868820015905,-0.8598699510432187,-1.1646546961746211,-1.077612300760884,-0.4600842227993849,-0.49755964466293656,-1.3619827281933365,-1.7589765728033937,-1.2244638357027204,-1.1644891896302574,-0.9381911455531051,-0.07694712256726609,0.39133929825375646,0.025363519036474696,-0.6040308649486834,0.6160407084282594,0.4033962301162448,-0.5181215015185524,1
-0.7661037767008384,0.5421564981479937,0.5693561964423357,-1.6014324776621007,1,0,0,1,0,0,-0.7731583567397526,2.2996517535572227,-0.7711081536284979,1.350804586077689,0.21019201111646588,0.7246626669117309,1.282100248480114,1.0957980906666225,-1.5802245759799531,1.9021194451231156,1.088557161648925,-0.041504993275209234,-0.8730634035504129,0.6402088527217735,0.46125870566776034,-1.2942083463952698,1.6309570915288358,1.1793536088187127,0.7686432489180746,-0.8189388764091825,-1.1431024630033286,-1.041938423240672,0.85966535805113,-0.9524115224463955,-0.2637683668238064,0.8189388764091825,-0.7686432489180752,0.1317027369921738,-0.10937746679115769,-1.3920949311093263,-1.7236373254939452,-1.1598837124531223,0.006520256239666901,-0.46483142063624716,-0.8177176958673952,-0.9764194483286528,-1.053465220782544,-0.9381911455531051,0.1876261533306929,0.6117659114840535,0.1607484349347019,-0.15990635171348128,0.9453015509175579,0.5704037944582268,-0.332546584257695,1
-0.7661037767008384,-0.07626988516709207,0.5693561964423357,1.0385308760612593,1,0,0,1,0,0,-0.7731583567397526,2.2996517535572227,-0.8094876978806327,2.3026832660544088,-0.1581902790310473,-0.010969316532300452,-1.0640222733184599,0.9555870906672487,-0.9909471080375652,-0.2667913896436971,-0.571194347955562,0.13264563045783578,1.1426222841040836,0.5212378166107856,0.5417735601302678,-1.3553160694936544,1.4356098590647595,1.0340953408410192,0.7686432489180746,-0.5814181964513455,2.0003635570229528,-0.7688364117994445,-0.007304050045674069,1.7839441170875567,1.7521734571412328,0.5814181964513455,-0.7686432489180752,-0.007559831120602114,-0.10937746679115769,-1.546754290864926,-1.865762830935219,-1.3647030752786062,-0.08799472517957138,-0.46483142063624716,-0.8177176958673952,-1.1624527388592034,1.2225261405955843,-1.0140677512169813,-1.262965255902942,-1.0738493661593913,-0.4146374576327655,-0.5723076854318833,-1.7711003996191523,-2.1017172350134863,-1.136704559054746,1
-0.7661037767008384,-0.5400896726534062,0.5693561964423357,-0.13478617003801185,1,0,0,0,1,0,-0.7731583567397526,2.2996517535572227,-0.8478672421327675,5.8150866626858315,-1.0707561904610863,-2.725428975806021,0.724033061171347,1.1159663930415866,-2.1534734615614277,0.5233439561617579,-0.4278661596192129,0.42614423409184754,0.8569496149348858,0.7420968281322233,0.2928847121628691,-1.5507301586740059,1.240492148914172,1.0458466061786047,0.773109214277421,-0.18555039652161812,-0.2652911896681659,-1.2382934216685966,1.3855361061214893,0.5230468588060776,1.5773126160716042,0.18555039652161812,-0.7731092142774217,0.18740776423728422,-0.25947596364157,-1.455778196891044,-1.8786833314298803,-1.4329761962204342,0.25856020669096863,-0.6279498401920818,-0.983822203561983,-1.1004416420156866,-0.3595654154843339,-1.2416975682086098,-0.47836864461934153,0.2616765845888761,0.46536449570571364,-0.4771381468814831,-1.4418395571298541,-1.6563637301015341,-0.023255055489598248,0
-0.5348014154856993,0.43908543426214564,-0.15484123025532542,0.3052077222492148,0,1,0,1,0,0,-0.8236341047562825,5.840816710754606,-0.7583149722111197,1.3102991103339987,1.357548890776926,3.4793696687446993,-1.281265253804177,0.2646879232968415,-0.6463722091548991,-1.0812555894081417,-0.8150922886544645,-1.1309215433206579,0.05172614653231697,-0.2793398400767759,-1.2066202144828213,1.319432301788566,0.3454346473982522,1.3500019642822294,0.22845561284398783,-1.7690215962405276,1.5025174480254204,-1.572058124056323,2.209514681243341,1.8032336277413927,2.3776740567420007,1.7690215962405276,-0.22845561284398855,-0.3139374809687093,-1.1600669447440433,-0.20940570944885942,0.48576825909312477,0.615217432034406,-0.34003467563087314,-1.1173050988595852,-1.3160312189511594,0.139780294854656,0.6396503041450882,-1.6969572021918669,-1.7191260764166634,-0.5811310542328463,0.10997909147286698,-2.1901898407886926,-1.277209135885205,-1.8790404825575102,-1.4459960878228426,1
-0.7661037767008384,-0.5400896726534062,0.27967722576327125,-0.13478617003801185,1,0,0,0,1,0,-0.7983962307480176,2.4595565751055446,-0.8478672421327675,5.8150866626858315,-0.7344913508946546,-2.6024509846527635,0.025361316750359027,0.3910421653347467,-0.2571667181957624,-0.4292424523053467,-0.6273128493814477,0.173752025783087,0.7983843639179665,-0.2567983400823447,-0.4655442044734902,0.7401271876991699,-0.17185640726002646,0.5611925039297327,0.773109214277421,-0.529783266025729,-0.2918554039520093,-1.0030896082064527,1.0953119649534535,0.4094689890322985,1.3634326802773935,0.529783266025729,-0.7731092142774217,-0.5924626171942612,-0.8598699510432187,-1.583144728454478,-1.0388507992769007,-1.040405750804923,-1.1276595207911904,-0.6279498401920818,-0.983822203561983,-1.658541513607341,-0.3595654154843339,-1.0140677512169813,-0.3688900476960481,0.22277777048941236,0.38074892326932136,-0.2550758902638815,-1.0302635040182315,-1.32234860141757,-0.1469716669968365,0
0.44180855408933456,-0.7719995663965628,0.27967722576327125,0.3052077222492148,1,0,0,1,0,0,-0.7353015457273552,1.3140565807412024,-0.822280879298011,2.4502389276921375,-0.6569574689866768,-0.882995071982672,1.2998208885836975,-0.6810362203491536,1.155577393081192,1.6849097218726856,1.5035752358698955,0.8570162226351433,-1.0856004090919318,1.6432819953201112,-1.5344440472227747,2.2107215357502645,1.8811723885126777,2.317875912009653,1.6737455617457806,-0.4911325578708816,-0.1654845792016356,-0.60242877638606,0.641848933843055,-0.4108659942088646,0.3082332444586855,0.4911325578708816,-1.6737455617457813,0.911573118423719,-1.6103624352952797,-1.3557044935197728,-0.21193876761858224,0.529876030857121,-2.135819322596396,-1.1173050988595852,-1.7036084035718644,-1.1004416420156866,-0.49834537654397587,-0.9381911455531051,-1.4727992333392537,-0.9830854665939747,-1.057715808149347,-1.016432198667086,-0.4540570296619595,-0.7099875321636356,-1.569712699330082,0
-0.35489957898503444,0.43908543426214564,1.4383931084795292,0.3052077222492148,1,0,0,1,0,0,-0.7605394197356201,1.3663890677933803,-0.7583149722111197,1.3102991103339987,0.17807456053538515,0.03822187992900256,-1.016239017052033,1.0850241505619242,-2.292720091516349,-0.2870889957292541,-1.0812272553144617,-0.8819806798836125,0.8005612930858408,0.31483278402832193,-0.014643561663128092,-1.1648240260834009,1.3511924524194807,0.49023871398809454,-0.2859102762628674,-0.9193541232206256,1.7276822994509757,-1.5038992965359284,1.9636893606675903,1.7276580180359753,1.884271073042938,0.9193541232206256,0.28591027626286675,-0.06326485836571254,-0.40957446049198204,-1.2101427431615621,-1.5298298180740268,-1.040405750804923,-0.34003467563087314,-0.5463906304141645,-0.4855086804782194,-0.790386157798101,0.8894542340524437,-1.6210805965279906,-1.527538531800901,-0.4903671546674297,0.17767154942198057,-2.221913020305493,-1.1948939252628807,-1.6006945419875402,-1.2604211705619852,1
1.0329145883058024,-0.2051087150244015,1.0038746524609323,-1.6014324776621007,0,1,0,1,0,0,-0.10435469552073157,-0.33150940101061954,0.09882818275322415,-0.43838014248645524,0.15790694336506178,0.08383553482948353,0.8699021684609916,-0.284203738681801,1.147978349499675,1.7099766867791555,1.662455500708293,1.4736746827304337,-0.8083078917390044,-0.13954761499313745,-0.5457689961022785,0.34182451588913026,0.7566721300276146,0.77870218879104,0.4292298816076853,1.584211532575986,-1.3490544736734573,-0.1566608488494615,-1.2258241882304797,-1.5597650538437706,-1.4010224460115026,-1.5842115325759867,-0.42922988160768605,0.02029268250195297,-0.3345252120667762,0.6821600114951846,0.7700192699756713,1.0760609983917457,0.3215701943037938,-0.05703537174666111,-0.26403600355210183,0.9459245538203791,-1.3310251429018278,-0.4070549059059717,-0.8341740846200435,-1.268343436656712,-1.68387104417865,0.09387908442092041,-0.7833178721512579,-0.09762646290970158,-0.9511296417938885,1
-0.8689048261297889,-1.2873548858258006,0.27967722576327125,-0.4281154315628296,1,0,0,1,0,0,1.6370586110495498,-0.6641114298311291,1.7491485855950204,-0.6698400038789707,0.01503462158429467,0.006918391271809734,1.3185935837306983,-3.0050429348121734,2.1456274464388123,3.1052512248901554,4.046830651060782,3.6561173409354972,-1.4887300333589013,0.3160704304082683,-1.6303602835255102,1.3458941362458372,0.043680863898030935,0.7749484727554838,-0.6392523306161405,5.620510669114384,-1.517722626384667,2.491256593505628,-1.5806507888354222,-4.151680873806431,-4.504491691650524,-5.620510669114384,0.6392523306161398,-0.10968571440330459,-1.685411683720486,-1.3738997123145495,-0.595246948960198,-0.5454256239766699,-1.4007028004467665,-1.0357458890816678,-0.9099979779199442,-0.8937379858706291,-1.5808290728091832,0.5793409677244183,-2.722679881546851,-2.824296000635276,-3.562336752266559,-2.1267434817550925,-2.676567716464722,-0.5429799678216537,-2.9305954259097073,1
-1.0231064002732158,0.6452275620338409,-0.4445202009343899,0.3052077222492148,0,1,0,1,0,0,0.21111872958258027,-0.4681553394246401,-0.6559695208720935,0.3416395904063218,-1.0949899880428327,-0.6240705015181771,-1.2509899008453877,-0.22641655834891478,0.163108008639909,-1.1824375242694694,-1.3565023121295394,-1.245248698509677,1.002823078916419,-0.29061513625886437,-0.4959397735258054,-0.6689360176605849,-0.2466908343379573,-0.7078378290688905,-0.4125770209418648,-1.2891818387499494,1.4491526896600373,-0.1860577460842737,-0.8951902977666651,1.3527824022794857,1.0724535711467271,1.2891818387499494,0.4125770209418641,-0.17467491285593337,-0.3345252120667762,0.49111021415003275,0.046471242274642305,-0.05044549714841698,0.4475901695294441,0.35076067714292497,0.6218547041523672,0.07776919801113909,1.9719379303176512,0.27583454506891375,1.4831228835896608,0.7025298110494701,1.2607508766078017,2.1558857530129325,0.36909507656128593,-0.2089648391376897,1.3376276710900281,0
1.4441187860216065,-0.4885541407104817,-0.15484123025532542,-0.8681093238500562,1,0,0,1,0,0,-0.05387894750420167,-0.3547682841449209,-0.0035172685858019803,-0.39150952055447086,0.03975483767407883,0.029725218722050223,1.3278136026107505,-0.8359448760601934,1.1273994343019413,0.8579025798193968,1.5868925546013264,-0.5459029720618264,-2.5396973069333106,0.20388447021902154,-0.7989662652916741,1.9063397015548642,0.07809838494318425,0.6071921565050812,-0.47959406901947754,-0.26889098598050765,-1.6426381766517721,0.3469737114943474,0.3744947585673055,-1.081530016447473,-1.4702330801123726,0.26889098598050765,0.4795940690194761,-0.23037994010104354,-1.0850176963188372,-1.501266243877985,-0.4832692780064673,-0.42594766232847037,-2.041304341177158,-1.6066603575270884,-1.648240234340335,-1.534519319920306,-1.5808290728091832,-0.05296407947454983,-1.0044741242785002,-0.6848612251647502,-1.0238695791747903,-1.5451518572804221,1.439192814651505,1.4054416161681371,-1.0748462533011267,1
-1.5371116474179702,1.6759382008923163,-1.6032360836506476,-1.8947617391869185,1,0,0,1,0,0,0.26159447759911014,-0.475714476443288,0.13720772700535894,-0.44763853694215583,-0.08318337587864583,-0.019913170434355545,0.11608113896680732,0.8021393821739359,-0.24835631216072443,0.021846696064763256,0.7373697790861837,1.0485310785999271,-0.5999468398291166,-0.3118249783698545,1.6090661454362494,-1.6695259281561603,0.33588504784110906,-0.2230515573623516,0.19616880564547262,1.2355135006620177,-0.47298549372709003,0.5109656660598695,-1.3382011506208038,0.30354438684073837,-1.1763832585098002,-1.2355135006620177,-0.19616880564547334,0.35452284597261524,3.1177402154927045,3.1021241112004483,1.4031237942140713,1.5027680042781708,3.7241095253963645,0.9216751455883455,0.8986955503100138,2.1241353938472036,-0.5816133531797613,0.19995793940503753,-0.6973258384659271,-1.21647835119076,-1.0407926936620688,-0.635754044465484,-0.20711139779498602,0.45906541823023866,-0.3944048900113141,1
0.05630461873076867,0.6967630939767645,-0.15484123025532542,0.3052077222492148,1,0,0,0,1,0,-0.11697363252486404,-0.32918351269718943,-0.4512786181940413,-0.05820732014924861,-0.39133349381674926,-0.20818129507261524,-0.34599186276919025,-0.9467973425247543,-0.029257677635091593,-0.3252469486214145,0.29157034612133426,0.10801016308713741,0.0658346659242518,0.5005142653910294,0.0316406343450175,-1.1505397436850446,0.6472652213463869,0.4427948012316683,0.3871222082195544,-0.2366301126415829,0.9812180641553702,1.3312059588234475,-1.1161852593084052,1.081204758070579,0.053247210490979996,0.2366301126415829,-0.3871222082195551,0.04814519612450831,-0.40957446049198204,-1.3193140559302208,-1.6073528210419945,-1.3305665148076924,-0.08799472517957138,-0.5463906304141645,-0.762349526635866,-1.2244638357027204,0.8061862574166584,1.1104772073715516,-0.2594114507727547,-0.7756251247301669,-0.3469449996836519,0.12560226393772106,-0.28942660841731066,-0.4316415915936655,-0.332546584257695,0
-0.12359721776989524,-0.87507063028241,-0.4445202009343899,0.3052077222492148,1,0,0,1,0,0,-0.3188766245909836,-0.23265914768983872,-0.041896812837936774,-0.35621189169211226,0.2818380938579139,0.09635693029236066,-0.12819657117196037,-0.1011771419938272,-0.15743447984772693,0.7656190470458258,0.3731355554975041,-0.7081032641070117,-0.446084855430234,-0.2188466819092164,-1.1077082345596547,-0.30461239155629827,-0.03296270866507844,0.13907795958466124,-0.8350596325743129,-0.13756642077256032,-0.04040857310672854,-0.9708089898835818,-0.09088786876888866,-1.066987196596824,-0.3493119386145617,0.13756642077256032,0.8350596325743123,-0.45320004908148526,-1.2351161931692491,-1.0827762115981268,-1.051771299771562,-1.0062691903340089,-0.40304466324369825,-1.1173050988595852,-0.9284540343304539,-0.8523972546416179,-0.08200549336504998,-0.9381911455531051,-0.14080963743918734,-0.16621037050522874,-0.5669454880182719,0.41111087958892223,-0.12479618717266176,-0.2089648391376897,-0.45626319576493324,0
0.15910566815972013,0.7740663918911503,0.27967722576327125,-1.161438585374874,0,1,0,1,0,0,-0.7226826087232228,1.0669309474392503,-0.1826218084290977,-0.3029761235718337,1.1558697496874415,1.054690875897564,-0.32447545875653283,0.9216599538612242,-0.4263707231589899,-0.8060000123308843,-0.6263072236583581,-0.48278709323945984,0.4284557709876612,-0.07209361689598429,1.8570446393737141,-0.08032936540525423,-0.32874055467091995,-0.22482958395475933,-0.8569681418843172,0.1914665557924087,0.379155931460113,0.5953393420082066,0.5021397967643041,0.762880511210237,0.5947277355523997,-0.191466555792408,0.8569681418843165,0.0759977097470634,2.067050737539819,0.6275743551108558,0.48576825909312477,0.32505666803163763,0.5421051509486824,-0.5463906304141645,-0.2086678343205727,0.5738579727592754,-0.1375174777889068,-0.1035484832504671,-1.6278939123139191,-1.1775795370912954,-0.8546384343020056,-1.5240030709358887,-1.4418395571298541,-1.545025353873546,-1.4459960878228426,0
0.8530127518051386,-0.2566442469673251,-0.8790386569529866,-0.4281154315628296,1,0,0,1,0,0,0.03445361152472564,-0.40128605041352367,-0.6047967952025805,0.22243776178917635,-0.8264934450413755,-0.48052164639019285,-0.8269090687611763,-0.8885400903622865,1.2479963962825227,-1.9500330060460431,-0.9402480276483649,0.5117310790888578,1.0376242948268393,-0.40446944436041254,-1.088243481129464,0.5801061844513341,-0.8862097973903065,-0.7173393283698524,0.6912331826893902,0.012383503443245562,0.7456960862241943,0.12937072922555695,-1.123102111698532,1.75561832048692,0.5220262501153774,-0.012383503443245562,-0.6912331826893908,-0.14682239923337803,-0.7848207026180125,1.2007237471463126,1.3643622927300878,0.8712416355662611,0.2270552128845555,2.063504082479186,1.784586258014483,0.6978801664463103,0.3898463742377325,-0.17942508891434333,-0.8615437338508666,-1.2424108939237355,-0.6007917169928287,-0.3185222492974822,-0.28942660841731066,-0.32030321536567735,-0.5799798072721716,0
0.23620645523143258,-1.132748289997029,-0.15484123025532542,-0.8681093238500562,1,0,0,1,0,0,0.16064298156605036,-0.45536295370077434,-0.24658771551598904,-0.2665211954025125,-0.3392844909392255,-0.14423273967292133,-0.652501732884594,0.37895028629878436,0.3147600248310171,-0.41457266579254703,-0.32781210552501266,0.15858250188848091,0.12569044041722838,-0.41675060816993487,-0.2751779072024298,-0.5584181008866542,-0.2732881794408944,-0.28722459710302217,-0.31054414497595056,0.5242815205937548,0.49090724596857943,-0.7957883471447048,-0.9914438362219877,0.28907304487349067,0.14575287675725285,-0.5242815205937548,0.3105441449759499,-0.3974950218363748,-0.25947596364157,-1.6069330893092284e-4,-0.28946177058654887,-0.3747428216220998,0.41608517572303205,-0.22015379130249568,-0.09793149585751397,-0.17027518936292965,0.08453045990652028,-1.0140677512169813,-1.1717330918001976,-1.4239386930545688,-1.2438700675094103,-0.12818317219668063,-0.7833178721512579,-0.6543183440496418,-1.0129879475475077,0
-0.27779879191332196,0.4648532002336079,1.1487141378004646,0.3052077222492148,1,0,0,1,0,0,0.9051602648098662,-0.585612699252862,-0.7583149722111197,1.3102991103339987,-1.8859496591343257,-1.4630039975309448,-1.8394546504933074,1.4253928696759943,-2.1789761176899733,-3.1394255780333675,-2.666218968107161,-0.559182172048761,1.8399018000067953,-0.333479347916057,0.8182186229678433,-1.007321392999726,-2.6750955304765864,-1.715874628565819,-1.6310688041711716,0.8550163918650944,2.2245978336315106,-1.1367229920747721,1.9664724947543193,1.5885824810685782,1.7909976322888665,-0.8550163918650944,1.631068804171171,-0.4114212786476524,0.5660657690356972,-0.4413947490822584,-0.8644240425989739,-1.7402052404586603,0.6996301199807459,-0.22015379130249568,0.7049069579996614,-0.4803306735805153,0.917210226264372,-1.4693273852002382,-2.175286896930385,-1.1257144516253432,-0.5330992590437151,-2.539144815473495,-1.9357308208638015,-1.9347096706715041,-1.6315710050837011,0
-0.04649643069818187,1.0317440516057692,1.0038746524609323,1.0385308760612593,1,0,0,0,1,0,-0.7731583567397526,2.4275756107958806,-0.11865590134220637,-0.3272794090180478,1.6021406925181352,2.1199038756323256,1.292254918346853,0.15791656383614464,-0.20896124278507794,0.7683364957532975,0.5531331706136794,-0.0633237116038713,-0.7829140502623789,1.6940908092355713,-0.4597718170994893,-0.058585711455105334,1.6883457620964109,1.522841521039791,0.569588792901455,-0.651277219968356,-0.10419634520883225,-0.6773347530231373,0.2267840291023672,0.6361617199371686,0.7676581362150814,0.651277219968356,-0.5695887929014557,0.9672781456688292,-0.7848207026180125,-1.3193140559302208,-1.1422148032341901,-0.5283573437412127,-0.7180946013078251,-1.6066603575270884,-1.9250810804979817,-1.1624527388592034,0.11228645211844858,-0.4070549059059717,0.9357298989731951,0.9229564242797662,1.1592121896841308,0.728342674756924,0.2044646553166367,-0.09762646290970158,1.0901944480755505,1
-0.5605016778429365,-0.87507063028241,0.27967722576327125,0.3052077222492148,1,0,0,1,0,0,-0.33149556159511606,-0.21754087365254282,1.6468031342559943,-0.6582670108093449,1.0348572569789978,0.3414185272086702,-0.2904444758132117,0.6701566722337486,-0.45902226291356335,-0.1697130562913687,-0.12527571640899796,0.5547145921705431,0.3082065447711304,0.2568495164084113,-0.7764598413637281,1.2080880611495015,-0.11345771703538463,0.5141429167918743,-0.31054414497595056,1.0645584453617318,0.6605111242504872,-1.6976514880536924,1.8415108046264557,0.11676866002171327,0.66482505527918,-1.0645584453617318,0.3105441449759499,-0.11896988561082296,-1.009968447893631,-1.2465331807511142,-0.5349512799851129,-0.5454256239766699,-1.3166894836296663,-1.0357458890816678,-1.0391903727935126,-0.9144083514851348,0.2927004014959832,-1.6969572021918669,-0.9436526815433369,0.028283699992091807,0.0761328624983096,-1.6508957890030895,-1.4418395571298541,-1.2388448192465789,-0.45626319576493324,0
-1.5371116474179702,0.18140777454752677,-1.6032360836506476,0.5985369837740325,1,0,0,1,0,0,0.26159447759911014,-0.475714476443288,-0.38731271110714993,-0.15773506054803024,-0.574120498830121,-0.2439567106808356,0.29129647298033495,2.1728160384018826,-1.9508825305835285,0.16183091639582284,-0.7738638128230765,-0.6859329043088036,0.16522705497977885,-0.14984505209544757,1.4521007770110264,-1.6148682053285925,0.45825924763725645,-0.11093984360823313,0.12355936367902995,-1.0580753433055055,-0.5547782471049131,-1.5275755208324864,1.0441349652001177,0.23577889793096254,0.8977496928019522,1.0580753433055055,-0.12355936367903066,0.35452284597261524,2.4422969796658496,2.174167952666851,0.7614056029792309,0.9338253297629369,2.904979686429634,0.3235742738836193,0.2896456887631914,1.3800022317249987,-0.7759052986632599,-1.6210805965279906,-1.3998135020570583,-0.7496925819971905,-0.6177148314801074,-1.206771275767887,-0.7010026615289333,-1.1553410370755877,-1.4459960878228426,0
0.46750881644657266,-1.132748289997029,0.27967722576327125,-0.8681093238500562,1,0,0,1,0,0,-0.7353015457273552,1.3140565807412024,-0.24658771551598904,-0.2665211954025125,1.168174353873405,1.216574631524761,1.119147403694214,-0.3081160896507038,2.0328353082711867,0.7700404836148844,1.2493526093816252,-0.234910599976281,-0.715510513817083,2.1072425842250797,-1.061339811351021,1.7460698619450417,1.4823116652022432,1.801779761626575,-0.9197330604481181,0.5917900106131198,0.5493302533704395,-0.6403279213948913,-1.0243221458734453,0.42955985865889046,0.13486766880772463,-0.5917900106131198,0.9197330604481174,0.911573118423719,-1.3852146900196616,-2.047122807721277,-1.077612300760884,-0.5283573437412127,-2.261839297822047,-1.85133798686084,-1.814344742034923,-1.4725082230767892,0.16779843654230542,-0.8623145398892288,-1.0531312784666302,-1.3461410648556402,-1.1254082660984612,-0.09645999267988113,-0.9479482933959068,-0.8213259083916238,-0.9511296417938885,1
-0.8689048261297889,-0.4885541407104817,0.27967722576327125,2.505177183685348,1,0,0,1,0,0,-0.028641073495936725,-0.36058300492849626,-0.08027635709007157,-0.34000970139463615,-0.0429033487056337,-0.014546858093122488,-0.5830068319159171,-0.9830882611137001,-0.7520619894200491,-1.3464448812877838,-0.8594334772591626,0.9335571697214193,0.8754274661713668,-0.1682291191314018,-1.4636485111836361,0.5712105241672047,-1.1920995929436071,-0.38140025338875416,1.1921218465220598,0.09092870184200141,0.6425926380860925,-0.11693145727659025,1.6021054232180845,0.6368946191171163,0.7449424981224336,-0.09092870184200141,-1.1921218465220604,-0.20252742647848845,-1.3852146900196616,-0.16391766246191838,0.14983524623193267,-0.34060626115118536,-0.08799472517957138,0.4323198869208419,-0.09793149585751397,-0.9144083514851348,0.8339422496285867,0.12408133374116129,0.7532655707677065,1.5453374498711925,1.7684443112261554,-0.857816301083085,-0.37174181903963527,-0.3759724034796717,0.9664778365683122,0
0.46750881644657266,-0.2566442469673251,0.27967722576327125,-0.4281154315628296,1,0,0,1,0,0,-0.7353015457273552,1.3140565807412024,-0.6047967952025805,0.22243776178917635,0.5918732820097946,0.8386968041629334,1.2683670818872168,-0.6673949750610122,2.3036081766859673,0.219282451104041,1.2712920064684783,-0.38113015043236964,-1.0060539363785488,2.3840007246735295,-0.9692760702389689,1.6859351007692571,1.718801188762815,1.9409027229457398,-0.6187833227191311,0.09388569754642515,0.6183701314277417,-0.05497894110739266,-1.4549073635486418,1.4080973919946271,0.24217187173259477,-0.09388569754642515,0.6187833227191303,1.1343932274041606,-1.3101654415944555,-1.9834395419395596,-1.0388507992769007,-0.40887938209301433,-2.2303343040156345,-1.6882195673050053,-1.7036084035718644,-1.3484860293897554,0.3620903820258042,-0.2553016945782196,-0.6243401071837319,-1.21647835119076,-0.685407289429221,0.12560226393772106,-0.12479618717266176,-0.09762646290970158,-0.332546584257695,1
-0.04649643069818187,1.4440283071491598,1.0038746524609323,-0.13478617003801185,1,0,0,1,0,0,-0.7731583567397526,2.4275756107958806,-0.06748317567269331,-0.35042539515729937,1.6460421009497008,2.1377915834364356,1.0605799479113598,0.1934936687160142,-0.9182128130601254,0.5523009793483902,0.10011871194086648,-0.027379310420580987,-0.29663420782384653,1.6810597135065142,-0.5487139856162542,0.1681948127325996,1.4914952539535753,1.3697568848410855,0.569588792901455,-0.6022533438160685,0.20493282346404953,-0.8152657579104096,1.424247241914875,0.7328181709435736,1.20714176756868,0.6022533438160685,-0.5695887929014557,1.07868820015905,-0.7848207026180125,-1.0554833834059623,-0.8192022908676594,-0.2552648599739003,-0.7180946013078251,-1.6066603575270884,-1.9250810804979817,-1.0384305451721696,-0.3040534310604773,-1.1658209625447336,-1.7738653748783102,-0.944186652494511,-0.6346379459673855,-1.8095116865870906,-1.4418395571298541,-1.7677021063295222,-1.569712699330082,1
-0.6890029896291251,-0.6946962684821769,0.27967722576327125,0.3052077222492148,1,0,0,1,0,0,-0.2684008765744537,-0.25882539121592774,0.57217589519622,-0.5118686484785789,0.5889410849235084,0.1965280939953777,1.5277415925487674,-0.3624439769459908,-1.0821600741466522,1.379443255193511,1.3487660298771496,0.8199500401401972,-0.9141615040556205,0.8638341545537632,0.29129315741033673,-0.05891821877308016,0.27890473556222317,-0.02372964240810026,0.02218903885575044,1.0963072413460702,-1.2612289648101407,0.7892768234306247,1.4201419461199685,-1.5869816819882754,-1.7766292731693762,-1.0963072413460702,-0.02218903885575115,0.8001630639334981,0.26586877533487285,-1.6069330893092284e-4,-0.031051760693324323,0.08610074473523979,-0.18250970659880966,0.02452383803125581,0.012804842605544792,-0.23228628620644656,-1.0950992091004363,1.1484155102034896,0.9722227646142934,1.6490676208030963,0.7530574419894479,-1.2543560450430873,1.0276167615398821,1.9621334973080773,0.9355486836915021,0
-0.7147032519863632,-0.07626988516709207,0.5693561964423357,-0.13478617003801185,1,0,0,1,0,0,-0.016022136491804253,-0.364653309476999,2.5807053777246076,-0.7109241292761421,0.9236669412301126,0.26897331060202395,-0.24651675365386524,0.5741034273982535,0.4870422415121858,0.6821160299258877,0.7496887449496237,0.8752359524364027,0.014636386506079136,-0.4975689081662472,0.36776675113306,-0.04721119028604527,0.3579580257648644,0.01937648533652118,0.1590389773671773,1.0359845289758263,-0.15437744352525373,-0.41955431325693376,-0.7132457533664721,-0.5665496991141263,-0.9557147185598949,-1.0359845289758263,-0.15903897736717798,-0.5089050763265954,0.26586877533487285,-0.19121049065408274,-0.18609776662925942,-0.03337721691295973,-0.34003467563087314,0.5954383064766764,0.5664865349208381,-0.4183195767369984,-0.4150773999081907,-0.7105613285614767,-1.1443634425693747,-1.2813097080232,-1.3792549834076382,-0.7309235830158842,-0.4540570296619595,0.013711913318286572,-1.3222794763156045,1
-0.48340089077122306,0.0010334127472937634,-0.4445202009343899,-0.8681093238500562,1,0,0,1,0,0,0.097548296545388,-0.4361743751149757,-0.23379453409861076,-0.26941444366991896,-0.2826713082567861,-0.12723941725901666,-0.30541411052808515,1.67051228839041,0.6340527397014359,-0.9329842192081986,-1.5243711682254486,-0.9829144965747254,1.3111705931696163,-0.1840172878127426,1.0690669207278654,0.8909948903722856,-0.9607319574736728,-1.227104594451546,-0.9813771768947055,-0.36726020632542794,0.24081784952015528,-1.2218627688653332,0.028592601540111097,0.3077561257093722,0.7837283762895206,0.36726020632542794,0.9813771768947048,-0.20252742647848845,0.9413120111617277,-0.10023439668020068,0.369483754641173,-0.05044549714841698,-1.2851844898232538,0.18764225758709038,0.7879592118469556,-0.17027518936292965,0.41760236644966076,-1.0140677512169813,0.7350191379471587,0.6376984542170299,0.7361343275021692,1.0772976494417266,-0.28942660841731066,-0.48731077970765985,0.904619530814692,0
-2.076817156919963,-0.35971531085317227,-0.4445202009343899,-0.4281154315628296,1,0,0,1,0,0,5.536310145326484,-0.7821502617377085,1.1734554218129984,-0.6160255861052109,-0.7720407559516266,-0.12545064647860563,-1.372011642178154,3.3546557123283933,1.0281637451567158,-3.2139571143146157,-3.3728443572560383,-0.28264617779540296,3.265199314228019,-1.5699243085559058,4.31077479848875,-0.6322572138947495,-3.466553282491523,-3.950090874921881,-2.564543132222966,2.1579869790623687,0.33916571566005366,-0.285930683019323,-2.0408918086295444,0.9044738194066025,0.5283679361832112,-2.1579869790623687,2.5645431322229655,-1.5951531076062477,2.067050737539819,-2.238172605066429,-2.1241728408284435,-2.934984856940651,-2.135819322596396,-0.6279498401920818,0.8433273810784847,-2.340663578886029,0.269570407986043,-0.3058860983541368,-0.12256320461863823,-1.1386807229918314,-0.7700228618656133,1.6800380602609295,-1.9906076279453513,-1.5635817499115439,-0.2500688432528684,0
-1.100207187344929,-1.41619371568311,1.7280720791585935,-1.161438585374874,1,0,0,1,0,0,-0.6595879237025604,0.5203471937831681,0.39307135535292426,-0.48987996164628994,1.269648225209414,0.7787729830191642,1.1828356326724714,-1.2557479351621648,0.35558600462657003,1.380800891214734,1.908126852035715,2.674516581042241,-0.3702753514170806,0.6336077717514141,-0.3177450970288232,-0.1561041495935615,0.31473719800321864,0.4197186585134363,1.5219753568508918,2.138245000468471,-1.0116683206815504,1.405243387175434,-0.6429675962409234,-1.5532849042855557,-2.0708847815699807,-2.13824500046847,-1.5219753568508925,0.7166055230658329,-0.18442671521636386,0.4001341201761507,0.2531992501892221,0.3762615087380082,0.6051151385615076,1.4110304042558486,0.6772228733838963,0.3258135853852078,-1.053465220782544,0.8828473903799233,-0.8432973010303187,-1.0090180093269512,-1.4638705558440304,-0.9212626601166852,-0.7010026615289333,0.4033962301162448,-0.9511296417938885,0
-0.12359721776989524,-0.3339475448817109,-0.4445202009343899,1.478524768348486,1,0,0,1,0,0,0.2742134146032426,-0.4762959485216456,-0.7839013350458762,1.4781075098435725,-1.7791541973174771,-1.5086176524314256,0.11136290996915262,-0.14465085771305122,0.7703966192776017,-1.5698604573762758,-1.2411167900740467,0.2983111970630671,1.304375909038526,0.5629079666065264,-0.1163809264550559,-0.22338250477556199,-0.5727858766869135,-0.8011519524736247,-0.37315522795503414,0.7769517052683067,0.40759817050507535,0.08194998450418906,-1.277635861364805,1.5528155285321432,0.8313436619729949,-0.7769517052683067,0.3731552279550334,0.5216379277079463,-0.10937746679115769,0.00893691608845806,-0.10857476366129187,-0.32353798091572933,-0.15100471279239655,0.5138790966987595,0.7879592118469556,-0.35630847989348147,-0.05424950115312168,-0.4070549059059717,-1.4180599348776075,-1.7351292058502814,-1.176177609560296,-0.2550758902638815,-1.1948939252628807,-1.0440026608476,-0.8274130302866491,0
-0.7147032519863632,-1.1069805240255675,0.5693561964423357,-1.8947617391869185,1,0,0,1,0,0,-0.016022136491804253,-0.364653309476999,1.442112231577942,-0.6397502218979436,0.6592011120762655,0.21396860910438514,0.6942106206974342,0.21417059555931164,-0.37973141671697447,0.7637912591724031,1.6061852041987572,1.5939528122870632,-0.05051847347407388,-0.4436620306423889,0.18859234327876254,-0.005798666092376996,0.37531455541431313,0.29515034168876286,0.4783555005605047,1.699534365048511,-1.4086186405476309,-0.10502819427495139,0.5132784675282551,-0.6596772268866988,-1.7999625676221351,-1.699534365048512,-0.4783555005605054,-0.3696425082138195,0.26586877533487285,0.2727675886127153,0.22735824919990022,0.3762615087380082,0.19555021907814235,0.758556726032511,0.5664865349208381,0.015758101167622184,-1.3957891247296605,-0.4323471077939307,-1.0500902063298723,-0.6632507728872705,-0.8546384343020056,-2.23248741347776,-0.7558794686104828,0.013711913318286572,-1.0748462533011267,1
1.2128164248064663,-0.514321906681944,-1.6032360836506476,-0.13478617003801185,1,0,0,1,0,0,0.45087853266109723,-0.49664747126415926,-0.4768649810287978,-0.009022099603339084,-0.8168833888562058,-0.3749841703459427,-0.29989823979959807,0.7501835907022563,-1.4321526798517457,-1.3102877270265683,-1.283870077532663,0.04715350607979498,1.1215138289137419,-0.5881629681598046,0.5215449145830452,-1.2877709658372731,-0.8580760286047651,-0.3814863791693944,0.8615353283924961,-0.7901484909597473,-0.1706697048984739,-0.5071782749677765,0.6637150622481588,0.9192606849920618,1.296646780608238,0.7901484909597473,-0.8615353283924969,-0.6203151308168162,0.340918023760079,-0.3549674598070702,-0.9354867953196102,-1.176951992688579,1.0461850518512859,0.6769975162545934,0.2896456887631914,-0.8523972546416179,-0.3040534310604773,-0.6346847228976005,-0.5969704579529088,-0.1921429132382052,0.17767154942198057,-0.4771381468814831,-0.4540570296619595,-0.8213259083916238,-0.332546584257695,1
0.15910566815972013,-1.41619371568311,-0.15484123025532542,-1.161438585374874,0,1,0,1,0,0,0.48873534367349464,-0.5030436641260921,0.39307135535292426,-0.48987996164628994,-0.05671640769503222,-0.008286160361683923,-0.09561063927513344,-0.6892220149783327,0.17395040701617406,-0.6548075480141797,-0.11813644807004069,0.40972328038443684,0.23334945933067458,-1.2288991107069542,0.028000542112094542,-0.24619509765099165,-1.6863765856957318,-1.5172899865682588,-0.5972369986170187,1.151146070773566,-1.0949525904087551,0.9740291737978535,-0.4851983639387811,-0.787579402445017,-1.3277551870130755,-1.151146070773566,0.5972369986170181,-1.2609229441355856,-0.3345252120667762,-1.0827762115981268,-1.0259302987822392,-1.5353858776331764,-0.7811045889206503,0.02452383803125581,0.34501385799472056,-1.3484860293897554,-1.1089772052064004,0.5793409677244183,-0.7246954876967501,-0.840456481562607,-1.057715808149347,-0.794369942049485,-0.20711139779498602,0.4033962301162448,-0.8274130302866491,0
-0.3291993166277972,-0.6946962684821769,1.4383931084795292,0.3052077222492148,1,0,0,1,0,0,-0.7605394197356201,1.4826834834648872,0.57217589519622,-0.5118686484785789,1.9153057178279576,1.5358702158281279,1.1622764177052693,-0.41695124542755685,-2.0139226056460715,2.3696078571863954,1.6884476389740048,-0.11910922378953906,-1.530150575788975,0.3353289278745799,-0.1533336809806212,-1.1248138476645508,1.4907630196580028,0.6619319056934242,-1.295625183846869,1.122534507594003,-1.281116938092193,0.4186723539549923,1.6227702284559047,-1.7229722491456816,-1.5488169527003548,-1.122534507594003,1.295625183846869,-0.23037994010104354,-0.7097714541928067,-1.8378777915813482,-1.9949678358818312,-1.4841810369268051,-0.8126095827270634,-1.6066603575270884,-1.3713993881826885,-1.2864749325462383,-1.192245181842186,0.4275877563966659,0.10551720563822252,0.9359226956462544,0.09305597698558829,-1.4922798914190887,0.4514102871836102,1.2384340518261547,0.16231986177126023,1
-0.7147032519863632,-0.2051087150244015,0.5693561964423357,-0.4281154315628296,1,0,0,1,0,0,-0.016022136491804253,-0.364653309476999,-0.5920036137852022,0.2050782721847377,-0.7550641863956853,-0.43893272574563663,-0.6853808508755842,0.7927212090124658,0.03990753970565331,0.2147984065422213,0.21815817381011074,-0.4196551752903593,-0.05244669082334892,-0.319694160982978,-0.07554549617911575,0.019023487570655605,0.6532807284529597,0.7524481495140781,1.0187373090415208,-1.582730866861833,0.6336041183494997,-1.163714556979189,-0.035438173297759945,0.3576031979395378,0.4510028553914443,1.582730866861833,-1.0187373090415215,-0.23037994010104354,0.04072103005925432,0.36374368258659734,0.31780175266252825,0.5810808715634928,0.4790951633358572,0.9216751455883455,0.4557501964577793,0.20179139169817292,0.3065783976019474,-1.2416975682086098,-0.8341740846200435,-0.723760039264214,-0.5500223735309933,-0.4136917878478824,0.6160407084282594,-0.09762646290970158,-0.9511296417938885,0
1.0072143259485644,1.2121184134060021,-0.15484123025532542,-1.6014324776621007,1,0,0,1,0,0,-0.07911682151246661,-0.3425573704994127,0.44424408102243734,-0.49161591060673376,0.33800048040491076,0.11648060157198462,0.42418781051872273,-0.3559612278656599,0.5149565445451659,0.38337663584163717,-0.16134393365422153,-1.126114072686206,-0.5286638837888482,-0.02005718747001099,-0.031052096229240062,-0.34171306846551547,-0.4723078417631402,-0.7727452448208249,-0.5252107151899527,-1.0149876916124754,-0.609884381795904,0.45746064803119924,-1.0473515266647513,-0.9862494725984026,-0.5446803131843224,1.0149876916124754,0.525210715189952,-0.2582324537235989,-0.3345252120667762,-0.9372144612399159,-0.9484072958142716,-1.05747403104038,-0.7495995951142377,-0.22015379130249568,0.012804842605544792,-1.1004416420156866,-0.6093693453916895,0.35171115073279,-0.1864257194905595,-0.6848612251647502,-0.9900233502002335,0.9186817518577256,1.2745623934068555,0.793080546914203,-0.8274130302866491,1
-0.3291993166277972,-0.2051087150244015,1.4383931084795292,-0.4281154315628296,1,0,0,1,0,0,-0.7605394197356201,1.4826834834648872,-0.5920036137852022,0.2050782721847377,0.8133652694943978,0.9817984665958149,-0.28334997340969753,0.6745055057144119,-0.6385212955512245,0.700031702801653,-0.08833062089535498,-1.643491192234269,-0.6291060527621695,0.12259107911527027,-0.2155359593421883,-0.8554828732964048,1.1673110008565817,0.3416880654316058,-0.9053494332772455,-1.3436114231817156,0.5164965973346689,-1.1416991671108652,0.013202216399447774,0.21178793833204462,0.44842602494967077,1.3436114231817156,0.9053494332772448,-0.3417899945912644,-0.7097714541928067,-1.6923160412231368,-1.77531932747259,-1.347634795043149,-0.9701345517591269,-1.3619827281933365,-1.2052948804881005,-1.2864749325462383,0.3065783976019474,-1.1658209625447336,-0.5239847266707137,-0.4385020692014777,-0.33002188519637315,-0.12818317219668063,0.4514102871836102,-0.15329565102369538,-0.5799798072721716,0
1.0072143259485644,0.0010334127472937634,-0.15484123025532542,-0.8681093238500562,1,0,0,1,0,0,-0.07911682151246661,-0.3425573704994127,-0.23379453409861076,-0.26941444366991896,-0.14461707326253936,-0.055241393347473154,0.05900891637212714,0.707072144096709,-0.37915268237124333,-0.5669666472490966,-1.2027341784302894,-0.7536616109012482,1.2728493442130366,-0.10643383410908065,-0.19584468025626017,-0.4431893710591915,-0.8872403625119172,-1.052775510945414,-0.09305301462755473,-0.9356157016516281,-0.18840076762191557,-1.1666716092111888,0.07295184159705921,-0.11383699298034174,0.535782956714721,0.9356157016516281,0.09305301462755473,-0.3417899945912644,-0.4846237089171882,-0.9918001176242447,-1.0388507992769007,-1.2793616741013212,-0.6865896075014126,0.2692014673650073,0.34501385799472056,-1.2864749325462383,-0.27629743884854874,-1.1658209625447336,-0.40538291333714505,-0.30883935553659736,-0.33002188519637315,0.2207718024881207,-0.28942660841731066,-0.7099875321636356,-0.45626319576493324,1
-0.2006980048416086,1.0059762856343069,-0.4445202009343899,-0.13478617003801185,1,0,0,1,0,0,-0.571255364673633,0.20344491107831195,-0.09306953850744984,-0.3382737524341923,0.6797739475773028,0.41788847807124124,0.33804317784935556,-0.314135164673737,0.14921885058851597,0.3269957972633359,0.6705678423624861,0.928107177596968,-0.4518120409783267,0.587874667604622,-1.0836025007566847,-0.055556895398510046,-0.00422724004508365,0.37465871347832375,0.9153149533513734,0.3580292690535297,0.11734017347174183,-0.6543688255561027,-0.2598164896045218,-0.44594188496032605,-0.505989724468317,-0.3580292690535297,-0.915314953351374,0.15955525061472892,-1.2351161931692491,-1.1828499149693978,-1.0259302987822392,-0.972132629863095,-0.49755964466293656,-0.30171300108041293,-0.7069813574043363,-1.1624527388592034,-0.16527347000083534,-0.8623145398892288,-1.0075151964152582,-0.9701191952274875,-1.057715808149347,-0.667477223982284,-0.28942660841731066,-0.15329565102369538,-1.0748462533011267,1
-1.074506924987691,0.7482986259196881,0.5693561964423357,1.7718540298733036,1,0,0,1,0,0,-0.5333985536612357,0.05807689148892839,-0.20820817126385424,-0.28098743673954474,0.4848907830678219,0.26181822748037986,0.6595710905102152,1.3874807582833084,-1.1464189358927783,0.6240816171410809,0.01791185493094763,-0.3137021404177666,-0.05722505374643198,1.1002164070436815,1.1162670936713848,0.6001086397571966,0.9855483091247078,0.8633756542326324,-0.16027754582615011,-0.26889098598050765,0.18217361336853344,-0.7861090143272124,2.1702443993265135,0.13415883044260996,0.8196319952617943,0.26889098598050765,0.16027754582614942,0.8837206048011639,0.8662627627365218,-0.3549674598070702,-0.0052107597040024186,0.39332978897346543,-0.7180946013078251,-1.0357458890816678,-1.0945585420250417,-0.29429738304996345,0.27882240539001907,-0.6346847228976005,0.44307621281837667,1.5583037212376798,1.5315207084042572,-1.0481553781838862,-0.5363722402842841,-0.7099875321636356,0.5334696962929761,1
0.08200488108800677,0.7482986259196881,-0.15484123025532542,-0.13478617003801185,1,0,0,0,1,0,0.24897554059497767,-0.4739700602082154,-0.3617263482723934,-0.19592593767779531,-0.531856106285675,-0.21310041471874555,0.963037185525019,1.521506588194039,-2.1296942212059484,-0.3281012801729644,-1.1613111255345874,-0.004270769009052424,1.4529725633636525,0.6447253131048944,1.306281157500564,-1.2842659051585061,-0.18540068180008035,-0.4344667970434055,0.3586118043630067,-0.36149164093482894,-0.6949247131091618,-0.7797117541317421,1.620799965014713,0.2594035197813656,1.0855890743154566,0.36149164093482966,-0.35861180436300744,1.4686233908748227,2.495903585683854,2.6420450073896724,1.3366755059558137,1.1857856570482554,3.0400010884571165,1.2945172474302522,1.1992656118526015,2.088700481365194,-0.7481493064513315,-0.8623145398892288,-0.5696008087220858,0.28760912732185256,0.38074892326932136,-0.9847090191502859,-1.6064699783745033,-1.8790404825575102,-0.3944048900113141,0
-0.27779879191332196,1.3667250092347738,1.4383931084795292,3.2385003374973924,1,0,0,1,0,0,1.2332526269173105,-0.6263157447378894,0.07324181991846762,-0.42275660184246044,-0.5441141067790518,-0.15496536435538744,-4.138153369906204,0.8063887574077158,-1.6141013108464901,-2.301600999466859,-3.105552337272594,0.027113294801889135,3.5144514498904993,-0.9351645096274447,0.6423555306488842,-0.7842757787961023,-0.6394241589161476,-1.7998455617353561,0.5061221547512287,-0.4649864905896614,4.819797635364289,-0.4632962070661508,1.4184090422188402,2.4752724129822137,2.280171256355517,0.4649864905896614,-0.5061221547512293,-0.8292089829859801,0.7536888900987124,0.4001341201761507,-0.08919401291930021,-0.33207212103345735,-0.32428217872766657,2.6344185509246065,2.5043724580243647,-0.32530293147172246,3.6095414708214255,-0.7105613285614767,-1.0166384128255321,-0.23104172733766892,0.7361343275021692,-1.6826189685198898,-1.6887851889968277,-1.9903788587854983,-0.5181215015185524,0
0.7502117023761872,-1.235819353882877,-0.15484123025532542,2.505177183685348,1,0,0,0,1,0,-0.81101516775215,4.50052357014049,1.2885940545694028,-0.6258626302143927,2.905405511165971,3.944897264346667,1.2961704719102454,-1.8989122965804177,0.8733988687681428,2.9002532873858424,4.580140321113306,3.172365608343705,-3.822045118401829,1.198643941979346,-1.4648493592991985,0.5749536563009408,2.1639553908182263,2.270043654240375,1.3564759393421526,2.981392002916201,-0.6046856898439237,1.1388627893963297,-0.6161925363781432,-1.7723139593532384,-3.7381509340194374,-2.981392002916201,-1.3564759393421533,0.6330479821981672,-1.535313186870074,-1.2010451337641732,-0.7675202888890147,0.03489590402886805,-0.8756195703398886,-1.6066603575270884,-2.0911855881925696,-0.9764194483286528,-1.0257092285706153,-0.17942508891434333,-2.6314477174441064,-2.435307859640635,-2.716181027902636,-3.0784388672590977,-1.0302635040182315,0.5704037944582268,-2.9305954259097073,1
-0.5091011531284612,-0.87507063028241,-0.15484123025532542,-0.13478617003801185,0,1,0,1,0,0,-0.8236341047562825,6.42228878911214,0.27793272259651985,-0.47599236996273897,2.943466813935777,5.307046213629658,-0.18081226789357388,-0.7745001531874656,1.2224791747534949,-0.266200806378903,0.7800571145780396,0.02425817932328333,-1.069566925732382,-0.3826807766160473,-1.2806885529446068,0.9695607780660161,0.08641729804310445,1.2976904626559838,0.4251360800282837,-0.38855952469070976,-0.1309462630400649,-0.21993991176845842,-0.6968549073114413,0.4453100290309358,0.25282970882820904,0.38855952469070976,-0.4251360800282844,-0.5089050763265954,-1.3101654415944555,-0.7097742263052108,-0.1473362651452761,-0.10165033785478751,-0.24551969421163483,-0.9541866793037505,-1.2052948804881005,-0.5423417704240322,-0.10976148557697851,-0.17942508891434333,0.0963939892279486,-0.2829068128036209,-0.093098282374475,0.6331731362065233,0.6160407084282594,0.45906541823023866,0.10046155601764112,1
0.7502117023761872,0.7740663918911503,-0.15484123025532542,-1.161438585374874,0,1,0,1,0,0,-0.34411449859924853,-0.19951523922345926,-0.579210432367824,0.14721330683660885,-0.3881762831724853,-0.26721073082617885,-0.11844156052113232,-0.6367423863111735,0.7615803986923672,0.37307576649448043,0.9604355398677975,0.5000543131297448,-1.1095578626002813,-0.5724663624313305,-1.0037168580759537,1.7346175555007537,0.29016663001426685,1.360777677051139,0.1590389773671773,0.5242815205937548,-0.40730577108408894,-0.13155260633229085,0.7020174392920816,-0.21627702841355645,0.07992130767102955,-0.5242815205937548,-0.15903897736717798,-0.6760201580619267,-1.0850176963188372,-0.7461646638947628,0.17567624722125458,0.2909201075607231,-1.0016395455655394,-1.85133798686084,-2.0911855881925696,-0.4803306735805153,-0.47058938433204756,-0.2553016945782196,-0.41450612974742024,-0.010615114107371936,-0.093098282374475,-0.667477223982284,-0.7833178721512579,-0.6543183440496418,-0.332546584257695,0
0.72451144001895,0.7482986259196881,-0.15484123025532542,-0.13478617003801185,1,0,0,1,0,0,0.6401625877230843,-0.5350246284357565,-0.8350740607153893,4.481299211411461,-2.6898473417448243,-3.8747142022201,-1.2656628430206978,1.655659496715676,-0.36380852310517114,-1.6806955099245309,-1.439907502013166,-1.9629910196013025,0.6805725522983159,-0.4974818346810064,0.785139726559928,0.045891371875534784,-0.11345771703538463,0.485759622732952,-0.5609884768922861,-2.1209040850669507,1.2628570053063748,-1.4859088763964259,0.5434548417303195,2.158008474420943,2.346199999636144,2.1209040850669507,0.5609884768922854,-0.6760201580619267,0.26586877533487285,-1.0827762115981268,-0.8967252938356269,-0.8867912286858101,-0.34003467563087314,-1.1173050988595852,-1.0391903727935126,-0.790386157798101,0.7229182807808735,-1.5452039908641146,-1.0896241441077272,-0.6848612251647502,0.12690220596014448,-0.667477223982284,-1.1948939252628807,-1.8790404825575102,-0.8892713360402683,0
-0.5091011531284612,-1.0812127580541053,-0.15484123025532542,0.5985369837740325,0,1,0,1,0,0,-0.8236341047562825,6.42228878911214,-0.5536240695330674,0.06041585881441555,2.080740265303444,4.892498585269404,-1.0586325084096604,-1.5070930008008794,0.33708072513646237,-0.7486383300338192,-0.00764473466685472,0.5731185103943334,0.5124570830520682,-0.3630772206865534,-1.1158136288516027,1.1035828292844372,-0.1771049329560897,0.7959586927259726,0.5516412599819246,0.23455420748543962,1.109271792014593,0.9507348420714495,0.6481936707758497,0.835747865903226,0.7870372721331566,-0.23455420748543962,-0.5516412599819253,-0.3974950218363748,-1.0850176963188372,-0.24579614703841146,0.3436427536518511,0.2567835470898098,-0.2770246880180474,-0.22015379130249568,-0.4855086804782194,-0.23228628620644656,0.8894542340524437,0.7310941790521709,-0.3415203984652251,0.028283699992091807,0.36382580878204385,-0.6992004034990842,-1.1125787146405561,-1.1553410370755877,-0.2706882785040748,1
1.3670179989498932,0.7740663918911503,3.176466932553916,-1.161438585374874,1,0,0,1,0,0,0.08492935954125552,-0.4274522939396127,-0.579210432367824,0.14721330683660885,-0.8008487816904843,-0.44251026730645865,3.6469095894049306,-0.3416021706511229,0.5161712237719969,2.1485243888374423,1.731802382808282,1.5947153765945974,-0.8696147370849973,4.798551836969633,-0.5067084622446961,1.4874712498397429,2.6912278638671143,2.2921946274475715,1.6643883009928626,0.5242815205937548,-0.2764601038017747,-0.03874971429306251,0.7891418001737934,-0.2339423564403961,-0.013546000124367366,-0.5242815205937548,-1.6643883009928633,3.4740043716987956,-0.7848207026180125,-1.1828499149693978,-0.354064273059855,0.683490552976235,-2.009799347370745,-1.3619827281933365,-1.9250810804979817,-1.0384305451721696,-0.3595654154843339,-0.17942508891434333,-0.43275256256796935,0.015317428625603584,-0.07617516788719629,-0.826093121566285,-0.7833178721512579,-0.6543183440496418,-0.3944048900113141,0
-0.2006980048416086,0.2587110724619126,0.27967722576327125,0.3052077222492148,1,0,0,1,0,0,-0.6722068607066928,0.5465134373092572,-0.438485436776663,-0.07267356148628083,0.6019235101655307,0.47647072112970207,1.2402400119608425,-1.6719621237310769,1.125918795307872,0.7554848201246437,0.7746123885648124,1.1008123618023469,-0.3518721726387509,1.2974858194748637,-0.9388661964277881,0.6550669127200592,0.9768371502478558,1.0176463343720088,1.465333844976243,0.048076501797563044,-0.42815138441072076,1.354284940753785,-0.8808896388173498,-0.05199625538599474,-0.013500465796368176,-0.048076501797563745,-1.4653338449762439,0.939425632046274,-1.009968447893631,-0.646090960523493,-0.23777976860790415,0.15437386567706757,-0.8126095827270634,-0.22015379130249568,-0.8177176958673952,-0.4803306735805153,-0.5261013687559044,0.9587239960437993,-0.6060936743631827,-0.9312203811280227,-0.8884846632765624,0.31594134103852145,-0.4540570296619595,-0.48731077970765985,-0.7036964187794109,1
-0.5091011531284612,0.7740663918911503,-0.15484123025532542,-1.161438585374874,0,1,0,1,0,0,-0.8236341047562825,6.42228878911214,-0.579210432367824,0.14721330683660885,2.0234626633927073,4.825419681003991,-0.3423539556247347,-0.6622380543693308,0.1876928720090053,-0.03636799097569975,0.5905880081547126,1.0440222469882456,0.32615976472016905,-0.7100256304611045,-1.1893404916429788,1.1255090960311303,-0.19999780508567383,0.8487422805246264,1.0345842828972671,0.3978337296906128,-0.23339773486441548,-0.2825126830128366,0.8744456540431104,-0.1491835904396907,0.06083830743295451,-0.3978337296906128,-1.0345842828972678,-0.7874302125521474,-1.2351161931692491,-0.7188718357025985,-0.08273376267196997,-0.15285517856115927,-0.5605696322757617,0.02452383803125581,-0.4301405112466897,-0.6663639641110671,-0.3318094232724056,-0.4070549059059717,-0.47836864461934153,0.015317428625603584,-0.0423289389126401,-0.9212626601166852,-0.7833178721512579,-0.7099875321636356,-0.3944048900113141,0
-0.9717058755587404,-0.4885541407104817,-0.4445202009343899,-0.8681093238500562,1,0,0,1,0,0,0.059691485532990585,-0.4262893497828976,-0.0035172685858019803,-0.39150952055447086,-0.04947166350265765,-0.0252794827755886,1.7783546422764243,-0.5628601852949654,-1.0039442258144515,1.2816042369068161,1.138413399585306,0.3331039467855604,-1.9281522542860672,0.9632456010020649,-0.02117308819457035,-1.1303543538049539,0.6329505423983446,0.10754898270680395,0.4783555005605047,-0.020113106998746858,-1.5103817650926983,0.7513325335871087,0.23652827440334157,-1.103741718791709,-1.3749925254533322,0.020113106998746858,-0.4783555005605054,2.8612490720025816,1.6918044954137887,5.312843194765782,3.4962448743491903,3.7216444348875815,4.952804283846459,1.8188264531454346,1.6738499195514247,5.100668042336026,-1.4618748204723473,0.3625506658276294,-0.7937712690888288,-0.5644601339045039,-0.9271660678189131,-1.22036692413223,1.3215996566196124,1.445205321963847,-0.8097392286427579,0
-0.4577006284139859,0.49062096620506923,0.5693561964423357,-0.4281154315628296,1,0,0,1,0,0,-0.3062576875868511,-0.23963681263012915,1.2374213288998899,-0.6177615350656547,0.8854030673068809,0.2931217161375727,-0.721859676446264,0.060211133872084543,0.4857157749216046,-0.9504900135233573,-0.9029518059736801,0.5252574919006524,0.8817731941683,-0.48858446699782476,0.3630759385670245,-0.29808825218561547,-0.8779906803405733,-1.6361141252853215,-0.5047088517425482,1.2169526660865582,0.5155756095023432,0.28107983401865216,-0.9635396818177062,0.4134501584978392,-0.4234654288641494,-1.2169526660865582,0.5047088517425475,-0.5367575899491508,0.19081952690966666,-0.38226028799923456,-0.4703487775118068,-0.767313267037611,-0.9071245641463012,0.6769975162545934,1.0648000580046022,-0.6663639641110671,0.22331042096616224,-0.02767187758659086,-0.7885580025686714,-1.112748180258855,-0.9054077777638412,-0.4136917878478824,-0.5363722402842841,0.013711913318286572,-0.6418381130257917,1
0.3647077670176212,0.18140777454752677,-0.4445202009343899,-1.161438585374874,1,0,0,1,0,0,-0.00340319948767178,-0.3954713296299483,-0.42569225535928473,-0.10739254069515815,-0.4479314083594577,-0.22114988323059512,-0.9460660139801813,0.5043238810322689,-1.020664800527543,-1.6868831450140496,-2.5383882309623935,-2.264349211724007,1.7237477768037646,-0.8433850635341417,0.32886910766824956,-1.07260717872591,-1.9018814673617468,-2.5237399830835385,-1.5109497358852806,-1.5897607057063121,0.47282740405947843,-0.3627465013061829,0.3174162020168113,0.3929971934673855,0.8360881329130218,1.5897607057063121,1.5109497358852806,-0.8988402670423681,0.04072103005925432,-0.7097742263052108,-1.1034533017502068,-1.6719321195168326,-0.655084613695,0.02452383803125581,0.954063719541543,-1.2244638357027204,0.11228645211844858,-0.6346847228976005,-1.0348848456460813,-0.7367263106307022,-0.5500223735309933,-0.5405845059150832,-0.28942660841731066,-0.9326642846196119,-1.136704559054746,0
-0.7147032519863632,-0.3854830768246345,0.5693561964423357,-0.8681093238500562,1,0,0,1,0,0,-0.05387894750420167,-0.3501165075180606,-0.054689994255315046,-0.3533186434247058,-7.673171483358087e-4,0.0037880424060904513,-0.524122711571487,0.7061857547907147,-0.29104620816447657,0.04041488390557733,0.38545431809612524,2.1202405768224675,0.7346102099496197,-0.41502857518731306,-0.13617504635235855,-0.08644168166505473,0.45278303150054855,0.633551352147641,1.1921218465220598,1.7094233342895349,0.31411372680696303,-1.1056792827189295,0.3110043629971499,0.39437400253621313,0.11743009308507753,-1.7094233342895355,-1.1921218465220604,-0.28608496734615396,0.04072103005925432,0.5547934799317504,0.42116575661981864,0.59814915179895,0.7626401075935709,1.4110304042558486,0.8433273810784847,0.3258135853852078,0.08453045990652028,-1.1658209625447336,-0.6882026220556532,-0.4385020692014777,-0.2623294272472596,-0.9212626601166852,-1.1125787146405561,-0.48731077970765985,-0.3944048900113141,1
1.6754211472367457,1.0059762856343069,-1.8929150543297122,-0.13478617003801185,1,0,0,1,0,0,0.11016723354952047,-0.45245559330898666,-0.2849672597681238,-0.2572628009468119,-0.34756481593456784,-0.14915185931905162,-0.26827448621233446,1.0308461746418078,-0.8075633747231965,0.27465453064801115,-0.9165200745828633,-0.6480747371602218,0.481812285777022,-0.36730059735903287,0.5628372096880946,-1.0275555733883963,0.35259231812323616,-1.0228877745418723,-1.1100395122473277,0.21702702713573208,0.006039774493115637,-0.8510307646788611,0.07137193260619151,-0.021416044661397175,0.1928701615233569,-0.21702702713573208,1.110039512247327,-0.48105256270404034,0.26586877533487285,-0.6369933511261053,-1.0259302987822392,-0.8526546682148961,-0.7180946013078251,-0.13859458152457876,0.4557501964577793,-0.29429738304996345,-0.3318094232724056,-1.0899443568808573,-1.317704554364588,-1.0868156375258795,-1.0238695791747903,-0.826093121566285,-0.6186874509066087,-0.5986491559356475,-1.198562864808365,1
0.5703098658755232,-0.4885541407104817,-1.6032360836506476,-0.8681093238500562,1,0,0,1,0,0,-0.7479204827314877,1.3547596262262298,-0.0035172685858019803,-0.39150952055447086,1.4756049275073133,1.3444717423241488,0.21248374207662574,-1.1085233524612514,0.5203955811781487,-0.2098668263946519,0.3448036704084981,0.44612639206613536,-0.4188869063359972,-1.1377614942320218,-0.7742282491483818,0.8197969003235712,-1.2146227537665168,-0.7036151278369134,0.6912331826893902,-0.07709346503402185,-1.4323016949872103,0.7458782261892439,0.11241863108782116,-0.9208825878647366,-1.1352048833838415,0.07709346503402185,-0.6912331826893908,-1.0659553487776992,-0.7097714541928067,0.05442496307539909,0.47284775859846334,-0.06751377738387422,-0.43454965705011084,1.247911984700014,0.954063719541543,-0.5423417704240322,-1.4073541214846308,0.29480369648488275,-0.9436526815433369,-0.7496925819971905,-1.0238695791747903,-1.1353941218550867,1.1305107748177878,1.1966821607406595,-0.9202004889170784,1
0.930113538876852,-0.87507063028241,-1.6032360836506476,0.3052077222492148,1,0,0,1,0,0,-0.5207796166571032,0.05226217070535305,-0.041896812837936774,-0.35621189169211226,0.6074853297360813,0.31548135089271045,-0.18371472097135572,1.1548917725257795,-0.5586159949466736,0.42190380573834896,0.16744625734070406,-0.7733659148832461,-0.2655819490521714,-0.6168912906532458,0.14942449812980005,-0.06238149304027418,-0.2610365363911023,0.19813934776976644,0.3210111268130686,-1.373153796310799,-0.36093071738952726,-1.43543501972447,0.7009593943814899,-0.8288041836770709,-0.0242438269825757,1.373153796310799,-0.32101112681306926,-0.48105256270404034,0.340918023760079,0.6002815269186915,0.47284775859846334,0.3421249482670949,0.8886600828192224,0.10608304780917345,-0.04256332662598434,0.38782468222872474,-0.4150773999081907,-1.3934507795363622,-0.3415203984652251,0.054216242725068246,-0.2792525417345383,-0.2550758902638815,0.28677986593896093,-0.32030321536567735,-0.8892713360402683,0
-0.894605088487027,0.5421564981479937,0.27967722576327125,-0.8681093238500562,0,1,0,1,0,0,-0.44506599463230834,-0.029143920264701743,-0.20820817126385424,-0.28098743673954474,0.3164156890436304,0.19473932321496668,0.21359048564242628,1.2554261448271766,-1.2543870375828083,0.5692084995010773,-0.09097857349618031,0.5482592711417072,-0.03203388216153171,0.5745458947462535,-0.06398280833981376,-0.6786411214203375,0.8357638772167507,0.8625840319429231,-0.5252107151899512,1.2686578481181965,0.277076718707969,-1.787208355590151,1.0328202234630222,0.05976519357074999,0.9604220201417341,-1.2686578481181965,0.52521071518995055,0.939425632046274,0.340918023760079,1.273504622325418,0.6666552660183818,1.0077878774499178,1.8968198846244282,-0.5463906304141645,-0.3747723420151606,1.752068812786101,-0.026493508941193386,-1.772833807855743,-0.97102233077416,-0.3607044410025493,-0.3130987707090945,-0.7309235830158842,-1.4418395571298541,-1.1553410370755877,-0.5181215015185524,1
0.6474106529472365,0.05256894469021735,-0.8790386569529866,-0.13478617003801185,1,0,0,1,0,0,-0.4955417426488382,0.043540089529990035,-0.10586271992482811,-0.3249648104041227,0.5032756580315473,0.28462505493062035,-1.0473288415847122,0.3723192018097211,0.43535896923427525,-0.12387069999529857,-0.1467249651810968,0.492719297710076,0.30311658838289324,-0.632256446619535,0.5629358354719762,-0.5636803906146085,0.8583365658351954,0.6080193396886234,0.4292298816076853,0.2463053852199044,0.8245930572225809,0.05291697320866782,-1.161594726993102,1.018453169986055,0.784362184576117,-0.24630538521990367,-0.42922988160768605,-0.48105256270404034,0.7912135143113154,0.6912576208925736,0.26611975068388355,0.615217432034406,1.0146800580448727,-0.05703537174666111,-0.26403600355210183,0.9459245538203791,0.3620903820258042,-0.3311783002420958,-1.1261170097488256,-1.4628375071540325,-1.057715808149347,0.15732544345452057,-1.3595243465075295,-1.4336869776455579,-1.0748462533011267,1
-0.7147032519863632,-0.2051087150244015,0.5693561964423357,2.9451710759725747,1,0,0,1,0,0,-0.05387894750420167,-0.3501165075180606,-0.6047967952025805,0.26004998926546014,-0.7560761422559342,-0.4702362144028295,-2.151966669223323,0.947095522102058,-1.9722315885458919,0.006737076307577399,-0.5422858260519737,-0.6434035014805013,0.9026151314762396,-0.4350648016962363,-0.7216422147669478,0.004247360378684526,0.5365509516965692,0.6119990402269873,1.0418552473722593,-1.9108249872601313,2.5576504145893573,-2.0228436557154703,2.7003748392582603,0.522933383625724,1.3024960796729386,1.9108249872601313,-1.04185524737226,-0.2582324537235989,-0.4846237089171882,0.8004289336612322,0.6795757665130432,0.8883099158017184,0.7626401075935709,1.3294711944779316,0.8433273810784847,0.6358690696027934,3.2487135720663565,-1.772833807855743,1.5561086148718575,2.997559842917853,3.122293470208432,-0.8895394805998851,0.6983559190505837,-0.15329565102369538,1.3376276710900281,0
1.6754211472367457,-1.0296772261111817,-1.8929150543297122,-0.4281154315628296,1,0,0,0,1,0,0.11016723354952047,-0.45245559330898666,0.16279408984011548,-0.45631828174437516,0.031184257872474037,0.004682427796295961,-0.046731965900738894,0.39204468800622483,-0.20424487872748348,0.504410238065092,0.12466294976396054,-0.5239638953877829,-0.3952044834319922,-0.3056250027936508,0.40977835121926526,-0.9402717591360592,0.3605645899035713,-0.9003141453721568,-1.4375436385994584,0.7111140177770428,-0.24039496555469303,-0.12758668118775485,-0.6656728470045636,-0.3238960145508259,-1.041049471207621,-0.7111140177770428,1.4375436385994576,-0.3974950218363748,0.19081952690966666,-0.4914316007678933,-0.8708842928463041,-0.6990401460957827,-0.5920746260821743,-0.38327221085833024,0.34501385799472056,0.015758101167622184,-0.22078545442469194,-0.1035484832504671,0.05990112358685037,-0.2958730841701091,-0.39771434314548676,-0.15990635171348128,0.28677986593896093,0.7374113588002092,-0.20882997275045564,0
0.7502117023761872,-0.30817977891024867,1.7280720791585935,-0.4281154315628296,1,0,0,1,0,0,-0.1800683175455264,-0.28499163474201683,-0.68155588370685,0.4394313818446596,-0.8750823025442762,-0.5587803680331749,-0.11732607854961574,0.1609268382897137,1.682873321042587,-0.31514140885642045,0.32838519540360384,0.18583517502701885,-0.2355176585009286,0.16222786526396704,-1.0297674361606128,2.2743393187926264,-0.13185915332342937,0.8211118197652787,0.2430696413654208,0.012383503443245562,0.32524093975578916,-1.2524755475760425,-0.015052527516358504,0.2949864328528635,0.3747390385464574,-0.012383503443245562,-0.24306964136542153,0.38237535959517033,-0.7848207026180125,0.8823074182377254,2.062069319441795,1.8953384496936814,-0.6865896075014126,-0.5463906304141645,-0.7069813574043363,0.9459245538203791,0.5563823275093027,-1.0140677512169813,0.9174834661526473,0.7673611678819103,0.854596128913119,0.8235122133073248,-0.28942660841731066,-0.32030321536567735,1.0283361423219313,0
0.5703098658755232,0.18140777454752677,-1.6032360836506476,-1.161438585374874,1,0,0,1,0,0,-0.7479204827314877,1.3547596262262298,-0.42569225535928473,-0.10739254069515815,1.0290744043503497,1.1249001290286964,-1.1907098290284182,-0.6828412666128844,0.5566453865250705,-0.9149437408189596,-0.7618233281099154,-0.25480809489801964,0.6918577323354034,-0.9965947738861332,-0.9164356167849106,0.9135620067887575,-1.0706005488046824,-0.4893808779803979,0.5209310369862826,-0.8641809106868654,0.6599252468060599,0.019155985092628496,0.15708882212802822,0.17444078883573808,0.5126224604866694,0.8641809106868654,-0.5209310369862833,-0.8988402670423681,-0.7848207026180125,0.32735324499704527,0.7700192699756713,0.2567835470898098,-0.24551969421163483,0.5138790966987595,0.2896456887631914,-0.29429738304996345,0.3343343898138759,-0.2553016945782196,-0.8159276517994943,-0.62002986833231,-0.5161761445564365,-0.3819686083310823,-0.37174181903963527,-0.7656567202776299,-0.7036964187794109,1
-0.2006980048416086,0.6452275620338409,2.8867879618748513,-0.8681093238500562,1,0,0,1,0,0,-0.5838743016777656,0.2586847585222777,-0.5152445252809326,0.04594961747738333,0.18625202168842855,0.16343583455777386,2.1119213634536838,-1.9027770124724328,2.316199852936675,-0.3295926882418638,0.48134607506148125,0.9701662607729108,-0.10013577602274126,2.38816053568912,-2.002348602504361,2.6519685766666186,0.4239562297569001,1.3204700727149665,2.197752163909189,-0.8565127692838675,-0.5504561973252275,0.6057122908088494,-0.501350127443421,0.8656461984546842,0.6634085453923717,0.8565127692838675,-2.1977521639091897,2.9448066128702477,-1.760460932145692,1.3098950599149712,2.721014844669517,2.8340938626438166,-0.8756195703398886,0.6769975162545934,-0.26403600355210183,1.0079356506638961,-0.5816133531797613,0.4275877563966659,-0.33239718205494984,-0.5292659687668935,-0.1777138548108673,0.2207718024881207,-0.20711139779498602,-0.5986491559356475,-0.1469716669968365,0
-0.3034990542705592,-1.0296772261111817,-0.4445202009343899,-0.4281154315628296,1,0,0,0,1,0,-0.6595879237025604,0.4389411028131133,0.16279408984011548,-0.45631828174437516,1.136056903292319,0.6902288293888188,0.359359704549337,-0.5179381089936144,0.46339806017871993,0.32544648961613726,0.7692230007476145,0.8390232105622497,-0.7246693742428008,0.30876325622358514,-1.1351311202154515,0.09543253985176453,0.16168885703038366,0.3998718608772094,0.416552302523086,0.7311960875261709,-0.19118580938886387,-0.426263128332052,-0.5375801731192543,-0.27932930855690696,-0.6096305310064923,-0.7311960875261709,-0.4165523025230867,0.35452284597261524,-1.009968447893631,0.2545723698179399,0.26611975068388355,0.32505666803163763,0.3530751881102058,-0.22015379130249568,-0.4301405112466897,0.3258135853852078,-0.19302946221276363,-0.4070549059059717,-0.02220782410562002,-0.2958730841701091,-0.38079122865820925,0.062155904904119784,-0.04248097655033679,0.3477270420022505,-0.08511336124321738,1
-0.8689048261297889,0.5679242641194551,0.27967722576327125,-1.6014324776621007,1,0,0,1,0,0,-0.028641073495936725,-0.36058300492849626,-0.7711081536284979,1.350804586077689,-1.4680495090807026,-1.3212439131833715,0.15502594363333702,-0.5257751730814789,-0.303219396655742,-0.08587015145686663,0.20947566127675663,0.6345295958236961,-0.41113305599754496,-0.649261304367474,-1.6641509575991336,0.7312801202900757,-0.9496827379777388,-1.6013957988717916e-4,1.7556215933338128,-0.8757814322965277,-0.8643015936834298,-0.9454669717481488,1.1493770696438952,-0.8256841116675588,-0.2724849640635332,0.8757814322965277,-1.7556215933338135,-0.7038726716844818,-1.6103624352952797,-0.5278220383574467,-0.09565426316663046,-0.4600842227993849,-0.30852968182446,0.18764225758709038,-0.5408768497097485,-1.1624527388592034,-0.7481493064513315,-0.7864379342253526,0.4704458620491997,1.026686595211671,0.5838262971166633,-0.3502454288142823,0.8629863402952329,0.45906541823023866,-0.20882997275045564,0
0.5703098658755232,0.6452275620338409,-1.6032360836506476,-0.8681093238500562,1,0,0,1,0,0,-0.7479204827314877,1.3547596262262298,-0.5152445252809326,0.04594961747738333,0.8773259456338688,1.0063940648264664,-0.16226554860039863,-0.9844791463243242,0.9516053244329893,-1.7753473281737793,-1.4038695047103227,-0.583306933778014,1.296303829154721,-0.9565020583703536,-0.9438497543433326,1.196799251800955,-0.9620060540758356,-0.3530605207717731,0.6912331826893902,-1.4811177417461807,-0.7300913912934093,0.4057005600887576,-0.09820852828685926,1.4444709688049517,1.480404231107797,1.4811177417461807,-0.6912331826893908,-0.8431352397972577,-0.7848207026180125,0.4547197765604794,1.0413497803635572,0.5469443110925782,-0.37153966943728567,0.758556726032511,0.4557501964577793,-0.23228628620644656,-0.8869292675109735,-0.1035484832504671,-1.262965255902942,-1.112748180258855,-0.5669454880182719,-0.5088613263982832,-0.8656330827735822,-1.4336869776455579,-0.8892713360402683,1
-0.6633027272718879,0.23294330649045036,0.27967722576327125,-0.13478617003801185,1,0,0,1,0,0,-0.2810198135785862,-0.25882539121592774,0.15000090842273722,-0.4505317852095623,0.3739621401136903,0.1491256683144857,0.8477291346630541,0.30213568411760355,0.43479060677955467,0.24059143817477185,0.32825685797155296,-0.014263762546160364,-0.2010582899105601,0.6686930143468406,0.04935952688737411,0.2511474668035158,-0.2025810912961307,-0.03748537772129413,-0.43967950362031105,0.41661470759684033,-0.5106378167982754,-0.3652434178907567,-0.3419943414710309,-0.5258994536754437,-0.46334716746744437,-0.41661470759684033,0.4396795036203104,0.4659329004628361,-0.10937746679115769,-0.45504116317834126,-0.26362076959722697,-0.32353798091572933,-0.43454965705011084,-0.46483142063624716,-0.319404172783631,-0.5423417704240322,-0.5261013687559044,-0.4070549059059717,-0.22291858513165644,-0.3607044410025493,-0.5330992590437151,0.062155904904119784,-0.12479618717266176,0.06938110143228039,-0.2706882785040748,0
-0.38059984134227254,0.7740663918911503,1.0038746524609323,-1.161438585374874,1,0,0,1,0,0,-0.20530619155379135,-0.27917691395844146,-0.15703544559434116,-0.3070266711462027,0.05144053786971482,0.022570135600406147,-0.22149653444148998,-0.3454607265878004,0.2727243765810585,-0.7424544241377781,-0.7202162592851524,0.16757627504498354,1.128461740269082,-0.09836880966264647,-0.3626382188330938,0.3729288897216026,1.8229478151577782e-4,-0.16335256672771262,-0.22109974072011698,0.44783808336594555,0.2097073673937857,0.11087268198267483,0.001934209938186995,1.0031887882297736,0.7768344229445799,-0.4478380833659462,0.22109974072011698,0.15955525061472892,-0.03432821836595151,1.091552434377654,1.1447137843208466,1.0931292786272029,0.19555021907814235,0.5954383064766764,0.7879592118469556,1.13195784435093,-0.22078545442469194,-0.4070549059059717,-1.481922449749529,-1.2553771652902237,-0.8546384343020056,-1.0481553781838862,-1.6064699783745033,-1.6563637301015341,-1.136704559054746,1
-0.27779879191332196,0.28447883843337485,2.1625905351771904,0.3052077222492148,0,1,0,1,0,0,3.908467271793395,-0.7542396019765469,-0.438485436776663,-0.05820732014924861,-1.6129420039660227,-0.535079155192729,2.306605438234549,-0.7755089329523871,0.12847180762949148,1.1471821092268975,1.1028188571235724,0.5431831408892324,-0.5828245459507005,2.5684950510796565,0.49875580759696486,-0.2586873001795669,1.4742412076922917,1.2660195340103795,0.09517567272851181,0.6464429457035722,-0.6409810194824213,1.564052967403696,-0.435581053832887,-0.08793667391178134,-0.19769686162510144,-0.6464429457035722,-0.09517567272851252,2.3320513131740337,0.41596727218528484,-0.10933200607758836,-0.22485926811324272,0.3591932285025509,0.29006520049738066,-0.9541866793037505,-1.0945585420250417,-0.046252995675895824,-0.6926373220274746,1.1863538130354276,-0.5148615102604385,-0.6459624110652865,-0.6346379459673855,-0.12818317219668063,-0.7833178721512579,-0.5986491559356475,-0.6418381130257917,0
-0.5091011531284612,-0.87507063028241,-0.15484123025532542,0.3052077222492148,1,0,0,1,0,0,-0.4703038686405733,-0.011699757913975716,1.5060781386648334,-0.6438007694723127,1.2085270897893468,0.48854492389747645,-0.5668668529683061,0.9746488138959318,-0.8849227494830856,0.5167822933793458,0.36038045643044475,1.2327515186185258,0.34916559678409137,-0.24870044827762236,-0.33391005657645806,0.7766291286731486,0.7696168434214209,1.0244526151872881,-0.018359091073560794,1.6995343650485126,0.5397436005506343,-1.6722398489893158,1.9901564201198405,0.06499934937122304,0.5316663418679192,-1.6995343650485126,0.018359091073560086,-0.3139374809687093,-0.40957446049198204,-0.3367722410122935,0.09815324425328795,0.4103980692089227,-0.5605696322757617,-0.7910682597479163,-0.8730858650989243,-0.046252995675895824,0.1400424443303771,-1.6969572021918669,-1.1169937933385516,-0.07544647093981212,-0.0423289389126401,-1.9364044046542914,-1.853415610241477,-1.545025353873546,-0.7036964187794109,1
-0.5605016778429365,0.0783367106616796,0.27967722576327125,0.5985369837740325,1,0,0,1,0,0,-0.33149556159511606,-0.21754087365254282,-0.1826218084290977,-0.2896671815417641,0.1739474175024704,0.0565567804282155,0.5253974204107817,-0.06253924792863409,0.9712874062728566,1.0420819379209596,0.9319364834143131,-0.08231604853386218,-0.9896944695733402,0.22760282423649283,-0.18654072972741223,1.0670804890882184,0.041903278140863885,0.6451495955912852,-0.4157307643808121,0.30004743805884815,-0.5031598424576557,-0.10103532757186959,-0.2554694400121171,-1.366234895302342,-0.5817000590120953,-0.3000474380588474,0.41573076438081064,-0.14682239923337803,-0.5596729573423944,-1.264728399545891,-0.6124742829530796,-0.5624939042121272,-1.222174502210428,-1.1173050988595852,-1.0945585420250417,-0.8523972546416179,-0.5261013687559044,-0.17942508891434333,-0.2594114507727547,-0.3477381696360611,-0.8377153198147269,0.4428340591057229,0.12214944469431245,0.29205785388825667,-0.45626319576493324,0
1.2385166871637046,1.4440283071491598,0.5693561964423357,-0.13478617003801185,1,0,0,1,0,0,-0.356733435603381,-0.194863462596599,-0.029103631420558513,-0.38514437436617666,0.3420639325512731,0.14778409022917743,-1.0032359076756745,-0.08715590200645576,-0.4463932828205515,-1.2473149010029532,-1.1590996055701281,-0.8681131486372506,0.7492153205814386,-1.309346516095639,-0.7584547022213717,0.4560235194521726,-1.1498904875311342,-0.6954007753971964,-1.0827475017179835,-0.11014700605881247,0.08674033976945512,-0.6401790600569738,1.068494230188064,0.544830237481148,0.8279627468658015,0.11014700605881318,1.0827475017179828,-1.2330704305130304,-0.7097714541928067,-0.009258302706318612,0.22735824919990022,-0.2552648599739003,-0.2140147004052217,-0.38327221085833024,0.12354118106860354,0.2638024885416898,-0.3595654154843339,-1.0140677512169813,-1.6643867779550168,-0.9830854665939747,-0.7361766328910565,-1.6508957890030895,-1.3595243465075295,-1.545025353873546,-1.5078543935764617,1
0.72451144001895,-1.1069805240255675,0.27967722576327125,1.7718540298733036,0,1,0,1,0,0,-0.43244705762817587,-0.05531016379079078,2.452773563550825,-0.7062949320482919,1.3652182259630514,0.5033022828358673,0.15185090087151437,1.5031069672839934,-1.100580797452796,0.8301003155785743,0.3514868352372494,0.635854838942151,-0.06144152259159324,1.1067496605685145,1.6750607829071944,-0.9493823742872418,1.2239978066558206,0.3377156289341363,0.6190712565440033,0.2532428274968747,0.8946988462839647,-0.3850223638696859,0.5504930917214012,0.09228330006909283,-0.12723651957474905,-0.2532428274968747,-0.619071256544004,0.9672781456688292,1.4666567501381707,-0.1548200530645294,-0.6124742829530796,-0.135786898325702,0.2270552128845555,-0.30171300108041293,-0.5962450189412776,-0.35630847989348147,1.63886602377451,0.27583454506891375,2.2768427112835368,2.2973811891274982,2.2084452878953957,0.6966194952401235,0.5337254978059351,0.7374113588002092,2.451077174655176,0
-1.1259074497021662,-0.8493028643109486,-0.8790386569529866,1.7718540298733036,1,0,0,1,0,0,-0.21792512855792381,-0.27743249772336886,-0.630383158037337,0.265836485800273,-0.6705306747551835,-0.4188090544660127,-0.33010743240050167,-0.8514411013652716,-0.31406341054420545,-0.7611588395016682,-0.19463479039338974,-0.08372332630140165,0.2995618178763706,1.0207421943260762,-0.5732079953183982,-0.8705138422072487,0.5359372672995297,0.5521093683477251,0.07195265285990604,-0.18555039652161812,1.4789359939909874,0.5944024459626874,-0.44544725598291907,1.5597027064275124,0.7920620987605597,0.18555039652161812,-0.07195265285990675,0.4659329004628361,-0.8598699510432187,-1.2738260089432798,-1.4523068151060594,-1.2110885531594928,-0.11949971898598452,-0.709509049969999,-0.8177176958673952,-1.1624527388592034,1.63886602377451,0.8069707847160468,0.6346637574341392,0.28760912732185256,0.9222885868622325,0.506280418139323,-0.20711139779498602,-0.32030321536567735,0.904619530814692,1
-0.2006980048416086,-0.12780541711001567,-1.168717627632051,-0.4281154315628296,1,0,0,1,0,0,0.45087853266109723,-0.49664747126415926,-0.3361399854376369,-0.22890896792622875,-0.6112542691266228,-0.20505094620689596,-0.7970086885103136,0.60838959600283,0.9864240303452497,-1.8188722343450665,-1.5007412556848425,0.6104607698485899,2.4597007935399877,-1.2310759478379838,-0.5457689961022785,1.1178155233936227,-2.2646780280670926,-1.7536638478057267,-0.07874992288317216,0.9106988955914741,-0.12181659903803888,-1.3817732129313038,-0.2251778955901112,0.211563078647064,0.23892570823129647,-0.9106988955914734,0.07874992288317145,-1.2609229441355856,-0.7848207026180125,-1.06458099280335,-0.40574627503850064,-1.2281568333949502,-1.5057194464681423,1.166352774922097,1.3416409041622488,-1.534519319920306,-0.38732140769626244,-1.4693273852002382,-1.1352402261590995,-1.060883094792903,-0.9223308922511192,-0.5723076854318833,-1.1948939252628807,-0.9883334727336057,-0.8274130302866491,0
0.23620645523143258,-1.0812127580541053,-0.15484123025532542,0.5985369837740325,1,0,0,1,0,0,0.16064298156605036,-0.45536295370077434,-0.5536240695330674,0.06041585881441555,-0.7955674466542484,-0.3968966124059777,-1.009117634946892,-0.8652879524882073,-0.6438497964028447,-0.5012442705292619,-0.30182986685236096,0.5963544784271035,0.6860337610241177,-0.44373495242045785,-0.5141514690867505,-0.1220212812913637,-0.1648234467168443,-0.09712703143796915,-0.1984048918790851,1.0101319379600069,0.9598278999514965,0.6725692152295756,0.7575446207682346,0.513712563567961,0.29756796736058544,-1.0101319379600069,0.1984048918790844,-0.48105256270404034,-0.5596729573423944,-0.30038180342274146,-0.3153027715758717,-0.3576745413866426,-0.08799472517957138,-0.22015379130249568,-0.1532996650890431,-0.29429738304996345,0.6396503041450882,0.35171115073279,-0.6608329728248301,-0.2051091846046925,0.008440404549195996,-1.206771275767887,-1.3595243465075295,-1.1553410370755877,-0.6418381130257917,0
1.2385166871637046,-0.41125084279609675,0.5693561964423357,1.0385308760612593,1,0,0,1,0,0,-0.356733435603381,-0.194863462596599,-0.4768649810287978,-0.009022099603339084,-0.1669093092458605,-0.14289116158761306,-2.2676088875160167,-0.7725406577062138,0.36795151538928433,-1.9918840609982504,-1.2950050157756976,0.1517433876718383,0.8604148690859477,-1.222720384658248,-0.8459754302152941,0.509467734567577,-1.054136619335426,-0.5581233438116971,-0.8251557858999272,1.0253393444398995,1.9314375563360668,0.21285668253531453,0.00896389237351321,1.6456430336360253,1.1386711292908493,-1.0253393444398995,0.8251557858999266,-1.1495128896453646,-0.7848207026180125,0.018034525485845748,0.279040251178545,-0.1699234587966153,-0.18250970659880966,-0.22015379130249568,0.17890935030013266,0.38782468222872474,1.5833540393506536,0.04820472807728505,-0.41450612974742024,-0.3477381696360611,0.2961333508329291,-0.4136917878478824,-1.277209135885205,-1.0440026608476,0.2860364732784985,0
-0.12359721776989524,-1.132748289997029,-0.4445202009343899,-0.8681093238500562,1,0,0,1,0,0,-0.3188766245909836,-0.23265914768983872,-0.23379453409861076,-0.27346499124428797,0.10603676272290062,0.03240837489266675,-1.0552583721344773,-0.4556968293229739,0.43784126894114667,-0.4443847249956682,-0.6029147822575994,-1.4101608043058163,-0.2769842766337081,-0.3052030913895907,-1.156421233559056,-0.31105547544291057,-0.06810632912042328,-0.018401619427139294,-1.6929968571541203,-0.2441974779926877,1.162407121471827,-0.5330192061742148,-0.911124437156314,0.5328020240388269,0.7658531454820782,0.2441974779926877,1.6929968571541196,-0.5646101035717058,-1.3101654415944555,-1.2829236183406676,-1.2197378062021575,-1.176951992688579,-0.655084613695,-1.5251011477491712,-1.0945585420250417,-0.9764194483286528,0.5286263352973745,-0.8623145398892288,-1.3815670692365094,-1.553601406719449,-1.2946394109712458,-0.0012904541294803558,-0.7010026615289333,-0.8769950965056176,-1.198562864808365,1
-0.38059984134227254,-1.0812127580541053,1.0038746524609323,0.5985369837740325,1,0,0,1,0,0,-0.20530619155379135,-0.27917691395844146,-0.5536240695330674,0.06041585881441555,-0.49445511859747904,-0.26139722578984304,-1.083347120196335,-0.6877808798018832,-0.22258394251992533,-0.4079070035788244,-0.4129792209394178,0.6047070672409546,0.8500385112389728,-0.14285527660781894,-0.3763806132179976,0.4441911030480729,0.06117364932269412,-0.09904681914345097,-0.30025191215747105,1.122534507594003,1.3636812330517754,0.5669510062750547,0.750648926967593,0.611714789373602,0.4401932722825752,-1.122534507594003,0.3002519121574703,-0.06326485836571254,-0.25947596364157,0.33645085439443295,0.5245297605771081,0.529876030857121,-0.34003467563087314,0.02452383803125581,0.17890935030013266,0.2638024885416898,0.917210226264372,0.19995793940503753,-0.8159276517994943,-0.3477381696360611,-0.093098282374475,-1.238494455284687,-1.5241547677521787,-1.32234860141757,-0.7036964187794109,0
-0.4063001036995106,-0.514321906681944,1.0038746524609323,-0.13478617003801185,1,0,0,1,0,0,-0.4576849316364408,-0.011699757913975716,-0.4896581624461761,-0.009022099603339084,-0.033616593438423055,-0.002025462630245358,1.2990758891062748,0.23773334979605906,-0.7845787256897699,0.45018638451705356,-0.007979445378156872,-0.1482661220354366,-0.044242101260658716,1.8923392271937747,-0.02743851951065439,-0.15355846840366677,1.450108399882662,1.1734819177835,-0.4863880375980577,0.28017642692511974,0.08440641224333399,-0.35378378987692555,0.9182339499373662,0.8297299046356722,1.1560503627857912,-0.28017642692511974,0.48638803759805704,1.3015083091394917,-0.3345252120667762,-0.9463120706373036,-0.8708842928463041,-0.32353798091572933,-0.49755964466293656,-1.2804235184154193,-1.2606630497196296,-0.29429738304996345,0.0012624832707351544,-0.4070549059059717,-0.2594114507727547,0.2357440418559006,0.5669031826293847,-0.5405845059150832,-1.0302635040182315,-1.0440026608476,0.16231986177126023,1
-0.12359721776989524,-1.0812127580541053,-0.4445202009343899,0.5985369837740325,1,0,0,1,0,0,-0.3188766245909836,-0.23265914768983872,-0.5536240695330674,0.06041585881441555,-0.36381939876062674,-0.22562181018162267,-1.2125329786249581,-0.8910633757621914,-0.7374912109912294,-0.48243019017811634,-0.2066954876416626,-0.7120578784678223,-0.034236589314065584,-0.5052096064961612,-1.064823397940539,-0.23944059804319112,-0.12144069307211004,0.20528452719978857,-1.4375436385994584,0.45457625868389784,1.181257136995654,0.15629574283634623,0.7675604820566672,0.5313135506893373,0.46913464246454606,-0.45457625868389784,1.4375436385994576,-0.7874302125521474,-1.3101654415944555,-1.6468279942361959,-1.4910683165900436,-1.4500444764558913,-0.7811045889206503,-1.6882195673050053,-1.4267675574142176,-1.3484860293897554,0.7229182807808735,-0.17942508891434333,-0.9254062487227878,-0.4385020692014777,-0.21156008378542468,-1.238494455284687,-1.277209135885205,-1.266679413303576,-1.0129879475475077,1
0.18480593051695732,-0.41125084279609675,0.5693561964423357,1.0385308760612593,1,0,0,1,0,0,-0.36935237260751347,-0.1931190463615264,-0.4768649810287978,-0.009022099603339084,-0.1493542113623822,-0.1415495835023048,-1.8527726351006109,-0.9925499501502434,1.0716651485431627,-1.4161396529055985,-0.6884406221053394,0.6700984495717285,1.234887131560402,-0.8006304999390162,-1.709084815794747,1.1139913899059737,-0.2746538669600405,0.42783232193548376,0.5516412599819246,0.36682327779893126,1.7763448885964417,-0.3498176941774173,-0.34554824511808124,1.6407712363831288,1.312701517345979,-0.36682327779893126,-0.5516412599819253,-0.9823978079100336,-1.760460932145692,-1.5103638532753727,-0.8192022908676594,-0.8697229484503528,-1.3796994712424915,-0.22015379130249568,-0.4855086804782194,-1.4725082230767892,1.1392581639597994,-0.6346847228976005,-1.0713777112871794,-1.060883094792903,-0.44848368660732285,-0.4136917878478824,-1.4418395571298541,-1.4893561657595522,-0.45626319576493324,0
-0.4063001036995106,-0.12780541711001567,1.0038746524609323,-0.4281154315628296,1,0,0,1,0,0,-0.4576849316364408,-0.011699757913975716,-0.3361399854376369,-0.22890896792622875,0.19432914336144338,0.1679077615088014,1.5230009555299135,0.3243143828289695,-0.281925868330529,1.3532955412401309,0.5282349705552802,0.4996104702678205,-0.09672638153448426,1.4820582495506132,-0.23495797703745186,-0.8337786272164789,1.8581867418461646,0.976949643806988,-0.5666803935267488,1.2434358081027634,-0.6369147622269865,-0.6805074118810224,-0.4524650044679565,0.014331196094252895,0.26706984681914436,-1.2434358081027634,0.566680393526748,0.7723105503109431,-0.6347222057676005,-1.3920949311093263,-1.5298298180740268,-0.8867912286858101,-0.655084613695,-1.4435419379712537,-1.4267675574142176,-0.8523972546416179,-0.9146852597229018,-1.0899443568808573,-1.8559743225707799,-1.7480954772167696,-1.633101700716815,-0.826093121566285,-1.7711003996191523,-1.6006945419875402,-1.6315710050837011,0
-0.48340089077122306,1.547099371035007,-0.15484123025532542,-0.8681093238500562,0,1,0,1,0,0,-0.8236341047562825,6.387400464410688,0.32910544826603294,-0.48409346511147705,2.972406733854153,5.286475349654931,-0.29033560131317987,-1.2769518387700503,2.0050557604092645,0.31423180283217794,1.8061017009662435,1.4489525473920208,-0.8187601595771415,-0.7378942017799406,-1.0936207328192522,1.179692787956445,-0.7192383333873951,0.29962216684623744,0.5061221547512287,1.4742326682439868,-0.33357647089819853,0.6570912307291437,-1.5555009114875857,-1.1376913126186716,-2.05549793762706,-1.4742326682439868,-0.5061221547512293,-0.8152827261747027,-1.1600669447440433,-0.7461646638947628,-0.08273376267196997,-0.3576745413866426,-0.7180946013078251,0.18764225758709038,-0.04256332662598434,-0.790386157798101,-0.5261013687559044,0.19995793940503753,-0.998391980004983,-1.5406351353529608,-1.785409731102321,-0.6040308649486834,-0.12479618717266176,0.7374113588002092,-1.0748462533011267,1
-0.7661037767008384,-0.2824120129387873,1.4383931084795292,-0.13478617003801185,1,0,0,1,0,0,0.6275436507189519,-0.534443156357399,-0.09306953850744984,-0.3220715621367162,-0.4452663150128688,-0.16212044747703153,-1.2003538637574411,0.5465659515457048,2.545826801050782,-2.2638054787847066,-1.8582232407380996,-1.1830641094327974,1.6677191541319865,-0.8851351277474026,1.0464224205795025,2.848416248444287,-2.1321244620815323,-1.6563880281013725,-1.6480820055401129,0.020989325180847843,0.7847046769914706,0.2981040880777224,-0.6178468932683895,0.9440770341784568,0.7986407015649523,-0.020989325180847843,1.6480820055401122,-0.8431352397972577,0.9413120111617277,-0.054746349693259644,1.4160442947087326,0.3079883877961804,-2.261839297822047,0.10608304780917345,1.1755363964676604,0.07776919801113909,0.3620903820258042,-0.1035484832504671,-1.0348848456460813,-1.1516469943583196,-0.7700228618656133,-0.15990635171348128,-1.1948939252628807,-1.32234860141757,-0.7036964187794109,1
-0.6633027272718879,-2.137691162884043,0.27967722576327125,1.0385308760612593,1,0,0,1,0,0,-0.2810198135785862,-0.25882539121592774,1.6851826785081292,-0.6652108066511203,0.9821160817037495,0.31503415819760766,0.8979064968705787,0.7263667987884853,-0.6237917788274749,0.515619621202112,0.49817911172903706,-0.8633589522784471,-1.188973211053142,0.32863685173948687,0.3064525562272073,0.12048204880421302,-0.5985376842646304,-0.5803899547542924,-1.2379708116036303,0.05028573960672956,-0.9201907713179898,-0.6899637834283108,0.9738170986091933,-1.2900685652492137,-1.2142950711294285,-0.05028573960672956,1.2379708116036297,0.04814519612450831,-0.03432821836595151,-0.8644335860608106,-0.6770767854263857,-0.8526546682148961,-0.8126095827270634,-0.7910682597479163,-0.319404172783631,-0.9144083514851348,-0.6093693453916895,-0.17942508891434333,1.9301604876931084,2.2649655107112783,1.4299820214805863,0.05422511002492019,2.365238934152656,2.6579983487330026,1.322163094651623,0
0.8530127518051386,-0.2051087150244015,-0.8790386569529866,2.9451710759725747,1,0,0,1,0,0,0.03445361152472564,-0.4036119387269538,-0.6047967952025805,0.14142681030179596,-0.8264934450413755,-0.41970343985621816,-1.8255226387487606,0.4184475390605614,-1.4762213669548718,-0.8920517789835141,-1.3744036056171225,-1.05070103102871,1.2606404351639464,-0.29686594774534186,-1.2647044086586439,0.7427816430911229,-0.7260189380246173,-0.48999325031373564,0.6477887577651265,-2.075499892960316,2.241808710205993,-1.841285492761879,2.764467980053845,0.485196451998592,1.3084089605612912,2.075499892960316,-0.6477887577651271,0.02029268250195297,-0.9349191994684248,1.4372615914784068,1.674454304601957,1.2296755205108585,0.3215701943037938,1.8188264531454346,1.5631135810883663,1.069946747507413,2.610325751192004,-1.6210805965279906,1.0178388466656656,2.4789089882583317,2.5976769211027997,-1.175048096251087,0.4514102871836102,-0.4316415915936655,0.7809029193074537,0
0.7502117023761872,1.4440283071491598,-0.4445202009343899,-0.13478617003801185,0,1,0,1,0,0,0.6780193987354818,-0.544328181689477,-0.016310450003180245,-0.38514437436617666,-0.4048424178453054,-0.12097871952757809,-0.6090721603479353,0.3010390047274393,-1.0088911504825067,-1.9661590275924847,-1.7714467656947714,-0.3240430681428068,1.76192198469855,-0.7123422836769862,-0.11222513055846357,-0.7968991568800193,-1.9351999095516086,-1.6820820048328682,-0.5778453069251163,0.13114384342216265,0.13516564884716925,-0.5256101536661977,0.5783812007604913,0.737242896519607,0.660741866695511,-0.13114384342216265,0.5778453069251156,-0.48105256270404034,0.26586877533487285,1.2007237471463126,0.5374502610717695,-0.32353798091572933,1.3612349899154128,1.3294711944779316,1.8953225964775422,0.5738579727592754,-0.3318094232724056,-0.9381911455531051,-1.6917564271858405,-1.2035120798242718,-0.8884846632765624,-1.5557262504526888,-1.277209135885205,-1.378017789531564,-1.4459960878228426,0
0.05630461873076867,-0.87507063028241,-1.168717627632051,0.3052077222492148,1,0,0,1,0,0,0.29945128861150755,-0.4838550855402935,-0.10586271992482811,-0.31859966421582847,-0.2892721372499047,-0.1258978391737084,-0.35810329301710603,0.4928250736869965,-0.42090441324960537,0.11653647104570303,-0.4842923933571373,-1.4443451776107004,0.1805549115224201,-1.272986951335402,-1.0801541186699393,0.5827389082711266,-0.7085670049622764,-0.630838139024539,-0.65872285032305,-1.3166012534636966,-0.7740022164856313,-1.758492564038577,1.1609868369799328,-0.8600361670187697,0.013713169974962656,1.3166012534636966,0.6587228503230493,-0.8988402670423681,-0.3720498362793791,3.311369127340377,3.237834864455966,2.6548769201715188,1.487254965141063,1.2071323798110556,1.812270342630248,2.775251910704134,-0.8036612908751883,-1.6969572021918669,-0.48749186102961545,0.14498014229048395,-0.21156008378542468,-0.667477223982284,0.2044646553166367,-0.3759724034796717,-0.9511296417938885,0
-0.7404035143436003,0.5163887321765315,0.5693561964423357,-0.4281154315628296,1,0,0,1,0,0,0.26159447759911014,-0.483273613461936,-0.7327286093763631,0.8792051184904389,-1.4353661083508866,-1.0511395253413076,0.02383219662790047,-0.31579344569046497,0.5425635873784234,-1.206619012042135,-0.9011986252440747,0.5011247576790907,1.3375686205957527,-0.6795819738940658,-1.0525622703380608,0.7213700813238891,-1.2679852534567881,-0.758412015267285,0.594470599903532,0.09388569754642515,-0.7121695505958876,-0.6209973613935629,-0.01679523686900051,0.37275196861729626,0.43116062990213827,-0.09388569754642515,-0.5944705999035328,-0.7317251853070371,-1.0850176963188372,-0.5369196477548344,-0.10857476366129187,-0.596630464683041,-0.7495995951142377,1.247911984700014,1.009431888773073,-0.728375060954584,-0.6093693453916895,-0.482931511569848,0.39746013076700454,0.3265079414213163,0.46536449570571364,0.4428340591057229,-0.12479618717266176,-0.09762646290970158,0.34789477903211874,0
-0.48340089077122306,-0.6946962684821769,2.452269505856255,0.3052077222492148,1,0,0,1,0,0,-0.1295925695289965,-0.3123208224248209,0.39307135535292426,-0.4910372609532525,0.35708231377937705,0.1392874290222251,1.3157109484067835,-1.2221752088057298,0.1480752321638139,1.4270923389804004,1.848358202821592,0.8992792115922456,-1.2579179394153988,0.5686205462057594,-0.3486887375676629,1.6515932152793091,0.23234969842820127,0.5811672327531561,-0.05671543019588151,1.2827592613995524,-1.2613691517980314,1.3281651068353468,1.4572680993956497,-1.6975156980194932,-1.8355595010344803,-1.2827592613995518,0.056715430195880795,0.7723105503109431,-0.10937746679115769,0.7731361054690666,1.5969313016339897,1.6393142461618264,-0.7180946013078251,0.18764225758709038,0.2342775195316623,1.13195784435093,-1.2107491766501381,1.0851850054835932,-0.3050275328241268,0.46049274554169334,-0.29053461805938996,-1.862383652448424,0.34165667302051117,1.2198776557881568,-0.2500688432528684,0
1.2385166871637046,1.0575118175772313,0.5693561964423357,0.5985369837740325,1,0,0,0,1,0,-0.34411449859924853,-0.194863462596599,-0.5536240695330674,0.10092133455810576,-0.33089868126174904,-0.22785777365713644,-1.867922226128109,-1.5966218531944611,0.1033789605649192,-1.8549671118368491,-1.499612507124374,-1.013637661641487,0.6492789677971771,-1.3176091578394187,-0.8609538377004512,0.5009128238005953,-1.1627772895208588,-0.8932629929013401,-0.5972369986170187,-0.7901484909597473,1.2808517801017492,1.3289289456495283,0.36204657776310584,1.352950839608091,1.0774722511972192,0.7901484909597473,0.5972369986170181,-1.2330704305130304,-0.7848207026180125,0.08171779126756346,0.33072225315718967,-0.1699234587966153,-0.37153966943728567,0.02452383803125581,0.34501385799472056,0.07776919801113909,0.8894542340524437,0.8828473903799233,-0.7155722712864762,-0.4385020692014777,0.09305597698558829,-0.794369942049485,-0.4540570296619595,-0.8213259083916238,-0.6418381130257917,0
0.8530127518051386,0.6452275620338409,-0.8790386569529866,-0.8681093238500562,1,0,0,1,0,0,-0.15483044353726144,-0.31115787826810587,-0.5920036137852022,0.12117407242995086,-0.6330174795586402,-0.33294805700628377,0.6649949598980639,0.29076035226744884,-0.5707489077195739,-0.6119178401396294,-1.4474995768945804,-1.2288325872981363,1.1339174718620346,0.10580838012329441,0.35659706238615496,-0.8587400723492121,0.08111162699677944,-0.5497761545442112,-0.5745260083472232,-1.106173187055868,-0.8189691927933613,-0.041846599478508495,-0.08271807907984269,0.9070904252509417,1.3450709329848027,1.106173187055868,0.57452600834722245,0.04814519612450831,0.26586877533487285,-0.16391766246191838,-0.5737127814690962,-0.5112890635057554,0.06953024385249205,-0.05703537174666111,0.2342775195316623,-0.23228628620644656,-0.9701972441467586,-0.482931511569848,-1.3633206364159602,-1.1905458084577836,-0.8207922053274488,-0.3819686083310823,-1.0302635040182315,-1.4893561657595522,-1.0129879475475077,0
1.5983203601650333,-0.87507063028241,-1.8929150543297122,0.3052077222492148,1,0,0,1,0,0,0.4256406586528323,-0.4989733595775894,1.5060781386648334,-0.6438007694723127,0.39366267743760824,0.11379744540136809,-1.1749478126289818,1.7214141249446353,0.18631806370634824,-1.2802458618747172,-1.4270892535176574,0.7130301290205656,2.5619197814250954,-1.2639784765313933,0.556911168568476,1.6359458250037924,-1.8731317021074685,-1.5919343638011418,0.02721105494791352,0.9455004604204603,0.37084113411554614,-1.804793526443411,1.3892647493362362,-0.12783576691339305,0.3010718612767025,-0.9455004604204603,-0.027211054947914228,-1.17736540326792,0.5660657690356972,0.13630344765189217,0.9767472778902511,0.06903246449978255,-1.3796994712424915,1.9819448727012692,2.172163442635189,-0.35630847989348147,-0.05424950115312168,-1.8234182116316604,-1.3237866986381053,-0.53358805922239,-0.5443813353685675,-1.6508957890030895,-1.4418395571298541,-1.2852358093415737,-0.9717490770450948,1
0.5703098658755232,0.7482986259196881,-1.6032360836506476,-0.13478617003801185,1,0,0,0,1,0,-0.7479204827314877,1.4477951587634352,-0.34893316685501513,-0.19592593767779531,1.136056903292319,1.2648714425958585,-0.22018433076955396,0.04969623392021966,-0.18442077946742902,-0.7383066367130275,-0.8768804011849121,1.4461357415161586,1.7238052286567256,-0.8653363595340473,-0.8901652816821674,1.2373549942522237,-1.00806978249386,-0.2973320013189569,0.9153149533513734,1.0645584453617318,-0.5584622226831407,-0.9599576785806948,1.495531822827407,-0.002180105657213756,0.8497006392944271,-1.0645584453617318,-0.915314953351374,-0.7874302125521474,-0.7848207026180125,0.20908432283099887,0.8346217724489774,0.3421249482670949,-0.4660546508565234,0.758556726032511,0.34501385799472056,-0.5423417704240322,-0.6926373220274746,-1.0899443568808573,-0.9162830323125138,-0.10137901367278856,-0.093098282374475,-1.1116017372174867,-1.853415610241477,-1.7677021063295222,-0.5181215015185524,1
0.23620645523143258,0.28447883843337485,-0.4445202009343899,1.0385308760612593,0,1,0,0,1,0,2.798000815429737,-0.7269104142937428,0.7001077093700027,-0.5408011311526433,-0.5767201863286308,-0.14110239080720205,-1.8163026577544472,-1.0777323967702603,0.7374478345900366,-2.021769886133891,-1.6282309383457423,-0.4011475010107581,1.5585634656486456,-1.1402424711886574,-1.6927703316329805,2.8817854578239928,-1.8802722045557314,-0.855443175103349,0.2284556128439864,-0.7736968421314995,1.3862962171720734,-0.21655862082262992,1.8878005722497564,0.8668349507226347,1.2816062020462617,0.7736968421314995,-0.22845561284398783,-1.17736540326792,-1.685411683720486,-0.9645072894320803,0.4814614255949037,-0.3462956878963386,-2.188327645607084,0.4595062901801475,0.3819259708157405,-1.2037934700882147,2.055205906953436,0.35171115073279,1.848051540000638,2.777133229687556,3.1053703557211536,-0.1916295312302808,0.36909507656128593,0.013711913318286572,2.451077174655176,0
0.7759119647334253,-1.0812127580541053,-1.168717627632051,0.5985369837740325,1,0,0,1,0,0,-0.14221150653312897,-0.31115787826810587,-0.5664172509504457,0.10092133455810576,-0.5852116548371973,-0.3172963126776874,-0.73413014104754315,-0.4067266276226269,-0.31813361407149077,0.18749066679669085,0.4856623875125788,0.9891730064729293,-0.1622490082081513,-0.01077891021984724,-0.022201077726293685,0.021508501375930057,0.5822237674853726,0.5567707460058372,-0.04921092906325296,1.3979208031972914,1.0100556717480567,0.5360045084015069,0.4565132775857324,0.32403532643770905,-0.0878066227082857,-1.3979208031972914,0.049210929063252244,-0.3139374809687093,-0.40957446049198204,-1.1919475243667854,-1.0000892977929163,-0.7502449868021539,-0.7811045889206503,-1.1988643086375024,-1.3160312189511594,-1.0384305451721696,0.3620903820258042,-0.1035484832504671,-1.5184153153906257,-1.0997819088923677,-0.9223308922511192,-1.6826189685198898,-1.6064699783745033,-1.32234860141757,-1.5078543935764617,1
-1.1259074497021662,-0.9008383962538722,-0.8790386569529866,-0.4281154315628296,1,0,0,1,0,0,-0.25578193957032125,-0.2628956957644305,-0.054689994255315046,-0.3388524020876736,0.1957237988777232,0.059687129293934785,0.7831464597817605,0.9824611537154566,-0.768982621849625,0.4016573766294413,-0.06878030396935145,0.39749826792385845,0.3998731822663621,1.123703049270921,-0.42479253709115633,-0.629449343965169,0.327318191042472,0.5971951809487654,0.6109019818860374,-0.06374491962016399,0.03380663041721806,-1.7740066044555498,0.4186891183170868,-0.2180500878152647,0.6724626233279394,0.06374491962016399,-0.6109019818860381,0.38237535959517033,-0.8598699510432187,-1.6923160412231368,-1.684875824009962,-1.5012493171622625,-0.49755964466293656,-0.6279498401920818,-0.9284540343304539,-1.658541513607341,-0.24854144663662048,-1.772833807855743,-1.0713777112871794,-0.723760039264214,-0.7530997473783346,-0.3819686083310823,-0.8656330827735822,-0.9883334727336057,-0.76555472453303,1
1.6754211472367457,0.10410447663314094,-1.8929150543297122,0.5985369837740325,1,0,0,1,0,0,0.5896868397065544,-0.5280469634954661,-0.20820817126385424,-0.2896671815417641,-0.535000390736799,-0.18224411875665547,0.053822591802765635,0.5212520031193019,-0.49087297674989255,1.1592335052914626,-0.45698117749970674,-1.2337743305563413,-0.19812757148966428,-0.22683951921925558,0.2425584125310737,-0.7289705641118055,0.25696821816745896,-1.0211350055118107,-1.3475953222069719,-0.34619240229020387,-0.30149699892425424,-0.47244503978540275,-0.06150531171999608,-1.3112443917605543,-0.40284167323658326,0.34619240229020387,1.3475953222069719,-0.4253475354589299,-0.10937746679115769,-0.9281168518425269,-1.1163738022448682,-0.972132629863095,-1.0961545269847772,-0.5463906304141645,0.06817301183707392,-0.728375060954584,-0.49834537654397587,-0.7105613285614767,-0.989268763594709,-0.8663890242955825,-1.2607931819966884,-0.15990635171348128,0.12214944469431245,-0.04195727479570725,-1.3222794763156045,0
0.08200488108800677,-0.2051087150244015,-0.15484123025532542,0.3052077222492148,1,0,0,1,0,0,-0.11697363252486404,-0.3175540711300387,-0.6943490651242283,0.5464815677386979,-0.9843007003531734,-0.6665538075529388,-0.5693288094539357,0.8448629803744564,-1.4489293790861206,-0.4083158062321911,-0.7151522283810834,-1.8448309325368668,0.0019710468121443806,0.5217901396128576,0.21143977834412528,-1.2458180857129522,0.8051986022676685,0.4587954933769733,-0.5252107151899527,-1.995231767628944,1.313032127981061,-0.9477852265399869,0.7288079707289082,1.350029462580823,1.3776574241514334,1.995231767628944,0.525210715189952,0.0759977097470634,-0.25947596364157,-1.2829236183406676,-1.6202733215366558,-1.2964299543367779,-0.05648973137315825,-1.1988643086375024,-1.149926711256571,-1.2244638357027204,1.1115021717478706,-0.9381911455531051,-0.24116501795220557,0.15794641365697218,0.7022880985276131,-0.5405845059150832,0.03983423407198747,-0.7656567202776299,-0.2706882785040748,0
-0.4063001036995106,0.7998341578626126,-1.8929150543297122,-0.4281154315628296,0,1,0,0,1,0,1.1827768789007806,-0.6228269122677442,-0.7199354279589849,0.801087415270465,-1.7736912849903663,-1.0980947583270968,-0.3727727252254565,0.06265645096149576,-0.18411080258467022,-0.5966044366918183,-2.1282254715344373,-0.7348599241284491,1.7718537801566578,-0.5806693957874598,-0.9747395761338992,-0.5291086036717267,-0.8057784214376842,-2.144755145489534,-1.9287998281276528,0.9106988955914741,-0.061848469731773034,-1.0624706547714946,-0.2800174847692296,0.006978014797977957,0.672861388037015,-0.9106988955914734,1.9287998281276528,-0.8988402670423681,-1.3101654415944555,-1.965244323144783,-1.865762830935219,-1.9962294439905155,-2.135819322596396,-1.0357458890816678,-0.26403600355210183,-2.340663578886029,0.0012624832707351544,-0.9381911455531051,0.2879815338437111,0.09311505682453199,0.09305597698558829,1.1407440084753266,-1.1948939252628807,-0.9883334727336057,0.2860364732784985,0
-0.2006980048416086,-1.0812127580541053,-1.6032360836506476,1.7718540298733036,1,0,0,1,0,0,0.3246891626197725,-0.4867624459320812,2.158530390951125,-0.6947219389786661,0.6088255619413917,0.16254144916756835,-1.3494918221574668,0.16862145391896688,-1.1216736112018106,-1.243540119847252,-1.0328302140971393,-1.0740607699545486,0.5121187985291701,-0.8896830437354472,0.02850395912303078,-1.3151072840033873,-1.4569925840160975,-1.4757988300744467,-1.344988124630379,-0.13094794135889876,0.9875404144983514,-0.20288359682664814,0.21180941084085758,0.2352135697365362,-0.09810045445022426,0.13094794135889876,1.3449881246303783,-0.9266927806649233,-0.18442671521636386,-0.6278957417287164,-1.1551353037288514,-1.5695224381040902,0.2270552128845555,-0.6279498401920818,-0.04256332662598434,-0.8523972546416179,1.9441819381057224,0.6552175733882943,2.7968660466691793,2.5178078023577952,2.4961382341791287,1.331083085576127,0.9453015509175579,0.9600881112561845,2.636652091916034,0
-0.25209852955608386,-0.5658574386248675,-0.4445202009343899,-0.4281154315628296,1,0,0,1,0,0,-0.5586364276695006,0.10168729736574346,0.9431781563001896,-0.5928795999659593,1.2115929774227094,0.5363945422734712,0.15828807901231487,0.8142928836111322,-1.4398694663389455,1.744900487532341,-0.4170913259580439,0.033188980540362435,0.30329707774426673,0.6677510628633975,-0.3666328234735158,-1.6359813543514676,1.6779221056055644,0.28476816345996225,0.23272740579640636,-0.18555039652161812,0.44710556711663374,-1.4849272517622105,0.3243463087151241,-0.6934491496464826,0.8202598371885792,0.18555039652161812,-0.23272740579640636,0.27096530510494976,-0.6347222057676005,-1.0372881646111858,-1.6073528210419945,-1.0233374705694662,-0.15100471279239655,-0.13859458152457876,-0.26403600355210183,-0.790386157798101,0.8246902522246106,-1.1911131644326922,1.3827675030766426,1.368131741195856,0.9504937776743629,2.208757718874266,0.6160407084282594,0.5704037944582268,1.8118746818677758,1
0.2876069799459088,1.0317440516057692,0.27967722576327125,1.0385308760612593,1,0,0,0,1,0,-0.43244705762817587,-0.06112488457436613,-0.08027635709007157,-0.3272794090180478,0.4133796070093859,0.20591914059253555,-0.5020580447464044,1.7810442511988587,-0.46589755313226394,-0.4198518978489803,-0.6594757441855754,-0.34629173082395154,0.2553997134696595,-0.6297430662889141,1.6059474333363295,-0.26523761813181135,-0.007065448430131992,0.05493386760552608,0.2430696413654208,-0.7133741297612556,0.06889208086809959,-0.8357362449344902,0.3703593359881346,0.5601868496905431,0.9109829956091695,0.7133741297612556,-0.24306964136542153,-0.6760201580619267,1.2415090048625523,-0.46413877257572894,-0.5220307794904515,-0.4942207832702994,-0.05648973137315825,-0.5463906304141645,-0.7069813574043363,-0.790386157798101,0.22331042096616224,-0.6346847228976005,0.6620334066649622,0.7673611678819103,0.9730579303240674,0.6014499566897238,-0.04248097655033679,-0.3759724034796717,0.7809029193074537,1
1.6754211472367457,-0.8235350983394863,-0.4445202009343899,-0.13478617003801185,1,0,0,1,0,0,0.12278617055365294,-0.4460594004470538,0.15000090842273722,-0.4493744859025997,0.014184902662318012,0.004235235101193206,0.058898704779477756,0.4246829811504011,-0.7826685360015753,-1.026768792598811,-1.3636230085049983,-0.9378597120593958,0.7683634825021887,-0.8735753837777912,2.025693178142315,-1.3581334511375263,-1.6515111001109497,-2.5120119145464814,-1.1965500361894001,-0.09240503183227083,-0.9547663131953039,1.4464042375611266,-0.2948590322371795,-0.2505117392676049,-0.6797140152987444,0.09240503183227083,1.1965500361893995,-0.7595776989295921,2.142099985965025,0.46381738595786837,-0.354064273059855,-0.9550643496276378,0.2270552128845555,1.0032343553662626,2.0060589349406004,0.015758101167622184,-1.053465220782544,0.7310941790521709,-1.208225957441296,-1.1516469943583196,-1.159254495073018,-1.0481553781838862,-0.04248097655033679,-0.09762646290970158,-1.7552876165909395,0
0.5703098658755232,-0.7462318004251005,-0.8790386569529866,0.5985369837740325,1,0,0,1,0,0,0.43825959565696476,-0.5012992478910195,-0.7966945164632545,2.5225701343772986,-1.989872177400859,-2.3350297529813164,-1.3883693784283104,0.8027427982219053,0.061600922071787835,-2.2256773436375354,-2.617622476365254,-1.1884242106587652,2.3332427159648845,-0.9336834978712742,1.5553134927759507,-1.5090755486787082,-1.687545049250928,-2.4639177613923167,-1.0787610282698779,-0.550966827225982,0.9976358675466301,0.4562892311625934,-1.6006859158462297,1.3334057189141477,0.9975012885411605,0.550966827225982,1.0787610282698772,-1.0659553487776992,0.7161642658861095,-1.3920949311093263,-1.8140808289565742,-2.2010488068159995,-0.9071245641463012,0.35076067714292497,1.0648000580046022,-1.658541513607341,0.5563823275093027,0.04820472807728505,-0.97102233077416,-1.5406351353529608,-1.0407926936620688,0.664896315723324,-0.7010026615289333,-0.9883334727336057,-0.7036964187794109,0
-0.48340089077122306,0.18140777454752677,-0.8790386569529866,-1.161438585374874,1,0,0,1,0,0,-0.016022136491804253,-0.3890751367680154,-0.4128990739419065,-0.11896553376478392,-0.41879934682925535,-0.20728690968240973,-1.3003411416208115,0.5388808298301525,0.2050841020373607,-0.5479128307562047,-0.8630813081336293,-0.6153714905067684,1.05824363653811,-1.4997719961981986,0.647079614779281,0.12248481366744089,-0.874219981458224,-0.9950097964997091,0.2600885100232926,-1.0972459357537168,0.3096015039099806,-0.09140069749670864,-0.1572714124977798,-0.12666668284122884,0.15061456747422894,1.0972459357537168,-0.2600885100232933,-1.4404169208142745,0.399289661424128,-0.4843556823477033,-0.35119305072770857,-0.6592141588797168,-0.735597375644721,1.0485450274651051,0.9971278511660666,-0.6181331110105518,0.19555442875423396,-0.17942508891434333,-0.2867811000035777,-0.32180562690308556,-0.3469449996836519,0.15732544345452057,0.28677986593896093,-0.2089648391376897,-0.45626319576493324,0
-2.0254166322054865,-1.0296772261111817,-0.4445202009343899,-0.4281154315628296,1,0,0,0,1,0,1.3342041229503703,-0.6350378259132524,0.08603500133584588,-0.4233352514959417,-0.5665102735221308,-0.161226062086826,-0.020994642371897684,0.21701594996579046,0.032799840084001386,-0.7302105156770433,-0.41583951012239534,0.9857519729356501,0.6941933302616966,-0.27192445535942755,-0.1481954117155258,-0.16991081225869178,-0.7619210012493035,-0.6127827750031818,1.0833762813478605,0.26996871572628706,-0.24251015052263022,-0.4463201121416191,-0.21558246037969414,0.23095947507348172,-0.057651382000809014,-0.26996871572628706,-1.0833762813478611,-0.028449216337518554,0.19081952690966666,1.0824548249802661,0.8152410217069858,0.4360004895621079,0.8965363312708251,1.920775465367831,1.397009073393778,0.6823773922354309,-0.16527347000083534,-0.3311783002420958,0.32447439948480933,0.15794641365697218,0.24536400737109418,0.1890486229713212,0.03983423407198747,0.18071947766026855,0.22417816752487937,0
-0.5091011531284612,-0.05050211919562982,-0.15484123025532542,-0.13478617003801185,1,0,0,1,0,0,-0.4198281206240434,-0.0727543261415168,2.555119014889851,-0.7109241292761421,1.364987129889957,0.49346404354360673,0.14527209326301746,0.17133803672615056,1.1653982335104653,1.0964370299655208,1.4007477561998738,0.16909247732200336,-1.274458197907401,0.22167549462298328,-0.3187692043650131,0.9831384352922543,0.8384832515177802,1.125811013274274,-0.8822105547849753,1.1055876586338,0.01949116030753063,-0.5545028236810352,-0.6051791123212706,-0.6497900521313689,-0.7219053529041553,-1.1055876586338,0.8822105547849747,0.02029268250195297,-0.4846237089171882,-0.646090960523493,-0.08273376267196997,0.2567835470898098,-0.9071245641463012,-1.4435419379712537,-1.3160312189511594,-0.17027518936292965,-0.24854144663662048,-0.7864379342253526,-1.0257616292358074,-1.1386807229918314,-1.277716296483967,-0.4771381468814831,-0.7010026615289333,-0.26463402725168356,-1.2604211705619852,1
0.8016122270906633,0.18140777454752677,-1.168717627632051,0.5985369837740325,1,0,0,1,0,0,-0.5207796166571032,0.0871504954068051,-0.4001058925245282,-0.14905531574581093,0.22873625592903865,0.18221792775208956,0.5914358797571778,0.888652668363735,-0.22924065417214312,0.5171826310743641,0.05211925737151509,-2.724999946932784e-4,-0.5537816664007541,-0.12181208197597565,-0.4278332535445762,0.7256001231541735,-0.13219599969899204,0.09979449503887483,0.21054164239835904,-0.20918429502488586,-0.9441191849904033,-1.648297637313671,1.0425378010215258,-0.8297636591241868,0.02967231380917242,0.20918429502488586,-0.21054164239835974,-0.2582324537235989,-0.5596729573423944,-0.5824076947417753,-0.1473362651452761,-0.18699173903207253,-0.844114576533476,-0.30171300108041293,-0.4301405112466897,-0.5423417704240322,-1.053465220782544,-1.6969572021918669,-1.272088472313216,-0.6329961396987983,-0.8884846632765624,-1.1116017372174867,-0.04248097655033679,-0.15329565102369538,-1.2604211705619852,0
-0.7404035143436003,-1.41619371568311,-1.168717627632051,-1.161438585374874,1,0,0,1,0,0,-0.10435469552073157,-0.31987995944346886,0.188380452674872,-0.46384072723963193,0.21664576043173078,0.11245586731605983,-0.07187509646338641,-0.18206721347823998,-0.16434125941288233,-0.23321280938877945,-0.49971624445279883,1.0471821378943464,0.9627621583898939,-1.2181770529414064,0.6768695750599399,-0.20819775156561438,-1.616395025861268,-1.8653487367598345,0.27308059279336516,1.1573935323539142,-1.1172440866904827,0.9279660456802671,0.015441345273366899,-1.2877341785088947,-1.1714943889000444,-1.1573935323539142,-0.27308059279336583,-0.9823978079100336,1.3165582532877582,1.6919946546052762,1.2997597902567817,0.4616029099152932,0.6681251261743327,2.3081817118129377,2.3382679503297763,0.38782468222872474,-1.0812212129944723,0.7310941790521709,-0.2959043164138529,-0.24400799870415715,-0.7192535184037778,-0.4136917878478824,-0.12479618717266176,0.514734606344233,-0.45626319576493324,0
2.1123256073097876,0.15564000857606544,-0.8790386569529866,0.3052077222492148,1,0,0,0,1,0,0.21111872958258027,-0.4698997556597127,-0.7455217907937414,1.0643730076044513,-1.4737390618498738,-1.1839557557868259,-0.5588829922348459,-1.9487323526765243,-0.14157876546920078,-0.23775467894880714,-0.07015286025482592,1.106150668158801,0.7398736068556327,-0.9120789079290637,-0.6354395239946027,-0.36865792972490385,-0.8284081571060078,-0.5279227153244762,0.39760879354609974,1.1143140211580842,-0.13419809268171665,2.038126945347167,-0.17692275082520345,-0.5002441153721703,-0.42421162556003156,-1.1143140211580842,-0.39760879354610046,-0.7595776989295921,-0.40957446049198204,0.74584327727690225,0.42116575661981864,0.0519641842643253,0.9831750642384596,1.0847935651441794,0.954063719541543,0.5118468759157585,-0.026493508941193386,2.1727496866658176,0.4704458620491997,0.30057539868834077,0.0761328624983096,0.4428340591057229,-0.6186874509066087,-0.15329565102369538,0.34789477903211874,0
0.72451144001895,0.2587110724619126,-0.4445202009343899,-0.13478617003801185,1,0,0,1,0,0,0.2742134146032426,-0.483273613461936,0.09882818275322415,-0.4378014928329739,-0.11652472484659764,-0.03332895128743818,-0.8024653291978262,0.614712366190262,0.024517105447028103,-1.3253891577255774,-1.2995331881188195,-0.9111998220699737,0.990239587133463,-1.6433438433369367,0.723860476020085,-0.21408659941814612,-2.306834322152685,-2.33286483440631,-1.1334326641296226,-0.11864316273067908,-0.5261622309108053,-0.11856447970399332,-0.24865209045627776,-0.4969021805806779,-0.588131665054562,0.11864316273067908,1.133432664129622,-1.5951531076062477,0.19081952690966666,-1.1464594773798444,-1.0646918002662225,-1.7743418009295742,-1.1276595207911904,0.10608304780917345,0.7879592118469556,-1.4104971262332722,-0.5816133531797613,-0.2553016945782196,-0.4509989953885172,-0.5033334260339178,-0.6515610604546642,-0.3185222492974822,0.12214944469431245,0.06938110143228039,-0.76555472453303,0
-1.2544087614883548,0.18140777454752677,1.4383931084795292,-1.8947617391869185,1,0,0,1,0,0,0.9934928238387936,-0.6042198057603031,2.312048567959664,-0.700508435513479,0.34199408511554,0.07668045170783946,1.5326060654901161,-0.1294407684884438,-2.6201699769287545,1.8390059206005056,0.9258375305029893,0.4868897739017114,-0.7549025232327019,0.46055464310802446,0.7144678922037165,-1.7008877548344132,0.16604835458235312,-0.822412766546148,-0.10705812529392912,0.770238525831238,-1.6709452689885291,0.8933997670984914,1.8726319740565975,-2.319727649957807,-2.0065601303159726,-0.770238525831238,0.10705812529392841,1.3293608227620468,1.879427616476804,2.9474647514448487,1.2674585390201287,1.2894145013349583,2.9837421709456655,2.4305205264798135,2.7812133041820113,2.930279652812927,-1.5253170883853264,1.2622304186993043,0.9813459810245673,1.9213593194993455,0.600749411603942,-1.206771275767887,1.5215080252738291,2.2961486259920414,0.40975308478573785,1
1.2385166871637046,1.3667250092347738,-0.4445202009343899,1.0385308760612593,1,0,0,1,0,0,1.031349634851191,-0.6071271661520907,-0.6559695208720935,0.3265946994158083,-1.4757188442668285,-0.7193225455750638,-1.151996399153651,0.36095228419961795,-0.30954050772653835,-0.1785102712437869,-0.2970750081337454,1.0095177353654625,1.1757720750773497,-0.6238319039569965,-0.4813517433681748,0.20817712391795937,0.015841351527939355,-0.015554381283915158,0.74512626677265,0.6378546273322155,0.9785535476780952,-0.9776259474897535,0.6323501767428251,0.25686387293244967,0.3710262341999537,-0.6378546273322155,-0.7451262667726507,-0.5646101035717058,-0.40957446049198204,0.15449866644666885,0.24027874969456073,0.2397152668543526,-0.11949971898598452,0.8401159358104279,0.5111183656893089,0.015758101167622184,0.7229182807808735,-1.0140677512169813,-0.47836864461934153,-0.10137901367278856,0.008440404549195996,-0.7309235830158842,-1.1948939252628807,-1.0996718489615938,-0.1469716669968365,0
-0.4063001036995106,0.38754990231922204,1.0038746524609323,-0.13478617003801185,1,0,0,1,0,0,-0.4955417426488382,0.049354810313565374,1.6595963156733726,-0.6582670108093449,1.2969382328469088,0.5466799742608345,0.8643546743707795,-0.06608010172642319,-0.7932039338226679,1.3635969373886982,0.03214741528257463,-0.3758556399096452,-0.6169314712241669,1.116036772668509,-0.43387702923894067,-0.8644739418284003,1.6214371562430125,0.49118012777884995,-0.31054414497595056,-0.2046283627832927,-0.08677542204809015,-0.3439514698330223,0.21562340803625563,-0.23434216194040242,0.4377485800033782,0.20462836278329197,0.3105441449759499,0.49378541408539117,-0.7848207026180125,-1.3920949311093263,-1.5427503185686884,-0.972132629863095,-0.8756195703398886,-1.0357458890816678,-1.0391903727935126,-1.0384305451721696,0.029018475482663446,-0.17942508891434333,0.5069387276902979,0.5469345546516133,0.4145951522438788,0.7917890337905242,0.7806711296729086,0.7374113588002092,1.0283361423219313,1
1.3670179989498932,-0.12780541711001567,3.176466932553916,-0.4281154315628296,1,0,0,1,0,0,0.08492935954125552,-0.4274522939396127,0.17558727125749374,-0.4597901796652629,0.05715407665474462,0.026594869856330937,3.0323648316349248,-0.2042866551161354,1.3678992341840401,2.3079106371382365,2.2528554209246474,1.3393387729553528,-1.9423804173111285,4.81550454109947,-0.4011855972615377,1.6002144676512366,2.5760794822464828,2.202536660916972,1.4967163042581422,0.3422733367180179,0.5950182837744292,-0.12150907907491185,-0.26190286213064534,-0.5634420592681463,-0.7784740225608522,-0.3422733367180179,-1.4967163042581428,3.696824480679237,-0.6347222057676005,-0.9372144612399159,-0.06981326217730856,0.9565830367435462,-1.9782943535643327,-1.2804235184154193,-1.814344742034923,-0.728375060954584,0.5563823275093027,-0.1035484832504671,0.041654690766301246,-0.10137901367278856,-0.3130987707090945,-0.09645999267988113,0.5337254978059351,0.793080546914203,-0.2706882785040748,0
-0.4577006284139859,-0.7462318004251005,0.5693561964423357,0.3052077222492148,1,0,0,1,0,0,-0.3062576875868511,-0.23963681263012915,-0.822280879298011,2.800321968048317,-1.748531133660709,-2.348445533834399,-0.4508508356577862,0.6055467993801334,-0.9173156285555248,-0.3709343075450785,-1.515061038463825,-1.1678519912538123,0.8433826993052617,-0.6466567867545823,-0.11485590778372262,-0.7047157441530113,-0.6766391427579915,-1.3406785732662998,-0.6501878279857761,-0.9479624556455367,-0.019212780092310863,-0.946192113057444,0.5458298341443732,-0.16983547251092862,0.660741866695511,0.9479624556455367,0.6501878279857761,-0.8152827261747027,-0.4846237089171882,-1.2010451337641732,-1.3231018101594472,-1.467112756691348,-1.0016395455655394,-0.13859458152457876,0.17890935030013266,-1.4104971262332722,-0.44283339212011924,-1.2416975682086098,-1.6917564271858405,-1.21647835119076,-1.1931007240475748,-0.9847090191502859,-0.4540570296619595,-0.8769950965056176,-1.6934293108373202,0
0.3647077670176212,-0.7204640344536393,-0.4445202009343899,0.5985369837740325,1,0,0,1,0,0,0.009215737516460692,-0.3954713296299483,-0.06748317567269331,-0.33422320485982326,-0.06235479041035105,-0.04585034675031531,-0.3759112191543132,0.7424799729524078,-0.862194625488106,-2.146550786135332,-2.832222864862127,-1.9888070872956134,1.7254522867098292,-0.7900758496782309,0.30787689433989346,-0.9190168484669589,-2.1085630881335407,-2.5978036526452115,-1.504768169798053,-1.2200849136713057,-0.2667207788909597,-0.710652749993883,0.2551256336708741,0.8090365641367284,1.1457787898139988,1.2200849136713057,1.504768169798053,-0.8152827261747027,0.11577027848446049,-0.45504116317834126,-0.8321227913623208,-1.5183175973977192,-0.5290646384693491,0.35076067714292497,1.397009073393778,-0.8523972546416179,-0.026493508941193386,-0.4070549059059717,1.0817013615375868,1.0655854093111348,1.3792126780187515,1.0772976494417266,0.8629863402952329,0.29205785388825667,1.1520527538291696,0
-1.7684140086331095,-0.7977673323680251,0.27967722576327125,-0.13478617003801185,1,0,0,1,0,0,0.48873534367349464,-0.5158360498499579,-0.3745195296897717,-0.15368451297366123,-0.6803558893529458,-0.27794335550864496,0.12674947232135023,-0.323211913864348,-0.18906982045757617,0.4746164508877113,-0.3769362923092352,0.7781784619608431,0.6908484893088495,-0.15929198415381252,-0.5811993306987471,-0.11500540690119525,-0.06168373372206089,-0.32106076662655997,0.8432886699243058,0.22497917377587734,-0.33541090037338966,-0.13861423563641004,0.14289543558544562,-0.7023407399120878,0.17658229161747532,-0.22497917377587734,-0.8432886699243065,0.16883942182224726,-0.18442671521636386,1.4160338362178355,1.1274864503279651,1.0476138646659843,0.804646766002121,1.6828944368489056,1.3047287913412295,1.3800022317249987,-0.5538573609678327,-0.482931511569848,-1.1261170097488256,-0.892321567028559,-1.0746389226366257,-0.3185222492974822,-0.8656330827735822,-0.8769950965056176,-1.136704559054746,1
-0.38059984134227254,-0.17934094905293926,-0.8790386569529866,-1.161438585374874,1,0,0,1,0,0,-0.028641073495936725,-0.3576756445367086,0.3035190854312764,-0.48004291753710804,0.22039806295796982,0.0959097375972579,1.1326590229811022,-0.4436195711702522,-0.37568698202507406,2.125589074154066,1.8387520811559857,-0.6285408620203636,-2.7602175008738152,0.18951410884980674,-1.402176993260143,0.5527704373525355,0.3557969843767828,0.32474807919270793,-1.2094604077470812,0.3422733367180179,-1.3856296788468607,-0.7957883471447048,1.0690576705782189,-2.5187315083990667,-2.0734144679132926,-0.3422733367180179,1.2094604077470805,0.15955525061472892,-1.3101654415944555,-0.03655113089848297,0.2531992501892221,0.39332978897346543,-0.49755964466293656,-1.1173050988595852,-0.762349526635866,0.07776919801113909,-1.3865371273256843,-1.0140677512169813,-1.1717330918001976,-0.5292659687668935,-1.4131012123821949,-1.6508957890030895,1.1099319721622063,1.461110804282131,-1.6315710050837011,0
-0.5605016778429365,-1.0812127580541053,1.0038746524609323,1.0385308760612593,1,0,0,1,0,0,-0.6848257977108253,0.671529934156127,-0.2593808969333673,-0.2607346988676996,0.887406956700477,0.7179547764851896,-0.19893038726559684,0.701460842969849,0.5374254168616192,-0.19902623346029602,0.16866205446263527,-0.7460740449451526,-0.6268419188600951,0.6157461107995023,-0.451869707327518,1.0185833485349802,0.7752618447806504,1.4643465283980344,0.6006469349749696,-1.6132703306944058,0.8918638047911086,-1.415450174067179,0.2888994847661276,1.037607975733561,1.2103804418671462,1.6132703306944058,-0.6006469349749702,0.49378541408539117,-0.4846237089171882,-0.2276009282436361,0.31780175266252825,0.6322857122698633,-0.30852968182446,-0.9541866793037505,-1.2606630497196296,0.139780294854656,0.8339422496285867,-1.317574173872486,0.041654690766301246,0.1838789563899486,0.600749411603942,0.15732544345452057,0.2044646553166367,-0.48731077970765985,-0.023255055489598248,1
0.7502117023761872,0.6709953280053031,1.7280720791585935,0.3052077222492148,1,0,0,1,0,0,-0.20530619155379135,-0.27917691395844146,-0.6431763394547153,0.3011341146626316,-0.7214557336880395,-0.447429386952589,-1.1078146887807927,-0.7823563718849114,2.244509986885784,-0.7713718155948793,0.009840653217416223,-0.7501698690720134,-0.4572071332392663,0.04467086463129702,-1.1239265485444447,2.3648669476361963,-0.17023679223795113,0.6554308312911798,-0.06904425348519842,-0.9546649792422314,1.5850778935481242,-0.052116270351536126,-0.691857128127146,0.8732696690219982,0.6271073063576506,0.9546649792422314,0.06904425348519772,0.18740776423728422,-0.9349191994684248,0.6002815269186915,1.8295003105378922,1.6563825263972836,-1.0646495331783645,-0.709509049969999,-0.762349526635866,0.6358690696027934,1.916425945893794,0.27583454506891375,1.0178388466656656,0.45617065508619664,0.8038267854512828,1.4262526241265279,0.4514102871836102,0.013711913318286572,0.904619530814692,0
-0.14929748012713334,0.5679242641194551,-0.8790386569529866,-0.8681093238500562,1,0,0,1,0,0,0.526592154685892,-0.5181619381633881,-0.19541498984647596,-0.29545367807657696,-0.49242652790901853,-0.1701699159888811,-0.5098524985923237,0.24299987172068005,-0.5137436256857959,-0.25917573083711587,-0.9433370568230895,-0.007165010144217202,0.7123300937286443,-0.4916174418243523,-1.2601337658357559,0.3271154748925826,-0.592016122605336,-0.8061611284851695,-0.946287449071263,0.92874415142872635,0.21774395515929543,-1.5958992936262208,1.0310242521967317,-0.23690336136618736,0.43932493927872146,-0.92874415142872635,0.946287449071263,-0.7038726716844818,-1.3852146900196616,-1.255630790148503,-0.9225662948249498,-1.0745423112758372,-1.411204465048904,-0.6279498401920818,-0.26403600355210183,-1.1624527388592034,-0.08200549336504998,-1.6210805965279906,-0.998391980004983,-0.38663698373552574,-0.44848368660732285,-0.9847090191502859,-1.1125787146405561,-0.8769950965056176,-0.7036964187794109,0
-0.38059984134227254,-0.7719995663965628,1.0038746524609323,1.478524768348486,1,0,0,1,0,0,-0.29363875058271866,-0.2530106704323524,0.44424408102243734,-0.49740240714154665,0.557301859686709,0.1898202035688364,-0.24248467750834743,-0.5316543507323936,-0.13419647086595426,0.034272592000334355,-0.1596188488629751,0.04257389029390355,0.19093363027081547,-0.25512908140357987,-0.5839815901026412,0.5841189300779117,-0.21904002485312277,-0.030599909631742236,-0.16027754582615011,0.21702702713573208,0.0822588747627013,0.14469234411360082,0.7704342637955792,-0.26349639984853773,0.17763746504274938,-0.21702702713573208,0.16027754582614942,-0.2582324537235989,-0.5596729573423944,-0.054746349693259644,0.2531992501892221,0.15437386567706757,-0.43454965705011084,-0.05703537174666111,0.012804842605544792,-0.046252995675895824,-0.16527347000083534,-0.17942508891434333,-0.8980365994919648,-0.41256952646850126,-0.48232991558187904,-0.9212626601166852,-0.6186874509066087,-0.5986491559356475,-0.8274130302866491,1
-0.09789695541265715,0.928672987719922,1.4383931084795292,-1.6014324776621007,1,0,0,1,0,0,0.2868323516073751,-0.4838550855402935,-0.5280377066983108,0.05462936227960266,-0.8213362389183594,-0.41433712751498514,1.5263826373655864,1.2635730818602726,-1.6462689183217596,0.9440349923001718,-0.3709673171057214,-0.45747974515093104,0.20376384893221525,1.5195754509310284,1.6688631184076337,-2.35396408337179,1.0627007523753402,-0.38624106054697377,-0.16027754582615011,-0.4649864905896614,-0.604130327571142,-0.062463273083547634,-0.11500212667679706,-0.22157449568723256,0.1051864608181192,0.4649864905896614,0.16027754582614942,1.3293608227620468,1.4416403339964352,-0.19121049065408274,-1.3489428111487698,-0.9436854961373332,0.9621717350341845,0.18764225758709038,0.2896456887631914,0.03642846678212782,-0.5538573609678327,-0.02767187758659086,0.10551720563822252,0.028283699992091807,-0.0592520533999176,0.4428340591057229,0.12214944469431245,-0.09762646290970158,-0.20882997275045564,0
-0.12359721776989524,0.23294330649045036,-0.4445202009343899,-0.8681093238500562,1,0,0,1,0,0,-0.40720918361991093,-0.1134573716265442,-0.38731271110714993,-0.1502126150527735,0.044362220664561226,0.028830833331844715,-0.1105136573394893,-0.43459668845878363,0.14017562120245972,0.23957751237228128,0.3041187731691182,-1.3232090035199573,-1.3113521614997383,-0.708291325264926,-0.5650527509693348,-0.5094346372149904,-0.48565045344678365,-0.24862829665719263,-1.5734230101710878,-0.24419747799268982,-0.5540444159313334,0.03044015219563811,-0.7035574508068131,-0.8052164392851652,-0.6381064397446108,0.24419747799268912,1.573423010171087,-0.9266927806649233,-0.9349191994684248,-1.592242337851867,-1.5556708190633497,-1.6207272788104614,-0.6865896075014126,-1.6066603575270884,-1.2606630497196296,-1.4725082230767892,-0.5538573609678327,-0.02767187758659086,-0.15905607025973648,-0.4903671546674297,-0.7530997473783346,0.4428340591057229,0.6983559190505837,0.6260729825722207,-0.7036964187794109,1
0.7502117023761872,-0.8493028643109486,-0.15484123025532542,-0.13478617003801185,1,0,0,1,0,0,-0.81101516775215,4.558670777976244,0.38027817393554597,-0.4904586112997712,2.5438448070115047,3.884973443202898,0.9316248481563818,-0.8901466232616783,0.8669019076973877,1.2827576974267187,1.7807379298459833,1.2235371999024929,-1.6332091027526758,1.3015150716278672,-1.4089156418557907,0.5935535022377727,2.0066772041426675,2.441308217638996,2.029321470356665,-0.3438975164935092,0.005011494661490703,-0.18966658503896938,-0.5886199215407246,0.25686387293244967,0.06841579027754185,0.3438975164935085,-2.0293214703566655,0.8001630639334981,-1.4602639384448675,-0.9918001176242447,-0.5737127814690962,0.18851042614798086,-0.49755964466293656,-1.2804235184154193,-1.9250810804979817,-0.790386157798101,0.05677446769459199,-0.1035484832504671,0.2514886682026129,-0.10137901367278856,0.008440404549195996,0.6014499566897238,0.6983559190505837,0.5704037944582268,0.22417816752487937,1
-2.128217681634438,0.7225308599482267,1.0038746524609323,0.3052077222492148,1,0,0,0,1,0,1.674915422061947,-0.6710890947714195,-0.46407179961141953,-0.05242082361443573,-1.235246294220117,-0.47560252674406256,-1.619325481996492,-1.2330910705306657,1.4260210320844302,-1.6100574432035804,-0.9143532038847993,-0.45421189663475003,1.3531822330339363,-0.9808347361595801,-0.6636328777424075,1.0300569609002852,-1.2028103118846094,-0.9109755494901405,0.025990426036624787,-0.6452678416013011,1.2716729899215304,1.0276433437829207,-0.9143106154566049,0.9823976178441436,0.2993136293071359,0.6452678416013011,-0.0259904260366255,-0.6976832242128028,-0.18442671521636386,1.7900466669993471,2.1754826015615976,1.4269089810094733,0.20955243854765906,1.8641371252442773,2.0429710477616196,1.3111010130099798,1.4445740782910115,1.2622304186993043,0.6711566230752374,0.054216242725068246,0.4484413812184362,0.9504049313745251,-0.12479618717266176,-0.4316415915936655,0.34789477903211874,1
-0.2006980048416086,1.4440283071491598,2.8867879618748513,-0.13478617003801185,1,0,0,1,0,0,-0.5838743016777656,0.1394829824589832,-0.016310450003180245,-0.38514437436617666,0.7746319123962297,0.40491988991326133,1.551784759918026,-0.5381544164824924,1.7996867756284791,-0.08990690221053775,0.3130807183011311,1.1664084238630805,-0.04714659136406999,2.3755586266082416,-1.5740534262424286,2.849368634277462,0.5955767382779135,1.4213019026413483,1.7556215933338128,-0.15036214763897582,0.21583570605802863,-0.8382183426282837,0.40310857323731447,0.7120221232307363,0.980604406738888,0.15036214763897582,-1.7556215933338135,2.8612490720025816,-1.3101654415944555,1.1825285283515359,2.708094344174856,2.919435263821102,-1.222174502210428,0.18764225758709038,-0.5408768497097485,1.069946747507413,-0.27629743884854874,-1.1658209625447336,-1.7008796435961144,-1.2813097080232,-0.9731002357129547,-1.175048096251087,-1.1948939252628807,-1.378017789531564,-1.3222794763156045,1
-1.074506924987691,-0.87507063028241,1.7280720791585935,0.3052077222492148,1,0,0,1,0,0,-0.6469689866984278,0.42731166124596265,-0.10586271992482811,-0.31859966421582847,0.8902021929916332,0.5748531140523081,0.9634252581716826,0.6796610586194491,-0.6080867376971218,0.8747748167948577,0.2199613464825038,-0.12215283456883277,0.030776943044769085,0.6384566222473378,-0.9433425804890314,0.21182134498954158,0.5871184562927657,0.7177003098983509,1.2718086794045298,-1.4279662609164547,-0.7017279396142225,-1.877876021220196,1.04413496520012,-0.5995877306992637,0.41473414033866113,1.4279662609164547,-1.2718086794045305,0.38237535959517033,-1.009968447893631,-0.6278957417287164,-0.43158727602782254,-0.18699173903207253,-0.40304466324369825,0.35076067714292497,-0.2086678343205727,-0.4183195767369984,-0.6926373220274746,-1.772833807855743,-0.1864257194905595,0.36540675552078095,0.09305597698558829,-0.1916295312302808,0.36909507656128593,-0.26463402725168356,-0.45626319576493324,1
1.0586148506630406,-1.6738713753977288,0.5693561964423357,1.478524768348486,0,1,0,1,0,0,-0.5333985536612357,0.09877993697395579,1.0839031518913507,-0.6073458413029915,1.2037655706025385,0.5453383961755263,-0.6522418780360288,0.8291353734241049,0.1328844037133962,-0.3874049572897041,0.03269203953292746,-0.08770041564444891,0.4078973474516245,1.0936471610507208,1.1770498695736498,0.1845547623289517,1.080795498058583,0.789618314487622,0.6912331826893887,-0.8051695616290174,1.9997175660072994,0.041128399496902945,0.0038023062170802297,1.5950574189414568,0.7284073448457439,0.8051695616290174,-0.6912331826893894,0.7723105503109431,0.7912135143113154,-0.6278957417287164,-0.44450777652248397,-0.01630893667750248,-0.655084613695,-0.22015379130249568,-0.5408768497097485,-0.4803306735805153,2.2356198563309704,0.29480369648488275,0.7783544158959618,0.6603894291083836,1.324212555935096,0.01457113562891996,-0.3100054110728917,-0.6821529381066387,0.47161139053935697,0
0.7759119647334253,-1.132748289997029,-1.168717627632051,-0.8681093238500562,1,0,0,1,0,0,-0.14221150653312897,-0.31115787826810587,-0.2721740783507456,-0.25899874990725574,-0.1289286991221778,-0.03914245632377399,-0.8430623207722037,0.4076300543689265,0.46250977787889386,0.2844902843938218,-0.11413268880871788,0.19518715039291434,-0.14870445353058043,0.25199512717274314,-0.2524213780537691,-0.07094321593507624,1.0683553604013518,0.9836686780364525,0.6006469349749696,-0.3295023237687902,1.4240892413491033,-0.8123552375368749,-0.7035574508068131,0.6750348669414745,1.1087390937394368,0.3295023237687902,-0.6006469349749702,-0.007559831120602114,-0.4846237089171882,-0.8371407578686448,-0.7416792878996918,-0.32353798091572933,-0.40304466324369825,-0.9541866793037505,-1.2606630497196296,-0.6663639641110671,0.5563823275093027,-1.1658209625447336,-1.7829885912885848,-1.7869942913162333,-1.4807936703313085,-0.3185222492974822,-1.1948939252628807,-1.4336869776455579,-1.569712699330082,0
-0.25209852955608386,-1.0812127580541053,-0.4445202009343899,1.7718540298733036,1,0,0,1,0,0,-0.5586364276695006,0.10168729736574346,2.158530390951125,-0.6947219389786661,1.5506530532802976,0.615100456611556,-0.2814018973784101,-0.21651867655150694,-1.1867590716826049,0.8398445543767954,0.2964835205768884,0.32107598447915126,0.3797187218238062,0.8537291918606809,-0.665397411378702,-1.4312957437913967,1.6372419474271807,0.5747851458489905,0.6286220997103051,-0.18555039652161812,1.2443323377093463,-0.36940184107245155,0.18402521877933256,0.488885278215996,0.17572272475406575,0.18555039652161812,-0.6286220997103059,0.6609004958207222,-0.7097714541928067,-0.3640650692044592,-1.0130097982875779,-0.40887938209301433,0.4790951633358572,0.18764225758709038,-0.09793149585751397,0.015758101167622184,2.360521821284648,0.5034643620605421,3.015823240515766,2.6863693301221394,2.8007542949501416,1.6165917012273294,0.6160407084282594,0.5704037944582268,2.822227009176893,1
0.2876069799459088,-0.46278637473902035,0.27967722576327125,-0.4281154315628296,1,0,0,1,0,0,-0.43244705762817587,-0.06112488457436613,0.23955317834438508,-0.4748350706557764,0.6394803215394946,0.319953277843738,-0.20094745860062807,0.3912120437703736,-0.7227965108557642,0.5539184670495642,0.7528642927919884,0.9285988764788262,-0.4258964882135828,-0.5988760352613495,1.5936836652818207,-0.04395857763364002,-0.1262168325812603,-0.09712703143796915,0.5061221547512287,0.7645323233097278,-0.31896754530437443,1.059566503201777,0.9439129129935363,-0.8734625637650111,-1.0735860948411842,-0.764532323309727,-0.5061221547512293,-0.6203151308168162,1.3165582532877582,-0.30038180342274146,-0.2765412700918884,-0.3064697006802721,-0.18250970659880966,0.18764225758709038,-0.04256332662598434,-0.5423417704240322,-0.38732140769626244,0.8069707847160468,-0.3871364805165972,0.13201387092399572,-0.2284831982727022,-1.4288335323854886,0.12214944469431245,0.5704037944582268,-0.3944048900113141,1
-0.7404035143436003,-0.8235350983394863,0.5693561964423357,-0.13478617003801185,1,0,0,1,0,0,-0.7731583567397526,2.5322405849002365,0.15000090842273722,-0.4493744859025997,1.8055515214965996,2.2947562194175024,1.2431846054690436,-0.8760131582515495,-0.7522241880174904,1.2069345088185812,1.1972179600296526,0.07935078423383755,-1.6361904554825712,0.9068602424285174,0.36912634792914367,-1.4519981764876486,1.3522166833072096,0.9217786858133412,0.773109214277421,-0.6585353003337585,-0.8225543873471577,1.5721382237322878,-0.4308024725203873,-0.28965574043354686,-0.6565045059100738,0.6585353003337585,-0.7731092142774217,0.5494904413305014,0.04072103005925432,-0.8007503202790929,-1.3489428111487698,-0.8526546682148961,0.6051151385615076,-0.6279498401920818,-0.983822203561983,-0.6043528672675491,-0.9146852597229018,0.9587239960437993,-0.9618991143638861,-1.0090180093269512,-1.0407926936620688,-0.7309235830158842,0.6983559190505837,0.4033962301162448,-1.5078543935764617,1
-0.3034990542705592,0.18140777454752677,1.4383931084795292,-1.161438585374874,1,0,0,1,0,0,-0.7605394197356201,1.4826834834648872,-0.4128990739419065,-0.11896553376478392,1.1496301090608296,1.2322263758533574,-0.03321756946864971,-0.012518324158536803,-0.5683967083993201,1.340730142672574,0.20301647061902228,-1.0033970591225467,-0.6321163779595562,-0.08624041734257544,-0.30434834408448286,-0.7092637463488625,1.158527955845765,0.04104984811490317,-0.6045440128777345,-0.7689345227338477,-0.03998056991740494,-0.28770769715239214,0.06427567783865268,-0.6624634366024871,-0.2238541677526942,0.7689345227338477,0.6045440128777338,-0.5646101035717058,-0.8598699510432187,-1.9925371513369474,-1.956206334397848,-1.5353858776331764,-1.5057194464681423,-1.3619827281933365,-1.3160312189511594,-1.8445748041378918,0.029018475482663446,-0.17942508891434333,0.31535118307453414,0.30057539868834077,0.008440404549195996,0.4428340591057229,0.6983559190505837,0.3477270420022505,0.10046155601764112,1
-1.4086103356317816,0.18140777454752677,-1.168717627632051,0.5985369837740325,1,0,0,1,0,0,0.19849979257844777,-0.4687368115029976,-0.4001058925245282,-0.14905531574581093,-0.553193935664148,-0.24529828876614387,0.0047312638572980315,1.6287486340542574,-0.6721707487591673,-0.05679472658011813,-0.6830152491840349,-0.6621899347760715,-0.07699886779334576,-1.0459013765483054,0.6608798251123129,0.27392499679059695,-1.0414247422773169,-0.8932629929013431,-0.46081074412575107,-0.4461216066019436,-1.0516312695323604,-1.5734537143159877,1.1941481359557276,-0.9559329359191536,0.015855822236154737,0.4461216066019436,0.46081074412575035,-0.9545452942874786,0.7161642658861095,0.2636699792153276,0.369483754641173,-0.08458205761933026,-0.15100471279239655,0.5138790966987595,0.8433273810784847,0.07776919801113909,-1.053465220782544,-1.5452039908641146,-0.5604775923118106,0.09311505682453199,-0.29617565622181696,-0.667477223982284,0.6983559190505837,0.514734606344233,-0.6418381130257917,1
1.3670179989498932,-1.2615871198543382,1.0038746524609323,1.478524768348486,1,0,0,1,0,0,-0.6343500496942954,0.3255540475333941,0.9943508819697028,-0.5986660965007722,1.4396383421289347,0.7130356568390592,0.4591842391468215,-1.183202278770961,1.744646697258775,-0.08698580293660091,0.7453695210594449,-0.030926476723294013,-0.9111075615526786,1.099432790885135,-1.0401065216625272,0.8055358065313687,0.45775807124920515,0.6045060570611017,-0.018359091073560794,-0.023971702672748577,0.4600334281135984,0.5820263794615842,-1.5755046811760807,0.5714172755056074,-0.3788343754056065,0.023971702672748577,0.018359091073560086,0.939425632046274,-1.009968447893631,-0.20940570944885942,0.22735824919990022,0.4103980692089227,-0.655084613695,-0.7910682597479163,-0.8730858650989243,0.07776919801113909,1.1392581639597994,1.4898602356909325,2.368074875386281,0.9359226956462544,1.142289075196852,2.5682870867313348,1.439192814651505,1.5724491805101195,2.389218868901558,1
0.6217103905899984,-0.41125084279609675,0.5693561964423357,1.0385308760612593,1,0,0,1,0,0,0.8294466427850714,-0.5704944252155661,-0.5152445252809326,0.05173611401219622,-1.0559628227909588,-0.47873287560978184,-0.6063529224751192,0.08751978300475399,0.9788065150490204,-0.4970731912448358,0.03342041230313244,1.107562672305805,0.20651126747747486,0.15865900894288607,-0.3963637588485853,0.727112395964822,0.6842752753652986,0.5963498306906465,1.2405949430219954,0.28017642692511974,1.0016787112820222,-0.5171921612765692,-0.6073834607918682,1.3500294625808205,0.5387713668020437,-0.28017642692511974,-1.2405949430219962,0.10385022336961848,-0.40957446049198204,-0.13662483426975403,0.2531992501892221,0.529876030857121,-0.7180946013078251,0.10608304780917345,-0.4301405112466897,-0.17027518936292965,0.3898463742377325,-0.8623145398892288,-1.4271831512878814,-1.4628375071540325,-0.9561771212256767,-0.9212626601166852,-1.0302635040182315,-1.0440026608476,-1.0129879475475077,0
0.46750881644657266,0.6967630939767645,0.27967722576327125,-0.8681093238500562,1,0,0,1,0,0,-0.7353015457273552,1.255909372905449,0.40586453677030254,-0.49161591060673376,1.6447135895856595,1.3458133204094571,2.8491567037384606,0.4637690709056799,-0.2564842314264001,2.295375347924661,2.012088209388378,0.6940682706042239,-1.2403029982601699,2.680912062566892,-1.2221381031978402,1.5032939733088644,1.5564726261044837,1.990544086421609,0.3637290563372595,0.5858842905209262,-1.2830860080189879,-1.8608487271660892,1.861288002689806,-1.5575323972732953,-0.6724343437453132,-0.5858842905209262,-0.36372905633726016,1.4129183636297125,-1.4602639384448675,-1.8560730103761243,-0.9871687972982559,-0.40887938209301433,-1.8837793721450944,-1.4435419379712537,-1.7036084035718644,-1.1624527388592034,-1.1644891896302574,-1.6969572021918669,0.44307621281837667,1.3897421934733356,0.549980068142106,-0.7626467625326843,0.12214944469431245,0.45906541823023866,0.2860364732784985,1
0.08200488108800677,-0.7204640344536393,-0.15484123025532542,0.5985369837740325,1,0,0,1,0,0,-0.48292280564470574,0.043540089529990035,-0.06748317567269331,-0.33422320485982326,0.5119842020350607,0.29178013805226444,-0.5213511549762778,-0.32297294842829666,0.8200555982302162,-1.4539278784260963,-1.0303065343179532,-1.4016930816703643,0.32379406857307064,-1.0744256473502087,-1.046725266774631,1.3621136634239421,-1.4019940806894016,-0.41051965609904606,-0.5532824974487066,-1.3630033399023458,-0.3486019751723019,-0.6052958865382819,0.24774939519426878,0.5739694329301379,0.9386564118569549,1.3630033399023458,0.553282497448706,-1.1216603760228097,-1.1600669447440433,-0.9463120706373036,-0.18609776662925942,-0.71610842633123994,-1.0961545269847772,-0.46483142063624716,-0.26403600355210183,-1.1624527388592034,-0.08200549336504998,-0.2553016945782196,1.2367960405122524,1.1952481229760152,1.396135792506029,1.1724671879921262,1.1099319721622063,0.45906541823023866,1.0901944480755505,0
-0.5605016778429365,-0.17934094905293926,1.0038746524609323,-1.161438585374874,1,0,0,1,0,0,-0.6848257977108253,0.671529934156127,0.3035190854312764,-0.48004291753710804,1.3223385112915307,0.8874408079291336,1.3897290033082943,0.492560361803054,0.082085208012874,2.03137652013745,2.2373076811695007,0.16192482623248158,-2.58884386259193,0.6065382271596211,-0.4935072256654746,1.1038192070393467,0.7433348624554464,1.3220090349596934,0.2181716668474219,0.004466147444651183,-1.3264061588991256,-1.1704392595756505,0.9970186219316858,-2.007180499941198,-1.617925045364714,-0.004466147444651183,-0.2181716668474226,0.7166055230658329,-0.3345252120667762,0.48201260475264507,1.0155087793742343,1.3150169216881435,-0.024984737566746233,-0.709509049969999,-0.8730858650989243,0.9459245538203791,-1.2755131584779709,-1.1658209625447336,-0.3871364805165972,0.15794641365697218,-0.6684841749419423,-1.1116017372174867,1.5215080252738291,1.6837875567381073,-0.7036964187794109,1
0.5703098658755232,0.6709953280053031,-0.8790386569529866,0.3052077222492148,1,0,0,1,0,0,-0.1800683175455264,-0.29952843670095514,-0.6431763394547153,0.3011341146626316,-0.7472738332558294,-0.46308113128118544,-0.8535747517099255,-1.52135634024033,1.347485169332307,-0.9017392172525509,-0.07415144156890524,-1.077802690864291,-0.36581701653840404,0.30480393352966356,-2.0450925649433325,1.2500823044184726,-0.40281422289515667,0.4920588714764414,-0.9266372014901345,-0.550966827225982,1.4914729695535978,0.0393804848198274,-0.5858452090349358,0.818767819055377,0.5768002221864967,0.550966827225982,0.9266372014901345,-0.06326485836571254,-1.9856086774213102,-1.1828499149693978,-0.4574282770171454,-0.5795621844475838,-1.1276595207911904,-1.2804235184154193,-1.0945585420250417,-0.9764194483286528,1.8886699536818656,0.4275877563966659,1.182056742050605,0.6506647255835172,0.9730579303240674,1.4262526241265279,0.6983559190505837,0.45906541823023866,1.4613442825972665,1
1.0072143259485644,0.928672987719922,-0.15484123025532542,-1.6014324776621007,1,0,0,1,0,0,-0.2684008765744537,-0.2611512795293579,-0.5280377066983108,0.05462936227960266,-0.37240841176043077,-0.2430623252906301,0.33526581287647145,-0.3329813416011537,0.037379004123713463,0.06197430862691539,-0.2556702305653685,-0.766380399012259,0.032544689492489356,-0.3808249232299559,-0.8856175453113738,-0.23494554999384964,-0.3382583222295442,-0.15679097011425652,-0.49837739391320257,-0.550966827225982,-0.8467110502476957,-0.43016487415742083,-0.28719597052252016,-0.41913445475701194,0.17930795600076294,0.550966827225982,0.4983773939132019,-0.5367575899491508,-1.009968447893631,-0.8553359766634215,-0.8321227913623208,-0.9038595089212672,-0.34003467563087314,-0.30171300108041293,-0.09793149585751397,-0.728375060954584,-0.7203933142394032,-0.2553016945782196,0.5434315933313949,0.30057539868834077,0.10997909147286698,1.1724671879921262,0.6983559190505837,0.45906541823023866,0.40975308478573785,1
0.7502117023761872,-0.12780541711001567,-0.15484123025532542,-0.4281154315628296,1,0,0,1,0,0,-0.81101516775215,4.558670777976244,-0.42569225535928473,-0.1102857889625646,1.8537396502128838,3.591167842520388,1.2773279429786624,-0.5921318102311897,1.1502538745553212,1.73087649974143,2.114073441065551,2.048092971258168,-1.006105057541567,1.1037001156482484,-1.4190527251003549,0.6863662153610007,1.9276055764603883,2.6168164199437567,1.652616263271448,1.1543098493943817,-0.6733514472675971,-0.6088563759732922,-0.8827037267176872,-0.42692179124999047,-0.19358710008535437,-1.1543098493943817,-1.6526162632714487,0.6609004958207222,-1.4602639384448675,-0.9372144612399159,-0.4832692780064673,0.2567835470898098,-0.34003467563087314,-1.6066603575270884,-2.146553757424099,-0.6043528672675491,-0.7759052986632599,-0.7864379342253526,-0.8524205174405927,-1.1257144516253432,-1.1931007240475748,0.1890486229713212,-1.277209135885205,-0.9883334727336057,-0.76555472453303,1
-2.128217681634438,-0.4885541407104817,1.0038746524609323,-0.13478617003801185,1,0,0,0,1,0,1.674915422061947,-0.6710890947714195,-0.8478672421327675,6.359017336958242,-3.495761629915881,-5.4304975884825835,-0.37345172838549945,-0.11712392752290728,0.3014906366740871,-0.6920824525635831,-0.9932225730767551,-0.5621977672649172,0.6972048875053818,-0.8434173573997604,-0.6659817918175185,0.9985117573754954,-0.8859959459774486,-0.585434171687832,0.1590389773671773,-0.924503623057108,-0.3234389666871774,-0.5064096729113794,0.5912602197259973,0.05642033033464739,0.7196754658961904,0.924503623057108,-0.15903897736717798,-0.5367575899491508,-0.18442671521636386,1.801165967373935,2.1654333233990846,1.5881094054554559,0.3215701943037938,1.8188264531454346,1.8953225964775422,1.4420133285685155,-0.5538573609678327,-0.7864379342253526,-1.1717330918001976,-0.7367263106307022,-0.6684841749419423,-0.7309235830158842,-0.12479618717266176,-0.5429799678216537,-1.2604211705619852,0
-1.6656129592041589,0.5163887321765315,1.4383931084795292,-0.4281154315628296,1,0,0,1,0,0,1.081825382867721,-0.6129418869356661,-0.7327286093763631,0.8792051184904389,-1.802666595202418,-1.150863496349222,1.9353819056014636,0.625230036999047,0.15959642000281887,0.8728532009145505,0.2853336300707927,-0.06280693756468098,-0.668226062158557,2.1596006948988795,-0.1853498026497942,0.13608824498360497,1.8305345854248753,1.1959814162133175,0.6912331826893887,-0.7712178265546397,-0.533348083613972,-1.043827210773269,-0.08141809074736268,0.6359583973584519,0.7966953804559597,0.7712178265546397,-0.6912331826893894,2.427987748985057,0.06573744620098994,0.7994180881726328,0.7542275471488633,1.5406975159125196,0.1745468898738673,-0.582639168093239,-0.9099979779199442,0.6909900445748085,-0.3318094232724056,-0.7864379342253526,0.9630995482040194,0.7673611678819103,1.0069041592986248,1.109020828958526,0.5337254978059351,0.18071947766026855,0.9664778365683122,1
-1.5371116474179702,0.5679242641194551,-1.6032360836506476,-1.6014324776621007,1,0,0,1,0,0,0.36254597363216995,-0.49141422255894146,-0.7711081536284979,1.4433885306346952,-1.7280649103807288,-1.493413100797932,0.5227044541781304,1.3656783798747616,-1.90632613414061,0.9705876664087874,0.028413745680455082,-0.2835567692920476,-0.19075306696907812,-0.0648640974827009,0.9508180664062075,-1.4299139478374425,0.4057828112663389,-0.13214997774238166,0.1590389773671773,-0.5444705351245722,-0.7916447095062824,-0.9219277692464105,1.1690860704725425,-0.9088340307210323,-0.1659579933345227,0.5444705351245722,-0.15903897736717798,0.26168113389743136,1.4833343608993275,1.3654915617878995,0.28047586234461863,0.44074167851640167,2.029840969584837,0.5954383064766764,0.5664865349208381,0.8976937007198638,-0.6926373220274746,-0.7864379342253526,0.36096726512590627,0.9359226956462544,0.46536449570571364,-0.2550758902638815,0.5337254978059351,0.29205785388825667,-0.1469716669968365,0
-0.020796168340944693,1.289421711320388,1.0038746524609323,0.5985369837740325,1,0,0,1,0,0,-0.785777293743885,2.546777386859175,2.222496298038016,-0.6970365375925912,2.686650646782689,2.4973345102990505,1.971709012011891,0.2807219285303949,-0.43826996767631365,2.449301031833796,2.414514126958357,0.7897752992233902,-2.365879861477314,1.7858183411898843,-0.3714767963686658,0.40104098784180814,1.7579199286262162,1.7590814897536167,0.6912331826893887,0.391602657581535,-0.9573407330603859,-0.7574369565836622,1.0021372444799408,-1.5657243689515155,-1.4215859208912434,-0.391602657581535,-0.6912331826893894,1.050835686536495,-0.7097714541928067,-1.2920212277380552,-0.9225662948249498,-0.27233314020935756,-0.9386295579527137,-1.85133798686084,-2.2019219266556282,-1.1624527388592034,-0.6926373220274746,-0.3311783002420958,1.6199711297437773,1.9991569476982738,1.0576735027604598,-0.12818317219668063,1.6038232358961542,2.073471873536065,1.3376276710900281,1
-1.1259074497021662,-0.2051087150244015,-0.8790386569529866,0.3052077222492148,1,0,0,1,0,0,-0.25578193957032125,-0.2628956957644305,-0.6943490651242283,0.5464815677386979,-0.843159579714195,-0.6245176942132799,0.39231115533786004,0.12920965401787224,-1.274290675742069,-0.10113520755676016,0.17250696729364892,-1.3573097059248793,-0.4287905364123682,1.6432819953201112,-0.8423715114384277,-0.7184884872157592,0.8685542104954613,1.2716401785800082,0.013895103188392356,-1.8649895477386433,1.0964297961130314,-1.0212135931903499,1.0199864038434654,0.9978706280137609,1.0172416235287811,1.8649895477386433,-0.013895103188393775,0.911573118423719,-1.0850176963188372,-1.3557044935197728,-1.4523068151060594,-1.1086788717467513,0.06953024385249205,-1.2804235184154193,-1.4267675574142176,-1.0384305451721696,1.333550109443298,-0.7864379342253526,0.8444977348704508,1.298978293907919,1.7007518532770418,-0.2233527107470814,0.6160407084282594,-0.2089648391376897,0.6571863078002155,1
0.8016122270906633,-0.2566442469673251,-0.4445202009343899,-0.4281154315628296,0,1,0,1,0,0,-0.6974447347149578,0.8023611517865722,-0.579210432367824,0.10381458282551219,0.44498297934688336,0.5368417349685739,-0.7104655915323829,-0.411652357304606,1.3161142600325255,-1.2281010890894961,0.023523592409503045,-0.9634884352856778,-0.4873210973698731,0.007501800996473729,-0.9975620695849697,0.13608824498360497,0.3891944982425028,0.8323471045003223,-0.671183982935474,-0.6484112087471453,0.9954154108405169,-0.4343300031389764,-1.6624167216449561,2.0450039431497116,0.7820431221029839,0.6484112087471453,0.6711839829354733,-0.007559831120602114,-0.9349191994684248,-0.027453521501095285,0.046471242274642305,0.20557870638343811,0.3530751881102058,-1.1988643086375024,-1.0945585420250417,0.20179139169817292,0.917210226264372,-0.4070549059059717,0.0051618251252043045,-0.8534227529290943,-0.093098282374475,0.9504049313745251,0.03983423407198747,-0.26463402725168356,0.5953280020465953,1
-1.4086103356317816,0.15564000857606544,-1.168717627632051,0.3052077222492148,1,0,0,0,1,0,0.19849979257844777,-0.4687368115029976,-0.7455217907937414,1.0643730076044513,-1.4657598470941848,-1.1830613703966202,-1.0130423219983355,-1.0012115536287478,0.02055842076609723,-0.8915154522858634,-0.5494289314090041,0.5806612710222672,0.8916479322032477,-1.0629472917766971,0.49007813262069844,0.24176112202861672,-0.9588520180427625,-0.7400886110136023,-0.10413398130864084,0.895231533445257,0.34657559930569287,1.8651437932046169,0.21484256238660693,0.25359861269812395,-0.008267962451157046,-0.895231533445257,0.10413398130864013,-0.8988402670423681,0.7912135143113154,0.8823074182377254,0.8863037744276221,0.4103980692089227,0.3845801819166189,1.0032343553662626,1.1755363964676604,0.5738579727592754,0.22331042096616224,1.5657368413548085,-0.3050275328241268,-0.1532440991387405,-0.0423289389126401,-0.6040308649486834,-0.7010026615289333,-0.3759724034796717,-0.08511336124321738,0
1.3670179989498932,-0.2824120129387873,1.0038746524609323,-0.4281154315628296,1,0,0,1,0,0,-0.6343500496942954,0.3255540475333941,-0.68155588370685,0.4394313818446596,-0.09920064193564308,-0.0892280381752825,0.32264858733036705,-0.24732033699773975,0.9957026430639487,-0.3419038913882875,-0.08822726784537577,-0.3981828941195097,-0.3056719825130393,1.0685697538903676,-1.0862928014229005,0.8242911530735989,0.46311768795739955,0.7778944548587153,-0.6392523306161391,0.09092870184200141,0.6190515926935626,-0.748769357537756,-0.5328257548012019,0.9211096712426377,0.874162299513783,-0.09092870184200141,0.6392523306161384,0.9951306592913848,-1.009968447893631,0.00893691608845806,0.4340862571144791,0.615217432034406,-0.37153966943728567,-1.2804235184154193,-1.2052948804881005,0.44983577907224165,0.9727222106882286,-0.4070549059059717,1.2550424733328,0.7414286251489338,1.1084428462222957,1.6800380602609295,-0.37174181903963527,-0.3759724034796717,1.5232025883508855,0
-0.7404035143436003,-0.41125084279609675,0.27967722576327125,1.0385308760612593,1,0,0,1,0,0,-0.7983962307480176,2.811347182511853,-0.5152445252809326,0.05173611401219622,1.4350827726849007,2.122139839107839,-0.6750285756836978,-0.047774454442082136,1.0481309038319129,-1.043664354841058,0.587634618750842,0.7131477095679857,-0.1689161593255341,-0.046214032909303135,-0.888796252969303,0.7644240869107924,-0.16811461475135517,0.9094816554697435,0.7686432489180746,0.21031740340811067,0.8924671493460201,-0.8248046369729785,-0.664657571563911,1.2432236375623134,0.1239780359769159,-0.21031740340811067,-0.7686432489180752,-0.3417899945912644,-1.0850176963188372,-1.1919475243667854,-0.6770767854263857,-0.6990401460957827,-0.5920746260821743,-0.46483142063624716,-0.8177176958673952,-1.0384305451721696,0.5563823275093027,-0.9381911455531051,-0.7338187041070253,-0.9312203811280227,-0.44848368660732285,-0.667477223982284,-0.37174181903963527,-0.32030321536567735,-0.3944048900113141,1
-0.7147032519863632,0.4648532002336079,0.5693561964423357,0.3052077222492148,1,0,0,1,0,0,-0.05387894750420167,-0.33848706595090994,-0.7583149722111197,1.25243414498587,-1.359249400633868,-1.2282278326019984,-2.1724607999728494,-0.06651448882488661,-0.6619492399918885,-1.099600643700533,-1.228972231247868,0.5591184439320794,1.2026781949586012,-0.2539555495791823,-0.8227368414161749,0.344188707153278,0.2481410469456034,0.5659295158604092,1.3843233105508752,-0.6103841330315712,2.7671102330491664,-0.7329064833345101,1.250783243756386,1.7315419438193778,2.150244113718237,0.6103841330315712,-1.3843233105508759,0.10385022336961848,-0.40957446049198204,1.6010185606313942,1.5710903006446677,1.6222459659263704,1.1722050270769362,1.5741488238116832,0.8986955503100138,1.1939689411944467,1.5555980471387252,-1.0899443568808573,-1.7008796435961144,-0.944186652494511,-0.29617565622181696,-1.5557262504526888,-1.277209135885205,-1.6006945419875402,-0.8892713360402683,0
-0.5605016778429365,-0.17934094905293926,1.0038746524609323,-0.4281154315628296,1,0,0,1,0,0,-0.6848257977108253,0.671529934156127,-0.6175899766199587,0.2629432375328666,0.29119965917249946,0.31324538741719665,-0.23378132920040365,0.2410412582856524,0.8763369883504767,-0.19988007715004774,-0.26940468733986034,-0.6849706207778697,0.38277258689064436,0.4390589968423159,-0.49064817466812727,1.0471922226086157,0.49897982916664996,1.039103781735365,-0.11623388745465664,-0.8189388764091825,0.7637812054921892,-0.8223572620562225,-0.14565482764928767,0.7648049461577984,1.3647218856204104,0.8189388764091825,0.11623388745465593,0.6330479821981672,-0.25947596364157,0.7549408866742913,1.2351572877834756,1.4174266031008858,0.1325402314653172,-0.6279498401920818,-0.6516131881728072,1.13195784435093,0.44535835866158957,-0.9381911455531051,-0.7429419205172992,-0.6978274965312384,-0.38079122865820925,0.28421816152172197,-1.277209135885205,-1.6563637301015341,-0.332546584257695,0
-0.38059984134227254,0.5679242641194551,1.0038746524609323,-0.8681093238500562,1,0,0,1,0,0,-0.29363875058271866,-0.2530106704323524,-0.19541498984647596,-0.29545367807657696,0.1138013863328657,0.03374995297797501,0.03196997502039796,0.952559386771839,-0.5414274510834538,0.3800063542623857,-0.08652255348812395,0.206709688827062,0.04026948863042696,0.010032193581897062,-0.6885776145974614,0.7969708649437482,-0.15077813000707097,0.15833805198179318,-0.7768887630270574,1.0524361778040754,-0.03443097888004402,-1.9972195908451225,1.5410283232493158,-0.6628730813530694,0.26706984681914436,-1.0524361778040754,0.7768887630270568,-0.14682239923337803,-0.7848207026180125,-0.5915053041391644,-0.12149526415595328,-0.1699234587966153,-0.844114576533476,-0.8726274695258333,-0.6516131881728072,-0.23228628620644656,-0.22078545442469194,-1.9245870191834955,-0.7338187041070253,0.09311505682453199,-0.1777138548108673,-1.0481553781838862,-1.1125787146405561,-0.8213259083916238,-0.5181215015185524,0
1.0072143259485644,0.7482986259196881,-0.15484123025532542,-0.13478617003801185,1,0,0,1,0,0,-0.2684008765744537,-0.2611512795293579,-0.8350740607153893,4.53916417675959,-2.0608559837991,-3.7088057123369786,-1.015376240362256,0.5443505069437989,-0.754044047405995,-1.5256254929889435,-1.8010096094407402,-0.8994418322717664,1.5821907041088024,-0.31375428587983656,-1.0038456601887666,-0.29507145816775016,-0.16493414872047052,0.005526602561608053,-0.6392523306161405,-0.5927287050207662,1.0984057936248188,-1.752768699653157,0.7342851145534703,1.8974757373336415,2.346796350191834,0.5927287050207662,0.6392523306161398,-0.5367575899491508,-1.1600669447440433,-1.11916664918768,-1.077612300760884,-1.0745423112758372,-0.4660546508565234,-0.5463906304141645,-0.319404172783631,-0.9144083514851348,0.8061862574166584,-1.6969572021918669,-0.5331079430809875,-0.10137901367278856,0.65151875506577694,-0.2550758902638815,-1.6064699783745033,-1.9347096706715041,0.038603250264021984,0
-1.6656129592041589,0.5679242641194551,1.4383931084795292,-1.6014324776621007,1,0,0,1,0,0,1.081825382867721,-0.6129418869356661,-0.7711081536284979,1.4433885306346952,-2.037457563432834,-1.5868763740744076,2.2316861540692083,0.5250038700314646,-0.572599484242301,1.580613982303783,0.8207441158630265,-0.14784739816194054,-0.9684328168392298,2.3906643024208933,-0.338370244777001,0.33201689304437787,1.5679250989521725,1.209616371363965,0.12891477706591967,-0.329502323768793,-0.7144903198569663,-1.059556170970283,1.116407635077997,-0.5805798288440527,0.11394740655683534,0.329502323768793,-0.12891477706592036,2.777691531134916,-0.03432821836595151,1.0005763404037717,1.0413497803635572,1.7246556473391115,0.3215701943037938,-0.7910682597479163,-0.9284540343304539,1.13195784435093,-0.6926373220274746,-1.0140677512169813,-0.11343998820836432,0.4691369264526849,0.19459466390925928,-0.5088613263982832,-0.04248097655033679,-0.2089648391376897,-0.3944048900113141,0
-1.1259074497021662,-0.02473435322416849,-0.8790386569529866,1.0385308760612593,1,0,0,1,0,0,-0.25578193957032125,-0.2628956957644305,-0.8094876978806327,2.537036375714331,-1.6190412403228231,-2.162860565366756,-0.008889051965210053,-0.22143499965518185,-0.9558233144584557,-0.5943253269227505,-0.5216438776353091,-0.560863279726733,0.7740076469365369,1.6207339922003114,-0.7504665066863814,-0.8432033857874657,0.9246938722277721,1.2014755069664693,-0.6392523306161391,-0.13094794135889734,1.6317787516215723,-0.4478743855308497,0.45930440664341193,1.7198057888846636,1.8511695732584195,0.13094794135889734,0.6392523306161384,1.050835686536495,-0.9349191994684248,-1.0099953364190213,-1.232658306696819,-0.8697229484503528,0.3845801819166189,-1.2804235184154193,-1.2052948804881005,-0.4183195767369984,1.0282341951120857,-0.7105613285614767,-1.0622544948769042,-0.6978274965312384,-0.0423289389126401,-0.6992004034990842,-2.018046031486126,-2.2687247993554687,-0.8274130302866491,1
-0.7404035143436003,-0.2824120129387873,0.27967722576327125,-0.4281154315628296,1,0,0,1,0,0,-0.7983962307480176,2.811347182511853,-0.68155588370685,0.4394313818446596,1.0027398063979185,1.8225207333889937,-0.5364056886899716,-0.14353069011572253,0.8859730312216403,-1.014806415700012,-0.2864283606644976,0.2618875371973324,0.4599802746214636,-0.10294249184310603,-0.9080831460956018,0.877473517741497,-0.3474859598982168,0.7727028505857451,0.4407888507730546,-0.0799856498736912,0.6430262427704103,-0.7126973845361312,-0.32937855184546844,1.0263768681546783,1.126764836159626,0.0799856498736912,-0.4407888507730553,-0.45320004908148526,-1.1600669447440433,-1.4739734156858193,-0.8838047933409655,-0.9550643496276378,-0.8756195703398886,-0.7910682597479163,-1.0391903727935126,-1.3484860293897554,0.9449662184763004,-0.4070549059059717,1.0908245779478607,0.7284623537824456,1.142289075196852,1.5214221626769286,-0.4540570296619595,-0.5429799678216537,1.4613442825972665,1
-0.7404035143436003,-1.132748289997029,0.5693561964423357,-0.8681093238500562,1,0,0,1,0,0,-0.7731583567397526,2.5322405849002365,-0.2721740783507456,-0.25899874990725574,1.44955098492364,2.147629822728696,0.022146129811894726,0.6247750108250975,0.2794784330407363,0.2281036860007389,0.12431493627448022,1.8788378662369158,0.060522044057307024,1.5630325602573747,0.12782363218448936,-0.75128240783892,1.6180669325340307,1.2945806457759832,1.2994551316290586,1.2737269836114935,1.5309689849582693,-0.7294724009662348,-1.1370227470285226,1.296294108630165,1.1022905253221487,-1.2737269836114935,-1.2994551316290595,1.1622457410267157,-0.10937746679115769,-0.6551885699208807,-0.9096457943302884,-0.3064697006802721,0.25856020669096863,-0.6279498401920818,-1.149926711256571,-0.35630847989348147,1.0837461795359422,-0.8623145398892288,-0.7520651369275744,-1.164613265724808,-0.6684841749419423,0.5697267771729232,-1.3595243465075295,-1.0440026608476,0.16231986177126023,1
-0.3034990542705592,-0.7462318004251005,1.4383931084795292,0.3052077222492148,1,0,0,1,0,0,-0.7605394197356201,1.4826834834648872,-0.822280879298011,2.800321968048317,-0.46758293208315554,-1.0238607709400396,-0.0854763209396635,0.34488265193114526,-0.9202744326724736,1.1398953250187323,0.18163576844917786,-0.8351355869167079,-0.8099019195138831,0.09461786495904735,-0.2559266520558423,0.0751000188281881,1.5389235128749137,1.2561633186180312,-0.4291756706205303,-0.7133741297612556,0.21339796080974371,-0.7297439650373991,1.3335142551433856,-0.013954831956742344,0.9902635935082428,0.7133741297612556,0.4291756706205296,-0.20252742647848845,-0.5596729573423944,-1.0827762115981268,-0.8838047933409655,-0.3064697006802721,-0.7811045889206503,-1.6882195673050053,-1.7589765728033937,-0.5423417704240322,-0.19302946221276363,-1.0140677512169813,-1.3906902856467844,-0.62002986833231,-0.5838686025055501,-1.175048096251087,-0.7010026615289333,-1.0440026608476,-1.198562864808365,0
-0.1749977424843705,0.7482986259196881,-0.4445202009343899,-0.13478617003801185,1,0,0,1,0,0,-0.596493238681898,0.26159211891406536,-0.8350740607153893,4.53916417675959,-1.493273942150306,-3.306779479439602,0.24232391684988688,0.5886431526565364,-0.8074205115672768,-0.49068894840560234,-0.5386370748050304,0.7753819594349209,0.5164418716121393,1.018845409436041,-0.8669951164852021,-0.3059350472673608,0.8817532955429225,1.317650255100936,0.7837886966584708,0.28017642692511974,0.6810610232212664,-1.6764678754464715,0.7963356698195071,1.5372205867813544,1.986683591810621,-0.28017642692511974,-0.7837886966584715,0.8558680911786088,-0.8598699510432187,-0.23669853764102378,-0.354064273059855,7.593435579547688e-4,0.6996301199807459,-0.9541866793037505,-1.3160312189511594,0.139780294854656,0.4731143508735179,-1.6210805965279906,-0.4509989953885172,0.002351157259115363,0.6176725260912207,-0.3185222492974822,-1.853415610241477,-1.9903788587854983,0.22417816752487937,0
-0.04649643069818187,0.7225308599482267,-0.15484123025532542,0.3052077222492148,1,0,0,0,1,0,2.1165782172065835,-0.6966738662191511,-0.438485436776663,-0.07846005802109372,-1.3007421946025244,-0.4751553340489598,-1.1253741166678222,-0.9998144933882709,0.4355665227915185,-1.382273798627974,-0.9191921631264102,-1.3832404173316033,0.7993103849625469,-0.07097534659325139,-0.7288818108620453,-0.34194556038858787,-1.0923537949812605,-1.01067377054288,-1.2550770539175564,-0.6418048099999468,1.4939423738310809,0.6420989719163783,-0.9390563393072952,0.7842034007756896,0.2082686051401163,0.6418048099999468,1.2550770539175558,-0.2582324537235989,-0.8598699510432187,-0.7643598826895395,-0.806281790372998,-1.1428154322176651,-0.43454965705011084,-0.5463906304141645,0.012804842605544792,-1.0384305451721696,1.3613061016552261,0.5793409677244183,-0.040454256926167845,-0.5162996974004062,-0.194636969298146,0.47455723862252236,-0.28942660841731066,-0.5986491559356475,-0.332546584257695,1
-1.0231064002732158,1.3151894772918502,-0.4445202009343899,0.3052077222492148,0,1,0,1,0,0,0.009215737516460692,-0.4018675224918812,0.764073616456894,-0.5512168249153065,0.4096646236195608,0.11692779426708738,0.12175265083786399,-0.4197324587245619,-0.3134270179169985,0.06026440267815045,-0.22359519931044053,-0.5595618445114778,0.24653497848577888,-0.5031638404426972,-0.3880488540742145,-0.06716027784905253,-0.0695513488334007,-0.1793491720022086,-0.49837739391320257,-0.2688909859805091,-0.6720554055498426,0.18735714864800163,0.36097563103399927,-0.15037924701336736,0.11558515091790186,0.2688909859805091,0.4983773939132019,-0.5089050763265954,-0.40957446049198204,-0.16391766246191838,-0.173177266134598,-0.18699173903207253,-0.18250970659880966,-0.30171300108041293,-0.09793149585751397,-0.17027518936292965,-0.5631093583718088,0.326418948844831,0.4400351406816187,0.568545006929093,0.4710055338681407,0.19962301614358732,-0.20711139779498602,-0.35741600744167373,-0.04387449074080463,1
0.10770514344524394,0.5936920300909173,-2.327433510348309,-0.8681093238500562,0,1,0,1,0,0,0.5013542806776271,-0.5146731056932429,0.41865771818768077,-0.502031604369397,-0.04965706757583086,-0.00783896766658117,-0.30504046488127773,-1.959938835298626,2.3982717080642453,0.33951800997616827,1.4862968737436677,1.1623499823611867,-0.42140685384979815,-1.265928256009521,-1.339831168739056,1.9515249909549175,-1.037943073897466,-0.2290939119225196,0.6912331826893887,0.899750088678983,-0.8407344055014071,1.347864107832648,-1.3174233559445994,-1.4878735122743925,-2.1559243441707263,-0.899750088678983,-0.6912331826893894,-1.2818123293525019,-1.403977002125963,-0.9872513129255508,0.040010992027312065,-0.3747428216220998,-1.6632444155002057,1.2071323798110556,0.9125375926178964,-1.0229277709612903,-0.9424412519348303,0.7310941790521709,-1.0531312784666302,-1.4758037785205207,-1.8361790745641564,-0.6992004034990842,0.4514102871836102,1.0714264874841732,-1.4459960878228426,0
0.10770514344524394,-0.514321906681944,-0.15484123025532542,-0.8681093238500562,1,0,0,1,0,0,0.1858808555743153,-0.4681553394246401,0.8792122492132983,-0.5824639062032961,0.32982301925186736,0.0900962325609221,1.332880886840708,1.8698876381994012,-0.4334145608939101,1.8307128202279006,1.1843788029769733,0.6484641792829683,-1.08182560678842,0.5035888019428565,0.8046648058150299,-0.8630080719806474,-0.5201215273475548,-0.8209465886686901,0.46476756340334147,0.42347698798565403,-1.350223321774871,-1.7603839279224551,-0.2747476599436552,-2.988918515515629,-2.3412450095114616,-0.42347698798565403,-0.4647675634033422,1.4376761535164282,2.067050737539819,3.1142542570636307,2.0032092616327817,1.6355212949983922,2.6949463943868825,2.045379813639649,1.9199306716915552,2.275718075020245,-1.3032691506898992,-1.6969572021918669,-0.47228650034582426,-0.53358805922239,-1.5879733954174053,-0.2233527107470814,0.6160407084282594,0.9415317152181866,-1.4872349583252553,1
0.44180855408933456,-0.1535731830814779,-0.8790386569529866,-0.8681093238500562,1,0,0,1,0,0,3.037760618508254,-0.7309807188422456,0.5465895323614635,-0.5170764953599105,-0.6869341789576787,-0.16256764017213426,0.20435070457670296,0.8525778012259898,0.3622451589440477,-0.305844340193161,0.6452568932231272,2.079871154955328,0.30124243722351035,-0.3226541594280222,-0.025023863313404896,0.8022716431250088,-1.2158453001990475,-0.2943054875793513,1.9684992754626984,0.8843625762614299,-0.6065468635440942,-1.1952581455367821,0.3110043629971499,-0.7924354147908753,-1.1261975899750645,-0.8843625762614299,-1.968499275462699,-0.4114212786476524,-0.18442671521636386,-0.48688279606919943,-0.024591510445994075,-0.5027549233880274,-0.40304466324369825,1.2071323798110556,0.2896456887631914,-1.2554693841244795,-0.6926373220274746,-1.2416975682086098,-0.6882026220556532,-0.4385020692014777,-0.7023304039164997,-1.206771275767887,-0.20711139779498602,0.23638866577426285,-0.76555472453303,0
-0.3034990542705592,0.026801178718756015,0.27967722576327125,-0.8681093238500562,1,0,0,1,0,0,0.6780193987354818,-0.5303728518088963,-0.20820817126385424,-0.26941444366991896,-0.5745654310251282,-0.1996846338656629,-0.6861784644968983,0.7000318236062284,-1.1981546994170589,-0.03756879970934913,-1.7165560175749495,-1.7313493230867618,0.9514387748387146,-0.23069585722038785,0.1177644660414768,-1.546732687223229,0.6846818079036526,-1.5065678732750158,-1.4375436385994584,-0.9356157016516281,0.723639275990559,-0.8428417901094728,0.0836004281955134,0.7296717850737414,0.7607365942248293,0.9356157016516281,1.4375436385994576,-0.5738942747792242,-0.43459087663371765,-1.5861772649202739,-1.9734336683907294,-1.6833109730071372,-1.5057194464681423,-1.0357458890816678,-0.5408768497097485,-1.9272562665959154,0.6674062963570164,-0.7864379342253526,0.014285041535478216,0.054216242725068246,0.34690269429476517,0.12560226393772106,-0.28942660841731066,-0.7099875321636356,0.038603250264021984,1
-0.09789695541265715,0.8771374557769975,1.4383931084795292,-0.8681093238500562,1,0,0,1,0,0,0.2868323516073751,-0.48443655761865106,0.09882818275322415,-0.4453239383282307,-0.12396296395963093,-0.028409831641307882,1.42109509585557,1.7423185542923907,-1.6396305778890383,1.2490701668178696,0.17022294830384366,-0.13151234014561652,-0.5098684498784046,1.6798894895095904,1.2502229219147707,-1.2461880689349067,1.0072240249224214,-0.36239340319697405,0.10398440440281079,-0.28249761283093816,-0.29754153969352476,-1.1389410171324763,0.9891311005634554,-0.6886671105295005,-0.5751047936973454,0.28249761283093816,-0.1039844044028115,2.0256736633259265,1.6381978893957845,1.0044753158597954,0.11845688788775484,0.5274377051091989,0.8346515220082282,0.7119514633022728,0.7246813041537794,1.0256531069049009,0.029018475482663446,-0.7864379342253526,1.50136931641021,1.8824605053998806,1.4130589069933075,-0.033013633646279864,1.6038232358961542,1.5724491805101195,1.1520527538291696,1
0.7502117023761872,-1.0296772261111817,-0.4445202009343899,-0.4281154315628296,0,1,0,0,1,0,0.5770679027024219,-0.5257210751820359,-0.0035172685858019803,-0.39729601708928375,-0.34952689535276343,-0.09727750668713209,-0.43964309330989537,0.1911148058523601,-0.6086442184350497,-1.8710287936158407,-1.885275392425199,-0.11991046889528052,1.830095272588068,-0.8346168435565817,-0.25684551028939556,-0.9630830539258068,-2.066730411663532,-1.9200690062130312,-0.8901438845537538,0.7192902890320441,-0.22260489274451564,-0.519613262610239,-0.1357685535170592,0.47830469333974024,0.5763766698754393,-0.7192902890320441,0.8901438845537532,-0.6481676444393714,0.04072103005925432,0.9641859028142197,0.2531992501892221,-0.6136987449184976,1.1722050270769362,1.166352774922097,1.9506907657090713,0.38782468222872474,-0.27629743884854874,-0.5588081172337243,-0.2685346671830286,-0.2958730841701091,-0.093098282374475,0.12560226393772106,-0.9479482933959068,-0.7656567202776299,-0.08511336124321738,0
-0.1749977424843705,-0.46278637473902035,-1.6032360836506476,2.505177183685348,1,0,0,1,0,0,0.29945128861150755,-0.4867624459320812,-0.10586271992482811,-0.3278580586715291,-0.2892721372499047,-0.12097871952757809,-1.2762512143858216,-0.20787510144382873,-1.8423320902646567,-1.1396359951849335,-1.339329676553107,-0.7824908639528725,0.48863810110785116,-0.9333744326917598,-0.2978250357549312,-1.2398528314974482,-0.9674563562073096,-1.0367866922891524,-1.0117882743416888,-0.06374491962016399,0.8420416454725903,-0.013039482370867956,1.272597161178463,0.5802615443163975,0.7289737636175023,0.06374491962016399,1.0117882743416882,-0.8709877534198129,-0.25947596364157,0.07262018187017576,-0.5866332819637576,-0.9038595089212672,0.8256500952063961,-0.22015379130249568,0.2896456887631914,0.015758101167622184,1.2502821328075124,0.4275877563966659,1.3553978538458196,1.9213593194993455,2.1069066009717248,-0.12818317219668063,0.4514102871836102,0.45906541823023866,1.8324941171189824,0
0.5960101282327613,-0.02473435322416849,-0.8790386569529866,-1.161438585374874,1,0,0,1,0,0,0.4256406586528323,-0.5071139686745949,0.6361418022831113,-0.5240202912016859,0.09205200510763212,0.014967859783659318,0.22242684956785239,1.595849112338506,-0.17440988466997986,-0.48131824343667284,-0.5184373481789688,-0.17916562617685353,0.609922787616092,-0.7850904994689181,1.6332017388344662,-1.1487295336202943,-1.3527770911895023,-1.8458049250100854,-0.9462874490712617,0.6941558255444424,-1.0937431254241181,-0.5542473399255609,-0.9159382431249118,-0.6911607121026918,-1.1280753088925757,-0.6941558255444424,0.9462874490712609,-0.9266927806649233,0.8662627627365218,-1.21924035255895,-1.5298298180740268,-1.8596832021068592,-0.7180946013078251,-0.05703537174666111,0.4557501964577793,-1.658541513607341,-1.1089772052064004,-0.7105613285614767,-0.7338187041070253,-1.047916823426415,-1.2100238385348534,-0.3502454288142823,-0.20711139779498602,0.1250502895462747,-1.136704559054746,1
1.0586148506630406,0.10410447663314094,-0.8790386569529866,-0.13478617003801185,1,0,0,1,0,0,1.4730124299958276,-0.646667267480403,0.17558727125749374,-0.4632620775861506,-0.5478202147412017,-0.13931362002679104,-0.8584233572903401,-1.1996743462005752,0.33718698679813164,-0.014626879538260692,-0.18917300526017627,-1.5311242368241118,-0.5369881614249719,-0.6396956719832387,-0.7803948664428141,-0.5267600326652779,-0.43155319956041477,-0.8874972850707322,-1.6999955754706857,-0.40223592911473205,0.5544821965122073,0.8648082438516872,-0.9902889390686839,-0.4081607947914306,-0.6205341897726326,0.40223592911473205,1.699995575470685,-0.4253475354589299,-0.4846237089171882,1.0642596061854894,0.5891322630504142,0.3762615087380082,0.6681251261743327,-0.6279498401920818,0.17890935030013266,1.0079356506638961,1.2780381250194413,1.8692432640103136,2.441060606668476,1.3897421934733356,1.1084428462222957,2.473117548180934,1.5215080252738291,1.4054416161681371,1.770635811365363,1
-0.14929748012713334,-0.30817977891024867,-0.8790386569529866,0.3052077222492148,1,0,0,1,0,0,0.551830028694157,-0.5222322427118907,0.6745213465352461,-0.5251775905086485,0.04597762554260028,0.004235235101193206,-0.6884911078182678,-0.4488612665741375,1.0863647814608663,-1.2163389153354962,0.2151153293419412,-0.060003644526557626,-0.156464561643496,-0.6222716424063396,-1.2008323053740941,0.5798473056062483,-0.5418033562821524,-0.6329736586445548,-0.5796783524084306,0.4930801176436292,0.33559715206384083,-0.5868912673811798,-0.9024064278193097,1.1059524694207856,-0.8976360429656768,-0.4930801176436292,0.5796783524084299,-0.7038726716844818,-1.2351161931692491,-0.6642861793182697,-0.28946177058654887,-0.47715250303484213,-1.1276595207911904,-0.38327221085833024,-0.1532996650890431,-0.728375060954584,0.2927004014959832,-0.5588081172337243,-0.031331040515893936,-0.4903671546674297,-0.05079049615627885,-0.857816301083085,-0.20711139779498602,0.013711913318286572,-0.76555472453303,1
0.13340540580248203,-0.10203765113855341,1.4383931084795292,1.478524768348486,1,0,0,1,0,0,1.3089662489421054,-0.6332934096781798,0.27793272259651985,-0.4794642678836267,-0.43731198245321,-0.11650679257655054,-0.6682263729882861,-0.1823920566861487,0.4151498641225256,0.25101220272698677,1.251936743601895,-0.5879978596698137,-1.2801665776570612,1.0110306112679055,1.1900850690617406,-0.512903562448165,1.4579280922987827,1.574428452000063,-0.7279513648365089,-0.0799856498736912,1.9393949122422869,1.4425399187482446,-1.082942387887676,1.106555247730475,-0.09045613574753382,0.0799856498736912,0.7279513648365081,0.6330479821981672,0.7161642658861095,-0.8098479296764806,-0.9225662948249498,-0.3747428216220998,0.25856020669096863,-1.85133798686084,-1.8697129112664523,-0.4803306735805153,2.0621449050064182,1.6226442956027158,0.550274005639101,-0.13379469208900865,0.3088256866983884,0.5300728027769229,0.30735866859454236,0.29205785388825667,0.7035800371154296,1
-1.0231064002732158,-0.05050211919562982,-0.4445202009343899,-0.13478617003801185,0,1,0,1,0,0,0.009215737516460692,-0.4018675224918812,2.1329440281163685,-0.6906713914042971,0.8119601949855914,0.22470123378685125,-0.49700288389407127,0.2189257225739388,-0.13237693605493742,1.2295829168666885,1.1732299839009117,-0.12149923676678356,-1.4592508515678067,-0.3671035216709615,-0.36981835141134267,-0.20701449132709412,0.719311828613817,0.7894441788832927,-0.5940660301642549,0.42347698798565403,0.3242890950415706,-0.6709583308087609,-0.02706589314158459,-0.9478298984657118,-0.7545178513038185,-0.42347698798565403,0.5940660301642541,-0.3417899945912644,-0.3345252120667762,0.04532735367801011,-0.06981326217730856,0.22264698661889537,0.4475901695294441,-1.0357458890816678,-0.9284540343304539,0.3258135853852078,0.19555442875423396,-0.7105613285614767,-0.33239718205494984,-0.2958730841701091,-0.6346379459673855,-0.2550758902638815,0.2044646553166367,0.45906541823023866,-0.7036964187794109,1
-0.4577006284139859,0.5936920300909173,2.452269505856255,-0.8681093238500562,1,0,0,1,0,0,-0.09173575851659908,-0.33209087308897706,0.41865771818768077,-0.502031604369397,0.3360286052685667,0.13257953859568378,1.377097055633477,-1.3743897191522414,1.899036025042354,1.4226276818434318,1.7032931906360067,0.551175451130956,-1.3440136688261273,1.1351610782080233,0.36661728809784705,1.0458579910781154,0.3069790208987675,0.19212651857467322,-0.16027754582615011,0.910698895591472,-0.7806474039670889,2.253662173044596,-1.5450594454429738,-1.6174830755984957,-2.026790417258692,-0.910698895591472,0.16027754582614942,1.217950768271826,0.491016520610491,0.41832933897092733,0.9250652759116064,1.0248561576853752,-0.7811045889206503,0.18764225758709038,0.2896456887631914,0.6358690696027934,-0.9424412519348303,1.2622304186993043,-1.3724438528262355,-1.8129268340492097,-2.1577182498224468,-0.6040308649486834,-0.04248097655033679,0.45906541823023866,-1.8171459223445585,1
-0.14929748012713334,1.0575118175772313,-0.8790386569529866,-0.8681093238500562,1,0,0,1,0,0,0.551830028694157,-0.5222322427118907,1.4804917758300769,-0.6409075212049062,0.3237669062572116,0.09367377412174413,-0.11578112691051408,-0.21138945386248847,0.7772707104939184,-0.3495729404197711,-0.12137548631998672,0.5082497092980658,0.5253408915502399,-0.6708926488812829,-1.3054945935088742,0.5901676914450441,-0.8582879463223196,-0.8646857990037844,-0.4481121582821066,1.13762416762706,-0.5093515544810231,-1.0176771655612367,-0.46949348562104554,-0.37881314554525375,-0.6864033085949105,-1.13762416762706,0.4481121582821059,-0.7317251853070371,-1.3101654415944555,-0.5824076947417753,-0.21193876761858224,-0.5283573437412127,-1.0646495331783645,-0.13859458152457876,0.06817301183707392,-0.790386157798101,-0.3318094232724056,-0.7864379342253526,0.826251302049903,0.4302381123532211,0.24536400737109418,0.6014499566897238,-0.37174181903963527,0.18071947766026855,0.7809029193074537,1
-1.0231064002732158,-0.46278637473902035,-0.4445202009343899,2.505177183685348,0,1,0,1,0,0,0.009215737516460692,-0.4018675224918812,-0.10586271992482811,-0.3278580586715291,-0.09500332384190172,-0.05568858604257591,-1.4892303813778767,-0.3317713391666644,-1.0313006629099168,0.21107538879874124,0.2897762009319022,-0.36869707422820064,-0.6651875948652405,-0.6785946839826693,-0.23699817244464716,-0.3396627678994791,0.725425901974205,0.9788179880994033,-0.6392523306161391,0.13114384342216406,1.3927672845947254,0.21794700850285448,1.0684942301880616,0.43417067381177976,0.5789020006356949,-0.13114384342216406,0.6392523306161384,-0.7038726716844818,-0.3345252120667762,-0.3731626786018469,-0.4832692780064673,-0.18699173903207253,0.41608517572303205,-1.2804235184154193,-1.2052948804881005,-0.046252995675895824,1.194770148383656,0.12408133374116129,-0.21379536872138252,0.35244048415429274,0.5161338391675497,-0.8895394805998851,-0.28942660841731066,-0.26463402725168356,0.10046155601764112,0
-0.14929748012713334,0.1298722426046032,-0.8790386569529866,1.478524768348486,1,0,0,1,0,0,0.551830028694157,-0.5222322427118907,1.3141804174041594,-0.6275985791748366,0.2752599661670599,0.08338834213438077,-0.9937073369420896,-2.2890138001080094,0.7521888288158638,-1.5434069007801132,-1.2967244406516338,-0.28608896208408235,1.2657729708545797,-0.6802804088185805,-1.0056737926094186,0.3539846287205456,-0.9923183815878334,-0.8101659284437758,-0.30025191215747105,-0.09240503183227083,0.7020460725446629,2.1342813482269736,-0.6725469137495182,1.1010772298671616,0.8948359380554111,0.09240503183227083,0.3002519121574703,-0.7038726716844818,-1.009968447893631,-0.3640650692044592,-0.1344157646506147,-0.5112890635057554,-0.5920746260821743,0.02452383803125581,0.17890935030013266,-0.728375060954584,0.5206960518082521,1.7716876281567582,-0.36367678117589064,-0.638553113141579,-0.20188973264983703,0.41111087958892223,-1.0302635040182315,-1.1791992605530142,-0.27952517932602033,1
-0.14929748012713334,-0.46278637473902035,-0.8790386569529866,2.505177183685348,1,0,0,1,0,0,0.551830028694157,-0.5222322427118907,-0.10586271992482811,-0.3278580586715291,-0.42136907224268966,-0.1482574739288461,-1.8772059165047255,-1.196700783322992,-0.5284664535761726,-1.266069795979592,-1.093347481432337,-0.24015732813952675,0.6144558397547543,-0.8016646696660406,-1.1319306952758288,0.3568594205667063,-1.0637237161424125,-0.6720819212674207,-0.34274413050805214,0.012383503443245562,1.8092866309548867,0.5085660592190937,1.0810406480478394,0.6556083861446306,0.7652480876239962,-0.012383503443245562,0.34274413050805214,-0.8431352397972577,-1.1600669447440433,-0.5733100853443877,-0.3153027715758717,-0.6990401460957827,-0.5605696322757617,-0.13859458152457876,0.012804842605544792,-0.790386157798101,1.5278420549267964,0.35171115073279,-0.3050275328241268,0.2746428559553643,0.5330569536548284,-0.9529858396334858,-0.28942660841731066,-0.32030321536567735,0.10046155601764112,0
-0.8175043014153137,0.20717554051898904,1.0038746524609323,0.5985369837740325,1,0,0,1,0,0,1.4477745559875626,-0.644341379166973,-0.3745195296897717,-0.17509455015246891,-1.038811947921382,-0.3602268114075518,0.4749932083249966,1.2863919880967343,-3.849262995666482,2.6022806329570565,-1.5408732697878587,-1.6573672069347942,-0.039473996912270534,-0.38304239693544945,0.2984073937006071,-4.110081823101902,2.3745698144103806,-2.557334976013116,-2.147135912362408,-0.13094794135889876,-1.0432210685596408,-1.4666753982143175,1.1318356087123238,-1.1609304696550307,-0.49352914273249915,0.13094794135889876,2.147135912362407,-0.20252742647848845,0.5660657690356972,0.8095265430586199,-1.6719553235153006,-0.8867912286858101,0.6996301199807459,-0.22015379130249568,1.1201682272361313,0.139780294854656,-0.9979532363586869,-1.3934507795363622,-0.14993285384946126,0.4432043837197094,-0.07617516788719629,-0.667477223982284,0.9453015509175579,0.9600881112561845,-0.20882997275045564,0
0.23620645523143258,0.0783367106616796,-0.8790386569529866,-0.13478617003801185,1,0,0,1,0,0,0.47611640666936217,-0.5117657453014551,-0.15703544559434116,-0.3133918173344969,-0.43066051741309536,-0.1513878227945654,-1.2317137630210098,-0.46667949229310635,0.8179019974286437,-1.9251318349699447,-1.7920415319584546,-0.02667470677952778,1.9746084201649634,-1.1110350513829772,-0.2195801949470626,-0.10313828314972144,-1.9464096452650497,-2.349844703804666,-0.7133205963053126,0.6710815639820534,0.6025948383029965,0.4205616299773951,-1.2217434583114248,0.6707024240939816,0.03557576540423165,-0.6710815639820534,0.713320596305312,-1.0659553487776992,-0.25947596364157,-0.17301527185930607,-0.19901826712392082,-0.9379960693921812,-0.844114576533476,0.9216751455883455,1.5077454118568363,-0.9764194483286528,0.3898463742377325,0.19995793940503753,-0.49661507743988936,-1.0090180093269512,-0.7192535184037778,0.28421816152172197,-0.7010026615289333,-0.48731077970765985,-0.332546584257695,0
0.31330724230314594,-0.9266061622253344,-1.168717627632051,-0.8681093238500562,1,0,0,1,0,0,1.245871563921443,-0.6251528005811743,1.7491485855950204,-0.6675254052650456,0.1283696635041494,0.03509153106328328,-0.5037860418678046,0.7630393803099764,0.8925896384033022,-0.5889584886780895,-0.6574748021966139,-0.5082126999639186,0.3482729853081681,-1.4129973366454585,-0.09097847258684993,1.6187770102758823,-1.9564410736618771,-1.4727166298777619,-0.9813771768947055,0.28017642692511974,-0.711323535207181,-1.1384357325553083,0.40651484344032096,-1.1443285567116317,-0.5830717047239038,-0.28017642692511974,0.9813771768947048,-1.3166279713806959,-0.03432821836595151,0.17269388524144552,1.002588278879574,0.0519641842643253,-1.1591645145976028,0.18764225758709038,0.7879592118469556,-0.23228628620644656,-0.5631093583718088,-0.9381911455531051,0.6833209116222693,0.806259981981374,0.24536400737109418,0.41111087958892223,0.6160407084282594,0.848749735028197,0.6778057430514218,1
-0.12359721776989524,-0.4370186087675581,-0.4445202009343899,0.5985369837740325,1,0,0,1,0,0,0.22373766658671274,-0.4792033089134332,-0.2721740783507456,-0.2561055016398493,-0.407698288517516,-0.17061710868398386,0.5601199013158075,-0.04610500935350099,0.5965995524044979,0.42398542810278433,1.2602435060272266,0.6566672635503108,-0.42883195412039354,0.16884050479222248,-0.025521365754044918,-0.06046839082102155,0.06591170965023894,0.07027293984872149,-0.06904425348519984,0.9640930772469049,-0.6101569146084215,0.037713828292923385,-0.8763364755660091,-0.5074200370887929,-1.56977043123272,-0.9640930772469049,0.06904425348519913,0.27096530510494976,0.11577027848446049,0.4456221671630917,0.3436427536518511,0.3591932285025509,0.3845801819166189,0.6769975162545934,0.7879592118469556,0.38782468222872474,-0.8036612908751883,-0.4070549059059717,-1.317704554364588,-1.488770049887009,-1.5484861282804228,-1.2702176348014877,-0.28942660841731066,0.18071947766026855,-1.5078543935764617,1
1.3927182613071303,-0.7719995663965628,3.176466932553916,1.478524768348486,1,0,0,1,0,0,0.5896868397065544,-0.5263025472603935,0.15000090842273722,-0.4597901796652629,-0.24692367988664735,-0.04942788831113735,3.304988651389508,-0.5449064873841937,0.709596912543396,2.112211822695944,1.9148888415994023,1.24862849856,-1.3153533759481144,4.706948997897153,-0.42983806371200695,1.621379100397806,2.4007595778992807,2.0991101036334063,0.9953441571592244,0.7158101325491454,0.10746080630927494,0.3172989184747654,0.6592868796113363,-0.4729098024335804,-0.44007682004016385,-0.7158101325491454,-0.9953441571592251,4.14246469864012,-0.4846237089171882,-0.30038180342274146,0.5503707615664309,1.5710411252199985,-1.6317394216937933,-1.1173050988595852,-1.5375038958772762,0.139780294854656,-0.1375174777889068,-0.02767187758659086,-0.8706669502611417,-0.4385020692014777,-0.5838686025055501,-1.206771275767887,-0.5363722402842841,-0.26463402725168356,-0.8274130302866491,0
-1.074506924987691,0.7225308599482267,1.7280720791585935,-0.8681093238500562,1,0,0,1,0,0,-0.5838743016777656,0.11331673893289414,0.35469181110078946,-0.49161591060673376,1.0143910336990178,0.4670796745325442,1.4287914694833037,1.3058206896522768,-1.0991717969794805,1.676258909440025,1.2358100424595744,2.1093014934886463,-0.14943153428414838,0.7529373159800014,-0.1793776536282121,-0.2895171664505157,0.8781604760029283,1.0893773924395467,2.038560284770937,0.8550163918650944,-1.2344432244198573,-1.971976472707118,1.211667837590446,-1.393748747704315,-0.5430485865743055,-0.8550163918650944,-2.0385602847709374,1.106540713781605,0.19081952690966666,1.1916261377489248,0.8346217724489774,1.195538960039945,1.6132749403667133,1.4925896140337656,0.5111183656893089,1.3179911348814817,-1.1644891896302574,-1.848710413519619,-0.06782390615699217,0.5599008260181015,-0.07617516788719629,-0.5405845059150832,-0.37174181903963527,0.013711913318286572,-0.1469716669968365,1
1.0329145883058024,-0.6689285025107157,1.0038746524609323,0.3052077222492148,0,1,0,1,0,0,-0.00340319948767178,-0.40128605041352367,0.20117363409225028,-0.4707845230814074,0.13956784387927884,0.055215202342907235,1.068647450801306,-0.9527357090625908,-0.6040602295896481,1.092535965744849,1.5184897375213775,1.2532496821793302,-0.6732506502764628,0.4024827030843201,-0.6523023967076231,0.33344833628739734,0.29241046127867054,0.7655909765803747,0.06512235289855199,1.6446955356210182,-1.0838243194896928,0.65419743895413,1.1608539903204032,-1.1859963972271725,-1.2266604498396754,-1.6446955356210182,-0.0651223528985527,0.5216379277079463,-0.4846237089171882,0.5093054329448095,0.6149732640397371,0.7176271134471482,0.5736101447550955,-0.05703537174666111,-0.09793149585751397,0.8839134569768611,-0.933189254530854,0.9165703262305349,0.75427926147996,1.2960969002709222,0.6496384090116346,-0.8930642783239741,-0.11565005265907018,0.8796770617581935,0.8496343701448084,1
0.08200488108800677,0.3102466044048362,-0.15484123025532542,-1.161438585374874,1,0,0,1,0,0,-0.14221150653312897,-0.3175540711300387,1.2502145103172682,-0.6194974840260986,0.7118913981583822,0.23453947307911185,1.6179609568335225,0.5559526069030878,-2.0912452271496496,2.0470870297477046,1.0547533071450266,0.3980994652124688,-1.0524419931751645,0.7250614383068614,0.4721953935313608,-1.2930964850639195,0.6329505423983423,0.023268244886286597,-0.7768887630270574,1.3134690058789504,-1.5253412499957921,-0.29002742100718165,1.5593650209037668,-2.1378595870880788,-1.3485140445143884,-1.3134690058789504,0.7768887630270568,0.5216379277079463,0.26586877533487285,-0.43684594438356456,-1.0000892977929163,-0.7331767065666972,0.41608517572303205,-0.8726274695258333,-0.6516131881728072,-0.29429738304996345,-1.46980510396147,-0.482931511569848,-0.7155722712864762,0.11904759955750843,-0.7530997473783346,-1.3653871733518879,-0.37174181903963527,0.29205785388825667,-0.9511296417938885,0
0.2105061928741954,-1.0812127580541053,0.5693561964423357,1.7718540298733036,1,0,0,1,0,0,-0.356733435603381,-0.17858224440258805,-0.6047967952025805,0.11538757589513797,-0.4338177280573594,-0.22651619557182817,-1.3492799330283993,-0.8509852046053252,1.0722096896047275,-1.6115902980782515,-1.3110563167213614,-1.4118339111225207,0.8466193281313198,-1.1240686247900493,-1.234440684044934,1.0028872124495467,-1.0290518486074247,-0.4082493835730041,0.17827491249930566,-2.1023839540760885,0.7530504665977322,-0.06863167855840126,-0.4579416344891562,1.1567643236941134,1.3058613582218541,2.1023839540760885,-0.17827491249930708,-1.0659553487776992,-1.1600669447440433,-0.06384395909064733,0.459927258103802,7.593435579547688e-4,-0.5290646384693491,0.758556726032511,0.7325910426154264,-0.23228628620644656,1.055990187324014,0.27583454506891375,1.0725781451273115,0.6376984542170299,1.1084428462222957,1.7434844192945298,1.3568776040291806,0.3477270420022505,1.275769365336409,1
1.0329145883058024,-0.4885541407104817,1.0038746524609323,-0.13478617003801185,0,1,0,1,0,0,-0.00340319948767178,-0.40128605041352367,-0.4768649810287978,-0.023488340940371298,-0.5303234463210064,-0.2904647509715221,0.16837981701045443,-0.34314182240045954,-0.34686084415652063,-0.3988457677722088,-0.23641384050882058,1.1803143560211227,0.8818421549997403,0.5096512502576565,-0.7657175435634278,0.5249267831316121,0.3002816926881831,0.7310959801361672,0.06512235289855199,1.5452204496827715,0.2751012898476926,-0.2961061057380582,1.0016711871703199,0.8365690871549439,1.0211224995740846,-1.5452204496827708,-0.0651223528985527,0.577342954953057,-0.6347222057676005,0.34554846379182197,0.5762117625557528,0.683490552976235,0.2270552128845555,-0.05703537174666111,-0.09793149585751397,0.7598912632898273,0.19555442875423396,-0.3311783002420958,-0.17730250308028428,0.35244048415429274,0.6853649840403343,-0.6992004034990842,-1.7711003996191523,-1.4893561657595522,0.34789477903211874,1
1.3670179989498932,-0.12780541711001567,1.0038746524609323,-0.4281154315628296,1,0,0,1,0,0,-0.6469689866984278,0.3255540475333941,0.21396681550962854,-0.47425642100229515,1.1227579225465028,0.616889227391967,0.6814751049542516,-0.8208727260014197,0.35607295984974324,0.1648163059827619,0.2971103129164881,-0.7873550954212899,-1.072474660981471,1.1139581321825116,-1.2275886054305618,0.6378532834492947,0.6740911551230405,0.9094816554697435,-1.2890243254862828,0.2045801889163758,0.16544611792617958,-0.10309773852499186,0.15421737090102455,0.44576105407440275,0.5016738622697733,-0.2045801889163758,1.2890243254862819,0.9951306592913848,-1.1600669447440433,-0.10023439668020068,0.24027874969456073,0.512807750621665,-0.30852968182446,-1.6882195673050053,-1.482135726645747,0.38782468222872474,0.1400424443303771,-0.1035484832504671,-0.013084607695344815,0.06718251409155555,0.24536400737109418,-0.0012904541294803558,-0.12479618717266176,-0.04195727479570725,0.2860364732784985,0
1.0329145883058024,0.20717554051898904,1.0038746524609323,0.5985369837740325,0,1,0,1,0,0,-0.00340319948767178,-0.40128605041352367,-0.3745195296897717,-0.17509455015246891,-0.3747141134432819,-0.17330026485460037,1.1552454384891777,0.47102046693298116,-0.49938623250793346,1.101197558482416,0.8804462129870593,-0.3023539794727553,-1.112174078274381,0.5395182416351159,-0.6061394195777778,0.48014382214506307,0.52632079105067,0.9664584142678195,-0.06904425348519842,-0.3438975164935092,-1.0673166339189748,-1.2537075371931459,1.165175945738269,-0.9657561712677348,-0.20106466192046232,0.3438975164935085,0.06904425348519772,0.4102278732177254,-0.6347222057676005,-0.2730889752305771,0.007709740790658993,0.22264698661889537,-0.11949971898598452,-0.709509049969999,-0.762349526635866,0.139780294854656,-0.9979532363586869,-1.1658209625447336,0.041654690766301246,0.6376984542170299,0.17767154942198057,-0.44541496736468245,0.6983559190505837,0.5704037944582268,-0.1469716669968365,1
-0.12359721776989524,0.28447883843337485,-0.4445202009343899,0.3052077222492148,1,0,0,1,0,0,0.22373766658671274,-0.4792033089134332,-0.4896581624461761,-0.011915347870745526,-0.7113915366380451,-0.35933242601734633,0.6072756613603226,-0.9528719112450605,0.035817644345155324,0.4356117549441668,0.4938137212497637,0.21230010260400298,-0.46171069022638267,0.3138673237862673,-0.2154006057990132,-0.046382257954189814,0.8492300598377477,0.8628388443864039,-0.06904425348519842,0.3580292690535297,-0.5308190581088298,1.0920630038060342,-0.09557361587407089,0.25359861269812395,0.200412170960962,-0.3580292690535297,0.06904425348519772,0.15955525061472892,-0.3345252120667762,-0.43684594438356456,-0.39282577454383927,-0.05044549714841698,-0.08799472517957138,-0.709509049969999,-0.762349526635866,-0.17027518936292965,-0.5261013687559044,0.9587239960437993,-0.12256320461863823,-0.1532440991387405,-0.0423289389126401,-0.0012904541294803558,-0.28942660841731066,-0.15329565102369538,-0.1469716669968365,1
1.0329145883058024,-0.12780541711001567,1.0038746524609323,-0.4281154315628296,0,1,0,1,0,0,-0.00340319948767178,-0.40128605041352367,0.21396681550962854,-0.47425642100229515,0.14745149687861508,0.05789835851352376,0.42257322321182766,-0.5022457717225464,0.5811290004714696,-0.4604267354467161,0.21744429392706582,-0.7219387649207603,-0.49073098577051455,0.6339117090334789,-0.8359929627215213,0.5935535022377727,0.599241782294884,1.2002469213360476,-0.4863880375980577,-0.5022446364654003,0.04579875706356973,-0.14813131433678733,-0.19795878391383234,1.2162047088958585,0.8891192779276859,0.5022446364654003,0.48638803759805704,0.35452284597261524,-0.9349191994684248,-0.7006766169078218,-0.3153027715758717,-0.06751377738387422,-0.37153966943728567,-1.2804235184154193,-1.2606630497196296,-0.23228628620644656,0.0012624832707351544,-0.17942508891434333,-0.12256320461863823,-0.2051091846046925,0.27921023634565156,0.062155904904119784,-0.28942660841731066,-0.5429799678216537,-0.023255055489598248,0
0.2105061928741954,0.23294330649045036,-1.168717627632051,-0.8681093238500562,1,0,0,1,0,0,-0.38197130961164594,-0.14834569632799627,-0.3745195296897717,-0.17162265223158119,0.024291240361001047,0.018545401344481353,0.479218698190911,-0.11982020815099491,0.6981097519348182,0.4718744056078536,0.555627650288864,0.5601062523480352,-0.8084512088866661,0.020558789289243384,-0.2034376133053102,0.2258341497829913,-0.5189140554932141,-0.2968517548428159,0.6380137621571677,0.13114384342216265,-0.6458231652900287,-0.03934233906110133,-0.7273978765404965,-1.152018173886837,-1.0121611188739323,-0.13114384342216265,-0.6380137621571684,0.27096530510494976,0.11577027848446049,1.0278691685959374,1.002588278879574,0.7176271134471482,0.6051151385615076,0.8401159358104279,0.5664865349208381,0.8219023601333442,-0.5261013687559044,0.12408133374116129,0.5069387276902979,0.028283699992091807,-0.4315605721200442,0.8552353928241243,0.9453015509175579,1.127095675598167,-0.1469716669968365,1
0.544609603518286,-0.4370186087675581,-0.4445202009343899,0.5985369837740325,1,0,0,1,0,0,-0.7100636717190902,0.8808598823648394,-0.1826218084290977,-0.2705717429768815,1.086513328932512,0.886546422538928,0.15058485440404487,-0.9235715964988325,0.5734146799814481,0.6475596040599355,1.5952779894912976,1.4604933932335675,-0.6510810209671355,-0.5109462330377899,-1.2776412304301352,-0.05881182902183309,0.3046381123063085,0.50631192580209,0.3041828515459622,1.6902539477607814,-0.7199233614461537,-0.012281936720513639,-0.8429772934159027,-0.57273731062452915,-1.5796244666918713,-1.690253947760782,-0.3041828515459622,-0.28608496734615396,-1.009968447893631,1.0733572155828786,0.8733832739329616,0.9736513169790033,1.109195039464111,0.5138790966987595,0.40038202722625016,1.2559800380379649,-0.9424412519348303,-0.5588081172337243,-1.6643867779550168,-1.7480954772167696,-1.8023328455895995,-1.4922798914190887,-0.9479482933959068,-0.26463402725168356,-1.6315710050837011,1
0.5960101282327613,0.7740663918911503,-1.6032360836506476,-0.13478617003801185,1,0,0,0,1,0,-0.7605394197356201,1.8402888116547709,-0.31055362260288033,-0.2161786755496404,1.2851378141580372,1.5823782561188144,-0.17797937952985082,-0.10255308484173262,0.29109649942985627,-0.07265600311477251,0.0580715902458466,0.7916895285887859,0.3617654245857733,-0.727564491074071,-1.3973052498092868,1.6211392764234351,-0.16950202320446964,0.6394853371653186,0.3586118043630053,0.7241032714020105,-0.47948920711557536,-1.2590323976663649,1.231149964218668,-0.06992173185743616,0.5488370545887135,-0.7241032714020105,-0.35861180436300605,-0.6203151308168162,-1.2351161931692491,0.427426948368315,1.248077788278137,1.1101975588626602,-0.4660546508565234,-0.13859458152457876,-0.319404172783631,0.7598912632898273,-0.6093693453916895,-1.317574173872486,-0.8159276517994943,-0.127311556405765,-0.14386762583630988,-1.0481553781838862,-1.3595243465075295,-1.266679413303576,-0.45626319576493324,0
-1.2030082367738797,-0.41125084279609675,2.452269505856255,1.0385308760612593,0,1,0,1,0,0,1.1449200678883833,-0.6158492473274538,-0.5536240695330674,0.07777534841885421,-1.2476708508209393,-0.5337375771074206,-0.874756243978183,0.7749940798538651,0.7261749775820924,-1.5193451302409133,-1.0603536658038009,-1.8241588088087184,-0.20026089298148314,-0.5568966834338144,0.16956648206137498,0.3566321033214039,-1.0132375366267297,-1.6658678422032378,-2.7148097313727666,0.2045801889163758,0.6599252468060599,-0.8938357168780816,-0.6343246509913922,1.0478282541601034,-0.24788401565628387,-0.2045801889163758,2.7148097313727657,-0.8988402670423681,-0.5596729573423944,-2.056220417118665,-1.6073528210419945,-1.8255466416359454,-2.2933442916284594,-1.85133798686084,-1.0945585420250417,-2.340663578886029,0.3343343898138759,-1.0140677512169813,-0.8159276517994943,-0.9830854665939747,-0.5669454880182719,-0.9529858396334858,-0.12479618717266176,-0.04195727479570725,-0.7036964187794109,0
0.8273124894479005,-0.30817977891024867,-0.4445202009343899,0.3052077222492148,0,1,0,1,0,0,-0.6974447347149578,0.875045161581264,0.57217589519622,-0.5222843422412421,1.5163003640236716,1.076603317957599,-0.4505836286846406,-0.18843420523715648,1.204206335577252,-0.9542152725070215,0.8931749931789512,-0.003839617732232731,-0.6832677987124025,-0.43870723214320684,-0.8533567897842114,0.4274293226945582,-0.37673117439662485,0.12704040183645793,-0.663442976312604,0.6527578856825103,0.18819640687981506,-0.5962422384494601,-1.2166651537038526,0.9155230886355463,-1.0371410092542903,-0.6527578856825103,0.6634429763126033,-0.3417899945912644,-0.7097714541928067,0.391036510778763,0.5632912620610914,0.3762615087380082,0.29006520049738066,-0.46483142063624716,-0.2086678343205727,0.44983577907224165,0.08453045990652028,-0.6346847228976005,-0.2959043164138529,-0.8534227529290943,-0.48232991558187904,-0.7309235830158842,-0.37174181903963527,-0.09762646290970158,-1.0748462533011267,1
-0.38059984134227254,1.3667250092347738,1.0038746524609323,1.0385308760612593,1,0,0,1,0,0,-0.3062576875868511,-0.20649290416374969,-0.6687627022894718,0.3265946994158083,-0.6890749195677589,-0.41120677864926586,-0.7968736138400241,0.6000990295205584,0.3711796285191025,-0.9022672146326152,-0.9174371405016247,0.03163797304607983,1.191607744753416,-0.10482345636904962,-0.43261645222879236,1.110063444500316,-0.45683461611211124,-0.2557905507016836,-1.0618771407249559,1.0963072413460702,1.0033337955922812,-1.2570404157711565,0.6080917208355644,0.7659154122539937,0.942983527852065,-1.0963072413460702,1.0618771407249543,-0.17467491285593337,-0.4846237089171882,-0.2912841940253525,0.3048812521678669,0.10316902497069583,-1.0646495331783645,-0.5463906304141645,-0.09793149585751397,0.015758101167622184,0.9449662184763004,-1.1658209625447336,0.05990112358685037,0.36540675552078095,0.6684418695530556,-0.1916295312302808,-1.6887851889968277,-1.545025353873546,0.47161139053935697,0
-1.2287084991311177,-0.10203765113855341,1.4383931084795292,-0.4281154315628296,1,0,0,1,0,0,0.8799223908016013,-0.5850312271745045,-0.438485436776663,-0.0842465545559066,-0.9435174115218722,-0.3848224096382033,0.7595755896758193,0.5009391094266066,-0.40670993031270053,1.148008808693332,-0.0066409568193530446,0.8301566701025744,0.561243814884644,0.39983334480446164,0.3891360083783315,-1.5498231300641208,0.456831739610609,-0.5137378037705869,0.03622492998512883,1.0963072413460702,-0.6566995805281984,-0.2977267379259988,-1.001436681740782,-1.0978993041940557,-0.49293140531953605,-1.0963072413460702,-0.036224929985129536,1.2365191106868627,1.4416403339964352,2.9019767044579075,1.3428281252389862,1.5027680042781708,2.904979686429634,1.9547584694419635,2.1352513298141695,2.930279652812927,-0.6926373220274746,-0.4070549059059717,-0.43275256256796935,-0.8534227529290943,-1.176177609560296,0.7917890337905242,-0.7833178721512579,-0.3759724034796717,-0.332546584257695,1
0.72451144001895,0.20717554051898904,0.27967722576327125,0.5985369837740325,0,1,0,1,0,0,-0.2810198135785862,-0.22102970612268805,-0.4128990739419065,-0.1345890744087787,-0.16194115617349392,-0.06597401802993927,2.2836958867096593,1.1832491886311787,-1.4187248726190844,1.5551766201837545,0.7125856020179414,-0.23158645657433663,-1.245114393766341,2.0447203645061243,0.40913749901817176,-0.6421505410510697,0.9751901373352088,0.6538520197574439,0.454702424768406,-0.7668246343931154,-1.1324742257821363,-1.2141816803070544,1.294145063440633,-1.1339614352638507,-0.28803694686692194,0.7668246343931154,-0.4547024247684067,1.8585585815905954,0.340918023760079,-0.09113678728281299,-0.40574627503850064,-0.01630893667750248,0.4475901695294441,-0.6279498401920818,-0.8730858650989243,-0.23228628620644656,-1.0812212129944723,-1.1658209625447336,-0.1681792866700104,0.5080357405521495,-0.008482709938082702,-0.635754044465484,0.8629863402952329,0.514734606344233,-0.5799798072721716,1
-0.2263982671988458,-0.7204640344536393,-0.4445202009343899,0.5985369837740325,1,0,0,1,0,0,-0.5838743016777656,0.10168729736574346,-0.7966945164632545,2.5225701343772986,-0.923865887798175,-1.8712909281597596,-0.14361966981007285,-0.31646895114876145,-0.6181114227319794,0.337587355643324,-0.030156890092627155,-0.5570843666810008,0.1573028976758111,0.6396999004943595,-0.774321339901281,-1.3636373778233901,1.4675558390518135,0.3663604404332636,0.13830413819877924,-0.8969649934967807,0.8388872501812594,-0.34133455290199144,-0.5253450342952712,0.9991445103771246,0.39688509789250503,0.8969649934967807,-0.13830413819877996,0.7166055230658329,-0.6347222057676005,0.381938901381374,-0.4186667755331612,0.15437386567706757,0.9201650766256344,0.4323198869208419,0.40038202722625016,1.0079356506638961,0.9449662184763004,-0.17942508891434333,0.4978155112800227,0.13201387092399572,0.5330569536548284,0.506280418139323,0.36909507656128593,-0.04195727479570725,0.5334696962929761,1
-0.020796168340944693,0.20717554051898904,1.0038746524609323,-1.161438585374874,1,0,0,1,0,0,-0.785777293743885,2.645627640179956,-0.4001058925245282,-0.1450047681714419,1.4350827726849007,2.146735437338491,0.8731394373123363,0.11857337065296344,0.016367721777651948,1.0703960019073666,0.8275938379386467,-0.7736985247701657,-1.1246477134653747,1.2376837051008283,-0.14864906863680602,0.41259299857250814,1.0248148786010511,1.0367614445074953,-0.3979084468072301,-0.6605917564372907,0.022557332801124274,-0.3116590461594165,0.39224094925630143,-0.4298470514420318,-0.06371676020695548,0.6605917564372907,0.39790844680722937,0.9951306592913848,-0.25947596364157,-0.38226028799923456,-0.12149526415595328,0.2909201075607231,-0.43454965705011084,-1.4435419379712537,-1.482135726645747,-0.17027518936292965,0.3065783976019474,0.04820472807728505,1.182056742050605,1.234146937075479,0.9561348158367899,0.728342674756924,0.8629863402952329,0.5704037944582268,1.0283361423219313,1
-1.074506924987691,0.5421564981479937,1.0038746524609323,-0.4281154315628296,1,0,0,1,0,0,-0.20530619155379135,-0.2646401119995031,-0.7327286093763631,0.8792051184904389,-1.0707561904610863,-0.882995071982672,0.5248056876062189,-0.15025339744789531,0.059106286134892536,-0.3020351184229279,-0.27905097589189487,0.6442576593934884,0.7491810042384588,0.2774721839655348,-1.2023506326156341,-0.01982808376793121,0.11703100939657327,0.15833805198179318,1.0299022224398868,-0.14275387761029457,-0.4525081469400206,-0.9982609658574787,-0.10072558519236582,0.5240759049010626,0.5173662252092994,0.14275387761029457,-1.0299022224398875,0.5494904413305014,-0.9349191994684248,1.0460643873907127,0.8733832739329616,0.8883099158017184,0.8256500952063961,1.4925896140337656,1.009431888773073,0.6358690696027934,-0.22078545442469194,-0.7105613285614767,1.099947794358136,0.8710913388138142,1.0576735027604598,1.0138512904081252,0.28677986593896093,0.23638866577426285,1.275769365336409,0
-0.4063001036995106,0.7740663918911503,1.0038746524609323,-0.13478617003801185,1,0,0,0,1,0,-0.5333985536612357,0.07552105383965442,-0.31055362260288033,-0.2161786755496404,0.37257190272799634,0.225148426481954,1.1610095892585086,0.18112849258536332,-1.3197390429584699,0.8966368479183142,-0.44857371732192475,0.5033075414566605,1.1206278413606572,0.9319949878137042,-0.9376185163632751,-0.6410466377236113,1.2713995024626072,-0.09345374749726743,-0.007768161614413057,0.6941558255444424,-0.6831736855095114,-1.187890187123193,1.1599374346337148,0.04939944760178998,0.4919284067140727,-0.6941558255444424,0.007768161614412348,0.49378541408539117,-1.0850176963188372,-1.0099953364190213,-1.1422148032341901,-0.6649035856248688,-1.0646495331783645,-0.13859458152457876,-0.1532996650890431,-0.9764194483286528,-0.8314172830871166,-1.317574173872486,-1.1443634425693747,-0.46443461193445323,-0.4146374576327655,-1.3336639938350878,-1.4418395571298541,-1.378017789531564,-0.76555472453303,1
-0.1749977424843705,1.0832795835486928,0.27967722576327125,0.5985369837740325,1,0,0,0,1,0,-0.6091121756860305,0.1801860279440106,-0.579210432367824,0.10092133455810576,0.12079695862464888,0.060581514684140296,-0.3244710821659036,-1.004457468459176,0.5697820418894685,-0.7358915351781311,-0.5170364285556726,-0.3657110436710279,0.5217362820061107,0.8407748532201802,-0.6781088853901949,0.9122619595432448,0.811942408853089,0.6834321697805797,0.9676977049346941,-1.4585370472760366,1.2912772650432882,0.699334803060807,0.13782415205867457,1.799250182133341,1.3394111739927046,1.4585370472760366,-0.9676977049346949,1.217950768271826,-0.3345252120667762,1.237114184735866,1.5969313016339897,1.9294750101645959,-0.08799472517957138,0.8401159358104279,0.40038202722625016,1.3179911348814817,0.9727222106882286,0.4275877563966659,-0.5331079430809875,-0.38663698373552574,0.31305646532020776,-0.5405845059150832,-0.4540570296619595,-1.0440026608476,-0.3944048900113141,1
0.4161082917320974,-0.30817977891024867,-0.15484123025532542,1.478524768348486,1,0,0,1,0,0,1.0692064458635884,-0.6059642219953757,-0.7711081536284979,1.6603821506901784,-2.0331124839114367,-1.7492073223967077,0.09394553059539891,-0.2829204517419312,0.1072699280957892,-1.3064759190793032,-0.5063870867697635,0.5294130389697983,1.5103684129581372,0.05925263403032005,-0.49908481321505044,0.2750669095040408,-0.47289315070444443,0.25878684156065196,-0.042827790168833695,0.7645323233097278,-0.0714290134100765,-0.1116550108619987,0.129774131429129,1.2960519265770227,0.9109829956091665,-0.764532323309727,0.04282779016883299,0.10385022336961848,-0.40957446049198204,0.21818193222838655,0.33072225315718967,0.12023730520615308,0.5106001571422693,0.8401159358104279,0.954063719541543,0.7598912632898273,-0.3040534310604773,-0.4070549059059717,-0.9527758979536108,-0.7496925819971905,-0.24540631275998087,-0.857816301083085,-1.6887851889968277,-1.6563637301015341,-0.6418381130257917,0
1.3670179989498932,-1.235819353882877,1.0038746524609323,1.478524768348486,1,0,0,1,0,0,-0.6469689866984278,0.3255540475333941,0.8792122492132983,-0.5795706579358897,1.4399409287384703,0.6982782979006683,0.4516960582649976,-0.9069170721674475,1.4761615598624265,0.20037461160565997,1.2076460297309475,-1.0337376116343195,-1.8744982635896419,0.8848818595995288,-1.1546229938413919,0.43316577552015423,0.7056622813889059,0.9316012217074273,-1.1334326641296226,-0.2857700927063598,0.2560691633482416,0.08809617483327406,-1.5826724739873077,0.42902946558233335,-0.6604717127474413,0.2857700927063598,1.133432664129622,0.8001630639334981,-1.0850176963188372,-0.054746349693259644,0.17567624722125458,0.4616029099152932,-0.08799472517957138,-1.6882195673050053,-1.5375038958772762,0.2638024885416898,0.9965130611555962,1.0129215715179964,2.751249964617807,1.2137713677852842,1.345366449044194,2.631733445764935,2.3799380789066427,2.399534261060888,2.548283083696578,1
-0.2263982671988458,1.3667250092347738,-0.4445202009343899,1.0385308760612593,1,0,0,1,0,0,-0.5838743016777656,0.10168729736574346,-0.6687627022894718,0.3265946994158083,-0.2006745132716574,-0.17419465024480588,-0.245260014282245,0.16924051690140934,-1.3358094777143688,0.1764291404182075,-0.7735065675062252,0.6264838289614622,1.3202657115333598,0.607230680052198,-0.895231365656751,-1.4619688777396231,1.1258616571187308,0.11743419238591318,-0.05671543019588151,0.910698895591472,0.9477777608774791,-1.1291110503396193,0.3569585755307071,0.8780407603668402,1.120248053142512,-0.910698895591472,0.056715430195880795,0.5216379277079463,-0.8598699510432187,-0.11842961547497735,-0.8450432918569822,-0.40887938209301433,0.6051151385615076,0.18764225758709038,0.2342775195316623,0.5118468759157585,0.8061862574166584,-1.0899443568808573,-0.17730250308028428,0.028283699992091807,0.38074892326932136,-0.033013633646279864,-1.7711003996191523,-1.712032918215528,0.16231986177126023,0
-0.4063001036995106,-0.02473435322416849,1.0038746524609323,1.0385308760612593,1,0,0,1,0,0,-0.5333985536612357,0.07552105383965442,-0.8094876978806327,2.6354068168061495,-1.1907743066096774,-1.9786171749844208,-0.032179095609733706,-0.6961840379506617,-0.7756361921018287,0.3032940181637458,-0.4888291763640042,1.2461541640236675,1.3258653768457578,1.0183285184756112,-1.13315829117975,-0.4761825110512911,1.361109211136873,0.3413898545124671,0.8847583482611033,0.8221130942085976,1.0622476728332713,-0.17963866013279384,0.5818031578292011,0.9399219427925567,0.9688026169416061,-0.8221130942085976,-0.884758348261104,0.577342954953057,-1.2351161931692491,-0.973604898829468,-1.0388507992769007,-0.5283573437412127,-0.8756195703398886,0.18764225758709038,-0.2086678343205727,-1.1004416420156866,0.77843026520473,-0.3311783002420958,-0.5239847266707137,-0.16621037050522874,0.2115177783965368,-0.667477223982284,-1.5241547677521787,-1.4336869776455579,-0.20882997275045564,0
-0.1749977424843705,1.3667250092347738,0.27967722576327125,1.0385308760612593,1,0,0,1,0,0,-0.6091121756860305,0.1801860279440106,-0.6687627022894718,0.3265946994158083,-0.1313180925167232,-0.11382363640593401,-0.09751838426327208,0.5966569508879797,0.5503969982704273,-0.15630848362902283,-0.30045364873021024,1.3888433035198566,1.0931964550018065,1.0179134393710232,-0.4744645530214669,1.0543862912043962,0.9019369822254774,0.7455957783451012,0.9676977049346941,0.9344658179137063,1.1526888020900805,-1.2942385635324527,0.30714540298987236,1.1055079495090054,1.118533617467588,-0.9344658179137063,-0.9676977049346949,1.5243284181199328,-0.03432821836595151,1.5373352948496766,1.9587053154845036,2.339113735815564,-0.08799472517957138,0.8401159358104279,0.40038202722625016,1.5660355222555504,1.1670141561717275,-1.1658209625447336,0.269735101023162,0.39133929825375646,0.8376730144258402,0.15732544345452057,-1.6887851889968277,-1.6006945419875402,0.5334696962929761,1
-0.020796168340944693,-0.17934094905293926,1.0038746524609323,0.3052077222492148,1,0,0,1,0,0,-0.785777293743885,2.645627640179956,-0.630383158037337,0.18193228604548617,0.9787998169698778,1.8940715646054342,0.007456658212154934,0.2299310714755186,-0.3729313039089384,-0.08562519636027992,0.06430493194269196,-1.303028992034061,-0.7074432732694869,1.151265113204883,-0.21735924051560446,0.8065691104762533,1.0077293730844776,1.151136434071767,-0.8293216896597884,-0.9546649792422314,1.1399618714120792,-0.5333333271072752,1.3203337565163062,1.1149213123466961,1.0402611164225568,0.9546649792422314,0.8293216896597884,0.8001630639334981,-0.40957446049198204,-0.6824813981130464,-0.19901826712392082,0.20557870638343811,-0.8756195703398886,-1.6066603575270884,-1.5375038958772762,-0.17027518936292965,1.5278420549267964,-0.17942508891434333,1.2276728241019772,1.8305954199339287,2.293060860331788,-0.4136917878478824,0.4514102871836102,0.013711913318286572,1.3376276710900281,1
-0.8432045637725518,-0.8235350983394863,-0.15484123025532542,1.7718540298733036,1,0,0,1,0,0,0.5896868397065544,-0.5303728518088963,-0.6431763394547153,0.265836485800273,-1.258191765263314,-0.613337876835711,-1.0063268227728621,0.11324082641465105,-0.19092644791961805,-0.7533442832001083,-0.7977259636862944,0.18219031340020359,1.3286318616388824,-0.16709085329856815,0.17217541017867993,-0.1250611062001535,-0.5568685642237402,-0.8174466291848013,-0.38485180389618157,0.6301771912123648,1.232366731932208,0.017054958163407522,0.1353284994959355,0.46553818901856675,0.23900529186839356,-0.6301771912123648,0.3848518038961809,-0.09111737198826762,0.26586877533487285,0.3182556355996563,0.2015172482105774,-0.03337721691295973,-0.05648973137315825,0.8401159358104279,1.1755363964676604,0.20179139169817292,1.63886602377451,0.4275877563966659,1.2550424733328,1.143383037510063,1.294597105582359,0.6014499566897238,-0.4540570296619595,-0.2089648391376897,1.2139110595827887,1
-1.074506924987691,-0.2051087150244015,1.7280720791585935,0.3052077222492148,1,0,0,1,0,0,5.271312468239702,-0.7792429013459209,0.11162136417060241,-0.44821718659563714,-1.230002422962584,-0.25290056458289073,1.3905717767590693,0.49371229522223153,0.04350352519556711,0.2061291617242594,-0.1595259828846358,-0.8407064570716105,-0.4105563121182086,1.1243669166251362,-0.27371289582843195,0.16932308511855443,0.10375666944746965,-0.21723374976218496,0.03622492998512883,-1.1825507815298206,-0.8101697307732008,-0.9518351897305468,0.11068259476900862,-0.17558386181695998,-0.004694884835206365,1.1825507815298206,-0.036224929985129536,2.248493772306368,0.641115017460903,3.0839288924056714,2.7339353451641775,2.663411060289247,1.550264952753888,1.0847935651441794,1.1755363964676604,2.806257459125893,-0.6371253376036178,-0.7105613285614767,0.8627441676909999,0.7932937106148858,0.6684418695530556,0.6331731362065233,1.1922471827845313,0.6260729825722207,0.40975308478573785,1
0.18480593051695732,0.10410447663314094,-0.15484123025532542,-2.334755631474145,0,1,0,0,1,0,0.6780193987354818,-0.5460725979245497,0.4954168066919504,-0.5095540498646537,-0.0929610013090285,-0.026173868165794107,0.041340035805265934,1.0376042629242463,-0.9376140830852809,-0.6579597925650665,-1.3551003211157562,-0.8780362611006719,0.39468425947791336,-1.2023366155983595,0.04935952688737411,0.41071532797676175,-1.8419821073029699,-1.7911280317787686,-0.6655696264837223,-0.5374328853480426,-1.2588449057209454,-1.3746971234890277,1.6944791572167102,-0.9376166950087702,0.013008876548249889,0.5374328853480426,0.665569626483721,-1.17736540326792,-0.10937746679115769,-0.45504116317834126,-0.18609776662925942,-0.8867912286858101,-0.9701345517591269,0.6769975162545934,1.1755363964676604,-0.728375060954584,-1.2724291593433121,-1.4440351833122795,-1.009542577839764,-0.10137901367278856,-0.4597657629321745,-1.3512879824555324,0.7989633987000918,0.5704037944582268,-0.9373833516264187,0
0.8787130141623758,1.2378861793774645,-0.8790386569529866,-1.6014324776621007,1,0,0,1,0,0,0.04707254852885811,-0.41000813158888666,0.32910544826603294,-0.48004291753710804,0.17571936246862818,0.055662395038009994,0.4730548500515447,-0.14407316662679728,0.030255550047173275,0.9348455721530977,0.26476217322646367,-0.9426949283623264,-1.0653622572780512,-0.020419071121548234,0.131594240303018,-0.7601555399910778,-0.062372741104557775,-0.6231386619551955,-0.6772662024248698,-0.614019074092617,-0.6781967797026011,0.3295731637626698,-0.8052433590516352,-1.3247637991607721,-0.9525774114772596,0.614019074092617,0.6772662024248691,0.24311279148239442,0.491016520610491,1.091552434377654,0.47284775859846334,0.4274663494443799,0.9201650766256344,0.35076067714292497,0.7879592118469556,1.069946747507413,-0.7203933142394032,0.12408133374116129,-0.48749186102961545,-0.8015576674631424,-1.2100238385348534,0.31594134103852145,1.1099319721622063,0.848749735028197,-1.136704559054746,1
0.8016122270906633,-1.5192647795689571,-1.168717627632051,-1.6014324776621007,1,0,0,1,0,0,-0.11697363252486404,-0.31115787826810587,0.08603500133584588,-0.4343295949120862,0.16051946265190678,0.09635693029236066,0.21462555252494728,-0.9750764481592077,0.7999174793792129,0.6493009396864308,0.9605425520564354,0.11191233941683758,-1.2135510260467726,0.08312416490721079,-0.37967158751403496,-0.2522558918936672,0.8007725279241285,0.6616042663187193,0.2181716668474219,-0.06374491962016399,-0.21538536919804918,0.9579763642278988,-1.3470068355932323,-0.08313134896648315,-0.6028245659331156,0.06374491962016399,-0.2181716668474226,0.02029268250195297,-0.40957446049198204,-0.19121049065408274,-0.28946177058654887,0.03489590402886805,0.1325402314653172,-0.709509049969999,-0.8730858650989243,0.015758101167622184,0.08453045990652028,1.4898602356909325,1.3371514210252706,0.31354167005482897,0.2622871218583729,1.7434844192945298,1.1099319721622063,1.1827648637121608,0.7809029193074537,0
-1.280109023845593,-0.10203765113855341,-0.4445202009343899,1.478524768348486,0,1,0,1,0,0,1.006111760842926,-0.5972421408200127,0.40586453677030254,-0.49393050922065895,-0.2670319440674912,-0.0776010281026109,-1.9025631647070085,-0.7128352317085707,0.8191903099722901,-1.9284059573248873,-0.989505010512269,-0.30442175062173443,1.2204423603308239,-0.8752877049946636,0.42101935541326074,0.03920236875660847,-1.7460272717117131,-1.4643614883776768,-0.3409010336930824,-0.07709346503402185,1.770983232417428,1.4001566742652212,-1.0804659968315924,0.8738212836570141,-0.1432590029352395,0.07709346503402185,0.34090103369308167,-0.8709877534198129,0.26586877533487285,-0.31857702221751816,-0.25070026910256554,-0.9038595089212672,-0.37153966943728567,1.247911984700014,1.6184817503198954,-0.29429738304996345,1.9040899493551593,1.5910290432427672,0.5718149332744714,-0.11578598185777568,0.23596227710038364,0.6578467202751461,0.6160407084282594,0.63225844791822,0.7809029193074537,1
1.1871161624492292,-0.8235350983394863,-0.15484123025532542,-1.6014324776621007,1,0,0,0,1,0,1.3089662489421054,-0.6338748817565374,2.887741731741686,-0.7196038740783615,0.34704910614457757,0.06863098319598987,-0.16528700089169865,-1.6443920532985312,-0.8657769214975392,0.6861733863258296,0.5668371633746931,0.5240681609129053,-0.504001040314345,-0.6465716871083578,0.006893244703926365,-0.6172920078551968,-0.4297324032361196,-0.35503347558191645,-0.974766068754056,1.6815275852364984,-0.4162112131652385,2.263885200274826,0.5632271189055157,-1.3530912716438428,-1.0835371610308864,-1.6815275852364993,0.9747660687540554,-0.5924626171942612,0.04072103005925432,0.11810822885711679,-0.22485926811324272,-0.3747428216220998,0.6051151385615076,-0.46483142063624716,-0.04256332662598434,0.3258135853852078,-0.6926373220274746,1.1863538130354276,-1.5092920989803518,-1.047916823426415,-1.430024326869473,-1.4922798914190887,-0.8656330827735822,-0.15329565102369538,-1.136704559054746,1
1.0329145883058024,-1.6481036094262664,-0.15484123025532542,1.478524768348486,1,0,0,1,0,0,-0.2684008765744537,-0.22917031521969353,0.21396681550962854,-0.4707845230814074,0.39956654801998714,0.1875842400933226,-1.9981830650578318,-0.24198375567606534,-0.5594035278066837,-1.1045244950666364,-1.1523955098645176,-0.40928335162456125,1.3275286443689385,-0.44766257477085997,-0.9399875291439954,-0.36894536079378415,-0.4984663569379405,-0.49772408271021584,-0.4019224822967764,-0.1595918522639314,2.331223023068114,-0.6095285728648173,0.3939688559980528,0.9978706280137609,1.0122399098714752,0.1595918522639314,0.40192248229677574,-0.6203151308168162,-1.0850176963188372,-1.0008977270216337,-1.0130097982875779,-1.1257471519822078,-0.5290646384693491,0.02452383803125581,0.2342775195316623,-0.9144083514851348,2.8323736888874302,-0.2553016945782196,1.2550424733328,1.298978293907919,1.7007518532770418,0.728342674756924,-0.37174181903963527,-0.48731077970765985,1.3376276710900281,0
-1.3829100732745436,0.2587110724619126,-1.168717627632051,-0.8681093238500562,1,0,0,1,0,0,0.07231042253712305,-0.41640432445081954,0.46983044385719386,-0.5066608015972472,0.23076484661749921,0.07131413936660641,-0.035555541233933605,0.34759951823739205,0.47119784256174724,0.6645315778859194,1.0530610649871472,0.12487155569360289,-1.254271319499514,-1.0828235921829374,0.28206190491055494,0.5225092292927003,-0.9891751260451109,-0.8586687459176742,-0.270149897892672,0.43824128821613356,-1.032503729184358,-0.19452782308614022,-0.11907185116188586,-1.8785884121079712,-2.2073538632432372,-0.43824128821613356,0.27014989789267135,-0.8988402670423681,0.641115017460903,1.0642596061854894,1.2093162867941527,0.683490552976235,0.1325402314653172,1.0032343553662626,1.2862727349307197,0.7598912632898273,-0.9979532363586869,-0.2553016945782196,-0.23204180154193166,-0.2569742700706454,-0.9561771212256767,-0.826093121566285,1.1922471827845313,1.6281183686241134,-1.0748462533011267,1
1.2128164248064663,0.7225308599482267,0.5693561964423357,-0.8681093238500562,1,0,0,1,0,0,0.6149247137148194,-0.5361875725924716,0.38027817393554597,-0.4858294140719209,-0.12335267103613727,-0.03690649284826022,1.4362420261515192,1.0740209654467605,-0.9908539609313579,1.316303030277675,0.3264916353811389,0.8530616894547614,0.10375078149475445,0.9037443160768887,-0.3145255979180473,-0.4838520406406008,0.5236438935272975,-0.0188778640506971,0.4513710056427588,0.7158101325491454,-1.09411882724154,-1.7892123204375028,0.8683059200664599,-1.2590041519766222,-0.442885676205755,-0.7158101325491454,-0.4513710056427595,0.8837206048011639,-0.25947596364157,0.1272058382545045,-0.1473362651452761,0.06903246449978255,0.1325402314653172,0.2692014673650073,0.06817301183707392,-0.046252995675895824,-1.053465220782544,-1.6969572021918669,-0.23204180154193166,0.2357440418559006,-0.29617565622181696,-0.3819686083310823,-0.5363722402842841,-0.26463402725168356,-0.45626319576493324,1
-1.5628119097752085,-0.5400896726534062,0.5693561964423357,1.0385308760612593,0,1,0,1,0,0,9.157945065512502,-0.8083165052637976,-0.7071422465416066,0.6708912432371751,-2.7692539906554976,-1.1401308716667558,-0.7387920320774737,0.8828891580713686,0.9194361212370271,-0.4648880401640556,-0.9407132260897086,-0.6950333781603932,1.3789524487880287,-0.8752877049946638,0.9281870152246904,2.0218228932068945,-0.5727858766869112,-0.8106945357240407,-0.6392523306161405,-0.31393995325558316,0.15273114316560343,-0.2819557012304038,0.7748370447930156,0.060069079754298545,0.43148784100804954,0.31393995325558316,0.6392523306161398,-0.20252742647848845,2.81754322179188,4.448570302013903,5.434319948548374,4.745741249015002,-0.24551969421163483,3.857806697593365,4.995940073443184,5.100668042336026,0.41760236644966076,0.04820472807728505,1.0725781451273115,1.3638096507403592,1.3115202200696365,0.37938770007212164,0.36909507656128593,0.23638866577426285,1.1520527538291696,0
-0.5348014154856993,1.5986349029779314,0.27967722576327125,-1.8947617391869185,1,0,0,1,0,0,-0.21792512855792381,-0.2640586399211456,0.44424408102243734,-0.5031889036763596,0.471317577299314,0.18579546931291158,0.8528365318171333,-0.6184658456256467,-0.5119414391697533,0.6734657648583018,0.9961193590274108,-0.5223684468944956,-1.482373256828082,-0.1840172878127426,-0.2638135185605079,1.0365513143530045,-0.7262606794344372,-0.13377334937463126,-0.7768887630270574,0.05806055728129157,-1.3697578636076928,0.584581190864834,1.741475203781883,-1.6299564576057675,-1.425607591436934,-0.05806055728129157,0.7768887630270568,-0.5367575899491508,-0.7097714541928067,-1.5740471190570904,-0.9096457943302884,-1.1086788717467513,-1.5057194464681423,-0.8726274695258333,-0.6516131881728072,-1.3484860293897554,-1.2477571662660425,0.7310941790521709,0.4704458620491997,1.3508433793738719,0.4822876101929924,-1.3653871733518879,1.6861384465184783,1.9064643091940836,-0.08511336124321738,1
0.10770514344524394,0.8771374557769975,-2.327433510348309,-0.8681093238500562,0,1,0,1,0,0,0.5013542806776271,-0.5146731056932429,0.03486227566633282,-0.4053971122380218,-0.28444803580624894,-0.08252014774874118,-0.8555008263303845,-1.177046686467984,1.5894271242736515,-0.7382639369701414,0.36916706055343257,0.8681109116767491,0.6954102153291408,-1.2864433270402587,-1.3702380169931967,1.329039931917287,-0.8336762129802116,-0.031080769767343017,0.288491621905012,0.8978772664439514,-0.09580429046770562,0.24285915100691213,-0.837243165551482,0.17068788802313653,-0.5102795813292891,-0.8978772664439514,-0.2884916219050127,-1.3166279713806959,-1.4602639384448675,-1.1919475243667854,-0.43158727602782254,-0.71610842633123994,-1.3166894836296663,0.35076067714292497,0.2342775195316623,-1.0384305451721696,0.08453045990652028,0.5034643620605421,0.7806352199985308,0.1838789563899486,0.24536400737109418,0.6966194952401235,-0.12479618717266176,0.3477270420022505,0.8427612250610729,0
-1.6399126968469209,1.1863506474345409,1.4383931084795292,-0.13478617003801185,1,0,0,1,0,0,0.22373766658671274,-0.475714476443288,1.3141804174041594,-0.628177228828318,0.4527733324867419,0.11961095043770391,2.5694841604112892,-0.32473055520968735,0.7167464465177943,1.2054617669537748,1.458125146453667,0.8543532386304007,-1.0611375515717345,2.867116792752211,-0.5835184071450611,0.33724762522824414,1.2436482092077603,1.503567960046579,0.328888191831712,0.8390486150612049,-0.7081409561202396,-0.13885305260504502,-0.6409150642205215,-0.3953208016404201,-0.4276926362477347,-0.8390486150612049,-0.3288881918317127,3.0005116401153575,-0.40957446049198204,0.5365982611369737,0.6408142650290589,1.1614023995690306,0.5736101447550955,-1.0357458890816678,-1.2606630497196296,0.7598912632898273,-0.6926373220274746,-0.17942508891434333,-0.14993285384946126,-0.4514683405679659,-0.5669454880182719,0.31594134103852145,-0.4540570296619595,-0.09762646290970158,-0.023255055489598248,1
-0.8689048261297889,-1.3904259497116478,-1.6032360836506476,-1.161438585374874,1,0,0,1,0,0,1.3342041229503703,-0.6338748817565374,0.06044863850108935,-0.411762258426316,-0.584546392367789,-0.1692755305986756,-0.1325179925614292,-0.7113311784661366,-0.10456092354118245,-1.2597900319745032,-0.6079844547037856,0.14351064263369462,0.8190167350928893,-1.3206565489473194,-0.7891876121367734,0.46981963057800014,-2.5834661075848855,-1.6392262956755845,0.06512235289855199,0.13114384342216406,-1.1353149683844235,0.18573354086445135,0.6150617047909152,-0.8598257104473124,-0.809975860476923,-0.13114384342216406,-0.0651223528985527,-1.2370493610305382,-0.7204927753964075,0.0687212064141521,0.3030354663829155,-0.7892581987689126,0.02452310984333123,1.4110304042558486,1.5156551503184832,-0.6575052359905647,-0.9424412519348303,0.5793409677244183,1.1638103092300558,1.3508433793738719,0.854596128913119,0.030432725387320277,1.1922471827845313,1.4054416161681371,0.7809029193074537,1
1.2128164248064663,-0.5400896726534062,0.5693561964423357,1.0385308760612593,1,0,0,1,0,0,0.6149247137148194,-0.5361875725924716,-0.7071422465416066,0.6708912432371751,-1.4990231241742387,-0.9308446903586667,0.33314316577202063,0.0382084701888875,-0.7145298950258687,0.00889972674206485,-0.5197607359974493,0.2168372210476083,0.48883584387092516,0.6997136071724123,-0.2573392251611553,-0.45109157627407626,0.25676077964374455,-0.042599329892711056,0.5791922973583978,-0.2786957612109654,0.23590191020290227,-0.3102391109779274,0.5234827723438696,0.24257663722361636,0.6341244582267901,0.2786957612109654,-0.5791922973583985,0.8001630639334981,-0.10937746679115769,0.4547197765604794,0.13691474573727128,0.2397152668543526,0.5106001571422693,0.5954383064766764,0.34501385799472056,0.3258135853852078,0.3898463742377325,-0.1035484832504671,0.6529101902546883,0.8451587960808378,0.9053654723749538,0.41111087958892223,0.03983423407198747,-0.09762646290970158,0.8427612250610729,0
0.18480593051695732,-0.5400896726534062,0.27967722576327125,0.3052077222492148,0,1,0,1,0,0,-0.7226826087232228,1.0669309474392503,-0.23379453409861076,-0.26015604921421837,1.104213677733934,1.02159861645996,0.5255092210932055,1.380466707767398,-0.32303285719081537,0.7218297981349836,0.16571697706816998,0.3615064951604209,-0.15549397691469047,0.43211722373407796,1.3193078376216414,0.4880522937834885,0.3880353322716497,0.26564428105149734,-0.088318892712161,0.5806453452778549,-0.29896692576977285,-0.5730802498180774,0.9320422251132441,-0.5903762955741064,0.04390975064534442,-0.5806453452778549,0.0883188927121603,0.4102278732177254,1.2415090048625523,0.04532735367801011,0.29196075167320634,0.4445346296798359,-0.4660546508565234,0.02452383803125581,0.06817301183707392,0.2638024885416898,-0.5538573609678327,-0.8623145398892288,-1.262965255902942,-0.671894953798262,-0.8377153198147269,-1.175048096251087,-0.6186874509066087,-0.4316415915936655,-1.136704559054746,1
0.8787130141623758,-1.0812127580541053,-0.8790386569529866,1.7718540298733036,1,0,0,1,0,0,0.04707254852885811,-0.41000813158888666,5.331239382460934,-0.7728396421986401,1.2615379317680204,0.28194189876000386,-0.8386251532965662,0.22470283434717234,-0.592163572716373,-0.4146284332015521,-0.63750517272996,-0.8128323998707282,0.3065038974045121,-0.13849694600965082,0.07820656289900972,-0.7962548361989142,-0.11918829868170802,-0.7197367700634832,-0.7450499738428467,-0.3696749546284684,1.0277441734654997,-0.2300660740939708,0.009348121644153141,0.4419511869398643,0.126105076408355,0.3696749546284684,0.7450499738428459,0.10385022336961848,0.41596727218528484,1.0369667779933252,0.4082452561251572,0.3421249482670949,0.8571550890128092,0.2692014673650073,0.7325910426154264,1.0079356506638961,1.9441819381057224,0.5793409677244183,2.660017800515063,2.2584823750280347,2.3607533182809015,1.5848685217105287,1.0276167615398821,0.9044189231421907,2.3273605631479377,0
-1.5114113850607322,-1.6481036094262664,-1.6032360836506476,1.478524768348486,1,0,0,1,0,0,0.097548296545388,-0.4390817355067634,0.21396681550962854,-0.4707845230814074,0.07213777612221915,0.026147677161228185,-2.113266806772773,1.2037969552359051,-1.4493715048480154,-0.7592180261141607,-1.5166771947438087,0.24023775977713738,1.8868304448071929,-0.2226341000305813,1.2736882248403663,-1.5104499657508819,0.22775748727717687,-0.3397550411626724,0.5174554829923397,-0.18555039652161812,2.7160955679024776,-0.37629619667111397,0.4634828530198194,1.2514949982719985,1.6400499641536086,0.18555039652161812,-0.5174554829923405,0.02029268250195297,1.6918044954137887,1.0642596061854894,0.007709740790658993,0.10316902497069583,1.7707999093987767,1.7372672433675176,1.5631135810883663,0.8219023601333442,2.721349720039717,-0.2553016945782196,0.3518440487156324,0.5469345546516133,1.0576735027604598,0.47455723862252236,-1.0302635040182315,-1.211010225189582,0.7190446135538346,0
0.18480593051695732,-1.0812127580541053,0.27967722576327125,1.7718540298733036,0,1,0,1,0,0,-0.7226826087232228,1.0669309474392503,5.331239382460934,-0.7728396421986401,2.611842554100507,1.4178113443210008,-0.47718981040283637,1.1454110493500633,0.39329835658964357,0.006536866210803975,0.10927724244877125,-0.4634133738357165,-0.12673622936202739,0.5040777123050303,1.141797039430982,0.7071866496804203,0.34721613058386996,0.39885201368975787,0.1359000988749071,-0.7668246343931154,1.1672125582217665,-0.4282854027326859,0.17300235307734008,0.3354626869489708,0.24733559398088267,0.7668246343931154,-0.1359000988749078,0.438080386840281,1.0163612595869336,-0.082039177885424,0.29196075167320634,0.4274663494443799,-0.5920746260821743,0.02452383803125581,-0.04256332662598434,0.139780294854656,1.611110031562582,-0.02767187758659086,1.3645210702560935,1.2600794798084554,1.345366449044194,0.7600658542737248,0.8629863402952329,0.514734606344233,0.904619530814692,1
-0.4577006284139859,-1.2100515879114147,-0.8790386569529866,2.505177183685348,1,0,0,0,1,0,0.03445361152472564,-0.40942665951052915,1.2885940545694028,-0.6189188343726173,0.5744728726847651,0.16343583455777386,-0.7000187715771902,0.5333149788238126,-0.45580618866426825,0.11713541452719964,0.44521501861366025,1.094844068095954,0.7257552352425236,-1.4271960791865295,0.5417735601302669,0.0428382032045278,-0.7569630902170837,-0.7864802088514863,0.47177165472146704,1.0253393444399002,-0.45264436396035357,-0.18925468614256957,0.6661505924217475,-0.9088340307210301,-1.3466461770246183,-1.0253393444399008,-0.47177165472146776,-1.3166279713806959,0.641115017460903,0.36374368258659734,0.33072225315718967,7.593435579547688e-4,0.006520256239666901,1.6557080335896,1.5077454118568363,0.20179139169817292,-0.7481493064513315,-0.6852691266735177,-1.6583046336815008,-1.1386807229918314,-1.3623318689203594,-2.1267434817550925,-1.0302635040182315,-0.7285439282016336,-2.105818015861449,1
-0.6890029896291251,0.10410447663314094,0.5693561964423357,0.5985369837740325,1,0,0,1,0,0,-0.15483044353726144,-0.2919692996823072,-0.2593808969333673,-0.24337520926326098,-0.10269283663754095,-0.03645930015315746,-0.028852831902361355,-0.2284005164184521,0.40884077586597783,0.6271720717590408,0.553762412069588,0.7653342601142501,-0.018959294544004236,-0.31718850053455366,-0.7330356822556906,0.4025804958385155,-0.03263644053619118,0.3527516905316156,0.8847583482611019,0.16633209230480636,-0.2768104472999875,-0.4208521779087348,-0.15434446325316167,-0.8796307429468304,-0.3755248884803211,-0.16633209230480636,-0.8847583482611027,0.0759977097470634,-0.25947596364157,1.8102635767713227,1.790738809053908,1.690519086868198,1.2667200084961745,1.4110304042558486,1.009431888773073,1.5660355222555504,-0.27629743884854874,-0.4070549059059717,-0.040454256926167845,-0.11434528503927678,-0.44848368660732285,0.37938770007212164,0.03983423407198747,0.1250502895462747,-0.20882997275045564,0
1.3927182613071303,-0.7719995663965628,1.0038746524609323,-0.13478617003801185,1,0,0,1,0,0,-0.6595879237025604,0.4302190216377503,-0.3233468040202586,-0.19997648525216433,0.7118913981583822,0.48541457503175717,0.7886517420698135,-0.6752188569885073,-0.12294199958780243,1.4499406305988023,1.0211185937052523,-0.6327547272868427,-1.349134905809248,0.7182698866334207,-1.1794035614343892,-0.1515576721807576,0.9327374662692672,0.9203546629991223,-1.2817794809441767,0.40825130337297294,-0.3789526376519018,-0.25474152549858414,0.015764987642417346,-1.0338897445229367,-0.42895698616650746,-0.40825130337297294,1.281779480944176,0.6887530094432773,-1.0850176963188372,0.07262018187017576,-0.018131260198663828,0.3591932285025509,0.3845801819166189,-1.7697787770829225,-1.592872065108806,0.20179139169817292,-0.5261013687559044,-0.482931511569848,-0.8159276517994943,-0.6848612251647502,-1.0069464646875115,-0.28679906978068154,-0.4540570296619595,-0.32030321536567735,-0.8892713360402683,1
-1.2287084991311177,-0.17934094905293926,1.4383931084795292,0.3052077222492148,1,0,0,1,0,0,0.6780193987354818,-0.5472355420812648,-0.6559695208720935,0.3323811959506212,-1.3376646092725817,-0.6777336249305077,-0.8113698180432576,0.5588762877226405,-2.114629095478953,-0.6132000034715152,-1.416289334086679,-0.3208910206544248,1.22968058878663,0.2356079212535365,0.08980782247518325,-1.6125847188406315,0.2813939840107648,-0.8867705151761176,-0.16027754582615011,-0.2786957612109654,1.3636461417535337,-0.6771077390385425,1.2702766886563621,1.1074191019959565,0.9754866862558461,0.2786957612109654,0.16027754582614942,0.7723105503109431,0.7536888900987124,2.003587776465822,0.6375841399053939,0.7346953936826055,1.9598298722372534,1.716877440923038,2.019900977248483,1.8450854580513771,1.7776459848341521,-0.3311783002420958,1.2459192569225261,1.8176291485674405,2.276137745844509,-0.4136917878478824,0.03983423407198747,-0.09762646290970158,1.5232025883508855,0
-0.7918040390580765,-0.35971531085317227,-0.15484123025532542,1.0385308760612593,1,0,0,1,0,0,0.2742134146032426,-0.483273613461936,-0.31055362260288033,-0.20286973351957077,-0.4827164067913064,-0.21488918549915656,-0.46435389084919726,1.600763968626537,-0.9304130347166114,-0.23267657606536707,-0.7811386524090267,0.09070933674884053,0.8742916094797142,-0.7707789467794366,1.612363114727515,-0.1181911941619786,-0.750495100408129,-1.2379455812090159,-0.47521987007162214,0.595033997706013,-0.12445785295787866,-0.5818688105958384,1.1531350356613017,-0.4298470514420341,-0.19309440834322458,-0.595033997706013,0.4752198700716215,-0.9545452942874786,0.7161642658861095,-1.4739734156858193,-1.2972608091701252,-1.467112756691348,-1.4742144526617298,-0.05703537174666111,0.17890935030013266,-1.5965304167638241,-0.1375174777889068,-0.5588081172337243,-0.04957747333644305,0.5469345546516133,0.3299795798074865,-0.9212626601166852,-0.20711139779498602,0.06938110143228039,0.038603250264021984,0
0.8273124894479005,-0.10203765113855341,-1.168717627632051,-0.4281154315628296,1,0,0,1,0,0,-0.34411449859924853,-0.194863462596599,-0.438485436776663,-0.0842465545559066,-0.12126786436098712,-0.08475611122425496,0.0964531907289921,0.4064604369877456,1.4055472307569317,0.5672813947525233,0.19773970959765688,1.396542886550227,0.459167858704929,-0.5160575115324587,-0.16128425399986382,0.8403665689876884,-0.21760770672381152,-0.22557978980094062,-0.04921092906325296,1.9535247329232248,-0.64975909464271,-0.7194507307780691,-1.0769427933660125,-0.9821366433675075,-0.47730606616715354,-1.9535247329232248,0.049210929063252244,-0.5089050763265954,-0.18442671521636386,-0.10023439668020068,0.3436427536518511,0.2397152668543526,-0.8756195703398886,-0.05703537174666111,-0.04256332662598434,-0.046252995675895824,-0.6926373220274746,-0.7864379342253526,-0.4692454282090663,-0.9182541097615345,-1.1931007240475748,0.7600658542737248,-1.3595243465075295,-0.7099875321636356,-0.20882997275045564,0
0.08200488108800677,-1.0554449920826439,-0.15484123025532542,0.5985369837740325,1,0,0,1,0,0,-0.07911682151246661,-0.3524423958314908,-0.579210432367824,0.10092133455810576,-0.6717508366568004,-0.34904699402998296,-0.11804052721353388,-0.34428783686331293,-1.2838479029205314,0.312537425637881,0.3074174307481449,0.6253650471286655,0.09597113143755019,0.8057571109989087,0.4223863841459048,-1.2786538473466447,0.5273978592460993,0.046982531249076594,-0.67984341407292,1.5271837582763876,0.9692412378791184,0.8956832681041457,0.4701392887752787,0.10074079048171304,-0.35378841868086636,-1.527183758276387,0.6798434140729193,0.49378541408539117,0.11577027848446049,-0.7188718357025985,-1.2068173057074962,-0.972132629863095,0.25856020669096863,-0.7910682597479163,-0.5962450189412776,-0.4803306735805153,0.3620903820258042,0.19995793940503753,-1.4363063676981567,-1.0219842806934394,-0.9223308922511192,-1.7143421480366898,-1.5241547677521787,-1.1553410370755877,-1.5078543935764617,1
-0.35489957898503444,-0.17934094905293926,1.0038746524609323,0.3052077222492148,1,0,0,1,0,0,-0.29363875058271866,-0.20649290416374969,-0.6559695208720935,0.3323811959506212,-0.6620802742757668,-0.4156787056002934,-0.9592216503868366,-0.13696960132821215,-0.18045951905257557,-1.3046319705409486,-0.8794173462463238,-0.8158136953715411,0.5858513853414604,-0.03527151801834098,-0.6139758820205784,0.873098676899939,-0.5066274997823712,-0.16837486885199557,-0.7896550408158974,-0.329502323768793,1.2985781696945566,-0.4270724840183038,1.1240741769435751,1.260110467978852,0.9789003325083744,0.329502323768793,0.7896550408158968,-0.17467491285593337,-0.7097714541928067,-0.5460172571522233,-0.04397226118798574,-0.23819657973844427,-0.9071245641463012,-0.38327221085833024,-0.04256332662598434,-0.35630847989348147,1.5278420549267964,-0.17942508891434333,0.8080048692293539,1.3249108366408955,1.8530598836625478,-0.635754044465484,-0.04248097655033679,-0.2089648391376897,1.0283361423219313,0
0.544609603518286,-0.10203765113855341,-0.4445202009343899,-0.4281154315628296,1,0,0,1,0,0,-0.6974447347149578,0.7587507459097571,-0.438485436776663,-0.0842465545559066,0.7118913981583822,0.6486399087442626,0.22682256404298595,-0.3329011382467789,0.7445040269603702,1.042466477087066,0.9905536686447975,2.1851391296000444,0.16565342954194037,-0.3815396905746237,-1.0613398113510204,-0.019975107158634823,0.5150966066982823,0.7279972948954732,0.8111642712127044,2.1757663048135973,-0.6966322600523079,-0.6063096643684155,-1.037835002189805,-0.8975439783854029,-0.5770206172706419,-2.1757663048135982,-0.8111642712127051,-0.23037994010104354,-0.8598699510432187,0.6639647927004092,0.5503707615664309,0.7517636739180628,0.8256500952063961,0.4323198869208419,0.06817301183707392,0.8839134569768611,-0.7481493064513315,-0.7105613285614767,-0.5604775923118106,-0.9701191952274875,-1.2100238385348534,0.506280418139323,-1.4418395571298541,-0.7099875321636356,-0.3944048900113141,1
1.0843151130202777,0.0010334127472937634,0.5693561964423357,1.0385308760612593,0,1,0,1,0,0,-0.5460174906653681,0.09877993697395579,-0.8094876978806327,2.6354068168061495,-1.1627582846078073,-1.9607294671803106,0.019012717219014427,0.6531332159670785,-0.8478604282659199,0.7552033083521068,0.2095577411668628,1.5372246588005236,0.14677924892357952,1.3430781389558955,0.72856382809104,-0.1914423572379,2.1774053685222237,1.7410059397737512,1.6167883223801933,0.4930801176436292,1.3155502053238433,-0.16658658692819847,0.9666725025384553,1.1388469428924888,1.4273181140691946,-0.4930801176436292,-1.616788322380194,1.217950768271826,0.641115017460903,-0.07294156848803632,-0.1602567656399366,0.700558833211691,0.19555021907814235,-0.709509049969999,-1.3160312189511594,0.2638024885416898,1.0837461795359422,-0.2553016945782196,-0.31415074923440073,0.20981149912292413,0.6684418695530556,-0.6040308649486834,-1.5241547677521787,-1.545025353873546,0.16231986177126023,0
0.8273124894479005,0.4133176682906843,-0.4445202009343899,-0.13478617003801185,0,1,0,1,0,0,-0.7100636717190902,0.8488789180551749,0.7896599792916505,-0.5627898179849323,1.672064349118124,1.0877831353351677,-0.3253840309345467,-0.37990726764401683,0.0870278234234401,-0.21171865538684204,-0.21542571222693013,-0.4038854035245351,-0.518080977584199,-0.07209361689598429,-0.6313060510868607,0.5263572048944503,-0.2693341406922254,0.16677786775132225,-0.11623388745465664,-0.43557216489828954,0.38041932319074023,-0.1109938958265996,0.4099682791544104,0.01895112100317121,0.442890103758263,0.43557216489828954,0.11623388745465593,-0.11896988561082296,-0.6347222057676005,-0.18211288125669506,0.11107374474794844,7.593435579547688e-4,-0.24551969421163483,-0.6279498401920818,-0.6516131881728072,-0.10826409251941274,0.41760236644966076,-0.02767187758659086,0.2514886682026129,0.4302381123532211,0.4145951522438788,0.2207718024881207,0.5337254978059351,0.3477270420022505,0.5334696962929761,0
0.544609603518286,-0.17934094905293926,-0.4445202009343899,0.3052077222492148,1,0,0,1,0,0,-0.6974447347149578,0.7587507459097571,-0.6559695208720935,0.3323811959506212,0.2353521624461214,0.3266611682702793,-1.3700807293153943,-0.41931732617110995,-0.747120529482504,-1.0312047883407842,-0.5191683884620578,0.2209598763804587,0.49969833108099415,-0.422323668472826,-0.9124460238336346,0.008996238882710011,0.16168885703038366,0.3718209708678406,0.33643704580791395,-0.032311248161722386,1.4831497721258868,-0.3385422066894582,1.0303791449716329,1.5534190441209106,1.0379551407460856,0.032311248161722386,-0.33643704580791395,-0.3417899945912644,-0.7848207026180125,0.3091580262022686,0.26611975068388355,0.32505666803163763,0.4475901695294441,0.2692014673650073,0.12354118106860354,0.6358690696027934,1.6943780081983673,-0.1035484832504671,0.7532655707677065,1.2211806657089916,1.8869061126371052,-0.7626467625326843,-0.37174181903963527,-0.4316415915936655,1.0283361423219313,1
-0.27779879191332196,-1.0812127580541053,1.4383931084795292,1.7718540298733036,1,0,0,1,0,0,-0.7479204827314877,1.6949207920653873,-0.5024513438635544,-0.0032356030685261974,0.9012659350619028,1.306013170545312,-0.019193202873039678,-0.27731084108859777,1.391929516690006,0.5445504190322138,0.27741331128037844,-1.90011684483307,-0.8775535371182843,0.3334479959062959,-0.48179590455918775,0.6438095565533638,1.6592618991197212,1.5911918166184713,-1.2550770539175564,-1.3467626096488186,0.35986592442100296,-0.1020347283718104,-1.2558477636508838,0.9096432114405425,1.192838217321525,1.3467626096488186,1.2550770539175558,0.02029268250195297,-0.7097714541928067,-0.973604898829468,-0.5349512799851129,0.10316902497069583,-1.0016395455655394,-2.0144564064166746,-1.9250810804979817,-0.23228628620644656,0.3898463742377325,-0.02767187758659086,0.22411901897178985,-0.47740088330094144,-0.11002139686175369,1.9021003168785307,0.03983423407198747,-0.5429799678216537,0.40975308478573785,0
0.544609603518286,-1.0812127580541053,-0.4445202009343899,1.7718540298733036,1,0,0,1,0,0,-0.6974447347149578,0.7587507459097571,-0.5024513438635544,-0.0032356030685261974,0.6037344525936346,0.5860329314298769,-0.6886254599480113,-0.5737045895159059,0.9146296827115958,-0.8016650214246065,-0.7873428762339795,-1.1048502602645875,0.24643561742114467,-0.5024574624090737,-0.9184234384476964,0.045891371875534784,-0.028153915957243095,0.4142221366864765,0.03622492998512883,-1.5428114248521114,0.4555008888965903,-0.13262888536000175,-1.204213013554617,1.0550807837029204,1.427991594658492,1.5428114248521114,-0.036224929985129536,-0.48105256270404034,-0.8598699510432187,-0.018355912103706302,0.007709740790658993,7.593435579547688e-4,0.3530751881102058,-0.22015379130249568,-0.26403600355210183,0.44983577907224165,0.3620903820258042,-0.17942508891434333,-0.1681792866700104,-0.7496925819971905,-0.33002188519637315,1.6165917012273294,-0.12479618717266176,-0.7656567202776299,0.038603250264021984,0
-1.074506924987691,0.0010334127472937634,1.7280720791585935,1.0385308760612593,1,0,0,1,0,0,-0.48292280564470574,-0.005885037130400375,-0.8094876978806327,2.6354068168061495,-1.2922481779456862,-2.0412241522988066,-0.664153141067404,0.17686733050825998,-1.8186094772908648,-0.17657814853684725,-0.24287585882960525,1.0017926168883655,0.7738446817428064,0.500382422185038,0.042030156404718445,-1.3591048803256955,0.8246884439042579,1.0518612449522726,1.3564759393421526,0.020989325180847843,1.42349733035532,-0.20065107372145155,1.1203307460824088,1.0562926308430949,1.3426882890746799,-0.020989325180847843,-1.3564759393421533,0.4659329004628361,0.04072103005925432,0.018034525485845748,-0.6899972859210471,-0.3576745413866426,1.7077899217859516,0.2692014673650073,-0.319404172783631,0.07776919801113909,1.2225261405955843,-0.2553016945782196,-0.21379536872138252,0.37837302688726915,0.8038267854512828,-0.6992004034990842,-1.1948939252628807,-1.32234860141757,0.16231986177126023,0
0.4932090788038099,-1.5192647795689571,0.27967722576327125,-1.6014324776621007,1,0,0,1,0,0,-0.7353015457273552,1.1163560740996408,0.08603500133584588,-0.4412733907538617,1.4531188915305564,1.1995813091108565,2.079929006640679,-1.5612138139646365,1.973021070973859,0.8213392958624909,1.7585544388260075,0.004583195915867616,-1.5630760747909136,2.6944307051148653,-0.6764825497130853,1.227751060284773,1.3793588018320762,1.9652618302112324,0.5061221547512287,-0.49571485832222956,-0.1999485017775555,1.465129587312411,-1.4634144888930825,0.25817217585461927,-0.36751122735073594,0.49571485832222956,-0.5061221547512293,1.7750010407229295,-0.9349191994684248,-1.255630790148503,-0.5349512799851129,7.593435579547688e-4,-1.1906695084040155,-1.0357458890816678,-1.3160312189511594,-0.6043528672675491,0.05677446769459199,1.9451198696741894,1.136440659999233,0.09311505682453199,0.19459466390925928,1.7117612397777302,1.6861384465184783,1.5167799923961247,0.904619530814692,1
0.030604356373531493,-0.7719995663965628,-0.8790386569529866,1.478524768348486,1,0,0,1,0,0,-0.19268725454965888,-0.2733621931748661,0.6489349837004895,-0.5396438318456808,0.5409017362185857,0.20681352598274105,1.4432691856386857,-1.0574582470325748,-2.208229017398765,2.1726973736178823,1.781107332345951,0.8871818918781825,-1.9107411737205686,0.7892225785413914,-0.8092983958493435,0.012836746498511119,0.830310976801302,0.9094816554697465,0.2181716668474219,0.9936302841201231,-1.2183190343454697,0.6406572633233196,3.03162273515399,-2.1118518295950564,-1.4275949431744215,-0.9936302841201231,-0.2181716668474226,0.8001630639334981,-0.7097714541928067,0.19998671343360988,0.17567624722125458,0.512807750621665,0.3845801819166189,-0.709509049969999,-0.8730858650989243,0.44983577907224165,-1.1644891896302574,0.5034643620605421,-0.22291858513165644,1.3249108366408955,0.22844089288381547,-2.285359379339093,0.6160407084282594,1.3497724280541432,-0.20882997275045564,1
0.2619067175886707,-1.0039094601397194,-0.8790386569529866,-0.4281154315628296,1,0,0,0,1,0,0.43825959565696476,-0.5117657453014551,-0.08027635709007157,-0.3486894461968555,-0.3432340295411885,-0.12410906839329737,-0.12706762585023174,0.10189341766943333,0.2705825851592967,-1.4952507082030935,-1.9726385781068294,0.39334383689457636,2.5721089548992704,-0.9971770193712312,0.005064246664854891,0.12278760568966159,-1.8023645413472988,-2.2177284488474487,-0.28800415510347965,0.8221130942085976,-0.8196769014635875,-0.13477866233266558,-0.24650575635645922,0.23279341474491155,0.3993465789349213,-0.8221130942085976,0.288004155103479,-0.9823978079100336,-0.10937746679115769,-0.3367722410122935,-0.22485926811324272,-0.9038595089212672,-1.0961545269847772,1.3294711944779316,1.6738499195514247,-1.1624527388592034,-0.8314172830871166,-0.2553016945782196,-0.40538291333714505,-0.46443461193445323,-0.3469449996836519,0.12560226393772106,-1.0302635040182315,-0.8213259083916238,-0.1469716669968365,0
0.8787130141623758,0.2587110724619126,-0.8790386569529866,-0.8681093238500562,1,0,0,1,0,0,0.04707254852885811,-0.41000813158888666,-0.38731271110714993,-0.17162265223158119,-0.4310025684249244,-0.18269131145175824,0.4902020178804483,0.3847891021527816,0.003769898765708493,0.8338318007894463,0.0969494891751584,-0.43612794453998255,-0.5746971808542665,-0.20087883457138578,0.43435125446635403,-0.7904420877479547,-0.17798023847955627,-1.094664914187048,-0.7613439424253534,0.16026515284228104,-0.882353603323582,-0.09301156686377242,-0.7994716461474329,-1.3029351263531663,-1.1947663135886888,-0.16026515284228104,0.7613439424253534,-0.007559831120602114,0.7161642658861095,0.8368193712507843,0.2531992501892221,0.17144214591252482,0.3530751881102058,0.35076067714292497,0.8433273810784847,0.6358690696027934,-0.8036612908751883,-0.02767187758659086,0.19674936974096682,-0.2569742700706454,-0.7361766328910565,0.6014499566897238,0.7806711296729086,0.9600881112561845,-0.45626319576493324,1
1.0329145883058024,0.8771374557769975,-0.15484123025532542,-0.8681093238500562,1,0,0,1,0,0,-0.2684008765744537,-0.23498503600326887,0.09882818275322415,-0.4453239383282307,0.3249648631982956,0.16343583455777386,-0.15545157138950624,-0.1662860877043394,-0.9659207613644454,0.023537835627198467,0.1510025115655177,-0.38602424515477657,-0.10744379742704778,-0.47563967228152226,-1.3082217897630009,-0.2607994211273172,-0.46768536558020446,-0.2745243635875371,-0.12528395424331848,-0.40223592911473205,-0.2590943621244594,-1.0823149964295848,1.0583677724895888,-0.49554690011631725,-0.4643302697403118,0.40223592911473205,0.12528395424331776,-0.6481676444393714,-1.3852146900196616,-1.028190555213798,-0.9871687972982559,-1.091610591511294,-0.4660546508565234,0.10608304780917345,0.17890935030013266,-0.9764194483286528,0.0012624832707351544,-0.7864379342253526,1.172933525640331,1.62313507807012,1.2776739910950803,-0.3502454288142823,1.5215080252738291,1.4054416161681371,0.8427612250610729,0
-0.09789695541265715,2.1397579883786295,-0.4445202009343899,-0.8681093238500562,1,0,0,1,0,0,-0.05387894750420167,-0.35534975622327847,0.35469181110078946,-0.4852507644184396,0.26961486781121907,0.10172324263359372,0.921712274611969,0.577933143613366,0.17607103617577127,1.6615588949355973,1.2236363365504606,0.6016209464904584,-0.97505841470159,0.3334479959062959,0.3044915478613486,-0.08992883645429965,1.1480773693314812,0.7485223118651827,1.078283513832815,-0.24888924451037456,-0.9484860462007836,-0.4881984285439997,-0.3310648127995517,-1.1062450054602004,-0.8600008167960389,0.24888924451037456,-1.078283513832816,0.35452284597261524,0.340918023760079,0.17269388524144552,0.09815324425328795,0.5640125913280355,0.06953024385249205,0.2692014673650073,-0.2086678343205727,0.015758101167622184,-0.7203933142394032,-0.1035484832504671,1.3280282046149967,0.9229564242797662,0.36382580878204385,1.2359135470257274,1.6861384465184783,1.6837875567381073,0.9664778365683122,1
-0.1749977424843705,-1.0812127580541053,2.8867879618748513,1.7718540298733036,1,0,0,1,0,0,-0.5333985536612357,0.06098425188071606,2.9517076388285775,-0.7207611733853241,1.646926287996608,0.6039206392339871,0.7676367436805042,-0.41461330588745376,1.8706273800390065,0.4110085307291621,1.0607486153452528,0.5904104286812447,-1.096631560700946,2.375186017536848,-1.2097574289852324,2.854493267548866,0.8045950173009785,1.7977906126381067,1.7015001487247745,-0.8822777243979375,1.3058403043216624,-0.6428386611318793,0.3112801527038205,0.24257663722361636,0.37616747055520644,0.8822777243979375,-1.7015001487247752,3.2790367763409094,-0.7848207026180125,1.9467277177321458,3.509165374843851,3.841122396535781,-0.655084613695,0.10608304780917345,-0.5962450189412776,2.3101686843777554,1.5278420549267964,-0.4070549059059717,0.7897584364088047,0.8451587960808378,0.9053654723749538,0.4428340591057229,0.6983559190505837,0.29205785388825667,0.34789477903211874,0
-0.8175043014153137,-0.5400896726534062,1.7280720791585935,0.3052077222492148,1,0,0,1,0,0,-0.6091121756860305,0.26449947930585305,-0.1826218084290977,-0.2861952836208763,0.6995867939724253,0.42459636849778254,1.3232779702085211,0.6096023751647753,-0.45582865663184774,1.0201273791405794,0.06761469709720823,0.16483560588841922,-0.3912419103545199,1.3365922033734328,0.015611730349402313,0.09854215179018654,0.3343872386248538,0.05840049100270646,-0.946287449071263,1.163332477313009,-0.5045430487071617,-0.821058902296071,0.7221584031463746,-1.0465536142750282,-0.03088570499051067,-1.163332477313009,0.946287449071263,1.6635909862327087,0.340918023760079,1.0096739498011607,0.9121447754169449,1.0248561576853752,0.3845801819166189,-0.6279498401920818,-0.26403600355210183,0.9459245538203791,-0.8036612908751883,-1.1658209625447336,-1.755618942057761,-1.2035120798242718,-1.4638705558440304,-1.1433249167342867,-1.1948939252628807,-0.8769950965056176,-1.569712699330082,1
0.10770514344524394,0.10410447663314094,-0.15484123025532542,-2.334755631474145,1,0,0,0,1,0,0.45087853266109723,-0.5129286894581703,0.40586453677030254,-0.5014529547159157,-0.03095150009183385,-0.00694458227637566,1.4489133550858293,1.4392977533425395,-1.6626941751700195,0.5082231581778537,-0.13893228181745979,-0.23751868232538906,-0.9081836495265114,0.5496745608888938,0.7677564289578096,-1.279048619586937,-0.13629238654004985,-0.3689954165893431,-0.16027754582615011,-0.16498583548630744,-1.4655209460862213,-1.2063597994757476,0.9876381263357725,-0.8217218963280496,-0.1796334344639672,0.16498583548630744,0.16027754582614942,0.9672781456688292,1.3165582532877582,1.4463592008757944,0.4340862571144791,0.3591932285025509,2.0858498474629035,0.18764225758709038,0.2896456887631914,1.1939689411944467,-1.4420491117495413,-1.317574173872486,-1.0622544948769042,-0.46443461193445323,-0.7361766328910565,-1.1116017372174867,0.4514102871836102,0.4033962301162448,-0.8892713360402683,0
-0.1749977424843705,-0.8493028643109486,-1.6032360836506476,-0.13478617003801185,1,0,0,1,0,0,0.31207022561564,-0.4867624459320812,0.5337963509440852,-0.5188124443203543,0.10751139854892064,0.026594869856330937,-0.6568813113294947,0.06584887622927775,-0.8245740510318716,-0.21757898665349099,-0.3402835719917925,-0.3825932629945449,-0.18164333943889133,-0.9025628312378201,-0.29501807733983404,-1.078006565215666,-0.6442369237438149,-0.8867313093927517,-1.0726104692356557,0.5419904249708541,0.011579307268361767,-0.38592228267704726,0.04392771566987789,-0.34487913165862916,-0.4233352260712438,-0.5419904249708541,1.072610469235655,-0.8431352397972577,-0.25947596364157,0.06352257247278678,-0.5091102789957901,-0.71610842633123994,0.6051151385615076,-0.46483142063624716,0.012804842605544792,0.015758101167622184,0.029018475482663446,-0.3311783002420958,0.11464042204849642,0.11904759955750843,-0.025405824425361403,-0.12818317219668063,-0.04248097655033679,0.23638866577426285,-0.023255055489598248,0
0.930113538876852,1.1863506474345409,-1.6032360836506476,-0.13478617003801185,0,1,0,1,0,0,0.17326191857018283,-0.45536295370077434,1.2374213288998899,-0.6166042357586922,0.461237562172943,0.12631884086424522,-0.41936177816853937,-0.11442023473685521,0.25473377794491897,-0.9147549842593877,-0.3182097254758058,-0.1432267014723751,0.13367708326104974,-1.2973651114308444,-0.49836676762389864,-0.0033231976474265732,-1.7092270992730147,-1.0043910876639455,-0.958568853809468,0.7553527801229527,-0.7131791720139619,-0.342207524427839,-0.35156910123048396,-0.4590653645983217,-0.5669041804941454,-0.7553527801229527,0.9585688538094672,-1.17736540326792,-0.3345252120667762,0.5002078235474204,0.42116575661981864,-0.32353798091572933,0.6681251261743327,0.02452383803125581,0.5664865349208381,0.5738579727592754,-0.7203933142394032,-0.4070549059059717,-0.2959043164138529,-0.4255357978349895,-0.5669454880182719,-0.12818317219668063,-0.37174181903963527,-0.04195727479570725,-0.2706882785040748,0
0.8016122270906633,1.4697960731206219,-1.168717627632051,-0.13478617003801185,1,0,0,1,0,0,-0.11697363252486404,-0.31115787826810587,-0.029103631420558513,-0.3648916364943316,0.0751555137397748,0.042693806880030105,0.3281474028314758,0.017843242389115818,-0.27273246391458367,0.30184109722637575,-0.14526735430129334,1.1545483470800424,0.21454140808518482,0.04494965188594685,-0.35415852159308503,-0.4012114060040068,0.7246147146095022,0.28273730869092195,-0.11207882534413707,1.6858246576916383,-0.411383789091796,-0.3792786424494269,-0.030344355590673004,0.3107476979362389,0.46489262678535537,-1.6858246576916398,0.11207882534413637,-0.03541234474315745,-0.40957446049198204,-0.2730889752305771,-0.43158727602782254,-0.135786898325702,-0.08799472517957138,-0.8726274695258333,-0.9284540343304539,-0.29429738304996345,-0.6926373220274746,-0.7864379342253526,-1.527538531800901,-1.3072422507561756,-1.1254082660984612,-0.8895394805998851,-1.7711003996191523,-1.4336869776455579,-0.9511296417938885,0
0.18480593051695732,-1.6481036094262664,0.27967722576327125,1.478524768348486,0,1,0,1,0,0,-0.7226826087232228,1.0087837396034969,-0.10586271992482811,-0.32612210971108524,1.2264670325580649,1.0278593141913985,-1.8123787591087246,1.1843166351447487,0.14388620409621813,-0.6132361362239498,-1.009530778631736,0.009740556319528946,0.8919623441529613,0.464696008776852,1.0019568566518073,0.7271432320730429,0.5226368457066014,0.4833783749456686,-0.007768161614413057,0.020989325180847843,2.984475559355172,-0.6217733654868093,0.5340115615915374,1.3466802071000656,1.7843643561329907,-0.020989325180847843,0.007768161614412348,0.438080386840281,0.9413120111617277,0.03622974428062242,0.4082452561251572,0.615217432034406,-0.5920746260821743,-0.13859458152457876,-0.1532996650890431,0.2638024885416898,2.638081743403932,-0.6346847228976005,-0.2046721523111086,0.09311505682453199,0.6345956405784983,0.062155904904119784,-1.1948939252628807,-1.32234860141757,0.40975308478573785,0
0.030604356373531493,0.49062096620506923,-0.8790386569529866,0.3052077222492148,1,0,0,1,0,0,-0.19268725454965888,-0.2733621931748661,-0.7583149722111197,1.1135582281503609,-1.2306821103306125,-1.0708160039258288,-1.62576006506896,-0.3479009001189662,-1.063972924675962,-0.40735995877976294,-0.8230212876255433,-0.4089148653299504,0.18453993546647424,0.863463743596131,-0.9692760702389689,-0.31180556580583096,1.0692877047653842,1.044014838184003,0.4407888507730546,-0.9948801208223941,3.123421744584698,-0.4934945856373689,1.1411521081152816,1.6106044077248904,2.089245270661485,0.9948801208223941,-0.4407888507730553,0.744458036688388,-0.9349191994684248,-0.1548200530645294,-0.28946177058654887,0.13730558544161034,0.3845801819166189,-0.7910682597479163,-1.0391903727935126,0.07776919801113909,2.3050098368607914,-0.7105613285614767,-0.9254062487227878,-0.2699405414371327,0.36382580878204385,-0.9212626601166852,-0.9479482933959068,-1.378017789531564,-0.20882997275045564,0
0.10770514344524394,-0.8235350983394863,-2.327433510348309,1.7718540298733036,0,1,0,1,0,0,0.4130217216486998,-0.5065324965962373,-0.630383158037337,0.265836485800273,-1.1334967046989404,-0.595002976336498,-1.969464682086059,-1.0603664072917602,0.6759715965296368,-0.5196866628325485,0.3474496651235145,0.84206440505868,0.5281736584649634,-1.4510010926455954,-1.340522917017835,0.8901686121301025,-0.25200217354280724,0.6152651698305461,0.05260013630273529,1.0963072413460702,1.2887653873796192,0.11247974090125028,-0.029542209981480137,0.45218211256177765,0.14898510534797077,-1.0963072413460702,-0.052600136302735995,-1.4558905394934718,-1.4602639384448675,-1.3375092747249961,-0.7545997883943533,-0.801449827508525,-0.9701345517591269,-0.46483142063624716,-0.5408768497097485,-0.9144083514851348,1.6666220159864384,0.5034643620605421,1.172933525640331,0.9748215097457181,1.1253659607095745,0.6331731362065233,-0.7833178721512579,-0.3759724034796717,1.0901944480755505,0
-0.8432045637725518,0.6709953280053031,-0.15484123025532542,0.3052077222492148,1,0,0,1,0,0,0.5392110916900246,-0.5239766589469633,-0.6431763394547153,0.3213868525344767,-1.2344674983204011,-0.6513492559194451,-1.0677213494160778,-0.5296504924616378,-0.005772108878969746,-0.8137445838332042,-0.4922579379017709,-0.45747974515093104,0.26498074763539364,-0.17899753034872742,-0.6332371436404333,-0.24185589732764903,-0.4873700139813137,-0.41959283584596735,-0.16027754582615011,-0.4649864905896614,1.3058403043216624,0.09259885349425075,-0.2351511861161215,0.6160486712226517,0.2303086909950355,0.4649864905896614,0.16027754582614942,-0.007559831120602114,-0.40957446049198204,0.7367456678795146,0.48576825909312477,0.2567835470898098,0.6996301199807459,0.6769975162545934,0.8433273810784847,0.44983577907224165,1.5278420549267964,0.35171115073279,0.7897584364088047,0.533968283285125,0.7699805564767266,0.5380035976561225,1.0276167615398821,0.848749735028197,1.1520527538291696,0
1.1871161624492292,1.2121184134060021,-0.15484123025532542,0.5985369837740325,1,0,0,1,0,0,1.2332526269173105,-0.6222454401893867,0.5465895323614635,-0.5193910939738356,-0.27420669800845254,-0.07715383540750813,-0.869908560080201,-0.05506021306266695,-0.056552558809520384,-0.14123007700882836,-0.2697907018052321,-0.3005111157295485,-0.0030183897189825994,-0.686980359758763,-0.1675535593487944,-0.36310410239651386,-0.08057629591495609,-0.3421053933993519,-0.7279513648365089,0.312111980532898,0.5232063476855213,-0.0922796071686924,-0.28757536286780455,0.11089464690176531,0.016741794364205493,-0.31211198053289735,0.7279513648365081,-0.7038726716844818,-0.25947596364157,-0.32767463161490584,-0.4574282770171454,-0.4600842227993849,-0.18250970659880966,-0.6279498401920818,-0.3747723420151606,-0.29429738304996345,0.6118943119331598,0.04820472807728505,0.4339529964081015,0.20981149912292413,0.24536400737109418,0.506280418139323,-0.12479618717266176,0.013711913318286572,0.5334696962929761,0
1.4698190483788447,-1.6481036094262664,-0.15484123025532542,1.478524768348486,1,0,0,1,0,0,-0.016022136491804253,-0.36930508610385926,-0.10586271992482811,-0.32612210971108524,-0.07505400452052062,-0.031987373202129916,-2.5820131790948624,0.18768729541818022,-0.8896636702876304,-0.7724238497380574,-1.1538861376204077,-0.9119734880970479,0.577984529651857,-0.37766871898913656,-0.47549701554571394,-0.3606929937053899,0.5217833548231074,0.6460035914770477,-1.0299055238845727,-0.2223753081429896,3.2129900446220256,-0.733949175010686,0.8537383676183606,1.5608862311726404,2.1308052642740978,0.2223753081429896,1.029905523884572,-0.6760201580619267,-0.8598699510432187,-1.5558519002623137,-1.4652273156007207,-1.2281568333949502,-0.655084613695,-1.4435419379712537,-1.2606630497196296,-0.9764194483286528,2.9156416655232156,-0.7105613285614767,-0.0951935553878152,0.35244048415429274,0.9899810448113461,-0.0012904541294803558,-1.277209135885205,-1.4893561657595522,0.5953280020465953,0
0.8787130141623758,0.49062096620506923,-0.8790386569529866,0.3052077222492148,1,0,0,1,0,0,0.04707254852885811,-0.41000813158888666,-0.7583149722111197,1.1135582281503609,-1.4391384806085974,-1.1759062872749761,-2.332524361037219,0.38214548718128966,-1.267601088967069,-1.1962728527429582,-2.001616077040068,-1.49468682132757,0.8988659334006084,0.03569338183189806,0.20983806755735315,-0.5689267049639087,0.19084718873375017,-0.39085874663399234,-0.7279513648365089,-1.3166012534636966,3.279096310524965,-0.3142955043893023,1.161136682099372,1.805328252412443,2.2206014396248532,1.3166012534636966,0.7279513648365081,0.24311279148239442,0.491016520610491,0.855014590045561,0.3953247556304958,0.4616029099152932,0.6051151385615076,-0.22015379130249568,0.12354118106860354,0.8839134569768611,2.4437897979204335,-0.5588081172337243,-0.9071598159022387,-0.24400799870415715,0.46536449570571364,-0.9529858396334858,-1.0302635040182315,-1.545025353873546,-0.2706882785040748,0
0.6731109153044746,-0.8235350983394863,0.27967722576327125,1.7718540298733036,1,0,0,1,0,0,-0.6217311126901629,0.3203207988281763,-0.630383158037337,0.265836485800273,0.026326101818902607,0.04090503609961909,-0.3729191943325969,-0.19845986687355063,-0.3260507374479759,0.03657752006415484,0.02091735876305061,0.9861890591825788,0.7090855746238667,0.8844892713170275,0.20366178692264741,-0.32601720153686753,0.3579580257648644,0.044478770755156376,0.3871222082195544,0.9611011618955224,1.4023244758599822,0.47641630281408365,0.11810643429025192,0.30553118103726634,0.01623127171234311,-0.9611011618955224,-0.3871222082195551,1.1343932274041606,0.491016520610491,0.8732098088403377,0.5503707615664309,0.683490552976235,0.6996301199807459,0.9216751455883455,0.7879592118469556,1.0079356506638961,1.3613061016552261,0.5034643620605421,0.16025650409986858,0.19684522775643593,0.31305646532020776,-0.2233527107470814,-0.9479482933959068,-0.6543183440496418,0.038603250264021984,1
-1.6399126968469209,1.2121184134060021,1.4383931084795292,0.5985369837740325,1,0,0,1,0,0,-0.09173575851659908,-0.33034645685390446,0.5465895323614635,-0.5193910939738356,0.3987691195064175,0.1473368975340747,2.1596774055076504,-0.7613426455092572,1.0181653720544277,1.0291778111684973,1.7045218193066347,0.17012793253557765,-1.0592647930683907,3.4835718774259474,-0.8798445348301224,0.975415655112514,1.6005168046272529,2.2524082409666804,-0.29127919636700184,0.5209213695068188,0.47765996951307327,0.16355773387371067,-0.41166750767936894,0.19669224011044098,-0.01692359408711605,-0.5209213695068188,0.2912791963670011,3.3625943172085755,-0.7848207026180125,0.16359627584405784,0.6537347655237203,1.3320852019236007,0.1010352376589052,-1.6066603575270884,-1.7036084035718644,0.7598912632898273,0.6118943119331598,0.35171115073279,0.5799244589724931,0.2616765845888761,0.3299795798074865,0.6331731362065233,-0.4540570296619595,-0.26463402725168356,0.5334696962929761,1
0.6731109153044746,-1.6481036094262664,0.27967722576327125,1.478524768348486,1,0,0,1,0,0,-0.6217311126901629,0.3203207988281763,-0.10586271992482811,-0.32612210971108524,0.8078101550300818,0.498383163189737,-1.8390006571121686,0.4967436518989714,-0.7886562725251555,-1.0629733373597272,-1.5620973579390793,-0.8086892992881046,1.0743564033221162,0.8356418864622294,-0.05794034148016758,-0.09594130878672132,0.041267987415369925,0.10121362356670342,-0.30025191215747105,-0.8051695616290189,3.392138706839086,-0.7398396136852914,0.9817077818973048,1.4769290313516583,2.1296184743256643,0.8051695616290189,0.3002519121574703,0.9672781456688292,0.11577027848446049,0.5456958705343614,0.4082452561251572,0.4103980692089227,0.5421051509486824,0.02452383803125581,0.17890935030013266,0.8219023601333442,3.52627349418564,-0.5588081172337243,0.5708012425622179,1.026686595211671,1.6499825098152057,0.41111087958892223,-0.9479482933959068,-1.32234860141757,1.0283361423219313,0
-0.1749977424843705,-0.2566442469673251,-1.6032360836506476,1.1851955068236681,1,0,0,1,0,0,0.31207022561564,-0.4867624459320812,0.86641906779592,-0.5818852565498148,0.24833458768814493,0.0753388736225312,-0.28449178461917896,-0.5374672536497052,0.3190675911560812,1.6681553790385164,0.9378705925793536,0.4612058981292703,-0.9984981110028137,-0.9245437899869992,-0.42045882098392956,-0.6712932517619047,-0.5525213990552262,-0.8292602243201203,-1.0117882743416888,1.6325091290815754,-0.5282005095769571,0.31648425617689535,-1.1107610646842507,-2.801441057967952,-2.028888910112842,-1.6325091290815745,1.0117882743416882,-0.8431352397972577,-0.3345252120667762,0.21818193222838655,-0.173177266134598,-0.3747428216220998,0.3530751881102058,-0.22015379130249568,0.2896456887631914,0.20179139169817292,-0.6093693453916895,0.07349692996524401,-0.5939293858161508,-1.030628461604431,-1.8982304943508441,0.41111087958892223,0.06727263761276221,1.127095675598167,-0.5593603720209651,1
0.72451144001895,-0.10203765113855341,-0.8790386569529866,-0.4281154315628296,1,0,0,1,0,0,0.3751649106363024,-0.49083275048058395,-0.09306953850744984,-0.3249648104041227,-0.3206926294202451,-0.12634503186881113,-1.1533887010418897,-1.4404391468208266,0.5217067063251833,-1.4731746556502852,-0.7416377272474209,-1.257117647475038,-0.11177589159839539,-1.0558810641628866,-1.5053653692486426,0.4797081547065315,-0.8656520870073607,-0.20506035402738368,-0.6392523306161405,-1.080555857232306,0.5487911471483234,0.4690059537605355,-0.23113011222265736,1.1317981271485507,0.7639638438965674,1.080555857232306,0.6392523306161398,-0.9823978079100336,-1.3852146900196616,0.10901061945972781,0.3436427536518511,-0.03337721691295973,0.1010352376589052,-0.5463906304141645,-0.319404172783631,-0.046252995675895824,0.5563823275093027,0.5034643620605421,0.1785029369204177,0.028283699992091807,0.4822876101929924,0.2524949820049213,0.4514102871836102,-0.04195727479570725,0.22417816752487937,0
0.030604356373531493,1.3924927752062353,-0.8790386569529866,3.2385003374973924,1,0,0,1,0,0,-0.1800683175455264,-0.2733621931748661,0.9431781563001896,-0.5876717530846277,0.6453421337148404,0.2439305196762697,-2.919038898343883,-0.23122731988166356,-1.7147710927554694,-0.9785510677593237,-1.1220565397837752,-0.9139600027365433,0.6913935864965641,0.7853506200688418,-0.8152409970566287,-0.46145091116361914,0.9032018087450385,0.7312127161994239,-0.018359091073560794,-1.2283241134096814,4.8437077315013095,-0.49932378120424525,1.8804358654051687,2.217558814326613,2.172615353882195,1.2283241134096814,0.018359091073560086,0.6887530094432773,-0.7848207026180125,-0.10933200607758836,-0.3282232720705331,0.03489590402886805,0.3845801819166189,-0.7910682597479163,-0.8730858650989243,0.015758101167622184,4.6920251670866335,-0.4070549059059717,0.23324223538206504,1.1952481229760152,2.174599058920838,-1.3653871733518879,-1.1125787146405561,-1.6006945419875402,0.7190446135538346,1
-0.8175043014153137,-0.07626988516709207,1.7280720791585935,1.478524768348486,1,0,0,1,0,0,-0.5586364276695006,0.026095927179264008,0.4570372624398156,-0.5072394512507286,1.0048736078042197,0.4120749730349054,-0.10550214460457667,-0.7464270705990643,1.1028450275044193,-0.2962479856026944,0.3365517966397409,-0.35769573612481553,-0.6686038691744072,1.4455472653684753,0.10838175689936484,0.44353636376395283,0.38013484162240413,0.2584281710019799,-0.4914206069155262,-4.693472038239746e-4,1.5910770954719184,1.1330690443136402,-1.0619148270267467,0.7771471180659217,-0.18522900855931737,4.693472038232714e-4,0.49142060691552547,1.2736557955169365,0.04072103005925432,-0.16391766246191838,0.08523274375862654,0.2397152668543526,-0.5605696322757617,-0.9541866793037505,-0.8730858650989243,-0.23228628620644656,1.6666220159864384,1.2622304186993043,0.44307621281837667,-0.2051091846046925,0.10997909147286698,0.5697267771729232,0.36909507656128593,0.4033962301162448,0.5953280020465953,1
-1.3829100732745436,0.10410447663314094,-1.168717627632051,-2.334755631474145,1,0,0,0,1,0,-0.00340319948767178,-0.3989601621000935,0.27793272259651985,-0.4794642678836267,0.18551279964841844,0.06371186354985958,-7.185837476288579e-4,0.8165789701751909,-0.03771700608399407,-0.7738582385407262,-0.9985726353377223,-0.17102990664162585,0.8755208535201585,-1.2998784446476352,-0.02425462079559096,0.9215278472262669,-1.597996140604135,-1.0662752162639721,-0.32687747097049374,0.09092870184200141,-1.2978240176980487,-1.1450780099018187,0.977607025499611,-0.5391130635884417,0.2571831169466873,-0.09092870184200141,0.326877470970493,-1.2052179168904753,0.04072103005925432,0.20908432283099887,0.6666552660183818,-0.06751377738387422,-0.4660546508565234,0.9216751455883455,1.2309045656991897,0.015758101167622184,-1.3310251429018278,-1.317574173872486,-1.3268277707748632,-0.7107937678977266,-0.8546384343020056,-1.1116017372174867,-0.37174181903963527,-0.3759724034796717,-0.8892713360402683,1
0.8016122270906633,1.1863506474345409,-1.168717627632051,-0.13478617003801185,1,0,0,1,0,0,-0.10435469552073157,-0.31115787826810587,0.9815577005523245,-0.5905650013520342,0.5873177125657585,0.21709895797010442,0.3538766580003881,-0.18738591816627526,-0.40137729648975423,0.5468617113193206,0.19103362352809053,0.5324632961999339,-0.1891172445635163,-0.03550921779349932,-0.4100852313800697,-0.5663016995192716,0.46294432278762593,-0.21306587526687323,-0.37315522795503414,1.0963072413460702,-0.5275544992894431,-0.15362132902533407,-0.02038238356864164,-0.27972722557470786,-0.45637042393299593,-1.0963072413460702,0.3731552279550334,-0.06326485836571254,-0.40957446049198204,-0.09113678728281299,-0.3669847735545164,-0.1699234587966153,-0.08799472517957138,-0.6279498401920818,-0.5408768497097485,-0.29429738304996345,-0.6093693453916895,-0.3311783002420958,-0.5969704579529088,-0.5162996974004062,-0.5838686025055501,-0.635754044465484,-0.7833178721512579,-0.3759724034796717,-0.45626319576493324,0
-1.280109023845593,-0.46278637473902035,-0.4445202009343899,2.505177183685348,0,1,0,1,0,0,0.9051602648098662,-0.5914274200364373,-0.34893316685501513,-0.19476863837083272,-0.8264934450413755,-0.30432772451970747,-1.9960792122013744,0.6247120000670588,-0.6941522030993649,-1.4036583556180202,-1.6199886180881395,-1.1431251226234984,1.1972283812486093,-0.8571694338209196,1.0003504987350926,0.020955266365423757,-1.1241842687852917,-1.224085814011995,-0.2444928926024105,-1.3166012534636966,1.9191231359670724,0.14469234411360177,0.9699873376523572,0.7815300046994259,0.9109829956091695,1.3166012534636966,0.2444928926024098,-0.8988402670423681,0.641115017460903,-0.6278957417287164,-0.5220307794904515,-0.9038595089212672,-0.7811045889206503,0.9216751455883455,1.1755363964676604,-0.6043528672675491,2.0829618991653644,0.35171115073279,0.6346637574341392,1.078551680677623,1.3792126780187515,-0.2233527107470814,1.0276167615398821,0.4033962301162448,0.7809029193074537,0
-1.9997163698482496,0.8771374557769975,-0.4445202009343899,-0.8681093238500562,1,0,0,1,0,0,1.0565875088594558,-0.6042198057603031,0.06044863850108935,-0.43085769699119847,-0.49445511859747904,-0.13171134421004418,-0.0016933872101356044,0.5570475456931359,-0.9309656221433427,-0.39709172362084144,-0.2730245883094246,0.11964863086119021,0.05587528989066615,-0.20116406644485244,-0.26320683652168686,-0.04038647758460696,-0.9698942856286668,-0.7012546871576774,0.7902460580981739,-0.6205699568839558,-0.19864606881049332,-1.028240069069835,1.2320766778874281,-0.42528527068699457,-0.32969337741467036,0.6205699568839558,-0.7902460580981746,0.045050472388668855,0.06573744620098994,1.072346370094279,0.8834325520954757,0.4028121668820529,0.8396523146759128,1.7735157810465918,1.4277691674112942,0.7598912632898273,0.0012624832707351544,-0.7864379342253526,0.8809906005115491,1.454573550305776,1.1592121896841308,-0.6040308649486834,1.439192814651505,1.1827648637121608,0.47161139053935697,0
-1.0488066626304537,-1.5192647795689571,1.7280720791585935,-1.6014324776621007,1,0,0,1,0,0,1.2584905009255756,-0.6222454401893867,0.08603500133584588,-0.4412733907538617,-0.5431370315741746,-0.13752484924638,0.9776253111967711,-1.5168755440792867,1.308494298208721,0.23520299322195737,1.0340763973362397,0.5233480561797704,-1.1880469251891734,1.2521510093840413,-0.7187871300483656,0.29986968483102355,0.6440909641809384,1.0151112247102398,1.164294698531354,-0.440948977121442,-0.10827725832662646,1.3618941205362025,-1.4874154265367732,0.320925504786695,-0.35329142586506185,0.440948977121442,-1.1642946985313547,0.9672781456688292,-0.7848207026180125,-0.4823339913705056,-0.26362076959722697,7.593435579547688e-4,-0.15100471279239655,-0.38327221085833024,-0.8730858650989243,-0.728375060954584,0.029018475482663446,1.5657368413548085,0.5981708917930423,-0.32180562690308556,-0.1777138548108673,1.267636726542527,1.439192814651505,1.2941032399401495,0.47161139053935697,1
-0.9974061379159777,-0.7204640344536393,-0.4445202009343899,0.3052077222492148,0,1,0,1,0,0,-0.06649788450833415,-0.33092792893226203,0.5337963509440852,-0.519969743627317,0.3708128102125241,0.1473368975340747,-0.5489168641142068,-1.0813054126052126,-0.08861751827515191,-0.5728709395434537,-0.26335476843865796,-0.8358703654802428,0.03338256536909089,-0.6582556720716546,-0.2808809660025586,-0.5369329297726563,0.3321591542683341,0.3290110214255927,-0.35678002163742906,-0.7861774033115495,0.10556095012483907,1.2027452276474278,-0.41842269662060383,1.1032750122777397,0.6635893226470017,0.7861774033115495,0.3567800216374284,-0.6203151308168162,-0.25947596364157,0.018034525485845748,-0.26362076959722697,-0.11871861809024475,0.5736101447550955,-0.38327221085833024,-0.26403600355210183,0.139780294854656,-0.08200549336504998,0.8069707847160468,-0.6517097564145549,-0.7496925819971905,-0.3130987707090945,-0.2550758902638815,-0.28942660841731066,-0.6543183440496418,-0.6418381130257917,1
0.930113538876852,2.1397579883786295,-1.6032360836506476,-0.8681093238500562,0,1,0,1,0,0,0.1480240445619179,-0.45536295370077434,0.35469181110078946,-0.4852507644184396,0.11849125694179768,0.024806099075919918,-0.28821704376203705,0.21535889521991022,0.28936678801799637,-0.8713846029367116,-0.5382196099319013,-1.2781271021258531,-0.3635375863584271,-1.2989545890376748,-0.3518625680806959,-0.12457002560213334,-1.8886989827156049,-1.2874850572376146,-1.2121437398747563,-0.5410235229891278,-0.8971273049195079,-0.6480750387599292,-0.5207549553080543,-0.6956171991816827,-0.5572667170232762,0.5410235229891278,1.2121437398747554,-1.17736540326792,-0.18442671521636386,0.5184030423421971,0.369483754641173,-0.4430159425639276,0.6366201323679207,0.10608304780917345,0.8433273810784847,0.5738579727592754,-0.6926373220274746,-0.3311783002420958,1.1181942271786838,0.6376984542170299,0.2961333508329291,1.267636726542527,1.7684536571408034,1.5724491805101195,0.904619530814692,1
-0.09789695541265715,-0.17934094905293926,-0.4445202009343899,-1.6014324776621007,1,0,0,1,0,0,-0.07911682151246661,-0.32918351269718943,0.3035190854312764,-0.48177886649755186,0.2628822971985799,0.11916375774260114,1.1852425415259762,0.4667348944924936,0.20615678320242303,1.2203121175486435,1.2143951872272658,1.6863795169463585,-0.3195106604849519,0.7245994224478497,0.4386847458111859,-0.2876779400646466,1.1776268398229603,0.7474371926948175,1.4008254564523381,0.910698895591472,-0.9240974007790453,-0.20114354205348067,-0.5709118151410241,-0.4808483269641961,-0.8490462777502336,-0.910698895591472,-1.4008254564523388,0.8837206048011639,0.641115017460903,0.6275743551108558,0.369483754641173,0.8541733553308051,0.5736101447550955,0.758556726032511,0.12354118106860354,0.5118468759157585,-0.8314172830871166,-0.1035484832504671,0.2879815338437111,-0.06248019957332482,-0.24540631275998087,0.2207718024881207,-0.04248097655033679,0.45906541823023866,0.2860364732784985,1
0.030604356373531493,-0.6689285025107157,-0.8790386569529866,0.3052077222492148,1,0,0,1,0,0,-0.1800683175455264,-0.2733621931748661,0.25234635976176334,-0.4754137203092577,0.32749184195387177,0.1571751368263353,1.311482614057879,-0.8061405301567243,-1.0722362671248913,1.759950346857398,1.6488185632215364,1.2751038780987702,-1.0710299989621759,0.888570728126845,-0.7046764917717088,-0.36156375587803025,1.1883041931266913,0.9999581748359206,0.09517567272851181,1.644695535621017,-0.9357990980392603,0.4005237366169254,1.1024461917055755,-1.1992772794427728,-1.1672803530070979,-1.6446955356210176,-0.09517567272851252,0.744458036688388,-0.7097714541928067,-0.2185033188462471,-0.3669847735545164,0.10316902497069583,0.25856020669096863,-0.9541866793037505,-1.0945585420250417,-0.17027518936292965,-0.8869292675109735,0.35171115073279,-0.04957747333644305,0.5210020119186368,-0.025405824425361403,-1.206771275767887,-0.4540570296619595,0.4033962301162448,0.038603250264021984,1
-0.7404035143436003,-0.8235350983394863,1.4383931084795292,1.7718540298733036,1,0,0,1,0,0,0.6527815247272168,-0.5449096537678346,-0.579210432367824,0.028590127872944675,-1.1169700503015534,-0.4411686892211504,-1.6270512575084324,0.03448780990203914,1.8486395145636971,-1.5203411265376885,-0.8619844704515028,0.2505738013342464,1.6679882643306327,-1.308708711617858,0.5756105672274399,2.99213791275474,-1.8618013877810577,-1.102940512163754,-0.5047088517425482,0.8423168734713579,0.9548080557804117,0.5292984287850216,0.47965789543934584,0.20775239172635512,0.04381528793208928,-0.8423168734713579,0.5047088517425475,-1.2887754577581405,0.26586877533487285,-0.6642861793182697,0.8475422729436388,-0.03337721691295973,-2.356354279241285,0.6769975162545934,1.0648000580046022,-0.6043528672675491,0.8894542340524437,0.5034643620605421,0.03253147435602734,0.2746428559553643,0.34690269429476517,-0.5405845059150832,-0.9479482933959068,-0.7099875321636356,0.038603250264021984,1
-1.3829100732745436,1.1863506474345409,-1.168717627632051,-0.13478617003801185,1,0,0,1,0,0,-0.00340319948767178,-0.3989601621000935,0.9815577005523245,-0.5905650013520342,0.502260581257621,0.14957286100958847,-0.4216828445130115,-0.12949955855646073,0.5923869529150618,-0.7791865074903421,-0.10967285954897486,1.011607869433708,0.8930794555103955,-1.1847951465253623,-0.3440792856736971,0.807385833914293,-1.1713169048659229,-0.7387420230409625,-0.01835909107355938,1.3979208031972914,-0.5974730901988339,-0.16694886681690552,0.0015320893755884212,-0.1088270896827919,-0.5786577122839228,-1.3979208031972914,0.01835909107355796,-1.0659553487776992,-0.18442671521636386,0.49111021415003275,0.8604627734383002,0.2909201075607231,-0.2140147004052217,1.0032343553662626,1.1201682272361313,0.20179139169817292,-0.7481493064513315,-0.482931511569848,-1.0531312784666302,-0.892321567028559,-0.8715615487892844,-1.175048096251087,-1.1125787146405561,-0.6543183440496418,-1.0129879475475077,1
-0.4577006284139859,0.8771374557769975,2.452269505856255,-0.8681093238500562,1,0,0,1,0,0,-0.33149556159511606,-0.1983522950667442,0.06044863850108935,-0.43085769699119847,0.3756265585919498,0.18042915697167852,1.7073088920190256,0.7024067375489356,-0.07955975055457477,0.9317231732391719,1.0113429032174093,1.0075870758121659,-0.6837793485970205,2.009634033470335,-0.04461302191361301,1.1680321920867138,0.8226318492511399,1.1231690599102844,1.962969985017792,-0.572621134230685,-0.3660519274109879,-1.0087676368828014,1.2825205527274892,-0.4429902372908831,-0.21823932579398841,0.572621134230685,-1.9629699850177926,2.359903826796588,0.26586877533487285,0.9732835122116075,1.5064877981713616,1.8441336089873108,-0.05648973137315825,1.3294711944779316,0.40038202722625016,0.8839134569768611,-0.19302946221276363,-0.7864379342253526,0.7806352199985308,1.3897421934733356,1.0915197317350172,-0.5723076854318833,1.3568776040291806,1.127095675598167,0.40975308478573785,1
0.18480593051695732,-1.0039094601397194,-0.15484123025532542,-0.4281154315628296,0,1,0,0,1,0,0.6654004617313493,-0.5460725979245497,-0.08027635709007157,-0.32670075936456655,-0.4511934425740853,-0.16748675981826458,-0.38916093038318417,0.1026910840129823,0.4486346992251285,-1.4072635137305076,-1.3559977552492914,-0.0384776566110975,1.5109735734747207,-1.2214041778001181,0.06921191544279993,0.15880682477857463,-1.7220692279323975,-1.6805375545317558,-0.6045440128777345,0.5471004570796687,-0.6792749161662055,-0.07161175803693953,-0.4537131195614703,0.19354784976803865,0.12214566121642141,-0.5471004570796687,0.6045440128777338,-1.17736540326792,-0.03432821836595151,-0.2821865846279648,-0.1602567656399366,-0.8185181077439823,-0.655084613695,0.758556726032511,1.2309045656991897,-0.6043528672675491,-0.5816133531797613,0.04820472807728505,0.3700904815361815,0.06718251409155555,0.1438253204474232,0.664896315723324,-0.37174181903963527,-0.15329565102369538,0.40975308478573785,1
-1.3829100732745436,-0.7462318004251005,-1.168717627632051,1.478524768348486,1,0,0,1,0,0,-0.00340319948767178,-0.3989601621000935,0.6489349837004895,-0.5396438318456808,0.3711787230387629,0.11021990384054606,0.06443293759785051,-0.8752883307596838,-1.217724970911731,0.5625990040684532,0.49440480998307895,0.12249699271115534,-0.7506402071148004,-1.0779036835454539,-0.5189947948351229,0.95111973159455665,-0.8162800927065603,-0.1894951524469789,0.03622492998512883,0.13114384342216406,-1.1666242282483454,0.6814431108367041,2.620454433879633,-1.5694443255630672,-0.8277556010563687,-0.13114384342216406,-0.036224929985129536,-0.9823978079100336,-0.40957446049198204,0.2909628074074919,0.7570987694810098,0.3591932285025509,-0.2140147004052217,0.4323198869208419,0.4557501964577793,0.2638024885416898,-1.1644891896302574,0.35171115073279,-0.6790794056453779,0.6506647255835172,-0.07617516788719629,-2.0950203022382925,0.6983559190505837,0.848749735028197,-0.7036964187794109,1
-1.0488066626304537,0.6967630939767645,1.7280720791585935,0.3052077222492148,1,0,0,1,0,0,1.2584905009255756,-0.6222454401893867,-0.6559695208720935,0.4168640453588893,-1.5512729437578487,-0.8007116160837652,0.15271908716960408,-0.3522130302964333,0.5327648300195702,0.01028719545010163,0.21405726755946147,0.6332065141619062,0.22269402419528975,0.9804692872426738,-0.9658834093203433,0.3455155567446798,0.5079539439285823,0.8830484494819006,1.164294698531354,-0.29111514316954507,0.7673137509915454,-0.4841773584101827,-0.3810975572290698,0.48978109831671557,0.583840007995896,0.29111514316954507,-1.1642946985313547,0.438080386840281,-1.1600669447440433,-1.264728399545891,-0.9225662948249498,-0.6990401460957827,-0.7811045889206503,-0.38327221085833024,-0.8730858650989243,-1.2864749325462383,0.6674062963570164,-0.482931511569848,-0.10431677179808911,-0.2829068128036209,-0.07617516788719629,0.47455723862252236,-0.37174181903963527,-0.5429799678216537,0.10046155601764112,1
-0.12359721776989524,0.7740663918911503,-0.8790386569529866,-0.13478617003801185,1,0,0,1,0,0,0.16064298156605036,-0.46117767448434965,-0.8350740607153893,3.7984926203035396,-2.431324732610806,-3.2902333497208,-0.8354503769413266,0.4845575401168921,-0.3482429657886681,-1.7152365870266366,-1.8496868594902591,0.04545217027127791,1.5348374281614636,-0.8246558239063924,-1.3850910075854235,0.5117537542560099,-1.0340811804911207,-0.5049057681192722,-0.38904162214375715,0.44783808336594555,0.33772770362993537,-2.0526241959677285,0.9903229701248958,1.2917967739581333,1.9117412969012852,-0.4478380833659462,0.3890416221437564,-0.8709877534198129,-1.3852146900196616,-0.6278957417287164,-0.28946177058654887,-0.6649035856248688,-0.5920746260821743,-0.30171300108041293,-0.1532996650890431,-0.6043528672675491,0.27882240539001907,-1.9245870191834955,-0.08607033897753999,0.4302381123532211,0.9561348158367899,-0.12818317219668063,-1.6064699783745033,-1.6563637301015341,0.8427612250610729,0
-1.0488066626304537,1.0575118175772313,0.5693561964423357,1.0385308760612593,1,0,0,0,1,0,-0.5333985536612357,0.00574440443675031,0.03486227566633282,-0.41118360877283466,0.6933471533458069,0.32218924131925175,0.49193801628328593,1.2666733140928093,0.07876356550955871,-0.1902603444201087,-0.9231453251114619,-0.2567621301461364,0.5045055794606347,1.31390853347921,0.7748927300786793,1.005955439681673,0.2553967141999307,-0.12065814359944849,-0.8114328088086202,0.45457625868389784,0.6287901385994145,-0.9622783493345782,0.9032157702606832,0.5102764606832054,1.082334941555145,-0.45457625868389784,0.8114328088086196,0.6330479821981672,0.11577027848446049,-1.4193877593014905,-0.7804407893836761,-0.6478353053894121,-2.009799347370745,-1.1988643086375024,-1.0391903727935126,-1.4725082230767892,0.27882240539001907,-1.0899443568808573,-0.9071598159022387,-0.3607044410025493,-0.14386762583630988,-0.794369942049485,-1.277209135885205,-1.266679413303576,-0.5799798072721716,1
0.544609603518286,-0.10203765113855341,-0.4445202009343899,-0.4281154315628296,1,0,0,1,0,0,-0.6974447347149578,0.7587507459097571,-0.438485436776663,-0.0842465545559066,0.7118913981583822,0.6486399087442626,0.14056560019528674,-0.27138712211286714,0.8455391321444069,0.6560378029290221,0.8155752264682532,1.1590369688902527,-0.20170540479365143,-0.2996915528776735,-0.9246408222615929,0.0011189933349713605,0.39836508943345994,0.5805136539421732,-0.11972941589683889,1.699534365048511,-0.4949081572951662,-0.5537975356079431,-1.1547558389836647,-0.4912527442185256,-0.49352914273249915,-1.699534365048512,0.11972941589683818,-0.28608496734615396,-0.8598699510432187,0.00893691608845806,0.007709740790658993,0.17144214591252482,0.25856020669096863,-0.38327221085833024,-0.3747723420151606,0.6358690696027934,-0.49834537654397587,-0.5588081172337243,-0.14993285384946126,-0.7107937678977266,-0.8377153198147269,0.7600658542737248,-1.0302635040182315,-0.3759724034796717,-0.023255055489598248,0
-0.25209852955608386,0.5936920300909173,1.4383931084795292,-0.8681093238500562,1,0,0,1,0,0,1.1196821938801182,-0.6082901103088059,1.0839031518913507,-0.600402045461216,-0.02416573751460277,-0.003814233410656377,0.03631506411530518,-1.5595718350638348,0.5424313126929222,1.0141613526431974,0.8424413271382162,1.4158029135133816,0.21480222333400822,-0.596390937824539,0.26666398068804187,-0.7730201669434597,-0.2235835258042945,-0.9675179212095347,0.9416775146057242,0.9970420184583276,-0.6464037786732175,2.407699409551015,-1.5183324940052403,-1.5917681560937755,-2.039807922634336,-0.9970420184583276,-0.9416775146057249,-0.48105256270404034,0.41596727218528484,0.48201260475264507,-0.018131260198663828,-0.10165033785478751,0.25856020669096863,2.2266225020350205,1.784586258014483,-0.35630847989348147,-0.8314172830871166,1.413983630027056,-1.317704554364588,-1.761061748583257,-2.1069489063606115,-0.6040308649486834,-0.04248097655033679,0.514734606344233,-1.7552876165909395,1
-1.7427137462758722,-0.4885541407104817,0.27967722576327125,-0.13478617003801185,1,0,0,1,0,0,0.1858808555743153,-0.46931828358135513,-0.5024513438635544,-0.023488340940371298,-0.7105513614666206,-0.3427862962985444,-0.3114414480010799,0.03285187041123953,-1.097158644395,0.14783286537209064,-0.006334070847672033,1.3695221948079903,0.632519882016822,-0.08358198047272908,-0.2060242967172353,-0.4782710743475223,0.7490584938658131,0.7292071906326336,0.1961688056454712,1.6733070988005785,0.34955278469902984,-0.2514808408486888,1.0192363164874418,0.5430409164732021,0.7201634953087208,-1.6733070988005792,-0.19616880564547262,0.12241856578465546,0.06573744620098994,0.870177272374543,0.459927258103802,0.7631425274083669,1.2772216730983115,0.18764225758709038,0.10508512465809383,1.4833540597975268,0.22331042096616224,-0.3311783002420958,-0.31415074923440073,0.2357440418559006,0.4484413812184362,-0.857816301083085,-1.6887851889968277,-1.32234860141757,0.10046155601764112,0
0.2105061928741954,-0.3854830768246345,-1.168717627632051,1.0385308760612593,1,0,0,1,0,0,-0.3945902466157784,-0.13090153397727022,-0.630383158037337,0.15589305163882816,-0.44903868727058277,-0.22114988323059512,-0.5883788648542361,0.5062101329744615,0.51452317669503,-0.9452983565085485,-0.08660800882748874,-0.3026859408438458,-0.586789994551349,0.20689398630109623,-0.48988736277807676,0.34414612709392883,-0.35553607144632343,-0.09826380014142212,0.2430696413654208,-0.653901033058197,1.0248811676640304,-1.1855476997028687,-0.357536750767132,0.9244936116629465,0.01665917784524602,0.653901033058197,-0.24306964136542153,0.5494904413305014,-0.10937746679115769,1.318992669312359,1.3256007912461045,1.0931292786272029,0.7626401075935709,0.4323198869208419,0.34501385799472056,1.1939689411944467,0.6674062963570164,-1.2416975682086098,-0.7338187041070253,-0.7885913960966542,-0.4146374576327655,-0.826093121566285,0.36909507656128593,0.06938110143228039,-0.8892713360402683,1
0.10770514344524394,0.1298722426046032,-0.15484123025532542,0.5985369837740325,1,0,0,1,0,0,0.08492935954125552,-0.44547792836869626,-0.2593808969333673,-0.24337520926326098,-0.3011472024261591,-0.1545181716602847,0.689418870144897,0.8058897915776668,-1.0111098174906645,1.108366255457826,-0.0048810168855870015,0.12249699271115534,0.1098141535492,0.6721525452496664,0.4842506480650746,-1.4635508093451868,0.7881443389142686,0.09005226984652279,-0.16027754582615011,0.3260326064644921,-0.2870468177709563,-0.6209973613935629,-0.0885064262007929,-0.7158208702032434,0.09426407525677756,-0.3260326064644921,0.16027754582614942,0.4659329004628361,0.26586877533487285,-0.46413877257572894,-1.1034533017502068,-0.7843815472730677,0.5106001571422693,-0.5463906304141645,-0.5408768497097485,-0.4803306735805153,-0.19302946221276363,-0.482931511569848,0.39746013076700454,0.28760912732185256,-0.025405824425361403,1.0138512904081252,-0.37174181903963527,-0.26463402725168356,0.47161139053935697,1
-0.6376024649146498,-0.2824120129387873,0.27967722576327125,1.478524768348486,1,0,0,1,0,0,-0.19268725454965888,-0.2733621931748661,-0.7711081536284979,1.6603821506901784,-1.3185827758981175,-1.493413100797932,0.0648375840264862,0.8691291039899848,-0.37886424353024417,-1.3458252952502476,-1.5180281897574686,0.25348207722831717,1.2764024449661815,0.48480659139411425,0.5101359584944114,0.344570650285661,-0.4753526307002249,-0.661481538110775,-1.2246659564705729,1.5603281057325635,0.3942547949085527,-0.6818639665737394,0.8641803862033892,1.346771616911223,1.327703018549416,-1.5603281057325635,1.2246659564705722,0.10385022336961848,0.04072103005925432,-1.1009714303929035,-0.7804407893836761,-0.9038595089212672,-1.2851844898232538,-0.9541866793037505,-0.5408768497097485,-1.1624527388592034,0.08453045990652028,-0.8623145398892288,-0.9162830323125138,-0.38663698373552574,0.1438253204474232,-1.1433249167342867,-1.9357308208638015,-1.712032918215528,-0.20882997275045564,0
0.7759119647334253,0.20717554051898904,-0.15484123025532542,0.5985369837740325,0,1,0,1,0,0,-0.2684008765744537,-0.21986676196597296,-0.3745195296897717,-0.17509455015246891,-0.12259906230190991,-0.03377614398254093,0.34411275896567933,-0.13881847586082144,-0.10762288717956485,0.5597934688968155,0.1989128745893189,-0.963942063284005,-1.0166889094442344,-0.634810616967688,-1.4546841712099796,1.1376875017455546,-0.3415734996937835,0.18363278533497418,-0.7279513648365089,-0.5927287050207662,-1.1127924567038832,-1.2667379542303123,1.2903903132524082,-1.094943296892245,-0.07931480525801572,0.5927287050207662,0.7279513648365081,-0.8152827261747027,-1.535313186870074,-1.255630790148503,-0.5737127814690962,-0.6649035856248688,-1.3796994712424915,-1.4435419379712537,-1.3713993881826885,-0.9764194483286528,-1.0812212129944723,-1.2416975682086098,-0.33239718205494984,0.35244048415429274,-0.1269445113490324,-0.5723076854318833,0.28677986593896093,0.013711913318286572,-0.5799798072721716,0
0.7759119647334253,-0.4370186087675581,-0.15484123025532542,0.5985369837740325,1,0,0,1,0,0,-0.81101516775215,3.8143865176785994,-0.1826218084290977,-0.2705717429768815,2.1459695430254624,3.1426335693323253,0.8553394443851012,-1.4221174304376532,1.4377942491551612,1.6862105653452788,2.8706322673028386,1.1280229205289687,-2.2167767829215816,0.33488895740180047,-1.7997222045036212,1.0503362533438612,1.3822131355201575,2.025041462630073,-0.03566621970192337,1.573862047610503,-0.8547532183285151,0.1489786073203034,-0.9100262644191144,-0.907382803950222,-1.7549036935596307,-1.5738620476105036,0.035666219701922665,0.27096530510494976,-1.685411683720486,-0.11842961547497735,0.4340862571144791,1.0077878774499178,-0.2140147004052217,-1.4435419379712537,-1.592872065108806,0.8219023601333442,-1.0257092285706153,-0.4070549059059717,-1.564031397441998,-1.6962303917508168,-1.8531021890514345,-1.3336639938350878,-0.6186874509066087,0.1250502895462747,-1.569712699330082,1
-0.35489957898503444,-1.0554449920826439,1.0038746524609323,0.5985369837740325,1,0,0,1,0,0,-0.29363875058271866,-0.20649290416374969,-0.5536240695330674,0.008337390001099575,-0.3951718554642685,-0.1652507963427508,-0.8762234424576666,-1.5873037439907776,0.03625073170343212,-0.5378984993670837,-0.1322778448482309,-0.9858070277377623,0.16574911002404433,0.1823560332936759,-1.0159556807191255,1.0305126309817505,-0.35442416299430374,-0.019413487774897684,-1.5422375806300568,0.1850492459657866,1.4006180262123957,1.160862104666512,0.9860098472320984,0.3752252372993794,0.15301418445439152,-0.1850492459657866,1.5422375806300554,0.0759977097470634,-1.009968447893631,-0.31857702221751816,0.24027874969456073,0.08610074473523979,-0.8756195703398886,-1.0357458890816678,-0.4855086804782194,0.015758101167622184,0.77843026520473,0.5034643620605421,-1.2173491738515698,-0.6070635969658218,-0.4315605721200442,-1.7460653275534903,-1.1948939252628807,-1.266679413303576,-1.3841377820692236,1
-0.25209852955608386,-0.10203765113855341,1.4383931084795292,-0.4281154315628296,1,0,0,1,0,0,1.1196821938801182,-0.6082901103088059,-0.438485436776663,-0.0842465545559066,-1.0296004675845185,-0.4027101174423135,0.24512005583780494,0.3346225213056413,0.3436097217672223,0.438935610670329,-0.0791513570106229,1.8444765629737514,1.4315473854266172,-0.09183410104243471,0.030267425897867007,-0.8849374849030138,0.1991175829440838,-0.3859037206052904,1.0187373090415208,1.505274782839251,-0.4326049562396148,-0.4289586691182097,-1.3590028299314387,-0.395532105478698,-0.27385923247855815,-1.5052747828392519,-1.0187373090415215,-0.06326485836571254,0.06573744620098994,0.1272058382545045,-0.3583711065580761,-0.2609542867190535,0.3845801819166189,1.4110304042558486,0.9356076631310333,-0.4803306735805153,-0.4150773999081907,-0.4070549059059717,-0.013084607695344815,-0.7107937678977266,-0.8038690908401701,1.2041903675089267,-1.1125787146405561,-0.5986491559356475,0.10046155601764112,0
-0.48340089077122306,-0.6431607365392533,-0.15484123025532542,0.3052077222492148,1,0,0,1,0,0,-0.48292280564470574,-0.026236559872914074,3.5146076211932207,-0.7340701154153937,1.6361085368895207,0.5471271669559373,0.0905399450451868,0.2987633747628256,-0.12287897326809447,1.1312198334172325,2.1367929997383883,-1.0781996153628284,-2.8577174854846485,0.5818712394397929,-0.3162642220246926,1.0877165041841625,0.6019117830951597,0.8167955552964239,-1.295625183846869,-0.18555039652161812,0.4555008888965903,-0.726888662803437,1.2610298606527715,-0.9313595940766538,-1.9804936677669898,0.18555039652161812,1.295625183846869,0.4102278732177254,-0.40957446049198204,-0.3913578973966235,0.2015172482105774,0.4445346296798359,-0.9386295579527137,-1.6066603575270884,-1.3713993881826885,-0.046252995675895824,0.08453045990652028,-0.9381911455531051,-1.0805009276974533,-0.3607044410025493,-0.685407289429221,-2.761207072091096,0.6160407084282594,0.5704037944582268,-2.3120123683735136,1
0.2105061928741954,0.10410447663314094,-1.168717627632051,-0.13478617003801185,1,0,0,1,0,0,-0.3945902466157784,-0.13090153397727022,0.07324181991846762,-0.44069474110038037,0.4726070530445531,0.2399057854203449,-0.5650254118193401,-1.0303859665065451,1.4254504994286226,-0.9590909171011173,-0.07173968887758578,0.44927768203288976,-0.04764787260829556,0.21577969335848263,-0.5015941533926399,0.19000807886107057,-0.16592929942088502,0.14235627318417637,0.4407888507730546,0.17559215780023885,1.0012861165275757,0.9117510639342058,-1.7576987906472255,1.1311373006725578,0.23224830242535607,-0.17559215780023885,-0.4407888507730553,0.49378541408539117,-0.18442671521636386,1.0824548249802661,1.0284292798688959,0.9053781960371756,0.8571550890128092,0.10608304780917345,-0.09793149585751397,1.0079356506638961,0.6951622885689447,0.5793409677244183,-0.6060936743631827,-1.3461410648556402,-0.9054077777638412,0.5697267771729232,-0.7010026615289333,-0.7099875321636356,-0.5799798072721716,0
0.2105061928741954,-0.7719995663965628,0.5693561964423357,-0.13478617003801185,1,0,0,1,0,0,-0.356733435603381,-0.17858224440258805,-0.2977604411855021,-0.20286973351957077,0.08520574189551089,0.019439786734686864,-0.36266037102315557,-0.9301265502565145,0.9548980215086653,0.05940404129136249,0.47739440198793875,0.8028281073654757,0.05840360577702004,-0.9441875276123914,-1.2780884808702921,1.1800435621457948,-1.1760427826895932,-0.19586746521290418,0.633698674005907,0.4664671563038157,-0.43913297852804434,-0.0037331026469192515,-0.11954760768619896,-1.2463949192889434,-0.8118625607074264,-0.4664671563038157,-0.6336986740059076,-0.9266927806649233,-1.2351161931692491,-0.2730889752305771,0.3565632541465125,-0.15285517856115927,-0.49755964466293656,0.5138790966987595,0.2342775195316623,-0.6043528672675491,-0.6093693453916895,-0.3311783002420958,-0.989268763594709,-0.892321567028559,-1.2607931819966884,-0.5088613263982832,-0.28942660841731066,-0.09762646290970158,-1.0748462533011267,1
0.7502117023761872,-0.7204640344536393,0.27967722576327125,0.3052077222492148,0,1,0,1,0,0,-0.3188766245909836,-0.20067818338017435,-0.822280879298011,3.7493073997576305,-1.7326682659056873,-3.051879643231032,1.3803578627667272,1.0822371964633306,-1.4184943272321608,0.22737696791221468,-0.4259863741930097,-0.401443345357492,0.1973269684453861,2.1515648705811956,0.2993246028705681,-0.42394219041311426,1.0664540293183702,0.9887480658880707,-0.1602775458261487,-0.38855952469070976,0.2303970577559746,-1.1855476997028687,1.5131082486314256,0.7503059455091116,1.519123191688636,0.38855952469070976,0.160277545826148,1.8864110952131505,0.19081952690966666,-0.2276009282436361,-0.40574627503850064,0.017827623793410803,0.3845801819166189,-1.2804235184154193,-1.3713993881826885,-0.10826409251941274,0.0012624832707351544,-1.2416975682086098,-0.7338187041070253,0.08014878545804377,0.38074892326932136,-0.9847090191502859,-1.4418395571298541,-1.712032918215528,-0.3944048900113141,0
-0.35489957898503444,0.7740663918911503,1.0038746524609323,-0.13478617003801185,1,0,0,1,0,0,-0.29363875058271866,-0.20649290416374969,-0.8350740607153893,3.7984926203035396,-2.030929141420828,-3.0943629492657934,-0.05958243381728389,0.35477418371752395,-0.03623960068218067,-1.0914775587271373,-1.3749806274992722,-1.4114770285321654,0.9789816754623916,0.17552856591805674,-1.1473856887384868,0.9253921839393806,-0.2914473789003503,0.02033509647044546,-1.637116465595288,-0.3014141428425148,0.2582368994955061,-1.6363644961081727,0.9794706485434257,1.1855215336293665,1.8073954205499823,0.30141414284251544,1.637116465595287,0.1317027369921738,-1.0850176963188372,-0.09113678728281299,0.3953247556304958,0.2567835470898098,-0.655084613695,-0.9541866793037505,-0.319404172783631,0.38782468222872474,0.19555442875423396,-1.5452039908641146,-0.12256320461863823,0.39133929825375646,0.8715192434003977,-0.15990635171348128,-1.3595243465075295,-1.6006945419875402,0.6571863078002155,0
-0.09789695541265715,-0.4885541407104817,-0.4445202009343899,-0.13478617003801185,1,0,0,1,0,0,-0.4198281206240434,-0.08729112810045517,-0.5024513438635544,-0.023488340940371298,-0.11945692193288315,-0.04898069561603459,-0.6957300779313897,-0.11871504384448969,-1.767659517201357,-0.4174454216232136,-0.6917008899275446,-0.30102173972914115,0.38878945040659774,-0.388925985927763,-0.5205108743583244,-1.4207238280317482,-0.27204792458250476,-0.30769995018226787,-1.5457865278175358,1.122534507594003,0.5788193467475985,-0.3584962441536461,0.9887593438703647,0.29418376815299146,0.5988359212070924,-1.122534507594003,1.5457865278175342,-0.3696425082138195,-0.4846237089171882,0.00893691608845806,-0.7287587874050313,-0.7843815472730677,1.1722050270769362,-1.1173050988595852,-0.5962450189412776,0.139780294854656,0.27882240539001907,-0.5588081172337243,-0.7794347861583975,-0.2051091846046925,-0.07617516788719629,-1.0481553781838862,-1.5241547677521787,-1.32234860141757,-0.45626319576493324,0
0.10770514344524394,-0.2824120129387873,-0.15484123025532542,1.478524768348486,1,0,0,1,0,0,0.08492935954125552,-0.44547792836869626,-0.7711081536284979,1.6603821506901784,-1.5546632198737773,-1.6257821385483473,0.25436989527831494,0.7801700889681639,-1.5435986010992302,-0.3403515429298626,-0.9632938223393225,0.925497163075905,0.820598121727645,0.8335382817345017,0.558602071638701,-1.6423062759304432,1.0638666509374057,0.28619228236271854,0.01898787070343759,1.2434358081027634,0.4791540983928152,-0.5112126384588209,0.459791574665259,1.514704936755404,1.5317402082048064,-1.2434358081027634,-0.0189878707034383,0.5494904413305014,0.26586877533487285,-0.6278957417287164,-1.3101813096647865,-0.9038595089212672,0.5421051509486824,-0.6279498401920818,-0.7069813574043363,-0.5423417704240322,0.16779843654230542,-0.7105613285614767,-0.8706669502611417,-0.5292659687668935,0.05920974801103089,-0.6992004034990842,-1.7711003996191523,-1.6006945419875402,-0.1469716669968365,0
0.2105061928741954,-0.7204640344536393,0.5693561964423357,0.3052077222492148,1,0,0,1,0,0,-0.356733435603381,-0.17858224440258805,-0.822280879298011,3.7493073997576305,-1.6826484790538334,-3.0348863208171273,-0.8519927182183848,-0.013495484745389837,-0.3552878640151033,-1.475645033012047,-1.4897764774642386,0.41710998730082477,1.844641642722717,-1.0232109870614436,-1.1363948744673054,1.0488546253727096,-1.1621541583127168,-0.22143268916056716,0.8063022000563537,-0.23079243079930178,0.16233625234051752,-1.1198924622860291,1.5396881596676557,0.8411290691749397,1.7205964613544924,0.2307924307993025,-0.8063022000563543,-0.9823978079100336,-1.0850176963188372,-0.1457224436671417,0.4082452561251572,-0.10165033785478751,-0.34003467563087314,0.5954383064766764,0.2342775195316623,-0.5423417704240322,-0.026493508941193386,-1.1658209625447336,-0.6243401071837319,0.19684522775643593,0.5330569536548284,-0.826093121566285,-1.6887851889968277,-1.9347096706715041,-0.1469716669968365,0
0.7759119647334253,-0.4885541407104817,-0.15484123025532542,-0.13478617003801185,1,0,0,1,0,0,-0.81101516775215,3.8143865176785994,-0.5024513438635544,-0.023488340940371298,1.725931180924437,2.951682288523449,-0.33284602911251493,-0.5104644789077645,0.11658453919704961,0.5418491479438252,0.55400793644348,0.7301523159257552,-0.2952910789335792,0.04745486996058042,-1.4622041993478863,0.9195285577860479,1.0192240774360344,1.5950640965585003,0.3041828515459608,0.6941558255444424,0.5102468527726071,-0.7641755507998881,0.764662550891377,0.27864190653069365,0.83703218580415,-0.6941558255444424,-0.30418285154596153,-0.007559831120602114,-1.3852146900196616,-0.17301527185930607,0.31780175266252825,0.7346953936826055,-0.24551969421163483,-1.1988643086375024,-1.4267675574142176,0.5738579727592754,0.16779843654230542,-0.9381911455531051,-0.9527758979536108,-0.46443461193445323,-0.33002188519637315,-0.7626467625326843,-1.4418395571298541,-1.378017789531564,-0.5181215015185524,1
-0.27779879191332196,-0.7204640344536393,1.4383931084795292,0.3052077222492148,1,0,0,1,0,0,-0.7479204827314877,1.6658471881475105,-0.822280879298011,3.7493073997576305,-0.5690568034191699,-1.6163910919511895,0.2312175786952926,0.2149885322070912,-1.0255401188139648,0.36921146516297687,-0.14403038040000588,-0.48588001140987885,0.20861638204929137,0.453142068542241,-0.6705083717109391,0.2616219926259679,1.5495922645099427,1.511198827823243,-0.27639264516917894,-0.38855952469070976,0.1312605440415383,-0.9667790749330342,1.6648525700763541,1.0377682938265282,1.66263807293086,0.38855952469070976,0.27639264516917894,0.2152602778598393,-0.7848207026180125,-0.6551885699208807,-0.43158727602782254,0.17144214591252482,-0.43454965705011084,-1.3619827281933365,-1.4267675574142176,-0.046252995675895824,-0.026493508941193386,-1.0140677512169813,-0.5239847266707137,0.35244048415429274,0.7699805564767266,-1.0798785577006862,-1.4418395571298541,-1.712032918215528,-0.08511336124321738,0
-0.7147032519863632,0.7740663918911503,0.27967722576327125,-0.13478617003801185,1,0,0,1,0,0,-0.7983962307480176,3.764961391018209,-0.8350740607153893,3.7984926203035396,-0.27820839517963436,-0.0400368417139795,0.08778694714967514,0.3891641085333718,0.43088627689812004,-0.03611584470282076,0.13683603311540954,0.3370298436276604,-0.045877593397210835,0.17053610780347925,-0.9162365794425521,1.5444186942243352,1.0225670908216882,1.6615894997837402,0.8989187262297652,-0.4318681387001143,0.04832778256871154,-1.45200564376472,0.9629558692289313,1.062750199252154,1.444325199657473,0.4318681387001143,-0.8989187262297659,0.04814519612450831,-0.9349191994684248,-0.38226028799923456,0.4340862571144791,0.8541733553308051,-0.9071245641463012,-1.1988643086375024,-1.592872065108806,-0.046252995675895824,-0.026493508941193386,-1.3934507795363622,-0.24116501795220557,0.2746428559553643,0.7022880985276131,-0.4771381468814831,-1.1125787146405561,-1.378017789531564,0.47161139053935697,1
-0.12359721776989524,-1.0039094601397194,-0.8790386569529866,-0.4281154315628296,1,0,0,0,1,0,0.22373766658671274,-0.4768774206000031,-0.10586271992482811,-0.32033561317627235,-0.24385570592300848,-0.11918994874716707,-0.26055685205782453,-0.7958473888014526,0.6622419919442641,-0.4087155144910511,-0.23573278249100132,0.2939292426778112,0.31268886516742606,-0.9445497604662118,-1.3243505988596693,0.4333623291068182,-1.0645771024741448,-0.7101717395511531,-0.19575715951429745,0.595033997706013,-0.5814723459240502,-0.23437984005894966,-0.46981964077720784,-0.5034681395388789,-0.3868803174796007,-0.595033997706013,0.19575715951429676,-0.9545452942874786,-1.3101654415944555,-0.4823339913705056,-0.19901826712392082,-0.596630464683041,-0.5920746260821743,0.02452383803125581,0.12354118106860354,-0.6663639641110671,-0.5261013687559044,-0.17942508891434333,0.14201007127932075,-0.127311556405765,-0.3130987707090945,0.506280418139323,-0.20711139779498602,0.06938110143228039,-0.023255055489598248,1
-0.4320003660567478,1.6244026689493918,2.452269505856255,-1.8947617391869185,1,0,0,1,0,0,-0.33149556159511606,-0.18381549310780584,0.27793272259651985,-0.48004291753710804,0.5151617326977674,0.22962035343298154,2.428834262530458,-0.3320337227950329,-0.44447789785366465,1.7916273243354428,1.9466842127390342,1.7125202196188776,-1.384576258548289,1.9838486356465617,-0.08671751613757711,1.2638034387497799,1.221415757173743,1.5164663855610219,2.357232434132835,-0.0022010997120603167,-1.395114984667532,0.36885500073198757,1.8776167516682079,-1.2092379722787907,-1.0502505480303483,0.0022010997120603167,-2.3572324341328357,2.1649362314387024,0.11577027848446049,0.6366719645082435,1.248077788278137,1.7758604880454831,-0.30852968182446,1.0032343553662626,-0.04256332662598434,0.6358690696027934,-1.2755131584779709,0.5034643620605421,0.4339529964081015,1.3897421934733356,0.7192112130148905,-1.4922798914190887,1.2745623934068555,1.4054416161681371,-0.1469716669968365,0
0.8016122270906633,-0.5400896726534062,-0.15484123025532542,0.3052077222492148,0,1,0,1,0,0,-0.19268725454965888,-0.2605698074510004,-0.15703544559434116,-0.2861952836208763,0.0384049206630999,0.020781364819995127,-0.3879715590832039,-0.24657635865773442,-0.3740616764906096,-0.09880116660701098,-0.5904742543972927,-0.2696212091767487,-0.07331281780355561,-0.9337402453870701,-1.076894430541429,0.6213696439287278,-0.815524891750278,-0.3901714631233639,-1.3072103638266717,0.92874415142872635,-0.3934983540849438,-0.7403754095255577,1.1357714103913596,-0.6751865206205514,0.3867189567361558,-0.92874415142872635,1.307210363826671,-1.0938078624002545,-1.3101654415944555,-1.6013399472492547,-1.1034533017502068,-1.3134982345722352,-1.3796994712424915,-1.4435419379712537,-1.149926711256571,-1.3484860293897554,-0.5816133531797613,-0.9381911455531051,-1.0348848456460813,-0.37367071236903754,-0.6007917169928287,-0.826093121566285,-1.1125787146405561,-0.8769950965056176,-0.8892713360402683,1
-0.25209852955608386,1.4182605411776974,1.1487141378004646,3.2385003374973924,1,0,0,1,0,0,0.816827705780939,-0.5716573693722812,2.19690993520326,-0.6918286907112596,0.38449984755250005,0.0950153522070524,-3.7938358246450767,0.4911882015298458,-2.1523206448492656,-3.6066526805373056,-3.1340919542228,-2.0891589965555766,2.408765822505891,-0.6263102499104338,0.19974543433723083,-1.0194912063550041,-2.930291713767624,-2.135695115427362,-1.8495649588489123,-1.0149876916124754,4.649619244250807,-0.47407063031883107,1.9178040816477169,1.9667279866434049,1.9893824347773545,1.0149876916124754,1.8495649588489116,-0.7197883937545132,-0.07721350318035518,-0.7370670544973751,-1.099761730180303,-2.008421072730128,0.24955877988913647,-0.10364063447689935,1.041070842619661,-0.5689179547855394,4.664269174874705,-0.3311783002420958,0.42482977999782756,1.4027084648398238,2.276137745844509,-1.2702176348014877,-1.1125787146405561,-1.545025353873546,0.7809029193074537,0
1.0586148506630406,1.2636539453489257,1.0038746524609323,-1.6014324776621007,0,1,0,1,0,0,0.1480240445619179,-0.4565258978574894,0.4954168066919504,-0.5118686484785789,0.19061355217528922,0.04448257766044113,1.0193689808123294,-0.9979573721502583,1.2500354833265224,1.3329186908285255,1.4718196798167797,-0.11200164370573737,-1.742914840932418,0.5876254856204007,-0.8440425115248282,0.947327811349515,0.26629385355370433,0.592097034277652,-0.11207882534413707,-0.04159846927444537,-0.8303089205598683,0.5241845528669532,-0.756867291683519,-1.5366347317736246,-1.3353701559153295,0.04159846927444466,0.11207882534413637,0.2152602778598393,-1.009968447893631,-1.0099953364190213,-0.43158727602782254,-0.3064697006802721,-1.1591645145976028,-0.8726274695258333,-0.9284540343304539,-0.9764194483286528,-0.859173275299045,0.27583454506891375,-0.5331079430809875,-0.8145239388296306,-1.2946394109712458,0.030432725387320277,0.9453015509175579,1.0157572993701793,-1.0748462533011267,1
-0.7918040390580765,-0.87507063028241,-0.15484123025532542,-1.6014324776621007,1,0,0,1,0,0,0.4130217216486998,-0.5076954407529524,1.2246281474825116,-0.6090817902634353,0.31693699349174426,0.0802579932686615,0.5051520474815995,2.1616615153418834,-0.5065694863669803,0.7905119391503685,-0.3341857901466129,-1.25728260970269,-0.46715938149426195,-0.6642620903933584,2.02770757164325,-0.19967930530337538,-1.1271474486801327,-1.683891283477775,-1.2601455701587203,-0.46498649058965996,-1.366149072747011,-0.9356353369683065,0.49183901321081186,-2.185590745929688,-1.2095342012093853,0.46498649058965996,1.2601455701587196,-0.8988402670423681,0.9413120111617277,-1.6195351660440314,-1.4523068151060594,-1.723136960223203,-1.6317394216937933,-0.46483142063624716,0.12354118106860354,-1.658541513607341,-1.2724291593433121,-0.853883805926576,0.10551720563822252,0.3452370000617992,-0.5913899867221183,0.12912706166180937,1.5306541597874206,1.3745142894381406,-0.5937260974396413,0
-0.7661037767008384,-0.8493028643109486,0.5693561964423357,0.3052077222492148,0,1,0,1,0,0,0.45087853266109723,-0.5140916336148853,1.4676985944126986,-0.6356996743235747,0.3698647961405526,0.0959097375972579,-1.168769811315855,0.8509555543650434,0.09015293167490065,-0.9466998517856533,-1.037663706315277,1.1309471777742859,1.8671476779903065,-1.2480552774600149,-0.5919071651545686,1.3055142717086812,-1.665986896657542,-1.606849416214899,-0.01001094667634824,1.5524057982918193,0.37816074579520564,-1.7609228081351798,1.1886738620101496,-0.37303366474925,-0.2197620682809484,-1.5524057982918187,0.010010946676347532,-1.2609229441355856,-0.7848207026180125,-0.9190192424451392,-0.18609776662925942,-0.8185181077439823,-1.852274378338682,0.758556726032511,0.8433273810784847,-1.4725082230767892,0.20348471224335632,-1.6969572021918669,-0.46794211157902793,0.17646965846624119,0.01569316790088704,-1.2656857520133733,-1.1478566620501236,-0.6225073794130739,-0.19115617110656447,1
1.1871161624492292,-0.23087648099586283,-0.15484123025532542,2.2118479221605303,1,0,0,0,1,0,1.1575390048925156,-0.6106159986222359,2.6190849219767425,-0.7132387278900674,0.34628080540025374,0.08159957135396977,-2.2189114695958225,-0.5378224284245993,-0.0026141340072667247,-1.2108580836811227,-1.410537730144095,-2.035723799521874,0.36809766557994356,-0.40371038903665335,-0.1649243462327854,-0.17991393725843244,0.17232076012815717,-0.5572484578499265,-1.4375436385994584,-1.3507461849940225,2.682067748816128,0.5729605719082796,-0.1772225473488177,1.806661468977495,1.2897234721548605,1.3507461849940225,1.4375436385994576,-0.6481676444393714,-0.5596729573423944,-1.3193140559302208,-1.1938968052128347,-1.0745423112758372,-1.348194477436079,-1.2804235184154193,-0.8730858650989243,-1.2864749325462383,2.33276582907272,0.4275877563966659,-0.2594114507727547,-0.30883935553659736,0.39767203775660004,-0.09645999267988113,-0.37174181903963527,-0.9326642846196119,-0.3944048900113141,1
1.7011214095939837,0.9544407536913834,-0.4445202009343899,-1.6014324776621007,1,0,0,0,1,0,0.12278617055365294,-0.45187412123062914,0.09882818275322415,-0.44185204040734294,-0.02001900658294994,-0.00605019688617015,0.2916940523182933,1.9951638386475639,-1.063773892268915,-0.041306689931558,-1.3032129915371937,-0.4019438854464033,1.2053464417299744,-0.8862302710011609,2.155151254171148,-1.7426859076720775,-1.5158005074866363,-2.5803448209123405,-1.5580404398044867,0.9970420184583276,-1.2911185250207176,-0.5794417670546438,-0.29701672585424127,-1.4472391626917005,-0.8249637791409821,-0.9970420184583276,1.5580404398044854,-0.7317251853070371,2.4422969796658496,0.7549408866742913,-0.354064273059855,-0.9038595089212672,0.6051151385615076,0.758556726032511,2.0060589349406004,0.38782468222872474,-1.1644891896302574,-0.4070549059059717,0.534308376921121,0.28760912732185256,-0.33002188519637315,0.9186817518577256,-0.04248097655033679,0.514734606344233,0.7190446135538346,0
0.6988111776617119,0.7482986259196881,-0.15484123025532542,0.3052077222492148,1,0,0,0,1,0,0.19849979257844777,-0.4681553394246401,-0.3361399854376369,-0.18261699564772566,-0.46758293208315554,-0.21891391975508134,-0.9959869145610578,0.4710347666968462,1.219371260999607,-0.9712361657266442,-0.8845538124178653,-0.20994752606338582,0.8455876141392791,0.6431480465135496,1.1292723107082685,1.1820600956222578,-0.1994164417302493,-0.15361744708284295,-0.5252107151899527,0.23455420748543962,2.0275699998009404,0.4847702108511431,-0.4790649643061875,1.1143394709350947,0.9999857401532601,-0.23455420748543962,0.525210715189952,0.5216379277079463,0.9413120111617277,-0.2185033188462471,0.4082452561251572,0.3079883877961804,-1.1906695084040155,-0.22015379130249568,0.012804842605544792,0.139780294854656,1.7498899926222238,0.35171115073279,-0.25028823436248077,-0.4514683405679659,-0.008482709938082702,0.41111087958892223,-1.1125787146405561,-1.1553410370755877,0.038603250264021984,1
1.1614159000919912,-2.1119233969125806,0.5693561964423357,1.0385308760612593,1,0,0,1,0,0,7.1010583338389095,-0.7984314799317195,1.53166450149959,-0.6426434701653501,-0.8098050716510471,-0.11740117796675605,1.3420878019706561,0.09474404709820304,-1.4684790526444622,1.691221464045384,0.9123307261965503,-0.0463763393936152,-1.343589655712648,1.163009528868379,-0.4996308270499888,-0.8873248982617192,1.3943619829262197,0.6090242140745633,0.03622492998512883,-0.09917924017331377,-0.7041403407576682,-0.6305583724261146,1.1157841098383912,-0.902105615692728,-0.5914810182342235,0.09917924017331377,-0.036224929985129536,0.7166055230658329,-0.7097714541928067,-0.9190192424451392,-1.1809763047181743,-0.6649035856248688,-0.2770246880180474,-0.8726274695258333,-0.983822203561983,-0.728375060954584,-0.3040534310604773,-0.02767187758659086,2.2585962784629876,2.660436787389163,1.988444799560775,0.47455723862252236,2.097714499630101,2.2404794378780473,1.8324941171189824,0
-0.8432045637725518,-0.2566442469673251,0.27967722576327125,-0.13478617003801185,1,0,0,1,0,0,-0.2810198135785862,-0.22626295482790584,-0.08027635709007157,-0.3220715621367162,0.20374879010862387,0.07489168092742844,-1.1816275075050233,-1.535883997963575,1.3958512084307182,-0.9437578225236707,0.1828757216738636,0.9708054089283764,0.38874709299935467,-0.7152006109323862,-1.7301884365385785,1.3194667914862324,-0.7688405789771975,0.23194004265913473,0.5516412599819246,0.7769517052683067,0.9284617896966582,0.37478419389519285,-0.5822384866656902,0.5125867748735254,-0.011303086500562162,-0.7769517052683067,-0.5516412599819253,-0.7874302125521474,-1.685411683720486,-0.6915790075104341,0.03355074177998182,-0.27233314020935756,-0.8126095827270634,-0.22015379130249568,-0.4855086804782194,-0.728375060954584,0.41760236644966076,-0.1035484832504671,-1.1991027410310207,-1.268343436656712,-1.0238695791747903,-0.7309235830158842,-1.1948939252628807,-1.0440026608476,-0.9511296417938885,1
0.2619067175886707,0.9029052217484598,-0.8790386569529866,-0.8681093238500562,1,0,0,1,0,0,-0.29363875058271866,-0.2012596554585319,-0.041896812837936774,-0.35621189169211226,0.2504856371542722,0.12050533582790941,-0.7049087221428809,-0.14989718914196798,0.2333081612155598,-1.1753454505698415,-0.6488589507376001,-0.3010943004584139,0.7445432627796151,-0.791156953085364,0.06241595958699678,-0.36435735123217955,-1.3064071622438778,-1.1732346996559433,-0.38662849897585155,-0.027203276549727037,0.18967803191569538,0.26826553444898893,-0.6850840717506784,0.2924048976192439,-0.3018869181566385,0.027203276549727737,0.3866284989758509,-0.7874302125521474,-0.03432821836595151,-0.2639913658331881,-0.40574627503850064,-0.8697229484503528,-0.05648973137315825,0.2692014673650073,0.5111183656893089,-0.728375060954584,0.5286263352973745,0.7310941790521709,1.3371514210252706,0.7154960824159574,0.8038267854512828,1.0772976494417266,0.5337254978059351,0.5704037944582268,1.2139110595827887,1
0.5960101282327613,-0.87507063028241,0.5693561964423357,-0.4281154315628296,1,0,0,1,0,0,0.766351957764409,-0.5611908719618456,-0.06748317567269331,-0.33017265728545425,-0.48331939039804844,-0.17643061372031965,0.3137041963200285,2.3491478769601106,0.5762597181186089,0.26931383645373735,-0.14227821178481426,0.4661202014444887,0.4161704012614343,-0.12081429120289422,2.091074875936482,0.5407673948445061,-0.09699282895964066,-0.5962432796685798,0.08301123374971872,0.5534028300138731,-0.556929537648405,-1.1294862777921426,-0.24434725907298965,-0.4600020472520512,-0.3971468697255213,-0.5534028300138731,-0.08301123374971872,-0.007559831120602114,2.2171492343902317,0.48201260475264507,0.705416767502365,0.6322857122698633,-0.7180946013078251,0.758556726032511,0.7879592118469556,0.2638024885416898,-0.7759052986632599,-1.317574173872486,-1.3906902856467844,-1.2813097080232,-1.3454087544330806,-0.857816301083085,-0.7010026615289333,-0.5429799678216537,-1.2604211705619852,1
0.9044132765196139,-0.2051087150244015,-0.8790386569529866,0.3052077222492148,1,0,0,1,0,0,0.08492935954125552,-0.433267014723188,0.12441454558798068,-0.44763853694215583,0.023816464172045134,0.012731896308145543,-0.06332521066218524,-0.3485605439727892,0.9505216850158156,-0.3818138725148131,-0.49095071506227056,0.4466494892581969,0.9616868454482053,-0.5568966834338144,-0.9935806369039148,1.1212420725515055,-0.5576479429884161,-0.34978850331888206,0.4407888507730546,0.17200761631813533,-0.46838935744128646,-0.5169369850873812,-0.1726548353405554,-0.03714824531564315,0.29675958168298117,-0.17200761631813533,-0.4407888507730553,-0.5367575899491508,-0.9349191994684248,-0.04564874029587195,0.5374502610717695,0.2738518273252659,-0.9386295579527137,1.0032343553662626,0.8433273810784847,-0.23228628620644656,-0.49834537654397587,-0.5588081172337243,-0.2776578835933038,-0.32180562690308556,-0.3130987707090945,0.2524949820049213,-0.4540570296619595,-0.4316415915936655,-0.332546584257695,1
-0.7147032519863632,0.8256019238340739,-1.168717627632051,-1.161438585374874,1,0,0,1,0,0,-0.15483044353726144,-0.27917691395844146,-0.3233468040202586,-0.191296740449945,-0.17673452384362007,-0.06686840342014477,-0.28108449412431,0.2500427634458702,-0.8770973700624592,-1.1140770928412846,-1.2002041905980376,-0.4988702677256291,1.09237072443195,-1.3172712062442788,0.4268377224474255,-0.06803910572180859,-1.7940801850506871,-1.8652973922142426,-0.16027754582615011,-0.5214382267650228,-0.9253470369109976,0.08440512031499212,1.130648748227137,-0.27393292244490913,-0.2607756238828235,0.5214382267650228,0.16027754582614942,-1.0659553487776992,1.1664597564373458,2.0468014211034156,1.6873748050966186,0.700558833211691,0.9201650766256344,1.9003856629233515,2.227531611866718,0.7598912632898273,-0.9701972441467586,-0.17942508891434333,-0.7520651369275744,-0.11434528503927678,-0.21156008378542468,-1.4922798914190887,0.03983423407198747,-0.2089648391376897,-0.8892713360402683,0
-1.6399126968469209,-0.7204640344536393,1.4383931084795292,0.5985369837740325,1,0,0,1,0,0,-0.36935237260751347,-0.1576492495817168,0.6745213465352461,-0.5454303283804937,0.763211700067656,0.3002767992592168,2.730420243811168,-0.1278478317724538,0.36312564943684505,1.6755567288380975,1.8736799220937896,1.1267071730227305,-1.6439756724444259,3.5617257318352964,-0.5080195850594965,0.756657242152926,1.6929306738383436,1.9337683874987723,1.6975640436622979,-0.14692914774798616,-0.23788143010207813,-0.33344770670295615,0.2639626290560063,-0.5848879659923478,-0.5479272110879477,0.14692914774798616,-1.6975640436622985,3.696824480679237,-0.3345252120667762,0.5365982611369737,0.8733832739329616,1.605177685690913,0.19555021907814235,-0.13859458152457876,-0.8177176958673952,0.6358690696027934,-0.3595654154843339,-0.482931511569848,-0.5878472415426337,-0.37367071236903754,-0.5669454880182719,-0.7309235830158842,0.6983559190505837,0.6817421706862145,-0.7036964187794109,1
-0.6376024649146498,-1.9830845670552713,0.27967722576327125,-0.4281154315628296,1,0,0,1,0,0,-0.21792512855792381,-0.2530106704323524,1.0839031518913507,-0.5969301475403284,0.7339094091190116,0.2667373471265102,0.24318499161516066,0.47377902354959206,0.18121089117048558,-0.28737473021380144,-0.5767279824179765,-1.8611385327633367,-0.3210007230360962,0.23403625001092376,0.5509306083606165,0.15215843184510053,-1.1587872698154766,-1.3863436564934326,-1.532862003731795,-1.0180971097758913,-0.10430838717405162,-0.09836638921595572,-0.09481680892974309,-0.7608089000983665,-0.6037201277149205,1.0180971097758913,1.5328620037317944,-0.11896988561082296,0.04072103005925432,-1.1828499149693978,-0.9354867953196102,-1.2793616741013212,-1.348194477436079,-0.7910682597479163,-0.1532996650890431,-1.2864749325462383,0.16779843654230542,0.27583454506891375,1.172933525640331,0.9359226956462544,0.5330569536548284,0.886958572340925,2.0153992890077768,1.5167799923961247,0.8427612250610729,0
-0.07219669305541997,0.10410447663314094,1.4383931084795292,-0.13478617003801185,1,0,0,1,0,0,0.4256406586528323,-0.5117657453014551,-0.029103631420558513,-0.3706781330291445,-0.2948745298524545,-0.10711574597939269,0.5223927788612422,0.28026787442199125,0.7843445631046375,-0.2842792903190288,-0.20650851970760406,-0.6911982292893953,-0.24943180096325698,1.5550053869807463,0.8788955447746327,-0.7690093568058505,0.38101819487459065,-0.3676383823107089,-1.0827475017179835,0.13114384342216406,0.8273431851448094,0.495781809592274,-1.8450055340726745,0.7618541008572369,-0.09045613574753089,-0.13114384342216406,1.0827475017179828,1.5800334453650435,0.9413120111617277,0.30006041680488094,-0.1602567656399366,7.593435579547688e-4,0.29006520049738066,-0.38327221085833024,0.12354118106860354,0.6358690696027934,0.3898463742377325,0.04820472807728505,-1.0531312784666302,-1.709196663117305,-1.3792549834076382,0.1890486229713212,-0.28942660841731066,-0.26463402725168356,-0.8274130302866491,0
-1.3829100732745436,0.28447883843337485,-1.168717627632051,-0.13478617003801185,1,0,0,1,0,0,-0.0412600105000692,-0.3466276750479154,0.36748499251816774,-0.4985597064485092,0.2659752261028921,0.11871656504749839,-0.6074256841605692,-0.4770812120332952,0.6377864792846898,-0.32152771993612267,0.2987033885829396,-0.2235715544506644,-0.9263798062068478,-1.011172922733144,-0.2723159453777316,1.0811598048412638,-0.5455888146022827,-0.16776819538614898,-0.43967950362031105,0.13114384342216406,-0.1657118699019336,0.3820087996533596,0.21458585405567168,-0.10663332283046623,-0.5521220238094039,-0.13114384342216406,0.4396795036203104,-0.9545452942874786,-0.25947596364157,-0.009258302706318612,0.5503707615664309,0.2909201075607231,-0.7180946013078251,-0.46483142063624716,-0.319404172783631,0.015758101167622184,-0.16527347000083534,0.35171115073279,-0.0039613912850709025,0.10608132819102022,0.05920974801103089,-0.667477223982284,0.6983559190505837,0.848749735028197,-0.08511336124321738,0
-0.2006980048416086,-0.12780541711001567,-0.4445202009343899,-0.8681093238500562,1,0,0,1,0,0,-0.5586364276695006,0.049354810313565374,0.21396681550962854,-0.47194182238836996,0.8706428714051347,0.4026839264377476,1.1218473796548831,0.4765591707143775,-1.457949849132709,1.4845578880206856,0.546649702755462,-0.12200236827946175,-0.23425410966974483,0.7149289495858914,-0.8416489718151968,-1.3076679240570144,0.9318554517825585,0.37151278963427964,-0.05671543019588151,-0.11014700605881247,-0.8456075075279056,-1.497237881381669,0.6789861327100184,-1.0815300164474708,-0.34796145629804964,0.11014700605881318,0.056715430195880795,0.6609004958207222,-0.7848207026180125,-1.6069330893092284e-4,-0.6770767854263857,-0.3064697006802721,0.9201650766256344,0.18764225758709038,0.2342775195316623,0.6978801664463103,-0.9424412519348303,-1.5452039908641146,-1.0257616292358074,-0.5681647828663581,-0.9223308922511192,-0.826093121566285,-0.28942660841731066,-0.3759724034796717,-1.136704559054746,0
-0.1749977424843705,1.0575118175772313,0.27967722576327125,-0.13478617003801185,1,0,0,1,0,0,-0.6217311126901629,0.30520252479088045,-0.19541498984647596,-0.2572628009468119,0.7246738805195572,0.43354022239983764,1.3764230222043858,0.9514077881692018,0.7817378070747079,1.482353687814806,1.0186113415352573,0.3153588004248825,-0.9902298676730822,1.5163240899395762,-0.3602346567217938,0.8444060627151824,1.496491316668084,0.9478379245840219,0.33643704580791395,0.0964376253461319,-0.39885655386075036,-1.6667122183440373,-0.22011511182417298,-0.5186690259316626,-0.3988653797955883,-0.0964376253461319,-0.33643704580791395,1.8864110952131505,-0.03432821836595151,1.0824548249802661,1.4160442947087326,2.083089532283709,-0.43454965705011084,0.2692014673650073,0.12354118106860354,1.3179911348814817,-0.6093693453916895,-1.6969572021918669,-1.1534866589796486,-1.0738493661593913,-1.176177609560296,-0.667477223982284,0.12214944469431245,0.18071947766026855,-1.136704559054746,0
1.6240206225222695,-0.2566442469673251,-1.8929150543297122,-0.4281154315628296,1,0,0,1,0,0,0.2868323516073751,-0.4850180296970086,-0.7071422465416066,0.6535317536327364,-1.3303094807154923,-0.8780759523365417,-1.4186649808279443,0.6069144960656765,1.6970882765250634,-1.404194650190794,-1.2126424517230134,-0.16065409908091222,1.1725588711443558,-1.4022417071917137,0.21662961722135654,1.9135583653584345,-0.9686390394016674,-0.6621952608353019,-0.01001094667634824,-0.20918429502488586,0.5715847982600456,-0.6159943976390463,-0.3970349124835846,0.9364904909176849,0.9299897912178015,0.20918429502488586,0.010010946676347532,-1.2887754577581405,0.340918023760079,0.40923172957353837,1.3902032937194106,0.8541733553308051,-1.348194477436079,0.758556726032511,0.8433273810784847,-0.046252995675895824,0.8339422496285867,-0.3311783002420958,0.9813459810245673,0.5987996401175653,0.9730579303240674,1.3628062650929278,-0.04248097655033679,-0.15329565102369538,1.275769365336409,0
0.8016122270906633,0.9544407536913834,-0.15484123025532542,-1.6014324776621007,0,1,0,1,0,0,-0.19268725454965888,-0.2605698074510004,-0.5280377066983108,0.0025508934662866888,-0.45480044972198,-0.20236779003627944,-0.13981410505130026,-0.18678607507194422,0.6341821640094157,-0.13786212842309858,-0.5718082111400243,-1.386283071727169,-0.6086713103670658,-1.1194210438764909,-1.0038456601887666,0.43932933555582426,-0.9793605702067649,-0.9629966684113982,-1.4375436385994584,-0.4649864905896614,-0.9240974007790453,-0.749260795601308,-0.42546464995512684,-0.7848743354449973,-0.19680013526998624,0.4649864905896614,1.4375436385994576,-1.17736540326792,-1.1600669447440433,-1.11916664918768,-0.7545997883943533,-1.05747403104038,-1.2851844898232538,-0.9541866793037505,-0.4301405112466897,-0.9144083514851348,-0.8314172830871166,-0.6346847228976005,0.2879815338437111,0.015317428625603584,-0.29617565622181696,0.9821281108913258,1.0276167615398821,0.848749735028197,0.038603250264021984,0
-0.09789695541265715,2.1397579883786295,-0.4445202009343899,-0.8681093238500562,1,0,0,1,0,0,-0.44506599463230834,-0.07856904692509216,0.20117363409225028,-0.4632620775861506,0.6370065224708688,0.29759364308860026,0.23234069898017493,0.3854368654340575,-0.8259886820630847,0.14056791624639844,-0.1561360474618263,-1.7882885222339289,-1.1637286890606873,-0.411208317855465,-0.43083115447024917,-1.3536466234529818,-0.45846420139586563,-0.6193477283078588,-1.8366892925911174,-0.6174061782631385,-0.7339499038130121,-0.9606213867239095,-0.23113011222265736,-0.644503440323416,-0.4016880018247503,0.6174061782631385,1.8366892925911165,-0.3417899945912644,-0.3345252120667762,0.2545723698179399,-0.5091102789957901,-0.6478353053894121,1.140700033270523,-1.0357458890816678,-0.319404172783631,0.44983577907224165,-0.6648813298155464,-0.8623145398892288,0.1785029369204177,0.028283699992091807,-0.2284831982727022,0.41111087958892223,1.2745623934068555,1.0157572993701793,-0.023255055489598248,1
1.4184185236643685,0.6194597960623787,3.176466932553916,-1.6014324776621007,1,0,0,1,0,0,2.179672902227246,-0.6978368103758661,-0.7839013350458762,1.7992580675256877,-2.43685650598275,-1.927190015047604,3.6051943214211284,0.55701744542862,0.05575087863468455,1.4010683179172705,0.8527449736137914,0.3022563827042614,-0.7125572111886945,4.433216717633222,-0.5624550159087899,1.855955583030966,1.8736358431962163,2.0064445299090976,0.9953441571592244,-0.5749285603869245,-0.5834925548366171,-1.3279790124013944,1.7888430545129232,-0.034887678711462644,0.8502923310105654,0.5749285603869245,-0.9953441571592251,4.504547375733337,-0.40957446049198204,0.4547197765604794,1.4031237942140713,2.253772334638279,-1.1276595207911904,-1.1173050988595852,-1.5375038958772762,0.8219023601333442,-0.47058938433204756,-1.1658209625447336,0.4704458620491997,1.3767759221068474,1.2776739910950803,-0.4771381468814831,-0.20711139779498602,-0.48731077970765985,0.8427612250610729,1
-0.8689048261297889,0.20717554051898904,-1.6032360836506476,-1.161438585374874,1,0,0,1,0,0,1.220633689913178,-0.6146863031707387,-0.4128990739419065,-0.12764527856700325,-1.0239949636563714,-0.3740897849557372,-0.9009350430265024,-0.40779427696701387,0.2460820571706199,-1.2072923210283009,-0.706406033304109,-0.13174088089712643,1.1412265760675484,-1.3415550609922677,-0.9267032108171137,0.3101533223122929,-2.11970814795865,-1.1824030823120157,0.3169427525726682,-0.49401881205127574,-0.08769390136338359,-0.36864049028989215,-0.024728238098474326,-0.4708922768622653,-0.23602403357904997,0.49401881205127574,-0.31694275257266885,-1.2609229441355856,-0.8598699510432187,0.018034525485845748,0.17567624722125458,-0.6990401460957827,0.19555021907814235,1.247911984700014,1.1755363964676604,-0.5423417704240322,0.11228645211844858,-0.1035484832504671,0.8627441676909999,0.7154960824159574,0.46536449570571364,0.7600658542737248,0.6160407084282594,0.4033962301162448,0.7190446135538346,0
0.8016122270906633,-1.0812127580541053,1.7280720791585935,-0.8681093238500562,1,0,0,1,0,0,-0.10435469552073157,-0.32278731983525655,-0.5664172509504457,0.043056369209976894,-0.6201726396776468,-0.281520897069467,-1.124751959165865,-0.44795000502400223,2.5995581462066197,-1.1027556081135383,-0.1597316449227751,-0.5221857595522414,-0.31452101439473396,-0.14884974425902145,-1.2602387013294853,2.399030715692153,-0.2760640549453021,0.5594341509316695,-1.3293007493813815,0.6061852033378367,1.4152660680980182,-0.647654025810979,-1.1428885639474682,1.2160112914549623,0.7538375247735064,-0.6061852033378367,1.3293007493813809,0.0759977097470634,-1.009968447893631,0.9641859028142197,2.217115325377728,1.9636115706355104,-0.9071245641463012,-1.0357458890816678,-0.5962450189412776,1.3800022317249987,1.3890620938671545,-0.5588081172337243,0.19674936974096682,-0.4385020692014777,0.04228663352375219,1.109020828958526,-0.5363722402842841,-0.32030321536567735,0.8427612250610729,0
0.05630461873076867,-0.7977673323680251,-0.8790386569529866,1.7718540298733036,1,0,0,1,0,0,-0.2684008765744537,-0.23265914768983872,-0.5536240695330674,0.02280363133813179,-0.42509869784254545,-0.19655428499994362,-0.013433433908634825,-0.8192448100660538,-0.8318742404775824,0.9091202669242151,0.8671255014163135,0.6983210330885484,-0.1185252161388758,0.8499724336549357,-0.608684681173583,-0.7143831549866034,1.3890314790601561,1.204476234294105,0.6152054390719316,0.3422733367180179,0.8679619576443112,0.5146722606486323,0.4193137787721682,0.14917700826969418,0.048630990362236566,-0.3422733367180179,-0.6152054390719323,0.8001630639334981,-0.5596729573423944,0.03622974428062242,-0.3411437725651945,0.20557870638343811,0.8571550890128092,-0.46483142063624716,-0.762349526635866,0.015758101167622184,0.8894542340524437,0.5793409677244183,0.2606118846128881,0.4432043837197094,0.4822876101929924,-0.28679906978068154,-0.6186874509066087,-0.5429799678216537,0.16231986177126023,0
0.5960101282327613,-0.7719995663965628,-0.8790386569529866,0.5985369837740325,1,0,0,0,1,0,-0.48292280564470574,-0.06693960535794147,0.44424408102243734,-0.5089754002111725,0.839699867446829,0.34186571990377296,0.6793930229506142,-0.8151762843570213,-0.06294636386232803,0.30529605914105834,0.880717567944793,-0.1902214520930371,-0.8811270910557764,-0.2839193932994249,-1.6762362342695938,1.2776439213023467,-0.8827289321634794,0.043394368885772035,-0.2611143426240418,-4.693472038239746e-4,-1.2284014491373478,-0.5603616291243723,1.369958713514283,-1.2877341785088947,-1.102609817132521,4.693472038232714e-4,0.2611143426240411,-0.23037994010104354,-1.535313186870074,0.19998671343360988,0.8475422729436388,0.4103980692089227,-0.2770246880180474,0.18764225758709038,0.34501385799472056,0.38782468222872474,-1.2477571662660425,-0.7864379342253526,-1.0075151964152582,-0.24400799870415715,-0.7192535184037778,-1.8095116865870906,0.36909507656128593,0.4033962301162448,-1.3841377820692236,1
1.1871161624492292,0.5163887321765315,-0.15484123025532542,0.3052077222492148,1,0,0,1,0,0,1.1575390048925156,-0.6106159986222359,-0.7583149722111197,1.371057323949534,-1.9750417768957826,-1.5291885164061523,-2.6029524661346044,0.008072660955263206,-0.8812664986648702,-1.0836867992786414,-1.7367225439088199,-2.0722619991985076,0.8795203083008732,-0.3701688253484554,0.047894461950755356,-0.4007706883246923,0.36680496999972345,-0.23290676158148615,-1.5627658045576254,-1.276386111883534,3.2496004383267665,0.03689964007792487,0.8019849346888683,1.8277084815044522,2.0304362436822827,1.276386111883534,1.5627658045576247,-0.6760201580619267,-0.4846237089171882,-1.583144728454478,-1.5039888170847049,-1.3134982345722352,-1.222174502210428,-1.4435419379712537,-1.0391903727935126,-1.4104971262332722,3.1932015876424997,0.12408133374116129,0.2788583174334372,0.6636309969500054,1.4299820214805863,-0.0012904541294803558,-0.8656330827735822,-1.378017789531564,0.7190446135538346,0
0.8273124894479005,0.6967630939767645,-0.4445202009343899,-0.13478617003801185,0,1,0,1,0,0,-0.7100636717190902,0.7761949082604832,0.188380452674872,-0.4632620775861506,1.3738034736029834,0.9549669048896496,-0.5180629873356654,-0.9278119307077914,-0.8479812472840045,-0.22204667853307336,-0.25006935102098,-0.29133411633714723,-0.1129509471537137,-0.07748031763529348,-0.27708201162129653,5.320613137684468e-4,-0.37535535192441366,-0.29234811011098,-0.49529816032406576,0.09388569754642515,0.642961774483188,0.995876315765255,1.1597534428857181,-0.07222520423221797,0.03968137513421702,-0.09388569754642515,0.4952981603240644,-0.20252742647848845,-0.40957446049198204,-0.50962681956267,-0.43158727602782254,-0.5454256239766699,-0.37153966943728567,-0.6279498401920818,-0.4855086804782194,-0.4183195767369984,0.5563823275093027,0.8828473903799233,-0.0951935553878152,0.5080357405521495,0.4484413812184362,-1.016432198667086,-0.12479618717266176,-0.09762646290970158,0.10046155601764112,1
-0.38059984134227254,-2.1119233969125806,1.0038746524609323,1.0385308760612593,1,0,0,1,0,0,-0.6091121756860305,0.1772786675522229,1.53166450149959,-0.6426434701653501,1.5295536294906447,0.6329881644156662,1.0553601707978857,-0.36670544628465823,-1.1378888673844318,1.0205092350094798,0.11511741887886467,0.08542967149643999,-0.021484396145914998,0.9163841917061593,-0.913812983332656,-0.5128277530536913,0.8062870576222901,-0.17606823428009996,0.46109514795545875,-0.340792671003865,-0.5518637208822749,-0.41212305296855944,1.0401897663182325,-0.5791416943341882,-0.32155464440255827,0.340792671003865,-0.4610951479554595,0.577342954953057,-1.009968447893631,-0.7461646638947628,-0.8708842928463041,-0.5454256239766699,-0.7811045889206503,0.4323198869208419,0.2342775195316623,-0.9764194483286528,-0.19302946221276363,0.12408133374116129,1.848051540000638,2.232549832295058,1.7853674257134342,0.31594134103852145,1.8507688677631275,1.795125932966095,1.5850608941045057,1
1.110015375377516,-0.8493028643109486,0.5693561964423357,0.3052077222492148,0,1,0,1,0,0,-0.4955417426488382,-0.02042183908933873,-0.2977604411855021,-0.22254382173793458,0.31017149552816947,0.1562807514361298,1.478592780710628,1.3853789877282765,-0.955545187583978,1.305246383572335,0.6114230959150428,0.43738940928624376,-0.2980799319614991,1.1886395156809015,0.31779053969942933,0.19499948362624442,1.2328820244066656,1.2399468564985774,0.5174554829923397,0.08334093927970501,-0.8683446557610671,-1.583120551559633,1.5022179577464378,-0.5407989456797506,0.4156867995721628,-0.08334093927970501,-0.5174554829923405,0.9951306592913848,0.19081952690966666,-0.2730889752305771,-0.1344157646506147,0.3591932285025509,-0.11949971898598452,-0.8726274695258333,-1.149926711256571,0.139780294854656,-0.8869292675109735,-1.5452039908641146,-0.49661507743988936,0.30057539868834077,0.05920974801103089,-0.826093121566285,-0.8656330827735822,-0.9326642846196119,-0.332546584257695,1
-0.7147032519863632,-0.7462318004251005,0.27967722576327125,-0.13478617003801185,1,0,0,1,0,0,-0.7983962307480176,3.7184436247496064,-0.3617263482723934,-0.1797237473803192,1.677147595670538,2.9986375215092385,0.44145813066583256,-0.8867618568766154,1.364236554296036,1.6342240856300223,1.9808525139367146,0.5711760860457906,-1.841269096955269,0.25275415215802943,-1.0244443426348755,1.6412536218382427,1.1357611272051682,1.6616876968692786,0.5791922973583978,0.2045801889163758,-0.3613093062482914,0.19084262435883023,-0.21565546386624165,-1.081530016447473,-0.9528906675550979,-0.2045801889163758,-0.5791922973583985,-0.06326485836571254,-1.1600669447440433,-1.0372881646111858,-0.1473362651452761,0.3079883877961804,-1.4742144526617298,-1.4435419379712537,-1.7589765728033937,-0.6663639641110671,-0.6371253376036178,-0.3311783002420958,-1.4363063676981567,-1.3072422507561756,-1.5654092427677009,-0.9847090191502859,-0.12479618717266176,-0.04195727479570725,-1.5078543935764617,1
-0.27779879191332196,0.5936920300909173,1.4383931084795292,0.5985369837740325,1,0,0,1,0,0,-0.7479204827314877,1.7472532791175652,0.764073616456894,-0.5558460221431568,1.8965695274950134,1.7733295369276907,0.4523981921670229,-2.1318544674876962,-0.5062560057053705,0.8917927419998734,1.039703574232311,-0.4371665502258097,-1.1241680908827045,0.6086454422477837,-0.7237305053039679,-0.052204161916100354,1.4218240419749117,1.2138411415583696,-0.37315522795503414,-0.2261522221554376,-0.020919344357798596,2.2010198279654887,0.6396087713003287,0.20510192061028285,-0.16658594726393697,0.2261522221554376,0.3731552279550334,0.4102278732177254,-0.7848207026180125,-0.46413877257572894,-0.4186667755331612,0.13730558544161034,-0.18250970659880966,-1.1988643086375024,-1.2052948804881005,0.015758101167622184,0.11228645211844858,2.400379503657447,0.5799244589724931,0.8451587960808378,0.8884423578876751,-0.5723076854318833,0.5337254978059351,0.45906541823023866,0.34789477903211874,1
0.9044132765196139,-1.0554449920826439,-0.8790386569529866,1.7718540298733036,1,0,0,1,0,0,0.08492935954125552,-0.433267014723188,-0.6047967952025805,0.08066859668626065,-0.8635892959283386,-0.3955550343206694,-0.8959891833777706,-0.6085458426959105,1.2120226001609102,-0.881385902240167,-1.0173947308340865,-0.0707960072740001,1.1770378145531188,-0.6514052860105836,-0.955059205437108,0.5659937305163182,-0.4680731353104159,-0.6735736809134701,0.19616880564547262,-0.29111514316954507,0.5950182837744292,-0.12150907907491185,-1.088106382475806,0.7265621831045326,0.6650493790401136,0.29111514316954507,-0.19616880564547334,-0.5924626171942612,-0.8598699510432187,0.14540105704928116,0.42116575661981864,0.20557870638343811,-0.7180946013078251,0.9216751455883455,0.8986955503100138,-0.10826409251941274,0.5563823275093027,-0.1035484832504671,0.041654690766301246,-0.5292659687668935,-0.2284831982727022,1.1724671879921262,-0.37174181903963527,-0.5429799678216537,0.10046155601764112,0
-0.14929748012713334,0.8256019238340739,-0.4445202009343899,-1.161438585374874,1,0,0,1,0,0,-0.6595879237025604,0.4476631839884763,-0.3233468040202586,-0.191296740449945,0.7118913981583822,0.49212246545829846,1.4186346084198893,-0.922086184236503,-0.994298128514941,0.8008077686192562,1.310188322084943,0.4175406128379462,-1.3408015020054145,0.691361483811964,-1.1455651937820464,-0.14688569801197215,0.4686468374915476,1.2767074171749628,0.594470599903532,-0.020113106998745453,-1.2818457078421706,0.1179901624586464,1.2116328899650877,-0.6171374497881366,-0.4568526845119631,0.020113106998745453,-0.5944705999035328,0.605195468575612,-1.0850176963188372,-0.10023439668020068,-0.1602567656399366,0.03489590402886805,0.9201650766256344,-1.1173050988595852,-1.4267675574142176,0.20179139169817292,-1.2755131584779709,-0.17942508891434333,-0.8341740846200435,-0.1532440991387405,-0.38079122865820925,-1.5240030709358887,-0.12479618717266176,-0.15329565102369538,-0.8274130302866491,1
-1.6399126968469209,0.6967630939767645,1.4383931084795292,0.3052077222492148,1,0,0,1,0,0,-0.36935237260751347,-0.1576492495817168,-0.6687627022894718,0.4168640453588893,-0.6056371670774016,-0.4434046526966642,2.3702612253888202,0.26505714834814814,0.6835889681526,1.5313345933948954,1.7001318804616703,1.7636692140221557,-0.7724452227623193,3.8620971649523037,-0.254996505637602,0.5746611771510742,2.2374344386614027,2.4486800960322794,2.0459093416913814,0.3763264807979944,0.5630560490586713,-0.619249155945758,-0.3570099569064194,0.1498674469932383,0.18040480666752878,-0.3763264807979944,-2.0459093416913823,3.5575619125664613,-0.25947596364157,-0.06384395909064733,0.24027874969456073,1.1614023995690306,0.038025250046078915,-0.709509049969999,-1.4267675574142176,0.139780294854656,0.44535835866158957,-0.6346847228976005,-0.21379536872138252,-0.3607044410025493,-0.2792525417345383,0.2207718024881207,-0.5363722402842841,-0.4316415915936655,0.038603250264021984,1
0.2876069799459088,0.7740663918911503,-0.15484123025532542,-0.13478617003801185,1,0,0,1,0,0,0.3751649106363024,-0.5036251362044497,-0.8350740607153893,3.7984926203035396,-2.559623173754732,-3.3228784164633014,0.0019126003422919582,1.139832527443645,-0.635458407217558,-0.6927948496203432,-1.2453185410718195,-0.4889492290579154,1.4340681735357286,-0.03912700837141175,0.11373542035104035,0.03269593607574867,-0.23100232482022273,-0.7023841477796982,-0.18963998474047816,-0.4787858038769716,-0.0417547630790491,-1.4505182679027,0.901549193221132,0.706863195423185,0.9332336817451892,0.4787858038769716,0.18963998474047747,0.02029268250195297,0.19081952690966666,0.2636699792153276,0.24027874969456073,0.13730558544161034,-0.37153966943728567,0.758556726032511,0.954063719541543,0.07776919801113909,-0.10976148557697851,-1.3934507795363622,-0.25028823436248077,0.2357440418559006,0.5161338391675497,-0.635754044465484,-0.6186874509066087,-0.8769950965056176,0.2860364732784985,0
-0.25209852955608386,0.9544407536913834,-0.4445202009343899,-1.6014324776621007,1,0,0,1,0,0,-0.6848257977108253,0.654085771805401,-0.5280377066983108,0.0025508934662866888,0.49767326542899815,0.5010663193603535,1.1210022050323807,-0.14431232564441482,-0.1653861386609396,1.2258103590727163,0.925643110099043,-0.24431176855966277,-1.181579078390987,0.6495815881121323,-0.6420174944563928,-0.4758021435635651,1.146375876922125,1.2377960781863337,0.13286549185952784,-0.4649864905896614,-0.909726585261591,-0.44508583621487613,-0.2520468760796365,-0.5192640164078979,0.005085575497710725,0.4649864905896614,-0.13286549185952856,0.8558680911786088,-0.40957446049198204,0.7731361054690666,0.3824042551358344,0.8541733553308051,1.424244977528238,-0.38327221085833024,-0.4855086804782194,1.2559800380379649,-0.7759052986632599,-0.2553016945782196,0.5981708917930423,0.36540675552078095,0.12690220596014448,1.0772976494417266,1.0276167615398821,0.848749735028197,0.40975308478573785,0
0.004904094016293398,0.20717554051898904,1.0038746524609323,-1.161438585374874,1,0,0,1,0,0,-0.785777293743885,2.7008674876239214,-0.4128990739419065,-0.12764527856700325,1.4165385278723253,2.17580296252017,1.082823686178625,0.0644348991597549,0.8843342182057592,0.8486347364831174,1.169231704129601,-0.23953272776921164,-0.9488631601179309,1.313688370184845,-0.23495797703745186,1.1614168225582828,0.6808850177748235,1.146968974416833,0.2430696413654208,-0.5677675826606664,-0.19307075371171994,-0.32381466475575976,-0.0418026015992544,-0.4712968513363731,-0.40026651549804537,0.5677675826606664,-0.24306964136542153,1.2736557955169365,-0.18442671521636386,0.1272058382545045,0.7183372679970265,0.9907195972144606,-0.43454965705011084,-0.5463906304141645,-0.7069813574043363,0.38782468222872474,0.08453045990652028,0.04820472807728505,1.2276728241019772,1.0137203238451828,0.7361343275021692,0.8552353928241243,1.1922471827845313,0.9600881112561845,1.0283361423219313,0
-1.0488066626304537,-1.0812127580541053,1.7280720791585935,-0.8681093238500562,1,0,0,1,0,0,0.29945128861150755,-0.4885068621671538,-0.5664172509504457,0.043056369209976894,-0.9093976755594357,-0.40897081517375206,-0.8558405067627325,-0.2842124008825192,0.6392261970903621,-0.38254704971960807,0.157304828583116,2.105334274732148,0.6373788520033138,0.2132625106554222,-1.121751945238929,-0.28284723850448124,0.5316375099544286,0.9821729719363195,2.259805577323277,0.6301771912123648,1.4031564459728625,-0.7336560339344657,-1.1580778226401982,1.0439590386471915,0.7543967613245258,-0.6301771912123648,-2.2598055773232777,-0.3139374809687093,-1.3852146900196616,-1.82878018218396,-1.659034823020639,-1.4159079159849774,-0.6865896075014126,0.18764225758709038,-0.7069813574043363,-1.8445748041378918,1.3890620938671545,-0.6346847228976005,0.22411901897178985,-0.4255357978349895,-0.008482709938082702,1.267636726542527,-0.4540570296619595,-0.2089648391376897,0.904619530814692,1
-0.7918040390580765,0.20717554051898904,1.7280720791585935,0.3052077222492148,1,0,0,0,1,0,-0.5333985536612357,0.020281206395688665,-0.7455217907937414,0.9804688078496644,-0.6569574689866768,-0.7421293730253044,0.34987017457850983,0.19097678838161147,-0.32888627103289736,-0.3950557483622448,-0.6148698359298793,-0.988444364320446,-0.29632419814285355,0.8657381294303124,0.5837534899245274,0.5162598119453923,0.21699098811197462,0.07226007570753958,-0.16027754582615011,-1.1891589033857164,0.37853234370975725,0.3226697959344665,0.9683898733559267,0.748859378547842,0.8699088001982116,1.1891589033857164,0.16027754582614942,0.8280155775560533,0.5660657690356972,0.07262018187017576,0.33072225315718967,0.4103980692089227,-0.5290646384693491,-0.5463906304141645,-0.5408768497097485,0.015758101167622184,0.44535835866158957,0.4275877563966659,0.3518440487156324,0.8192262533478623,1.1084428462222957,-0.4136917878478824,0.6160407084282594,0.06938110143228039,0.47161139053935697,1
0.5960101282327613,-1.2615871198543382,-0.8790386569529866,-0.4281154315628296,1,0,0,0,1,0,-0.48292280564470574,-0.06693960535794147,0.9687645191349462,-0.5859358041241838,1.0621131667087627,0.4013423483524393,0.5157125907496106,-2.1414203826622193,1.2165695325758732,-0.015119689105832198,0.4973044743877963,-0.04904398131560086,-0.4573661172235292,-0.32163784035634974,-1.3117054220167423,1.0752420413972088,-0.8344961071860357,0.10431148189333034,-0.3593320018427697,0.28949096339405445,-1.0384876516147232,1.625128982656896,-0.5825767506947814,-0.807046330524651,-0.5446803131843224,-0.28949096339405445,0.359332001842769,-0.23037994010104354,-1.1600669447440433,0.3728412919839863,0.8992242749222835,0.47867119015075044,0.038025250046078915,0.18764225758709038,0.40038202722625016,0.6358690696027934,-0.9979532363586869,1.413983630027056,-0.1864257194905595,-0.4514683405679659,-0.7192535184037778,0.41111087958892223,0.36909507656128593,0.5704037944582268,-0.20882997275045564,1
1.110015375377516,-0.3854830768246345,0.5693561964423357,1.0385308760612593,0,1,0,1,0,0,-0.4955417426488382,-0.02042183908933873,-0.630383158037337,0.17903903777807972,-0.278208395179635,-0.15407097896518193,0.2861276996030392,0.762269513950807,0.8015370409360052,0.25589320675765476,1.1004392657016755,-0.33773696334232634,-1.6488992399224125,1.2099411590596107,0.03225413303595977,0.44956143650208463,1.086827079952998,1.280833549328957,0.4251360800282837,-0.8822777243979375,0.8110914184120422,-1.0139273477572472,-0.643962098464401,0.7319839148087163,-0.1801402735893821,0.8822777243979375,-0.4251360800282844,1.050835686536495,-0.03432821836595151,-0.18211288125669506,0.07231224326396513,0.512807750621665,-0.15100471279239655,-0.9541866793037505,-1.2052948804881005,0.20179139169817292,0.5008703430854462,-1.0899443568808573,-0.6973258384659271,-0.892321567028559,-0.5838686025055501,-0.6040308649486834,0.6983559190505837,0.29205785388825667,-1.0129879475475077,0
-1.0231064002732158,-0.7204640344536393,0.5693561964423357,0.3052077222492148,1,0,0,1,0,0,-0.40720918361991093,-0.1134573716265442,-0.822280879298011,3.7030154274791274,-1.6094311841376534,-2.9490253233573984,0.7982086613958709,1.5796183521430545,-0.6438866530049016,-0.7775924467449864,-1.5806411256042912,-0.8463733767119433,0.9405372430679948,1.2920176491976127,1.2911917806979167,0.6690341062226535,0.23922398599643732,-0.22156172186935108,-0.5566704711695901,-0.6022533438160685,0.18104023747446996,-0.874588180303941,1.552529380338793,1.2876876389731273,1.8385989787944277,0.6022533438160685,0.5566704711695893,1.050835686536495,1.0163612595869336,-0.3640650692044592,0.020630241285320403,0.12023730520615308,-1.222174502210428,-0.7910682597479163,-0.6516131881728072,-0.5423417704240322,-0.08200549336504998,-1.0140677512169813,-0.8889133830816909,-0.0495139282068366,0.46536449570571364,-1.238494455284687,-1.4418395571298541,-1.7677021063295222,-0.3944048900113141,0
0.7759119647334253,1.289421711320388,-0.15484123025532542,0.5985369837740325,1,0,0,1,0,0,-0.81101516775215,3.8143865176785994,-0.4512786181940413,-0.07556680975368728,1.8138318464919418,2.991929631082697,0.88139010653499406,-0.07356285656684342,-0.007935852531160128,1.6689655036423192,1.6676515608065927,1.0521071675057638,-1.1035367060752785,-0.1297327825724622,-1.0832095211664177,0.7960840317548364,0.8347690846486645,1.1919280240837418,0.7837886966584708,0.6575966059261134,-1.3552218663026814,-0.9841681899789481,0.8108362541249949,-1.4269219879003547,-1.0043429783407682,-0.6575966059261134,-0.7837886966584715,-0.3139374809687093,-1.1600669447440433,-0.7916527108817039,-0.3023822710812103,0.03489590402886805,-0.7811045889206503,-0.9541866793037505,-1.3160312189511594,-0.4183195767369984,-1.2477571662660425,-0.8623145398892288,0.2879815338437111,0.6765972683164937,0.008440404549195996,-0.4136917878478824,0.03983423407198747,0.4033962301162448,0.22417816752487937,1
1.4184185236643685,0.9544407536913834,3.176466932553916,-1.6014324776621007,1,0,0,1,0,0,2.179672902227246,-0.6978368103758661,-0.5280377066983108,0.0025508934662866888,-1.4716003084705944,-0.538656696753551,3.6955376324260216,0.0477797095999476,1.451914891568331,1.8511136260299,1.8425801249860525,0.917454285462596,-2.069649198969253,4.282229822457468,-0.4411062093306717,1.7203378384461285,2.2184246382989548,2.505111443887294,2.029321470356665,-0.761358105510312,-0.8599814546242481,-0.5074696680550922,-0.25604267732100494,-0.30098318830536624,0.05030933995539686,0.761358105510312,-2.0293214703566655,4.2260222395077855,-0.3345252120667762,0.2909628074074919,1.1705547853101694,2.1684309334609937,-0.8756195703398886,-1.2804235184154193,-1.9250810804979817,0.7598912632898273,-0.6926373220274746,-0.2553016945782196,0.8353745184601769,0.5599008260181015,0.39767203775660004,1.1407440084753266,1.3568776040291806,1.0157572993701793,0.6571863078002155,1
0.2105061928741954,-1.0554449920826439,-1.168717627632051,1.7718540298733036,1,0,0,1,0,0,-0.3945902466157784,-0.13090153397727022,0.29072590401389814,-0.48351481545799574,0.6104175268223679,0.27299804485794876,-0.03961425326149625,0.45221753519203467,0.448977475868053,-0.5894612467159317,-0.7457140227206984,-1.137185449217921,0.028838360035472743,0.018706704013828797,-0.4471102924793778,-0.07495285068042284,-0.32633707801470174,-0.29932811402934795,0.27586209560863995,-1.8245819892131196,0.07377610171420419,-1.0685880348334122,-0.6890876368545653,0.47273385509050064,0.6772291077411228,1.8245819892131196,-0.27586209560863995,0.29881781872750485,-0.10937746679115769,1.1461380907619838,0.9250652759116064,0.7346953936826055,0.8256500952063961,0.758556726032511,0.6772228733838963,0.9459245538203791,-0.3595654154843339,-1.317574173872486,-1.6278939123139191,-1.657331577651353,-1.4131012123821949,-0.4136917878478824,0.03983423407198747,-0.7099875321636356,-1.6934293108373202,0
-0.7918040390580765,0.5936920300909173,1.7280720791585935,-0.8681093238500562,1,0,0,1,0,0,-0.5333985536612357,0.020281206395688665,-0.5024513438635544,-0.0639938166840615,0.09017389496787814,0.06505344163516784,0.8783560736574455,1.3354795416683878,-0.4343663196217892,0.8582591160740687,0.17659688967554757,0.6467446271657655,-0.39161261448821205,0.7540432833310411,0.636383612869071,0.4586556722327591,0.400510059286488,0.25178175385110757,0.416552302523086,0.4689510326955308,-0.4679443378948662,-1.1954724490363464,1.0546980282903464,-0.762313776657378,0.01623127171234311,-0.4689510326955308,-0.4165523025230867,0.744458036688388,0.641115017460903,0.13630344765189217,0.3565632541465125,0.512807750621665,-0.40304466324369825,-0.22015379130249568,-0.4301405112466897,0.07776919801113909,-0.4150773999081907,-1.0899443568808573,0.16025650409986858,0.6895635396829819,0.31305646532020776,-0.2233527107470814,0.03983423407198747,0.29205785388825667,0.47161139053935697,0
-0.4577006284139859,0.5163887321765315,-0.15484123025532542,0.3052077222492148,1,0,0,1,0,0,-0.571255364673633,0.05226217070535305,-0.7583149722111197,1.371057323949534,-0.6465906853271475,-1.0193888439890122,-1.9580959625183452,-0.4907439357240517,-0.012123348837566815,-1.1811663992119723,-1.0363852934812297,-1.310960587962269,0.34299923810833943,0.5502598798105699,-0.6736299044729943,0.6161024063735082,0.2781007141429634,0.8037488315183602,-0.21462929445480164,-1.5751271636218847,3.2725932896148313,-0.001266197714611322,0.635696525711357,1.8714395104779378,2.132055936456597,1.5751271636218847,0.21462929445480092,0.10385022336961848,-0.9349191994684248,-1.264728399545891,-0.806281790372998,-0.6649035856248688,-0.9071245641463012,-1.1988643086375024,-1.2606630497196296,-0.9764194483286528,3.137689603218643,0.04820472807728505,0.16025650409986858,0.4691369264526849,1.243827762120523,0.15732544345452057,-0.5363722402842841,-1.1553410370755877,0.5953280020465953,1
-0.38059984134227254,-0.7204640344536393,1.0038746524609323,0.3052077222492148,1,0,0,1,0,0,-0.6091121756860305,0.1772786675522229,-0.822280879298011,3.7030154274791274,-1.1907743066096708,-2.725428975806021,0.6642918594550193,-0.03264234978335216,-1.2087464753355086,-0.15258966255761316,-1.043062759718134,0.24083010883745393,1.3237471606011029,0.9196788274968333,-1.2242524498375649,-0.4021930325678224,0.8236387838595155,0.32795112373713525,1.1569031123463245,-0.8189388764091825,-0.00478175303927264,-1.1816265794558052,1.248231714647801,1.0228449089608207,1.6762131144610803,0.8189388764091825,-1.1569031123463254,0.49378541408539117,-1.3101654415944555,-0.982702508226857,-1.0130097982875779,-0.6819718658603261,-0.6235796198885869,0.18764225758709038,-0.319404172783631,-1.2244638357027204,-0.3040534310604773,-1.317574173872486,-1.1717330918001976,-0.4514683405679659,-0.0423289389126401,-1.1116017372174867,-1.277209135885205,-1.6563637301015341,-0.76555472453303,0
-0.27779879191332196,-0.1535731830814779,1.4383931084795292,-0.4281154315628296,1,0,0,1,0,0,-0.7479204827314877,1.7472532791175652,-0.68155588370685,0.4481111266468789,0.44498297934688336,0.9974502109244113,0.24644248669886035,0.38996797069413813,-0.228141937436678,0.9307212094937645,0.18031938733882444,-0.5016848232607092,0.11245205792001788,0.7133020641901873,-0.807265295662677,-0.3359928498908611,1.5903852207295672,1.347173831098534,-0.5666803935267488,-0.12221154853286169,0.3700387411269265,-1.3439439299003118,-0.025762739837312292,0.319654451921223,1.0808290051010279,0.12221154853286169,0.566680393526748,0.15955525061472892,-1.0850176963188372,-1.4739734156858193,-1.3877043126327533,-0.8185181077439823,-0.6865896075014126,-1.4435419379712537,-1.4267675574142176,-0.9144083514851348,0.3620903820258042,-1.2416975682086098,0.0963939892279486,0.06718251409155555,0.19459466390925928,0.9186817518577256,-0.9479482933959068,-1.0996718489615938,0.47161139053935697,0
0.7759119647334253,-1.9830845670552713,-0.15484123025532542,-0.4281154315628296,1,0,0,1,0,0,-0.81101516775215,3.8143865176785994,1.0839031518913507,-0.5969301475403284,2.8395228565590958,3.394850249370279,-0.26384216056965043,-0.3959581166936854,0.5555729135256362,1.0098100048234648,1.2170337867947725,0.10086959788758955,-1.3216056402064156,-0.16049613855278613,-1.0880422817168536,0.8265588449737086,1.023926297339821,1.4167474656174548,1.1750460966186718,-1.027822311265718,0.20651309632878573,-0.5465119311636936,0.071125141575128,-0.34888038003226485,-0.19902537558116953,1.027822311265718,-1.1750460966186724,-0.4253475354589299,-1.2351161931692491,-1.1646546961746211,-0.625394783447741,-0.22112829950298704,-1.0016395455655394,-0.9541866793037505,-1.4267675574142176,-0.790386157798101,0.6118943119331598,-0.1035484832504671,1.5743550476924053,1.3767759221068474,1.1253659607095745,1.109020828958526,1.8507688677631275,1.3497724280541432,1.3376276710900281,1
-0.4577006284139859,1.4182605411776974,-0.15484123025532542,3.2385003374973924,0,1,0,1,0,0,-0.8236341047562825,6.387400464410688,2.19690993520326,-0.6918286907112596,3.5937308834880124,5.44701752719682,-3.5542719121349973,-0.0026039858271055226,-0.610230720422082,-2.07677257735315,-2.042476312690535,-0.8647624872859657,2.1817343881209488,-0.7932381783710063,-0.28915783114853194,0.9103360468562897,-0.6045157824523126,-0.2552129207250598,0.6912331826893887,-1.8649895477386433,4.149707373007294,-0.28609791526286954,1.7490057722840262,2.20615826797034,2.406153494822248,1.8649895477386433,-0.6912331826893894,-0.8988402670423681,-0.5596729573423944,-0.9918001176242447,-0.43158727602782254,-0.6307670251539549,-1.222174502210428,0.2692014673650073,-0.04256332662598434,-1.3484860293897554,3.8871013929407097,-0.2553016945782196,0.05077790717657645,0.9488889670127426,1.9038292271243826,-1.0798785577006862,-1.4418395571298541,-2.046048046899492,0.40975308478573785,1
-0.4577006284139859,-0.7204640344536393,-0.15484123025532542,0.3052077222492148,1,0,0,1,0,0,-0.571255364673633,0.05226217070535305,-0.822280879298011,3.7030154274791274,-1.2922481779456862,-2.8215754052531135,0.6802413704981479,0.12221315931981809,-0.4025830980934068,-0.2841364109861997,-0.5716711321048028,-0.6561838181684658,0.3085362828174828,0.70130334662758,-0.6416896307191848,0.6432103785585465,0.39714935830170356,0.8557485810026509,0.4251360800282837,-1.3166012534636966,-0.2451581438436441,-0.8105719819942577,1.1967089811862128,0.7776564656190902,1.578672401284206,1.3166012534636966,-0.4251360800282844,0.18740776423728422,-0.9349191994684248,-1.364802102917162,-0.8838047933409655,-0.6990401460957827,-1.033144539371952,-0.9541866793037505,-1.2052948804881005,-1.2244638357027204,-0.5538573609678327,-1.0899443568808573,-1.4545528005187045,-0.7367263106307022,-0.4146374576327655,-1.175048096251087,-1.0302635040182315,-1.545025353873546,-1.198562864808365,0
-0.14929748012713334,0.7740663918911503,-0.4445202009343899,-0.13478617003801185,1,0,0,1,0,0,-0.6595879237025604,0.4476631839884763,-0.8350740607153893,3.7984926203035396,-1.2922481779456862,-2.5912711672751945,0.32195344452862956,-0.29133237325904254,-0.6759873261451314,-0.41355167319049657,-0.22286642042817661,-1.099910636518645,-0.38260759324058946,0.35975196841401114,-1.1999873860529993,-0.3237838221363978,0.4188170253476871,0.9523531096521747,-0.11207882534413707,-1.388988508307989,-0.0882241738217354,-0.8022581955523607,0.5987258048955628,0.9739734234184643,1.2195247127377238,1.388988508307989,0.11207882534413637,0.38237535959517033,-1.0850176963188372,0.1817914946388332,-0.018131260198663828,0.15437386567706757,1.0461850518512859,-0.8726274695258333,-0.9284540343304539,0.5118468759157585,-0.44283339212011924,-1.0899443568808573,-1.481922449749529,-1.0090180093269512,-0.6177148314801074,-1.1433249167342867,-0.5363722402842841,-1.0996718489615938,-1.198562864808365,0
-0.4577006284139859,-1.0554449920826439,-0.15484123025532542,1.7718540298733036,0,1,0,1,0,0,-0.8236341047562825,6.387400464410688,0.29072590401389814,-0.48351481545799574,2.9508219424928734,5.286028156959828,-0.6140286363079377,0.39235437652387334,1.2314443427585426,-1.1407990092880722,-0.5579236197458246,-1.1115773572852454,0.176567562297214,-0.6841412416484349,-0.3954797859185461,0.7515973406082604,-0.5625677714404247,0.13618636394327527,0.4292298816076853,-1.9417639089371364,0.1702358982357412,-0.9347016628195846,-0.928142826640517,0.9833132911512847,0.8582875083828387,1.9417639089371364,-0.42922988160768605,-0.7595776989295921,-0.5596729573423944,-0.6824813981130464,-0.22485926811324272,-0.42594766232847037,-0.5920746260821743,-0.05703537174666111,-0.26403600355210183,-0.8523972546416179,-0.22078545442469194,-1.1658209625447336,-1.3724438528262355,-1.553601406719449,-1.159254495073018,-0.15990635171348128,-0.04248097655033679,-0.8213259083916238,-1.569712699330082,1
-0.7147032519863632,0.7740663918911503,0.27967722576327125,-0.13478617003801185,1,0,0,1,0,0,-0.7983962307480176,3.7184436247496064,-0.8350740607153893,3.7984926203035396,-0.27820839517963436,-0.07581225732219987,-0.0517457173590448,-0.37619957786849606,0.5644803670123766,-0.22081297486955007,0.3842634082581065,-0.38983580540028084,-0.7177215704751502,-0.2071184165501996,-1.0401065216625272,0.8899616593236214,1.0220356989116708,1.829249333210098,0.9345219622652575,-1.4585370472760366,-0.1349966017969207,-0.5256101536661977,0.12266206813485189,1.3117371873205343,1.2863446889796557,1.4585370472760366,-0.9345219622652582,-0.6760201580619267,-1.3852146900196616,-2.119903682900383,-1.4652273156007207,-1.0745423112758372,-1.411204465048904,-1.5251011477491712,-1.9250810804979817,-1.720552610450858,-0.5261013687559044,-0.9381911455531051,-1.6917564271858405,-1.385039878955104,-0.8884846632765624,-1.0798785577006862,-0.4540570296619595,-1.0440026608476,-1.3841377820692236,1
-0.4577006284139859,-0.7204640344536393,-0.15484123025532542,0.3052077222492148,0,1,0,1,0,0,-0.8236341047562825,6.387400464410688,-0.822280879298011,3.7030154274791274,0.7118913981583822,2.0505890078913986,-0.3403497499545254,0.11704360900717899,-0.27456998376066477,-0.6949444912147164,-0.7339320930912593,-0.7341983832975547,0.4528173373599344,-0.7864477399390379,-0.4636586952465085,0.6080340602609106,-0.22803054241121698,0.6039317150678641,0.454702424768406,-1.4523273562967454,-0.3125447029727192,-0.6251291290071033,0.9863619579307187,0.7127139910999711,1.543769440044403,1.4523273562967454,-0.4547024247684067,-0.8988402670423681,-0.7097714541928067,-1.028190555213798,-0.5995537824584191,-0.6478353053894121,-0.5605696322757617,-0.6279498401920818,-0.8730858650989243,-1.0384305451721696,-0.7203933142394032,-1.0899443568808573,-2.0110690015454455,-1.333174793489152,-1.0238695791747903,-1.397110352868688,-1.1125787146405561,-1.6563637301015341,-1.7552876165909395,0
-0.7661037767008384,0.1298722426046032,0.5693561964423357,0.5985369837740325,0,1,0,1,0,0,0.4634974696652297,-0.5111842732230976,-0.24658771551598904,-0.2520549540654803,-0.5139130029147355,-0.19834305578035463,-0.6299476610014282,0.025337349032988423,1.411910540279187,-0.664495677797136,-0.8803309683356693,0.34035676964720935,1.563838000604137,-1.2104784298754432,-0.7456615770412753,1.3075249439716266,-1.1764360164624066,-1.2195620884344947,0.5061221547512287,-0.037759751214519306,-0.33353822725044174,-0.7817637055151947,-0.6161925363781432,-0.26884302479362965,-0.04619163696142596,0.037759751214519306,-0.5061221547512293,-1.17736540326792,-0.7848207026180125,-0.38226028799923456,0.31780175266252825,-0.18699173903207253,-1.6002344278873806,1.4110304042558486,1.2309045656991897,-0.9764194483286528,-0.16527347000083534,-0.5588081172337243,0.7532655707677065,0.28760912732185256,0.1607484349347019,1.2993599060593275,0.28677986593896093,0.29205785388825667,0.8427612250610729,0
-0.1749977424843705,-0.7462318004251005,0.27967722576327125,1.478524768348486,1,0,0,1,0,0,0.13540510755778543,-0.4478038166821264,0.20117363409225028,-0.4655766762000758,0.038093972543263965,0.015415052478762072,-0.6038634998639928,-0.24326214601931762,-1.2176834019008047,0.04633686319587443,0.2130162505412826,-0.10562827488542824,-0.08685737213376335,-0.4569920934443454,-0.27093547271740615,-0.6392676886206331,0.13592230467797328,0.3542457545952942,-0.43967950362031105,0.2920044097428146,0.3830657810323314,0.06246772081954102,1.0222116267109684,0.07218011784190634,0.0689204726407217,-0.2920044097428146,0.4396795036203104,-0.5367575899491508,-0.40957446049198204,-0.5278220383574467,-0.7545997883943533,-0.6649035856248688,0.3845801819166189,-0.46483142063624716,-0.319404172783631,-0.29429738304996345,0.1400424443303771,-0.17942508891434333,-0.6973258384659271,-0.11434528503927678,-0.07617516788719629,-1.3336639938350878,-0.4540570296619595,-0.3759724034796717,-0.6418381130257917,1
-0.6376024649146498,0.928672987719922,0.27967722576327125,-2.6280848929989626,1,0,0,1,0,0,0.2363566035908452,-0.4728071160515004,0.27793272259651985,-0.4771496692697016,0.018970973261809458,0.005129620491398716,0.5125637872907187,0.8878198738321378,0.6361511846937192,0.3781451856189183,0.1183598655077865,-1.0084844720559833,-0.8277859336257694,-0.8208118503204382,0.32358320402091667,1.0859638078225777,-1.0029157567400968,-0.899923379533255,-1.4375436385994584,0.05028573960672956,-1.5328779529229257,-0.8944020889016363,0.2216489162441607,-1.5053238464510093,-1.0324736461896729,-0.05028573960672956,1.4375436385994576,-0.7874302125521474,0.26586877533487285,-0.082039177885424,0.48576825909312477,0.03489590402886805,-1.0961545269847772,-0.38327221085833024,0.34501385799472056,-0.17027518936292965,-1.4420491117495413,-0.8623145398892288,-0.11343998820836432,0.015317428625603584,-0.5838686025055501,-0.15990635171348128,1.1922471827845313,1.3497724280541432,-0.2706882785040748,0
-0.6633027272718879,0.05256894469021735,0.5693561964423357,-0.8681093238500562,1,0,0,1,0,0,-0.0412600105000692,-0.3501165075180606,-0.2977604411855021,-0.22022922312400942,-0.24758533152286494,-0.09906627746754311,-0.5512706697010424,-0.1334783486266699,0.6936029607641238,-1.0709147180831762,-0.8033163182196501,-0.22093712878177155,0.17671559342286078,-0.17462878007325922,-0.7434108230039347,0.2626024640633591,-0.2890831898433204,0.008958881071372344,0.27586209560863995,-0.5749285603869245,0.5920682661742634,-0.5615294203843944,-0.684288332102701,1.1600867519222318,1.0530971605388104,0.5749285603869245,-0.27586209560863995,0.32667033235006016,-0.18442671521636386,2.1832655620642387,2.02330781795781,1.7758604880454831,1.518759958947476,0.758556726032511,0.6772228733838963,1.876091006473136,0.5008703430854462,-0.5588081172337243,-0.12256320461863823,-0.4514683405679659,0.008440404549195996,0.728342674756924,-0.20711139779498602,-0.48731077970765985,-0.1469716669968365,0
1.2385166871637046,0.7482986259196881,0.5693561964423357,-0.8681093238500562,1,0,0,1,0,0,0.19849979257844777,-0.46931828358135513,0.31631226684865466,-0.48293616580451443,0.06444753495252525,0.01228470361304279,0.9514278015687625,1.343561403902522,-0.6023257555859555,0.9800824795923005,0.515715478684809,0.4274771894973828,-0.4561786921269713,0.40193604816322753,0.12821014005372008,-0.5623357470208775,0.5728947054324118,0.34980602934146476,0.03622492998512883,0.5471004570796687,-0.9213737549453133,-1.7156420880160554,0.2583062916149795,-0.755955617127133,-0.32893787652058804,-0.5471004570796687,-0.036224929985129536,0.6330479821981672,0.41596727218528484,0.8823074182377254,0.42116575661981864,0.6493539925053206,1.109195039464111,-0.22015379130249568,-0.26403600355210183,0.8839134569768611,-0.8869292675109735,-1.6210805965279906,-0.14993285384946126,0.002351157259115363,-0.29617565622181696,-0.09645999267988113,-0.37174181903963527,-0.15329565102369538,-0.2706882785040748,0
-0.12359721776989524,0.7998341578626126,-0.8790386569529866,0.3052077222492148,1,0,0,1,0,0,0.08492935954125552,-0.41989315692096474,-0.2593808969333673,-0.2375887127284481,-0.3011472024261591,-0.13931362002679104,0.1264835000869575,0.24604717589794017,-0.6620273051947922,0.5343792022546572,0.6800403581314454,1.5134338425838716,-0.10305587438361667,-0.7836476672574387,-1.3251299598233903,0.8013690781914447,-0.5651847014680889,0.46285572907150374,0.773109214277421,1.2973829492468834,-0.9588899015055142,-1.6651935745562296,1.71031214409041,-1.2823393021758938,-0.43219723932300874,-1.2973829492468834,-0.7731092142774217,-0.9545452942874786,-1.4602639384448675,-1.410290149904103,-0.8579637923516437,-1.0062691903340089,-0.8756195703398886,-0.6279498401920818,-0.983822203561983,-1.4104971262332722,-0.9701972441467586,-1.6210805965279906,-0.5331079430809875,0.36540675552078095,-0.194636969298146,-1.206771275767887,-0.8656330827735822,-0.3759724034796717,-0.332546584257695,1
-0.7404035143436003,1.0575118175772313,1.4383931084795292,-0.13478617003801185,1,0,0,1,0,0,0.31207022561564,-0.48792539008879626,-0.2849672597681238,-0.2312235665401539,-0.4748567868383734,-0.19655428499994362,-0.21234162975035387,1.5341809211799036,1.4815542329235336,-0.34354418472526593,-0.20384920373239776,0.35402014838210377,0.47701808806667917,-0.9207679597389499,0.5628372096880946,1.4570073888344495,-1.1920995929436071,-0.6628189366515077,-0.03566621970192337,0.5182145811312309,-0.6247542911569652,-1.5418735004401487,-0.5611823562453687,-0.7179595201812773,-0.38209973583855417,-0.5182145811312309,0.035666219701922665,-0.9545452942874786,0.26586877533487285,-0.6369933511261053,0.14983524623193267,-0.34060626115118536,-1.348194477436079,0.5954383064766764,0.6772228733838963,-0.790386157798101,-0.7203933142394032,-1.5452039908641146,-0.7611883533378483,-0.9052878383950472,-1.0915620371239039,0.030432725387320277,-0.12479618717266176,0.1250502895462747,-0.76555472453303,0
1.4184185236643685,0.6967630939767645,1.0038746524609323,-0.4281154315628296,1,0,0,1,0,0,-0.356733435603381,-0.19777082298838666,1.1094895147261072,-0.5934582496194406,0.9098709877580415,0.30653749699065536,1.238801592007646,-1.9741902391773878,-0.24659710294524592,2.592921176575079,2.6351119162320664,0.2053549817807233,-2.8186274059406795,0.7017891933172111,-1.575069603868817,-0.3912824130594398,1.247639697226122,1.3355849359938183,-0.7279513648365089,1.002053003267564,-1.0213642764282573,1.1317679066467645,-0.05609458921467235,-2.2657310614287858,-2.1218358087672007,-1.002053003267564,0.7279513648365081,0.6609004958207222,-1.4602639384448675,0.03622974428062242,-0.173177266134598,0.32505666803163763,0.7626401075935709,-1.85133798686084,-1.8697129112664523,0.2638024885416898,-1.0257092285706153,0.7961312696212074,-0.5461411093813793,-0.4903671546674297,-1.289804235403452,-0.7218598174396557,0.4984475503963669,1.2066230871895867,-0.8097392286427579,0
-1.0488066626304537,0.9544407536913834,1.7280720791585935,-1.6014324776621007,1,0,0,0,1,0,-0.19268725454965888,-0.27917691395844146,0.15000090842273722,-0.4511104348630436,0.27677673448201545,0.13392111668099205,0.8309010401222502,-0.09205423252916851,-0.5042773842832053,1.56415168097722,0.978575005495194,1.9079767941295065,-0.0096993713629456,-0.050649946648042045,-0.8607180587788082,-0.806880671113254,0.49472679065135966,0.48468173832780986,1.2994551316290601,1.3134690058789504,-1.2059969525645635,-0.7359011333618208,-0.12147318148602683,-1.6225053934218676,-0.7989980519675042,-1.3134690058789504,-1.2994551316290608,-0.3696425082138195,-1.0850176963188372,-1.2920212277380552,-1.4393863146113988,-1.2110885531594928,-0.2140147004052217,-0.22015379130249568,-0.762349526635866,-1.534519319920306,-1.1089772052064004,-0.6346847228976005,0.23324223538206504,0.13201387092399572,-0.5330992590437151,0.6966194952401235,-0.37174181903963527,0.29205785388825667,0.5953280020465953,1
-0.07219669305541997,-0.7462318004251005,-0.4445202009343899,-0.13478617003801185,1,0,0,1,0,0,-0.11697363252486404,-0.3175540711300387,-0.38731271110714993,-0.1768304991129128,-0.29576349306311334,-0.10756293867449544,1.118727425774352,0.05746575335260129,0.12272117162678392,1.596677314588761,1.0937510891837776,1.6313964528876748,-0.7675163614247067,1.1925864256293353,0.5035022678288289,-0.17812010596295363,1.0275050227855098,0.36429678197042326,1.233103646290187,1.002053003267564,-0.36399941371268446,0.4255239688969967,-0.34675748145263297,-1.13815165111188,-1.0662650804749707,-1.002053003267564,-1.2331036462901876,0.8280155775560533,0.19081952690966666,-0.7006766169078218,-0.6770767854263857,-0.27233314020935756,-0.7180946013078251,-0.30171300108041293,-0.8177176958673952,-0.8523972546416179,-0.6926373220274746,-0.2553016945782196,-1.7008796435961144,-1.5795339494524245,-1.8192559600768776,-1.1433249167342867,-0.7010026615289333,-0.32030321536567735,-1.569712699330082,1
0.8016122270906633,0.3617821363477598,1.7280720791585935,-1.161438585374874,1,0,0,1,0,0,-0.09173575851659908,-0.32278731983525655,0.6489349837004895,-0.544273029073531,0.44498297934688336,0.17237968845982896,0.8938037943227404,-0.630178165795469,0.18175984863576303,1.1435998668043785,1.1284261568856877,-0.02039582676211257,-1.1850935216693297,-0.11021579635721881,-1.3780853056579037,2.6146438980397715,-0.28159839039336443,0.6017444082257825,-1.4375436385994584,1.3979208031972914,-1.3529822586895717,-0.5155962974902152,2.378993160157644,-1.8241577846828787,-0.8795229751244217,-1.3979208031972914,1.4375436385994576,0.0759977097470634,-1.1600669447440433,0.7913313242638433,2.1654333233990846,1.9124067299291387,-1.1591645145976028,-1.1988643086375024,-0.762349526635866,1.1939689411944467,-1.3587811351137562,-0.7864379342253526,-1.1443634425693747,0.06718251409155555,-0.6684841749419423,-1.9998507636878915,-0.8656330827735822,-0.32030321536567735,-1.3222794763156045,0
-0.7147032519863632,-0.4370186087675581,0.5693561964423357,-0.8681093238500562,1,0,0,1,0,0,0.6023057767106869,-0.5332802122006839,0.047655457083711085,-0.4082903605054282,-0.32300643551934244,-0.09459435051651556,0.7616985296075247,0.005804073042117384,0.06031045695783981,-0.18628313500720112,-0.4534822880126103,-0.12594165932759405,0.6596203977038194,-0.3046045882440673,-0.24005193484030668,0.2752222593450192,-0.9476787128730817,-0.9140372590157327,0.1590389773671773,-0.3295023237687909,-1.3635176627444303,-0.24844503100223492,0.19412541323460306,-0.688045492007478,-0.30283029636283226,0.32950232376879157,-0.15903897736717798,-0.3696425082138195,-0.3345252120667762,-0.3640650692044592,-0.173177266134598,-0.5283573437412127,-0.655084613695,1.0032343553662626,1.009431888773073,-0.6663639641110671,-1.3032691506898992,-0.3311783002420958,-0.323273965644676,-0.17917664187171697,-0.4315605721200442,-0.1916295312302808,0.5337254978059351,0.4033962301162448,-0.332546584257695,1
0.8016122270906633,-0.8493028643109486,-0.15484123025532542,-0.4281154315628296,0,1,0,1,0,0,-0.1295925695289965,-0.3070875737196031,-0.029103631420558513,-0.35042539515729937,0.08680674104087419,0.034644338368180524,-0.2557752064595541,0.1352763060961146,0.1409009745576992,-0.3147209085665449,-0.2581751222666902,-0.3277204568792501,-0.04794915402026419,-1.0225027012463694,-0.9815183704850163,0.3228326170562402,-0.8431303652710496,-0.8339133748479766,-1.0618771407249559,0.6061852033378367,-0.6660110004626544,-1.1689345323403086,0.13179929385165717,-0.4108659942088646,-0.47851379914825626,-0.6061852033378367,1.0618771407249543,-1.0659553487776992,-1.0850176963188372,-0.8371407578686448,-0.5607922809744348,-0.8355863879794388,-1.0016395455655394,-0.5463906304141645,-0.09793149585751397,-0.6043528672675491,-0.8314172830871166,-1.317574173872486,-1.2264723902618437,-0.9830854665939747,-1.057715808149347,-1.1116017372174867,-0.5363722402842841,-0.32030321536567735,-1.136704559054746,0
1.6240206225222695,1.2121184134060021,-1.8929150543297122,-0.13478617003801185,1,0,0,1,0,0,0.29945128861150755,-0.4873439180104387,1.3525599616562942,-0.6166042357586922,0.4188722471192606,0.10172324263359372,-0.8196689644592545,-0.07887461080928372,1.9753518983389593,-0.7685660849739986,-0.28439880123738986,0.7548096133991876,0.9358905485959246,-1.4002495604954455,0.04527105270625133,2.071521698132126,-1.1086687296136895,-0.7353583521681076,-0.01001094667634824,1.0393990221288592,-0.259343214174219,0.15360942544715772,-0.61869268987787,-0.061053737154865895,-0.3482019346881548,-1.0393990221288592,0.010010946676347532,-1.3166279713806959,0.04072103005925432,0.00893691608845806,1.0801112818475405,0.512807750621665,-1.6317394216937933,0.758556726032511,0.8433273810784847,-0.4183195767369984,-0.6371253376036178,-0.482931511569848,-1.7921118076988587,-1.761061748583257,-1.6669479296913718,-1.0798785577006862,-1.1948939252628807,-0.9326642846196119,-1.6934293108373202,0
-0.5091011531284612,-1.2615871198543382,0.27967722576327125,-0.4281154315628296,1,0,0,0,1,0,-0.15483044353726144,-0.29603960423080994,0.7768667978742723,-0.5552673724896755,0.5568236343424271,0.201447213641508,0.5722915149161762,-1.6360394671159784,1.3749122528806412,0.09174453037726917,0.7815282326325814,-0.548124989589519,-0.9407032843554067,-0.38700954172802937,-0.5708508195468126,1.3194667914862324,-0.9812331731250061,0.12304942631457139,-0.8569681418843172,0.10235345797273021,-1.1824806567113775,1.6736496929224398,-0.553614232969572,-1.0969149594965997,-0.8958911633529535,-0.10235345797273021,0.8569681418843165,-0.5089050763265954,-0.7097714541928067,-0.6915790075104341,0.03355074177998182,-0.3576745413866426,-0.7495995951142377,-0.5463906304141645,-0.2086678343205727,-0.4803306735805153,-1.1367331974183288,1.413983630027056,-0.2685346671830286,-0.5033334260339178,-0.8715615487892844,0.1890486229713212,0.8629863402952329,1.0157572993701793,-0.3944048900113141,1
-0.4577006284139859,-1.3646581837401863,-0.15484123025532542,-1.161438585374874,0,1,0,1,0,0,-0.8236341047562825,6.526953763216496,-0.06748317567269331,-0.34058835104811747,2.705498315042651,5.282897808094109,0.14412199623008023,-0.45564219277016416,-0.43264010395346314,-0.11960113608740706,0.11642849846754731,0.3867095274190313,0.28531717087139924,-0.8682494908308983,-0.5805659392422732,0.23558440026916067,-0.3879986860225032,0.330387704177358,-0.2971274843375756,0.8221130942085976,-1.06794980504285,0.04378499587351982,0.8281731182312184,-0.22315943650539785,0.17119653817453814,-0.8221130942085976,0.29712748433757485,-0.9545452942874786,-0.7848207026180125,-0.9554096800346926,-0.7029177864157086,-0.801449827508525,-0.34003467563087314,-0.7910682597479163,-0.762349526635866,-0.8523972546416179,-1.0257092285706153,-0.02767187758659086,-0.19554893590083341,0.2487103132223888,0.1438253204474232,-0.5405845059150832,-1.0302635040182315,-0.8213259083916238,-0.1469716669968365,1
0.13340540580248203,-1.0812127580541053,0.5693561964423357,-0.8681093238500562,1,0,0,1,0,0,-0.23054406556205628,-0.2559180308241401,-0.5664172509504457,0.025696879605538233,-0.495598954085023,-0.21667795627956757,-1.1601660128871027,-0.2658072286370437,0.5621161819613645,-0.8818612713842805,-0.35994451664166077,0.652287766745512,0.26714821842177167,-0.27598865659874344,-0.8423715114384277,-0.504900256374485,-0.020156684606171094,0.23546440412564595,-0.1984048918790851,1.0864182721050466,1.33747446869331,-0.4790405249446756,-1.2758077170060076,1.1713506612797544,0.6978306614652933,-1.0864182721050466,0.1984048918790844,-0.11896988561082296,-0.6347222057676005,0.6821600114951846,0.29196075167320634,0.2738518273252659,1.2352150146897614,-0.22015379130249568,-0.1532996650890431,0.9459245538203791,1.4168180860790833,-0.3311783002420958,0.44307621281837667,-0.32180562690308556,0.1438253204474232,1.4262526241265279,-0.8656330827735822,-0.48731077970765985,1.0901944480755505,0
0.4161082917320974,-1.0296772261111817,-0.4445202009343899,0.5985369837740325,1,0,0,1,0,0,0.07231042253712305,-0.41640432445081954,-0.46407179961141953,-0.09871279589293881,-0.566016256870463,-0.2439567106808356,-1.4334355893754673,-1.2193841690300713,-1.1194807998345908,-1.2980549006391349,-0.9564653289296083,-0.4198811285153328,1.0214405977826275,-0.9358264807570009,0.02312435298508834,-0.9610887025741147,-1.8068018279895182,-2.014173307052453,-1.3688734185578826,0.7849642097577141,1.058160287652442,1.6968085090719633,0.5645662971568317,-0.03800533673876087,-0.7229964358916033,-0.7849642097577141,1.368873418557882,-0.8431352397972577,0.11577027848446049,0.30006041680488094,-0.26362076959722697,-0.9379960693921812,0.3845801819166189,0.35076067714292497,1.2862727349307197,-0.046252995675895824,0.7506742729928018,1.2622304186993043,-0.5878472415426337,-0.23104172733766892,-0.2284831982727022,-1.5240030709358887,-0.7010026615289333,-0.4316415915936655,-0.8274130302866491,1
-0.3291993166277972,0.10410447663314094,1.0038746524609323,-0.13478617003801185,1,0,0,1,0,0,-0.38197130961164594,-0.18032666063766065,-0.4128990739419065,-0.16815075431069346,-0.029844221180709164,-0.008733353056786679,0.8832165517152274,-0.11469536204344777,-0.6311354134391824,1.0249894833134197,0.7257869065202676,-0.2585505258842251,-0.9993900176697453,-0.024915511345627694,-1.2177284595124442,0.7256001231541735,-0.4382546165379285,-0.1859774439367308,-1.4375436385994584,1.0731061981267456,-1.2530294004007825,-1.0624706547714946,1.5919414004937018,-1.8192604409099393,-1.1251293010222954,-1.0731061981267456,1.4375436385994576,-0.17467491285593337,-1.2351161931692491,-0.5824076947417753,-0.1473362651452761,-0.3064697006802721,-0.8756195703398886,-0.9541866793037505,-0.4301405112466897,-0.17027518936292965,-1.2200011740541141,-1.0899443568808573,-0.48749186102961545,0.35244048415429274,-0.4315605721200442,-1.3019408143182878,-0.12479618717266176,0.45906541823023866,-0.8274130302866491,0
0.930113538876852,-0.2051087150244015,-2.617112481027373,-0.4281154315628296,1,0,0,1,0,0,0.2868323516073751,-0.4821106693052209,-0.5536240695330674,0.005444141733693132,-0.8740265250004694,-0.3749841703459427,-1.5040050381018772,0.23971411462725312,0.9289662039733428,-1.340165684771788,-0.7866160897404817,0.3841602613600124,0.9980768994551695,-1.5321827577624025,-0.42045882098392956,-0.13744905822726955,-1.1506354590597632,-1.021268530063786,0.07674090437920666,0.44783808336594555,0.5604166586252458,-0.7502215620404804,-1.408050969365374,0.66952695510435,0.025569496127748646,-0.4478380833659462,-0.07674090437920737,-1.4280380258709164,-0.3345252120667762,0.21818193222838655,0.11107374474794844,-0.3576745413866426,0.1325402314653172,1.4110304042558486,1.5077454118568363,-0.046252995675895824,0.5008703430854462,-0.7105613285614767,-0.031331040515893936,-0.7496925819971905,-0.4654068010946016,0.8235122133073248,0.28677986593896093,0.5704037944582268,0.6571863078002155,1
0.5703098658755232,0.28447883843337485,-0.4445202009343899,-0.8681093238500562,1,0,0,1,0,0,-0.6595879237025604,0.5436060769174694,-0.31055362260288033,-0.20692028109393978,0.7273809871069988,0.5779834629180274,0.42770909765885234,-0.67357221919658,0.10075244445902619,0.7120531994781246,1.0218052026576918,0.138095624476937,-0.9655593930173202,-0.4357445332320219,-0.9430236285561098,0.1648348872639569,0.3207080434320413,0.7467790698766877,-0.20147967785109497,0.38817105265189955,-1.0301307152726962,-0.020201359897729986,0.027911198281992636,-0.6439293286338675,-0.599312394368159,-0.38817105265189955,0.20147967785109425,-0.3974950218363748,-0.8598699510432187,0.09081540066495114,0.1627557467265941,0.2909201075607231,0.3845801819166189,-0.46483142063624716,-0.4301405112466897,0.8219023601333442,-1.053465220782544,-0.2553016945782196,-0.7155722712864762,-0.5940973255993336,-0.7869459763528921,-0.635754044465484,-0.20711139779498602,-0.04195727479570725,-1.0129879475475077,1
0.8530127518051386,0.10410447663314094,-0.4445202009343899,-0.13478617003801185,0,1,0,1,0,0,-0.7100636717190902,0.7500286647343941,-0.016310450003180245,-0.3706781330291445,1.2309148681112525,0.8632924023935848,-0.4827857652383914,-0.6228923820246388,1.6243186611125315,-0.9752802728905209,-0.11635507617973972,-0.8396325271513266,-0.5960814099820492,0.05949578687856943,-0.29569236552474115,0.12689014073583182,-0.7522443204577406,-0.5675570270191702,-1.2094604077470812,0.05436948222367098,0.7307728481041701,0.5587212219192623,-2.0929856705370993,0.5716281375150428,-0.40284167323658326,-0.05436948222367098,1.2094604077470805,-0.20252742647848845,-0.5596729573423944,-0.973604898829468,-0.7675202888890147,-0.9892009100985523,-0.7811045889206503,-1.1173050988595852,-0.762349526635866,-0.790386157798101,0.3343343898138759,0.12408133374116129,-0.989268763594709,-1.7740280199497451,-1.4977167848185873,0.28421816152172197,-0.20711139779498602,-0.2089648391376897,-1.0748462533011267,0
2.1637261320242622,-0.07626988516709207,-0.8790386569529866,-0.4281154315628296,1,0,0,1,0,0,0.26159447759911014,-0.4774588926783606,-0.5152445252809326,-0.055314071881842175,-0.781531154579298,-0.32445139579933147,-0.34705703577989555,-0.47164446765755746,0.9773499527715029,-0.5380872791729236,-0.0566763816571046,1.9634870550553194,1.3443197690922322,-0.79828114733237,-0.9958581277662252,0.014027393381732192,-0.9589983234251567,-0.5087615119550613,0.7837886966584708,1.9006100729493272,-0.31504185999773254,-0.3502819774407519,-1.3219739493038951,-0.22400512180583146,-0.42302452209599983,-1.9006100729493265,-0.7837886966584715,-0.7038726716844818,-0.8598699510432187,0.33645085439443295,0.29196075167320634,-0.11871861809024475,0.4475901695294441,1.5741488238116832,1.2309045656991897,0.015758101167622184,-0.3040534310604773,-0.3311783002420958,-0.0039613912850709025,-0.6848612251647502,-0.7192535184037778,0.9186817518577256,-1.1125787146405561,-0.3759724034796717,0.40975308478573785,0
-0.3291993166277972,0.5163887321765315,-0.8790386569529866,0.3052077222492148,1,0,0,1,0,0,0.009215737516460692,-0.389656608846373,-0.7583149722111197,1.075946000674077,-1.4103042146760802,-1.1311870177647008,-1.9976541754524726,-0.8221564274934737,-0.1657819312890363,-1.031980879724195,-1.3872319435793612,-1.777837415283818,0.2666777917588447,0.15582141048714937,-1.2162624327753104,0.3366767880856853,0.23396140008286095,0.10647735775433845,-1.2246659564705729,-1.2101494081044426,2.9334816766321654,-0.08998950681161703,0.5649571568401355,1.6261317100474049,1.9074238833871358,1.2101494081044426,1.2246659564705722,0.32667033235006016,-1.009968447893631,0.7003552302899613,0.7829397704703327,0.8541733553308051,0.06953024385249205,-0.9541866793037505,-0.5408768497097485,0.8219023601333442,2.8323736888874302,-0.02767187758659086,0.1876261533306929,0.45617065508619664,1.1253659607095745,0.2207718024881207,-0.5363722402842841,-1.0440026608476,0.47161139053935697,1
0.7502117023761872,0.6194597960623787,-0.8790386569529866,-1.6014324776621007,1,0,0,1,0,0,0.3246891626197725,-0.48792539008879626,-0.7839013350458762,1.7992580675256877,-1.8084157772263505,-1.7657534521155096,-0.07363913297704425,-0.6431948503835447,-0.7496755220809485,-0.6236959910548892,-0.8649925325083457,-0.8647624872859657,0.5516561728668585,-0.8032371085476787,-1.8341728077798582,0.34028682535088617,-0.7940536353147418,-0.33747610526124544,-0.46991781074089073,-0.7133741297612556,-0.7001880476268493,-0.9546289367937357,1.3667869953046203,0.055203054156951044,0.7950529237112418,0.7133741297612556,0.46991781074089,-0.8431352397972577,-1.760460932145692,-0.5642124759469986,-0.3153027715758717,-0.596630464683041,-0.43454965705011084,-0.38327221085833024,-0.2086678343205727,-0.6663639641110671,-0.6371253376036178,-0.8623145398892288,0.15113328768959466,0.8451587960808378,0.8207498999385615,-0.4136917878478824,-0.04248097655033679,-0.3759724034796717,0.5334696962929761,0
-0.14929748012713334,-0.41125084279609675,-0.4445202009343899,0.5985369837740325,1,0,0,1,0,0,-0.6722068607066928,0.5523281580928325,-0.15703544559434116,-0.29661097738353953,0.9381883497319604,0.6540062210854957,0.7699082764895718,-1.0197200615079778,0.3626202777681564,1.495623561965677,1.932838078120057,0.6776139459376072,-1.6680132792529219,0.15624228638063248,-1.1999873860529993,-0.3481648805915238,0.5793072383322649,0.9201995190153498,-0.3925077445122049,1.3134690058789504,-0.9144607484994053,0.19747676553610286,-0.8455861956616821,-1.4460598016220179,-1.6143884361510246,-1.3134690058789504,0.39250774451220416,0.18740776423728422,-1.0850176963188372,0.1817914946388332,-0.031051760693324323,0.20557870638343811,0.9201650766256344,-0.8726274695258333,-0.8177176958673952,0.5738579727592754,-1.0257092285706153,-0.2553016945782196,-1.235595606672119,-1.4109724216880806,-1.7684866166150421,-0.7309235830158842,-0.37174181903963527,0.29205785388825667,-1.3841377820692236,0
0.6988111776617119,0.6967630939767645,0.27967722576327125,-0.13478617003801185,1,0,0,1,0,0,-0.6469689866984278,0.40754161058180643,0.17558727125749374,-0.4545823327839313,1.0988179331184689,0.6647388457679617,-0.0076957579335049,-1.355394131080739,-0.8863123125500281,0.11367951088904024,-0.05778212453543111,-0.16782492621865874,-0.009703520618951599,0.35641809481367587,-0.6558520504995425,-0.4398869636329467,0.20688917542544266,-0.04635089545450316,-0.7279513648365089,0.4930801176436278,0.3668298995335727,1.2033027945447519,0.7695746469800594,0.051574079623248545,0.029866963889816904,-0.4930801176436278,0.7279513648365081,0.29881781872750485,-0.6347222057676005,-0.09113678728281299,-0.3023822710812103,-0.20406001926752979,0.1325402314653172,-0.6279498401920818,-0.3747723420151606,0.139780294854656,0.27882240539001907,1.0346006017076752,-0.17730250308028428,0.2357440418559006,0.24536400737109418,-0.826093121566285,-0.5363722402842841,-0.3759724034796717,0.10046155601764112,1
0.6988111776617119,-0.46278637473902035,-0.4445202009343899,-0.13478617003801185,1,0,0,1,0,0,1.1070632568759857,-0.5989865570550853,-0.630383158037337,0.15299980337142172,-1.4243451129384763,-0.5789040393127989,-1.117354802493874,1.3598533035816132,-0.29713720700008056,-1.2695531301480727,-1.5226598722168638,-1.0107347774593436,1.1490718632472907,-1.1292858689065841,1.187330018467293,0.19158981653986407,-1.9430935618868672,-1.8873565848361578,-0.974766068754056,-0.41176056791003435,0.4253399180574882,-0.677000187660038,0.5987258048955628,-0.2116539401957687,0.13689604667794825,0.41176056791003435,0.9747660687540554,-1.142549761239726,0.7536888900987124,-0.7256950427506399,-0.5252609046141167,-1.206821483100629,-0.9937632971139362,0.2895912698094869,0.9125375926178964,-0.9454138999068937,-0.08200549336504998,-1.0140677512169813,-1.554908181031724,-1.0738493661593913,-1.0746389226366257,-1.3019408143182878,-0.5363722402842841,-0.7656567202776299,-1.6315710050837011,0
-1.0488066626304537,0.23294330649045036,1.7280720791585935,-1.161438585374874,1,0,0,1,0,0,-0.19268725454965888,-0.27917691395844146,-0.4512786181940413,-0.10160604416034526,-0.31811619890057286,-0.13618327116107173,-0.047181234156599944,-0.41837045160838404,-0.2899308109976917,0.7165834485728982,0.5647280056771118,0.24931112832354574,-0.3076028610399011,-0.0696443889223905,-0.9437364126677205,-0.6441791876299293,0.4129565290915628,0.360354385163545,0.9153149533513734,-0.5677675826606664,-0.003981198203112144,-0.3711878463768626,-0.2509928277905446,-0.5585773836138818,-0.3823581456569905,0.5677675826606664,-0.915314953351374,-0.3974950218363748,-1.1600669447440433,-1.3466068841223853,-1.4135453136220761,-1.2110885531594928,-0.43454965705011084,-0.30171300108041293,-0.7069813574043363,-1.534519319920306,0.3343343898138759,0.04820472807728505,1.4101371523074657,1.0396528665781584,0.7192112130148905,1.2993599060593275,1.1922471827845313,0.9600881112561845,0.904619530814692,1
-0.07219669305541997,0.0010334127472937634,-0.4445202009343899,1.0385308760612593,1,0,0,1,0,0,-0.11697363252486404,-0.3175540711300387,-0.8094876978806327,2.5081038930402664,-1.7601823609618084,-2.182537043951277,-0.18220979987431218,0.35102872523068596,-1.1354146444688367,0.26143424376978663,-0.43987693394363536,0.6055833737529795,0.015235172239695708,0.9413552208063163,0.31779053969942933,-0.16791149267042954,0.7340768227087217,0.28273730869092495,1.0713719007766844,-0.2366301126415829,1.1939582071829933,-0.16344235530151371,1.3834149987934887,0.3747172145430608,0.847899509108827,0.2366301126415829,-1.071371900776685,0.7723105503109431,0.19081952690966666,-0.2730889752305771,-0.3153027715758717,-0.01630893667750248,-0.30852968182446,-0.30171300108041293,-0.762349526635866,-0.5423417704240322,1.1670141561717275,-0.1035484832504671,0.16937972051014377,0.8710913388138142,0.9899810448113461,-0.635754044465484,-0.28942660841731066,-0.4316415915936655,0.2860364732784985,0
-0.6890029896291251,0.3617821363477598,0.5693561964423357,-1.161438585374874,1,0,0,1,0,0,-0.7731583567397526,2.4072240880533666,0.6489349837004895,-0.544273029073531,2.0696765232331678,2.271949391967262,1.5132546699151221,0.10967396463420061,-2.0170813977982633,1.7010506567381185,0.32517964991163073,0.6697366759570734,-0.20727724402236555,0.7551618294883465,-0.3052173498060325,-0.48183561052436186,0.9306339936066884,-0.1754096683531262,0.07500831336893375,0.8390486150612049,-1.3496686529956754,-0.4562909991320656,2.2732195228892027,-1.375208957054361,-0.5940028712973696,-0.8390486150612049,-0.07500831336893446,0.911573118423719,-0.10937746679115769,0.6184767457134681,0.2531992501892221,0.6322857122698633,0.006520256239666901,0.35076067714292497,0.34501385799472056,0.6358690696027934,-1.3032691506898992,-0.5588081172337243,-0.47836864461934153,0.6895635396829819,0.04228663352375219,-1.6826189685198898,-0.4540570296619595,-0.09762646290970158,-0.76555472453303,0
-0.4320003660567478,0.3102466044048362,2.452269505856255,0.3052077222492148,1,0,0,1,0,0,-0.33149556159511606,-0.2018411275368894,-0.5280377066983108,-0.03216808574259063,-0.2948745298524538,-0.13036976612473594,1.843511095282213,-1.2748751729489032,0.7901799795509636,1.0775530461344538,1.4572992232640891,2.3178503100731724,-0.7607735427470972,2.12190404092493,-0.33886071220798886,1.1425706729225564,1.3032750073731003,1.5289815346350693,2.432959672834811,0.7482915930561997,-0.443265537966211,1.4103429615595018,0.06797083395935448,-0.16339945942082018,-0.40180748641617314,-0.7482915930561997,-2.4329596728348113,2.2206412586838127,-0.18442671521636386,0.47291499535525605,1.0284292798688959,1.5881094054554559,-0.34003467563087314,0.8401159358104279,-0.2086678343205727,0.5118468759157585,-0.47058938433204756,1.1863538130354276,-0.25028823436248077,-0.17917664187171697,-0.2284831982727022,-0.5088613263982832,0.03983423407198747,0.45906541823023866,-0.20882997275045564,1
-0.8432045637725518,-0.7977673323680251,-0.4445202009343899,1.7718540298733036,1,0,0,1,0,0,-0.016022136491804253,-0.3547682841449209,-0.5920036137852022,0.04884286574478978,-0.7550641863956853,-0.310588422251146,-1.0055797468237433,-1.3471452685792173,-0.3984926753950737,-0.6638466216186816,-0.5835970192415055,-0.41016150845035604,0.6011840600055653,-0.6256654244295038,-1.0790052121984153,-0.20477627861157574,-0.37791938471353387,-0.45735342628702336,0.02218903885575044,-0.5814181964513455,0.7731255963844372,0.7680754237322723,0.33897242539310635,0.5220755652980551,0.312188103093213,0.5814181964513455,-0.02218903885575115,-0.7317251853070371,-1.1600669447440433,-0.8098479296764806,-0.7804407893836761,-0.8697229484503528,-0.5605696322757617,0.02452383803125581,0.012804842605544792,-0.8523972546416179,0.7229182807808735,0.7310941790521709,0.041654690766301246,0.20981149912292413,0.4145951522438788,-0.3819686083310823,-0.04248097655033679,-0.32030321536567735,-0.023255055489598248,0
-0.8432045637725518,1.2121184134060021,0.27967722576327125,-0.13478617003801185,0,1,0,1,0,0,-0.4576849316364408,-0.06984696574972914,1.3525599616562942,-0.6166042357586922,1.1420636216457762,0.42280759771737153,0.4744909687108066,-0.7038780169272579,0.5658668047579213,0.1424081261525695,-0.09161746740955733,1.1425929539508684,0.6509753969608908,0.39997924667017193,-0.5203459233591802,0.06001881948324828,0.37482298419553667,-0.20343723459608104,0.4073962731842086,1.1543098493943817,-0.2601366919221051,0.4448235448426096,-0.7132457533664721,0.179283863920379,-0.07950966905196465,-1.1543098493943817,-0.40739627318420935,0.8001630639334981,-0.10937746679115769,1.4463592008757944,1.2609982887727984,1.3832900426299712,0.3845801819166189,1.247911984700014,1.1201682272361313,1.5040244254120325,-0.49834537654397587,-0.02767187758659086,-1.1443634425693747,-1.2813097080232,-1.1423313805857394,-0.44541496736468245,-1.277209135885205,-0.9883334727336057,-1.0748462533011267,0
-0.25209852955608386,0.23294330649045036,-0.4445202009343899,0.5985369837740325,1,0,0,1,0,0,-0.6848257977108253,0.627919528279312,-0.3617263482723934,-0.195347288024314,0.7645816842404989,0.6338825498058717,1.2469427242038384,0.819053369983042,-1.2634518265042467,1.6225732662444317,1.0780634287161672,-0.46884117869090475,-1.1552814940079625,0.7687937889481822,0.26666398068804187,-0.9442817598193896,1.2731505119521744,1.1348247365161315,0.13286549185952784,-0.7712178265546397,-0.9657345164607957,-0.8570383326921898,0.7782688702853132,-0.929557549008203,-0.2935997770322497,0.7712178265546397,-0.13286549185952856,1.0229831729139398,0.5660657690356972,0.900502637032502,0.21443774870523882,0.7346953936826055,1.833809897011603,-0.38327221085833024,-0.4855086804782194,1.3800022317249987,-0.9424412519348303,-0.8623145398892288,-0.2685346671830286,0.15794641365697218,-0.2284831982727022,-0.44541496736468245,0.5337254978059351,0.18071947766026855,-0.6418381130257917,0
-0.25209852955608386,0.4133176682906843,1.4383931084795292,-0.4281154315628296,1,0,0,1,0,0,-0.7479204827314877,1.6949207920653873,0.06044863850108935,-0.411762258426316,1.522983438252406,1.6217312132878567,0.8512169073214201,-1.5375449662621712,0.09417182201023488,2.0857963744903834,2.3969813655441694,1.4431331569996437,-1.3102724775835266,0.38661223738427897,-1.4084895544087939,-0.8927865151234141,1.3094472844195488,1.0741158699328563,0.19034451885672046,1.779480128430764,-0.7973394382661129,0.699334803060807,-1.0259003831584437,-1.5193508253314083,-2.0675280823836633,-1.779480128430764,-0.19034451885672118,-0.09111737198826762,-1.535313186870074,-1.492168634480596,-1.6331938220313174,-1.1598837124531223,-0.30852968182446,-0.8726274695258333,-1.0391903727935126,-0.9144083514851348,-0.8036612908751883,0.5034643620605421,-0.350643614875499,-0.8015576674631424,-1.277716296483967,-0.3185222492974822,-0.28942660841731066,0.7374113588002092,-0.5181215015185524,1
0.8016122270906633,0.10410447663314094,-0.15484123025532542,-0.13478617003801185,1,0,0,1,0,0,-0.7983962307480176,3.9975502223612227,-0.4128990739419065,-0.16815075431069346,1.605913064775846,3.204346161256505,0.819388156753169,0.33175342815584796,-1.2678070985815337,2.1264546994678053,1.5208252521055448,1.4952685514453015,-0.93227553195635,-0.09884045274512866,-0.5389167927776811,0.0944760519551938,1.207110741962752,1.221838401474637,1.0614552385657117,0.9866295824910817,-1.2381393938659964,-0.9952170040294301,1.828074096529426,-1.6757527630330766,-0.7842599241296424,-0.9866295824910817,-1.0614552385657123,-0.5646101035717058,-1.009968447893631,-1.9561467137473947,-1.6202733215366558,-1.176951992688579,-1.2536794960168407,-0.8726274695258333,-1.3160312189511594,-1.658541513607341,-1.1644891896302574,-0.9381911455531051,-0.031331040515893936,0.9099901529132779,0.09305597698558829,-1.016432198667086,-0.12479618717266176,0.4033962301162448,-0.332546584257695,1
0.5703098658755232,0.928672987719922,-0.4445202009343899,-2.6280848929989626,1,0,0,1,0,0,-0.6595879237025604,0.5436060769174694,0.27793272259651985,-0.4771496692697016,1.2062356566432044,0.7868224515310137,0.8099214213423227,-0.3173560966652405,0.09053731155977313,0.9446046089354585,1.1332832503929977,-0.22059845979346998,-1.5270286480553423,-0.3630376908451954,-0.7456615770412753,-0.0348729741270511,0.125134987923994,0.516071398443958,-0.4633576356367666,0.15868247298249136,-1.4889584351998093,-0.31140619655727053,-0.1588115137809827,-1.152018173886837,-0.9694804537184013,-0.15868247298249136,0.4633576356367659,-0.4253475354589299,-0.7848207026180125,-0.38226028799923456,-0.3411437725651945,-0.27233314020935756,0.1325402314653172,-0.709509049969999,-0.5962450189412776,0.3258135853852078,-1.3865371273256843,-0.2553016945782196,0.13288685486904556,0.028283699992091807,-0.4315605721200442,0.12560226393772106,1.0276167615398821,1.2384340518261547,-0.08511336124321738,0
0.10770514344524394,0.05256894469021735,-0.15484123025532542,-0.8681093238500562,1,0,0,1,0,0,-0.00340319948767178,-0.3751198068874346,-0.2977604411855021,-0.22022922312400942,-0.27820839517963436,-0.11829556335696156,0.10548973462191562,0.6271956095356392,-1.221346086484202,-0.6757730591041514,-1.3181402331173822,-0.6790424165217058,0.44178743351160266,0.50658354956536,0.4597661343347336,-2.1513320837442023,0.8071124695995475,-0.07428077201788673,0.3586118043630053,-1.2817996886347096,0.35948626993717747,-0.40026203694806456,-0.49226025492769204,1.7132447143926477,1.6411261439460385,1.2817996886347096,-0.35861180436300605,0.2152602778598393,0.11577027848446049,-0.8007503202790929,-1.6719553235153006,-1.347634795043149,0.6681251261743327,-0.13859458152457876,-0.319404172783631,-0.9144083514851348,-0.026493508941193386,-0.7105613285614767,-1.1991027410310207,-1.2294446225572482,-0.6007917169928287,-0.15990635171348128,-0.4540570296619595,-0.9883334727336057,-1.2604211705619852,0
-0.07219669305541997,-0.3339475448817109,-0.4445202009343899,-0.8681093238500562,1,0,0,1,0,0,-0.4955417426488382,-0.05821752418257845,-0.0035172685858019803,-0.38514437436617666,0.5869790055053129,0.25287437357832476,-0.4499889105915745,0.76792780176809,-1.0486325383341994,-0.4285412585770603,-0.6399565063175585,-1.3048065612924464,0.2526669756174854,-0.1840172878127426,-0.16128425399986382,-1.182958132061064,-0.35553607144632343,-0.6643430375526326,-2.3797891168748495,0.5806453452778549,0.44185262834928746,-1.2155760328574803,0.24475697062681304,0.22638811074543072,0.18337312841030903,-0.5806453452778549,2.3797891168748486,-0.3139374809687093,-0.3345252120667762,-0.5915053041391644,-1.0646918002662225,-1.1257471519822078,0.19555021907814235,-1.3619827281933365,-0.4855086804782194,-0.17027518936292965,0.6118943119331598,-1.0140677512169813,0.6985262723060605,0.7284623537824456,0.7869036709640054,0.2524949820049213,-0.6186874509066087,-0.4316415915936655,0.7809029193074537,1
-0.4577006284139859,0.6967630939767645,-0.15484123025532542,0.3052077222492148,1,0,0,1,0,0,-0.6091121756860305,0.15111242402613387,-0.6687627022894718,0.40818430055667,-0.1313180925167232,-0.19923744117056014,0.13178928230350617,-0.1704065500862711,1.162601055859947,-0.4765396863247465,0.09276404405130617,1.0682982078707701,0.40168728091199074,0.5271745996280652,-0.9637762015760196,1.0498717857655495,0.0016695209235451812,0.6545177700928012,0.872405678118227,0.5917900106131198,0.3434904432896646,-0.7316015036654421,-0.53429469528113,0.6454298408169414,0.5184114104732425,-0.5917900106131198,-0.8724056781182278,-0.14682239923337803,-1.3101654415944555,-2.0016347607343357,-1.2972608091701252,-1.2281568333949502,-1.6632444155002057,-0.8726274695258333,-1.2606630497196296,-1.9685969978249267,0.27882240539001907,-0.7105613285614767,-0.10431677179808911,-0.3607044410025493,-0.093098282374475,0.4428340591057229,-0.9479482933959068,-0.8213259083916238,0.2860364732784985,0
-0.7918040390580765,-0.35971531085317227,1.7280720791585935,1.0385308760612593,1,0,0,1,0,0,-0.571255364673633,0.046447449921777705,-0.6431763394547153,0.17903903777807972,-0.15039992589118947,-0.10264381902836514,0.08504235670423244,1.3762799169807485,0.050991270004528896,0.7644117693743081,0.43797791963889554,0.3906354910023285,-0.6705258025305761,1.0008688882523649,0.9339015804056642,-0.0056968580943616304,1.4111208554249992,0.8206139615359556,1.3338827891162104,-0.7901484909597473,0.8818029331056441,-0.9534252759496598,-0.07543156729578043,0.3665723001255207,0.2317770679704732,0.7901484909597473,-1.333882789116211,0.5494904413305014,0.41596727218528484,-1.0099953364190213,-0.8579637923516437,-0.32353798091572933,-0.9386295579527137,-0.38327221085833024,-0.9284540343304539,-1.0384305451721696,0.08453045990652028,-1.317574173872486,-2.029315434365994,-1.7480954772167696,-1.531563013793144,-1.4288335323854886,-0.4540570296619595,-0.8213259083916238,-2.250154062619895,0
0.23620645523143258,-0.2566442469673251,0.5693561964423357,1.478524768348486,1,0,0,1,0,0,-0.34411449859924853,-0.19893376714510175,-0.7711081536284979,1.6893146333642428,-1.1419907213557718,-1.4585320705799172,-0.550758669781014,0.2601960665455413,1.261437479474108,-1.3072884116622745,-0.6107156655766762,0.14975133435637877,0.3058015746165439,-0.7334181905060727,-0.7687379720662733,0.5041860416347299,-0.7642586263843464,-0.2596623633483241,0.5581846313588362,-0.34935776200978186,0.03302052293232514,-1.1272320918179621,-1.2177689445204072,1.008236533519548,0.5404505170071893,0.34935776200978186,-0.5581846313588369,-0.8431352397972577,-0.9349191994684248,-0.9463120706373036,-0.5737127814690962,-0.8185181077439823,-0.7811045889206503,-0.05703537174666111,-0.319404172783631,-1.1624527388592034,-0.3318094232724056,-1.317574173872486,-1.3998135020570583,-1.6962303917508168,-1.2946394109712458,-0.2233527107470814,-0.4540570296619595,-0.6543183440496418,-1.136704559054746,0
0.05630461873076867,-0.07626988516709207,-0.8790386569529866,-0.4281154315628296,1,0,0,1,0,0,-0.2810198135785862,-0.2239370665144757,-0.5152445252809326,-0.055314071881842175,-0.3327714482644417,-0.12947538073453044,0.30023223298785123,-0.12203949807749337,0.6801483778993477,0.8296308256878518,1.3177579995792792,2.611213598537228,0.27818291085813857,0.3039061345596491,-0.3412460676167553,-0.25569880665946715,1.795514813485662,1.7704940248410097,1.116988546947158,2.4535682696765635,-0.11382079959725769,-0.1743497782896588,-1.1867382588878008,0.6596240314245924,0.015392878634250956,-2.453568269676564,-1.1169885469471588,-0.11896988561082296,-0.7097714541928067,-1.3738997123145495,-1.2714198081808024,-0.6307670251539549,-0.4660546508565234,-0.6279498401920818,-1.0945585420250417,-1.2864749325462383,-0.4150773999081907,-0.5588081172337243,-1.281211688723491,-1.5925002208189127,-1.2946394109712458,-0.3819686083310823,-1.853415610241477,-1.211010225189582,-0.76555472453303,0
-0.4063001036995106,0.6194597960623787,0.5693561964423357,-1.6014324776621007,1,0,0,1,0,0,-0.14221150653312897,-0.3006913808576702,-0.7839013350458762,1.7992580675256877,-1.4697615442653722,-1.6217574042924225,-0.2363913727997269,0.0034132412416711415,-1.0296093218058684,-0.3400490324862928,-1.025007289436937,-0.2924025152594391,1.0461316813908061,-1.021032846338358,-0.5044100796211421,-0.37652850237995883,-0.7243113730317253,-0.8860807433062381,-0.6711839829354725,0.266869946255213,-0.6914960313161606,-0.509991725465993,1.0291356024035627,-0.2588304540545705,0.46747429277324415,-0.266869946255213,0.6711839829354719,-1.038102835155144,-0.6347222057676005,-0.6187981323313287,-0.7029177864157086,-0.9209277891567239,-0.43454965705011084,-0.05703537174666111,0.2896456887631914,-0.6663639641110671,-0.7481493064513315,-0.6346847228976005,-0.5878472415426337,-0.010615114107371936,-0.11002139686175369,-0.667477223982284,-0.7833178721512579,-0.7656567202776299,-0.1469716669968365,0
-1.0488066626304537,0.6967630939767645,1.7280720791585935,0.3052077222492148,1,0,0,1,0,0,-0.19268725454965888,-0.27917691395844146,-0.6687627022894718,0.40818430055667,-0.8168833888562058,-0.5301600355465986,-0.4156384657036548,0.030591510822595085,0.15051828588724445,-0.1658192284116539,-0.17320199331536895,0.9218684175905918,0.6740739420372687,-0.10908279897124087,-0.3856119576669111,-0.6610152365606135,0.5029789549347575,0.4417288364674275,0.6912331826893887,0.5717619163874247,0.4689611568743717,-0.4282854027326859,-0.8700201038773097,0.7227564015899739,0.6564333073133902,-0.5717619163874247,-0.6912331826893894,-0.3417899945912644,-0.6347222057676005,-0.982702508226857,-1.1292943027395286,-0.9038595089212672,-0.11949971898598452,-0.38327221085833024,-0.7069813574043363,-1.0384305451721696,0.16779843654230542,-0.6346847228976005,-0.8432973010303187,-1.112748180258855,-0.8038690908401701,0.2207718024881207,-1.3595243465075295,-1.32234860141757,-0.5799798072721716,0
-0.14929748012713334,-0.4370186087675581,2.8867879618748513,2.505177183685348,1,0,0,1,0,0,-0.4198281206240434,-0.1134573716265442,-0.34893316685501513,-0.19824053629172045,0.11533404629753435,0.06594782702537334,0.0879689925107494,-6.631279390359951e-4,0.7347767886100062,-0.35211929084031746,-0.15030591510451397,-1.8205827253894087,-0.7385631992050717,2.2469349697348453,-0.341907782034249,2.4578183655196506,0.7929661612649648,1.416449883562662,0.2430696413654208,-2.7241312087693945,2.1227879214429737,-0.3416055464325276,1.465405941049677,1.2619821166786584,1.578292672712256,2.7241312087693945,-0.24306964136542153,3.1954792354732438,0.26586877533487285,2.074094249295581,3.3799603698972387,3.7045761546521243,-0.5605696322757617,-0.5463906304141645,-0.7069813574043363,2.4341908780647894,2.0829618991653644,-0.2553016945782196,0.23324223538206504,0.9748215097457181,1.4976744794297,-0.6992004034990842,0.7806711296729086,-0.3759724034796717,0.22417816752487937,0
0.8016122270906633,-0.46278637473902035,-0.15484123025532542,-0.13478617003801185,1,0,0,0,1,0,-0.7983962307480176,3.9975502223612227,-0.8478672421327675,6.497893253793752,-0.7344913508946546,-1.947313686327228,0.45231640403652995,0.04371986799452481,-0.2834891154635703,0.9800232184524822,0.2578565053629928,0.2805699763532406,0.13686977551314572,-0.14833002686660215,-0.6582733984711624,-0.0672022069657692,1.2842486081092161,1.26470227583843,0.7837886966584708,-0.39468810214486993,-0.7771665855406118,-0.7194507307780691,0.32000738073582213,-0.05050920614035822,0.8995095322887023,0.39468810214486993,-0.7837886966584715,-0.5924626171942612,-1.0850176963188372,-1.9288538855552302,-1.659034823020639,-1.1940202729240363,-1.1276595207911904,-0.9541866793037505,-1.3160312189511594,-1.5965304167638241,-0.8036612908751883,-0.7864379342253526,-0.4692454282090663,-0.24400799870415715,-0.24540631275998087,0.2524949820049213,-0.7010026615289333,-0.9326642846196119,-0.20882997275045564,0
-0.4577006284139859,-0.6946962684821769,-0.15484123025532542,0.3052077222492148,0,1,0,1,0,0,-0.8236341047562825,6.526953763216496,-0.8350740607153893,4.2295866121470995,0.44498297934688336,1.7509699021725529,-0.07209138349709819,-0.5403300049963156,-0.30215831426237727,-0.35919901721690056,-0.038320325795614264,-1.274997232729157,-0.2336768032484208,-0.9818339167552302,-1.0231880181139406,0.4427853392909925,-0.11345771703538696,0.9576833840358164,0.6109019818860374,-2.3448293052292213,-0.8807920573740984,-0.28338740608055113,0.8580171018922322,0.37275196861729626,0.9848097268742432,2.3448293052292213,-0.6109019818860381,-1.0102503215325889,-1.0850176963188372,-0.6642861793182697,-0.354064273059855,-0.3747428216220998,0.06953024385249205,-0.6279498401920818,-0.9284540343304539,-0.4183195767369984,-1.1089772052064004,-0.8623145398892288,-2.029315434365994,-1.3980061503215924,-1.1931007240475748,-1.5240030709358887,-0.6186874509066087,-1.4336869776455579,-2.250154062619895,0
0.7502117023761872,-1.41619371568311,0.5693561964423357,-1.6014324776621007,1,0,0,1,0,0,0.3877838476404349,-0.5001363037343045,0.6105554394483548,-0.5303854373899801,0.10075271829986507,0.025253291771022673,0.4132087553424905,-0.7275905068444473,2.113782395480416,0.07263236525920826,0.4849678475274079,0.9974708324995182,-0.28688952562363323,0.28337071038509826,-0.16128425399986382,1.0314476529231065,0.2949283177010009,0.23102936844836922,1.2744597090698961,0.0964376253461319,-0.29143615795855676,0.8370697795149861,-1.8531059279958702,0.1943242316634413,-0.4049267414819741,-0.0964376253461319,-1.274459709069897,0.29881781872750485,-0.10937746679115769,0.14540105704928116,0.6666552660183818,0.76883195415352,-0.8756195703398886,0.758556726032511,0.17890935030013266,-0.10826409251941274,-0.4150773999081907,0.5034643620605421,-0.6334633235940058,-1.4109724216880806,-1.2607931819966884,0.6014499566897238,0.12214944469431245,0.18071947766026855,-0.76555472453303,1
1.1614159000919912,-0.87507063028241,1.0038746524609323,-0.8681093238500562,0,1,0,1,0,0,0.22373766658671274,-0.4478038166821264,0.4954168066919504,-0.5164978457064292,0.14182996692138966,0.05476800964780448,0.5841427693541873,-0.13070363189939377,1.6152101681457676,2.2108058328988363,2.399442999685624,1.6068876295035348,-1.5623309028105803,0.28785805750634985,0.37977379271775197,1.3964393820266516,0.12349728595944963,-0.1357844433598758,-0.11207882534413707,2.3027614887509538,-0.5246403610663267,0.5598438852417496,-0.8047595028800246,-2.864198256204286,-3.251960495270851,-2.302761488750954,0.11207882534413637,-0.14682239923337803,-0.18442671521636386,-1.4284853686988783,-0.625394783447741,-0.5454256239766699,-2.2303343040156345,-0.8726274695258333,-0.9284540343304539,-1.534519319920306,-0.933189254530854,-0.4323471077939307,-2.3881619465034554,-2.3056451459757548,-2.8854121727754207,-2.0209995500324247,-1.0302635040182315,0.013711913318286572,-2.5182067208855785,0
-0.020796168340944693,-0.6431607365392533,-0.8790386569529866,1.478524768348486,1,0,0,1,0,0,0.021834674520593164,-0.3890751367680154,-0.016310450003180245,-0.37935787783136377,-0.030951500091834443,-0.00605019688617015,0.07946740016482762,-1.2589245224592729,-0.9789049656408437,0.6310538956646854,0.3422628904846202,-0.006993181356972911,-0.5688901660881123,-0.6965748962309553,-1.4121723982602252,0.09961046156690845,-0.1586945812434914,-0.13003726164863738,0.4884925330428311,-0.49401881205127574,-0.8065107832025251,0.3132301078820894,1.438294789019956,-1.0098719310838047,-0.571914596585909,0.49401881205127574,-0.4884925330428318,-0.8988402670423681,-1.535313186870074,-1.4739734156858193,-1.2068173057074962,-1.1940202729240363,-1.1276595207911904,-0.13859458152457876,-0.3747723420151606,-1.534519319920306,-0.8869292675109735,-0.02767187758659086,-0.8615437338508666,-0.07544647093981212,-0.4654068010946016,-1.5240030709358887,0.6160407084282594,0.4033962301162448,-1.2604211705619852,1
-1.8969153204192981,-0.9523739281967958,-0.4445202009343899,-1.8947617391869185,1,0,0,1,0,0,0.6780193987354818,-0.5414208212976894,1.3269735988215376,-0.6304918274422431,0.22184323841756592,0.07086694667150364,1.1177377387962482,0.07820384336862392,-0.14558988647845278,-0.026711215763151643,0.8751408374959025,2.012019615745982,0.4571309465206622,0.15048705630563572,-0.2491664807661297,0.039095890747776425,-0.3834893740318878,-0.4241814772537648,0.6477887577651265,2.1016857808501404,-1.4038766410238928,-0.3569467399171486,0.2383138519142992,-0.3441763695255868,-1.551856601924465,-2.1016857808501404,-0.6477887577651271,0.5216379277079463,0.19081952690966666,1.4463592008757944,1.248077788278137,1.0077878774499178,0.8256500952063961,1.8188264531454346,1.5631135810883663,1.3179911348814817,-1.3726591312197203,-0.5588081172337243,-0.7839963943635344,-0.5551985114998699,-0.6430995032110249,-1.888819635379091,-1.0302635040182315,-0.1254610569666985,-0.6109089601489817,1
0.8273124894479005,-0.1535731830814779,-0.8790386569529866,1.1851955068236681,1,0,0,1,0,0,-0.06649788450833415,-0.3495350354397031,1.301387235986781,-0.6299131777887618,0.6595008057565859,0.21799334336030993,-0.276936378510634,-1.0421670310325724,0.5543906062550115,0.6556084993890852,0.5322388423973643,1.0169868909328659,0.043256502598100634,-0.9965195959447106,-1.4840333430352084,-0.17300030647319845,-1.358587190171472,-1.014396032515209,-0.38662849897585155,1.770502261954682,-0.6106238629377584,-0.056265068548429914,-0.9317191548654589,-2.2328365879570806,-1.6822968516112058,-1.7705022619546826,0.3866284989758509,-1.0102503215325889,-1.4602639384448675,-0.5642124759469986,-0.5607922809744348,-1.0233374705694662,-0.24551969421163483,0.2692014673650073,0.5111183656893089,-0.8523972546416179,-0.6440643356566,-0.17942508891434333,-0.38485567641402807,-0.7821082604134105,-1.510409120684046,0.41111087958892223,-0.20711139779498602,0.848749735028197,-0.2242945491888607,0
-0.5862019402001745,0.3617821363477598,0.27967722576327125,-0.8681093238500562,1,0,0,1,0,0,0.26159447759911014,-0.46059620240599214,0.2267599969270068,-0.445902587981712,-0.026609437484887817,-0.009627738446992187,0.7332987891548476,-0.6542038247343688,0.3462999133101667,0.972969673289987,1.0358249913264481,0.1122903627487791,-1.0901617808785093,0.05304141546168613,-0.3609747587986049,0.6606492815596384,0.6329505423983446,0.6499241799189319,-0.16027754582615011,0.312111980532898,-0.9666714594301786,0.5362986912088903,0.19048523258284122,-0.6867963347870348,-0.712098755039272,-0.31211198053289735,0.16027754582614942,-0.09111737198826762,-0.4846237089171882,-0.5187244289600577,-0.12149526415595328,0.13730558544161034,-0.8126095827270634,-0.5463906304141645,-0.5408768497097485,0.139780294854656,-1.053465220782544,0.04820472807728505,-1.1352402261590995,-0.8793552956620708,-1.057715808149347,-1.1116017372174867,-0.12479618717266176,0.013711913318286572,-1.3841377820692236,0
-0.9460056132015023,1.289421711320388,0.5693561964423357,-0.13478617003801185,1,0,0,1,0,0,0.1858808555743153,-0.44198909589855107,0.3035190854312764,-0.4696272237744448,0.06533029914201526,0.023017328295508902,0.8853042608046843,1.0165946418870904,0.6837321255206041,-0.3217895985799912,-0.8459119065187405,-0.36628717548708506,0.5236745879818414,0.9557446086546216,1.8718955387199636,0.3148123627844411,0.009594403825708895,-0.8000175800545627,-0.9306920144830665,0.4234769879856554,-0.27606837357163105,0.47991580831246194,-0.6183286565386221,0.4442306341453593,0.31866545169013966,-0.4234769879856554,0.9306920144830657,0.6609004958207222,1.391607501712964,-0.6097005229339397,-0.3669847735545164,-0.34060626115118536,-1.411204465048904,-0.709509049969999,-0.3747723420151606,-0.790386157798101,-0.44283339212011924,0.12408133374116129,-0.8250508682097696,-0.9830854665939747,-0.7700228618656133,-0.09645999267988113,-1.0302635040182315,-0.9883334727336057,-0.76555472453303,0
0.44180855408933456,0.4133176682906843,-1.168717627632051,1.0385308760612593,1,0,0,0,1,0,-0.0412600105000692,-0.36349036532028395,0.188380452674872,-0.4401160914468991,0.16221169278036332,0.060581514684140296,-2.0311939781804145,-0.015080070177400083,0.16415953767953972,-1.6445437569930192,-1.4530822167305337,-1.3694730656247502,0.7657789055889482,-1.4562976341467413,-0.42565723369342473,2.266955509159479,-1.3531065221767822,-0.5803899547542924,-0.9306920144830665,-0.9447489169347935,1.3693092343957984,-0.4057162029332449,2.053660074964412,0.8799552535318613,1.3224402207742956,0.9447489169347935,0.9306920144830657,-1.4280380258709164,-0.6347222057676005,-0.8644335860608106,0.3048812521678669,-0.27233314020935756,-1.8837793721450944,-0.709509049969999,-0.3747723420151606,-1.1004416420156866,2.138473883589221,0.19995793940503753,2.094378383078048,3.1272225565827334,3.4607557599540013,-0.2233527107470814,0.6160407084282594,0.18071947766026855,2.574793786162414,0
0.5703098658755232,1.7274737328352407,-0.4445202009343899,0.3052077222492148,1,0,0,1,0,0,3.8201347127644674,-0.7530766578198319,6.623350705616139,-0.7873058835356722,0.2920441456994186,0.029278026026947467,-0.937468405591723,-1.0012444344485267,-0.06646220105506095,-0.8340431398090412,-0.39160913353097837,-1.5351232681762883,-0.3748644077774163,-0.571965649529926,-0.6110284552391031,0.16687433562121207,-1.0281314222374118,-0.3706978969241603,-1.1676986894219978,-0.9356157016516281,0.7320713007419416,0.7621245153944538,0.25854866933892584,0.10726095506477706,0.14719670717018163,0.9356157016516281,1.1676986894219978,-0.48105256270404034,-0.4846237089171882,0.34554846379182197,0.3824042551358344,-0.06751377738387422,0.5106001571422693,-0.46483142063624716,0.06817301183707392,0.5738579727592754,1.4168180860790833,1.6416134470186852,2.2038569800013414,2.0380557617977377,1.9715216850734973,1.331083085576127,1.8507688677631275,1.4054416161681371,2.079927340133461,1
1.726821671951222,-1.1842838219399534,-1.8929150543297122,-0.4281154315628296,1,0,0,0,1,0,0.45087853266109723,-0.5123472173798127,0.712900890787381,-0.5483235766479001,0.11193710539989479,0.029725218722050223,-0.08514871526786562,-1.3008476701717013,1.9014431431464838,0.21058587549906066,0.39111822161046345,-0.13925784657712803,-0.6540873579532485,-1.3080197483499978,0.02312435298508834,1.89609156572881,-1.0375822287152412,-0.6209514476555956,-0.5483077512256369,0.3538738583276802,-1.1885565592952212,1.80861972095522,-0.6939473102196604,-1.3133367086977288,-1.114711073729008,-0.3538738583276802,0.5483077512256362,-1.2052179168904753,0.11577027848446049,0.30006041680488094,1.2739187892674588,0.7176271134471482,-1.2851844898232538,0.18764225758709038,0.5111183656893089,-0.046252995675895824,-1.1367331974183288,1.5657368413548085,-0.21379536872138252,-0.5292659687668935,-0.9731002357129547,0.28421816152172197,0.8629863402952329,1.1827648637121608,-0.332546584257695,1
0.9815140635913272,0.20717554051898904,-0.8790386569529866,1.0385308760612593,1,0,0,1,0,0,1.3594419969586353,-0.6396896025401126,2.6190849219767425,-0.708609530662217,0.28278321556722114,0.055662395038009994,-1.2389239278930966,0.7093445705908114,-0.8018624278847829,-0.252249633659351,-0.8625301139711451,1.2225839945180759,1.361688375782362,0.014811074323839307,0.6273695687184316,-0.9346802909615923,0.20824565376025067,-0.6850375444422441,-0.3364521793121226,2.001147926899734,1.7375529314384999,-0.3451126228092806,0.15690924927607652,0.5472658068250696,0.4525255609983929,-2.001147926899734,0.33645217931212196,0.32667033235006016,1.0914105080121401,1.273504622325418,0.5116092600824467,0.5810808715634928,0.9516700704320475,0.6769975162545934,0.954063719541543,1.2559800380379649,1.4723300705029398,-0.4070549059059717,-0.2867811000035777,-0.16621037050522874,0.05920974801103089,-0.3185222492974822,-1.9357308208638015,-1.545025353873546,-0.1469716669968365,0
0.3647077670176212,-0.1535731830814779,-0.8790386569529866,1.1851955068236681,1,0,0,1,0,0,0.2363566035908452,-0.45071117707391406,1.301387235986781,-0.6299131777887618,0.4410993270352402,0.1401818144124306,-0.4878776765569386,0.629926165380762,0.5551292175581481,0.796889810016226,0.5373203214998752,0.9974708324995187,0.19793517114295797,-1.1378444254393147,0.9189399190429953,-0.057096760577437476,-0.6145923403904185,-0.6581223865920693,-0.47521987007162214,1.8317485291476765,-0.45851495757517047,0.055980407007998494,-0.8162569753305868,-1.6859659664900182,-1.341071151109397,-1.8317485291476772,0.4752198700716215,-1.17736540326792,0.41596727218528484,-0.982702508226857,-0.8579637923516437,-1.0233374705694662,-0.8126095827270634,-0.05703537174666111,0.17890935030013266,-1.1624527388592034,-0.47058938433204756,-0.010810409661285101,-0.17831619379253782,-0.5624019955923634,-1.1366903424233135,0.4463588568298112,-0.39003408806681844,0.63225844791822,0.024856960096552163,1
0.4161082917320974,0.5679242641194551,1.0038746524609323,-0.4281154315628296,0,1,0,1,0,0,0.19849979257844777,-0.4448964562903387,3.860023519462434,-0.7468004077919821,0.9787998169698778,0.2349866657742146,1.948233839388409,0.6414227100977681,-0.07414553069129992,1.6534794360082403,1.0220213046938933,1.1475367450196023,-0.21867056012934294,2.3023299610610755,0.2067465559077763,0.425667556598346,0.9381192289986856,0.9488428923337451,0.8164553486475558,0.7553527801229527,-0.40860560937385454,-0.6732586382350987,0.5291142675036635,-1.3035210756043336,-0.4023173435015471,-0.7553527801229527,-0.8164553486475564,2.6105764493995856,0.491016520610491,0.8641121994429487,0.9767472778902511,1.3662217623945152,0.3845801819166189,0.2692014673650073,-0.09793149585751397,1.0079356506638961,-0.3318094232724056,-0.5588081172337243,0.29710475025398503,0.533968283285125,-0.0592520533999176,0.3476645205553221,-0.37174181903963527,-0.04195727479570725,0.40975308478573785,1
-0.020796168340944693,0.7998341578626126,-0.8790386569529866,0.3052077222492148,1,0,0,1,0,0,0.021834674520593164,-0.3890751367680154,-0.7455217907937414,0.598560036552014,-1.342522765326158,-0.7618058516098255,-0.6897107172712632,-0.11928651620705359,0.4729300415796346,-1.1210235951474796,-1.274153581419387,0.25603373471891067,1.3995786527321825,-0.6902175267317174,-0.8490367365021616,-0.011213173852122683,-0.15570724115427514,-0.5590462884280527,0.1590389773671773,0.1914665557924087,0.26940232166083417,-0.6868218771605734,-0.6577793684165567,1.360033919684976,1.1106621676272512,-0.191466555792408,-0.15903897736717798,-0.8152827261747027,-1.009968447893631,-0.9918001176242447,-0.8450432918569822,-0.8526546682148961,-1.0646495331783645,0.18764225758709038,0.12354118106860354,-1.2244638357027204,-0.27629743884854874,-1.0899443568808573,-1.8377278897502307,-1.8129268340492097,-1.311562525458524,-0.7626467625326843,-1.4418395571298541,-1.545025353873546,-1.5078543935764617,0
-1.8969153204192981,0.20717554051898904,-0.4445202009343899,1.0385308760612593,1,0,0,1,0,0,0.6780193987354818,-0.5414208212976894,2.6190849219767425,-0.708609530662217,0.5273750173084327,0.13123796051037553,-1.0394144544712414,0.15668627579070823,-0.3973906600222847,-0.19987912489856677,-0.3823260388879557,1.9577165211481125,1.310905312575636,0.12073991053140255,0.09306719077558027,-0.2443695572164501,0.26742551000075676,-0.18473234384203477,0.2430696413654208,2.42901832859565,1.5659729970635314,-0.12182416213375748,0.2976785068241039,0.5351983605660207,0.31668739681248664,-2.429018328595651,-0.24306964136542153,0.1317027369921738,0.11577027848446049,0.09991301006234013,-0.04397226118798574,0.06903246449978255,-0.08799472517957138,0.4323198869208419,0.34501385799472056,0.07776919801113909,1.2502821328075124,-0.2553016945782196,-0.44187577897824326,-0.23104172733766892,-0.008482709938082702,-0.667477223982284,-2.018046031486126,-1.4893561657595522,-0.20882997275045564,1
0.4161082917320974,-0.35971531085317227,1.0038746524609323,2.505177183685348,0,1,0,1,0,0,0.19849979257844777,-0.4448964562903387,-0.42569225535928473,-0.1044992924277517,-0.5908200138511871,-0.26139722578984304,0.19203928717901814,0.7540561657080205,-1.110349118720107,-0.10955134771228177,-0.45654880684417865,-1.1369899898592297,0.11846555884958689,2.0038497885481856,0.14934227749012324,0.1349601108815389,0.8328084916456286,0.8402214329746971,0.6912331826893887,-2.2362753928788943,1.7351877944984944,-0.885357936788353,1.6535063381385233,0.973795447479894,1.413848502283282,2.2362753928788943,-0.6912331826893894,2.2763462859289234,0.41596727218528484,0.8186241524560076,0.7700192699756713,1.1101975588626602,0.6366201323679207,0.2692014673650073,-0.04256332662598434,0.8219023601333442,1.6943780081983673,-0.7864379342253526,0.19674936974096682,1.0396528665781584,1.4299820214805863,-0.826093121566285,0.4514102871836102,-0.48731077970765985,0.16231986177126023,1
0.8016122270906633,-1.9057812691408853,0.27967722576327125,-0.4281154315628296,1,0,0,1,0,0,-0.7226826087232228,0.5988459243614352,0.6745213465352461,-0.536171933924793,1.6938137303433574,0.8749194124662564,0.169064938209779,-0.6674311408612257,-0.08826176589119526,0.7707235859765473,0.7843444061770282,-0.42990573622818296,-0.8448631776702663,0.42072067578395245,-0.8110438181661257,-0.2753539854095169,1.4579280922987803,1.1244597225668067,-0.03566621970192337,-0.550966827225982,0.18529022996520433,0.10358429413461817,-0.156047409539519,0.40445869794283673,0.07812991870591617,0.550966827225982,0.035666219701922665,-0.2582324537235989,-1.2351161931692491,-2.1290012922977706,-1.9045243324192023,-1.39883963574952,-1.3166894836296663,-1.4435419379712537,-1.592872065108806,-1.8445748041378918,0.3065783976019474,0.27583454506891375,0.534308376921121,0.36540675552078095,0.5161338391675497,0.28421816152172197,0.6983559190505837,0.45906541823023866,0.47161139053935697,1
0.8016122270906633,-0.07626988516709207,0.27967722576327125,2.9451710759725747,1,0,0,1,0,0,-0.7226826087232228,0.5988459243614352,-0.4128990739419065,-0.11896553376478392,0.8827216902493273,0.5524934792971703,-1.8264865072268117,-0.48414914487569943,-1.8275142474706807,0.11971833439365422,-0.5480534568193782,-0.9283606171651657,0.5259292628911032,0.30505051082415313,-0.8857767575851808,-0.39773403602207036,1.437989057860101,1.2078453167855192,-0.29127919636700184,-0.9772859963810728,2.844576826025227,-0.2228418154297276,2.098588849504146,1.264153588239733,1.8917221991377515,0.9772859963810728,0.2912791963670011,-0.3696425082138195,-1.3101654415944555,-2.2472702144638177,-2.046649837860476,-1.552454157868633,-1.2536794960168407,-1.6066603575270884,-1.7036084035718644,-1.8445748041378918,3.6095414708214255,0.27583454506891375,1.6199711297437773,2.6863693301221394,3.2407552716193817,-0.2550758902638815,-0.7833178721512579,-1.211010225189582,1.9562107286262216,1
0.44180855408933456,-1.2873548858258006,1.0038746524609323,0.3052077222492148,0,1,0,1,0,0,0.059691485532990585,-0.41117107574560174,6.367487077268574,-0.7855699345752284,1.3540628606134906,0.2908857526620589,2.5965322263726014,-1.6272252631964466,1.7347788264815673,1.1905398500832722,2.234565590689216,-0.9663992149416144,-4.29772577825116,2.322900247819226,-0.1076680330828295,0.09975318873317801,1.3508699369681914,1.3332920372542298,0.454702424768406,-1.7690215962405276,-1.2895267096514607,2.125558268925052,-2.2712584367190085,-0.26884302479362965,-1.6033445377614053,1.7690215962405276,-0.4547024247684067,2.4156088540416993,0.04072103005925432,0.46381738595786837,0.44700675760914055,1.0077878774499178,0.5106001571422693,-0.6279498401920818,-0.8730858650989243,0.5118468759157585,-1.3032691506898992,1.33810702436318,-1.0805009276974533,-1.9166570049811138,-1.870025303538713,-0.2233527107470814,3.908649133321241,2.7971713190179877,-1.6934293108373202,1
-0.6376024649146498,-0.02473435322416849,1.4383931084795292,-0.8681093238500562,1,0,0,1,0,0,-0.016022136491804253,-0.390819553003088,-0.06748317567269331,-0.3643129868408503,-0.04240547108896989,-0.019018785044150034,0.08239322685227188,1.2059158108040033,0.72777751472591945,-0.5695624868768702,-0.15134642296641496,-0.4914807010698218,-0.01699917417899011,-0.7932381783710063,0.9239131304509985,0.9679328731505644,-1.2151432702607141,-0.8628796561310457,-0.3593320018427697,-0.31393995325558316,-0.9071640289995624,-0.7296014035849192,-0.022217052895510254,-0.43547309142769186,-0.6456762761209698,0.31393995325558316,0.359332001842769,-0.8988402670423681,0.41596727218528484,-0.9918001176242447,-0.40574627503850064,-0.8355863879794388,-1.348194477436079,0.18764225758709038,0.40038202722625016,-1.1624527388592034,-0.9979532363586869,-0.9381911455531051,-1.0713777112871794,-0.9182541097615345,-1.0069464646875115,-1.016432198667086,0.36909507656128593,0.23638866577426285,-1.4459960878228426,1
0.8530127518051386,1.1348151154916164,-0.8790386569529866,-0.4281154315628296,1,0,0,1,0,0,-0.07911682151246661,-0.3495350354397031,2.938914457411199,-0.7207611733853241,1.041540331207732,0.2882025964914424,-1.4249002332067096,-1.0155993049946745,-0.4098014989789531,-2.215255928565775,-1.7274937495329674,-1.3670616307532466,1.4934506983979354,-0.928115590118205,-1.2136793984677217,-0.4866383485006349,-1.0631361996264483,-1.0685922729174862,-0.5252107151899527,-1.3436114231817156,1.0539962981978093,0.1781045404357221,0.07118776851599257,1.9384801862058727,1.2025541101717185,1.3436114231817156,0.525210715189952,-0.8988402670423681,-1.1600669447440433,-0.17301527185930607,-0.39282577454383927,-0.767313267037611,0.038025250046078915,0.4323198869208419,0.7879592118469556,-0.5423417704240322,1.5833540393506536,0.7310941790521709,1.6199711297437773,1.4156747362063122,2.276137745844509,0.728342674756924,0.4514102871836102,-0.15329565102369538,1.770635811365363,1
0.544609603518286,1.7274737328352407,-0.15484123025532542,-1.8947617391869185,1,0,0,1,0,0,-0.25578193957032125,-0.25359214251070994,0.5465895323614635,-0.5217056925877608,0.5626117021009251,0.20815510406804932,1.1300998554251511,-0.31818747839221584,-1.0416879781541872,0.5302766062341819,0.6464270316528791,0.7430041676841095,-0.32527375404590064,0.3226799321988477,-0.08732094638617398,0.22316928690608548,0.2050098069896717,0.6385489337492344,0.5745878774132874,0.4434998061064408,-1.2490133724179386,0.3492460925765972,1.6482859738672493,-0.5130852691547138,-0.21696805019553006,-0.4434998061064408,-0.5745878774132882,0.4102278732177254,0.04072103005925432,0.4001341201761507,0.459927258103802,0.529876030857121,0.5421051509486824,0.4323198869208419,0.17890935030013266,0.7598912632898273,-1.1644891896302574,0.35171115073279,0.07814755640739948,0.9229564242797662,0.6345956405784983,-1.238494455284687,-0.04248097655033679,0.18071947766026855,-0.1469716669968365,0
-1.6399126968469209,1.7532414988067013,0.27967722576327125,0.3052077222492148,1,0,0,1,0,0,-0.11697363252486404,-0.3326723451673346,6.546591617111869,-0.7873058835356722,1.514751840238655,0.35259834458623907,-0.5844132192872389,-0.5966198313755451,-0.6198682880036538,0.30462991062271505,0.21053420872902828,-0.8926549176145808,-0.6867851170560273,-0.27484483948348687,0.16288012736552576,-0.6803020541568835,0.41061616724787275,0.2078145767624366,-0.030386078764456946,-1.1873382983846017,0.5380190824000904,0.9820491782457703,0.16374275906389232,-0.004375393611363543,-0.07081429608057044,1.1873382983846017,0.03038607876445624,-0.23734306850668244,0.19081952690966666,0.1272058382545045,-0.25070026910256554,-0.07604791750160224,0.6208676354647141,0.18764225758709038,0.22043547722377976,0.527349650126638,0.9449662184763004,1.5657368413548085,1.446630017948564,1.3249108366408955,1.243827762120523,0.7600658542737248,2.180029710252426,1.5724491805101195,1.1520527538291696,1
1.2899172118781799,1.1605828814630785,-0.15484123025532542,1.0385308760612593,1,0,0,0,1,0,0.29945128861150755,-0.46292209071942225,0.23955317834438508,-0.44300933971430556,-0.04122681874641355,-0.013652472702916979,-0.5626632368943686,0.14612716100117304,-1.6025735189825705,0.3495158276626149,0.3043543100858729,0.6787583256606607,0.23921460981691892,-0.42964763639998116,0.8585178838419786,-0.9550233332447036,0.7215074545345495,0.35333807942976814,0.7520553775833569,0.17986603418274572,0.35309807173628555,0.6594802551125055,1.2310653391680808,0.24326110693344924,-0.05070964627134174,-0.17986603418274572,-0.7520553775833577,-0.3417899945912644,0.9413120111617277,0.34554846379182197,-0.22485926811324272,0.06903246449978255,0.9831750642384596,0.35076067714292497,0.012804842605544792,0.07776919801113909,-0.08200549336504998,0.04820472807728505,-1.3724438528262355,-0.6459624110652865,-0.5161761445564365,-2.0950203022382925,-0.9479482933959068,-0.9883334727336057,-1.4459960878228426,1
0.8530127518051386,-0.6431607365392533,-0.8790386569529866,1.478524768348486,1,0,0,1,0,0,-0.07911682151246661,-0.3495350354397031,-0.029103631420558513,-0.3863016736731393,0.04139030971397822,0.029725218722050223,0.040170043991745896,-1.638814646044527,-1.0092518300508848,0.09046831308757645,-0.05314073212976912,0.10396142614411223,0.1676413586161284,-0.8031968413628041,-0.9610125175728869,-0.8417594090155808,-0.6850316093945477,-0.6904542199595942,-0.09720267704722074,0.23819541748766626,-0.8584022441278246,1.286603289004908,0.5337940347232853,-0.801482472026215,-0.6050086053936788,-0.23819541748766626,0.09720267704722003,-0.7874302125521474,-0.9349191994684248,-0.19121049065408274,-0.5866332819637576,-0.801449827508525,0.41608517572303205,0.5138790966987595,0.6218547041523672,-0.5423417704240322,-0.9424412519348303,0.7310941790521709,-0.9527758979536108,-0.5681647828663581,-0.8207922053274488,-1.0798785577006862,-0.04248097655033679,0.06938110143228039,-1.136704559054746,1
0.44180855408933456,-1.6481036094262664,-1.168717627632051,0.3052077222492148,1,0,0,1,0,0,-0.028641073495936725,-0.37570127896579214,-0.13144908275958464,-0.3284367083250104,-0.0875494146345424,-0.035117722067849196,-0.7135705161021405,-0.5575103231683601,2.0267676412380737,-1.4606891465970544,-0.6677427996987447,-0.6026307478994557,0.2109338210972201,-1.2503041952907474,-0.15802504558998914,1.9005437359949635,-1.4569925840161,-0.8574468740595321,-0.9609518129377761,0.13114384342216406,-0.25705204717719726,0.6068943932362734,-0.8607960957545817,0.5285678955885227,0.030968358929469454,-0.13114384342216406,0.9609518129377754,-1.2330704305130304,-0.3345252120667762,-0.600602913536552,0.3953247556304958,-0.23819657973844427,-1.6317394216937933,-0.5463906304141645,-0.1532996650890431,-0.9144083514851348,-0.2855494362525249,0.49503362809788926,-0.1681792866700104,-0.5768089637773496,-0.3469449996836519,0.30536694786625534,0.06727263761276221,0.13742122023827333,0.16231986177126023,1
0.2876069799459088,-0.7719995663965628,-0.15484123025532542,0.3052077222492148,0,1,0,0,1,0,0.3246891626197725,-0.4815291972268634,-0.42569225535928473,-0.12764527856700325,-0.6665675251718485,-0.2716826577772064,-1.3662430283365299,0.49952941873034234,-0.3904927775016851,-1.7974533916646322,-1.1843830778023803,-0.1480811774962593,1.4682760977350902,-1.2592974054176933,0.28642219261788804,-0.46883611108489115,-1.6739675864004122,-1.2113944014374163,0.02438743144227863,-0.2261522221554376,0.6415190593001895,-0.3986883390174186,0.06268163117215964,0.7683659662493248,0.3570651532320974,0.2261522221554376,-0.02438743144227934,-1.2609229441355856,-0.03432821836595151,-0.8189455390738695,-0.9096457943302884,-1.4329761962204342,-0.18250970659880966,0.6769975162545934,0.7325910426154264,-1.2244638357027204,1.0837461795359422,0.04820472807728505,1.5196157492307591,1.3249108366408955,1.6161362808406496,0.728342674756924,0.5337254978059351,0.45906541823023866,1.8324941171189824,0
-1.8198145333475857,-0.9523739281967958,-0.15484123025532542,0.5985369837740325,1,0,0,1,0,0,5.246074594231437,-0.7786614292675633,0.21396681550962854,-0.43722284317949267,-1.1613939791299153,-0.2609500330947403,-1.2787158196164556,-1.585202039448913,-1.2522321254797746,-0.4514704416675934,-0.5135441725591811,1.564033377397352,1.4910958389549704,-0.6663286799747808,-0.4554986653477984,-1.3008812408761232,-0.5399767224260876,-1.539899660251841,1.116988546947158,1.0253393444399002,1.1122977086516102,1.7194309838380817,0.40458307498348434,0.07447576555809446,-0.8357797254384789,-1.0253393444399008,-1.1169885469471588,-0.48105256270404034,-0.18442671521636386,0.900502637032502,0.007709740790658993,-0.20406001926752979,0.6996301199807459,2.2266225020350205,1.6738499195514247,-0.4803306735805153,0.9449662184763004,1.4898602356909325,-0.2046721523111086,0.028283699992091807,0.05920974801103089,-1.3653871733518879,-0.5363722402842841,-0.09762646290970158,-0.332546584257695,0
-0.9460056132015023,1.289421711320388,1.7280720791585935,-0.13478617003801185,1,0,0,1,0,0,-0.596493238681898,0.15111242402613387,0.29072590401389814,-0.45805423070481904,1.012565020995674,0.4702100233982635,0.31881685456902,-0.8382629019333807,0.22294990606267906,-0.40789372336913793,0.007545025771607248,-0.2705553587532414,-0.25990143578714053,-0.035140557068847784,-0.36522833459331794,-0.4929605416069618,0.248222294661719,0.40735848574682293,0.46715141202740545,-0.8323203231673697,-0.47843462771560674,0.7846644121296089,-0.8001577938353454,0.7971710835054494,0.38789737240794775,0.8323203231673697,-0.4671514120274062,-0.23037994010104354,-0.5596729573423944,-0.7734574920869285,-0.8838047933409655,-0.7502449868021539,0.038025250046078915,-0.46483142063624716,-0.7069813574043363,-0.8523972546416179,-0.38732140769626244,0.8828473903799233,0.36096726512590627,-0.127311556405765,0.19459466390925928,0.8235122133073248,0.4514102871836102,0.06938110143228039,0.10046155601764112,1
0.8016122270906633,0.8513696898055362,0.27967722576327125,-0.8681093238500562,1,0,0,1,0,0,-0.7226826087232228,0.5988459243614352,-0.09306953850744984,-0.3452175482759678,1.2375307746283346,0.7273458230823474,1.1113800892611965,-0.044595760744352037,0.8745540335848335,1.9067134153768484,2.33297189682979,0.8131456201652808,-1.7775634789346173,0.7030974324509224,-0.8171930296611654,0.032204467700779484,1.9391649964073712,2.3020942446188863,1.0187373090415208,0.0986623829151082,-0.8428743979481308,-0.7574369565836622,-1.1631822773917624,-0.6530039972751602,-0.7854307618456778,-0.0986623829151082,-1.0187373090415215,-0.06326485836571254,-1.2351161931692491,-2.1108060735029945,-1.77531932747259,-1.1257471519822078,-0.9701345517591269,-1.2804235184154193,-1.7036084035718644,-1.5965304167638241,-0.8869292675109735,-0.8623145398892288,-0.6517097564145549,-1.0997819088923677,-1.2438700675094103,0.1890486229713212,0.36909507656128593,0.45906541823023866,-1.136704559054746,1
0.3647077670176212,-1.880013503169424,-0.8790386569529866,-0.4281154315628296,1,0,0,1,0,0,0.12278617055365294,-0.424544933547825,0.34189862968341117,-0.48409346511147705,0.12862436544482056,0.04761292652616041,-0.7854583749251236,1.1091206110459622,0.011498010919190182,-0.9349173468468488,-0.5520095378491365,0.06404083929027214,1.0830393877777285,-1.034051651280455,1.7654921139699762,-0.2607994211273172,-0.5641193076368826,-0.23849253099297532,-0.2763926451691775,0.3614669270176405,0.05898676440975572,0.24632839680026208,-0.27779643294483986,0.7036419708370891,0.4847978966936046,-0.3614669270176405,0.2763926451691768,-1.17736540326792,0.7161642658861095,-1.6832184318257484,-1.5298298180740268,-1.6207272788104614,-0.8756195703398886,-0.30171300108041293,-0.2086678343205727,-1.5965304167638241,-0.08200549336504998,0.04820472807728505,-0.49661507743988936,-0.5551985114998699,-0.2623294272472596,-0.15990635171348128,-0.8656330827735822,-0.8213259083916238,-0.2706882785040748,0
-0.7661037767008384,0.43908543426214564,0.27967722576327125,-1.161438585374874,0,1,0,1,0,0,-0.40720918361991093,-0.13090153397727022,-0.041896812837936774,-0.37125678268262574,0.4050751756259449,0.18624266200801434,1.3953252023300746,-0.1819220781605854,-1.3846516051648514,1.4036052800530248,0.6638183094676324,0.7610136704770676,-0.3591237428043023,0.6641722440276769,-0.23663839141718992,0.16321945319326606,0.596413075153334,0.24320855417103207,0.41113096936191074,0.6301771912123648,-1.2766005792918453,0.012634615792838378,2.0568849399988833,-1.3047871843067502,-0.6255504970061815,-0.6301771912123648,-0.4111309693619114,0.9951306592913848,0.11577027848446049,1.1461380907619838,1.06719078135288,1.2979486414526862,0.3845801819166189,0.5138790966987595,0.34501385799472056,1.3179911348814817,-1.2477571662660425,-0.17942508891434333,-0.5696008087220858,0.4950694691856613,-0.093098282374475,-1.6508957890030895,-0.4540570296619595,-0.2089648391376897,-0.8274130302866491,0
-0.9460056132015023,-0.9523739281967958,1.7280720791585935,0.5985369837740325,1,0,0,1,0,0,-0.596493238681898,0.15111242402613387,0.21396681550962854,-0.43722284317949267,0.9671485896687784,0.4541110863745644,-0.8340677800376144,-1.0950313124454827,-0.7388639866086968,0.0049269460748878665,0.6396106378871227,0.7113886123585594,-0.32608559899758655,0.08572525370037312,-0.059845726296247286,-0.5789095521675105,0.4249351258348448,0.5019462961305348,0.5364130502320184,0.43824128821613356,1.2454472150308267,1.443012706817736,0.42830355168019135,0.4147024104941662,-0.3414722925492055,-0.43824128821613356,-0.5364130502320191,-0.09111737198826762,-0.25947596364157,-0.6278957417287164,-0.806281790372998,-0.6136987449184976,0.19555021907814235,-0.5463906304141645,-0.8177176958673952,-0.790386157798101,1.0837461795359422,1.2622304186993043,-0.15905607025973648,0.08014878545804377,0.24536400737109418,-1.1433249167342867,-0.37174181903963527,-0.2089648391376897,-0.332546584257695,0
0.8016122270906633,-1.880013503169424,0.27967722576327125,-0.4281154315628296,1,0,0,1,0,0,-0.7226826087232228,0.5988459243614352,0.34189862968341117,-0.48409346511147705,1.5330644493190138,0.8346720699070085,0.45559710822311306,-0.6860263146046329,0.059363384499467375,0.9171631525754049,1.1109790547943554,0.2910930937360174,-0.19613922369058248,0.6515291045841063,-0.7954858904574557,0.003433441769101673,1.8224714861068518,2.071043928904721,0.5873904109192033,-0.18555039652161812,0.01748133511962998,0.14469234411360082,-0.07770145743783873,0.5681032800439089,0.5776441180789764,0.18555039652161812,-0.587390410919204,-0.11896988561082296,-1.2351161931692491,-2.1744893392847113,-1.8399218299458961,-1.2281568333949502,-1.0961545269847772,-1.2804235184154193,-1.592872065108806,-1.658541513607341,-0.05424950115312168,0.04820472807728505,-0.24116501795220557,-0.24400799870415715,-0.008482709938082702,0.030432725387320277,-0.6186874509066087,-0.7656567202776299,-0.08511336124321738,1
-0.9460056132015023,0.7998341578626126,0.5693561964423357,0.3052077222492148,1,0,0,1,0,0,0.22373766658671274,-0.44198909589855107,-0.7455217907937414,0.598560036552014,-1.4816227148492067,-0.8025003868641762,0.5468845866797805,1.6774870091674308,-0.023006483195289168,-0.9464437759248882,-1.7515286803449093,-0.3080623622870813,0.8293742575819663,1.2734308048638145,1.209355979969429,0.1669369048562532,0.3722743389952416,-0.2836848549200311,-0.11972941589683889,-0.3014141428425148,0.5119407254172863,-1.0908972921549274,0.19920612329651435,1.6477253438069126,2.000110021202855,0.30141414284251544,0.11972941589683818,0.9672781456688292,0.8662627627365218,-0.5278220383574467,-0.3669847735545164,-0.20406001926752979,-1.033144539371952,-0.38327221085833024,-0.3747723420151606,-0.728375060954584,-0.1375174777889068,-1.3934507795363622,-1.9380832702632496,-1.5665676780859363,-0.9731002357129547,-0.9847090191502859,-1.3595243465075295,-1.6006945419875402,-1.3841377820692236,1
0.44180855408933456,-0.6431607365392533,-1.168717627632051,1.478524768348486,1,0,0,1,0,0,-0.1295925695289965,-0.32802056854047434,-0.016310450003180245,-0.3863016736731393,0.09685696919661095,0.04627134844085214,-0.23099239046417197,-1.2162094785707203,1.3095115258323498,-0.42491725526998303,0.009276344993185163,-0.1760892466820658,-0.25729637456204313,-1.1992397047966759,-0.026714594264017896,2.061972589271523,-1.4862908521434033,-0.886221021618641,-0.47521987007162214,0.23115255077283092,-0.8770656409037396,1.642523583516485,0.2819374716308253,-0.8997447683143763,-0.8772820414939679,-0.23115255077283092,0.4752198700716215,-1.17736540326792,-0.18442671521636386,-0.4823339913705056,0.5891322630504142,-0.08458205761933026,-1.6947494093066184,-0.05703537174666111,0.17890935030013266,-0.790386157798101,-0.9146852597229018,1.1863538130354276,-0.642586540004281,-0.41256952646850126,-0.7192535184037778,-0.857816301083085,0.2044646553166367,0.3477270420022505,-1.0129879475475077,0
-0.6119022025574117,0.3102466044048362,0.5693561964423357,-1.8947617391869185,1,0,0,1,0,0,0.5139732176817596,-0.5210692985551757,0.4570372624398156,-0.5089754002111725,-0.036380234845281315,-0.0073917749714784145,0.8075722356979327,-1.1517986067911807,-0.7497847919499756,1.0693974627442493,0.9760004557024425,0.2546579677312443,-0.9823814135169076,-0.4228865969310779,-0.355040344508167,0.5868263138648184,-1.0793978174790357,-1.1487701084185058,-0.28338753067176975,0.6283833977264187,-1.5454921571586293,1.2252081115439244,1.6146847806550115,-2.514999379185733,-2.390398813888865,-0.6283833977264187,0.2833875306717691,-0.5089050763265954,-0.4846237089171882,-0.5369196477548344,-0.173177266134598,-0.5795621844475838,-1.1276595207911904,0.5138790966987595,0.7325910426154264,-0.790386157798101,-1.4420491117495413,1.1863538130354276,0.0963939892279486,0.9229564242797662,-0.2792525417345383,-1.6508957890030895,1.439192814651505,2.073471873536065,-0.5799798072721716,0
-1.8712150580620608,-0.6689285025107157,-0.4445202009343899,0.5985369837740325,1,0,0,0,1,0,0.19849979257844777,-0.4367558471933332,0.6105554394483548,-0.536171933924793,0.21133783761543642,0.07846922248825047,0.8016461622789629,1.2166695960366873,-1.2178098138056999,1.1814423024392902,1.2072324946726083,-1.0325532980310907,-2.3799298382989797,-0.09486847598031756,0.8204467351611222,-0.13685184675310821,0.25400481068583475,0.255636446215981,-0.70065935430716475,-0.7133741297612556,-1.2094999662785564,-0.84801167476643,1.5272639042975675,-1.3441855080466243,-1.3198821343177163,0.7133741297612556,0.7006593543071641,-0.20252742647848845,0.5660657690356972,-0.44594355378095224,-0.44450777652248397,-0.32353798091572933,-0.15100471279239655,-1.1173050988595852,-0.983822203561983,-0.23228628620644656,-1.1644891896302574,-0.8623145398892288,-0.3050275328241268,0.4950694691856613,-0.11002139686175369,-1.7143421480366898,1.7684536571408034,1.461110804282131,-1.0129879475475077,1
-0.12359721776989524,0.3102466044048362,2.1625905351771904,-0.13478617003801185,0,1,0,0,1,0,1.9903888471652589,-0.6815555921818551,0.36748499251816774,-0.4910372609532525,-0.5690568034191699,-0.1446799323680241,2.8073750535432573,0.23812592435350255,0.020691441581308884,2.765027495824926,2.0343107193386825,0.7359252313563419,-2.2821409937121753,2.693940317528758,0.7702892381974704,-0.2969737665749037,1.7405756468685247,1.066632496548171,1.2685285918524662,-0.2543969704224406,-1.2119699274937692,0.4448235448426096,-0.32671588917595534,-2.009448745723875,-1.6033445377614024,0.2543969704224406,-1.2685285918524671,2.4156088540416993,0.641115017460903,-0.16391766246191838,-0.28946177058654887,0.39332978897346543,-0.08799472517957138,-0.05703537174666111,-0.5962450189412776,-0.35630847989348147,-1.2477571662660425,-0.02767187758659086,-1.1443634425693747,-1.112748180258855,-1.7007941586659285,-0.667477223982284,1.2745623934068555,1.2384340518261547,-1.6315710050837011,1
0.8787130141623758,-0.02473435322416849,-0.4445202009343899,-0.8681093238500562,0,1,0,1,0,0,1.1827768789007806,-0.6239898564244593,-0.029103631420558513,-0.37704327921743863,-0.6042671829045628,-0.18850481648809403,-0.13412818296145468,0.37087772200624586,-0.6813147260445123,-0.9291967487824925,-0.8784556004690516,-0.1611591498097866,0.7151798325509785,-1.1219231145534991,-0.3974677384342045,-0.8023981493319726,-1.9742430371467274,-1.9073068576100791,-0.42289300415337133,0.19961827368027837,-0.9345038533951329,-0.9072157676828242,0.12504729758517144,-0.7023407399120878,-0.7200786154782065,-0.19961827368027837,0.4228930041533706,-0.9823978079100336,-0.18442671521636386,0.6821600114951846,0.12399424524260985,-0.6819718658603261,0.7626401075935709,1.5741488238116832,2.0614271041721297,0.07776919801113909,-1.0257092285706153,-1.0899443568808573,-1.1169937933385516,-0.892321567028559,-1.0746389226366257,-1.0481553781838862,0.12214944469431245,0.23638866577426285,-1.3222794763156045,0
1.7525219343084582,0.6452275620338409,0.27967722576327125,1.478524768348486,1,0,0,1,0,0,6.432254672619889,-0.7937797033048593,2.2352894794553944,-0.6929859900182223,-0.5821381359046294,-0.07491787193199435,-1.0968600238986355,1.0545112080768952,-0.3947690322501567,-0.8278275288971861,-1.2463640488260548,-0.4824870340139723,1.7448416088505032,0.3262387272476711,1.0119298692699208,0.051317126727420115,-0.41202102080887537,-0.7090816511173024,0.6912331826893887,-1.3436114231817156,1.8511844560767283,-0.43362059804764663,0.5912312552830524,0.709788593261577,0.9280540845845262,1.3436114231817156,-0.6912331826893894,0.6887530094432773,1.5417059985633763,1.3462854975045246,1.1705547853101694,0.9224464762726329,0.4475901695294441,2.3897409215908554,2.1167952734036595,1.0079356506638961,2.638081743403932,0.12408133374116129,1.9392837041033824,2.02508949043125,2.276137745844509,1.1407440084753266,0.4514102871836102,-0.15329565102369538,1.8324941171189824,1
1.521219573093319,1.7274737328352407,3.176466932553916,-1.8947617391869185,1,0,0,1,0,0,0.7537330207602766,-0.5600279278051304,0.5337963509440852,-0.5188124443203543,-0.10670673418046418,-0.029751409726616142,3.824747299236295,-0.060585116654923374,-0.1324753993795828,1.6983634947990136,1.556619198234403,0.9067518789111378,-1.5370110261276155,4.058919498757924,-0.07886838583628342,1.464257677724683,2.0000280354830626,2.192535561906107,1.1921218465220598,0.05436948222367098,-1.262779685891268,0.004146356370489633,1.652536062545234,-0.31118594849040454,0.11690303914911608,-0.05436948222367098,-1.1921218465220604,3.8917920760371234,-0.03432821836595151,0.13630344765189217,0.8863037744276221,1.7587922078100258,-0.8126095827270634,-1.5251011477491712,-1.980449249729511,0.5738579727592754,-1.192245181842186,-0.02767187758659086,-0.08607033897753999,0.7673611678819103,0.5838262971166633,-1.175048096251087,-0.20711139779498602,-0.2089648391376897,-0.2706882785040748,0
-0.14929748012713334,-1.3904259497116478,1.1487141378004646,-1.6014324776621007,1,0,0,1,0,0,1.081825382867721,-0.6170121914841689,0.5977622580309765,-0.5344359849643492,-0.2006745132716574,-0.06150209107891172,-0.11154766207185975,-0.6003698207541154,1.0003691624137983,-1.6507417486770828,-0.9289705850279723,-1.1421389748010469,0.3979573932640082,-0.49193185594794175,0.21229790946828003,-0.7731967829447751,-1.7974889360723847,-1.6125513218624536,-2.147135912362407,0.5717619163874261,-0.33642277472484067,1.0367018056244401,-2.1445263576309945,0.44768634571033167,-0.3666352503838878,-0.5717619163874261,2.147135912362407,-0.5089050763265954,0.11577027848446049,-0.2185033188462471,-0.5737127814690962,-1.1940202729240363,0.2270552128845555,-0.5463906304141645,0.6218547041523672,-0.046252995675895824,-0.3595654154843339,0.8828473903799233,-0.17730250308028428,-1.2294446225572482,-1.0069464646875115,1.1407440084753266,-0.28942660841731066,-0.04195727479570725,-0.332546584257695,1
0.2105061928741954,-0.7462318004251005,1.0038746524609323,0.3052077222492148,1,0,0,1,0,0,2.1418160912148485,-0.6931850337490059,0.9303849748828115,-0.5801493075893709,-0.35504531867687156,-0.08475611122425496,0.6766831069642592,0.75674539592398,-0.714442526455125,0.7010841064828994,0.3469174869297757,-0.626137126703137,-0.6858060355757304,1.178984939258259,-0.4870584725010362,0.2179896207585192,0.3230013499216272,0.15640709156151505,-2.270543264321181,1.3979208031972914,0.2370835272240194,-1.5265812904624176,1.1957254136538993,-0.6268367882057025,-0.29830864088777137,-1.3979208031972914,2.27054326432118,0.939425632046274,-0.5596729573423944,-0.3913578973966235,-0.22485926811324272,-0.08458205761933026,-0.5605696322757617,-1.85133798686084,-1.3160312189511594,-0.10826409251941274,0.04983546964160979,-1.5072656880321764,-0.5787240251323598,0.07690721761642194,-0.1777138548108673,-1.214702070647087,-1.0302635040182315,-0.5429799678216537,-0.3789403135729091,0
0.2105061928741954,1.572867137006469,-0.15484123025532542,-0.13478617003801185,1,0,0,1,0,0,0.16064298156605036,-0.4303596543314004,-0.16982862701171944,-0.299504225650946,-0.2617506090312486,-0.09951347016264586,0.8730518487320372,0.5327158921987093,-1.5207090318954146,0.7732577595520805,-0.20222753628337967,1.1406083314581852,0.5846222680511973,0.5237657565048849,0.2984073937006071,-2.1384981537978462,0.603761392588089,-0.2543782136709267,0.1590389773671773,1.3979208031972914,-0.690659275544296,-0.4322313040022157,-0.07012421793592656,-0.44594188496032605,0.014554886509328914,-1.3979208031972914,-0.15903897736717798,0.2152602778598393,-0.03432821836595151,-0.8462383672660339,-1.6977963245046235,-1.4329761962204342,0.5736101447550955,-0.22015379130249568,-0.319404172783631,-1.0384305451721696,-0.8314172830871166,-0.7105613285614767,-1.1078705769282764,-0.9701191952274875,-1.057715808149347,-0.44541496736468245,-1.277209135885205,-0.8769950965056176,-0.76555472453303,0
-0.6376024649146498,-0.41125084279609675,1.4383931084795292,1.0385308760612593,1,0,0,1,0,0,-0.00340319948767178,-0.390819553003088,-0.7711081536284979,0.749008946457149,-1.4883057890779408,-0.87941753042185,-0.829878026748081,1.1166705046549772,0.0024202290912096404,-1.032277939878374,-1.033574971220585,-0.7588254544515224,0.7056741495349347,-0.7169163551279585,1.4747859408123445,0.33930906659829685,-0.7733022177164082,-0.6975226222337055,-0.2682155254971324,-0.7689345227338477,0.43763122278815625,-0.05525713168241391,0.33766435484381374,0.6277476579780552,0.6627030040694379,0.7689345227338477,0.2682155254971317,-0.7874302125521474,1.0163612595869336,-0.6824813981130464,-0.4186667755331612,-0.6819718658603261,-0.844114576533476,-0.05703537174666111,0.06817301183707392,-1.0384305451721696,0.77843026520473,0.35171115073279,1.2641656897430753,1.2730457511749436,1.4976744794297,0.728342674756924,0.6983559190505837,0.3477270420022505,1.3376276710900281,0
0.31330724230314594,0.5421564981479937,-1.8929150543297122,-0.13478617003801185,1,0,0,1,0,0,0.4634974696652297,-0.5140916336148853,-0.2849672597681238,-0.24974035545155515,-0.5563972371553456,-0.20236779003627944,-1.2695481139836022,0.8958563918911214,0.9431605822195787,-1.7429625389224161,-1.9909668058462149,-0.9051739611444476,1.5783381434155008,-1.6126511351922894,1.0557418177524749,1.6453020468857729,-2.5094016672461463,-2.2794890221541992,-0.4735692289592257,-0.7648691281260978,0.1539955437264654,-0.17197203556213905,0.36403777283498584,-0.1336497940391862,0.3628769935249246,0.7648691281260978,0.47356922895922504,-1.5115955667385823,1.0163612595869336,0.09081540066495114,0.9379857764062678,-0.2552648599739003,-1.537224440274555,1.4925896140337656,2.0060589349406004,-0.5423417704240322,0.25106641317809053,-0.02767187758659086,0.44307621281837667,0.5728670973845897,0.4822876101929924,0.4428340591057229,1.0276167615398821,0.6817421706862145,0.5953280020465953,0
-1.8712150580620608,-0.2824120129387873,-0.4445202009343899,1.0385308760612593,1,0,0,1,0,0,0.19849979257844777,-0.4367558471933332,-0.6687627022894718,0.32948794768321477,-1.1294950075277532,-0.5905310493854705,-0.41502505555366337,1.603499650520609,-0.09539392224072958,0.46143971072118595,0.25740768458228497,-1.23413815938478,-1.1966362804521855,-0.1840172878127426,1.3660482387655934,-0.1756914670756231,0.22404862636073625,0.3569162460073446,-1.046543814281098,-0.6452678416013011,0.393234536804471,-0.8323764553811025,-0.04614629337211794,-0.40121249691906674,0.013816649368993378,0.6452678416013011,1.0465438142810974,-0.2582324537235989,1.0914105080121401,-0.3458698504096825,-0.37990527404917784,-0.27233314020935756,0.06953024385249205,-1.3619827281933365,-1.149926711256571,-0.10826409251941274,-0.05424950115312168,-1.0899443568808573,-1.3815670692365094,-1.1905458084577836,-1.2438700675094103,-0.6992004034990842,-0.12479618717266176,-0.4316415915936655,-1.6315710050837011,0
-0.3291993166277972,-0.12780541711001567,2.452269505856255,2.2118479221605303,1,0,0,0,1,0,-0.36935237260751347,-0.1338088943690579,2.0050122139425857,-0.6756265004137836,1.1740782244557832,0.4192300561565495,-0.9622993463953834,-1.180721003225984,1.449878128835041,-0.9191627471738522,-0.22352483588498842,0.47103450475970754,0.27639155314716457,1.5184865153020617,-0.8860516918442265,1.610253774460836,0.9273087292172797,1.2841613626727595,2.313158379861845,-1.6517274332983856,2.855354500435146,0.732949497542456,-0.36388222227120176,2.1612330343110355,1.544326862916527,1.6517274332983856,-2.313158379861846,1.4964759044973779,-0.7848207026180125,0.1908891040362222,1.0155087793742343,1.4003583228654286,-0.9071245641463012,0.5954383064766764,-0.3747723420151606,0.015758101167622184,2.49930178234429,0.5793409677244183,-0.24116501795220557,-0.38663698373552574,0.4484413812184362,0.09387908442092041,-0.20711139779498602,-0.8769950965056176,-0.332546584257695,1
-0.35489957898503444,-0.07626988516709207,-0.8790386569529866,2.9451710759725747,1,0,0,1,0,0,0.3499270366280375,-0.49083275048058395,-0.4128990739419065,-0.11896553376478392,-0.6616427354378224,-0.2855456313253918,-2.7696247943222843,-0.07758629737297545,-1.5623589844301147,-1.125456489988723,-1.5194224240539382,-0.14725676892862216,1.9188288304127972,-1.2466692097357674,-0.1644229049558018,-0.11259534258439512,-0.461674097246369,-0.3207076135079779,0.4316262532639202,-0.6289223324429117,2.6055735113352654,-0.0582256286719626,2.022649610407897,1.062630977637775,1.6622150025308644,0.6289223324429117,-0.4316262532639209,-1.2052179168904753,-0.25947596364157,-0.3367722410122935,-0.3411437725651945,-0.4942207832702994,-0.11949971898598452,0.8401159358104279,0.6772228733838963,-0.35630847989348147,3.276469564278285,0.4275877563966659,1.5104925328204852,2.5307740737242828,2.9699854398229264,-0.28679906978068154,-0.7833178721512579,-1.0996718489615938,1.8943524228726025,0
1.2899172118781799,0.7740663918911503,-0.15484123025532542,-0.8681093238500562,1,0,0,1,0,0,0.29945128861150755,-0.4774588926783606,-0.5152445252809326,-0.020595092672964856,-0.8038477716495906,-0.3512829575054967,0.22524008134045448,0.9038267843132529,-1.0096580013495422,0.7439162550364965,-0.03021520354685406,-0.07269331136662936,-0.08249253690018532,-0.679694559585716,0.797094555788052,-0.9023135460400523,0.7215074545345495,0.27693967358515154,1.1515092521572485,-1.2411978630008902,-0.9923446113967596,-0.4420187983995404,0.4734982166044874,-0.2895484258548736,0.3096589337518164,1.2411978630008902,-1.1515092521572492,-0.5924626171942612,0.8662627627365218,0.3091580262022686,-0.22485926811324272,0.06903246449978255,0.8256500952063961,0.758556726032511,0.2342775195316623,-0.046252995675895824,-0.9979532363586869,-0.5588081172337243,-0.5239847266707137,-0.21807545597118072,-0.3130987707090945,-0.28679906978068154,0.6983559190505837,0.1250502895462747,-0.45626319576493324,1
-0.09789695541265715,-0.02473435322416849,-0.4445202009343899,-0.8681093238500562,1,0,0,1,0,0,-0.5081606796529707,-0.01751447869755106,-0.029103631420558513,-0.37704327921743863,0.5918732820097946,0.27791716450407905,1.1451765431443914,0.1344602718153934,-1.2358708296641587,0.905492935988648,0.25191777920113617,-0.3803730599156155,-0.4619258043069891,0.698270521514822,-0.4263293051040012,-1.6808866548235144,0.6827110930272596,-0.37031258694791763,-0.9702511656336119,0.4434998061064408,-0.8946921823032148,-0.6116382817234981,3.4784206216896974e-4,-0.546297905721453,-0.6890436165357415,-0.4434998061064408,0.9702511656336112,0.6330479821981672,-0.40957446049198204,-0.03655113089848297,-0.8967252938356269,-0.6136987449184976,0.6996301199807459,0.10608304780917345,0.6772228733838963,0.6358690696027934,-0.9979532363586869,-0.8623145398892288,-1.1443634425693747,-0.9701191952274875,-1.0915620371239039,-1.0481553781838862,-0.04248097655033679,0.18071947766026855,-1.2604211705619852,1
1.7525219343084582,-0.7719995663965628,0.27967722576327125,0.3052077222492148,1,0,0,0,1,0,6.432254672619889,-0.7937797033048593,-0.4001058925245282,-0.12764527856700325,-1.8364317992282138,-0.5118251350473857,-0.069668151908351,0.6524528265855706,-0.20352229877318043,-0.4614829603189961,-0.2100346513704939,0.3828346496950429,0.6924506304637724,0.24248730150255837,0.7147916940763545,-0.047211190286042995,-0.1920270075020959,-0.4586727651690261,0.5538927426062359,-0.027203276549727037,0.33916571566005366,-0.17944935267372714,0.2307791072526681,0.43302301345286903,-0.17474934834630762,0.027203276549727737,-0.5538927426062367,0.4102278732177254,0.9413120111617277,0.6821600114951846,0.5503707615664309,0.4445346296798359,0.19555021907814235,1.4925896140337656,1.2862727349307197,0.5738579727592754,0.5841383197212315,0.12408133374116129,0.9630995482040194,0.9488889670127426,1.0915197317350172,-0.12818317219668063,0.5337254978059351,0.5704037944582268,1.0901944480755505,0
1.1614159000919912,1.7274737328352407,-0.15484123025532542,-1.8947617391869185,1,0,0,1,0,0,-0.3062576875868511,-0.1832340210294483,0.5337963509440852,-0.5188124443203543,0.6164846403460542,0.26002945669996885,0.662375885226401,-1.0015813312350021,-1.214698150067798,-0.20695908830044896,-0.6495653660874647,-0.44425448769968207,0.8634074767446193,-0.3053552333956622,-0.9352428208948803,-0.4801114550517841,-0.21641058040555408,-0.29828097919353885,-0.19575715951429745,-0.41176056791003435,-1.2261571437421275,0.4377960825816373,1.178067353216761,0.06499934937122304,0.5532534685035984,0.41176056791003435,0.19575715951429676,-0.5089050763265954,-1.0850176963188372,-1.019092945816409,-1.077612300760884,-1.091610591511294,-0.4660546508565234,0.02452383803125581,0.12354118106860354,-1.1004416420156866,-1.2200011740541141,0.12408133374116129,-0.7338187041070253,-0.07544647093981212,-0.0423289389126401,-1.0481553781838862,-0.5363722402842841,-0.7656567202776299,-0.8892713360402683,0
0.930113538876852,-0.7462318004251005,-1.168717627632051,0.3052077222492148,1,0,0,1,0,0,-0.4576849316364408,-0.0640322449661538,0.9303849748828115,-0.5801493075893709,1.0027398063979185,0.39910638487692557,-1.1326174516464371,1.0667771210256096,0.41238844072965325,-0.19691609226965237,-0.27091577997076194,1.2353841811088222,0.650627586868384,-1.3706187142719164,0.09327116146104635,1.7097770534542343,-0.7027273955356982,-0.5064672062776611,0.1590389773671773,1.5271837582763876,0.20542606768734192,-1.370748075214592,1.154412234879083,-0.43079151950725636,-0.14226286876338365,-1.527183758276387,-0.15903897736717798,-1.3166279713806959,-0.03432821836595151,-0.3458698504096825,0.5503707615664309,0.22264698661889537,-1.6317394216937933,0.18764225758709038,0.12354118106860354,-0.4183195767369984,-0.10050948817300241,-1.4440351833122795,-1.0298163920848176,-0.3607044410025493,-0.49737268401501544,-1.4570319141781998,-1.30464753942598,-0.8522532351216203,-0.7999204499517073,1
0.9044132765196139,0.8513696898055362,-0.15484123025532542,-0.8681093238500562,0,1,0,1,0,0,-0.19268725454965888,-0.2931322438390223,-0.11865590134220637,-0.329594007631973,0.07336590550354914,0.029278026026947467,-0.1374093647716416,-0.11501916475474834,1.2477755489761706,-0.26211967374196005,-0.1481350309538697,-0.7201791550044845,-0.41420061014897197,-0.9106595662609487,-0.7466932806848312,0.23527646985886405,-0.8466552108154225,-0.9804925726612362,-1.4375436385994584,0.4434998061064408,-0.718849242003789,-0.5901535235994082,-1.4693208139468523,-0.4854220454120407,-0.7646773645132965,-0.4434998061064408,1.4375436385994576,-0.9545452942874786,-0.8598699510432187,-0.7006766169078218,-0.4832692780064673,-0.767313267037611,-0.9701345517591269,-0.6279498401920818,0.012804842605544792,-0.4183195767369984,-0.7759052986632599,-0.7105613285614767,-0.615216890773458,-1.21647835119076,-1.2946394109712458,0.37938770007212164,-0.04248097655033679,0.18071947766026855,-1.0129879475475077,1
-0.4063001036995106,0.5421564981479937,1.0038746524609323,-0.13478617003801185,1,0,0,1,0,0,-0.7479204827314877,0.7500286647343941,-0.2849672597681238,-0.24974035545155515,1.2135907852003005,0.7698291291171091,0.4513126290116587,0.12351639609456068,0.17980316489254156,0.8571050358907909,0.5602992639051747,-0.05815205954976523,-0.8129045266589899,0.6383536224271229,0.1843054107071858,0.5529559504411212,0.9694668085159248,0.8999634683083331,0.6912331826893887,-0.7648691281260978,0.010274221229657814,0.015102984546497023,0.30987045347497444,-0.19658691559304942,0.15022267885335452,0.7648691281260978,-0.6912331826893894,0.9672781456688292,0.5660657690356972,1.1461380907619838,1.2997597902567817,1.7075873671036554,0.3530751881102058,0.2692014673650073,-0.04256332662598434,1.3179911348814817,0.08453045990652028,0.12408133374116129,0.34272083230535716,0.45617065508619664,0.34690269429476517,0.2524949820049213,1.0276167615398821,0.6817421706862145,0.34789477903211874,1
-1.6142124344896835,0.15564000857606544,0.27967722576327125,-0.8681093238500562,1,0,0,1,0,0,-0.11697363252486404,-0.3326723451673346,-0.5408308881156891,-0.0061288513359326405,-0.5538358442059471,-0.25111179380247967,-0.31096107550790103,1.1017444662102363,-0.4408157254832895,-1.353571306215307,-1.4291679528148156,-1.2345178222866067,0.5028770651710174,-0.3380759355589705,0.9618578972038727,-0.8776351417311586,-0.04628097368634875,-0.13775589960059687,-0.7279513648365089,-0.9617617689328484,0.09459745374233405,-0.5486107295704064,-0.27932881447952657,1.7826960882837515,1.7234965095890031,0.9617617689328484,0.7279513648365081,-0.5089050763265954,0.491016520610491,-0.8917264142529749,-1.1551353037288514,-1.1086788717467513,-0.024984737566746233,-0.6279498401920818,-0.3747723420151606,-0.728375060954584,-0.19302946221276363,-0.7864379342253526,-1.0440080620563552,-1.0090180093269512,-0.3469449996836519,-0.1916295312302808,-0.6186874509066087,-1.0440026608476,-0.8892713360402683,0
-0.27779879191332196,-0.3339475448817109,1.0038746524609323,2.505177183685348,1,0,0,1,0,0,-0.6469689866984278,0.3284614079251818,-0.38731271110714993,-0.1305385268344097,0.5830372143411294,0.3534927299764446,-0.6602990658106939,0.38972102886421583,-1.3050271156889988,-1.1599403222995324,-1.2045192210468902,-0.911881162538414,1.1498493142334179,0.6721525452496664,-0.5080195850594956,-0.1054625259700281,-0.626374161979589,-0.1557765458404452,0.7577574583546642,-1.995231767628944,1.5897688279528233,-1.0438272107732696,1.6780361179813852,0.9459026455079386,1.413848502283282,1.995231767628944,-0.7577574583546649,0.1317027369921738,-0.8598699510432187,-1.4648758062884317,-1.2843403086754637,-1.4159079159849774,-0.7180946013078251,0.02452383803125581,-0.319404172783631,-1.7825637072943747,1.5555980471387252,-0.9381911455531051,0.19674936974096682,1.0526191379446466,1.4299820214805863,-0.826093121566285,0.03983423407198747,-0.7656567202776299,0.10046155601764112,1
1.2899172118781799,-0.07626988516709207,-0.15484123025532542,2.9451710759725747,1,0,0,1,0,0,0.29945128861150755,-0.4774588926783606,-0.4128990739419065,-0.11896553376478392,-0.6330174795586402,-0.2752601993380284,-2.262081830270912,0.6335647107230536,-1.9635236637236049,-0.2767795610139122,-0.9399711247151382,0.8052071301945437,1.5476527050547702,-0.6414995715159062,0.673140764154582,-0.8461346419795256,0.7741629158047244,0.379262641242952,1.5427439112049275,-0.4318681387001143,2.5045010368691405,-0.1952498081443636,1.8339189124666533,1.1415580258709244,1.5922846498128043,0.4318681387001143,-1.5427439112049282,-0.5367575899491508,0.7912135143113154,0.41832933897092733,-0.10857476366129187,0.20557870638343811,0.9201650766256344,1.0032343553662626,0.2896456887631914,-0.046252995675895824,2.887885673311288,0.12408133374116129,1.0178388466656656,1.9343255908658337,2.4115226617427363,-0.5088613263982832,-1.1125787146405561,-1.378017789531564,1.275769365336409,0
-1.1516077120594044,1.7274737328352407,-0.4445202009343899,-1.8947617391869185,0,1,0,1,0,0,0.7789708947685415,-0.5611908719618456,0.5337963509440852,-0.5188124443203543,-0.11707351783999291,-0.030645795116821653,0.037467986660147626,0.9814201904208496,-1.3370781699632193,-0.7156815259361953,-1.0742514173232147,-0.2994911659848815,1.2180204119963707,-1.0400584895901357,1.789975812169894,-0.5544832385340663,-0.8854863972734751,-0.8158013087916465,-0.2548898489945435,-0.15567358143258175,-1.0913143356859483,0.44612846310664855,1.2706284701564998,0.08880641574824676,0.6001082598255798,0.15567358143258175,0.25488984899454276,-1.038102835155144,1.391607501712964,-0.4823339913705056,-0.6770767854263857,-0.9550643496276378,-0.024984737566746233,0.4323198869208419,0.6218547041523672,-0.728375060954584,-1.1089772052064004,0.12408133374116129,-0.7520651369275744,-0.0495139282068366,-0.008482709938082702,-1.1116017372174867,-0.7833178721512579,-0.9326642846196119,-0.9511296417938885,1
0.31330724230314594,0.928672987719922,0.27967722576327125,-1.161438585374874,0,1,0,1,0,0,-0.596493238681898,0.17437130716043522,-0.4768649810287978,-0.06110056841665506,0.2893736464691589,0.18132354236188405,1.3929557788064852,0.4230904132976767,-0.44155246673398196,1.1553051762687183,0.9095030908440506,0.9073720446005511,-0.3456655221357727,0.5511145409085635,0.7958270738937264,1.3364224807722878,0.9799524846398293,0.9999581748359206,1.4117422606640757,-0.1626015385546773,-1.3862717630424668,0.21653722221557065,1.9465927232039848,-0.5890386500231006,-0.2061340302277606,0.1626015385546773,-1.4117422606640766,0.438080386840281,0.641115017460903,-0.2185033188462471,0.48576825909312477,0.8883099158017184,-1.1906695084040155,0.35076067714292497,-0.26403600355210183,0.07776919801113909,-1.3310251429018278,0.04820472807728505,-0.42362934615769415,0.585833368751077,0.2961333508329291,-1.6826189685198898,0.03983423407198747,-0.04195727479570725,-0.3944048900113141,1
1.572620097807795,0.9029052217484598,-0.15484123025532542,-0.13478617003801185,1,0,0,0,1,0,-0.15483044353726144,-0.3035987412494579,-0.20820817126385424,-0.28908853188828276,-0.0489260545551751,-0.010074931142094942,0.2615024530239689,0.3602842543698335,-0.17207411441600387,0.8220131351250151,1.4243914648050278,0.27603076682604843,-1.0805275470742937,-0.6406583496173629,-0.16827488567445292,0.06929148108192039,0.01389155945567556,0.627802804161762,-1.0299055238845727,1.3979208031972914,-1.003763800895941,-0.6630755323397123,0.3048623349660035,-1.0967120811267206,-1.2388514188298312,-1.3979208031972914,1.029905523884572,-0.7874302125521474,-0.4846237089171882,-1.06458099280335,-0.8708842928463041,-0.8185181077439823,-0.30852968182446,-1.4435419379712537,-1.2606630497196296,-0.6663639641110671,-1.0257092285706153,-0.7864379342253526,-0.669956189235104,-0.4255357978349895,-0.8038690908401701,-1.0798785577006862,-0.5363722402842841,0.1250502895462747,-0.5181215015185524,1
-0.27779879191332196,-0.07626988516709207,1.0038746524609323,2.9451710759725747,1,0,0,1,0,0,-0.6469689866984278,0.3284614079251818,-0.4128990739419065,-0.11896553376478392,0.5464568506828977,0.3445488760743895,-1.4249216597325924,-0.20763745412241005,-1.5625844271025766,-0.9287337060847224,-1.1759286596706835,-0.00583778089101005,1.4568835555879096,0.5461384511041999,-0.11090767046770429,-0.4357063188241086,-0.32613294712061214,-0.12674164634985813,0.3242026962602782,-0.3295023237687902,2.527083359687551,0.17388405247924335,1.6982624276763731,0.931271472364153,1.4050263004118058,0.3295023237687902,-0.3242026962602789,-0.03541234474315745,-0.6347222057676005,-1.6923160412231368,-1.6073528210419945,-1.6207272788104614,-0.8126095827270634,-0.46483142063624716,-0.6516131881728072,-1.9065859009814097,2.527057774556219,0.27583454506891375,0.33359761589508324,1.1952481229760152,1.5653669373788135,-0.7626467625326843,-1.1948939252628807,-1.4336869776455579,0.40975308478573785,0
-1.1516077120594044,-0.10203765113855341,-0.4445202009343899,-0.4281154315628296,0,1,0,1,0,0,0.7789708947685415,-0.5611908719618456,-0.5280377066983108,-0.01480859613815197,-1.060550138619579,-0.42015063255132096,-1.225739045508147,1.4084737823025857,0.7839095977463354,-1.0432631162877672,-0.1555324987937318,0.7355733300038819,0.21351559984312704,-0.9750148597964539,1.8490068982470587,-0.6310573502303577,-0.6608237739534533,-0.44924916968208406,0.11588809585456382,0.888297888345227,0.7301966209168341,-0.08087994780272655,-1.705782459288876,0.7541196220433722,-0.2364045091526439,-0.888297888345227,-0.11588809585456454,-1.0102503215325889,1.3165582532877582,-0.7097742263052108,-0.8967252938356269,-1.0745423112758372,0.038025250046078915,0.2692014673650073,0.2342775195316623,-0.9144083514851348,0.7229182807808735,-0.02767187758659086,0.16025650409986858,-0.7626588533636787,-0.44848368660732285,0.9504049313745251,0.36909507656128593,0.9600881112561845,0.8427612250610729,1
1.572620097807795,0.3102466044048362,-0.15484123025532542,0.3052077222492148,1,0,0,0,1,0,-0.15483044353726144,-0.3035987412494579,-0.6175899766199587,0.17614578951067328,-0.6989001341655146,-0.36961785800470964,-0.5732440946735028,-0.685652255399713,-0.6948416092584269,-0.847625159814695,-0.6733061763580118,-1.5475387626421804,0.14802994763925445,-0.6105330448007762,-0.14429045324395526,0.3528242254884905,-0.2613944891754036,0.24963727450518905,-0.5252107151899512,-1.5897607057063121,0.18707244327848935,0.7965322298025991,1.3044260775653125,0.8858926057524932,1.119053215686426,1.5897607057063121,0.52521071518995055,-0.7317251853070371,-0.40957446049198204,-0.8826288048555859,-0.5866332819637576,-0.6478353053894121,-0.5290646384693491,-0.8726274695258333,-0.762349526635866,-0.6663639641110671,-0.08200549336504998,0.35171115073279,-0.9071598159022387,-0.17917664187171697,0.17767154942198057,-1.3653871733518879,-0.28942660841731066,-0.9326642846196119,-0.6418381130257917,1
0.33900750466038404,0.928672987719922,-1.8929150543297122,-1.161438585374874,1,0,0,1,0,0,0.5896868397065544,-0.5257210751820359,-0.4768649810287978,-0.06110056841665506,-0.8843008475098492,-0.3570964625418325,-0.11041455286056051,0.42451197641167826,-0.40357836771209066,-1.4745086073407754,-1.573443211097674,-0.3168351880030115,1.8183679527308707,-1.603701137326397,1.059975655889975,1.060711997279769,-2.72446759794425,-2.5650200375114753,-0.6758711979548252,0.23819541748766626,-1.4488651570415807,0.47920433297281195,1.6176184112088947,-0.7095694318059061,-0.45868959066273557,-0.23819541748766626,0.6758711979548244,-1.5115955667385823,0.9413120111617277,-0.082039177885424,0.47284775859846334,-0.71610842633123994,-1.2851844898232538,1.4925896140337656,2.172163442635189,-0.6043528672675491,-1.3865371273256843,0.27583454506891375,-0.43275256256796935,0.4172718409867329,0.09305597698558829,-1.5557262504526888,-0.04248097655033679,0.06938110143228039,-0.3944048900113141,0
-0.9460056132015023,0.23294330649045036,1.7280720791585935,0.5985369837740325,1,0,0,1,0,0,-0.4703038686405733,-0.0640322449661538,-0.19541498984647596,-0.30124017461138985,0.37309957983637365,0.18355950583739783,0.5599797339590683,0.21772025433479517,-0.4817648959708114,0.3742010503291607,0.06599482148814896,-0.18199375433544268,-0.060164819951350874,0.4164858619962625,-0.3031760434980547,-1.3627720840413202,0.4682702100877501,0.15719822860775404,-0.31054414497595056,0.05977612737849499,-0.3625176854847847,-0.6025429867115523,-0.7108657672111064,-0.04119275303517194,0.0676769739882591,-0.05977612737849499,0.3105441449759499,-0.06326485836571254,-0.7097714541928067,-1.4739734156858193,-1.8140808289565742,-1.5865907183395476,-0.18250970659880966,-1.0357458890816678,-1.0391903727935126,-1.4725082230767892,-0.22078545442469194,-0.4070549059059717,0.6255405410238652,0.13201387092399572,0.10997909147286698,1.2359135470257274,0.03983423407198747,0.06938110143228039,0.8427612250610729,1
0.44180855408933456,-0.87507063028241,-1.168717627632051,-0.4281154315628296,1,0,0,0,1,0,-0.11697363252486404,-0.32802056854047434,-0.16982862701171944,-0.3041334228787963,-0.04689119309727327,-0.017230014263739015,-0.25336796627596025,-0.025481370868723985,1.5673559878329455,-0.4565216477490023,-0.2407826994296413,0.27394994224078506,0.15464780466460568,-1.0281873481171058,0.0993833677644859,1.679595353973059,-1.2828306568148946,-1.038399214592234,-0.7703150826731027,1.13762416762706,-0.6750383587097537,0.13453405731969645,-0.4547967909195611,-0.6553016261439162,-0.7007654232181263,-1.13762416762706,0.7703150826731019,-1.0938078624002545,-0.25947596364157,-1.028190555213798,-0.12149526415595328,-0.6136987449184976,-1.9782943535643327,-0.46483142063624716,-0.1532996650890431,-1.2244638357027204,-0.6371253376036178,0.12408133374116129,0.0051618251252043045,-0.23104172733766892,-0.4654068010946016,0.1890486229713212,-0.37174181903963527,0.18071947766026855,-0.2706882785040748,1
-1.9997163698482496,0.3617821363477598,1.0038746524609323,-0.8681093238500562,1,0,0,1,0,0,0.021834674520593164,-0.40593782704038395,-0.016310450003180245,-0.3891949219405457,-0.030951500091834443,-0.011416509227403206,0.37305364286475656,-1.8579087523606606,1.061120548213805,0.018189613021712618,-6.89943741039538e-4,-0.07443092656292778,-0.2521066566914758,-0.5295972500167156,-0.365318514743922,0.9904307343704083,-0.6550376634152086,-0.2881459081334247,-0.38485180389618157,0.28017642692511974,-1.0479075036986536,2.1840700008579446,-0.45529996589069716,-0.6740971278703427,-0.28042143558796356,-0.28017642692511974,0.3848518038961809,-0.20252742647848845,0.11577027848446049,1.6374089982209463,2.0103873174631492,1.5710411252199985,0.3530751881102058,0.8401159358104279,1.1755363964676604,1.5040244254120325,-1.1644891896302574,1.1104772073715516,-1.5366617482111748,-1.488770049887009,-1.5992554717422576,-0.6040308649486834,-0.20711139779498602,-0.09762646290970158,-1.3841377820692236,1
-0.5862019402001745,-0.05050211919562982,-1.168717627632051,0.3052077222492148,1,0,0,1,0,0,-0.40720918361991093,-0.1134573716265442,-0.6559695208720935,0.31502170634618254,-0.5074907358040941,-0.33071209353077,-2.202276673517758,1.1150487345563393,-0.36112833964263197,-2.3682426900088167,-2.127201026026849,0.26721656697882507,1.8382778494986152,-1.3213204163015344,1.1053961876981724,-0.09261971180347997,-1.4100471061349067,-1.8141532217444472,-0.04416244648312133,0.40825130337297294,1.7420715325598273,-0.4230777469980361,0.4006006600109284,1.8011645145246649,0.9942979907977765,-0.40825130337297294,0.04416244648312062,-1.0938078624002545,1.841902992264201,1.7738731391817693,1.4418852956980555,0.683490552976235,0.4790951633358572,1.9819448727012692,2.227531611866718,0.6978801664463103,1.7221340004102954,-0.3311783002420958,0.24236545179233895,0.4172718409867329,1.1592121896841308,-0.635754044465484,-0.4540570296619595,-0.32030321536567735,0.904619530814692,0
-0.35489957898503444,0.33601437037629844,-0.15484123025532542,0.5985369837740325,1,0,0,1,0,0,-0.6722068607066928,0.34590557027590785,-0.5664172509504457,0.037269872675164004,0.3642766712629019,0.23722262924972837,0.7482710323501912,-0.02163022481349044,0.3331974061518671,0.30849051514759973,0.3022707555028593,-0.15500500452678434,-0.27922163080853846,0.40656809034485525,-0.9101936647036981,0.7875370162385407,0.07598600363307437,0.691758871850046,0.5061221547512287,-0.7133741297612541,-0.6342510399926006,-0.8821238699723339,0.33590673515063896,-0.34140436333415325,0.28240111226652576,0.7133741297612541,-0.5061221547512293,-0.17467491285593337,-1.2351161931692491,-1.8196825727865715,-1.232658306696819,-1.1428154322176651,-1.3796994712424915,-1.0357458890816678,-1.3160312189511594,-1.658541513607341,-0.8036612908751883,-1.0899443568808573,-1.208225957441296,-0.8793552956620708,-0.939254006738398,-0.667477223982284,-0.5363722402842841,-0.8769950965056176,-1.3222794763156045,1
-0.7404035143436003,-0.6431607365392533,0.27967722576327125,-0.13478617003801185,0,1,0,1,0,0,-0.38197130961164594,-0.13090153397727022,0.40586453677030254,-0.5008743050624344,0.6546137962476455,0.28641382571103136,0.5133723861289524,-0.17808692059085163,0.47744245578822997,0.8458657861091576,0.426832322328465,1.1302955315487944,0.0399087969851496,0.22760282423649283,0.39796627996728584,0.24133612368345414,0.0059676044740112014,-0.8246596024770715,-0.13280945780952072,1.6733070988005811,-0.4864387395669813,0.6431037703564826,-0.41016030154462846,-1.1367927318799351,-1.360022518402961,-1.6733070988005805,0.13280945780952,0.5216379277079463,0.7912135143113154,1.137040481364595,1.1059522828368633,1.0589927181562884,-0.37153966943728567,1.0847935651441794,1.2862727349307197,0.9459245538203791,-0.7481493064513315,-0.02767187758659086,-1.527538531800901,-1.4628375071540325,-1.7177172731532073,-1.206771275767887,-0.7833178721512579,-0.04195727479570725,-1.2604211705619852,1
-0.25209852955608386,0.33601437037629844,1.0038746524609323,-1.161438585374874,1,0,0,1,0,0,-0.29363875058271866,-0.21812234573090036,-0.3233468040202586,-0.1855102439151321,-0.02678956531675538,-0.02438509738538309,-0.1969814892001622,-0.6858055156036206,0.5690360125901825,0.07308285494302953,-0.05722502319462874,-0.5262632929614167,-0.07089796542504,-0.15155577588599226,-1.1437401982200277,0.7804762061136925,-0.3346157198305637,-0.3718263455356643,-0.8251557858999272,0.10061909740348675,0.12247481025589067,-0.20448422993744966,0.006412026275838077,-0.430529441981306,-0.2886207234859482,-0.10061909740348675,0.8251557858999266,-0.17467491285593337,-1.0850176963188372,-0.10933200607758836,0.3048812521678669,0.15437386567706757,-0.8756195703398886,-0.22015379130249568,0.17890935030013266,0.20179139169817292,0.44535835866158957,0.19995793940503753,1.3006585553841723,1.1044842234105985,0.8376730144258402,0.9504049313745251,0.6160407084282594,0.7374113588002092,1.0901944480755505,1
0.8530127518051386,1.572867137006469,0.27967722576327125,-0.13478617003801185,0,1,0,1,0,0,-0.5207796166571032,-0.03495864104827709,-0.5152445252809326,-0.036218633316959646,0.0393617190255178,0.001104886235473924,2.200689880765572,0.9266913033351246,-0.7779208383671072,1.3865677897398094,0.7774675173616069,-0.3552308817974337,-0.7002156413433961,2.465751535111132,1.1372619050083863,-0.9750621422778097,1.7659197109282796,1.3674537370420796,0.3041828515459622,-0.7861774033115495,-0.5963629691170963,-0.13262888536000175,0.0836004281955134,-0.12210787352279916,0.32430657115603223,0.7861774033115495,-0.3041828515459622,2.52701890853192,1.2415090048625523,0.40923172957353837,-0.18609776662925942,0.512807750621665,1.3297299961089997,-0.6279498401920818,-0.8177176958673952,0.8219023601333442,-0.7203933142394032,-0.4070549059059717,-0.8980365994919648,-0.723760039264214,-0.7192535184037778,-0.3502454288142823,-0.28942660841731066,-0.6543183440496418,-1.0129879475475077,1
1.2642169495209417,-0.9266061622253344,-0.4445202009343899,0.5985369837740325,1,0,0,1,0,0,0.47611640666936217,-0.5146731056932429,-0.15703544559434116,-0.31859966421582847,-0.43066051741309536,-0.14959905201415438,-1.3156199164036275,-1.5961424117709215,0.6942466843466059,-0.8062442398005264,-0.18395579562603162,-0.24414525343143387,0.4231024828342685,-0.7331981856952056,-0.9074327083508734,0.8482057929440132,-0.6573989587279802,-0.4047773462459518,-0.9609518129377761,0.6200753015809853,1.0967985313629989,1.281709384955374,-0.09669345364950754,0.43731839924385246,-0.1560347513649697,-0.6200753015809853,0.9609518129377754,-0.7595776989295921,-0.9349191994684248,-0.4186507255887879,0.05939174276930372,-0.20406001926752979,-0.9071245641463012,-0.5463906304141645,-0.1532996650890431,-0.23228628620644656,0.9449662184763004,1.1104772073715516,-0.1681792866700104,-0.1921429132382052,-0.008482709938082702,-0.5088613263982832,-0.8656330827735822,-0.7099875321636356,-0.2706882785040748,0
1.2128164248064663,0.6709953280053031,0.5693561964423357,-0.4281154315628296,0,1,0,1,0,0,-0.44506599463230834,-0.06693960535794147,-0.68155588370685,0.34106094075284055,-0.5345841547713328,-0.3150603492021736,0.6557282653141768,0.5677437111909263,0.33057033041460193,-0.050976673540426565,0.06193423645007547,1.1434194795410422,0.5261703083632933,0.42382720641886734,0.007257002812154265,0.3555830532639328,-0.15790882925972494,0.3744204584646278,0.6190712565440033,0.9455004604204603,-0.48832296426510324,-0.7719761549832457,-0.09457403961705868,-0.08771349481417691,0.2850311619876223,-0.9455004604204603,-0.619071256544004,-0.06326485836571254,-0.4846237089171882,-1.492168634480596,-1.1163738022448682,-1.1086788717467513,-0.9386295579527137,-0.30171300108041293,-0.5962450189412776,-1.2864749325462383,-0.6371253376036178,-0.9381911455531051,-0.9254062487227878,-0.8274902101961188,-0.8038690908401701,-0.28679906978068154,-1.0302635040182315,-0.7656567202776299,-0.2706882785040748,1
-0.04649643069818187,0.7740663918911503,-0.4445202009343899,-0.8681093238500562,1,0,0,1,0,0,-0.6217311126901629,0.30810988518266813,-0.20820817126385424,-0.2983469263439834,0.7118913981583822,0.46752686722764697,0.8132802081917426,-0.4807227212210737,-0.467108338689522,0.7099828319924546,0.5639638101649193,-1.369604869578122,-1.254047196797332,0.09313048869869973,-0.9669234573802977,-0.3763346919026677,0.5363925950793998,0.6207858932750863,-0.653257441282515,-1.2200849136713057,-1.0378310399413126,-0.3088356719156153,0.2603726754277022,-0.4272632863825406,-0.12710397527305328,1.2200849136713057,0.6532574412825142,0.1317027369921738,-0.8598699510432187,0.19998671343360988,-0.031051760693324323,0.18851042614798086,0.6996301199807459,-0.8726274695258333,-0.7069813574043363,0.44983577907224165,-1.053465220782544,-0.482931511569848,-0.6608329728248301,-0.4385020692014777,-0.5669454880182719,-0.5088613263982832,0.8629863402952329,0.29205785388825667,-0.8274130302866491,1
1.0586148506630406,1.7274737328352407,-1.6032360836506476,-1.8947617391869185,1,0,0,1,0,0,-0.24316300256618875,-0.25010331004056474,0.41865771818768077,-0.502031604369397,0.48571414422263476,0.19563370860517218,0.16604991722064513,-0.6795064607258516,-0.9970323736427226,-0.3061651458312996,-0.38024310056012395,0.890195669881258,1.1158697038775003,-0.9137438165524543,-0.400187394723694,-0.21103128966915885,-0.4928475505597116,-0.16983148352265512,0.6912331826893887,0.5285640660967139,-1.1438985071827026,0.5317449953213641,1.150910561214323,-0.07508983473046324,0.3285272648571343,-0.5285640660967139,-0.6912331826893894,-0.7317251853070371,-0.10937746679115769,0.9641859028142197,0.6924962670077037,0.4445346296798359,1.109195039464111,1.5741488238116832,1.2862727349307197,0.6358690696027934,-1.192245181842186,0.04820472807728505,-1.1261170097488256,-0.4514683405679659,-0.44848368660732285,-1.3653871733518879,-1.1125787146405561,-1.0440026608476,-1.136704559054746,0
-0.3291993166277972,-0.2566442469673251,2.452269505856255,-0.8681093238500562,1,0,0,1,0,0,-0.3945902466157784,-0.11927209241011955,-0.2721740783507456,-0.2375887127284481,0.16860278334609116,0.09188500334133312,2.1100517066631297,-1.3505266988905038,0.9391511019409147,2.556085845054375,3.0149133951939127,1.603898985982457,-2.4868169475276347,1.4381548860505808,-1.1397525110667972,1.6900852070291892,0.8451788095874292,1.4417881461304964,0.594470599903532,1.5979382178986279,-1.4970908455891712,0.7118612324975071,0.4145216237669376,-2.6150422318594573,-2.5119095686406077,-1.5979382178986279,-0.5944705999035328,1.106540713781605,-1.1600669447440433,-0.5369196477548344,0.3565632541465125,0.700558833211691,-1.1906695084040155,-1.1173050988595852,-1.4267675574142176,-0.35630847989348147,-1.4142931195376127,0.5793409677244183,-0.19554893590083341,0.04124997135858002,-1.0069464646875115,-0.9529858396334858,0.28677986593896093,1.4054416161681371,-0.76555472453303,1
0.2105061928741954,0.026801178718756015,-0.15484123025532542,-0.4281154315628296,1,0,0,1,0,0,0.17326191857018283,-0.4303596543314004,-0.7199354279589849,0.43653813357725313,-1.3174083292753438,-0.6683425783333498,0.3659660379707925,0.1727644907507478,-0.9563018327965493,-0.3406925950903663,-0.6653802308030504,1.7340104567707824,1.3235567856799177,0.3364487610825013,0.4602333497285772,-2.4187011347814114,0.3935365723912968,-0.6353961681987759,-0.01835909107355938,2.383191771911279,-0.17270904658070804,0.2239269811060595,-1.123264740073181,0.8504778449776249,0.24468619926596674,-2.3831917719112794,0.01835909107355796,0.18740776423728422,0.26586877533487285,-0.4095531161914002,-1.5298298180740268,-1.3305665148076924,0.9831750642384596,0.10608304780917345,0.12354118106860354,-0.790386157798101,-0.4150773999081907,-0.17942508891434333,-1.0805009276974533,-1.4109724216880806,-1.057715808149347,-0.1916295312302808,-1.9357308208638015,-1.378017789531564,-0.5799798072721716,1
-0.3291993166277972,0.3102466044048362,-0.8790386569529866,0.3052077222492148,1,0,0,0,1,0,0.36254597363216995,-0.4885068621671538,-0.6047967952025805,0.17614578951067328,-1.03699098643529,-0.5118251350473857,-1.174942164912529,-0.6853480233960848,-1.1029552228888972,-0.9015630879332505,-0.921559379034083,-0.597618233108926,1.223301711878365,-1.258113805624049,0.16444436630813314,-0.28991236478064897,-0.5438192359881655,-0.4963283914251375,0.6912331826893902,-1.500636647135627,0.3766931908976465,1.105398426581764,1.2164427713451347,0.6787117224344571,0.7135042552602877,1.500636647135627,-0.6912331826893908,-1.2330704305130304,-0.03432821836595151,-0.5278220383574467,-0.5866332819637576,-0.7502449868021539,-0.2140147004052217,1.247911984700014,0.954063719541543,-0.6663639641110671,0.05677446769459199,0.5793409677244183,-0.9618991143638861,-0.2699405414371327,0.008440404549195996,-1.5240030709358887,0.03983423407198747,-0.5986491559356475,-0.8274130302866491,0
-1.9997163698482496,-0.05050211919562982,1.0038746524609323,0.3052077222492148,1,0,0,1,0,0,0.021834674520593164,-0.40593782704038395,-0.6559695208720935,0.31502170634618254,-0.963773691519117,-0.5556500191674556,-1.7848023154084953,0.31424488444061804,0.44260300000572345,-1.855481988216052,-1.4642514738050745,-0.14331438114772002,1.2683348715376976,-0.49126230002092136,-0.24916648076612924,0.8783378100261375,-0.5353406462805363,-0.43184620790159933,-0.13280945780952072,-0.06374491962016399,1.9909475646673689,-0.6809204764566675,0.2775916642046919,1.9758018394193821,1.48198485910363,0.06374491962016399,0.13280945780952,-0.14682239923337803,0.26586877533487285,1.701092264002664,1.9974668169684888,1.6222459659263704,0.2270552128845555,1.0847935651441794,1.2862727349307197,1.2559800380379649,1.6943780081983673,-0.7105613285614767,-0.2959043164138529,-0.11434528503927678,0.6684418695530556,-0.5088613263982832,-0.8656330827735822,-0.9883334727336057,0.2860364732784985,0
-0.7404035143436003,-0.35971531085317227,0.27967722576327125,-0.13478617003801185,0,1,0,1,0,0,-0.38197130961164594,-0.13090153397727022,-0.6943490651242283,0.34684743728765344,-0.6818010648125379,-0.36872347261450417,0.08749540653765958,0.8463308122804911,-0.12443857022316049,0.2181540325253487,-0.7624704439110199,-0.3826949967031994,0.9150120717406178,0.36938308505345124,0.3171856472831419,0.22438865880841166,0.33185704113524583,-0.5371652845811313,0.19300882026008395,-0.7133741297612556,0.24741873361231156,-0.8438659817702207,0.3956006563545344,0.034351737477225634,0.46681157015569286,0.7133741297612556,-0.19300882026008395,0.744458036688388,0.7912135143113154,1.373578325696689,1.2997597902567817,1.4003583228654286,-0.18250970659880966,1.3294711944779316,1.3416409041622488,1.13195784435093,-0.24854144663662048,-1.1658209625447336,-1.682633210775566,-1.268343436656712,-1.176177609560296,-1.1433249167342867,-0.8656330827735822,-1.211010225189582,-1.6315710050837011,0
-0.25209852955608386,-0.1535731830814779,1.0038746524609323,-0.4281154315628296,1,0,0,1,0,0,-0.29363875058271866,-0.21812234573090036,-0.7327286093763631,0.442324630112066,-0.9714729273278778,-0.5095891715718719,-0.545841070226142,-0.7856791952188054,1.1080582448024134,-1.0076886244212198,-1.0412998047401467,0.0734226910738706,1.010041046546276,0.09798845148451292,-0.8085161374794624,0.5999134495581087,-0.19639196808357884,-0.44369515875421073,-0.1934532884955867,0.2920044097428146,0.8569142015549776,0.2684156347383854,-0.9118975794424541,1.1665834072103414,0.9205587805567138,-0.2920044097428146,0.19345328849558602,0.04814519612450831,-0.7848207026180125,-0.13662483426975403,0.188596747715916,0.10316902497069583,-0.9071245641463012,0.2692014673650073,0.40038202722625016,-0.046252995675895824,1.1115021717478706,0.5793409677244183,0.9174834661526473,0.2487103132223888,0.7192112130148905,1.6800380602609295,-0.4540570296619595,-0.3759724034796717,1.3994859768436472,0
0.8530127518051386,0.7998341578626126,0.27967722576327125,0.3052077222492148,0,1,0,1,0,0,-0.5207796166571032,-0.03495864104827709,-0.7583149722111197,0.6390655122957042,-0.7613635374089747,-0.5207689889494408,1.1713108071284501,1.5798412783227118,-0.8035544737293748,0.40155380892623316,-0.5628293853210936,0.6332202687093703,0.24944772562062772,2.2691080549368543,0.839159849572627,-0.8897115391197403,1.7036181276516458,1.2259317353083874,0.5516412599819246,0.3165258375355961,0.6385298422296428,-1.3277298188895688,0.20441159146067114,1.146805283248545,1.9285894973071918,-0.3165258375355961,-0.5516412599819253,2.4156088540416993,1.0163612595869336,0.5638910893291381,-0.018131260198663828,0.6664222727407777,1.2667200084961745,-0.22015379130249568,-0.4855086804782194,1.069946747507413,-0.026493508941193386,-1.5452039908641146,-1.8650975389810545,-1.5017363212534962,-1.057715808149347,-0.6992004034990842,-1.5241547677521787,-1.6006945419875402,-1.136704559054746,0
1.726821671951222,-0.05050211919562982,-1.8929150543297122,-0.4281154315628296,1,0,0,1,0,0,0.4256406586528323,-0.5071139686745949,-0.6431763394547153,0.30923520981136965,-1.1777386894030624,-0.6289896211643073,-0.8369464402406133,1.4186919706913481,0.8784873866548427,-0.45054410565823894,-0.5719073224447212,-0.5907136588703287,0.12155600266175978,-0.9826360634910893,0.9445221699118681,0.7979692323680704,-0.14951608705633693,-0.07207409632739584,-1.4375436385994584,0.6200753015809853,0.18195602209716605,-1.0009976772638323,-0.3990395643883203,0.4603984275386143,0.6731412019119498,-0.6200753015809853,1.4375436385994576,-1.1216603760228097,0.19081952690966666,-1.537656681467537,-0.9742482968035945,-0.972132629863095,-1.6317394216937933,-1.5251011477491712,-1.2052948804881005,-1.534519319920306,0.05677446769459199,-1.0140677512169813,-0.378013264106322,-0.5162996974004062,-0.3130987707090945,0.37938770007212164,-0.8656330827735822,-0.7099875321636356,0.038603250264021984,0
-0.3291993166277972,-0.5916252045963298,2.452269505856255,0.5985369837740325,1,0,0,1,0,0,-0.3945902466157784,-0.11927209241011955,-0.8094876978806327,3.0693940569171163,-1.4391384806085974,-2.4638212491709095,0.7118421185678825,-0.37032179797128484,1.3381700833002106,0.16186173678046722,1.5833153950929648,0.13353342998754494,-1.5187417287066278,1.367637209069703,-0.9086608988201459,1.4087383832709395,0.6329505423983446,1.3614591819238127,-0.29127919636700184,0.471010832630124,0.37669319089764586,-0.4019982516228922,-0.41367711585901673,0.4089581591168358,-0.7291876533995926,-0.471010832630124,0.2912791963670011,0.8001630639334981,-1.0850176963188372,-1.11916664918768,-0.3282232720705331,-0.06751377738387422,-1.222174502210428,-1.6066603575270884,-1.7036084035718644,-0.728375060954584,0.3898463742377325,-0.3311783002420958,0.16937972051014377,-0.07544647093981212,0.09305597698558829,-0.5405845059150832,0.36909507656128593,0.6817421706862145,0.2860364732784985,1
-0.1749977424843705,-0.978141694168258,1.4383931084795292,-0.8681093238500562,1,0,0,1,0,0,-0.7226826087232228,0.59012384318607225,-0.5920036137852022,0.10092133455810576,0.5464568506828977,0.3758523647315823,-0.5871465694645482,-0.5826351205094207,0.1003044001164005,-0.2233232237667799,-0.18435226095321994,1.2001237670994542,0.5658579093337088,0.07802351030204652,-0.8335892027743695,-1.4313664143785447,1.2610025049397688,0.42422064648695135,0.3422533759207262,1.2973829492468834,0.8944017697435238,-0.03538637632380323,-1.5755046811760829,1.55208376588076,0.6538358615144496,-1.2973829492468834,-0.3422533759207269,-0.11896988561082296,-0.9349191994684248,-0.7097742263052108,-1.2714198081808024,-0.801449827508525,0.29006520049738066,-0.30171300108041293,-0.4855086804782194,-0.5423417704240322,1.1670141561717275,0.27583454506891375,0.9630995482040194,-0.10137901367278856,0.5161338391675497,1.870377137361731,-0.8656330827735822,-0.3759724034796717,1.646919199858125,1
0.2105061928741954,1.5213316050635446,-0.15484123025532542,3.2385003374973924,1,0,0,1,0,0,0.17326191857018283,-0.4303596543314004,0.7384872536221374,-0.5546887228361942,0.2824806289576862,0.09769850837766893,-1.9628041635234301,0.5282405675408803,-2.6637056090246864,-1.2071563650448613,-2.2056064295829487,-1.0012642046779596,2.34002298002792,0.5208414264879265,0.4457755604436335,-2.2941142941492476,0.5617671934060254,-0.4580357229120146,0.288491621905012,-1.6517274332983856,3.249745585789798,-0.2784585861046335,1.3360111801219914,2.187829102648518,2.4202136461569537,1.6517274332983856,-0.2884916219050127,0.29881781872750485,0.19081952690966666,-0.5733100853443877,-1.5815118200526717,-1.3305665148076924,0.7941451013999841,0.35076067714292497,0.2342775195316623,-0.790386157798101,2.8601296810993593,-0.3311783002420958,-0.23204180154193166,0.4691369264526849,1.3792126780187515,-0.794369942049485,-1.853415610241477,-2.3800631755834565,0.10046155601764112,0
0.31330724230314594,0.15564000857606544,0.27967722576327125,-0.8681093238500562,0,1,0,1,0,0,-0.5838743016777656,0.17437130716043522,-0.5536240695330674,-0.0061288513359326405,0.1087181397804516,0.13884023632712236,0.5382706793812622,1.2292437297968373,1.7302751985979519,-0.40826367626267407,-0.09197295668043523,1.595653917280792,0.26947710568544103,0.0928907875658338,1.1300760698879182,1.504392569296425,0.7404579048682245,1.021222026236549,2.00124968809791,0.1914665557924087,-0.6556631022037885,-0.5550901975487615,-0.8535747119690686,1.2857632710385785,1.1165938920296559,-0.191466555792408,-2.0012496880979107,-0.14682239923337803,0.641115017460903,-0.8644335860608106,-0.04397226118798574,0.2567835470898098,-1.5057194464681423,-0.22015379130249568,-0.983822203561983,-0.728375060954584,-0.8869292675109735,-0.9381911455531051,-1.60964747949337,-1.709196663117305,-1.2269469530221315,-0.3819686083310823,-1.4418395571298541,-1.545025353873546,-1.3841377820692236,0
-0.35489957898503444,0.0010334127472937634,-0.15484123025532542,-0.4281154315628296,0,1,0,1,0,0,-0.81101516775215,6.0268877758290165,-0.3361399854376369,-0.17914509772683793,1.9769767319809106,4.773545328372071,-1.432175543635677,-1.0925648336040017,0.7340178295338685,-0.4676293027762195,0.6161593052466044,-0.06877100002129086,-0.4064581514970488,-0.9670150200104722,-0.8758903239468487,0.4958810918136455,-0.07550475469129977,0.8621033467083479,0.6912331826893887,-0.7793520964162078,1.0252449424396288,0.6221318234271306,-0.5051142880331191,0.556867796854664,0.04063884944243023,0.7793520964162078,-0.6912331826893894,-0.9823978079100336,-0.9349191994684248,-0.5460172571522233,-0.22485926811324272,-0.23819657973844427,0.006520256239666901,-0.5463906304141645,-0.8730858650989243,-0.35630847989348147,0.9449662184763004,0.5793409677244183,0.0051618251252043045,-0.2569742700706454,-0.025405824425361403,0.09387908442092041,0.03983423407198747,-0.32030321536567735,-0.2706882785040748,0
-0.9460056132015023,-0.5916252045963298,1.7280720791585935,0.3052077222492148,1,0,0,1,0,0,-0.4703038686405733,-0.0640322449661538,-0.8478672421327675,6.630982674094448,-2.2279139036323348,-5.173808981493603,1.0510332710201928,0.08109686973391146,-1.628621025394928,0.7037939070091767,-0.04967149505707538,-1.2107804983741073,-0.13941559791934585,0.49380026196893173,-0.3344175031381963,-1.4783802340667869,0.7225195335303909,0.4102185417741583,-0.2645441656443792,-1.388988508307989,-0.9680879448518495,-0.4463201121416177,0.7407499400513162,-0.2343421619404001,0.46507393976550593,1.388988508307989,0.2645441656443785,0.02029268250195297,-0.7097714541928067,-1.3920949311093263,-1.8011603284619129,-1.5012493171622625,0.038025250046078915,-1.1173050988595852,-1.149926711256571,-1.3484860293897554,-1.0812212129944723,-0.7864379342253526,-1.3450742035954124,-0.8274902101961188,-0.8546384343020056,-0.9847090191502859,-0.5363722402842841,-1.0996718489615938,-1.569712699330082,0
0.8787130141623758,-0.05050211919562982,-0.15484123025532542,0.3052077222492148,1,0,0,1,0,0,-0.7983962307480176,4.8290552944124965,-0.6559695208720935,0.31502170634618254,1.0906404719654235,3.4704258148426446,-1.6403395333301845,-0.05093211713559248,-0.2571665932956289,-0.829648878741738,-0.5902076476717437,-0.285768205783895,0.14575260792955633,-0.12062779055716046,-0.7395493061218961,-0.12410295338890406,1.0166971616552343,0.9545502716790216,-0.5252107151899527,0.13114384342216406,2.1604021843764234,-0.6709583308087609,0.22684384845434902,2.128941612475798,1.6992314001217306,-0.13114384342216406,0.525210715189952,-0.5924626171942612,-1.1600669447440433,-2.010732370131724,-1.749478326483268,-1.3647030752786062,-1.222174502210428,-1.5251011477491712,-1.5375038958772762,-1.658541513607341,1.6666220159864384,-0.7864379342253526,-0.642586540004281,-0.4385020692014777,0.38074892326932136,-0.6040308649486834,-1.0302635040182315,-1.0996718489615938,0.038603250264021984,0
-0.35489957898503444,-0.1535731830814779,-0.15484123025532542,-0.4281154315628296,1,0,0,1,0,0,-0.6722068607066928,0.34590557027590785,-0.7327286093763631,0.442324630112066,-0.1840083785988379,-0.07581225732219987,-0.47070397211286086,-0.7794319571447722,0.8171772661923637,-0.7609379699075673,-0.21592068446612117,0.792307083992096,0.16396593377480687,0.18860723467393298,-0.9265744583759626,0.4014262898063878,0.06444269713016512,0.5644587562599652,0.9573302853504951,0.13114384342216406,0.8429794580230077,0.14157287021626067,-0.7137139906338154,1.0918783810716695,0.8317915772352907,-0.13114384342216406,-0.9573302853504958,-0.3139374809687093,-1.2351161931692491,-1.765096916402242,-1.3360223106541085,-1.2452251136304073,-1.1591645145976028,-0.7910682597479163,-1.2052948804881005,-1.720552610450858,1.0004782029001573,0.35171115073279,0.6437869738444144,0.14498014229048395,0.5838262971166633,1.2041903675089267,-0.28942660841731066,-0.26463402725168356,1.0283361423219313,0
0.8016122270906633,-0.9266061622253344,0.27967722576327125,0.5985369837740325,1,0,0,1,0,0,-0.7353015457273552,0.6395489698464626,-0.15703544559434116,-0.31859966421582847,1.2577870546255794,0.7380784477648135,-0.23280943234551338,-1.8214843005618093,0.13297665682503823,0.3217293844081888,1.3460470065137145,0.22150003753843836,-0.4452777784029536,0.8184144469768526,-1.4374994109297605,0.10752777111760034,1.0131962594683568,1.815236665186175,-0.3471945350124867,0.6464429457035722,1.1414772552223758,1.0599890128195812,-0.07372850458972635,0.5700324250112183,0.0222982639868088,-0.6464429457035722,0.347194535012486,0.10385022336961848,-1.6103624352952797,-1.8560730103761243,-1.5298298180740268,-1.1428154322176651,-0.655084613695,-1.5251011477491712,-1.592872065108806,-1.2244638357027204,1.0282341951120857,0.9587239960437993,-0.058700689746716966,-0.08841274230630035,0.1438253204474232,-0.3819686083310823,-0.7833178721512579,-0.5986491559356475,-0.023255055489598248,1
-0.04649643069818187,-0.3339475448817109,-0.4445202009343899,2.505177183685348,1,0,0,1,0,0,-0.6217311126901629,0.30810988518266813,-0.4128990739419065,-0.11607228549737747,0.4640648127213491,0.3266611682702793,-0.8855149880701678,0.16006263335013224,-1.2526428086855002,-0.08475832030723582,-0.5024528294878728,-0.4133510803135976,0.43112644880586454,0.10151022526837593,-0.6936789575759779,-0.40056164078070844,0.5014323822692879,0.6121952688650161,-0.70065935430716475,0.13114384342216406,1.3327579677660963,-0.9146033392834233,1.3098788642883368,0.611714789373602,1.2509028123523964,-0.13114384342216406,0.7006593543071641,-0.06326485836571254,-0.7848207026180125,-0.5733100853443877,-0.6770767854263857,-0.4600842227993849,0.1325402314653172,-1.1173050988595852,-0.983822203561983,-0.35630847989348147,0.77843026520473,-1.0899443568808573,-1.0896241441077272,-0.3477381696360611,-0.093098282374475,-1.175048096251087,-1.5241547677521787,-1.6563637301015341,-0.76555472453303,1
-0.1749977424843705,1.5213316050635446,1.4383931084795292,3.2385003374973924,1,0,0,1,0,0,-0.7226826087232228,0.59012384318607225,0.7384872536221374,-0.5546887228361942,1.7206859168576778,0.8825216882830033,-1.773071189911705,0.04283106437471734,-1.7366260036921806,-0.7641306880246,-1.4685080529720251,-1.3165225028317777,1.3574527447768345,0.2453139684999652,-0.5044100796211421,-1.302361152401092,1.2713995024626072,0.44263543178799125,0.18609969967169646,-1.9801510895363814,2.710613477789456,-0.5640939247643424,1.0652785654303512,2.2929892448737936,2.341279737607191,1.9801510895363814,-0.18609969967169718,0.04814519612450831,-0.6347222057676005,-0.6187981323313287,-1.1422148032341901,-0.6649035856248688,0.25856020669096863,-0.46483142063624716,-0.5962450189412776,-0.35630847989348147,2.4437897979204335,-0.5588081172337243,-0.11343998820836432,0.4432043837197094,1.396135792506029,-0.6040308649486834,-1.6064699783745033,-2.213055611241474,0.10046155601764112,1
-0.04649643069818187,-0.1535731830814779,0.27967722576327125,-0.4281154315628296,1,0,0,1,0,0,-0.6343500496942954,0.31392460596624344,-0.7327286093763631,0.442324630112066,-0.32069262942024446,-0.10040785555285138,0.7837018201825824,-0.4309730686719929,0.4797762737853186,0.6470806164767126,0.5070045250611307,-0.3677047629818595,-0.5218648439069552,1.8271777247813097,-0.6477021602875705,-0.11509582179373708,1.9248738098208382,1.6082198912724905,0.03622492998512883,-0.5374328853480426,0.7359379952416191,-0.057329743582400616,-0.7715304399688103,1.0345077533231533,0.9109829956091695,0.5374328853480426,-0.036224929985129536,1.4964759044973779,-0.7097714541928067,-0.4277483349861756,-0.4186667755331612,0.32505666803163763,-0.08799472517957138,-0.8726274695258333,-0.983822203561983,0.2638024885416898,0.9449662184763004,0.19995793940503753,0.7988816528190786,0.2357440418559006,0.65151875506577694,1.5214221626769286,0.36909507656128593,0.1250502895462747,1.1520527538291696,1
-0.04649643069818187,0.7998341578626126,-0.4445202009343899,0.3052077222492148,1,0,0,1,0,0,-0.6217311126901629,0.30810988518266813,-0.7583149722111197,0.6390655122957042,-0.5074907358040941,-0.2569252988388155,-0.5623147662170502,0.6155606931778664,-0.38362743781599207,-0.3935566116247695,-0.9287245263793378,-0.7050905867381851,0.28470227134320625,-0.12445668636454453,-0.4816710028551378,-0.4695138265668431,0.7186039492186098,0.740096252267092,-0.9053494332772455,-0.06374491962016399,0.6575567160968907,-1.3274038063252245,0.052615443130846616,1.2442249672051058,1.929947311764609,0.06374491962016399,0.9053494332772448,-0.28608496734615396,-0.6347222057676005,-0.6915790075104341,-0.806281790372998,-0.5112890635057554,0.06953024385249205,-1.3619827281933365,-1.2052948804881005,-0.29429738304996345,0.1400424443303771,-1.4693273852002382,-1.3998135020570583,-1.164613265724808,-0.685407289429221,-0.2550758902638815,-1.5241547677521787,-1.712032918215528,-0.76555472453303,0
-0.1749977424843705,0.15564000857606544,1.4383931084795292,-0.8681093238500562,1,0,0,1,0,0,-0.7226826087232228,0.59012384318607225,-0.5536240695330674,-0.0061288513359326405,0.6343575162504046,0.45858301332559187,0.8197255526325804,-0.6644892808182747,-0.190872021605265,0.4611061964063882,0.23559090125042179,1.0350624988927046,0.30246103828070303,0.368916642836707,-0.5100195538564649,-1.249811944334058,1.5641133214938892,0.6826462361382835,0.3041828515459622,1.1100169487029459,-0.7712311725578149,0.401105998676677,-0.995012024866331,0.928023272005662,0.36019147336298313,-1.1100169487029459,-0.3041828515459622,0.15955525061472892,-0.6347222057676005,-0.600602913536552,-1.1034533017502068,-0.5283573437412127,0.25856020669096863,-0.6279498401920818,-0.8177176958673952,-0.35630847989348147,-0.8869292675109735,-0.02767187758659086,-1.0531312784666302,-1.333174793489152,-0.9561771212256767,-0.2233527107470814,-1.6064699783745033,-1.4336869776455579,-1.0129879475475077,0
0.15910566815972013,0.7998341578626126,-0.8790386569529866,0.3052077222492148,1,0,0,1,0,0,-0.5333985536612357,-0.008792397522188045,-0.7583149722111197,0.6390655122957042,-0.7344913508946546,-0.5006453176698168,-0.8184567676491101,1.4743043736493129,-0.4847138963007861,-0.1560036775055741,-0.9596062904444231,-0.5688858502721783,0.07300790862113139,-0.631115953452832,0.6211985014755116,-0.9542909154069315,0.8716496304406045,0.23062383809151107,-0.7581467807413153,-0.023971702672748577,0.5074804343852557,-1.4012259989094624,-0.2963502042641017,1.0750637565266252,1.4726944658302525,0.023971702672748577,0.7581467807413146,-0.7595776989295921,0.19081952690966666,-0.9463120706373036,-1.232658306696819,-0.8867912286858101,-0.24551969421163483,-1.3619827281933365,-1.2606630497196296,-1.0384305451721696,0.1400424443303771,-1.4693273852002382,-1.0348848456460813,-1.0090180093269512,-0.5838686025055501,0.062155904904119784,-1.0302635040182315,-1.1553410370755877,-0.5181215015185524,0
-1.8712150580620608,1.3924927752062353,-0.4445202009343899,0.5985369837740325,1,0,0,1,0,0,0.1480240445619179,-0.4291967101746853,-0.5664172509504457,0.043056369209976894,-0.8151976589786347,-0.3633571602732711,0.9032881510994769,0.9415774848360389,-0.2329114043453515,1.1201342597337465,1.2124087276391595,-0.3370586655948272,-1.4659902308828883,-0.23069585722038752,1.2307883380245517,-0.11987522758256045,0.19944705547831898,0.3403161414866029,-1.046543814281098,0.5782415939310317,-1.4865527449036893,-0.05936790917819399,0.19793464932073299,-1.3154608337661584,-1.243938249818808,-0.5782415939310325,1.0465438142810974,-0.3139374809687093,0.9413120111617277,-0.4095531161914002,-0.40574627503850064,-0.3064697006802721,-0.024984737566746233,-1.3619827281933365,-1.149926711256571,-0.10826409251941274,-1.3865371273256843,-0.02767187758659086,0.0963939892279486,0.1838789563899486,-0.36386811417093057,-0.3502454288142823,0.4514102871836102,0.848749735028197,0.038603250264021984,1
1.5983203601650333,-0.05050211919562982,-0.15484123025532542,2.9451710759725747,1,0,0,1,0,0,-0.4703038686405733,-0.03902894559677982,-0.5152445252809326,-0.01480859613815197,-0.05833978005278291,-0.01857159234904728,-2.008617404226145,0.07886223616703449,-1.4323283494446781,-0.653294364907685,-0.8092428086636122,-0.09753896019867615,0.9014529641605795,-0.6086179511133227,-0.3246503850840433,-0.1119080402919077,-0.11345771703538696,0.4606655604395989,0.3871222082195544,-0.5169746011139472,2.184907510119593,-0.4334685229868433,1.845584048851517,0.770055809897878,1.50180554320331,0.5169746011139472,-0.3871222082195551,-0.7317251853070371,-0.5596729573423944,-0.8917264142529749,-0.806281790372998,-0.801449827508525,-0.08799472517957138,-0.5463906304141645,-0.762349526635866,-0.790386157798101,2.16622987580115,-0.3311783002420958,0.2788583174334372,1.2211806657089916,1.5145975939169787,-0.6992004034990842,-1.1948939252628807,-1.4893561657595522,0.40975308478573785,1
-0.04649643069818187,-0.6431607365392533,-0.4445202009343899,-0.13478617003801185,1,0,0,1,0,0,-0.6595879237025604,0.38660861576093525,0.43145089960505906,-0.5008743050624344,1.289497281464964,0.684415324352483,-0.16106895156059342,-0.9218777373533847,0.15748873249606501,0.7788237613253975,0.6873056595610461,-0.3600835637544677,-0.7176517617646341,-0.8896830437354472,-0.5899438388119179,-0.44257663886457016,-0.14110246738478346,-0.36106975894073007,-2.0981985141718593,1.5898567061935227,-0.664990516486895,0.6743133387473997,-0.6600392133564416,-1.192055447312395,-1.2460453619666396,-1.589856706193522,2.0981985141718584,-0.9266927806649233,-0.7097714541928067,-0.6278957417287164,-0.7416792878996918,-0.7502449868021539,-0.30852968182446,-1.3619827281933365,-0.6516131881728072,-0.35630847989348147,-0.859173275299045,0.04820472807728505,-1.3998135020570583,-1.4628375071540325,-1.7346403876404854,-0.826093121566285,-0.8656330827735822,-0.2089648391376897,-1.198562864808365,0
0.33900750466038404,0.6194597960623787,-1.168717627632051,0.3052077222492148,1,0,0,1,0,0,-0.24316300256618875,-0.28789899513380446,-0.6687627022894718,0.36420692689209205,-0.763116606773838,-0.5028812811453306,-1.7051229151951897,0.1556748488236069,-0.5850497675793566,-1.120894499353586,-1.344293208230616,-0.8907429999174684,0.9524869994158505,0.29096509918135716,0.18102553691640325,-0.4848600509722101,-0.17887995491403783,-0.3135891150898877,0.03622492998512883,-1.2507946581507028,2.6617438196377194,-0.03232120661423027,0.312545040062202,1.336881853299984,1.4414882730401937,1.2507946581507028,-0.036224929985129536,0.4102278732177254,0.340918023760079,0.5093054329448095,0.1627557467265941,0.08610074473523979,0.6366201323679207,0.4323198869208419,0.4557501964577793,0.20179139169817292,2.610325751192004,0.04820472807728505,0.2514886682026129,0.37837302688726915,0.9222885868622325,0.28421816152172197,-0.28942660841731066,-0.8213259083916238,0.22417816752487937,1
0.8787130141623758,1.289421711320388,0.27967722576327125,-0.4281154315628296,0,1,0,1,0,0,-0.5207796166571032,-0.014607118305763387,0.4954168066919504,-0.5037675533298408,0.9396230262696007,0.3780883282070961,2.141993221276375,1.5564978185123766,-1.2416770289526595,1.6072433257503256,0.9443453924790506,1.1248480940162806,0.009528799941717198,2.170449753108881,1.0690669207278654,-0.8303680367040445,1.5850357444315886,1.0764024562448449,0.6286220997103051,0.9106988955914741,-0.809805896404135,-1.0653743308453838,0.862974298505602,-0.5995877306992637,-0.17679776666487504,-0.9106988955914734,-0.6286220997103059,1.9699686360808162,0.9413120111617277,-0.10023439668020068,-0.5091102789957901,0.10316902497069583,0.6051151385615076,0.18764225758709038,-0.09793149585751397,0.44983577907224165,-0.7759052986632599,-1.0140677512169813,-0.08607033897753999,0.36540675552078095,0.09305597698558829,-0.5405845059150832,-0.6186874509066087,-0.26463402725168356,0.10046155601764112,1
0.030604356373531493,-0.9266061622253344,-0.4445202009343899,0.5985369837740325,1,0,0,1,0,0,-0.38197130961164594,-0.1355533106041305,-0.24658771551598904,-0.2925604298091705,0.17807456053538515,0.12184691391321768,-0.10374240910428782,-0.04871511683800622,-0.3597130401655293,-0.37361747378025695,-0.3761862498827531,0.48910340353174797,0.5784908091850692,1.1853725483705662,0.618938442168941,-0.5287149720083549,0.19665895287190624,-0.2525662886022111,0.271474372857786,0.3978337296906128,1.3286666287429252,0.6869019708552666,-0.0395677814264176,0.6997367545673927,0.24247872615136312,-0.3978337296906128,-0.2714743728577867,1.245803281894381,0.7161642658861095,0.36374368258659734,0.020630241285320403,0.10316902497069583,0.3530751881102058,0.18764225758709038,0.06817301183707392,0.015758101167622184,1.1670141561717275,0.5793409677244183,-0.14080963743918734,-0.1402778277722523,0.1438253204474232,-0.3502454288142823,-0.7833178721512579,-0.7099875321636356,-0.023255055489598248,1
-0.09789695541265715,1.3151894772918502,-0.4445202009343899,-0.13478617003801185,1,0,0,1,0,0,-0.33149556159511606,-0.16578985867872228,0.21396681550962854,-0.44648123763519326,0.47710042992796414,0.21754615066520716,0.9224367323590839,-0.5195995599736218,-0.6506053732523202,0.05401639919845347,-0.28578436116955663,-1.9936557824536063,-0.04958044943731819,0.731214904387834,-0.02117308819457035,-1.738434726306798,0.7662995817867382,-0.11699216566681826,-1.126015323288895,-1.6023404173227471,-0.5520494141231713,0.6919559676867871,-0.8575599052875089,0.6868768773912873,0.25731358698899254,1.6023404173227471,1.1260153232888943,0.744458036688388,0.04072103005925432,0.19998671343360988,-0.7545997883943533,-0.4430159425639276,1.140700033270523,0.02452383803125581,0.6772228733838963,0.9459245538203791,-0.38732140769626244,0.9587239960437993,0.7623887871779818,0.15794641365697218,0.43151826673115745,1.1407440084753266,1.1099319721622063,0.3477270420022505,0.16231986177126023,0
-0.5862019402001745,-0.2566442469673251,-1.168717627632051,1.0385308760612593,1,0,0,1,0,0,-0.356733435603381,-0.14834569632799627,-0.6559695208720935,0.3555271820898727,-0.5807080307202706,-0.3888471438941281,-1.1828041768308313,0.7293264755875256,0.06618134234758313,-1.5280271394644465,-1.875437174112791,0.0462104539047824,1.5564895527140024,-1.2802266388491261,1.1985775706992057,-0.2508069892750936,-1.4692042717330447,-1.8578895152753439,-0.02463866871748055,0.08746187929198715,0.365530627441705,0.19968522247947135,-0.34250894856486935,0.6074282791656463,0.6242926748778198,-0.08746187929198715,0.024638668717479842,-1.038102835155144,1.9920014891146134,1.8648492331556514,1.4160442947087326,0.6322857122698633,0.6996301199807459,2.145063292257104,2.393636119561306,0.8219023601333442,0.029018475482663446,-0.17942508891434333,-1.0257616292358074,-1.0219842806934394,-0.7530997473783346,-0.3185222492974822,-0.6186874509066087,-0.6543183440496418,-0.8892713360402683,1
1.7525219343084582,0.20717554051898904,0.27967722576327125,-0.13478617003801185,1,0,0,1,0,0,5.511072271318219,-0.7821502617377085,-0.3617263482723934,-0.15368451297366123,-1.694533444651406,-0.48275760986570665,0.87120499776399285,1.5558945207186337,-1.7004764983018388,0.9319064448389351,-0.04782872897542779,0.8376415320749842,0.49344796560210236,-0.008219262531217927,0.977415478818125,-0.21065681162959135,-0.343564309539038,-0.8200137746831035,0.3506288912831737,0.7946936794948511,-1.2196443471484886,-1.1563606882247235,2.112918559456249,-1.5996179736267955,-0.738404158121123,-0.7946936794948504,-0.3506288912831744,0.1317027369921738,1.1664597564373458,0.5911839175213025,0.3824042551358344,0.22264698661889537,0.038025250046078915,1.7372672433675176,1.6738499195514247,0.38782468222872474,-1.1089772052064004,-1.0140677512169813,0.3700904815361815,1.454573550305776,0.5838262971166633,-1.0481553781838862,0.28677986593896093,0.793080546914203,0.038603250264021984,0
0.31330724230314594,0.15564000857606544,0.27967722576327125,-0.8681093238500562,1,0,0,1,0,0,0.5896868397065544,-0.5274654914171085,-0.6047967952025805,0.19639852738251837,-1.1512092663213447,-0.5574387899478667,0.4142796524115761,-0.9772159317369289,0.7614463997938421,-0.955688813520243,-0.7460378799768587,0.6756753161525735,1.2519800140079544,-0.22841914764153756,-0.6502496240852064,0.26614341418689463,-0.651124683576632,-0.7536956652855179,0.07500831336893375,0.8471482119907131,-0.8042996623059058,0.6898537353864965,-0.7734742726387621,0.6454298408169391,0.23404865970170433,-0.8471482119907131,-0.07500831336893446,-0.3139374809687093,-0.7097714541928067,-0.4186507255887879,-0.22485926811324272,-0.4600842227993849,-0.7495995951142377,0.35076067714292497,0.34501385799472056,-0.6663639641110671,-0.9146852597229018,0.19995793940503753,-1.0622544948769042,-1.2424108939237355,-0.9561771212256767,-0.3502454288142823,-1.4418395571298541,-1.32234860141757,-1.0748462533011267,0
0.5960101282327613,0.4648532002336079,-0.4445202009343899,-1.161438585374874,1,0,0,1,0,0,3.0125227444999894,-0.7298177746855304,-0.2210013526812325,-0.3018188242648711,-1.2016551685127892,-0.3280289373601535,0.2856464838124636,-0.5954639194261043,-0.8013207236332387,-0.09230496309573642,0.4669925235012542,0.33877506614728736,-0.5124844043201051,-0.39476678518195063,-0.9308129887386613,0.6277276191723771,-1.2164672145351323,-0.17216513355290675,-0.2763926451691775,0.7361716451058063,-0.7916447095062824,-0.11517510168683777,1.7262379930572131,-1.081530016447473,-0.775198895651239,-0.7361716451058063,0.2763926451691768,-0.3696425082138195,-0.8598699510432187,0.03622974428062242,0.3565632541465125,-0.1699234587966153,0.2270552128845555,-0.30171300108041293,-0.2086678343205727,0.07776919801113909,-0.8869292675109735,-0.4070549059059717,-0.9436526815433369,-0.02358138547386016,-0.44848368660732285,-1.9046812251374914,-0.4540570296619595,-0.15329565102369538,-1.0748462533011267,0
-1.2544087614883548,0.7998341578626126,-1.168717627632051,-0.8681093238500562,1,0,0,1,0,0,-0.1800683175455264,-0.3099949341113908,-0.016310450003180245,-0.39671736743580244,0.14564055445051116,0.06818379050088712,0.04748739802833662,0.07896510679282603,0.7495187376930815,0.4870613902730323,0.5046111530207579,-1.2698656778525093,-1.3887563368784823,-1.0065918190076288,-0.025315525795451994,1.014972868749394,0.011203370135175618,0.26564428105150034,-0.8114328088086202,-0.9271761482887021,-1.071807068172641,-0.13374262523740654,-0.00466737396995969,-0.6468794456303616,-0.39666927576227423,0.9271761482887021,0.8114328088086196,-1.038102835155144,-0.25947596364157,-0.7188718357025985,-0.1344157646506147,-0.11871861809024475,-1.1276595207911904,-1.1988643086375024,-1.0391903727935126,-0.6043528672675491,-1.0812212129944723,-0.3311783002420958,-0.6517097564145549,-0.5551985114998699,-0.7530997473783346,-0.3819686083310823,0.9453015509175579,0.514734606344233,-0.8274130302866491,0
0.9558138012340891,-0.23087648099586283,-1.168717627632051,1.0385308760612593,1,0,0,1,0,0,-0.44506599463230834,-0.09019848849224284,-0.3233468040202586,-0.21444272658919655,0.1886072197551855,0.09635693029236066,-1.1571076276575898,1.2329854787281673,1.3099596349823244,-0.9916664713349501,-0.4694350369951417,-0.9083128553802423,-0.16586834312257714,-1.6103781396091046,0.8948111749509766,2.0345865446518516,-1.4956952345052545,-1.1021647332705249,-0.9609518129377761,-0.28577009270635834,-8.453920994738116e-5,-0.7959090724989948,0.2538045576683696,-0.14342836558779123,-0.46576080395231545,0.28577009270635834,0.9609518129377754,-1.5673005939836924,0.340918023760079,-1.110069039790291,-0.04397226118798574,-0.6307670251539549,-2.1673243164028086,-0.5463906304141645,-0.1532996650890431,-1.1624527388592034,-0.05424950115312168,-0.7864379342253526,-0.17730250308028428,-0.02358138547386016,-0.07617516788719629,-0.6992004034990842,0.6160407084282594,0.514734606344233,-0.332546584257695,1
-0.3291993166277972,1.1605828814630785,2.452269505856255,-0.13478617003801185,1,0,0,1,0,0,-0.3945902466157784,-0.1338088943690579,-0.16982862701171944,-0.30991991941360914,0.27415268725593556,0.1366042728516086,0.9859896097908278,0.05270751215876954,1.4780535402568564,0.27910598840578266,0.7271473419080827,0.009313995759318279,-1.1354654323657454,1.1269071379073317,-0.8108814309005871,1.2223670598938574,0.6901152887444718,1.271582445673406,-0.03566621970192337,0.048076501797563044,-0.24505021980727043,-0.8846659312251004,-0.7921876940543586,0.3072523230758705,0.2961256075360141,-0.048076501797563745,0.035666219701922665,0.605195468575612,-1.009968447893631,-1.1282642585850677,-0.4186667755331612,-0.135786898325702,-1.1906695084040155,-1.4435419379712537,-1.592872065108806,-0.790386157798101,-0.49834537654397587,-1.0899443568808573,-1.1991027410310207,-1.3591073362221284,-1.176177609560296,-0.1916295312302808,-0.4540570296619595,-0.48731077970765985,-1.2604211705619852,1
-0.9717058755587404,-0.35971531085317227,-0.8790386569529866,-0.13478617003801185,1,0,0,1,0,0,-0.5586364276695006,0.07261369344786675,-0.6943490651242283,0.3931394095661565,-0.3576150440903046,-0.24798144493676041,0.3178989489757289,0.25995042579040567,-1.5305851684679654,0.9514212135454881,0.11173680005367938,-1.5622715897351533,-0.40741709745961024,0.756828682585509,0.03844807955983281,-1.592258522475513,1.3201447854260595,0.4412362922564749,-1.3422252734671216,-0.799549433147316,0.3141680751298882,-0.31827367533819884,0.4922949419410077,0.023724292201751897,0.2855180472252487,0.799549433147316,1.342225273467121,1.0229831729139398,0.340918023760079,0.9368930746220554,-0.1344157646506147,0.39332978897346543,1.8023049032051899,-0.709509049969999,-0.1532996650890431,1.5660355222555504,-0.27629743884854874,-0.8623145398892288,-1.9472064866735241,-1.4628375071540325,-1.3623318689203594,-1.5240030709358887,-0.7833178721512579,-1.1553410370755877,-2.002720839605417,0
0.6731109153044746,1.2121184134060021,-0.4445202009343899,0.5985369837740325,1,0,0,0,1,0,-0.6217311126901629,0.3197393267498188,-0.4512786181940413,-0.09003305109071949,0.4050751756259449,0.31548135089271045,-0.4764618882651578,-0.3496159970273406,-0.5695873165591482,0.299644080248719,-0.06975059726854006,-0.4184543952947867,-0.2754153371567128,-0.2860708904862899,-0.3473287968260252,-0.11211032462155346,0.25433765717833745,0.5494470609305837,-0.16027754582615011,-0.41176056791003435,0.3766931908976465,0.1319125639535281,0.665984878658242,-0.15260295386025477,0.6271073063576535,0.41176056791003435,0.16027754582614942,-0.5089050763265954,-0.6347222057676005,-1.0918738209955157,-0.9742482968035945,-0.8355863879794388,-0.40304466324369825,-0.7910682597479163,-0.8177176958673952,-0.6663639641110671,-0.10976148557697851,-0.4070549059059717,-1.527538531800901,-1.0219842806934394,-1.0069464646875115,-0.9847090191502859,-0.5363722402842841,-0.7656567202776299,-1.2604211705619852,0
0.31330724230314594,-0.7462318004251005,0.27967722576327125,0.3052077222492148,0,1,0,0,1,0,-0.571255364673633,0.17437130716043522,-0.42569225535928473,-0.10739254069515815,0.30588302982383064,0.21709895797010442,-0.33198893949690145,1.3337101893041285,0.6550893417799393,0.19356350245719847,0.6733428073430285,1.419837179637751,-0.10837217187739823,-0.17142410612931436,1.9136695602691516,1.3614990502941307,0.3537596667322943,0.3169233639697682,1.7556215933338128,0.1952844489803987,0.2903537548615064,0.08651306520305531,0.47264616724170583,0.08929022576568946,-0.5659646463707497,-0.1952844489803987,-1.7556215933338135,-0.23037994010104354,1.6167552469885829,-0.2730889752305771,0.44700675760914055,0.5810808715634928,-1.3796994712424915,0.9216751455883455,0.12354118106860354,-0.4183195767369984,0.3620903820258042,0.19995793940503753,0.36096726512590627,0.5599008260181015,0.5669031826293847,-0.857816301083085,0.36909507656128593,0.514734606344233,0.038603250264021984,1
-0.5862019402001745,-1.880013503169424,0.27967722576327125,-0.4281154315628296,1,0,0,1,0,0,-0.8236341047562825,7.032834471387551,0.13720772700535894,-0.4244925508029043,2.8566219259120724,5.736798393623405,-0.5413358415810768,-1.6214329114200121,0.9634809453545671,-0.14655867423723887,0.4531620967283768,2.5802534876513543,0.3334049378516278,-1.0029623455246117,-1.0813729585788603,1.0318736977033411,-0.18709440630687518,0.7527212512635648,2.1388014211658057,1.3979208031972914,-0.24940749280938118,1.142171865145138,-0.2801771764306107,0.012471703086545358,0.1457528767572558,-1.3979208031972914,-2.1388014211658066,-1.0938078624002545,-1.2351161931692491,-1.1919475243667854,-0.5607922809744348,-0.596630464683041,-0.9071245641463012,-0.30171300108041293,-1.0945585420250417,-1.4104971262332722,-0.3595654154843339,0.8069707847160468,-0.5422311594912614,-0.5940973255993336,-0.5500223735309933,-0.033013633646279864,-1.3595243465075295,-0.9883334727336057,-0.1469716669968365,1
1.5983203601650333,-0.6431607365392533,-0.15484123025532542,-0.13478617003801185,1,0,0,1,0,0,-0.4703038686405733,-0.03902894559677982,0.43145089960505906,-0.5008743050624344,0.8101145114933384,0.3570702715372666,-0.06446656329830873,-0.5187997111361125,0.5072269483256844,0.7619505474760978,1.5028291116711414,0.9278525940122839,-1.2248899470179635,-0.6385521160601428,0.2927550182222404,0.1073991290713152,-0.017353649297136908,0.6419776108727435,0.12891477706591967,1.13762416762706,-0.5483914249807655,1.0053444355834045,-0.5854704633804155,-1.0465536142750282,-1.326985261464206,-1.13762416762706,-0.12891477706592036,-0.6760201580619267,0.11577027848446049,-0.4186507255887879,-0.3023822710812103,-0.2894014204448148,0.19555021907814235,-0.7910682597479163,-0.9284540343304539,-0.23228628620644656,-0.7203933142394032,0.4275877563966659,-1.1169937933385516,-1.2035120798242718,-1.4638705558440304,-0.826093121566285,-0.37174181903963527,0.18071947766026855,-1.0129879475475077,1
0.030604356373531493,-0.41125084279609675,-0.4445202009343899,1.0385308760612593,1,0,0,1,0,0,-0.38197130961164594,-0.1355533106041305,-0.7583149722111197,0.9226038425015356,-1.00139976970615,-0.817257745802567,0.45946623808710046,-0.03372795856522171,-0.5668784707423331,-0.7348028270441253,-0.7083806671354353,-0.5919671046551822,-0.06043254865929856,1.1356769494768169,0.5379153160283339,-0.7192326970793167,-0.1394197434504714,-0.1018141228847707,0.23272740579640636,-1.0381887348318,0.49585603793543953,0.5851644366701501,0.05218236201812595,0.8544249827788756,0.8215278864168212,1.0381887348318,-0.23272740579640636,1.050835686536495,0.491016520610491,-0.009258302706318612,-0.37990527404917784,-0.40887938209301433,0.6366201323679207,-0.13859458152457876,-0.26403600355210183,-0.29429738304996345,0.3620903820258042,0.4275877563966659,-0.2867811000035777,-0.21807545597118072,0.12690220596014448,-0.09645999267988113,0.2044646553166367,-0.26463402725168356,-0.45626319576493324,0
1.3156174742354179,-0.5916252045963298,-0.15484123025532542,-1.161438585374874,1,0,0,1,0,0,0.22373766658671274,-0.4512926491522716,-0.3745195296897717,-0.1450047681714419,-0.5334655866900332,-0.2350128567787805,0.5023422979110815,-0.47132788071137977,-0.3945210390185239,1.582534150792356,1.5058839554587857,0.9522304614874478,-1.3133967957624513,-0.5949120780786308,0.3780106441737446,-0.7952404568887402,0.9014214973725326,0.39327724073793635,1.4819217163109606,-0.17102313780859965,-1.2929483323937117,1.025595073029752,-0.2598164896045218,-1.2440674147782387,-1.573764213839396,0.17102313780859965,-1.4819217163109613,-0.4253475354589299,0.641115017460903,0.7913313242638433,0.21443774870523882,0.5810808715634928,1.0776900456576979,0.6769975162545934,0.012804842605544792,0.3258135853852078,-1.053465220782544,1.793366658346437,1.8389283235903642,1.3897421934733356,0.7022880985276131,0.7917890337905242,2.097714499630101,2.1848102497640536,0.8427612250610729,1
1.2128164248064663,0.3102466044048362,0.5693561964423357,0.3052077222492148,0,1,0,0,1,0,-0.43244705762817587,-0.0931058488840305,-0.5920036137852022,0.17614578951067328,-0.28857517883916434,-0.2077341023775125,0.6061632583006581,-1.6203497343874724,-0.49888604301487943,-0.37115714050348664,0.11373277068787131,-1.0206455630749849,-0.19071234522127756,0.6051745961457607,-0.1685536848697463,0.7714911125693481,-0.2804861387268476,0.4168557175839954,0.6257323574189628,-2.0126325500434374,-0.23820144040275837,2.055127480487312,1.4572680993956475,0.22328409793008466,0.2591203017723516,2.0126325500434374,-0.6257323574189636,0.1317027369921738,-0.5596729573423944,-1.3102164465328319,-0.7804407893836761,-0.8355863879794388,-1.0016395455655394,0.02452383803125581,-0.26403600355210183,-1.2244638357027204,-0.24854144663662048,1.8692432640103136,-0.07694712256726609,0.6765972683164937,0.7361343275021692,-1.3019408143182878,1.439192814651505,0.45906541823023866,-0.332546584257695,0
0.8016122270906633,-0.35971531085317227,-0.15484123025532542,-0.13478617003801185,1,0,0,0,1,0,0.5770679027024219,-0.5274654914171085,-0.8350740607153893,5.797727173081393,-2.661097045090748,-4.886264078542531,0.7294693030449054,1.4526339208209333,0.49936857833379533,0.020954254578860496,-0.6132702272916514,-0.3370333244585571,0.4396928881345502,0.1501651308987137,0.9785765762640201,0.6630041269758387,-0.1502416969664092,-0.0907508591103405,-0.2763926451691775,-0.18555039652161812,-0.8643015936834298,-1.0134691123087263,-0.01639836779223654,-0.17728494096996752,0.7086807802805011,0.18555039652161812,0.2763926451691768,0.02029268250195297,0.7161642658861095,-0.4186507255887879,-0.031051760693324323,-0.08458205761933026,-0.844114576533476,-0.30171300108041293,-0.2086678343205727,-0.17027518936292965,-0.859173275299045,-1.0140677512169813,-0.323273965644676,-0.2829068128036209,-0.33002188519637315,0.5697267771729232,-0.6186874509066087,-0.7656567202776299,-0.1469716669968365,0
0.9044132765196139,1.3151894772918502,-0.15484123025532542,-0.13478617003801185,1,0,0,1,0,0,-0.7983962307480176,4.532504534450155,0.21396681550962854,-0.44648123763519326,2.182214136639453,3.8308631270954647,0.4414605003079714,-0.6388378834441965,0.4209237489470973,0.11192720833606107,0.38830610879099076,-1.4716510245374845,-0.7308881717929977,0.18586106639488015,-0.7504665066863814,0.13228314455239587,1.2979324462574862,1.2903432009002573,0.1590389773671773,-2.164889396170255,-0.4281513844107204,0.12502417181050932,-0.442485062902412,1.1358011583117755,0.7549520316588693,2.164889396170255,-0.15903897736717798,-0.28608496734615396,-1.0850176963188372,-1.655925603633584,-1.3489428111487698,-0.8697229484503528,-1.0646495331783645,-1.4435419379712537,-1.648240234340335,-1.2864749325462383,-0.3595654154843339,0.19995793940503753,0.2514886682026129,-0.02358138547386016,0.43151826673115745,0.506280418139323,0.6160407084282594,-0.32030321536567735,-0.1469716669968365,1
0.030604356373531493,0.7225308599482267,-0.4445202009343899,-1.6014324776621007,1,0,0,1,0,0,-0.6848257977108253,0.43603374242132564,-0.7839013350458762,1.6198766749464881,-0.46758293208315554,-0.9165345241153785,0.20991027890920896,0.03978072016439427,-1.5055584369879125,0.8609876437015462,0.2650564120548642,-1.3786458527230618,-0.7826436712548354,-0.4373745977776735,0.4146973208726742,-1.4015144046784924,0.5369557793740577,0.2977469756208287,-1.8632990028572278,-0.032311248161722386,-0.7289048972777672,0.3608343855791571,0.649762004700719,-0.6307026010773918,-0.05389434711758294,0.032311248161722386,1.863299002857227,-0.5924626171942612,0.04072103005925432,-0.9008240236503626,-1.4006248131274146,-1.1598837124531223,0.41608517572303205,-1.7697787770829225,-1.3713993881826885,-0.35630847989348147,-0.7759052986632599,0.12408133374116129,-0.5604775923118106,-0.16621037050522874,-0.39771434314548676,-0.5405845059150832,-0.37174181903963527,-0.4316415915936655,-0.45626319576493324,1
0.46750881644657266,-0.5916252045963298,-1.168717627632051,0.5985369837740325,1,0,0,1,0,0,-0.20530619155379135,-0.305924629562888,-0.8094876978806327,2.4965308999706406,-1.6739294488390202,-2.164649336147167,-0.6991030665235655,-0.10238824590856281,1.5141036589941197,-0.6872109334843405,0.48818462732269174,1.0300365068657762,-0.08319923091464912,-0.7421559162008324,-0.04540630402550713,1.3248417385807454,-0.9772257656882551,-0.6760347596488687,0.1590389773671773,1.2471140222716814,0.23056638514512773,0.09504404216180572,-0.7384922445943404,-0.0406227052196062,-1.2946802881404667,-1.2471140222716814,-0.15903897736717798,-0.8431352397972577,-0.3345252120667762,-0.9008240236503626,-0.1602567656399366,-0.5283573437412127,-1.5687294340809674,0.18764225758709038,0.12354118106860354,-1.1004416420156866,0.11228645211844858,-0.02767187758659086,-0.33239718205494984,-0.6459624110652865,-0.6177148314801074,-0.794369942049485,0.03983423407198747,0.793080546914203,-0.1469716669968365,0
-0.35489957898503444,0.3102466044048362,-0.15484123025532542,0.3052077222492148,0,1,0,0,1,0,-0.81101516775215,5.82337254840388,-0.5920036137852022,0.17614578951067328,1.5365566440209162,4.342451570293016,-0.05164850514903747,-2.2838894966390524,-1.3108970171346608,0.4096537750953704,1.0358712742114342,-0.9383991146572322,-1.444112673088195,-0.562775085739246,-0.9021769232500764,-0.18164955901720145,0.5723373426763478,1.5603363309715654,0.49320743187182114,-1.7690215962405276,-0.49049973102033245,2.23092897261776,1.6094998491375159,0.014104090288946327,0.17668134309937736,1.7690215962405276,-0.4932074318718218,-0.6760201580619267,-1.009968447893631,-0.7916527108817039,-0.7545997883943533,-0.5112890635057554,0.5421051509486824,-1.1988643086375024,-1.482135726645747,-0.29429738304996345,-0.5538573609678327,1.793366658346437,-0.4692454282090663,0.37837302688726915,0.36382580878204385,-1.5557262504526888,0.9453015509175579,0.1250502895462747,-0.7036964187794109,1
-0.5862019402001745,-0.41125084279609675,0.27967722576327125,1.0385308760612593,1,0,0,1,0,0,-0.8236341047562825,7.032834471387551,-0.7583149722111197,0.9226038425015356,1.357548890776926,4.695733799424192,-1.0783833752054401,-1.1844480913847601,0.3520864771516339,-0.9934755360411472,-0.5544372070317019,-0.0652655526836701,-0.06754433910403466,-0.8888003212943285,-1.419471428155821,0.829370372487867,-0.28325675235680287,0.542406953312736,1.339121780472951,-1.417139107414103,0.6114395253625862,0.20369686102287862,0.3521232309434095,1.0612488086181338,1.2503503422010733,1.417139107414103,-1.3391217804729518,-1.038102835155144,-1.535313186870074,-1.4375829780962672,-0.8708842928463041,-0.9209277891567239,-1.033144539371952,-0.7910682597479163,-1.3160312189511594,-1.5965304167638241,0.3620903820258042,-0.02767187758659086,-0.6060936743631827,-0.3477381696360611,0.0761328624983096,-0.3502454288142823,-0.28942660841731066,-0.8769950965056176,-0.7036964187794109,1
0.030604356373531493,-0.5916252045963298,-0.4445202009343899,0.5985369837740325,1,0,0,1,0,0,-0.6848257977108253,0.43603374242132564,-0.8094876978806327,2.4965308999706406,-0.7344913508946546,-1.5940314571960519,-0.5584864811241284,-0.17089798480623286,-0.14169991576436738,0.31843680619643566,1.310498150336287,0.005226333971024828,-1.6743989924486462,-0.5180750496994865,0.28151565464250666,-1.0470676642242382,0.38649498503815266,0.26067895425650034,-1.1820904200447964,1.179510982546407,0.2589345617038215,0.5165790503042573,-0.8584934918996018,-0.04694577016003427,-1.4492095165586092,-1.179510982546407,1.1820904200447957,-0.5646101035717058,0.11577027848446049,-0.3913578973966235,-0.8450432918569822,-0.6649035856248688,0.6051151385615076,-1.3619827281933365,-1.0945585420250417,0.07776919801113909,0.1400424443303771,0.35171115073279,-0.323273965644676,-0.6978274965312384,-0.6684841749419423,-0.826093121566285,0.2044646553166367,0.9600881112561845,-0.20882997275045564,0
0.8016122270906633,-0.35971531085317227,0.27967722576327125,-0.13478617003801185,1,0,0,0,1,0,-0.7479204827314877,0.9622659733348942,-0.8350740607153893,5.797727173081393,-0.8359652222306702,-3.740556393689274,0.8408073964198277,0.05269482996383528,-0.5863441711460395,0.44101196457653885,-0.2819407006465849,-0.31115165073380424,0.03843482289286058,0.6684272682579355,-0.951733332735555,-0.594903916298023,0.9675473483513959,0.9346596533520234,-0.04921092906325296,-0.3755669404878874,-0.5012785016381207,-1.025750867733165,0.20373106103810673,0.3636246758240066,1.2790499539162647,0.3755669404878874,0.049210929063252244,0.29881781872750485,-1.0850176963188372,-0.9554096800346926,-1.077612300760884,-0.6990401460957827,-0.024984737566746233,-1.1988643086375024,-1.3160312189511594,-0.6043528672675491,-0.5261013687559044,-1.0140677512169813,-0.2685346671830286,-0.127311556405765,0.025363519036474696,0.5697267771729232,-0.8656330827735822,-1.0996718489615938,0.16231986177126023,1
-0.5862019402001745,0.7998341578626126,0.5693561964423357,0.3052077222492148,1,0,0,1,0,0,-0.785777293743885,2.5060743413741475,-0.7711081536284979,0.9602160699778194,0.35708231377937705,1.1852711428675682,-0.5137647981781197,0.984249632411628,-0.04037209671043943,-0.9395234175888815,-2.0893170444952944,-1.489744200916246,1.6168604561239166,0.11317561162048899,0.4562665286820082,-0.7424037717501105,-0.19582000773152114,-1.7006698624420629,-1.5144873791279718,-0.529783266025729,0.8274861959121825,-0.8938357168780816,-0.6908541847856371,1.0750637565266252,1.055841372017346,0.529783266025729,1.5144873791279712,-0.007559831120602114,0.26586877533487285,-0.4004555067940112,-0.7029177864157086,-0.7331767065666972,-1.0646495331783645,-0.13859458152457876,0.7325910426154264,-0.4183195767369984,0.4731143508735179,-1.0140677512169813,-0.8159276517994943,-1.0090180093269512,-0.5838686025055501,0.2207718024881207,-1.0302635040182315,-1.32234860141757,-0.5181215015185524,1
-0.5862019402001745,-0.5916252045963298,0.5693561964423357,0.3052077222492148,1,0,0,1,0,0,-0.785777293743885,2.5060743413741475,-0.8478672421327675,7.001318452322473,-0.923865887798175,-3.48342059400519,0.7733111867722543,1.193741557692396,-1.2712744332214165,0.09998784503259847,-1.8626260614620247,-0.9649809190073122,1.8808730182062865,0.09490141497882863,0.5331880508668059,-0.9261977630697349,-0.26788701209064,-2.1113998109322827,-1.0705131521703464,-0.2543969704224406,-0.980483654030737,-1.104311666492703,0.8071353084459655,-0.400709303487464,0.36013413906156744,0.2543969704224406,1.0705131521703457,-0.11896988561082296,0.19081952690966666,-0.7643598826895395,-1.077612300760884,-1.1086788717467513,-1.442709458855317,0.2692014673650073,0.954063719541543,-1.1004416420156866,-1.1089772052064004,-1.317574173872486,-1.4910456661598026,-0.9312203811280227,-1.0069464646875115,-1.1116017372174867,-1.1125787146405561,-1.32234860141757,-1.4459960878228426,1
0.31330724230314594,-0.12780541711001567,0.27967722576327125,1.478524768348486,1,0,0,1,0,0,0.5139732176817596,-0.5140916336148853,-0.029103631420558513,-0.39498141847535856,-0.33941267264685554,-0.09012242356548801,-0.09529681704823045,-0.6449467279171406,0.8079103230036961,-0.19087796590394818,0.09245438545264054,-0.30585854408272,-0.5649852448600217,-0.2857660795552499,-0.46541600505615555,0.29596989971734883,-0.29662538806206634,-0.6772037092014359,0.010024599876957354,-0.4270968507160288,-0.15302155572529427,0.41896608754903336,-0.8070192707144667,-0.03626483968217026,-0.7813528441594876,0.4270968507160288,-0.010024599876958064,-0.3139374809687093,-0.4846237089171882,-0.18211288125669506,-0.0052107597040024186,-0.11871861809024475,-0.8126095827270634,0.2692014673650073,0.2896456887631914,-0.5423417704240322,-0.23268087965837572,0.25415551487923493,-0.350643614875499,-0.6941228475693842,-0.6612314115902519,-0.26867153862822435,0.9688201825239362,0.808986029232487,-0.8097392286427579,1
0.44180855408933456,-1.2615871198543382,1.0038746524609323,-1.161438585374874,0,1,0,1,0,0,0.03445361152472564,-0.4041934108053113,-0.24658771551598904,-0.2896671815417641,-0.25019237317776755,-0.08699207469976873,2.5101097175756277,-0.0017478811286191051,-0.523003561167021,0.9293285890297132,0.964367228081537,0.3213043937174397,-0.6740176435496067,2.4979638571448093,0.07452149538425556,-0.03926484122430589,1.376526132915816,1.6309859961368638,0.5061221547512287,-0.06374491962016399,-0.9944326116856114,0.077053019851746965,0.675506010094757,0.10947678166591653,0.3386157522402586,0.06374491962016399,-0.5061221547512293,2.666281476644696,0.26586877533487285,0.6002815269186915,0.48576825909312477,1.0589927181562884,1.0461850518512859,-1.0357458890816678,-1.3160312189511594,0.7598912632898273,-1.0257092285706153,-0.17942508891434333,-0.7338187041070253,-0.30883935553659736,-0.24540631275998087,-0.857816301083085,-0.8656330827735822,-0.9883334727336057,-0.8274130302866491,0
-0.3291993166277972,0.3102466044048362,-0.8790386569529866,-0.13478617003801185,1,0,0,0,1,0,0.3246891626197725,-0.4797847809917908,0.6361418022831113,-0.5431157297665685,0.146940213623823,0.05074327539187969,-0.0663673972282082,-0.30366205563430504,0.1779730358236292,0.9575260901354115,1.004281223724635,0.43183051202032546,-1.2390020342864787,-1.251412407271215,0.24103590199475503,-0.11136887179350022,-0.5106878636868128,-0.3586086865403366,0.6912331826893887,-0.09659134035763388,-1.1581110509953727,0.658250176472126,-0.3552100778823095,-1.7999453170694684,-1.6557263613732922,0.09659134035763388,-0.6912331826893894,-1.2052179168904753,0.11577027848446049,-0.2912841940253525,-0.3023822710812103,-0.47715250303484213,-0.08799472517957138,1.0847935651441794,0.7879592118469556,-0.4183195767369984,-1.2477571662660425,-0.02767187758659086,-1.554908181031724,-1.4628375071540325,-1.9207946470005486,-1.1116017372174867,1.0276167615398821,1.0714264874841732,-1.940862533851798,1
-0.04649643069818187,0.8771374557769975,-1.6032360836506476,-0.4281154315628296,1,0,0,1,0,0,0.3499270366280375,-0.4855995017753661,0.23955317834438508,-0.4534250334769687,-0.06985207462559628,-0.023043519300074828,0.5074669221732204,-0.8571401054707328,-0.22298582596841968,1.401057110385926,1.3919009260813455,0.48665496886879334,-1.330921283645853,-0.9603716418325692,-0.29220433063352735,-0.5934495315548393,-0.6036362754694764,-0.8998025744552912,-0.47959406901947754,1.1393948930391038,-1.665237137201648,0.8837278105208284,-0.2915304529897491,-2.4912931652347488,-2.6880214551917163,-1.1393948930391031,0.4795940690194761,-0.8988402670423681,-0.25947596364157,0.05442496307539909,-0.26362076959722697,-0.47715250303484213,0.1325402314653172,0.2692014673650073,0.5664865349208381,0.015758101167622184,-1.5808290728091832,0.5793409677244183,-0.5513543759015367,-0.6070635969658218,-1.4638705558440304,-0.9212626601166852,0.6983559190505837,1.5724491805101195,-0.9511296417938885,1
-0.020796168340944693,0.23294330649045036,-1.168717627632051,-1.161438585374874,1,0,0,1,0,0,0.47611640666936217,-0.5065324965962373,0.44424408102243734,-0.49798105679502797,-0.024082458729312188,-0.004708618800861887,-0.6363753393987154,-0.8942136381931536,0.9484294408376238,-1.2328053317876453,-0.24641642224860716,0.37602044578429705,0.6645009118768445,-1.2888056685528888,-1.5146705462003653,1.151730745502966,-1.939424089346861,-1.3439491549941134,-0.08286747959746427,0.595033997706013,-0.4028640379567752,-0.29002742100718165,-0.1391564914585651,-0.25765925885344043,-0.9917513539685618,-0.595033997706013,0.08286747959746356,-1.1495128896453646,-1.3101654415944555,0.7185504490847379,1.2609982887727984,0.2738518273252659,-0.34003467563087314,1.4110304042558486,1.6184817503198954,0.139780294854656,-0.5261013687559044,-0.482931511569848,-0.7155722712864762,-0.671894953798262,-0.7192535184037778,-1.1116017372174867,-0.20711139779498602,0.06938110143228039,-1.0129879475475077,0
1.0329145883058024,-0.6173929705677911,-2.617112481027373,1.478524768348486,1,0,0,1,0,0,0.1480240445619179,-0.4280337660179702,0.047655457083711085,-0.40655441154498434,-0.07319708606082104,-0.014994050788225242,-0.4832150201245339,-1.5319775979075596,0.08061924361607163,-0.2812887092615134,-0.18399961071631177,0.11057526511702795,0.4786098821259208,-1.4216217580407757,-0.48937790059392405,0.18219839098791468,-1.3077109321293499,-1.0935679538314642,-0.04921092906325296,0.19961827368027837,-0.7485454619351339,1.6124392933432043,0.07288260501319417,-0.9167008760578101,-0.8284477556953113,-0.19961827368027837,0.049210929063252244,-1.3444804850032512,-0.4846237089171882,-0.10023439668020068,0.007709740790658993,-0.5112890635057554,-0.30852968182446,1.0847935651441794,1.2309045656991897,-0.29429738304996345,-0.7759052986632599,1.2622304186993043,-0.4509989953885172,-0.3477381696360611,-0.6684841749419423,-0.5088613263982832,0.12214944469431245,0.23638866577426285,-0.9511296417938885,0
-1.8712150580620608,0.9029052217484598,-0.4445202009343899,1.7718540298733036,1,0,0,1,0,0,0.009215737516460692,-0.40303046664859626,0.06044863850108935,-0.4082903605054282,0.03607853437695611,0.00557681318650147,0.0731575000130514,1.5963427432457857,-2.0455234065187775,-0.2679665967996983,-0.6309165163950089,0.13440472766726094,0.5142818553239386,-0.18528204234697185,0.8113117863575319,-0.3658036910381106,-0.6038515493203459,-0.42495223229097523,-1.2246659564705729,1.3979208031972914,-0.2868589182205364,-1.378276175758009,2.4287015906311034,-0.23676327512308287,0.40533922646724124,-1.3979208031972914,1.2246659564705722,-0.3974950218363748,0.340918023760079,-0.9554096800346926,-0.9742482968035945,-1.1257471519822078,-0.37153966943728567,-0.9541866793037505,-0.5408768497097485,-0.6663639641110671,-0.10976148557697851,-1.1658209625447336,0.7897584364088047,2.051022033164225,1.8022905402007128,-1.206771275767887,-0.9479482933959068,-0.4316415915936655,1.275769365336409,1
1.3156174742354179,-0.7462318004251005,-0.15484123025532542,-0.4281154315628296,1,0,0,1,0,0,-0.0412600105000692,-0.3989601621000935,-0.08027635709007157,-0.36720623510825673,-0.0325365650461044,-0.023043519300074828,0.3570101727805569,0.6713309158699844,-0.10185345480777383,1.0778190451469454,0.8718909974305328,1.2385445149562202,-0.40517826747203556,-0.3328924976837021,0.3345062070152661,-0.46145091116361914,0.8131180532961428,0.39695845506758337,1.974331540726502,-0.26889098598050765,-0.8290535971754617,-0.5863217754193277,-0.32447657873005287,-0.6497900521313689,-0.745948328683156,0.26889098598050765,-1.974331540726503,-0.3417899945912644,0.26586877533487285,-0.10933200607758836,-0.3282232720705331,7.593435579547688e-4,0.1325402314653172,1.0847935651441794,0.17890935030013266,-0.5423417704240322,-0.9146852597229018,-0.7864379342253526,-0.9254062487227878,-0.9312203811280227,-1.0915620371239039,-0.635754044465484,0.4514102871836102,0.3477270420022505,-1.0748462533011267,1
-0.5348014154856993,0.5163887321765315,0.5693561964423357,-0.4281154315628296,1,0,0,1,0,0,0.097548296545388,-0.4193116848426072,0.09882818275322415,-0.4215993025354979,-0.002463908699471738,0.0033408497109876974,1.5196696938830214,0.9019817039040944,-0.3293176510637879,2.09887910893891,2.178620508930124,1.3627670218724324,-1.275492590564823,1.313197825937477,2.0869605472423007,-1.1768066791682403,1.2579335347471603,0.7584785599231968,0.01898787070343759,1.839819742653732,-0.8010059074676478,0.8526730669291507,-0.7323889605497746,-1.588104907911702,-2.0918066737586765,-1.8398197426537313,-0.0189878707034383,1.7819641691285686,2.7237316612603726,1.3553831069019124,0.4276260068671489,0.9480488966258181,2.077973599011301,0.08569324536469386,0.08201505414495645,1.457516102779395,-0.7759052986632599,0.7310941790521709,-0.14080963743918734,-0.4903671546674297,-1.0407926936620688,-0.3819686083310823,-0.20711139779498602,0.9044189231421907,-0.3944048900113141,0
-0.6376024649146498,0.38754990231922204,-0.15484123025532542,-1.6014324776621007,1,0,0,1,0,0,0.3877838476404349,-0.49141422255894146,0.48262362527457214,-0.5026102540228783,0.0408680747342257,0.01049593283263177,0.8609317241527902,0.5306681291382399,-1.1294749084952314,1.04885664989741,0.6239366615704633,-1.1140953961000748,-2.0051717430529457,-0.4996122243625827,0.8748009457708555,-0.7299035867303406,-0.7727218649616233,-1.3086892134363601,-1.344988124630379,-0.18555039652161812,-1.6963531676681458,0.14799772229564648,0.8105473245159642,-2.183155441344095,-2.088828519175031,0.18555039652161812,1.3449881246303783,-0.6760201580619267,0.340918023760079,-1.073678602200739,-1.232658306696819,-1.4159079159849774,-0.8126095827270634,-0.6279498401920818,-0.04256332662598434,-0.9764194483286528,-1.549989081462596,0.49503362809788926,1.0381126609107216,1.3537247730108688,0.21715881655896382,-0.47008855143330586,3.3598810625057447,3.539427160537908,0.4372456651206797,1
-1.9740161074910114,0.4133176682906843,1.0038746524609323,-0.13478617003801185,1,0,0,1,0,0,-0.05387894750420167,-0.3797715835142949,0.15000090842273722,-0.43085769699119847,0.14820944417876245,0.04090503609961909,-0.09754394427068683,-0.15445877839211586,0.5644223068689463,-0.38375847375509997,-0.0518033830281245,0.07897885103612873,0.3023463657474783,-0.3999673668450973,-0.45468633391243835,0.7867199112325788,-0.2934426873952921,-0.2058271821051714,0.23506672098463585,-0.12541857881077315,-0.2640054512886197,-0.24349526713164366,0.018993438060679137,0.22746019431204664,-0.13360324725811398,0.12541857881077315,-0.23506672098463727,-0.2582324537235989,-0.25947596364157,0.6184767457134681,0.9638267773955896,0.785900234388976,-0.30852968182446,0.8401159358104279,0.7879592118469556,0.38782468222872474,-0.10976148557697851,-0.02767187758659086,0.6802798394855113,0.585833368751077,0.65151875506577694,0.12560226393772106,0.5337254978059351,0.514734606344233,0.6571863078002155,0
-1.2544087614883548,-0.2566442469673251,-1.168717627632051,-0.8681093238500562,1,0,0,1,0,0,-0.23054406556205628,-0.2937137159173798,-0.2721740783507456,-0.24337520926326098,-0.03931599837000361,-0.03780087823846573,0.44775583068093966,-0.2100986067343721,0.1753934745344093,1.6156850462994907,1.787105200058212,1.5419431022010037,-1.3236135540132565,-0.9499932631623941,0.1319600674378339,0.6599539885096711,-0.13192555025848715,0.11552675851874875,0.1590389773671773,1.945293563593951,-1.5718374572699674,0.4205616299773951,0.4234213573274814,-2.3135013795915134,-2.2105348910426477,-1.945293563593951,-0.15903897736717798,-0.9545452942874786,-0.03432821836595151,-0.44594355378095224,-0.05689276168264715,-0.10165033785478751,-0.6865896075014126,-0.6279498401920818,-0.762349526635866,-0.6043528672675491,-1.497561096173398,0.19995793940503753,-0.49661507743988936,-0.21807545597118072,-1.0915620371239039,-1.0798785577006862,-0.4540570296619595,0.6260729825722207,-0.9511296417938885,1
-0.3291993166277972,0.20717554051898904,-0.8790386569529866,-0.13478617003801185,1,0,0,1,0,0,0.3246891626197725,-0.4797847809917908,-0.4001058925245282,-0.13343177510181614,-0.62894144698481,-0.2658691527408706,0.0902502948373038,0.8589457823422171,-1.7216791373074158,0.9814250423249449,0.432584310229159,1.1647663127185834,0.04210794136487319,-1.1812231890942047,-0.05643408731201393,-0.20846888254569984,-0.45951972822738635,-0.23073633118307152,1.0833762813478618,0.5141229242844115,-1.305759524521675,-1.2354644723364236,2.1441019349957178,-1.7814938124151087,-0.7876499077493259,-0.5141229242844115,-1.0833762813478625,-1.17736540326792,-0.25947596364157,-0.6369933511261053,-0.6383152839424023,-0.767313267037611,-0.18250970659880966,0.8401159358104279,0.34501385799472056,-0.9144083514851348,-1.192245181842186,-1.0899443568808573,0.37921369794645543,1.4805060930387524,0.5161338391675497,-0.9529858396334858,0.5337254978059351,0.9044189231421907,0.10046155601764112,0
-0.04649643069818187,-0.05050211919562982,2.8867879618748513,-1.6014324776621007,1,0,0,1,0,0,-0.48292280564470574,-0.03786600144006476,0.34189862968341117,-0.4806215671905893,0.7859330853644614,0.3423129125988757,2.1084511957192515,-0.014989216638661408,1.8498642323345447,0.9946386938556725,1.6603355368045496,0.5908026020072108,-1.5879558568706265,2.211933701831609,-0.32074876379697725,2.1428437755579313,0.857944419643918,1.6144655961735228,0.7837886966584708,0.02843219803499119,-0.7217146205902296,-0.3007459001186113,-0.3754750370501311,-0.4929697063483895,-0.5823060899483563,-0.02843219803499119,-0.7837886966584715,2.4156088540416993,-0.10937746679115769,0.6730624020977969,1.7778183085592476,2.1342943729900803,-0.7811045889206503,-0.9541866793037505,-1.3160312189511594,0.8839134569768611,-0.7481493064513315,-0.4070549059059717,-0.42362934615769415,-0.5422322401333817,-0.685407289429221,-0.1916295312302808,0.2044646553166367,0.23638866577426285,-0.5181215015185524,1
-0.4063001036995106,0.9029052217484598,0.27967722576327125,-0.13478617003801185,1,0,0,0,1,0,0.021834674520593164,-0.4041934108053113,-0.2210013526812325,-0.303554773225315,-0.21371013047827245,-0.07625945001730262,0.6286461820797415,-0.4565671178189793,1.0789971746048301,0.06070422619968149,1.0790285761413538,-0.07901221570266695,-0.5846024298441926,-0.14596836989222509,-0.9470547521453039,1.505341916249255,-1.1378171693126369,0.038407560668585035,-1.1334326641296226,1.0163614779638186,-1.0199976944301776,-0.3220859629211763,0.037698166905407504,-1.210247521336744,-1.3652924878816424,-1.0163614779638186,1.133432664129622,-0.3696425082138195,-1.0850176963188372,-0.973604898829468,-0.1473362651452761,-0.5795621844475838,-1.033144539371952,-0.7910682597479163,-0.3747723420151606,-0.790386157798101,-0.9701972441467586,-0.3311783002420958,-0.0951935553878152,-0.06248019957332482,-0.5330992590437151,-0.5405845059150832,0.12214944469431245,0.7374113588002092,-0.08511336124321738,0
0.544609603518286,0.23294330649045036,-0.15484123025532542,-1.161438585374874,1,0,0,1,0,0,-0.2810198135785862,-0.2390553405517716,0.44424408102243734,-0.49798105679502797,0.5421683849785588,0.20100002094640523,0.2080496701602922,0.4474690877279564,0.2274597907186596,-0.29268598414109254,0.4248488106877899,0.9756077404966443,0.5399611402553661,-0.13147601753751612,0.25023252116504185,0.3282083963462243,-0.4353289367168439,-0.1057158427597084,0.6417267449849983,0.6941558255444424,-0.4206674184372217,-0.36348791931970303,0.018872632170373493,-0.03626483968216796,-0.6555352058101948,-0.6941558255444424,-0.6417267449849989,-0.007559831120602114,0.41596727218528484,0.527500651739586,0.6278937645343975,0.4103980692089227,0.29006520049738066,1.166352774922097,0.8986955503100138,0.38782468222872474,-0.49834537654397587,-0.482931511569848,-0.49661507743988936,-0.41256952646850126,-0.39771434314548676,-0.9529858396334858,-0.6186874509066087,-0.3759724034796717,-0.7036964187794109,0
-0.09789695541265715,-0.6173929705677911,-0.4445202009343899,1.478524768348486,1,0,0,1,0,0,-0.07911682151246661,-0.36930508610385926,0.047655457083711085,-0.40655441154498434,0.09951131616988085,0.03017241141715298,0.9972449718557674,-0.9268554929907882,-1.1753713880384558,1.3860564721089004,0.5031333064783562,-0.6573791892451407,-0.3072408414283159,0.6322498522130853,0.31779053969942933,-1.749166460820231,0.7364130734089606,-0.3326116863282861,-1.2778853770027954,0.37080434932556694,-0.7549568062411394,1.5904938380057374,-0.1509715415307716,-1.1422582751644632,-0.9788285139487903,-0.37080434932556694,1.277885377002794,0.49378541408539117,0.19081952690966666,-0.2730889752305771,-1.1034533017502068,-0.801449827508525,0.5736101447550955,-0.13859458152457876,0.5664865349208381,0.3258135853852078,-0.7759052986632599,1.2622304186993043,-0.41450612974742024,-0.4255357978349895,-0.8207922053274488,-0.28679906978068154,0.03983423407198747,0.23638866577426285,-0.9511296417938885,1
-1.8712150580620608,-0.23087648099586283,-0.4445202009343899,0.3052077222492148,1,0,0,1,0,0,0.009215737516460692,-0.40303046664859626,3.271537174263034,-0.7317555168014686,1.0241434662570705,0.2555575297489413,0.1446858705700962,2.5838867151207503,-1.5502205406770897,-0.12224266541148511,-0.4017642567059802,-1.1093376579204608,0.03378133887263924,-0.32808432702997486,1.9079427216785894,-0.862729889861814,-0.46560930610155554,-0.678162779175248,-1.6577619304569258,0.13114384342216406,-0.5290072189409668,-1.635130471911016,1.2522430738433892,-0.2965482631454653,-0.1397807496800259,-0.13114384342216406,1.657761930456925,-0.5367575899491508,1.1664597564373458,-1.06458099280335,-1.2843403086754637,-1.3647030752786062,-0.37153966943728567,-1.1988643086375024,-0.6516131881728072,-0.790386157798101,-0.7481493064513315,-1.6969572021918669,-1.3541974200056863,-0.62002986833231,-0.685407289429221,-1.8095116865870906,-1.0302635040182315,-1.0996718489615938,-1.6934293108373202,0
-1.1516077120594044,-1.6223358434548052,-0.4445202009343899,0.3052077222492148,0,1,0,1,0,0,0.2363566035908452,-0.4565258978574894,-0.19541498984647596,-0.3122345180275343,-0.3347823335733923,-0.10979890215000922,-0.5793084536402481,-0.14173726753612217,0.45768425376049954,-0.460614325319946,-0.009811776302939165,0.18548068986526975,-0.08487546497906116,-1.080746761184393,1.375154286147935,-0.352486076317718,-0.9521186826912612,-0.7613548478985777,-0.7046860443852642,0.9518725779243598,-0.274326923006676,1.5721382237322878,-0.9798842204755606,-0.3218443503362724,-0.7305590335409027,-0.9518725779243598,0.7046860443852634,-1.2330704305130304,0.340918023760079,-1.874268229170901,-1.7236373254939452,-1.9108880428132304,-1.1276595207911904,-0.709509049969999,-0.4855086804782194,-1.7825637072943747,-0.47058938433204756,0.9587239960437993,-0.9618991143638861,-1.2553771652902237,-1.277716296483967,-0.3502454288142823,-0.37174181903963527,0.06938110143228039,-0.9511296417938885,0
0.5189093411610479,-0.978141694168258,-0.4445202009343899,-0.8681093238500562,1,0,0,1,0,0,0.11016723354952047,-0.4262893497828976,-0.579210432367824,0.07488210015144776,-0.8186411393197116,-0.38571679502840883,-1.0800886549493227,0.36948189455756436,0.8001404328720687,-1.8728317199046913,-1.3447118906355362,-0.1033531833096302,1.2243576746098004,-0.9505429650974861,0.6600449681147752,-0.45014866716016844,-1.4812942482767313,-1.7741769332268693,-1.2817794809441767,1.1302918680335317,0.5521182361608323,0.15409306375677476,-1.5461747749232937,1.0612488086181338,0.016052856612863622,-1.130291868033531,1.281779480944176,-0.9823978079100336,0.340918023760079,-0.6551885699208807,-0.7675202888890147,-1.2452251136304073,-0.6865896075014126,-0.05703537174666111,0.6772228733838963,-0.8523972546416179,0.6951622885689447,0.35171115073279,0.6072941082033162,-0.3477381696360611,0.0761328624983096,1.2041903675089267,-0.4540570296619595,0.06938110143228039,1.0283361423219313,0
0.9558138012340891,1.7532414988067013,-1.168717627632051,-1.8947617391869185,1,0,0,1,0,0,-0.34411449859924853,-0.16869721907050997,0.35469181110078946,-0.48177886649755186,0.5747742126568172,0.24258894159096142,-0.5311216840486611,-1.2391509417636906,1.8065358777719118,-1.409147998927709,-0.5350607938300348,0.2863540810306116,0.9123676670369661,-1.7032026804625158,1.1461934122779618,2.559840379594443,-1.7144493459657022,-1.095062766972731,-1.1515885432024495,1.5326843095563485,-0.9632824194881294,2.8490049545083638,0.10279764720296568,0.20364941221441615,-0.3735104181779755,-1.5326843095563485,1.1515885432024489,-1.6508581348513582,0.41596727218528484,-1.3738997123145495,-0.08273376267196997,-0.7502449868021539,-2.4823742544669356,-0.6279498401920818,-0.1532996650890431,-1.4104971262332722,-1.1089772052064004,1.5657368413548085,-1.591401046672821,-1.3072422507561756,-1.159254495073018,-1.6191726094862895,-1.6064699783745033,-1.266679413303576,-1.6934293108373202,1
0.8016122270906633,0.8513696898055362,-0.15484123025532542,-0.8681093238500562,1,0,0,1,0,0,0.5896868397065544,-0.5390949329842593,-0.11865590134220637,-0.34811079654337423,-0.45033450886511367,-0.1455743177582296,0.527184924416444,1.0637397227322605,1.457655729600261,0.3606537867697588,0.49104352507974264,-0.056073291291289185,-0.6025202956213532,-0.005010401875052148,1.0690669207278654,0.38824388499499785,-0.20127045343935482,-0.2084995218146526,-0.8569681418843172,0.7734532878151856,-0.7380698050228168,-0.38904838017610605,-1.6025165517971185,-0.6867963347870348,-0.8419398338470332,-0.7734532878151856,0.8569681418843165,-0.11896988561082296,0.7912135143113154,-0.4277483349861756,-0.173177266134598,-0.23819657973844427,-0.6865896075014126,-0.5463906304141645,-0.2086678343205727,-0.046252995675895824,-0.8036612908751883,-0.5588081172337243,-0.6882026220556532,-1.333174793489152,-1.4638705558440304,0.47455723862252236,-0.28942660841731066,0.06938110143228039,-0.9511296417938885,1
0.2105061928741954,-1.2615871198543382,-0.15484123025532542,-1.161438585374874,1,0,0,1,0,0,-0.38197130961164594,-0.13671625476084556,-0.24658771551598904,-0.2896671815417641,0.17807456053538515,0.11871656504749839,-0.17761009739964304,-0.9095926583677787,1.1547371228825822,-1.691949483603443,-1.1005257879230892,-0.7786026239672047,1.2180969123005336,-1.2310759478379838,-1.3147384803071094,2.159867195073771,-1.7984189363511307,-0.8431867526688122,-0.5252107151899527,-0.5410235229891278,-0.9831054178109276,-0.06863167855840126,0.5918939033478152,0.5024331647377213,0.6075296726161669,0.5410235229891278,0.525210715189952,-1.1216603760228097,-1.1600669447440433,0.391036510778763,1.5064877981713616,0.5469443110925782,-1.0016395455655394,0.4323198869208419,0.7879592118469556,0.07776919801113909,-0.9979532363586869,-0.2553016945782196,-0.5878472415426337,-0.21807545597118072,-0.008482709938082702,-0.7309235830158842,-0.8656330827735822,-1.1553410370755877,-0.76555472453303,1
-0.09789695541265715,0.23294330649045036,-0.4445202009343899,-1.161438585374874,1,0,0,1,0,0,-0.07911682151246661,-0.36930508610385926,0.44424408102243734,-0.49798105679502797,0.33800048040491076,0.1008288572433882,0.6039467078901751,0.226334446686987,-1.2887400068442374,0.18875980674684348,-0.10377261101058917,-0.7169983216942908,0.6726743780334883,0.5353220531636216,0.41420258579213853,-1.91438572441459,0.4373676294985965,-0.39896204092862503,-1.118227115406131,0.13114384342216406,-0.3049151110005075,0.10428792657440128,-0.16202226797934807,0.1786839334481811,-0.25459930462884706,-0.13114384342216406,1.1182271154061303,0.27096530510494976,0.11577027848446049,-0.7006766169078218,-1.4910683165900436,-1.2793616741013212,0.4790951633358572,-0.05703537174666111,0.5664865349208381,-0.23228628620644656,-0.4150773999081907,-0.1035484832504671,-0.5787240251323598,-0.5681647828663581,-0.4654068010946016,-0.635754044465484,-0.5363722402842841,-0.5429799678216537,-0.76555472453303,1
0.9558138012340891,-0.23087648099586283,-1.168717627632051,1.0385308760612593,1,0,0,1,0,0,-0.34411449859924853,-0.16869721907050997,-0.3361399854376369,-0.21444272658919655,0.021620741130742083,0.03598591645348879,-1.5565644687899285,1.592311705591952,2.0241511430489574,-1.4262625402167461,-0.687450414881027,-0.8399281737411464,0.30717871459541607,-1.7438217828997553,1.3780097267167668,2.4716244659346023,-1.722518145158915,-1.1553360034574909,-1.0618771407249559,-0.09240503183227083,0.42203460618470934,-0.8050378938096969,-0.28333819630315515,0.21876917019867367,-0.23424153157674243,0.09240503183227083,1.0618771407249543,-1.6787106484739132,0.641115017460903,-1.2738260089432798,-0.018131260198663828,-0.6990401460957827,-2.41936426685411,-0.5463906304141645,-0.09793149585751397,-1.3484860293897554,0.1400424443303771,-0.9381911455531051,-0.8068044353892204,-0.8145239388296306,-0.685407289429221,-0.6992004034990842,-0.04248097655033679,-0.09762646290970158,-0.7036964187794109,0
-0.09789695541265715,-0.05050211919562982,-0.4445202009343899,2.9451710759725747,1,0,0,1,0,0,-0.07911682151246661,-0.36930508610385926,-0.5024513438635544,-0.03506133400999707,-0.5129993634100525,-0.2569252988388155,-0.936710545249217,1.1763422627280224,-3.367979219754282,0.14415343283143553,-1.4067498847603992,-1.2318784266441616,1.5202759158788832,0.8608645350814692,1.0690669207278654,-2.3492176782419856,1.0348626820934306,-0.16908351876936864,-0.974766068754056,-0.7133741297612541,2.162684515427936,-0.543598900122088,2.2434032124318706,0.8314101331377237,1.6637666004797553,0.7133741297612541,0.9747660687540554,0.4102278732177254,0.491016520610491,-1.0827762115981268,-1.956206334397848,-1.5695224381040902,0.3845801819166189,-0.46483142063624716,-0.04256332662598434,-0.728375060954584,2.055205906953436,-0.482931511569848,0.10551720563822252,1.2600794798084554,1.582290051866092,-1.0798785577006862,-1.1948939252628807,-1.545025353873546,0.40975308478573785,0
-0.9717058755587404,-0.5658574386248675,-0.8790386569529866,0.5985369837740325,1,0,0,1,0,0,-0.5586364276695006,0.07261369344786675,-0.3233468040202586,-0.2167573252031217,0.4143599156901133,0.22335965570154298,0.49550514838840437,0.7593104860603346,-1.2292305061646733,0.8880648988915286,0.1111693025962495,-0.8662702848940429,-0.32954805412989513,0.6234714085322188,0.6559887284907573,-1.9324935888669532,1.0464284990630721,0.09596872750445591,-0.5252107151899512,-0.6605917564372907,-0.06604668550091719,-0.3850223638696859,-0.2615704064472204,-0.16209779821913317,-0.05083075438805295,0.6605917564372907,0.52521071518995055,0.605195468575612,0.641115017460903,0.09081540066495114,-0.9354867953196102,-0.5283573437412127,1.2667200084961745,-0.5463906304141645,-0.3747723420151606,0.015758101167622184,0.27882240539001907,0.04820472807728505,1.464876450769113,1.078551680677623,0.9392117013495113,1.3945294446097283,0.8629863402952329,0.5704037944582268,1.0283361423219313,0
0.8016122270906633,-0.23087648099586283,-0.15484123025532542,1.0385308760612593,1,0,0,1,0,0,0.5896868397065544,-0.5390949329842593,-0.3361399854376369,-0.21444272658919655,-0.6786717277802643,-0.24887583032696592,-0.8480180622187721,0.7691117212284604,0.42543550271008196,-0.5161360710982009,0.16232724397894224,-1.2496943472306627,-0.7815501703828537,-0.7009273512702797,0.5146168205286737,0.30388019345733314,-0.3581817365218536,-0.0189705239488429,-1.4375436385994584,-0.2786957612109654,0.47883140794948376,-0.5400981406711486,-0.2762142960479053,0.3420996551147595,-0.22955439162918626,0.2786957612109654,1.4375436385994576,-0.8431352397972577,0.04072103005925432,-1.110069039790291,-0.806281790372998,-0.8867912286858101,-0.8126095827270634,-1.4435419379712537,-1.0945585420250417,-0.8523972546416179,0.19555442875423396,-0.7105613285614767,-0.7794347861583975,-0.7885913960966542,-0.6177148314801074,-0.7626467625326843,0.03983423407198747,-0.09762646290970158,-0.7036964187794109,1
0.6217103905899984,-0.05050211919562982,0.27967722576327125,2.9451710759725747,1,0,0,1,0,0,-0.571255364673633,0.1598345052014969,-0.5024513438635544,-0.03506133400999707,0.17807456053538515,0.1500200537046912,0.17453164671244117,0.5012368682715793,-1.3661530697269977,0.44477583691641254,-0.03924064189466436,0.7980472959386391,0.7013453298181712,2.347596627608318,0.2877490214482126,0.175731269643166,1.2742308779681664,1.3700368576083417,1.1393967240133565,-0.04159846927444537,2.1030003860939184,-0.3997026791024786,2.044169991247902,0.6626420653079496,1.388589091728637,0.04159846927444466,-1.1393967240133573,2.1927887450612573,0.26586877533487285,0.00893691608845806,0.09815324425328795,0.615217432034406,0.19555021907814235,-0.22015379130249568,-0.7069813574043363,0.015758101167622184,2.16622987580115,-0.2553016945782196,0.4339529964081015,1.4805060930387524,1.7176749677643206,-0.826093121566285,-1.277209135885205,-1.4336869776455579,0.7190446135538346,0
0.8016122270906633,-0.5658574386248675,-0.15484123025532542,0.5985369837740325,1,0,0,1,0,0,0.5896868397065544,-0.5390949329842593,-0.3233468040202586,-0.2167573252031217,-0.6628088600252438,-0.24708705954655488,-0.40378995058070777,0.516968979506638,0.39204484187877836,0.05942473437244198,0.06127580859767618,-1.470201219145101,-0.6205259346740158,-0.6256654244295038,0.736267012809709,0.10335100522501581,-0.3170236059718558,0.022885926762650475,-1.19191554383536,-0.8230517886162441,-0.06367776447941051,0.02801998219914013,-0.43208063931004326,-0.3946341632766367,-0.05731789911930739,0.8230517886162441,1.1919155438353592,-0.7317251853070371,0.340918023760079,-0.8098479296764806,-0.6383152839424023,-0.71610842633123994,-0.43454965705011084,-1.2804235184154193,-0.983822203561983,-0.6663639641110671,0.16779843654230542,0.35171115073279,0.9904691974348425,0.585833368751077,0.38074892326932136,1.3945294446097283,0.7806711296729086,0.4033962301162448,0.5953280020465953,1
-0.04649643069818187,0.7998341578626126,2.8867879618748513,-0.13478617003801185,1,0,0,1,0,0,-0.48292280564470574,-0.03786600144006476,0.5849690766135982,-0.5338573353108679,0.9071173261004724,0.3834546405483291,1.4823890539099263,-1.0384062579616498,1.159451160386805,0.6593634587157924,0.7471516324360874,0.45244950313124394,-0.501257650731249,1.6303338537679777,-0.2576106804910019,1.8127546491039699,0.750668309484079,1.294409338395959,-0.27639264516917894,0.8912100192872406,-0.43228768776525667,1.1671764527828536,0.23663502286502056,-0.14640764832176142,0.29240506796958854,-0.8912100192872399,0.27639264516917894,1.6078859589875987,-0.18442671521636386,0.19998671343360988,1.1317932838261862,1.434494883336343,-0.9386295579527137,-1.3619827281933365,-1.4267675574142176,0.38782468222872474,-0.5261013687559044,0.8069707847160468,-0.5878472415426337,-0.38663698373552574,-0.4146374576327655,-0.2550758902638815,-1.277209135885205,-1.0996718489615938,-0.5799798072721716,1
0.5189093411610479,-0.8235350983394863,-0.4445202009343899,-0.4281154315628296,1,0,0,1,0,0,0.097548296545388,-0.4262893497828976,0.03486227566633282,-0.4036611632775779,-0.04788034002636778,-0.01588843617843075,-0.8503358284343541,-0.2238477106779188,0.9180600524233289,-0.3201669369067781,-0.36092110015794926,0.2743206134015004,0.8060691927315073,-0.9047974786146327,0.4306144192475303,-0.2515631733071541,-1.3021819820594744,-1.4779369329135876,-1.2778853770027954,1.6415317570001997,0.27834968917889624,0.7386180800857358,-1.5078155753702445,-0.8586964864778692,-0.9737026512428044,-1.641531757000199,1.277885377002794,-0.9545452942874786,0.11577027848446049,-0.7370670544973751,-0.7416792878996918,-1.1598837124531223,-0.7495995951142377,-0.13859458152457876,0.5664865349208381,-0.790386157798101,0.6859102911649686,1.33810702436318,1.5500264705983389,0.3740509364317725,-0.008482709938082702,2.261629684735599,-0.06991938009111154,0.9415317152181866,1.9149718581238089,1
0.9558138012340891,0.026801178718756015,-1.168717627632051,-0.4281154315628296,1,0,0,1,0,0,-0.34411449859924853,-0.16869721907050997,-0.438485436776663,-0.11202173792300846,-0.12126786436098712,-0.04316719057969878,-1.755445860851412,0.8610951985443114,2.508001810833543,-1.0226991569418802,-0.8169527451964262,-0.3259761419993172,0.7207234736612738,-1.7120750467544177,1.5124206725472642,2.4963742678801406,-1.9373424154903842,-1.268943498495315,-0.8901438845537553,0.43824128821613356,0.7303049878521177,0.33322964474460487,-0.9199071041645389,-0.5394349939877908,-0.17679776666487795,-0.43824128821613356,0.8901438845537545,-1.6508581348513582,0.7912135143113154,-1.1828499149693978,0.08523274375862654,-0.6990401460957827,-2.324849285434872,-0.38327221085833024,0.012804842605544792,-1.3484860293897554,0.6396503041450882,0.27583454506891375,-0.08607033897753999,-0.5422322401333817,-0.7023304039164997,0.9504049313745251,-0.37174181903963527,-0.2089648391376897,-0.1469716669968365,1
-0.9460056132015023,-0.02473435322416849,-0.8790386569529866,-1.161438585374874,1,0,0,1,0,0,-0.5460174906653681,0.07261369344786675,0.4954168066919504,-0.5014529547159157,0.994511234785791,0.44337846169209827,1.665723382086351,2.0409347125721493,-2.5493823133501397,2.3013828353458585,1.2342480272217962,-0.4495694855574471,-1.5331445387420113,0.9442266914435213,1.1900850690617406,-2.13757469540473,1.3295982512031586,0.46618379111619695,-0.5940660301642549,-0.023971702672748577,-1.3727687263874508,-1.6090458466494468,1.3370346051986977,-1.7906128717480922,-1.1494451471638725,0.023971702672748577,0.5940660301642541,0.577342954953057,0.7161642658861095,-0.8098479296764806,-1.6719553235153006,-1.1940202729240363,0.8256500952063961,-1.0357458890816678,-0.9284540343304539,-0.6043528672675491,-1.2200011740541141,-1.3934507795363622,0.8718673841012752,1.5064386357717279,0.5330569536548284,-0.3502454288142823,1.439192814651505,1.5724491805101195,0.34789477903211874,1
1.1614159000919912,1.5213316050635446,-0.4445202009343899,3.2385003374973924,1,0,0,1,0,0,2.898952311462797,-0.7269104142937428,0.34189862968341117,-0.4765710196162203,-0.7663864481017427,-0.1907407799636078,-1.1541395276447637,0.29866433612013615,-0.8868141138385226,-0.35844323275736767,-0.9308673220571274,-0.37762787544528076,1.2389117680245731,0.8421670197844727,0.2608342115979449,-0.11768884062418507,1.7493731526624705,0.8094302370434987,1.509993498569716,-2.0126325500434374,2.4463424712785726,-0.14862818706040234,1.0940386671071511,2.2188821552134077,2.0004241924602413,2.0126325500434374,-1.5099934985697168,1.3293608227620468,0.7912135143113154,1.5464329042470641,1.2351572877834756,2.014816411341881,0.6051151385615076,1.166352774922097,0.4557501964577793,1.3800022317249987,2.33276582907272,-0.1035484832504671,0.12376363845877164,0.6765972683164937,1.6161362808406496,-0.7626467625326843,-1.0302635040182315,-1.712032918215528,0.40975308478573785,0
-0.14929748012713334,-0.10203765113855341,1.4383931084795292,-0.4281154315628296,1,0,0,1,0,0,-0.7226826087232228,0.7471213043426065,2.0817713024468554,-0.6860421941764467,2.12208066405651,1.1047764577490724,0.6951107096574431,0.1522604790124957,0.35762863400176387,0.7283108982922273,-0.21726740975539485,-1.2524818722203879,-0.18970183313478278,0.92901772986967,0.058547944366474015,-0.9354181560034991,1.5903852207295672,0.8835055077986919,0.5174554829923397,-2.2214419390173585,-0.038304793245730474,-0.15033024043278495,-1.4288953587110227,0.5930977239301418,1.1450294415346183,2.2214419390173585,-0.5174554829923405,0.438080386840281,-0.3345252120667762,-1.155557086777232,-1.3877043126327533,-0.8185181077439823,-0.30852968182446,-0.8726274695258333,-1.149926711256571,-1.1004416420156866,0.22331042096616224,0.19995793940503753,1.1090710107684099,0.09311505682453199,0.3299795798074865,3.1075811385169376,1.0276167615398821,0.013711913318286572,1.0901944480755505,1
-0.5862019402001745,-0.05050211919562982,-1.168717627632051,0.3052077222492148,1,0,0,0,1,0,-0.356733435603381,-0.14834569632799627,0.57217589519622,-0.519969743627317,0.7002401708572829,0.2877554037963396,-0.938416725936599,0.9521376367324703,-0.12365401251702432,-0.6426877362333873,-0.9948564236222737,-0.44798162785448153,0.4966632578561287,-1.2011292018640773,1.0236004159506933,-0.3277699750305173,-1.0414247422773169,-1.4928320416876928,-0.0741697193470499,-0.5374328853480426,0.10473715498189355,-0.28141836112291807,-0.16033803734506716,-0.16442927854260087,-0.16409785776527874,0.5374328853480426,0.07416971934704919,-1.0659553487776992,1.2415090048625523,0.6548671833030202,0.369483754641173,-0.08458205761933026,0.038025250046078915,0.9216751455883455,1.0648000580046022,-0.046252995675895824,0.029018475482663446,-0.3311783002420958,-0.22291858513165644,-0.2699405414371327,-0.3130987707090945,-0.0647368131630805,0.36909507656128593,0.1250502895462747,-0.5799798072721716,1
-0.3034990542705592,1.1863506474345409,0.5693561964423357,-0.13478617003801185,1,0,0,1,0,0,-0.43244705762817587,-0.09426879304074558,-0.2210013526812325,-0.3041334228787963,0.28248062895768555,0.16254144916756835,-0.5717702850967146,0.19899178883129193,0.5752445147533051,-1.2134099091600132,-1.2902346158917295,-0.6321585842367,0.7974973114118113,-0.9958173889060292,-0.5401117274173934,-0.4051315226222398,-0.9604458128467075,-1.2764076320646802,-0.871666255725209,0.002319067851812721,-0.19994850177755583,-0.8141945468926881,-1.1934966319733396,0.6868768773912873,0.4312045710205234,-0.002319067851812721,0.8716662557252083,-1.038102835155144,-0.7097714541928067,-0.7916527108817039,-0.8579637923516437,-1.1428154322176651,-0.7180946013078251,0.02452383803125581,0.5111183656893089,-0.8523972546416179,-0.44283339212011924,-1.0140677512169813,-1.1078705769282764,-1.4628375071540325,-1.159254495073018,0.09387908442092041,-0.5363722402842841,-0.5986491559356475,-1.198562864808365,1
-0.4063001036995106,-1.6223358434548052,1.0038746524609323,0.3052077222492148,1,0,0,1,0,0,-0.7479204827314877,1.0233205415624351,-0.13144908275958464,-0.3469534972364116,1.369200118078025,1.0551380685926666,0.5115792273864105,-1.1264381487749888,0.7678608979346443,1.3485338721906652,1.3795594715655601,1.4477371955901734,-0.7055432400582389,0.48618991442979875,0.2559387928756292,0.31440848767294083,0.7810234359702188,0.7198364882524898,1.2718086794045298,0.7131765006161427,-0.2255681350027459,1.802465574392699,-0.7337413622966645,-1.0473327915511466,-1.090714652316917,-0.7131765006161427,-1.2718086794045305,0.4102278732177254,0.19081952690966666,-0.11842961547497735,0.05939174276930372,0.3762615087380082,-0.2770246880180474,0.35076067714292497,-0.2086678343205727,-0.4183195767369984,-0.4150773999081907,1.1863538130354276,-0.8889133830816909,-1.0868156375258795,-1.3623318689203594,-0.3502454288142823,-0.12479618717266176,0.23638866577426285,-1.136704559054746,1
0.9044132765196139,-0.7204640344536393,-0.15484123025532542,0.3052077222492148,1,0,0,1,0,0,-0.7983962307480176,4.055697430196976,-0.16982862701171944,-0.3272794090180478,1.891365728399917,3.3720434219200386,0.7893860513377301,0.18290259325863897,-0.635158494629326,1.2680763584292325,0.8024100606667409,0.9044718924981253,-0.41827405682254853,0.2858090070205412,-0.9909154880224892,0.195041909506102,1.0565876626174886,1.2045298794257309,0.1590389773671773,1.0758588642714124,-0.8120835279420848,-1.2437169321846715,1.0642812493774012,-0.6653951110825512,0.13281660686768865,-1.0758588642714124,-0.15903897736717798,-0.28608496734615396,-1.3101654415944555,-1.9106586667604537,-1.5427503185686884,-1.1428154322176651,-1.222174502210428,-1.4435419379712537,-1.648240234340335,-1.534519319920306,-0.8314172830871166,-1.2416975682086098,-0.4509989953885172,0.13201387092399572,-0.14386762583630988,-0.6040308649486834,-0.9479482933959068,-0.5986491559356475,-0.08511336124321738,1
-0.020796168340944693,-0.7462318004251005,-1.6032360836506476,0.3052077222492148,1,0,0,0,1,0,0.33730809962390496,-0.4797847809917908,-0.4128990739419065,-0.12764527856700325,-0.6546022709199205,-0.27034107969189813,-0.5668102703340879,0.17124010738970927,-0.8211533451462756,-0.47107033390468095,-0.22516293375826327,-0.477748075687102,-0.24156270229335466,-0.7266511164597494,0.30787689433989346,-0.5732864825915928,-0.5360815716919267,-0.598651027019688,-0.22931895624632825,-0.4241556457943308,0.06210224489374117,0.07339189269278301,0.5464465041479256,0.104816320281993,-0.2917433684591668,0.4241556457943308,0.22931895624632756,-0.7595776989295921,0.11577027848446049,-0.45504116317834126,-0.6641562849317252,-0.8185181077439823,-0.024984737566746233,0.10608304780917345,0.2342775195316623,-0.4803306735805153,-0.1375174777889068,-0.17942508891434333,-0.7246954876967501,-0.3607044410025493,-0.29617565622181696,-1.3019408143182878,0.36909507656128593,0.18071947766026855,-1.0748462533011267,1
-0.9203053508442651,-1.8542457371979617,1.7280720791585935,-0.4281154315628296,1,0,0,1,0,0,-0.48292280564470574,-0.01751447869755106,-0.016310450003180245,-0.39671736743580244,0.5531399249116304,0.2931217161375727,0.7518375709522249,-1.759984865220632,-0.2910407126625993,0.5800962285047838,0.6346894812552254,0.5944086479318196,-0.14168124511846134,0.62062969496879306,-0.15397161700296738,-1.3449263105088718,0.35487687711911065,0.1594541643198139,-0.3925077445122049,1.199986903232429,-0.4253225656086164,2.261389075197838,-0.9536588337311229,-0.43178274341729783,-0.6694514539380525,-1.199986903232429,0.39250774451220416,0.1317027369921738,-0.5596729573423944,-1.3466068841223853,-1.710716824999284,-1.5183175973977192,-0.024984737566746233,-0.8726274695258333,-0.8177176958673952,-1.2864749325462383,-0.5538573609678327,1.6416134470186852,-0.7611883533378483,-1.0868156375258795,-1.159254495073018,-0.09645999267988113,-0.7833178721512579,-0.32030321536567735,-0.5799798072721716,1
0.33900750466038404,1.5986349029779314,-1.168717627632051,-0.13478617003801185,1,0,0,1,0,0,-0.24316300256618875,-0.28789899513380446,-0.5408308881156891,0.02280363133813179,-0.42685176720740486,-0.23903759103470532,0.7999519259289899,-0.28415561216978497,-0.4406655943162384,0.028247354578557766,-0.4710175878246688,0.5601062523480362,1.0834826827557191,0.30772515767491315,-0.07258451814739933,-0.538960838036882,-0.07080581649631386,0.08147684604349108,0.6380137621571677,0.13114384342216406,-0.8048772742594156,0.3172989184747654,0.06080096477310229,-0.10837018925921063,0.6918922146930594,-0.13114384342216406,-0.6380137621571684,0.38237535959517033,0.04072103005925432,0.35464607318920965,0.007709740790658993,-0.01630893667750248,0.8886600828192224,0.8401159358104279,0.5664865349208381,0.07776919801113909,-0.8869292675109735,-0.02767187758659086,-0.8706669502611417,-0.7107937678977266,-0.7023304039164997,-0.0012904541294803558,-1.0302635040182315,-1.0996718489615938,-0.5181215015185524,0
0.2619067175886707,0.23294330649045036,0.5693561964423357,-0.13478617003801185,1,0,0,1,0,0,-0.19268725454965888,-0.3169725990516812,-0.4001058925245282,-0.13343177510181614,-0.24058231699259588,-0.14065519811209928,0.5481253428394871,0.6637650273904869,-2.0676554102659894,0.9413376854114834,0.2109553335571717,-0.11101078545247837,-0.49360939591369535,-0.45872800181309875,-0.24659571140243655,-0.8698614184991795,-0.19525588245278197,-0.24286866147385452,-0.16027754582615011,0.007555847346540335,-1.2205372464530493,-1.1580725013205344,1.952427376223604,-1.4652988736173422,-0.5113662427452311,-0.007555847346540335,0.16027754582614942,-0.2582324537235989,0.04072103005925432,0.9277954652246664,0.279040251178545,0.18851042614798086,1.424244977528238,0.4323198869208419,0.5664865349208381,1.069946747507413,-1.1089772052064004,-1.0140677512169813,0.37921369794645543,1.3767759221068474,0.5838262971166633,-0.794369942049485,0.6160407084282594,0.6817421706862145,-0.023255055489598248,0
-0.04649643069818187,0.38754990231922204,0.27967722576327125,-0.8681093238500562,1,0,0,1,0,0,-0.6974447347149578,0.5494207977010448,0.188380452674872,-0.44648123763519326,1.311062959365129,0.7675931656415953,1.862130788025551,-1.811673350899743,0.2319979425032189,1.9352620338289486,1.5820482046298534,0.9633252625221348,-1.2833292889127732,1.5340818482804097,-0.5484688889596948,-0.2763533104993768,1.9391649964073712,1.624484409375049,0.773109214277421,0.5471004570796687,-1.056501682772178,1.937134437052744,-0.5948573850191888,-0.6915713390006704,-0.4707473028360923,-0.5471004570796687,-0.7731092142774217,1.217950768271826,-0.6347222057676005,-0.4732363819731166,-0.5349512799851129,0.20557870638343811,0.038025250046078915,-0.6279498401920818,-0.983822203561983,0.07776919801113909,-1.1644891896302574,0.9587239960437993,-1.481922449749529,-1.5017363212534962,-1.6161785862295364,-0.6040308649486834,-0.37174181903963527,-0.15329565102369538,-1.4459960878228426,1
-0.5862019402001745,0.10410447663314094,0.5693561964423357,-0.13478617003801185,1,0,0,1,0,0,0.43825959565696476,-0.5001363037343045,1.4293190501605637,-0.6368569736305372,0.3654091913830232,0.10753674766992953,-0.6521413285173586,0.18453819203072058,0.3703768262575977,-0.08075751854279571,-0.24516329897517894,0.09592545224791076,0.4015858460683309,-0.48343772415823466,-0.3001948705013812,0.40063510018758886,-1.0782474322859674,-1.1258752055943884,-0.4372750117287954,0.5645149086083918,0.4237731143775341,-0.5540130911835285,-0.10371789060450642,-0.9600734990134905,-0.7804737086583059,-0.5645149086083918,0.4372750117287947,-0.5924626171942612,-0.4846237089171882,-0.7006766169078218,-0.40574627503850064,-0.7843815472730677,-1.0646495331783645,0.4323198869208419,0.7325910426154264,-0.8523972546416179,0.25106641317809053,-0.6346847228976005,-0.44187577897824326,-0.4255357978349895,-0.7530997473783346,-0.28679906978068154,0.03983423407198747,0.3477270420022505,-0.7036964187794109,1
0.9044132765196139,0.3102466044048362,-0.15484123025532542,0.3052077222492148,0,1,0,0,1,0,-0.21792512855792381,-0.3076690457979606,-0.6175899766199587,0.22243776178917635,-0.6349394580260475,-0.4085236224786493,-0.4477752565775462,-1.6843418298416488,-1.2706721523386035,-0.7496968235851788,-1.1043695566724003,-1.7154618977637481,0.30346349287807123,-1.080548474505515,-0.2195801949470626,0.2547951111777983,-1.2085977042373326,-1.3046124575545974,-0.958568853809468,-1.3889885083079905,-0.45702890968220117,2.0918414021197513,1.993095914402796,-0.18563275261064308,0.16203436864772142,1.3889885083079905,0.9585688538094672,-1.038102835155144,-0.25947596364157,-0.17301527185930607,-0.018131260198663828,-0.4942207832702994,-0.6865896075014126,0.02452383803125581,0.5664865349208381,-0.23228628620644656,-0.38732140769626244,2.096873081001942,0.2514886682026129,1.2730457511749436,1.1084428462222957,-1.3653871733518879,0.9453015509175579,0.29205785388825667,-0.023255055489598248,0
0.930113538876852,1.2121184134060021,1.7280720791585935,0.5985369837740325,1,0,0,0,1,0,0.07231042253712305,-0.41873021276424965,-0.4768649810287978,-0.06978031321887439,-0.5876010482317433,-0.2681051162163844,-0.4712078964053301,-0.8074127289061178,0.8844756973528507,0.13803557826425494,0.016212345611473753,-1.4443085353040361,-1.0655047411299945,-0.4221622871766678,-1.1972232792220818,2.2424739299514362,-0.4287405658201914,0.09560145304487655,-1.637116465595288,-0.34619240229020387,0.23340646726320227,-0.09115268974958003,1.0443621278472197,-0.6116089668517153,0.07225936827513922,0.34619240229020387,1.637116465595287,-0.28608496734615396,-1.009968447893631,0.5911839175213025,1.7519773075699248,1.4515631635718003,-1.2851844898232538,-0.9541866793037505,-0.319404172783631,1.13195784435093,-0.1375174777889068,-0.482931511569848,-1.244718823082393,-0.6070635969658218,-0.7869459763528921,-1.206771275767887,0.12214944469431245,-0.04195727479570725,-1.198562864808365,0
0.46750881644657266,-1.2615871198543382,-1.168717627632051,0.3052077222492148,1,0,0,1,0,0,-0.2810198135785862,-0.2442885892569894,5.855759820573444,-0.778626138733453,1.6207064324459732,0.41386374381531643,-0.40178749758943966,-1.5595765847248648,1.631269703063088,-1.5828876192242267,-0.6282439835799855,-1.0905675117219327,-0.7111965125764674,-0.896258830010295,0.17740792331282562,1.0831265257391163,-1.2443793222380075,-0.9388379980567925,0.11588809585456382,-1.6023404173227471,-0.33683596666036253,2.318291169717518,-1.1415626299019068,0.9044738194066025,-0.09984462760400109,1.6023404173227471,-0.11588809585456454,-0.9823978079100336,-0.18442671521636386,-0.9918001176242447,-0.354064273059855,-0.801449827508525,-1.4742144526617298,0.2692014673650073,0.2342775195316623,-1.2864749325462383,-0.47058938433204756,1.717490052682561,-0.7155722712864762,-1.1386807229918314,-0.7700228618656133,-0.2233527107470814,2.2623449208747504,1.4054416161681371,-0.76555472453303,1
-0.09789695541265715,-0.05050211919562982,-0.4445202009343899,2.9451710759725747,1,0,0,1,0,0,-0.09173575851659908,-0.36930508610385926,-0.579210432367824,0.0835618449536671,-0.6606870945865333,-0.34859980133488017,-0.7860467770679396,1.290995792451786,-3.3150438270612037,-0.0510609855097445,-1.2411019575100715,-0.7744417330069339,1.4986445569801488,0.6988131282392985,1.4551603856005833,-2.6415485715923834,0.9916721237978369,-0.07109074740992688,-1.0726104692356557,0.007555847346540335,1.791263021885889,-0.31418451041106565,1.8772744017410126,1.0523051998582973,1.5440870507744175,-0.007555847346540335,1.072610469235655,0.32667033235006016,0.8662627627365218,-0.9463120706373036,-1.9949678358818312,-1.6207272788104614,0.8571550890128092,-0.46483142063624716,0.012804842605544792,-0.4803306735805153,1.7221340004102954,-0.2553016945782196,0.14201007127932075,1.1044842234105985,1.5315207084042572,-1.016432198667086,-1.4418395571298541,-1.6006945419875402,0.40975308478573785,0
0.44180855408933456,-0.12780541711001567,0.27967722576327125,-0.13478617003801185,1,0,0,1,0,0,-0.36935237260751347,-0.13962361515263325,0.27793272259651985,-0.4667339755070384,0.5664820346070426,0.25332156627342756,-0.7756070275989639,0.45716309638846736,0.16202470514991674,-0.42608554778651847,-0.1674570608059346,0.6826992124510877,0.978008000506379,-0.37935720632388836,1.2715686103339257,-0.30767165133687396,-0.06220221424165375,-0.5291175651755126,-0.591162492785821,1.517428063553434,0.6994512015156081,0.6463588229008715,-0.5306735376523055,0.5139354354414798,-0.29887793759736575,-1.5174280635534347,0.5911624927858203,-0.3974950218363748,1.0914105080121401,-0.17301527185930607,-0.3023822710812103,-0.3064697006802721,-0.30852968182446,0.35076067714292497,0.7325910426154264,-0.046252995675895824,0.25106641317809053,0.12408133374116129,-1.1626098753899237,-1.21647835119076,-0.9731002357129547,-0.9847090191502859,-1.3595243465075295,-0.9326642846196119,-0.9511296417938885,1
1.0586148506630406,0.026801178718756015,-1.6032360836506476,-0.4281154315628296,0,1,0,1,0,0,0.5896868397065544,-0.5361875725924716,-0.7071422465416066,0.5349085746690722,-1.4874741058877763,-0.8257544070095194,-0.4920804672063288,-0.8601112208243893,0.8045789625506325,-1.4159999023042307,-0.721113969804833,-0.5363976748600219,0.5113207261864425,-1.2166595358947503,-0.8983342501810967,-0.18020008873438467,-1.6542362124126424,-0.7912208429935428,-1.4375436385994584,0.6941558255444445,-0.5314220045868772,0.2805981122000022,-1.2809701061092604,0.27261220413703124,0.16501032345683936,-0.6941558255444438,1.4375436385994576,-1.1216603760228097,-0.7848207026180125,0.2454747604205509,0.11107374474794844,-0.5624939042121272,0.7941451013999841,-0.46483142063624716,0.2342775195316623,0.6978801664463103,-0.6093693453916895,0.04820472807728505,-0.5787240251323598,-1.0997819088923677,-0.939254006738398,0.6331731362065233,-1.0302635040182315,-0.8769950965056176,-0.2706882785040748,0
0.4161082917320974,-0.02473435322416849,-1.6032360836506476,-0.4281154315628296,1,0,0,1,0,0,0.5392110916900246,-0.5135101615365277,-0.68155588370685,0.3671001751594985,-1.3622759676088478,-0.6786280103207132,-0.6299818559379006,0.22996294552645036,0.7025400286921648,-1.714627850753329,-1.5865046485735064,1.786099094674191,3.048478226118957,-1.7141086008785196,0.01613315677592174,0.7408557304041677,-2.225608031333806,-2.2834673298897052,0.26241483019955014,2.1757663048135973,-0.8367120111318589,-0.29946951735825256,-0.21590719325054689,0.10947678166591653,-0.16682766304295377,-2.1757663048135982,-0.26241483019955086,-1.5673005939836924,0.41596727218528484,1.237114184735866,1.4935672976767,0.32505666803163763,-0.43454965705011084,3.694688278037531,3.833208519581069,0.44983577907224165,-0.8869292675109735,-0.482931511569848,-0.6882026220556532,-0.6848612251647502,-0.6007917169928287,-0.5405845059150832,-1.4418395571298541,-0.7099875321636356,-0.2706882785040748,0
-0.6890029896291251,-1.158516055968491,-0.15484123025532542,-0.4281154315628296,1,0,0,0,1,0,1.2080147529090457,-0.6286416330513195,0.21396681550962854,-0.4516890845165249,-0.4436429426551183,-0.13439450038066073,0.5895794190563349,-1.4582036035635926,-0.40194924591626763,0.08538966521402071,0.10912441369846845,0.5685769186077955,0.25747846841637484,-0.2616370803705981,-0.4425073796519153,-0.331317440198722,-0.5111789063686859,-0.5498830598782772,-0.10413398130864084,0.87874991804355,-1.0812492220828225,1.5581360298177718,0.21653600927939565,-0.6222321820686393,-0.6787208641993263,-0.87874991804355,0.10413398130864013,-0.007559831120602114,-0.10937746679115769,1.127942871967207,0.7570987694810098,0.4957394703862077,0.9516700704320475,1.0032343553662626,1.1755363964676604,0.7598912632898273,-1.2200011740541141,0.5034643620605421,-1.8103582405194079,-1.4498712357875443,-1.5484861282804228,-1.5874494299694895,-0.7833178721512579,-0.48731077970765985,-1.6315710050837011,0
-0.8432045637725518,0.8771374557769975,-0.8790386569529866,0.3052077222492148,1,0,0,0,1,0,0.766351957764409,-0.5611908719618456,-0.5280377066983108,0.008337390001099575,-1.0553871540551454,-0.4380383403554311,-2.2480720428343757,-0.33613936325071975,0.09072042595042697,-2.4041827694277056,-2.495035788668717,-2.3268958909374704,0.717264244346246,-0.7847381246053884,0.44780048596435873,-0.6499106535510214,-1.475325418458332,-2.035596235433517,-2.6201974282043734,-0.5749285603869245,2.3418978118839764,0.9099585216483538,-0.777115391100777,1.784988386086655,1.256305194812596,0.5749285603869245,2.6201974282043725,-1.038102835155144,-0.3345252120667762,-1.9561467137473947,-1.9045243324192023,-2.2181170870514566,-1.6317394216937933,-1.6882195673050053,-0.8730858650989243,-2.2166413851989955,2.0274499147415077,0.7310941790521709,-0.2594114507727547,-0.6070635969658218,0.0761328624983096,0.47455723862252236,-0.20711139779498602,-0.48731077970765985,0.40975308478573785,0
-0.12359721776989524,-1.3904259497116478,1.4383931084795292,1.0385308760612593,1,0,0,1,0,0,-0.016022136491804253,-0.39954163417845107,0.9687645191349462,-0.5894077020450715,0.5077234935847342,0.1482312829242802,0.17505657297171529,-0.22672089945887533,0.8913931618421997,-0.7954093620472635,-0.4580427429077216,-0.7960997039027073,1.1394431858204916,-0.016729846854717508,0.4210193554132603,-0.8581942896787856,0.10038927740292856,-0.769410307135391,0.23272740579640636,-1.3166012534636966,-0.2601366919221054,0.732949497542456,-2.0809668112713697,1.1740910216121696,-0.15570141248743785,1.3166012534636966,-0.23272740579640636,-0.028449216337518554,0.3784426479726819,-0.02063031445305387,-0.4606584021408105,-0.3960781719164211,-0.048613482921555526,0.697387318699073,0.6356967464602498,-0.4803306735805153,0.08453045990652028,1.33810702436318,1.5652318312821314,0.028283699992091807,0.49921072468027106,2.314501650596933,0.6160407084282594,0.013711913318286572,1.3994859768436472,0
0.004904094016293398,-0.5916252045963298,-0.8790386569529866,0.5985369837740325,1,0,0,1,0,0,-0.028641073495936725,-0.39954163417845107,-0.8094876978806327,2.971023615825297,-1.8364317992282138,-2.603345370042969,-0.8031150027255769,-1.1253302971471606,0.738844152913157,-0.40330960379893366,0.740029189180566,1.015110342524479,0.01248836534568734,-0.9378383362575037,-0.7365565600212066,-0.1684369429256867,-0.868445381749963,-1.1490578416566974,-0.28338753067176975,1.6655497383610505,0.1796739459002855,0.8066849564054283,-1.1792875921013883,-0.31629031921653344,-2.0839055259943287,-1.6655497383610505,0.2833875306717691,-0.9823978079100336,-0.8598699510432187,-0.7370670544973751,-0.7029177864157086,-0.972132629863095,-0.8126095827270634,0.5138790966987595,0.7325910426154264,-1.0384305451721696,-0.3318094232724056,-0.02767187758659086,-1.8103582405194079,-1.9944546331800421,-1.9546408759751055,-1.8729580456206907,-0.7010026615289333,0.06938110143228039,-2.002720839605417,0
-0.1749977424843705,1.3151894772918502,0.27967722576327125,-0.13478617003801185,1,0,0,1,0,0,1.1827768789007806,-0.6210824960326716,-0.054689994255315046,-0.3944027688218773,-0.6248400184055961,-0.17285307215949763,0.4540555952779872,-0.4391109285696687,-0.7148039981286212,0.2084219727140511,-0.7684059936444089,-1.3536780213634867,0.11363573295820556,0.51536938471377,-0.2491664807661297,-1.1914338555071504,0.7413500821501307,-1.0019105498344232,-0.7989105922128049,-1.0539055705610194,-0.1164243413789851,0.3530840194405859,-0.22011511182417298,0.4535454122320057,0.020794779314669862,1.0539055705610194,0.7989105922128042,0.26168113389743136,-0.43459087663371765,-0.6764163251814533,-1.1336011362377498,-0.8298969612342869,-0.8231112473292009,-0.49201782389555315,-0.17175572149955282,-1.2037934700882147,-0.38732140769626244,-0.1035484832504671,-1.1534866589796486,-1.0738493661593913,-0.8546384343020056,-0.9212626601166852,0.03983423407198747,-0.4316415915936655,-1.4459960878228426,0
1.0586148506630406,1.3924927752062353,-2.617112481027373,-1.8947617391869185,1,0,0,1,0,0,0.13540510755778543,-0.4280337660179702,6.073243904668874,-0.7815193870008593,1.2733019468417663,0.27478681563835977,-0.02571043529649776,-2.012546995992345,2.545346566033102,-0.7618252413755855,0.6833319234462041,0.3020857412261961,-0.9057738130206143,-1.3894685207788333,-0.2831964955634979,0.048861742752075416,-1.2452663195754194,-1.3586390559749744,-0.36119580761071546,0.770238525831238,-1.3525895882128507,2.478583879287489,-3.430472686124639,-0.2056080139156659,-2.2148115678447198,-0.770238525831238,0.36119580761071474,-1.3444804850032512,-0.40957446049198204,-0.4914316007678933,-0.39282577454383927,-0.8355863879794388,-0.7495995951142377,0.758556726032511,1.0648000580046022,-0.6043528672675491,-1.2755131584779709,2.2486262923296945,-0.0951935553878152,-1.825893105415697,-1.7684866166150421,0.9504049313745251,1.5215080252738291,2.2961486259920414,-0.45626319576493324,0
-0.8689048261297889,0.33601437037629844,-0.4445202009343899,0.5985369837740325,0,1,0,1,0,0,-0.10435469552073157,-0.3663977257120716,-0.5152445252809326,0.0025508934662866888,-0.5146227357678024,-0.2837568605449808,-0.10519510902381649,1.0480070739020386,-0.38692859835587734,-0.42476921864384987,-1.1656219512664627,-1.5096359258179195,0.6350728725015026,-0.7772013396973932,0.6048123678729438,-0.4757175911394564,-0.9117900292992873,-1.391655660321491,-1.5204829952730505,-0.550966827225982,-0.6302940613110859,-0.832534845460048,0.05089405507170074,-0.33027957456056656,0.15668473559799762,0.550966827225982,1.5204829952730499,-0.7595776989295921,0.491016520610491,-0.16391766246191838,-0.37990527404917784,-0.6990401460957827,-0.37153966943728567,-0.38327221085833024,0.40038202722625016,-0.4803306735805153,-0.8869292675109735,-1.1658209625447336,-1.7191260764166634,-1.436904964421056,-1.4469474413567518,-0.9529858396334858,-0.7010026615289333,-0.9883334727336057,-1.7552876165909395,0
0.6217103905899984,1.7532414988067013,0.27967722576327125,-1.8947617391869185,1,0,0,1,0,0,-0.571255364673633,0.1598345052014969,0.36748499251816774,-0.48177886649755186,0.9891666006294079,0.49525281432401774,2.589797106110858,-2.0545032015678606,0.26559996498568267,1.367421606808528,1.9633380923759236,1.4617371411786926,-0.9767984492897714,2.630574289172566,0.28525246578548946,0.2867781282109255,1.7131954073172015,1.7447301412015226,0.6006469349749696,1.3979208031972914,-0.9727370840688914,3.1056297788009943,-0.07489968771219639,-0.14852313252280175,-0.8490462777502336,-1.3979208031972914,-0.6006469349749702,2.2206412586838127,0.11577027848446049,-0.4004555067940112,-0.19901826712392082,0.47867119015075044,-0.18250970659880966,-0.9541866793037505,-1.2606630497196296,-0.17027518936292965,-1.1089772052064004,1.793366658346437,-1.5366617482111748,-1.333174793489152,-1.2946394109712458,-1.6191726094862895,-1.1948939252628807,-0.7656567202776299,-1.6934293108373202,1
-0.4063001036995106,-0.6173929705677911,0.27967722576327125,1.478524768348486,1,0,0,1,0,0,0.36254597363216995,-0.4855995017753661,0.022069094248954552,-0.40076791501017145,-0.2217975177620514,-0.0637380545544255,0.5564903800763946,-2.1818469666032203,1.0407352938802403,0.34678133753522017,1.3098093494203382,0.042023751636828054,-0.8954154182896664,-0.10180317731532523,-0.8479154836877018,1.3292779823051724,-0.813121216787405,0.46421094792815487,-0.8195116582252774,0.8700970699576553,-0.8755339552373024,2.145230316730076,-0.08692383443622895,-1.2747562941833497,-1.2496046641009926,-0.8700970699576553,0.8195116582252766,-0.2582324537235989,-0.9349191994684248,-0.6551885699208807,0.07231224326396513,-0.2552648599739003,-0.5605696322757617,-0.709509049969999,-0.4301405112466897,-0.29429738304996345,-0.9424412519348303,1.4898602356909325,-0.8524205174405927,-0.7626588533636787,-1.159254495073018,-0.794369942049485,-0.28942660841731066,0.1250502895462747,-1.2604211705619852,1
0.8016122270906633,-0.12780541711001567,-0.15484123025532542,-0.4281154315628296,1,0,0,1,0,0,0.1858808555743153,-0.44896676083884146,-0.7327286093763631,0.566734305610543,-1.3883263046662366,-0.7832711009747577,-0.9336242636588491,0.3841967384856866,0.6511221506313374,-0.6952888170693391,-0.14904114004855962,-0.2728687489206677,-0.33235356724126025,-0.3544063499847021,1.2244797006934738,-0.02697651578529164,-0.10685233420853894,0.24531257449092284,-0.5940660301642549,0.21702702713573208,0.9441086164900442,0.6993348030608079,-0.9172145893931581,0.8333373900529664,0.4332607642687619,-0.21702702713573208,0.5940660301642541,-0.45320004908148526,0.8662627627365218,-0.555114866549611,-0.4832692780064673,-0.4942207832702994,-0.08799472517957138,-1.0357458890816678,-0.9284540343304539,-0.6043528672675491,0.4731143508735179,0.19995793940503753,-1.0805009276974533,-1.3202085221226638,-0.9731002357129547,-0.1916295312302808,-0.6186874509066087,-0.5986491559356475,-0.76555472453303,1
0.46750881644657266,0.3102466044048362,1.0038746524609323,0.3052077222492148,0,1,0,1,0,0,0.021834674520593164,-0.4041934108053113,0.5465895323614635,-0.5083967505576912,0.3053133394745985,0.08204676404907252,2.2176078886530712,0.28940998054982386,-0.3694467505682867,1.3477552724391195,1.790162154274576,0.9678003655951911,-1.3174110381668214,2.662041772641968,-0.06084742340984463,0.006549112714818433,1.3282738259012492,1.5533190298879895,0.5174554829923397,0.8067582219688989,-0.4237569783911473,-0.45817989387249186,0.5116273112506262,-0.5036368346391453,-0.8107847718076342,-0.8067582219688989,-0.5174554829923405,2.8055440447574718,0.11577027848446049,0.5547934799317504,0.47284775859846334,1.0248561576853752,0.9201650766256344,-0.8726274695258333,-1.149926711256571,0.6978801664463103,-0.38732140769626244,-0.4070549059059717,0.0872707728176734,0.3394742127878045,0.10997909147286698,-0.826093121566285,-0.12479618717266176,0.29205785388825667,-0.1469716669968365,1
0.8787130141623758,-0.5400896726534062,-0.8790386569529866,0.3052077222492148,1,0,0,1,0,0,-0.05387894750420167,-0.3931454413165182,0.23955317834438508,-0.4557396320908939,0.20409680870380478,0.04984889000167418,-0.5659728096783139,-0.71683555103712,-1.2911936916814075,-0.9794584768364535,-1.0252751028624452,-0.7011255375720387,0.7003027662320981,-0.6969032327378067,-0.46615003180850356,-1.7275646169930476,-0.9480583068344841,-1.2841235582561332,-1.631068804171171,0.6614225707698931,0.09066147037217746,0.5169004214789289,0.029069197391726285,0.38310682452361133,0.07921112729187235,-0.6614225707698931,1.631068804171171,-0.8709877534198129,-0.7848207026180125,-1.301118837135444,-1.8399218299458961,-2.0132977242259726,-0.15100471279239655,-0.8726274695258333,-0.2086678343205727,-1.4104971262332722,-0.0740752098759276,0.25415551487923493,-0.5722074419821639,-0.47184390985816066,-0.2985932440057136,-0.6312221616773697,-0.677484029922555,-0.4634525562302334,-0.27952517932602033,1
1.521219573093319,-0.5400896726534062,1.0038746524609323,0.3052077222492148,1,0,0,1,0,0,-0.44506599463230834,-0.0727543261415168,0.16279408984011548,-0.4401160914468991,0.6127727248891244,0.2841778622355176,0.7102608398259479,-1.304396670066393,-1.0810606677103494,1.454357945206601,1.4208819996628341,-0.2807836390907477,-1.919208081960593,0.31319935436946394,-1.3839934959653084,-0.683199996902853,0.736755664571249,0.7191297360765253,-1.2817794809441767,0.888297888345227,-0.6746898828733158,0.4038710632478103,0.7912960391759558,-1.2341894513437746,-1.1451259685957378,-0.888297888345227,1.281779480944176,0.24311279148239442,-1.3101654415944555,-0.1457224436671417,-0.4703487775118068,-0.1699234587966153,0.6681251261743327,-1.7697787770829225,-1.592872065108806,-0.10826409251941274,-0.5816133531797613,0.5034643620605421,0.34272083230535716,0.7154960824159574,0.12690220596014448,-0.667477223982284,0.36909507656128593,0.9600881112561845,-0.023255055489598248,1
0.6731109153044746,0.7998341578626126,-0.4445202009343899,-0.8681093238500562,1,0,0,1,0,0,0.6527815247272168,-0.5454911258461922,0.11162136417060241,-0.42275660184246044,-0.30090985713516083,-0.09280557973610455,1.3333623046777352,-0.3454288984949022,-0.23125752034505492,0.9888209061303299,0.33597000107763425,-1.2823064402922668,-0.9793359780173507,0.5409157925037561,0.29355301538086587,-0.7970422134522159,0.07180829485270117,-0.7206597818870885,-0.8569681418843186,-0.8989824755158523,-1.3135960558383302,0.7681869703783921,-0.48481378057695806,-1.264629374808037,-1.1403614678235119,0.8989824755158523,0.8569681418843179,0.29881781872750485,0.04072103005925432,-0.6278957417287164,-0.9096457943302884,-0.8355863879794388,-0.4660546508565234,-0.05703537174666111,0.40038202722625016,-0.6663639641110671,-1.3032691506898992,0.35171115073279,-0.8524205174405927,-0.944186652494511,-1.311562525458524,-0.4136917878478824,1.6038232358961542,1.1827648637121608,-1.198562864808365,0
-0.48340089077122306,0.7998341578626126,1.0038746524609323,0.5985369837740325,1,0,0,1,0,0,2.65919250838428,-0.7193512772750948,0.40586453677030254,-0.48814401268584606,-0.6885998007037898,-0.1759834210252169,0.23422642837115576,-0.5548441751475159,0.09360893374122482,-1.552821719586392,-1.1807719329179638,-1.6922418145993405,0.26172983088239105,0.38196036625495555,-0.3150781508408297,0.45116134834359145,-1.6565938938421962,-1.7195209567380916,-1.4375436385994584,-0.8822777243979375,0.055952747106687156,0.4459026682609612,0.3254070969086453,0.4551118157306568,-0.14371619441893824,0.8822777243979375,1.4375436385994576,0.0759977097470634,-0.5596729573423944,-0.9190192424451392,-0.5737127814690962,-1.1428154322176651,-1.348194477436079,-0.22015379130249568,0.5664865349208381,-0.4803306735805153,0.0012624832707351544,0.35171115073279,-0.15905607025973648,0.028283699992091807,0.2115177783965368,-0.8895394805998851,0.6983559190505837,0.29205785388825667,-0.3944048900113141,0
-0.3291993166277972,-0.6173929705677911,-0.15484123025532542,-0.13478617003801185,0,1,0,1,0,0,-0.81101516775215,5.82337254840388,0.39307135535292426,-0.4864080637254022,2.5505964267869707,4.85448720618567,-0.021820146492506954,-1.344704328901642,0.8790196416676436,0.686416580782494,1.5354569199682555,1.7293250626312133,-0.7435831437440373,-0.6315140166320276,-0.9847099429227012,0.43730997150563605,0.0621677557725511,0.7341173900639963,0.3699083794759778,1.9917225030918824,-0.6006599196569463,0.8591880881722294,-0.762194950141691,-0.8656600342894198,-1.2794464494014401,-1.9917225030918833,-0.36990837947597854,-0.6760201580619267,-1.009968447893631,-0.45504116317834126,-0.173177266134598,-0.135786898325702,-0.08799472517957138,-0.709509049969999,-0.9284540343304539,-0.29429738304996345,-0.7759052986632599,0.27583454506891375,-1.1991027410310207,-1.3461410648556402,-1.531563013793144,-0.826093121566285,-1.1125787146405561,-0.32030321536567735,-0.9511296417938885,1
0.930113538876852,0.9544407536913834,0.27967722576327125,-1.161438585374874,1,0,0,1,0,0,-0.1800683175455264,-0.31987995944346886,-0.3617263482723934,-0.165257506043287,-0.2006745132716574,-0.11829556335696156,0.3840633413995548,-1.9132572637106382,-1.1339529045337464,-0.08145667186761399,0.16523360231810047,-0.19050632613504934,-0.4142495147866258,-1.1346399494992645,-1.3319096435466349,1.2405392111938605,-1.6752583633920983,-0.8407558672206326,-0.5252107151899512,0.2610696854503818,-1.6677682938393625,1.2917277958630589,2.7967738782491836,-1.5511148076893164,-1.035646239978129,-0.2610696854503818,0.52521071518995055,-1.0659553487776992,-1.2351161931692491,0.02713213488323473,0.6666552660183818,-0.10165033785478751,-0.5605696322757617,0.10608304780917345,0.40038202722625016,-0.10826409251941274,-1.5808290728091832,0.9587239960437993,-0.49661507743988936,0.9229564242797662,0.1607484349347019,-2.3488057383726932,0.28677986593896093,0.45906541823023866,-0.8892713360402683,0
-0.9460056132015023,0.33601437037629844,-0.8790386569529866,-1.8947617391869185,1,0,0,1,0,0,-0.5460174906653681,0.07261369344786675,0.5210031695267069,-0.5055035022902847,1.0068158389717479,0.44650881055781755,1.7365580975071955,-0.07400328240025605,-2.0446750484148133,2.96653243304185,2.0516941278307703,0.9587064811210645,-1.6463413987696183,0.8720853450352302,1.402022779868102,-2.4187011347814114,1.3511924524194807,0.3054692732835566,-0.24687185720061178,1.5524057982918193,-1.5433489058039045,1.5060874706203802,0.3645779063955397,-2.667774626082934,-2.3690715592878986,-1.5524057982918187,0.24687185720061106,0.6609004958207222,1.0914105080121401,-0.4095531161914002,-1.5298298180740268,-1.040405750804923,1.2982250023025865,-0.6279498401920818,-0.5962450189412776,-0.29429738304996345,-1.5253170883853264,0.6552175733882943,-1.4454295841084306,-1.0738493661593913,-1.886948418025992,-1.5240030709358887,-0.20711139779498602,0.6817421706862145,-1.4459960878228426,1
-0.35489957898503444,1.5213316050635446,-0.15484123025532542,3.2385003374973924,1,0,0,1,0,0,-0.6722068607066928,0.39242333654451056,0.34189862968341117,-0.4765710196162203,1.290999626333383,0.6701051581091948,-1.9865030241080115,-0.279320410355388,-0.40475290452719603,-1.40324419322556,-1.1927781936812842,-1.432312971557493,0.6800500492387997,-0.12317469000046481,-0.4419581157346263,0.5615152676115813,0.3579580257648644,0.627802804161762,0.3871222082195544,-2.3374471551139826,2.6392061129421243,-0.05936790917819399,1.1175794714149134,2.250637426140638,2.163597315611637,2.337447155113983,-0.3871222082195551,-0.5089050763265954,-0.8598699510432187,-1.6468279942361959,-1.168055804223513,-0.9892009100985523,-1.3166894836296663,-1.2804235184154193,-1.5375038958772762,-1.658541513607341,2.49930178234429,-0.02767187758659086,0.0963939892279486,0.6636309969500054,1.6161362808406496,-0.667477223982284,-0.9479482933959068,-1.712032918215528,0.40975308478573785,0
-0.5862019402001745,-0.1535731830814779,-1.168717627632051,1.478524768348486,1,0,0,1,0,0,-0.356733435603381,-0.14834569632799627,-0.7455217907937414,0.7461156981897425,-0.9594571045273151,-0.6907022130884876,-1.3092214879194957,0.2156405661997164,0.2317692433877463,-1.7050075780679683,-1.654740734031463,-0.3173159711221469,1.4406969851238962,-0.9753236888283521,0.7727049589321348,-0.41937587614190275,-0.6164719788276819,-1.130119954001195,-0.10413398130864084,-0.3295023237687902,0.8459724109479356,0.4781054205670136,-0.7382686310939615,1.6920721785529496,1.0479018216838025,0.3295023237687902,0.10413398130864013,-0.7595776989295921,1.2415090048625523,1.2553094035306427,0.8087807714596554,0.4957394703862077,0.5736101447550955,1.0032343553662626,1.1755363964676604,0.6358690696027934,0.41760236644966076,0.04820472807728505,-1.0166384128255321,-1.1905458084577836,-0.5669454880182719,-0.28679906978068154,-1.1948939252628807,-1.4336869776455579,-0.9511296417938885,0
-0.3034990542705592,-0.7462318004251005,0.5693561964423357,-0.4281154315628296,1,0,0,1,0,0,-0.43244705762817587,-0.09426879304074558,-0.08027635709007157,-0.37588597991047606,0.4133796070093859,0.21799334336030993,-0.11187779802259434,-0.10464834239132371,0.37042908398007457,0.27585364857830036,0.10626863275673715,-0.6049470643188122,-0.35011161656965983,-0.993086983463616,-0.3528963221951655,-0.4008572774166776,-0.6299297828046962,-1.0484172454250853,-0.9333596546099943,0.10061909740348675,-0.8367120111318589,-0.20989065454039946,-0.9092118725238327,-0.9972880721906708,-1.1617298094910662,-0.10061909740348675,0.9333596546099936,-1.038102835155144,-0.5596729573423944,-0.8098479296764806,-0.8708842928463041,-1.040405750804923,-0.7495995951142377,-0.13859458152457876,0.34501385799472056,-0.790386157798101,-0.8869292675109735,-0.4070549059059717,-0.6882026220556532,-1.0090180093269512,-1.277716296483967,-0.15990635171348128,0.6160407084282594,0.7374113588002092,-0.8274130302866491,1
-0.4063001036995106,1.289421711320388,1.0038746524609323,-0.4281154315628296,1,0,0,1,0,0,-0.7479204827314877,1.0233205415624351,0.48262362527457214,-0.49798105679502797,1.7713476122513325,1.1718553620144856,0.6396662899788735,0.431283190006208,-0.3118494870553636,1.1716306909628025,0.6068617112577497,0.692792441858928,-0.13834968876333611,0.022875979033057523,-0.07886838583628342,0.2379137685881908,0.4272474787748761,0.5428948250593565,1.2994551316290601,-0.3438975164935092,-0.8666141387092271,-0.6709583308087609,0.6653890889390977,-1.1591461898076716,-0.2589188155061996,0.3438975164935085,-1.2994551316290608,0.04814519612450831,-0.03432821836595151,0.13630344765189217,0.24027874969456073,0.4103980692089227,0.06953024385249205,0.5954383064766764,0.012804842605544792,-0.35630847989348147,-0.7759052986632599,-0.5588081172337243,0.2879815338437111,0.5987996401175653,0.05920974801103089,0.2524949820049213,0.6983559190505837,0.5704037944582268,0.34789477903211874,0
-1.9740161074910114,-0.9266061622253344,1.0038746524609323,1.7718540298733036,1,0,0,1,0,0,-0.07911682151246661,-0.3797715835142949,-0.5024513438635544,-0.01480859613815197,-0.5129993634100525,-0.2806265116792615,-0.46213529033756895,-0.5538500545677517,1.5438559383776853,-0.16282433479003516,0.0772798648872665,0.8641787699771608,0.2054335098559404,-0.15282454735174553,-0.7625538270099697,0.6239018837997196,0.14816992029189874,0.3758381912048889,0.6912331826893887,0.4930801176436278,0.4899098837975377,-0.0037331026469192515,-1.4835415628919666,0.3668879283549371,0.26646523353389207,-0.4930801176436278,-0.6912331826893894,0.0759977097470634,-0.4846237089171882,0.9823811216089964,1.1963957862994923,1.2126072402754011,0.3215701943037938,0.5954383064766764,0.2896456887631914,0.8219023601333442,0.1400424443303771,-0.3311783002420958,-0.989268763594709,-1.5017363212534962,-1.2946394109712458,0.47455723862252236,-0.8656330827735822,-0.7656567202776299,-0.8892713360402683,0
0.23620645523143258,1.5986349029779314,-0.15484123025532542,-0.13478617003801185,1,0,0,1,0,0,-0.38197130961164594,-0.13671625476084556,-0.5408308881156891,0.02280363133813179,-0.2513362086653109,-0.1227674903079891,-0.362351686271229,-1.1511576038219709,1.2742333123589134,-1.18348070582621,-1.073152138116077,-0.20757812982211857,1.2715667138946385,-1.2709089723067297,-0.9688844326718563,1.6503597249784765,-1.462482802386713,-0.6177250075460476,-6.192842294857107e-4,-0.28249761283093816,-0.7660184300870453,0.6093927826909906,-0.08346726154504662,0.14863316954909667,0.7920620987605597,0.28249761283093816,6.192842294857107e-4,-1.17736540326792,-0.8598699510432187,0.20908432283099887,1.0542702808582185,0.32505666803163763,-0.7495995951142377,0.5138790966987595,0.5664865349208381,-0.17027518936292965,-0.8314172830871166,0.27583454506891375,-0.7155722712864762,-0.6459624110652865,-0.5500223735309933,0.15732544345452057,-0.9479482933959068,-1.1553410370755877,-0.3944048900113141,1
0.31330724230314594,1.7790092647781635,-0.15484123025532542,0.3052077222492148,0,1,0,1,0,0,0.6654004617313493,-0.5483984862379798,5.21610074970453,-0.7699463939312337,0.8998815451563872,0.17327407385003446,-0.9666362983441857,-0.6519374322573832,-0.7059446568471882,-1.0414980648530672,-0.853879198076054,-0.5004514787003924,0.8308472364188302,-1.2702062088267616,0.5119267661341768,-0.891777051860566,-1.4315054727183605,-1.447206092400814,-0.16027754582615011,-0.5235948099447552,0.07495622590763357,1.4076415817876797,0.06890006072725936,-0.012459628617118643,-0.3028302963628293,0.5235948099447552,0.16027754582614942,-1.2609229441355856,0.19081952690966666,-0.7188718357025985,-1.0259302987822392,-1.4500444764558913,-0.15100471279239655,1.166352774922097,1.397009073393778,-0.9764194483286528,0.11228645211844858,1.413983630027056,0.20587258615124074,0.20981149912292413,0.19459466390925928,-0.2233527107470814,1.2745623934068555,1.0714264874841732,0.038603250264021984,0
-0.5091011531284612,-0.05050211919562982,0.27967722576327125,0.3052077222492148,1,0,0,1,0,0,1.7758669180950069,-0.6734149830848497,-0.7199354279589849,0.5493748160061044,-1.9432272610450623,-0.9424717004313383,0.6677486072050203,0.02442781444858739,0.537207799906432,-0.4031681153441973,-1.0384918005526844,-1.1761465725017755,0.4241679192438607,2.190029520600953,-0.527064332972972,0.4319191653849159,1.1287399701973924,0.30044630129032535,-1.0618771407249559,-0.550966827225982,1.2597309995317785,-0.5615294203843944,-0.3003439519535961,1.6638933463831351,1.6434175379388547,0.550966827225982,1.0618771407249543,1.6543068150251905,-0.6847550380510711,-0.7370670544973751,-0.4229736090313822,0.023517050538564028,-1.4007028004467665,-1.0357458890816678,-0.725437413814846,-0.2736270174354578,1.1115021717478706,-0.5588081172337243,-0.12256320461863823,-0.2569742700706454,0.39767203775660004,0.5697267771729232,-0.7010026615289333,-0.9883334727336057,0.5334696962929761,0
0.31330724230314594,-0.5916252045963298,0.27967722576327125,0.5985369837740325,0,1,0,1,0,0,-0.596493238681898,0.22088907342903796,0.43145089960505906,-0.4950878085276215,1.088471517260344,0.5524934792971703,-0.1521959443004218,1.4447148750180394,0.9298576752378204,0.6440923133099309,0.9218175377111123,1.205691747199288,-0.7250753084633735,-0.5182859694097721,1.6883712033089366,1.8607481066920333,0.03728271320856014,0.2742863934597961,1.2994551316290601,0.3556359628759853,-0.30623306844713755,-0.291543297754988,0.5987258048955628,-0.8331582616948386,-0.930620668228971,-0.3556359628759853,-1.2994551316290608,-0.3696425082138195,1.9169522406894068,0.6639647927004092,1.609851802128651,1.5539728449845414,-1.1276595207911904,1.0032343553662626,0.40038202722625016,0.38782468222872474,-0.49834537654397587,-0.5588081172337243,-0.97102233077416,-0.5551985114998699,-0.8207922053274488,-1.397110352868688,0.28677986593896093,0.514734606344233,-1.0129879475475077,1
1.2128164248064663,-0.3339475448817109,0.5693561964423357,2.505177183685348,0,1,0,1,0,0,-0.4576849316364408,-0.0727543261415168,-0.42569225535928473,-0.11607228549737747,0.07109206159341248,0.03374995297797501,-0.745446345155457,0.6940484207058891,-0.2025071161998322,-0.5301498005374062,-0.534776884208787,0.5303669364759154,1.128364206801003,0.23347534366863465,0.098763550434003,0.7797730958378248,-0.10723764820677256,0.42128792638642293,0.18286856865026183,0.5419904249708541,1.2698471015523471,-0.8536640819913697,1.0604307721600537,0.6098631618343798,1.1065418037602113,-0.5419904249708541,-0.18286856865026252,0.04814519612450831,-0.10937746679115769,-0.5824076947417753,-0.12149526415595328,-0.15285517856115927,-0.6235796198885869,-0.05703537174666111,-0.1532996650890431,-0.29429738304996345,0.6396503041450882,-1.0899443568808573,-1.308581337954314,-0.6589286824317738,-0.39771434314548676,-1.238494455284687,-1.7711003996191523,-1.823371294443516,-1.0748462533011267,0
0.8273124894479005,0.28447883843337485,0.27967722576327125,-0.13478617003801185,1,0,0,1,0,0,-0.7353015457273552,0.8227126745290859,1.4549054129953203,-0.6385929225909811,2.0419030052522635,1.1262417071140047,0.23027645773582292,-0.4483409800811713,-0.1304890156067622,-0.7181279724029004,-0.8742664854049761,0.07111189014195017,0.727464014788458,0.5318337785611512,-0.5805659392422732,-0.7094540289279779,1.2308198447308334,0.6702906755881077,1.4252941555476124,-1.3166012534636966,0.21119702509986296,0.03376385232416026,-0.5345500238445509,2.190604449948259,1.7909976322888665,1.3166012534636966,-1.4252941555476133,0.18740776423728422,-0.7848207026180125,-0.9554096800346926,-1.1292943027395286,-0.6649035856248688,-0.30852968182446,-0.05703537174666111,-0.6516131881728072,-1.0384305451721696,0.6396503041450882,0.5793409677244183,1.6564639953848757,1.0655854093111348,2.0222910285353324,1.9972698554289314,0.6160407084282594,0.013711913318286572,3.255235149452228,1
0.2619067175886707,0.4648532002336079,-1.168717627632051,-1.161438585374874,1,0,0,1,0,0,0.6023057767106869,-0.5367690446708291,-0.2977604411855021,-0.24048196099585453,-0.6379856326310075,-0.22696338826693094,-0.6783875641979775,-1.475304867993811,-2.2196455899075693,1.5327228252023586,1.0352966595839823,1.6845308275011195,-1.2452272233388313,-1.7074959613502638,-1.8403517395106461,-1.848890737500075,0.997475506307841,1.0155254583151012,2.394254639720468,-0.07709346503402185,-0.762795423968355,0.18127825829217742,1.1763729951264918,-1.081530016447473,-0.3544734080595305,0.07709346503402185,-2.3942546397204683,-1.5951531076062477,-1.685411683720486,0.2636699792153276,-0.7675202888890147,-0.3747428216220998,2.27487981030138,-0.22015379130249568,-1.0945585420250417,0.139780294854656,-0.8036612908751883,-0.02767187758659086,-0.5513543759015367,0.09311505682453199,-0.3469449996836519,-0.8895394805998851,0.2044646553166367,0.18071947766026855,-0.5799798072721716,0
0.5960101282327613,-0.05050211919562982,-0.4445202009343899,2.9451710759725747,1,0,0,1,0,0,3.7444210907396727,-0.7501692974280442,-0.579210432367824,0.0835618449536671,-1.856688079225452,-0.6415110166271846,-1.5673502004119637,-0.38240480635730556,-1.1214482638049759,-1.6101484722482862,-1.4162416907041602,0.52392612276628725,1.3360064257109232,-0.5568966834338144,-0.9259864269715928,0.4996789856860048,-1.2831422166131081,-0.3110224904862615,0.3506288912831737,0.36682327779893126,1.6229940028334842,-0.4027702771773302,2.035186537117389,0.9028648505954857,1.5375306333746483,-0.36682327779893126,-0.3506288912831744,-0.3974950218363748,-0.7097714541928067,0.7276480584821255,0.8992242749222835,0.2738518273252659,0.7626401075935709,0.4323198869208419,0.2896456887631914,0.6978801664463103,1.9441819381057224,-0.1035484832504671,0.9904691974348425,2.02508949043125,2.37767643276818,-0.5723076854318833,-1.4418395571298541,-1.4893561657595522,1.2139110595827887,0
0.44180855408933456,0.026801178718756015,0.27967722576327125,-0.4281154315628296,1,0,0,1,0,0,-0.36935237260751347,-0.13962361515263325,-0.7071422465416066,0.5349085746690722,-0.7525274697403103,-0.5207689889494408,0.006941692306806496,0.8909368590546726,0.2737966157924858,-0.29976101677328526,-0.7110862569924736,-0.04641272666620979,1.6939134125735134,-0.5275779022864528,1.5163406773389654,-0.9129329096302279,0.02141687604504189,-0.7952655488222795,-0.5609884768922861,0.4930801176436278,-0.5368022158359594,0.2961980039210327,-1.2916986772934613,0.42619440236689493,0.14802493768021166,-0.4930801176436278,0.5609884768922854,-0.3974950218363748,1.6918044954137887,0.5638910893291381,-0.031051760693324323,-0.01630893667750248,0.4475901695294441,1.247911984700014,1.784586258014483,0.7598912632898273,-0.47058938433204756,0.35171115073279,0.21499580256151593,-0.5033334260339178,-0.3130987707090945,1.2041903675089267,-0.8656330827735822,-0.7656567202776299,0.47161139053935697,0
0.23620645523143258,1.3924927752062353,-1.168717627632051,0.5985369837740325,1,0,0,1,0,0,0.45087853266109723,-0.5018807199693771,-0.5536240695330674,0.02280363133813179,-0.9637736915191104,-0.40360450283251903,1.062992203162375,0.19719960070496004,-0.21138779219446202,1.2842989502306246,1.1161489001784661,-0.07844603467312718,-1.200733367443103,-0.004664952234545848,0.8493079624229121,-0.3625328190492844,0.23779322858048682,-0.2624118887326015,-1.0383979846077995,0.9228794432816189,-1.4827776999038893,0.5801554317167795,-0.07533632714995672,-1.499213330762585,-1.7072423697188643,-0.9228794432816189,1.0383979846077986,-0.007559831120602114,0.7912135143113154,0.018034525485845748,-0.173177266134598,-0.06751377738387422,-0.08799472517957138,-0.709509049969999,-0.319404172783631,0.20179139169817292,-1.4420491117495413,0.19995793940503753,-0.8432973010303187,-0.7496925819971905,-1.2269469530221315,-1.0481553781838862,0.03983423407198747,0.5704037944582268,-0.9511296417938885,0
0.8787130141623758,-1.3904259497116478,0.27967722576327125,1.0385308760612593,0,1,0,1,0,0,-0.5081606796529707,0.00574440443675031,0.9687645191349462,-0.5894077020450715,1.1108967519626614,0.45992459141090014,1.0838615011102224,-0.3148231398754859,0.46119847479371795,0.3689803422638815,0.6390373248653856,-1.3321987596314526,-0.19278545238204944,2.297643509870355,1.0972429018285006,-0.8738465569770758,2.0622794621875333,1.4255345128278845,1.179804912165518,-2.987076365255074,0.7886425213466728,1.531298491481617,-1.5086052816046471,1.5464523750418524,0.5609771742024694,2.9870763652550734,-1.179804912165519,1.9699686360808162,0.8662627627365218,-0.31857702221751816,-0.7029177864157086,0.06903246449978255,0.4790951633358572,0.02452383803125581,-0.4855086804782194,0.2638024885416898,0.917210226264372,1.717490052682561,0.561678026151944,-0.3607044410025493,0.24536400737109418,1.3628062650929278,1.0276167615398821,-0.26463402725168356,0.16231986177126023,1
-0.5605016778429365,-0.5916252045963298,0.5693561964423357,0.5985369837740325,1,0,0,1,0,0,-0.3188766245909836,-0.22626295482790584,-0.8094876978806327,2.971023615825297,-1.5432937290021664,-2.470081946902348,-0.16579237125426624,-0.5302372246740812,0.48858439643979634,-0.4538370906707704,0.8594579509221844,1.94745683236704,-0.2821506345112183,0.10289415662553605,0.08234964198582548,-0.31155306013910705,-0.3961881183360392,-0.22095228245272006,0.74512626677265,1.9170916883510314,0.33334895699822664,0.8102632948502484,-0.9809920169845942,0.2202512741348211,-1.333054327924068,-1.917091688351032,-0.7451262667726507,0.29881781872750485,0.340918023760079,0.8004289336612322,0.49868875958778525,0.3079883877961804,0.9516700704320475,0.8401159358104279,0.5111183656893089,0.5118468759157585,-0.27629743884854874,-0.1035484832504671,-1.9928225687248964,-2.0592859900124822,-1.870025303538713,-1.8412348661038906,-1.1948939252628807,-0.48731077970765985,-1.940862533851798,0
1.3156174742354179,0.7482986259196881,-0.15484123025532542,-1.6014324776621007,1,0,0,1,0,0,-0.0412600105000692,-0.3989601621000935,-0.7966945164632545,1.6198766749464881,-1.6791747129057726,-1.5587032342829341,0.695461587276413,-0.014298440357310965,-0.17005209993015527,1.0120499429960392,0.38771102994305323,0.7167496705206166,0.2999075587834648,0.11376933772368526,0.6910075301107199,-0.2561937449905809,0.5967506037191105,0.046982531249073596,0.6912331826893902,0.2920044097428146,-0.8533792847696893,0.7118612324975071,-0.02498308910136219,-0.7754864974385888,-0.45817403009074376,-0.2920044097428146,-0.6912331826893908,-0.09111737198826762,0.340918023760079,-0.7188718357025985,-0.7287587874050313,-0.47715250303484213,-0.655084613695,0.10608304780917345,-0.2086678343205727,-0.8523972546416179,-0.8314172830871166,0.5793409677244183,-0.19554893590083341,-0.17917664187171697,-0.4654068010946016,-0.0012904541294803558,-0.4540570296619595,-0.3759724034796717,-0.45626319576493324,0
1.3927182613071303,0.33601437037629844,-1.8929150543297122,0.5985369837740325,1,0,0,1,0,0,6.003210814479385,-0.7879649825212839,-0.5152445252809326,0.0025508934662866888,-1.9857556616218606,-0.607971564494478,-0.4657142928179438,1.8041274018672164,-2.031583873836222,-0.1939638905729535,-1.7319806502675192,-0.942880763361641,1.8260507245025537,-1.2157404258062798,1.6137914667997644,-2.925734986098475,-0.2922846958580478,-2.01705186461319,-1.0117882743416888,-0.28249761283093816,-0.5671664479269186,-0.8595606131163903,-0.1628382902257761,-0.027791798455627945,0.28240111226652576,0.28249761283093816,1.0117882743416882,-1.1216603760228097,1.6167552469885829,0.23637715102316323,-1.3618633116434313,-1.381771355514063,1.0776900456576979,1.0847935651441794,1.9506907657090713,-0.10826409251941274,-0.8869292675109735,-1.2416975682086098,-1.9745761359043472,-1.7351292058502814,-1.633101700716815,-1.0798785577006862,-0.9479482933959068,-1.1553410370755877,-1.7552876165909395,0
-1.9483158451337743,0.6194597960623787,-0.15484123025532542,0.3052077222492148,1,0,0,1,0,0,6.167256995533108,-0.7897093987563565,-0.5920036137852022,0.16167954817364105,-2.1667927682122676,-0.7322911337330437,-1.6278967235140889,0.9750950376768786,-1.2689231001561592,-1.8715889124407845,-1.5437135738028507,-1.386283071727169,0.7831939488330997,-0.13480183963294254,1.4702683907477774,-1.1522981237691525,-1.2956882487559243,-0.4621718813343446,-1.4375436385994584,-0.4649864905896614,2.1289376116067715,0.13453405731969645,0.5767118999083812,1.2436135878537335,1.5556823631400802,0.4649864905896614,1.4375436385994576,0.0759977097470634,1.8168865761224657,0.900502637032502,0.09384641075506688,-0.4316370890736236,2.27487981030138,-0.22015379130249568,0.5664865349208381,1.3800022317249987,1.9719379303176512,0.12408133374116129,0.0051618251252043045,0.30057539868834077,0.8038267854512828,0.030432725387320277,-0.7833178721512579,-1.0440026608476,0.22417816752487937,0
-0.4063001036995106,0.7998341578626126,0.27967722576327125,-0.13478617003801185,1,0,0,1,0,0,0.36254597363216995,-0.4855995017753661,0.17558727125749374,-0.44416663902126813,-0.116247613852207,-0.030198602421718897,0.390168740836569,-1.6329285328941783,0.7024917398953664,-0.36014875696721355,0.3456081868966684,-1.069044743864316,-0.28842540732028765,0.07421001685564485,-1.1513324649135828,0.9139358484996839,-0.5989265036589492,0.5925929477482633,-1.4375436385994584,-0.032311248161722386,-0.46838935744128646,1.0878660687192572,-0.04191235394460235,-0.10734753286241806,0.12924410515765922,0.032311248161722386,1.4375436385994576,-0.06326485836571254,-1.1600669447440433,-0.4823339913705056,0.03355074177998182,-0.20406001926752979,-0.15100471279239655,-1.1173050988595852,-0.6516131881728072,-0.046252995675895824,-0.49834537654397587,0.8828473903799233,-0.2776578835933038,-0.2569742700706454,-0.2792525417345383,0.030432725387320277,-0.37174181903963527,-0.4316415915936655,-0.3944048900113141,0
0.9558138012340891,0.8771374557769975,-0.4445202009343899,-0.8681093238500562,0,1,0,1,0,0,-0.6217311126901629,0.247055316955127,-0.06748317567269331,-0.3886162722870644,0.8404586884616378,0.49033369467788745,0.6788346676453204,0.23548184449495965,1.0132027698631882,0.41284642662076837,0.41496910070496545,0.4412794079744122,-0.16114953226025383,0.17967293517846822,-0.025315525795451994,-0.03512129042710574,-0.8243227260198898,-0.9369953428618274,-0.8901438845537553,1.484686348387369,-0.7644090502201372,-0.34856675969320305,-1.4203756386915962,-1.3751131921824211,-1.4542737353876583,-1.4846863483873682,0.8901438845537545,-0.03541234474315745,-0.25947596364157,-0.7188718357025985,-0.625394783447741,-0.8867912286858101,-0.7495995951142377,-0.38327221085833024,0.012804842605544792,-0.8523972546416179,-0.8036612908751883,-0.482931511569848,-0.5422311594912614,-1.1386807229918314,-1.5146398993058652,0.31594134103852145,-0.5363722402842841,0.18071947766026855,-0.8892713360402683,0
1.521219573093319,0.7998341578626126,1.0038746524609323,-0.8681093238500562,1,0,0,1,0,0,-0.44506599463230834,-0.0727543261415168,0.11162136417060241,-0.42275660184246044,0.5790075208633281,0.27076208138243496,1.4080090575972897,-1.5741694438959737,-0.22620685165405255,1.937857976472481,1.6177168283416854,-0.9767703096003537,-2.556982930484239,0.7965372225218588,-1.288205656197156,-0.9790132964781464,1.4101033067973059,1.1017442591228728,-0.27639264516917894,-1.0580753433055055,-1.1619802618977608,0.8701008167041271,-0.6745816030926748,-1.2196868050286247,-1.0274722741734015,1.0580753433055055,0.27639264516917894,0.6609004958207222,-1.2351161931692491,-0.2185033188462471,-0.6770767854263857,-0.135786898325702,0.7941451013999841,-1.3619827281933365,-1.4267675574142176,-0.17027518936292965,-1.1089772052064004,0.7310941790521709,-0.17730250308028428,-0.4903671546674297,-0.9054077777638412,0.31594134103852145,2.097714499630101,1.5724491805101195,-0.5799798072721716,0
0.8016122270906633,-0.3339475448817109,0.5693561964423357,-0.13478617003801185,1,0,0,0,1,0,0.4130217216486998,-0.49315863879401406,-0.8350740607153893,5.797727173081393,-2.5798794537519703,-4.8598797095314685,0.49201695591796885,1.1605310976184853,-0.33472991380197975,0.3773082375876207,-0.4870044926165881,0.8199500401401981,0.9228048888755156,0.05391125713621537,0.6886752211801082,0.10880739283130751,0.3476004921816839,-0.18278152332814004,0.9953441571592244,0.13114384342216406,-0.6302940613110859,-0.902965633897788,0.5669279421363003,-0.1650443892259624,0.4546791099233964,-0.13114384342216406,-0.9953441571592251,0.18740776423728422,0.8662627627365218,0.5638910893291381,0.5374502610717695,0.6664222727407777,-0.18250970659880966,1.247911984700014,0.7879592118469556,0.3258135853852078,-0.6093693453916895,-0.8623145398892288,-0.07694712256726609,0.22277777048941236,0.1438253204474232,-0.0012904541294803558,-0.5363722402842841,-0.5429799678216537,0.16231986177126023,0
0.9558138012340891,-0.5916252045963298,-1.168717627632051,0.3052077222492148,1,0,0,1,0,0,-0.34411449859924853,-0.16869721907050997,-0.8478672421327675,7.244351306784614,-2.4229389229333282,-5.728327923421018,-0.4894731332627759,1.6467490658087967,1.229393878812627,-0.48416976737309236,-0.43021398121799115,0.37678980631325126,0.9962348443022373,-1.6682709859667486,1.3750098598981295,2.663189193598126,-1.378090495449807,-0.7775788443427679,-0.09305301462755473,0.6061852033378352,-0.9862924056414717,-0.8827600798377806,0.9956256853037986,-0.7124088255817947,-0.19985515233078474,-0.6061852033378352,0.09305301462755473,-1.5951531076062477,0.9413120111617277,-0.6642861793182697,0.6924962670077037,0.0519641842643253,-2.2303343040156345,0.2692014673650073,0.34501385799472056,-0.9764194483286528,-1.1644891896302574,-1.2416975682086098,-1.9015904046221521,-1.2294446225572482,-1.3792549834076382,-1.7460653275534903,-1.277209135885205,-1.211010225189582,-1.8790042280981787,0
1.521219573093319,-0.9523739281967958,3.176466932553916,-0.8681093238500562,1,0,0,1,0,0,0.3499270366280375,-0.4815291972268634,-0.5664172509504457,0.07488210015144776,-0.9380229314386127,-0.4282001010631705,1.5787650106177507,-1.3410155218235371,2.9935746003910215,0.46426143639051193,1.4040028211751445,1.4280799492938545,-1.0475323316963643,2.956446363407747,-0.4935072256654746,1.4088056053115554,2.0448312259055195,2.095497871503354,1.6813619367772266,0.28017642692511974,0.758735192906579,1.3462011837533332,-2.6766029954338033,1.4004323914802785,0.2205733860361018,-0.28017642692511974,-1.6813619367772272,3.056216667360468,-0.3345252120667762,0.48201260475264507,1.183475285804831,2.100157812519166,-0.6865896075014126,-0.8726274695258333,-1.482135726645747,0.8839134569768611,0.8061862574166584,1.413983630027056,0.32447439948480933,-1.164613265724808,-0.6346379459673855,2.1241625734961316,-0.20711139779498602,-0.09762646290970158,0.5334696962929761,0
0.31330724230314594,-0.05050211919562982,0.27967722576327125,0.3052077222492148,0,1,0,1,0,0,-0.596493238681898,0.22088907342903796,-0.7199354279589849,0.5493748160061044,-0.3710772138195086,-0.25468933536330174,-1.1015150965008484,1.2654141091609716,1.6750334684948258,-1.170039109761083,-0.8122218551155422,0.40954080742663596,0.9913368633719257,-0.4883289939068165,1.3952530461207981,1.7975950640034575,-0.11345771703538463,0.42735227276584903,1.2021396197987126,-0.6337026228571595,1.0437509786282668,-0.3390867048452644,-0.4834171854694093,1.4681446226038504,1.4731545079844037,0.6337026228571595,-1.2021396197987133,-0.3974950218363748,1.4666567501381707,0.35464607318920965,1.2739187892674588,1.1614023995690306,-0.9386295579527137,0.8401159358104279,0.2896456887631914,0.20179139169817292,0.9449662184763004,-0.3311783002420958,-0.040454256926167845,-0.2829068128036209,0.2961333508329291,0.7917890337905242,-0.6186874509066087,-0.9326642846196119,0.5334696962929761,0
0.46750881644657266,-0.05050211919562982,-1.168717627632051,2.9451710759725747,1,0,0,1,0,0,-0.2810198135785862,-0.2442885892569894,-0.579210432367824,0.0835618449536671,-0.46758293208315554,-0.25245337188778794,-1.9899670530995757,0.7935927808381641,-0.42958466964688086,-1.6464057322501637,-1.6785991542846679,0.4013310890887196,1.8792522147686264,-0.8551348398262683,0.23122041523843073,1.5401555756103824,-0.9048960908408027,-0.26285535512740543,0.3506288912831737,0.19961827368027837,1.9126569722961375,-0.8575994608575143,2.1349644560298624,1.326908453271519,1.9256340179449603,-0.19961827368027837,-0.3506288912831744,-0.8152827261747027,0.19081952690966666,-0.054746349693259644,0.7441782689863493,0.3079883877961804,-0.9386295579527137,0.4323198869208419,0.2896456887631914,-0.17027518936292965,2.138473883589221,-0.6346847228976005,0.7623887871779818,1.8565279626669051,2.428445776230015,-0.794369942049485,-1.6887851889968277,-1.823371294443516,1.2139110595827887,0
1.3927182613071303,-1.158516055968491,0.5693561964423357,-0.4281154315628296,1,0,0,0,1,0,-0.5333985536612357,0.020281206395688665,0.21396681550962854,-0.4516890845165249,0.8133652694943978,0.36467254735401344,-0.0920812091426348,-0.16180842427400374,-0.39375113474207574,-0.059940559980935525,-0.32615961509822133,0.27372522665369675,0.31300163309357876,-1.4326911270441025,0.2549373883302202,-0.12438041577267706,-0.9009526696489529,-0.8713080513108966,-0.5008818372323651,0.8700970699576553,-1.303486930439845,0.4774778194819253,0.4132806692835442,-0.8123934153153566,-0.426639252143977,-0.8700970699576553,0.5008818372323643,-1.4001855122483615,-0.03432821836595151,-0.7461646638947628,-0.6899972859210471,-0.972132629863095,-0.5920746260821743,0.02452383803125581,0.2896456887631914,-0.728375060954584,-1.2755131584779709,0.19995793940503753,-0.6243401071837319,-0.3347718982695729,-0.6177148314801074,-0.6040308649486834,-0.28942660841731066,0.1250502895462747,-0.332546584257695,0
0.8787130141623758,-0.5916252045963298,0.27967722576327125,0.5985369837740325,0,1,0,1,0,0,-0.5081606796529707,0.00574440443675031,-0.8094876978806327,2.971023615825297,-1.2434645926917873,-2.291652061556349,0.9224555465829563,0.2875108883009937,0.012559879610332487,1.1129350971477954,1.7889628254829177,1.5481525993266112,-1.0798412670160726,1.8407592968950746,1.276826819693865,-0.9995333261208448,2.1535327952053516,1.3736614152299638,1.1569031123463245,0.9640930772469049,0.5565681078709853,0.8844793613969654,-1.0216043743107326,0.6319027401073001,-0.9846262788364044,-0.9640930772469049,-1.1569031123463254,1.7750010407229295,1.2415090048625523,0.1272058382545045,-0.4186667755331612,0.4103980692089227,0.8571550890128092,0.18764225758709038,-0.319404172783631,0.6978801664463103,0.16779843654230542,0.35171115073279,-1.0713777112871794,-1.3591073362221284,-1.0746389226366257,-1.175048096251087,-0.28942660841731066,0.18071947766026855,-1.0748462533011267,0
0.7502117023761872,0.33601437037629844,-1.6032360836506476,0.5985369837740325,1,0,0,1,0,0,-0.7731583567397526,1.625144142662483,-0.5152445252809326,0.0025508934662866888,1.0988179331184689,1.247878120181954,-0.32922934205298476,0.969687247502504,0.2928331615344728,-0.5651767639644217,-0.3462364424552425,0.09006937119134492,0.19979694293969674,-0.946342149484623,0.8513640319020476,-0.12795097727966184,-0.45951972822738635,-0.08130293679854501,0.3422533759207262,-0.21659885141806862,-0.4877725109001431,-0.47804838119868986,-0.5288911344074572,0.3078654494536439,0.3707478390045052,0.21659885141806862,-0.3422533759207269,-0.9823978079100336,0.491016520610491,-0.6824813981130464,-0.6383152839424023,-0.767313267037611,-0.15100471279239655,-0.30171300108041293,-0.4855086804782194,-0.790386157798101,-0.8036612908751883,-0.9381911455531051,-1.8194814569296822,-1.7480954772167696,-1.5484861282804228,-0.826093121566285,-0.8656330827735822,-1.0440026608476,-1.5078543935764617,1
0.6217103905899984,0.7998341578626126,0.27967722576327125,-0.13478617003801185,1,0,0,1,0,0,-0.571255364673633,0.1598345052014969,0.17558727125749374,-0.44416663902126813,0.8773259456338688,0.4661852891423387,1.7550015008146698,-0.8940674184510292,0.5595717051558089,0.8716426854892754,1.0702999877251362,0.5485863663950307,-0.3635932414979839,1.9250224834495016,-0.1758965007305965,0.7335780906277756,1.1043662851985936,1.6053153974182037,0.9153149533513734,-0.1595918522639314,-0.5169125247414884,1.0509263372337294,-0.027778031631528134,-0.08246233042673584,0.17583563327231602,0.1595918522639314,-0.915314953351374,1.8864110952131505,-0.10937746679115769,0.1908891040362222,0.5503707615664309,1.0077878774499178,0.1325402314653172,-0.30171300108041293,-0.7069813574043363,0.44983577907224165,-0.49834537654397587,0.9587239960437993,-0.040454256926167845,-0.0495139282068366,-0.07617516788719629,0.2207718024881207,-0.37174181903963527,-0.48731077970765985,-0.20882997275045564,1
0.46750881644657266,0.8771374557769975,1.0038746524609323,-0.8681093238500562,0,1,0,1,0,0,0.021834674520593164,-0.4041934108053113,-0.06748317567269331,-0.3886162722870644,-0.07210722296840455,-0.010522123837197696,2.369284058453545,0.8207349261416161,0.3513676856545237,2.2826906956679673,2.1232695523958527,1.3251442739265575,-1.4562517174457357,2.450351429302362,0.7177259970355624,-0.8620445800302383,1.5810907638411917,1.0733675325943919,0.5516412599819246,1.2602276553956464,-0.8461848814997645,-0.4074822952164871,-1.3466030648448986,-1.5159853264510998,-1.7124199257496717,-1.2602276553956464,-0.5516412599819253,2.8612490720025816,1.0914105080121401,1.0369667779933252,0.369483754641173,1.0248561576853752,1.550264952753888,-0.22015379130249568,-0.4855086804782194,1.0079356506638961,-0.6926373220274746,-0.17942508891434333,0.7350191379471587,-0.1402778277722523,-0.7192535184037778,1.109020828958526,0.36909507656128593,1.2384340518261547,0.2860364732784985,1
-0.3291993166277972,0.7998341578626126,-0.15484123025532542,-0.8681093238500562,0,1,0,1,0,0,-0.81101516775215,5.82337254840388,0.11162136417060241,-0.42275660184246044,2.38323990084408,4.805296009724367,0.4238639340375281,-1.3454901522034666,1.1444989334699336,1.0594971814018987,1.4385870701224408,-0.045028163923787334,-1.9560882815413376,-0.5714612312555414,-0.7717876217128631,1.0153226669369946,-0.002228250923689682,0.6470568015929422,0.6152054390719316,-0.6715663093066304,-1.16039044721961,1.073567562543928,-0.5442670200676716,-1.4335218344886274,-1.2385086199809086,0.6715663093066304,-0.6152054390719323,-0.5924626171942612,-0.7848207026180125,-0.2821865846279648,0.26611975068388355,0.2567835470898098,-0.49755964466293656,-0.46483142063624716,-0.762349526635866,-0.17027518936292965,-1.0812212129944723,1.0346006017076752,0.07814755640739948,-0.21807545597118072,-0.7530997473783346,0.3476645205553221,2.0153992890077768,1.739456744852101,-0.20882997275045564,1
-0.9460056132015023,-0.5916252045963298,-0.8790386569529866,0.3052077222492148,1,0,0,1,0,0,-0.5460174906653681,0.07261369344786675,-0.8478672421327675,7.244351306784614,-2.075324196037846,-5.5427429549533755,1.3433921542401976,1.5834681392477332,-2.589723030911429,1.200471857456576,-0.015278437060741766,0.2191764598547744,0.38949813505482833,0.9282518410507341,0.916610362120299,-2.5935543597067836,1.4070035521814703,0.3118326144336775,-0.19575715951429745,0.4930801176436292,-0.9405211899418504,-1.2551195760864906,0.9339661294146425,-0.2265993940393452,0.3243065711560352,-0.4930801176436292,0.19575715951429676,1.1900982546492709,1.2415090048625523,0.900502637032502,-0.7416792878996918,-0.20406001926752979,2.6844447297847456,0.02452383803125581,0.12354118106860354,1.2559800380379649,-1.1089772052064004,-1.4693273852002382,-1.7191260764166634,-1.0868156375258795,-1.0915620371239039,-1.4922798914190887,-1.5241547677521787,-1.545025353873546,-1.6315710050837011,0
-0.04649643069818187,0.026801178718756015,2.8867879618748513,-0.4281154315628296,1,0,0,1,0,0,-0.5586364276695006,0.08133577462322976,-0.7071422465416066,0.5349085746690722,-0.4103053301724193,-0.35083576481039397,1.806728513125403,-0.5849893284210658,2.2268209451968697,0.5001070954237703,1.2859310084265307,0.24627739725487463,-0.78632625123836,2.0578183603687354,-0.8224480488698024,1.9958770980103753,1.4166792148037601,2.0715976530654068,0.9953441571592244,-0.651277219968356,-0.45615211900304764,-0.02099418867670038,-1.0384748291805048,0.7291424371295772,0.3507386137856598,0.651277219968356,-0.9953441571592251,2.387756340419144,-0.5596729573423944,0.9277954652246664,1.9457848149898431,2.5951379393474188,-0.5290646384693491,-1.1173050988595852,-1.5375038958772762,1.3179911348814817,-0.08200549336504998,0.5793409677244183,1.848051540000638,0.8970238815467907,1.1761353041714093,2.2827784710801327,0.2044646553166367,-0.09762646290970158,1.8943524228726025,1
-0.5862019402001745,-1.158516055968491,0.5693561964423357,-0.4281154315628296,1,0,0,0,1,0,-0.785777293743885,2.9828814456273256,0.21396681550962854,-0.4516890845165249,1.9928395997359325,2.6431193289025483,1.1735575071273558,0.1455860447303816,-0.8846137999694016,0.8324470200501072,-0.20260364398871547,0.07048512495767634,0.327599742892638,0.38682550368247154,0.5191105217091675,-0.47132764866140747,0.47620480791726005,-0.42062363666651337,-0.5252107151899527,0.617030896486598,-1.2453487957641682,0.32021210960322366,0.7356578670563366,-0.6523856831793634,-0.14726245356262366,-0.6170308964865974,0.525210715189952,0.02029268250195297,0.04072103005925432,-1.11916664918768,-1.1551353037288514,-0.9379960693921812,-1.0646495331783645,-0.22015379130249568,0.012804842605544792,-0.9764194483286528,-1.192245181842186,0.19995793940503753,-0.2594114507727547,0.14498014229048395,-0.1269445113490324,-0.4771381468814831,-0.12479618717266176,0.18071947766026855,0.10046155601764112,1
0.6217103905899984,0.7482986259196881,0.27967722576327125,-1.6014324776621007,1,0,0,1,0,0,-0.571255364673633,0.1598345052014969,-0.7966945164632545,1.6198766749464881,-0.9559833383792545,-1.128951054289187,2.1630721007269424,-0.9001637152499026,0.917437721581466,0.9079796490990455,1.18681170228711,0.36861595612209175,-0.22304541297517422,1.9578861694973482,-0.6327960814404302,0.8912980539733916,1.1613069507615466,1.8918155656599784,1.0713719007766844,-0.5598254073642694,-1.051507619581305,0.6015817260049781,-0.3584995119608543,-0.07508983473046324,0.30407634962316715,0.5598254073642694,-1.071371900776685,1.8864110952131505,-0.5596729573423944,0.1272058382545045,0.5762117625557528,1.0589927181562884,0.16404522527173035,-0.30171300108041293,-0.762349526635866,0.44983577907224165,-1.0257092285706153,0.4275877563966659,-0.323273965644676,-0.4514683405679659,-0.44848368660732285,0.41111087958892223,-0.5363722402842841,-0.8213259083916238,-0.45626319576493324,1
0.46750881644657266,-0.3339475448817109,1.0038746524609323,-0.13478617003801185,0,1,0,0,1,0,0.021834674520593164,-0.4041934108053113,-0.8350740607153893,5.797727173081393,-2.332622558664172,-4.791459227180748,2.2268612783846766,0.9740612111000744,-1.6607954856850569,1.2981143574164622,0.5038902792797486,0.48270597513334995,-0.1299314608035089,2.4665758716751047,0.6341461196510143,-0.8256166822466794,1.6622377294223454,1.1256606279021468,0.9573302853504951,-0.29111514316954507,-0.6319312672070566,-0.7016559195392527,1.4406979224209782,-0.10542227103715257,0.4439064695065489,0.29111514316954507,-0.9573302853504958,3.0005116401153575,1.0914105080121401,1.2553094035306427,0.5632912620610914,1.263812080981773,1.6762849279795395,0.10608304780917345,-0.319404172783631,1.1939689411944467,-0.5816133531797613,-0.6346847228976005,0.0963939892279486,0.8321925247143505,0.7361343275021692,-0.7309235830158842,-0.37174181903963527,-0.5429799678216537,0.16231986177126023,0
0.9044132765196139,-0.05050211919562982,-0.15484123025532542,0.3052077222492148,1,0,0,1,0,0,-0.7983962307480176,4.055697430196976,-0.7199354279589849,0.5493748160061044,0.843988333151166,2.6945464888393653,-0.5002179108024375,-0.18081733845859563,0.4563332370206547,-0.3959347243668493,-0.46885329157023203,-0.47587571896582886,0.33115433636760505,-0.016514074585770897,-0.8938054736354474,0.134277075226481,0.7457172578523605,0.9746097135756344,-0.3979084468072301,-0.2543969704224406,0.6790645128781598,-0.6472172306787164,-0.488887311290323,1.2743227368149648,1.5610489345015606,0.2543969704224406,0.39790844680722937,-0.3139374809687093,-1.0850176963188372,-1.1737523055720087,-0.9354867953196102,-0.6307670251539549,-0.6235796198885869,-1.4435419379712537,-1.482135726645747,-0.6043528672675491,0.8894542340524437,-0.4070549059059717,0.8080048692293539,0.4043055696202447,0.9222885868622325,1.7434844192945298,-1.1125787146405561,-1.32234860141757,1.4613442825972665,1
-0.04649643069818187,-0.5916252045963298,2.8867879618748513,0.5985369837740325,1,0,0,1,0,0,-0.5586364276695006,0.08133577462322976,-0.8094876978806327,2.971023615825297,-1.1334967046989404,-2.233517011192991,1.1615304778694249,-0.7527409644423484,1.7918920394779494,0.3002535063376865,1.3265527357906914,0.4633559058296795,-1.3139894893218018,2.037882615991169,-0.5671733013327224,1.856586586882657,1.1507292448884108,1.8108539796552898,0.4251360800282837,0.21031740340811067,0.4210918939956425,0.46497883449156563,-0.5838859754158242,0.735420304843127,0.043362931277069874,-0.21031740340811067,-0.4251360800282844,2.5827239357770297,-0.18442671521636386,1.3553831069019124,2.2817178278510344,2.7999573021729036,-0.15100471279239655,-0.9541866793037505,-1.2052948804881005,1.6900577159425842,0.08453045990652028,0.04820472807728505,-0.989268763594709,-1.0997819088923677,-0.7869459763528921,-0.667477223982284,-0.37174181903963527,-0.32030321536567735,-0.76555472453303,0
-0.3291993166277972,0.6194597960623787,-0.15484123025532542,0.3052077222492148,0,1,0,1,0,0,-0.81101516775215,5.82337254840388,-0.5920036137852022,0.16167954817364105,1.5365566440209162,4.3536313876705846,-1.8655465609419246,0.1201438723949939,0.35785658382718394,-0.5684931343838169,-0.99410740868297,-1.2507586749540118,-0.08426227708637977,-0.7161189071114252,-0.5205108743583244,1.5227402583063752,0.1303780119992275,0.5805136539421732,-0.3925077445122049,-1.3166012534636966,1.8785503312142262,-0.686337602793829,1.0410051687289412,0.8972781533346663,1.8591469139172627,1.3166012534636966,0.39250774451220416,-0.6760201580619267,-0.4846237089171882,0.00893691608845806,0.795860270964994,0.8200367948598906,-0.9386295579527137,-0.8726274695258333,-0.8177176958673952,0.20179139169817292,2.055205906953436,-0.482931511569848,0.6620334066649622,1.143383037510063,1.4976744794297,0.6331731362065233,0.2044646553166367,-0.3759724034796717,1.0283361423219313,1
-0.5862019402001745,-0.3339475448817109,0.5693561964423357,-0.13478617003801185,1,0,0,0,1,0,-0.785777293743885,2.9828814456273256,-0.8350740607153893,5.797727173081393,-0.46758293208315554,-2.1865617782072015,0.7725301797742474,0.28689853785190716,-1.14948580898301,0.517264212554858,0.035372750359938275,0.440872222063874,0.46968750952098126,0.5054463998697262,-0.10535920060314821,-0.10546252597003038,0.900891968861736,0.6704814179963061,0.4292298816076853,0.17559215780023885,-0.5691859331892084,-0.49932378120424525,1.465405941049677,0.19451847488822216,0.6086082981718274,-0.17559215780023885,-0.42922988160768605,0.38237535959517033,-0.18442671521636386,-0.2639913658331881,-0.2765412700918884,0.08610074473523979,-0.11949971898598452,-0.05703537174666111,-0.26403600355210183,0.015758101167622184,-0.49834537654397587,-0.4070549059059717,0.23324223538206504,0.9748215097457181,1.0069041592986248,-0.7626467625326843,-0.7010026615289333,-0.7099875321636356,0.47161139053935697,0
-0.5862019402001745,-0.3339475448817109,0.27967722576327125,-0.13478617003801185,1,0,0,0,1,0,-0.8236341047562825,7.277052744297715,-0.8350740607153893,5.797727173081393,0.44498297934688336,1.1159562751266412,-0.10643404611828121,0.03940170323608522,-0.8299992699029819,-0.16704279201675562,-0.35068378287592844,-0.9812268542547726,-0.14867080929551213,-0.7773180010423293,-0.8400986952289549,0.531359228123074,0.02141687604504189,0.39145158409874303,-1.4375436385994584,0.08746187929198715,-0.6286878557634413,-0.8956725049175487,1.668601587272593,0.24690064298669118,0.8380823748191307,-0.08746187929198715,1.4375436385994576,-0.7874302125521474,-0.8598699510432187,-0.3458698504096825,-0.031051760693324323,-0.01630893667750248,-0.37153966943728567,-1.4435419379712537,-1.0945585420250417,-0.046252995675895824,-0.5538573609678327,-0.7864379342253526,0.24236545179233895,1.0915179520441112,1.142289075196852,-0.7626467625326843,-0.6186874509066087,-0.6543183440496418,0.5953280020465953,1
1.8553229837374106,1.2378861793774645,-1.8929150543297122,0.5985369837740325,1,0,0,0,1,0,1.3342041229503703,-0.6391081304617552,-0.42569225535928473,-0.1363250233692226,-1.0784554262698471,-0.38616398772351157,-0.3137201896495935,-0.35669626983222497,-0.9476778786141458,0.09974762389810442,-0.9013862056548972,-0.5151293678680351,0.5873365776936683,-0.25100750948310685,0.010997416437572911,-0.8725025710135533,0.021928983959754015,-1.1147362456074357,-0.4372750117287954,-0.26889098598050765,0.18543181455967456,0.5005937948992929,0.41872646742095754,-0.11300819958990384,0.0835232355799706,0.26889098598050765,0.4372750117287947,-0.3696425082138195,-0.18442671521636386,-0.5824076947417753,-0.9096457943302884,-0.8526546682148961,-0.6865896075014126,0.4323198869208419,0.7325910426154264,-0.728375060954584,0.08453045990652028,0.35171115073279,-0.2867811000035777,-0.03654765684034838,-0.07617516788719629,-0.4136917878478824,0.4514102871836102,0.3477270420022505,-0.1469716669968365,1
-0.5348014154856993,-0.07626988516709207,0.27967722576327125,-0.4281154315628296,1,0,0,1,0,0,0.31207022561564,-0.4635035627977798,-0.09306953850744984,-0.3648916364943316,-0.28548224993485216,-0.0744706792368916,-0.3276590515680535,-0.7827891822899099,1.9433355914790214,-0.8320842904737622,-0.24372388991676652,-0.05356737413983516,-0.21034594859421424,0.05435918295929958,0.3091441363372097,-0.25074821026419847,0.22496416381618003,-0.33653302796321233,-0.7532939460423284,0.6740482547543618,0.5099329424292817,1.384096528261683,-2.9085826249298172,1.347162808754352,-0.011706007462600277,-0.674048254754361,0.7532939460423277,0.11081335177525738,0.3784426479726819,0.2636699792153276,0.08846286888229167,0.17997628603025284,-0.08799472517957138,-0.3221028035248922,0.012804842605544792,0.37232190801784526,0.3065783976019474,1.0346006017076752,-0.5057382938501646,-1.825893105415697,-1.3284856399458025,1.3628062650929278,-0.28942660841731066,0.013711913318286572,-0.20882997275045564,0
0.3647077670176212,-0.46278637473902035,-1.168717627632051,-1.6014324776621007,1,0,0,0,1,0,-0.2684008765744537,-0.29952843670095514,2.0433917581947205,-0.6843062452160029,1.05398173731389,0.29848802847880573,0.8728206366512684,1.1128468033570522,-1.5835654282027951,0.21552170878774576,1.3278996295647432,2.280503323165386,0.6339248074590615,0.2528326608433694,0.01747278387204327,-0.9338084209177523,-0.26120038282020713,-0.3284984946602314,0.44932672572474713,2.664697762972419,-0.9610509263953568,-1.5099133107289044,1.226399583227558,-0.550157752673807,-2.047049396591505,-2.664697762972419,-0.44932672572474786,0.38237535959517033,0.19081952690966666,0.5456958705343614,-0.05689276168264715,-0.15285517856115927,1.140700033270523,1.166352774922097,1.009431888773073,0.20179139169817292,-0.47058938433204756,-0.9381911455531051,3.389875113337017,3.7885023962736226,3.2069090426448246,-1.4922798914190887,-0.20711139779498602,1.6837875567381073,3.255235149452228,1
0.46750881644657266,0.23294330649045036,1.0038746524609323,-0.13478617003801185,0,1,0,1,0,0,-0.21792512855792381,-0.3094134620330332,-0.016310450003180245,-0.39671736743580244,0.1847576347641179,0.06863098319598987,1.6378665510247008,-0.03471710628114373,0.9336662173207646,0.42200095966343854,0.6299659892963159,0.10299591952217081,-0.2531880921123984,2.3600522672215605,0.49233980757424267,-0.7947699982305003,1.40447160308405,0.6559706892925617,0.5061221547512287,-0.36149164093482894,0.08064310846774951,0.5408655290758909,-2.0750201979761322,0.8225539287414984,-0.17855893551808041,0.36149164093482966,-0.5061221547512293,2.8891015856251374,0.9413120111617277,1.2644070129280303,0.5891322630504142,1.178470679804488,1.3297299961089997,0.18764225758709038,-0.04256332662598434,1.13195784435093,0.3620903820258042,0.9587239960437993,1.1546870928197819,-0.2569742700706454,0.0761328624983096,2.187608932529733,0.28677986593896093,0.1250502895462747,0.6571863078002155,1
-1.074506924987691,-0.6173929705677911,1.4383931084795292,-0.13478617003801185,1,0,0,1,0,0,0.5770679027024219,-0.5181619381633881,0.4570372624398156,-0.48930131199280863,-0.06644377687257064,-0.020360363129458298,0.6184531579536029,-0.6875672117237884,-0.5165626377786688,1.085405195394184,0.6525890528751791,0.6460547529498868,-0.16505222710152345,0.1236886933269137,0.105268452041492,-1.5369708345917052,0.049870129667837645,-0.9919308869969105,-0.4441144553313302,1.3216089381505973,-0.7363858859607577,1.049163200348263,-0.8383490330681915,-1.4168620275667774,-1.8168251773872095,-1.3216089381505973,0.4441144553313295,0.4783117954061939,0.5660657690356972,1.3958169264458598,0.23740752736241424,0.2510941203446566,1.4697521908041666,1.2297877158604769,1.6738499195514247,1.242199794294962,-0.8036612908751883,0.6552175733882943,-0.6973258384659271,-0.9830854665939747,-1.396178097894916,-0.5405845059150832,-0.04248097655033679,0.7374113588002092,-0.6418381130257917,1
1.0586148506630406,1.2378861793774645,-2.617112481027373,-0.13478617003801185,1,0,0,1,0,0,0.17326191857018283,-0.4367558471933332,0.5337963509440852,-0.502031604369397,0.1923191352121154,0.052084853477187956,-0.09509452087750338,-0.6989158939189792,0.9852300029086563,-0.9737039105054861,-0.7497648720766609,-0.11368931630198235,1.1044601064447532,-1.2898505503757833,-0.14649637930361697,0.2238815642432625,-1.3845688123086664,-1.6472956102488654,-0.36261672883974233,0.2045801889163758,-1.1565722259525615,0.8125271416214619,-1.121863038367874,-0.05750356842133658,-0.6335324891756104,-0.2045801889163758,0.3626167288397416,-1.2052179168904753,-0.10937746679115769,0.09991301006234013,0.2015172482105774,-0.3747428216220998,-0.6865896075014126,1.3294711944779316,1.7292180887829538,-0.23228628620644656,-1.1644891896302574,0.4275877563966659,-0.7611883533378483,-1.164613265724808,-1.1084851516111824,-0.15990635171348128,-0.12479618717266176,-0.04195727479570725,-0.8892713360402683,1
-0.020796168340944693,-0.17934094905293926,0.27967722576327125,-0.8681093238500562,1,0,0,1,0,0,-0.7100636717190902,0.7587507459097571,2.6574644662288773,-0.7103454796226609,2.1703529660556184,1.1325024048454433,1.557858386193765,-0.5233392400514008,0.9379022158052978,1.2173504501293189,2.088826801467521,-0.02039582676211257,-2.0215426048972516,0.4362183357734013,-0.5434491998929458,-0.583448905035029,1.00321605692059,1.3425432190449218,-0.16027754582615011,0.13114384342216406,-1.7303757871793894,0.17388405247924335,-1.8684536308783664,-0.6497900521313689,-1.404844995653201,-0.13114384342216406,0.16027754582614942,0.605195468575612,-0.3345252120667762,0.6730624020977969,0.24027874969456073,0.6493539925053206,1.6762849279795395,-1.0357458890816678,-1.0945585420250417,1.3179911348814817,-1.5808290728091832,0.5793409677244183,1.2003031748711541,-0.10137901367278856,-0.3469449996836519,1.6800380602609295,1.439192814651505,1.6837875567381073,0.7809029193074537,1
0.8016122270906633,1.8563125626925503,0.5693561964423357,-1.8947617391869185,1,0,0,1,0,0,0.3246891626197725,-0.4652479790328524,1.339766780238916,-0.6333850757096495,0.40058792472986315,0.13168515320547827,0.19474245395235112,0.586051378248684,0.7679333790344617,0.11087529943448832,0.32370089302287713,0.4272202342384845,-0.3701762202218843,-0.02107839224723226,0.82640250218295,0.05256185872285283,0.13965953471863637,-0.4316605569862561,0.6399373556703797,-0.05200463268990121,-0.2918554039520093,0.023497976477322796,-0.9969710560904553,-0.011301372508961545,-0.8422595324802068,0.05200463268990121,-0.6399373556703803,0.0759977097470634,0.9413120111617277,0.41832933897092733,0.3824042551358344,0.4274663494443799,-0.30852968182446,1.0032343553662626,0.7325910426154264,0.139780294854656,-0.3595654154843339,-0.1035484832504671,-0.3688900476960481,-0.8015576674631424,-0.7530997473783346,-0.1916295312302808,0.6983559190505837,0.7374113588002092,-0.6418381130257917,1
-0.3291993166277972,1.0575118175772313,-0.15484123025532542,-2.6280848929989626,1,0,0,1,0,0,-0.6469689866984278,0.31392460596624344,0.16279408984011548,-0.43201499629816104,1.0906404719654235,0.5753003067474108,0.8905308320078574,-0.18482862593959248,-0.12713410617289186,1.7286292027499595,2.1102636498381324,-0.052645942268231834,-2.889815824730154,-0.020457225668068447,-0.37808622311488205,0.21342290637929728,0.999829178391195,1.1477298468844264,-0.01835909107355938,-0.05359446321170947,-1.2587454186783693,-0.12507538883737446,0.3882660206406788,-1.343853032740801,-1.6229112889938582,0.05359446321170947,0.01835909107355796,-0.3417899945912644,-0.7097714541928067,-1.2738260089432798,-0.9871687972982559,-0.596630464683041,-0.7811045889206503,-1.6882195673050053,-1.8697129112664523,-1.0384305451721696,-1.2200011740541141,-0.2553016945782196,-0.43275256256796935,-0.17917664187171697,-0.685407289429221,-1.175048096251087,1.3568776040291806,1.461110804282131,-1.0129879475475077,1
0.8016122270906633,-0.02473435322416849,0.5693561964423357,0.3052077222492148,1,0,0,1,0,0,0.3246891626197725,-0.4652479790328524,-0.7327286093763631,0.7576886912593683,-1.4721509376599122,-0.9433660858215438,-0.1665749076171405,0.968496591887144,0.546419678621919,-0.6212629598644234,-1.2442056019829342,0.5099076246644537,1.5829839399288845,0.2792946522612804,0.8360768311614852,0.1536043224318289,0.2974092147629991,-0.19851754701746677,0.7431545685744835,-0.04159846927444537,0.5106943896354464,-0.4917285511111951,-0.5926164753441499,1.1341920645710195,1.4237144723904445,0.04159846927444466,-0.7431545685744843,0.4659329004628361,1.0914105080121401,0.74584327727690225,0.7183372679970265,0.8200367948598906,-0.08799472517957138,1.0032343553662626,0.6772228733838963,0.5118468759157585,0.5286263352973745,-0.4070549059059717,0.20587258615124074,-0.1402778277722523,0.31305646532020776,1.2993599060593275,-1.277209135885205,-1.4336869776455579,0.904619530814692,0
-0.3291993166277972,0.4648532002336079,-0.15484123025532542,1.0385308760612593,1,0,0,0,1,0,-0.6469689866984278,0.31392460596624344,-0.23379453409861076,-0.30529072218575887,0.7679488381675021,0.47736510651990754,-1.5269391919155495,-0.36607848332672366,0.7190826465416006,-0.326021174783241,0.389977015106598,-0.35427937553134836,-0.7325647453503128,0.06648643126574195,-0.1649243462327854,0.06274251434821948,1.1102832317646054,1.1628259477704168,-0.01835909107355938,-0.4649864905896614,2.1896785749148084,0.33723661742688027,-0.9199598911786805,1.5413714209014877,0.6282839931524768,0.4649864905896614,0.01835909107355796,-0.28608496734615396,-0.5596729573423944,-1.3193140559302208,-1.0905328012555453,-0.6649035856248688,-0.7495995951142377,-1.6882195673050053,-1.8697129112664523,-1.1004416420156866,2.721349720039717,0.8069707847160468,1.3371514210252706,0.5728670973845897,1.209981533145967,1.3945294446097283,0.12214944469431245,-0.09762646290970158,1.1520527538291696,0
-0.9460056132015023,-0.02473435322416849,-0.8790386569529866,0.3052077222492148,1,0,0,1,0,0,-0.5838743016777656,0.17146394676864757,-0.7327286093763631,0.7576886912593683,-0.46758293208315554,-0.45369008468402755,0.019431785756750277,1.1637027080378557,-1.5894054174832086,-0.11462262777217523,-1.2054425449798036,-0.6622173035743062,1.0324526108662286,0.8829055987321538,1.0371787693310344,-2.5230816760854196,1.1816799020733708,0.02368379908870605,-0.47521987007162214,-0.4318681387001143,0.8551685001769497,-0.5581955646904617,-0.3626833083003832,1.3265813383036993,1.590256966318152,0.4318681387001143,0.4752198700716215,1.1622457410267157,1.391607501712964,0.9550882934168308,-0.6641562849317252,-0.20406001926752979,2.495414766946269,-0.05703537174666111,0.17890935030013266,1.1939689411944467,0.9449662184763004,-0.4070549059059717,0.4521994292286506,0.1838789563899486,0.7192112130148905,1.2993599060593275,-1.1125787146405561,-1.378017789531564,1.2139110595827887,0
1.5469198354505571,-0.02473435322416849,1.0038746524609323,0.3052077222492148,1,0,0,1,0,0,-0.4703038686405733,-0.05240280339900311,-0.7327286093763631,0.7576886912593683,-0.7121747338243685,-0.6258592722985881,0.36921440756513324,-0.03986602732234823,-0.7359956358129565,0.20129648850598567,-0.49881513916905224,-0.4339631706921619,0.4636064202558816,1.1402727200280272,-0.9016188696190143,-1.2995071676599677,1.552138491515806,0.8872529914947626,-0.2645441656443792,-0.3295023237687902,0.6259454450338419,-0.8485046172569776,-0.2997486893487119,1.2671353894321309,1.5147139672847747,0.3295023237687902,0.2645441656443785,1.0229831729139398,-0.8598699510432187,-0.09113678728281299,-0.7416792878996918,-0.15285517856115927,0.9201650766256344,-1.1173050988595852,-1.149926711256571,-0.046252995675895824,0.6951622885689447,-0.7105613285614767,0.37921369794645543,0.15794641365697218,0.6684418695530556,1.1407440084753266,-1.1948939252628807,-1.4336869776455579,1.1520527538291696,0
1.2128164248064663,0.9029052217484598,1.0038746524609323,-0.13478617003801185,0,1,0,1,0,0,0.2742134146032426,-0.46234061864106474,2.3376349307944206,-0.6976151872460725,0.6760230704348549,0.18355950583739783,0.3730584636839072,0.454035616172885,0.27898009807261975,0.298123365660487,-0.4370247876593607,0.5250918412271067,0.7858162254783141,-0.17789861047147,1.059091100392235,0.6905341043494858,0.07234348059189678,-0.3816732953906285,0.02218903885575044,0.6941558255444445,-0.6965010704700906,0.4377960825816373,0.312545040062202,-0.3310108767050664,0.19552394139803012,-0.6941558255444438,-0.02218903885575115,-0.3417899945912644,0.641115017460903,-0.7370670544973751,-0.3023822710812103,-0.2552648599739003,-1.4742144526617298,0.02452383803125581,0.012804842605544792,-0.6663639641110671,-0.7759052986632599,0.12408133374116129,-0.7338187041070253,-0.47740088330094144,-0.5669454880182719,-0.3819686083310823,-1.0302635040182315,-0.8769950965056176,-0.5181215015185524,1
-0.5605016778429365,0.928672987719922,-1.168717627632051,-1.8947617391869185,1,0,0,1,0,0,-0.34411449859924853,-0.16578985867872228,1.9154599440209379,-0.6715759528394145,1.1185246143399927,0.39150410906017874,0.030257849191294164,0.20865974870686932,-1.1506302587958523,0.6207844256019489,0.44447022636755973,0.2887195788778949,-0.6218445951203879,-0.9457794865922708,1.0849083521621279,-0.5394724776755874,-0.7150824534527803,-1.392306039338833,-0.3182898459630537,0.7094550641890696,-0.9870859950814417,0.8004453173735082,1.030832296579224,-1.547703229451362,-1.937148919668597,-0.7094550641890696,0.318289845963053,-0.7595776989295921,1.4666567501381707,1.0096739498011607,0.5374502610717695,0.20557870638343811,0.3215701943037938,1.166352774922097,1.5077454118568363,0.44983577907224165,-0.9979532363586869,0.5034643620605421,-0.5604775923118106,0.015317428625603584,-0.6007917169928287,-1.8729580456206907,0.6983559190505837,1.2384340518261547,-1.0748462533011267,0
0.13340540580248203,0.7482986259196881,-1.168717627632051,-0.8681093238500562,1,0,0,1,0,0,0.7537330207602766,-0.567005592745421,0.07324181991846762,-0.419863353575054,-0.37060243763055234,-0.11158767293042024,-0.4429671474692375,-2.011182067601529,0.2889837997680787,0.16906230864179278,0.21551709273056827,0.37876486613269567,-0.028700541419151595,-1.165242254655958,-0.1934083055593338,-1.166458133623994,-1.1761406626698465,-1.514574464402602,-0.6187833227191311,1.1302918680335317,-0.5483397296496083,2.566658309913993,-1.567228466796112,-1.3946332200308207,-1.7588699521967008,-1.130291868033531,0.6187833227191303,-1.1495128896453646,-0.3345252120667762,-0.5005292101652823,-0.9871687972982559,-1.3305665148076924,0.006520256239666901,0.10608304780917345,0.4557501964577793,-1.0384305451721696,-0.7481493064513315,1.5657368413548085,-1.272088472313216,-1.7480954772167696,-2.0392564484114977,-0.4136917878478824,-0.4540570296619595,0.06938110143228039,-1.6934293108373202,1
0.44180855408933456,-1.132748289997029,-0.15484123025532542,-0.4281154315628296,1,0,0,0,1,0,0.4256406586528323,-0.4821106693052209,-0.15703544559434116,-0.3475321468898929,-0.4048424178453054,-0.10219662633326239,0.8404107086603874,-0.614819675534235,-0.7862205051204614,0.9296549849845547,0.34799613812274544,0.4584986971170874,-0.6043688457190585,-0.04528446515774325,-0.39108751643589273,-0.30203786233906366,0.35001600362382446,0.1339042096857512,-0.1984048918790851,0.8221130942085976,-1.2138592522722758,0.4520764108870226,0.7712708458121471,-0.9088340307210301,-0.32168062458773033,-0.8221130942085976,0.1984048918790844,0.24311279148239442,-0.03432821836595151,1.2007237471463126,0.8346217724489774,0.9565830367435462,1.0146800580448727,-0.22015379130249568,-0.1532996650890431,1.1939689411944467,-1.1367331974183288,0.4275877563966659,0.023408257945752128,0.4172718409867329,0.008440404549195996,-0.28679906978068154,-0.04248097655033679,0.4033962301162448,0.47161139053935697,0
-0.020796168340944693,-0.6946962684821769,-1.6032360836506476,0.3052077222492148,1,0,0,1,0,0,0.36254597363216995,-0.4768774206000031,-0.19541498984647596,-0.3272794090180478,-0.4079996284895681,-0.11382363640593401,0.19424640151899952,1.4201608339646883,-1.1634244452178824,0.42840970467155187,0.012904502641875936,0.25382229822706226,0.05527762935151318,-0.6144266473296367,0.7390433115067804,-0.8357286824977083,-0.34117549109991235,-0.3842527392436221,-0.3305796915292576,0.6740482547543618,-0.8840322162372836,-1.208857947796457,0.750613463019166,-0.9170576490889558,-0.39192449658913464,-0.674048254754361,0.3305796915292576,-0.5367575899491508,0.7912135143113154,0.2636699792153276,-0.22485926811324272,-0.34060626115118536,0.8256500952063961,0.10608304780917345,0.2896456887631914,0.3258135853852078,-0.859173275299045,-1.1658209625447336,-0.19554893590083341,0.20981149912292413,-0.1777138548108673,-0.4771381468814831,-0.28942660841731066,0.013711913318286572,-0.08511336124321738,0
-0.5348014154856993,0.928672987719922,0.27967722576327125,-1.8947617391869185,1,0,0,1,0,0,0.40040278464456736,-0.4792033089134332,1.9154599440209379,-0.6715759528394145,0.51198420203506,0.15046724639979397,0.6843711283055439,-0.18431775217373636,-0.95918780987341,1.1833375008333196,0.9481374509020618,-0.11013527860522773,-1.3928308700717404,0.050622840837186066,0.24717241129436193,-0.1847032093296155,0.14049267927770095,-0.4042593838290218,-0.7279513648365089,0.5717619163874247,-0.9010529672555033,0.5005937948992929,1.1256329564121341,-1.4593024852240628,-1.6273057277236391,-0.5717619163874247,0.7279513648365081,0.045050472388668855,0.23251355381255878,0.021067061951641645,-0.07842692917374888,-0.014412461095784737,-0.31553079155921776,-0.3107751355001815,0.012804842605544792,0.139780294854656,-0.8869292675109735,0.35171115073279,-0.2867811000035777,0.31354167005482897,-0.3130987707090945,-1.5874494299694895,0.7806711296729086,1.2384340518261547,-0.76555472453303,1
0.13340540580248203,-0.30817977891024867,-1.168717627632051,-0.8681093238500562,1,0,0,1,0,0,0.7537330207602766,-0.567005592745421,0.4570372624398156,-0.48004291753710804,-0.14397765878054808,-0.06507963263973376,0.017947002662298588,-0.13161950245576232,-0.5909877605717534,0.17299020809950424,-0.20363033084979273,-0.4118349055723525,-0.6290007217282452,-1.2460577092691878,-0.016537056973071184,-1.0648962901768135,-1.1557395207491516,-1.4433652201616363,-0.5483077512256369,-0.01788874008079301,-1.2700019253320418,0.1640854370837836,-0.26221800651221394,-1.3797101356873724,-1.1444358061462143,0.01788874008079301,0.5483077512256362,-1.17736540326792,-0.03432821836595151,-0.04564874029587195,-0.5866332819637576,-0.972132629863095,0.3215701943037938,0.18764225758709038,0.5111183656893089,-0.6663639641110671,-1.2755131584779709,-0.17942508891434333,-0.9436526815433369,-0.9182541097615345,-1.3284856399458025,-0.5723076854318833,0.7806711296729086,0.848749735028197,-1.2604211705619852,1
0.46750881644657266,-1.132748289997029,0.27967722576327125,-0.4281154315628296,1,0,0,0,1,0,-0.3945902466157784,-0.13962361515263325,-0.15703544559434116,-0.3475321468898929,0.2862315061001328,0.16119987108226008,0.509816990820747,1.1504462676281204,-1.4871385938700428,0.6288783712803949,-0.37439161078017064,-0.008134396708300566,0.6805949123834459,-0.7281545693419957,1.6998423300425227,-1.1895667667039223,-0.13793011898403154,-0.9886673403344335,-0.9949266757572224,0.9756618166055823,-1.43647640216077,0.12384112385242767,0.8375683981023527,-0.9863432526612442,-0.4785137991482533,-0.9756618166055823,0.9949266757572216,-0.5646101035717058,1.9920014891146134,0.7822337148664557,-0.018131260198663828,-0.06751377738387422,0.7941451013999841,0.9216751455883455,1.7292180887829538,0.9459245538203791,-1.3587811351137562,0.04820472807728505,-0.1864257194905595,0.2616765845888761,-0.1607907403235886,-0.5723076854318833,-0.20711139779498602,0.29205785388825667,0.10046155601764112,0
-0.5348014154856993,0.928672987719922,0.5693561964423357,-0.13478617003801185,1,0,0,0,1,0,-0.3062576875868511,-0.24661447757041954,-0.2210013526812325,-0.3180210145623472,0.10347287571369432,0.05610958773311275,0.8536922240332249,0.16146471614389982,-0.6174606500509682,0.6905601950128879,0.8054172812598582,0.6077803361396907,-0.6970583697927828,0.12101487943216425,0.33085621589122793,-0.6864770180320288,-0.26863614935009117,-0.26072101101675127,-0.01835909107355938,0.8471482119907131,-1.0661631770373101,0.10982910383691977,0.1542461941429471,-1.1992772794427728,-1.301625233756936,-0.8471482119907131,0.01835909107355796,0.18740776423728422,0.41596727218528484,0.3091580262022686,-0.10857476366129187,-0.20406001926752979,0.7941451013999841,0.10608304780917345,0.12354118106860354,0.20179139169817292,-0.9424412519348303,0.27583454506891375,0.5160619441005718,0.5210020119186368,-0.025405824425361403,-0.1916295312302808,0.6160407084282594,1.2384340518261547,0.47161139053935697,0
-1.5885121721324456,-0.5658574386248675,0.27967722576327125,0.5985369837740325,1,0,0,1,0,0,0.12278617055365294,-0.42687082186125513,-0.8094876978806327,3.335572897518509,-1.9495568978653288,-2.9060948246275338,-0.3750466724434058,1.2828570485185309,0.08987782897547951,-1.3942219577424007,-1.1432479881307496,-1.1740673271410185,0.4811584975419094,-0.3503693227469997,0.9878923930291406,0.08624691514258959,-1.2588083220285202,-0.8512844629263361,-0.6711839829354725,-0.9356157016516281,0.17142662866783767,-0.7711126462410883,-0.03619617103705915,0.6352911332400446,0.655164787272044,0.9356157016516281,0.6711839829354719,-0.4253475354589299,0.7161642658861095,-0.43684594438356456,-0.3282232720705331,-0.7843815472730677,-0.2770246880180474,-0.05703537174666111,0.2896456887631914,-0.728375060954584,0.25106641317809053,-0.6346847228976005,0.37921369794645543,0.30057539868834077,0.549980068142106,0.47455723862252236,0.7806711296729086,0.3477270420022505,0.5334696962929761,0
-0.38059984134227254,-1.132748289997029,1.0038746524609323,-0.4281154315628296,1,0,0,0,1,0,-0.7226826087232228,0.7994537913947846,-0.15703544559434116,-0.3475321468898929,1.1802531727175978,0.8834160736732087,1.0399257041557888,0.27060826163740215,-0.4056526698107816,0.7536547175379662,0.4809759748966589,1.3770751270665647,0.049353497498169425,-0.022944846861935445,0.3323830218991632,0.3099472060638395,-0.01242106601220727,0.1917394738535403,0.8989187262297652,0.9866295824910817,-1.468968226860647,-0.03844431685953279,0.8660078399757777,-1.0304554180810566,-0.43809604647056155,-0.9866295824910817,-0.8989187262297659,0.29881781872750485,0.7912135143113154,1.328090278709748,1.3126802907514432,1.2467438007463156,0.8256500952063961,1.0847935651441794,0.6772228733838963,0.9459245538203791,-1.3587811351137562,0.04820472807728505,0.269735101023162,0.6895635396829819,0.19459466390925928,-0.2233527107470814,-0.12479618717266176,0.4033962301162448,0.5334696962929761,0
-0.7147032519863632,-0.7462318004251005,-0.4445202009343899,0.3052077222492148,1,0,0,0,1,0,-0.1295925695289965,-0.3524423958314908,0.16279408984011548,-0.43259364595164235,0.22349099186228139,0.06326467085475682,-0.17325053889471365,-0.01590685896480572,-1.2368447651508383,-1.1233880378920575,-1.526453020669981,-0.1797493386747018,1.4303622608062334,-0.8643224280021156,-0.04747677033754834,-1.0724346983241548,-1.2528027383319296,-1.6030936981974586,-0.060099813059615065,-0.18555039652161812,-0.6227116943403621,-0.025728523160679768,0.6131147818983577,0.2753670142602803,0.41935470696128985,0.18555039652161812,0.06009981305961435,-0.8431352397972577,-0.10937746679115769,-0.19121049065408274,-0.7029177864157086,-1.1086788717467513,0.1325402314653172,1.5741488238116832,1.784586258014483,-0.35630847989348147,0.917210226264372,2.8556391376407038,8.863804959501675,8.197034660879556,7.945381099082793,5.4868196022769515,4.731801239544486,5.023938843577749,9.441065724814163,0
0.2619067175886707,-0.6431607365392533,-0.15484123025532542,0.5985369837740325,1,0,0,0,1,0,-0.00340319948767178,-0.40128605041352367,1.3141804174041594,-0.6328064260561682,0.611524805733493,0.18042915697167852,0.926960583543757,0.6557158627806815,-2.326170292135918,1.664067244765136,1.0915240672357112,-0.29498278148831863,-2.0874261006477024,0.08351391359991651,0.06098960328357286,-1.7842895437698496,0.8401995998194016,0.009067218982590466,0.271474372857786,-0.6715663093066304,-1.2055151376855109,-0.83889255427549,1.3869138012547968,-1.4149199502822982,-1.4101823713052777,0.6715663093066304,-0.2714743728577867,0.35452284597261524,0.41596727218528484,1.091552434377654,-0.1344157646506147,0.20557870638343811,2.0228398598500785,0.18764225758709038,0.06817301183707392,0.6978801664463103,-1.1644891896302574,-0.8623145398892288,-0.3415203984652251,0.39133929825375646,-0.2284831982727022,-1.6508957890030895,2.0153992890077768,1.739456744852101,-0.9511296417938885,1
-1.2287084991311177,-0.05050211919562982,-1.168717627632051,0.3052077222492148,1,0,0,1,0,0,-0.15483044353726144,-0.3460462029695579,0.764073616456894,-0.5616325186779697,0.5516606497779902,0.1679077615088014,-0.4446510973805647,-0.29245048903829746,1.0050232982029617,-0.4148987167223394,-0.33317293548551546,0.5174705064246929,0.2467904783662662,-1.1231209508584044,0.20326424221576,0.5759742239792311,-0.2053233489656918,-0.24041719431428304,-0.37315522795503414,1.0758588642714124,-0.5039110458516902,0.6050231298795018,-0.7951019687665183,0.3569062811286984,0.19842053675920893,-1.0758588642714124,0.3731552279550334,-1.1495128896453646,-0.10937746679115769,-0.8371407578686448,-0.44450777652248397,-0.4942207832702994,-1.1276595207911904,-0.6279498401920818,-0.5408768497097485,-0.9764194483286528,-0.6093693453916895,0.27583454506891375,-0.7064490548762022,-0.9701191952274875,-0.7869459763528921,0.09387908442092041,-0.9479482933959068,-0.5986491559356475,-0.45626319576493324,1
-0.09789695541265715,0.7225308599482267,1.4383931084795292,0.5985369837740325,1,0,0,1,0,0,0.1480240445619179,-0.4297781822530428,-0.13144908275958464,-0.35216134411774325,-0.2177735826246341,-0.05837174221319244,-0.10054434837322404,-1.3637539999038313,-1.112163579813315,0.060173169198570305,-0.23193197844852945,0.026073382822689777,0.3735987586647412,-0.10135167194891267,0.7780709997341698,-0.9910761937962325,-0.10591823966736762,-1.184993454670937,-0.12752713319093578,0.16204084244106823,0.03853996751275296,2.651249610509629,0.524428875563826,-0.1863167828945468,-0.8553925371493645,-0.16204084244106823,0.1275271331909351,-0.14063295176169913,0.6494538228414815,-0.16088512599612248,-0.6383152839424023,-0.6402494030625424,-0.2805252428854266,0.7766809948720481,0.9356076631310333,-0.549231892295534,0.05677446769459199,2.5521327149851984,0.12376363845877164,0.37837302688726915,0.27921023634565156,-1.1116017372174867,0.5337254978059351,0.6817421706862145,-0.20882997275045564,0
-0.5862019402001745,1.2378861793774645,1.4383931084795292,-0.8681093238500562,1,0,0,1,0,0,-0.016022136491804253,-0.39954163417845107,0.7896599792916505,-0.5656830662523388,0.43989973279446937,0.12989638242506726,-0.1961106766729624,2.5351758044144623,-0.00598112537858941,-0.6315355180222249,-0.40978855907202993,0.16976405980964654,0.8599901915369684,-1.001478608860275,2.205475025464069,-0.3786412036604341,-1.3166232695554263,-1.432754310086285,-0.7613439424253534,0.9866295824910817,-0.7279689561337419,-1.2702118878945778,-0.3723214948988419,-0.452377354693149,-0.8660605242166491,-0.9866295824910817,0.7613439424253534,-0.9545452942874786,1.9920014891146134,-0.082039177885424,-0.26362076959722697,-0.7502449868021539,-0.15100471279239655,0.35076067714292497,0.8433273810784847,-0.4803306735805153,-0.5261013687559044,-1.0140677512169813,1.0269620630759395,0.6506647255835172,0.4145951522438788,0.506280418139323,-0.12479618717266176,0.4033962301162448,0.7809029193074537,0
-0.6890029896291251,-1.4677292476260335,0.27967722576327125,-0.8681093238500562,1,0,0,1,0,0,0.8673034537974689,-0.5797979784692867,2.6702576476462556,-0.708609530662217,0.45945119158562603,0.10172324263359372,0.7100730060445413,-0.17638626803494564,-0.5642624373012475,0.48205481651152987,-0.5378299697198852,-2.9788064225234643,0.0194973324721486,0.13247806225079192,-1.1055480657024568,0.9994016099133451,-0.5692291320878388,-0.26063077678252783,-1.6740743965204417,-2.402410076128092,-0.8550032811388335,-0.8654180943664102,1.7756678907334291,-1.215662820895193,0.4447500755139617,2.402410076128092,1.6740743965204417,-0.17467491285593337,-1.2351161931692491,-1.0918738209955157,-0.4832692780064673,-0.6649035856248688,-1.3796994712424915,-1.3619827281933365,-0.8730858650989243,-0.9144083514851348,-0.8869292675109735,-0.9381911455531051,-0.5787240251323598,0.35244048415429274,-0.1777138548108673,-0.5405845059150832,-0.20711139779498602,-1.0996718489615938,-1.3841377820692236,0
-0.12359721776989524,-0.7462318004251005,-0.4445202009343899,0.3052077222492148,1,0,0,0,1,0,-0.6974447347149578,0.5203471937831681,0.16279408984011548,-0.43259364595164235,1.2948083765390717,0.7345009062039914,1.320677567906463,0.36060430029699686,-1.0039821757655336,0.6185369575790514,-0.0842976520170212,-0.7893726068820496,-0.3004929820225553,1.1653248919986554,0.6810868627881554,-1.12486090043974,1.0306431320703842,0.47415979435740674,-0.7532939460423284,-0.3295023237687909,-0.6720554055498426,0.18735714864800207,0.24210054410321863,0.1863645623036161,0.5725158276554368,0.32950232376879157,0.7532939460423277,0.6609004958207222,0.19081952690966666,-1.06458099280335,-1.4006248131274146,-1.0062691903340089,-0.08799472517957138,-0.9541866793037505,-0.762349526635866,-0.6663639641110671,0.08453045990652028,1.717490052682561,4.393428918467205,3.918165109938503,3.7992180496995704,3.4248129336849398,2.2623449208747504,2.2404794378780473,4.801692793292712,1
-1.2287084991311177,0.2587110724619126,-1.168717627632051,-0.13478617003801185,1,0,0,1,0,0,-0.15483044353726144,-0.3460462029695579,-0.016310450003180245,-0.39671736743580244,0.12079695862464822,0.04045784340451634,-0.8861509784921116,-0.04187359872820943,1.5846130169167645,-1.0718159584560571,-0.7915449255479665,-0.535908109539247,0.844762467995006,-1.2173374861106145,0.042923409855361215,0.398576694000927,-0.5294335560007006,-0.6239733358832564,-0.49837739391320257,-0.2366301126415829,0.015865234228220237,0.10047255809275361,-1.7656879400944232,0.9229769607344378,0.4198586539542115,0.2366301126415829,0.4983773939132019,-1.2330704305130304,-0.25947596364157,-0.8917264142529749,-0.5737127814690962,-0.7331767065666972,-1.1276595207911904,-0.30171300108041293,-0.09793149585751397,-1.1004416420156866,0.1400424443303771,0.27583454506891375,0.5434315933313949,-0.5162996974004062,-0.14386762583630988,1.9021003168785307,-0.28942660841731066,-0.4316415915936655,0.40975308478573785,1
0.3647077670176212,0.18140777454752677,-1.8929150543297122,-0.8681093238500562,1,0,0,1,0,0,0.3751649106363024,-0.4780403647567182,-0.6431763394547153,0.2716229823350859,-1.1508665028887355,-0.5775624612274907,-1.2802245825654857,0.46964770825557733,0.8826561274341261,-2.3333136193663235,-1.829171646080465,-1.0523995229579333,1.583510359034673,-1.7597239890961276,1.3990785838253996,0.49836424942818264,-2.9004898875152088,-2.3513288157929515,-1.741654613069294,0.2920044097428146,0.021887970469498533,0.7569599936007766,-0.7058124867474243,0.27608004475461023,0.08239778574840932,-0.2920044097428146,1.7416546130692934,-1.6787106484739132,0.8662627627365218,-0.8553359766634215,-0.4961897785011287,-1.5353858776331764,-1.033144539371952,-0.22015379130249568,0.7879592118469556,-0.8523972546416179,0.25106641317809053,1.1104772073715516,0.9630995482040194,0.4043055696202447,0.49921072468027106,1.267636726542527,-0.4540570296619595,-0.3759724034796717,0.904619530814692,0
0.030604356373531493,-0.07626988516709207,-0.8790386569529866,-0.4281154315628296,1,0,0,1,0,0,0.2868323516073751,-0.4635035627977798,-0.09306953850744984,-0.3648916364943316,-0.27085326662254144,-0.0744706792368916,-1.0073991888574685,-0.6759523057244654,1.6126889474898154,-2.0987003581901305,-2.012741889284969,-0.5942254681813394,2.1179438531186148,-1.0609470917437214,-0.6962195473597456,-0.20001541867446748,-1.139978738998176,-1.2994149492537201,-0.6300765684554116,-0.18555039652161812,0.340727261609537,0.23030829415243226,-2.4055960229725204,1.7048253835085552,1.3480372446984155,0.18555039652161812,0.6300765684554109,-1.0659553487776992,-0.7848207026180125,-0.5642124759469986,-0.5737127814690962,-0.9550643496276378,-0.6235796198885869,0.5138790966987595,0.954063719541543,-0.9764194483286528,0.11228645211844858,-0.02767187758659086,-0.669956189235104,-1.6962303917508168,-1.0915620371239039,1.7752075988113303,-1.0302635040182315,-1.211010225189582,-0.1469716669968365,0
0.9815140635913272,1.2378861793774645,-0.4445202009343899,-0.8681093238500562,0,1,0,1,0,0,-0.571255364673633,0.16564922598507223,0.7896599792916505,-0.5656830662523388,1.1836639428220217,0.5645676820649447,0.7247910010931897,1.0618522983077074,-0.1393840584662456,-0.20215372143533117,0.01609230073635716,-0.2723316296308938,0.19628525241724792,0.04978293583122322,0.1966360877391126,-0.29186680015877636,-0.7603448752112859,-0.9260401683262722,-0.871666255725209,0.4930801176436292,-0.9580970074811833,-1.2604398874432985,-0.10275530931570832,-0.4808483269641984,-0.9250187643700615,-0.4930801176436292,0.8716662557252083,0.04814519612450831,0.19081952690966666,0.03622974428062242,-0.12149526415595328,-0.40887938209301433,-0.05648973137315825,0.02452383803125581,0.5111183656893089,-0.046252995675895824,-0.7203933142394032,-0.9381911455531051,1.4101371523074657,1.130416766143575,0.8376730144258402,0.4428340591057229,0.4514102871836102,0.793080546914203,0.9664778365683122,1
0.5703098658755232,-1.4677292476260335,-0.15484123025532542,-0.8681093238500562,1,0,0,1,0,0,-0.3188766245909836,-0.24196270094355926,2.6702576476462556,-0.708609530662217,1.2439218651940618,0.36154219848829416,0.4272076032475532,1.1748894290108347,-0.5112690790126503,0.11646768121482964,-0.8244999639597582,-1.3396320787956846,0.973674047934861,-0.40340158232436246,0.7815035191639669,-0.07661661374231486,-0.4308493372630617,-0.40842665203739986,0.39760879354609974,-2.221441939017357,-0.9971166796244898,-0.8296795432260851,0.6219296506928633,-0.5845631510476426,0.6731412019119527,2.221441939017357,-0.39760879354610046,-0.17467491285593337,1.1664597564373458,1.0551619967881019,0.8475422729436388,0.615217432034406,0.7311351137871589,1.0847935651441794,0.954063719541543,0.8219023601333442,-1.0257092285706153,-0.9381911455531051,-0.7155722712864762,-0.31748353644758887,-0.5161761445564365,-0.011864847301746482,-0.48149543320273464,-1.2852358093415737,-1.2810406058131916,1
-0.38059984134227254,-0.23087648099586283,0.27967722576327125,1.0385308760612593,1,0,0,1,0,0,-0.06649788450833415,-0.37221244649564694,-0.6687627022894718,0.30923520981136965,-0.934746749701287,-0.5252409159004683,-0.26186659965154574,-0.7780256113675357,0.7584995289377338,-1.119081586953393,-0.2830956707393832,-1.6287132753789748,-0.49906120763908635,-0.1334527867386739,-1.1043453067099498,0.6846266565051173,-0.8418077121279757,-0.028494620966986964,-1.7416546130692934,-0.49401881205127574,0.2307874292722423,-0.03844431685953279,-0.348910501297926,0.6770849094837014,0.34021878549851464,0.49401881205127574,1.7416546130692918,-0.20252742647848845,-1.0850176963188372,-0.30038180342274146,0.08523274375862654,-0.2552648599739003,-0.2140147004052217,-1.0357458890816678,-0.3747723420151606,0.07776919801113909,0.27882240539001907,0.04820472807728505,0.269735101023162,0.04124997135858002,0.31305646532020776,0.3476645205553221,0.6160407084282594,0.4033962301162448,0.2860364732784985,0
-0.12359721776989524,-1.235819353882877,-0.4445202009343899,-1.161438585374874,1,0,0,1,0,0,-0.6974447347149578,0.5203471937831681,-0.16982862701171944,-0.34174565035508003,1.0360774188806148,0.664291653072859,1.4376017085602206,0.6117829199113164,-1.3403960649164213,1.3997965871691218,0.7743687608382154,-0.3884636812272567,-0.841169991432944,0.9029065557483296,0.6366001590388266,-1.4946060951967959,1.0683553604013543,0.3445889182417468,-0.9813771768947055,0.4434998061064408,-1.0968465789784467,-0.20195919272840274,0.33043133786428763,-0.8316719945453885,-0.6702933046746707,-0.4434998061064408,0.9813771768947048,0.5494904413305014,0.26586877533487285,-0.7916527108817039,-1.3618633116434313,-0.9550643496276378,0.3215701943037938,-1.0357458890816678,-0.762349526635866,-0.5423417704240322,-1.0812212129944723,-0.3311783002420958,-0.4601222117987924,-0.23104172733766892,-0.5330992590437151,-0.635754044465484,-0.04248097655033679,0.18071947766026855,-0.7036964187794109,0
0.18480593051695732,0.9802085196628456,-0.8790386569529866,-1.161438585374874,1,0,0,1,0,0,-0.6217311126901629,0.27031420008942836,-0.4001058925245282,-0.13921827163662903,0.48260905753392247,0.31548135089271045,1.3838637751577556,-0.09446735243817715,-2.4123635159084054,1.9188509235574325,1.3200917881418366,-0.18656591343771142,-2.0178147441193643,0.22511095360301048,0.7297548254554201,-0.6132678917532741,0.6432967954994061,0.4345433232195122,-0.24687185720061178,-0.009609152108407288,-1.6993680538976081,0.8607117701463647,2.681506653020934,-1.9543617132598115,-1.2919369992246805,0.009609152108406583,0.24687185720061106,0.38237535959517033,0.9413120111617277,0.6457695739056325,0.2015172482105774,0.4616029099152932,1.0146800580448727,-0.6279498401920818,-0.5962450189412776,0.8219023601333442,-1.6085850650211115,0.5793409677244183,-0.5057382938501646,0.858125067447326,-0.07617516788719629,-2.1584666612718926,1.0276167615398821,1.127095675598167,-0.8892713360402683,1
-0.07219669305541997,0.9802085196628456,-0.4445202009343899,-0.4281154315628296,1,0,0,0,1,0,-0.07911682151246661,-0.36930508610385926,-0.5920036137852022,0.16746604470845394,-0.7023739003135752,-0.4134427421247796,0.09057336168274668,0.08065923176303576,-1.6956154819427198,1.5065080773339286,1.3554034583750583,1.4473315435124716,-0.6801693197478473,0.015350968049830983,0.28581948854045114,-2.431807645487416,1.561814154138098,1.0290270565553585,0.8432886699243073,1.13762416762706,-0.11060595781949364,0.17562036227050834,-0.12576899380897072,-0.4865270404151959,-0.7574462412185174,-1.13762416762706,-0.843288669924308,-0.14682239923337803,0.04072103005925432,-0.6097005229339397,-1.6719553235153006,-1.1257471519822078,1.6447799341731264,-0.38327221085833024,-0.762349526635866,-0.29429738304996345,-0.1375174777889068,0.12408133374116129,-0.10431677179808911,-0.1532440991387405,-0.33002188519637315,-0.3502454288142823,-0.37174181903963527,0.18071947766026855,-0.1469716669968365,1
0.18480593051695732,-1.235819353882877,-0.8790386569529866,-1.161438585374874,1,0,0,1,0,0,-0.6217311126901629,0.27031420008942836,-0.16982862701171944,-0.34174565035508003,0.7495174763454219,0.4719987941786745,1.0234112767990238,0.47985095902652536,-0.8442452338726164,1.2240935571138685,1.0373431503181743,0.3369303542131987,-0.8574521866246241,0.44987768474307943,0.27407077705764066,-0.6025405904733545,0.7511599952498375,0.7361408238956011,0.07195265285990604,0.38817105265189955,-0.9735658111335513,-0.38405241247031074,0.5486163324539237,-0.9088340307210323,-0.6298986639467262,-0.38817105265189955,-0.07195265285990675,0.29881781872750485,0.11577027848446049,-0.3731626786018469,-0.6124742829530796,-0.3064697006802721,0.41608517572303205,-0.709509049969999,-0.8177176958673952,-0.046252995675895824,-0.9701972441467586,-0.482931511569848,-0.43275256256796935,-0.10137901367278856,-0.44848368660732285,-0.6992004034990842,-0.20711139779498602,-0.04195727479570725,-0.7036964187794109,1
-0.2263982671988458,-0.07626988516709207,1.0038746524609323,-0.4281154315628296,1,0,0,1,0,0,-0.6469689866984278,0.30810988518266813,-0.09306953850744984,-0.3648916364943316,0.9012659350619028,0.5189540271644637,0.11757119182348688,-0.25579230186690294,1.114027825570031,-0.3044056219457262,-0.6448671310723543,-0.8067968126504602,0.4823036746546111,0.4437033830623412,-0.02147162050807618,-0.545583728915682,1.2701283248417727,0.5339098537257683,0.5061221547512287,-1.6023404173227471,0.2798575881277011,0.3295731637626698,-2.071172389373332,1.6706698616203546,1.35961790842627,1.6023404173227471,-0.5061221547512293,0.32667033235006016,-0.10937746679115769,-0.2639913658331881,-0.4961897785011287,7.593435579547688e-4,-0.08799472517957138,0.18764225758709038,-0.04256332662598434,-0.10826409251941274,0.11228645211844858,0.12408133374116129,-0.48749186102961545,-1.4109724216880806,-0.8038690908401701,1.6800380602609295,-0.04248097655033679,-0.7099875321636356,-0.20882997275045564,0
-0.7147032519863632,1.3151894772918502,0.27967722576327125,-0.4281154315628296,0,1,0,1,0,0,-0.38197130961164594,-0.15125305671978392,0.21396681550962854,-0.445902587981712,0.5464568506828977,0.22827877534767327,0.6583397168111349,0.31273217475628695,0.25753524327981153,0.5735995359731697,-0.43682795449192874,-0.17129384620587162,0.8239317406616758,-0.018447705428759363,0.2702568296732951,0.22375895331855236,-0.3092369326245598,-0.8058164241370749,0.08301123374971872,-0.31595390708670573,-0.933870131893222,-0.1584973651403885,-0.12720313619127105,-1.0815300164474708,-0.2188251638191344,0.31595390708670573,-0.08301123374971872,-0.06326485836571254,0.19081952690966666,-0.1548200530645294,-0.018131260198663828,-0.135786898325702,-0.844114576533476,0.758556726032511,0.7879592118469556,-0.4803306735805153,-0.6648813298155464,0.35171115073279,1.6290943461540526,1.298978293907919,0.7022880985276131,1.9972698554289314,0.9453015509175579,0.848749735028197,1.708777505611744,0
0.05630461873076867,-0.2824120129387873,-0.4445202009343899,0.5985369837740325,1,0,0,1,0,0,-0.6848257977108253,0.4941809502570791,-0.4512786181940413,-0.12764527856700325,0.6343575162504046,0.4787066846052158,0.3063775913788525,-0.5131429077461414,-0.0749528083353857,0.44446031889643917,0.45808024417993853,1.0424139499171652,-0.54864076721117,-0.4602504134054652,-0.8596798810336405,-0.1656195198505708,0.1693917286447657,0.12048200830467956,0.6912331826893902,0.7361716451058063,-0.8859022889793385,-0.1569036879399197,-0.06396864523580253,-0.43247127814675324,-0.4778995211664879,-0.7361716451058063,-0.6912331826893908,0.10385022336961848,-0.18442671521636386,2.820098219881413,2.2687973273563737,2.253772334638279,2.180364828882142,0.758556726032511,0.4557501964577793,2.620224168595341,-0.9146852597229018,-0.3311783002420958,-0.5878472415426337,-0.5292659687668935,-0.6515610604546642,-0.5088613263982832,-0.4540570296619595,-0.15329565102369538,-0.5181215015185524,0
-0.12359721776989524,0.9802085196628456,1.4383931084795292,-0.4281154315628296,1,0,0,0,1,0,-0.7100636717190902,0.7965464310029968,-0.5920036137852022,0.16746604470845394,0.47710042992796414,0.48317861155624336,0.8991845426196046,0.11901383394953353,-0.72848046250479,1.9138044349303482,1.4285377256015637,0.9301338934182481,-1.3098892812886254,0.9823183248104337,0.04318671486606233,-0.7944639978997815,1.9358071186335697,1.2839773202459723,0.5791922973583978,0.6941558255444424,-0.26881709924446007,-0.1200867192029038,0.19749749641060083,-0.6659131213381942,-0.6036150599827773,-0.6941558255444424,-0.5791922973583985,0.49378541408539117,-0.3345252120667762,-1.11916664918768,-1.2972608091701252,-0.6136987449184976,-0.2770246880180474,-1.4435419379712537,-1.7589765728033937,-0.9764194483286528,-0.3040534310604773,-0.17942508891434333,-0.2046721523111086,-0.07544647093981212,-0.33002188519637315,-0.4136917878478824,-0.20711139779498602,0.1250502895462747,-0.2706882785040748,1
-0.9203053508442651,0.3617821363477598,-0.8790386569529866,-1.8947617391869185,1,0,0,1,0,0,-0.596493238681898,0.1976301902947366,0.35469181110078946,-0.4702058734279261,1.048156237724814,0.5153764856036417,1.786007273206094,0.05223905713175851,-2.450341266594465,2.944577494089334,1.619098560994727,0.24779966267479522,-1.8055011055168182,0.691693192327168,0.8094763432028944,-2.4201529636984245,1.197475409878107,-0.031511430218460985,-0.5252107151899527,0.8588667777610675,-1.7923549018296205,0.7392158853286495,0.917678268498126,-2.790538108043857,-2.1356722046134933,-0.8588667777610675,0.525210715189952,0.911573118423719,1.0914105080121401,0.8095265430586199,-0.7029177864157086,-0.23819657973844427,2.180364828882142,-0.22015379130249568,0.012804842605544792,1.0079356506638961,-1.6918530416568969,0.4275877563966659,-0.615216890773458,-0.08841274230630035,-1.176177609560296,-1.0798785577006862,0.6983559190505837,1.3497724280541432,-0.8274130302866491,0
-0.7147032519863632,0.3617821363477598,0.27967722576327125,0.5985369837740325,0,1,0,1,0,0,0.1480240445619179,-0.4355929030366182,-0.579210432367824,0.14142681030179596,-0.8444592388875082,-0.44429903808686966,-0.2292491493273318,0.14328002381115,0.720050452995102,-0.7827595113796477,-0.07854835720273441,0.08887515283509152,0.007640983312205692,-0.6525028373069295,-0.12572497149328132,0.22316928690608548,-0.3124999195510451,0.38845719062261275,-0.16027754582615011,0.28017642692511974,-0.3331966241479619,-0.32260484570806053,-0.7600694801006351,0.7475880295565263,0.48136955093088807,-0.28017642692511974,0.16027754582614942,-0.10968571440330459,0.8162299304530506,3.0232781630897483,2.721014844669517,2.4130762835025448,2.6949463943868825,0.5954383064766764,0.7510470990259361,3.033631480885456,-0.6648813298155464,-0.7864379342253526,-1.6735099943652914,-1.7221629344837932,-1.396178097894916,-0.6992004034990842,-1.0302635040182315,-1.0440026608476,-1.198562864808365,0
0.6988111776617119,-0.10203765113855341,-0.4445202009343899,-0.4281154315628296,1,0,0,1,0,0,-0.36935237260751347,-0.1832340210294483,-0.7199354279589849,0.52044233333204,-0.8098050716510471,-0.5431286237045785,-0.6306020225467613,-0.8818465862217817,1.1328356567037647,-0.765676180712587,-0.2004807739206077,0.4842171859787984,0.08181753125688343,-0.3396611426813592,-0.9783143309674959,0.19307556941038648,-0.29965848713068194,0.17007467078628977,-0.40749033797582196,1.0645584453617318,0.5374820512444851,0.23030829415243226,-1.3546019658126849,0.737242896519607,0.426679638510272,-1.0645584453617318,0.40749033797582124,-0.4253475354589299,-1.009968447893631,-0.4823339913705056,-0.3153027715758717,-0.40887938209301433,-0.15100471279239655,-0.5463906304141645,-0.4301405112466897,0.015758101167622184,0.27882240539001907,-0.02767187758659086,-0.669956189235104,-1.2035120798242718,-0.8884846632765624,0.5697267771729232,-1.0302635040182315,-0.7099875321636356,-0.3944048900113141,1
0.6474106529472365,-0.30817977891024867,0.27967722576327125,2.505177183685348,1,0,0,1,0,0,-0.6469689866984278,0.34299820988412016,-0.46407179961141953,-0.11607228549737747,0.46656777070816374,0.3534927299764446,0.43756287521715376,0.07111354079430467,-0.1276582516534065,0.07070154862710981,0.02883069781018504,-0.28744306652106016,0.3642648799383712,1.761982475960449,-0.6586602608046896,1.0843519901283565,0.5663312259825839,1.261080789017298,0.416552302523086,-0.8051695616290189,1.152110299722599,-0.7574369565836622,1.2641822821586803,0.46605111837196156,1.1937186218516382,0.8051695616290189,-0.4165523025230867,1.7471485271003746,-0.5596729573423944,0.22727954162577424,0.7700192699756713,0.9907195972144606,-0.08799472517957138,-0.22015379130249568,-0.4301405112466897,0.6358690696027934,0.8061862574166584,-0.8623145398892288,-0.6517097564145549,0.04124997135858002,0.22844089288381547,-0.794369942049485,-0.9479482933959068,-1.32234860141757,-0.45626319576493324,0
-0.894605088487027,-1.6738713753977288,1.7280720791585935,-1.6014324776621007,1,0,0,1,0,0,-0.5207796166571032,0.017373846003900996,4.576441678835617,-0.7595307001685704,1.8537396502128838,0.6003430976731651,1.5859085174810195,0.30459086054323625,-0.9742250624413835,2.0529283225128148,3.0409190895420997,5.419737943184424,0.13362796242845718,0.6394392937690647,0.08446262978281084,-1.5249273997200792,0.06703395275211606,0.009293789003239369,-0.34274413050805214,7.73180560207293,-1.566324190800462,-0.33344770670295615,-0.20060667619072461,-2.7069039997551556,-3.9442701722788334,-7.73180560207293,0.34274413050805214,0.4102278732177254,-0.10937746679115769,-0.5460172571522233,-1.1938968052128347,-1.1086788717467513,0.8571550890128092,-0.13859458152457876,0.012804842605544792,-0.4183195767369984,-1.5808290728091832,-0.9381911455531051,-2.175286896930385,-1.9166570049811138,-2.5469498830298516,-2.761207072091096,-3.4997198226879678,-1.0996718489615938,-2.3120123683735136,1
-0.38059984134227254,-0.5658574386248675,-0.4445202009343899,-1.161438585374874,1,0,0,1,0,0,0.6401625877230843,-0.5321172680439689,-0.3617263482723934,-0.20286973351957077,-0.7344913508946546,-0.25245337188778794,0.6895023682546602,-1.7268312711333949,0.25053550669658,0.012031440350476624,1.173032688322227,0.9435795752945727,-0.2154625948846741,0.05586728079873213,-1.1553428190116704,-0.22685162284791055,-0.9246485801180805,0.01407868442450297,0.5061221547512287,0.7849642097577141,-0.9029478986967536,1.2127330392006195,-0.5704544341184244,-0.9331194037138117,-1.511254850079686,-0.7849642097577141,-0.5061221547512293,0.7723105503109431,-0.5596729573423944,2.833744633977496,2.2364960761197206,1.6307801060440983,3.220029624493761,2.6344185509246065,2.5043724580243647,2.930279652812927,-0.7481493064513315,1.4898602356909325,0.7532655707677065,0.31354167005482897,-0.093098282374475,0.1890486229713212,0.6983559190505837,1.2941032399401495,0.34789477903211874,0
-1.3572098109173063,-0.02473435322416849,0.27967722576327125,0.3052077222492148,1,0,0,1,0,0,4.072513452847117,-0.7559840182116195,-0.7711081536284979,0.8502726358163745,-2.656039833348493,-1.238513264589362,-0.3589932846330345,1.0620891258984877,1.8576623436268858,-0.4794017467288885,-0.8052750902185769,1.4572458291546306,1.2038438350443745,0.27176339254905973,0.8979584792094393,2.3079173153478543,0.7794418830348704,0.431933404245615,1.7556215933338128,0.2463053852199044,0.7707316808923673,-0.5581955646904617,-0.22025232856765187,1.4205220602190807,1.4685959566389342,-0.24630538521990367,-1.7556215933338135,0.0759977097470634,0.5660657690356972,-0.600602913536552,0.5891322630504142,0.9053781960371756,-2.6083942296925864,0.18764225758709038,-0.5408768497097485,-0.790386157798101,0.8616982418405155,-0.4070549059059717,0.4521994292286506,0.2616765845888761,0.8376730144258402,0.9504049313745251,-1.3595243465075295,-1.4336869776455579,1.2139110595827887,0
1.3156174742354179,-0.2824120129387873,-0.4445202009343899,0.5985369837740325,1,0,0,1,0,0,0.22373766658671274,-0.45071117707391406,-0.4512786181940413,-0.12764527856700325,-0.6465906853271475,-0.24798144493676041,-0.024178084745977765,0.19296926860225322,-0.2791340390688242,-0.1690150322968764,0.3128992673013351,1.1811964681370295,0.04959385126971317,-0.9175154580991068,-0.08416135959969223,-0.21226615026034812,-0.46793923154906064,0.1767304027038326,0.9477123177844309,0.6710815639820534,-0.8831504195786269,-0.3491673796065138,0.16827857231058882,-0.23567212717510624,-0.23424153157674243,-0.6710815639820534,-0.9477123177844317,-0.6203151308168162,0.491016520610491,1.8193611861687105,1.4031237942140713,1.1101975588626602,2.1488598350757298,1.166352774922097,0.7325910426154264,1.814079909629618,-0.9424412519348303,-0.5588081172337243,-0.8068044353892204,-0.6070635969658218,-0.6515610604546642,-0.7626467625326843,-0.7010026615289333,-0.48731077970765985,-0.6418381130257917,1
0.3647077670176212,-0.12780541711001567,-1.168717627632051,1.478524768348486,1,0,0,1,0,0,-0.1800683175455264,-0.3256946802270442,-0.7327286093763631,0.7953009187356521,-1.0965742900288764,-0.8651073641785618,-0.5338041001984838,0.4753475297314158,-0.1433161176034629,-1.3022357498191883,-1.0343666415768136,-0.1615990351943113,1.623055820845166,0.24612572927870818,0.2253975437717087,-0.9442817598193896,0.1127266040051376,0.2334524123305852,0.9573302853504951,-1.1698703314820218,0.9881935242428371,-0.42663109104254304,-0.7529941685504351,1.87101425564975,1.5726481359698434,1.1698703314820218,-0.9573302853504958,0.27096530510494976,0.26586877533487285,0.17269388524144552,-0.354064273059855,-0.2894014204448148,1.140700033270523,1.0032343553662626,0.5664865349208381,-0.17027518936292965,0.3898463742377325,-0.7864379342253526,-1.3998135020570583,-1.5017363212534962,-0.8377153198147269,-0.2550758902638815,-1.3595243465075295,-1.823371294443516,-1.136704559054746,0
0.3647077670176212,0.33601437037629844,-1.8929150543297122,0.3052077222492148,1,0,0,0,1,0,0.36254597363216995,-0.4751330043649305,-0.5664172509504457,0.06620235534922844,-0.9449888922885692,-0.4165730909904989,-0.9256445703672709,-0.1539576012487061,-1.052591745704347,-1.7180739822211029,-1.6598754701120166,-0.9883891671179382,1.4067655542499042,-1.7888146866882408,0.8354559381846264,0.6115778255155191,-2.5958941753767775,-2.019027583445309,-0.5860329100839196,-0.7668246343931154,-0.5002312501954538,1.0482530579565699,2.0535049127125062,-0.2530371189591959,0.18673194174650598,0.7668246343931154,0.5860329100839188,-1.7065631620964685,0.340918023760079,-1.0008977270216337,-0.5737127814690962,-1.4841810369268051,-1.1276595207911904,0.6769975162545934,1.1201682272361313,-1.2864749325462383,-0.3595654154843339,1.2622304186993043,0.6255405410238652,1.675000163536073,1.446905135967865,-1.1433249167342867,0.8629863402952329,0.514734606344233,0.5334696962929761,0
1.5469198354505571,0.3617821363477598,1.0038746524609323,0.5985369837740325,1,0,0,1,0,0,-0.5081606796529707,-0.01751447869755106,-0.579210432367824,0.14142681030179596,-0.12126786436098712,-0.1227674903079891,1.1048712854311296,-0.45772688235737485,-0.49096679375533486,0.16214218697155133,-0.16903021635074997,-0.36671915007565686,-0.04374385543083675,1.2015280080816078,-0.7438533614681169,-1.3777979428413942,1.296239841984222,0.4954236973633101,-0.2859102762628674,-0.21659885141806862,-0.3357977894387209,-0.11693145727659025,-0.7133860036800385,1.066285604351965,0.7034323737507453,0.21659885141806862,0.28591027626286675,1.217950768271826,-0.6347222057676005,0.2545723698179399,-0.5220307794904515,-0.01630893667750248,1.0776900456576979,-0.5463906304141645,-0.4855086804782194,0.2638024885416898,-0.6648813298155464,-0.6346847228976005,-1.6643867779550168,-1.6962303917508168,-1.277716296483967,-0.7309235830158842,-0.8656330827735822,-1.0440026608476,-1.198562864808365,1
-0.3034990542705592,1.109047349520155,2.452269505856255,-1.6014324776621007,1,0,0,1,0,0,-0.44506599463230834,-0.11927209241011955,-0.15703544559434116,-0.3330659055528607,0.3661205860748668,0.16567179803328763,1.4745009593330762,-0.9634963718816398,1.245471604423583,0.6650851906453968,1.3457844515263646,0.2610597267458391,-1.592576824583445,1.0694612877355543,-0.9926932222082473,1.2709832044155398,0.40578281126634125,1.1919280240837418,0.6912331826893902,-0.3295023237687909,-0.9817363596583701,0.32797072978954667,-0.42538585950811447,-0.49611989534089296,-0.5858999725242338,0.32950232376879157,-0.6912331826893908,0.6887530094432773,-1.0850176963188372,-0.7916527108817039,-0.08273376267196997,0.08610074473523979,-0.8756195703398886,-0.8726274695258333,-1.2052948804881005,-0.5423417704240322,-0.8036612908751883,0.6552175733882943,0.9539763317937442,0.5599008260181015,0.31305646532020776,0.8552353928241243,1.6861384465184783,1.6281183686241134,0.8427612250610729,1
-0.5605016778429365,-0.9008383962538722,-1.168717627632051,1.7718540298733036,1,0,0,1,0,0,-0.34411449859924853,-0.20649290416374969,-0.5408308881156891,0.019910383070725346,-0.3040264947474256,-0.17419465024480588,-0.9973764177978591,0.7824479131786752,0.8183972889028667,-0.7880966238027941,-1.2499256884208332,-0.6196237793919431,0.41959470355571094,-0.8418328253706707,1.3737529427712885,-0.4461778856310635,-0.7939613457593601,-1.3970961080710893,-1.4375436385994584,0.5806453452778549,0.5457267476851536,0.30226122449632975,-1.5671422562296524,0.2773892154982966,0.2609721844252991,-0.5806453452778549,1.4375436385994576,-0.7595776989295921,1.391607501712964,0.2454747604205509,-0.031051760693324323,-0.34060626115118536,-0.2140147004052217,-0.22015379130249568,0.5664865349208381,0.139780294854656,0.16779843654230542,-0.1035484832504671,-1.0440080620563552,-1.5795339494524245,-1.396178097894916,0.5380035976561225,-0.6186874509066087,-0.4316415915936655,-0.76555472453303,0
-0.12359721776989524,0.33601437037629844,1.4383931084795292,0.3052077222492148,1,0,0,0,1,0,-0.7100636717190902,0.7965464310029968,-0.5664172509504457,0.06620235534922844,0.5369850734936037,0.5614373331992254,1.0265877902169107,-0.7162531454029273,-2.3425014575011303,1.7144069221062153,1.194240557361993,0.7892518098915153,-1.2990765940556104,0.8859328250999504,0.022876590624987765,-0.8267402111271223,2.0252478973879096,1.7850184671786327,1.3564759393421526,-0.26889098598050765,-0.5422816720024431,1.0059971865060202,2.3714837850066597,-0.30785200039301586,0.19015189389200696,0.26889098598050765,-1.3564759393421533,0.18740776423728422,-0.5596729573423944,-1.7559993070048545,-1.8140808289565742,-1.1428154322176651,-0.43454965705011084,-1.6066603575270884,-2.0911855881925696,-1.534519319920306,-0.4150773999081907,1.1863538130354276,0.5525548097416701,1.7787303344679768,1.5145975939169787,-1.4288335323854886,0.4514102871836102,0.3477270420022505,0.5953280020465953,1
0.6988111776617119,1.547099371035007,-0.4445202009343899,1.0385308760612593,1,0,0,1,0,0,-0.36935237260751347,-0.1832340210294483,-0.5280377066983108,-0.01480859613815197,-0.24355422794317863,-0.12947538073453044,-1.3668363426075738,0.26869497899394373,1.1726128189794218,-1.2789727075437052,-0.4005627238696008,0.15383856350471412,0.291549924341425,-0.5237488169125335,-0.4101901254556649,-0.03982721815708867,-0.17780325664173968,0.05542849298920581,-0.08286747959746427,0.2920044097428146,1.3772955601666483,-0.7797117541317428,-1.6430235196324376,1.5515029497852653,0.574866294099558,-0.2920044097428146,0.08286747959746356,-0.5646101035717058,-0.4846237089171882,-0.3640650692044592,-0.3282232720705331,-0.3747428216220998,-0.05648973137315825,-0.22015379130249568,-0.2086678343205727,0.015758101167622184,1.4445740782910115,-0.6346847228976005,0.41570656358755365,-0.5422322401333817,0.05920974801103089,1.3945294446097283,-0.4540570296619595,-0.3759724034796717,0.5334696962929761,0
-0.894605088487027,-0.30817977891024867,1.7280720791585935,2.505177183685348,1,0,0,1,0,0,-0.5207796166571032,0.017373846003900996,-0.46407179961141953,-0.11607228549737747,0.13030293114173197,0.10306482071890198,-0.5165724121709753,0.6357429996012564,-2.142087960965171,-0.13274233928963258,-0.3372875837310614,-1.0576222137281541,0.28797882116903983,0.37335683112605755,0.24944400701207575,-1.6792035293668275,0.28462668799593865,0.5333501342000693,-0.653257441282515,-0.7945777810288902,1.0913602604223178,-0.6226896881284237,1.24086839776823,0.46155728816457314,0.9592029757012037,0.7945777810288902,0.6532574412825142,-0.06326485836571254,-0.25947596364157,-1.364802102917162,-1.865762830935219,-1.689000399752289,0.5421051509486824,-0.8726274695258333,-0.7069813574043363,-0.8523972546416179,0.6951622885689447,-0.7864379342253526,-0.8068044353892204,-0.11434528503927678,0.0761328624983096,-1.0798785577006862,-0.6186874509066087,-0.9883334727336057,-0.7036964187794109,1
-0.12359721776989524,-0.02473435322416849,1.4383931084795292,0.3052077222492148,1,0,0,1,0,0,-0.7100636717190902,0.7965464310029968,-0.7711081536284979,0.8502726358163745,-0.2460909445985543,-0.04450876866500705,-0.12371930753003045,0.3251009962825504,-0.4959137180638765,0.30567026277787407,0.351533518208446,1.027244289073038,-0.14304926005758095,0.7633422316113422,-0.35056905011182127,-0.900468789390413,1.9755610647853332,1.9726387557911529,1.164294698531354,0.2463053852199044,0.9347572724212708,-0.7974036985957679,-0.22695362665715146,1.5459917295744563,1.468887011686011,-0.24630538521990367,-1.1642946985313547,-0.03541234474315745,-0.9349191994684248,-2.147196511092547,-2.1500138418177666,-1.5183175973977192,-0.5605696322757617,-1.9328971966387571,-2.368026434350216,-1.9685969978249267,0.917210226264372,-0.7105613285614767,0.16025650409986858,0.015317428625603584,0.6345956405784983,0.6331731362065233,-1.3595243465075295,-1.4336869776455579,0.904619530814692,1
-0.894605088487027,1.547099371035007,1.7280720791585935,1.0385308760612593,1,0,0,1,0,0,-0.5207796166571032,0.017373846003900996,-0.5280377066983108,-0.01480859613815197,0.014518123199654896,0.024806099075919918,-0.9528943684579122,0.5747675438090567,0.10931427372158274,-1.039191975465896,-0.12963940866531679,-0.540816579847403,0.052496779074298346,0.03954781049305568,0.3267607334788203,-1.6993354113703416,0.03985857409154236,0.24689173616553206,-0.9140739284464625,0.16895808102739213,1.3645385216285981,-0.46154476217753093,-1.857104479372123,1.4434043955529108,0.4095793072684074,-0.16895808102739213,0.9140739284464617,-0.20252742647848845,-0.03432821836595151,-0.9099216330477515,-1.5427503185686884,-1.4500444764558913,0.8886600828192224,-0.7910682597479163,-0.4855086804782194,-0.4183195767369984,1.4168180860790833,-0.3311783002420958,0.37921369794645543,-0.6848612251647502,-0.1269445113490324,1.489698983160128,-0.20711139779498602,-0.15329565102369538,0.47161139053935697,1
-0.894605088487027,-0.12780541711001567,1.7280720791585935,1.478524768348486,1,0,0,1,0,0,-0.5207796166571032,0.017373846003900996,-0.7327286093763631,0.7953009187356521,-0.6144732347460667,-0.6012636740679366,-0.1859235073088259,0.32952833637461143,-0.5299927850481018,-1.264813838747675,-1.2478401375422603,-0.5408459666539699,1.3030502115646634,0.43618007429169287,0.448721790613044,-1.5100213426863596,0.42283561682048604,0.49288100143440666,-0.5566704711695901,-0.18555039652161812,0.6943571536721209,-0.0027683439426883227,-0.7929079314724989,2.127958456745469,2.1034556593775458,0.18555039652161812,0.5566704711695893,0.10385022336961848,0.04072103005925432,-0.973604898829468,-1.5039888170847049,-1.2964299543367779,0.6681251261743327,-0.7910682597479163,-0.6516131881728072,-0.4803306735805153,-0.08200549336504998,-0.7105613285614767,-2.147917247699562,-2.111151075478434,-1.4131012123821949,-0.6040308649486834,-2.2649916633530998,-2.547070739925439,-1.7552876165909395,0
0.13340540580248203,-0.30817977891024867,-1.168717627632051,-0.13478617003801185,1,0,0,0,1,0,0.6527815247272168,-0.5338616842790415,-0.8350740607153893,5.308768215889704,-2.695449734347374,-4.513305370826834,-0.2798407545818206,0.6482532795972668,-2.326940935577492,-0.4876568594826473,-1.1469391818261938,-0.5616244318781431,0.3528679312284245,-1.2103234338555016,0.0027625692971672204,-1.1088238043193341,-1.1404066662335002,-1.3940253952266475,-0.8414861286385814,0.06858695651968806,-0.8202155329771044,-0.8869804890817145,2.0667452231363237,-0.47201477270709163,0.130082635415577,-0.06858695651968806,0.8414861286385807,-1.1495128896453646,-0.03432821836595151,-0.10023439668020068,-0.6512357844370638,-1.0233374705694662,0.3530751881102058,-0.13859458152457876,0.2896456887631914,-0.728375060954584,-0.6926373220274746,-0.7105613285614767,0.5525548097416701,1.6101688067036326,1.2776739910950803,-1.0481553781838862,0.5337254978059351,0.6260729825722207,0.7190446135538346,0
-0.6890029896291251,-0.5400896726534062,0.27967722576327125,0.5985369837740325,1,0,0,1,0,0,-0.16744938054139394,-0.33150940101061954,-0.3361399854376369,-0.2312235665401539,-0.18029278741268373,-0.07625945001730262,-0.5847543205660476,-1.3055229822389554,0.6595217086788696,-0.6947082398803185,-0.32138113534578744,-0.6202869089169851,0.07722372434920106,-0.8397707076980753,-1.1795059158435013,0.4266109769825248,-1.238478861689121,-0.6791438967346621,-1.1676986894219978,0.312111980532898,-0.025973879169952325,0.6102681308211101,-0.47288538021038273,-0.2895484258548736,-0.24524061462693453,-0.31211198053289735,1.1676986894219978,-0.8431352397972577,-1.1600669447440433,-0.3458698504096825,-0.08273376267196997,-0.5624939042121272,-0.34003467563087314,-0.46483142063624716,0.06817301183707392,-0.17027518936292965,-0.026493508941193386,0.5793409677244183,0.03253147435602734,-0.21807545597118072,-0.3130987707090945,0.41111087958892223,-0.12479618717266176,0.013711913318286572,-0.08511336124321738,1
0.8530127518051386,-1.8284779712265005,0.27967722576327125,-0.4281154315628296,1,0,0,1,0,0,-0.7353015457273552,0.8227126745290859,0.16279408984011548,-0.43722284317949267,1.504439193439837,0.970618649218246,0.8225620888490613,-2.343626813612503,0.618024238028277,2.1148427552122175,2.2121239708635825,2.2271329776417086,-1.4366118391761598,0.2654598564395604,-0.601336863938978,-0.6474408900954616,0.8131180532961428,0.942378455622502,1.3338827891162104,1.7146150431410736,-0.878548247189677,2.61429528214956,-1.495475492903712,-2.0507421812387263,-1.9558203601965336,-1.7146150431410736,-1.333882789116211,0.24311279148239442,-0.5596729573423944,0.00893691608845806,-0.3282232720705331,7.593435579547688e-4,0.9201650766256344,-0.38327221085833024,-0.9284540343304539,0.015758101167622184,-0.9146852597229018,2.020996475338066,-0.6334633235940058,-1.2424108939237355,-1.8192559600768776,0.2524949820049213,-0.37174181903963527,0.5704037944582268,-0.6418381130257917,1
0.72451144001895,-0.9008383962538722,0.5693561964423357,0.5985369837740325,1,0,0,1,0,0,-0.1295925695289965,-0.3448832588128428,-0.23379453409861076,-0.3041334228787963,-0.09920064193564308,-0.030198602421718897,-0.9424367138308704,1.3037744236154616,0.27664650407785774,-1.0162746481217295,-1.4510231293660547,-1.4311596800363193,1.164913260056783,0.039804392282629684,2.823830071569053,0.680820320387296,-0.34082055357631985,-0.988742532915954,-0.45503125954306645,-1.500636647135627,1.350253271803088,1.039379663081253,0.3059737251406568,1.034969658245003,0.921086493160026,1.500636647135627,0.4550312595430657,-0.03541234474315745,2.4422969796658496,-0.2548937564358004,0.12399424524260985,-0.01630893667750248,-1.442709458855317,0.18764225758709038,0.4557501964577793,-0.5423417704240322,1.4445740782910115,1.1863538130354276,0.4795690784594736,0.5728670973845897,0.9899810448113461,0.15732544345452057,0.03983423407198747,-0.5986491559356475,0.40975308478573785,0
-0.020796168340944693,-0.8235350983394863,-1.6032360836506476,-0.8681093238500562,1,0,0,1,0,0,0.45087853266109723,-0.4885068621671538,0.8024531607090287,-0.5639471172918948,0.14837280865595126,0.06013432198903754,-0.10075247442181749,0.03437191281024249,0.016075903980645165,0.5671185785588738,1.0177266863573218,1.4625674677713778,0.22310141464387492,-1.0207902279237897,0.7702892381974704,-0.6799962477846594,-0.6617044916636993,-0.5497761545442112,-0.5252107151899512,2.515665179469463,-0.8798627998663767,0.7244823200911593,-0.7053069497229562,-1.4222754591364128,-1.8598439460775449,-2.515665179469463,0.52521071518995055,-0.9823978079100336,0.641115017460903,-0.16391766246191838,-0.4832692780064673,-0.6990401460957827,0.41608517572303205,0.10608304780917345,0.40038202722625016,-0.046252995675895824,-1.0257092285706153,0.07349692996524401,-1.4302242234246394,-1.5060584117089928,-1.841820112726582,-1.175048096251087,-1.5790315748337282,-0.7285439282016336,-1.6934293108373202,0
-1.9483158451337743,-0.23087648099586283,1.0038746524609323,1.0385308760612593,1,0,0,1,0,0,-0.10435469552073157,-0.36058300492849626,-0.6559695208720935,0.33527444421802766,-0.8590650364872796,-0.5364207332780372,-0.17051996995216578,-0.34863567997344763,0.7094611416299036,-1.20748540296078,-0.6536663314653459,-0.21313769355162535,0.4580286104046362,-0.10996413681323072,-0.52636509322982,0.40192293998766115,-0.5666847436365129,-0.8806269322819196,-0.46081074412575107,0.16633209230480636,0.12723729929892058,-0.04878758342612169,-0.5659633543099799,1.0693199876000234,-0.009962554404474855,-0.16633209230480636,0.46081074412575035,-0.03541234474315745,-0.40957446049198204,0.3182556355996563,0.48576825909312477,0.22264698661889537,-0.5920746260821743,0.5138790966987595,0.8433273810784847,0.015758101167622184,0.0012624832707351544,-0.17942508891434333,-0.40538291333714505,-0.62002986833231,-0.194636969298146,-0.5405845059150832,0.03983423407198747,0.1250502895462747,-0.20882997275045564,1
0.46750881644657266,0.9029052217484598,0.27967722576327125,-0.13478617003801185,1,0,0,1,0,0,-0.2810198135785862,-0.2733621931748661,2.1713235723685034,-0.6906713914042971,1.0971535146402085,0.32353081940456,0.009676178689268306,0.8327642061182765,-1.0778451532007165,-0.609361622346536,-1.546578694761556,-0.49683658446531215,2.0202849184887253,-0.6280358861006914,1.307199406159039,-1.0655447553937907,-0.7920106801569583,-1.4457169980473203,-0.9197330604481166,0.23455420748543962,-0.6409810194824213,0.16652866139498748,0.4026807140254634,0.037864006171677636,0.5991667857620292,-0.23455420748543962,0.919733060448116,-0.4253475354589299,1.6918044954137887,0.9914787310063841,0.21443774870523882,-0.11871861809024475,0.8256500952063961,1.4110304042558486,2.282899781098247,0.9459245538203791,-0.6926373220274746,-0.02767187758659086,-0.5148615102604385,-0.24400799870415715,-0.21156008378542468,-0.1916295312302808,-1.1125787146405561,-1.1553410370755877,-0.332546584257695,0
0.2619067175886707,0.05256894469021735,-0.15484123025532542,-0.4281154315628296,1,0,0,1,0,0,-0.4955417426488382,-0.03786600144006476,-0.4128990739419065,-0.14674071713188577,0.1595303157228117,0.08428272752458629,-1.1521773267127808,-0.7478775065096263,1.6834194375043847,0.20636479791236104,0.7311840324133859,1.0513003192873933,-0.4558574202370257,-1.1949562830056635,-0.7697488349561223,1.5970298449538611,-0.7954278533525339,0.22116097154623907,0.6912331826893902,0.7482915930561997,0.40814438166119255,0.25536786328778704,-0.6964297887459574,-1.0675181717637843,-0.7346544093562928,-0.7482915930561997,-0.6912331826893908,-1.1216603760228097,-0.7097714541928067,0.03622974428062242,0.8604627734383002,0.4616029099152932,-0.5605696322757617,-0.05703537174666111,-0.3747723420151606,-0.17027518936292965,0.5286263352973745,0.4275877563966659,0.534308376921121,0.06718251409155555,-0.36386811417093057,1.0772976494417266,0.03983423407198747,0.45906541823023866,0.2860364732784985,0
0.930113538876852,0.49062096620506923,-0.15484123025532542,-1.161438585374874,0,1,0,1,0,0,-0.05387894750420167,-0.3832604159844401,-0.3745195296897717,-0.19708323698475788,-0.33355839056671155,-0.14244396889251032,0.07340055607434423,-0.6272427434003197,-0.8710745726537691,-0.3623151689148283,-0.6001783958417795,-0.8800364187987781,0.12071991448952593,-0.9588815399796529,-0.5671733013327224,0.5084118019711489,-1.121522008373928,-0.7321930243183571,-0.7825353858951971,-0.4241556457943308,-1.060168396580139,0.29272858760484893,1.7016929519223636,-0.6226176068247623,0.06541733047209077,0.4241556457943308,0.7825353858951963,-0.8431352397972577,-0.40957446049198204,0.47291499535525605,0.6795757665130432,0.15437386567706757,0.006520256239666901,0.02452383803125581,0.4557501964577793,0.38782468222872474,-0.9701972441467586,0.35171115073279,0.22411901897178985,1.0915179520441112,0.7361343275021692,-0.826093121566285,0.36909507656128593,0.18071947766026855,0.16231986177126023,0
-0.07219669305541997,-0.5658574386248675,-0.4445202009343899,0.5985369837740325,1,0,0,1,0,0,-0.15483044353726144,-0.3344167614024072,-0.8094876978806327,3.480235310888831,-1.7245911442326685,-2.9467893598818846,0.10976835782008307,0.6862299251259644,-1.5397558944988574,0.5335854409261885,0.012420434884641375,0.30834313728032525,-0.017180926186208027,0.2568495164084113,-0.2616550077276521,-2.0504439658605067,1.3674796252893622,0.9925027905920979,1.2685285918524662,-0.8375679493470506,0.1040054368228214,-1.2039923509482733,0.044399448280169285,0.6351298814296812,0.9528386263668251,0.8375679493470506,-1.2685285918524671,0.0759977097470634,-0.40957446049198204,-0.555114866549611,-1.4523068151060594,-0.9550643496276378,1.424244977528238,-0.05703537174666111,-0.5962450189412776,-0.4183195767369984,0.1400424443303771,-1.0899443568808573,0.20587258615124074,0.19684522775643593,0.4484413812184362,0.5697267771729232,0.28677986593896093,-0.09762646290970158,0.6571863078002155,0
0.8530127518051386,-0.9008383962538722,0.27967722576327125,0.5985369837740325,1,0,0,1,0,0,-0.7353015457273552,0.8227126745290859,-0.23379453409861076,-0.3041334228787963,1.181747559641909,0.8677643293446123,-1.0308637294841727,-1.1305532081819682,-0.6026787819376812,-0.5590580520919664,-0.23519842472779612,-0.1136107771905053,0.3708223233344077,0.016759242270244227,-0.6478002613779139,-0.5049002563744873,0.3821573672286112,0.7446592876186741,1.5173256805029718,-1.659816685915086,1.4501867472615801,0.9027676772767377,0.31650601950626145,1.1341920645710217,1.0327843294056647,1.659816685915086,-1.5173256805029725,0.1317027369921738,-0.4846237089171882,0.49111021415003275,0.13691474573727128,0.2909201075607231,1.2982250023025865,0.5138790966987595,-0.1532996650890431,0.38782468222872474,1.5278420549267964,1.0346006017076752,0.44307621281837667,0.5469345546516133,1.0069041592986248,0.15732544345452057,0.03983423407198747,-0.6543183440496418,0.40975308478573785,1
-1.9483158451337743,-0.8235350983394863,1.0038746524609323,-0.8681093238500562,1,0,0,1,0,0,-0.10435469552073157,-0.36058300492849626,0.8024531607090287,-0.5639471172918948,0.5199898824992849,0.15851671491164357,0.46541127431813606,-0.6198006048568854,0.5559584026491107,1.0062124687878327,1.0271663308571857,1.4919805964503126,0.08528002688710454,-0.311977453080222,-0.5357389593517806,0.4078246058540588,-0.12516608188924702,-0.2988797936195715,-0.4481121582821066,2.479315768858987,-0.9588899015055142,0.31400425263432735,-0.3501893627097965,-1.4834406741381005,-1.6271644828143896,-2.479315768858986,0.4481121582821059,-0.28608496734615396,-0.4846237089171882,0.06352257247278678,0.26611975068388355,0.20557870638343811,-0.5290646384693491,-0.13859458152457876,0.06817301183707392,-0.17027518936292965,-1.0653606460162273,-0.17942508891434333,-1.2759984222033336,-1.2312969470381747,-1.6282665251490211,-1.0844104404888004,-1.5006361361458005,-0.6225073794130739,-1.3399532779594956,1
-0.6890029896291251,0.7740663918911503,0.27967722576327125,-1.6014324776621007,1,0,0,1,0,0,0.8925413278057338,-0.5797979784692867,-0.7966945164632545,1.6198766749464881,-2.1905548208484498,-1.697780162459891,0.5609844882082968,-0.8558491730429033,0.8376221204913975,-0.26513916967939344,-0.3950940589266701,-1.273543172142751,-0.08669521590482247,-0.07998379735225694,-0.8872878192439017,1.028537366614256,-0.39091048417842633,-0.2437100908772923,-1.4375436385994584,-0.31122271395962636,-0.8599814546242481,0.285814389881234,-0.1114766375370532,-0.029434231661137365,0.2757061572960093,0.31122271395962636,1.4375436385994576,-0.20252742647848845,-0.9349191994684248,-0.5005292101652823,0.07231224326396513,-0.08458205761933026,-1.1591645145976028,-1.1988643086375024,-0.762349526635866,-0.4183195767369984,-0.7759052986632599,0.35171115073279,0.24236545179233895,0.14498014229048395,0.12690220596014448,0.5697267771729232,-0.20711139779498602,-0.3759724034796717,0.22417816752487937,0
-0.6890029896291251,-0.30817977891024867,0.27967722576327125,-0.13478617003801185,1,0,0,0,1,0,-0.16744938054139394,-0.33150940101061954,-0.8350740607153893,5.308768215889704,-2.1685694957617345,-4.357682312931075,0.12654521217912634,-0.09833187872248159,-1.3749914374749923,-0.2872743115743703,-0.2191651742654312,-0.6223380523481065,-0.2903698402254398,-0.808241185891291,-1.090020213563756,0.46913317359237006,-1.067689452625171,-0.31568461041352003,-0.7076772998718532,-0.14692914774798616,-0.983549267714268,-0.9569947318774247,2.3510929539436844,-0.6706135230790904,-0.023279118674072757,0.14692914774798616,0.7076772998718532,-0.7595776989295921,-1.009968447893631,0.02713213488323473,0.26611975068388355,-0.18699173903207253,0.1010352376589052,-0.30171300108041293,0.012804842605544792,0.015758101167622184,-0.859173275299045,-0.7864379342253526,0.5251851605108457,1.739831520368513,1.294597105582359,-1.3019408143182878,0.6983559190505837,0.6817421706862145,0.5334696962929761,0
0.8530127518051386,-1.95731680108381,0.27967722576327125,1.0385308760612593,1,0,0,1,0,0,-0.7353015457273552,0.8227126745290859,-0.11865590134220637,-0.35621189169211226,1.2927480394660236,0.9080116719038602,0.17773243188928864,-0.08628131924439365,-0.7576186344817806,0.6441689948086561,1.2355248588754864,1.5429745368298182,-0.8331279423840353,-0.02288485960841555,-0.8092983958493435,-0.4006579068027414,0.5684461249164147,1.0377908831118132,1.8586269233961765,0.2610696854503818,-0.27000755510581165,-0.6923135484794553,0.633067496675567,-0.3065693068046418,-0.5930420198070493,-0.2610696854503818,-1.8586269233961772,0.02029268250195297,-0.7097714541928067,0.19998671343360988,-0.04397226118798574,0.18851042614798086,1.109195039464111,0.35076067714292497,-0.4301405112466897,0.139780294854656,-0.24854144663662048,-0.6346847228976005,0.05990112358685037,0.37837302688726915,0.22844089288381547,-0.8895394805998851,0.28677986593896093,0.45906541823023866,-0.2706882785040748,1
1.6240206225222695,0.7740663918911503,-0.15484123025532542,-1.6014324776621007,1,0,0,1,0,0,-0.5333985536612357,0.029003287571051677,-0.7966945164632545,1.6198766749464881,-1.043884003946766,-1.2295694106873067,-0.11104115653511981,-0.010642944026614842,0.02019090640733375,-0.1472274451158954,-0.006448782621516525,0.020690971447089385,0.21147448248892475,-0.9183219747482431,0.3040817343686557,-0.004050874209311265,-0.18485328967686973,0.3256912900646016,0.3422533759207262,-0.31122271395962636,-0.76317106570713,0.3192301808452397,-0.03167238337373133,0.01559742228521627,0.3263578873254533,0.31122271395962636,-0.3422533759207269,-0.9266927806649233,0.11577027848446049,-0.44594355378095224,-0.37990527404917784,-0.42594766232847037,0.1010352376589052,-0.30171300108041293,-0.4855086804782194,-0.4183195767369984,-0.6648813298155464,0.4275877563966659,0.36096726512590627,0.28760912732185256,0.27921023634565156,0.6014499566897238,-0.20711139779498602,-0.3759724034796717,0.47161139053935697,0
0.7759119647334253,-0.5658574386248675,-1.6032360836506476,0.5985369837740325,1,0,0,1,0,0,-0.7731583567397526,1.625144142662483,-0.8094876978806327,3.480235310888831,-0.1581902790310473,-1.4397499773856015,-0.7785925967683078,1.0987635932406044,-0.0035580824730089646,-0.6121527394367009,-0.5888420714326612,-0.11683225262337066,0.06348796374258822,-0.8269679028336475,0.33085621589122793,-0.12410295338890406,-0.2034202944435917,0.12829230784227638,0.3735052989149339,-0.529783266025729,0.25635537420580207,-1.1766430201980553,-0.11984748177557701,0.6252707763352557,0.8907760005074536,0.529783266025729,-0.37350529891493456,-0.6760201580619267,0.5660657690356972,0.7185504490847379,0.5374502610717695,0.4274663494443799,0.9201650766256344,0.02452383803125581,-0.1532996650890431,0.5738579727592754,0.3620903820258042,-1.0140677512169813,0.4795690784594736,0.3394742127878045,0.5838262971166633,0.886958572340925,0.2044646553166367,-0.04195727479570725,1.0283361423219313,0
-0.5605016778429365,-0.30817977891024867,0.5693561964423357,-0.13478617003801185,1,0,0,0,1,0,-0.785777293743885,3.4945768745819557,-0.8350740607153893,5.308768215889704,-0.46758293208315554,-1.41515437915495,0.6572251278384366,-0.4878964363620892,-1.7404627230608216,0.8007258750879103,0.7561423239539586,0.05781919021272894,-1.0869623190477138,-0.005010401875052148,-1.6777636088968313,-0.06211269476334453,0.6215674099015331,1.293787685161254,0.3506288912831737,-0.26889098598050765,-0.9188938734106351,-1.0110935818820959,2.316853580158796,-0.46539339498778365,0.2801098052798586,0.26889098598050765,-0.3506288912831744,-0.11896988561082296,-1.6103624352952797,-0.4277483349861756,-0.39282577454383927,-0.135786898325702,0.4790951633358572,-0.8726274695258333,-1.0945585420250417,0.139780294854656,-0.859173275299045,-0.9381911455531051,0.041654690766301246,1.234146937075479,0.9392117013495113,-1.397110352868688,0.4514102871836102,0.3477270420022505,0.10046155601764112,1
0.46750881644657266,0.026801178718756015,0.27967722576327125,-0.8681093238500562,1,0,0,1,0,0,-0.16744938054139394,-0.3140652386598935,0.21396681550962854,-0.4470598872886746,0.2918530360573576,0.10395920610910749,0.36154149693891635,1.4353361085076255,-1.1603707547337132,0.9482895476640625,0.45815508938691446,0.2347062104997751,-0.2952419218680059,-0.6440169794503359,1.190663795594687,-1.4138580955945486,-0.7153998617400067,-1.2266079119412683,-0.7279513648365102,1.0420845785413573,-1.1462264300355942,-0.777263001553609,0.16547466025379828,-1.9904562571129545,-1.793167940943026,-1.0420845785413573,0.7279513648365102,-0.4253475354589299,1.6167552469885829,1.091552434377654,0.08523274375862654,-0.20406001926752979,1.424244977528238,1.4110304042558486,2.1167952734036595,1.069946747507413,-1.1367331974183288,-0.8623145398892288,-0.5787240251323598,-0.41256952646850126,-1.1254082660984612,-0.794369942049485,0.36909507656128593,1.0714264874841732,-1.0129879475475077,1
0.9044132765196139,0.18140777454752677,0.27967722576327125,-0.8681093238500562,0,1,0,1,0,0,-0.48292280564470574,-0.04658808261542777,-0.6943490651242283,0.39024616129875006,-0.5163665173370557,-0.3374199839573113,0.978487751986807,1.41480441835234,-0.7142383556298612,1.0470820110988677,0.24109352142046164,0.6287677885868705,0.30377367539611,1.8353909819008043,1.7334565550808394,-1.1721092060500817,1.8502885490211902,0.8493901671907098,0.6912331826893887,0.17200761631813533,0.4732900051924683,-0.20532474162978126,-0.2014689550268488,0.4201742072607148,0.5158307922457096,-0.17200761631813533,-0.6912331826893894,2.0535261769484814,1.9920014891146134,0.7185504490847379,-0.05689276168264715,0.683490552976235,1.2037100208833493,0.5954383064766764,0.2896456887631914,1.0079356506638961,0.44535835866158957,-0.17942508891434333,0.05077790717657645,-0.06248019957332482,0.10997909147286698,0.41111087958892223,-0.4540570296619595,-0.4316415915936655,0.34789477903211874,1
0.4932090788038099,-0.2824120129387873,-1.168717627632051,0.5985369837740325,1,0,0,1,0,0,-0.356733435603381,-0.19137463012645378,-0.4001058925245282,-0.1502126150527735,-0.04689119309727327,-0.031092987811924405,-0.12754352213487624,0.3261378154333962,1.3133191225759802,-0.39700116576337463,0.34103579923330085,1.1541873274607621,0.3903051276637285,-0.9739545959244129,0.07362766480256727,1.8475560031197071,-0.5755817872239215,0.1780578124552211,0.513835114248652,1.0645584453617318,-0.7958115842085973,-0.3738758085606155,0.061264368501201205,-0.03441408489348611,-0.26952444383921087,-1.0645584453617318,-0.5138351142486527,-0.8988402670423681,0.11577027848446049,0.15449866644666885,1.1059522828368633,0.785900234388976,-0.9386295579527137,0.35076067714292497,0.12354118106860354,0.139780294854656,-0.859173275299045,-0.5588081172337243,-0.7338187041070253,-0.5940973255993336,-0.5669454880182719,-0.794369942049485,-1.0302635040182315,-0.7099875321636356,-0.5799798072721716,1
-1.3572098109173063,1.6244026689493918,0.27967722576327125,-0.13478617003801185,1,0,0,1,0,0,3.037760618508254,-0.7298177746855304,-0.5280377066983108,-0.020595092672964856,-1.636422505057775,-0.5453645871800923,0.666619286220201,1.021419500814717,1.0321901115206444,0.3786352548695881,-0.4341959700199037,0.8247240600423151,0.579982910322635,0.09065622771584667,1.4714092480084966,1.7718317046038465,0.19754572439533488,-0.32937130194166686,0.9153149533513734,0.21702702713573208,-0.8363677102379354,0.07209516362312951,0.3694815273065341,-0.315628843076475,0.24290905676855695,-0.21702702713573208,-0.915314953351374,-0.20252742647848845,0.8162299304530506,-1.070646065734943,-0.12149526415595328,-0.03337721691295973,-2.555885906681899,0.051710241290561454,-0.3563162856046509,-1.307145298160744,-0.859173275299045,-0.1035484832504671,-0.49661507743988936,-0.24400799870415715,-0.3469449996836519,-0.2233527107470814,-0.6186874509066087,-0.5986491559356475,-0.3944048900113141,0
1.2385166871637046,-1.4934970135974959,0.5693561964423357,1.478524768348486,0,1,0,1,0,0,-0.4198281206240434,-0.13962361515263325,-0.46407179961141953,-0.09755549658597625,-0.052455699244706555,-0.031987373202129916,-2.174788885971444,0.6468057089724473,-0.16495556269517417,-1.3044367143839346,-1.3271886856565127,-1.0143970853534838,1.4072636652200172,0.07372022850116285,0.6147834100591657,0.5804096111090791,-0.27898562672500216,-0.23456783291959918,0.09840925777350726,-1.4811177417461807,3.0977572698740676,-0.2718846100312968,0.8087554649234798,1.4855724740807086,1.496400457778062,1.4811177417461807,-0.09840925777350797,-0.03541234474315745,0.41596727218528484,-0.3731626786018469,-0.031051760693324323,-0.135786898325702,-0.7811045889206503,0.5138790966987595,0.5111183656893089,-0.29429738304996345,3.52627349418564,0.04820472807728505,1.0360852794862145,1.3508433793738719,1.988444799560775,0.2207718024881207,-0.20711139779498602,-0.8213259083916238,1.0283361423219313,0
0.6988111776617119,1.3151894772918502,-0.4445202009343899,-0.4281154315628296,1,0,0,1,0,0,-0.40720918361991093,-0.13962361515263325,0.022069094248954552,-0.393824119168396,0.4545930355320551,0.19697528669048045,0.23209222511126332,-0.04809702963511623,0.028257642087802414,0.055953165604323486,-0.3601016851257375,-0.46801188776270863,0.5813970526204714,-0.6384379470979777,0.10289247591755014,-0.2752275766485645,-0.41634802521139214,-0.28654917276198194,0.48604987461335547,-1.1203707433436239,-0.9606495630238321,0.16909010623737822,-0.31520631505614016,-0.488432691730401,0.18839033205985617,1.1203707433436239,-0.4860498746133562,-0.5924626171942612,0.11577027848446049,0.07262018187017576,-0.08273376267196997,-0.23819657973844427,0.3215701943037938,0.9216751455883455,0.7325910426154264,0.139780294854656,-0.6648813298155464,0.8069707847160468,1.8662979728211873,1.3767759221068474,1.0576735027604598,2.3462248301137336,1.2745623934068555,0.7374113588002092,1.770635811365363,0
0.3647077670176212,-0.3854830768246345,0.27967722576327125,-0.13478617003801185,0,1,0,1,0,0,-0.5333985536612357,0.09005785579859277,3.719298523871273,-0.7433285098710943,1.7676803205521359,0.6437207890981322,0.289765781850352,0.19075092497973217,-0.7202075491178829,1.398348092831285,2.114840252051219,0.2166861034450346,-3.0404171945411487,-0.7279958104502473,1.134279880519087,2.269051284808885,-0.4816857916893584,-0.046036709391257535,-0.4019224822967764,0.6941558255444424,-1.130331209433042,0.8744850532546621,3.2647255615010913,-2.3667094451093624,-2.794341790410624,-0.6941558255444424,0.40192248229677574,-0.6481676444393714,1.1664597564373458,0.2545723698179399,1.428964795203394,1.1272658390981163,-1.5687294340809674,0.02452383803125581,0.2342775195316623,0.3258135853852078,-1.3032691506898992,-0.17942508891434333,-2.2665190610331294,-0.7496925819971905,-1.531563013793144,-4.030134252763103,0.6160407084282594,1.127095675598167,-2.9305954259097073,1
-0.5605016778429365,-1.5708003115118816,0.5693561964423357,0.3052077222492148,1,0,0,1,0,0,0.5392110916900246,-0.5146731056932429,0.06044863850108935,-0.40771171085194696,-0.2842755087033212,-0.08073137696833017,0.04429692470456003,-0.38923035135251344,-0.033227163679861824,-0.05723172812521682,-0.40270457554058486,-0.5568234456153579,0.09632274214503603,-0.30649648086566594,0.05469106012500404,0.13994741774609157,-1.0255365447921132,-1.0099874665368793,-1.3422252734671216,0.5717619163874261,-0.3678436244514957,0.5890191758668878,0.1860563042242501,-0.9395881103709454,-0.4625205119157801,-0.5717619163874261,1.342225273467121,-0.5367575899491508,-0.3345252120667762,-1.1464594773798444,-0.9096457943302884,-1.2110885531594928,-1.0961545269847772,-0.709509049969999,-0.1532996650890431,-1.3484860293897554,-0.5261013687559044,0.19995793940503753,-0.8615437338508666,-0.6459624110652865,-0.939254006738398,-0.5405845059150832,-0.28942660841731066,-0.04195727479570725,-0.9511296417938885,0
0.44180855408933456,0.7482986259196881,-0.15484123025532542,-0.8681093238500562,1,0,0,1,0,0,2.2806243982603056,-0.7024885870027264,-0.2721740783507456,-0.28677393327435763,-1.1176972945192702,-0.31863789076299565,0.7868465602604102,0.6209262228536726,-1.9227884176896402,0.2884507720196268,-0.6820723637763617,-0.8626929611572296,0.39651275487973325,0.5859730407922176,-0.07154654835753389,-1.634979363123375,0.10852243446906996,-0.4053800842250998,-0.9053494332772455,-0.2786957612109654,-0.5086319379612735,-0.9239144888987689,0.9855195976447266,-0.2820693953630415,0.4909527266467947,0.2786957612109654,0.9053494332772448,0.3147335407975363,-0.29163992725237253,-0.6980772999371397,-1.3581717400735276,-1.2525400908741744,0.42958731592577976,-0.4531801049536876,-0.0662925420109259,-0.39174339237549116,-0.4150773999081907,-0.7864379342253526,0.3700904815361815,0.8451587960808378,0.6684418695530556,0.062155904904119784,0.03983423407198747,-0.09762646290970158,0.6571863078002155,0
-1.9483158451337743,-0.30817977891024867,1.0038746524609323,2.505177183685348,1,0,0,1,0,0,-0.21792512855792381,-0.3082505178763182,-0.4768649810287978,-0.09003305109071949,-0.33426583518875236,-0.16748675981826458,-0.8753954524382788,-0.26246875362188227,-0.20646664368828135,-0.7022556846807857,-1.24775291967097,-1.3157657465124275,0.8387656211446912,-0.21798921734177637,-0.6747719658440271,0.8790055340772234,-0.31615207005592216,-0.7284164717138335,-0.7099870034754222,-1.0903910820752818,0.9994464286241806,-0.3157251411128439,1.1655626093724538,0.6352111434366774,0.9109829956091665,1.0903910820752818,0.7099870034754215,-0.14682239923337803,-0.5596729573423944,0.2909628074074919,0.7183372679970265,0.5469443110925782,-1.0961545269847772,0.10608304780917345,0.5111183656893089,0.015758101167622184,0.77843026520473,-0.4070549059059717,-0.378013264106322,0.2487103132223888,0.49921072468027106,-0.9212626601166852,-0.28942660841731066,-0.7656567202776299,-0.3944048900113141,1
-0.894605088487027,-0.7204640344536393,1.7280720791585935,0.3052077222492148,1,0,0,0,1,0,-0.5586364276695006,0.1394829824589832,0.12441454558798068,-0.4291217480307546,0.8133652694943978,0.4389065347410707,0.8968066530751877,0.15393429293776936,-1.2692808402092741,0.46278200278971793,0.4651367741522319,-0.8072016522828352,-0.5320067281552081,0.5081741769096038,0.17348170378019193,-1.5237559165365804,0.1273191408464614,0.6313583576845833,-0.8773392119444982,-0.2307924307993011,-0.7392698318611265,-0.03748948546759807,0.20392168406705716,-0.4989411489365862,0.011697965425532383,0.2307924307993011,0.8773392119444975,0.15955525061472892,-0.18442671521636386,-0.982702508226857,-1.5169093175793655,-1.39883963574952,0.9516700704320475,-0.9541866793037505,-0.7069813574043363,-0.29429738304996345,-0.4011994038022266,0.5793409677244183,1.9073524466674223,1.7463146560517566,1.38767423526239,1.6007301114689292,1.0276167615398821,0.9879227053131819,1.708777505611744,0
-0.9203053508442651,0.7482986259196881,-0.8790386569529866,0.5985369837740325,1,0,0,1,0,0,-0.6091121756860305,0.1976301902947366,-0.11865590134220637,-0.35216134411774325,0.7589312018430256,0.4241491758026798,0.6456337686591792,-0.7462116923614597,-2.403067280449402,1.0142871898958676,0.43879914087034805,-0.33163503672593075,-0.7026212242315101,0.5715996321633526,1.1170026807821924,-2.6130438335091273,1.1276830376812108,-0.23186641736259875,-0.5252107151899512,0.06858695651968806,-0.32663385428452646,2.1431877308022367,0.6592164239147278,-0.25204536059606175,-0.7968328011610798,-0.06858695651968806,0.52521071518995055,0.8280155775560533,1.4666567501381707,0.9368930746220554,-0.7287587874050313,-0.2894014204448148,2.3378897979142055,0.10608304780917345,0.40038202722625016,1.069946747507413,-0.3318094232724056,1.9451198696741894,-0.08607033897753999,0.2616765845888761,0.1438253204474232,-1.238494455284687,0.5337254978059351,0.6260729825722207,-0.332546584257695,1
0.9815140635913272,1.547099371035007,-0.4445202009343899,1.0385308760612593,0,1,0,1,0,0,-0.5838743016777656,0.16564922598507223,-0.5408308881156891,-0.01480859613815197,0.13559032629477505,0.13884023632712236,-1.2723952033248933,0.251792591300869,1.5808398827844155,-1.3362719196342598,-0.5882887116337385,-0.7402553207301809,0.013708456886325436,-0.332283474268764,-0.028022036082250214,0.30303046784410037,-0.43356682623583065,-0.5663168601992856,-0.8740438917877038,-0.14275387761029457,1.4372827714441854,-0.3736650941548153,-1.8565446821794473,1.3752997112081378,0.21190594777949953,0.14275387761029457,0.874043891787703,-0.3696425082138195,-0.10937746679115769,-0.24579614703841146,-0.05689276168264715,-0.22112829950298704,-0.655084613695,-0.46483142063624716,-0.09793149585751397,-0.29429738304996345,1.4723300705029398,-0.2553016945782196,0.34272083230535716,-0.7107937678977266,-0.1777138548108673,1.2993599060593275,0.28677986593896093,0.23638866577426285,0.40975308478573785,1
1.110015375377516,-0.7204640344536393,-1.6032360836506476,-0.4281154315628296,1,0,0,1,0,0,-0.1295925695289965,-0.3373241217941949,-0.054689994255315046,-0.3741500309500322,0.06623390553984086,0.029725218722050223,-0.12702004795649846,0.57133895340392,0.3811647045387939,0.3969878711213949,0.6005670709451812,0.1187700434796096,-0.7651388241574021,-1.04785920254476,0.7173539671145982,-0.4987657851222004,-0.5345085300492841,-0.6101093832095491,0.4407888507730546,-0.27518084178872726,-0.8703840999400395,-0.06555118725627808,-1.0222764334565826,-1.0663145110971235,-1.3764196701286797,0.27518084178872726,-0.4407888507730553,-0.8431352397972577,1.1664597564373458,1.2189189659410893,0.7312577684916879,0.4616029099152932,1.140700033270523,1.9003856629233515,1.784586258014483,1.069946747507413,-0.8036612908751883,-0.02767187758659086,0.11464042204849642,-0.4385020692014777,-0.8038690908401701,0.37938770007212164,2.0153992890077768,2.017802685422071,-0.1469716669968365,1
-0.6119022025574117,-1.1069805240255675,-1.168717627632051,-0.4281154315628296,1,0,0,0,1,0,4.186083885884309,-0.7600543227601223,-0.2977604411855021,-0.26478524644206863,-1.4609989901550446,-0.379903289992073,-0.32051247626361795,3.765995810630354,-1.3663748887518323,0.8014496091711637,-1.435483598647722,-2.5689415399286197,-0.9417337896352219,-1.9951457808293762,5.002156741578802,-0.7930192750268835,-0.2890831898433204,-2.489135304574107,-4.63070887053273,1.0889508130082355,-1.5478457557357392,-0.15789662392846285,1.0709723538388045,-1.3693566593248743,-0.5639571716042809,-1.0889508130082355,4.630708870532729,-1.8736782438317996,2.81754322179188,-1.919756276157842,-1.9303653334085251,-1.9108880428132304,-2.450869260660523,-2.666930084640012,-1.648240234340335,-1.720552610450858,-1.4142931195376127,0.04820472807728505,0.6437869738444144,1.143383037510063,0.43151826673115745,-0.0012904541294803558,0.03983423407198747,0.6817421706862145,0.904619530814692,0
-0.3034990542705592,0.4648532002336079,-0.15484123025532542,0.3052077222492148,0,1,0,1,0,0,-0.81101516775215,5.215734226520256,-0.1826218084290977,-0.30991991941360914,2.1459695430254624,4.250777067796951,-0.10764526040309033,-1.6498053982084386,2.7788681233299424,-0.1323099784503719,0.935251000341256,0.3679577654122064,-0.6743044579167351,-0.885099285109504,-1.193191690868281,2.207331246371831,-0.8839436622573003,0.06949310963375514,0.06048449490010199,0.44186272034813867,-0.7346974219079778,1.0690964423589453,-1.5806507888354222,-0.697761159277604,-1.1480256094426946,-0.44186272034813867,-0.0604844949001027,-0.8152827261747027,-1.0850176963188372,0.14540105704928116,1.2868392897621204,0.8029685146244333,-1.0961545269847772,0.5954383064766764,0.6218547041523672,0.2638024885416898,-0.5261013687559044,1.4898602356909325,1.0725781451273115,-0.02358138547386016,-0.29617565622181696,1.6165917012273294,1.5215080252738291,2.017802685422071,0.9664778365683122,1
0.8273124894479005,0.38754990231922204,-0.8790386569529866,0.5985369837740325,1,0,0,1,0,0,-0.11697363252486404,-0.3489535633613456,-0.5664172509504457,0.14142681030179596,-0.608724052722138,-0.37766732651655927,-0.36219748941321345,1.189652550327363,-0.30943478465864643,-1.128683122290041,-1.2386156726084792,-0.19901185110369615,0.9909168014179458,-0.86319047269398,1.6842425080917307,-1.2914473921709202,-0.5209262457585127,-1.0935679538314642,-0.45503125954306645,0.17986603418274572,-0.35884532375916683,0.05440171126173017,-0.8747723656650487,1.008236533519548,0.5426047756037088,-0.17986603418274572,0.4550312595430657,-0.8988402670423681,1.2415090048625523,-0.5915053041391644,-1.1163738022448682,-1.2281568333949502,0.006520256239666901,0.18764225758709038,0.4557501964577793,-0.5423417704240322,-0.6648813298155464,-0.482931511569848,-1.582277830262547,-1.6962303917508168,-1.2946394109712458,-0.635754044465484,-0.9479482933959068,-0.9883334727336057,-1.0748462533011267,0
0.9044132765196139,0.49062096620506923,0.27967722576327125,-1.161438585374874,0,1,0,1,0,0,-0.48292280564470574,-0.04658808261542777,-0.3745195296897717,-0.18782484252905726,0.1897257878364852,0.10932551845034055,1.963077186908877,1.0727772087636318,-2.205143940817905,1.5002272783915056,0.28488295110730777,-0.42246686084337615,-0.18343689131326657,1.736439007174144,1.464236660219004,-1.1287752840449257,1.5899245002828517,0.8684168571013826,0.4513710056427588,-1.023858678725748,-0.9946772188623072,-0.005580243285887892,1.8801953380656409,-0.45016834820026785,0.4774782484763098,1.023858678725748,-0.4513710056427595,1.8585585815905954,1.6167552469885829,0.5184030423421971,-0.18609776662925942,0.4445346296798359,1.2037100208833493,0.2692014673650073,0.06817301183707392,0.8219023601333442,-0.9424412519348303,-0.02767187758659086,-0.058700689746716966,0.9099901529132779,0.65151875506577694,-0.8895394805998851,0.36909507656128593,-0.09762646290970158,-0.08511336124321738,1
0.7759119647334253,-1.4934970135974959,-1.6032360836506476,1.478524768348486,1,0,0,1,0,0,-0.7731583567397526,1.625144142662483,-0.46407179961141953,-0.09755549658597625,1.1897591452346847,1.3252424564347305,-2.6577946858702237,0.5346373016025745,-0.652422700646508,-1.2547753733522693,-1.0978597369321115,-1.1016826645439046,0.47544473246609287,-0.8490410313422875,0.1957372922380939,-0.13874900350373323,-0.435770374518132,-0.06633436513290698,0.3210111268130686,-1.8209386847559008,2.8473764140268507,-0.537721152496836,0.7524543204552635,1.263018134143289,1.3625088301359236,1.820938684755901,-0.32101112681306926,-0.7038726716844818,0.41596727218528484,0.6821600114951846,0.49868875958778525,0.2909201075607231,0.8886600828192224,0.10608304780917345,-0.04256332662598434,0.5118468759157585,3.387493533125998,-0.17942508891434333,1.2459192569225261,1.5064386357717279,2.039214143022611,0.47455723862252236,0.28677986593896093,-0.48731077970765985,1.0901944480755505,1
0.3647077670176212,1.3151894772918502,0.27967722576327125,-0.4281154315628296,0,1,0,1,0,0,-0.5333985536612357,0.09005785579859277,0.022069094248954552,-0.393824119168396,0.6838753761565121,0.37361640125606854,0.3565181277200194,0.6595358162812306,1.9038105120426732,-0.1475080084070777,-0.4040026342985424,-1.2008147702369316,0.21335005283183522,-0.5764284612996798,0.9050200974308343,2.2326454070641315,-0.474243495675858,-0.1254273093358786,-0.604544012877736,-1.0381887348318013,-1.0717076618894346,0.0013956601910708694,-0.3589794293948064,-0.2709779293251217,0.4027678558853272,1.0381887348318013,0.6045440128777353,-0.5646101035717058,0.7912135143113154,-0.10023439668020068,1.0542702808582185,0.785900234388976,-1.7892643907258567,-0.30171300108041293,-0.04256332662598434,-0.10826409251941274,-0.8314172830871166,0.5034643620605421,1.5378621820513083,1.078551680677623,0.8884423578876751,2.187608932529733,0.9453015509175579,0.45906541823023866,1.5850608941045057,0
0.7502117023761872,-0.10203765113855341,-0.8790386569529866,-0.4281154315628296,1,0,0,1,0,0,-0.25578193957032125,-0.29080635552559214,-0.7199354279589849,0.52044233333204,-0.9531274677070419,-0.6258592722985881,-0.8670344773846599,-0.42483353517969913,1.6123510824867007,-0.8645858296697072,0.13727840957247486,1.4037692739881202,0.12611206573466444,-0.7304784710505199,-0.6364543628602279,0.9058342259505296,-0.4457902993326301,0.19460015697776123,0.5209310369862826,1.3979208031972914,0.4757470654543301,-0.05448864943097594,-1.293861905079763,0.7259616476323807,0.01152052165477472,-1.3979208031972914,-0.5209310369862833,-0.6203151308168162,-0.4846237089171882,0.4456221671630917,0.8733832739329616,0.6322857122698633,0.006520256239666901,0.5138790966987595,0.2896456887631914,0.5118468759157585,0.16779843654230542,-0.3311783002420958,-0.8615437338508666,-1.3202085221226638,-1.0069464646875115,-0.0012904541294803558,-0.9479482933959068,-0.4316415915936655,-0.6418381130257917,0
0.8530127518051386,-1.95731680108381,0.27967722576327125,1.0385308760612593,1,0,0,1,0,0,-0.7226826087232228,0.901211405107353,-0.23379453409861076,-0.3041334228787963,1.104213677733934,0.9281353431834843,0.04676597991568295,-0.026223344507952488,-1.0103769215106941,0.42491201455702293,0.8101971219080699,1.3282453671301535,-0.399404977730611,-0.09100786746030796,-0.8972731056992952,-0.3263705258551121,0.5312996121252689,0.889134650409125,1.6588590105479577,0.16633209230480636,-0.15596322233627924,-0.8628761366728461,1.053248196101491,-0.04720111797894693,-0.18522900855931737,-0.16633209230480636,-1.6588590105479584,0.04814519612450831,-0.7097714541928067,0.5911839175213025,0.31780175266252825,0.529876030857121,1.2352150146897614,0.5138790966987595,-0.2086678343205727,0.5738579727592754,-0.05424950115312168,-0.7105613285614767,0.44307621281837667,0.9488889670127426,0.8715192434003977,-0.857816301083085,0.03983423407198747,0.1250502895462747,0.10046155601764112,0
0.05630461873076867,1.109047349520155,-0.4445202009343899,-1.6014324776621007,1,0,0,1,0,0,-0.6848257977108253,0.4941809502570791,-0.1442422641769629,-0.3330659055528607,1.0027398063979185,0.6374600913666937,0.48582213892127013,-1.1675835907566265,0.10744218211429657,0.18749003843639017,0.38890289969367864,-0.23158961654964588,-1.3066621486518024,-0.510586914888419,-0.5438589523052663,-0.14919121954696637,0.012498676744057356,-0.10217817480289666,0.19997699316119485,-0.5141953625010154,-1.1857199396865508,1.0577191611497714,-0.29679984998298736,-0.24089347217061452,-0.6053499168235464,0.5141953625010154,-0.19997699316119558,-0.03541234474315745,0.11577027848446049,2.419803406396333,1.9457848149898431,1.8612018892227682,1.7392949155923647,0.5138790966987595,0.4557501964577793,2.2481575875342377,-0.9701972441467586,1.6416134470186852,1.4283835851280149,1.026686595211671,0.854596128913119,0.8235122133073248,2.180029710252426,2.017802685422071,1.2139110595827887,1
0.7759119647334253,1.3151894772918502,-1.6032360836506476,-0.4281154315628296,1,0,0,1,0,0,-0.7731583567397526,1.625144142662483,0.022069094248954552,-0.393824119168396,1.7164594037351424,1.5542051163273407,0.1822257686401347,-0.10579789421490743,0.060353334471500375,-0.09027796131967034,-0.31421367508460746,-1.00549026403994,-0.0648872627252447,-0.7839014372854178,-0.24916648076612924,0.03842095756275974,-0.46437027060345776,0.10987717433741016,0.11065768597424898,-1.4811177417461794,-1.036654446867851,-0.10439858056328784,-0.043895673023662034,-0.3385019097925324,0.5157668414116947,1.4811177417461794,-0.11065768597424969,-0.6760201580619267,-0.10937746679115769,0.427426948368315,0.3824042551358344,0.17144214591252482,0.7311351137871589,-0.13859458152457876,-0.2086678343205727,0.38782468222872474,-0.7759052986632599,0.4275877563966659,1.6747104282054248,1.3897421934733356,1.142289075196852,2.1558857530129325,1.1099319721622063,0.4033962301162448,1.5232025883508855,1
-1.9483158451337743,-0.9266061622253344,1.0038746524609323,-0.8681093238500562,1,0,0,1,0,0,-0.21792512855792381,-0.3082505178763182,-0.630383158037337,0.1992917756499248,-0.6705306747551835,-0.39108310736964186,-0.6013462401536113,-1.1423640637403123,2.749325152331115,-0.7793114801018001,0.14334474642116646,0.037745226544694,-0.037990070243430187,-0.24665303288189924,-0.8305491368529305,1.1193861924683395,-0.09193964108774547,0.0641148801491878,-0.7279513648365089,0.7734532878151856,0.589733781092594,0.7359046355188648,-2.6335444159366266,0.9616337583442295,-0.12375948927795274,-0.7734532878151856,0.7279513648365081,-0.17467491285593337,-0.7097714541928067,0.2909628074074919,0.8475422729436388,0.76883195415352,-0.7180946013078251,-0.6279498401920818,-0.3747723420151606,0.2638024885416898,0.8061862574166584,1.0346006017076752,0.8353745184601769,-0.8015576674631424,-0.4146374576327655,2.473117548180934,-0.28942660841731066,0.06938110143228039,1.1520527538291696,0
0.004904094016293398,-0.5400896726534062,-0.4445202009343899,0.5985369837740325,1,0,0,1,0,0,-0.596493238681898,0.18309338833579825,-0.8094876978806327,3.7174816688161596,-1.03699098643529,-2.7321368662325622,-0.4772001108626582,1.429332211264139,-0.026511050337912283,-0.6800800122385491,-1.2619649130638586,-1.8675328771995587,0.2826326491007914,-0.5410569356651406,0.3780106441737446,-0.3661821605732322,-0.1930745980416516,-0.44059142921344796,-2.0854322363830207,-0.4787858038769716,0.1229406554560191,-1.583120551559633,-0.3317362629657871,0.7272947550439226,1.2104644164687506,0.4787858038769716,2.0854322363830198,-0.3696425082138195,0.641115017460903,0.7913313242638433,0.459927258103802,0.3591932285025509,0.6051151385615076,-0.9541866793037505,-0.04256332662598434,1.13195784435093,-0.026493508941193386,-1.5452039908641146,-0.49661507743988936,-0.5811310542328463,-0.2792525417345383,0.5380035976561225,-0.6186874509066087,-0.8769950965056176,0.038603250264021984,0
0.9044132765196139,0.38754990231922204,0.27967722576327125,0.5985369837740325,0,1,0,1,0,0,-0.48292280564470574,-0.04658808261542777,-0.5664172509504457,0.14142681030179596,-0.1407898697060178,-0.14512712506312683,1.1031787206604058,1.0703081672678487,-0.11679070323367144,0.2192449504569564,0.1005404881206847,1.1621293841471478,0.6918642380691983,1.3586474684071783,1.5671958255401983,-0.9941820190601847,1.4245956660401782,0.7399757980454703,1.2104470415403286,0.3844992353771891,-0.1764523234482557,0.10095082526918467,-0.8394002467749251,1.1164188927981424,0.5917347835644824,-0.38449923537718983,-1.2104470415403292,1.5800334453650435,1.841902992264201,0.7549408866742913,0.07231224326396513,0.6493539925053206,1.2352150146897614,1.247911984700014,0.6772228733838963,0.7598912632898273,-0.5538573609678327,-0.482931511569848,-1.682633210775566,-1.761061748583257,-1.3284856399458025,-0.7626467625326843,-1.1125787146405561,-1.0996718489615938,-1.136704559054746,1
0.6731109153044746,0.7740663918911503,0.27967722576327125,-1.6014324776621007,1,0,0,1,0,0,-0.6469689866984278,0.3371834891005448,-0.7966945164632545,1.6198766749464881,-0.7344913508946546,-0.9925572822828468,1.5577188372378012,-0.586822949071821,1.1196501277940618,0.5929153606558312,0.6105894800068793,-0.13935117084206317,-0.033653998770696525,1.6238420201984465,-0.7831223928514232,1.3985575202821383,0.44364409978833985,1.1372652753000245,-0.24010667662448304,0.048076501797563044,-0.5435221488246461,0.020918092116938458,-0.12518380168532964,-0.3610805054414611,0.3165219623876566,-0.048076501797563745,0.24010667662448232,1.5521809317424884,-0.7097714541928067,0.09081540066495114,0.8087807714596554,0.9736513169790033,-0.49755964466293656,-0.38327221085833024,-0.319404172783631,0.8219023601333442,-0.49834537654397587,0.04820472807728505,0.0963939892279486,0.015317428625603584,-0.1269445113490324,0.7600658542737248,-0.4540570296619595,-0.48731077970765985,0.2860364732784985,0
-0.9203053508442651,-1.235819353882877,-0.8790386569529866,-1.161438585374874,1,0,0,1,0,0,-0.6091121756860305,0.1976301902947366,-0.2593808969333673,-0.2983469263439834,0.6204985378889775,0.38256025515812364,1.0099534205875755,0.39960870801998877,-1.9549284923560573,1.7501335056372451,0.8161421962089507,0.20526413638493135,-0.7689941816270929,0.44987768474307943,0.41109650989521057,-2.794141567801195,1.0652673829687103,-0.07027087081888916,-0.8079054238520522,1.0812265632535092,-0.9548523344709892,-0.1366480336132423,-0.13539007011175755,-1.308016555105099,-1.1296306546626023,-1.0812265632535092,0.8079054238520514,0.6887530094432773,0.7161642658861095,0.900502637032502,-0.8579637923516437,-0.4430159425639276,2.7159497235911574,-0.30171300108041293,0.06817301183707392,1.2559800380379649,-0.8869292675109735,-0.1035484832504671,0.0872707728176734,0.002351157259115363,-0.5161761445564365,0.030432725387320277,-0.04248097655033679,0.5704037944582268,0.038603250264021984,0
-0.6890029896291251,-0.5400896726534062,0.27967722576327125,0.5985369837740325,1,0,0,1,0,0,0.7284951467520117,-0.5466540700029072,-0.8094876978806327,3.7174816688161596,-2.271815312063907,-3.2933636985865196,-0.18042376411837718,0.7570636616037341,0.22823872006996426,-0.9394067008318928,-1.3304882635962452,-1.027919691145186,0.7277561629293674,-0.19221774023907887,-0.5591986054642002,0.3249794267167921,-0.5048091934403849,-0.571427596426299,-0.7703150826731027,-0.6379707392984506,0.05882193479365717,-1.599286521648233,0.01456300657591687,0.7685176924146211,1.1718120760683581,0.6379707392984506,0.7703150826731019,-0.28608496734615396,-0.6347222057676005,-0.43684594438356456,-0.21193876761858224,-0.3918111018575571,-0.7495995951142377,-0.46483142063624716,-0.1532996650890431,-0.6043528672675491,-0.05424950115312168,-1.5452039908641146,-0.3871364805165972,-0.32180562690308556,-0.008482709938082702,0.2524949820049213,-0.4540570296619595,-0.7656567202776299,0.10046155601764112,0
0.7759119647334253,0.9029052217484598,-1.6032360836506476,0.3052077222492148,1,0,0,0,1,0,-0.7731583567397526,1.625144142662483,-0.5024513438635544,-0.0437410788122164,1.1227579225465028,1.2836535357901742,-1.430567563129981,-1.2561708691860969,0.7578968488728324,-1.216650867482489,-0.36353089077376166,-0.4781394016876779,-0.33310502769846867,-0.3651301371144059,-0.09097847258684993,-0.04110866940486607,-0.25705529800860893,0.49098736209788246,0.416552302523086,-1.0652566185876786,1.6244052896003716,1.6329937036867213,-1.0773806303508198,1.3887251969414545,0.9519615584347649,1.0652566185876786,-0.4165523025230867,-0.3139374809687093,-0.03432821836595151,0.17269388524144552,0.12399424524260985,0.017827623793410803,0.8256500952063961,-0.22015379130249568,-0.4301405112466897,0.20179139169817292,1.6666220159864384,1.717490052682561,0.3700904815361815,-0.2699405414371327,0.27921023634565156,1.267636726542527,0.6160407084282594,0.1250502895462747,0.40975308478573785,1
-0.5348014154856993,0.7740663918911503,0.5693561964423357,-1.6014324776621007,1,0,0,1,0,0,-0.785777293743885,3.732980426708545,-0.7966945164632545,1.6198766749464881,0.13559032629477505,1.6190480571172403,0.0635590105004605,-1.2987956670948213,-0.11290129117066917,0.4337418048774302,0.1787244915303649,0.0789414274171646,0.11673202709374572,0.05415134349435818,-1.4698658502420723,-0.3101839831715414,0.6589448598910597,1.0527633833027055,0.4407888507730546,-0.3295023237687909,-0.03427296692501051,0.3101584714844864,-0.15736514181215072,0.0674412476148566,0.7954679478349835,0.32950232376879157,-0.4407888507730553,-0.2582324537235989,-1.535313186870074,-1.1737523055720087,-1.1292943027395286,-0.8526546682148961,-0.15100471279239655,-0.7910682597479163,-1.0391903727935126,-0.728375060954584,0.0012624832707351544,0.35171115073279,0.1785029369204177,0.06718251409155555,0.09305597698558829,1.0138512904081252,-0.6186874509066087,-0.8213259083916238,0.22417816752487937,1
-1.5114113850607322,0.9029052217484598,-0.15484123025532542,-0.8681093238500562,1,0,0,1,0,0,2.1418160912148485,-0.6955109220624359,-0.09306953850744984,-0.3544759427316684,-0.9128021457279054,-0.2609500330947403,-0.10500788139928717,0.842228307172073,0.17987954104752904,0.02030015528781645,0.24040095670917433,0.2354919102693163,-0.02065124436171637,-1.0425392358011467,0.3116819118694975,-0.6114169844823428,-1.4282318987902116,-1.2444470153112923,-1.8132101364739601,2.1195026157274284,-0.8956769052864256,-0.8437486860772302,-0.8603164631878231,-1.4436345026480735,-1.5274933160843018,-2.1195026157274275,1.8132101364739588,-1.038102835155144,0.11577027848446049,-0.46413877257572894,-0.6899972859210471,-1.1598837124531223,0.006520256239666901,-0.8726274695258333,-0.09793149585751397,-0.4803306735805153,-0.7481493064513315,-0.6346847228976005,0.6985262723060605,0.10608132819102022,-0.48232991558187904,0.7917890337905242,-0.6186874509066087,0.514734606344233,0.6571863078002155,0
0.7759119647334253,-0.02473435322416849,-0.8790386569529866,0.3052077222492148,1,0,0,1,0,0,0.4634974696652297,-0.4989733595775894,0.7512804350395157,-0.558160620757082,0.12137770604427585,0.04761292652616041,0.11984634289067503,0.913183247082442,-0.45146990685478566,-0.7454602000476046,-0.9532522348634703,0.1122903627487791,0.5247962749852805,-0.3471932386966343,2.0387934999836954,-1.2785018030175104,-1.0907138917578976,-1.4586354548389076,-0.7076772998718532,0.8550163918650944,-0.5135606504254725,0.7890459068186354,-0.6675965267868483,-0.07446458715433003,-0.1847990295247333,-0.8550163918650944,0.7076772998718532,-0.5089050763265954,1.391607501712964,-0.8553359766634215,-1.3101813096647865,-1.5865907183395476,-0.18250970659880966,-0.30171300108041293,0.012804842605544792,-1.3484860293897554,-0.5538573609678327,0.5793409677244183,-0.3597668312857729,-0.6329961396987983,-0.6177148314801074,0.1890486229713212,-0.37174181903963527,0.013711913318286572,-0.20882997275045564,0
-0.2006980048416086,1.2121184134060021,1.0038746524609323,1.0385308760612593,1,0,0,0,1,0,-0.0412600105000692,-0.37802716727922225,0.39307135535292426,-0.48351481545799574,0.27954843187140005,0.08294114943927802,0.1370343616545955,0.2866699237391571,-1.1331482963899295,-0.15670754715027105,-0.48234543041864847,0.2488445741615596,0.6516702957137025,0.16317532843748161,0.5292685792465298,-0.6592723260960186,-0.14833660766312942,-0.7293771157767008,0.6417267449849983,-0.2970624528398517,-0.027506750128457876,0.13674617707997386,0.886546574111925,0.06461374532442735,-0.08502210894235365,0.2970624528398517,-0.6417267449849989,-0.007559831120602114,0.26586877533487285,-0.5642124759469986,-0.7933612898783374,-0.801449827508525,-0.40304466324369825,1.166352774922097,0.8986955503100138,-0.790386157798101,-0.3040534310604773,-0.2553016945782196,-1.0987473605180025,-0.5422322401333817,-0.48232991558187904,-1.5874494299694895,0.2044646553166367,0.06938110143228039,-0.8892713360402683,0
0.030604356373531493,0.49062096620506923,0.5693561964423357,1.0385308760612593,1,0,0,0,1,0,1.245871563921443,-0.6391081304617552,-0.2210013526812325,-0.29661097738353953,-0.7972318651325021,-0.26229161118004857,-1.190755120503622,-0.8700162256459969,0.560263727215025,-1.8504543618745717,-0.7362813172394435,-0.16112360351608887,0.8292524124445358,0.6059430123328112,-0.8549928950697531,-0.224443977579867,-0.792010680156956,-0.14531574517291088,0.6912331826893887,-0.9053100327574869,2.261225099568051,0.3376114602691514,-0.9914438362219877,1.7145002286472935,0.8153292307526769,0.9053100327574869,-0.6912331826893894,-0.016844002328120476,-1.1850833608857785,-1.7681294528680387,-1.5858186535508927,-1.7402052404586603,-0.7706029243185127,-0.22015379130249568,-0.5408768497097485,-1.9272562665959154,2.582569758980075,0.6552175733882943,0.9266066825629212,0.20981149912292413,0.9053654723749538,1.2359135470257274,0.2044646553166367,-0.2089648391376897,0.8427612250610729,0
0.3904080293748593,0.5679242641194551,-1.168717627632051,-0.4281154315628296,1,0,0,1,0,0,-0.21792512855792381,-0.2937137159173798,-0.0035172685858019803,-0.38340842540573283,0.19465672592976233,0.07041975397640089,0.7554795351852949,-0.7006093073497799,-0.747906033711134,0.8589173400674867,1.0806787079426372,1.2065419009373624,-0.3643904545922067,0.39173569995474744,0.20520332996158783,-1.1354686217689254,-0.09272415427333898,-0.16223762860568444,0.5335460107420674,1.1164148121361515,-0.6590949883722976,1.1671764527828536,-0.11862385761777182,-1.252285597839909,-1.5633287149491397,-1.1164148121361515,-0.5335460107420681,0.29881781872750485,0.11577027848446049,-0.20030810005147043,-0.7416792878996918,-0.7331767065666972,0.7626401075935709,0.8401159358104279,0.6218547041523672,-0.6043528672675491,-0.7203933142394032,0.8069707847160468,-0.5878472415426337,-0.5551985114998699,-0.9731002357129547,-0.8895394805998851,0.36909507656128593,1.127095675598167,-0.5181215015185524,1
-0.48340089077122306,0.9544407536913834,0.27967722576327125,0.3052077222492148,1,0,0,1,0,0,0.8420655797892039,-0.576890618077499,-0.16982862701171944,-0.3070266711462027,-0.6046480201483072,-0.20639252429220423,1.1162780205685134,2.2136545346915297,-0.9351778476319716,0.590202399044319,-0.5035375891157013,-0.6540174422947915,0.023655592581996978,0.5024588345403362,1.8429974983791786,-0.06788101907713559,-1.0138867284157562,-1.7800970537935725,-1.3546042819258675,0.45147824704345946,-1.0501608136395937,-1.1920358842843422,1.2102055686042552,-1.8026780887117335,-1.0832947781613793,-0.45147824704345946,1.3546042819258675,0.24311279148239442,1.3165582532877582,-0.7006766169078218,-0.625394783447741,-0.9550643496276378,-1.3166894836296663,-0.30171300108041293,0.40038202722625016,-0.9764194483286528,-0.9701972441467586,-1.0899443568808573,0.14201007127932075,0.754394896515422,-0.093098282374475,-0.6040308649486834,0.6160407084282594,0.9600881112561845,-0.023255055489598248,1
0.4932090788038099,-1.3646581837401863,-1.168717627632051,-0.8681093238500562,1,0,0,1,0,0,-0.36935237260751347,-0.1745119398540853,2.19690993520326,-0.6906713914042971,1.2167461041592809,0.3995535775720283,-0.10759488116848473,0.20464005542660238,0.6253083959025075,2.57130544710903,4.137223175653539,1.778472276093052,-3.0869022804528625,-1.0602005390693412,-0.3893910766608556,2.2002913870831287,-0.3741472573977421,0.7423674354585189,1.6167883223801918,0.8221130942085976,-0.9097265852615906,-0.6709583308087609,1.3562631235721083,-3.8446657880705346,-4.653815442218349,-0.8221130942085976,-1.6167883223801924,-0.9545452942874786,-0.25947596364157,0.381938901381374,1.519408298666023,1.263812080981773,-0.7495995951142377,0.6769975162545934,-0.04256332662598434,0.2638024885416898,-1.0257092285706153,-0.9381911455531051,-1.262965255902942,-0.4903671546674297,-1.870025303538713,-3.0784388672590977,1.439192814651505,2.2404794378780473,-1.6934293108373202,1
0.9044132765196139,0.20717554051898904,-0.8790386569529866,-0.8681093238500562,1,0,0,1,0,0,-0.07911682151246661,-0.35883858869342367,-0.68155588370685,0.36999342342690494,-0.9692823191250707,-0.5619107168988942,-1.1476329844469528,-0.567331148074899,-0.4585309804110536,-1.0597628170993612,-1.7055273644923354,-1.1813999849824102,0.9486885113693638,-0.9446523477155392,-0.980637345655279,-0.6590692049516453,-1.2679024916262187,-1.4625507765974717,-1.4375436385994584,-0.18555039652161812,0.651926106019587,-0.20370116025022167,-0.035473779483897426,0.17444078883573808,0.7893729327514232,0.18555039652161812,1.4375436385994576,-0.7595776989295921,-0.7097714541928067,1.0005763404037717,0.459927258103802,-0.10165033785478751,0.7941451013999841,0.02452383803125581,0.8986955503100138,0.8839134569768611,0.5286263352973745,-0.2553016945782196,-0.2046721523111086,-0.1921429132382052,-0.11002139686175369,0.506280418139323,-0.6186874509066087,-0.7656567202776299,0.16231986177126023,0
0.5960101282327613,0.8513696898055362,-0.15484123025532542,-0.13478617003801185,1,0,0,1,0,0,-0.33149556159511606,-0.21928528988761545,-0.13144908275958464,-0.31686371525538465,0.22184323841756592,0.0762332590127367,0.033849668087362325,-0.22536111070839224,-0.11833958586359512,-0.5654456453878731,-0.6918128759628535,-0.13920558677359351,0.7714015525462142,-0.08579990749730682,0.6927556069825078,-0.1458972926053323,-0.87773578746845,-0.6938270339709192,0.06934332478478145,-0.25863368266248993,-0.13279904408959714,1.0033025563628346,0.015161469488030765,-0.1064671944532505,0.22200356475673444,0.2586336826624906,-0.06934332478478215,0.1317027369921738,1.0163612595869336,0.9186978558272787,0.6924962670077037,0.2738518273252659,0.7626401075935709,1.0032343553662626,1.0648000580046022,0.5738579727592754,-0.08200549336504998,1.0346006017076752,0.22411901897178985,0.19684522775643593,0.1438253204474232,0.4428340591057229,-0.12479618717266176,-0.26463402725168356,0.038603250264021984,1
0.2876069799459088,1.2121184134060021,0.5693561964423357,1.0385308760612593,1,0,0,0,1,0,-0.16744938054139394,-0.3082505178763182,0.39307135535292426,-0.48351481545799574,0.39332690739337256,0.1366042728516086,-0.3164549046148189,-0.10350306038352822,-1.2596464743954567,-0.5247837065238397,-0.7090228897581842,-0.9565283044088942,-0.012091018186806185,-0.5653074968688759,-0.1353821240055952,-0.7344406909227015,-0.5996359570005694,-0.6718732992417363,-0.65872285032305,-0.651277219968356,-0.12481034182290819,0.006438358745529024,0.9839368637181815,0.11436018083813645,0.26581097458299396,0.651277219968356,0.6587228503230493,-0.48105256270404034,-0.03432821836595151,0.3091580262022686,-0.1344157646506147,-0.3576745413866426,0.6681251261743327,0.2692014673650073,0.6772228733838963,0.5118468759157585,-0.4150773999081907,-0.4070549059059717,-1.244718823082393,-0.6329961396987983,-0.5500223735309933,-1.4922798914190887,0.2044646553166367,-0.09762646290970158,-0.9511296417938885,0
0.4932090788038099,0.38754990231922204,1.0038746524609323,-1.161438585374874,0,1,0,1,0,0,-0.20530619155379135,-0.3006913808576702,-0.23379453409861076,-0.2896671815417641,-0.024598957113951957,-0.0073917749714784145,1.7152582877983404,0.03539141693890872,0.061107374833449274,1.5345713556314553,0.8890164540533156,0.19152625404599746,-1.3393952205962556,2.437989090008335,0.11243124649573787,-0.8861211381175613,1.9470495906971617,1.0799302595982672,1.0345842828972671,-0.7648691281260978,0.05090156958721898,0.06405532416552445,-0.9740021151178664,-0.14244585443272262,-0.1014232235798658,0.7648691281260978,-1.0345842828972678,2.666281476644696,0.340918023760079,0.7094528396873502,0.09815324425328795,0.8883099158017184,1.0461850518512859,0.02452383803125581,-0.4301405112466897,0.6358690696027934,-0.026493508941193386,-0.02767187758659086,-0.25028823436248077,-0.6978274965312384,-0.7023304039164997,0.664896315723324,1.0276167615398821,0.6817421706862145,-0.6418381130257917,0
-0.48340089077122306,-0.9266061622253344,0.27967722576327125,-0.8681093238500562,1,0,0,1,0,0,0.8420655797892039,-0.576890618077499,-0.6431763394547153,0.27740947886989875,-1.365465472861866,-0.6580571463459864,0.22435192813475535,1.066974594237547,1.8742412707782303,-1.1224622460113574,-0.7890047437519165,0.07730322167432406,1.0323283178261617,0.8090692763349093,1.6588744426334268,-0.09345194129291856,-0.6533434297412627,-1.4368741368689113,-1.0333455079749942,1.1302918680335317,0.4964456705384995,0.1973678849074695,-2.6560607931366054,0.8685299180711975,-0.3770831206482719,-1.130291868033531,1.0333455079749936,0.605195468575612,1.3165582532877582,-0.4095531161914002,-0.39282577454383927,-0.6136987449184976,-1.0646495331783645,-0.05703537174666111,0.5111183656893089,-0.790386157798101,0.6674062963570164,0.4275877563966659,0.6985262723060605,-0.9052878383950472,-0.5500223735309933,2.1558857530129325,-0.4540570296619595,0.06938110143228039,0.9664778365683122,1
1.2128164248064663,0.9802085196628456,1.0038746524609323,-1.161438585374874,0,1,0,1,0,0,0.40040278464456736,-0.4885068621671538,-0.3745195296897717,-0.1710440025780999,-0.634939458026048,-0.24350951798573287,1.0961868760362128,-0.6661948939425658,-1.0689943072314894,1.398323318728708,1.304614494384631,0.4806334263276991,-0.9556885838564595,-0.07887194714414263,-0.11485590778372262,1.1106292192816638,0.026493831608437993,0.5039295212208048,0.6257323574189628,0.03493293508481349,-1.603082455542212,0.799313272055583,2.5774262862112085,-1.8627737614004216,-1.2040736419042768,-0.03493293508481349,-0.6257323574189636,-0.3696425082138195,-0.4846237089171882,-1.2010451337641732,-0.5349512799851129,-0.4942207832702994,-1.3166894836296663,0.02452383803125581,-0.26403600355210183,-0.790386157798101,-1.5530730805972546,0.27583454506891375,-1.0896241441077272,0.20981149912292413,-0.5669454880182719,-2.3488057383726932,0.4514102871836102,0.514734606344233,-1.3222794763156045,0
0.3904080293748593,-0.4885541407104817,-1.168717627632051,0.3052077222492148,1,0,0,1,0,0,-0.21792512855792381,-0.2937137159173798,0.8408327049611636,-0.5714695627871517,0.6460087435515047,0.21575737988479615,-0.43364306692075605,-1.4049952110182509,-0.3924754032087125,0.4763263927203258,1.1168240133209553,1.3825860402240995,0.08635756269392465,0.16887762991506924,-0.16453485155528683,-0.6016377075952944,0.304113337193275,0.349844941642523,0.7472536253548848,1.1445654112422656,0.7717317785827095,1.7635726176904727,-0.06806085022379113,-0.3419326471693537,-1.1103704211297374,-1.1445654112422656,-0.7472536253548856,-0.007559831120602114,-0.3345252120667762,-0.5824076947417753,-0.7804407893836761,-0.6307670251539549,0.19555021907814235,0.6769975162545934,0.34501385799472056,-0.728375060954584,0.6118943119331598,1.4898602356909325,-0.2776578835933038,-0.2699405414371327,-0.38079122865820925,-0.9529858396334858,-0.28942660841731066,0.29205785388825667,-0.6418381130257917,0
0.2105061928741954,0.9802085196628456,-0.8790386569529866,-1.161438585374874,1,0,0,1,0,0,-0.6595879237025604,0.3691644534102092,-0.3745195296897717,-0.1710440025780999,0.6460087435515047,0.41609970729083023,1.6766953619088596,-1.124616947193619,-1.7089459571517256,1.3602044036002483,1.1316162156432281,-0.5144895044862353,-1.5280145430021002,0.7506024960166969,-0.6678994435936342,0.22348619318658336,0.333729610202443,0.7046243090639382,-0.2094031647789695,-0.49401881205127574,-1.581492546084431,0.8744850532546621,2.560768444681077,-1.5066278274664042,-0.7832280085248808,0.49401881205127574,0.2094031647789688,0.4659329004628361,-0.7848207026180125,-0.6642861793182697,-0.4574282770171454,-0.3064697006802721,-0.2770246880180474,-0.9541866793037505,-0.983822203561983,-0.35630847989348147,-1.5253170883853264,0.4275877563966659,-0.8797901666714156,0.4172718409867329,-0.24540631275998087,-2.1584666612718926,0.6160407084282594,0.4033962301162448,-1.198562864808365,1
-0.2263982671988458,-0.4885541407104817,1.0038746524609323,0.3052077222492148,1,0,0,1,0,0,-0.6343500496942954,0.2993878040073051,0.8408327049611636,-0.5714695627871517,1.382773323846529,0.6718939288896059,-0.34627845575769745,-1.535896107716488,-0.023845086333729403,0.5150727393017589,0.2926114772988965,-0.024922158762970527,-0.4104201718450699,0.30258711452787146,-0.14053134261891354,-0.14139588003051057,0.6436353232082358,-0.6000454898530339,-0.2611143426240418,0.22497917377587734,0.7838501016443492,1.9672843947847534,-0.10949219143064666,-0.05761227226565003,-0.9662368828814376,-0.22497917377587734,0.2611143426240411,0.29881781872750485,-0.10937746679115769,0.08171779126756346,-0.0052107597040024186,0.2567835470898098,-0.8756195703398886,0.18764225758709038,0.34501385799472056,-0.17027518936292965,0.6951622885689447,1.793366658346437,-0.06782390615699217,-0.11434528503927678,-0.1269445113490324,-0.857816301083085,0.4514102871836102,0.6260729825722207,-0.5799798072721716,1
0.2105061928741954,-0.23087648099586283,-0.8790386569529866,1.0385308760612593,1,0,0,1,0,0,-0.6595879237025604,0.3691644534102092,-0.6559695208720935,0.3005554650091503,0.07660068919937087,0.0516376607820852,-0.15417292500027224,-0.38011715662042034,-0.029484535437809434,-0.22837690441519512,0.5938634823163805,0.08451586838108131,-0.5006833030126588,0.4889128924662967,-0.7898526335414607,0.06903784681914377,0.24076993150943754,0.22920065608442775,0.01898787070343759,0.0964376253461319,0.7028972066654274,-0.26953430244190735,0.10968272574994423,0.5472658068250696,-0.548281781669831,-0.0964376253461319,-0.0189878707034383,0.0759977097470634,-1.009968447893631,-1.2010451337641732,-0.9871687972982559,-0.8526546682148961,-0.8756195703398886,-0.6279498401920818,-0.7069813574043363,-1.1004416420156866,0.5563823275093027,-0.3311783002420958,-0.2594114507727547,-0.16621037050522874,0.05920974801103089,-1.206771275767887,0.12214944469431245,0.18071947766026855,-0.5181215015185524,1
0.46750881644657266,-0.2824120129387873,0.27967722576327125,2.505177183685348,1,0,0,1,0,0,0.021834674520593164,-0.3925639692381606,-0.46407179961141953,-0.1044992924277517,-0.5283901786834245,-0.22114988323059512,-1.5183909783867888,1.4240134717134545,-2.0079055791296074,-1.4951276948774406,-1.8347403400684454,-1.482624440462943,1.5346774555241727,-0.9742045050550107,1.432639644737344,-1.6182509610350226,-1.0653986855885471,-1.5417878342853764,-0.5086228438552337,-1.5176769613645098,1.137945954432048,-0.5193162334992512,1.1186880395927965,0.9633899589414363,0.8799965647401641,1.5176769613645098,0.5086228438552337,-0.7874302125521474,1.841902992264201,1.0278691685959374,-0.08273376267196997,-0.4942207832702994,1.487254965141063,1.6557080335896,2.227531611866718,0.8219023601333442,1.1670141561717275,-0.4070549059059717,0.3062279666642602,0.858125067447326,1.243827762120523,-0.7626467625326843,0.28677986593896093,-0.3759724034796717,-0.023255055489598248,0
-0.5862019402001745,-1.5708003115118816,1.4383931084795292,0.3052077222492148,1,0,0,1,0,0,-0.00340319948767178,-0.3879121926113004,0.03486227566633282,-0.39324546951491474,0.02743338073002815,0.00557681318650147,-0.5878147002348671,1.458600709325799,-0.7146142082959667,-0.31892241125506043,-0.7596387763538206,-0.46440912434489995,0.3393061608977332,-0.9333744326917598,2.9880585599594136,-0.6709712709455405,-0.9893286510175778,-1.4934530085230802,-1.2817794809441767,0.6378546273322141,-0.11524608585719764,0.9913962214928349,0.3026401433806996,-0.5501577526738046,-0.4704985724788662,-0.6378546273322141,1.281779480944176,-0.8709877534198129,2.81754322179188,0.07262018187017576,-0.28946177058654887,-0.6478353053894121,-0.08799472517957138,-0.05703537174666111,0.6772228733838963,-0.23228628620644656,-0.1375174777889068,0.8828473903799233,-0.08607033897753999,0.08014878545804377,-0.14386762583630988,-0.3819686083310823,-0.04248097655033679,0.29205785388825667,-0.1469716669968365,0
-0.04649643069818187,-1.4677292476260335,-0.4445202009343899,1.478524768348486,1,0,0,1,0,0,-0.24316300256618875,-0.28789899513380446,-0.4896581624461761,-0.09003305109071949,-0.329150268129104,-0.15183501548966816,-1.6794828065308902,0.09977090152165691,-1.7251873080288385,-0.1800797050607341,-0.3779449786664026,-0.1475047864108645,0.4226729748359138,-0.0022434427107081456,-0.601336863938978,-1.6951145479446226,0.9053364948931177,0.6463072542476873,1.2718086794045298,-1.462543299520739,2.333120104102877,-0.7393447629419895,0.6549621997318139,1.1409922346406423,1.1223402227593129,1.462543299520739,-1.2718086794045305,-0.007559831120602114,-0.5596729573423944,0.00893691608845806,-0.8708842928463041,-0.5112890635057554,1.5817699465603012,0.35076067714292497,-0.2086678343205727,-0.046252995675895824,2.638081743403932,-0.482931511569848,0.890113816921823,1.130416766143575,1.5992131663533709,0.1890486229713212,0.2044646553166367,-0.4316415915936655,0.7809029193074537,0
-0.27779879191332196,0.7482986259196881,-0.8790386569529866,-0.8681093238500562,1,0,0,1,0,0,0.5392110916900246,-0.5146731056932429,-0.24658771551598904,-0.28677393327435763,-0.5511839275148194,-0.17419465024480588,-0.39467739365067134,0.562190903962883,-0.6445993428183708,-1.1512990129591518,-1.473782377059478,-0.995851375221176,1.2422022267129005,-1.350658541139767,0.11437927114506424,-0.19605438904363798,-1.8327126966299319,-1.6595037165911952,-0.6501878279857761,-0.7133741297612541,-0.8007535765984286,-0.6570420159759627,0.6841731422628705,-0.26195584689826046,0.295806887029755,0.7133741297612541,0.6501878279857761,-1.4280380258709164,-0.5596729573423944,-1.9470491043500062,-1.7236373254939452,-2.1669122463450856,-1.442709458855317,-0.13859458152457876,0.17890935030013266,-2.2166413851989955,-0.7203933142394032,-0.5588081172337243,0.23324223538206504,0.5599008260181015,0.4145951522438788,0.030432725387320277,0.6160407084282594,0.29205785388825667,0.34789477903211874,1
-0.35489957898503444,-1.95731680108381,1.0038746524609323,1.0385308760612593,1,0,0,1,0,0,-0.7100636717190902,0.6511784114136133,-0.2977604411855021,-0.2520549540654803,0.9640064492997569,0.6955951417300518,0.2233189729380477,0.6091870024843408,-0.6750165278615645,-0.1869558884428046,0.19672973440269353,1.4345840322407253,0.3868387337530453,0.06606586165903099,0.2750612207582267,0.3352607579646053,-0.4913859496600595,-0.06001764670656962,0.8331516374419781,1.1302918680335317,-0.2445182375175071,-0.5605779863083352,1.2596749361044894,-0.23468455228979299,-0.31435384027396,-1.130291868033531,-0.8331516374419787,0.5494904413305014,0.9413120111617277,1.9194348895399813,1.8424208110325537,1.5027680042781708,1.3612349899154128,1.4925896140337656,1.1201682272361313,1.3800022317249987,-0.1375174777889068,-0.4070549059059717,0.4613226456389258,1.078551680677623,0.9053654723749538,-1.016432198667086,-0.4540570296619595,0.06938110143228039,0.40975308478573785,1
1.4441187860216065,-1.5708003115118816,0.5693561964423357,0.3052077222492148,1,0,0,1,0,0,-0.48292280564470574,-0.0727543261415168,0.03486227566633282,-0.39324546951491474,0.5918732820097953,0.24795525393219447,-1.1536550843233389,-0.49365878991114676,-0.4377943470424075,-0.5510222534782679,-0.6844760361286775,-0.10318389916491759,0.647037536910067,-1.5758145796098257,0.18282451782372355,-0.23825712763483595,-1.1715714572710103,-1.1715230507633694,-0.9333596546099943,0.7849642097577141,0.029650117140827433,0.8607117701463647,0.35905410276119987,-0.4173146867303887,-0.2539118707689413,-0.7849642097577141,0.9333596546099936,-1.5115955667385823,-0.03432821836595151,-0.5733100853443877,-0.5995537824584191,-0.9892009100985523,-0.4660546508565234,-0.13859458152457876,0.34501385799472056,-0.6043528672675491,-0.10976148557697851,0.5793409677244183,-0.5057382938501646,-0.2569742700706454,-0.39771434314548676,-0.6040308649486834,-0.7010026615289333,-0.4316415915936655,-0.5799798072721716,0
0.004904094016293398,0.9544407536913834,-0.4445202009343899,-0.13478617003801185,1,0,0,0,1,0,-0.596493238681898,0.20925963186188729,0.07324181991846762,-0.4048184625845405,0.8747545472178624,0.4737875649590855,0.5084856017607615,0.8385155300266889,-0.6289775687647334,0.6815333612495955,0.21861961719901507,-1.3774847406912591,-0.7803798744995374,-0.4635874578757131,0.35067395293382225,-0.4098811392984091,-0.26998605105255685,-0.39115626197919684,-2.295408924790486,0.39783372969061137,-1.1702727327853333,-0.7995914121585243,0.44794239116615675,-1.188421148812001,-0.666104166899256,-0.39783372969061137,2.295408924790487,-0.3139374809687093,0.5660657690356972,0.6639647927004092,0.33072225315718967,0.20557870638343811,0.6681251261743327,-1.1173050988595852,-0.1532996650890431,1.1939689411944467,-1.0812212129944723,-0.7105613285614767,0.16937972051014377,0.37837302688726915,-0.14386762583630988,-0.033013633646279864,0.12214944469431245,0.3477270420022505,-0.08511336124321738,0
0.05630461873076867,0.8256019238340739,-0.4445202009343899,-0.8681093238500562,1,0,0,1,0,0,-0.43244705762817587,-0.1384606709959182,-0.11865590134220637,-0.31859966421582847,0.38018212803598656,0.13973462171732787,0.8789587929151385,-0.9373334853973232,0.11621692281352812,-0.05392188508947827,0.039424533247820824,0.2295811451035006,0.4536884576575959,0.5742009118060857,0.3809043992699833,-0.8226450724250384,-0.5139694659998238,-0.7710430167405915,-0.4215365193479638,0.7311960875261709,-0.6484788123042107,1.6681012904302273,-0.9855513889748732,-0.4367983364020924,-0.804027258577825,-0.7311960875261709,0.42153651934796316,0.7166055230658329,0.5660657690356972,0.5820863081239148,0.03355074177998182,-0.1699234587966153,0.7941451013999841,0.6769975162545934,1.009431888773073,0.20179139169817292,-0.6093693453916895,1.5657368413548085,0.023408257945752128,-0.4903671546674297,-0.6177148314801074,0.41111087958892223,-0.04248097655033679,0.3477270420022505,0.10046155601764112,0
-0.35489957898503444,-0.2824120129387873,1.0038746524609323,2.505177183685348,1,0,0,1,0,0,-0.7100636717190902,0.6511784114136133,-0.46407179961141953,-0.1044992924277517,0.7334761895196619,0.5815610044788494,-0.6709541703494473,0.5711417912622684,-0.5196902512191927,-0.999424127719771,-0.6704036432619765,-0.024683270953108866,0.7129776579323488,0.19548217965461598,0.2583152795778014,0.5194766591714353,-0.5578310063726745,-0.132567274224524,1.1301562386252348,-1.154540235155578,1.1283015973209858,-0.5251354561951012,1.2324579274723755,0.7970218420570196,0.7421314287518902,1.154540235155578,-1.1301562386252355,0.7166055230658329,0.9413120111617277,1.97402054592431,2.0103873174631492,1.6222459659263704,1.1722050270769362,2.063504082479186,1.5077454118568363,1.4420133285685155,1.2780381250194413,-0.3311783002420958,0.6164173246135901,1.2082143943425034,1.5145975939169787,-0.6992004034990842,0.36909507656128593,-0.15329565102369538,0.22417816752487937,1
-1.460010860346257,-0.35971531085317227,1.4383931084795292,1.0385308760612593,1,0,0,1,0,0,-0.4703038686405733,-0.0931058488840305,-0.7327286093763631,0.65063850536533,-0.7121747338243685,-0.5744321123617714,1.3739472508844623,-0.7508200333135427,0.09413459637959452,1.440511770060036,1.1862561778627316,0.023991428988244964,-1.381163393011819,2.2842976381021356,-0.7784294537032064,0.8424738310303757,1.2718360039906988,1.3519910141947715,1.164294698531354,-1.1220118587209724,0.371936186994289,0.2507105203711152,0.7179198055404432,-0.6849076568843544,-0.22223504760010498,1.1220118587209724,-1.1642946985313547,2.6941339902672503,-0.4846237089171882,1.0551619967881019,1.3902032937194106,1.9465432904000532,0.19555021907814235,-0.38327221085833024,-0.8730858650989243,0.9459245538203791,0.8061862574166584,0.8069707847160468,1.6017246969232295,1.8046628772009532,1.345366449044194,0.728342674756924,1.8507688677631275,1.2941032399401495,1.1520527538291696,0
-0.35489957898503444,0.9544407536913834,1.0038746524609323,-0.13478617003801185,1,0,0,0,1,0,-0.7100636717190902,0.6511784114136133,0.07324181991846762,-0.4048184625845405,1.2972722989070888,0.813654013237179,1.0783880087270092,0.8510118552337835,-0.28913730883565536,0.39138086327446525,0.15204169781067503,1.1806429576037134,0.11742468573728194,0.24651089365576767,0.07827372520043176,0.8987949058597049,-0.594157866390048,0.08308169851324336,1.2784819609759694,0.3422733367180179,-1.2532139966180906,-1.0896275789770022,1.298462588274245,-1.1178870660740925,-0.11654854548504988,-0.3422733367180179,-1.2784819609759701,0.8280155775560533,0.7912135143113154,2.1559727338720744,2.423843333292309,1.9806798508709664,1.1722050270769362,1.5741488238116832,0.954063719541543,1.6900577159425842,-1.1367331974183288,-0.9381911455531051,0.42482977999782756,1.0655854093111348,0.4822876101929924,-0.09645999267988113,-0.04248097655033679,0.1250502895462747,0.34789477903211874,1
-0.8689048261297889,-0.07626988516709207,0.5693561964423357,1.478524768348486,1,0,0,1,0,0,-0.19268725454965888,-0.3082505178763182,0.13720772700535894,-0.43085769699119847,0.26839092480453836,0.0959097375972579,0.996473225074293,0.7455480979154773,0.7923045150756208,0.9503171171283352,1.3320183820895437,1.2798973081868035,-0.9624779739344556,1.3991870212633106,1.5773158258636994,0.29848353096269664,0.9902883227926795,0.5839295744997973,1.3508541695676228,0.4058665575902641,0.012430909214868358,0.5568322065554792,-0.783159651491226,-0.3018641666666972,-1.1615955567724947,-0.4058665575902641,-1.3508541695676235,1.5521809317424884,1.7668537438389946,0.5911839175213025,0.6666552660183818,1.0760609983917457,-0.08799472517957138,0.6769975162545934,0.06817301183707392,0.5118468759157585,-0.05424950115312168,0.4275877563966659,-0.22291858513165644,-0.5811310542328463,-0.6515610604546642,-0.3819686083310823,0.4514102871836102,0.7374113588002092,-0.5799798072721716,0
-0.7661037767008384,0.8513696898055362,-0.4445202009343899,-0.13478617003801185,1,0,0,1,0,0,0.12278617055365294,-0.4262893497828976,-0.15703544559434116,-0.31107721872057176,-0.22418691115659745,-0.08743926739487148,-0.07844653010589464,-0.15427373038605477,-1.170802936010115,-0.650549489683997,-1.015314220922855,-1.1730645705131368,0.33256432135376873,-0.09888786393417008,0.7350938051437221,-1.547850476067442,-0.8885091828130719,-1.1665345083418484,-1.3523925657479052,-0.25863368266248993,0.010274221229657814,0.9481463734296474,0.04508638133943435,-0.0021801056572160566,0.18106431331642409,0.2586336826624906,1.3523925657479046,0.16883942182224726,1.149782145676189,1.1329970994102008,0.03642196411212829,-0.31784855417057606,1.7848021288682934,-0.03891110290712402,0.7510470990259361,1.242199794294962,0.08453045990652028,1.0346006017076752,0.34272083230535716,0.31354167005482897,0.2961333508329291,0.37938770007212164,-0.12479618717266176,-0.26463402725168356,0.10046155601764112,0
0.72451144001895,-0.2051087150244015,-0.4445202009343899,1.0385308760612593,1,0,0,1,0,0,-0.4198281206240434,-0.13962361515263325,-0.041896812837936774,-0.37357138129655093,0.42472669934964274,0.18132354236188405,-0.696333634731597,-0.11404166019876777,0.014693063870369146,-0.18038568452531736,0.35571445541413027,0.3674237440598883,-0.2841808711791145,-0.8404711807951589,0.3587461126501093,-0.3596501725910482,-0.49732482188701693,-0.26113175256342935,1.1750460966186718,-0.6642742475994289,0.1284799688537271,0.5159097378971642,-0.3814996494549297,-0.24944935794734402,-0.7173905447036636,0.6642742475994289,-1.1750460966186724,-0.7595776989295921,0.41596727218528484,0.23637715102316323,0.007709740790658993,-0.18699173903207253,0.6051151385615076,1.5741488238116832,1.009431888773073,-0.046252995675895824,-0.026493508941193386,0.27583454506891375,-0.5148615102604385,-0.62002986833231,-0.6684841749419423,-0.5405845059150832,1.1922471827845313,0.9044189231421907,-0.76555472453303,1
-0.894605088487027,-0.46278637473902035,1.7280720791585935,0.3052077222492148,1,0,0,1,0,0,-0.5586364276695006,0.1394829824589832,1.1094895147261072,-0.6113963888773605,1.269648225209414,0.5797722336984383,-0.756664839277044,0.6758438251033941,-1.2310947669728538,-0.8527999380454945,0.35303283187990997,0.8995255007894901,0.1904333158605184,0.4154407345237488,0.09171753685964164,-1.5363122362921016,-0.0731113246335615,0.40166626156239665,-0.7046860443852642,1.9257445364369288,1.4672643652264699,-0.8357362449344906,0.13910215228440664,1.0795817602409552,-0.0668110451460544,-1.9257445364369281,0.7046860443852634,0.0759977097470634,-0.25947596364157,-1.0099953364190213,-1.5427503185686884,-1.4841810369268051,0.8571550890128092,-0.709509049969999,-0.4855086804782194,-0.4183195767369984,1.055990187324014,-0.9381911455531051,-0.6927642302607901,-0.5227828330836498,-0.093098282374475,-1.4129719426270884,-1.2360515305740427,-0.5429799678216537,0.007674097387211866,1
0.7759119647334253,0.026801178718756015,-0.8790386569529866,-0.8681093238500562,1,0,0,1,0,0,0.45087853266109723,-0.4989733595775894,0.21396681550962854,-0.45284638382348746,-0.13910844565658095,-0.03377614398254093,0.6354449670281777,2.1795194454649556,-1.227628315086223,0.5791482897462209,-0.18195994185985076,-0.056876711545154286,-0.3086487917368954,-0.20694296493953498,1.7698998683575848,-1.3783074643474775,-0.9789736774425822,-1.5626365332247831,-1.1515885432024495,1.0645584453617318,-1.0903766673312876,-1.2184120041464817,0.29314295431078746,-1.753125516494746,-1.289053596090082,-1.0645584453617318,1.1515885432024489,-0.4253475354589299,1.0914105080121401,-1.0008977270216337,-1.4652273156007207,-1.689000399752289,-0.37153966943728567,-0.6279498401920818,-0.1532996650890431,-1.4725082230767892,-1.1367331974183288,-1.317574173872486,-1.0075151964152582,-0.723760039264214,-1.2946394109712458,-0.8895394805998851,-0.20711139779498602,0.3477270420022505,-1.198562864808365,0
-0.25209852955608386,0.43908543426214564,0.5693561964423357,-0.13478617003801185,1,0,0,1,0,0,-0.40720918361991093,-0.15125305671978392,0.6361418022831113,-0.5303854373899801,0.8022077624275321,0.29356890883267545,-0.35078736754720263,0.18276812975801818,0.5970335036652306,-0.08264599553178752,-0.23941918484941133,-1.016376752430343,0.017918364957643478,-0.7844051376298109,-0.3372904743185481,0.15991357277185916,0.002159052079635852,-0.19398652682067402,-1.3170468373944293,-0.0799856498736912,-0.2959899974701868,-0.5887451867303206,-0.6554670816215855,0.11379028717216151,0.1218665790632391,0.0799856498736912,1.3170468373944286,-0.8709877534198129,-0.5596729573423944,-0.8553359766634215,-0.6512357844370638,-0.6136987449184976,-0.9071245641463012,-1.2804235184154193,-0.9284540343304539,-0.6043528672675491,-0.16527347000083534,-0.4070549059059717,0.5708012425622179,0.11904759955750843,0.1607484349347019,1.0772976494417266,-0.4540570296619595,-0.5429799678216537,0.40975308478573785,0
0.5703098658755232,0.38754990231922204,-0.4445202009343899,-1.161438585374874,1,0,0,1,0,0,0.009215737516460692,-0.3879121926113004,-0.24658771551598904,-0.2896671815417641,-0.23082988443454253,-0.0744706792368916,-0.5099332791863688,0.8335618566931353,0.8103875038898318,-1.0051823306192884,-1.3680569911792146,-1.2976177925292347,0.5603651880109112,-0.5393807945616083,0.8842645115333072,0.06984325286783005,-0.8413321370700806,-1.2738153138024144,-0.6949470730335814,-1.080555857232306,0.17013170326508548,-0.25825303204462524,-1.0376411324849437,0.5236859344301562,0.534908364549466,1.080555857232306,0.6949470730335807,-0.6481676444393714,0.491016520610491,-0.7461646638947628,-0.5995537824584191,-0.8697229484503528,-1.1276595207911904,0.4323198869208419,0.8986955503100138,-0.728375060954584,-0.1375174777889068,-0.5588081172337243,-1.0622544948769042,-1.3591073362221284,-1.1084851516111824,0.1890486229713212,0.4514102871836102,-0.04195727479570725,-1.198562864808365,0
-0.9203053508442651,0.0010334127472937634,-0.8790386569529866,-1.6014324776621007,1,0,0,1,0,0,-0.6343500496942954,0.2761289208730037,0.38027817393554597,-0.4864080637254022,1.174995939866443,0.5882688949053907,1.288916289561074,-0.733497430298173,-1.4576865772700338,1.347399668271789,0.46699575798421616,-0.4763974599649173,-1.0606499449512539,0.7449667236914784,-0.2491664807661297,-2.4492896681708998,0.8354644112369514,-0.16728085002284027,-0.7279513648365089,0.07222398482797085,-1.0479075036986536,0.7571387317848342,-0.4685935239990826,-0.9918178160701017,-0.7704345484190431,-0.07222398482797085,0.7279513648365081,0.6609004958207222,-0.25947596364157,-0.082039177885424,-1.3231018101594472,-0.9892009100985523,1.487254965141063,-0.6279498401920818,-0.3747723420151606,0.07776919801113909,-0.9979532363586869,0.6552175733882943,-0.11343998820836432,-0.3347718982695729,-0.685407289429221,0.28421816152172197,0.7806711296729086,0.9044189231421907,-0.1469716669968365,0
0.5960101282327613,-0.02473435322416849,-0.15484123025532542,0.3052077222492148,1,0,0,1,0,0,-0.34411449859924853,-0.19893376714510175,0.764073616456894,-0.5552673724896755,0.765878782507371,0.27612839372366804,0.3693102963197603,-0.2297102416913454,0.3642212361295386,0.013871477449078845,0.21338459553048408,1.028421412798696,0.0843499418628384,-0.036951236655663196,0.6297535424324248,0.04901042650006615,-0.6684080957965223,-0.45410717755844326,0.6433955013121125,0.7645323233097278,-0.5504561973252275,0.946157789906879,-0.4486518791876627,-0.6815214971701911,-0.720757699001532,-0.764532323309727,-0.6433955013121132,0.1317027369921738,0.8662627627365218,0.7094528396873502,0.6278937645343975,0.3079883877961804,0.5106001571422693,1.3294711944779316,1.0648000580046022,0.38782468222872474,-0.5816133531797613,0.7310941790521709,-0.33239718205494984,-0.5033334260339178,-0.7192535184037778,-0.0647368131630805,0.12214944469431245,0.5704037944582268,-0.2706882785040748,1
1.2385166871637046,-0.6946962684821769,1.0038746524609323,-0.4281154315628296,0,1,0,1,0,0,0.2363566035908452,-0.46117767448434965,-0.016310450003180245,-0.37762192887091994,-0.1778418027547451,-0.06284366916421999,0.19719681616859983,-0.19619188229178638,2.01704979087291,0.4146132531574152,0.7593478136400312,0.08456182469309637,-0.5644216421824746,-0.27484483948348687,-0.3344175031381963,1.3455887102297996,-0.2417994087027246,0.08637219775540057,0.25295560183580257,-0.1355460428462847,-0.5488286983991282,-0.06573259784258656,-1.40518774999082,-0.7998799109708731,-0.9028637073999534,0.1355460428462847,-0.2529556018358033,-0.5646101035717058,-0.7097714541928067,-1.3920949311093263,-0.6124742829530796,-0.6649035856248688,-1.757759396919444,0.02452383803125581,-0.09793149585751397,-0.9764194483286528,-0.4150773999081907,0.12408133374116129,0.589047675382767,-0.2829068128036209,-0.5669454880182719,1.3945294446097283,1.3568776040291806,1.4054416161681371,0.34789477903211874,1
0.44180855408933456,0.28447883843337485,-0.15484123025532542,0.5985369837740325,1,0,0,1,0,0,0.6401625877230843,-0.5356061005141141,-0.19541498984647596,-0.3041334228787963,-0.5451168139911332,-0.17687780641542242,0.0519048070231187,-0.19156606096416434,0.10535106357322492,0.5144798503321627,0.5411768247276917,0.7904642202488892,-0.5820289683681421,-0.5232252998827475,-0.2518117651838433,-0.5408214495212267,0.1319367792168004,-0.05519775502983526,0.3871222082195544,0.6941558255444424,-0.5949754523359293,0.010670932100336036,-0.6874918333331904,-0.5642028345356669,-0.7574462412185174,-0.6941558255444424,-0.3871222082195551,-0.3696425082138195,-0.03432821836595151,0.6912576208925736,0.279040251178545,0.32505666803163763,0.8571550890128092,0.18764225758709038,0.012804842605544792,0.38782468222872474,-0.5816133531797613,-0.02767187758659086,-0.10431677179808911,-0.4385020692014777,-0.6177148314801074,0.1890486229713212,0.2044646553166367,0.6260729825722207,0.038603250264021984,0
0.3904080293748593,0.5163887321765315,-1.168717627632051,-1.161438585374874,1,0,0,1,0,0,-0.23054406556205628,-0.2937137159173798,-0.4001058925245282,-0.15947100950847412,-0.2006745132716574,-0.10264381902836514,0.94221797529138,0.5761928202356844,-2.871259894422289,0.960881327170823,0.30904659276651364,-0.6235148699934362,0.2101233199451177,-0.02005718747001099,-0.49371897251961155,-0.770079436726564,0.6459801130119007,0.8090501987359817,1.2994551316290601,-2.1391836948761176,-1.3302179361646889,-1.2854395567592403,3.1512528957186854,-0.6575458598735743,0.38810434377033315,2.139183694876117,-1.2994551316290608,-0.2582324537235989,-0.7097714541928067,-0.9372144612399159,-1.1422148032341901,-0.8697229484503528,0.2270552128845555,0.5954383064766764,0.012804842605544792,-0.9764194483286528,-1.192245181842186,-1.0899443568808573,0.6711566230752374,2.336280003226962,1.836136769175269,-1.5557262504526888,1.439192814651505,0.4033962301162448,0.22417816752487937,0
0.004904094016293398,-1.3388904177687242,-1.6032360836506476,-0.8681093238500562,1,0,0,1,0,0,0.3877838476404349,-0.49141422255894146,2.056184939612099,-0.6837275955625216,0.5512864919909558,0.15046724639979397,-0.3115671164528806,1.4112495553128395,-1.5907766204291476,0.8516962703208224,1.5191184217726381,0.24497655225966986,-1.077300078749882,-1.003055107625893,0.5956071754792361,-0.49339812277645184,-1.1246103247808499,-0.7658438685400354,-0.16027754582615011,0.4930801176436292,-0.5689991850896847,-1.3403181104869828,1.678827401202121,-2.2657310614287836,-2.7226258268102392,-0.4930801176436292,0.16027754582614942,-1.0102503215325889,0.340918023760079,-0.5187244289600577,-0.6770767854263857,-1.040405750804923,0.1010352376589052,0.4323198869208419,0.5664865349208381,-0.5423417704240322,-0.6093693453916895,-1.317574173872486,-0.39625969692687113,0.4821031978191731,-0.5161761445564365,-2.4439752769230942,1.439192814651505,1.9621334973080773,-0.45626319576493324,0
1.2385166871637046,0.20717554051898904,1.0038746524609323,-0.8681093238500562,0,1,0,1,0,0,0.2363566035908452,-0.46117767448434965,-0.6943490651242283,0.48861660239056914,-1.2473482450034319,-0.7322911337330437,-0.6225548336486064,0.4406935842495789,1.3635893032496649,-0.40120233803190036,-0.47288261218564853,-0.22905849191074665,0.7535462190467191,-0.31718850053455366,-0.29569236552474115,1.2181644630172905,-0.03690302376012827,0.15202592086004268,0.5745878774132874,-0.8822777243979375,0.5487466384373253,-0.901083895275406,-0.6399344520549409,0.5054060686063124,0.7631942779988353,0.8822777243979375,-0.5745878774132882,-0.5089050763265954,-0.5596729573423944,-0.973604898829468,-0.2765412700918884,-0.27233314020935756,-1.5057194464681423,0.4323198869208419,0.17890935030013266,-0.6663639641110671,0.029018475482663446,-1.1658209625447336,-1.4910456661598026,-1.5276688639864726,-1.277716296483967,-0.28679906978068154,-0.7010026615289333,-1.0996718489615938,-1.5078543935764617,0
0.72451144001895,-0.8235350983394863,-0.4445202009343899,-0.4281154315628296,1,0,0,0,1,0,-0.4198281206240434,-0.13962361515263325,0.23955317834438508,-0.4597901796652629,0.6192240415422539,0.24795525393219447,0.1993496774393831,-0.015483416044470795,-0.2883716518757387,0.5019044809552347,0.9177948127513188,1.3576326381581876,-0.1816997137658436,-0.8716120220324056,0.5036976719470705,-0.4888761315223768,-0.8955451475701535,-0.4613143298890166,0.8331516374419781,1.0253393444399002,-1.1481050417122585,0.5258447448119183,-0.09705965652393828,-1.566047812072757,-1.643561862051099,-1.0253393444399008,-0.8331516374419787,-0.7038726716844818,0.7912135143113154,0.8459169806481733,0.4340862571144791,0.03489590402886805,1.2982250023025865,1.4925896140337656,1.1201682272361313,0.44983577907224165,-1.053465220782544,0.5793409677244183,0.23324223538206504,0.14498014229048395,-0.4992530300691578,-0.2233527107470814,0.2044646553166367,0.848749735028197,-0.3944048900113141,1
0.2876069799459088,-0.9008383962538722,0.5693561964423357,1.7718540298733036,1,0,0,1,0,0,-0.1800683175455264,-0.3082505178763182,-0.579210432367824,0.14142681030179596,-0.5775508200760066,-0.3463638378593664,-0.9638654101225371,0.46631333943906256,0.32724779347012517,-0.4790550807953371,-0.8831147197019942,-0.4162429588029383,0.602033581429101,-0.5988383339046446,0.12275793700653803,-0.8857331512193999,-0.2053233489656918,-0.5909801721538215,-0.8414861286385814,0.266869946255213,0.7419261085203392,-0.5170534862165138,-1.3374350937356652,0.44357738996785456,0.5711152738570056,-0.266869946255213,0.8414861286385807,-0.5646101035717058,0.11577027848446049,0.018034525485845748,-0.44450777652248397,-0.4942207832702994,0.3845801819166189,-0.13859458152457876,0.2896456887631914,0.139780294854656,0.3898463742377325,-0.7105613285614767,-0.8524205174405927,-1.333174793489152,-1.1084851516111824,0.6966194952401235,-0.7833178721512579,-0.7656567202776299,-0.45626319576493324,0
-1.3315095485600683,0.5163887321765315,-0.8790386569529866,-1.161438585374874,1,0,0,1,0,0,2.0408645951817888,-0.6896962012788607,-0.4001058925245282,-0.15947100950847412,-1.2263655233388107,-0.40718204439334105,0.410382666203723,-0.0899400351487826,-0.8617497433405273,-0.8581605721801383,-1.7836398377940403,-1.8565582472663633,0.9715257162883704,-0.7557329641797443,-1.3973052498092868,1.9518565370808891,-1.9446459801794695,-2.164322583688329,-0.7279513648365089,-1.8101507183111476,-1.3257665604565216,-1.2763442042048612,3.1394683513732415,-0.7689580965806097,0.20577939285229788,1.8101507183111476,0.7279513648365081,-0.8524194110047761,-1.4352475223031322,-0.888693877787179,0.13691474573727128,-0.6592141588797168,-2.555885906681899,0.5954383064766764,1.1201682272361313,-0.6870343297255728,-1.192245181842186,-1.0899443568808573,0.6164173246135901,2.271448646394522,1.7176749677643206,-1.6508957890030895,1.2745623934068555,0.4033962301162448,0.16231986177126023,0
0.9558138012340891,0.20717554051898904,0.27967722576327125,-0.8681093238500562,1,0,0,1,0,0,-0.16744938054139394,-0.31115787826810587,-0.6943490651242283,0.48861660239056914,-0.936404879438083,-0.6169154183965331,-0.9059276926314791,-0.16074148275221786,1.303924226119408,-1.124658055212196,-0.9184992220156507,-0.7145541024138269,0.7395430905562353,-0.8265683891954819,-1.0750009352314858,1.171498126867099,-1.0041062217255396,-0.3166498149297078,-0.09305301462755473,-0.8822777243979375,0.4338171140033897,-0.8562896084242562,-0.6052654601726053,0.5236859344301562,0.8849470596127286,0.8822777243979375,0.09305301462755473,-0.7874302125521474,-1.009968447893631,-0.04564874029587195,0.5632912620610914,0.10316902497069583,-0.5920746260821743,0.2692014673650073,0.34501385799472056,-0.10826409251941274,0.0012624832707351544,-1.0899443568808573,-1.2994581215440402,-1.3591073362221284,-1.1084851516111824,-0.0647368131630805,-0.7010026615289333,-1.0996718489615938,-1.2604211705619852,0
0.2105061928741954,0.5163887321765315,-0.8790386569529866,-1.161438585374874,1,0,0,1,0,0,-0.6722068607066928,0.4883662294735037,-0.4001058925245282,-0.15947100950847412,0.6592011120762655,0.49883035588483976,1.434613994468425,0.5414252385578715,-3.169633537481528,1.0312813963899234,0.676201322478416,-1.0580082386981267,-0.978553163345023,0.6357976900161642,-0.9062027557718884,-0.895741765895061,0.537953127561325,1.1163963927289797,0.5061221547512287,-1.9449628406537391,-1.3595841211965967,-1.6509371588427764,3.432861139371363,-0.8597695211326184,0.21084895173915047,1.9449628406537391,-0.5061221547512293,0.2152602778598393,-1.0850176963188372,-1.1282642585850677,-1.3489428111487698,-1.1086788717467513,0.4790951633358572,-1.0357458890816678,-1.3160312189511594,-0.9764194483286528,-1.2755131584779709,-1.5452039908641146,-0.013084607695344815,1.7527977917350004,1.209981533145967,-2.0950203022382925,1.0276167615398821,0.1250502895462747,-0.3944048900113141,1
-0.894605088487027,0.20717554051898904,1.7280720791585935,-0.8681093238500562,1,0,0,1,0,0,-0.5586364276695006,0.1394829824589832,-0.6943490651242283,0.48861660239056914,-0.3576150440903046,-0.27034107969189813,0.04489221740986617,-0.021077264268726536,-0.10336290788266307,0.2714281769911447,-0.4080577989017804,-0.8203221367320784,0.14060665888520446,0.7446677479681271,-0.7371933145107152,-0.8788419614339787,1.0348626820934306,0.9094816554697435,-0.8569681418843186,-0.26889098598050765,0.6816395185111628,-0.7095748726260263,-0.74185085829197706,0.659470164859741,1.4184269439221968,0.26889098598050765,0.8569681418843179,0.32667033235006016,-0.9349191994684248,-1.0554833834059623,-1.2843403086754637,-0.8867912286858101,0.06953024385249205,-1.5251011477491712,-1.4267675574142176,-0.6043528672675491,0.1400424443303771,-1.0140677512169813,-1.4545528005187045,-1.5406351353529608,-1.2438700675094103,0.2524949820049213,-1.5241547677521787,-1.7677021063295222,-1.136704559054746,1
-0.5091011531284612,0.9544407536913834,0.5693561964423357,-0.13478617003801185,1,0,0,0,1,0,-0.33149556159511606,-0.2407997567868442,-0.06748317567269331,-0.3700994833756632,0.27719323380464245,0.1008288572433882,1.0822870958782056,1.0051238541946081,-1.3661605540505102,1.170024502785606,0.29216948421484695,-0.43097794245292276,-0.6583430620657336,0.16940117747042843,0.5259942076934315,-0.6144717036176062,0.19562764149664408,0.0777914810342063,-0.8195116582252774,0.22497917377587734,-1.3356828920724533,-0.8526345832276634,1.250102441326021,-1.386646599003023,-0.3038863984150142,-0.22497917377587734,0.8195116582252766,0.10385022336961848,0.41596727218528484,-0.17301527185930607,-0.4574282770171454,-0.3576745413866426,0.3530751881102058,-0.709509049969999,-0.4301405112466897,0.015758101167622184,-1.2200011740541141,-0.7105613285614767,0.39746013076700454,1.0137203238451828,0.31305646532020776,-0.033013633646279864,0.4514102871836102,0.6260729825722207,0.34789477903211874,0
0.7502117023761872,-0.5400896726534062,-0.8790386569529866,-1.161438585374874,1,0,0,1,0,0,-0.24316300256618875,-0.29080635552559214,-0.2977604411855021,-0.24626845753066742,-0.05471859991744541,-0.03332895128743818,-0.06334883666597281,-1.665005976213492,0.8269339478428662,0.2165807967047071,1.0516320656104774,1.234743803746317,-0.16124283077273777,-0.9673015214167516,-0.4214604259805044,0.6294689754493005,-0.5564479848293865,-0.06652659364836079,0.288491621905012,1.3979208031972914,-0.878428183367748,1.86306315250832,-0.4978907945824598,-0.8443509802566506,-1.432123460335556,-1.3979208031972914,-0.2884916219050127,-0.9545452942874786,-0.4846237089171882,-0.32767463161490584,0.03355074177998182,-0.18699173903207253,-0.43454965705011084,0.35076067714292497,0.2342775195316623,-0.17027518936292965,-0.8314172830871166,1.717490052682561,-0.031331040515893936,-0.2829068128036209,-0.5838686025055501,-0.3819686083310823,-0.28942660841731066,0.45906541823023866,-0.1469716669968365,0
-0.3291993166277972,-0.5916252045963298,-0.8790386569529866,1.478524768348486,1,0,0,1,0,0,1.8515805401198018,-0.6803926480251401,1.4676985944126986,-0.6530591639280133,-0.11483741415093526,-0.01857159234904728,-1.1505236500299532,-0.7784427458351824,-0.9175423045684042,-2.167427028394746,-2.0556292220607135,-0.3239263256432361,2.001574369861852,-1.2812703164286594,-0.6821628535196319,-0.09865945026970836,-3.172810089035363,-3.0052375627083467,-0.7279513648365089,0.28017642692511974,0.31960093878974316,0.3850613269691172,1.1551678353542216,-0.2180500878152647,-0.26161089285149186,-0.28017642692511974,0.7279513648365081,-1.3166279713806959,-0.9349191994684248,-1.2374355713537264,-1.0905328012555453,-2.0815708451678003,-1.2694319929200473,0.5954383064766764,1.1201682272361313,-2.0306080946684437,0.16779843654230542,0.19995793940503753,-0.41450612974742024,0.20981149912292413,0.10997909147286698,-1.3653871733518879,-0.20711139779498602,-0.09762646290970158,-0.5799798072721716,0
0.9815140635913272,0.28447883843337485,-1.168717627632051,-1.161438585374874,1,0,0,1,0,0,-0.356733435603381,-0.1745119398540853,0.35469181110078946,-0.48177886649755186,0.5918732820097946,0.23811701463993387,-1.0749989497827115,-0.1539021776715652,2.1483600912224823,-1.148738288160262,-0.42034535641094173,0.5475257119338838,0.8218587699793208,-1.5876418699006336,0.8845142445187062,2.4161730720833,-1.4610586212270207,-0.9683773532501382,-0.09305301462755473,0.8390486150612049,-0.09154084174239165,1.097322521694681,-0.5088592925892808,0.10311059833524397,-0.3989624559369499,-0.8390486150612049,0.09305301462755473,-1.5394480803611372,0.41596727218528484,-0.9190192424451392,0.31780175266252825,-0.3064697006802721,-2.261839297822047,0.2692014673650073,0.34501385799472056,-1.1004416420156866,-0.16527347000083534,0.8828473903799233,-0.2959043164138529,-0.5033334260339178,-0.4315605721200442,-0.2233527107470814,-0.4540570296619595,-0.09762646290970158,-0.08511336124321738,0
-0.04649643069818187,-0.5916252045963298,-0.4445202009343899,1.478524768348486,1,0,0,1,0,0,-0.09173575851659908,-0.3489535633613456,0.07324181991846762,-0.41118360877283466,0.12886171073581823,0.04940169730657143,0.6562559680568959,-2.569188225607616,-0.6628769969961145,1.8955615706179147,1.9826770441177424,1.8100044998054463,-1.3079881907833193,-0.08586172263177093,-0.7635540598106397,-1.3720556710986953,1.2083754120058439,0.9409981703014062,1.4466056031467225,1.0339044354458178,-0.9983319202004978,2.7613797731344696,-0.4726085675051568,-1.36257701677316,-1.6588756980076276,-1.0339044354458178,-1.4466056031467232,-0.007559831120602114,-0.6347222057676005,0.33645085439443295,-0.4574282770171454,0.017827623793410803,1.6447799341731264,0.18764225758709038,-0.4301405112466897,0.20179139169817292,-0.9424412519348303,2.5521327149851984,-0.031331040515893936,-0.2699405414371327,-0.7700228618656133,-0.2550758902638815,0.28677986593896093,0.9600881112561845,-0.3944048900113141,1
1.3670179989498932,0.4648532002336079,-0.15484123025532542,0.3052077222492148,1,0,0,1,0,0,-0.07911682151246661,-0.3698865581822168,0.009275912831576286,-0.3880376226335831,0.07109206159341315,0.015415052478762072,0.8516688127316094,-0.48855965854100675,0.8809818059455204,1.4808107338735936,1.0311789025978342,0.3314388026661848,-0.9232715351546856,0.13848318676922905,0.9036659373328644,-0.37363848647742404,0.6969283932069483,-0.3766746089931187,0.12009793795335687,0.33293132374032686,-1.0458954474987134,1.5758361621679562,-1.57980228714427,-1.3094175027669002,-1.7083325182768794,-0.33293132374032686,-0.12009793795335758,0.18740776423728422,0.9413120111617277,0.2454747604205509,0.007709740790658993,0.2909201075607231,-0.37153966943728567,0.6769975162545934,0.6772228733838963,-0.10826409251941274,-0.859173275299045,2.020996475338066,1.0543317123067637,-0.03654765684034838,-0.5500223735309933,1.4262526241265279,1.933084078385452,2.40748700222003,0.5953280020465953,0
1.4441187860216065,1.8047770307496258,0.5693561964423357,0.3052077222492148,1,0,0,1,0,0,-0.4703038686405733,-0.0727543261415168,2.6318781033941208,-0.7062949320482919,1.464673244510408,0.48988650198278466,-1.0499471798304443,-0.5942366009010809,-0.09548078498704712,-0.7866646391592014,-0.6672748692309804,-0.6219065525448195,0.019120579176909316,-1.6018444190750938,0.13888185029027972,-0.182922747147657,-0.9655219401332499,-1.132501223717343,-1.3523925657479052,0.4930801176436292,-0.14056695748030426,0.954737172472923,-0.05329428817838517,0.10533814800451849,-0.2381770110516092,-0.4930801176436292,1.3523925657479046,-1.5394480803611372,-0.10937746679115769,-0.6824813981130464,-0.6641562849317252,-0.972132629863095,-0.6865896075014126,-0.38327221085833024,0.2896456887631914,-0.35630847989348147,-0.026493508941193386,1.1104772073715516,0.4978155112800227,0.39133929825375646,0.4145951522438788,0.062155904904119784,0.4514102871836102,0.793080546914203,0.5953280020465953,0
-0.2006980048416086,0.2587110724619126,-0.8790386569529866,-0.13478617003801185,1,0,0,1,0,0,-0.25578193957032125,-0.28208427435022915,-0.054689994255315046,-0.3700994833756632,0.1957237988777232,0.06907817589109264,-1.0819348843992422,0.16070258593071451,1.0549269200907057,-1.740389816849001,-1.4189990190733475,-0.5839394181679199,1.2482080655003647,-1.6202243293724827,0.21604140747194844,0.018058378612875826,-1.274841577585482,-1.4204621397962816,-0.9352479841380451,0.13114384342216406,-0.11445226541559884,-0.0041438031394821885,-1.4239735110624685,1.0870432762504607,0.45796341265247503,-0.13114384342216406,0.9352479841380443,-1.4837430531160272,0.491016520610491,0.8368193712507843,0.7183372679970265,0.12023730520615308,0.1010352376589052,0.4323198869208419,1.0648000580046022,0.44983577907224165,0.08453045990652028,0.27583454506891375,0.8627441676909999,-0.08841274230630035,0.34690269429476517,1.7434844192945298,-0.5363722402842841,-0.5429799678216537,0.7809029193074537,0
0.004904094016293398,0.9544407536913834,0.27967722576327125,-0.13478617003801185,1,0,0,0,1,0,-0.7226826087232228,0.857600999230538,-0.06748317567269331,-0.3700994833756632,1.2591155659896143,0.9455758582924918,1.7051097891093532,0.2640952949966691,-1.453302770684872,1.8685348725935635,0.7658087212751366,0.13038393404571855,-0.6538466003532026,1.0720879573439548,-0.7169267200059347,-0.24242623997968235,1.2419830485620635,1.1033251660472816,-0.06904425348519842,0.24630538521990228,-1.2997790137800171,-1.0806805303046452,1.7430985817751126,-1.2927409342424,0.08159343594775896,-0.24630538521990228,0.06904425348519772,1.050835686536495,-0.6347222057676005,0.14540105704928116,-0.0052107597040024186,0.4957394703862077,0.4790951633358572,-0.709509049969999,-0.762349526635866,0.7598912632898273,-1.2200011740541141,-1.0140677512169813,-0.013084607695344815,0.8840576101803024,0.24536400737109418,-0.4136917878478824,-0.28942660841731066,-0.2089648391376897,-0.08511336124321738,1
1.2128164248064663,-0.5400896726534062,-0.15484123025532542,-1.161438585374874,1,0,0,1,0,0,-0.20530619155379135,-0.3082505178763182,-0.2977604411855021,-0.24626845753066742,-0.09544976479319649,-0.04674473214052082,0.7820672432074304,-1.795001037853489,-0.4800949090852574,0.9105867913853205,0.7001386653323172,1.2336486187644717,0.12056328524644169,0.19673131583279968,-0.6925722612686559,-0.8562575192302601,0.6686557210956305,0.055909378778887596,-0.007768161614413057,1.6902539477607814,-0.8909119265417312,1.7698915692082824,-0.20415040567184817,-0.5671164419431778,-0.8556299283987093,-1.690253947760782,0.007768161614412348,0.10385022336961848,-0.7097714541928067,-0.2639913658331881,-0.6512357844370638,-0.3747428216220998,0.16404522527173035,-0.13859458152457876,-0.1532996650890431,-0.29429738304996345,-0.859173275299045,1.5657368413548085,-0.14993285384946126,-0.23104172733766892,-0.4315605721200442,-0.3502454288142823,-0.9479482933959068,-0.26463402725168356,-0.20882997275045564,1
-0.5862019402001745,1.6501704349208541,1.4383931084795292,-0.13478617003801185,1,0,0,1,0,0,1.460393492991695,-0.6588781811259113,-0.5280377066983108,-3.423548011197542e-4,-1.2922481779456862,-0.5064588227061526,0.8039859357187539,-0.26307996843254755,0.6952568719184706,0.02302919020128107,5.371638515016475e-4,0.17347204026518565,0.2361588919234497,0.38020085023194744,-0.21228326642381073,1.6692413798425234,-0.37605641633902775,-0.024582929178486496,0.06512235289855199,0.17200761631813533,-0.7380698050228168,0.14842479673101236,0.7269871705611214,-0.40400205538851314,-0.024698784978938113,-0.17200761631813533,-0.0651223528985527,0.2152602778598393,-0.3345252120667762,-0.44594355378095224,0.4340862571144791,0.2567835470898098,-1.4742144526617298,-0.05703537174666111,-0.09793149585751397,-0.6663639641110671,-0.8036612908751883,-0.1035484832504671,-0.6882026220556532,-0.24400799870415715,-0.38079122865820925,-0.826093121566285,-0.4540570296619595,-0.4316415915936655,-0.76555472453303,1
-0.27779879191332196,-0.05050211919562982,2.452269505856255,-0.4281154315628296,1,0,0,1,0,0,-0.43244705762817587,-0.12508681319369488,-0.10586271992482811,-0.3446388986224865,0.391435003036003,0.17014372498431518,0.7392933933115164,0.04856580349442299,1.7586295144626019,-0.4183078285573064,-0.3491749913337683,-0.5279386281698946,0.17518483214757713,1.1219016782045144,-0.7570332438680268,1.2320698975948412,0.4559945735842883,0.34019387177361193,0.6912331826893887,-1.4056019766329109,0.09298547810144667,-0.8250373744328041,-1.1659940339930006,1.0172633029073668,0.7860776923384987,1.4056019766329109,-0.6912331826893894,1.1622457410267157,-0.6347222057676005,0.3091580262022686,0.9250652759116064,1.0931292786272029,-1.0016395455655394,0.2692014673650073,-0.04256332662598434,-0.046252995675895824,-0.026493508941193386,-0.8623145398892288,-0.39625969692687113,-0.9052878383950472,-0.4992530300691578,0.7917890337905242,0.12214944469431245,-0.48731077970765985,-0.5181215015185524,1
0.46750881644657266,1.0059762856343069,0.27967722576327125,-0.4281154315628296,1,0,0,0,1,0,0.021834674520593164,-0.3925639692381606,-0.5408308881156891,0.08934834148847998,-0.6699930861932946,-0.3709594360900179,-0.336027586994634,1.3632643702142948,-1.4061116197990113,-0.6903919983780192,-1.1218453109362851,0.6216008807967969,1.742270151967639,-0.8544654622053097,1.4209523479826525,-1.4912062681642635,-0.8656520870073607,-1.293669765713987,-0.11424993887936329,0.9611011618955224,-0.38651728244164407,-0.4476442625290465,0.4236832011625346,0.07430925809957724,0.19543711384290624,-0.9611011618955224,0.11424993887936258,-0.5924626171942612,2.067050737539819,1.5009448572601232,0.3436427536518511,-0.03337721691295973,1.865314890818015,1.9819448727012692,2.282899781098247,1.069946747507413,-0.3595654154843339,-0.4070549059059717,0.05077790717657645,0.2616765845888761,0.27921023634565156,-0.2233527107470814,-0.9479482933959068,-0.6543183440496418,0.22417816752487937,0
-0.894605088487027,0.2587110724619126,1.7280720791585935,-0.13478617003801185,1,0,0,1,0,0,-0.6469689866984278,0.36334973262663384,-0.054689994255315046,-0.3700994833756632,0.9333833856429823,0.5654620674551503,0.04129091985956891,0.0499152504750406,1.26852134162855,-1.0256359096452654,-0.5801130496130251,-0.1581420828221485,0.4436035821420637,-0.09311999832633674,0.12893660026464404,0.230158720530413,-0.23066231975638557,-0.05183136279589391,-0.030386078764458365,-0.18555039652161812,-0.15046043432537032,0.06065560790947952,-1.5028238520120523,1.1568471376033986,0.7035721384792748,0.18555039652161812,0.030386078764457654,-0.14682239923337803,0.04072103005925432,-0.2185033188462471,-0.06981326217730856,-0.15285517856115927,-0.24551969421163483,-0.5463906304141645,-0.5962450189412776,-0.35630847989348147,0.0012624832707351544,0.27583454506891375,0.6620334066649622,-0.2829068128036209,0.17767154942198057,1.870377137361731,-0.6186874509066087,-0.7656567202776299,0.7190446135538346,1
1.2128164248064663,0.0010334127472937634,-0.15484123025532542,0.3052077222492148,1,0,0,1,0,0,-0.20530619155379135,-0.3082505178763182,-0.7455217907937414,0.8560591323511874,-1.1401126112160225,-0.8986468163112684,-1.0399577286432609,0.04336537338215666,-0.7597260804299667,-0.29132575096750146,-0.7622170742352119,0.2150151546281787,0.526554800260069,0.172103483286034,-0.5483610280715084,-1.0351567524170233,0.9796802372840353,0.16677786775132225,-0.20147967785109497,0.4930801176436292,1.6180503097223948,-0.6088563759732922,-0.00166170312035777,1.3649964480104446,1.153745654003568,-0.4930801176436292,0.20147967785109425,0.10385022336961848,-0.5596729573423944,-0.18211288125669506,-0.6770767854263857,-0.2894014204448148,0.29006520049738066,-0.46483142063624716,-0.4301405112466897,-0.046252995675895824,1.1115021717478706,-0.7864379342253526,-0.8524205174405927,-0.723760039264214,-0.194636969298146,-0.5088613263982832,-1.1948939252628807,-1.1553410370755877,-0.1469716669968365,0
-0.27779879191332196,-0.9008383962538722,2.452269505856255,1.7718540298733036,1,0,0,1,0,0,-0.43244705762817587,-0.12508681319369488,-0.6687627022894718,0.36420692689209205,-0.5100671663237657,-0.37766732651655927,0.8363173958429454,-0.5115895546986171,0.8196130829791342,0.3024749388799816,0.05761592296679056,-0.056378522222692296,0.3964952580673787,1.1662724605395165,-0.49404827278743396,1.2289974915021995,0.4534346319016265,0.3320901310804292,0.569588792901455,-0.6418048099999468,0.0024060036595526567,0.20724600489712033,0.11458541326017563,0.040993890774396434,0.24931785524849265,0.6418048099999468,-0.5695887929014557,1.1622457410267157,-0.40957446049198204,0.19998671343360988,0.821701271954316,0.9907195972144606,-1.0646495331783645,0.2692014673650073,0.012804842605544792,-0.10826409251941274,-0.05424950115312168,0.12408133374116129,-0.1864257194905595,-0.10137901367278856,-0.07617516788719629,-0.033013633646279864,-0.28942660841731066,-0.5986491559356475,-0.332546584257695,0
-0.5348014154856993,1.2121184134060021,0.27967722576327125,-0.13478617003801185,1,0,0,1,0,0,-0.8236341047562825,7.242164419596263,-0.2593808969333673,-0.2838806850069512,2.5231642426570344,5.789119938950427,-0.7832270178367448,-0.1858057237951396,1.1390831212129717,-1.1107273043612536,-0.4495977349362442,-0.720804892704849,0.21352679765636973,-0.769784370344346,-0.9958581277662252,0.6353749740108885,-0.20224977763716553,0.12156878467818559,-1.1234618125076608,0.13114384342216406,0.31993676140608074,-0.7426046238597929,-0.9186742126565367,1.299973512628077,0.7031873316942429,-0.13114384342216406,1.12346181250766,-0.6760201580619267,-0.8598699510432187,0.33645085439443295,0.6278937645343975,0.512807750621665,-0.08799472517957138,-0.8726274695258333,-0.4855086804782194,0.5738579727592754,0.3620903820258042,-0.6346847228976005,0.2606118846128881,-0.2699405414371327,0.24536400737109418,0.8235122133073248,-0.7833178721512579,-0.8213259083916238,0.47161139053935697,1
0.72451144001895,0.7998341578626126,-0.4445202009343899,-0.13478617003801185,1,0,0,1,0,0,-0.36935237260751347,-0.1745119398540853,3.322709899932547,-0.7334914657619124,1.4231137673629293,0.43264583700963216,0.06467418235862603,0.21367193866481915,0.09316217153642636,1.043624822527262,1.2191935181713363,1.3532883874269281,-0.6727535915092993,-1.0714061008020022,0.4371864472844628,-0.2386084361048486,-0.9397844365700994,-0.6123157749733815,0.5873904109192033,1.2631572968382359,-1.1604673768421776,0.14469234411360177,-0.3671342764170332,-2.341743966343125,-2.182818461467902,-1.2631572968382359,-0.587390410919204,-0.9823978079100336,0.491016520610491,0.23637715102316323,0.07231224326396513,-0.3064697006802721,0.4790951633358572,0.9216751455883455,0.6772228733838963,-0.17027518936292965,-1.1367331974183288,-0.02767187758659086,-0.4601222117987924,-0.5681647828663581,-1.3792549834076382,-0.44541496736468245,0.4514102871836102,1.3497724280541432,-0.45626319576493324,0
-0.04649643069818187,-0.2051087150244015,-0.4445202009343899,1.0385308760612593,1,0,0,1,0,0,-0.09173575851659908,-0.3489535633613456,-0.6431763394547153,0.24269049966102146,-0.8304101077663542,-0.4559260481595413,-0.5293003234727283,-0.21931760054270605,-1.1339129595377526,-0.039199277612616545,0.6270426217180066,0.6046259606707692,-0.23152032731161543,0.1201416957473031,-0.7623718508134103,-1.2129790151067303,0.608188183080637,0.2902182266399827,0.9345219622652575,-0.1022098070627286,0.8560491511915996,-0.4627070946583703,0.3311700710651216,0.6560246865670313,-0.5318445063312662,0.1022098070627286,-0.9345219622652582,0.02029268250195297,-0.7848207026180125,-0.31857702221751816,-0.8708842928463041,-0.6136987449184976,0.6996301199807459,0.4323198869208419,0.012804842605544792,-0.5423417704240322,0.7229182807808735,-0.482931511569848,-0.17730250308028428,0.015317428625603584,0.27921023634565156,-1.4288335323854886,0.36909507656128593,0.3477270420022505,-0.45626319576493324,1
-0.09789695541265715,-1.2100515879114147,1.4383931084795292,-1.161438585374874,1,0,0,1,0,0,-0.7479204827314877,1.0611162266556748,-0.4512786181940413,-0.10160604416034526,0.9891666006294079,0.8945958910507776,1.085508006219053,-0.10470825599056556,-0.2509781146965696,2.1802700301971853,2.224683261633291,0.6164978828901644,-1.8899029876324378,0.5807150608272243,-0.2888457470318353,-0.4951035673344652,2.0079131255657385,2.2359158449066636,0.3506288912831737,0.4930801176436278,-0.9291816604205996,-0.14564396111147038,-0.15443584695830198,-0.9543918674464104,-0.7092605592884761,-0.4930801176436278,-0.3506288912831744,-0.11896988561082296,-0.8598699510432187,-2.028927588926501,-1.9045243324192023,-1.2452251136304073,-0.5920746260821743,-2.1775748259725085,-2.478762772813275,-1.534519319920306,-0.859173275299045,-0.1035484832504671,0.11464042204849642,0.015317428625603584,-0.36386811417093057,0.2207718024881207,0.12214944469431245,0.4033962301162448,0.10046155601764112,0
0.2876069799459088,0.49062096620506923,0.5693561964423357,1.0385308760612593,1,0,0,0,1,0,-0.20530619155379135,-0.2937137159173798,-0.20820817126385424,-0.29082448084872664,0.0017356408384788177,-0.001131077240039849,-2.3014496659837715,0.19811065060371622,-0.029216398345143307,-1.6227244692240044,-1.3133824725586922,-1.5694396041506065,0.48662662640935966,-0.7219974673951981,0.20854911686503982,-0.719824542083236,-0.13865293254369754,-0.3492394599609556,-0.6280087910670794,-1.5176769613645098,2.4788104216624367,-0.06299315813535235,-0.6834144498865032,2.054710194005317,1.366497179793592,1.5176769613645098,0.6280087910670786,-0.6481676444393714,0.26586877533487285,0.21818193222838655,-0.19901826712392082,-0.23819657973844427,0.5736101447550955,-0.22015379130249568,0.06817301183707392,0.20179139169817292,2.7491057122516462,0.19995793940503753,0.8171280856396278,0.30057539868834077,1.142289075196852,1.1407440084753266,0.28677986593896093,-0.3759724034796717,0.7190446135538346,1
-1.100207187344929,-0.6946962684821769,-0.4445202009343899,-0.4281154315628296,0,1,0,1,0,0,-0.29363875058271866,-0.24487006133534694,0.5849690766135982,-0.5222843422412421,0.6247193183403523,0.21531018718969339,-0.7125916545624045,-0.4940116414079561,1.793744903567959,-0.48377286948656434,0.5214384002751652,-0.11517167641274817,-0.6145115743797593,-1.6103047316836594,-0.3213719199665354,1.1395146043671955,-1.6471403885932583,-0.5754654053605861,-0.5252107151899512,0.3638171625645344,-0.6181214721831972,0.35610314685132566,-1.3070070909678546,-0.9797302774929385,-1.2397254213883055,-0.3638171625645344,0.52521071518995055,-1.4558905394934718,0.04072103005925432,1.2007237471463126,1.70029530559128,0.785900234388976,0.5421051509486824,0.758556726032511,1.1755363964676604,1.2559800380379649,-0.47058938433204756,0.5793409677244183,0.6711566230752374,-0.16621037050522874,-0.5330992590437151,1.1407440084753266,1.1922471827845313,1.5724491805101195,0.40975308478573785,0
1.6497208848795075,-0.6689285025107157,-0.15484123025532542,0.3052077222492148,1,0,0,1,0,0,-0.5207796166571032,-0.0029776767386127034,-0.2849672597681238,-0.27520094020473185,0.3756265585919498,0.2103910675435631,0.104049709709811,0.6123915583795846,0.5162618145061906,0.2648321756116184,0.1798152179331361,-0.5467177118219806,-0.2803597831848685,-0.7422054983251896,-0.2873817389646377,0.7173908952292007,-0.49445497243079156,-0.014325997429055172,-0.37315522795503414,-0.3755669404878874,-0.8862866429881626,-1.128419349911125,0.015161469488030765,-0.8480642703361776,-0.24775513809719948,0.3755669404878874,0.3731552279550334,-0.8988402670423681,-0.6347222057676005,-1.255630790148503,-0.7545997883943533,-0.8867912286858101,-1.1276595207911904,-0.6279498401920818,-0.5408768497097485,-1.2244638357027204,-0.8036612908751883,-1.0140677512169813,0.22411901897178985,0.19684522775643593,-0.1607907403235886,0.5380035976561225,0.4514102871836102,0.29205785388825667,-0.2706882785040748,1
0.9558138012340891,0.9544407536913834,-0.15484123025532542,0.3052077222492148,1,0,0,1,0,0,-0.785777293743885,3.561446163593072,-0.16982862701171944,-0.3070266711462027,1.7019911914963965,2.9762778867541004,0.6884337094128344,-0.034222224372681104,-0.22237383985076895,1.0190266358772844,1.012065996254485,-0.7334836861863561,-1.5937922473257298,0.10058861823272854,-0.9713291268019709,0.5648981867957138,0.4039727098230572,0.8534957968246806,-0.8822105547849753,-0.12541857881077315,-0.8567768691345505,-0.9260851192619433,0.8716606877999747,-0.9760668190572767,-0.4824628359177619,0.12541857881077315,0.8822105547849747,0.04814519612450831,-0.9349191994684248,-0.1457224436671417,0.1627557467265941,0.32505666803163763,-0.11949971898598452,-1.4435419379712537,-1.3160312189511594,0.38782468222872474,-0.8036612908751883,-0.8623145398892288,0.023408257945752128,0.4691369264526849,0.025363519036474696,-0.4771381468814831,0.5337254978059351,0.514734606344233,-0.2706882785040748,1
1.572620097807795,1.2636539453489257,1.0038746524609323,0.5985369837740325,1,0,0,0,1,0,-0.44506599463230834,-0.09892056966760585,-0.4896581624461761,-0.09003305109071949,-0.05520138479970328,-0.006497389581272905,1.0496901894052189,-0.7994576564509048,-1.8701088786496123,0.8144237861115599,-0.1054015617041934,-0.3725875643527498,-0.2131606411605381,1.3569025187457648,-0.17262389616325244,-1.9695052678574991,0.9459604576447499,-0.20165703909077323,-0.09720267704722074,-0.41176056791003435,-0.10381875182426781,0.9243498931675035,0.5773386302994751,-0.1622357958504466,-0.059851656955627094,0.41176056791003435,0.09720267704722003,1.4407708772522676,-0.03432821836595151,0.427426948368315,-0.7158382869103699,-0.34060626115118536,1.3612349899154128,0.5138790966987595,0.6218547041523672,0.38782468222872474,-0.05424950115312168,0.9587239960437993,0.22411901897178985,0.4950694691856613,0.39767203775660004,-0.3185222492974822,0.9453015509175579,0.793080546914203,0.16231986177126023,1
-0.5091011531284612,0.928672987719922,0.5693561964423357,-0.13478617003801185,1,0,0,1,0,0,-0.33149556159511606,-0.2407997567868442,1.7619417670123987,-0.6675254052650456,1.0644108205508716,0.3306859025262041,0.7490862176438755,0.5348867577732898,-1.0678671161644704,0.6831181366897355,0.14101468201147424,-1.3534006010150474,-0.5249498362182614,0.3148763890979743,0.3127406157725374,-0.32159999726863764,0.3788876887644541,0.1021174877943493,-1.6740743965204417,-0.18555039652161812,-0.7270018425028018,-0.4208521779087348,1.1366331392875082,-0.5471499851430108,-0.08362814167010095,0.18555039652161812,1.6740743965204417,0.27096530510494976,0.26586877533487285,-0.054746349693259644,-0.21193876761858224,-0.05044549714841698,0.06953024385249205,-1.3619827281933365,-0.8730858650989243,0.20179139169817292,-0.6926373220274746,-0.4070549059059717,-0.040454256926167845,0.5469345546516133,0.27921023634565156,-0.6992004034990842,-0.20711139779498602,-0.32030321536567735,-0.1469716669968365,1
-1.2030082367738797,0.28447883843337485,-1.168717627632051,0.5985369837740325,1,0,0,1,0,0,-0.43244705762817587,-0.1047352904511812,-0.2210013526812325,-0.2896671815417641,0.28248062895768555,0.1433121632781499,-0.315082348509131,-0.2845576987954791,0.4604830533727736,-0.4959862929534351,-0.1374672377591669,0.2637231485770096,0.2534294718457949,-1.0148297686894767,-0.3498994105029349,-0.18020008873438467,-0.6890014351529574,-0.3128982653007446,-0.4481121582821066,0.8041191033027003,-0.5758762719433662,0.04004282355752467,-0.8105794709819338,-0.013156545427962693,-0.12677011368293106,-0.8041191033027003,0.4481121582821059,-0.9266927806649233,-0.25947596364157,0.2454747604205509,0.11107374474794844,-0.1699234587966153,0.5421051509486824,-0.13859458152457876,0.06817301183707392,0.3258135853852078,-0.49834537654397587,0.12408133374116129,0.269735101023162,-0.2051091846046925,-0.194636969298146,0.8235122133073248,-0.6186874509066087,-0.32030321536567735,0.22417816752487937,1
-0.6890029896291251,1.3667250092347738,-0.4445202009343899,-0.13478617003801185,1,0,0,1,0,0,0.5896868397065544,-0.5274654914171085,-0.09306953850744984,-0.36547028614781285,-0.42801789179482624,-0.12321468300309187,-0.5567472320673719,-0.47363894135800194,-0.7772516385138295,-0.8874677424244155,-0.4749287926455065,-0.2949985494020439,0.03588952146139843,-0.6969032327378073,0.0973072539628232,-1.2663652512826917,-0.8490484654628289,-1.2342688943078235,-0.28800415510347965,-0.11670382262079637,0.07783308012870287,0.7475645820996949,-0.2100459218074152,0.35700974094391663,-0.5875926538091614,0.11670382262079708,0.288004155103479,-0.5367575899491508,0.340918023760079,0.7549408866742913,-0.08273376267196997,-0.40887938209301433,1.109195039464111,1.3294711944779316,1.6738499195514247,0.44983577907224165,0.08453045990652028,0.7310941790521709,0.0872707728176734,-0.03654765684034838,0.10997909147286698,-0.6040308649486834,1.1922471827845313,1.2384340518261547,-0.1469716669968365,1
0.6731109153044746,1.6501704349208541,0.27967722576327125,-0.13478617003801185,1,0,0,1,0,0,-0.6469689866984278,0.4156822196788119,-0.5408308881156891,-3.423548011197542e-4,0.3249648631982956,0.319953277843738,1.3767089814675628,-0.5203501876845196,0.47393216561804835,0.757966021981724,0.7800495551447671,-0.08130096293104744,-0.8395338374401043,1.3585206373649648,-1.1421034788707374,1.2636145875030083,0.49324846175566966,1.0785550105338575,-0.16027754582615011,0.048076501797563044,-0.556929537648405,-0.4299372304713416,0.6219296506928633,-0.5348664645076597,0.0388964187193756,-0.048076501797563745,0.16027754582614942,1.3850658500071569,-1.009968447893631,0.2909628074074919,0.9250652759116064,1.1101975588626602,-0.34003467563087314,-0.5463906304141645,-0.5408768497097485,0.8839134569768611,-0.7759052986632599,-0.7864379342253526,-1.3906902856467844,-0.9182541097615345,-1.0407926936620688,-1.0798785577006862,-0.4540570296619595,-0.48731077970765985,-1.3841377820692236,1
0.9558138012340891,0.9544407536913834,-0.15484123025532542,-0.13478617003801185,0,1,0,1,0,0,-0.00340319948767178,-0.3890751367680154,-0.8094876978806327,3.5467800210391793,-1.856688079225452,-3.04025263315836,-0.8669517612633879,-0.26678707837398763,0.7448644432597306,-1.3168254206929701,-0.6579838162025723,0.9026385350527821,1.2245623407396395,-1.2348772902906775,-1.051911596899787,1.5499187149598879,-1.224776681081158,0.03501596782705145,0.3871222082195544,0.8471482119907131,-0.028357310360597188,-0.6876083081340288,0.5392641879010258,0.564478597507672,0.8895974637335999,-0.8471482119907131,-0.3871222082195551,-1.17736540326792,-1.009968447893631,-0.1548200530645294,0.6537347655237203,0.08610074473523979,-0.4660546508565234,0.18764225758709038,0.012804842605544792,-0.23228628620644656,-0.026493508941193386,-0.6346847228976005,0.041654690766301246,0.31354167005482897,0.5330569536548284,-0.033013633646279864,-1.4418395571298541,-1.32234860141757,0.5334696962929761,0
1.572620097807795,0.38754990231922204,1.0038746524609323,0.5985369837740325,1,0,0,1,0,0,-0.44506599463230834,-0.09892056966760585,-0.579210432367824,0.1587862999062346,-0.2370526723030639,-0.1987902484754574,1.255941589887781,-0.2165727744385454,-0.9043925355823106,0.02864567241392902,-0.5244275261076613,0.17926529650189468,0.6939197769806738,1.5270969066699593,-0.30898547545577315,-1.9079672421649365,1.0693945127116211,0.022176366355522656,0.010024599876957354,0.23455420748543962,-0.22056011783649118,-0.012281936720513639,-0.6809881812460742,1.0216948376510884,0.7034323737507453,-0.23455420748543962,-0.010024599876958064,1.4686233908748227,-0.25947596364157,0.10901061945972781,-0.9096457943302884,-0.4942207832702994,1.1722050270769362,0.2692014673650073,0.2896456887631914,0.139780294854656,-0.5816133531797613,-0.5588081172337243,-1.6643867779550168,-1.6832641203843295,-1.277716296483967,-0.7309235830158842,-1.1125787146405561,-1.1553410370755877,-1.136704559054746,0
-0.5091011531284612,0.0010334127472937634,0.5693561964423357,-0.4281154315628296,1,0,0,1,0,0,-0.33149556159511606,-0.2407997567868442,-0.6175899766199587,0.2108647687195506,-0.5013481361089525,-0.34815260863977743,0.7637622636377129,0.3912369951527246,-0.09567121146039745,0.7780462891378972,0.5549382911499255,0.0282925992378754,-0.5511951410927742,0.610455434030985,0.671146652321499,-0.1528142932670476,0.6659496443943635,0.3063328883567414,-2.388699239600858,2.4076705537426832,-0.4520701427163914,0.13535492897981044,-0.022777876308201307,-0.3907460735417055,-0.42237251451158825,-2.4076705537426832,2.388699239600858,0.5216379277079463,0.5660657690356972,-0.12752722487236504,-0.18609776662925942,0.08610074473523979,-0.15100471279239655,-1.85133798686084,-1.2606630497196296,0.139780294854656,-0.3040534310604773,0.35171115073279,0.6620334066649622,0.5469345546516133,0.34690269429476517,0.3476645205553221,-1.1125787146405561,-0.04195727479570725,1.275769365336409,0
-0.5348014154856993,-0.05050211919562982,0.27967722576327125,-0.4281154315628296,1,0,0,1,0,0,-0.8236341047562825,7.242164419596263,-0.10586271992482811,-0.3446388986224865,2.6728497816111014,5.8360751719362165,-0.5526327656616831,0.0013634152536241275,1.5130422680400475,-0.5492248451965126,0.0935969174386376,-1.2470471731495123,-0.8824852763967503,-0.6779614222718243,-0.608684681173583,0.6884816048338943,-0.028305972643660113,0.33284616188303473,-0.5532824974487066,-1.1520847651812123,0.09103824826744031,-0.6116382817234981,-1.3765218516815576,0.7138996148935057,0.20327891716045857,1.1520847651812123,0.553282497448706,-0.5367575899491508,-0.40957446049198204,0.6366719645082435,0.9250652759116064,0.8712416355662611,0.1325402314653172,-0.46483142063624716,-0.26403600355210183,0.9459245538203791,0.16779843654230542,-0.482931511569848,0.36096726512590627,-0.4385020692014777,-0.14386762583630988,1.267636726542527,0.9453015509175579,0.4033962301162448,-0.20882997275045564,1
-0.6890029896291251,-1.2100515879114147,-0.4445202009343899,-1.161438585374874,1,0,0,1,0,0,0.5896868397065544,-0.5274654914171085,-0.4512786181940413,-0.10160604416034526,-0.8418166132692332,-0.32713455196994795,0.31858468902431897,0.04771771949758484,-0.5493274584922982,-0.025241828634888573,-0.5029765742309527,0.26666564092972034,0.979290393928181,-0.5584911946282661,-0.19129281923712552,-1.082948354032971,-0.5826286229651585,-0.8393005699456687,-0.2444928926024105,0.6061852033378367,-1.0010375864710703,-0.2571270145061089,-0.33730961832424666,-0.5436244871356071,-0.16551946968785358,-0.6061852033378367,0.2444928926024098,-0.3974950218363748,0.04072103005925432,0.7367456678795146,0.007709740790658993,-0.22112829950298704,1.140700033270523,0.9216751455883455,1.1755363964676604,0.5118468759157585,-0.9146852597229018,-0.17942508891434333,0.21499580256151593,0.002351157259115363,-0.21156008378542468,0.6966194952401235,-0.5363722402842841,-0.32030321536567735,0.22417816752487937,0
-1.2030082367738797,-0.5400896726534062,-1.168717627632051,0.3052077222492148,1,0,0,1,0,0,-0.43244705762817587,-0.1047352904511812,-0.8478672421327675,7.209632327575736,-2.292714754943237,-5.65230516525355,-0.37705585768730826,0.24464703759273493,-1.071037345753762,-0.3402503319918137,-0.56261421096852815,-0.19863100670211595,0.37417163182427454,-1.1135267427623852,-0.3860599493828138,-0.6879758828098632,-0.4834720678657791,-0.24973515568233515,-0.7703150826731027,0.4930801176436278,-0.5883174524113046,-0.7225321191887314,0.7727945175261637,-0.0197463790697114,0.48760825631309235,-0.4930801176436278,0.7703150826731019,-1.038102835155144,-0.3345252120667762,0.09991301006234013,-0.2765412700918884,-0.4430159425639276,0.7941451013999841,-0.46483142063624716,-0.1532996650890431,0.20179139169817292,-0.47058938433204756,-0.5588081172337243,0.4978155112800227,0.8451587960808378,0.7869036709640054,0.12560226393772106,-0.5363722402842841,-0.3759724034796717,0.904619530814692,1
0.9558138012340891,0.0010334127472937634,-0.15484123025532542,-0.4281154315628296,1,0,0,1,0,0,-0.785777293743885,3.561446163593072,-0.6175899766199587,0.2108647687195506,1.0143910336990178,2.576040424637135,0.3156586505839682,-0.3573925617604,0.49813186544037813,0.8390479530803021,0.9495913588392855,1.193833899196767,-0.6201553117647585,0.13731196094827317,-0.5581717297184855,0.5659937305163182,0.6529691547203221,0.7802526484180534,-0.7858772647355261,2.4076705537426832,-0.3017305441385144,-0.06863167855840126,-0.11219383263165698,-0.48602661739078057,-0.4727504263193223,-2.4076705537426832,0.7858772647355247,0.15955525061472892,-0.4846237089171882,0.14540105704928116,0.42116575661981864,0.683490552976235,-0.18250970659880966,-1.2804235184154193,-1.149926711256571,0.6358690696027934,-0.16527347000083534,0.12408133374116129,0.5981708917930423,0.4432043837197094,0.2115177783965368,0.41111087958892223,-1.1125787146405561,-0.04195727479570725,1.1520527538291696,1
0.9558138012340891,-1.2100515879114147,-0.15484123025532542,-1.161438585374874,1,0,0,1,0,0,-0.785777293743885,3.561446163593072,-0.4512786181940413,-0.10160604416034526,1.357548890776926,2.8175244799926227,0.8251243405047063,0.0496403953577571,1.1511719796512274,0.9238864461397653,1.0129525694498245,0.36548381616328113,-1.144853840329737,0.03995103950441557,-0.4099878208294873,0.5539342822481904,0.9121414180643971,1.0166602909258156,-0.44411445533132876,0.9389436438584764,-1.1074368732812292,-0.47884979917487264,-1.0170401282319264,-0.3436471683435865,-0.3243170533946343,-0.9389436438584764,0.4441144553313281,0.0759977097470634,-0.3345252120667762,0.1817914946388332,0.44700675760914055,0.8200367948598906,-0.11949971898598452,-1.3619827281933365,-1.3713993881826885,0.6978801664463103,-1.053465220782544,-0.482931511569848,-0.12256320461863823,-0.62002986833231,-0.7023304039164997,0.728342674756924,-0.4540570296619595,-0.04195727479570725,0.038603250264021984,1
0.7759119647334253,0.3617821363477598,-1.6032360836506476,0.3052077222492148,1,0,0,0,1,0,-0.7731583567397526,1.9216949026248256,-0.5536240695330674,0.11249432762773152,1.0212840512104937,1.3909797826148353,0.2045902465365868,0.006777219824582618,-1.9750607400522475,0.22307140287623062,0.19198118136114645,1.5792099023414092,0.20763512168151196,-0.12803695257404674,0.35770024152165175,-0.3912824130594398,-0.11345771703538463,0.41782402409581043,0.05260013630273529,2.1016857808501404,-0.4124207324865191,0.3490343026730985,2.3067731065852057,-0.41385780397349764,0.15833889844889867,-2.1016857808501404,-0.052600136302735995,-0.11896988561082296,0.340918023760079,0.03622974428062242,-0.173177266134598,-0.20406001926752979,0.8571550890128092,-0.46483142063624716,-0.5408768497097485,0.015758101167622184,-0.49834537654397587,0.12408133374116129,-0.5331079430809875,0.6506647255835172,0.43151826673115745,-1.8412348661038906,-1.5241547677521787,-0.8769950965056176,-0.1469716669968365,1
0.4932090788038099,0.8256019238340739,0.27967722576327125,0.5985369837740325,1,0,0,1,0,0,0.009215737516460692,-0.3925639692381606,0.4570372624398156,-0.5002956554089532,0.2717831421120569,0.08472992021968904,-0.7907279130138689,0.6544735072153347,-1.3211571539308986,-0.822445515805564,-0.8444088100353928,-0.24353176107472238,1.2186413535621194,-0.7864833055721376,1.6202541102299892,-1.6421939522119644,-0.8583761396239384,-1.1884601083400659,-0.018359091073560794,-0.31393995325558316,0.31368155941984804,0.7248495711613359,0.15581953905817114,0.2599197456381325,-0.06252717202116874,0.31393995325558316,0.018359091073560086,-0.5367575899491508,2.2171492343902317,1.3644807162993,0.14983524623193267,-0.20406001926752979,2.0228398598500785,1.9003856629233515,2.1167952734036595,1.0079356506638961,0.5286263352973745,1.0346006017076752,0.8627441676909999,0.8192262533478623,0.8884423578876751,0.15732544345452057,0.36909507656128593,0.23638866577426285,0.8427612250610729,0
1.0072143259485644,0.0783367106616796,-1.168717627632051,-0.4281154315628296,1,0,0,1,0,0,-0.38197130961164594,-0.1745119398540853,-0.7071422465416066,0.540695071203885,-0.7344913508946546,-0.5520724776066336,-1.0436950656065314,0.9548077078905433,1.9071901702041534,-1.139407656506749,-0.8626620266499211,-0.45154403761725537,1.157798055894659,-1.6656277935554604,0.6014671481224484,2.534845993873275,-1.8131439407646268,-1.264987967565463,-0.4125770209418648,-0.20666334585120408,-0.21299227074619564,-0.7079669584470294,-0.05991708969106875,-0.25861625895906026,-0.11351165604779674,0.20666334585120408,0.4125770209418641,-1.5951531076062477,0.26586877533487285,-0.7188718357025985,0.5762117625557528,-0.23819657973844427,-2.2303343040156345,0.35076067714292497,0.6218547041523672,-0.8523972546416179,0.16779843654230542,-0.2553016945782196,1.7020800774362477,1.4027084648398238,1.1930584186586881,1.3628062650929278,0.36909507656128593,0.29205785388825667,1.4613442825972665,1
0.2619067175886707,-0.10203765113855341,-0.15484123025532542,-0.4281154315628296,1,0,0,1,0,0,-0.3188766245909836,-0.24138122886520175,-0.7199354279589849,0.566734305610543,-0.8773799563863852,-0.6236233088230744,-1.214341600387627,-0.32930487753132526,1.6164500307537952,-1.3537180131374986,-0.35166759404127756,0.8068783912410151,0.18655146808202905,-1.3294215699061829,-0.48409916618090093,0.9742057948261797,-0.8541243744734721,-0.04989977868813588,0.03622492998512883,1.0645584453617318,0.36022918713742097,-0.03297863855750911,-1.230758471685399,0.9818505922320876,0.40846767382828,-1.0645584453617318,-0.036224929985129536,-1.2609229441355856,-0.4846237089171882,-0.11842961547497735,0.3953247556304958,0.017827623793410803,-0.34003467563087314,-0.22015379130249568,-0.26403600355210183,-0.17027518936292965,0.05677446769459199,-0.3311783002420958,-0.9162830323125138,-1.333174793489152,-0.939254006738398,0.09387908442092041,-1.0302635040182315,-0.7099875321636356,-0.6418381130257917,1
1.341317736592655,0.9029052217484598,-0.4445202009343899,-0.8681093238500562,1,0,0,1,0,0,-0.10435469552073157,-0.3460462029695579,-0.054689994255315046,-0.37588597991047606,0.043134091283231694,0.024358906380817166,-0.05817162858084518,0.6405711328547612,0.2754989426762778,0.9426949269572539,1.8136318859556044,2.105765552395751,-0.876071906713546,-1.0241079482700508,-0.25399910830724876,-0.09027684171839939,-0.3652580937118243,0.5331449417059193,1.5535225280215794,1.3312483316301793,-0.9423875296194419,-1.1336547136738098,-0.4673358035692495,-1.6357037019875469,-1.8372980087809139,-1.3312483316301793,-1.55352252802158,-0.7874302125521474,0.19081952690966666,1.464554419670571,1.183475285804831,0.9565830367435462,2.0543448536564917,1.247911984700014,0.5111183656893089,1.4420133285685155,-0.7481493064513315,-0.8623145398892288,1.0634549287170376,0.6247321828505417,-0.1269445113490324,0.506280418139323,0.4514102871836102,1.4054416161681371,0.6571863078002155,1
-0.894605088487027,-1.4677292476260335,1.7280720791585935,1.478524768348486,1,0,0,1,0,0,-0.5838743016777656,0.1976301902947366,-0.5152445252809326,-0.0639938166840615,0.18625202168842855,0.201447213641508,-0.9448806139245092,-0.057637757415342175,-1.2139754233802715,-0.2387253679787772,-0.31727834227487417,-0.9573465509398965,-0.036422897222822846,0.5564639124364624,-0.9544300575231554,-0.791243111988073,0.7567623389868751,0.8142243424778769,-0.37315522795503414,-0.9356157016516281,1.8698916792986935,-0.8770174486838838,0.8644220518250635,1.0728951520210053,1.2074089784907525,0.9356157016516281,0.3731552279550334,0.32667033235006016,-1.009968447893631,-0.5824076947417753,-0.8708842928463041,-0.5624939042121272,0.4790951633358572,-1.1988643086375024,-1.2052948804881005,-0.23228628620644656,2.3050098368607914,-0.5588081172337243,1.2003031748711541,1.5323711785047043,1.9715216850734973,0.31594134103852145,-0.28942660841731066,-0.7099875321636356,1.0283361423219313,1
-0.2006980048416086,1.4440283071491598,-0.8790386569529866,0.5985369837740325,1,0,0,1,0,0,-0.25578193957032125,-0.28208427435022915,-0.5024513438635544,-0.06978031321887439,-0.3380930387452739,-0.16301483286723703,-0.06869506998986337,0.13132210318882803,0.04091394185318821,-0.4505834926545432,-0.6664801295794778,0.2963389481993686,0.7745956298088772,-1.6289556304556212,0.21008902685113343,-0.15056033424149912,-1.3404301982963098,-1.6347144208604174,-0.8195116582252774,1.2169526660865582,-1.5321111055082068,0.03021886723368577,-0.20722934506789814,-0.7204384099285497,-0.729523650664571,-1.2169526660865582,0.8195116582252766,-1.5115955667385823,0.340918023760079,0.427426948368315,0.279040251178545,-0.2894014204448148,-0.18250970659880966,0.6769975162545934,1.2862727349307197,0.07776919801113909,-1.46980510396147,-0.17942508891434333,-0.615216890773458,-0.62002986833231,-0.8377153198147269,-0.44541496736468245,-0.5363722402842841,0.013711913318286572,-0.3944048900113141,1
-0.35489957898503444,1.1348151154916164,1.0038746524609323,-1.6014324776621007,1,0,0,1,0,0,-0.7100636717190902,0.6511784114136133,-0.1442422641769629,-0.3128131676810156,1.1227579225465028,0.7425503747158411,1.3004162113959448,-0.9164313495119106,1.0295693358968758,0.09558044240475161,0.7964002185569647,0.26895100394699484,-1.2377770234173913,0.5012045132188367,0.10403956803111637,0.9261641823264735,-0.5177621908953224,0.09239796465269842,0.6912331826893887,-0.3187395628531161,-1.3074627534909269,1.3620553428735291,-0.47675008864308815,-0.6425271368438099,-0.9451506599143985,0.3187395628531161,-0.6912331826893894,1.106540713781605,0.7912135143113154,2.064996639898192,2.3592408308190027,1.9636115706355104,1.0146800580448727,1.0847935651441794,0.7879592118469556,1.876091006473136,-1.1367331974183288,1.793366658346437,1.0543317123067637,0.6117659114840535,0.2961333508329291,0.6966194952401235,2.097714499630101,2.073471873536065,0.7809029193074537,1
-0.8689048261297889,0.5936920300909173,1.7280720791585935,-0.13478617003801185,1,0,0,1,0,0,-0.6595879237025604,0.42440430085417497,-0.3617263482723934,-0.2358527637680042,0.6631078129044833,0.5086685951771004,0.00827091423909951,-0.6960882554947431,0.2541262408576663,0.10413362916536269,0.26608336372893526,-0.12377638035309464,-1.1657422234623351,0.2868761203715824,-0.3670884504997749,0.4288963933710456,-0.013741092985297194,0.31949249782102623,0.7646392799752116,-0.9271761482887021,0.2751423317312208,0.5876618247492895,0.0836004281955134,-0.1543032474464454,-0.03399916458379975,0.9271761482887021,-0.7646392799752123,0.27096530510494976,-0.3345252120667762,0.03622974428062242,0.2531992501892221,0.2397152668543526,-0.05648973137315825,-0.30171300108041293,-0.6516131881728072,-0.23228628620644656,0.05677446769459199,0.27583454506891375,-0.669956189235104,-0.5292659687668935,-0.5500223735309933,-0.4771381468814831,0.9453015509175579,0.514734606344233,-0.76555472453303,1
-0.27779879191332196,-1.0812127580541053,2.452269505856255,0.5985369837740325,1,0,0,0,1,0,-0.4576849316364408,-0.09892056966760585,0.31631226684865466,-0.47599236996273897,0.726359610397128,0.29178013805226444,1.2536041841419727,-3.2069317159630333,2.15469685321061,1.1753329605847227,2.0043788577484323,0.2595175045348358,-1.98341153076366,1.2002174413890019,-0.37376030284432527,1.0571172237835913,0.3222833209043043,0.07857834612717658,0.2246519615849838,0.13114384342216406,-0.5439240084536571,4.027189556744045,-1.8832419192046823,-1.2682283793949778,-2.5290742205023875,-0.13114384342216406,-0.2246519615849845,1.245803281894381,-0.25947596364157,0.32735324499704527,0.8475422729436388,0.9565830367435462,-0.9701345517591269,0.2692014673650073,0.17890935030013266,0.07776919801113909,-0.6556293324115703,3.1085611565202904,-0.7763937140216395,-1.5276688639864726,-1.8136149219144517,-0.5405845059150832,1.439192814651505,1.6837875567381073,-1.2810406058131916,1
-1.3315095485600683,0.7740663918911503,1.0038746524609323,-1.6014324776621007,1,0,0,1,0,0,0.8420655797892039,-0.5751462018424264,-0.7966945164632545,1.9149879982219453,-2.1710488853499292,-1.9222708954014738,0.5416550131718131,0.2580906473072688,-0.5997836753004007,0.8293747097967656,0.19307509544864015,0.5510900910237452,-0.2357522912763513,0.39257244726872487,0.6221034080338078,-1.1685494022027267,1.0872860046623536,0.7862471580224991,1.2405949430219954,-0.4787858038769716,-0.36093071738952726,0.26897202441547224,-0.35435507773129177,-0.04229753596977426,0.5166102390945772,0.4787858038769716,-1.2405949430219962,0.911573118423719,1.3165582532877582,1.846654014360876,0.8087807714596554,1.263812080981773,2.6529397359783324,0.10608304780917345,-0.4301405112466897,1.5040244254120325,-0.4150773999081907,0.12408133374116129,-0.3415203984652251,-0.46443461193445323,-0.44848368660732285,0.5697267771729232,-0.6186874509066087,-0.8769950965056176,-0.5181215015185524,0
-0.5348014154856993,0.2587110724619126,-1.168717627632051,-0.13478617003801185,1,0,0,1,0,0,-0.2810198135785862,-0.25010331004056474,-0.3361399854376369,-0.2375887127284481,-0.05778590777992806,-0.008733353056786679,0.2899809048407463,0.968116373148605,-0.6007894135770624,0.3220266996179857,-0.4010879518679851,-1.4889794448094298,-0.22946753056738078,-0.9012416910327518,1.1538674249110341,-0.09757359054487172,-0.5957992507389825,-0.7363130356066445,-1.8366892925911174,-0.20918429502488586,-1.3037355857719535,-0.17285104841342477,0.7232472063879434,-1.0258216339550703,-0.19743238646831593,0.20918429502488586,1.8366892925911165,-0.8431352397972577,1.0914105080121401,0.05442496307539909,-0.0052107597040024186,-0.23819657973844427,-0.15100471279239655,-1.0357458890816678,-0.319404172783631,0.015758101167622184,-1.2477571662660425,-0.2553016945782196,-0.2959043164138529,0.10608132819102022,-0.3130987707090945,-0.2550758902638815,-0.04248097655033679,-0.15329565102369538,-0.2706882785040748,0
1.341317736592655,0.5163887321765315,-0.4445202009343899,-1.161438585374874,1,0,0,1,0,0,-0.10435469552073157,-0.3460462029695579,-0.438485436776663,-0.13343177510181614,-0.382525800775018,-0.16301483286723703,0.3419861315816378,0.5827872907457785,-2.4675705785148163,0.6680625448106328,0.6339914509269492,0.08206607867414555,-0.9132707703699106,-0.8826221770528709,-0.4233859520287282,-0.071728557011364,-0.050931370695385954,0.5832352092805607,1.6737455617457806,-1.5480721265123074,-1.3574457205210917,-1.224032598540407,3.3011713626127146,-0.953012073581283,-0.25480427220802104,1.5480721265123074,-1.6737455617457813,-0.6481676444393714,-0.03432821836595151,1.328090278709748,1.0801112818475405,1.0077878774499178,1.7077899217859516,1.247911984700014,0.4557501964577793,1.2559800380379649,-1.2477571662660425,-1.0899443568808573,0.31535118307453414,2.0380557617977377,1.4130589069933075,-2.221913020305493,1.6861384465184783,0.9044189231421907,-0.2706882785040748,1
-0.894605088487027,-0.2566442469673251,1.7280720791585935,0.5985369837740325,1,0,0,1,0,0,-0.5838743016777656,0.1976301902947366,-0.42569225535928473,-0.14789801643884834,0.33800048040491143,0.2662901544314074,0.8000809978138982,-0.4801710236665796,-0.8529658599683703,0.2746133645253529,0.7746976687611083,1.1796827460675334,-0.4103028040164413,0.5017614718109299,-1.0359105532758088,-0.9905119975823825,0.6962054796384929,0.8855725752526198,0.328888191831712,1.282759261399553,-0.6111779530327818,-0.37870265235770606,0.17066387214481543,0.3193604971376466,-0.14255565393695105,-1.282759261399553,-0.3288881918317127,0.27096530510494976,-1.0850176963188372,-0.6097005229339397,-0.9871687972982559,-0.6990401460957827,0.7311351137871589,-1.0357458890816678,-1.2606630497196296,-0.4803306735805153,-0.7481493064513315,-0.6346847228976005,-0.989268763594709,-0.7626588533636787,-0.6007917169928287,-1.175048096251087,-1.1948939252628807,-0.8213259083916238,-0.6418381130257917,0
-0.35489957898503444,-0.2051087150244015,1.0038746524609323,-0.8681093238500562,1,0,0,1,0,0,-0.7100636717190902,0.6511784114136133,-0.2721740783507456,-0.2780941884721383,0.9932680292086238,0.7157188130096758,1.6360513890949961,-0.10139132042362412,1.0349893400460266,0.608011750773523,1.3939007984969292,1.1623499823611867,-1.1786929420229855,0.6856921306612349,-0.05885908006313885,1.2050446808899433,-0.42822213031596595,0.4519322523298733,0.6912331826893887,0.899750088678983,-1.5898337847504276,0.08019903493369349,-0.20391140996265614,-1.2460023838059857,-1.370915422757959,-0.899750088678983,-0.6912331826893894,1.1343932274041606,0.41596727218528484,1.4918472478627354,2.0103873174631492,1.690519086868198,0.6681251261743327,0.4323198869208419,0.12354118106860354,1.5040244254120325,-1.46980510396147,0.19995793940503753,0.37921369794645543,0.20981149912292413,-0.3130987707090945,-0.0012904541294803558,0.4514102871836102,1.0714264874841732,0.038603250264021984,1
-0.27779879191332196,-0.87507063028241,2.452269505856255,1.7718540298733036,1,0,0,1,0,0,-0.4576849316364408,-0.09892056966760585,-0.68155588370685,0.42496514050762735,-0.5129993634100525,-0.4044988882227245,0.7602791688727475,0.12866794382609717,0.6164739340422223,0.4500226641996886,-0.1391087566898369,-0.552522732613083,0.5680657413102139,1.5821786280870664,-0.3397321343038848,1.2652966404561279,0.6834810822052684,0.32462175046386094,-0.04053384962865217,-0.7133741297612556,0.5237075513779099,-0.5169369850873812,0.42876057908082543,0.06977655506213656,0.4977781535133687,0.7133741297612556,0.04053384962865146,1.3293608227620468,-0.40957446049198204,-0.31857702221751816,0.3565632541465125,0.6322857122698633,-1.5687294340809674,-0.30171300108041293,-0.319404172783631,-0.4183195767369984,0.3898463742377325,-0.5588081172337243,-0.2776578835933038,-0.02358138547386016,0.008440404549195996,-0.15990635171348128,-0.7010026615289333,-1.0440026608476,-0.45626319576493324,0
0.004904094016293398,-0.6431607365392533,0.27967722576327125,1.7718540298733036,1,0,0,1,0,0,-0.7353015457273552,0.9506365317677434,0.6233486208657331,-0.5274921891225737,1.7490309951810465,1.1387631025768818,0.9240678739069528,-0.756385359668078,0.01617467787891225,0.33919819648571964,0.7044458334203897,-0.8040189723480914,-0.8569017685303427,2.2449582037709575,-0.35128785313503136,0.0030766716588633675,1.6424241331823914,1.77662465088875,0.4073962731842086,-1.500636647135627,0.9581969126985054,0.6862501841079245,-0.019019568211314786,1.1703647754039248,0.8187140953019928,1.500636647135627,-0.40739627318420935,1.9421161224582606,-0.40957446049198204,-0.2821865846279648,-0.23777976860790415,0.4103980692089227,0.25856020669096863,-1.1173050988595852,-1.3713993881826885,0.3258135853852078,0.6951622885689447,0.4275877563966659,-0.5057382938501646,-0.4385020692014777,0.025363519036474696,-0.4136917878478824,0.03983423407198747,-0.5986491559356475,-0.5799798072721716,0
1.0072143259485644,0.7740663918911503,-1.168717627632051,-1.6014324776621007,1,0,0,1,0,0,-0.38197130961164594,-0.1745119398540853,-0.7966945164632545,1.9149879982219453,-1.3107924227582617,-1.6141551284756757,-0.9377732757708694,0.416362766233638,1.9366521507729542,-1.040219037149463,-1.4036744695423802,-0.9939842193996791,1.2450151113743813,-1.6285755461108673,0.7647071848506908,2.380393574343173,-1.7099856993188984,-1.3067861281348911,-0.7279513648365089,-0.6337026228571595,-0.3232569288616143,0.19459590725795134,-0.25540239040400814,-0.29032373822941415,0.5490232478745868,0.6337026228571595,0.7279513648365081,-1.5951531076062477,0.11577027848446049,-1.4011925405067138,-0.18609776662925942,-0.8355863879794388,-2.5453842420797614,-0.22015379130249568,0.12354118106860354,-1.3484860293897554,-0.38732140769626244,0.04820472807728505,-0.3688900476960481,-0.4385020692014777,-0.5161761445564365,0.664896315723324,-0.6186874509066087,-0.9326642846196119,-0.5799798072721716,0
1.341317736592655,0.2587110724619126,-0.4445202009343899,-0.13478617003801185,1,0,0,1,0,0,-0.10435469552073157,-0.3460462029695579,-0.3361399854376369,-0.2375887127284481,-0.23963719528328867,-0.08252014774874118,0.27141385116047706,-0.24555595588332169,-0.311969788118887,0.7522756579156411,0.8652094191938926,0.787259239825921,-0.5366690689570766,-0.94612581210192,-0.4292815395841212,0.04936170616693916,0.05667945974730311,0.7607403478483639,1.2465662665038717,-0.1626015385546773,-1.3227653305761855,-0.09301156686377288,0.4760769056812653,-0.9600734990134905,-0.38209973583855417,0.1626015385546773,-1.2465662665038724,-0.7874302125521474,-0.18442671521636386,0.8004289336612322,0.705416767502365,0.700558833211691,1.2667200084961745,0.5138790966987595,-0.04256332662598434,0.7598912632898273,-1.3032691506898992,-0.3311783002420958,-0.7611883533378483,-0.4255357978349895,-0.7530997473783346,-0.6040308649486834,0.03983423407198747,-0.04195727479570725,-0.7036964187794109,0
-0.25209852955608386,-0.35971531085317227,0.5693561964423357,1.0385308760612593,1,0,0,1,0,0,-0.40720918361991093,-0.15125305671978392,-0.7327286093763631,0.65063850536533,-0.8168833888562058,-0.6191513818720468,-1.0428530022942522,-0.2711831036906611,-0.953452944697011,0.05218671762463762,-0.6566048055498918,-1.8217113692129991,0.0858216977285574,-0.4454830209595101,-0.4697384921710404,0.08094174821871787,-0.17653447135372954,-0.32197067475557395,-1.7858889366285426,-0.7133741297612556,1.0049910999705378,-0.09836638921595572,1.3847407672309082,-0.2455494485997316,0.5392767076768746,0.7133741297612556,1.7858889366285426,-0.6203151308168162,-0.7097714541928067,-1.0099953364190213,-0.8192022908676594,-0.8355863879794388,-0.9386295579527137,-1.3619827281933365,-0.8177176958673952,-0.6043528672675491,1.3613061016552261,0.27583454506891375,1.172933525640331,1.8176291485674405,1.582290051866092,0.2207718024881207,0.12214944469431245,-0.2089648391376897,1.1520527538291696,1
0.7759119647334253,0.2587110724619126,-1.6032360836506476,-0.13478617003801185,1,0,0,1,0,0,-0.7731583567397526,1.9216949026248256,-0.3361399854376369,-0.2375887127284481,1.3738034736029834,1.661531363152002,0.6684056263066421,-0.010753298320816706,-0.5291431205726178,0.3841026192791162,0.569301912483442,0.47132358142530795,-0.3853227379514894,-0.35656238077424834,-0.0028421841926130104,-0.20466585191804634,3.4443911146102236e-4,0.7910358835662605,0.9416775146057242,-0.29111514316954507,-1.2857072237996454,0.011912001684379676,0.5176869289441187,-0.5185563184846225,0.032172209321643594,0.29111514316954507,-0.9416775146057249,-0.45320004908148526,-0.18442671521636386,-0.5460172571522233,-0.5607922809744348,-0.5283573437412127,0.4790951633358572,-0.6279498401920818,-1.0391903727935126,-0.790386157798101,-1.2755131584779709,-0.2553016945782196,-0.7976812189789466,-0.4385020692014777,-0.6007917169928287,-0.6040308649486834,-0.37174181903963527,-0.5429799678216537,-0.7036964187794109,0
-0.8689048261297889,-0.2566442469673251,1.7280720791585935,0.5985369837740325,1,0,0,1,0,0,-0.6595879237025604,0.42440430085417497,-0.42569225535928473,-0.14789801643884834,0.5727914486353289,0.44069530552148173,0.7245028471387276,-0.13394696953955382,0.23312474168361727,0.0618166884224626,0.5221340065552462,2.1031035434102265,-0.07394279920986858,0.5231965109597237,-0.7163057748027238,0.4765951489739717,-0.08203000084870152,0.5451721111444261,0.6060821098378343,2.2672775402978687,-0.48466705618666606,-0.533732981208089,0.16024283045131216,-0.1648499026388756,-0.14654532314755658,-2.267277540297868,-0.606082109837835,0.32667033235006016,-0.7848207026180125,-0.4914316007678933,-0.18609776662925942,-0.20406001926752979,-0.2140147004052217,-0.7910682597479163,-1.0945585420250417,-0.5423417704240322,-0.6648813298155464,-0.7864379342253526,-1.0896241441077272,-0.8534227529290943,-0.8546384343020056,-0.9212626601166852,-1.6887851889968277,-1.0440026608476,-0.6418381130257917,0
-0.25209852955608386,0.2587110724619126,0.5693561964423357,-0.13478617003801185,1,0,0,1,0,0,-0.40720918361991093,-0.15125305671978392,-0.3361399854376369,-0.2375887127284481,0.11193710539989479,0.06728940511068161,0.6575555929566543,-0.33032867896261897,-0.3016481889116767,0.5306818665165917,0.3664575909744835,-1.7342591079444565,-0.9650919093110589,-0.5112694706888513,-0.6975476625708458,0.16578783164256197,0.1319367792168004,0.33757645667615765,-1.9697378439216697,-0.41176056791003435,-1.4252014896920253,-0.24540145693622398,0.5789639617996523,-0.5860907131339095,-0.14683510986259454,0.41176056791003435,1.969737843921669,-0.6481676444393714,-0.8598699510432187,-0.8735311954581982,-0.6641562849317252,-0.5795621844475838,-0.5605696322757617,-1.6882195673050053,-1.2052948804881005,-0.4183195767369984,-1.3587811351137562,-0.3311783002420958,-0.33239718205494984,0.002351157259115363,-0.2284831982727022,-0.44541496736468245,0.2044646553166367,0.013711913318286572,-0.3944048900113141,1
-0.5348014154856993,-0.2051087150244015,0.27967722576327125,1.0385308760612593,1,0,0,1,0,0,-0.8236341047562825,7.198554013719448,-0.6175899766199587,0.19061203084770548,1.926956945129057,5.388882476833461,-1.04228695103421,-0.30490115283986186,0.8947482678587544,-0.6018961128526836,0.6111310123291722,0.008713245671569139,-0.543573097350479,-0.6338907464635554,-0.7725079639288426,0.8185757925459212,-0.19387880896090262,0.19533227656471158,-0.8740438917877038,0.87874991804355,0.8159492125311056,-0.35539511887158476,-0.40056112804716004,0.6208759091970674,-0.6037962970362178,-0.87874991804355,0.874043891787703,-0.4253475354589299,-0.4846237089171882,1.0278691685959374,1.3514417922354265,1.195538960039945,0.25856020669096863,-0.46483142063624716,-0.09793149585751397,1.3179911348814817,0.4731143508735179,-0.5588081172337243,-0.7885580025686714,-0.8534227529290943,-0.5838686025055501,-1.175048096251087,-0.7833178721512579,-0.48731077970765985,-1.136704559054746,1
0.08200488108800677,-0.5400896726534062,-0.4445202009343899,-1.161438585374874,1,0,0,1,0,0,-0.34411449859924853,-0.2152149853391127,-0.3233468040202586,-0.24626845753066742,0.03748360888576416,0.024806099075919918,0.824950795378809,-0.85152152236431,-0.6730505767469591,0.18573729385060245,0.1007469571548738,1.2225615661560882,0.7145866178184231,0.25279770766922843,0.30668306938524265,-0.9365344789022254,-0.8376616117720029,-0.8728288596074625,-0.47959406901947754,2.1430837207120725,-0.8945216716246226,1.475968379192445,-0.021044146515018944,-1.0815300164474755,-0.9831234775345676,-2.1430837207120725,0.4795940690194761,0.15955525061472892,0.19081952690966666,-0.24579614703841146,-0.6770767854263857,-0.9379960693921812,0.3845801819166189,0.2692014673650073,0.5664865349208381,-0.4803306735805153,-0.8314172830871166,1.413983630027056,0.07814755640739948,0.054216242725068246,-0.38079122865820925,-0.09645999267988113,-1.0302635040182315,-0.09762646290970158,-0.023255055489598248,1
-0.1749977424843705,-1.2100515879114147,1.0038746524609323,-1.161438585374874,1,0,0,1,0,0,-0.0412600105000692,-0.37802716727922225,-0.5536240695330674,0.057522610547009106,-0.6465906853271475,-0.3351840204817976,1.0088687565379741,0.5374798881981482,0.5399335207363364,0.17925139752408334,-0.29007529066964544,0.5996276140558,0.7130777602564877,0.19869842104968016,0.48828996828811766,-0.4363361726119528,-0.33636697098392077,-0.9424926907112178,0.39760879354609974,0.42347698798565403,-1.2043194434338245,-0.2485498431794244,-1.17658298410153,-0.5756928042510332,-0.5430485865743084,-0.42347698798565403,-0.39760879354610046,0.04814519612450831,0.26586877533487285,-0.4732363819731166,-0.6124742829530796,-0.6990401460957827,-0.5920746260821743,1.0847935651441794,0.954063719541543,-0.728375060954584,-1.1367331974183288,-0.2553016945782196,-0.06782390615699217,-0.6589286824317738,-0.8207922053274488,0.8552353928241243,0.2044646553166367,0.45906541823023866,-0.08511336124321738,1
-0.1749977424843705,-0.2051087150244015,1.0038746524609323,1.0385308760612593,1,0,0,1,0,0,-0.0412600105000692,-0.37802716727922225,-0.6175899766199587,0.19061203084770548,-0.8003740055015302,-0.4380383403554311,-0.3677800967069836,0.5912873460108674,-0.03495651132734477,-0.4582396199749289,0.22714557553494202,1.4230037902325652,0.8114268769322917,0.31274230568908384,0.5590855172497513,-0.46883611108489115,-0.17758825961202998,-0.7674901104568461,0.6399373556703797,1.3061253713295295,0.8238956041456232,-0.2514808408486884,-0.4233483552235851,0.44295868513766684,-1.0446050859012754,-1.3061253713295295,-0.6399373556703803,0.04814519612450831,0.19081952690966666,-0.8189455390738695,-0.9096457943302884,-0.9209277891567239,-0.7495995951142377,1.0032343553662626,0.7325910426154264,-1.1004416420156866,0.5563823275093027,-0.4070549059059717,-0.5696008087220858,-0.6848612251647502,-0.48232991558187904,-1.3019408143182878,-0.6186874509066087,-0.04195727479570725,-0.8274130302866491,0
-0.07219669305541997,0.3102466044048362,-0.4445202009343899,0.5985369837740325,1,0,0,1,0,0,-0.6974447347149578,0.5668649600517709,-0.2721740783507456,-0.27520094020473185,0.9305275149707697,0.6486399087442626,0.5687341744410838,0.03158671612922369,-0.3508618113379466,0.4626614490990584,0.2750920169228786,0.13274910676427243,0.040234474235889175,0.2423425364716777,0.1095888162982836,-1.4256201177046557,0.48818118225628515,0.06070930776186905,-0.663442976312604,0.8390486150612049,-0.5486929070776869,0.06642991125601942,-0.952970881973918,-0.14095366561596195,-0.29836227197520665,-0.8390486150612049,0.6634429763126033,0.04814519612450831,-0.10937746679115769,-0.6097005229339397,-1.1938968052128347,-0.972132629863095,0.5106001571422693,-0.46483142063624716,-0.2086678343205727,-0.35630847989348147,-0.5261013687559044,0.04820472807728505,-0.031331040515893936,-0.5162996974004062,-0.5330992590437151,0.6331731362065233,-0.4540570296619595,-0.09762646290970158,-0.023255055489598248,0
0.31330724230314594,1.0059762856343069,0.5693561964423357,-1.161438585374874,1,0,0,1,0,0,-0.25578193957032125,-0.27917691395844146,-0.4001058925245282,-0.1450047681714419,-0.17265849126978994,-0.10264381902836514,0.8528336860746903,-0.8845865242287194,-1.9822295395504461,1.427881956852286,1.2192179148312232,-0.057304794858878245,-1.1523444206117894,-0.38272023398902805,-0.3117588581032546,-0.6172920078551968,0.013052157444907505,-0.030798826594312902,-1.0255223183500044,0.9389436438584764,-1.5682955491074988,0.9018095852661837,2.0894552491679432,-1.916034108548399,-1.6151120613185188,-0.9389436438584764,1.0255223183500037,-0.3417899945912644,-0.25947596364157,0.11810822885711679,-0.22485926811324272,-0.20406001926752979,0.6051151385615076,-0.7910682597479163,-0.4301405112466897,0.20179139169817292,-1.5530730805972546,0.12408133374116129,-1.6187706959036452,-0.5292659687668935,-1.1931007240475748,-2.570867994990295,-0.4540570296619595,-0.04195727479570725,-1.6934293108373202,1
0.004904094016293398,0.3102466044048362,0.27967722576327125,0.5985369837740325,1,0,0,1,0,0,-0.7353015457273552,0.8895819635402024,-0.2721740783507456,-0.27520094020473185,1.140158331871535,0.8968318545262914,1.654092571636379,0.3123796713935941,0.25886640362753544,0.8808838795806316,0.8857535543740999,0.7212475074531888,-0.48660117035172634,1.9525483562928179,-0.28624179518314774,-0.15400530570668008,1.5114664583690152,1.508049214499208,0.12355936367902995,0.8611509049874916,-0.34909267450580456,-0.715501649103922,-0.5086395258548468,0.3087269755641293,0.32079353867427685,-0.8611509049874916,-0.12355936367903066,1.5800334453650435,-0.40957446049198204,-0.4823339913705056,-0.4832692780064673,0.10316902497069583,0.1010352376589052,-1.1988643086375024,-1.3713993881826885,-0.046252995675895824,-0.3040534310604773,-0.6346847228976005,0.15113328768959466,-0.1402778277722523,-0.008482709938082702,0.664896315723324,-0.8656330827735822,-0.5986491559356475,0.2860364732784985,1
0.4932090788038099,-0.6689285025107157,0.27967722576327125,0.3052077222492148,1,0,0,1,0,0,-0.028641073495936725,-0.3925639692381606,-0.2849672597681238,-0.27520094020473185,-0.24315874751226746,-0.0892280381752825,0.09162843418607568,2.0173591978068464,-1.2486018535774621,-0.12780093439142493,-0.7747171968967342,-0.2253498318477309,0.9214296412154174,-0.7829506027502051,1.4428444927970492,-1.5801798850582176,-1.0661902107841315,-1.2583758330777668,0.05458964735066787,-0.36149164093482894,-0.9097265852615906,-1.3234788707466503,0.11895216973375208,-0.8845651447431792,-0.22138877953014957,0.36149164093482966,-0.054589647350668576,-0.5646101035717058,1.9169522406894068,1.1552357001593716,0.03355074177998182,-0.3918111018575571,1.865314890818015,1.9003856629233515,2.0614271041721297,0.6978801664463103,-0.859173275299045,-1.2416975682086098,-0.02220782410562002,0.04124997135858002,-0.3130987707090945,0.31594134103852145,0.28677986593896093,0.1250502895462747,-0.45626319576493324,1
0.4932090788038099,0.0010334127472937634,0.27967722576327125,0.3052077222492148,1,0,0,1,0,0,-0.028641073495936725,-0.3925639692381606,-0.7583149722111197,0.8878848632926583,-1.3801488435131979,-0.9880853553318193,-2.078310161304367,1.1973049128103024,-0.9090007450442914,-2.1720123350881844,-2.056837062745857,-0.5662286464891889,1.911613616954145,-0.769784370344346,1.4046172411081552,-1.348157687228343,-1.3995765640596571,-1.2966743827466192,-0.2444928926024105,-0.529783266025729,2.120781398217027,-0.23622385041368482,-0.11213398965200591,1.5464523750418524,1.4080387595874317,0.529783266025729,0.2444928926024098,-0.6760201580619267,1.4666567501381707,0.33645085439443295,-0.44450777652248397,-0.9379960693921812,1.1722050270769362,0.9216751455883455,1.1755363964676604,-0.046252995675895824,1.7776459848341521,-0.3311783002420958,-0.3597668312857729,-0.3607044410025493,0.24536400737109418,0.062155904904119784,-1.0302635040182315,-1.32234860141757,-0.023255055489598248,0
0.004904094016293398,0.0010334127472937634,2.8867879618748513,0.3052077222492148,1,0,0,1,0,0,-0.5207796166571032,0.026095927179264008,-0.7583149722111197,0.8878848632926583,-0.7613635374089747,-0.6661066148578361,0.11681685971364854,0.13369808003418782,1.3489457474612536,0.08470081798342304,0.49705644262364007,-0.08215136709297959,-0.5072847024453416,2.148551073609572,-0.3832108286286508,1.7595039239163945,1.3923775505431288,1.9904137786258458,0.872405678118227,-0.9772859963810728,1.984370230076108,-0.5673970064057149,-0.07592226910514895,1.2662324038858468,1.2970539329912292,0.9772859963810728,-0.8724056781182278,2.8891015856251374,0.11577027848446049,1.710189873400053,2.5659688387335815,3.2266643080593287,0.1325402314653172,-0.8726274695258333,-1.2606630497196296,2.00011320016017,1.63886602377451,-0.6346847228976005,-0.39625969692687113,-0.37367071236903754,0.12690220596014448,0.09387908442092041,-0.7833178721512579,-1.211010225189582,-0.2706882785040748,0
0.004904094016293398,0.9544407536913834,0.27967722576327125,-0.13478617003801185,1,0,0,1,0,0,-0.7353015457273552,0.8895819635402024,-0.8094876978806327,3.5467800210391793,-0.46758293208315554,-2.0568758966274028,1.3220989772510106,-0.05557148052647981,-0.5944578688574769,0.2700328084179505,-0.038253551519079755,1.6670696764769994,0.7991885260280164,1.8701486684211974,-0.505058846938493,-0.23567139396952047,1.4763762275865633,1.340284604529015,1.4008254564523381,0.8843625762614299,0.030219702871792042,-0.4296832645801382,0.5758167983078857,1.099152491707183,1.3582585415708937,-0.8843625762614299,-1.4008254564523388,1.7192960134778195,-0.4846237089171882,-0.04564874029587195,-0.1602567656399366,0.4274663494443799,0.3845801819166189,-0.30171300108041293,-0.8730858650989243,-0.046252995675895824,-0.05424950115312168,-0.482931511569848,-0.2867811000035777,0.04124997135858002,0.4822876101929924,-0.2550758902638815,-1.853415610241477,-1.823371294443516,0.34789477903211874,0
0.8273124894479005,0.7740663918911503,0.5693561964423357,-1.6014324776621007,1,0,0,1,0,0,0.36254597363216995,-0.4780403647567182,-0.7966945164632545,1.729820109107933,-1.9495568978653288,-1.7044880528864321,0.33055816045888314,0.22791589871960366,0.5652899935657831,0.03583293293599062,-0.6136060015064512,-0.05238675649493504,0.34861469544301904,0.09655059434243542,0.6039515055417763,0.24687387668731456,0.1760238132392924,-0.11172629563063961,-0.007768161614413057,-0.06374491962016399,-0.36317695254988897,0.2922036363867942,-0.5246859208864638,0.12613421940177008,0.6886388719799872,0.06374491962016399,0.007768161614412348,0.18740776423728422,0.7161642658861095,0.4001341201761507,0.47284775859846334,0.529876030857121,-0.2140147004052217,-0.13859458152457876,-0.1532996650890431,0.38782468222872474,-0.47058938433204756,0.04820472807728505,-0.6060936743631827,-0.7626588533636787,-0.6684841749419423,0.5380035976561225,-0.8656330827735822,-0.9883334727336057,-0.5181215015185524,0
0.7759119647334253,-0.9266061622253344,-1.6032360836506476,-0.8681093238500562,1,0,0,1,0,0,-0.7731583567397526,1.7356238375504147,-0.6431763394547153,0.27740947886989875,0.7942834361199336,1.1204282020776688,-0.5213974215207774,0.18917190682734156,1.3790684168109086,-0.02048599662914653,1.269093929000345,1.237358677976544,-0.7783209011036657,-0.3737774349590478,0.28581948854045114,-0.8001521950288876,0.5334294411405143,1.1007542972067264,0.6912331826893902,1.002053003267564,0.35154179791925977,0.02668331029504661,-2.6893085144664663,0.5566147624433442,-0.5752119360174514,-1.002053003267564,-0.6912331826893908,-0.48105256270404034,0.04072103005925432,-0.6097005229339397,-0.8967252938356269,-0.6649035856248688,0.8571550890128092,-0.8726274695258333,-1.2052948804881005,-0.4803306735805153,0.1400424443303771,-0.17942508891434333,-0.6060936743631827,-1.7869942913162333,-1.5146398993058652,0.9821281108913258,-0.7010026615289333,-0.32030321536567735,-0.6418381130257917,1
0.8273124894479005,1.3409572432633117,0.5693561964423357,-0.4281154315628296,1,0,0,1,0,0,0.36254597363216995,-0.4780403647567182,-0.20820817126385424,-0.2896671815417641,-0.42078211085074435,-0.14378554697781856,0.5491430415338955,1.074515036690059,-0.19987158020369297,-0.10553526796026738,-0.8384479994792087,-0.850434998702416,-0.04351469287546351,-0.003988946590729781,0.7198534735296956,0.03182924483964777,0.03612309647838963,-0.31033957366757814,-0.1227108960387,-1.0381887348318,-0.7675824753098157,-0.7536722020684933,0.30521646733919733,0.17839038256304382,0.7870372721331566,1.0381887348318,0.1227108960386993,0.02029268250195297,0.7161642658861095,0.1272058382545045,0.12399424524260985,0.13730558544161034,-0.2770246880180474,-0.13859458152457876,-0.09793149585751397,0.07776919801113909,-0.7759052986632599,-0.7864379342253526,-0.3415203984652251,-0.1402778277722523,-0.0592520533999176,0.09387908442092041,0.2044646553166367,-0.26463402725168356,-0.3944048900113141,1
0.72451144001895,0.38754990231922204,-0.4445202009343899,-1.161438585374874,1,0,0,1,0,0,-0.36935237260751347,-0.1745119398540853,-0.2210013526812325,-0.2896671815417641,0.18691062820405024,0.08964903986581935,-0.7297996563301917,0.781996076443377,0.23575678868263225,-0.7463420601999862,-0.7954296167310543,-0.16557120072026713,0.3376769824635127,-1.1760932551413328,0.8400933770440454,-0.5957566466649945,-0.8647658118702117,-0.8127433808152883,0.4316262532639202,-0.653901033058197,-0.16033433563255553,-0.2317270532328407,-0.9209654033746724,0.15077299727889282,0.24061173498058658,0.653901033058197,-0.4316262532639209,-1.1216603760228097,0.7161642658861095,-0.13662483426975403,-0.4186667755331612,-0.71610842633123994,0.25856020669096863,0.8401159358104279,0.6772228733838963,-0.6043528672675491,-0.3595654154843339,-0.482931511569848,-0.8797901666714156,-1.164613265724808,-1.0407926936620688,0.2207718024881207,0.36909507656128593,0.06938110143228039,-0.9511296417938885,0
-0.9203053508442651,0.38754990231922204,-0.8790386569529866,-1.161438585374874,1,0,0,1,0,0,-0.6217311126901629,0.2761289208730037,-0.2210013526812325,-0.2896671815417641,0.6988557809517671,0.4362233785704542,0.21908480373001638,-0.02339945210874364,-1.2794195610906491,-0.034977518898484494,-1.0245892187075893,-1.1741887790307315,-0.0338565750434099,0.28866734635368635,0.024620456467238462,-2.6736422926089483,0.24763654416559544,-0.8858341001195912,-0.5252107151899527,-1.080555857232306,-0.016209741489021587,0.056780715173842075,-0.9377432581723134,0.2928045296477678,0.4671715794162342,1.080555857232306,0.525210715189952,0.02029268250195297,-0.25947596364157,-0.8462383672660339,-1.9432858339031864,-1.7743418009295742,0.6681251261743327,-0.22015379130249568,0.012804842605544792,-1.0384305451721696,-0.3040534310604773,-0.3311783002420958,-1.1352402261590995,-1.3720736075886157,-1.1931007240475748,0.12560226393772106,0.4514102871836102,-0.04195727479570725,-1.198562864808365,1
0.930113538876852,0.0010334127472937634,-0.8790386569529866,2.9451710759725747,1,0,0,1,0,0,0.021834674520593164,-0.40651929911874146,-0.5408308881156891,0.028590127872944675,-0.6699930861932946,-0.3347368277866948,-1.9333576956880283,-0.6061526262327539,-1.6100332607248407,-1.94213558310249,-2.826445268947915,-1.9633007446001627,2.159984692149313,-0.9286993756328799,-1.2790713850822897,-0.3116970420937487,-1.376610156077081,-1.7850462498083146,-0.9162105395083129,-1.7690215962405276,1.7604354653973486,-0.4493821324949598,1.8877439364882993,1.2586768105394048,1.9317670456398761,1.7690215962405276,0.9162105395083121,-0.7317251853070371,-1.009968447893631,1.0824548249802661,0.7312577684916879,0.08610074473523979,0.25856020669096863,0.8401159358104279,1.5631135810883663,0.6358690696027934,2.6935937278277886,0.19995793940503753,2.2859659276938116,3.205020184781661,3.7653718207250133,0.4428340591057229,-0.28942660841731066,-0.9883334727336057,2.512935480408796,0
0.030604356373531493,0.0010334127472937634,-0.4445202009343899,2.9451710759725747,1,0,0,1,0,0,-0.6343500496942954,0.2877583624401544,-0.5408308881156891,0.028590127872944675,0.28248062895768555,0.19921125016599422,-1.431485307179151,0.2930045137039384,-1.4149070835260504,-0.9774506962600789,-1.4884139509024543,-2.766872721927234,0.6125273413203182,-0.21437724521013135,-0.08732094638617398,0.08094174821871787,-0.18248969478648064,-0.11172629563063961,-1.9610133487524535,-1.8287752264186004,1.7763119483647178,-0.48963409759350573,2.015564033815365,1.1395191732767849,1.8259320507581922,1.8287752264186004,1.9610133487524521,-0.11896988561082296,0.04072103005925432,0.4001341201761507,0.3824042551358344,0.2909201075607231,0.2270552128845555,-1.1988643086375024,-0.4855086804782194,0.8839134569768611,2.6658377356158605,0.12408133374116129,2.1856105471807923,3.1920539134151737,3.680756248288621,0.2207718024881207,-0.20711139779498602,-0.9326642846196119,2.451077174655176,0
0.930113538876852,0.0010334127472937634,0.27967722576327125,2.9451710759725747,0,1,0,1,0,0,-0.571255364673633,0.1569271448097092,-0.5408308881156891,0.028590127872944675,0.10347287571369432,0.09859289376787443,-0.1875760360560908,1.601512427157751,-2.41693183741645,0.1672156466011789,-0.8668684590397159,-0.8803989069252958,1.026652530729223,1.4489195308909646,1.5929583886764471,-1.2639751117882627,1.2742308779681664,0.7350224959499604,0.6912331826893887,-1.8863157591826683,1.7085723674111677,-0.602335321996105,2.033853699392015,1.037607975733561,1.8445778592453774,1.8863157591826683,-0.6912331826893894,1.7750010407229295,1.9920014891146134,0.9914787310063841,0.09815324425328795,0.615217432034406,1.833809897011603,0.4323198869208419,0.12354118106860354,0.8839134569768611,2.6935937278277886,0.04820472807728505,2.4228141738479283,3.4384130693784454,3.8669105076486843,0.47455723862252236,-0.12479618717266176,-0.8769950965056176,2.636652091916034,0
0.8787130141623758,0.28447883843337485,0.27967722576327125,-0.13478617003801185,1,0,0,1,0,0,-0.7226826087232228,0.8546936388387503,-0.42569225535928473,-0.11607228549737747,0.863639856874863,0.7470223016668686,0.9692389749740964,-0.293498954038263,-1.09436274161751,0.7685881246814613,0.6847357761128332,1.097823883412637,-0.10437976940326735,-0.1081375935077457,-0.9372058327697215,-0.4435386351657174,0.28195241656098685,0.5914671640261141,1.4494276669840473,0.05977612737849499,-1.4558001978807065,-0.5360357040501402,1.050316975521364,-0.7587337814447789,-0.3127374786129087,-0.05977612737849499,-1.449427666984048,0.0759977097470634,-0.7097714541928067,0.7822337148664557,0.4082452561251572,0.512807750621665,1.3927399837218248,0.8401159358104279,0.17890935030013266,0.6358690696027934,-1.3587811351137562,-0.482931511569848,0.07814755640739948,0.6117659114840535,0.24536400737109418,-0.6040308649486834,0.03983423407198747,0.06938110143228039,0.10046155601764112,0
1.6497208848795075,0.38754990231922204,-0.15484123025532542,0.5985369837740325,1,0,0,1,0,0,-0.5081606796529707,-0.029143920264701743,-0.579210432367824,0.1587862999062346,-0.12126786436098712,-0.14512712506312683,-0.09592809852352244,-0.06043190062843728,0.6714684498737737,-0.6102265867191399,-0.13633169730199152,-0.01337539345465823,0.16469063144805615,-0.42690915568086213,0.18665762340127273,0.30212699485084826,0.22144622753154034,0.34448151057210147,-0.2548898489945435,0.23455420748543962,-0.29317224209338005,0.26993418968232497,-0.6143113724948798,1.0439590386471893,0.5135570306570448,-0.23455420748543962,0.25488984899454276,-0.6481676444393714,-0.25947596364157,-1.2283379619563388,-0.9096457943302884,-0.7843815472730677,-0.9701345517591269,-0.8726274695258333,-0.8730858650989243,-1.1624527388592034,-0.6648813298155464,-0.4070549059059717,-1.8103582405194079,-1.7740280199497451,-1.3623318689203594,-1.0481553781838862,-1.1125787146405561,-1.1553410370755877,-1.3841377820692236,0
0.2876069799459088,-1.1069805240255675,-0.15484123025532542,-0.4281154315628296,1,0,0,0,1,0,-0.40720918361991093,-0.11927209241011955,-0.31055362260288033,-0.24626845753066742,0.14328956210353652,0.09859289376787443,0.05505075566546781,-0.03557875564772895,0.02850838147639869,0.8130336126384898,0.4501927921575206,0.5640445296825689,-0.4387372925216772,-1.5355549038420728,-0.6238222896117914,1.1652633532114056,-0.76101344307002206,-0.17487602776098254,-0.1984048918790851,0.966065021455771,-1.6108577828642736,-0.5760985166327681,1.1320053798934133,-1.852963861316855,-0.7560050826827749,-0.966065021455771,0.1984048918790844,-1.4558905394934718,-0.6347222057676005,-0.20940570944885942,0.4082452561251572,0.06903246449978255,-0.7495995951142377,-0.22015379130249568,-0.1532996650890431,-0.17027518936292965,-1.46980510396147,-0.3311783002420958,0.8171280856396278,1.3378771080073837,0.36382580878204385,0.28421816152172197,0.36909507656128593,1.0157572993701793,0.904619530814692,1
0.9558138012340891,0.28447883843337485,-0.15484123025532542,-0.13478617003801185,1,0,0,1,0,0,-0.785777293743885,3.561446163593072,-0.42569225535928473,-0.11607228549737747,1.3974566944978608,2.8287042973701917,0.8813744301042156,0.19460551427475833,-0.5527250552034285,1.359748124944323,1.0991189474363183,-0.36349854814661775,-1.239545235478673,-0.2443123946782459,-0.451869707327518,0.3488393483090782,1.1896976867300608,1.3964038908966097,-0.47959406901947754,-0.020113106998745453,-1.4696866662097883,-0.7197753288091019,1.106143569974167,-0.6572481321291523,-0.0655918505815215,0.020113106998745453,0.4795940690194761,-0.28608496734615396,-0.4846237089171882,-0.2276009282436361,-0.018131260198663828,0.4616029099152932,-0.05648973137315825,-1.6066603575270884,-1.648240234340335,0.2638024885416898,-1.3865371273256843,-0.7105613285614767,-0.14993285384946126,0.4302381123532211,0.12690220596014448,-0.635754044465484,-0.12479618717266176,-0.15329565102369538,-0.1469716669968365,1
-0.27779879191332196,-0.30817977891024867,2.452269505856255,-0.13478617003801185,1,0,0,1,0,0,-0.4198281206240434,-0.09892056966760585,-0.6047967952025805,0.18482553431289261,-0.3409489094174851,-0.21891391975508134,0.9400796112251906,-0.001973473322940009,0.5234002631824706,-0.7079038923292298,-0.9359787649280854,-0.34381841369491173,1.16484800348263,1.4754118237555671,-0.24309788710196292,1.150740191388919,0.4075645189614937,0.17178563567594957,-0.24010667662448304,-0.23079243079930178,0.16701052656562693,-0.2408214726434258,0.44087722160182374,1.3604664887399789,1.3845334727462235,0.2307924307993025,0.24010667662448232,1.217950768271826,-0.3345252120667762,-0.3549674598070702,0.26611975068388355,0.4274663494443799,-1.411204465048904,-0.38327221085833024,-0.319404172783631,-0.4803306735805153,-0.22078545442469194,-0.6346847228976005,-1.3633206364159602,-0.9701191952274875,-0.44848368660732285,-1.0481553781838862,-1.6887851889968277,-1.9347096706715041,-1.0748462533011267,0
0.6217103905899984,-0.8235350983394863,-0.15484123025532542,-0.4281154315628296,1,0,0,0,1,0,-0.33149556159511606,-0.23963681263012915,0.2267599969270068,-0.45226773417000615,0.4848907830678219,0.16522460533818487,0.955215356498096,0.23078522951134967,-0.163516257896749,1.1624113992016667,1.1923030402317516,0.6559106958725622,-0.5858497214041624,0.1602468059011635,0.5809937274474438,-0.19019174151036738,-0.2746538669600405,-0.35690921322068736,0.13830413819877924,0.7574155988166087,-1.1681334854046395,0.2652667917108196,0.03240784417563153,-1.842684880771913,-1.898504726461429,-0.7574155988166087,-0.13830413819877996,-0.09111737198826762,0.19081952690966666,-0.8644335860608106,-0.8192022908676594,-0.8697229484503528,-0.5920746260821743,0.4323198869208419,0.40038202722625016,-0.790386157798101,-1.1089772052064004,0.19995793940503753,-0.12256320461863823,-0.08841274230630035,-0.8038690908401701,-0.6040308649486834,0.5337254978059351,1.0714264874841732,-0.8274130302866491,0
0.2105061928741954,-0.10203765113855341,-0.8790386569529866,1.478524768348486,1,0,0,1,0,0,-0.6722068607066928,0.5232545541749558,-0.7711081536284979,1.0585865110696384,-0.418799346829256,-0.4156787056002934,0.3223897966190353,-0.3431869379774923,-0.21106822827631666,-0.7073279353169681,-0.20012180709791408,0.5472062061455885,0.36474393748798767,0.4576643836780236,-0.8234796314807112,-0.9899923620886056,0.8759671850046755,1.4836041549509842,1.116988546947158,-0.36149164093482894,0.009001999639570372,-0.35390897485082634,-0.7063095105183856,1.8241484735529718,1.7086188475773942,0.36149164093482966,-1.1169885469471588,-0.11896988561082296,-1.1600669447440433,-1.7559993070048545,-1.8786833314298803,-1.5353858776331764,0.06953024385249205,-1.1988643086375024,-1.648240234340335,-1.4725082230767892,-0.3318094232724056,-0.7105613285614767,-1.3268277707748632,-1.4239386930545688,-0.7700228618656133,-0.09645999267988113,-1.6064699783745033,-1.8790404825575102,-0.8892713360402683,0
-0.5348014154856993,-0.10203765113855341,0.5693561964423357,1.478524768348486,1,0,0,1,0,0,-0.7983962307480176,3.7068141831824555,-0.7711081536284979,1.0585865110696384,0.5464568506828977,2.032701300087288,0.11021237621922517,-0.5204752442333369,0.4043184237336125,-0.2115354977949134,0.2765288569997824,-0.051774317524824545,-0.1193212457113516,0.21701830706951206,-1.1455651937820464,-0.049245363913105,1.2196992810975888,1.6391640131437584,0.11588809585456382,-0.18555039652161812,0.06358914337560337,-0.4332334564385848,-0.6022036715191006,1.4952037388359394,1.2408235640798182,0.18555039652161812,-0.11588809585456454,-0.28608496734615396,-1.3852146900196616,-1.7378040882100778,-1.4910683165900436,-1.040405750804923,-0.6865896075014126,-1.6066603575270884,-1.814344742034923,-1.1624527388592034,-0.3040534310604773,-0.7864379342253526,-1.3815670692365094,-1.4239386930545688,-0.8715615487892844,-0.4136917878478824,-1.4418395571298541,-1.6563637301015341,-1.0748462533011267,0
-0.8689048261297889,0.3617821363477598,1.7280720791585935,0.3052077222492148,1,0,0,0,1,0,-0.6091121756860305,0.1976301902947366,-0.5664172509504457,0.11249432762773152,0.1500585385335177,0.06505344163516784,0.7915255788191011,-1.3130902872289292,-2.222935749568335,1.1565964789832395,1.2514063849980026,2.0285323954427747,-0.6155216182800335,0.663201879725911,-1.1951095363885322,-0.9374010651345712,0.8623345440779787,1.0667681013007762,0.22845561284398783,2.540096750535521,-0.43797208126417964,0.6050231298795018,2.0968299706021925,-0.7074110531716234,-0.5853981679757454,-2.540096750535521,-0.22845561284398855,0.38237535959517033,-1.2351161931692491,-0.6915790075104341,-1.0259302987822392,-0.6819718658603261,0.6681251261743327,-1.1173050988595852,-1.3160312189511594,-0.4803306735805153,-0.5538573609678327,0.27583454506891375,-0.7064490548762022,0.37837302688726915,0.05920974801103089,-2.1901898407886926,-1.4418395571298541,-0.48731077970765985,-0.332546584257695,0
0.5189093411610479,0.20717554051898904,-1.168717627632051,-0.8681093238500562,1,0,0,1,0,0,-0.3945902466157784,-0.13671625476084556,-0.6943490651242283,0.5233355815994465,-0.663256819999967,-0.5095891715718719,-1.270691122246655,0.13211118930286544,2.9099862414083035,-1.5865198337425113,-1.4776555490461845,0.22347601442444667,1.608882475665013,-1.3604331430396872,-0.5973229321765072,2.7284715296986204,-1.000828527012327,-0.6368907291375075,0.82857362277254,-0.5169746011139472,0.40759817050507535,-0.7797117541317428,-1.2361979225654043,1.1508815063577458,1.2992247470855065,0.5169746011139472,-0.8285736227725408,-1.2330704305130304,-0.40957446049198204,0.5911839175213025,2.02330781795781,1.4003583228654286,-1.94678935975792,1.6557080335896,1.2862727349307197,0.139780294854656,-0.19302946221276363,-1.1658209625447336,-1.883343971801603,-2.0722522613789707,-1.633101700716815,-0.12818317219668063,-1.1948939252628807,-1.4893561657595522,-1.5078543935764617,0
0.6731109153044746,0.8513696898055362,0.27967722576327125,-0.13478617003801185,1,0,0,1,0,0,-0.6469689866984278,0.36334973262663384,-0.16982862701171944,-0.30529072218575887,0.8319095143069667,0.5153764856036417,0.8341256456103311,-1.221576367293243,0.5024246882756906,0.16515440110590723,0.6411170302935736,-0.32228206508591684,-0.4756386843475788,1.350675803638194,-1.0678588037992427,1.2080880611495037,0.18510558673810612,1.0043629527524325,0.03622492998512883,-0.4754817429490244,0.18970733337700263,0.6068943932362734,0.5271806136872226,-0.03956540982983795,0.14708140126915073,0.4754817429490244,-0.036224929985129536,1.3850658500071569,-0.9349191994684248,0.3091580262022686,0.9121447754169449,0.9565830367435462,-0.08799472517957138,-0.22015379130249568,-0.26403600355210183,1.0079356506638961,0.27882240539001907,0.7310941790521709,0.41570656358755365,0.6376984542170299,0.5838262971166633,-0.033013633646279864,0.28677986593896093,0.06938110143228039,0.22417816752487937,1
-1.460010860346257,0.8513696898055362,1.4383931084795292,-0.13478617003801185,1,0,0,1,0,0,-0.4703038686405733,-0.06693960535794147,-0.16982862701171944,-0.30529072218575887,0.39794317566223664,0.18445389122760333,0.8219298916921693,-0.9919263402501254,0.33264641666716704,0.6465186675188874,0.7779653035440361,0.409605713319479,-0.9009856348213269,1.4663481142507293,-0.6810730648960727,0.9333747773740009,0.9898147364883738,1.0512705603978074,0.9277639406103714,-0.36149164093482894,0.32224423591655715,0.6791659863718179,0.4832128416355511,0.10807833924151633,0.014968092808020255,0.36149164093482966,-0.927763940610372,1.6357384726101538,-0.4846237089171882,0.6275743551108558,1.0542702808582185,1.4686314438072563,-0.24551969421163483,-0.46483142063624716,-0.8730858650989243,0.5118468759157585,0.3065783976019474,0.6552175733882943,0.05990112358685037,0.30057539868834077,0.3299795798074865,-0.4771381468814831,0.28677986593896093,0.1250502895462747,-0.023255055489598248,0
0.8787130141623758,-0.2824120129387873,0.27967722576327125,-0.13478617003801185,1,0,0,0,1,0,-0.7353015457273552,0.9070261258909283,-0.8350740607153893,4.614388631712157,-0.923865887798175,-2.8685306382389024,0.46999838559909246,0.19126911258868937,-1.99782258736182,0.6627804483019792,0.1569358996145124,0.5864514171276841,-0.3839233395152927,-0.30984514263392,-1.095489631747176,-0.39914103235055015,0.18680518808786079,0.603764565209877,1.1709575367826512,-0.36149164093482894,-0.9631378119306562,-1.3599603240595692,2.3299921598785795,-0.7101407998314666,0.38543422910413755,0.36149164093482966,-1.1709575367826521,-0.11896988561082296,-0.8598699510432187,0.8459169806481733,0.48576825909312477,0.5469443110925782,1.487254965141063,0.5954383064766764,0.06817301183707392,0.7598912632898273,-0.9424412519348303,-1.317574173872486,-0.2867811000035777,0.9099901529132779,0.5330569536548284,-1.2702176348014877,0.28677986593896093,0.1250502895462747,-0.20882997275045564,0
-0.27779879191332196,0.0010334127472937634,-0.15484123025532542,0.3052077222492148,0,1,0,1,0,0,-0.81101516775215,4.634262148162723,-0.7839013350458762,1.2350746553814314,0.7118913981583822,2.6095798767698417,-2.0984275157384875,-0.49848380991096425,1.7441462224168263,-1.6698733646456827,-0.78072754834178,-0.7279537119099495,0.9289424028737384,-1.0928156923443035,-1.1192005257521664,2.1557988478196517,-0.8839436622573003,0.20126054360967305,0.2600885100232926,-1.2507946581507028,1.8259859784879862,-0.4370058445383469,-0.21793637767768986,1.3793877801543193,1.2114757983778468,1.2507946581507028,-0.2600885100232933,-1.0102503215325889,-1.009968447893631,0.17269388524144552,1.2868392897621204,0.8029685146244333,-0.9071245641463012,0.5954383064766764,0.5111183656893089,0.139780294854656,1.6943780081983673,-0.4070549059059717,0.014285041535478216,-0.10137901367278856,0.4484413812184362,0.37938770007212164,-0.28942660841731066,-0.8213259083916238,-0.08511336124321738,0
0.9558138012340891,0.0010334127472937634,-0.15484123025532542,0.3052077222492148,1,0,0,1,0,0,-0.785777293743885,3.0613801762055926,-0.7839013350458762,1.2350746553814314,0.2556084424433621,1.3999236365168906,-1.4291656996391708,-0.3857378835531138,0.6281087325129926,-0.1666542719894202,-6.634586369902916e-4,-0.70944707513676,-0.3264865340180102,-0.09952969056952198,-0.8758903239468487,0.6306016579158936,1.4325619062780837,1.5727779781292786,0.27586209560863995,-1.2411978630008915,1.8878408010043048,-0.3480103478445763,-0.22495182789893525,1.6456430336360253,1.5363741079703748,1.2411978630008915,-0.27586209560863995,-0.23037994010104354,-0.9349191994684248,-0.5460172571522233,-0.1602567656399366,0.4103980692089227,-0.5605696322757617,-1.3619827281933365,-1.592872065108806,-0.23228628620644656,1.611110031562582,-0.4070549059059717,-0.2776578835933038,-0.3477381696360611,0.2961333508329291,0.28421816152172197,-0.7010026615289333,-1.211010225189582,-0.332546584257695,1
0.9558138012340891,0.0010334127472937634,-0.15484123025532542,0.3052077222492148,1,0,0,1,0,0,-0.785777293743885,3.0613801762055926,-0.7839013350458762,1.2350746553814314,0.2556084424433621,1.3999236365168906,-1.2446438420488397,-0.5313420426364671,0.7244820315951317,-0.1918244865143118,0.11130220062998471,-0.6455519119576573,-0.4767166344267387,-0.1319594501123981,-0.9343658744838639,0.4976101258170948,1.4437043414384312,1.6807093125268942,0.1590389773671773,-1.0381887348318,1.5988552326378598,-0.20674359286047564,-0.49034102037368094,1.6906950175822442,1.496187208206708,1.0381887348318,-0.15903897736717798,-0.28608496734615396,-1.009968447893631,-0.6642861793182697,-0.3282232720705331,0.2397152668543526,-0.43454965705011084,-1.4435419379712537,-1.648240234340335,-0.29429738304996345,1.3890620938671545,-0.2553016945782196,-0.19554893590083341,-0.41256952646850126,0.24536400737109418,0.5380035976561225,-0.5363722402842841,-0.9883334727336057,-0.1469716669968365,1
-0.5091011531284612,0.7998341578626126,0.27967722576327125,-1.6014324776621007,1,0,0,1,0,0,-0.8236341047562825,7.0182976694286126,-0.7966945164632545,1.781898577921249,1.048156237724814,4.020472829819033,-0.036497419929421585,-0.6583892105878587,0.9471088797120069,-0.49360682262685124,-0.716238825076643,-0.49354355410104433,0.7467509782012106,-0.696903232737807,-0.5314784127674983,0.8228930775363666,-0.08577023909657741,0.2713419569313086,-0.0632699944762795,-0.6103841330315712,-0.6455869479337293,0.37123644706386894,-0.4678013834834162,0.5817826716302914,1.1960581596039968,0.6103841330315712,0.06326999447627879,-0.3696425082138195,-0.03432821836595151,1.7829707485791584,2.036228318452472,1.8953384496936814,0.7311351137871589,0.4323198869208419,0.5111183656893089,2.00011320016017,-0.7759052986632599,-0.02767187758659086,-0.989268763594709,-1.047916823426415,-0.7869459763528921,0.31594134103852145,-1.277209135885205,-1.6006945419875402,-0.76555472453303,0
0.23620645523143258,-0.514321906681944,-0.8790386569529866,0.3052077222492148,1,0,0,1,0,0,-0.7226826087232228,0.5755870412271339,-0.8478672421327675,6.9868522109854405,-1.4576827254211728,-4.956920524368766,0.9278148914229328,-0.25642127227747047,-1.4439403074992376,0.9335809320518438,1.0929231534856692,0.71503537866647,-0.5128861549249936,0.5785631302995242,-0.6404736588938208,-1.2140774198294189,1.0768927097739622,1.383888141883189,0.7902460580981725,0.1914665557924087,-0.7120557292484109,-0.28966620807397014,0.7538840508895538,-0.19337923271148746,-0.06975620791941256,-0.191466555792408,-0.7902460580981732,-0.20252742647848845,-1.1600669447440433,-2.28366065205337,-2.369662350227007,-1.9791611637550581,-0.43454965705011084,-1.1173050988595852,-1.482135726645747,-1.9685969978249267,-0.4150773999081907,0.19995793940503753,1.6199711297437773,1.843561691300417,1.6330593953279282,0.41111087958892223,0.6160407084282594,0.793080546914203,1.646919199858125,1
-0.09789695541265715,0.7998341578626126,1.4383931084795292,-1.6014324776621007,1,0,0,1,0,0,-0.7479204827314877,1.1018192721407023,-0.7966945164632545,1.781898577921249,-0.23279196385273812,-0.5297128428514959,0.4246331143694303,-0.2613225940211458,0.058783144585616405,0.7944703322241995,-0.27913261553657887,0.5954041809679207,0.7288914664517273,-0.37781508375810213,-0.2091578405651443,-0.6530704131782157,1.1494307403053625,0.2430974469279043,0.6257323574189628,0.1914665557924087,-0.9679710622785612,0.14914372821430147,-0.7366313112690954,0.06647768236440155,0.6002234128330298,-0.191466555792408,-0.6257323574189636,-0.45320004908148526,-0.3345252120667762,-0.45504116317834126,-0.7029177864157086,-0.2552648599739003,-0.30852968182446,0.02452383803125581,-0.26403600355210183,-0.4803306735805153,-1.1367331974183288,-0.482931511569848,-1.7829885912885848,-1.7999605626827215,-1.6669479296913718,-0.3502454288142823,-1.4418395571298541,-1.545025353873546,-1.5078543935764617,1
-0.09789695541265715,0.23294330649045036,1.4383931084795292,-0.8681093238500562,1,0,0,1,0,0,-0.7479204827314877,1.1018192721407023,-0.7455217907937414,0.5754140504127624,0.15413457110734785,0.4026839264377476,-0.3879815253031141,0.1699310189848439,0.262380007541019,0.5941161198478201,-0.48547721476580463,0.07894142741716562,0.5224989911335856,-0.2703148707101933,-0.2374198464953912,-0.9290556681158533,1.3491670070684612,0.18436778081553282,0.4407888507730546,-0.3295023237687902,0.26940232166083417,-0.4710776467759225,-1.2922936087602181,0.535198360566023,0.8111434096001242,0.3295023237687902,-0.4407888507730553,-0.28608496734615396,-0.25947596364157,-0.11842961547497735,-0.5737127814690962,-0.05044549714841698,0.006520256239666901,0.10608304780917345,-0.09793149585751397,-0.046252995675895824,-0.27629743884854874,-0.9381911455531051,-1.8377278897502307,-2.0592859900124822,-1.785409731102321,-0.09645999267988113,-1.1948939252628807,-1.4336869776455579,-1.6934293108373202,1
-0.6376024649146498,-0.4885541407104817,-0.4445202009343899,0.5985369837740325,1,0,0,1,0,0,0.31207022561564,-0.46931828358135513,-0.8094876978806327,3.459982573016986,-2.068129838554321,-3.0348863208171273,-0.552515774100096,0.3702285162856757,-0.3917444748866089,-1.5696872577674148,-1.4282157998954903,-0.42319318777731807,1.4562353447189498,-0.6584586925893093,-0.2761917669015418,-1.2221897266907669,-1.153041195142661,-1.3182836560138875,-0.39487744041716594,-0.18555039652161812,0.11036246635827761,-0.7848331064765923,-0.6926549871087215,0.9772103060056713,0.5697030811073441,0.18555039652161812,0.3948774404171652,-0.5367575899491508,-0.10937746679115769,0.5184030423421971,-0.23777976860790415,-0.6649035856248688,1.0146800580448727,1.166352774922097,1.5631135810883663,0.20179139169817292,-0.1375174777889068,-0.9381911455531051,-0.8797901666714156,-1.060883094792903,-0.6684841749419423,-0.1916295312302808,-0.6186874509066087,-0.7656567202776299,-0.6418381130257917,0
1.1614159000919912,0.5421564981479937,-1.6032360836506476,1.0385308760612593,0,1,0,0,1,0,0.2363566035908452,-0.45071117707391406,-0.16982862701171944,-0.2937177291161331,-0.30993873774752945,-0.11963714144226982,-2.427643133997765,-0.5734366174726768,0.3719169013722951,-2.485470743302538,-1.4182320415069716,-1.9398410665884172,0.08612638296090255,-1.3364648903195553,-0.9037375490941824,-0.20187852986076096,-1.4416253551454032,-0.8000175800545627,-0.9702511656336119,-1.6834285584178834,2.04031690188829,-0.11828468383550501,-0.7112913168847403,1.9282196004356111,1.0627096571056678,1.6834285584178834,0.9702511656336112,-1.17736540326792,-0.6347222057676005,0.9732835122116075,0.705416767502365,0.03489590402886805,1.2037100208833493,0.10608304780917345,0.6772228733838963,1.3179911348814817,2.3882778134965768,0.19995793940503753,0.9995924138451164,0.4302381123532211,1.2269046476332444,1.0772976494417266,1.0276167615398821,0.23638866577426285,0.6571863078002155,0
1.8553229837374106,-0.02473435322416849,0.27967722576327125,1.1851955068236681,1,0,0,1,0,0,1.750629044086742,-0.679229703868425,1.7363554041776421,-0.6715759528394145,-0.017753725683401247,-0.0033670407155536224,0.5068045319223593,0.40265509064893873,0.42588550006201803,1.0909957841151794,1.4157026904909966,1.0774460700129327,-0.5932972739558924,0.04237377381433661,0.6999615683095471,0.19485547133406286,0.41245195566654524,0.3987040050979367,-0.47521987007162214,1.9408252145294884,-0.6623846631079054,0.14854938485732253,-0.3863887889327699,-1.0648846202328766,-1.451225973503242,-1.9408252145294884,0.4752198700716215,0.2152602778598393,0.9413120111617277,0.7185504490847379,0.7183372679970265,0.8712416355662611,0.3845801819166189,-0.05703537174666111,0.17890935030013266,1.0079356506638961,-0.7759052986632599,-0.17942508891434333,-0.9071598159022387,-0.944186652494511,-1.2438700675094103,-0.9212626601166852,-0.8656330827735822,0.013711913318286572,-0.8892713360402683,1
-1.8969153204192981,0.9029052217484598,1.0038746524609323,-0.13478617003801185,1,0,0,1,0,0,-0.3062576875868511,-0.2530106704323524,-0.19541498984647596,-0.2896671815417641,0.12929097528148495,0.029278026026947467,-0.49974066348117374,-0.7332984814311773,0.6965261302578293,-0.6019970112833315,-0.43395994743419364,-1.1418611436807908,0.22446153581936265,-0.3987387070879103,-0.7193816940825444,1.5888306191476194,-0.5044334719768613,-0.39146809077743117,-1.1014209826064827,-0.4649864905896614,0.2964865396797857,0.285814389881234,0.6444469921766321,0.3130715286641664,0.1819767877088253,0.4649864905896614,1.101420982606482,-0.28608496734615396,-0.5596729573423944,0.47291499535525605,1.2739187892674588,0.9736513169790033,-1.1591645145976028,-0.22015379130249568,0.34501385799472056,0.44983577907224165,0.3343343898138759,0.35171115073279,0.24236545179233895,0.5469345546516133,0.65151875506577694,-0.5088613263982832,0.12214944469431245,-0.09762646290970158,0.16231986177126023,1
1.6754211472367457,-0.6173929705677911,-0.15484123025532542,0.3052077222492148,1,0,0,1,0,0,-0.48292280564470574,-0.07566168653330448,0.23955317834438508,-0.44763853694215583,0.7273809871069988,0.2877554037963396,-0.056208574559954705,0.24027162021289822,0.05932104913346037,0.21972616396831027,0.45666386255477925,0.054663319924953685,-0.15910445097146259,-0.39185170504415906,0.15042915837526902,0.42930383440752484,-0.09903436902700233,-0.15174656525540975,-0.7046860443852642,0.7734532878151856,-0.31337421543828675,-0.17908371060177278,0.3503150902432545,-0.39503665703801694,-0.7418363727740278,-0.7734532878151856,0.7046860443852634,-0.6481676444393714,-0.3345252120667762,-1.364802102917162,-0.9742482968035945,-0.9550643496276378,-1.348194477436079,-0.709509049969999,-0.4855086804782194,-1.2864749325462383,-0.3595654154843339,-0.2553016945782196,-0.2776578835933038,-0.06248019957332482,-0.21156008378542468,-0.9212626601166852,-0.28942660841731066,0.06938110143228039,-0.5799798072721716,1
-0.5862019402001745,1.0059762856343069,-1.6032360836506476,-0.13478617003801185,0,1,0,0,1,0,1.2332526269173105,-0.63794518630504,0.12441454558798068,-0.4250712004563856,-0.5089976662388707,-0.16212044747703153,0.48688683715784126,1.8714038160753033,-0.5100250236903191,-0.6469913666707953,-1.2143338572298732,-1.1455020090530927,0.7008812565275417,-0.5503591875365617,2.008607817792676,0.6712219498164173,-1.9983633938704428,-1.671720909243401,-1.5250276175565338,-0.04982429368856782,-1.226940414709762,-0.5563812496988699,1.371734620491532,-1.1074993376093434,-0.053416606231600765,0.04982429368856782,1.5250276175565338,-0.7874302125521474,1.0163612595869336,-1.4648758062884317,-0.9613277963089331,-1.5865907183395476,-1.5687294340809674,-0.5463906304141645,0.17890935030013266,-1.3484860293897554,-1.1644891896302574,-0.5588081172337243,-0.14080963743918734,0.5728670973845897,0.05920974801103089,-0.4771381468814831,0.03983423407198747,0.013711913318286572,-0.1469716669968365,0
0.4161082917320974,-0.87507063028241,-0.15484123025532542,-0.8681093238500562,0,1,0,1,0,0,0.097548296545388,-0.42687082186125513,-0.6687627022894718,0.30344871327655676,-1.0619201227924218,-0.5628051022890997,-1.0740820792918213,0.3567314228602033,1.0798182371887999,-0.9731154870701478,-0.3063134204248093,0.09742277703191261,0.650313659180139,-1.021032846338358,0.2896811168166745,-1.4112826406388723,-1.143764332072373,-1.3170157190124736,-0.6949470730335814,0.8221130942085961,0.47333328771386984,-0.19942888953977486,-2.894350654625223,0.1804791100149832,-0.8875870647581018,-0.8221130942085961,0.6949470730335807,-1.038102835155144,0.04072103005925432,-0.6187981323313287,-1.1938968052128347,-1.5012493171622625,0.25856020669096863,0.4323198869208419,0.8986955503100138,-0.790386157798101,0.05677446769459199,-0.5588081172337243,-1.2173491738515698,-2.279712603242779,-2.0900257918733334,0.506280418139323,-0.5363722402842841,-0.2089648391376897,-1.3841377820692236,0
-1.0231064002732158,-0.6431607365392533,-0.4445202009343899,0.3052077222492148,1,0,0,1,0,0,5.990591877475253,-0.7873835104429264,-0.15703544559434116,-0.29545367807657696,-1.5161782317634103,-0.37722013382145647,-0.12044906394561314,1.6624551182196654,0.641475540336224,-0.2620720308355601,-1.4577894626017465,-2.7545354894107787,0.498225588028117,-1.0400584895901357,1.0113942094125032,1.394509367892545,-1.272585837567765,-1.9073068576100791,-3.2622094854184702,-0.5214382267650228,-0.8717268326913985,-1.2685793060884147,0.524428875563826,-0.9078319263551142,0.033083778729178795,0.5214382267650228,3.262209485418469,-1.17736540326792,0.19081952690966666,-1.6468279942361959,-0.8321227913623208,-1.2281568333949502,-2.76591919872465,-1.4435419379712537,0.012804842605544792,-1.1004416420156866,-0.8036612908751883,-1.1658209625447336,0.12376363845877164,0.37837302688726915,-0.025405824425361403,0.3476645205553221,0.03983423407198747,-0.2089648391376897,-0.3944048900113141,0
-0.5348014154856993,0.1298722426046032,1.4383931084795292,-0.4281154315628296,1,0,0,1,0,0,0.07231042253712305,-0.415822852372462,-0.7071422465416066,0.442324630112066,-1.1907743066096708,-0.6616346879068085,-0.42936552903948155,2.137746470044215,-0.36026106331899466,-0.6623784518814089,-1.053260817000938,-1.0093993689497727,0.8293551046673862,-0.9431800133731698,2.2288373240240165,-0.43233833924755677,-1.487796734405427,-1.7464524418696674,-1.2010128806784743,-0.18555039652161812,-0.3453711361661038,-0.7013238161212793,0.058030605980824865,-0.5804432184847415,-0.3357802435337393,0.18555039652161812,1.2010128806784734,-0.9545452942874786,1.7668537438389946,-0.4914316007678933,-0.625394783447741,-1.1257471519822078,-0.5605696322757617,-0.05703537174666111,0.6218547041523672,-0.790386157798101,-0.05424950115312168,-0.3311783002420958,1.3553978538458196,1.1822818516095268,0.8376730144258402,1.0138512904081252,0.6160407084282594,0.5704037944582268,1.0901944480755505,0
0.544609603518286,-0.4885541407104817,1.0038746524609323,0.5985369837740325,0,1,0,1,0,0,-0.15483044353726144,-0.29778402046588254,-0.8094876978806327,3.459982573016986,-1.7245911442326685,-2.9029644757618147,1.388524937816288,0.18088631563451105,0.022060887103603006,0.7408402851770238,0.6279313646771434,1.0410306405298104,-0.053559740854634684,2.062214200001271,-0.6043174318844685,-0.6796362121913321,1.8712116433086365,1.300532555333321,1.8018993503183534,-0.36726020632542794,0.12976240383428742,-0.8536640819913697,-0.7131268211005672,0.854634004048497,0.453375384535723,0.36726020632542794,-1.801899350318354,2.387756340419144,-0.3345252120667762,0.9186978558272787,0.3824042551358344,1.1614023995690306,1.2667200084961745,0.758556726032511,-0.04256332662598434,0.6978801664463103,-0.05424950115312168,-0.9381911455531051,-0.6243401071837319,-0.8663890242955825,-0.5161761445564365,-0.0012904541294803558,-0.28942660841731066,-0.48731077970765985,-0.45626319576493324,0
-1.1516077120594044,0.0010334127472937634,-1.168717627632051,-0.4281154315628296,1,0,0,1,0,0,-0.5207796166571032,0.014466485612113323,-0.2977604411855021,-0.2665211954025125,0.36083319092182303,0.21709895797010442,-1.0184043796841666,-0.35597324887444193,0.34978427479561985,-0.9065016844062075,-0.5101806118453354,-0.5732549497241591,0.12122465000395927,-1.2877805014813704,-0.6998530701070956,-1.1312722109709954,-0.6550376634152063,-0.48509439327015075,-0.37315522795503414,-0.41176056791003435,0.1293809770367905,-0.21251298659010287,-1.6149862940379123,0.5751011588468954,0.1896595229208869,0.41176056791003435,0.3731552279550334,-1.2330704305130304,-0.7097714541928067,-0.23669853764102378,-0.7675202888890147,-0.9550643496276378,0.7941451013999841,-0.05703537174666111,0.12354118106860354,-0.23228628620644656,0.19555442875423396,-0.1035484832504671,0.32447439948480933,-0.5940973255993336,-0.3469449996836519,1.5531453421937294,0.2044646553166367,0.013711913318286572,-0.1469716669968365,0
1.0072143259485644,1.6759382008923163,-0.15484123025532542,-0.13478617003801185,0,1,0,1,0,0,0.13540510755778543,-0.4297781822530428,-0.5024513438635544,-0.07267356148628083,-0.6772137489839177,-0.27436581394782295,-0.6890501313002966,-0.5216212474158973,0.7349541809117774,-0.8979509316860063,-0.33759623946535755,0.2005664084365008,0.4103034964762785,-1.1965200257428958,-0.6188017762604258,1.430733502520149,-1.0429472476509734,-0.030391496633272355,-0.04921092906325296,0.3223554599919946,-0.23740773064383475,0.09603949683752966,0.43304220420256373,0.17890514003934901,0.40922026416898405,-0.3223554599919946,0.049210929063252244,-1.1495128896453646,-0.6347222057676005,-0.2276009282436361,0.5245297605771081,0.0519641842643253,-0.6235796198885869,-0.05703537174666111,-0.04256332662598434,-0.17027518936292965,-0.49834537654397587,-0.3311783002420958,-1.2264723902618437,-0.8534227529290943,-0.7361766328910565,-0.9847090191502859,-0.9479482933959068,-0.9326642846196119,-1.0129879475475077,0
0.4932090788038099,-0.87507063028241,-0.15484123025532542,-0.8681093238500562,1,0,0,1,0,0,0.6149247137148194,-0.5297913797305387,-0.6687627022894718,0.30344871327655676,-1.3521328215113277,-0.6419582093222873,-0.6828641176594954,0.14735870532953763,1.7047843085067236,-0.10401791151206426,0.6924094800038575,0.4603512366831454,-0.82417985401173,-0.4281694161531064,-0.052523929162053055,-0.5987644449557195,-0.04943829517362342,-0.08650986296732167,0.1359000988749071,0.4930801176436292,0.5217173427074009,-0.2548717668255413,-2.932197782898653,0.09149932056231709,-0.9846262788364044,-0.4930801176436292,-0.1359000988749078,-0.2582324537235989,0.19081952690966666,0.764038496071679,0.3048812521678669,0.2738518273252659,1.0776900456576979,0.02452383803125581,-0.04256332662598434,0.44983577907224165,0.1400424443303771,-0.5588081172337243,-1.0713777112871794,-2.2019149750438505,-2.0392564484114977,0.6331731362065233,-0.20711139779498602,0.013711913318286572,-1.3841377820692236,0
-1.691313221561397,0.1298722426046032,-0.4445202009343899,-0.4281154315628296,1,0,0,1,0,0,2.633954634376015,-0.7176068610400222,-0.7071422465416066,0.442324630112066,-2.0729348026432994,-0.8937276966651382,0.545739600180708,-0.4452810456041788,-0.13850604480501388,1.9196819293980085,1.9562161922590193,-2.2513449935383707,-1.1026874351802647,0.35583832068260035,-1.3443142296996027,0.0020784014465559356,1.8127571460193999,2.122867476488746,-3.5663204598883063,0.4664671563038157,-0.40331474151511276,-0.7355422750346952,0.19143099624193968,-0.7958674836668929,-0.47060994934872563,-0.4664671563038157,3.5663204598883063,-0.48105256270404034,-1.685411683720486,-2.7385411219227804,-2.317980348248362,-1.7402052404586603,-1.5057194464681423,-2.666930084640012,-2.2019219266556282,-1.720552610450858,-0.27629743884854874,-0.5588081172337243,0.5525548097416701,0.5728670973845897,0.19459466390925928,0.3476645205553221,-0.28942660841731066,-0.09762646290970158,0.40975308478573785,0
1.6754211472367457,-0.87507063028241,-0.15484123025532542,-0.8681093238500562,1,0,0,1,0,0,-0.48292280564470574,-0.07566168653330448,-0.6687627022894718,0.30344871327655676,-0.4221665007562593,-0.2927007144470359,-0.3429450940621653,0.6081650568456766,1.9426587218304197,0.038889448955888785,0.7108862781016007,-0.22734843963560636,-0.7146141394962451,-0.22595369286088426,-0.025963430151372282,0.38954737726637073,0.1043178692464566,0.33552532747895314,-0.5609884768922861,0.24630538521990228,0.25110323392721656,-0.8607352209102186,-2.2642220058477496,0.050902676840666,-0.5966118002962947,-0.24630538521990228,0.5609884768922854,-0.48105256270404034,-0.40957446049198204,-1.1828499149693978,-0.8321227913623208,-0.7502449868021539,-0.9386295579527137,-1.1173050988595852,-1.0391903727935126,-1.0384305451721696,0.05677446769459199,-0.9381911455531051,-0.5969704579529088,-1.5795339494524245,-1.4638705558440304,0.886958572340925,-0.28942660841731066,-0.2089648391376897,-1.0129879475475077,0
-0.6376024649146498,0.1298722426046032,0.27967722576327125,-0.4281154315628296,1,0,0,1,0,0,-0.14221150653312897,-0.29952843670095514,-0.7071422465416066,0.442324630112066,-1.0134785885503494,-0.5721961488862576,-0.6153799866068419,-0.7173451655515627,0.6801911168675233,0.058852552899111406,0.40583359486197407,0.8607765599897031,0.25397587163171165,-0.9435227848842341,-1.2725691860120054,0.5659937305163182,-0.7082964831741446,0.037185857870828135,0.6257323574189628,0.5534028300138731,-0.08705599807983008,-0.2902531224384738,-0.3610749283535906,-0.7818406702844504,-0.4912987968415468,-0.5534028300138731,-0.6257323574189636,-0.8709877534198129,-1.1600669447440433,0.14540105704928116,0.42116575661981864,0.10316902497069583,0.16404522527173035,0.02452383803125581,-0.26403600355210183,-0.4183195767369984,-0.1375174777889068,-0.3311783002420958,-0.19554893590083341,-0.3477381696360611,-0.6177148314801074,0.2524949820049213,-0.7010026615289333,-0.5429799678216537,-0.332546584257695,0
0.13340540580248203,-0.87507063028241,-0.4445202009343899,-0.8681093238500562,1,0,0,1,0,0,-0.6848257977108253,0.44184846320490095,-0.6687627022894718,0.30344871327655676,0.13559032629477505,0.10530078419441576,-0.4745114466177105,0.5404732429110515,1.0444104874654923,-0.48190719626070383,0.17807220510412033,-0.02039582676211257,-0.2776218670795713,-0.22338964635658262,-0.17101035024277064,-0.3350909796808059,-0.7445119727384474,-0.44435819903818974,-0.16027754582615011,0.13114384342216406,0.4366114148916891,-0.9131309023321013,-1.7644782428520933,-0.08721979559826455,-0.6653318819485412,-0.13114384342216406,0.16027754582614942,-0.3417899945912644,-0.3345252120667762,-0.5642124759469986,-0.6383152839424023,-0.8697229484503528,-0.024984737566746233,-0.30171300108041293,-0.26403600355210183,-0.728375060954584,0.27882240539001907,-0.9381911455531051,-0.3871364805165972,-1.1905458084577836,-1.1423313805857394,0.664896315723324,-0.04248097655033679,0.013711913318286572,-0.8274130302866491,0
-0.48340089077122306,-0.87507063028241,0.5693561964423357,-0.8681093238500562,1,0,0,1,0,0,-0.785777293743885,3.474225351839442,-0.6687627022894718,0.30344871327655676,0.8587817008212933,2.437410689155281,-0.26020098991039065,0.29039608940614986,0.8275782122184868,0.9199982244014541,0.9132571342877168,0.6820604706484883,-0.7465895813312764,0.011713424838850245,-0.5315677812777023,-0.5249358926464834,1.1967841196684268,0.5642227624848583,0.8432886699243073,0.09388569754642515,0.3735197265486951,-0.9310906802873561,-1.6588370876221126,-0.05614760119672592,-0.6364252917068169,-0.09388569754642515,-0.843288669924308,-0.20252742647848845,-0.7097714541928067,-0.8189455390738695,-0.9354867953196102,-0.47715250303484213,-0.43454965705011084,-0.38327221085833024,-0.762349526635866,-0.728375060954584,0.1400424443303771,-1.0140677512169813,-0.669956189235104,-1.3461410648556402,-1.277716296483967,0.3476645205553221,-0.12479618717266176,-0.09762646290970158,-1.136704559054746,1
-1.280109023845593,-0.1535731830814779,1.0038746524609323,0.5985369837740325,1,0,0,0,1,0,0.6654004617313493,-0.5373505167491867,0.39307135535292426,-0.4748350706557764,-0.13910844565658095,-0.04629753944541806,0.3750025731837278,-0.6976355145091644,-0.24960460310700872,0.21774542706351263,0.6740380185834461,0.33495539330390994,-1.0968383049048307,0.22760282423649283,0.5141183139450791,-1.10917784852482,0.5992417822948863,0.32642613108399077,0.46109514795545875,-4.693472038239746e-4,-0.2940321463719307,1.4725590783068483,-0.7733989148125323,0.3000378693640576,-0.5575908525084365,4.693472038232714e-4,-0.4610951479554595,0.540206270122983,0.9413120111617277,1.2037562836121072,0.35225642064829144,0.5924597250537967,1.9073215492265652,-0.22015379130249568,-0.44859656765719946,0.8632430913623554,-0.3595654154843339,1.1863538130354276,-0.3597668312857729,-0.6848612251647502,-0.5330992590437151,-0.3185222492974822,0.36909507656128593,0.4033962301162448,-0.45626319576493324,0
1.0329145883058024,0.38754990231922204,-1.168717627632051,0.3052077222492148,1,0,0,1,0,0,0.3877838476404349,-0.4792033089134332,0.4954168066919504,-0.49335185956717764,0.04710771536084018,0.012731896308145543,-0.15100340569828138,3.2257576144298894,-2.1026251083359635,-0.8850899591584853,-2.3097412363983603,0.606847978198464,2.5061034963568423,-0.9868886816242401,4.227391070286674,-2.709357283967474,-2.037532341353443,-4.015542383894566,-0.16027754582615011,0.9866295824910817,-0.7761136310703813,-0.1925459868873565,0.1517161804864272,-0.8246827578328038,-0.9176188468421582,-0.9866295824910817,0.16027754582614942,-0.7595776989295921,5.069020674548063,1.3553831069019124,-0.5091102789957901,-1.2281568333949502,0.6996301199807459,3.857806697593365,4.442258381127891,0.7598912632898273,-0.6926373220274746,-0.1035484832504671,0.2606118846128881,0.30057539868834077,-0.0592520533999176,-0.2550758902638815,-0.12479618717266176,0.4033962301162448,-0.023255055489598248,0
0.05630461873076867,0.20717554051898904,-1.168717627632051,-1.161438585374874,1,0,0,1,0,0,0.45087853266109723,-0.49083275048058395,0.6745213465352461,-0.5321213863504239,0.09568252257383655,0.03374995297797501,-0.0866511559887627,-0.6965899439734267,1.68871608904146,-0.04692795950641835,0.24874445506104725,0.15723717047797733,-0.1893824004713642,-1.3987985941043872,-1.1424338652355495,1.1724840621850625,-1.708057180371082,-1.1742846931246198,-0.4657107419241149,0.6763389906671557,-1.2771725319626248,-0.188373607845846,-1.130298057479451,-1.6302836159520522,-1.4698404209452693,-0.6763389906671557,0.46571074192411416,-1.2330704305130304,-0.8598699510432187,1.1097476531724306,1.6356928031179738,0.700558833211691,-0.15100471279239655,0.8401159358104279,1.2309045656991897,0.6978801664463103,-1.2200011740541141,-0.2553016945782196,-0.25028823436248077,-0.7756251247301669,-1.2946394109712458,0.47455723862252236,0.12214944469431245,0.514734606344233,-0.8892713360402683,0
-0.48340089077122306,0.05256894469021735,-1.168717627632051,-1.6014324776621007,1,0,0,1,0,0,-0.23054406556205628,-0.28499163474201683,0.20117363409225028,-0.4401160914468991,0.3491986607800402,0.12095252852301216,0.07426704072489652,0.7642895507310996,0.2757110601795487,0.19379534506805407,-0.10038512417439323,-1.442487044486496,-0.7469341178168696,-0.9395347163465192,1.40931572867474,-0.04347277317680667,-1.2044748978186748,-1.0573401020879754,-1.941727622588921,-0.04159846927444537,-1.0420421463617493,0.3628101650478964,-0.4205922001850614,-1.4561416991512515,-0.9017812372516377,0.04159846927444466,1.9417276225889217,-0.8431352397972577,1.4666567501381707,0.32735324499704527,0.2531992501892221,-0.2552648599739003,0.1325402314653172,-0.6279498401920818,0.34501385799472056,0.20179139169817292,-0.9979532363586869,0.27583454506891375,-0.15905607025973648,-0.3477381696360611,-0.8715615487892844,0.41111087958892223,0.9453015509175579,1.0157572993701793,-0.332546584257695,0
-0.7147032519863632,-1.0039094601397194,-0.4445202009343899,1.478524768348486,1,0,0,1,0,0,0.2868323516073751,-0.46117767448434965,0.35469181110078946,-0.4713631727348887,0.03164636891809419,0.0096015474424262625,-0.2781556351845861,0.6200732869478784,-0.07397674768506513,-0.8772485740520362,-0.43670076936724284,-0.5732549497241601,-0.18465591073016505,-0.16069368459920225,0.9492006808607741,-1.636565942738741,-0.9877754178905142,-1.311144451146375,-1.2854881513645413,0.4930801176436278,0.226218945527494,0.0998183587618855,-1.54346225031339,0.20564503244526006,-0.712344974965036,-0.4930801176436278,1.2854881513645404,-0.007559831120602114,1.1664597564373458,0.6548671833030202,-0.3669847735545164,-0.71610842633123994,1.3927399837218248,0.02452383803125581,0.7879592118469556,0.7598912632898273,0.4731143508735179,0.4275877563966659,0.9904691974348425,-0.06248019957332482,0.025363519036474696,1.331083085576127,0.7806711296729086,1.1827648637121608,0.9664778365683122,0
-0.5862019402001745,1.0059762856343069,1.7280720791585935,1.7718540298733036,1,0,0,1,0,0,0.33730809962390496,-0.474551532286573,0.29072590401389814,-0.4632620775861506,-0.03288476772941667,-0.00694458227637566,0.8897941238875147,1.2359276791327325,-1.1012228277485026,0.9142094984980148,0.5586104796902371,2.2522547314168735,0.2371956037647334,0.7177790076005329,0.6953541505955877,-0.07831627244739423,0.8654383609104889,0.7344579032007079,1.4252941555476124,1.6582174387675228,-0.5200840621937886,-0.9997590033247385,1.4267081956982028,-0.3768841883997856,-0.009165790240575913,-1.6582174387675228,-1.4252941555476133,0.35452284597261524,0.26586877533487285,-0.9099216330477515,-0.806281790372998,-0.4600842227993849,-0.5290646384693491,-0.05703537174666111,-0.6516131881728072,-1.0384305451721696,-0.3595654154843339,-0.7864379342253526,0.7350191379471587,1.4286410075727993,1.1592121896841308,-0.5723076854318833,-0.6186874509066087,0.18071947766026855,1.5232025883508855,0
-0.8432045637725518,1.1348151154916164,-1.8929150543297122,-2.6280848929989626,1,0,0,1,0,0,2.129197154210716,-0.6966738662191511,-0.0035172685858019803,-0.40308251362409664,-0.8373673040332508,-0.2242802320963144,-0.08410041440204691,-0.44973799717872737,0.5087370884489828,0.7886198173928879,0.5598767666942964,-0.12359619638169521,-1.2793299616242786,-1.415506597180734,-0.33098786430713667,0.5493628337878532,-0.21676681868711248,-1.0331311121715125,-0.4441144553313302,0.2718968389527333,-1.2974138400403783,0.28570313876119663,-0.14340397509603445,-1.2803167626074068,-1.7365186655882365,-0.2718968389527333,0.4441144553313295,-1.363048827418288,-0.43459087663371765,-0.4338134079177687,-0.09996109666485155,-0.17561288554176852,-1.55822776947883,0.051710241290561454,0.2896456887631914,-0.4803306735805153,-1.3032691506898992,-0.1035484832504671,-1.0075151964152582,-0.9182541097615345,-1.2946394109712458,-1.2702176348014877,0.8629863402952329,1.127095675598167,-1.4459960878228426,1
-1.8198145333475857,0.2587110724619126,-0.4445202009343899,-0.8681093238500562,1,0,0,1,0,0,3.517280224665288,-0.7460989928795414,-0.7455217907937414,0.6911439811090201,-2.411589035604278,-1.1079329976193575,-1.2348786192607444,2.332720191346313,0.8423537762978258,-2.712896305298586,-3.331444783417458,-2.0549173992624437,2.4426154127892366,-1.3958753235812253,2.9145936828194583,-0.36131152975850395,-2.820769030913658,-3.1997157047878817,-2.7148097313727666,-0.11014700605881247,0.3223866041355532,-0.2819557012304029,-1.5146090738738776,0.867921601568797,1.20714176756868,0.11014700605881318,2.7148097313727657,-1.5255218235498598,0.7536888900987124,-2.8295172158966624,-2.5117878556682802,-3.062996958706578,-2.450869260660523,-1.0357458890816678,0.2896456887631914,-2.495691320994822,-0.22078545442469194,-0.7864379342253526,-1.7738653748783102,-2.098184804111946,-1.7346403876404854,0.2524949820049213,-1.3595243465075295,-1.545025353873546,-1.4459960878228426,0
0.2105061928741954,0.10410447663314094,-1.168717627632051,-0.4281154315628296,1,0,0,1,0,0,0.6780193987354818,-0.5373505167491867,-0.4001058925245282,-0.19418998871735144,-0.8038477716495906,-0.26318599657025404,-1.2433763058626697,-0.4900148590920663,-0.2511025752597304,-0.7097855033946532,-0.315881309106789,-0.36216328459319613,-0.1523003349556654,-1.2310759478379838,-0.3860599493828138,-1.1562270042695781,-1.4500105913888786,-1.3222815510473485,-0.6910894285371356,0.1914665557924087,0.4988684386829915,0.285814389881234,-0.8186310008175969,-0.4789312577424416,-0.8802894009459615,-0.191466555792408,0.691089428537135,-1.1495128896453646,-0.3345252120667762,0.09991301006234013,-0.5220307794904515,-1.0233374705694662,0.8256500952063961,0.02452383803125581,0.40038202722625016,-0.4803306735805153,0.5286263352973745,0.35171115073279,0.24236545179233895,-0.23104172733766892,-0.39771434314548676,0.37938770007212164,0.6160407084282594,0.793080546914203,-0.1469716669968365,1
-1.4086103356317816,1.0059762856343069,1.4383931084795292,1.7718540298733036,1,0,0,1,0,0,-0.44506599463230834,-0.08729112810045517,0.29072590401389814,-0.4632620775861506,0.6903066067971025,0.2908857526620589,1.5601390073613641,0.36339022148108946,-0.028070253078762663,1.048321503775061,0.7537844064374238,1.9139495627741545,-0.31988348402897226,1.6251679342886372,-0.7685391256465967,1.2645688884000523,1.1528792973383175,1.189951584669108,0.9277639406103714,1.6902539477607814,-0.5455626165587842,-1.2686701080276903,1.309142754601082,-0.2730393431670576,0.18179947145913095,-1.690253947760782,-0.927763940610372,1.9699686360808162,-0.4846237089171882,1.0096739498011607,1.5969313016339897,2.100157812519166,-0.37153966943728567,-0.46483142063624716,-0.8730858650989243,0.9459245538203791,-0.4150773999081907,-1.0899443568808573,0.5708012425622179,1.2082143943425034,1.0069041592986248,-0.44541496736468245,-0.9479482933959068,-0.26463402725168356,1.275769365336409,1
0.46750881644657266,-0.8493028643109486,-0.8790386569529866,-1.8947617391869185,1,0,0,1,0,0,0.19849979257844777,-0.4385002634284058,2.145737209533747,-0.6906713914042971,0.6817778369708988,0.1965280939953777,0.7257843842088114,1.4212925830099727,-0.6813777164496261,-0.207857045100776,0.5691217068281159,-0.3061814657086474,-0.4364868632486847,-0.34755584445979715,1.4073305860168899,-0.28382780181101214,-0.43137234605345737,-0.17167921855334717,-0.35678002163742906,-0.06374491962016257,-1.3564945584518286,-0.5409357877953067,0.6462465961040534,-0.1469399760455538,-0.9074974344300653,0.06374491962016257,0.3567800216374284,-0.48105256270404034,0.9413120111617277,-0.7188718357025985,-0.7416792878996918,-0.8526546682148961,-0.15100471279239655,-0.38327221085833024,-0.26403600355210183,-0.6043528672675491,-1.3032691506898992,-0.6130056927079216,-0.40277628007706695,-0.02728603443571433,-0.08101034345499072,-1.5829175471813752,0.2632612343325826,0.2522941480925468,-0.6330012122038462,0
0.2619067175886707,-1.41619371568311,-0.8790386569529866,-0.8681093238500562,1,0,0,1,0,0,-0.7226826087232228,0.6918814568986407,1.3653531430736725,-0.644379419125794,1.938405532084567,1.0300952776669123,0.5797415680136929,-0.13325158805740317,-1.05745594506854,0.5578719370825167,0.5095069347437201,-0.7252912085387224,-0.29002081021494985,0.41822689554472986,-0.25684551028939506,-1.438645198970452,0.7776389126885751,1.3470410361423413,0.3871222082195544,-1.3731537963108016,-0.38825737658646287,-0.07441020738924538,-1.2198065867249179e-4,0.017444438175336956,0.6527394227686234,1.3731537963108016,-0.3871222082195551,-0.17467491285593337,-0.7848207026180125,-1.8469754009787365,-2.1241728408284435,-1.808478361400488,0.25856020669096863,-1.2804235184154193,-1.5375038958772762,-1.534519319920306,-0.5168493713519283,-0.3058860983541368,-0.7307776319702673,-0.62002986833231,-0.5725865261806978,0.04100711855958641,-0.3443034154988601,-0.914107888581614,-0.76555472453303,1
-1.4086103356317816,0.05256894469021735,1.4383931084795292,-1.6014324776621007,1,0,0,1,0,0,-0.44506599463230834,-0.08729112810045517,0.20117363409225028,-0.4401160914468991,0.6370065224708688,0.27299804485794876,1.9459839733547815,-0.7177229710039807,1.3140436602751342,1.894936831774855,1.4860011322913456,0.2435798555279757,-1.6638865534304754,1.7350125129726999,-0.8463350194384655,1.3870171303964445,1.2641414195033778,1.3410964654917747,0.6060821098378343,-0.26889098598050765,-0.9723340255185977,0.13725745860492575,-0.40252325169300757,-1.3064364164633022,-0.622554575012292,0.26889098598050765,-0.606082109837835,1.9421161224582606,-0.6347222057676005,0.7003552302899613,1.3772827932247493,1.9294750101645959,-0.6235796198885869,-0.7910682597479163,-1.0945585420250417,0.8219023601333442,-0.9979532363586869,-0.1035484832504671,-0.6608329728248301,-0.7496925819971905,-1.159254495073018,0.15732544345452057,0.4514102871836102,0.3477270420022505,-0.8274130302866491,1
-0.04649643069818187,-0.8493028643109486,-0.4445202009343899,-1.8947617391869185,1,0,0,1,0,0,-0.7100636717190902,0.5668649600517709,2.145737209533747,-0.6906713914042971,2.0668812869420115,0.9697242638280406,1.1963198950449645,0.37426876031559775,-1.2752759820210195,0.5753146421814277,0.6918674736518978,-1.3907613905631193,-0.8039314941593344,0.3302841456661659,0.08612331917908227,-1.328740575333679,0.6195877346846975,-0.033530151083064466,-1.5422375806300568,-0.36726020632542794,-1.333495908984955,-0.42741916865871366,0.4080888544632593,-0.1628403737083464,-0.9321972670428029,0.36726020632542794,1.5422375806300554,0.0759977097470634,-0.18442671521636386,-0.7734574920869285,-1.2714198081808024,-1.0062691903340089,0.1325402314653172,-1.0357458890816678,-0.4855086804782194,-0.4183195767369984,-1.2685741604249887,-0.463962360153879,-0.22519938923422556,0.012075860783981759,-0.05079049615627885,-1.2940100194390876,0.5131466951503537,0.3616443390307492,-0.6882318423410059,1
0.2619067175886707,0.20717554051898904,-0.8790386569529866,-1.161438585374874,1,0,0,1,0,0,-0.7226826087232228,0.6918814568986407,0.6745213465352461,-0.5321213863504239,1.6938137303433574,0.943339894816978,1.0252871967491566,-0.24203357605750697,0.2868848484801988,1.5489051437987946,1.889794746123452,0.4262862182129454,-1.164846361328787,0.31825325674325705,-0.5627038868637225,-0.94929916687341,1.0825673871017458,1.7182170197471525,0.11588809585456382,0.4664671563038157,-1.1076919010632604,-0.2315057222791616,-1.3461353112168748,-1.0190156324741009,-0.7793212285055023,-0.4664671563038157,-0.11588809585456454,-0.2582324537235989,-1.009968447893631,-1.8924634479656777,-1.9691268348925084,-1.5695224381040902,-0.024984737566746233,-1.6066603575270884,-1.814344742034923,-1.4104971262332722,-1.0257092285706153,-0.17942508891434333,0.13288685486904556,-0.5940973255993336,-0.9223308922511192,1.2359135470257274,-0.28942660841731066,-0.09762646290970158,-0.5181215015185524,1
-1.4086103356317816,-0.05050211919562982,1.4383931084795292,-0.4281154315628296,1,0,0,1,0,0,-0.44506599463230834,-0.08729112810045517,-0.7327286093763631,0.566734305610543,-0.7560761422559342,-0.5051172446208444,1.199224096052898,-0.2881717282222179,2.029323063589726,0.824814059334869,1.1790805846545145,1.1968557378812816,-1.1321071107790202,1.8032220885869812,-0.7106240190106331,1.251277444391105,1.5388365735499616,1.5525781353259431,0.7837886966584708,0.8550163918650944,0.13420796628550988,-0.3163628016613718,-1.5167394517758614,0.4116134230875556,-0.01707214232847814,-0.8550163918650944,-0.7837886966584715,1.8864110952131505,-0.5596729573423944,0.43652455776570404,1.0542702808582185,1.7246556473391115,-0.655084613695,-0.9541866793037505,-1.3160312189511594,0.5118468759157585,0.08453045990652028,-0.3311783002420958,-0.11343998820836432,-0.8663890242955825,-0.6684841749419423,0.9821281108913258,-0.37174181903963527,0.013711913318286572,-0.023255055489598248,1
-1.4086103356317816,0.2587110724619126,1.4383931084795292,-0.8681093238500562,1,0,0,1,0,0,-0.44506599463230834,-0.08729112810045517,-0.7455217907937414,0.6911439811090201,-0.8254325630108704,-0.6012636740679366,1.1754761680652852,-0.21967457075029806,1.8069716290208966,0.46779227818031033,0.1425717629561128,1.171986822220896,-0.06592146076640842,2.060580346897446,-1.126322734651234,1.6989485168286231,1.809227432919564,2.041536944138793,1.7556215933338115,-0.14275387761029457,0.42437937758490496,-0.8268151476729066,-0.7629113373370559,1.1620417639302265,1.8078131985948511,0.14275387761029457,-1.7556215933338122,2.0256736633259265,-1.009968447893631,0.20908432283099887,1.0801112818475405,1.8782701694582253,-1.0016395455655394,-0.7910682597479163,-1.4267675574142176,0.38782468222872474,-0.1375174777889068,-1.1658209625447336,-1.7373725092372125,-1.7740280199497451,-1.3284856399458025,0.030432725387320277,-1.6064699783745033,-1.823371294443516,-1.198562864808365,1
0.44180855408933456,-0.2566442469673251,-1.168717627632051,-0.13478617003801185,1,0,0,0,1,0,-0.29363875058271866,-0.25882539121592774,-0.8350740607153893,4.741691555478041,-2.030929141420828,-3.8635343848425316,0.6617471479487075,0.9614784671253512,-2.0799968828960385,0.7412142096309438,-0.05752749636741787,0.5908734738101744,0.5674052789917159,-0.16049613855278613,-0.03345556052165724,-0.978307936853844,0.1379640124580826,0.0900522698465258,0.9789057261068004,-0.16498583548630744,-1.0805413685079814,-1.3531744162767583,1.860320290346585,-0.8645298249587507,0.16270707699529047,0.16498583548630744,-0.9789057261068012,-0.4253475354589299,-0.40957446049198204,-1.1646546961746211,-1.4135453136220761,-1.2964299543367779,-0.08799472517957138,0.6769975162545934,0.2342775195316623,-1.2864749325462383,-0.9979532363586869,-1.2416975682086098,0.15113328768959466,1.1044842234105985,0.6345956405784983,-0.6992004034990842,0.4514102871836102,0.4033962301162448,0.22417816752487937,0
1.0072143259485644,0.9802085196628456,0.27967722576327125,-0.4281154315628296,1,0,0,0,1,0,-0.10435469552073157,-0.3373241217941949,1.5572508643343463,-0.6588456604628262,0.7663254658097477,0.2497440247126055,0.20950381828578857,-0.3981417505927045,1.1235101824189984,0.9753009991737146,1.2994556814578895,0.6362560694088817,-1.1317816709127202,-0.8100578765978291,-0.7576279356280992,0.5935535022377727,-0.7105843245823684,-0.3551989014232392,0.0915777400728132,0.7769517052683067,-1.100720444890524,-0.21251298659010287,-0.9394120295132564,-2.022171981255323,-2.036138621374373,-0.7769517052683067,-0.09157774007281391,-0.8152827261747027,-0.7848207026180125,-0.3367722410122935,0.007709740790658993,-0.27233314020935756,-0.5605696322757617,0.10608304780917345,0.06817301183707392,-0.5423417704240322,-0.9979532363586869,-0.1035484832504671,0.32447439948480933,-0.23104172733766892,-0.9900233502002335,0.47455723862252236,1.1099319721622063,1.795125932966095,-0.08511336124321738,0
-0.8175043014153137,0.7740663918911503,0.5693561964423357,-0.4281154315628296,1,0,0,1,0,0,-0.06649788450833415,-0.36058300492849626,-0.4128990739419065,-0.1710440025780999,-0.37698992265025383,-0.14512712506312683,1.8472804596357997,0.5094725780242385,0.6903929843610715,1.373130734690492,1.0904707853852889,0.6720950038632271,-1.042622874560763,1.353410559269854,1.8491124707028244,0.3181835517316683,0.9355484854120192,0.47316211247556095,1.4967163042581422,-0.5677675826606664,-1.2163765628436383,1.1531331785630667,-0.6240465539378925,-0.927337172048863,-0.9557147185598919,0.5677675826606664,-1.4967163042581428,1.357213336384602,1.841902992264201,0.23637715102316323,0.369483754641173,0.7517636739180628,-0.40304466324369825,0.9216751455883455,0.2342775195316623,0.07776919801113909,-1.1644891896302574,0.9587239960437993,-0.24116501795220557,-0.5162996974004062,-0.8207922053274488,0.09387908442092041,1.1922471827845313,0.9600881112561845,-0.8892713360402683,0
0.31330724230314594,-0.30817977891024867,-1.168717627632051,1.0385308760612593,1,0,0,1,0,0,0.021834674520593164,-0.41117107574560174,-0.6559695208720935,0.2947689684743374,-0.963773691519117,-0.5440230090947841,-1.6346855182074223,-0.5000959188978913,-0.9965203654910704,-0.8288792347381622,-1.4941638919782882,-1.1015425561101146,1.1285034417944648,-1.1309254100821167,-0.7628698062967796,0.2500507804724259,-1.3785564618383153,-1.4667428810429566,-1.741654613069294,0.22497917377587734,1.1430626612586365,-0.0778288819310861,1.6135536428256025,-0.24719061826644176,0.5104972926890646,-0.22497917377587734,1.7416546130692934,-0.7595776989295921,-0.05934463450768712,2.8261632928130074,2.570275672231802,1.673450806632741,1.1722050270769362,0.5954383064766764,1.9506907657090713,2.516872340522812,1.1115021717478706,-0.02767187758659086,0.15113328768959466,0.9748215097457181,0.8038267854512828,-0.667477223982284,-0.8656330827735822,-0.8769950965056176,0.16231986177126023,0
-0.4577006284139859,-0.7204640344536393,0.27967722576327125,-0.4281154315628296,1,0,0,1,0,0,0.3499270366280375,-0.475714476443288,1.4165258687431854,-0.6513232149675694,0.40900259491060764,0.1374986582418141,1.6551210451743101,1.456273172877088,-0.17582804081363732,1.7458804314935072,1.0196597544990735,0.29510488897629494,-1.2496258671270095,0.31420341923905903,0.20186544338140278,0.10030842605650853,0.15049805250895956,-0.35690921322069036,-0.6280087910670794,1.0253393444399002,-1.9875377490706807,-1.7965562622016202,0.3411631165455381,-2.2093405354772933,-1.6740599996374526,-1.0253393444399008,0.6280087910670786,0.35452284597261524,0.26586877533487285,0.23637715102316323,0.2531992501892221,0.3079883877961804,-0.40304466324369825,-0.22015379130249568,0.06817301183707392,0.2638024885416898,-1.858388994928467,-1.6969572021918669,-0.1681792866700104,0.028283699992091807,-0.8546384343020056,-0.3819686083310823,0.2044646553166367,0.848749735028197,-1.0748462533011267,1
0.05630461873076867,0.3617821363477598,0.27967722576327125,-0.13478617003801185,1,0,0,1,0,0,-0.7605394197356201,1.7036428732407503,0.6489349837004895,-0.5298067877364988,1.9496584070845835,1.71966641351536,0.9355317083271305,-0.8565592776771831,0.09917134019375036,1.116512558844455,1.1273899063140012,-0.23332307158986657,-1.4695324134512175,0.9427996384165649,-0.04958347979227241,-0.8334097916603961,1.5372528567122852,1.186271554752355,0.7686432489180746,-1.080555857232306,-0.35884532375916683,1.1259828484048124,-0.9730670111892079,0.015977182561687144,-0.30749880902426313,1.080555857232306,-0.7686432489180752,0.6330479821981672,-0.25947596364157,-0.6551885699208807,-0.9484072958142716,-0.3747428216220998,0.29006520049738066,-0.46483142063624716,-0.8177176958673952,-0.6043528672675491,-0.05424950115312168,1.717490052682561,1.4283835851280149,0.6117659114840535,0.5838262971166633,1.6800380602609295,3.0854970270979956,2.5188253784480175,1.708777505611744,1
0.33900750466038404,0.7998341578626126,0.5693561964423357,0.5985369837740325,1,0,0,1,0,0,-0.356733435603381,-0.22684442690626339,-0.13144908275958464,-0.3313299565924168,0.2556084424433628,0.08159957135396977,0.10157924382555344,-1.9242804453461275,-0.9078204033386416,0.881761531371434,1.443831809330058,-0.5940684696474361,-1.9941986926744752,-0.3998983503429561,-0.9547604193826145,-0.46447201264471705,0.5529198975137641,0.93210078531129,-0.31054414497595056,-0.5022446364654003,-0.5408221310565428,1.6846772720284702,0.7742713243296596,-0.6429370368247649,-0.9670370670257239,0.5022446364654003,0.3105441449759499,-0.4253475354589299,-0.9349191994684248,-0.2185033188462471,-0.4186667755331612,-0.18699173903207253,0.7311351137871589,-1.0357458890816678,-1.0391903727935126,-0.046252995675895824,-0.38732140769626244,1.9451198696741894,0.6985262723060605,1.026686595211671,0.6684418695530556,-0.7626467625326843,1.8507688677631275,1.6837875567381073,0.10046155601764112,1
0.9815140635913272,-0.2566442469673251,-0.4445202009343899,-0.13478617003801185,0,1,0,0,1,0,1.5487260520206223,-0.6646929019094866,-0.8350740607153893,4.741691555478041,-3.005539345810225,-4.175674886024254,-0.012219432593212586,1.0071962386827518,-1.9778539708332536,-0.46932736356027455,-1.4174340335848628,-0.7608369381722019,0.8262597248585364,-1.058028773118679,-0.3070401422951339,-0.7906768439809264,-1.718235474817902,-1.8229013481589063,-0.7581467807413153,-0.28577009270635834,-1.0401784652525852,-1.6899945206765108,1.909238661012615,-1.0697418945548816,0.06302529634083204,0.28577009270635834,0.7581467807413146,-0.9545452942874786,-0.18442671521636386,0.36374368258659734,-0.12149526415595328,-0.7843815472730677,0.41608517572303205,0.758556726032511,1.3416409041622488,-0.10826409251941274,-0.9424412519348303,-1.5452039908641146,0.29710475025398503,1.2730457511749436,0.6853649840403343,-0.5723076854318833,0.6160407084282594,0.514734606344233,0.34789477903211874,0
1.6240206225222695,0.7740663918911503,3.176466932553916,-0.4281154315628296,1,0,0,1,0,0,-0.1295925695289965,-0.31290229450317847,-0.4128990739419065,-0.1710440025780999,-0.3206926294202451,-0.10845732406470096,2.674439974039478,-1.1600191627086756,1.0145874825183683,2.0060780584584306,1.8989488270301338,0.3592341043384934,-2.1239350636504164,2.488635853097822,-0.7371933145107152,1.3024846514130597,1.6843428218157495,1.7040043728369396,1.0713719007766844,-0.572621134230685,-1.2322582652758052,0.8536586263588416,-0.07810361395527651,-1.0399165259109806,-0.805097865454697,0.572621134230685,-1.071371900776685,3.1676267218506893,-0.3345252120667762,1.510042466657512,2.087910320431116,2.8852987033501885,-0.05648973137315825,-0.30171300108041293,-0.762349526635866,1.938102103316653,-1.1367331974183288,0.8828473903799233,0.20587258615124074,0.13201387092399572,-0.29617565622181696,0.1890486229713212,1.3568776040291806,1.127095675598167,-0.45626319576493324,0
1.0329145883058024,-0.30817977891024867,-1.168717627632051,1.0385308760612593,1,0,0,1,0,0,2.9999038074958566,-0.7309807188422456,-0.6559695208720935,0.2947689684743374,-1.9495568978653288,-0.789978991401299,-0.5985468496815389,-0.20438713510094814,-1.7863555084179081,0.6277911550030486,-0.2837093605469103,-0.4582155766633696,0.1657556545906556,0.16690357754418644,-0.5484688889596948,-0.8629571382454957,0.4612416000872998,0.14759347507884082,-0.8569681418843186,0.22497917377587734,0.9990620528452986,-0.2689163355414063,1.5748191226034847,-0.39074607354170776,0.5129323653261744,-0.22497917377587734,0.8569681418843179,0.02029268250195297,-0.6347222057676005,-0.4732363819731166,-0.8192022908676594,-0.6136987449184976,0.2270552128845555,-1.0357458890816678,-0.8177176958673952,-0.35630847989348147,0.917210226264372,-0.2553016945782196,-0.0039613912850709025,0.806259981981374,0.5838262971166633,-0.6040308649486834,-0.8656330827735822,-0.8769950965056176,0.038603250264021984,0
0.05630461873076867,0.43908543426214564,0.27967722576327125,-1.8947617391869185,1,0,0,1,0,0,-0.7605394197356201,1.7036428732407503,0.09882818275322415,-0.4233352514959417,1.651329496102748,1.6373829576164531,1.958933629557184,-0.8523211169013917,-0.9717946184682567,3.1780046641635193,2.492686709033326,1.6300909208123862,-1.7566170522650293,0.8795724027025952,-0.40187272628573084,-0.5991570145392361,1.614037381217352,1.3222387841190666,1.2994551316290601,0.9344658179137063,-1.845086516536146,0.7672502061972003,0.7263807816288114,-2.6928274352345922,-1.9497059836849024,-0.9344658179137063,-1.2994551316290608,0.7723105503109431,-0.40957446049198204,-0.11842961547497735,-0.40574627503850064,0.22264698661889537,0.5736101447550955,-0.22015379130249568,-0.762349526635866,-0.23228628620644656,-1.7473650260807534,0.19995793940503753,-1.208225957441296,-0.7107937678977266,-1.6161785862295364,-1.238494455284687,0.12214944469431245,0.6817421706862145,-1.3841377820692236,1
0.33900750466038404,0.5163887321765315,0.5693561964423357,0.3052077222492148,1,0,0,1,0,0,-0.356733435603381,-0.22684442690626339,-0.029103631420558513,-0.37357138129655093,0.3420639325512731,0.11424463809647085,0.3848338180781558,-2.035074700190376,0.4330849087824018,1.075703504019921,1.5577030873619306,-0.1422295964518979,-1.7237523498958336,-0.33474369368962614,-0.9411073687407405,-0.5088006691880222,0.5476964521599943,0.9934977176441624,-0.10705812529392912,-0.08780526073650123,-0.8695927465015394,1.8504231902702184,-1.1033371827203537,-0.910119608778547,-1.0551331509430553,0.08780526073650123,0.10705812529392841,-0.45320004908148526,-1.009968447893631,-0.6369933511261053,-0.7804407893836761,-0.5454256239766699,0.4790951633358572,-1.1173050988595852,-1.2052948804881005,-0.4803306735805153,-0.9146852597229018,1.33810702436318,-0.6882026220556532,-1.0997819088923677,-1.3284856399458025,0.030432725387320277,0.6160407084282594,0.6260729825722207,-0.9511296417938885,1
-0.3034990542705592,-0.17934094905293926,1.0038746524609323,1.0385308760612593,1,0,0,1,0,0,-0.6343500496942954,0.29357308322372977,-0.579210432367824,0.14721330683660885,0.19833084053262584,0.11200867462095708,-0.3068392187734956,0.0707476549029382,1.4097292485828348,-0.7720883320737534,0.5703991821659996,0.594093493513736,-0.48818825392823667,0.8155734070351279,-0.48674179589323074,1.7436033582879364,-0.210992008649229,0.5975110117466865,-0.06904425348519842,0.87874991804355,1.2415787417004784,-0.5847106225926713,-0.17499388640958885,0.8338254616094218,-0.15819366577738525,-0.87874991804355,0.06904425348519772,0.7166055230658329,-0.4846237089171882,-0.10933200607758836,0.795860270964994,0.6664222727407777,-0.9071245641463012,-0.709509049969999,-0.762349526635866,0.015758101167622184,0.8894542340524437,-0.7105613285614767,-0.6334633235940058,-0.62002986833231,-0.2792525417345383,-1.016432198667086,-0.7833178721512579,-0.48731077970765985,-0.76555472453303,1
0.05630461873076867,-0.6689285025107157,0.27967722576327125,0.3052077222492148,1,0,0,0,1,0,-0.7605394197356201,1.7036428732407503,-0.016310450003180245,-0.4001892653566902,1.5671797076776843,1.619495249812343,0.8943535802465302,-0.40770223425584656,-0.5811833193541467,1.0039342132568612,0.7840937627974143,0.34229477614541703,-0.6033418748732676,0.6546333444215606,-0.33098786430713667,-0.6311593090885406,1.3500878896974178,1.1647964763597378,0.9153149533513734,-0.440948977121442,-0.5895184998762483,0.22800773494258092,0.16024283045131216,-0.01752631291963386,0.11783675654162713,0.440948977121442,-0.915314953351374,0.577342954953057,-0.3345252120667762,-0.082039177885424,-0.39282577454383927,0.13730558544161034,0.6681251261743327,-0.30171300108041293,-0.7069813574043363,-0.23228628620644656,-0.47058938433204756,0.38964945356472797,0.5046579235877289,0.5145188762353932,0.47805683157117296,0.3318029307969218,0.6160407084282594,0.4312308241732417,0.47161139053935697,1
0.33900750466038404,1.0059762856343069,0.5693561964423357,-0.13478617003801185,1,0,0,1,0,0,-0.356733435603381,-0.22684442690626339,-0.822280879298011,3.917115799267204,-1.6826484790538334,-3.2016891960904545,-0.24108464981402342,0.17895156783081542,-0.5304663936493733,-1.00802937152465,-0.87743943454289,-0.6750045542693016,0.6328245926673733,-0.3054954184419069,-1.1815754720667602,-0.4413943480174993,0.4357860965101896,0.9827639582490564,0.05712944868845589,-0.9772859963810728,0.029986651653041756,-1.4292930123582004,0.28160657899913544,1.7939006818548535,2.1001919640952535,0.9772859963810728,-0.057129448688456604,-0.45320004908148526,-1.2351161931692491,-0.7552622732921518,-0.8450432918569822,-0.6478353053894121,0.3845801819166189,-1.1173050988595852,-1.2606630497196296,-0.6663639641110671,-0.3318094232724056,-1.5452039908641146,-1.3906902856467844,-1.060883094792903,-0.39771434314548676,-0.635754044465484,-1.6887851889968277,-2.1017172350134863,-0.9511296417938885,0
0.9558138012340891,0.5163887321765315,-0.8790386569529866,0.3052077222492148,1,0,0,1,0,0,0.059691485532990585,-0.41465990821574694,-0.016310450003180245,-0.3880376226335831,-0.05937075466830249,-0.019018785044150034,0.09250308052582577,-2.447108780430355,0.4042967079629238,-0.25224373859250143,-0.41632762744240476,-0.6969315831571503,-0.22592896834742374,-0.8120699103910913,-1.4738478344121637,-0.26867364161916035,-1.1224364708944177,-1.6035609995176001,-0.8698698195890981,-0.08780526073650123,-0.9400384713807031,1.8822651926826506,-0.8226782428452419,-0.7722237733553408,-1.0243189024831192,0.08780526073650123,0.8698698195890975,-0.7038726716844818,-1.3101654415944555,0.427426948368315,0.21443774870523882,-0.2552648599739003,-0.2140147004052217,0.5138790966987595,1.1201682272361313,0.139780294854656,-0.9979532363586869,1.2622304186993043,-0.8706669502611417,-1.112748180258855,-1.2946394109712458,-0.3819686083310823,0.6160407084282594,0.6260729825722207,-1.0748462533011267,0
0.31330724230314594,-0.6431607365392533,-1.168717627632051,0.3052077222492148,1,0,0,0,1,0,0.03445361152472564,-0.41117107574560174,-0.3745195296897717,-0.19708323698475788,-0.40397569335215144,-0.16390921825744253,-0.7475712425660249,-0.9468283698956441,0.4023740415828938,-0.9101584853912978,-0.4907026393921429,-1.0545217397244935,-0.07408731271693149,-1.1812231890942047,-0.764172712454996,0.5287091392127237,-1.660616593120716,-1.598997915166458,-1.610147164649905,0.15868247298249136,-0.1407482819247956,0.5340202040657447,-0.01875709806022206,-0.41707359223684526,-0.9231727806239005,-0.15868247298249136,1.6101471646499044,-0.8789456144548287,-0.18442671521636386,2.291137216347556,2.296484114130647,1.2833186869651523,0.654622985971585,0.7119514633022728,1.9902394580173064,2.00011320016017,0.08453045990652028,0.8828473903799233,0.9813459810245673,0.8192262533478623,0.5838262971166633,0.030432725387320277,1.0276167615398821,1.2384340518261547,0.5334696962929761,0
1.135715637734753,-0.23087648099586283,-2.617112481027373,-0.8681093238500562,1,0,0,1,0,0,0.021834674520593164,-0.40768224327545655,0.35469181110078946,-0.47367777134881384,0.20880762121095084,0.05253204617229071,-0.06492338227822794,-0.11392836946722296,0.13382827881036385,0.34161090059932314,0.11324363991377306,0.8570268902588446,0.7933449934862656,-1.470040070102406,0.1425877139865826,-0.2218088179133402,-1.4761663741666882,-1.836981667887548,-0.4863880375980577,1.6512761951523172,-1.3785691736242938,0.299211504230858,-0.40584421124969977,-1.925235595569017,-1.9406773373265194,-1.6512761951523172,0.48638803759805704,-1.4280380258709164,-0.10937746679115769,-0.6915790075104341,-0.6899972859210471,-1.176951992688579,-0.9386295579527137,0.9216751455883455,1.3416409041622488,-1.0384305451721696,-1.3865371273256843,-0.17942508891434333,-1.244718823082393,-1.2294446225572482,-1.7684866166150421,-1.016432198667086,-0.5363722402842841,0.29205785388825667,-1.2604211705619852,1
0.44180855408933456,0.49062096620506923,-1.168717627632051,-0.13478617003801185,1,0,0,1,0,0,-0.3062576875868511,-0.25882539121592774,1.9282531254383162,-0.6808343472951152,1.0727675960610736,0.32710836096538204,-0.46397766938179086,0.042495798979878846,0.6151089773051082,-0.3199344500700809,0.11500404369261498,1.0933131102832732,0.8215634405329592,-0.2869787021417705,-0.25566735781459315,-0.6212661339991653,-0.16406166682750242,-0.15240902781733487,0.9068055190224368,0.5917900106131198,0.358426505931003,-0.3144487642864039,-1.4651871282404048,0.26953006116001854,-0.29830864088777137,-0.5917900106131198,-0.9068055190224374,-0.45320004908148526,-0.4846237089171882,-0.8280431484712572,-0.9871687972982559,-0.9892009100985523,-0.11949971898598452,0.9216751455883455,0.5111183656893089,-1.1004416420156866,0.15392044043634126,-0.463962360153879,-0.5787240251323598,-1.1873042406161616,-1.0238695791747903,0.371456905192922,-0.3100054110728917,-0.05587457182420596,-0.3789403135729091,1
1.0072143259485644,0.4133176682906843,0.27967722576327125,-0.13478617003801185,1,0,0,0,1,0,-0.1295925695289965,-0.3373241217941949,0.16279408984011548,-0.4302790473377172,0.22349099186228139,0.07310291014701742,0.21093214074348055,-0.9853898497769412,1.4389395704244483,0.7228889847321278,0.836542937801657,0.8119860948931078,-0.5372132370595362,-0.774199363962209,-0.665397411378702,0.7215423524730037,-0.5434373228755035,-0.22156172186934808,0.39961991949913633,0.7111140177770428,-1.066877158719623,0.6858979736381299,-1.2419981185750109,-1.5154395283229516,-1.3038586875550848,-0.7111140177770428,-0.39961991949913706,-0.7874302125521474,-0.7097714541928067,-0.3640650692044592,0.046471242274642305,-0.1699234587966153,-0.6865896075014126,0.35076067714292497,0.17890935030013266,-0.5423417704240322,-1.0812212129944723,0.35171115073279,-0.6882026220556532,-1.164613265724808,-1.5823323572549794,0.28421816152172197,0.28677986593896093,0.7374113588002092,-0.7036964187794109,0
0.6217103905899984,0.4133176682906843,-0.4445202009343899,0.3052077222492148,1,0,0,0,1,0,-0.09173575851659908,-0.3512794516747757,-0.5536240695330674,0.08645509322107353,-0.6034094926757964,-0.3369727912622086,-0.16022042203651057,0.2687598635267931,-0.887547441652144,-0.4076567281484853,-0.6823187061040186,1.0624454899359639,1.5628000742703165,-0.6290151911828754,1.090219089920892,0.4099533038068791,-1.1410709486278683,-1.3891469076395198,-0.8293216896597884,2.2715600858008265,-0.4057141705307212,0.7232762041664419,1.6252706203337943,-0.5807484800125895,-0.46918384465108176,-2.2715600858008274,0.8293216896597884,-0.7874302125521474,0.491016520610491,-1.11916664918768,-0.7675202888890147,-1.1257471519822078,-1.5057194464681423,0.2692014673650073,0.7879592118469556,-1.2864749325462383,-0.6093693453916895,0.19995793940503753,-1.1261170097488256,-0.24400799870415715,-0.44848368660732285,-2.0315739432046915,-1.4418395571298541,-0.6543183440496418,-0.6418381130257917,0
-0.7661037767008384,0.5163887321765315,-0.4445202009343899,0.3052077222492148,0,1,0,1,0,0,0.26159447759911014,-0.45478148162241677,-0.016310450003180245,-0.3880376226335831,-0.19315126387149747,-0.0498750810062401,-0.09913213362225373,-0.9258339811242121,0.21969818507885713,-0.050779519435935845,-0.040352691894778955,-0.536866767449202,-0.6380548750897046,-1.0754871491613969,0.3940493501573999,-0.01479896848522969,-1.0631361996264483,-1.265035235561527,-0.8414861286385814,0.10235345797273021,-0.9367684424180912,1.6654861831623926,-0.31520631505614016,-0.9855878021550053,-1.1826002126207635,-0.10235345797273021,0.8414861286385807,-1.0659553487776992,0.19081952690966666,-0.45504116317834126,-0.39282577454383927,-0.767313267037611,-0.7180946013078251,-0.13859458152457876,0.2896456887631914,-0.8523972546416179,-0.9701972441467586,1.1863538130354276,-0.6790794056453779,-0.723760039264214,-1.0238695791747903,-0.635754044465484,0.8629863402952329,1.0157572993701793,-0.8892713360402683,0
-0.6376024649146498,1.1348151154916164,0.27967722576327125,-2.6280848929989626,0,1,0,1,0,0,-0.356733435603381,-0.20067818338017435,0.009275912831576286,-0.40308251362409664,0.37176568443070757,0.1571751368263353,0.999411109221405,0.2757658570800379,-0.3841811794192582,0.7902133403400362,0.9185956712483244,0.2362804172177294,-1.2128128483260239,-0.10366005092121974,0.25023252116504185,-0.2083135760059149,-0.3105674709829339,-0.4748785693886024,-0.1934532884955867,0.5141229242844115,-1.4932813772275915,-0.12781984669860957,0.3158534882105627,-1.3754806304499245,-1.6578458571263717,-0.5141229242844115,0.19345328849558602,0.02029268250195297,0.41596727218528484,0.527500651739586,0.33072225315718967,0.18851042614798086,0.3215701943037938,0.2692014673650073,0.40038202722625016,0.2638024885416898,-1.46980510396147,-0.482931511569848,-1.1534866589796486,-0.840456481562607,-1.2607931819966884,-1.5557262504526888,0.5337254978059351,0.9044189231421907,-1.3222794763156045,0
-0.9974061379159777,1.4955638390920825,1.4383931084795292,0.5985369837740325,1,0,0,1,0,0,0.3246891626197725,-0.4716441718947853,-0.4896581624461761,-0.07556680975368728,-0.7712761802036866,-0.30432772451970747,1.2697722368378395,-0.5587147185241521,-0.6602030684225365,1.0468075683304905,0.5981195948005925,0.5798287035983938,-0.3124264060730548,0.24301716962529876,-0.4104261007547159,-1.500262885537697,0.5359372672995297,-0.31568461041351703,-0.7046860443852642,1.4897162350650546,-1.5228293125008194,0.3556976274087341,-0.6050998036969462,-0.8827432702875418,-1.0857893457700425,-1.4897162350650546,0.7046860443852634,-0.03541234474315745,-0.6347222057676005,-0.9099216330477515,-1.4523068151060594,-1.2110885531594928,-0.024984737566746233,-0.709509049969999,-0.4855086804782194,-0.9144083514851348,-1.46980510396147,0.04820472807728505,-0.7520651369275744,-0.9182541097615345,-1.159254495073018,-0.44541496736468245,-0.7010026615289333,-0.04195727479570725,-0.76555472453303,1
0.44180855408933456,-1.776942439283576,-1.168717627632051,-0.4281154315628296,1,0,0,1,0,0,-0.3062576875868511,-0.25882539121592774,0.21396681550962854,-0.43664419352601136,0.44498297934688336,0.1383930436320196,0.36667534255063483,-1.2474711939819154,0.22522226284289337,1.2968988603108393,1.2829490845670077,1.5834917742173276,0.00503760231776214,0.07245795515806919,-0.39249118616346323,-0.8548327289167384,-0.2146656166196179,-0.13102867848940877,0.8489203546367114,1.3177450462494995,-0.43747185463627464,1.3190043089190653,-1.166910831103923,-1.9648854421581705,-1.7958206454883938,-1.3177450462494995,-0.8489203546367121,-0.11896988561082296,-0.5596729573423944,-0.6915790075104341,-0.9871687972982559,-1.0062691903340089,0.2270552128845555,1.0032343553662626,0.6218547041523672,-0.790386157798101,-0.5816133531797613,0.8069707847160468,-0.8524205174405927,-1.2553771652902237,-1.8023328455895995,-0.0647368131630805,-0.20711139779498602,0.514734606344233,-0.9511296417938885,1
0.4161082917320974,0.8256019238340739,-0.15484123025532542,-1.6014324776621007,0,1,0,1,0,0,0.17326191857018283,-0.4350114309582606,-0.7966945164632545,2.0393976737204222,-1.8364317992282138,-1.9106438853288021,-0.12854618743633248,0.08286640970928995,-0.2955039487716755,-1.0577526451989625,-1.484212193378993,-0.13366452512506852,1.6636852065516905,-1.1509145709371604,0.46614582713618974,-1.1389789200444216,-1.536585012663332,-1.2451932230614344,-0.8144870079783317,0.625495827724652,-0.9712336756762961,0.35323790867775096,-0.7406001745245693,-0.09469581229637845,0.713859716992915,-0.625495827724652,0.814487007978331,-1.1495128896453646,0.19081952690966666,-0.6187981323313287,-1.0646918002662225,-1.5183175973977192,0.3530751881102058,0.18764225758709038,0.6772228733838963,-0.6043528672675491,-1.1367331974183288,-0.3311783002420958,-1.7647421584680356,-1.7869942913162333,-1.7007941586659285,-0.15990635171348128,-1.6064699783745033,-1.6006945419875402,-1.3222794763156045,0
0.4161082917320974,0.5163887321765315,0.27967722576327125,0.3052077222492148,0,1,0,1,0,0,-0.5333985536612357,0.08424313501501743,-0.016310450003180245,-0.3880376226335831,0.6546137962476455,0.36467254735401344,0.3883889793584755,-0.0826565726586977,1.4521697184241302,-0.14588204168447733,0.10903669414106462,-1.2017851131177604,-0.7437023822879661,-0.41177215101588877,1.0801845518248028,1.7052416434839148,-1.0932219954938511,-0.7466542413771885,-1.8495649588489131,0.1952844489803987,-0.9515022117658188,1.1955539113391567,-0.27156125423516514,-0.8869429902768344,-0.8707155848093768,-0.1952844489803987,1.8495649588489116,-0.6760201580619267,0.340918023760079,-1.4284853686988783,-0.4961897785011287,-0.8697229484503528,-2.1043143287899837,-1.1173050988595852,-0.4301405112466897,-1.0384305451721696,-0.9979532363586869,0.7310941790521709,-0.7976812189789466,-0.8015576674631424,-1.057715808149347,-0.5405845059150832,0.36909507656128593,0.514734606344233,-0.8892713360402683,1
1.135715637734753,-1.0039094601397194,-2.617112481027373,1.478524768348486,1,0,0,1,0,0,0.021834674520593164,-0.40768224327545655,0.31631226684865466,-0.4667339755070384,0.1876846167205568,0.047165733831057655,-1.4758608671904792,0.2029648172268713,1.2091394655166035,-1.378259929940866,-0.7052946561813898,0.12571222341614946,1.142250633467223,-1.591565566429521,-0.1545147839876065,0.27273046499063214,-1.2659255487569883,-1.1238754444811383,-0.4125770209418648,0.5806453452778549,0.46194690113397074,-0.4333650999078936,-1.3788663404832602,0.6066701432723519,-0.18032803140787373,-0.5806453452778549,0.4125770209418641,-1.5394480803611372,-0.40957446049198204,-0.8553359766634215,-0.5995537824584191,-1.0233374705694662,-0.9386295579527137,0.35076067714292497,0.6218547041523672,-1.1004416420156866,0.25106641317809053,-0.5588081172337243,-0.5513543759015367,-1.1257144516253432,-0.8546384343020056,0.2207718024881207,-0.6186874509066087,-0.4316415915936655,-0.5799798072721716,1
1.135715637734753,0.8256019238340739,-2.617112481027373,-1.6014324776621007,1,0,0,1,0,0,0.021834674520593164,-0.40768224327545655,-0.7966945164632545,2.0393976737204222,-1.7294493002862446,-1.8896258286589727,-0.4565202974510184,-0.6192757436623323,0.8242881827643336,-0.4955740176323584,-0.8094045099476108,0.25255862023172077,1.016483868335741,-1.695510552205301,-0.34221825028335257,0.6186815293955716,-1.1359347847528234,-0.7474527639889734,-0.6711839829354725,1.0101319379600069,-1.0593315796302285,0.5071486622705903,-0.5051142880331168,-0.4568849616922593,0.3225233601394586,-1.0101319379600069,0.6711839829354719,-1.5951531076062477,-0.3345252120667762,-0.04564874029587195,0.279040251178545,-0.20406001926752979,-0.43454965705011084,-0.05703537174666111,0.2896456887631914,-0.4803306735805153,-1.1644891896302574,-0.1035484832504671,-1.4636760169289798,-1.4498712357875443,-1.4977167848185873,-0.15990635171348128,-1.3595243465075295,-1.1553410370755877,-0.9511296417938885,0
0.8016122270906633,0.1298722426046032,0.5693561964423357,-0.4281154315628296,1,0,0,1,0,0,-0.10435469552073157,-0.347209147126273,-0.4001058925245282,-0.19418998871735144,-0.32524819886428114,-0.1169539852716533,-0.9350671782946831,1.4719620886825486,0.835512891336842,-0.686007053269589,-0.6657539152209312,0.18003015423591756,1.1816826295582132,-0.4496189378632221,2.0816568255922796,0.4542216095524424,-1.023190483134573,-1.4949375658090127,0.3506288912831737,-0.1022098070627286,0.8509797284630938,0.06504394922562151,-0.6857251996698372,-0.0878268967222407,-0.5940028712973666,0.1022098070627286,-0.3506288912831744,-0.48105256270404034,1.7668537438389946,-0.2730889752305771,-0.0052107597040024186,-0.40887938209301433,-1.222174502210428,1.7372672433675176,1.6738499195514247,-0.9144083514851348,0.6118943119331598,-0.1035484832504671,-0.47836864461934153,-0.7367263106307022,-0.7192535184037778,-0.2550758902638815,0.36909507656128593,0.3477270420022505,-0.8274130302866491,1
0.004904094016293398,0.6452275620338409,-0.4445202009343899,-0.13478617003801185,1,0,0,1,0,0,-0.29363875058271866,-0.27045483278307847,-0.3361399854376369,-0.23874601203541065,-0.04265243307177745,-0.02349071199517758,0.10420006712964576,-0.4622998849892932,-1.0334231063111399,0.8624296883720808,0.6451391959967568,-0.340538209188558,-1.3358664426230358,0.20865125269512677,0.1294442818066892,-1.4824928827967647,0.75445886370151,0.30563905096055066,-0.07652239220166908,-0.38855952469070976,0.06358914337560337,0.7641955403889663,-0.07703836993583882,-0.4169783751710385,-0.5403155056617052,0.38855952469070976,0.07652239220166766,0.18740776423728422,0.11577027848446049,-1.6069330893092284e-4,-0.7675202888890147,-0.4600842227993849,1.140700033270523,-0.46483142063624716,-0.4855086804782194,-0.23228628620644656,-0.3040534310604773,0.12408133374116129,-1.3815670692365094,-1.2035120798242718,-1.2607931819966884,-1.1116017372174867,0.6160407084282594,0.45906541823023866,-1.3841377820692236,1
-0.2006980048416086,-0.6173929705677911,0.5693561964423357,0.3052077222492148,1,0,0,1,0,0,-0.48292280564470574,-0.04077336183185243,0.38027817393554597,-0.47599236996273897,0.8066136497189317,0.3364994075625399,0.08562831032272639,-0.6846450154127307,-0.0830191277140271,0.2050773829667916,0.5847112420555615,-1.2145715323601338,-1.0371492103163966,-0.37832864435096397,-0.9184234384476964,0.2857097363288958,-0.06061465442060989,0.28910394246755067,-1.4375436385994584,-0.23079243079930178,-0.4970897736529825,0.01964033082311718,0.40060066001092615,-0.3371507676266023,-0.4778995211664879,0.2307924307993025,1.4375436385994576,-0.5089050763265954,-1.009968447893631,-0.7279694450999874,-0.4832692780064673,-0.47715250303484213,-0.4660546508565234,-1.3619827281933365,-0.983822203561983,-0.4183195767369984,-0.5816133531797613,-0.17942508891434333,-0.5878472415426337,-0.30883935553659736,-0.4146374576327655,-0.9529858396334858,0.12214944469431245,0.013711913318286572,-0.9511296417938885,0
-0.4577006284139859,0.5679242641194551,0.5693561964423357,-1.161438585374874,1,0,0,1,0,0,-0.1800683175455264,-0.304761685406173,-0.42569225535928473,-0.15368451297366123,-0.2909908775408106,-0.11561240718634504,1.1492712383308374,0.5913844101148011,-1.7222404901684791,1.1738244912865565,0.7335088752547744,-0.6265915462829886,-1.220875049089857,0.3902429660705808,0.3874437960529219,-0.1714942375003038,0.2405699158976092,-0.1583461850288071,-1.2315329784747313,0.36682327779893126,-1.208163459657809,-0.42356097272188004,2.1820252756116725,-1.3472161483343073,-1.1081916922326007,-0.36682327779893126,1.2315329784747306,0.4659329004628361,0.491016520610491,0.36374368258659734,0.21443774870523882,0.3079883877961804,0.06953024385249205,-0.8726274695258333,-0.4301405112466897,0.2638024885416898,-1.1367331974183288,-0.4070549059059717,-0.031331040515893936,1.0915179520441112,0.39767203775660004,-1.9046812251374914,0.6160407084282594,0.9044189231421907,-0.2706882785040748,0
-0.3034990542705592,-0.1535731830814779,0.27967722576327125,-0.8681093238500562,1,0,0,1,0,0,0.009215737516460692,-0.4041934108053113,-0.2977604411855021,-0.2780941884721383,-0.28810748634527944,-0.09593592860182383,1.0280538687564371,-1.0090346580024505,0.7389321523749688,-0.03184097893669528,0.4724192971393257,-0.7109898494702888,-0.5903708487945166,-0.19643774505911596,-1.130837798174333,0.766128531645683,-0.9303927411400176,-0.3268145497722739,-1.3475953222069719,0.36682327779893126,-1.6258122104194903,0.25208325302137474,-0.24025971752023761,-0.8795464074106961,-0.9332390220339382,-0.36682327779893126,1.3475953222069719,-0.23037994010104354,-1.0850176963188372,-0.17301527185930607,0.24027874969456073,-0.15285517856115927,-0.40304466324369825,-0.5463906304141645,0.06817301183707392,0.015758101167622184,-1.497561096173398,0.4275877563966659,0.5434315933313949,0.3265079414213163,-0.0592520533999176,0.31594134103852145,0.6160407084282594,0.9044189231421907,0.10046155601764112,1
-0.48340089077122306,1.830544796721088,-1.168717627632051,-1.8947617391869185,1,0,0,1,0,0,-0.25578193957032125,-0.28499163474201683,0.39307135535292426,-0.47599236996273897,0.4865722071172588,0.14867847561938297,-0.014265931925694584,-0.8461844977733556,-0.0014622009472683706,-0.9649470746861181,-0.8465936777379073,-0.028113345055226526,1.0459657685714312,-1.1444288533750422,1.573257221711652,-0.040605368713632524,-1.758470280125773,-1.8898834235085513,-1.6683748601849968,1.6163306238481758,-1.1236627002845172,2.737469326886609,-0.038805601911431856,-0.4400877837492623,-0.7444900832932393,-1.6163306238481758,1.6683748601849953,-1.1216603760228097,1.2415090048625523,-0.4095531161914002,-0.3669847735545164,-1.0062691903340089,-0.7495995951142377,-0.22015379130249568,0.7325910426154264,-0.728375060954584,-1.1644891896302574,1.8692432640103136,-1.0166384128255321,-0.8793552956620708,-0.9731002357129547,-1.0481553781838862,-1.1948939252628807,-0.6543183440496418,-1.0129879475475077,1
1.2642169495209417,1.7017059668637786,-0.15484123025532542,-0.13478617003801185,1,0,0,1,0,0,-0.0412600105000692,-0.3751198068874346,-0.46407179961141953,-0.09871279589293881,-0.47811559130295594,-0.21220602932854002,0.5836239671527897,-0.7713900094140616,-0.5184507704768478,0.788597585438003,0.43132772815163073,0.7184250011962591,-0.11501450087542207,0.3376664628931359,-0.9369404293716923,-0.9789511538110174,1.0242394537314445,0.5502390624972426,0.1590389773671773,0.8221130942085976,-0.47415098218830043,0.1201506423902737,-0.2750119284452309,-0.04972615236037868,-0.023545822103787962,-0.8221130942085976,-0.15903897736717798,0.32667033235006016,-0.8598699510432187,0.06352257247278678,-0.4574282770171454,-0.05044549714841698,0.7626401075935709,-0.22015379130249568,-0.319404172783631,0.3258135853852078,-0.6926373220274746,-0.3311783002420958,-1.281211688723491,-1.2035120798242718,-1.1423313805857394,-0.6992004034990842,-1.0302635040182315,-0.8213259083916238,-1.136704559054746,0
-1.691313221561397,1.0059762856343069,-0.4445202009343899,-0.13478617003801185,1,0,0,0,1,0,2.3311001462768357,-0.7059774194728716,0.12441454558798068,-0.4250712004563856,-0.7891515451524338,-0.2144419928040538,1.2667895835570568,-0.7260147144387584,-1.3872029506433285,1.0794742536903064,0.5916997142791296,-0.1289572545437513,-0.06743316497557461,0.6758882571909534,-1.5053653692486426,-0.33259378443530774,0.1028925030903337,0.379262641242955,-0.8569681418843186,0.6740482547543618,-1.086162170176904,-0.5115640004422537,1.5621282269681778,-1.356273630103174,-0.3989624559369499,-0.674048254754361,0.8569681418843179,-0.06326485836571254,-1.685411683720486,-2.056220417118665,-1.865762830935219,-1.7402052404586603,-1.033144539371952,-1.0357458890816678,-0.8177176958673952,-1.720552610450858,-1.053465220782544,-0.5588081172337243,-0.2959043164138529,0.5210020119186368,-0.093098282374475,-0.857816301083085,-0.28942660841731066,0.013711913318286572,-0.20882997275045564,0
-0.12359721776989524,0.7482986259196881,1.0038746524609323,-0.4281154315628296,1,0,0,1,0,0,-0.06649788450833415,-0.36349036532028395,0.7512804350395157,-0.5448516787270123,0.4662195680248522,0.14152339249773888,-0.46320484972634696,0.015282009090181336,0.2707783383926544,-0.23142094938023414,-0.017965494862204456,0.42230618074805076,0.39296871458787425,-0.14984505209544757,0.2433056201693631,-0.2561937449905809,-0.3203145094881494,-0.5361154682240524,0.06048449490010199,0.5159874767715705,0.494374208717367,0.22276319206822595,-0.627613066195746,-0.004983611919007044,-0.5000563851134867,-0.5159874767715705,-0.0604844949001027,-0.3139374809687093,-0.03432821836595151,-0.7188718357025985,-0.7287587874050313,-0.801449827508525,-0.5605696322757617,0.5954383064766764,0.6218547041523672,-0.728375060954584,0.44535835866158957,0.19995793940503753,-0.013084607695344815,-0.3347718982695729,-0.3130987707090945,0.062155904904119784,0.2044646553166367,0.514734606344233,-0.08511336124321738,0
-0.8432045637725518,0.7998341578626126,1.7280720791585935,0.5985369837740325,1,0,0,1,0,0,-0.6974447347149578,0.5290692749585311,-0.11865590134220637,-0.3429029496620426,1.0831172225652648,0.6718939288896059,0.6771775671347225,-1.7856929216859971,0.21899510684231874,0.48774381586141335,1.3461818497272633,0.1531168825982829,-2.1711403735390054,0.5125705941167319,-0.8332452801973153,0.47525848207952753,0.1028925030903337,0.8401453228400865,1.116988546947158,-0.8989824755158523,-0.42947739322420697,1.6161927454021079,0.17821529330368377,-0.5568839838608153,-0.9298639484657172,0.8989824755158523,-1.1169885469471588,0.35452284597261524,-0.8598699510432187,-0.3731626786018469,-0.08273376267196997,-0.03337721691295973,0.006520256239666901,-0.6279498401920818,-1.0945585420250417,-0.4183195767369984,-0.47058938433204756,1.33810702436318,-0.31415074923440073,-0.17917664187171697,-0.38079122865820925,-0.857816301083085,1.6038232358961542,1.1827648637121608,-1.0129879475475077,1
-0.6119022025574117,0.0010334127472937634,0.27967722576327125,-0.4281154315628296,1,0,0,1,0,0,0.3877838476404349,-0.4809477251485058,-0.31055362260288033,-0.2665211954025125,-0.5468155946950852,-0.16390921825744253,-0.760380958666189,-0.32851563877853884,1.5059020628039967,-0.8389655057964676,-0.7058874283413359,0.3893386335338831,0.7561729447019352,-0.4670061148465915,0.08980782247518325,0.3320168930443756,-0.15077813000707097,-0.38969018933850047,0.74955583532744,-0.21238889143210804,0.5907012253606732,0.5408655290758909,-1.7249736099482988,0.9838792600798173,0.5372316055135427,0.21238889143210804,-0.7495558353274407,-0.5089050763265954,-0.03432821836595151,-0.3367722410122935,-0.12149526415595328,-0.1699234587966153,-0.7811045889206503,0.5138790966987595,0.17890935030013266,-0.790386157798101,0.41760236644966076,0.35171115073279,-0.378013264106322,-1.164613265724808,-0.7700228618656133,1.109020828958526,-0.4540570296619595,-0.5986491559356475,-0.5181215015185524,0
0.9044132765196139,0.9802085196628456,-0.15484123025532542,0.3052077222492148,1,0,0,0,1,0,-0.21792512855792381,-0.2937137159173798,-0.6175899766199587,0.2050782721847377,-0.6349394580260475,-0.38437521694310056,-0.5225514005508279,-1.0078895244752157,1.561297463006287,-0.5684318786318168,-0.5500405201809121,0.37952344085317324,0.8017346246288123,0.3663609821499089,0.42997991477388586,0.6509128857852504,0.17222199201617358,-0.0778873215532911,1.1015997988414552,-0.5749285603869245,1.0926840194418237,1.8141044424281219,-1.4802412592894412,0.9386871750693878,0.6390378050406532,0.5749285603869245,-1.1015997988414559,0.4102278732177254,0.491016520610491,0.2545723698179399,0.5632912620610914,0.615217432034406,-0.655084613695,1.247911984700014,0.7325910426154264,0.07776919801113909,0.9727222106882286,1.6416134470186852,-0.08607033897753999,-0.8274902101961188,-0.44848368660732285,1.267636726542527,-0.20711139779498602,-0.48731077970765985,-0.2706882785040748,1
-0.3034990542705592,-0.5400896726534062,0.27967722576327125,1.478524768348486,1,0,0,1,0,0,0.009215737516460692,-0.4041934108053113,0.06044863850108935,-0.41118360877283466,0.03607853437695611,0.006918391271809734,0.428861853341297,-2.0031415683638567,0.5649924910342136,-0.26856673969567396,0.39511057930604065,-0.09405722973499418,-0.04871975354696196,-0.22338964635658262,-1.2214287444767207,0.39431704975342424,-1.16833876891175,-0.4799855636304995,-1.1014209826064827,0.9640930772469049,-0.8195511492456906,1.5257741642012668,-0.3761130553933779,-0.7956883849002593,-0.9822755852953661,-0.9640930772469049,1.101420982606482,-0.3417899945912644,-1.2351161931692491,-0.5642124759469986,-0.28946177058654887,-0.71610842633123994,-0.34003467563087314,-0.22015379130249568,0.34501385799472056,-0.23228628620644656,-0.859173275299045,1.1104772073715516,-0.5969704579529088,-0.6848612251647502,-0.9223308922511192,-0.4771381468814831,-0.28942660841731066,0.18071947766026855,-0.6418381130257917,1
-0.25209852955608386,-0.4885541407104817,-0.15484123025532542,-1.161438585374874,1,0,0,1,0,0,-0.6091121756860305,0.20925963186188729,-0.2721740783507456,-0.28098743673954474,0.6063414942485379,0.3780883282070961,0.7602040505954502,-0.9068796975051755,0.20857273748965038,1.9568530487274685,2.0152283420399257,-0.07918084743149396,-1.9507862110901493,-0.0760866654091346,0.17849295995110828,0.4147354485101953,1.1258616571187308,1.0011910489188542,-1.4375436385994584,1.3177450462494995,-1.1331071373463764,1.4235311743286625,0.1316432094421491,-1.5271970763866762,-1.6424273491609465,-1.3177450462494995,1.4375436385994576,-0.3696425082138195,-0.25947596364157,-1.2101427431615621,-0.8450432918569822,-0.40887938209301433,-1.0961545269847772,-2.0144564064166746,-1.8697129112664523,-0.9764194483286528,-1.1089772052064004,1.1104772073715516,-0.42362934615769415,-0.2958730841701091,-0.8546384343020056,-0.857816301083085,-0.20711139779498602,0.514734606344233,-0.76555472453303,1
0.05630461873076867,0.7482986259196881,2.8867879618748513,-0.4281154315628296,1,0,0,1,0,0,-0.6217311126901629,0.22961115460440099,0.7512804350395157,-0.5448516787270123,1.3072743033964538,0.5976599415025485,1.040022921265265,-0.5369515575335309,1.8912685618421812,0.7998865645769978,1.7129834033427096,1.5851070663196711,-1.8404376530099147,1.9178639404148126,-0.5746626804988418,1.9438727349917428,1.0764996231841435,1.8323578919619017,2.1388014211658057,0.04065977486679812,0.4701298627766342,0.16129840575872675,-0.6320228496153368,-0.013156545427962693,-0.4380214773848654,-0.04065977486679812,-2.1388014211658066,2.6105764493995856,-0.10937746679115769,1.6828970452078873,2.6564123421962105,3.1413229068820434,0.038025250046078915,-0.30171300108041293,-1.0945585420250417,1.876091006473136,0.4731143508735179,0.19995793940503753,0.15113328768959466,-0.2051091846046925,-0.194636969298146,0.2524949820049213,0.6983559190505837,0.793080546914203,-0.023255055489598248,0
0.5703098658755232,0.9029052217484598,-1.168717627632051,-0.13478617003801185,1,0,0,1,0,0,-0.40720918361991093,-0.15706777750335926,-0.23379453409861076,-0.2896671815417641,0.22927384449093155,0.10306482071890198,-1.1989841889545745,-0.2749272800516195,0.836985697088884,-0.8338245657909082,-0.7883494884098541,-1.8131671827672222,-0.037044757719885246,-1.3010746035055822,0.12129962871179577,2.0123305504582527,-1.0568733609293173,-1.1375058162290388,-1.1887255685786846,-1.2939802363248551,0.3671982875242793,0.4988616251280821,0.8780106476847461,0.07846566126220832,-0.08566008689555368,1.2939802363248551,1.188725568578684,-1.2609229441355856,-0.03432821836595151,-0.4186507255887879,0.6278937645343975,0.13730558544161034,-2.1988293102092213,-0.22015379130249568,0.40038202722625016,-0.35630847989348147,0.3620903820258042,0.5034643620605421,0.10551720563822252,0.5469345546516133,0.549980068142106,-0.8895394805998851,1.1922471827845313,0.5704037944582268,-0.1469716669968365,0
-0.3034990542705592,-0.2566442469673251,0.27967722576327125,-0.13478617003801185,1,0,0,1,0,0,0.009215737516460692,-0.4041934108053113,-0.630383158037337,0.2108647687195506,-0.8764873770530827,-0.47381375596365155,0.0831771395788406,-0.803853562399216,-0.2078492680934825,-1.507610536709507,-1.042117496342536,0.07001023473864869,1.2710927030020833,-0.023910454978881803,-1.2123904909666927,0.2781558883788062,-0.5914360919859867,0.1317771041922611,-0.9140739284464625,1.002053003267564,-0.1395508822270567,-0.11123193724630494,0.5636567550445779,1.4502266675032698,1.4834584778667654,-1.002053003267564,0.9140739284464617,-0.28608496734615396,-1.3101654415944555,-1.0372881646111858,-0.7545997883943533,-0.9209277891567239,-0.4660546508565234,-0.7910682597479163,-0.4855086804782194,-0.728375060954584,-0.47058938433204756,-0.5588081172337243,-1.4363063676981567,-0.9830854665939747,-0.4315605721200442,-1.175048096251087,-2.1003612421084505,-2.1017172350134863,-1.0748462533011267,1
1.0072143259485644,0.7482986259196881,-0.15484123025532542,-0.4281154315628296,0,1,0,1,0,0,0.13540510755778543,-0.4297781822530428,0.7512804350395157,-0.5448516787270123,0.31288604435409906,0.09054342525602485,-1.0366141263230888,-0.31206452055886924,1.7269182507046017,-0.9957512296855742,-0.11667282975793555,-0.328968360508371,-0.20765656515988648,-1.026819655850186,-0.48409916618090093,2.014655394567826,-1.5184614994988774,-0.752702457199142,-0.5252107151899512,0.07222398482797085,0.41545107515942176,-0.05664156955575996,-0.3362207219019545,-0.16048475923978445,-0.5831870549594098,-0.07222398482797085,0.52521071518995055,-0.9823978079100336,-0.4846237089171882,-0.11842961547497735,0.9250652759116064,0.18851042614798086,-1.3166894836296663,0.10608304780917345,0.40038202722625016,-0.29429738304996345,0.4731143508735179,0.04820472807728505,0.32447439948480933,0.09311505682453199,0.025363519036474696,0.062155904904119784,0.7806711296729086,0.9044189231421907,0.10046155601764112,1
0.9044132765196139,0.0010334127472937634,-0.15484123025532542,-0.4281154315628296,1,0,0,1,0,0,-0.21792512855792381,-0.2937137159173798,-0.31055362260288033,-0.2665211954025125,-0.0972842587555311,-0.019913170434355545,-0.13568335051532954,0.22761365802585645,1.7692247730337256,-0.37574263119669693,-0.5168336747160308,0.5667786900389573,0.6098220234312561,0.41235814307189045,0.606505225881379,0.757431940223403,0.07352132169144816,-0.13942987267456167,0.6912331826893887,0.08746187929198715,0.6006943996801748,0.2951767322000525,-1.6574434806511749,0.5805065379122656,0.535782956714721,-0.08746187929198715,-0.6912331826893894,0.27096530510494976,0.41596727218528484,-0.3549674598070702,0.07231224326396513,0.10316902497069583,-1.0961545269847772,0.4323198869208419,0.12354118106860354,-0.4183195767369984,0.41760236644966076,0.12408133374116129,-0.40538291333714505,-1.1516469943583196,-0.8884846632765624,1.267636726542527,-0.6186874509066087,-0.6543183440496418,-0.45626319576493324,1
-0.3034990542705592,1.0059762856343069,0.27967722576327125,-0.13478617003801185,1,0,0,0,1,0,0.009215737516460692,-0.4041934108053113,0.12441454558798068,-0.4250712004563856,0.08027480380223373,0.017651015954275845,0.6816411775859361,-0.6423432008373038,-1.4995743093346454,0.6250472684219942,0.6147903643304913,-0.38998215046224066,-0.5236455781435299,-0.024430146010047157,-1.2605324346992277,-0.09272999358008832,-0.6581806038276665,-0.050997050629604274,-0.83882515761197,0.30004743805884815,-0.9722489644609059,-0.38113751956361974,1.956783616195698,-1.4970391550374071,-0.8490462777502306,-0.3000474380588474,0.8388251576119693,-0.23037994010104354,-1.3101654415944555,-0.8098479296764806,-0.7287587874050313,-0.9209277891567239,-0.11949971898598452,-0.6279498401920818,-0.319404172783631,-0.6663639641110671,-0.9701972441467586,-0.482931511569848,-0.44187577897824326,0.5728670973845897,-0.11002139686175369,-1.5557262504526888,0.12214944469431245,0.29205785388825667,-0.7036964187794109,0
-0.48340089077122306,0.9029052217484598,0.27967722576327125,-0.4281154315628296,1,0,0,1,0,0,-0.8236341047562825,7.1084258415740305,0.5337963509440852,-0.5089754002111725,3.076907172165142,5.860223577471765,0.4475672360542688,-1.138499307531256,0.3978281343171469,1.2829798821415765,1.433537335789754,0.5220095177444944,-1.1707363897263254,-0.5255979984127708,-0.28113193319614005,0.7183864164289409,-0.25072820152894393,-0.192714554415167,-0.46081074412575107,1.1689852080572094,-1.1475244638097282,1.2809942299223478,0.1780646806562662,-1.9818408425094902,-2.051816998942829,-1.1689852080572094,0.46081074412575035,-0.2582324537235989,0.11577027848446049,1.3098950599149712,1.5452492996553449,1.349153482159058,0.16404522527173035,0.5138790966987595,0.8433273810784847,1.5660355222555504,-1.192245181842186,0.6552175733882943,-1.0987473605180025,-0.8534227529290943,-1.4807936703313085,-1.3653871733518879,0.03983423407198747,0.7374113588002092,-1.2604211705619852,1
-0.7404035143436003,1.0317440516057692,-0.8790386569529866,0.3052077222492148,1,0,0,1,0,0,0.6401625877230843,-0.5263025472603935,-0.06748317567269331,-0.3475321468898929,-0.42933200604905636,-0.13618327116107173,0.051833576649220656,0.5079440467785438,-1.0095064517642316,-0.7824357261782668,-0.9855648251536568,-1.6631521078687341,0.058907831610372,-0.6647653657384814,0.11373542035104035,-0.49197727097904903,-1.55638576612064,-1.6488250881745168,-1.6253768875367096,-0.656312104546159,-0.736301570854409,-0.5832314976544992,0.8856394270012261,-0.48626529610783414,-0.32847423915097196,0.656312104546159,1.6253768875367083,-0.8431352397972577,-0.3345252120667762,-1.2829236183406676,-1.2972608091701252,-1.723136960223203,-0.9386295579527137,-0.7910682597479163,-0.09793149585751397,-1.3484860293897554,-0.7481493064513315,-0.6346847228976005,-0.3415203984652251,0.14498014229048395,-0.0592520533999176,-0.9529858396334858,0.5337254978059351,0.23638866577426285,-0.6418381130257917,1
1.7011214095939837,0.8771374557769975,-0.15484123025532542,0.5985369837740325,1,0,0,1,0,0,-0.44506599463230834,-0.10182793005939353,0.17558727125749374,-0.43259364595164235,0.6209501860421683,0.25600472244404404,-0.45196969655134717,-0.824562291906513,0.3013141637803906,-0.4710582181693503,-0.05386936353101121,-0.2558068081524038,0.2935479420302694,-0.451252097671511,0.288998907885027,-0.11987522758256045,-0.4394001884038242,-0.4263149589804804,-0.5252107151899527,0.17200761631813533,0.17758908616486377,1.4212503845476472,-0.5323695989696289,0.2006675573915355,-0.34618077107611794,-0.17200761631813533,0.525210715189952,-0.5089050763265954,0.11577027848446049,-0.4095531161914002,-0.40574627503850064,-0.5454256239766699,-0.2770246880180474,-0.22015379130249568,0.012804842605544792,-0.35630847989348147,0.0012624832707351544,1.0346006017076752,-0.5696008087220858,-0.7367263106307022,-0.6177148314801074,-0.4136917878478824,-0.4540570296619595,-0.4316415915936655,-0.5181215015185524,0
0.9815140635913272,-1.41619371568311,-0.4445202009343899,1.478524768348486,1,0,0,1,0,0,0.07231042253712305,-0.4123340199023168,-0.5408308881156891,0.034376624407757565,-0.7076191643803278,-0.3436806816887499,-3.154431526227517,1.5667263369136137,-1.9112277356670127,-3.715769886907774,-4.0986599837735795,-2.507333705067839,3.153909008955184,-1.8321442164578794,0.9214247797605383,-0.9579514065932317,-3.0193772513356336,-3.164721249848912,-1.2478506545242143,-2.182101039645461,2.555656911008805,-1.2273179490715933,1.650063562020227,2.0258025986995714,2.2387243772662613,2.182101039645461,1.2478506545242136,-1.7344156757190237,0.5660657690356972,-0.646090960523493,-1.0000892977929163,-1.9620928835196014,-0.5605696322757617,0.758556726032511,1.7292180887829538,-1.1624527388592034,2.5548137667681474,-1.0899443568808573,0.33359761589508324,1.1693155802430386,2.0561372575098895,-0.826093121566285,-0.5363722402842841,-1.32234860141757,0.47161139053935697,0
0.72451144001895,-0.46278637473902035,0.27967722576327125,0.5985369837740325,1,0,0,1,0,0,-0.6343500496942954,0.2761289208730037,-0.1826218084290977,-0.3122345180275343,0.7771206758804003,0.45366389367946164,0.6675493325752475,-1.0650441540923634,1.015856463537094,-0.06849353544851958,0.8311607314348916,0.8734525359107174,-0.02208024474779952,1.4407717617567593,-1.2048443469935208,1.1048789030472415,0.16896702977737965,0.9660294800736053,0.004530982273630621,1.1867913099014362,0.5113585713531222,0.2548199081644906,-0.27841307360091383,0.2600751619232294,-0.13740989285401448,-1.1867913099014362,-0.00453098227363133,1.245803281894381,-1.1600669447440433,-0.2185033188462471,0.369483754641173,0.4274663494443799,-0.37153966943728567,-0.38327221085833024,-0.4301405112466897,0.38782468222872474,0.5008703430854462,0.27583454506891375,0.11464042204849642,-0.0495139282068366,0.05920974801103089,-0.0012904541294803558,-0.9479482933959068,-0.5429799678216537,0.038603250264021984,1
-0.6890029896291251,-1.6996391413691911,0.5693561964423357,-0.4281154315628296,1,0,0,1,0,0,1.031349634851191,-0.6082901103088059,2.3376349307944206,-0.6999297858599977,0.3338009308669608,0.07310291014701742,-0.4447629917067115,0.4989779446392841,0.36838616407423347,-0.9523724601142157,0.6760159196295056,0.7400279493821759,-0.18117182145078536,-0.3468153546007546,0.3640342250973692,-0.932762394560535,-1.3930147332074938,-0.4071296045765563,-0.7279513648365089,1.731283161032851,0.27191995078344217,-0.3201813931542884,-1.4409324785699575,-0.09469581229637845,-1.2763366215715877,-1.731283161032851,0.7279513648365081,-0.20252742647848845,0.5660657690356972,0.6275743551108558,0.007709740790658993,-0.5454256239766699,1.9598298722372534,0.5954383064766764,1.1201682272361313,0.7598912632898273,-0.37806941029228636,-0.9381911455531051,-2.2056976182979664,-2.3920869550856754,-2.2648979749085436,-1.4922798914190887,-1.0302635040182315,-0.35741600744167373,-2.105818015861449,0
-0.5348014154856993,0.7740663918911503,-0.15484123025532542,-0.4281154315628296,1,0,0,1,0,0,1.006111760842926,-0.6065456940737333,-0.4128990739419065,-0.1710440025780999,-0.9514899614958434,-0.33428963509159204,0.25303022659045454,0.7112982259943424,-1.0998960760823222,-0.6075159576482404,-1.0733397316690727,-1.1605819793867358,0.40519982942270905,-0.7421114160813373,0.6955963276107755,-0.6357716634452418,-1.675707562361795,-2.016128910546408,-1.2173253467419909,-0.3755669404878874,-1.0933536724290653,-0.2794460068460269,0.8647055745642157,-0.8408880691237401,-0.5729632544781688,0.3755669404878874,1.2173253467419902,-0.7874302125521474,0.41596727218528484,-0.5460172571522233,-0.7675202888890147,-1.3134982345722352,-0.5605696322757617,0.18764225758709038,0.954063719541543,-0.6043528672675491,-1.0812212129944723,-0.4070549059059717,-0.48749186102961545,0.002351157259115363,-0.33002188519637315,-0.9847090191502859,0.4514102871836102,0.29205785388825667,-0.8892713360402683,1
0.3647077670176212,-0.2566442469673251,0.5693561964423357,-0.13478617003801185,1,0,0,1,0,0,-0.33149556159511606,-0.22684442690626339,-0.630383158037337,0.2108647687195506,-0.5369393528380897,-0.3374199839573113,-0.08060420398801439,-0.72365153644809,-0.6190747044148611,-0.6075109643593695,-0.14298806734922953,0.28580307210917366,0.3161897702284913,-0.1815294739487083,-1.25305191728848,-0.3640728514241959,0.248222294661719,0.8228112396826722,-0.5252107151899527,0.910698895591472,-0.06930000370378665,-0.26204545911435023,0.4804377554311049,1.066841097852758,0.9892065188695868,-0.910698895591472,0.525210715189952,-0.3696425082138195,-1.3101654415944555,-0.8462383672660339,-0.8838047933409655,-0.7502449868021539,0.2270552128845555,-1.1988643086375024,-1.149926711256571,-0.4803306735805153,-0.38732140769626244,-0.6346847228976005,-1.308581337954314,-0.9052878383950472,-0.48232991558187904,-1.175048096251087,-1.7711003996191523,-1.712032918215528,-1.0129879475475077,0
1.495519310736081,1.8563125626925503,0.5693561964423357,-1.8947617391869185,1,0,0,1,0,0,-0.4703038686405733,-0.07856904692509216,0.38027817393554597,-0.47599236996273897,0.7835138354623223,0.30743188238086083,-0.22606159779781573,-2.0758512340343525,-0.32212607450895797,0.11343871863561626,0.2409142943277227,0.3654084715064096,0.16902133328757674,-1.558534447691438,-0.1644229049558018,-0.42643927361646844,-1.1395621978533728,-1.114007235559027,-1.5250276175565338,2.0108773966368703,-1.2429251017947347,2.684455708378384,0.011826790803340386,-1.283218758901711,-1.4008116232446195,-2.0108773966368703,1.5250276175565338,-1.4837430531160272,-0.25947596364157,-0.3367722410122935,-0.4961897785011287,-0.8867912286858101,-0.11949971898598452,-0.5463906304141645,0.17890935030013266,-0.35630847989348147,-1.2755131584779709,1.717490052682561,-1.1808563082104715,-0.996051737960463,-1.3623318689203594,-1.206771275767887,-1.1948939252628807,-0.4316415915936655,-1.136704559054746,1
0.9558138012340891,-0.1535731830814779,-0.8790386569529866,-0.8681093238500562,1,0,0,1,0,0,0.097548296545388,-0.41465990821574694,-0.2849672597681238,-0.2780941884721383,-0.3387287482659041,-0.10398539711367341,0.6130739902888922,-1.1383268536033833,-0.08955546744952846,-0.05302197637157125,-0.4790107512344253,-0.9336142873934461,-0.09059007248257467,-0.6609324683977064,-1.525912333583664,-0.22610488616832936,-0.9877754178905142,-1.538407651328559,-1.3567040124745664,0.07222398482797085,-1.5128902422656112,0.03376385232416026,-0.10478828099764999,-0.9078319263551142,-0.8792182081506795,-0.07222398482797085,1.3567040124745657,-0.6760201580619267,-1.4602639384448675,-0.30038180342274146,-0.3669847735545164,-0.71610842633123994,-0.7495995951142377,-0.22015379130249568,0.5111183656893089,-0.4803306735805153,-1.3865371273256843,0.19995793940503753,0.5160619441005718,0.37837302688726915,-0.025405824425361403,0.2524949820049213,0.7806711296729086,0.9044189231421907,-0.023255055489598248,0
-0.4577006284139859,-0.514321906681944,0.27967722576327125,1.478524768348486,1,0,0,1,0,0,0.2868323516073751,-0.4617591465627072,0.009275912831576286,-0.3961387177823212,-0.18846122866099288,-0.04898069561603459,0.7515129266376965,-1.1898525189859053,0.35015936213122034,0.2389034218602554,0.2855535422192126,0.13590544641332977,-0.4075113894916023,0.0373178940261391,0.09821909550846651,-0.010641493194113802,-0.5861829480100783,-0.8798430575536639,-0.8079054238520522,0.9866295824910817,-1.0077094183351445,1.7315036571443794,-0.48937325283984046,-0.9039920871959908,-1.2302290882906377,-0.9866295824910817,0.8079054238520514,-0.007559831120602114,0.04072103005925432,-0.13662483426975403,-0.12149526415595328,-0.34060626115118536,-0.49755964466293656,-0.30171300108041293,0.06817301183707392,-0.4803306735805153,-1.0257092285706153,1.2622304186993043,-0.642586540004281,-0.7756251247301669,-1.0407926936620688,-0.5723076854318833,-0.12479618717266176,0.4033962301162448,-0.76555472453303,0
0.31330724230314594,0.8256019238340739,-1.168717627632051,-1.6014324776621007,1,0,0,1,0,0,0.04707254852885811,-0.41117107574560174,-0.7966945164632545,2.0393976737204222,-1.748531133660709,-1.892308984829589,-0.29798918271512087,-0.7948984028606146,1.192431008450299,-1.1200150675422789,-1.3311067327257822,-0.003104275469469879,1.297145001198932,-1.2255258037726713,-0.6111220927017689,0.6121713625532343,-1.5802871011449955,-1.4367053869018291,-1.2778853770027954,1.2631572968382359,-0.8101697307732011,0.4788143073348094,-1.0149199534419489,-0.05391753939757284,0.32784076648406263,-1.2631572968382359,1.277885377002794,-0.968471551098756,-0.09061515468485622,1.9239836942386752,2.026537943081476,1.097396348686067,0.46334266643265065,0.697387318699073,1.6738499195514247,1.5350299738337914,-0.9701972441467586,-0.1035484832504671,-1.4089367184673323,-1.6184327635518894,-1.531563013793144,0.030432725387320277,-1.5241547677521787,-1.266679413303576,-0.8892713360402683,0
1.2642169495209417,0.4133176682906843,-0.15484123025532542,0.3052077222492148,1,0,0,1,0,0,-0.028641073495936725,-0.3751198068874346,0.43145089960505906,-0.4852507644184396,0.28903070446741874,0.08651869100010007,0.8229325787665258,-0.6956729460505271,-0.7372810864105014,1.4066889729235146,1.1302289263768608,0.8323608045539095,-0.485376366656564,0.3800198714410091,-1.1793119688602929,-0.786104418579225,0.9327374662692672,0.5283299298141404,0.25295560183580257,0.8843625762614299,-0.7645964052686711,-0.22657589092090874,0.21792881513475704,-0.9754595453678924,-0.9535416129555062,-0.8843625762614299,-0.2529556018358033,0.49378541408539117,-1.009968447893631,0.49111021415003275,-0.018131260198663828,0.3591932285025509,0.9516700704320475,0.02452383803125581,-0.09793149585751397,0.7598912632898273,-0.6648813298155464,-0.1035484832504671,0.3700904815361815,0.4302381123532211,-0.008482709938082702,-0.15990635171348128,-0.20711139779498602,0.23638866577426285,0.038603250264021984,0
-0.8175043014153137,1.3151894772918502,0.5693561964423357,0.5985369837740325,1,0,0,0,1,0,0.08492935954125552,-0.41291549198067434,-0.2721740783507456,-0.28098743673954474,-0.3153042460665987,-0.10040785555285138,0.8879042255025251,0.6737872850991667,0.01166012759329552,0.29804019747376614,0.016060203603431793,0.6658657404450274,-0.03247089100689079,1.2687028734476717,2.0458562608512847,0.33544688136166606,0.5430390312237279,0.10732361521094505,1.0187373090415208,-0.1022098070627286,0.03302052293232514,1.1246996963887401,0.3211519803579405,0.13583512883727775,0.08390157015832418,0.1022098070627286,-1.0187373090415215,1.3015083091394917,2.067050737539819,0.30006041680488094,0.4340862571144791,0.6493539925053206,-0.43454965705011084,0.9216751455883455,0.4557501964577793,0.139780294854656,-0.026493508941193386,0.9587239960437993,-0.1864257194905595,0.002351157259115363,0.05920974801103089,-0.44541496736468245,0.36909507656128593,0.3477270420022505,-0.1469716669968365,0
-0.020796168340944693,0.5679242641194551,-0.15484123025532542,-1.161438585374874,1,0,0,1,0,0,0.47611640666936217,-0.4989733595775894,-0.42569225535928473,-0.15368451297366123,-0.7472738332558294,-0.26497476735066505,1.0515750291220092,0.6534325000715797,-2.2721132741960433,0.8796577710579365,0.18975843015671862,-0.04542698806806657,-0.5133861319925253,0.19629650585528308,1.0359844947748793,-1.273771005040344,-0.05617938537620456,-1.0525323664450097,-0.9333596546099943,0.8637377478704314,-1.2661035204092048,0.14096991150321758,1.8260379440131347,-1.244067414778241,-1.2742882498370667,-0.8637377478704308,0.9333596546099936,0.0759977097470634,0.7912135143113154,-0.3640650692044592,-0.9354867953196102,-0.9038595089212672,-0.08799472517957138,-0.13859458152457876,0.34501385799472056,-0.29429738304996345,-1.2477571662660425,-0.1035484832504671,-0.669956189235104,0.28760912732185256,-0.24540631275998087,-2.1584666612718926,0.2044646553166367,0.7374113588002092,-0.7036964187794109,0
-0.14929748012713334,1.3924927752062353,1.0038746524609323,-0.4281154315628296,1,0,0,1,0,0,-0.5460174906653681,0.11040937854110647,-0.24658771551598904,-0.2838806850069512,0.47299900134875084,0.30430153351514155,1.237216080369921,-0.11165721281532524,-0.33342527718512105,0.5500793479210567,-0.6311335411068524,-0.7507928089288723,-0.06761631901176644,0.79722085116145,-1.2339859745842063,-0.08469324750888585,0.30101839879134507,-0.5091126708946889,-0.37315522795503414,-0.653901033058197,-0.9238053958193292,-1.0829270316403747,0.37069497776418947,-0.4446370194421565,0.3234550814253302,0.653901033058197,0.3731552279550334,0.4102278732177254,-1.3101654415944555,-0.9372144612399159,-0.8321227913623208,-0.6819718658603261,-1.222174502210428,-0.05703537174666111,0.12354118106860354,-0.9764194483286528,-1.0257092285706153,-1.2416975682086098,-1.1808563082104715,-0.840456481562607,-0.939254006738398,-0.5723076854318833,0.36909507656128593,0.06938110143228039,-1.198562864808365,1
-0.6376024649146498,0.5421564981479937,-0.4445202009343899,0.3052077222492148,1,0,0,1,0,0,0.3246891626197725,-0.46931828358135513,-0.016310450003180245,-0.37357138129655093,-0.22993609318052685,-0.07223471576137783,0.30398799660596376,-1.0030967270237734,-0.6867041403299647,-0.07733914674712784,-0.2727704905845371,0.04369640968938236,0.34505966316926295,-0.5785620811929593,-0.3893910766608556,-1.1022826017302474,-1.0640118252031245,-1.2630032046761759,-0.4863880375980577,0.5419904249708541,-1.0007951237078554,0.9866983054679948,-0.16894014645409555,-0.9505757144748164,-0.8784618087813076,-0.5419904249708541,0.48638803759805704,-0.48105256270404034,-0.25947596364157,0.381938901381374,-0.2765412700918884,-0.6649035856248688,0.7941451013999841,0.9216751455883455,1.3416409041622488,0.139780294854656,-1.053465220782544,0.5034643620605421,-0.9162830323125138,-0.8534227529290943,-1.1254082660984612,-0.667477223982284,-0.04248097655033679,0.23638866577426285,-0.9511296417938885,1
0.13340540580248203,1.0059762856343069,-0.4445202009343899,-1.8947617391869185,1,0,0,1,0,0,-0.6595879237025604,0.34881293066769553,1.7107690413428855,-0.670418653532452,1.7425133463188154,0.786375258835911,0.6519161093109034,-0.6940046628861395,-1.1928164602397078,0.5512118069660109,1.1259879367284313,-0.012875152052993366,-1.5795498208348238,-0.024430146010047157,-0.3528963221951655,-0.512903562448165,-1.0420038770964828,-0.5681778923754115,-0.5532824974487066,0.5311786728248358,-0.9309155334360816,0.59901939108870494,1.1152014447062315,-1.777884797602478,-2.0185545891437005,-0.5311786728248358,0.553282497448706,-0.23037994010104354,-0.5596729573423944,-0.8098479296764806,-0.9225662948249498,-1.2281568333949502,0.006520256239666901,-0.46483142063624716,-0.26403600355210183,-0.9144083514851348,-0.9424412519348303,0.35171115073279,-0.5057382938501646,0.10608132819102022,-0.6177148314801074,-1.8095116865870906,0.9453015509175579,1.4054416161681371,-1.136704559054746,1
-1.1516077120594044,1.3151894772918502,-1.168717627632051,-0.13478617003801185,1,0,0,1,0,0,-0.5081606796529707,0.0028370440449626386,0.4954168066919504,-0.49798105679502797,0.9138049267018042,0.3870321821091512,-0.05715508129780279,-1.0480588127014676,0.17718378926510478,-0.5377197815892106,0.05183766666015491,-0.02748052032867424,0.09922592436094652,-1.3740836705903834,-0.7567215872237105,-1.2019582564920694,-0.9007141896719572,-0.7775788443427679,-0.4291756706205303,0.38817105265189955,-1.2934926814663428,0.68042653741488,-1.450068306979642,-0.16670803800470044,-0.8265459035169486,-0.38817105265189955,0.4291756706205296,-1.3444804850032512,-0.8598699510432187,-0.6642861793182697,-1.1292943027395286,-1.3647030752786062,0.3845801819166189,0.10608304780917345,0.34501385799472056,-0.6663639641110671,-1.3032691506898992,0.19995793940503753,-1.0440080620563552,-1.5276688639864726,-1.4807936703313085,-0.2233527107470814,-0.20711139779498602,-0.04195727479570725,-1.136704559054746,1
-0.5862019402001745,-0.2051087150244015,-1.6032360836506476,0.5985369837740325,0,1,0,1,0,0,1.1575390048925156,-0.6309675213647497,-0.5024513438635544,-0.049527575347029285,-1.150376531033249,-0.4469821942574862,-0.27229600929234077,2.656272379523171,0.49156017765462756,-1.5476173205405965,-1.6526028763602956,-0.31791040584559227,1.3888930714720504,-0.5874049976209929,2.4112682022490244,0.8265588449737062,-1.9545980903052511,-1.8356067863680494,-1.6101471646499057,1.163332477313009,-0.20829392310011954,-1.2302616507555237,0.15863269595014015,0.15258514837257356,0.3563519220715394,-1.163332477313009,1.6101471646499057,-0.8152827261747027,1.3165582532877582,-1.4648758062884317,-0.8967252938356269,-1.5183175973977192,-1.8207693845322692,-0.5463906304141645,0.2342775195316623,-1.534519319920306,-0.4150773999081907,-1.317574173872486,-0.9527758979536108,-0.7367263106307022,-0.6346379459673855,-0.6040308649486834,-1.1948939252628807,-0.8769950965056176,-0.6418381130257917,0
0.08200488108800677,0.1298722426046032,-1.168717627632051,-0.4281154315628296,1,0,0,1,0,0,0.5139732176817596,-0.5047880803611647,-0.4001058925245282,-0.19418998871735144,-0.7283677982954048,-0.2381432056444998,-1.6342199768038903,-0.9665701657238489,1.2867021762372475,-1.3336684896565794,-0.6309612694862485,-0.7131106365373886,0.08313839974348242,-1.3420946415204937,-1.273332431157618,1.1412156326000107,-1.6454300790206784,-1.112828046228587,-0.7279513648365089,-0.2506245554141756,0.9314175066824217,0.051051409486151014,-0.6121533273474155,0.17011978835884412,-0.2661794404688749,0.2506245554141756,0.7279513648365081,-1.17736540326792,-1.009968447893631,1.0460643873907127,1.5581698001500064,0.6664222727407777,-0.15100471279239655,0.5954383064766764,1.1201682272361313,0.7598912632898273,0.6951622885689447,-0.1035484832504671,-0.44187577897824326,-0.671894953798262,-0.5669454880182719,-0.15990635171348128,0.28677986593896093,0.18071947766026855,-0.7036964187794109,1
-0.3034990542705592,0.05256894469021735,0.27967722576327125,0.3052077222492148,1,0,0,1,0,0,-0.07911682151246661,-0.3506979795964182,-0.7839013350458762,1.6979943781664621,-1.5270391461761088,-1.5819572544282774,-0.34027682835646045,-0.6838414441634082,0.41315448097973534,-1.1434438873010817,-0.7461485071890738,-0.434157946978921,0.6744506053409066,0.05024064468168672,-1.2538741002831746,0.07566389232148119,-0.19674790907519962,0.3526493316485584,-0.24010667662448304,-0.3540047794704373,0.5233630732845704,-0.3175097050090708,-0.48876110147121044,1.3496270641674764,1.3143230374206945,0.3540047794704373,0.24010667662448232,-0.06326485836571254,-1.2351161931692491,-0.4004555067940112,-0.3023822710812103,-0.3576745413866426,0.1010352376589052,-0.38327221085833024,-0.319404172783631,-0.4183195767369984,0.19555442875423396,-0.5588081172337243,-0.8980365994919648,-0.9830854665939747,-0.4654068010946016,0.030432725387320277,-1.0302635040182315,-1.266679413303576,-0.7036964187794109,0
0.544609603518286,0.928672987719922,1.0038746524609323,0.3052077222492148,0,1,0,1,0,0,-0.14221150653312897,-0.32104290360018395,-0.7583149722111197,0.9052443528970969,-1.2803870073618515,-0.9464964346872631,1.42628734020826,0.2099052203700839,-0.09410585861860427,1.3414938079548178,0.827000119108478,0.6464373307798017,-0.5552328960836364,1.7576809337702062,-1.2314036478328183,-0.2766943592364347,1.6028343286086386,1.2448760086550619,1.1169885469471594,-0.2261522221554376,-0.2270331873426033,-1.5216946445193575,-0.1494052854337789,-0.22292850549115237,0.14023846902716794,0.2261522221554376,-1.1169885469471603,1.8028535543454847,-1.0850176963188372,0.35464607318920965,0.14983524623193267,0.8029685146244333,0.5421051509486824,-0.05703537174666111,-0.5408768497097485,0.38782468222872474,-0.05424950115312168,-1.317574173872486,0.7623887871779818,0.5599008260181015,0.43151826673115745,1.0138512904081252,0.5337254978059351,0.45906541823023866,0.8427612250610729,0
1.1871161624492292,-0.7204640344536393,-1.6032360836506476,-0.4281154315628296,1,0,0,1,0,0,-0.20530619155379135,-0.2966210763091675,0.2651395411791416,-0.45631828174437516,0.3608331909218237,0.12453007008383421,-0.6192369160528244,0.23033307493353766,1.0432887971443099,0.29410332567560477,0.037592649917670216,1.0769295004374022,1.0727343481216702,-1.2576677053666867,1.7713091225446205,-0.47091870158369714,-0.7420120407690516,-1.5583126427644618,-0.011469845697221329,1.4801790473385341,-0.395582746886494,1.458319220567511,-1.899438615943031,-1.1330810569628296,-1.5702612807433693,-1.4801790473385341,0.011469845697221329,-1.1495128896453646,1.841902992264201,0.3728412919839863,0.05939174276930372,-0.23819657973844427,-0.30852968182446,1.6557080335896,1.839954427246013,-0.17027518936292965,-0.4150773999081907,1.2622304186993043,-0.1864257194905595,-1.112748180258855,-1.4131012123821949,0.728342674756924,-0.37174181903963527,0.4033962301162448,-0.2706882785040748,0
1.3156174742354179,0.49062096620506923,-0.8790386569529866,-0.8681093238500562,1,0,0,1,0,0,0.7537330207602766,-0.5501429024730524,0.15000090842273722,-0.427964448723792,-0.3186061707560574,-0.09235838704100179,-0.47912680741622354,-1.8053489847804103,0.15957932739798658,-0.45528346122433705,-0.7213153872206758,-0.12682120793230658,0.5002657348692879,-1.0303390135214499,-1.3111451649603574,0.12778477454652454,-0.7363225404249091,-1.1403681783478439,-0.5860329100839196,0.40825130337297294,-0.36326511324440836,1.164421695366606,-0.08973891158958087,-0.11506624311601149,-0.17560224099670282,-0.40825130337297294,0.5860329100839188,-0.8152827261747027,-1.009968447893631,1.2916998411201945,1.1705547853101694,0.76883195415352,0.1325402314653172,0.6769975162545934,1.1201682272361313,0.8219023601333442,-0.49834537654397587,0.7310941790521709,-0.7429419205172992,-0.671894953798262,-0.6684841749419423,-0.5405845059150832,-0.4540570296619595,-0.32030321536567735,-0.6418381130257917,0
1.110015375377516,0.33601437037629844,-0.8790386569529866,-1.161438585374874,1,0,0,1,0,0,1.1323011308842508,-0.6286416330513195,0.2267599969270068,-0.4435879893677868,-0.4110089936893976,-0.14065519811209928,-0.35371406914295467,-1.1338297031351523,0.6973374772540446,-0.5521255986594368,-0.23441593867195543,0.16827218163332586,0.4183924312017295,-0.6204337921541001,-0.7542245791698535,0.3499428293103766,-0.5762960263785709,-0.7195044725764188,-0.3593320018427697,0.5858842905209262,-0.1280821112735776,0.8006512241331312,-0.6016248972509274,0.17444078883574038,-0.3977038762681379,-0.5858842905209262,0.359332001842769,-0.7038726716844818,-0.8598699510432187,-0.6733837887156574,-0.40574627503850064,-0.596630464683041,-1.0016395455655394,0.18764225758709038,0.40038202722625016,-0.6663639641110671,-0.05424950115312168,0.8828473903799233,0.32447439948480933,-0.0495139282068366,0.025363519036474696,0.2524949820049213,0.12214944469431245,0.45906541823023866,0.40975308478573785,1
-0.2263982671988458,1.0059762856343069,-0.8790386569529866,1.7718540298733036,1,0,0,1,0,0,0.40040278464456736,-0.4809477251485058,0.29072590401389814,-0.4632620775861506,-0.06735741637725433,-0.011863701922505961,-0.6988067825592187,1.314515981650912,-1.359152819857864,-1.4533901693944802,-1.9265332566325672,0.04891785432566659,1.7815325357071816,-1.5499734411593216,0.6348253296474902,-0.6197712376672722,-2.212269060393595,-2.4233235768129386,-1.4375436385994584,1.4924563972103608,-0.577007357634612,-1.168260358936945,1.2351971132893897,-0.2302117769509292,0.13868377635215887,-1.4924563972103608,1.4375436385994576,-1.5115955667385823,0.19081952690966666,-0.973604898829468,-1.1034533017502068,-1.7743418009295742,-0.8756195703398886,0.02452383803125581,0.8986955503100138,-1.1624527388592034,-0.47058938433204756,-1.0140677512169813,0.4339529964081015,1.0396528665781584,0.8715192434003977,-0.5405845059150832,-0.7833178721512579,-0.15329565102369538,1.1520527538291696,1
-0.5862019402001745,-0.4885541407104817,1.7280720791585935,2.505177183685348,1,0,0,0,1,0,0.36254597363216995,-0.474551532286573,0.86641906779592,-0.5789920082824084,0.22001722571422538,0.08249395674417527,-0.2936461036463532,-0.32660164890881144,0.5921479375585614,0.019675990754792812,0.880355017384,-0.7708341117007591,-1.4054822984185313,0.7102743747141436,0.8699644484690215,0.2284151159033139,0.28780048165791927,0.34846153668206276,1.179804912165518,-2.2214419390173585,1.1180198415656804,1.3197822995102244,-0.5799509045028587,0.2587970369517742,-0.8042997708004189,2.2214419390173585,-1.179804912165519,0.35452284597261524,0.41596727218528484,-0.8917264142529749,-0.6512357844370638,-0.5112890635057554,-0.7180946013078251,0.02452383803125581,-0.4855086804782194,-1.1624527388592034,2.3050098368607914,2.8556391376407038,3.298642949234273,2.3622125459599386,2.3607533182809015,1.6800380602609295,5.554953345767732,3.910555081297868,2.636652091916034,1
1.6240206225222695,1.0575118175772313,3.176466932553916,-0.4281154315628296,1,0,0,0,1,0,-0.11697363252486404,-0.32743909646211683,-0.438485436776663,-0.13343177510181614,-0.3710772138195086,-0.14870466662394888,1.8448399416497503,-0.125491016930003,0.5467517912901417,1.146863097820339,1.004449735515526,1.3691234356158322,-0.09991315692856116,2.464015867448258,-0.8520961840723996,1.4759179968607354,1.4984177879994172,1.6113699406961906,0.6152054390719316,1.2571678076667228,-0.10327922510656225,-0.6813708926162801,0.7357272348689811,-0.06353262690213363,0.2673552693141734,-1.257167807666722,-0.6152054390719323,3.0840691809830236,-0.4846237089171882,1.409968763286241,2.100830820925778,2.7999573021729036,-0.24551969421163483,-0.46483142063624716,-0.762349526635866,1.876091006473136,-0.24854144663662048,-0.7864379342253526,-0.6060936743631827,-0.16621037050522874,-0.1777138548108673,-0.7626467625326843,-1.6064699783745033,-1.378017789531564,-0.45626319576493324,1
-0.07219669305541997,0.6194597960623787,0.27967722576327125,-0.4281154315628296,1,0,0,1,0,0,2.103959280202451,-0.6978368103758661,-0.08027635709007157,-0.3469534972364116,-0.8934997127914767,-0.2685523089114871,0.7142932028431341,-0.4760176115462485,-1.6781771611534582,1.3191974762832661,0.13921129873771246,-0.08924243452719749,-0.8163397486447381,0.30656369830632774,-0.02579265038863981,-1.5506750603108488,0.4367954708065459,-1.2679008683177158,-1.0760532349843712,0.9455004604204603,-0.6869272511600473,0.6275105997439032,0.7358455094847838,-1.3490317711034632,-1.4188399273989596,-0.9455004604204603,1.0760532349843703,0.23515493044737867,-0.07721350318035518,-0.1522207360938474,-0.9151831516851434,-0.71610842633123994,-0.20051256020247402,-0.22015379130249568,0.3291943810714265,-0.4803306735805153,-0.8314172830871166,0.12408133374116129,-1.1261170097488256,-0.6329961396987983,-1.0746389226366257,-1.6508957890030895,0.2044646553166367,0.793080546914203,-1.2604211705619852,0
-0.14929748012713334,1.0317440516057692,0.5693561964423357,-1.161438585374874,0,1,0,1,0,0,0.33730809962390496,-0.4728071160515004,0.36748499251816774,-0.47425642100229515,0.009599466511193486,0.0028936570158849427,0.2547127293010493,-1.3423851497655401,1.1010106232830295,1.3211756295367025,1.8385581495049428,0.8239708337617396,-1.1900945778651786,-0.6942868632333901,1.0735301051585582,-0.4694805463023479,-0.09456130540415054,-0.6055214045277231,0.3041828515459608,0.8221130942085976,-1.0479075036986536,2.9179046388496324,-1.9769010786046932,-1.8785884121079712,-2.9813894358587363,-0.8221130942085976,-0.30418285154596153,-0.6481676444393714,1.0163612595869336,0.05442496307539909,-0.19901826712392082,-0.22112829950298704,-0.05648973137315825,1.0847935651441794,1.009431888773073,-0.046252995675895824,-1.0257092285706153,2.476256109321323,-0.350643614875499,-1.268343436656712,-1.785409731102321,-0.2233527107470814,1.439192814651505,2.2404794378780473,-0.45626319576493324,1
1.135715637734753,1.4697960731206219,-2.617112481027373,-1.6014324776621007,1,0,0,1,0,0,-0.15483044353726144,-0.3204614315218264,1.3653531430736725,-0.6449580687792753,0.7589312018430256,0.2519799881881193,-0.6388146155005329,-0.9063536986397456,0.7850160537016247,0.11844417928864011,0.6162343402043202,-0.20164378774274053,-0.8506458217998629,-1.8330089462423436,-0.595333872670389,0.6411434528761436,-1.2117666992042544,-0.4413813767977146,-0.8195116582252774,0.5377636082882545,-0.9432336680743088,0.6476064908273886,-0.4288559051019501,-1.3615775608687288,-1.232057829465751,-0.5377636082882545,0.8195116582252766,-1.7344156757190237,-0.7097714541928067,-0.6097005229339397,-0.21193876761858224,-0.6649035856248688,-0.49755964466293656,-0.709509049969999,-0.4301405112466897,-0.8523972546416179,-0.9424412519348303,0.4275877563966659,-0.42362934615769415,-0.5681647828663581,-1.0238695791747903,-0.15990635171348128,0.28677986593896093,0.6260729825722207,-0.76555472453303,1
-0.5605016778429365,-0.12780541711001567,-0.15484123025532542,1.0385308760612593,1,0,0,1,0,0,2.2680054612561733,-0.7053959473945141,-0.029103631420558513,-0.37357138129655093,-0.8874301845421226,-0.2537949499730962,-0.5116379332166504,0.8763085586197242,-0.20618063074615023,-0.8317935061740626,-1.0233397516006975,-0.5940684696474361,0.40484008392441995,-0.6554068955841952,1.6252530682075235,-0.5182756446072078,-1.3873278131356168,-1.8892999904031769,-0.7989105922128035,-0.01788874008079301,0.056570153142150796,0.42538184762939424,-0.23896121119561436,-0.2519511473689543,-0.5141419220907487,0.01788874008079301,0.7989105922128035,-0.8709877534198129,0.7161642658861095,-1.492168634480596,-1.4781478160953823,-1.8255466416359454,-1.348194477436079,0.10608304780917345,0.5664865349208381,-1.720552610450858,-0.1375174777889068,0.12408133374116129,-0.7064490548762022,-0.7107937678977266,-0.7530997473783346,-0.6040308649486834,0.7806711296729086,0.848749735028197,-0.6418381130257917,0
-0.2263982671988458,0.4648532002336079,2.452269505856255,0.5985369837740325,1,0,0,1,0,0,-0.43244705762817587,-0.12508681319369488,2.209703116620638,-0.6964578879391099,1.3150646565363096,0.44203688360679,2.019693094263123,0.05100393829554203,0.7154871161279366,2.307697583516801,2.516129716388967,0.10477982371986029,-2.4884776866336016,1.902234947671676,-0.9021769232500764,1.215112713514282,0.47001318846790435,0.8972013785734839,-0.35307242775419667,0.4930801176436292,-0.9077416659912241,-0.9737855427136379,0.2429762353513286,-2.6514935230514842,-2.3951493410880502,-0.4930801176436292,0.35307242775419595,1.3850658500071569,-1.009968447893631,-0.7916527108817039,-0.10857476366129187,0.08610074473523979,-1.1276595207911904,-0.9541866793037505,-0.9284540343304539,-0.4803306735805153,-0.9701972441467586,-1.0899443568808573,-0.8615437338508666,-0.62002986833231,-1.531563013793144,-1.1116017372174867,1.1099319721622063,1.5724491805101195,-1.198562864808365,1
0.004904094016293398,1.0317440516057692,-0.4445202009343899,-1.161438585374874,1,0,0,1,0,0,-0.2810198135785862,-0.2442885892569894,3.028466727332847,-0.724811720959693,1.2610431725132754,0.37227482317076027,0.5772377024982921,0.5947996855317633,-0.7359701459383953,0.3034481738459113,0.5479375659085706,-0.20173361909366358,-0.5811274035989843,0.6379564128640376,0.35924893530802204,-1.6540518807688491,0.5029789549347575,0.5281318260066302,-0.06904425348519842,-0.20666334585120408,-0.1652245459249309,-0.4564935379620418,-0.6560667793737929,0.08880641574824676,-0.19672773587576847,0.20666334585120408,0.06904425348519772,0.4659329004628361,0.19081952690966666,-0.3731626786018469,-1.1292943027395286,-0.9038595089212672,1.3297299961089997,-0.709509049969999,-0.762349526635866,-0.4803306735805153,-0.08200549336504998,-0.3311783002420958,0.36096726512590627,-0.0495139282068366,-0.008482709938082702,0.6014499566897238,0.36909507656128593,0.29205785388825667,0.16231986177126023,1
-0.4063001036995106,-1.5192647795689571,0.27967722576327125,0.3052077222492148,1,0,0,1,0,0,0.19849979257844777,-0.4379187913500483,0.13720772700535894,-0.4250712004563856,-0.0442206938670143,-0.008286160361683923,0.6797472404093908,1.0332809439143402,-0.5773529800626418,0.5083517562524877,-0.24105374319461942,0.2614798096615215,0.3849014087469999,0.8100962657205077,1.7957280447847892,-0.29867164980321476,0.46894155265730153,-0.40673347241527114,-0.1984048918790851,0.5534028300138731,-0.13576644103697796,0.38071041175070974,0.48912466091682777,-0.22175601025574732,-0.08371439957400577,-0.5534028300138731,0.1984048918790844,0.577342954953057,1.391607501712964,-0.4914316007678933,-0.5607922809744348,-0.3576745413866426,-0.7811045889206503,-0.22015379130249568,-0.1532996650890431,-0.790386157798101,-0.27629743884854874,0.12408133374116129,-0.6060936743631827,-0.2829068128036209,-0.3469449996836519,-0.7626467625326843,-0.7010026615289333,-0.5429799678216537,-0.6418381130257917,0
1.0586148506630406,0.43908543426214564,-1.168717627632051,-1.8947617391869185,1,0,0,1,0,0,-0.1800683175455264,-0.3082505178763182,0.11162136417060241,-0.42217795218897913,0.23850937309038542,0.0892018471707166,0.33480894525781146,0.7943315133178259,0.40892273789406614,0.784018841462766,0.3620790864409597,-0.3864266943783646,-0.8973457288786889,-1.4211966105072038,1.3290002675013293,1.768790152688345,-1.619969800296125,-1.4180055666056013,-1.1334326641296226,0.5970847941440487,-1.8856028963043139,0.24111836270664797,1.2184524402857495,-2.6654931976326677,-1.8551269889473327,-0.5970847941440487,1.133432664129622,-1.4558905394934718,0.41596727218528484,-1.655925603633584,-0.6899972859210471,-1.2281568333949502,-2.41936426685411,-0.7910682597479163,-0.3747723420151606,-1.7825637072943747,-1.775121018292682,-0.1035484832504671,-0.9071598159022387,-0.21807545597118072,-1.2269469530221315,-1.3019408143182878,0.5337254978059351,0.9600881112561845,-1.198562864808365,0
-0.48340089077122306,0.9802085196628456,0.27967722576327125,0.3052077222492148,1,0,0,0,1,0,0.17326191857018283,-0.4338484868015456,-0.6175899766199587,0.2050782721847377,-0.9576310918239713,-0.4921486564628645,-0.8219921543924703,-0.4256121150597039,0.5860896744797988,0.18307020076151428,0.16107510183783905,0.6375065295627225,0.1634874035774781,-0.14984505209544757,1.2222804632411295,-0.6670200563877009,0.9128536396859944,0.5353271058078228,0.9573302853504951,-0.0799856498736912,0.9932766897069957,1.80861972095522,-1.471495048634832,0.6578540124519371,0.3132372046569204,0.0799856498736912,-0.9573302853504958,-0.20252742647848845,1.0163612595869336,-0.23669853764102378,-0.5349512799851129,-0.1699234587966153,0.29006520049738066,0.10608304780917345,-0.319404172783631,-0.29429738304996345,0.8339422496285867,1.5657368413548085,-0.21379536872138252,-0.9182541097615345,-0.6346379459673855,1.0138512904081252,-0.4540570296619595,-0.5429799678216537,-0.332546584257695,0
1.8553229837374106,-1.8284779712265005,0.27967722576327125,-0.8681093238500562,1,0,0,1,0,0,1.5613449890247548,-0.6676002623012743,2.6702576476462556,-0.7115027789296234,0.2344854379529674,0.03643310914859154,0.9417267258555777,-0.7446707530960367,1.5718789803357123,2.2843740303377453,2.8833068554129815,1.9218223095567297,-1.6269628118366164,0.07372022850116319,0.44442709355840293,0.3287979809312291,0.7548951592896721,0.8896712747184129,0.3210111268130686,2.3027614887509538,-1.2358335527730588,1.4673012846800164,-1.8184009626969857,-2.337500821730682,-2.879849285472617,-2.302761488750954,-0.32101112681306926,0.27096530510494976,0.7161642658861095,0.8095265430586199,0.8733832739329616,1.178470679804488,0.5421051509486824,0.10608304780917345,-0.04256332662598434,1.13195784435093,-1.3032691506898992,0.5793409677244183,-1.5366617482111748,-2.0463197186459943,-2.5469498830298516,-0.857816301083085,-1.0302635040182315,0.013711913318286572,-2.3120123683735136,1
-0.48340089077122306,-0.6173929705677911,0.27967722576327125,0.3052077222492148,1,0,0,1,0,0,-0.8236341047562825,7.1084258415740305,-0.1442422641769629,-0.3214929124832349,2.6384970923544753,5.715333144258473,0.346784601526359,0.929883676702004,0.1773934115477884,0.5569919639587062,-0.02439972518713646,-0.7575413240448396,-3.5572955843810294e-4,-0.5297599080112564,-0.18859504589171072,0.7955259469400662,-0.024723868011794516,-0.010898520169209927,-0.5252107151899512,-0.5122984218604396,-1.0115422882098484,-1.4652249056395255,0.5569241201446239,-0.7769759734830063,0.02108055402295653,0.5122984218604396,0.52521071518995055,-0.3696425082138195,0.04072103005925432,0.7276480584821255,1.06719078135288,1.0077878774499178,-0.2770246880180474,0.10608304780917345,0.40038202722625016,1.13195784435093,-0.9701972441467586,-1.3934507795363622,-0.15905607025973648,0.14498014229048395,-0.1777138548108673,-0.0012904541294803558,-0.12479618717266176,-0.3759724034796717,-0.5181215015185524,1
-0.7404035143436003,0.8771374557769975,-0.8790386569529866,0.5985369837740325,1,0,0,1,0,0,0.6401625877230843,-0.5263025472603935,0.17558727125749374,-0.43259364595164235,-0.25336479935377143,-0.07044594498096682,-0.4531490793115142,-0.9604271252790862,-0.25357305419690357,-0.7593456314116097,-0.3888024312891036,-0.6760217043453393,0.36094651471241473,-0.5083071869001804,-0.19786226189717396,-0.5286506079120478,-0.728979220075524,-0.8932629929013431,-1.0618771407249559,0.13114384342216406,0.12222027370455954,1.1200023000845958,-0.18460001824656824,0.3029836431077921,-0.3666352503838907,-0.13114384342216406,1.0618771407249543,-0.6203151308168162,-0.40957446049198204,-0.7370670544973751,-0.8708842928463041,-1.0745423112758372,-0.40304466324369825,-0.5463906304141645,-0.09793149585751397,-0.6663639641110671,0.05677446769459199,0.9587239960437993,-0.17730250308028428,-0.24400799870415715,-0.11002139686175369,-0.5405845059150832,-0.28942660841731066,-0.26463402725168356,-0.08511336124321738,0
-1.4086103356317816,0.33601437037629844,1.4383931084795292,-0.13478617003801185,1,0,0,1,0,0,-0.5207796166571032,0.03191064796283935,-0.054689994255315046,-0.3591051399595187,0.5971185460765519,0.3020655700396278,1.8754172867911663,-0.46440533764176484,1.7137830006988592,0.7341448467484418,1.135901351049613,2.016182895963193,-0.016852241824095268,2.8289814000182387,-0.9121603385763446,1.598674588549645,2.2859055605624947,2.433861321371769,2.2754391892299264,0.4930801176436292,0.2188714920254143,-0.2763713027311361,-0.7362849881228972,1.2748824990721956,0.8994644794222582,-0.4930801176436292,-2.2754391892299273,2.6105764493995856,-0.8598699510432187,-0.04564874029587195,0.7829397704703327,1.7758604880454831,-1.0646495331783645,-0.709509049969999,-1.482135726645747,0.20179139169817292,0.05677446769459199,-0.4070549059059717,-0.49661507743988936,-0.7756251247301669,-0.2792525417345383,0.2524949820049213,-1.5241547677521787,-1.545025353873546,-0.08511336124321738,1
0.72451144001895,1.109047349520155,0.27967722576327125,-0.8681093238500562,1,0,0,1,0,0,-0.6343500496942954,0.2761289208730037,1.4549054129953203,-0.6571097115023823,1.585620049537241,0.7201907399607034,1.180951849589245,-1.564157561901767,1.4975929054274981,0.2415837453056639,1.3392610164424985,-0.1632886462353805,-1.2961993734108204,1.528655421133455,-1.1940948482087277,1.102276924367935,0.16535626314219426,0.9322723589889733,-0.16027754582615011,-0.06374491962016399,-0.11472780921018698,0.9506373359476425,-0.9395776655702662,-0.162399614244374,-0.8309224065142663,0.06374491962016399,0.16027754582614942,1.3015083091394917,-1.1600669447440433,-0.2730889752305771,0.31780175266252825,0.3762615087380082,-0.43454965705011084,-0.5463906304141645,-0.5408768497097485,0.3258135853852078,0.0012624832707351544,1.1104772073715516,0.5069387276902979,-0.08841274230630035,-0.14386762583630988,0.506280418139323,1.1099319721622063,1.1827648637121608,0.22417816752487937,0
0.2619067175886707,-1.6996391413691911,-0.8790386569529866,-0.4281154315628296,1,0,0,1,0,0,-0.7226826087232228,0.7267697816000928,2.3376349307944206,-0.6999297858599977,2.1769688725727003,1.0998573381029422,0.003414194188861764,-0.4097499398645529,0.43305605498348476,0.4200276699225122,1.3256853304039395,1.3256959508846091,-0.9432150696498414,0.5352795392973566,-0.9029966051293866,-0.12595976181225654,1.0454393173485637,1.597463118949008,0.6912331826893887,1.122534507594003,0.5300974885291787,-0.342207524427839,-0.7185795477343394,0.4692094472185328,-0.1638440415568774,-1.122534507594003,-0.6912331826893894,0.35452284597261524,-0.9349191994684248,-0.43684594438356456,-0.43158727602782254,-0.01630893667750248,0.5106001571422693,-1.0357458890816678,-1.3713993881826885,-0.10826409251941274,0.0151404793766993,-0.7484996313934147,-1.4910456661598026,-1.5600845424026928,-1.3200240827021632,-0.9371242498750855,-1.0302635040182315,-0.6821529381066387,-1.2294920176851751,1
1.495519310736081,-0.1535731830814779,0.5693561964423357,-0.8681093238500562,1,0,0,1,0,0,-0.4703038686405733,-0.07856904692509216,-0.2849672597681238,-0.2780941884721383,0.2779250595136488,0.15449198065571876,0.013342313569598486,-0.738059337458755,-0.07114805366692441,-0.4326671580483938,-0.10055853778025942,-1.0239304554766693,-0.45228835317034444,-1.4775193933482835,-0.7190025947232673,-0.37357826281685713,-1.4389758329263185,-1.1896045789349454,-1.8632990028572278,0.45147824704345946,-1.4948727805600808,0.29272858760484893,-0.27814835354402595,-0.842358386520835,-1.0306863095204208,-0.45147824704345946,1.863299002857227,-1.4001855122483615,-0.7097714541928067,-0.16391766246191838,-0.3282232720705331,-0.8526546682148961,0.1010352376589052,-0.6279498401920818,0.2896456887631914,-0.29429738304996345,-1.3865371273256843,0.35171115073279,0.22411901897178985,0.04124997135858002,-0.29617565622181696,-0.0012904541294803558,0.6160407084282594,0.9600881112561845,-0.1469716669968365,1
-0.5091011531284612,0.8256019238340739,1.4383931084795292,-1.6014324776621007,1,0,0,1,0,0,0.021834674520593164,-0.4007045783351661,-0.7966945164632545,2.0393976737204222,-1.7294493002862446,-1.8842595163177396,0.05822557705747717,1.005109259510332,0.6866969278571772,-0.2962208149819556,-0.8359984609141209,0.41304572564013153,1.1718632961628128,-0.8246558239063924,1.795497667508599,-0.16991081225869178,-0.33636697098392077,-0.7925777864763595,-0.8414861286385814,1.3979208031972914,-0.9049504648902063,0.41914614580830445,-1.1094816850477374,0.06663947993540542,0.313040997274363,-1.3979208031972914,0.8414861286385807,-0.8709877534198129,1.3165582532877582,-0.6278957417287164,-0.6124742829530796,-0.6990401460957827,-0.7811045889206503,-0.13859458152457876,0.2896456887631914,-0.5423417704240322,-1.0257092285706153,-0.1035484832504671,-1.290334905133765,-1.5665676780859363,-1.4469474413567518,0.12560226393772106,-1.5241547677521787,-1.211010225189582,-0.7036964187794109,0
-0.48340089077122306,0.4133176682906843,0.5693561964423357,0.3052077222492148,1,0,0,1,0,0,-0.785777293743885,3.474225351839442,0.43145089960505906,-0.4852507644184396,2.1141625273274984,3.046934332580336,0.5219480877482008,0.04199902318297525,-0.7042273687458327,1.2955325247081155,0.8069783686807896,1.1910867731199364,-0.40325167429806275,0.0890345269741167,-0.17067624770007467,-0.5347140988474236,0.9595041559006012,0.39342879811160847,0.6912331826893887,0.9389436438584764,-0.6368192713483918,-0.22862469556240342,0.4253663031215066,-0.798752963795989,-0.6650047551753916,-0.9389436438584764,-0.6912331826893894,-0.007559831120602114,-0.25947596364157,-0.31857702221751816,-0.5349512799851129,-0.15285517856115927,-0.05648973137315825,-0.22015379130249568,-0.5408768497097485,-0.23228628620644656,-0.5816133531797613,-0.17942508891434333,0.12376363845877164,0.3265079414213163,-0.025405824425361403,-0.3502454288142823,-0.4540570296619595,-0.04195727479570725,-0.2706882785040748,1
1.3156174742354179,0.5679242641194551,0.5693561964423357,-1.161438585374874,0,1,0,1,0,0,-0.25578193957032125,-0.28499163474201683,-0.42569225535928473,-0.15368451297366123,-0.21028456945682905,-0.10040785555285138,0.9514749317555884,0.5498729155408089,-1.0168934653989363,0.9891143865958966,1.0501053164610938,1.1624655525985441,-0.31570135945681843,0.12368869332691336,0.7870822159156949,0.6841519308272291,0.14075379161233464,0.17975035538794834,0.49320743187182114,1.0963072413460702,-1.1994607690812387,0.03376385232416026,2.0776341444537745,-1.1966606735984313,-1.189697104852054,-1.0963072413460702,-0.4932074318718218,0.24311279148239442,0.9413120111617277,0.5093054329448095,0.8087807714596554,0.8371050750953478,-0.24551969421163483,1.0847935651441794,0.8986955503100138,0.5738579727592754,-1.1644891896302574,-0.1035484832504671,-0.39625969692687113,0.6765972683164937,0.10997909147286698,-2.1901898407886926,0.12214944469431245,0.793080546914203,-0.332546584257695,1
0.9044132765196139,0.1298722426046032,-0.15484123025532542,-0.4281154315628296,1,0,0,1,0,0,-0.34411449859924853,-0.21812234573090036,-0.68155588370685,0.3497406855550598,-0.6857077656407555,-0.4380383403554311,-0.07675355765851616,0.7166447310483491,1.1983302146330805,0.4040206698858226,0.14885533915653454,0.7784412589295712,0.22621570341693945,-0.017076398867575497,0.5501654969037039,0.8858917704449262,-0.25592568356630346,-0.04688155321518266,0.6286220997103051,0.43824128821613356,0.08966515376951163,-0.4324736664659785,-0.7479217534827429,-0.7995773866900175,-0.23928994319805316,-0.43824128821613356,-0.6286220997103059,-0.17467491285593337,0.26586877533487285,-0.6097005229339397,-0.09565426316663046,-0.18699173903207253,-1.033144539371952,0.18764225758709038,-0.09793149585751397,-0.6663639641110671,0.0012624832707351544,-0.482931511569848,-0.2776578835933038,-0.6070635969658218,-0.8546384343020056,0.7600658542737248,-0.37174181903963527,-0.2089648391376897,-0.332546584257695,1
1.1614159000919912,0.05256894469021735,-1.6032360836506476,0.3052077222492148,0,1,0,1,0,0,0.526592154685892,-0.5111842732230976,-0.7839013350458762,1.6979943781664621,-1.913965681136189,-1.7053824382766376,-1.3349641045966405,-0.39759814110794867,0.8250712910113642,-1.6980028168744776,-1.2832321750223687,-1.200522406411921,0.6139614273086375,-1.3987985941043872,-0.7805519184415366,0.3264498166624333,-1.1086687296136917,-0.5095302074387622,-1.1820904200447964,-0.4649864905896614,0.4586370103830694,-0.23622385041368482,-0.799849511818955,1.1945553253848915,1.1708075995068967,0.4649864905896614,1.1820904200447957,-1.2609229441355856,-0.5596729573423944,0.7367456678795146,0.8087807714596554,0.2738518273252659,0.5736101447550955,-0.30171300108041293,0.2896456887631914,1.069946747507413,0.3065783976019474,-0.3311783002420958,-0.3597668312857729,-0.6978274965312384,-0.2284831982727022,0.728342674756924,-0.7833178721512579,-1.0440026608476,-0.08511336124321738,0
0.4932090788038099,1.109047349520155,-0.8790386569529866,-0.8681093238500562,1,0,0,1,0,0,0.16064298156605036,-0.4326855426448305,1.1350758775608636,-0.6229693819469863,0.4365971696694069,0.14867847561938297,0.20047465367446998,1.1019099194776474,-0.2395043618233484,0.9202177399045707,0.9955906417797227,0.5971260592926447,-0.8277306882964619,-0.4044076225051278,0.6599380963605724,-0.11669169911392888,0.2704093878162476,0.11670840648727901,-0.007768161614413057,0.8221130942085976,-0.6828442174459701,-0.8512944479878576,0.21014658215119716,-0.9750214789950414,-1.1803735508392539,-0.8221130942085976,0.007768161614412348,-0.3696425082138195,0.641115017460903,0.08171779126756346,0.007709740790658993,0.12023730520615308,0.06953024385249205,-0.13859458152457876,-0.1532996650890431,0.2638024885416898,-0.7481493064513315,-0.9381911455531051,-0.6334633235940058,-0.4385020692014777,-0.7700228618656133,-1.016432198667086,-0.04248097655033679,0.4033962301162448,-0.7036964187794109,1
-0.2263982671988458,-0.87507063028241,-0.8790386569529866,-0.8681093238500562,1,0,0,1,0,0,0.40040278464456736,-0.4809477251485058,-0.6943490651242283,0.36420692689209205,-1.3410317631995916,-0.6513492559194451,-1.265989767457665,1.1284907107523783,0.46909185972035233,-1.1956545069995748,-1.1052576183276992,-1.0853627859813875,0.41780105859820466,-1.5223511880391225,0.5898417394112636,-0.6384139728908944,-1.909217441443185,-1.9913436419782067,-2.1279577428012475,0.6301771912123648,0.23927421948601257,-0.9579984098038964,-1.282808761254558,-0.27789523138383276,-0.5072704479169013,-0.6301771912123648,2.1279577428012475,-1.4837430531160272,0.19081952690966666,-0.8826288048555859,-1.0388507992769007,-1.6207272788104614,-0.6235796198885869,-0.7910682597479163,0.2342775195316623,-0.9144083514851348,0.05677446769459199,-1.0140677512169813,-0.5604775923118106,-1.0868156375258795,-1.1084851516111824,0.37938770007212164,-0.4540570296619595,-0.2089648391376897,-0.8274130302866491,0
1.6240206225222695,0.6194597960623787,3.176466932553916,-0.4281154315628296,1,0,0,1,0,0,-0.11697363252486404,-0.32743909646211683,-0.08027635709007157,-0.3469534972364116,0.033346089560772715,0.01630943786896758,2.343063444046488,-0.7710516798454563,0.5067624970029867,1.9081226231569692,2.149746335443803,1.0228253009140962,-2.344567766236548,2.611767912889087,-0.9267824333692254,1.6826648343783523,1.3210287786635941,1.4579123139535863,0.6912331826893887,0.7094550641890696,-0.648439030398781,0.1298623318422857,0.9981545729250147,-1.2678410383930108,-1.3714079070093066,-0.7094550641890696,-0.6912331826893894,3.4740043716987956,-0.4846237089171882,1.801165967373935,2.6047303402175648,3.2266643080593287,-0.2770246880180474,-0.22015379130249568,-0.5408768497097485,2.1861464906907218,-0.7203933142394032,-0.1035484832504671,-0.642586540004281,-0.07544647093981212,-0.5669454880182719,-1.5874494299694895,0.6983559190505837,1.2384340518261547,-0.8274130302866491,1
0.08200488108800677,0.0010334127472937634,-0.4445202009343899,-0.4281154315628296,1,0,0,1,0,0,-0.5586364276695006,0.12203882010825716,-0.2977604411855021,-0.24048196099585453,0.44498297934688336,0.27970593528449006,-0.8679717630119884,-0.8227615696180651,1.510727015197087,-0.9908163859000475,-0.5157424643118823,-0.36671915007565686,0.24846178319890633,-0.04643467501820337,-0.7190025947232673,0.23925770711874977,-0.39489033944482277,0.2584281710019799,-0.2859102762628674,-0.21659885141806862,1.1605388850884868,0.40898505945086067,-1.8247835176999807,0.946962514307553,0.9227952726115795,0.21659885141806862,0.28591027626286675,-0.09111737198826762,-0.7097714541928067,-0.16391766246191838,-0.018131260198663828,-0.1699234587966153,0.19555021907814235,-0.5463906304141645,-0.4855086804782194,0.015758101167622184,0.8061862574166584,0.12408133374116129,-0.669956189235104,-1.4239386930545688,-1.0407926936620688,1.2993599060593275,-0.8656330827735822,-1.0440026608476,-0.5799798072721716,1
-1.5114113850607322,-0.02473435322416849,0.27967722576327125,-0.4281154315628296,1,0,0,1,0,0,0.1480240445619179,-0.4297781822530428,-0.7327286093763631,0.566734305610543,-1.3634827088403783,-0.7685137420363668,-0.0932031873434667,0.8464478389663734,0.8150118091992666,-0.3574551679478081,-0.2616624779183958,-0.06681879939735566,0.0648287045060505,-0.22912634118800118,0.273858627223891,0.4946060279252536,-0.1434339523540067,-0.11199881154002275,0.2246519615849838,-0.31393995325558316,-0.09933903958349145,-0.887430662131794,-0.6171170877912399,0.34067221894674954,0.23082899579727198,0.31393995325558316,-0.2246519615849845,-0.2582324537235989,0.19081952690966666,-0.16391766246191838,0.11107374474794844,0.0519641842643253,-0.5605696322757617,0.2692014673650073,0.17890935030013266,-0.10826409251941274,-0.05424950115312168,-0.7864379342253526,0.20587258615124074,-0.1532440991387405,-0.008482709938082702,0.6966194952401235,0.36909507656128593,0.23638866577426285,0.16231986177126023,0
0.05630461873076867,0.9029052217484598,2.8867879618748513,-0.8681093238500562,1,0,0,1,0,0,-0.6217311126901629,0.22961115460440099,0.25234635976176334,-0.445902587981712,1.0634656988415676,0.5211899906399775,1.7093880194059523,-0.8474767102374366,1.8643277271391963,0.7419325139922868,1.261720618657328,1.6953181696827337,-0.8184297505442774,1.9178639404148126,-0.3104918517302637,1.7196687869118412,0.8468336108910498,1.3485198650631038,1.3338827891162104,0.9892830742375731,-0.46063860034113646,0.8521444601176903,-0.8204971717270272,-0.1625972483618219,-0.32373141809959716,-0.9892830742375731,-1.333882789116211,2.6105764493995856,0.19081952690966666,1.6828970452078873,2.514286836754938,2.8682304231147313,-0.024984737566746233,-0.38327221085833024,-0.9284540343304539,1.814079909629618,-0.49834537654397587,0.6552175733882943,-0.31415074923440073,-0.671894953798262,-0.685407289429221,0.28421816152172197,-0.7833178721512579,-0.4316415915936655,-0.08511336124321738,1
0.9815140635913272,0.43908543426214564,0.27967722576327125,-1.8947617391869185,0,1,0,1,0,0,-0.596493238681898,0.20344491107831195,0.11162136417060241,-0.42217795218897913,0.9012659350619028,0.4827314188611406,1.6981043142387215,0.7608128638065297,-2.2131137124745557,2.642281390643761,1.9811454876833985,1.729477290226064,-1.453224920249035,0.5270264834140548,1.3288740862650317,-1.372287690359572,0.7288194931513,0.5703731354484838,1.2405949430219954,1.1283937904791788,-1.8346567329275478,0.2869973554830347,1.6463837988099328,-2.846866759428873,-2.018727809857672,-1.1283937904791788,-1.2405949430219962,0.49378541408539117,1.2415090048625523,0.02713213488323473,-0.6899972859210471,-0.3918111018575571,1.3297299961089997,0.10608304780917345,-0.4301405112466897,-0.29429738304996345,-1.7196090338688252,0.19995793940503753,-0.17730250308028428,0.6765972683164937,-0.6177148314801074,-1.175048096251087,0.5337254978059351,1.3497724280541432,-0.3944048900113141,1
-1.0488066626304537,-0.5916252045963298,-0.4445202009343899,-0.13478617003801185,0,1,0,1,0,0,-0.3062576875868511,-0.23324061976819627,0.6617281651178678,-0.526334889815611,0.6742653199713425,0.22738438995746776,-1.0151524271378742,0.026943281571595337,0.8956102928844238,-0.8804207400793812,-0.4438542594753762,-0.819548743750551,-0.2526626533949661,-1.3517185530471512,-0.3172857187380685,0.9491932358873568,-2.042721523541936,-1.365513086194722,-1.052824935956895,-0.07358778644048274,0.06097291009442231,-0.3548303673605908,-0.27048161127533166,-0.8361360758059906,-0.7561254776039279,0.07358778644048274,1.0528249359568944,-1.2609229441355856,-0.25947596364157,0.13630344765189217,0.6149732640397371,-0.3064697006802721,-0.4660546508565234,0.10608304780917345,0.7325910426154264,0.139780294854656,0.3898463742377325,0.04820472807728505,1.3462746374355445,0.9748215097457181,0.5330569536548284,1.0772976494417266,1.5215080252738291,1.6281183686241134,1.0283361423219313,0
1.8553229837374106,-0.23087648099586283,0.27967722576327125,-0.13478617003801185,1,0,0,0,1,0,1.5613449890247548,-0.6676002623012743,-0.8350740607153893,4.741691555478041,-3.0090131119582795,-4.177910849499768,0.8967195520754536,1.2462121015183059,-0.8198571095173561,0.7746777710764117,0.06635704863325276,0.20227203696608442,0.2970715445904665,0.30813719398525585,0.1291091909669294,0.598860042134451,0.7713573719622157,1.0214533727598782,0.0915777400728132,0.1850492459657866,-0.9390233121748564,-1.5811264659152593,1.7225687225888053,-0.28167492466184973,0.9109829956091665,-0.1850492459657866,-0.09157774007281391,0.6609004958207222,0.5660657690356972,1.318992669312359,1.4806467971820387,1.7929287682809403,0.7311351137871589,0.10608304780917345,0.06817301183707392,1.752068812786101,-1.0257092285706153,-1.6210805965279906,-1.0896241441077272,-0.16621037050522874,-0.2623294272472596,-1.1433249167342867,-1.1948939252628807,-1.266679413303576,-0.6418381130257917,0
-0.48340089077122306,0.8771374557769975,0.27967722576327125,0.5985369837740325,1,0,0,1,0,0,-0.8236341047562825,7.1084258415740305,0.17558727125749374,-0.43259364595164235,2.8814655217379372,5.801194141718201,-0.3870713554196965,-0.6079636360088198,0.46545019099656404,-0.32340270385901176,0.13155180617613174,0.15218587243279608,0.474740245478229,-0.3671035216709615,-0.28938377098120116,0.8355856863387809,-0.2610365363911023,-0.15994313593682977,-0.4019224822967764,0.6061852033378367,0.17142662866783767,0.5445508610290289,0.20339702742808138,0.17805682762254119,-0.32717713274250515,-0.6061852033378367,0.40192248229677574,-0.3417899945912644,-0.25947596364157,0.04532735367801011,0.47284775859846334,0.3421249482670949,-0.6865896075014126,0.02452383803125581,0.2342775195316623,0.2638024885416898,0.25106641317809053,0.6552175733882943,0.37921369794645543,0.4302381123532211,0.4822876101929924,-0.4136917878478824,-0.5363722402842841,-0.32030321536567735,0.47161139053935697,1
1.110015375377516,-1.41619371568311,-0.8790386569529866,1.478524768348486,1,0,0,1,0,0,1.4477745559875626,-0.662948485674414,-0.5408308881156891,0.034376624407757565,-1.3144393969476973,-0.5364207332780372,-2.0377264572328584,1.1357069687691386,-1.6865648663801918,-1.696135778971531,-2.5194921083542536,-2.2284146440319894,1.7262330555753882,-0.08808440488811298,1.013206972166304,-1.0027636595794236,0.032647729492068185,-0.842895272807156,-0.13124877099039398,-2.9091208600381435,2.745495343046886,-0.5437849541155297,1.2979099008805495,2.323742941538698,2.4525399577743023,2.9091208600381435,0.13124877099039328,-0.007559831120602114,1.0914105080121401,0.34554846379182197,-0.25070026910256554,-0.22112829950298704,0.3215701943037938,0.8401159358104279,1.009431888773073,0.139780294854656,2.776861704463574,-0.4070549059059717,0.39746013076700454,1.0396528665781584,2.0561372575098895,-0.44541496736468245,-0.04248097655033679,-1.0996718489615938,0.7809029193074537,1
-0.25209852955608386,0.2587110724619126,-0.15484123025532542,-0.8681093238500562,1,0,0,1,0,0,-0.6091121756860305,0.20925963186188729,-0.7455217907937414,0.7258629603178974,-0.46758293208315554,-0.40002696127169696,-0.43385139194419786,0.39025047138549857,0.3166050287317965,-0.045597892332659574,-0.7698398768069897,-1.0232565614374536,0.29218375650622125,0.06271990346127851,-0.3473287968260252,0.2681437582456512,1.1101623803969578,0.8194730068349543,-0.9919856992599327,-0.41176056791003435,0.6659499101447075,-0.8835773831480733,-0.16335106325619622,1.1624178235648857,1.8008854371953824,0.41176056791003435,0.9919856992599321,-0.23037994010104354,-0.6347222057676005,-1.0918738209955157,-0.806281790372998,-0.3747428216220998,-1.033144539371952,-1.6066603575270884,-1.482135726645747,-0.728375060954584,0.5563823275093027,-0.8623145398892288,-0.15905607025973648,-0.21807545597118072,0.24536400737109418,0.9186817518577256,-1.277209135885205,-1.545025353873546,0.2860364732784985,1
0.9044132765196139,-1.158516055968491,-0.15484123025532542,-1.161438585374874,1,0,0,1,0,0,-0.34411449859924853,-0.21812234573090036,-0.5280377066983108,0.005444141733693132,-0.27820839517963436,-0.1719586867692921,0.7428112759436726,0.906507904616661,0.8479673324804595,0.2670357316987351,0.2207277121181137,1.0546080234418664,0.16271193110727358,-0.250710166727049,0.28328452490060446,0.7793678894828842,-0.7420120407690516,-0.5011815906664334,0.2181716668474233,1.2219795587840785,-1.283403805796906,-0.9604223297285764,-0.37601018359701427,-1.0965144837556247,-0.7762631123105601,-1.2219795587840785,-0.21817166684742473,-0.14682239923337803,0.41596727218528484,0.43652455776570404,0.795860270964994,0.4274663494443799,-0.34003467563087314,0.6769975162545934,0.6218547041523672,0.3258135853852078,-1.2200011740541141,-0.9381911455531051,-0.1864257194905595,-0.3477381696360611,-0.7361766328910565,0.2207718024881207,-0.4540570296619595,0.1250502895462747,-0.20882997275045564,0
0.44180855408933456,0.4133176682906843,-1.168717627632051,-0.13478617003801185,1,0,0,0,1,0,-0.3188766245909836,-0.23265914768983872,0.047655457083711085,-0.40771171085194696,0.35016515215532085,0.13615708015650582,0.9054026024498206,-0.3294340583336515,0.00967327628511162,0.9527804486553175,0.7853492135751057,1.279928830444621,0.0362157209104665,0.2434607215377949,-0.7259876469188923,-0.4700701728671606,-0.16920605176487694,0.1163597530948289,0.3506288912831737,1.3979208031972914,-1.0157212742991697,-0.2751199038188141,-0.48559888307526455,-1.4549267423424799,-0.9073897895743002,-1.3979208031972914,-0.3506288912831744,0.27096530510494976,-0.6347222057676005,0.1817914946388332,-0.09565426316663046,-0.15285517856115927,0.7941451013999841,0.4323198869208419,0.2896456887631914,0.2638024885416898,-0.859173275299045,-0.02767187758659086,0.7897584364088047,0.39133929825375646,-0.24540631275998087,1.2041903675089267,-0.20711139779498602,0.5704037944582268,0.904619530814692,1
-1.8712150580620608,-0.87507063028241,1.0038746524609323,-0.8681093238500562,1,0,0,1,0,0,-0.356733435603381,-0.20765584832046474,-0.6943490651242283,0.36420692689209205,-0.7173922815416779,-0.4411686892211504,-0.4415968907450848,-0.16149322447089998,1.5844752639877409,0.0550260685794371,0.6824758690541313,-0.1554944924459288,-0.8921093350272319,-0.48527073236829826,-1.166152743319323,1.2368710421421631,-0.07268275900865656,0.44263543178798825,-0.8569681418843172,0.6378546273322141,0.129174428229482,-0.9465716996633928,-0.923094652142495,-0.14640764832176142,-0.4551047075398245,-0.6378546273322141,0.8569681418843165,-0.14682239923337803,-0.7848207026180125,1.664701826413112,2.191274324388407,2.0489529718127955,0.3845801819166189,-0.5463906304141645,-0.2086678343205727,1.876091006473136,0.1400424443303771,-0.8623145398892288,0.11464042204849642,-0.38663698373552574,-0.4146374576327655,0.5697267771729232,-0.04248097655033679,0.29205785388825667,0.038603250264021984,1
1.6240206225222695,1.0059762856343069,3.176466932553916,-0.13478617003801185,1,0,0,1,0,0,-0.11697363252486404,-0.32743909646211683,-0.822280879298011,3.8245318547101976,-1.9495568978653288,-3.2075027011267907,1.6045717858036983,0.5856966345231382,0.6315488390103782,-0.21186800163908806,-0.6261294538297598,-0.04052157598369959,0.5468941916401362,2.592183959339897,-0.976831318390815,1.643187093800599,1.1186415506495877,1.3215375750974214,0.9910609039976785,-1.0381887348318013,0.35888354163234787,-1.7824551827368609,0.787896140971853,1.395445814461841,2.1042231809375744,1.0381887348318013,-0.9910609039976793,3.6132669398115715,-0.4846237089171882,2.083191858692969,2.850219849616129,3.363210549942984,-0.024984737566746233,0.5138790966987595,0.06817301183707392,2.3721797812212735,0.029018475482663446,-1.772833807855743,-1.0075151964152582,-0.5033334260339178,0.04228663352375219,-0.5088613263982832,-1.277209135885205,-1.712032918215528,-0.5181215015185524,0
-0.04649643069818187,-0.23087648099586283,1.4383931084795292,2.505177183685348,1,0,0,1,0,0,-0.7479204827314877,1.334408103483716,-0.4512786181940413,-0.12185878203219036,0.9891666006294079,1.1204282020776688,-1.0578484385461455,0.23491875944544535,-2.047457285793929,0.8981689230462937,-0.581898998646536,1.1343997530719818,0.7504352112254249,0.017105774827774152,-0.37489652108900723,-1.49561390563019,1.5788299746117769,0.32008374337547807,0.4407888507730546,1.1100169487029459,1.4880558933413206,-0.6979964747288393,1.295994961202261,0.35217250656449267,1.0689966734660192,-1.1100169487029459,-0.4407888507730553,0.15955525061472892,-0.18442671521636386,0.6002815269186915,-0.3282232720705331,0.2909201075607231,1.109195039464111,0.10608304780917345,-0.09793149585751397,0.6358690696027934,1.0004782029001573,-0.8623145398892288,-0.8615437338508666,-0.1402778277722523,0.008440404549195996,-0.9847090191502859,-1.6064699783745033,-1.4336869776455579,-0.20882997275045564,1
-0.020796168340944693,0.0783367106616796,-0.4445202009343899,-0.4281154315628296,1,0,0,1,0,0,-0.7100636717190902,0.5668649600517709,-0.579210432367824,0.12406732069735729,0.5077234935847342,0.34007694912336195,0.10277316133641325,-0.1399206100519077,-0.10170933394657847,0.38873522945476097,0.2219498439695657,0.6464373307798027,0.33649959984701416,-0.11435849961979494,-1.1406273295356475,-0.1979373331205216,0.017092777010058176,0.2764107923293956,0.3637290563372595,0.5209213695068188,-0.25717424798942023,-0.9506099907821424,-0.05986786399465838,-0.5082073107969394,-0.018684327653900906,-0.5209213695068188,-0.36372905633726016,0.04814519612450831,-0.9349191994684248,0.6912576208925736,0.47284775859846334,0.4616029099152932,0.9516700704320475,0.5954383064766764,0.4557501964577793,0.8219023601333442,-0.22078545442469194,-0.8623145398892288,0.13288685486904556,0.08014878545804377,-0.1269445113490324,0.506280418139323,-0.4540570296619595,-0.26463402725168356,0.2860364732784985,1
-0.5862019402001745,-0.23087648099586283,-0.15484123025532542,-0.13478617003801185,1,0,0,0,1,0,0.6654004617313493,-0.5315357959656113,-0.8350740607153893,4.741691555478041,-2.7010048488116833,-4.073267758845724,0.7758167507521573,0.6430388646622349,-1.3378469538757567,-0.25819898794278295,-0.9111493981210274,0.5100517617640696,1.3764649499515778,0.02162510217845348,-0.5246262506098853,-0.21555873679433907,-0.6846222981672817,-0.4581810360134134,0.2430696413654208,0.45457625868389784,-1.0571845300986595,-1.408150083263274,1.612265862013434,-0.3300495764663037,0.7372142380137365,-0.45457625868389784,-0.24306964136542153,0.38237535959517033,-0.10937746679115769,1.464554419670571,1.1059522828368633,0.7346953936826055,1.3297299961089997,1.4110304042558486,1.397009073393778,1.1939689411944467,-1.1089772052064004,-1.4693273852002382,-0.998391980004983,-0.127311556405765,-0.24540631275998087,-1.1116017372174867,-1.277209135885205,-1.266679413303576,-0.45626319576493324,0
1.110015375377516,-0.4885541407104817,-0.8790386569529866,0.3052077222492148,1,0,0,1,0,0,1.4477745559875626,-0.662948485674414,-0.8478672421327675,7.076542907275041,-3.4333518251335975,-5.978755832678561,0.06341269576956925,0.7087611655021164,-1.283037414127993,0.0768951347167977,-0.5863112905430781,0.1802328570884919,0.5612567646282643,-0.11027427099610415,0.9127682372933991,-1.0233163625020238,0.24861706487680224,-0.4117481356817023,-0.01001094667634824,0.2557448558590603,-0.19836164936096154,-0.05840576002818487,0.7256208710600225,0.14264405958806184,0.3602414786458398,-0.2557448558590603,0.010010946676347532,0.10385022336961848,1.2415090048625523,0.9096002464298897,0.17567624722125458,0.2738518273252659,1.0461850518512859,0.758556726032511,0.8433273810784847,0.8839134569768611,-0.3318094232724056,-0.2553016945782196,-0.615216890773458,-0.17917664187171697,-0.11002139686175369,-0.826093121566285,-0.5363722402842841,-0.48731077970765985,-0.2706882785040748,0
-0.25209852955608386,0.8256019238340739,-0.15484123025532542,-1.6014324776621007,1,0,0,1,0,0,-0.6091121756860305,0.20925963186188729,-0.7966945164632545,2.0393976737204222,-0.8545094670432389,-1.41515437915495,0.7234498896550206,-0.254145534551335,0.2858817745181865,0.9223259531171357,0.5562840357385703,-0.5616565065850948,-0.473244860452669,0.060091335159064556,-0.31106613614063067,0.170091618482903,0.9963099588612873,0.8702915544181973,-1.601295701775523,0.8221130942085976,-0.9459321282319222,0.037203495480421296,-0.219884289860334,-0.25807895867900904,0.12647382337532484,-0.8221130942085976,1.6012957017755223,-0.2582324537235989,-0.6347222057676005,-1.1919475243667854,-0.9354867953196102,-0.5454256239766699,-0.9071245641463012,-1.9328971966387571,-1.7036084035718644,-0.728375060954584,-0.9424412519348303,-0.1035484832504671,-0.40538291333714505,-0.4514683405679659,-0.5161761445564365,0.1890486229713212,-1.0302635040182315,-0.8213259083916238,0.10046155601764112,0
-1.1516077120594044,0.05256894469021735,-1.168717627632051,0.3052077222492148,1,0,0,1,0,0,-0.5081606796529707,0.0028370440449626386,-0.7839013350458762,1.6979943781664621,-0.9765561738802919,-1.3100640958058025,-1.2659145205258182,-0.3326900777211971,0.18711546854881075,-1.7942891250158135,-1.8146439936232268,-2.1042494440805957,1.018138135532346,-1.2194039057358828,-0.9824822178604388,-0.029893225623238703,-1.328952590105332,-1.0394314779044027,-1.601295701775523,-1.2817996886347096,0.5418709417540186,-0.5276015455193757,-0.2858329227711918,1.1062022105425886,1.3443235363984134,1.2817996886347096,1.6012957017755223,-1.1216603760228097,-0.8598699510432187,0.2727675886127153,0.21443774870523882,-0.34060626115118536,0.19555021907814235,-0.38327221085833024,0.4557501964577793,0.2638024885416898,0.41760236644966076,-0.5588081172337243,-0.24116501795220557,-0.3477381696360611,0.09305597698558829,0.5697267771729232,-0.4540570296619595,-0.9883334727336057,0.10046155601764112,1
-1.8712150580620608,1.0059762856343069,1.0038746524609323,-0.13478617003801185,1,0,0,1,0,0,-0.356733435603381,-0.20765584832046474,-0.822280879298011,3.8245318547101976,-1.6826484790538334,-3.115381005935623,-0.5793455306906117,0.27221377841420996,0.47333841964592244,-1.2435887902281548,-1.2655504835837867,-0.8738907755078444,0.6831245568117285,-0.5031915714181328,-1.4723141942835092,1.3732089022485383,-0.34312179686114674,0.5154391093777031,-0.05671543019588151,-1.1356331163529634,0.3028109740236357,-1.8485539927279209,0.7328730384112027,1.3397745256964477,2.148503578439995,1.1356331163529634,0.056715430195880795,-0.007559831120602114,-1.009968447893631,2.5198771097676027,3.082788858520031,2.7316841812310755,1.140700033270523,0.18764225758709038,0.2342775195316623,2.558213071751823,0.1400424443303771,-1.772833807855743,-0.4601222117987924,-0.03654765684034838,0.49921072468027106,0.030432725387320277,-1.1948939252628807,-1.6563637301015341,0.038603250264021984,0
-0.020796168340944693,-0.05050211919562982,-0.4445202009343899,1.478524768348486,1,0,0,1,0,0,-0.7100636717190902,0.5668649600517709,-0.7711081536284979,1.3305518482058438,-0.2460909445985543,-0.5923198201658815,-0.1619689686413553,-0.849785757037957,1.0784161265730605,-1.2655521421006732,-0.2629710687780633,-0.21814105112995633,0.525529975643108,0.03779507818592403,-1.5022287927480622,0.011825556665588592,-0.04598578397922759,0.38283715145122654,0.3506288912831737,-0.6452678416013011,0.2629861904552183,-0.3385422066894582,-1.4623474281828894,1.664080581148381,0.7156412338600682,0.6452678416013011,-0.3506288912831744,0.18740776423728422,-1.3101654415944555,0.6275743551108558,0.5374502610717695,0.4957394703862077,0.8571550890128092,0.4323198869208419,0.2896456887631914,0.7598912632898273,0.44535835866158957,-0.1035484832504671,0.7532655707677065,-0.1921429132382052,0.46536449570571364,1.5531453421937294,-0.12479618717266176,-0.4316415915936655,0.8427612250610729,0
-0.48340089077122306,-1.158516055968491,0.5693561964423357,-1.161438585374874,1,0,0,1,0,0,-0.785777293743885,3.474225351839442,-0.5280377066983108,0.005444141733693132,1.2208646399555152,2.6677149271331997,1.0301714019383872,0.1850293567223271,-0.599028861412725,1.559659753289053,1.2053070601621316,1.7455052347822646,-0.7726755202356778,0.15398312521520272,-0.590731670401644,-0.49370582316569966,0.8307736668362383,0.6568677556979988,1.1393967240133565,1.250621156711811,-1.2786202871605354,-0.8457406182921243,0.3227657816633935,-1.2832187589017086,-0.9256546947826171,-1.250621156711811,-1.1393967240133573,0.04814519612450831,-0.6347222057676005,-0.32767463161490584,-0.5220307794904515,-0.18699173903207253,0.2270552128845555,-0.22015379130249568,-0.7069813574043363,-0.23228628620644656,-1.1367331974183288,-0.6346847228976005,0.7076494887163344,0.7803274392483975,0.1607484349347019,0.2524949820049213,0.12214944469431245,0.9044189231421907,0.904619530814692,1
1.0072143259485644,-0.8235350983394863,-0.15484123025532542,1.7718540298733036,1,0,0,1,0,0,-0.7983962307480176,3.8405527612046884,-0.7199354279589849,0.5291220781342594,0.843988333151166,2.5447369359799423,-0.0827193922212312,-0.6167063919013521,0.03974313559577099,0.5468699234384398,0.9092456315507751,0.5917371388589685,-0.3439656999935498,0.5635997063976123,-1.6777636088968313,0.6531595201469652,1.25649324472364,2.132273568124549,0.8989187262297652,-0.08447776675232606,0.6781655144366108,-0.8342978754658706,0.6020321295213659,0.5071312074836521,0.8996862737005719,0.08447776675232606,-0.8989187262297659,0.38237535959517033,-1.6103624352952797,-0.4277483349861756,-0.04397226118798574,0.4616029099152932,0.1325402314653172,-1.1988643086375024,-1.592872065108806,0.20179139169817292,0.5008703430854462,-0.8623145398892288,-0.3597668312857729,-0.010615114107371936,0.19459466390925928,-0.3185222492974822,-1.1125787146405561,-1.266679413303576,-0.20882997275045564,1
-0.2263982671988458,1.0059762856343069,-0.15484123025532542,-0.13478617003801185,0,1,0,1,0,0,-0.81101516775215,4.7621860054013805,-0.822280879298011,3.8245318547101976,0.2556084424433621,0.7067749591076207,-0.9572528637864613,-0.11148317762810395,1.270391744855539,-0.3816003296069379,-0.46586061609497637,-0.23969661220372454,0.1450270636731612,-0.8794245123152178,-1.7557680449768682,2.2944621254170334,0.8927501023117432,1.7438680311825676,0.9573302853504951,-1.276386111883534,0.45237279845104933,-1.6058757241384647,0.5690450853673916,1.4007531459449076,2.308189332975144,1.276386111883534,-0.9573302853504958,-0.8988402670423681,-1.685411683720486,-0.4914316007678933,0.6924962670077037,1.0589927181562884,-1.4742144526617298,-0.7910682597479163,-1.2052948804881005,0.3258135853852078,0.3065783976019474,-1.5452039908641146,-0.3415203984652251,-0.010615114107371936,0.549980068142106,0.37938770007212164,-0.8656330827735822,-1.378017789531564,0.40975308478573785,1
-0.2263982671988458,-0.4885541407104817,-0.15484123025532542,0.3052077222492148,0,1,0,1,0,0,-0.81101516775215,4.7621860054013805,-0.8478672421327675,7.076542907275041,-0.46758293208315554,-1.8064479873698602,-0.5432922601544884,-0.8022146528692422,1.7098177252486,0.6069201434022269,1.2489057571830748,0.7984542588558,-0.9400192534813496,-0.8796603526397231,-1.80276387305708,2.6699155391706872,0.748269984857546,1.8875428703689798,1.2643654038056176,-0.16498583548630744,-0.12348514669102924,-0.7049044860656454,0.3456295215458272,-0.07793825033909704,0.21917958180316077,0.16498583548630744,-1.2643654038056185,-0.8431352397972577,-1.685411683720486,-0.09113678728281299,1.2868392897621204,1.5881094054554559,-1.348194477436079,-0.46483142063624716,-0.983822203561983,0.6358690696027934,-0.026493508941193386,-0.5588081172337243,0.42482977999782756,0.5469345546516133,0.4822876101929924,0.2524949820049213,0.4514102871836102,0.4033962301162448,0.7190446135538346,0
0.44180855408933456,1.1605828814630785,-1.168717627632051,-2.6280848929989626,1,0,0,1,0,0,-0.4198281206240434,-0.1541604171115716,-0.20820817126385424,-0.29024583119524533,0.2752599661670599,0.10574797688951851,1.0966977325183345,-0.38426102961507796,-0.7017247657350355,0.6952984615080168,0.1909888897491739,0.934944737716304,0.2653484010653294,-0.06411679524369697,-1.2330187267592092,-0.3620119625712655,-0.01753376401579033,0.12431412569139588,0.18032674558006626,1.0963072413460702,-1.5890496399919538,-0.7078007703284663,0.595494152595059,-0.9566895448379958,-0.12692636258270126,-1.0963072413460702,-0.18032674558006695,0.02029268250195297,-1.0850176963188372,0.36374368258659734,0.11107374474794844,0.10316902497069583,0.7311351137871589,0.35076067714292497,0.2896456887631914,0.38782468222872474,-1.497561096173398,-0.7105613285614767,-0.19554893590083341,0.13201387092399572,-0.2623294272472596,-0.0647368131630805,-0.7833178721512579,-0.3759724034796717,-0.2706882785040748,1
0.9815140635913272,0.9802085196628456,-0.8790386569529866,0.3052077222492148,1,0,0,0,1,0,0.17326191857018283,-0.4350114309582606,-0.6687627022894718,0.28319597540471164,-1.1132404247016958,-0.5534140556919419,-0.7022445689758126,-1.997761157078399,0.7864772555354039,-1.3193070464326218,-1.6849606083454276,-1.8337737500776259,1.1528995304996619,-0.708291325264926,-1.6229044465335565,0.060385888408430885,-1.4001531266031522,-1.9708434406118767,-1.741654613069294,-0.7736968421314995,0.2687718210264801,1.1161998359001088,-1.014458761203324,0.3939308324774638,0.26638628721320795,0.7736968421314995,1.7416546130692934,-0.7038726716844818,-1.535313186870074,-0.20940570944885942,-0.1473362651452761,-0.6819718658603261,-1.033144539371952,-0.22015379130249568,0.7879592118469556,-0.5423417704240322,0.5563823275093027,1.5657368413548085,1.127317443588959,0.35244048415429274,0.49921072468027106,1.8386539578449304,0.36909507656128593,0.013711913318286572,0.904619530814692,0
0.44180855408933456,2.1397579883786295,-1.8929150543297122,0.3052077222492148,1,0,0,1,0,0,0.11016723354952047,-0.42163757315603734,1.0199372448044592,-0.5998233958077348,0.4316839986010679,0.1392874290222251,-1.2219501440304619,0.09416290410491168,2.378270817570435,-2.196414125289821,-1.256845151323656,-0.4237703484001899,1.1210894135340097,-1.8506408478759215,0.12667027625556293,2.39314795783658,-3.0149186790795994,-2.063129200886833,-1.3044950872689045,0.7158101325491454,-0.14998710892267164,-0.002346038961181455,-0.8462929768462581,-0.022327970658632765,-0.3802838572254113,-0.7158101325491454,1.3044950872689036,-1.7344156757190237,0.19081952690966666,0.22727954162577424,1.4677262966873774,-0.08458205761933026,-1.3796994712424915,0.5138790966987595,1.4523772426253072,0.07776919801113909,-0.16527347000083534,-0.02767187758659086,-0.06782390615699217,-0.4903671546674297,-0.4654068010946016,0.3476645205553221,-0.5363722402842841,-0.26463402725168356,-0.3944048900113141,1
0.9044132765196139,0.4648532002336079,0.5693561964423357,0.5985369837740325,1,0,0,1,0,0,0.1480240445619179,-0.4257078777045401,-0.5920036137852022,0.10670783109291863,-0.8750823025442762,-0.4098652005639576,0.28288331208040074,0.25031912471836404,0.37269117144157965,-0.81513915263511,-1.11200397216843,-1.0866690954122538,0.08385537634412656,0.00845859556802678,0.2703626370057676,0.32773050559536937,-0.13219599969899204,-0.7062945978718159,-1.0255223183500044,-0.4649864905896614,-0.38490440256415126,-0.07272749979370362,-0.18014376467491353,0.9701171164334111,0.7561004195535388,0.4649864905896614,1.0255223183500037,-0.09111737198826762,0.11577027848446049,-0.3640650692044592,-0.1473362651452761,-0.18699173903207253,-1.0961545269847772,-0.7910682597479163,-0.4301405112466897,-0.29429738304996345,-0.7203933142394032,-0.6346847228976005,-1.7647421584680356,-1.5665676780859363,-1.176177609560296,-1.1116017372174867,-0.7833178721512579,-1.0440026608476,-1.4459960878228426,1
0.4161082917320974,0.43908543426214564,0.27967722576327125,-1.161438585374874,1,0,0,1,0,0,0.40040278464456736,-0.4728071160515004,-0.438485436776663,-0.15079126470625479,-0.7278082766659205,-0.24708705954655488,-0.5999422485810652,0.5005506180430326,0.7336006911355434,-0.4976360193375754,-0.35235765234210725,-0.529839791840718,-0.06960562516679593,-0.7067844699305416,-0.6770520766609024,0.5995559817930293,-0.5216060536545772,-0.1776535833020491,-0.7497849732599842,0.020989325180847843,0.12802358629836755,-1.3652773394971203,-0.4003607798073829,0.15505852332210723,0.284638058470589,-0.020989325180847843,0.7497849732599834,-0.6203151308168162,-0.5596729573423944,0.30006041680488094,0.5762117625557528,0.32505666803163763,-0.11949971898598452,-0.5463906304141645,-0.26403600355210183,0.07776919801113909,0.16779843654230542,-1.2416975682086098,0.22411901897178985,-0.02358138547386016,0.04228663352375219,0.6966194952401235,-0.04248097655033679,-0.04195727479570725,0.34789477903211874,0
0.9044132765196139,-0.05050211919562982,0.5693561964423357,1.478524768348486,1,0,0,1,0,0,0.1480240445619179,-0.4257078777045401,-0.7711081536284979,1.3305518482058438,-1.5982736770707946,-1.3556777507062836,-0.76108820805151145,0.38397047765635306,1.0329196854339424,-1.5622188277500293,-1.4275758635664424,-1.1693169800648642,0.7200834021408306,-0.10935640578679083,0.11685364454230884,0.26635451031071455,-0.11997656646275263,-0.6127827750031788,-1.1128149709452282,-0.4911325578708816,0.9490440480818974,-0.4099501148336048,-1.1443752172712764,1.991490140778176,1.257655428240563,0.4911325578708816,1.1128149709452275,-0.2582324537235989,-0.10937746679115769,-0.6278957417287164,-0.40574627503850064,-0.42594766232847037,-1.1276595207911904,-0.9541866793037505,-0.5962450189412776,-0.6043528672675491,1.4445740782910115,0.04820472807728505,1.5652318312821314,0.6117659114840535,1.446905135967865,2.2193321120465326,-0.4540570296619595,-0.7099875321636356,1.708777505611744,0
0.44180855408933456,-0.23087648099586283,-1.168717627632051,-0.13478617003801185,1,0,0,1,0,0,-0.4198281206240434,-0.1541604171115716,-0.6559695208720935,0.2629432375328666,-0.48783921208039627,-0.3217682396287149,0.2878182586164615,-0.6845272850837447,-0.6786890528063638,0.052017541879341704,-0.003583822497882907,1.130300788487706,0.4153752487816786,0.3035942295378896,-1.242911660353911,-0.35468435776084556,0.30226333885175377,0.3812048354342589,-0.4633576356367666,2.001147926899734,-0.09687051786687516,-0.3055864351530998,0.5713670974835717,0.22944680950507523,0.37683147106913567,-2.001147926899734,0.4633576356367659,0.27096530510494976,-1.1600669447440433,-0.018355912103706302,-0.19901826712392082,-0.06751377738387422,0.4475901695294441,-0.709509049969999,-0.5962450189412776,0.139780294854656,-0.44283339212011924,-0.7105613285614767,-1.4545528005187045,-0.996051737960463,-0.8546384343020056,-1.3019408143182878,-1.9357308208638015,-1.545025353873546,-1.0129879475475077,1
0.13340540580248203,-1.2615871198543382,-0.4445202009343899,0.3052077222492148,1,0,0,1,0,0,-0.6848257977108253,0.34881293066769553,1.8131144926819118,-0.67851974868119,1.86967934321832,0.7926359565673495,-0.6546568489433465,-2.298747000707108,1.3655398620444315,-1.0167363089188035,-0.26127049849805206,-0.13927146426857642,-0.20279104210744522,-0.15480553792537738,-1.121751945238929,-0.4482058688332083,-0.9912561944218689,-0.22450288140884495,-0.02757457514840374,-0.1626015385546773,0.7556364150933615,2.0313559263976915,-2.317142410639074,0.3906324848271107,0.12048107626676711,0.1626015385546773,0.027574575148402326,0.0759977097470634,-0.8598699510432187,0.9914787310063841,0.5762117625557528,0.12023730520615308,1.7077899217859516,0.35076067714292497,0.40038202722625016,0.7598912632898273,1.0906851775889246,2.571101866401168,1.166091113332625,-0.3931201194187694,-0.22002164102906344,3.1075811385169376,0.9247227482619764,0.9183362201706894,1.1675173302675748,1
0.44180855408933456,-0.05050211919562982,-1.168717627632051,1.478524768348486,1,0,0,1,0,0,-0.4198281206240434,-0.1541604171115716,-0.7711081536284979,1.3305518482058438,-1.0320228333629249,-1.1468387620932972,-0.5849526282699224,-0.5433291919415596,0.7870082885579196,-1.3675995291508742,-0.8740522243662183,-0.9189294051308929,0.4812863112192007,0.49543712820095115,-1.3839934959653084,0.10641313972277076,0.2875053975364544,0.48398912976725145,-0.6247379431982625,-0.6337026228571595,1.3084258098758952,-0.6407179350340905,-0.968931752415098,2.1326241644273836,1.6088318836043982,0.6337026228571595,0.6247379431982617,0.4102278732177254,-1.3101654415944555,-0.1457224436671417,-0.06981326217730856,0.0519641842643253,0.038025250046078915,-0.9541866793037505,-0.8177176958673952,0.015758101167622184,1.7776459848341521,-0.2553016945782196,1.3918907194869166,0.585833368751077,1.480751364942421,2.1558857530129325,-0.6186874509066087,-0.9326642846196119,1.708777505611744,0
-0.04649643069818187,-0.2824120129387873,1.4383931084795292,1.0385308760612593,1,0,0,1,0,0,-0.7479204827314877,1.334408103483716,-0.6943490651242283,0.32948794768321477,0.3961993940929838,0.77161789989752,1.1128106196838683,-1.062167979478136,-1.3186810532677027,2.325215589138521,1.9552649917609612,0.3959642851513723,-1.633388053929195,1.4195458395330083,-0.7095644150192564,-0.8109371244455632,2.4946814883422417,1.9665280910817866,1.116988546947158,-0.5677675826606664,-0.12899677862148906,0.7470328315038963,0.9877675723040898,-0.6675327903909343,-0.6220083229728905,0.5677675826606664,-1.1169885469471588,1.7750010407229295,-0.40957446049198204,1.0642596061854894,0.42116575661981864,1.4686314438072563,1.7707999093987767,-0.6279498401920818,-1.0945585420250417,1.3800022317249987,0.05677446769459199,1.0346006017076752,0.8080048692293539,1.2471132084419672,0.854596128913119,-0.5088613263982832,1.1922471827845313,0.9600881112561845,0.5334696962929761,1
1.6240206225222695,0.8513696898055362,1.0038746524609323,-0.8681093238500562,1,0,0,1,0,0,-0.43244705762817587,-0.12508681319369488,0.41865771818768077,-0.4771496692697016,0.7387635846727089,0.27255085216284597,1.1017441203631961,-0.7795543005996171,-0.27847224988717245,1.2275898729579031,0.8288302508239376,0.46958158030129543,-0.2694201354350565,1.2905395058357882,-0.28938377098120116,-1.5723242477943098,0.7912795671267113,-0.35636809762375415,-0.6711839829354725,1.3061253713295295,-0.24251015052263022,0.7800644332040666,-1.1993533401895218,-0.8737754471525038,-1.425444004739904,-1.3061253713295295,0.6711839829354719,1.217950768271826,-0.25947596364157,0.04532735367801011,-0.7804407893836761,-0.4600842227993849,0.6051151385615076,-0.05703537174666111,0.2896456887631914,0.3258135853852078,-0.38732140769626244,0.4275877563966659,-0.6973258384659271,-1.1516469943583196,-1.3623318689203594,-0.2550758902638815,-0.6186874509066087,-0.04195727479570725,-0.9511296417938885,1
1.2899172118781799,0.9802085196628456,1.0038746524609323,-0.13478617003801185,0,1,0,1,0,0,0.48873534367349464,-0.4989733595775894,1.672389497090751,-0.6698400038789707,0.4062496222487199,0.13392111668099205,0.4849285255205682,0.2037461107589882,0.18053352342665988,0.4034545232730754,0.2958070904375565,0.3878906355453597,0.6174041637042658,-0.34405234861809125,-0.23552958350929482,1.1533019692700748,-0.31074624375795584,-0.139529239056531,0.5209310369862826,0.012383503443245562,-1.0180779720995414,-0.5155962974902161,0.9121618806654357,-0.8531716882141622,-0.5207868497824081,-0.012383503443245562,-0.5209310369862833,-0.5646101035717058,-0.5596729573423944,-1.1373618679824566,-0.4574282770171454,-0.5454256239766699,-1.6002344278873806,0.5138790966987595,0.2896456887631914,-0.9764194483286528,-1.0257092285706153,-0.6346847228976005,-0.5696008087220858,-0.0495139282068366,-0.38079122865820925,-1.016432198667086,-0.28942660841731066,-0.32030321536567735,-0.76555472453303,1
0.3647077670176212,-0.514321906681944,0.5693561964423357,1.478524768348486,1,0,0,1,0,0,-0.3062576875868511,-0.24719594964877709,0.7896599792916505,-0.5558460221431568,0.7273809871069988,0.23945859272524214,-0.46666770771428795,-0.6530095247902636,-1.6628411207746385,-0.009510950432773092,-0.14181613324557749,-0.3909020717897934,-0.14371951449123763,-0.09952969056952198,-0.9631951379222728,-0.3124423047998458,-0.14723184642152845,0.29356364157160686,-0.5860329100839196,0.048076501797563044,0.5494639134337926,-0.06863167855840126,1.95918513310339,-0.13314389817239575,0.470975677269318,-0.048076501797563745,0.5860329100839188,-0.23037994010104354,-1.009968447893631,-0.5460172571522233,-0.6124742829530796,-0.6307670251539549,0.2270552128845555,-0.709509049969999,-0.5408768497097485,-0.23228628620644656,0.3898463742377325,-0.17942508891434333,-0.350643614875499,0.6636309969500054,0.5669031826293847,-1.397110352868688,-0.4540570296619595,-0.48731077970765985,-0.5181215015185524,1
-0.12359721776989524,0.7740663918911503,1.0038746524609323,-0.4281154315628296,1,0,0,1,0,0,0.009215737516460692,-0.4041934108053113,-0.3617263482723934,-0.21733597485660297,-0.367514135255949,-0.14289116158761306,0.7125120043616909,0.6166955396885534,-0.6832789088822079,0.5202238488258112,0.29822251625335067,0.6605138284598715,0.3593672411302053,-0.16535598555280964,0.404517153900958,-0.05694080600766489,-0.5228223931416365,-0.605840581501616,0.20841782115995966,0.6941558255444424,-1.1559870389644502,-0.441197577309504,0.8768451397336187,-1.2212105931379766,-0.9791892874000482,-0.6941558255444424,-0.20841782115996035,0.04814519612450831,0.7161642658861095,0.9186978558272787,0.7441782689863493,0.47867119015075044,0.4790951633358572,1.4925896140337656,1.5077454118568363,0.6978801664463103,-1.053465220782544,-0.3311783002420958,0.3062279666642602,0.7284623537824456,0.1438253204474232,-0.6040308649486834,0.2044646553166367,0.6260729825722207,0.038603250264021984,0
-0.3034990542705592,-0.6689285025107157,-0.4445202009343899,-0.8681093238500562,1,0,0,1,0,0,0.6906383357396142,-0.5321172680439689,1.3525599616562942,-0.644379419125794,0.22403479788862535,0.08875465447561383,0.20616996746719515,-0.05363730266046578,-0.4495944773830908,0.025964176301009625,0.27181072833957504,0.1866952159527679,0.22724086629863952,-0.18828881727740443,-0.8461023606879389,-0.32527888704166363,-0.8254786040832802,-0.3235276559161398,0.32101112681306715,-0.06374491962016257,-0.4748203261807297,-0.7739878897463223,0.28773680038624266,-0.8536063804633347,-0.6692290454875075,0.06374491962016257,-0.32101112681306787,-0.003580900603094244,-0.6132795633603989,0.7965299582052086,0.48761404487807614,0.11292232796238552,1.1947085940815172,1.6440567179070404,1.5947525349349545,0.8484785444948515,-0.2723322971039876,-0.5046105417595268,0.9526730151637045,0.9729691852647915,0.5233866025192409,0.3657920517077793,1.2040064985877206,1.2861504987810075,0.8692719275269096,1
-0.14929748012713334,0.0783367106616796,0.5693561964423357,-1.6014324776621007,0,1,0,1,0,0,0.26159447759911014,-0.45187412123062914,0.07324181991846762,-0.4140768570402411,-0.12679383307566364,-0.027515446251102374,0.15557993188953023,0.6069864277886096,0.25130803442573346,0.8121915009705031,0.1460621926260268,0.5144027984110443,0.27872796342724016,-0.9060484687703761,1.1512730125804975,-0.11999292596246873,-0.21485657492072047,-0.4355505432035601,0.5061221547512287,0.19961827368027837,-1.1216506368797494,0.32021210960322366,-0.46412782044758194,-1.3102664213831559,-0.6151183363543655,-0.19961827368027837,-0.5061221547512293,-0.7595776989295921,1.391607501712964,0.7003552302899613,0.5245297605771081,0.4103980692089227,0.3215701943037938,1.4110304042558486,1.2309045656991897,0.6358690696027934,-1.0812212129944723,0.19995793940503753,-0.2594114507727547,-0.4514683405679659,-0.9054077777638412,0.5380035976561225,0.12214944469431245,0.23638866577426285,-0.45626319576493324,0
1.6497208848795075,-0.41125084279609675,3.176466932553916,0.3052077222492148,1,0,0,1,0,0,-0.25578193957032125,-0.28092133019351406,0.5593827137788417,-0.5055035022902847,0.5685690021023868,0.17461565193534273,2.1984247071695684,-1.4836526194571993,1.2210045503158156,1.3507966568815415,1.6015438279721488,0.78585706089087215,-1.5068029407852341,2.5240919043519394,-0.9216529420780427,1.8107027380839649,0.9368896397300854,1.0290950444611893,0.8686312511301267,0.21031740340810925,-0.5349201805496007,1.113068096761967,0.1504275040917333,-0.8958354081394687,-1.0773743996995588,-0.21031740340810925,-0.8686312511301275,3.5575619125664613,-0.40957446049198204,2.1286799056799097,3.005265855552064,3.414415390649356,-0.37153966943728567,0.5138790966987595,0.12354118106860354,2.2481575875342377,-0.3318094232724056,1.4898602356909325,0.9722227646142934,0.9099901529132779,0.4484413812184362,0.09387908442092041,1.1922471827845313,1.461110804282131,0.34789477903211874,1
-1.2544087614883548,0.5421564981479937,-1.6032360836506476,0.3052077222492148,1,0,0,1,0,0,2.898952311462797,-0.7286548305288154,0.12441454558798068,-0.419863353575054,-0.8977057372185587,-0.23590724216898604,0.8091162353631056,-0.30003426258583354,-1.1159744692157214,-0.7200657639106444,-0.07654660101364184,-3.335870992515266,-1.6426780185529755,-0.17050140353649912,0.3528923563341128,-1.5104499657508843,-2.50196414722332,-1.377582450672679,-5.269341916919384,0.6763389906671557,-1.295458814802332,0.7653262570998524,0.007717936443663389,-1.5081424277431958,-1.2454268081527027,-0.6763389906671557,5.269341916919384,-0.48105256270404034,-0.18442671521636386,-1.3738997123145495,-1.8011603284619129,-2.4229364498769406,0.3845801819166189,-2.666930084640012,-1.0945585420250417,-0.4803306735805153,-1.3032691506898992,0.27583454506891375,-1.0257616292358074,-0.8663890242955825,-1.3284856399458025,-0.826093121566285,0.12214944469431245,0.514734606344233,-1.136704559054746,0
0.13340540580248203,-0.4885541407104817,-0.4445202009343899,0.5985369837740325,1,0,0,1,0,0,-0.356733435603381,-0.21812234573090036,0.5977622580309765,-0.5136045974390228,0.7118913981583822,0.2291731607378788,0.9637895382521136,0.1305927569023779,-0.5237587386909653,0.5442125482314791,-0.04793718023576802,0.49853072816712163,0.35525778656394424,0.9349755494172417,0.20896789711660393,-0.6180122279670492,-0.14155779268465343,-0.8068464718076541,-0.4291756706205303,1.1055876586338,-0.40595626168140064,0.030096794744344037,0.09495305357733237,-0.8755623270489644,-0.725407857720852,-1.1055876586338,0.4291756706205296,0.6330479821981672,-0.03432821836595151,-0.6369933511261053,-0.8321227913623208,-0.8355863879794388,-0.5605696322757617,0.10608304780917345,0.34501385799472056,-0.728375060954584,-0.5538573609678327,-0.2553016945782196,-0.8432973010303187,-0.671894953798262,-0.939254006738398,-0.7309235830158842,-0.7010026615289333,-0.26463402725168356,-1.0748462533011267,1
0.3904080293748593,-0.4370186087675581,1.4383931084795292,0.3052077222492148,1,0,0,1,0,0,0.6527815247272168,-0.5315357959656113,0.32910544826603294,-0.46210477827918806,-0.16802597984010664,-0.051663851786651116,0.4591515436204793,1.5209623886352182,-0.6063646368106268,1.1978468252244365,1.1550536603626755,0.540038612906768,-0.925756821068578,0.5974565888640916,2.1468786349673272,-0.8824004061531435,0.9874394207724766,0.6153960684597801,0.1961688056454712,0.5419904249708541,-0.04148981441537898,0.06312727662136537,-0.057806537957443616,-0.6390857554954328,-0.9008118446137451,-0.5419904249708541,-0.19616880564547262,0.3893384880008092,1.6918044954137887,-0.49825480781593473,-0.8482734169806473,-0.4600842227993849,0.30581769740058723,-0.7298988524144783,-0.8869279074068068,-0.5578445446349117,-0.05424950115312168,0.04820472807728505,-0.02220782410562002,-0.0495139282068366,-0.29617565622181696,-0.3819686083310823,-0.04248097655033679,0.23638866577426285,-0.5799798072721716,0
1.0329145883058024,-0.5916252045963298,0.27967722576327125,-0.13478617003801185,1,0,0,1,0,0,-0.10435469552073157,-0.3518609237531332,0.38027817393554597,-0.4655766762000758,0.32723087974730214,0.0892018471707166,-0.5073234830264539,-0.2258691377077398,0.9819176746515468,0.16109285354959263,0.16913538803767747,0.27921814955280366,-0.04313667093570765,-0.5429500255196752,-0.6892167580648523,1.0999517804505348,-0.419819316056692,-0.041056431853190474,0.6912331826893902,-0.30473640080153597,0.1629363846569066,-0.380429738308268,-0.23696889527801146,-0.6339116996784139,-0.2599679027363919,0.30473640080153597,-0.6912331826893908,-0.5089050763265954,-0.6347222057676005,0.03622974428062242,0.6020527635450756,0.39332978897346543,-0.6865896075014126,0.758556726032511,0.4557501964577793,-0.046252995675895824,0.5286263352973745,0.04820472807728505,1.446630017948564,1.078551680677623,0.7192112130148905,1.5214221626769286,1.3568776040291806,1.2941032399401495,1.3376276710900281,0
1.6240206225222695,1.289421711320388,1.0038746524609323,1.0385308760612593,1,0,0,0,1,0,-0.43244705762817587,-0.12508681319369488,0.48262362527457214,-0.49393050922065895,0.7708810352537885,0.2855194403208259,1.1421131452005973,-0.20126844530828308,-1.6106589811622845,0.5223486123850172,0.017832452190104618,-1.1264233645032478,-0.9834126219711178,1.369014270081127,-0.8263389430418787,-0.886345296220186,0.6097289521048518,0.18971260053042818,-0.5532824974487066,-0.9875682768987283,-0.22023320245605943,-0.5515609554158699,1.3111332407573348,-0.10106248458122434,0.16203436864772142,0.9875682768987283,0.553282497448706,1.245803281894381,-0.7848207026180125,-0.06384395909064733,-0.5091102789957901,-0.2552648599739003,0.5106001571422693,-0.46483142063624716,-0.26403600355210183,0.20179139169817292,-0.44283339212011924,-0.7864379342253526,-1.0348848456460813,-0.2958730841701091,-0.3130987707090945,-1.5557262504526888,0.8629863402952329,0.4033962301162448,-0.8892713360402683,0
1.0586148506630406,0.3617821363477598,-0.4445202009343899,0.5985369837740325,0,1,0,1,0,0,-0.3188766245909836,-0.2355665080816264,-0.3233468040202586,-0.24337520926326098,0.004562891386886028,0.006918391271809734,-0.35804621846106505,0.7159194435565426,0.6299809302203357,0.1586783261767434,0.2657408000125101,0.0662786158075251,-0.4754562608507385,-0.4273954004486748,-0.17471237050439478,0.6739769015722769,0.19093437141047526,0.5897588665362652,-0.7581467807413153,0.8423168734713579,0.0708235342995335,-1.1576449213701703,-0.1839232481017543,-0.025036927297477973,0.2303086909950326,-0.8423168734713579,0.7581467807413146,-0.5646101035717058,-0.40957446049198204,-0.8007503202790929,-0.3669847735545164,-0.27233314020935756,-0.7495995951142377,-1.3619827281933365,-1.2606630497196296,-0.4183195767369984,-0.16527347000083534,-1.2416975682086098,-0.8615437338508666,-0.8145239388296306,-0.7700228618656133,-0.2550758902638815,-0.9479482933959068,-0.7099875321636356,-0.5181215015185524,1
0.8273124894479005,0.026801178718756015,0.5693561964423357,-0.4281154315628296,1,0,0,1,0,0,-0.06649788450833415,-0.3594200607717812,-0.2849672597681238,-0.2665211954025125,-0.21155537517476994,-0.07044594498096682,-0.9892820575765688,0.9575904791657324,1.1456729834597736,-0.6506928353679543,-0.7770463262188515,0.8068783912410151,1.4104745948004134,-0.7269188927761124,1.6256190202729779,-0.10208971039363532,-0.7105843245823684,-1.00416766970101,0.7808658909541826,0.3260326064644921,0.6492919902177907,0.31418646355780566,-1.6687636621131148,0.17444078883573808,0.02982399659308309,-0.3260326064644921,-0.7808658909541832,-0.6760201580619267,1.5417059985633763,0.07262018187017576,0.007709740790658993,-0.27233314020935756,-0.30852968182446,1.7372672433675176,1.397009073393778,-0.4183195767369984,0.44535835866158957,0.12408133374116129,-0.4509989953885172,-1.1905458084577836,-1.057715808149347,1.0138512904081252,-0.37174181903963527,-0.26463402725168356,-0.20882997275045564,0
0.544609603518286,0.1298722426046032,0.27967722576327125,-0.4281154315628296,1,0,0,1,0,0,0.13540510755778543,-0.424544933547825,-0.3745195296897717,-0.21444272658919655,-0.47618798477929625,-0.16077886939172326,-1.7397351185450174,0.35729004277284493,0.6054234121713581,-1.3846994027281663,-0.9199621493362544,-0.3356973012615265,0.7940040995211599,-1.2310759478379838,0.5374749729514829,0.17566348537441415,-1.4217688234585506,-1.2827146221010741,-0.7099870034754222,0.24630538521990228,1.189067450430998,0.04803883250081792,-0.6511092243632738,0.4608379320832137,-0.05632531816744438,-0.24630538521990228,0.7099870034754215,-1.2330704305130304,0.19081952690966666,-0.7734574920869285,-0.5737127814690962,-1.05747403104038,-0.844114576533476,0.10608304780917345,0.5111183656893089,-0.9764194483286528,0.8339422496285867,-0.17942508891434333,-0.6608329728248301,-0.8663890242955825,-0.6515610604546642,-0.28679906978068154,-0.28942660841731066,-0.2089648391376897,-0.5799798072721716,0
0.5703098658755232,-0.5916252045963298,-1.168717627632051,-0.13478617003801185,1,0,0,1,0,0,-0.3945902466157784,-0.15706777750335926,0.38027817393554597,-0.4655766762000758,0.6597233470560205,0.2390114000301394,-1.081528943934376,0.41901418763120957,1.905176785914032,-0.74150250238453,-0.9308938536437303,-1.3586961864840328,0.33893621770707427,-1.2872982154042987,-0.2978250357549312,2.3713083789624774,-1.5455494961523026,-1.3303578955823891,-1.589599125834377,-0.27655448845948655,0.21763911481458453,-0.8734647052722436,-0.22150425739559326,-0.5308183808553558,-0.08862795072071311,0.27655448845948655,1.5895991258343762,-1.2052179168904753,-0.25947596364157,0.07262018187017576,1.2997597902567817,0.4957394703862077,-2.041304341177158,-0.13859458152457876,0.7879592118469556,0.20179139169817292,0.6118943119331598,-0.482931511569848,1.528738965641033,1.1563493088765513,0.8376730144258402,1.6800380602609295,1.0276167615398821,0.9600881112561845,1.3994859768436472,0
1.0586148506630406,1.289421711320388,-0.4445202009343899,1.0385308760612593,0,1,0,0,1,0,-0.3188766245909836,-0.2355665080816264,0.48262362527457214,-0.49393050922065895,0.6077361497648164,0.2005528282513025,0.04052707673859884,0.15604354585243702,0.01998107538735288,0.03428095274917271,0.3369174030307655,-0.3224456890633267,-1.0481244073794496,-0.21694689677668139,-0.608684681173583,1.510041183665781,0.13647084042206237,0.9504531247509063,0.27586209560863995,-0.7133741297612541,-0.27312466979540306,-0.8239416152918072,1.4901309623430177,0.08901079372697568,0.48992336083419014,0.7133741297612541,-0.27586209560863995,-0.5367575899491508,-0.9349191994684248,-1.4648758062884317,-0.6124742829530796,-0.5283573437412127,-1.5057194464681423,-1.3619827281933365,-1.592872065108806,-1.2244638357027204,-0.6371253376036178,-1.1658209625447336,-1.7464957256474865,-0.892321567028559,-0.8038690908401701,-1.9681275841710915,-0.20711139779498602,-0.5429799678216537,-1.4459960878228426,0
-0.4320003660567478,-0.5916252045963298,0.5693561964423357,-0.13478617003801185,1,0,0,1,0,0,-0.05387894750420167,-0.3629088932419264,0.38027817393554597,-0.4655766762000758,0.2833294713157344,0.08070518596376425,0.32465666765289836,1.069122437203482,-0.1555103295026759,0.42454217602498306,-0.4189361505268927,-1.0710783228890792,-0.10769754633660965,0.7008876983189584,0.49365553482858515,-0.47519977451931833,0.3555244636707609,-0.32433597459411995,-0.5532824974487066,-0.9120842410985298,0.24887573046154693,-0.9728708194367396,-0.2649421152433293,-0.22099711828841317,0.22798656117119395,0.9120842410985298,0.553282497448706,0.5494904413305014,0.340918023760079,-0.2912841940253525,-0.4832692780064673,-0.32353798091572933,-0.34003467563087314,-0.46483142063624716,-0.26403600355210183,-0.4183195767369984,0.6951622885689447,-0.5588081172337243,1.7020800774362477,1.2730457511749436,1.0915197317350172,1.9655466759121307,1.2745623934068555,0.848749735028197,1.5232025883508855,0
1.2899172118781799,0.7740663918911503,1.0038746524609323,-0.4281154315628296,0,1,0,1,0,0,0.48873534367349464,-0.4989733595775894,-0.3617263482723934,-0.21733597485660297,-0.663256819999967,-0.21578357088936206,0.5783412547148461,-0.17173330377661256,0.523356959296855,0.4313876953109969,0.630643081601217,0.5601062523480362,-0.2253929546121351,-0.099478853407694,-1.0451124712884534,1.8588609963354386,-0.06530234545901403,0.2962061817359092,0.4783555005605047,0.28949096339405445,-0.9035956912695027,-0.8112613820582047,1.1525295375253093,-0.6475296334700283,-0.5306792078251555,-0.28949096339405445,-0.4783555005605054,-0.5089050763265954,-1.3101654415944555,-1.7196088694153011,-0.7158382869103699,-0.6990401460957827,-2.261839297822047,-0.30171300108041293,-0.5408768497097485,-1.4104971262332722,-0.7759052986632599,-0.6346847228976005,0.5525548097416701,1.1044842234105985,0.7361343275021692,-0.7309235830158842,0.36909507656128593,0.5704037944582268,0.16231986177126023,0
0.030604356373531493,-0.5916252045963298,-0.4445202009343899,-0.13478617003801185,1,0,0,1,0,0,-0.2684008765744537,-0.27045483278307847,0.38027817393554597,-0.4655766762000758,0.49428879958053606,0.15180882448510225,0.2780208273459093,0.803313181345715,-0.5672409955840009,0.18220078648777357,-0.18536182740662946,-1.174120962046859,-0.5863873684608841,0.6024887111466722,0.024984051337402436,-0.9211359435688607,0.11675977021164634,0.08352295203279496,-0.5566704711695901,-1.0492619600046589,0.21540489306799318,-1.077544077578571,-0.15021534562578906,-0.1303645184705161,0.3225233601394586,1.0492619600046589,0.5566704711695893,0.35452284597261524,-0.18442671521636386,-0.6187981323313287,-0.9613277963089331,-0.8697229484503528,0.3215701943037938,-0.7910682597479163,-0.6516131881728072,-0.29429738304996345,0.6118943119331598,-0.7105613285614767,1.5378621820513083,1.2082143943425034,1.0745966172477384,1.7434844192945298,1.5215080252738291,1.0157572993701793,1.4613442825972665,0
1.0329145883058024,-0.5400896726534062,-0.15484123025532542,0.5985369837740325,0,1,0,1,0,0,-0.25578193957032125,-0.2745251373315812,1.0711099704739724,-0.6050312426890664,0.7711535573679884,0.25645191513914684,-1.4514200330499454,-0.09185184035504357,1.3168336575887747,-2.1085114390946296,-1.4914583697566748,-1.7724994651310808,0.5266818523847474,-1.0769867603779675,-0.5890836888843313,2.4080137442106415,-1.4753254184583295,-0.8330879281434788,-1.2173253467419909,-1.2101494081044426,0.9421224062152745,-0.4640615742430885,0.6196658608589788,1.3855554939302612,1.1256207118725092,1.2101494081044426,1.2173253467419902,-1.1216603760228097,-0.7848207026180125,-0.9281168518425269,0.3048812521678669,-0.32353798091572933,-2.135819322596396,-1.0357458890816678,-0.6516131881728072,-1.1624527388592034,0.4810446343626402,-0.7214008436563161,-1.0544345950966687,-0.62002986833231,-0.08101034345499072,-1.22036692413223,-0.677484029922555,-1.1791992605530142,-0.9864772450816709,1
-0.8432045637725518,0.8256019238340739,-0.8790386569529866,0.5985369837740325,1,0,0,1,0,0,-0.596493238681898,0.14529770324255853,-0.11865590134220637,-0.3550545923851497,0.7233399851138923,0.38613779671894566,0.8274203447116306,-1.6996217140087797,-0.8439816642862185,0.8358007243056866,0.7516393552620004,-0.7571869271711471,-1.3602029242665898,0.39216253856003824,-1.0536848914633234,-1.0894850892840158,0.03405379668669478,-0.2897690762792612,-0.45503125954306645,-0.5814181964513455,-0.7587039431470236,1.27722574831119,0.05892376344341221,-1.0953456953055891,-1.2600710781156017,0.5814181964513455,0.4550312595430657,0.6609004958207222,-0.7848207026180125,1.0096739498011607,0.21443774870523882,0.22264698661889537,1.487254965141063,0.18764225758709038,0.4557501964577793,1.069946747507413,-0.6926373220274746,1.2622304186993043,0.15113328768959466,0.15794641365697218,-0.29617565622181696,-0.3819686083310823,1.6861384465184783,1.461110804282131,-0.3944048900113141,0
0.9815140635913272,0.9029052217484598,0.27967722576327125,-0.13478617003801185,0,1,0,1,0,0,-0.6469689866984278,0.2819436416565791,8.516741555388123,-0.798878876605298,2.548802754948453,0.8342248772119057,0.12047862548212365,0.5023322837499251,0.2538165789258164,0.10628308625115872,0.12486238107357645,0.9630429896127284,0.29623519710228785,0.5465735280143063,1.2817717000875746,-0.7531383939139813,0.7490584938658131,0.39004675678655004,1.1921218465220598,0.13114384342216406,0.3786013676046424,0.5945839270368805,-1.1038072197910471,0.5991719874973602,0.21847753090964614,-0.13114384342216406,-1.1921218465220604,0.6887530094432773,1.4666567501381707,0.5820863081239148,0.07231224326396513,0.3762615087380082,0.9831750642384596,0.4323198869208419,-0.09793149585751397,0.3258135853852078,0.3620903820258042,0.5793409677244183,0.06902433999712428,-0.5162996974004062,-0.2623294272472596,0.8552353928241243,-0.5363722402842841,-0.5429799678216537,0.22417816752487937,0
1.0586148506630406,-0.4370186087675581,-1.168717627632051,0.5985369837740325,1,0,0,1,0,0,-0.21792512855792381,-0.3082505178763182,-0.16982862701171944,-0.33248725589937944,0.05266069977133365,0.01988697942978962,-1.5059267445643554,0.3533259782438137,1.6492231808179496,-1.3946240886721923,-0.8091115421579931,-0.6953376194976523,0.4457463116431416,-1.4232104672451762,0.97193393324936,1.8076339722828996,-1.7785222957721645,-1.5020846504652627,-1.3475953222069719,0.38817105265189955,0.671972666944323,0.488711084473261,-0.43804552289314885,0.12049490622996038,-0.41460867230075893,-0.38817105265189955,1.3475953222069719,-1.4280380258709164,0.340918023760079,-1.2465331807511142,-0.2765412700918884,-0.9379960693921812,-2.1988293102092213,-0.5463906304141645,0.06817301183707392,-1.1624527388592034,0.5286263352973745,0.35171115073279,-0.2594114507727547,-0.4385020692014777,-0.36386811417093057,-0.28679906978068154,-0.20711139779498602,-0.04195727479570725,-0.3944048900113141,1
0.5960101282327613,-0.10203765113855341,-1.168717627632051,1.0385308760612593,1,0,0,1,0,0,-0.4198281206240434,-0.16404544244364969,-0.016310450003180245,-0.3996106157032089,0.44498297934688336,0.1826651204471923,-0.7614776842360762,-0.20839557133523964,1.7966165808265786,-0.7320574952250175,-0.4617597990607993,-1.485129348673146,-0.30346577466343216,-1.2886691513297974,-0.36840367286106324,2.564146425979365,-1.6062742359028452,-1.2533589716588804,-2.2039032942634433,0.16026515284228104,-0.22876977573091337,-0.08302925039228197,0.12068481976896747,-0.6037915886434861,-0.6233507353846893,-0.16026515284228104,2.2039032942634433,-1.2330704305130304,-0.40957446049198204,-0.2276009282436361,1.093031782342202,0.2909201075607231,-2.1988293102092213,-0.7910682597479163,0.2896456887631914,0.015758101167622184,-0.08200549336504998,0.12408133374116129,0.6437869738444144,0.6117659114840535,0.31305646532020776,0.15732544345452057,0.7806711296729086,0.9600881112561845,0.47161139053935697,1
-0.04649643069818187,1.6501704349208541,0.27967722576327125,1.0385308760612593,1,0,0,1,0,0,2.091340343198319,-0.7013256428460113,-0.3361399854376369,-0.24048196099585453,-1.152203106713327,-0.3535189209810105,-0.788002373548456,0.9941656327434306,-0.5891607667951798,0.0461000063169236,-0.8520234998129674,-0.19390853612250905,0.5625829384199981,0.18217438559281057,0.6757137714353503,-1.5354690381771319,0.5890441741963606,-1.2090722743678113,-0.946287449071263,0.6740482547543618,1.2777629821127918,-0.6876083081340288,-0.7375957980869502,0.5218079855246924,-0.0727514706670479,-0.674048254754361,0.946287449071263,0.2500759198880333,0.7536888900987124,0.32053003794900387,-0.5575621558507697,-0.3107367707391361,0.06953024385249205,0.08569324536469386,0.6356967464602498,-0.015247447254136822,1.194770148383656,-0.6346847228976005,0.041654690766301246,-0.3477381696360611,-0.1269445113490324,0.2524949820049213,-0.28942660841731066,0.013711913318286572,0.22417816752487937,1
0.33900750466038404,0.8513696898055362,-0.15484123025532542,-0.8681093238500562,1,0,0,1,0,0,-0.1295925695289965,-0.3431388425777702,0.48262362527457214,-0.5031889036763596,0.40249874510627265,0.12497726277893696,0.4113722179802488,-0.8216015682949496,0.7134894203620115,0.9739599187823542,1.019319021940318,-0.9442055870664358,-1.147950778752741,0.2177092844513325,-0.551929879210151,-0.4484021402045187,0.943471807950877,0.49490388025087445,-2.5019320492438823,1.1936019387174324,-0.3544905311781199,0.5747626999817563,-1.4259648468399326,-0.3802265211116677,-0.8419873368142977,-1.1936019387174324,2.501932049243882,-0.17467491285593337,-0.8598699510432187,-1.3375092747249961,-1.3231018101594472,-0.9550643496276378,-0.7811045889206503,-2.259134035750426,-1.8697129112664523,-0.9144083514851348,-0.47058938433204756,0.27583454506891375,-0.642586540004281,-1.21647835119076,-1.2607931819966884,0.1890486229713212,-0.8656330827735822,-0.4316415915936655,-0.7036964187794109,0
1.341317736592655,-0.8235350983394863,0.5693561964423357,1.7718540298733036,0,1,0,1,0,0,-0.24316300256618875,-0.28499163474201683,-0.7327286093763631,0.6853574845742072,-1.0300250255853338,-0.7488372634518456,-0.4170353381567305,1.18181184487458,-0.1953217537111924,-0.2784768846786065,-0.9403955487945409,0.030824944924076836,1.41311320230407,-0.3212239918291543,1.0317835517967227,0.32027563112772667,-0.31615207005592216,-0.6990278792721343,-0.24010667662448162,0.28017642692511974,0.2589345617038215,-0.5884557338051195,0.5888575026599306,0.0627133245620774,0.540095600839945,-0.28017642692511974,0.2401066766244809,-0.17467491285593337,1.2415090048625523,0.6366719645082435,0.7183372679970265,0.5469443110925782,-0.34003467563087314,1.166352774922097,1.4523772426253072,0.8839134569768611,0.1400424443303771,-0.6346847228976005,-0.323273965644676,0.015317428625603584,0.04228663352375219,-0.28679906978068154,-1.0302635040182315,-1.0440026608476,-0.2706882785040748,0
0.46750881644657266,-0.17934094905293926,-1.168717627632051,0.5985369837740325,1,0,0,1,0,0,-0.4576849316364408,-0.12799417358548257,-0.5408308881156891,-0.029274837475184185,-0.13131809251672383,-0.07581225732219987,0.3313930875795938,-0.4708875271722848,0.052507705360050436,-0.24886572733059797,0.031382842082370736,0.26840204553300406,-0.10883953821164633,0.6652424459593056,-1.5031957684049766,0.18187048735200445,0.26374217424161706,0.4658009777618338,-0.3925077445122049,0.7553527801229527,0.2038922584082667,-0.8595606131163903,0.11098250802009782,0.597723767411849,0.41396476226847373,-0.7553527801229527,0.39250774451220416,0.4659329004628361,-1.4602639384448675,-0.44594355378095224,-0.28946177058654887,-0.1699234587966153,-0.24551969421163483,-0.8726274695258333,-0.8177176958673952,-0.29429738304996345,0.3898463742377325,-0.6346847228976005,0.7715120035882557,0.7154960824159574,0.9392117013495113,0.37938770007212164,-0.37174181903963527,-0.04195727479570725,1.2139110595827887,1
1.3156174742354179,0.3617821363477598,-0.8790386569529866,0.5985369837740325,1,0,0,1,0,0,0.7032572727437467,-0.5542132070215552,-0.2849672597681238,-0.26941444366991896,-0.6678383308897894,-0.21801953436487584,-0.5539693254009048,-0.3592494551267954,0.2470569823032556,-0.24472656590621805,-0.43250721714822177,0.47361249994146065,0.34684482345690143,-0.9692618092605138,-1.6263977407885275,0.5602670247040675,-0.8407273031503003,-0.855443175103346,-0.44411445533132876,1.0864182721050466,-0.19816714727103557,-1.136208401885552,0.22527915661525533,-0.5030410002209706,-0.27289319723348,-1.0864182721050466,0.4441144553313281,-0.7038726716844818,-1.3101654415944555,1.6374089982209463,1.7390568070752632,1.2296755205108585,0.3215701943037938,0.758556726032511,1.1201682272361313,1.1939689411944467,-0.49834537654397587,-1.317574173872486,-1.3633206364159602,-1.060883094792903,-1.159254495073018,-1.0481553781838862,-0.8656330827735822,-0.48731077970765985,-1.0129879475475077,0
0.030604356373531493,-0.4370186087675581,-0.4445202009343899,0.3052077222492148,1,0,0,1,0,0,-0.2810198135785862,-0.27045483278307847,0.35469181110078946,-0.46731262516051963,0.49536756374614754,0.1531504025704105,0.47521341584713966,0.05802882381138529,-0.7216260005725289,0.501304477352431,0.5858884513321834,0.3635713360420358,-0.4975792521887202,0.6943800313003249,-0.37967158751403496,-0.7648676459127197,0.34073254373860495,0.18838379612130998,-0.07652239220166908,0.5717619163874261,0.03302052293232514,-0.45999304346042,0.21786869680905807,-0.33936544968921206,-0.5777635702023527,-0.5717619163874261,0.07652239220166766,0.577342954953057,-0.40957446049198204,-0.19121049065408274,-0.5478717804797735,-0.3918111018575571,0.4790951633358572,-0.46483142063624716,-0.4855086804782194,-0.046252995675895824,-0.026493508941193386,-0.482931511569848,-0.1864257194905595,-0.0495139282068366,-0.1777138548108673,-0.635754044465484,-0.28942660841731066,-0.04195727479570725,-0.45626319576493324,1
1.0329145883058024,0.8256019238340739,-0.15484123025532542,0.5985369837740325,0,1,0,1,0,0,-0.25578193957032125,-0.2745251373315812,-0.11865590134220637,-0.3550545923851497,0.1412897312263551,0.06326467085475682,-0.15099563135058522,-1.6473487183479896,2.1208835095620318,-0.5245186526910587,0.2882152332699332,-1.0948338854659851,-1.346890026176339,-1.0065918190076288,-1.099800109654708,2.811186562077615,-1.5184614994988752,-0.5361154682240524,-0.653257441282515,-0.8453300630711642,-0.7958115842085972,1.1592822080414185,-0.07434742249997413,-0.7970895693686272,-0.8981063271818517,0.8453300630711642,0.6532574412825142,-1.038102835155144,-1.1600669447440433,-0.7188718357025985,0.705416767502365,7.593435579547688e-4,-2.041304341177158,-0.8726274695258333,-0.7069813574043363,-0.9764194483286528,-0.6926373220274746,1.2622304186993043,0.38833691435672935,0.28760912732185256,-0.0592520533999176,0.030432725387320277,1.8507688677631275,1.461110804282131,-0.08511336124321738,1
-0.2263982671988458,0.5936920300909173,-0.15484123025532542,-1.161438585374874,1,0,0,1,0,0,-0.6343500496942954,0.26159211891406536,-0.438485436776663,-0.1606283088154367,0.4652392593441241,0.32531959018497103,0.5886367137324512,0.32715140439816254,-1.91101480536092,1.0284039874297857,0.9542593798606686,0.6614637582244116,-0.7384697910790692,-0.5413480445430512,-0.287644644917846,0.35802918282361157,-0.40281422289515667,-0.1258784466352712,-1.2094604077470812,2.1016857808501404,-1.359422267049326,-0.7371816603017808,2.972206058838289,-1.788731128014618,-1.3634797324804482,-2.1016857808501395,1.2094604077470805,-0.6481676444393714,-0.4846237089171882,-0.7370670544973751,-0.4574282770171454,-0.5795621844475838,-0.655084613695,-1.1173050988595852,-0.762349526635866,-0.5423417704240322,-1.3310251429018278,-0.8623145398892288,-0.7246954876967501,0.7673611678819103,-0.07617516788719629,-2.6660375335406954,-0.8656330827735822,0.1250502895462747,-0.5799798072721716,1
-0.8175043014153137,0.8513696898055362,1.7280720791585935,-0.8681093238500562,1,0,0,1,0,0,-0.7100636717190902,0.6860667361150653,0.48262362527457214,-0.5031889036763596,1.5365566440209162,0.9165083331108127,0.48979991597596523,-0.8029362211729602,1.5678626386901655,0.324442061993568,1.1549717072394463,0.7798039622881847,-0.858712353052881,0.26991402864764474,-0.5984648744614929,0.6065639528473937,0.17723272071568277,0.7264618942137959,0.3506288912831737,0.7158101325491454,-0.41138378909179635,0.50252618859567,-1.5337824749917488,-0.26255936248702777,-0.792271139899932,-0.7158101325491454,-0.3506288912831744,0.15955525061472892,-0.6347222057676005,-0.30038180342274146,0.046471242274642305,0.12023730520615308,-0.2140147004052217,-0.8726274695258333,-1.0945585420250417,-0.23228628620644656,-0.5261013687559044,0.19995793940503753,-0.6790794056453779,-1.2942759793896883,-1.2946394109712458,0.2207718024881207,-0.5363722402842841,-0.26463402725168356,-0.76555472453303,1
0.46750881644657266,0.3617821363477598,-1.168717627632051,0.5985369837740325,1,0,0,1,0,0,-0.4576849316364408,-0.12799417358548257,-0.2849672597681238,-0.26941444366991896,0.2556084424433621,0.1097727111454433,0.5701512940237549,-0.24582945837232315,-0.1492147318923455,0.23992794359768355,0.3774668215421481,0.5074954648403577,-0.27194151583460674,0.5101311813006368,-1.4155722220102327,0.06498496210139555,0.06748973979703315,0.3483160061713526,-0.40749033797582196,1.0963072413460702,-0.2830921876981662,-1.0806805303046452,0.2692851570059946,-0.2572055022401147,-0.15066256898988936,-1.0963072413460702,0.40749033797582124,0.32667033235006016,-1.3852146900196616,-0.45504116317834126,-0.354064273059855,-0.3064697006802721,-0.11949971898598452,-0.5463906304141645,-0.4301405112466897,-0.23228628620644656,-0.5261013687559044,-1.2416975682086098,-1.1899795246207467,-0.892321567028559,-0.9223308922511192,-1.016432198667086,-0.7833178721512579,-0.3759724034796717,-0.8274130302866491,0
-0.2263982671988458,1.0575118175772313,-0.15484123025532542,-1.161438585374874,1,0,0,1,0,0,-0.6343500496942954,0.26159211891406536,-0.23379453409861076,-0.3041334228787963,0.7254646039268928,0.4362233785704542,0.7447118125859149,-1.084896072372249,-0.7604306877506564,0.6706311406625687,0.6429705586716399,0.04188025835315293,-0.49625075141340164,-0.45631982347608235,-0.484789178263938,0.5111054578850562,-0.6379608182590853,-0.21250627253743343,-0.9971070548845234,1.046038314370867,-1.4914892946610827,1.0034027500978546,1.553145919086014,-1.5385704323586584,-1.0433642305196063,-1.046038314370867,0.9971070548845228,-0.6203151308168162,-0.7097714541928067,-0.9645072894320803,-0.5866332819637576,-0.7843815472730677,-0.844114576533476,-0.9541866793037505,-0.6516131881728072,-0.6663639641110671,-1.4142931195376127,0.8069707847160468,-0.2776578835933038,0.533968283285125,-0.1607907403235886,-1.3019408143182878,-0.37174181903963527,0.1250502895462747,-0.332546584257695,0
-0.020796168340944693,0.3617821363477598,1.4383931084795292,0.5985369837740325,1,0,0,1,0,0,-0.7479204827314877,1.4012773924948325,-0.2849672597681238,-0.26941444366991896,1.2135907852003005,1.285889499265688,1.5559604006353533,0.29363470548733916,-0.3725304261052613,1.9270291949579037,1.7429660035973575,2.2389381374901576,-1.1339734591031791,1.702075132894977,-0.6420174944563928,-0.2042197573283031,2.551683638682791,2.222739346336105,2.0814547802657777,0.9892830742375731,-0.4629073955101252,-1.0461818805204446,0.3040404110924142,-0.07308630417628384,-0.09586881753105446,-0.9892830742375731,-2.081454780265778,1.9421161224582606,-0.40957446049198204,0.7731361054690666,0.5374502610717695,1.6222459659263704,1.0461850518512859,-0.38327221085833024,-1.149926711256571,1.0079356506638961,-0.6926373220274746,-1.2416975682086098,-1.3268277707748632,-0.996051737960463,-0.9561771212256767,-1.206771275767887,-0.7833178721512579,-0.4316415915936655,-0.9511296417938885,1
1.0586148506630406,1.0317440516057692,-1.168717627632051,-0.13478617003801185,1,0,0,1,0,0,-0.21792512855792381,-0.3082505178763182,-0.822280879298011,3.8245318547101976,-1.8500050049967245,-3.1927453421884,-1.3541295541410137,1.5983784545342434,0.7901015470598545,-1.8798448750305916,-2.244675082700302,-1.4723182683065772,1.150598897065729,-1.4622560511533285,0.785139726559928,1.5530575546324117,-1.6005764629300665,-1.1359401571051424,-1.0117882743416888,-1.004587223962434,0.42188109112639816,-1.4072888483533517,0.48057778271665097,0.9524449265528353,1.8091630720368415,1.004587223962434,1.0117882743416882,-1.4001855122483615,0.5660657690356972,-0.3731626786018469,0.44700675760914055,-0.2552648599739003,-1.3796994712424915,-0.22015379130249568,0.2896456887631914,-0.29429738304996345,0.5286263352973745,-1.2416975682086098,0.48869229486974886,0.6765972683164937,1.0576735027604598,0.9821281108913258,-0.20711139779498602,-0.6543183440496418,1.1520527538291696,0
1.2899172118781799,0.7225308599482267,-0.15484123025532542,-0.4281154315628296,1,0,0,1,0,0,0.097548296545388,-0.42163757315603734,2.145737209533747,-0.6970365375925912,0.7493527217062302,0.21441580179948788,0.6424370245535305,-0.2945191715131148,-0.6537443507190092,1.6198464467072862,0.6462964224800911,0.23476992229729357,-0.15452878578494617,0.3618454809884384,-1.1558538447205362,-0.6239738345438369,0.7938804545965811,0.40697443641160186,0.3871222082195544,-0.06374491962016399,-0.5317725801844415,-0.7536722020684933,0.266656900088923,-1.4011097765106375,-0.442885676205755,0.06374491962016399,-0.3871222082195551,0.438080386840281,-1.009968447893631,0.36374368258659734,-0.031051760693324323,0.2909201075607231,0.6681251261743327,0.18764225758709038,0.012804842605544792,0.5118468759157585,-0.3318094232724056,-0.482931511569848,0.9539763317937442,0.9618552383792308,0.2622871218583729,1.109020828958526,0.4514102871836102,0.45906541823023866,0.9664778365683122,0
1.1614159000919912,-1.7511746733121147,-2.617112481027373,-0.4281154315628296,1,0,0,1,0,0,-0.20530619155379135,-0.31290229450317847,0.34189862968341117,-0.4655766762000758,0.40425181447113273,0.11916375774260114,-0.811817152078802,-1.1802876428954403,0.6233643248505638,0.40631383241612595,0.90059153253942,-0.25801684588619234,-0.8739027690809774,-1.6194699602548632,-0.665397411378702,0.45900112122124825,-1.3682889937645524,-0.394680606155945,-1.5389139634227365,1.1743719279428564,-0.48930379086797404,0.9534013111642832,-0.39090805397124556,-1.9056757183957833,-1.5561418932050137,-1.1743719279428564,1.5389139634227358,-1.5394480803611372,-0.7097714541928067,-0.3640650692044592,-0.08273376267196997,-0.6136987449184976,-0.024984737566746233,-0.9541866793037505,-0.3747723420151606,-0.4183195767369984,-0.49834537654397587,0.8069707847160468,-0.17730250308028428,-0.3477381696360611,-1.0407926936620688,0.062155904904119784,0.12214944469431245,0.848749735028197,-0.20882997275045564,0
0.3904080293748593,-0.2051087150244015,1.4383931084795292,-0.8681093238500562,1,0,0,1,0,0,0.791589831772674,-0.5635167602752758,0.27793272259651985,-0.4557396320908939,-0.2556366813584503,-0.08117856966343293,1.4421555626810685,0.8700973744172934,-0.21806509660325307,2.4327925416687086,2.062167747797741,2.2931069647098363,-0.9864243914372808,0.3300926734614317,1.877482101816978,-0.7581460796856696,0.5790860288309598,0.2600779636934149,0.6912331826893902,2.4419677480669013,-1.6755277059075553,0.6865844017056998,-0.4637614024742741,-2.7123339796548476,-2.4270035573138333,-2.4419677480669018,-0.6912331826893908,0.16883942182224726,1.4833343608993275,-0.4540303176897417,-0.7531641772282796,-0.5074961123423212,0.1745468898738673,-0.03891110290712402,-0.3563162856046509,-0.7559355484405915,-1.5808290728091832,0.5034643620605421,-0.323273965644676,-0.5033334260339178,-1.4638705558440304,-0.2550758902638815,-0.37174181903963527,1.1827648637121608,-0.20882997275045564,0
-0.5862019402001745,0.0783367106616796,0.27967722576327125,-1.6014324776621007,1,0,0,1,0,0,0.2742134146032426,-0.4600147303276346,0.07324181991846762,-0.4140768570402411,-0.1343170824758242,-0.03377614398254093,0.5437000663875816,0.20440709994580356,0.3406357142395862,0.8400980505807852,0.17448093017909477,0.8832040792964856,0.24737115991282968,-0.45254422526315796,-0.31653361358695836,0.6717119715677017,-0.15339929613551595,-0.2847655879306598,1.008285049689855,0.2045801889163758,-1.2082050351560174,-0.5976515849904954,0.209345319040463,-1.2870263839022769,-0.5048519260946481,-0.2045801889163758,-1.0082850496898559,-0.20252742647848845,0.04072103005925432,1.1825285283515359,1.4031237942140713,1.263812080981773,-0.05648973137315825,1.8188264531454346,1.3416409041622488,0.7598912632898273,-1.2200011740541141,-0.7864379342253526,-0.8889133830816909,-0.6589286824317738,-1.0746389226366257,-0.3819686083310823,-0.12479618717266176,-0.04195727479570725,-1.0748462533011267,1
-0.2006980048416086,-1.4934970135974959,2.452269505856255,0.3052077222492148,1,0,0,1,0,0,-0.3945902466157784,-0.19777082298838666,0.188380452674872,-0.4395374417934178,0.5491382277404493,0.1875842400933226,1.21668119064946,-0.4412574680439624,0.6222469712640694,0.2765128874675908,0.9456012835883648,-0.03426546329635384,-1.17843725610889,1.6739709333543862,-0.47324910554790306,1.3329611422523215,0.4182303581776818,1.1776778191989494,0.2567889334467663,-0.3014141428425148,-0.019212780092310863,0.1315491578826244,0.4888649425661666,0.04115899209918593,-0.07955480634073125,0.30141414284251544,-0.25678893344676695,1.357213336384602,-0.5596729573423944,-0.43684594438356456,0.279040251178545,0.4445346296798359,-0.7180946013078251,-0.9541866793037505,-1.149926711256571,-0.046252995675895824,0.029018475482663446,0.19995793940503753,0.23324223538206504,0.45617065508619664,0.4484413812184362,-0.4136917878478824,0.7806711296729086,0.6817421706862145,0.47161139053935697,1
0.5703098658755232,-0.6173929705677911,1.0038746524609323,-1.6014324776621007,0,1,0,1,0,0,0.04707254852885811,-0.415822852372462,2.9900871830807123,-0.7277049692270995,0.9488729745916055,0.24258894159096142,2.44596382794473,-0.2400270586339297,-0.5329696330183604,2.3903119863667457,1.8249614626701476,0.6835096878845247,-1.34864735190936,2.0947116524918226,-1.2529412963037394,0.05608784499355143,1.542541174339854,1.7289110410929671,1.4252941555476124,-0.4813636975680082,-1.3081610421832306,-0.9257244148112072,0.7849502180518648,-1.6995998600999997,-0.68459415432177,0.4813636975680082,-1.4252941555476133,1.9699686360808162,-1.1600669447440433,0.03622974428062242,0.05939174276930372,0.683490552976235,0.4790951633358572,-0.05703537174666111,-0.6516131881728072,0.3258135853852078,-1.1644891896302574,-0.7105613285614767,0.7350191379471587,1.0655854093111348,0.2115177783965368,0.47455723862252236,1.3568776040291806,1.1827648637121608,0.2860364732784985,1
0.3647077670176212,-1.132748289997029,-1.168717627632051,0.3052077222492148,1,0,0,1,0,0,0.07231042253712305,-0.4175672686075346,3.808850793792921,-0.7468004077919821,1.0572360666099134,0.25600472244404404,-0.6250788574361321,-0.38093544411254854,-0.0342501396108262,-0.5106283307307402,-0.4261721368631056,-1.483310157204602,-0.4371507886576936,-0.36874436248849685,0.5452810547683888,-0.24185589732764903,-0.20976846018812584,-0.7193840744886099,-0.5464277599204057,-1.4811177417461807,0.5007423451552432,1.0690964423589449,-0.19622076408599667,0.48182311749715434,-0.14829388187565665,1.4811177417461807,0.546427759920405,-0.20252742647848845,0.7912135143113154,0.7367456678795146,0.48576825909312477,0.3762615087380082,0.16404522527173035,0.5138790966987595,0.8986955503100138,0.6978801664463103,1.194770148383656,2.096873081001942,2.38632130820683,1.8867825958553774,2.0222910285353324,1.2570623333702609,3.0854970270979956,2.2404794378780473,1.8118746818677758,1
-0.5605016778429365,-0.2824120129387873,1.7280720791585935,0.3052077222492148,1,0,0,1,0,0,0.2363566035908452,-0.45420000954405926,-0.08027635709007157,-0.3666275854547754,-0.2297014550894833,-0.06597401802993927,1.0701593621082715,1.4541017563804,-0.4013906943650705,1.2510492114620653,0.5790889271106838,1.542413049239345,-0.09247613608862036,1.4467199210388881,0.7308428926154618,-0.07699440972606278,1.2655566456852259,0.8017479115431846,1.5985806802879148,0.5182145811312309,-0.04253714465765455,-1.2636579286051794,0.4713425694027858,-0.43518246752979783,0.029906821370140977,-0.5182145811312309,-1.5985806802879157,1.07868820015905,0.41596727218528484,-0.6187981323313287,-0.5607922809744348,-0.06751377738387422,-0.5290646384693491,0.18764225758709038,-0.4855086804782194,-0.790386157798101,-0.026493508941193386,-1.1658209625447336,0.0963939892279486,0.3265079414213163,0.12690220596014448,-0.0012904541294803558,-0.12479618717266176,0.1250502895462747,0.22417816752487937,0
-1.8198145333475857,-1.8542457371979617,-0.8790386569529866,-0.13478617003801185,1,0,0,1,0,0,1.725391170078477,-0.679229703868425,3.07963945300236,-0.7294409181875434,0.2631316918435227,0.04135222879472184,-0.10426311982013681,0.27254033941818845,-0.03930251340681428,0.3418847649573229,-0.3550347759924622,1.7898655293834798,1.628569222734883,-0.06803368973778563,1.305439806512995,-1.0099364672306979,-0.7321024005300076,-1.2662446442884654,-0.04921092906325296,2.4899699064517127,0.07700194498616784,0.9336907716300497,-0.9611608991961407,-1.1878044692022058,-0.7746788436646251,-2.489969906451712,0.049210929063252244,0.35452284597261524,2.067050737539819,1.7647755297843817,0.8475422729436388,0.47867119015075044,1.487254965141063,2.2266225020350205,2.5043724580243647,1.069946747507413,0.22331042096616224,1.1484155102034896,0.6301021492290022,-0.004131978424128287,-0.4738683583382403,1.442114213884928,-1.0302635040182315,0.15288488360327163,1.244840212459599,1
0.72451144001895,-1.7511746733121147,-0.4445202009343899,-0.4281154315628296,1,0,0,1,0,0,2.129197154210716,-0.7030700590810839,0.34189862968341117,-0.4655766762000758,-0.6144732347460667,-0.1809025406713472,-0.4335758594140535,-0.9773138896290332,0.0858494559435336,0.22773285643050614,0.7472289004815342,1.279928830444621,-0.3521313003065883,-0.35051116273131194,-0.834391174702926,0.39816337178207817,-1.3751459952767342,-0.38396741959471237,0.3506288912831737,1.3979208031972914,0.2526711630678327,0.5055192226108544,0.28275670766318867,-1.6712236262450775,-1.346303618922408,-1.3979208031972914,-0.3506288912831744,-0.20252742647848845,-0.6347222057676005,0.6457695739056325,0.7700192699756713,0.12023730520615308,0.7941451013999841,0.4323198869208419,0.2896456887631914,0.5118468759157585,0.19555442875423396,0.4275877563966659,-0.10431677179808911,0.054216242725068246,-0.6177148314801074,-0.3819686083310823,-0.28942660841731066,0.45906541823023866,-0.08511336124321738,0
-1.3829100732745436,-0.2051087150244015,1.4383931084795292,-0.8681093238500562,1,0,0,1,0,0,-0.43244705762817587,-0.1541604171115716,0.27793272259651985,-0.4557396320908939,0.6620520353606766,0.23364508768890632,3.1698367515654033,-0.813795180958284,0.8510346942079151,3.3799575477978125,3.171509780449359,3.591617109923257,-1.4540278821271353,2.7700971683141558,-0.3868010586483338,0.7422228044474742,2.214788229822121,2.206119337592801,2.346948488136269,2.5708624326187053,-1.6398867139136304,0.7294706158367226,-0.41753059803791454,-2.3699584942267666,-1.9692718954641077,-2.570862432618706,-2.3469484881362694,2.8055440447574718,-0.25947596364157,0.3728412919839863,0.7183372679970265,1.673450806632741,-0.05648973137315825,0.02452383803125581,-0.8730858650989243,0.8839134569768611,-1.5530730805972546,0.5034643620605421,-0.41450612974742024,-0.5551985114998699,-1.3792549834076382,-0.15990635171348128,-0.7833178721512579,0.6260729825722207,-0.20882997275045564,1
-0.2006980048416086,-0.5916252045963298,2.452269505856255,0.3052077222492148,1,0,0,1,0,0,-0.3945902466157784,-0.19777082298838666,0.2651395411791416,-0.4551609824374126,0.5956241591522412,0.199658442861097,1.4848036388702754,0.06976352085378301,0.6095391797038953,0.5522704078801457,1.1631885332638805,-0.39565065722872306,-1.3773146829975833,1.5908886353435585,-0.3670884504997749,1.4976142320531978,0.5572279653543427,1.138921883444247,0.12891477706591967,-0.6674764138273739,-0.4750584244109851,-0.46349377299010325,0.6716973955088958,-0.19354397965708828,-0.40026651549804537,0.6674764138273739,-0.12891477706592036,1.4964759044973779,-0.3345252120667762,0.03622974428062242,0.8087807714596554,1.0248561576853752,-0.7180946013078251,-0.7910682597479163,-0.9284540343304539,0.3258135853852078,-0.22078545442469194,-0.1035484832504671,1.2276728241019772,1.4416072789392878,1.2607508766078017,-0.12818317219668063,1.5215080252738291,1.2384340518261547,0.7809029193074537,1
0.5703098658755232,0.928672987719922,1.0038746524609323,-0.13478617003801185,0,1,0,1,0,0,0.04707254852885811,-0.415822852372462,-0.42569225535928473,-0.16236425777588057,-0.4866647654576219,-0.19431832152442985,1.5968558357844251,-1.0464682134690682,-0.8421826991414155,1.5843367505943466,1.4426843622371848,0.5295535113422392,-0.7380185804457742,1.9596147242878181,-1.3669412493056665,0.02768338416479012,1.3557569596365415,1.5905658201435893,0.9153149533513734,-0.18555039652161812,-0.26244296836689646,0.06693872837333827,1.1791110943239693,-0.7959913437042309,-0.3226823829137778,0.18555039652161812,-0.915314953351374,1.9421161224582606,-1.2351161931692491,0.23637715102316323,0.21443774870523882,0.76883195415352,0.6681251261743327,-0.30171300108041293,-0.7069813574043363,0.5738579727592754,0.029018475482663446,0.5034643620605421,1.3189049882047215,1.8305954199339287,1.3115202200696365,0.062155904904119784,0.6160407084282594,0.5704037944582268,1.0283361423219313,0
1.726821671951222,0.3617821363477598,-0.15484123025532542,-1.161438585374874,1,0,0,1,0,0,-0.4703038686405733,-0.12217945280190722,0.06044863850108935,-0.41291955773327854,0.5873177125657578,0.225148426481954,-0.10802403109511008,-0.19387609478195675,0.2783212191310438,-0.5064138807723233,-0.09554870567070718,-0.1576054090972376,-0.010785891748944282,-0.5042778140169034,0.21382281146590748,0.13095265104984516,-0.7420120407690516,-0.62944670289581806,-0.31993580742281313,0.10235345797273021,-0.35365840520721936,0.4803040230943948,-0.2488796450885983,-0.051633956115241186,-0.49031419655596087,-0.10235345797273021,0.3199358074228124,-0.48105256270404034,0.19081952690966666,-0.009258302706318612,0.05939174276930372,-0.23819657973844427,-0.18250970659880966,0.35076067714292497,0.5664865349208381,0.07776919801113909,-0.10976148557697851,0.8828473903799233,1.127317443588959,0.806259981981374,0.7361343275021692,0.5380035976561225,0.8629863402952329,1.0157572993701793,0.8427612250610729,0
1.8553229837374106,-0.2824120129387873,-1.8929150543297122,0.3052077222492148,1,0,0,1,0,0,0.47611640666936217,-0.5082769128313099,-0.08027635709007157,-0.3666275854547754,-0.3625020535992466,-0.10756293867449544,-0.9043245034508594,3.0668866345133683,-0.25454756220176555,-1.1160732915935194,-1.5328314339292848,-1.7942006760129734,0.1774618129384605,-1.3690616050089364,2.66089593385269,0.3241214482385394,-1.8759018890903585,-1.8845295920056617,-2.532343146690866,0.06447137185505257,-0.11046498881643323,-1.5437710204346458,0.6736858422500519,-0.35236918782472015,0.1528795833356165,-0.06447137185505188,2.5323431466908652,-1.3444804850032512,1.9920014891146134,-0.7188718357025985,-0.4574282770171454,-1.1257471519822078,-1.1276595207911904,-1.1173050988595852,0.012804842605544792,-0.6663639641110671,-0.026493508941193386,-1.3934507795363622,0.3700904815361815,0.6765972683164937,0.4822876101929924,0.062155904904119784,0.28677986593896093,0.3477270420022505,0.40975308478573785,0
-1.8198145333475857,0.7482986259196881,-0.8790386569529866,0.3052077222492148,1,0,0,1,0,0,1.725391170078477,-0.679229703868425,-0.6431763394547153,0.1992917756499248,-1.6438224786288718,-0.6763920468451994,-0.7786586640524591,1.2692893475007248,-1.6541817431453065,-0.28952900325895325,-0.538744937842854,0.45798088657865843,0.6282982544582653,0.049188220485385924,0.7110717628639441,-1.2494486234160185,-0.5426424662097799,-0.20592891292039528,0.2181716668474233,0.40825130337297294,1.131892117360348,-1.0298033812170817,1.0057464881288536,-0.14693997604555611,0.49934530209274886,-0.40825130337297294,-0.21817166684742473,0.4473645580477994,1.3165582532877582,1.5979860241655997,0.5675980955593125,0.3079883877961804,2.6949463943868825,1.1391663716627913,1.1201682272361313,1.3800022317249987,0.9449662184763004,-1.0140677512169813,-0.25028823436248077,0.28760912732185256,0.2115177783965368,-0.4771381468814831,-0.4540570296619595,-0.32030321536567735,0.2860364732784985,0
-1.7427137462758722,-0.5400896726534062,-0.4445202009343899,-1.6014324776621007,1,0,0,1,0,0,0.3499270366280375,-0.4704812277380702,4.742753037261534,-0.7635812477429395,1.0017386242164033,0.22827877534767327,1.2031429557704327,0.6835040090416261,0.8997331452530417,-0.7563745705209235,-0.7798530152490808,-0.6395980444796046,0.7908890874959519,0.37394527897995955,0.18413110685537504,0.8450834933402888,-1.2716272579890868,-0.9940375384624589,-1.0117882743416888,0.13114384342216406,-1.2993578510517314,-0.7536722020684933,-0.3807379395341119,-0.23911057387946644,0.043362931277069874,-0.13114384342216406,1.0117882743416882,0.29881781872750485,0.11577027848446049,-0.1457224436671417,0.3048812521678669,-0.23819657973844427,-0.8126095827270634,-0.22015379130249568,0.2896456887631914,-0.17027518936292965,-1.3032691506898992,-0.9381911455531051,-0.989268763594709,-1.0090180093269512,-1.0238695791747903,-0.2233527107470814,-1.0302635040182315,-1.0996718489615938,-1.0748462533011267,1
0.3647077670176212,0.928672987719922,-1.168717627632051,-0.13478617003801185,1,0,0,1,0,0,0.07231042253712305,-0.4175672686075346,-0.42569225535928473,-0.16236425777588057,-0.5052090102701947,-0.19565989960973812,0.024525705810131807,-0.031471545745091374,-0.9337195967297264,0.6645696713666386,0.12142034920693785,-0.019220869992251224,0.2468823847980969,-0.3322180252859418,0.2728035143419073,-0.08466289920082577,-0.2206617758409483,-0.45071887624488943,0.14187142235678196,-0.16692132358374867,-0.3660519274109879,0.31648425617689535,1.1913479196832322,-1.1165951912142649,-0.5978916579898781,0.16692132358374867,-0.14187142235678266,-0.09111737198826762,0.641115017460903,1.091552434377654,0.8733832739329616,0.7346953936826055,0.5421051509486824,1.247911984700014,1.2862727349307197,0.6978801664463103,-0.19302946221276363,0.5793409677244183,0.7806352199985308,1.3378771080073837,0.7192112130148905,-0.28679906978068154,0.8629863402952329,0.848749735028197,0.5334696962929761,0
-0.27779879191332196,0.7482986259196881,0.27967722576327125,0.3052077222492148,1,0,0,1,0,0,-0.06649788450833415,-0.37104950233893186,-0.6431763394547153,0.1992917756499248,-0.8523547117397424,-0.43937991844073937,-0.685639004705698,-0.2451475118335912,-0.06076351301919289,-0.140685688364144,-0.11948854246275349,0.012716591297646082,0.15490879057546358,-0.045519226582058876,-1.3192618302141963,0.9118418462365308,-0.2414134186525946,0.27321883839759736,0.11065768597424898,-0.09240503183227083,0.9079154514831219,-0.9851348870751525,0.9993788756622701,-0.04932412474920332,0.42208597523155605,0.09240503183227083,-0.11065768597424969,-0.17467491285593337,-1.3101654415944555,-0.50962681956267,0.007709740790658993,-0.08458205761933026,-0.7180946013078251,-0.13859458152457876,-0.2086678343205727,-0.4803306735805153,0.8061862574166584,-0.9381911455531051,-0.07694712256726609,0.4432043837197094,0.39767203775660004,-0.5088613263982832,-0.04248097655033679,-0.09762646290970158,0.16231986177126023,1
-1.7427137462758722,-1.3904259497116478,-0.4445202009343899,1.478524768348486,1,0,0,1,0,0,0.3499270366280375,-0.4704812277380702,-0.4512786181940413,-0.15079126470625479,-0.7206323725332286,-0.24529828876614387,-2.0144351473275064,0.3245132730433428,0.24509632667299952,-2.2884081762306048,-2.1912249477429127,-2.3470636916637937,0.998957882008121,0.44678663105714733,0.23379690703786546,0.972665861404836,-0.7117574613359,-0.4351698521648218,-0.7497849732599842,-2.457487335248751,3.247545046573472,-0.2111920423779475,0.642380497836245,2.3857252954347508,2.4238410877219723,2.457487335248751,0.7497849732599834,0.32667033235006016,0.11577027848446049,-0.2730889752305771,0.2531992501892221,-0.05044549714841698,-0.9071245641463012,-0.5463906304141645,-0.26403600355210183,-0.17027518936292965,3.0544216265828577,-0.17942508891434333,0.06902433999712428,0.39133929825375646,1.3792126780187515,-0.033013633646279864,-0.4540570296619595,-1.32234860141757,0.5953280020465953,0
1.958124033166361,0.9029052217484598,-1.8929150543297122,0.5985369837740325,1,0,0,1,0,0,1.1196821938801182,-0.6234083843461017,0.21396681550962854,-0.44243069006082425,-0.4145660386227451,-0.13752484924638,-0.29506812332218524,0.06716626988356235,-0.896604645039737,-0.046444962725534625,-0.15457485355675268,0.8066682382592022,0.8959456182669042,-0.33404521423068767,0.22879132702227734,-1.0285969231741354,-0.1656085124543333,-0.9706155642259666,0.013895103188392356,1.0864182721050466,0.07652536610942343,0.13701031559632704,0.19204787592183803,-0.10147041781686846,-0.7466623033996859,-1.0864182721050466,-0.013895103188393775,-0.28608496734615396,0.26586877533487285,0.16359627584405784,-0.40574627503850064,-0.4430159425639276,0.2270552128845555,0.9216751455883455,1.009431888773073,-0.23228628620644656,-0.16527347000083534,-0.17942508891434333,-0.8797901666714156,-0.6589286824317738,-0.6515610604546642,-1.3653871733518879,-0.8656330827735822,-0.48731077970765985,-0.9511296417938885,0
0.44180855408933456,1.0317440516057692,0.27967722576327125,-0.13478617003801185,1,0,0,0,1,0,0.36254597363216995,-0.4774588926783606,-0.2849672597681238,-0.24453250857022354,-0.5031741488122929,-0.1782193845007307,0.26352808463617555,0.05893876309790903,-1.4531043725952029,0.3977821156863054,0.031458093705293275,-0.05487043214075388,0.2391405113563673,-0.705133400220596,-0.9100623922390702,0.6847543664497501,-0.660532776581354,-0.2960347044839283,-1.1234618125076608,1.0393990221288592,-1.0710032018384577,-0.9925758285013039,2.6745544574449287,-1.1923509698548134,-0.3299173329559944,-1.0393990221288592,1.12346181250766,-0.6760201580619267,-0.8598699510432187,-0.054746349693259644,0.3048812521678669,0.017827623793410803,-0.43454965705011084,-0.8726274695258333,-0.4855086804782194,-0.17027518936292965,-1.053465220782544,-1.0140677512169813,-0.41450612974742024,0.9488889670127426,0.34690269429476517,-1.8729580456206907,-1.1948939252628807,-0.9326642846196119,-0.5181215015185524,1
0.3647077670176212,0.4648532002336079,0.5693561964423357,-1.8947617391869185,1,0,0,1,0,0,-0.2810198135785862,-0.24719594964877709,0.25234635976176334,-0.4516890845165249,0.4374597299467235,0.1589639076067463,1.010998887177114,-0.2614992551248317,-1.9422236211998365,1.9670436404726572,1.1387655084053299,-0.5666583882772914,-1.3239477777334558,-0.428802623197022,-1.064823397940539,0.4974387983592009,-0.19618306568799135,-0.3439892328507758,-1.3328496965688592,0.5490496445850913,-1.834273091732709,-0.7078007703284663,3.1549627745928053,-2.851880824899433,-1.8162894668737168,-0.5490496445850913,1.3328496965688585,-0.7317251853070371,-1.3101654415944555,-1.6468279942361959,-1.1938968052128347,-1.1940202729240363,-1.6632444155002057,-0.9541866793037505,-0.4855086804782194,-1.1624527388592034,-1.7196090338688252,-0.7105613285614767,-0.19554893590083341,1.4156747362063122,-0.0592520533999176,-2.063297122721492,1.0276167615398821,1.5167799923961247,-0.45626319576493324,0
-0.6890029896291251,0.9802085196628456,-0.4445202009343899,-0.8681093238500562,1,0,0,1,0,0,1.1953958159049132,-0.6321304655214648,0.17558727125749374,-0.4360655438725301,-0.46350689950932544,-0.14915185931905162,-0.2938385522825588,0.7948730229611832,0.2001299582832238,0.0821234265999858,0.014409169948432617,0.5601062523480372,0.36588078109998184,-1.1663242670760015,-0.5306875122716271,0.1901665287360953,-1.7495846217141198,-2.1241927528060556,-0.6392523306161391,1.3979208031972914,-0.7567878055103429,-1.6226192694083532,-0.0824853355767973,-1.8458016128538508,-2.0925934091792304,-1.3979208031972914,0.6392523306161384,-1.0938078624002545,-0.4846237089171882,0.04532735367801011,0.13691474573727128,-0.5795621844475838,-0.8756195703398886,0.9216751455883455,1.4523772426253072,-0.8523972546416179,-0.7481493064513315,-1.5452039908641146,-0.22291858513165644,-0.23104172733766892,-0.9223308922511192,-0.7626467625326843,0.2044646553166367,1.127095675598167,-0.7036964187794109,0
-0.2263982671988458,0.23294330649045036,-0.15484123025532542,-1.161438585374874,1,0,0,1,0,0,-0.6469689866984278,0.2877583624401544,0.188380452674872,-0.43722284317949267,1.106895054791481,0.5592013697237117,0.48174992525073745,-0.10277082930937809,1.1757610543743982,0.23559889050029498,0.4502727697610201,-0.3306142857880751,-0.3953408389184942,-0.521433007059677,-0.43769191517157235,0.47417816226073284,-0.754179851239562,-0.26353712257993417,-1.1128149709452282,0.6527578856825103,-1.1908947149509184,-0.29741396374286755,-1.1308014260538855,-1.066110732007611,-0.8426693600931336,-0.6527578856825103,1.1128149709452275,-0.6481676444393714,-0.6347222057676005,-0.8280431484712572,-0.4832692780064673,-0.7331767065666972,-0.6865896075014126,-0.9541866793037505,-0.5962450189412776,-0.5423417704240322,-1.1089772052064004,-0.2553016945782196,0.0872707728176734,-0.5162996974004062,-0.8715615487892844,0.9821281108913258,-0.37174181903963527,-0.09762646290970158,-0.5181215015185524,1
1.135715637734753,1.6501704349208541,-0.8790386569529866,1.0385308760612593,1,0,0,1,0,0,0.9682549498305286,-0.6001495012118003,-0.3233468040202586,-0.23469546446104164,-0.8178047006335394,-0.2801793189841587,-1.5982534577316934,-0.14961969024571198,0.2690452102753974,-1.6949234427358222,-1.7202858040992757,-0.397159080928841,1.4062923227920268,-0.7966048663330747,-1.0401065216625272,-0.10285182184973794,-1.6699488741483766,-2.1203412829690564,-1.043325708731153,0.4930801176436278,1.426452142447685,-0.8365981601776097,-0.47114997748146514,0.6338395062044284,0.16635522611095838,-0.4930801176436278,1.0433257087311523,-0.8988402670423681,-1.1600669447440433,-0.973604898829468,-0.8708842928463041,-1.39883963574952,-1.3166894836296663,0.02452383803125581,0.6218547041523672,-1.3484860293897554,1.1670141561717275,-0.8623145398892288,-0.350643614875499,-0.5292659687668935,-0.2623294272472596,-0.12818317219668063,-0.5363722402842841,-0.3759724034796717,-0.1469716669968365,0
0.8530127518051386,0.928672987719922,-0.8790386569529866,-0.13478617003801185,1,0,0,1,0,0,0.3499270366280375,-0.4704812277380702,4.474096227496591,-0.7612666491290143,0.9693956976415294,0.22649000456726226,-0.3871138669654601,0.16214664119105107,-0.27866494866811053,-0.6952194459902211,-1.1941134004107377,-1.190195471029534,0.44041073045782014,-0.45021337126436317,0.2984073937006071,-1.4625266100364558,-0.37919468898037845,-1.0344119557545735,-1.0504933074560319,-0.5814181964513455,0.08844335954682794,0.07638662256837894,-1.088753877397708,0.5631936571376815,0.5425039605462368,0.5814181964513455,1.0504933074560312,-0.5924626171942612,-0.03432821836595151,-0.8462383672660339,-1.3877043126327533,-1.4329761962204342,-0.08799472517957138,-0.6279498401920818,-0.2086678343205727,-0.9144083514851348,0.05677446769459199,0.04820472807728505,-0.058700689746716966,-0.6070635969658218,-0.36386811417093057,1.0772976494417266,-0.04248097655033679,-0.32030321536567735,-0.023255055489598248,1
-0.7404035143436003,-1.3646581837401863,-0.4445202009343899,-0.8681093238500562,0,1,0,1,0,0,0.7537330207602766,-0.55305026286484,1.2374213288998899,-0.628177228828318,0.16221169278036332,0.06013432198903754,-0.4519267656963627,-0.5230998711311455,0.5450091848653446,-1.1156851874716789,-1.48391636397403,-1.4148593577193902,1.0657072516303816,-0.8323869332651966,-0.6033655215374362,0.6172541777868685,-1.681859882427777,-1.6505586311866893,-0.65872285032305,-1.2763861118835325,-0.20329604718447208,0.113532655408702,-0.12476489271686875,-0.16048475923978445,0.317714701218356,1.2763861118835325,0.6587228503230493,-0.8709877534198129,-0.7097714541928067,-0.5824076947417753,-0.19901826712392082,-0.8355863879794388,-1.1906695084040155,0.2692014673650073,0.6772228733838963,-1.1004416420156866,-0.31198371454959967,-0.07102993796594885,-0.5070416104802029,-0.4903671546674297,-0.5161761445564365,0.13919791230206338,0.2632612343325826,-0.3043977330473934,-0.6330012122038462,0
-0.8432045637725518,0.0010334127472937634,-0.8790386569529866,1.478524768348486,1,0,0,1,0,0,-0.6091121756860305,0.14529770324255853,0.15000090842273722,-0.43085769699119847,0.9623420308214967,0.44472003977740654,0.42802878154782675,-1.1847468857576555,-0.3388769231787321,1.30399110890495,1.6580471272442945,0.41649772406643204,-1.4436965620200992,0.45242723997308193,-1.167118791003554,-0.9752843476537024,0.13629105418198442,-0.05862417759710607,-0.5252107151899512,1.0889508130082355,-0.14312447272452916,0.45690829782560455,-0.5168106068985864,-1.6264639853290501,-2.2127775690287064,-1.0889508130082355,0.52521071518995055,0.8001630639334981,-0.8598699510432187,1.2553094035306427,0.47284775859846334,0.512807750621665,1.7392949155923647,0.10608304780917345,0.40038202722625016,1.4420133285685155,-0.27629743884854874,0.19995793940503753,-0.5787240251323598,-0.7367263106307022,-1.2607931819966884,-0.9212626601166852,0.03983423407198747,0.6817421706862145,-1.3841377820692236,1
1.0072143259485644,1.3409572432633117,-0.15484123025532542,0.5985369837740325,1,0,0,0,1,0,1.5865828630330199,-0.6687632064579894,-0.2210013526812325,-0.3070266711462027,-0.8969937012838549,-0.27704897011843943,-0.5213161114926639,-0.7604771245723057,0.5479713981001544,-0.38473798396418435,0.1190536064620828,0.3290606487221064,-0.3708322639564024,-0.9965195959447106,-0.43361494880125806,0.9616344059800425,-0.6090238564954825,-0.30184874066892964,0.3735052989149339,0.07836147009820059,-0.2708078953639498,0.6093927826909906,0.21725457998795777,-0.0841414357813929,-0.4494720643389084,-0.07836147009820059,-0.37350529891493456,-1.0102503215325889,-0.5596729573423944,-0.5642124759469986,-0.018131260198663828,-0.2552648599739003,-1.033144539371952,0.02452383803125581,-0.1532996650890431,-0.728375060954584,-0.05424950115312168,0.9587239960437993,0.9722227646142934,0.9488889670127426,0.854596128913119,0.030432725387320277,1.2745623934068555,1.461110804282131,1.275769365336409,0
0.46750881644657266,0.43908543426214564,-1.8929150543297122,0.3052077222492148,1,0,0,1,0,0,0.26159447759911014,-0.4565258978574894,0.35469181110078946,-0.47252047204185127,0.046607857431288056,0.014073474393453808,-0.8808472811347409,0.18679898095677958,1.4826250735252737,-1.7163107793962293,-1.255596408177676,0.27340930715486106,1.6026535636621555,-1.7876892443565617,-0.8502809118473912,2.9639945223380058,-2.864540205161013,-1.74546955394949,-0.39487744041716594,0.7645323233097284,-0.5613984426430862,-1.1081802154371945,0.9517305046646354,-0.5218038967016941,-0.07177446667273121,-0.7645323233097284,0.3948774404171652,-1.6787106484739132,-0.7848207026180125,0.03622974428062242,1.5710903006446677,0.06903246449978255,-1.726254403113031,1.166352774922097,1.5631135810883663,-0.29429738304996345,-0.5816133531797613,-1.0899443568808573,-0.2776578835933038,0.2357440418559006,0.008440404549195996,-0.6992004034990842,-0.7833178721512579,-0.5429799678216537,-0.45626319576493324,0
0.9815140635913272,-0.23087648099586283,-0.8790386569529866,-0.13478617003801185,1,0,0,1,0,0,0.1858808555743153,-0.440826151741836,-0.6687627022894718,0.28898247193952453,-1.121417885854741,-0.562357909593997,-0.18192213835420787,-0.5385966922328825,-0.5304967479096104,-0.6774605387790221,-1.3319475757577321,-0.6008979058722614,1.2951962475958931,-0.7412875933563221,-1.277068315291407,-0.12936050984037833,-1.9376316783059189,-2.119421296246859,-1.4375436385994584,0.6061852033378367,-0.4877186670989591,-0.5400981406711486,0.5952119892291237,-1.006116922243785,-0.33760530199913874,-0.6061852033378367,1.4375436385994576,-0.8152827261747027,-1.3101654415944555,-0.7279694450999874,-0.6770767854263857,-1.3305665148076924,-0.9701345517591269,0.02452383803125581,0.8986955503100138,-1.1004416420156866,-0.6093693453916895,-0.7105613285614767,-0.7794347861583975,-0.38663698373552574,-0.7361766328910565,-0.635754044465484,-0.5363722402842841,-0.32030321536567735,-0.5799798072721716,0
0.8530127518051386,1.6501704349208541,-0.8790386569529866,1.0385308760612593,1,0,0,1,0,0,0.3499270366280375,-0.4704812277380702,-0.3233468040202586,-0.23469546446104164,-0.5416246192892347,-0.18045534797624446,-1.5131253762773638,0.689219370540862,-0.9471934524736384,-0.4735865931485181,-0.6944901233287917,-0.17888727800116214,0.5168479101841776,-0.4318315445298521,0.18170366938970806,-1.4450942663034794,-0.0916647751541102,-0.7272813884477388,-0.4194329849395745,0.17200761631813533,1.6725566780910042,-0.7639484686561825,-0.15733519257528025,0.5488917121499881,0.19282245166836537,-0.17200761631813533,0.41943298493957376,-0.48105256270404034,0.04072103005925432,-0.3549674598070702,-1.0130097982875779,-0.9892009100985523,0.3845801819166189,-0.22015379130249568,-0.04256332662598434,-0.4803306735805153,1.5555980471387252,-0.7105613285614767,0.023408257945752128,-0.06248019957332482,0.1607484349347019,-0.0647368131630805,-0.4540570296619595,-0.4316415915936655,0.10046155601764112,0
1.341317736592655,-0.8493028643109486,0.5693561964423357,-0.8681093238500562,0,1,0,1,0,0,-0.20530619155379135,-0.31115787826810587,-0.630383158037337,0.14721330683660885,-0.6838296555009996,-0.3530717282859077,-0.48161197598413863,1.0444306782842976,0.7917565173764967,-0.3521256083216356,-0.350541340139922,0.744585934054369,1.187653597841131,-0.16137818165003465,0.24696863579615588,0.22074495386027848,-0.1693684480791085,-0.3708767595665403,0.433199628593772,0.5858842905209262,0.5084459986977384,-1.1861061254965688,-0.8605302931866264,0.3077561257093722,0.09363193986950626,-0.5858842905209262,-0.4331996285937727,-0.03541234474315745,0.41596727218528484,0.5365982611369737,0.5762117625557528,0.47867119015075044,-0.08799472517957138,1.7372672433675176,1.6184817503198954,0.5738579727592754,0.8894542340524437,-0.8623145398892288,1.3736442866663687,0.6376984542170299,0.7361343275021692,1.7434844192945298,0.12214944469431245,0.45906541823023866,1.708777505611744,1
0.08200488108800677,0.43908543426214564,0.27967722576327125,0.3052077222492148,1,0,0,1,0,0,-0.7605394197356201,1.7472532791175652,0.35469181110078946,-0.47252047204185127,1.8069388289804724,1.708933788832894,0.7010885840329385,0.3684237578915877,-0.8072653813745089,0.9837877745078962,0.5769720483083705,1.7886811895881218,0.05828450199180123,0.4974898255388777,-0.7193816940825444,-0.24318389693422257,0.8173572888466794,0.8785066615114805,1.4117422606640757,1.0393990221288592,-0.47779477055158065,-1.226333958901965,0.859182456036037,-0.5185563184846225,0.10759884695494461,-1.0393990221288592,-1.4117422606640766,0.605195468575612,-0.5596729573423944,0.47291499535525605,0.26611975068388355,0.59814915179895,0.8256500952063961,0.35076067714292497,-0.26403600355210183,0.5118468759157585,-0.6371253376036178,-1.317574173872486,-0.97102233077416,-0.4385020692014777,-0.6007917169928287,-0.9212626601166852,-1.1948939252628807,-0.9326642846196119,-0.8892713360402683,1
0.08200488108800677,-0.7977673323680251,0.27967722576327125,1.7718540298733036,1,0,0,1,0,0,-0.7605394197356201,1.7472532791175652,-0.7327286093763631,0.7547954429919619,0.32496486319829637,0.7604380825199513,-0.26589541099973624,-0.2672452705035133,-0.30703707524811225,0.16582956308512045,0.403164654627932,1.201578699081695,0.39547796144803066,0.6700456745339636,-0.8901652816821674,0.16840157354898283,0.9402951198122321,1.048318624834817,1.8985991410323173,-0.2441974779926877,1.03923578469408,-0.5249455171943401,0.5889573084979649,0.7083555036322462,0.49934530209274886,0.2441974779926877,-1.898599141032318,0.6887530094432773,-0.7848207026180125,0.20908432283099887,0.26611975068388355,0.6493539925053206,0.29006520049738066,0.6769975162545934,-0.1532996650890431,0.3258135853852078,0.8616982418405155,-0.5588081172337243,-0.25028823436248077,0.08014878545804377,0.36382580878204385,-0.7626467625326843,-0.7010026615289333,-0.8769950965056176,-0.1469716669968365,0
1.0843151130202777,-0.2824120129387873,-0.4445202009343899,0.3052077222492148,0,1,0,1,0,0,-0.356733435603381,-0.2053299600070346,-0.23379453409861076,-0.28561663396739506,0.15605654957475573,0.06281747815965406,-0.06538143994515051,0.8127958778786729,0.12578956419315654,-0.06866673155951585,-0.17736210299803817,-0.318089200664753,-0.24490116610651147,-0.06395658376227482,-0.46670288129475795,1.3707857103766767,-0.27862039571859276,0.5789360922987407,0.28185302474922574,-0.7133741297612541,0.02700981888662353,-1.583120551559633,1.2055488926312246,-0.18351089066997794,0.7957978337400969,0.7133741297612541,-0.28185302474922647,-0.3139374809687093,-0.7097714541928067,-1.019092945816409,-0.25070026910256554,-0.34060626115118536,-1.1276595207911904,-0.7910682597479163,-0.983822203561983,-0.728375060954584,-0.10976148557697851,-1.5452039908641146,-0.49661507743988936,0.15794641365697218,0.0761328624983096,-0.5088613263982832,-0.20711139779498602,-0.5429799678216537,-0.3944048900113141,1
0.15910566815972013,-1.8542457371979617,-0.4445202009343899,1.0385308760612593,1,0,0,1,0,0,-0.10435469552073157,-0.3547682841449209,-0.38731271110714993,-0.1965045873312766,-0.3072120800186228,-0.12097871952757809,1.0879293872173093,0.7073072706963404,-1.6495792607589406,0.4967756571805765,-0.3505415636665554,0.07399475520701705,0.590314849765428,0.8794524812042899,-0.4278332535445762,-0.7370701393044239,-0.10641612968223582,-0.5074708752842819,-0.37315522795503414,0.471010832630124,-0.6340537391165143,-1.3993953878585381,1.5143457034621368,-0.7766322761304452,-0.03972533764591097,-0.471010832630124,0.3731552279550334,0.605195468575612,-0.5596729573423944,-0.5824076947417753,-0.8450432918569822,-0.8355863879794388,-0.18250970659880966,-0.05703537174666111,0.12354118106860354,-0.5423417704240322,-0.19302946221276363,-0.9381911455531051,2.413690957437653,3.0753574711167806,2.428445776230015,0.6966194952401235,0.36909507656128593,0.6817421706862145,2.3273605631479377,1
1.4441187860216065,-0.4885541407104817,-0.15484123025532542,1.478524768348486,1,0,0,1,0,0,-0.06649788450833415,-0.3698865581822168,0.13720772700535894,-0.43085769699119847,0.1505275639594531,0.04850731191636592,0.803891800694737,-0.4926768489881036,-0.21633045702430295,0.7824647372574358,0.06718931947423203,0.09944976376385287,0.5035600787908031,0.13096158053797635,1.00945984518205,-0.17377216682180652,0.42307253287469654,-0.7924884473402245,0.004530982273632039,0.13114384342216265,-0.9869758495619011,1.6874691497176046,0.12110671273339921,-0.6375478981337475,-0.8610601294455189,-0.13114384342216265,-0.004530982273632748,0.0759977097470634,0.8662627627365218,-0.1457224436671417,-0.21193876761858224,-0.03337721691295973,-1.0016395455655394,1.166352774922097,1.2862727349307197,-0.4183195767369984,-0.859173275299045,1.8692432640103136,0.5525548097416701,0.533968283285125,0.22844089288381547,-0.12818317219668063,0.9453015509175579,1.127095675598167,0.34789477903211874,0
-0.5605016778429365,0.43908543426214564,1.7280720791585935,-0.13478617003801185,1,0,0,0,1,0,0.4130217216486998,-0.49722894334251677,-0.09306953850744984,-0.36141973857344384,-0.3409489094174851,-0.1030910117234679,1.807223954680915,1.2955841161117878,-0.09171209224866989,2.112709068361242,1.340016467584964,2.102583205412146,-0.04603862019766171,1.3879055551828263,1.1387094400520767,-0.38331040636457653,1.2134902997356922,0.6373692557156202,1.4819217163109606,1.3979208031972914,-1.1262100241463227,-0.6374957390170743,-0.2598164896045218,-1.650857441919258,-1.1198200121132171,-1.3979208031972914,-1.4819217163109613,1.1900982546492709,0.9413120111617277,-0.23669853764102378,-0.39282577454383927,0.08610074473523979,-0.08799472517957138,0.6769975162545934,0.012804842605544792,-0.4183195767369984,-0.9424412519348303,-0.3311783002420958,1.0725781451273115,0.754394896515422,-0.025405824425361403,1.1407440084753266,0.03983423407198747,0.9044189231421907,1.1520527538291696,1
1.1614159000919912,0.5936920300909173,-2.617112481027373,-1.161438585374874,1,0,0,1,0,0,-0.19268725454965888,-0.31290229450317847,-0.438485436776663,-0.1606283088154367,-0.29785991890333213,-0.11650679257655054,-0.17200014805296646,0.0701006003157845,-1.8215433004219685,0.18079143888010712,0.5787261163534589,1.150519623656612,0.0580866055335123,-1.6377732889064838,-0.922573409617021,0.7153065985029569,-1.5659278435010198,-0.35309833577675415,-0.47521987007162214,2.0404888262716314,-1.397273380165837,-1.0204290629365702,3.208924861328709,-1.7969848144570157,-1.0971040948008857,-2.0404888262716314,0.4752198700716215,-1.5394480803611372,-0.8598699510432187,-1.6069330893092284e-4,0.369483754641173,-0.3064697006802721,0.2270552128845555,-0.05703537174666111,0.17890935030013266,-0.23228628620644656,-1.3587811351137562,-1.0899443568808573,-0.669956189235104,0.9359226956462544,0.05920974801103089,-2.570867994990295,-0.9479482933959068,-0.04195727479570725,-0.5181215015185524,1
-1.8198145333475857,-1.7511746733121147,-0.15484123025532542,-0.4281154315628296,1,0,0,1,0,0,3.0251416815041217,-0.7356324954691058,0.07324181991846762,-0.4134982073867598,-0.9546938626340173,-0.24619267415634938,-0.2660402048295788,0.5132220463521625,-1.1241590763310414,-0.2806086398734309,-0.36117226621283477,-0.30068785999925746,0.3451924593649426,0.2707164825244078,0.814511505266956,-0.3786412036604341,-0.8487255546865223,-0.6251824309668488,-1.2817794809441767,0.8611509049874916,0.6404321005355467,0.11154638043149782,1.1562652232362576,-0.46249756251969737,-0.1408273271155709,-0.8611509049874916,1.281779480944176,0.5216379277079463,1.1664597564373458,0.9732835122116075,0.6020527635450756,0.20557870638343811,1.0776900456576979,-0.05703537174666111,0.6772228733838963,1.2559800380379649,0.3898463742377325,-0.1035484832504671,-0.5969704579529088,0.04124997135858002,-0.14386762583630988,-1.175048096251087,-0.8656330827735822,-0.5986491559356475,-0.45626319576493324,0
-1.3829100732745436,-0.7977673323680251,1.4383931084795292,0.5985369837740325,1,0,0,1,0,0,-0.3945902466157784,-0.1832340210294483,0.03486227566633282,-0.4082903605054282,0.444982979346884,0.17461565193534273,1.8362455340264412,-1.955729144103357,0.4348141385552148,1.4533699062062595,2.14962079739692,1.3756067634834983,-1.8224919778194255,3.6403351337217713,-0.35333907151833827,0.856110742101191,2.4211905979824064,2.7671880309253183,2.7135711629137935,-0.8151232831568466,1.0840358586180883,2.330332301664583,0.26590323904162816,0.4374021715862395,-0.0929917936179647,0.8151232831568466,-2.7135711629137944,3.39044683083113,-0.3345252120667762,-0.009258302706318612,0.4340862571144791,1.4515631635718003,-0.05648973137315825,-0.7910682597479163,-1.648240234340335,0.5738579727592754,1.1392581639597994,2.400379503657447,0.3700904815361815,0.45617065508619664,0.6176725260912207,-0.44541496736468245,1.1099319721622063,0.7374113588002092,0.22417816752487937,1
0.3647077670176212,0.928672987719922,-0.15484123025532542,-0.13478617003801185,1,0,0,1,0,0,-0.11697363252486404,-0.3454647308912004,-0.4896581624461761,-0.12185878203219036,-0.4561343451276461,-0.17151149407418936,0.25232404405292325,-0.19298034480572718,-1.6121176800732457,1.069482621072433,0.24687693384119924,-0.5434306986145855,-0.6708631242539083,0.13252950632069585,-0.36815746037001235,-0.7900445948933037,0.7158847934465388,0.11180703229669985,-1.5933077962547393,0.8390486150612049,-0.21844080433576066,-0.10394048231100828,1.4099002486646073,-0.7349429170656862,-0.211794299464935,-0.8390486150612049,1.5933077962547393,-0.23037994010104354,-0.7097714541928067,-1.301118837135444,-1.4393863146113988,-1.1428154322176651,-0.655084613695,-1.85133798686084,-1.592872065108806,-1.0384305451721696,-0.10976148557697851,0.04820472807728505,0.4704458620491997,1.1693155802430386,0.7530574419894479,-0.6040308649486834,-0.4540570296619595,-0.09762646290970158,0.5953280020465953,1
0.08200488108800677,1.0575118175772313,-1.6032360836506476,-1.161438585374874,1,0,0,1,0,0,0.097548296545388,-0.41873021276424965,2.772603098985282,-0.7207611733853241,0.8740229926056764,0.2349866657742146,-0.7183568873738906,0.15519491524268683,0.7465264100756457,-1.0720009368033074,-0.2320708698881296,0.30259343815538986,0.3266784802892019,-1.1616150539296755,-0.4409095209834377,0.1793217818183344,-1.1668439036266187,-0.6269484425737982,-0.05671543019588151,0.4689510326955308,-0.16177933635492683,-0.6547033707391334,-0.8403255143554702,0.2911816649678298,-0.31038963181105694,-0.4689510326955308,0.056715430195880795,-1.1216603760228097,-0.4846237089171882,-0.2639913658331881,-0.1344157646506147,-0.5795621844475838,-0.08799472517957138,0.18764225758709038,0.2342775195316623,-0.6043528672675491,-0.10976148557697851,-0.5588081172337243,0.22411901897178985,-0.2569742700706454,-0.1269445113490324,0.41111087958892223,0.03983423407198747,0.29205785388825667,0.2860364732784985,0
1.2899172118781799,0.7482986259196881,-0.15484123025532542,0.3052077222492148,1,0,0,1,0,0,0.11016723354952047,-0.42163757315603734,-0.5152445252809326,-0.0639938166840615,-0.6838296555009996,-0.2748130066429257,-0.3654762644638825,0.3487675276937057,-1.4319722250427356,0.718824807358733,-0.15621822451228584,-0.295670160225007,-0.1601764778564082,0.2792946522612797,-0.751611867822715,-0.9028712631666879,0.9920871106846406,0.3578462061517841,0.3735052989149339,-0.7736968421314995,0.7872715681267131,-1.2316426466072439,1.0502554560770894,0.01265065647578341,0.5524585139989202,0.7736968421314995,-0.37350529891493456,0.24311279148239442,-0.7097714541928067,-0.03655113089848297,-0.4961897785011287,-0.10165033785478751,0.4475901695294441,0.02452383803125581,-0.1532996650890431,0.07776919801113909,0.6951622885689447,-1.1658209625447336,-0.07694712256726609,0.4691369264526849,0.4484413812184362,-0.4771381468814831,0.36909507656128593,0.013711913318286572,-0.023255055489598248,1
0.08200488108800677,-1.0296772261111817,2.8867879618748513,-0.4281154315628296,1,0,0,0,1,0,-0.6722068607066928,0.3604423722348462,-0.3361399854376369,-0.2318022161936352,0.7448121156572594,0.4563470498500781,2.9418528509925332,-0.5968584160303119,0.7207414083855406,1.9654774459809243,2.0765466438182565,1.3877898619179914,-1.668832043334955,2.690356385685932,-0.941623715013948,1.7603934870671358,0.9981688490827513,1.4268062384167006,1.1169885469471594,0.7849642097577141,-1.4025456008687118,-0.1240910595951365,0.7837480325586378,-1.6654660832922736,-1.3066137513259963,-0.7849642097577141,-1.1169885469471603,3.6132669398115715,-0.4846237089171882,1.8830444519504281,2.7339353451641775,3.175459467352957,-0.024984737566746233,-0.05703537174666111,-0.5408768497097485,2.2481575875342377,-1.2755131584779709,0.04820472807728505,0.534308376921121,0.8840576101803024,0.0761328624983096,-0.3502454288142823,0.6983559190505837,1.2941032399401495,0.5953280020465953,1
-1.7427137462758722,1.1605828814630785,-0.4445202009343899,-2.6280848929989626,1,0,0,1,0,0,0.08492935954125552,-0.41814874068589214,-0.20820817126385424,-0.30876262010664657,-0.24738042034379273,-0.08296734044384395,1.674320858459784,0.5600921563742758,0.35513672186701273,0.9004112328045163,0.2659251677007391,0.14539057346547377,-0.44773544094946877,0.7698744026007199,0.16389115177315777,1.117889540338585,-0.3058910964206433,-0.04113972835999004,-0.6135009981005504,0.8067582219688989,-1.5589344792518618,-0.6045615039378877,0.6378873832411804,-1.5197138608279945,-0.3858806794977612,-0.8067582219688989,0.6135009981005497,0.605195468575612,0.04072103005925432,-0.30947941282012914,0.29196075167320634,0.15437386567706757,-1.0016395455655394,-0.6279498401920818,-0.4301405112466897,-0.17027518936292965,-1.4420491117495413,-0.482931511569848,0.33359761589508324,0.6247321828505417,-0.07617516788719629,0.47455723862252236,-0.12479618717266176,0.29205785388825667,0.10046155601764112,0
-1.3829100732745436,-0.10203765113855341,1.4383931084795292,1.0385308760612593,1,0,0,1,0,0,-0.3945902466157784,-0.1832340210294483,0.009275912831576286,-0.3996106157032089,0.42590114597241774,0.1679077615088014,2.693535990097474,0.12886749824558694,0.3774686727320918,1.9752386563637208,2.3047213095616903,2.1927002797141024,-1.5926964640450807,3.673571043809948,-0.08291793713822455,0.5772282871416239,2.3177006136916214,2.6548140538927094,3.079616933403707,-0.06374491962016399,-0.07483845955893847,-0.25994005476247406,0.06404643999337584,-0.3702277386039127,-0.40434137238184314,0.06374491962016399,-3.0796169334037082,3.1954792354732438,-0.18442671521636386,-0.32767463161490584,0.007709740790658993,0.9395147565080901,-0.024984737566746233,-0.6279498401920818,-1.592872065108806,0.139780294854656,-0.026493508941193386,-0.17942508891434333,0.22411901897178985,0.22277777048941236,0.05920974801103089,-0.033013633646279864,0.4514102871836102,0.45906541823023866,-0.023255055489598248,1
0.3647077670176212,0.8256019238340739,-0.15484123025532542,0.5985369837740325,1,0,0,1,0,0,-0.11697363252486404,-0.3454647308912004,-0.16982862701171944,-0.3290153579784917,-0.04689119309727327,-0.011416509227403206,0.41636005616639055,-1.3652817983378351,-0.2800150121645662,1.1757218982841506,0.5068256318931297,-1.1520412591423574,-1.5284213915979958,0.08429804448601798,-0.43469562616158103,-0.5772264297810559,0.8601182735303502,-0.05494963789750438,-1.0117882743416888,-0.5677675826606664,-0.49472918063004523,1.4384235791432187,-0.19726699223788843,-0.7354458767151245,-0.7125457700631331,0.5677675826606664,1.0117882743416882,-0.14682239923337803,-0.6347222057676005,-0.8371407578686448,-0.9742482968035945,-0.6307670251539549,-0.7180946013078251,-1.5251011477491712,-1.3713993881826885,-0.9144083514851348,-0.4150773999081907,1.4898602356909325,0.29710475025398503,0.14498014229048395,-0.1607907403235886,0.2207718024881207,1.1922471827845313,0.9600881112561845,-0.023255055489598248,0
1.0586148506630406,1.289421711320388,-1.168717627632051,-0.13478617003801185,1,0,0,1,0,0,2.7475250674132075,-0.7269104142937428,0.09882818275322415,-0.41697010530764755,-0.8877868776732841,-0.23680162755919154,-0.4119823942739574,0.028070381941200605,0.08432326670909593,-0.8003481627176406,-0.5464597720953961,-0.7634384880231027,0.16234475014992714,-0.2963701719949157,-0.47879423457476056,-0.9773534858851345,0.041903278140863885,-0.41014532038501994,-0.3305796915292576,-0.7133741297612541,0.27674196416727725,-0.5181730336525718,-1.0974187281411905,1.1227693069821618,0.3099973900718117,0.7133741297612541,0.3305796915292576,-0.3139374809687093,-0.4846237089171882,-0.13662483426975403,-0.6124742829530796,-0.5624939042121272,0.3530751881102058,0.10608304780917345,0.2896456887631914,-0.10826409251941274,0.25106641317809053,-0.482931511569848,0.014285041535478216,-0.5551985114998699,-0.11002139686175369,0.5380035976561225,0.4514102871836102,0.1250502895462747,-0.023255055489598248,1
-0.5605016778429365,1.7274737328352407,1.7280720791585935,-0.13478617003801185,1,0,0,1,0,0,0.4130217216486998,-0.49722894334251677,-0.5024513438635544,-0.11896553376478392,-0.8426482964594042,-0.2904647509715221,1.4765928526531515,0.7266963147731115,-0.7731797429173716,1.4292747635824279,1.235334990688473,0.2849845773247018,-0.9826904705083443,1.4502519333271127,1.1557542099237612,-0.638869070774664,1.330360447821106,0.9651906989917158,0.7646392799752116,-0.3696749546284684,-0.6041636618864958,0.16039569799092934,0.4149608064125325,-0.6116953493975952,-0.6636751311789689,0.3696749546284684,-0.7646392799752123,1.3015083091394917,1.0163612595869336,-0.10933200607758836,-0.4186667755331612,0.10316902497069583,0.4790951633358572,-0.30171300108041293,-0.6516131881728072,-0.046252995675895824,-0.47058938433204756,0.35171115073279,0.589047675382767,0.7284623537824456,0.4145951522438788,-0.1916295312302808,1.0276167615398821,0.9044189231421907,0.40975308478573785,0
-1.3829100732745436,1.1605828814630785,1.4383931084795292,-2.6280848929989626,1,0,0,1,0,0,-0.3945902466157784,-0.1832340210294483,-0.20820817126385424,-0.30876262010664657,0.23652660906889644,0.09769850837766893,3.8042664566024853,0.45801993941913915,-0.00918342749268106,2.8747173725589588,2.2715485850301755,2.6374106154406607,-1.511660347869842,3.7285732734369317,-0.0016203610962644702,0.4826832755415421,2.553380827963976,2.698464894311284,2.9837620671543017,0.6378546273322141,-1.5643786316398605,-0.6302699830528183,0.49760419515075077,-1.3516689885335251,-0.3185986561026516,-0.6378546273322141,-2.983762067154303,3.251184262718354,-0.10937746679115769,-0.31857702221751816,-0.031051760693324323,0.9907195972144606,-0.05648973137315825,-0.7910682597479163,-1.7036084035718644,0.20179139169817292,-1.4420491117495413,-0.482931511569848,0.4339529964081015,0.6376984542170299,0.008440404549195996,0.6014499566897238,-0.04248097655033679,0.29205785388825667,0.10046155601764112,1
1.0843151130202777,1.7274737328352407,-0.4445202009343899,-0.13478617003801185,0,1,0,1,0,0,-0.356733435603381,-0.2053299600070346,-0.5024513438635544,-0.11896553376478392,-0.21232574057275744,-0.06597401802993927,0.3153188018364199,-0.11049044452727526,0.32103343112602883,0.2745290212181726,0.6222244895151495,-0.06426642923197522,-0.7519314864703125,-0.19512850556131067,-0.01334018636389078,0.8608663801004693,-0.09049130905280842,0.5334490294291497,0.46715141202740545,-0.550966827225982,-0.6334285732920548,0.13828769678164735,0.4262242353308821,-0.46060062956588466,-0.2881131606056633,0.550966827225982,-0.4671514120274062,-0.20252742647848845,-0.03432821836595151,-0.054746349693259644,0.3953247556304958,0.3421249482670949,-0.24551969421163483,-0.46483142063624716,-0.7069813574043363,-0.046252995675895824,-0.5261013687559044,0.27583454506891375,0.4339529964081015,0.5987996401175653,0.36382580878204385,-0.033013633646279864,0.6983559190505837,0.45906541823023866,0.2860364732784985,1
-1.3829100732745436,1.0832795835486928,1.4383931084795292,-0.4281154315628296,1,0,0,0,1,0,-0.3945902466157784,-0.1832340210294483,-0.3745195296897717,-0.20171243421260818,0.0428354851735741,0.014967859783659318,2.954870290463362,-0.01206352812520386,-0.13549552648404264,1.82439542801613,1.5267002038187245,1.2172326660441537,-1.1373537940359941,4.109586303506461,0.10022444639040982,0.616525859972301,2.395939376030159,2.582964203573508,2.595928233316254,-0.9144498376620688,-0.0025688557222730874,0.11696022116624034,0.8047759555755835,-0.0888680512482434,0.5369767750202941,0.9144498376620688,-2.595928233316255,3.5575619125664613,-0.03432821836595151,-0.3640650692044592,-0.0052107597040024186,0.9565830367435462,-0.2140147004052217,-0.9541866793037505,-1.7589765728033937,0.20179139169817292,-0.05424950115312168,0.04820472807728505,-0.1681792866700104,0.2616765845888761,0.2115177783965368,-0.2550758902638815,0.03983423407198747,-0.3759724034796717,-0.1469716669968365,0
-0.5605016778429365,0.0783367106616796,-1.6032360836506476,2.9451710759725747,0,1,0,1,0,0,0.8420655797892039,-0.5687500089804935,-0.7199354279589849,0.39024616129875006,-1.6520254153970586,-0.7389990241595851,-2.7936555006816297,1.7370883432697095,-0.5249057989480753,-1.618007615656515,-2.1312952372635996,-0.9137340108375034,1.8378953792749229,-0.6769046312267687,1.386525952974686,1.2812034161657708,-1.3531065221767822,-1.4625507765974748,-0.7613439424253534,-0.4911325578708816,3.2082908470151303,-0.9952170040294301,2.0050496860705493,0.8441066385553252,1.3428920197464442,0.4911325578708816,0.7613439424253534,-0.7038726716844818,1.0914105080121401,-0.38226028799923456,0.3048812521678669,-0.27233314020935756,-1.6632444155002057,0.35076067714292497,0.8433273810784847,-0.4803306735805153,3.9148573851526383,-0.6346847228976005,1.455753234358838,2.4659427168918424,2.783831180462863,-0.44541496736468245,-0.4540570296619595,-0.7099875321636356,1.708777505611744,0
1.0843151130202777,-0.6173929705677911,-0.4445202009343899,-1.6014324776621007,0,1,0,1,0,0,-0.596493238681898,0.05923983564564346,2.8109826432374163,-0.7207611733853241,1.7759509677762906,0.6025790611486789,0.8876017724753148,0.8451362008142219,-0.10323636552221684,1.1948270295861512,0.9600893348325564,0.28920528209663443,-0.8271596654673796,0.034799351678114716,0.17717666395497614,0.736474994994013,0.07973030305334468,0.6414155367528533,0.6912331826893902,-0.29111514316954507,-1.1994607690812387,-0.9824842660049147,0.8812139146988159,-1.535075029466409,-0.6219457263490219,0.29111514316954507,-0.6912331826893908,-0.007559831120602114,0.11577027848446049,-0.12752722487236504,0.26611975068388355,0.2909201075607231,-0.2140147004052217,-0.05703537174666111,-0.3747723420151606,-0.046252995675895824,-1.0257092285706153,-0.7105613285614767,1.0178388466656656,1.3767759221068474,0.549980068142106,0.506280418139323,1.1922471827845313,1.127095675598167,0.6571863078002155,0
1.9067235084518848,-1.8542457371979617,0.27967722576327125,1.0385308760612593,1,0,0,1,0,0,1.245871563921443,-0.6414340187751852,-0.38731271110714993,-0.1965045873312766,-0.9954424697046936,-0.34144471821323613,0.7461615117173336,0.9325748216770413,-0.6668419749839778,1.3076199034655416,1.0146300388439935,0.23343862273698235,-0.5202005090211258,0.42189094372195907,-0.06398280833981376,0.6869011161330234,0.7452202144784604,1.0032769025233932,0.02218903885575044,0.29637562078413626,-0.6160072856504587,-1.3440847825341626,1.6018646963640832,-1.0275625209079586,-0.33956411967251365,-0.29637562078413626,-0.02218903885575115,0.7723105503109431,0.340918023760079,1.273504622325418,1.4935672976767,1.7929287682809403,0.6051151385615076,0.02452383803125581,0.012804842605544792,1.752068812786101,-0.08200549336504998,-0.7864379342253526,2.933714292823296,3.6329071398757655,2.7669080659755845,0.7917890337905242,0.9453015509175579,1.2384340518261547,2.512935480408796,0
-0.5862019402001745,-0.2824120129387873,0.27967722576327125,0.3052077222492148,1,0,0,1,0,0,0.2363566035908452,-0.45187412123062914,-0.20820817126385424,-0.28561663396739506,-0.34756481593456856,-0.1267922245639139,-0.4247975809293929,0.6318628335871447,-0.3557894429626925,-0.15790989230727764,-1.0565687952021625,0.04917745612749337,1.1847813059378334,-0.4435991615383213,-0.5139669758583588,0.9917530048127479,-0.31621717630431007,-0.3725577552974407,0.7869085454439438,-0.7133741297612541,0.14745232156239008,-1.382132402426461,1.4829922130885362,-0.10022946203928185,1.0098610446743046,0.7133741297612541,-0.7869085454439446,-0.2582324537235989,-0.25947596364157,0.8459169806481733,1.2868392897621204,1.0760609983917457,-0.5290646384693491,1.4110304042558486,1.0648000580046022,0.38782468222872474,0.08453045990652028,-1.317574173872486,-0.15905607025973648,0.6117659114840535,0.5330569536548284,-0.3819686083310823,-0.37174181903963527,-0.7099875321636356,0.038603250264021984,0
1.3156174742354179,0.5679242641194551,-0.15484123025532542,0.3052077222492148,1,0,0,1,0,0,-0.00340319948767178,-0.3954713296299483,0.32910544826603294,-0.4603688293187442,0.21445271956679232,0.0516376607820852,1.0560335195761934,-0.7088317166329655,-1.0640292903204827,1.8145198750435683,1.0886280973392015,1.1315106496879233,-0.5558516551357026,0.186393116610706,-0.5433631819570254,-0.912206400935231,0.8963887516102481,0.14702302666853062,0.9068055190224368,0.6438868985692391,-1.2821985097625448,0.42856446877161986,0.53788422497036,-1.5624555463185743,-1.2717304733207977,-0.6438868985692391,-0.9068055190224374,0.27096530510494976,-0.40957446049198204,0.381938901381374,-0.173177266134598,0.18851042614798086,0.6366201323679207,0.9216751455883455,0.5111183656893089,0.07776919801113909,-1.2477571662660425,0.19995793940503753,-0.5148615102604385,-0.17917664187171697,-0.7700228618656133,-0.857816301083085,0.36909507656128593,0.793080546914203,-0.6418381130257917,1
0.5960101282327613,1.1863506474345409,-1.168717627632051,-0.13478617003801185,1,0,0,1,0,0,-0.3945902466157784,-0.16404544244364969,1.5188713200822117,-0.6576883611558636,1.088285273898669,0.38211306246302085,-0.8177064279757167,-0.7015950701569283,2.459512216169704,0.039411746012767555,-0.1481707911753041,-0.4556677534200462,0.11612859095504627,-1.264814096307734,-0.8100148734017567,3.1166684992925995,-1.798059691451788,-1.279565417552289,-1.6999955754706857,1.0645584453617318,-0.12674664889904957,0.1515061335355572,-0.23028432222614226,-1.8361679372688973,-1.0566172977041683,-1.0645584453617318,1.699995575470685,-1.2330704305130304,-0.8598699510432187,-0.46413877257572894,1.1188727833315248,0.22264698661889537,-2.5768892358861737,-0.6279498401920818,0.17890935030013266,-0.5423417704240322,-0.1375174777889068,0.12408133374116129,-0.040454256926167845,-0.1532440991387405,-0.8546384343020056,0.47455723862252236,-0.20711139779498602,0.3477270420022505,0.038603250264021984,1
-0.7918040390580765,0.43908543426214564,0.5693561964423357,-0.13478617003801185,1,0,0,0,1,0,0.1480240445619179,-0.4390817355067634,-0.0035172685858019803,-0.39093087090098955,-0.11136877319534265,-0.035564914762951955,1.6547207988647439,2.519745546925599,0.3242146143136728,1.4309016347449386,0.4619662627948537,1.452097251956314,0.4744640711468555,1.1706649491603927,2.6777688613256245,0.2705784664685436,0.3454346473982522,-0.1429877635214692,0.7431545685744835,1.2434358081027634,-1.1312149275151426,-0.7758997784688749,-0.1713069747076061,-1.5905287112201416,-0.7401784876455287,-1.2434358081027634,-0.7431545685744843,1.245803281894381,2.7424939733666744,0.4001341201761507,0.48576825909312477,0.615217432034406,-0.40304466324369825,1.0032343553662626,0.6772228733838963,0.20179139169817292,-0.9146852597229018,-0.4070549059059717,1.3827675030766426,1.0655854093111348,0.2622871218583729,1.6800380602609295,-0.04248097655033679,0.6817421706862145,1.5232025883508855,1
0.3647077670176212,-0.12780541711001567,-1.168717627632051,1.0385308760612593,1,0,0,1,0,0,0.021834674520593164,-0.398378690021736,-0.579210432367824,0.034376624407757565,-0.7541428746183517,-0.33294805700628377,-0.9542873227121547,1.145672520589217,-0.06750556310865212,-0.4586466162113539,-0.7521826516360461,-0.28033489297140046,0.6553460095252919,-0.4389819785772201,-0.18517456807224697,0.0986370838482874,-0.33322603758678804,-0.6365614895734205,-0.13280945780952072,-0.2506245554141756,0.8883341315328847,-1.7579753063771122,0.19140312296270517,0.2891807543478566,0.356395888070236,0.2506245554141756,0.13280945780952,-0.23037994010104354,0.11577027848446049,0.9641859028142197,0.8733832739329616,0.683490552976235,0.16404522527173035,1.0847935651441794,1.2862727349307197,0.6978801664463103,0.8894542340524437,-1.6210805965279906,0.20587258615124074,0.2746428559553643,0.38074892326932136,0.09387908442092041,0.28677986593896093,0.18071947766026855,0.34789477903211874,1
0.08200488108800677,-1.8027102052550381,-1.6032360836506476,-0.8681093238500562,1,0,0,1,0,0,0.11016723354952047,-0.4303596543314004,1.4293190501605637,-0.6490086163536443,0.5613338037962776,0.17059091767941792,-0.7295717442783325,-0.1569785306818138,0.7691750735030879,-0.8451704749151108,-0.6015140862911061,-0.9886463988686148,-0.1734450105489376,-1.163505146280922,-0.1813716201178672,0.1646334631606053,-0.9674563562073096,-0.5253559218052056,-0.5252107151899512,-0.827498180191446,-0.1480733628365005,0.03376385232416026,-0.8860473397104665,0.18245762376307834,0.26908996650162104,0.827498180191446,0.52521071518995055,-1.17736540326792,-0.40957446049198204,-0.7825551014843162,-0.5866332819637576,-0.9038595089212672,-0.49755964466293656,-0.5463906304141645,-0.3747723420151606,-0.9764194483286528,0.3620903820258042,0.7690324818841089,2.2266650210270273,1.2924951582246753,1.303058662825998,2.790349343348936,1.6449808412073161,1.266268645883152,1.708777505611744,1
-0.7918040390580765,1.0317440516057692,1.7280720791585935,-0.13478617003801185,1,0,0,0,1,0,-0.571255364673633,0.046447449921777705,-0.2849672597681238,-0.24453250857022354,0.49039941067378034,0.22470123378685125,1.005785159580046,0.09321716889970584,-2.8930370190677417,1.5126021072720508,0.8171171178012018,-0.35814249097165485,-0.5655124860745003,0.3533636005757454,-0.8735928288422327,-1.1061591558254071,0.835857642050232,0.8857613311490742,-0.8569681418843186,0.3614669270176405,-1.0454920017825302,-1.0030896082064527,2.8432952483572276,-1.2146057322436785,-0.19751873182798524,-0.3614669270176405,0.8569681418843179,0.15955525061472892,-0.9349191994684248,-0.555114866549611,-1.0000892977929163,-0.6649035856248688,0.7941451013999841,-1.5251011477491712,-1.4267675574142176,-0.23228628620644656,-1.0257092285706153,-1.0140677512169813,-0.3688900476960481,1.078551680677623,0.4484413812184362,-1.8412348661038906,-0.8656330827735822,-0.8213259083916238,-0.5181215015185524,0
-0.48340089077122306,0.0783367106616796,1.4383931084795292,2.9451710759725747,1,0,0,1,0,0,0.19849979257844777,-0.4425705679769086,-0.7199354279589849,0.39024616129875006,-1.3336629121014012,-0.6419582093222873,-2.899236355068069,1.8198561000589484,-1.4805065687271008,-1.1519042849642667,-1.4256368433460616,-0.3743358241871794,1.3827822546889126,-0.8175679393622876,1.5883406104418494,-0.03340510692368368,-0.6481979625998494,-0.42715411043277596,0.04968400367083265,-0.5598254073642694,3.2145544750586326,-0.9066448541893122,1.9903331658315206,0.913406370392455,1.4363648682537642,0.5598254073642694,-0.04968400367083336,-0.8152827261747027,1.3165582532877582,-0.2912841940253525,-0.26362076959722697,-0.4942207832702994,-0.11949971898598452,0.18764225758709038,0.17890935030013266,-0.4803306735805153,4.081393338424208,-0.482931511569848,1.7020800774362477,2.6993356014886265,3.0546010122593183,-0.2550758902638815,-0.5363722402842841,-0.8213259083916238,1.770635811365363,0
-0.27779879191332196,0.7482986259196881,0.27967722576327125,0.3052077222492148,1,0,0,1,0,0,-0.19268725454965888,-0.28964341136887706,-0.4768649810287978,-0.0639938166840615,-0.36060043314118295,-0.17330026485460037,-0.36940001288036156,0.06082302901420603,0.2665397309022829,-0.20585777716155368,0.23145741661444502,0.25929095657453954,-0.28844373157121944,0.21346320206686195,-1.0159556807191255,1.3174708647837665,-0.06168373372206089,1.0126922269413752,1.1393967240133565,-0.7763978591033001,0.726949626448509,-1.1012436143909923,0.9595624214245858,0.21693604164606983,0.6877908776106938,0.7763978591033001,-1.1393967240133573,0.10385022336961848,-1.009968447893631,-0.31857702221751816,0.3824042551358344,0.3421249482670949,-0.40304466324369825,-0.22015379130249568,-0.7069813574043363,-0.23228628620644656,0.6951622885689447,-1.0140677512169813,0.0872707728176734,0.5728670973845897,0.6345956405784983,-0.3185222492974822,0.2044646553166367,-0.15329565102369538,0.16231986177126023,0
0.5960101282327613,0.0010334127472937634,-1.168717627632051,1.1851955068236681,1,0,0,1,0,0,-0.3945902466157784,-0.16404544244364969,1.3525599616562942,-0.6409075212049062,1.0405897503097672,0.369144474305041,-0.4302263395903848,-1.0005419761250522,2.3443865074783563,-0.9874199615468282,-0.12801839504660434,-1.1113328943175895,-0.08451146843438619,-1.2542295791407534,-0.9747395761338985,3.086004592716097,-1.8541588977074035,-1.2508321793551107,-2.104772194525814,0.5717619163874261,-0.6549712192703511,0.39680255272596754,-0.10371789060450642,-0.504611558636062,-1.0547639850260078,-0.5717619163874261,2.1047721945258133,-1.2609229441355856,-1.0850176963188372,-0.8644335860608106,0.6795757665130432,-0.1699234587966153,-2.639899223498999,-1.0357458890816678,-0.1532996650890431,-0.9144083514851348,-0.6926373220274746,0.19995793940503753,-0.44187577897824326,-0.4255357978349895,-0.5838686025055501,-0.857816301083085,-0.28942660841731066,-0.04195727479570725,-0.8892713360402683,0
0.3647077670176212,-0.7977673323680251,-1.168717627632051,0.5985369837740325,1,0,0,1,0,0,0.021834674520593164,-0.398378690021736,0.13720772700535894,-0.4343295949120862,0.07901638790101707,0.029278026026947467,-1.1572203628702902,-2.5693293669865356,0.08163543711283497,-0.6647774171385185,-0.255036936544931,-0.4887667350356006,0.019263429621533934,-0.42848158545206766,-0.6678994435936342,0.44278533929099023,-0.5755199728753118,-0.5864934203844127,-0.44411445533132876,-0.2261522221554376,1.181009332898992,2.857398188782665,0.3333581865955353,0.32739564928111836,-0.2410361651351669,0.2261522221554376,0.4441144553313281,-0.17467491285593337,-0.3345252120667762,1.1916261377489248,1.2739187892674588,0.9395147565080901,0.2270552128845555,0.758556726032511,1.1201682272361313,1.069946747507413,1.1115021717478706,2.7038859263129513,0.05990112358685037,0.22277777048941236,0.34690269429476517,-0.7626467625326843,0.5337254978059351,0.45906541823023866,-0.08511336124321738,0
0.08200488108800677,1.0317440516057692,-1.6032360836506476,-0.13478617003801185,1,0,0,0,1,0,0.11016723354952047,-0.4303596543314004,-0.2849672597681238,-0.24453250857022354,-0.34756481593456784,-0.14199677619740755,-0.16128050359148802,0.3046948627458778,-1.4448092887856352,0.11657758211918319,-0.21039942155877092,0.3169899969942131,0.751789310804274,-1.0994112683401458,-0.18799472726396638,0.29794970921457303,-0.969339187852728,-0.5336924863741385,-0.7279513648365089,1.1543098493943817,-0.8742543191109118,-0.6065322521819821,2.274513422767881,-1.1186689381090702,-0.24751728558942548,-1.1543098493943817,0.7279513648365081,-1.1216603760228097,-0.40957446049198204,-0.7643598826895395,-0.5091102789957901,-0.8355863879794388,-0.5920746260821743,-0.6279498401920818,-0.3747723420151606,-0.9144083514851348,-0.859173275299045,-0.6346847228976005,-0.2594114507727547,0.9099901529132779,0.34690269429476517,-1.4605567119022886,-1.277209135885205,-0.9883334727336057,-0.20882997275045564,1
0.08200488108800677,-1.8542457371979617,2.8867879618748513,1.0385308760612593,1,0,0,1,0,0,-0.6974447347149578,0.3895159761527229,-0.38731271110714993,-0.1965045873312766,0.7872051189147748,0.45142793020394784,2.6446708237024397,0.274974523426201,0.26678285358878395,1.2397502847893866,0.9907706790202274,0.3610769680817002,-0.6254443809711279,3.222268308885906,-1.0235596588822673,1.8697208396492284,0.8953863231124871,1.380910695315744,0.8432886699243073,-0.3438975164935092,-0.4578266313747835,-1.4027907595788798,1.514188030522726,-0.7869729018659212,0.06014011484150423,0.3438975164935085,-0.843288669924308,3.8082345351694578,-0.7097714541928067,1.2280165753384769,2.1654333233990846,2.543933098641048,-0.4660546508565234,-0.38327221085833024,-0.762349526635866,1.2559800380379649,0.029018475482663446,-0.9381911455531051,2.441060606668476,3.101290013849757,2.445368890717294,0.8552353928241243,0.6983559190505837,0.5704037944582268,2.079927340133461,1
-0.2006980048416086,0.7482986259196881,2.452269505856255,0.3052077222492148,1,0,0,1,0,0,-0.38197130961164594,-0.19777082298838666,-0.4768649810287978,-0.0639938166840615,-0.1313180925167232,-0.10264381902836514,0.36755315215652773,0.856392469412186,-0.030211900903030543,0.5303859671328978,0.3487249919273592,0.3062936549881878,-0.44103737981838464,1.2258432157331403,0.08331250648493078,0.6948480404571066,0.8912134762708522,1.244122877622463,1.5275383624814358,-1.0972459357537168,0.7137564921811013,-1.0919649003191128,0.7395559504089431,0.1671948034206416,0.7612842724801796,1.0972459357537168,-1.5275383624814365,1.1900982546492709,0.11577027848446049,0.1272058382545045,0.47284775859846334,0.8371050750953478,-0.05648973137315825,-0.13859458152457876,-0.762349526635866,0.20179139169817292,0.6674062963570164,-1.0140677512169813,0.041654690766301246,0.4172718409867329,0.46536449570571364,-0.033013633646279864,0.28677986593896093,-0.2089648391376897,0.10046155601764112,1
0.08200488108800677,-0.2051087150244015,2.8867879618748513,2.505177183685348,1,0,0,1,0,0,-0.6974447347149578,0.3895159761527229,-0.4001058925245282,-0.19418998871735144,0.769169000069119,0.4496391594235368,1.531786118781056,-0.8661570377823322,0.9603021896667033,-0.16459600893253704,0.10075965651649853,-0.554190842035813,-0.2282820096248114,3.2202157824825135,-0.8680540946037543,1.6572093593100432,0.8041237313792474,1.4139455750244851,0.6912331826893887,-1.4414068652642016,1.0876157812377725,0.3192301808452397,0.3525703218570768,1.0197139163457287,1.2494501635628992,1.4414068652642016,-0.6912331826893894,3.7525295079243475,-0.5596729573423944,1.1461380907619838,1.9587053154845036,2.2879088951091933,-0.15100471279239655,-0.38327221085833024,-0.7069813574043363,1.2559800380379649,1.1392581639597994,0.4275877563966659,0.36096726512590627,0.4950694691856613,0.9053654723749538,0.37938770007212164,-0.04248097655033679,-0.6543183440496418,0.47161139053935697,0
0.08200488108800677,0.0010334127472937634,-1.6032360836506476,1.1851955068236681,1,0,0,1,0,0,0.11016723354952047,-0.4303596543314004,1.3525599616562942,-0.6409075212049062,0.5388903632678482,0.16433021994797936,-0.3230041074478204,-0.7971220360250417,0.43088088526186247,0.06256903962175217,0.9609255687041528,-0.10546940732135823,-0.6448289575124571,-1.028733343844216,-0.2585452164289325,0.42133216195468876,-0.43881516345521426,0.1969343636234641,-0.5566704711695901,0.40825130337297294,-0.5787531617759115,0.8350700883727826,-0.1656304151024035,-0.5196483403997191,-1.056982225657671,-0.40825130337297294,0.5566704711695893,-1.038102835155144,-0.40957446049198204,-0.5642124759469986,-0.2765412700918884,-0.42594766232847037,-0.2770246880180474,-0.7910682597479163,-0.6516131881728072,-0.5423417704240322,-0.7203933142394032,0.35171115073279,-0.9801455471844351,-0.9052878383950472,-1.0238695791747903,-1.1433249167342867,-0.4540570296619595,-0.32030321536567735,-1.3841377820692236,0
-1.3315095485600683,-0.46278637473902035,-0.4445202009343899,0.3052077222492148,0,1,0,1,0,0,0.07231042253712305,-0.4228005173127524,-0.8478672421327675,6.787218080534396,-2.8265315925662344,-5.570468902049746,-0.11646227938856091,0.4194813432850006,-0.48529145685173425,-1.4299842790231,-1.4120234863583445,0.9218684175905927,2.649616560306609,-0.27044043167038273,-0.4165438338188941,-0.48059145950340004,-2.0173396541417095,-1.4094015021860093,0.6912331826893887,0.5717619163874261,-0.10827725832662612,-0.9930357768037449,0.18046161013911244,-0.06854296236304638,0.459693438337527,-0.5717619163874261,-0.6912331826893894,0.49378541408539117,0.5660657690356972,3.493321315288141,2.5918098397229046,1.3320852019236007,3.220029624493761,5.488990893151709,5.272780919600831,2.930279652812927,0.1400424443303771,-0.7105613285614767,1.0725781451273115,1.0137203238451828,0.9222885868622325,1.1407440084753266,-0.28942660841731066,-0.04195727479570725,1.5850608941045057,0
0.46750881644657266,1.6501704349208541,-1.8929150543297122,1.0385308760612593,1,0,0,1,0,0,0.24897554059497767,-0.45420000954405926,-0.3617263482723934,-0.21444272658919655,-0.531856106285675,-0.18358569684196374,-2.511604387036517,0.10190077015292547,1.8478071493432178,-2.573648502943103,-1.7580254898135392,-0.40572188215990335,1.9412944649651909,-1.7300227544420015,-0.4607191182107082,2.5760640207933916,-2.899716261432412,-1.9683938374118108,-0.5989345877887005,0.040659774866796713,1.7638286874019051,-0.6014003037087827,0.06268163117215964,0.6015240817339457,0.36376577229310936,-0.040659774866796713,0.5989345877887005,-1.6230056212288029,-0.40957446049198204,0.08171779126756346,1.4160442947087326,-0.06751377738387422,-1.6002344278873806,1.0847935651441794,1.6184817503198954,-0.35630847989348147,1.5000860627148682,-0.6346847228976005,-0.2776578835933038,-0.2051091846046925,0.04228663352375219,-0.3502454288142823,-0.7010026615289333,-0.7656567202776299,-0.20882997275045564,1
0.2876069799459088,1.0059762856343069,-0.8790386569529866,-0.8681093238500562,1,0,0,1,0,0,-0.7226826087232228,0.7587507459097571,0.12441454558798068,-0.4302790473377172,1.401745160202198,0.91606114041571,1.1347828518559189,-0.06964160379699243,-0.18166060403803896,2.2299693072901654,2.848122027465904,1.6637768718907882,-2.1676276298081776,0.8493122112969954,-1.388590005027771,-0.11699744392725152,1.1696759784272104,1.8242406973412137,0.9573302853504951,1.3197246945691967,-0.7293204247956915,-1.2954736973587582,0.1307649834298509,-1.8527139907128165,-1.921682143917764,-1.3197246945691967,-0.9573302853504958,0.744458036688388,-1.3101654415944555,-0.11842961547497735,-0.1602567656399366,0.3079883877961804,0.8886600828192224,-0.7910682597479163,-1.2052948804881005,0.38782468222872474,-0.859173275299045,-1.3934507795363622,-1.0896241441077272,-0.8663890242955825,-1.4469474413567518,-1.3019408143182878,-0.12479618717266176,0.6260729825722207,-1.3222794763156045,1
-0.4577006284139859,1.3151894772918502,0.5693561964423357,1.0385308760612593,1,0,0,0,1,0,-0.785777293743885,3.3404867738172093,0.6233486208657331,-0.5286494884295363,2.2053139508960626,2.977619464839409,0.20018925629761603,0.6467730013873012,-1.407939307204259,0.7370481793961624,0.34717274202078147,0.6983210330885474,-0.16434521119859596,0.11061605554881528,-0.15834083013687827,-0.031881891421838664,0.47525865660248573,0.38116534105477173,0.6912331826893887,0.266869946255213,-0.16784177467350578,-1.046338609727071,1.8926619729931555,-0.5244461915234668,-0.07920780002092324,-0.266869946255213,-0.6912331826893894,0.1317027369921738,-0.10937746679115769,0.13630344765189217,0.09815324425328795,0.2909201075607231,0.1325402314653172,0.2692014673650073,-0.04256332662598434,0.44983577907224165,-0.5538573609678327,-1.317574173872486,-1.710002860006389,-0.6978274965312384,-0.8377153198147269,-2.253636199822293,-0.7833178721512579,-0.7656567202776299,-1.5078543935764617,1
-0.5605016778429365,-0.3854830768246345,-0.15484123025532542,0.3052077222492148,1,0,0,1,0,0,0.12278617055365294,-0.4326855426448305,1.5700440457517246,-0.66058160942327,0.5918732820097946,0.177746000801062,-0.4476182249359974,-0.4395301598332082,-0.29613087426086426,-0.13566762153259318,1.0146062794246569,1.9108354803262857,-0.03286261563938349,0.16511591566034392,-1.154459298659596,0.027416022899459422,-0.04320752791221034,0.6379839674620522,0.8989187262297652,1.7146150431410736,0.7874059154355737,-0.5532430440939071,0.43237128458040214,0.1404343590898021,-0.6961706838504155,-1.7146150431410736,-0.8989187262297659,0.577342954953057,-0.7848207026180125,1.5919209512340051,1.3643622927300878,1.2808803612172301,1.865314890818015,1.0847935651441794,0.6772228733838963,1.6280466190990672,0.5008703430854462,-0.6852691266735177,-0.639545467867523,-0.3390939887250696,-0.2623294272472596,-1.5451518572804221,-0.8930714863143573,-0.17185204706169332,-0.2500688432528684,1
-0.7918040390580765,-0.8235350983394863,1.7280720791585935,-0.8681093238500562,1,0,0,1,0,0,-0.7100636717190902,0.7558433855179695,-0.6047967952025805,0.05462936227960266,0.44498297934688336,0.5390776984440877,0.5158990917063981,0.00860549561853672,1.1489422652680379,0.32083766036275657,0.5518588050240731,0.5887730216868091,-0.5612802502092643,1.2606295910817265,-0.9740227584544728,0.6270137994975026,0.8071124695995475,0.9212489181875699,0.4251360800282837,0.38137139103206524,0.5422359884693924,-0.9875659300685657,-0.9405541669004498,0.36688792835493944,0.1819767877088224,-0.38137139103206524,-0.4251360800282844,0.9672781456688292,-1.009968447893631,-0.5005292101652823,-0.12149526415595328,0.20557870638343811,-0.655084613695,-0.9541866793037505,-1.2052948804881005,-0.35630847989348147,1.055990187324014,-0.5588081172337243,1.7841890251287182,0.9099901529132779,1.0238272737859035,2.2193321120465326,0.36909507656128593,0.6260729825722207,2.141785645887079,1
0.030604356373531493,0.0783367106616796,-0.4445202009343899,0.3052077222492148,1,0,0,1,0,0,-0.25578193957032125,-0.25010331004056474,-0.7966945164632545,1.7413931021775588,-1.4721509376599122,-1.5381323703082075,-0.476552402630831,0.2743454793816255,-0.8723917550927753,-0.061952559339785815,-0.2943201124752753,-1.445885424234734,-0.3290729031970315,0.39706269247531356,-0.6803142285991086,-0.7579959127425799,0.5379531275613226,0.4398975983972217,-0.3925077445122049,-1.582730866861833,1.0593980803042307,-1.0580716398955086,0.43087596304947906,0.617119023484739,0.8121049465440314,1.582730866861833,0.39250774451220416,0.27096530510494976,-0.7097714541928067,-0.30947941282012914,-0.6383152839424023,-0.40887938209301433,0.4790951633358572,-0.8726274695258333,-0.8177176958673952,-0.046252995675895824,1.2225261405955843,-0.8623145398892288,0.6529101902546883,0.7932937106148858,1.0238272737859035,0.37938770007212164,0.6160407084282594,-0.09762646290970158,0.5953280020465953,0
-0.2263982671988458,0.7998341578626126,-0.15484123025532542,-0.4281154315628296,1,0,0,1,0,0,-0.6343500496942954,0.20925963186188729,-0.42569225535928473,-0.15079126470625479,0.4848907830678219,0.2774699718089763,0.16277381148353207,-0.009691642443789802,-0.4383016647278673,-0.5310845689334747,0.062294367375776837,0.17662306069345327,0.19767194043021613,-0.4714355051827736,-0.6962195473597456,0.6158409698038195,-1.1570470427251385,-0.14865107292198146,0.11065768597424898,0.13114384342216406,-0.6973937492452682,-0.6841553754367183,1.2180338420518033,-0.4298470514420318,-0.22611456863988416,-0.13114384342216406,-0.11065768597424969,-0.6760201580619267,-0.9349191994684248,-1.1919475243667854,-0.7416792878996918,-1.1086788717467513,-0.6865896075014126,-0.13859458152457876,-0.2086678343205727,-1.0384305451721696,-0.5538573609678327,-0.482931511569848,0.6529101902546883,1.234146937075479,0.9561348158367899,-0.6040308649486834,0.2044646553166367,0.29205785388825667,0.40975308478573785,0
0.9044132765196139,1.0059762856343069,0.5693561964423357,0.3052077222492148,1,0,0,0,1,0,0.21111872958258027,-0.4460594004470538,-0.6687627022894718,0.28319597540471164,-1.1374742222834422,-0.5619107168988942,-0.2512238964050591,-0.5757542349370328,0.5679706553811509,-0.7792433240895816,-1.1815037755630295,-2.019448761162555,0.35537792757357883,0.3399889896611708,0.08409477242055428,0.24797254447211722,-0.2237813396768601,-0.8628796561310457,-1.0383979846077995,-1.7244167737132345,0.6890459359203143,0.8744850532546621,-0.5272464202221645,0.8308097125006905,0.6935787352049444,1.7244167737132345,1.0383979846077986,0.02029268250195297,-0.25947596364157,-0.9918001176242447,-0.7287587874050313,-0.767313267037611,-1.4742144526617298,-0.709509049969999,-0.319404172783631,-0.9764194483286528,0.9727222106882286,1.2622304186993043,1.0269620630759395,0.5599008260181015,0.8884423578876751,1.3628062650929278,0.8629863402952329,0.06938110143228039,0.7809029193074537,0
-0.09789695541265715,-0.46278637473902035,1.0038746524609323,0.3052077222492148,1,0,0,1,0,0,0.097548296545388,-0.4303596543314004,-0.8478672421327675,6.787218080534396,-2.844567711411891,-5.576282407086082,0.007702972568418122,0.6013410657669744,-0.07337858068046346,-0.31502633848057793,-0.7181681829506459,0.24633743625465354,0.7818003843609049,-0.04958079040948877,-0.1758965007305965,0.05171922542428282,-0.40372759570405853,-0.35372421452899944,0.010024599876957354,0.3260326064644921,-0.06025171245205608,-1.001568737710625,0.15228381175551725,0.025250886550716476,0.5883109621599455,-0.3260326064644921,-0.010024599876958064,-0.007559831120602114,-0.10937746679115769,0.1908891040362222,0.188596747715916,0.017827623793410803,0.038025250046078915,0.2692014673650073,0.2896456887631914,0.015758101167622184,0.11228645211844858,-0.7864379342253526,0.7441423543574326,0.7154960824159574,0.6853649840403343,0.9821281108913258,-0.37174181903963527,-0.26463402725168356,1.2139110595827887,0
0.46750881644657266,0.28447883843337485,-1.8929150543297122,-0.8681093238500562,1,0,0,1,0,0,0.24897554059497767,-0.45420000954405926,-0.7455217907937414,0.7576886912593683,-1.49711230379783,-0.9348694246145914,-1.8551059921855417,0.597275367711661,2.193855567572984,-2.9511539386767267,-2.7874483572656494,-1.1943000311848568,2.3461761894962754,-1.727767759077832,-0.603792088409836,2.9510692846947846,-2.8245497857831827,-1.9052533058386956,-0.6392523306161391,-0.9948801208223941,0.8532048532168435,-1.4246448459308194,-0.03353402438744617,1.1860433613518897,1.7637103567329067,0.9948801208223941,0.6392523306161384,-1.6230056212288029,-0.5596729573423944,0.018034525485845748,1.5452492996553449,0.06903246449978255,-1.9152843659515075,0.9216751455883455,1.4523772426253072,-0.35630847989348147,0.6396503041450882,-1.3934507795363622,-0.40538291333714505,-0.3607044410025493,0.10997909147286698,0.5380035976561225,-0.9479482933959068,-1.378017789531564,0.038603250264021984,0
-0.020796168340944693,-0.5658574386248675,1.4383931084795292,-0.13478617003801185,1,0,0,1,0,0,-0.7479204827314877,1.4274436360209215,0.11162136417060241,-0.427964448723792,1.5585746549815456,1.4285439690034667,0.9488151981638632,0.13685297592016255,-0.10873120432856699,1.439399069519696,0.8074047253051108,0.47496594741188014,-0.5439806728702843,1.6788921395122125,-0.9433425804890314,0.1572881796683641,2.1750891929464458,1.7964703787374319,1.37244176550182,-0.7133741297612556,0.3581786142482515,-1.1328548927872668,0.30669865058654394,0.21224593013188922,0.7042379839275201,0.7133741297612556,-1.3724417655018208,1.2736557955169365,-1.009968447893631,-0.6278957417287164,-0.4574282770171454,0.3762615087380082,-0.49755964466293656,-0.5463906304141645,-1.0945585420250417,-0.4183195767369984,0.7506742729928018,-0.7864379342253526,1.464876450769113,1.4286410075727993,1.446905135967865,1.331083085576127,0.7806711296729086,0.45906541823023866,1.4613442825972665,1
0.08200488108800677,0.0010334127472937634,0.27967722576327125,1.478524768348486,1,0,0,1,0,0,-0.7731583567397526,1.7472532791175652,0.36748499251816774,-0.46846992446748226,1.933849962640533,1.7058034399671747,0.6950261499968027,-0.5921265535898612,0.586100933084298,1.3030377788833922,1.7541919643114332,1.5453012094664023,-0.8702472567057417,1.1409888305937261,-0.9649578241901848,0.5387612719982056,0.39364407754172975,0.7381995036055076,1.4819217163109606,0.6378546273322141,0.1736118152849821,-0.1539612876272019,-0.2598164896045218,-1.3699892453531763,-1.5598273304530659,-0.6378546273322141,-1.4819217163109613,1.1343932274041606,-0.8598699510432187,0.1908891040362222,0.44700675760914055,0.59814915179895,0.038025250046078915,0.6769975162545934,0.012804842605544792,0.2638024885416898,0.05677446769459199,-0.2553016945782196,-0.350643614875499,-0.4255357978349895,-0.9054077777638412,-0.5405845059150832,-0.04248097655033679,0.29205785388825667,-1.198562864808365,1
-0.020796168340944693,-0.46278637473902035,1.4383931084795292,0.5985369837740325,1,0,0,1,0,0,-0.7479204827314877,1.4274436360209215,-0.8094876978806327,3.3268931527162895,-0.37968226651564924,-1.473289429518308,1.0575726420684104,-0.7184246891524199,0.21828500380175433,1.0908509972527687,0.8314728097878721,0.7974184230534439,-0.2876301049873664,1.5030613084219298,-0.902865783972741,0.3555830532639328,1.7608975150910036,1.4033842988590823,1.815869993936328,-0.7133741297612541,0.03126064637532764,0.08158930986212293,0.05892376344341221,0.2724065116478277,0.2891762463384813,0.7133741297612541,-1.815869993936329,0.744458036688388,-1.1600669447440433,-1.492168634480596,-1.1163738022448682,-0.47715250303484213,-1.3166894836296663,-0.22015379130249568,-0.9284540343304539,-1.3484860293897554,0.05677446769459199,0.12408133374116129,0.15113328768959466,0.15794641365697218,0.2622871218583729,0.12560226393772106,0.6160407084282594,0.29205785388825667,0.47161139053935697,0
-0.48340089077122306,1.3409572432633117,-0.15484123025532542,-0.8681093238500562,1,0,0,1,0,0,0.9934928238387936,-0.6007309732901579,0.6617281651178678,-0.5431157297665685,-0.14138228956671825,-0.04227280518949327,0.28843831351468696,1.781790106978948,-0.5453873353311047,-0.6938297731330617,-0.9297173283892506,0.06666790748017462,1.1814282893756227,-0.5552986288811527,0.7737826387932104,-0.03297197489662714,-1.8769344271741402,-2.03500127020303,-0.20714969601966604,0.29637562078413626,-0.9559283434031192,-1.6704043785447225,0.7124291030155349,-0.9238167874735552,-0.7781045987856515,-0.29637562078413626,0.20714969601966532,-0.3974950218363748,1.0163612595869336,0.7185504490847379,0.5891322630504142,-0.2552648599739003,-0.08799472517957138,1.8188264531454346,2.172163442635189,0.3258135853852078,-0.6371253376036178,-1.317574173872486,2.039639084616402,2.1936510181955944,1.5653669373788135,0.5697267771729232,0.9453015509175579,1.2384340518261547,1.5850608941045057,1
-0.6119022025574117,-0.5658574386248675,0.27967722576327125,-1.6014324776621007,0,1,0,0,1,0,-0.11697363252486404,-0.3477906192046305,0.8536258863785419,-0.5633684676384135,0.5513877887761754,0.1679077615088014,-0.029918522515580026,-0.9234247531975841,-0.8727246936533745,-0.06848661087249393,-0.005430984393970177,-0.6250040528162297,-0.33262750208931374,-0.7692287228821839,-0.21611884674538911,-0.056135489624816404,-1.157728427416846,-0.9233924299214705,-1.244018473027745,0.38137139103206524,-0.7270018425028018,1.0509263372337294,1.1366331392875082,-1.0554626978472557,-0.8944524383651551,-0.38137139103206524,1.2440184730277444,-0.8709877534198129,-0.4846237089171882,-0.9372144612399159,-0.8192022908676594,-1.176951992688579,-0.655084613695,-0.709509049969999,-0.2086678343205727,-1.0384305451721696,-0.6926373220274746,0.9587239960437993,-0.040454256926167845,0.5469345546516133,0.05920974801103089,-1.0798785577006862,0.36909507656128593,0.6260729825722207,-0.2706882785040748,1
-0.6119022025574117,-0.5400896726534062,-1.6032360836506476,1.7718540298733036,1,0,0,1,0,0,2.343719083280968,-0.7083033077863017,0.2267599969270068,-0.4516890845165249,-0.7267009977547987,-0.19565989960973812,-1.778574828199367,-1.9851937479328836,1.2212380984463873,-1.5622469709716174,-0.5614658745714431,0.028406365680943912,0.5565244047631013,-1.2221289942900753,-1.2216337441633391,0.7916353275612956,-1.121522008373928,-0.2093177164701566,0.19997699316119485,-0.1595918522639314,1.2520147027350679,1.5009348532180833,-0.8739562331155339,0.9984128446094467,0.5255751255304633,0.1595918522639314,-0.19997699316119558,-1.1216603760228097,-1.0850176963188372,0.30006041680488094,0.6795757665130432,0.15437386567706757,0.16404522527173035,0.5138790966987595,0.4557501964577793,0.38782468222872474,1.1670141561717275,1.413983630027056,0.03253147435602734,-0.4255357978349895,-0.025405824425361403,0.6331731362065233,-0.37174181903963527,-0.48731077970765985,-0.023255055489598248,0
-1.8198145333475857,-0.5916252045963298,-0.15484123025532542,0.3052077222492148,1,0,0,1,0,0,3.378471917619831,-0.7408657441743236,-0.11865590134220637,-0.3446388986224865,-1.1637444677996729,-0.303433339129502,0.9142672387771453,1.5356620057736918,-0.3631009774383138,0.09749015912941693,0.043093591509923736,-0.8535949006315362,-0.39966827097138113,0.16620092906892692,0.803963628935703,-0.1758361469805145,-0.7592529509028098,-0.43510689442029343,-1.0299055238845714,-0.14275387761029457,-1.105244841212015,-1.3023511820313516,0.31967282997087754,-0.8845651447431792,-0.4808209752292094,0.14275387761029457,1.0299055238845707,0.35452284597261524,1.0663940918704047,0.764038496071679,0.5460639280682098,0.19419985289313407,0.8571550890128092,-0.08422177500596675,0.47420625286828905,1.069946747507413,-1.053465220782544,-1.2416975682086098,-0.14080963743918734,0.04124997135858002,-0.3130987707090945,-0.1916295312302808,0.28677986593896093,0.23638866577426285,-0.45626319576493324,0
0.5960101282327613,-0.10203765113855341,-1.168717627632051,1.0385308760612593,1,0,0,1,0,0,-0.36935237260751347,-0.1843969651861634,0.11162136417060241,-0.41118360877283466,0.46253807723036244,0.175957230020651,-0.8768385550819849,-0.4959926969794825,1.9361793481656846,-1.4072932385862442,-0.9549893910694366,-1.6421967038523118,0.27253139703225804,-1.2362316147272645,-0.7391010000258411,2.6931171641106895,-2.2460527439888978,-1.5720291965390367,-2.0499314912989903,-0.20666334585120408,-0.015962707904111237,-0.05964961444589591,0.05950099536743923,-0.32598507889429135,-0.2932475598472632,0.20666334585120408,2.0499314912989886,-1.2330704305130304,-0.8598699510432187,-0.7279694450999874,0.6408142650290589,-0.3747428216220998,-2.261839297822047,-0.7910682597479163,0.17890935030013266,-0.790386157798101,0.05677446769459199,0.04820472807728505,0.33359761589508324,0.31354167005482897,0.1607484349347019,0.12560226393772106,0.36909507656128593,0.29205785388825667,0.038603250264021984,0
0.5703098658755232,0.3617821363477598,0.27967722576327125,-1.161438585374874,1,0,0,1,0,0,0.3246891626197725,-0.4652479790328524,0.20117363409225028,-0.4349082445655675,-0.0790682729331119,-0.02170194121476656,-0.02247932099442559,0.6840898764750807,-0.07020498612789179,0.2944414114356551,0.24390193830622942,0.9368365826500517,0.5415235396383092,-1.3195471916580397,0.43770250211758305,0.5935535022377727,-1.4459928833507603,-1.355809317154451,-0.3364521793121226,1.6114225379908527,-1.2872179631043186,-0.500454066238441,0.6924365955852091,-1.8315931418442744,-1.6407683764609664,-1.6114225379908527,0.33645217931212196,-1.2887754577581405,0.19081952690966666,-0.555114866549611,-0.18609776662925942,-0.7331767065666972,-1.0646495331783645,0.6769975162545934,0.954063719541543,-0.8523972546416179,-1.0565492199172024,-0.010810409661285101,1.7274223452425637,1.9011895640403635,0.8376730144258402,0.23487099338447628,0.43311801815642703,1.621932903278114,1.3307545260062927,1
0.7502117023761872,0.9544407536913834,-0.4445202009343899,-0.4281154315628296,1,0,0,1,0,0,1.8263426661115367,-0.6798111759467825,0.38027817393554597,-0.47772831892318285,-0.5228781964656324,-0.15362378627007917,0.5881198312833611,-1.9098763406373318,0.019269813628745622,0.2961345006406168,1.507166028371262,1.123782184237601,-1.519114106064846,-0.3127901852519985,-0.8695827513775239,0.21732469194855844,-1.2930367432860435,-0.34127581272350055,0.1359000988749071,1.3979208031972914,-1.130331209433042,1.750236304223935,0.19204787592183575,-1.6822117059307478,-2.292579058970444,-1.3979208031972914,-0.1359000988749078,-0.20252742647848845,-0.7097714541928067,0.46381738595786837,0.5116092600824467,-0.06751377738387422,0.7941451013999841,0.02452383803125581,-0.04256332662598434,0.38782468222872474,-1.192245181842186,0.9587239960437993,-1.2264723902618437,-0.9571529238609991,-1.4638705558440304,-1.8412348661038906,-0.04248097655033679,0.793080546914203,-1.3841377820692236,1
0.10770514344524394,0.7998341578626126,-1.6032360836506476,1.478524768348486,1,0,0,1,0,0,-0.0412600105000692,-0.37802716727922225,1.4165258687431854,-0.6455367184327565,0.6724188190202066,0.20815510406804932,-2.086063892332031,0.33806999173528646,-0.14771937483633032,-0.9653212801546731,-0.7891724608648585,-1.821711369212999,0.31946685722719237,-1.0535449596846567,-0.23393656983744499,0.5178791097959334,-0.7056493939414834,-0.10875665683228372,-1.0117882743416888,-1.4811177417461807,1.8480329125379347,-0.6983641934861526,0.7223558953035752,0.6043769123558234,0.9197831419759656,1.4811177417461807,1.0117882743416882,-1.038102835155144,-0.3345252120667762,-0.38226028799923456,-0.06981326217730856,-0.34060626115118536,-0.30852968182446,-0.8726274695258333,-0.5408768497097485,-0.35630847989348147,2.49930178234429,-0.2553016945782196,1.6564639953848757,1.8565279626669051,2.0561372575098895,0.886958572340925,0.4514102871836102,-0.2089648391376897,1.5232025883508855,1
-0.5862019402001745,1.0059762856343069,0.27967722576327125,-0.8681093238500562,1,0,0,1,0,0,0.31207022561564,-0.46408503487613734,0.17558727125749374,-0.4302790473377172,-0.08793025187828747,-0.02438509738538309,0.2591792073694969,0.7836140658531985,0.8182367667629639,0.987313818557342,1.0491093499817503,1.2206071288771825,-0.6003869927873852,-0.5059288305914464,-0.12040879968997181,0.9256441734461298,-0.49504121408613455,-0.5279227153244762,0.49988245718027835,1.1689852080572094,-0.8659131233181316,-1.1961577897831597,-0.1883739457293363,-1.824671666517244,-1.8793073158142737,-1.1689852080572094,-0.499882457180279,-0.3417899945912644,0.11577027848446049,0.74584327727690225,1.1576342848155081,0.8712416355662611,-0.5290646384693491,1.247911984700014,1.0648000580046022,0.3258135853852078,-0.9701972441467586,-1.317574173872486,-1.1078705769282764,-1.0219842806934394,-1.5654092427677009,-1.0798785577006862,0.03983423407198747,0.7374113588002092,-1.3222794763156045,1
1.1871161624492292,0.38754990231922204,-2.617112481027373,0.5985369837740325,1,0,0,1,0,0,-0.21792512855792381,-0.2605698074510004,-0.2721740783507456,-0.24337520926326098,-0.052889204138511094,-0.012310894617608715,-0.8156391676787984,0.3625466350175908,-0.25678268318144765,-1.015088864476614,-0.39802682753386176,0.13821129867781817,0.5110947466276254,-1.4303985129661732,-0.726309657611239,0.09208548200174244,-1.4711777183582793,-0.8050852655353651,-0.9053494332772469,1.0864182721050466,-0.29507122276805364,-1.2252077050933539,0.4435675589015695,-0.08747507421722509,-0.2685546951211575,-1.0864182721050466,0.9053494332772463,-1.4001855122483615,-0.8598699510432187,-0.7734574920869285,-0.6124742829530796,-1.1086788717467513,-0.34003467563087314,-0.30171300108041293,0.12354118106860354,-0.9764194483286528,-0.5816133531797613,-1.3934507795363622,-1.4089367184673323,-1.0090180093269512,-0.9731002357129547,-1.4922798914190887,-0.8656330827735822,-0.48731077970765985,-1.0129879475475077,0
0.15910566815972013,-1.4677292476260335,-0.4445202009343899,0.3052077222492148,1,0,0,1,0,0,-0.09173575851659908,-0.3518609237531332,0.44424408102243734,-0.4985597064485092,0.3490642224751811,0.1146918307915736,0.7341592669059704,-0.11024809896904399,-0.7683425604053474,0.0506963539185951,-0.5774892066209312,-0.7634384880231038,0.0423107302633802,0.9844527076818596,0.1562257265750343,-0.7078801623864707,0.3883827297328249,-0.47973017033593207,-0.3305796915292576,-0.7133741297612556,-0.037212785987565486,0.30782247909807403,0.33899872420646,0.31662616301874313,0.2824011122665228,0.7133741297612556,0.3305796915292576,0.9672781456688292,0.19081952690966666,0.14540105704928116,-0.25070026910256554,-0.08458205761933026,0.006520256239666901,0.10608304780917345,0.2896456887631914,0.015758101167622184,0.25106641317809053,0.7310941790521709,1.2185496076917033,1.234146937075479,1.3115202200696365,0.5380035976561225,1.2745623934068555,0.9600881112561845,1.3994859768436472,0
1.0843151130202777,-0.3854830768246345,-1.168717627632051,0.3052077222492148,1,0,0,1,0,0,-0.29363875058271866,-0.22975178729805104,1.582837227169103,-0.66058160942327,0.970239525240505,0.3338162513919234,-1.7391044730039815,0.8341304165265926,0.5877401232048571,-1.3802587823819126,-0.21151631193504947,1.4274736218774113,0.697592919014803,-1.432049467546023,0.35770024152165175,0.9508283610995385,-1.4372761394272833,-0.7621542912016269,0.27586209560863995,1.6733070988005798,0.9873801495610514,-0.786533924598498,0.15203036753574067,0.43946215141843264,-0.4691137593313216,-1.6733070988005798,-0.27586209560863995,-1.3444804850032512,0.340918023760079,0.03622974428062242,0.5245297605771081,-0.11871861809024475,-0.43454965705011084,0.758556726032511,0.6772228733838963,-0.10826409251941274,0.7586045564819242,-0.8297959946047105,-0.40277628007706695,-0.26808821695620605,-0.08101034345499072,-1.175048096251087,-0.9126703459863393,-0.22487032145597366,-0.10278716288710855,1
-0.6119022025574117,0.026801178718756015,0.27967722576327125,1.478524768348486,0,1,0,1,0,0,-0.20530619155379135,-0.2762695535666538,0.21396681550962854,-0.44243069006082425,0.33021012726505294,0.1294491897299645,-0.27126174709805273,0.07065795747583747,-0.4217378479638638,0.8014483438726983,0.98101432613686,0.579762893113183,-0.5118638589590103,-0.05465096688298305,-0.11734314061673065,-0.7083176190804605,-0.19785723753672435,-0.27088686429703857,0.2507965989744553,0.5419904249708541,0.32258946040614217,-0.21453204639624734,-0.13526113081694574,-1.278896857277691,-1.5398349692371498,-0.5419904249708541,-0.25079659897445594,0.35452284597261524,0.41596727218528484,1.701092264002664,0.9896677783849125,0.8541733553308051,1.833809897011603,1.0032343553662626,0.954063719541543,1.2559800380379649,0.16779843654230542,-0.3311783002420958,-0.42362934615769415,-0.4255357978349895,-0.8715615487892844,-0.7309235830158842,-0.04248097655033679,0.23638866577426285,-1.198562864808365,1
0.6474106529472365,-0.9523739281967958,-0.4445202009343899,1.478524768348486,1,0,0,1,0,0,-0.356733435603381,-0.2000967113018168,0.35469181110078946,-0.47194182238836996,0.5918732820097946,0.21083826023866584,-1.170554823248111,-0.2890560011711429,1.8404937141969544,-0.9943118655359183,-0.2788437401321775,0.7785747767443286,1.1303593273646244,-0.9428572007095853,-0.35128785313503136,1.274872922136515,-1.09527165829052,-1.098638965500579,-0.5448307780589747,1.6022396676771504,0.6855931705887981,0.04482597338903511,-1.2348922257403538,0.2571985550753276,-0.7100965982744909,-1.602239667677151,0.544830778058974,-0.9266927806649233,-0.40957446049198204,-0.2821865846279648,0.3953247556304958,-0.08458205761933026,-1.4742144526617298,0.8401159358104279,1.2862727349307197,-0.35630847989348147,0.3343343898138759,-0.2553016945782196,-0.8797901666714156,-1.3072422507561756,-1.1423313805857394,-0.4136917878478824,-1.0302635040182315,-0.4316415915936655,-0.9511296417938885,1
1.341317736592655,-0.7719995663965628,0.5693561964423357,0.5985369837740325,0,1,0,1,0,0,-0.3188766245909836,-0.2239370665144757,0.09882818275322415,-0.4082903605054282,0.38624416228021435,0.1433121632781499,-0.14773687000120242,-2.046870950140278,0.032782081420578445,0.1445005661152533,0.43843663499738755,0.39173551944595864,-0.19538441071065676,0.5652355237401687,0.13037551814502973,0.024312601629730913,0.3812714568474712,0.1522874130584131,0.5391776954544716,-4.693472038239746e-4,0.7702083894049905,2.9400019479710346,-0.02038238356864164,0.18285130762111793,-0.42131007984216834,4.693472038232714e-4,-0.53917769545447225,0.6609004958207222,0.26586877533487285,0.43652455776570404,0.3824042551358344,0.529876030857121,0.1325402314653172,1.0032343553662626,0.7879592118469556,0.6358690696027934,0.5008703430854462,2.3245028979935705,-0.5969704579529088,-0.5162996974004062,-0.4146374576327655,-0.9212626601166852,0.36909507656128593,0.4033962301162448,-0.5181215015185524,1
0.8016122270906633,1.3151894772918502,-0.4445202009343899,-0.13478617003801185,1,0,0,1,0,0,0.6149247137148194,-0.5274654914171085,-0.0035172685858019803,-0.38514437436617666,-0.3669273046777929,-0.10801013136959821,0.162342352621033,0.4446869057349354,0.5624669864147788,-0.35581543419586087,-0.5950944226777584,-0.7640263382297977,-0.09085073388669328,0.16222786526396704,0.22772383800963927,-0.6125918013364708,0.20320033242134883,-0.6480366988214505,-0.2249492467260648,-0.8189388764091825,-0.06364482167145491,-0.38221799188624433,-1.3845068953996356,0.6821736675672498,0.14097018851442866,0.8189388764091825,0.22494924672606412,0.1317027369921738,0.19081952690966666,-0.04564874029587195,-0.354064273059855,-0.2552648599739003,-0.24551969421163483,0.35076067714292497,0.5111183656893089,-0.29429738304996345,-0.10976148557697851,-0.4070549059059717,-0.1681792866700104,-0.840456481562607,-0.5500223735309933,0.7917890337905242,0.9453015509175579,0.5704037944582268,-0.3944048900113141,0
1.0586148506630406,0.928672987719922,0.27967722576327125,-0.8681093238500562,1,0,0,1,0,0,0.021834674520593164,-0.3925639692381606,0.08603500133584588,-0.4053971122380218,0.0443622206645615,0.01139031822283728,0.0413408140203511,-0.9604351952203558,1.051185129321792,-0.30268531045208596,0.09411939076205823,1.4021741394694096,0.5907217063784453,-0.5781778044803575,-0.9016188696190143,1.1529387085347682,-0.5819029762641138,-0.11303688737945179,0.20465562353765385,1.7094233342895349,-0.6351938580177992,0.41500545587487525,-0.27841307360091383,-0.16809670351422945,-0.2327183372597566,-1.7094233342895355,-0.20465562353765385,-0.5646101035717058,-0.8598699510432187,-0.09113678728281299,0.5116092600824467,0.2397152668543526,-0.7495995951142377,0.10608304780917345,0.012804842605544792,-0.17027518936292965,-0.5816133531797613,0.4275877563966659,0.11464042204849642,-0.0495139282068366,-0.11002139686175369,0.2207718024881207,-1.1125787146405561,-0.48731077970765985,0.47161139053935697,0
0.05630461873076867,-0.3854830768246345,-0.4445202009343899,0.3052077222492148,1,0,0,1,0,0,-0.24316300256618875,-0.25010331004056474,-0.041896812837936774,-0.3741500309500322,0.19193353889681236,0.09680412298746342,-0.4214104636317051,-1.84068928122382,-0.19123243754694425,-0.5052729103682233,6.705206134031854e-4,-0.9907153103474756,-0.7568198182648015,0.40193604816322753,-0.7113236027016715,-0.6427454339258292,0.439437289952562,0.13182710127045075,-0.70065935430716475,-0.656312104546159,0.9875912714046842,1.8138154348563642,-0.38447602651085866,1.1183295988913775,0.12783179669046585,0.656312104546159,0.7006593543071641,0.2152602778598393,-0.7848207026180125,-0.50962681956267,-0.7416792878996918,-0.5454256239766699,0.006520256239666901,-1.1173050988595852,-0.983822203561983,-0.35630847989348147,1.0282341951120857,1.8692432640103136,0.32447439948480933,0.06718251409155555,0.5161338391675497,-0.12818317219668063,0.5337254978059351,0.23638866577426285,0.16231986177126023,1
0.3647077670176212,-1.0039094601397194,-1.168717627632051,-0.4281154315628296,1,0,0,0,1,0,0.059691485532990585,-0.3954713296299483,-0.3617263482723934,-0.20923487970786495,-0.4056858223904708,-0.14244396889251032,0.4022390660496437,-0.8973561998444485,0.17141122932217145,0.24979238415767666,0.26702149633371974,0.14444541735701036,-0.057810237932824825,-0.8188458317567173,-1.4043194614567442,0.8137475546514573,-1.1086687296136917,-0.88706799410969,-0.4215365193479638,0.6150811089542358,-1.3775043198517427,-0.17516686229471576,0.5834129221161326,-1.4367903299418665,-1.2131902653418314,-0.6150811089542358,0.42153651934796316,-0.7038726716844818,-1.2351161931692491,0.47291499535525605,0.8475422729436388,0.3079883877961804,-0.43454965705011084,0.6769975162545934,1.009431888773073,0.2638024885416898,-1.2755131584779709,-0.1035484832504671,0.20587258615124074,0.4821031978191731,-0.1607907403235886,-0.4771381468814831,0.6160407084282594,1.0714264874841732,0.22417816752487937,1
1.0586148506630406,1.907848094635473,-0.15484123025532542,0.3052077222492148,0,1,0,1,0,0,-0.2810198135785862,-0.23382209184655378,1.301387235986781,-0.6356996743235747,0.874549572233346,0.31145661663678564,-1.0244187307601265,-0.6196248605849547,1.250666792158562,-1.0601951287049356,-0.7023704674179099,-0.23396606330361444,-0.09334058539285271,-0.9803500493336746,-0.8123650312876888,1.953204652651477,-0.8864734003513651,-0.17777679004589184,-0.06904425348519842,-0.2506245554141756,0.4449249640569047,0.036645111851158485,0.2530789071098141,0.5532433715679511,0.7395515728793532,0.2506245554141756,0.06904425348519772,-0.9823978079100336,-0.8598699510432187,-0.45504116317834126,0.5632912620610914,0.15437386567706757,-1.442709458855317,-0.709509049969999,-0.762349526635866,-0.5423417704240322,0.6951622885689447,0.35171115073279,0.9630995482040194,0.9618552383792308,1.1592121896841308,0.7600658542737248,0.28677986593896093,0.18071947766026855,1.3376276710900281,0
-0.4320003660567478,0.4648532002336079,0.27967722576327125,-0.13478617003801185,1,0,0,0,1,0,0.1480240445619179,-0.4262893497828976,0.03486227566633282,-0.39093087090098955,-0.08253450726282296,-0.025726675470691355,0.7062350088153144,1.5013801832358222,-0.6332724791023207,2.0615118562407577,1.0654837047398216,1.8959958470597467,-0.21853152878890325,-0.09442082526068295,1.3690465357674877,-0.725712319354258,0.7207632788023124,0.20876818790500798,1.1169885469471594,1.4780965601450846,-1.076381147497806,-0.689210653604226,0.13643380016474924,-2.0702729908193622,-1.1813594971957146,-1.4780965601450846,-1.1169885469471603,-0.03541234474315745,1.391607501712964,0.2545723698179399,-0.173177266134598,0.12023730520615308,0.5421051509486824,0.5138790966987595,0.012804842605544792,0.015758101167622184,-0.9701972441467586,-0.5588081172337243,0.36096726512590627,0.37837302688726915,-0.5161761445564365,0.5380035976561225,-0.28942660841731066,0.514734606344233,0.40975308478573785,1
-0.4577006284139859,-0.4885541407104817,0.27967722576327125,-0.13478617003801185,1,0,0,1,0,0,-0.8236341047562825,6.92235477649962,0.9943508819697028,-0.5951941985798844,3.264770164989012,5.783753626609194,0.3525883396666209,-1.089070124463803,0.17173104206242856,1.334543339948844,1.9815292135245384,-0.16654164647782466,-2.109172842689096,-0.02692961239803477,-1.0401065216625272,0.3785122902343156,0.11239275260876828,0.8175048876957083,-0.33645217931212407,0.1065462325527444,-0.517190420664453,0.4528270435287154,0.14560626057607184,-1.6914352251550573,-1.7779506164676926,-0.1065462325527444,0.33645217931212335,0.10385022336961848,-0.8598699510432187,0.5547934799317504,0.6795757665130432,0.700558833211691,0.7626401075935709,-0.709509049969999,-0.6516131881728072,1.13195784435093,-0.4150773999081907,0.5793409677244183,0.41570656358755365,0.4302381123532211,-0.3130987707090945,-0.3502454288142823,1.6038232358961542,1.8507951210800897,0.16231986177126023,1
-0.2006980048416086,-0.6173929705677911,-0.15484123025532542,0.3052077222492148,1,0,0,0,1,0,-0.6343500496942954,0.20925963186188729,-0.13144908275958464,-0.3434815993155239,0.8250164967954972,0.4263851392781936,0.1517607024973457,-0.5085343513818654,0.513356603398543,-0.33480503797504363,0.5123350690432354,0.8008375005967044,0.009555848532074291,-0.5701321045754911,-0.4820813394350076,0.7979692323680704,-1.3610773197603623,-0.23797084311001027,0.30418285154596364,0.7905619868667512,-0.7806962323178235,0.21504085359288608,0.10010644827668785,-0.8973209650059345,-0.8983928928911519,-0.7905619868667512,-0.30418285154596436,-0.8152827261747027,-0.8598699510432187,-1.537656681467537,-0.9742482968035945,-1.381771355514063,-1.0016395455655394,-0.05703537174666111,-0.2086678343205727,-1.4725082230767892,-0.8314172830871166,-0.02767187758659086,-0.6334633235940058,-0.4903671546674297,-0.7869459763528921,-0.7309235830158842,-0.20711139779498602,0.18071947766026855,-0.76555472453303,0
-1.1259074497021662,-0.5916252045963298,-1.168717627632051,0.3052077222492148,1,0,0,1,0,0,-0.6217311126901629,0.16274186559328455,-0.11865590134220637,-0.3446388986224865,0.7965572800300655,0.39150410906017874,-0.08968964212624735,0.07042688160940917,0.21396162035260893,-0.7205926637187939,-0.6516571286112043,-0.8802999991529944,0.43718936862690744,-1.3098813566218495,-0.9088743175676093,0.5590728909808861,-1.5847948615306529,-1.2631085878025865,-0.8940261523129447,-0.31393995325558316,-1.1841023870107987,-1.007153444564823,0.2693216358729975,-0.5979812564134376,-0.38599350911974417,0.31393995325558316,0.894026152312944,-1.17736540326792,-0.7097714541928067,0.6457695739056325,0.8604627734383002,0.10316902497069583,-0.08799472517957138,0.6769975162545934,1.3416409041622488,0.6358690696027934,-1.1089772052064004,-0.9381911455531051,0.023408257945752128,0.15794641365697218,-0.093098282374475,-0.15990635171348128,0.36909507656128593,0.23638866577426285,-0.2706882785040748,0
0.7759119647334253,0.8513696898055362,0.27967722576327125,0.5985369837740325,1,0,0,1,0,0,-0.44506599463230834,-0.1134573716265442,-0.19541498984647596,-0.30644802149272143,0.3291981714048066,0.14957286100958847,0.7837617514167728,-1.687826312952893,1.0548401606354167,0.2051519333662098,0.5511202031291377,0.6140684174484154,0.3693116291352405,0.6034298830640554,-0.9369404293716923,0.8783378100261352,-0.028798935247060772,0.6482143151261095,1.3508541695676228,-0.5022446364654003,-0.4868997650613007,1.3779882294876098,-0.5593570444423922,-0.3057035578924002,-0.08362814167010095,0.5022446364654003,-1.3508541695676235,0.577342954953057,-0.8598699510432187,0.06352257247278678,0.5116092600824467,0.47867119015075044,-0.11949971898598452,0.6769975162545934,0.06817301183707392,0.015758101167622184,-0.47058938433204756,1.2622304186993043,-0.040454256926167845,-0.32180562690308556,-0.4146374576327655,0.6014499566897238,-0.28942660841731066,-0.5429799678216537,-0.2706882785040748,1
-0.09789695541265715,-0.02473435322416849,1.0038746524609323,1.478524768348486,1,0,0,1,0,0,0.12278617055365294,-0.415822852372462,-0.7711081536284979,1.42313579276285,-1.5811746077178177,-1.4196263061059775,-0.994589941513383,0.7806247460679129,-0.2693368550342607,-1.531482563579918,-1.2977367208007173,-1.3856803636212818,0.1546323358948126,0.13213234450348732,0.231669315021107,-0.2758540981910193,-0.2658435242543699,-0.26190528565243876,-0.05671543019588151,-1.8336530737800742,1.5150266064379518,-0.8393507282120874,0.09098573825572857,1.805328252412443,1.4314217592369467,1.8336530737800742,0.056715430195880795,0.32667033235006016,0.491016520610491,0.7913313242638433,0.5116092600824467,0.3762615087380082,0.7626401075935709,0.18764225758709038,0.2342775195316623,0.44983577907224165,0.3620903820258042,-1.317574173872486,-2.3759976579564226,-1.981488361813554,-1.3623318689203594,-1.7143421480366898,-0.4540570296619595,-1.1553410370755877,-2.064579145359036,0
-0.4320003660567478,0.5679242641194551,0.5693561964423357,0.3052077222492148,1,0,0,1,0,0,-0.785777293743885,3.514928397324469,0.31631226684865466,-0.4603688293187442,2.052724243301574,3.0590085353481102,0.803201587662615,-0.12484555511346734,-0.2442449118081954,0.8518918731968649,0.8769233508315458,0.8252125494389826,-0.5952867737304528,-0.08363385325231049,0.16891501109625964,0.07615657431889,-0.3225682021685688,-0.11074139524201192,0.741322049072657,0.3902573124670771,-1.2004373204814733,0.3405697924406816,0.41042098937324045,-1.4707040687887483,-1.2481607226384233,-0.3902573124670771,-0.7413220490726576,-0.007559831120602114,0.26586877533487285,0.32735324499704527,0.31780175266252825,0.17144214591252482,0.29006520049738066,1.166352774922097,0.8433273810784847,0.5738579727592754,-1.1367331974183288,0.27583454506891375,-0.10431677179808911,0.11904759955750843,-0.48232991558187904,-0.5405845059150832,0.6983559190505837,1.0157572993701793,-0.45626319576493324,0
-1.7170134839186342,-0.12780541711001567,-0.4445202009343899,1.0385308760612593,1,0,0,1,0,0,0.07231042253712305,-0.4007045783351661,-0.5408308881156891,0.011230638268506017,-0.7076191643803278,-0.31684911998258464,0.01234633102451314,1.047583740156857,0.7663033910728603,-0.25661810766644544,-0.0753907832327305,-0.21162004105722074,-0.4215175238165274,0.8121033833464067,0.08478598094568228,1.1441364972952743,-0.23785909360767243,-0.0920431491808589,-0.1227108960387,-0.16692132358374867,0.7942762580848364,-1.3529048251970628,0.10218443276642541,0.11081750226417009,0.008149490109137113,0.16692132358374867,0.1227108960386993,0.7166055230658329,0.04072103005925432,-0.10023439668020068,0.49868875958778525,0.3762615087380082,-1.0016395455655394,-0.13859458152457876,-0.09793149585751397,-0.046252995675895824,0.9449662184763004,-1.1658209625447336,0.6255405410238652,0.585833368751077,0.600749411603942,0.2524949820049213,0.8629863402952329,0.848749735028197,0.6571863078002155,1
0.7502117023761872,0.10410447663314094,-0.4445202009343899,-0.4281154315628296,1,0,0,1,0,0,1.8263426661115367,-0.6798111759467825,-0.5664172509504457,0.019910383070725346,-1.4702817158905834,-0.5382095040584483,-0.009961561559311232,0.15167381663080756,-0.08090873213946471,-0.1793184379932743,0.03291144369894629,0.04701159571668276,-0.35262568862022603,-0.378601340781472,-0.8178589068651927,-0.06915000502416775,-1.0947912852151895,-0.2930575727825154,0.06512235289855199,-4.693472038239746e-4,-0.36444220494580437,-1.0274901722181233,0.041115861044993866,-0.8433286568247956,-0.32890016947219947,4.693472038232714e-4,-0.0651223528985527,-0.3139374809687093,-0.7097714541928067,0.23637715102316323,0.1627557467265941,-0.2894014204448148,0.7626401075935709,-0.05703537174666111,-0.09793149585751397,0.3258135853852078,-0.24854144663662048,-0.8623145398892288,0.4978155112800227,0.4432043837197094,0.05920974801103089,0.6331731362065233,0.36909507656128593,0.4033962301162448,0.34789477903211874,0
0.15910566815972013,0.10410447663314094,-0.4445202009343899,-1.6014324776621007,1,0,0,1,0,0,-0.6722068607066928,0.34881293066769553,-0.054689994255315046,-0.37357138129655093,1.0275834022237833,0.5569654062481979,0.4722646214511312,-0.625961231043025,-0.7275202787592667,0.23500527677795338,0.0857645550275797,0.9194646822733662,0.2431033865949996,-0.3939349873671655,-1.1025924292593312,-0.41355275046078577,-0.44220070494482444,-0.1399331086547959,0.1590389773671773,1.0963072413460702,-1.0503106501062547,-0.24540145693622398,0.5789639617996523,-0.755955617127133,-0.2481155667694686,-1.0963072413460702,-0.15903897736717798,-0.11896988561082296,-0.7848207026180125,1.282602231722807,0.8346217724489774,0.59814915179895,1.550264952753888,0.5954383064766764,0.5664865349208381,1.0079356506638961,-1.0257092285706153,-0.3311783002420958,-0.33239718205494984,0.002351157259115363,-0.29617565622181696,-0.4136917878478824,-0.7833178721512579,-0.3759724034796717,-0.2706882785040748,1
0.3647077670176212,0.928672987719922,-0.15484123025532542,0.5985369837740325,1,0,0,1,0,0,-0.5586364276695006,0.03191064796283935,0.32910544826603294,-0.46268342793266937,0.93764409409331,0.38211306246302085,-1.4729204125137925,-0.8702864800976301,0.6355370425751861,-0.5610908373236929,0.0848946300642802,0.6875275092274405,0.34127010936947905,-1.478163207263061,-1.051911596899787,1.2948879915673235,-0.9640814692957091,-0.5703833543871183,-0.3593320018427697,1.2940866261665431,0.5711684284273219,0.14071356033349214,0.43243712518607735,-0.19796915924242264,-0.667235506327169,-1.2940866261665431,0.359332001842769,-1.4001855122483615,-1.009968447893631,-0.1548200530645294,0.5245297605771081,0.08610074473523979,-1.033144539371952,0.18764225758709038,0.40038202722625016,-0.046252995675895824,0.16779843654230542,-0.2553016945782196,-1.1078705769282764,-0.7496925819971905,-0.7700228618656133,-1.5557262504526888,-0.9479482933959068,-0.48731077970765985,-0.9511296417938885,1
0.9558138012340891,-0.5916252045963298,-0.15484123025532542,0.3052077222492148,1,0,0,1,0,0,-0.4198281206240434,-0.12508681319369488,0.3035190854312764,-0.4592115300117816,0.6564247386757492,0.2586878786146606,0.3413322866292442,0.188851705047903,0.2718475369709771,-0.05235885118544084,0.3855715730209404,-1.3185833121353066,-1.2946134058923238,-0.14984505209544757,0.10636150654024172,1.3189474937741719,-0.6754592300207813,-0.16096050532773723,-0.9609518129377761,-0.8453300630711642,-0.6243542639904753,-0.15265426954518568,0.9537903424459255,-0.5990403800056263,-0.6584085336992711,0.8453300630711642,0.9609518129377754,0.02029268250195297,0.340918023760079,0.7276480584821255,1.3643622927300878,0.9736513169790033,-0.37153966943728567,-0.5463906304141645,-0.1532996650890431,0.7598912632898273,-0.44283339212011924,0.12408133374116129,0.8718673841012752,1.2860120225414318,0.9222885868622325,-0.5405845059150832,1.8507688677631275,1.461110804282131,0.34789477903211874,0
0.004904094016293398,-0.7977673323680251,1.1487141378004646,1.7718540298733036,1,0,0,1,0,0,0.791589831772674,-0.5611908719618456,-0.7455217907937414,0.8329131462119358,-1.7640207226093256,-1.0752879308768564,-1.2377618015007128,1.8656625521486077,-0.7316895182902889,-0.9798978729636377,-1.5903568145896303,0.1044309020460446,1.8749524628832341,-0.5268549268302515,1.194350721809802,-0.41694747500605417,-0.7295407248219565,-1.1968583710212746,1.2104470415403286,-1.0580753433055055,1.1947106803032397,-1.3642060686260848,0.581252081126903,0.6003787141056961,0.8990424985036046,1.0580753433055055,-1.2104470415403292,-0.5924626171942612,0.8662627627365218,-0.5005292101652823,-0.625394783447741,-0.8526546682148961,-0.5920746260821743,1.247911984700014,0.6772228733838963,-1.3484860293897554,0.8061862574166584,-1.3934507795363622,-0.7429419205172992,-0.3607044410025493,-0.11002139686175369,-0.635754044465484,-0.7010026615289333,-1.1553410370755877,-0.76555472453303,0
-1.3829100732745436,0.6452275620338409,1.4383931084795292,-0.4281154315628296,1,0,0,1,0,0,-0.4955417426488382,-0.03495864104827709,-0.3745195296897717,-0.1965045873312766,0.2136657772645225,0.12497726277893696,3.6783418732304813,0.5190787116709363,-0.9337647997700529,2.5544959913848326,2.6742554750553595,1.5927888983439862,-2.6006310555821384,4.117412883101763,0.20166934254481603,0.4141393883311029,2.3392428514892436,2.4530817606374877,1.9236829213303015,0.2644887865563884,-1.0007534766971198,-0.5104239017665135,1.69265790841403,-1.1314061134081774,-1.0817062061747325,-0.2644887865563884,-1.9236829213303022,3.696824480679237,0.11577027848446049,-0.19121049065408274,0.046471242274642305,0.9907195972144606,0.038025250046078915,-1.1173050988595852,-1.7589765728033937,0.3258135853852078,-0.9424412519348303,-0.482931511569848,-0.013084607695344815,0.858125067447326,0.2961333508329291,-1.6508957890030895,1.1099319721622063,1.4054416161681371,-0.2706882785040748,1
-1.7941142709903475,1.0317440516057692,-0.8790386569529866,-0.13478617003801185,1,0,0,1,0,0,1.4982503040040924,-0.6588781811259113,-0.822280879298011,4.2295866121470995,-2.7245495952632997,-3.775437423907289,-0.7322396989800625,0.7617466634302118,-0.7983563944820848,-1.1688290422926177,-1.6080033985621318,-1.204949110725696,1.294481017201266,-0.5372953328730571,-0.018756349602102766,-1.113696888064189,-0.7143398378373795,-0.4878757806611654,-0.030386078764458365,-1.6132703306944058,0.4813379602734474,-1.064310900712565,-0.027778031631525847,0.870685474373168,1.6141674291487653,1.6132703306944058,0.030386078764457654,-0.24894828251608053,0.44098368832702045,1.4311965185468123,0.5245297605771081,0.19419985289313407,2.222371487290692,1.4110304042558486,1.5815696374988761,1.069946747507413,0.5286263352973745,-0.9381911455531051,0.29710475025398503,0.2357440418559006,0.5838262971166633,1.2041903675089267,0.2044646553166367,-0.48731077970765985,0.7190446135538346,0
1.3156174742354179,1.7274737328352407,-0.15484123025532542,-0.13478617003801185,1,0,0,1,0,0,0.009215737516460692,-0.389656608846373,-0.5024513438635544,-0.040847830544809956,-0.5856389688135477,-0.2681051162163844,0.4868942553962393,-0.5145892202135682,-1.3672171603201162,0.6980411099944925,0.27249638810619514,0.38858670516402705,0.5025042941606873,0.0343203368394602,-0.43361494880125806,-1.3346501311277106,0.4644067418810509,-0.01682982393042151,1.1015997988414552,-0.5625673488356443,-0.642745838263009,0.2719039172666301,0.5278369915882162,-0.48251073016387463,-0.3706896977202098,0.5625673488356443,-1.1015997988414559,-0.11896988561082296,-0.5596729573423944,-0.5642124759469986,-1.1163738022448682,-0.9038595089212672,0.41608517572303205,1.247911984700014,0.7325910426154264,-0.8523972546416179,-0.5261013687559044,0.4275877563966659,0.48869229486974886,0.7025298110494701,0.4484413812184362,-0.15990635171348128,1.0276167615398821,0.793080546914203,0.2860364732784985,0
-0.7918040390580765,0.928672987719922,1.7280720791585935,-0.8681093238500562,1,0,0,1,0,0,-0.5333985536612357,0.017373846003900996,0.08603500133584588,-0.4053971122380218,0.7299275170040379,0.3266611682702793,0.6749899068415477,-0.555160101440857,-0.682737731768221,0.7520159122580948,0.6584618051551631,0.4813941060280173,-0.40521283298596084,0.3956855088438201,-0.5430620631070336,-1.1808718001358776,0.999829178391195,0.7214509229147401,-0.6392523306161391,1.2905668235553318,-0.5432255983227344,0.21794700850285448,-0.25333692511772987,-0.02451148312184027,-0.15167618830594293,-1.2905668235553318,0.6392523306161384,0.2152602778598393,-0.6347222057676005,-0.4914316007678933,-0.9871687972982559,-0.596630464683041,0.6681251261743327,-1.2804235184154193,-1.2052948804881005,-0.23228628620644656,-0.5538573609678327,0.12408133374116129,-0.21379536872138252,-0.30883935553659736,-0.29617565622181696,-0.0647368131630805,-1.0302635040182315,-0.5986491559356475,-0.023255055489598248,0
-0.1749977424843705,1.907848094635473,0.5693561964423357,0.3052077222492148,1,0,0,1,0,0,-0.5081606796529707,-0.026236559872914074,1.301387235986781,-0.6356996743235747,1.2208646399555152,0.471104408788469,-0.0345689727858465,-0.46411064711439276,0.03944321222760857,-0.03004798725784175,-0.2703460382242333,-0.60533635235238,-0.18991711937352246,0.15988034225407186,-0.886910300466054,0.09432877987971662,0.5193666768323417,0.2719495436954217,-1.0726104692356557,0.23819541748766626,0.2078195523284797,-0.2514808408486884,0.0408711342756915,0.5555879985315121,0.6169688888843864,-0.23819541748766626,1.072610469235655,0.38237535959517033,-0.6347222057676005,0.8914050276351143,0.8087807714596554,1.0077878774499178,0.3845801819166189,-0.46483142063624716,0.012804842605544792,1.3179911348814817,0.3065783976019474,-0.1035484832504671,0.4521994292286506,0.4043055696202447,0.6176725260912207,0.47455723862252236,-0.04248097655033679,0.06938110143228039,0.7809029193074537,1
-0.2006980048416086,-0.46278637473902035,2.452269505856255,0.3052077222492148,1,0,0,1,0,0,-0.4576849316364408,-0.07856904692509216,-0.8478672421327675,6.891375018161028,-2.2502305207026274,-5.386225511667411,1.0141267183050053,0.9732700380573133,-0.0015719126545283286,0.5770347743138361,0.1997540278142605,1.2286295729561914,0.16273643943390984,1.331019792861077,0.31147598259002784,0.20817712391795937,0.962075444195894,1.1783874801074365,1.0928891867061536,0.5917900106131198,-0.08022859428566995,-1.0238138696270682,0.21134679027038056,0.17444078883573808,0.8907760005074536,-0.5917900106131198,-1.0928891867061543,1.3015083091394917,0.340918023760079,0.15449866644666885,0.24027874969456073,0.6322857122698633,0.3215701943037938,-0.46483142063624716,-0.9284540343304539,0.139780294854656,0.029018475482663446,-0.8623145398892288,0.4795690784594736,0.5210020119186368,0.5669031826293847,0.9186817518577256,-0.9479482933959068,-0.8213259083916238,1.0901944480755505,0
-0.09789695541265715,-0.6173929705677911,-0.8790386569529866,0.3052077222492148,1,0,0,0,1,0,-0.2684008765744537,-0.2355665080816264,-0.13144908275958464,-0.3434815993155239,0.14430935650958898,0.08428272752458629,-0.5402496241991589,0.0773060622317827,-0.3175262346213522,-0.13435920315116787,-0.41752781397839916,0.5435654875429974,1.0161049490214586,-1.4056096660339872,0.16035577391119282,-0.22610488616832936,-1.1691153854752805,-1.2638780094446362,-0.5666803935267488,1.303385209184222,-0.6532383629247072,0.05453589760072626,0.20685539479214118,-0.9777641881139877,-0.6911242753291705,-1.303385209184222,0.566680393526748,-1.3444804850032512,0.04072103005925432,-0.30038180342274146,-0.3669847735545164,-0.7843815472730677,-0.37153966943728567,0.5954383064766764,1.009431888773073,-0.6043528672675491,-0.6926373220274746,-0.1035484832504671,-0.4509989953885172,-0.2829068128036209,-0.6346379459673855,-0.44541496736468245,-0.7010026615289333,-0.15329565102369538,-0.45626319576493324,1
-0.5862019402001745,0.0010334127472937634,0.27967722576327125,-0.4281154315628296,1,0,0,1,0,0,-0.10435469552073157,-0.3489535633613456,-0.7071422465416066,0.3873529130313436,-1.0484395733908003,-0.56772422193523,-0.8686759225503489,0.5069224168098659,0.1555440354081777,-0.4155181500594745,-0.8101816251738247,-0.10521804836724948,0.6423332178761412,-1.1383165313171264,-0.8757810563448777,0.3273033421402648,-0.6812774972180988,-0.2976126960678428,0.5745878774132874,-0.7133741297612556,0.07052255050531532,-1.5731051625365666,0.11627438667797202,-0.11420489046740731,0.7627149200536153,0.7133741297612556,-0.5745878774132882,-1.0938078624002545,-0.8598699510432187,-0.20030810005147043,-0.0052107597040024186,-0.27233314020935756,-0.2140147004052217,0.4323198869208419,0.17890935030013266,-0.4803306735805153,0.5008703430854462,-1.2416975682086098,1.738572943077346,1.5453374498711925,1.396135792506029,2.1241625734961316,0.7806711296729086,0.45906541823023866,1.9562107286262216,0
0.7759119647334253,-0.02473435322416849,0.27967722576327125,1.478524768348486,1,0,0,1,0,0,-0.44506599463230834,-0.1134573716265442,-0.7711081536284979,1.42313579276285,-0.9908671104863503,-1.1870861046525452,-0.42341517258213246,-0.591967237043337,0.6843260671263872,-1.120749996720428,-0.6086702947764518,-0.5337922974712743,0.17995312165389762,0.42426044237968913,-0.9977511760499144,0.8113687411399322,-0.11345771703538463,0.510737204724101,1.3508541695676228,-2.0677897471308873,1.0126851396610552,-0.18703161458688156,-0.12014932207819273,1.4015582107543347,1.2899366669066472,2.0677897471308873,-1.3508541695676235,0.49378541408539117,-0.8598699510432187,0.34554846379182197,0.7312577684916879,0.6493539925053206,0.06953024385249205,0.6769975162545934,0.06817301183707392,0.139780294854656,0.27882240539001907,-0.7105613285614767,-1.7464957256474865,-1.5276688639864726,-1.0069464646875115,-0.9847090191502859,-0.12479618717266176,-0.9326642846196119,-1.5078543935764617,0
0.5703098658755232,-1.7254069073406524,0.27967722576327125,-0.4281154315628296,1,0,0,1,0,0,0.3246891626197725,-0.4652479790328524,0.06044863850108935,-0.3961387177823212,-0.17265849126978994,-0.051663851786651116,-1.3273835889987629,-0.083690308794850607,-0.75494231806657075,-0.8941703243451704,-0.8323252288062389,-0.03689908416396424,1.0427313416904502,-1.2399261775637531,0.28525246578548946,0.18122101026620335,-1.4347591465010496,-1.1438375386208748,-0.22109974072011698,0.16895808102739213,0.6068395655848284,0.40062723351401947,1.214141077944297,-0.21471618847691432,-0.03467116517179782,-0.16895808102739213,0.22109974072011698,-1.2052179168904753,0.11577027848446049,-0.4004555067940112,-0.25070026910256554,-0.7843815472730677,-0.4660546508565234,0.5954383064766764,0.7879592118469556,-0.728375060954584,0.4731143508735179,0.27583454506891375,-0.25028823436248077,0.39133929825375646,0.27921023634565156,-1.1116017372174867,-0.20711139779498602,-0.15329565102369538,-0.08511336124321738,0
0.15910566815972013,0.10410447663314094,-0.4445202009343899,-0.4281154315628296,1,0,0,1,0,0,-0.6722068607066928,0.34881293066769553,-0.5664172509504457,0.019910383070725346,0.3642766712629019,0.25287437357832476,-0.021526585251325284,-0.1209387197947503,-0.3282330644882023,0.4193411265858269,0.13550650945717305,-0.08829080677499532,-0.2772014527911145,-0.40877628205425043,-1.185098619787716,-0.6919352938862192,-0.11345771703538463,0.06473519305074939,-0.01835909107355938,-0.1022098070627286,-0.37851120375743985,-1.0212135931903499,-0.24662264534217046,-0.6790055384384741,-0.11296378252527792,0.1022098070627286,0.01835909107355796,-0.11896988561082296,-0.8598699510432187,1.3644807162993,0.7312577684916879,0.6493539925053206,1.865314890818015,0.10608304780917345,0.12354118106860354,1.13195784435093,-0.19302946221276363,-0.7864379342253526,0.8444977348704508,0.5728670973845897,0.24536400737109418,1.267636726542527,0.36909507656128593,0.3477270420022505,0.7190446135538346,1
0.08200488108800677,0.3617821363477598,2.8867879618748513,-0.13478617003801185,1,0,0,1,0,0,-0.6974447347149578,0.4156822196788119,-0.579210432367824,0.034376624407757565,0.44498297934688336,0.2931217161375727,3.4181239396258416,0.3092803630697711,0.08187526908888669,1.3728265795143164,1.4001562014356694,0.6633100500957623,-0.9949010919848998,3.244190216825885,-0.8243956014180552,1.8029621859623823,1.0297751866542513,1.6996457058921335,0.8518955842960956,0.05977612737849499,-1.511427904887047,-1.2503584204734646,1.6998768841995722,-0.8334926940396592,-0.1608984132577017,-0.05977612737849499,-0.8518955842960962,3.6411194534341274,-0.5596729573423944,0.9368930746220554,1.8424208110325537,2.2879088951091933,-0.34003467563087314,-0.5463906304141645,-0.9284540343304539,1.13195784435093,-1.4142931195376127,-1.1658209625447336,0.023408257945752128,0.8970238815467907,0.46536449570571364,-0.9847090191502859,0.03983423407198747,0.06938110143228039,0.10046155601764112,1
-0.5862019402001745,0.9544407536913834,0.27967722576327125,0.3052077222492148,1,0,0,1,0,0,0.31207022561564,-0.46408503487613734,-0.7583149722111197,0.8531658840837809,-1.6118468828392984,-1.016258495123293,-0.4752161144554613,0.7794784920260255,1.1562221893503917,-0.4230677895927456,-0.14160000117001528,0.5917452219456892,0.5250902976673897,-0.5410569356651406,-0.42686666616576063,1.1468128843288241,-0.6379608182590877,-0.35124835743294336,0.6433955013121125,0.16895808102739213,0.1201818601559843,-1.497484348063421,-0.42815811597708925,-0.0610537371548636,-0.158838719570076,-0.16895808102739213,-0.6433955013121132,-0.3696425082138195,-0.18442671521636386,0.7913313242638433,1.3256007912461045,0.9565830367435462,-0.40304466324369825,1.3294711944779316,1.0648000580046022,0.5738579727592754,-0.026493508941193386,-1.4693273852002382,-0.48749186102961545,-0.62002986833231,-0.6007917169928287,-0.09645999267988113,-0.20711139779498602,-0.15329565102369538,-0.3944048900113141,1
-0.7918040390580765,0.4648532002336079,1.7280720791585935,0.3052077222492148,1,0,0,0,1,0,-0.7226826087232228,0.8343421160962365,-0.6175899766199587,0.07488210015144776,0.48057419607602075,0.5837969679543632,1.1436937364326185,-2.1974741335664287,-0.41217597065919426,1.741965341741607,1.5637990938120672,1.6789185301317562,-1.4928112941273413,1.219290663419726,-1.5998487044507466,0.25300723208525505,1.1494307403053625,1.3002864393823597,1.90767708056873,0.39783372969061137,-0.37203311667666866,1.4134089000049843,0.8177062281891092,-1.213526948212906,-0.7635387826882369,-0.39783372969061137,-1.9076770805687304,0.744458036688388,-1.6103624352952797,-0.9645072894320803,-0.7029177864157086,-0.2552648599739003,-0.5605696322757617,-0.8726274695258333,-1.5375038958772762,-0.9764194483286528,-0.49834537654397587,0.9587239960437993,-0.7064490548762022,-0.21807545597118072,-0.6684841749419423,-0.9847090191502859,0.12214944469431245,0.3477270420022505,-0.7036964187794109,1
0.31330724230314594,0.928672987719922,-0.8790386569529866,-0.8681093238500562,1,0,0,1,0,0,-0.7100636717190902,0.7587507459097571,0.08603500133584588,-0.4053971122380218,1.306228588867645,0.8968318545262914,1.0853123302322276,-0.7318191001174049,-0.16177252110855325,0.7334434869907824,1.0512600844757023,1.4486298428227529,-0.4099952134786423,0.9104446839469934,-0.9421139502240353,-0.19383370526305024,1.2635368305406351,1.5818074092870305,1.0387885820834852,0.9455004604204603,-0.5994476138620043,0.06065560790947952,0.02636427522883896,0.26206665897177694,0.17763746504274938,-0.9455004604204603,-1.038788582083486,0.744458036688388,-0.9349191994684248,-0.2730889752305771,-0.3282232720705331,0.17144214591252482,0.5421051509486824,-0.709509049969999,-1.149926711256571,0.139780294854656,-0.6093693453916895,-0.02767187758659086,-0.24116501795220557,-0.1921429132382052,-0.07617516788719629,-0.2233527107470814,-1.0302635040182315,-0.7656567202776299,-0.2706882785040748,0
-0.8175043014153137,0.05256894469021735,-0.8790386569529866,-0.4281154315628296,1,0,0,1,0,0,-0.571255364673633,0.05226217070535305,-0.2593808969333673,-0.24626845753066742,0.5190246665529625,0.23051473882318704,0.28778076375665484,0.07234141387322206,-0.5243377070290359,0.02944289731855899,-0.2702183763245965,-0.11086368324681081,0.6577486694990538,0.5619006722095462,-0.6367586123607785,-1.418090233653736,0.8798719892809571,0.1463676359899483,-0.6910894285371356,0.5342092397142506,0.16127837363395536,-0.7371816603017808,-0.7082567137953674,0.832690548231155,0.49419663182311235,-0.5342092397142506,0.691089428537135,1.050835686536495,-0.18442671521636386,1.664701826413112,0.5116092600824467,0.8712416355662611,2.211869822688555,0.02452383803125581,0.40038202722625016,1.938102103316653,-0.05424950115312168,-0.8623145398892288,-0.7246954876967501,-0.944186652494511,-0.6007917169928287,-0.033013633646279864,-1.4418395571298541,-1.4336869776455579,-0.3944048900113141,1
-0.1749977424843705,-0.2051087150244015,0.5693561964423357,-0.13478617003801185,1,0,0,0,1,0,-0.5081606796529707,-0.026236559872914074,-0.8350740607153893,5.216184271332698,-1.6997475484068099,-4.051355316785688,0.7997605877099176,0.4112989545015516,-1.7109015176419264,0.09622675962799432,-0.6155583547998192,-1.5345794011805183,0.01657244386291722,0.18228927971261766,-1.0536848914633234,0.03254063839717732,0.5672880563799368,0.46459831949833985,-0.8901438845537553,-1.2101494081044426,-0.9299452651021652,-1.6200791161729637,2.371559893538596,0.4325169817021498,1.25384584106879,1.2101494081044426,0.8901438845537545,0.438080386840281,-0.7848207026180125,1.0096739498011607,0.8733832739329616,1.0931292786272029,0.6996301199807459,-0.38327221085833024,0.012804842605544792,1.5660355222555504,-0.7481493064513315,-1.3934507795363622,0.9630995482040194,2.1936510181955944,2.293060860331788,-0.794369942049485,0.4514102871836102,-0.09762646290970158,1.3376276710900281,0
-0.09789695541265715,-0.46278637473902035,-0.8790386569529866,0.3052077222492148,1,0,0,1,0,0,-0.2684008765744537,-0.2355665080816264,-0.8478672421327675,6.891375018161028,-2.517138939514123,-5.506967539345155,-0.8442897558453372,0.7656508745464545,-0.40963348428843566,-1.06299397118154,-1.5304708662426505,-0.18625356365072693,1.8829936563689031,-1.3838899144362624,0.08802374719496615,-0.2967721757953211,-1.4711777183582793,-1.320228830673444,-0.5252107151899527,0.266869946255213,-0.20876103883284994,-0.9626995961052233,0.26175527975047785,-0.02275836563863662,0.7007405909416602,-0.266869946255213,0.525210715189952,-1.3444804850032512,-0.10937746679115769,-0.555114866549611,-0.6124742829530796,-1.1086788717467513,-0.34003467563087314,0.4323198869208419,0.7879592118469556,-0.9144083514851348,-0.08200549336504998,-0.7864379342253526,0.5525548097416701,0.6117659114840535,0.5669031826293847,0.886958572340925,-0.7833178721512579,-0.7656567202776299,0.904619530814692,0
0.004904094016293398,-0.02473435322416849,-0.4445202009343899,1.478524768348486,1,0,0,1,0,0,-0.6848257977108253,0.38660861576093525,-0.7711081536284979,1.42313579276285,-0.36610906074714133,-0.8025003868641762,-0.44104780897612333,-1.1143931714194004,0.25952484314728025,-0.7182993013298536,-0.2658630846250243,-1.32684446194627,-0.2595090489588358,0.038290568294008974,-1.6899770963469416,0.12614198304204158,0.1548021565714134,0.954640589547178,0.20465562353765385,-2.012632550043436,0.6515471993507541,-0.16344235530151371,-0.22801862684525925,1.123875183858534,1.2776557608923766,2.012632550043436,-0.20465562353765385,0.438080386840281,-1.3852146900196616,1.6101161700287818,1.4418852956980555,1.4515631635718003,1.9598298722372534,0.10608304780917345,0.012804842605544792,1.938102103316653,0.08453045990652028,-0.6346847228976005,-1.554908181031724,-1.4109724216880806,-0.9731002357129547,-0.6040308649486834,-0.20711139779498602,-0.9883334727336057,-1.3222794763156045,1
0.15910566815972013,-1.7254069073406524,-0.4445202009343899,-0.4281154315628296,1,0,0,1,0,0,-0.6722068607066928,0.34881293066769553,0.06044863850108935,-0.3961387177823212,1.1154840677912883,0.5744059213572054,-0.6503130240518717,-1.2901038495923483,-1.3938726790243654,0.09525097958425932,0.19822311903248677,0.1612949648216581,-0.34315698190134386,-0.33966114268135955,-1.1686342783081913,-0.7520523520622436,-0.09677820285809675,0.12078087180739566,-0.01835909107355938,0.23819541748766626,0.5648906786563186,0.5999958551896659,1.1497305610672577,-0.22464153765215056,-0.1397807496800259,-0.23819541748766626,0.01835909107355796,-0.06326485836571254,-0.8598699510432187,1.2644070129280303,0.6149732640397371,0.5469443110925782,1.8968198846244282,0.10608304780917345,0.12354118106860354,1.13195784435093,0.4731143508735179,0.5034643620605421,-0.13168642102891215,0.4691369264526849,0.34690269429476517,-1.0798785577006862,-0.04248097655033679,0.06938110143228039,-0.023255055489598248,1
0.08200488108800677,-0.5916252045963298,2.8867879618748513,0.3052077222492148,1,0,0,1,0,0,-0.6974447347149578,0.4156822196788119,0.3035190854312764,-0.4592115300117816,1.3796161132022677,0.6745770850602224,2.674113946106412,-0.3225827556094613,0.5394036680731115,1.048235486983339,1.47986118555493,0.5487238586399942,-1.2898689492531696,3.173863559139236,-0.8383902696218353,1.883683755641432,0.9303001742052784,1.726161278053961,0.9416775146057242,-0.18555039652161812,-0.5471334654136774,-0.3971260117365597,1.1555376282649825,-0.49362878844256314,-0.23863150086257756,0.18555039652161812,-0.9416775146057249,3.39044683083113,-0.6347222057676005,0.6639647927004092,1.6227723026233125,2.014816411341881,-0.4660546508565234,-0.6279498401920818,-1.0391903727935126,0.8839134569768611,-0.44283339212011924,-0.2553016945782196,0.42482977999782756,0.9877877811122063,0.7022880985276131,-0.635754044465484,0.6160407084282594,0.5704037944582268,0.34789477903211874,1
-0.7918040390580765,-0.2824120129387873,1.7280720791585935,0.3052077222492148,1,0,0,1,0,0,-0.7226826087232228,0.8343421160962365,-0.20820817126385424,-0.27983013743258217,1.1305482756863652,0.8579260900523518,0.8600007394501291,-0.14070841074221713,-0.31620001184013247,0.9713117453500606,0.44091397962530665,1.1737798788359077,-0.284120258896587,1.2600629751102839,-1.442596719988504,0.39639513530736786,1.085101699555316,1.3228328692234725,1.90767708056873,-0.29111514316954507,0.06318811491644431,-1.2520350160089253,0.8305948917313511,-0.23621123354175455,0.7182790605698164,0.29111514316954507,-1.9076770805687304,0.6330479821981672,-1.535313186870074,-1.3193140559302208,-0.9484072958142716,-0.5283573437412127,-0.8756195703398886,-0.8726274695258333,-1.5375038958772762,-1.3484860293897554,0.05677446769459199,-1.1658209625447336,0.03253147435602734,0.45617065508619664,0.3299795798074865,0.15732544345452057,-0.37174181903963527,-0.5429799678216537,0.34789477903211874,1
1.0329145883058024,-0.6173929705677911,-0.15484123025532542,0.3052077222492148,1,0,0,0,1,0,-0.7983962307480176,4.247583216054963,-0.2210013526812325,-0.2723076919373254,1.8407040330062687,3.4771337052691855,0.23228691464913195,-0.5650252578311044,0.4082144774055638,0.8856995905996693,1.5678180800718147,1.5213245266424387,-0.6992339255602472,0.37984587937798997,-0.7190025947232673,-0.3991130948975075,1.2536139978669973,1.9758623627876366,2.056863596346385,0.03493293508481349,0.05653691777693523,0.055233882993084245,-0.9591130359312042,0.046539174719740714,-0.1091952626384711,-0.03493293508481349,-2.0568635963463855,0.29881781872750485,-0.7097714541928067,-0.16391766246191838,-0.3411437725651945,0.15437386567706757,1.2037100208833493,-0.13859458152457876,-0.9284540343304539,0.2638024885416898,0.44535835866158957,0.5793409677244183,1.5834782641026803,0.7414286251489338,0.7192112130148905,1.9972698554289314,0.4514102871836102,0.514734606344233,1.275769365336409,1
0.930113538876852,0.0783367106616796,-0.8790386569529866,0.3052077222492148,1,0,0,1,0,0,0.097548296545388,-0.41000813158888666,-0.7839013350458762,1.7674323365842168,-1.6650933811703557,-1.6812340327410888,-1.3863578502996692,0.49453876315600453,-0.3895803185192011,-0.1614901241474647,-0.4033920160491205,-1.7310051637963557,-0.318176088074555,-0.6249582845558955,0.02564332173710223,-0.01609061368775404,0.39247591488203865,0.42680407215743404,-0.8350596325743129,-1.5326826112078547,1.3033133842642282,-0.6530810557419693,0.5163998314503507,0.60733513808317,0.9411204831666916,1.5326826112078547,0.8350596325743123,-0.6203151308168162,-0.03432821836595151,-0.16391766246191838,-0.1473362651452761,0.017827623793410803,0.006520256239666901,-1.1173050988595852,-0.9284540343304539,-0.046252995675895824,1.4168180860790833,-0.482931511569848,0.5251851605108457,0.7284623537824456,0.9561348158367899,0.3476645205553221,0.5337254978059351,-0.15329565102369538,0.7809029193074537,1
-0.8175043014153137,-0.2051087150244015,-0.8790386569529866,-0.13478617003801185,1,0,0,0,1,0,-0.571255364673633,0.05226217070535305,-0.8350740607153893,5.216184271332698,-1.5591565967571883,-3.9909843029468166,1.0143626972694784,0.6445817431380936,-2.6536186282249883,0.3343736209640535,-1.0087171396041925,-1.529941605980223,0.25739526256241607,0.5445386498879993,-0.6771255397214039,-1.320874719806949,0.8463994407444025,-0.11190341442889146,-0.8293216896597884,-1.2641467209678323,-0.8663994200141958,-1.5630381724954594,2.300233852800214,0.387558006926781,1.2021297804231557,1.2641467209678323,0.8293216896597884,1.1900982546492709,-0.10937746679115769,2.165070343269463,0.9509062769009282,1.2979486414526862,2.211869822688555,0.2692014673650073,0.7879592118469556,2.3721797812212735,-0.6648813298155464,-1.317574173872486,1.0817013615375868,2.271448646394522,2.343830203793623,-0.667477223982284,0.5337254978059351,-0.04195727479570725,1.3994859768436472,0
0.15910566815972013,0.0783367106616796,-0.4445202009343899,2.9451710759725747,1,0,0,1,0,0,-0.6722068607066928,0.34881293066769553,-0.7199354279589849,0.41628539570540807,-0.12126786436098712,-0.05345262256706214,-2.663662206623424,-0.5518854719245426,-1.9212689462291028,-1.1933262602305963,-1.7928496871612039,-0.8430842675035825,1.2799015978757156,-0.6904889908994097,-1.3746147603025052,-0.5714732114418976,-0.28480709137495397,-0.07027087081889216,0.12009793795335687,-1.2689780594871891,3.0139586751142833,-0.6195787607349114,2.0521635475531865,1.3296969540726535,2.262186571613431,1.2689780594871891,-0.12009793795335758,-0.3696425082138195,-1.009968447893631,1.7374827015922172,1.1059522828368633,0.9224464762726329,2.0228398598500785,0.6769975162545934,0.6772228733838963,1.4420133285685155,2.471545790132362,-0.7105613285614767,-0.5148615102604385,0.5469345546516133,1.0915197317350172,-1.1116017372174867,-1.277209135885205,-1.7677021063295222,-0.20882997275045564,0
1.0329145883058024,-0.7977673323680251,-0.15484123025532542,1.7718540298733036,1,0,0,1,0,0,-0.7983962307480176,4.247583216054963,-0.7455217907937414,0.8329131462119358,0.7118913981583822,2.6229956576229245,-0.48995146106576043,0.5536618630908045,-0.3636916456271707,0.11871941007418671,0.25854791465755533,-0.4522271606312861,-0.01540202155542208,0.42785044631449864,-0.569817848697102,-0.32017529997122407,1.2701283248417727,1.7795321614403476,1.637356214373321,-2.2406938684972246,1.1087925581023228,-1.3307492945899697,0.17543336443173194,1.099055241112203,1.4012418461271088,2.2406938684972246,-1.6373562143733216,0.27096530510494976,-0.6347222057676005,-0.4004555067940112,-0.4961897785011287,7.593435579547688e-4,0.7311351137871589,-0.22015379130249568,-0.8730858650989243,0.07776919801113909,0.6674062963570164,-1.3934507795363622,-0.9162830323125138,-0.6978274965312384,-0.2623294272472596,-0.3185222492974822,-0.4540570296619595,-1.266679413303576,-1.0129879475475077,1
0.08200488108800677,-0.46278637473902035,2.8867879618748513,0.3052077222492148,1,0,0,1,0,0,-0.6974447347149578,0.4156822196788119,-0.8478672421327675,6.891375018161028,-1.5897796604139562,-5.00611172083007,2.4338589181309103,0.5982605681365976,0.8682641620075291,1.1995416159602137,1.3472431352602137,0.9307298368164805,-0.6941561997397655,2.81816717564707,-0.44210620543557877,1.5259072631140849,1.4111208554249992,2.4396286822611835,1.8523841761196695,-0.567767582660665,-0.568460635900626,-1.264023696264838,0.34644344500829277,-0.2212600503752341,0.6303405146634775,0.567767582660665,-1.8523841761196702,1.9699686360808162,-0.7097714541928067,-1.0918738209955157,-0.25070026910256554,0.3079883877961804,-0.9701345517591269,-1.4435419379712537,-2.0358174189610403,-0.9144083514851348,-0.44283339212011924,-1.0899443568808573,0.5434315933313949,0.6506647255835172,0.5161338391675497,0.886958572340925,-0.37174181903963527,-0.6543183440496418,0.5953280020465953,1
1.0329145883058024,0.0783367106616796,-0.15484123025532542,2.9451710759725747,1,0,0,1,0,0,-0.7983962307480176,4.247583216054963,-0.7199354279589849,0.41628539570540807,0.843988333151166,2.9449743980969076,-1.2592487249792672,0.0667168127505616,-1.403302523969989,-0.10502432162537238,-0.34615038575860285,-0.17682586071179465,0.4849606016497508,0.6080463186345592,-0.6520981997133511,-0.22855968817014508,0.7051835997629016,1.468283904964825,1.37244176550182,-1.6023404173227471,2.3585687227848413,-0.74482858061305,1.6886811167811135,0.8411290691749397,1.8835059094600506,1.6023404173227471,-1.3724417655018208,0.32667033235006016,-0.7848207026180125,-0.7188718357025985,-0.7158382869103699,-0.42594766232847037,0.4790951633358572,-0.5463906304141645,-1.0945585420250417,-0.4183195767369984,1.8054019770460803,-0.8623145398892288,-0.6973258384659271,0.19684522775643593,0.5330569536548284,-0.857816301083085,-1.1948939252628807,-1.7677021063295222,-0.6418381130257917,1
0.5703098658755232,0.38754990231922204,0.27967722576327125,1.0385308760612593,1,0,0,1,0,0,0.19849979257844777,-0.4448964562903387,0.9815577005523245,-0.5946155489264031,0.35937197576589097,0.11737498696219013,-1.527327170159687,0.4982218727816746,-0.1877896017628308,-1.237908188962576,-0.8198076927328738,1.786387752797588,1.7385436457643042,-1.251412407271215,0.15682935771681167,0.07054657956940656,-1.653615140306674,-1.2496991971420153,-0.28338753067176975,2.7174801362963836,0.8733890769699392,-0.5267169482961749,0.3276071855797455,0.03263763340053707,-0.15429788037152065,-2.7174801362963827,0.2833875306717691,-1.2052179168904753,0.04072103005925432,-0.2912841940253525,-0.21193876761858224,-0.8355863879794388,-0.24551969421163483,0.5138790966987595,0.7325910426154264,-0.728375060954584,0.6118943119331598,-0.6346847228976005,-0.5331079430809875,-0.2958730841701091,-0.2623294272472596,-0.826093121566285,-1.9357308208638015,-1.211010225189582,-0.332546584257695,1
1.0072143259485644,-0.5400896726534062,-0.8790386569529866,-1.6014324776621007,1,0,0,0,1,0,0.29945128861150755,-0.46117767448434965,0.8408327049611636,-0.5679976648662639,0.2457832278456032,0.08428272752458629,-0.19975664661302456,-1.7039626211032748,-0.7266634073685552,-0.7073061852045035,-0.6495915266313117,-0.6737145084992712,0.564523758497046,-1.0048429805276835,-1.230108877855516,-0.136703465778196,-2.1156713418670954,-2.0867000925213066,-1.3641375413136354,0.4340687685857812,-0.726260786708229,1.1064461028941106,0.8559994217659584,-1.1423384621257955,-1.1927556981369145,-0.4340687685857812,1.3641375413136347,-1.0659553487776992,-1.3101654415944555,-0.9554096800346926,-0.8708842928463041,-1.552454157868633,-0.9701345517591269,0.10608304780917345,0.954063719541543,-1.2244638357027204,-0.5816133531797613,1.33810702436318,0.6620334066649622,1.0396528665781584,0.4484413812184362,-0.667477223982284,0.8629863402952329,1.2384340518261547,0.22417816752487937,1
-1.8198145333475857,-0.10203765113855341,1.0038746524609323,1.0385308760612593,1,0,0,1,0,0,-0.38197130961164594,-0.1826525489510908,0.08603500133584588,-0.39671736743580244,0.46301909819254244,0.1661189907283904,-0.5614327695567092,-1.0178099783819672,1.2253936306573383,-0.7636635597549549,-0.12036440993582284,0.08695073272110636,0.15467604776935168,-0.3540308088011713,-1.2647704243295967,1.5409876779539249,-0.775489390620083,-0.09886287061330262,0.09840925777350726,0.020989325180847843,0.4269425201212027,0.12995689090033877,-0.12661013997964057,0.2626981967745594,0.05995927682221029,-0.020989325180847843,-0.09840925777350797,0.04814519612450831,-0.8598699510432187,1.8830444519504281,2.5918098397229046,2.0318846915773383,0.25856020669096863,0.5138790966987595,0.5111183656893089,1.5040244254120325,0.7229182807808735,0.5034643620605421,1.1181942271786838,0.8710913388138142,0.9392117013495113,0.7600658542737248,-0.04248097655033679,-0.04195727479570725,0.7809029193074537,1
1.0586148506630406,-1.7254069073406524,0.27967722576327125,-0.4281154315628296,1,0,0,1,0,0,0.04707254852885811,-0.3925639692381606,0.07324181991846762,-0.3961387177823212,0.016324097329533317,0.004235235101193206,-0.7524485849715227,-0.6495730583072424,0.1567845640302549,-0.2012138884100762,0.08848283247658642,0.17394837409080552,-0.3204304987847417,-0.540151221756505,-0.8170471052130903,1.386012811491032,-0.5383138802998065,-0.04669597173872418,0.21054164239835904,0.02843219803499119,0.5065853376609739,0.07305955421267064,1.1784794576391635,-0.26195584689826046,-0.16062154352109587,-0.02843219803499119,-0.21054164239835974,-0.5924626171942612,-0.8598699510432187,-0.43684594438356456,0.3048812521678669,0.06903246449978255,-1.1276595207911904,-0.30171300108041293,-0.4301405112466897,-0.5423417704240322,0.44535835866158957,0.04820472807728505,-0.04957747333644305,0.5599008260181015,0.4145951522438788,-1.0481553781838862,0.2044646553166367,0.23638866577426285,-0.023255055489598248,0
0.6217103905899984,0.5936920300909173,-1.168717627632051,1.0385308760612593,1,0,0,0,1,0,-0.34411449859924853,-0.19370051843988392,-0.054689994255315046,-0.3706781330291445,0.3043920276972623,0.1374986582418141,-2.123207683694699,-0.02657552459181029,1.9826210845689123,-2.3257871637911682,-1.9067108908104085,-1.0424764104945112,1.0050331114968065,-1.2904397694488439,-0.6238222896117914,2.7069528389829975,-1.7681459066234118,-1.1914613557897924,-1.6149417070401957,0.17986603418274572,1.6629797559378845,-0.5884557338051195,0.009917104836119552,1.3887251969414545,1.3155874262665035,-0.17986603418274572,1.6149417070401944,-1.2330704305130304,-0.6347222057676005,-0.20940570944885942,1.183475285804831,0.2909201075607231,-2.1043143287899837,-0.6279498401920818,0.12354118106860354,-0.29429738304996345,1.3890620938671545,-0.6346847228976005,-0.323273965644676,-0.2699405414371327,0.27921023634565156,-0.0012904541294803558,-0.9479482933959068,-0.9883334727336057,0.16231986177126023,0
-0.7661037767008384,-0.35971531085317227,0.5693561964423357,0.3052077222492148,1,0,0,1,0,0,0.16064298156605036,-0.433267014723188,1.4676985944126986,-0.6490086163536443,0.5380710410054211,0.16835495420390414,-0.3236716366115143,2.9139568074639004,-0.12323038309904524,-0.02803346626746241,0.0815503652903336,1.2731956980871173,0.5361634490702434,0.43690673797611657,3.1055102444151403,0.042869787708019316,0.2043036705727637,-0.5489722377747693,-0.2611143426240418,1.9954571049780119,0.8866253544202258,-0.8884651774547241,0.21154006423866065,0.2404554268492749,-0.6419840102961871,-1.9954571049780119,0.2611143426240411,0.2152602778598393,2.4422969796658496,-0.6097005229339397,-0.4961897785011287,-0.3918111018575571,-1.0961545269847772,0.18764225758709038,0.34501385799472056,-0.4803306735805153,0.6396503041450882,-0.9381911455531051,-0.48749186102961545,-0.3120809233782192,-0.19886774791996537,-1.2940100194390876,-1.0302635040182315,-0.195047542109191,-0.2242945491888607,0
-0.9974061379159777,-1.3646581837401863,-0.4445202009343899,-0.8681093238500562,0,1,0,1,0,0,-0.25578193957032125,-0.2425441730219168,1.0327304262218375,-0.6044525930355851,0.757943539005908,0.2806003206746956,-0.8514949408610968,-0.2245519983166815,0.5027766997853573,-1.20504163192238,-1.4152573789985052,-1.5182871895821812,0.7376707280076272,-1.4162788949554015,-3.815073612875388e-4,0.4924181505429194,-1.7039858625923503,-1.5700543885130356,-0.966971920209292,-1.111731664281733,-0.231104741381793,0.30782247909807403,-0.19247983905549804,-0.06170971076486443,0.3070513822015313,1.111731664281733,0.9669719202092913,-1.2887754577581405,0.19081952690966666,0.6002815269186915,0.7829397704703327,-0.01630893667750248,-0.2770246880180474,0.6769975162545934,1.397009073393778,0.5738579727592754,-0.5014293756786345,-0.17942508891434333,-1.262965255902942,-1.1530876911768186,-1.099083421340472,-0.47008855143330586,-0.11565005265907018,-0.6048346212816468,-1.3497720566505462,0
1.521219573093319,0.6709953280053031,-1.6032360836506476,-0.4281154315628296,1,0,0,1,0,0,0.4634974696652297,-0.49432158295072914,-0.38731271110714993,-0.18203834599424437,-0.6852514209725972,-0.23948478372980805,0.027761421186170504,0.7846728513987621,-1.8682343849000933,-0.16470326336135407,-0.40068819250056154,-0.6741571444375307,-0.23143409302215504,-1.0261800745258933,0.800892622405441,-0.6828971666207703,-1.5502060098420944,-1.864887585418389,-1.2173253467419909,0.28785851885826175,-1.0639499713025662,-0.27467146630989614,1.8676931962786147,-1.314654260056878,-1.299785481903251,-0.28785851885826175,1.2173253467419902,-1.038102835155144,0.491016520610491,-0.5824076947417753,-0.8192022908676594,-1.3134982345722352,-0.49755964466293656,0.18764225758709038,0.954063719541543,-0.728375060954584,-0.9979532363586869,-0.2553016945782196,0.014285041535478216,0.9748215097457181,0.31305646532020776,-1.8412348661038906,1.1922471827845313,1.5167799923961247,-0.332546584257695,1
-0.5605016778429365,-0.5400896726534062,0.27967722576327125,1.7718540298733036,1,0,0,1,0,0,0.1480240445619179,-0.4175672686075346,0.44424408102243734,-0.48930131199280863,0.1652920781742089,0.05700397312331826,-1.2126949689546225,-1.5479312420934144,1.6509673081482614,-1.236573442724092,-0.30025089321038756,0.19897198773392935,0.5500021242686447,-0.4836767293845858,-0.4476205273910436,1.2987830062518662,-0.44275547855026415,-0.13938795812798066,-0.47521987007162214,0.7426913412446393,1.2029977855880682,1.6761677904603647,-0.9517759508433974,1.231502190567306,0.2542556548034172,-0.7426913412446393,0.4752198700716215,-0.45320004908148526,-0.40957446049198204,0.03622974428062242,0.705416767502365,0.47867119015075044,-0.9386295579527137,-0.05703537174666111,0.17890935030013266,0.20179139169817292,1.055990187324014,1.4898602356909325,-0.13168642102891215,-0.5940973255993336,-0.11002139686175369,0.15732544345452057,-0.8656330827735822,-0.6543183440496418,-0.023255055489598248,0
0.930113538876852,1.3151894772918502,0.5693561964423357,-0.4281154315628296,1,0,0,1,0,0,0.3246891626197725,-0.4698997556597127,1.966632669690451,-0.6831489459090403,0.5655970911518035,0.16656618342349314,-0.254973491463162,-0.1813845174870132,0.7116943737684795,-1.2336978042059528,-1.1125398966729196,-1.399499865221992,0.5248686236939563,0.1803731062005644,-0.06324830382235493,0.6037648917600646,-0.17684695350534174,-0.8142582473551988,-0.5745260083472232,-1.3389429987860084,0.5347735290666192,0.18559518031914743,-0.3661845614894902,1.4912877300893082,0.6513916573555679,1.3389429987860084,0.57452600834722245,-0.007559831120602114,-0.25947596364157,-0.6187981323313287,-0.23777976860790415,-0.2894014204448148,-1.537224440274555,-0.05703537174666111,0.2342775195316623,-0.5423417704240322,1.055990187324014,0.8069707847160468,1.811558674359541,1.298978293907919,1.93767545609894,1.1407440084753266,1.2745623934068555,0.6260729825722207,1.646919199858125,1
-1.460010860346257,-0.5916252045963298,0.27967722576327125,-0.4281154315628296,1,0,0,1,0,0,0.43825959565696476,-0.4890883342455113,0.06044863850108935,-0.3891949219405457,-0.23409677529571335,-0.07536506462709712,0.584251803749673,0.9896645423248167,0.49014837286715973,1.037772038762006,0.8146226022852696,1.2582767814968556,-0.309739864760284,-0.15619804718907612,0.2636039694760254,0.37634513189071406,-0.12375300337240228,-0.18858844284951035,0.6433955013121125,1.078027631536905,-0.9684876037056281,-1.0942729730736265,-0.2918586828130871,-1.5246744326511694,-1.24316918857934,-1.078027631536905,-0.6433955013121132,0.10385022336961848,0.641115017460903,1.1188452625698195,1.1705547853101694,1.0589927181562884,0.29006520049738066,1.3294711944779316,1.0648000580046022,1.069946747507413,-0.8036612908751883,-0.8623145398892288,0.8444977348704508,0.5469345546516133,-0.14386762583630988,0.7600658542737248,0.7806711296729086,1.6281183686241134,1.2139110595827887,1
-1.7941142709903475,-0.6431607365392533,-0.8790386569529866,-0.8681093238500562,1,0,0,1,0,0,1.3846798709669002,-0.644341379166973,1.2630076917346462,-0.6258626302143927,-0.04980669302424223,-0.011863701922505961,-0.10358902619147033,0.7207742893739579,-1.3303529682957966,-0.17173089670702085,-0.3732674165873609,-0.5715538447304298,0.2596949486814446,-0.6219656753596665,0.2801834061988539,-1.1857930698252468,-0.8663564830728844,-0.8763886280179942,-0.5532824974487066,-0.2307924307993011,-0.4774177118656371,-0.7086037465744085,0.6270293970219392,-0.6270668961147312,-0.37035699735852723,0.2307924307993011,0.553282497448706,-0.4412632575289614,0.5660657690356972,0.8615128824722654,0.04462545648969094,-0.3015930491844266,1.509758532145644,0.8284646201278684,1.2783629964690728,0.5827167008797779,-0.2971144330074951,-0.463962360153879,0.8353745184601769,1.0655854093111348,0.7107496557712518,0.09387908442092041,1.0276167615398821,0.9879227053131819,0.7035800371154296,0
0.3904080293748593,0.9544407536913834,-1.168717627632051,-0.8681093238500562,1,0,0,1,0,0,0.021834674520593164,-0.389656608846373,-0.2210013526812325,-0.30124017461138985,-0.21371013047827245,-0.06686840342014477,-0.22520238991856645,-1.385752327254853,0.7202164381622347,-1.2358303061734184,-0.9150473936599979,0.40590636525846785,1.0996257003604863,-1.1437774359075201,-1.6098587600449152,0.785992082364619,-1.6344405853154382,-0.7873345804834568,-0.5029586926677684,1.0524361778040754,-0.8296995320245809,0.28926739265434254,-0.19471375637229021,0.04884370830741856,0.4209274514865857,-1.0524361778040754,0.5029586926677676,-0.9823978079100336,-1.3852146900196616,0.8914050276351143,1.2093162867941527,0.3762615087380082,0.41608517572303205,0.35076067714292497,0.6772228733838963,0.44983577907224165,-0.7481493064513315,0.35171115073279,0.23324223538206504,0.09311505682453199,0.10997909147286698,0.728342674756924,-1.1125787146405561,-0.8213259083916238,0.5334696962929761,0
0.10770514344524394,1.9851513925498596,-1.6032360836506476,-1.8947617391869185,1,0,0,1,0,0,-0.06649788450833415,-0.3681421419471442,1.096696333308729,-0.6079244909564728,0.5940280373132971,0.1866898547031171,-0.6257475343749831,-0.48066792217578497,1.2717247577333546,-0.40430980127281546,0.5368767296890561,-0.13173021566205692,-0.7557450184643442,-1.2634679357702874,-0.5509465961206158,0.7916952026690768,-0.8759966068301567,-0.2593802113045257,-0.34274413050805214,0.16026515284228104,-0.39232509550075767,0.10780560258748692,-0.9429130189649292,-0.32242678248509155,-0.9512003347287729,-0.16026515284228104,0.34274413050805214,-1.2052179168904753,-0.5596729573423944,-0.17301527185930607,0.2531992501892221,-0.11871861809024475,-0.40304466324369825,-0.13859458152457876,0.012804842605544792,-0.23228628620644656,-0.3595654154843339,0.12408133374116129,0.07814755640739948,-0.4255357978349895,-0.5161761445564365,0.1890486229713212,0.7806711296729086,0.9600881112561845,-0.2706882785040748,0
1.3156174742354179,0.4648532002336079,-0.15484123025532542,0.3052077222492148,1,0,0,1,0,0,0.11016723354952047,-0.40128605041352367,0.27793272259651985,-0.4551609824374126,0.10136301122335872,0.043140999575132864,0.38038063572541575,0.2018656802937227,-1.3180427859709651,0.44099384462880153,-0.3217597444584477,0.9542743307561622,1.3894360887440318,-0.017302531133387356,-0.583413108927369,-1.0686812649788267,0.1774501174105807,-0.3728053329113648,0.8489203546367114,0.45956749966015986,-0.5462170187065093,-0.8615174265428346,0.7278870350415937,-0.4197977346919483,0.054331579372292806,-0.45956749966015986,-0.8489203546367121,-0.2582324537235989,-0.7848207026180125,-0.9463120706373036,-1.2843403086754637,-1.1598837124531223,-0.24551969421163483,1.0032343553662626,0.6218547041523672,-1.2864749325462383,-0.7481493064513315,-1.0899443568808573,-1.281211688723491,-0.7756251247301669,-0.8715615487892844,-1.1433249167342867,-0.9479482933959068,-0.8769950965056176,-1.198562864808365,1
-0.48340089077122306,-0.5658574386248675,1.4383931084795292,-0.13478617003801185,1,0,0,1,0,0,0.24897554059497767,-0.45187412123062914,-0.016310450003180245,-0.37935787783136377,-0.18554103856350657,-0.05434700795726765,-0.8187955684845449,2.120813114771464,-0.6905276978849039,-0.34697202721055026,-0.49213419536931163,-0.11031627790301488,0.19025433459875446,-0.670100805938497,1.7501258290610207,-0.6069501539487877,-0.33108928242836383,-0.09075085911034352,-0.007768161614413057,-0.14275387761029457,0.4689983399350834,-1.1576449213701703,0.3340481251546519,0.1404343590898044,0.5511980060274122,0.14275387761029457,0.007768161614412348,-0.7038726716844818,1.391607501712964,-0.4186507255887879,-0.6512357844370638,-0.7331767065666972,0.3530751881102058,-0.13859458152457876,-0.1532996650890431,-0.4803306735805153,0.6674062963570164,-0.9381911455531051,0.7897584364088047,0.858125067447326,0.8715192434003977,0.6966194952401235,0.28677986593896093,0.23638866577426285,0.8427612250610729,0
-0.5605016778429365,-0.10203765113855341,0.27967722576327125,-0.8681093238500562,1,0,0,1,0,0,-0.11697363252486404,-0.3373241217941949,-0.3745195296897717,-0.1855102439151321,-0.278208395179635,-0.11605959988144779,0.07040617262452574,-0.90250722678312,0.21313267816298848,0.5557296870228291,0.5587400881122868,0.8595231142048506,-0.20046804871594096,-1.2713936610331538,-0.9973530059383972,0.15483173078002224,-0.6481979625998494,-0.44779713384439573,0.41113096936191074,0.7645323233097278,-1.3682630626404475,0.23959314507414978,-0.1357685535170592,-1.3934969584049148,-1.1635762239399359,-0.764532323309727,-0.4111309693619114,-1.2330704305130304,-1.009968447893631,-0.4004555067940112,-0.26362076959722697,-0.4942207832702994,-0.37153966943728567,0.5138790966987595,0.34501385799472056,-0.5423417704240322,-1.3032691506898992,0.12408133374116129,-0.2685346671830286,-0.2958730841701091,-0.8038690908401701,-0.1916295312302808,0.12214944469431245,0.5704037944582268,-0.5799798072721716,1
0.05630461873076867,-0.4370186087675581,-0.4445202009343899,0.3052077222492148,1,0,0,1,0,0,-0.3062576875868511,-0.22975178729805104,-0.8478672421327675,6.521039239933003,-2.4717225081872276,-5.216292287528364,0.25745104243577227,0.4765026063460838,-0.8604711402363635,0.8546149663228806,-0.07706771896444566,-0.8165129638274609,-0.23493708407141822,-0.10613348235503015,-0.49129098308135316,-0.5347901545680169,1.1006488123760005,0.659830428654509,-0.47959406901947754,-0.6379707392984506,-0.46403926659665895,-1.146179303102057,0.6388803442819804,-0.06314516278533103,0.7443877971286017,0.6379707392984506,0.4795940690194761,-0.3974950218363748,-0.7848207026180125,-1.2283379619563388,-1.2714198081808024,-0.8526546682148961,-0.5920746260821743,-1.6066603575270884,-1.648240234340335,-0.9764194483286528,-0.3040534310604773,-0.9381911455531051,0.7258959215368835,0.9748215097457181,0.8884423578876751,0.728342674756924,-0.4540570296619595,-0.7656567202776299,0.7190446135538346,0
-0.09789695541265715,0.5679242641194551,1.0038746524609323,0.3052077222492148,1,0,0,1,0,0,-0.4955417426488382,-0.03786600144006476,0.188380452674872,-0.4401160914468991,0.7199685198313944,0.3110094239416829,1.1965051947483212,-1.0214894941481578,-0.18245629455945148,0.8853118200618288,0.3644171839464877,0.13301012807780677,0.026823790639676583,0.37364087289894926,-1.4382188807774168,-0.2341603544745078,-0.23288303854478046,-0.405437882039233,-0.01835909107355938,0.19961827368027837,-1.2904320417389044,-0.03874971429306251,0.014115293076438306,-1.4269219879003547,-0.8695913665443091,-0.19961827368027837,0.01835909107355796,0.5494904413305014,-1.2351161931692491,0.7003552302899613,0.459927258103802,0.3421249482670949,0.4790951633358572,1.0032343553662626,1.1201682272361313,0.6358690696027934,-1.2477571662660425,-0.17942508891434333,-0.43275256256796935,-0.3607044410025493,-0.8715615487892844,-0.12818317219668063,0.12214944469431245,0.23638866577426285,-0.8274130302866491,1
-0.2006980048416086,-1.3131226517972627,-0.15484123025532542,-0.4281154315628296,1,0,0,0,1,0,-0.6217311126901629,0.11040937854110647,0.3035190854312764,-0.46210477827918806,1.0930561706670683,0.44203688360679,-0.12311145552728951,-0.5664282742783636,1.1287307555566317,0.0805410574844406,0.6812117028004799,-0.33350185383435316,-1.3274371943664733,-0.733676921505196,-0.40399389393097834,0.8463589954945133,-1.5067531346450127,-0.6224409592310278,0.18032674558006626,-0.6337026228571581,-0.5618918595407085,0.37272836834919004,-0.692503587628439,-1.6028763884518242,-1.4933010250276797,0.6337026228571581,-0.18032674558006695,-0.9266927806649233,-0.7848207026180125,-1.4739734156858193,-0.8967252938356269,-1.3647030752786062,-1.1906695084040155,0.35076067714292497,0.2896456887631914,-1.4104971262332722,-0.3318094232724056,0.7690324818841089,1.131879051794096,0.5469345546516133,-0.1777138548108673,1.1248824187169264,3.70286110676543,3.493036170442913,0.6262571549234054,1
1.0072143259485644,-0.6173929705677911,0.27967722576327125,0.3052077222492148,0,1,0,0,1,0,-0.6469689866984278,0.2819436416565791,-0.1442422641769629,-0.3290153579784917,0.8558495037350072,0.471104408788469,1.0729572703371695,0.269202535842178,-0.5060446769559956,1.6451905101623252,1.1387591236800632,1.8570147352725852,-0.48856581169270213,0.8155396762461034,0.7147916940763545,-0.3904779898523757,1.208998696197297,0.6881625580134739,1.3266889502382984,1.2169526660865582,-0.6770955677855546,0.3465736989028145,0.29938730374802286,-1.0237238287566117,-0.8085858346844975,-1.2169526660865582,-1.326688950238299,0.9951306592913848,0.9413120111617277,0.6821600114951846,0.3565632541465125,0.8541733553308051,0.6366201323679207,0.4323198869208419,-0.1532996650890431,0.6358690696027934,-0.6926373220274746,0.19995793940503753,-0.323273965644676,-0.127311556405765,-0.5161761445564365,-0.5088613263982832,-0.5363722402842841,0.013711913318286572,-0.3944048900113141,0
-0.7918040390580765,1.0059762856343069,1.7280720791585935,-0.8681093238500562,1,0,0,1,0,0,-0.5460174906653681,-0.0029776767386127034,0.29072590401389814,-0.45631828174437516,0.8867977228231635,0.3503623811107253,0.9065172155271255,0.6202772878121254,-0.7880180717291004,2.1852900646829685,2.0343715656463086,0.5377286211805248,-2.4883247687460113,0.20537533818583367,-0.4627202918081567,-1.1236958737260592,0.7898169433416914,0.5940013420048049,-0.018359091073560794,0.7516060278018181,-1.0553256372147486,-1.3148930741685207,-0.05195888146239638,-2.169016933217082,-2.0648559731629765,-0.7516060278018188,0.018359091073560086,0.1317027369921738,-0.4846237089171882,-0.19121049065408274,-0.7287587874050313,-0.40887938209301433,0.8886600828192224,-0.7910682597479163,-0.8730858650989243,-0.046252995675895824,-1.053465220782544,-1.317574173872486,-0.5331079430809875,-0.47740088330094144,-1.2438700675094103,-0.7309235830158842,0.9453015509175579,1.5724491805101195,-1.0748462533011267,1
0.9558138012340891,1.0832795835486928,-0.15484123025532542,-1.161438585374874,1,0,0,1,0,0,-0.4198281206240434,-0.1338088943690579,1.2502145103172682,-0.6252839805609115,1.048156237724814,0.38032429168260984,-0.29691416112819624,0.16393312147924408,1.5373094915051473,-0.29795533026305887,-0.11787944651568948,-1.0274499830499009,-0.4445052176835236,-0.1228305144000185,0.14630353968206927,1.2631814691996015,-0.5837971681854065,-0.15633021434424044,-1.7416546130692934,0.3260326064644921,0.29013556602013385,-0.07843967960079158,-0.8321780192712457,-0.17636484988129736,6.230266301674304e-4,-0.3260326064644921,1.7416546130692918,0.02029268250195297,0.340918023760079,0.6093791363160792,1.2222367872888142,0.8883099158017184,-0.4660546508565234,-1.0357458890816678,-0.3747723420151606,0.8839134569768611,0.16779843654230542,-0.17942508891434333,-0.323273965644676,-0.6848612251647502,-0.7023304039164997,0.6014499566897238,-0.37174181903963527,-0.26463402725168356,-0.2706882785040748,1
-1.8198145333475857,0.8771374557769975,1.0038746524609323,-1.6014324776621007,1,0,0,1,0,0,-0.38197130961164594,-0.1826525489510908,-0.7966945164632545,1.9092015016871324,-1.3107924227582617,-1.6159438992560868,0.31817581213571733,-0.8046330818304527,1.0998593893720128,-0.4952908018581306,0.08917363039250886,1.0742823090379836,0.3393061608977332,-0.531333790215371,-1.130372831287747,1.5693859806557109,-0.8858189757540154,-0.169804195753358,0.5444209881177456,0.9252428331319453,-0.9733336747008736,-0.027998531382781442,0.07353692877279953,-0.2092570131856111,-0.2817108343230295,-0.9252428331319453,-0.5444209881177463,-0.09111737198826762,-0.6347222057676005,2.256046437243345,2.9665043540680807,2.3049771753446504,0.4790951633358572,1.166352774922097,0.954063719541543,1.6900577159425842,-0.9146852597229018,-0.02767187758659086,0.0051618251252043045,0.04124997135858002,-0.0423289389126401,-0.1916295312302808,-0.5363722402842841,-0.15329565102369538,0.40975308478573785,0
0.5189093411610479,0.3617821363477598,-0.8790386569529866,-0.13478617003801185,1,0,0,1,0,0,-0.09173575851659908,-0.3489535633613456,-0.5920036137852022,0.05462936227960266,-0.6913101582433054,-0.310588422251146,0.8408383660779152,1.2664879414236652,-1.6194832654763156,1.2700514189566903,0.5869085750165194,0.5746354662683594,-0.13741495215464866,-0.40707906912177627,0.39056443466477975,-0.1854153396539271,0.7965682193097036,0.44554001802130355,0.4292298816076853,0.3580292690535297,-1.5759548257067604,-1.347035568939354,2.0275633419516628,-0.925894119432309,-0.3280267816654987,-0.3580292690535297,-0.42922988160768605,-0.3974950218363748,0.340918023760079,-0.04564874029587195,-0.1344157646506147,0.18851042614798086,-0.024984737566746233,-0.05703537174666111,-0.26403600355210183,0.139780294854656,-1.46980510396147,-1.2416975682086098,0.11464042204849642,1.1563493088765513,0.65151875506577694,-1.3019408143182878,-0.28942660841731066,-0.15329565102369538,-0.023255055489598248,0
-0.25209852955608386,-0.35971531085317227,1.0038746524609323,0.3052077222492148,1,0,0,1,0,0,-0.6595879237025604,0.3284614079251818,1.4676985944126986,-0.6490086163536443,1.677147595670538,0.7541773847885127,-0.7656145920774964,1.2124720159733808,0.5577811252861464,-0.6555016517676163,-0.1306027749205103,2.0581192163739215,0.8564155372457404,-0.23203235920766901,0.8303031190574794,1.0202769666120648,-0.422316307145893,-0.6867980702883236,0.7365263065465976,2.0765513173625387,0.8327617280429604,-0.8323764553811025,0.2627744722650954,0.4667788210999316,-0.5007346374452244,-2.0765513173625387,-0.7365263065465982,0.02029268250195297,1.2415090048625523,1.1097476531724306,1.5452492996553449,1.263812080981773,-0.655084613695,1.6557080335896,1.3416409041622488,0.7598912632898273,0.5162903387587396,-0.9381911455531051,-0.7054353641639487,-0.47596018648244254,-0.2717311575179701,-1.4922798914190887,-1.213186194290064,-0.41927066090166687,-0.3875317449275787,1
-1.3572098109173063,0.0010334127472937634,-0.8790386569529866,-0.4281154315628296,1,0,0,1,0,0,1.031349634851191,-0.6100345265438785,-0.7071422465416066,0.4654706162513176,-1.665093381170349,-0.8288847558752387,-0.40539946063117127,1.6434571189663116,-0.24395178227453707,-0.5875256536552089,-0.9412266070603058,0.39530269599049295,1.1395697305726202,-0.3936020260875931,0.8595311311454137,-0.07425948152795292,-0.35553607144632343,-0.035188029266193556,0.7577574583546642,-0.21238889143210804,0.17043531172919835,-1.3946370539459845,0.258866641423881,0.4411657716781384,1.1892864248753743,0.21238889143210804,-0.7577574583546649,-0.6203151308168162,0.26586877533487285,-1.21924035255895,-1.0646918002662225,-1.1257471519822078,-0.6235796198885869,0.02452383803125581,-0.319404172783631,-1.3484860293897554,0.3898463742377325,-1.1658209625447336,0.8992370333320981,0.9099901529132779,1.0576735027604598,1.2993599060593275,-0.4540570296619595,-0.5986491559356475,1.3994859768436472,0
-0.5348014154856993,-0.17934094905293926,1.7280720791585935,2.505177183685348,1,0,0,1,0,0,0.45087853266109723,-0.49432158295072914,-0.5024513438635544,-0.055314071881842175,-0.8622998201831014,-0.3374199839573113,-0.20410918729666963,0.5616321336578508,-0.6564183070098224,0.5293002640836107,-0.23644188018309167,-1.136421615656686,-0.1520663697446478,1.0796116607611361,1.1538674249110341,-0.9901502843628128,1.4749254222452235,0.5716032751825377,-0.4633576356367666,-1.0903910820752818,1.3625540442608937,0.3850613269691172,-0.09765973022934259,0.7474602919025836,0.8654453688728305,1.0903910820752818,0.4633576356367659,1.0229831729139398,1.0914105080121401,0.05442496307539909,-0.4703487775118068,0.10316902497069583,0.4790951633358572,-0.709509049969999,-0.5962450189412776,0.38782468222872474,1.0837461795359422,0.19995793940503753,-0.41450612974742024,-0.39960325510201306,-0.093098282374475,0.062155904904119784,-0.28942660841731066,-0.7656567202776299,-0.5181215015185524,0
0.930113538876852,0.0010334127472937634,0.5693561964423357,1.478524768348486,1,0,0,1,0,0,0.3246891626197725,-0.4698997556597127,-0.7711081536284979,1.42313579276285,-1.706941905890335,-1.4612152267505336,-0.2494875174310121,0.04091061209270327,0.7078468459776829,-0.28929955477273,-0.9449340895695463,-1.2129334312550606,0.36422215420584797,0.21133881005308391,-0.19129281923712552,0.6060562279455545,0.032040969014076465,-0.5634926303944368,-0.09720267704722074,-1.5578921029446737,0.5580857150631786,-0.24778404596568132,-0.35862229021572894,0.4225963108473375,0.6783197168602584,1.5578921029446737,0.09720267704722003,0.18740776423728422,-0.18442671521636386,-0.009258302706318612,0.3048812521678669,0.3079883877961804,-1.1276595207911904,0.5138790966987595,0.6218547041523672,-0.10826409251941274,0.0012624832707351544,-0.7105613285614767,-1.600524263083096,-1.5017363212534962,-1.277716296483967,-0.6040308649486834,0.12214944469431245,-0.5429799678216537,-1.4459960878228426,0
-1.460010860346257,1.547099371035007,0.27967722576327125,0.5985369837740325,1,0,0,1,0,0,0.43825959565696476,-0.4890883342455113,-0.4512786181940413,-0.1305385268344097,-0.7679136129187085,-0.2752601993380284,0.889086080388521,0.6536608440471554,0.129800751584551,1.5252611598523036,1.2295223011126946,1.4365505678672805,-0.6857840854141761,-0.2332109109600903,-0.11763543183657381,0.5083076451392604,-0.15077813000707097,0.03009402211799489,0.6912331826893902,1.2737269836114935,-1.4693174319261082,-1.0150146155032844,0.33335818659553756,-2.2100384380261975,-1.5690582532154416,-1.2737269836114935,-0.6912331826893908,-0.06326485836571254,0.11577027848446049,0.7367456678795146,0.9121447754169449,0.8029685146244333,0.16404522527173035,0.9216751455883455,0.6218547041523672,0.7598912632898273,-1.2755131584779709,-0.6346847228976005,1.5652318312821314,1.5323711785047043,0.34690269429476517,0.9186817518577256,0.7806711296729086,1.795125932966095,1.0283361423219313,1
-0.6376024649146498,-0.8235350983394863,-0.8790386569529866,-0.8681093238500562,1,0,0,1,0,0,1.2584905009255756,-0.6315489934431072,-0.630383158037337,0.08066859668626065,-1.4737390618498738,-0.5480477433507088,-0.8829364995523532,-0.010160513288951402,1.4494464496679398,-1.2971202662605874,-0.34407138388487746,0.4694525030075476,0.6351737625272703,-0.5714612312555414,-0.8558875754284289,0.5740872330978107,-0.6706143893915973,-0.37982306140324906,-0.12528395424331848,0.7645323233097278,0.6567473667368059,-0.8434637609072838,-1.4045395489379695,1.087356047485331,0.07648635737841517,-0.764532323309727,0.12528395424331776,-0.4501053253456458,-0.6847550380510711,0.5163813513649994,0.7542275471488633,0.4217769226992267,-0.0354864021688832,0.504816962278991,0.6280067229558705,0.484286388429751,1.2780381250194413,-0.3311783002420958,2.0578855174369513,0.8192262533478623,1.2607508766078017,2.251055291563333,0.12214944469431245,0.5704037944582268,2.389218868901558,0
0.31330724230314594,0.9544407536913834,-0.8790386569529866,-0.8681093238500562,1,0,0,1,0,0,-0.7226826087232228,0.7703801874769078,-0.2210013526812325,-0.30124017461138985,1.1175126584797501,0.8252810233098506,1.272701376664085,-0.8209823143026337,-0.09239581746250833,0.9514260429639683,0.7556420612020537,1.2440802809978178,-0.21985587841863802,0.8548815716783938,-0.9100623922390702,-0.24612341998975665,1.1598269608221516,1.4292914620552737,0.8615353283924961,0.8423168734713579,-0.9155346515792686,0.2151434647650947,-0.12102212328811025,-0.13525064260395878,0.4130532358250422,-0.8423168734713579,-0.8615353283924969,0.7723105503109431,-0.8598699510432187,-0.054746349693259644,-0.173177266134598,0.2909201075607231,0.6996301199807459,-0.709509049969999,-1.0945585420250417,0.38782468222872474,-0.8036612908751883,0.35171115073279,0.4339529964081015,0.30057539868834077,0.22844089288381547,0.9504049313745251,-0.9479482933959068,-0.7099875321636356,0.5953280020465953,1
0.18480593051695732,-0.6689285025107157,-0.4445202009343899,-0.4281154315628296,1,0,0,1,0,0,-0.6722068607066928,0.42731166124596265,1.301387235986781,-0.6293345281352805,1.677147595670538,0.8149955913224873,0.2788659960390143,-0.3761327500423037,-0.7114861918802097,0.9468595433075913,1.1409398327040399,0.37926137055984677,-1.3230820827672496,-0.6658126344987207,-1.2029019475557658,-0.6755338499453236,-0.1958200077315188,-0.1581632333713851,0.02438743144227863,0.4930801176436278,-1.0530420952034187,-0.6887867608617086,0.2937790882698489,-1.4733179243641745,-1.6376932745560844,-0.4930801176436278,-0.02438743144227934,-0.3139374809687093,-0.7848207026180125,1.9012396707452048,1.1705547853101694,1.0248561576853752,2.0858498474629035,0.6769975162545934,0.7325910426154264,1.6280466190990672,-1.0257092285706153,-0.7214008436563161,-0.3115441159743227,-0.11990225848205759,-0.685407289429221,-0.9484539568453716,0.7336338664601519,1.127095675598167,-0.8097392286427579,1
-0.4063001036995106,1.109047349520155,0.5693561964423357,-0.4281154315628296,1,0,0,0,1,0,-0.16744938054139394,-0.322205847756899,-0.579210432367824,0.04132042024953302,-0.5900898117159112,-0.27973212628905597,0.19891109921750186,-0.05799058834824646,-0.6856494442332477,-0.21429440637208483,-1.0896414143615227,-0.7912522461766728,0.8343889211749778,0.19250679363018927,6.040584643110029e-4,-0.5395882698043487,-0.2237813396768601,-1.0000044523443699,-0.19143037735720503,-0.8893153741744672,-0.08424020553803942,0.08019903493369349,0.3950715862001929,0.06760017212922893,0.4402774922688627,0.8893153741744672,0.19143037735720433,0.02029268250195297,-0.18442671521636386,-0.555114866549611,-0.7287587874050313,-0.767313267037611,-0.6865896075014126,0.5138790966987595,0.6772228733838963,-0.6043528672675491,0.0012624832707351544,0.19995793940503753,0.37921369794645543,0.533968283285125,0.5330569536548284,0.28421816152172197,0.5337254978059351,0.1250502895462747,0.34789477903211874,0
1.9838242955235992,-1.3646581837401863,-1.8929150543297122,1.478524768348486,1,0,0,1,0,0,1.0944443198718534,-0.6135233590140237,-0.5280377066983108,-0.03216808574259063,-1.177991824248496,-0.4469821942574862,-2.989094274917701,-0.5418296996226768,-0.5853647098281985,-1.8477551776485681,-2.084362622770071,-0.3497970065362436,2.0720186696360323,-0.38657771137381314,-0.07886838583628342,-0.8412688714519247,-0.5831801561617818,-0.7509410469773066,0.34468811875864686,-0.8189388764091825,3.7701444575969774,0.6646696493766067,-0.04518091597950123,1.917926577748614,1.976625719713492,0.8189388764091825,-0.3446881187586476,-0.3417899945912644,-0.03432821836595151,0.13630344765189217,-0.3282232720705331,-0.5283573437412127,0.5421051509486824,1.0032343553662626,0.8986955503100138,-0.29429738304996345,3.165445595430572,0.4275877563966659,-0.4601222117987924,-0.41256952646850126,0.3299795798074865,0.1890486229713212,-1.277209135885205,-1.6563637301015341,-0.023255055489598248,0
0.46750881644657266,-0.4370186087675581,-0.15484123025532542,0.5985369837740325,0,1,0,1,0,0,0.059691485532990585,-0.3931454413165182,-0.8094876978806327,3.500488048760676,-1.9047588575256185,-3.0076075664158592,-0.8029437921995535,-0.4973583349488185,0.3843557517439707,-1.2566609495398833,-0.4815262730815388,-1.3104004470068884,-0.647031593698459,-1.1859181562900292,-0.7371933145107152,0.5753757804640476,-2.0190606218017995,-0.9444046850537146,-1.0827475017179835,-0.7133741297612556,-0.06844255964501927,-0.055864156004465614,0.052769981709723524,-0.3043980806784874,-0.2960196232782029,0.7133741297612556,1.0827475017179828,-1.0938078624002545,-0.6347222057676005,0.22727954162577424,0.49868875958778525,-0.3918111018575571,0.29006520049738066,-0.38327221085833024,0.12354118106860354,0.015758101167622184,-0.10976148557697851,-0.1035484832504671,-0.14993285384946126,-0.10137901367278856,-0.21156008378542468,-0.2233527107470814,1.2745623934068555,0.9600881112561845,-0.023255055489598248,0
0.10770514344524394,1.3151894772918502,0.27967722576327125,-0.13478617003801185,1,0,0,1,0,0,-0.7605394197356201,1.8199372889122571,0.09882818275322415,-0.39671736743580244,1.651329496102748,1.7062506326622773,0.9891727791882277,0.034821640358135335,0.8793663263478243,0.23024857459683662,0.6406174050803074,0.31038851586065314,-1.078615151664157,1.4594875933091427,-0.5116580825094025,0.2426418414908844,0.5482231183545143,0.5639391434599547,1.2021396197987126,-0.7689345227338477,0.08283397802022703,-0.5603616291243723,-0.9582915766554392,0.23255768985141312,-0.28225718971923835,0.7689345227338477,-1.2021396197987133,1.7192960134778195,-0.25947596364157,0.8368193712507843,0.8475422729436388,1.0589927181562884,0.4790951633358572,0.8401159358104279,0.2896456887631914,1.0079356506638961,-0.19302946221276363,-0.7864379342253526,-1.0075151964152582,-1.2813097080232,-1.1254082660984612,-0.3502454288142823,0.6983559190505837,0.3477270420022505,-1.3841377820692236,1
0.4932090788038099,0.10410447663314094,-1.168717627632051,-1.161438585374874,1,0,0,1,0,0,-0.3945902466157784,-0.16578985867872228,0.2267599969270068,-0.445902587981712,0.5727914486353289,0.21709895797010442,1.6303860628497033,0.25179196034122836,-0.9565551966492855,0.9907842023599331,0.4795793271189534,0.17445801797416072,-0.5825966710222528,1.1036474831109842,-0.9789828708977355,0.07460342668525119,0.20203443385928574,0.2686296166361283,0.28185302474922574,-0.04159846927444537,-1.1643399471469265,-1.3263159165724672,1.3826122476999876,-1.13815165111188,-0.36121207698213725,0.04159846927444466,-0.28185302474922647,0.4102278732177254,-1.2351161931692491,-1.583144728454478,-1.3101813096647865,-1.176951992688579,-1.0961545269847772,-0.7910682597479163,-0.983822203561983,-1.534519319920306,-0.9979532363586869,-1.0899443568808573,0.9266066825629212,1.5842362639706562,0.9222885868622325,-0.09645999267988113,0.9453015509175579,1.0157572993701793,0.9664778365683122,1
-0.5605016778429365,-1.1069805240255675,-0.15484123025532542,-1.161438585374874,1,0,0,1,0,0,-0.00340319948767178,-0.3838418880627976,-0.6559695208720935,0.1645727964410475,-0.9441221677954132,-0.4223865960268347,1.3647507268650885,-0.48250676043582963,-0.28781236499903295,1.5976800693919275,1.7426916825125873,0.9830544074836247,-1.0611958826426606,0.5845976177816554,-1.3757692353840927,0.42228228313410315,0.49388588569776315,1.0468537564593334,0.4977080171176754,0.8471482119907131,-1.3135960558383302,-0.7159597473562018,0.8178021145266193,-1.6686339100563519,-1.2435355976411335,-0.8471482119907131,-0.49770801711767615,0.6330479821981672,-1.2351161931692491,0.2909628074074919,0.47284775859846334,0.6664222727407777,0.4475901695294441,0.02452383803125581,-0.2086678343205727,0.5738579727592754,-1.192245181842186,-0.5588081172337243,0.4704458620491997,0.8451587960808378,0.04228663352375219,-0.3502454288142823,0.6160407084282594,1.2384340518261547,0.47161139053935697,0
-0.14929748012713334,0.026801178718756015,0.5693561964423357,1.478524768348486,1,0,0,1,0,0,-0.5333985536612357,-0.005885037130400375,0.20117363409225028,-0.44243069006082425,0.8054816164950583,0.3373937929527454,-0.15312460224009172,-0.6533330846947172,0.10701603941398354,1.210861552329947,1.5328142850267,-0.5312731339698216,-1.3881264455669051,0.10929117708123098,-1.0418980053338662,-0.16984905329456845,0.6228833789763084,0.4297025021659994,-1.0618771407249559,0.328563629361145,0.3221259432818656,-0.14703038729005596,-0.3169764293182427,-1.0181553427863934,-1.5732127830339269,-0.328563629361145,1.0618771407249543,0.24311279148239442,-0.8598699510432187,0.5638910893291381,0.3824042551358344,0.6322857122698633,0.5106001571422693,-0.5463906304141645,-0.09793149585751397,1.13195784435093,0.11228645211844858,-0.3311783002420958,-0.615216890773458,-0.671894953798262,-0.9900233502002335,-0.9212626601166852,0.2044646553166367,0.4033962301162448,-1.3222794763156045,0
1.7525219343084582,1.907848094635473,-0.15484123025532542,0.3052077222492148,1,0,0,1,0,0,-0.5207796166571032,-0.0233291994811264,0.9943508819697028,-0.5951941985798844,1.1458577368031124,0.44203688360679,-0.6769643875417699,0.7364934793109539,0.47236445004919597,-0.8118105680620049,-0.7650709694186961,0.48568290887237636,0.5927551421197947,-0.5922634645173115,0.33431387727219575,0.7676254093402604,-0.6322183557545769,-0.1776535833020491,0.8549852458654548,-0.18555039652161812,0.34955278469902984,-0.6759521104511432,0.12565147935469947,0.4698068044849653,0.8211855837030746,0.18555039652161812,-0.8549852458654554,-0.5089050763265954,0.41596727218528484,0.30006041680488094,0.6666552660183818,0.3591932285025509,-0.18250970659880966,0.8401159358104279,0.4557501964577793,0.07776919801113909,0.22331042096616224,-0.7105613285614767,-0.31415074923440073,-0.2051091846046925,-0.008482709938082702,0.09387908442092041,-0.20711139779498602,-0.32030321536567735,0.10046155601764112,1
-0.5605016778429365,-0.2051087150244015,0.27967722576327125,-0.13478617003801185,1,0,0,0,1,0,-0.11697363252486404,-0.3373241217941949,-0.8350740607153893,5.077308354497188,-2.2164653166768247,-4.183277161841001,-0.21490820027216942,0.2625460411568063,-1.3762622346910236,-0.7371416340982565,-1.1780870005609965,-0.7253337361635652,0.4666553742212159,-1.2662769970543897,-1.3616268634903308,0.3921206991679549,-0.8171201290125581,-0.40959979455788237,0.23272740579640636,-1.2200849136713057,-0.9664139714459071,-1.7244005818056674,2.275440066568141,0.18558845870511637,1.1316763214222596,1.2200849136713057,-0.23272740579640636,-1.2609229441355856,-1.3852146900196616,-0.7552622732921518,-0.4574282770171454,-0.7331767065666972,-0.655084613695,-0.13859458152457876,-0.26403600355210183,-0.9144083514851348,-0.7481493064513315,-1.4693273852002382,1.2641656897430753,2.440010174158866,2.394599547255459,-0.4136917878478824,0.8629863402952329,0.29205785388825667,1.5850608941045057,0
-0.4320003660567478,-0.10203765113855341,0.27967722576327125,1.0385308760612593,1,0,0,1,0,0,-0.8236341047562825,6.550212646350798,-0.5152445252809326,-0.03506133400999707,2.158274147211419,5.064667772883965,-0.5800916617266976,0.02682957415770606,0.8916122696962379,0.46818651563078945,1.4711023636213396,0.3189193204081542,-2.1197249850988547,-0.5423505484411915,-1.3620821135318566,0.7134437354786404,0.28741886318152926,1.3766910776139591,0.4407888507730546,-0.0022010997120603167,0.26472129894686836,-1.4013283928650537,-0.5019216919581245,-0.3474901530181971,-0.5684342352515019,0.0022010997120603167,-0.4407888507730553,-0.5646101035717058,-1.3101654415944555,-0.2730889752305771,0.12399424524260985,0.2397152668543526,0.2270552128845555,-1.6882195673050053,-1.980449249729511,-0.17027518936292965,0.5008703430854462,-1.1658209625447336,0.9448531153834703,0.5080357405521495,0.3299795798074865,0.8235122133073248,1.2745623934068555,1.4054416161681371,0.904619530814692,1
-0.6119022025574117,-0.2051087150244015,0.27967722576327125,-0.13478617003801185,0,1,0,1,0,0,-0.1295925695289965,-0.33325381724569214,-0.6431763394547153,0.11249432762773152,-0.7960574185097282,-0.34323348899364714,0.013972155392824093,0.2018554989773237,-0.34135295536383153,-0.008587865521331228,-0.37250656133021715,-1.8050638728150346,-0.9840310612912726,-0.7453959098290385,-0.09678353710719081,0.3013043371024013,-1.1834163378545517,-0.7444125173477657,-1.5389139634227365,-0.9356157016516281,-0.7642194325627691,-0.37400863001228424,0.7694227264824717,-1.1618537307388412,-0.2424971614525925,0.9356157016516281,1.5389139634227358,-0.7874302125521474,-0.25947596364157,-0.5278220383574467,-0.3023822710812103,-0.7331767065666972,-0.4660546508565234,-0.9541866793037505,-0.3747723420151606,-0.6663639641110671,-0.9146852597229018,-0.7105613285614767,-1.272088472313216,-0.7496925819971905,-1.1084851516111824,-0.9212626601166852,0.7806711296729086,0.3477270420022505,-1.3841377820692236,0
-0.7918040390580765,-0.7977673323680251,1.7280720791585935,1.7718540298733036,1,0,0,1,0,0,-0.5460174906653681,-0.0029776767386127034,-0.7199354279589849,0.7287562085853039,-0.49684451199202506,-0.5654882584597163,-0.3498443234182805,0.8465914977896193,-1.0254463619953598,0.08963060100906751,-0.4966106350859717,-1.6922418145993416,-0.29403708574585624,0.34384350383815127,-0.2491664807661297,-1.1848954402773146,0.9548612135285282,0.5760658722888641,-0.671183982935474,-1.6423439002630147,0.8300314255188578,-1.4115829098943822,0.21111388290607427,0.8257388746380521,1.2080343497626551,1.6423439002630147,0.6711839829354733,0.2152602778598393,-0.3345252120667762,-0.3367722410122935,-0.8708842928463041,-0.4942207832702994,0.6996301199807459,-1.1988643086375024,-1.0945585420250417,-0.046252995675895824,0.41760236644966076,-1.4693273852002382,-0.9801455471844351,-0.7367263106307022,-0.39771434314548676,-0.3819686083310823,-0.4540570296619595,-1.0996718489615938,-1.0129879475475077,0
0.9558138012340891,0.8771374557769975,-0.15484123025532542,-1.6014324776621007,1,0,0,1,0,0,-0.4198281206240434,-0.1338088943690579,-0.7966945164632545,1.9092015016871324,-1.2535148208475249,-1.5783797128674553,0.6573979595489119,0.2027649756585262,0.5853450522762581,-0.035419954358468043,0.2398530118274365,-0.7240347105319903,-0.37756980650706135,0.013738363857181678,0.03557193395657343,1.122790502333121,-0.2523243699532887,0.07144900811885929,-1.4375436385994584,0.43824128821613356,-0.9004006543015615,-0.24266610991009646,0.32810987770455746,-0.20235045274922506,-0.2420646124013172,-0.43824128821613356,1.4375436385994576,0.24311279148239442,0.340918023760079,0.9459906840194431,1.4548057961927168,1.263812080981773,-0.18250970659880966,-0.8726274695258333,-0.319404172783631,1.1939689411944467,-0.859173275299045,-0.2553016945782196,-0.08607033897753999,0.09311505682453199,0.008440404549195996,-0.44541496736468245,-0.37174181903963527,-0.2089648391376897,0.16231986177126023,0
0.7759119647334253,1.0575118175772313,0.27967722576327125,-0.13478617003801185,1,0,0,1,0,0,-0.40720918361991093,-0.13962361515263325,-0.822280879298011,4.5999223903751245,-1.6094311841376534,-3.662297672046292,-0.4125650034866959,-0.23038454998892316,0.9080445370537418,-1.5215222567357902,-1.7251126629078712,-0.6844051796762491,1.3893897573387266,0.2970637181448008,-0.9165221402724651,0.8452824885864174,-0.14483039343890255,0.32600403490321217,1.1515092521572485,-2.075499892960316,0.8705042472692353,-0.6019417352384074,-0.3918999195276114,1.9118670694775115,2.5610104393836046,2.075499892960316,-1.1515092521572492,0.4659329004628361,-0.7097714541928067,0.6821600114951846,1.0542702808582185,0.9395147565080901,0.1010352376589052,0.758556726032511,0.2342775195316623,0.38782468222872474,0.16779843654230542,-1.0140677512169813,-1.7738653748783102,-1.657331577651353,-0.9900233502002335,-0.12818317219668063,-1.5241547677521787,-2.1573864231274804,-1.3841377820692236,1
0.3647077670176212,-0.2566442469673251,-0.15484123025532542,1.0385308760612593,1,0,0,1,0,0,-0.571255364673633,0.05226217070535305,-0.68155588370685,0.32948794768321477,-0.278208395179635,-0.2144419928040538,-1.0531904211849945,-1.792921720782601,0.993155139570205,-0.5913279550224341,0.1280668728101827,-0.9545887277672256,-0.6894490427162553,-1.5998061657492528,-1.2998181768822392,2.0089740170665027,-0.9963061959354937,-0.3685835803157304,-0.2763926451691775,-1.027822311265718,-0.13402055272038033,1.1587120135270923,0.6611487957496257,-0.18907425128398447,-0.5263433340573647,1.027822311265718,0.2763926451691768,-1.5115955667385823,-1.2351161931692491,-0.1548200530645294,0.8863037744276221,0.39332978897346543,-1.411204465048904,-0.30171300108041293,-0.2086678343205727,-0.35630847989348147,0.1400424443303771,1.6416134470186852,1.1911799584608802,1.4027084648398238,1.2269046476332444,-0.28679906978068154,1.8507688677631275,1.3497724280541432,0.7809029193074537,1
0.004904094016293398,0.4648532002336079,-0.4445202009343899,0.3052077222492148,1,0,0,0,1,0,-0.6848257977108253,0.46510734633920237,-0.6047967952025805,0.07488210015144776,0.3249648631982956,0.299829606564114,0.2895157681048121,-1.7799159999538476,-0.8717316448580714,1.2261709255274866,1.26053196318223,0.2566005054880241,-1.2096874477365442,0.21534952431881882,-1.3034625220491993,-0.10443493901198811,0.5939590661592684,1.306999769774284,0.3242026962602782,0.02843219803499119,-0.1874040158316392,1.1372104285454439,1.0867393196640316,-1.0675181717637843,-0.3627223995851345,-0.02843219803499119,-0.3242026962602789,0.4102278732177254,-1.0850176963188372,0.7822337148664557,0.6020527635450756,0.8371050750953478,1.550264952753888,-0.46483142063624716,-0.6516131881728072,1.3179911348814817,-0.3040534310604773,0.8069707847160468,-0.5331079430809875,0.06718251409155555,-0.36386811417093057,-0.826093121566285,0.2044646553166367,0.23638866577426285,-0.45626319576493324,1
0.004904094016293398,-1.4677292476260335,1.4383931084795292,0.3052077222492148,1,0,0,1,0,0,-0.7479204827314877,1.4274436360209215,0.43145089960505906,-0.48409346511147705,1.745780237179987,1.471921660428434,0.493427594077466,0.3365022659783735,-0.7547722704014883,0.27300107060809786,0.2845873603404915,0.2929809053753983,0.16388387502104393,0.3762816606957483,0.044460089600091485,-0.6665456255348178,0.40039010548278803,0.6532386870557941,1.3298662290760435,-0.9193541232206256,-0.3101468791485235,-0.41732077873987977,0.36198490641215175,0.028213140928216342,0.26778292893297634,0.9193541232206256,-1.3298662290760441,-0.2582324537235989,-0.6347222057676005,-2.028927588926501,-1.9691268348925084,-1.7572735206941175,-0.7495995951142377,0.02452383803125581,-0.5408768497097485,-1.7825637072943747,-0.1375174777889068,-0.17942508891434333,0.7715120035882557,0.858125067447326,0.8207498999385615,0.4428340591057229,1.1099319721622063,0.6817421706862145,0.904619530814692,0
-0.8175043014153137,0.3102466044048362,-0.8790386569529866,-0.8681093238500562,1,0,0,1,0,0,-0.6091121756860305,0.07842841423144209,-0.7455217907937414,0.7692616843289941,-0.46758293208315554,-0.5341847698025234,-0.49213129408613127,-0.1724912332421472,-0.6093906898655752,-0.09379447474629556,-1.0173986108918793,-0.3928292392190324,0.6735864376544298,0.4354385697889114,-0.725598867605298,-1.46496613988599,1.1917064439256586,0.0489194955681916,-0.45503125954306645,-0.08447776675232606,1.1194056325476691,-0.49013938600669504,-0.6390922020342785,1.3083859945535166,1.3704283882531867,0.08447776675232606,0.4550312595430657,0.939425632046274,-0.25947596364157,1.7738731391817693,0.5632912620610914,1.0589927181562884,1.9913348660436665,0.18764225758709038,0.4557501964577793,1.876091006473136,0.77843026520473,-0.6346847228976005,-0.6517097564145549,-0.8534227529290943,-0.3469449996836519,0.4428340591057229,-1.1125787146405561,-1.266679413303576,-0.023255055489598248,0
0.18480593051695732,1.109047349520155,-0.4445202009343899,-0.4281154315628296,1,0,0,0,1,0,-0.6722068607066928,0.42731166124596265,-0.579210432367824,0.04132042024953302,0.3350150913540324,0.2966992576983947,-0.5856520049042723,-0.6918688075987166,-0.9866812086532417,-0.0494632547116408,-0.4566615378906898,-0.7453154962850308,0.019019467186165172,-0.6904889908994097,-1.243312461023261,-0.7943478871023547,-0.03405258305307311,-0.04355034737465384,0.12009793795335687,-1.1356331163529647,0.12443490524682002,-0.2959114784145528,0.550583246325464,0.03305570756558267,0.5511639268733088,1.1356331163529647,-0.12009793795335758,-0.3696425082138195,-0.8598699510432187,1.7374827015922172,0.9638267773955896,0.9053781960371756,2.0858498474629035,0.6769975162545934,0.6772228733838963,1.5660355222555504,0.19555442875423396,-0.17942508891434333,0.34272083230535716,0.585833368751077,0.5669031826293847,0.2524949820049213,0.5337254978059351,0.013711913318286572,0.22417816752487937,1
0.4932090788038099,0.10410447663314094,-1.168717627632051,0.3052077222492148,1,0,0,1,0,0,-0.3945902466157784,-0.16578985867872228,-0.7839013350458762,1.81372430886272,-1.172230061797102,-1.5291885164061523,-0.5504840248852436,-0.34591103315097554,-0.08643765424705417,-0.3056486369553381,-0.12468059686587908,-0.7233167116710003,-0.28139563055004735,0.9037899973844561,-1.1709015986282334,0.3176548202774408,0.3130612883553161,0.5579323870666472,0.2567889334467663,-1.2411978630008902,1.668517753223727,-0.6982097686715965,0.4373756288990271,0.7233378043025546,0.7068032655210679,1.2411978630008902,-0.25678893344676695,0.24311279148239442,-1.3852146900196616,-1.637730384838808,-1.258499307686141,-1.091610591511294,-1.1591645145976028,-0.9541866793037505,-1.149926711256571,-1.4725082230767892,1.7221340004102954,-0.5588081172337243,0.39746013076700454,0.5728670973845897,0.854596128913119,-0.0012904541294803558,0.6983559190505837,0.1250502895462747,0.5953280020465953,0
-0.2006980048416086,1.7532414988067013,-0.15484123025532542,-0.13478617003801185,0,1,0,1,0,0,-0.81101516775215,5.099439810848749,-0.5408308881156891,-0.020595092672964856,1.651329496102748,3.937742181225023,-0.12577589666417868,-1.514874379818334,1.1409759239797164,0.5642042313555281,1.0330634007536268,0.6246064833602748,-0.4843271674522135,-0.9552775675542861,-1.8250088523230734,2.3348682391727276,0.20757809347374803,1.1945394242961445,1.4008254564523381,-0.5374328853480426,-0.7796076437716595,0.2509588226510753,0.7865650955340215,-0.5563726329518608,-0.17679776666487504,0.5374328853480426,-1.4008254564523388,-0.7874302125521474,-1.6103624352952797,0.8732098088403377,2.087910320431116,2.100157812519166,-0.6865896075014126,0.758556726032511,0.12354118106860354,1.13195784435093,-0.7481493064513315,0.19995793940503753,-0.08607033897753999,0.3265079414213163,0.0761328624983096,-0.5088613263982832,0.36909507656128593,0.1250502895462747,-0.2706882785040748,1
0.8787130141623758,-0.7977673323680251,-1.6032360836506476,1.7718540298733036,1,0,0,1,0,0,-0.7731583567397526,1.9158801818412503,-0.7199354279589849,0.7287562085853039,0.5077234935847342,0.910247635379374,-1.0779793043208419,0.8095670976324228,-0.1143784055882542,-0.7865489650255152,-1.2023214650918033,-1.6797573929857867,0.46153473632492226,-0.7726340480431487,-0.407354488945409,0.2123806595056544,-0.018775908227722973,0.008109331284200126,-0.3224700655433951,-1.9711668557791118,0.726949626448509,-1.5192350327280177,0.3697811930288742,1.0439590386471893,1.5709939731189424,1.9711668557791118,0.32247006554339436,-0.7874302125521474,-0.4846237089171882,-0.3731626786018469,-0.21193876761858224,-0.20406001926752979,-0.43454965705011084,-0.46483142063624716,-0.3747723420151606,-0.10826409251941274,0.3620903820258042,-1.5452039908641146,-0.8980365994919648,-0.5940973255993336,-0.1777138548108673,-0.28679906978068154,-0.5363722402842841,-1.266679413303576,-0.8892713360402683,1
0.7759119647334253,0.3617821363477598,0.27967722576327125,-0.13478617003801185,1,0,0,1,0,0,-0.40720918361991093,-0.13962361515263325,-0.5920036137852022,0.05462936227960266,-0.3284829825601029,-0.14959905201415438,1.3427557952431897,0.4084382750822211,-0.7885618694945037,0.6564799026847261,0.5114033055045271,0.9464630658264086,-0.05858823908439943,0.23004004858415253,-0.8735928288422327,0.8183832189127961,-0.12375300337240228,0.25717273665125745,1.068484771272222,0.23115255077283092,-1.6372813135198176,-1.435740469015535,1.9003867030085944,-1.0095733557281206,-0.4137702208979069,-0.23115255077283092,-1.0684847712722227,0.438080386840281,-0.6347222057676005,0.8277217618533966,1.1705547853101694,1.0589927181562884,0.1325402314653172,1.0032343553662626,0.5111183656893089,0.5118468759157585,-1.5253170883853264,-1.317574173872486,0.16937972051014377,1.143383037510063,0.600749411603942,-1.175048096251087,0.2044646553166367,0.3477270420022505,0.038603250264021984,0
0.004904094016293398,0.9544407536913834,-0.4445202009343899,0.3052077222492148,1,0,0,1,0,0,-0.6848257977108253,0.46510734633920237,-0.7583149722111197,0.873418621955626,-0.278208395179635,-0.3172963126776874,-0.08020159030364012,-0.35147536641627214,0.47516769038878637,0.1661141528744906,0.8453382530240384,0.7802966961484371,-0.7159324435479014,0.09903449557862228,-1.4395356413143225,-0.20187852986076096,0.5437214715362455,1.380721913942718,0.5444209881177442,0.5242815205937548,0.21047636473468076,-0.959684233436146,-0.8524386043921911,0.31473540006418144,0.24902508306249033,-0.5242815205937548,-0.544420988117745,0.27096530510494976,-1.2351161931692491,0.7094528396873502,0.48576825909312477,0.700558833211691,1.7077899217859516,-0.38327221085833024,-0.6516131881728072,1.2559800380379649,-0.16527347000083534,-1.1658209625447336,-1.281211688723491,-1.4498712357875443,-1.2607931819966884,-0.2550758902638815,-0.7833178721512579,-0.6543183440496418,-1.0748462533011267,0
0.18480593051695732,-0.4370186087675581,-0.4445202009343899,0.5985369837740325,1,0,0,1,0,0,-0.6722068607066928,0.42731166124596265,-0.8094876978806327,3.500488048760676,-0.7871816369767712,-2.3766186736258725,-0.4915655962529094,-0.9514751846431362,-0.452882106932717,0.5950567642640198,0.534952621855668,-0.3041968432159631,-1.2271668586151656,-0.8457757756457432,-1.273332431157618,-0.7865550662750657,0.13248523434890716,0.1005577747904094,0.1590389773671773,-0.572621134230685,-0.16155526193019482,0.03033307422757934,-0.1713069747076061,-0.6725132081480065,-0.5972895131331007,0.572621134230685,-0.15903897736717798,-0.6481676444393714,-1.009968447893631,1.0460643873907127,0.42116575661981864,0.4616029099152932,1.550264952753888,0.18764225758709038,0.12354118106860354,0.8839134569768611,-0.24854144663662048,-0.1035484832504671,-0.3871364805165972,-0.41256952646850126,-0.6346379459673855,-0.2233527107470814,1.3568776040291806,1.127095675598167,-0.332546584257695,0
-0.4320003660567478,0.8771374557769975,0.27967722576327125,-1.6014324776621007,1,0,0,1,0,0,-0.8236341047562825,6.550212646350798,-0.7966945164632545,1.9092015016871324,1.048156237724814,3.562100317338709,0.3057102849597508,-0.7929879044118296,0.16139237418376912,0.42465116910406314,1.0381830492918673,1.464166867355644,-0.6568196898716055,-0.49105409242285875,-1.4814035401884138,0.8318923006014227,0.550761767764071,1.4897642676063592,1.7556215933338128,0.2557448558590603,-0.9157530562850394,-0.39563676105432216,0.6153427525310492,-0.027550392220121015,0.10477603813486103,-0.2557448558590603,-1.7556215933338135,-0.6760201580619267,-1.535313186870074,-1.110069039790291,-0.5737127814690962,-0.34060626115118536,-0.5920746260821743,-1.0357458890816678,-1.648240234340335,-1.1004416420156866,-0.9146852597229018,-0.482931511569848,-0.39625969692687113,-0.03654765684034838,-0.0423289389126401,-0.6992004034990842,-0.5363722402842841,-0.48731077970765985,-0.1469716669968365,1
0.3647077670176212,0.9544407536913834,-0.15484123025532542,0.3052077222492148,1,0,0,1,0,0,-0.571255364673633,0.05226217070535305,-0.7583149722111197,0.873418621955626,-0.6465906853271475,-0.6348031262006432,-1.5216677601716668,-0.30545933880657167,2.135092074278338,-1.5680916145978652,-0.7701247997166499,-0.16195141396758214,0.4545019743907145,-1.597332200698689,-1.2915442818473637,1.9183886362169305,-0.9695920545346908,-0.2299251623367606,-0.1227108960387,-0.09917924017331377,0.5198805478721492,-0.874588180303941,-0.990946820843151,1.1569597225889328,0.7767227875165652,0.09917924017331377,0.1227108960386993,-1.5115955667385823,-1.2351161931692491,-0.20030810005147043,0.795860270964994,0.32505666803163763,-1.2536794960168407,-0.13859458152457876,-0.09793149585751397,-0.29429738304996345,0.19555442875423396,-1.0140677512169813,-0.8889133830816909,-1.2035120798242718,-0.7530997473783346,0.12560226393772106,-0.7010026615289333,-0.8213259083916238,-0.6418381130257917,1
-0.4320003660567478,0.3102466044048362,0.5693561964423357,-0.8681093238500562,1,0,0,1,0,0,-0.785777293743885,3.514928397324469,-0.7455217907937414,0.7692616843289941,0.5225168612548611,2.1087240582547566,-0.6649560945593931,0.2556726695245567,0.6283836027828026,-1.204815421946104,-1.3268718261587786,0.2648024867658907,1.84366473141497,-0.232678014034028,-0.09678353710719081,-0.23616539188218882,-0.7025512312072975,-0.6026501596776938,0.44932672572474713,-0.08447776675232606,0.6921485062495449,-0.4478743855308497,-1.096344879117427,0.9309901321756234,1.1366277742449893,0.08447776675232606,-0.44932672572474786,-0.3417899945912644,-0.25947596364157,-0.5278220383574467,-0.5607922809744348,-0.7843815472730677,-0.24551969421163483,1.166352774922097,1.009431888773073,-0.4803306735805153,0.27882240539001907,-0.7105613285614767,-1.0622544948769042,-1.385039878955104,-1.0069464646875115,0.506280418139323,-1.1125787146405561,-1.266679413303576,-0.45626319576493324,1
-0.2006980048416086,0.10410447663314094,-0.15484123025532542,0.3052077222492148,0,1,0,1,0,0,-0.81101516775215,5.099439810848749,-0.7839013350458762,1.81372430886272,0.7118913981583822,2.520141337749291,-1.8509451947911368,-0.6682721214178994,1.5677545212908957,-0.7011424175796321,-0.02453875095866327,0.051284923890115644,-0.016546483724411126,-0.9320921001457001,-1.6591030754075333,1.8822263063770905,-0.10377981415780037,0.6984580344229618,1.4494276669840473,-1.3675781934948876,1.6424489063995567,-0.74482858061305,-0.25171703399603074,0.8442918849867831,0.7138099048436718,1.3675781934948876,-1.449427666984048,-0.7874302125521474,-1.4602639384448675,0.6912576208925736,1.6486133036126354,1.519836284513628,-0.5605696322757617,0.8401159358104279,0.17890935030013266,0.5738579727592754,1.63886602377451,-0.6346847228976005,0.269735101023162,0.09311505682453199,0.43151826673115745,0.506280418139323,0.6983559190505837,0.06938110143228039,0.2860364732784985,1
0.3647077670176212,-0.4370186087675581,-0.15484123025532542,0.3052077222492148,1,0,0,1,0,0,-0.571255364673633,0.05226217070535305,-0.8478672421327675,6.521039239933003,-2.0154395524722046,-4.999403830403528,-0.7203200299346818,0.35517383069806663,0.9908109079931325,-0.94443803123321,-1.0355501826325249,-1.3659987090900771,0.6720167228354825,-1.6023709269221547,-1.287870871822844,1.9145409540271703,-0.8381259300778402,0.04068905384512439,-0.24687185720061178,-1.6182148153149178,-0.5994476138620043,-1.7776479965556935,0.5694573175830591,0.4448035248249488,1.3859908960896883,1.6182148153149178,0.24687185720061106,-1.5394480803611372,-1.3101654415944555,-0.6733837887156574,0.33072225315718967,-0.03337721691295973,-1.3796994712424915,-0.6279498401920818,-0.5962450189412776,-0.728375060954584,-0.7481493064513315,-1.772833807855743,-1.0440080620563552,-0.6329961396987983,-0.4315605721200442,-0.3185222492974822,-0.9479482933959068,-1.545025353873546,-1.136704559054746,0
0.46750881644657266,-0.514321906681944,1.0038746524609323,-0.4281154315628296,1,0,0,0,1,0,0.47611640666936217,-0.5042066082828072,0.7384872536221374,-0.5604752193710071,0.10977222672698446,0.04537696305064663,1.067609106432309,0.3070292639396365,-1.0670256047928124,1.3316748358420571,0.8926024382358266,-2.342404143202707,-2.3191483668489092,0.8272150577235203,-0.6213151825680735,-0.001384857194631098,0.22596161778079532,-0.08576005755820926,-2.501932049243882,-0.7133741297612541,-0.6579929120816899,-1.0438272107732696,1.4572680993956475,-1.5749471185230182,-1.2441548901370376,0.7133741297612541,2.5019320492438806,0.6887530094432773,-0.6347222057676005,-0.2185033188462471,-0.18609776662925942,-0.08458205761933026,-0.40304466324369825,-1.85133798686084,-1.2052948804881005,-0.17027518936292965,-0.7481493064513315,-1.1278826597127956,-0.7611883533378483,0.028283699992091807,-0.6007917169928287,-1.6508957890030895,1.439192814651505,1.127095675598167,-1.0748462533011267,0
-1.7170134839186342,0.6967630939767645,-0.15484123025532542,-1.161438585374874,1,0,0,1,0,0,3.2775204215867713,-0.737958383782536,-0.2210013526812325,-0.33017265728545425,-1.2454869511409714,-0.3123771930315571,1.1342459292385465,0.8673866637098164,-1.7252414527870867,0.4678799807625801,0.31215319981284384,0.10181513726107595,-0.11116997516825075,0.23121704961058312,0.9430309467313664,-0.2524642706554634,-0.9534269003535668,-0.6734160845634045,-1.1014209826064827,1.231239624279511,-1.3461672235900128,-0.2458077164816869,2.1047606174434454,-1.577477462636226,-1.0632741845314468,-1.231239624279511,1.101420982606482,0.35452284597261524,1.102131829215741,0.5236016762835625,0.3030354663829155,-0.10652698935063296,0.654622985971585,0.01287252234869625,0.6455839195373082,0.8484785444948515,-1.2477571662660425,-0.17942508891434333,0.1785029369204177,1.2600794798084554,0.43151826673115745,-1.4922798914190887,-0.28942660841731066,0.3477270420022505,-0.023255055489598248,1
1.9838242955235992,-0.2824120129387873,-1.8929150543297122,-0.4281154315628296,1,0,0,1,0,0,0.3751649106363024,-0.4885068621671538,1.8003213112645335,-0.6727332521463771,0.49767326542899815,0.14420654866835542,-1.3222936625219868,2.1691132705271414,0.41452920400169635,-0.9676276315532927,-0.7981565907012147,-0.480109619141103,0.10986529151349969,-1.3605085424977281,3.096120905320271,0.46750143157734875,-1.89297409714229,-1.9719544628283057,-2.3005612688516934,1.6268563983373747,0.47927742065296264,0.1244499186045792,-0.09688145561180679,-0.5698382068876469,-0.8875870647581018,-1.6268563983373754,2.300561268851693,-1.3444804850032512,2.2921984828154374,-0.8098479296764806,-0.4703487775118068,-1.1428154322176651,-1.348194477436079,-0.8726274695258333,0.2342775195316623,-0.728375060954584,0.44535835866158957,0.12408133374116129,0.03253147435602734,-0.02358138547386016,-0.24540631275998087,-0.3502454288142823,-0.20711139779498602,0.7374113588002092,0.40975308478573785,1
0.7759119647334253,-1.158516055968491,-0.15484123025532542,-1.6014324776621007,1,0,0,1,0,0,0.8799223908016013,-0.5873571154879346,1.0199372448044592,-0.6050312426890664,0.03989930758741008,0.015862245173864826,-0.04222569707222976,-0.6731087225588988,1.6538226784442704,-0.057770166293415234,0.1673232083565472,0.8801668581276862,0.833730481597945,-0.20095589961793411,0.4370735834936222,-0.18458376465446155,-0.08418680490072868,-0.659814045630268,0.3186972389638403,0.8843625762614299,-0.1420769074407282,1.3617135669833702,-2.4463198871083387,-0.005434426996277503,-0.8617083588535397,-0.8843625762614299,-0.3186972389638417,-0.45320004908148526,-0.03432821836595151,-1.1464594773798444,-1.051771299771562,-1.0233374705694662,-1.1591645145976028,0.6769975162545934,0.5664865349208381,-1.2244638357027204,-0.10976148557697851,1.33810702436318,0.14201007127932075,-1.164613265724808,-1.0915620371239039,1.489698983160128,-0.20711139779498602,0.23638866577426285,-0.08511336124321738,0
-0.48340089077122306,-0.2824120129387873,0.27967722576327125,0.3052077222492148,1,0,0,1,0,0,0.19849979257844777,-0.4728071160515004,1.007144063387081,-0.6021379944216599,0.36845180465098787,0.10172324263359372,-0.949853913760088,0.430652425996609,0.7313375480473417,-0.6316782151036157,0.1331825738236255,0.6662195356262354,0.20968008190827528,-0.4975689081662472,-0.21357417892579186,1.1061652562568276,-0.4120210208088777,-0.2848366740761023,-0.9053494332772469,1.8065585321570097,0.8236299987272745,-0.8050378938096969,0.11182647623387111,0.4448035248249488,-0.45123144199091714,-1.8065585321570103,0.9053494332772463,-0.5089050763265954,-0.25947596364157,-0.19121049065408274,0.3953247556304958,0.20557870638343811,-1.0646495331783645,-0.30171300108041293,0.12354118106860354,0.07776919801113909,0.4731143508735179,-0.9381911455531051,-0.8068044353892204,-0.6329961396987983,-0.4315605721200442,-1.3653871733518879,-1.1125787146405561,-0.4316415915936655,-0.5181215015185524,1
-0.5091011531284612,0.18140777454752677,-0.4445202009343899,2.9451710759725747,0,1,0,1,0,0,0.7411140837561441,-0.5658426485887058,-0.7199354279589849,0.7056102224460523,-1.611188934601166,-0.9804830795150724,-1.890743371238705,0.10742090426339947,-0.41177688149666397,-1.7018860638015685,-2.082110329290605,-0.2776994510163406,2.4833971244824804,-0.8512751536609761,-0.8735928288422327,0.9083151055828036,-1.3949623085745708,-0.909076542448459,0.7976720237538321,-1.1698703314820218,1.7785405802354344,-1.0225846807484813,1.4756818751490013,0.9159175293041398,1.8193090951311108,1.1698703314820218,-0.7976720237538328,-0.9823978079100336,-1.0850176963188372,-1.2465331807511142,-0.6641562849317252,-1.1257471519822078,-1.3796994712424915,0.9216751455883455,0.5664865349208381,-1.4725082230767892,1.333550109443298,-1.0899443568808573,-0.6608329728248301,0.13201387092399572,0.49921072468027106,-0.7626467625326843,-1.3595243465075295,-1.823371294443516,-0.45626319576493324,0
0.8530127518051386,1.0059762856343069,0.27967722576327125,0.5985369837740325,1,0,0,1,0,0,-0.4955417426488382,-0.005885037130400375,-0.016310450003180245,-0.3944027688218773,0.5770799143396678,0.3002767992592168,-0.24069967390683214,-0.5284846146427336,0.4189555273030596,-0.11010108331409808,0.5258717870636832,0.6471303735550257,-0.5910952191514209,0.14424975154652256,-0.8100148734017567,0.8265588449737062,-0.22541895595044367,0.059323667885652916,0.8489203546367114,0.04065977486679812,0.47883140794948376,-0.08609339937739163,0.25788568525091826,-0.07478211759377916,-0.6257410629856728,-0.04065977486679812,-0.8489203546367121,0.27096530510494976,-0.6347222057676005,0.5365982611369737,0.9121447754169449,0.76883195415352,-0.18250970659880966,1.0032343553662626,0.6218547041523672,0.20179139169817292,0.19555442875423396,-0.3311783002420958,-0.7794347861583975,-0.5422322401333817,-0.5330992590437151,-1.2702176348014877,0.6983559190505837,0.793080546914203,-0.76555472453303,1
1.0843151130202777,0.33601437037629844,-0.8790386569529866,-1.161438585374874,1,0,0,1,0,0,0.8294466427850714,-0.5797979784692867,-0.16982862701171944,-0.34406024896900517,-0.5996798670759399,-0.1800081552811417,-0.1600479284858089,-0.38334682072047666,0.5384670185497544,-0.6942687811646368,-0.5604849761809476,0.5364953683449588,1.574570947029429,-1.2892334941811607,-1.2269427517955338,-0.11280127692234262,-2.083975521940431,-1.752050797834028,-0.4657107419241149,1.1936019387174324,-1.0656363762528427,-0.7029687723906196,-0.8494568579026947,-1.1285221214070476,-0.9818786757396222,-1.1936019387174324,0.46571074192411416,-1.2609229441355856,-1.2351161931692491,-0.5369196477548344,-0.5091102789957901,-1.2452251136304073,-0.43454965705011084,0.8401159358104279,1.2309045656991897,-0.9764194483286528,-1.0257092285706153,-0.7105613285614767,-0.21379536872138252,-0.6070635969658218,-0.9731002357129547,0.41111087958892223,-0.8656330827735822,-0.4316415915936655,-0.6418381130257917,0
-1.0231064002732158,-1.158516055968491,-1.168717627632051,-1.6014324776621007,1,0,0,1,0,0,-0.596493238681898,0.1598345052014969,1.0199372448044592,-0.6050312426890664,1.3355308798162964,0.5905048583809045,-0.7919413794055201,-1.844443659056042,2.59318659783501,-0.9807847119382076,0.16583870668136302,-0.0069055823673958225,0.06434572700409866,-1.2009386226387875,-0.7721778767185038,1.0276678646901047,-1.3838258138813038,-0.8681667796989619,-1.043325708731153,1.0253393444399002,-0.09874995545846903,1.7580059604429277,-2.5122658554032262,-0.047201117978944634,-1.0631943262198171,-1.0253393444399008,1.0433257087311523,-1.0938078624002545,-0.6347222057676005,0.3728412919839863,0.8733832739329616,0.20557870638343811,-0.43454965705011084,0.02452383803125581,0.6218547041523672,0.5738579727592754,-0.16527347000083534,1.4898602356909325,-0.2685346671830286,-1.4758037785205207,-1.396178097894916,1.0138512904081252,-0.5363722402842841,-0.09762646290970158,-0.6418381130257917,1
-0.48340089077122306,1.547099371035007,0.27967722576327125,-0.13478617003801185,1,0,0,1,0,0,0.19849979257844777,-0.4728071160515004,0.5465895323614635,-0.519969743627317,0.18207625770656694,0.03822187992900256,-0.058005938362753445,-0.5866866630793881,1.142914743360686,-0.5123351399021984,0.601411337238886,-0.4387080045890587,-1.231769457657251,-0.5312463810598805,-0.08291793713822455,0.9951537936030185,-0.7094042324725911,-0.5143421432437233,-1.0827475017179835,0.4755103955940435,-0.4501564551553503,0.7221804878687016,-0.562369151739564,-0.011301372508961545,-1.2840191874134255,-0.4755103955940435,1.0827475017179828,-0.5646101035717058,-0.18442671521636386,-0.32767463161490584,0.21443774870523882,-0.08458205761933026,-1.033144539371952,-0.38327221085833024,0.12354118106860354,-0.046252995675895824,-0.3318094232724056,0.8828473903799233,0.5069387276902979,0.11904759955750843,0.10997909147286698,-0.44541496736468245,1.3568776040291806,1.8507951210800897,0.10046155601764112,1
-1.7170134839186342,0.18140777454752677,-0.15484123025532542,2.9451710759725747,1,0,0,1,0,0,3.2775204215867713,-0.737958383782536,-0.7199354279589849,0.7056102224460523,-2.242202650996074,-1.1128521172654877,-1.1116660148550928,1.4003434053404582,-1.3613297460059361,-1.0741050881095235,-1.3798762593112353,-0.8810364184747129,1.4137903034600736,0.3260790282583985,1.1625113137451617,-0.5938889153000363,-0.4400113305376413,-0.07175910250439076,-0.2682155254971338,-0.9356157016516281,1.871612977571059,-0.7574369565836622,1.2641822821586803,1.01473897526249,1.7238479210562805,0.9356157016516281,0.26821552549713307,0.4473645580477994,1.3165582532877582,0.5163813513649994,0.10820252241580197,-0.07130672854730849,1.1897078014138325,0.3235742738836193,0.5049663468858057,0.6909900445748085,1.4168180860790833,-0.8623145398892288,-0.6517097564145549,0.04124997135858002,0.4484413812184362,-0.7309235830158842,-1.3595243465075295,-1.7677021063295222,-0.20882997275045564,0
0.8530127518051386,1.9851513925498596,0.27967722576327125,-1.8947617391869185,1,0,0,1,0,0,-0.4955417426488382,-0.005885037130400375,0.36748499251816774,-0.48351481545799574,0.8237320531539278,0.369144474305041,1.166051148508158,-2.0196487802890783,0.1978178584741206,0.987843719006966,1.0939001938788084,1.8728361594645206,0.024428338191971617,0.170955104932629,-0.848130783580877,0.7428578966122544,-0.23953051325451763,0.012484925090925263,0.39961991949913633,2.1579869790623687,-1.4506061802866654,1.9223925330469542,0.4760769056812653,-1.572027490700088,-1.4099347275021283,-2.157986979062368,-0.39961991949913706,0.15955525061472892,-0.7848207026180125,0.02713213488323473,0.4082452561251572,0.2909201075607231,-0.4660546508565234,0.35076067714292497,0.17890935030013266,-0.17027518936292965,-1.3587811351137562,1.793366658346437,0.0051618251252043045,0.2487103132223888,-0.4146374576327655,-0.6040308649486834,-0.7833178721512579,0.29205785388825667,0.10046155601764112,1
-1.0231064002732158,0.33601437037629844,-1.168717627632051,-1.161438585374874,1,0,0,1,0,0,-0.596493238681898,0.1598345052014969,-0.16982862701171944,-0.34406024896900517,0.6763001814292423,0.3888209528895622,-0.15053628749782777,0.08668223931407175,1.3511988993571407,-0.44633319209008854,-0.02744817255870655,0.3194102683267564,0.5890585704798907,-1.1425504216308824,-0.6788898100720467,0.9712370780335895,-1.3035352215870668,-0.81417745714603,-0.9702511656336119,1.3979208031972914,-0.9322985468073308,-0.7990710022625354,-0.8711345631752665,-0.6895958644441991,-0.759201851492359,-1.3979208031972914,0.9702511656336112,-1.0102503215325889,-0.4846237089171882,0.6184767457134681,1.06719078135288,0.4103980692089227,-0.24551969421163483,0.10608304780917345,0.6772228733838963,0.7598912632898273,-0.9424412519348303,-0.8623145398892288,-0.49661507743988936,-0.840456481562607,-1.0238695791747903,0.12560226393772106,-1.277209135885205,-0.8769950965056176,-0.8892713360402683,0
0.6731109153044746,0.8513696898055362,1.0038746524609323,0.3052077222492148,0,1,0,1,0,0,-0.0412600105000692,-0.3832604159844401,-0.5152445252809326,-0.0032356030685261974,-0.5690568034191699,-0.2922535217519331,1.3458649641226106,0.42783168569189417,-0.5250683887422681,0.7206539673450011,0.08758720086404098,-0.6584626281735068,-0.07209302631945894,2.2931556297927522,-0.17868667514169861,0.16214757063757804,1.4038312037807206,1.049723459798471,-0.2548898489945435,-0.6452678416013011,0.41983609126203086,-0.7662168037923943,0.8807287483444948,0.4184579738621879,0.9109829956091665,0.6452678416013011,0.25488984899454276,1.5800334453650435,-0.4846237089171882,-1.0372881646111858,-0.806281790372998,-0.27233314020935756,-0.9071245641463012,-0.8726274695258333,-0.8730858650989243,-0.6663639641110671,0.3898463742377325,-0.7105613285614767,0.03253147435602734,0.4821031978191731,0.6345956405784983,-0.2233527107470814,-0.12479618717266176,-0.4316415915936655,0.16231986177126023,0
-0.4577006284139859,1.9851513925498596,-1.6032360836506476,-1.8947617391869185,0,1,0,1,0,0,0.26159447759911014,-0.4768774206000031,0.20117363409225028,-0.4690485741209635,-0.042283443624082116,-0.004261426105759132,0.3398719435793985,-0.030887375888590096,0.08415081223750055,0.12180653240135673,-0.07296103282033767,1.4529737359317423,0.8008564323388881,-0.7999164565325331,1.0494545215557978,0.5908297415894261,-1.464101234105942,-1.4565009595550067,-0.5062037792855866,2.4837296258616868,-1.2718673091867931,1.093714394376132,0.4786899314967501,-1.6163304883745164,-1.3271367860928631,-2.4837296258616868,0.5062037792855859,-0.5924626171942612,1.4666567501381707,1.091552434377654,1.2739187892674588,0.512807750621665,-0.15100471279239655,1.0032343553662626,1.4523772426253072,0.38782468222872474,-1.2477571662660425,0.7310941790521709,-0.615216890773458,-0.2958730841701091,-0.8884846632765624,-0.8895394805998851,-1.1125787146405561,0.013711913318286572,-0.2706882785040748,0
-0.09789695541265715,1.547099371035007,-0.8790386569529866,-0.13478617003801185,1,0,0,1,0,0,0.526592154685892,-0.5088583849096675,0.57217589519622,-0.519969743627317,0.012640013059900663,0.01049593283263177,-0.819758896963124,-0.07291416603771253,0.16790346727347213,-1.9937019321296505,-0.6043886783249729,-0.8456193705951675,-0.1114900358632061,-1.6297974468932623,0.27994513279904637,-0.24901524287400592,-2.576017250127767,-1.9189625342159262,-1.5705921899300108,0.4043702465109161,-0.4885797042468441,0.38051986971548146,-0.4797659687121879,0.13902807816045892,-1.087758536569698,-0.4043702465109161,1.5705921899300102,-1.5115955667385823,0.41596727218528484,0.4456221671630917,0.24027874969456073,-0.8355863879794388,0.5736101447550955,0.35076067714292497,1.4523772426253072,0.2638024885416898,-0.27629743884854874,0.7310941790521709,1.0087156302553917,0.5728670973845897,0.600749411603942,-0.12818317219668063,1.3568776040291806,1.795125932966095,0.5334696962929761,1
0.10770514344524394,0.10410447663314094,1.1487141378004646,2.2118479221605303,1,0,0,0,1,0,0.1858808555743153,-0.45885178617091954,5.6638620993127695,-0.7757328904660465,1.199904696441295,0.24661367584688623,-2.19639819237659,0.02535519089241344,0.075450302604662,-1.5101148435801766,-1.7311803997910709,-0.6349195715256439,1.2638078583137153,-0.5920187615142921,0.7040176710833743,-0.4798642732722137,-0.4253895269479889,-1.1375910221677563,0.6399373556703797,-1.500636647135627,2.462606981799068,0.6704686527810266,-0.5853604079651518,1.6182587560444939,1.1399830869384584,1.500636647135627,-0.6399373556703803,-0.5646101035717058,0.641115017460903,-0.018355912103706302,-0.26362076959722697,-0.40887938209301433,-0.37153966943728567,1.0032343553662626,0.7325910426154264,-0.6663639641110671,2.221741860225006,0.5793409677244183,-0.10431677179808911,-0.38663698373552574,0.24536400737109418,0.41111087958892223,0.03983423407198747,-0.5986491559356475,-0.20882997275045564,1
0.18480593051695732,0.4648532002336079,0.5693561964423357,1.0385308760612593,1,0,0,1,0,0,0.16064298156605036,-0.45361853746570174,0.6361418022831113,-0.5321213863504239,0.24722263276588563,0.06237028546455131,-1.044744170049382,0.7234744327049605,0.7799789732062581,-0.4979556668643411,0.07223089442128426,2.0243957246269764,0.8306077052808724,-0.8709970610259484,0.6409509947254272,0.8479846236160904,-0.41202102080887537,-0.1359972158426409,0.7938248367274053,1.9737285121859853,0.5824521996147877,-0.3509007275692638,-0.21411461841440377,0.26415298921310715,-0.22667851188550486,-1.9737285121859853,-0.793824836727406,-0.6481676444393714,1.0914105080121401,1.237114184735866,1.5581698001500064,1.2808803612172301,0.19555021907814235,1.0847935651441794,0.7325910426154264,0.7598912632898273,0.44535835866158957,-0.4070549059059717,-0.2685346671830286,-0.3347718982695729,-0.21156008378542468,-0.4136917878478824,-1.4418395571298541,-0.8213259083916238,-0.1469716669968365,0
1.110015375377516,0.7225308599482267,-0.8790386569529866,0.5985369837740325,1,0,0,1,0,0,0.8042087687768065,-0.5739832576857113,0.9175917934654332,-0.5847785048172213,0.03276475600855679,0.01049593283263177,-0.5400593741770819,-1.416359439303812,-0.38576926123118516,-0.44978816156672485,0.2302887469097056,0.2563785532987209,0.11071231751715556,-1.23314659779189,-1.3616268634903308,-0.4691781829236824,-1.8991909523709243,-1.5088343362475667,0.03622492998512883,0.31374232411047026,-0.48117984449444895,0.579949879161857,0.05588067698295177,-1.2755704498479672,-1.7724697081674947,-0.31374232411047026,-0.036224929985129536,-1.2330704305130304,-1.3852146900196616,-0.7552622732921518,-0.8579637923516437,-1.467112756691348,-0.24551969421163483,1.0847935651441794,1.1755363964676604,-1.1624527388592034,-0.3318094232724056,0.8069707847160468,0.6711566230752374,0.5987996401175653,0.008440404549195996,-0.44541496736468245,1.8507688677631275,2.2961486259920414,0.5334696962929761,0
-1.7170134839186342,0.5679242641194551,-0.15484123025532542,-1.8947617391869185,1,0,0,1,0,0,2.4825273903264256,-0.7117921402564469,0.32910544826603294,-0.48293616580451443,-0.6956149833337408,-0.17419465024480588,1.4292656760589248,1.0292921254692393,-2.4384106880654013,1.885245186509626,1.5708656392743636,0.49396792023072544,-1.3742224649695547,0.29096509918135716,1.317381810040075,-0.69528220769611,-0.4586526118647773,-0.09775309675583461,0.06048449490010199,0.6137255423841171,-1.696699815979339,-0.09301156686377242,2.6346975318529076,-3.001636699853301,-2.137639138602653,-0.6137255423841171,-0.0604844949001027,0.4102278732177254,1.4666567501381707,0.5093054329448095,0.046471242274642305,-0.135786898325702,1.2667200084961745,0.5954383064766764,0.6218547041523672,0.5118468759157585,-1.5808290728091832,-0.02767187758659086,0.19674936974096682,1.5583037212376798,-0.025405824425361403,-1.6826189685198898,1.3568776040291806,1.9621334973080773,-0.2706882785040748,0
1.4184185236643685,-0.4885541407104817,1.0038746524609323,0.3052077222492148,0,1,0,1,0,0,0.7411140837561441,-0.5629352881969182,0.13720772700535894,-0.4453239383282307,-0.32174671636677793,-0.08878084548017975,-0.15217720896396703,-1.1171817082557047,0.8356561240552454,-0.3969668943858983,-0.3078579459560697,0.7492236211907766,0.6417593654319818,-0.20699429108235637,-1.1345471235606044,1.855955583030966,-0.7754893906200854,-0.3685835803157274,-0.49529816032406576,1.5130823449950297,0.004779856758243195,0.39680255272596754,0.7226864570426356,-0.23268534084293227,0.040380280177377985,-1.5130823449950297,0.4952981603240644,-0.5089050763265954,-1.3101654415944555,-1.3738997123145495,-0.37990527404917784,-0.6478353053894121,-2.1043143287899837,-0.6279498401920818,-0.4855086804782194,-1.2244638357027204,-0.16527347000083534,0.12408133374116129,-0.642586540004281,-0.2051091846046925,-0.2792525417345383,-0.857816301083085,-1.277209135885205,-0.8213259083916238,-0.2706882785040748,0
-0.8432045637725518,1.9851513925498596,1.4383931084795292,-1.8947617391869185,1,0,0,1,0,0,-0.20530619155379135,-0.3053431574845305,0.20117363409225028,-0.4690485741209635,0.32232647426571664,0.1276604189495535,1.3998341088709312,-0.1842508604525231,-1.3255399221135047,0.852846369692932,0.07642348254279255,0.2259931331940278,0.12451959111505254,0.7057522334657779,0.5647660031795815,-1.2244300439925955,-0.032546252598123875,-0.68888205892904,-2.250349334000655,2.540096750535521,-1.2413240880713818,0.818660272316382,0.5816233687501428,-1.1844127313483308,-0.7719135207504151,-2.540096750535521,2.250349334000655,0.24311279148239442,0.04072103005925432,-1.2101427431615621,-1.5556708190633497,-1.4841810369268051,-0.4660546508565234,-1.5251011477491712,-0.8177176958673952,-1.2244638357027204,-1.2200011740541141,0.5034643620605421,-0.5969704579529088,-0.23104172733766892,-0.6684841749419423,-0.7626467625326843,-1.4418395571298541,-0.48731077970765985,-0.1469716669968365,0
1.0329145883058024,1.0575118175772313,0.5693561964423357,-0.4281154315628296,1,0,0,1,0,0,-0.00340319948767178,-0.3989601621000935,0.3035190854312764,-0.4771496692697016,0.2001417829607298,0.06192309276944856,1.5239197255307395,-1.2983762388153857,-0.04502362515983199,1.2410758770583652,1.4834784292803633,1.234743803746317,-0.5485528259563234,0.9857732388411518,-0.43769191517157235,0.16520669408486457,0.5500162913501504,-0.004238234800530794,0.288491621905012,1.3979208031972914,-1.1340744694314597,1.343591982449265,0.22756559897631135,-1.1312267029874559,-1.932732424229166,-1.3979208031972914,-0.2884916219050127,0.605195468575612,-0.6347222057676005,-0.8280431484712572,-0.625394783447741,-0.3918111018575571,-1.0961545269847772,0.35076067714292497,0.2342775195316623,-0.790386157798101,-1.192245181842186,0.6552175733882943,-1.1991027410310207,-0.9182541097615345,-1.2438700675094103,-1.9046812251374914,-0.20711139779498602,0.5704037944582268,-1.2604211705619852,1
-1.1516077120594044,0.6452275620338409,-1.6032360836506476,-0.13478617003801185,1,0,0,1,0,0,0.9430170758222637,-0.5920088921147949,0.27793272259651985,-0.4754137203092577,-0.3141887796159108,-0.08788646008997425,-0.006335465754914316,1.0511426423975974,-1.2328665637043017,-0.15775518785364653,-0.8297816450635077,-0.05809076696407058,0.7913617352664106,-0.424161077482588,1.3364095825261804,-2.065320548982556,-0.5007450214585457,-1.2597087508646232,-0.6910894285371356,0.6061852033378367,-0.4150071315285294,-0.10394048231100828,-0.39007807911488024,-0.28341311030137023,-0.15110363486633388,-0.6061852033378367,0.691089428537135,-0.3417899945912644,1.391607501712964,0.3182556355996563,-0.8450432918569822,-0.972132629863095,1.2352150146897614,0.02452383803125581,0.40038202722625016,-0.4803306735805153,-0.3040534310604773,0.04820472807728505,0.4704458620491997,0.1838789563899486,0.05920974801103089,0.7600658542737248,-0.5363722402842841,-0.32030321536567735,0.10046155601764112,1
-0.48340089077122306,1.4182605411776974,0.27967722576327125,-0.13478617003801185,1,0,0,1,0,0,0.1480240445619179,-0.45012970499555655,0.06044863850108935,-0.4337509452586049,-0.06399026245025044,-0.010969316532300452,-0.3640472882088052,1.2027036036301673,1.2417585936102593,-0.26051953970737984,0.06494203143560687,-1.4529799050339423,-0.9630388128371667,-0.0813622315283988,0.9644621649817835,0.5347518840304608,-0.08107557996667776,0.17962552252598563,-1.1014209826064827,-0.8893153741744672,0.4249204330666793,-0.6845714157866026,-1.160151524448841,0.2715519335741315,0.09094154001055993,0.8893153741744672,1.101420982606482,-0.2582324537235989,0.5660657690356972,-0.7279694450999874,-0.3669847735545164,-0.3747428216220998,-0.7495995951142377,-1.0357458890816678,-0.7069813574043363,-0.35630847989348147,0.11228645211844858,-0.8623145398892288,-0.9071598159022387,-1.2942759793896883,-1.1254082660984612,0.1890486229713212,0.5337254978059351,0.1250502895462747,-1.0129879475475077,0
1.9838242955235992,0.10410447663314094,-1.8929150543297122,1.1851955068236681,1,0,0,1,0,0,0.21111872958258027,-0.4739700602082154,0.17558727125749374,-0.45400368313045003,-0.02735631279683657,-0.013652472702916979,-0.37557478382788106,0.0177618351140993,1.0367453675244023,-0.8548340756485755,0.0012634505994390541,-2.032803034343962,-0.9146326852648802,-1.1146664164958051,0.5067180458523101,1.0408463069912421,-1.3473488868059196,-0.9382067652984041,-2.289054367114997,-0.5022446364654003,-0.5915156702322402,0.4832403385359218,-0.3713154888902474,-0.18118240546917028,-0.9176188468421582,0.5022446364654003,2.2890543671149963,-1.1495128896453646,0.11577027848446049,-0.9008240236503626,-0.28946177058654887,-0.7843815472730677,-1.3166894836296663,-1.3619827281933365,-0.5408768497097485,-0.728375060954584,-0.6371253376036178,0.27583454506891375,-0.44187577897824326,-0.5551985114998699,-0.5838686025055501,-0.7309235830158842,0.7806711296729086,0.5704037944582268,-0.7036964187794109,0
-1.1516077120594044,1.0317440516057692,-1.6032360836506476,0.5985369837740325,1,0,0,1,0,0,0.9430170758222637,-0.5920088921147949,-0.016310450003180245,-0.3944027688218773,-0.5110015556324653,-0.1504934374043599,-1.0370694029628804,1.2145936569938804,-1.9167157198447495,-0.9451162830790879,-0.8587089097527891,-0.4600378661702101,-0.08640238458940859,-0.40056525980386176,1.254886548947613,-2.0868077287314244,-0.4797506591648995,-0.9675179212095347,-0.1934532884955867,-0.43557216489828954,1.0418301620087351,-0.4099501148336048,0.5231740829795567,0.801078583317165,0.1717707007982177,0.43557216489828954,0.19345328849558602,-0.28608496734615396,1.391607501712964,0.48201260475264507,-0.7416792878996918,-0.8697229484503528,1.6762849279795395,0.2692014673650073,0.40038202722625016,-0.29429738304996345,0.7229182807808735,-0.5588081172337243,-0.6243401071837319,-0.2829068128036209,0.04228663352375219,-1.3019408143182878,0.5337254978059351,0.3477270420022505,-0.5799798072721716,1
-0.4577006284139859,0.4648532002336079,1.7280720791585935,1.0385308760612593,1,0,0,1,0,0,-0.11697363252486404,-0.3524423958314908,0.6361418022831113,-0.5321213863504239,0.4620820486998608,0.1401818144124306,0.9032590146326873,1.2773051818691619,-0.7144979963400193,1.2144094179134517,0.6729922948693994,0.5706608356045841,-0.20309595252768595,1.3573686636907756,0.99053386702184,-0.9515528485288791,2.0374822133757937,0.9094816554697465,-0.6247379431982625,1.3979208031972914,0.10026312776359406,-0.7608463643716332,0.020523851456728578,0.37974370893010945,0.013008876548246957,-1.3979208031972914,0.6247379431982617,1.357213336384602,1.0163612595869336,0.22727954162577424,-0.3153027715758717,0.47867119015075044,0.5106001571422693,-0.9541866793037505,-0.8177176958673952,0.6978801664463103,0.0012624832707351544,-0.7864379342253526,-0.31415074923440073,-0.2569742700706454,-0.093098282374475,-0.5088613263982832,-1.277209135885205,-0.8769950965056176,-0.20882997275045564,1
-0.4577006284139859,-1.158516055968491,1.7280720791585935,-1.6014324776621007,1,0,0,1,0,0,-0.11697363252486404,-0.3524423958314908,0.9431781563001896,-0.5865144537776651,0.58490732115984,0.18221792775208956,1.2682344663917322,-0.2622375163374618,0.7631682111137996,1.6518970299408424,1.1502208688345266,-1.0504964602937141,-1.2170186909393415,1.3642054562176058,0.8706231828685541,-0.9528559110216206,1.9050898367375702,0.8125599001809745,-1.19191554383536,-0.2506245554141756,-0.4004128798576046,1.2321004132792372,-2.0008048083819587,-0.3425518449668859,-0.702036872086803,0.2506245554141756,1.1919155438353592,1.3293608227620468,0.8662627627365218,0.14540105704928116,-0.37990527404917784,0.3591932285025509,0.4475901695294441,-1.2804235184154193,-0.983822203561983,0.5738579727592754,-0.3040534310604773,1.33810702436318,0.39746013076700454,-0.7496925819971905,-0.8207922053274488,1.6800380602609295,0.28677986593896093,0.18071947766026855,-0.45626319576493324,1
1.6240206225222695,1.0575118175772313,-1.6032360836506476,0.3052077222492148,1,0,0,1,0,0,0.13540510755778543,-0.45245559330898666,-0.6687627022894718,0.32080820288099543,-1.0880802733720383,-0.5958973617267036,-0.9635009102707334,1.5923032364884848,0.6381345054846134,-1.4338637785113533,-1.770604515089554,-0.8173203848589654,1.5733004887212283,-1.2322112670549101,1.326837374868445,-0.6441791876299293,-1.3469955773627078,-2.2513484858049684,-1.2121437398747563,0.08746187929198715,0.10856049060538027,-0.8562896084242562,-1.5196892057939981,0.6013997028130327,0.1038689797195024,-0.08746187929198715,1.2121437398747554,-1.2887754577581405,0.5660657690356972,-1.3466068841223853,-1.4135453136220761,-1.7572735206941175,-1.4742144526617298,0.10608304780917345,0.8433273810784847,-1.5965304167638241,-0.24854144663662048,-1.0899443568808573,-1.2994581215440402,-1.7480954772167696,-1.4638705558440304,-0.033013633646279864,-0.6186874509066087,-0.6543183440496418,-1.2604211705619852,0
1.0329145883058024,1.4182605411776974,-0.15484123025532542,-0.13478617003801185,1,0,0,1,0,0,0.9556360128263961,-0.5920088921147949,-0.0035172685858019803,-0.4134982073867598,-0.5057546192176773,-0.135736078465969,-0.47987149559344794,0.45846761872683506,-0.20025374218272585,0.20081832953169734,0.21366489814257414,-0.11714617328047139,-0.5431299854751581,-0.27244692375113183,-0.15824259472983238,-1.120432646861786,0.6090927441516034,0.4303838811807632,0.5581846313588362,-0.7133741297612556,0.3950472399221453,-0.7877851523696933,-0.8521731818796915,0.33267333123362214,0.14241126051772449,0.7133741297612556,-0.5581846313588369,-0.28608496734615396,-0.18442671521636386,-0.10933200607758836,-0.6641562849317252,-0.40887938209301433,0.9201650766256344,-0.05703537174666111,-0.319404172783631,-0.10826409251941274,0.0012624832707351544,-1.0140677512169813,-1.1991027410310207,-1.385039878955104,-1.1931007240475748,-0.28679906978068154,0.12214944469431245,-0.2089648391376897,-1.198562864808365,0
-0.8432045637725518,-0.10203765113855341,1.4383931084795292,-0.8681093238500562,1,0,0,1,0,0,-0.20530619155379135,-0.3053431574845305,0.5082099881093286,-0.49913835610199053,0.4895211221412852,0.15091443909489674,1.6541651669799438,0.30630006263359627,-0.4442929911733093,1.9150061396608205,0.6985091240897684,-0.8274561547149559,-1.3171506269822264,0.6753053801504686,1.0533603099866602,-1.344191638841348,0.26972513272738613,-0.7781941855585107,-2.349876562008964,1.2020274589021671,-1.6253997525647,0.6348267861707105,-0.7434195608508656,-2.31959492430302,-1.6678512304647533,-1.2020274589021678,2.3498765620089634,0.27096530510494976,0.491016520610491,-1.0554833834059623,-1.4910683165900436,-1.3305665148076924,-0.49755964466293656,-1.5251011477491712,-0.762349526635866,-1.0384305451721696,-1.497561096173398,0.8069707847160468,0.534308376921121,0.04124997135858002,-0.8884846632765624,1.0772976494417266,0.6160407084282594,1.5167799923961247,0.10046155601764112,0
1.1871161624492292,-1.0296772261111817,-1.168717627632051,0.3052077222492148,1,0,0,1,0,0,0.48873534367349464,-0.5012992478910195,3.7448848867060294,-0.7439071595245756,0.7997920637258873,0.18937301087373362,-0.07233047672549375,-1.3036781307124037,-0.6492944074338988,-0.7564367434267619,-0.16195308201443512,-1.8211110538404625,-0.4427539141671029,0.2828263920642161,-0.4761318838059653,-0.7596141714150118,-0.17980511787393813,-0.053475113225372385,-0.4194329849395745,-2.0677897471308873,0.3831740871146646,1.312360678739299,0.12426822109288428,0.8436055621423673,0.15833889844889867,2.0677897471308873,0.41943298493957376,0.2152602778598393,-0.4846237089171882,-0.1457224436671417,-0.5091102789957901,-0.5454256239766699,0.6366201323679207,-0.22015379130249568,-0.04256332662598434,0.015758101167622184,0.8709502392444916,2.096873081001942,1.7781068808551996,1.5842362639706562,1.9094702652868096,0.5168548113115892,2.125152903170876,1.0343136954081773,0.8840000955634856,1
0.18480593051695732,1.2636539453489257,0.5693561964423357,-0.8681093238500562,1,0,0,1,0,0,0.1480240445619179,-0.45361853746570174,0.8280395235437853,-0.5651044165988575,0.3350150913540324,0.08786026908540832,-0.06879768966292099,1.272634311317946,0.8259314778243781,0.521412152924455,1.1280516547836335,0.9990224585044913,-0.6296208069932576,-0.9220947301079224,0.5715267905088148,0.8694104022584767,-0.6411964536562861,-0.3337905158206599,0.27586209560863995,1.0889508130082355,-0.8256813274152949,-1.174187538987082,-0.25540239040400814,-1.3401936074033762,-1.7924038702834857,-1.0889508130082355,-0.27586209560863995,-0.7038726716844818,1.0163612595869336,1.237114184735866,1.5710903006446677,1.178470679804488,0.16404522527173035,0.758556726032511,0.6772228733838963,0.8219023601333442,-0.8314172830871166,-1.1658209625447336,-0.3688900476960481,-0.4385020692014777,-0.9054077777638412,-0.794369942049485,0.03983423407198747,0.6817421706862145,-0.6418381130257917,0
-0.5605016778429365,-0.07626988516709207,0.5693561964423357,2.505177183685348,1,0,0,1,0,0,0.19849979257844777,-0.45943325824927705,-0.42569225535928473,-0.12764527856700325,-0.5908200138511871,-0.25468933536330174,-0.993483860943168,0.1492226092015852,0.026045064704997012,-1.207399107805918,-1.3299231258564022,-0.4331973052404412,1.4642685245832001,-0.22765893824687833,0.5798911524626241,-0.4872544128626429,-1.1820000673826199,-0.6652049349748793,-0.7279513648365089,0.13114384342216265,1.153989364047288,0.3761095123473879,-0.525248170257079,0.4590672662920035,1.0795220505136256,-0.13114384342216265,0.7279513648365081,-0.20252742647848845,0.5660657690356972,0.08171779126756346,-0.18609776662925942,-0.6307670251539549,0.6996301199807459,0.5954383064766764,1.1201682272361313,0.7598912632898273,0.7506742729928018,0.04820472807728505,-0.7976812189789466,-0.9182541097615345,-0.7023304039164997,0.506280418139323,-1.277209135885205,-1.378017789531564,-0.3944048900113141,0
0.004904094016293398,1.547099371035007,-0.8790386569529866,-0.13478617003801185,1,0,0,1,0,0,-0.34411449859924853,-0.2442885892569894,0.6233486208657331,-0.5315427366969427,0.7062409157609156,0.22291246300644021,-0.4854902136366135,0.182465177879035,0.13234355274695456,-0.9911938399750254,-0.007941606408689161,0.08297019353101562,-0.14401917351210872,-1.4122669119977997,0.4623818370791862,-0.3101096274946891,-1.6352922675870927,-1.5786226271001382,-0.5047088517425482,0.6137255423841171,-0.7360344980308837,0.2127647910494908,-0.4925483389140449,-0.2824888884594604,-1.5308932641210575,-0.6137255423841171,0.5047088517425475,-1.3444804850032512,0.340918023760079,-0.2185033188462471,-0.3411437725651945,-0.9379960693921812,-0.2140147004052217,0.6769975162545934,1.0648000580046022,-0.6663639641110671,-0.5261013687559044,0.5793409677244183,1.0817013615375868,0.6247321828505417,0.46536449570571364,-0.2233527107470814,1.3568776040291806,1.9621334973080773,0.34789477903211874,0
0.18480593051695732,1.109047349520155,0.27967722576327125,-0.13478617003801185,0,1,0,1,0,0,0.551830028694157,-0.5193248823201031,1.0455236076392158,-0.6009806951146973,0.18846472009937376,0.06505344163516784,0.8853212366132481,0.8418587231643164,-0.9632565379179374,0.830358342952613,0.38351972565771153,-0.02039582676211257,-0.24737205440935386,0.05391125713621537,0.16197902180629017,-0.35562001737848276,0.2137349446341931,0.09283628814422211,0.33643704580791395,-0.36149164093482894,-1.1771932377056158,-0.9932104893530257,0.9594401350172194,-0.9098246386697486,-0.40795786034812437,0.36149164093482966,-0.33643704580791395,0.18740776423728422,0.340918023760079,0.5638910893291381,0.279040251178545,0.3591932285025509,0.6681251261743327,0.2692014673650073,0.12354118106860354,0.38782468222872474,-1.1089772052064004,-0.9381911455531051,-0.040454256926167845,0.45617065508619664,0.04228663352375219,-0.5723076854318833,0.28677986593896093,0.1250502895462747,-0.2706882785040748,0
2.0609250825953116,-0.4885541407104817,-0.4445202009343899,0.3052077222492148,1,0,0,1,0,0,0.3877838476404349,-0.48792539008879626,0.06044863850108935,-0.4337509452586049,-0.20749609926469995,-0.0400368417139795,-0.6360929985562817,0.5006833226750953,-1.4240686939464813,-1.0669537302918186,-1.9994820051688078,-0.09344146043114489,1.953229745382409,-1.0059765364587774,1.6510587627152555,-1.7568032952354857,-1.4060183614206234,-2.3350846981856885,-0.8773392119444982,0.7426913412446393,-0.12065710345669262,0.966790850458274,0.18133172496073766,0.047201916405086246,0.3196688128599633,-0.7426913412446393,0.8773392119444975,-0.7874302125521474,2.2171492343902317,1.3007974505175837,0.03355074177998182,-0.5283573437412127,1.2037100208833493,1.5741488238116832,2.4490042887928354,0.6358690696027934,-0.24854144663662048,0.6552175733882943,-0.5422311594912614,-0.37367071236903754,-0.33002188519637315,-0.28679906978068154,-0.8656330827735822,-0.6543183440496418,-0.1469716669968365,1
-1.1259074497021662,1.0575118175772313,-1.6032360836506476,0.3052077222492148,1,0,0,1,0,0,0.4634974696652297,-0.49781041542087434,-0.6687627022894718,0.32080820288099543,-1.2795886116818667,-0.6307783919447184,-0.6987379520453892,1.2710148318751473,-0.30810308859369673,-1.1272460392896386,-1.063329857682355,-0.7703476653111936,0.1858635837884082,-0.42707847511782504,1.244413881496663,-2.0425615748435892,-0.592016122605336,-0.8675706701217101,-0.19575715951429745,-0.8565127692838675,0.5448803512612467,-0.4978812363740155,-1.631390155208316,0.9358036221268872,0.5353669921483205,0.8565127692838675,0.19575715951429676,-0.3696425082138195,1.2415090048625523,0.1908891040362222,-0.9225662948249498,-1.0745423112758372,1.550264952753888,0.02452383803125581,0.12354118106860354,-0.4803306735805153,0.029018475482663446,-0.8623145398892288,-1.481922449749529,-1.929623276347602,-1.5484861282804228,0.062155904904119784,-0.20711139779498602,-0.5986491559356475,-1.4459960878228426,0
2.0095245578808356,-0.3339475448817109,0.27967722576327125,0.3052077222492148,1,0,0,1,0,0,-0.38197130961164594,-0.15532336126828666,-0.054689994255315046,-0.40134656466365276,0.35708231377937705,0.1907145889590419,0.21775298555547945,-1.7775298306636185,0.762281183769039,-0.19857882358221784,0.26376728180387693,-0.18430229615791974,-0.07175040678482261,0.21909740865588334,-0.5881407840074429,0.12278760568966159,0.1901659817173174,0.3691181447972873,-0.16027754582615011,-0.09240503183227083,-0.08387127792735283,1.850528950438834,-0.9186742126565367,0.456832511651019,0.01746164077499859,0.09240503183227083,0.16027754582614942,0.10385022336961848,-0.6347222057676005,-0.3367722410122935,-0.22485926811324272,-0.135786898325702,-0.15100471279239655,-0.30171300108041293,-0.26403600355210183,-0.046252995675895824,-0.026493508941193386,1.8692432640103136,0.2606118846128881,-0.2699405414371327,-0.07617516788719629,0.728342674756924,-0.04248097655033679,-0.09762646290970158,0.10046155601764112,1
-0.09789695541265715,0.10410447663314094,-0.8790386569529866,1.1851955068236681,1,0,0,1,0,0,0.5139732176817596,-0.5042066082828072,-0.041896812837936774,-0.40192521431713407,-0.34961872448835946,-0.07715383540750813,-0.5599272518778232,0.474654831101242,-0.47412987266696216,-1.279143163984346,-0.5319370786585693,-1.8443753931846127,-0.2983782970751945,-1.6246876799850647,0.6302703479228714,-0.6551161549881291,-2.389694475143204,-1.769422105221555,-1.7213805481046385,-0.8082637896695036,-0.8447763128533731,-0.020087653171599183,-0.010177137221437888,-0.6415402438960303,-1.0359520412928231,0.8082637896695036,1.7213805481046378,-1.5115955667385823,0.7161642658861095,0.33645085439443295,-0.06981326217730856,-1.0062691903340089,0.8256500952063961,0.02452383803125581,1.1201682272361313,0.015758101167622184,-0.8314172830871166,-0.1035484832504671,-0.25028823436248077,-0.21807545597118072,-0.44848368660732285,-0.6992004034990842,1.439192814651505,1.0714264874841732,-0.6418381130257917,1
-0.07219669305541997,1.2636539453489257,2.452269505856255,-0.8681093238500562,1,0,0,1,0,0,-0.40720918361991093,-0.13090153397727022,0.8280395235437853,-0.5651044165988575,0.8816144113382056,0.33605221486743714,1.5471669842713167,0.7230870641330557,0.4759374576635882,1.5684053795424624,2.519865204167008,0.7148271222092402,-2.1703106716883127,1.256038745983387,0.26274450906776675,-0.17501635962254647,0.5484840188134659,1.1907783102359226,0.328888191831712,0.648751633437808,-0.8963542383160685,-0.7292480068329893,-0.826497011532618,-1.5749471185230182,-2.113384924493523,-0.648751633437808,-0.3288881918317127,0.8558680911786088,-0.03432821836595151,-0.7643598826895395,-0.7287587874050313,-0.4942207832702994,0.25856020669096863,-1.0357458890816678,-1.2606630497196296,-0.4183195767369984,-0.859173275299045,-0.7105613285614767,-0.11343998820836432,-0.5162996974004062,-1.057715808149347,-0.3185222492974822,0.7806711296729086,1.2941032399401495,-0.6418381130257917,1
1.110015375377516,1.547099371035007,-0.15484123025532542,-0.13478617003801185,1,0,0,1,0,0,1.0439685718553235,-0.6065456940737333,0.6233486208657331,-0.5315427366969427,-0.17610368799519646,-0.05568858604257591,-0.41609545250315577,-0.6148452029794046,1.234624158657974,-0.4862860662241177,0.8705556171147361,0.8616099458251665,-0.9089593598099527,-1.0895815343210595,-0.955059205437108,1.1294379523771665,-0.8146706139712927,-0.25357940799547296,0.6312676384277316,0.5490496445850913,-0.5101061753539726,-0.11286300939320056,-0.5527963654814401,-0.1508723324567831,-1.3793358752310882,-0.5490496445850913,-0.6312676384277323,-1.0102503215325889,-0.8598699510432187,0.14540105704928116,0.7183372679970265,0.32505666803163763,-0.5290646384693491,0.35076067714292497,0.06817301183707392,-0.10826409251941274,-0.3040534310604773,0.19995793940503753,0.9813459810245673,0.5080357405521495,0.4145951522438788,-0.15990635171348128,1.0276167615398821,1.5167799923961247,0.2860364732784985,0
1.0586148506630406,1.4182605411776974,0.27967722576327125,-0.13478617003801185,1,0,0,1,0,0,-0.6469689866984278,0.3197393267498188,-0.0035172685858019803,-0.4134982073867598,0.9739055404654015,0.5654620674551503,0.09715559176593065,0.17709030738553524,-0.4904148596300702,0.33799085447050226,0.250534579965601,0.5304806290003451,-0.1347350555711929,0.8260351409849961,-0.3860599493828133,-1.772346900927092,1.125861657118733,0.7794760317891367,0.8615353283924961,-0.13094794135889734,0.6902673646171684,-0.6298083868487135,-1.1106241688388403,0.6597813077748185,0.43529940821473884,0.13094794135889734,-0.8615353283924969,0.1317027369921738,-0.8598699510432187,-1.7923897445944073,-2.214616344291072,-1.808478361400488,-0.024984737566746233,-0.709509049969999,-1.0945585420250417,-1.7825637072943747,0.16779843654230542,-0.9381911455531051,-1.3906902856467844,-1.6443653062848649,-1.3454087544330806,-0.1916295312302808,-0.5363722402842841,-0.6543183440496418,-1.136704559054746,1
-0.4320003660567478,-0.7204640344536393,1.7280720791585935,-0.8681093238500562,1,0,0,1,0,0,-0.356733435603381,-0.2187038178092579,-0.5408308881156891,0.034376624407757565,-0.2869274253944482,-0.1947655142195326,0.7937529744653465,1.1059331518714008,0.1329560024845493,0.7751619144816884,0.9588119215103941,-0.8841380507520921,-1.1615227856476458,1.300034091909782,0.8700882940872625,-1.1404835632444725,2.157410304184439,1.2496221551624014,-1.7923397754809332,0.5717619163874261,0.1952459137179462,-0.6462926059313837,-1.3278313026939759,1.0920573901094626,-0.02648964140357212,-0.5717619163874261,1.7923397754809325,0.911573118423719,0.491016520610491,-0.7188718357025985,-1.1422148032341901,-0.3747428216220998,0.19555021907814235,-2.0960156161945913,-1.8697129112664523,-0.29429738304996345,0.3065783976019474,-0.482931511569848,0.4978155112800227,-0.30883935553659736,0.12690220596014448,0.8235122133073248,-0.28942660841731066,-0.04195727479570725,0.47161139053935697,0
-0.7147032519863632,2.01091915852132,-0.8790386569529866,0.3052077222492148,1,0,0,1,0,0,-0.5207796166571032,0.03191064796283935,-0.4001058925245282,-0.15194856401321738,0.22873625592903865,0.14197058519284164,0.03575845643443531,-0.2284933916553861,-0.7333275400628531,0.6518409463972018,-0.2307051501332562,-0.2272721437414589,-0.27117483364976624,0.3390054989533975,-0.7192000611556354,-1.2109866819581814,1.3528198414966515,0.2748639093247907,-0.20147967785109497,-0.11014700605881247,0.2890072960448567,-0.4068644822386277,-0.21444151437364176,0.4608379320832137,0.5682791037172092,0.11014700605881318,0.20147967785109425,0.35452284597261524,-0.6347222057676005,0.15449866644666885,-0.5091102789957901,0.017827623793410803,0.5736101447550955,-0.46483142063624716,-0.4301405112466897,0.139780294854656,0.0012624832707351544,-0.6346847228976005,-0.9071598159022387,-0.8663890242955825,-0.6515610604546642,-0.28679906978068154,-0.28942660841731066,-0.3759724034796717,-0.5181215015185524,1
-0.4320003660567478,1.2121184134060021,1.7280720791585935,-0.4281154315628296,1,0,0,0,1,0,-0.3945902466157784,-0.12566828527205243,-0.4001058925245282,-0.19881918594520176,0.007244268444436941,0.05700397312331826,1.0055610902204315,0.9601757737889675,-1.2346988528084366,1.5010764455334318,0.39995424849026273,-2.192624147295369,-1.3653828224564455,1.3806909075615479,1.0294845773049892,-1.144928719837572,2.123914931589791,0.9336471333299468,-1.9553542167508,-1.0511813190346222,-0.01868708737174513,-0.28655633282037846,0.537331747513604,0.07818025266439915,0.39156459484475975,1.0511813190346222,1.9553542167507993,0.9951306592913848,0.641115017460903,-0.6824813981130464,-1.1163738022448682,-0.3576745413866426,-0.024984737566746233,-2.0960156161945913,-1.814344742034923,-0.35630847989348147,0.11228645211844858,-0.1035484832504671,0.5708012425622179,0.7803274392483975,0.7699805564767266,0.2207718024881207,0.7806711296729086,0.29205785388825667,0.40975308478573785,1
1.0329145883058024,2.01091915852132,-0.8790386569529866,0.3052077222492148,1,0,0,1,0,0,-0.356733435603381,-0.24719594964877709,-0.5408308881156891,0.010073338961543441,-0.2869274253944482,-0.1978958630852519,-0.9856875491375887,-0.14255512127004702,-0.030737823736397468,-0.39017607774655066,-0.07800029811441161,-0.26560791190346855,-0.4103967772805972,-1.0292105845538382,0.08478598094568228,-0.12157153731967352,-0.21964131879583204,0.2084142922143212,-0.7768887630270574,0.40825130337297294,0.3422474421034056,0.2805981122000022,-0.08014803592106091,0.3093101370540661,0.3048801994853976,-0.40825130337297294,0.7768887630270568,-0.9823978079100336,0.04072103005925432,-0.10023439668020068,-0.1473362651452761,-0.22112829950298704,0.3845801819166189,-0.8726274695258333,-0.6516131881728072,0.139780294854656,0.1400424443303771,0.04820472807728505,-0.5787240251323598,-0.5292659687668935,-0.38079122865820925,-0.28679906978068154,-0.4540570296619595,-0.32030321536567735,-0.332546584257695,0
1.8296227213801723,-0.7204640344536393,-0.15484123025532542,-0.8681093238500562,1,0,0,1,0,0,-0.33149556159511606,-0.2559180308241401,-0.6559695208720935,0.3121284580787761,-0.6144732347460667,-0.4380383403554311,-0.6526381114796285,1.0766765282107071,1.3654994693121172,-1.0934675966246037,-0.08232375852410213,0.63316313443529,0.5254690687478092,-0.6928696340531016,0.5628372096880946,0.6106178082969967,-0.27862039571859276,0.02131185534018244,0.8222348332302418,0.048076501797563044,0.21520200647358032,-0.9139343632446493,-1.253071509471131,1.2009289633943334,0.1278317966904629,-0.048076501797563745,-0.8222348332302425,-0.7595776989295921,0.26586877533487285,-0.6369933511261053,-0.25070026910256554,-0.34060626115118536,-0.7495995951142377,0.10608304780917345,-0.26403600355210183,-0.790386157798101,0.27882240539001907,-0.7864379342253526,0.32447439948480933,-0.39960325510201306,0.0761328624983096,0.6966194952401235,-0.4540570296619595,-0.48731077970765985,0.16231986177126023,1
-0.27779879191332196,-0.9008383962538722,0.27967722576327125,-0.4281154315628296,1,0,0,0,1,0,-0.24316300256618875,-0.279758386036799,0.21396681550962854,-0.45747558105133773,0.37094129214080435,0.1383930436320196,1.77865444687197,0.9218879855701244,-0.3163054444930169,1.9783149598068699,1.5988967340243099,2.085756058717417,-0.6166600396088087,1.1606084115480915,2.0757178818687345,-0.3470976962147002,1.5645143390559442,0.5756400539195436,1.6693198303085888,1.1891114142233685,-1.3135960558383302,0.8140884152567813,0.08360042819551111,-1.1212302430512509,-1.5166435883348341,-1.1891114142233685,-1.6693198303085894,1.3293608227620468,2.2921984828154374,0.6366719645082435,0.3436427536518511,0.9907195972144606,0.16404522527173035,1.0032343553662626,0.2342775195316623,0.38782468222872474,-1.192245181842186,0.9587239960437993,0.4704458620491997,0.4432043837197094,-0.0592520533999176,-0.44541496736468245,0.36909507656128593,1.1827648637121608,0.5334696962929761,1
0.7759119647334253,0.15564000857606544,-0.4445202009343899,-0.4281154315628296,1,0,0,1,0,0,-0.36935237260751347,-0.2442885892569894,-0.2849672597681238,-0.27520094020473185,0.11755420744911603,0.024806099075919918,-0.8218052320488526,0.17937259285016857,1.3938676036026163,-2.111024890012561,-2.013751861774671,0.0459472679933327,2.956216416891961,-1.2093533197059667,-0.5688665961840803,1.7436033582879364,-1.7281921004201501,-1.775694242289413,-0.28192193561408385,0.3422733367180179,-0.06563140755331169,-0.8160725809916197,-0.15331048635337782,1.1382127306790255,0.8843562289925369,-0.3422733367180179,0.28192193561408313,-1.1495128896453646,-0.5596729573423944,-0.10933200607758836,0.795860270964994,-0.01630893667750248,-1.8837793721450944,1.5741488238116832,1.9506907657090713,-0.5423417704240322,-0.4150773999081907,-1.0899443568808573,-1.4363063676981567,-1.2813097080232,-0.8377153198147269,-0.8895394805998851,-1.7711003996191523,-1.8790404825575102,-1.198562864808365,0
0.4932090788038099,-1.132748289997029,0.5693561964423357,1.0385308760612593,1,0,0,1,0,0,-0.5081606796529707,-0.029143920264701743,0.46983044385719386,-0.49740240714154665,0.9012659350619028,0.3619893911833969,-0.4272116129417394,-0.8167257279152167,0.42768567155538384,-0.30033621196387156,-0.4279281199364222,-0.9709014493453085,0.6385171642917095,-0.050989655913272806,-0.8311789636898939,-0.20092563134971153,0.09244800970495429,-0.4267845933228406,-0.7896550408158974,-0.5410235229891278,0.5430998838834642,0.2883248534027183,-0.7865715228834604,0.4974047101942779,0.13965542561102362,0.5410235229891278,0.7896550408158968,-0.23037994010104354,-0.9349191994684248,-0.7188718357025985,-0.7029177864157086,-0.6307670251539549,-0.7811045889206503,-0.38327221085833024,-0.04256332662598434,-0.4803306735805153,0.8478202457345511,0.6741867248042637,1.1204750312812528,0.4821031978191731,0.6684418695530556,1.3628062650929278,-0.20711139779498602,-0.4733934826791611,0.3942885083473328,0
-0.6119022025574117,-0.4885541407104817,-0.8790386569529866,0.3052077222492148,1,0,0,1,0,0,1.1449200678883833,-0.6205010239543141,0.16279408984011548,-0.4511104348630436,-0.4551230555394887,-0.1285809953443249,-0.2586643739532369,-0.7273501648238823,-0.2773114449238465,-0.2696126121116338,-0.4518999686630017,0.8646707469497658,1.2391520141808527,-0.36922051514129395,-0.20450863654989626,-0.10429311396131559,-0.5761991432660631,-0.560761784230642,0.3976087935461012,0.7849642097577141,-0.00924167976556434,0.7934386649901538,0.27428951365774185,-0.20711996213637673,0.04001735262283153,-0.7849642097577141,-0.39760879354610185,-0.233474663836883,-0.01765060760479466,0.5871405355669084,0.4383930906127002,0.1752350970759591,0.3845801819166189,1.5922730926512203,1.4892893554463265,0.34648395099971346,-0.10976148557697851,0.5793409677244183,-0.3688900476960481,-0.17917664187171697,-0.24540631275998087,-0.3185222492974822,-0.7010026615289333,-0.4316415915936655,-0.1469716669968365,0
1.0586148506630406,0.05256894469021735,-0.15484123025532542,-0.8681093238500562,1,0,0,0,1,0,-0.44506599463230834,-0.0931058488840305,0.8408327049611636,-0.5749414607080393,0.9473898110108426,0.372722015865863,0.11846021649050667,0.1185732686723942,0.9740141316839379,0.337235389706353,0.2953676000657364,-1.7818127248146185,-1.1842933157950641,-0.0359063407987585,0.22227198488342378,1.282850317466469,-0.27269147904791396,-0.2283648569488898,-1.8245939697428848,-0.6205699568839558,-0.20059900732606112,0.05992166261511995,-0.04236909623768764,-0.725979457598914,-0.6069461811964281,0.6205699568839558,1.8245939697428841,0.15955525061472892,0.491016520610491,0.8186241524560076,1.428964795203394,1.2296755205108585,-0.7180946013078251,-0.9541866793037505,-0.2086678343205727,0.9459245538203791,0.0012624832707351544,0.35171115073279,0.890113816921823,0.7284623537824456,0.36382580878204385,0.6014499566897238,1.439192814651505,1.1827648637121608,0.34789477903211874,1
0.004904094016293398,-0.46278637473902035,-0.8790386569529866,-0.13478617003801185,1,0,0,1,0,0,-0.2810198135785862,-0.27045483278307847,-0.1442422641769629,-0.34000970139463615,0.14745149687861572,0.05476800964780448,-0.9820570178066306,1.3321113267906843,-0.20968687104091285,-1.2602746967937857,-1.6019386120994525,-1.1947448603642512,0.8658541232202944,-1.3517185530471512,0.5417735601302669,-0.14517270969444804,-1.612626646621428,-1.6319816646022753,-0.9237009575987005,-0.7133741297612541,0.014952937787738199,-1.2856277423265456,0.1407644044245213,0.1034968312151391,0.4892861961914053,0.7133741297612541,0.9237009575986999,-1.2887754577581405,0.41596727218528484,-0.20940570944885942,-0.25070026910256554,-0.8526546682148961,-0.40304466324369825,0.35076067714292497,0.954063719541543,-0.4803306735805153,-0.05424950115312168,-1.2416975682086098,-0.23204180154193166,-0.127311556405765,-0.07617516788719629,0.09387908442092041,0.28677986593896093,-0.04195727479570725,-0.332546584257695,1
0.6217103905899984,-0.3339475448817109,-0.8790386569529866,-1.161438585374874,1,0,0,1,0,0,0.04707254852885811,-0.433267014723188,-0.016310450003180245,-0.4082903605054282,-0.05003333346630037,-0.01767720695884177,0.6470630249522386,-0.7330570285755538,0.013855748652271562,1.978040318288171,2.0478232604344244,1.532158739874399,-1.2475119105640546,-0.44684596094180534,0.35812521290366306,-0.10300336667993958,0.8662031234713876,0.5051721696873129,0.6257323574189628,1.4690880481284772,-1.3462401066042724,1.364905753797455,-0.12244972248450726,-1.8132926678306989,-2.169068232769782,-1.4690880481284778,-0.6257323574189636,-0.5367575899491508,0.11577027848446049,-0.5733100853443877,-0.5349512799851129,-0.18699173903207253,-0.4660546508565234,0.02452383803125581,-0.26403600355210183,-0.35630847989348147,-1.2755131584779709,1.1863538130354276,-0.1681792866700104,-0.2051091846046925,-0.8884846632765624,-0.794369942049485,0.12214944469431245,1.0714264874841732,-0.7036964187794109,0
-0.5605016778429365,0.5679242641194551,0.5693561964423357,-1.8947617391869185,1,0,0,1,0,0,0.19849979257844777,-0.45943325824927705,0.38027817393554597,-0.48293616580451443,0.09928514294743461,0.01988697942978962,1.0518902076195458,0.7119078008054381,-2.273389680416891,1.376395020533219,0.8326510030976432,-0.5056481769733713,-1.0875322537622212,-0.2651763476413181,0.825318103093126,-0.6154364836562237,-0.9345068024124865,-0.918773530378291,-0.671183982935474,-0.023971702672748577,-1.727640021627354,-0.15033024043278495,2.489345538528728,-2.7860618236175436,-1.979490611570168,0.023971702672748577,0.6711839829354733,-0.48105256270404034,0.3159016076183434,-1.0403207010769815,-1.1551353037288514,-1.39883963574952,-0.4555529862543859,0.3235742738836193,0.7510470990259361,-0.4803306735805153,-1.6363410572330401,-0.3311783002420958,-0.6060936743631827,0.6636309969500054,-0.6007917169928287,-1.9998507636878915,1.439192814651505,1.5724491805101195,-1.136704559054746,0
-1.7427137462758722,-0.3339475448817109,1.0038746524609323,0.3052077222492148,1,0,0,1,0,0,-0.21792512855792381,-0.3053431574845305,-0.8350740607153893,5.7109297250591995,-2.1169134238082203,-4.648357564747866,0.008233971687373054,0.2616879284064444,0.8764387071462797,-1.2111992622447516,-1.6950191769529481,-1.638765259432829,1.354325709945248,-0.5219286821229283,-1.006662968136252,1.541831059884016,-1.2183770302128734,-0.6531511264163984,0.6912331826893902,-2.9206370142179154,-0.5329545275475425,-1.3676277570753306,0.35127044802341195,0.4281302561280417,1.5659329958443968,2.9206370142179154,-0.6912331826893908,-0.28608496734615396,-0.7097714541928067,1.137040481364595,1.881182312516537,1.1614023995690306,-0.37153966943728567,1.247911984700014,0.954063719541543,0.3258135853852078,-0.6371253376036178,-1.3934507795363622,-0.7246954876967501,-0.4514683405679659,-0.2623294272472596,0.28421816152172197,-0.4540570296619595,-1.4336869776455579,-1.136704559054746,0
-0.9974061379159777,-0.4370186087675581,-1.168717627632051,1.7718540298733036,1,0,0,1,0,0,-0.6217311126901629,0.21216699225367497,-0.4128990739419065,-0.12243743168567166,0.4640648127213491,0.2577934932244551,-1.923926707907744,-1.1236120319572798,1.4009448475449517,-2.808542618325093,-1.8275040076755282,0.01523145849205744,1.6306829083732832,-1.0719675844461838,-0.569524346300826,1.0334377305149927,-1.3552696884826514,-0.8128201539008021,-1.195024760224781,1.20598490020106,1.604169541144725,0.9716557884523622,-0.8766332837113805,2.450297661566967,1.582284036072185,-1.20598490020106,1.1950247602247803,-0.9545452942874786,-0.40957446049198204,0.48201260475264507,0.9767472778902511,0.3079883877961804,-0.34003467563087314,-0.13859458152457876,0.5111183656893089,0.6358690696027934,1.0837461795359422,0.5034643620605421,-0.8889133830816909,-1.1516469943583196,-0.2792525417345383,-0.0647368131630805,-2.1003612421084505,-2.046048046899492,-0.332546584257695,0
0.2876069799459088,2.01091915852132,-0.4445202009343899,0.3052077222492148,1,0,0,1,0,0,-0.6595879237025604,0.38660861576093525,-0.5408308881156891,0.010073338961543441,0.37038129452519264,0.2895441745767507,-0.48837612707410644,-1.5126663948960895,-0.617003842599562,0.12356692972072794,0.22925728760503794,0.23291417139504278,-0.48135709896513795,-0.7428166887068991,-1.3256165852056163,-1.3693744338839715,0.46440674188105324,0.35986438462490133,0.2654778184316193,0.05436948222367098,-0.06311478992423238,0.7482085043832578,-0.532624321501747,0.2935668254024106,0.05329182768369052,-0.05436948222367098,-0.26547781843162,-0.7038726716844818,-1.2351161931692491,-0.009258302706318612,-0.7158382869103699,-0.5112890635057554,1.2667200084961745,-0.38327221085833024,-0.5408768497097485,-0.046252995675895824,-0.22078545442469194,0.4275877563966659,-0.6334633235940058,-0.7885913960966542,-0.6346379459673855,-0.15990635171348128,-0.20711139779498602,-0.2089648391376897,-0.6418381130257917,0
-0.6890029896291251,1.830544796721088,1.7280720791585935,-0.13478617003801185,1,0,0,1,0,0,-0.7353015457273552,1.1250781552750038,-0.34893316685501513,-0.2520549540654803,1.048156237724814,1.060057188238797,0.6271843974052863,-1.4038687782086685,0.12387589282200923,0.2043567633401131,0.4832962872056576,0.15822019757947103,-0.08351200984478657,0.3219203039422577,-1.306363565132601,0.48117044442595663,0.561377147658126,1.2792100487000226,1.5099934985697145,-1.2817996886347096,-0.5504561973252275,0.6181676139465816,0.3141873973926653,0.280579166746993,0.6205907912528813,1.2817996886347096,-1.5099934985697152,-0.007559831120602114,-1.3852146900196616,-1.0372881646111858,-0.6641562849317252,-0.42594766232847037,-0.43454965705011084,-0.38327221085833024,-0.983822203561983,-1.0384305451721696,-0.7203933142394032,0.12408133374116129,-1.1078705769282764,-0.8015576674631424,-0.6515610604546642,-0.6992004034990842,-0.4540570296619595,-0.9883334727336057,-1.2604211705619852,0
0.2105061928741954,-0.2824120129387873,0.27967722576327125,0.3052077222492148,1,0,0,1,0,0,-0.7605394197356201,2.2240603833707433,-0.2593808969333673,-0.27577958985821316,1.3436899124154933,1.923586282482216,0.200252871077141,-1.900178841337274,0.06453785713963123,-0.9129830742917788,-0.3394723220962286,-0.4643584558073917,0.12179815981805062,1.509666012823973,-0.5811993306987471,-0.2782947028344535,0.7554081474616908,0.386501126078816,0.9676977049346941,-1.5930803518273147,1.229984000233534,2.0258223622212594,-0.3678847504506856,1.9824310206345508,0.8186737679854235,1.5930803518273147,-0.9676977049346949,1.6357384726101538,-0.40957446049198204,0.527500651739586,0.29196075167320634,0.59814915179895,0.4475901695294441,0.8401159358104279,0.40038202722625016,0.44983577907224165,1.2780381250194413,2.096873081001942,0.36096726512590627,0.10608132819102022,0.9053654723749538,-0.0647368131630805,0.8629863402952329,0.1250502895462747,0.22417816752487937,0
0.930113538876852,0.4133176682906843,-0.4445202009343899,-0.8681093238500562,1,0,0,1,0,0,-0.4576849316364408,-0.08729112810045517,-0.7455217907937414,1.1106649798829544,-0.8038477716495906,-0.9254783780174336,-0.7193038610276791,-0.14746933204448917,1.4785558222712598,-0.4273597998897308,-0.18009667224274162,0.5176695486337779,0.16721892863000293,-0.3768992031340085,-0.7831223928514232,0.929742919735228,0.05458917064200364,0.3237523473347369,0.3242026962602782,0.3844992353771891,0.6236162856527564,-0.5821085354731474,-1.0869333706895223,0.6314652058525383,0.550215648214856,-0.38449923537718983,-0.3242026962602789,-0.3417899945912644,-0.7097714541928067,0.09081540066495114,0.5632912620610914,0.5640125913280355,-0.5290646384693491,-0.46483142063624716,-0.6516131881728072,-0.17027518936292965,0.16779843654230542,-0.8623145398892288,-1.235595606672119,-1.5147025926199844,-1.2269469530221315,0.030432725387320277,-1.1125787146405561,-1.0996718489615938,-0.76555472453303,0
0.18480593051695732,0.0010334127472937634,2.8867879618748513,-0.8681093238500562,1,0,0,1,0,0,-0.6974447347149578,0.68025201533149,-0.2977604411855021,-0.2665211954025125,0.9012659350619028,0.7291345938627584,2.468357966891182,-1.5193765329281228,1.0907811945216173,2.053776560834464,2.5011141630071347,0.8209115342670883,-2.3618949749529983,2.1300785391635597,-1.1492016997172023,1.2627264816222508,1.2004444624921542,1.6976274069127677,0.6912331826893887,0.4340687685857812,-1.3039624610749725,0.9341469389654645,-0.22221609714466467,-1.5841794551522916,-1.5941681599023887,-0.4340687685857812,-0.6912331826893894,1.9421161224582606,-1.0850176963188372,-0.082039177885424,0.5762117625557528,1.0760609983917457,-0.5605696322757617,-1.1988643086375024,-1.5375038958772762,0.2638024885416898,-1.2200011740541141,0.8828473903799233,0.03253147435602734,-0.08841274230630035,-0.7023304039164997,-0.1916295312302808,0.8629863402952329,1.2384340518261547,-0.3944048900113141,1
-0.3291993166277972,-0.4370186087675581,0.27967722576327125,1.7718540298733036,1,0,0,1,0,0,-0.81101516775215,5.73615173665025,-0.4128990739419065,-0.12243743168567166,1.872821483587348,4.506124096700624,-1.58100778902294,-1.8994955248663452,1.1250626059542819,-1.549662984280808,0.044665619077996634,1.9304458575360413,0.5802295425808397,-0.4330474556025298,-1.5146705462003653,0.47963977912242767,0.6563803980756354,1.8108539796552867,3.0464756232642842,-0.38855952469070976,1.7657339014376965,1.0897535171800703,-1.0560065504258296,2.7443502827229227,1.7098789646619703,0.38855952469070976,-3.046475623264285,-0.5924626171942612,-1.535313186870074,-0.9190192424451392,-0.5607922809744348,-0.2894014204448148,0.038025250046078915,-0.22015379130249568,-1.2606630497196296,-1.1624527388592034,1.194770148383656,0.5793409677244183,-0.934529465133063,-1.268343436656712,-0.3130987707090945,-0.0012904541294803558,-1.4418395571298541,-1.712032918215528,-0.45626319576493324,1
2.0095245578808356,1.830544796721088,0.27967722576327125,-0.13478617003801185,1,0,0,1,0,0,-0.5207796166571032,0.007488820671822913,-0.34893316685501513,-0.2520549540654803,0.2980926766839729,0.2005528282513025,0.28471270871408044,0.25542014998843654,-0.5174903240256271,0.3712830930177549,-0.024961958440458256,-0.2428824535735588,0.1586254895890249,0.03945050329117484,0.6189384421689396,-0.4838872719916613,0.8817532955429201,0.6120417206595931,0.46715141202740545,-0.7945777810288902,-0.35648147408527503,0.2694667724689236,0.2211665665305016,0.3727519686172986,0.6299913844777671,0.7945777810288902,-0.4671514120274062,-0.2582324537235989,0.11577027848446049,-1.1282642585850677,-1.168055804223513,-0.8185181077439823,-0.4660546508565234,-0.46483142063624716,-0.7069813574043363,-1.1004416420156866,-0.5816133531797613,-0.17942508891434333,-1.1808563082104715,-0.9052878383950472,-0.7192535184037778,-0.7309235830158842,-0.6186874509066087,-0.9883334727336057,-1.3222794763156045,1
-0.27779879191332196,-0.05050211919562982,0.27967722576327125,0.5985369837740325,1,0,0,1,0,0,-0.24316300256618875,-0.279758386036799,-0.5152445252809326,-0.029274837475184185,-0.3761900718137507,-0.19252955074401884,0.6957406901020655,1.5380174395146464,0.12987168835792282,0.7584895412672267,0.6112650172128261,1.8918463161889654,0.18688143965807957,1.222746441780671,1.6719534540550844,-0.27083882093184214,1.8127571460193999,1.057768524313433,1.7556215933338128,0.8390486150612049,0.25430947165222667,-0.43605093643112064,-0.44970584415277715,0.7728285188118579,0.23803062638351583,-0.8390486150612049,-1.7556215933338135,1.245803281894381,1.6918044954137887,0.2727675886127153,0.08523274375862654,0.8200367948598906,0.1325402314653172,0.6769975162545934,-0.09793149585751397,0.2638024885416898,0.3065783976019474,-0.3311783002420958,0.2879815338437111,0.002351157259115363,0.31305646532020776,0.28421816152172197,-0.4540570296619595,-0.09762646290970158,0.8427612250610729,0
0.4161082917320974,-0.6946962684821769,-0.8790386569529866,1.7718540298733036,1,0,0,1,0,0,-0.7226826087232228,1.113448713707853,-0.6687627022894718,0.3555271820898727,0.3249648631982956,0.5815610044788494,0.4379352317324747,-0.5688456369773232,0.39659802322917737,0.5731147500123065,0.8694318838511469,0.18142839941188255,-0.5397022265006064,0.6688350100182245,-0.4404086996097361,-0.9289799164158372,1.2701283248417727,1.165094702626837,-0.3471945350124867,0.5917900106131198,0.05933246111811389,0.33956672158153844,-1.4756980093830223,0.4851964519985943,0.007184179559745137,-0.5917900106131198,0.347194535012486,0.15955525061472892,-0.7848207026180125,-1.3738997123145495,-1.5556708190633497,-1.091610591511294,-0.08799472517957138,-1.5251011477491712,-1.592872065108806,-0.8523972546416179,-0.1375174777889068,0.04820472807728505,-0.7155722712864762,-1.2942759793896883,-1.057715808149347,0.41111087958892223,-0.9479482933959068,-0.8213259083916238,-0.5181215015185524,1
1.0586148506630406,0.4648532002336079,0.27967722576327125,-0.13478617003801185,1,0,0,1,0,0,-0.6722068607066928,0.42440430085417497,-0.7327286093763631,0.749008946457149,-0.1840083785988379,-0.25245337188778794,1.9374907567106856,0.5679946697468665,-2.716325571806621,1.702405131034724,1.168260604857044,0.7314925804662721,-0.6747336192407412,1.215881871742045,-0.20411293413279097,-1.9695052678574991,1.1620500680728851,1.023579418024874,0.6912331826893902,0.312111980532898,-1.4792332210150718,-0.9840663662275927,1.7341451982721363,-1.1475705463619794,-0.5194699248714916,-0.31211198053289735,-0.6912331826893908,0.438080386840281,-0.7097714541928067,-1.7196088694153011,-2.240457345280394,-1.8255466416359454,0.3530751881102058,-0.8726274695258333,-1.2052948804881005,-1.5965304167638241,-1.4142931195376127,-1.0140677512169813,-0.4509989953885172,0.45617065508619664,-0.0592520533999176,-1.3653871733518879,-0.12479618717266176,0.013711913318286572,-0.6418381130257917,1
0.18480593051695732,0.5936920300909173,2.8867879618748513,-1.161438585374874,1,0,0,1,0,0,-0.6974447347149578,0.68025201533149,-0.630383158037337,0.1645727964410475,0.31288604435409906,0.3959760360112063,1.50739050854053,0.013823466964817788,0.8860845104200992,0.36989739677979083,0.858000131276726,-0.15544696711794265,-1.1412319784352187,2.099675071707017,-1.090020213563756,1.0414666853612158,0.9956517416353724,1.6205156490627057,0.5873904109192033,-0.7945777810288902,0.0019073958538071477,-1.110931463600758,-0.1647336296273136,0.4875637042803056,0.4666759314874936,0.7945777810288902,-0.587390410919204,1.9699686360808162,-1.009968447893631,0.02713213488323473,0.5632912620610914,0.9736513169790033,-0.18250970659880966,-1.2804235184154193,-1.592872065108806,0.2638024885416898,-0.47058938433204756,-1.3934507795363622,-1.8650975389810545,-1.6443653062848649,-1.396178097894916,-1.1433249167342867,-0.6186874509066087,-0.9883334727336057,-1.7552876165909395,1
-0.04649643069818187,0.4133176682906843,0.5693561964423357,-0.8681093238500562,1,0,0,1,0,0,-0.4955417426488382,-0.03205128065648941,-0.7455217907937414,1.1106649798829544,-0.7344913508946546,-0.882995071982672,-0.05282100876826943,0.15289492834155105,0.277350366103172,-0.32608340856037765,-0.8487918747670122,-0.11565770641095818,0.7582758385299129,0.37866340904679413,-0.20309230362653377,-0.42669319265452066,0.831362864526299,0.14375273929270338,-0.7497849732599842,0.5858842905209262,0.45180491516290266,-0.4133064988514392,-0.8079327502384651,1.2648828330965696,1.2438175783170746,-0.5858842905209262,0.7497849732599834,0.35452284597261524,-0.18442671521636386,0.02713213488323473,-0.19901826712392082,0.13730558544161034,-0.05648973137315825,-0.5463906304141645,-0.26403600355210183,0.44983577907224165,-0.026493508941193386,-0.7864379342253526,-1.4363063676981567,-1.553601406719449,-1.0746389226366257,-0.15990635171348128,-1.6887851889968277,-1.712032918215528,-0.8274130302866491,0
1.0586148506630406,-0.10203765113855341,0.27967722576327125,-0.13478617003801185,1,0,0,1,0,0,-0.6722068607066928,0.42440430085417497,-0.5920036137852022,0.11538757589513797,0.3043920276972623,0.23722262924972837,1.1765120806022524,0.3954001867366631,-2.2854367413663037,1.3777873613351541,0.5319636006392489,0.2311008723108185,-0.6273324618120161,1.162091727267188,-0.1280315195477624,-2.0926552387930073,1.538169069796699,1.1530957971415154,1.4425661784383952,-1.1155255455628834,-0.4748203261807297,-0.6709583308087609,1.021351887946691,-0.3360797183477262,0.43419487976103405,1.1155255455628834,-1.442566178438396,0.5216379277079463,-0.5596729573423944,-1.410290149904103,-2.0724908388497987,-1.552454157868633,0.6681251261743327,-0.46483142063624716,-1.0391903727935126,-1.3484860293897554,-0.7481493064513315,-1.0140677512169813,-1.5731546138522732,-0.9182541097615345,-0.9731002357129547,-1.3019408143182878,0.12214944469431245,-0.3759724034796717,-1.3841377820692236,0
-1.2544087614883548,0.18140777454752677,1.4383931084795292,2.9451710759725747,1,0,0,1,0,0,-0.5333985536612357,0.07842841423144209,-0.7199354279589849,0.6795709880393943,-0.5248605339938924,-0.46486990206159645,1.4123268030839164,1.2023238336547402,-0.7299042400075185,0.7541129063485329,0.45771147965969866,-0.11101078545247837,-0.2194579343737791,4.291065117872534,0.5867133351811986,0.12754281676590323,1.9145194406713526,2.125822149754211,-0.16027754582615011,0.007555847346540335,2.32370690616568,-1.0624706547714946,1.1259717786944374,0.8796468196502725,1.480404231107797,-0.007555847346540335,0.16027754582614942,3.1676267218506893,0.11577027848446049,-1.06458099280335,-0.8450432918569822,-0.135786898325702,-0.34003467563087314,-2.0144564064166746,-2.2019219266556282,-0.728375060954584,2.3050098368607914,-0.9381911455531051,0.2879815338437111,0.8451587960808378,1.1930584186586881,-0.09645999267988113,-1.4418395571298541,-1.6006945419875402,0.5334696962929761,0
-0.3291993166277972,0.4133176682906843,0.27967722576327125,-0.8681093238500562,1,0,0,1,0,0,-0.81101516775215,5.73615173665025,-0.7455217907937414,1.1106649798829544,0.9787998169698778,3.553156463436654,-0.5552696224719545,-0.595008841519397,0.801206552868476,-0.18358347575646117,0.2577268655919226,2.4067552557802663,0.4511749664322557,-0.44595735911680107,-1.0662532998739782,0.20521126434455003,0.8704440794908946,1.76615783134857,3.0464756232642842,0.2610696854503818,0.32652058813434254,-0.25148084084868977,-0.8890586681822262,1.1111268809781305,1.3892518198916115,-0.2610696854503818,-3.046475623264285,-0.5924626171942612,-1.1600669447440433,-0.8644335860608106,-0.6383152839424023,-0.2894014204448148,0.1325402314653172,-0.22015379130249568,-1.2606630497196296,-1.1004416420156866,-0.16527347000083534,-0.7105613285614767,-1.591401046672821,-1.709196663117305,-1.277716296483967,-0.033013633646279864,-1.6064699783745033,-1.712032918215528,-0.8892713360402683,1
-0.09789695541265715,-0.3339475448817109,-0.15484123025532542,0.3052077222492148,1,0,0,1,0,0,-0.571255364673633,0.11331673893289414,-0.8350740607153893,5.7109297250591995,-1.5591565967571883,-4.326378824273883,0.16101151302739183,0.12582506298721882,0.49643166042806824,-0.8919686190602333,-1.0911578651361014,-2.1414611158184242,0.3410999930757311,-0.28434218975827025,-0.6849905849335319,0.6010259767861557,-0.13433626974681692,0.26564428105150034,0.5581846313588362,-3.47429827286089,-0.5080017940240324,-0.8589073785013583,-0.07466556641838858,1.071786513807407,1.6779086021690224,3.47429827286089,-0.5581846313588369,-0.5367575899491508,-0.9349191994684248,-1.2283379619563388,-0.7804407893836761,-0.7843815472730677,-1.033144539371952,-0.05703537174666111,-0.319404172783631,-0.9764194483286528,-0.7203933142394032,-1.0899443568808573,-1.290334905133765,-1.1257144516253432,-0.7023304039164997,-0.15990635171348128,0.28677986593896093,-0.9883334727336057,-1.569712699330082,0
1.1614159000919912,0.7225308599482267,-0.15484123025532542,-1.161438585374874,0,1,0,1,0,0,-0.3188766245909836,-0.254755086667425,-0.06748317567269331,-0.39093087090098955,0.2609386509785842,0.10619516958462126,0.19951707656137704,-0.2860660933356876,0.005250761512156308,0.31146560766040465,0.1808360807194273,0.07981472195939973,-0.5260966601093063,-1.1010010077953132,-0.5274417284459468,1.5340958756270853,-0.9777199121691784,-0.78414351859893,-0.5532824974487066,0.6575966059261134,-1.3775405860326608,-0.13574485423049149,1.5344404404743093,-1.3902602702601055,-1.000659286316773,-0.6575966059261134,0.553282497448706,-1.0659553487776992,-0.5596729573423944,-0.2548937564358004,0.5503707615664309,0.10316902497069583,-1.4742144526617298,-0.46483142063624716,-0.26403600355210183,-0.4803306735805153,-1.3032691506898992,-0.17942508891434333,-0.15905607025973648,0.6376984542170299,-0.008482709938082702,-1.3019408143182878,0.03983423407198747,0.4033962301162448,-0.45626319576493324,0
-1.6142124344896835,-1.7254069073406524,-0.4445202009343899,1.0385308760612593,1,0,0,1,0,0,-0.10435469552073157,-0.3663977257120716,-0.23379453409861076,-0.30124017461138985,-0.12230045619225259,-0.04898069561603459,0.370900585730274,0.25913284380144813,-1.0267686156115057,0.9123162418665509,0.699968342743631,-0.24725632906367104,-0.5008243893219266,0.007929360016718593,-0.46207231752237715,0.0702762240778781,0.19093437141047526,0.1827575449430387,0.271474372857786,-0.6064731204975302,-0.5078233700793795,-0.8185618645647974,1.47424792227822,-1.0431531307304855,-0.7315659554246348,0.6064731204975302,-0.2714743728577867,-0.11896988561082296,-0.5596729573423944,-0.4732363819731166,-0.3669847735545164,-0.27233314020935756,-0.37153966943728567,0.18764225758709038,0.06817301183707392,-0.4803306735805153,-0.49834537654397587,-0.7864379342253526,-0.08607033897753999,0.6765972683164937,0.17767154942198057,-1.238494455284687,0.7806711296729086,0.514734606344233,-0.76555472453303,0
0.5960101282327613,0.18140777454752677,-1.168717627632051,0.5985369837740325,1,0,0,1,0,0,-0.6217311126901629,0.20925963186188729,0.13720772700535894,-0.44879583624911845,0.9915822993310592,0.5077742097868949,0.3781175105629279,-1.0641962761402028,-0.8329213881258554,0.7102401096918174,0.4926432422539239,0.24003533600187074,-0.25581093748111133,-0.3356275915268044,-1.0186330363893217,-0.22214091780762996,0.2558989474266681,0.379262641242955,0.5364130502320184,-0.2046283627832927,-0.8611367377128202,0.4401985722412115,0.9154012413914966,-0.7057435515067366,-0.27018419091788815,0.20462836278329197,-0.5364130502320191,-0.6203151308168162,-1.2351161931692491,-1.4375829780962672,-1.3101813096647865,-1.1598837124531223,-0.7180946013078251,-0.5463906304141645,-0.8177176958673952,-1.3484860293897554,-0.6093693453916895,0.9587239960437993,1.4375068015382888,1.7787303344679768,1.3115202200696365,0.37938770007212164,0.7806711296729086,0.7374113588002092,1.1520527538291696,0
0.7759119647334253,-0.46278637473902035,-0.4445202009343899,0.3052077222492148,1,0,0,1,0,0,-0.2684008765744537,-0.2646401119995031,-0.2721740783507456,-0.26478524644206863,0.0031682358706068025,0.001104886235473924,0.056924096232961796,0.40478263118446306,0.7329808741873903,-0.194839445973552,-0.539678979742734,0.08806640380846825,1.2641347058848194,-1.1760932551413328,-0.8909466132056382,1.3376673387170446,-1.2785828049319377,-1.2488912796147444,0.10862057896823145,0.012383503443245562,-1.2542928645511724,-1.448107623258662,0.34221726124546964,-1.0046053012018397,-0.5176901526157174,-0.012383503443245562,-0.10862057896823216,-1.1216603760228097,-0.8598699510432187,-0.13662483426975403,0.5632912620610914,-0.01630893667750248,-1.442709458855317,1.3294711944779316,1.397009073393778,-0.6043528672675491,-1.2477571662660425,-1.4693273852002382,-0.7794347861583975,-0.5033334260339178,-0.8377153198147269,-0.6040308649486834,-0.28942660841731066,-0.32030321536567735,-0.9511296417938885,1
-0.5091011531284612,1.8563125626925503,0.27967722576327125,-0.13478617003801185,0,1,0,1,0,0,-0.24316300256618875,-0.27917691395844146,-0.38731271110714993,-0.20576298178697722,-0.16877941606457111,-0.05568858604257591,-0.3366060284713406,1.6135727432972852e-4,0.045797082919600864,-1.1566136544614176,-0.9887707473300151,-1.336139737937145,0.20037857347031904,-0.8823664538937452,-0.01818399094682807,-0.03830042970733055,-1.3458253964408606,-0.9137746260686449,-1.3422252734671216,-0.4911325578708816,-0.41359128763518427,-0.01843779087087193,-0.10109438473896037,0.22801300327909704,0.3933273269740506,0.4911325578708816,1.342225273467121,-0.8709877534198129,-0.10937746679115769,-0.2730889752305771,-0.25070026910256554,-0.7502449868021539,-0.05648973137315825,-0.709509049969999,-0.1532996650890431,-0.4803306735805153,-0.5816133531797613,-0.3311783002420958,-0.9527758979536108,-0.8534227529290943,-0.7192535184037778,-0.4136917878478824,-0.4540570296619595,-0.7099875321636356,-1.136704559054746,0
0.2105061928741954,1.0317440516057692,-0.4445202009343899,-0.13478617003801185,1,0,0,1,0,0,-0.5081606796529707,-0.014607118305763387,0.8280395235437853,-0.5772560593219644,1.0582064658805515,0.4348818004851459,-0.16343056321583313,-0.7018055982949536,0.7836877104196064,-0.903318286453608,-0.4816965496941219,-0.3822672527009077,0.10216835536699322,-0.49766572799724945,-1.0083686953118796,-0.11825690593018529,-0.9092704587572149,-0.527764605903193,0.3041828515459608,-0.8230517886162441,-0.27000755510581165,-0.04691141443179707,-1.1901641396446145,0.3187077056588101,0.11096968953671252,0.8230517886162441,-0.30418285154596153,-0.2582324537235989,-0.7097714541928067,1.1461380907619838,0.8992242749222835,0.4445346296798359,1.109195039464111,1.0847935651441794,1.009431888773073,0.6978801664463103,-0.24854144663662048,-0.02767187758659086,0.05990112358685037,-0.5681647828663581,-0.4146374576327655,1.0138512904081252,0.7806711296729086,0.4033962301162448,-0.1469716669968365,1
-0.04649643069818187,-1.0039094601397194,0.5693561964423357,-1.161438585374874,1,0,0,1,0,0,-0.5207796166571032,0.07261369344786675,-0.630383158037337,0.19350527911511192,-0.22754669978598083,-0.09369996512631006,0.9578704241332069,-0.03896657647596415,-0.9363407908452519,1.469671910292463,0.8254922729600471,0.3922502294728135,-0.7310585438124748,0.13353244796405556,-0.37254165038600373,-0.4694805463023479,0.4786298474099371,0.04843675086686662,-0.6392523306161405,1.1689852080572094,-1.198518093267854,-0.31972119806707405,0.8082265561850587,-1.5108307719256324,-1.0258913243557233,-1.1689852080572094,0.6392523306161398,0.1317027369921738,-0.3345252120667762,0.05442496307539909,-0.19901826712392082,7.593435579547688e-4,0.16404522527173035,-0.5463906304141645,-0.319404172783631,0.3258135853852078,-1.1089772052064004,-0.2553016945782196,0.16025650409986858,0.5599008260181015,-0.1269445113490324,-0.44541496736468245,0.03983423407198747,0.7374113588002092,0.40975308478573785,0
-0.09789695541265715,-1.2615871198543382,-0.15484123025532542,1.478524768348486,1,0,0,1,0,0,-0.6722068607066928,0.4098674988952366,-0.6175899766199587,0.18482553431289261,0.23850937309038542,0.17237968845982896,-3.4593584549967353,-0.9575098630473702,-0.06674181559609466,-1.5466887485593226,-1.6407253778770752,-0.5312130978563937,1.4189633159584967,-0.4876877043110204,-0.6238222896117914,0.48178101451933336,-0.12795108129623606,0.0826589220063117,-0.2859102762628674,-0.440948977121442,4.3230303338961376,0.6892808612067789,0.5753817545919344,1.9626026133067496,2.2137236964341023,0.440948977121442,0.28591027626286675,-0.7317251853070371,-0.9349191994684248,-1.4193877593014905,-1.0000892977929163,-0.9892009100985523,-1.222174502210428,-0.5463906304141645,-0.4855086804782194,-1.0384305451721696,2.887885673311288,0.04820472807728505,-1.4271831512878814,-0.9701191952274875,-0.24540631275998087,-0.9212626601166852,-1.853415610241477,-2.1573864231274804,-1.198562864808365,0
0.6217103905899984,0.9544407536913834,-0.8790386569529866,0.5985369837740325,1,0,0,1,0,0,0.097548296545388,-0.4425705679769086,0.06044863850108935,-0.4343295949120862,-0.029336095213795068,-0.004708618800861887,-0.04290701841199973,-0.9341821832243952,0.018316036280798177,0.7591931105708644,0.5543318117400783,-0.3554904055353742,-0.3713781354652652,-0.5678478186931714,0.41329599003542117,-0.22610488616832936,0.9162942417495453,0.5891970732718376,0.6225629626478131,-1.1022968805694087,-0.5077235961169374,1.6962252138557865,-0.25225224031377325,-0.11703922823942339,-0.14542224005258608,1.1022968805694087,-0.6225629626478137,-0.5924626171942612,0.26586877533487285,-0.30038180342274146,-0.3669847735545164,7.593435579547688e-4,-0.11949971898598452,-0.13859458152457876,-0.4301405112466897,-0.17027518936292965,-0.3318094232724056,2.020996475338066,0.8171280856396278,0.5469345546516133,0.46536449570571364,0.7600658542737248,0.8629863402952329,0.3477270420022505,0.40975308478573785,1
2.0095245578808356,1.0575118175772313,0.27967722576327125,-0.8681093238500562,1,0,0,1,0,0,-0.5460174906653681,0.11215379477617907,-0.3617263482723934,-0.24337520926326098,0.3363147505273443,0.27433962294325703,0.736390694956196,0.14300412493789028,0.13251350259218303,0.9415077322810869,0.6650530566707248,1.4437394481039378,0.003079216802030242,-0.015369695345606539,0.6058172881380735,-0.10168916009576204,0.847670726619005,0.8000032355281784,1.1393967240133565,0.8390486150612049,-1.039326405567402,0.41061681073212525,-0.28333819630315515,-0.4313804231243974,-0.08355409378912292,-0.8390486150612049,-1.1393967240133573,-0.20252742647848845,0.26586877533487285,-0.7279694450999874,-0.6641562849317252,-0.32353798091572933,-0.30852968182446,-0.22015379130249568,-0.7069813574043363,-0.728375060954584,-0.9146852597229018,0.5793409677244183,0.5251851605108457,0.28760912732185256,0.09305597698558829,0.886958572340925,-0.4540570296619595,-0.09762646290970158,0.6571863078002155,1
0.930113538876852,1.2636539453489257,-0.4445202009343899,-0.8681093238500562,1,0,0,1,0,0,-0.48292280564470574,-0.06693960535794147,0.8536258863785419,-0.5789920082824084,1.019321971792297,0.3959760360112063,-0.094848498704962,-0.9904046916049765,1.142899481485169,-0.07073383885050674,0.8011691689754529,-0.1063961347784313,-1.075350066358727,-0.3978942706564152,-0.451869707327518,0.4776362714294436,-0.03472905681113726,0.24137905337241733,-0.4914206069155262,0.3422733367180179,-0.2656821206769965,0.906688367897046,-1.0824034888293235,0.06112011467484569,-0.805899492703629,-0.3422733367180179,0.49142060691552547,-0.4253475354589299,-0.4846237089171882,-0.2276009282436361,0.046471242274642305,0.03489590402886805,-0.34003467563087314,-0.9541866793037505,-0.8730858650989243,-0.4183195767369984,0.05677446769459199,1.4898602356909325,1.464876450769113,0.5728670973845897,0.5669031826293847,1.2041903675089267,1.1099319721622063,1.461110804282131,1.275769365336409,0
0.2876069799459088,0.0010334127472937634,-0.4445202009343899,1.0385308760612593,1,0,0,1,0,0,0.6275436507189519,-0.5350246284357565,-0.4512786181940413,-0.1305385268344097,-0.8590650364872796,-0.310588422251146,0.2445836117772572,0.9981577398843399,-0.5919093333105016,0.17386566514865845,0.010753819206369785,0.41708400097307086,0.0938804112279681,0.7935330566322959,0.43971678065976477,-1.2135801006404592,0.07234348059189678,-0.5131912525189566,0.6912331826893887,-0.11670382262079637,0.45278941427065506,-0.9295042051237737,-0.4103710762094212,-0.16314673975194527,-0.515011865159268,0.11670382262079708,-0.6912331826893894,0.8837206048011639,0.5660657690356972,0.427426948368315,-0.3023822710812103,-0.2552648599739003,0.8886600828192224,1.0847935651441794,0.7879592118469556,-0.23228628620644656,0.6396503041450882,-0.7105613285614767,0.7532655707677065,0.4043055696202447,0.31305646532020776,0.506280418139323,1.1922471827845313,1.2384340518261547,0.7190446135538346,0
-0.894605088487027,-0.4370186087675581,-0.4445202009343899,-1.6014324776621007,0,1,0,0,1,0,0.17326191857018283,-0.4565258978574894,0.2651395411791416,-0.4696272237744448,0.05144053786971515,0.011837510917940035,-0.44927603816265144,0.08829996441766896,-0.6715220293130808,0.26238703615323333,-0.37978260929777996,-0.7431778272227876,0.015019469757818555,-1.4123666232714778,0.6891643369820338,0.06316972641090791,-1.096071121859534,-1.7077207592835142,-1.3044950872689045,0.28017642692511974,-0.786490820908,0.5691952316877196,0.9814725931699023,-1.441313320044227,-1.1735209482578337,-0.28017642692511974,1.3044950872689036,-1.2609229441355856,1.0163612595869336,0.9277954652246664,0.821701271954316,0.2909201075607231,-0.34003467563087314,0.5138790966987595,1.4523772426253072,0.8219023601333442,-0.6371253376036178,0.8069707847160468,0.6985262723060605,1.143383037510063,0.39767203775660004,-0.4771381468814831,0.6160407084282594,0.848749735028197,-0.1469716669968365,0
-0.6890029896291251,0.026801178718756015,1.7280720791585935,1.0385308760612593,1,0,0,1,0,0,-0.6469689866984278,0.35462765145127084,0.44424408102243734,-0.49335185956717764,1.2505663918349497,0.6540062210854957,-0.1690813135442711,-0.01076248198922426,-0.6226321915351257,0.05939278978276161,-0.07384874663703006,-1.3048160114214131,-0.5279418324223352,0.02855071034999669,0.3528923563341128,-1.3435207649848406,0.1385266569933923,-0.20347467425731938,-0.964482122757493,-0.8230517886162441,0.26363921575779953,0.368291660024255,-0.4989497360307229,0.05712483449609695,-0.10264642883865481,0.8230517886162441,0.9644821227574922,-0.17467491285593337,0.04072103005925432,-0.7643598826895395,-1.2714198081808024,-1.1598837124531223,0.29006520049738066,-1.1173050988595852,-0.8730858650989243,-0.6043528672675491,0.5841383197212315,0.8069707847160468,1.2459192569225261,0.754394896515422,0.7361343275021692,1.2359135470257274,0.7806711296729086,0.4033962301162448,0.6571863078002155,1
-0.3291993166277972,0.5936920300909173,-1.168717627632051,0.5985369837740325,1,0,0,1,0,0,-0.09173575851659908,-0.37802716727922225,-0.5536240695330674,0.0835618449536671,-0.6034094926757964,-0.3553076917614215,-0.46094814600755696,1.1404269241522742,-0.025353877324202842,-1.5019936875886348,-1.5788979634588574,-0.9812268542547726,1.1083596550060906,-1.2851010875444462,1.2368420809180098,-0.2607994211273172,-2.013406013775788,-2.402378778090774,-1.4375436385994584,0.08746187929198715,-0.643098247044667,-0.3262304983887435,-0.22741866717055748,0.032637633400534764,-0.29281061116966695,-0.08746187929198715,1.4375436385994576,-1.2330704305130304,1.0163612595869336,-0.2639913658331881,-0.354064273059855,-1.091610591511294,-0.7811045889206503,0.18764225758709038,1.1201682272361313,-0.9144083514851348,-0.8869292675109735,-0.7864379342253526,-1.6643867779550168,-1.5017363212534962,-1.396178097894916,-1.2702176348014877,-0.6186874509066087,-0.6543183440496418,-1.8171459223445585,0
0.4932090788038099,-0.30817977891024867,0.5693561964423357,0.5985369837740325,1,0,0,1,0,0,-0.4955417426488382,-0.029143920264701743,-0.2977604411855021,-0.2578414506002932,0.31017149552816947,0.1768516154108565,-0.08511094772107293,-0.3278764034877065,0.5032974614852361,0.3132558128751757,0.5229281669732346,-0.2299578421457489,-0.768612964731149,-0.17003173960411985,-0.39880378580058307,-0.10906106408178204,0.075177050054621955,-0.3433910731279207,-0.4194329849395745,0.10235345797273021,-0.051544866153220896,0.0505077756131328,-0.7976203420083499,-0.3486441176535429,-1.0150867752369663,-0.10235345797273021,0.41943298493957376,-0.2582324537235989,-0.4846237089171882,-0.4004555067940112,-0.39282577454383927,-0.34060626115118536,-0.5605696322757617,-0.22015379130249568,-0.04256332662598434,-0.4183195767369984,-0.10976148557697851,-0.02767187758659086,-0.21379536872138252,-0.5811310542328463,-0.6684841749419423,-0.1916295312302808,0.8629863402952329,1.0157572993701793,-0.2706882785040748,1
1.0586148506630406,0.7740663918911503,0.27967722576327125,-0.4281154315628296,1,0,0,1,0,0,-0.5838743016777656,0.1801860279440106,-0.2849672597681238,-0.2607346988676996,0.5225168612548611,0.34007694912336195,1.52466330457692,0.5862209935777686,-2.383765314547309,1.7000457846256598,1.014284919397665,0.7268462112413766,-1.0842027079017553,1.0742132059092275,-0.25255138821647066,-2.0133807389575606,1.0671077821262736,0.27942111502621025,1.3564759393421526,-0.3540047794704373,-1.0467402611578187,-1.0576071476415232,1.2354335686428306,-1.2385263671078741,-1.0458197368835835,0.3540047794704373,-1.3564759393421533,0.577342954953057,-0.5596729573423944,-1.0918738209955157,-1.8140808289565742,-1.4159079159849774,0.4475901695294441,0.2692014673650073,-0.319404172783631,-1.2244638357027204,-0.9979532363586869,-1.0140677512169813,-0.12256320461863823,0.5210020119186368,-0.0423289389126401,-1.206771275767887,1.439192814651505,1.3497724280541432,-0.5799798072721716,1
1.8553229837374106,0.4648532002336079,-0.15484123025532542,-0.13478617003801185,1,0,0,1,0,0,-0.36935237260751347,-0.20940026455553734,-0.7199354279589849,0.7953009187356521,-0.8098050716510471,-0.7756688251580109,0.8515942246163304,0.6211581628278623,-1.0896868896490481,0.8970529465840966,0.9072240595658156,0.44363559868655156,-0.3752520306099026,-0.3980853523061548,-0.24547624729382908,0.15109701159924174,-0.01342362041024598,0.5870623171141055,0.3699083794759778,0.23819541748766626,-1.581924692958618,-1.0984717880094474,1.6414764077941333,-1.2251712900195604,-0.606283619355832,-0.23819541748766626,-0.36990837947597854,-0.7038726716844818,-0.7097714541928067,-1.6195351660440314,-1.3101813096647865,-1.2452251136304073,-0.8126095827270634,-0.709509049969999,-0.9284540343304539,-1.658541513607341,-1.497561096173398,-1.0899443568808573,-0.323273965644676,0.533968283285125,-0.025405824425361403,-1.238494455284687,-0.04248097655033679,0.06938110143228039,-0.5181215015185524,1
0.9815140635913272,0.20717554051898904,-1.6032360836506476,-0.4281154315628296,1,0,0,1,0,0,-0.7731583567397526,2.3548916010011887,-0.5280377066983108,-0.011915347870745526,1.073974337292604,1.8202847699134799,-0.2987990156666733,0.4274406379856504,0.7019694461764032,0.5099816041185504,0.2131555418158091,-0.7460234256497986,-0.9073796963012453,-0.9169253161151935,-0.2953302963826508,0.6766617632655072,-0.43356682623583065,-0.353141055451639,-0.43967950362031105,-0.5814181964513455,-0.5006936672018276,-0.8825310976931346,-0.279635933968637,-1.1188696890369736,-0.6218861511781383,0.5814181964513455,0.4396795036203104,-0.9266927806649233,-0.40957446049198204,-0.45504116317834126,-0.05689276168264715,-0.22112829950298704,-0.9071245641463012,-0.46483142063624716,-0.319404172783631,-0.35630847989348147,-0.24854144663662048,-0.5588081172337243,1.2276728241019772,0.8710913388138142,0.31305646532020776,1.3945294446097283,1.6861384465184783,1.461110804282131,0.6571863078002155,0
0.15910566815972013,-1.2615871198543382,-0.4445202009343899,1.478524768348486,1,0,0,1,0,0,-0.3062576875868511,-0.25882539121592774,-0.6175899766199587,0.18482553431289261,-0.5334655866900332,-0.34189191090833887,-3.1673369186123974,-0.3561926131090745,-0.8620536607304795,-0.8220075725868894,-1.0852175261933414,-1.9326379697131915,0.09091661867347596,-0.37566335613679674,0.06133179053891809,-0.6610616954017552,0.8874565105147172,0.7929876555750047,-1.4375436385994584,-1.2101494081044426,4.02890068771439,0.5503263812540956,0.5141529818552553,1.9904658834940328,2.185034036772316,1.2101494081044426,1.4375436385994576,-0.7317251853070371,-0.5596729573423944,-1.8378777915813482,-1.8140808289565742,-1.467112756691348,-0.7495995951142377,-2.0960156161945913,-1.980449249729511,-1.4725082230767892,2.721349720039717,-0.02767187758659086,-1.3541974200056863,-0.9312203811280227,-0.194636969298146,-0.857816301083085,-1.5241547677521787,-1.9903788587854983,-1.136704559054746,0
0.6217103905899984,0.10410447663314094,-0.8790386569529866,1.478524768348486,1,0,0,1,0,0,0.097548296545388,-0.4425705679769086,-0.7711081536284979,1.7500728469797782,-1.56361950983434,-1.6928610428137605,-0.5585802133516636,-0.039889252933934846,0.5721085840086537,0.594499774848545,0.3452984629153338,-0.3672092650992413,-1.102831588022348,-0.7099411386694959,0.5296052518087848,-0.10307272758299331,0.9162942417495453,0.4241273270621448,0.6225629626478131,-1.1182800073149486,0.06735456323823857,0.5852961666417553,-0.8856697510157996,0.1054508431934212,-0.03482712792508934,1.1182800073149486,-0.6225629626478137,-0.7317251853070371,0.340918023760079,-0.3731626786018469,-0.3669847735545164,7.593435579547688e-4,-0.43454965705011084,-0.13859458152457876,-0.4301405112466897,-0.35630847989348147,-0.3595654154843339,-0.1035484832504671,-1.60964747949337,-1.7221629344837932,-1.5823323572549794,-0.6040308649486834,0.6983559190505837,0.18071947766026855,-1.569712699330082,0
2.0095245578808356,-0.6946962684821769,0.27967722576327125,1.7718540298733036,1,0,0,1,0,0,-0.5460174906653681,0.11215379477617907,-0.7455217907937414,1.101985235080735,-0.6289414469848094,-0.7653833931706475,0.354508172330434,1.5160644071450113,-0.15016275626962772,0.48674121492541855,-0.08958836458250573,0.43538299397158564,0.06735988047824853,0.4714604896094188,0.9806305815608032,0.008542610198371554,1.0416603504180835,0.852648595937241,1.64551244740508,-1.0381887348318,-0.02187447714299156,-1.0984717880094468,0.21386201770587182,0.3753365929983365,0.9489146609832934,1.0381887348318,-1.6455124474050806,0.35452284597261524,0.7912135143113154,-0.2548937564358004,-0.21193876761858224,0.20557870638343811,-0.15100471279239655,0.02452383803125581,-0.6516131881728072,-0.4803306735805153,-0.3040534310604773,-1.2416975682086098,-1.1169937933385516,-0.8534227529290943,-0.6684841749419423,-0.4136917878478824,-0.5363722402842841,-0.9883334727336057,-1.0748462533011267,0
1.2642169495209417,0.0010334127472937634,-0.8790386569529866,1.0385308760612593,1,0,0,1,0,0,0.8546845167933363,-0.5844497550961469,-0.4512786181940413,-0.1305385268344097,-0.9540212589610576,-0.34859980133488017,-0.6118528128706185,1.3012459937934155,-0.4988036364203306,0.21859851529406243,-0.17291942933928198,0.054507667316615216,0.25744359067955697,-0.4227834235480544,1.152145295870252,-1.2332783113885462,0.17316305458716677,-0.8295003204509169,-0.270149897892672,0.3422733367180179,0.42835601514139787,-0.6318070984124873,-0.5574444850312188,-0.12360697062111785,-0.5850418867463232,-0.3422733367180179,0.27014989789267135,-0.20252742647848845,1.5417059985633763,1.0187715591985484,0.13691474573727128,0.20557870638343811,0.9516700704320475,1.0032343553662626,1.2862727349307197,0.9459245538203791,0.6118943119331598,-0.4070549059059717,0.7441423543574326,0.31354167005482897,0.24536400737109418,0.5380035976561225,0.5337254978059351,0.793080546914203,0.7190446135538346,0
-0.14929748012713334,-0.2566442469673251,0.27967722576327125,0.3052077222492148,1,0,0,1,0,0,-0.4198281206240434,-0.14427539177949353,-0.3745195296897717,-0.22948761757971003,0.08156884227173751,0.06639501972047611,-0.6585626970049588,-1.9846959720263482,0.5267995779437703,-1.1568098635087336,-0.17500295339236083,-1.4633296886815812,-0.9454429540784675,-0.07618284438550069,-0.913812983332656,0.1808282063766945,-0.31383577325920536,0.1898474588940048,-0.35307242775419667,-1.6456342300286648,0.8396264609040224,1.80861972095522,-0.5384377625366261,1.2515813138965035,0.412861503148959,1.6456342300286648,0.35307242775419595,-0.2582324537235989,-1.009968447893631,-0.7461646638947628,-0.5478717804797735,-0.6307670251539549,-0.30852968182446,-0.9541866793037505,-0.9284540343304539,-0.6663639641110671,0.6951622885689447,1.5657368413548085,-0.21379536872138252,-0.4514683405679659,0.04228663352375219,-0.15990635171348128,1.1922471827845313,0.4033962301162448,-0.332546584257695,0
-0.4320003660567478,-0.3339475448817109,1.7280720791585935,0.5985369837740325,1,0,0,1,0,0,-0.4703038686405733,-0.07333579821987435,-0.8094876978806327,3.9344752888716426,-1.315347992202296,-3.09704610543641,1.5252023582865888,1.6193926612250762,-0.20507012901572175,2.5539708387080604,1.6336616616218957,-0.1063642946051555,-1.8775895442923387,1.9825789616690965,1.6420065722428674,-0.8677725428016211,2.646844525398782,1.9722937989123976,0.8063022000563537,-0.9447489169347935,-0.13986146825509785,-0.5777411108176335,-0.5916899815961526,-0.8256841116675588,-0.19827915146608482,0.9447489169347935,-0.8063022000563543,1.1622457410267157,0.7912135143113154,-1.3738997123145495,-1.5298298180740268,-0.6478353053894121,-0.2770246880180474,-1.4435419379712537,-1.814344742034923,-0.9764194483286528,-0.3595654154843339,-0.7864379342253526,-0.9527758979536108,-1.0738493661593913,-1.277716296483967,0.12560226393772106,0.6160407084282594,0.18071947766026855,-1.2604211705619852,0
0.004904094016293398,0.4133176682906843,-0.8790386569529866,-0.8681093238500562,1,0,0,1,0,0,-0.33149556159511606,-0.25010331004056474,-0.7583149722111197,1.1106649798829544,-1.0707561904610863,-1.050692332646205,-1.1139173554144368,0.9313385651198934,0.6481083748125192,-1.2887972503160166,-1.5142493478139463,0.13620473411411324,1.6690582026217446,-1.3894685207788333,0.9295094863063361,-0.03133827091453071,-1.2461649879304306,-1.2176160065587225,-0.47959406901947754,0.6614225707698917,0.16058862410471436,-0.34712921039249045,-0.9174778001455702,0.5054060686063124,0.7798332733022093,-0.6614225707698917,0.4795940690194761,-1.3444804850032512,0.641115017460903,-0.4914316007678933,-0.43158727602782254,-0.8697229484503528,-0.5605696322757617,0.2692014673650073,0.5664865349208381,-0.728375060954584,-0.22078545442469194,-0.7105613285614767,-1.3450742035954124,-1.5276688639864726,-1.277716296483967,0.062155904904119784,-1.5241547677521787,-1.4893561657595522,-0.8892713360402683,1
-0.4320003660567478,-0.6946962684821769,-1.6032360836506476,1.7718540298733036,0,1,0,1,0,0,0.2742134146032426,-0.474551532286573,-0.6687627022894718,0.3555271820898727,-1.1759809389395497,-0.6397222458467735,-0.7198956736290152,0.1403886192358558,1.6438800168249261,-1.0799607100959028,-0.6041420762449508,1.172945374499361,1.1617994253631736,-0.8257867320773322,0.5555290391023788,0.7718532427661384,-1.132567450327408,-0.9520481444786609,0.08301123374971872,1.517428063553434,0.17591608564147987,0.3638290104551396,-1.4716009815692224,0.335922749515008,-0.14407542438829513,-1.5174280635534347,-0.08301123374971872,-0.6481676444393714,0.8662627627365218,0.900502637032502,1.2093162867941527,0.615217432034406,-0.18250970659880966,0.758556726032511,0.7879592118469556,0.015758101167622184,-0.05424950115312168,0.04820472807728505,-0.7703115697481222,-1.333174793489152,-1.1423313805857394,0.31594134103852145,-1.3595243465075295,-0.9326642846196119,-0.45626319576493324,0
0.5960101282327613,1.1863506474345409,0.5693561964423357,-1.161438585374874,1,0,0,1,0,0,-0.5333985536612357,0.08133577462322976,-0.2210013526812325,-0.3041334228787963,0.47185516586120685,0.29759364308860026,0.544698639125564,-0.19410673953761934,-1.243372286257015,0.729903811194984,-0.036885010063383475,-0.49086810002785447,0.055061481750473644,-0.7204889978295181,-0.522809243730286,-0.10693491360185224,0.15796346821324436,-0.20121409945082996,-0.018359091073560794,-0.651277219968356,-1.4773208345074917,-0.25732123178179395,1.5922722931253894,-0.8294190883796735,-0.14849408540570738,0.651277219968356,0.018359091073560086,-0.9545452942874786,-0.9349191994684248,-1.7105112600179135,-1.4910683165900436,-1.3647030752786062,-1.3796994712424915,-0.7910682597479163,-0.8730858650989243,-1.9065859009814097,-1.3865371273256843,-0.2553016945782196,-0.040454256926167845,0.7803274392483975,0.36382580878204385,-0.9212626601166852,0.2044646553166367,-0.09762646290970158,-0.20882997275045564,0
1.8553229837374106,1.0575118175772313,-0.15484123025532542,0.3052077222492148,1,0,0,1,0,0,-0.36935237260751347,-0.20940026455553734,-0.6047967952025805,0.18193228604548617,-0.41626263017388043,-0.301644568349091,-0.8210286645013951,0.14200170947084179,1.6033166754100174,-0.3865713738441049,0.2030198978101941,-0.7803258212335809,-0.31568499382524096,-0.2353279725306713,-0.07838157147609563,-0.006979410204152086,-0.10578256783812157,0.31592867017145393,0.07195265285990604,-1.1356331163529647,0.9065234066751637,-0.27342274032352337,-2.198801240875483,0.41734080306503657,0.044507045647616296,1.1356331163529647,-0.07195265285990675,-0.5646101035717058,-0.5596729573423944,-1.5285590720701494,-1.2972608091701252,-1.262293393865864,-0.7811045889206503,-0.709509049969999,-0.8177176958673952,-1.5965304167638241,0.27882240539001907,-0.7105613285614767,-1.5366617482111748,-2.2019149750438505,-1.9546408759751055,0.31594134103852145,-0.04248097655033679,-0.5429799678216537,-1.6934293108373202,0
-0.9974061379159777,0.20717554051898904,-1.168717627632051,-0.4281154315628296,1,0,0,1,0,0,-0.6091121756860305,0.19181546951116127,-0.5280377066983108,-0.011915347870745526,0.23076484661749988,0.15672794413123253,-0.6016675152415839,0.5417412209724121,0.529023615546913,-0.15283980431711539,-0.48816591411887683,-1.0407028812399326,-0.20601934819131915,-1.1402424711886574,-0.020181042352767294,0.45375029659621435,-1.0929074692334924,-0.9310828106993373,-0.5745260083472232,-0.8495867060811603,-0.3026835159898043,-0.7637737524378574,-0.26721771628124763,-0.8772316229818112,-0.2743815473322379,0.8495867060811603,0.57452600834722245,-1.17736540326792,-0.3345252120667762,-0.9645072894320803,-0.6124742829530796,-0.972132629863095,-1.0961545269847772,-0.05703537174666111,0.2342775195316623,-0.790386157798101,-0.08200549336504998,-0.482931511569848,0.9995924138451164,0.6895635396829819,0.2622871218583729,1.3945294446097283,1.6861384465184783,1.2941032399401495,0.5334696962929761,0
-1.2544087614883548,0.20717554051898904,1.4383931084795292,-0.4281154315628296,1,0,0,1,0,0,-0.596493238681898,0.18309338833579825,-0.5280377066983108,-0.011915347870745526,0.1951736298883625,0.1500200537046912,2.9361603482236003,0.8528206678172553,0.7875238259216537,1.9063193695735048,1.6850789053348454,0.3620526018281028,-1.7618151999349376,3.862013496029431,0.4316147800611314,0.5721351838247206,1.9391649964073712,2.014227679541162,1.116988546947158,-0.614019074092617,-0.2239240577570298,-0.7381409189443779,-0.5016307690021795,-0.652471666816559,-0.2241838138356532,0.614019074092617,-1.1169885469471588,2.916954099247692,0.04072103005925432,-0.9372144612399159,-0.5349512799851129,0.20557870638343811,-0.7495995951142377,-1.1988643086375024,-1.648240234340335,-0.6043528672675491,-0.16527347000083534,-0.6346847228976005,0.24236545179233895,-0.06248019957332482,-0.3130987707090945,0.886958572340925,1.1099319721622063,0.848749735028197,-0.023255055489598248,0
-0.6890029896291251,-0.2566442469673251,1.7280720791585935,0.3052077222492148,1,0,0,1,0,0,-0.7226826087232228,1.10472663253249,-0.3745195296897717,-0.22948761757971003,0.9368571517910429,1.026964928801193,-0.6383477039326894,-1.5403781828593335,0.7400061735145882,-0.735894136603994,0.12688550605019652,-0.6126417379464482,-0.3799306784294618,-0.24102938532351495,-0.3846569416517495,0.23705191635336423,0.11675977021164634,0.50036683775742,0.5364130502320184,-1.3675781934948876,0.6468042995718192,1.7288765176149279,-0.7733989148125323,1.1099224920811628,0.3235534563621265,1.3675781934948876,-0.5364130502320191,-0.5089050763265954,-0.7097714541928067,-1.255630790148503,-0.9613277963089331,-0.8697229484503528,-0.7495995951142377,-0.5463906304141645,-0.8177176958673952,-1.2864749325462383,0.4731143508735179,1.413983630027056,-0.3597668312857729,-0.6848612251647502,-0.24540631275998087,-0.033013633646279864,0.6983559190505837,0.06938110143228039,-0.3944048900113141,1
-0.6890029896291251,-0.3339475448817109,1.7280720791585935,0.3052077222492148,1,0,0,1,0,0,-0.6469689866984278,0.35462765145127084,-0.8350740607153893,5.7109297250591995,-1.3376646092725817,-4.14079385580624,0.3313483327748121,1.3026481558299832,-1.1180217113029982,-0.7733599368994157,-1.7662630158258725,-3.8857187616046387,-0.3359863276082469,0.10445885719683211,0.8748009457708555,-1.543512120473243,0.07711460452216161,-0.48876904132777726,-1.7858889366285426,-3.5284340403726486,-0.3563738633262208,-0.9115690913624895,-0.02270769203393742,1.1212249035326471,1.8190405873272193,3.5284340403726486,1.7858889366285426,-0.14682239923337803,0.41596727218528484,-0.9008240236503626,-1.4652273156007207,-1.3647030752786062,0.1325402314653172,-1.3619827281933365,-0.8177176958673952,-0.6663639641110671,-0.6371253376036178,-1.1658209625447336,-1.4545528005187045,-1.2424108939237355,-0.8038690908401701,-0.2550758902638815,0.4514102871836102,-0.8769950965056176,-1.6315710050837011,0
0.2105061928741954,1.1605828814630785,-0.4445202009343899,-0.13478617003801185,1,0,0,1,0,0,-0.5081606796529707,-0.014607118305763387,-0.8478672421327675,5.754328449070296,-2.1560305041218264,-4.458300669329195,-1.1682517169262625,0.0073066190860734655,-0.6172601892936159,-1.9024873199341645,-2.3697010999481125,0.0014583691573289955,2.382102838539575,-0.32357701525840415,-0.6973352872531962,-0.7696492503389692,-0.5160845789705923,-0.22898396835672466,0.8915886482224574,-0.8822777243979375,1.3011681097314152,-0.7086037465744085,0.07039208520320216,2.0583969967605538,2.857169211343121,0.8822777243979375,-0.8915886482224581,-0.23037994010104354,-0.5596729573423944,0.381938901381374,-0.09565426316663046,-0.2894014204448148,1.140700033270523,1.247911984700014,0.8433273810784847,-0.046252995675895824,0.4731143508735179,-1.0899443568808573,-1.7738653748783102,-1.4758037785205207,-0.7530997473783346,-0.3502454288142823,-2.1003612421084505,-2.4914015518114443,-1.0748462533011267,0
-0.6890029896291251,-0.3339475448817109,1.7280720791585935,0.3052077222492148,1,0,0,1,0,0,-0.7226826087232228,1.10472663253249,-0.8350740607153893,5.7109297250591995,-1.00139976970615,-3.563915279123686,-0.04626400072450043,0.39503451049005117,0.28046933322643125,-0.8591474863373553,-1.0170655042815824,-2.3001858101765156,0.11168889061776857,-0.1989516307086816,-0.23137922347460704,0.38220682704250986,0.19966965033681336,0.6392050964935684,0.5364130502320184,-3.6691870359032195,-0.13445890603049038,-0.7739878897463223,6.700269930265061e-4,1.3586418338170485,1.9462943328794042,3.6691870359032195,-0.5364130502320191,-0.5089050763265954,-0.6347222057676005,-1.4011925405067138,-1.0259302987822392,-0.9038595089212672,-0.9071245641463012,-0.5463906304141645,-0.8177176958673952,-1.3484860293897554,-0.49834537654397587,-1.0899443568808573,-1.5731546138522732,-1.333174793489152,-0.8207922053274488,-0.4136917878478824,0.2044646553166367,-1.0996718489615938,-1.6934293108373202,0
-0.6633027272718879,0.7740663918911503,0.5693561964423357,-0.4281154315628296,1,0,0,1,0,0,1.0944443198718534,-0.6187566077192415,-0.2977604411855021,-0.2607346988676996,-0.8316767565263267,-0.27436581394782295,0.9968735509429756,2.8789977535931133,-1.3117400669302517,1.2686718639797196,0.5182388894744616,-0.7905285850482431,-1.2628231750034449,0.34583413301659216,3.2090926342170527,-0.36077689088280734,0.3807160271414297,-0.6127827750031788,-0.5008818372323651,-0.5814181964513455,-1.0406235483081727,-0.7367162146784706,1.43064663289952,-1.336382344898141,-1.2719990488676083,0.5814181964513455,0.5008818372323643,0.1317027369921738,2.5173462280910557,-0.6278957417287164,-0.7029177864157086,-0.5283573437412127,-0.9386295579527137,0.02452383803125581,0.2896456887631914,-0.4183195767369984,-1.0257092285706153,-0.7864379342253526,-0.40538291333714505,0.35244048415429274,-0.2284831982727022,-1.6508957890030895,1.6861384465184783,1.461110804282131,-0.9511296417938885,1
-1.6142124344896835,0.3617821363477598,-0.4445202009343899,-1.161438585374874,1,0,0,1,0,0,-0.06649788450833415,-0.3867492484545853,-0.15703544559434116,-0.3382737524341923,-0.07945844018198493,-0.03601210745805471,0.6215958118717595,0.354034113018918,1.0054822107524113,0.456162402546676,0.5026426609650044,1.093600523676919,0.7907748550605629,0.021998578267899346,-0.6288177003964003,0.15783351132157666,-0.02691762898509544,0.053177947493478345,0.4700615648931452,1.0253393444398995,-0.8423633875235227,-1.1158586989482313,-1.215920408479619,-0.6429370368247626,-0.6015421611840702,-1.0253393444398995,-0.4700615648931459,-0.03541234474315745,-0.6347222057676005,-0.19121049065408274,-0.08273376267196997,-0.08458205761933026,-0.2140147004052217,0.5954383064766764,0.40038202722625016,-0.35630847989348147,-0.9424412519348303,-1.2416975682086098,-1.0440080620563552,-1.4239386930545688,-1.531563013793144,0.062155904904119784,-1.277209135885205,-1.0440026608476,-1.3841377820692236,1
-0.8689048261297889,-0.8493028643109486,0.5693561964423357,1.478524768348486,0,1,0,1,0,0,-0.20530619155379135,-0.31813554320839627,-0.23379453409861076,-0.3128131676810156,-0.024598957113951957,-0.0029198480204508676,-1.0640112420939087,2.251758432179864,-0.02023052667214195,-1.4759572967917356,-1.3014728569602498,1.181584948807137,1.771735960712428,-0.708291325264926,4.12181795576659,-1.4299139478374425,-1.7555558877895907,-2.885770235837808,-1.0618771407249559,2.6646977629724202,0.7718171863744463,1.03853762919381,-1.4092698095137266,0.2531439202372986,-1.1254145107570819,-2.664697762972419,1.0618771407249543,-0.8988402670423681,2.629920100728865,-1.4193877593014905,-1.8011603284619129,-2.209582946933728,-1.2694319929200473,0.18764225758709038,0.8433273810784847,-1.720552610450858,0.41760236644966076,0.5793409677244183,-0.8432973010303187,-1.3591073362221284,-1.1931007240475748,-0.6040308649486834,-1.5241547677521787,-0.5429799678216537,-0.76555472453303,1
-0.9203053508442651,0.5679242641194551,0.27967722576327125,-0.13478617003801185,1,0,0,0,1,0,2.9872848704917243,-0.7321436629989606,-0.19541498984647596,-0.3214929124832349,-1.1715062825516145,-0.31461315650707083,0.3994368738509584,-0.16132665009893546,-1.0767556469057342,1.514569980735396,-0.3791540162875634,1.1528294278605036,0.7676943113143521,-0.6663286799747808,-1.1776613113836396,-1.078006565215666,0.0059676044740112014,-2.127751176025021,-0.16027754582615011,1.731283161032851,-1.2212144623808219,-0.9583293590624613,0.3886684053629186,-2.0401689576228206,-1.5844160996180894,-1.731283161032851,0.16027754582614942,-0.48105256270404034,-0.9349191994684248,0.900502637032502,0.13691474573727128,0.13730558544161034,-0.5605696322757617,1.4110304042558486,1.6738499195514247,0.139780294854656,-1.1644891896302574,-0.9381911455531051,-0.19554893590083341,0.028283699992091807,-0.7869459763528921,-0.4771381468814831,-0.5363722402842841,0.3477270420022505,-0.3944048900113141,1
1.0329145883058024,-1.235819353882877,0.5693561964423357,-0.8681093238500562,1,0,0,1,0,0,-0.07911682151246661,-0.38442336014115513,-0.11865590134220637,-0.3741500309500322,-0.033616593438423055,-0.006497389581272905,0.9403718726193057,-1.2413795744584215,0.625743383473439,0.6884376055640515,0.30379867727785675,0.15402733315830713,0.23608881643889573,0.9171203888969776,-0.3609747587986049,0.6606492815596384,0.5894100605980438,-0.05795984431055173,0.6912331826893887,-0.4754817429490244,-0.39123409358070305,1.3422158350223414,-0.19152335254201766,-0.3455858641991992,-0.4515396662954836,0.4754817429490244,-0.6912331826893894,0.6609004958207222,-0.4846237089171882,-0.5187244289600577,-0.12149526415595328,0.12023730520615308,-1.411204465048904,1.0847935651441794,0.7879592118469556,-0.6043528672675491,-0.5816133531797613,0.7310941790521709,-1.0440080620563552,-0.9701191952274875,-1.0238695791747903,-0.7626467625326843,0.28677986593896093,0.06938110143228039,-1.3222794763156045,0
0.9558138012340891,0.9802085196628456,0.5693561964423357,-0.8681093238500562,1,0,0,1,0,0,0.1480240445619179,-0.4448964562903387,1.4165258687431854,-0.6455367184327565,0.531827867370587,0.15672794413123253,0.24138284798734994,1.38200195293274,-0.3078306204696546,0.22919076888285697,-0.32806443893583126,0.4849798733209338,0.5138546621427678,-0.47067071836213775,1.4408277073362437,-0.1747494863998985,-0.2840653191916654,-0.3874569404806798,1.068484771272222,-0.39825548305102343,-0.8059373620799747,-0.45345148416279774,0.24520838951317367,-0.5912962505143488,0.04822354788397039,0.39825548305102343,-1.0684847712722227,-0.4253475354589299,1.391607501712964,0.11810822885711679,0.007709740790658993,-0.10165033785478751,0.06953024385249205,1.0032343553662626,0.5111183656893089,-0.35630847989348147,-0.8314172830871166,-0.5588081172337243,-0.48749186102961545,-0.2958730841701091,-0.4992530300691578,-0.09645999267988113,0.03983423407198747,-0.15329565102369538,-0.3944048900113141,1
-0.4577006284139859,0.5679242641194551,0.27967722576327125,0.3052077222492148,1,0,0,1,0,0,-0.24316300256618875,-0.2745251373315812,0.48262362527457214,-0.5002956554089532,0.5178315948037154,0.17551003732554823,-0.552906308541722,-0.5413376038461394,-0.9403568812611881,-0.5184221017458611,-0.4155499641745883,0.1462789433131455,0.4799113300763689,-1.3412019118798337,-1.5360600094162853,-0.1262356620237521,-0.7752605062562243,-0.44324649821138246,-0.5566704711695901,0.7516060278018181,-0.5712834661911036,-0.7957883471447048,1.15864469261301,-0.06838023351901512,0.10749137081465936,-0.7516060278018188,0.5566704711695893,-1.3723329986258064,-1.6103624352952797,-1.3466068841223853,-1.1938968052128347,-1.381771355514063,-0.7495995951142377,-0.7910682597479163,-0.6516131881728072,-1.2244638357027204,-0.7481493064513315,-1.0140677512169813,-1.1717330918001976,-0.4903671546674297,-0.48232991558187904,-1.5874494299694895,-1.277209135885205,-1.1553410370755877,-1.136704559054746,1
1.2128164248064663,-0.30817977891024867,-1.168717627632051,0.5985369837740325,1,0,0,1,0,0,-0.23054406556205628,-0.28208427435022915,-0.2721740783507456,-0.26362794713510607,-0.03931599837000361,-0.013205280007814225,-0.9553824578364918,-0.12900511843662474,1.7837899531158445,-0.18687776122300584,0.9129336028801632,0.7911194057487374,-0.9492293890146988,-1.4450155010755736,-0.2966228832199141,1.6700381856777866,-0.8130433181282534,-0.0820279011343533,0.7547787594442794,0.33041212922948743,-0.11535989836711892,-0.1200867192029038,-0.7602733044889932,-0.553740037598122,-1.2669426755704911,-0.33041212922948743,-0.7547787594442801,-1.3723329986258064,-0.3345252120667762,-0.19121049065408274,0.6795757665130432,0.2909201075607231,-1.033144539371952,0.18764225758709038,-0.1532996650890431,-0.29429738304996345,-0.16527347000083534,-0.17942508891434333,-0.2046721523111086,-0.5551985114998699,-0.7192535184037778,-0.3185222492974822,0.7806711296729086,1.0714264874841732,-0.2706882785040748,0
0.6474106529472365,-0.46278637473902035,-0.8790386569529866,-0.13478617003801185,1,0,0,1,0,0,-0.028641073495936725,-0.4105896036672442,-0.16982862701171944,-0.3371164531272297,-0.12314063136367974,-0.055241393347473154,-0.6152986152276583,1.2250397698509616,-0.10034543143527004,0.48348233776152366,0.308269461370607,0.2177588723599989,-0.7122856452747629,-0.9084686850193961,0.6076852302049673,-0.34623471346382595,0.6955987176505734,0.38368113302817525,0.6912331826893887,-0.38855952469070976,-0.052143503408297355,-1.0726398060432543,-0.21075692991880282,0.0365903345973358,-0.02617544864713692,0.38855952469070976,-0.6912331826893894,-0.9823978079100336,0.19081952690966666,-0.9190192424451392,-0.9354867953196102,-0.6478353053894121,-0.49755964466293656,-0.22015379130249568,-0.5408768497097485,-0.8523972546416179,-0.16527347000083534,-1.0899443568808573,-0.44187577897824326,-0.47740088330094144,-0.4315605721200442,-0.1916295312302808,0.6160407084282594,0.45906541823023866,-0.5799798072721716,1
-0.5091011531284612,1.572867137006469,0.27967722576327125,-0.13478617003801185,0,1,0,1,0,0,-0.19268725454965888,-0.31987995944346886,0.6105554394483548,-0.5315427366969427,0.5239494562869886,0.16477741264308213,-0.3632134384793146,0.14643039547586797,0.5189152049996113,-0.8907669037513793,-0.15702173103625836,-0.356918771173793,-0.0884268083358668,-0.9646761210095673,0.008419356307409925,0.03380503520547063,-1.7785222957721645,-1.404385996654065,-1.90032120844486,1.3979208031972914,-0.4588358858798267,-0.1925459868873565,-0.6754036687604081,-0.5601836444431219,-1.166973643540068,-1.3979208031972914,1.9003212084448584,-0.9545452942874786,-0.10937746679115769,-0.3458698504096825,-0.2765412700918884,-0.9379960693921812,-0.30852968182446,-0.8726274695258333,-0.04256332662598434,-0.6043528672675491,-0.38732140769626244,-0.1035484832504671,0.2606118846128881,-0.1402778277722523,-0.3469449996836519,0.030432725387320277,-0.37174181903963527,0.3477270420022505,-0.08511336124321738,0
-0.5862019402001745,1.1863506474345409,-0.8790386569529866,-1.161438585374874,1,0,0,1,0,0,0.009215737516460692,-0.4193116848426072,0.29072590401389814,-0.4702058734279261,0.18296883703986688,0.04090503609961909,-0.8729865484231675,0.03409064867000984,0.36817411215471824,-0.7102916761750754,-0.542429778722033,-0.7592166547204842,0.06924812023671995,-0.6987708237441038,-0.16431841226059776,-0.3893210692784154,-0.93004111197143,-0.9466117864412991,-0.8569681418843186,-0.18555039652161812,0.5157054727116075,-0.2114010633816864,-0.8945364738652853,0.037345384033696395,-0.2189968880651556,0.18555039652161812,0.8569681418843179,-0.6760201580619267,-0.18442671521636386,-0.09113678728281299,-0.2765412700918884,-0.6136987449184976,0.038025250046078915,-0.05703537174666111,0.40038202722625016,-0.17027518936292965,0.3343343898138759,-0.3311783002420958,-0.43275256256796935,-0.8015576674631424,-0.7361766328910565,0.2207718024881207,0.2044646553166367,0.1250502895462747,-0.5181215015185524,0
0.5189093411610479,0.7225308599482267,-0.15484123025532542,-1.161438585374874,1,0,0,1,0,0,0.31207022561564,-0.475714476443288,0.07324181991846762,-0.4314363466446798,-0.1563843049011682,-0.03243456589723267,0.7686877056363792,0.4801404961681349,-1.383589440339318,1.3563659855330288,0.7885721787631563,0.7226468344988776,-0.1936690982137762,-0.24870044827762236,0.7677564289578096,-0.295670969019771,0.6023958183279571,0.17366751327746222,0.6912331826893887,0.30004743805884815,-1.3173775241918784,0.11011363719669318,1.5942923059991536,-1.2350375593154188,-0.8556299283987093,-0.3000474380588474,-0.6912331826893894,0.0759977097470634,1.3165582532877582,1.4463592008757944,1.0413497803635572,1.2751909344720769,1.0146800580448727,1.4110304042558486,1.1201682272361313,1.586705887870056,-1.2477571662660425,0.04820472807728505,-0.14993285384946126,0.6765972683164937,0.09305597698558829,-1.3336639938350878,0.12214944469431245,0.29205785388825667,-0.45626319576493324,0
0.2105061928741954,-0.4885541407104817,0.27967722576327125,0.3052077222492148,1,0,0,0,1,0,-0.7605394197356201,1.9943789124195173,-0.34893316685501513,-0.2508976547585177,1.2375307746283346,1.7277158820272096,1.1971632537201673,-0.38520671916733823,0.916010024021785,0.7925118463278036,0.48514580602409324,0.010564284123761635,-0.4831262256636318,1.6891361535948717,-0.30531041891195143,-0.01609061368775404,1.179483786753587,0.898256595392714,0.9041108648182726,-0.8822777243979375,0.0230802957050888,0.22285503562250863,-1.2683859043385581,0.09892355687250529,0.24625942562562797,0.8822777243979375,-0.9041108648182734,1.4964759044973779,-0.3345252120667762,-0.16391766246191838,-0.1473362651452761,0.32505666803163763,-0.11949971898598452,-0.13859458152457876,-0.5408768497097485,-0.10826409251941274,0.16779843654230542,0.4275877563966659,0.6255405410238652,-0.17917664187171697,-0.1269445113490324,1.870377137361731,0.6983559190505837,0.29205785388825667,0.2860364732784985,1
0.004904094016293398,0.026801178718756015,-0.8790386569529866,1.0385308760612593,1,0,0,1,0,0,-0.36935237260751347,-0.19777082298838666,0.36748499251816774,-0.4788856182301454,0.6163213974047463,0.21799334336030993,-1.499727433929743,0.5405831630280612,0.5063665404968734,-1.083285969531095,-0.7581092648494296,-1.1275413814344735,0.03704893512509285,-1.3864262458320844,1.2375382434084257,0.0015330117731661573,-0.8823794506515721,-0.9231840659033528,-0.1984048918790851,-1.3410564071273077,0.7001067352196421,0.49777128893166184,-0.6906794952498068,0.5884970982697632,0.08426961628089354,1.3410564071273077,0.1984048918790844,-1.3723329986258064,0.7161642658861095,-0.8917264142529749,-0.7545997883943533,-1.0233374705694662,-0.844114576533476,-0.22015379130249568,-0.1532996650890431,-1.3484860293897554,0.6118943119331598,0.4275877563966659,-0.08607033897753999,-0.4255357978349895,-0.1777138548108673,0.2207718024881207,0.8629863402952329,0.23638866577426285,-0.5799798072721716,0
-0.07219669305541997,-0.6689285025107157,2.452269505856255,0.5985369837740325,1,0,0,1,0,0,-0.3945902466157784,-0.17160457946229762,1.096696333308729,-0.6131323378378044,0.9597179835954135,0.34186571990377296,0.748198870523415,-1.8225573304919753,0.5496366360000793,-0.31838838005556147,0.6041763030563959,0.07491048473358411,-0.6192168644854357,1.3422749733644792,0.1380890288715712,0.16003911085667397,-0.0987863016165407,0.3344221608113093,-0.6392523306161391,0.7361716451058063,0.30079659519945434,2.639851691092458,-0.5905478220504656,0.33216735508060624,-0.4589606340505239,-0.7361716451058063,0.6392523306161384,0.6887530094432773,-0.3345252120667762,-1.3375092747249961,-1.0646918002662225,-1.040405750804923,-0.7495995951142377,-1.2804235184154193,-1.2052948804881005,-1.1004416420156866,0.11228645211844858,2.096873081001942,-0.5513543759015367,-0.7496925819971905,-0.5838686025055501,-0.5405845059150832,-0.4540570296619595,-0.15329565102369538,-0.3944048900113141,0
0.2105061928741954,-0.87507063028241,2.8867879618748513,0.5985369837740325,1,0,0,0,1,0,-0.7100636717190902,0.857600999230538,-0.2210013526812325,-0.3139704669879782,1.048156237724814,0.9021981668675244,2.055065575709789,-2.932787276218585,1.7210727105418047,1.2290378999506988,2.6459417326631707,0.3189746194868963,-2.5965474563445,2.2125690203883384,-0.767875995958651,1.2492196992388875,0.9751093728290265,1.4335353323218045,-0.47959406901947754,0.910698895591472,-0.6468458136008368,3.256101260158905,-1.0974187281411905,-0.6934491496464826,-2.040285603011777,-0.910698895591472,0.4795940690194761,2.248493772306368,-0.6347222057676005,0.35464607318920965,0.9767472778902511,1.3832900426299712,-0.34003467563087314,-1.6066603575270884,-1.648240234340335,0.5118468759157585,-0.859173275299045,1.9451198696741894,-1.481922449749529,-1.709196663117305,-1.8023328455895995,-1.4922798914190887,-0.04248097655033679,0.45906541823023866,-1.6934293108373202,1
1.2128164248064663,-0.9266061622253344,-0.4445202009343899,0.3052077222492148,0,1,0,1,0,0,-0.38197130961164594,-0.1966078788316716,3.015673545915469,-0.7259690202666557,1.3909711528009798,0.4098390095593917,-0.2594696659681449,0.7095662363238902,0.2747310076171747,-0.43594050704055637,0.6100229885756151,0.08663656682541837,0.23572206751307395,-0.32677682785052414,-0.27708201162129653,0.03269593607574867,0.056981964252633036,0.31563635953574104,0.4513710056427588,-0.3295023237687909,0.03428733062637099,-1.2514766042707455,-0.3427102283838402,0.6454298408169414,-0.4849022901586327,0.32950232376879157,-0.4513710056427595,-0.2582324537235989,-0.18442671521636386,0.2636699792153276,0.24027874969456073,0.2567835470898098,0.41608517572303205,0.2692014673650073,0.06817301183707392,0.20179139169817292,-0.19302946221276363,-1.317574173872486,-0.8524205174405927,-0.8793552956620708,-0.6007917169928287,-1.175048096251087,-0.6186874509066087,-0.8213259083916238,-1.0748462533011267,1
0.004904094016293398,-1.235819353882877,1.0038746524609323,-0.8681093238500562,1,0,0,1,0,0,-0.4576849316364408,-0.08729112810045517,-0.11865590134220637,-0.3741500309500322,0.42266636227659665,0.2220180776162347,0.43652708625079684,-1.2069507755916555,0.08168245377654346,-0.053842617947741984,-0.5453031672325178,-1.1718500095328896,-0.47874010679735846,0.21523704618327416,-0.03465562127406135,-0.47230821161269554,-0.07722430638326418,-0.9835255900381443,-0.604544012877736,-0.9986842558367333,-0.3919392191936536,1.6218605765782215,-0.5862868541314066,-0.0038363970804204074,-0.2513004867979815,0.9986842558367333,0.6045440128777353,-0.06326485836571254,-0.3345252120667762,-0.9281168518425269,-1.0000892977929163,-0.972132629863095,-1.0646495331783645,-0.30171300108041293,-0.04256332662598434,-1.1004416420156866,-0.6093693453916895,0.8828473903799233,-1.1808563082104715,-1.2553771652902237,-1.176177609560296,-0.6040308649486834,0.6983559190505837,0.23638866577426285,-1.5078543935764617,0
-0.4320003660567478,-0.46278637473902035,1.7280720791585935,0.3052077222492148,1,0,0,1,0,0,-0.48292280564470574,-0.0640322449661538,-0.2593808969333673,-0.2705717429768815,0.3296501296494419,0.1598582929969518,2.2809629188068223,2.083542877886612,-0.3945826448866829,2.2475482913642044,1.8036489850668602,0.7676230921640722,-1.3466485277761329,1.8321705862521274,1.6187982966700427,-0.8476801526790202,2.0214744003586245,1.5396203623471765,0.9953441571592244,0.05977612737849499,-1.3410512014191749,-1.2380513905876511,-0.31242910932318846,-1.0318333299074902,-0.8416923949924657,-0.05977612737849499,-0.9953441571592251,0.9951306592913848,0.7161642658861095,-1.4830710250832082,-1.6073528210419945,-0.9209277891567239,-0.37153966943728567,-1.1173050988595852,-1.5375038958772762,-1.2864749325462383,-1.3310251429018278,-1.317574173872486,-0.9162830323125138,-0.9182541097615345,-1.2100238385348534,-0.4771381468814831,0.03983423407198747,0.06938110143228039,-1.0748462533011267,1
-0.894605088487027,1.1348151154916164,-0.4445202009343899,0.3052077222492148,0,1,0,0,1,0,0.17326191857018283,-0.45071117707391406,-0.46407179961141953,-0.1044992924277517,-0.6353726776253965,-0.2658691527408706,-1.925969308210302,-0.5208112175856789,0.5939049811500413,-1.571712733733741,-1.4837462307606768,-1.5514601339089884,0.7210122638316638,-1.4967265013242326,0.5381905927875883,0.08558602232081766,-0.9246485801180805,-1.622118983239372,-1.2890243254862828,-0.8375679493470506,1.182595721624945,1.2539772620080134,-0.7258823066188546,1.2064168008200322,0.34525930060078985,0.8375679493470506,1.2890243254862819,-1.3723329986258064,0.7161642658861095,0.5638910893291381,0.5245297605771081,0.10316902497069583,-0.6235796198885869,0.10608304780917345,0.8986955503100138,0.2638024885416898,1.1670141561717275,1.2622304186993043,0.19674936974096682,-0.21807545597118072,0.2622871218583729,0.28421816152172197,0.28677986593896093,-0.09762646290970158,0.22417816752487937,0
0.6474106529472365,-0.7204640344536393,-0.8790386569529866,-0.8681093238500562,1,0,0,1,0,0,-0.028641073495936725,-0.4105896036672442,-0.6687627022894718,0.291875720206931,-0.9663501220387847,-0.5413398529241675,-0.8563736184594211,0.9103570673463293,0.5273182018543896,-0.07421803548255836,0.5812044530577782,0.7536069453847529,-0.2069065718098355,-1.0199227461281122,0.2172853382240529,-0.42144697936690934,0.8916068699248847,0.7168807314984721,0.6912331826893902,0.3422733367180179,0.17171357236503848,-1.0318219627441092,-1.1443752172712787,0.9843658875697697,-0.055699749228384034,-0.3422733367180179,-0.6912331826893908,-1.0938078624002545,-0.18442671521636386,-1.0827762115981268,-1.1034533017502068,-0.7502449868021539,-0.40304466324369825,-0.709509049969999,-1.0391903727935126,-0.9764194483286528,0.08453045990652028,-1.0140677512169813,-0.24116501795220557,-0.7756251247301669,-0.38079122865820925,0.12560226393772106,-0.6186874509066087,-0.5429799678216537,-0.3944048900113141,0
0.8787130141623758,1.572867137006469,0.27967722576327125,-0.13478617003801185,1,0,0,1,0,0,-0.571255364673633,0.1394829824589832,0.6105554394483548,-0.5315427366969427,1.1080408812904556,0.5180596417742582,0.6669215823858562,-0.48429919955353135,1.2998961637774982,0.4304415616280874,1.0012231865396386,1.0236976435416838,-0.36388394528798595,0.6567867026878279,-0.6422797072903224,1.0976115440324317,0.3357567950641804,0.6408963383703554,0.18609969967169646,1.2116300738185948,-0.27111716033489336,0.021294138961411958,-0.6740078541642835,-0.24856808945091668,-0.6759286443050487,-1.2116300738185954,-0.18609969967169718,0.6609004958207222,-0.5596729573423944,0.16359627584405784,0.7183372679970265,0.8371050750953478,-0.5605696322757617,-0.46483142063624716,-0.5962450189412776,0.07776919801113909,-0.19302946221276363,0.12408133374116129,0.32447439948480933,-0.08841274230630035,-0.1777138548108673,0.3476645205553221,-0.6186874509066087,-0.09762646290970158,0.10046155601764112,1
0.030604356373531493,0.20717554051898904,1.0038746524609323,0.3052077222492148,1,0,0,1,0,0,0.3751649106363024,-0.4838550855402935,-0.7839013350458762,1.9873192049071065,-1.8364317992282138,-1.9079607291581855,-0.4095378326324819,0.9547147632003572,-0.4460046649010025,-0.34405458953677703,-0.5054377845663643,0.49560602133579773,1.041262951572704,0.7531364091551662,0.8115515585755501,-0.8568596002192419,0.645129698146683,0.3155541550374115,1.4008254564523381,-0.7133741297612541,1.321997351623898,-0.49738143841148935,-0.25135794483112256,1.1044951193302668,0.9651710890007729,0.7133741297612541,-1.4008254564523388,0.5494904413305014,0.5660657690356972,-0.4277483349861756,-0.7804407893836761,-0.5112890635057554,0.29006520049738066,0.758556726032511,0.12354118106860354,-0.728375060954584,1.194770148383656,-0.482931511569848,-0.058700689746716966,-0.17917664187171697,0.2622871218583729,0.31594134103852145,-0.5363722402842841,-0.8769950965056176,-0.08511336124321738,0
-1.2287084991311177,0.9544407536913834,-0.8790386569529866,0.5985369837740325,1,0,0,1,0,0,-0.10435469552073157,-0.3786086393575798,0.13720772700535894,-0.4401160914468991,0.18372504293285305,0.04895450461146867,-0.10750887541861227,0.37006048507578276,-0.17278351248273222,0.08610315767063474,-0.16613801735313857,-0.0958448364839915,0.6276840224223451,-0.42095259066628843,1.9286273304691552,-0.7617077104427424,-0.18663499737202452,-0.5969214068677381,0.8915886482224574,-1.0149876916124754,-0.27111716033489336,1.4241368922705055,-0.5292419403375711,-0.3013838796955822,-0.36679001315292886,1.0149876916124754,-0.8915886482224581,-0.5646101035717058,1.3165582532877582,-0.8280431484712572,-1.051771299771562,-1.05747403104038,-0.37153966943728567,1.247911984700014,0.8433273810784847,-1.2244638357027204,-0.19302946221276363,1.4898602356909325,0.32447439948480933,-0.010615114107371936,-0.1269445113490324,0.5697267771729232,1.2745623934068555,0.793080546914203,-0.1469716669968365,1
1.0586148506630406,-0.7204640344536393,-0.8790386569529866,-0.8681093238500562,1,0,0,1,0,0,-0.2684008765744537,-0.2675474723912908,-0.6687627022894718,0.291875720206931,-0.7344913508946546,-0.4313304499288898,-0.9559035704084433,1.3132604893601134,0.12203038283614197,-1.1093796057520668,-0.438662240703349,0.468085922770576,0.7442904019788852,-1.0374176952364789,0.5928019498655188,-0.9537308244096027,-0.32001094606107205,-0.2639638817764111,0.18032674558006626,0.45956749966015986,0.29263164636543887,-1.208635255717582,-1.1252271224606087,1.1813828999679663,0.31257304266697183,-0.45956749966015986,-0.18032674558006695,-0.9266927806649233,0.7161642658861095,0.427426948368315,-0.1602567656399366,-0.27233314020935756,1.1722050270769362,0.35076067714292497,0.2896456887631914,-0.046252995675895824,0.08453045990652028,-1.2416975682086098,-0.6243401071837319,-1.060883094792903,-0.6007917169928287,0.030432725387320277,-0.9479482933959068,-0.8769950965056176,-0.5181215015185524,0
0.8787130141623758,0.49062096620506923,0.27967722576327125,-1.161438585374874,1,0,0,1,0,0,-0.571255364673633,0.1394829824589832,0.17558727125749374,-0.445902587981712,0.8773259456338688,0.4518751228990506,1.4281362871899894,0.503283431577352,0.2489449156328778,1.6529527935648547,1.2948768805691253,0.03730709504543099,-1.1432576117371827,0.8528369423900889,-0.8107633127780697,1.0413741795406635,0.6129319300763669,0.9094816554697435,-0.11207882534413707,0.16204084244106823,-1.133713647864532,-1.5029771928941649,0.706164581321164,-1.6252597747275028,-0.7954715422590243,-0.16204084244106823,0.11207882534413637,0.744458036688388,-0.7848207026180125,-0.12752722487236504,0.42116575661981864,0.6664222727407777,-0.655084613695,-0.8726274695258333,-0.9284540343304539,-0.10826409251941274,-0.9979532363586869,-1.317574173872486,0.6255405410238652,0.9229564242797662,0.12690220596014448,0.28421816152172197,0.5337254978059351,0.6817421706862145,0.10046155601764112,0
-0.7147032519863632,-0.4370186087675581,-0.8790386569529866,1.7718540298733036,1,0,0,1,0,0,-0.6469689866984278,0.2906657228319421,-0.5024513438635544,-0.06110056841665506,0.39956654801998714,0.27076208138243496,-1.1462648721030277,-2.2956024793790157,0.0010933045167459872,-0.8258314393291912,-1.1114700059574527,-1.0009384222042328,0.46290079394552447,0.4781438519751306,-1.3738557874743011,-1.0509524138349158,1.0902988392927513,0.2712266860320048,-0.35307242775419667,-1.0149876916124754,2.071664910936477,1.7744878773276993,-1.0576004063399866,2.196766661749382,1.7097655119799708,1.0149876916124754,0.35307242775419595,0.0759977097470634,-1.4602639384448675,-1.1737523055720087,-1.4523068151060594,-1.040405750804923,-0.43454965705011084,-0.9541866793037505,-0.9284540343304539,-0.9764194483286528,1.1392581639597994,0.8069707847160468,-1.5366617482111748,-1.7351292058502814,-0.9900233502002335,-0.1916295312302808,-1.1125787146405561,-1.545025353873546,-1.198562864808365,0
0.10770514344524394,-0.4370186087675581,1.4383931084795292,1.7718540298733036,1,0,0,1,0,0,-0.7479204827314877,1.598977899136394,-0.5024513438635544,-0.06110056841665506,0.9012659350619028,1.276945645363633,-1.1262807872471199,-0.9276785779990003,-0.04463405512455735,-0.9571888256762033,-0.590010349603922,-0.5399563082951812,0.6623359615614824,0.5684938466096616,-0.02265313572068235,-0.9587215275382361,0.8562350644511688,0.8248457564851871,0.5444209881177442,-1.276386111883534,2.134153204555083,1.2505745475359449,-0.902406427819312,2.142128383779435,1.5723436888193718,1.276386111883534,-0.544420988117745,-0.007559831120602114,-0.5596729573423944,-1.655925603633584,-1.7882398279672513,-1.4500444764558913,-0.34003467563087314,-0.38327221085833024,-0.6516131881728072,-1.2864749325462383,1.194770148383656,0.4275877563966659,-1.5184153153906257,-1.657331577651353,-0.9223308922511192,-0.3819686083310823,-0.8656330827735822,-1.378017789531564,-1.2604211705619852,1
0.2105061928741954,0.10410447663314094,2.8867879618748513,1.478524768348486,1,0,0,1,0,0,-0.7100636717190902,0.857600999230538,-0.7711081536284979,1.5938374405398303,-0.2460909445985543,-0.5721961488862576,1.3955607735370303,-0.6220559089295077,1.7309756349354453,0.4798312828654064,0.9429971162510663,-0.5551613784272187,-1.792607128890006,2.4294560252594395,-0.5921240308140385,1.3434966676358011,1.3661011062826312,1.7250594341100143,-0.46991781074089073,-0.29111514316954507,0.48692260771288914,0.2606144014498345,-1.0162170963345019,0.7063813651909793,0.45824234651350343,0.29111514316954507,0.46991781074089,2.4156088540416993,-0.4846237089171882,0.2727675886127153,0.9509062769009282,1.5369045647490853,-0.5290646384693491,-1.9328971966387571,-2.0358174189610403,0.5738579727592754,-0.10976148557697851,-0.4070549059059717,-1.7921118076988587,-1.9166570049811138,-1.5992554717422576,-0.6040308649486834,-0.37174181903963527,-0.5429799678216537,-1.4459960878228426,1
-0.894605088487027,1.1605828814630785,-0.4445202009343899,-0.13478617003801185,0,1,0,1,0,0,0.1858808555743153,-0.45071117707391406,-0.8478672421327675,6.228821164924953,-2.90406547447421,-5.16039320064052,-2.025460670050317,0.9869169091755827,0.03198166681640868,-2.3844567347233787,-3.650998955004365,-2.1274033731619117,2.333940571187627,-1.4985460327441702,0.9500006780122785,0.19853010756359213,-1.067446971696247,-1.8043274926157624,-1.674074396520441,-1.2411978630008915,1.3191228277958482,-0.4028846058024302,0.15578360200061497,2.162785071605992,2.984902840013555,1.2411978630008915,1.6740743965204403,-1.4001855122483615,0.9413120111617277,0.14540105704928116,0.22735824919990022,-0.22112829950298704,-1.033144539371952,-0.30171300108041293,0.6218547041523672,-0.23228628620644656,0.5008703430854462,-0.8623145398892288,-1.7373725092372125,-1.4109724216880806,-0.6515610604546642,-0.3502454288142823,-2.1003612421084505,-2.547070739925439,-1.136704559054746,0
-0.48340089077122306,0.8513696898055362,0.27967722576327125,-0.4281154315628296,0,1,0,1,0,0,-0.20530619155379135,-0.31987995944346886,2.1329440281163685,-0.6912500410577783,1.0046179165376743,0.2882025964914424,-0.2766046178082302,0.48269249932546826,0.1433030491185818,-0.38275093470188876,-0.820554496023076,-1.791024241974339,0.04884852132292027,-0.9428572007095853,-0.09898799198833258,0.0030766716588633675,-1.6411383159613204,-1.269785609333278,-1.9287998281276528,-0.529783266025729,-0.557466351236181,-0.7616746009952489,-0.19280831052158978,-1.1102528415163206,-0.17293747152070713,0.529783266025729,1.9287998281276528,-0.9266927806649233,-0.18442671521636386,-0.2821865846279648,-0.23777976860790415,-0.8526546682148961,-0.2140147004052217,-1.0357458890816678,-0.26403600355210183,-0.5423417704240322,-0.5261013687559044,-0.7105613285614767,0.014285041535478216,-0.08841274230630035,-0.5161761445564365,0.8235122133073248,0.2044646553166367,-0.04195727479570725,0.038603250264021984,1
0.46750881644657266,0.5679242641194551,-1.168717627632051,0.3052077222492148,1,0,0,0,1,0,0.816827705780939,-0.5722388414506387,-0.5280377066983108,0.07198885188404132,-1.0758004845499582,-0.4957261980236865,-0.8229593041223984,-1.0221491221420989,-0.03393865695121724,-0.7387684509668205,-1.150137388301262,-1.4879854986250005,0.3094930715927753,-1.3453856078918143,-0.3332427843259832,0.8760954139018202,-1.9351999095516061,-1.7343072481453312,-1.6310688041711723,-0.41176056791003435,-0.1999485017775555,1.0690964423589449,0.9267866816557578,-0.9208825878647366,-0.1979785384180996,0.41176056791003435,1.631068804171171,-1.1216603760228097,0.19081952690966666,1.7738731391817693,2.062069319441795,0.9395147565080901,0.1010352376589052,0.4323198869208419,1.6184817503198954,1.3179911348814817,-0.3595654154843339,0.6552175733882943,-0.7338187041070253,-0.1921429132382052,-0.5330992590437151,-0.794369942049485,0.2044646553166367,0.013711913318286572,-0.76555472453303,0
0.2876069799459088,2.01091915852132,-0.4445202009343899,-1.8947617391869185,1,0,0,1,0,0,-0.6217311126901629,0.2819436416565791,0.5082099881093286,-0.5055035022902847,1.1996768794611885,0.6074981807948091,0.09984137920562948,-1.5282317910809924,-1.6284037956507695,0.9694627500400933,0.5770044559725502,1.169116377712029,-0.10283140272620818,-0.9204101915667585,-1.1617896048773575,-1.381159664954069,0.3071510942852403,0.051031822912083,-0.007768161614413057,1.6022396676771504,-1.0584948867450987,0.9336907716300497,0.8381502757561509,-1.0051158634711712,-0.7003114095790167,-1.602239667677151,0.007768161614412348,-0.8709877534198129,-1.0850176963188372,-0.018355912103706302,-0.7287587874050313,-0.5795621844475838,1.0776900456576979,-0.13859458152457876,-0.1532996650890431,-0.046252995675895824,-1.1089772052064004,0.4275877563966659,-0.989268763594709,-0.46443461193445323,-0.8038690908401701,-1.2702176348014877,-1.0302635040182315,-0.4316415915936655,-0.8892713360402683,1
0.13340540580248203,1.8563125626925503,-0.4445202009343899,-0.13478617003801185,1,0,0,1,0,0,-0.6848257977108253,0.5232545541749558,-0.3745195296897717,-0.22022922312400942,0.7474826148875222,0.5726171505767943,0.3632426123346765,-1.0219028705166906,-0.44088022887477124,0.6204664764711102,0.8240283203157537,0.28230165531247525,-0.8430248405987953,0.13583797356863525,-1.5553059978427488,-0.6291901312021753,0.4739792092532313,1.3022815215139054,0.3041828515459622,0.08334093927970501,-0.36936999209720583,-0.15547764578512907,-0.029577360546342173,-0.36822051018608165,0.2001472632346138,-0.08334093927970501,-0.3041828515459622,0.24311279148239442,-1.3852146900196616,0.46381738595786837,0.046471242274642305,0.2397152668543526,1.8968198846244282,-0.6279498401920818,-0.8177176958673952,0.8839134569768611,-0.7203933142394032,-0.7105613285614767,-1.8194814569296822,-1.553601406719449,-1.5654092427677009,-0.9212626601166852,-0.8656330827735822,-0.9326642846196119,-1.8790042280981787,1
1.0329145883058024,0.49062096620506923,0.5693561964423357,-0.13478617003801185,1,0,0,1,0,0,-0.07911682151246661,-0.38442336014115513,0.4954168066919504,-0.5014529547159157,0.36332195440599163,0.09188500334133312,0.3974495340826832,-0.37349071726541216,0.8320460439793286,-0.20623716180310134,0.18792481705218983,1.1981623837460285,1.5548259754247353,0.777561241984749,-0.31032163856739686,0.7256699336859844,0.2704093878162476,-0.077846276949988,0.9750700921945687,0.6670879417885637,0.2242667791301404,0.20175432548677072,-0.4082065158144153,0.5467464204018324,-0.32031320386037215,-0.6670879417885637,-0.9750700921945695,0.577342954953057,-0.40957446049198204,-0.4095531161914002,0.007709740790658993,0.12023730520615308,-1.1906695084040155,1.5741488238116832,1.1201682272361313,-0.5423417704240322,-0.026493508941193386,-0.1035484832504671,-0.8159276517994943,-0.8793552956620708,-0.6346379459673855,-0.8895394805998851,-1.1125787146405561,-0.9883334727336057,-1.0129879475475077,0
-0.27779879191332196,0.5936920300909173,0.27967722576327125,-1.8947617391869185,1,0,0,1,0,0,0.13540510755778543,-0.4396632075851209,0.25234635976176334,-0.46268342793266937,0.0690774397992103,0.019439786734686864,0.9269017254693,0.4827939224130774,-1.4589131812504053,1.1749033189086047,0.5031793852837735,-0.4159027378041926,-0.9648620086830396,-0.44566796698646666,1.088889979396948,0.13379967344517368,-0.8478915124140268,-1.201143120818639,-0.08658911739692104,-0.4813636975680082,-1.7341855940222228,0.42817626757550636,2.12883896087127,-2.4279732949926096,-1.8268403185054545,0.4813636975680082,0.08658911739692034,-0.23037994010104354,1.4666567501381707,1.0005763404037717,0.9250652759116064,0.4957394703862077,-0.024984737566746233,1.6557080335896,1.8953225964775422,0.38782468222872474,-1.6640970494449683,-0.1035484832504671,-1.308581337954314,-0.2051091846046925,-1.1254082660984612,-2.253636199822293,1.3568776040291806,1.1827648637121608,-2.002720839605417,0
0.5960101282327613,-1.6996391413691911,0.5693561964423357,-0.13478617003801185,1,0,0,1,0,0,-0.5460174906653681,0.10168729736574346,2.2480826608727726,-0.6993511362065163,1.5406326765947458,0.618677998172378,-0.9523793248177586,-1.368868818728322,0.43971927110955694,0.2598267993155532,-0.12244161814739578,0.2254412820090994,0.19569203367532848,-0.9370212516790091,-0.6709196710431884,-0.05216300398406632,-0.12900788910692176,-0.4418802525054932,0.21054164239835904,0.0986623829151082,0.3880460405493543,1.2067028147267989,-0.6535297627126044,-0.4789312577424416,-0.27222996127109844,-0.0986623829151082,-0.21054164239835974,-1.0938078624002545,-1.009968447893631,-1.583144728454478,-1.3618633116434313,-1.3305665148076924,-1.348194477436079,-0.30171300108041293,-0.4301405112466897,-1.9065859009814097,0.3898463742377325,1.1863538130354276,0.13288685486904556,-0.23104172733766892,-0.39771434314548676,0.7600658542737248,0.36909507656128593,0.45906541823023866,0.10046155601764112,0
0.6474106529472365,-0.4370186087675581,-0.8790386569529866,1.7718540298733036,1,0,0,1,0,0,-0.028641073495936725,-0.4105896036672442,-0.5024513438635544,-0.029274837475184185,-0.5554835976506626,-0.2931479071421386,-2.2661131809194703,-0.5306000714221485,-0.014500776894817602,-0.6287230325071104,-0.30998056862246187,-0.7948361358067437,-0.27364557982723203,-1.0157372395414113,0.324519643317523,-0.6054739910685989,0.3690688345177326,0.25182802838157836,0.3242026962602782,-1.4056019766329109,2.13617285969677,1.053361904516471,-0.5886199215407246,1.2153265937141995,0.6488509761726597,1.4056019766329109,-0.3242026962602789,-1.0938078624002545,-0.10937746679115769,-1.110069039790291,-1.2068173057074962,-1.0233374705694662,-0.34003467563087314,-0.46483142063624716,-0.6516131881728072,-1.0384305451721696,1.4445740782910115,0.5034643620605421,-1.0348848456460813,-1.1386807229918314,-0.6684841749419423,-0.4771381468814831,0.12214944469431245,-0.48731077970765985,-1.3222794763156045,0
2.08662534495255,0.2587110724619126,-0.4445202009343899,-0.8681093238500562,1,0,0,1,0,0,0.3499270366280375,-0.4850180296970086,5.190514386869774,-0.7682104449707897,1.0523446537052055,0.22067649953092644,-0.06665447105830188,2.2844995067346687,-1.660258801671949,-0.12465461493137113,-1.093331168795025,0.008259406653384893,0.9833095773035448,-1.0916096737309327,1.9907969721196355,-1.8202566048732272,-1.3393467788868079,-2.3104261991236306,-0.7684994947658201,0.7734532878151856,-0.9980388593911997,-1.1412105635014296,0.4404470578648217,-1.1596729964141883,-0.8342974290907965,-0.7734532878151856,0.7684994947658194,-0.9545452942874786,2.2171492343902317,0.6548671833030202,-0.4703487775118068,-0.9379960693921812,0.7626401075935709,1.247911984700014,1.9506907657090713,-0.046252995675895824,-1.053465220782544,-1.2416975682086098,-0.934529465133063,-0.5940973255993336,-0.9731002357129547,-0.9529858396334858,-0.28942660841731066,0.06938110143228039,-1.0748462533011267,1
-0.14929748012713334,-0.5400896726534062,0.27967722576327125,0.5985369837740325,1,0,0,1,0,0,-0.4198281206240434,-0.16462691452200723,0.16279408984011548,-0.4401160914468991,0.5716170020125538,0.21352141640928238,0.2530113403950006,-0.9351768732470549,0.5146402547334612,0.5253560713709801,1.1023060553163955,1.0853224191619808,-0.8923597582805205,-0.20999175120672303,-0.8029276306505695,0.12906175641868153,-0.5658263591164338,-0.05417584887464618,0.08301123374971872,1.3979208031972914,-0.5616397113465929,0.47920433297281145,-0.5738358502387955,-1.270785891216176,-1.4859440303666709,-1.3979208031972914,-0.08301123374971872,-0.3139374809687093,-0.8598699510432187,-0.4914316007678933,-0.354064273059855,-0.5454256239766699,-0.11949971898598452,-0.30171300108041293,-0.3747723420151606,-0.5423417704240322,-0.8175392869811524,-0.17942508891434333,-1.605085871288233,-1.5925002208189127,-1.870025303538713,-1.175048096251087,-0.41289942435079735,0.29205785388825667,-1.2294920176851751,0
-1.2287084991311177,0.10410447663314094,-0.8790386569529866,1.478524768348486,1,0,0,1,0,0,-0.1295925695289965,-0.35709417245835107,-0.7711081536284979,1.6198766749464881,-1.3801488435131979,-1.5265053602355358,-0.8430235694774578,1.432535877135672,-0.09493472002668937,-1.1421706630576243,-1.1626689949725773,0.8150718714081813,1.7262316453503008,-0.6802804088185805,2.056813638467028,-0.8537050350375335,-0.3685810943937963,-0.533175713585222,1.0418552473722593,0.07836147009820059,0.4925166258354882,0.09427030239112814,-0.7281122866045703,1.1775201752173274,0.9909843262164155,-0.07836147009820059,-1.04185524737226,-0.7038726716844818,1.6918044954137887,-0.3640650692044592,-0.7287587874050313,-0.8185181077439823,0.2270552128845555,1.3294711944779316,0.8433273810784847,-0.9144083514851348,0.0012624832707351544,-0.4070549059059717,-1.4454295841084306,-1.5276688639864726,-1.0746389226366257,-0.3819686083310823,-1.1125787146405561,-1.211010225189582,-1.0129879475475077,0
1.572620097807795,-0.4370186087675581,-0.15484123025532542,-0.13478617003801185,1,0,0,1,0,0,0.6023057767106869,-0.5367690446708291,-0.16982862701171944,-0.3371164531272297,-0.5031741488122929,-0.15228220818477092,0.11357593363689293,0.5555932847732297,-0.13796062623145763,-0.28213477112889856,-0.34218208286516055,-1.3251433569525417,-0.7005031002683644,-0.09840030450650163,-0.2060242967172353,-0.5404058324104384,-0.10075289559821442,-0.303273835252623,-1.2246659564705729,-0.5927287050207662,-0.2562505253143471,-0.9689598372370887,-0.3544589472659499,0.281241027380226,0.14876559376060475,0.5927287050207662,1.2246659564705722,-0.09111737198826762,-0.18442671521636386,0.03622974428062242,-0.25070026910256554,-0.27233314020935756,0.29006520049738066,-0.9541866793037505,-0.5408768497097485,-0.10826409251941274,-0.3595654154843339,-1.0140677512169813,-0.5148615102604385,-0.6070635969658218,-0.4654068010946016,-0.12818317219668063,0.28677986593896093,0.013711913318286572,-0.76555472453303,1
1.0586148506630406,0.6709953280053031,-0.15484123025532542,-0.13478617003801185,1,0,0,1,0,0,0.7789708947685415,-0.5623538161185606,0.41865771818768077,-0.49161591060673376,-0.17380232675733326,-0.05255823717685663,0.08126992537340008,0.4352284173157666,-0.8793351197406823,0.037656927092220654,-0.2535883444151544,1.5971830004212233,1.418771051897619,-0.3899721105825123,0.1820024747049426,-1.1882681280863736,-0.06142053990710815,-0.2211964065215001,0.7869085454439438,1.3979208031972914,-0.5026633475538764,-0.41503857775972625,0.007985694001008181,-0.11177563506053192,0.11372202889246628,-1.3979208031972914,-0.7869085454439446,-0.3139374809687093,0.26586877533487285,0.2909628074074919,-0.39282577454383927,-0.3918111018575571,1.140700033270523,1.4110304042558486,1.0648000580046022,0.015758101167622184,-0.38732140769626244,-0.2553016945782196,0.48869229486974886,0.4172718409867329,0.34690269429476517,0.5380035976561225,-1.1125787146405561,-0.6543183440496418,0.40975308478573785,1
1.135715637734753,-0.2566442469673251,-0.4445202009343899,0.3052077222492148,1,0,0,1,0,0,0.07231042253712305,-0.433267014723188,-0.4512786181940413,-0.1345890744087787,-0.5451168139911332,-0.2291993517424447,-1.6372301282089505,-0.7781529164681928,-0.41712342828350796,-2.72962728894887,-2.3146653872393865,-2.2126261441468493,1.0283827012655378,-1.8678008086641442,0.751867008493373,-1.0617552867820896,-3.041949452612697,-3.1748616884959997,-1.565270247876788,-1.4653421880752575,0.41032378748325526,1.821243162410633,-0.49673996774537016,0.6712053610746174,-0.09045613574753089,1.4653421880752575,1.5652702478767886,-1.7622681893415788,0.491016520610491,-0.4823339913705056,-0.9225662948249498,-1.9108880428132304,-0.37153966943728567,0.5138790966987595,1.6738499195514247,-0.9144083514851348,0.05677446769459199,1.1104772073715516,-1.0531312784666302,-1.112748180258855,-0.8207922053274488,-0.857816301083085,0.8629863402952329,0.18071947766026855,-1.3841377820692236,0
-0.5862019402001745,-0.46278637473902035,-0.8790386569529866,0.3052077222492148,1,0,0,1,0,0,0.009215737516460692,-0.4193116848426072,0.047655457083711085,-0.4250712004563856,0.026871710766385438,0.006024005881604224,-0.5225524074643976,-0.9028264998751806,-0.36234626198762665,-0.5916090820198759,-0.6000686344968634,0.24149625876430186,0.4904497698689631,-0.6815800606195099,-0.026080828205607323,-0.35468435776084556,-0.8882105939159638,-0.9064699134022303,-1.1820904200447964,1.5017549802280383,0.04559507715711521,1.2130305032937903,0.13891590488813307,-0.08150871825426921,-0.1048728265982739,-1.501754980228039,1.1820904200447957,-0.6481676444393714,-0.03432821836595151,-0.018355912103706302,-0.19901826712392082,-0.5283573437412127,0.06953024385249205,-0.30171300108041293,0.2896456887631914,0.07776919801113909,-0.1375174777889068,0.8069707847160468,-0.669956189235104,-0.5033334260339178,-0.4992530300691578,-0.635754044465484,-1.0302635040182315,-0.48731077970765985,-0.20882997275045564,0
0.5703098658755232,-0.87507063028241,-0.15484123025532542,0.5985369837740325,0,1,0,0,1,0,-0.19268725454965888,-0.3256946802270442,-0.19541498984647596,-0.3313299565924168,0.0014825059930399678,0.00557681318650147,-0.338911247972023,-2.786765535090314,1.053281008013669,-0.7926892183599984,-0.05580192982649923,-0.30515614215078307,-0.05055925712784552,-1.1992397047966759,-0.8918052639944526,0.24647262712070614,-1.884379240488431,-1.5552082934751001,-1.5250276175565338,1.0963072413460702,-0.7270018425028013,2.9315322176935448,-1.1921892025505598,-0.7976462042944177,-1.4458129601177923,-1.0963072413460702,1.5250276175565338,-1.17736540326792,-0.9349191994684248,-0.4823339913705056,-0.28946177058654887,-0.9892009100985523,-0.6235796198885869,-0.5463906304141645,0.17890935030013266,-0.790386157798101,-0.8869292675109735,1.843951062122355,-1.278170616586733,-1.5925002208189127,-1.7289993494780596,-0.7520723693604175,-0.48149543320273464,0.013711913318286572,-1.1779434295571587,0
0.4161082917320974,-1.1069805240255675,-0.8790386569529866,0.3052077222492148,1,0,0,1,0,0,-0.7226826087232228,1.0930971909653393,0.7896599792916505,-0.5610538690244884,1.7414207698730537,1.2742624891930163,-0.3869884122247539,-1.7306236516911255,0.8751805365067516,0.3607130331276311,0.5820245642584264,-0.9815365999116049,-1.3101444895606982,0.10933451035192371,-0.5425198292676101,-0.8303680367040445,0.5593609956936108,0.613256009023792,-0.8569681418843186,-0.48876828582949433,0.6473625620353818,1.8318508187121716,-2.0308409086256405,0.06735275175369465,-0.15793530653580998,0.48876828582949433,0.8569681418843179,-0.3417899945912644,-0.9349191994684248,-1.655925603633584,-1.7365578259886068,-1.4841810369268051,-0.43454965705011084,-1.5251011477491712,-1.4267675574142176,-1.2864749325462383,1.0004782029001573,2.400379503657447,1.2459192569225261,-0.16621037050522874,-0.1269445113490324,2.790349343348936,1.5215080252738291,1.3497724280541432,0.9664778365683122,1
0.2105061928741954,0.6452275620338409,0.5693561964423357,-0.8681093238500562,1,0,0,1,0,0,0.04707254852885811,-0.4274522939396127,0.31631226684865466,-0.4765710196162203,0.1686027833460905,0.039563458014310826,0.014546693764525139,0.43742519487964476,0.6318274219017264,1.1652401225525828,2.0184135585933896,0.6139672699974303,-2.541096122616947,-0.7880733466202421,0.42917130402102127,0.8436797886420196,-0.31787943853795547,0.11263126554681996,0.1590389773671773,0.679645207448506,-0.8076611341433059,-0.17044541665185697,-0.015912428666999778,-1.8893680403706816,-2.514073971013531,-0.679645207448506,-0.15903897736717798,-0.6760201580619267,0.5660657690356972,0.4547197765604794,0.8475422729436388,0.6664222727407777,-0.11949971898598452,-0.22015379130249568,-0.319404172783631,0.2638024885416898,-0.9146852597229018,-0.482931511569848,-1.0440080620563552,-0.892321567028559,-1.4807936703313085,-1.6508957890030895,0.9453015509175579,1.5167799923961247,-1.6315710050837011,1
-0.09789695541265715,1.3409572432633117,-0.15484123025532542,-1.6014324776621007,1,0,0,1,0,0,-0.6595879237025604,0.36334973262663384,0.5593827137788417,-0.5211270429342795,1.3516450201945474,0.6821793608769692,0.6002983958794349,-1.6295493608927465,0.5353713743765871,0.3360320440747505,0.7417115825441192,-0.4679101568397538,-1.286288396814098,-0.5503591875365617,-0.5080195850594956,0.6090871917535011,-0.012249817451149066,-0.03286213799695971,-0.3925077445122049,-0.24888924451037456,-1.3846419478555818,1.7276847698642108,-0.11979671625257868,-0.4661043218587009,-0.9963448650056329,0.24888924451037456,0.39250774451220416,-0.7874302125521474,-0.8598699510432187,-1.4648758062884317,-0.9871687972982559,-0.9379960693921812,-1.5057194464681423,-0.8726274695258333,-0.8177176958673952,-1.1624527388592034,-1.2200011740541141,2.1727496866658176,1.0360852794862145,0.806259981981374,0.549980068142106,0.12560226393772106,1.6861384465184783,1.6837875567381073,0.40975308478573785,1
1.2128164248064663,-1.158516055968491,-0.4445202009343899,0.5985369837740325,0,1,0,0,1,0,-0.38197130961164594,-0.1966078788316716,5.3952052895478255,-0.7711036932381962,1.7060421406340425,0.44472003977740654,0.5019958834857812,-1.2602453634721973,-0.6542415556823973,0.9058533405683629,1.711039050366182,-0.08257786765340401,-2.8501913428116405,-0.30175164306959523,-0.44233652720619776,0.4596391315037548,0.027318693388266993,0.3947246781098385,0.11065768597424898,-0.2223753081429889,-0.9995441822456816,1.286603289004908,1.3562631235721083,-1.1966606735984335,-1.8390627440148957,0.22237530814298817,-0.11065768597424969,-0.28608496734615396,-0.40957446049198204,0.018034525485845748,0.2531992501892221,0.2567835470898098,-0.05648973137315825,-0.13859458152457876,-0.2086678343205727,0.015758101167622184,-0.8406692804910928,1.5910290432427672,0.8049637970925972,1.454573550305776,0.7812626328015783,-1.703767754864423,3.908649133321241,4.096119041677849,0.5747085667953888,0
0.4932090788038099,-1.0039094601397194,1.0038746524609323,0.3052077222492148,1,0,0,1,0,0,0.36254597363216995,-0.4855995017753661,2.273669023707529,-0.6999297858599977,0.6123395052897759,0.16746056881369864,-0.491411346848533,-1.6864353418527258,-0.013512810604749138,-0.4920963296974826,-0.09417522358905532,-2.1016429122353637,-0.9231386471291347,-0.24638727565172586,-1.0380113162561784,-0.027691206275386016,0.08602778659946522,-0.14112449722334094,-1.2094604077470812,-1.6668621640005967,0.4371321773329264,1.2748284822691867,-0.009354526998482396,0.7500940745905429,-0.015348200895781003,1.6668621640005967,1.2094604077470805,-0.3696425082138195,-1.0850176963188372,-0.600602913536552,-0.5220307794904515,-0.4600842227993849,-0.5920746260821743,-1.1173050988595852,-0.762349526635866,-0.6663639641110671,0.7586045564819242,1.7716876281567582,1.2003031748711541,1.0100156748833287,1.2970146933662556,0.18451674018320632,1.9095654467790735,1.0475682640067472,0.5157958946490849,0
-0.6633027272718879,2.0366869244927823,0.5693561964423357,0.3052077222492148,1,0,0,1,0,0,0.9934928238387936,-0.6042198057603031,-0.5920036137852022,0.13448301446002048,-1.2832305416212164,-0.5686186073254356,-0.11246382622473633,0.6379171031673991,-0.21702563595991017,-0.08446319505927337,-0.45987270713924705,-1.2851597431734352,-0.05680039202325761,0.3334479959062959,2.1236536419230623,-0.5862672014568766,0.8887128131133999,-0.05627440615762118,-0.7046860443852642,-1.0539055705610194,0.48956099665025327,1.2518683553200014,-0.2924606833117506,0.9953367400012362,0.5429160373020684,1.0539055705610194,0.7046860443852634,0.1317027369921738,1.6167552469885829,-0.5915053041391644,-0.7804407893836761,-0.42594766232847037,-0.5605696322757617,-0.709509049969999,-0.4855086804782194,-0.4183195767369984,0.3620903820258042,1.0346006017076752,-0.2685346671830286,-0.37367071236903754,0.025363519036474696,-0.12818317219668063,0.03983423407198747,-0.4316415915936655,-0.45626319576493324,1
0.930113538876852,0.7225308599482267,-0.4445202009343899,1.0385308760612593,1,0,0,0,1,0,-0.4703038686405733,-0.06693960535794147,-0.1826218084290977,-0.3353805041667859,0.38563857147627845,0.20770791137294656,-2.132130704457531,-0.6654046227088855,0.26630627684380376,-1.1262590597039521,-0.5705398865364261,-0.471491782017518,-0.004954208822718731,-0.40588052820728004,-0.21357417892579186,0.1322029236206245,0.22103229134155752,0.32358964474914165,-0.4914206069155262,-0.15567358143258175,2.5592286049239625,0.6993348030608079,-0.23119841312118572,1.7406751659703799,1.0576521017224494,0.15567358143258175,0.49142060691552547,-0.4253475354589299,-0.25947596364157,-0.19121049065408274,-0.09565426316663046,7.593435579547688e-4,-0.11949971898598452,-0.9541866793037505,-0.8730858650989243,-0.4183195767369984,1.8609139614699375,0.27583454506891375,-0.8980365994919648,-0.8663890242955825,-0.21156008378542468,-0.667477223982284,-0.7833178721512579,-0.9326642846196119,-0.5799798072721716,0
1.2899172118781799,-0.07626988516709207,-0.8790386569529866,-0.8681093238500562,1,0,0,1,0,0,0.7411140837561441,-0.5582835115700578,0.29072590401389814,-0.47194182238836996,-0.22754669978598083,-0.064632439944631,0.6881359965190132,0.30380778852675183,-0.40491554989506573,1.6464665919651171,0.5280490843624718,0.6409284763570219,-0.18017988073830482,-0.6259326401088011,1.0985953489213311,-1.25477802225379,-0.1262168325812603,-1.1404965446779487,-0.7433772838313556,1.6114225379908527,-1.582294373104546,0.683562979583636,-0.7073977805761317,-2.34942459519856,-1.799962567622138,-1.6114225379908527,0.7433772838313549,-0.5089050763265954,1.2415090048625523,0.49111021415003275,-0.2765412700918884,-0.3064697006802721,0.4790951633358572,0.6769975162545934,1.2309045656991897,0.5118468759157585,-1.46980510396147,0.7310941790521709,0.23324223538206504,-0.17917664187171697,-1.0746389226366257,0.6966194952401235,0.03983423407198747,1.0714264874841732,-0.1469716669968365,1
-0.38059984134227254,0.1298722426046032,0.5693561964423357,-0.13478617003801185,1,0,0,1,0,0,0.1480240445619179,-0.44198909589855107,0.36748499251816774,-0.48409346511147705,0.1253842744532704,0.03419714567307777,0.7638164752440662,-0.8338295579538857,1.0720085528564178,1.4333540625901886,1.707513381883546,0.9194646822733662,-1.2306390407391314,0.9456040918522713,-0.11054812308325648,0.49666811917575243,1.2263554467126947,0.7700941826575465,0.1590389773671773,1.0963072413460702,-0.11726893531583196,1.033712553430894,-0.9663680429730126,-0.7203357979346543,-1.468003940869446,-1.0963072413460702,-0.15903897736717798,0.5634166981417792,-0.3720498362793791,-0.8507871719647278,-0.49295965337746356,-0.01204186661863847,-1.1906695084040155,-0.9337968768592713,-1.0945585420250417,-0.7128722867437045,-0.08200549336504998,1.0346006017076752,0.16025650409986858,-0.37367071236903754,-0.6177148314801074,0.030432725387320277,0.12214944469431245,0.793080546914203,-0.023255055489598248,1
1.0072143259485644,-0.07626988516709207,-1.6032360836506476,2.505177183685348,1,0,0,1,0,0,-0.7731583567397526,2.3083738347325857,-0.42569225535928473,-0.16815075431069346,1.2505663918349497,1.9052513819830033,-1.573244018587981,-0.1305554314904849,-0.011281592474883176,-0.6062477357043377,-0.8761768832761246,-0.18293640891295387,0.7511446616422952,-0.9719757880212779,-0.12932708063031173,0.2939752044344288,-0.8122228960797255,-0.6903566688422581,-0.6392523306161405,0.3844992353771891,1.2164473499027901,0.049634396604020935,0.31083904444471516,0.01361525889093581,0.46507393976550593,-0.38449923537718983,0.6392523306161398,-1.0659553487776992,-0.4846237089171882,-1.1646546961746211,-0.8579637923516437,-1.091610591511294,-1.0961545269847772,-0.5463906304141645,-0.319404172783631,-1.2244638357027204,0.5841383197212315,-0.4070549059059717,-1.3450742035954124,-1.0090180093269512,-0.939254006738398,-0.826093121566285,-1.1125787146405561,-1.0996718489615938,-1.0748462533011267,1
1.1871161624492292,-1.596568077483343,-1.168717627632051,-0.4281154315628296,1,0,0,1,0,0,0.2363566035908452,-0.4664109231895675,-0.08027635709007157,-0.3822511260987702,-0.2297014550894833,-0.06329086185932274,0.6931217214692497,0.1872256457422501,-0.7159607850092817,0.20109166066440098,0.03032379054148661,-0.5179690374279536,-0.6731696187840146,0.8067910692127286,-0.44663172972116466,-1.2841580387460756,0.19197788784798256,0.07328359210525914,-0.5252107151899512,-0.18555039652161812,-0.15766649592830945,-0.7043989366662872,-0.31171260727469796,-0.08129987287351298,0.03212475135611954,0.18555039652161812,0.52521071518995055,0.4659329004628361,-0.6347222057676005,-0.8007503202790929,-1.2714198081808024,-1.1428154322176651,0.41608517572303205,-0.8726274695258333,-0.762349526635866,-0.728375060954584,-0.27629743884854874,-0.7864379342253526,-0.5239847266707137,-0.5940973255993336,-0.5838686025055501,-0.033013633646279864,0.2044646553166367,0.1250502895462747,-0.5799798072721716,0
-1.305809286202831,0.8771374557769975,-0.15484123025532542,0.3052077222492148,1,0,0,1,0,0,2.8106197524338694,-0.7240030539019552,-0.579210432367824,0.11538757589513797,-1.7066165897693322,-0.6459829435782121,-0.7044515042799467,-0.1871991642251186,-1.2572618051281896,0.11094371429823258,-0.5190795285439778,-0.5179690374279547,0.42049923857595495,7.917420869138495e-4,-1.2660893904900687,-0.5049002563744873,1.0061546721152104,0.5415745843736028,-0.5252107151899527,-0.18555039652161812,0.9803480643166687,-1.0114038299067905,1.2113429408687706,0.8478079490901126,1.2035709822290168,0.18555039652161812,0.525210715189952,0.35452284597261524,-0.9349191994684248,1.4463592008757944,0.9121447754169449,1.3320852019236007,1.3297299961089997,-0.22015379130249568,0.012804842605544792,1.3800022317249987,0.77843026520473,-1.0140677512169813,-0.33239718205494984,0.31354167005482897,0.65151875506577694,-0.826093121566285,-1.0302635040182315,-1.211010225189582,-0.2706882785040748,0
-0.3291993166277972,0.5679242641194551,-1.168717627632051,0.3052077222492148,1,0,0,1,0,0,-0.09173575851659908,-0.3838418880627976,0.46983044385719386,-0.5002956554089532,0.36184670483635734,0.09143781064623036,-0.5590524670781737,1.4521720519583752,-0.6549644946028822,-1.7414354408774302,-1.9906490415633307,-0.7803258212335809,1.7970775152610368,-1.4067711500766462,1.463832003528206,-0.1602873124961304,-2.169473195293748,-2.585143665570463,-1.4375436385994584,0.3614669270176405,-0.6282530933595678,-0.5267169482961749,0.7342851145534703,0.20135444894895088,0.06405161594750255,-0.3614669270176405,1.4375436385994576,-1.3723329986258064,1.0163612595869336,-0.6642861793182697,-0.6383152839424023,-1.381771355514063,-1.1591645145976028,0.2692014673650073,1.2309045656991897,-1.2244638357027204,-0.8314172830871166,-0.8623145398892288,-1.3998135020570583,-0.8793552956620708,-0.7530997473783346,-1.6191726094862895,-0.8656330827735822,-0.8213259083916238,-1.3222794763156045,1
0.4932090788038099,0.6967630939767645,-0.15484123025532542,0.3052077222492148,1,0,0,1,0,0,-0.6974447347149578,0.7732875478686955,0.009275912831576286,-0.41639145565416624,1.1878258775971022,0.9165083331108127,-0.19305157685381125,-0.4344463823650853,0.8421321986641787,0.12945506810323165,0.17859071803850984,0.14382899288568604,-0.2697066886615046,-1.6070468180400976,-0.608684681173583,1.270378545423105,-1.3836612462471696,-0.885458903514454,-0.3224700655433951,0.5159874767715705,-1.3372993283189358,-0.013475657487312992,0.12538499614076218,-1.5469002516681989,-1.0966549587931909,-0.5159874767715705,0.32247006554339436,-1.5673005939836924,-0.8598699510432187,-1.1646546961746211,-0.43158727602782254,-0.9209277891567239,-1.5687294340809674,-0.46483142063624716,-0.3747723420151606,-1.534519319920306,-1.2755131584779709,-0.1035484832504671,-0.2685346671830286,-0.16621037050522874,-0.7530997473783346,-0.2233527107470814,0.2044646553166367,0.514734606344233,-0.5181215015185524,0
0.15910566815972013,-0.2824120129387873,-0.4445202009343899,0.3052077222492148,1,0,0,1,0,0,-0.34411449859924853,-0.23847386847341406,0.6105554394483548,-0.5315427366969427,0.7005415108293317,0.22738438995746776,-0.41729578660649,0.500067412777916,-0.9080539417940053,0.2900538400008441,0.5804977150685168,-0.1457404052474339,-0.6981975230039132,-0.30095629287365905,-0.00627938159322027,-1.2429689235785235,0.6329505423983446,0.6823642194544884,-1.2737915754233924,1.0645584453617318,0.2795479676025482,-0.6926487642693001,-0.0077237383108691975,0.23577889793096254,-0.08847961114617091,-1.0645584453617318,1.2737915754233915,-0.6481676444393714,-0.5596729573423944,-1.6923160412231368,-1.9303653334085251,-1.6548638392813753,-0.15100471279239655,-1.85133798686084,-1.7036084035718644,-1.3484860293897554,0.0012624832707351544,-0.8623145398892288,-0.8797901666714156,-0.7496925819971905,-0.6177148314801074,-0.857816301083085,-1.0302635040182315,-0.7099875321636356,-0.8274130302866491,1
0.544609603518286,0.49062096620506923,-0.15484123025532542,-1.161438585374874,1,0,0,1,0,0,0.2868323516073751,-0.475714476443288,0.08603500133584588,-0.4314363466446798,-0.13279903162829473,-0.03243456589723267,0.5250637825146209,1.3949869808676783,-0.3918476831418727,1.0671405774155136,0.394658896700539,0.3714070653420073,-0.23085235376785693,-0.36039171954546717,0.4681977423724626,-0.24093074849091967,-0.38082783981761587,-0.45305790434561244,-0.40749033797582196,0.910698895591472,-1.0902131308599534,-1.4456331898345494,0.2935567428694649,-1.8192604409099393,-0.9553987575385403,-0.910698895591472,0.40749033797582124,-0.27215871053487645,0.5660657690356972,0.35464607318920965,0.16921599697392434,0.009293483675682786,0.30581769740058723,0.18764225758709038,0.42806611184201476,0.44983577907224165,-0.9979532363586869,-1.317574173872486,0.23324223538206504,0.35244048415429274,-0.4315605721200442,0.3476645205553221,-0.04248097655033679,0.45906541823023866,-0.08511336124321738,0
0.23620645523143258,0.026801178718756015,-0.4445202009343899,1.0385308760612593,1,0,0,1,0,0,-0.596493238681898,0.18890810911937359,0.39307135535292426,-0.4904586112997712,1.068622461004794,0.5243203395056968,-0.6030915045295137,-1.1185059976684342,0.23696286924062246,-0.7067890300346666,-0.17125753867672847,-0.016181655588899384,0.3148736048189938,-0.3022237445079258,-0.8874847203544821,-0.7243416428849939,-0.27664008954316494,0.03982617810571445,1.4252941555476124,-1.435659238404968,0.5366350134047283,0.6461218734201163,-1.0518296764127204,0.6805148040570769,0.26152569916658336,1.435659238404968,-1.4252941555476133,-0.17467491285593337,-0.7097714541928067,0.5456958705343614,0.05939174276930372,-0.05044549714841698,1.3297299961089997,1.6557080335896,0.954063719541543,0.015758101167622184,0.4731143508735179,0.5793409677244183,-0.04957747333644305,-0.5811310542328463,-0.29617565622181696,0.6966194952401235,1.0276167615398821,0.3477270420022505,-0.332546584257695,1
0.5189093411610479,0.18140777454752677,-1.168717627632051,0.3052077222492148,1,0,0,1,0,0,0.5770679027024219,-0.5268840193387511,1.3653531430736725,-0.6432221198188314,0.2787082566999723,0.09188500334133312,-0.6655126573139535,-2.149501223335115,-1.6426442422171366,0.387942585260016,0.33710023841582387,1.1691363561947985,-0.32407853426599226,-1.4693342828568052,-1.907589147161801,-2.4104616154007714,-0.4824685419239696,-0.5443446738617771,0.4407888507730546,1.1573935323539142,-0.54272995242337,1.0392769553187722,-0.17673175142709427,-1.0024929520417794,-0.9696934456821296,-1.1573935323539142,-0.4407888507730553,-1.3166279713806959,-1.685411683720486,0.9914787310063841,-0.5737127814690962,-0.71610842633123994,2.904979686429634,1.0032343553662626,0.8433273810784847,0.7598912632898273,-0.6371253376036178,0.6552175733882943,-0.6790794056453779,-0.6589286824317738,-0.9731002357129547,-0.5405845059150832,-0.12479618717266176,0.514734606344233,-0.5799798072721716,1
-0.3291993166277972,1.0575118175772313,0.27967722576327125,-0.4281154315628296,1,0,0,1,0,0,-0.81101516775215,5.73615173665025,0.022069094248954552,-0.4204420032285353,2.3196326621130696,4.736428334678543,0.7690999977814056,-1.1515765222782446,-0.02097759580484913,1.8254771538974945,2.8741297299741495,3.9876249729371733,-1.0138691592223645,-0.1290063756416763,-0.6557244457128762,0.10649248985206591,1.2014583876665217,1.9624867070883676,3.9061206270847904,1.5646019821150705,-1.1983539193902422,0.923684561736082,0.1356917584236055,-1.2747562941833497,-1.820523109815184,-1.5646019821150712,-3.9061206270847912,-0.5089050763265954,-1.009968447893631,-1.6286327754414192,-1.3360223106541085,-0.8867912286858101,-0.4660546508565234,0.18764225758709038,-1.149926711256571,-1.8445748041378918,-1.2200011740541141,0.4275877563966659,-0.97102233077416,-0.7626588533636787,-1.159254495073018,-1.5240030709358887,-0.4540570296619595,0.3477270420022505,-1.0748462533011267,1
1.1614159000919912,1.6244026689493918,-0.15484123025532542,-1.6014324776621007,1,0,0,1,0,0,-0.8236341047562825,6.256569246780242,0.20117363409225028,-0.4545823327839313,2.8975218581666384,5.16305016580657,1.6463488497631233,-1.3740264106722515,0.7443023642651738,2.8167740560540957,4.247394553785151,1.7126973369580427,-3.5266377914457214,1.1261607709652484,-0.40062308434203553,0.39879219751928846,2.245560979446526,3.1834604672448243,1.2234273880116016,1.122534507594003,-1.1640415789693537,1.4845589584242684,-0.616738567093324,-1.578620198687354,-2.4137914042059916,-1.122534507594003,-1.2234273880116022,0.4659329004628361,-0.7848207026180125,-1.4830710250832082,-1.0905328012555453,-0.2894014204448148,-0.2770246880180474,-2.0960156161945913,-2.534130942044804,-0.790386157798101,-1.192245181842186,0.8828473903799233,-0.97102233077416,-1.0997819088923677,-1.5484861282804228,-1.3019408143182878,0.4514102871836102,1.2384340518261547,-1.3222794763156045,1
-0.48340089077122306,0.5679242641194551,0.27967722576327125,0.3052077222492148,0,1,0,0,1,0,-0.20530619155379135,-0.31987995944346886,-0.5280377066983108,0.07198885188404132,-0.44176483251536497,-0.301644568349091,-0.45165426592023933,-0.6226785495206716,-0.7784598512886263,-0.560269612942401,-0.8915765723015855,-1.001335722605625,0.15834821204356908,-0.6993960179683977,0.0570038576453789,-0.24505098014362856,-1.314777519200916,-0.9493391513184157,-0.9197330604481181,-0.45352244570481864,-0.07079200917614653,0.9117510639342058,0.8179280928530306,-0.546822780307025,0.23224830242535607,0.45352244570481864,0.9197330604481174,-0.5924626171942612,0.19081952690966666,0.427426948368315,0.22735824919990022,-0.32353798091572933,0.5736101447550955,-0.22015379130249568,0.2342775195316623,0.139780294854656,-0.22078545442469194,0.5793409677244183,-0.6060936743631827,-0.127311556405765,-0.33002188519637315,-0.5088613263982832,-0.04248097655033679,-0.26463402725168356,-0.45626319576493324,0
1.2128164248064663,1.0832795835486928,-1.168717627632051,0.3052077222492148,1,0,0,1,0,0,-0.24316300256618875,-0.28208427435022915,-0.5408308881156891,0.07777534841885421,-0.42685176720740486,-0.27704897011843943,-2.0207074713105455,0.33024655505866707,2.638074045409709,-1.416016616856844,-0.9555595197781648,-0.7300324640111101,0.6019314055182967,-1.5766821070150197,0.13953510412427564,1.7403499690530178,-1.0836544492257265,-0.4569018188457477,0.288491621905012,-1.2817996886347096,1.2344407444803576,-0.3134905567558302,-1.857451715891638,0.8384138936344554,0.7961984777813802,1.2817996886347096,-0.2884916219050127,-1.4837430531160272,0.11577027848446049,-0.027453521501095285,0.8733832739329616,0.3421249482670949,-1.1276595207911904,0.35076067714292497,0.2342775195316623,-0.10826409251941274,0.6674062963570164,-0.6346847228976005,-1.1717330918001976,-1.7999605626827215,-1.4469474413567518,0.7917890337905242,-0.4540570296619595,-0.9883334727336057,-1.136704559054746,0
0.2619067175886707,0.28447883843337485,-1.168717627632051,-0.4281154315628296,1,0,0,1,0,0,1.460393492991695,-0.6565522928124812,-0.6431763394547153,0.28319597540471164,-1.5719390791183632,-0.7237944725260914,0.2956036399173594,0.13368217553393305,0.5817147404954838,-0.05067143384769584,-0.41259327992006967,0.001655534267712023,0.22564683852376088,-0.7926752239904636,-1.2216337441633391,0.023317944488239078,-0.33006246683184104,-0.5259590481512643,-0.09720267704722074,0.0986623829151082,-1.2030758010995388,-1.4072888483533517,-0.7717912523798026,-0.2588304540545705,0.022894830152588783,-0.0986623829151082,0.09720267704722003,-0.7038726716844818,-1.0850176963188372,0.30006041680488094,0.26611975068388355,0.12023730520615308,-0.08799472517957138,0.5138790966987595,0.6218547041523672,0.2638024885416898,-1.0812212129944723,-1.2416975682086098,0.48869229486974886,-0.010615114107371936,-0.11002139686175369,1.2993599060593275,0.36909507656128593,0.45906541823023866,0.5334696962929761,0
0.2876069799459088,-0.3339475448817109,-0.4445202009343899,0.5985369837740325,1,0,0,1,0,0,0.6527815247272168,-0.5408393492193319,-0.8094876978806327,3.40790410420367,-2.239166778632351,-3.049643679755518,0.19077593173624535,1.4063174228706024,0.13417052236866678,0.7163475202246828,-0.3536926211865791,-0.32875105590714077,0.09931626836512507,0.3489907941733424,0.9257250362935673,-1.372287690359572,-0.13400106362530417,-0.7423050065692974,0.3871222082195544,-0.8323203231673697,0.08342891242456343,-1.0028437778461354,-1.5624323847080992,-1.1006124458095097,-0.2648986309887084,0.8323203231673697,-0.3871222082195551,0.32667033235006016,0.8662627627365218,0.02713213488323473,-0.6899972859210471,-0.6990401460957827,0.6366201323679207,0.9216751455883455,0.7879592118469556,-0.5423417704240322,-0.22078545442469194,-1.1658209625447336,-1.1169937933385516,-1.6313990349183765,-1.8531021890514345,0.7917890337905242,0.4514102871836102,0.06938110143228039,-1.5078543935764617,0
1.0586148506630406,-1.2615871198543382,-0.15484123025532542,1.478524768348486,1,0,0,1,0,0,0.7789708947685415,-0.5623538161185606,-0.6559695208720935,0.28898247193952453,-1.3801488435131979,-0.6558211828704726,-2.615991692169352,-0.7455389472952391,-1.102445374317001,-1.7075965666611455,-1.8074915934046096,-0.27401323996557625,2.180323397469473,-0.2812191455978627,0.5071212034644886,-1.3968174375185758,-0.21256586766558902,-0.6503959701744593,0.6085622381733164,-0.9772859963810728,3.3566092714827236,1.531298491481617,0.10341294268397455,2.0960761209190477,1.7148425194992774,0.9772859963810728,-0.6085622381733172,-0.09111737198826762,0.7912135143113154,0.8368193712507843,-0.09565426316663046,-0.1699234587966153,1.4557499713346498,2.063504082479186,1.839954427246013,0.5118468759157585,3.1932015876424997,1.4898602356909325,0.12376363845877164,0.15794641365697218,1.0069041592986248,0.09387908442092041,-0.7833178721512579,-1.211010225189582,0.5334696962929761,0
-0.35489957898503444,-0.6689285025107157,1.4383931084795292,1.7718540298733036,1,0,0,1,0,0,0.7158762097478791,-0.5547946790999126,-0.6943490651242283,0.4538976231816918,-1.4906034429200496,-0.7774575959384219,0.6137230428982632,0.04693653661732156,2.396995493542407,-0.030685159248777745,0.4976943294795233,0.39570340788827085,-0.013145660542230528,0.7284246618336128,0.3215117765894987,1.8458834835754623,-0.003286756233360291,0.30476351392754414,-0.7532939460423284,1.286800017252106,-0.1255634914872153,0.25766157031178394,-1.4218382548280266,0.03819457928506453,-0.34948474943797325,-1.286800017252106,0.7532939460423277,0.577342954953057,0.19081952690966666,-0.2821865846279648,0.6795757665130432,0.6493539925053206,-1.537224440274555,-0.9541866793037505,-0.762349526635866,-0.35630847989348147,-0.24854144663662048,0.04820472807728505,-0.5239847266707137,-1.1257144516253432,-1.0407926936620688,0.47455723862252236,-1.1125787146405561,-0.7099875321636356,-0.2706882785040748,0
-0.25209852955608386,-0.46278637473902035,0.27967722576327125,0.3052077222492148,1,0,0,1,0,0,-0.43244705762817587,-0.13787919891756065,0.047655457083711085,-0.4250712004563856,0.5133100376442903,0.22246527031133748,0.49513057515117115,0.10864098470296504,-0.34923049775659804,0.6017532989542206,0.38919434379191575,2.047764498008585,0.769427097534977,0.8913402549158841,1.4381722731461841,-0.4601484365791732,0.999829178391195,0.4587954933769703,1.7106474351375698,1.0963072413460702,0.20212556280779512,1.2916162508994378,0.01500498750818294,0.1784836133162616,-0.058047206112395555,-1.0963072413460702,-1.7106474351375704,0.49378541408539117,0.8662627627365218,-0.9190192424451392,-0.9871687972982559,-0.596630464683041,-0.5290646384693491,0.8401159358104279,0.06817301183707392,-1.1004416420156866,0.08453045990652028,1.0346006017076752,-0.3415203984652251,-0.2829068128036209,-0.194636969298146,-0.44541496736468245,-0.7833178721512579,-0.3759724034796717,-0.1469716669968365,1
0.2105061928741954,-0.87507063028241,0.27967722576327125,0.5985369837740325,1,0,0,0,1,0,-0.7605394197356201,1.9943789124195173,-0.19541498984647596,-0.3313299565924168,1.4102391768590359,1.7898756666464926,0.8263004932170525,-2.5110619340404834,0.30767686905816594,1.221773664904252,1.7946467520839868,1.50939788759875,-1.0858382095277046,0.6700456745339636,-0.7327269797027894,-0.5361359082781523,1.1217626041896651,1.2085151279483608,1.5427439112049288,0.5285640660967125,-0.47948920711557536,2.7124815059062226,-0.9593694703082959,-0.5382168029260855,-1.1532488682074136,-0.5285640660967125,-1.5427439112049297,0.6887530094432773,-0.6347222057676005,0.20908432283099887,-0.10857476366129187,0.3421249482670949,1.0146800580448727,0.10608304780917345,-0.5408768497097485,0.20179139169817292,-0.6688464715601076,1.7716876281567582,-1.1326335928990214,-1.3794829055123232,-1.4590353802762366,-0.7218598174396557,-0.0895182397630935,0.17276673650112656,-1.0748462533011267,0
0.4161082917320974,0.20717554051898904,-0.8790386569529866,0.5985369837740325,1,0,0,1,0,0,-0.7226826087232228,1.0930971909653393,0.03486227566633282,-0.42275660184246044,1.33900464596435,1.167383435063458,0.7597477001809115,-0.9982678228568854,-0.9824173329881605,0.7084552284463619,0.5665343156217847,-1.2902224642902231,-0.5624255493661638,0.3035942295378893,-0.6344962442797593,-0.7135334488934357,0.606428421504762,0.755400916292727,-1.1820904200447964,-0.5873266710771624,-0.7530998943986167,0.7345295066837797,0.6259651021358714,-0.35575326592734297,9.796110285142361e-4,0.5873266710771624,1.1820904200447957,-0.03541234474315745,-0.8598699510432187,-1.0827762115981268,-1.232658306696819,-0.972132629863095,0.038025250046078915,-1.3619827281933365,-1.0945585420250417,-0.4803306735805153,-0.6648813298155464,0.8069707847160468,0.29710475025398503,0.585833368751077,0.39767203775660004,-0.09645999267988113,0.12214944469431245,-0.15329565102369538,0.038603250264021984,1
-1.2030082367738797,-0.1535731830814779,-0.4445202009343899,-0.4281154315628296,0,1,0,1,0,0,0.3877838476404349,-0.49432158295072914,0.40586453677030254,-0.4904586112997712,0.002134717636062032,-0.001131077240039849,-0.6062930435728558,0.7484224374221928,0.06100375341467817,-0.7092480299665184,-0.9756834173061544,-0.46261950497950954,1.1670221832267387,-0.9412563560136625,0.01266194656509126,0.08094174821871787,-1.408947914443351,-1.2196219378650737,0.4217677622730793,-1.0492619600046589,-0.09742702454634898,-1.0145488229700512,-0.0020555235883299105,-0.43894030211652735,0.07771278535818217,1.0492619600046589,-0.42176776227308005,-0.7131568428920001,0.44098368832702045,1.3250577422439533,1.1705547853101694,0.4502240564249892,0.6996301199807459,3.450010648703779,3.427175278549853,1.1732985755799412,0.20789042529286875,-0.6852691266735177,1.3118091532189546,1.1088063138660953,0.8376730144258402,1.3980542423338167,2.0794222306029178,1.560078249818122,0.9870972718195186,0
0.5960101282327613,-0.8235350983394863,-1.168717627632051,1.478524768348486,1,0,0,1,0,0,-0.5838743016777656,0.16274186559328455,-0.23379453409861076,-0.3128131676810156,0.5785743012639791,0.3669085108295272,-0.39539758210467385,-1.8301063761908718,1.2379492114101374,0.7503544238587457,1.8244211780070358,2.518848194958788,-0.7068095964126507,-0.16952825986860962,-1.2046220501689775,-0.137772600162744,0.46745730840624894,0.837371869534899,1.0187373090415193,2.4250372570690173,0.38041932319074023,1.3051145099960544,-1.8307662199663808,-0.550157752673807,-1.5543062348055956,-2.4250372570690164,-1.01873730904152,-0.3139374809687093,-1.2351161931692491,-0.646090960523493,-0.6124742829530796,-0.40887938209301433,0.06953024385249205,-0.5463906304141645,-0.983822203561983,-0.6663639641110671,0.41760236644966076,1.33810702436318,0.2514886682026129,-0.7626588533636787,-0.9054077777638412,0.664896315723324,-0.9479482933959068,0.23638866577426285,0.038603250264021984,1
1.1614159000919912,0.20717554051898904,-0.15484123025532542,2.9451710759725747,0,1,0,1,0,0,-0.3062576875868511,-0.2605698074510004,-0.7327286093763631,0.8560591323511874,-0.9559833383792545,-0.8619770153128425,-2.707013910910702,-0.02439827363114601,0.2028200358627059,-1.8465520155871842,-2.23709448401618,-0.26625553085582276,1.8327932961028233,-0.9881863098085452,-0.569817848697102,1.4742957050890437,-0.8267881537967147,-0.7958173362326367,-0.49837739391320257,0.13114384342216406,2.7767846218297394,-0.5373436156968853,1.2042632195429677,1.6747436630275174,2.131371657526845,-0.13114384342216406,0.4983773939132019,-0.9823978079100336,-0.6347222057676005,-0.4004555067940112,0.3824042551358344,0.017827623793410803,-1.6317394216937933,-0.30171300108041293,-0.09793149585751397,-0.5423417704240322,3.137689603218643,-0.2553016945782196,0.9539763317937442,1.5064386357717279,2.242291516869952,0.2524949820049213,-1.7711003996191523,-1.9347096706715041,1.4613442825972665,0
-0.09789695541265715,-1.158516055968491,-0.15484123025532542,0.5985369837740325,1,0,0,0,1,0,-0.6595879237025604,0.36334973262663384,5.3952052895478255,-0.7711036932381962,2.327759643824545,0.8753666051613592,0.45302764400014084,-0.6531985906876173,-0.954209115283755,1.3934215855762118,1.3636599505927822,0.08550778828664186,-1.7555936101094216,0.01491394154151015,-0.3834770537485368,0.35175550505897296,0.48366889051159684,0.3385315309856396,-0.24687185720061178,0.3614669270176419,-0.6150441322351355,0.5123766708314125,1.6579161862001617,-1.4028248736129436,-1.442314572141041,-0.3614669270176419,0.24687185720061106,-0.17467491285593337,-0.5596729573423944,-0.7188718357025985,-0.44450777652248397,-0.23819657973844427,-0.844114576533476,-0.6279498401920818,-0.5962450189412776,-0.29429738304996345,-0.12363948168294266,1.5277985385228705,2.682825841540749,3.4319299336952014,2.3607533182809015,-0.4612765571230828,3.0854970270979956,3.771382111012883,2.636652091916034,1
1.2899172118781799,0.7225308599482267,-0.8790386569529866,1.0385308760612593,1,0,0,0,1,0,0.7411140837561441,-0.5582835115700578,-0.1826218084290977,-0.3353805041667859,-0.576116143538372,-0.1701699159888811,-2.1981070870568082,-0.07851283741277351,-0.6335178480832744,-1.6087970769155238,-1.350403887796909,-0.5126256825024179,0.9337257339696281,-0.5781142675892809,1.0185045436842601,-1.332116574767422,-0.03052346598719044,-0.8761663629378657,-0.3182898459630537,-0.3834842964864804,2.478876447949238,1.1280768265414691,-0.4726085675051568,2.143114513605135,0.9001852700057338,0.3834842964864804,0.318289845963053,-0.3417899945912644,1.4666567501381707,1.1643333095567605,0.188596747715916,0.17144214591252482,1.2667200084961745,1.166352774922097,1.5077454118568363,1.13195784435093,2.2772538446488637,1.0346006017076752,-0.031331040515893936,-0.2699405414371327,0.5669031826293847,-0.2550758902638815,-0.12479618717266176,-0.32030321536567735,0.16231986177126023,1
-1.5885121721324456,-0.6689285025107157,-0.4445202009343899,1.7718540298733036,1,0,0,1,0,0,-0.06649788450833415,-0.3867492484545853,-0.7583149722111197,1.284259875927341,-1.3485454711757003,-1.2899404245261787,-0.3695210469354237,-0.9589713994195923,-0.21688609178560914,-0.1609245731538354,-0.24417885675257084,0.4166880916267059,0.31830950228969396,-0.18515350393132257,-0.7880378009753438,-0.18147430653633181,0.09706768947156397,0.2874555848272715,0.4407888507730546,0.13114384342216406,0.3288248113723615,0.5267793713883439,0.114126376444404,0.3136493756282115,0.5980889025674972,-0.13114384342216406,-0.4407888507730553,-0.23037994010104354,-0.7848207026180125,-0.2185033188462471,-0.2765412700918884,-0.22112829950298704,0.19555021907814235,0.10608304780917345,-0.09793149585751397,-0.35630847989348147,-0.08200549336504998,-0.02767187758659086,-1.308581337954314,-1.060883094792903,-0.8884846632765624,-0.7309235830158842,-0.7833178721512579,-0.8213259083916238,-1.0748462533011267,0
-0.6890029896291251,0.15564000857606544,-0.8790386569529866,-0.4281154315628296,1,0,0,1,0,0,-0.6469689866984278,0.2906657228319421,-0.3617263482723934,-0.23469546446104164,0.6176913815775852,0.40491988991326133,0.48175432612721375,-0.6078914369513213,-0.16068075810289797,0.3225992264040711,-0.008021665007671907,0.5199988359731537,0.1351193530487689,0.6176101652308993,-0.781329305115948,-1.4014394718469376,1.207684902162318,0.8619158336129888,0.07195265285990604,0.6378546273322155,-0.05278231766035872,0.051631528854002455,-1.1886555357348167,0.7617089334507051,0.8519216105971081,-0.6378546273322155,-0.07195265285990675,0.38237535959517033,-0.8598699510432187,-0.5733100853443877,-1.1551353037288514,-0.6990401460957827,0.7941451013999841,-0.709509049969999,-0.8177176958673952,-0.046252995675895824,-0.22078545442469194,-0.17942508891434333,-0.669956189235104,-1.1257144516253432,-0.8038690908401701,0.7917890337905242,-1.1948939252628807,-1.0996718489615938,-0.332546584257695,1
0.4932090788038099,0.23294330649045036,-1.168717627632051,-0.4281154315628296,1,0,0,1,0,0,0.097548296545388,-0.4361743751149757,-0.6175899766199587,0.19061203084770548,-0.9063107899146974,-0.48275760986570665,-0.616604965604235,-0.17689347674659608,1.0876382222948842,-1.2863065748625389,-0.9919238042354128,-1.6904570163814279,0.021768832596032347,-0.9295878511923817,-1.056875568465984,0.3610970531243034,-1.7638652311767604,-1.0652562985763228,-1.195024760224781,-1.1203707433436239,-0.07142901341007617,-0.8159628952394031,-1.12397017165036,-0.011301372508961545,0.24953408568652036,1.1203707433436239,1.1950247602247803,-0.8431352397972577,-0.9349191994684248,0.2545723698179399,0.4082452561251572,-0.3576745413866426,0.16404522527173035,-0.13859458152457876,0.5111183656893089,0.07776919801113909,0.1400424443303771,-0.5588081172337243,0.9083602497423721,0.11904759955750843,0.10997909147286698,2.0607162144625315,1.2745623934068555,0.7374113588002092,0.5334696962929761,0
1.1614159000919912,0.5679242641194551,-0.15484123025532542,0.3052077222492148,1,0,0,0,1,0,-0.8236341047562825,6.256569246780242,-0.5280377066983108,0.07198885188404132,2.1334305513855543,4.756104813263064,1.0357801415279646,-1.2048653888981924,-0.0747630125853,1.7089535997814038,1.861881063742278,0.37410335069575223,-1.4058040502024165,1.3733849999128616,-0.8735928288422327,0.6649700004757223,1.9970759820530928,3.058263976283581,0.8847583482611019,-0.36726020632542794,-0.06800739066782509,0.7785694400532656,0.7704342637955816,-0.32841970275321813,0.5652629597707142,0.36726020632542794,-0.8847583482611027,0.605195468575612,-1.1600669447440433,-1.592242337851867,-1.077612300760884,-0.3576745413866426,-0.5290646384693491,-2.259134035750426,-2.644867280507863,-0.9144083514851348,-0.026493508941193386,0.8069707847160468,0.19674936974096682,0.5728670973845897,0.39767203775660004,0.2524949820049213,-0.28942660841731066,-0.48731077970765985,0.34789477903211874,1
0.2876069799459088,1.0832795835486928,-0.4445202009343899,0.3052077222492148,1,0,0,1,0,0,-0.6217311126901629,0.2819436416565791,-0.5408308881156891,0.07777534841885421,0.24257282523674706,0.15672794413123253,-1.5458228267609613,-0.7185581890140132,1.0956738896187128,-1.2338221661179303,-0.5997955547171437,-1.11024251891696,0.39144849893656086,-1.1728284717803443,-1.5047394604850743,-0.31443592752692207,-0.7993463878663802,-0.020184867232835753,-0.3593320018427697,-1.1578572735420007,0.9776278801244236,-0.5211712939364744,-1.8138006954806665,0.874195951779241,0.7600570025110672,1.1578572735420007,0.359332001842769,-1.038102835155144,-1.3101654415944555,0.6457695739056325,0.369483754641173,0.017827623793410803,1.3612349899154128,0.18764225758709038,0.40038202722625016,0.7598912632898273,0.6951622885689447,-0.6346847228976005,-0.5513543759015367,-1.333174793489152,-0.9731002357129547,1.2993599060593275,-0.20711139779498602,-0.7099875321636356,-0.5181215015185524,0
-1.691313221561397,0.1298722426046032,-0.15484123025532542,-0.4281154315628296,1,0,0,1,0,0,2.230148650243776,-0.7053959473945141,-0.7071422465416066,0.5233355815994465,-1.9914995630441705,-0.9469436273823658,0.06040703821855342,1.4823729891297392,0.38980675786511915,-0.7590831589922129,-0.9189184166145677,0.16272920722288384,1.1787746701507162,0.635197311718009,1.2766322778335215,-0.6159094381739321,-0.10056081406460571,-0.027152177730391025,1.0066075265840329,-0.7763978591033001,0.5506842124537561,-0.7557012580734223,-1.1518084838903266,0.9257579940001448,1.1681301297038835,0.7763978591033001,-1.0066075265840335,0.577342954953057,1.1664597564373458,-0.027453521501095285,-0.3411437725651945,-0.3576745413866426,0.5736101447550955,1.0847935651441794,0.6218547041523672,-0.29429738304996345,0.8061862574166584,-0.482931511569848,0.9630995482040194,0.14498014229048395,0.5161338391675497,2.4413943686641333,0.2044646553166367,-0.15329565102369538,1.5232025883508855,0
0.10770514344524394,-0.4370186087675581,1.4383931084795292,1.7718540298733036,1,0,0,1,0,0,-0.7479204827314877,1.625144142662483,-0.5024513438635544,-0.029274837475184185,0.9012659350619028,1.2724737184126054,-0.8670511394215267,-0.8650577517467696,-0.06820850643818105,0.027297801463556058,0.07640055202273224,-0.36499067613897507,-0.1492759758748975,1.0481648976766507,-0.3666328234735158,-0.6789127329863318,1.2368285814376945,1.0114756949815442,0.9153149533513734,-1.4056019766329109,2.252969731338831,0.8200341982721165,-0.5889985092574069,1.1895404807769636,0.8881846889594324,1.4056019766329109,-0.915314953351374,0.577342954953057,-0.6347222057676005,-1.0372881646111858,-1.1809763047181743,-0.71610842633123994,-0.11949971898598452,-0.30171300108041293,-0.7069813574043363,-0.6663639641110671,1.8609139614699375,0.5793409677244183,-0.42362934615769415,-0.6459624110652865,-0.1777138548108673,0.2207718024881207,0.12214944469431245,-0.48731077970765985,-0.5799798072721716,1
-0.3291993166277972,1.1348151154916164,0.5693561964423357,0.3052077222492148,1,0,0,0,1,0,-0.785777293743885,3.4218928647872637,-0.46407179961141953,-0.1044992924277517,1.3366494478975959,2.7124341966434753,-0.9692489141345091,-1.5866227819264649,-0.22330677445650154,-1.3796662849643861,-0.2203551945379594,0.07703109560602356,0.43725402563898474,0.12341148337402967,-1.2063836893509738,-1.386991911017664,-0.6592185949009088,0.013230764944346607,1.0187373090415193,-0.9053100327574869,1.4710755093128427,0.9691608641702595,-1.0885252680795088,1.210170268074023,0.2993898118163259,0.9053100327574869,-1.01873730904152,-0.17467491285593337,-1.3101654415944555,-1.06458099280335,-1.5169093175793655,-1.6377955590459181,0.6996301199807459,0.18764225758709038,-0.26403600355210183,-1.4725082230767892,1.194770148383656,0.7310941790521709,-0.378013264106322,-0.8534227529290943,-0.38079122865820925,0.15732544345452057,0.2044646553166367,-0.2089648391376897,-0.3944048900113141,1
1.572620097807795,-1.2615871198543382,-0.15484123025532542,1.478524768348486,1,0,0,1,0,0,0.6023057767106869,-0.5367690446708291,-0.6559695208720935,0.28898247193952453,-1.3038994052467858,-0.6361447042859515,-2.3619873999489944,-1.2969148499167673,-0.5534297829610576,-1.5616703000029952,-1.5165647248373595,-1.2770830012666263,1.004192838475099,0.1571636078787711,-0.2046064784621078,-0.5977273345670738,0.1028925030903337,-0.04267220810653665,-0.38904162214375715,-1.3559421528355944,3.441437001967699,1.5750860540300808,0.15589872667972907,2.2117422694986195,1.929947311764609,1.3559421528355944,0.3890416221437564,0.2152602778598393,-0.10937746679115769,0.28186519801010423,-0.08273376267196997,-0.03337721691295973,0.6366201323679207,-0.30171300108041293,-0.1532996650890431,0.20179139169817292,3.415249525337927,1.6416134470186852,0.33359761589508324,0.36540675552078095,1.2776739910950803,0.31594134103852145,-0.7833178721512579,-1.32234860141757,0.8427612250610729,0
-0.9974061379159777,-0.6689285025107157,-1.168717627632051,1.7718540298733036,1,0,0,1,0,0,-0.6091121756860305,0.22379643382082565,-0.6943490651242283,0.4538976231816918,-0.2255181090975203,-0.17866657719583343,-0.8945160144793299,-0.14850367201757247,1.2693974248031543,-1.1207748168902014,-0.5125192425263235,0.48550555962834885,0.7493010729028476,-1.0471560688142076,0.06133179053891809,0.33269291658995015,-0.8145694330206286,-0.34282884339870096,-1.6929968571541203,2.341265347710685,0.19754028737209584,0.2652667917108196,-1.4009845083810337,0.7063813651909793,0.3315944770498611,-2.341265347710684,1.6929968571541196,-1.2052179168904753,-0.5596729573423944,-1.8378777915813482,-1.4264658141167375,-1.603658998575004,-1.3166894836296663,-1.5251011477491712,-1.0945585420250417,-1.4725082230767892,0.1400424443303771,0.19995793940503753,-0.12256320461863823,-0.8145239388296306,-0.5161761445564365,1.0138512904081252,-1.853415610241477,-1.266679413303576,0.5953280020465953,0
-0.8689048261297889,-0.2566442469673251,0.5693561964423357,0.3052077222492148,0,1,0,1,0,0,-0.1800683175455264,-0.33557970555912225,-0.4512786181940413,-0.1345890744087787,-0.33089868126174904,-0.15407097896518193,-1.0205636507186258,1.2583804870766724,-0.5016181243556083,-1.3362914815760087,-1.5481232819856692,-1.7101601205332908,0.5031869473623093,-0.5568966834338144,2.514471073895399,-0.8839744946406775,-0.7486987888938791,-1.1659470573608344,-0.3224700655433951,-2.0126325500434374,0.8626739952244691,0.7917752128853419,-0.20258033663784966,1.0628466783547834,0.8743157190808458,2.0126325500434374,0.32247006554339436,-0.6551307728450102,1.879427616476804,-0.7029510192571693,-1.0097796731639126,-1.206821483100629,-0.32428217872766657,0.2895912698094869,0.4972763233814264,-0.7128722867437045,0.4731143508735179,0.35171115073279,-0.8980365994919648,-0.8534227529290943,-0.4315605721200442,-0.4136917878478824,0.6160407084282594,-0.26463402725168356,-1.0129879475475077,1
-0.14929748012713334,0.4133176682906843,-0.4445202009343899,-0.8681093238500562,1,0,0,1,0,0,0.4130217216486998,-0.4954845271074442,-0.7455217907937414,1.0904122420111093,-1.5897796604139562,-1.223755905650971,-0.5148260185628045,-0.6194866941560249,0.8267406492693717,-0.907607295371421,-0.6483076901160955,1.1354978689770217,1.3017918304244454,-0.1337081630067249,-1.0498712135254455,0.034532453616170744,-0.5451155056235683,0.019237384669204684,0.7781220325379118,0.7769517052683067,0.5822784900253268,-0.2014730054397036,-1.0954803779398077,0.6855916979626255,0.8616133105219512,-0.7769517052683067,-0.7781220325379125,0.18740776423728422,-0.7097714541928067,1.373578325696689,1.183475285804831,0.8712416355662611,1.424244977528238,1.9003856629233515,1.5631135810883663,1.2559800380379649,0.22331042096616224,-0.482931511569848,-0.9618991143638861,-1.3072422507561756,-1.0069464646875115,0.506280418139323,-1.1948939252628807,-1.0440026608476,-0.3944048900113141,0
-0.9974061379159777,-0.10203765113855341,0.27967722576327125,-0.13478617003801185,1,0,0,1,0,0,2.255386524252041,-0.7059774194728716,-0.68155588370685,0.36420692689209205,-1.8954214363236201,-0.8244128289242112,0.27558418312715816,0.633488295233263,0.020230621707248583,0.025298722873993294,-0.2042942038571341,1.4069082168058282,1.0279334153959951,0.4976113315763812,0.47657676717134473,0.209928653785335,0.8479268031654827,0.47932566561980705,2.332699647297657,-0.39468810214486993,0.11400086423449834,-0.39205842260950197,0.1833021140084228,0.8066127608282866,0.7335606898269691,0.39468810214486993,-2.332699647297658,1.0353620678572977,1.149782145676189,1.8506973963152702,1.7017309167573538,2.05274592297623,0.8396523146759128,2.4984865346280776,1.243208603306195,1.242199794294962,-0.08200549336504998,-0.5588081172337243,-0.6790794056453779,-0.4903671546674297,-0.1607907403235886,-0.5405845059150832,-0.7010026615289333,-0.9326642846196119,-0.332546584257695,0
-0.3291993166277972,-0.6689285025107157,0.27967722576327125,1.7718540298733036,1,0,0,1,0,0,-0.0412600105000692,-0.41000813158888666,-0.7583149722111197,1.284259875927341,-1.3697820598536676,-1.3078281323302887,-0.09979876415367084,0.5540460270911165,-0.8667076085759596,0.2950461820233532,-0.20994457940512248,0.40594694517727126,0.0908325007407319,-0.01774975402760895,1.299001402562228,-0.6137452189765046,0.4917381689919647,0.17065188154716898,0.4700615648931452,0.08746187929198715,0.12103726584154707,0.5408655290758909,0.5680635800919884,0.08901079372697568,0.439546583102186,-0.08746187929198715,-0.4700615648931459,0.18740776423728422,1.6167552469885829,0.855014590045561,0.369483754641173,0.5640125913280355,1.0146800580448727,0.5954383064766764,0.40038202722625016,0.8839134569768611,-0.24854144663662048,-0.02767187758659086,-1.3359509871851372,-0.892321567028559,-0.8038690908401701,-1.0798785577006862,-0.6186874509066087,-0.6543183440496418,-1.0748462533011267,0
-0.8689048261297889,-0.6689285025107157,0.5693561964423357,1.7718540298733036,0,1,0,1,0,0,-0.1800683175455264,-0.33557970555912225,-0.6943490651242283,0.4538976231816918,-0.923865887798175,-0.6088659498846835,-0.4671596269518406,1.6415850148047253,0.3662407700542837,-0.8211721813149513,-0.9647380698445213,0.8171723904402929,1.4674107407442563,-0.525263638769689,2.3463229789496145,-1.0374838969137625,-0.49067479438361516,-0.7822435277523895,-0.04921092906325296,1.163332477313009,0.12475959433674323,0.09736790222390754,-1.543234663635368,0.6228059125558361,0.49049818627415387,-1.163332477313009,0.049210929063252244,-0.6048415121376189,1.8168865761224657,-0.5753317763215854,-0.9828619638000348,-1.0954035426747288,0.06953024385249205,0.3235742738836193,0.3819259708157405,-0.4803306735805153,0.25106641317809053,0.27583454506891375,0.5525548097416701,-0.38663698373552574,-0.1269445113490324,1.9655466759121307,-1.1948939252628807,-0.8769950965056176,1.2139110595827887,0
0.4161082917320974,0.5936920300909173,-0.8790386569529866,-1.161438585374874,1,0,0,1,0,0,-0.7226826087232228,1.0930971909653393,-0.6047967952025805,0.1645727964410475,0.5143394001018169,0.713482849534162,0.9731563509405959,1.1322444180568763,-0.6946098923909082,0.6023615486227282,0.059993391106947964,-1.251918459312152,-0.3613649698261249,0.6667749276567649,-0.03229582439131148,-0.5363971383418645,0.7808238768144625,0.9094816554697435,-0.5940660301642549,-1.1182800073149486,-0.6869639438897747,-1.5863942448761135,0.41052759837675645,-0.03950000087776014,0.809937473652209,1.1182800073149486,0.5940660301642541,0.38237535959517033,-0.25947596364157,-0.7006766169078218,-0.8450432918569822,-0.5283573437412127,0.2270552128845555,-1.0357458890816678,-0.9284540343304539,-0.10826409251941274,-0.44283339212011924,-1.317574173872486,1.2732889061533492,1.3249108366408955,1.2269046476332444,1.4262526241265279,0.6983559190505837,0.18071947766026855,1.3376276710900281,1
-0.09789695541265715,1.0059762856343069,-0.15484123025532542,-1.6014324776621007,1,0,0,1,0,0,-0.6595879237025604,0.36334973262663384,-0.7966945164632545,2.2997900177870023,-0.6890749195677589,-1.4978850277489595,0.7382977630013059,-0.505007739301835,-0.0852723342042962,0.9618111945539936,0.41936879325018583,0.29532388108593693,-0.5104763593321694,0.40591460721549705,-0.3246503850840433,-0.055187514259370775,1.4733122890335224,1.2086923854898428,0.5061221547512287,-0.09917924017331377,-0.6210359188297789,0.3679113419163649,0.06111200793029773,0.1615663728362502,0.634852891330407,0.09917924017331377,-0.5061221547512293,0.10385022336961848,-0.5596729573423944,-0.8917264142529749,-0.7804407893836761,-0.22112829950298704,-0.5290646384693491,-1.0357458890816678,-1.3160312189511594,-0.35630847989348147,-0.7203933142394032,0.04820472807728505,-0.7794347861583975,-0.6329961396987983,-0.5330992590437151,-0.15990635171348128,-0.7010026615289333,-0.8213259083916238,-0.7036964187794109,0
-0.6633027272718879,0.8771374557769975,1.7280720791585935,0.3052077222492148,1,0,0,1,0,0,-0.7353015457273552,1.2878903372151134,-0.579210432367824,0.11538757589513797,0.6546137962476455,0.9013037814773189,-0.7670231073961368,1.1383094062756913,-0.5190180028703808,-0.7269000623894388,-0.8114980875274421,-0.1251480816391326,0.8820253620423572,0.15250996595724023,0.4306144192475303,0.6074078739680161,0.5313874315034753,0.7876745846338604,0.2430696413654208,-0.41176056791003435,1.2189504632613624,-1.1309853114649728,1.3199013322756328,1.5089097694491476,1.8239981811643546,0.41176056791003435,-0.24306964136542153,-0.06326485836571254,0.11577027848446049,-0.7370670544973751,-0.3411437725651945,-0.11871861809024475,-0.7180946013078251,-0.5463906304141645,-0.7069813574043363,-0.6043528672675491,1.055990187324014,-1.0899443568808573,-0.1681792866700104,0.5210020119186368,1.142289075196852,-0.7626467625326843,-1.277209135885205,-1.545025353873546,0.22417816752487937,1
0.10770514344524394,1.1605828814630785,1.4383931084795292,-0.13478617003801185,1,0,0,1,0,0,-0.7479204827314877,1.625144142662483,-0.8478672421327675,6.228821164924953,-1.2922481779456862,-3.563915279123686,-0.12747224478235739,0.07465792537471906,-1.0000721958032093,-0.35618016249089024,-1.2628623937157908,-0.020395826762111536,1.3627855218383924,1.1183672464913539,-0.7971960971175657,-0.6511779104551861,1.6964171775207384,1.6184261801100603,1.7556215933338144,-1.7690215962405276,1.29471263476321,-0.901083895275406,0.7127611936306869,2.163314654829006,3.221861125516166,1.7690215962405276,-1.755621593333815,0.9672781456688292,-0.7848207026180125,-0.18211288125669506,-0.4832692780064673,0.17144214591252482,0.7941451013999841,-0.05703537174666111,-0.762349526635866,0.20179139169817292,0.5841383197212315,-1.1658209625447336,-1.4910456661598026,-0.9701191952274875,-0.1777138548108673,-0.4136917878478824,-2.2649916633530998,-2.7697474923814145,-0.8274130302866491,1
-0.6633027272718879,-0.3339475448817109,1.7280720791585935,0.5985369837740325,1,0,0,1,0,0,-0.6722068607066928,0.4534779047720517,-0.8094876978806327,3.40790410420367,-0.7871816369767712,-2.2849441711298075,-0.06324095102006715,0.489624534072015,-0.38460797202704666,0.744836324147655,0.3422493609323143,-1.3400465159193449,-1.1238797703217618,0.1345692287755906,-0.14179905440010332,-1.4360179220458131,0.6441867957661632,0.6851582263737945,-0.7532939460423284,-1.080555857232306,0.22239806966055584,-0.8140762187505285,-0.9172875404112787,-0.3674612215336473,0.2239827216212972,1.080555857232306,0.7532939460423277,0.27096530510494976,0.04072103005925432,0.5729886987265271,-0.3153027715758717,-0.05044549714841698,2.0543448536564917,-0.9541866793037505,-0.762349526635866,1.3800022317249987,0.16779843654230542,-0.7864379342253526,-0.10431677179808911,-0.5551985114998699,-0.6515610604546642,1.2041903675089267,0.4514102871836102,-0.04195727479570725,-0.5799798072721716,0
0.4161082917320974,1.0059762856343069,-0.8790386569529866,-1.6014324776621007,1,0,0,1,0,0,-0.7226826087232228,1.0930971909653393,-0.7966945164632545,2.2997900177870023,-0.398226511328222,-0.9366581953950025,1.0222977483457976,-0.45189984982625847,-0.22978666355281982,0.8332127481474306,0.26621286539543,-0.29004840544553667,-0.3087514284410237,0.6314709394805558,-0.15475719206496866,-0.5282096199524657,1.0460788348291081,0.9931634362296745,-0.16027754582615011,-0.2366301126415829,-0.7905715822274199,0.4652143681283186,-0.2166736607351708,-0.08834280239841254,0.6235410288544918,0.2366301126415829,0.16027754582614942,0.38237535959517033,-0.3345252120667762,-0.6097005229339397,-0.7675202888890147,-0.3576745413866426,0.19555021907814235,-0.7910682597479163,-0.8177176958673952,-0.10826409251941274,-0.7759052986632599,0.35171115073279,-0.2046721523111086,-0.2829068128036209,-0.29617565622181696,0.6966194952401235,-0.28942660841731066,-0.4316415915936655,-0.1469716669968365,0
-0.3291993166277972,-0.6689285025107157,0.27967722576327125,1.7718540298733036,1,0,0,1,0,0,-0.81101516775215,5.73615173665025,-0.7583149722111197,1.284259875927341,0.9012659350619028,3.4189986549058276,-0.17410404477387417,-1.1381594345151853,0.07712191492175065,0.3119557295217835,0.8254168543722576,2.4411476581548825,-0.08271523959769932,0.06832943693081703,-1.1408632147703486,0.9037325890645906,1.126842574759966,2.0433735919451896,3.7876358318368046,-0.42709685071602743,0.31036988070051463,0.4192678188399416,0.8027358550738011,0.6959257430761362,0.9218742658651083,0.42709685071602743,-3.787635831836804,-0.3974950218363748,-1.3852146900196616,-1.7559993070048545,-1.1292943027395286,-0.6990401460957827,-1.0646495331783645,-0.22015379130249568,-1.4267675574142176,-1.720552610450858,0.25106641317809053,0.35171115073279,-0.0951935553878152,0.3265079414213163,0.600749411603942,-0.44541496736468245,-0.37174181903963527,-0.5986491559356475,0.10046155601764112,1
-0.3291993166277972,-0.3339475448817109,0.27967722576327125,0.5985369837740325,1,0,0,1,0,0,-0.81101516775215,5.73615173665025,-0.8094876978806327,3.40790410420367,0.44498297934688336,1.777801463878718,-0.15982460731664663,-0.4453772186795769,0.6638331025154814,0.9925087926721389,1.3263815480665317,1.5348813655705777,-0.8182006041045436,-0.051846783625834926,-1.2778457247065311,0.4898459219448989,1.1322959280801193,1.8343000805734089,2.774716880121027,-0.6585353003337585,0.17043531172919835,-0.6688235853127804,-0.41523417868523776,-0.2180500878152647,0.06647603783584671,0.6585353003337585,-2.7747168801210274,-0.3417899945912644,-1.3852146900196616,-1.1737523055720087,-0.7804407893836761,-0.34060626115118536,-0.4660546508565234,-0.30171300108041293,-1.2606630497196296,-0.9144083514851348,0.3898463742377325,-0.4070549059059717,0.8992370333320981,0.5210020119186368,0.39767203775660004,1.2993599060593275,0.6983559190505837,0.4033962301162448,0.47161139053935697,0
-1.1773079744166424,-0.41125084279609675,-0.4445202009343899,-1.6014324776621007,0,1,0,0,1,0,0.816827705780939,-0.5751462018424264,0.13720772700535894,-0.4435879893677868,-0.3526091100234391,-0.09951347016264586,-0.0419124099015373,-0.0880396469564195,-0.24999395999263063,-0.5033226670053208,-0.45148302374030197,-0.1462189375052006,0.9582956950276373,-0.8050901117454379,0.023812825383954336,0.02650510177421552,-1.3150828655558584,-1.1245886336215274,-0.06904425348519984,-0.13094794135889876,-0.746156327339344,0.14469234411360082,0.368385189297978,-0.6240572065761029,-0.5109918746354704,0.13094794135889876,0.06904425348519913,-0.560631173054198,0.4588525569996885,1.342386522048501,1.152096927460653,0.47867119015075044,0.7896443879990674,2.4596488156862124,2.7812133041820113,1.557176794135048,-0.47058938433204756,0.6552175733882943,1.5104925328204852,1.5064386357717279,1.1084428462222957,0.6331731362065233,0.9453015509175579,0.9600881112561845,0.9664778365683122,0
1.4698190483788447,0.6709953280053031,1.0038746524609323,-0.8681093238500562,0,1,0,1,0,0,0.7158762097478791,-0.5495614303946948,0.34189862968341117,-0.48756536303236475,-0.18830384021853278,-0.04585034675031531,0.28844363186045935,-0.8597789534055744,1.1869795158910368,0.7813921848631497,1.5304203333263404,0.43869231635108435,-1.6620295036275945,-0.297212818626282,-1.0532888556774667,1.5048632871605374,-0.7328836584741645,-0.6679199118549581,-0.604544012877736,1.197903388495955,-0.6980594380180555,0.12491194258196062,-0.11039828713803149,-1.782325320844625,-2.641715181000748,-1.197903388495955,0.6045440128777353,-0.48105256270404034,-1.1600669447440433,-0.9190192424451392,-0.09565426316663046,-0.3747428216220998,-1.8837793721450944,-0.30171300108041293,-0.04256332662598434,-0.9144083514851348,-0.8314172830871166,-0.2553016945782196,-1.0713777112871794,-0.9571529238609991,-1.4977167848185873,-1.7777885070702906,0.5337254978059351,1.4054416161681371,-1.5078543935764617,1
-0.3034990542705592,1.8047770307496258,2.452269505856255,3.2385003374973924,0,1,0,1,0,0,1.8263426661115367,-0.6821370642602127,0.29072590401389814,-0.48004291753710804,-0.572184016699285,-0.15362378627007917,-1.5575728263104591,2.409329991437097,-1.7784649808958908,-0.774208937508745,-2.302594959395505,-0.24343607671181033,2.0782152348637375,0.5921806377658143,2.299418095455594,-0.9388572968138984,0.03008233285571669,-1.522792870110293,0.3041828515459622,-0.6337026228571595,2.757542846315251,-1.0033744549280628,1.4877601675687933,1.0757354530921264,1.5067753689439247,0.6337026228571595,-0.3041828515459622,0.911573118423719,2.81754322179188,1.127942871967207,0.3953247556304958,0.39332978897346543,0.06953024385249205,2.2266225020350205,2.227531611866718,1.069946747507413,2.9989096421590014,-0.7864379342253526,0.7532655707677065,1.4805060930387524,1.9207523416116614,-0.3185222492974822,-0.6186874509066087,-0.9326642846196119,0.904619530814692,0
0.31330724230314594,0.5163887321765315,-0.4445202009343899,0.5985369837740325,1,0,0,1,0,0,0.5770679027024219,-0.5204878264768181,-0.5024513438635544,-0.0061288513359326405,-0.923865887798175,-0.3955550343206694,0.44745518395017975,1.1535380724193582,-1.1497343718529878,-0.3832217636144495,-0.6324412121943714,0.5676537638344887,1.1030426419497144,0.23030033467953323,0.7644654163049807,-1.3971717560886534,-0.43604335559524987,-0.9392067278719677,0.1039844044028122,0.6710815639820534,-0.3920839446838918,-0.8174425336519608,0.16770253051388784,0.08533475197442995,-0.09474801773906164,-0.6710815639820534,-0.10398440440281291,0.2152602778598393,0.7161642658861095,0.02713213488323473,-0.7029177864157086,-0.8185181077439823,0.6681251261743327,0.9216751455883455,0.954063719541543,-0.4803306735805153,-0.5261013687559044,-0.9381911455531051,-0.7611883533378483,-0.5681647828663581,-0.4992530300691578,-0.826093121566285,-0.7010026615289333,-0.48731077970765985,-0.6418381130257917,0
0.030604356373531493,-0.3854830768246345,-1.8929150543297122,0.5985369837740325,0,1,0,1,0,0,1.965150973156994,-0.6926035616706483,0.188380452674872,-0.45226773417000615,-0.6669164661593204,-0.18313850414686098,-0.9883786877245933,-0.39058662189929166,-0.257388303840288,-2.864184899948457,-2.5720734225054636,-1.0879858573095125,2.5433393943015137,-0.6304815209749824,-0.767875995958651,0.08094174821871787,-2.7287796803225626,-2.654083347124266,-0.7768887630270574,-0.7133741297612541,0.7443949180649566,-0.23314891969362117,0.4331970848762659,1.1635177979962659,0.7526256059752907,0.7133741297612541,0.7768887630270568,-0.7595776989295921,-0.9349191994684248,-0.9493446071030995,-0.7675202888890147,-1.6833109730071372,-1.1906695084040155,0.8673023390697335,1.4892893554463265,-1.5138489543058005,0.5563823275093027,-0.3311783002420958,-0.3688900476960481,-0.10137901367278856,0.36382580878204385,-0.794369942049485,-0.37174181903963527,-0.7099875321636356,-0.2706882785040748,1
1.3156174742354179,-0.12780541711001567,-2.617112481027373,1.0385308760612593,1,0,0,1,0,0,0.4256406586528323,-0.5053695524395223,-0.2977604411855021,-0.2780941884721383,-0.5517327205082166,-0.17374745754970314,-1.115483489108194,-1.2103282557059383,-0.8356514527312312,-0.9224050326561438,-0.3882682902338337,-1.1841446756637817,0.01211258956155157,-1.589720971487005,0.08980782247518325,-0.7925905264872203,-1.2680846812852735,-1.2174810993048168,-0.7279513648365089,-0.8930588049066626,-0.03732351811514628,1.7511810197050233,0.3458864883923009,-0.011301372508963846,-0.6838655368847891,0.8930588049066626,0.7279513648365081,-1.5115955667385823,-0.03432821836595151,-0.3367722410122935,-0.6770767854263857,-1.091610591511294,0.16404522527173035,0.18764225758709038,0.6218547041523672,-0.6043528672675491,0.19555442875423396,2.1727496866658176,0.9904691974348425,1.0396528665781584,0.9730579303240674,-0.4136917878478824,1.7684536571408034,1.3497724280541432,0.5953280020465953,0
-0.35489957898503444,1.0575118175772313,1.4383931084795292,0.5985369837740325,1,0,0,1,0,0,0.526592154685892,-0.5140916336148853,-0.029103631420558513,-0.40655441154498434,-0.34553622524610794,-0.08117856966343293,0.27334684830177924,0.8375444236552446,0.6090847555137812,0.265818455931397,0.4240708769042971,-0.3900687925635997,-1.3379980788967736,0.7304541480054919,0.7181142905596278,1.313450883565077,0.32153517587963576,0.34797102728858514,0.18286856865026183,-0.7133741297612541,0.34976573144470374,-0.43016487415742083,0.4872522040151427,-0.04027480839098745,-0.21158692817359245,0.7133741297612541,-0.18286856865026252,0.9672781456688292,1.0163612595869336,0.855014590045561,1.4806467971820387,1.5710411252199985,-0.655084613695,-0.05703537174666111,-0.1532996650890431,0.6978801664463103,0.4731143508735179,-0.2553016945782196,0.5434315933313949,0.7284623537824456,0.6684418695530556,-0.28679906978068154,1.933084078385452,1.6281183686241134,0.47161139053935697,0
1.4441187860216065,-0.8235350983394863,-0.15484123025532542,1.478524768348486,1,0,0,1,0,0,-0.10435469552073157,-0.36581625363371406,-0.20820817126385424,-0.34579619792944905,-0.09596585823982136,-0.014099665398019734,0.14341997066766943,-1.4596587215596502,0.887485184969799,0.4722625383218831,1.314004422473582,0.8271734739288317,-0.6518536819366751,0.5026479753669452,-0.6144783557700774,-0.8041432946918786,0.45743852273821506,0.27398174345403864,-0.964482122757493,2.0847275886175414,0.3028109740236357,1.3878564762366496,-2.021308438665041,-0.18440801267375215,-1.4407802575865833,-2.0847275886175414,0.9644821227574922,0.10385022336961848,-0.8598699510432187,-1.1464594773798444,-1.3231018101594472,-1.1086788717467513,-0.24551969421163483,-1.1173050988595852,-0.8730858650989243,-0.8523972546416179,0.5563823275093027,1.793366658346437,0.9995924138451164,-0.3347718982695729,-0.38079122865820925,1.2993599060593275,-0.4540570296619595,0.7374113588002092,0.7190446135538346,0
1.4698190483788447,-0.41125084279609675,1.0038746524609323,-1.6014324776621007,0,1,0,0,1,0,0.7158762097478791,-0.5495614303946948,0.13720772700535894,-0.4435879893677868,-0.31112911267851207,-0.07983699157812466,0.40541218542616325,-1.1074595687741935,1.1433134316038622,-0.11513675776735578,0.0028289761633454253,-0.005992983938678972,-0.029828423774458438,-0.14855463200542374,-1.1352405685395763,1.5148207804398481,-0.7305300985296589,-0.4016053615274102,-0.007768161614413057,-4.693472038239746e-4,-0.7121695505958876,0.3827639332208708,-0.040698966646264635,-0.5688388088221018,-0.3957672769546564,4.693472038232714e-4,0.007768161614412348,-0.3696425082138195,-1.2351161931692491,-0.9645072894320803,-0.1344157646506147,-0.40887938209301433,-1.6947494093066184,-0.13859458152457876,-0.1532996650890431,-1.0384305451721696,-0.6093693453916895,0.5034643620605421,0.39746013076700454,0.31354167005482897,0.05920974801103089,0.3476645205553221,0.36909507656128593,0.4033962301162448,-0.08511336124321738,0
0.72451144001895,1.2121184134060021,1.0038746524609323,-1.161438585374874,0,1,0,1,0,0,-0.00340319948767178,-0.41814874068589214,-0.24658771551598904,-0.3041334228787963,-0.22093079326889742,-0.08654488200466598,3.2353142255037928,-0.0030549096995869406,-1.722168524475055,2.776250316188084,1.611515981378651,1.116114572845944,-0.7135478641603463,2.9692341112667058,0.6242168217220739,-0.19957543313372758,2.529380416367004,1.408612909904735,0.6912331826893902,0.8366905045627424,-1.5319594482842436,0.6295196683681524,2.1537080026264888,-1.2424447452441572,-0.7198133590769873,-0.8366905045627424,-0.6912331826893908,3.3347418035860197,0.9413120111617277,0.9096002464298897,0.6537347655237203,1.7417239275745686,0.29006520049738066,0.10608304780917345,-0.2086678343205727,1.2559800380379649,-1.4142931195376127,0.7310941790521709,0.36096726512590627,1.4675398216722642,0.7699805564767266,-1.397110352868688,0.03983423407198747,0.514734606344233,0.5334696962929761,0
0.5189093411610479,0.026801178718756015,0.5693561964423357,-1.8947617391869185,1,0,0,0,1,0,-0.48292280564470574,-0.008792397522188045,1.9794258511078293,-0.686620843829928,1.3516450201945474,0.523873146810594,0.29980356837024896,0.14963461320247062,0.46624577148655055,1.6351371413903517,1.2388441626018407,-0.04109108804946259,-1.3892874270763078,-0.38337658088733484,-0.8040050169173335,0.019734374604501788,0.15400524259503415,-0.23405039760146779,-0.49837739391320257,0.43824128821613356,-0.7999495222810352,-1.0108127786930785,-0.6175424456462251,-2.056255825455608,-1.8390627440148957,-0.43824128821613356,0.4983773939132019,-0.3974950218363748,-0.7848207026180125,-0.1548200530645294,-0.12149526415595328,-0.05044549714841698,-0.4660546508565234,-0.30171300108041293,-0.09793149585751397,-0.17027518936292965,-0.8869292675109735,-1.1278826597127956,-0.8980365994919648,-1.0414336877431711,-1.6584863724477323,-0.4612765571230828,0.41025268187244807,0.7095767647432119,-1.538783546453272,1
0.6217103905899984,1.5986349029779314,0.5693561964423357,-0.13478617003801185,1,0,0,1,0,0,-0.5207796166571032,0.05516953109714072,0.5082099881093286,-0.5055035022902847,0.9458040778563079,0.4330930297047349,-0.955424349871935,-0.3420324527721348,0.5530888882738804,-0.47294720919429617,-0.8903723502421532,0.27330621174542574,1.0468585902181236,-0.9547102635645015,-0.8045073605444509,-0.006311316295161578,-0.16677259270922426,-0.5151797687748828,0.3735052989149339,0.002319067851812721,0.37460556975860143,-0.3364875374896041,-0.7624333030734456,0.47355231947782794,0.6545548895568064,-0.002319067851812721,-0.37350529891493456,-1.0938078624002545,-1.0850176963188372,-1.4830710250832082,-1.258499307686141,-1.2452251136304073,-1.348194477436079,0.02452383803125581,-0.1532996650890431,-1.7825637072943747,0.16779843654230542,-0.482931511569848,-0.5787240251323598,-0.8534227529290943,-0.6346379459673855,0.506280418139323,-0.5363722402842841,-0.5986491559356475,-0.332546584257695,1
-0.8175043014153137,0.6194597960623787,1.4383931084795292,-1.161438585374874,1,0,0,1,0,0,-0.19268725454965888,-0.3501165075180606,-0.630383158037337,0.2629432375328666,-0.6968652727076148,-0.4724721778783433,0.4953578119572005,2.226561527636114,-1.7479875580487307,-0.4173854796785464,-1.8258945786033374,-2.4027160475258396,0.8762486860563968,0.16068136085816506,1.5215186430470946,-1.9695052678574991,-0.3895485140732381,-1.5910996309804724,-2.1978210747740468,-1.0972459357537168,-0.5282561733538763,-1.5318015971943801,0.4103946939496124,0.17759121727708496,0.8203532698955026,1.0972459357537168,2.1978210747740463,0.4102278732177254,1.9169522406894068,0.9914787310063841,-0.3153027715758717,-0.4430159425639276,1.2667200084961745,-0.46483142063624716,0.7879592118469556,0.6978801664463103,-0.24854144663662048,-1.2416975682086098,1.3918907194869166,1.4286410075727993,1.4299820214805863,1.331083085576127,0.28677986593896093,-0.2089648391376897,1.3376276710900281,0
-0.4063001036995106,0.23294330649045036,-1.6032360836506476,0.3052077222492148,0,1,0,1,0,0,0.1480240445619179,-0.44838528876048395,-0.7711081536284979,1.8050445640605006,-1.5982736770707946,-1.73981627579955,-0.8542775299040485,0.9296681995690202,0.34686567023455483,-1.1241639284813651,-0.8304332107758928,-0.8257347435303084,0.07461924207527519,-0.7614183440726325,0.34948079789398717,-0.06484691576835279,-0.7313740323886474,-0.40329684420415535,0.07500831336893375,-1.2005960373670737,0.4270934628737148,-0.9258965882728664,-0.5393418878138524,0.7934549714396049,0.6858629722724993,1.2005960373670737,-0.07500831336893446,-0.6481676444393714,0.491016520610491,0.46381738595786837,0.3565632541465125,0.03489590402886805,0.5421051509486824,0.35076067714292497,0.34501385799472056,-0.046252995675895824,0.5008703430854462,-0.7864379342253526,0.37921369794645543,0.028283699992091807,0.34690269429476517,0.886958572340925,1.0276167615398821,0.45906541823023866,0.34789477903211874,0
0.6217103905899984,0.5163887321765315,0.5693561964423357,0.5985369837740325,1,0,0,1,0,0,-0.5207796166571032,0.05516953109714072,-0.5024513438635544,-0.0061288513359326405,0.0633017084535547,0.047165733831057655,-0.42787766955292034,-0.2337104030971438,0.05080023784709735,-0.4216560080467272,-0.21110847233902802,0.42327361941492975,0.6349459248956667,-0.9735482325400494,-1.141452599326132,0.11521105767960257,-0.43137234605345737,-0.39612728206920467,0.569588792901455,0.012383503443245562,-0.3777836077744172,-0.8227072935850143,0.04633037510093172,0.14188862973552593,-0.11228983773932097,-0.012383503443245562,-0.5695887929014557,-1.038102835155144,-1.2351161931692491,-0.9372144612399159,-0.7416792878996918,-0.8526546682148961,-0.8126095827270634,0.2692014673650073,0.012804842605544792,-1.2864749325462383,-0.44283339212011924,-0.8623145398892288,-0.40538291333714505,-0.32180562690308556,-0.24540631275998087,-0.5405845059150832,-0.28942660841731066,-0.32030321536567735,-0.5181215015185524,0
-0.12359721776989524,0.6194597960623787,1.0038746524609323,-1.161438585374874,1,0,0,1,0,0,-0.2810198135785862,-0.28208427435022915,-0.630383158037337,0.2629432375328666,-0.5996798670759406,-0.42015063255132096,0.858455247393505,2.8209135374314065,-0.3597275932431479,0.3949204601772096,-0.8818113373270824,-0.19731074610996785,0.9723847581687673,0.6104228208032724,2.312661918649649,-0.03824462300638002,0.4815053883103408,-0.46828874317769625,0.6912331826893887,-0.9546649792422314,-0.583775628464487,-1.5550184171762245,0.453327513085064,-0.05605956286795089,0.689205113381419,0.9546649792422314,-0.6912331826893894,0.8837206048011639,2.7424939733666744,0.9823811216089964,0.8087807714596554,0.9907195972144606,-0.18250970659880966,1.4110304042558486,1.1201682272361313,0.7598912632898273,-0.27629743884854874,-1.2416975682086098,1.5834782641026803,1.62313507807012,1.4976744794297,1.489698983160128,0.4514102871836102,0.013711913318286572,1.4613442825972665,1
0.23620645523143258,1.2121184134060021,0.27967722576327125,-1.161438585374874,1,0,0,1,0,0,-0.7479204827314877,1.8112152077368942,-0.24658771551598904,-0.3041334228787963,1.25607501944091,1.6279919110192953,1.272626647848143,-1.4200268436385732,-1.7137570006184617,1.1074586009064011,0.8682281945468552,1.2976203223794058,-0.014204528227605616,0.3518390767675132,-1.0074309914189332,-0.1881327083259126,0.8817532955429201,0.9861475882680267,1.4819217163109606,0.30004743805884815,-1.418064873087634,0.9398091558910646,2.1537080026264888,-0.6217736484569474,-0.16595799333451977,-0.3000474380588474,-1.4819217163109613,0.32667033235006016,-0.9349191994684248,0.018034525485845748,-0.08273376267196997,0.2738518273252659,0.4790951633358572,0.6769975162545934,0.012804842605544792,0.015758101167622184,-1.3032691506898992,1.0346006017076752,0.36096726512590627,1.4675398216722642,1.0745966172477384,-1.397110352868688,0.12214944469431245,0.29205785388825667,0.5334696962929761,1
-0.12359721776989524,0.5163887321765315,1.0038746524609323,0.5985369837740325,1,0,0,1,0,0,-0.2810198135785862,-0.28208427435022915,-0.5024513438635544,-0.0061288513359326405,-0.3088314588364044,-0.21220602932854002,0.7299261219196769,2.3706428971542115,-0.38429453425689686,0.3306161054130114,-0.2996949545011297,0.696991131418193,0.7583152390962784,0.6460832714865478,2.436123781536453,-0.49284589414005964,0.7833061630036992,-0.4258847507310617,0.8668024050637274,0.09092870184200141,-0.3694212485988521,-0.8133264486133912,0.03008090853836292,0.3300719538382219,-0.02617544864713985,-0.09092870184200141,-0.8668024050637281,1.050835686536495,3.1177402154927045,1.373578325696689,0.8604627734383002,1.178470679804488,0.3530751881102058,1.9003856629233515,1.5077454118568363,1.13195784435093,-0.44283339212011924,-0.8623145398892288,-0.44187577897824326,-0.3607044410025493,-0.21156008378542468,-0.6040308649486834,-0.37174181903963527,-0.3759724034796717,-0.45626319576493324,0
-1.100207187344929,0.9544407536913834,1.0038746524609323,-0.4281154315628296,1,0,0,1,0,0,0.6780193987354818,-0.544328181689477,-0.4896581624461761,-0.0639938166840615,-0.9461825048684611,-0.3691706653096069,0.5980186028558853,0.1655749943105971,-0.7812832342515929,-0.48902377233244376,-1.0515668736880162,0.0528956839433288,0.9300838674606108,0.4917624550312582,0.22336514966233825,-1.0474627124484932,0.3968567707503493,-0.1231397437578062,0.06512235289855199,0.007555847346540335,-0.3401961738510196,-0.0034945723990105313,0.015441345273366899,1.05415594776012,1.2468664447235605,-0.007555847346540335,-0.0651223528985527,0.7723105503109431,0.5660657690356972,1.0278691685959374,0.2531992501892221,0.4103980692089227,1.3612349899154128,-0.05703537174666111,-0.09793149585751397,0.38782468222872474,-0.38732140769626244,-0.1035484832504671,-0.2959043164138529,-0.24400799870415715,0.17767154942198057,0.1890486229713212,-1.4418395571298541,-1.6006945419875402,-0.332546584257695,0
-0.27779879191332196,0.5163887321765315,0.27967722576327125,1.0385308760612593,1,0,0,1,0,0,0.5644489656982895,-0.5193248823201031,0.39307135535292426,-0.4927732099136964,-0.09329677135326417,-0.01857159234904728,0.5006433707142351,0.5094954686097528,0.18530197733538445,0.058230909558064765,-0.015445022717015073,0.7469844617727999,0.2509135115547401,0.18330420021993918,-0.2853290383217683,-0.32289775787835684,0.20018454147414247,-0.12609264429793646,-0.49837739391320257,1.5130823449950297,-0.5130013969367999,-0.9851348870751525,-0.5777951171971475,0.11983336251907631,-0.10302563924810147,-1.5130823449950297,0.4983773939132019,0.24311279148239442,-0.18442671521636386,0.2909628074074919,0.07231224326396513,0.15437386567706757,0.2270552128845555,-0.30171300108041293,-0.09793149585751397,0.139780294854656,-0.6371253376036178,-1.0899443568808573,-0.8159276517994943,-0.9571529238609991,-0.8546384343020056,-0.28679906978068154,-1.277209135885205,-0.8213259083916238,-0.76555472453303,0
1.135715637734753,-0.87507063028241,-0.4445202009343899,0.5985369837740325,1,0,0,0,1,0,7.227247703880234,-0.7966870636966469,-0.2849672597681238,-0.29082448084872664,-1.757868554862707,-0.3879527585039226,0.48248505412209286,-1.4557160375564848,1.2848315297357025,-0.8291911658227054,-0.9397367981019468,0.3106566580601981,1.2776759997827427,0.15250996595724023,0.07148488716484144,0.7320972195402184,-1.8537464930412981,-2.227050418554276,-0.09305301462755473,0.5159874767715705,-0.518521051730884,2.069627936930376,-1.020720640808521,-0.7179595201812773,-0.9525774114772567,-0.5159874767715705,0.09305301462755473,-0.4253475354589299,-0.6347222057676005,-2.0835132453108294,-1.4910683165900436,-1.9791611637550581,-2.450869260660523,0.2692014673650073,0.34501385799472056,-2.588707966260098,-0.5816133531797613,1.6416134470186852,-0.48749186102961545,-0.9052878383950472,-1.0915620371239039,0.09387908442092041,0.2044646553166367,0.514734606344233,-0.332546584257695,0
-0.04649643069818187,0.026801178718756015,-0.15484123025532542,1.0385308760612593,1,0,0,1,0,0,5.574166956338881,-0.7804058455026359,0.35469181110078946,-0.4904586112997712,-1.1149704576487316,-0.22114988323059512,-1.0155462467551888,-0.5507877491342941,-2.5156729222935637,-6.988596194201509,-7.742216199992964,-6.522019112795778,1.2543340860266803,-1.0895815343210595,-0.16128425399986382,-4.627492140548894,-8.771793526466647,-10.1072911956869,-7.823874102466001,-1.1356331163529634,0.3234447463037648,0.5944024459626874,-1.2111741672938061,0.7431822855677561,0.19745761451751914,1.1356331163529634,7.823874102465999,-1.5951531076062477,-1.685411683720486,-5.012943471269832,-5.03128545212722,-5.495226892259201,-4.026118950981157,-3.482522182419184,-1.0945585420250417,-4.200996484191543,0.4731143508735179,0.8069707847160468,0.6346637574341392,-0.1402778277722523,0.1607484349347019,1.2993599060593275,1.1099319721622063,0.5704037944582268,0.34789477903211874,0
-0.3034990542705592,-0.05050211919562982,-1.168717627632051,-0.8681093238500562,1,0,0,1,0,0,-0.16744938054139394,-0.3576756445367086,0.047655457083711085,-0.42680714941682946,0.18117234111077257,0.05476800964780448,0.4908416707952959,0.37420351200524704,0.6293990876437225,0.7617475722554427,0.17771224134915883,0.20942854864410768,-0.16764535718966755,-0.814608699812633,1.2274812350704913,-0.20946491071053222,-1.1469460762513188,-1.7404756066208034,-1.5062138586410354,1.779480128430764,-1.4964747062631893,0.7160576912702713,-1.070901672348322,-2.1663639221655315,-1.9302702911582048,-1.779480128430764,1.5062138586410334,-0.6203151308168162,1.6167552469885829,1.0096739498011607,0.7312577684916879,0.18851042614798086,-0.024984737566746233,0.2692014673650073,1.2862727349307197,0.7598912632898273,-1.4142931195376127,0.5793409677244183,-0.2046721523111086,-0.7107937678977266,-1.430024326869473,0.37938770007212164,-0.28942660841731066,0.7374113588002092,-0.5181215015185524,1
1.2899172118781799,0.15564000857606544,-0.8790386569529866,-0.13478617003801185,1,0,0,1,0,0,0.6149247137148194,-0.5233951868686059,0.32910544826603294,-0.48756536303236475,-0.15107369990850955,-0.025726675470691355,-0.40306989161862966,-1.1754909305822399,0.657217434370536,-0.8230200077663937,-0.3886057623101278,0.6505002240134633,0.7937826531686565,-0.8139750245141804,-0.6962195473597456,-0.23603556827615502,-1.7851654716348937,-1.899142253224339,-0.2947266082233409,1.179510982546407,-0.2528357576146304,0.9159407337739178,-1.1356312326330118,-0.6582925897218402,-1.348936248881899,-1.179510982546407,0.2947266082233402,-0.7595776989295921,-0.6347222057676005,0.06352257247278678,-0.06981326217730856,-0.767313267037611,-0.2770246880180474,1.0847935651441794,1.397009073393778,-0.6043528672675491,-0.19302946221276363,0.9587239960437993,0.24236545179233895,-0.39960325510201306,-0.6177148314801074,0.31594134103852145,0.2044646553166367,0.9600881112561845,0.2860364732784985,0
0.9558138012340891,0.5163887321765315,-0.4445202009343899,1.0385308760612593,1,0,0,1,0,0,-0.4703038686405733,-0.06693960535794147,0.39307135535292426,-0.4927732099136964,0.7902654552377882,0.32934432444089584,0.12555752885177182,0.5287622751305496,0.41390620611867635,0.7003625358618136,1.2644612834211377,0.5035445113065348,-1.1868066816351759,-0.4310968276563952,-0.019938427138191946,0.11841728114961657,0.961629233645734,1.3801721641828244,-0.29127919636700184,0.9756618166055823,-0.6053376710128191,-0.7457166953561007,-0.4468257022679084,0.007390484684769037,-0.29639210704898106,-0.9756618166055823,0.2912791963670011,-0.5089050763265954,-0.18442671521636386,-0.5005292101652823,-0.3669847735545164,0.017827623793410803,0.1010352376589052,-1.6066603575270884,-1.7036084035718644,-0.4183195767369984,-0.7481493064513315,-0.9381911455531051,-1.0166384128255321,-1.060883094792903,-0.9900233502002335,-0.635754044465484,-0.8656330827735822,-0.5429799678216537,-1.0748462533011267,1
0.030604356373531493,-0.30817977891024867,1.0038746524609323,-1.161438585374874,1,0,0,1,0,0,0.36254597363216995,-0.4954845271074442,-0.1826218084290977,-0.3533186434247058,-0.39546063684966404,-0.10801013136959821,0.7746670243281464,-0.45330557952773815,-0.76017670743474,1.2400936668440516,1.2431321064048018,1.7283018797131744,-0.09136265293346066,0.23775236124592586,0.4875995847264045,-1.1268558091960388,0.7431796102472074,0.41557901208040454,1.1824893722175853,1.1844190684037315,-0.8396339968082247,1.1106426939654768,-0.09319438954832641,-0.9383623598866907,-1.2104006025155456,-1.1844190684037315,-1.182489372217586,0.35452284597261524,0.641115017460903,0.5002078235474204,-0.19901826712392082,0.10316902497069583,1.3297299961089997,1.0032343553662626,0.4557501964577793,0.3258135853852078,-0.5816133531797613,1.717490052682561,1.464876450769113,1.1822818516095268,0.6684418695530556,0.5380035976561225,0.28677986593896093,1.0714264874841732,1.2139110595827887,0
-1.100207187344929,-0.87507063028241,-1.6032360836506476,0.5985369837740325,1,0,0,0,1,0,0.2868323516073751,-0.48269214138357847,-0.2849672597681238,-0.29082448084872664,-0.4602278035260627,-0.1464687031484351,0.2040185706386507,-0.06991315939658264,-0.8114267746012733,0.17533695925808396,-0.019311233363525686,0.3969586091994319,0.07538384366712156,-0.4371984490601913,1.6978419684105663,-2.0894924144419336,-0.6320150341156595,-1.118313040032195,-0.6862106428504532,1.2219795587840785,-0.7205363277844632,1.7968188175733646,-0.9904907827960849,-0.8635642092199266,-1.0667094724609028,-1.2219795587840785,0.6862106428504524,-0.5089050763265954,1.3165582532877582,-0.4732363819731166,-1.4135453136220761,-1.5353858776331764,0.7941451013999841,-0.38327221085833024,-0.09793149585751397,-0.9764194483286528,-0.7759052986632599,1.33810702436318,-0.6060936743631827,-0.9830854665939747,-1.2100238385348534,-0.033013633646279864,-0.4540570296619595,0.1250502895462747,-0.3944048900113141,0
-0.3034990542705592,-0.5400896726534062,-1.168717627632051,-0.4281154315628296,1,0,0,1,0,0,-0.16744938054139394,-0.3576756445367086,0.25234635976176334,-0.4748350706557764,0.31495285031396775,0.09188500334133312,0.1607858755161335,1.2177306693696228,-0.24077781669907142,0.2740726290382671,0.3663898634520537,-0.40198460603731384,-1.0399353086458667,-0.9886602176921204,1.2469490182788627,-0.19903896883586406,-1.0848109313669507,-1.181050542189495,-0.9462874490712617,0.3902573124670771,-1.2114343143573214,-0.42220740674404034,0.1291363730971739,-1.4459343899986778,-1.6293907483971506,-0.3902573124670771,0.9462874490712609,-0.7317251853070371,1.9169522406894068,1.5919209512340051,1.2222367872888142,0.6493539925053206,0.9201650766256344,0.5138790966987595,1.1755363964676604,1.1939689411944467,-1.2200011740541141,-0.6346847228976005,-0.8615437338508666,-0.671894953798262,-1.1423313805857394,-1.175048096251087,0.6983559190505837,1.0157572993701793,-1.198562864808365,1
0.15910566815972013,0.6194597960623787,-0.15484123025532542,-1.8947617391869185,1,0,0,1,0,0,0.33730809962390496,-0.49257716671565654,0.17558727125749374,-0.44648123763519326,-0.10224118848435002,-0.03377614398254093,1.0630919410483044,0.08956989019712233,-2.416397123800621,0.7409966844739457,0.18745667475257252,-0.7515332416218474,-0.9662375875238908,-0.32677682785052414,0.8953702842957151,-0.9080974007121632,-1.0938148339035658,-1.4022732465590584,-1.2173253467419909,0.1823267508878247,-1.8047667786491894,0.7740248100013284,2.3907455068820256,-2.08564678109158,-1.612749752973515,-0.1823267508878247,1.2173253467419902,-0.2582324537235989,0.9413120111617277,0.2636699792153276,-0.26362076959722697,-0.6649035856248688,0.41608517572303205,0.18764225758709038,0.954063719541543,0.20179139169817292,-1.6918530416568969,0.6552175733882943,-0.14993285384946126,1.078551680677623,0.04228663352375219,-1.9681275841710915,1.3568776040291806,1.6281183686241134,-0.6418381130257917,1
-0.3034990542705592,0.15564000857606544,-1.168717627632051,-0.13478617003801185,1,0,0,1,0,0,-0.16744938054139394,-0.3576756445367086,0.32910544826603294,-0.48756536303236475,0.35885425874553484,0.10172324263359372,-0.42640681813582926,0.4861954233770665,0.43346903159045225,0.3255054982438195,0.38944432579146676,0.19538676426064916,-0.520928209787578,-0.9923041250281738,1.206039610101851,-0.1273067768515225,-0.8203211680222925,-0.9038259498253919,-0.8569681418843186,1.1164148121361515,-0.39856952925456945,0.5408655290758909,-0.7204977207996892,-1.253153356299836,-1.3887068214980598,-1.1164148121361515,0.8569681418843179,-0.7038726716844818,1.9920014891146134,1.846654014360876,1.4806467971820387,1.0077878774499178,1.109195039464111,0.4323198869208419,1.009431888773073,1.4420133285685155,-0.3040534310604773,0.6552175733882943,0.38833691435672935,-0.06248019957332482,-0.5500223735309933,0.4428340591057229,0.36909507656128593,1.127095675598167,0.2860364732784985,1
-0.8689048261297889,-0.30817977891024867,0.5693561964423357,-1.161438585374874,0,1,0,1,0,0,-0.2684008765744537,-0.2948766600740949,-0.1826218084290977,-0.3533186434247058,0.09641353559449277,0.04627134844085214,0.22416034219864708,-0.016953396084546046,-0.5456129472188429,0.048161234349204676,0.003939775603714072,-0.035875882205049156,0.29543919031565247,-0.5899598810750915,0.8569374078437736,-0.6208715344229507,-0.5582698626121444,-0.5064672062776611,-0.5008818372323651,0.44783808336594555,-0.9011813743799606,0.8817301515046662,0.12195516151754278,-0.6186335598611348,-0.499588552326238,-0.4478380833659462,0.5008818372323643,-0.6203151308168162,0.641115017460903,-0.3458698504096825,-0.5995537824584191,-0.767313267037611,0.19555021907814235,0.02452383803125581,0.2896456887631914,-0.23228628620644656,-0.6648813298155464,1.413983630027056,1.3553978538458196,1.2211806657089916,0.854596128913119,0.7917890337905242,0.28677986593896093,0.5704037944582268,1.0901944480755505,1
0.6731109153044746,-0.87507063028241,-0.8790386569529866,-0.4281154315628296,1,0,0,0,1,0,-0.016022136491804253,-0.4105896036672442,0.7256940722047591,-0.544273029073531,0.41387748462604973,0.104853591499313,0.4213873345671356,-0.20308064926979402,-1.0538174263749502,0.7051721751416962,1.2228379293526663,0.649177999936366,-0.628314925082554,-0.9148703173953017,0.6070057284516194,-1.018266961430389,-0.16979041586057275,-0.07286815292098396,-0.7532939460423284,1.6325091290815739,-1.5000769879739249,0.8868195779162013,0.4173436300011777,-1.121003384613516,-1.660890766518127,-1.6325091290815739,0.7532939460423277,-1.038102835155144,0.04072103005925432,-1.2920212277380552,-1.5298298180740268,-1.5012493171622625,-0.11949971898598452,-0.9541866793037505,-0.762349526635866,-1.1624527388592034,-1.3865371273256843,0.9587239960437993,0.3062279666642602,0.4821031978191731,-0.025405824425361403,-0.9847090191502859,-0.28942660841731066,0.6260729825722207,0.038603250264021984,0
-0.5605016778429365,0.5936920300909173,-0.8790386569529866,0.3052077222492148,1,0,0,0,1,0,0.009215737516460692,-0.4193116848426072,-0.5664172509504457,0.07198885188404132,-0.7151288621514321,-0.378114519211662,-0.5016649396895233,-0.5178488527863985,-1.056321585275348,-0.782083761251833,-1.3210462061875012,-0.8831182842538754,1.079217317978291,-0.7954847346372834,0.32740663315834667,-0.699952792950495,-1.354885175553023,-1.3860693570588598,-0.8822105547849753,-0.329502323768793,-0.09726166342191332,1.0387525798139634,0.7406419403287532,-0.28693624167646264,0.36419781689845115,0.329502323768793,0.8822105547849747,-0.7038726716844818,0.41596727218528484,0.3182556355996563,-0.10857476366129187,-0.6307670251539549,0.4790951633358572,0.5954383064766764,1.2309045656991897,0.3258135853852078,-0.026493508941193386,1.1104772073715516,0.31535118307453414,0.6636309969500054,0.49921072468027106,0.12560226393772106,-0.04248097655033679,-0.2089648391376897,0.40975308478573785,0
0.3904080293748593,1.1863506474345409,-1.168717627632051,-1.8947617391869185,1,0,0,1,0,0,-0.1800683175455264,-0.3541868120665634,0.9943508819697028,-0.5946155489264031,0.6637566815203062,0.18713704739821985,0.11926535734231501,-0.7918618866495969,-1.6819531369243368,1.114900560020069,1.0384604170930722,-0.16400799160489674,-1.8823283908361785,-0.867183802139234,-0.6387339635956981,-1.3156992315238336,-0.3800320954045758,-0.7171468264390379,-1.2010128806784757,0.9674626129824424,-1.0323212200076486,0.4469856274260597,0.9771354418079218,-1.8829920496530554,-2.0502036965357964,-0.9674626129824424,1.201012880678475,-0.9266927806649233,-0.7848207026180125,-0.7643598826895395,-1.258499307686141,-1.3134982345722352,0.1325402314653172,-1.1988643086375024,-0.8730858650989243,-0.9144083514851348,-0.9424412519348303,0.5034643620605421,0.23324223538206504,0.7154960824159574,-0.1607907403235886,-1.2702176348014877,1.0276167615398821,1.8507951210800897,-0.20882997275045564,1
-0.04649643069818187,-0.12780541711001567,2.452269505856255,1.0385308760612593,1,0,0,1,0,0,-0.3945902466157784,-0.21812234573090036,-0.2849672597681238,-0.2780941884721383,0.15413457110734785,0.047165733831057655,0.33548482879467695,-2.0288063654289563,0.430296535740389,-0.6978223801293826,0.7856026499734695,-0.6829964477238838,-1.1532178411270992,1.0267933339230972,-0.10253152936398884,0.36316619706066905,0.023184527254540538,0.6942663533467909,-0.31054414497595056,-0.6235317921885499,0.5594599798739212,2.681886571212524,-0.22328277494494422,0.9657023961641609,-0.3435059545512546,0.6235317921885499,0.3105441449759499,0.577342954953057,-0.40957446049198204,-0.9918001176242447,-0.6770767854263857,-0.6307670251539549,-0.43454965705011084,-1.0357458890816678,-1.0391903727935126,-0.6663639641110671,0.8616982418405155,3.2350221659600846,1.1090710107684099,0.806259981981374,1.1930584186586881,-0.1916295312302808,1.6038232358961542,1.3497724280541432,1.0283361423219313,0
1.1871161624492292,-0.6431607365392533,-0.15484123025532542,-1.8947617391869185,0,1,0,1,0,0,-0.356733435603381,-0.24021828470848666,0.9559713377175679,-0.5859358041241838,0.8564678947221988,0.2680789252118184,0.29596176863597423,0.1047980677679215,0.500172891892781,-0.2145171335164996,-0.10987777624722146,-0.7408676104632516,-0.21542498684320177,-0.9164589577827046,-0.505058846938493,1.0961140453937088,-0.9246485801180805,-0.9794235827131963,-0.8079054238520522,-0.20918429502488586,-1.3272570361065537,-0.6497955024864506,0.4177358076766243,-0.6270668961147335,-0.8133700086956515,0.20918429502488586,0.8079054238520514,-0.8709877534198129,-0.4846237089171882,-0.04564874029587195,0.5245297605771081,0.10316902497069583,-1.222174502210428,-0.30171300108041293,0.06817301183707392,-0.23228628620644656,-1.241589167996725,-0.6009617870469885,0.03455885578053308,0.24438822276689212,-0.027286170479503748,-0.6815764148786396,0.34165667302051117,0.26113052715826013,-0.3875317449275787,1
0.23620645523143258,1.1605828814630785,-1.6032360836506476,-0.13478617003801185,1,0,0,1,0,0,0.5013542806776271,-0.5059510245178798,0.9303849748828115,-0.5818852565498148,0.17183491990877053,0.060581514684140296,-0.10592133038206082,0.32233885109328553,-0.1585719825152477,-0.05326149553573783,0.11211751792983955,-0.3703796889502609,-0.02206955739582729,-1.2786553879876312,-0.3505690501118222,0.7719348818414723,-1.0684000759255494,-0.5102622983756161,-0.16027754582615011,-0.34619240229020387,-1.130331209433042,-0.7936125676391911,0.9924933234256775,-0.9874543821996042,-0.6439300842384218,0.34619240229020387,0.16027754582614942,-1.2052179168904753,-0.3345252120667762,-0.018355912103706302,0.3824042551358344,-0.08458205761933026,-0.37153966943728567,-0.05703537174666111,0.012804842605544792,-0.35630847989348147,-1.0812212129944723,-0.7864379342253526,-0.1864257194905595,0.3394742127878045,-0.093098282374475,-0.857816301083085,0.12214944469431245,-0.04195727479570725,-0.5181215015185524,1
-1.3315095485600683,-1.3131226517972627,0.27967722576327125,-1.161438585374874,1,0,0,1,0,0,-0.1295925695289965,-0.37744569520086474,2.3248417493770424,-0.7022443844739228,0.9709161639705448,0.252427180883222,-0.5183311315077889,0.9432039355380981,1.1466603104915114,-0.06355925209470648,0.6277713972709109,1.1094073710533972,0.11497576729642776,-0.571094601473257,0.32939874164673294,0.10523134761942365,-0.18209295928216426,-0.03371149718245351,1.0284651543787122,0.4930801176436292,0.15012105915068114,-0.9645925737808109,-1.4617757019046416,-0.09469581229637845,-0.8490462777502336,-0.4930801176436292,-1.028465154378713,-0.23037994010104354,0.9413120111617277,1.746580310989605,1.5452492996553449,1.3832900426299712,1.2352150146897614,2.2266225020350205,1.7292180887829538,1.6280466190990672,0.08453045990652028,-0.9381911455531051,-0.1681792866700104,-0.8793552956620708,-0.8546384343020056,0.41111087958892223,-0.20711139779498602,0.013711913318286572,-1.0748462533011267,1
-0.12359721776989524,0.026801178718756015,1.0038746524609323,1.0385308760612593,1,0,0,1,0,0,-0.2684008765744537,-0.28208427435022915,-0.46407179961141953,-0.0842465545559066,-0.25662360381835403,-0.15183501548966816,0.37093086035130124,1.9037002909766196,0.37421449536226586,0.5561846205823017,0.5850208253068863,1.0542293400327456,0.22346579143505513,0.6452683288601009,2.6156422634741685,0.08979897075036693,0.7457172578523605,-0.38514598077946943,0.21285636891661422,1.2267347275520042,0.12895612045542046,0.007404606750431163,-0.42132444599562635,-0.01192907259338417,-1.1365758125069676,-1.2267347275520042,-0.21285636891661494,0.911573118423719,3.042690967067499,0.9550882934168308,0.8604627734383002,1.1614023995690306,-0.4660546508565234,1.0847935651441794,1.0648000580046022,0.9459245538203791,0.08453045990652028,-0.02767187758659086,-0.0951935553878152,-0.2958730841701091,-0.2792525417345383,-0.794369942049485,-0.37174181903963527,0.23638866577426285,-0.023255055489598248,1
1.1871161624492292,0.5163887321765315,-0.15484123025532542,-0.13478617003801185,0,1,0,1,0,0,-0.356733435603381,-0.24021828470848666,0.5082099881093286,-0.5014529547159157,0.6701766288299924,0.20278879172681627,-0.6978828642318581,-0.11973578520532059,0.9618647137728151,-1.0326198167087077,-0.5914488795716278,0.07779855477890832,0.5559233079047298,-0.9335345067680657,-0.2781425745303129,0.9656665122787408,-0.7559357124973298,-1.0840555065688398,-0.7703150826731027,0.8700970699576553,0.037646431405860874,-0.11429600240424387,-0.344499570069379,0.6454298408169391,-0.2894566976579975,-0.8700970699576553,0.7703150826731019,-0.9823978079100336,-0.4846237089171882,-0.7643598826895395,-0.19901826712392082,-0.47715250303484213,-1.726254403113031,-0.46483142063624716,-0.1532996650890431,-0.9764194483286528,0.3343343898138759,0.27583454506891375,1.2276728241019772,0.8321925247143505,1.0745966172477384,0.3476645205553221,-0.28942660841731066,0.1250502895462747,1.0901944480755505,1
0.23620645523143258,-1.6996391413691911,-1.6032360836506476,1.0385308760612593,1,0,0,1,0,0,0.5013542806776271,-0.5059510245178798,-0.3361399854376369,-0.2607346988676996,-0.6365757431277032,-0.18761043109788852,-0.503894062570537,0.2663043574903823,-0.26942121242966377,0.08016692683911067,0.19626856735529857,-0.9620397523232769,-0.7458451054145049,-1.3150730288158456,-0.5980181809230839,0.8956889069244992,-0.8490484654628289,-0.03367614069791078,0.004530982273630621,-1.3166012534636966,-0.6133285152140908,-0.9645925737808109,1.268388794605629,-0.9502022706478975,-0.28803694686692194,1.3166012534636966,-0.00453098227363133,-1.2887754577581405,-0.7097714541928067,-0.600602913536552,-0.08273376267196997,-0.40887938209301433,-0.5920746260821743,-0.38327221085833024,-0.4301405112466897,-0.728375060954584,-0.6093693453916895,-0.9381911455531051,-0.1681792866700104,0.4950694691856613,0.05920974801103089,-0.7626467625326843,1.0276167615398821,0.4033962301162448,-0.8274130302866491,0
-0.07219669305541997,-1.3388904177687242,-0.15484123025532542,0.3052077222492148,1,0,0,1,0,0,-0.6595879237025604,0.44184846320490095,-0.1442422641769629,-0.3729927316430696,0.9012659350619028,0.6280690447695358,0.5902571178002355,-0.6154371093300688,-0.19433108411757197,0.6986916460444336,0.4653455214316607,-0.0036152788564897714,-0.6872406336761334,0.38467705899448,-0.5845250581062023,-0.137772600162744,0.9875789009528302,0.837371869534899,0.454702424768406,-0.45589913793704195,-0.4364021059168581,0.25914237532492945,0.12720892569392722,0.035378994929161175,0.21255868078400914,0.45589913793704195,-0.4547024247684067,0.15955525061472892,-0.7097714541928067,-0.646090960523493,-0.6124742829530796,-0.22112829950298704,-0.2770246880180474,-0.6279498401920818,-0.8730858650989243,-0.23228628620644656,-0.19302946221276363,0.6552175733882943,1.1546870928197819,1.0526191379446466,1.0069041592986248,0.886958572340925,0.8629863402952329,0.6817421706862145,1.0901944480755505,1
-0.12359721776989524,0.3102466044048362,1.0038746524609323,-0.4281154315628296,1,0,0,1,0,0,-0.2684008765744537,-0.28208427435022915,-0.6175899766199587,0.23111750659139568,-0.5788820180169294,-0.3955550343206694,1.480519103760317,2.6910649828297997,-0.2848744579033539,1.9839207060224724,0.4141656240063551,0.1223280886692249,-0.5203642909957977,0.7119473377078536,2.386368708510557,0.09543253985176453,0.9402951198122321,-0.046036709391257535,-0.01835909107355938,0.1850492459657866,-1.3473284623916266,-1.3029593569121256,0.48533342637668303,-1.7477683370164845,-0.5833814817714561,-0.1850492459657866,0.01835909107355796,0.744458036688388,2.367247731240644,0.2545723698179399,0.26611975068388355,0.6493539925053206,-0.6865896075014126,0.10608304780917345,0.12354118106860354,0.139780294854656,-1.1644891896302574,-1.0140677512169813,1.2367960405122524,1.3378771080073837,0.4145951522438788,1.267636726542527,1.1099319721622063,1.3497724280541432,1.0283361423219313,0
-0.07219669305541997,-1.6996391413691911,-0.15484123025532542,1.0385308760612593,1,0,0,1,0,0,-0.6595879237025604,0.44184846320490095,-0.3361399854376369,-0.2607346988676996,0.6960285304033604,0.5413136619196015,0.7978098075454486,0.4551714514791862,-1.1368085768751204,1.430426835806717,1.1171280256289984,-1.1131056227341567,-1.669840239049704,0.3771279567894358,-0.5591986054642002,-0.07290809257354615,0.9295581913436258,1.2476420358239602,0.4407888507730546,-1.9553123256192222,-0.7325521473751649,-1.1849299889790168,1.4807898060942808,-1.010680381277649,-0.23424153157674243,1.9553123256192222,-0.4407888507730553,0.2152602778598393,-0.6347222057676005,-0.43684594438356456,-0.40574627503850064,-0.03337721691295973,0.2270552128845555,-0.7910682597479163,-1.0391903727935126,0.20179139169817292,-0.6093693453916895,-1.0140677512169813,0.5251851605108457,1.2600794798084554,0.7022880985276131,-0.4136917878478824,1.8507688677631275,0.848749735028197,-0.3944048900113141,1
1.1614159000919912,-0.4370186087675581,0.27967722576327125,-0.13478617003801185,0,1,0,1,0,0,-0.43244705762817587,-0.10764265084296887,-0.016310450003180245,-0.41234090807979723,0.4652392593441241,0.2358810511644201,1.3278735658368261,0.6754090197024831,-0.5852664741608488,1.5062552668386362,1.0251896958332305,1.1002255781287837,-1.0384411572979846,1.308939983457726,0.5008788929158827,-1.3069048807588386,1.567196641954471,0.6446836753917365,1.0614552385657101,0.44783808336594555,-0.5385631086211271,-0.4252505964597345,-0.5132344910155825,-0.4808483269641961,-0.7033886827135943,-0.4478380833659462,-1.061455238565711,1.3293608227620468,0.5660657690356972,0.2727675886127153,-0.4703487775118068,0.13730558544161034,0.9831750642384596,0.4323198869208419,-0.04256332662598434,0.3258135853852078,-0.6648813298155464,-0.6346847228976005,-0.8524205174405927,-0.9571529238609991,-1.057715808149347,-0.5088613263982832,0.28677986593896093,0.5704037944582268,-0.9511296417938885,1
0.5189093411610479,0.5936920300909173,1.0038746524609323,-0.13478617003801185,1,0,0,0,1,0,0.33730809962390496,-0.48618097385372366,-0.08027635709007157,-0.3996106157032089,-0.2889123246378028,-0.06507963263973376,0.32587348368608904,-0.2367612264735479,-0.2572436557668139,1.5960106445357731,1.3044790640271622,0.6882690490346931,-0.7892124024193314,-0.7998009754383982,-0.9487090058256101,-0.2835821657503875,-0.20462208459981077,-0.4125310866690502,-1.2094604077470812,2.138245000468471,-1.2522867225962628,-0.6254336419758844,0.06668796712738444,-2.359007171136216,-2.0986429848275625,-2.13824500046847,1.2094604077470805,-0.9545452942874786,-1.1600669447440433,-1.3284116653276086,-1.2455788071914804,-1.2452251136304073,-0.9386295579527137,-1.1173050988595852,-0.762349526635866,-1.4725082230767892,-1.2477571662660425,-0.7864379342253526,-0.7976812189789466,-0.6459624110652865,-1.4469474413567518,-0.8895394805998851,-0.7010026615289333,0.4033962301162448,-0.9511296417938885,0
0.8016122270906633,1.0832795835486928,-0.4445202009343899,-0.13478617003801185,1,0,0,1,0,0,-0.21792512855792381,-0.3053431574845305,-0.42569225535928473,-0.18840349218253855,-0.25187379722720377,-0.0892280381752825,-1.5019371715657583,-1.1109186429323843,0.48845709980881535,-1.579873783079901,-1.387301025373423,0.004078569195100716,1.3242735527959129,-1.051349026929273,-0.3779685380894275,1.307747200539349,-1.019518200150552,-1.1020247374654253,-0.04921092906325296,0.05436948222367098,1.0379846382267488,1.1461301172127234,0.6464225990344555,1.1233707607240662,0.727646612967563,-0.05436948222367098,0.049210929063252244,-0.9823978079100336,-0.3345252120667762,0.07262018187017576,0.7441782689863493,0.2567835470898098,-1.3796994712424915,1.0847935651441794,1.2309045656991897,-0.10826409251941274,1.1115021717478706,1.2622304186993043,0.41570656358755365,0.7025298110494701,1.1592121896841308,-0.5088613263982832,-0.20711139779498602,-0.2089648391376897,0.5334696962929761,0
-0.12359721776989524,0.026801178718756015,0.27967722576327125,-0.8681093238500562,1,0,0,1,0,0,-0.25578193957032125,-0.29255077176066474,-0.3233468040202586,-0.2607346988676996,-0.07118461993377546,-0.02349071199517758,0.9387718467499067,-1.6482275608920536,0.1432551117763323,-7.290435111048858e-4,0.1599996166371262,0.526134269203063,0.2031456768338129,-0.08497119835089534,-0.7054780428217436,0.12530238077806008,-0.9000915712888962,-0.5747492148838551,0.06048449490010199,0.6575966059261134,-1.3902873253534203,1.5555116372447373,-0.06991772830648325,-0.891530503663962,-0.769138080240321,-0.6575966059261134,-0.0604844949001027,-0.06326485836571254,-0.6347222057676005,0.09991301006234013,0.14983524623193267,-0.22112829950298704,0.06953024385249205,0.5954383064766764,0.6218547041523672,0.015758101167622184,-1.2755131584779709,1.6416134470186852,0.3700904815361815,0.2746428559553643,-0.11002139686175369,0.2207718024881207,0.03983423407198747,0.4033962301162448,0.10046155601764112,1
1.341317736592655,0.23294330649045036,-0.15484123025532542,0.5985369837740325,1,0,0,1,0,0,2.1670539652231136,-0.7019071149243689,-0.09306953850744984,-0.39671736743580244,-0.9183572601922148,-0.2332240859983695,0.32863933248870614,-0.24574439059167194,-0.6667698897172205,-1.204080020284314,-1.0695005087921052,-1.429055536463118,0.38973058563418816,-0.3438227430789159,0.41770453410730307,-0.3836475538987692,-2.1865010338022697,-1.68270019186123,-1.5734230101710864,-0.38855952469070976,-0.8005246255385606,0.7557391209198459,0.52596798332776,-0.5414625701756917,-0.2524261850860296,0.38855952469070976,1.5734230101710858,-0.4346317066664483,0.19081952690966666,-0.50962681956267,-0.6167811164513006,-1.3703925020237584,-0.08799472517957138,-0.35608580759902425,0.47420625286828905,-0.4803306735805153,-0.6648813298155464,0.9587239960437993,0.6072941082033162,0.806259981981374,0.5161338391675497,0.09387908442092041,0.6160407084282594,0.45906541823023866,0.40975308478573785,1
1.0072143259485644,0.7482986259196881,-1.6032360836506476,-1.161438585374874,1,0,0,1,0,0,-0.7731583567397526,2.6485350005717434,0.29072590401389814,-0.47772831892318285,1.891365728399917,2.4061072004980883,0.5343377724667241,-0.19185538587910975,-1.459651765141834,0.6807549759219854,1.2926084380972696,-0.3422227633806694,-1.387281551400512,-0.7304784710505199,0.24176182047991018,-0.17978319563580125,-0.2011093291523714,0.74435957022024,-0.3224700655433951,-0.14692914774798616,-1.4728951611469685,0.5055192226108544,1.8147280881837875,-1.1190726220401757,-0.9537320337864809,0.14692914774798616,0.32247006554339436,-0.5367575899491508,0.5660657690356972,0.9732835122116075,0.7183372679970265,0.59814915179895,1.833809897011603,-0.46483142063624716,-0.3747723420151606,1.1939689411944467,-1.3865371273256843,0.4275877563966659,-0.10431677179808911,0.8321925247143505,0.27921023634565156,-1.6826189685198898,0.6983559190505837,0.6817421706862145,-0.5181215015185524,1
1.1614159000919912,-0.35971531085317227,0.27967722576327125,0.5985369837740325,0,1,0,1,0,0,-0.43244705762817587,-0.10764265084296887,0.38027817393554597,-0.4852507644184396,0.7187129841514268,0.2922273307473672,0.13454535181422828,0.7577984269993502,-1.2944043235294387,0.2999272710953366,-0.04938847504896605,0.3701999994296498,0.24682343042796392,1.1798240106300009,0.845095226299274,-1.4220558218177326,1.4756695449848125,0.5375561818980378,1.0042885975848093,-0.4911325578708816,0.9917776630845276,-0.19350427719567032,0.3404651146800923,1.0580662668889667,0.5890264212141539,0.4911325578708816,-1.00428859758481,1.106540713781605,0.7912135143113154,0.02713213488323473,-0.7158382869103699,-0.15285517856115927,0.8571550890128092,0.35076067714292497,-0.09793149585751397,-0.046252995675895824,0.6396503041450882,-0.4070549059059717,-0.7338187041070253,-0.46443461193445323,-0.0423289389126401,-1.016432198667086,-0.4540570296619595,-0.7099875321636356,-0.7036964187794109,0
0.5960101282327613,-0.6946962684821769,-0.15484123025532542,-0.8681093238500562,0,1,0,1,0,0,-0.06649788450833415,-0.4041934108053113,-0.6047967952025805,0.1992917756499248,-0.7453722127977664,-0.46486990206159645,-1.3260908263891105,0.14765238618673748,1.0366351593281251,-2.5027948326457286,-2.255639943361496,-1.6692168581842164,1.2763655277727721,-1.080092088624116,-0.23495797703745186,0.11777612575302214,-2.2004300643078043,-2.0591098313688705,-2.564543132222966,0.266869946255213,0.7647462861076375,-0.4380332773119442,-1.2987613421894346,1.1992055670181199,0.9221224213899233,-0.266869946255213,2.5645431322229655,-1.17736540326792,-0.6347222057676005,-1.3920949311093263,-1.1292943027395286,-1.7914100811650315,-1.348194477436079,-1.1988643086375024,-0.09793149585751397,-1.4725082230767892,0.6118943119331598,-0.482931511569848,-0.2594114507727547,-0.8663890242955825,-0.39771434314548676,1.0455744699249259,-0.7833178721512579,-0.7656567202776299,0.40975308478573785,1
1.2385166871637046,-0.12780541711001567,-1.168717627632051,0.3052077222492148,1,0,0,1,0,0,-0.2810198135785862,-0.2762695535666538,-0.2721740783507456,-0.2885098822348015,0.017961603540733433,0.01049593283263177,-0.9198675175951128,1.5830111419066517,1.7372932251394586,-0.09288010233666495,0.09106439039269,0.08121071475523661,0.09252064643204487,-1.3381885412479921,1.4916408055058472,2.0547365393948906,-0.8047620110075648,-0.4383648106020975,0.08301123374971872,0.02843219803499119,-0.058004047746212116,-0.6784394580182402,-0.31012597437777634,-0.6725132081480065,-0.5463660842425659,-0.02843219803499119,-0.08301123374971872,-1.2330704305130304,1.5417059985633763,0.3182556355996563,1.3772827932247493,0.9224464762726329,-1.442709458855317,0.758556726032511,0.7879592118469556,0.38782468222872474,-0.1375174777889068,-0.7105613285614767,-0.3050275328241268,-0.41256952646850126,-0.6346379459673855,-0.0012904541294803558,0.2044646553166367,0.23638866577426285,-0.3944048900113141,1
-0.48340089077122306,-0.978141694168258,0.27967722576327125,-1.161438585374874,0,1,0,1,0,0,-0.23054406556205628,-0.29952843670095514,-0.6431763394547153,0.26872973406767947,-0.6945835471737127,-0.4380383403554311,0.24921797223004716,0.15315278464594478,-0.43771432353434075,-0.2697032098572215,-0.5102656845532496,0.6169575552322412,0.4672042621368295,-0.7460577060260566,0.41109650989521057,-0.09735799230964784,-1.2111169220849876,-0.9226555686900005,-0.2249492467260648,1.0645584453617318,-1.0919957263554056,0.20162045573574852,0.5005347506858734,-0.8365711714454283,-0.2374232018174207,-1.0645584453617318,0.22494924672606412,-0.5646101035717058,0.7161642658861095,0.900502637032502,0.705416767502365,0.13730558544161034,0.7311351137871589,0.35076067714292497,0.5111183656893089,0.38782468222872474,-1.1644891896302574,-0.2553016945782196,-1.244718823082393,-0.840456481562607,-1.0746389226366257,-0.9212626601166852,-1.0302635040182315,-0.7099875321636356,-0.8892713360402683,0
0.2876069799459088,0.49062096620506923,-1.168717627632051,-0.13478617003801185,1,0,0,1,0,0,1.0692064458635884,-0.6158492473274538,-0.7199354279589849,0.6737844915045815,-1.7355810014431663,-0.9943460530632579,0.6175290552908983,-0.7717384216646695,-0.4998122664782231,0.8331976830744503,0.4608713331247485,0.08649027034388367,-0.4303525429607235,-0.5168970108339377,-1.5776014466731376,0.5718589298185863,-0.5011271230978667,-0.21314651129096743,-0.19575715951429745,0.312111980532898,-1.3751665865195182,-0.5211712939364744,1.257923186688503,-1.6225053934218676,-0.8072513873538373,-0.31211198053289735,0.19575715951429676,-0.48105256270404034,-1.4602639384448675,0.05442496307539909,0.3436427536518511,0.12023730520615308,-0.30852968182446,0.02452383803125581,0.12354118106860354,0.38782468222872474,-1.3310251429018278,-0.6346847228976005,-0.5513543759015367,0.13201387092399572,-0.5330992590437151,-0.9529858396334858,-0.12479618717266176,0.013711913318286572,-0.8892713360402683,0
1.0072143259485644,-0.35971531085317227,-1.6032360836506476,0.5985369837740325,1,0,0,1,0,0,-0.7731583567397526,2.6485350005717434,0.38027817393554597,-0.4852507644184396,1.940671548633571,2.411920705534424,-1.4036090633207212,0.5157290089527881,-0.5239868736108129,-1.0558234676732805,-0.07383591131245142,-0.8025459965105239,-0.3611491627470525,-0.7646088069088844,0.2856266759887646,-0.28697215838576745,-0.1920270075020959,0.8108632392568806,-0.16027754582615011,-0.9356157016516281,1.187764459427894,-0.4217197160844741,0.42792826620191193,1.2359386952363873,0.8876404323020123,0.9356157016516281,0.16027754582614942,-0.5924626171942612,0.5660657690356972,0.8459169806481733,0.5503707615664309,0.4445346296798359,1.8968198846244282,-0.5463906304141645,-0.5408768497097485,1.069946747507413,0.8616982418405155,-0.5588081172337243,-0.5878472415426337,-0.2958730841701091,0.19459466390925928,-0.857816301083085,-0.28942660841731066,-0.7099875321636356,-0.5799798072721716,1
1.2385166871637046,-0.978141694168258,-1.168717627632051,-1.161438585374874,1,0,0,1,0,0,-0.2810198135785862,-0.2762695535666538,-0.6431763394547153,0.26872973406767947,-0.637305945262979,-0.42015063255132096,-0.07933939942078003,0.8970533665191719,1.3355160661119974,0.06856861121686633,-0.15531049609124498,0.9365530551649196,0.8592323529084035,-1.4232104672451762,1.7295712355816983,2.0474523367362605,-0.8862097973903065,-0.5453649028648185,0.3041828515459608,0.9756618166055823,-1.3117317634642436,0.5014125977933398,0.23179694044116847,-0.9713822351185349,-0.3305314295821103,-0.9756618166055823,-0.30418285154596153,-1.3166279713806959,1.7668537438389946,0.3091580262022686,1.3643622927300878,0.8712416355662611,-1.4742144526617298,1.0847935651441794,1.009431888773073,0.2638024885416898,-1.3032691506898992,0.12408133374116129,-0.8706669502611417,-0.6329961396987983,-0.939254006738398,-0.44541496736468245,-0.8656330827735822,-0.5429799678216537,-0.5799798072721716,0
-1.100207187344929,0.49062096620506923,1.0038746524609323,-0.13478617003801185,1,0,0,1,0,0,0.7032572727437467,-0.544328181689477,-0.7199354279589849,0.6737844915045815,-1.5951976099899579,-0.939341351565619,1.0988129821045627,0.47189670105540865,-1.301421984538122,1.422359816544221,0.20719337853257075,-0.29442165292590927,-0.5881589621602262,0.2881446150359523,-0.03681292893013234,-0.7860436308225873,0.36563223553138,-0.4583596146950873,-0.9813771768947055,0.5717619163874261,-1.2400154954506537,-0.6845714157866026,0.9891894075402462,-1.558961683250593,-0.7168604908776217,-0.5717619163874261,0.9813771768947048,0.1317027369921738,-0.18442671521636386,-0.45504116317834126,-0.7675202888890147,-0.596630464683041,-0.30852968182446,-1.0357458890816678,-0.762349526635866,-1.0384305451721696,-1.2477571662660425,-0.8623145398892288,-0.9071598159022387,-0.32180562690308556,-0.8884846632765624,-0.9529858396334858,-0.28942660841731066,-0.04195727479570725,-0.9511296417938885,0
1.0843151130202777,1.0059762856343069,-0.15484123025532542,-1.6014324776621007,1,0,0,1,0,0,-0.40720918361991093,-0.19195610220481132,-0.7966945164632545,2.638300065073556,-1.273166344571222,-2.1865617782072015,1.120102201585055,0.44670358083901673,0.7479905485728332,1.0364351371567413,-0.1308116560966073,0.09440495753952179,0.27121134697376614,0.8000073988262592,0.975791199900132,0.6089750351505017,0.9946714681239198,0.6816980356394654,-0.04053384962865217,0.16895808102739213,-0.758171410907279,0.36441151949953915,-0.41056695673301913,-0.41385780397349764,0.8356070095980558,-0.16895808102739213,0.04053384962865146,0.7723105503109431,0.9413120111617277,0.09081540066495114,0.3953247556304958,0.8029685146244333,-0.6235796198885869,-0.30171300108041293,-0.319404172783631,0.139780294854656,-0.5538573609678327,0.7310941790521709,1.0543317123067637,0.6506647255835172,0.43151826673115745,2.4413943686641333,-0.20711139779498602,-0.15329565102369538,1.4613442825972665,1
0.4932090788038099,-0.978141694168258,-0.15484123025532542,-1.161438585374874,1,0,0,1,0,0,-0.6974447347149578,0.6744372945479147,-0.6431763394547153,0.26872973406767947,0.2752599661670599,0.3110094239416829,0.0450186840897771,-0.9127279153512748,0.5907788531509318,-0.5742611844788562,-0.3978135057682795,0.14723069649200715,0.6313442414158792,-1.2433337526453325,-0.8455437308537875,1.1280951708672688,-1.437680994552311,-0.5245197693708927,-0.604544012877736,0.8003845014165709,-1.3049240119915904,0.4057005600887576,0.32601237017200724,-0.6497900521313689,0.005085575497710725,-0.8003845014165709,0.6045440128777353,-1.2330704305130304,-0.9349191994684248,-0.6642861793182697,-0.031051760693324323,-0.596630464683041,-0.8126095827270634,-0.30171300108041293,-0.04256332662598434,-0.6043528672675491,-1.3310251429018278,-0.1035484832504671,-1.262965255902942,-0.9312203811280227,-1.0915620371239039,-0.7309235830158842,-1.1125787146405561,-0.9326642846196119,-0.8892713360402683,1
1.0843151130202777,0.49062096620506923,-0.15484123025532542,-0.13478617003801185,1,0,0,1,0,0,-0.40720918361991093,-0.19195610220481132,-0.7199354279589849,0.6737844915045815,-0.7541428746183517,-0.6683425783333498,1.3899648863103884,1.2844375100053462,-0.2329377960511902,1.6381565421374114,0.7691427809375624,0.9134134878926872,-0.02023991106278105,0.6920176897876945,0.9888266267238831,0.7792823986214888,0.841944855039789,0.4849222274113364,0.513835114248652,0.7361716451058063,-1.2413240880713818,-0.7723459844246083,1.101537427570911,-1.378185697449949,-0.5264911121146483,-0.7361716451058063,-0.5138351142486527,0.6609004958207222,0.9413120111617277,0.06352257247278678,0.459927258103802,0.8029685146244333,-0.8756195703398886,0.35076067714292497,0.12354118106860354,-0.046252995675895824,-1.2200011740541141,-0.8623145398892288,-0.5969704579529088,0.015317428625603584,-0.5330992590437151,-0.794369942049485,-0.4540570296619595,-0.15329565102369538,-0.6418381130257917,0
-0.3034990542705592,1.4697960731206219,0.27967722576327125,1.0385308760612593,1,0,0,0,1,0,-0.81101516775215,5.270974073964222,0.712900890787381,-0.5408011311526433,2.7001681065074288,4.471690259177712,-0.18845085146895846,0.015570543600279622,-0.7341432685838306,1.007643527161073,1.058633489566306,1.3545837625062374,-0.602714000308359,-0.23990223501539681,-1.2831661815853495,0.5096246256351546,0.4739792092532313,1.0003000256647612,1.8079685643491117,0.05436948222367098,0.022338009824378835,-1.3068187718546196,1.5157220428509748,-0.8912717270878341,-0.39967710157336467,-0.05436948222367098,-1.8079685643491121,-0.28608496734615396,-1.2351161931692491,-0.24579614703841146,0.046471242274642305,0.2397152668543526,-0.05648973137315825,0.2692014673650073,-0.4855086804782194,-0.046252995675895824,-0.24854144663662048,-1.3934507795363622,-1.0348848456460813,-0.2051091846046925,-0.5330992590437151,-1.6191726094862895,-0.20711139779498602,-0.2089648391376897,-1.0129879475475077,1
1.2385166871637046,0.026801178718756015,-0.4445202009343899,-0.8681093238500562,0,1,0,1,0,0,-0.36935237260751347,-0.237310924316699,-0.3361399854376369,-0.2607346988676996,0.05627490836719799,0.01899259403958411,0.5762554233070923,-1.4673913536847707,0.7442638317294834,0.0589229467043782,0.32489568023792964,0.10344461678138553,-0.12819025708606938,-0.6085005283635161,-0.5457689961022785,0.9258018613241948,-0.857171361814117,-0.4050196506341725,-0.8414861286385814,0.9756618166055823,-1.4093037519186642,1.4673012846800164,-0.08709200432048123,-0.929557549008203,-0.8178031545545026,-0.9756618166055823,0.8414861286385807,-0.5089050763265954,-0.40957446049198204,0.391036510778763,0.8346217724489774,0.4103980692089227,-0.30852968182446,-0.13859458152457876,0.2896456887631914,0.44983577907224165,-1.3032691506898992,1.4898602356909325,0.24236545179233895,0.15794641365697218,-0.2284831982727022,0.12560226393772106,-0.20711139779498602,0.29205785388825667,0.10046155601764112,1
-1.1773079744166424,-0.6431607365392533,1.0038746524609323,1.7718540298733036,1,0,0,1,0,0,1.9525320361528615,-0.6891147292005031,-0.6943490651242283,0.6101330296216397,-1.876339602949156,-1.001501136184902,1.8833782508495647,-1.8577632662567125,-0.29861585548759356,1.075390184101121,1.9839198958733721,-0.5511405848056774,-1.3087074405333787,2.532675451712207,-2.621986603455321,-1.9695052678574991,1.9875433095188157,2.9125312647709514,-1.4375436385994584,0.6740482547543618,-0.08826383457003371,-0.0768102353381588,-1.5709449776909161,0.5180311628220249,0.26432687280938527,-0.674048254754361,1.4375436385994576,0.911573118423719,-2.435904167972547,-2.5565889339750165,-2.834800368034811,-2.2522536475223704,0.3845801819166189,-2.666930084640012,-2.7556036189709214,-1.720552610450858,0.16779843654230542,0.27583454506891375,1.099947794358136,0.002351157259115363,0.2115177783965368,2.314501650596933,-0.28942660841731066,0.013711913318286572,1.8324941171189824,1
-1.100207187344929,-1.41619371568311,0.27967722576327125,-1.6014324776621007,1,0,0,1,0,0,1.245871563921443,-0.6391081304617552,1.390939505908429,-0.652480514274532,0.031184257872474037,0.012731896308145543,1.2209956619606226,1.6977267592839913,1.05626221372402,3.200532018941312,3.452784207304372,3.8373322756841675,-1.1509808190340227,-0.05024075139674117,1.6562799813933724,1.6809117683387962,-0.2135348020991258,-0.8318057889796004,0.2181716668474233,5.017283545411941,-1.748024157113105,-0.6709583308087609,0.24520838951317367,-4.5354497309763,-5.300885028012245,-5.017283545411941,-0.21817166684742473,-0.4114212786476524,0.7536888900987124,-1.4648758062884317,-0.54141153023244315,-0.5880963245653125,-2.76591919872465,-0.01625576685770265,-0.12561558047327853,-1.565524868342065,-1.7196090338688252,-1.317574173872486,-2.813912045649595,-2.3056451459757548,-3.3084900349573823,-3.2370547648430987,-2.2649916633530998,0.013711913318286572,-2.9305954259097073,1
-0.4320003660567478,-0.07626988516709207,0.27967722576327125,-0.13478617003801185,1,0,0,1,0,0,-0.06649788450833415,-0.3966342737866634,-0.68155588370685,0.5609478090757302,-0.9801631810281827,-0.7385518314644823,0.016391633176389215,2.0540707756980763,-0.16815952489534045,-0.24805974869974395,-1.5214876293038184,-1.3045673826370847,1.0064640661249402,0.044989331650849534,1.8129634589778787,-0.0348729741270511,0.0799958275262736,-0.5947340331582499,-1.1598770966922176,-0.6289223324429117,0.022159845144040995,-1.0030896082064527,0.19483572804847982,0.41443521022743274,1.3973664066275093,0.6289223324429117,1.159877096692217,-0.06326485836571254,1.4666567501381707,-0.38226028799923456,-0.3411437725651945,-0.2894014204448148,-0.844114576533476,-0.5463906304141645,-0.04256332662598434,-0.4183195767369984,-0.08200549336504998,-1.0140677512169813,-0.3688900476960481,-0.21807545597118072,-0.0423289389126401,0.5697267771729232,-0.7833178721512579,-1.0996718489615938,0.16231986177126023,0
0.9558138012340891,2.0366869244927823,-0.4445202009343899,0.3052077222492148,1,0,0,1,0,0,-0.48292280564470574,-0.04077336183185243,-0.5920036137852022,0.08819104218151741,-0.2006745132716574,-0.09951347016264586,-0.9157756644931652,-0.6599770697628881,-0.3681038198798821,-0.30307180566701464,0.04998766013275976,-1.547761297131928,-0.5735686364574114,-0.9455144951038271,0.14630353968206836,-0.7785890716516156,0.5620248706874451,0.7046243090639382,-0.7279513648365102,-1.3889885083079905,0.3286614110788764,1.0524029146253955,-0.2791966768392853,0.9667246979824143,0.6229420874408688,1.3889885083079905,0.7279513648365102,-0.9266927806649233,0.04072103005925432,-0.2639913658331881,-0.6124742829530796,-0.3747428216220998,0.7626401075935709,-1.0357458890816678,-0.8730858650989243,-0.35630847989348147,0.4731143508735179,1.2622304186993043,0.6164173246135901,0.36540675552078095,0.7530574419894479,0.6014499566897238,0.9453015509175579,0.29205785388825667,0.5334696962929761,1
0.23620645523143258,-0.05050211919562982,0.5693561964423357,2.505177183685348,1,0,0,1,0,0,-0.05387894750420167,-0.40593782704038395,-0.4001058925245282,-0.21444272658919655,-0.36914960729584884,-0.1464687031484351,-1.0802270998702006,0.17199875303118772,0.22515332743730654,-0.5069759703287195,-0.4341211072377449,0.5377448471434858,0.34177084581579914,-0.8295580976850793,0.6189384421689405,0.6447010164968792,-0.7517290908267703,-0.2696972165246476,0.3041828515459622,0.43173498641965286,0.6731974011907037,0.38396525780369756,0.3400702055624383,-0.06050986988929684,0.3010718612767025,-0.43173498641965286,-0.3041828515459622,-0.6760201580619267,0.8662627627365218,0.7367456678795146,0.9896677783849125,0.59814915179895,0.2270552128845555,0.5138790966987595,0.40038202722625016,0.44983577907224165,0.27882240539001907,-0.02767187758659086,-1.0166384128255321,-0.7107937678977266,-0.685407289429221,-0.6992004034990842,-0.7010026615289333,-0.5986491559356475,-0.7036964187794109,0
0.7502117023761872,1.2378861793774645,-1.168717627632051,-1.161438585374874,1,0,0,1,0,0,0.3246891626197725,-0.48269214138357847,-0.31055362260288033,-0.2723076919373254,-0.5119779867001758,-0.16077886939172326,-0.08490710653324732,-1.1750595493358018,-0.116796657055393,-0.13697433318142846,-0.29244487835891475,-0.012844580204580795,0.06367065913079005,-1.5018245267416173,0.310376221557803,1.7668073906924817,-1.1344228038763462,-1.125141875793966,0.27586209560863995,-0.29111514316954507,-1.3825399731589747,1.9237341935669043,1.9351359802966397,-0.9398307461078295,-0.7182893859794302,0.29111514316954507,-0.27586209560863995,-1.4280380258709164,0.19081952690966666,-0.2548937564358004,0.6666552660183818,0.13730558544161034,-1.852274378338682,0.758556726032511,0.6772228733838963,-0.790386157798101,-1.2755131584779709,1.9451198696741894,0.269735101023162,1.2600794798084554,0.7361343275021692,-1.5240030709358887,1.1922471827845313,1.127095675598167,0.038603250264021984,0
0.544609603518286,1.0832795835486928,0.5693561964423357,-0.13478617003801185,1,0,0,1,0,0,-0.5207796166571032,0.05226217070535305,-0.438485436776663,-0.11317903722997104,0.1714586540183024,0.1276604189495535,-0.6533795811545903,-1.085768743989163,-0.7967372959611722,0.03482150530824299,-0.036712361636113716,-0.6032550571717125,-0.8130109799970242,-0.36717789546078156,-0.7857338451933334,0.03972673282020212,0.36951233318644094,0.2074077346217095,0.2857518833962749,-1.106173187055868,0.5416603857987347,0.7031207584119832,1.1290881096891305,0.3193604971376466,0.25022115236843695,1.106173187055868,-0.2857518833962756,-0.3974950218363748,-0.7848207026180125,-0.2276009282436361,-0.173177266134598,-0.01630893667750248,-0.2770246880180474,-0.22015379130249568,-0.3747723420151606,-0.23228628620644656,0.6674062963570164,0.8828473903799233,0.5525548097416701,1.0915179520441112,1.1761353041714093,-0.7309235830158842,1.439192814651505,0.9044189231421907,0.16231986177126023,1
1.1614159000919912,-1.5708003115118816,0.27967722576327125,-0.4281154315628296,0,1,0,1,0,0,-0.4576849316364408,-0.10764265084296887,-0.16982862701171944,-0.35621189169211226,0.3756265585919498,0.1925033597394529,0.9797433953498977,1.11200745911815,-0.6497996064817068,1.0631689879035073,0.37527411518534,0.7441843029412257,-0.23910493388697135,1.143930282155284,0.7430021217717532,-1.3053439846761565,1.2340403796414363,0.3998718608772094,1.0614552385657101,-0.037759751214519306,-0.21935538142247527,-0.7819419208343851,-0.4234469872293885,-0.21261939644022188,-0.09747768574875422,0.037759751214519306,-1.061455238565711,1.1622457410267157,0.7912135143113154,0.2545723698179399,-0.4832692780064673,7.593435579547688e-4,0.9516700704320475,0.4323198869208419,-0.04256332662598434,0.07776919801113909,-0.19302946221276363,-0.7105613285614767,0.0963939892279486,-0.1402778277722523,-0.21156008378542468,0.506280418139323,0.28677986593896093,0.29205785388825667,0.10046155601764112,1
1.0072143259485644,0.6709953280053031,-1.6032360836506476,-0.8681093238500562,1,0,0,1,0,0,-0.7731583567397526,2.6485350005717434,-0.041896812837936774,-0.40886901015890953,1.666941543829031,2.3528912697808604,0.08949717418551978,-0.03187439852385943,0.34933714716000447,0.07901660494070782,1.113380726250429,-0.27100693605001436,-1.1415441048605741,-0.7779263066266388,0.46986992004877637,-0.4383273013070771,-0.5970065706045055,0.7631549794655965,-0.46991781074089073,0.0964376253461319,-0.901742798863005,0.5144539834117389,-0.9180322487212539,-0.6987278314619114,-0.7023771716369507,-0.0964376253461319,0.46991781074089,-0.5924626171942612,0.7912135143113154,0.9368930746220554,0.5374502610717695,0.2567835470898098,2.4008997855270304,-0.38327221085833024,-0.2086678343205727,1.3179911348814817,-0.9701972441467586,0.12408133374116129,-0.8980365994919648,-1.1775795370912954,-1.3284856399458025,-0.09645999267988113,0.12214944469431245,0.18071947766026855,-1.0129879475475077,0
0.6217103905899984,-1.1842838219399534,0.5693561964423357,1.0385308760612593,1,0,0,1,0,0,-0.4703038686405733,-0.0640322449661538,1.966632669690451,-0.6831489459090403,1.3255732949873527,0.4787066846052158,-2.680172342611467,-0.1507813870117775,0.5360771736920356,-1.1985126093349268,-0.7125457368978365,0.24385801746927216,0.8809674480798219,-0.8603247630531311,-1.126876315178587,0.20783298409404127,-0.6884172115411819,-0.5357566702285947,0.39961991949913633,-0.06374491962016399,2.867218518684793,-0.9219277692464105,-0.5239833494507032,0.9364904909176849,0.40328224367857207,0.06374491962016399,-0.39961991949913706,-0.9545452942874786,-1.2351161931692491,-1.0008977270216337,-0.7545997883943533,-0.9550643496276378,-0.8756195703398886,0.35076067714292497,0.17890935030013266,-1.2864749325462383,2.4437897979204335,-0.9381911455531051,-0.350643614875499,-0.5551985114998699,-0.1777138548108673,-0.0647368131630805,-0.20711139779498602,-0.26463402725168356,-0.1469716669968365,1
-0.07219669305541997,-1.1069805240255675,-0.15484123025532542,0.3052077222492148,1,0,0,1,0,0,-0.6595879237025604,0.5610502392681955,1.2502145103172682,-0.6333850757096495,1.61259613900458,0.9209802600618403,0.005925491094620779,-2.097836794940998,-0.6788125932715184,0.3995288574269338,1.7319532901137504,0.7885619092881598,-1.3361455178433939,0.06316478967804764,-1.0118586630590847,0.17509492752834008,0.5227214745494817,1.6452957976620217,1.116988546947158,-0.032311248161722386,0.054873973988773944,1.8656890414899812,1.1039130714341971,-0.021416044661397175,-0.6453129856571854,0.032311248161722386,-1.1169885469471588,-0.03541234474315745,-1.009968447893631,-0.3367722410122935,-0.19901826712392082,0.017827623793410803,0.7311351137871589,-0.6279498401920818,-1.0945585420250417,0.20179139169817292,-0.4150773999081907,0.7310941790521709,-1.7921118076988587,-1.0868156375258795,-1.0238695791747903,-2.5074216359566943,-0.37174181903963527,-0.4316415915936655,-1.8171459223445585,0
0.9558138012340891,-0.05050211919562982,-0.4445202009343899,2.505177183685348,1,0,0,1,0,0,-0.48292280564470574,-0.04077336183185243,-0.4001058925245282,-0.21444272658919655,0.15413457110734785,0.1343683093760948,-1.5251407149962783,-0.02189290617762579,-0.8708384537271313,0.11476215649208088,-0.23939371630457632,-0.10574951592116483,0.0421955358993241,-1.0046848862109046,-0.08438730557938044,-0.6879758828098632,0.35343139997665707,0.44001690328977155,-0.3224700655433951,0.17559215780023885,1.116875989782757,-0.05448864943097594,0.499115925423176,0.1954202566300017,0.7408144194556353,-0.17559215780023885,0.32247006554339436,-0.8988402670423681,0.04072103005925432,0.391036510778763,-0.04397226118798574,0.10316902497069583,1.109195039464111,-0.46483142063624716,-0.3747723420151606,0.20179139169817292,0.6951622885689447,-0.3311783002420958,-0.8615437338508666,-0.5033334260339178,-0.39771434314548676,-0.5088613263982832,-0.7010026615289333,-0.7099875321636356,-0.45626319576493324,1
1.1614159000919912,0.6709953280053031,0.27967722576327125,-0.8681093238500562,0,1,0,1,0,0,-0.4576849316364408,-0.10764265084296887,-0.041896812837936774,-0.40886901015890953,0.4874672135874935,0.23319789499380358,1.2867518885562597,0.25592701704690196,-0.4479594831022811,1.5499244662361127,1.110400476488139,1.1737798788359088,-0.7380323361258018,1.0508430483349624,0.7335166003475763,-1.2445997571234806,1.3449332636611242,0.7273862364423618,1.2994551316290601,0.312111980532898,-0.7392698318611265,0.3835529651200627,-0.638327107033756,-0.7602351592820025,-0.7334239167266228,-0.31211198053289735,-1.2994551316290608,1.217950768271826,0.9413120111617277,0.6366719645082435,-0.1602567656399366,0.3762615087380082,1.4557499713346498,0.5954383064766764,0.012804842605544792,0.5118468759157585,-0.8869292675109735,-0.1035484832504671,-1.2173491738515698,-1.3072422507561756,-1.4638705558440304,-0.5405845059150832,-0.12479618717266176,0.013711913318286572,-1.2604211705619852,1
-0.3034990542705592,1.2378861793774645,0.27967722576327125,-0.4281154315628296,1,0,0,0,1,0,-0.81101516775215,5.270974073964222,-0.38731271110714993,-0.23353816515407907,1.9094018472455792,4.2342309380781495,0.38322899809302124,-0.6626992677487099,0.3862760785422073,0.7803840086558297,1.1059237220589908,1.3031489136090264,-0.9935184609335671,-0.06818930279423727,-1.420248246744516,1.1300076634205027,0.30121353820557706,1.0142923908401558,0.8615353283924961,0.9228794432816189,-0.6010231985784724,-0.513197973252835,0.6074963845215582,-0.7555702611743342,-0.4474958986977467,-0.9228794432816189,-0.8615353283924969,-0.17467491285593337,-1.3852146900196616,-0.4277483349861756,0.188596747715916,0.3079883877961804,-0.5920746260821743,-0.709509049969999,-1.0945585420250417,-0.10826409251941274,-0.47058938433204756,-0.3311783002420958,0.5708012425622179,0.8192262533478623,0.43151826673115745,-0.033013633646279864,0.03983423407198747,0.5704037944582268,0.5953280020465953,1
0.6217103905899984,-1.1069805240255675,0.5693561964423357,0.3052077222492148,1,0,0,1,0,0,-0.4703038686405733,-0.0640322449661538,1.2502145103172682,-0.6333850757096495,1.1332133690329542,0.440248112826379,-0.7066979772861385,-1.7048378034042972,-0.46120658798674014,-0.6494623008257014,-0.2860436536342157,0.19207552245467419,0.6589696051378954,-1.0117105450235342,-0.963316226429867,0.20607305017066632,-0.9333111827749518,-0.8032507774486929,-0.01835909107355938,0.28017642692511974,-0.0282085156132205,1.374914339522818,0.8375683981023551,-0.048073723911288814,-0.4123472851121871,-0.28017642692511974,0.01835909107355796,-1.0659553487776992,-1.0850176963188372,-0.9099216330477515,-0.6770767854263857,-0.972132629863095,-0.8756195703398886,0.10608304780917345,0.12354118106860354,-1.1624527388592034,-0.37806941029228636,0.5793409677244183,-1.3998135020570583,-0.8361343911071103,-0.7982280526777443,-1.915255618309758,-0.7558794686104828,-0.7285439282016336,-1.3841377820692236,1
0.9558138012340891,0.23294330649045036,-0.4445202009343899,0.3052077222492148,1,0,0,1,0,0,-0.48292280564470574,-0.04077336183185243,-0.7711081536284979,1.8050445640605006,-0.923865887798175,-1.4263341965325187,-0.9691837921605712,0.16019565662210133,-0.787236239257782,-0.537685999561059,-0.6086269312946538,-1.186125917783849,0.03155510333591215,-0.9596064307045717,-0.35524549801576394,-0.6909912460688007,0.2613079362367821,0.379262641242955,-0.2763926451691775,-1.3436114231817156,0.3888462166863326,-0.5757507075438015,0.3817987482781039,0.9854875733284697,1.1615209704645995,1.3436114231817156,0.2763926451691768,-0.8709877534198129,-0.25947596364157,0.2636699792153276,-0.1473362651452761,-0.03337721691295973,1.0146800580448727,-0.30171300108041293,-0.2086678343205727,0.139780294854656,0.41760236644966076,-0.482931511569848,0.22411901897178985,0.39133929825375646,0.7869036709640054,0.1890486229713212,0.4514102871836102,-0.15329565102369538,0.34789477903211874,0
-0.4063001036995106,1.1605828814630785,1.7280720791585935,0.3052077222492148,1,0,0,0,1,0,-0.5081606796529707,0.020281206395688665,-0.4768649810287978,-0.1044992924277517,0.08290004021266031,0.09635693029236066,0.6822008774717594,0.0940384672225257,0.5456614834746965,-0.2524990064089106,-0.3324218976606685,-0.5116933392754122,0.16826183862810673,1.8768182897892416,0.5417735601302669,-0.504900256374485,0.916469958772395,0.46029278959655207,0.8063022000563537,-1.4975693905744285,0.9266777945469107,0.4136661118304735,-1.25331359293907,1.2498657908594863,0.881551067961017,1.4975693905744285,-0.8063022000563543,2.109231204193592,0.7912135143113154,0.74584327727690225,0.3436427536518511,0.7176271134471482,0.7941451013999841,0.5954383064766764,0.2342775195316623,0.5118468759157585,1.1115021717478706,0.6552175733882943,0.7167727051266096,-0.10137901367278856,0.39767203775660004,1.7752075988113303,0.6983559190505837,0.013711913318286572,0.5334696962929761,0
-0.3034990542705592,0.6194597960623787,0.27967722576327125,0.5985369837740325,1,0,0,1,0,0,-0.81101516775215,5.270974073964222,-0.4896581624461761,-0.06110056841665506,1.7490309951810465,4.100967514937529,0.7950462705630259,0.001883210528009657,0.6968018289063059,0.8203645275787569,1.240983768976026,-0.059585840541699076,-1.8539579278799736,0.16129514859898936,-1.1570548545577137,1.155365346785245,0.24861706487680224,0.9094816554697465,0.6912331826893902,-0.7668246343931154,-0.944366980792645,-1.1616969186959338,0.20847930739552434,-0.8617351255229111,-0.725407857720852,0.7668246343931154,-0.6912331826893908,0.02029268250195297,-1.1600669447440433,-0.45504116317834126,0.17567624722125458,0.2738518273252659,-0.6865896075014126,-0.8726274695258333,-1.2052948804881005,-0.17027518936292965,-0.9979532363586869,-1.2416975682086098,-0.8432973010303187,-0.62002986833231,-0.8884846632765624,-0.826093121566285,0.8629863402952329,0.514734606344233,-1.198562864808365,1
-0.6376024649146498,-0.23087648099586283,-1.8929150543297122,0.3052077222492148,1,0,0,1,0,0,0.9177792018139987,-0.5885200596446497,-0.46407179961141953,-0.1102857889625646,-0.9990361148957055,-0.3673818945291959,-1.2753563478576588,-1.3954152432185418,0.5724568986884457,-1.1086490465718501,-1.2288242454657257,-1.1799577437920747,0.028579769625340406,-1.3500208558762217,-0.6936789575759779,0.32980866837572564,-0.7183057893351299,-0.9574768524079662,0.02218903885575044,-1.6313284484388828,0.42448911493085606,1.220338861817985,-0.4511418528358534,0.7854536130275681,0.6627419133299849,1.6313284484388828,-0.02218903885575115,-1.3166279713806959,-0.7848207026180125,-0.5733100853443877,-0.3282232720705331,-0.5795621844475838,-1.033144539371952,0.02452383803125581,0.012804842605544792,-0.9764194483286528,0.08453045990652028,0.6552175733882943,-0.998391980004983,-1.047916823426415,-0.7192535184037778,-0.28679906978068154,0.6983559190505837,-0.04195727479570725,-1.0129879475475077,0
-1.1773079744166424,0.2587110724619126,-2.327433510348309,-0.4281154315628296,1,0,0,1,0,0,1.48563136699996,-0.6623670135960565,-0.6559695208720935,0.26872973406767947,-1.6190412403228231,-0.71708658209955,-1.5202152868304935,0.7534271301801604,1.8684519278431708,-2.0477481629117813,-2.2833351144127034,-1.326896669772167,2.2639620348173883,-1.4129973366454585,0.5417735601302669,0.7156039198613566,-1.8316050312035932,-2.14874587301692,-0.604544012877736,-1.2101494081044426,0.7020460725446629,-0.4913655216515436,-1.83512345199,0.9501874626871287,0.8706153517247779,1.2101494081044426,0.6045440128777353,-1.3166279713806959,0.5660657690356972,0.17269388524144552,0.5245297605771081,-0.2894014204448148,-1.1906695084040155,1.8188264531454346,2.5043724580243647,-0.17027518936292965,0.8061862574166584,-0.3311783002420958,0.48869229486974886,-0.5940973255993336,-0.21156008378542468,2.377948009630533,0.4514102871836102,-0.09762646290970158,0.5334696962929761,0
0.31330724230314594,0.43908543426214564,-0.4445202009343899,-0.8681093238500562,1,0,0,1,0,0,-0.6091121756860305,0.26449947930585305,-0.7455217907937414,1.0325472766629804,-0.46758293208315554,-0.5945557836413953,-1.360695493334863,-0.6995367835896826,0.8146689384053899,-2.095549462160949,-1.3576783112923325,-1.1526513105883842,0.5136086177544219,-1.303158007554153,-1.5251169240989966,0.786991899980812,-2.1834226298144257,-0.8231090148397314,-0.5252107151899527,-1.0511813190346222,0.5899800799773571,-0.5676924655433605,-0.3228287680999413,0.6659076256856893,0.9614425504646524,1.0511813190346222,0.525210715189952,-1.2052179168904753,-1.3852146900196616,0.2454747604205509,0.6278937645343975,-0.3576745413866426,0.3845801819166189,0.4323198869208419,0.7879592118469556,0.20179139169817292,0.6951622885689447,-0.4070549059059717,0.48869229486974886,0.2357440418559006,0.49921072468027106,1.1407440084753266,0.7806711296729086,0.29205785388825667,0.5953280020465953,0
-0.8432045637725518,1.1605828814630785,0.5693561964423357,-0.13478617003801185,0,1,0,1,0,0,-0.40720918361991093,-0.14950864048471132,0.9687645191349462,-0.5888290523915902,0.9343046974203224,0.34007694912336195,0.35524853090444447,0.9322301824370264,-1.2702230932637568,0.5226166365359785,0.33091681527939326,-0.28608896208408235,0.05076458784230862,-0.5845553199221905,0.44442709355840293,-0.6814039372455164,-0.3786961873580754,-0.1998996666047707,-0.30025191215747105,-0.09240503183227083,-1.0780625179917225,-0.8342978754658706,1.051692278630522,-1.0815300164474708,-0.6253711839600133,0.09240503183227083,0.3002519121574703,-0.6203151308168162,0.26586877533487285,-0.3731626786018469,-0.6512357844370638,-0.7502449868021539,0.3845801819166189,0.02452383803125581,0.17890935030013266,-0.23228628620644656,-1.053465220782544,-0.8623145398892288,-0.3597668312857729,0.20981149912292413,-0.24540631275998087,-0.9212626601166852,-0.04248097655033679,-0.09762646290970158,-0.6418381130257917,0
1.8810232460946468,-1.235819353882877,-0.15484123025532542,1.478524768348486,1,0,0,1,0,0,-0.356733435603381,-0.2442885892569894,-0.6687627022894718,0.3989259061009694,-0.6231922649608806,-0.4961733907187893,-2.675440417102246,-0.6232690237053775,-0.42015612841670585,-1.9595045866035772,-1.6220535630212867,-0.900281331076812,1.747056822058673,-0.24870044827762236,0.6050487634019792,-0.5341923566041479,-0.2705962979688025,-0.15928838606454368,-0.1227108960387,-1.106173187055868,3.471766469850595,1.4615808639603196,0.03755570178656804,2.378845622781409,1.9532349675426681,1.106173187055868,0.1227108960386993,-0.48105256270404034,0.11577027848446049,-1.1009714303929035,-1.168055804223513,-1.1940202729240363,-0.34003467563087314,-0.13859458152457876,-0.09793149585751397,-1.1004416420156866,3.692809447457211,1.717490052682561,0.6985262723060605,0.6117659114840535,1.6161362808406496,0.6014499566897238,-1.0302635040182315,-1.4893561657595522,1.1520527538291696,0
-1.691313221561397,0.8513696898055362,1.0038746524609323,-0.13478617003801185,1,0,0,1,0,0,-0.34411449859924853,-0.25010331004056474,0.6361418022831113,-0.5217056925877608,0.7118913981583822,0.21083826023866584,-0.4154007820906031,-1.2452782114514989,1.4641860228976344,-0.5176037299811942,0.8241584816085525,1.235819198778576,-0.8869422380428652,-0.8031605003481552,-1.3579872990977016,1.5779387373635436,-1.0102026223621272,-0.07656179072609358,1.9236829213303015,-0.2223753081429896,-0.22488360912315467,0.3487815606093264,-0.4159150886045372,-0.3024503815913455,-1.146194077148575,0.2223753081429896,-1.9236829213303022,-0.7317251853070371,-1.2351161931692491,0.1817914946388332,0.9896677783849125,0.47867119015075044,-0.5605696322757617,1.247911984700014,0.34501385799472056,-0.6043528672675491,-0.47058938433204756,-0.1035484832504671,-1.1443634425693747,-1.1516469943583196,-1.176177609560296,-1.2702176348014877,0.9453015509175579,0.9044189231421907,-1.3222794763156045,0
0.18480593051695732,0.05256894469021735,-0.4445202009343899,1.0385308760612593,1,0,0,1,0,0,-0.25578193957032125,-0.2937137159173798,0.35469181110078946,-0.4846721147649583,0.46610598383727814,0.14867847561938297,0.23689666574600945,0.42280937878849695,-0.5946871858076753,0.5475740642002012,0.31860815379004614,-0.4942099593508151,-0.5188010170524378,0.0055954425030785215,0.41613687493372786,-1.7350979675840428,0.54689406072245506,0.29121183021612274,0.0915777400728132,-0.7648691281260978,-0.3238196802040804,-0.16344235530151371,-0.9306488200741222,-0.19744644526655655,-0.1298945316463939,0.7648691281260978,-0.09157774007281391,0.02029268250195297,0.41596727218528484,0.09081540066495114,-0.8321227913623208,-0.596630464683041,1.5817699465603012,0.10608304780917345,0.06817301183707392,0.20179139169817292,-0.27629743884854874,-0.1035484832504671,0.16937972051014377,-0.3477381696360611,-0.39771434314548676,0.9821281108913258,1.0276167615398821,0.6817421706862145,0.038603250264021984,1
0.3904080293748593,-0.978141694168258,-1.168717627632051,-1.161438585374874,1,0,0,1,0,0,-0.14221150653312897,-0.37570127896579214,-0.6431763394547153,0.26872973406767947,-0.7841962479258935,-0.49662058341389204,0.1460007077589105,-0.5874585787015811,-1.440048665385424,-0.14332008806064978,-0.8431193175462062,-0.2910996825554134,0.36417747511197435,-1.1281161831086473,-0.5487139856162542,-1.489613413031151,-0.8821166291893607,-1.2001131458155712,-1.0255223183500044,0.6200753015809853,-1.3302179361646889,0.256615710268867,0.47167694517133285,-0.6810755567919574,-0.07558049842637368,-0.6200753015809853,1.0255223183500037,-1.17736540326792,-0.7848207026180125,-1.0554833834059623,-1.5556708190633497,-1.7402052404586603,-0.08799472517957138,-0.7910682597479163,-0.4301405112466897,-1.2864749325462383,-1.3587811351137562,-0.2553016945782196,-1.3633206364159602,-0.9571529238609991,-1.1254082660984612,-0.9529858396334858,-0.8656330827735822,-0.7099875321636356,-1.0129879475475077,0
1.1871161624492292,1.0059762856343069,-0.15484123025532542,-0.8681093238500562,0,1,0,1,0,0,-0.3945902466157784,-0.21405204118239762,0.7384872536221374,-0.5500595256083439,0.826664250240214,0.2604766493950716,-0.3008128074689723,0.19963812390586652,0.4973630909847566,-0.3633198878958744,-1.1286721701651214,-0.9601367555979606,0.8884435873185633,-0.9735482325400494,-0.21611884674538911,1.057617067853908,-0.7940536353147418,-1.3000103926730906,-0.8251557858999272,-0.4911325578708816,-0.5544703916038457,-0.4905127066359922,0.38289114985364225,-0.2965482631454653,0.19812197706974607,0.4911325578708816,0.8251557858999266,-1.038102835155144,-0.4846237089171882,-0.9372144612399159,-0.3153027715758717,-0.596630464683041,-2.041304341177158,-0.22015379130249568,0.17890935030013266,-1.1004416420156866,-0.6926373220274746,-0.7105613285614767,-0.934529465133063,-0.62002986833231,-0.685407289429221,-0.6040308649486834,-0.4540570296619595,-0.7099875321636356,-0.8274130302866491,0
0.13340540580248203,-0.7977673323680251,1.4383931084795292,1.478524768348486,1,0,0,1,0,0,-0.7605394197356201,2.069970282605997,-0.19541498984647596,-0.34579619792944905,1.4102391768590359,1.8591905343874195,0.5284094683567835,-1.883826076614824,1.2329651500151364,1.0706378034276602,1.9105551440747646,2.598313552334781,-0.5177231346143277,0.7097608730577218,-0.892555884966019,-0.3238102658006648,1.013828028053313,0.9485867454561024,1.0460293195708634,2.5063506430005282,-0.025581527160771455,1.6914675184053154,-2.0109027536344013,-0.4410680826275548,-1.5577049290698601,-2.5063506430005282,-1.046029319570864,0.9672781456688292,-0.6347222057676005,0.9186978558272787,0.5891322630504142,1.0077878774499178,1.1722050270769362,0.5954383064766764,0.12354118106860354,1.1939689411944467,0.16779843654230542,2.020996475338066,0.826251302049903,-0.4514683405679659,-0.5838686025055501,1.2041903675089267,-0.7833178721512579,0.5704037944582268,0.5334696962929761,1
-0.3034990542705592,-0.41125084279609675,0.5693561964423357,-0.13478617003801185,1,0,0,1,0,0,-0.7983962307480176,4.073141592547702,-0.029103631420558513,-0.41234090807979723,2.0134124352369698,3.451196528953226,0.5608771373751529,-0.3259578593020777,0.4495610797910335,0.19151827363295118,0.6951532607330203,0.8810897549148244,-0.6428375728509514,0.01721921141132792,-0.6397541552828694,-0.04984808202482548,-0.44461978707877525,-0.11986328264337781,0.4407888507730546,0.7645323233097278,-0.762708079629095,-0.19350427719567032,-0.664657571563911,-0.6996062018601499,-1.020756450760906,-0.764532323309727,-0.4407888507730553,0.35452284597261524,-0.25947596364157,1.373578325696689,1.1317932838261862,0.8712416355662611,1.2667200084961745,1.0032343553662626,0.8433273810784847,1.069946747507413,-0.8314172830871166,-0.4070549059059717,-0.7338187041070253,-0.9312203811280227,-1.1084851516111824,-0.44541496736468245,0.12214944469431245,0.5704037944582268,-0.8892713360402683,1
0.2619067175886707,-0.23087648099586283,-0.4445202009343899,0.3052077222492148,1,0,0,1,0,0,-0.6343500496942954,0.26740683969764073,-0.46407179961141953,-0.1102857889625646,0.4240835364675537,0.2908857526620589,-0.0555608583988259,-0.858137938058945,-0.9809921170003819,0.028926429222791594,-0.2554071275260835,-0.680822105170035,-0.46677012662702244,0.7062330199158396,-0.37489652108900723,-1.9579469419495172,0.9624460803465688,0.6859169301926069,1.2465662665038717,-2.164889396170255,0.7829184383148842,0.8022581459582272,-0.6264987656060343,0.9152673185145068,1.0017061540297538,2.164889396170255,-1.2465662665038724,0.8558680911786088,-0.18442671521636386,0.6002815269186915,-0.5866332819637576,-0.20406001926752979,2.4008997855270304,0.5138790966987595,-0.04256332662598434,0.5738579727592754,0.27882240539001907,0.19995793940503753,-1.272088472313216,-1.3461410648556402,-0.9731002357129547,-0.15990635171348128,0.6160407084282594,-0.32030321536567735,-1.198562864808365,1
0.8530127518051386,-0.5658574386248675,-0.15484123025532542,-0.8681093238500562,1,0,0,1,0,0,0.6401625877230843,-0.5268840193387511,-0.016310450003180245,-0.4146555066937224,-0.388176283172486,-0.08475611122425496,0.24675372191049727,0.3152019585828483,0.07700513992738407,0.38415043207311,-0.045336899234795384,0.3944947280243053,0.15475188089429526,-0.16137818165003465,0.6999615683095461,-0.5824381687471171,-0.3687061373598717,-1.171627975370407,-0.12752713319093578,0.6645236159590602,-0.504364234611742,0.2685815531567912,-0.6905627954361805,-0.8845651447431792,-1.0849264896437605,-0.6645236159590602,0.1275271331909351,-0.45320004908148526,0.11577027848446049,-1.2829236183406676,-1.3360223106541085,-1.381771355514063,-1.1906695084040155,0.35076067714292497,0.4557501964577793,-1.3484860293897554,-0.38732140769626244,0.4275877563966659,0.4978155112800227,0.04124997135858002,-0.3130987707090945,0.5380035976561225,0.8629863402952329,1.4054416161681371,0.40975308478573785,1
0.18480593051695732,0.5163887321765315,-0.4445202009343899,-0.13478617003801185,1,0,0,1,0,0,-0.25578193957032125,-0.2937137159173798,-0.7327286093763631,0.7953009187356521,-1.0158679819448961,-0.8405117659479103,0.8796480757719971,0.6677180895422509,-2.220685499952194,1.354343451048354,0.9195133638028857,0.43031207956348255,-0.6813151682612225,0.1658598074291072,0.2301911197771413,-1.9177263028050702,0.6592061093130984,0.6704814179963031,-0.030386078764458365,0.617030896486598,-1.0574468970526842,-0.6858636223301852,1.108621482339777,-1.1759731336416224,-0.5408178009436344,-0.6170308964865974,0.030386078764457654,0.0759977097470634,0.11577027848446049,-0.2639913658331881,-1.1809763047181743,-0.9038595089212672,1.7077899217859516,-0.5463906304141645,-0.5962450189412776,-0.046252995675895824,-1.0257092285706153,-0.7105613285614767,-0.2776578835933038,0.31354167005482897,-0.194636969298146,-0.7626467625326843,-0.12479618717266176,0.18071947766026855,-0.2706882785040748,1
0.2619067175886707,-0.30817977891024867,-0.4445202009343899,0.5985369837740325,1,0,0,1,0,0,-0.6343500496942954,0.26740683969764073,-0.822280879298011,4.055991716102714,-1.1132404247016958,-2.928901652077774,0.6861892480057529,0.049821295059177005,-1.5823712072650102,1.416038391697824,0.8034189717260058,0.5273599812187459,-0.6756521936017291,1.0645181351140072,-0.48828788847899396,-2.1398081761694763,1.7155787385139347,1.238886823776753,1.1169885469471594,-0.38855952469070976,0.10949112472096807,-0.5575373785877976,0.012853595344001422,-0.21183800199776914,0.16504784220040786,0.38855952469070976,-1.1169885469471603,1.2736557955169365,-0.25947596364157,0.74584327727690225,-0.5866332819637576,0.06903246449978255,2.810464705010396,-0.05703537174666111,-0.5408768497097485,1.069946747507413,0.3620903820258042,-0.2553016945782196,1.0360852794862145,0.8840576101803024,0.7361343275021692,1.0772976494417266,0.6160407084282594,0.45906541823023866,1.0283361423219313,0
0.18480593051695732,0.8513696898055362,-0.4445202009343899,-0.13478617003801185,1,0,0,1,0,0,-0.25578193957032125,-0.2937137159173798,0.6361418022831113,-0.5217056925877608,0.6032231693388426,0.17729880810595924,0.22819029199480548,-0.2317689993893666,-0.9453259188461873,0.4996846575763546,1.0749544121104118,-0.09570420459261857,-1.2270438069828857,0.16571030859906527,0.5149620333202202,-1.9198576403496,0.570000448229234,0.5930192171963713,-0.16027754582615011,0.02843219803499119,-0.1517283679392054,0.8339878855797827,-0.6369795785178552,-0.10983904816570594,-0.8185255389058523,-0.02843219803499119,0.16027754582614942,0.15955525061472892,0.491016520610491,0.04532735367801011,-0.9613277963089331,-0.71610842633123994,1.9913348660436665,-0.5463906304141645,-0.5408768497097485,0.2638024885416898,-0.4150773999081907,0.27583454506891375,-1.1534866589796486,-1.2553771652902237,-1.2100238385348534,-0.9529858396334858,0.2044646553166367,0.23638866577426285,-1.198562864808365,1
0.13340540580248203,-0.978141694168258,1.4383931084795292,-1.161438585374874,1,0,0,1,0,0,-0.7605394197356201,2.069970282605997,-0.6431763394547153,0.26872973406767947,0.6742653199713425,1.384271892188294,1.4005848437724022,-0.5701943521315158,-0.562156279124893,1.1060243853185658,0.5022396048220714,0.8230601708405536,0.08295981175618848,0.6355756694701014,-0.8699042343810239,-0.19591185732743652,1.1216063093657496,0.7953838929146128,1.0833762813478618,0.048076501797563044,-1.31248759910604,-0.08884132281153843,0.5716139429639799,-0.3820019729985937,0.12360147857996451,-0.048076501797563745,-1.0833762813478625,0.9672781456688292,-0.5596729573423944,1.1552357001593716,0.8604627734383002,1.3320852019236007,0.9516700704320475,0.8401159358104279,0.34501385799472056,1.2559800380379649,-1.2755131584779709,-0.2553016945782196,-0.5331079430809875,-0.17917664187171697,-0.3130987707090945,-0.4771381468814831,-0.4540570296619595,-0.48731077970765985,-0.332546584257695,0
-0.3034990542705592,-1.235819353882877,0.5693561964423357,1.478524768348486,1,0,0,1,0,0,-0.7983962307480176,4.073141592547702,-0.6687627022894718,0.3989259061009694,1.048156237724814,2.824232370419164,-2.5567864147800403,-1.3500105359442036,-0.08294727483989366,-1.8383760226017845,-1.4173844049763624,-1.1079187091456832,1.3523416935528563,0.13878637103722566,-0.456258037215344,0.08956613104133208,0.0015754297775190185,0.1986202010647451,0.2600885100232926,-1.7690215962405276,3.6939474555043676,1.3958625422038107,0.20339702742808138,2.4850895736034104,2.036583112292506,1.7690215962405276,-0.2600885100232933,0.438080386840281,-0.10937746679115769,1.1825285283515359,1.0542702808582185,1.0077878774499178,0.9516700704320475,0.5954383064766764,0.5111183656893089,1.2559800380379649,3.692809447457211,1.4898602356909325,0.37921369794645543,0.4302381123532211,1.4638282504551436,0.1890486229713212,-1.0302635040182315,-1.6563637301015341,0.8427612250610729,0
-0.9717058755587404,-1.235819353882877,-1.168717627632051,1.478524768348486,1,0,0,1,0,0,-0.6217311126901629,0.26740683969764073,-0.6687627022894718,0.3989259061009694,-0.09369201432968471,-0.10264381902836514,-3.3699656333549255,-1.3941244604490688,0.17956576892907639,-2.2271136767490263,-1.5264108037518371,-2.0494200430115224,0.9004686726028204,-1.4243231818630442,-0.3815027522001568,0.57028318915001,-0.529335915638795,-0.002412524640144702,-0.67984341407292,-2.120904085066952,3.262852306209858,1.531298491481617,0.3276071855797455,2.4838064630661565,1.9820534415680133,2.120904085066952,0.6798434140729193,-1.3723329986258064,-0.4846237089171882,-0.45504116317834126,-0.10857476366129187,-0.3064697006802721,-0.43454965705011084,-0.7910682597479163,-0.5962450189412776,-0.17027518936292965,3.581785478609498,1.8692432640103136,0.853620951280726,0.9099901529132779,1.988444799560775,0.31594134103852145,-0.6186874509066087,-1.378017789531564,1.2139110595827887,1
0.8016122270906633,-0.12780541711001567,-0.4445202009343899,0.3052077222492148,1,0,0,1,0,0,-0.21792512855792381,-0.33150940101061954,-0.2977604411855021,-0.2885098822348015,-0.0821507840473803,-0.031987373202129916,-0.5471005542599489,1.3369577140103661,0.21204808780077286,-0.8180436830041937,-0.9648523827890001,-0.5858055880260254,0.8597753216068947,-0.8950626540841495,0.7529970253333688,0.36663538180843713,-1.8497833134485993,-1.9293832842728242,-1.206712417013922,0.39783372969061137,-0.13357941915671762,-1.0806805303046452,0.0785563608594022,-0.7290892292506536,-0.6293119009048723,-0.39783372969061137,1.2067124170139214,-1.0102503215325889,0.19081952690966666,-1.2010451337641732,-0.8579637923516437,-1.4500444764558913,-1.5057194464681423,0.02452383803125581,0.7325910426154264,-1.1624527388592034,-0.1375174777889068,-1.0140677512169813,-0.013084607695344815,0.028283699992091807,-0.2623294272472596,-0.15990635171348128,0.12214944469431245,0.3477270420022505,-0.08511336124321738,0
-0.4577006284139859,0.2587110724619126,0.27967722576327125,-0.4281154315628296,0,1,0,1,0,0,-0.25578193957032125,-0.29952843670095514,-0.6431763394547153,0.32080820288099543,-0.6665675251718485,-0.4782856829146791,-1.2828520079090773,0.8388509774498317,1.5038998497804241,-2.1384216762241635,-1.5591257059225203,-0.9725204238334174,0.8181595456359774,-0.8221601097125265,0.49455325918122855,-0.06770473055866079,-1.1337279997145842,-0.9451543633768422,-0.5483077512256369,-0.7825969144484197,0.9623442506702612,-0.6559166937739683,-2.123918200385168,1.7646844476408718,1.1041805009175556,0.7825969144484197,0.5483077512256362,-0.6203151308168162,0.8662627627365218,1.0642596061854894,0.8604627734383002,0.3079883877961804,0.7311351137871589,0.18764225758709038,0.5111183656893089,0.6978801664463103,1.194770148383656,-0.4070549059059717,0.8444977348704508,-0.5033334260339178,0.17767154942198057,2.726902984315336,-0.12479618717266176,-0.48731077970765985,1.1520527538291696,0
-0.4577006284139859,-0.8493028643109486,0.27967722576327125,0.5985369837740325,0,1,0,0,1,0,-0.34411449859924853,-0.254755086667425,-0.42569225535928473,-0.1461620674784045,-0.1016163406372893,-0.08296734044384395,0.46944370309140954,-0.07248371307998634,-0.6776916343533287,0.5553642526463353,0.2618513548107645,0.8931605587592182,0.1767015255821997,-0.04899481608000033,0.35733911113200434,-1.5787250069461125,-0.055421653666885305,-0.14144571802012895,1.1590962203352904,0.06858695651968806,-0.7017279396142225,0.45746064803119924,-0.6600392133564416,-0.8052164392851652,-0.4785137991482533,-0.06858695651968806,-1.159096220335291,0.10385022336961848,0.5660657690356972,0.6457695739056325,-0.3411437725651945,-0.34060626115118536,1.8968198846244282,1.7372672433675176,1.1755363964676604,0.3258135853852078,-0.6926373220274746,0.35171115073279,-0.1864257194905595,-0.4903671546674297,-0.7530997473783346,0.5380035976561225,0.5337254978059351,0.6260729825722207,-0.20882997275045564,0
0.5960101282327613,0.38754990231922204,0.27967722576327125,-1.161438585374874,0,1,0,1,0,0,-0.5460174906653681,0.043540089529990035,-0.15703544559434116,-0.37125678268262574,0.5626117021009251,0.32040047053884074,0.4294609683075715,0.9692179501881345,1.853131507842303,1.0318894945847716,1.4806653908335705,0.22059098229550658,-1.3675708566666427,-0.39079967481070466,0.5168620627791993,1.0711838767174675,0.06181223862112047,0.5191235623185255,-0.4157307643808121,0.7131765006161427,-0.9876583610895332,-0.8125009854474026,-1.4568563599716264,-1.3327241775041143,-1.418114405698634,-0.7131765006161427,0.41573076438081064,-0.48105256270404034,0.26586877533487285,-0.5369196477548344,0.05939174276930372,0.08610074473523979,-0.8756195703398886,-1.1173050988595852,-1.0945585420250417,-0.35630847989348147,-1.0257092285706153,-0.9381911455531051,-0.7794347861583975,-1.333174793489152,-1.6669479296913718,0.15732544345452057,-0.12479618717266176,0.23638866577426285,-1.0129879475475077,1
0.6474106529472365,-1.6996391413691911,0.5693561964423357,1.0385308760612593,1,0,0,1,0,0,-0.5207796166571032,0.014466485612113323,-0.31055362260288033,-0.28677393327435763,0.3456997162136729,0.23275070229870082,-0.23290529756214784,0.1013191735759453,-0.7191340989649437,0.10084068340648435,-0.1429403398619514,-0.9642934652545412,0.04147489445820693,-0.9763860035075199,-1.4355765421107256,0.6545787110495647,-0.8280286573463493,-0.29771342156446834,0.23272740579640636,-1.5459974836040618,-0.6517329044956239,-1.5771928109412128,1.640868881694574,-0.9572883000975161,-0.10482976848039931,1.5459974836040618,-0.23272740579640636,-1.0938078624002545,-1.535313186870074,-1.3557044935197728,-0.8708842928463041,-1.1086788717467513,-1.1591645145976028,-0.13859458152457876,-0.26403600355210183,-1.2864749325462383,-0.6093693453916895,-1.4693273852002382,0.041654690766301246,0.8840576101803024,0.39767203775660004,-0.7626467625326843,0.7806711296729086,0.06938110143228039,-0.5799798072721716,1
-0.04649643069818187,0.23294330649045036,-0.15484123025532542,0.5985369837740325,1,0,0,1,0,0,-0.6722068607066928,0.5610502392681955,-0.08027635709007157,-0.389773571594027,1.0063468135458091,0.7327121354235805,0.6099892439545253,-1.1494139851886964,-0.3717915821027436,1.0883297466521258,1.6928948864582158,0.42657176047916034,-1.2997128368742417,0.04237377381433661,-1.1345471235606044,0.12174666396152707,0.417047326859662,1.6157808647196072,0.5174554829923397,0.06858695651968806,-0.8058655169830246,0.44104236436098326,0.630595203904002,-1.0567262842066911,-0.6233507353846864,-0.06858695651968806,-0.5174554829923405,-0.007559831120602114,-1.0850176963188372,-0.1548200530645294,-0.06981326217730856,0.10316902497069583,0.9831750642384596,-0.8726274695258333,-1.149926711256571,0.5118468759157585,-0.6648813298155464,0.6552175733882943,0.6437869738444144,0.8970238815467907,0.36382580878204385,0.062155904904119784,0.5337254978059351,0.6260729825722207,0.40975308478573785,1
-0.04649643069818187,1.2121184134060021,2.452269505856255,-0.13478617003801185,1,0,0,0,1,0,-0.356733435603381,-0.2442885892569894,-0.38731271110714993,-0.2103921790148275,-0.02885507425161464,-0.0252794827755886,1.5733906887524467,0.2252813185966675,-0.7732798715552686,0.6094688971726231,1.1801023429381656,-0.1288909473653826,-1.0750669360652636,1.0825061338772115,-0.2060242967172353,0.3390399740185214,-0.15435679974408098,0.2413315410385024,-0.8963291925090734,0.7131765006161427,-1.1062106790969177,-0.5155962974902152,1.3978019664432617,-0.9764107207878991,-1.2985775640195154,-0.7131765006161427,0.8963291925090727,0.6330479821981672,-0.4846237089171882,-0.9645072894320803,-0.6641562849317252,-0.6819718658603261,-0.655084613695,-0.8726274695258333,-0.5962450189412776,-0.5423417704240322,-1.1644891896302574,-0.7864379342253526,-1.1443634425693747,-0.3607044410025493,-0.7023304039164997,-2.285359379339093,-0.12479618717266176,0.23638866577426285,-1.3222794763156045,1
-1.2287084991311177,0.15564000857606544,1.4383931084795292,1.1851955068236681,1,0,0,1,0,0,-0.6595879237025604,0.5406987165256818,-0.09306953850744984,-0.3891949219405457,0.9466823663887984,0.7166131983998812,2.758399785179892,1.756019267688952,-0.7060263538671723,2.7553138158316783,2.012733265980441,0.8690390699592455,-2.111899251670205,3.1126975141629223,1.253032472834557,0.23749761795094235,2.2833855593312173,1.7506350438931568,1.8207882307202055,-0.6205699568839558,-0.7254513678329763,-1.154931129803284,1.2038238796170255,-1.4580851732946019,-0.9074974344300653,0.6205699568839558,-1.8207882307202063,3.6132669398115715,1.6918044954137887,1.1097476531724306,1.0801112818475405,2.100157812519166,0.4790951633358572,-0.46483142063624716,-1.149926711256571,1.3800022317249987,-0.6926373220274746,-1.0899443568808573,-0.04957747333644305,0.5728670973845897,-0.093098282374475,-0.826093121566285,1.439192814651505,1.1827648637121608,-0.08511336124321738,1
-0.9717058755587404,-1.41619371568311,-1.168717627632051,-1.6014324776621007,1,0,0,1,0,0,-0.6469689866984278,0.5290692749585311,1.4293190501605637,-0.652480514274532,1.6207900178892245,0.9111420207695795,0.2781195224733731,-0.08920894870165329,0.7763475330752067,2.853084223608976,4.000445266590912,2.517283770595338,-2.8021060793578187,-1.4574304003024454,-0.38729960563160615,0.4841344344329301,-0.6868987180199632,0.23316089476131593,-0.24687185720061178,3.6781193307925215,-1.842979249782677,-0.2655461610248646,-0.5747846686518909,-4.5354497309763,-4.973138539586461,-3.6781193307925215,0.24687185720061106,-1.4001855122483615,-0.4846237089171882,-0.43684594438356456,-0.1344157646506147,-0.3918111018575571,-0.024984737566746233,-0.6279498401920818,-0.5962450189412776,-0.23228628620644656,-1.765869020888706,-0.9381911455531051,-2.327340503768292,-2.1759824323108745,-3.22387446252099,-2.4439752769230942,-1.30464753942598,0.7559677548382072,-2.7244010733976425,1
2.0609250825953116,0.15564000857606544,0.27967722576327125,-0.4281154315628296,1,0,0,1,0,0,-0.571255364673633,0.08598755125009003,-0.7199354279589849,0.6448520088305171,-0.4369598684263855,-0.43222483531909534,-0.5549053020658645,1.386881778148086,0.7640597927791324,-0.1925827815667917,-0.5968639581394763,0.09660459228334498,0.6841146443078243,0.14358964801910004,1.3959204725453833,-0.3752052121610879,0.8575705980410187,0.2573008161562319,1.3843233105508752,-1.2411978630008902,0.9150824148508291,-0.5051362794054025,-1.4215403864528233,1.1105192387023481,1.027156545005827,1.2411978630008902,-1.3843233105508759,0.38237535959517033,1.7668537438389946,0.9550882934168308,0.5891322630504142,0.9395147565080901,0.6366201323679207,1.5741488238116832,0.8986955503100138,0.6978801664463103,1.1392581639597994,-0.2553016945782196,0.826251302049903,-0.11434528503927678,0.3299795798074865,2.314501650596933,0.6983559190505837,0.1250502895462747,1.1520527538291696,1
-1.5628119097752085,0.6194597960623787,-0.4445202009343899,-1.161438585374874,1,0,0,1,0,0,-0.15483044353726144,-0.36930508610385926,-0.6175899766199587,0.2629432375328666,-0.6989001341655146,-0.4872295368167342,0.3681436329249497,0.5280420483530766,-0.8283388658765343,0.14513001586925978,-0.19099572330473452,-0.5157576009361062,0.14281800941303563,-0.20817967490055164,-0.7721778767185038,-0.6374283200585633,-0.1931563402192743,-0.05253985062155261,0.010024599876957354,-0.7133741297612541,-0.7199233614461533,-1.4983051286168023,0.4918129908634773,-0.3875918089622293,0.1970088564162024,0.7133741297612541,-0.010024599876958064,-0.11896988561082296,-0.6347222057676005,0.3728412919839863,-0.031051760693324323,-0.10165033785478751,0.9516700704320475,0.2692014673650073,0.2896456887631914,0.38782468222872474,-0.3318094232724056,-1.0899443568808573,2.2038569800013414,2.1936510181955944,1.8530598836625478,1.6165917012273294,1.1099319721622063,0.793080546914203,1.8324941171189824,0
1.1614159000919912,0.6194597960623787,0.27967722576327125,-0.13478617003801185,0,1,0,0,1,0,-0.4703038686405733,-0.029143920264701743,-0.1826218084290977,-0.36199838822692515,0.38563857147627845,0.2573463005293523,1.3001148709211516,0.30491629448930135,-1.0771727412017438,2.4520178653123867,2.0244971376774203,2.506444950506081,-0.9474570574200478,0.9143810988706229,0.15208285104561253,-1.0277550725824105,1.2223704489875056,0.7495304079629165,1.5875602653373244,1.843969028470223,-0.8942025561532295,-0.26615392177321856,0.4397364910992523,-2.100436332233478,-1.9001748715620987,-1.8439690284702237,-1.587560265337325,1.3015083091394917,0.5660657690356972,1.2462117941332536,0.4340862571144791,0.9395147565080901,1.833809897011603,1.0847935651441794,0.34501385799472056,0.9459245538203791,-1.053465220782544,-0.7105613285614767,-1.554908181031724,-1.1386807229918314,-1.751563502127764,-1.6191726094862895,-0.7833178721512579,0.06938110143228039,-1.6934293108373202,1
-1.3315095485600683,0.05256894469021735,0.27967722576327125,-0.8681093238500562,1,0,0,1,0,0,-0.1295925695289965,-0.3803530555926524,-0.34893316685501513,-0.2607346988676996,-0.23279196385273812,-0.09101680895569353,0.8656282084020718,-0.9280789892072024,0.6714527370142108,0.28600783525663565,0.5792798692297331,0.7979552123293836,-0.0071903555625488945,-0.1818508661703778,0.1595489470655012,0.6548706976945992,-0.6309674435761038,-0.13636900775989108,-0.05671543019588151,1.1445654112422656,-1.3853803383041001,1.4336501712444327,-0.2598164896045218,-1.0120346499579598,-0.8862299947930377,-1.1445654112422656,0.056715430195880795,-0.14682239923337803,0.19081952690966666,0.13630344765189217,0.459927258103802,0.17144214591252482,-0.15100471279239655,0.18764225758709038,0.2342775195316623,0.139780294854656,-1.2755131584779709,1.4898602356909325,0.3062279666642602,0.11904759955750843,-0.29617565622181696,0.31594134103852145,-0.28942660841731066,0.29205785388825667,0.22417816752487937,1
1.1871161624492292,0.6709953280053031,-0.15484123025532542,-0.8681093238500562,1,0,0,1,0,0,-0.8236341047562825,6.04723929857153,-0.06748317567269331,-0.39150952055447086,2.705498315042651,4.9533167918033785,1.0012853826408894,-0.8750335025985998,0.9955760875830547,1.7138806430788351,2.5312670118726124,0.5869705336750657,-2.100286967246876,0.8366610578279876,-0.7451797267520057,0.8397229886311047,1.8262107531560345,2.780975040431253,0.3871222082195544,0.41661470759684033,-0.5563298276457133,0.4545062516999154,-0.5171452427244405,-0.5045028565023202,-0.575690232569075,-0.41661470759684033,-0.3871222082195551,0.4102278732177254,-0.9349191994684248,-1.028190555213798,-0.4961897785011287,0.20557870638343811,-0.34003467563087314,-2.0144564064166746,-2.312658265118687,-0.17027518936292965,-0.6648813298155464,0.12408133374116129,-0.7703115697481222,-0.892321567028559,-1.0069464646875115,-0.3185222492974822,-0.12479618717266176,0.06938110143228039,-0.76555472453303,1
0.5189093411610479,0.5936920300909173,-0.15484123025532542,0.3052077222492148,1,0,0,0,1,0,-0.7100636717190902,0.7965464310029968,-0.5664172509504457,0.04594961747738333,0.5369850734936037,0.5770890775278218,-0.5162816045925047,-0.8449236988592846,0.049677101715069845,-0.7499327778886662,-0.5014515596191882,-0.20326112485751652,0.590829246555107,-1.0547521402245856,-0.5612247103009367,1.134149024466306,-1.0290518486074247,-0.3094958052774536,-0.604544012877736,0.3223554599919946,-0.3359937718734188,0.5974616983562182,1.0718001304364237,-0.007279396574331928,0.349749171196094,-0.3223554599919946,0.6045440128777353,-1.0102503215325889,-0.5596729573423944,-0.13662483426975403,0.459927258103802,7.593435579547688e-4,-0.5920746260821743,-0.30171300108041293,-0.04256332662598434,0.015758101167622184,-0.38732140769626244,0.4275877563966659,-0.31415074923440073,0.2616765845888761,0.24536400737109418,-0.826093121566285,-0.9479482933959068,-0.9326642846196119,-0.2706882785040748,0
-0.6633027272718879,0.3102466044048362,-0.8790386569529866,-0.4281154315628296,1,0,0,1,0,0,-0.5838743016777656,0.21216699225367497,-0.630383158037337,0.265836485800273,-0.08065639712306966,-0.04227280518949327,1.4015889184173667,0.49630446604389805,-1.9119789342051412,2.311789109857518,1.5333106460775907,0.176176305846614,-1.4657005268218286,0.6937547056058049,-0.4130185096986311,-1.7335203171581897,1.1031877458415933,0.8979551551604626,-0.2548898489945435,0.4930801176436278,-1.2557519819376275,-1.0949463314135646,0.871718516049967,-2.0291758587008704,-1.1167004990445197,-0.4930801176436278,0.25488984899454276,0.5216379277079463,-0.4846237089171882,-0.3549674598070702,-1.1551353037288514,-0.7331767065666972,1.3927399837218248,-0.8726274695258333,-0.8730858650989243,0.2638024885416898,-1.1367331974183288,-0.9381911455531051,0.4521994292286506,0.858125067447326,-0.11002139686175369,0.030432725387320277,0.7806711296729086,1.1827648637121608,0.34789477903211874,1
-0.04649643069818187,1.8820803286640106,-0.15484123025532542,-0.13478617003801185,1,0,0,1,0,0,-0.6722068607066928,0.5610502392681955,-0.3361399854376369,-0.26941444366991896,0.7448121156572594,0.6396960548422075,-0.17826835879233247,-1.5358444533083337,0.3369267529965745,-0.04945316348340285,1.0436835074546171,0.5721740375051638,-1.2266962358298727,-0.34790408011345514,-1.3054945935088742,0.07552445095035296,0.10355966235944325,1.4214897128010306,0.4073962731842086,0.3763264807979944,-0.09973516518688057,0.8001788865057538,-0.38469536880453503,0.16949602188580384,0.030968358929466522,-0.3763264807979944,-0.40739627318420935,-0.45320004908148526,-1.3101654415944555,-0.5824076947417753,-0.4574282770171454,-0.3918111018575571,0.6996301199807459,-1.1173050988595852,-1.3713993881826885,-0.046252995675895824,-0.44283339212011924,0.12408133374116129,-1.4454295841084306,-1.385039878955104,-1.2438700675094103,-0.826093121566285,-0.5363722402842841,-0.4316415915936655,-1.3222794763156045,0
-0.04649643069818187,0.23294330649045036,2.452269505856255,2.9451710759725747,1,0,0,1,0,0,-0.356733435603381,-0.2442885892569894,-0.7071422465416066,0.6217060226912655,-0.7700825676237945,-0.6683425783333498,-0.9600983229339775,0.09729263571401543,-0.9259999758168176,-0.911250203583061,-1.3032552007501599,0.1270332726944336,1.5332376967655703,1.487380223546821,-0.4533557494841908,0.25130529851585026,0.2506438729322876,0.535024310110762,-0.5252107151899512,0.6941558255444424,2.821212883525629,-0.5876990334279616,1.5184105773422432,1.4795744099830612,2.2166426939470028,-0.6941558255444424,0.52521071518995055,0.8001630639334981,-0.7848207026180125,-1.3375092747249961,-1.0259302987822392,-0.8867912286858101,-0.8756195703398886,-0.8726274695258333,-0.762349526635866,-0.9144083514851348,3.6650534552452823,-0.1035484832504671,1.7568193758978938,2.452976445525355,3.122293470208432,0.6966194952401235,-1.853415610241477,-1.8790404825575102,2.636652091916034,0
0.23620645523143258,-0.7977673323680251,0.27967722576327125,1.478524768348486,1,0,0,1,0,0,-0.7605394197356201,1.880991857139798,-0.19541498984647596,-0.34579619792944905,1.4102391768590359,1.7138529084790242,0.46182743591106323,-1.5209778291147897,1.8437413068569617,0.8089486902218982,1.654887309143559,2.4660880787596917,-0.43281573261363143,0.49234707496394087,-0.7260856617532874,0.16743703177528527,0.7080511680908556,0.9653980527517301,1.5560487663379834,1.8201797897890004,-0.15023489560528286,1.3602131266477258,-2.3521980628044945,-0.39074607354170776,-1.2089112525616728,-1.8201797897890004,-1.5560487663379843,0.4102278732177254,-0.7097714541928067,-0.13662483426975403,-0.031051760693324323,0.2567835470898098,0.1325402314653172,0.35076067714292497,-0.319404172783631,-0.10826409251941274,-0.08200549336504998,1.413983630027056,0.29710475025398503,-1.0090180093269512,-1.0746389226366257,1.4262526241265279,-0.6186874509066087,0.29205785388825667,-0.023255055489598248,1
0.2105061928741954,-1.235819353882877,-0.4445202009343899,1.478524768348486,1,0,0,1,0,0,-0.38197130961164594,-0.20067818338017435,-0.68155588370685,0.540695071203885,-0.6330174795586402,-0.5721961488862576,-2.091370370762636,-0.7025980104313861,-1.6698307851308458,-1.1132272652206612,-0.7766915299214985,-0.8569775464442558,0.7867436418291893,0.2382891156070013,0.4124852842145101,-1.846281288525995,0.7446458401283318,0.6603042100819153,0.2654778184316193,-1.4321128303428865,3.1461970867845133,1.3775565216044876,0.4273799826563697,2.24227628417787,1.6543955714737504,1.4321128303428865,-0.26547781843162,0.24311279148239442,0.41596727218528484,0.09991301006234013,-0.8838047933409655,-0.5795621844475838,1.9283248784308402,-0.38327221085833024,-0.5408768497097485,0.20179139169817292,3.6650534552452823,1.8692432640103136,1.172933525640331,1.2471132084419672,2.242291516869952,0.2524949820049213,-0.7010026615289333,-1.266679413303576,1.3994859768436472,1
-0.9717058755587404,-0.3854830768246345,-1.168717627632051,1.7718540298733036,1,0,0,1,0,0,-0.6469689866984278,0.5290692749585311,-0.579210432367824,0.07488210015144776,0.24081507477323594,0.34902080302541705,-2.399250832713334,-0.34681289507948215,0.7457763828741769,-0.9322514034961011,0.24994986098241762,-0.30608379460852814,-0.5834696619464397,-1.4235818538124387,-0.46487740101060215,0.5602670247040675,-0.36848053900857464,0.5114730967384653,0.2430696413654208,-0.6585353003337585,1.9137904723528243,0.010307607364278082,-0.456486971164012,0.8940325074097084,0.17440686799179647,0.6585353003337585,-0.24306964136542153,-1.3723329986258064,-0.5596729573423944,-0.46413877257572894,-0.12149526415595328,-0.2552648599739003,-0.08799472517957138,-0.5463906304141645,-0.7069813574043363,-0.23228628620644656,2.16622987580115,0.27583454506891375,0.8171280856396278,0.4302381123532211,0.7869036709640054,0.506280418139323,0.6983559190505837,0.4033962301162448,0.47161139053935697,0
0.544609603518286,0.1298722426046032,0.5693561964423357,1.478524768348486,1,0,0,1,0,0,-0.5081606796529707,0.00574440443675031,-0.7711081536284979,1.833977046734565,-0.8750823025442762,-1.412918415679436,-0.8638409933061952,0.21986374162600897,0.2454957664485378,-0.5784141382003374,-0.396831759523722,-0.4307105493459918,0.11478489852005998,-0.708291325264926,-0.7391010000258411,0.11968163786118434,0.0940638618206268,0.14313271587879728,0.6912331826893902,-1.2729944734370133,0.49347558275100356,-1.0421850421309384,-0.21533243289467419,0.874672299745845,0.655641961132155,1.2729944734370133,-0.6912331826893908,-0.7874302125521474,-0.8598699510432187,-0.7279694450999874,-0.5607922809744348,-0.4942207832702994,-0.5605696322757617,0.10608304780917345,-0.2086678343205727,-0.9144083514851348,0.8616982418405155,-0.7105613285614767,1.3371514210252706,1.0007540524786946,1.345366449044194,1.1724671879921262,1.3568776040291806,0.7374113588002092,1.2139110595827887,0
0.030604356373531493,0.43908543426214564,1.0038746524609323,-0.8681093238500562,1,0,0,1,0,0,-0.43244705762817587,-0.1134573716265442,-0.7455217907937414,1.0325472766629804,-0.8463320058902002,-0.8852310354581858,0.07740528759388272,0.45682215580910696,0.04306202806915958,-0.4221758421365938,-1.3768103046801878,-1.6414715628319436,-0.04288128050826031,0.7739169392165369,-0.14053134261891354,0.03153338638555675,0.08518319071713915,-0.9584224380231917,-0.6187833227191311,-1.6250696689933528,0.665654750227108,-0.7677839593156732,-0.027179222707725607,0.6547985199702759,0.8542078577588622,1.6250696689933528,0.6187833227191303,0.744458036688388,-0.10937746679115769,0.08171779126756346,0.08523274375862654,0.12023730520615308,-0.9701345517591269,0.10608304780917345,0.4557501964577793,-0.046252995675895824,0.9449662184763004,-0.482931511569848,1.0178388466656656,0.8451587960808378,1.0915197317350172,1.1407440084753266,1.8507688677631275,1.0157572993701793,0.8427612250610729,0
1.0072143259485644,2.0624546904642447,-0.8790386569529866,0.3052077222492148,1,0,0,1,0,0,0.6275436507189519,-0.5292099076521812,-0.5920036137852022,0.08819104218151741,-1.1363402389583053,-0.4751553340489598,-0.304275754432679,-1.49004166557033,0.2576922735930908,-0.4832285726403665,0.01794588609451443,-0.3170685376685149,-0.022338339596743896,-0.3418139185437105,-0.46207231752237715,0.2035952758383604,-0.10705077918617059,0.14759347507884082,1.0318374740956051,-1.4558075127796442,0.0815664034934365,1.5822350438339112,-0.1476803531800203,0.5466609061727014,0.12076577083555848,1.4558075127796442,-1.0318374740956058,-0.4253475354589299,-0.5596729573423944,-0.4732363819731166,-0.3023822710812103,-0.32353798091572933,-0.30852968182446,0.758556726032511,0.2896456887631914,-0.5423417704240322,0.44535835866158957,2.2486262923296945,1.473999667179387,1.1563493088765513,1.345366449044194,0.8552353928241243,1.933084078385452,1.1827648637121608,0.9664778365683122,0
0.2619067175886707,1.1863506474345409,-0.4445202009343899,-0.13478617003801185,1,0,0,1,0,0,-0.6217311126901629,0.3197393267498188,-0.8478672421327675,6.020507289671689,-1.876339602949156,-4.406873509392378,-0.14640307726878246,0.15916256341200574,-2.037244944361996,-0.6671017941036729,-1.8254238548172599,-0.18976584513777905,1.2846768518605878,0.6043776630089414,-0.6228202011896031,-2.1031853641914555,1.3975638813304583,0.7557872772234635,0.6286220997103051,-0.8822777243979375,0.8074640825020448,-0.8423832184195624,0.671483626463368,2.2870119073851356,3.111019587308418,0.8822777243979375,-0.6286220997103059,1.07868820015905,-0.18442671521636386,1.6010185606313942,0.03355074177998182,0.59814915179895,3.283039612106586,0.18764225758709038,-0.09793149585751397,1.752068812786101,0.3898463742377325,-1.0140677512169813,-1.0075151964152582,-0.5551985114998699,0.31305646532020776,-0.15990635171348128,-2.1003612421084505,-2.4914015518114443,-0.08511336124321738,0
-0.6376024649146498,0.5936920300909173,1.7280720791585935,0.3052077222492148,1,0,0,0,1,0,-0.6343500496942954,0.4621999859474147,-0.5664172509504457,0.04594961747738333,0.2275924204414953,0.319953277843738,0.2423155298558212,-0.46002049531283906,-1.9791466855124054,0.08557659205987217,-0.3686851593782611,-0.2259293360044747,0.1597592475398814,-0.1556296938783124,-0.053291047440690124,-1.6159799202581506,0.32684776125683446,0.09005226984652279,-0.34274413050805214,0.031788787753525546,-0.49244899927300184,0.578006765166106,1.0816558455518608,0.20848819018377565,0.5672272781561577,-0.031788787753525546,0.34274413050805214,0.1317027369921738,0.340918023760079,1.237114184735866,0.07231224326396513,0.20557870638343811,2.4324047793334436,-0.13859458152457876,0.012804842605544792,1.814079909629618,-0.5538573609678327,0.35171115073279,-0.4601222117987924,0.13201387092399572,0.2115177783965368,-0.8895394805998851,-0.9479482933959068,-1.0440026608476,-0.332546584257695,1
-0.6633027272718879,-0.2824120129387873,-0.8790386569529866,0.5985369837740325,1,0,0,1,0,0,-0.5838743016777656,0.21216699225367497,-0.822280879298011,3.8708238269887008,-1.260130727364607,-2.8282832956796544,0.40604498898938124,0.24148784586216726,-1.5374894331177267,0.6915621293331661,0.6081046820658966,-0.028437414005197226,-0.5550202989119523,0.6094065127231728,-0.05643408731201393,-1.7647335951468244,1.0012825555392724,0.9574908338551296,0.07195265285990604,-0.11014700605881247,0.04429636567437634,-0.3879840768554979,0.3284124884093971,0.05859882135816182,0.1442375695912112,0.11014700605881318,-0.07195265285990675,0.35452284597261524,-0.25947596364157,-0.6369933511261053,-1.3747838121380926,-0.9892009100985523,1.2667200084961745,-0.709509049969999,-0.8177176958673952,-0.046252995675895824,0.4731143508735179,0.12408133374116129,1.74769615948762,1.6879664349025603,1.6161362808406496,0.9821281108913258,0.7806711296729086,0.793080546914203,1.770635811365363,0
1.8810232460946468,0.23294330649045036,-0.15484123025532542,2.9451710759725747,1,0,0,1,0,0,-0.3188766245909836,-0.2733621931748661,-0.7071422465416066,0.6217060226912655,-0.8201023544756483,-0.6907022130884876,-1.9093217414007482,0.9379596139370099,-1.7772102454951337,-1.0657304661570328,-1.8628111215000434,0.0842848760282429,2.099912949639601,0.03923429838345276,0.858637058794463,-0.5951686700252135,0.1786150801343379,0.0483863688826292,-0.49529816032406576,0.6061852033378367,2.6941608081234083,-0.42721524974246766,1.8314188269598901,1.6168447605281742,2.468985562493461,-0.6061852033378367,0.4952981603240644,-0.3696425082138195,0.11577027848446049,-1.5649495096597015,-1.5685913195580112,-1.4329761962204342,-0.7495995951142377,-0.6279498401920818,-0.4855086804782194,-1.3484860293897554,3.6095414708214255,0.12408133374116129,1.9119140548725593,2.8030657724205326,3.5622944468776723,0.5697267771729232,-2.018046031486126,-2.1017172350134863,2.7603687034232727,1
0.23620645523143258,0.20717554051898904,0.27967722576327125,-0.4281154315628296,1,0,0,1,0,0,-0.7605394197356201,1.880991857139798,-0.4001058925245282,-0.19708323698475788,1.1681743538733984,1.5989243858376163,0.21270641468133608,-0.7846925836150934,1.3599959612589132,-0.38060758529873134,-0.2571187069371125,0.5392677161748515,0.4405317695186246,0.6847444708448673,-0.6582733984711631,1.35954481723262e-4,0.6761311855060796,0.6319655458067047,0.8222348332302418,-0.0799856498736912,0.3884151597075577,0.4175713570967806,-1.8590234180325984,1.1846164025872767,0.951258265022425,0.0799856498736912,-0.8222348332302425,0.605195468575612,-0.6347222057676005,-0.082039177885424,-0.06981326217730856,0.20557870638343811,0.038025250046078915,0.10608304780917345,-0.26403600355210183,-0.046252995675895824,0.5008703430854462,0.5793409677244183,0.5069387276902979,-0.5940973255993336,-0.1269445113490324,2.3462248301137336,-0.4540570296619595,-0.5429799678216537,0.7190446135538346,1
0.13340540580248203,-0.3854830768246345,1.4383931084795292,1.7718540298733036,1,0,0,1,0,0,-0.7479204827314877,1.8402888116547709,-0.579210432367824,0.07488210015144776,0.7425144618151502,1.3574403304821288,-1.165691155917252,-0.9593784361139676,0.29915574253518146,-0.20260376322125248,0.2545812568430485,0.7189805055781823,0.01679840968798881,0.5480815108577302,-1.185098619787716,-0.18513067611248837,1.0179400656852144,0.7609548049345346,1.59596333173715,-0.6022533438160685,2.1685585161735315,0.12957123018374217,-0.5949943973810004,1.2830765573453404,0.41195615692493437,0.6022533438160685,-1.5959633317371507,0.939425632046274,-0.8598699510432187,1.3644807162993,1.0413497803635572,1.4686314438072563,1.140700033270523,1.3294711944779316,0.5664865349208381,1.13195784435093,2.471545790132362,0.4275877563966659,0.8992370333320981,0.4172718409867329,0.9392117013495113,0.664896315723324,0.6160407084282594,0.3477270420022505,0.7190446135538346,1
0.44180855408933456,2.0624546904642447,-0.8790386569529866,0.3052077222492148,1,0,0,1,0,0,-0.7226826087232228,1.0349499831295859,-0.5920036137852022,0.08819104218151741,0.5464568506828977,0.7277930157774501,0.3693756321755264,-1.3056051000750208,0.11451266937104358,0.05941637027007158,0.5649042135875864,0.4288293115819497,0.05905360966001909,0.5624101455016445,-0.7455723641739104,-0.1249608810106918,0.5958948132065996,1.0414817866266248,2.110417730215288,-1.5082145751103553,0.04832778256871154,1.0450859463006235,-0.2821162894616701,0.5106114132981595,0.2824011122665228,1.5082145751103553,-2.1104177302152882,0.911573118423719,-0.40957446049198204,1.2280165753384769,0.9638267773955896,1.195538960039945,1.6447799341731264,2.2266225020350205,1.1201682272361313,1.0079356506638961,0.27882240539001907,1.413983630027056,0.9630995482040194,0.6506647255835172,0.8376730144258402,0.8552353928241243,1.6038232358961542,0.848749735028197,0.6571863078002155,0
-0.27779879191332196,1.8820803286640106,0.5693561964423357,-0.13478617003801185,1,0,0,1,0,0,-0.7983962307480176,3.8870705274732913,-0.3361399854376369,-0.26941444366991896,1.7100683131694152,3.197638270829964,0.007204436020288436,-0.6649852424348159,0.6982716808276604,-0.3051939415039316,-0.2837709840651479,0.1967270288011639,0.10458462383161346,0.017525974367461925,-0.393850634588642,0.5102019975192279,0.2481410469456034,0.38734524816714255,0.13830413819877924,0.13114384342216406,0.00749380342408209,0.5181621946940986,-0.44185697611743313,0.6583497399984705,0.7470834214424615,-0.13114384342216406,-0.13830413819877996,0.38237535959517033,0.04072103005925432,1.4827496384653478,1.5710903006446677,1.6222459659263704,0.6996301199807459,0.4323198869208419,0.40038202722625016,1.6280466190990672,-0.27629743884854874,0.04820472807728505,-1.0987473605180025,-1.1257144516253432,-0.8377153198147269,-0.2233527107470814,-0.7833178721512579,-0.8213259083916238,-0.8274130302866491,1
-0.3034990542705592,2.0624546904642447,0.27967722576327125,0.3052077222492148,1,0,0,1,0,0,-0.81101516775215,5.561710113142989,-0.5920036137852022,0.08819104218151741,1.5365566440209162,4.209188147152395,-0.1549689756020795,-1.5490697938420053,0.9412320414623782,-0.24197564329205876,0.4206068174317054,-0.9302541579492497,-1.3231788630250103,-0.015242460378673273,-1.0848383491682354,1.114071864287969,0.15796346821324206,0.851552842861418,0.22845561284398783,-1.495335216042199,0.20025804612389042,1.039379663081253,-0.16716094921071054,0.4835273541984026,0.28456614745599546,1.495335216042199,-0.22845561284398855,-0.11896988561082296,-1.0850176963188372,-0.3913578973966235,0.21443774870523882,0.2738518273252659,-0.5920746260821743,-1.1173050988595852,-1.3160312189511594,-0.10826409251941274,0.3065783976019474,1.1863538130354276,0.4795690784594736,0.31354167005482897,0.49921072468027106,0.41111087958892223,1.3568776040291806,0.6260729825722207,0.2860364732784985,1
-0.27779879191332196,1.1863506474345409,0.5693561964423357,-0.13478617003801185,1,0,0,1,0,0,-0.7983962307480176,3.8870705274732913,-0.8478672421327675,6.020507289671689,-0.7344913508946546,-1.6633463249369786,-0.5328839221988788,0.3594997643435683,-0.07994426423194279,-0.7152081412831885,-1.2654013383776617,-0.05008360432391014,1.289639212245463,-0.014049844621950695,-0.44142575224556146,0.6277276191723771,0.38496220088435545,0.6598708580029766,0.2246519615849838,-0.29111514316954507,0.7269496264485094,-0.9356353369683065,0.7400922068011988,1.3479219861448366,2.2893191735412297,0.29111514316954507,-0.2246519615849845,0.32667033235006016,-0.03432821836595151,1.4008711538888534,1.5710903006446677,1.690519086868198,0.6996301199807459,0.2692014673650073,0.17890935030013266,1.6900577159425842,0.44535835866158957,-1.0140677512169813,-0.6517097564145549,-0.2051091846046925,0.3299795798074865,-0.0012904541294803558,-1.9357308208638015,-2.213055611241474,0.10046155601764112,1
0.13340540580248203,-0.30817977891024867,1.4383931084795292,0.3052077222492148,1,0,0,1,0,0,-0.7479204827314877,1.8402888116547709,-0.8350740607153893,5.537334829014813,-0.8359652222306702,-2.864058711287875,0.5033162295933689,-0.08959462134126558,-0.8090628213162315,0.6607741478882933,0.28705173494429026,0.9415375308622153,0.562419196925475,0.5896686703691204,-1.0452258746780374,-0.1667929505952373,1.1027084010878292,1.084505407738782,1.3799550954593118,-0.08447776675232606,-0.11068348174627272,-0.9241129064824875,0.9384051506068664,0.20076353026382748,0.6856271347436882,0.08447776675232606,-1.3799550954593125,0.8558680911786088,-0.7848207026180125,0.9641859028142197,0.7183372679970265,1.178470679804488,1.109195039464111,0.5138790966987595,-0.09793149585751397,0.8839134569768611,-0.19302946221276363,-0.9381911455531051,-0.3415203984652251,0.1709126850234604,0.24536400737109418,-0.5723076854318833,-1.1125787146405561,-1.266679413303576,-0.1469716669968365,0
-0.3034990542705592,-0.2824120129387873,0.27967722576327125,0.5985369837740325,1,0,0,1,0,0,-0.81101516775215,5.561710113142989,-0.822280879298011,3.8708238269887008,0.2556084424433621,1.285889499265688,0.01388977419510809,-0.26930235260976926,0.3349709978376167,0.09028554652546501,0.23316654385440433,0.05393222434033957,-0.5755320892308842,-0.05566032699426882,-0.6348654603970132,1.0568372071054462,0.48606698933708903,0.8860389422269479,0.013895103188392356,0.05977612737849499,-0.07492921203993635,-0.2663683509307789,0.6041028965103858,0.3600057575628908,0.5619166470305806,-0.05977612737849499,-0.013895103188393775,-0.17467491285593337,-0.7097714541928067,-0.4732363819731166,0.11107374474794844,0.3079883877961804,-0.8126095827270634,-1.2804235184154193,-1.4267675574142176,-0.23228628620644656,0.22331042096616224,0.12408133374116129,1.2732889061533492,1.4416072789392878,1.5315207084042572,0.5697267771729232,0.03983423407198747,0.06938110143228039,1.5850608941045057,1
0.13340540580248203,1.830544796721088,-0.4445202009343899,3.2385003374973924,1,0,0,1,0,0,0.16064298156605036,-0.45885178617091954,0.8024531607090287,-0.5523741242222691,0.31657905352081916,0.07399729553722294,-2.5265969802319637,-0.9080297932075567,0.3253054160483953,-2.181824761850936,-1.99857009623384,-0.4063920144301597,1.736354781610097,-0.5962517582381708,-1.6303602835255102,1.3969002809243487,-1.2260812648055146,-0.8058164241370749,-0.6910894285371356,0.13114384342216406,2.9175268737910676,-0.38695975384097436,0.9590466642453386,1.7317432994187492,1.811516108273626,-0.13114384342216406,0.691089428537135,-0.5924626171942612,-1.535313186870074,-0.1548200530645294,0.5762117625557528,0.017827623793410803,-1.1276595207911904,0.02452383803125581,0.40038202722625016,-0.4803306735805153,2.4437897979204335,-0.482931511569848,-0.42362934615769415,0.10608132819102022,0.8038267854512828,-0.7626467625326843,-1.5241547677521787,-1.6563637301015341,-0.1469716669968365,0
0.7502117023761872,1.2378861793774645,-1.168717627632051,-1.161438585374874,1,0,0,1,0,0,0.3751649106363024,-0.49432158295072914,-0.34893316685501513,-0.24626845753066742,-0.5876010482317433,-0.1898463945734023,-0.031953132743521157,-1.0951218559091267,-0.12450037357258731,-0.8118999441824027,-0.9181381477724214,-0.7064437384377419,0.529906890053843,-1.3673223517237527,0.12655824622174514,1.8476607178478706,-2.006634591274781,-1.880786452208757,-0.6392523306161405,-0.3295023237687902,-1.3217807742691734,1.62987238821394,2.0269170151776956,-0.8929200661660334,-0.642597346396465,0.3295023237687902,0.6392523306161398,-1.3723329986258064,-0.25947596364157,-1.0918738209955157,-0.10857476366129187,-0.8867912286858101,-2.2933442916284594,0.18764225758709038,0.5664865349208381,-1.5965304167638241,-1.2200011740541141,1.6416134470186852,0.23324223538206504,1.2730457511749436,0.7699805564767266,-1.5874494299694895,1.1099319721622063,1.0157572993701793,0.038603250264021984,1
0.6217103905899984,0.20717554051898904,-1.8929150543297122,0.3052077222492148,1,0,0,1,0,0,0.2363566035908452,-0.4704812277380702,1.2885940545694028,-0.6328064260561682,0.4371926262070256,0.12721322625445072,-0.6229742727915887,0.15732217514236735,1.393995903157582,-1.2939450571782876,-1.088413030361013,0.49724412244087,1.6300159625726889,-1.8409828889269515,0.9806305815608032,2.1546599158014756,-2.486928585162785,-2.216336618818077,-0.6468551049778863,1.3197246945691967,-0.9732275197841508,0.7664445667768395,0.25958632201474696,-0.7179595201812796,-0.7488310878080592,-1.3197246945691967,0.6468551049778857,-1.7344156757190237,0.7912135143113154,-0.2548937564358004,0.8604627734383002,-0.3064697006802721,-2.041304341177158,1.3294711944779316,1.9506907657090713,-0.6663639641110671,-0.8869292675109735,0.8069707847160468,0.22411901897178985,0.3265079414213163,0.008440404549195996,-0.28679906978068154,-0.12479618717266176,0.6260729825722207,0.5334696962929761,1
1.2385166871637046,-1.1842838219399534,-1.168717627632051,2.505177183685348,1,0,0,1,0,0,0.17326191857018283,-0.45943325824927705,0.08603500133584588,-0.4378014928329739,-0.06262027827741064,-0.014994050788225242,-0.021107912101330534,-0.5693464519968637,-0.37554799296165187,-0.667687570097736,-0.70509940059375,-0.7457897291606239,0.06710238368384529,0.8057571109989087,-0.11485590778372262,-1.3615560178079475,0.11445320187567952,0.08342615621614623,-0.4914206069155262,-0.529783266025729,0.8344540769641209,0.6663857460936471,-0.8548458026243827,1.0154926673736024,0.9981131576566626,0.529783266025729,0.49142060691552547,0.49378541408539117,-0.3345252120667762,-0.7188718357025985,-1.2455788071914804,-1.1428154322176651,0.6051151385615076,-0.9541866793037505,-0.8730858650989243,-0.6663639641110671,1.3798100964631783,1.33810702436318,1.74769615948762,0.9359226956462544,1.345366449044194,2.5259895140422683,0.6160407084282594,0.3848398340782469,2.636652091916034,0
-1.2544087614883548,0.7998341578626126,-0.15484123025532542,-0.4281154315628296,1,0,0,1,0,0,0.08492935954125552,-0.4414076238201935,-0.19541498984647596,-0.3475321468898929,-0.2345979379826165,-0.07089313767606957,-3.435262373710875e-4,-0.6088173079420748,-0.5419705049329694,0.34131413336798616,0.6032605289638128,-0.4996821587453634,-1.031986423475135,-0.7986449359747703,0.06384383329074265,-0.44257663886457016,-1.263479331570315,-1.065866203915595,-2.256303954479784,1.5562679231691818,-0.797518928284331,0.8995782123082234,0.29614499623220897,-1.7139378515020471,-1.8248791270197002,-1.5562679231691825,2.2563039544797836,-0.8059985549671841,-0.05934463450768712,-0.3428373139438866,-0.5091102789957901,-0.9436854961373332,0.017021920841803866,-1.1716779053781963,-0.26403600355210183,-0.17027518936292965,-0.9146852597229018,0.35171115073279,-1.0987473605180025,-0.8015576674631424,-1.3454087544330806,-1.4288335323854886,-0.28942660841731066,0.5704037944582268,-0.9511296417938885,0
1.6754211472367457,-0.10203765113855341,-1.6032360836506476,0.3052077222492148,1,0,0,1,0,0,0.21111872958258027,-0.4635035627977798,-0.31055362260288033,-0.2740436408977693,-0.44420969013520006,-0.1446799323680241,-0.7906868427286122,2.3472396651771583,-1.0192132334480166,-0.6101014521958397,-1.5622270133927831,-0.618957970555688,1.530150986732709,-1.2064285338705196,2.054069474102264,-0.7969622527992527,-1.6219880939961857,-2.6457845498955233,-1.1537067290942782,0.30004743805884815,-0.10597987386361409,-1.163938396434208,0.5924284286522874,-0.7841279275252258,-0.5521220238094039,-0.3000474380588474,1.1537067290942775,-1.2609229441355856,1.1664597564373458,-1.264728399545891,-1.4135453136220761,-1.8426149218714025,-1.4742144526617298,0.35076067714292497,1.1201682272361313,-1.534519319920306,-0.10976148557697851,-1.0899443568808573,-0.0039613912850709025,0.30057539868834077,-0.0423289389126401,-0.4771381468814831,0.12214944469431245,0.29205785388825667,-0.023255055489598248,0
0.15910566815972013,0.18140777454752677,-0.15484123025532542,1.478524768348486,1,0,0,1,0,0,-0.00340319948767178,-0.42163757315603734,0.2651395411791416,-0.47252047204185127,0.1780745605353858,0.04090503609961909,-0.6174276433095568,0.4905352211349131,-0.4408220273095695,-0.20308504994645185,0.23968818637336015,-0.4353507639965473,-0.4026385813749155,-0.5739577640672133,0.4517020963982937,-0.7655061303038465,-1.153041195142661,-1.3680071351770022,-0.7917349400062124,0.1914665557924087,0.28505633275933834,-0.22076974123920903,-0.16664135686807904,-0.8689811109380052,-1.6471990877620537,-0.191466555792408,0.7917349400062116,-0.5089050763265954,0.491016520610491,0.19998671343360988,-0.23777976860790415,-0.6649035856248688,0.3215701943037938,0.5138790966987595,1.0648000580046022,-0.046252995675895824,0.1400424443303771,-0.3311783002420958,-0.40538291333714505,-0.4255357978349895,-0.7192535184037778,-1.0798785577006862,0.6160407084282594,0.793080546914203,-1.198562864808365,0
-0.5348014154856993,-0.514321906681944,-0.8790386569529866,-0.4281154315628296,1,0,0,1,0,0,-0.0412600105000692,-0.415822852372462,0.11162136417060241,-0.44879583624911845,0.11219190592850758,0.027042062551433693,0.5265425605061996,0.3507939390707949,-0.5753935996331576,0.30400184602245744,0.2800823251300617,-0.02962502389614471,-0.18734609287331472,-0.4204819563974669,0.4121112583439721,-0.7930192750268835,-0.8598659764691161,-1.1592417115134706,-0.4499667627438067,0.4058665575902641,-1.1523108642955457,-0.06863167855840126,-0.010325566416465225,-1.2633152645805676,-1.4958946431729208,-0.4058665575902641,0.44996676274380526,-0.3417899945912644,0.491016520610491,0.30006041680488094,-0.173177266134598,-0.4942207832702994,0.41608517572303205,1.0847935651441794,1.5077454118568363,0.139780294854656,-1.192245181842186,-0.4070549059059717,-1.0622544948769042,-0.9052878383950472,-1.277716296483967,-1.206771275767887,0.4514102871836102,0.7374113588002092,-1.3222794763156045,1
-0.48340089077122306,0.28447883843337485,-0.15484123025532542,0.5985369837740325,1,0,0,1,0,0,2.2932433352644384,-0.7065588915512291,2.3760144750465555,-0.7022443844739228,0.0018397245065668274,-6.838845449370944e-4,-1.1584435765113856,1.3297392402619965,-0.7675106755461812,-0.6311795799881431,-1.705542991692704,0.20562875186141924,2.451754446975916,-0.5694761216034545,1.058305831736078,-1.042918423858043,-1.0155340091852396,-1.6264492274429359,0.5538927426062359,-0.26889098598050765,1.0418301620087351,-0.7649212885598167,0.0011803679235028487,-0.1543032474464454,0.6293783118716642,0.26889098598050765,-0.5538927426062367,-0.7595776989295921,0.41596727218528484,-1.2283379619563388,-1.4910683165900436,-1.723136960223203,-0.8126095827270634,1.4925896140337656,1.2862727349307197,-1.720552610450858,0.2927004014959832,-1.1278826597127956,-1.7647421584680356,-1.4952531855702524,-1.4469474413567518,-0.6992004034990842,-1.0302635040182315,-1.2388448192465789,-1.6934293108373202,0
0.5960101282327613,-0.6689285025107157,0.27967722576327125,-0.8681093238500562,1,0,0,1,0,0,0.6275436507189519,-0.5332802122006839,-0.5920036137852022,0.16167954817364105,-1.1363402389583053,-0.535079155192729,-0.9194060407441786,-0.08012028120070444,1.7901873826216295,-0.6671981155201113,-0.6267239560282327,-0.0496771422279448,0.3906851945228752,-0.6949387498505089,0.135531982704881,0.7032564067943815,0.2244225650128043,0.20802459384675487,-0.49529816032406576,0.4234769879856554,0.5840818698422359,0.24574056537928712,-1.7405412566370575,1.123875183858534,1.0178673644366645,-0.4234769879856554,0.4952981603240644,-0.7317251853070371,-0.03432821836595151,-0.45504116317834126,-0.04397226118798574,0.0519641842643253,-0.9071245641463012,-0.6279498401920818,-0.4855086804782194,-0.046252995675895824,0.3065783976019474,-0.02767187758659086,-0.7064490548762022,-1.4109724216880806,-0.9731002357129547,1.1724671879921262,-1.0302635040182315,-0.9883334727336057,-0.023255055489598248,1
-1.1773079744166424,0.7998341578626126,2.452269505856255,-0.4281154315628296,1,0,0,1,0,0,0.097548296545388,-0.4425705679769086,-0.19541498984647596,-0.3475321468898929,-0.2435542279431793,-0.07178752306627507,1.1481245783432896,-0.04340839512990545,-1.0858928402040564,2.0474050294580928,2.118393637511829,1.3064660683467995,-1.2270387008076136,0.7215469586955742,0.7989898335925102,-0.9415033763287723,1.0190237800364794,1.0560462610283692,0.3871222082195544,1.3979208031972914,-0.8755339552373024,0.8599898601351705,0.5383317952134892,-1.7554655705018776,-1.7229918479700714,-1.3979208031972914,-0.3871222082195551,0.981204402480107,1.128935132224743,0.9232466605259726,0.23381849944723046,0.6493539925053206,1.9598298722372534,0.18764225758709038,0.012804842605544792,1.5350299738337914,-0.9424412519348303,0.4275877563966659,-0.8524205174405927,-0.47740088330094144,-1.0915620371239039,-1.3336639938350878,-0.20711139779498602,0.5704037944582268,-0.7036964187794109,1
0.18480593051695732,-0.10203765113855341,1.4383931084795292,0.3052077222492148,1,0,0,1,0,0,0.2742134146032426,-0.4774588926783606,-0.31055362260288033,-0.2740436408977693,-0.4827164067913064,-0.1554125570504902,0.1683288943064091,0.706618541044054,-0.6723444550761795,0.06007874276147699,-0.6986375188412186,0.22586574631232575,0.7375029635772785,0.4374030752248518,-0.2491664807661297,-0.060288020745716604,-0.6142735814296295,-1.355446250965868,-0.0632699944762795,0.37080434932556694,0.20298257388876542,-1.219465633994409,0.8585337470668237,-0.6902656737860036,-0.41506645692188704,-0.37080434932556694,0.06326999447627879,0.29881781872750485,-0.3345252120667762,-0.3367722410122935,-0.3153027715758717,-0.5283573437412127,-1.0016395455655394,0.4323198869208419,0.5111183656893089,-1.1004416420156866,0.1400424443303771,-1.1658209625447336,-0.14080963743918734,0.31354167005482897,0.008440404549195996,-0.7309235830158842,0.03983423407198747,0.23638866577426285,-0.023255055489598248,1
0.030604356373531493,0.5679242641194551,1.0038746524609323,-0.13478617003801185,1,0,0,1,0,0,-0.4703038686405733,-0.0931058488840305,0.57217589519622,-0.5217056925877608,0.8781661208052933,0.3315802879164096,0.6474830190502017,-1.26658111189904,0.4803234546658769,0.38878114626561866,0.18942908946946452,0.08575312484660158,-0.5986734377551133,0.42653617194525195,-0.24350342558071378,-0.1343796568107646,0.019505697600583637,-1.048152747892653,-0.5252107151899512,0.6378546273322155,-0.47415098218830076,1.494485938896625,-0.7916568490293546,-0.5058767306926683,-1.2695842457210655,-0.6378546273322155,0.52521071518995055,0.438080386840281,-0.18442671521636386,0.15449866644666885,0.05939174276930372,0.06903246449978255,-0.8126095827270634,0.10608304780917345,0.40038202722625016,-0.10826409251941274,-0.3040534310604773,1.793366658346437,0.7806352199985308,0.20981149912292413,-0.008482709938082702,0.3476645205553221,1.1099319721622063,1.6837875567381073,0.6571863078002155,0
-0.5348014154856993,0.28447883843337485,-0.8790386569529866,0.5985369837740325,1,0,0,1,0,0,-0.0412600105000692,-0.415822852372462,2.3760144750465555,-0.7022443844739228,0.9038729767168074,0.22291246300644021,-1.5711755858052698,0.4775302981248837,-0.5815059231545582,-0.7760381933469956,-1.5888584941680193,-0.9177903451932602,1.3748224507198705,-0.4446430953444044,0.6189384421689405,-0.8942708569882645,-0.6934482409220785,-1.1241022466561776,-0.7279513648365089,-0.529783266025729,1.7404757569183364,-0.03538637632380323,-0.10371789060450871,0.36076612808105,0.9681268031857729,0.529783266025729,0.7279513648365081,-0.4253475354589299,0.5660657690356972,-0.009258302706318612,-0.4703487775118068,-0.6990401460957827,0.19555021907814235,0.5954383064766764,1.1201682272361313,-0.10826409251941274,0.7506742729928018,-0.6346847228976005,-1.8468511061605053,-1.605466492185401,-1.396178097894916,-0.7309235830158842,-1.0302635040182315,-1.32234860141757,-1.6934293108373202,1
-0.35489957898503444,0.5421564981479937,0.5693561964423357,0.5985369837740325,1,0,0,1,0,0,0.13540510755778543,-0.45536295370077434,-0.5408308881156891,0.008337390001099575,-0.7518154338056064,-0.3566492698467298,1.232183433147654,0.5557138062780864,0.004328036079039888,0.722953087625858,0.2046134326117464,0.0894626312200232,-0.18945367301652266,1.0379213030453154,-0.2671878994194656,0.21071687581847914,1.0147251218581845,0.44168082899370337,0.416552302523086,-0.29111514316954507,-0.676302321913106,-1.0303976112830218,0.20583356842942307,0.029521080533829527,0.16520787977891607,0.29111514316954507,-0.4165523025230867,0.8558680911786088,-0.3345252120667762,-0.2821865846279648,-0.1344157646506147,0.2738518273252659,-0.7180946013078251,-0.22015379130249568,-0.4301405112466897,-0.35630847989348147,-0.8036612908751883,-1.1658209625447336,-1.0075151964152582,-0.7626588533636787,-0.7023304039164997,-0.7626467625326843,-0.37174181903963527,-0.5429799678216537,-1.0748462533011267,0
-1.1773079744166424,-0.46278637473902035,2.452269505856255,0.3052077222492148,1,0,0,0,1,0,0.097548296545388,-0.4425705679769086,-0.3361399854376369,-0.2508976547585177,-0.40000804734782214,-0.1464687031484351,0.9485189844151399,-0.08541579187366291,0.6216700578126926,1.4238534585727585,1.7321126316784892,-0.016583005224443545,-1.6501577269530543,0.8710300520187176,0.39796627996728584,-0.448838820528247,1.3295982512031586,1.6426553162905233,0.5444209881177442,-0.5625673488356443,-0.4486157723983842,0.5159097378971642,-1.300883523880217,-0.6051272972021182,-0.648098053626523,0.5625673488356443,-0.544420988117745,0.8558680911786088,0.41596727218528484,0.13630344765189217,-0.12149526415595328,0.4103980692089227,1.140700033270523,-0.38327221085833024,-0.6516131881728072,0.8839134569768611,-0.5261013687559044,0.27583454506891375,-0.5148615102604385,-1.060883094792903,-1.1931007240475748,0.506280418139323,1.0276167615398821,0.793080546914203,-0.6418381130257917,0
0.18480593051695732,0.5679242641194551,1.4383931084795292,-0.13478617003801185,1,0,0,1,0,0,0.2742134146032426,-0.4774588926783606,0.57217589519622,-0.5217056925877608,0.14745149687861442,0.03598591645348879,0.7681936732614926,-1.2104059271895997,0.2862921812934962,-0.1200660996832065,-0.10600120752731461,0.33658957148468094,0.08540968153379745,0.4253661713037563,-0.3740517503813498,-0.19656235922016893,-0.43881516345521426,-1.1236890005878704,0.09840925777350726,0.3614669270176419,-0.6431711361475145,1.2866032890049088,-0.5888972172876669,-0.2729200498353728,-0.9592568394596451,-0.3614669270176419,-0.09840925777350797,0.32667033235006016,-0.40957446049198204,-0.20940570944885942,-0.2765412700918884,-0.42594766232847037,-0.7180946013078251,0.5138790966987595,0.5111183656893089,-0.8523972546416179,-0.5168493713519283,1.464568033802974,0.5464726654681529,0.13633596137949242,0.01972248087404766,0.14675105028225444,0.8904247438360077,1.2198776557881568,0.47161139053935697,0
0.544609603518286,-0.5400896726534062,0.5693561964423357,-0.8681093238500562,1,0,0,1,0,0,-0.5207796166571032,0.00574440443675031,-0.054689994255315046,-0.41118360877283466,0.5971185460765519,0.32218924131925175,0.13166541843947444,-1.6132832530661356,0.7757780241764667,0.7127199472302519,1.1181678068286713,0.6940682706042239,-1.0057396175704805,-0.4030374776659168,-1.4889190099851335,0.1445215006551903,0.3240257872085501,0.44831441983993386,0.03622492998512883,0.910698895591472,-0.5857942682697876,0.7227155156159588,-0.9152843772088043,-0.6415402438960303,-1.0159811385723776,-0.910698895591472,-0.036224929985129536,-0.7038726716844818,-1.6103624352952797,-1.6013399472492547,-1.2972608091701252,-1.1257471519822078,-1.0961545269847772,-0.8726274695258333,-0.983822203561983,-1.4725082230767892,-0.49834537654397587,0.8069707847160468,0.32447439948480933,-0.21807545597118072,-0.44848368660732285,0.506280418139323,0.5337254978059351,1.1827648637121608,0.2860364732784985,1
1.8296227213801723,-0.46278637473902035,3.176466932553916,0.3052077222492148,1,0,0,0,1,0,0.8042087687768065,-0.5577020394917004,-0.3361399854376369,-0.2508976547585177,-0.7709270541507071,-0.2350128567787805,2.6886384634132825,-0.17881594750161614,1.0437720286229843,1.7808704455042543,1.5534254789268995,-0.9590104560838746,-1.6600834280646013,3.5228060091785,0.30787689433989346,0.517093902092259,1.8873527320521064,1.856448688660781,-0.47959406901947754,-0.8323203231673697,-0.2186709756790776,0.5538548138287535,-0.9072418264406537,-0.5343744181062707,-0.20706838705766548,0.8323203231673697,0.4795940690194761,2.972659126492802,0.11577027848446049,-0.45504116317834126,-0.1344157646506147,0.615217432034406,-0.4660546508565234,-1.6066603575270884,-1.648240234340335,-0.23228628620644656,-0.38732140769626244,0.19995793940503753,-0.7885580025686714,-1.0868156375258795,-1.1931007240475748,0.31594134103852145,0.4514102871836102,0.06938110143228039,-0.9511296417938885,0
0.544609603518286,-0.46278637473902035,0.5693561964423357,0.3052077222492148,1,0,0,0,1,0,-0.5207796166571032,0.00574440443675031,-0.3361399854376369,-0.2508976547585177,0.3143472595100311,0.19831686477578872,-0.010542454271162967,-1.2707099303006448,0.34301749102255374,0.7917712892766381,0.48900570797958165,-0.12377290934337204,-0.6261313590799497,-0.21400285888917656,-1.4120054812893097,0.06736262890695659,0.6040839246301899,0.7005542955591859,0.9573302853504951,-1.1182800073149486,-0.19916959578745003,0.3295731637626698,-0.40122345575747653,-0.4706326519729875,0.04822354788397039,1.1182800073149486,-0.9573302853504958,-0.6481676444393714,-1.6103624352952797,-1.9743419325421714,-1.6461143225259778,-1.381771355514063,-1.2851844898232538,-0.7910682597479163,-1.2052948804881005,-1.9685969978249267,-0.3040534310604773,0.12408133374116129,-0.48749186102961545,-0.6070635969658218,-0.7361766328910565,0.3476645205553221,0.6983559190505837,0.18071947766026855,-0.5799798072721716,1
-0.7147032519863632,0.4133176682906843,0.27967722576327125,-1.161438585374874,1,0,0,1,0,0,1.9903888471652589,-0.6920220895922907,-0.13144908275958464,-0.3700994833756632,-0.9122146604970757,-0.24619267415634938,-0.4068110393201957,-0.7126427139376308,2.870703672921252,0.47328243933786823,0.31022821747698504,2.692636759183033,1.447639916658891,-1.5546010122577627,-1.4248881631796932,2.3715312076191766,-0.7559357124973298,-1.0394314779044027,2.9837620671543017,0.7131765006161427,-0.9876583610895332,-0.44929719241239713,-1.5411879359661778,-1.3889469543898312,-1.418114405698634,-0.7131765006161427,-2.983762067154303,-1.3166279713806959,-0.9349191994684248,2.629048422536261,3.883859889189027,3.2095960278238715,-1.5057194464681423,5.488990893151709,3.3348949964973045,0.7598912632898273,-1.0257092285706153,-0.6346847228976005,-0.7794347861583975,-1.3720736075886157,-1.7177172731532073,0.2524949820049213,-0.12479618717266176,0.23638866577426285,-0.9511296417938885,0
-0.3034990542705592,0.05256894469021735,0.27967722576327125,1.0385308760612593,1,0,0,1,0,0,1.7884858550991394,-0.679229703868425,0.31631226684865466,-0.4846721147649583,-0.5482892401671371,-0.14781028123374337,-0.013986576451012726,0.36040880931026337,0.48773233774965186,0.49930796262206634,0.533846151146616,-0.8690012757424097,-0.3492121274639116,-0.3786013407814717,0.12342510874704929,-0.020733310429688817,0.342680663729673,0.537013752913736,-0.37315522795503414,-0.8151232831568466,-0.35884532375916683,-0.3710278370127484,-0.6875814223028097,-0.3347365646574571,-0.16973673364660413,0.8151232831568466,0.3731552279550334,-0.7595776989295921,-0.5596729573423944,-1.965244323144783,-1.6719553235153006,-1.4841810369268051,-1.1906695084040155,-0.6279498401920818,-0.5408768497097485,-1.4104971262332722,-0.27629743884854874,-0.2553016945782196,0.33359761589508324,-0.08841274230630035,-0.21156008378542468,0.9504049313745251,1.1099319721622063,0.7374113588002092,0.16231986177126023,0
1.1614159000919912,1.0832795835486928,0.27967722576327125,-0.13478617003801185,0,1,0,1,0,0,-0.40720918361991093,-0.18614138142123599,0.41865771818768077,-0.49913835610199053,0.6988557809517671,0.24258894159096142,0.735219485731338,-0.24939731875182886,0.4632709900324365,0.6988257723122232,0.579289990424714,0.8218730283939791,-0.9697353716282848,0.7379620205658154,0.12121329669290792,-0.9060810853003465,1.2812905633663272,0.9367134477412108,1.6643883009928626,-0.529783266025729,-0.2849776363280031,0.4637344665168614,-1.5438310716444732,0.32643725571714644,0.1614130064019013,0.529783266025729,-1.6643883009928633,1.217950768271826,0.641115017460903,1.5646281230418408,0.7570987694810098,1.2979486414526862,2.1173548412693166,0.758556726032511,0.012804842605544792,1.3179911348814817,-0.10976148557697851,0.7310941790521709,0.7806352199985308,-0.21807545597118072,-0.07617516788719629,2.028993034945732,1.439192814651505,1.2384340518261547,0.8427612250610729,1
0.6731109153044746,0.6194597960623787,-0.8790386569529866,-0.13478617003801185,1,0,0,0,1,0,0.526592154685892,-0.5164175219283155,-0.16982862701171944,-0.3591051399595187,-0.46758293208315554,-0.11963714144226982,0.14859987864845034,0.37310212197547393,-0.19332695615085893,0.07845830871578706,-0.842805220105659,0.582780674618772,1.547465841023124,-0.6544402730118681,0.06241595958699631,0.02768338416479012,-1.7144493459657044,-2.563338121695338,-0.8940261523129447,1.6815275852364984,-0.8605407583417315,-0.4495674333298337,0.2921035568598168,-1.806010737055958,-1.4069126992168302,-1.6815275852364993,0.894026152312944,-0.8152827261747027,-0.3345252120667762,-1.1646546961746211,-0.9742482968035945,-1.5012493171622625,-1.852274378338682,0.6769975162545934,1.3416409041622488,-1.658541513607341,-0.9979532363586869,-0.7864379342253526,-1.3359509871851372,-1.0090180093269512,-1.5484861282804228,-1.175048096251087,-0.8656330827735822,-0.15329565102369538,-1.4459960878228426,0
-1.2030082367738797,0.20717554051898904,-0.8790386569529866,-0.4281154315628296,1,0,0,1,0,0,-0.2684008765744537,-0.32104290360018395,-0.438485436776663,-0.1710440025780999,-0.21546788094178354,-0.11471802179613952,-0.681324629240084,1.1099939375166152,0.7547868464624944,-1.23452160276928,-1.388184485751417,0.6317426791318412,2.1185931478735918,-0.7832382390338595,2.3177132802099103,-0.9404705200125574,-0.7321024005300076,-0.9669811755484875,0.7365263065465976,0.13114384342216406,0.164796062410782,0.7983327705616812,-1.9769010786046932,0.9418188323382912,0.860638908842592,-0.13114384342216406,-0.7365263065465982,-0.7595776989295921,2.067050737539819,-0.12752722487236504,-0.5866332819637576,-0.8185181077439823,0.3215701943037938,1.6557080335896,1.3416409041622488,-0.8523972546416179,0.27882240539001907,0.9587239960437993,0.5069387276902979,-0.6589286824317738,-0.2792525417345383,2.5365639072145343,-0.5363722402842841,-0.5429799678216537,0.7190446135538346,0
-1.1773079744166424,-1.158516055968491,1.0038746524609323,0.5985369837740325,1,0,0,0,1,0,1.4099177449751652,-0.6536449324206935,0.8536258863785419,-0.5691549641732264,-0.1982136612190462,-0.06284366916421999,1.9902632975262835,-1.4276343999668613,1.4473725924124563,0.30843171972979094,0.8651935610036207,0.06036967989669128,-0.5745071637806767,2.6822904141787984,-0.888796252969303,-0.45395747336638154,0.949608591855078,0.28244003864501716,-0.04921092906325296,0.13114384342216406,-0.08739658620724781,1.0690964423589449,-2.4347903023380715,0.524944269379889,-0.8490462777502336,-0.13114384342216406,0.049210929063252244,2.2113570874762942,-0.9349191994684248,-0.4944641372336892,-0.6383152839424023,-0.2609542867190535,-0.35053634023301067,0.3235742738836193,0.3819259708157405,-0.06692336129040147,0.08453045990652028,1.33810702436318,0.7441423543574326,-0.7496925819971905,-0.5161761445564365,1.6800380602609295,1.439192814651505,1.6837875567381073,0.7809029193074537,1
0.9815140635913272,0.23294330649045036,-0.4445202009343899,0.5985369837740325,1,0,0,1,0,0,-0.4955417426488382,-0.04077336183185243,-0.1442422641769629,-0.36952083372218186,0.46892296877492134,0.25421595166363303,-0.2475411057699416,-0.8453911422850774,-1.0125304985541355,0.68167122015362,0.8431076652046106,0.09238483568936996,-0.39146805989174815,-1.1520342409768056,-0.48898777735183846,-0.6894996989633082,-0.1071455964482078,0.21282052500529464,-0.4194329849395745,0.5419904249708541,-0.8068871061868697,0.6704686527810266,0.691282409135348,-1.0271375799981988,-0.8883034362638274,-0.5419904249708541,0.41943298493957376,-1.0659553487776992,-0.40957446049198204,0.1817914946388332,-0.21193876761858224,-0.23819657973844427,1.0461850518512859,-0.22015379130249568,-0.04256332662598434,0.20179139169817292,-0.7759052986632599,0.5793409677244183,-0.10431677179808911,0.2616765845888761,-0.1777138548108673,-0.7626467625326843,-0.04248097655033679,0.23638866577426285,-0.2706882785040748,1
0.4161082917320974,0.23294330649045036,-1.168717627632051,0.3052077222492148,1,0,0,1,0,0,-0.11697363252486404,-0.37453833480907706,-0.7711081536284979,1.9728529635700742,-1.391800070814297,-1.8127086851012988,-1.5124327547267988,-0.22606570744543034,-0.8347795600328126,-1.6481214619365323,-1.142136854167939,-0.38450417309599016,0.5289675522579314,-1.013335839990696,-0.6425874337508665,-1.1992596271034792,-1.0918820378352627,-0.9703233211348243,-0.4481121582821066,-0.0799856498736912,1.0905613305963053,-0.33344770670295615,-0.06396864523580253,1.1438142291549942,0.537501982694707,0.0799856498736912,0.4481121582821059,-1.0102503215325889,-0.7097714541928067,-0.44594355378095224,-0.9613277963089331,-1.2793616741013212,0.5106001571422693,-0.13859458152457876,0.06817301183707392,-0.5423417704240322,0.77843026520473,-0.482931511569848,-0.5878472415426337,-0.5292659687668935,-0.07617516788719629,-0.667477223982284,-0.4540570296619595,-0.5429799678216537,-0.45626319576493324,0
0.6474106529472365,-1.0812127580541053,0.5693561964423357,-1.6014324776621007,1,0,0,1,0,0,-0.48292280564470574,-0.0640322449661538,0.35469181110078946,-0.4864080637254022,0.7928990462144179,0.3266611682702793,-0.5404913297313702,-2.3296789378301335,2.1807251339998297,-0.5681690618008635,0.3997371907897072,0.8359635234514152,0.3580918102006142,-0.9531266478609021,-1.610739062583215,0.6676754453607696,-0.9737248635013777,-0.284116399387827,0.5641420291796073,0.5806453452778549,-0.2007865651846314,1.583954421128504,-2.3101748806891145,-0.19796915924242264,-0.7970622907733727,-0.5806453452778549,-0.564142029179608,-1.0938078624002545,-1.685411683720486,-1.492168634480596,-0.9871687972982559,-1.262293393865864,-1.1591645145976028,0.10608304780917345,-0.1532996650890431,-1.4725082230767892,-0.4150773999081907,0.9587239960437993,-0.9801455471844351,-1.8647919195151619,-1.8023328455895995,0.5380035976561225,-0.6186874509066087,-0.4316415915936655,-1.2604211705619852,0
0.6217103905899984,0.20717554051898904,-0.15484123025532542,-0.4281154315628296,0,1,0,1,0,0,-0.15483044353726144,-0.36349036532028395,-0.438485436776663,-0.1710440025780999,-0.33548599709037125,-0.1473630885386406,-0.8696806851206031,-0.7983145733351151,1.4976954728636709,-1.8601436216867464,-1.612878829764655,-1.3505002973722666,1.0393314538024379,-0.8484630662643817,-0.4107049157449697,0.09334989960193489,-1.5649115615765419,-1.2859940509428487,-1.8245939697428848,-0.032311248161722386,0.36153786435938756,0.6842766367545489,-1.9535922380300328,0.9611945099781558,0.8412985786775163,0.032311248161722386,1.8245939697428841,-1.0102503215325889,-0.7848207026180125,-1.455778196891044,-1.1938968052128347,-1.6377955590459181,-1.1591645145976028,-0.9541866793037505,-0.2086678343205727,-1.4725082230767892,0.5008703430854462,0.8828473903799233,0.5981708917930423,-0.5811310542328463,-0.194636969298146,2.5682870867313348,-0.37174181903963527,-0.4316415915936655,0.7809029193074537,0
1.3156174742354179,1.2121184134060021,-0.8790386569529866,-0.13478617003801185,1,0,0,0,1,0,0.45087853266109723,-0.5059510245178798,-0.3617263482723934,-0.22485842035185974,-0.6441749866255007,-0.21533637819425933,0.2680343336986957,0.8609596295783062,-2.2153953120908194,0.6230620484934516,0.2683863995230458,1.1618647284264731,0.3873154126345522,-0.41979968209337226,0.485926072688333,-1.6889939814569574,0.4354473259846093,-0.3634183610323449,0.8063022000563537,0.7849642097577141,-0.7921671616860834,-0.6949040386963901,1.3312435424048108,-0.40993451640020273,-0.7037227597664313,-0.7849642097577141,-0.8063022000563543,0.15955525061472892,1.5417059985633763,2.8382934386761898,1.1963957862994923,1.349153482159058,3.251534618300174,2.6344185509246065,2.282899781098247,2.4962019749083075,-0.9701972441467586,-1.0140677512169813,-1.5001688825700765,-0.723760039264214,-0.8207922053274488,-2.317082558855893,-0.7010026615289333,-0.4316415915936655,-1.3841377820692236,1
0.13340540580248203,-0.514321906681944,1.4383931084795292,0.5985369837740325,1,0,0,1,0,0,-0.7605394197356201,1.997286272811305,0.25234635976176334,-0.4713631727348887,1.7490309951810465,1.9003322623368728,0.5102437325997662,-0.8499077712893912,0.3844515242886981,1.0055582733296669,1.10178314765223,1.8372108263903644,-0.20616637497676585,0.3573632833430405,-1.041816662291492,-0.27373016807554773,0.8946781138880955,0.7145903421323306,1.1169885469471594,1.3979208031972914,-0.3524331488563658,0.12285602683221557,-0.8006305333841037,-0.4712968513363731,-0.734713667472951,-1.3979208031972914,-1.1169885469471603,0.605195468575612,-0.7848207026180125,0.9459906840194431,0.6408142650290589,1.0077878774499178,0.9831750642384596,0.5138790966987595,0.012804842605544792,0.6358690696027934,-0.5102408017776596,-0.17942508891434333,-0.8459039342903968,-1.0831109885640253,-1.1689248462086057,-0.3139903665093679,-0.7950771879544472,-0.22487032145597366,-0.45626319576493324,1
0.9815140635913272,0.1298722426046032,-0.4445202009343899,1.478524768348486,1,0,0,1,0,0,-0.4955417426488382,-0.04077336183185243,-0.7839013350458762,1.990212453174513,-1.00139976970615,-1.5694358589654003,-1.2281407274799838,0.4281519205277626,-0.39001742920506177,-0.7015860388916725,-0.3228603199934155,-0.8427737721681564,0.157328383585003,-1.0786315434322045,-0.61355360964343,-0.6182433286053366,-0.1262168325812603,0.31002001302470067,-0.43967950362031105,-0.7133741297612541,0.630003648751395,-1.202296484758185,-0.08810803070450535,0.8226430253652006,0.7224084306063773,0.7133741297612541,0.4396795036203104,-1.0102503215325889,-0.5596729573423944,0.05442496307539909,-0.2765412700918884,-0.3064697006802721,0.9831750642384596,-0.46483142063624716,-0.319404172783631,0.07776919801113909,0.6396503041450882,-1.0899443568808573,0.19674936974096682,0.11904759955750843,0.4484413812184362,0.31594134103852145,-0.20711139779498602,-0.5429799678216537,0.038603250264021984,0
0.2105061928741954,0.23294330649045036,-0.4445202009343899,0.3052077222492148,1,0,0,1,0,0,-0.4198281206240434,-0.1745119398540853,-0.7711081536284979,1.9728529635700742,-1.0320228333629249,-1.6588743979859513,-0.4839252745503257,0.8326311741806884,-0.9186873966551335,-0.07678411069755949,0.15028887476165478,0.4922769771545212,0.315497358238057,0.5341888387283363,0.6170116139610783,-1.567217803347894,1.2188041647914079,1.0166602909258156,0.8285736227725414,-0.15036214763897582,1.206665067811814,-0.5247037270295787,-0.3190263030183213,1.31227572629528,0.797187999486795,0.15036214763897582,-0.8285736227725421,0.5494904413305014,0.641115017460903,0.1817914946388332,-0.6770767854263857,-0.20406001926752979,1.7707999093987767,-0.05703537174666111,-0.4301405112466897,0.2638024885416898,0.6674062963570164,-0.7864379342253526,-1.1169937933385516,-1.0868156375258795,-0.5838686025055501,-0.6992004034990842,-1.1948939252628807,-1.378017789531564,-1.136704559054746,0
0.23620645523143258,0.1298722426046032,0.27967722576327125,1.478524768348486,1,0,0,1,0,0,-0.7479204827314877,1.979842110460579,-0.7839013350458762,1.990212453174513,-0.11277384770415039,-0.015441243483327998,0.6248304611985315,0.5807367283541744,-0.04822089586795836,0.6159854589325825,0.38998290849061384,-0.3744115004571386,-0.6052848474474719,1.2131032416759175,-0.41959002548966273,-0.18527651077460444,1.333696178902009,0.8472321855674233,0.5174554829923397,-1.023858678725748,0.3432764991666441,-1.2174154614281247,-0.12026544526882019,0.49031368597283403,0.3201604480150232,1.023858678725748,-0.5174554829923405,0.7723105503109431,-0.6347222057676005,-0.8826288048555859,-0.8321227913623208,-0.32353798091572933,-0.6235796198885869,-0.8726274695258333,-1.149926711256571,-0.9144083514851348,0.3898463742377325,-1.0899443568808573,0.2788583174334372,0.1709126850234604,0.36382580878204385,0.2524949820049213,0.36909507656128593,-0.09762646290970158,-0.20882997275045564,0
-0.4063001036995106,-1.9057812691408853,-0.15484123025532542,-0.13478617003801185,1,0,0,1,0,0,-0.19268725454965888,-0.3518609237531332,4.17985305489689,-0.7502723057128698,1.3345643110339487,0.30922065316127184,-0.15932884668538302,0.08897541107451899,0.4163305436226132,-0.7867429999547824,-0.2097114519653372,1.2482135949029942,1.6453942433495687,-0.7726340480431484,-0.05934087095099443,-0.7978212586710888,-1.001492159028336,-1.6658678422032378,-0.9702511656336119,2.664697762972419,-0.5504561973252275,-0.18156792585534332,-1.3708712236634564,0.06977655506213656,-1.3537605546694715,-2.664697762972419,0.9702511656336112,-0.8988402670423681,-0.40957446049198204,-1.1009714303929035,-1.2843403086754637,-1.5353858776331764,-0.9386295579527137,0.10608304780917345,0.6772228733838963,-1.2244638357027204,-0.7481493064513315,-0.5588081172337243,-1.262965255902942,-1.657331577651353,-1.531563013793144,-1.016432198667086,-1.853415610241477,-1.0996718489615938,-1.0748462533011267,0
-1.074506924987691,-0.2566442469673251,1.0038746524609323,0.5985369837740325,1,0,0,1,0,0,0.5896868397065544,-0.5274654914171085,0.39307135535292426,-0.4968237574880654,-0.10505203297421005,-0.02170194121476656,-0.5948077862423524,-1.0325515915897798,0.21667629205380662,-0.46096753979466193,-0.5491499491110183,-1.191186226929094,-0.33249018587298,0.4367323972937649,0.0570038576453789,-0.50883736662041,0.39936866356378814,-0.36261638269534,-0.7768887630270574,-0.8541271252918234,1.2634725715119888,1.4743146772062188,-0.8075362313012514,1.0187445375542425,0.3598975088430138,0.8541271252918234,0.7768887630270568,0.18740776423728422,-0.18442671521636386,-0.7006766169078218,-0.8321227913623208,-0.6478353053894121,-0.655084613695,-0.8726274695258333,-0.6516131881728072,-1.1624527388592034,1.916425945893794,2.3245028979935705,1.8571747564109133,1.0526191379446466,1.4638282504551436,1.7752075988113303,1.5215080252738291,1.127095675598167,1.4613442825972665,1
1.110015375377516,-0.7977673323680251,-0.4445202009343899,1.478524768348486,1,0,0,1,0,0,0.19849979257844777,-0.4600147303276346,-0.2721740783507456,-0.3290153579784917,-0.3918354207624942,-0.09951347016264586,-1.0041086138895605,-0.10814549710663278,1.598492744169607,-1.1108679905363326,-0.7374570348139619,0.0429111185741448,0.8280527064759945,-1.5186044756953145,0.8643158256832209,-0.20187852986076096,-1.8926201154809998,-2.3203232242955485,-1.8417417692239237,1.8851427108031094,-0.12113422861677925,1.0142857090536337,-2.388061584522636,-0.3759787208430087,-1.3066137513259963,-1.8851427108031087,1.8417417692239217,-1.5115955667385823,0.19081952690966666,-1.4011925405067138,-1.2714198081808024,-1.808478361400488,-1.537224440274555,-0.46483142063624716,0.5111183656893089,-1.4104971262332722,0.0012624832707351544,1.1863538130354276,0.534308376921121,-0.8663890242955825,-0.939254006738398,1.5531453421937294,-0.5363722402842841,0.45906541823023866,0.16231986177126023,1
1.4698190483788447,-0.12780541711001567,-0.15484123025532542,-0.4281154315628296,1,0,0,1,0,0,-0.07911682151246661,-0.3832604159844401,0.03486227566633282,-0.42854309837727333,0.09017389496787881,0.03643310914859154,0.694283946703282,0.4874884550782287,-0.4077671096261877,1.037617863911094,0.9336542710066063,-0.8237508430236451,-1.39373207403082,0.5561830528114468,-0.31106613614063067,-0.8997068246872981,0.6466640799732417,0.4783905439027479,-0.8350596325743129,-0.29529592521500797,-0.4096871755719052,-0.980712429961193,-0.3466872922773,-0.7605337604503665,-0.7467410239704609,0.29529592521500797,0.8350596325743123,0.1317027369921738,-0.6347222057676005,-1.1919475243667854,-1.4006248131274146,-1.1257471519822078,-0.15100471279239655,-1.1173050988595852,-0.9284540343304539,-0.8523972546416179,-0.19302946221276363,-0.7105613285614767,1.0087156302553917,0.6506647255835172,0.27921023634565156,0.8552353928241243,1.7684536571408034,1.739456744852101,0.7190446135538346,0
-0.4320003660567478,1.1863506474345409,0.27967722576327125,-0.4281154315628296,1,0,0,1,0,0,0.6780193987354818,-0.5420022933760469,0.29072590401389814,-0.47367777134881384,-0.2006745132716574,-0.05076946639644561,1.3399447795597097,1.046825495403235,0.31495079534825066,2.3205111444141293,1.522615342200014,0.3859556286149911,-1.2327414344654029,0.007929360016718593,1.9570316827225198,-0.2763533104993768,0.07314434782304709,-0.9424926907112178,-1.0117882743416888,1.5298767365072001,-1.8553029107503956,0.5237105332453187,-0.7082567137953674,-3.062332165984487,-2.899635187577628,-1.5298767365072001,1.0117882743416882,-0.11896988561082296,1.5417059985633763,-0.4732363819731166,-0.5349512799851129,-0.47715250303484213,-1.0016395455655394,-0.22015379130249568,0.2896456887631914,-0.6663639641110671,-1.7473650260807534,0.19995793940503753,-0.7246954876967501,-0.944186652494511,-1.9207946470005486,-0.5723076854318833,0.36909507656128593,1.461110804282131,-1.0748462533011267,1
1.0072143259485644,-0.3854830768246345,0.5693561964423357,-1.6014324776621007,1,0,0,0,1,0,0.009215737516460692,-0.424544933547825,0.022069094248954552,-0.42738579907031077,0.008062512375088933,0.0037880424060904513,0.10249049651861764,1.0640463531709279,-0.09681954248151524,0.03710716015519359,-0.22988873385632927,0.07050787880925054,0.3202104664115123,-0.5052511772161281,1.643409308059961,0.13895221874970945,-0.857171361814117,-1.0521556115281758,0.5226171968447283,-0.4221610355600758,-0.6473565533857781,0.18589435534967974,0.2719891373886722,-0.9000858288174388,-0.7283585561484464,0.4221610355600758,-0.522617196844729,-0.3139374809687093,1.9920014891146134,0.8914050276351143,0.8346217724489774,0.4103980692089227,0.06953024385249205,1.9003856629233515,1.7292180887829538,0.38782468222872474,-0.5261013687559044,0.35171115073279,0.5160619441005718,0.585833368751077,0.1607484349347019,0.062155904904119784,1.1099319721622063,0.9600881112561845,-0.1469716669968365,0
-0.8432045637725518,0.7225308599482267,-0.7341991716134544,0.3052077222492148,1,0,0,1,0,0,0.2868323516073751,-0.4774588926783606,-0.041896812837936774,-0.41639145565416624,-0.22836903238193137,-0.04540315405521256,2.6116166861185506,0.4117927080401487,-0.5029115766536506,2.289515822293872,1.5807248959474847,-1.768877389475725,-1.7303379702644857,2.3196015113573103,1.2861877162680524,-1.6679689419639387,1.6779221056055669,0.379262641242955,-2.3498765620089648,-0.08195882270823099,-1.313798076729587,0.7232762041664419,-0.9886509554391267,-1.4291893312578148,-1.6847436305683678,0.08195882270823099,2.3498765620089634,1.4686233908748227,0.5660657690356972,-1.2829236183406676,-1.8011603284619129,-1.2281568333949502,-0.24551969421163483,-1.0357458890816678,0.012804842605544792,0.139780294854656,-1.2200011740541141,0.7310941790521709,0.14201007127932075,-0.39960325510201306,-0.9054077777638412,0.31594134103852145,1.933084078385452,2.073471873536065,-0.20882997275045564,1
0.2876069799459088,-0.6173929705677911,-0.8790386569529866,0.5985369837740325,1,0,0,1,0,0,6.470111483632286,-0.7920352870697867,1.1734554218129984,-0.6160255861052109,-0.8620562393634993,-0.13305292229535245,-1.5095920530324327,-1.527821683058125,0.45003677323798114,-2.072694567102364,-1.4962826740860342,-0.4769504573372227,1.4551810792457824,-1.249522360578564,-0.9335758427107885,0.4665404246854034,-1.394766351299446,-1.3468124724152888,-0.8293216896597884,0.17200761631813533,0.8506164772694288,1.1617474225931026,-0.14638721151567258,1.4170502025733822,0.6303405146634775,-0.17200761631813533,0.8293216896597884,-1.2052179168904753,-0.9349191994684248,-0.30947941282012914,-0.031051760693324323,-0.5795621844475838,-0.844114576533476,0.2692014673650073,0.7879592118469556,-0.5423417704240322,0.9727222106882286,1.33810702436318,0.5434315933313949,0.37837302688726915,0.9561348158367899,0.062155904904119784,-0.4540570296619595,-0.4316415915936655,0.904619530814692,0
-0.3291993166277972,-0.6431607365392533,1.4383931084795292,1.7718540298733036,1,0,0,1,0,0,0.5644489656982895,-0.5216507706335333,-0.7583149722111197,1.3131923586014052,-1.7426272630783306,-1.4160487645451554,0.3572607476479865,0.2651682518447704,0.26150553685347955,0.02010656809756729,-0.10170532905709664,0.2548829872231536,-0.02150921159662371,0.7896771841382068,0.5715267905088148,1.1050939673247082,0.6497507283019986,0.6834321697805797,1.0042885975848093,-0.6484112087471453,0.29225637161306245,0.20859124491397102,0.7530260329393571,0.617119023484739,0.799460403403216,0.6484112087471453,-1.00428859758481,1.1622457410267157,1.0163612595869336,1.237114184735866,1.7132158060859415,1.9636115706355104,-0.15100471279239655,0.35076067714292497,-0.09793149585751397,0.9459245538203791,0.3898463742377325,0.35171115073279,0.4521994292286506,0.7932937106148858,1.0238272737859035,-0.09645999267988113,0.03983423407198747,-0.26463402725168356,0.47161139053935697,0
-1.8969153204192981,0.15564000857606544,-0.15484123025532542,1.1851955068236681,1,0,0,1,0,0,4.135608137867779,-0.7565654902899771,-0.15703544559434116,-0.3689421840687006,-1.3074593667389818,-0.29672544870296064,-0.07553302791458108,0.4124154109597947,-1.114523005543876,1.4611207735634963,0.32654449512326394,-0.03604981541227401,-0.588772803812543,-0.7726340480431484,-0.5080195850594956,-0.38506893725314706,0.09812257697732439,-0.6474341772143722,0.4783555005605033,-0.5235948099447552,-0.6669763231424262,-1.0749759624164958,1.1366331392875082,-1.8765832337541086,-1.0566172977041683,0.5235948099447552,-0.47835550056050397,-0.8524194110047761,-0.6847550380510711,-0.7977177838132969,-0.8536569588534225,-0.7730026937827631,-0.8756195703398886,0.051710241290561454,-0.17175572149955282,-1.1004416420156866,-0.6371253376036178,-1.0140677512169813,-0.040454256926167845,0.5469345546516133,-0.29617565622181696,-0.5723076854318833,1.2745623934068555,1.0714264874841732,-0.20882997275045564,0
1.110015375377516,-1.0812127580541053,-0.4445202009343899,1.0385308760612593,1,0,0,1,0,0,0.19849979257844777,-0.4600147303276346,0.5849690766135982,-0.5222843422412421,0.19978881932897388,0.04984889000167418,-1.5281510456569312,0.46757029763439945,0.10230847480965086,-1.7313202832591374,-1.3388718349593964,-0.8840199725259827,0.8853610908844708,-1.4842453551873707,0.5512176203200753,-0.3475098670807901,-2.0064106224033997,-2.22514150177252,-1.773666294592434,0.5534028300138731,0.64189075773333,-0.08955719576873399,-0.4890730151113594,0.3493795795716121,-0.4318186298421465,-0.5534028300138731,1.773666294592433,-1.4837430531160272,-0.03432821836595151,-1.3738997123145495,-1.3101813096647865,-1.8767514823423164,-1.2851844898232538,-0.5463906304141645,0.34501385799472056,-1.4104971262332722,0.3343343898138759,-0.3311783002420958,-0.7703115697481222,-0.8793552956620708,-0.7023304039164997,-0.7626467625326843,-0.7010026615289333,-0.5429799678216537,-1.2604211705619852,1
-0.4320003660567478,-0.12780541711001567,0.27967722576327125,-0.4281154315628296,1,0,0,1,0,0,0.6780193987354818,-0.5420022933760469,0.03486227566633282,-0.42854309837727333,-0.36610906074714067,-0.08565049661446048,0.031238860724050844,1.9502223442909785,0.20114043329797124,0.12117875613578039,-0.5551004590942428,-0.8616747892306045,0.07533345443242694,-0.3396611426813592,1.703466745196851,0.05958292513459181,-0.5483216594880796,-1.4495787242346068,-1.0333455079749942,-0.15036214763897582,-0.3828238079370262,-0.9702457811766488,-0.2150906169578584,-0.7074110531716234,-0.6935737032065923,0.15036214763897582,1.0333455079749936,-0.4253475354589299,1.3165582532877582,-0.4823339913705056,-0.37990527404917784,-0.5624939042121272,-1.3166894836296663,-0.05703537174666111,0.5111183656893089,-0.9144083514851348,-0.24854144663662048,-0.7864379342253526,0.589047675382767,0.37837302688726915,0.05920974801103089,0.4428340591057229,1.1099319721622063,1.127095675598167,0.22417816752487937,0
0.46750881644657266,-0.6173929705677911,-0.8790386569529866,0.5985369837740325,1,0,0,1,0,0,-0.7226826087232228,1.0814677493981886,1.1734554218129984,-0.6160255861052109,1.87906112421396,1.307801941325723,-0.30105297551688026,-1.291293693527679,0.053738356191488056,-0.8718676182509763,-0.13288838399203587,2.0068894972028972,1.7590922903542816,0.40669846239301427,-0.5686853052342103,-0.18158789180869794,0.2008194448314465,0.4916269356486314,2.231199393834513,0.5242815205937548,0.8249898025394955,1.2026446642273467,-0.2559404521575677,1.376966027936683,0.6527394227686263,-0.5242815205937548,-2.231199393834514,0.605195468575612,-0.3345252120667762,0.7731361054690666,0.5503707615664309,0.615217432034406,1.0776900456576979,2.5528593411466898,1.3416409041622488,0.07776919801113909,0.9727222106882286,1.413983630027056,0.6164173246135901,0.37837302688726915,0.9392117013495113,0.28421816152172197,-0.7833178721512579,-0.6543183440496418,1.0283361423219313,1
-0.6376024649146498,0.15564000857606544,1.7280720791585935,1.1851955068236681,1,0,0,1,0,0,-0.7353015457273552,1.31696394113299,-0.15703544559434116,-0.3689421840687006,1.2577870546255794,1.2979637020334625,0.9866334611424105,0.8976730693853152,-0.13620728628686501,1.9739882955972894,1.5307330323766093,0.3721854726400509,-1.2760718090749843,0.8485228149994581,-0.09441734232987781,0.9055780481624149,0.8902016063457925,1.340572767036742,1.179804912165518,-0.6624995530634572,-0.5241038461318509,-1.326669680232899,1.0962185281144403,-1.7840221617753684,-0.681219525522808,0.6624995530634572,-1.179804912165519,1.106540713781605,0.19081952690966666,0.900502637032502,1.2868392897621204,1.6563825263972836,0.3530751881102058,0.02452383803125581,-0.4855086804782194,0.8839134569768611,-0.49834537654397587,-1.2416975682086098,-0.0039613912850709025,0.5599008260181015,-0.24540631275998087,-0.2233527107470814,1.0276167615398821,0.7374113588002092,-0.20882997275045564,1
-0.12359721776989524,0.4648532002336079,-0.4445202009343899,-0.8681093238500562,1,0,0,1,0,0,0.04707254852885811,-0.433267014723188,-0.7455217907937414,1.0788392489414835,-1.3616045987006222,-1.1669624333729212,-0.09454781296363779,-0.334789338696896,-0.22431228739685102,-0.4659282815232111,-0.6656096322829753,-1.437505818380457,-0.45058225098735855,-0.05334862137026744,-1.209972839170478,-0.20346029875382257,-0.48381296026586096,-0.512145835695376,0.1765838412788985,-2.1357201898596445,0.07816572158935664,-0.7526153544086545,0.10218443276642541,0.1496983996134615,0.3653143933838749,2.1357201898596445,-0.17658384127889992,0.10385022336961848,-1.009968447893631,0.6639647927004092,0.44700675760914055,0.22264698661889537,0.5106001571422693,1.166352774922097,1.1755363964676604,0.44983577907224165,0.22331042096616224,-0.5588081172337243,0.6255405410238652,0.585833368751077,0.6176725260912207,0.6014499566897238,2.591605763364049,1.4054416161681371,-0.1469716669968365,1
-0.12359721776989524,-0.6431607365392533,-0.4445202009343899,1.7718540298733036,1,0,0,1,0,0,0.04707254852885811,-0.433267014723188,-0.7583149722111197,1.3131923586014052,-1.4391384806085974,-1.3480754748895367,-0.9182097839488484,-0.6189323241265609,-0.9072589177121165,-1.4155786542869075,-1.7168842435472815,-1.0613456850302188,1.642603343039435,-0.016213050440594515,-1.2068862107972307,-0.10248482190950525,-0.3931927043546937,-0.3288253713666283,0.5119677661598024,-1.9553123256192235,1.2605931673176223,-0.35952807311113166,1.1372659714456161,1.5224722814171932,1.910999628199737,1.9553123256192235,-0.5119677661598031,0.24311279148239442,-0.9349191994684248,1.0733572155828786,0.8475422729436388,0.6322857122698633,0.8256500952063961,1.5741488238116832,1.397009073393778,0.8219023601333442,1.3890620938671545,-0.17942508891434333,0.561678026151944,1.1044842234105985,1.7515211967388769,-0.033013633646279864,-0.28942660841731066,-1.0440026608476,0.6571863078002155,0
-0.4577006284139859,0.5163887321765315,0.27967722576327125,1.0385308760612593,0,1,0,1,0,0,-0.24316300256618875,-0.3344167614024072,0.32910544826603294,-0.4846721147649583,0.4379425148289815,0.11737498696219013,-0.06191436200389999,1.0360164916212717,-0.14946481774352502,-0.9965398390175648,-0.6014836935631436,0.7575160502945846,0.5813275693584896,-0.8716120220324056,0.43100733996096857,-0.30940593317872356,-1.3054618676941474,-1.1713669266216094,-0.13124877099039398,1.163332477313009,-0.7848110349944859,-0.9901914565014517,-0.10659971089373926,0.051787389882298404,-0.36165355589685927,-1.163332477313009,0.13124877099039328,-0.7038726716844818,0.7161642658861095,0.8459169806481733,0.5374502610717695,-0.05044549714841698,0.6996301199807459,0.8401159358104279,1.009431888773073,0.44983577907224165,-0.9701972441467586,-1.2416975682086098,-1.5366617482111748,-1.3461410648556402,-1.2438700675094103,-1.3336639938350878,-1.1948939252628807,-0.8769950965056176,-1.7552876165909395,1
-0.38059984134227254,1.1605828814630785,1.7280720791585935,0.3052077222492148,1,0,0,0,1,0,-0.5460174906653681,0.09005785579859277,-0.4128990739419065,-0.18261699564772566,0.26508021963265677,0.2103910675435631,0.8105144189311239,0.3506996633133485,0.1005748841970727,-0.12554976100949572,-0.533660813682128,-0.9103824480484556,0.5933911970504748,2.1096381394747468,0.3570284410887724,-0.41937587614190275,1.200869870228354,0.2515456524146,0.33216239355632987,-1.571087696275664,0.9808855422228854,-0.12368303924794986,-0.5589215470432615,1.3603716342780137,0.9393705645343188,1.571087696275664,-0.3321623935563306,2.6105764493995856,0.7912135143113154,1.2553094035306427,0.8087807714596554,1.3150169216881435,0.6051151385615076,0.8401159358104279,0.7325910426154264,1.069946747507413,1.2780381250194413,0.19995793940503753,1.0178388466656656,0.533968283285125,1.0915197317350172,1.2359135470257274,0.36909507656128593,-0.32030321536567735,0.6571863078002155,1
1.572620097807795,0.15564000857606544,-0.4445202009343899,-0.4281154315628296,1,0,0,1,0,0,1.1953958159049132,-0.628060160972962,-0.7071422465416066,0.598560036552014,-1.7205151116588389,-0.9456020492970576,-1.604146310898536,-0.42063373740074883,1.3233931497805618,-1.597714611962724,-1.0089173587451052,-0.8937732767072193,1.0334577244794767,-1.0357061930730964,-1.276387344006261,0.522177182057904,-1.080292040864005,-0.03752977373785095,0.09840925777350726,-1.3166012534636966,1.195739069790499,-0.7013238161212793,-1.2843850602902491,1.0872102694194643,1.275001459592495,1.3166012534636966,-0.09840925777350797,-1.0102503215325889,-1.2351161931692491,-0.2821865846279648,0.020630241285320403,-0.40887938209301433,0.1010352376589052,0.5138790966987595,0.5111183656893089,-0.29429738304996345,1.63886602377451,-0.3311783002420958,1.3553978538458196,0.36540675552078095,0.8038267854512828,2.948965240932937,0.6160407084282594,0.013711913318286572,1.708777505611744,0
0.5189093411610479,1.3151894772918502,-0.15484123025532542,-0.8681093238500562,1,0,0,1,0,0,-0.7100636717190902,0.7965464310029968,0.3035190854312764,-0.4748350706557764,1.4423566274401152,0.9795625031203011,-0.46950779829890804,-0.9648166245710518,2.1971213336333184,-0.827165034039335,0.47014322883982435,-0.5730162625690758,-0.8428509991243005,-1.0941841480263115,-0.6803142285991086,1.1960514342169646,-1.0004516097993505,-0.2129387736304232,-0.49837739391320257,-0.2872412075127405,-0.44043388570766406,0.6427172363629835,-1.8016221224496671,0.12541590610163472,-0.8191024904908082,0.2872412075127405,0.4983773939132019,-1.0659553487776992,-0.7097714541928067,-0.30947941282012914,0.33072225315718967,-0.10165033785478751,-0.6865896075014126,-0.30171300108041293,-0.09793149585751397,-0.10826409251941274,0.0012624832707351544,1.4898602356909325,2.1856105471807923,0.6506647255835172,0.6684418695530556,2.5048407276977347,2.180029710252426,2.1848102497640536,1.770635811365363,0
-0.8432045637725518,-0.6431607365392533,0.5693561964423357,1.7718540298733036,0,1,0,1,0,0,-0.4576849316364408,-0.12334239695862229,-0.68155588370685,0.5609478090757302,-0.5129993634100525,-0.5283712647661876,-0.4805250100371366,0.40480832995880084,0.4618350485428997,-1.04385184671189,-0.911957594809821,0.5379918874295555,2.146663428800511,-0.9008258154197094,0.3516242919863766,-0.737139414205553,-1.0609531331202096,-1.038496896798247,0.4251360800282837,0.312111980532898,-0.2319128169282088,-0.20336264024598114,-1.3720980047463343,0.3581535356888269,0.17169944455233446,-0.31211198053289735,-0.4251360800282844,-0.8988402670423681,0.19081952690966666,-0.3549674598070702,-0.6641562849317252,-1.0062691903340089,0.1325402314653172,1.5741488238116832,1.4523772426253072,-0.728375060954584,0.11228645211844858,0.27583454506891375,1.5469853984615822,0.45617065508619664,0.5838262971166633,2.5048407276977347,-0.12479618717266176,0.013711913318286572,2.203643951640699,0
0.6988111776617119,0.0010334127472937634,-0.8790386569529866,0.5985369837740325,1,0,0,1,0,0,0.5896868397065544,-0.5222322427118907,-0.5408308881156891,0.043056369209976894,-1.0043189636584335,-0.4349079914897118,-0.28657756235738147,0.9315602977714952,-0.6346794580010808,-0.9786021266207103,-1.8535845329893765,-1.054148681765044,2.1872952875386766,-0.7557329641797443,0.6438303396007703,-0.5678940203092395,-1.4287501093348216,-2.2473983739358463,-0.5860329100839196,-0.8565127692838675,-0.35662639674920565,-0.6336206432373829,0.29694935805493144,-0.09469581229637845,0.21560358242902047,0.8565127692838675,0.5860329100839188,-0.9545452942874786,-0.03432821836595151,-1.546754290864926,-1.5427503185686884,-1.893819762577773,-1.6002344278873806,0.6769975162545934,1.1201682272361313,-1.9065859009814097,-0.49834537654397587,-0.7864379342253526,-0.7703115697481222,-0.5162996974004062,-0.5161761445564365,-0.5405845059150832,-0.20711139779498602,-0.5986491559356475,-0.8892713360402683,0
0.33900750466038404,0.4648532002336079,-0.4445202009343899,-0.8681093238500562,1,0,0,1,0,0,-0.596493238681898,0.238333235779764,-0.7455217907937414,1.0180810353259482,-0.5031741488122929,-0.6034996375434504,-0.8590857364317911,0.03768303832797118,0.8305092713689106,-1.574077192906881,-0.9916305358867272,-1.9730428203084365,-0.8471415863385338,-1.2000161985293907,-0.924359198604517,1.1621298379964233,-2.025962865762379,-1.0377338183805556,-0.5464277599204057,-2.149054684173066,-0.004462417237044946,-0.9777239059543075,0.03249441562549509,0.11756663916253465,0.27602316756518896,2.149054684173066,0.546427759920405,-1.0938078624002545,-0.7848207026180125,0.36374368258659734,0.9379857764062678,-0.03337721691295973,-0.18250970659880966,0.5138790966987595,0.8986955503100138,0.3258135853852078,0.1400424443303771,-0.7864379342253526,0.6255405410238652,0.5469345546516133,0.5669031826293847,0.6014499566897238,2.9208666058533463,1.6837875567381073,-0.20882997275045564,1
0.23620645523143258,-0.2824120129387873,2.8867879618748513,-1.161438585374874,1,0,0,1,0,0,-0.6974447347149578,0.6744372945479147,-0.2977604411855021,-0.2925604298091705,0.9012659350619028,0.7447863381913549,2.5058969815460856,-1.10492242201899,1.3931541936409206,1.8991545504696004,2.441121503005539,0.17459245291533546,-2.259929877871286,2.5878192307574337,-0.5991066510961246,2.000675205705873,1.4715079696633977,2.4103394740470088,-0.09305301462755473,0.33041212922948743,-0.8987922691070057,0.9163688087358013,0.10599718370420773,-1.1065131608563605,-0.8203501482932885,-0.33041212922948743,0.09305301462755473,3.6132669398115715,-0.03432821836595151,2.0922894680903568,3.095709359014693,3.824054116300324,0.4790951633358572,-1.6066603575270884,-1.7589765728033937,2.930279652812927,-0.7203933142394032,1.2622304186993043,0.9266066825629212,0.8451587960808378,0.2961333508329291,0.5697267771729232,0.7806711296729086,1.0714264874841732,0.7190446135538346,1
-1.2030082367738797,0.05256894469021735,-0.8790386569529866,-0.8681093238500562,1,0,0,1,0,0,-0.2684008765744537,-0.32104290360018395,-0.34893316685501513,-0.2607346988676996,-0.08883385827611308,-0.04540315405521256,0.3227871400287158,0.8832564128794506,-0.4724188482823026,0.4556184616730771,-0.06300292802272352,0.860776559989702,1.1191819280960291,-0.8895150147436406,2.442482185540214,-0.9363342907648319,-0.7161911471884432,-1.2216699637286335,0.2654778184316193,0.910698895591472,-1.3376362976162677,1.2345278892033347,-0.29511327075688404,-1.3256740295326706,-1.110816048757738,-0.910698895591472,-0.26547781843162,-0.8988402670423681,1.9920014891146134,-0.4277483349861756,-0.8192022908676594,-1.0233374705694662,-0.15100471279239655,1.166352774922097,1.1201682272361313,-1.1624527388592034,-1.2477571662660425,1.1863538130354276,0.07814755640739948,-0.08841274230630035,-0.6007917169928287,0.1890486229713212,-0.04248097655033679,0.45906541823023866,-0.08511336124321738,1
1.2642169495209417,0.8256019238340739,-0.4445202009343899,-0.4281154315628296,0,1,0,1,0,0,-0.356733435603381,-0.2169594015741853,-0.1826218084290977,-0.3475321468898929,0.20771262152826656,0.10172324263359372,0.21532230199860003,-0.8769482461503013,-0.21873369418038358,0.6102987557714713,0.7204513415319932,-0.1244958260047787,-0.5777412123843908,-0.5514761466345844,-0.451869707327518,0.5549144253016638,-0.9682155625159471,-0.5739325966446517,-2.018119135314598,1.8317485291476778,-0.8504393703270992,0.7509658359106179,0.856651769251724,-1.7845402238294463,-1.496955502498901,-1.8317485291476778,2.0181191353145973,-0.5646101035717058,-0.4846237089171882,-0.2276009282436361,0.08523274375862654,-0.3064697006802721,-0.4660546508565234,-1.0357458890816678,-0.2086678343205727,-0.046252995675895824,-0.9424412519348303,0.27583454506891375,-0.998391980004983,-0.46443461193445323,-1.0915620371239039,-1.4288335323854886,-0.7010026615289333,0.18071947766026855,-0.7036964187794109,1
0.15910566815972013,-0.3854830768246345,-0.4445202009343899,1.7718540298733036,1,0,0,1,0,0,-0.6848257977108253,0.5988459243614352,-0.5664172509504457,0.09224158975588642,0.41696695734501593,0.38926814558466494,-0.5546515377802477,-0.7357780870852155,-0.8318962260288181,-0.10264907292191246,0.4343662583565812,0.5602854749720271,-0.28590254169288337,1.305635897693439,-0.5623787369611029,-1.4568935138384442,1.001178617052316,0.8914542089860316,1.2301640235220075,-0.45589913793704195,2.075832470135663,0.446499842308693,-0.326807469462845,1.131423853746219,0.3056341182216946,0.45589913793704195,-1.2301640235220082,1.8864110952131505,-0.10937746679115769,1.6283113888235585,0.459927258103802,0.8712416355662611,2.999494667848872,1.0847935651441794,0.5111183656893089,1.752068812786101,2.638081743403932,0.9587239960437993,1.419260368717741,1.0007540524786946,1.4638282504551436,0.728342674756924,0.8629863402952329,0.6817421706862145,1.1520527538291696,1
0.6217103905899984,-0.6431607365392533,0.27967722576327125,1.7718540298733036,0,1,0,1,0,0,-0.5333985536612357,0.06970633305607908,-0.68155588370685,0.5609478090757302,-0.36610906074714133,-0.379903289992073,-0.43988282132150786,0.5990714408106445,1.7134707049642524,-0.11996048932492516,0.2078005301491092,0.5143697249029936,0.1845148972599705,-0.7862343021779769,0.663005408178664,1.2366943308278093,-0.006627156363135979,0.3635330289543975,0.2654778184316193,0.43824128821613356,-0.1739282798373354,-0.15806008980954583,-1.0996133191591908,0.15548750706586997,0.08476838038587066,-0.43824128821613356,-0.26547781843162,-0.7595776989295921,0.5660657690356972,-0.10933200607758836,0.5374502610717695,0.512807750621665,-0.844114576533476,-0.38327221085833024,-0.5408768497097485,-0.046252995675895824,0.029018475482663446,0.12408133374116129,0.890113816921823,0.11904759955750843,0.17767154942198057,1.7117612397777302,-0.37174181903963527,-0.2089648391376897,1.3994859768436472,0
0.23620645523143258,-1.2100515879114147,2.8867879618748513,-0.8681093238500562,1,0,0,1,0,0,-0.6974447347149578,0.6744372945479147,-0.2849672597681238,-0.31686371525538465,0.9160593027320304,0.7635684313856705,2.418388763221114,-2.63139479756085,2.2210042900542915,1.8106375892523687,2.906998881499673,0.07115553452203005,-3.2468353787197404,2.315511703497418,-0.6697516589110385,2.024493422224611,1.6380050472565864,2.5413500338530524,0.11588809585456382,-0.01788874008079301,-1.049196434076393,2.9407294313988994,-1.0017666206539801,-0.8218368048287631,-1.2981072446155961,0.01788874008079301,-0.11588809585456454,3.306889289963465,-0.10937746679115769,2.1286799056799097,3.147391360993337,3.9776686384194364,0.4475901695294441,-1.6066603575270884,-1.814344742034923,2.992290749656445,-1.0812212129944723,2.1727496866658176,-0.8159276517994943,-1.1516469943583196,-1.3454087544330806,-0.4136917878478824,0.7806711296729086,0.848749735028197,-1.4459960878228426,0
1.4698190483788447,1.2636539453489257,-0.15484123025532542,-0.4281154315628296,1,0,0,0,1,0,-0.10435469552073157,-0.3832604159844401,-0.3745195296897717,-0.21328542728223396,-0.2896569821351438,-0.12992257342963318,0.7886751300550431,0.10471440918957733,-1.0624745958551494,1.0619899776668367,0.49218656022694157,-0.45003977720538263,-0.7068095964126507,0.558848089893941,-0.30865222200346343,-0.8557527103787747,0.39665044016555534,0.09347606950790274,-1.6831717333635567,1.055548651906717,-0.5382775401070453,-0.4529248332023955,0.5924894201897527,-1.041368159301789,-0.5486054453729005,-1.055548651906717,1.683171733363556,0.2152602778598393,-0.5596729573423944,-0.9372144612399159,-1.1809763047181743,-0.9892009100985523,-0.15100471279239655,-1.4435419379712537,-0.983822203561983,-0.6663639641110671,-0.49834537654397587,-0.4070549059059717,0.06902433999712428,0.36540675552078095,-0.093098282374475,-0.2233527107470814,-0.28942660841731066,0.23638866577426285,0.038603250264021984,0
0.15910566815972013,1.0317440516057692,-0.4445202009343899,-1.6014324776621007,1,0,0,1,0,0,-0.6848257977108253,0.5988459243614352,-0.7966945164632545,2.291110272984783,-0.5876010482317433,-1.3100640958058025,1.2794488202811545,-0.7546388324060372,-0.47981448444858793,1.2959516757357914,0.5104338236003018,1.4651901391326767,0.022682143023875886,1.092256558590018,-0.5246262506098853,-1.3430957924777984,1.1243479185706449,1.1114184287088635,1.2234273880116,0.7849642097577141,-0.6877348461618545,0.5102064192360043,-0.693759269654144,-0.6358629565082676,0.42149480592033706,-0.7849642097577141,-1.223427388011601,1.5800334453650435,-0.10937746679115769,1.464554419670571,0.4082452561251572,0.8712416355662611,2.873474692623221,0.6769975162545934,0.12354118106860354,1.752068812786101,-0.6371253376036178,0.5034643620605421,0.07814755640739948,-0.2958730841701091,-0.5161761445564365,1.5531453421937294,-0.7010026615289333,-0.4316415915936655,0.47161139053935697,0
-0.6376024649146498,0.33601437037629844,1.7280720791585935,-0.4281154315628296,1,0,0,1,0,0,-0.6595879237025604,0.5610502392681955,0.5465895323614635,-0.5112899988250976,1.3456877201930844,0.826622601395159,-0.5216132675505405,-0.9690180700833855,-0.05486533425389996,0.35069758837682014,0.7663845944866061,-0.23148749189307552,-1.580696949172504,-0.37884421103989235,-0.3860599493828138,-1.1562270042695781,-0.1932519184893241,-0.21723374976218496,-0.2763926451691775,-0.04159846927444537,0.34677927411794174,0.9432613295087933,-1.0868938832590556,-0.6653951110825536,-1.208423982781735,0.04159846927444466,0.2763926451691768,-0.3417899945912644,-0.3345252120667762,0.09991301006234013,-0.5220307794904515,-0.5624939042121272,1.0461850518512859,-0.30171300108041293,-0.2086678343205727,0.3258135853852078,0.16779843654230542,0.6552175733882943,-0.49661507743988936,-0.944186652494511,-1.1084851516111824,-0.12818317219668063,0.9453015509175579,1.0157572993701793,-1.0129879475475077,0
-0.6633027272718879,0.0010334127472937634,-0.8790386569529866,0.5985369837740325,1,0,0,1,0,0,-0.571255364673633,0.1598345052014969,-0.5408308881156891,0.043056369209976894,0.10347287571369432,0.08964903986581935,0.6106359146101671,0.7550287191238222,-1.5339522913175578,0.46643664213651137,0.5494794383796121,-1.007055645316404,-0.628271489405653,0.45592972302419904,0.09148591308528907,-1.6649834337867735,0.7334285773221154,0.9206372535413487,-0.11623388745465664,-1.2582244350408798,-0.39354449660202173,-0.9446520326468901,0.4238163893715767,0.09712941097273309,0.18447290940222702,1.2582244350408798,0.11623388745465593,0.38237535959517033,0.04072103005925432,-0.11842961547497735,-0.9484072958142716,-0.6478353053894121,1.8023049032051899,-0.6279498401920818,-0.6516131881728072,0.44983577907224165,-0.49834537654397587,-1.0140677512169813,-0.615216890773458,-0.32180562690308556,-0.2623294272472596,-0.6992004034990842,0.12214944469431245,-0.4316415915936655,-0.8892713360402683,1
1.2642169495209417,-1.2100515879114147,-0.4445202009343899,-0.8681093238500562,0,1,0,1,0,0,-0.356733435603381,-0.2169594015741853,-0.2849672597681238,-0.31686371525538465,0.0999991095656377,0.07802202979314772,0.25730809618102485,-2.142639836481606,0.9314125803161298,-0.13829365026714022,0.5230532805466435,-0.5212211499159668,-0.9325375712167501,-0.5532875263512657,-0.2878699457535318,0.4102481698721137,-0.8674668752413544,-0.3911183104190593,-1.0618771407249559,0.3422733367180179,-0.9106315484553851,2.6524586257514726,-0.8610123532594959,-0.6733395047304284,-1.0618457868717728,-0.3422733367180179,1.0618771407249543,-0.5646101035717058,-0.3345252120667762,-0.2185033188462471,0.020630241285320403,-0.32353798091572933,-0.24551969421163483,-0.5463906304141645,-0.09793149585751397,-0.23228628620644656,-0.8869292675109735,2.3245028979935705,-0.22291858513165644,-0.62002986833231,-0.8207922053274488,0.030432725387320277,0.5337254978059351,0.793080546914203,-0.7036964187794109,1
-0.6633027272718879,1.2636539453489257,-0.8790386569529866,-0.4281154315628296,1,0,0,0,1,0,-0.571255364673633,0.1598345052014969,-0.3745195296897717,-0.21328542728223396,0.3791003247400065,0.2877554037963396,0.7132716363913569,-0.15241050755592,-1.3017001356542113,1.2411124040091366,1.1025500448231556,0.7733934824170785,-0.7766343528355587,0.41587609419782406,-0.01818399094682807,-1.6454776104497528,0.8378469273409386,0.9664584142678195,0.01898787070343759,1.0359845289758263,-0.5762830801550559,0.19097188176644905,0.1259213834057847,-0.8458681169487039,-0.48981052105685385,-1.0359845289758263,-0.0189878707034383,0.29881781872750485,-0.10937746679115769,-0.2730889752305771,-1.051771299771562,-0.71610842633123994,1.6132749403667133,-0.6279498401920818,-0.7069813574043363,0.2638024885416898,-0.6093693453916895,0.04820472807728505,-0.3597668312857729,-0.24400799870415715,-0.5500223735309933,-0.2233527107470814,-0.4540570296619595,0.013711913318286572,-0.3944048900113141,1
-0.6633027272718879,1.0317440516057692,-0.8790386569529866,-1.6014324776621007,1,0,0,1,0,0,-0.571255364673633,0.1598345052014969,-0.7966945164632545,2.291110272984783,-0.9559833383792545,-1.6476945806083823,0.9307706933231532,0.14972099352848448,-0.9430235320958209,1.0581830054292045,0.20879194796648387,0.5862246332659105,0.07172360864235626,0.6445556664823168,-0.20113368476027524,-1.4022425980928217,0.8868438889576441,0.9824672687641232,-0.11207882534413707,0.9106988955914741,-0.6502268791553525,-0.40698807232921397,-0.11997381947233304,-0.550157752673807,0.6877483080669178,-0.9106988955914734,0.11207882534413637,0.35452284597261524,-0.40957446049198204,-0.7279694450999874,-1.2714198081808024,-0.9209277891567239,0.9516700704320475,-0.8726274695258333,-0.9284540343304539,-0.23228628620644656,-0.7203933142394032,-0.5588081172337243,-0.6334633235940058,-0.5940973255993336,-0.7530997473783346,0.6331731362065233,-1.1948939252628807,-0.9883334727336057,-0.1469716669968365,0
1.2128164248064663,1.2378861793774645,-0.15484123025532542,-1.161438585374874,1,0,0,1,0,0,-0.8236341047562825,6.256569246780242,0.20117363409225028,-0.4545823327839313,2.8975218581666384,5.16305016580657,-0.137391679447972,-0.41964164988215197,1.469714345465392,0.8010802219327552,1.560114305486366,1.3617519806430038,-0.840451689537698,0.475888572674701,-0.5899438388119179,0.729886415540713,0.9739412630238581,1.724552374148161,0.6912331826893902,1.171710631808875,0.6665487293492606,-0.015021452965437006,-1.2756832883323743,-0.11646421385853255,-0.3445352687637054,-1.171710631808875,-0.6912331826893908,0.24311279148239442,-0.7097714541928067,-0.6278957417287164,-0.18609776662925942,0.20557870638343811,-0.24551969421163483,-1.3619827281933365,-1.7036084035718644,-0.17027518936292965,0.44535835866158957,-0.17942508891434333,-0.49661507743988936,-1.0349505520599276,-1.0069464646875115,0.47455723862252236,-1.1125787146405561,-0.7656567202776299,-0.5181215015185524,1
1.0072143259485644,-0.41125084279609675,0.5693561964423357,-0.13478617003801185,1,0,0,1,0,0,0.009215737516460692,-0.424544933547825,-0.19541498984647596,-0.3475321468898929,-0.17813959835242782,-0.05792454951808968,0.2545559934243064,1.145336401946261,0.7068362880750725,0.17481054401888538,0.4795373440058799,0.6902270657796732,-0.11530075851252702,-0.47060173759008056,1.5988416618459234,0.08094174821871787,-1.0267101756366528,-1.2113944014374163,-0.13280945780952072,1.0731061981267456,-0.8241860167053136,0.029674322672936907,-0.8849302339870723,-1.2542260021739138,-1.8061128872267722,-1.0731061981267456,0.13280945780952,-0.3974950218363748,1.6167552469885829,0.2636699792153276,0.26611975068388355,-0.1699234587966153,-0.30852968182446,1.0847935651441794,1.2862727349307197,0.015758101167622184,-0.9979532363586869,-0.482931511569848,-1.527538531800901,-1.657331577651353,-1.9207946470005486,-1.175048096251087,-0.12479618717266176,0.45906541823023866,-1.4459960878228426,1
0.2619067175886707,1.2378861793774645,-0.4445202009343899,-1.161438585374874,1,0,0,1,0,0,-0.6217311126901629,0.3197393267498188,-0.3233468040202586,-0.2780941884721383,0.5840829288699368,0.4608189768011056,1.3589996247752272,-1.3477051610239148,-3.3985307289406546,1.70900108436207,1.0212453448155094,0.1530474277654968,-1.5112135380223193,0.6006829743284382,-0.6738269071725879,-2.1457317555890247,1.2134902997356876,0.49023871398809754,0.4513710056427588,-0.2389258302200081,-1.2895267096514607,1.1747426250155557,2.489651877129914,-1.1054740006036528,-0.8490462777502336,0.2389258302200081,-0.4513710056427595,1.050835686536495,-0.25947596364157,1.5282376854522888,-0.04397226118798574,0.4445346296798359,3.0940096492681106,0.2692014673650073,0.06817301183707392,1.6900577159425842,-1.2200011740541141,1.0346006017076752,-0.12256320461863823,1.1563493088765513,0.5669031826293847,-2.1584666612718926,1.1099319721622063,1.0714264874841732,-0.45626319576493324,0
-1.2544087614883548,1.109047349520155,-0.15484123025532542,-0.13478617003801185,1,0,0,1,0,0,0.08492935954125552,-0.4414076238201935,-0.38731271110714993,-0.20286973351957077,-0.45862664212259413,-0.18269131145175824,-0.8742798682718536,-0.738200058704142,-1.2582778435269468,-0.6270235406792267,-0.6370603451857743,-1.9753997892364135,-0.9112934719088834,-0.7638389996058377,-0.11260129384876598,-0.531242073127778,-0.9328585822812453,-0.9710793086583662,-1.845181753314344,-0.8641809106868654,0.45248851079798696,0.900401243172372,1.1862609139554257,-0.07793825033909704,-0.11986029026717639,0.8641809106868654,1.8451817533143433,-0.7595776989295921,-0.18442671521636386,-0.24319683006772944,-0.4721945632967582,-0.7892581987689126,0.02452310984333123,-0.9192327322560718,-0.14538992662739608,-0.12598154876041756,0.3898463742377325,0.8069707847160468,-0.06782390615699217,0.5469345546516133,0.4822876101929924,-1.175048096251087,1.1922471827845313,0.793080546914203,-0.5181215015185524,0
-1.6656129592041589,0.9802085196628456,1.0038746524609323,-0.4281154315628296,1,0,0,1,0,0,-0.23054406556205628,-0.3373241217941949,-0.5152445252809326,-0.03795458227740351,-0.3900490501751786,-0.23009373713265022,0.330921852168286,-0.36596733381688423,1.726547638140082,-0.32261326788495637,0.03841566902253922,1.2241654489058584,0.02437030852661513,-0.5804152221333644,-1.2848502324304685,1.6026571437972963,-0.9267085071646722,-0.07692579363896433,1.2718086794045298,0.40825130337297294,-1.0400989421027644,-0.7848331064765923,-0.7497325911752087,-0.4830785807617831,-0.12504531627136878,-0.40825130337297294,-1.2718086794045305,-0.5924626171942612,-1.2351161931692491,-0.23669853764102378,0.6020527635450756,0.17144214591252482,-0.9071245641463012,0.35076067714292497,-0.2086678343205727,-0.728375060954584,-1.0812212129944723,-0.9381911455531051,-0.8797901666714156,-1.0868156375258795,-1.176177609560296,0.15732544345452057,-0.4540570296619595,-0.32030321536567735,-0.8892713360402683,0
0.72451144001895,1.1863506474345409,0.27967722576327125,-0.13478617003801185,1,0,0,1,0,0,-0.016022136491804253,-0.4210561010776798,1.0455236076392158,-0.600402045461216,0.5347797878215422,0.1401818144124306,-0.06894399793375883,1.0915919503834466,-1.3948715313712705,-0.4986658749284678,-1.17413649485043,-0.3899330648391742,1.4017132852488952,-1.214180054725152,0.8876883691709517,-1.2138122643896052,-1.507208608792646,-2.0692548949714262,-0.30352234127736116,-0.23079243079930178,-1.1173260970242913,-0.6089774879650562,0.6870718457544116,-0.8208568304452976,-0.49378970938085404,0.2307924307993025,0.30352234127736116,-1.1495128896453646,0.7912135143113154,-0.06384395909064733,-0.6770767854263857,-1.176951992688579,0.06953024385249205,1.6557080335896,2.0614271041721297,-0.4183195767369984,-1.1089772052064004,-0.7105613285614767,-0.5513543759015367,-0.1402778277722523,-0.44848368660732285,-0.826093121566285,0.12214944469431245,0.013711913318286572,-0.9511296417938885,0
0.18480593051695732,0.6452275620338409,1.1487141378004646,0.5985369837740325,1,0,0,1,0,0,-0.19268725454965888,-0.347209147126273,-0.5024513438635544,-0.06110056841665506,-0.40601686446807983,-0.21980830514528685,0.21572992960162535,0.2814278951479785,0.15400348127124328,-0.5616808685088664,-0.48494283613615013,-0.22686715448938802,0.4146563010539469,-0.5444520064476969,-1.3901145990925767,0.93254891435173215,-2.075116418129038,-0.9400585894597998,0.34468811875864686,-0.651277219968356,-0.8439877483200434,-1.7788549071288373,0.7265938062040866,-1.2988553018560276,-0.2873348075291475,0.651277219968356,-0.3446881187586476,-0.5367575899491508,-1.3101654415944555,-0.10933200607758836,0.3824042551358344,-0.5112890635057554,-0.18250970659880966,1.0032343553662626,0.8986955503100138,-0.29429738304996345,-0.9424412519348303,-1.772833807855743,-1.0348848456460813,-0.5551985114998699,-0.9900233502002335,-0.667477223982284,0.2044646553166367,-0.09762646290970158,-1.136704559054746,1
1.2128164248064663,-0.02473435322416849,-0.15484123025532542,2.505177183685348,0,1,0,1,0,0,-0.29363875058271866,-0.2954581321524524,-0.3617263482723934,-0.22022922312400942,-0.07557315057065565,-0.05703016412788418,-1.4196461934158948,-0.17868016616379587,0.5753702541877626,-0.8570691930275003,-1.0684415802527385,-0.07125598284581719,0.6883416408320252,-0.7194813640089647,-0.9850846057740822,1.5370562958670453,-0.8679265408258503,-0.8148827907982539,-0.7497849732599842,0.6464429457035722,1.255155288437425,-0.741591997503068,0.7580429317100134,0.2972240854825684,0.5934519411371109,-0.6464429457035722,0.7497849732599834,-0.8709877534198129,-1.1600669447440433,-1.1919475243667854,-0.3411437725651945,-0.6478353053894121,-2.072809334983571,-0.5463906304141645,-0.26403600355210183,-1.1004416420156866,1.0004782029001573,-0.7864379342253526,-0.3871364805165972,0.04124997135858002,0.1607484349347019,-0.6040308649486834,-0.7833178721512579,-0.5986491559356475,-0.023255055489598248,0
1.9067235084518848,0.23294330649045036,-0.15484123025532542,0.5985369837740325,1,0,0,1,0,0,-0.38197130961164594,-0.194863462596599,-0.13144908275958464,-0.36952083372218186,0.29119965917249946,0.13570988746140308,0.5593256162582232,-0.08966234061316729,-0.6770519537948605,1.1623213816112665,1.1587224737032766,0.05373213502244574,-0.7544917865412942,-0.11693845473805253,0.7500869865391944,-0.3522116680717318,0.3605645899035713,0.3530789862194075,-0.49529816032406576,0.5645149086083918,-0.8945994110326911,0.8744850532546621,0.5716139429639799,-1.2126915245941359,-1.1616830565706528,-0.5645149086083918,0.4952981603240644,-0.3139374809687093,0.340918023760079,-0.8371407578686448,-0.8708842928463041,-0.6990401460957827,-0.24551969421163483,-0.6279498401920818,-0.4855086804782194,-0.5423417704240322,-0.9146852597229018,0.5793409677244183,-0.5331079430809875,-0.17917664187171697,-0.6346379459673855,-1.0481553781838862,0.03983423407198747,0.3477270420022505,-0.7036964187794109,0
-0.6376024649146498,0.6194597960623787,1.7280720791585935,-0.13478617003801185,1,0,0,0,1,0,-0.7353015457273552,1.3576669866180173,-0.16982862701171944,-0.3510040448107806,1.24570823578138,1.3154042171424698,1.5126599004030465,-0.027285958250551207,0.9204719591374771,2.354370768167845,2.6061854635973534,2.8032847621382766,-1.6357125690640841,1.1951808902574899,-0.43649438518896055,1.1106618505903263,1.5228504402392347,1.769343412094111,1.815869993936328,2.0223883185793956,-0.909179750576756,-0.39981965896242305,-0.14220795611135972,-1.6705705879175052,-1.660749275966213,-2.0223883185793956,-1.815869993936329,1.4407708772522676,-0.18442671521636386,0.8277217618533966,1.338521291740765,2.014816411341881,-0.024984737566746233,-0.22015379130249568,-0.9284540343304539,0.8219023601333442,-1.053465220782544,-0.7864379342253526,-1.4727992333392537,-1.3072422507561756,-1.751563502127764,-1.2702176348014877,-0.8656330827735822,0.06938110143228039,-1.4459960878228426,1
-0.4320003660567478,1.2121184134060021,0.27967722576327125,-0.13478617003801185,0,1,0,1,0,0,-0.40720918361991093,-0.17916371648094556,-0.8478672421327675,6.228821164924953,-2.332622558664172,-4.951554212027534,-0.2075942719898702,0.23199396990644874,-0.4147109529551423,-1.375765129782836,-1.3173497308351572,0.6566234655012887,1.8549476329614456,0.09638031622657946,-0.30062523041481154,0.10564592913529956,-0.8852947147664557,-0.11134965143918485,1.409374760955505,-0.5022446364654003,0.3849669649657762,-0.6195787607349114,0.6730877359152543,0.980726848594794,1.6039079063805848,0.5022446364654003,-1.4093747609555056,0.10385022336961848,-0.25947596364157,0.08171779126756346,0.12399424524260985,-0.23819657973844427,0.5106001571422693,1.4110304042558486,0.7325910426154264,-0.10826409251941274,0.19555442875423396,-0.7105613285614767,-0.5148615102604385,-0.11434528503927678,0.27921023634565156,-0.1916295312302808,-1.3595243465075295,-1.6563637301015341,-0.023255055489598248,0
-0.7918040390580765,1.0059762856343069,1.4383931084795292,0.5985369837740325,1,0,0,1,0,0,-0.25578193957032125,-0.33325381724569214,-0.0035172685858019803,-0.419863353575054,0.2362459537001377,0.06818379050088712,0.2974808688491212,-0.5729941853531785,-1.4810544855000107,0.5584502630991068,0.5132826262926695,-0.06410421860099375,-0.6792252397488969,0.06724915128501474,0.5487963351881713,-2.071913831368519,-0.37453325172520907,-0.6111464608033131,-0.6711839829354725,0.5782415939310317,-0.34645983003056224,1.3362246228404888,-0.057422488619712324,-1.1258110384286095,-1.2639581216600546,-0.5782415939310325,0.6711839829354719,0.24311279148239442,0.7912135143113154,0.7276480584821255,-0.5607922809744348,-0.6649035856248688,2.180364828882142,-0.05703537174666111,0.2896456887631914,0.2638024885416898,-0.38732140769626244,1.1104772073715516,-0.2685346671830286,-0.2569742700706454,-0.6684841749419423,-0.5405845059150832,0.4514102871836102,0.848749735028197,-0.332546584257695,1
1.0843151130202777,1.2378861793774645,-0.15484123025532542,-1.161438585374874,1,0,0,1,0,0,0.43825959565696476,-0.5042066082828072,-0.3233468040202586,-0.2780941884721383,-0.5889058596747185,-0.17285307215949763,0.8534503067825892,-0.21851286645041562,-3.0012368146710973,1.1475527191460222,0.6464838936081734,-0.5060906318682933,-0.9341117640971213,-0.229880994263056,0.5281366628734334,-1.5496939175832738,0.5355929433417727,0.3072716975009538,0.3169427525726682,-1.004587223962434,-1.4164378077276825,0.8289914817757392,2.5454983324243283,-1.0191848952465894,-0.5404697168365709,1.004587223962434,-0.31694275257266885,-0.007559831120602114,0.8662627627365218,0.9732835122116075,-0.08273376267196997,0.13730558544161034,2.211869822688555,1.247911984700014,1.1755363964676604,1.2559800380379649,-1.3587811351137562,0.5793409677244183,-0.44187577897824326,0.858125067447326,0.34690269429476517,-2.1267434817550925,1.439192814651505,0.9600881112561845,-1.0748462533011267,1
1.110015375377516,-1.3131226517972627,-0.15484123025532542,0.3052077222492148,1,0,0,1,0,0,-0.36935237260751347,-0.20649290416374969,-0.06748317567269331,-0.40192521431713407,0.32851353571391767,0.15180882448510225,0.4247565285583102,0.47492296352748353,0.3319565178532326,0.11596076366323076,-0.12289327126127984,1.2152018189591356,1.2397507026898116,0.6949778365486312,0.8705261443659337,0.8379527492639738,0.08138205893963825,0.138136145775517,1.2358039974376995,0.43173498641965286,0.10377937292464845,0.22022730933987425,0.3882660206406788,-0.07595845398971168,0.2946303317868077,-0.43173498641965286,-1.2358039974377002,0.6330479821981672,0.7912135143113154,-0.027453521501095285,0.4082452561251572,0.4274663494443799,-0.7180946013078251,1.4925896140337656,0.8986955503100138,-0.35630847989348147,-0.026493508941193386,0.04820472807728505,-0.43275256256796935,-0.17917664187171697,-0.194636969298146,-0.3185222492974822,-0.7010026615289333,-0.5986491559356475,-0.20882997275045564,0
0.9815140635913272,-0.41125084279609675,-0.4445202009343899,0.3052077222492148,1,0,0,1,0,0,-0.4955417426488382,-0.04077336183185243,0.6105554394483548,-0.5251775905086485,0.9426063338149689,0.374510786646274,-0.4464841826878762,-1.611479484557721,-0.598063172924455,0.275764791930769,1.3274549396437731,0.7342568760810803,-0.8057827261144992,-0.7726340480431484,-0.8186433102115357,-0.5927765570634669,-0.40675668044007585,-0.0820279011343533,-0.24010667662448304,1.2395736832254003,-0.15115971247783297,1.3917072685922196,0.22188911992707058,-0.7758734045422674,-1.8058407149456126,-1.239573683225401,0.24010667662448232,-0.8988402670423681,-1.009968447893631,-1.1009714303929035,-1.1938968052128347,-1.262293393865864,-0.15100471279239655,-0.38327221085833024,-0.319404172783631,-1.1004416420156866,-0.3040534310604773,0.9587239960437993,-0.669956189235104,-0.46443461193445323,-0.7192535184037778,-1.7460653275534903,-0.12479618717266176,0.5704037944582268,-1.136704559054746,1
0.18480593051695732,-0.02473435322416849,1.1487141378004646,2.505177183685348,1,0,0,1,0,0,-0.19268725454965888,-0.347209147126273,-0.3617263482723934,-0.22022922312400942,-0.18789203091048115,-0.09683031399202933,-1.2804479251934053,-0.23218978348630617,0.10994011494594726,-1.837601180823297,-1.4552171582894526,0.6982745352649177,1.3720637127861552,-0.5531266989059095,-1.141695150768486,1.0000149847823718,-2.000717625034491,-1.0279372326879126,0.4316262532639202,0.5242815205937548,1.2278163292862432,-0.8250373744328041,0.8546267984820405,0.49860329424790367,0.8882729404690454,-0.5242815205937548,-0.4316262532639209,-0.6203151308168162,-1.1600669447440433,-0.5278220383574467,0.03355074177998182,-0.767313267037611,-0.655084613695,0.8401159358104279,0.6772228733838963,-0.728375060954584,0.9727222106882286,-0.8623145398892288,-0.39625969692687113,0.08014878545804377,0.27921023634565156,-0.5723076854318833,-0.7833178721512579,-0.6543183440496418,0.038603250264021984,0
1.0843151130202777,-1.3131226517972627,-0.15484123025532542,0.3052077222492148,1,0,0,1,0,0,0.43825959565696476,-0.5042066082828072,-0.06748317567269331,-0.40192521431713407,-0.3325301000830207,-0.07715383540750813,-0.47944378656434233,0.3204474289444042,-1.5071832624330408,0.15867821225865836,-0.2905597964054532,-0.09779610397679878,0.7982873311291312,-0.30984514263392,0.6490783359192753,-1.588131096377241,0.5668131016890264,0.39666589116287043,0.1590389773671773,-0.29111514316954507,0.35708464044767146,0.210408275268483,0.4644514176040803,0.3476781412885917,0.7650090037428636,0.29111514316954507,-0.15903897736717798,-0.11896988561082296,0.9413120111617277,0.8459169806481733,-0.19901826712392082,0.03489590402886805,2.211869822688555,1.0032343553662626,1.009431888773073,1.2559800380379649,0.3898463742377325,0.27583454506891375,0.23324223538206504,0.4432043837197094,0.5669031826293847,0.2207718024881207,-0.37174181903963527,-0.5429799678216537,0.40975308478573785,1
-0.6376024649146498,-0.02473435322416849,1.7280720791585935,2.505177183685348,1,0,0,1,0,0,-0.7353015457273552,1.3576669866180173,-0.3617263482723934,-0.22022922312400942,1.0314901030519945,1.2143386680492474,-0.16817005985472167,0.25092639586534027,0.21361344739732435,0.6366455649397158,0.41915356338470877,1.905855416137327,-0.14662354533779512,1.1777854340356422,-0.4484109185491913,1.1497680008734954,1.733840316345752,1.9317577919506204,2.1938991741874005,0.4234769879856554,1.4106738902071019,-0.7936125676391911,0.8633892189895751,0.8591792926983922,1.3410653368436087,-0.4234769879856554,-2.193899174187401,1.4407708772522676,-0.18442671521636386,0.8732098088403377,1.4031237942140713,2.185499213696451,-0.05648973137315825,-0.22015379130249568,-1.0391903727935126,0.8219023601333442,1.2225261405955843,-0.7864379342253526,-0.1864257194905595,0.2746428559553643,0.6176725260912207,-0.28679906978068154,-1.0302635040182315,-0.9883334727336057,0.34789477903211874,1
-0.6376024649146498,-0.05050211919562982,1.7280720791585935,-0.13478617003801185,1,0,0,1,0,0,-0.7353015457273552,1.3576669866180173,-0.6943490651242283,0.5869870434823882,0.30829872852547685,0.5905048583809045,0.6953141116867197,0.1734368697207557,0.5242411447914098,1.1125602624651383,0.1913504470129796,1.9221993660770789,0.3281665540263306,0.7605712742909602,-0.9334825603483168,1.7348934849431823,1.4472140981442316,1.766034361325621,1.943454842271065,0.6941558255444424,-0.20689734238899635,-1.1731898834140166,1.0267454327658685,-0.06796441173246627,1.4754238704474627,-0.6941558255444424,-1.9434548422710656,0.9672781456688292,-0.7097714541928067,0.764038496071679,1.6356928031179738,2.2879088951091933,-0.6865896075014126,-0.30171300108041293,-1.0391903727935126,0.6978801664463103,-0.47058938433204756,-1.317574173872486,-1.208225957441296,-0.5811310542328463,-0.5669454880182719,-0.3819686083310823,-1.853415610241477,-1.8790404825575102,-0.6418381130257917,1
-0.6376024649146498,1.2121184134060021,1.7280720791585935,-0.13478617003801185,1,0,0,1,0,0,-0.7353015457273552,1.3576669866180173,-0.8478672421327675,6.228821164924953,-1.3801488435131979,-3.7696239188709533,0.4716601251335097,0.15009530117176212,0.6946907013435658,0.3593236789244073,0.04083864006605379,1.0704080800309113,0.1700058797266787,1.0503593584265614,-0.9044105804511587,1.729009620129568,1.5263200135340527,1.8203867069380968,1.9784005630035764,-0.5022446364654003,0.3936518094543812,-1.1120291767920936,0.7878224621652029,1.02804968943241,1.724161077604335,0.5022446364654003,-1.978400563003577,1.07868820015905,-0.7848207026180125,0.2727675886127153,1.1576342848155081,1.8270653287518537,-0.9701345517591269,-0.7910682597479163,-1.482135726645747,0.20179139169817292,0.27882240539001907,-1.0899443568808573,-0.2594114507727547,0.1709126850234604,0.5838262971166633,-0.033013633646279864,-1.3595243465075295,-1.6563637301015341,0.40975308478573785,1
0.33900750466038404,0.20717554051898904,-0.4445202009343899,-0.4281154315628296,1,0,0,1,0,0,-0.5838743016777656,0.238333235779764,-0.4512786181940413,-0.1450047681714419,0.2980926766839729,0.29535767961308645,-0.9895858401922205,-0.9972564749837295,1.4137749741904633,-2.3091364992383903,-1.4700150870097286,-0.6468848673631916,1.0572653073619913,-0.9477945178810571,-0.6592402685868616,0.31718232023340637,-1.865894500053706,-1.0610220960732455,-0.5796783524084306,-0.30735587342307225,0.42901808523298823,0.7083533796290551,-1.613940108572136,1.2693053913470174,0.8752100428986109,0.30735587342307225,0.5796783524084299,-1.0659553487776992,-0.9349191994684248,-1.3102164465328319,-0.9742482968035945,-1.552454157868633,-0.844114576533476,-0.38327221085833024,-0.1532996650890431,-1.3484860293897554,0.16779843654230542,0.35171115073279,-0.7338187041070253,-1.3720736075886157,-0.8884846632765624,0.8235122133073248,-0.7833178721512579,-0.9883334727336057,-0.5181215015185524,1
-0.020796168340944693,-0.4370186087675581,2.452269505856255,0.3052077222492148,1,0,0,0,1,0,-0.34411449859924853,-0.2239370665144757,-0.4128990739419065,-0.16699345500373086,-0.08253450726282362,-0.04316719057969878,1.1349280406392857,-0.13861385195617276,0.3998302258934734,0.8922976157219168,0.7276134361208709,-0.720013916910448,-0.9186740775237988,1.7014968397385026,-0.5655424971246885,0.8376543374849406,0.8575705980410187,1.1026328677952193,-0.16027754582615011,-0.8230517886162441,0.12197052642031167,-0.37629619667111397,0.29518051290778435,-0.35508418738786995,0.13057328280103087,0.8230517886162441,0.16027754582614942,1.6635909862327087,-0.4846237089171882,0.17269388524144552,0.5891322630504142,0.9395147565080901,-0.2770246880180474,-0.7910682597479163,-0.8177176958673952,0.5738579727592754,0.19555442875423396,-0.2553016945782196,0.3518440487156324,0.45617065508619664,0.27921023634565156,0.37938770007212164,0.7806711296729086,0.4033962301162448,0.40975308478573785,1
-0.8175043014153137,0.5421564981479937,0.5693561964423357,0.5985369837740325,0,1,0,1,0,0,-0.4703038686405733,-0.12334239695862229,-0.579210432367824,0.12696056896476374,-0.1931512638714968,-0.19297674343912158,-0.512757965198048,1.5685588019693348,-0.7891586188375312,-1.193894801198449,-1.6614604059220563,0.6098635734146203,2.6013599851047817,-0.9207679597389499,0.6513045378309669,-0.7818295661355885,-0.9756572338991684,-1.2029221934870544,0.387122208219553,0.44783808336594555,-0.2070180637725002,-1.5004335934416713,0.29314295431078746,0.6454298408169414,0.9855605071921928,-0.4478380833659462,-0.3871222082195537,-0.9545452942874786,0.340918023760079,-0.6369933511261053,-0.9096457943302884,-1.1940202729240363,-0.24551969421163483,1.6557080335896,1.5631135810883663,-1.0384305451721696,-0.6648813298155464,-1.6969572021918669,-2.084054732827641,-1.657331577651353,-1.3623318689203594,-1.3336639938350878,-1.6064699783745033,-1.6563637301015341,-1.6934293108373202,0
-1.305809286202831,1.2636539453489257,0.27967722576327125,-0.4281154315628296,1,0,0,0,1,0,-0.14221150653312897,-0.3541868120665634,-0.4768649810287978,-0.13516772406226,-0.4103053301724193,-0.16793395251336732,0.5440490973893837,0.3867245271317095,0.5891225767361941,0.6176646298120344,0.6213560232934395,0.8409943551432698,-0.6998622142805186,0.4908557316521146,0.49581950188824214,0.35586201853061267,0.22371759870152738,0.4361352952829237,0.1590389773671773,0.9892830742375731,-0.26605625005326355,-0.03409045749606824,-0.4477432887004939,-0.6125905251798508,-0.381992032795788,-0.9892830742375731,-0.15903897736717798,0.6609004958207222,0.7161642658861095,0.6730624020977969,0.7700192699756713,0.8371050750953478,0.3845801819166189,-0.22015379130249568,-0.319404172783631,0.6358690696027934,-0.5538573609678327,-0.482931511569848,-1.3815670692365094,-1.3591073362221284,-1.4638705558440304,-0.6040308649486834,-0.7833178721512579,-0.4316415915936655,-1.4459960878228426,1
-0.35489957898503444,-0.6689285025107157,0.5693561964423357,-0.8681093238500562,1,0,0,1,0,0,0.11016723354952047,-0.44373351213362366,-0.630383158037337,0.30923520981136965,-0.9507380743125019,-0.5802456173981071,0.45090589906024137,-0.12906715020232037,1.1918328124813569,-0.05983806206713355,-0.37947732866598005,0.13440472766725983,0.25079287419232194,1.0692836293547678,-0.407354488945409,0.24497750950481542,0.9537751451374036,0.4407680468932614,-0.16027754582615011,0.3422733367180179,0.44141997455672105,-0.23093007044718658,-1.3830966097861914,1.026584468714535,0.9236633217861068,-0.3422733367180179,0.16027754582614942,0.744458036688388,-0.5596729573423944,-0.646090960523493,-0.43158727602782254,-0.05044549714841698,-0.9386295579527137,-0.7910682597479163,-0.8177176958673952,-0.5423417704240322,0.05677446769459199,-0.5588081172337243,-1.1352402261590995,-1.5665676780859363,-1.159254495073018,0.4428340591057229,-1.1948939252628807,-1.211010225189582,-0.76555472453303,1
1.110015375377516,0.05256894469021735,-0.15484123025532542,1.0385308760612593,1,0,0,1,0,0,-0.36935237260751347,-0.19195610220481132,-0.438485436776663,-0.15368451297366123,-0.08661369712453137,-0.028857024336410634,0.04450461802266567,1.1532040078771133,0.7201670350433734,0.1098134326664638,0.912662777280003,1.4045680783472216,0.28840133630628617,0.4220933271797559,0.9264580345662426,0.873159913520894,-0.017832459599037242,-0.032862137996962706,1.0739346337076094,0.850548042800631,0.35986592442100296,-0.6547033707391334,-0.1070509567753262,-0.16603322464465148,-1.2185897906619931,-0.8505480428006302,-1.07393463370761,0.5494904413305014,1.0914105080121401,0.5365982611369737,0.9379857764062678,0.8883099158017184,-0.49755964466293656,1.5741488238116832,1.0648000580046022,0.139780294854656,0.3898463742377325,-0.5588081172337243,0.22411901897178985,0.13201387092399572,0.05920974801103089,-0.857816301083085,0.12214944469431245,0.6260729825722207,0.038603250264021984,1
1.1871161624492292,-0.46278637473902035,0.27967722576327125,0.3052077222492148,0,1,0,0,1,0,-0.38197130961164594,-0.18614138142123599,-0.24658771551598904,-0.33017265728545425,0.17807456053538515,0.11200867462095708,1.3832449450587516,-0.4548452430086357,0.1666012033935892,1.7933875467921156,1.5659762558478907,0.78585706089087215,-1.6036196217377772,1.0647419092612997,0.044984774112695795,-0.2628167834020881,1.119475764134502,0.8562719551046021,1.4008254564523381,-0.31750632983152677,-0.8595581977569634,0.6693541296042024,-0.4918549475775178,-1.312697871356883,-1.1998629234536284,0.31750632983152677,-1.4008254564523388,1.07868820015905,0.11577027848446049,0.23637715102316323,0.05939174276930372,0.512807750621665,0.41608517572303205,-0.30171300108041293,-0.8730858650989243,-0.17027518936292965,-0.7203933142394032,0.8828473903799233,0.6346637574341392,0.2616765845888761,-0.29617565622181696,0.664896315723324,1.5215080252738291,1.461110804282131,0.22417816752487937,0
0.6474106529472365,0.6194597960623787,0.5693561964423357,-0.13478617003801185,1,0,0,0,1,0,-0.48292280564470574,-0.0640322449661538,-0.1442422641769629,-0.3510040448107806,0.444982979346884,0.2220180776162347,-0.12164375028415066,-0.6975612327687558,0.5614614161479609,0.08974040095284064,0.7942707756957688,1.6712698886304571,-0.15956178483008962,-0.9836524783814274,-1.484657700140673,0.7361487833129742,-1.5489878232149268,-0.6078069929452916,0.4513710056427588,1.8317485291476778,-0.8137053704677879,-0.529872808660028,-0.027778031631525847,-1.657183302202278,-1.6259961371611389,-1.8317485291476778,-0.4513710056427595,-1.0659553487776992,-1.535313186870074,-1.0918738209955157,-0.5995537824584191,-1.1257471519822078,-0.8126095827270634,0.2692014673650073,0.06817301183707392,-1.2864749325462383,-0.9701972441467586,-0.8623145398892288,-1.3906902856467844,-1.1905458084577836,-1.650024815204093,-1.2702176348014877,-0.7010026615289333,0.18071947766026855,-1.3841377820692236,0
-0.2006980048416086,0.7482986259196881,0.27967722576327125,0.3052077222492148,1,0,0,1,0,0,-0.40720918361991093,-0.1593936658167894,0.03486227566633282,-0.41870605426809143,0.46406481272134975,0.20100002094640523,1.1250902531045377,-0.5781737391334772,0.7282123267241173,1.6310799448254685,2.2172872359352955,1.2959507184978314,-1.7139711479493338,0.6133429804499149,0.4967698593680259,-0.40906550455625235,1.0070761637935233,1.1146304063512376,1.8985991410323173,-0.11548529918892325,-0.9516203054096473,1.2912147415839739,-1.4065620278413862,-1.2048842919663572,-1.7943623539008646,0.11548529918892256,-1.898599141032318,0.2152602778598393,0.04072103005925432,-1.073678602200739,-1.0905328012555453,-0.6990401460957827,-0.15100471279239655,0.6769975162545934,-0.1532996650890431,-0.790386157798101,-0.859173275299045,1.33810702436318,0.2788583174334372,-0.5162996974004062,-0.9223308922511192,0.506280418139323,2.2623449208747504,2.40748700222003,-0.1469716669968365,1
-0.7918040390580765,-0.9523739281967958,1.4383931084795292,-1.161438585374874,1,0,0,1,0,0,-0.2810198135785862,-0.29255077176066474,-0.6559695208720935,0.34684743728765344,-0.6772137489839177,-0.49304304185306996,1.0990078678739879,0.44386908661393165,-1.6963682772439979,0.6547696502170007,-0.3897679768658497,-0.7135326376399022,0.05876167345397215,0.1640167323005282,0.18762130301247743,-1.8164868338219624,0.2743818687488091,-0.40221687599429307,-0.5796783524084306,-0.39825548305102343,-1.3643136067320913,-0.4212693486896701,0.4935981769975919,-0.612479191017631,0.11403096494260077,0.39825548305102343,0.5796783524084299,0.10385022336961848,0.11577027848446049,-0.1548200530645294,-1.051771299771562,-0.9038595089212672,0.9516700704320475,-0.38327221085833024,-0.1532996650890431,-0.4183195767369984,-1.3032691506898992,-0.482931511569848,-0.31415074923440073,-0.02358138547386016,-0.2623294272472596,-0.09645999267988113,0.03983423407198747,-0.15329565102369538,-0.2706882785040748,0
-0.04649643069818187,-0.02473435322416849,-0.15484123025532542,2.505177183685348,1,0,0,1,0,0,-0.6848257977108253,0.6657152133725517,-0.3617263482723934,-0.22022922312400942,0.7645816842404989,0.6821793608769692,-1.5151001358045035,-0.4038174088814826,-0.09960609903092806,-1.0512268868120882,-0.2885201871950363,-1.188444135969957,-0.17374703859900448,-0.12024515777694528,-1.1663598615239232,0.8061389714319046,-0.31936344377572357,0.8671637059774668,-1.6101471646499057,-0.023971702672748577,1.986636075617566,-0.6141816381786038,0.9462567967423818,1.1034643805629059,1.2217069530748885,0.023971702672748577,1.6101471646499057,-0.5089050763265954,-1.3852146900196616,-1.655925603633584,-1.077612300760884,-1.1257471519822078,-0.9071245641463012,-2.0144564064166746,-1.814344742034923,-1.2244638357027204,1.7221340004102954,-0.6346847228976005,-0.23204180154193166,0.2746428559553643,0.7192112130148905,-0.6992004034990842,-1.0302635040182315,-1.1553410370755877,0.16231986177126023,0
0.544609603518286,0.15564000857606544,0.5693561964423357,1.478524768348486,1,0,0,1,0,0,-0.5586364276695006,0.12494618050004483,-0.7839013350458762,2.0741166529292996,-0.8665882858874382,-1.5068288816510147,-0.1358527351414748,-0.002622457700075467,0.33941601536304544,-0.05217883171359862,0.27771361041328535,-1.5731411308362886,-0.8176093065572559,0.08408677257082216,-1.3664471369615125,0.4038467901204861,0.2454291187025728,0.5971951809487684,-0.6045440128777345,-1.5459974836040618,0.2729250476250149,-1.3652773394971203,-0.05816598626998341,0.313853548222176,0.22200356475673444,1.5459974836040618,0.6045440128777338,-0.3696425082138195,-1.535313186870074,-1.6923160412231368,-1.2714198081808024,-1.1257471519822078,-1.1906695084040155,-1.3619827281933365,-1.3160312189511594,-1.4725082230767892,0.3065783976019474,-1.2416975682086098,0.22411901897178985,0.15794641365697218,0.27921023634565156,0.1890486229713212,0.7806711296729086,0.06938110143228039,-0.5181215015185524,0
-0.35489957898503444,0.4648532002336079,0.5693561964423357,-0.8681093238500562,1,0,0,1,0,0,0.11016723354952047,-0.44373351213362366,-0.7455217907937414,0.9833620561170708,-1.407021030027518,-1.101225107192816,0.8180806799954434,0.25246804825174957,-0.005974748664720291,0.8061704400874135,0.43411824736338245,-1.4254062294776888,-2.053380814130413,1.0007327738246208,-0.5211498149874204,0.07013570333820933,0.9429970501631234,0.4819532803619752,0.01898787070343759,-1.9629160288591692,-0.13764070349450222,-0.8685967635784102,0.07864729957339411,-0.15402452196478028,-0.09384140925347276,1.9629160288591692,-0.0189878707034383,0.7166055230658329,-0.6347222057676005,-0.5642124759469986,-0.44450777652248397,-0.06751377738387422,-0.6865896075014126,-0.6279498401920818,-0.7069813574043363,-0.4803306735805153,-0.10976148557697851,-0.7864379342253526,0.12376363845877164,0.14498014229048395,0.0761328624983096,0.030432725387320277,2.673920973986373,1.5724491805101195,-0.8274130302866491,0
0.004904094016293398,1.0317440516057692,0.5693561964423357,-1.6014324776621007,1,0,0,1,0,0,-0.5333985536612357,0.08133577462322976,-0.7966945164632545,2.4357726863551052,-1.043884003946766,-1.8198637682229428,0.05351334818610742,-0.11768551415754226,0.07190663543302019,0.1520873683502136,-0.731381787919903,0.5406460308471902,0.5914249762515047,-0.8016196818749003,-0.7687379720662733,0.07522223074012378,-0.3148143637663435,-0.2596623633483241,0.21054164239835904,0.5285640660967139,-0.8753805542449126,-0.6085777632577943,-0.02270769203393742,-0.5176247569325642,0.6973223857931536,-0.5285640660967139,-0.21054164239835974,-0.8988402670423681,-0.9349191994684248,-0.9463120706373036,-0.7675202888890147,-0.8355863879794388,-0.7495995951142377,-0.30171300108041293,-0.4301405112466897,-1.1004416420156866,-1.0257092285706153,-0.9381911455531051,-1.4545528005187045,-1.2424108939237355,-1.3284856399458025,-0.15990635171348128,-1.1125787146405561,-1.0440026608476,-0.9511296417938885,0
-0.6376024649146498,0.6194597960623787,1.7280720791585935,-0.13478617003801185,1,0,0,0,1,0,-0.7353015457273552,1.503035006207401,-0.1442422641769629,-0.3510040448107806,1.269648225209414,1.4272023909181586,1.3948962149957385,-0.21034197455912162,1.2695843817725643,2.050473744782028,2.291637195721038,2.7469184323999856,-1.7343306146733195,1.1146273550795815,-0.8389105719362556,1.5117087442672341,1.561409596815911,1.9086691793627024,2.2754391892299264,1.4897162350650546,-0.8259146225483528,-0.551701233613574,-0.21644288185860383,-1.2217907155146333,-1.115796628244525,-1.4897162350650546,-2.2754391892299273,1.1622457410267157,-0.7097714541928067,0.32735324499704527,1.093031782342202,1.7758604880454831,-0.655084613695,-0.709509049969999,-1.482135726645747,0.2638024885416898,-0.9701972441467586,-0.8623145398892288,-1.3268277707748632,-1.21647835119076,-1.531563013793144,-0.9529858396334858,-0.7010026615289333,-0.04195727479570725,-1.3222794763156045,1
0.15910566815972013,-0.02473435322416849,1.4383931084795292,2.505177183685348,1,0,0,1,0,0,-0.7605394197356201,2.0815997241731474,-0.3617263482723934,-0.22022922312400942,1.2208646399555152,1.7710935734521769,-1.3536424915022498,-0.2796732609612619,-0.6652652290164537,-0.4665670719457778,-0.7108214688895693,0.9600076846239172,0.7128523722179491,0.48204904613219046,-1.4855306499568137,-0.08093564778729981,0.9348312162137625,0.7434393852250405,1.7556215933338128,-0.4318681387001143,2.363930562830311,-1.1043116664927024,0.8281073339604715,1.5572646454525527,1.6499265836608255,0.4318681387001143,-1.7556215933338135,0.27096530510494976,-1.4602639384448675,-0.555114866549611,-0.5091102789957901,-0.135786898325702,-0.30852968182446,-0.30171300108041293,-0.983822203561983,-1.1624527388592034,2.0274499147415077,-1.0899443568808573,-0.2959043164138529,0.15794641365697218,0.7869036709640054,-0.5723076854318833,-1.1125787146405561,-1.378017789531564,0.16231986177126023,1
-0.27779879191332196,-1.1842838219399534,0.5693561964423357,2.505177183685348,1,0,0,1,0,0,-0.7983962307480176,3.6544816961302775,0.022069094248954552,-0.415812806000685,2.052724243301574,3.131900944649859,-0.7416812775647817,-0.5499154037814635,0.510109827077809,-0.7117947293207155,-0.8831699192269897,-0.3858679634067657,0.4189413124754193,-0.19236350206627537,-0.6318794037805155,0.46362886412234555,0.25349159486499495,0.3902579664227701,-0.1984048918790851,-0.3295023237687909,0.8391185262633518,0.12177323423975003,-0.23143492614997668,1.212946684370264,1.5291750957560624,0.32950232376879157,0.1984048918790844,-0.09111737198826762,-0.4846237089171882,0.427426948368315,0.6149732640397371,0.700558833211691,0.038025250046078915,-0.22015379130249568,-0.1532996650890431,0.7598912632898273,0.7321702781848496,0.07349692996524401,-0.10735784393484708,-0.2094312750601892,0.27356919818322456,0.728342674756924,-0.6186874509066087,-0.8213259083916238,0.5747085667953888,0
0.46750881644657266,0.5163887321765315,-0.8790386569529866,-0.13478617003801185,1,0,0,1,0,0,-0.7226826087232228,0.9855248564691955,-0.7327286093763631,0.7953009187356521,0.05805644438679743,0.1433121632781499,0.77128931767760045,0.4626220935297578,-1.0463865524844769,0.6287208781511635,-0.287857369393165,1.3957309490522332,1.689848662354461,0.03682194941476238,-0.17804653158470954,0.09770289548909478,0.1708882865584174,-0.023819388646076953,2.012542933834192,-0.09240503183227083,-1.0357045134990168,-0.8133264486133912,1.5286274589385125,-0.6799114449906319,0.3509736813584505,0.09240503183227083,-2.0125429338341925,-0.17467491285593337,-0.40957446049198204,-0.7916527108817039,-0.625394783447741,-0.5283573437412127,-0.7811045889206503,1.9819448727012692,0.954063719541543,-1.658541513607341,-1.0257092285706153,-0.8623145398892288,-0.44187577897824326,0.36540675552078095,0.05920974801103089,-0.7626467625326843,-0.04248097655033679,-0.09762646290970158,-0.20882997275045564,1
0.15910566815972013,0.33601437037629844,1.4383931084795292,-0.4281154315628296,1,0,0,1,0,0,-0.7605394197356201,2.0815997241731474,-0.6047967952025805,0.23979725139361502,0.7812478189133183,1.415575380845487,0.5935977898458776,-0.5487228607110036,0.5704803561598691,0.6896442960222295,0.6910740566539478,1.5166826195718985,-0.3408592467556566,0.5010823646503555,-1.4045186871017044,-0.06398513511651283,0.5060776152981329,0.7207125823418827,1.4425661784383952,0.6378546273322155,-0.32473658186782617,-0.6538766412815912,-0.8441646481647895,-0.4298470514420341,-0.1947945583339105,-0.6378546273322155,-1.442566178438396,0.29881781872750485,-1.3852146900196616,-0.5187244289600577,-0.4703487775118068,-0.2552648599739003,-0.024984737566746233,-0.46483142063624716,-1.0391903727935126,-0.9764194483286528,-0.7759052986632599,-1.1658209625447336,-2.2391494118023063,-2.2019149750438505,-2.1746413643097253,-0.9847090191502859,-1.1948939252628807,-1.0996718489615938,-1.940862533851798,0
-1.1773079744166424,0.4648532002336079,2.452269505856255,-0.8681093238500562,1,0,0,1,0,0,0.03445361152472564,-0.42047462899932225,-0.7455217907937414,0.9833620561170708,-1.3521328215113277,-1.083337399388706,0.870344193666509,0.024724197440834744,-0.044340568580180977,0.7823190439674841,1.0228635290872503,-1.0373766843424232,-1.8752623751795972,1.2427460751069825,-0.027595841126222022,-0.10704490520762369,1.413676422955466,1.4757087521567596,0.4783555005605047,-1.8892852316622162,0.03150244759648533,-0.06157964475106195,-0.0469547636954093,0.34491478444842355,0.11096968953671545,1.8892852316622162,-0.4783555005605054,1.2298875598243495,0.02999970885565349,0.18569047009485687,0.09999903003823932,0.6737372499845453,0.6096158519624242,-0.4531801049536876,-0.6990716189426893,0.7598912632898273,-0.19302946221276363,-0.3311783002420958,-0.8432973010303187,-0.7367263106307022,-0.5669454880182719,-0.6992004034990842,1.439192814651505,0.514734606344233,-1.4459960878228426,1
-0.38059984134227254,1.5213316050635446,1.7280720791585935,0.5985369837740325,1,0,0,0,1,0,-0.5460174906653681,0.09005785579859277,0.6873145279526244,-0.5367505835782743,1.0816351720537947,0.4840729969464489,1.0902161921201479,0.46092141210139626,-0.38558788154567186,0.7049089163505559,0.11504229755841651,-0.1680517402178229,0.029398393915482605,1.9577294151175273,0.5790341188020461,-0.43276767550915607,1.26538212162059,0.3979962894972199,-0.3305796915292576,0.0986623829151082,0.44016801041562426,-0.052565434173061594,0.09222177341224966,0.3024447820571118,0.23900529186839356,-0.0986623829151082,0.3305796915292576,2.3320513131740337,0.9413120111617277,1.0278691685959374,0.6149732640397371,1.1443341193335734,0.5736101447550955,0.10608304780917345,0.2896456887631914,1.2559800380379649,0.77843026520473,0.35171115073279,1.2550424733328,1.1174504947770867,1.1930584186586881,0.7917890337905242,0.36909507656128593,0.45906541823023866,1.708777505611744,0
1.521219573093319,1.0317440516057692,0.5693561964423357,-1.6014324776621007,0,1,0,1,0,0,0.6906383357396142,-0.5420022933760469,-0.7966945164632545,2.4357726863551052,-2.1088031303668267,-2.299254337373096,1.0594077774407638,0.556010914183709,-0.16710747596275982,0.37516376515437283,-0.4623502449366342,-0.20429010241402742,0.25090686532968115,0.5660559055694161,-0.03904634031201068,-0.13163159254080256,0.49897982916664996,0.34490719755655375,-0.19575715951429745,-0.08447776675232606,-0.9075359121644178,-0.8022581955523607,0.09616446177356115,-0.012042186060371423,0.9378127101420862,0.08447776675232606,0.19575715951429676,0.8280155775560533,0.26586877533487285,0.9550882934168308,0.7312577684916879,0.9224464762726329,0.7626401075935709,0.02452383803125581,0.12354118106860354,1.3800022317249987,-1.053465220782544,-1.0899443568808573,-1.481922449749529,-1.21647835119076,-1.1423313805857394,-0.3819686083310823,-1.1125787146405561,-1.266679413303576,-1.198562864808365,0
1.0329145883058024,-1.1842838219399534,-1.6032360836506476,2.505177183685348,1,0,0,1,0,0,-0.7731583567397526,2.4450197731466066,0.022069094248954552,-0.415812806000685,1.7164594037351424,2.2017401388361293,-1.7227945830221372,-0.8521733395811286,0.4974419079743836,-1.143296838752505,-0.7984231341006023,0.3448379353061927,0.5015260429722578,-1.0491545590305094,-1.0401065216625272,0.5020156890200848,-0.15641646577977433,0.5473231323594787,0.7781220325379118,-0.30141414284251405,1.3472849315901643,0.12767877175325748,-0.17554239934684443,1.3894203798473033,1.5723436888193718,0.30141414284251405,-0.7781220325379125,-1.1495128896453646,-1.2351161931692491,-1.3557044935197728,-0.9354867953196102,-0.9379960693921812,-0.8126095827270634,-0.7910682597479163,-1.149926711256571,-1.4725082230767892,1.2294651386485664,0.10511218232519232,-0.031331040515893936,-0.11758685288089861,0.4357490453529768,0.6490347259649236,-0.8244754774624201,-1.0300853638191014,0.47161139053935697,1
-0.27779879191332196,0.15564000857606544,0.5693561964423357,1.478524768348486,1,0,0,1,0,0,-0.7983962307480176,3.6021492090780995,-0.7839013350458762,1.7384998539101524,0.44498297934688336,1.4267551982230557,-0.4123077358982427,0.5718297316771246,0.19439641867074356,-0.34512621450224606,-0.4340012300214939,-1.080124995393045,0.4592538259170912,-0.046006324101041135,-0.596883380339575,0.13382549306476343,0.28733737946988736,0.22262115052179385,-0.1984048918790851,-1.276386111883534,0.527354966483863,-1.382798919831913,-0.13126470219274458,0.7511620769759861,0.7815690784503876,1.276386111883534,0.1984048918790844,0.02029268250195297,-0.4846237089171882,0.2909628074074919,0.31780175266252825,0.4274663494443799,0.06953024385249205,-0.22015379130249568,-0.1532996650890431,0.5738579727592754,0.27882240539001907,-1.3934507795363622,-0.642586540004281,-0.6070635969658218,-0.29617565622181696,-0.15990635171348128,-0.8656330827735822,-1.378017789531564,-1.0129879475475077,1
-0.27779879191332196,0.2587110724619126,0.27967722576327125,0.3052077222492148,1,0,0,1,0,0,-0.8236341047562825,5.82337254840388,-0.7583149722111197,1.2090354209747733,1.357548890776926,3.5442126095345987,-0.9007283748271347,0.32500866580049914,1.0275920674118317,-0.5221438168053502,-0.06790552917175274,-1.2460893662322226,-0.947152450327285,-0.17003173960411985,-0.3132967543523239,1.1576243512548794,0.3340927974968683,0.4570553923650304,-0.8569681418843186,-0.8495867060811616,1.0825910205673335,-0.7599384044366546,-0.24145194854569485,1.0366633096251259,0.5345061456927167,0.8495867060811616,0.8569681418843179,-0.2582324537235989,-0.40957446049198204,-0.4004555067940112,0.22735824919990022,0.3591932285025509,-1.1276595207911904,-1.5251011477491712,-1.4267675574142176,-0.35630847989348147,0.7506742729928018,-0.8623145398892288,-0.642586540004281,-0.6589286824317738,-0.24540631275998087,-0.4771381468814831,-0.04248097655033679,-0.4316415915936655,-0.76555472453303,1
1.0329145883058024,-0.6173929705677911,-1.6032360836506476,1.7718540298733036,1,0,0,1,0,0,-0.7731583567397526,2.689238046056771,-0.7711081536284979,1.5504387165287337,0.21019201111646588,0.8700002928201261,-1.4718414491739393,-0.23245481400983695,-0.3015720788041222,-0.9189587313527567,-0.40009486234724123,-0.3726709089973191,0.3154365755572572,-0.9227670678590012,-1.1649917912777477,0.8483605144694668,0.24947473938652018,1.1466848986764662,1.687681907547998,-2.182101039645461,1.1246133820978172,-0.84801167476643,1.2647796359153736,1.4888288408763055,1.639657535535033,2.182101039645461,-1.687681907547999,-1.038102835155144,-1.3101654415944555,-1.2465331807511142,-0.6899972859210471,-0.5624939042121272,-0.7811045889206503,-0.6279498401920818,-1.2606630497196296,-1.3484860293897554,0.917210226264372,-0.8623145398892288,-0.3050275328241268,0.36540675552078095,0.9730579303240674,-0.9529858396334858,-0.5363722402842841,-1.32234860141757,-0.5181215015185524,1
0.15910566815972013,0.2587110724619126,1.4383931084795292,0.3052077222492148,1,0,0,1,0,0,-0.7605394197356201,1.7443459187257777,-0.7583149722111197,1.2090354209747733,0.17807456053538515,0.40715585338877514,-0.3515051702592643,-0.4038594768209114,-0.17305361025384863,-0.1251247478231929,0.13798497784252858,0.7351783079526847,-0.2884207765892295,0.4247360552770388,-1.5118239753590927,-0.3091175813176299,0.8179012615500632,0.7125236926014386,1.5275383624814358,-0.5122984218604396,0.9131677577506174,-0.9602022640793824,-0.07406327549104826,0.9800523521354367,0.5162534751987472,0.5122984218604396,-1.5275383624814365,0.27096530510494976,-1.4602639384448675,-0.3913578973966235,-0.4832692780064673,-0.15285517856115927,0.06953024385249205,-0.13859458152457876,-0.762349526635866,-0.728375060954584,0.6396503041450882,-1.0140677512169813,-0.5513543759015367,-0.5033334260339178,-0.11002139686175369,-0.5405845059150832,-0.12479618717266176,-0.3759724034796717,-0.6418381130257917,1
1.0329145883058024,1.2121184134060021,-1.6032360836506476,-0.13478617003801185,1,0,0,1,0,0,-0.7731583567397526,2.689238046056771,-0.8350740607153893,4.666467100525472,-0.6144732347460667,-1.5381323703082075,-1.1175766818782242,-0.013589695071111269,0.1087816571719596,-0.3937238169730687,-0.3273986855192343,0.6613853384906572,0.617836047947799,-0.9364076089982726,-1.2734284823058488,0.902230404184293,0.33470284465421174,1.2510029690989064,1.4159231644047408,-0.5022446364654003,0.6183701314277417,-1.2570404157711565,0.7579463758755802,0.8637810871377288,1.6469952371958267,0.5022446364654003,-1.4159231644047414,-0.9823978079100336,-1.3101654415944555,-0.7461646638947628,-0.21193876761858224,-0.06751377738387422,-0.43454965705011084,-0.709509049969999,-1.2606630497196296,-0.728375060954584,0.5841383197212315,-1.1658209625447336,0.05990112358685037,0.4432043837197094,0.7869036709640054,0.28421816152172197,-1.3595243465075295,-1.6563637301015341,0.5953280020465953,0
0.46750881644657266,-0.6173929705677911,-0.8790386569529866,1.7718540298733036,1,0,0,1,0,0,-0.7226826087232228,0.9215629278498667,-0.7711081536284979,1.5504387165287337,-0.17673452384362007,-0.48946550029224795,-0.9680220900828738,0.523253804967123,-1.061644331187137,-1.1037601006658648,-1.4341883945083258,-0.6958891551811961,1.8989869513002504,-0.15552484230016894,0.013758867986024275,-0.2724868756193149,0.16688341326836229,-0.06464164973761209,1.4653338449762416,-2.402410076128092,1.1906596905976485,-0.7043989366662872,1.1774803345651368,1.656587423239365,1.8014051641287085,2.402410076128092,-1.4653338449762423,-0.3417899945912644,-0.25947596364157,-0.8189455390738695,-0.8192022908676594,-0.71610842633123994,-0.5290646384693491,1.0847935651441794,0.40038202722625016,-1.4104971262332722,0.8894542340524437,-0.7864379342253526,-0.5239847266707137,0.11904759955750843,0.7869036709640054,-0.9847090191502859,-0.5363722402842841,-1.378017789531564,-0.5799798072721716,0
0.15910566815972013,-0.2824120129387873,1.4383931084795292,0.3052077222492148,1,0,0,1,0,0,-0.7605394197356201,1.7443459187257777,-0.8478672421327675,5.797727173081393,-1.1907743066096708,-3.139082218776069,0.4021146944665479,-0.7858503760406416,-0.8622229761705057,-0.08395823140932543,-0.27201909756549164,1.2438555252019143,0.8629945873648387,0.3855349619648574,-1.5729503386874681,-0.08093564778729981,0.9348312162137625,0.8857613311490712,1.64551244740508,0.06447137185505257,-0.17392827983733575,-0.4971428158034712,1.097355172443648,1.0403847857518498,1.2184116896457398,-0.06447137185505188,-1.6455124474050806,0.18740776423728422,-1.535313186870074,-0.555114866549611,-0.5091102789957901,-0.135786898325702,-0.18250970659880966,0.02452383803125581,-0.6516131881728072,-0.790386157798101,-0.44283339212011924,-0.7864379342253526,-1.1991027410310207,-0.5422322401333817,-0.1269445113490324,-1.397110352868688,-1.6064699783745033,-1.7677021063295222,-1.0748462533011267,0
0.2619067175886707,-0.2824120129387873,0.27967722576327125,0.5985369837740325,1,0,0,1,0,0,-0.7353015457273552,1.212298967028634,-0.822280879298011,3.5872854967828696,-0.6569574689866768,-1.8399874395025668,0.5153499142094558,-0.26847467582648665,0.13495388129693808,0.07966826807303799,0.021965982997269262,0.0894626312200232,0.3391910821655549,0.8888923830175571,-1.141695150768486,-0.021177500288355057,0.9321714745942461,0.7440922381879973,0.416552302523086,-0.29111514316954507,0.17156419489555155,-0.7752352209683266,-0.20576782215415382,0.8166985869919263,0.6979043910862404,0.29111514316954507,-0.4165523025230867,0.6330479821981672,-1.1600669447440433,-0.5278220383574467,-0.4574282770171454,-0.08458205761933026,-0.34003467563087314,-0.22015379130249568,-0.4301405112466897,-0.4183195767369984,0.16779843654230542,-0.7105613285614767,0.06902433999712428,-0.0495139282068366,0.27921023634565156,0.31594134103852145,-0.37174181903963527,-0.5429799678216537,0.34789477903211874,0
-0.6119022025574117,1.2121184134060021,1.7280720791585935,-0.13478617003801185,1,0,0,1,0,0,-0.7479204827314877,1.5553674932595791,-0.8350740607153893,4.666467100525472,-0.8359652222306702,-2.410158125758579,0.287279879921784,0.3959403917383382,0.5572265451970065,0.6675983450221024,0.19373100605364785,0.7840430922237804,0.09987804708578539,0.6734639013588495,-0.5641426032469955,1.2059657747384132,1.6214371562430125,1.786923740960096,2.1450319874720183,-1.0580753433055055,0.2734475288557596,-1.1085862890844127,0.45013194623208475,0.7059070342620007,1.492723440529644,1.0580753433055055,-2.145031987472019,0.18740776423728422,-0.8598699510432187,-1.301118837135444,-0.5866332819637576,0.03489590402886805,-1.5057194464681423,-0.8726274695258333,-1.592872065108806,-1.2244638357027204,0.27882240539001907,-1.0140677512169813,0.12376363845877164,0.3394742127878045,0.6176725260912207,0.6014499566897238,-0.7010026615289333,-1.1553410370755877,0.47161139053935697,1
1.0329145883058024,0.4648532002336079,-1.6032360836506476,-0.8681093238500562,1,0,0,1,0,0,-0.7731583567397526,2.689238046056771,-0.7455217907937414,0.9197105942341292,0.3756265585919498,1.3574403304821288,-0.7601225576522667,-1.2415156299352264,1.331393018076463,-0.010427563133454422,1.1578244045609793,0.4073247375020828,-1.7135045829501816,-1.157808977551138,-1.1657901445994885,1.2606509903447605,0.24108620619563795,1.4033842988590823,1.687681907547998,-1.1182800073149486,-0.09990016847189782,0.5361561895815408,-0.5532261890622046,0.2531439202372986,-0.13509681025080028,1.1182800073149486,-1.687681907547999,-1.17736540326792,-1.2351161931692491,-0.8280431484712572,-0.12149526415595328,-0.01630893667750248,-0.5920746260821743,-0.6279498401920818,-1.2606630497196296,-0.790386157798101,-0.4150773999081907,-0.02767187758659086,-1.3268277707748632,-1.3591073362221284,-1.1931007240475748,-0.794369942049485,0.6983559190505837,0.18071947766026855,-1.6934293108373202,1
-0.6119022025574117,-0.2824120129387873,1.7280720791585935,0.3052077222492148,1,0,0,1,0,0,-0.7479204827314877,1.5553674932595791,-0.8478672421327675,5.797727173081393,-1.2922481779456862,-3.2844198446844644,0.5123613974249178,-0.04750371430709364,0.059801502392997384,0.19268614565038605,0.37424156252864904,1.282558646813306,0.18060279380886818,0.5965108911860575,-0.7687379720662733,1.047540202101229,1.4887462191628813,1.9654827047247732,1.90767708056873,-0.14275387761029457,-0.1164243413789851,-0.7049044860656454,0.9709262215863518,1.2159087150143992,1.4323789508673708,0.14275387761029457,-1.9076770805687304,0.24311279148239442,-0.9349191994684248,-0.9463120706373036,-0.3282232720705331,0.2567835470898098,-0.9071245641463012,-0.8726274695258333,-1.5375038958772762,-0.728375060954584,-0.38732140769626244,-0.9381911455531051,-1.1534866589796486,-0.5551985114998699,-0.07617516788719629,-1.206771275767887,-1.6064699783745033,-1.823371294443516,-0.9511296417938885,0
-0.27779879191332196,1.2121184134060021,0.5693561964423357,-0.13478617003801185,1,0,0,1,0,0,-0.7983962307480176,3.6021492090780995,-0.8350740607153893,4.666467100525472,-0.27820839517963436,-0.8360398389968828,-0.2342072316288692,0.27207110430780646,-0.30362658196697445,0.0830412441040959,-0.4829215010997613,-0.7027819442466946,0.3156660080660397,0.07741710767798764,-0.7447185948412681,-0.08027275918776648,0.6112706344479873,0.6880142539499551,-0.16027754582615011,-0.799549433147316,0.4030251186299895,-1.1194688689999597,0.3344013275912405,0.49394213403936155,1.2995336108496078,0.799549433147316,0.16027754582614942,0.04814519612450831,-0.7097714541928067,-0.06384395909064733,-0.09565426316663046,0.15437386567706757,0.2270552128845555,-0.7910682597479163,-0.8177176958673952,0.20179139169817292,0.41760236644966076,-1.0140677512169813,0.1785029369204177,0.3265079414213163,0.5161338391675497,0.728342674756924,-0.7833178721512579,-1.1553410370755877,0.47161139053935697,0
-0.48340089077122306,-0.7719995663965628,-0.8790386569529866,-0.4281154315628296,1,0,0,1,0,0,0.16064298156605036,-0.4361743751149757,1.6851826785081292,-0.6721546024928958,0.596853965221924,0.18400669853250057,0.06868973152604006,0.48152938607800744,-1.4906206427827815,0.5461913532350913,0.5793976379016545,1.9404111960099464,0.5532966766376564,-0.6288928547819044,1.0905515163284651,-0.9311531700773436,-0.5931788816608674,-0.9373347479837558,-0.8698698195890981,3.5092157361558383,-0.7238970742600235,0.43157637460353565,1.1020092189128528,-1.3260553059716367,-1.6683702498313324,-3.509215736155838,0.8698698195890975,-0.5367575899491508,1.1664597564373458,0.34554846379182197,-0.21193876761858224,-0.42594766232847037,0.6051151385615076,0.5138790966987595,1.1201682272361313,0.2638024885416898,-1.0257092285706153,-0.4323471077939307,-2.175286896930385,-1.4412270548765527,-1.75720454029019,-2.6554631403684286,-1.853415610241477,-0.5429799678216537,-1.4872349583252553,0
1.2128164248064663,1.3667250092347738,-0.8790386569529866,-0.8681093238500562,1,0,0,1,0,0,1.2080147529090457,-0.6199195518759565,0.20117363409225028,-0.44879583624911845,-0.4515265956544545,-0.12992257342963318,-0.6008421018170017,-1.3008531372904504,1.0243907698251218,-1.5027879840026812,-0.5476820172162963,-0.37856181544183914,0.5315322029741065,-1.174668107818485,-1.462648986463555,-0.5520821627846781,-1.9794783656197088,-1.764387923657841,-0.30219600057873947,-0.21659885141806862,-0.33822896394509683,0.32021210960322366,-1.955165830642665,0.06735275175369465,-1.01056795157119,0.21659885141806862,0.30219600057873874,-1.17736540326792,-1.4602639384448675,-0.6915790075104341,-0.8450432918569822,-1.4841810369268051,-0.30852968182446,0.8401159358104279,1.1201682272361313,-1.1624527388592034,-0.08200549336504998,0.7310941790521709,1.182056742050605,-0.16621037050522874,-0.1269445113490324,1.6800380602609295,1.7684536571408034,1.795125932966095,0.7809029193074537,0
1.0586148506630406,-1.5192647795689571,-0.8790386569529866,-0.4281154315628296,1,0,0,1,0,0,0.6023057767106869,-0.5292099076521812,0.022069094248954552,-0.3996106157032089,-0.34181563391063907,-0.0981718920773376,-0.20331913476040814,0.01420393450232718,0.559775318138775,-0.33891492004644996,-0.4556798781051208,0.25857034650475275,0.9703192197211417,-0.3913151273748874,-0.5763424816188563,-0.11669169911392888,-0.44519472122815446,-0.4661066304359044,0.3758588387947461,-0.020113106998745453,-0.10827725832662646,-0.5968625918414547,-0.8824955163848058,0.016404727243813103,0.13734375457206727,0.020113106998745453,-0.37585883879474674,-0.5089050763265954,-0.7097714541928067,-0.6733837887156574,-0.625394783447741,-0.7502449868021539,-0.49755964466293656,0.758556726032511,0.6218547041523672,-0.728375060954584,-0.10976148557697851,-0.5588081172337243,0.0051618251252043045,-0.4514683405679659,-0.4146374576327655,0.9186817518577256,-0.12479618717266176,-0.15329565102369538,0.10046155601764112,1
0.2619067175886707,-1.6738713753977288,-0.4445202009343899,-0.4281154315628296,1,0,0,1,0,0,-0.38197130961164594,-0.194863462596599,3.322709899932547,-0.7311768671479872,1.441149886208585,0.4152053219006247,-0.21070671644285913,-1.8462206563739718,-0.10250487260433559,0.5458898512960155,1.4429565987318984,-0.9384684345460702,-2.0491103513766307,0.35297126690026864,0.41638062681742444,-1.0630576540433156,0.9402951198122321,1.0194051096387142,-0.3471945350124867,-0.9356157016516281,0.6456775493371563,2.951116762139884,-0.928142826640517,0.19491857370448593,-0.8806635700860319,0.9356157016516281,0.347194535012486,-0.11896988561082296,-0.18442671521636386,-1.501266243877985,-1.710716824999284,-1.347634795043149,-0.024984737566746233,-1.5251011477491712,-1.592872065108806,-1.1624527388592034,0.6396503041450882,2.8556391376407038,0.15113328768959466,-0.3607044410025493,-0.2623294272472596,-0.0647368131630805,1.8507688677631275,1.4054416161681371,-0.1469716669968365,1
1.3156174742354179,-1.596568077483343,-0.4445202009343899,-0.8681093238500562,0,1,0,1,0,0,-0.4703038686405733,-0.13264595021234282,0.8920054306306766,-0.5778347089754458,1.010797154940929,0.3445488760743895,0.41405752124191064,0.010150190104355156,0.22730128305791444,0.7237978045937723,0.7215007913238274,-0.531014645148121,-1.1089114048539426,-0.210457119827584,0.19075783395142812,-0.5775959795721851,-0.26696070098062513,-0.1432159494184813,-0.9140739284464625,0.1823267508878261,-0.7860433369556296,0.17716555599575626,-0.8911567249043523,-1.2425177997517816,-1.0778088648027988,-0.1823267508878261,0.9140739284464617,-0.48105256270404034,-0.25947596364157,-1.2374355713537264,-1.2972608091701252,-1.3134982345722352,-0.40304466324369825,-0.7910682597479163,-0.4855086804782194,-1.2244638357027204,-0.5631093583718088,0.5793409677244183,1.1901662677486267,0.47489971372667955,-0.08369655210376448,1.5390461512973737,1.8964995403310856,2.2404794378780473,0.9183658209821618,1
-1.1516077120594044,-0.3854830768246345,-0.8790386569529866,0.3052077222492148,1,0,0,1,0,0,-0.25578193957032125,-0.3123208224248209,0.48262362527457214,-0.5043462029833221,0.531988638444155,0.14957286100958847,-0.6621286396396769,0.6415890058767909,-0.6882147624838778,-0.0426857569087301,0.583922595429918,0.5857015821147972,-0.23177196806568576,-1.001478608860275,2.5327605596280938,-0.6564111196313517,-0.8044557563364788,-1.1663388448097731,-0.5252107151899527,1.3197246945691967,-0.07995963449349668,1.6566628828874923,0.28118276446402424,-0.7400188536626013,-1.8978308447520682,-1.3197246945691967,0.525210715189952,-0.9545452942874786,2.2921984828154374,-0.082039177885424,-0.40574627503850064,-0.6819718658603261,-0.024984737566746233,0.4323198869208419,0.7879592118469556,-0.6043528672675491,-0.27629743884854874,1.1104772073715516,-0.8068044353892204,-0.5551985114998699,-0.7869459763528921,-1.9681275841710915,-0.12479618717266176,0.6260729825722207,-1.2604211705619852,1
-1.2544087614883548,0.28447883843337485,0.27967722576327125,0.5985369837740325,1,0,0,1,0,0,-0.23054406556205628,-0.313483766581536,-0.08027635709007157,-0.3729927316430696,0.146471188197887,0.047165733831057655,1.407622821947761,-0.7950974290260051,0.23435623322972848,0.9336813364678147,1.422311613977924,0.4061657009988264,-1.1710756282976549,1.0244875159807305,-0.1524328066996639,0.562821382692266,0.27122961667276924,0.8122112607734594,-0.2548898489945435,0.8067582219688989,-0.9336779444573484,0.938592334371367,0.24520838951317367,-0.992396604459633,-1.05610854520428,-0.8067582219688989,0.25488984899454276,0.9951306592913848,-0.10937746679115769,0.11810822885711679,0.3953247556304958,0.4957394703862077,0.1325402314653172,-0.8726274695258333,-0.8730858650989243,0.139780294854656,-0.9424412519348303,0.6552175733882943,-0.48749186102961545,-0.2958730841701091,-0.6515610604546642,-0.826093121566285,-0.12479618717266176,0.29205785388825667,-0.5799798072721716,1
-0.2263982671988458,-0.7719995663965628,0.5693561964423357,-0.4281154315628296,1,0,0,1,0,0,-0.7983962307480176,3.8347380404211133,1.6851826785081292,-0.6721546024928958,2.7499703026530904,3.468637044062233,0.34676319209651485,-1.4681921895276824,-1.1550196837955107,1.0897123272653224,1.2884012616883753,1.4613848814120993,-0.7337933371509957,0.10331389053319905,-0.8076586032716481,-0.5429914140203413,0.7045239371385654,0.5343982435849933,-0.5609884768922861,2.5495362211746793,-0.37895263765190146,1.2060451976545516,1.0332965959388147,-0.7735371756614631,-1.1532488682074136,-2.5495362211746797,0.5609884768922854,-0.03541234474315745,-0.8598699510432187,-0.4732363819731166,-0.6641562849317252,-0.3747428216220998,0.1325402314653172,-1.1173050988595852,-1.0391903727935126,-0.23228628620644656,-0.7481493064513315,0.19995793940503753,-1.9243984456478382,-1.2359277582404917,-1.4046396551385556,-2.4439752769230942,-1.6476275836856655,-0.8213259083916238,-1.6934293108373202,1
-0.04649643069818187,1.3667250092347738,0.27967722576327125,-0.8681093238500562,1,0,0,1,0,0,-0.29363875058271866,-0.2954581321524524,0.20117363409225028,-0.44879583624911845,0.4216097373989279,0.11961095043770391,0.2740566369951715,-1.1383781486783813,2.1384676682462738,-0.42573538128638655,0.5637987143056173,-0.08905736300094673,-0.9088104671057052,0.1569531130730297,-1.403668203052558,0.9632856964568954,-0.4199675726203411,-0.19244050123629905,-0.20147967785109497,0.07836147009820059,-0.224256723759575,0.15629574283634623,-1.9553477155628505,0.15870837791360903,-0.9208466351362345,-0.07836147009820059,0.20147967785109425,0.1317027369921738,-1.3101654415944555,-0.027453521501095285,0.47284775859846334,0.2738518273252659,-0.7495995951142377,-0.46483142063624716,-0.4301405112466897,-0.23228628620644656,0.05677446769459199,0.5793409677244183,1.2550424733328,-0.11434528503927678,-0.0423289389126401,1.7752075988113303,1.2745623934068555,1.461110804282131,0.9664778365683122,1
0.6988111776617119,0.2587110724619126,0.5693561964423357,-0.4281154315628296,1,0,0,1,0,0,-0.48292280564470574,-0.11055001123475654,-0.4001058925245282,-0.191296740449945,0.15413457110734785,0.06281747815965406,-0.8613011601849232,-1.124097493216616,1.1656057070542694,-2.0408324205649087,-1.2410950542631778,-0.16112360351608682,1.0829954221153706,-0.8375306536573386,-1.3828093801283978,0.8105125659904555,-1.5489878232149268,-0.5518536764236033,0.11065768597424898,-0.3295023237687902,0.3608094688203393,0.15759100594958295,-0.778935086278993,1.2210831265717463,1.0747066489449262,0.3295023237687902,-0.11065768597424969,-0.9545452942874786,-1.4602639384448675,-1.1282642585850677,-0.5995537824584191,-1.1257471519822078,-0.844114576533476,-0.13859458152457876,-0.2086678343205727,-1.2244638357027204,-0.1375174777889068,-0.4070549059059717,-1.582277830262547,-1.657331577651353,-1.1931007240475748,-0.4136917878478824,-1.1948939252628807,-1.4336869776455579,-1.2604211705619852,0
0.3904080293748593,0.6709953280053031,-0.4445202009343899,-0.13478617003801185,1,0,0,0,1,0,-0.6343500496942954,0.44184846320490095,-0.16982862701171944,-0.34232430000856134,0.7894252800663573,0.6043678319290898,0.3164578829718804,0.2649596074682005,0.1370765497831061,0.5729368813017975,1.039664273533386,0.9434566819490788,-0.9048437986444966,-0.35693910372890364,-0.396225684349882,-0.372423421164969,-0.5634661748968814,-0.13230545288540788,-0.11207882534413707,1.3979208031972914,-0.7966917364721589,-0.7605955689390769,-0.5616378575380823,-1.3327241775041143,-1.4807849977300476,-1.3979208031972914,0.11207882534413637,-0.7595776989295921,-0.9349191994684248,-2.038025198323888,-1.865762830935219,-1.9279563230486876,-1.0016395455655394,-0.8726274695258333,-0.9284540343304539,-1.9065859009814097,-0.9424412519348303,-1.0140677512169813,-1.290334905133765,-1.333174793489152,-1.6669479296913718,-0.9212626601166852,-0.37174181903963527,0.3477270420022505,-1.3222794763156045,1
-1.2544087614883548,-1.158516055968491,0.27967722576327125,1.478524768348486,1,0,0,1,0,0,-0.23054406556205628,-0.313483766581536,-0.6943490651242283,0.566734305610543,-0.8711756017160585,-0.6790752030158159,-0.9564690333300292,-1.1953644863186117,0.14075662019079718,-1.0706705963856533,-0.3784420620558513,-1.674944262768366,-0.12808241588354055,1.5947696249714514,-0.600695387831195,0.5257477146691157,0.6551839799133901,1.3029378287253404,-0.7652983266135058,-1.525410642437618,2.9234684925574044,1.0389118187427708,0.33590673515063896,2.0960761209190504,1.7640584087170417,1.525410642437618,0.7652983266135052,1.217950768271826,-0.7097714541928067,-0.5915053041391644,-0.25070026910256554,0.017827623793410803,-0.18250970659880966,-1.7697787770829225,-1.7589765728033937,-0.4183195767369984,3.6095414708214255,1.6416134470186852,1.473999667179387,1.454573550305776,2.394599547255459,0.8235122133073248,-0.37174181903963527,-0.9883334727336057,1.5850608941045057,1
-0.2263982671988458,-0.05050211919562982,0.5693561964423357,0.3052077222492148,1,0,0,1,0,0,-0.7983962307480176,3.8347380404211133,-0.31055362260288033,-0.29140313050220795,1.7414207698730537,3.174384250684621,-0.359089499780494,0.4265137092244282,-1.059239463009155,0.3216799786209861,0.11359343216696219,0.20320497408031565,0.1119442142033995,-0.04385740443539741,-0.6938909293959061,-0.3455115610498543,0.44751717523213763,0.3427179207944318,0.05260013630273529,0.22497917377587734,0.4555008888965903,-1.2805281516621314,1.1008100328183978,0.009181472351105079,0.18692031986004617,-0.22497917377587734,-0.052600136302735995,-0.03541234474315745,-0.6347222057676005,0.05442496307539909,-0.1344157646506147,0.0519641842643253,0.3530751881102058,-0.46483142063624716,-0.5408768497097485,0.139780294854656,0.3343343898138759,-1.2416975682086098,-0.2594114507727547,0.3265079414213163,0.31305646532020776,-0.9847090191502859,-0.8656330827735822,-0.8769950965056176,-0.332546584257695,1
0.2619067175886707,-1.2615871198543382,-0.4445202009343899,0.3052077222492148,1,0,0,1,0,0,-0.38197130961164594,-0.194863462596599,-0.24658771551598904,-0.3093412697601279,0.17807456053538515,0.0892018471707166,-0.7729278521104438,0.17364693238879772,-0.7570959819292654,0.19480185858520574,-0.3238403653520391,0.47664270390086405,0.8193293286794048,0.6995316204498285,-0.1453315645382396,-0.922680616214049,1.247639697226122,1.0701801249355614,0.6006469349749696,0.05436948222367098,1.7737387463334755,-0.38392583523490903,0.10777053384712731,0.9739734234184643,1.465830933691675,-0.05436948222367098,-0.6006469349749702,0.02029268250195297,-0.7097714541928067,-1.8560730103761243,-1.9303653334085251,-1.4841810369268051,-0.5605696322757617,-0.9541866793037505,-1.2606630497196296,-1.534519319920306,1.055990187324014,-0.7105613285614767,-1.244718823082393,-1.0090180093269512,-0.6177148314801074,-0.3819686083310823,-1.853415610241477,-2.046048046899492,-1.198562864808365,0
0.33900750466038404,0.7482986259196881,-0.8790386569529866,-0.8681093238500562,1,0,0,1,0,0,7.542721128983546,-0.7984314799317195,0.4954168066919504,-0.5055035022902847,-1.2191352472243353,-0.2233858467061089,-0.3301698565499459,-0.9298964886295804,0.7313500740647758,-0.007740257489299154,0.4283216695267263,-0.29740056419294947,-0.970962165573857,-1.238952956425524,-0.9096421850198221,0.48786035707920516,-1.485235058697376,-1.4020272686658621,-0.8856385367838302,0.47274661909186166,-0.7788379731648347,0.3650525414464493,-0.5095274418279356,-1.462277071592384,-1.9256458932384442,-0.47274661909186166,0.8856385367838302,-1.2052179168904753,-0.9349191994684248,-0.4095531161914002,-0.10857476366129187,-0.6819718658603261,-0.9071245641463012,0.10608304780917345,0.6218547041523672,-0.728375060954584,-0.9424412519348303,-0.17942508891434333,-1.3815670692365094,-1.385039878955104,-1.751563502127764,-1.3019408143182878,0.6983559190505837,1.0714264874841732,-1.6315710050837011,1
-0.1749977424843705,-0.46278637473902035,0.27967722576327125,-0.4281154315628296,1,0,0,1,0,0,0.3499270366280375,-0.48618097385372366,0.16279408984011548,-0.4354868942190488,-0.11745911415529663,-0.03735368554336297,0.4566702477726196,0.3763592959748092,-0.06315646172715313,0.24452617926242917,0.3292201753915464,0.4962949423612957,-0.0905562766981031,-0.4670061148465915,1.1349785908025654,-0.03704032215074661,-0.8062840813845574,-1.3439491549941134,-0.42289300415337133,1.0963072413460702,-1.1016381035037486,0.6204316917461415,0.049115047328561534,-1.129836585881441,-1.7401071232585477,-1.0963072413460702,0.4228930041533706,-0.11896988561082296,1.841902992264201,1.701092264002664,1.4160442947087326,0.9565830367435462,0.3845801819166189,1.5741488238116832,2.0614271041721297,1.069946747507413,-1.1367331974183288,0.19995793940503753,-0.9254062487227878,-0.7626588533636787,-1.1084851516111824,-1.4605567119022886,0.12214944469431245,0.793080546914203,-1.0129879475475077,0
-0.2006980048416086,0.7225308599482267,0.27967722576327125,-0.8681093238500562,1,0,0,1,0,0,0.7158762097478791,-0.5483984862379798,-0.10586271992482811,-0.37125678268262574,-0.4949012569794842,-0.1348416930757635,0.34345621371375856,-0.8230447415741697,-0.025226021113529815,0.5134478649068696,0.45516308852493653,-0.07616248612176144,-0.5845726464442155,0.003747810693128834,-0.4965695267337236,-0.31748634495249095,0.057149885120896124,-0.20121409945083296,-0.4194329849395745,0.312111980532898,-0.47383945753476386,0.6322022864159004,-0.28455834247196254,-0.6369660927952459,-0.7881807121009189,-0.31211198053289735,0.41943298493957376,0.04814519612450831,-0.40957446049198204,0.20908432283099887,0.007709740790658993,0.03489590402886805,0.19555021907814235,-0.22015379130249568,-0.04256332662598434,-0.046252995675895824,-0.6648813298155464,0.12408133374116129,-1.1352402261590995,-1.0868156375258795,-1.2269469530221315,-0.857816301083085,-0.12479618717266176,0.013711913318286572,-1.2604211705619852,1
-0.4063001036995106,0.10410447663314094,-0.4445202009343899,1.0385308760612593,0,1,0,1,0,0,0.5644489656982895,-0.5210692985551757,0.4570372624398156,-0.49913835610199053,-0.06053990629019217,-0.014994050788225242,-0.49763298519310706,-0.1971733621687694,0.7780210486074152,-0.6318394971503816,-0.45058780083895283,-0.09075971513910017,0.5277875576713317,-1.0194321912816826,-0.5945064986223036,0.7259180396605334,-1.134566413955879,-0.6139645262523029,0.594470599903532,-0.7133741297612541,-0.32663385428452646,-0.32493693200362517,-0.33410321471577864,-0.27144223692045477,-0.01363065232376821,0.7133741297612541,-0.5944705999035328,-1.084523691192736,-0.8098371187597482,-1.0099953364190213,-0.5306444464868918,-0.9152383624115719,-1.033144539371952,0.4595062901801475,0.1973654067106424,-1.1004416420156866,-0.3318094232724056,-0.3311783002420958,-0.08607033897753999,-0.24400799870415715,-0.33002188519637315,0.41111087958892223,0.28677986593896093,-0.04195727479570725,-0.3944048900113141,0
0.5703098658755232,0.3102466044048362,1.0038746524609323,-1.6014324776621007,1,0,0,1,0,0,0.8294466427850714,-0.5687500089804935,0.5337963509440852,-0.5141832470925041,-0.1373297978372336,-0.0400368417139795,0.49353479418155827,0.04812795588126786,-0.9568012362105146,0.7585842604078528,-0.25724983002938123,-0.6424982890590767,0.14066686600068787,-0.7045175585330653,-0.7710477394221108,-0.1355277314843421,0.29502441499302284,-0.3460956289529364,-0.2859102762628674,-0.5927287050207662,-1.390217788687485,-0.8384758288368253,1.1717870430337607,-0.7322572363265796,-0.0034576415274388803,0.5927287050207662,0.28591027626286675,-0.8709877534198129,-1.009968447893631,-1.264728399545891,-1.1292943027395286,-0.972132629863095,-1.2536794960168407,-0.5463906304141645,-0.4855086804782194,-1.5965304167638241,-1.3032691506898992,-0.7864379342253526,-0.0039613912850709025,0.5987996401175653,0.24536400737109418,-0.4771381468814831,0.28677986593896093,0.013711913318286572,-0.332546584257695,0
-0.7404035143436003,0.6709953280053031,1.4383931084795292,-1.8947617391869185,1,0,0,1,0,0,-0.24316300256618875,-0.31290229450317847,0.35469181110078946,-0.48177886649755186,0.4519489401968379,0.13168515320547827,1.4654377001204484,-0.753524180521699,-3.0170440599015174,1.287202925882309,0.8259176079168589,-0.3185104406416288,-1.4126714332509172,0.1797674884029373,-0.04831083193017239,-1.984214356925479,-0.20783117512470722,-0.62944670289581806,-0.7046860443852642,0.2644887865563884,-1.8581052384498984,0.9858388547024106,2.1304562296526672,-1.9450099450796792,-1.6882655339216035,-0.2644887865563884,0.7046860443852634,-0.14682239923337803,-0.40957446049198204,-1.1282642585850677,-1.8270013294512357,-1.7914100811650315,0.3215701943037938,-0.709509049969999,-0.4855086804782194,-1.3484860293897554,-1.7473650260807534,0.6552175733882943,-0.5787240251323598,0.5210020119186368,-0.3469449996836519,-2.1584666612718926,1.1099319721622063,1.4054416161681371,-0.8892713360402683,1
-0.9974061379159777,0.4648532002336079,-0.15484123025532542,-1.161438585374874,1,0,0,1,0,0,0.1858808555743153,-0.4466408725254113,-0.09306953850744984,-0.37183543233610705,-0.20885197442470146,-0.056135778737678665,0.8729940006081834,-0.32170481134370615,0.49875033266727614,0.7106504367879513,0.5818423340918348,0.9263872750651737,1.0659486663313351,-0.16137818165003465,-0.9610125175728869,-0.5854535320060522,-0.5869501811695583,-0.6228512956456799,0.6109019818860374,0.6575966059261134,-1.3751665865195182,-0.5211712939364744,-1.2701327517339098,-1.5420526450513152,-1.3645165926391347,-0.6575966059261134,-0.6109019818860381,-0.20252742647848845,-0.9349191994684248,-0.19121049065408274,-0.4574282770171454,-0.6478353053894121,0.19555021907814235,2.2266225020350205,2.0060589349406004,-0.23228628620644656,-1.3310251429018278,-0.6346847228976005,-0.5513543759015367,-1.0738493661593913,-1.5146398993058652,0.37938770007212164,0.03983423407198747,0.4033962301162448,-0.6418381130257917,0
-0.9974061379159777,0.6967630939767645,0.27967722576327125,0.3052077222492148,1,0,0,1,0,0,0.3246891626197725,-0.483273613461936,6.188382537425278,-0.7809407373473781,1.1669807412935063,0.2318563169084953,1.335531720430465,1.6589176474418272,-1.9820465033662076,1.2786461912042397,0.5833379536705678,1.210606503159617,0.22302827703787523,0.7451703738218777,1.7430853903613173,-2.0784662204026114,0.06148171876939539,-0.24009464204225378,0.773109214277421,0.8843625762614299,-1.1125239102571882,-0.5307318537447439,0.6208658640660538,-1.666404293049609,-0.9927735966348822,-0.8843625762614299,-0.7731092142774217,1.357213336384602,2.667444724941468,1.9467277177321458,0.29196075167320634,0.3079883877961804,3.4090595873322376,2.2266225020350205,1.8953225964775422,1.4420133285685155,-1.1644891896302574,-0.7864379342253526,-1.0987473605180025,-0.6589286824317738,-1.2100238385348534,-0.9847090191502859,-0.20711139779498602,0.23638866577426285,-0.8274130302866491,0
0.6988111776617119,0.4648532002336079,0.27967722576327125,-1.161438585374874,1,0,0,1,0,0,6.1167812475165775,-0.7873835104429264,-0.09306953850744984,-0.37183543233610705,-1.47095732508002,-0.31819069806789285,0.29600807194483003,-0.22980397423967666,1.463732747766507,0.290973572469636,0.5790935621252709,0.44109878386066603,-0.03540586399300736,-0.9511274966317712,-0.7001984049136619,0.7700727012801483,-1.1843913066576937,-0.5431431644986926,-0.4481121582821066,1.046038314370867,-1.3619618175157195,-0.38603022442078744,-1.2271229022757797,-1.5675086697480083,-1.2831235783227022,-1.046038314370867,0.4481121582821059,-1.0102503215325889,-0.8598699510432187,-0.8644335860608106,-0.37990527404917784,-0.801449827508525,-0.8756195703398886,-0.13859458152457876,0.06817301183707392,-0.6663639641110671,-1.3310251429018278,-0.5588081172337243,-0.6973258384659271,-1.164613265724808,-1.5992554717422576,0.31594134103852145,-0.37174181903963527,0.1250502895462747,-0.6418381130257917,0
0.18480593051695732,-0.46278637473902035,1.4383931084795292,-0.4281154315628296,1,0,0,1,0,0,-0.7605394197356201,1.9042507402740996,0.16279408984011548,-0.4354868942190488,1.6938137303433574,1.8010554840240613,1.074333039546598,-1.3267386922852369,-0.5199968644612112,1.2714658853627965,1.2728885597423227,1.741334353969591,-0.8678118925233667,0.19827896401134912,-1.5701824329756793,-0.18415562325287693,0.6916568099942548,0.3981490705096099,1.2405949430219954,1.1445654112422656,-1.2957682390650453,0.24801620010227593,0.5257944922480157,-1.0318333299074902,-1.2661023946863623,-1.1445654112422656,-1.2405949430219962,0.02029268250195297,-1.535313186870074,-0.5733100853443877,-0.5737127814690962,-0.2894014204448148,-0.37153966943728567,0.10608304780917345,-0.4301405112466897,-0.8523972546416179,-1.3310251429018278,-0.2553016945782196,-1.3450742035954124,-0.9182541097615345,-1.2100238385348534,-1.7143421480366898,-0.28942660841731066,0.29205785388825667,-1.3222794763156045,0
-0.7404035143436003,-0.5916252045963298,1.4383931084795292,1.7718540298733036,1,0,0,1,0,0,-0.24316300256618875,-0.31290229450317847,-0.6687627022894718,0.468363864518724,-0.763116606773838,-0.6026052521532449,0.42736084410028174,0.3934922083614666,-0.6423352617669258,0.2305570529454819,-0.08742748760141789,0.650184161175473,0.21711398222063846,0.5207479301219909,0.17037562788326305,-1.8506387741719212,0.16885142406848958,-0.6189322855405262,-0.11623388745465664,1.002053003267564,-0.07393046084566432,-0.36940184107245155,-0.9816196719257416,-0.14403752250393526,-0.4906068957083689,-1.002053003267564,0.11623388745465593,0.10385022336961848,-0.25947596364157,-1.1919475243667854,-1.8140808289565742,-1.6719321195168326,-0.024984737566746233,-0.6279498401920818,-0.6516131881728072,-1.534519319920306,-0.19302946221276363,-0.482931511569848,-0.47836864461934153,-0.8793552956620708,-0.8715615487892844,0.12560226393772106,-0.7010026615289333,-0.32030321536567735,-0.332546584257695,1
0.5189093411610479,-0.7977673323680251,-0.8790386569529866,-0.7214446930876474,1,0,0,1,0,0,-0.7226826087232228,0.9215629278498667,0.23955317834438508,-0.4730991216953325,1.4745123510615579,1.074367354482085,-0.5210515681681791,0.5401316382152049,-0.44754914178965866,-0.876382052763386,-1.9400331818393177,-0.7320423192374262,1.579834231846547,-0.05523195335422435,0.7596372839699935,-0.37334890803768794,0.11858630144142263,-0.8851668343008725,-0.6280087910670794,-0.375566940487886,0.6693477723260857,0.01964033082311718,0.23663502286502056,1.3015237603890122,1.6579450214380886,0.375566940487886,0.6280087910670786,-0.3974950218363748,0.11577027848446049,-1.3920949311093263,-1.3360223106541085,-1.2281568333949502,-1.4742144526617298,-0.22015379130249568,0.06817301183707392,-1.534519319920306,0.038270472886639546,-0.5588081172337243,-1.734331437100454,-1.3763956980441125,-0.8828436251141366,-0.9106882669444185,-1.30464753942598,-1.5635817499115439,-1.3841377820692236,1
0.5189093411610479,-0.46278637473902035,-0.8790386569529866,-0.4281154315628296,1,0,0,1,0,0,-0.7226826087232228,0.9215629278498667,0.16279408984011548,-0.4354868942190488,1.4269053115318553,1.045299829300406,0.9908518037122434,0.04832317304458942,-0.8820658595913801,0.9650458170208017,0.7690115333812282,0.4971078978167478,-0.36693664281461735,-0.03770341392275239,0.2792781753786242,-0.3428769945510388,0.23911703867703232,-0.3894391610421752,-0.5532824974487066,1.2267347275520042,-1.415476360014984,0.21344967373515603,0.8612552668501355,-1.066610276859874,-1.3799641990528642,-1.2267347275520042,0.553282497448706,-0.3417899945912644,-0.18442671521636386,-1.21924035255895,-1.1809763047181743,-1.040405750804923,-1.0646495331783645,-0.46483142063624716,-0.26403600355210183,-1.1624527388592034,-1.3865371273256843,-0.1035484832504671,-0.8432973010303187,-0.32180562690308556,-0.7023304039164997,-1.7460653275534903,-0.37174181903963527,0.23638866577426285,-1.0129879475475077,1
1.0843151130202777,0.38754990231922204,-1.6032360836506476,1.478524768348486,1,0,0,1,0,0,-0.7731583567397526,2.9654372832765996,1.2758008731520245,-0.6241266812539489,2.2983022282346495,2.7629669711900866,-1.7256199131341639,-1.2424367677181045,1.1053174264156458,-0.036007413129128626,0.9974189529851785,1.5678385518427862,-0.5014116737718692,-0.9670150200104722,-1.2251095798485432,1.007819243002187,0.19665895287190624,1.1463731992767214,1.2643654038056176,0.8843625762614299,1.4332864814552526,0.4779955720690399,-0.4982448047632396,0.24364734341256739,-0.1774831827811285,-0.8843625762614299,-1.2643654038056185,-0.9823978079100336,-1.2351161931692491,-0.5460172571522233,0.020630241285320403,0.10316902497069583,-0.37153966943728567,-0.46483142063624716,-0.983822203561983,-0.5423417704240322,1.4723300705029398,0.5793409677244183,0.3518440487156324,0.028283699992091807,0.12690220596014448,0.3476645205553221,-0.20711139779498602,0.23638866577426285,0.7190446135538346,1
2.1637261320242622,0.026801178718756015,-0.4445202009343899,-0.8681093238500562,1,0,0,1,0,0,0.31207022561564,-0.4815291972268634,0.39307135535292426,-0.4846721147649583,0.037483608885764484,0.004235235101193206,0.2490058135760922,0.7742883654650943,-0.6441423505930599,0.43032185523676203,-0.029147126511616106,0.024122452861017597,-0.07947519922661081,-1.0895815343210595,1.8380364049326956,-2.1356294474007114,-1.1250604404090983,-1.9386045077554113,-1.165784895456201,1.1891114142233685,-1.4349456761971313,0.7785694400532656,-1.2655374631617657,-1.6969277384125194,-1.8547772910984617,-1.1891114142233685,1.1657848954562,-0.9823978079100336,1.9169522406894068,0.391036510778763,-0.8321227913623208,-1.176951992688579,1.0776900456576979,0.5138790966987595,1.3416409041622488,0.139780294854656,-1.3310251429018278,0.8069707847160468,0.19674936974096682,-0.5033334260339178,-1.0915620371239039,0.6014499566897238,0.36909507656128593,1.1827648637121608,-0.2706882785040748,0
1.1614159000919912,-0.41125084279609675,-0.4445202009343899,0.3052077222492148,1,0,0,0,1,0,-0.028641073495936725,-0.38442336014115513,-0.2210013526812325,-0.33017265728545425,-0.1738023267573339,-0.040484034409082256,-0.42545397921909467,0.03829882211545304,-0.07689514222461799,-0.5506212408236166,-0.8309931234486105,-2.086509349145988,-0.34572273403542003,-1.4887799743498737,0.3264881052117214,-0.3922383324142537,-1.7517281531258257,-1.717298638384574,-1.802476807963261,-1.0580753433055055,-0.8959672938087087,0.274502281314011,-0.28904346133218434,-0.9931298775015791,-0.596276116150744,1.0580753433055055,1.8024768079632603,-1.4837430531160272,-0.18442671521636386,-1.3193140559302208,-1.2843403086754637,-1.7743418009295742,-0.9701345517591269,-0.7910682597479163,0.012804842605544792,-1.2864749325462383,-0.6926373220274746,0.6552175733882943,1.1090710107684099,0.7673611678819103,0.27921023634565156,1.2359135470257274,2.097714499630101,1.5724491805101195,0.5334696962929761,1
0.10770514344524394,0.23294330649045036,-0.8790386569529866,1.478524768348486,1,0,0,1,0,0,-0.3062576875868511,-0.28499163474201683,0.07324181991846762,-0.41754875496112887,0.35258893689596604,0.10351201341400473,-1.2272179640017908,1.3297686195324037,-0.202188684999326,-1.184065656021716,-0.9235442298582279,-1.0691205955038896,0.5829209370804603,-1.421869470026925,1.5061084282806227,-0.5632784162694706,-2.2434144820998845,-2.1866741591417944,-1.1820904200447964,-0.28577009270635834,0.285761231668095,-0.3163628016613718,-0.2896417802323172,-0.6249350861686097,-0.9342089845256871,0.28577009270635834,1.1820904200447957,-1.3166279713806959,1.5417059985633763,0.2909628074074919,-0.05689276168264715,-0.9379960693921812,0.19555021907814235,0.758556726032511,1.6738499195514247,-0.10826409251941274,0.22331042096616224,-0.3311783002420958,-0.11343998820836432,-0.24400799870415715,-0.4654068010946016,-0.28679906978068154,0.6160407084282594,0.514734606344233,-0.76555472453303,0
1.2899172118781799,1.0317440516057692,-1.168717627632051,-0.4281154315628296,1,0,0,1,0,0,-0.016022136491804253,-0.38616777637622773,-0.5408308881156891,-0.03795458227740351,-0.6402913343138573,-0.2676579235212816,0.4477758940095051,0.7054831651100705,-0.6529922558863687,-0.2967818257403093,-0.4568834007035291,-0.37591863119320823,-0.07773176968165325,0.3832817148636736,-0.03681292893013234,-1.1051793531690814,-0.3920215650537136,-0.598651027019685,-0.46991781074089073,-0.04664941409013511,-0.23967270727295842,-1.0051761683379241,-0.21793637767768986,0.012211226486656308,0.009504587303131374,0.04664941409013511,0.46991781074089,0.2152602778598393,-0.18442671521636386,-0.45504116317834126,-0.9225662948249498,-1.0062691903340089,0.3215701943037938,-0.38327221085833024,-0.2086678343205727,-0.6043528672675491,-0.6371253376036178,-1.317574173872486,-1.8559743225707799,-1.657331577651353,-1.5484861282804228,-1.175048096251087,-0.6186874509066087,-0.7099875321636356,-1.7552876165909395,0
1.2899172118781799,1.2636539453489257,-1.168717627632051,1.7718540298733036,1,0,0,1,0,0,-0.2810198135785862,-0.3024357970927428,-0.06748317567269331,-0.3747286806035135,0.21445271956679232,0.05700397312331826,-0.34500779258607883,1.4083017912712263,0.8010385471353346,0.15549013809145595,0.16590938159685933,1.5204633032541628,0.5139854523044448,-1.2379772237488738,0.9785765762640201,2.1710748355738296,-0.7501000559641516,-0.369885514341994,0.9068055190224368,1.1743719279428564,-0.7572305213173791,-0.9526218732279939,1.0866743032085602,-0.9538435205314351,-0.5768115340291751,-1.1743719279428564,-0.9068055190224374,-1.2052179168904753,0.7161642658861095,-0.4186507255887879,0.705416767502365,0.3421249482670949,-1.8837793721450944,0.9216751455883455,0.5111183656893089,-0.9764194483286528,-0.6926373220274746,-0.8623145398892288,0.14201007127932075,0.6895635396829819,0.22844089288381547,-0.6992004034990842,0.12214944469431245,0.848749735028197,0.7190446135538346,1
0.18480593051695732,0.23294330649045036,-0.4445202009343899,-0.13478617003801185,1,0,0,1,0,0,0.22373766658671274,-0.45478148162241677,0.03486227566633282,-0.40308251362409664,-0.1313180925167232,-0.03824807093356848,-0.1555246044361369,-1.1787620462607324,1.4722006536339425,0.2419225349705354,0.48353453588495743,-0.04718974590651355,-0.2969141199253734,-0.6052099606073086,-1.420248246744516,1.3154486080268801,-0.6860448749571497,-0.48799481613575085,-0.6280087910670794,0.5584902876836534,-0.3884579133102852,0.1951143858360749,-0.6906486228445663,-1.007092091565384,-1.1050505356934177,-0.5584902876836534,0.6280087910670786,-0.6481676444393714,-1.3852146900196616,-0.4277483349861756,0.279040251178545,-0.01630893667750248,-1.348194477436079,-0.22015379130249568,0.06817301183707392,-0.728375060954584,-0.3595654154843339,0.19995793940503753,0.05990112358685037,-0.30883935553659736,-0.6684841749419423,0.28421816152172197,0.36909507656128593,0.7374113588002092,-0.20882997275045564,1
-0.1749977424843705,-0.2824120129387873,0.27967722576327125,1.478524768348486,1,0,0,1,0,0,-0.43244705762817587,-0.1593936658167894,1.096696333308729,-0.5980874468472909,1.0187076206908197,0.33962975642825916,-0.4085943203418685,-0.013790280790199193,-0.6845126303296455,0.25366012035869756,0.33129727929482083,-0.08988833571647446,0.07277291681156739,0.7215469586955735,0.5678127384313834,0.01343731970591998,1.341609418596347,1.6142583698535005,2.0357238066612937,-2.141603054997918,1.2891215681240809,0.5877499296631451,0.9492549073837623,0.9876384761274023,1.1453064195771352,2.141603054997918,-2.0357238066612946,0.38237535959517033,0.19081952690966666,-0.8371407578686448,-0.7029177864157086,-0.18699173903207253,-0.11949971898598452,0.10608304780917345,-0.7069813574043363,-0.4183195767369984,1.916425945893794,1.2622304186993043,1.7841890251287182,2.115853389996665,2.5130613486664073,0.6014499566897238,0.8629863402952329,-0.09762646290970158,1.275769365336409,0
0.3647077670176212,0.6967630939767645,-0.4445202009343899,-1.161438585374874,1,0,0,1,0,0,0.07231042253712305,-0.41291549198067434,-0.6047967952025805,0.21375801698695704,-0.8545094670432389,-0.48275760986570665,0.49096319912043956,1.2956821028189849,-0.8055424968270267,-5.061802241723701e-4,-0.8775705639261527,-1.0780309873078948,0.6422852826573668,0.28609620858033113,0.636383612869071,-0.8412688714519247,-0.26788701209064,-0.9450164277828089,-0.4125770209418648,-1.0611168246014868,-0.3968323191017093,-1.14084921525383,0.2558094948474236,-0.26494835869944144,0.21826010376217228,1.0611168246014868,0.4125770209418641,0.29881781872750485,0.641115017460903,0.13630344765189217,-0.3282232720705331,-0.40887938209301433,0.1325402314653172,0.35076067714292497,0.6218547041523672,-0.5423417704240322,0.0012624832707351544,-0.7105613285614767,1.9210372712828345,1.791696605834465,1.548443822891536,1.5848685217105287,1.3568776040291806,0.848749735028197,1.4613442825972665,0
0.08200488108800677,1.7274737328352407,1.0038746524609323,-1.6014324776621007,1,0,0,1,0,0,-0.356733435603381,-0.203585543771962,0.09882818275322415,-0.423913901149423,0.4362639491320695,0.17103811037452069,1.3209217058673248,-1.8790173951179416,0.6167480585658052,0.7841450451822092,0.84208686486484,0.09467272433540057,-1.1692197827065063,0.681887210673312,-0.7629888431002855,0.10089743693965335,-0.27664008954316494,-1.1630167541539504,-0.871666255725209,0.9936302841201231,-1.1554401203352345,1.8146648703715385,-0.7417230636290937,-1.3336409445152704,-2.2302136639287276,-0.9936302841201231,0.8716662557252083,0.6330479821981672,-0.7097714541928067,0.00893691608845806,0.05939174276930372,-0.05044549714841698,-1.0016395455655394,0.02452383803125581,0.5111183656893089,-0.10826409251941274,-1.1644891896302574,1.2622304186993043,-0.7703115697481222,-0.996051737960463,-1.3792549834076382,-1.0798785577006862,0.6160407084282594,1.3497724280541432,-1.0129879475475077,1
-0.35489957898503444,0.7740663918911503,-0.15484123025532542,0.3052077222492148,1,0,0,1,0,0,-0.19268725454965888,-0.3361611776374798,0.11162136417060241,-0.4244925508029043,0.25129185545156096,0.06952536858619539,0.04316380347596908,-1.368049705870647,0.6438994856168336,0.11094716984720392,0.4262845228239611,-0.9176101880509202,-1.4727565749130096,-0.8150439573253254,-0.11674665491469671,-0.6241893523323793,-1.4987914465443866,-1.7416134156642047,-1.3500596596423822,0.08746187929198715,-0.874402638246265,1.7607369187439499,-1.5074822701010502,-1.6360584109819172,-2.254537280217094,-0.08746187929198715,1.3500596596423813,-0.9823978079100336,-0.5596729573423944,-1.4375829780962672,-1.4781478160953823,-1.8596832021068592,-1.0646495331783645,-0.46483142063624716,0.17890935030013266,-1.2864749325462383,-0.8036612908751883,1.717490052682561,0.14201007127932075,-0.671894953798262,-1.2100238385348534,0.31594134103852145,2.2623449208747504,2.5744945665620116,-0.3944048900113141,1
-0.2263982671988458,-0.07626988516709207,-1.168717627632051,-0.4281154315628296,1,0,0,1,0,0,-0.2684008765744537,-0.3053431574845305,-0.15703544559434116,-0.35794784065255614,0.12079695862464888,0.0417994214898246,-0.5916913049125678,1.4066444304897257,0.26013575754334306,-0.3724310128476012,-0.13508390351563254,-0.21050177079818386,-0.32630475405979664,-0.6687768588709306,0.7781650564882487,0.01378278761028522,-0.9174789639039647,-0.6773764792274247,-0.01835909107355938,-0.26889098598050765,0.1545272054178257,-1.151114954536642,-0.34176392281984647,-0.4066261641832184,-0.4857106008969055,0.26889098598050765,0.01835909107355796,-0.3974950218363748,1.3165582532877582,1.4190663726836301,1.2093162867941527,0.7176271134471482,1.0146800580448727,1.0032343553662626,1.1201682272361313,1.069946747507413,0.3343343898138759,-0.9381911455531051,0.7532655707677065,0.4432043837197094,0.24536400737109418,0.664896315723324,1.439192814651505,1.4054416161681371,0.7190446135538346,0
1.0843151130202777,0.026801178718756015,-1.6032360836506476,-0.8681093238500562,1,0,0,1,0,0,-0.7731583567397526,2.9654372832765996,0.39307135535292426,-0.4846721147649583,1.9474231684090368,2.6551935316703226,0.16720513596039488,-1.4022556290069903,1.646218568989248,1.3115918115076957,2.1454810133627142,1.6449748437656517,-1.4345233693314516,-1.0907365907579323,-0.9271150872487558,0.8812437723505057,0.14279422033507688,0.9899613272720238,0.9277639406103714,1.3234045114458128,-1.3223539615053346,0.995876315765255,-1.3648709280699785,-1.6302836159520522,-1.8227258386309888,-1.3234045114458135,-0.927763940610372,-1.0659553487776992,-0.9349191994684248,-0.3367722410122935,0.14983524623193267,0.20557870638343811,-0.2140147004052217,-0.46483142063624716,-0.8730858650989243,-0.29429738304996345,-1.2477571662660425,0.8828473903799233,-0.0951935553878152,-0.7756251247301669,-1.2946394109712458,0.4428340591057229,0.03983423407198747,0.848749735028197,-0.45626319576493324,1
0.6988111776617119,-0.05050211919562982,-1.168717627632051,1.0385308760612593,1,0,0,1,0,0,-0.5838743016777656,0.21216699225367497,0.12441454558798068,-0.42854309837727333,0.8761057837322452,0.4943584289338122,-0.6528622369616863,-2.4454721091081715,0.08490138215004701,-0.24478031114120827,0.4444792270685879,1.3906438655327364,0.16133817558395475,-0.4654885977999353,-1.1045127613383012,0.4026603465702997,-0.10864217987774873,0.3097602481169003,1.1015997988414552,0.8041191033027003,0.4427101106873376,2.2500105783372897,0.28857178227511204,0.2229546826020414,-0.2754241716422607,-0.8041191033027003,-1.1015997988414559,-0.11896988561082296,-0.7097714541928067,1.6919946546052762,1.6873748050966186,1.5539728449845414,1.2037100208833493,1.247911984700014,0.7325910426154264,1.3179911348814817,0.25106641317809053,1.793366658346437,-0.49661507743988936,-0.2829068128036209,-0.1777138548108673,-1.016432198667086,-0.6186874509066087,-0.32030321536567735,-0.3944048900113141,0
-0.07219669305541997,0.0010334127472937634,-0.4445202009343899,-0.13478617003801185,1,0,0,1,0,0,-0.14221150653312897,-0.36232742116356886,-0.7327286093763631,0.6448520088305171,-1.1334967046989404,-0.7770104032433192,0.00883982793158855,-0.07065267784220834,-0.5569385440886858,-0.5345932820036657,-1.190971773211568,0.5968375444761512,1.5585813576511403,-0.03327066474129821,-1.0306341858434083,-0.4592957889510646,-0.7305300985296589,-0.7961090896957161,-0.7613439424253534,1.56910687884258,-0.04553565211736523,-0.935493684837635,0.29980567374211403,-0.002180105657211455,0.7710760581402184,-1.5691068788425793,0.7613439424253534,-0.007559831120602114,-0.9349191994684248,0.1272058382545045,-0.1344157646506147,-0.40887938209301433,0.25856020669096863,0.35076067714292497,0.8433273810784847,0.38782468222872474,-0.47058938433204756,-1.2416975682086098,-1.728249292826938,-1.3461410648556402,-1.2607931819966884,-0.857816301083085,-2.018046031486126,-1.823371294443516,-1.2604211705619852,0
-0.27779879191332196,0.0010334127472937634,1.4383931084795292,-0.13478617003801185,1,0,0,1,0,0,1.0944443198718534,-0.6036383336819455,-0.7327286093763631,0.6448520088305171,-1.8069831821942195,-0.9625953717109622,0.7057987825828846,0.6296886276399969,0.45975898362975,1.0421355787619297,0.6369416190186417,1.8194176592145732,0.16597475529893185,1.234634124566553,0.2067465559077763,0.7838242406291249,1.2894300958762028,1.4506986623497111,2.0859490311200135,0.4126498344833025,0.2522014817878894,-0.6571532418114854,0.15916183747168167,-0.12928112318952467,0.5882695886462305,-0.4126498344833025,-2.085949031120014,1.4964759044973779,0.491016520610491,0.8641121994429487,1.183475285804831,1.7417239275745686,0.2270552128845555,0.18764225758709038,-0.6516131881728072,0.6358690696027934,-0.05424950115312168,-0.8623145398892288,-0.998391980004983,-0.7756251247301669,-0.7700228618656133,-0.2550758902638815,-1.3595243465075295,-1.378017789531564,-0.76555472453303,0
1.2899172118781799,0.0010334127472937634,-1.168717627632051,-0.13478617003801185,1,0,0,1,0,0,-0.2810198135785862,-0.3024357970927428,-0.7327286093763631,0.6448520088305171,-0.9866064020360292,-0.7309495556477354,-1.197121068846969,0.9855028308893464,1.344284151901431,-0.9126077792246677,-1.124865807607502,0.18600491247705173,1.499161708596878,-1.29466156831885,0.6410457071459136,1.988724647214598,-1.0538145793140987,-0.5907560464488958,0.6912331826893887,-0.4318681387001143,0.37101540285737583,-0.7104480464822353,0.16079500914191555,0.1879297354318583,0.8856223432552862,0.4318681387001143,-0.6912331826893894,-1.2887754577581405,0.26586877533487285,-0.8007503202790929,0.24027874969456073,-0.20406001926752979,-1.8837793721450944,0.4323198869208419,0.12354118106860354,-1.3484860293897554,0.0012624832707351544,-0.9381911455531051,-1.1352402261590995,-0.892321567028559,-0.7700228618656133,-0.3185222492974822,-1.1125787146405561,-1.378017789531564,-0.9511296417938885,0
0.7502117023761872,-0.7462318004251005,-0.8790386569529866,1.478524768348486,1,0,0,1,0,0,-0.07911682151246661,-0.3786086393575798,-0.31055362260288033,-0.2682571443629564,-0.23060135564993434,-0.08386172583404945,-0.7786633349238542,-0.2988522479962121,0.979380714238587,-0.7083122796377863,0.09469311008847506,0.2516471147924571,0.5649734036962191,-0.4079067907478098,0.40630869124745833,-0.3835241504504819,-0.592016122605336,-0.721454455970951,-0.3305796915292576,0.6710815639820534,0.6751746628827476,0.8172152166790146,-1.7242510300869567,0.36985114018964066,-0.8274655373411987,-0.6710815639820534,0.3305796915292576,-0.5646101035717058,0.04072103005925432,-0.8826288048555859,-0.9225662948249498,-1.0745423112758372,-0.5605696322757617,0.10608304780917345,0.2896456887631914,-0.8523972546416179,0.3620903820258042,0.4275877563966659,-0.7703115697481222,-1.4498712357875443,-1.2438700675094103,-0.09645999267988113,-0.7010026615289333,-0.48731077970765985,-1.0748462533011267,1
1.1614159000919912,-0.35971531085317227,-0.4445202009343899,-0.13478617003801185,1,0,0,1,0,0,-0.11697363252486404,-0.3698865581822168,-0.24658771551598904,-0.3058693718392401,-0.12442507500525045,-0.048086310225829085,-0.46943077525622695,-0.035211400668401505,0.4154667446937655,0.06879852075761816,0.8111738965370663,1.298001239669868,-0.09078271278765185,-1.48348167742109,-0.4371477460912821,-0.05391575358599532,-1.0911209283843524,-0.3435471359989489,-0.8569681418843186,2.6202494485943455,-0.8295224925418523,-0.3895962631291203,-0.6221370909531845,-1.1748791979212243,-1.3899727058010596,-2.6202494485943446,0.8569681418843179,-1.4837430531160272,-0.7848207026180125,-1.3829973217119373,-1.1938968052128347,-1.4841810369268051,-0.5605696322757617,-1.0357458890816678,-0.8177176958673952,-1.3484860293897554,-0.9979532363586869,-0.7864379342253526,-1.5001688825700765,-1.5276688639864726,-1.785409731102321,-1.0481553781838862,-1.6064699783745033,-0.7099875321636356,-1.3222794763156045,0
1.3156174742354179,-0.6689285025107157,-0.4445202009343899,0.5985369837740325,0,1,0,1,0,0,-0.4703038686405733,-0.13264595021234282,3.911196245131947,-0.7479577070989446,1.6701259060811864,0.4760235284345993,0.1261811145578705,-1.20535379875061,0.6799201673102652,0.3906930651740799,2.1245031035795052,-0.4151372405570136,-2.8241493587608284,-0.27803006454948404,0.2181522914886878,0.39398709418455313,-0.676505138543706,-0.02629419253967514,-1.1820904200447964,0.6061852033378367,-0.4532622759511386,1.8729260930070697,-0.5335546124886082,-1.1986120406687881,-2.787629245508413,-0.6061852033378367,1.1820904200447957,-0.5924626171942612,-0.3345252120667762,-1.5103638532753727,-1.1163738022448682,-1.2793616741013212,-0.9701345517591269,-1.3619827281933365,-1.0945585420250417,-1.3484860293897554,-0.05424950115312168,2.8556391376407038,1.9757765697444807,1.3249108366408955,0.6684418695530556,-0.3819686083310823,3.908649133321241,5.023938843577749,2.018069034379841,0
-1.1259074497021662,0.28447883843337485,2.452269505856255,0.5985369837740325,1,0,0,1,0,0,-0.5081606796529707,-0.061706356652723664,-0.10586271992482811,-0.3729927316430696,0.5281192538574101,0.2408001708105504,1.680078464462155,-0.18221247146599576,-0.4611731260283198,1.7625306395678053,1.793336840191872,0.6246064833602758,-1.177052428493791,1.4485492411036598,0.4660215562134295,-0.2078536061582138,1.2358187519409725,1.3538201251386737,0.1590389773671787,0.6941558255444424,-0.8888166685033896,0.7169425001702431,0.42156628380824573,-1.1556484652571046,-1.0096838701600186,-0.6941558255444424,-0.15903897736717942,1.2210454920076654,0.3159016076183434,-0.29229503951395197,-0.35119305072770857,0.13730558544161034,0.34957463324282717,-0.7638818564886103,-0.9099979779199442,0.139780294854656,-0.9146852597229018,0.4275877563966659,-0.5696008087220858,-0.2829068128036209,-0.7023304039164997,-0.857816301083085,-0.20711139779498602,0.1250502895462747,-0.8274130302866491,0
1.3927182613071303,-0.41125084279609675,-2.617112481027373,0.3052077222492148,1,0,0,0,1,0,0.2868323516073751,-0.4815291972268634,-0.20820817126385424,-0.33017265728545425,-0.3778357655645141,-0.11516521449124227,-0.5400973598709893,0.27864232770842295,-0.4305256067993092,-0.109585025576481,-0.5890075691670827,-1.0336358193907362,0.06662230491461768,-1.6246876799850647,0.6496290202525034,-0.9857049318613358,-0.9320990338336685,-1.3439491549941134,-0.27639264516917894,-1.1356331163529634,-0.8723502604019693,0.2683387521591568,-0.4019954683115434,-0.776211146654868,-0.5463660842425659,1.1356331163529634,0.27639264516917894,-1.5394480803611372,0.491016520610491,-0.2639913658331881,-0.7158382869103699,-1.0062691903340089,0.038025250046078915,0.758556726032511,1.009431888773073,-0.6043528672675491,-0.6648813298155464,0.6552175733882943,1.127317443588959,0.7154960824159574,0.3299795798074865,1.2359135470257274,2.2623449208747504,1.6837875567381073,0.5334696962929761,1
-0.7918040390580765,1.5213316050635446,0.5693561964423357,-0.13478617003801185,0,1,0,1,0,0,-0.4576849316364408,-0.1338088943690579,-0.06748317567269331,-0.3787792281778825,0.46656777070816374,0.1898202035688364,-1.1679127696023786,0.2925987793678706,0.26572011790579625,-1.0102659391946796,-1.1051960881323206,1.6151665922088663,2.8977203749271294,-0.9749690914389222,0.7969864801413443,-0.5863803682789679,-0.9549964409067456,-1.434838575722141,0.566011016731223,1.641531757000201,0.6498335078258046,0.39680255272596754,-0.9525040226670921,0.41784598365806397,0.03596844209242068,-1.641531757000201,-0.5660110167312238,-1.038102835155144,0.340918023760079,-0.9281168518425269,-1.051771299771562,-1.3134982345722352,-0.8126095827270634,1.9819448727012692,1.784586258014483,-1.534519319920306,0.25106641317809053,-0.02767187758659086,-1.0440080620563552,-1.3072422507561756,-1.0915620371239039,-0.2233527107470814,-1.4418395571298541,-0.9883334727336057,-0.76555472453303,0
-0.38059984134227254,-0.35971531085317227,0.27967722576327125,-0.13478617003801185,0,1,0,1,0,0,-0.43244705762817587,-0.17044163530558257,-0.24658771551598904,-0.3058693718392401,0.2556084424433628,0.10530078419441576,0.28598385284700867,-0.2732237729697309,1.0818515462889324,-0.0013146939892312815,0.5745875702423112,1.5718384473685807,0.33177666742682443,-0.050989655913272806,-1.0102597276664362,0.8768025846472216,-0.9763938481950555,-0.31745371842163167,-0.16027754582615011,2.3027614887509538,-0.4486157723983842,-0.6370478145600201,-0.5978252669667611,-0.96639935929651255,-1.0569237509816585,-2.3027614887509538,0.16027754582614942,-0.23037994010104354,-1.0850176963188372,-0.7188718357025985,-0.19901826712392082,-0.5624939042121272,-0.8126095827270634,-0.05703537174666111,0.012804842605544792,-0.6043528672675491,-0.7481493064513315,-1.0140677512169813,-1.6735099943652914,-1.657331577651353,-1.8361790745641564,-1.0481553781838862,-1.5241547677521787,-0.7656567202776299,-1.3841377820692236,0
-0.3034990542705592,2.113990222407169,0.5693561964423357,0.3052077222492148,1,0,0,1,0,0,0.04707254852885811,-0.40651929911874146,-0.5920036137852022,0.16225819782712234,-0.8038477716495906,-0.4380383403554311,0.6315062277770216,-1.7071853120526606,0.14747560773525237,0.1402990223039198,0.5031625051968547,-0.21861604889728545,-0.890732185670047,1.0496004215816057,-1.2848502324304685,0.08094174821872015,0.6439041227254616,0.2972287560229593,0.1590389773671773,-0.45589913793704195,0.17062359188980564,1.0560306600515903,-0.12026544526882019,0.4489493780144039,-0.3639498702518835,0.45589913793704195,-0.15903897736717798,0.8837206048011639,-1.2351161931692491,-0.23669853764102378,-0.1602567656399366,0.10316902497069583,-0.43454965705011084,-0.6279498401920818,-0.762349526635866,-0.4183195767369984,0.22331042096616224,1.1104772073715516,0.2788583174334372,0.1709126850234604,0.34690269429476517,-0.4136917878478824,0.8629863402952329,0.6817421706862145,0.16231986177126023,0
-0.3291993166277972,0.28447883843337485,-1.6032360836506476,0.5985369837740325,0,1,0,1,0,0,0.47611640666936217,-0.5088583849096675,-0.10586271992482811,-0.3729927316430696,-0.3844466575726295,-0.1030910117234679,0.27128855533123813,-0.5691333017196456,0.0968604820955045,0.26504716555330154,0.27426888394780935,0.9274924996752816,0.4236398890111978,-0.6527799565935185,-0.3639303298373712,0.6170063275850496,-0.8177928595490503,-0.5044357158016953,0.4783555005605047,0.7905619868667512,-1.0294833812403785,0.4165759024210553,0.48762033148966977,-1.1689710218785816,-0.8490462777502336,-0.7905619868667512,-0.4783555005605054,-0.7038726716844818,-0.4846237089171882,-0.50962681956267,-0.1344157646506147,-0.4430159425639276,-0.7495995951142377,0.758556726032511,0.5664865349208381,-0.790386157798101,-1.0257092285706153,0.19995793940503753,-0.48749186102961545,-0.17917664187171697,-0.6177148314801074,-0.6992004034990842,-0.20711139779498602,0.18071947766026855,-0.5799798072721716,1
0.6988111776617119,0.6709953280053031,-1.168717627632051,-0.13478617003801185,1,0,0,0,1,0,-0.596493238681898,0.21216699225367497,-0.1826218084290977,-0.3353805041667859,0.6639955772432853,0.4223604050222688,0.1191341591201119,0.02628551842402642,0.8492593133757121,0.5772843236435724,1.0543341054467978,1.768583320911632,-0.48982639735474603,-0.5148601753679732,-1.165600139842331,0.5989043556200174,-0.24803550003846253,0.26967666544242663,1.2104470415403286,1.2116300738185948,-0.6801011691187775,-1.2037503313085058,-0.5591248124577627,-1.0258216339550728,-1.1073991986103329,-1.2116300738185954,-1.2104470415403292,-0.2582324537235989,-0.8598699510432187,1.2462117941332536,1.4160442947087326,1.2296755205108585,0.7626401075935709,1.247911984700014,0.6772228733838963,0.9459245538203791,-0.8869292675109735,-1.3934507795363622,-1.5001688825700765,-1.5017363212534962,-1.7177172731532073,-0.9529858396334858,-0.6186874509066087,-0.09762646290970158,-1.569712699330082,1
-0.04649643069818187,2.113990222407169,1.0038746524609323,0.3052077222492148,1,0,0,1,0,0,0.4130217216486998,-0.49432158295072914,-0.5920036137852022,0.16225819782712234,-1.0320228333629249,-0.5055644373159471,0.21447196102047325,-0.28111157514001756,0.572293199995957,-0.9593548079913937,-0.3099905519901849,-0.15308201627300422,-0.014172194609532377,0.18512992095497888,0.5941670405463343,0.6555893196031354,-0.5858296783808665,-0.44544744330597474,-0.34274413050805214,0.13114384342216406,-0.11324884692647799,0.9810579568117693,-0.1235399349219683,0.7151277722760423,-0.03188982940479462,-0.13114384342216406,0.34274413050805214,0.0759977097470634,0.41596727218528484,-0.32767463161490584,0.046471242274642305,-0.18699173903207253,-0.7811045889206503,-0.13859458152457876,0.012804842605544792,-0.23228628620644656,-0.24854144663662048,0.6552175733882943,-0.5696008087220858,-0.5422322401333817,-0.24540631275998087,-0.826093121566285,-0.04248097655033679,0.013711913318286572,-0.2706882785040748,1
-0.3291993166277972,-0.3339475448817109,1.7280720791585935,-1.6014324776621007,1,0,0,0,1,0,-0.5586364276695006,0.14239034285077085,0.46983044385719386,-0.5037675533298408,1.0112338230547564,0.49883035588483976,1.8877436252913402,0.6138048303134026,-0.6353254708213183,1.4790755648846825,0.44019444896195015,-0.6511034910925981,-0.7388012740387734,1.9247880336408811,0.5198790261262141,-0.39678639162833523,1.3435312053792556,0.22331587235272118,-0.22931895624632825,-0.6605917564372907,-0.7017279396142226,-0.32166299684971056,0.4697791444892593,-0.6659131213381942,-0.3542498581536885,0.6605917564372907,0.22931895624632756,1.9978211497033713,0.641115017460903,0.41832933897092733,0.13691474573727128,0.683490552976235,-0.11949971898598452,0.10608304780917345,0.2342775195316623,0.5118468759157585,-0.7203933142394032,-0.4070549059059717,-0.3597668312857729,-0.07544647093981212,-0.33002188519637315,-0.5088613263982832,0.8629863402952329,0.5704037944582268,-0.6418381130257917,1
0.6988111776617119,1.5213316050635446,-1.168717627632051,-0.13478617003801185,1,0,0,1,0,0,-0.596493238681898,0.21216699225367497,-0.06748317567269331,-0.3787792281778825,0.7672413935454582,0.4558998571549754,-0.7353776749923353,-0.9554909145225873,1.0283321106171937,-0.5413759321580123,0.22721945476637756,2.5596134137274373,0.6559264712000079,-0.38912810242391294,-0.891413376941347,0.6196775440620729,-0.11345771703538463,0.30720569706717216,1.0460293195708634,2.4535682696765635,0.6337483431688801,0.4184429139802478,-0.783048274235477,0.6188612276282582,0.004530150960547564,-2.453568269676564,-1.046029319570864,-0.2582324537235989,-0.7097714541928067,0.5638910893291381,0.821701271954316,0.7346953936826055,0.19555021907814235,0.5954383064766764,0.12354118106860354,0.3258135853852078,0.22331042096616224,-0.02767187758659086,-1.0896241441077272,-1.268343436656712,-0.9900233502002335,-0.5405845059150832,-1.853415610241477,-1.211010225189582,-0.8274130302866491,1
-0.3291993166277972,0.6967630939767645,1.7280720791585935,-1.161438585374874,1,0,0,1,0,0,-0.5586364276695006,0.14239034285077085,-0.6175899766199587,0.21375801698695704,-0.10780569463178374,-0.05568858604257591,1.6878599911981635,1.0443211053749253,-0.30466430185162835,1.2012453327383181,0.25887697319718983,-0.959863379613968,-0.2690879220595776,2.1324067190416507,0.717085012493902,-0.33126151789969555,1.6779221056055669,0.793325428126246,-0.4633576356367666,-0.8495867060811616,-0.2163347365444095,-0.7150034672545688,0.08360042819551111,0.040993890774396434,0.43797512839382996,0.8495867060811616,0.4633576356367659,1.7750010407229295,0.491016520610491,-0.4095531161914002,-0.5091102789957901,0.13730558544161034,-0.43454965705011084,-0.709509049969999,-0.5962450189412776,-0.046252995675895824,-0.24854144663662048,-0.7105613285614767,-0.1681792866700104,-0.10137901367278856,-0.07617516788719629,0.1890486229713212,-0.04248097655033679,-0.4316415915936655,-0.45626319576493324,0
1.0843151130202777,0.6967630939767645,-1.6032360836506476,-1.161438585374874,1,0,0,1,0,0,-0.7731583567397526,2.9654372832765996,-0.6175899766199587,0.21375801698695704,0.8675007310361066,2.115431948681298,-0.604684200580295,0.09501213931306855,0.676476339371572,-0.4164323140747746,-0.39307485703354195,-0.1910352168905892,0.12432320079694904,-1.017136394600394,-0.8217050135956504,1.1392369823225725,-0.3499435022025081,0.39773478754505087,0.9704170281043213,-1.2229970446133172,-0.17548260037972505,-0.9535731871792112,0.22005748162598895,0.21557520385593085,0.899327172606787,1.2229970446133172,-0.970417028104322,-1.0102503215325889,-0.8598699510432187,-0.4186507255887879,0.2015172482105774,0.0519641842643253,-0.655084613695,-0.05703537174666111,-0.4855086804782194,-0.6043528672675491,-0.3040534310604773,-1.0140677512169813,-0.5787240251323598,-0.38663698373552574,-0.2792525417345383,0.062155904904119784,-0.12479618717266176,-0.6543183440496418,-0.6418381130257917,1
1.958124033166361,0.7740663918911503,-0.15484123025532542,0.3052077222492148,1,0,0,1,0,0,-0.40720918361991093,-0.1832340210294483,0.17558727125749374,-0.4302790473377172,0.5601429394419002,0.1916089743492474,0.3769336476995724,-0.6731167915130146,1.0706408030154793,1.1404077371268364,1.6700790241534023,-0.03441197354143285,-1.9001874807814585,-0.13897613419060115,0.8564931575550114,-0.09082344684525774,0.12433606473111099,0.083616960535343815,-0.088318892712161,0.040659774866796713,-0.6629987284860158,1.7818899638975239,-1.5548706495010354,-1.4173277664711095,-2.0895488378890854,-0.040659774866796713,0.0883188927121603,-0.2582324537235989,0.5660657690356972,-0.5187244289600577,-0.4832692780064673,-0.40887938209301433,-0.30852968182446,0.02452383803125581,0.06817301183707392,-0.29429738304996345,-0.6093693453916895,1.717490052682561,0.10551720563822252,-0.723760039264214,-1.176177609560296,0.3476645205553221,2.097714499630101,2.351817814106035,-0.45626319576493324,1
-1.4343105979890196,-0.05050211919562982,-0.4445202009343899,0.3052077222492148,1,0,0,1,0,0,1.9777699101611264,-0.6949294499840785,-0.2721740783507456,-0.29140313050220795,-1.0504104645560421,-0.3092468441658378,-0.20063020219286018,0.8827137336230189,-0.5957187468850732,-0.11160344786864985,-0.5672594991275216,0.09728880526021799,0.9101972917080909,0.1675285376130905,-0.17337615743699128,0.1716249086348656,-0.25909835302245726,-0.5743499347128483,-0.09305301462755473,0.22497917377587734,0.44637372088425936,-1.3852367300682937,0.9868339654229991,-0.10614843362115094,0.17672420784403783,-0.22497917377587734,0.09305301462755473,0.1317027369921738,-0.18442671521636386,-0.06384395909064733,0.03355074177998182,-0.06751377738387422,-0.5605696322757617,0.2692014673650073,0.34501385799472056,-0.10826409251941274,0.3620903820258042,-1.317574173872486,-0.14080963743918734,0.37837302688726915,0.31305646532020776,-0.7309235830158842,-0.8656330827735822,-0.8769950965056176,-0.20882997275045564,0
-0.14929748012713334,1.2121184134060021,0.27967722576327125,0.3052077222492148,1,0,0,0,1,0,-0.36935237260751347,-0.19893376714510175,-0.3233468040202586,-0.22890896792622875,0.0721377761222198,0.02391171368571441,-0.24828427218680157,0.4001269701436881,0.5389157596568455,0.2914618161472305,0.884158709488019,0.9811483798615921,0.07517087151762439,0.8106188517947531,0.8270306240601148,0.1593741477407595,1.271281587796421,1.574428452000063,1.7015001487247745,-0.34935776200978186,1.1552061298677987,0.2793143001687482,-0.5765602487404771,0.8668349507226369,0.38767332088458534,0.34935776200978186,-1.7015001487247752,0.4659329004628361,0.41596727218528484,-0.8098479296764806,-0.6124742829530796,-0.11871861809024475,-0.2140147004052217,0.10608304780917345,-0.5962450189412776,-0.35630847989348147,1.0837461795359422,0.27583454506891375,0.05077790717657645,-0.2569742700706454,0.09305597698558829,0.31594134103852145,-0.4540570296619595,-0.6543183440496418,-0.2706882785040748,0
0.05630461873076867,-0.35971531085317227,0.5693561964423357,0.3052077222492148,1,0,0,1,0,0,-0.4198281206240434,-0.17741930024587296,0.48262362527457214,-0.5043462029833221,0.7506247552565437,0.25332156627342756,-0.428478026851953,-1.7324002147248145,0.050295602509207185,0.13467544437611853,0.9292600012384782,0.9762248855641364,-0.6205361019157759,-0.7938336734671871,-0.7017853480999062,0.0750156007734106,-0.33648090780594603,-0.5103100112386988,-0.3224700655433951,1.6512761951523172,-0.1973801264222493,1.6747405067265844,0.006627670757574753,-0.5155865451511827,-1.7063019152054564,-1.6512761951523172,0.32247006554339436,-0.9266927806649233,-0.9349191994684248,-1.1737523055720087,-0.9613277963089331,-1.0233374705694662,-1.0961545269847772,-0.46483142063624716,-0.3747723420151606,-1.2244638357027204,-0.44283339212011924,0.9587239960437993,-1.1169937933385516,-0.944186652494511,-1.057715808149347,-1.9046812251374914,-0.5363722402842841,0.29205785388825667,-1.2604211705619852,1
1.0586148506630406,-0.7719995663965628,-0.8790386569529866,-0.4281154315628296,1,0,0,1,0,0,0.5392110916900246,-0.5175804660850305,1.582837227169103,-0.66058160942327,0.3579444974749321,0.11245586731605983,0.26118967346767574,-1.4408394522296364,-0.29312040310627263,0.5858104664934373,0.9851109959739913,1.9497930477935432,0.11315402126799477,-0.2714999956999688,-0.7138179408227594,0.2522584701885337,0.11719204553640898,0.1093077906575116,0.6912331826893887,1.9737285121859853,-0.6344701957349617,1.262510222914894,0.65420084546326,-0.6751865206205514,-1.1739747589858134,-1.9737285121859853,-0.6912331826893894,-0.3696425082138195,-0.7848207026180125,-0.5005292101652823,-0.3023822710812103,-0.23819657973844427,-0.5605696322757617,0.5954383064766764,0.2896456887631914,-0.5423417704240322,-0.859173275299045,0.4275877563966659,-1.5366617482111748,-1.0349505520599276,-1.1931007240475748,-2.063297122721492,-1.0302635040182315,-0.2089648391376897,-1.198562864808365,0
-0.7147032519863632,0.6967630939767645,-0.15484123025532542,0.5985369837740325,1,0,0,1,0,0,0.4256406586528323,-0.49955483165594694,-0.5024513438635544,-0.10739254069515815,-0.8492642029764863,-0.3011973756539882,-0.8167546745502964,0.9026788633121013,0.05167259357177522,-3.3035212058911663,-1.9565749253666915,-1.7555229203660745,0.8934542482109201,-1.9951457808293762,-0.33098786430713667,0.8586975129372847,-6.004031007701574,-3.13115290122407,-2.3498765620089648,-0.06374491962016399,-0.8578088991436194,-1.5705314451161985,0.7922700215747717,-1.4906503470978114,-0.5133181504620258,0.06374491962016399,2.3498765620089634,-1.8736782438317996,-0.9349191994684248,-2.1926845580794883,-1.5427503185686884,-3.2763504616497907,-0.8756195703398886,-1.0357458890816678,0.012804842605544792,-2.340663578886029,-0.9701972441467586,-1.6210805965279906,-1.1534866589796486,-0.6329961396987983,-1.1254082660984612,-0.857816301083085,-0.20711139779498602,-0.26463402725168356,-1.3222794763156045,0
-1.6142124344896835,0.23294330649045036,1.0038746524609323,1.1851955068236681,1,0,0,1,0,0,-0.028641073495936725,-0.3867492484545853,-0.23379453409861076,-0.3214929124832349,-0.18710130750314943,-0.04898069561603459,0.06274186775902804,0.007291696734002233,0.4094628997081256,0.4591147311228237,0.1741343465677423,0.2444179804706831,-0.17906218941006133,-0.6277558267142876,-1.294976681312231,1.5662189476134765,-1.0948737254789414,-0.5908051690734331,0.5641420291796073,-0.2261522221554376,-0.7144903198569663,-1.3072872940732538,1.0141494957827029,-1.7058924263815283,-0.8031894356403707,0.2261522221554376,-0.564142029179608,-0.7038726716844818,-1.3101654415944555,-0.6369933511261053,0.2015172482105774,-0.2552648599739003,-1.442709458855317,0.10608304780917345,-0.1532996650890431,-1.1624527388592034,-0.6926373220274746,-1.2416975682086098,-0.11343998820836432,0.4172718409867329,-0.33002188519637315,-0.4136917878478824,0.5337254978059351,0.45906541823023866,-0.45626319576493324,1
1.2128164248064663,0.026801178718756015,0.27967722576327125,2.505177183685348,0,1,0,1,0,0,-0.3062576875868511,-0.23265914768983872,-0.4001058925245282,-0.19418998871735144,-0.11277384770415039,-0.028857024336410634,-0.5052115034536209,1.093362877981718,-1.3984219717532542,-0.8097771840860868,-1.2566798307095697,-0.7590932093022792,0.6750049566883743,1.6030793434147679,0.34332298292103897,-0.6957052518391006,0.6553748248706018,0.3005932338245034,0.2430696413654208,-1.276386111883534,2.304286885196147,-1.1567414354799663,1.2125729982604865,1.7438151909344577,1.9272161141336344,1.276386111883534,-0.24306964136542153,1.5243284181199328,0.340918023760079,0.07262018187017576,-0.3023822710812103,-0.03337721691295973,0.5106001571422693,-0.5463906304141645,-0.7069813574043363,-0.23228628620644656,2.110717891377293,-1.0899443568808573,-0.040454256926167845,0.585833368751077,1.3115202200696365,-0.667477223982284,-0.8656330827735822,-1.378017789531564,0.40975308478573785,0
-0.2263982671988458,0.05256894469021735,-1.168717627632051,0.5985369837740325,1,0,0,1,0,0,-0.24316300256618875,-0.3053431574845305,-0.438485436776663,-0.17393725084550635,-0.2440931368209664,-0.10040785555285138,-0.023125565846543163,0.707106727853355,0.1650520584045511,-0.7397679278904312,-0.3038561389607512,0.2284991823204078,0.6976596640201559,-0.8199293436843508,0.7272225732361052,0.013635163869206556,-1.245534684192239,-0.7284164717138335,0.4073962731842086,-0.09240503183227083,-0.7871070770283297,-0.242010565510945,-0.21192966839734578,-0.23567212717510624,-0.3161290475696943,0.09240503183227083,-0.40739627318420935,-0.7317251853070371,0.7912135143113154,0.2909628074074919,0.2531992501892221,-0.27233314020935756,0.41608517572303205,1.247911984700014,1.1201682272361313,-0.10826409251941274,-0.8314172830871166,-0.4070549059059717,-0.5969704579529088,-0.6070635969658218,-0.6515610604546642,-0.3819686083310823,-0.04248097655033679,-0.09762646290970158,-0.7036964187794109,0
1.4441187860216065,1.2636539453489257,-0.4445202009343899,-0.13478617003801185,1,0,0,0,1,0,4.413224751958694,-0.764124627308625,-0.2977604411855021,-0.2740436408977693,-1.4901167315060448,-0.3758785557361482,-0.039617131905378473,1.061322626480395,-1.2194166155682482,0.1700269923433173,-0.2877502734680181,-0.17232210034001297,0.3609749985340971,-1.0241978342121558,0.7359393463431012,-0.3780030712640453,-0.8038853570115843,-1.4008950599516836,-0.33645217931212407,0.0986623829151082,-0.9682778218874649,-0.7194507307780691,1.2871267320370907,-1.0268144566133537,-0.9936119155880991,-0.0986623829151082,0.33645217931212335,-1.107734119211532,0.19081952690966666,-1.1692035008733148,-1.1551353037288514,-1.3561689351608777,-1.1906695084040155,-0.01625576685770265,0.15122526568436812,-1.8755803525596506,-0.9701972441467586,-0.7864379342253526,-0.4692454282090663,0.22277777048941236,-0.21156008378542468,-1.5557262504526888,0.36909507656128593,0.45906541823023866,-0.76555472453303,0
-0.04649643069818187,0.026801178718756015,0.27967722576327125,2.505177183685348,1,0,0,1,0,0,-0.25578193957032125,-0.2954581321524524,-0.4001058925245282,-0.19418998871735144,-0.17265849126978994,-0.07715383540750813,-1.1549162801478117,-0.10357980799207592,-0.13322676632886563,-1.1223758318688388,-1.0246881991324326,-0.3722152686470509,0.601212227048658,0.4786426666909903,-1.3713708211438416,1.1423496153640538,0.010494557094404488,0.570141486364597,0.6912331826893887,-1.1932138872518323,2.084193314208104,-1.2316426466072439,1.3300766483585995,1.5266635623742955,1.8887770363643905,1.1932138872518323,-0.6912331826893894,0.5216379277079463,-1.2351161931692491,0.2636699792153276,0.8346217724489774,0.8029685146244333,-0.34003467563087314,-0.38327221085833024,-0.7069813574043363,0.139780294854656,1.8886699536818656,-1.1658209625447336,-0.07694712256726609,0.6117659114840535,1.243827762120523,-0.667477223982284,-0.9479482933959068,-1.4336869776455579,0.40975308478573785,0
0.5960101282327613,0.05256894469021735,0.5693561964423357,0.5985369837740325,1,0,0,1,0,0,-0.5460174906653681,0.09005785579859277,-0.438485436776663,-0.17393725084550635,0.2263468625344933,0.20368317711702177,0.46617699130342916,-0.5487609841277289,0.25467443448357996,0.3237970028858252,0.4360333911738083,-0.8287780737822478,-0.6959430756045902,-0.05523195335422435,-0.9311746597426639,0.3326433280364581,0.13473671641935064,0.3292569557694696,-1.046543814281098,-0.09240503183227083,-0.7034175714269115,-0.17963866013279384,-0.013874018906732368,-0.303826239666146,-0.24540943103958324,0.09240503183227083,1.0465438142810974,-0.3974950218363748,-1.1600669447440433,-1.3920949311093263,-1.0388507992769007,-0.9379960693921812,-1.0646495331783645,-1.3619827281933365,-1.149926711256571,-1.1624527388592034,-0.7481493064513315,-0.3311783002420958,-0.5239847266707137,-0.4514683405679659,-0.5330992590437151,-0.3819686083310823,-0.04248097655033679,-0.09762646290970158,-0.6418381130257917,1
-1.6142124344896835,1.2636539453489257,1.0038746524609323,-0.13478617003801185,1,0,0,0,1,0,-0.028641073495936725,-0.3867492484545853,-0.2977604411855021,-0.2740436408977693,-0.25795211518239364,-0.08565049661446048,0.339809863777592,-0.43605051737003964,-0.013038667099753931,0.16779406471378808,0.5428475748795725,0.39365162785278696,-0.9037823202420139,-0.5182859694097721,-1.2842893530802066,1.5121262426611777,-0.8015294591987425,-0.13102867848940877,0.6190712565440033,-0.07709346503402185,-0.9903791213289375,-0.6880798610112124,1.5373653396988651,-1.0214618474991446,-0.8336524357091869,0.07709346503402185,-0.619071256544004,-0.6203151308168162,-1.3101654415944555,-0.6915790075104341,0.12399424524260985,-0.20406001926752979,-1.2536794960168407,-0.30171300108041293,-0.5962450189412776,-1.0384305451721696,-1.0812212129944723,-0.9381911455531051,-1.208225957441296,-0.3607044410025493,-0.7192535184037778,-1.9998507636878915,0.2044646553166367,0.18071947766026855,-1.4459960878228426,1
0.030604356373531493,1.1605828814630785,2.452269505856255,-0.13478617003801185,1,0,0,1,0,0,-0.38197130961164594,-0.19777082298838666,-0.4128990739419065,-0.18840349218253855,-0.029844221180709164,-0.006497389581272905,1.5762149282857025,-1.144097043578918,-0.189345851384522,1.6479713654002104,1.772689527048918,0.9004690098433883,-1.4883678493431662,1.8344090447660355,-0.9321066767208501,1.0636191669004922,1.1942989027989195,1.5248764149538512,0.9750700921945687,0.2610696854503818,-0.35884532375916683,0.6365450907271614,1.3276768096597855,-1.0420566482814282,-0.8158381782528863,-0.2610696854503818,-0.9750700921945695,1.3850658500071569,-1.009968447893631,-0.6733837887156574,-0.06981326217730856,0.4103980692089227,-0.9071245641463012,-0.9541866793037505,-1.3713993881826885,-0.17027518936292965,-0.38732140769626244,0.5034643620605421,-0.21379536872138252,0.4821031978191731,0.008440404549195996,-1.2702176348014877,0.28677986593896093,0.45906541823023866,-0.332546584257695,1
0.5960101282327613,-1.6223358434548052,0.5693561964423357,1.0385308760612593,1,0,0,1,0,0,-0.5460174906653681,0.09005785579859277,-0.041896812837936774,-0.3822511260987702,0.6623735382522707,0.36467254735401344,0.17928251851702243,0.32144795344676985,-0.9278623243823693,0.8334333103710405,0.545298618642267,-1.5695939793334186,-0.5960814099820492,-0.21350077490836214,-0.9738882856805032,0.3034708817463702,0.341207212568917,0.6160115964325886,-1.7278313869570296,-0.42709685071602743,-0.46262416490385383,-1.4168173094893919,1.5733778505374025,-0.7875794024450192,-0.10749948377306058,0.42709685071602743,1.7278313869570274,-0.5646101035717058,-1.2351161931692491,-1.6013399472492547,-1.232658306696819,-1.05747403104038,-1.0961545269847772,-1.7697787770829225,-1.4267675574142176,-1.1004416420156866,-0.5261013687559044,-1.3934507795363622,-0.4509989953885172,0.37837302688726915,0.025363519036474696,-1.1433249167342867,-0.37174181903963527,-0.5986491559356475,-0.76555472453303,0
0.030604356373531493,-1.6223358434548052,2.452269505856255,1.0385308760612593,1,0,0,1,0,0,-0.38197130961164594,-0.19777082298838666,-0.041896812837936774,-0.3822511260987702,0.36744909743890647,0.1433121632781499,1.7105216346388417,0.5084206872508863,-0.4775312879771265,1.6654918266582404,1.1817239204802392,0.6317905284609113,-0.6319675875987878,1.937187678716467,-0.8985374871051948,0.7564456938521279,1.489484610600986,1.6460115701738876,1.2994551316290586,-0.42709685071602743,-0.4429068682913739,-1.5979584785140726,1.4129562390343542,-0.7730245662177129,0.07071095542468075,0.42709685071602743,-1.2994551316290595,1.5800334453650435,-0.9349191994684248,-0.45504116317834126,-0.018131260198663828,0.5810808715634928,-0.5920746260821743,-0.6279498401920818,-1.149926711256571,-0.10826409251941274,-0.49834537654397587,-1.5452039908641146,-0.39625969692687113,0.35244048415429274,0.008440404549195996,-0.826093121566285,-0.37174181903963527,-0.5986491559356475,-0.7036964187794109,0
-0.35489957898503444,-1.5192647795689571,0.27967722576327125,-0.4281154315628296,1,0,0,1,0,0,-0.028641073495936725,-0.3850048322195127,-0.06748317567269331,-0.3741500309500322,-0.03219941924746571,-0.00694458227637566,-0.8093334880451276,-0.5796207573728032,0.7096644881620732,-0.7623500374186217,-0.8497828373104784,0.03438839848966295,0.9274891874779796,-1.3690194132051878,-1.260881078532456,0.19645988996949051,-1.432690919755464,-1.0179085895876898,-0.2611143426240418,0.30587169994287167,-0.24251015052263022,-0.4675753053735749,-0.77271188631886,-0.3907460735417055,0.11096968953671252,-0.30587169994287167,0.2611143426240411,-1.3166279713806959,-1.2351161931692491,-0.3640650692044592,-0.21193876761858224,-0.7502449868021539,-0.34003467563087314,0.18764225758709038,0.34501385799472056,-0.5423417704240322,-0.3318094232724056,-0.5588081172337243,-0.44187577897824326,-0.7496925819971905,-0.8377153198147269,0.6966194952401235,-0.7010026615289333,-0.6543183440496418,-0.20882997275045564,0
-1.100207187344929,0.33601437037629844,-0.4445202009343899,-0.4281154315628296,0,1,0,1,0,0,1.2332526269173105,-0.6268972168162469,-0.6431763394547153,0.28898247193952453,-1.5033859252812247,-0.7054595720268785,-0.7052587663212431,0.6462561354066265,1.007813163391261,-1.3827088207108267,-0.8745530370668805,-0.48432546861230297,1.233016766414534,-0.8091269355890062,-0.06028527696997518,0.12174666396152935,-1.5692622560962135,-1.276682563636985,-0.1866129291823007,-0.4754817429490244,0.17220938208293424,-0.9473992943415751,-1.2553707002188572,0.311896821173601,-0.10947025702745064,0.4754817429490244,0.18661292918230002,-0.6667359868544083,0.14912550000677452,0.6578997197688161,0.6250225422022511,-0.09027148436448348,0.2795635358952437,1.7735157810465918,2.104491235796654,0.7598912632898273,0.27882240539001907,-0.7864379342253526,0.4795690784594736,-0.2829068128036209,-0.14386762583630988,1.2041903675089267,0.28677986593896093,0.06938110143228039,0.22417816752487937,0
0.5703098658755232,-1.2100515879114147,-0.15484123025532542,-0.13478617003801185,1,0,0,1,0,0,-0.6848257977108253,0.5959385639696475,0.15000090842273722,-0.42854309837727333,1.2292504496329923,0.7895056077016303,-0.2365468550353448,-0.49633425495047934,1.3612279907001519,0.44759842529323374,0.9189898816034057,1.0765766251264217,-0.20836184251620968,-1.1256495270696125,-0.9208467146425865,1.370127496590965,-0.37614216885326235,0.22992641817481288,-0.030386078764458365,1.4984586571476979,-0.7958115842085973,-0.24124968255698023,-0.4839982652128652,-0.9776527317999896,-0.9702534586989422,-1.4984586571476979,0.030386078764457654,-1.17736540326792,-1.0850176963188372,-1.073678602200739,-0.3023822710812103,-0.42594766232847037,-1.3796994712424915,-0.5463906304141645,-0.5962450189412776,-0.9764194483286528,-0.8098292891445057,-0.34803976816740156,-0.40132815048813486,-0.5768089637773496,-0.8922453553848465,-0.11760877902441451,-0.6644181234745666,0.013711913318286572,-0.2500688432528684,0
0.030604356373531493,1.1605828814630785,2.452269505856255,-0.4281154315628296,1,0,0,1,0,0,-0.44506599463230834,-0.13671625476084556,-0.10586271992482811,-0.36547028614781285,0.41233444591533264,0.17729880810595924,2.3052300836894877,-0.5442557034763728,0.6416066663974969,1.896968391266412,1.4769421507755118,2.467470226567097,-0.20319567992722257,1.9120078220829129,-0.963086143148271,0.8591388679280466,1.6043037567299105,1.8209817585787222,1.98370482418619,1.3979208031972914,-1.2950228595681474,-0.21779052275740737,-0.013746099684813808,-0.9718817715417949,-0.1422628687633895,-1.3979208031972914,-1.9837048241861908,1.6914434998552643,-0.9349191994684248,-0.18211288125669506,0.279040251178545,0.9395147565080901,-0.43454965705011084,0.02452383803125581,-0.762349526635866,0.139780294854656,-1.3587811351137562,-0.7105613285614767,-1.6735099943652914,-1.4239386930545688,-1.633101700716815,-0.7309235830158842,-1.5241547677521787,-1.211010225189582,-1.569712699330082,1
0.10770514344524394,1.5213316050635446,-0.8790386569529866,-0.13478617003801185,1,0,0,1,0,0,-0.2684008765744537,-0.28499163474201683,-0.15703544559434116,-0.3527399937712245,0.12079695862464888,0.05342643156249622,-1.4730220400735028,0.3922611154106455,0.3702480296522291,-2.2812781742872845,-1.884720644578119,1.6397840323355113,2.5861401432251934,-1.4690365413517246,0.839159849572627,-0.007299459721141759,-2.327140007371161,-2.203978807458801,-0.7156106296406317,2.9462037540335584,0.5804290010653708,0.30226122449632975,-0.5134767129795473,0.7743074421053282,0.29847280814744065,-2.9462037540335584,0.715610629640631,-1.3444804850032512,1.0163612595869336,0.5638910893291381,0.47284775859846334,-0.5454256239766699,-0.024984737566746233,1.7372672433675176,2.5043724580243647,0.3258135853852078,0.19555442875423396,-0.1035484832504671,-1.0440080620563552,-1.112748180258855,-0.7869459763528921,-0.5723076854318833,-2.1003612421084505,-1.378017789531564,-0.6418381130257917,0
0.6731109153044746,-1.132748289997029,0.27967722576327125,-0.8681093238500562,0,1,0,1,0,0,-0.5333985536612357,0.02318856678747634,-0.23379453409861076,-0.3226502117901975,0.45855618511539137,0.26718453982161294,-0.014937180375493285,-0.8643653431646822,1.1466678105434593,0.2670762729084381,0.4771410821211019,1.1406083314581852,-0.08496003677974368,-0.8456430079427072,0.5859938419592908,1.2742133280953465,-0.3151896790445003,-0.04113972835999004,-0.04053384962865217,1.595854703162155,-0.8241860167053136,1.7734043267363506,-0.2870718005410316,-0.6733395047304284,-0.6604717127474383,-1.595854703162155,0.04053384962865146,-0.8431352397972577,0.41596727218528484,-0.30947941282012914,0.369483754641173,0.22264698661889537,-1.1276595207911904,-0.30171300108041293,-0.319404172783631,-0.35630847989348147,-0.859173275299045,1.33810702436318,-0.5696008087220858,-0.62002986833231,-0.8207922053274488,-0.3185222492974822,-0.9479482933959068,-0.32030321536567735,-0.5799798072721716,1
1.3156174742354179,-0.3854830768246345,-0.4445202009343899,-0.4281154315628296,0,1,0,1,0,0,-0.4703038686405733,-0.13264595021234282,0.48262362527457214,-0.506082151943766,0.8356818865646839,0.2890969818816479,0.4808576532367981,0.9692190895719125,0.5928090836074885,0.802440230110894,1.0274754583919823,-0.11714617328047036,-1.3423594306251907,-0.26708408335711437,-0.024372995458732928,0.6051161733810598,-0.6230248941487966,0.12332233512746674,-1.171446535938352,1.002053003267564,-0.9355115413335784,-1.3546999492125784,-0.202306479446622,-1.7018258019138746,-1.2153681600044621,-1.002053003267564,1.1714465359383512,-0.5646101035717058,-0.4846237089171882,-1.4193877593014905,-0.9484072958142716,-1.1086788717467513,-0.9701345517591269,-1.4435419379712537,-1.2052948804881005,-1.2864749325462383,-0.859173275299045,-1.2416975682086098,0.16025650409986858,0.028283699992091807,-0.6515610604546642,0.3476645205553221,0.6983559190505837,1.461110804282131,0.5953280020465953,1
-0.2263982671988458,-0.46278637473902035,-1.168717627632051,-0.4281154315628296,1,0,0,1,0,0,-0.24316300256618875,-0.3053431574845305,-0.1442422641769629,-0.35563324203863095,0.10403287332930602,0.04001065070941358,0.1686996888770326,0.1971937470409251,-0.7287467096626921,-0.11233475683589245,0.2894085597320861,1.4622010325614607,0.7925633638086966,-1.0381290203149052,0.5657414401574303,-0.10546252597003038,-1.2872963472559489,-0.8659486800472357,0.6912331826893902,1.3087111581427058,-1.2718673091867931,0.2960927490192963,0.8902414974355404,-1.1247040128790833,-1.2216756445466954,-1.3087111581427051,-0.6912331826893908,-1.0102503215325889,0.41596727218528484,-0.2639913658331881,-0.2765412700918884,-0.7502449868021539,0.006520256239666901,1.247911984700014,0.954063719541543,-0.8523972546416179,-1.2477571662660425,0.04820472807728505,-0.615216890773458,-0.10137901367278856,-0.5330992590437151,-1.4605567119022886,-0.5363722402842841,0.06938110143228039,-0.76555472453303,0
-0.9974061379159777,0.05256894469021735,0.27967722576327125,0.3052077222492148,1,0,0,1,0,0,0.3246891626197725,-0.483273613461936,2.926121275993821,-0.7219184726922866,0.757943539005908,0.18624266200801434,1.1041967810790527,2.389431768089755,-2.8316015631712115,1.1928291304197953,0.6314151704957915,1.5585698284174927,0.23327862740243427,0.5557645277403115,1.563144951524041,-1.7676896166688953,0.08827424497373104,-0.2704643988282603,0.7338087191151667,1.3979208031972914,-0.9800991354759301,-1.7136457915342544,2.094536606653445,-1.523903970032448,-1.0849264896437636,-1.3979208031972914,-0.7338087191151673,1.07868820015905,2.367247731240644,1.7738731391817693,0.369483754641173,0.39332978897346543,2.8419696988168086,1.9819448727012692,1.6738499195514247,1.2559800380379649,-0.7481493064513315,-1.4440351833122795,1.3827675030766426,2.448654355069859,1.4581872122927166,-0.9635602328057525,0.06727263761276221,0.9415317152181866,0.5747085667953888,1
0.2105061928741954,2.113990222407169,1.4383931084795292,-1.8947617391869185,1,0,0,1,0,0,-0.7605394197356201,1.9042507402740996,0.34189862968341117,-0.4812002168440706,1.7999728681305163,1.836383706937179,0.9689364903603822,-1.6892355682252456,-0.5680821561831793,1.224399361876698,0.825021623384219,2.5384694844679765,0.6424212294616215,0.3231444836198546,-1.4460757461934213,-0.19383370526305024,0.7680761755716927,0.38529547452745766,1.6693198303085888,1.8065585321570097,-1.024447615837854,0.8698818929341933,0.5818031578292011,-0.8924733583890506,-0.6964024774325959,-1.8065585321570103,-1.6693198303085894,0.2152602778598393,-1.3852146900196616,-0.2730889752305771,-0.3282232720705331,-0.01630893667750248,-0.2140147004052217,1.0032343553662626,0.2342775195316623,-0.5423417704240322,-1.0257092285706153,0.5793409677244183,-0.5239847266707137,-0.16621037050522874,-0.4992530300691578,-0.857816301083085,-1.1125787146405561,-0.4316415915936655,-0.2706882785040748,1
1.0843151130202777,1.3924927752062353,-1.6032360836506476,-2.6280848929989626,1,0,0,1,0,0,-0.7731583567397526,2.9654372832765996,0.7512804350395157,-0.5517954745687877,2.1128577158845236,2.7070678843022424,0.4259158479793352,-0.9886634825243956,1.8382012786686148,-0.01544854206614344,1.0825527282415437,1.002798081783254,-0.8628344282939906,-1.023613277952904,-0.6860168079897024,1.2759042476538651,-0.5339694124910074,0.3244850477201878,0.9041108648182726,0.471010832630124,-1.615028681019763,0.6697350784410072,-1.2307220068917857,-0.508604945317098,-1.0905750725695664,-0.471010832630124,-0.9041108648182734,-1.038102835155144,-0.7848207026180125,-0.600602913536552,0.09815324425328795,-0.11871861809024475,-0.8126095827270634,-0.13859458152457876,-0.5408768497097485,-0.8523972546416179,-1.5253170883853264,0.5034643620605421,-0.2867811000035777,-0.8534227529290943,-0.9731002357129547,0.15732544345452057,0.36909507656128593,0.6817421706862145,-0.5181215015185524,1
1.8810232460946468,-0.3854830768246345,3.176466932553916,-1.6014324776621007,1,0,0,1,0,0,0.4634974696652297,-0.5053695524395223,0.7384872536221374,-0.5512168249153065,0.11613244197751926,0.03732749453879705,3.168922901300296,0.5122666006451075,0.19974695402364498,2.3303318461572284,1.959078512356941,0.30262298665391496,-1.6560435328990168,3.4121176526481682,0.17292171413531285,0.5442639105051692,1.9038619030557768,1.927859040967833,0.08301123374971872,0.33041212922948743,-0.9971166796244898,-0.529872808660028,0.27387196373336936,-1.2602911107299255,-0.6647188876348884,-0.33041212922948743,-0.08301123374971872,3.251184262718354,0.19081952690966666,0.09991301006234013,0.369483754641173,1.1614023995690306,-0.05648973137315825,-1.3619827281933365,-1.5375038958772762,0.20179139169817292,-0.859173275299045,-0.3311783002420958,0.6346637574341392,0.6895635396829819,0.09305597698558829,0.506280418139323,0.7806711296729086,1.0714264874841732,0.8427612250610729,0
-0.7661037767008384,-0.4885541407104817,-0.4445202009343899,-0.8681093238500562,1,0,0,1,0,0,1.48563136699996,-0.6548078765774086,0.21396681550962854,-0.44416663902126813,-0.5274675756487958,-0.1603316766966205,0.18203331200415654,-0.6152854982496804,1.445757886554824,0.04720641062272609,0.40500735266030796,-0.4378882311322399,-0.9144142470655465,-0.5133133774521303,0.6855808402932484,0.870940815018648,-0.8016714342081791,-0.9049691269816754,-1.727831386957028,1.1164148121361515,-0.7660184300870453,1.531298491481617,-1.1011879382146066,-0.8586964864778716,-1.410055608633542,-1.1164148121361515,1.7278313869570274,-0.7595776989295921,0.02999970885565349,-1.4648758062884317,-0.8782674359861105,-1.1062405459988285,-1.8657765185414301,-1.0357458890816678,-0.38268208047680763,-1.1004416420156866,-0.7481493064513315,1.33810702436318,-0.1681792866700104,-0.6978274965312384,-0.9561771212256767,0.062155904904119784,0.36909507656128593,1.127095675598167,-0.3944048900113141,0
-0.4063001036995106,0.2587110724619126,0.27967722576327125,-0.4281154315628296,0,1,0,1,0,0,-0.19268725454965888,-0.3344167614024072,-0.4128990739419065,-0.191296740449945,-0.2591265618051687,-0.10935170945490646,-0.9928353121538044,0.4299789840277583,0.19534990428801682,-1.252772173436865,-1.0787295673569055,-0.31247234455338235,1.1571085312321683,-1.023613277952904,0.09130439776543257,-0.3400109504459341,-0.790201205588633,-0.7917839895162159,0.6912331826893902,-1.1117316642817359,0.35777934337789935,-0.4986929082651577,-0.6087280780893569,0.9088643953149044,0.6293783118716642,1.1117316642817359,-0.6912331826893908,-0.8709877534198129,0.340918023760079,0.7731361054690666,0.459927258103802,0.10316902497069583,0.6681251261743327,1.7372672433675176,1.4523772426253072,0.139780294854656,-0.19302946221276363,-0.9381911455531051,-1.7647421584680356,-1.7351292058502814,-1.3623318689203594,-0.857816301083085,-0.4540570296619595,-0.9326642846196119,-1.6315710050837011,0
-0.35489957898503444,1.0317440516057692,0.27967722576327125,-0.4281154315628296,1,0,0,1,0,0,0.526592154685892,-0.5210692985551757,-0.5408308881156891,-0.03795458227740351,-0.97452758319183,-0.3714066287851207,0.17961588649588658,2.0364263762191133,0.035219388998807534,-0.19359157762993992,-1.2935975794855281,-1.0941064392515607,0.7128454876378627,-0.15552484230016894,1.7406265906544918,0.008012032188648627,-0.613345817390084,-1.729282740914744,-1.773666294592434,0.266869946255213,-0.405158852441011,-1.051337602905256,-0.04009476494573164,-0.34665348144134084,-0.006567810407581225,-0.266869946255213,1.773666294592433,-0.3417899945912644,1.1664597564373458,-0.8189455390738695,-0.6899972859210471,-0.8697229484503528,-1.6632444155002057,-0.5463906304141645,0.34501385799472056,-1.1004416420156866,-0.7203933142394032,-1.317574173872486,-1.6917564271858405,-1.4498712357875443,-1.4638705558440304,-0.9847090191502859,-0.7833178721512579,-0.7656567202776299,-1.6934293108373202,0
0.3647077670176212,-1.0039094601397194,-1.168717627632051,-0.13478617003801185,1,0,0,1,0,0,0.4130217216486998,-0.49315863879401406,0.188380452674872,-0.44185204040734294,-0.13531978968790498,-0.03780087823846573,-0.6475721198002472,1.5105034720524801,1.2469385334071958,0.18481050068352206,0.03803265151872952,-0.5635556668651758,-1.5813569081904728,-0.9320921001457001,1.4221242143453878,0.972440450860551,-0.35553607144632343,-0.8932629929013431,-0.7279513648365089,-0.04664941409013511,-0.030870647723896145,-0.648560600604943,-0.7273978765404941,-0.6022105458597995,-0.9215417626940964,0.04664941409013511,0.7279513648365081,-0.48105256270404034,2.81754322179188,2.9929527984317894,3.237834864455966,2.8682304231147313,0.06953024385249205,0.5954383064766764,1.1201682272361313,2.620224168595341,-0.23928944923264436,-0.8117301361133116,-0.8220097960730116,-1.030628461604431,-1.1648955332354438,-0.4348405741924158,1.3020007969476304,1.4054416161681371,-0.76555472453303,0
-0.894605088487027,1.2636539453489257,-1.168717627632051,1.7718540298733036,1,0,0,1,0,0,-0.6091121756860305,0.27031420008942836,-0.054689994255315046,-0.3747286806035135,0.8133652694943978,0.4974887777995315,-0.19760733329399574,-0.38887617651057876,-0.22935447748896037,0.5127307540174949,0.8622152780277295,0.9703277215858745,-0.5287624447702223,-1.1693669304891932,-1.3536950841324638,0.5446258017807424,-0.45145390998650636,0.23444511312815075,-0.16027754582615011,1.4823726005156324,-0.8936398514733954,-0.8223572620562225,0.8608316614254393,-1.1403201392479638,-0.892032067330247,-1.482372600515633,0.16027754582614942,-1.2330704305130304,-1.4602639384448675,-1.2738260089432798,-0.8450432918569822,-0.9550643496276378,-0.844114576533476,-0.7910682597479163,-0.8177176958673952,-1.2244638357027204,-0.9424412519348303,-0.9381911455531051,-0.7429419205172992,-0.23104172733766892,-0.6515610604546642,-1.206771275767887,-0.4540570296619595,0.29205785388825667,-0.2706882785040748,1
0.23620645523143258,-0.9008383962538722,-0.4445202009343899,0.3052077222492148,1,0,0,1,0,0,-0.6974447347149578,0.645363690630038,1.3781463244910508,-0.6356996743235747,1.810080969349494,0.9876119716321506,0.28726447909259517,-1.3774259363889128,-1.0298481898360479,0.4453103493779697,0.7522278337986187,-0.45170436240626227,-0.8934640558376992,0.9109392525367423,-1.1793119688602929,-1.3016453826212453,1.2832547340938236,1.2700305851439633,1.5021957812756164,-2.1059303621381678,0.5107515168938829,0.7091514837501378,0.09980889629226751,0.6708678747209988,0.26200464997517,2.1059303621381673,-1.502195781275617,1.0229831729139398,-1.009968447893631,0.49111021415003275,-0.3023822710812103,0.20557870638343811,1.9913348660436665,0.2692014673650073,-0.3747723420151606,0.44983577907224165,1.0282341951120857,1.413983630027056,1.811558674359541,1.5972025353371444,1.836136769175269,0.8552353928241243,2.509290552741724,1.3497724280541432,1.275769365336409,1
1.0586148506630406,0.23294330649045036,0.5693561964423357,-0.13478617003801185,1,0,0,1,0,0,0.12278617055365294,-0.424544933547825,0.047655457083711085,-0.40308251362409664,-0.05609801670784394,-0.014994050788225242,-0.09321200537687374,0.4649320008364519,0.7112241252293978,-0.040769259720001734,-0.13983375230122058,-0.7766054317331879,-0.3335940783982746,-0.42700245866903175,0.6825691695044945,0.41910447600092054,-1.0642962640847227,-1.0136032770203571,-1.0827475017179835,0.01465860574169185,-0.2970422629772566,0.045649047873029105,-0.5511076252384794,-1.000261317282087,-0.807795591655869,-0.01465860574169185,1.0827475017179828,-0.5089050763265954,0.41596727218528484,-0.5187244289600577,-0.23777976860790415,-0.6307670251539549,-0.8756195703398886,-0.38327221085833024,0.12354118106860354,-0.4803306735805153,-0.1375174777889068,0.27583454506891375,0.7076494887163344,0.28760912732185256,-0.14386762583630988,0.9504049313745251,0.8629863402952329,0.9600881112561845,0.22417816752487937,0
-1.1259074497021662,0.18140777454752677,2.452269505856255,-0.4281154315628296,1,0,0,1,0,0,-0.5081606796529707,-0.061706356652723664,0.16279408984011548,-0.4297003976842359,0.7285575328312016,0.28462505493062035,1.3343383739034997,1.3183894196226071,-1.05881944265511,0.9217723232947304,0.9174789899228439,1.8372108263903633,-0.2736224361009741,1.266844660018491,0.8117579010131716,-0.19507996548385118,1.0612175764996663,1.1478252988841922,1.0187373090415193,1.4953651847184546,-0.5896137327951307,-0.9963296082164828,1.2514050968997157,-0.19296975793798077,-0.07213962302483083,-1.4953651847184546,-1.01873730904152,1.217950768271826,0.7912135143113154,0.09991301006234013,-0.018131260198663828,0.4103980692089227,0.5736101447550955,0.18764225758709038,-0.26403600355210183,0.3258135853852078,-0.6926373220274746,-1.0899443568808573,-0.7703115697481222,-0.07544647093981212,-0.14386762583630988,-1.4922798914190887,-0.8656330827735822,-0.26463402725168356,-0.45626319576493324,1
1.1614159000919912,-1.2615871198543382,-0.15484123025532542,0.3052077222492148,1,0,0,1,0,0,-0.356733435603381,-0.22684442690626339,-0.3361399854376369,-0.2271730189657849,0.0387198104837192,0.001104886235473924,-1.4188191307828368,0.7894942633639169,1.0219128654682903,-1.6413581732896922,-1.490474803406126,0.0027471132688556264,1.5703516601011513,-0.357331019201894,0.7953285014702611,1.2680426522628452,-1.0580034417006141,-0.7832869437782242,-0.06904425348519984,0.07222398482797085,1.6158615951570932,-0.28686301974924555,-0.12272854542183113,1.1682708985208445,1.1729629957032586,-0.07222398482797085,0.06904425348519913,-0.3139374809687093,0.7912135143113154,0.13630344765189217,0.7829397704703327,0.2738518273252659,-0.9701345517591269,0.6769975162545934,0.7879592118469556,-0.046252995675895824,1.1670141561717275,-0.482931511569848,-0.7246954876967501,-0.671894953798262,-0.21156008378542468,-0.15990635171348128,-1.3595243465075295,-1.4893561657595522,-0.7036964187794109,1
0.6731109153044746,-0.3854830768246345,0.27967722576327125,-0.4281154315628296,1,0,0,0,1,0,0.43825959565696476,-0.5036251362044497,0.5977622580309765,-0.5292281380830175,0.06840286024492223,0.021675750210200635,0.13966534632662542,0.33700173321962734,0.05077607022935417,0.7625166378471728,0.30071954054021,-0.47382282387800073,-0.588471732147419,-0.6942868632333901,-0.21186701088105184,0.770209306222572,0.03468438025680405,0.08113465863659476,-0.1984048918790851,-0.44946226314143684,-0.8879313171088955,-0.6747891754659308,0.7045734850394082,-0.9957183465212893,-0.3117379281532334,0.44946226314143684,0.1984048918790844,-0.6481676444393714,-0.18442671521636386,0.05442496307539909,0.44700675760914055,0.4445346296798359,-0.6235796198885869,-0.22015379130249568,-0.1532996650890431,0.3258135853852078,-0.9464063936793914,-0.8297959946047105,-0.8068044353892204,-0.3607044410025493,-0.7095831672681902,-0.7218598174396557,0.1456680763006908,-0.06581549827313367,-0.9864772450816709,1
-0.35489957898503444,0.7998341578626126,-0.15484123025532542,1.0385308760612593,1,0,0,0,1,0,-0.2810198135785862,-0.28382869058530175,0.022069094248954552,-0.39729601708928375,0.28487002235223224,0.08875465447561383,-2.0108985382983198,-0.8085443445644199,-0.5683289436808263,-2.062881305793159,-1.6842015042647902,-2.2456537966843495,0.5060100727338261,-0.31471728215414924,-0.7954858904574557,-0.24318389693422485,-0.5964277672572103,-0.7167055273392271,-1.7036407412605648,-1.373153796310799,2.4817415680739674,0.31285218521270236,0.5325483412907256,2.1954119937005383,1.489820988903113,1.373153796310799,1.703640741260564,-0.7595776989295921,-1.2351161931692491,-2.1744893392847113,-1.9303653334085251,-1.9962294439905155,-1.5687294340809674,-1.6066603575270884,-1.2052948804881005,-2.0306080946684437,3.0821776187947867,0.8069707847160468,1.4101371523074657,1.519404907138216,2.5130613486664073,0.12560226393772106,0.28677986593896093,-0.32030321536567735,1.708777505611744,1
-0.7918040390580765,1.289421711320388,-0.7341991716134544,-1.161438585374874,1,0,0,1,0,0,0.13540510755778543,-0.4257078777045401,-0.016310450003180245,-0.3863016736731393,-0.11277384770415104,-0.028857024336410634,0.2158395336956582,0.7869447677296374,1.0028512105988119,0.6688363251761426,1.0649769322981624,0.1297838155947424,-0.6277359120751222,0.8189378304898655,0.8879963704849164,0.23569246641314934,1.314453735794359,1.0965589303007053,-0.37315522795503414,0.5471004570796687,0.5181429052547252,-0.19053112008526027,-1.1340830019525956,0.3998350981360002,-0.3139458026995723,-0.5471004570796687,0.3731552279550334,0.2500759198880333,0.19081952690966666,-1.4421317827949611,-1.1228340524921985,-0.6307670251539549,-1.1512882661459996,-1.3415929257488572,-1.3713993881826885,-1.0229277709612903,0.4731143508735179,-0.17942508891434333,0.0051618251252043045,-0.5811310542328463,-0.39771434314548676,0.4428340591057229,-0.37174181903963527,-0.15329565102369538,0.038603250264021984,0
0.05630461873076867,-0.07626988516709207,0.5693561964423357,-0.4281154315628296,1,0,0,1,0,0,-0.43244705762817587,-0.16288249828693463,-0.11865590134220637,-0.3648916364943316,0.38018212803598656,0.15672794413123253,-0.674359555091413,0.4610417508656857,-0.22645192371046294,-0.34043555966723166,0.0500391692203619,0.23792639358080195,-0.041926555514315095,-0.6603127303836948,-0.41030339988350506,-0.3995891104089976,-0.6099140189220219,-0.6268120528624719,-0.46991781074089073,0.7905619868667512,0.27793667711450804,-1.0438272107732696,-0.09198115383758698,-0.14487382267694304,-0.6770133412564548,-0.7905619868667512,0.46991781074089,-0.7317251853070371,-0.5596729573423944,-0.6369933511261053,-0.7287587874050313,-0.9038595089212672,-0.2770246880180474,-0.38327221085833024,-0.2086678343205727,-0.8523972546416179,0.19555442875423396,-1.0140677512169813,-0.1864257194905595,-0.2051091846046925,-0.24540631275998087,-0.6040308649486834,-0.20711139779498602,0.18071947766026855,-0.20882997275045564,1
0.5960101282327613,0.3102466044048362,0.5693561964423357,0.3052077222492148,1,0,0,0,1,0,-0.5460174906653681,0.11040937854110647,-0.0035172685858019803,-0.39093087090098955,0.6925289094151599,0.3870321821091512,0.011961302206953602,-0.6447387472833089,0.9935084508610796,0.5791456136733348,0.9874258491079468,-1.4591112009107639,-1.111137750955256,0.06737401374861537,-0.8896823421055432,0.7979692323680704,0.9610817095890171,1.1721515045422182,-1.9287998281276528,-0.07709346503402185,0.050686838804678565,-0.006340075182567779,-0.5562772123867064,0.17060381081552412,-0.139324160567067,0.07709346503402185,1.9287998281276528,-0.3417899945912644,-1.1600669447440433,-1.537656681467537,-0.9742482968035945,-0.596630464683041,-1.3796994712424915,-2.0144564064166746,-1.7036084035718644,-0.9764194483286528,0.1400424443303771,0.12408133374116129,0.40658334717727845,0.04124997135858002,0.10997909147286698,0.5380035976561225,0.2044646553166367,0.18071947766026855,0.22417816752487937,1
-0.04649643069818187,-0.2824120129387873,0.27967722576327125,0.5985369837740325,1,0,0,1,0,0,-0.20530619155379135,-0.32860204061883186,-0.029103631420558513,-0.38340842540573283,0.16140842586256568,0.043588192270235616,-0.5370393410544583,-0.2068523939525047,0.8067682286687053,-0.6687404087078866,0.16897857161580385,0.4600196869842184,-0.24952924561637935,0.2915668128714812,-1.5067042436301858,0.9807782085111589,-0.2135348020991258,0.1961654276970126,0.3242026962602782,0.30587169994287167,1.0380964007175075,-1.2254718331275207,-0.11729168182190206,0.6916876941365272,-0.02816305934545175,-0.30587169994287167,-0.3242026962602789,0.29881781872750485,-1.3852146900196616,0.11810822885711679,0.6149732640397371,0.4957394703862077,-0.4660546508565234,-0.46483142063624716,-0.6516131881728072,-0.10826409251941274,0.7506742729928018,-1.2416975682086098,-0.5422311594912614,-0.5162996974004062,-0.2284831982727022,-0.794369942049485,-0.7010026615289333,-0.6543183440496418,-0.8274130302866491,1
0.23620645523143258,-0.5916252045963298,1.1487141378004646,1.7718540298733036,1,0,0,1,0,0,-0.23054406556205628,-0.3256946802270442,-0.68155588370685,0.468363864518724,-0.8223920164621596,-0.6124434914455055,-0.45478974119036764,-0.1358949733450731,0.9750930365941451,-0.7165454744340536,-0.5536516823052765,0.6184636042162528,0.7949880160599271,-0.44498681130217094,-0.8987858227127383,0.4827584545391296,-1.1896742771491353,-0.7919560169842372,-0.3224700655433951,1.163332477313009,0.18777062720154664,-0.7138637909690605,-0.8478591570703345,-0.2116539401957687,-0.053416606231600765,-1.163332477313009,0.32247006554339436,-0.6481676444393714,-1.0850176963188372,-1.155557086777232,-0.7675202888890147,-1.1428154322176651,-1.0646495331783645,-0.46483142063624716,-0.3747723420151606,-1.4104971262332722,-0.05424950115312168,-0.8623145398892288,-0.8068044353892204,-1.0738493661593913,-1.0746389226366257,0.1890486229713212,-1.1948939252628807,-0.8769950965056176,-0.5181215015185524,0
1.0843151130202777,-0.3339475448817109,-0.8790386569529866,-1.6014324776621007,1,0,0,0,1,0,0.5139732176817596,-0.5175804660850305,0.2651395411791416,-0.4748350706557764,-0.13998790758759755,-0.031092987811924405,0.3385191890125555,-0.15387772869611138,-0.06598367417240979,0.6551745809015816,0.2949116888078729,-0.24979905802491773,-0.16348561690901123,-0.2939698361609557,-0.44663172972116466,0.11450977576703429,0.1708882865584174,-0.07428077201788673,0.4783555005605047,-0.8151232831568466,-0.7644503693438061,-0.23622385041368482,0.20527317442504825,-0.7156486907558602,-0.45592035533106107,0.8151232831568466,-0.4783555005605054,-0.45320004908148526,-0.6347222057676005,-0.8007503202790929,-0.625394783447741,-0.5283573437412127,-0.844114576533476,0.758556726032511,0.5664865349208381,-0.790386157798101,-0.7759052986632599,-0.3311783002420958,-0.3597668312857729,-0.2051091846046925,-0.4654068010946016,-0.3502454288142823,1.1099319721622063,0.7374113588002092,-0.8274130302866491,0
-1.2030082367738797,0.6967630939767645,-0.15484123025532542,0.5985369837740325,1,0,0,1,0,0,1.6118207370412847,-0.6699261506147045,-0.5024513438635544,-0.10739254069515815,-1.2854965581702202,-0.43222483531909534,0.7468640981321657,0.24725640777657645,-0.699978207274587,1.5929842336340425,0.7343830621380706,-0.285768205783895,-0.6843052067955887,0.22760282423649283,-1.1120101617440177,-0.1054625259700281,0.8339066122458864,0.5509812992595859,-0.5252107151899527,0.13114384342216406,-0.8111146489259277,-1.4533545480376588,0.8509139909204682,-1.3251314068928313,-0.4168079489797871,-0.13114384342216406,0.525210715189952,0.35452284597261524,-0.9349191994684248,0.5365982611369737,0.3953247556304958,0.7346953936826055,0.3845801819166189,-0.22015379130249568,0.012804842605544792,1.069946747507413,-1.0257092285706153,-1.6210805965279906,-1.7829885912885848,-1.1775795370912954,-1.531563013793144,-1.3653871733518879,-0.5363722402842841,-0.5429799678216537,-1.8171459223445585,0
-1.0231064002732158,0.1298722426046032,-1.6032360836506476,1.0385308760612593,1,0,0,1,0,0,0.551830028694157,-0.5257210751820359,0.44424408102243734,-0.49913835610199053,-0.061004873399372446,-0.01857159234904728,-0.21566690909298966,0.6644501182863362,-1.5794433583789251,0.14050895885251308,-3.779522253836195e-5,-0.6357520679720424,-0.17120967014736366,-0.5548302335812344,0.7190532244691152,-1.9105843765909407,0.0059676044740112014,-0.139529239056531,-0.5252107151899512,-0.34619240229020387,-0.25448974502067184,-0.1916469044470618,0.23919894015067553,-0.18390116408404655,-0.13617400913555638,0.34619240229020387,0.52521071518995055,-0.7317251853070371,0.19081952690966666,-1.1373618679824566,-1.8011603284619129,-1.7060686799877465,0.5421051509486824,-0.8726274695258333,-0.762349526635866,-1.1624527388592034,-0.1375174777889068,-0.02767187758659086,0.5069387276902979,0.5599008260181015,0.4484413812184362,0.12560226393772106,0.12214944469431245,-0.04195727479570725,-0.08511336124321738,1
-0.2263982671988458,-0.2051087150244015,0.5693561964423357,0.5985369837740325,1,0,0,1,0,0,-0.7983962307480176,3.8347380404211133,-0.1826218084290977,-0.3475321468898929,1.87906112421396,3.217761942109588,0.14368693275672767,-0.10982675754559594,0.4944931207463542,0.24738798908139115,0.6458478047371745,0.4634268892093684,-0.56399063698597,0.23973242098992179,-0.7185510889379342,0.450190051250178,0.736755664571249,1.0324519589056997,0.328888191831712,0.30587169994287167,0.03973763264618279,-0.5690880355441953,-0.22359107633447456,0.39634909217303416,0.1683546102254555,-0.30587169994287167,-0.3288881918317127,-0.007559831120602114,-0.8598699510432187,-0.8007503202790929,-0.4703487775118068,-0.1699234587966153,-0.5605696322757617,-1.0357458890816678,-1.2606630497196296,-0.6663639641110671,-0.22078545442469194,-0.7864379342253526,-0.9801455471844351,-0.9312203811280227,-0.7361766328910565,-0.635754044465484,-0.7010026615289333,-0.6543183440496418,-0.8274130302866491,1
0.31330724230314594,1.572867137006469,0.27967722576327125,0.5985369837740325,1,0,0,0,1,0,-0.7353015457273552,1.1454296780175175,-0.19541498984647596,-0.33422320485982326,1.2208646399555152,1.1392102952719845,0.034738991365743724,-0.48692978307035706,0.1538196321652602,0.099138529476093,0.13889326546580658,0.3130207520088456,0.28661840091289287,0.6419634163925799,-1.029574696883613,0.11916579379137879,0.9103766211259235,0.7054426473318727,0.6912331826893902,-0.25863368266248993,0.59313686850038,-0.3630789211197564,-0.09052645970309751,0.76878411633583,0.5081593943121222,0.2586336826624906,-0.6912331826893908,0.38237535959517033,-1.0850176963188372,-0.6369933511261053,-0.4832692780064673,-0.11871861809024475,-0.5605696322757617,-0.05703537174666111,-0.3747723420151606,-0.5423417704240322,0.6396503041450882,-0.2553016945782196,0.3062279666642602,0.20981149912292413,0.5161338391675497,0.2207718024881207,-0.12479618717266176,-0.26463402725168356,0.5334696962929761,1
-0.1749977424843705,-0.3854830768246345,0.27967722576327125,0.3052077222492148,1,0,0,0,1,0,0.33730809962390496,-0.48618097385372366,-0.438485436776663,-0.16699345500373086,-0.6933356280180868,-0.2448510960710411,-0.3826298934860022,1.7349413831558478,-0.9583882994019858,-0.07233730679213515,-1.2704406097706726,0.11917844362502664,1.7581581537643283,-0.4568088053500429,1.1781447655797994,-0.22007716548551334,-0.9157858134950949,-1.6769155759873442,-0.18121633423226968,0.3422733367180179,0.07561820524484295,-1.2010219329566976,1.0889925843285873,-0.8103545016704153,0.01445333893816159,-0.3422733367180179,0.18121633423226896,-0.03541234474315745,2.067050737539819,2.074094249295581,1.609851802128651,1.0760609983917457,0.5106001571422693,2.471300131368772,2.8919496426450695,1.1939689411944467,-0.10976148557697851,-1.2416975682086098,-0.6608329728248301,-0.0495139282068366,-0.36386811417093057,-0.7626467625326843,-0.6186874509066087,-0.5429799678216537,-0.5181215015185524,1
0.3904080293748593,-1.3388904177687242,-0.4445202009343899,-1.6014324776621007,1,0,0,1,0,0,0.097548296545388,-0.41465990821574694,1.5188713200822117,-0.652480514274532,0.5954219545254159,0.18534827661780884,1.5335994681850889,0.4910262062065015,-0.1385521981935599,3.059465379928516,2.9676638690726964,1.6833687893258784,-1.8091504077762643,0.25279770766922843,0.3903593457521157,-0.5749947027678798,-0.16641794830340936,-0.8728288596074625,-0.5972369986170187,2.8882466382268537,-1.879914901583136,-0.28289545463424454,-0.38840872754726574,-4.2981575368483655,-4.710255873049712,-2.8882466382268537,0.5972369986170181,0.15955525061472892,0.26586877533487285,-0.24579614703841146,-0.4961897785011287,-0.5283573437412127,-0.37153966943728567,0.02452383803125581,0.34501385799472056,-0.790386157798101,-1.788999014398646,-0.9381911455531051,-2.2893271020588153,-2.078735397062214,-3.0969511038664015,-2.4439752769230942,-0.8244754774624201,0.848749735028197,-2.6213038971416105,1
-1.1516077120594044,0.7482986259196881,1.4383931084795292,-0.8681093238500562,1,0,0,1,0,0,-0.6469689866984278,0.4476631839884763,0.46983044385719386,-0.5055035022902847,1.2633488741961245,0.7349480988990942,2.666940150276182,0.2187031348617852,0.6166849739511107,2.9172205491213754,3.052906181268182,1.3990136456702256,-2.946791397374299,2.7505864849241988,0.46995153598530465,0.5324590253115513,2.0059058809187844,1.8814495419354287,1.1750460966186718,0.7426913412446393,-0.9600915929162211,0.17061021602702214,-0.30795904817462294,-1.9519548238622422,-2.1320582714140963,-0.7426913412446393,-1.1750460966186724,2.8891015856251374,0.641115017460903,0.5456958705343614,0.7570987694810098,1.6222459659263704,0.1325402314653172,-0.9541866793037505,-1.4267675574142176,0.6358690696027934,-1.1089772052064004,-0.4070549059059717,-1.60964747949337,-1.488770049887009,-1.9884871049496622,-1.4605567119022886,0.4514102871836102,0.9600881112561845,-1.6934293108373202,1
0.5960101282327613,0.6967630939767645,-1.168717627632051,-1.161438585374874,1,0,0,1,0,0,0.40040278464456736,-0.49083275048058395,-0.6175899766199587,0.24847699619583435,-1.0912224137410664,-0.569512992715641,-0.6443479579098504,-0.30501539995851407,-0.21311784029995143,-1.3442031321498262,-1.1380705254765473,-1.0242071986550745,0.470731780054237,-0.8872051785102407,-1.3219450944227258,0.08938849184828145,-1.5627444231742897,-0.6314844188330359,-0.7613439424253534,-0.6418048099999468,0.009496559894390811,-0.9056523669717077,0.38116604089417927,0.26634109166133807,0.8630257947001904,0.6418048099999468,0.7613439424253534,-0.6481676444393714,-1.009968447893631,1.3644807162993,1.2093162867941527,0.4103980692089227,1.518759958947476,0.35076067714292497,0.8433273810784847,0.9459245538203791,-0.19302946221276363,-1.0140677512169813,-0.7703115697481222,-0.47740088330094144,-0.3469449996836519,-0.28679906978068154,-0.28942660841731066,-0.5986491559356475,-0.7036964187794109,0
-0.7661037767008384,-0.2824120129387873,0.5693561964423357,1.478524768348486,0,1,0,1,0,0,-0.4576849316364408,-0.1338088943690579,0.6745213465352461,-0.5390651821921995,0.9012659350619028,0.3136925801122994,-1.5829705377343928,0.34302777037065607,-1.0361599751623436,-1.6567659235547774,-1.7582575334705712,-0.934739760891651,2.697982654848595,-0.9250426725549596,0.6382808330247881,-0.636986649983034,-1.1086687296136917,-1.1945174036370976,0.6502951668953726,-1.919828377166137,1.2768673275235178,0.16859934665442936,0.776355245136959,1.1388469428924888,1.1196071551668567,1.9198283771661375,-0.6502951668953733,-0.9545452942874786,0.340918023760079,-0.6097005229339397,-0.8192022908676594,-1.1598837124531223,-0.24551969421163483,2.145063292257104,1.8953225964775422,-1.1624527388592034,1.5833540393506536,0.5034643620605421,0.9995924138451164,1.298978293907919,1.7684443112261554,0.12560226393772106,0.4514102871836102,-0.3759724034796717,0.7190446135538346,0
1.3156174742354179,0.3102466044048362,-1.168717627632051,-1.6014324776621007,1,0,0,1,0,0,-0.33149556159511606,-0.22684442690626339,0.5849690766135982,-0.5286494884295363,0.6723263578700496,0.2340922803840091,0.13387649776018887,0.6533694628089234,0.6656444956373764,-0.11938118961608367,0.02083551857118251,0.3979840500740316,0.15761157169832005,-1.2845709295401553,0.010997416437572911,2.1340974129291173,-1.2401116935391283,-0.5789138600281818,0.6912331826893887,-0.14275387761029457,-1.4696866662097883,-0.8857531220102607,1.234603763664953,-1.0683972418675152,-0.5922839024596458,0.14275387761029457,-0.6912331826893894,-1.2609229441355856,-0.18442671521636386,-0.5824076947417753,0.5245297605771081,-0.03337721691295973,-1.726254403113031,0.4323198869208419,0.12354118106860354,-1.1004416420156866,-1.3865371273256843,-0.8623145398892288,-0.14993285384946126,0.4950694691856613,0.008440404549195996,-0.9212626601166852,0.28677986593896093,0.23638866577426285,-0.5799798072721716,1
1.958124033166361,1.2378861793774645,-0.15484123025532542,0.3052077222492148,1,0,0,0,1,0,-0.40720918361991093,-0.1832340210294483,-0.3233468040202586,-0.22890896792622875,0.12779997315491726,0.03598591645348879,-1.730899005107193,0.5763551260126237,0.5008498842047892,-0.864646227605868,-0.7176975121950749,-0.260007323245875,1.036767556745828,-0.4067314644481987,1.154706213632348,0.2426939490228736,-0.16473767379037535,-0.11528038362751179,-6.192842294857107e-4,-0.3540047794704373,2.0004559144491574,0.3656938380385808,-0.4407945568256188,1.0047302138048382,0.8204930586755224,0.3540047794704373,6.192842294857107e-4,-0.3139374809687093,1.2415090048625523,0.3728412919839863,0.44700675760914055,0.3591932285025509,0.038025250046078915,0.5138790966987595,0.5664865349208381,0.6358690696027934,1.6666220159864384,0.19995793940503753,-0.3688900476960481,-0.5292659687668935,-0.1269445113490324,0.1890486229713212,-1.0302635040182315,-1.266679413303576,-0.3944048900113141,1
0.31330724230314594,-0.3339475448817109,0.5693561964423357,1.7718540298733036,1,0,0,1,0,0,-0.11697363252486404,-0.36581625363371406,-0.579210432367824,0.1443200585692024,-0.6379856326310068,-0.3928718781500529,-2.219307304940721,-0.7313113958179754,0.7407403345853385,-2.2393133198381885,-1.3071475897308706,0.12830421320698962,1.1383577946194912,-0.7667847096087644,-0.3172857187380685,0.8756126013391674,-1.4217688234585528,-1.074400014986476,-0.7768887630270574,0.9455004604204603,2.3198385843574822,0.6858979736381299,-0.13271063173775352,1.6153661990065444,0.6504133858251384,-0.9455004604204603,0.7768887630270568,-0.7038726716844818,-0.25947596364157,0.13630344765189217,0.5762117625557528,-0.06751377738387422,-0.6235796198885869,0.4323198869208419,0.954063719541543,0.139780294854656,1.7776459848341521,0.35171115073279,-0.6882026220556532,-0.6459624110652865,-0.025405824425361403,-0.8895394805998851,-1.0302635040182315,-0.7656567202776299,-0.332546584257695,0
0.030604356373531493,-1.2100515879114147,2.452269505856255,-0.13478617003801185,1,0,0,1,0,0,-0.44506599463230834,-0.13671625476084556,0.15000090842273722,-0.42854309837727333,0.604492399893782,0.2260428118721595,1.6358437088074689,-0.7976047272721726,1.344912076490555,1.6315412678742975,2.0330053382704425,2.076495751203225,-0.8898863644955983,1.4853146683840839,-1.045735988145775,1.253320706402273,1.255406527702287,1.647259714411648,1.7015001487247745,1.1445654112422656,-0.7905715822274199,0.047142162891731045,-0.5790734232377175,-0.9592673716853913,-1.0347780101147894,-1.1445654112422656,-1.7015001487247752,1.4686233908748227,-0.9349191994684248,0.19998671343360988,0.8346217724489774,1.3662217623945152,-0.4660546508565234,0.10608304780917345,-0.5962450189412776,0.44983577907224165,-0.7759052986632599,-0.02767187758659086,-0.2046721523111086,-0.46443461193445323,-0.7869459763528921,0.030432725387320277,-0.28942660841731066,0.29205785388825667,-0.20882997275045564,1
0.6731109153044746,1.5213316050635446,0.27967722576327125,-0.13478617003801185,0,1,0,1,0,0,-0.5333985536612357,0.02318856678747634,-0.15703544559434116,-0.3527399937712245,0.5345956800990577,0.29043855996695617,-1.0029270846584524,0.5580566080581709,1.2846000962220403,-0.664449880457238,-0.34429828681900054,1.9963719598177474,0.9614111806818176,-0.9567188263391442,0.7982946544750447,1.2367921897134204,-0.33006246683184104,-0.1345789516949797,0.271474372857786,2.4535682696765635,0.4386523465657813,0.03376385232416026,-0.5132344910155825,0.5703446296315318,0.31621448254288853,-2.453568269676564,-0.2714743728577867,-0.9545452942874786,0.5660657690356972,-0.4004555067940112,0.26611975068388355,0.12023730520615308,-1.222174502210428,0.18764225758709038,0.06817301183707392,-0.29429738304996345,0.1400424443303771,-0.2553016945782196,-0.8524205174405927,-0.9571529238609991,-0.7023304039164997,-0.28679906978068154,-1.853415610241477,-1.211010225189582,-0.45626319576493324,1
-0.4577006284139859,1.3151894772918502,-0.4445202009343899,-0.4281154315628296,1,0,0,0,1,0,-0.1295925695289965,-0.3600015328501387,-0.4896581624461761,-0.1293812275274471,-0.4444831178265467,-0.17687780641542242,-0.8470935478920044,0.08641939968596328,0.31869015171495635,-0.6254679103944508,-1.1561578430621124,-0.7917479044838179,0.6186089533123773,-1.3076697452772188,0.3831987842048285,1.0134188753340636,-1.2669977543420585,-1.2502857716740996,-1.6999955754706857,0.6061852033378352,-0.1287040027912354,0.2652667917108196,0.5827281223893502,-0.41136648974784945,0.28240111226652576,-0.6061852033378352,1.699995575470685,-1.2330704305130304,0.340918023760079,-0.027453521501095285,0.49868875958778525,-0.06751377738387422,-1.1276595207911904,-0.6279498401920818,0.17890935030013266,-0.10826409251941274,-0.49834537654397587,-0.3311783002420958,-1.591401046672821,-1.112748180258855,-1.176177609560296,-1.0798785577006862,-1.277209135885205,-1.211010225189582,-1.5078543935764617,0
1.0843151130202777,-0.3854830768246345,-1.6032360836506476,-1.6014324776621007,1,0,0,1,0,0,-0.7731583567397526,2.9654372832765996,0.7384872536221374,-0.5512168249153065,2.1076124518177646,2.7066206916071396,0.013021861726027626,-0.0763292862718424,0.33316533900892814,0.5736291354844457,0.8569705698236916,0.2116050041656284,-0.6954585172284017,-0.9834119330062914,-0.6975476625708458,1.1273767771127892,-0.16406166682750242,0.7851544383407038,0.2181716668474219,0.07222398482797085,-1.0007208319878313,-0.5940235946588786,0.6774567576663134,-0.9376166950087724,-0.34755322060306676,-0.07222398482797085,-0.2181716668474226,-1.038102835155144,-0.8598699510432187,-0.8735311954581982,-0.22485926811324272,-0.27233314020935756,-0.7495995951142377,-0.709509049969999,-0.8730858650989243,-0.6663639641110671,-0.8314172830871166,-0.3311783002420958,0.890113816921823,1.143383037510063,0.6345956405784983,0.37938770007212164,0.7806711296729086,0.9044189231421907,1.0901944480755505,1
1.0329145883058024,-1.0039094601397194,-0.4445202009343899,-0.13478617003801185,1,0,0,1,0,0,-0.5207796166571032,-0.04077336183185243,0.188380452674872,-0.44185204040734294,0.7706302152250492,0.3101150385514774,-0.5334557374006215,-0.41354575603706206,0.8557030232237713,-0.27059941068833987,0.3146997155807471,-0.007575905070238164,-0.9247015175629791,-0.5714612312555414,-1.1922873902906943,0.3145369778982859,-0.3730779811862476,-0.0033004449713111422,0.5061221547512287,-0.5122984218604396,0.1707858596598028,-0.6268028055498058,-0.8536953700105965,-0.004375393611365844,-0.41234728511218416,0.5122984218604396,-0.5061221547512293,-0.5924626171942612,-1.1600669447440433,-0.2821865846279648,-0.08273376267196997,-0.22112829950298704,-0.2140147004052217,0.18764225758709038,-0.04256332662598434,-0.6043528672675491,0.005227625015296339,-0.7214008436563161,-0.5331079430809875,-0.8608320508528018,-0.8062866786240673,-0.04207739922250845,1.3215996566196124,1.127095675598167,-0.5446322039843892,0
-0.894605088487027,0.8771374557769975,-1.168717627632051,-0.4281154315628296,1,0,0,1,0,0,-0.6091121756860305,0.27031420008942836,0.009275912831576286,-0.393824119168396,0.863639856874863,0.5122461367379224,-0.05868740815692681,-1.4321738997122733,0.28266793808785173,0.9845699399849787,1.7575170017232142,0.8792997032547558,-1.3544541673749915,-1.0520653012514292,-1.1033817249342388,0.8425363541898844,-0.2339541176614569,0.7292071906326366,0.03622492998512883,1.1633324773130074,-0.9696049832509848,0.8603600330777382,0.4602512412665169,-1.5620753680340906,-1.572929285341601,-1.1633324773130074,-0.036224929985129536,-1.1216603760228097,-1.2351161931692491,-1.1009714303929035,-0.5607922809744348,-0.6136987449184976,-0.6865896075014126,-0.8726274695258333,-0.983822203561983,-0.8523972546416179,-0.9979532363586869,0.5034643620605421,-0.6790794056453779,-0.3607044410025493,-0.9223308922511192,-1.175048096251087,-0.04248097655033679,0.6260729825722207,-0.8274130302866491,1
0.23620645523143258,0.23294330649045036,-0.4445202009343899,-0.13478617003801185,1,0,0,1,0,0,-0.6974447347149578,0.645363690630038,0.047655457083711085,-0.40308251362409664,1.2162451321735646,0.8078405082008432,0.9189963854641028,-0.6209095218299622,-0.7878142319323727,1.7254523229185796,1.50724632771837,0.8087823595218049,-1.0655944846777603,1.2047171439130986,-1.0613398113510204,-1.2585001504261493,1.3543744249472647,1.272450376618284,0.9153149533513734,0.1952844489803987,-0.07414766939143312,-0.2110091193428925,-0.1877028349019022,-0.9880002756285101,-0.7171939144792644,-0.1952844489803987,-0.915314953351374,1.3850658500071569,-0.8598699510432187,0.6639647927004092,-0.1473362651452761,0.39332978897346543,2.0543448536564917,-0.30171300108041293,-0.7069813574043363,0.7598912632898273,0.05677446769459199,-0.02767187758659086,0.5708012425622179,0.37837302688726915,-0.0592520533999176,0.6014499566897238,0.36909507656128593,0.514734606344233,0.16231986177126023,1
-1.1259074497021662,0.3617821363477598,2.452269505856255,-0.8681093238500562,1,0,0,1,0,0,-0.5081606796529707,-0.061706356652723664,6.188382537425278,-0.7803620876938968,1.9988403446395653,0.5556238281628896,1.6595736610873983,1.6355191419054418,-0.4797361739614188,1.7244427999294576,1.612959029380843,0.2511089971234956,-1.4673260385436777,1.2708782111730466,1.0419268212853425,-0.31105547544291057,1.2281875087822056,1.0751750974156178,0.5516412599819246,-0.2046283627832927,-1.0378310399413126,-1.2010219329566976,0.3432346663177909,-1.11176126121359,-1.047226517645928,0.20462836278329197,-0.5516412599819253,1.1622457410267157,0.9413120111617277,-0.04564874029587195,-0.19901826712392082,0.2909201075607231,0.3845801819166189,-0.22015379130249568,-0.4855086804782194,0.20179139169817292,-1.053465220782544,-1.2416975682086098,-0.6608329728248301,-0.39960325510201306,-0.7869459763528921,-0.9212626601166852,0.7806711296729086,0.7374113588002092,-0.9511296417938885,1
1.2899172118781799,-0.5658574386248675,-1.168717627632051,1.7718540298733036,1,0,0,1,0,0,-0.00340319948767178,-0.390819553003088,-0.7711081536284979,1.781898577921249,-1.4883057890779408,-1.677656491180267,-0.0039649771659092505,0.5717113092470103,-1.5468958328577669,-0.46622782559993825,-1.4291934532523984,-1.50370144892592,0.7147644701448973,0.17566944561345804,0.09455979868884656,-1.2987982999820997,0.3579580257648644,-0.46995496215065213,-0.5972369986170187,-1.4585370472760366,0.18104023747446996,-0.6899637834283108,0.8094913889822699,0.9847887647335306,1.3992019341277289,1.4585370472760366,0.5972369986170181,0.24311279148239442,0.19081952690966666,0.3182556355996563,-0.43158727602782254,-0.27233314020935756,0.7311351137871589,0.02452383803125581,0.34501385799472056,0.38782468222872474,-0.08200549336504998,-0.8623145398892288,-0.8889133830816909,-0.38663698373552574,0.008440404549195996,-0.7626467625326843,-0.4540570296619595,-1.0440026608476,-0.6418381130257917,0
-0.04649643069818187,0.5936920300909173,0.27967722576327125,0.5985369837740325,1,0,0,1,0,0,-0.20530619155379135,-0.32860204061883186,-0.5664172509504457,0.11249432762773152,-0.5224711405993464,-0.3396559474328251,0.03727157311124272,-0.4940810338560695,0.1026329741407022,-0.8788751788855512,-0.6208239767496189,1.0273396330952291,0.37380825492101794,0.16986909423478158,-1.5238219185743733,0.8991838868654269,-0.08040642879477779,0.4412362922564749,0.1590389773671773,1.2434358081027634,0.11790416775103857,-0.8483896217576965,0.7632903754609598,1.1075740279722057,1.237882934940409,-1.2434358081027634,-0.15903897736717798,0.2152602778598393,-1.3852146900196616,0.23637715102316323,0.6795757665130432,0.615217432034406,-0.18250970659880966,-0.6279498401920818,-0.762349526635866,0.2638024885416898,-0.24854144663662048,-1.0899443568808573,-1.3268277707748632,-0.8015576674631424,-0.36386811417093057,-1.238494455284687,-1.7711003996191523,-1.6006945419875402,-0.76555472453303,0
-0.3291993166277972,0.38754990231922204,-1.6032360836506476,-0.4281154315628296,0,1,0,1,0,0,0.2742134146032426,-0.4797847809917908,-0.6559695208720935,0.43075163704244024,-1.1334967046989404,-0.7018820304660564,-0.3133084014819954,-0.01807029489005523,0.6842673203019178,0.07002474136223441,-0.42914480105046293,0.4915585190293273,1.122388568797932,-0.832199584907443,-0.23265033142026523,0.3616293907906358,-0.660917839266551,-0.3348722491483509,1.0739346337076094,-0.39468810214486993,-0.3958610606980648,-0.20826194794371172,-0.5720136876045526,-0.7499537238527031,0.23097168544758004,0.39468810214486993,-1.07393463370761,-0.7317251853070371,-0.10937746679115769,0.3728412919839863,0.5116092600824467,0.20557870638343811,0.1010352376589052,1.5741488238116832,1.0648000580046022,-0.17027518936292965,-0.6648813298155464,-0.6346847228976005,-1.4454295841084306,-1.4628375071540325,-1.5992554717422576,-0.0012904541294803558,-0.7010026615289333,-0.9326642846196119,-1.3841377820692236,0
0.7502117023761872,-0.05050211919562982,-0.8790386569529866,1.0385308760612593,1,0,0,1,0,0,-0.06649788450833415,-0.37570127896579214,0.23955317834438508,-0.4632620775861506,0.21480073816197257,0.06907817589109264,-0.8208356658016306,-0.4950114743296227,-0.5054171958584849,0.3888515609668182,0.043673685763429615,-0.21524967149838586,0.15203230381059019,-0.15043498199593772,0.43658460328471094,0.04947708812547659,0.00775388065043658,-0.13942987267455864,0.03622492998512883,-0.3295023237687909,0.9910791131637409,1.1167796549296314,0.7406419403287532,-0.5176247569325618,-0.19290406329737325,0.32950232376879157,-0.036224929985129536,-0.23037994010104354,0.26586877533487285,-0.3549674598070702,-0.2765412700918884,-0.2552648599739003,-0.43454965705011084,0.4323198869208419,0.4557501964577793,-0.046252995675895824,1.0282341951120857,1.1863538130354276,0.31535118307453414,0.6636309969500054,0.39767203775660004,-0.2550758902638815,0.5337254978059351,0.4033962301162448,0.22417816752487937,0
1.2642169495209417,0.38754990231922204,-0.15484123025532542,-0.4281154315628296,0,1,0,1,0,0,0.04707254852885811,-0.4041934108053113,0.08603500133584588,-0.4100263094658721,0.025280387290095564,0.006024005881604224,-0.6865601908052209,-0.6286006427340454,1.3946161206196237,-0.6943916365749901,-0.02861659872159921,0.17310486627460406,-0.06242293811711346,-0.6352575877187029,-0.6612453442978509,1.3703261374425824,-1.0848109313669507,-0.8502917810786482,-0.37315522795503414,0.6061852033378367,0.31993676140608074,0.20035303952152667,-0.5294413424227314,-0.13760164725947033,-0.7929414484932034,-0.6061852033378367,0.3731552279550334,-0.5089050763265954,-0.4846237089171882,0.5456958705343614,1.2222367872888142,0.6493539925053206,-0.8756195703398886,0.5138790966987595,0.7879592118469556,0.3258135853852078,0.3620903820258042,0.27583454506891375,0.2606118846128881,-0.06248019957332482,-0.11002139686175369,-0.033013633646279864,0.2044646553166367,0.5704037944582268,-0.20882997275045564,0
0.004904094016293398,0.6709953280053031,-0.15484123025532542,-0.13478617003801185,1,0,0,0,1,0,-0.7100636717190902,0.7645654666933325,-0.16982862701171944,-0.34984674550381806,1.0988179331184689,0.8583732827474545,0.9503739706942209,0.5033616281476188,0.3910836637522015,0.9947634687222502,1.4017198262807047,0.6577780307379975,-1.4085214539592934,0.5593563473806519,-0.6387339635956981,-0.035908692317512,0.4182303581776841,1.1173965742099659,0.4073962731842086,0.4930801176436292,-0.762615869309932,-1.3307492945899697,-0.5707092424875625,-0.9291512055123761,-0.7313841536259282,-0.4930801176436292,-0.40739627318420935,0.27096530510494976,-0.7848207026180125,-0.7643598826895395,-0.6641562849317252,-0.47715250303484213,0.16404522527173035,-1.1173050988595852,-1.3713993881826885,-0.4183195767369984,-0.859173275299045,-1.3934507795363622,-0.9162830323125138,-1.0349505520599276,-1.277716296483967,-0.2550758902638815,-0.20711139779498602,0.013711913318286572,-1.0748462533011267,1
0.23620645523143258,-1.158516055968491,1.4383931084795292,1.478524768348486,1,0,0,1,0,0,0.11016723354952047,-0.4222190452343949,-0.6687627022894718,0.4481111266468789,-1.0707561904610863,-0.6710257345039663,-1.9082920455844603,-0.6111317521096807,-0.5536477376533465,-1.3267686742428304,-1.2583024561202318,-0.1692425137134333,1.1641481893042123,0.04237377381433661,-0.407354488945409,-0.2607994211273172,0.024340730860072633,0.146781996543514,1.0187373090415193,-1.2411978630008915,2.695865917884513,0.43071872428816926,0.4947767378484664,1.8165147349835875,1.779158870360442,1.2411978630008915,-1.01873730904152,-0.06326485836571254,-0.4846237089171882,-0.3731626786018469,-0.44450777652248397,-0.40887938209301433,0.06953024385249205,0.18764225758709038,-0.26403600355210183,-0.728375060954584,2.887885673311288,0.6552175733882943,0.6711566230752374,0.8451587960808378,1.6161362808406496,0.3476645205553221,-0.7010026615289333,-1.211010225189582,0.7190446135538346,0
-0.2263982671988458,1.9593836265783975,0.27967722576327125,-0.13478617003801185,1,0,0,1,0,0,-0.8236341047562825,6.695580665940181,-0.42569225535928473,-0.1797237473803192,2.3100226059279,5.2882641204353416,0.007516629149160365,-1.4301334932072776,0.18995490585559247,0.802759288214977,0.8063609713327164,-0.528084641634049,-1.1220818423251566,-0.22429015773369695,-1.1024169187852422,0.8834038587034367,1.0796083676260826,1.195813397587133,-0.27639264516917894,-0.4461216066019436,-0.23456013868414247,0.8585260327358598,0.6280609630219902,-0.013954831956744644,0.11917028151239786,0.4461216066019436,0.27639264516917894,-0.28608496734615396,-1.0850176963188372,-0.30947941282012914,0.17567624722125458,0.615217432034406,-0.7180946013078251,-1.3619827281933365,-1.4267675574142176,-0.10826409251941274,-0.10976148557697851,1.0346006017076752,0.5434315933313949,0.806259981981374,0.7530574419894479,-0.09645999267988113,0.6983559190505837,0.514734606344233,0.8427612250610729,1
0.33900750466038404,-0.3339475448817109,-0.4445202009343899,1.7718540298733036,1,0,0,1,0,0,-0.6217311126901629,0.2877583624401544,-0.579210432367824,0.1443200585692024,0.15842303681168735,0.1097727111454433,-1.8648051260982323,-1.2843884350946992,-0.6501245199384663,-1.414335387491892,-0.9256738788994102,0.9267219316057703,0.8001717145282531,-0.16433110854082258,-0.8567001353677102,-0.9541873009598553,-0.2512561649308419,-0.36419662870547775,0.6312676384277316,0.6378546273322155,2.4288592148299806,0.9046400461144364,-0.07012421793592656,1.6615345510233643,0.847854255531712,-0.6378546273322155,-0.6312676384277323,-0.14682239923337803,-0.7848207026180125,0.06352257247278678,-0.44450777652248397,-0.5112890635057554,0.7311351137871589,0.35076067714292497,0.06817301183707392,-0.35630847989348147,1.63886602377451,0.35171115073279,-1.1078705769282764,-0.9701191952274875,-0.3469449996836519,-1.0798785577006862,-1.1948939252628807,-1.0996718489615938,-0.76555472453303,1
0.6731109153044746,0.026801178718756015,0.27967722576327125,2.505177183685348,0,1,0,1,0,0,-0.5333985536612357,0.02318856678747634,-0.46407179961141953,-0.13343177510181614,0.15717511765605544,0.12095252852301216,-1.8615106636727317,1.1787707168627701,-0.047612277752862836,-1.372818805423797,-1.508769767672819,-1.1496172624546392,0.9239179508904228,-1.0572399540886195,0.27812687983146833,1.3936617955479378,-0.47030628728258767,0.015263079888848272,0.3210111268130686,-1.8863157591826683,1.5320941869838622,-1.3392783995587056,1.4655832790033987,1.388241975429763,1.9763760182238181,1.8863157591826683,-0.32101112681306926,-1.0659553487776992,0.04072103005925432,-0.5915053041391644,0.1627557467265941,-0.03337721691295973,-1.222174502210428,0.10608304780917345,-0.04256332662598434,-0.4183195767369984,1.4445740782910115,-1.2416975682086098,0.06902433999712428,0.8192262533478623,1.396135792506029,-0.5088613263982832,-0.12479618717266176,-0.8769950965056176,0.47161139053935697,0
0.2105061928741954,1.3151894772918502,1.4383931084795292,-0.4281154315628296,1,0,0,0,1,0,-0.7605394197356201,1.9042507402740996,-0.4896581624461761,-0.1293812275274471,1.025839620654528,1.5644905483147042,0.042882283394670664,-0.9453568110984588,-0.9112423007381489,0.7613629164318791,-0.10809184080962082,1.600788161443686,1.1869501948486902,0.06980671763450923,-1.1582150712211077,-0.37582857849593554,0.8100643666707521,0.5233368409471737,1.3724417655018215,0.8221130942085976,0.010121190822127858,0.13725745860492575,0.8680272752883529,-0.22530622166931683,0.6514612528886152,-0.8221130942085976,-1.3724417655018222,0.04814519612450831,-1.0850176963188372,-0.03655113089848297,-0.22485926811324272,0.10316902497069583,0.2270552128845555,0.9216751455883455,0.2896456887631914,0.015758101167622184,-0.16527347000083534,-0.1035484832504671,-0.6608329728248301,-0.1532440991387405,-0.2284831982727022,-0.44541496736468245,-1.5241547677521787,-1.4336869776455579,-0.45626319576493324,1
-0.9974061379159777,-0.9008383962538722,-0.15484123025532542,-1.161438585374874,1,0,0,1,0,0,0.19849979257844777,-0.4466408725254113,-0.630383158037337,0.2716229823350859,-1.009476891379169,-0.5534140556919419,1.0551050547049174,0.03150208653952345,-1.0495607546216088,0.40316031702663674,-0.4352396525312558,0.49992041805902426,1.0978652347907214,0.4571981142807217,-0.9311746597426639,-0.4961301664853666,0.22262139454210625,0.005410611750711905,0.5061221547512287,0.17986603418274572,-1.0103222938837724,-0.9760679350004084,0.936221741354216,-0.3238960145508259,0.5711152738570086,-0.17986603418274572,-0.5061221547512293,0.4589697720571972,-0.8411076389369172,0.1272058382545045,-0.15379651539260636,-0.05471256720728099,0.3845801819166189,1.105183367588659,0.9125375926178964,0.2948080369634488,-1.053465220782544,-1.0899443568808573,-0.8524205174405927,-0.2958730841701091,-0.39771434314548676,-0.635754044465484,-0.9479482933959068,-0.9883334727336057,-0.7036964187794109,0
0.5189093411610479,1.1605828814630785,-0.8790386569529866,-0.13478617003801185,1,0,0,1,0,0,-0.7226826087232228,0.9797101356856202,-0.3745195296897717,-0.22312247139141586,0.9368571517910429,0.9258993797079705,0.4036158766788599,-0.8419432071954486,-1.0528152364351497,0.8190662323468004,0.09725431310515399,0.3470428518834319,-0.0500600406741558,0.40487725286137805,-0.6655017906367489,-0.422235433640476,0.7332143384416822,0.1021174877943493,-0.7497849732599842,1.2169526660865582,-0.15668912108584074,0.48890839006444303,1.0149278071473593,-0.3794628512437907,-0.026737518885594093,-1.2169526660865582,0.7497849732599834,0.35452284597261524,-0.6347222057676005,-0.054746349693259644,-0.26362076959722697,0.03489590402886805,-0.08799472517957138,-0.5463906304141645,-0.26403600355210183,0.3258135853852078,-0.08200549336504998,0.5793409677244183,0.32447439948480933,0.8192262533478623,0.600749411603942,-0.44541496736468245,-0.5363722402842841,0.013711913318286572,0.7809029193074537,1
-0.14929748012713334,-0.5658574386248675,0.27967722576327125,1.7718540298733036,1,0,0,1,0,0,-0.38197130961164594,-0.19893376714510175,-0.7711081536284979,1.781898577921249,-1.0893004352736617,-1.530082901796358,0.103146265805518,1.4369325623327214,-0.5417646569740835,0.41380396367890726,-0.01893196128758124,-0.29464083851714645,-0.2701658666186339,0.7119473377078536,1.2907909840180207,0.3127944143474759,1.710137028556079,1.7375975716826102,1.0387885820834852,-1.4321128303428865,0.5679419977570084,-0.6791489652012866,1.0549386559479077,1.1367201450387132,1.7210383097076345,1.4321128303428865,-1.038788582083486,0.744458036688388,1.3165582532877582,0.2545723698179399,0.3824042551358344,1.0931292786272029,0.25856020669096863,-0.709509049969999,-1.149926711256571,0.9459245538203791,0.22331042096616224,-0.8623145398892288,-0.9254062487227878,-0.30883935553659736,0.1438253204474232,-0.826093121566285,-0.7010026615289333,-1.266679413303576,-0.5181215015185524,1
-0.04649643069818187,0.38754990231922204,1.0038746524609323,-0.4281154315628296,1,0,0,1,0,0,0.24897554059497767,-0.4681553394246401,-0.6559695208720935,0.43075163704244024,-1.1183632299907889,-0.6929381765640014,1.1951726986515268,1.6761570195394908,0.6577370200555456,0.2888027691409924,-0.3173887453660345,0.018304311845230535,0.25531698917903006,1.4444183092343832,2.304784948998573,0.300073490394803,-0.07613730406369829,-0.191431106894277,0.3186972389638403,-0.29111514316954507,-0.2186709756790776,0.008304854208550434,-0.5976036218668509,-0.46565035650739317,0.22572569655530234,0.29111514316954507,-0.3186972389638417,1.7192960134778195,2.667444724941468,0.8732098088403377,0.9121447754169449,0.8371050750953478,0.16404522527173035,0.6769975162545934,0.5664865349208381,0.8219023601333442,-0.38732140769626244,-0.2553016945782196,-0.7885580025686714,-0.944186652494511,-1.0407926936620688,0.41111087958892223,-0.37174181903963527,-0.5429799678216537,-0.76555472453303,0
-1.0231064002732158,-0.23087648099586283,-1.6032360836506476,0.5985369837740325,1,0,0,1,0,0,0.551830028694157,-0.5257210751820359,-0.822280879298011,3.8187453581753847,-2.3823274556954113,-3.3555234832058023,-0.1543209864061574,0.5782505618607782,-2.0150746455331894,0.1997885863036808,-0.17184925496585932,-0.40811521169653486,-0.05267041097016102,-0.27277090462213366,0.12510683108224244,-1.9224046472738197,0.824103877131373,0.8128567508863013,-0.27639264516917894,-0.28249761283093816,-0.05796238574981092,-0.6683377663913397,0.8228432713313285,0.5472658068250696,1.0170088554500927,0.28249761283093816,0.27639264516917894,-0.5924626171942612,-0.40957446049198204,-1.5285590720701494,-2.08541133934446,-1.7572735206941175,0.5106001571422693,-1.3619827281933365,-1.4267675574142176,-1.1004416420156866,-0.22078545442469194,-0.7864379342253526,-0.6517097564145549,-0.16621037050522874,0.05920974801103089,-0.635754044465484,-0.9479482933959068,-1.1553410370755877,-0.5181215015185524,0
0.31330724230314594,-0.17934094905293926,0.27967722576327125,0.3052077222492148,1,0,0,1,0,0,-0.7353015457273552,1.1454296780175175,0.32910544826603294,-0.4812002168440706,1.6035578667090917,1.2527972398280842,0.7587078875907075,-1.3643636286779386,0.26320814787722685,0.9548885656439968,1.5916412779379183,0.9029595633219512,-1.1271355616606373,0.7514007250639801,-0.9995454939242499,0.29625120289827106,1.0091403051529446,1.107585462983049,1.179804912165518,0.06141300159968067,-0.3042110356934134,0.8713091647651998,-0.06211046711764764,-0.28934659568398147,-0.9878699829018825,-0.06141300159968067,-1.179804912165519,0.6887530094432773,-0.9349191994684248,-0.018355912103706302,0.13691474573727128,0.5469443110925782,0.006520256239666901,0.02452383803125581,-0.4855086804782194,0.139780294854656,0.25106641317809053,1.9451198696741894,2.5961552856431416,2.1547522040961304,1.8699829981498264,0.886958572340925,1.933084078385452,2.1848102497640536,2.018069034379841,1
-1.6142124344896835,1.2636539453489257,1.0038746524609323,-0.13478617003801185,1,0,0,1,0,0,-0.29363875058271866,-0.2442885892569894,-0.8350740607153893,5.129386823310504,-2.030929141420828,-4.151973673183808,-0.11903210476041773,-0.3796994287752064,1.0504463329273355,-0.24144525031847103,-0.36276106854420764,-0.49601492153062243,-0.09366568798735077,0.19266239876387298,-1.8186134059305645,1.7371673911920096,0.21533313259084186,0.865884445110106,0.4073962731842086,-1.0805558572323073,0.358023038005128,-1.300697605013158,0.3096903690912952,0.5396976046578967,1.316974785598555,1.0805558572323073,-0.40739627318420935,0.18740776423728422,-1.685411683720486,0.05442496307539909,0.9509062769009282,1.0077878774499178,-0.9071245641463012,-1.1173050988595852,-1.3713993881826885,0.015758101167622184,0.27882240539001907,-1.2416975682086098,-0.14993285384946126,0.028283699992091807,0.24536400737109418,0.47455723862252236,-0.8656330827735822,-1.32234860141757,-0.20882997275045564,0
0.2105061928741954,0.026801178718756015,1.4383931084795292,2.505177183685348,1,0,0,1,0,0,-0.7605394197356201,1.9042507402740996,-0.46407179961141953,-0.13343177510181614,1.0697410290860936,1.5676208971804235,-0.6786782212936062,0.061431465527018135,-1.5637040005662002,-0.17852389632057739,-0.8655017011728912,-0.10759690942093181,0.674976900885501,0.2050654492801841,-1.1062688064523398,-0.3452601664029544,1.0102378682827888,0.7723908076848708,1.3266889502382984,-1.462543299520739,1.1486175682767326,-1.192552419367527,1.7906825826966521,1.2429088435671882,1.8792838903376405,1.462543299520739,-1.326688950238299,0.10385022336961848,-1.0850176963188372,-0.2912841940253525,-0.4186667755331612,-0.01630893667750248,0.1010352376589052,0.4323198869208419,-0.1532996650890431,-0.10826409251941274,1.4445740782910115,-0.9381911455531051,0.9904691974348425,1.8824605053998806,2.4115226617427363,-0.2550758902638815,0.2044646553166367,-0.4316415915936655,1.5232025883508855,1
-0.894605088487027,1.0832795835486928,-1.168717627632051,-1.6014324776621007,1,0,0,1,0,0,-0.6091121756860305,0.27031420008942836,-0.7966945164632545,2.9536641262208585,-0.8545094670432389,-2.074763604431513,0.12382449567859381,-0.2284684764713956,0.2534535063119233,-0.008238063502652984,0.2263400604664053,-0.2295603007932801,-0.2599509512678556,-0.8691481322104825,-1.0484322063035414,1.1061652562568276,-0.19202700750209126,0.8501808446680643,0.12891477706591967,-0.440948977121442,-1.0406235483081727,-0.7367162146784706,0.7651099704963533,-0.17928160122361605,0.535782956714721,0.440948977121442,-0.12891477706592036,-0.8988402670423681,-1.0850176963188372,-0.555114866549611,0.05939174276930372,-0.01630893667750248,-0.43454965705011084,-0.7910682597479163,-0.9284540343304539,-0.4803306735805153,-1.0257092285706153,-0.7864379342253526,-0.40538291333714505,0.028283699992091807,-0.0423289389126401,-0.3185222492974822,-0.20711139779498602,-0.4316415915936655,-0.08511336124321738,0
-0.14929748012713334,0.5936920300909173,0.27967722576327125,0.5985369837740325,1,0,0,1,0,0,-0.38197130961164594,-0.19893376714510175,-0.5664172509504457,0.11249432762773152,-0.3062244171815018,-0.23993197642491082,0.639860009100303,1.2858330247352572,-0.10514822669732111,0.5896019075632992,0.41812806692057025,1.1666903920860836,-0.2756575538948719,0.7390740086279934,1.1643199149003345,0.2573242872360281,1.648382273430097,1.5782417669622477,0.9277639406103714,0.6710815639820534,-0.15126687739593442,-0.59845604859344,0.40232724079423604,0.8379935063172212,0.9972589403816888,-0.6710815639820534,-0.927763940610372,1.0229831729139398,1.5417059985633763,0.9914787310063841,0.9896677783849125,1.7075873671036554,0.7311351137871589,-0.46483142063624716,-0.8730858650989243,1.6280466190990672,0.05677446769459199,-0.3311783002420958,0.9083602497423721,1.0007540524786946,1.3284433345569153,0.6014499566897238,-0.7010026615289333,-0.48731077970765985,1.4613442825972665,1
-0.2263982671988458,0.38754990231922204,0.5693561964423357,-0.4281154315628296,1,0,0,1,0,0,-0.7983962307480176,3.8347380404211133,-0.6559695208720935,0.43075163704244024,1.0906404719654235,2.616287767196383,0.5065334449432857,-0.43848092004182837,0.8049514951339043,1.164946844748559,0.7570728452487575,0.3494153941761831,-0.7208640823741983,0.09324482708402237,-0.9631951379222728,0.9808751297817362,0.4410169899725261,0.8621033467083479,0.7686432489180746,-0.28577009270635834,-0.6111779530327818,-0.3630789211197564,-0.1147107496890169,-1.1364631331795403,-0.142555653936954,0.28577009270635834,-0.7686432489180752,-0.06326485836571254,-1.009968447893631,-0.5460172571522233,0.007709740790658993,0.18851042614798086,-0.7811045889206503,-0.46483142063624716,-0.8177176958673952,-0.5423417704240322,-0.5261013687559044,-0.2553016945782196,0.3062279666642602,0.19684522775643593,-0.2792525417345383,1.0455744699249259,0.6160407084282594,0.514734606344233,0.2860364732784985,1
0.2105061928741954,-0.23087648099586283,1.4383931084795292,0.3052077222492148,1,0,0,1,0,0,-0.7605394197356201,1.9042507402740996,-0.8478672421327675,6.6657016533033255,-1.1907743066096708,-3.6868932702769435,0.4078008716264841,0.034620633576983695,-1.0577036106527575,0.1707640285981663,-0.4126624262003314,0.8265912125124701,0.8761201550582829,0.16571030859906527,-1.2545987361429058,-0.6041955113902835,1.1241764909145626,0.7894441788832927,1.3508541695676228,-0.21238889143210804,-0.40148125112334254,-1.3043473784762203,0.8387580484887796,0.8840229789916301,1.3072199524387684,0.21238889143210804,-1.3508541695676235,0.15955525061472892,-1.1600669447440433,0.04532735367801011,-0.2765412700918884,0.17144214591252482,0.5421051509486824,0.6769975162545934,0.06817301183707392,0.20179139169817292,-0.1375174777889068,-1.0140677512169813,1.2459192569225261,1.5583037212376798,1.9038292271243826,0.664896315723324,-0.4540570296619595,-0.5986491559356475,1.708777505611744,0
0.23620645523143258,1.0832795835486928,-0.4445202009343899,-1.6014324776621007,1,0,0,1,0,0,-0.6974447347149578,0.645363690630038,-0.7966945164632545,2.9536641262208585,-0.5303234463210064,-1.7863243160902362,1.6018258350341539,-0.11799762680587832,-1.3679058935473296,1.243990000943909,0.8265983412310158,0.25693699751135474,-0.9486169805639946,1.340295483000189,-1.1245485189112527,-1.0087382793045856,1.5056491364000353,1.5831051005906132,1.37244176550182,-1.0107396132765438,-0.8881703619854089,-0.9645925737808109,0.8562884932455875,-0.18757432562824575,0.470975677269318,1.0107396132765438,-1.3724417655018208,1.3293608227620468,-1.009968447893631,0.19998671343360988,-0.3669847735545164,0.22264698661889537,1.5817699465603012,-0.5463906304141645,-1.0945585420250417,0.3258135853852078,-0.859173275299045,-0.9381911455531051,-0.1681792866700104,0.28760912732185256,0.19459466390925928,-0.28679906978068154,0.5337254978059351,0.06938110143228039,0.038603250264021984,0
-0.2263982671988458,-0.23087648099586283,0.27967722576327125,0.5985369837740325,1,0,0,1,0,0,-0.8236341047562825,6.695580665940181,-0.822280879298011,3.8187453581753847,0.7118913981583822,2.1981625972753074,-0.565914426240427,0.10310693684080335,-0.2376305055678253,0.2927763953904492,0.5441506049531154,0.31455274130144334,-0.2578217855971237,-0.21554009386208264,-1.430570592484799,0.9936934790037025,1.069067970578118,1.679641552716889,0.9153149533513734,-0.4787858038769716,0.5715526634163508,-1.5746317216849857,1.3234149767452106,0.6645474776132273,0.9324206237865065,0.4787858038769716,-0.915314953351374,0.04814519612450831,-1.1600669447440433,1.1552357001593716,1.5710903006446677,2.0318846915773383,0.6366201323679207,-0.30171300108041293,-0.7069813574043363,1.752068812786101,0.5286263352973745,-1.4693273852002382,0.023408257945752128,0.7025298110494701,0.9561348158367899,-0.826093121566285,-0.6186874509066087,-0.8769950965056176,0.16231986177126023,1
1.2899172118781799,1.3924927752062353,-0.15484123025532542,-0.8681093238500562,0,1,0,1,0,0,0.009215737516460692,-0.398378690021736,0.9815577005523245,-0.5928795999659593,0.4923614900919759,0.15180882448510225,0.2570904354786513,-0.05386965780451918,1.1105119004479596,0.7533220853240197,0.9628965209796335,-0.19415155112161253,-1.1749032715182004,-0.5522671262533565,-0.7685391256465967,1.1985673750070431,-0.7888960108180371,-0.579910382347569,-0.37315522795503414,0.10529125240634482,-0.9093093141954626,-0.6959678288551607,-0.3136623477961655,-1.7999453170694684,-1.8179822540247452,-0.10529125240634482,0.3731552279550334,-0.3417899945912644,-0.4846237089171882,1.0096739498011607,1.5581698001500064,1.0931292786272029,-0.43454965705011084,0.5138790966987595,0.7879592118469556,0.8219023601333442,-0.8036612908751883,-0.5588081172337243,0.38833691435672935,0.15794641365697218,-0.5838686025055501,0.062155904904119784,1.3568776040291806,1.5724491805101195,-0.45626319576493324,1
-0.020796168340944693,-0.3854830768246345,1.0038746524609323,-0.4281154315628296,1,0,0,0,1,0,0.526592154685892,-0.5292099076521812,0.6489349837004895,-0.5483235766479001,0.046992702316527184,0.016756630564070337,1.4597885107006499,2.380776013471902,-0.2691076030962825,0.7454162821668545,0.0430734191522132,0.29632537103945944,0.16078508930307728,1.3023384134991105,2.4887028915675526,0.2939752044344311,-0.059706549416590426,-0.31516006370342314,0.47177165472146704,-0.06374491962016399,-0.7285902615388002,-0.7745618705760584,0.6632958381866546,-1.0662132993098732,-0.3636900157374738,0.06374491962016399,-0.47177165472146776,1.8864110952131505,3.3428879607683233,1.6374089982209463,1.5710903006446677,1.4686314438072563,0.5106001571422693,1.6557080335896,1.5077454118568363,1.6280466190990672,-0.574674355126779,-0.5588081172337243,0.7213343133317466,0.9845462132705846,0.4357490453529768,0.371456905192922,0.6160407084282594,0.6399902796007193,0.47161139053935697,1
-0.48340089077122306,0.5936920300909173,-0.4445202009343899,-1.161438585374874,0,1,0,1,0,0,1.1953958159049132,-0.619338079797599,0.34189862968341117,-0.4858294140719209,-0.365525222875209,-0.10085504824795413,0.06838812609099883,0.24577104207010997,0.6468859878539653,-0.07195468650569034,-0.6371227165061444,0.023616095575650184,0.5132868190408169,-0.7999527459825055,-0.7661496359889142,0.7796974352614533,-1.5076299725415574,-1.3691271528763904,-0.5505532963957722,0.5782415939310317,-0.8943987123111321,-1.1048403547632988,-0.10079408750148801,-1.397733933974759,-0.5083954506484132,-0.5782415939310325,0.5505532963957714,-0.8988402670423681,-0.9349191994684248,-0.9554096800346926,-0.4574282770171454,-0.9892009100985523,-1.411204465048904,-0.13859458152457876,0.12354118106860354,-1.4725082230767892,-0.6648813298155464,-0.7864379342253526,1.3006585553841723,1.0396528665781584,0.3299795798074865,1.648314880744129,0.4514102871836102,0.848749735028197,0.904619530814692,0
0.7502117023761872,0.33601437037629844,-0.8790386569529866,-1.6014324776621007,1,0,0,1,0,0,0.3877838476404349,-0.5042066082828072,0.5082099881093286,-0.519969743627317,0.05328876694754652,0.014073474393453808,0.3202688218446971,0.2149395055515644,-0.7980523916354787,-0.5685455246322124,-0.9186085913191608,-0.3403232309436184,1.0773894884816688,-1.1010443728844557,-0.5662099570748116,0.15015514960525875,-2.083001189480562,-2.1711579335188214,-0.4499667627438067,-0.01788874008079301,-1.5454921571586293,-0.8622279221295176,1.241855798724939,-1.2973999986055218,-0.92547698202157,0.01788874008079301,0.44996676274380526,-1.1495128896453646,-0.7848207026180125,-1.0008977270216337,-0.7804407893836761,-1.467112756691348,-1.2851844898232538,1.0847935651441794,1.5077454118568363,-1.1624527388592034,-1.4420491117495413,-0.7864379342253526,0.0963939892279486,0.7284623537824456,0.10997909147286698,-0.9212626601166852,0.7806711296729086,0.848749735028197,-0.2706882785040748,1
1.5983203601650333,-0.23087648099586283,0.5693561964423357,2.505177183685348,0,1,0,0,1,0,-0.05387894750420167,-0.3850048322195127,0.5465895323614635,-0.5309640870434614,0.3661205860748668,0.11424463809647085,0.03150502631280106,-2.09170101515695,0.4849026225204981,0.001977050080836759,0.9606256333174953,-0.7722842339904963,-1.3377470174244572,0.6519692633876009,-0.37899482275261653,-0.1434377855544657,0.6536021543194358,0.8255354553127668,0.2654778184316193,-1.3166012534636966,0.6076315000520611,2.491256593505628,-0.8070192707144667,0.6454298408169414,-0.442885676205755,1.3166012534636966,-0.26547781843162,0.7166055230658329,-0.25947596364157,0.34554846379182197,0.21443774870523882,0.47867119015075044,0.6996301199807459,-0.38327221085833024,-0.5408768497097485,0.6978801664463103,0.8246902522246106,2.8556391376407038,0.8353745184601769,0.24438822276689212,0.49921072468027106,0.41111087958892223,1.9879608854670021,1.3126596359781475,0.5747085667953888,1
1.3156174742354179,1.289421711320388,-1.168717627632051,-0.13478617003801185,1,0,0,0,1,0,-0.36935237260751347,-0.20649290416374969,-0.0035172685858019803,-0.393824119168396,0.3795683497561326,0.14554812675366366,-0.5894482011624108,0.2907276157999844,0.6538154627429815,-0.6022801844910491,-0.07328844162828922,1.2369120270842036,0.9022633646165843,-1.3742812974312921,-0.4528789701384787,2.0842805498989887,-1.4225827751756535,-0.5401255889882638,1.3423884456718602,0.3556359628759853,-0.5535236072542465,-0.8527169870774794,1.2007133048812146,-0.5969670548659413,-0.4320489472424565,-0.3556359628759853,-1.3423884456718609,-1.2887754577581405,-0.40957446049198204,0.05442496307539909,1.1317932838261862,0.4103980692089227,-1.1591645145976028,1.4925896140337656,0.8433273810784847,-0.6663639641110671,-0.3318094232724056,-0.5588081172337243,1.0817013615375868,1.62313507807012,1.2269046476332444,-0.4136917878478824,0.28677986593896093,0.514734606344233,0.8427612250610729,0
-0.4577006284139859,0.1298722426046032,-0.8790386569529866,1.0385308760612593,1,0,0,1,0,0,0.22373766658671274,-0.46059620240599214,0.48262362527457214,-0.5193910939738356,0.13559032629477505,0.047165733831057655,-0.5759914361898492,1.0205249903529507,-1.1325507324364676,-0.28510609798904507,-0.5474399829232776,-1.535701928097728,0.30237753914181315,-0.79828114733237,0.9400091051969847,-0.9418919614323547,-0.739681595712837,-1.0760587789249856,-1.2222740724017107,-0.8822777243979375,0.0032969966535212193,-0.4590220902468618,0.6017242063897418,-0.3482956636424703,-0.3388631705715488,0.8822777243979375,1.2222740724017098,-0.7038726716844818,1.0163612595869336,0.33645085439443295,-0.22485926811324272,-0.4942207832702994,0.5736101447550955,0.2692014673650073,1.0648000580046022,0.2638024885416898,0.08453045990652028,-0.3311783002420958,0.3700904815361815,0.6376984542170299,0.4484413812184362,-0.3819686083310823,0.6983559190505837,0.29205785388825667,-0.3944048900113141,0
-0.020796168340944693,0.026801178718756015,1.0038746524609323,-0.13478617003801185,1,0,0,1,0,0,0.526592154685892,-0.5292099076521812,-0.7327286093763631,0.7634751877941812,-1.577700841569757,-0.9970292092338744,0.606534877114045,2.478229754180499,0.4847260565313047,-0.6128141183873538,-1.0687235713864593,0.14786564544372732,1.3017326022156868,1.4566520529199727,2.4586400121850644,0.24176112202861672,0.43069798177759266,0.08764218341822139,0.9226219676120906,-0.7133741297612556,0.6120680567469716,-0.9384365206986574,-0.4196901454122766,1.254945084557323,1.4749585185115164,0.7133741297612556,-0.9226219676120913,2.137083717816147,3.4179372091935294,1.8102635767713227,1.6873748050966186,1.8270653287518537,0.6996301199807459,1.6557080335896,1.2309045656991897,1.814079909629618,0.5841383197212315,-0.8623145398892288,0.07814755640739948,-0.1532440991387405,0.34690269429476517,0.9821281108913258,-0.8656330827735822,-1.211010225189582,0.7190446135538346,0
1.2899172118781799,1.1863506474345409,1.7280720791585935,-0.13478617003801185,1,0,0,1,0,0,-0.09173575851659908,-0.37919011143593734,-0.3745195296897717,-0.22312247139141586,-0.30090985713516083,-0.11918994874716707,-0.6765597152946524,-0.6707428129742108,0.011088767791772852,-1.0731105921539081,-1.2847856208727568,-0.4211379362062434,1.2694729402495581,-1.0209076390203,-0.7432498482155497,1.0086504238727405,-1.5527469503657643,-1.40767084886327,-1.2222740724017107,0.6378546273322141,-0.07930613051453925,0.17604417889478993,0.9984376850687787,-0.08997411753967748,0.2959676277343504,-0.6378546273322141,1.2222740724017098,-1.0102503215325889,-0.7848207026180125,-0.3913578973966235,0.1627557467265941,-0.47715250303484213,-1.2536794960168407,0.2692014673650073,1.0648000580046022,-0.10826409251941274,0.25106641317809053,0.6552175733882943,1.4101371523074657,1.8046628772009532,1.6499825098152057,0.3476645205553221,-0.04248097655033679,0.29205785388825667,1.9562107286262216,0
0.5960101282327613,-0.7204640344536393,-1.168717627632051,1.478524768348486,1,0,0,1,0,0,0.3499270366280375,-0.49083275048058395,-0.31055362260288033,-0.2896671815417641,-0.5261350303406154,-0.15362378627007917,-1.1167036663427716,-2.001576145424269,1.2312017771014538,-1.253464114283425,0.4844323417849784,0.2566619837222773,-0.029502023027939684,-0.7194813640089647,-1.033228782176471,0.014079345520579588,-1.0706005488046824,-0.3935892044941381,-0.8569681418843186,1.199986903232429,0.8339063301034776,1.712160162877445,-1.6689456903600968,0.6317599738728963,-1.014049022127674,-1.199986903232429,0.8569681418843179,-0.5367575899491508,-0.7848207026180125,0.900502637032502,0.7700192699756713,0.2567835470898098,1.0776900456576979,-0.05703537174666111,0.40038202722625016,0.6978801664463103,0.5008703430854462,1.1863538130354276,-0.7520651369275744,-1.4109724216880806,-1.1254082660984612,-0.44541496736468245,-0.7833178721512579,-0.32030321536567735,-0.8274130302866491,0
0.3647077670176212,0.4133176682906843,-0.4445202009343899,-0.4281154315628296,0,1,0,1,0,0,1.48563136699996,-0.6612040694393414,-0.68155588370685,0.48283010585575625,-1.706941905890335,-0.8816534938973638,0.15435818122091832,-0.5933299964060867,-0.40948541618960843,0.5297759858747201,0.43325611592365665,-0.29669887585801874,-0.09229048004705376,-0.5491641614048056,-1.193191690868281,-0.5363971383418623,-0.6486183558746637,0.03718585787083114,-0.4291756706205303,0.020989325180847843,-0.7633571679541834,-0.38094920194747617,0.020752887683087553,-1.358852037322049,-0.5269494172661594,-0.020989325180847843,0.4291756706205296,-0.3417899945912644,-0.9349191994684248,0.9914787310063841,0.5245297605771081,0.22264698661889537,1.8023049032051899,1.0032343553662626,1.397009073393778,1.3800022317249987,-0.5816133531797613,-0.1035484832504671,0.9083602497423721,0.7803274392483975,0.12690220596014448,1.1724671879921262,1.1099319721622063,1.2384340518261547,0.8427612250610729,0
0.030604356373531493,1.1863506474345409,-0.15484123025532542,-0.13478617003801185,1,0,0,1,0,0,-0.7100636717190902,0.7645654666933325,-0.3745195296897717,-0.22312247139141586,0.8675007310361066,0.7604380825199513,0.6197635623336782,-0.5371261462538921,-1.1237986839048715,0.9788817938317277,0.8347600661449533,1.199123661221163,-0.4558610688391694,0.6585992000968255,-0.7584547022213717,-0.4691781829236824,1.233253355304621,1.415129544647002,0.8518955842960956,0.7905619868667512,-0.20373175944378444,-0.022580778426032504,1.0647916219098954,-0.09953323486574654,0.2963695985630279,-0.7905619868667512,-0.8518955842960962,0.605195468575612,-0.7097714541928067,-0.009258302706318612,-0.25070026910256554,0.2397152668543526,0.8886600828192224,-0.5463906304141645,-0.9284540343304539,0.6358690696027934,0.05677446769459199,0.35171115073279,1.1546870928197819,1.6101688067036326,1.4638282504551436,0.12560226393772106,-0.20711139779498602,0.18071947766026855,1.708777505611744,1
0.7502117023761872,1.5986349029779314,-0.8790386569529866,0.5985369837740325,1,0,0,0,1,0,0.3877838476404349,-0.5042066082828072,-0.06748317567269331,-0.3805151771383264,-0.3059294240520066,-0.09369996512631006,-1.3043526864672321,-0.6170855805140941,0.14629929651414741,-1.6455781749508298,-1.9466983856693663,-0.8763882330004847,1.5822887798642484,-0.9243325842283009,-0.7791540410164162,0.08094174821871787,-1.362919718228587,-1.6038338762008955,-0.7099870034754222,-0.4911325578708816,0.8901519349153074,0.06642991125601942,-0.11865738842291274,0.8716220882341108,0.9649716236263277,0.4911325578708816,0.7099870034754215,-1.038102835155144,-1.009968447893631,-1.2374355713537264,-1.0130097982875779,-1.4159079159849774,-1.3796994712424915,0.10608304780917345,0.5111183656893089,-1.1624527388592034,0.8061862574166584,0.04820472807728505,-0.031331040515893936,-0.08841274230630035,0.2622871218583729,0.37938770007212164,-0.4540570296619595,-0.7099875321636356,0.2860364732784985,0
1.2899172118781799,0.026801178718756015,-0.15484123025532542,-0.13478617003801185,0,1,0,1,0,0,0.009215737516460692,-0.398378690021736,-0.7327286093763631,0.7634751877941812,-1.2634139120131693,-0.8964108528357546,-1.1127305230960898,-0.0919775118231783,1.3254437161202806,-1.6441131327262561,-1.3602264231216763,-1.404785599549388,0.4278846504147087,-0.76257222308194506,-0.8448126844041575,1.3424307560516155,-0.8053073634156385,-0.4258847507310617,-0.9333596546099943,-0.9902652685099177,0.7853256990403196,-0.720072780051398,-0.4629125162604573,1.422561776585927,1.3525674011115254,0.9902652685099177,0.9333596546099936,-0.5089050763265954,-0.4846237089171882,1.373578325696689,1.9845463164738264,1.4686314438072563,-0.18250970659880966,-0.13859458152457876,0.34501385799472056,1.2559800380379649,0.77843026520473,-0.6346847228976005,0.16937972051014377,-0.10137901367278856,0.46536449570571364,0.8552353928241243,-0.04248097655033679,-0.48731077970765985,0.7809029193074537,0
-0.7147032519863632,1.5986349029779314,1.4383931084795292,0.5985369837740325,1,0,0,0,1,0,-0.29363875058271866,-0.2937137159173798,-0.06748317567269331,-0.3805151771383264,0.22958619427494248,0.06818379050088712,-0.05405056788297705,0.6095014682426032,-0.8443438175460076,-0.33640632899490486,-1.4149719561474312,-0.37704416294743354,1.1630727705007047,0.8795724027025952,1.2426560716176691,-1.3097079607042603,0.4628388925739119,-1.0539036051324302,-0.5505532963957722,0.031788787753525546,0.9540170114729276,0.40830568011512497,-0.16188390848283996,0.9134063703924526,0.8106010978890478,-0.031788787753525546,0.5505532963957714,0.7723105503109431,1.0914105080121401,-0.11842961547497735,-0.7675202888890147,-0.5624939042121272,-0.2140147004052217,-0.13859458152457876,0.12354118106860354,-0.6043528672675491,0.77843026520473,0.27583454506891375,-0.2685346671830286,-0.30883935553659736,0.05920974801103089,0.062155904904119784,-0.9479482933959068,-1.0440026608476,0.10046155601764112,1
-0.7147032519863632,0.026801178718756015,1.4383931084795292,-0.13478617003801185,1,0,0,1,0,0,-0.29363875058271866,-0.2937137159173798,-0.7327286093763631,0.7634751877941812,-0.9714729273278778,-0.8159161677172588,0.27006606892678897,1.3838170824805174,-0.49646847678793804,-0.8681524801395302,-1.7181000863406575,-0.561153385713296,0.7818900761486796,1.1342502815659916,1.0337458343720458,-1.0374838969137625,0.3579580257648644,-0.9450164277828089,-0.4194329849395745,-0.34935776200978186,0.7577960738975908,-0.8637484903358648,-0.36388222227120176,1.5277630430000702,1.3109896486453936,0.34935776200978186,0.41943298493957376,1.106540713781605,1.0163612595869336,0.13630344765189217,-0.43158727602782254,-0.27233314020935756,-0.11949971898598452,-0.22015379130249568,-0.04256332662598434,-0.4183195767369984,0.6118943119331598,-0.8623145398892288,-0.24116501795220557,-0.38663698373552574,0.2115177783965368,0.31594134103852145,-0.4540570296619595,-0.6543183440496418,0.5334696962929761,0
0.2619067175886707,-0.05050211919562982,1.0038746524609323,-0.4281154315628296,1,0,0,1,0,0,3.946324082805792,-0.755402546133262,-0.09306953850744984,-0.37530733025699475,-1.2246309316699169,-0.2909119436666249,0.06417187424334496,1.9331380453811984,-1.37919629355572,-0.5006735862923458,-0.42777824010703963,-0.6838267743165691,0.2511685046099298,0.3334479959062959,1.7586043922785708,-2.0070592425109095,-0.9037723446710978,-1.3687121309332766,-1.4375436385994584,0.4930801176436278,0.24394475535968557,-0.8915613603251291,-0.1314934420279953,-0.2197874719775038,-0.780148334664988,-0.4930801176436278,1.4375436385994576,-0.06326485836571254,0.9413120111617277,-1.260179594847197,-1.9303653334085251,-2.0815708451678003,-0.009232240663539667,-0.6279498401920818,0.012804842605544792,-1.2554693841244795,0.27882240539001907,-0.7864379342253526,0.22411901897178985,0.11904759955750843,0.025363519036474696,-0.3502454288142823,0.12214944469431245,0.4033962301162448,-0.023255055489598248,0
-0.14929748012713334,-0.7719995663965628,0.27967722576327125,-0.7214446930876474,1,0,0,1,0,0,0.21111872958258027,-0.4600147303276346,0.13720772700535894,-0.419863353575054,-0.052199908622699805,-0.02930421703151339,-0.755513826617164,0.10109406339216996,-0.061631208446843555,-1.080035494167982,-1.3475390905437632,0.05343591620897163,1.221583903779865,-0.41699427123260946,0.8811587413149033,-0.049541243713404765,-0.7032688378130337,-1.2374233348630983,-0.4594569909802582,0.5285640660967139,0.6339046046348855,0.743970708847915,0.03446775441189925,0.7617089334507029,0.5437637731496803,-0.5285640660967139,0.4594569909802575,0.10385022336961848,1.9169522406894068,2.538072328562379,2.113751321420439,1.6393142461618264,0.9516700704320475,1.7372672433675176,2.282899781098247,2.1241353938472036,0.3620903820258042,0.41072628847136017,-0.6648877356738403,-0.5479950274073763,-0.23412423643512922,-0.5405845059150832,-0.847340813746399,-0.7285439282016336,-0.2500688432528684,1
0.05630461873076867,0.28447883843337485,-0.8790386569529866,-0.4281154315628296,1,0,0,1,0,0,0.2868323516073751,-0.4815291972268634,-0.4001058925245282,-0.191296740449945,-0.6071181061889738,-0.2224914613159034,-1.2324239467771858,1.2073760927413828,-0.5868743732582139,-1.0609558835509383,-1.6799649249951067,-1.5753743690031121,0.8732238765605446,-1.4441545773200906,0.4660215562134295,-1.2763964173528632,-1.0902875235766227,-1.769244547391521,-1.0923365864985648,-1.0652566185876786,0.27073326081503163,-1.190311413616469,-0.4803783755865351,0.35217250656449267,0.4567137353783522,1.0652566185876786,1.0923365864985641,-1.4280380258709164,0.04072103005925432,-1.0099953364190213,-1.4264658141167375,-1.689000399752289,-0.5605696322757617,-0.30171300108041293,0.2342775195316623,-1.3484860293897554,0.27882240539001907,-1.0899443568808573,0.13288685486904556,-0.1402778277722523,0.008440404549195996,0.728342674756924,0.6160407084282594,0.1250502895462747,0.40975308478573785,0
-0.27779879191332196,-0.6173929705677911,0.5693561964423357,-0.4281154315628296,1,0,0,1,0,0,-0.00340319948767178,-0.3914010250814456,2.3376349307944206,-0.6993511362065163,0.8653976073383755,0.23945859272524214,1.0784933220309467,-0.7744509718980307,0.12753068477419996,1.4338876735814654,1.458280750959203,0.8784461021826342,-0.38968570696751864,0.9935695086870191,-1.671624317644826,0.0702762240778781,0.32693934709904826,0.006937195622061398,-0.20147967785109497,1.3979208031972914,-0.5069082715147589,-0.6116382817234981,-0.10371789060450642,-1.612902280221137,-1.8890635756444256,-1.3979208031972914,0.20147967785109425,0.744458036688388,-1.6103624352952797,-0.4732363819731166,-0.3669847735545164,-0.22112829950298704,-0.6235796198885869,-0.46483142063624716,-0.4301405112466897,-0.6043528672675491,-0.7481493064513315,-0.9381911455531051,-1.4454295841084306,-1.268343436656712,-1.7007941586659285,-1.4922798914190887,-1.0302635040182315,-0.5429799678216537,-1.6934293108373202,1
0.3647077670176212,1.547099371035007,-0.8790386569529866,1.0385308760612593,1,0,0,0,1,0,4.148227074871912,-0.7606357948384798,0.7384872536221374,-0.5656830662523388,-0.7686952601399216,-0.14781028123374337,-0.6782905803067009,0.02933584783105971,-0.9147845653004962,-0.03355199305985353,-0.45956682896998424,0.5776972244422827,1.1885644923027927,-0.962868081251138,-1.1794035614343892,0.268920003009783,-1.1776437502874342,-1.167262782641701,0.1590389773671773,0.6301771912123648,-0.018906878317662256,-1.2217649688805066,1.5207798147087324,-1.1224048059685223,-0.5421455325937702,-0.6301771912123648,-0.15903897736717798,-0.8988402670423681,-1.0850176963188372,0.07262018187017576,0.2015172482105774,-0.2894014204448148,-0.43454965705011084,1.4110304042558486,1.4523772426253072,-0.23228628620644656,-0.16527347000083534,-1.2416975682086098,-0.5604775923118106,0.2487103132223888,-0.2284831982727022,-1.3019408143182878,-0.4540570296619595,-0.2089648391376897,-0.5181215015185524,1
-0.7661037767008384,-0.2566442469673251,0.5693561964423357,0.3052077222492148,0,1,0,1,0,0,-0.4198281206240434,-0.13962361515263325,1.0327304262218375,-0.5951941985798844,0.9765796558182955,0.35259834458623907,0.4327324960274445,-0.2465394598899977,-0.24926557217063844,1.7498712984642524,2.363688290959757,0.3651451767223636,-1.4011548480785825,-0.7756827057308948,0.36031100710665526,-0.5122050195240287,-1.0782474322859674,-1.1023094421513557,0.3699083794759778,0.13114384342216406,-1.376778089578863,0.6993348030608079,-0.17396226015451358,-3.433134928467099,-4.149101165299109,-0.13114384342216406,-0.36990837947597854,-0.7595776989295921,0.26586877533487285,-0.17301527185930607,-0.40574627503850064,-0.7843815472730677,0.038025250046078915,2.063504082479186,2.0060589349406004,-0.5423417704240322,-1.3032691506898992,0.5793409677244183,-0.1681792866700104,-0.23104172733766892,-1.531563013793144,-1.4922798914190887,3.908649133321241,4.467246962437809,0.16231986177126023,1
-0.5605016778429365,-0.05050211919562982,1.7280720791585935,-0.4281154315628296,1,0,0,1,0,0,-0.6848257977108253,0.5639575996599832,-0.09306953850744984,-0.37530733025699475,1.048156237724814,0.7237682815215254,-0.13789405172919145,0.00943737811455075,-0.8582724303596226,0.10600114394990416,0.13892954739539468,-0.22538286230785792,0.005690531227996972,0.18417916406426518,-0.6750572720180359,-1.0556918846245094,0.18778328452979723,-0.04802008084456978,-0.30025191215747105,-0.009609152108407288,0.37577468625896426,-0.689210653604226,0.11241863108782345,0.04300198363168202,-0.22749747841701715,0.009609152108406583,0.3002519121574703,0.15955525061472892,-0.6347222057676005,-0.018355912103706302,-0.5607922809744348,-0.4600842227993849,0.7626401075935709,0.02452383803125581,0.17890935030013266,0.20179139169817292,0.44535835866158957,-0.5588081172337243,0.36096726512590627,0.36540675552078095,0.36382580878204385,-0.12818317219668063,0.12214944469431245,0.1250502895462747,0.10046155601764112,1
0.2876069799459088,-0.1535731830814779,-0.4445202009343899,0.3052077222492148,1,0,0,1,0,0,-0.38197130961164594,-0.194863462596599,0.20117363409225028,-0.4551609824374126,0.5385731976835615,0.20189440633661077,0.4847419073539074,-1.0994389754383702,-0.32873833774030986,0.7340726620332692,1.1677803451903441,0.9987879477418345,-0.895188207208869,0.32934835897542336,-0.9844065187824987,-0.4533296573786057,0.4299397070104405,0.46514318580081615,0.8763442106275502,0.4930801176436292,-0.3449644224070802,0.5228576570321511,-0.006156266229496241,-0.5653639541808428,-1.0640498537572036,-0.4930801176436292,-0.8763442106275509,0.38237535959517033,-0.8598699510432187,0.28186519801010423,-0.0052107597040024186,0.17144214591252482,0.7626401075935709,0.35076067714292497,-0.04256332662598434,0.6358690696027934,0.11228645211844858,1.33810702436318,2.167364114360243,1.8305954199339287,1.4299820214805863,0.728342674756924,1.439192814651505,1.9621334973080773,1.8324941171189824,0
-0.27779879191332196,1.0575118175772313,0.5693561964423357,-0.4281154315628296,1,0,0,1,0,0,-0.00340319948767178,-0.3914010250814456,-0.4512786181940413,-0.1363250233692226,-0.48783921208039627,-0.19565989960973812,1.2132594275197632,-0.4418532604491407,-0.3398883042602676,0.6638294398773956,0.16790689823841154,-0.8420295387334004,-0.5076097697182418,1.0530267094068413,-1.6527179061233968,-0.14749001484547797,0.44466737785650245,0.24002740939029457,0.05260013630273529,-1.2005960373670737,-0.6348948873712879,-1.049199050569368,0.31642545721248355,-0.4558661864588852,0.016052856612863622,1.2005960373670737,-0.052600136302735995,0.744458036688388,-1.6103624352952797,-0.6097005229339397,-0.5866332819637576,-0.3918111018575571,-0.40304466324369825,-0.46483142063624716,-0.5408768497097485,-0.6663639641110671,-0.49834537654397587,-0.8623145398892288,0.6072941082033162,0.6895635396829819,0.4484413812184362,0.506280418139323,1.0276167615398821,0.45906541823023866,0.038603250264021984,0
0.2619067175886707,0.6967630939767645,1.4383931084795292,-1.8947617391869185,1,0,0,1,0,0,0.04707254852885811,-0.4018675224918812,0.40586453677030254,-0.5043462029833221,0.21687508534519798,0.08070518596376425,1.2748483199775182,-0.9239726093950239,-1.6825969812259653,1.7176873523869685,1.6821496222152816,1.0286400773933109,-1.645910108493199,-0.027885521173377545,0.008419356307409925,-0.5946844716378129,-0.0731113246335615,-0.16111382536365876,0.3735052989149339,1.0325043724929275,-1.800570506369104,1.276615729720144,1.7025658978242446,-2.3929807351219514,-2.3441731859866617,-1.0325043724929275,-0.37350529891493456,-0.11896988561082296,-0.10937746679115769,-0.3458698504096825,-0.5866332819637576,-0.5795621844475838,0.16404522527173035,0.02452383803125581,-0.1532996650890431,-0.6663639641110671,-1.6918530416568969,1.0346006017076752,-0.31415074923440073,0.5728670973845897,-0.4992530300691578,-1.9681275841710915,1.0276167615398821,1.9064643091940836,-0.5799798072721716,1
1.341317736592655,0.3617821363477598,-0.4445202009343899,-0.8681093238500562,0,1,0,1,0,0,-0.4703038686405733,-0.0931058488840305,4.1926462363142685,-0.7543228532872388,1.7078500224183013,0.5113517513477169,0.5494808379008354,0.7261239770851522,0.669865473763343,0.25106474173120913,0.8815287145268039,-0.8600752813988385,-1.8331949558069633,-0.09732679073432647,-0.2154006057990132,1.1738061345361857,-0.6810236014364771,0.09323246151129737,-0.946287449071263,-0.23452373259539866,-0.8613142634829317,-1.2124115447997754,0.2638334205160978,-1.014463614223611,-1.0550071501646303,0.23452373259539866,0.946287449071263,-0.20252742647848845,-0.3345252120667762,-0.43684594438356456,0.2015172482105774,-0.08458205761933026,-0.7180946013078251,-1.1988643086375024,-0.983822203561983,-0.35630847989348147,-0.7759052986632599,-1.0899443568808573,0.2514886682026129,0.35244048415429274,-0.093098282374475,-0.3502454288142823,1.5215080252738291,1.5167799923961247,-0.08511336124321738,1
-0.7661037767008384,-0.17934094905293926,0.5693561964423357,0.5985369837740325,0,1,0,1,0,0,-0.4198281206240434,-0.13962361515263325,-0.11865590134220637,-0.37357138129655093,0.35992584803874583,0.18132354236188405,-0.549370927972275,0.782147214478794,-0.039664681747990496,-1.1273350293237483,-0.7531533419654147,1.3824841977540812,2.0753498312004415,-0.62468676827921,0.2556245517040549,-0.389224446550351,-1.1548043394683132,-1.099947092714589,0.6912331826893887,1.199986903232429,0.13973399011170498,-0.8174425336519608,-0.33691008339636563,0.3778726798323135,-0.09474801773906164,-1.199986903232429,-0.6912331826893894,-0.6481676444393714,0.11577027848446049,-0.32767463161490584,-0.4703487775118068,-0.8697229484503528,-0.11949971898598452,2.2266225020350205,1.9506907657090713,-0.728375060954584,-0.08200549336504998,-0.9381911455531051,-0.7611883533378483,-0.8015576674631424,-0.6177148314801074,-0.6040308649486834,-0.7833178721512579,-0.32030321536567735,-0.2706882785040748,0
-0.5605016778429365,-0.1535731830814779,1.7280720791585935,0.3052077222492148,1,0,0,1,0,0,-0.6848257977108253,0.5639575996599832,0.20117363409225028,-0.4551609824374126,1.261764572210081,0.7854808734457055,0.6751075952277348,-0.8186531675099477,-0.8554205917524585,0.5336498784816514,0.8160155249254156,0.3651990683918481,-0.3257777435210822,0.4711917124628894,-0.8844794650477936,-0.8842749044298625,0.30345500445012263,0.19107781053980008,-0.12528395424331848,0.622343072722724,-0.4679443378948664,0.23757505254973663,0.28077760587974226,-0.4200257697088267,-0.8743098558367316,-0.622343072722724,0.12528395424331776,0.38237535959517033,-0.8598699510432187,-0.16391766246191838,-0.5866332819637576,-0.4430159425639276,0.6366201323679207,0.10608304780917345,0.17890935030013266,0.139780294854656,-0.05424950115312168,0.9587239960437993,2.0670087338472247,1.9343255908658337,1.5992131663533709,0.4428340591057229,1.0276167615398821,1.5724491805101195,1.8324941171189824,1
1.341317736592655,0.2587110724619126,-0.4445202009343899,1.478524768348486,0,1,0,1,0,0,-0.4703038686405733,-0.0931058488840305,0.03486227566633282,-0.39729601708928375,0.568773467753185,0.23543385846931736,-0.03334400146340618,-0.039723284791717606,1.4144726248741917,-0.5233948340599274,0.0504010905807281,-0.5179690374279547,-0.6704258248028774,-0.18968414792856425,-0.2937125406413961,1.2511593193460708,-0.6707758840792349,0.040824972587556116,-0.2971274843375756,-0.41176056791003435,-0.14316451991222134,-0.23971332050327435,-0.6763370087184242,0.041942769816849405,-0.025666246401404347,0.41176056791003435,0.29712748433757485,-0.23037994010104354,-0.3345252120667762,-0.20030810005147043,0.459927258103802,0.15437386567706757,-0.6865896075014126,-0.7910682597479163,-0.762349526635866,-0.23228628620644656,-0.16527347000083534,-0.2553016945782196,-0.0951935553878152,-0.4255357978349895,-0.38079122865820925,0.47455723862252236,0.2044646553166367,0.013711913318286572,-0.3944048900113141,1
-0.1749977424843705,0.5936920300909173,0.5693561964423357,-0.13478617003801185,1,0,0,1,0,0,-0.10435469552073157,-0.37802716727922225,0.7001077093700027,-0.558160620757082,0.4781804583202834,0.14062900710753337,0.4347503110530612,-0.6656647546075534,0.0698099820062477,0.6411116832163404,0.666142146437962,-0.5363976748600229,-0.7660172795917456,0.36231486090715154,-0.9747395761338985,-0.1054625259700281,0.645129698146683,0.16454585035772848,-1.4375436385994584,0.6941558255444424,-0.24251015052263022,-0.06282694324759823,-0.20141225188342712,-0.2264009575312436,-0.7053704187004858,-0.6941558255444424,1.4375436385994576,0.0759977097470634,-1.0850176963188372,-0.8644335860608106,-0.7804407893836761,-0.5112890635057554,-0.8126095827270634,-1.1988643086375024,-0.762349526635866,-0.29429738304996345,-0.10976148557697851,0.12408133374116129,0.5799244589724931,0.37837302688726915,0.2622871218583729,0.030432725387320277,0.2044646553166367,0.6260729825722207,0.47161139053935697,1
1.0586148506630406,-0.5658574386248675,-0.4445202009343899,1.7718540298733036,1,0,0,1,0,0,-0.43244705762817587,-0.13962361515263325,-0.7071422465416066,0.5638410573431366,-0.6569574689866768,-0.5431286237045785,-0.845539400468069,-0.14674349351744084,0.9606728792094076,-0.6121877063289979,0.02836659054705685,1.1584821553103615,0.16994752081084333,-0.621537092305525,-1.0543256684651583,0.38044524494895304,-0.25537080475221735,0.17015379405913209,1.3918432757717942,0.19961827368027837,0.5547105797785099,-0.8547902595729884,-0.9309612274370758,0.5738047776124263,0.12924410515765922,-0.19961827368027837,-1.391843275771795,-0.48105256270404034,-0.8598699510432187,0.6275743551108558,0.7441782689863493,0.59814915179895,0.4475901695294441,1.166352774922097,0.5111183656893089,0.07776919801113909,0.41760236644966076,-0.8623145398892288,-0.2776578835933038,-0.6978274965312384,-0.44848368660732285,0.3476645205553221,0.12214944469431245,0.23638866577426285,-0.023255055489598248,0
1.341317736592655,-0.17934094905293926,-0.4445202009343899,0.5985369837740325,0,1,0,1,0,0,-0.4703038686405733,-0.0931058488840305,-0.11865590134220637,-0.37357138129655093,0.44498297934688336,0.21709895797010442,-0.5530703900181082,0.216576989181671,1.0424700676996748,-0.6455212468623335,0.32602492806694994,0.8645368973442626,-0.42517209574736753,-0.2225037682893461,-0.21357417892579186,1.3368405455654016,-0.4238732502592419,0.3573911069060988,0.46715141202740545,0.7158101325491454,0.5467346969534593,-0.5112126384588209,-0.08169568161695287,0.4517520998153249,-0.0749255185133186,-0.7158101325491454,-0.4671514120274062,-0.2582324537235989,-0.25947596364157,-0.19121049065408274,0.5116092600824467,0.3079883877961804,-0.655084613695,-0.46483142063624716,-0.7069813574043363,-0.17027518936292965,0.22331042096616224,-0.7105613285614767,-0.8706669502611417,-0.7756251247301669,-0.5669454880182719,-0.9212626601166852,-0.5363722402842841,-0.26463402725168356,-0.3944048900113141,1
1.2899172118781799,-0.05050211919562982,-0.15484123025532542,-0.4281154315628296,1,0,0,1,0,0,-0.81101516775215,5.151772297900927,-0.041896812837936774,-0.36373433718736903,2.270114802206965,4.243174791980205,-0.4655685431567025,-0.7171254114528662,0.2745689862896946,0.7617237983938838,1.331637889638534,0.5080379961956315,-1.0708925630633481,-0.15480553792537738,-1.5828630306647467,0.5659937305163182,1.042422158075157,1.596745011153735,0.3699083794759778,0.3260326064644921,0.4927045229773103,-0.6014003037087827,0.19342411256811268,0.00460825856159036,-0.17228375258792497,-0.3260326064644921,-0.36990837947597854,0.27096530510494976,-1.2351161931692491,1.837556404963487,1.9199438140005203,2.373250296286478,1.550264952753888,-0.709509049969999,-0.9284540343304539,2.00011320016017,0.3620903820258042,-0.6346847228976005,-0.2776578835933038,-0.1402778277722523,-0.1269445113490324,-0.5405845059150832,-0.37174181903963527,-0.26463402725168356,-0.332546584257695,1
-0.5605016778429365,1.0575118175772313,1.0038746524609323,-0.4281154315628296,1,0,0,1,0,0,0.7158762097478791,-0.5629352881969182,-0.4768649810287978,-0.1102857889625646,-0.9401204706242328,-0.3477054159446747,0.79963577673828,0.25276522611864416,-0.8752248973767253,-0.07409945122955693,-0.8045104145228801,-0.7286336574847334,0.8269287478501255,0.34220210784891114,-0.8379113232378838,-0.7031174759736916,-0.6557811177711733,-1.0268713502994151,0.19034451885672046,-1.1825507815298206,-0.7699886987294623,-1.1863293748117094,0.48989649995893353,-0.550157752673807,0.043362931277069874,1.1825507815298206,-0.19034451885672118,0.605195468575612,-0.5596729573423944,1.0005763404037717,0.4340862571144791,0.13730558544161034,0.8256500952063961,1.7372672433675176,1.784586258014483,0.38782468222872474,-0.5816133531797613,-0.9381911455531051,0.9539763317937442,1.0915179520441112,0.7699805564767266,0.6966194952401235,1.1922471827845313,0.6260729825722207,0.34789477903211874,1
-1.100207187344929,1.289421711320388,2.452269505856255,1.7718540298733036,1,0,0,1,0,0,-0.5081606796529707,-0.018095950775908594,-0.029103631420558513,-0.3747286806035135,0.5918732820097946,0.27568120102856525,1.4514600668738193,1.7989977439717832,-0.6120111919192501,1.9333195891521349,1.690651286226874,1.899131048162113,-0.8418258889231182,1.0813738116127865,1.4846159929869,-0.02316483317146407,0.9722270239591291,0.7900945926637136,1.2021396197987126,1.3979208031972914,-0.9377945843191191,-0.9819251506229115,0.8133613785205834,-1.6477463630915414,-1.4265558830712861,-1.3979208031972914,-1.2021396197987133,1.3015083091394917,1.7668537438389946,0.7731361054690666,0.6408142650290589,1.0419244379208312,0.6051151385615076,0.8401159358104279,0.2896456887631914,0.6978801664463103,-0.9424412519348303,-1.0140677512169813,-0.4601222117987924,0.002351157259115363,-0.6515610604546642,-1.1116017372174867,0.12214944469431245,1.0157572993701793,-0.08511336124321738,0
-0.27779879191332196,0.33601437037629844,0.5693561964423357,0.3052077222492148,1,0,0,1,0,0,0.13540510755778543,-0.432104070566473,-0.7583149722111197,1.2235016623118056,-1.5018789948464515,-1.2778662217584043,0.10469242943061988,0.11237302060318086,-0.5338355458746264,-0.7213481071934299,-1.129307033150222,-1.0998159089993615,0.48465110883761564,0.8502130559667153,-1.2734284823058488,-0.15212665414989204,-0.003641329440536742,-0.3224345115497425,-0.16027754582615011,-1.3410564071273077,0.703945496147499,-1.4299281961178743,0.5768984584252206,0.9708840753778073,1.1533599082539996,1.3410564071273077,0.16027754582614942,0.5216379277079463,-1.3101654415944555,-0.7461646638947628,-0.7029177864157086,-0.6649035856248688,-0.6865896075014126,-0.30171300108041293,-0.26403600355210183,-0.9144083514851348,1.0282341951120857,-1.1658209625447336,1.145563876409508,1.3119445652744073,1.7007518532770418,0.6331731362065233,0.8629863402952329,0.23638866577426285,1.5232025883508855,1
-0.7661037767008384,1.1605828814630785,0.5693561964423357,-0.13478617003801185,0,1,0,1,0,0,-0.44506599463230834,-0.12799417358548257,-0.15703544559434116,-0.35158269446426194,0.3661205860748668,0.17327407385003446,-0.24769094830468297,-0.2810406047213118,0.2419780889190482,-1.4286968484136413,-1.4690617224266735,0.4963819639645154,2.112604412135436,-0.6465716871083578,0.3255453475111087,-0.5189492253095754,-1.035491449277052,-1.0683497033546503,0.9153149533513734,-0.23079243079930178,-0.3016265183529907,0.7118612324975071,-0.8522860780299261,0.9033016747071041,0.8668166399414291,0.2307924307993025,-0.915314953351374,-0.5924626171942612,0.340918023760079,0.11810822885711679,-0.173177266134598,-0.5624939042121272,0.25856020669096863,2.879096180258358,2.4490042887928354,-0.35630847989348147,-0.3318094232724056,0.5793409677244183,-0.19554893590083341,-0.5940973255993336,-0.2284831982727022,0.8235122133073248,0.12214944469431245,0.013711913318286572,0.10046155601764112,1
0.08200488108800677,-0.23087648099586283,0.5693561964423357,0.3052077222492148,1,0,0,1,0,0,-0.40720918361991093,-0.16288249828693463,0.9943508819697028,-0.5951941985798844,0.9434475826929767,0.33471063678212887,0.4452673469938229,-0.1743330374374188,-0.6569934075834779,1.9234497835462505,2.1665875832122623,-0.27473345168663965,-2.3740273174634057,-0.7327695350175107,-0.09441734232987781,-0.2979452004040604,-0.7343019702092326,-0.5479002273845982,-0.6862106428504532,0.30587169994287167,-1.3513297704333709,0.14469234411360082,0.5987258048955628,-3.32657783089121,-3.3515879008081293,-0.30587169994287167,0.6862106428504524,-0.8152827261747027,-0.3345252120667762,-0.7734574920869285,-0.7933612898783374,-1.0062691903340089,-0.30852968182446,-0.38327221085833024,-0.09793149585751397,-0.790386157798101,-1.1644891896302574,0.5793409677244183,1.2915353389738984,1.454573550305776,-0.2623294272472596,-0.5405845059150832,3.4970730802096184,4.188901021867839,0.7809029193074537,0
-0.25209852955608386,0.4133176682906843,1.4383931084795292,-0.4281154315628296,1,0,0,1,0,0,0.45087853266109723,-0.5135101615365277,-0.68155588370685,0.48283010585575625,-1.3185827758981175,-0.7680665493412641,1.354616662744385,0.257015096074263,0.5133374394403087,1.7926492669637824,1.5777591563041815,1.6554884364080549,-1.207986441243491,1.335822800461386,-0.1705962780280774,0.911207900423658,1.2889518930084891,1.608748737619361,2.3942546397204665,-0.11670382262079637,-0.548889041870761,-0.5236608915861403,0.21392658674994033,-1.1436508746224516,-0.4805341507218749,0.11670382262079708,-2.394254639720467,2.137083717816147,0.491016520610491,2.1468751244746866,2.423843333292309,3.021844945233844,1.109195039464111,1.0847935651441794,0.012804842605544792,2.0621242970036877,-0.3595654154843339,-0.2553016945782196,0.8992370333320981,0.8840576101803024,0.31305646532020776,0.8552353928241243,1.1922471827845313,1.2384340518261547,0.7190446135538346,0
1.3156174742354179,0.7225308599482267,-1.168717627632051,0.5985369837740325,1,0,0,1,0,0,-0.36935237260751347,-0.20649290416374969,-0.5024513438635544,-0.08135330628850015,-0.1947706426892791,-0.09593592860182383,-0.4057459621736257,0.4890643462392046,0.607805264473338,-0.4629191902771225,-0.0770001389966309,0.8164515916303062,0.4216023218839204,-1.3017359200628351,-0.8196965965791903,1.9367100710299934,-1.5689538229311566,-0.5798388308540862,1.1015997988414552,0.020989325180847843,-0.7364795560860184,-1.492410219635265,1.1153166876459717,-0.9303737926168906,-0.4659958100062921,-0.020989325180847843,-1.1015997988414559,-1.2330704305130304,-0.7848207026180125,-0.09113678728281299,0.9121447754169449,0.15437386567706757,-1.033144539371952,1.247911984700014,0.7325910426154264,-0.728375060954584,-0.859173275299045,-1.5452039908641146,-1.0531312784666302,-0.39960325510201306,-0.7192535184037778,-1.3653871733518879,-0.04248097655033679,-0.04195727479570725,-1.198562864808365,1
-1.5885121721324456,-1.235819353882877,1.0038746524609323,0.3052077222492148,1,0,0,1,0,0,-0.2684008765744537,-0.2966210763091675,-0.3361399854376369,-0.24742575683763,-0.07257927545005463,-0.03690649284826022,-0.7154828653614319,-0.7779166527002456,1.3286428079597792,-0.09639411402758817,0.09558597768442312,0.9119256942329756,-0.06951636186753836,0.3137141503407392,-1.656771638293616,1.679595353973059,0.37170765159653785,0.8221816724977801,0.4251360800282837,0.8221130942085976,1.3083558237085302,-0.5920024379372779,-0.12846787709407884,0.4988011736907182,0.6784339261110515,-0.8221130942085976,-0.4251360800282844,0.29881781872750485,-1.535313186870074,0.04532735367801011,0.9121447754169449,1.0419244379208312,-1.033144539371952,-0.9541866793037505,-1.2052948804881005,-0.046252995675895824,0.8339422496285867,-0.7864379342253526,-0.9071598159022387,-0.8274902101961188,-0.6007917169928287,-0.28679906978068154,-1.5241547677521787,-1.4336869776455579,-0.9511296417938885,0
-0.7147032519863632,0.28447883843337485,1.4383931084795292,-0.4281154315628296,1,0,0,1,0,0,-0.356733435603381,-0.21812234573090036,-0.4001058925245282,-0.191296740449945,-0.04689119309727327,-0.019913170434355545,0.48134332933866625,1.041065773051337,-0.17002781775640144,-0.025244712722699528,-0.9731720245023681,-0.9779062984085867,0.4452105983195518,1.109176636161045,0.7521808261486562,-0.7174185168073306,0.3176573983272004,-0.9325004822250194,-0.4481121582821066,-0.8893153741744672,0.4389566091812367,-0.6753772057970535,-0.48850269897474774,0.34908761678931743,0.3547660694910711,0.8893153741744672,0.4481121582821059,1.050835686536495,0.7161642658861095,0.05442496307539909,-0.3282232720705331,-0.18699173903207253,-0.43454965705011084,-0.13859458152457876,0.06817301183707392,-0.4803306735805153,0.5841383197212315,-0.482931511569848,0.6164173246135901,0.2487103132223888,0.38074892326932136,1.0138512904081252,0.5337254978059351,0.1250502895462747,0.8427612250610729,0
0.030604356373531493,0.1298722426046032,-0.15484123025532542,1.0385308760612593,1,0,0,1,0,0,-0.7100636717190902,0.883767242756627,-0.34893316685501513,-0.23469546446104164,0.9012659350619028,0.861056438918071,-0.14390309827522693,0.013005463809678555,-0.4619171327774756,1.7510952784522111,1.9413107793591124,0.32790542070397655,-1.3572227419313605,0.6413365183758388,-0.8309490782419136,-0.5086604746324661,1.6779221056055669,1.5227388208334645,0.1590389773671773,0.28949096339405445,0.8409166536649639,-0.8502769524710813,0.12030147284589734,-0.7018179125246418,-1.0371410092542903,-0.28949096339405445,-0.15903897736717798,0.4659329004628361,-0.8598699510432187,-0.38226028799923456,-0.5737127814690962,0.06903246449978255,0.41608517572303205,-0.6279498401920818,-0.762349526635866,0.5118468759157585,0.6674062963570164,-0.8623145398892288,-0.2959043164138529,-0.1921429132382052,-0.44848368660732285,-0.794369942049485,0.36909507656128593,0.5704037944582268,-0.45626319576493324,1
-1.1259074497021662,1.289421711320388,-0.8790386569529866,-0.13478617003801185,1,0,0,0,1,0,-0.21792512855792381,-0.31987995944346886,-0.1442422641769629,-0.3533186434247058,0.07660068919937087,0.027042062551433693,0.025398805037427138,2.058962879766895,-0.8841116300450896,-0.1378733032004872,-0.2350186634750763,-1.1877212417422305,-0.29295476916337665,-0.7931937537691781,2.0192863920247013,0.13929858438130227,-0.6452335585203588,-0.6064097047388014,-2.5386350978867935,0.8978772664439514,-0.8278675095292547,-0.8031143895303586,1.3485918595855124,-0.45354461380586636,-0.28650527582206675,-0.8978772664439514,2.5386350978867935,-0.8152827261747027,1.6167552469885829,-0.43684594438356456,-0.3023822710812103,-0.5283573437412127,-0.5290646384693491,-1.5251011477491712,-0.6516131881728072,-0.17027518936292965,-0.6093693453916895,-0.482931511569848,1.182056742050605,1.8046628772009532,1.4638282504551436,-0.4771381468814831,-0.12479618717266176,0.3477270420022505,1.1520527538291696,0
-0.5605016778429365,1.289421711320388,1.0038746524609323,-0.13478617003801185,1,0,0,1,0,0,0.7158762097478791,-0.5629352881969182,-0.8350740607153893,5.129386823310504,-2.7227680592437014,-4.397035270100118,0.4446647311921227,0.47519701142255477,-1.0136644022477148,-1.0448447885450134,-1.7815858524406272,-0.1974299610151889,1.9935133709051858,0.43707651476626036,-0.8131771277299477,-0.7778842271011647,-0.4551530553127366,-0.8932629929013401,0.12645565867397954,-0.39468810214486993,-0.1815954294234169,-1.466845806626228,0.6040145664633233,0.9601959231754812,1.4440514100250037,0.39468810214486993,-0.12645565867398026,0.7723105503109431,-0.4846237089171882,1.2189189659410893,0.5632912620610914,0.3421249482670949,1.0461850518512859,1.4925896140337656,1.5631135810883663,0.5118468759157585,0.1400424443303771,-1.1658209625447336,1.419260368717741,1.571269992604168,1.9545985705862188,1.1407440084753266,-0.7010026615289333,-0.9326642846196119,1.4613442825972665,0
-0.7661037767008384,-0.2824120129387873,0.5693561964423357,0.5985369837740325,0,1,0,1,0,0,-0.44506599463230834,-0.12799417358548257,0.12441454558798068,-0.42738579907031077,0.5876125735594687,0.2318563169084953,-0.8131929174235318,1.380850011494808,-0.3310190427349275,-0.7409297095401525,-0.7105220820777809,0.20633225800818042,1.4939093618081662,-0.38240945489230316,0.5082354665233528,-0.7498636387426706,-0.7420120407690516,-0.8423020134420907,0.8094985616498793,-0.5214382267650228,0.7486655254526627,-1.3861208425806881,-0.30102651974052597,0.26518179885046494,0.10136952986384358,0.5214382267650228,-0.80949856164988,-0.3139374809687093,0.5660657690356972,0.2545723698179399,-0.18609776662925942,-0.4600842227993849,0.5736101447550955,2.471300131368772,2.1167952734036595,-0.046252995675895824,0.4731143508735179,-1.3934507795363622,-0.6243401071837319,-0.671894953798262,-0.5330992590437151,-0.28679906978068154,0.03983423407198747,-0.2089648391376897,-0.76555472453303,1
0.030604356373531493,0.28447883843337485,-0.15484123025532542,-0.4281154315628296,1,0,0,1,0,0,-0.7100636717190902,0.883767242756627,-0.4001058925245282,-0.191296740449945,0.8319095143069667,0.82751698678536445,0.008788913931065035,2.272422009374387e-4,0.03633179234699142,0.486910486907537,0.4696362183091054,-0.9580766044884219,-0.13737385702782343,0.5363988296584876,-0.6192393439378387,-0.5317737428237151,1.4376987577418356,1.4174634371208354,-0.2548898489945435,-1.0539055705610194,0.5237421916331059,-0.6206522780090795,-0.5840481047341647,0.7678128228278052,0.773327074787764,1.0539055705610194,0.25488984899454276,0.32667033235006016,-0.7097714541928067,-0.5278220383574467,-0.7029177864157086,-0.15285517856115927,0.3845801819166189,-0.8726274695258333,-0.8730858650989243,0.3258135853852078,0.6951622885689447,-0.4070549059059717,0.6985262723060605,0.2616765845888761,0.5669031826293847,1.2993599060593275,0.03983423407198747,-0.4316415915936655,0.9664778365683122,0
-0.1749977424843705,1.289421711320388,0.27967722576327125,-0.13478617003801185,1,0,0,0,1,0,0.7411140837561441,-0.5635167602752758,-0.1442422641769629,-0.3533186434247058,-0.5398715499243759,-0.1603316766966205,0.7736426778668755,0.8086423794603649,-1.3789636470648716,0.4557000833407523,-0.043078122036477526,0.6883889057602943,0.5007195592424506,0.2568495164084123,6.040584643110029e-4,-0.2771506732491353,0.19307544905649532,-0.10402311095897653,0.288491621905012,0.6527578856825103,-0.8191279656950294,-1.1092819108974734,1.6065798027869673,-0.42417110303714756,-0.04555465295572338,-0.6527578856825103,-0.2884916219050127,0.27096530510494976,0.04072103005925432,0.13630344765189217,-0.031051760693324323,0.0519641842643253,0.1010352376589052,0.35076067714292497,0.2342775195316623,0.07776919801113909,-0.6371253376036178,-0.8623145398892288,0.9266066825629212,1.7138989776355367,1.396135792506029,-0.635754044465484,-0.37174181903963527,-0.09762646290970158,0.8427612250610729,0
-0.5605016778429365,-0.5400896726534062,1.7280720791585935,0.5985369837740325,1,0,0,1,0,0,-0.7479204827314877,1.6309588634460586,0.8280395235437853,-0.5772560593219644,1.9219887920566914,1.7004371276259416,-0.09723226121606189,-1.5937565570676016,0.7083521709279003,0.14192452587969215,1.1149757655847456,1.73799439488936,0.11564736669071762,0.6112244108976072,-0.9357184959604645,0.788710261382083,1.1345368927378112,1.7559480512785046,1.5985806802879148,0.7849642097577141,0.7459320556479437,1.2500986434139778,-0.1757633978352838,0.933256483694345,0.26481840224295594,-0.7849642097577141,-1.5985806802879157,0.4659329004628361,-0.9349191994684248,-0.30038180342274146,0.13691474573727128,0.59814915179895,-0.15100471279239655,0.18764225758709038,-0.4855086804782194,0.20179139169817292,0.8061862574166584,1.33810702436318,0.36096726512590627,0.20981149912292413,0.5838262971166633,-0.033013633646279864,-0.7010026615289333,-0.4316415915936655,0.7190446135538346,1
-1.2287084991311177,-0.5658574386248675,0.27967722576327125,1.7718540298733036,1,0,0,1,0,0,-0.3188766245909836,-0.2512662541972798,-0.7711081536284979,1.625663171481301,-1.1749114388546489,-1.449588216677862,0.043724808162549506,0.44359038340752904,-0.4980891527824831,-0.11905509144785358,-0.3424515855593207,-1.3355446048591169,-0.37350058823670723,0.6403989937487254,-0.5511617691083903,0.21408765835353835,0.7112674689770448,1.0382491303533952,-0.10705812529392912,-1.715344606419548,0.5790787188326781,-1.1609834833691213,0.8960420080492901,0.8661163945850111,1.4588520301179304,1.715344606419548,0.10705812529392841,0.438080386840281,-0.6347222057676005,-0.46413877257572894,-0.28946177058654887,7.593435579547688e-4,-0.08799472517957138,-1.1173050988595852,-1.2052948804881005,-0.4183195767369984,0.3898463742377325,-1.1658209625447336,-0.43275256256796935,0.06718251409155555,0.4145951522438788,-0.3819686083310823,0.12214944469431245,-0.5986491559356475,-0.08511336124321738,0
-0.5605016778429365,1.1863506474345409,1.7280720791585935,-0.13478617003801185,1,0,0,1,0,0,-0.7479204827314877,1.6309588634460586,-0.3617263482723934,-0.21733597485660297,1.1193907686194995,1.4222832712720281,0.3563216693219852,-0.38564836872106684,0.026811958317008572,0.9134879188206722,1.0820863022547318,2.020979905625233,-0.5577679994614387,0.5537203801921021,-0.911845974490138,1.0256779538239762,0.8202960417781251,1.6403240804850505,1.8738869722943035,0.8978772664439514,0.05779692457633671,-0.3841527911616424,0.9940545823630442,-0.42067173171812894,0.19469201226522617,-0.8978772664439514,-1.8738869722943043,0.38237535959517033,-0.9349191994684248,-0.4004555067940112,0.1627557467265941,0.4957394703862077,-0.30852968182446,-0.13859458152457876,-0.8730858650989243,0.015758101167622184,0.1400424443303771,-0.2553016945782196,0.37921369794645543,0.858125067447326,0.6176725260912207,-0.12818317219668063,-0.12479618717266176,0.3477270420022505,1.0283361423219313,1
2.1123256073097876,-0.7719995663965628,-1.8929150543297122,-0.4281154315628296,1,0,0,0,1,0,0.24897554059497767,-0.475714476443288,1.7235622227602638,-0.6762051500672649,0.5508163179898278,0.15672794413123253,0.19314338251493038,-0.122507339946311,0.19958193047000028,-0.3016454591418989,0.27756181590822265,-0.8984312295738793,-0.8460593364775508,-1.107715486691689,0.5378139103635763,0.9432073269441354,-1.3123668900829322,-1.109863100840796,-1.6149417070401957,0.3763264807979944,-1.3753868375071276,0.7069153378072391,0.6749972160242728,-0.8938169884839513,-1.4444092551850207,-0.3763264807979944,1.6149417070401944,-1.0659553487776992,0.41596727218528484,-0.20030810005147043,0.3048812521678669,-0.2552648599739003,-1.0016395455655394,-0.6279498401920818,0.12354118106860354,-0.046252995675895824,-1.2477571662660425,0.8828473903799233,0.5434315933313949,0.8321925247143505,0.38074892326932136,-1.0481553781838862,0.9453015509175579,1.2941032399401495,0.038603250264021984,1
-1.485711122703495,1.3151894772918502,-0.4445202009343899,-1.161438585374874,1,0,0,1,0,0,-0.11697363252486404,-0.3582571166150661,-0.08027635709007157,-0.36026243926648127,0.033346089560772715,0.0028936570158849427,-0.295064303828087,-0.5928370385516339,0.6642374877500012,-0.4439013013806235,0.7785902675693126,0.35739124059528554,-0.6411609419513609,-0.16137818165003465,-0.6288177003964003,-0.5341923566041457,-0.46701952413557374,0.2559867204352273,-0.11972941589683889,0.6061852033378367,0.24904691949090502,0.18375167220847508,-1.444846698914501,0.13659345430153444,-0.7622842713170247,-0.6061852033378367,0.11972941589683818,-0.20252742647848845,-0.6347222057676005,-0.19121049065408274,-0.43158727602782254,-0.5795621844475838,0.8886600828192224,-0.38327221085833024,-0.3747723420151606,0.139780294854656,0.3065783976019474,0.27583454506891375,0.3062279666642602,-0.5162996974004062,-0.4315605721200442,0.6966194952401235,0.2044646553166367,0.5704037944582268,0.2860364732784985,0
-0.25209852955608386,-0.02473435322416849,1.4383931084795292,0.3052077222492148,1,0,0,1,0,0,1.1323011308842508,-0.6152677752490963,-0.2593808969333673,-0.3041334228787963,-0.8010406153381971,-0.2381432056444998,-0.5746994327883219,2.7101421817585156,-0.8779773934146706,-0.385031042298623,-0.5448723137416555,-0.10449270743802953,1.086610721754464,-0.6718083381226347,2.001343326320527,-0.3576848041893374,-0.3328917710337188,0.02669432765916272,0.271474372857786,-0.41176056791003435,0.12787057525156,-1.714853386781203,0.8407857759953737,0.19006231626463363,0.7344225088413281,0.41176056791003435,-0.2714743728577867,-0.7038726716844818,1.6167552469885829,-0.4095531161914002,-0.5220307794904515,-0.6136987449184976,0.25856020669096863,0.18764225758709038,0.06817301183707392,-0.4183195767369984,0.41760236644966076,-1.4693273852002382,1.172933525640331,1.4934723644052397,1.4976744794297,0.6014499566897238,-0.5363722402842841,-0.7656567202776299,1.0901944480755505,0
0.72451144001895,0.6967630939767645,-1.8929150543297122,-0.13478617003801185,1,0,0,0,1,0,0.4130217216486998,-0.5071139686745949,-0.016310450003180245,-0.37588597991047606,-0.278208395179635,-0.09951347016264586,-0.7923354771930428,1.7379545288345717,1.422317330549975,-0.9614720520155814,-0.7310815675418444,-0.3420593164854845,0.7979696560314639,-1.7557309983987808,1.1187628678098906,1.7323421601870783,-2.449339680011444,-2.2569058236153348,-1.1334326641296226,0.6575966059261134,-0.652543957831735,-1.264645051571923,-0.20351863422746927,-1.129836585881441,-1.2529874224556696,-0.6575966059261134,1.133432664129622,-1.6508581348513582,1.0163612595869336,-0.03655113089848297,0.8604627734383002,-0.2894014204448148,-1.6947494093066184,1.0032343553662626,1.9506907657090713,-0.23228628620644656,-0.7481493064513315,-1.317574173872486,-0.7885580025686714,-0.7626588533636787,-1.1084851516111824,-0.7626467625326843,0.03983423407198747,0.4033962301162448,-1.0748462533011267,0
0.2619067175886707,-1.596568077483343,1.1487141378004646,-0.13478617003801185,1,0,0,1,0,0,-0.09173575851659908,-0.36174594908521135,1.2885940545694028,-0.6206547833330611,0.6775387089017563,0.201447213641508,-0.8576344944733655,-1.604650499856386,0.6269521368990386,-0.9236510141023675,-0.7815637397075024,-0.8509130870339877,0.07650247002733461,-0.521433007059677,-0.528704193850062,0.02476511764128748,-1.1406250465313428,-0.7821348981387409,0.02218903885575044,-1.1825507815298206,0.6715519249073011,1.672788914682435,-0.8321780192712457,0.11676866002171327,0.25246864163115984,1.1825507815298206,-0.02218903885575115,-0.6481676444393714,-0.7097714541928067,-0.8280431484712572,-0.6899972859210471,-1.05747403104038,-0.5290646384693491,0.02452383803125581,0.012804842605544792,-1.0384305451721696,0.8061862574166584,1.8692432640103136,0.5799244589724931,0.028283699992091807,0.0761328624983096,1.3945294446097283,1.1922471827845313,0.6260729825722207,0.22417816752487937,1
-0.8689048261297889,1.907848094635473,0.27967722576327125,3.2385003374973924,1,0,0,1,0,0,1.1070632568759857,-0.6123604148573085,1.1222826961434853,-0.6073458413029915,-0.007039267917810136,-0.0015782699351426037,-1.6998057702557268,0.38447204148887315,-0.46902371631199546,-0.8044759214384922,-1.229724413837208,1.3009944729030514,1.494028086337429,0.7093316136437541,0.6043659374673922,0.16945025250977844,0.8506529513998482,0.2691182237192234,1.6568639057482482,0.13114384342216406,3.072377091954289,0.07774058604500615,0.811452294638278,1.9302879746216663,1.8614435307778385,-0.13114384342216406,-1.6568639057482488,1.5521809317424884,1.6167552469885829,2.647243641331038,2.3592408308190027,2.7146159009956183,1.140700033270523,2.3897409215908554,1.5077454118568363,2.2481575875342377,2.6658377356158605,-0.02767187758659086,-0.2867811000035777,0.15794641365697218,0.9392117013495113,-0.635754044465484,-1.5241547677521787,-1.6563637301015341,-0.023255055489598248,1
1.5469198354505571,0.49062096620506923,-0.15484123025532542,-1.161438585374874,1,0,0,1,0,0,-0.16744938054139394,-0.33674264971583734,0.03486227566633282,-0.4048184625845405,0.17183491990877053,0.05387362425759897,0.5558816828509971,0.7419417642650433,0.33889403271967034,0.6445921504414107,0.28276203311626313,-0.2899252974943031,-0.13987941950580976,0.06968636838060635,0.13888185029027972,-0.5952110211576206,0.027706965599836614,-0.3712886711209721,-2.1952438631259974,1.781792609189754,-0.7033372134683609,-0.8792095669591515,-1.0614091700764439,-0.8433286568247956,-0.7300956134681215,-1.781792609189754,2.1952438631259974,-0.11896988561082296,-0.10937746679115769,-0.6824813981130464,-0.8579637923516437,-0.801449827508525,-0.34003467563087314,-1.3619827281933365,-0.5962450189412776,-0.4803306735805153,-0.6926373220274746,-0.8623145398892288,-0.17730250308028428,-0.6848612251647502,-0.939254006738398,0.664896315723324,-0.9479482933959068,-0.2089648391376897,-0.023255055489598248,1
1.3156174742354179,-0.02473435322416849,-1.168717627632051,0.3052077222492148,1,0,0,1,0,0,-0.06649788450833415,-0.364653309476999,-0.2593808969333673,-0.3041334228787963,-0.18293011929558706,-0.04540315405521256,0.03135986928937401,1.505470490072409,-1.4933747148483,-0.22943903318250095,-1.3537379164299272,-1.103999707767724,1.2236179890729222,0.11917606301376707,0.17699411776563118,-1.242073953950195,0.1461625471154783,-0.7493631983528738,-0.7989105922128035,-0.7133741297612556,0.07547265632390361,-1.8889966720261548,0.7933287249822495,0.45488961138146256,1.028318280499794,0.7133741297612556,0.7989105922128035,0.29881781872750485,0.41596727218528484,0.7367456678795146,-0.08273376267196997,-0.01630893667750248,0.8571550890128092,0.10608304780917345,0.5664865349208381,0.7598912632898273,0.25106641317809053,-1.6969572021918669,0.7441423543574326,1.078551680677623,1.2269046476332444,0.4428340591057229,-0.8656330827735822,-1.211010225189582,0.7190446135538346,0
0.2619067175886707,0.6967630939767645,1.1487141378004646,-0.13478617003801185,1,0,0,0,1,0,-0.09173575851659908,-0.36174594908521135,-0.016310450003180245,-0.37588597991047606,0.06250427993998442,0.01228470361304279,-0.042630853696263106,0.7045203909201924,0.1417556101271714,0.4951649670031967,0.7268107728871348,0.3201653929825087,-0.7417194564462001,-0.5959907218465692,-0.5309176541326578,-0.10679588987696007,-0.6194972149565555,-0.4831966136581361,-0.37315522795503414,0.8067582219688989,-0.5362276671099259,-1.4988379974626322,-0.3011042378548808,-1.283218758901711,-1.4166370476596297,-0.8067582219688989,0.3731552279550334,-0.7595776989295921,-0.7848207026180125,-1.110069039790291,-0.9871687972982559,-1.1428154322176651,-0.7180946013078251,-0.6279498401920818,-0.5408768497097485,-1.2864749325462383,-0.6926373220274746,-1.5452039908641146,-1.0166384128255321,-0.996051737960463,-1.3623318689203594,-0.8895394805998851,-0.12479618717266176,0.29205785388825667,-1.2604211705619852,0
-0.3034990542705592,2.1397579883786295,-1.6032360836506476,0.3052077222492148,0,1,0,1,0,0,0.36254597363216995,-0.5012992478910195,-0.579210432367824,0.1645727964410475,-0.974250472197436,-0.5127195204375912,-0.565872040850241,-0.4384624621270924,0.17166652654439798,-0.6770150293174857,-0.32644787693797317,1.1592141673271006,0.8858581093012867,-0.751913510199314,0.19322371159965218,0.38875703876769,-0.4778460011683871,-0.22541812316580756,1.1824893722175853,0.40825130337297294,0.03555572779054701,0.7953707620755048,0.15598943972676152,0.4407797122014088,0.20432130492534123,-0.40825130337297294,-1.182489372217586,-0.7038726716844818,0.19081952690966666,0.04532735367801011,0.24027874969456073,0.03489590402886805,-0.18250970659880966,1.0032343553662626,0.4557501964577793,-0.5423417704240322,-0.026493508941193386,0.6552175733882943,-0.19554893590083341,-0.08841274230630035,0.09305597698558829,-0.4136917878478824,-0.4540570296619595,-0.32030321536567735,0.16231986177126023,0
-0.3034990542705592,0.6967630939767645,1.7280720791585935,-0.13478617003801185,1,0,0,0,1,0,-0.5838743016777656,0.16855658637685988,-0.016310450003180245,-0.37588597991047606,0.7746319123962297,0.420124441546755,1.7828092538845834,1.2810552591423834,0.5052623750981201,1.5952619506144465,1.3873809540333983,0.22728506032488374,-1.027515175566599,1.9107407616574392,0.38657023135059737,0.3388596118761059,1.1801122438723484,0.7734254555926803,-0.16027754582615011,0.4689510326955308,-0.5698500104392012,-1.3710309748716791,-0.3501893627097942,-0.9849168775795325,-1.0485637662282206,-0.4689510326955308,0.16027754582614942,1.6635909862327087,0.26586877533487285,-0.23669853764102378,-0.031051760693324323,0.4445346296798359,-0.6235796198885869,-0.5463906304141645,-0.5408768497097485,-0.10826409251941274,-0.6648813298155464,-1.3934507795363622,-0.7064490548762022,-0.7626588533636787,-1.057715808149347,-0.5088613263982832,0.03983423407198747,0.29205785388825667,-0.9511296417938885,1
2.138025869667024,-0.87507063028241,0.27967722576327125,0.3052077222492148,1,0,0,1,0,0,-0.5586364276695006,0.16274186559328455,1.1094895147261072,-0.6067671916495102,1.269648225209414,0.5940823999417265,-0.2071134874252922,-0.022407281286928874,0.15398329080894652,-0.43031668531242984,-0.056906943520735574,-2.030442241574887,-0.6233272123518618,0.23955308555405058,0.14630353968206836,0.3730753284661366,0.3699927092061547,0.6187163896034393,-0.8114328088086202,-1.9645118678107643,0.527354966483863,0.1773183711104952,0.1644044088543424,0.9482085170905727,0.6780379447233644,1.9645118678107643,0.8114328088086196,0.02029268250195297,-0.10937746679115769,-0.7006766169078218,-0.4186667755331612,-0.2552648599739003,-0.5290646384693491,-1.1988643086375024,-1.0391903727935126,-0.23228628620644656,1.055990187324014,0.8069707847160468,1.8389283235903642,1.6620338921695847,2.039214143022611,1.0455744699249259,1.6038232358961542,0.6260729825722207,1.5850608941045057,1
0.030604356373531493,0.8256019238340739,-0.15484123025532542,1.0385308760612593,1,0,0,0,1,0,-0.7100636717190902,0.857600999230538,0.03486227566633282,-0.40308251362409664,1.269648225209414,0.9710658419133488,-1.0859809970708192,-0.6465499090063959,-0.7213851966826497,-0.36219383110139913,0.12725869311723542,-0.5397924238606671,0.1800245659472067,0.6697299309662152,-0.8116606242919053,-0.4610020135234977,1.4892811583282497,1.523495500282781,0.2430696413654208,-0.9772859963810728,2.179269267969944,0.07430624526243293,0.5228951656859105,1.9660462022544318,1.3219542980179575,0.9772859963810728,-0.24306964136542153,0.35452284597261524,-0.9349191994684248,-0.7916527108817039,-0.8838047933409655,-0.32353798091572933,0.16404522527173035,-0.5463906304141645,-0.7069813574043363,0.07776919801113909,2.8046176966755025,0.5793409677244183,1.5196157492307591,1.6101688067036326,2.4961382341791287,0.2207718024881207,0.12214944469431245,-0.32030321536567735,1.770635811365363,0
0.3904080293748593,-0.7204640344536393,-0.8790386569529866,1.478524768348486,1,0,0,1,0,0,3.63085065770248,-0.7490063532713291,-0.3617263482723934,-0.21444272658919655,-1.4632851180237225,-0.4103123932590603,-1.3869699113337355,-1.3454006803319374,0.7478979747612922,-1.0322107624612877,0.013644737008807722,0.712869957377022,0.5313981799178319,-0.8888003212943285,-1.269157031243384,0.41959023729917794,-1.1214512563807522,-0.9360883748196607,0.2430696413654208,0.7311960875261709,1.0405366156781632,0.5751910035852593,-0.6007538628717032,0.28243827846199987,-0.9316469295685439,-0.7311960875261709,-0.24306964136542153,-0.7595776989295921,-1.0850176963188372,0.5729886987265271,0.7183372679970265,0.18851042614798086,-0.05648973137315825,1.4110304042558486,1.397009073393778,0.20179139169817292,1.0004782029001573,0.5793409677244183,0.11464042204849642,-0.21807545597118072,-0.093098282374475,-0.5088613263982832,-0.04248097655033679,0.3477270420022505,-0.3944048900113141,1
1.341317736592655,0.15564000857606544,-1.168717627632051,1.0385308760612593,1,0,0,1,0,0,-0.29363875058271866,-0.28499163474201683,0.41865771818768077,-0.5049248526368034,0.5442662424800946,0.17103811037452069,-1.0883756468716437,-0.49935754181095715,0.4773597653188938,-1.239301236222627,-0.5241153565273106,-0.14809849741813524,0.7428860796467306,-1.3192378516446832,-1.0248961362606734,1.653279724488702,-1.5293796017160664,-0.4772449971233985,0.9953441571592244,-1.1891589033857164,0.1952459137179462,-0.34133455290199144,1.0088198905846077,0.15770938379200095,0.21543878105133035,1.1891589033857164,-0.9953441571592251,-1.2330704305130304,-0.9349191994684248,0.09991301006234013,0.9509062769009282,0.20557870638343811,-0.6235796198885869,1.247911984700014,0.7879592118469556,-0.4803306735805153,0.3065783976019474,-0.17942508891434333,0.4978155112800227,0.9748215097457181,0.9899810448113461,-0.5405845059150832,0.6160407084282594,0.06938110143228039,-0.08511336124321738,1
-0.1749977424843705,0.4133176682906843,0.5693561964423357,-0.4281154315628296,1,0,0,1,0,0,-0.20530619155379135,-0.3256946802270442,-0.6943490651242283,0.5609478090757302,-0.8980477882303852,-0.6839943226619463,0.6578452268362686,-0.004557490844389202,0.06245240532310128,0.8677011157824616,0.23146070837619329,-0.2623529958702093,-0.24169665389634531,0.5921806377658153,-0.5128131610649291,0.01042372914731533,0.621365491808463,-0.056274406157624184,-0.34274413050805214,-0.01788874008079301,-0.32304988584023225,-0.5074696680550922,-0.07489968771219639,-0.5560728428085792,-0.35585126158908165,0.01788874008079301,0.34274413050805214,0.35452284597261524,-0.6347222057676005,-0.5915053041391644,-0.4961897785011287,-0.23819657973844427,-0.9071245641463012,-0.13859458152457876,0.012804842605544792,-0.23228628620644656,-0.1375174777889068,-0.2553016945782196,0.8353745184601769,0.6636309969500054,0.38074892326932136,0.728342674756924,0.7806711296729086,0.848749735028197,0.7190446135538346,0
-0.4320003660567478,-1.4419614816545723,-0.4445202009343899,-0.13478617003801185,1,0,0,1,0,0,-0.11697363252486404,-0.36349036532028395,4.269405324818538,-0.7543228532872388,1.2729396178537573,0.3034071481249361,-0.6797350617837458,0.09831150160669742,1.882680225884703,-1.020742706884945,-1.0881147734345125,-2.1900974987411272,-0.6506528518471049,-1.3204704316096036,0.017972208543249223,1.5610657532008885,-1.2802568352306385,-0.941017818023754,-1.5183832647243518,-1.4811177417461807,-0.3742103466394642,-0.11693145727659025,-1.004966405585729,0.10947678166591653,0.4958817518923269,1.4811177417461807,1.518383264724351,-1.17736540326792,0.26586877533487285,0.7731361054690666,1.5452492996553449,0.8371050750953478,-0.844114576533476,-0.30171300108041293,0.5111183656893089,0.7598912632898273,0.08453045990652028,0.5793409677244183,2.2038569800013414,1.1952481229760152,1.1761353041714093,3.2661970361009387,3.0854970270979956,2.2404794378780473,2.018069034379841,1
0.23620645523143258,-0.5400896726534062,1.4383931084795292,0.5985369837740325,1,0,0,1,0,0,-0.7605394197356201,1.7908636849943804,0.6489349837004895,-0.5396438318456808,1.9496584070845835,1.79434759359752,-0.7274841485621875,-1.4124077203009895,-0.4690759970978696,0.06292319526877184,-0.1231390968875011,1.011607869433708,0.9837293778429749,0.16222786526396704,-1.1368803619604393,-0.5703767157113743,1.0981035156686385,0.47470206380377455,1.1642946985313556,0.22497917377587734,1.1736805890025468,0.7996721323175887,0.06806900980254776,1.0038554715699317,0.6235410288544947,-0.22497917377587734,-1.1642946985313563,0.2152602778598393,-1.009968447893631,0.2636699792153276,-0.08273376267196997,0.3591932285025509,0.3845801819166189,1.166352774922097,0.6218547041523672,0.44983577907224165,1.0004782029001573,0.6552175733882943,-0.2046721523111086,-0.1402778277722523,0.2622871218583729,-0.3502454288142823,-0.8656330827735822,-0.8769950965056176,0.10046155601764112,1
-1.100207187344929,1.1863506474345409,2.452269505856255,-0.13478617003801185,1,0,0,1,0,0,-0.5081606796529707,-0.018095950775908594,-0.46407179961141953,-0.09581954762553238,0.1044848315739407,0.06013432198903754,0.7462684023552674,1.1226789758755453,-0.5311095000603048,0.6031540233486621,0.11649658686279048,0.69695181676861,-0.19116134361816994,1.181682851932979,1.154706213632348,0.17133268396221765,0.8836634894250303,0.6689762789469209,1.2465662665038717,-0.28577009270635834,0.1430192026449625,-0.3841527911616424,0.8982173029769884,0.06140341636025074,0.5016738622697733,0.28577009270635834,-1.2465662665038724,1.245803281894381,1.2415090048625523,0.3728412919839863,0.4082452561251572,0.76883195415352,0.06953024385249205,0.5138790966987595,-0.04256332662598434,0.139780294854656,0.22331042096616224,-0.2553016945782196,0.37921369794645543,0.806259981981374,0.7869036709640054,-0.12818317219668063,0.6160407084282594,0.514734606344233,0.7190446135538346,1
0.930113538876852,0.5421564981479937,-0.15484123025532542,-0.8681093238500562,1,0,0,1,0,0,0.6654004617313493,-0.5495614303946948,-0.7455217907937414,0.9978282974541031,-1.7109050554736691,-1.1937939950790863,-0.37173836104320906,1.3947058198148647,0.15607205282706463,-0.26163689813958213,-0.4063154498077392,0.3887199242298014,0.656795427189322,-0.17102497437646833,0.6189384421689396,-0.4250509157197458,-0.24003068870993335,-0.8622257823124592,-0.34274413050805214,0.8700970699576553,0.3460251008744717,-1.2942385635324527,-0.6404909032036165,0.11544424787775999,-0.31356567335550817,-0.8700970699576553,0.34274413050805214,-0.4253475354589299,0.11577027848446049,-1.1282642585850677,-1.1422148032341901,-1.1598837124531223,-1.033144539371952,-0.13859458152457876,0.012804842605544792,-1.1624527388592034,0.3898463742377325,-1.1658209625447336,0.269735101023162,-0.11434528503927678,-0.0592520533999176,0.37938770007212164,-0.28942660841731066,0.1250502895462747,0.6571863078002155,1
-1.5885121721324456,0.38754990231922204,1.0038746524609323,-0.8681093238500562,1,0,0,1,0,0,-0.25578193957032125,-0.2966210763091675,3.66812579820176,-0.742749860217613,1.3320169364679102,0.34589045415969777,0.9371882445953773,-0.12479744903359136,0.7900014627158508,1.178784730454881,1.3411228638300339,-0.014877090418819619,-1.8247118931766646,0.2713881385888906,-1.3902097610859607,1.535024684300579,0.4795436635164564,0.8990370167190441,0.4407888507730546,-0.4574595924329467,-1.0320152373921498,-1.221393204878989,0.46259330576764246,-1.116954834032384,-0.8657907422959351,0.4574595924329467,-0.4407888507730553,0.35452284597261524,-1.2351161931692491,0.381938901381374,1.1576342848155081,1.3320852019236007,-0.7180946013078251,-0.7910682597479163,-1.0391903727935126,0.38782468222872474,-0.8314172830871166,-0.9381911455531051,1.1638103092300558,1.2600794798084554,0.65151875506577694,0.3476645205553221,1.7684536571408034,1.6281183686241134,0.5953280020465953,1
-0.5348014154856993,1.5986349029779314,1.7280720791585935,0.5985369837740325,1,0,0,0,1,0,-0.7479204827314877,1.7472532791175652,-0.20820817126385424,-0.3284367083250104,1.2959828231618453,1.597582807752308,0.089458976528263,-1.0731248901025372,0.969283414093884,0.18339167278736068,0.955636480503229,1.5663098561389595,-0.11831885085078918,0.8448681244416998,-1.1140261516528445,1.0555200362335826,1.160822775358694,1.908332161576555,1.5427439112049275,0.6061852033378352,0.7197873906291975,0.3568906463493396,-0.2643470558024121,0.9033016747071041,0.6207407011897436,-0.6061852033378352,-1.5427439112049282,0.5494904413305014,-1.1600669447440433,-0.6551885699208807,-0.05689276168264715,0.4103980692089227,-0.5290646384693491,-0.7910682597479163,-1.3713993881826885,-0.17027518936292965,0.4731143508735179,0.12408133374116129,-0.5513543759015367,-0.5940973255993336,-0.2284831982727022,-0.2233527107470814,-1.277209135885205,-1.211010225189582,-0.1469716669968365,1
-0.5348014154856993,0.4133176682906843,1.7280720791585935,-0.4281154315628296,1,0,0,1,0,0,-0.7479204827314877,1.7472532791175652,-0.6943490651242283,0.5609478090757302,0.3961993940929838,0.910247635379374,0.9158564477481441,-0.15749327294931265,0.7864564711024147,1.1479810122003744,1.62704859421451,1.4129426401765257,-1.3444506418873432,0.8499724336549357,-1.1724092194124693,1.1993673933512006,0.8651664453332841,1.663356690243106,1.8738869722943035,0.06858695651968806,-0.4242382442233685,-0.9583293590624613,0.13013622132274252,-0.6929640485629791,-0.4912987968415468,-0.06858695651968806,-1.8738869722943043,0.8001630639334981,-1.0850176963188372,0.03622974428062242,0.6537347655237203,1.0077878774499178,-0.18250970659880966,-0.13859458152457876,-0.8730858650989243,0.3258135853852078,-0.44283339212011924,-0.9381911455531051,-0.19554893590083341,-0.10137901367278856,-0.36386811417093057,-0.2233527107470814,0.5337254978059351,0.6260729825722207,-0.2706882785040748,0
0.930113538876852,0.23294330649045036,-0.15484123025532542,1.478524768348486,1,0,0,1,0,0,0.6654004617313493,-0.5495614303946948,-0.7839013350458762,1.7847918261886555,-1.977813474285165,-1.8019760604188326,-0.124478880196596,0.8464492397901562,0.3139811909297029,-0.5665965130659335,-0.6987593695356261,-0.8113215594047076,0.005293336550356751,-0.005010401875052148,0.03900547211860359,0.17631137687342538,0.36500911593495544,-0.06875187465410497,0.30418285154596364,-1.408230689975459,0.16808457854749925,-1.1227033199965304,-0.2520468760796365,1.1273721265651484,0.8412985786775163,1.408230689975459,-0.30418285154596436,-0.11896988561082296,-0.10937746679115769,-0.4277483349861756,-0.2765412700918884,-0.11871861809024475,-0.7811045889206503,-0.05703537174666111,-0.2086678343205727,-0.6043528672675491,0.3065783976019474,-0.9381911455531051,0.5981708917930423,0.36540675552078095,0.8207498999385615,0.664896315723324,1.1922471827845313,0.514734606344233,0.8427612250610729,0
0.33900750466038404,0.4133176682906843,0.27967722576327125,-0.4281154315628296,1,0,0,1,0,0,-0.7353015457273552,1.2268357689875722,-0.6943490651242283,0.5609478090757302,0.30829872852547685,0.5100101732624086,0.5536549018074066,-0.6128100160660158,1.0252308682843563,0.7138647560325028,1.0491444952973048,0.9241499290781303,-0.8924795813389547,0.8965398384326616,-1.7099416988525062,1.0509525858133804,1.1869729861868406,1.471054697992941,1.2685285918524662,0.002319067851812721,0.125941424537369,-0.8718810777104573,-0.34541894712066157,0.21259686393294908,0.07225936827513922,-0.002319067851812721,-1.2685285918524671,1.245803281894381,-1.4602639384448675,1.1461380907619838,1.5969313016339897,2.117226092754623,0.2270552128845555,-0.05703537174666111,-0.5962450189412776,1.6280466190990672,-0.22078545442469194,-1.0899443568808573,-1.244718823082393,-1.2035120798242718,-1.057715808149347,-0.6992004034990842,-0.5363722402842841,-0.5986491559356475,-1.2604211705619852,1
-0.5605016778429365,0.4133176682906843,1.7280720791585935,-0.4281154315628296,1,0,0,1,0,0,-0.6848257977108253,0.6569931321971887,-0.08027635709007157,-0.36373433718736903,1.059037099627926,0.786375258835911,0.043811634991732525,-0.16209027930695585,-0.9093389736297006,0.329474412360813,0.40257621932880827,-0.6331480213783807,-0.4517484035967038,0.6579006429730422,-0.7377743235393661,-0.9961118015327843,0.8683044980756466,0.4204510480201282,-0.01835909107355938,-0.8453300630711642,0.5964454257023939,-0.5166121261696061,0.2421005441032209,0.41589720156027987,-0.11288018745086566,0.8453300630711642,0.01835909107355796,0.577342954953057,-0.7097714541928067,-0.09113678728281299,-0.5866332819637576,-0.23819657973844427,0.6366201323679207,0.10608304780917345,0.12354118106860354,0.20179139169817292,1.194770148383656,0.04820472807728505,2.021392651795853,1.8694942340333933,1.9715216850734973,0.6014499566897238,1.8507688677631275,1.461110804282131,1.4613442825972665,1
0.4932090788038099,0.2587110724619126,-1.168717627632051,1.1851955068236681,1,0,0,1,0,0,0.08492935954125552,-0.4105896036672442,-0.1826218084290977,-0.35042539515729937,-0.22205894634271245,-0.0449559613601098,-0.12182624752647736,-0.2635327749574872,-0.6343085997581314,0.14529686833299618,0.17017345368219175,-1.4609009860354445,-0.9174238043127406,-0.7412875933563221,-0.577710805446172,-0.8391306307898425,-0.3685810943937963,-0.4079086644937416,-2.6201974282043734,0.6061852033378367,-0.5712834661911036,-0.21703099867805514,0.02387574683898455,-0.5617653992125534,-0.6194772420946579,-0.6061852033378367,2.6201974282043725,-0.7595776989295921,-0.6347222057676005,-0.3731626786018469,-0.7287587874050313,-0.8185181077439823,0.3215701943037938,-1.6882195673050053,-0.8730858650989243,-0.046252995675895824,-0.7481493064513315,-0.5588081172337243,-1.1717330918001976,-0.9830854665939747,-1.1084851516111824,-1.016432198667086,-0.5363722402842841,-0.32030321536567735,-1.2604211705619852,0
-1.1773079744166424,-0.87507063028241,-0.15484123025532542,0.3052077222492148,1,0,0,1,0,0,1.1701579418966481,-0.6175936635625264,0.8792122492132983,-0.5807279572428522,-0.11415533227719336,-0.026173868165794107,-0.12363154157929473,-0.21869448979997597,-0.020874844499256404,0.13859109819250598,-0.049463435602883084,-1.131317452667025,0.06548383240473714,0.3156995677299571,-0.1912928192371246,-0.03158278315131856,0.9276861115080726,0.442306975251628,0.2654778184316193,-1.8062797421162669,0.48735595639265283,0.10853210356037295,-0.003201039493164433,0.7326500356282756,0.4961315620690904,1.8062797421162666,-0.26547781843162,1.0044148304989031,0.5660657690356972,2.477421599246456,2.0749898199364556,2.4699705509540673,1.4347466421303747,1.6828944368489056,1.6738499195514247,2.8269278247403977,0.9449662184763004,0.6552175733882943,1.6290943461540526,1.3767759221068474,1.6499825098152057,1.0772976494417266,1.7684536571408034,0.848749735028197,1.3994859768436472,1
2.138025869667024,0.8513696898055362,-1.8929150543297122,-1.161438585374874,1,0,0,1,0,0,0.24897554059497767,-0.475714476443288,0.9559713377175679,-0.5865144537776651,0.31881269545167973,0.08741307639030557,0.2886552361379599,0.430211830940793,-1.0271053502097534,0.6534710447695726,0.5333969576374336,0.21757726895972349,-0.517134891671938,-1.0559174359378505,0.2595049953493971,1.0667824449195495,-1.2951518639017856,-1.1345224997465435,-1.0333455079749942,1.3216089381505973,-1.4564423929908394,-0.330512831710731,2.476100899007003,-2.167047641013677,-1.8010825726748223,-1.3216089381505973,1.0333455079749936,-1.0102503215325889,0.19081952690966666,-0.12752722487236504,0.4340862571144791,-0.135786898325702,-1.0961545269847772,-0.05703537174666111,0.5111183656893089,0.015758101167622184,-1.3865371273256843,-0.4070549059059717,-0.33239718205494984,0.9359226956462544,-0.11002139686175369,-2.221913020305493,-0.04248097655033679,0.7374113588002092,-0.7036964187794109,1
1.3156174742354179,1.2636539453489257,-1.168717627632051,0.3052077222492148,1,0,0,0,1,0,-0.028641073495936725,-0.37221244649564694,-0.2593808969333673,-0.3070266711462027,-0.2145334916330846,-0.04898069561603459,-1.6328075602523968,-0.484002226537556,-0.3989479492176075,-0.9103862596044442,-1.0444610377673207,-1.1475604361206642,0.4872163027816781,0.004600783161181773,-0.0861483043981698,-1.0415494208873468,-0.07763012058256658,-0.6337621274869679,-1.6101471646499057,0.031788787753525546,2.2750557077992974,0.578006765166106,-0.5012815099326708,1.1528964047966894,0.7391051368826665,-0.031788787753525546,1.6101471646499057,0.2152602778598393,0.19081952690966666,0.8732098088403377,0.13691474573727128,0.10316902497069583,1.0461850518512859,-0.5463906304141645,0.2342775195316623,1.069946747507413,1.8609139614699375,0.35171115073279,-0.4601222117987924,-0.6329961396987983,-0.1777138548108673,-0.0012904541294803558,-0.9479482933959068,-1.0440026608476,-0.3944048900113141,0
1.7011214095939837,0.7225308599482267,-0.15484123025532542,0.5985369837740325,1,0,0,1,0,0,0.5392110916900246,-0.5303728518088963,-0.4896581624461761,-0.08135330628850015,-0.8828931976372159,-0.34502225977405815,0.882958588578906,0.9414152497468307,-1.1851507202424922,1.3810920673907117,1.1443509591068968,0.7632819800365892,-0.6328841025505526,0.40565245409964995,-0.04683298193216757,-0.538960838036882,0.5026252907511826,0.6299863611486421,-0.16027754582615011,1.199986903232429,-0.8224522585348735,-1.3390382278837687,1.0785370723136452,-1.367371647994687,-0.8726532277654846,-1.199986903232429,0.16027754582614942,0.24311279148239442,-0.18442671521636386,-0.4277483349861756,-0.625394783447741,-0.40887938209301433,0.3845801819166189,-0.5463906304141645,-0.5408768497097485,-0.23228628620644656,-0.9701972441467586,-1.4693273852002382,-1.3450742035954124,-0.6848612251647502,-1.1254082660984612,-1.5557262504526888,-0.7833178721512579,-0.32030321536567735,-1.3222794763156045,1
-1.1259074497021662,-1.5708003115118816,1.4383931084795292,-0.13478617003801185,1,0,0,1,0,0,-0.6595879237025604,0.5232545541749558,1.2885940545694028,-0.6206547833330611,1.6244573095884214,0.8820744955879005,1.4807458716516366,-0.8917996838711942,1.41397934252977,1.5770542950909079,1.607532231655833,0.2697770412229226,-1.5523545134019392,2.5511563547021727,0.5417735601302669,0.657484673373935,1.9344494207611291,2.0745207139408564,1.1441644212614832,-0.7668246343931154,0.4900721903772592,1.7667599127327893,-1.2722484406659438,-0.212331677691872,-0.0645049271254044,0.7668246343931154,-1.1441644212614839,2.6941339902672503,0.7161642658861095,0.5547934799317504,0.8346217724489774,1.673450806632741,0.25856020669096863,-0.7910682597479163,-1.2606630497196296,0.7598912632898273,0.5286263352973745,1.793366658346437,0.269735101023162,-0.4514683405679659,-0.4992530300691578,1.4579758036433286,0.8629863402952329,0.514734606344233,-0.08511336124321738,0
-0.25209852955608386,-0.5658574386248675,0.5693561964423357,1.7718540298733036,1,0,0,1,0,0,0.059691485532990585,-0.40942665951052915,-0.7071422465416066,0.6564250019001429,-1.1815674829991065,-0.8221768654486974,-0.06783531792287556,-0.5274238899891488,0.6895685789347245,-0.6846563379404149,-0.3888346278037679,0.4296408272570895,0.34665963520284165,0.5734294024182837,-1.5617903784239806,-0.11537764693751658,0.39759658672104253,0.250233280068083,0.7547787594442794,-0.1626015385546773,0.6672905632502856,-0.8406614748951716,-1.0586067562822588,1.3191765115882583,0.7498081537264352,0.1626015385546773,-0.7547787594442801,0.32667033235006016,-1.535313186870074,-0.6278957417287164,-0.5866332819637576,-0.40887938209301433,-0.40304466324369825,0.18764225758709038,-0.1532996650890431,-0.728375060954584,0.6118943119331598,-0.7864379342253526,0.0051618251252043045,-0.5422322401333817,-0.025405824425361403,0.7917890337905242,0.03983423407198747,-0.04195727479570725,0.40975308478573785,0
0.2619067175886707,-0.30817977891024867,1.1487141378004646,1.7718540298733036,1,0,0,1,0,0,-0.16744938054139394,-0.3547682841449209,-0.5920036137852022,0.1703592929758604,-0.6207128753726813,-0.4044988882227245,-1.744392524412974,-0.1997340260933099,-0.24814740528102586,-1.0426005454136824,-0.7674126210379955,-0.13445939318375516,0.6008602844452643,-0.5462429864160692,-0.16128425399986382,-0.1013202087658337,-0.0610781900575779,-0.3324091022970024,-0.5860329100839196,0.3978337296906128,1.8798207125763509,0.11257019398152378,0.23740877748046987,1.3479219861448366,0.6731412019119498,-0.3978337296906128,0.5860329100839188,-0.7595776989295921,-0.5596729573423944,-1.3284116653276086,-1.168055804223513,-1.1257471519822078,-1.0961545269847772,-0.709509049969999,-0.5408768497097485,-1.3484860293897554,1.5555980471387252,-0.02767187758659086,-0.378013264106322,-0.2051091846046925,0.3299795798074865,-0.826093121566285,-0.7833178721512579,-0.7099875321636356,-0.1469716669968365,1
-0.5862019402001745,-1.1842838219399534,-0.8790386569529866,-0.13478617003801185,1,0,0,1,0,0,-0.5460174906653681,0.15401978441792155,1.1734554218129984,-0.6119750385308418,1.2614196535972866,0.59139924377111,-0.23852389436633342,-0.4788234335593225,-0.9583817078783463,-0.8767350851876984,-0.6716900007838836,-0.41036957371168525,0.25940169041598443,0.17382664830747926,-0.5680939166114514,-1.3356305182640453,0.19644343371684703,0.29160546550384725,-0.11972941589683889,-0.440948977121442,0.5053588202836771,0.08809617483327406,-0.03203996249225573,1.379202484032293,1.1579258783509188,0.440948977121442,0.11972941589683818,-0.03541234474315745,-0.7097714541928067,-0.7006766169078218,-1.2197378062021575,-1.091610591511294,0.7311351137871589,-0.38327221085833024,-0.3747723420151606,-0.6663639641110671,0.917210226264372,0.5793409677244183,1.473999667179387,1.2276638013922352,1.8107520974443516,1.2041903675089267,0.6160407084282594,0.4312308241732417,1.8634232699957924,1
1.0843151130202777,2.1397579883786295,0.5693561964423357,-1.8947617391869185,1,0,0,1,0,0,0.1858808555743153,-0.4390817355067634,0.23955317834438508,-0.4707845230814074,0.028129602008519935,0.026147677161228185,0.2830062078221988,0.4480960413348819,-0.5373743205365578,0.35605854559512473,-0.06666417403540174,-0.051811464393644334,0.2917614962974993,-0.5516981927203362,0.33975032076877826,0.3773919192176891,-0.6578966827399877,-0.9584224380231887,-1.043325708731153,0.9640930772469049,-0.9447773548163579,-0.27467146630989614,1.1138511815956122,-1.1333712129131965,-0.8490462777502306,-0.9640930772469049,1.0433257087311523,-0.5089050763265954,0.340918023760079,0.08171779126756346,0.26611975068388355,-0.01630893667750248,-0.7180946013078251,0.02452383803125581,0.6218547041523672,0.20179139169817292,-0.8869292675109735,-0.2553016945782196,0.014285041535478216,0.585833368751077,0.05920974801103089,-0.9212626601166852,-0.28942660841731066,0.18071947766026855,0.10046155601764112,0
-0.020796168340944693,1.3924927752062353,0.27967722576327125,-0.8681093238500562,1,0,0,1,0,0,-0.0412600105000692,-0.36930508610385926,0.5082099881093286,-0.5240202912016859,0.3373855554116167,0.12095252852301216,0.2558700365150964,-0.5033169274276129,1.565249147585943,0.6598013289787001,1.7577535489852458,1.6759719125543437,-1.322791741993968,0.008072097810233853,-1.8017524869701682,0.8035459716170732,0.6883377277273496,1.2433232570199462,1.2994551316290586,0.9970420184583276,-0.3477279693201803,-1.1141378101522426,-1.332261813109749,-0.2088051206992885,-1.0713025341130253,-0.9970420184583276,-1.2994551316290595,0.15955525061472892,-1.6103624352952797,0.6366719645082435,0.9896677783849125,1.263812080981773,0.3530751881102058,-0.6279498401920818,-1.149926711256571,0.7598912632898273,-0.22078545442469194,-0.9381911455531051,0.5525548097416701,-0.2699405414371327,-0.33002188519637315,0.6966194952401235,-0.04248097655033679,0.514734606344233,0.2860364732784985,1
-0.5605016778429365,-0.87507063028241,1.7280720791585935,-1.161438585374874,1,0,0,1,0,0,-0.6848257977108253,0.6569931321971887,-0.579210432367824,0.16746604470845394,0.3877053774361472,0.3758523647315823,1.1463382139541523,-0.012074243254867332,-1.456608243989566,1.0433506147352536,0.3397845208812663,0.9656544973012154,0.45451427680215406,0.7582590227432086,-0.9011575955591056,-1.1844242031436334,1.092038467656747,0.6658675137979774,0.5209310369862826,0.8003845014165709,-0.8363677102379354,-0.8861876188511016,0.8010001674741167,-0.3266527180143666,0.20835350820783755,-0.8003845014165709,-0.5209310369862833,0.911573118423719,-0.7097714541928067,0.6093791363160792,-0.1473362651452761,0.2909201075607231,1.487254965141063,0.5138790966987595,0.2896456887631914,0.8219023601333442,-0.859173275299045,-0.9381911455531051,-0.49661507743988936,-0.03654765684034838,-0.1607907403235886,-0.6040308649486834,-1.1125787146405561,-0.9326642846196119,-0.5799798072721716,0
-1.5628119097752085,1.2636539453489257,-0.15484123025532542,0.3052077222492148,1,0,0,0,1,0,1.2837283749338404,-0.6263157447378894,-0.2593808969333673,-0.3070266711462027,-0.8498242005920961,-0.24440390337593837,-1.402125316727997,1.2469206076581258,-0.8985084606352737,-0.4200568132343158,-0.3833208150985368,1.1473014818159961,1.078997162738035,0.39024296607058045,1.9447714153788658,-1.5375929252250378,0.43284960476291834,0.09005226984652279,1.677739514506172,-0.09917924017331377,2.339615558030021,0.23679164541479802,-0.31684143905471235,0.9966759134808914,0.5862543473878764,0.09917924017331377,-1.6777395145061729,0.577342954953057,2.2171492343902317,0.7367456678795146,-0.25070026910256554,-0.06751377738387422,1.833809897011603,1.4925896140337656,0.6772228733838963,0.07776919801113909,2.138473883589221,0.19995793940503753,-0.04957747333644305,-0.2051091846046925,0.19459466390925928,0.09387908442092041,-0.7010026615289333,-0.8213259083916238,-0.08511336124321738,0
0.2619067175886707,-0.87507063028241,1.1487141378004646,-1.161438585374874,1,0,0,1,0,0,-0.16744938054139394,-0.3547682841449209,-0.579210432367824,0.16746604470845394,-0.5900898117159112,-0.40226292474721076,0.24136405140251443,0.6397323715681481,-0.6657266335593676,0.8577438330480478,-0.07303727445740821,0.22728506032488374,0.4690426179957118,-0.4858720366488482,-0.16128425399986382,-0.09907006114874088,0.7178090220091394,0.13051791851927427,-0.5860329100839196,0.8912100192872406,-0.8211002030916126,-1.039623781755102,0.8105147528756877,-0.4469894425883145,0.2223773780481257,-0.8912100192872399,0.5860329100839188,-0.6203151308168162,-0.40957446049198204,-0.8371407578686448,-0.7545997883943533,-0.4600842227993849,-0.8756195703398886,-0.709509049969999,-0.5408768497097485,-0.6663639641110671,-0.859173275299045,-1.0899443568808573,-0.5878472415426337,-0.11434528503927678,-0.2792525417345383,-0.5723076854318833,-1.277209135885205,-1.0996718489615938,-0.6418381130257917,0
-0.020796168340944693,1.2636539453489257,0.27967722576327125,0.3052077222492148,1,0,0,0,1,0,-0.0412600105000692,-0.36930508610385926,-0.2593808969333673,-0.3070266711462027,-0.2041667079735552,-0.04674473214052082,-1.568759802673965,-1.5586382654898387,0.6846953824260417,-0.44517829588048013,0.2509312321063591,0.3885112981456661,-0.4105864940809063,-0.05334862137026744,-1.8045049504483068,0.6222230634245188,0.37170765159653785,1.060718622614968,0.6912331826893902,-0.15567358143258175,2.128093379580382,0.33156648796373817,-0.31072735342932617,0.9699861016949402,0.709362391518131,0.15567358143258175,-0.6912331826893908,0.10385022336961848,-1.6103624352952797,0.6639647927004092,0.9121447754169449,1.0419244379208312,0.6366201323679207,-0.709509049969999,-1.0391903727935126,0.6978801664463103,1.611110031562582,0.04820472807728505,-0.6973258384659271,-0.7367263106307022,-0.3469449996836519,-0.2550758902638815,-0.7833178721512579,-0.9326642846196119,-0.5181215015185524,0
-0.8689048261297889,1.2636539453489257,-1.168717627632051,0.3052077222492148,1,0,0,0,1,0,-0.5586364276695006,0.16564922598507223,-0.2593808969333673,-0.3070266711462027,0.48840160289619244,0.36467254735401344,-1.9168643891051667,-1.0863891090339859,1.086337116214193,-0.7756001891854619,-0.29802586266284636,-1.3472577218710247,-0.2897592706580977,-0.71737928045959,-0.8390200705871718,0.7528396404922799,-0.3933608143230322,0.260188032115751,-1.4375436385994584,-0.41176056791003435,1.9486496702907012,0.6505912580667789,-0.7285279952570307,0.6577359680658577,0.6414711894356231,0.41176056791003435,1.4375436385994576,-0.8431352397972577,-1.009968447893631,-1.028190555213798,-0.5349512799851129,-0.6478353053894121,-0.844114576533476,-1.6066603575270884,-1.3160312189511594,-0.9764194483286528,1.5000860627148682,0.35171115073279,-0.615216890773458,-0.8663890242955825,-0.5838686025055501,0.31594134103852145,-0.5363722402842841,-0.7656567202776299,-0.45626319576493324,1
-0.3034990542705592,0.33601437037629844,-1.6032360836506476,2.9451710759725747,0,1,0,1,0,0,0.36254597363216995,-0.5012992478910195,-0.6687627022894718,0.4191786439728145,-1.2263655233388107,-0.7094843062828032,-2.168519113236382,0.7438895006974363,-1.2391437661144336,-1.382263987130688,-2.063607763845272,0.5096278106862839,2.1395887608348163,-0.7770903484056743,0.12275793700653803,0.509467734567577,-0.645145792248451,-0.42669603044320853,0.9573302853504951,-0.2543969704224406,2.238919094612698,-0.8980354787071463,2.2059169801997216,1.2276339463242916,2.266205536095908,0.2543969704224406,-0.9573302853504958,-0.7317251853070371,0.11577027848446049,0.018034525485845748,0.279040251178545,7.593435579547688e-4,-0.37153966943728567,1.0032343553662626,0.5664865349208381,-0.5423417704240322,2.9433976577351446,-0.482931511569848,1.6564639953848757,2.7900995010540433,3.325370844055774,0.12560226393772106,-1.1125787146405561,-1.32234860141757,2.451077174655176,0
-0.35489957898503444,0.05256894469021735,-1.6032360836506476,2.505177183685348,1,0,0,1,0,0,0.43825959565696476,-0.5106028011447401,-0.4896581624461761,-0.08135330628850015,-0.8327144642296106,-0.3298177081405645,-1.1744064017703792,0.3882815224399474,-1.0754515093683947,-1.0122641250148816,-1.253735925752652,-0.8244345273803486,0.9345710701265194,-0.6122805235260618,-0.6232211571467364,0.5843005824901362,-0.6254448853560174,-0.26197696080027566,-0.16027754582615011,-0.965469047129439,1.0212572050574311,-1.1572578489940508,2.057343976814655,0.7473230850428306,1.3741485938616418,0.965469047129439,0.16027754582614942,-0.5646101035717058,-0.5596729573423944,0.09081540066495114,0.3824042551358344,0.10316902497069583,-0.24551969421163483,0.6769975162545934,0.8433273810784847,0.6358690696027934,1.3890620938671545,-0.8623145398892288,1.2003031748711541,2.2455161036615454,2.5130613486664073,-0.5088613263982832,0.28677986593896093,-0.15329565102369538,1.4613442825972665,0
1.9067235084518848,-0.87507063028241,3.176466932553916,-1.161438585374874,1,0,0,1,0,0,1.0565875088594558,-0.6071271661520907,-0.6559695208720935,0.4047124026357823,-1.4845549119354928,-0.7796935594139357,2.667935663235134,0.5121898274410068,-0.1923203333287431,1.6622143434803107,1.1360377363337237,0.27856432745500825,-0.717849426962467,2.9675256096889737,0.009259473190118548,0.5427998632259851,1.8275005401004385,1.7907739031264038,-0.6187833227191311,0.9936302841201231,-0.7447128605698891,-0.6937206752251989,0.8083698535525607,-0.43342608832078217,0.27143747476636293,-0.9936302841201231,0.6187833227191303,2.6941339902672503,-0.03432821836595151,-0.11842961547497735,0.17567624722125458,0.9224464762726329,-0.2770246880180474,-1.6882195673050053,-1.7036084035718644,0.2638024885416898,-0.8869292675109735,-0.9381911455531051,-1.1899795246207467,-0.6589286824317738,-0.7700228618656133,-0.9529858396334858,-1.4418395571298541,-1.266679413303576,-1.136704559054746,1
0.72451144001895,0.6967630939767645,-1.8929150543297122,0.3052077222492148,1,0,0,1,0,0,0.4256406586528323,-0.509439856988025,0.48262362527457214,-0.5170764953599105,0.020817474212944154,0.007812776662015243,-0.9117131643875989,0.699231819506104,0.5662576420313439,-1.5800887580750642,-1.4016904793056202,-0.7556984603016339,1.2946898107177962,-1.7754389225622749,0.6189384421689396,1.7813124444770438,-2.666959657203408,-2.2956548502991345,-1.171446535938352,0.13114384342216406,-0.5062383034253672,-0.33967867207106306,1.0159540511820282,-0.50991357000371,-0.4189938761149064,-0.13114384342216406,1.1714465359383512,-1.6787106484739132,0.41596727218528484,-0.38226028799923456,0.5503707615664309,-0.6307670251539549,-1.757759396919444,0.5954383064766764,1.4523772426253072,-0.728375060954584,0.0012624832707351544,0.4275877563966659,2.6144017184636907,2.9197622147189235,2.445368890717294,0.6014499566897238,1.439192814651505,1.6837875567381073,2.636652091916034,0
-0.9974061379159777,1.7532414988067013,-1.6032360836506476,-1.6014324776621007,1,0,0,1,0,0,0.26159447759911014,-0.4774588926783606,0.6873145279526244,-0.5517954745687877,0.20585408993278645,0.059239936598832026,0.6830948367821214,-0.720502042421255,-0.5728199373094632,1.2689058903402892,1.7844594758110142,-0.011188815198114445,-2.107506446707432,-0.22023985767307505,0.03557193395657343,-1.7720548144575665,0.45068806044359633,0.2685057804933578,-0.70065935430716475,0.679645207448506,-1.169921069697431,1.0245468472627837,-0.9976801483315051,-1.2673154289649158,-2.0577410799368088,-0.679645207448506,0.7006593543071641,-0.5089050763265954,-0.40957446049198204,-1.3284116653276086,-1.8786833314298803,-1.6548638392813753,0.3530751881102058,-1.1173050988595852,-0.983822203561983,-0.8523972546416179,-1.1644891896302574,0.6552175733882943,-0.6517097564145549,-1.0219842806934394,-1.3792549834076382,-0.6992004034990842,0.9453015509175579,1.5167799923961247,-0.8274130302866491,1
-0.5348014154856993,1.7017059668637786,0.5693561964423357,-0.13478617003801185,1,0,0,1,0,0,0.5392110916900246,-0.5332802122006839,0.40586453677030254,-0.49913835610199053,-0.07464469180255967,-0.02438509738538309,0.7183104298056355,0.5412978081033257,0.8248159416765479,0.13076582033213144,-0.16989328524965785,0.3922687811994786,-0.3352309871144199,1.4395300398557398,0.4626795560406279,0.6423736692872063,0.9006377549846348,0.8129060493070099,-0.2094031647789695,0.7426913412446393,0.4395333160994183,-0.2794460068460269,-0.48202743641631013,0.7164007938552053,1.0145141293361897,-0.7426913412446393,0.2094031647789688,1.4129183636297125,0.491016520610491,0.17269388524144552,0.48576825909312477,0.8541733553308051,-0.40304466324369825,-0.9541866793037505,-0.983822203561983,0.44983577907224165,0.25106641317809053,-0.4070549059059717,-0.48749186102961545,-0.6459624110652865,-0.3469449996836519,0.506280418139323,-0.8656330827735822,-0.6543183440496418,0.10046155601764112,1
-0.3034990542705592,2.1397579883786295,1.7280720791585935,-1.8947617391869185,1,0,0,1,0,0,-0.5460174906653681,0.16855658637685988,0.06044863850108935,-0.41754875496112887,0.7399074201602523,0.45232231559415337,2.032742966571701,0.1453810423595799,-1.0407121775224693,2.1372207395773506,1.31177316379245,0.624789983306256,-0.9462137530661915,1.982256830253181,0.059030836556678824,0.18954045524923618,1.5037601784043615,0.6821494173397215,-0.20509389995854704,1.055548651906717,-0.8459309088990589,-0.14040424693402856,1.613158289051204,-1.396144485493662,-1.0393832218652044,-1.055548651906717,0.20509389995854635,1.7192960134778195,-0.03432821836595151,-0.2548937564358004,-0.12149526415595328,0.47867119015075044,-0.8126095827270634,-0.709509049969999,-0.7069813574043363,-0.046252995675895824,-0.8869292675109735,-0.3311783002420958,-0.6334633235940058,0.22277777048941236,-0.36386811417093057,-1.6508957890030895,-0.28942660841731066,0.23638866577426285,-0.5799798072721716,1
0.6217103905899984,-0.9523739281967958,-1.168717627632051,-0.13478617003801185,1,0,0,1,0,0,0.47611640666936217,-0.5210692985551757,0.188380452674872,-0.4597901796652629,-0.16775379577277896,-0.04540315405521256,-0.6767932076823496,0.2744594992530434,0.5592362206150717,-0.7643210507598065,-0.07561001799385839,-0.3825023868308214,-0.2610385107111789,-0.6146765060219094,-0.6742645483488835,0.22342666573107317,-0.9092704587572149,-0.2943054875793513,-0.2548898489945435,-0.26889098598050765,0.3269199079509444,-1.0521676988777382,-0.5399723962308652,0.13093140759035835,-0.1890353002404607,0.26889098598050765,0.25488984899454276,-0.4253475354589299,-0.40957446049198204,0.9096002464298897,0.8992242749222835,0.4445346296798359,0.8571550890128092,0.4323198869208419,0.6218547041523672,0.6978801664463103,0.3620903820258042,-0.9381911455531051,0.23729699823107525,-0.08697204548780145,-0.027286170479503748,0.37586290234803327,0.8904247438360077,0.8178224082982003,0.3685142142833251,0
1.3156174742354179,-0.02473435322416849,-1.168717627632051,0.3052077222492148,1,0,0,1,0,0,0.2363566035908452,-0.47106269981642773,-0.3233468040202586,-0.2723076919373254,-0.47537328522301336,-0.15183501548966816,0.22839792138203294,1.8211597861727749,-1.299312322314474,-0.0723067794517888,-1.1384409956423167,-1.5080894667327105,0.6906863730780091,0.16381533667389594,0.60462972232071,-1.0642306470732972,0.17723272071568277,-0.523163098202642,-1.3546042819258675,-0.7133741297612541,-0.1539105152762609,-1.8938941771824218,0.7067543055280261,0.2734227262048165,0.9692621106210675,0.7133741297612541,1.3546042819258675,0.35452284597261524,0.8662627627365218,0.7731361054690666,0.046471242274642305,0.12023730520615308,0.9201650766256344,-0.30171300108041293,0.40038202722625016,1.069946747507413,0.029018475482663446,-1.6969572021918669,0.7988816528190786,1.078551680677623,1.142289075196852,0.664896315723324,-0.37174181903963527,-0.7099875321636356,0.8427612250610729,0
0.4932090788038099,0.33601437037629844,-1.168717627632051,2.9451710759725747,1,0,0,1,0,0,0.03445361152472564,-0.4105896036672442,-0.6687627022894718,0.4191786439728145,-1.0158679819448961,-0.6397222458467735,-2.2908385963035927,0.3807803468296064,-2.3252003735031175,-0.9903146767081489,-1.820013868868806,-1.153757028834308,1.0110042931396617,-0.6335805808068002,-0.260412073764657,-1.0463182227047005,-0.23028683590327273,-0.36141060256437685,-1.1334326641296226,-0.44946226314143684,2.5524005822648017,-0.7835080748637563,2.127177897978875,1.1095027540025353,2.013260055926657,0.44946226314143684,1.133432664129622,-0.5646101035717058,-0.18442671521636386,0.20908432283099887,-0.37990527404917784,-0.4430159425639276,0.9201650766256344,-0.7910682597479163,-0.3747723420151606,0.139780294854656,3.165445595430572,-0.4070549059059717,1.419260368717741,2.504841530991306,2.9699854398229264,-0.09645999267988113,-0.9479482933959068,-1.211010225189582,2.079927340133461,0
0.05630461873076867,0.7740663918911503,2.452269505856255,-0.8681093238500562,1,0,0,1,0,0,-0.4703038686405733,-0.0843837677086675,0.009275912831576286,-0.4053971122380218,0.5496916343787195,0.24840244662729724,0.6717892687811966,-1.3301178834010965,1.0498881051470879,0.32469190790680613,0.7701877369376483,0.8675755739106149,-0.10444217958704058,0.8736115684429343,-1.1201370532494603,2.0144095480925244,0.7058555351802452,1.394612077528703,0.7577574583546642,0.43173498641965286,-0.06123694566720067,0.7034998277838155,0.5890551157209677,0.2612764457140371,0.36028547578457376,-0.43173498641965286,-0.7577574583546649,1.1622457410267157,-0.8598699510432187,0.9823811216089964,2.0103873174631492,2.2879088951091933,-0.5605696322757617,0.02452383803125581,-0.319404172783631,1.2559800380379649,-0.10976148557697851,0.5793409677244183,-0.17730250308028428,0.14498014229048395,0.24536400737109418,-0.5088613263982832,-0.7010026615289333,-0.5986491559356475,0.16231986177126023,1
-0.9974061379159777,-1.5708003115118816,-1.6032360836506476,-0.13478617003801185,1,0,0,1,0,0,0.26159447759911014,-0.4774588926783606,0.8024531607090287,-0.5685763145197452,0.25308146368778595,0.07220852475681191,-0.3271698968123169,-1.5273599254506873,-0.22408184308539816,0.29087463903785543,0.46471438077347765,-1.4026176447593244,-1.0982929412086284,-0.18795452366712673,-0.21477778333585182,-1.5534725399579776,0.38553387701502057,0.20405983654192786,-0.4914206069155262,-1.4256182035304013,0.2671357602682728,1.8811897623127989,-1.2547627000532202,-0.010664078755127105,-0.4049267414819741,1.4256182035304013,0.49142060691552547,-0.45320004908148526,-0.5596729573423944,-1.1919475243667854,-1.684875824009962,-1.4841810369268051,0.29006520049738066,-0.9541866793037505,-0.8730858650989243,-0.8523972546416179,0.3343343898138759,1.9451198696741894,0.34272083230535716,-0.38663698373552574,-0.36386811417093057,1.0138512904081252,1.439192814651505,0.7374113588002092,-0.332546584257695,1
1.572620097807795,1.1605828814630785,-0.15484123025532542,-1.161438585374874,1,0,0,0,1,0,-0.20530619155379135,-0.33674264971583734,1.1094895147261072,-0.6079244909564728,0.7292154810693341,0.21083826023866584,1.3113473688647699,-0.5754857445879419,0.24514568610673795,-0.02025728661019933,0.3133733400652071,-1.6150535929386678,-3.3770855807726656,0.1575029996352037,0.08446262978281084,-0.8243804559883897,-0.2687388679341273,-0.6658471108466462,-0.6501878279857761,-1.5578921029446724,-1.6660852967065662,0.8744850532546621,-1.1635452206572439,-0.23911057387946644,-1.0574707969638473,1.5578921029446724,0.6501878279857761,-0.007559831120602114,-0.10937746679115769,-0.5460172571522233,-0.8579637923516437,-0.9038595089212672,-0.11949971898598452,-0.13859458152457876,0.17890935030013266,-0.6043528672675491,-1.5808290728091832,0.5793409677244183,-0.5331079430809875,-1.0090180093269512,-1.0238695791747903,-0.2233527107470814,5.554953345767732,4.467246962437809,-0.45626319576493324,0
-0.3034990542705592,-0.5400896726534062,1.7280720791585935,0.5985369837740325,1,0,0,1,0,0,-0.5460174906653681,0.16855658637685988,0.5337963509440852,-0.528070838776055,1.0128829524954321,0.5377361203587794,0.3451858750347462,-0.41334400238387187,-0.5110634647383159,0.6289141180432908,0.25380164823247875,0.49181189009978266,0.10165424946350814,2.0185726305070766,-0.07712890689126395,0.2324111584350199,1.6685079473784747,1.082111101962189,-0.10705812529392912,0.7769517052683067,1.536944626295173,0.49006156947530216,0.9321916776052143,0.8048415199490405,0.7265163023470849,-0.7769517052683067,0.10705812529392841,1.4686233908748227,-0.3345252120667762,-0.8189455390738695,-0.5866332819637576,0.0519641842643253,-0.9701345517591269,-1.1173050988595852,-1.2052948804881005,-0.5423417704240322,1.3890620938671545,0.4275877563966659,-0.06782390615699217,0.4172718409867329,0.7361343275021692,-0.826093121566285,-1.1948939252628807,-1.0440026608476,0.2860364732784985,0
0.05630461873076867,0.33601437037629844,2.452269505856255,2.9451710759725747,1,0,0,1,0,0,-0.4703038686405733,-0.0843837677086675,-0.6687627022894718,0.4191786439728145,-0.4452663150128688,-0.3888471438941281,-1.316321124580901,-0.08391450818553789,-0.09427012499987651,-0.4178527858511662,-0.7366691966245018,0.20527250066689587,0.8302624351721051,0.8170217834073137,-1.136131191164326,1.9064728509234237,0.5925729704042458,1.1974600338037817,0.8164553486475558,-0.529783266025729,2.646735105845305,-1.0229759905120959,2.044691774579917,1.152077369919752,2.1267926910219095,0.529783266025729,-0.8164553486475564,1.1343932274041606,-0.8598699510432187,1.0733572155828786,2.036228318452472,2.253772334638279,-0.49755964466293656,0.2692014673650073,-0.09793149585751397,1.2559800380379649,2.9433976577351446,-0.7864379342253526,0.853620951280726,1.8954267767663688,2.37767643276818,-0.2550758902638815,-1.0302635040182315,-1.32234860141757,1.3994859768436472,0
2.138025869667024,0.4133176682906843,0.27967722576327125,-0.4281154315628296,1,0,0,1,0,0,-0.596493238681898,0.238333235779764,-0.06748317567269331,-0.3805151771383264,0.7672413935454582,0.47736510651990754,-0.22994253593911088,0.7327544933590954,0.24423518745836217,0.2416980382181398,0.46048937048532107,-1.7710868023311739,-1.0830504979501423,0.18976880542686073,0.1109636655143574,0.6044601353020082,0.7395802937460192,0.8327691172411864,-1.046543814281098,-1.3776017491189991,0.5093554480501771,-0.8945675739538094,0.27354645888250323,0.4068367026422528,0.21437822308716112,1.3776017491189991,1.0465438142810974,-0.11896988561082296,-0.25947596364157,-1.0554833834059623,-0.625394783447741,-0.32353798091572933,-1.033144539371952,-1.3619827281933365,-1.149926711256571,-0.35630847989348147,0.9727222106882286,-0.482931511569848,1.6382175625643265,1.5583037212376798,1.6669056243024845,0.728342674756924,1.7684536571408034,1.0714264874841732,1.2139110595827887,1
0.33900750466038404,0.6967630939767645,2.8867879618748513,0.3052077222492148,1,0,0,1,0,0,-0.6469689866984278,0.4185895800705996,0.48262362527457214,-0.5170764953599105,1.269648225209414,0.7215323180460116,2.3746391146647468,-0.5991070773443589,0.6623326987095582,1.4672232083066603,1.9766929959552233,1.0357326311629609,-0.9684871884715514,2.8714476878160387,-1.0287260894194132,2.185477294695027,1.3997385495299244,2.336114111015208,1.2589070016997488,0.1640471410786609,-0.4328767976369631,-0.20826194794371172,1.2907629271289653,-0.5941671119434044,-0.2890369634995145,-0.1640471410786609,-1.2589070016997495,2.7498390175123615,-0.9349191994684248,0.11810822885711679,1.248077788278137,1.8612018892227682,-0.9071245641463012,-0.8726274695258333,-1.3713993881826885,0.5118468759157585,-0.10976148557697851,0.27583454506891375,1.5652318312821314,2.128819661363154,1.6838287387897632,-0.0647368131630805,0.28677986593896093,0.4033962301162448,1.3994859768436472,0
-0.5348014154856993,2.1397579883786295,0.5693561964423357,0.3052077222492148,1,0,0,1,0,0,0.5392110916900246,-0.5332802122006839,-0.6175899766199587,0.23979725139361502,-1.1612502034042216,-0.5954501690316008,1.0371434969353839,0.1593591276602905,0.17366575317716115,0.18533159084739612,-0.14652438736083598,0.5005675775675074,0.06424253743880412,1.6348890576278892,0.5573012173748594,0.7350720846356714,1.028619386719527,0.7988838242813329,-0.45503125954306783,1.1340089365774726,0.19138860371093902,0.33956672158153844,0.5012696525469044,0.7695903534307239,0.9704434440334729,-1.1340089365774726,0.4550312595430671,1.4964759044973779,0.491016520610491,-0.054746349693259644,0.33072225315718967,0.7517636739180628,-0.7495995951142377,-1.0357458890816678,-0.983822203561983,0.3258135853852078,-0.026493508941193386,0.04820472807728505,-0.7155722712864762,-0.37367071236903754,-0.0592520533999176,-0.6040308649486834,-1.4418395571298541,-1.211010225189582,-0.08511336124321738,1
0.6988111776617119,-0.5400896726534062,0.27967722576327125,0.5985369837740325,1,0,0,1,0,0,0.48873534367349464,-0.5222322427118907,0.5337963509440852,-0.528070838776055,0.013311381968123778,0.006471198576706979,-1.2864991680395554,-0.6601854826149736,0.19092965497303332,-1.1871085147105063,-0.9175493951290199,0.29714377206737047,0.8190476872670723,-0.4685450268969267,-0.4140452204091851,1.2827143195745692,-0.6293239758489119,-0.2887172044747837,-0.29127919636700184,0.6941558255444424,1.3207437398433324,0.49134388095560533,1.0279969521456063,0.9796801357713437,0.9109829956091695,-0.6941558255444424,0.2912791963670011,-0.14682239923337803,0.04072103005925432,1.5646281230418408,2.126671821915101,1.690519086868198,-0.024984737566746233,0.2692014673650073,0.4557501964577793,1.4420133285685155,1.0282341951120857,0.27583454506891375,-0.4601222117987924,0.10608132819102022,0.49921072468027106,-1.1116017372174867,-1.4418395571298541,-1.378017789531564,-0.2706882785040748,0
-0.2006980048416086,0.1298722426046032,0.27967722576327125,1.0385308760612593,1,0,0,1,0,0,-0.8236341047562825,6.718839549074483,-0.2977604411855021,-0.27520094020473185,2.4797456191077236,5.379938622931407,-0.7452495133293386,-0.5523152011927425,0.6668207267375188,1.4858652866168716,2.558436117712168,1.415463185839749,-1.8824197771355056,-0.28931545601138403,-1.4799619539102709,1.0056124956100143,0.9769066995668669,1.8846771932640114,1.3634784946753398,0.5782415939310317,0.7472069949225327,-0.7245234497588867,0.098977305111929,-1.0386241814843813,-1.4860717983318095,-0.5782415939310325,-1.3634784946753404,0.04814519612450831,-1.1600669447440433,1.5282376854522888,1.9199438140005203,2.339113735815564,1.2037100208833493,-0.13859458152457876,-0.7069813574043363,2.1861464906907218,0.6396503041450882,-0.7105613285614767,-0.13168642102891215,-0.06248019957332482,-0.4654068010946016,-0.857816301083085,0.4514102871836102,0.848749735028197,-0.3944048900113141,1
-1.100207187344929,-0.4370186087675581,-0.8790386569529866,-0.4281154315628296,1,0,0,1,0,0,-0.19268725454965888,-0.34023148218598254,-0.15703544559434116,-0.3544759427316684,0.0384049206630999,0.01228470361304279,0.3857241600581417,2.1030570451512856,-1.095903187017774,0.3279776799753166,-0.07718921370698947,-0.8911489454273358,-0.06542863172418584,-0.7386753887990866,2.268659316087401,0.3657260560070827,-0.9510561258116982,-1.1186060739477284,-2.634980600574435,1.3979208031972914,-1.2744345790694234,-0.6138186943385239,1.8656557854281208,-1.3861276605634,-0.9917513539685618,-1.3979208031972914,2.6349806005744343,-0.8431352397972577,1.5417059985633763,-0.9190192424451392,-0.6124742829530796,-0.9209277891567239,-1.2536794960168407,-1.3619827281933365,-0.319404172783631,-0.6663639641110671,-1.1089772052064004,-0.3311783002420958,0.9722227646142934,1.9083930481328573,1.0745966172477384,-0.9847090191502859,-0.28942660841731066,0.45906541823023866,0.7190446135538346,0
0.2619067175886707,-0.23087648099586283,1.4383931084795292,0.3052077222492148,1,0,0,1,0,0,-0.06649788450833415,-0.3815159997493675,0.7512804350395157,-0.5610538690244884,0.4662195680248522,0.1401818144124306,0.9343329609186083,-0.13452579686461413,-0.9036523266192504,2.154563618240035,1.9655369442500052,0.5002039107554687,-2.099384684521244,0.019818206788760756,-0.49724730540153106,-0.6706366168375084,0.06255121750357466,-0.05508651432290355,0.4513710056427588,0.23455420748543962,-1.2794106076308922,-0.3134905567558302,0.5613978790477329,-2.8486517308575694,-2.6090755511096337,-0.23455420748543962,-0.4513710056427595,-0.007559831120602114,-0.4846237089171882,-0.07294156848803632,-0.40574627503850064,-0.3576745413866426,0.4475901695294441,0.2692014673650073,0.06817301183707392,-0.4183195767369984,-1.1644891896302574,-0.17942508891434333,0.4020217389721415,0.6441815899002735,-0.6430995032110249,-0.6198924547070837,2.4681329474305618,2.9363442893029728,-0.1469716669968365,1
0.2876069799459088,-0.5400896726534062,-0.4445202009343899,1.7718540298733036,1,0,0,1,0,0,-0.38197130961164594,-0.16869721907050997,-0.7711081536284979,1.7413931021775588,-1.0893004352736617,-1.475525392993822,-0.4890328071618471,0.4554360657148915,-1.5463819048630245,0.050149612929322636,-0.4935929468799531,-0.30457075759864194,0.17908301003700136,0.2322047882221363,-0.48988736277807676,-0.653483373481458,0.7192325980760047,0.6855382208894858,1.2465662665038717,-1.6517274332983856,0.9120283111429991,-1.1158586989482313,1.4572680993956475,0.6454298408169437,1.3109896486453936,1.6517274332983856,-1.2465662665038724,0.577342954953057,-0.10937746679115769,1.318992669312359,0.7183372679970265,1.0077878774499178,1.8023049032051899,0.5138790966987595,-0.04256332662598434,1.3800022317249987,0.7506742729928018,-1.0899443568808573,-0.24116501795220557,0.5210020119186368,0.7699805564767266,-0.7309235830158842,-0.20711139779498602,-0.8769950965056176,-0.08511336124321738,0
-0.14929748012713334,1.0575118175772313,0.27967722576327125,-0.4281154315628296,1,0,0,1,0,0,0.1480240445619179,-0.4373373192716908,-0.46407179961141953,-0.1102857889625646,-0.618706542952577,-0.25111179380247967,0.5008468793170361,0.69924772545449565,0.1888779376996012,0.24915372163037386,-0.4012966931656667,-1.117608547717559,0.0033932237963170456,-0.2049079374312894,-0.2229869207364593,0.6115488998211885,-0.30484445022351975,-0.6545846643306478,-0.6655696264837223,-0.8641809106868654,-0.9011813743799606,-1.1831228497465665,0.3563451984855062,-0.6388691424100503,-0.11736916514374103,0.8641809106868654,0.665569626483721,0.15955525061472892,0.26586877533487285,1.6010185606313942,1.7390568070752632,1.5027680042781708,-0.024984737566746233,0.6769975162545934,1.1755363964676604,1.5040244254120325,-0.6648813298155464,-0.8623145398892288,1.3553978538458196,1.3638096507403592,0.9730579303240674,1.0138512904081252,1.1922471827845313,0.793080546914203,0.7809029193074537,0
1.5983203601650333,0.33601437037629844,0.5693561964423357,0.3052077222492148,0,1,0,1,0,0,0.009215737516460692,-0.40826371535381406,-0.7583149722111197,1.3074058620665923,-1.4103042146760802,-1.3243742620490908,-0.5470197809826509,1.7563903790566415,-1.1808866671489473,-0.3724751166189042,-0.774761728115718,-2.0606146593770354,-0.02430731567721924,0.44987768474307943,0.8261114988828958,-0.2564735835406592,0.8709592498533519,0.6470568015929422,-0.671183982935474,-2.1447605249873867,1.210156803242501,-1.583120551559633,1.3565804166898805,1.3668181356235944,1.6389532186216935,2.1447605249873867,0.6711839829354733,0.32667033235006016,0.641115017460903,-0.2821865846279648,-0.3669847735545164,-0.01630893667750248,0.006520256239666901,-1.1988643086375024,-1.0945585420250417,0.20179139169817292,1.611110031562582,-1.317574173872486,1.2459192569225261,1.8694942340333933,2.4622920052045725,-0.0012904541294803558,0.28677986593896093,-0.5986491559356475,1.5232025883508855,1
0.9558138012340891,0.7740663918911503,-0.15484123025532542,-0.8681093238500562,1,0,0,1,0,0,0.3246891626197725,-0.4902512784022264,0.34189862968341117,-0.49566645818110283,0.0028570672723037143,0.006024005881604224,0.4735675276681012,0.7861243059546436,0.05472116864403315,1.121295409469325,1.0770998827316398,0.16307149700603282,-1.1411141589909883,-0.08446519183898031,0.1939694626764876,0.2710494185834008,0.26948217258713925,-0.03367614069791078,-0.16027754582615011,0.38137139103206524,-0.7429037995968166,-0.8846659312251004,0.19757285506364605,-1.247583848876743,-1.4331607964197268,-0.38137139103206524,0.16027754582614942,-0.23037994010104354,-0.03432821836595151,-0.600602913536552,-0.37990527404917784,-0.2552648599739003,-0.8756195703398886,-0.5463906304141645,-0.5408768497097485,-0.790386157798101,-0.8869292675109735,-1.0899443568808573,-1.1991027410310207,-0.9312203811280227,-1.2946394109712458,-1.397110352868688,0.36909507656128593,0.6260729825722207,-1.0748462533011267,1
1.341317736592655,0.5421564981479937,-1.168717627632051,-0.8681093238500562,1,0,0,1,0,0,-0.25578193957032125,-0.28499163474201683,-0.7455217907937414,0.9978282974541031,-1.0852244026998321,-0.990321318807333,-1.3238817437309154,0.33021787324502316,1.4966631945906357,-1.160365595194342,-0.15778908676794026,1.2261991141982347,0.773839445985866,-1.2717660572872298,-0.892214774370656,1.5368804578586361,-1.292967065276342,-0.2532353070891227,1.0066075265840329,0.6740482547543618,0.5701561318336827,-1.347035568939354,-0.5015720815576133,0.28549504951341076,-0.04210144844826941,-0.674048254754361,-1.0066075265840335,-1.17736540326792,-0.7848207026180125,0.21818193222838655,1.002588278879574,0.3591932285025509,-0.43454965705011084,1.0847935651441794,0.6218547041523672,-0.23228628620644656,0.5563823275093027,-1.2416975682086098,0.11464042204849642,-0.16621037050522874,-0.0423289389126401,0.28421816152172197,-0.28942660841731066,0.013711913318286572,0.5953280020465953,1
1.4698190483788447,0.0783367106616796,-1.6032360836506476,0.5985369837740325,1,0,0,1,0,0,0.2868323516073751,-0.48269214138357847,-0.42569225535928473,-0.15947100950847412,-0.6447441843760123,-0.24798144493676041,-0.40297834936395294,1.2611098057502161,-0.21981546256240608,-0.5289010489199172,-1.230746809851032,-0.22734843963560636,1.0633435568687075,-1.2875827200527814,1.7218255825609052,-0.2882705762194439,-1.2241352006863127,-1.6120422096152163,-0.5609884768922861,0.24630538521990228,-0.7261862783810574,-0.00602571538292188,0.01081097279224486,-0.49932031513737446,0.026185670686645266,-0.24630538521990228,0.5609884768922854,-1.1216603760228097,2.142099985965025,1.0187715591985484,0.6924962670077037,0.12023730520615308,0.25856020669096863,1.247911984700014,1.784586258014483,0.44983577907224165,-0.8036612908751883,-0.2553016945782196,-0.7520651369275744,-0.6329961396987983,-0.7700228618656133,-0.1916295312302808,-0.28942660841731066,-0.2089648391376897,-0.5799798072721716,0
0.6731109153044746,1.289421711320388,-0.15484123025532542,-0.13478617003801185,1,0,0,1,0,0,0.7789708947685415,-0.568168536902136,-0.8350740607153893,4.892140465383176,-2.748997710658253,-4.217710999363913,-0.2613956178048623,1.6244011366417392,-0.6821767579244299,-0.9713831539145039,-1.6253564115242125,0.5519478447497318,2.1179012698052,-0.7121499593145945,1.0635331073482805,-0.44780920645161126,-0.19920696877189706,-1.0229957412099075,0.11588809585456525,0.6378546273322155,-0.34809487870760575,-1.164117418748618,0.4825534152107324,1.1147457522937712,1.1142867070533202,-0.6378546273322155,-0.11588809585456596,-0.6551307728450102,1.0351235716932352,0.11583382650776923,-0.13764588977427983,-0.20406001926752979,-0.3636634209856824,1.2071323798110556,1.2585886503149546,-0.17027518936292965,-0.16527347000083534,-0.9381911455531051,0.826251302049903,0.9748215097457181,1.4299820214805863,0.3476645205553221,-1.1948939252628807,-1.0996718489615938,1.0283361423219313,0
0.3904080293748593,-0.5400896726534062,-0.8790386569529866,1.7718540298733036,1,0,0,1,0,0,3.1387121145413137,-0.7373769117041784,-0.7711081536284979,1.7413931021775588,-2.517138939514123,-1.912879848804316,-1.188279698753419,-0.2688568250579723,-0.9514122813391885,-1.5366765415866506,-1.887168990543284,-1.097127644442539,1.827605210503172,-0.8321075918003162,-1.1854684751245674,0.1474427325238918,-1.2584854411846187,-0.9224966899019551,0.34009473794071404,-1.8336530737800742,0.8208997457495445,-0.8185618645647974,1.44877818795436,0.8280582487280207,1.552773645350852,1.8336530737800742,-0.34009473794071476,-0.6481676444393714,-0.9349191994684248,0.9459906840194431,0.8863037744276221,0.2738518273252659,0.5736101447550955,1.5741488238116832,1.5077454118568363,0.44983577907224165,0.7229182807808735,-0.7864379342253526,-0.08607033897753999,0.6636309969500054,0.9899810448113461,-0.5405845059150832,-0.4540570296619595,-1.1553410370755877,0.10046155601764112,0
-0.2263982671988458,1.0575118175772313,1.4383931084795292,-0.4281154315628296,1,0,0,1,0,0,0.3877838476404349,-0.5018807199693771,-0.46407179961141953,-0.1102857889625646,-0.7622123797670288,-0.30075018295888545,1.7925774920351556,0.43035666824078833,1.1338195362542134,1.4895045839452192,1.7393332715518526,1.4223343552644514,-1.1366915429381554,1.4364661006758244,-0.43649438518896055,1.6502531706103851,1.2172539286325268,1.8582946282966313,2.4838873479852603,-0.5235948099447552,-1.0573226364178123,-1.0279485260052414,0.10837599741555506,-0.8052164392851674,-0.4469554217122149,0.5235948099447552,-2.483887347985261,1.6914434998552643,-0.18442671521636386,0.8277217618533966,1.6486133036126354,2.185499213696451,-0.24551969421163483,0.2692014673650073,-0.7069813574043363,0.8219023601333442,-0.8036612908751883,-0.6346847228976005,1.6382175625643265,1.454573550305776,0.9730579303240674,1.2359135470257274,1.2745623934068555,1.0714264874841732,1.0283361423219313,1
1.5983203601650333,0.9544407536913834,0.5693561964423357,-0.13478617003801185,0,1,0,1,0,0,0.009215737516460692,-0.40826371535381406,0.31631226684865466,-0.4852507644184396,0.1974370492786102,0.06102870737924305,0.2097706183209288,0.08024793010109496,-0.19488102103810326,0.2546156631630542,0.4561945985413101,-0.10265699095163373,-0.5751494877037268,0.4345001786702967,0.47014125453965067,0.02935817548724071,0.9299424603625017,0.9094816554697435,-0.6045440128777345,0.45956749966015986,0.14245630780963459,0.3608343855791571,0.2959110193849652,0.5781456905339117,0.2948564996511201,-0.45956749966015986,0.6045440128777338,0.32667033235006016,0.340918023760079,-0.23669853764102378,-0.18609776662925942,0.18851042614798086,-0.024984737566746233,-1.3619827281933365,-1.3160312189511594,0.2638024885416898,-0.026493508941193386,0.12408133374116129,-0.5604775923118106,-0.3347718982695729,-0.093098282374475,-0.794369942049485,-0.9479482933959068,-0.8769950965056176,-0.5799798072721716,0
0.23620645523143258,0.05256894469021735,1.4383931084795292,-0.8681093238500562,1,0,0,1,0,0,-0.7605394197356201,1.8257520096958324,0.29072590401389814,-0.48235751615103317,1.7713476122513325,1.7769070784885126,1.1335492536553273,-0.7498442283611119,0.5346565357863055,1.4769288941173424,1.5129765074578059,1.0041023880068283,-0.9039461977434107,0.3811650814951414,-1.0660389820197862,0.023317944488239078,1.2271500587318627,1.0889117434223694,1.078283513832815,0.30004743805884815,-1.1953721725572986,-0.03874971429306251,-0.7074611100831663,-0.778414660438013,-0.9038331812011067,-0.3000474380588474,-1.078283513832816,0.438080386840281,-0.9349191994684248,0.30006041680488094,0.26611975068388355,0.76883195415352,0.3215701943037938,0.2692014673650073,-0.2086678343205727,0.5738579727592754,-1.1644891896302574,-0.17942508891434333,-0.43275256256796935,-0.7107937678977266,-0.939254006738398,-0.033013633646279864,0.12214944469431245,0.29205785388825667,-0.76555472453303,1
1.341317736592655,1.3151894772918502,-1.168717627632051,1.7718540298733036,1,0,0,1,0,0,-0.25578193957032125,-0.28499163474201683,-0.11865590134220637,-0.36026243926648127,0.1412897312263551,0.059239936598832026,-0.34460031362024235,0.3518151054952011,-0.07973413478428747,0.38478103904215866,0.796055418147058,2.0317358038781372,-0.10621976668501008,-1.298226978290909,-0.7282394271523085,1.1962680348730022,-0.9316620522404152,-0.03257017978355533,1.4653338449762416,1.3177450462494995,-0.8179979755757109,-1.2124115447997754,1.3111332407573348,-1.4436345026480735,-1.0667094724609028,-1.3177450462494995,-1.4653338449762423,-1.2052179168904753,-0.6347222057676005,0.1908891040362222,0.795860270964994,0.3421249482670949,-0.24551969421163483,1.0847935651441794,0.40038202722625016,-0.35630847989348147,-0.859173275299045,-1.2416975682086098,-0.6060936743631827,0.10608132819102022,-0.48232991558187904,-1.397110352868688,-0.20711139779498602,0.514734606344233,-0.3944048900113141,1
0.08200488108800677,1.289421711320388,0.5693561964423357,-0.13478617003801185,1,0,0,1,0,0,-0.40720918361991093,-0.16288249828693463,-0.8350740607153893,4.892140465383176,-1.876339602949156,-3.9060176908772934,-0.19022079101466896,0.650988274577033,-0.1363698574769653,-1.282316244703495,-0.8995216514314708,0.2709934521637661,1.0642401546827853,-0.6275337468802539,-0.08407258409880526,0.17045648834755786,-0.5582698626121444,-4.985899563152904e-4,-0.16027754582615011,0.5285640660967139,-0.3625176854847847,-0.9777239059543075,0.3577144956165078,1.1787556790897755,1.1689354257520335,-0.5285640660967139,0.16027754582614942,-0.7317251853070371,-0.3345252120667762,-0.8007503202790929,-0.5995537824584191,-0.767313267037611,-0.34003467563087314,-0.30171300108041293,-0.26403600355210183,-0.6663639641110671,-0.22078545442469194,-0.7864379342253526,0.6255405410238652,0.7284623537824456,1.209981533145967,0.3476645205553221,-1.1125787146405561,-1.0440026608476,0.904619530814692,0
-0.2006980048416086,0.6452275620338409,0.27967722576327125,0.5985369837740325,1,0,0,1,0,0,-0.8236341047562825,6.718839549074483,-0.6047967952025805,0.19061203084770548,1.960722149154853,5.019948503373689,0.06036243010056721,-0.5573165876669227,0.6254947362710435,-0.004596677734991142,0.7098740635809172,0.6380318708107859,-0.5805936485673168,-0.1567822728801613,-1.1947263792813716,0.9927409583750608,0.9116096259202697,1.8486128632677878,0.9416775146057242,-0.06374491962016399,-0.2405904281919942,-0.43191615281171214,0.14253666491366707,0.9101463152881292,0.8819396082600022,0.06374491962016399,-0.9416775146057249,0.0759977097470634,-0.9349191994684248,1.0005763404037717,1.428964795203394,1.8099970485163963,0.8571550890128092,-0.6279498401920818,-1.0391903727935126,1.6900577159425842,-0.05424950115312168,-0.17942508891434333,0.826251302049903,0.7803274392483975,1.142289075196852,0.6331731362065233,-0.20711139779498602,-0.26463402725168356,1.275769365336409,1
-0.2006980048416086,-0.5400896726534062,0.27967722576327125,1.7718540298733036,1,0,0,1,0,0,-0.8236341047562825,6.718839549074483,-0.7711081536284979,1.7413931021775588,1.269648225209414,3.8214720804983067,-0.34363852989748667,0.0287729296292638,-0.25765835120266195,0.2040919030632979,0.19291960638011482,-0.6213862145467381,-0.4078653428639745,-0.17129043894289583,-0.8981648494584168,0.8567865651124229,0.9694668085159248,1.7962371311549838,1.116988546947158,-1.9553123256192235,0.30668635257371046,-0.9392535781943909,1.2132154674565392,0.6855916979626232,1.5028710126653122,1.9553123256192235,-1.1169885469471588,0.04814519612450831,-0.6347222057676005,0.9459906840194431,1.2997597902567817,1.7075873671036554,0.8571550890128092,-0.6279498401920818,-1.0945585420250417,1.5660355222555504,0.19555442875423396,-0.9381911455531051,-0.2776578835933038,0.36540675552078095,0.6345956405784983,-0.3819686083310823,-0.28942660841731066,-1.0440026608476,-0.08511336124321738,1
0.23620645523143258,1.289421711320388,1.4383931084795292,-0.13478617003801185,1,0,0,1,0,0,-0.7605394197356201,1.8257520096958324,-0.8350740607153893,4.892140465383176,-0.7344913508946546,-2.3766186736258725,0.5499019235040309,0.006171232426404756,-0.23376621358579502,0.0552094160640353,0.06191859279956284,1.2795319059460835,0.8654465205874802,0.3951598451130715,-0.9003644649670501,0.11958385924017716,1.2771110950603282,1.227987777090076,1.578223524893075,0.17986603418274572,-0.36981294951884025,-0.9104355660048216,0.4397364910992523,1.1917771411151379,1.1183938527390642,-0.17986603418274572,-1.5782235248930756,0.438080386840281,-0.7848207026180125,0.2545723698179399,0.279040251178545,0.8029685146244333,0.29006520049738066,0.8401159358104279,0.12354118106860354,0.5738579727592754,-0.22078545442469194,-0.7105613285614767,0.6620334066649622,0.806259981981374,1.294597105582359,0.2207718024881207,-0.9479482933959068,-0.9883334727336057,0.904619530814692,1
-0.2006980048416086,0.23294330649045036,0.27967722576327125,1.478524768348486,1,0,0,1,0,0,-0.8236341047562825,6.718839549074483,-0.7839013350458762,1.8195108053975328,1.1681743538733984,3.761101066659435,-0.3350665266313024,0.05237959453999329,0.5833969229961549,-0.21111168791527693,0.28361711356433283,-0.5922895578261418,-0.8744651928091828,-0.1810087687213526,-0.9297427950258201,0.9483512278877285,0.9572520620143782,1.8976971603907717,0.872405678118227,-1.6730536447424134,0.28505633275933834,-1.0032885592887557,0.15547838773505235,1.2343930291325502,1.4840157822843223,1.6730536447424134,-0.8724056781182278,-0.007559831120602114,-0.7097714541928067,0.74584327727690225,1.1705547853101694,1.5710411252199985,0.7311351137871589,-0.8726274695258333,-1.2606630497196296,1.3800022317249987,0.3620903820258042,-0.8623145398892288,0.37921369794645543,0.4043055696202447,0.9053654723749538,0.664896315723324,0.5337254978059351,-0.2089648391376897,0.6571863078002155,1
-0.7404035143436003,-0.2051087150244015,-0.7341991716134544,-1.161438585374874,1,0,0,1,0,0,0.13540510755778543,-0.44198909589855107,-0.4001058925245282,-0.19418998871735144,-0.5117792015084336,-0.1898463945734023,1.0938784917439144,-0.012996774173187967,0.17684060413464353,1.5545988252126761,1.1660661619663126,-0.49347052620671533,-1.5970669924873027,0.5818712394397929,0.4523099051188502,0.007146739928057719,0.6329505423983446,0.3649508169514856,-0.40749033797582196,-0.26889098598050765,-0.9396657842562877,0.47095261408254635,-0.23456524564863704,-1.4725397954507364,-1.159639678931303,0.26889098598050765,0.40749033797582124,0.4102278732177254,0.26586877533487285,-0.3913578973966235,-0.3282232720705331,-0.06751377738387422,-0.40304466324369825,-0.5463906304141645,-0.4301405112466897,-0.10826409251941274,-0.8869292675109735,0.4275877563966659,-0.02220782410562002,-0.1402778277722523,-0.7023304039164997,0.12560226393772106,1.439192814651505,1.4054416161681371,-0.45626319576493324,0
-0.35489957898503444,0.33601437037629844,0.27967722576327125,0.3052077222492148,0,1,0,0,1,0,-0.10435469552073157,-0.36058300492849626,-0.3617263482723934,-0.21733597485660297,-0.27255791278216707,-0.10935170945490646,-0.7648089302650779,0.06227389754944829,0.09272581984423112,-0.2425423416074718,-0.28655473139806403,0.49101933824159283,0.7521973591828481,-1.051728366460583,-0.12963534918371572,-0.22233980399834202,-0.5345085300492841,-0.7135681887228749,0.6060821098378343,0.06858695651968806,0.012610843417143257,-0.21533872572932192,-0.3501893627097942,-0.20235045274922506,-0.32412526639743017,-0.06858695651968806,-0.606082109837835,-0.8709877534198129,0.19081952690966666,1.0187715591985484,0.7312577684916879,0.4616029099152932,0.6051151385615076,1.9003856629233515,1.6738499195514247,0.3258135853852078,0.08453045990652028,-0.1035484832504671,0.33359761589508324,0.09311505682453199,0.008440404549195996,0.37938770007212164,0.5337254978059351,0.6260729825722207,0.2860364732784985,1
-0.14929748012713334,1.7017059668637786,0.5693561964423357,-0.13478617003801185,1,0,0,1,0,0,-0.24316300256618875,-0.3256946802270442,0.40586453677030254,-0.49913835610199053,0.4790982377055514,0.13526269476630032,0.1813367327320381,-0.3760776446064232,0.5209606339067255,0.040966449427656836,-0.477677655277149,0.3950377129132126,0.2128346935127676,0.5584035304734496,-0.6270830016121889,-0.04219214569708534,0.6214673384070565,-0.13780472641685085,-0.05671543019588151,0.595033997706013,0.3057970870915553,-0.11201961537304578,-0.7545696762655897,0.5608933443074957,0.4864648527519435,-0.595033997706013,0.056715430195880795,0.35452284597261524,-0.7097714541928067,-0.5005292101652823,-0.44450777652248397,-0.18699173903207253,-0.8756195703398886,0.18764225758709038,0.2342775195316623,-0.23228628620644656,0.1400424443303771,-0.2553016945782196,-0.4692454282090663,-0.7626588533636787,-0.5161761445564365,0.37938770007212164,-0.20711139779498602,0.06938110143228039,-0.023255055489598248,0
-0.4577006284139859,-0.9523739281967958,-0.8790386569529866,-0.13478617003801185,1,0,0,1,0,0,0.22373766658671274,-0.45478148162241677,0.20117363409225028,-0.44821718659563714,-0.019183629367472425,-0.0033670407155536224,-0.6806042173930233,1.3581276608050479,-0.2690888470996723,-0.664066103303213,-0.5386470693258913,-0.7746967101634218,0.38505432339855356,-0.8064050903853093,0.9018479212897322,-0.9386175415429369,-0.6050679762608124,-0.7737440106888933,-0.8569681418843186,-0.20666334585120408,0.1406462672969897,-0.9606213867239095,-0.5753666408050307,0.29713541582243674,-0.05514285850219839,0.20666334585120408,0.8569681418843179,-0.6481676444393714,1.1664597564373458,0.764038496071679,0.11107374474794844,-0.135786898325702,1.109195039464111,0.4323198869208419,1.009431888773073,0.5738579727592754,0.16779843654230542,-0.8623145398892288,0.1785029369204177,-0.1532440991387405,-0.025405824425361403,0.37938770007212164,0.36909507656128593,0.29205785388825667,0.22417816752487937,0
0.9558138012340891,0.6194597960623787,-0.15484123025532542,-0.13478617003801185,1,0,0,1,0,0,0.12278617055365294,-0.4379187913500483,0.6617281651178678,-0.5512168249153065,0.28386501886320126,0.0892018471707166,0.25612950076968094,0.5833539899721177,0.15864107340105352,0.6669941478709429,0.6755533205181762,-0.1294377267375206,-0.8997652353227026,0.07690800355406091,0.7562657746106466,0.05777285538169959,0.6329505423983446,0.22199428956551717,-0.5940660301642549,0.4126498344833025,-0.27930873473174544,-0.043061207472300474,-0.1588115137809827,-0.27344313984072877,-0.6615181864710955,-0.4126498344833025,0.5940660301642541,-0.20252742647848845,0.26586877533487285,-1.028190555213798,-0.8450432918569822,-0.5795621844475838,-1.0016395455655394,-1.0357458890816678,-0.9284540343304539,-0.9764194483286528,-0.10976148557697851,0.19995793940503753,0.7532655707677065,0.5469345546516133,0.39767203775660004,0.1890486229713212,0.7806711296729086,1.127095675598167,0.7809029193074537,0
-0.25209852955608386,1.3409572432633117,0.5693561964423357,-0.4281154315628296,0,1,0,0,1,0,0.980873886834661,-0.5984050849767277,-0.24658771551598904,-0.3272794090180478,-0.7344913508946546,-0.20728690968240973,-0.4728577770434983,-0.43057063148720365,-0.3195975969737482,-0.9375350028823966,-1.8596580327074959,-0.8587975736715895,2.21769711740817,-0.9738068648307555,-0.7717876217128631,0.96341261589709,-1.4240800938363418,-1.8516841983644519,-0.1342108908715925,-1.0381887348318,-0.31549609570905046,-0.18218819252828863,1.4050373894640835,-0.14554413960950896,0.6098373024488103,1.0381887348318,0.1342108908715918,-0.9545452942874786,-0.7848207026180125,-0.2821865846279648,0.24027874969456073,-0.3576745413866426,-1.6632444155002057,1.3294711944779316,1.5631135810883663,-0.6663639641110671,-0.3595654154843339,-0.2553016945782196,-0.2685346671830286,0.4691369264526849,0.38074892326932136,-0.7309235830158842,-0.5363722402842841,-0.9883334727336057,-0.332546584257695,1
-1.100207187344929,0.1298722426046032,-0.8790386569529866,1.0385308760612593,1,0,0,1,0,0,-0.15483044353726144,-0.3501165075180606,-0.2977604411855021,-0.27520094020473185,-0.14611146018685067,-0.05658297143278142,-1.013468875957218,2.3263086689577244,0.207975481936325,0.1156054245673179,0.3986739102883125,-1.2229199271486355,-0.8105605356696373,-0.8308488924615405,2.4592039623033513,0.3235631844643892,-0.9936561361789341,-1.2366429259244063,-2.552617211655521,0.8637377478704314,0.5790787188326781,-0.7293551106475599,0.04084034504531475,-1.1414678856800773,-1.7256367329642508,-0.8637377478704308,2.5526172116555195,-0.9545452942874786,1.5417059985633763,-1.1646546961746211,-0.8450432918569822,-1.1428154322176651,-1.442709458855317,-1.3619827281933365,-0.3747723420151606,-0.9764194483286528,0.3898463742377325,-0.7864379342253526,-0.43275256256796935,-0.3477381696360611,-0.7530997473783346,-1.1433249167342867,0.2044646553166367,0.7374113588002092,-0.7036964187794109,1
1.1871161624492292,0.0783367106616796,-0.8790386569529866,0.5985369837740325,1,0,0,1,0,0,0.33730809962390496,-0.4768774206000031,-0.438485436776663,-0.15947100950847412,-0.6933356280180868,-0.24350951798573287,-0.38213368508856815,0.5372859031959428,-0.9948534304327304,-0.11646021047893847,-0.6234271038963796,-0.3061814657086474,0.3502273527774113,-1.0730226452420504,0.7948743732171145,-1.043874900600235,-0.451453909986511,-0.49150847126435687,0.03622492998512883,-0.45352244570481864,-0.5407853928047328,0.05884593391315929,0.3110043629971499,-0.29032373822941415,0.3306234101811025,0.45352244570481864,-0.036224929985129536,-0.9545452942874786,0.9413120111617277,0.49111021415003275,-0.1602567656399366,-0.32353798091572933,1.1722050270769362,0.4323198869208419,0.4557501964577793,-0.046252995675895824,-0.6371253376036178,-0.17942508891434333,-0.6882026220556532,-0.4385020692014777,-0.5161761445564365,-0.2550758902638815,-0.04248097655033679,-0.26463402725168356,-0.5799798072721716,1
0.8530127518051386,1.2121184134060021,1.0038746524609323,-0.4281154315628296,0,1,0,1,0,0,-0.016022136491804253,-0.3873307205329428,-0.23379453409861076,-0.33190860624589813,-0.19730735934465343,-0.04137841979928776,2.8062971764884064,-0.10389325968906904,0.7193180219311684,1.856241656365212,1.4286989243579886,1.5085508257414066,-0.6980548033586559,2.643515628763409,-0.5076499457836792,1.3056885583107534,1.8252650347405353,1.8141637923511964,0.7902460580981725,1.2737269836114935,-1.2608548680889144,-0.3659558121409083,0.3287592477014879,-0.697761159277604,-0.08620072867377598,-1.2737269836114935,-0.7902460580981732,2.443461367664254,-0.4846237089171882,-0.03655113089848297,0.6408142650290589,1.4174266031008858,-0.9701345517591269,-1.1173050988595852,-1.482135726645747,0.3258135853852078,-1.2755131584779709,-0.6346847228976005,-1.0257616292358074,-0.723760039264214,-0.9223308922511192,-0.6040308649486834,-1.3595243465075295,-1.0440026608476,-0.9511296417938885,0
1.3156174742354179,-0.2566442469673251,-0.15484123025532542,0.5985369837740325,0,1,0,1,0,0,-0.11697363252486404,-0.3576756445367086,0.06044863850108935,-0.42622849976334815,0.14248334380624778,0.05432081695270173,-0.9224488191388656,0.0621888155421212,1.1331750098980853,-0.7132614757775216,-0.5105867250319535,-1.5407584149077402,-0.36687661263459587,-0.930905656305651,-1.435576542110725,1.577584994327921,-0.5887823797593505,-0.12669411898461577,-1.1334326641296226,-0.9772859963810728,0.35253757465275887,-1.5234851665130535,0.03623257746447107,0.37974370893010945,0.540095600839945,0.9772859963810728,1.133432664129622,-0.7874302125521474,-1.2351161931692491,0.6821600114951846,1.4677262966873774,1.1101975588626602,-0.6865896075014126,-0.7910682597479163,-0.3747723420151606,0.7598912632898273,0.22331042096616224,-1.4693273852002382,-0.323273965644676,-0.2569742700706454,-0.093098282374475,-0.033013633646279864,0.12214944469431245,-0.32030321536567735,-0.2706882785040748,1
1.3156174742354179,0.05256894469021735,1.7280720791585935,2.505177183685348,1,0,0,1,0,0,-0.14221150653312897,-0.3501165075180606,-0.38731271110714993,-0.19997648525216433,-0.27225109517817325,-0.11471802179613952,-1.169158114377073,-0.3964926903907361,-0.4104169620787493,-1.6944379419723248,-1.6957938584994918,-1.126114072686206,1.1876210597475274,-0.8880847032739309,-1.4186936046271674,1.3594869768716777,-1.857020760556365,-1.3060518709889002,-0.8293216896597884,-0.7133741297612541,0.7383790469770111,-0.8770174486838838,1.927207039543064,0.4476863457103294,0.9295096195392674,0.7133741297612541,0.8293216896597884,-0.8988402670423681,-1.3852146900196616,-0.43684594438356456,0.29196075167320634,-0.4942207832702994,-1.222174502210428,0.2692014673650073,0.7879592118469556,-0.5423417704240322,1.0837461795359422,-0.5588081172337243,1.2003031748711541,2.167718475462618,2.276137745844509,-0.5723076854318833,0.4514102871836102,0.1250502895462747,1.275769365336409,0
-1.460010860346257,0.49062096620506923,-0.4445202009343899,-1.161438585374874,1,0,0,1,0,0,0.08492935954125552,-0.4338484868015456,0.047655457083711085,-0.42217795218897913,-0.029586628863803418,-0.0073917749714784145,0.5132268144673928,0.09136178917398438,0.6817981357158472,-0.25078875716421395,0.06643474777181924,0.6066866607667112,0.3245869163353059,0.033358200563700584,-0.049681603194914534,-0.2229961944297488,-0.5423955447628953,-0.1574081530242078,-0.2611143426240418,1.0864182721050466,-0.680323257887242,-0.17516686229471576,-1.1561305616272033,-0.1990307061273299,-0.24004685022634736,-1.0864182721050466,0.2611143426240411,0.2152602778598393,0.19081952690966666,0.7549408866742913,0.5116092600824467,0.2567835470898098,1.0146800580448727,0.18764225758709038,0.34501385799472056,1.0079356506638961,-0.6093693453916895,-0.1035484832504671,0.20587258615124074,-0.4385020692014777,-0.48232991558187904,1.109020828958526,-0.8656330827735822,-0.48731077970765985,0.16231986177126023,1
1.572620097807795,-0.17934094905293926,-0.15484123025532542,0.3052077222492148,1,0,0,1,0,0,-0.20530619155379135,-0.33674264971583734,-0.041896812837936774,-0.3782005785244012,0.1512023740210617,0.03330276028287226,0.27993717749818864,-0.3035394241426861,-0.21145267189127448,-0.24534014504390647,-0.3134769314944343,-0.42843192020750204,0.3779220346754428,0.26279145650666447,0.35812521290366306,-0.8604244280273543,-0.06369716640646951,-0.38668699012687824,-0.02757457514840374,-0.5569819125050662,-0.12668133277352148,0.7753793621765285,-0.5755806849701691,0.26827768808103636,0.030010780434713266,0.5569819125050662,0.027574575148402326,0.0759977097470634,0.11577027848446049,-0.5733100853443877,-0.8967252938356269,-0.8697229484503528,0.006520256239666901,0.35076067714292497,0.40038202722625016,-0.5423417704240322,0.08453045990652028,1.1104772073715516,0.9174834661526473,0.4432043837197094,0.5330569536548284,1.0455744699249259,0.8629863402952329,0.6260729825722207,0.7809029193074537,0
1.2642169495209417,-0.514321906681944,0.27967722576327125,0.5985369837740325,0,1,0,1,0,0,-0.40720918361991093,-0.16288249828693463,-0.0035172685858019803,-0.4025038639706153,0.43523054678883005,0.18579546931291158,0.5387660097417207,0.005696617497683964,-1.2812243547393236,-0.2046493325573312,-0.28027335975027723,0.7558767482356235,0.6980483555219117,1.87750883578203,0.677666614136628,-0.6896960564810684,0.5207220928892163,0.30453378688884164,0.21054164239835904,0.8221130942085976,1.1268174551368884,0.6710527513297883,1.058398591469264,0.7928071590517601,0.6616870645384353,-0.8221130942085976,-0.21054164239835974,1.4129183636297125,0.340918023760079,-0.6915790075104341,-0.9096457943302884,-0.6819718658603261,0.006520256239666901,-0.30171300108041293,-0.4301405112466897,-0.5423417704240322,0.6396503041450882,0.19995793940503753,-1.0257616292358074,-0.39960325510201306,-0.07617516788719629,-1.5557262504526888,-1.5241547677521787,-1.4336869776455579,-0.9511296417938885,0
0.18480593051695732,-0.4370186087675581,-0.8790386569529866,-0.4281154315628296,0,1,0,1,0,0,0.816827705780939,-0.5815423947043593,-0.20820817126385424,-0.3353805041667859,-0.6323000111961136,-0.1880576237929913,0.7498932307656456,0.5445022920513184,-1.5177226588819812,0.6574944402161745,0.1326586874557352,1.6905576695625368,1.1468633755625763,-0.29643927285762467,0.25350384135253723,-0.334752521555275,-0.6706976749623335,-0.7947074768172724,0.9153149533513734,1.3979208031972914,-1.3389434204068038,-0.4933919006929193,1.7383837179487718,-1.5532849042855557,-0.9483399646322342,-1.3979208031972914,-0.915314953351374,-0.17467491285593337,0.41596727218528484,0.5184030423421971,0.2531992501892221,-0.03337721691295973,0.3845801819166189,1.8188264531454346,1.397009073393778,-0.046252995675895824,-1.192245181842186,-0.2553016945782196,0.7806352199985308,1.6490676208030963,0.7699805564767266,-0.7626467625326843,-0.4540570296619595,0.23638866577426285,0.6571863078002155,1
0.4161082917320974,-0.978141694168258,-0.4445202009343899,-0.13478617003801185,1,0,0,0,1,0,-0.07911682151246661,-0.37046803026057434,0.4570372624398156,-0.5164978457064292,0.3444227475155522,0.11424463809647085,1.0959944539927498,-0.28311202881892716,-0.7673665180648191,1.6170193318820574,1.5558747914579367,3.307816093469408,0.4407983622311416,0.42116899434496846,-0.6067147184316245,0.09699221409798467,0.24151168321648622,0.027512649417352576,1.2234273880116016,3.298086242859983,-1.1031798710734786,-0.21921334162099065,1.1464835584001425,-1.9450099450796792,-1.9958526821111087,-3.298086242859983,-1.2234273880116022,0.939425632046274,-0.10937746679115769,1.8284587955660994,1.609851802128651,1.6563825263972836,0.9831750642384596,2.063504082479186,1.4523772426253072,1.4420133285685155,-0.7481493064513315,0.5793409677244183,2.6144017184636907,3.0105261142843402,1.6838287387897632,-0.0647368131630805,-0.6186874509066087,1.6837875567381073,3.255235149452228,1
-0.020796168340944693,-1.0039094601397194,0.27967722576327125,1.0385308760612593,1,0,0,1,0,0,-0.29363875058271866,-0.2762695535666538,0.7768667978742723,-0.562211168331451,0.7067685928692891,0.2220180776162347,-0.4044849804650511,-1.4139496962750218,0.9136284267941266,-0.4569977781816879,0.5444010684717513,0.010564284123761635,-0.9612618820890461,0.021653235970502227,-1.871263852773995,0.4516440336110286,0.5469839604160308,1.0011466375903086,0.09517567272851181,-0.0799856498736912,0.5840818698422359,0.06609928312917954,-0.7951019687665183,1.159754447217725,0.2696767826442056,0.0799856498736912,-0.09517567272851252,0.15955525061472892,-1.685411683720486,0.5820863081239148,0.7441782689863493,0.9565830367435462,0.5421051509486824,-0.9541866793037505,-1.0945585420250417,0.8219023601333442,0.3065783976019474,-0.17942508891434333,-0.7064490548762022,-0.9701191952274875,-0.5161761445564365,-0.3502454288142823,-0.4540570296619595,-0.5429799678216537,-0.9511296417938885,1
-0.3291993166277972,-1.2100515879114147,0.27967722576327125,0.3052077222492148,1,0,0,1,0,0,0.5896868397065544,-0.5414208212976894,-0.46407179961141953,-0.15252721366669866,-0.8627160561485628,-0.2985142194833717,-0.5747084905144947,1.541447366138771,-0.023802755214851236,-0.7521601696985015,-1.4924919994253438,-0.8773274673532846,1.2963987683949403,-0.04029408401130297,1.659283116718972,0.4528605387241888,-0.3958824638481489,-0.9836153499796054,-1.2854881513645413,0.07836147009820059,0.7588847720428523,-0.45345148416279774,0.48762033148966977,0.6235695894591654,0.980003751427185,-0.07836147009820059,1.2854881513645404,-0.007559831120602114,1.6167552469885829,0.15449866644666885,0.369483754641173,0.18851042614798086,-0.9701345517591269,0.02452383803125581,0.7879592118469556,0.2638024885416898,0.5286263352973745,-0.5588081172337243,-0.48749186102961545,-0.17917664187171697,0.0761328624983096,-0.3185222492974822,-1.1125787146405561,-1.211010225189582,-0.3944048900113141,0
-0.9460056132015023,-0.17934094905293926,-0.15484123025532542,0.5985369837740325,1,0,0,1,0,0,0.21111872958258027,-0.4530370653873442,-0.822280879298011,3.9229022958020168,-2.1969304363763924,-3.3801190814364537,-0.16214868931805074,0.22083929706345587,-1.4301229471592853,-0.35871727159682937,-0.7599762056923253,-0.5887811641830549,0.507168998304318,0.2136583536902826,-1.1214830377898848,-0.46447201264471705,0.23279731797544706,0.08388341625337345,0.25295560183580257,-1.0539055705610194,0.4389566091812367,-1.4265859538068135,1.488276398971273,0.7154417269222559,1.0699021173571972,1.0539055705610194,-0.2529556018358033,0.1317027369921738,-1.0850176963188372,-0.2185033188462471,-0.4186667755331612,-0.3064697006802721,0.16404522527173035,0.02452383803125581,-0.09793149585751397,-0.046252995675895824,0.5841383197212315,-1.2416975682086098,0.6164173246135901,1.3508433793738719,1.6161362808406496,-0.5405845059150832,0.03983423407198747,-0.4316415915936655,0.7809029193074537,0
-0.5605016778429365,0.9029052217484598,-0.8790386569529866,-0.4281154315628296,1,0,0,1,0,0,-0.5586364276695006,0.1801860279440106,0.2267599969270068,-0.4545823327839313,0.8784332245449905,0.48988650198278466,0.8164548924853957,-1.0523409035276066,-1.1868222281188048,1.413838507458531,1.4741447328745259,-0.5732549497241591,-1.6830930280054812,0.0823251376308802,-0.7981719209177466,-1.3128261581337433,0.4147132380430271,0.27321883839759736,-1.4375436385994584,0.6438868985692391,-1.0530420952034187,0.6447798070987873,0.3031620641660266,-1.498782062497937,-1.649715332434222,-0.6438868985692391,1.4375436385994576,-0.06326485836571254,-0.8598699510432187,-0.50962681956267,-1.0646918002662225,-0.8697229484503528,0.7311351137871589,-1.1988643086375024,-0.762349526635866,-0.17027518936292965,-1.0812212129944723,0.27583454506891375,-0.7885580025686714,-0.5292659687668935,-1.0407926936620688,-1.238494455284687,0.36909507656128593,0.793080546914203,-1.0748462533011267,0
0.2619067175886707,0.2587110724619126,-0.15484123025532542,-0.4281154315628296,1,0,0,1,0,0,-0.1800683175455264,-0.3413944263426976,-0.7199354279589849,0.676677739771988,-1.0338337757910288,-0.7855070644502715,-0.6446177164157626,0.86593045210385,0.75054620209041,-1.223645874826282,-1.0269351045071935,-0.7092582939728229,0.7696337233852959,0.08385620786097515,0.003744885604334889,-0.4347395372615284,-0.36848053900857464,-0.2779549392657015,0.010024599876957354,-0.9772859963810728,0.980144761258325,-1.184765176790223,-1.4628931105308896,1.2876876389731273,1.0636970323431703,0.9772859963810728,-0.010024599876958064,0.10385022336961848,0.04072103005925432,0.1272058382545045,-0.12149526415595328,-0.2552648599739003,0.4790951633358572,0.2692014673650073,0.2896456887631914,0.015758101167622184,1.2502821328075124,-0.9381911455531051,0.9448531153834703,-0.0495139282068366,0.46536449570571364,2.377948009630533,0.12214944469431245,-0.32030321536567735,1.0283361423219313,0
0.15910566815972013,2.165525754350092,-0.8790386569529866,0.3052077222492148,1,0,0,1,0,0,-0.25578193957032125,-0.31987995944346886,-0.6175899766199587,0.265836485800273,-0.5933502302556727,-0.45145412120851375,-0.9830812584989727,0.3968232395653092,-0.3494100825034821,-2.2446549676516243,-2.796449620949701,0.817805265560949,3.3991883459110435,-1.4643401437987211,1.4346665235302707,-0.2863024934665763,-2.6188840424073447,-2.9185989072178407,-0.6758711979548252,1.7857096684345772,-0.09615299709601934,0.8925650790811237,0.18994889306261784,0.4355434615758528,0.7860776923385017,-1.7857096684345766,0.6758711979548244,-1.4280380258709164,0.9413120111617277,-0.7643598826895395,-0.7804407893836761,-1.6548638392813753,-1.1276595207911904,1.4925896140337656,2.172163442635189,-1.1624527388592034,-0.19302946221276363,0.6552175733882943,-0.39625969692687113,-0.24400799870415715,-0.0592520533999176,-0.033013633646279864,-1.6064699783745033,-1.1553410370755877,0.34789477903211874,0
-0.12359721776989524,1.7790092647781635,0.27967722576327125,-1.6014324776621007,1,0,0,1,0,0,-0.5207796166571032,-0.04309925014528256,0.6873145279526244,-0.5517954745687877,1.0267469635376045,0.39329287984058975,1.1356229608842343,0.2460640314547179,0.9693346687648337,1.5206473877613187,1.8425847419159689,0.7683498553304063,-1.7225026222195348,0.5068539154504416,1.2149140204676263,0.6169248588039893,1.393852166092925,1.0738656659595098,0.2857518833962749,0.7645323233097278,-1.0726689109969454,0.8793435900145475,-0.7051629780137191,-0.6721765687996107,-1.3470295950391598,-0.764532323309727,-0.2857518833962756,0.939425632046274,1.841902992264201,1.510042466657512,1.6615338041072958,2.2879088951091933,0.3215701943037938,-0.22015379130249568,-0.3747723420151606,2.0621242970036877,-1.1089772052064004,0.4275877563966659,-0.8889133830816909,-1.0738493661593913,-1.2269469530221315,-0.826093121566285,0.12214944469431245,0.5704037944582268,-0.9511296417938885,0
1.341317736592655,-0.5400896726534062,-1.168717627632051,1.7718540298733036,1,0,0,1,0,0,-0.3062576875868511,-0.2530106704323524,-0.7711081536284979,1.7413931021775588,-1.1907743066096774,-1.5403683337837213,-1.1461082678211447,-0.06273567152718383,0.3983131120923738,-0.968974316937424,-0.9668533183662811,0.07248450589551125,1.5632756384313835,-1.2652880299122256,-1.1345471235606044,1.67743407665617,-0.8146706139712927,0.1359158548627454,1.8833482026111439,-1.7690215962405276,0.32943055471975774,-1.0504577243291238,1.1411521081152816,0.5012083538077089,1.3896520448491707,1.7690215962405276,-1.8833482026111446,-1.2052179168904753,-1.0850176963188372,-0.1548200530645294,0.7183372679970265,0.32505666803163763,-0.8126095827270634,1.166352774922097,0.2896456887631914,-0.728375060954584,0.029018475482663446,-1.1658209625447336,-0.9254062487227878,-0.2699405414371327,-0.0592520533999176,-0.7309235830158842,-1.0302635040182315,-1.6563637301015341,-0.9511296417938885,0
-0.25209852955608386,0.23294330649045036,0.5693561964423357,1.478524768348486,0,1,0,1,0,0,0.980873886834661,-0.5984050849767277,-0.7839013350458762,1.932347487826384,-2.1033402180397163,-1.9535743840586666,-0.9794784047921941,-0.0710400501330547,0.7442107207359822,-1.9338349073402652,-2.317737166523758,-0.7960320084371739,2.2150489084303033,-1.0125122367458834,-0.9727924756287909,1.3751955385079622,-1.4439537231561148,-1.743493624934512,0.17396031022667943,-1.2582244350408798,0.3502982681228799,-0.8770174486838838,0.3645779063955397,1.1806864047643904,1.3109896486453965,1.2582244350408798,-0.17396031022668015,-0.9266927806649233,-0.8598699510432187,0.22727954162577424,0.9250652759116064,0.22264698661889537,-1.6317394216937933,1.9819448727012692,2.0614271041721297,-0.35630847989348147,0.3620903820258042,-0.7864379342253526,0.16025650409986858,0.3265079414213163,0.8038267854512828,0.15732544345452057,0.12214944469431245,-0.4316415915936655,0.34789477903211874,0
-1.100207187344929,0.7482986259196881,-0.8790386569529866,0.5985369837740325,1,0,0,1,0,0,-0.15483044353726144,-0.3501165075180606,-0.5152445252809326,-0.09292629935812594,-0.46758293208315554,-0.19744867039014913,-0.14761216949105987,2.506629632724025,-0.521311213212325,0.1805226691275755,0.07853045212374946,-0.22629823234639737,-0.1361989267749122,-0.9003591544536499,2.426292843460081,0.24230664229255694,-1.0464680413275456,-0.9739829025299002,-1.6253768875367096,1.303385209184222,-0.6943699435658307,-1.0098209288022575,0.9561447000307906,-1.281534276086113,-1.0529981677961726,-1.303385209184222,1.6253768875367083,-0.9545452942874786,1.7668537438389946,-0.7643598826895395,-0.5349512799851129,-0.8867912286858101,-0.8756195703398886,-0.7910682597479163,-0.09793149585751397,-0.6043528672675491,-0.8314172830871166,-1.1658209625447336,-1.0896241441077272,-0.5033334260339178,-0.939254006738398,-1.5240030709358887,-0.7010026615289333,-0.15329565102369538,-1.0129879475475077,0
-1.5885121721324456,0.05256894469021735,1.0038746524609323,-0.13478617003801185,1,0,0,1,0,0,-0.2684008765744537,-0.2966210763091675,-0.7327286093763631,0.8560591323511874,-1.00139976970615,-0.8897029624092133,-0.2852968209459856,-0.6940762961255195,1.7760412621941113,-0.7496521146743766,-0.02395132335999982,1.4386438816526677,-0.3713226940445853,0.2323120373828186,-1.7070432510624551,2.027128746528347,0.4417972076653184,1.4441940511730316,2.110417730215288,-0.13094794135889734,0.6288356249237191,-0.7574369565836622,-0.3908390084438939,1.4508101918845686,1.441112294813806,0.13094794135889734,-2.1104177302152882,0.5216379277079463,-1.4602639384448675,1.1188452625698195,2.152512822904422,2.2879088951091933,-0.18250970659880966,-0.05703537174666111,-0.8730858650989243,1.0079356506638961,0.3620903820258042,-0.8623145398892288,-0.6517097564145549,-0.7367263106307022,-0.1777138548108673,0.1890486229713212,-0.5363722402842841,-0.6543183440496418,0.16231986177126023,0
1.2128164248064663,0.4133176682906843,-0.4445202009343899,-0.4281154315628296,1,0,0,1,0,0,-0.21792512855792381,-0.3361611776374798,-0.6943490651242283,0.572520802145356,-0.884748807484569,-0.7009876450758509,-1.1278262318195258,-0.012581963207261371,0.4264917672346957,-0.6659935357402842,-0.19133285888669305,-0.9225215067700236,-0.4400191602658255,-1.2499281788406742,-0.7898526335414607,0.009518339821286905,-0.4984663569379405,0.18995367535066043,-0.7858772647355261,-0.4787858038769716,0.31935632083649507,-0.7739878897463223,-0.5734635197934058,0.4054435936221596,0.434194879761037,0.4787858038769716,0.7858772647355247,-1.2887754577581405,-1.009968447893631,-1.2010451337641732,-1.0130097982875779,-1.1257471519822078,-0.40304466324369825,-1.2804235184154193,-1.149926711256571,-1.1004416420156866,-0.16527347000083534,-1.0899443568808573,-1.5731546138522732,-1.5665676780859363,-1.3454087544330806,-0.6040308649486834,-0.6186874509066087,-0.8769950965056176,-1.569712699330082,0
1.135715637734753,0.05256894469021735,-1.6032360836506476,2.505177183685348,1,0,0,1,0,0,-0.785777293743885,3.058472815813805,-0.38731271110714993,-0.19997648525216433,1.4531188915305564,2.506725556896208,-1.1310416247731159,-0.16250421033090995,-0.5317392768342577,-0.5472504386389213,-0.42273144204766244,0.032722010542083846,0.3179227323276023,-0.7557329641797443,-1.32076266520641,1.290422015765981,-0.24394867148184163,0.5771784944796807,0.513835114248652,-0.4649864905896614,0.817621438574411,-1.1000689155278318,2.0236550828236797,0.4974047101942779,1.1130740395230845,0.4649864905896614,-0.5138351142486527,-0.6481676444393714,-1.1600669447440433,0.427426948368315,1.06719078135288,0.9053781960371756,-0.15100471279239655,0.35076067714292497,0.12354118106860354,0.8219023601333442,1.194770148383656,-0.7864379342253526,1.2732889061533492,2.2973811891274982,2.428445776230015,-0.4771381468814831,0.12214944469431245,-0.09762646290970158,1.3994859768436472,0
-1.460010860346257,0.05256894469021735,-0.4445202009343899,-0.13478617003801185,1,0,0,0,1,0,0.08492935954125552,-0.4338484868015456,-0.7966945164632545,2.722204264828343,-1.7761552073583773,-2.437436880159847,0.6880322908949906,1.2093962887346295,-1.539940198940433,-0.09848499987401836,-0.4308191732006074,-1.4220105046940614,-0.1738578935742271,-0.12081429120289422,0.03861261878198717,-0.37419179997211316,-0.5568685642237402,-0.039331317357144416,-0.6280087910670794,-1.3166012534636966,-1.0774418653110458,-1.6212530868766306,1.7291231682012618,-0.41913445475701194,0.5216866487659927,1.3166012534636966,0.6280087910670786,-0.007559831120602114,0.19081952690966666,0.48201260475264507,0.2015172482105774,-0.03337721691295973,1.0776900456576979,-0.22015379130249568,0.06817301183707392,0.8839134569768611,-0.9701972441467586,-1.4693273852002382,0.3700904815361815,1.2471132084419672,0.9730579303240674,-0.4771381468814831,0.6160407084282594,0.013711913318286572,0.22417816752487937,0
-0.2263982671988458,0.6452275620338409,1.4383931084795292,0.5985369837740325,1,0,0,1,0,0,0.097548296545388,-0.4379187913500483,-0.6047967952025805,0.2108647687195506,-0.8725455858889013,-0.4997509322796113,0.9377802847206713,0.07537212762301478,1.5578055049271504,0.16768563377746246,0.9300142200376742,1.0754904511749683,-0.78419859788484,1.1178012766979777,-0.48674179589323074,2.174476031629046,1.0376930492743839,1.834251777934518,1.3843233105508752,0.09388569754642515,-0.18711244898142232,-0.591057856530652,0.05556639408938631,0.8024261914773425,0.5817258186201647,-0.09388569754642515,-1.3843233105508759,0.9951306592913848,-0.4846237089171882,-0.10933200607758836,1.0155087793742343,1.4515631635718003,-1.1906695084040155,-0.9541866793037505,-1.482135726645747,0.139780294854656,-0.05424950115312168,-0.4070549059059717,0.5799244589724931,0.5210020119186368,0.8376730144258402,0.31594134103852145,-0.12479618717266176,-0.09762646290970158,0.904619530814692,0
0.544609603518286,-0.514321906681944,-0.8790386569529866,0.5985369837740325,1,0,0,1,0,0,-0.7226826087232228,1.0000616584281339,-0.0035172685858019803,-0.4025038639706153,1.3101703800318332,1.0801808595184208,-0.5152379680567046,-1.2322601475331463,-1.213205539439825,-0.5042902452614496,-0.7838821014634997,-0.35239361158085225,0.6339535877813154,0.43842558420175665,-1.143836363091563,-0.6249498474796524,0.23270263516576517,-0.24098184963827005,-0.6711839829354725,0.1850492459657866,1.1545206147889604,0.5454455658962647,1.0304782882568784,0.9120075369047362,0.7838132504242377,-0.1850492459657866,0.6711839829354719,0.49378541408539117,-1.009968447893631,0.30006041680488094,-0.08273376267196997,0.017827623793410803,0.3845801819166189,-0.05703537174666111,0.2896456887631914,0.6358690696027934,0.6118943119331598,0.04820472807728505,-1.1534866589796486,-0.5292659687668935,-0.1607907403235886,-1.5874494299694895,-1.1948939252628807,-1.266679413303576,-1.0748462533011267,0
0.33900750466038404,1.4182605411776974,2.8867879618748513,-0.8681093238500562,1,0,0,1,0,0,-0.6469689866984278,0.4185895800705996,0.39307135535292426,-0.49798105679502797,1.2242317938825185,0.7067749591076207,2.4726116933600295,-0.5387413494762774,2.27136291231118,0.8523633175548416,1.9435975646091666,1.3064660683467983,-0.9330513657136686,2.8769669928663486,-1.160004522972005,1.790483147930186,0.8479268031654827,1.6257310573286743,1.2994551316290601,0.4930801176436278,-0.5635952286554715,-0.4226276567523982,-1.3057663021040549,-0.3106981488273069,-0.9395620689515746,-0.4930801176436278,-1.2994551316290608,2.666281476644696,-1.0850176963188372,-0.027453521501095285,0.8992242749222835,1.2467438007463156,-0.8126095827270634,-0.22015379130249568,-0.762349526635866,0.3258135853852078,-0.44283339212011924,-0.2553016945782196,0.5160619441005718,-0.2829068128036209,-0.38079122865820925,0.8552353928241243,0.12214944469431245,0.4033962301162448,0.10046155601764112,0
0.4161082917320974,1.2121184134060021,-0.4445202009343899,-0.13478617003801185,1,0,0,1,0,0,-0.07911682151246661,-0.37046803026057434,-0.5024513438635544,-0.09581954762553238,-0.5129993634100525,-0.21086445124323178,0.20892787276657981,-0.19103750941972406,-0.45485376368808844,0.24083219878228593,0.042159877729016186,0.7480727069730793,0.2205994394078743,0.543120105040334,-0.7217196407932147,0.24602010968248025,0.3962845089193579,0.41296300231668914,1.3609607219712736,-0.3295023237687909,0.25215991661704595,-0.4607979156538558,0.8690268167948643,0.06760017212922893,0.34836808916737894,0.32950232376879157,-1.3609607219712743,0.8558680911786088,-0.40957446049198204,1.1188452625698195,1.093031782342202,1.2296755205108585,0.6366201323679207,1.7372672433675176,1.0648000580046022,1.069946747507413,0.25106641317809053,-0.4070549059059717,0.0963939892279486,0.533968283285125,0.5330569536548284,-0.44541496736468245,0.5337254978059351,0.4033962301162448,0.40975308478573785,1
-1.2030082367738797,-0.2051087150244015,0.27967722576327125,0.3052077222492148,1,0,0,1,0,0,-0.44506599463230834,-0.1559048333466442,-0.8478672421327675,6.87401552855659,-2.271815312063907,-5.432286359262995,0.472962882230927,0.32968689282915803,-0.30735106941330204,-0.42977458838655014,-0.6430954053056462,-0.39982186655495844,0.5305778456223502,0.5476786233659774,-0.4959397735258054,0.4363525643385951,0.6668049126966342,1.0897561203068533,0.3506288912831737,-0.8930588049066626,-0.11043237356830525,-0.9493271850024474,0.8586514536891656,1.2417900792967376,1.8999902707767191,0.8930588049066626,-0.3506288912831744,0.29881781872750485,-0.6347222057676005,-0.646090960523493,-0.3411437725651945,-0.06751377738387422,-0.34003467563087314,-0.8726274695258333,-1.0945585420250417,-0.4803306735805153,0.0012624832707351544,-0.7864379342253526,0.48869229486974886,0.8840576101803024,1.396135792506029,0.4428340591057229,-0.8656330827735822,-1.266679413303576,1.2139110595827887,0
-0.27779879191332196,0.2587110724619126,1.7280720791585935,1.1851955068236681,1,0,0,1,0,0,-0.5460174906653681,0.16855658637685988,-0.1826218084290977,-0.34000970139463615,0.5382282790707696,0.3923984944503842,1.8301436008686067,0.07029375259834111,0.45727977725771124,0.8015345268554244,0.4230658693839521,0.10928614713721099,-0.33783359027619525,1.8888758702102013,0.2328126066551124,0.29986968483102355,1.4462013325276322,0.979901368296741,-0.4157307643808121,0.5613699807042828,-0.6575167140741723,0.13674617707997386,-0.3237766605414904,0.3512070503200418,0.4066766135577644,-0.5613699807042828,0.41573076438081064,1.5243284181199328,0.04072103005925432,-0.4823339913705056,-0.26362076959722697,0.3079883877961804,-0.7495995951142377,-1.1173050988595852,-1.0945585420250417,-0.17027518936292965,-0.8036612908751883,-0.2553016945782196,-1.0987473605180025,-1.0738493661593913,-0.8884846632765624,-0.4136917878478824,-1.0302635040182315,-0.9326642846196119,-0.8274130302866491,1
1.2128164248064663,0.33601437037629844,0.27967722576327125,0.3052077222492148,1,0,0,1,0,0,-0.43244705762817587,-0.16288249828693463,-0.7583149722111197,1.3074058620665923,-0.923865887798175,-1.1356589447157284,-0.25749183823711874,0.8021256767081717,-2.233843588533448,-0.08436382367292612,-0.7113616881467837,-0.9209217686884882,0.6018698655221885,0.7442130482982854,-0.4047148797505231,-1.883968145613558,0.9664521051240533,0.4797451481107232,0.569588792901455,-1.8209386847559008,1.1016575781798201,-1.5063771464299789,1.1605327225821291,1.0722874468936066,1.3931827965295502,1.820938684755901,-0.5695887929014557,0.744458036688388,-0.3345252120667762,0.16359627584405784,-0.8579637923516437,-0.47715250303484213,1.7077899217859516,0.2692014673650073,0.012804842605544792,0.38782468222872474,1.4723300705029398,-1.2416975682086098,1.1911799584608802,1.7009327062690485,2.140752829946282,0.1890486229713212,0.28677986593896093,-0.48731077970765985,1.275769365336409,0
-0.1749977424843705,0.7740663918911503,0.5693561964423357,-0.8681093238500562,1,0,0,1,0,0,-0.7983962307480176,3.9394030145254693,0.15000090842273722,-0.4401160914468991,2.1418163610630314,3.369807458444525,0.5496078973569248,-1.4970341341130478,0.796721816568807,0.44585956865761817,0.43009940335573826,0.9640500954154668,0.022781404826707475,0.33874025448978595,-1.4895042721718434,1.1061652562568276,0.8887128131133976,1.011910328672646,0.8285736227725414,0.4930801176436278,-0.42577788918292775,0.5625736487998529,0.022443990779066742,0.27890489979141436,0.4287831946887829,-0.4930801176436278,-0.8285736227725421,0.4659329004628361,-1.3101654415944555,0.5365982611369737,1.06719078135288,1.434494883336343,-0.43454965705011084,-0.05703537174666111,-0.4301405112466897,0.7598912632898273,-0.3040534310604773,0.7310941790521709,0.5251851605108457,0.45617065508619664,0.549980068142106,0.5697267771729232,-0.5363722402842841,-0.3759724034796717,0.9664778365683122,1
0.2619067175886707,2.165525754350092,-0.4445202009343899,0.3052077222492148,1,0,0,1,0,0,-0.6974447347149578,0.6773446549397023,-0.6175899766199587,0.265836485800273,0.34847726108323646,0.31548135089271045,0.7956981557878634,-1.2060468323390572,-1.1238515925278991,0.7480527471799081,-0.17738003553374362,1.4872269642022158,0.7421118375846459,1.1346982615336134,-1.0227992997610742,-1.4086608980335877,1.4351071365615637,0.9292053387123143,1.0614552385657101,0.9756618166055823,0.027339478118821314,0.6307192411291945,0.120774424452218,0.41245666949433135,1.1377908916606378,-0.9756618166055823,-1.061455238565711,1.3850658500071569,-0.7848207026180125,0.8459169806481733,-0.09565426316663046,0.47867119015075044,1.9598298722372534,0.4323198869208419,-0.04256332662598434,0.9459245538203791,-0.08200549336504998,0.4275877563966659,-0.3871364805165972,-0.2699405414371327,-0.093098282374475,0.37938770007212164,-1.5241547677521787,-1.378017789531564,0.16231986177126023,0
-0.5348014154856993,1.7790092647781635,1.7280720791585935,-1.6014324776621007,1,0,0,1,0,0,-0.7479204827314877,1.7472532791175652,0.6873145279526244,-0.5517954745687877,1.8647111901459548,1.7701991880619712,1.1156408262517983,-1.1322835520074013,1.4282602880166881,0.9093798645361921,1.8586320154123877,2.0341725074326154,-1.3557003668828154,0.5496043802446285,-1.0334319221612913,1.1306783359145598,0.5313874315034753,1.2517749431351415,1.2104470415403286,1.573862047610503,-1.002167505662463,0.5188252962546228,-0.8162569753305868,-0.7015988478493025,-1.194198054584274,-1.5738620476105036,-1.2104470415403292,0.18740776423728422,-1.1600669447440433,-1.0008977270216337,-0.3411437725651945,-0.11871861809024475,-0.9386295579527137,-1.1173050988595852,-1.592872065108806,-0.9764194483286528,-1.053465220782544,0.12408133374116129,-0.9071598159022387,-1.1386807229918314,-1.2946394109712458,-0.6040308649486834,-0.6186874509066087,0.1250502895462747,-0.7036964187794109,1
0.05630461873076867,-1.0812127580541053,-0.15484123025532542,2.505177183685348,1,0,0,1,0,0,-0.7100636717190902,0.857600999230538,-0.5536240695330674,-0.017123194752077124,0.5650010954954711,0.6727883142798113,-0.5559782865246464,-1.5784000607841622,-0.45032500812986825,0.48079238262368357,0.7507884812151,-0.4589973976453366,-0.2744897055550332,0.5024588345403362,-0.7466932806848312,-0.45371782317749876,1.3059415959861307,1.3456295542691996,0.2654778184316193,-0.8893153741744672,1.2751522886054791,1.4183826814353615,0.15966671617727904,0.6454298408169414,0.3376835580328173,0.8893153741744672,-0.26547781843162,0.24311279148239442,-0.8598699510432187,-0.7006766169078218,-0.806281790372998,-0.3064697006802721,0.19555021907814235,-0.38327221085833024,-0.5408768497097485,-0.046252995675895824,1.5555980471387252,1.793366658346437,0.9357298989731951,0.8840576101803024,1.1253659607095745,0.31594134103852145,0.5337254978059351,0.1250502895462747,0.5953280020465953,1
0.05630461873076867,1.3151894772918502,2.452269505856255,-0.13478617003801185,1,0,0,0,1,0,-0.36935237260751347,-0.203585543771962,-0.13144908275958464,-0.3533186434247058,0.2731635403268411,0.11648060157198462,1.3991482968875721,0.3910630940649533,0.4239115385314649,0.7331991790504606,1.0182865383172146,0.7024935547712804,-0.2545260254679813,0.6178563961182865,-0.9555785783606221,2.1336248024804054,0.2911374142464503,1.0470957507652474,0.1590389773671773,0.8003845014165709,-1.3281949348465594,-1.494024011866781,1.5645858862081565,-0.7018179125246418,-0.30153717140689695,-0.8003845014165709,-0.15903897736717798,0.8558680911786088,-0.7097714541928067,0.8732098088403377,1.971625815979166,2.0318846915773383,-0.7180946013078251,-0.22015379130249568,-0.319404172783631,1.2559800380379649,-1.3310251429018278,-1.5452039908641146,-1.0440080620563552,-0.1921429132382052,-0.44848368660732285,-1.7143421480366898,-1.1125787146405561,-0.9326642846196119,-1.0748462533011267,1
-0.5091011531284612,0.6452275620338409,0.5693561964423357,0.5985369837740325,1,0,0,1,0,0,0.009215737516460692,-0.407100771197099,-0.6047967952025805,0.2108647687195506,-0.8071309562981465,-0.4760497194391653,0.9570503685226577,0.4648522474657427,0.7721494854134942,0.43593080010636076,0.6413661907448547,0.32762016169704394,-0.5997078150354449,1.1690022334408607,0.3091441363372097,1.1061652562568276,1.1767140255152224,1.2143575886501468,0.594470599903532,-0.14275387761029457,-0.16274857689891775,-0.32833048876779497,0.056035190646345885,0.5778950977954267,0.35177637029430825,0.14275387761029457,-0.5944705999035328,0.577342954953057,-0.18442671521636386,-1.2829236183406676,-0.6124742829530796,-0.15285517856115927,-1.5687294340809674,-1.1173050988595852,-1.4267675574142176,-1.2244638357027204,0.0012624832707351544,-0.1035484832504671,0.7167727051266096,0.6376984542170299,0.854596128913119,0.3476645205553221,0.28677986593896093,0.23638866577426285,0.904619530814692,1
0.3647077670176212,1.4182605411776974,-0.4445202009343899,-0.8681093238500562,1,0,0,1,0,0,-0.6091121756860305,0.2964804436155174,0.39307135535292426,-0.49798105679502797,1.104213677733934,0.6128644931360422,0.5598230519865401,-0.4145956198073805,0.8151899468779522,0.04084377860595822,0.4884418880161587,0.3754988454256838,-0.32737453084102247,0.10503344198471587,-0.9310691883470106,-0.28435528115647185,-0.19503239019754096,0.03009402211799489,0.4513710056427588,0.06447137185505257,-0.6734994037315339,-0.3636791742408633,-1.4001416008505183,-0.24856808945091668,-0.6056174210616645,-0.06447137185505188,-0.4513710056427595,0.38237535959517033,-0.6347222057676005,1.1097476531724306,0.7700192699756713,0.6493539925053206,1.2667200084961745,0.2692014673650073,0.06817301183707392,0.8839134569768611,-0.49834537654397587,-0.1035484832504671,0.8444977348704508,-0.08841274230630035,-0.1777138548108673,1.5214221626769286,0.28677986593896093,0.3477270420022505,0.47161139053935697,1
-1.1259074497021662,0.33601437037629844,1.4383931084795292,0.3052077222492148,1,0,0,1,0,0,-0.6217311126901629,0.37497917419378457,-0.7583149722111197,1.3074058620665923,-0.5074907358040941,-0.7220057017456804,1.3389232109070828,1.6485908219733894,-0.4581929460075176,1.1214637137642847,0.8716483777368037,-0.6403587351647625,-1.030708924072696,2.7904873368391314,0.7669522194602023,0.4993010444999869,2.3412692547160785,2.3529604664430352,0.8063022000563537,-1.6730536447424134,0.9264167498892162,-1.49442674382942,1.1281145040601517,0.8065373888759769,1.1640223480090808,1.6730536447424134,-0.8063022000563543,2.7219865038898057,0.7912135143113154,0.19998671343360988,0.4340862571144791,1.4174266031008858,0.1325402314653172,-1.4435419379712537,-1.814344742034923,0.7598912632898273,1.2502821328075124,-1.2416975682086098,1.099947794358136,1.5972025353371444,1.9038292271243826,0.15732544345452057,0.5337254978059351,-0.2089648391376897,1.0283361423219313,0
-0.5348014154856993,2.165525754350092,1.7280720791585935,0.3052077222492148,1,0,0,1,0,0,-0.7479204827314877,1.7472532791175652,-0.6175899766199587,0.265836485800273,0.6460087435515047,1.138315909881779,0.5521778632787037,-0.96603190153312,0.9509982997787135,0.3384247857255963,0.20277717552648364,1.546839600069428,0.23908742663307533,0.9332373020351817,-0.704556201282237,1.1816146053332237,0.6906200547166254,1.2996861248141385,0.9953441571592244,1.122534507594003,0.16466295580524853,0.6201001660683492,-0.11263781054736484,0.22761697212393844,1.0052702781105656,-1.122534507594003,-0.9953441571592251,0.438080386840281,-0.9349191994684248,-1.1646546961746211,-0.4703487775118068,-0.18699173903207253,-1.1591645145976028,-1.1173050988595852,-1.5375038958772762,-1.0384305451721696,0.19555442875423396,0.6552175733882943,0.19674936974096682,0.10608132819102022,0.19459466390925928,1.0772976494417266,-1.5241547677521787,-1.32234860141757,0.5953280020465953,1
0.05630461873076867,0.23294330649045036,-0.15484123025532542,1.478524768348486,1,0,0,1,0,0,-0.7100636717190902,0.857600999230538,-0.7839013350458762,1.932347487826384,-0.34756481593456856,-0.833803875521369,0.228750475948982,0.001538545705001124,-0.45673650456040354,0.09584667120482583,0.3828521880258724,-0.5068076238693334,-0.2514932500958107,0.4068567439998688,-0.5762120695238777,-0.31591896457022617,1.1607139581595662,1.3984959662448944,0.46715141202740545,-1.154540235155578,0.08844335954682794,-0.5793483042657563,0.3069060102132684,1.021461422640645,0.8676325208958808,1.154540235155578,-0.4671514120274062,-0.007559831120602114,-0.8598699510432187,-1.264728399545891,-1.2068173057074962,-0.767313267037611,-0.24551969421163483,-0.46483142063624716,-0.7069813574043363,-0.6663639641110671,0.05677446769459199,-0.5588081172337243,-0.058700689746716966,0.10608132819102022,0.5161338391675497,-0.2550758902638815,0.36909507656128593,-0.15329565102369538,-0.1469716669968365,0
0.4161082917320974,0.05256894469021735,-0.4445202009343899,2.505177183685348,1,0,0,1,0,0,-0.6722068607066928,0.5726796808353461,-0.38731271110714993,-0.19997648525216433,0.6772372309219279,0.594976785331932,-0.6281283727263889,0.819929419996848,-1.607990394820082,-1.0403484267541263,-1.380564499318967,0.1516047892705249,1.4820146284927638,-0.3426471627183371,0.4021317322202826,-0.17359650205281218,-1.0596090318105351,-0.781368497485206,-0.01835909107355938,0.22497917377587734,0.5310587849161963,-0.7225321191887314,2.0237289947359125,0.3547534291981792,1.0319472068366193,-0.22497917377587734,0.01835909107355796,-0.5089050763265954,0.04072103005925432,-0.8735311954581982,-0.8192022908676594,-1.1428154322176651,-0.4660546508565234,0.10608304780917345,0.12354118106860354,-1.1004416420156866,0.6396503041450882,-0.5588081172337243,0.4978155112800227,1.5323711785047043,1.6161362808406496,-0.857816301083085,-0.8656330827735822,-0.8769950965056176,0.904619530814692,0
0.05630461873076867,-0.514321906681944,-0.15484123025532542,0.5985369837740325,0,1,0,1,0,0,-0.7731583567397526,2.732848451933586,-0.0035172685858019803,-0.4025038639706153,1.69709691499192,2.4128150909246298,-1.4469461392780625,-1.1468695493259564,0.40669243629809054,-1.2160510642264464,-0.5046506721045002,0.9163459897848625,0.7988046938412076,-1.0895815343210595,-1.1795059158435013,1.421719362817727,-0.23953051325451763,0.5295929364643428,1.4117422606640757,-0.15036214763897582,0.923316798294578,0.39251131513256615,0.8727286648423992,1.4052921780132825,1.1731150150456764,0.15036214763897582,-1.4117422606640766,-1.0659553487776992,-1.1600669447440433,-0.3458698504096825,0.4082452561251572,0.2909201075607231,-0.8126095827270634,0.35076067714292497,-0.26403600355210183,-0.4803306735805153,0.4731143508735179,-0.02767187758659086,-1.0348848456460813,-0.4903671546674297,0.05920974801103089,-1.397110352868688,-1.1948939252628807,-1.378017789531564,-0.8274130302866491,1
0.05630461873076867,0.23294330649045036,2.452269505856255,1.478524768348486,1,0,0,1,0,0,-0.36935237260751347,-0.203585543771962,-0.7839013350458762,1.932347487826384,-1.2088104254553331,-1.649930544083896,0.2290538968095123,0.0735727265793933,0.9877151724734243,-0.4964173019649319,0.1713054082543774,-1.6095650962465713,-1.211465555940179,0.5865560151166946,-0.3935990099732975,1.5582824554537584,0.2949283177010009,0.9878618575728357,-0.5609884768922861,-1.6388732784554128,0.26757483982218516,-0.49527972390240593,0.21568385811860072,0.9630736200600812,0.7417494116323017,1.6388732784554128,0.5609884768922854,0.49378541408539117,-0.40957446049198204,-0.1457224436671417,0.6666552660183818,0.76883195415352,-0.8126095827270634,-1.1173050988595852,-1.0391903727935126,0.38782468222872474,0.1400424443303771,-0.5588081172337243,-0.350643614875499,-0.1921429132382052,0.19459466390925928,-0.44541496736468245,0.9453015509175579,0.18071947766026855,-0.45626319576493324,0
-0.2006980048416086,-0.5400896726534062,0.27967722576327125,1.7718540298733036,1,0,0,1,0,0,-0.8236341047562825,6.904910614148894,-0.7711081536284979,1.7413931021775588,1.269648225209414,3.9645737429311882,-0.3987603987572979,0.07159411462602538,0.011857708021369944,0.46406713649317594,0.5466968146351396,-0.048038782910214746,-0.528752448577553,0.00783954407461264,-0.8390200705871718,0.810761872584829,1.4457062026706273,1.9789064468763227,0.9573302853504951,-1.0149876916124754,0.5623192214452297,-0.9387770573559059,0.7985276082700518,0.8066127608282866,1.2212843484581435,1.0149876916124754,-0.9573302853504958,-0.2582324537235989,-1.009968447893631,-1.028190555213798,-0.5091102789957901,0.0519641842643253,-0.7180946013078251,-1.6882195673050053,-2.0911855881925696,-0.6043528672675491,0.19555442875423396,-1.0899443568808573,-0.998391980004983,-0.4903671546674297,-0.1607907403235886,-0.857816301083085,-1.1125787146405561,-1.545025353873546,-0.8892713360402683,0
0.05630461873076867,0.23294330649045036,-0.15484123025532542,1.478524768348486,0,1,0,1,0,0,-0.7731583567397526,2.732848451933586,-0.7839013350458762,1.932347487826384,0.1087181397804516,0.6083925661850147,-1.181028667596448,-0.16787895602217154,1.0204285607849077,-0.7996444005393999,-0.29635262214783226,-0.7266287709329865,-0.5214355556889431,-1.349831669681221,-0.9658834093203433,1.4879933662886144,0.22046176744812315,0.8433986405001289,1.2994551316290586,-2.279818757440177,0.2935132119542407,-0.7371816603017808,0.10032980443475521,1.2988741111332085,1.2086875411706344,2.279818757440177,-1.2994551316290595,-1.3723329986258064,-1.1600669447440433,-1.264728399545891,-0.43158727602782254,-0.32353798091572933,-1.5057194464681423,-0.6279498401920818,-1.149926711256571,-1.1624527388592034,0.05677446769459199,-0.8623145398892288,-0.7246954876967501,-0.5681647828663581,-0.0592520533999176,-0.4136917878478824,0.5337254978059351,-0.4316415915936655,-0.8892713360402683,1
0.8530127518051386,0.28447883843337485,1.0038746524609323,1.478524768348486,0,1,0,1,0,0,0.009215737516460692,-0.40477488288366886,-0.041896812837936774,-0.37704327921743863,-0.04145534753102139,-0.019913170434355545,1.9884181299964547,-0.4045102473503236,1.588659844738369,1.7196386745799679,1.646695174895612,0.2892052820966333,-1.7534698609498474,2.5447642948088,-0.6062413535979988,1.2654232769229419,1.5776665312757217,1.3579800206591495,0.4251360800282837,-0.027203276549727037,-0.22224531389433036,-0.052116270351536126,-0.9001228718252317,-0.7587337814447767,-0.8149811950400533,0.027203276549727737,-0.4251360800282844,2.387756340419144,-0.5596729573423944,0.02713213488323473,0.6795757665130432,1.349153482159058,-1.1276595207911904,-0.9541866793037505,-1.2052948804881005,0.3258135853852078,-0.3040534310604773,-0.17942508891434333,-0.39625969692687113,-0.7756251247301669,-0.9900233502002335,0.2207718024881207,0.5337254978059351,0.5704037944582268,-0.7036964187794109,0
-0.020796168340944693,-0.41125084279609675,-0.4445202009343899,-0.4281154315628296,1,0,0,1,0,0,-0.05387894750420167,-0.37395686273071954,-0.19541498984647596,-0.3388524020876736,-0.12708478431021292,-0.025726675470691355,1.2115476281667505,0.1398211419642576,-1.2169828142432837,1.0617625299158098,0.5099916130053039,0.36065169183326684,-0.06966769459804124,0.3730706648821639,-0.44793675282386336,0.09704473525596571,-0.243550659856077,-0.4119018564252936,-0.7497849732599842,1.2355135006620177,-1.3119186567124757,-0.6406421110328854,1.7611768762098365,-1.675873343947565,-1.065156066846354,-1.2355135006620177,0.7497849732599834,0.18740776423728422,-0.5596729573423944,-0.5187244289600577,-0.39282577454383927,-0.4600842227993849,-0.655084613695,-0.5463906304141645,-0.26403600355210183,-0.5423417704240322,-1.1644891896302574,-0.4070549059059717,0.7806352199985308,1.6620338921695847,0.7192112130148905,-0.794369942049485,-0.20711139779498602,0.45906541823023866,0.7190446135538346,1
0.33900750466038404,-0.5400896726534062,0.27967722576327125,1.0385308760612593,0,1,0,1,0,0,-0.34411449859924853,-0.21986676196597296,0.44424408102243734,-0.5037675533298408,0.6215750338892285,0.2202293068358237,-0.27332822215101144,1.014623259908925,0.12415844843854429,0.25750551242527875,0.26357551193959927,-0.06742384329761954,-0.3980805741565683,-0.14927410508779476,0.2559387928756292,-0.39614245849208335,-0.28644503896423334,-0.585368486125093,-0.2249492467260648,0.13114384342216265,0.23091661948704278,-1.136208401885552,-0.5678137252996198,-0.6319073317159097,-0.9141594683565784,-0.13114384342216265,0.22494924672606412,-0.17467491285593337,0.19081952690966666,-0.11842961547497735,-0.3023822710812103,-0.3918111018575571,-0.08799472517957138,0.35076067714292497,0.5111183656893089,-0.10826409251941274,0.3898463742377325,-0.9381911455531051,0.6711566230752374,0.2487103132223888,-0.025405824425361403,0.5380035976561225,0.9453015509175579,1.127095675598167,0.038603250264021984,1
-0.3291993166277972,0.9544407536913834,-1.6032360836506476,-0.13478617003801185,1,0,0,1,0,0,0.551830028694157,-0.5373505167491867,0.047655457083711085,-0.4181274046146101,-0.29949403763440235,-0.09012242356548801,-0.5898694636401529,-0.9983634525888494,0.1418469737653341,-1.0022685240520153,-0.8516770088879757,-0.2963968152795985,1.023408367309138,-0.7865790487973642,-0.6010295407846791,0.30443787417886303,-0.9063229220770221,-0.735608517948741,-0.3979084468072301,-0.009609152108405178,0.03428733062637099,0.7681869703783921,0.11202113863413561,0.45530581983370205,0.3890432800612081,0.009609152108405178,0.39790844680722937,-0.7874302125521474,-0.6347222057676005,-0.2912841940253525,-0.09565426316663046,-0.4430159425639276,-0.49755964466293656,0.5954383064766764,0.8986955503100138,0.07776919801113909,-0.19302946221276363,0.35171115073279,-0.8524205174405927,-0.671894953798262,-0.4654068010946016,-0.667477223982284,-0.7833178721512579,-0.8769950965056176,-0.8892713360402683,0
0.6217103905899984,1.572867137006469,1.0038746524609323,-0.13478617003801185,1,0,0,1,0,0,0.47611640666936217,-0.5292099076521812,-0.1826218084290977,-0.3411670007015987,-0.45504394044325147,-0.14333835428271582,-0.6016075690613072,-0.7333566533160933,0.982403217283984,-0.07223964888865973,0.2537139965236186,-0.1364962425841429,-0.5258165192692094,-0.5950625114373276,-1.3229007262288364,0.6078722663165174,0.07314434782304709,0.06601872641344227,-0.16027754582615011,-0.027203276549727037,0.24197051951127596,-0.3186978850839357,-0.7321251040595826,0.17011978835884412,-0.2653861845282199,0.027203276549727737,0.16027754582614942,-0.7317251853070371,-1.3852146900196616,-0.9554096800346926,-0.5349512799851129,-0.47715250303484213,-1.1591645145976028,-0.5463906304141645,-0.5408768497097485,-1.1624527388592034,0.11228645211844858,-0.4070549059059717,-0.3688900476960481,-0.671894953798262,-0.5669454880182719,-0.0012904541294803558,0.5337254978059351,0.5704037944582268,-0.2706882785040748,0
0.8016122270906633,-0.35971531085317227,-0.8790386569529866,0.3052077222492148,1,0,0,0,1,0,0.40040278464456736,-0.500717775812662,-0.08027635709007157,-0.36778488476173804,-0.3233849732856405,-0.10085504824795413,0.1332419468541325,-0.3008439956015433,0.5677294542586998,-0.8217813608142339,-0.8384510539108946,-0.8787208521347323,0.06752496441564598,-0.7011222196628958,-0.8638524735519094,0.4579041522884405,-1.2498811030200716,-1.412995781498575,-0.3471945350124867,-0.8541271252918234,-0.8858292313853275,-0.4524706190144507,-0.3159556700791611,-0.1291871048686483,-0.28948792928647865,0.8541271252918234,0.347194535012486,-0.8152827261747027,-1.009968447893631,-0.9372144612399159,-0.5866332819637576,-1.0062691903340089,-1.3796994712424915,0.4323198869208419,0.6772228733838963,-0.8523972546416179,-0.7481493064513315,-0.2553016945782196,0.6255405410238652,0.35244048415429274,0.27921023634565156,0.5380035976561225,1.5215080252738291,1.127095675598167,-0.023255055489598248,0
-0.12359721776989524,0.0783367106616796,0.27967722576327125,-0.8681093238500562,1,0,0,1,0,0,0.19849979257844777,-0.46582945111120994,0.27793272259651985,-0.4667339755070384,0.04262419415668925,0.002446464320782188,0.5166222505187981,0.10728548864187473,0.8944368288593495,0.4669085822920611,0.46798224809363564,-0.5240198194333857,-0.8011244490828929,-0.4090527143402585,0.030267425897867007,0.6293647026183434,-0.5318266777370918,-0.7907116506287367,-0.8822105547849753,0.16026515284228104,-1.127096467774032,-0.11693145727659025,-0.5902742784309708,-1.158113602135473,-1.3803758697077884,-0.16026515284228104,0.8822105547849747,-0.06326485836571254,0.5660657690356972,1.6465066076183352,1.790738809053908,1.434494883336343,0.038025250046078915,0.5954383064766764,1.2309045656991897,1.5040244254120325,-1.0812212129944723,-0.17942508891434333,-0.21379536872138252,-0.47740088330094144,-0.8715615487892844,-0.15990635171348128,0.7806711296729086,0.9600881112561845,-0.76555472453303,0
-0.4320003660567478,1.4440283071491598,-0.8790386569529866,-2.6280848929989626,1,0,0,1,0,0,0.3751649106363024,-0.4954845271074442,0.9943508819697028,-0.5894077020450715,0.2601640118873988,0.07444448823232569,0.4026387360282787,0.4123313880237741,0.028937567656741027,-0.430345458867115,-0.04381258949857275,-0.6674376698809334,-0.2513457100439282,-1.1481399613470014,0.9071038330616283,-1.1171254459320514,-1.1829382081643096,-1.2867026447975725,-1.0210438257385965,0.10235345797273021,-1.7070868850183156,0.3427789365947461,-1.162161962395431,-0.5916123264433834,-1.199256184183993,-0.10235345797273021,1.0210438257385956,-1.038102835155144,1.0163612595869336,0.40923172957353837,-0.26362076959722697,-0.6990401460957827,0.8886600828192224,0.5138790966987595,1.2309045656991897,0.2638024885416898,-1.6085850650211115,0.19995793940503753,-0.31415074923440073,-0.840456481562607,-0.9900233502002335,0.030432725387320277,0.8629863402952329,1.0157572993701793,-0.5799798072721716,0
-1.100207187344929,-0.1535731830814779,-0.8790386569529866,0.5985369837740325,1,0,0,1,0,0,-0.24316300256618875,-0.32976498477554694,-0.2210013526812325,-0.33595915382026714,0.029431188507614895,0.006024005881604224,-0.9001182470107767,1.9065785993872386,0.11234042615824,-1.2152798572952466,-0.633090442828732,-1.1571937206797478,-0.14209536914088836,-0.9858817670777635,2.332183772545547,0.11916579379137879,-1.1240812895430015,-1.0228877745418723,-1.6200102232813596,0.02843219803499119,0.2665548884025138,-0.28050845548636044,-0.03382299552987408,0.5271449190865047,-0.17560224099670282,-0.02843219803499119,1.6200102232813582,-1.0102503215325889,1.7668537438389946,-0.6369933511261053,-0.4832692780064673,-0.8697229484503528,-0.6865896075014126,-0.709509049969999,0.012804842605544792,-0.5423417704240322,0.029018475482663446,-0.482931511569848,-0.7429419205172992,-0.6459624110652865,-0.4146374576327655,-1.016432198667086,0.2044646553166367,0.23638866577426285,-0.45626319576493324,1
-0.9460056132015023,-1.0554449920826439,0.27967722576327125,1.0385308760612593,1,0,0,1,0,0,0.3246891626197725,-0.4797847809917908,0.9815577005523245,-0.5870931034311464,0.28362446444522954,0.08472992021968904,-1.4606255767239464,1.6882321210273965,-0.9174368013131918,-1.15775010997703,-1.0014220816894943,0.01862952309403173,1.1126535903007015,0.4662872382032973,1.3274052786045407,-1.3895610015655684,-0.1730620063549558,-0.4991826670829279,0.4407888507730546,-0.41176056791003435,2.496944134321296,-0.9873860994909704,-0.14220795611135972,1.3924403837266641,0.8145430354250892,0.41176056791003435,-0.4407888507730553,1.050835686536495,2.2171492343902317,2.0195085929112513,0.795860270964994,0.683490552976235,2.558424754559094,1.9003856629233515,1.784586258014483,1.3800022317249987,1.8609139614699375,-1.0899443568808573,-0.8068044353892204,-0.7496925819971905,-0.21156008378542468,-0.667477223982284,-0.5363722402842841,-0.7656567202776299,-0.5799798072721716,1
0.4932090788038099,1.109047349520155,-0.15484123025532542,0.5985369837740325,1,0,0,1,0,0,1.5487260520206223,-0.6687632064579894,0.34189862968341117,-0.48351481545799574,-0.4710751267850541,-0.14065519811209928,0.8401762015458185,-0.47905958141652893,-0.556607357242472,0.20648612008549222,0.3784868028985868,1.2686164822363206,0.589736888746673,0.6544681256208842,-0.5258327502154867,-0.3803385132853965,-0.5956977326315244,-0.7597263522812615,-0.31993580742281313,2.047550013338383,-0.5143486206482057,0.13075660393904848,0.3786973776618742,-0.8696331014457027,-1.233776294791106,-2.047550013338382,0.3199358074228124,0.32667033235006016,-0.7097714541928067,-0.8371407578686448,-0.8838047933409655,-1.040405750804923,-0.5605696322757617,0.35076067714292497,0.5664865349208381,-0.9144083514851348,-0.5261013687559044,0.04820472807728505,-0.2046721523111086,0.015317428625603584,-0.33002188519637315,-1.016432198667086,-0.6186874509066087,0.45906541823023866,0.16231986177126023,0
0.5189093411610479,0.7225308599482267,-1.168717627632051,-0.13478617003801185,1,0,0,0,1,0,0.21111872958258027,-0.4681553394246401,-0.09306953850744984,-0.36141973857344384,-0.22490831085340188,-0.08073137696833017,0.12997762662242893,0.32156690431832424,-0.4866438267670365,0.6912672940575938,0.6644374297711172,0.011772378960915231,-0.716606511729487,-0.683750596672517,-0.08796177636412267,-1.0530361009581166,-0.13305705863977177,-0.3260108031874378,-1.1234618125076608,1.1302918680335317,-0.8639325936323826,-0.5294788444884557,-0.3929413131932338,-1.065794619114767,-1.1820872966250726,-1.130291868033531,1.12346181250766,-0.6203151308168162,-0.03432821836595151,0.16359627584405784,-0.4186667755331612,-0.4430159425639276,0.8571550890128092,-0.8726274695258333,-0.4855086804782194,0.015758101167622184,-0.8869292675109735,-0.6346847228976005,-0.5239847266707137,-0.6329961396987983,-0.9731002357129547,-0.4136917878478824,-0.4540570296619595,0.06938110143228039,-0.7036964187794109,0
0.004904094016293398,0.28447883843337485,0.27967722576327125,-0.13478617003801185,1,0,0,1,0,0,-0.25578193957032125,-0.3140652386598935,-0.24658771551598904,-0.3313299565924168,0.01671604563373139,0.014520667088556562,-0.02094776811596436,-1.380220713900932,0.8514069192946998,0.6823120555275067,1.214675823826811,0.6386728351097924,-1.2973908232225764,0.07223595443481955,-1.7980535732543392,0.6773513650706497,0.4269525639883175,1.1432084137140233,0.6060821098378343,0.26996871572628706,0.10130569603144672,0.09314564718542195,-0.48322898259710845,-0.4984007139945544,-0.46301755236657216,-0.26996871572628706,-0.606082109837835,0.2152602778598393,-1.6103624352952797,0.6002815269186915,0.8863037744276221,1.0419244379208312,0.5736101447550955,-0.7910682597479163,-1.0945585420250417,0.8219023601333442,0.05677446769459199,0.04820472807728505,-0.10431677179808911,-0.3347718982695729,-0.4992530300691578,0.2524949820049213,0.03983423407198747,0.18071947766026855,-0.332546584257695,0
-0.3034990542705592,0.43908543426214564,-0.15484123025532542,-0.4281154315628296,1,0,0,1,0,0,0.1858808555743153,-0.45245559330898666,-0.16982862701171944,-0.34579619792944905,-0.278208395179635,-0.08073137696833017,-0.42135001979914904,-0.5768044798824081,-0.24603370668737587,-0.6385574407549636,-0.5925885069724082,-1.4144406026360312,-0.23721224146166722,-0.05518188201675763,-0.8951188807868535,-0.18833720327692766,-0.08561964675347492,-0.10163367398599395,-0.5252107151899512,-1.408230689975459,0.5307603730045859,-0.10502819427495139,0.14707559309693816,0.7777509300768862,0.6711685804002442,1.408230689975459,0.52521071518995055,-0.2582324537235989,-1.009968447893631,-0.8189455390738695,-0.7804407893836761,-0.767313267037611,-0.4660546508565234,-0.5463906304141645,-0.3747723420151606,-0.790386157798101,0.5563823275093027,-0.02767187758659086,0.23324223538206504,0.2746428559553643,0.5838262971166633,0.09387908442092041,1.1922471827845313,0.514734606344233,0.34789477903211874,0
1.341317736592655,-0.7462318004251005,-1.168717627632051,-0.7214446930876474,1,0,0,1,0,0,0.2363566035908452,-0.47106269981642773,0.12441454558798068,-0.4349082445655675,-0.0763679314187305,-0.026173868165794107,-0.11791207661023738,0.18696135931618377,-1.0114470817160226,0.05515139626239292,-0.2732294490560766,-0.3050291042612822,0.14532351763156512,0.2726265166631996,0.49455325918122855,-1.3355717554245545,0.6119671776753077,-0.19561234539739447,-0.7989105922128035,0.3763264807979944,0.4363648160143399,0.23882226534485054,0.040561232231016216,0.5323101995114147,0.16423428302195814,-0.3763264807979944,0.7989105922128035,0.5494904413305014,0.8662627627365218,1.0642596061854894,0.11107374474794844,0.3591932285025509,1.4557499713346498,0.10608304780917345,0.5664865349208381,1.3800022317249987,0.25106641317809053,0.04820472807728505,-0.47836864461934153,-0.38663698373552574,-0.1607907403235886,-0.6040308649486834,-0.5363722402842841,-0.4316415915936655,-0.332546584257695,0
-0.2263982671988458,-0.3339475448817109,1.4383931084795292,0.3052077222492148,1,0,0,0,1,0,0.021834674520593164,-0.4175672686075346,-0.34893316685501513,-0.25957739956073705,-0.3606004331411836,-0.12053152683247534,0.6114319093777695,0.049762513880007644,0.7977642168154131,1.1822283962357758,1.2240211010388742,0.6305500478013768,-1.0281484546876178,0.9412794596865631,-0.5864791452660639,2.0509790773899854,0.7433348624554464,1.5059780464748864,0.5061221547512287,0.3580292690535297,0.09030439146849302,-0.6558225450885524,0.970465767462611,-0.8600361670187697,-0.12099293142501726,-0.3580292690535297,-0.5061221547512293,0.8558680911786088,-0.5596729573423944,-0.04564874029587195,1.0155087793742343,1.3150169216881435,-1.0961545269847772,-1.0357458890816678,-1.3160312189511594,0.20179139169817292,-0.026493508941193386,-0.7105613285614767,-0.3871364805165972,0.14498014229048395,-0.21156008378542468,-0.5723076854318833,-0.28942660841731066,-0.15329565102369538,-0.2706882785040748,0
0.23620645523143258,-0.2824120129387873,-0.4445202009343899,-1.6014324776621007,1,0,0,0,1,0,0.12278617055365294,-0.4379187913500483,0.38027817393554597,-0.49161591060673376,0.1493049297992904,0.043140999575132864,-0.04779787162242848,-0.8277004889262628,0.6914605186406496,-0.04350890885630557,0.15263091309909785,-2.2029708079912456,-0.8801622552236813,-0.6830258582054146,-0.8827467229501549,1.1437388926770695,-0.43720105847652,-0.1287482467334995,-1.9141354642611406,-1.106173187055868,-0.6160072856504587,0.25172860812095704,0.20409759233587282,-0.3747433567176365,-0.32412526639743017,1.106173187055868,1.91413546426114,-0.7317251853070371,-0.9349191994684248,-0.5187244289600577,0.11107374474794844,-0.06751377738387422,-1.1276595207911904,-0.9541866793037505,-0.1532996650890431,-0.046252995675895824,-0.5261013687559044,0.35171115073279,0.33359761589508324,0.39133929825375646,0.2115177783965368,-0.0012904541294803558,1.439192814651505,0.9044189231421907,-0.20882997275045564,1
-0.1749977424843705,0.28447883843337485,0.27967722576327125,1.478524768348486,1,0,0,1,0,0,-0.8236341047562825,6.904910614148894,-0.041896812837936774,-0.37704327921743863,2.7263977579219802,5.601746199702373,-0.267580770067337,-0.7178008783885278,1.0900852374614574,1.0374256128226842,1.6265873954918935,0.255893770383984,-1.7622326424622257,-0.16483160462400687,-0.8390200705871718,0.6369951763071839,1.0095168714820286,1.4441940511730345,0.4783555005605047,-0.12541857881077315,0.20737977722803952,0.14469234411360177,-0.8500643170733313,-0.4004754248502389,-0.7046688764199696,0.12541857881077315,-0.4783555005605054,-0.3974950218363748,-1.009968447893631,-1.028190555213798,-0.5866332819637576,-0.18699173903207253,-0.7180946013078251,-1.3619827281933365,-1.648240234340335,-0.728375060954584,0.05677446769459199,-0.02767187758659086,-0.4601222117987924,-0.8015576674631424,-0.8884846632765624,-0.0012904541294803558,0.5337254978059351,0.514734606344233,-0.6418381130257917,1
-0.5605016778429365,1.3409572432633117,-0.8790386569529866,-1.161438585374874,1,0,0,1,0,0,-0.5586364276695006,0.13366826167540785,-0.3361399854376369,-0.2607346988676996,0.3984970479350915,0.30430153351514155,0.8652214923841598,0.3156361662265357,-2.187835548778764,1.4281843444097257,0.3808798739695462,-2.2127864540872046,-1.608868847164837,-0.08907910067880638,-0.3001948705013812,-1.3907500617069544,0.7526037748266531,0.14622283257069518,-1.5495845239304507,-1.4811177417461807,-1.2921183347978191,-0.733949175010686,1.5932747995144745,-1.183115890404203,-0.35240435407951115,1.4811177417461807,1.54958452393045,-0.2582324537235989,-0.4846237089171882,-0.7006766169078218,-1.2455788071914804,-0.9379960693921812,0.3215701943037938,-1.1988643086375024,-0.7069813574043363,-0.29429738304996345,-1.2200011740541141,-0.7105613285614767,-0.0951935553878152,0.7284623537824456,0.1607484349347019,-0.857816301083085,1.7684536571408034,1.0157572993701793,-0.76555472453303,1
2.1637261320242622,-0.2566442469673251,0.27967722576327125,0.5985369837740325,1,0,0,1,0,0,-0.6091121756860305,0.30229516439909276,0.08603500133584588,-0.4215993025354979,0.919302053907565,0.5583069843335061,0.030695432473479955,1.6356890885269908,0.034233323688879325,-0.18626608996800165,0.3997317053377999,-1.5684013710558424,-1.3069017173276118,0.12832373021369933,1.004954328496396,-0.34135875385156794,-0.004773002599638657,0.6298996690598403,-1.4375436385994584,-0.7133741297612541,0.08553681317308716,-1.2382934216685966,-0.38983072741393276,0.24690064298668887,0.09530363262928905,0.7133741297612541,1.4375436385994576,0.0759977097470634,0.8662627627365218,-0.13662483426975403,-0.28946177058654887,-0.27233314020935756,0.7941451013999841,-1.5251011477491712,-1.2052948804881005,0.139780294854656,-0.05424950115312168,-1.2416975682086098,-0.47836864461934153,-0.5940973255993336,-0.4654068010946016,-0.09645999267988113,0.6160407084282594,0.29205785388825667,-0.332546584257695,1
1.4184185236643685,0.43908543426214564,-0.8790386569529866,-0.4281154315628296,1,0,0,1,0,0,0.31207022561564,-0.4768774206000031,-0.6943490651242283,0.52044233333204,-1.2922481779456862,-0.7689609347314696,-0.10467169917168519,-0.27501613101796746,-0.9884966761998681,0.6439576169189484,0.1641722242470311,0.20656739213809608,-0.18994853490265656,-0.6499872398995467,-0.0418326836379485,-1.4718239532758932,-0.4206216098064687,-0.7824146164642853,0.3871222082195544,-0.1022098070627286,-0.5039110458516902,0.3355612065043407,-0.12773305968142992,-1.2870263839022769,-0.977307520343224,0.1022098070627286,-0.3871222082195551,-0.45320004908148526,0.26586877533487285,0.9641859028142197,-0.04397226118798574,-0.20406001926752979,1.6447799341731264,0.9216751455883455,0.7879592118469556,0.20179139169817292,-0.6093693453916895,0.04820472807728505,-0.7064490548762022,-0.6589286824317738,-1.0746389226366257,-0.4136917878478824,0.36909507656128593,0.3477270420022505,-0.9511296417938885,0
0.5703098658755232,0.3617821363477598,-0.8790386569529866,-1.6014324776621007,1,0,0,1,0,0,-0.7226826087232228,0.9797101356856202,0.764073616456894,-0.5651044165988575,1.7311349800195268,1.1901902625136986,1.4034242581152074,-0.7289684097540132,-0.7432228022022348,0.9553974964749858,0.8467366885156405,-0.5427221387516326,-1.2699497212567195,0.43469120359045554,-1.3839934959653084,-0.30112912434206873,-0.08155992817069545,-0.08706662841240893,-0.47521987007162214,-0.26889098598050765,-1.5171572652262002,-0.38592228267704726,0.7134047395399786,-1.371553809270503,-1.1858027813171925,0.26889098598050765,0.4752198700716215,0.35452284597261524,-1.3101654415944555,-0.1457224436671417,-0.2765412700918884,-0.2894014204448148,0.1325402314653172,-0.05703537174666111,0.17890935030013266,0.2638024885416898,-1.4142931195376127,-0.3311783002420958,0.11464042204849642,0.4691369264526849,-0.14386762583630988,-0.667477223982284,1.439192814651505,1.4054416161681371,-0.45626319576493324,1
-0.1749977424843705,1.6244026689493918,-1.168717627632051,0.5985369837740325,1,0,0,0,1,0,-0.38197130961164594,-0.1832340210294483,-0.029103631420558513,-0.37762192887091994,0.37765514928041044,0.15091443909489674,-1.1383729072578712,-0.35682037549995066,-0.31007586204036797,-1.9378174622538118,-2.1262665736315594,-0.4412128679293414,2.3952021485232784,-0.8193638430078501,0.08144840685887463,-0.3893210692784154,-1.3766101560770785,-1.6134717056907764,0.11253657107688624,-0.7133741297612556,0.7642365409473991,0.5713403894576065,0.0326539623680337,1.2528433078547698,1.189009597856876,0.7133741297612556,-0.11253657107688694,-0.7874302125521474,0.04072103005925432,-0.09113678728281299,-0.2765412700918884,-0.7843815472730677,-0.2770246880180474,1.7372672433675176,1.839954427246013,-0.4183195767369984,0.41760236644966076,0.19995793940503753,-0.8250508682097696,-0.6848612251647502,-0.194636969298146,-0.4136917878478824,-0.8656330827735822,-1.211010225189582,-0.5799798072721716,1
1.572620097807795,-0.12780541711001567,-0.15484123025532542,0.3052077222492148,1,0,0,1,0,0,-0.16744938054139394,-0.3454647308912004,-0.5408308881156891,-0.040269180891328665,-0.5059400232908509,-0.23456566408367777,-0.27739597629415796,-1.29870256879795,-1.1538796553350847,-1.2304462694326228,-1.0051566683565416,0.17387418622963247,1.625871688128198,0.07741710767798764,-0.4182372020388245,-1.0878634304782904,-0.33636697098392077,-0.5079097142569095,0.49988245718027835,-0.25863368266248993,0.46308011941768806,1.363529185129954,0.48419430955894205,1.3287177976978526,0.8108779180137488,0.2586336826624906,-0.499882457180279,0.04814519612450831,-0.40957446049198204,-0.06384395909064733,-0.6124742829530796,-0.6990401460957827,0.6681251261743327,1.247911984700014,1.0648000580046022,-0.23228628620644656,0.8339422496285867,1.9451198696741894,1.3553978538458196,1.4416072789392878,2.005367914048054,0.15732544345452057,-0.12479618717266176,-0.26463402725168356,1.770635811365363,1
1.3156174742354179,-0.8493028643109486,1.7280720791585935,-1.161438585374874,1,0,0,1,0,0,-0.11697363252486404,-0.355931228301636,-0.6687627022894718,0.42496514050762735,-0.8901006837723789,-0.6021580594581422,0.05711481491739006,-0.9328802394797346,1.1518873680012878,-1.2383956023998217,-1.213047676668309,0.49119574912983155,1.8179242904736248,-0.7910302574284404,-1.6222210798051557,2.2800531854331587,-2.1462291469825656,-1.4333465469277014,-0.5702641928891875,1.2355135006620177,-0.8698076532686615,-0.3446980608398156,0.7165649433563585,-0.45517151899405967,0.17763746504274644,-1.2355135006620177,0.5702641928891868,-0.8709877534198129,-1.6103624352952797,-0.8189455390738695,0.3565632541465125,-0.5624939042121272,-1.9782943535643327,0.2692014673650073,0.6218547041523672,-1.1624527388592034,-1.0812212129944723,-0.8623145398892288,-1.883343971801603,-1.3202085221226638,-1.3792549834076382,-1.4288335323854886,-1.853415610241477,-1.712032918215528,-1.940862533851798,0
-0.35489957898503444,0.6194597960623787,0.27967722576327125,-0.13478617003801185,0,1,0,1,0,0,-0.06649788450833415,-0.37221244649564694,-0.68155588370685,0.4538976231816918,-0.9801631810281827,-0.637039089676157,0.14930407337455123,-0.044503986207231526,-1.1554558168862754,1.0202092486680607,0.8259307694916915,1.456163307794985,-0.060729022199526556,-1.0078441438998813,-0.49152103011443204,-0.3379144118348572,-0.09510341557390004,-4.547763090109165e-4,1.0187373090415208,0.9756618166055823,-1.214636942010884,-0.43131186015756934,1.2399754141301516,-1.4725397954507364,-1.0741944516462778,-0.9756618166055823,-1.0187373090415215,-0.9266927806649233,-0.40957446049198204,0.1908891040362222,-0.018131260198663828,-0.05044549714841698,0.5106001571422693,0.9216751455883455,0.4557501964577793,-0.4183195767369984,-1.2200011740541141,-0.6346847228976005,-0.8341740846200435,-0.1402778277722523,-0.7023304039164997,-1.4605567119022886,-0.20711139779498602,0.29205785388825667,-0.8274130302866491,1
1.2128164248064663,1.7274737328352407,-0.15484123025532542,-0.13478617003801185,1,0,0,1,0,0,-0.4955417426488382,-0.09892056966760585,0.35469181110078946,-0.4846721147649583,0.8168390356424519,0.29848802847880573,0.19775832182592532,0.1172073066098539,0.8449105577484165,-0.7118187705890778,-0.2910608846742656,0.5261498709089052,0.3775113474530438,0.14387839318297865,-0.11942540479891982,0.5592963376313969,-0.2938760877367138,-0.16384140370623732,0.33216239355632987,0.38817105265189955,-0.13122616526922692,-0.28050845548636044,-0.5929821561269444,0.6702187382896371,0.21843416348674327,-0.38817105265189955,-0.3321623935563306,0.1317027369921738,-0.10937746679115769,0.018034525485845748,0.3048812521678669,0.17144214591252482,-0.43454965705011084,0.8401159358104279,0.7325910426154264,0.07776919801113909,-0.3040534310604773,-0.482931511569848,-0.7429419205172992,-0.9052878383950472,-0.6177148314801074,-0.28679906978068154,-0.20711139779498602,-0.04195727479570725,-0.45626319576493324,0
1.3670179989498932,0.10410447663314094,-0.4445202009343899,0.5985369837740325,0,1,0,1,0,0,-0.3062576875868511,-0.27045483278307847,-0.4128990739419065,-0.1797237473803192,-0.13131809251672383,-0.06910436689565855,0.011840734487576098,-0.16152856598489282,0.56056079926867,0.2376359901427457,0.3638253969127913,0.7409183753495578,-0.4509595242026984,-0.5303851793343567,-0.3257090653690065,1.243176692814915,-0.008698663079773478,0.670638758508139,1.179804912165518,-0.1595918522639314,-0.5464194513933581,-0.10458516552559266,0.4829672932775735,-0.3296563370942597,0.1817573837537974,0.1595918522639314,-1.179804912165519,-0.4253475354589299,-0.18442671521636386,0.427426948368315,1.0413497803635572,0.9907195972144606,-0.2140147004052217,0.02452383803125581,-0.4855086804782194,0.3258135853852078,-0.6926373220274746,-0.4070549059059717,-0.97102233077416,-0.6070635969658218,-0.685407289429221,-0.6992004034990842,-0.37174181903963527,-0.48731077970765985,-0.9511296417938885,1
0.05630461873076867,1.4440283071491598,-0.15484123025532542,-2.6280848929989626,1,0,0,1,0,0,-0.7100636717190902,0.9041187654991407,0.9943508819697028,-0.5894077020450715,1.7490309951810465,1.1508373053446561,1.4832658215336958,-0.8480300408489273,0.6319059619949947,1.1144719789327917,1.6304016868042037,0.40178750349981446,-1.2248804835741218,0.42342457151432006,-0.7736074043280377,-0.33738747299003247,0.897676671744175,0.9791394857777438,0.3041828515459622,0.2463053852199044,-1.6394363887385568,0.3889649296602986,-1.2028784918533206,-0.6154589224387618,-1.1636629095165483,-0.24630538521990367,-0.3041828515459622,-0.09111737198826762,-1.0850176963188372,-1.583144728454478,-1.4781478160953823,-1.1257471519822078,-0.655084613695,-0.6279498401920818,-0.8177176958673952,-1.2244638357027204,-1.5530730805972546,0.19995793940503753,-0.42362934615769415,-0.944186652494511,-1.0915620371239039,0.030432725387320277,0.7806711296729086,1.0157572993701793,-0.5181215015185524,1
1.0843151130202777,0.7740663918911503,-0.4445202009343899,-0.8681093238500562,1,0,0,1,0,0,-0.44506599463230834,-0.1338088943690579,0.07324181991846762,-0.419863353575054,0.5524961330192877,0.22157088492113197,-0.45199028151592613,-0.6896053144095132,0.26684876715287664,-0.7749696619143709,-0.6859582284766357,1.127850044005215,1.215538086723791,-1.2193450906272665,-0.7179016738869222,0.11871866356096195,-0.8954092269183402,-0.5389876884108137,0.5976605751602089,0.9455004604204603,-0.5898517583385118,0.22732679866473476,-0.24549039649009943,0.15906155448533207,0.36556272019385716,-0.9455004604204603,-0.5976605751602097,-1.0102503215325889,-0.3345252120667762,1.4190663726836301,1.2739187892674588,0.785900234388976,1.0461850518512859,1.4110304042558486,1.1755363964676604,0.9459245538203791,-0.5261013687559044,0.27583454506891375,0.1876261533306929,0.028283699992091807,0.09305597698558829,0.6014499566897238,-1.0302635040182315,-0.7656567202776299,0.5334696962929761,1
-1.100207187344929,0.7482986259196881,-0.8790386569529866,-1.161438585374874,1,0,0,1,0,0,-0.24316300256618875,-0.32976498477554694,-0.5920036137852022,0.17614578951067328,-0.5416246192892347,-0.38974152928433364,-1.1317632931142168,2.6794403592916427,-0.09928825188327081,-1.8990482364352963,-2.5393131856402156,-2.010688669425479,1.3781289197614772,-1.159789537664017,2.703607049045518,0.22643995960914917,-1.3348530506542162,-1.412055473838619,-1.4375436385994584,-1.316601253463695,0.41489636859796525,-0.9692017908911758,0.3632806881212994,1.2418742158992349,1.922634170739569,1.316601253463695,1.4375436385994576,-1.1495128896453646,2.142099985965025,-0.5460172571522233,-0.354064273059855,-0.8355863879794388,-0.9071245641463012,-0.30171300108041293,0.4557501964577793,-0.6663639641110671,0.11228645211844858,-1.0899443568808573,-0.8797901666714156,-0.5811310542328463,-0.093098282374475,-0.09645999267988113,-0.6186874509066087,-1.1553410370755877,-0.5181215015185524,1
0.72451144001895,0.7225308599482267,0.27967722576327125,-0.13478617003801185,0,1,0,0,1,0,-0.48292280564470574,-0.12217945280190722,-0.09306953850744984,-0.36141973857344384,0.49039941067378034,0.18534827661780884,0.0038991020358731324,0.8275568565126593,1.3001154094356118,0.09894077402265668,0.6008546889410312,0.5222351332629541,-0.14900522961032184,-1.0895815343210595,0.7720856026901382,1.0812875466109462,-0.971533353864709,-0.4719318681862596,0.03622492998512883,0.6763389906671557,-1.09411882724154,-0.3623893491231258,-0.6907116134519806,-1.0970184456606076,-1.241890138260466,-0.6763389906671557,-0.036224929985129536,-1.0659553487776992,0.5660657690356972,-0.3458698504096825,0.24027874969456073,-0.1699234587966153,-0.8756195703398886,0.4323198869208419,0.4557501964577793,-0.29429738304996345,-1.053465220782544,-0.4070549059059717,-0.23204180154193166,-0.5422322401333817,-0.9054077777638412,-0.0012904541294803558,0.12214944469431245,0.514734606344233,-0.5181215015185524,0
0.2876069799459088,0.23294330649045036,-0.15484123025532542,1.478524768348486,1,0,0,1,0,0,-0.23054406556205628,-0.33557970555912225,-0.7839013350458762,2.088582894266332,-1.3801488435131979,-1.872185313549965,-0.2691662734967917,0.34653515072166263,-0.14108861430124844,-1.185743272530397,-0.9859809927524763,-1.3110454493170098,0.15662060548429174,-0.11901391368219502,0.009259473190118548,-0.42151927799797717,-0.434493527544515,-0.41803451505104383,0.18032674558006626,-1.9669554962053912,0.25536495527780206,-0.46635443269264276,-0.2307133609774011,1.1710263191148087,0.8736942398176549,1.9669554962053912,-0.18032674558006695,-0.14682239923337803,-0.03432821836595151,-0.11842961547497735,-0.3153027715758717,-0.4600842227993849,0.19555021907814235,0.35076067714292497,0.2896456887631914,-0.4183195767369984,-0.05424950115312168,-0.7105613285614767,-1.0075151964152582,-0.9571529238609991,-0.4992530300691578,-0.5405845059150832,0.5337254978059351,-0.32030321536567735,-1.198562864808365,0
0.13340540580248203,0.3617821363477598,1.0038746524609323,0.3052077222492148,1,0,0,1,0,0,-0.2810198135785862,-0.27917691395844146,-0.7583149722111197,1.3594843308799083,-1.1334967046989404,-1.2653448262955271,-0.14271202676924966,0.6491205198418658,-0.689905340457363,-1.2166634021274652,-2.1100665787558293,-1.6387652594328321,1.6533190910675075,0.6618008053036937,-0.5591986054642002,0.006669411284522856,-0.7611004584095545,-1.5859087374889402,-0.5666803935267488,-1.6730536447424134,0.8597081141169816,-1.4511311720040108,0.9498258275163067,0.8889395775786976,1.1948586848606826,1.6730536447424134,0.566680393526748,0.4659329004628361,-0.6347222057676005,-0.43684594438356456,-0.3669847735545164,-0.6307670251539549,-1.222174502210428,0.5954383064766764,1.009431888773073,-0.6663639641110671,1.2502821328075124,-1.1658209625447336,1.3006585553841723,1.675000163536073,2.0222910285353324,0.4428340591057229,0.5337254978059351,-0.2089648391376897,1.275769365336409,0
-0.5348014154856993,-0.30817977891024867,1.7280720791585935,0.3052077222492148,1,0,0,1,0,0,-0.6974447347149578,0.6773446549397023,0.29072590401389814,-0.46731262516051963,1.3723422584470466,0.8820744955879005,1.4495735846826199,0.4573943507942394,-1.2656897527197857,2.06350684082683,1.5016391040131003,0.4809574282870361,-1.029473896216445,0.6379564128640373,-0.8135887821395351,-1.205137445296542,1.2544094015744442,0.9308159116634854,0.3422533759207262,0.3165258375355961,-1.3782288251120978,-1.4428234825642696,0.5191933833147939,-1.5438137258490352,-1.0434438103184305,-0.3165258375355961,-0.3422533759207269,0.6609004958207222,-0.7097714541928067,0.21818193222838655,-0.4574282770171454,0.03489590402886805,1.3297299961089997,-0.30171300108041293,-0.4855086804782194,0.44983577907224165,-1.2755131584779709,-1.317574173872486,0.21499580256151593,0.45617065508619664,-0.2284831982727022,-0.15990635171348128,0.4514102871836102,0.6817421706862145,-0.023255055489598248,1
-0.7404035143436003,0.6452275620338409,-0.7341991716134544,0.5985369837740325,1,0,0,1,0,0,0.13540510755778543,-0.4396632075851209,-0.6175899766199587,0.22243776178917635,-0.9324709404943139,-0.5100363642669746,0.7258364392313263,0.3065848969778259,0.2943982169640237,0.25302396368042407,0.1103385016920314,-0.6561838181684658,-0.3726727161266082,0.5524009050275658,0.16389115177315777,0.049676990667365535,0.488740029429194,0.16501912596452797,-0.6392523306161405,-0.2609537869844238,-0.4573407620069472,-0.25661483460629975,-0.3525316401984827,0.14280719579222195,0.01766360200342297,0.26095378698442306,0.6392523306161398,0.4102278732177254,0.04072103005925432,-0.30947941282012914,-0.23777976860790415,-0.03337721691295973,-0.4660546508565234,-0.5463906304141645,-0.319404172783631,-0.046252995675895824,-0.24854144663662048,0.04820472807728505,0.9813459810245673,0.6247321828505417,0.65151875506577694,0.9504049313745251,0.8629863402952329,0.793080546914203,1.1520527538291696,0
0.23620645523143258,-1.2100515879114147,-0.4445202009343899,0.3052077222492148,1,0,0,1,0,0,0.12278617055365294,-0.4379187913500483,-0.4512786181940413,-0.14095422059707288,-0.5807080307202706,-0.22785777365713644,-0.7880354830762246,-0.3724629660156168,0.22819544598702374,-0.657150189117254,-0.6809174963925947,-1.4694441030877565,0.47385973489781946,-0.7186275056309055,-0.8431656279453514,0.9538228072712446,-0.5426424662097799,-0.212708788295393,-2.104772194525814,0.08334093927970501,0.3777383858313187,-0.33344770670295615,0.6465491157297822,0.34969252910781357,0.6775573625376268,-0.08334093927970501,2.1047721945258133,-0.7874302125521474,-0.9349191994684248,-0.6733837887156574,-0.12149526415595328,-0.32353798091572933,-1.0646495331783645,-1.0357458890816678,-0.1532996650890431,-0.10826409251941274,0.16779843654230542,-0.482931511569848,-0.5878472415426337,-0.1921429132382052,-0.0423289389126401,-0.6040308649486834,-0.8656330827735822,-0.9326642846196119,-0.5181215015185524,0
-0.1749977424843705,0.38754990231922204,0.27967722576327125,-0.8681093238500562,1,0,0,1,0,0,-0.8236341047562825,6.904910614148894,2.388807656463934,-0.7051376327413292,3.633800684787586,5.855304457825635,0.4487952391267579,0.35917718748016775,0.4114373260562298,1.6641181314350861,1.3809927950242713,-0.4279319802598484,-1.668298982372909,-0.06590021218122281,-0.9101936647036981,0.655463134365678,0.9276861115080749,1.3449272227091353,0.4783555005605047,-1.0580753433055055,-0.6899074204261652,-1.4047939942118421,0.0962286294629276,-1.3282385674852457,-0.4822986048540981,1.0580753433055055,-0.4783555005605054,-0.5089050763265954,-1.2351161931692491,-1.8196825727865715,-1.2843403086754637,-0.9209277891567239,-1.3166894836296663,-1.3619827281933365,-1.648240234340335,-1.5965304167638241,-0.4150773999081907,-1.0899443568808573,1.464876450769113,1.298978293907919,0.5838262971166633,1.5531453421937294,2.097714499630101,1.5724491805101195,0.7190446135538346,1
-0.5605016778429365,2.165525754350092,-0.8790386569529866,0.3052077222492148,1,0,0,1,0,0,-0.5586364276695006,0.13366826167540785,-0.630383158037337,0.30344871327655676,-0.14339691136092111,-0.13171134421004418,-0.09915752362017999,-1.2232878274125594,-0.8618737094121025,0.23511077327217197,-0.8445562508891137,-0.26481775480849074,0.6424930124625069,-0.14187001570131805,-0.32489478255408283,-1.5332399452880905,0.7395802937460192,-0.037438738289004285,-1.773666294592434,1.3979208031972914,-0.0038738977297342317,1.353528472588282,-0.36254804621137077,0.41573567260935895,1.0614128480330474,-1.3979208031972914,1.773666294592433,-0.28608496734615396,-0.4846237089171882,-0.6278957417287164,-1.258499307686141,-0.9550643496276378,0.3530751881102058,-1.2804235184154193,-0.7069813574043363,-0.23228628620644656,-0.27629743884854874,0.7310941790521709,-1.0622544948769042,-1.060883094792903,-0.8546384343020056,0.15732544345452057,-1.853415610241477,-1.6563637301015341,-0.6418381130257917,0
0.44180855408933456,-0.02473435322416849,-0.4445202009343899,-0.4281154315628296,1,0,0,1,0,0,-0.6722068607066928,0.5203471937831681,-0.06748317567269331,-0.36952083372218186,1.017050743003977,0.6857569024377912,-0.5634500670696015,0.49541296467560403,-0.3906563154860263,-0.6472740739713803,-0.3323862106657877,1.525179567540576,1.2337936838270123,-0.5895841629200769,0.48678842359736285,-0.3521740653374884,-1.3821793774123454,-1.0667892157391972,0.03622492998512883,2.044235578592764,0.19438548542424647,-0.19231588496852278,0.18013929820664717,-0.4961198953408907,-0.6093936826954386,-2.044235578592765,-0.036224929985129536,-0.6760201580619267,0.19081952690966666,-0.6642861793182697,-0.7287587874050313,-1.176951992688579,-0.2140147004052217,0.4323198869208419,0.4557501964577793,-0.9144083514851348,-0.16527347000083534,-0.5588081172337243,-1.235595606672119,-0.9701191952274875,-1.0746389226366257,-1.206771275767887,-1.6887851889968277,-1.1553410370755877,-1.3222794763156045,1
0.5703098658755232,0.0783367106616796,-0.8790386569529866,2.505177183685348,1,0,0,1,0,0,-0.7226826087232228,0.9797101356856202,-0.4896581624461761,-0.12185878203219036,0.7589312018430256,0.8476406580649883,-0.06009277525691103,-0.8490181942395113,-1.2945697649117458,-0.16115364367523202,-0.63903955049415,0.3414755991766806,0.8111184120715715,0.24388669680107708,-1.405155771307018,-0.35468435776084556,-0.18274455968323988,-0.11405468334900497,-0.02757457514840374,0.4930801176436278,0.3272491806294224,-0.2423500888265103,1.413296663057617,0.0365017986601252,0.719430513873511,-0.4930801176436278,0.027574575148402326,0.2152602778598393,-1.3101654415944555,-0.018355912103706302,-0.19901826712392082,-0.2552648599739003,0.3215701943037938,0.35076067714292497,0.40038202722625016,0.2638024885416898,0.19555442875423396,-0.3311783002420958,-0.3415203984652251,0.4043055696202447,0.39767203775660004,-0.826093121566285,-0.8656330827735822,-0.7656567202776299,0.10046155601764112,1
-0.35489957898503444,1.7274737328352407,0.27967722576327125,-0.13478617003801185,0,1,0,1,0,0,-0.06649788450833415,-0.37221244649564694,0.35469181110078946,-0.4846721147649583,0.2803187972693869,0.08830746178051108,-0.6373162648636408,-0.2775825758374965,0.33857266134133196,-0.6765039166082893,-0.16304447635130254,0.9861208716140955,0.312889938273379,-1.020478112320994,-0.7302165739764668,-0.19463085758651313,-0.22940463112217752,-0.20953410006811748,0.4700615648931452,0.87874991804355,-0.1334459256133771,-0.3505241370892615,-0.6584254120509909,0.686439441649079,0.007396538304117493,-0.87874991804355,-0.4700615648931459,-0.8988402670423681,-0.5596729573423944,0.5184030423421971,0.33072225315718967,0.22264698661889537,0.5106001571422693,0.5954383064766764,0.40038202722625016,-0.17027518936292965,-0.44283339212011924,-0.7105613285614767,-1.3359509871851372,-1.4109724216880806,-1.1084851516111824,-0.857816301083085,-0.7833178721512579,-0.48731077970765985,-1.136704559054746,1
1.3670179989498932,0.0783367106616796,-0.4445202009343899,-0.8681093238500562,0,1,0,1,0,0,-0.3062576875868511,-0.27045483278307847,0.27793272259651985,-0.4667339755070384,0.48304428211668676,0.15270320987530775,0.41714410468653734,0.3917705264355807,0.7047504012181838,0.6587084949346023,1.101893701849439,0.6798923956564803,-1.107939569765597,-0.49703891753064633,-0.3177450970288232,1.0528299292490644,-0.038816891092011946,0.5760259979675783,1.2994551316290601,-0.36149164093482894,-1.076684461945733,-0.8560274053850196,0.09457513662054763,-0.9283628450714732,-0.8701385060594641,0.36149164093482966,-1.2994551316290608,-0.3974950218363748,-0.18442671521636386,0.4001341201761507,0.9121447754169449,0.8541733553308051,-0.11949971898598452,0.18764225758709038,-0.3747723420151606,0.2638024885416898,-1.0812212129944723,-0.9381911455531051,-0.615216890773458,-0.47740088330094144,-0.7869459763528921,-0.667477223982284,0.28677986593896093,0.1250502895462747,-1.3841377820692236,1
1.3156174742354179,0.3617821363477598,-0.15484123025532542,0.3052077222492148,0,1,0,1,0,0,-0.21792512855792381,-0.3373241217941949,-0.7583149722111197,1.3594843308799083,-1.2043475123781813,-1.3100640958058025,-1.5165848177920442,-0.20071037619446036,-0.4719892702727744,-1.4743963129940463,-1.3612923133285424,-1.427673594301867,0.8860315255097626,-1.2652880299122256,-1.5311976515325287,0.35637492948268906,-1.261219322782629,-0.7721831284585092,-0.46991781074089073,-1.4811177417461807,0.8445872158534576,-1.2584389036022459,1.0033475796599585,0.7412108076904296,1.0158601462427166,1.4811177417461807,0.46991781074089,-1.3166279713806959,-1.6103624352952797,-1.3738997123145495,-1.0130097982875779,-1.381771355514063,-1.0646495331783645,-0.38327221085833024,-0.2086678343205727,-1.4725082230767892,1.1115021717478706,-1.0140677512169813,0.9539763317937442,1.3897421934733356,1.6669056243024845,0.09387908442092041,0.4514102871836102,-0.2089648391376897,0.7809029193074537,0
0.33900750466038404,-0.5400896726534062,2.8867879618748513,1.7718540298733036,1,0,0,1,0,0,-0.5460174906653681,0.07552105383965442,-0.7199354279589849,0.676677739771988,-0.49684451199202506,-0.46486990206159645,1.8023034381123968,-0.530504775555677,2.0350588094069386,-0.2456775987560362,0.47041303696364684,0.7697958106020707,0.07748301707541849,3.2954306666807045,-1.4848894297460753,1.4646174852285867,0.8434759489052931,1.4604427338227692,0.9704170281043213,0.08746187929198715,0.7866086896467335,-0.7593951805439326,-1.3101942418500483,1.1682708985208445,0.8142780904795266,-0.08746187929198715,-0.970417028104322,3.056216667360468,-1.3852146900196616,-0.027453521501095285,0.7312577684916879,1.0760609983917457,-0.655084613695,-0.05703537174666111,-0.4855086804782194,0.3258135853852078,0.7229182807808735,-0.7105613285614767,0.0051618251252043045,-0.671894953798262,-0.21156008378542468,1.2041903675089267,-0.6186874509066087,-0.6543183440496418,0.16231986177126023,0
2.1637261320242622,-0.17934094905293926,0.27967722576327125,0.3052077222492148,1,0,0,1,0,0,-0.6091121756860305,0.30229516439909276,-0.8478672421327675,6.87401552855659,-1.913965681136189,-5.079898515522024,0.07318056057618189,1.7296412704369144,-0.8036179372716952,-0.46489372726445016,-0.3620233440839914,-1.1517573256235942,0.043441358629085075,0.15020907057821029,1.4494819078999486,-0.39882858423365664,0.4562645292956735,0.8843737912863014,-0.7581467807413153,-0.8189388764091825,0.04832778256871188,-0.9219277692464105,0.69778837733788,1.0804655300514896,1.3340669555513316,0.8189388764091825,0.7581467807413146,-0.11896988561082296,0.8662627627365218,-0.9372144612399159,-0.9742482968035945,-0.767313267037611,0.1010352376589052,-1.3619827281933365,-1.2606630497196296,-0.6043528672675491,-0.4150773999081907,-1.2416975682086098,-1.7738653748783102,-1.2294446225572482,-0.8038690908401701,-1.397110352868688,-1.277209135885205,-1.6563637301015341,-1.569712699330082,1
1.135715637734753,-0.8493028643109486,-1.6032360836506476,-1.161438585374874,1,0,0,1,0,0,-0.7731583567397526,3.038121293071291,-0.6687627022894718,0.42496514050762735,0.7118913981583822,2.008105701856637,0.38348672182109633,-1.1076428567378387,0.914557426648872,0.5768203232525195,0.6546347570045656,1.208902693706437,0.45186990371524466,-0.7187414194516444,-1.3887807856307761,1.2655387482256293,-0.26089638556550404,0.4807546799290554,-0.1227108960387,1.7705022619546806,-1.2514055794383583,0.1290244780416466,0.021513753790985895,-1.0379474332988445,-0.3816938718299429,-1.7705022619546813,0.1227108960386993,-0.6203151308168162,-1.2351161931692491,0.3728412919839863,1.002588278879574,0.8371050750953478,-0.24551969421163483,-0.13859458152457876,-0.09793149585751397,0.8219023601333442,-1.4142931195376127,-0.7864379342253526,-2.622324501033832,-2.214881246410339,-2.34387250918251,-1.6191726094862895,-2.182676452730775,-1.9903788587854983,-2.6213038971416105,1
0.2619067175886707,0.05256894469021735,-0.4445202009343899,-0.13478617003801185,1,0,0,1,0,0,-0.6848257977108253,0.5988459243614352,-0.7327286093763631,0.9023511046296905,-0.1313180925167232,-0.23680162755919154,0.39203052875237193,-0.1076397683557571,-0.9936168066052503,0.4009735704546246,-0.1066554828199124,0.7395341677093548,0.042967017799704126,0.8965398384326616,-0.7978967942496915,-1.525638701547442,1.3733150102577114,1.0141817142452572,0.8847583482611033,0.13114384342216265,0.3506840496438688,-0.6515765325927838,-0.17481230203025663,0.8200662308773871,1.1288084007279053,-0.13114384342216265,-0.884758348261104,1.245803281894381,-0.4846237089171882,1.1461380907619838,0.05939174276930372,0.615217432034406,2.495414766946269,0.18764225758709038,-0.2086678343205727,1.3179911348814817,-0.24854144663662048,-1.0899443568808573,-1.9380832702632496,-1.709196663117305,-1.3623318689203594,-0.8895394805998851,-1.277209135885205,-1.378017789531564,-1.5078543935764617,0
0.3647077670176212,-0.5400896726534062,0.27967722576327125,1.7718540298733036,1,0,0,1,0,0,-0.7353015457273552,1.3634817074015928,-0.7199354279589849,0.676677739771988,0.19833084053262584,0.5256619175910051,0.08228977959919341,-0.083881532875675,1.2955638513437493,-0.45705632415773084,-0.18993706090592724,0.5453298357888688,0.19085565025162282,0.8201503247108726,-1.0420863465458723,0.8148939967766622,0.7563723805724256,1.2253568128814494,1.37244176550182,-0.6174061782631385,0.7050585992265799,-0.9288091893326043,-0.9521893077497536,1.3674595121915498,1.443249912955759,0.6174061782631385,-1.3724417655018208,0.6887530094432773,-1.009968447893631,-0.20030810005147043,0.24027874969456073,0.5469443110925782,-0.30852968182446,-0.5463906304141645,-1.0945585420250417,-0.29429738304996345,0.41760236644966076,-1.0140677512169813,-0.6790794056453779,-1.0219842806934394,-0.4992530300691578,0.728342674756924,-1.1125787146405561,-1.4336869776455579,-0.5799798072721716,0
-0.1749977424843705,0.6452275620338409,0.5693561964423357,0.5985369837740325,1,0,0,1,0,0,-0.7983962307480176,4.03825326784625,-0.6175899766199587,0.22243776178917635,1.2037655706025385,2.9337945807193386,0.5867807490503535,-0.6719761116138708,0.5208176436553509,0.9967334569781577,0.9312987820983697,0.8221790742699122,-0.807750972097159,0.4251249162502202,-0.7536243021252497,0.14090982742904687,1.1398397335063248,0.5850281754479523,0.8222348332302418,0.3058716999428703,-0.3911531081585785,0.16734401979989305,-0.5703743790969676,-0.21627702841355645,-0.6395678811543661,-0.3058716999428703,-0.8222348332302425,0.577342954953057,-0.5596729573423944,0.6184767457134681,0.6020527635450756,1.0760609983917457,-0.024984737566746233,0.10608304780917345,-0.26403600355210183,0.5118468759157585,-0.3040534310604773,0.27583454506891375,0.3518440487156324,-0.010615114107371936,-0.093098282374475,0.28421816152172197,0.6983559190505837,0.9600881112561845,0.6571863078002155,1
1.3670179989498932,1.1348151154916164,-0.4445202009343899,-1.6014324776621007,0,1,0,1,0,0,-0.3062576875868511,-0.27045483278307847,-0.7966945164632545,3.0259953329060196,-1.4122662940942772,-2.5465518977649193,-0.08217331597457139,0.8689246452858591,-0.2323926965712926,-0.4178500003275059,-0.6478049022171859,0.4199002417154995,0.45206305787012085,-0.8689531542626695,-0.2060242967172353,1.0750978772253683,-0.5096819145665608,-0.07383360727812253,0.3586118043630053,0.21702702713573208,-0.7539837569936106,-1.3990169628084261,1.398058285981848,0.05909653120768846,0.7700939527909888,-0.21702702713573208,-0.35861180436300605,-0.8152827261747027,-0.18442671521636386,0.03622974428062242,0.5891322630504142,0.3421249482670949,-0.6235796198885869,-0.13859458152457876,-0.319404172783631,-0.23228628620644656,-0.7203933142394032,-1.317574173872486,-0.058700689746716966,0.6636309969500054,0.65151875506577694,-0.6040308649486834,-0.6186874509066087,-0.5986491559356475,0.5334696962929761,0
0.05630461873076867,0.23294330649045036,-0.15484123025532542,1.478524768348486,1,0,0,1,0,0,-0.7100636717190902,0.9041187654991407,-0.7839013350458762,2.088582894266332,-0.34756481593456856,-0.9187704875908923,0.3197386678230078,-0.22411585419485355,0.1541079781787902,0.03755374194261149,0.6608089016009919,-1.270078328442244,-1.1568234182216832,0.5846427576486477,-0.6340491148401246,-0.2742537978732256,0.8306478651672786,1.2359629697416752,-0.04921092906325296,-1.6834285584178834,0.13956375389698147,-0.327570441033507,-0.4862693867453878,0.77292352155458,0.3475933434454691,1.6834285584178834,0.049210929063252244,-0.007559831120602114,-1.009968447893631,-1.6923160412231368,-1.5427503185686884,-1.2110885531594928,-0.5605696322757617,-1.1988643086375024,-1.3160312189511594,-1.2244638357027204,0.029018475482663446,-0.4070549059059717,-0.3415203984652251,-0.5292659687668935,-0.21156008378542468,-0.033013633646279864,1.0276167615398821,0.23638866577426285,-0.76555472453303,1
-0.1749977424843705,-0.5400896726534062,0.5693561964423357,1.7718540298733036,1,0,0,1,0,0,-0.7983962307480176,4.03825326784625,-0.7199354279589849,0.676677739771988,0.843988333151166,2.5827483150636765,-0.11455557319062645,0.2789749658358017,0.8196134115996961,0.009431366248126394,-0.6409169161204039,0.599685939560093,0.6412566216026222,0.2123611195160405,-0.5718700174518593,0.15124278876990285,1.3058488974939042,0.6519467057024462,1.1569031123463245,-0.3295023237687902,0.3714810415590913,-0.9557887252260935,-0.9684545739537992,1.2821162460252675,1.4697224474692965,0.3295023237687902,-1.1569031123463254,0.32667033235006016,-0.40957446049198204,0.49111021415003275,0.49868875958778525,1.0419244379208312,-0.18250970659880966,0.18764225758709038,-0.319404172783631,0.3258135853852078,0.16779843654230542,-1.0140677512169813,-0.5696008087220858,-0.944186652494511,-0.44848368660732285,0.9186817518577256,-1.1948939252628807,-1.4336869776455579,-0.3944048900113141,1
0.05630461873076867,-0.17934094905293926,-0.15484123025532542,0.5985369837740325,1,0,0,1,0,0,-0.7100636717190902,0.9041187654991407,-0.822280879298011,4.021272736893836,-0.8038477716495906,-2.412394089234093,0.18001570970154274,-0.21827450067305315,-0.11048937449171656,-0.14984620848599733,0.4178838027385891,-0.6803826162500949,-0.49050338106323005,0.46104217545345566,-0.7006162757983198,-0.23739249172005583,0.9050785536502258,1.1152744235486332,0.22845561284398783,-1.154540235155578,0.21035168301060078,-0.4022734025990416,-0.08751388378789723,1.0998929611496833,0.5455789942196719,1.154540235155578,-0.22845561284398855,-0.03541234474315745,-1.009968447893631,-1.492168634480596,-1.3618633116434313,-1.0062691903340089,-0.5605696322757617,-1.1173050988595852,-1.3160312189511594,-1.1624527388592034,0.3065783976019474,-0.2553016945782196,0.44307621281837667,0.3265079414213163,0.7699805564767266,0.09387908442092041,0.36909507656128593,-0.15329565102369538,0.16231986177126023,0
0.4932090788038099,-0.23087648099586283,-1.168717627632051,0.3052077222492148,1,0,0,1,0,0,0.9430170758222637,-0.5885200596446497,0.5849690766135982,-0.5164978457064292,-0.15702415444362594,-0.05345262256706214,-0.2695049856471908,-2.2086475181116643,0.2557061727605316,-0.6238267098008881,0.3040582380748273,0.331657382193845,-0.4558708605814327,-0.5920187615142921,-1.3240337158304645,0.4965390677164601,-0.8481115156906303,-0.34517579211453114,-0.3593320018427697,0.8087222172553705,-0.2167849279396121,1.705050121741491,0.14941497263876066,0.0017767779261286464,-0.7322875790261478,-0.8087222172553705,0.359332001842769,-0.5646101035717058,-1.2351161931692491,-0.018355912103706302,0.24027874969456073,-0.11871861809024475,-0.15100471279239655,0.18764225758709038,0.40038202722625016,0.38782468222872474,-0.22078545442469194,1.5657368413548085,-0.040454256926167845,0.04124997135858002,0.04228663352375219,-0.8895394805998851,0.36909507656128593,0.9044189231421907,0.16231986177126023,0
1.6497208848795075,0.7998341578626126,-0.15484123025532542,-0.13478617003801185,1,0,0,0,1,0,0.29945128861150755,-0.4681553394246401,0.7001077093700027,-0.5408011311526433,0.18895542243849772,0.05789835851352376,0.5804042163053104,0.027000849563903237,-0.45792290304424904,0.08258452592259163,0.22865290888025505,1.5149484582369213,1.2588330196807798,-0.048858445050307175,-0.14292080363079288,-1.6124622551079095,-0.8742199814582262,-1.2430492679584193,0.3961552074612323,1.6733070988005811,-0.8558849739904736,-0.18023443701350833,-0.9943731121468303,-0.9784279354167623,-1.5108556502940962,-1.6733070988005805,-0.396155207461233,-0.09111737198826762,-0.18442671521636386,-0.1548200530645294,-0.9484072958142716,-1.1940202729240363,0.6996301199807459,1.8188264531454346,1.7292180887829538,-0.5423417704240322,-0.9146852597229018,-0.4070549059059717,-0.7703115697481222,-1.112748180258855,-1.3623318689203594,-0.4771381468814831,-0.7833178721512579,-0.04195727479570725,-0.9511296417938885,0
-0.1749977424843705,-0.12780541711001567,-0.15484123025532542,0.3052077222492148,1,0,0,1,0,0,0.6527815247272168,-0.5350246284357565,1.0199372448044592,-0.5888290523915902,0.1333550876192293,0.043588192270235616,0.2978893732890039,1.272944612538028,-0.800273625276174,1.1392558413131397,0.7311534721380346,-0.17950194091129446,-1.3421933371967845,-0.7710647133412408,2.2394009649810704,-0.7455542248851746,-1.3802974234137328,-1.774964804235597,-0.5047088517425482,0.2557448558590603,-1.1846612013819064,0.4962262969674639,0.34479076004342407,-2.9077404402213354,-2.683442985195242,-0.2557448558590603,0.5047088517425475,-0.7874302125521474,1.841902992264201,-0.38226028799923456,-0.6899972859210471,-1.1428154322176651,-0.34003467563087314,0.6769975162545934,1.0648000580046022,-0.5423417704240322,-1.0812212129944723,0.5793409677244183,0.3062279666642602,0.4432043837197094,-0.8207922053274488,-0.5405845059150832,2.4269753421193996,2.9085096952459755,-0.332546584257695,0
-0.894605088487027,0.7482986259196881,1.0038746524609323,-0.13478617003801185,1,0,0,1,0,0,0.2868323516073751,-0.46757386734628253,0.44424408102243734,-0.4927732099136964,0.07844719015050539,0.021228557515097883,-0.14051210433141853,-0.5552423121109707,0.18128151694326008,0.7035699859506459,0.25930435415912384,-0.22561087903260293,0.22232006727729503,0.28866734635368635,0.11588276887836134,-1.0400443951855862,0.8040416043844131,0.005633033690286809,-0.40749033797582196,0.0964376253461319,0.4838185127297194,0.8781763124789788,-1.292962222290612,-0.15320376906423017,-0.3316087990702832,-0.0964376253461319,0.40749033797582124,0.02029268250195297,-0.18442671521636386,-0.8462383672660339,-1.1938968052128347,-0.8697229484503528,-0.24551969421163483,-0.5463906304141645,-0.4301405112466897,-0.9764194483286528,0.8061862574166584,1.33810702436318,1.1911799584608802,0.2357440418559006,0.1607484349347019,1.9338234963953311,0.12214944469431245,0.18071947766026855,0.904619530814692,1
-0.2263982671988458,0.7998341578626126,0.27967722576327125,-0.13478617003801185,1,0,0,0,1,0,0.5896868397065544,-0.5216507706335333,0.7001077093700027,-0.5408011311526433,0.03914592582330571,0.016756630564070337,0.48363135905105364,0.9833537831705782,1.0246800317974092,0.4409424568128486,0.43805961403987015,0.7774134822624885,0.5897499333287262,-0.24870044827762236,1.714546724218028,1.35954481723262e-4,-0.05793974732543584,-0.5003001816184826,-0.5464277599204057,1.6022396676771504,-0.920999735224123,0.3679113419163649,-1.4006353093085906,-0.6531368735601751,-1.057944704465465,-1.602239667677151,0.546427759920405,-0.2582324537235989,1.5417059985633763,-0.082039177885424,-0.06981326217730856,-0.08458205761933026,-0.49755964466293656,0.5138790966987595,0.8986955503100138,0.139780294854656,-0.9701972441467586,0.04820472807728505,-0.7794347861583975,-1.3072422507561756,-1.430024326869473,0.030432725387320277,-1.0302635040182315,-0.4316415915936655,-0.9511296417938885,0
-0.894605088487027,-1.3131226517972627,1.0038746524609323,-0.4281154315628296,1,0,0,1,0,0,0.2868323516073751,-0.46757386734628253,1.2374213288998899,-0.626441279867874,0.39105880882205823,0.12453007008383421,-0.1488504417590958,0.9393918125758016,-0.8878262566844491,0.548427653773313,0.2846459994609963,-0.7501698690720134,-0.3433943722152237,0.5354178642966345,0.5740568271056302,-1.042918423858043,0.996175952069303,0.3050628958118024,-0.5252107151899512,-0.5022446364654003,0.7419633840564694,-0.7142672162028686,0.16565579793534263,0.24690064298669118,-0.07221919802633807,0.5022446364654003,0.52521071518995055,0.10385022336961848,0.04072103005925432,-1.2283379619563388,-1.4910683165900436,-1.1086788717467513,-0.40304466324369825,-0.8726274695258333,-0.762349526635866,-1.1624527388592034,1.6458050218274922,0.010266425245347094,2.8424821287205515,2.5242909380410388,2.508830570044588,1.442114213884928,1.8507688677631275,1.6837875567381073,2.7912978563000825,1
-0.894605088487027,-0.12780541711001567,1.0038746524609323,0.3052077222492148,1,0,0,1,0,0,0.2868323516073751,-0.46757386734628253,1.0199372448044592,-0.5888290523915902,0.31902101100957303,0.09546254490215515,1.6473521821886306,-0.4233697186781569,-0.7481553850202731,3.049636212704718,2.623284849819875,-0.38733047429840434,-3.0454599553402497,1.1141326146962895,0.7383655934166549,-0.7842757787961023,1.7428944307790712,1.1699938878933103,-0.44411445533132876,-0.08780526073650123,-1.1774551291513413,1.3207666680592478,0.2346319522541648,-2.3916374943722003,-2.2681274719771842,0.08780526073650123,0.4441144553313281,0.577342954953057,0.19081952690966666,-1.1737523055720087,-1.3360223106541085,-0.71610842633123994,-0.30852968182446,-1.3619827281933365,-1.3713993881826885,-0.8523972546416179,-1.1050120634618392,1.2297118734147854,0.001251875235086544,0.12089992403843505,-0.8546384343020056,-0.6312221616773697,2.3799380789066427,2.5585890842437276,-0.45626319576493324,1
-0.38059984134227254,2.01091915852132,-0.4445202009343899,3.2385003374973924,0,1,0,1,0,0,0.097548296545388,-0.41291549198067434,1.1222826961434853,-0.6050312426890664,0.47540383837682887,0.1500200537046912,-2.8186094166015705,-0.6221327387780384,-0.026805319347392158,-2.646576695962366,-3.030133230628807,-0.8551046986852026,2.3837009528167155,-0.533248342519986,-0.536458603244193,0.49777402652419706,-1.5954827911881397,-1.6774164946591712,-1.0827475017179835,-0.09240503183227083,3.3865295455728743,0.31648425617689535,0.5368586610441041,1.9933009489257525,2.3016508791105927,0.09240503183227083,1.0827475017179828,-0.7595776989295921,-0.8598699510432187,-1.3829973217119373,-0.9613277963089331,-1.4500444764558913,-1.6632444155002057,-0.38327221085833024,0.12354118106860354,-1.5965304167638241,2.9711536499470723,0.19995793940503753,-0.25028823436248077,0.054216242725068246,0.854596128913119,0.030432725387320277,-1.7711003996191523,-1.9903788587854983,0.10046155601764112,0
-0.894605088487027,0.7998341578626126,1.0038746524609323,-0.13478617003801185,1,0,0,0,1,0,0.2868323516073751,-0.46757386734628253,0.7001077093700027,-0.5408011311526433,0.19631055099559058,0.05834555120862652,1.5151657223794317,-0.048876740436597246,0.43753720071284985,1.6018645844081938,1.4748089645835516,1.1915295664678467,-0.5134615452755241,1.2510718147046749,0.8501061184458124,-0.8400217420528038,1.816188063078278,1.2914190809720965,-0.10705812529392912,1.731283161032851,-0.8568186038684377,0.9187025077215539,-1.442268850332549,-0.3631147158254756,-0.6565045059100738,-1.731283161032851,0.10705812529392841,0.744458036688388,0.340918023760079,-1.028190555213798,-1.2455788071914804,-0.596630464683041,-0.08799472517957138,-1.1173050988595852,-1.2052948804881005,-0.6043528672675491,-0.9424412519348303,0.4275877563966659,-0.9618991143638861,-1.4628375071540325,-1.4807936703313085,0.09387908442092041,-1.277209135885205,-0.7099875321636356,-0.8892713360402683,0
0.15910566815972013,2.01091915852132,2.452269505856255,3.2385003374973924,1,0,0,1,0,0,-0.5460174906653681,0.1075020181493188,1.1222826961434853,-0.6050312426890664,1.2446473537508749,0.5502575158216566,-1.835278566642349,1.0391449424719557,0.014822516209359577,-1.1813573390080827,-1.1960537907013724,-0.5242920596553802,0.801882070944249,0.7694181963964547,1.6706923850220423,0.6349538641629553,0.47387992973213855,0.9094816554697465,-0.27639264516917894,-0.440948977121442,3.3207931186112924,0.24740391058530567,0.6178045225511217,2.06582877667347,2.4428603261256843,0.440948977121442,0.27639264516917894,0.27096530510494976,0.8662627627365218,-1.2738260089432798,-0.806281790372998,-0.596630464683041,-0.9701345517591269,-1.3619827281933365,-1.4267675574142176,-0.8523972546416179,3.02666563437093,0.19995793940503753,-0.07694712256726609,0.2487103132223888,1.0915197317350172,0.15732544345452057,-1.853415610241477,-2.1573864231274804,0.16231986177126023,0
-0.8432045637725518,0.7225308599482267,-0.15484123025532542,1.0385308760612593,1,0,0,1,0,0,0.07231042253712305,-0.40651929911874146,0.4954168066919504,-0.4950878085276215,0.24330383825740393,0.06997256128129814,0.41369941141038585,0.5420582257047436,-1.3669407810957706,0.44407090513425984,0.07563969719742245,-0.081101926538337,-0.6017030576913639,-0.0016014683722184128,-0.3117588581032546,-1.109005920583308,0.5404751828224841,-0.030798826594312902,0.25295560183580257,-0.36149164093482894,-0.5768592704544089,-1.056305106362633,0.7542098424821937,-0.06398520428337771,-0.12840437054796078,0.36149164093482966,-0.2529556018358033,0.02029268250195297,-0.25947596364157,0.11810822885711679,-0.4832692780064673,-0.2552648599739003,0.6996301199807459,0.02452383803125581,-0.09793149585751397,0.139780294854656,-0.6371253376036178,-1.0899443568808573,-0.5148615102604385,-0.07544647093981212,-0.093098282374475,-1.0798785577006862,0.28677986593896093,0.1250502895462747,-0.8892713360402683,1
-0.14929748012713334,-0.9008383962538722,0.5693561964423357,-1.6014324776621007,0,1,0,1,0,0,0.980873886834661,-0.5885200596446497,0.16279408984011548,-0.4395374417934178,-0.3982265113282227,-0.11292925101572851,-0.5384492294156651,-0.9829429714939395,2.0495415158046164,-1.5981527324740197,-1.863446237713058,-0.9498928078018135,1.8911717404431687,-1.0741770392407235,-0.8459754302152941,1.506039795843988,-1.5385420889487842,-1.9052533058386956,-0.25948267924543644,-1.0381887348318,-0.32457828015731555,0.5016404612578431,-1.2883671592531392,0.6334092385621998,0.5624623474191879,1.0381887348318,0.2594826792454358,-1.0102503215325889,-0.7848207026180125,0.018034525485845748,0.795860270964994,0.06903246449978255,-1.9152843659515075,1.4925896140337656,1.839954427246013,-0.4803306735805153,-0.3318094232724056,0.4275877563966659,-0.0951935553878152,-0.7367263106307022,-0.4654068010946016,1.2041903675089267,0.2044646553166367,-0.26463402725168356,0.038603250264021984,0
-1.074506924987691,-1.4419614816545723,-0.15484123025532542,-0.8681093238500562,1,0,0,1,0,0,0.6906383357396142,-0.5449096537678346,0.32910544826603294,-0.46789127481400095,-0.1845526342374909,-0.05747735682298693,1.0994377125038577,0.04494984448116701,0.7540510311474756,1.4695264923709028,1.361977228500689,0.7921079409117833,-0.9680865400387292,0.7051813397827731,0.1796564329728807,0.08917647519091253,0.9649649186681961,0.8008825802666676,0.8847583482611019,0.20284819963585052,-0.8241860167053139,0.11828079844944871,-0.9411992630172894,-1.0283927900701066,-0.9887311407152668,-0.20284819963585052,-0.8847583482611027,1.1900982546492709,0.7161642658861095,1.5919209512340051,1.4031237942140713,1.8099970485163963,1.0776900456576979,1.4110304042558486,1.009431888773073,1.752068812786101,-0.6093693453916895,0.5034643620605421,1.1546870928197819,0.4172718409867329,-0.0423289389126401,1.489698983160128,1.6861384465184783,2.017802685422071,0.904619530814692,1
0.8016122270906633,1.5213316050635446,0.27967722576327125,-0.8681093238500562,1,0,0,1,0,0,0.059691485532990585,-0.4053563549620264,-0.041896812837936774,-0.37357138129655093,-0.07962703466554301,-0.023043519300074828,-0.015631988317787785,-0.06644442084420527,1.7769058423324227,-0.3217642491575937,0.022748592755993495,-0.5221193237078351,-0.23522495738386684,-0.6570732374812662,0.15456709234815036,0.7338204001036833,-0.8234271480558145,-0.8932629929013401,-0.6655696264837223,-0.05200463268990121,-0.6348031765528119,0.24603897282488488,-1.6916710804319082,-0.3818135225558553,-0.9016717377510115,0.05200463268990121,0.665569626483721,-0.3417899945912644,0.7161642658861095,1.6737994358104995,1.881182312516537,1.3662217623945152,0.1010352376589052,0.6769975162545934,1.1755363964676604,1.4420133285685155,-0.47058938433204756,0.5034643620605421,0.7715120035882557,-0.30883935553659736,-0.4315605721200442,1.5214221626769286,0.6983559190505837,0.7374113588002092,0.038603250264021984,0
1.3156174742354179,2.2428290522644785,0.27967722576327125,-1.8947617391869185,1,0,0,1,0,0,-0.0412600105000692,-0.37221244649564694,0.2267599969270068,-0.45747558105133773,0.1858649136752429,0.06728940511068161,1.055179956491365,-0.4554018928333763,-2.5890010974882673,1.5335775163024388,1.1897580258635059,1.2949217312364478,-0.47600953520038153,0.44137818254526073,-0.5433631819570254,-1.8863469300096802,0.6209393750051585,0.3036926079290559,0.633698674005907,1.13762416762706,-1.0262335360306423,0.08072408222688128,1.6436544862613367,-1.4560514312759003,-1.250246980497019,-1.13762416762706,-0.6336986740059076,0.5216379277079463,-0.40957446049198204,0.381938901381374,-0.7029177864157086,-0.4430159425639276,1.9598298722372534,0.5138790966987595,0.2342775195316623,0.5118468759157585,-1.053465220782544,-0.17942508891434333,-0.7429419205172992,0.13201387092399572,-0.4654068010946016,-1.8729580456206907,-0.37174181903963527,0.18071947766026855,-0.76555472453303,0
-0.2006980048416086,0.0783367106616796,-0.15484123025532542,0.3052077222492148,1,0,0,1,0,0,0.22373766658671274,-0.46234061864106474,-0.016310450003180245,-0.37935787783136377,-0.17005144961488727,-0.06239647646911723,-0.09969109345011798,0.8533217270793754,-0.8740432295833975,-0.08036519141937966,-0.878350646854226,-0.4784791000735215,1.2773741549901838,-0.017076398867575497,-0.4191032004282204,-0.5010153624448243,0.2329034242331661,-0.3337905158206629,-0.37315522795503414,-0.28249761283093816,0.12156035564926511,-1.591059236044922,0.691374253942334,0.33951123753010254,0.8160173873343765,0.28249761283093816,0.3731552279550334,-0.17467491285593337,-0.5596729573423944,-0.6097005229339397,-0.7545997883943533,-0.6307670251539549,-0.4660546508565234,-0.05703537174666111,0.12354118106860354,-0.6043528672675491,0.1400424443303771,-1.4693273852002382,0.14201007127932075,0.4821031978191731,0.600749411603942,-0.0012904541294803558,-0.9479482933959068,-1.1553410370755877,0.22417816752487937,0
0.44180855408933456,-1.9057812691408853,2.8867879618748513,-1.161438585374874,1,0,0,1,0,0,-0.5586364276695006,0.11913145971646949,3.911196245131947,-0.7502723057128698,1.8519771935845484,0.671446736194503,3.6393088403927503,0.34293483441531747,1.2510801223432335,0.5303202820031927,-0.1724593157826768,-3.0114573869228796,0.9700864983062165,3.5502682647988744,-1.5089627314722467,1.2277123731891801,0.9306339936066884,1.3160284511719875,0.8355570349801581,-4.935963995678347,-1.5131613145139293,-1.9823345615577241,-0.47653590375017585,0.20637224998700457,1.5090511952944015,4.935963995678347,-0.8355570349801588,3.0283641537379133,-1.4602639384448675,-0.4095531161914002,0.2531992501892221,0.6322857122698633,-0.8756195703398886,-0.22015379130249568,-0.5962450189412776,-0.046252995675895824,-1.3032691506898992,-1.6969572021918669,1.9301604876931084,1.3249108366408955,1.345366449044194,3.5834288312689404,-0.20711139779498602,-1.6563637301015341,0.7809029193074537,1
-0.8432045637725518,1.8047770307496258,-0.15484123025532542,-0.13478617003801185,1,0,0,1,0,0,0.07231042253712305,-0.40651929911874146,0.3035190854312764,-0.46441937689311324,0.1428641810499922,0.04627134844085214,-0.041761894639220226,0.06739124659685804,-0.3347223920673235,-0.1771367395431185,0.08315038131254149,1.0372986394131587,0.07483905879798212,-0.02335266343223438,-0.3139332831224106,-1.231751378698561,0.5845722292868978,0.09310225515281177,0.5581846313588362,0.8611509049874916,0.03473722494762076,-0.40698807232921397,-0.7802146227193958,0.8189521231258062,-0.017203336803335714,-0.8611509049874916,-0.5581846313588369,-0.06326485836571254,-0.3345252120667762,-0.13662483426975403,-0.7416792878996918,-0.4942207832702994,0.6996301199807459,-0.05703537174666111,-0.319404172783631,-0.17027518936292965,-0.1375174777889068,-0.5588081172337243,-0.6334633235940058,-0.9052878383950472,-0.5669454880182719,-0.3502454288142823,-0.8656330827735822,-0.5986491559356475,-0.5799798072721716,0
0.5189093411610479,-0.9008383962538722,-0.4445202009343899,-1.6014324776621007,1,0,0,1,0,0,-0.38197130961164594,-0.2018411275368894,0.16279408984011548,-0.4395374417934178,0.5143394001018169,0.18445389122760333,0.3086246347481339,-0.042351390915913105,0.6780471274490634,0.10397086144614584,0.2019804260074549,-0.3538124055330697,-0.007788707671183211,0.07802351030204652,0.5971287177703922,-0.18950752173480562,0.44121264089243123,0.46061522216065864,0.23272740579640636,-0.7133741297612541,-0.3511898952030607,0.6563190541882867,-1.1173499212438538,0.29704097590242773,0.18711666696546764,0.7133741297612541,-0.23272740579640636,-0.11896988561082296,0.26586877533487285,-0.7097742263052108,-0.6899972859210471,-0.4942207832702994,-0.24551969421163483,-0.13859458152457876,-0.26403600355210183,-0.5423417704240322,-0.27629743884854874,0.7310941790521709,0.29710475025398503,-0.3477381696360611,-0.21156008378542468,1.2359135470257274,0.4514102871836102,0.1250502895462747,0.22417816752487937,1
-0.2263982671988458,2.2428290522644785,0.27967722576327125,-1.8947617391869185,1,0,0,1,0,0,0.2742134146032426,-0.4664109231895675,0.2267599969270068,-0.45747558105133773,-0.03413268688504852,-0.0051558114959646415,-0.27083483576119904,-0.5572947186074749,-0.5128056215403431,0.33348830051676487,0.4349565619096525,0.35426217551535605,-0.3863701629675439,-1.489483993545535,-1.0054668118422465,1.0238480402829653,-1.1086687296136917,-0.8998423529318943,-0.45503125954306645,0.9344658179137063,-1.1116724243192904,-0.2423500888265103,1.7298910046914515,-1.5498581133327358,-1.4439857504351006,-0.9344658179137063,0.4550312595430657,-1.4001855122483615,-0.9349191994684248,0.00893691608845806,0.5374502610717695,0.03489590402886805,-0.9071245641463012,0.18764225758709038,0.4557501964577793,0.015758101167622184,-1.0812212129944723,-0.3311783002420958,-0.3415203984652251,0.5599008260181015,-0.14386762583630988,-1.8412348661038906,0.12214944469431245,0.6817421706862145,-0.45626319576493324,1
-0.14929748012713334,-1.3646581837401863,0.5693561964423357,-0.4281154315628296,1,0,0,1,0,0,-0.09173575851659908,-0.3477906192046305,0.8280395235437853,-0.5610538690244884,0.5187872356550046,0.1661189907283904,0.3077667105670327,-0.7101094584079413,0.010591543143367447,0.696484558441602,0.42427182025256965,0.5020560444370216,0.009043156582843678,0.4070980009578276,-0.9230090728084168,-0.3274918431396655,0.6208279024539443,0.38782607081323806,0.5581846313588362,0.13114384342216406,-0.021189577048243157,0.04999729014700533,-0.3435767134581903,-0.32530338421379246,-0.17293747152070713,-0.13114384342216406,-0.5581846313588369,0.15955525061472892,-1.009968447893631,-0.7097742263052108,-0.7545997883943533,-0.4942207832702994,-0.30852968182446,-0.05703537174666111,-0.319404172783631,-0.6043528672675491,-0.026493508941193386,0.04820472807728505,0.014285041535478216,-0.16621037050522874,-0.2792525417345383,0.37938770007212164,-0.04248097655033679,0.013711913318286572,0.10046155601764112,0
0.08200488108800677,0.8771374557769975,0.27967722576327125,-0.8681093238500562,1,0,0,1,0,0,-0.00340319948767178,-0.3838418880627976,-0.09306953850744984,-0.3533186434247058,-0.07404049060598678,-0.022149133909869317,0.685696650301388,-1.2259324219017174,0.7540698735126099,0.28695169150439304,0.35066344329267923,1.2335860229550721,-0.01877442726896274,0.23403625001092376,-1.2759005135940142,0.7456307953982748,0.4057828112663366,0.7268591874726739,0.4073962731842086,1.2784135428411474,-0.7196316205053885,0.40446159703824236,-0.28155173756655016,0.014714066859504675,0.2537568745445836,-1.2784135428411474,-0.40739627318420935,-0.11896988561082296,-1.3852146900196616,-1.1828499149693978,-0.6770767854263857,-0.4942207832702994,-1.0961545269847772,-1.1173050988595852,-1.3713993881826885,-1.0384305451721696,-0.7203933142394032,0.27583454506891375,-0.2594114507727547,-0.3607044410025493,-0.33002188519637315,0.28421816152172197,-1.277209135885205,-0.9326642846196119,0.10046155601764112,1
0.44180855408933456,1.8047770307496258,2.8867879618748513,-0.13478617003801185,1,0,0,1,0,0,-0.5586364276695006,0.11913145971646949,0.3035190854312764,-0.46441937689311324,0.9233331574872448,0.4505335448137423,2.800081783046211,-0.6100479125474217,1.6979853761258465,0.3445160141937175,1.1741907466288637,0.9049157579848927,-0.47790442518894105,3.7910141194937896,-1.4125394535409272,1.2903073426520189,1.2006606918387344,1.5876986955122627,0.8432886699243073,0.3978337296906128,-0.10564524083258718,-0.5777411108176335,-1.0245684494113223,0.725135680382991,0.023573277948964865,-0.3978337296906128,-0.843288669924308,3.5575619125664613,-1.3101654415944555,0.02713213488323473,0.6924962670077037,1.195538960039945,-0.6235796198885869,-0.38327221085833024,-0.762349526635866,0.38782468222872474,-0.3318094232724056,-0.7864379342253526,-0.9527758979536108,-1.268343436656712,-0.9561771212256767,-0.28679906978068154,-0.7833178721512579,-0.7099875321636356,-0.9511296417938885,1
0.5189093411610479,1.5213316050635446,-0.4445202009343899,-0.8681093238500562,1,0,0,1,0,0,-0.38197130961164594,-0.2018411275368894,-0.041896812837936774,-0.37357138129655093,0.36744909743890647,0.1334739239858893,0.5144799778408603,0.4109511210643465,0.4095845748469036,0.5035960620328258,0.47174978989228084,0.2313677123098349,0.12665501196176684,0.48627180939977366,1.1539761357632023,-0.9012750903347078,0.6329505423983469,0.4093968747984701,0.4292298816076853,-0.11014700605881247,-0.22951987063269427,0.591984649716187,-1.4656103821282154,-0.052702867438884714,-0.21360146565645274,0.11014700605881318,-0.42922988160768605,0.2152602778598393,0.7161642658861095,-0.7461646638947628,-1.051771299771562,-0.7843815472730677,0.16404522527173035,-0.05703537174666111,-0.26403600355210183,-0.6663639641110671,-0.24854144663662048,0.5034643620605421,-0.11343998820836432,-0.840456481562607,-0.8038690908401701,1.0455744699249259,-0.28942660841731066,-0.3759724034796717,-0.5799798072721716,0
-1.3572098109173063,-0.23087648099586283,-0.4445202009343899,0.3052077222492148,1,0,0,1,0,0,0.8294466427850714,-0.5664241206670634,0.2651395411791416,-0.4615261286257068,-0.27820839517963436,-0.07894260618791915,0.9531368688930357,0.8270072058657362,-0.903103939124031,0.46526324755087034,0.20660688021810245,0.002725166431463421,-0.02437105344950329,0.10319525305743257,0.2702568296732951,-0.10778098709178038,-0.30202401415548563,-0.3013169889585991,-0.22931895624632825,0.23115255077283092,-1.2222485371773189,-0.8643559848144484,1.1262638412751331,-0.928022473579525,-0.5627764561797286,-0.23115255077283092,0.22931895624632756,0.04814519612450831,0.19081952690966666,-0.1548200530645294,-0.18609776662925942,-0.2894014204448148,-0.08799472517957138,0.10608304780917345,0.2342775195316623,0.015758101167622184,-1.1367331974183288,-0.7864379342253526,0.10551720563822252,0.6765972683164937,0.22844089288381547,-0.7626467625326843,0.2044646553166367,0.3477270420022505,0.16231986177126023,1
1.521219573093319,0.43908543426214564,-0.8790386569529866,2.9451710759725747,1,0,0,1,0,0,-0.028641073495936725,-0.37802716727922225,-0.579210432367824,0.12117407242995086,-0.7142350708974166,-0.38437521694310056,-3.1270523099529646,1.6044558857008437,-1.9871913427682073,-1.1738441762020695,-1.5957619286340547,-0.8352766673946567,0.7662126911543914,-0.3178209759511743,0.7087266030635438,-1.6448962415657498,-0.2890831898433204,-0.4223613565194509,-0.11972941589683889,-1.020471574555225,4.03067938348284,-1.4921793030232757,1.0635950472834144,1.2991378093859556,1.6622150025308615,1.020471574555225,0.11972941589683818,-0.4253475354589299,0.41596727218528484,-0.5733100853443877,-1.2714198081808024,-1.2964299543367779,0.7626401075935709,-0.38327221085833024,-0.3747723420151606,-0.9144083514851348,3.7483214318810676,-1.3934507795363622,0.014285041535478216,0.5599008260181015,1.0915197317350172,-0.3819686083310823,-0.37174181903963527,-0.8213259083916238,0.2860364732784985,0
-1.3572098109173063,0.15564000857606544,-0.4445202009343899,2.505177183685348,1,0,0,1,0,0,0.8294466427850714,-0.5664241206670634,-0.5920036137852022,0.13564031376698307,-1.2213973702664453,-0.5404454675339619,-0.6202847008547375,-1.2523817514108109,0.02183926722164985,-1.1201338496631037,-1.255862301561211,-0.5033041565822621,0.971543970626104,0.13869288003385785,0.1966360877391126,0.031233941768385003,-0.2890831898433227,-0.303273835252623,-0.6501878279857761,-0.04159846927444537,1.00110126750379,1.9159189733262305,0.0015320893755884212,1.2265786233331295,1.3365946264357669,0.04159846927444466,0.6501878279857761,0.1317027369921738,0.19081952690966666,0.03622974428062242,0.046471242274642305,-0.06751377738387422,-0.08799472517957138,-0.13859458152457876,0.17890935030013266,0.3258135853852078,0.5286263352973745,1.1863538130354276,-1.0531312784666302,-0.892321567028559,-0.4146374576327655,-0.4136917878478824,-1.277209135885205,-1.4336869776455579,-0.5181215015185524,0
0.8787130141623758,-1.0039094601397194,-0.8790386569529866,-0.8681093238500562,1,0,0,1,0,0,-0.07911682151246661,-0.3576756445367086,0.25234635976176334,-0.4597901796652629,0.23329182537307536,0.0802579932686615,0.122153509339583,-1.589060329438619,-0.2697192670068902,0.8955477809731814,1.2378517546277192,0.1752275153864585,-1.2989883513268683,-0.9045597746028132,0.9150517377043947,-0.3911036080002672,-0.3963855360726094,-0.03728351957406257,-1.3170468373944293,1.5452204496827715,-1.0736828969632228,3.0977139148175548,-0.024306134504748902,-1.6028763884518242,-1.6456680062158973,-1.5452204496827708,1.3170468373944286,-1.0102503215325889,0.340918023760079,-1.1464594773798444,-1.1422148032341901,-1.2110885531594928,-0.30852968182446,-1.2804235184154193,-0.9284540343304539,-0.790386157798101,-1.0257092285706153,2.7797625319768278,-0.14993285384946126,-0.1402778277722523,-0.7530997473783346,-0.5088613263982832,-0.04248097655033679,0.9044189231421907,-0.332546584257695,0
1.3156174742354179,-0.23087648099586283,0.27967722576327125,0.3052077222492148,1,0,0,1,0,0,-0.028641073495936725,-0.37221244649564694,0.5977622580309765,-0.5240202912016859,0.36873354108047707,0.11871656504749839,0.6524550396842879,-1.8756083060360773,-1.3231249102720626,0.20023527654975298,0.44268869043154807,0.6682287010792205,-0.35846567313676464,0.6336077717514141,-0.8554014485283393,-1.6969024853733785,0.30345500445012263,0.13836544749598506,0.42176776227307794,0.4930801176436292,-0.27416119523631916,1.7174088691815566,0.10353272814037366,0.030395847384744608,-0.44043004983607914,-0.4930801176436292,-0.4217677622730786,0.7166055230658329,-0.7097714541928067,0.4001341201761507,-0.5866332819637576,-0.4430159425639276,1.833809897011603,0.6769975162545934,0.5111183656893089,0.6358690696027934,-0.24854144663662048,1.6416134470186852,0.07814755640739948,0.11904759955750843,0.12690220596014448,-0.5088613263982832,0.4514102871836102,0.793080546914203,0.22417816752487937,1
-0.4320003660567478,-1.2873548858258006,-1.8929150543297122,-0.4281154315628296,1,0,0,1,0,0,1.1196821938801182,-0.6036383336819455,1.1734554218129984,-0.6056098923425476,0.005472323478278674,0.0037880424060904513,-1.5365283153893463,-0.22915996749237577,0.008545849773098827,-0.8255138012514067,-0.727735062704337,-0.5028910613471704,0.32199810447759203,-1.3534959763283176,-0.6031230736534675,0.04129222028354056,-0.6581806038276665,-0.7961538198537292,-0.2763926451691775,-0.41176056791003296,0.7841827940046362,-0.28966620807397014,0.0298122362509277,0.4625752676948254,0.16880197672267488,0.41176056791003296,0.2763926451691768,-1.3444804850032512,-0.7848207026180125,-0.8826288048555859,-0.7287587874050313,-0.9209277891567239,-0.9071245641463012,-0.30171300108041293,-0.2086678343205727,-1.1004416420156866,1.6265300272358754,0.49503362809788926,2.6296070791474833,2.2469568004800453,2.3607533182809015,1.5742941285382626,1.439192814651505,1.3126596359781475,2.7741149935907434,0
-0.25209852955608386,0.0783367106616796,-1.6032360836506476,-0.4281154315628296,1,0,0,1,0,0,0.6906383357396142,-0.5408393492193319,-0.15703544559434116,-0.3122345180275343,-0.5303234463210064,-0.17464184293990864,-0.2583939422976516,-0.42262550614496663,0.4538891909421711,-0.057296565713518016,0.43436325385099556,0.8188842876140063,0.40292521870455106,-0.47596355720287975,-0.7526605513484783,0.7588152048816642,-0.6442369237438126,-0.2528976605960183,-0.28338753067176975,1.3979208031972914,-0.1162741114787286,-0.17393204719649544,0.14205437165083618,-0.5614103417890135,-0.8115988464021611,-1.3979208031972914,0.2833875306717691,-0.3974950218363748,-0.6347222057676005,0.2909628074074919,0.6537347655237203,0.3421249482670949,-0.24551969421163483,0.5138790966987595,0.7325910426154264,0.6358690696027934,-0.3595654154843339,-0.482931511569848,-1.0348848456460813,-0.8145239388296306,-0.9561771212256767,-1.175048096251087,-1.1948939252628807,-0.7656567202776299,-1.3222794763156045,1
0.15910566815972013,-0.87507063028241,-0.8790386569529866,-1.6014324776621007,1,0,0,1,0,0,0.11016723354952047,-0.4355929030366182,0.5849690766135982,-0.5217056925877608,0.2585276363956436,0.06818379050088712,-0.5767420219372117,-1.379810556213601,1.0438719082701695,-0.915128544306584,-0.7069642137903702,-0.6789567440041901,0.24433374874619188,-1.2033635704756018,-0.8147091006816883,0.26155107087828033,-1.0790241462602954,-0.9703233211348243,-0.05671543019588151,-0.8697663470174435,-0.4004128798576046,1.077675598723171,-1.1641742661776993,0.16633775138229617,-0.028243762796081665,0.8697663470174435,0.056715430195880795,-1.17736540326792,-0.8598699510432187,-0.44594355378095224,-0.25070026910256554,-0.6478353053894121,-0.655084613695,0.18764225758709038,0.2342775195316623,-1.0384305451721696,-0.3040534310604773,1.1863538130354276,0.39746013076700454,-0.2958730841701091,-0.21156008378542468,1.2359135470257274,1.0276167615398821,0.6260729825722207,0.16231986177126023,1
-0.2006980048416086,1.0575118175772313,-1.6032360836506476,-0.13478617003801185,0,1,0,1,0,0,0.7284951467520117,-0.55072437455141,-0.08027635709007157,-0.3567905413455935,-0.47828686154132405,-0.14781028123374337,-0.3433524138000839,-0.32598929858287085,-0.297574749563441,-0.42212500492009214,-0.33575756115424016,0.2934802974079106,0.5206316369360825,-0.6630104079862676,0.16829903457646359,-0.30540808681947734,-0.4283487014839919,-0.2978047719297354,0.7902460580981725,-0.3834842964864804,-0.18503229813303723,0.616028821084547,0.0998889776563822,0.14552040845092648,0.1457528767572558,0.3834842964864804,-0.7902460580981732,-0.5367575899491508,0.340918023760079,0.5456958705343614,0.29196075167320634,0.10316902497069583,0.6996301199807459,1.247911984700014,0.8986955503100138,0.20179139169817292,-0.3040534310604773,0.35171115073279,-0.5422311594912614,-0.41256952646850126,-0.33002188519637315,-0.44541496736468245,-0.12479618717266176,-0.32030321536567735,-0.8274130302866491,0
-0.7661037767008384,2.088222456435707,0.27967722576327125,-0.13478617003801185,1,0,0,1,0,0,0.43825959565696476,-0.49664747126415926,-0.20820817126385424,-0.3041334228787963,-0.4610973903862737,-0.14691589584353787,0.5341559342097564,-0.3933428769171487,-0.6856084055484248,0.2696858402057172,0.09668996642138077,0.39911787087846357,-0.04602323601901927,0.4779227922731068,0.07991076252653145,-0.12004054532785677,0.4298641961919927,0.2797429096883947,1.1642946985313556,-0.6103841330315712,-0.26522200646902566,0.6199282905000363,0.8166204870138064,0.06191780713374295,0.14741281193914552,0.6103841330315712,-1.1642946985313563,0.8280155775560533,0.491016520610491,1.2553094035306427,0.9896677783849125,1.1443341193335734,0.9516700704320475,1.166352774922097,0.6218547041523672,1.2559800380379649,-0.05424950115312168,0.9587239960437993,0.9448531153834703,1.2730457511749436,1.2269046476332444,-0.0647368131630805,0.9453015509175579,0.6817421706862145,1.2139110595827887,0
1.8039224590229344,0.3617821363477598,-0.15484123025532542,1.1851955068236681,1,0,0,1,0,0,0.13540510755778543,-0.4431520400552661,0.20117363409225028,-0.45226773417000615,0.038093972543263965,0.008707162052220753,0.3040946302119363,-0.10182641401578796,-0.19322545995995283,0.44968158964159344,-0.11595253259386211,0.23529082979614585,-0.04383126985720114,-0.2317446683499351,-0.31827774647552315,-0.9030453080397721,0.7117172431426084,-0.0906540717818974,-0.35307242775419667,0.6710815639820534,-0.6544075278448858,-0.17908371060177278,-0.6433277683659809,0.09823581862754407,0.062237914547528105,-0.6710815639820534,0.35307242775419595,-0.4253475354589299,-0.5596729573423944,-0.9099216330477515,-1.1809763047181743,-0.8867912286858101,-0.43454965705011084,-0.9541866793037505,-0.9284540343304539,-1.1004416420156866,-0.6648813298155464,-0.2553016945782196,-0.2776578835933038,-0.5551985114998699,-0.48232991558187904,0.3476645205553221,-0.7010026615289333,-0.48731077970765985,-0.20882997275045564,0
-0.2006980048416086,-1.4419614816545723,1.0038746524609323,-0.8681093238500562,1,0,0,1,0,0,2.0408645951817888,-0.6972553382975085,0.5337963509440852,-0.5141832470925041,-0.4971070352886068,-0.13886642733168827,1.0575547020878637,1.9326692892359407,0.24037207289360274,-0.5302594857241902,-0.7792534437377566,-0.6038748396112877,0.15949468586627075,0.679098634640497,2.568557414927285,-0.5277847096789088,-1.5858246945484948,-1.9073068576100791,-1.0117882743416888,0.17986603418274572,-0.7920082028313782,-0.07952482014165214,-0.8589694100216024,-0.856130265403366,-0.8490462777502336,-0.17986603418274572,1.0117882743416882,2.0256736633259265,5.069020674548063,4.175642020092257,3.1086298595093536,2.014816411341881,2.589929748365507,3.042214599814193,4.442258381127891,4.480557073900855,-0.5816133531797613,0.27583454506891375,1.1090710107684099,0.4302381123532211,0.04228663352375219,1.3945294446097283,1.6038232358961542,1.9064643091940836,1.0283361423219313,1
-1.074506924987691,0.49062096620506923,-0.15484123025532542,-0.8681093238500562,1,0,0,1,0,0,0.6275436507189519,-0.5332802122006839,0.7896599792916505,-0.5552673724896755,0.058623680231850626,0.01899259403958411,1.5252208189086416,1.1506788080889798,-0.015314398892352416,2.03120541348628,1.146622338332283,0.14971467261082422,-0.8698859437434354,1.4699352452207597,0.23446564615141288,-0.043129886512007505,1.3753566127734476,0.9238347179567759,0.6912331826893887,-0.4813636975680082,-0.6521146993779605,-1.3444602385903122,-0.022406080192922343,-1.380247397163479,-0.5887204045202238,0.4813636975680082,-0.6912331826893894,1.6675699167502167,0.4588525569996885,0.6925572793779139,0.56144547627614,1.137019142089806,0.3845801819166189,0.47892514965108013,0.17099961183848567,0.9370658256998767,-0.44283339212011924,-1.0899443568808573,1.0452084958964885,0.8710913388138142,0.19459466390925928,1.267636726542527,1.3568776040291806,1.1827648637121608,0.47161139053935697,0
1.3156174742354179,1.3151894772918502,0.27967722576327125,-0.13478617003801185,1,0,0,1,0,0,-0.028641073495936725,-0.37221244649564694,-0.4128990739419065,-0.14211151990403548,-0.4085932949877514,-0.17643061372031965,0.30466183644182926,-0.514846791044138,-1.485305689696258,0.841604159595588,0.7523164030795065,0.20222704415638285,-0.9264230517171381,0.5725568084532486,-0.6063354373902907,-1.5508025516225665,0.6095206867210513,0.45721782886556256,0.5061221547512287,-0.2261522221554376,0.1484523169116326,0.09922984747858388,0.47205563029718883,-0.5325626446018311,-0.5316639497673928,0.2261522221554376,-0.5061221547512293,0.6330479821981672,-0.4846237089171882,0.32735324499704527,-0.5607922809744348,-0.3064697006802721,1.7392949155923647,0.18764225758709038,-0.04256332662598434,0.5738579727592754,-0.08200549336504998,-0.17942508891434333,-0.7885580025686714,-0.4514683405679659,-0.6177148314801074,-1.0481553781838862,0.5337254978059351,0.45906541823023866,-0.76555472453303,1
-1.280109023845593,0.15564000857606544,-0.4445202009343899,2.505177183685348,1,0,0,1,0,0,1.1701579418966481,-0.6111974707005935,-0.5920036137852022,0.19639852738251837,-1.3439042498992002,-0.6218345380426633,-0.5858063868192214,-1.608662365257237,0.11136263124109015,-1.0815527710122554,-1.2138853111383963,-0.45239737400687524,0.965586040318099,0.7736907732737885,-0.3265905538673123,0.01797216615111908,0.41454812565085325,0.26935159798672814,0.49320743187182114,-1.106173187055868,1.5876407455155699,1.8807683335011987,-0.1341761538240214,1.872166842873734,1.8410797660836487,1.106173187055868,-0.4932074318718218,1.4129183636297125,0.26586877533487285,2.0104109835138635,1.7132158060859415,1.8441336089873108,1.3297299961089997,1.0847935651441794,0.8986955503100138,2.1861464906907218,1.1392581639597994,1.33810702436318,-0.7338187041070253,-0.6848612251647502,0.025363519036474696,-0.033013633646279864,-1.0302635040182315,-1.4893561657595522,-0.2706882785040748,0
2.266527181453213,-0.2566442469673251,0.27967722576327125,-1.6014324776621007,1,0,0,1,0,0,-0.6848257977108253,0.5755870412271339,0.6873145279526244,-0.5355932842713117,1.5099021057669475,0.8565845119670434,0.2264794568310516,1.7201163620461926,-1.4896369612833673,0.42826534078817263,0.2618619182823181,-1.1813999849824102,-0.8081860704355297,-0.3123361081681721,1.5024294802473492,-1.0148437016681662,-0.12820158388839703,0.17962552252598563,-1.4375436385994584,-0.18555039652161812,-0.6270077569823701,-0.855812817909809,1.0165635801849497,-0.7056813420709772,-0.1650639572316257,0.18555039652161812,1.4375436385994576,-0.45320004908148526,1.0163612595869336,-0.7279694450999874,-1.0905328012555453,-1.0745423112758372,0.5421051509486824,-1.1988643086375024,-0.762349526635866,-0.4183195767369984,-0.5816133531797613,-0.7864379342253526,0.06902433999712428,0.585833368751077,0.24536400737109418,-0.4771381468814831,0.6160407084282594,0.5704037944582268,0.16231986177126023,1
0.5189093411610479,0.15564000857606544,-0.4445202009343899,-0.8681093238500562,1,0,0,1,0,0,-0.38197130961164594,-0.18497843726452093,0.09882818275322415,-0.43085769699119847,0.47185516586120685,0.1907145889590419,1.444993678064172,1.5751813101539727,-1.0469183658139145,1.2850331447347947,0.9632131526865351,-0.36869707422820164,-0.858873148820441,0.7330583686088157,1.2254674937864751,-1.0427495543767222,0.6600223445539721,0.41296300231669214,-0.16027754582615011,-0.3438975164935092,-1.2768355998438383,-0.9343393487473274,0.3833097382755429,-1.0815300164474755,-0.8490462777502336,0.3438975164935085,0.16027754582614942,0.32667033235006016,0.641115017460903,-1.028190555213798,-1.3360223106541085,-1.05747403104038,0.038025250046078915,-0.5463906304141645,-0.5408768497097485,-0.790386157798101,-1.192245181842186,-0.8623145398892288,0.05990112358685037,0.2487103132223888,-0.21156008378542468,-0.3185222492974822,0.6983559190505837,0.5704037944582268,-0.6418381130257917,1
-1.100207187344929,1.6759382008923163,0.27967722576327125,-0.13478617003801185,1,0,0,1,0,0,-0.43244705762817587,-0.0843837677086675,0.41865771818768077,-0.48930131199280863,0.7387635846727089,0.31324538741719665,0.06640275280355688,0.035803913082265604,1.5862700985756828,0.17417831719910648,0.7755215347383593,-0.583120908957454,-1.5259430591620167,-0.05024075139674151,0.020472169539459375,0.5644278343957801,-0.1882685676392221,0.20528452719978857,-0.5609884768922861,-0.2389258302200081,-0.1425346110224815,-0.028633424307400495,-1.6012888247609067,-0.4219875583967409,-0.807795591655869,0.2389258302200081,0.5609884768922854,-0.3139374809687093,-0.3345252120667762,-1.06458099280335,-0.6512357844370638,-0.6819718658603261,-0.9071245641463012,-1.1173050988595852,-1.0391903727935126,-1.1624527388592034,-0.24854144663662048,-0.17942508891434333,-0.4601222117987924,-1.164613265724808,-1.2269469530221315,0.5380035976561225,1.1099319721622063,1.0714264874841732,-0.5799798072721716,1
0.08200488108800677,-0.17934094905293926,0.27967722576327125,1.7718540298733036,1,0,0,1,0,0,-0.016022136491804253,-0.37221244649564694,-0.579210432367824,0.09802808629069931,-0.7244411227389171,-0.3620155821879628,-0.6837214304734595,-0.9306850669865632,0.4374338889338923,-0.29687681798805177,0.4070261192021077,0.7127022003914033,-0.1220193936422254,0.4068567439998688,-0.47879423457476106,0.4357111732876241,0.6453611310350111,0.8037488315183602,0.6006469349749696,0.3763264807979944,1.3572577574562512,0.7977489085914187,-0.16013907096595728,1.040990478514375,0.25555040750161256,-0.3763264807979944,-0.6006469349749702,-0.007559831120602114,-0.7848207026180125,-1.264728399545891,-0.8838047933409655,-0.6136987449184976,-1.0016395455655394,-0.9541866793037505,-1.2606630497196296,-1.1624527388592034,1.611110031562582,1.1104772073715516,0.8627441676909999,0.6376984542170299,1.0576735027604598,0.1890486229713212,-0.5363722402842841,-0.4316415915936655,0.5334696962929761,0
0.5189093411610479,1.0575118175772313,-0.4445202009343899,-0.13478617003801185,1,0,0,1,0,0,-0.6217311126901629,0.3778865345855722,-0.08027635709007157,-0.3567905413455935,0.8297547590034702,0.5663564528453557,-0.7526955760843899,-0.5225224556294972,0.32952191655387125,-1.340079279119431,-0.9087645413793807,-0.22385767267147685,0.8375827935513974,-1.06584459470092,0.4256722697234566,-0.021177500288355057,-1.5996979516787582,-1.2760213586105378,0.02438743144227863,-0.329502323768793,-0.01833783937414004,1.1436076039303582,-0.4717488444181466,0.22412754596782217,-0.06434808786455687,0.329502323768793,-0.02438743144227934,-1.0659553487776992,0.19081952690966666,-0.5278220383574467,-0.4574282770171454,-1.0233374705694662,-0.40304466324369825,0.6769975162545934,0.7325910426154264,-0.8523972546416179,-0.08200549336504998,0.9587239960437993,-0.22291858513165644,-0.4255357978349895,-0.3130987707090945,0.030432725387320277,-0.04248097655033679,-0.2089648391376897,-0.76555472453303,0
1.4441187860216065,0.3617821363477598,-1.168717627632051,1.1851955068236681,1,0,0,1,0,0,-0.3062576875868511,-0.2762695535666538,0.20117363409225028,-0.45226773417000615,0.4370993263475471,0.13705146554671133,-0.39524316295345263,-0.14533191576252674,1.3511721206992697,-0.7344131464081842,-0.39664253257183296,1.2455183457551993,1.3421336990726385,-1.2750585486661365,-0.3095193352923605,1.228313706344365,-1.222407131051213,-0.5385060139046236,1.1015997988414552,0.6061852033378367,-0.7244282388984474,-0.11059706006764743,-0.6127607367760587,-0.2199732056964047,-0.010091592592787189,-0.6061852033378367,-1.1015997988414559,-1.2609229441355856,-0.4846237089171882,-0.6733837887156574,0.007709740790658993,-0.47715250303484213,-1.0646495331783645,1.247911984700014,0.7325910426154264,-1.2244638357027204,-0.7203933142394032,-0.17942508891434333,-0.23204180154193166,-0.5033334260339178,-0.5500223735309933,0.506280418139323,-0.5363722402842841,-0.32030321536567735,-0.2706882785040748,0
-0.020796168340944693,0.43908543426214564,-0.4445202009343899,2.9451710759725747,1,0,0,1,0,0,0.9177792018139987,-0.5797979784692867,-0.6047967952025805,0.21375801698695704,-1.2875293250684807,-0.6111019133601973,-2.0850421096316056,1.085946059587035,-0.8602493235444635,-1.1534568664475733,-1.7354125814886734,-2.061311914419595,0.7769527303784359,0.8913402549158833,-0.2381812024203463,0.095180963608136,-0.06168373372206089,-0.342424350343511,-0.8989374548998709,-1.919828377166137,3.7899184893654327,-1.7290997469242575,1.2716373330172526,1.4970812772761055,1.9218106188223372,1.9198283771661375,0.8989374548998709,0.9672781456688292,-0.10937746679115769,0.391036510778763,0.3824042551358344,0.3421249482670949,-0.11949971898598452,0.18764225758709038,0.7325910426154264,0.7598912632898273,3.970369369576495,-1.5452039908641146,0.6346637574341392,1.2471132084419672,1.8869061126371052,-0.09645999267988113,0.4514102871836102,-0.3759724034796717,0.7809029193074537,0
0.4932090788038099,-0.46278637473902035,-0.8790386569529866,-0.8681093238500562,1,0,0,1,0,0,0.791589831772674,-0.560609399883488,-0.5408308881156891,0.057522610547009106,-1.0914910434764622,-0.47560252674406256,-0.2891799477584138,-0.9318159517531308,1.2029599313006656,-0.9821735480855749,0.15123625361204604,2.0321072621309506,0.6479768810718238,-0.7098287857853137,-1.3519466811557304,0.076042233246016,-0.8866296192376556,-0.18896490446962794,0.8615353283924961,1.9170916883510314,-0.30714080232070584,-0.07540386975433767,-1.5680714145570327,0.44768634571033167,-0.3811019868173748,-1.917091688351032,-0.8615353283924969,-0.6481676444393714,-1.2351161931692491,0.14540105704928116,0.1627557467265941,-0.20406001926752979,0.5106001571422693,0.6769975162545934,0.2896456887631914,-0.35630847989348147,-0.4150773999081907,-0.2553016945782196,-0.5696008087220858,-1.2294446225572482,-1.0069464646875115,0.28421816152172197,-1.1948939252628807,-0.48731077970765985,-0.2706882785040748,1
0.4161082917320974,-0.2051087150244015,-0.4445202009343899,-0.13478617003801185,1,0,0,1,0,0,-0.2810198135785862,-0.28499163474201683,0.23955317834438508,-0.45747558105133773,0.4298495046387326,0.1343683093760948,0.24230913116458813,-0.21382013235918743,-0.4164853104308048,0.6136726913931309,0.9053791443531533,1.170377668848449,-1.0883151116338898,0.3939623871936054,-0.2738319706069739,-0.7758978572518007,0.6426802590017623,0.5065813442433568,0.6257323574189628,0.9756618166055823,0.05670583002401742,0.019155985092628496,-0.2103531475345596,-0.19176147172107627,-0.6824591448808253,-0.9756618166055823,-0.6257323574189636,0.744458036688388,0.11577027848446049,1.282602231722807,0.6149732640397371,0.8712416355662611,1.7707999093987767,0.02452383803125581,-0.26403600355210183,1.3179911348814817,-0.16527347000083534,-0.2553016945782196,-0.8159276517994943,-0.7885913960966542,-0.8038690908401701,-0.8895394805998851,-0.20711139779498602,0.29205785388825667,-0.6418381130257917,1
-1.460010860346257,-0.7719995663965628,-0.15484123025532542,-1.161438585374874,1,0,0,1,0,0,0.3499270366280375,-0.4780403647567182,-0.7199354279589849,0.6332790157608913,-1.4235674670625023,-0.8570578956667123,0.9785637133957801,0.8324613712638966,-1.0562298291059042,0.7346460837870015,-0.1260167800371846,1.5945907266597121,1.1113241062765353,0.15821936722217328,1.451751399823781,-1.3866022699763005,0.21408008457266675,0.005094708126389346,1.1824893722175853,1.002053003267564,-1.202625736872361,0.31175332572420583,0.050500002383460134,-0.7801813165221392,0.16880197672267488,-1.002053003267564,-1.182489372217586,0.32667033235006016,1.6918044954137887,0.6912576208925736,-0.19901826712392082,-0.10165033785478751,1.7077899217859516,1.0032343553662626,0.4557501964577793,0.20179139169817292,-1.4142931195376127,-0.7864379342253526,-2.9233906425728886,-2.4612404023736114,-2.496180539568016,-1.6508957890030895,-2.1003612421084505,-2.1017172350134863,-2.8068788144024692,0
-0.4320003660567478,-1.4934970135974959,1.7280720791585935,1.0385308760612593,1,0,0,1,0,0,-0.7479204827314877,1.7995857661697434,-0.34893316685501513,-0.2607346988676996,1.136056903292319,1.5855086049845337,-0.29205193877245056,0.32068977132845106,-0.7250334494121793,0.2882754622750879,0.06443722291739436,-0.337629628597346,-0.2895964708841738,-0.2653332609685912,-0.5429442102419345,0.49940032292815045,0.12879759523696543,0.4679931701543759,0.8355570349801581,-1.2891818387499494,0.14098746216218183,-0.9840663662275927,1.4929941766700334,-0.26172806085891936,0.37313269750843786,1.2891818387499494,-0.8355570349801588,-0.4253475354589299,-0.7097714541928067,-0.7825551014843162,-0.43158727602782254,-0.3576745413866426,-0.655084613695,-0.22015379130249568,-0.5962450189412776,-0.790386157798101,0.0012624832707351544,-1.0140677512169813,-0.4509989953885172,0.3394742127878045,0.2115177783965368,-1.0481553781838862,0.36909507656128593,-0.2089648391376897,-0.7036964187794109,1
0.5189093411610479,2.268596818235939,-0.4445202009343899,0.3052077222492148,1,0,0,1,0,0,-0.38197130961164594,-0.18497843726452093,-0.7071422465416066,0.5754140504127624,-0.7344913508946546,-0.5869535078246485,0.7334356018622176,-0.30340721841510787,-0.0012507143868327518,0.6610637272583445,0.19338969215177593,0.7117520739288692,0.31849576835492854,0.7848124060543747,1.2915413797197288,-1.1268558091960388,0.8842728170937535,0.4032314459956706,-0.3224700655433951,1.2905668235553318,-0.23568474922452834,1.710273730842026,-1.130671646216082,-0.016224658713278335,0.1422609531379847,-1.2905668235553318,0.32247006554339436,0.438080386840281,0.7912135143113154,-0.8280431484712572,-1.2197378062021575,-0.8697229484503528,0.1325402314653172,-0.46483142063624716,-0.3747723420151606,-0.5423417704240322,-0.3318094232724056,1.33810702436318,-0.4692454282090663,-0.944186652494511,-0.8884846632765624,0.7600658542737248,-1.0302635040182315,-0.5986491559356475,-0.1469716669968365,0
-1.100207187344929,-0.17934094905293926,0.27967722576327125,1.7718540298733036,1,0,0,1,0,0,-0.43244705762817587,-0.0843837677086675,-0.579210432367824,0.09802808629069931,-0.25795211518239364,-0.14065519811209928,-0.9163159858562729,-0.7905442088735779,0.7115774235970804,-0.6356055855266195,0.20500512370850216,0.14641511551091882,0.06806427501485396,0.2905702068162617,0.20119881164230008,0.6734221891245942,0.30345500445012263,0.6158334478738868,-0.10705812529392912,0.30587169994287167,1.564494010903931,1.286603289004908,-0.29602582056012994,1.1595629280941335,0.3347247984493196,-0.30587169994287167,0.10705812529392841,-0.03541234474315745,-0.18442671521636386,-1.0463857740085747,-0.5866332819637576,-0.4430159425639276,-0.9701345517591269,-1.1173050988595852,-1.2052948804881005,-1.1624527388592034,1.7776459848341521,1.5657368413548085,0.7532655707677065,0.4691369264526849,0.9392117013495113,0.2524949820049213,-0.7010026615289333,-0.6543183440496418,0.47161139053935697,1
0.4161082917320974,-0.7719995663965628,-0.4445202009343899,-1.161438585374874,1,0,0,1,0,0,-0.2810198135785862,-0.28499163474201683,-0.7199354279589849,0.6332790157608913,-0.923865887798175,-0.7085899208925978,0.9099360390765787,-0.1859322271031511,-0.9726743608110195,1.0407497505071313,0.4808216663223194,1.0801093554715193,-0.021227250533508622,0.3040735331263727,0.04471491057610939,-1.075961843420615,0.831362864526299,0.7440922381879943,0.28185302474922574,1.1936019387174324,-0.961461521124427,0.299992232618819,0.24844054873952764,-0.5816205840814582,0.10136952986384358,-1.1936019387174324,-0.28185302474922647,0.4102278732177254,0.19081952690966666,0.46381738595786837,-0.19901826712392082,0.13730558544161034,1.518759958947476,-0.7910682597479163,-0.983822203561983,0.6358690696027934,-1.2755131584779709,-0.7864379342253526,-2.9051442097523394,-2.383442774174683,-2.377718738157067,-1.8729580456206907,-2.182676452730775,-2.1573864231274804,-2.868737120156088,1
2.266527181453213,-1.1069805240255675,0.27967722576327125,0.3052077222492148,1,0,0,1,0,0,-0.6848257977108253,0.5755870412271339,-0.4512786181940413,-0.08135330628850015,0.6343575162504046,0.5055382463113811,-0.505579737072443,1.0118513446563921,-1.5612515636667355,-0.14426451609606805,-0.6543156609538854,-1.2619010437187947,0.33741309222678023,-0.23749091469256636,1.7276759577772396,-1.2456632531964478,0.2946503960362943,0.0995193615931312,-1.1128149709452282,-0.6174061782631385,0.46572280788390086,0.3419501224002642,0.882511751613162,0.48706234298920176,0.9478036917045501,0.6174061782631385,1.1128149709452275,-0.3139374809687093,1.391607501712964,-0.38226028799923456,-0.9354867953196102,-0.7843815472730677,0.6996301199807459,-0.9541866793037505,-0.5962450189412776,0.015758101167622184,0.1400424443303771,-0.02767187758659086,-0.9254062487227878,-0.38663698373552574,-0.1777138548108673,-0.8895394805998851,-1.1125787146405561,-1.4336869776455579,-1.0748462533011267,1
-0.4320003660567478,0.43908543426214564,1.7280720791585935,2.9451710759725747,1,0,0,1,0,0,-0.7479204827314877,1.7995857661697434,-0.6047967952025805,0.21375801698695704,0.6797739475773028,1.2188105950002748,-2.6310021755285407,0.8332757556080409,-0.5437224231313308,-1.0967213031835314,-1.1883273088876958,-1.0233289963045304,0.28118920080808635,-0.006206636324433488,-0.47879423457476106,0.48930567007401066,-0.05266428414033228,0.1383216025199825,0.6912331826893887,-2.0812553539315815,3.6522709728818104,-1.6233426787439982,1.2349917771949777,1.4293787233909179,1.6799278237758946,2.081255353931581,-0.6912331826893894,-0.2582324537235989,-0.7097714541928067,-0.982702508226857,-0.6124742829530796,-0.596630464683041,-0.9386295579527137,-0.22015379130249568,-0.5408768497097485,-1.1624527388592034,4.081393338424208,-1.3934507795363622,0.9904691974348425,1.5583037212376798,2.174599058920838,-0.033013633646279864,1.0276167615398821,0.06938110143228039,0.904619530814692,1
0.8530127518051386,-1.4934970135974959,0.5693561964423357,1.0385308760612593,1,0,0,1,0,0,-0.20530619155379135,-0.29080635552559214,-0.3361399854376369,-0.2375887127284481,-0.1419356962049884,-0.0400368417139795,-0.6335761968011645,0.1318361225658117,-0.31294192856543274,-0.5730352278260901,-1.2856338989946974,-1.5982310924976082,0.5541426436748486,-0.5505233491765223,-0.5611029518434383,0.8017783653917464,-1.0438642915853364,-1.3406206013597524,-1.6253768875367096,-0.567767582660665,0.33092668072828796,-0.7430498352211617,1.233512033973529,-0.2609443391296051,0.36253194725354904,0.567767582660665,1.6253768875367083,-0.7595776989295921,-0.8598699510432187,-1.3102164465328319,-0.7675202888890147,-1.091610591511294,-1.9152843659515075,-0.7910682597479163,-0.09793149585751397,-1.1624527388592034,0.0012624832707351544,-0.9381911455531051,-1.0257616292358074,-0.32180562690308556,-0.39771434314548676,-1.206771275767887,-0.37174181903963527,-0.6543183440496418,-1.0129879475475077,1
0.10770514344524394,0.6709953280053031,0.27967722576327125,-0.8681093238500562,1,0,0,1,0,0,-0.00340319948767178,-0.398378690021736,-0.6175899766199587,0.34684743728765344,-0.8309970691582983,-0.5744321123617714,0.5335842247320239,0.36015658238954457,1.3499737479712604,1.1881170124289526,1.401942575908138,0.7324237116207322,-1.567842105964455,0.22454539836982662,0.028260906343335012,0.6957938108110359,0.8382942993604622,0.8474890609590456,0.6060821098378343,0.39783372969061137,-0.5175987370566791,-0.46601505653223907,-1.1462536600991944,-0.7738311554649465,-0.9951858925057024,-0.39783372969061137,-0.606082109837835,-0.03541234474315745,-0.25947596364157,-0.8553359766634215,-0.40574627503850064,-0.06751377738387422,-1.033144539371952,-0.7910682597479163,-1.0945585420250417,-0.728375060954584,-0.47058938433204756,-0.4070549059059717,0.11464042204849642,-0.5033334260339178,-0.7530997473783346,0.664896315723324,1.0276167615398821,1.4054416161681371,0.22417816752487937,1
-0.7404035143436003,-0.35971531085317227,-1.168717627632051,-0.8681093238500562,1,0,0,1,0,0,-0.6974447347149578,0.5814017620107091,2.4143940192986904,-0.7074522313552545,2.0604839853061994,0.9938726693635893,-0.409659415964419,0.7565951165365646,0.27208265908161505,-0.3638079612301197,0.18609981941898773,-1.349993519592898,-1.5552554710016475,-1.045136663326786,0.7746884187991452,0.18996347095487906,-1.2734164985878027,-0.47299123438538165,-1.6200102232813596,-0.23452373259539866,-0.47464684941204965,-0.26238468997609105,-0.181051141485248,-0.7712169170952753,-0.7037227597664313,0.23452373259539866,1.6200102232813582,-1.3444804850032512,-0.5596729573423944,-3.020567013241815,-2.498867355173619,-2.6789606534087955,-1.94678935975792,-2.0960156161945913,-1.9250810804979817,-3.0227856441647174,-0.3595654154843339,-0.1035484832504671,0.48869229486974886,0.31354167005482897,-0.025405824425361403,0.37938770007212164,1.5215080252738291,1.5167799923961247,0.2860364732784985,1
-0.6376024649146498,-0.2566442469673251,0.5693561964423357,0.3052077222492148,0,1,0,0,1,0,-0.33149556159511606,-0.22975178729805104,0.5977622580309765,-0.5240202912016859,0.6781261941325861,0.22827877534767327,-0.013369557617814916,0.3413671357757492,-0.16000774773636992,0.2015690328697498,-0.1788154921123514,1.046229928918986,0.5190451459170892,-0.08328822515047384,0.1584986504447887,-0.6371663477198688,-0.45683461611211124,-0.6192775727744602,0.9659140628556914,0.4689510326955308,-0.06462991789644185,-0.30975663837862527,-0.42155477992324686,-0.7252961445453965,-0.37213511980768627,-0.4689510326955308,-0.965914062855692,0.10385022336961848,0.41596727218528484,0.7913313242638433,0.3048812521678669,0.10316902497069583,0.8886600828192224,1.7372672433675176,1.2862727349307197,0.2638024885416898,-0.16527347000083534,-0.4070549059059717,-0.39625969692687113,-0.5422322401333817,-0.7700228618656133,0.2207718024881207,0.03983423407198747,0.29205785388825667,-0.2706882785040748,1
-0.9717058755587404,1.3151894772918502,2.452269505856255,-0.13478617003801185,1,0,0,1,0,0,-0.6091121756860305,0.3627682605482763,-0.42569225535928473,-0.15079126470625479,0.40735690115984496,0.3955288433161035,0.6762974818974414,1.355101698032906,-0.5009959873086326,1.1035328550618129,0.84820304318037,0.5499220053461036,-0.9617120910214648,0.958573842009832,2.05995377285758,-0.24933159665261778,0.5328574807884566,0.0625546394564803,0.6912331826893887,0.06447137185505257,0.01738757692069685,0.20369686102287862,0.4343240889274614,-0.9624293366361332,-1.0416330675403194,-0.06447137185505188,-0.6912331826893894,1.1343932274041606,2.2921984828154374,0.6639647927004092,0.42116575661981864,0.6322857122698633,0.3530751881102058,0.5954383064766764,0.2896456887631914,0.3258135853852078,-0.3595654154843339,-0.3311783002420958,-1.4636760169289798,-1.060883094792903,-1.311562525458524,-1.5874494299694895,0.28677986593896093,0.3477270420022505,-1.569712699330082,1
-0.9974061379159777,2.268596818235939,-0.8790386569529866,0.3052077222492148,1,0,0,1,0,0,0.24897554059497767,-0.4617591465627072,-0.7071422465416066,0.5059760919950078,-1.3077377668943095,-0.7461541072812291,-0.6198495044416212,1.279164321875467,0.5079563708988203,-1.9602201146134601,-1.888657174383523,-0.7064152176759256,1.4525428017399877,-1.1099312926695608,3.5988901226961163,-0.5999807315269409,-1.9679698682275593,-2.128852021560177,-1.6480820055401129,0.6710815639820534,-0.2471144449779019,1.8495959448352242,-1.2973161489212492,0.6967256781614289,0.3769371738774236,-0.6710815639820534,1.6480820055401122,-1.0659553487776992,3.1927894639179106,-0.18211288125669506,-0.4574282770171454,-1.1598837124531223,-0.24551969421163483,0.10608304780917345,1.1755363964676604,-0.5423417704240322,-0.3595654154843339,1.413983630027056,-0.5513543759015367,-1.0868156375258795,-0.7869459763528921,0.6014499566897238,-0.7010026615289333,-0.48731077970765985,-0.2706882785040748,0
0.8530127518051386,-0.5916252045963298,-1.168717627632051,1.478524768348486,1,0,0,1,0,0,-0.5333985536612357,0.049354810313565374,-0.5152445252809326,0.0025508934662866888,0.06623390553984086,0.03598591645348879,-0.05222352960535009,-0.8646796177360602,0.8154544960892519,0.6259122737929368,2.0063132888344972,0.6223433173598453,-1.5041502026165756,0.18676492335601713,-1.1397525110667972,0.2908300254548671,0.6891318092374424,1.4417881461304964,0.454702424768406,0.39783372969061137,0.2592314000112703,0.045020866290107986,-0.8224974859999258,-0.1622357958504466,-1.2006800332099867,-0.39783372969061137,-0.4547024247684067,0.02029268250195297,-1.1600669447440433,-0.5369196477548344,-0.3153027715758717,-0.03337721691295973,0.16404522527173035,-0.6279498401920818,-0.8730858650989243,-0.17027518936292965,0.5563823275093027,0.4275877563966659,1.1638103092300558,0.4950694691856613,0.39767203775660004,0.4428340591057229,1.0276167615398821,1.4054416161681371,0.34789477903211874,0
0.18480593051695732,-0.46278637473902035,2.452269505856255,-0.8681093238500562,1,0,0,1,0,0,-0.571255364673633,0.19472282990294892,-0.38731271110714993,-0.20576298178697722,0.3615452268565275,0.3087734604661691,1.6202258367926043,0.8911057665506988,1.3401106072446836,1.1529733010859367,1.8764901169717962,1.6710563851423779,-1.0833397878839213,1.8787875022854235,1.4333786971407514,0.16082929429961063,1.7228671190768436,1.8459723818962834,0.7902460580981725,1.4953651847184546,-0.375701131524357,0.21285668253531453,-1.6703581636214808,0.15077299727889282,-0.6372963134262689,-1.4953651847184546,-0.7902460580981732,1.5243284181199328,1.0914105080121401,-0.46413877257572894,-0.3153027715758717,0.3591932285025509,-0.024984737566746233,-1.1173050988595852,-1.482135726645747,0.07776919801113909,-0.44283339212011924,0.04820472807728505,-0.41450612974742024,-1.164613265724808,-1.0407926936620688,0.4428340591057229,-0.8656330827735822,-0.26463402725168356,-0.3944048900113141,0
0.44180855408933456,-0.87507063028241,2.8867879618748513,1.0385308760612593,1,0,0,1,0,0,-0.5838743016777656,0.30810988518266813,0.047655457083711085,-0.40771171085194696,0.8227026906963959,0.5520462866020676,1.4803386561087641,-1.9343850291188383,1.5148672113089985,-0.35250049529358823,0.14686047697211474,1.0751157891996035,0.6080864215717895,3.324680194639096,-1.411415994237684,1.2061602607921633,1.2058891245168701,1.3732101823819205,1.5427439112049275,-0.06374491962016399,1.2635343402139303,1.2410786001720322,-0.8587994857673731,1.6719444412887938,1.1497466567238124,0.06374491962016399,-1.5427439112049282,3.7803820215469033,-1.1600669447440433,1.0187715591985484,1.5710903006446677,2.100157812519166,-0.15100471279239655,1.0032343553662626,0.2896456887631914,1.0079356506638961,1.0004782029001573,0.9587239960437993,-0.40538291333714505,-0.7626588533636787,-0.1269445113490324,0.41111087958892223,-0.8656330827735822,-0.9883334727336057,-0.023255055489598248,0
2.08662534495255,0.3617821363477598,-0.15484123025532542,-0.4281154315628296,1,0,0,1,0,0,-0.19268725454965888,-0.2937137159173798,-0.68155588370685,0.3989259061009694,-0.8622998201831014,-0.5341847698025234,-1.1230429085726807,0.5280806654389567,1.7352421785857262,-1.0993697577255253,-0.28458875298154596,-0.3062577294443567,0.06848917057791644,-0.4379799982860246,0.3473525444909298,0.7911524465244472,-0.06615015129662537,0.28506730798925584,0.5745878774132874,-0.9875682768987283,1.1239940485393762,-0.37683713220989096,-1.5771022787777873,1.4195842595906438,0.6482920592868692,0.9875682768987283,-0.5745878774132882,-0.28608496734615396,0.5660657690356972,0.6730624020977969,1.0155087793742343,0.9395147565080901,0.038025250046078915,0.4323198869208419,0.17890935030013266,0.8839134569768611,1.6943780081983673,0.12408133374116129,1.7020800774362477,0.4432043837197094,1.0238272737859035,2.6000102662481344,0.8629863402952329,0.4033962301162448,1.5850608941045057,1
1.4441187860216065,0.5421564981479937,-1.168717627632051,-0.4281154315628296,1,0,0,1,0,0,-0.24316300256618875,-0.28499163474201683,-0.6431763394547153,0.36420692689209205,-0.6807245688122868,-0.5006453176698168,-0.05444804509750176,-0.6244426044717462,0.6619311005994584,0.3601668806429959,0.5712841024232851,0.3511255038683829,-0.11398089087830095,-1.2520851038826097,-0.12211243657003677,0.9236725044642258,-1.3602796402429687,-0.7993428665028472,0.3506288912831737,0.13114384342216406,-1.1753573508102848,0.7347375132063738,0.023319799007206734,-1.835392225854655,-1.5231000420155338,-0.13114384342216406,-0.3506288912831744,-1.2887754577581405,-0.4846237089171882,-1.1828499149693978,-0.5995537824584191,-1.05747403104038,-1.2851844898232538,0.4323198869208419,0.2896456887631914,-1.658541513607341,-1.1644891896302574,0.4275877563966659,-0.6060936743631827,-0.5033334260339178,-1.1423313805857394,-0.5723076854318833,0.6983559190505837,0.848749735028197,-1.0129879475475077,1
0.08200488108800677,0.2587110724619126,0.27967722576327125,-0.8681093238500562,1,0,0,1,0,0,1.7632479810908743,-0.6844629525736429,-0.19541498984647596,-0.29545367807657696,-0.9175056725476384,-0.2980670267882689,1.3307924660590587,-1.9319009931409805,2.063508801313034,2.1235247091817993,3.0057317602021367,0.17863345750422446,-3.3296689529332637,0.48711154462489364,-0.9357184959604645,2.4540479394135293,0.5217833548231074,1.13825635703968,-0.37315522795503414,0.6137255423841171,-1.3637832032066968,1.7142124939003762,-0.3548041477194267,-2.351353440906599,-2.7963127078499954,-0.6137255423841171,0.3731552279550334,0.911573118423719,-0.5596729573423944,1.4918472478627354,2.7856173471428227,2.953571824292016,-0.8756195703398886,-0.6279498401920818,-0.5408768497097485,1.6900577159425842,-1.3587811351137562,1.0346006017076752,-1.0348848456460813,-1.0349505520599276,-1.751563502127764,-1.3653871733518879,1.3568776040291806,1.9621334973080773,-1.4459960878228426,0
1.726821671951222,0.9544407536913834,0.5693561964423357,-1.161438585374874,0,1,0,1,0,0,-0.16744938054139394,-0.305924629562888,0.20117363409225028,-0.45400368313045003,0.28396938305802133,0.11558621618177911,1.3521105873918293,0.8837398781560594,-1.7664553185860177,2.1451897155082493,1.832384263999408,0.5368861691836297,-1.628650612327801,0.49252344286352945,0.9510390464080543,-0.1813247305817272,0.7881443389142686,0.6081507912798113,-0.671183982935474,1.3979208031972914,-1.3880190649069335,-0.26023067806258054,2.232589729766276,-2.116502474459594,-1.7884484052488097,-1.3979208031972914,0.6711839829354733,0.0759977097470634,0.340918023760079,-1.2101427431615621,-1.1034533017502068,-0.7843815472730677,-0.7180946013078251,-1.1988643086375024,-1.0945585420250417,-0.9144083514851348,-1.3032691506898992,-0.2553016945782196,-0.031331040515893936,1.1174504947770867,0.05920974801103089,-1.9364044046542914,0.28677986593896093,1.2384340518261547,-0.2706882785040748,0
1.4698190483788447,1.1863506474345409,-0.4445202009343899,-0.4281154315628296,0,1,0,1,0,0,-0.4198281206240434,-0.10764265084296887,-0.5408308881156891,0.02280363133813179,-0.19405860675457465,-0.10040785555285138,0.11799122692511634,0.5271587732660175,0.5361309529327383,0.43892479466495904,0.4495479704945767,-0.16652519863630783,-0.7294974526438381,-0.9665902364178866,0.5721943309339748,0.7907118691681775,-0.35660586215394635,-0.18473234384203477,0.5745878774132874,-0.7969897706705045,-1.1298752485077028,-0.15033024043278495,0.06168019939976365,-0.9465633490946589,-0.7647895572170684,0.7969897706705045,-0.5745878774132882,-0.8988402670423681,0.5660657690356972,0.09991301006234013,0.49868875958778525,0.32505666803163763,-0.5605696322757617,0.4323198869208419,0.17890935030013266,-0.23228628620644656,-0.9424412519348303,0.19995793940503753,1.1090710107684099,0.9748215097457181,0.4822876101929924,0.664896315723324,2.097714499630101,1.739456744852101,0.7190446135538346,0
-0.020796168340944693,-1.0039094601397194,0.27967722576327125,1.478524768348486,1,0,0,1,0,0,-0.48292280564470574,-0.02565508779455654,-0.6943490651242283,0.47704360932094336,-0.5163665173370557,-0.3883999511990254,-1.6755191391864537,0.6637896133749773,-0.10310792452469769,-0.9286476551879782,-1.7022703460309765,-0.7129246228935183,1.0649330261586367,0.3677965307615015,1.5684668380385107,0.37714060506797836,1.0481710310899555,0.2676091967414856,-0.37315522795503414,-0.6022533438160685,2.697348109619498,0.660183570664534,0.5199419237532005,2.293891522751155,2.474303114887222,0.6022533438160685,0.3731552279550334,0.7723105503109431,2.2171492343902317,1.4736520290679587,1.4806467971820387,1.9294750101645959,-0.024984737566746233,-0.05703537174666111,0.12354118106860354,1.814079909629618,2.6658377356158605,0.7310941790521709,0.2879815338437111,0.5210020119186368,1.480751364942421,0.37938770007212164,-1.4418395571298541,-1.7677021063295222,1.0901944480755505,0
-0.07219669305541997,0.4133176682906843,-1.168717627632051,-0.4281154315628296,1,0,0,1,0,0,-0.6343500496942954,0.3895159761527229,-0.2849672597681238,-0.26941444366991896,0.6694071639177728,0.5077742097868949,-0.999901478651938,0.13422728045926297,0.2669422867514517,-1.459401533804571,-1.6114471657727036,-0.27659254854499066,2.3113500974665473,-0.9534064596581547,0.3752598673099737,-0.7104588544773662,-1.0464680413275456,-1.4964369541984341,0.17516607449815386,-0.550966827225982,0.43775484552152477,0.1916959423294667,-1.0788616809678,0.9338975229880567,0.6339808097293578,0.550966827225982,-0.17516607449815458,-0.9266927806649233,0.26586877533487285,-0.20940570944885942,-0.5349512799851129,-0.8867912286858101,-0.2140147004052217,1.5741488238116832,1.6184817503198954,-0.5423417704240322,0.41760236644966076,0.19995793940503753,0.06902433999712428,-0.5033334260339178,-0.1269445113490324,1.0138512904081252,-0.7010026615289333,-0.9883334727336057,0.10046155601764112,1
-0.4063001036995106,1.3667250092347738,0.5693561964423357,0.3052077222492148,1,0,0,0,1,0,-0.356733435603381,-0.2152149853391127,-0.4896581624461761,-0.03216808574259063,-0.18922592631614796,-0.14065519811209928,-0.6584875253751488,-0.08229037359499505,0.9744323383872822,0.7043922071881177,0.6339672976763118,-0.02039582676211257,-0.7091423206724513,0.7502570536971587,0.3620619524232919,0.8068595821796517,1.2086625262858974,0.8499458348498253,0.03622492998512883,-0.06374491962016399,1.6652909414427972,0.47565183607798334,-0.5212655834029026,0.24690064298669118,0.005618143058030938,0.06374491962016399,-0.036224929985129536,0.49378541408539117,0.11577027848446049,-0.5824076947417753,-0.10857476366129187,0.3762615087380082,-1.222174502210428,-0.8726274695258333,-0.983822203561983,-0.35630847989348147,1.1670141561717275,0.12408133374116129,-0.8159276517994943,-0.9312203811280227,-0.7869459763528921,-0.3185222492974822,-0.20711139779498602,-0.26463402725168356,-0.7036964187794109,1
0.2105061928741954,-1.1069805240255675,0.5693561964423357,0.3052077222492148,1,0,0,1,0,0,-0.38197130961164594,-0.19195610220481132,-0.46407179961141953,-0.049527575347029285,-0.10973330115544346,-0.10935170945490646,-1.0681267707085431,-0.7812204814563455,-0.42020735809431703,-1.4645725457611822,-1.4234721144452782,-1.4006608322004845,1.3802163370857243,-0.6196051532218062,-0.19243238500562854,0.29434973582721397,-0.6913221759518202,-0.30756114511832733,-0.31054414497595056,-1.6023404173227471,0.8661541072443649,0.879475088872721,0.870230633070801,1.2930397872910966,1.5503098684106578,1.6023404173227471,0.3105441449759499,-0.7595776989295921,-0.4846237089171882,-1.0008977270216337,-0.7158382869103699,-0.9209277891567239,-0.7495995951142377,-0.22015379130249568,-0.09793149585751397,-0.9764194483286528,0.41760236644966076,0.35171115073279,-1.0622544948769042,-0.5162996974004062,-0.008482709938082702,-1.016432198667086,-1.1948939252628807,-1.7677021063295222,-1.198562864808365,1
-0.07219669305541997,0.8513696898055362,0.27967722576327125,0.5985369837740325,1,0,0,1,0,0,-0.8236341047562825,6.183885236985551,-0.2210013526812325,-0.28677393327435763,2.563895407532787,4.977465197338928,0.2294871587452344,-0.32312833401566166,-0.17698793224474663,0.8706550986397468,1.3181654530891753,1.5337283165209203,-0.6761534010645198,-0.16137818165003465,-1.064823397940539,0.6896682061163445,0.5162663728094495,0.8390619426427488,0.5061221547512287,1.5898567061935227,-0.4803546582156932,-0.6232129254474517,0.934998468308079,-0.6642779703970113,-0.8944989706059997,-1.589856706193522,-0.5061221547512293,-0.5367575899491508,-1.3101654415944555,-1.6468279942361959,-1.1163738022448682,-0.8867912286858101,-1.348194477436079,-1.0357458890816678,-1.3160312189511594,-1.5965304167638241,-0.6648813298155464,-0.8623145398892288,-1.1078705769282764,-0.5292659687668935,-0.7361766328910565,-1.8095116865870906,-0.8656330827735822,-0.2089648391376897,-0.8274130302866491,1
-1.7941142709903475,0.10410447663314094,-0.8790386569529866,0.3052077222492148,1,0,0,1,0,0,3.643469594706613,-0.7524951857414743,-0.016310450003180245,-0.393824119168396,-1.1188269687612524,-0.27436581394782295,-0.6212022983315255,1.8402538161716782,-1.6317179685434546,-1.0623347681452118,-1.9001460216622978,-1.6842385206288422,1.7484077107548468,-0.621537092305525,2.6035498465118865,-1.6239243100918437,-0.502888113261679,-1.318629707685532,-0.7279513648365089,-1.5751271636218847,0.2427643782870806,0.08237296670380269,0.5987258048955628,0.9364904909176849,1.1828976305382894,1.5751271636218847,0.7279513648365081,-0.48105256270404034,2.81754322179188,0.6275743551108558,-0.37990527404917784,-0.5454256239766699,1.0146800580448727,0.5954383064766764,1.1201682272361313,-0.4803306735805153,-0.05424950115312168,-0.2553016945782196,-0.97102233077416,-0.5551985114998699,-0.1777138548108673,-0.794369942049485,-0.5363722402842841,-1.1553410370755877,-0.76555472453303,0
-0.7404035143436003,0.7482986259196881,-1.168717627632051,0.5985369837740325,1,0,0,1,0,0,-0.6974447347149578,0.5814017620107091,-0.5664172509504457,0.08645509322107353,0.4742445592557529,0.38032429168260984,-0.5430805433609399,0.2941617716489207,0.31002444571215537,-0.9720210785805007,-0.30705494248453225,-0.7918271611277582,-0.3469300083788173,-1.1017718222548254,1.0832632804362616,-0.1950799654838489,-1.4056005399239397,-0.8932629929013431,-1.5860629517126332,0.4930801176436292,-0.34571070742600957,0.6814431108367041,-0.6198503550400435,-0.08063166686904624,-0.4729109894919737,-0.4930801176436292,1.5860629517126332,-1.3444804850032512,-0.25947596364157,-2.7385411219227804,-2.382582850721668,-2.610687532466968,-1.726254403113031,-1.7697787770829225,-1.482135726645747,-2.7127301599471316,-0.47058938433204756,0.35171115073279,-0.6790794056453779,-0.8663890242955825,-0.8377153198147269,-0.3502454288142823,-0.20711139779498602,0.013711913318286572,-0.3944048900113141,1
0.15910566815972013,-0.6431607365392533,-0.15484123025532542,0.5985369837740325,1,0,0,0,1,0,-0.7226826087232228,0.9535438921595311,-0.34893316685501513,-0.2260157196588223,0.970622355816839,0.9080116719038602,0.3468353017207957,-0.5629487850599636,0.39428215642715336,0.48749783959812776,0.7369789760396924,-1.2844035654587989,-1.2368425897045183,0.3884812313978328,-0.4629656351000151,-0.22798823056972325,0.580174200822223,0.5366836484210715,-0.5940660301642549,-1.1625858176247739,-0.09411706087215004,0.3088760644693403,-0.768103100987781,-0.08328732438711617,-0.4341416374211607,1.1625858176247739,0.5940660301642541,-0.03541234474315745,-0.7848207026180125,-1.3102164465328319,-1.2068173057074962,-0.9550643496276378,-0.6865896075014126,-1.0357458890816678,-0.9284540343304539,-0.9144083514851348,0.1400424443303771,0.6552175733882943,1.0087156302553917,0.4043055696202447,0.34690269429476517,1.0772976494417266,1.933084078385452,1.3497724280541432,0.40975308478573785,1
-0.1749977424843705,0.15564000857606544,-1.6032360836506476,-0.13478617003801185,0,1,0,0,1,0,0.8294466427850714,-0.5600279278051304,-0.8094876978806327,3.159084753206716,-2.3129710349404746,-2.8721081797997243,0.4729150193526098,0.9682983646957763,-1.5354548895299314,-0.1822127477988205,-0.6422452746666792,0.18600491247705273,1.0111040245955236,-0.7277470081784273,0.5349403848309472,-0.6187788317813732,-0.324275317028117,-0.2099332179788228,0.6912331826893902,-0.4318681387001143,-1.3847560822282485,-0.7931283593312395,1.4772052208934712,-0.07538818656298826,0.6299913844777671,0.4318681387001143,-0.6912331826893908,-0.5367575899491508,0.8662627627365218,0.9550882934168308,0.44700675760914055,0.2909201075607231,1.3297299961089997,0.9216751455883455,0.6218547041523672,0.5118468759157585,-1.3865371273256843,-1.0140677512169813,-1.1808563082104715,-0.3607044410025493,-0.36386811417093057,-1.397110352868688,-1.1125787146405561,-1.378017789531564,-1.0748462533011267,0
-0.9717058755587404,0.5936920300909173,2.452269505856255,-0.13478617003801185,1,0,0,1,0,0,-0.6091121756860305,0.3627682605482763,1.301387235986781,-0.6316491267492056,1.4629294629411524,0.7671459729464926,0.24358171361437922,2.0037665526949344,0.05481830853441312,0.7009187428093182,0.19209989940612823,0.34985449530011076,-0.46085342445558364,0.9749477999093982,2.2780670989310345,-0.19037553590416484,0.5653460974588735,-0.19523713664485917,0.5335460107420674,-0.05200463268990121,0.6354500519928061,-0.4681148670827498,-0.26624751802774227,-0.38630848932603673,-0.4403503416143406,0.05200463268990121,-0.5335460107420681,1.245803281894381,2.667444724941468,0.9186978558272787,0.6666552660183818,0.8883099158017184,0.16404522527173035,0.8401159358104279,0.6218547041523672,0.6358690696027934,0.5286263352973745,-0.482931511569848,-0.15905607025973648,-0.2699405414371327,-0.39771434314548676,-0.033013633646279864,0.6983559190505837,0.7374113588002092,-0.2706882785040748,1
0.46750881644657266,-0.5916252045963298,-0.4445202009343899,1.478524768348486,1,0,0,1,0,0,-0.7100636717190902,0.8779525219730516,-0.5152445252809326,0.0025508934662866888,0.6425349774034481,0.6732355069749141,-0.24544225711146042,-0.25484036225098455,0.7269705809526874,-0.3137652325652259,0.7703684008142143,0.5358592367586698,-0.7899940891166276,0.048925283636342166,-0.6281056000380371,0.06336020895975768,-0.273688470402197,0.2718549309655018,0.633698674005907,0.10235345797273021,0.3901790001808876,-0.2794460068460269,-0.9301222382516484,0.15249178447156342,-0.7361032227752988,-0.10235345797273021,-0.6336986740059076,0.29881781872750485,-0.3345252120667762,1.0187715591985484,0.8992242749222835,0.7346953936826055,1.1722050270769362,0.5138790966987595,0.2342775195316623,0.9459245538203791,0.6674062963570164,0.04820472807728505,1.0634549287170376,0.35244048415429274,0.39767203775660004,0.7600658542737248,0.8629863402952329,1.0157572993701793,0.2860364732784985,0
0.33900750466038404,-0.46278637473902035,1.4383931084795292,-0.8681093238500562,1,0,0,1,0,0,-0.7605394197356201,2.0118230747702435,-0.38731271110714993,-0.20576298178697722,1.1862104727190608,1.7062506326622773,0.4774963444725472,-0.6192355989919444,0.8987806060229832,0.3371290868078819,0.6363974625817272,1.3341090244949017,-0.11811681243438274,0.2392098665605965,-0.3668781839804761,-0.6310933774683234,0.7415503584360491,0.2505149432714386,0.9573302853504951,0.8700970699576553,-0.42495461039542737,0.48238978221798845,-1.8628511797043121,0.2798689951186347,-0.5827687862087721,-0.8700970699576553,-0.9573302853504958,0.0759977097470634,-0.4846237089171882,-0.5005292101652823,-0.7287587874050313,-0.42594766232847037,-0.08799472517957138,0.10608304780917345,-0.319404172783631,-0.8523972546416179,-0.4150773999081907,0.4275877563966659,-0.04957747333644305,-0.996051737960463,-0.8377153198147269,0.886958572340925,-0.28942660841731066,0.1250502895462747,-0.2706882785040748,1
2.08662534495255,-0.87507063028241,-0.15484123025532542,1.0385308760612593,1,0,0,1,0,0,-0.19268725454965888,-0.2937137159173798,0.047655457083711085,-0.40771171085194696,0.20649381511185352,0.0892018471707166,-1.1187007999945877,-0.1068013478490637,1.2481935973721006,-1.291809197550642,-0.8864808212985751,0.06547196922336387,0.5574924588474041,-0.2740678106498825,0.8669868953815235,0.6536923113684998,-0.12939525994144369,-0.017068666598076848,0.3041828515459622,-0.21238889143210804,1.2817353674305334,1.0151166410015524,-1.0494247312615355,1.6168447605281764,1.1358042531550765,0.21238889143210804,-0.3041828515459622,-0.11896988561082296,1.0914105080121401,0.6730624020977969,0.9379857764062678,0.8371050750953478,-0.08799472517957138,0.5138790966987595,0.40038202722625016,0.8839134569768611,1.194770148383656,0.9587239960437993,0.03253147435602734,-0.5162996974004062,0.10997909147286698,0.9821281108913258,-0.4540570296619595,-0.5986491559356475,0.40975308478573785,0
-0.07219669305541997,-0.41125084279609675,-1.168717627632051,0.5985369837740325,1,0,0,1,0,0,-0.6343500496942954,0.3895159761527229,-0.3745195296897717,-0.2115494783217901,0.5581080779839983,0.4630549402766194,-0.9635477368160988,-0.3658020460581023,-0.9078807826979699,-1.4301249966773997,-1.8199884112687765,-0.2757573551686225,1.8549157202852107,-0.8951994916900967,0.36691277988067844,-0.8625801434975856,-0.5914360919859867,-1.3033989861682849,0.08962234189036815,-0.4649864905896614,0.4453637991124941,0.8696399564304893,0.37429358683122593,1.3455487018700818,1.0935586463725893,0.4649864905896614,-0.08962234189036815,-0.8988402670423681,0.19081952690966666,-0.3913578973966235,-0.7545997883943533,-0.9209277891567239,-0.34003467563087314,1.166352774922097,1.2309045656991897,-0.6043528672675491,0.1400424443303771,0.4275877563966659,-0.8706669502611417,-0.5681647828663581,-0.0423289389126401,-0.8895394805998851,-0.7833178721512579,-1.0440026608476,-0.6418381130257917,0
0.2105061928741954,-0.07626988516709207,0.5693561964423357,0.5985369837740325,1,0,0,1,0,0,-0.38197130961164594,-0.19195610220481132,-0.8350740607153893,4.171721646798971,-1.913965681136189,-3.3716224202295013,-0.39826019507751476,-0.45766019869208696,0.7495599654864278,-1.0070229893312033,0.19465547404364147,0.0840769679209176,0.16444966840064515,-0.7064581992598483,-0.06664185594388441,0.5132297231179767,-0.7092147681430419,-0.0920431491808589,0.1359000988749071,-0.020113106998745453,-0.1520942127740267,0.5613926371050261,-0.5089272071796762,0.657177867056835,-0.34292387012615716,0.020113106998745453,-0.1359000988749078,-0.8431352397972577,-0.40957446049198204,-1.0827762115981268,-0.6899972859210471,-0.9038595089212672,-0.7811045889206503,0.02452383803125581,-0.04256332662598434,-1.0384305451721696,-0.24854144663662048,0.35171115073279,-0.42362934615769415,-0.6070635969658218,-0.33002188519637315,-0.635754044465484,-0.12479618717266176,-0.15329565102369538,-0.8892713360402683,0
-0.9717058755587404,0.15564000857606544,2.452269505856255,-0.13478617003801185,1,0,0,0,1,0,-0.6091121756860305,0.3627682605482763,-0.8094876978806327,3.159084753206716,-1.00139976970615,-2.162413372671653,1.6167169633007157,2.3373083059688176,-1.1693745315736779,0.4606945828204782,-0.7527181777286129,-0.5381955907070525,0.9581520709082837,0.9798827713497874,2.337158929036199,-0.2712822790827185,0.8712773901473584,-0.002950451834638833,0.5873904109192033,-1.3166012534636966,-1.2689969731979542,-0.866714492790128,1.3259616308250466,0.24157508577737943,0.9756899541885561,1.3166012534636966,-0.587390410919204,1.4407708772522676,3.042690967067499,1.4281639820810177,1.0413497803635572,1.4003583228654286,0.5421051509486824,0.9216751455883455,0.6772228733838963,1.069946747507413,-1.3032691506898992,-1.0899443568808573,-1.262965255902942,-0.5033334260339178,-0.38079122865820925,-1.2702176348014877,-1.0302635040182315,-1.545025353873546,-1.198562864808365,0
-0.5862019402001745,0.3617821363477598,1.4383931084795292,1.1851955068236681,1,0,0,1,0,0,-0.4955417426488382,-7.03163468250324e-5,0.08603500133584588,-0.42622849976334815,0.652393635096063,0.32934432444089584,0.6921903998274843,-0.2850288974897396,-0.36406839003063185,0.5418147100828159,-0.3900999047915762,0.24657304384469336,0.6917861035491724,0.18886210780832896,-0.3060314510266551,-0.9867202056858921,-0.04222989108544532,-0.9757415062255093,-0.13124877099039398,0.4664671563038157,-0.7737988079149667,0.08463551734861766,-0.4938649622453105,-0.7738311554649465,-0.4454726864066768,-0.4664671563038157,0.13124877099039328,0.4102278732177254,-0.03432821836595151,0.8823074182377254,0.17567624722125458,0.15437386567706757,0.6051151385615076,0.8401159358104279,1.009431888773073,-0.10826409251941274,-0.7759052986632599,-0.02767187758659086,-0.3050275328241268,-0.5033334260339178,-0.7530997473783346,0.31594134103852145,-0.28942660841731066,-0.09762646290970158,-0.5181215015185524,0
-0.8689048261297889,0.33601437037629844,1.0038746524609323,1.478524768348486,1,0,0,1,0,0,0.059691485532990585,-0.4123340199023168,-0.7839013350458762,2.0046786945115453,-1.6378504387141226,-1.8663718085136294,0.6281092033449179,1.1698203962576486,-0.3107329462006544,0.6347776996173995,0.6846320112528967,-0.4799731972112626,-0.6612981661578682,1.2728078183561657,1.1722190848301905,-1.1348761665385039,1.7718521337590218,1.1504317299786366,0.4025854781078499,-1.0539055705610194,0.39837343793999674,-0.43131186015756934,-0.7156587532593138,0.8993945257087683,0.23311752581462475,1.0539055705610194,-0.40258547810785056,1.1900982546492709,1.0914105080121401,0.018034525485845748,-0.5737127814690962,0.10316902497069583,0.9516700704320475,-0.38327221085833024,-0.5962450189412776,0.3258135853852078,0.11228645211844858,-0.6346847228976005,-0.8341740846200435,-1.0349505520599276,-0.6684841749419423,-0.3819686083310823,0.03983423407198747,-0.4316415915936655,-1.136704559054746,1
0.9558138012340891,1.4440283071491598,-1.168717627632051,-1.161438585374874,1,0,0,1,0,0,0.21111872958258027,-0.45885178617091954,-0.2593808969333673,-0.28098743673954474,-0.38565759187774024,-0.135736078465969,-0.04631581963107547,-0.23630175184604849,0.37992436597229484,0.018631721952982294,0.18468559391706602,-0.9754525705143036,-0.9602676225730263,-1.413725932946064,-0.2937125406413961,2.2776659606858547,-1.6142006952950612,-0.9068004996475614,-1.0228468552315015,-0.31595390708670573,-1.3481750201260785,0.030096794744344037,1.7694652973956804,-1.6257840320701964,-1.1254145107570819,0.31595390708670573,1.0228468552315009,-1.3444804850032512,-0.3345252120667762,-0.20030810005147043,0.9767472778902511,0.18851042614798086,-1.6317394216937933,-0.13859458152457876,0.40038202722625016,-0.23228628620644656,-1.3310251429018278,-0.2553016945782196,-0.8432973010303187,0.09311505682453199,-0.5669454880182719,-1.7777885070702906,0.9453015509175579,0.848749735028197,-1.3222794763156045,0
-0.9974061379159777,-0.4370186087675581,1.4383931084795292,1.7718540298733036,1,0,0,1,0,0,-0.6722068607066928,0.47673678790635304,-0.7711081536284979,1.886055515547881,-0.418799346829256,-1.0909396752054528,2.3749819630224556,1.016399512026398,-0.16182821530927227,2.066376213771991,1.9563825745686065,-0.9511795442265718,-2.004111335313896,2.858498815840511,1.0873848042225716,0.5235940817140812,2.4788583935727764,2.642889971211176,-0.5252107151899512,-0.7763978591033001,-0.44629189693025473,-0.3057220017428548,0.7473861485069883,-0.3335474031100202,0.03687449743067441,0.7763978591033001,0.52521071518995055,2.5827239357770297,0.9413120111617277,-0.13662483426975403,0.14983524623193267,1.1614023995690306,0.038025250046078915,-2.1775748259725085,-2.312658265118687,0.8839134569768611,-0.5538573609678327,-0.482931511569848,-0.669956189235104,-0.21807545597118072,-0.33002188519637315,-0.826093121566285,0.2044646553166367,-0.15329565102369538,-0.6418381130257917,1
-0.07219669305541997,-0.41125084279609675,0.5693561964423357,0.5985369837740325,1,0,0,1,0,0,-0.81101516775215,4.189436008219209,-0.3745195296897717,-0.2115494783217901,1.926956945129057,3.385459202773121,-0.264911258738103,-0.031086911163443733,-0.19175641878382915,-0.7037616823206785,-0.8522785546529367,-0.9339728692961172,0.2809451111504819,-0.18161844212662792,0.9859571062760584,-5.329676518589068e-4,0.3775130491699145,-0.2843889725905792,-0.2859102762628674,-0.9902652685099177,0.1868945465022828,1.0303779460973597,0.2616018672646373,1.3250721072242253,0.8303533823008163,0.9902652685099177,0.28591027626286675,-0.3139374809687093,0.641115017460903,-0.600602913536552,-0.5091102789957901,-0.34060626115118536,-0.9386295579527137,-0.5463906304141645,-0.4855086804782194,-1.1004416420156866,0.029018475482663446,0.7310941790521709,-0.49661507743988936,-0.2958730841701091,0.22844089288381547,-0.7626467625326843,-0.04248097655033679,-0.48731077970765985,-0.3944048900113141,0
-0.07219669305541997,0.15564000857606544,0.27967722576327125,-0.13478617003801185,1,0,0,1,0,0,-0.8236341047562825,6.183885236985551,-0.7455217907937414,0.9515363251756,1.4350827726849007,4.020472829819033,-0.200049113183724,-0.6714372828993396,0.940689871679144,-0.26176342352585,0.2904040516540182,0.4637581298478236,-0.15910592268138593,-0.2774162908158427,-1.0330128890087473,0.7429694843509487,0.027706965599836614,0.5861193867036273,0.8518955842960956,-0.21238889143210804,9.820725305860532e-4,-0.11328089260602904,-0.5393418878138524,0.381099250419325,0.19469201226522617,0.21238889143210804,-0.8518955842960962,-0.5646101035717058,-1.2351161931692491,-1.3829973217119373,-0.8579637923516437,-0.801449827508525,-1.0961545269847772,-0.5463906304141645,-0.9284540343304539,-1.4104971262332722,-0.3040534310604773,-0.482931511569848,-1.1899795246207467,-1.2424108939237355,-1.0407926936620688,-0.5088613263982832,-0.4540570296619595,-0.5986491559356475,-1.0748462533011267,1
0.3647077670176212,0.15564000857606544,1.1487141378004646,-0.13478617003801185,1,0,0,0,1,0,0.097548296545388,-0.4309411264097579,-0.8094876978806327,3.159084753206716,-1.932001799981851,-2.772831401486913,0.17817473753843882,0.6370534245039482,-1.3034795149627376,-0.5279326706115759,-0.9143832334230888,-0.7298983678967385,1.131312535997717,-0.8862916014314374,0.014480199532669307,-0.3421663662097065,-0.7269439576658484,-0.34753417077540166,-6.192842294857107e-4,-0.9948801208223941,-1.1333284350961106,-0.8598698717418282,1.4380559641341082,-0.007622206047752856,0.8494435105266721,0.9948801208223941,6.192842294857107e-4,-0.7595776989295921,0.19081952690966666,0.5547934799317504,0.279040251178545,-0.03337721691295973,0.9201650766256344,0.5138790966987595,0.5664865349208381,0.20179139169817292,-1.1644891896302574,-1.0140677512169813,-0.9436526815433369,-0.1532440991387405,-0.14386762583630988,-1.0798785577006862,-0.9479482933959068,-1.378017789531564,-0.9511296417938885,0
-0.9974061379159777,-0.41125084279609675,1.4383931084795292,0.5985369837740325,1,0,0,1,0,0,-0.6722068607066928,0.47673678790635304,-0.3745195296897717,-0.2115494783217901,0.6947923288054055,0.5301338445420326,1.9164599205368524,0.20159814779803395,0.2735510033046576,0.9364861501177135,1.2303671934266998,-0.9361970373850622,-1.2826930222087256,2.772649977036912,1.1982537940742763,0.5935535022377727,2.5556982186996335,2.6220890714222795,-0.40749033797582196,-0.8727171435694476,0.10551501660352575,0.923684561736082,0.22251064213709923,1.269054233717979,0.9604220201417341,0.8727171435694476,0.40749033797582124,2.4713138812868096,1.0163612595869336,-0.19121049065408274,0.13691474573727128,1.178470679804488,-0.15100471279239655,-2.0144564064166746,-2.146553757424099,0.8219023601333442,-0.16527347000083534,0.4275877563966659,-0.97102233077416,-0.723760039264214,-0.2284831982727022,-0.8895394805998851,-0.5363722402842841,-0.9326642846196119,-0.76555472453303,1
-0.8689048261297889,0.5421564981479937,1.0038746524609323,-0.4281154315628296,1,0,0,1,0,0,-0.33149556159511606,-0.22917031521969353,-0.6431763394547153,0.36420692689209205,-0.5745654310251282,-0.4577148189399523,2.0778419466471827,0.17076767994411626,-0.6365898969170269,2.6521063789165087,2.1471088881242513,0.40627477002574613,-1.9512881547182557,1.5938794897356963,1.1113955161886822,-1.146504745349843,1.5536792021244512,1.023186879850947,0.3422533759207262,0.21466759901173121,-1.2967042010593701,0.8789876303804683,-0.28188698560709474,-2.0422229171773436,-1.7924038702834828,-0.21466759901173121,-0.3422533759207269,1.6914434998552643,1.2415090048625523,0.46381738595786837,-0.23777976860790415,0.3762615087380082,1.3612349899154128,-0.30171300108041293,-0.4855086804782194,0.8219023601333442,-1.2477571662660425,0.6552175733882943,-0.3688900476960481,-0.4514683405679659,-1.176177609560296,-0.28679906978068154,0.9453015509175579,1.1827648637121608,-0.8274130302866491,1
-0.9974061379159777,-1.4677292476260335,1.4383931084795292,-0.13478617003801185,1,0,0,1,0,0,-0.7100636717190902,0.7209550608165174,0.25234635976176334,-0.4568969313978565,1.4127661556146147,0.9075644792087575,1.0492557581620712,-0.43184634570996355,1.3977874564573787,1.2516164070614435,1.5037764407372443,-1.7121057635343453,-2.3161244552874556,1.6237322341348301,1.2618831496031064,0.4022804596933483,1.889027471910055,1.5148809776839163,-1.2649401125490116,-1.0805558572323073,0.16339844305267712,1.8568494999941076,-1.5065692129220372,0.18227428658178532,-0.4759965948099265,1.0805558572323073,1.264940112549011,1.4407708772522676,1.0914105080121401,-0.1548200530645294,0.07231224326396513,0.8371050750953478,-0.4660546508565234,-1.9328971966387571,-1.814344742034923,0.44983577907224165,0.3898463742377325,2.2486262923296945,0.9266066825629212,-0.08841274230630035,-0.008482709938082702,1.5214221626769286,1.7684536571408034,1.2384340518261547,0.16231986177126023,1
0.6731109153044746,-0.17934094905293926,-0.8790386569529866,1.7718540298733036,1,0,0,1,0,0,-0.5838743016777656,0.14239034285077085,-0.5024513438635544,-0.03216808574259063,0.21019201111646588,0.1343683093760948,-1.4582451943970913,-1.0635754090899863,-0.7809115939200233,-1.5976677950215292,-1.0827914159405243,0.12866391335205363,1.8479172769801537,-0.633108252453416,0.08612331917908227,-1.4401779131639085,-1.05466503125673,-1.319455341836896,-0.6300765684554116,0.8003845014165709,1.395131134268617,1.5460670776666012,-0.37970760291932887,1.1125583267983004,0.1194905413173664,-0.8003845014165709,0.6300765684554109,-0.7317251853070371,-0.18442671521636386,-0.7734574920869285,-1.3231018101594472,-1.5865907183395476,0.1010352376589052,0.5138790966987595,0.954063719541543,-0.790386157798101,1.3890620938671545,1.5657368413548085,0.24236545179233895,0.002351157259115363,0.4484413812184362,-0.1916295312302808,-1.1125787146405561,-0.9326642846196119,0.038603250264021984,1
1.0586148506630406,-0.6431607365392533,-0.15484123025532542,0.5985369837740325,1,0,0,0,1,0,-0.2810198135785862,-0.2669660003129332,-0.2849672597681238,-0.26362794713510607,0.0034933913019904545,-0.0015782699351426037,0.4183266608370007,1.1878891547205745,0.017243450121040976,0.5022985494272717,0.3244926143035652,-0.0164009737445809,-0.356312868559353,0.28866734635368635,2.0506437919941636,-0.8428860282551813,0.3536017086696835,-0.32866714148841936,1.3779353831051453,-1.388988508307989,-0.293260393880851,0.42387478989239596,-0.8705915447522359,-0.3279475332775469,-0.7427357847285238,1.388988508307989,-1.377935383105146,0.49378541408539117,2.367247731240644,0.8095265430586199,0.2015172482105774,0.3421249482670949,0.7941451013999841,1.9819448727012692,1.2862727349307197,-0.10826409251941274,-0.1375174777889068,0.6552175733882943,0.6894030558957865,0.09311505682453199,-0.0423289389126401,0.7917890337905242,2.4269753421193996,1.6837875567381073,-0.20882997275045564,1
1.8296227213801723,-0.978141694168258,-0.15484123025532542,2.505177183685348,1,0,0,1,0,0,0.3877838476404349,-0.4954845271074442,-0.68155588370685,0.41570674605192676,-1.2854965581702202,-0.7023292231611592,-0.8979125966546941,-1.9811680848100626,-0.5998554310527054,0.1297984120290142,-0.15113898409752485,0.2750568443262069,0.3029887318955766,-0.24161068373411057,-0.1945819853862704,-1.261976189238507,1.0430026747961147,-0.2858429422323296,0.21054164239835904,0.16633209230480636,1.0071547748891996,2.5242874099193573,-0.4481418961400247,0.8588743175574886,-0.08258191677113927,-0.16633209230480636,-0.21054164239835974,-0.3974950218363748,-0.40957446049198204,-0.7461646638947628,-1.2197378062021575,-0.8185181077439823,-0.37153966943728567,-0.30171300108041293,-0.4301405112466897,-1.1624527388592034,1.3057941172313696,3.007392348968456,1.0178388466656656,0.5987996401175653,0.9392117013495113,0.37938770007212164,0.03983423407198747,0.1250502895462747,0.7809029193074537,1
1.3670179989498932,-0.7462318004251005,0.27967722576327125,-1.161438585374874,0,1,0,1,0,0,-0.4955417426488382,-0.029143920264701743,-0.7071422465416066,0.6274925192260784,-0.5451168139911332,-0.5073532080963581,1.9409305865296653,-0.3382692737583166,-0.07993814576835362,1.1254480474308632,0.9888882519237175,1.4595989821429756,0.04664374995267513,1.54413121448799,0.46614582713618974,-0.4309892464988513,0.4036842640965296,0.2630791919103901,0.3422533759207262,1.6512761951523172,-1.156033512485386,0.9312598507243068,-0.3238245050777885,-1.120121298174051,-1.0287575325665104,-1.6512761951523172,-0.3422533759207269,1.1622457410267157,0.19081952690966666,-0.6187981323313287,-0.7287587874050313,-0.5454256239766699,-0.11949971898598452,-0.30171300108041293,-0.4855086804782194,-0.6043528672675491,-1.2755131584779709,0.04820472807728505,-1.8377278897502307,-1.6832641203843295,-1.90387153251327,-1.238494455284687,-1.5241547677521787,-1.0996718489615938,-1.8171459223445585,1
-0.020796168340944693,-0.35971531085317227,0.27967722576327125,-0.4281154315628296,1,0,0,0,1,0,-0.4576849316364408,-0.07217285406315928,0.009275912831576286,-0.38745897298010185,0.5273750173084321,0.2439305196762697,0.5188375105556151,1.614226027018333,-0.5384326685775042,1.3464329038355467,1.0812402556022245,0.3593236310752484,-1.107468423934579,0.19847406227494385,1.5304486112507638,0.1181474400426818,0.7117172431426061,8.401996375431242e-4,-0.2249492467260648,0.7131765006161427,-0.5231432438563812,-0.6824060595796011,0.8547822786938343,-1.1132173532780119,-1.404844995653201,-0.7131765006161427,0.22494924672606412,0.605195468575612,2.2171492343902317,1.555530513644453,1.3902032937194106,1.673450806632741,0.3215701943037938,0.35076067714292497,0.5111183656893089,1.814079909629618,-0.7203933142394032,-0.9381911455531051,-1.2264723902618437,-0.671894953798262,-1.0238695791747903,-1.9364044046542914,-0.12479618717266176,0.23638866577426285,-1.4459960878228426,1
1.4441187860216065,-0.5916252045963298,-1.168717627632051,1.478524768348486,1,0,0,1,0,0,-0.356733435603381,-0.19195610220481132,-0.5536240695330674,0.028590127872944675,-0.3137996119087717,-0.16972272329377835,-1.2341778496292206,-0.2811308187421983,2.2588217058648197,-1.376644418153391,-0.25383597115201706,0.48065691684544687,0.8836615039939268,-1.3295949807451837,0.04318671486606233,2.0256350499987423,-1.941773206122541,-1.3116650459616823,0.3041828515459608,0.3538738583276802,0.38763870450861043,0.4291243743429377,-1.0523170691430617,-0.06567127688016992,-0.9505864281363524,-0.3538738583276802,-0.30418285154596153,-1.3444804850032512,-0.3345252120667762,-1.11916664918768,-0.05689276168264715,-0.8185181077439823,-2.009799347370745,1.0847935651441794,1.009431888773073,-1.5965304167638241,0.6674062963570164,0.8069707847160468,1.0725781451273115,0.28760912732185256,0.24536400737109418,0.8235122133073248,0.8629863402952329,1.1827648637121608,0.16231986177126023,1
-1.100207187344929,0.3617821363477598,0.27967722576327125,-0.4281154315628296,1,0,0,1,0,0,-0.4703038686405733,-0.05821752418257845,-0.6687627022894718,0.4047124026357823,-0.4452663150128688,-0.35754365523693526,-0.08032998322019946,0.6625930706347449,1.720616662464761,-0.09263734543016187,0.6121787642101824,0.025523915817463536,-0.8830297427834022,0.9199343569619273,1.0415627961065306,0.5515361453509655,1.3079321741350693,1.339346251206519,0.8063022000563537,-0.7648691281260978,1.0308883673367584,0.1339849607362418,-1.7978999824540955,1.422070232034524,0.5117485561888425,0.7648691281260978,-0.8063022000563543,0.35452284597261524,0.340918023760079,-1.364802102917162,-0.9225662948249498,-0.42594766232847037,-1.1591645145976028,-1.4435419379712537,-1.814344742034923,-1.4725082230767892,1.6943780081983673,0.8069707847160468,1.9848997861547546,0.5080357405521495,1.0915197317350172,2.948965240932937,1.0276167615398821,0.6817421706862145,1.8324941171189824,1
1.4184185236643685,0.8256019238340739,-0.15484123025532542,0.3052077222492148,0,1,0,1,0,0,-0.34411449859924853,-0.22684442690626339,0.07324181991846762,-0.40076791501017145,0.40137252214986624,0.13526269476630032,-0.3476001763196887,-0.7175552118265132,-0.7194066354627456,-0.4075153659573038,-0.16756940269744355,0.156906638958903,0.445941706203705,-1.2234023627146844,-0.9062027557718884,-0.21912366876804593,-1.3135651145562812,-1.0174118352568855,-0.1934532884955867,0.4058665575902641,-0.7390627192151646,0.07705301985174744,0.7632548160366945,-0.7519817134098586,-0.7754562036027974,-0.4058665575902641,0.19345328849558602,-1.2609229441355856,-1.0850176963188372,-1.1282642585850677,-1.051771299771562,-1.4329761962204342,-0.655084613695,0.2692014673650073,0.40038202722625016,-1.2864749325462383,-0.6371253376036178,0.19995793940503753,0.38833691435672935,0.7414286251489338,0.36382580878204385,-0.635754044465484,0.4514102871836102,0.7374113588002092,0.16231986177126023,1
-0.2263982671988458,1.2121184134060021,0.27967722576327125,-0.8681093238500562,0,1,0,1,0,0,0.5770679027024219,-0.5292099076521812,-0.5664172509504457,0.08645509322107353,-1.0533557811360543,-0.47381375596365155,0.18747775119117968,0.2651466636070697,-0.3250140321481017,-0.3626897189794448,-0.09082373488358647,-0.18809642739393376,-0.41737936670043474,-0.16215487271279572,-0.08937046233852197,-0.6537800542380722,-0.44967765371724566,-0.2129387736304232,-0.5505532963957722,0.28949096339405445,-0.4227156149478535,-0.45345148416279774,-0.21268083422020587,0.04407774766236744,-0.08981796375206347,-0.28949096339405445,0.5505532963957714,-0.23037994010104354,-0.18442671521636386,-0.30947941282012914,-0.5866332819637576,-0.71610842633123994,0.4475901695294441,-0.13859458152457876,0.12354118106860354,-0.17027518936292965,-0.49834537654397587,-0.5588081172337243,-0.48749186102961545,-0.5162996974004062,-0.4654068010946016,-0.28679906978068154,0.36909507656128593,0.5704037944582268,-0.332546584257695,0
2.1123256073097876,-0.07626988516709207,-0.15484123025532542,-1.161438585374874,1,0,0,1,0,0,-0.11697363252486404,-0.31987995944346886,-0.6559695208720935,0.37577991996171783,-0.8476164495317695,-0.5364207332780372,0.5807451958832984,0.06390599653055892,1.1013771196486457,0.37384126004447865,1.1141991507747016,0.24489504968626083,-1.2908366063588583,-0.27290061454854714,0.7536651184304574,0.729697501573088,-0.25537080475221735,-0.10013861526925753,-0.05671543019588151,0.3902573124670771,-1.0802194103483107,0.6672921850748617,-0.7723438015894438,-0.7582567426738382,-1.546279332396046,-0.3902573124670771,0.056715430195880795,-0.17467491285593337,0.8662627627365218,0.40923172957353837,0.7441782689863493,0.59814915179895,-0.30852968182446,0.18764225758709038,0.2342775195316623,0.6358690696027934,-1.1089772052064004,0.27583454506891375,-0.8341740846200435,-1.060883094792903,-1.2438700675094103,-0.857816301083085,0.6983559190505837,1.0157572993701793,-0.8892713360402683,1
0.4161082917320974,1.3151894772918502,-0.4445202009343899,-0.13478617003801185,1,0,0,1,0,0,-0.20530619155379135,-0.2937137159173798,-0.4001058925245282,-0.1710440025780999,-0.22754669978598083,-0.09369996512631006,0.3549027761604499,0.22715800546065487,-1.357906658130496,1.8846149526980187,1.390581195563591,0.7393735399362693,-1.7434316599010626,0.4704241004201588,0.9671530779232878,-1.3418174057933503,1.3185653689370191,0.509112195747475,0.9153149533513734,0.10061909740348675,-0.023458731240857896,0.6570912307291437,0.5079068033617017,-1.2385263671078741,-1.3107746907895148,-0.10061909740348675,-0.915314953351374,0.4659329004628361,0.9413120111617277,0.10901061945972781,-0.6124742829530796,-0.10165033785478751,0.9201650766256344,-0.30171300108041293,-0.7069813574043363,-0.046252995675895824,-0.27629743884854874,0.19995793940503753,-0.998391980004983,-0.62002986833231,-1.0238695791747903,-1.397110352868688,0.6160407084282594,0.7374113588002092,-1.2604211705619852,0
0.72451144001895,-0.07626988516709207,-0.15484123025532542,0.3052077222492148,1,0,0,1,0,0,-0.43244705762817587,-0.09601320927581818,-0.8478672421327675,5.786154180011767,-2.292714754943237,-4.545503244874232,-0.795353096057968,0.5073387251198186,-0.03869746795575482,-1.1732006442846066,-1.496944137625447,-1.0968550667940586,1.366751519915677,-1.2265006793769575,0.06342060126478227,0.8851589910510087,-1.7775810495433713,-1.289974764324319,-0.6187833227191311,-0.8822777243979375,-0.11954718630710064,-0.6328049559098438,0.9424001566669593,-0.17770055843992938,0.6866914090491225,0.8822777243979375,0.6187833227191303,-1.2887754577581405,-0.40957446049198204,-1.3920949311093263,-0.806281790372998,-1.381771355514063,-1.5057194464681423,0.10608304780917345,0.4557501964577793,-1.2864749325462383,-0.44283339212011924,-0.9381911455531051,-1.3815670692365094,-0.7756251247301669,-0.7869459763528921,-1.016432198667086,-0.7010026615289333,-1.0996718489615938,-1.3841377820692236,0
0.44180855408933456,0.15564000857606544,2.8867879618748513,-0.13478617003801185,1,0,0,1,0,0,-0.5586364276695006,0.10459465775753113,-0.7199354279589849,0.7085034707134588,-0.46758293208315554,-0.4671058655371102,2.4985869556797997,-1.2116489783763604,1.518851466531402,0.7258386657911187,1.479682578094112,1.290882664636197,-0.6028830727899493,3.3688034620665324,-1.2776412304301352,1.382396936271353,1.4296784597714272,1.8022146283052665,1.5173256805029718,0.2557448558590603,-0.10827725832662612,0.38311331062936876,-0.6871452334733433,0.4370834773400024,-0.1641480084791541,-0.2557448558590603,-1.5173256805029725,3.863939562414569,-1.009968447893631,1.0733572155828786,1.726136306580602,2.373250296286478,-0.05648973137315825,0.5138790966987595,-0.1532996650890431,1.1939689411944467,-0.44283339212011924,-0.17942508891434333,-1.4180599348776075,-1.488770049887009,-1.2607931819966884,-0.8895394805998851,-0.5363722402842841,-0.48731077970765985,-1.2604211705619852,1
-1.3572098109173063,1.2378861793774645,-0.4445202009343899,-1.6014324776621007,1,0,0,1,0,0,0.45087853266109723,-0.5053695524395223,-0.8094876978806327,3.3153201596466637,-2.1432480217606513,-2.9508140941378094,0.7512992619090505,0.6990871019670147,-0.4524036210782438,0.6968806393535681,0.6994002607561677,0.19483489062632067,-0.561973878728897,0.3265382220880891,0.1380890288715712,-0.052915327014744926,0.21496191711545565,0.3745425906712028,-0.5609884768922861,0.8221130942085976,-0.7184267683084621,-0.8211844291415695,0.5652761051098449,-0.7282882274615672,-0.5435866517952966,-0.8221130942085976,0.5609884768922854,-0.09111737198826762,-0.3345252120667762,-1.3375092747249961,-1.1551353037288514,-1.0233374705694662,-0.7495995951142377,-1.1173050988595852,-1.0391903727935126,-0.9764194483286528,-0.6371253376036178,-0.7105613285614767,0.2606118846128881,0.5210020119186368,0.17767154942198057,-0.3185222492974822,-0.04248097655033679,0.4033962301162448,0.5953280020465953,0
1.0586148506630406,1.830544796721088,-0.15484123025532542,-0.13478617003801185,1,0,0,1,0,0,-0.2810198135785862,-0.2669660003129332,0.38027817393554597,-0.4904586112997712,0.5090821672506629,0.17372126654513723,0.32505085557592256,1.9955150392159182,0.0034213996494242374,-0.7433308858205022,-0.49349881492244074,0.40978676659951446,1.6170053677398142,0.36927251554838303,2.342683191709756,-1.1358070305517827,0.5479935047392216,-0.26923599923442765,1.453111202940135,-0.8822777243979375,-0.08301838076286239,-0.39205842260950197,-1.1460536968304178,1.5475730498356626,0.3787160782625712,0.8822777243979375,-1.4531112029401358,0.577342954953057,2.667444724941468,0.8095265430586199,0.03355074177998182,0.2567835470898098,1.0146800580448727,2.145063292257104,1.397009073393778,-0.10826409251941274,-0.24854144663662048,-0.5588081172337243,-0.6790794056453779,-1.112748180258855,-0.5330992590437151,-0.15990635171348128,-0.7010026615289333,-1.0996718489615938,-1.0748462533011267,1
-0.4320003660567478,1.4440283071491598,1.7280720791585935,-1.161438585374874,1,0,0,1,0,0,-0.7479204827314877,1.9391390649755516,-0.3745195296897717,-0.18840349218253855,1.1022916992665228,1.6369357649213505,0.2657584278724445,-0.3467847724488656,-0.8931576532766634,0.6040423212194793,0.4890635257519382,0.14715300862026784,-0.964535454374,-0.9041904287366795,-0.8781817888805875,1.0442751232256529,-1.0097532334345065,-0.47451522024821463,0.5209310369862826,-0.31595390708670573,-1.2729999858769108,-0.4037702545667839,2.2703722223205225,-1.817276227826394,-1.0990782915143826,0.31595390708670573,-0.5209310369862833,-0.9266927806649233,-0.9349191994684248,-0.5369196477548344,0.046471242274642305,-0.3576745413866426,-0.9386295579527137,0.5138790966987595,0.2896456887631914,-0.6043528672675491,-1.2755131584779709,-0.6346847228976005,-0.9162830323125138,0.2487103132223888,-0.5161761445564365,-1.9998507636878915,0.9453015509175579,0.848749735028197,-1.4459960878228426,1
0.2105061928741954,2.268596818235939,0.5693561964423357,0.3052077222492148,1,0,0,1,0,0,-0.25578193957032125,-0.27045483278307847,-0.6943490651242283,0.4278583887750338,-0.843159579714195,-0.538656696753551,-0.34647734518251255,-1.2301595249325958,0.9401926379819838,-1.1198145374625896,-0.6198933791061843,0.1908074680172522,0.3220368156829416,-0.8206803606854021,-0.01084830250477012,0.1048188604874354,-0.6701011647486756,-0.31071668731417795,0.004530982273630621,0.2557448558590603,-0.33822896394509683,1.6775649627229692,-1.1799419866636855,0.848336351461588,0.5025373836481254,-0.2557448558590603,-0.00453098227363133,-0.9545452942874786,-0.40957446049198204,-1.21924035255895,-0.9871687972982559,-1.1598837124531223,-0.7811045889206503,-0.38327221085833024,-0.4301405112466897,-1.2864749325462383,-0.5261013687559044,1.0346006017076752,-0.9801455471844351,-1.3591073362221284,-1.0069464646875115,0.15732544345452057,-0.5363722402842841,-0.48731077970765985,-0.6418381130257917,0
-1.100207187344929,0.43908543426214564,0.27967722576327125,0.5985369837740325,1,0,0,1,0,0,-0.4703038686405733,-0.05821752418257845,1.5060781386648334,-0.6582670108093449,1.2085270897893468,0.4639493256668249,1.2956810301647192,1.2722209672080222,-0.31635146291961874,1.6677023260767367,1.2061543490999243,0.8818702619119468,-1.3717593792975902,1.5088687398954803,1.0808218682571114,0.6425291475262168,1.4020920483122898,1.1391306552622387,0.569588792901455,0.6378546273322141,-0.2940321463719307,-0.6634195825938175,1.0781428756369449,-0.8626677771109912,-0.4559203553310581,-0.6378546273322141,-0.5695887929014557,0.6330479821981672,0.19081952690966666,-1.7559993070048545,-1.232658306696819,-0.71610842633123994,-1.6947494093066184,-1.6066603575270884,-1.9250810804979817,-1.8445748041378918,-0.3595654154843339,-0.7105613285614767,-0.3597668312857729,0.22277777048941236,-0.14386762583630988,-0.9529858396334858,-0.04248097655033679,0.29205785388825667,-0.332546584257695,1
0.3647077670176212,1.4182605411776974,1.4383931084795292,-0.13478617003801185,1,0,0,0,1,0,-0.7605394197356201,2.0118230747702435,-0.3617263482723934,-0.22312247139141586,1.2208646399555152,1.71966641351536,1.1205403489087997,0.6807486067729203,-0.2980162068463272,1.7935846572286,1.1491700383141514,0.6401988439081236,-1.4628859917392283,0.4244086903100324,0.14630353968206927,-0.9549611713614525,1.103435369434771,0.41654366568077533,1.2405949430219954,-0.3572520928766799,-1.1340744694314597,-0.7877851523696933,-0.5522457427530226,-1.3288695356464666,-1.0873035156285804,0.3572520928766799,-1.2405949430219962,0.24311279148239442,-0.03432821836595151,-0.4823339913705056,-0.8708842928463041,-0.4430159425639276,0.1325402314653172,0.10608304780917345,-0.4301405112466897,-0.790386157798101,-1.192245181842186,-1.0140677512169813,-1.1991027410310207,-1.2553771652902237,-1.5992554717422576,-0.5405845059150832,0.8629863402952329,0.7374113588002092,-1.569712699330082,1
1.2128164248064663,0.4648532002336079,-0.8790386569529866,-0.4281154315628296,1,0,0,1,0,0,-0.5460174906653681,0.08424313501501743,-0.7455217907937414,0.8820983667578454,-0.6289414469848094,-0.6169154183965331,-0.09776630472216968,0.15784504134937108,-0.37613269481109396,0.7559444582095808,0.1899058791092447,-0.3260779342428993,0.4687981077860598,-0.19492770042127644,-0.3095193352923605,-0.363733508279739,0.7780854817326803,0.2940868959856388,-0.16027754582615011,-0.28577009270635834,-0.05882303488599332,-0.5267169482961749,0.1486688968313077,-0.24969594907403697,0.04023167089451837,0.28577009270635834,0.16027754582614942,-0.3417899945912644,-0.4846237089171882,-0.6733837887156574,-0.7416792878996918,-0.42594766232847037,-0.43454965705011084,0.18764225758709038,0.2896456887631914,-0.5423417704240322,0.22331042096616224,-0.17942508891434333,1.2003031748711541,1.1044842234105985,0.9222885868622325,0.9504049313745251,0.6160407084282594,0.514734606344233,1.0901944480755505,1
2.1123256073097876,1.3151894772918502,-0.15484123025532542,-0.13478617003801185,1,0,0,1,0,0,-0.11697363252486404,-0.31987995944346886,-0.4001058925245282,-0.1710440025780999,-0.3137996119087717,-0.11382363640593401,-0.22619490289914393,0.12184098281319646,0.3072909631511863,0.34071874180344375,0.6297470099891926,-0.8270675470840076,-1.360625378143122,-0.3550058163459897,1.00945984518205,0.5903695782997643,-0.12532902136037452,0.04729943233574327,-0.6392523306161405,-0.49401881205127574,-0.040188110111262096,0.84402414017747,0.1731874502303044,-0.5845631510476426,-0.7725232658650407,0.49401881205127574,0.6392523306161398,-0.3696425082138195,0.8662627627365218,-0.1457224436671417,0.17567624722125458,0.12023730520615308,-0.49755964466293656,-0.5463906304141645,-0.319404172783631,0.2638024885416898,-0.3318094232724056,0.27583454506891375,-1.1717330918001976,-0.9182541097615345,-1.057715808149347,-1.238494455284687,0.6160407084282594,0.4033962301162448,-1.4459960878228426,0
-0.07219669305541997,1.1863506474345409,0.5693561964423357,-0.4281154315628296,1,0,0,1,0,0,-0.81101516775215,4.189436008219209,-0.5408308881156891,0.02280363133813179,1.651329496102748,3.204346161256505,0.3412747313357284,0.5888458669096913,0.395296257263664,0.3837781817454551,0.017196860901163746,-0.8948783562147065,-0.617938509041405,-0.21814353128815658,1.133647937974678,0.36242976388463394,0.12879759523696543,-0.4128545940083707,-0.9140739284464625,-0.31393995325558316,-0.6925172676267118,0.3274541858870358,-0.17617626607156198,-0.39074607354170776,-0.4254289168270537,0.31393995325558316,0.9140739284464617,-0.3696425082138195,0.7161642658861095,-0.7097742263052108,-0.43158727602782254,-0.3576745413866426,-1.2536794960168407,-0.7910682597479163,-0.4855086804782194,-1.0384305451721696,-0.8314172830871166,-0.1035484832504671,-1.0987473605180025,-1.0090180093269512,-1.0746389226366257,-0.7626467625326843,0.36909507656128593,0.23638866577426285,-1.0129879475475077,1
-0.4320003660567478,1.3667250092347738,1.7280720791585935,0.3052077222492148,1,0,0,0,1,0,-0.7479204827314877,1.9391390649755516,-0.5152445252809326,-0.026381589207777743,0.8773259456338688,1.5117218102925791,-1.733488022361874,-0.9679275748137839,1.3066940315392244,-1.1951673036451906,-0.6720706935328088,-0.25952723688540946,0.5890385167247755,-0.9334497676816943,-0.8400986952289549,1.1336616721812218,-1.1086687296136917,-0.5755378824604609,0.13830413819877924,-0.4911325578708816,1.4777652835070088,0.48691854218740943,-0.6470738649960519,0.5152569872542995,0.31182409404001105,0.4911325578708816,-0.13830413819877996,-0.9266927806649233,-0.8598699510432187,-0.3458698504096825,0.26611975068388355,-0.20406001926752979,-0.9071245641463012,0.4323198869208419,0.40038202722625016,-0.29429738304996345,0.917210226264372,0.04820472807728505,-1.0348848456460813,-1.164613265724808,-0.9223308922511192,-0.28679906978068154,-0.4540570296619595,-0.7099875321636356,-1.0748462533011267,1
1.4184185236643685,2.268596818235939,-0.15484123025532542,0.3052077222492148,1,0,0,1,0,0,-0.7731583567397526,2.3897799257026406,-0.6943490651242283,0.4278583887750338,0.6176913815775852,1.5072498833415515,0.211773791830612,-1.3537097504432343,0.6035198184119073,-0.35276633391533874,-0.36584881451492135,0.5190974712492015,-0.027371777147856078,0.07633243305839837,-0.4996308270499888,-0.20384255956964467,0.7567623389868751,0.5714670339001628,0.7781220325379118,-0.06374491962016399,-0.21820614497182156,1.3574899214772695,-1.0298739236686643,1.2269571396916918,1.0335477082386544,0.06374491962016399,-0.7781220325379125,-0.17467491285593337,-0.7097714541928067,-0.9190192424451392,-0.8708842928463041,-0.5624939042121272,-0.49755964466293656,-0.7910682597479163,-1.149926711256571,-0.9144083514851348,-0.4150773999081907,0.8069707847160468,-0.9162830323125138,-1.2424108939237355,-0.7700228618656133,0.31594134103852145,-0.8656330827735822,-0.9883334727336057,-0.5799798072721716,1
-0.07219669305541997,1.3151894772918502,0.5693561964423357,-0.13478617003801185,1,0,0,1,0,0,-0.81101516775215,4.189436008219209,-0.4001058925245282,-0.1710440025780999,1.891365728399917,3.354155714115928,-0.3578724410292432,0.15737153305751056,0.23271344233701138,0.4504644245156246,0.40590202468991265,-1.0118261373116795,-1.2062683116502935,-0.3766091205208491,1.121053590082558,0.5141347797841176,-0.018675715837451395,-0.32197067475557395,-0.8773392119444982,-0.5098758229700693,0.1213269450577737,0.9070495088019925,0.19852879909273452,-0.6270668961147335,-0.8420342089320674,0.5098758229700693,0.8773392119444975,-0.5646101035717058,0.5660657690356972,-1.0099953364190213,-0.625394783447741,-0.596630464683041,-1.3796994712424915,-0.9541866793037505,-0.7069813574043363,-1.2244638357027204,-0.05424950115312168,0.5793409677244183,-0.5969704579529088,-0.41256952646850126,-0.6177148314801074,-0.9212626601166852,0.9453015509175579,0.7374113588002092,-1.0748462533011267,1
-0.4320003660567478,1.0575118175772313,1.7280720791585935,-0.13478617003801185,1,0,0,1,0,0,-0.7479204827314877,1.9391390649755516,-0.2977604411855021,-0.26304929748162476,1.198797417530173,1.6946236225896059,-1.0430760038869904,-2.1871594839561403,1.9392835045612897,-1.8428923825651913,-0.6380884554648912,-1.4572625114655238,-0.30251721836945444,-0.8475467617862419,-0.8029276306505695,1.3587952993066346,-1.382939481111648,-0.7945468583099643,-0.29127919636700184,-1.698645098475243,0.6035638366521824,2.197589757100014,-1.2856072830331982,1.1183295988913775,0.05382588196010907,1.698645098475243,0.2912791963670011,-0.8709877534198129,-0.8598699510432187,-0.4914316007678933,0.24027874969456073,-0.34060626115118536,-1.1591645145976028,0.2692014673650073,0.4557501964577793,-0.35630847989348147,0.8616982418405155,2.6280093206490753,0.9630995482040194,0.06718251409155555,0.5161338391675497,1.2041903675089267,2.0153992890077768,1.127095675598167,0.10046155601764112,1
0.3647077670176212,-0.07626988516709207,1.4383931084795292,0.5985369837740325,1,0,0,1,0,0,-0.7605394197356201,2.0118230747702435,-0.8350740607153893,4.171721646798971,-0.7344913508946546,-1.6767621057900615,0.6749992319848426,-0.5766497456518241,-1.6428868665576954,0.9273660486703046,0.5278363330343918,1.8084055302902704,0.3149962901156781,0.6339117090334789,-0.03229582439131148,-1.5009891485927724,1.3448206304443946,0.6914077060700153,1.4850143702886198,0.9936302841201231,-0.3052057528656738,0.7591166249832609,0.7375320441261163,0.08068941355985758,-0.011188030851595145,-0.9936302841201231,-1.4850143702886205,0.35452284597261524,-0.25947596364157,-0.7006766169078218,-1.2972608091701252,-0.801449827508525,0.5421051509486824,0.02452383803125581,-0.5962450189412776,-0.8523972546416179,-0.5816133531797613,0.12408133374116129,-1.3724438528262355,-0.8534227529290943,-0.7700228618656133,-1.5874494299694895,-1.4418395571298541,-1.266679413303576,-1.569712699330082,1
0.44180855408933456,-0.4370186087675581,2.8867879618748513,1.7718540298733036,1,0,0,1,0,0,-0.5586364276695006,0.10459465775753113,-0.7711081536284979,1.932347487826384,-0.7651144145514226,-1.412918415679436,2.29420844920181,-0.3290704718913385,-0.17029026466506433,1.9691211167523426,2.0317147374375244,1.6978507364692914,-1.1476630947185174,2.775631712970537,-1.0751814680437417,1.3494001018445825,1.761939919732778,2.368465683530601,1.943454842271065,0.38817105265189955,-0.41677419251169645,-0.6254336419758844,1.5888094632588632,-0.9130461279338709,-0.32898290833076343,-0.38817105265189955,-1.9434548422710656,3.0283641537379133,-0.8598699510432187,0.7367456678795146,1.3902032937194106,2.185499213696451,0.06953024385249205,-0.30171300108041293,-1.0391903727935126,0.8839134569768611,-0.5538573609678327,-0.7864379342253526,-0.7976812189789466,0.054216242725068246,-0.3130987707090945,-1.4605567119022886,-0.20711139779498602,-0.04195727479570725,-0.45626319576493324,1
0.8787130141623758,-0.30817977891024867,0.5693561964423357,-0.4281154315628296,1,0,0,1,0,0,6.205113806545505,-0.7879649825212839,-0.041896812837936774,-0.37530733025699475,-1.4367832825418432,-0.3159547345923791,0.14657851086651857,-0.253882368635516,-1.049748917218036,-0.7510899152059292,-1.2882243153414392,0.44983166384323986,2.03267657482128,-1.110069413201338,-0.8182138405060717,0.21083431937286692,-2.720316414162141,-2.7408723270916227,-0.6135009981005504,1.2219795587840785,-1.3129892655983253,-0.4712071451134884,1.646910094819437,-1.6827451710190973,-1.0011736579205521,-1.2219795587840785,0.6135009981005497,-1.130944547230328,-0.9349191994684248,-0.7673924191553354,-0.5521786139779945,-1.512628170652567,-1.243177831414703,1.2750983879593196,1.8584104836565227,-1.1004416420156866,-1.2200011740541141,-0.4070549059059717,0.13288685486904556,0.9748215097457181,0.1438253204474232,-0.9847090191502859,-0.4540570296619595,0.1250502895462747,0.038603250264021984,0
-0.8432045637725518,1.3151894772918502,-0.15484123025532542,0.3052077222492148,1,0,0,1,0,0,0.21111872958258027,-0.45536295370077434,1.3525599616562942,-0.648429966700163,0.4721723314454937,0.15091443909489674,-0.2518062568284216,-0.10303362252851857,0.3966216731717946,0.02230315318496452,-0.010869829776571992,0.7581962073745818,0.08565340834940875,-0.01907132735103465,-0.4581120404239237,-1.1903848697103236,0.5158012640118855,0.10487909829567597,0.9454154897089528,0.0964376253461319,0.33108688418529375,-0.3175097050090708,-1.7384171079102253,0.481329582886837,0.11652533749554916,-0.0964376253461319,-0.9454154897089535,-0.007559831120602114,-0.40957446049198204,0.07262018187017576,-0.5607922809744348,-0.34060626115118536,0.8886600828192224,0.2692014673650073,-0.1532996650890431,-0.10826409251941274,0.41760236644966076,-0.17942508891434333,0.41570656358755365,-0.5940973255993336,-0.38079122865820925,1.7434844192945298,0.12214944469431245,0.18071947766026855,0.8427612250610729,0
1.8296227213801723,-1.0554449920826439,-0.15484123025532542,-0.13478617003801185,1,0,0,1,0,0,0.4256406586528323,-0.4954845271074442,0.5977622580309765,-0.528070838776055,0.07495293575465475,0.027042062551433693,-1.0041464239923228,-0.44090390875807606,-0.8218626970811654,0.03603409677792997,-0.5596989746769174,0.567873898366459,0.08250021951799655,-0.13136820371342173,-0.4760252521860266,-1.3866908705231742,1.3100103571903106,0.0011219489261718443,1.0520428134163116,-0.26889098598050765,1.265028484909414,0.12828280390806301,-0.2699767534447607,1.25030410554407,0.7287314436340827,0.26889098598050765,-1.0520428134163122,-0.23037994010104354,-0.5596729573423944,-0.4277483349861756,-1.0388507992769007,-0.5454256239766699,0.06953024385249205,-0.13859458152457876,-0.5962450189412776,-1.1004416420156866,1.264160128913477,0.19995793940503753,0.24236545179233895,0.060699378408311896,0.5626724040075652,0.2128410076089211,0.2044646553166367,0.0832983984607791,0.5489342727313812,1
2.266527181453213,-0.23087648099586283,-1.8929150543297122,-1.6014324776621007,1,0,0,1,0,0,0.3246891626197725,-0.474551532286573,0.5337963509440852,-0.518233794666873,0.10031704106539516,0.035538723758386036,-0.46741354978177546,0.8049692258616208,-0.18268049217356558,-0.49986833788231605,-1.120810003076182,-0.9899669468934816,0.3836729556606562,-1.0678296750496838,-0.01818399094682807,0.7134437354786404,-1.346003620388876,-1.4607515105301665,-1.195024760224781,-0.16498583548630744,-0.417012910377435,-1.123061847765727,0.9666725025384575,-0.6593842735606141,0.030968358929469454,0.16498583548630744,1.1950247602247803,-1.038102835155144,-0.10937746679115769,-0.2730889752305771,0.12399424524260985,-0.42594766232847037,-1.1591645145976028,-0.13859458152457876,0.5111183656893089,-0.4183195767369984,-0.3595654154843339,-1.0140677512169813,0.19674936974096682,0.6765972683164937,0.34690269429476517,-0.1916295312302808,0.4514102871836102,0.4033962301162448,0.2860364732784985,0
-0.04649643069818187,-0.35971531085317227,0.5693561964423357,-0.4281154315628296,1,0,0,0,1,0,-0.09173575851659908,-0.35360533998820587,-0.054689994255315046,-0.3729927316430696,0.03188121628321493,0.01630943786896758,0.5457049860565022,0.20827638975496826,-0.6964878212074671,0.5033279078809783,0.4860075937490067,-0.3040335514918819,-0.5928464448092237,0.17748780263686406,-0.33098786430713667,-0.392238332414256,-0.19582000773152114,-0.7282903394031919,-0.7099870034754222,0.28949096339405445,-0.58147234592405,-0.6174422577491068,0.5579604873149825,-0.8741352991778428,-1.3428674407791288,-0.28949096339405445,0.7099870034754215,-0.007559831120602114,-0.4846237089171882,-0.6097005229339397,-0.7029177864157086,-0.7331767065666972,-0.6235796198885869,0.10608304780917345,0.5111183656893089,-0.29429738304996345,-0.7481493064513315,-0.8623145398892288,-1.1261170097488256,-0.7107937678977266,-0.9731002357129547,-1.7777885070702906,0.36909507656128593,0.5704037944582268,-1.3222794763156045,1
-0.8432045637725518,-0.07626988516709207,-0.15484123025532542,0.3052077222492148,0,1,0,1,0,0,0.3499270366280375,-0.4768774206000031,0.17558727125749374,-0.44879583624911845,-0.10928165300225252,-0.019913170434355545,-0.641173335612267,-0.30893752962217524,0.8215554569037418,-1.8751027151543191,-2.0092122338164597,-2.569367362102916,0.39145770387998996,-1.1616150539296755,0.14630353968206836,0.7488903973950618,-2.401847111227418,-2.7779505798347524,-3.2622094854184702,-0.26889098598050765,-0.26910494393543744,0.5705901291199555,-0.3705312051907012,0.15151231571697643,-0.10005374993140446,0.26889098598050765,3.262209485418469,-1.038102835155144,0.3159016076183434,0.5365982611369737,0.8690764404347405,-0.2609542867190535,-1.1906695084040155,-0.7638818564886103,1.3047287913412295,0.9665949194348847,-0.19302946221276363,0.6552175733882943,0.31535118307453414,0.06718251409155555,0.12690220596014448,0.3476645205553221,0.4514102871836102,0.3477270420022505,0.22417816752487937,1
-0.8432045637725518,0.10410447663314094,0.27967722576327125,0.3052077222492148,1,0,0,1,0,0,0.36254597363216995,-0.4768774206000031,-0.029103631420558513,-0.3764646295639574,-0.26110932582665763,-0.07581225732219987,0.32980413117077567,0.20968868605644556,-1.0396172445293799,-0.8243089609514608,-0.9596926337714701,-0.6697747223814876,1.03609460477669,0.2523000309594464,1.1361769848039232,-1.2238881711025107,-0.28213754967577725,-0.5928055515061601,0.34009473794071404,-1.2507946581507028,-0.20650545454158367,0.8503928592802665,0.191302020022758,0.8338254616094218,0.668888184968258,1.2507946581507028,-0.34009473794071476,0.6609004958207222,1.7668537438389946,1.5373352948496766,0.5374502610717695,0.39332978897346543,1.9598298722372534,1.5741488238116832,1.5077454118568363,1.0079356506638961,-0.38732140769626244,0.4275877563966659,-0.8341740846200435,-0.62002986833231,-0.2792525417345383,-0.7309235830158842,-0.28942660841731066,-0.8213259083916238,-0.8274130302866491,1
0.3904080293748593,0.8256019238340739,-0.15484123025532542,0.3052077222492148,1,0,0,1,0,0,-0.07911682151246661,-0.3663977257120716,0.009275912831576286,-0.3903522212475083,0.07109206159341315,0.01988697942978962,0.4474627431584716,0.2368796981992947,-0.7556986300256016,0.1188370696278378,0.12313324147144838,0.41608518858098303,-0.21127381886457747,-0.2716525374748376,0.3149807168624836,-0.5608947132053784,-0.3329895580453066,-0.382808415047166,0.04968400367083265,0.5182145811312309,-0.8936398514733954,-0.00958405220142915,0.4694202490074894,-0.4907279600149098,-0.5338171541634749,-0.5182145811312309,-0.04968400367083336,-0.23037994010104354,0.340918023760079,0.14540105704928116,-0.173177266134598,-0.2894014204448148,0.4790951633358572,0.18764225758709038,0.17890935030013266,-0.10826409251941274,-0.9424412519348303,-0.2553016945782196,-0.7429419205172992,-0.41256952646850126,-0.5669454880182719,-1.0481553781838862,-0.12479618717266176,0.1250502895462747,-0.7036964187794109,1
-0.7404035143436003,1.1605828814630785,0.27967722576327125,-0.4281154315628296,1,0,0,1,0,0,0.6906383357396142,-0.5454911258461922,0.8408327049611636,-0.5627898179849323,0.05094577861496769,0.015415052478762072,0.4972409663593558,-0.015061263293567329,0.423103819091554,0.8204725807918588,1.0818757363259714,1.6798478479830934,-0.3448298530064801,0.43484680278259286,0.10092173405686611,-0.12074156483795676,0.45153186823042596,0.3091824641576534,1.3918432757717942,0.910698895591472,-0.2569318662131101,0.12177323423975003,-0.6997307231500205,-0.6606742529124471,-1.104634944365589,-0.910698895591472,-1.391843275771795,0.8280155775560533,0.5660657690356972,1.409968763286241,1.1188727833315248,1.2808803612172301,1.0776900456576979,1.166352774922097,0.5111183656893089,1.2559800380379649,-0.19302946221276363,0.19995793940503753,0.2606118846128881,-0.1532440991387405,-0.39771434314548676,0.1890486229713212,-0.04248097655033679,0.45906541823023866,0.16231986177126023,1
-0.3034990542705592,-0.6173929705677911,-0.4445202009343899,0.5985369837740325,1,0,0,0,1,0,-0.028641073495936725,-0.3797715835142949,-0.2721740783507456,-0.26941444366991896,-0.22869053527352415,-0.08386172583404945,-0.7909788828006825,-0.9623561593167675,2.1146089658457705,-1.397614440770482,-0.2037183477220777,-2.03815993019378,-1.1527983994846485,-1.3028611445025549,-0.4843108172488426,1.738188499950848,-1.7671259213006594,-0.8654213767102837,-1.344988124630379,-1.44586420854279,-0.20192811334709423,0.8356920853268984,-1.1440294839401581,0.13583512883727775,-0.5800717044129179,1.44586420854279,1.3449881246303783,-1.2609229441355856,-0.5596729573423944,-0.4004555067940112,0.5116092600824467,-0.27233314020935756,-1.1591645145976028,-0.6279498401920818,-0.04256332662598434,-0.29429738304996345,-0.026493508941193386,1.1104772073715516,0.7715120035882557,0.002351157259115363,0.05920974801103089,0.9504049313745251,2.3446601314970748,1.5724491805101195,-0.08511336124321738,1
-0.1749977424843705,0.9544407536913834,1.7280720791585935,0.3052077222492148,1,0,0,1,0,0,-0.4703038686405733,-0.05531016379079078,0.07324181991846762,-0.40771171085194696,0.5963975414508548,0.27255085216284597,1.0706876999336996,-0.0303953775182597,0.5483395793212019,1.4632352658487842,1.5758266441039541,-0.15239629953134629,-2.061293750654579,1.3389771267694273,1.6695253887768051,-0.5960000896246259,1.0518210002240247,0.1547440634483579,-0.7279513648365102,0.5141229242844115,-0.15092714180450553,1.7142124939003762,-1.3485211864599502,-0.9337687452376824,-1.8975743554962579,-0.5141229242844115,0.7279513648365102,1.3015083091394917,1.6167552469885829,0.13630344765189217,-0.19901826712392082,0.22264698661889537,0.038025250046078915,-1.0357458890816678,-0.8730858650989243,-0.046252995675895824,-0.38732140769626244,1.0346006017076752,-1.0348848456460813,-1.4758037785205207,-1.6669479296913718,-0.7626467625326843,0.5337254978059351,0.9044189231421907,-1.3222794763156045,1
-0.9974061379159777,1.0575118175772313,-0.8790386569529866,-0.13478617003801185,1,0,0,1,0,0,-0.00340319948767178,-0.3925639692381606,-0.4128990739419065,-0.1444261185179606,-0.4288495749849921,-0.19029358726850507,-1.076757424800147,0.4889836045729881,0.1383194811787392,-1.6607300145423793,-0.822993318699542,-1.9782969233423515,-0.3797977902202898,-1.0814127846747217,2.686281093694726,-0.965420388851103,-1.5502060098420944,-1.1929460594475636,-0.871666255725209,-1.8336530737800742,0.41672249781774484,2.0199120862684414,-1.1592417505093746,0.7063813651909793,-0.09474801773906164,1.8336530737800742,0.8716662557252083,-1.0659553487776992,2.2171492343902317,-0.4095531161914002,-0.8192022908676594,-1.3134982345722352,0.4475901695294441,0.02452383803125581,0.5111183656893089,-0.790386157798101,0.7229182807808735,2.5521327149851984,1.1546870928197819,0.28760912732185256,0.5669031826293847,1.3628062650929278,2.591605763364049,1.5724491805101195,0.10046155601764112,0
-0.4063001036995106,1.4697960731206219,1.0038746524609323,-0.4281154315628296,1,0,0,0,1,0,0.43825959565696476,-0.4989733595775894,-0.4512786181940413,-0.1044992924277517,-0.7679136129187085,-0.3029861464343992,0.7638334991613754,-1.0290453153187504,-0.8572734151842827,0.26945219540686866,-0.4218170707931117,-0.1283378349858364,0.8935245508509911,0.11167716002670765,-0.9647788987200128,-0.4584048591845496,-0.5028881132616767,-1.114007235559027,-0.03255093654881916,-0.14275387761029457,-0.9505425719060464,0.4459026682609612,0.711268802301943,-0.8626677771109912,-0.5392283906794757,0.14275387761029457,0.03255093654881845,0.24311279148239442,-0.7848207026180125,0.5547934799317504,0.21443774870523882,7.593435579547688e-4,0.06953024385249205,1.4925896140337656,1.6738499195514247,0.015758101167622184,-0.9146852597229018,0.35171115073279,-0.15905607025973648,0.22277777048941236,-0.14386762583630988,-0.6040308649486834,0.28677986593896093,0.23638866577426285,-0.45626319576493324,0
-0.5862019402001745,1.830544796721088,1.4383931084795292,-0.13478617003801185,1,0,0,1,0,0,-0.4955417426488382,0.00574440443675031,0.41865771818768077,-0.4904586112997712,0.850604239668248,0.3834546405483291,0.0320165845865053,0.7068787948341999,0.04377757580006412,-1.3083231543119576,-0.9372665918016416,-1.0160851539428586,1.4220793158505018,0.13559362271960476,0.7795725266742823,-1.3440965919301109,-0.10732705371354875,-1.0346547300284867,-0.35050866602642966,-1.0381887348318,0.09096370993288723,-0.18925468614257004,-1.4105328633847436,1.6610365062553207,0.20835350820783755,1.0381887348318,0.350508666026429,0.35452284597261524,1.0914105080121401,0.8823074182377254,-0.031051760693324323,-0.06751377738387422,0.9516700704320475,1.0032343553662626,1.3416409041622488,-0.046252995675895824,-0.05424950115312168,-0.3311783002420958,-0.49661507743988936,-1.0997819088923677,-0.48232991558187904,-0.0012904541294803558,-0.5363722402842841,-0.9883334727336057,-1.136704559054746,1
0.8273124894479005,-0.23087648099586283,0.27967722576327125,-1.6014324776621007,0,1,0,1,0,0,-0.4576849316364408,-0.06693960535794147,0.5337963509440852,-0.518233794666873,0.8379766278306574,0.34902080302541705,-0.6104638182539484,1.1695497355063182,0.0649207044096798,-0.06702840107992178,-0.4152048229778137,-0.13506290411720417,0.16969777778580095,-1.1616150539296755,0.8174041804426478,0.7488903973950618,-0.9418070029538562,-0.6610913336414305,-0.2548898489945435,0.06858695651968806,-0.3118072753747187,-0.7863861519530085,0.6638138488829348,-0.8433286568247956,-0.10564041138543083,-0.06858695651968806,0.25488984899454276,-1.1216603760228097,0.641115017460903,-0.2639913658331881,0.14983524623193267,-0.23819657973844427,-0.7495995951142377,0.4323198869208419,0.6218547041523672,-0.17027518936292965,-0.27629743884854874,-0.7105613285614767,0.11464042204849642,0.4432043837197094,0.05920974801103089,0.030432725387320277,0.5337254978059351,0.6260729825722207,0.22417816752487937,1
0.3904080293748593,-0.05050211919562982,1.4383931084795292,0.5985369837740325,1,0,0,1,0,0,-0.2684008765744537,-0.2698733607047209,-0.10586271992482811,-0.3492680958503368,0.16701081846511479,0.06237028546455131,-0.01625438824966408,0.8414555542627736,-0.5546044274029867,-0.15522851852247918,-0.5150210867434064,0.20681818571280416,0.5489246306759747,0.2641797000160572,0.8261114988828958,-1.112989425699079,-0.19716705454197211,-1.1670976230336616,-0.0741697193470499,0.3556359628759853,0.2865673660584277,-0.32734379116061696,-0.36028420491836244,0.014196237816845996,-0.4698910353509993,-0.3556359628759853,0.07416971934704919,0.15955525061472892,0.641115017460903,-0.2821865846279648,-0.7933612898783374,-0.8185181077439823,-0.18250970659880966,0.9216751455883455,1.0648000580046022,-0.5423417704240322,0.08453045990652028,-0.482931511569848,-0.6060936743631827,-0.6848612251647502,-0.6346379459673855,-0.5723076854318833,0.28677986593896093,0.514734606344233,-0.332546584257695,0
1.2385166871637046,-0.8493028643109486,-0.8790386569529866,0.3052077222492148,1,0,0,1,0,0,-0.5586364276695006,0.12494618050004483,0.35469181110078946,-0.47194182238836996,0.9516505194611637,0.4608189768011056,-0.2745590886497948,-0.7095901085453696,0.7808006271153041,0.5457810683761604,0.46628212485000464,-1.1408569826318593,-0.5733281521008875,-0.18279685082283906,-0.3834770537485368,-0.1456575177088422,0.4536075967678134,0.302087906018567,-1.1334326641296226,-0.4318681387001143,0.19913263676422208,0.5897757988243226,-1.2137523723823942,-0.2875254843718808,-0.3112595553348611,0.4318681387001143,1.133432664129622,-0.3417899945912644,-0.5596729573423944,-0.7188718357025985,-0.6770767854263857,-0.47715250303484213,-0.43454965705011084,-0.7910682597479163,-0.3747723420151606,-0.4803306735805153,0.5563823275093027,1.1104772073715516,1.4010139358971918,0.4432043837197094,0.2961333508329291,2.1558857530129325,1.2745623934068555,1.127095675598167,0.904619530814692,1
1.2899172118781799,0.7225308599482267,0.5693561964423357,-0.13478617003801185,1,0,0,1,0,0,0.17326191857018283,-0.44896676083884146,-0.46407179961141953,-0.07267356148628083,-0.6353726776253965,-0.2891231728862138,1.3967400634643659,-0.6130935358961868,-0.15648748777037633,1.6061532386529602,1.4388681580048468,1.3010723208057065,-0.4795198876376079,0.6716421552140599,-0.6387339635956981,0.25514735004379424,0.14003942767795607,0.20576962281053676,0.6912331826893902,1.0889508130082355,-1.271104130898461,0.20162045573574852,0.4703221186213566,-2.030948705749236,-1.669705088495527,-1.0889508130082355,-0.6912331826893908,0.7723105503109431,-0.4846237089171882,0.4547197765604794,0.5245297605771081,0.5640125913280355,0.16404522527173035,1.247911984700014,0.954063719541543,0.3258135853852078,-1.3032691506898992,-0.2553016945782196,-1.244718823082393,-0.8534227529290943,-1.4977167848185873,-1.3019408143182878,0.03983423407198747,0.6817421706862145,-1.0748462533011267,0
-0.4577006284139859,0.38754990231922204,-0.8790386569529866,-0.13478617003801185,1,0,0,1,0,0,-0.356733435603381,-0.18904874181302367,-0.09306953850744984,-0.36199838822692515,0.2893736464691589,0.1343683093760948,-0.20994085186663602,0.5521377717903174,-1.074329675870475,0.3957694218261639,-0.5850353044621044,-1.2496943472306627,-0.13304980004134562,-0.23418705216223357,0.8748009457708555,-2.0263043541754007,0.7348279928503029,-0.5262221849919961,-1.4375436385994584,-0.2786957612109654,0.05793092186889735,0.1185299639745826,-0.5675958027271945,0.19398390302582838,0.24682100566222606,0.2786957612109654,1.4375436385994576,-0.4253475354589299,0.41596727218528484,-0.9008240236503626,-1.684875824009962,-1.381771355514063,0.1325402314653172,-1.1988643086375024,-0.762349526635866,-1.0384305451721696,0.11228645211844858,0.19995793940503753,0.269735101023162,-0.07544647093981212,0.008440404549195996,0.8235122133073248,0.03983423407198747,-0.09762646290970158,0.038603250264021984,1
0.9044132765196139,0.2587110724619126,-0.8790386569529866,-0.8681093238500562,1,0,0,1,0,0,-0.05387894750420167,-0.37221244649564694,-0.15703544559434116,-0.3272794090180478,-0.09016236964015273,-0.03332895128743818,0.13437284560994997,-0.9482867074812649,0.24636166759407713,0.9665000928332818,1.9592853606753673,-0.02720024673703004,-2.2451516156891875,-1.2884916000280886,0.45033540511334236,-0.3398147203980777,-0.969686643069089,-0.5103100112386988,-1.1427899248825406,1.0963072413460702,-1.4742943377330189,1.752689388960544,-0.6782656751591861,-2.267203948300653,-3.045385328959234,-1.0963072413460702,1.14278992488254,-1.3166279713806959,-0.03432821836595151,-1.1737523055720087,-1.1422148032341901,-1.39883963574952,-0.40304466324369825,-0.709509049969999,-0.26403600355210183,-0.8523972546416179,-1.4420491117495413,1.1104772073715516,-0.9527758979536108,-1.112748180258855,-1.785409731102321,-1.3653871733518879,1.0276167615398821,1.9621334973080773,-1.3222794763156045,1
-0.8689048261297889,-0.30817977891024867,-1.6032360836506476,-0.4281154315628296,1,0,0,1,0,0,0.7537330207602766,-0.55305026286484,-0.041896812837936774,-0.37530733025699475,-0.45721614842362623,-0.13528888577086623,0.7561825333132248,1.279187817388679,-2.07822630673246,1.4183479351783903,0.478249991984379,0.9016770409258933,0.10036807807869258,-0.35000238172029946,1.0776308500183136,-0.9942346453618498,0.36727980598972737,-0.05253985062155561,0.4783555005605047,0.7553527801229527,-1.4012084759585357,-0.676178495128264,1.8418950473316869,-1.551908187686806,-0.6730433504142923,-0.7553527801229527,-0.4783555005605054,-0.2582324537235989,1.1664597564373458,0.3728412919839863,-0.22485926811324272,-0.06751377738387422,0.8886600828192224,0.758556726032511,0.5664865349208381,0.3258135853852078,-1.3587811351137562,-0.7864379342253526,-0.6243401071837319,0.3394742127878045,-0.33002188519637315,-1.3653871733518879,-0.37174181903963527,-0.04195727479570725,-0.5799798072721716,1
1.4184185236643685,-0.17934094905293926,-0.15484123025532542,1.7718540298733036,0,1,0,1,0,0,-0.33149556159511606,-0.20649290416374969,-0.4896581624461761,-0.05242082361443573,-0.22299113034194412,-0.11829556335696156,-1.6193143880046303,-1.2779989834366554,0.1250753940850509,-1.6833630308639937,-1.0243243989188129,0.4406324588265777,1.8821736632531374,-0.999279481649584,-0.38247098204080376,-0.47198778420633,-1.1598928258493373,-1.1667130238340357,0.3871222082195544,0.21702702713573208,1.2532277910899843,1.3709426785206895,-0.6452844585637454,1.1239849819865995,0.19260370036043087,-0.21702702713573208,-0.3871222082195551,-1.0659553487776992,-0.6347222057676005,-0.9918001176242447,-1.051771299771562,-1.381771355514063,-0.5920746260821743,0.9216751455883455,0.7879592118469556,-1.3484860293897554,1.3890620938671545,1.5657368413548085,0.5799244589724931,0.13201387092399572,0.5838262971166633,0.37938770007212164,-0.6186874509066087,-0.5986491559356475,0.34789477903211874,0
0.9815140635913272,1.0575118175772313,-1.168717627632051,-0.13478617003801185,1,0,0,1,0,0,0.11016723354952047,-0.41814874068589214,-0.4128990739419065,-0.1444261185179606,-0.5129993634100525,-0.20997006585302627,-1.244148093350274,-1.7572332642377966,2.7000433591911794,-1.5612236304938647,-0.14755532280526945,-2.453170123764552,-1.3561266439488573,-1.2043878682897722,-0.47324910554790306,2.579675369362051,-1.2959396190773498,-0.2565886216137505,-1.1515885432024495,-2.2036999647908173,0.5266080426004194,1.937767237383675,-1.0987247607376627,0.8240808605339489,-0.05867970177179168,2.2036999647908178,1.1515885432024489,-1.17736540326792,-0.5596729573423944,-0.43684594438356456,0.8863037744276221,0.2567835470898098,-1.6632444155002057,-0.6279498401920818,-0.1532996650890431,-0.17027518936292965,0.8894542340524437,2.5521327149851984,1.3097817717944475,0.4432043837197094,0.7699805564767266,1.3628062650929278,3.0854970270979956,1.795125932966095,0.10046155601764112,0
1.4698190483788447,-0.5916252045963298,-0.4445202009343899,1.478524768348486,0,1,0,1,0,0,-0.43244705762817587,-0.10764265084296887,-0.5152445252809326,0.008337390001099575,-0.12314063136367974,-0.0892280381752825,-0.7834415910638711,-0.2825768358582331,1.6759268747982405,-0.8733500459587193,-0.03966104204443649,0.6087064264130715,-0.02504794711061355,-0.7855935363765714,0.7430021217717532,0.7716694827273135,-0.9014872548762006,-0.7148995647939564,0.3186972389638403,0.5141229242844115,0.3044387982760124,1.1321687902136381,-1.5155947711121087,0.28594023787618617,-0.6463989840158885,-0.5141229242844115,-0.3186972389638417,-0.7038726716844818,0.7912135143113154,0.2545723698179399,0.6278937645343975,0.20557870638343811,-0.5290646384693491,0.6769975162545934,0.5664865349208381,-0.17027518936292965,0.5841383197212315,1.5657368413548085,1.0908245779478607,0.028283699992091807,0.1438253204474232,1.3945294446097283,0.5337254978059351,0.9044189231421907,0.34789477903211874,1
1.2385166871637046,0.10410447663314094,-0.8790386569529866,1.0385308760612593,1,0,0,1,0,0,-0.5586364276695006,0.12494618050004483,-0.31055362260288033,-0.2607346988676996,0.4298495046387326,0.29759364308860026,-1.1192450376241097,-2.288427133101221,-0.5838791867251297,-0.29913541573409697,-0.18669901747184883,-1.4506183405117559,-0.10438249373327262,-0.24870044827762236,-0.5033972081971143,-0.5572075782131658,0.23464299588438128,-0.010286022270608106,-0.9053494332772469,-1.0805558572323073,1.3078389126904455,2.6366457854281284,0.23824252911155155,0.6367806261728792,0.2326755677424627,1.0805558572323073,0.9053494332772463,-0.3139374809687093,-0.5596729573423944,-0.3367722410122935,-0.5607922809744348,-0.4430159425639276,0.06953024385249205,-0.30171300108041293,0.12354118106860354,-0.17027518936292965,1.8331579692580091,3.4626519829517126,1.528738965641033,1.4416072789392878,1.6669056243024845,0.506280418139323,1.7684536571408034,1.2384340518261547,1.646919199858125,0
-0.4577006284139859,0.7225308599482267,-0.8790386569529866,-0.13478617003801185,1,0,0,1,0,0,-0.356733435603381,-0.18904874181302367,-0.46407179961141953,-0.07267356148628083,-0.14532451788458017,-0.0892280381752825,1.0285091943913014,0.8037443045317114,-1.5049522020485004,1.916203066449914,0.6313796995090172,-0.24656546797385775,-0.9468004405943198,0.07633243305839837,1.2536195969370245,-1.7986346831844817,0.6615016780050981,-0.6679199118549581,-1.6656268694518341,1.3156625590560507,-1.353896603776576,0.1526843103808521,0.24986567946469254,-1.9327329792697445,-1.4729183256557263,-1.31566255905605,1.6656268694518332,-0.17467491285593337,0.7161642658861095,-0.9190192424451392,-1.594432320547333,-1.3134982345722352,-0.15100471279239655,-1.2804235184154193,-0.762349526635866,-1.1004416420156866,-1.3587811351137562,-0.2553016945782196,-1.1352402261590995,-0.8534227529290943,-1.4638705558440304,-0.9847090191502859,-0.28942660841731066,0.4033962301162448,-0.9511296417938885,1
-0.1749977424843705,-0.87507063028241,1.7280720791585935,-1.6014324776621007,1,0,0,1,0,0,-0.4703038686405733,-0.05531016379079078,0.7512804350395157,-0.5477449269944188,0.9557000027132684,0.38077148437771263,1.2382120273081094,-0.09680301429164088,0.32962637179865406,0.6851694833111207,0.6139796435581304,-0.5535977364632868,-1.2339965777394133,1.3402300853968596,1.1231635338218693,-0.5709478329915334,1.1305560486874981,0.5334864356854682,-0.2548898489945435,-0.5022446364654003,-0.38262185551553923,1.2580257471098177,-1.0243578029549647,0.1954202566300017,-0.2773579371334943,0.5022446364654003,0.25488984899454276,1.4964759044973779,1.3165582532877582,0.6002815269186915,0.188596747715916,0.6493539925053206,0.6681251261743327,-0.8726274695258333,-0.8730858650989243,0.38782468222872474,-0.3595654154843339,1.1863538130354276,0.03253147435602734,-0.5033334260339178,-0.39771434314548676,0.5380035976561225,0.7806711296729086,0.5704037944582268,-0.08511336124321738,1
1.4698190483788447,1.0575118175772313,-0.4445202009343899,-0.13478617003801185,0,1,0,1,0,0,-0.43244705762817587,-0.10764265084296887,-0.4128990739419065,-0.1444261185179606,0.047689660727268074,0.028830833331844715,-1.1633625404812917,-0.7187510084819955,1.2837961690503272,-1.5813397198174175,-0.694674613241204,-1.3184128980643086,-0.15197636364318517,-0.7740876886291009,1.0120113965728335,0.6758395745238271,-0.976977291276295,-0.7517871940993268,0.3871222082195544,-2.182101039645461,0.8442246342422781,2.0003191166714305,-1.075838775841695,1.1675339837108325,0.16913714803934576,2.182101039645461,-0.3871222082195551,-0.7038726716844818,1.0163612595869336,0.1817914946388332,0.5116092600824467,0.06903246449978255,-0.4660546508565234,0.9216751455883455,0.7879592118469556,-0.23228628620644656,1.194770148383656,2.5521327149851984,1.1911799584608802,0.36540675552078095,0.8376730144258402,1.2359135470257274,2.4269753421193996,1.2384340518261547,0.16231986177126023,1
0.10770514344524394,0.8256019238340739,1.0038746524609323,0.3052077222492148,1,0,0,0,1,0,-0.29363875058271866,-0.2646401119995031,-0.4768649810287978,-0.0639938166840615,-0.24828155280135736,-0.15407097896518193,1.1987004574495146,0.9460793612215871,0.39171119583747344,0.879526483286218,0.5272318008205227,0.9985445315071791,-0.1497467024603091,0.9798827713497874,2.608892930816557,0.7350720846356714,0.6498594673693344,0.21824521054218238,0.6912331826893902,0.6763389906671557,-0.6877348461618545,1.3150080525330394,0.20319422786468866,-0.5437940129878948,-0.47235319264187103,-0.6763389906671557,-0.6912331826893908,1.4407708772522676,3.3428879607683233,1.4281639820810177,1.6615338041072958,1.9124067299291387,-0.15100471279239655,1.247911984700014,0.954063719541543,1.5660355222555504,-0.6371253376036178,1.2622304186993043,0.07814755640739948,0.1709126850234604,-0.0592520533999176,-0.1916295312302808,0.12214944469431245,0.514734606344233,0.2860364732784985,1
0.9044132765196139,-0.46278637473902035,-0.8790386569529866,-0.8681093238500562,1,0,0,1,0,0,-0.05387894750420167,-0.37221244649564694,-0.3745195296897717,-0.1855102439151321,-0.33355839056671155,-0.14289116158761306,-1.0125814744861223,-0.7639370587349088,1.0796076467587794,-1.3080215802467745,-0.046866249238775894,0.52595907122391,0.47227072110283513,-1.2935608552705655,0.3329744675550352,-0.4838872719916613,-1.056289202635885,-0.7070397293680327,-0.6862106428504532,1.3979208031972914,0.11550842421534853,1.3820940997275264,-1.9621198626305165,0.719654476515986,-0.6293582622806932,-1.3979208031972914,0.6862106428504524,-1.3166279713806959,-0.10937746679115769,-1.1282642585850677,-1.168055804223513,-1.4500444764558913,-0.37153966943728567,-0.38327221085833024,-0.09793149585751397,-1.1004416420156866,-0.19302946221276363,0.7310941790521709,-1.1078705769282764,-1.7999605626827215,-1.4807936703313085,-0.1916295312302808,-1.1125787146405561,-0.6543183440496418,-1.136704559054746,0
1.4698190483788447,-0.17934094905293926,-0.4445202009343899,1.7718540298733036,0,1,0,1,0,0,-0.43244705762817587,-0.10764265084296887,-0.4896581624461761,-0.05242082361443573,-0.0761008276790332,-0.04227280518949327,-1.418219173481693,-0.001747253868367975,0.937521484602711,-1.41673030624573,-0.9248856468958989,0.14043591809957337,1.062201307341594,-0.7099019065610018,1.2861877162680524,0.6609180005756957,-0.8866296192376556,-0.8391129659164792,0.3041828515459622,-0.11014700605881247,1.2627426634920995,1.2908727799968687,-0.6174644247179729,1.03474449072048,0.3831661470008413,0.11014700605881318,-0.3041828515459622,-0.7038726716844818,1.0914105080121401,-0.20030810005147043,0.1627557467265941,-0.20406001926752979,-0.844114576533476,0.5138790966987595,0.40038202722625016,-0.6043528672675491,1.5278420549267964,1.6416134470186852,0.8992370333320981,0.4043055696202447,0.8207498999385615,0.8552353928241243,-0.28942660841731066,-0.3759724034796717,0.6571863078002155,1
-0.4577006284139859,0.10410447663314094,-0.8790386569529866,1.0385308760612593,1,0,0,1,0,0,-0.356733435603381,-0.18904874181302367,-0.31055362260288033,-0.2607346988676996,0.07007226718736073,0.05610958773311275,-0.5398389157396685,-0.8604569833176505,-2.2793053015414046,0.2526197296398639,-0.48957183688940326,-1.3239794430094642,-0.42005557795415244,0.19647189139243268,1.1931359467508291,-2.0843762491502864,1.002982965630366,-0.26457473317529406,-0.8773392119444982,-0.9356157016516281,0.9469715523939123,2.3762616125340013,1.0212895904698214,0.6532677826804736,0.37816163355700527,0.9356157016516281,0.8773392119444975,-0.09111737198826762,0.641115017460903,-0.973604898829468,-1.7623988269779296,-1.381771355514063,0.19555021907814235,-0.9541866793037505,-0.7069813574043363,-1.0384305451721696,1.5555980471387252,3.3867753772878366,1.8754211892314625,2.2455161036615454,2.4622920052045725,-0.033013633646279864,1.8507688677631275,1.4054416161681371,2.018069034379841,0
-0.07219669305541997,-0.87507063028241,0.27967722576327125,-1.6014324776621007,1,0,0,1,0,0,-0.8236341047562825,5.567524833926565,0.57217589519622,-0.5217056925877608,3.0947800480694916,4.685001174741726,0.2977773969576386,-1.5595407755146635,1.3356043159839948,-0.07008255315451717,1.1290326792385368,0.7904174767170393,-0.9036772842698432,0.01721921141132792,-0.43469562616158103,0.8572426761158868,-0.3446035006019589,0.6869205877696103,1.1393967240133565,-0.05200463268990121,-0.39686148602073784,1.705050121741491,-0.9643696256316204,-0.24702592434654724,-0.7971535227617513,0.05200463268990121,-1.1393967240133573,-0.20252742647848845,-0.6347222057676005,-0.8371407578686448,-0.3153027715758717,-0.42594766232847037,-0.4660546508565234,-0.22015379130249568,-0.7069813574043363,-0.9144083514851348,-0.38732140769626244,1.5657368413548085,-0.040454256926167845,-0.5292659687668935,-0.5838686025055501,0.2207718024881207,0.6983559190505837,0.7374113588002092,-0.2706882785040748,1
1.4441187860216065,0.38754990231922204,-1.168717627632051,1.478524768348486,1,0,0,1,0,0,0.26159447759911014,-0.4664109231895675,-0.2849672597681238,-0.2659425457490312,-0.4452663150128688,-0.15317659357497643,0.008137262340375812,-0.2543761579528085,-0.44730118898236654,0.3369218045949123,0.428866065428065,-0.5428869475947226,-0.66779113608405,0.10370379385377942,0.48886787177599367,-1.546614857629962,0.39799976266224374,-0.4772449971233985,-0.7613439424253534,0.01465860574169185,0.0923045475469449,0.8388763619827221,-0.9427230669324183,-0.06050986988929684,-1.0234837406753052,-0.01465860574169185,0.7613439424253534,0.27096530510494976,0.7161642658861095,0.6912576208925736,-0.28946177058654887,-0.11871861809024475,1.2352150146897614,0.35076067714292497,0.8433273810784847,0.8839134569768611,0.0012624832707351544,0.6552175733882943,-0.2867811000035777,-0.7107937678977266,-0.685407289429221,-0.3185222492974822,0.8629863402952329,0.9600881112561845,-0.45626319576493324,1
-1.100207187344929,-0.5400896726534062,0.27967722576327125,-0.13478617003801185,1,0,0,1,0,0,-0.4703038686405733,-0.01751447869755106,0.35469181110078946,-0.4730991216953325,0.7697992319578083,0.3521511518911363,2.347840316675111,-0.09362097790051084,0.5496442626885543,2.7262866040868006,2.1204683463222787,1.0685460043962351,-1.8543263130000338,1.8673912890166808,1.2502229219147702,0.7979692323680704,1.314453735794359,0.7159354508900256,-0.16027754582615011,1.6163306238481745,-1.398853739921941,1.3809436080320727,0.050500002383460134,-2.3796474930489104,-2.0577410799368088,-1.6163306238481752,0.16027754582614942,0.9951306592913848,0.41596727218528484,-1.537656681467537,-0.9742482968035945,-0.47715250303484213,-1.94678935975792,-1.5251011477491712,-1.648240234340335,-1.658541513607341,-1.4420491117495413,0.38964945356472797,-1.7875501994937217,-1.4952531855702524,-2.12387202084789,-1.4922798914190887,-0.6186874509066087,0.15288488360327163,-1.8480750752213686,0
0.9815140635913272,-0.5658574386248675,-1.168717627632051,1.478524768348486,1,0,0,1,0,0,0.08492935954125552,-0.4123340199023168,-0.5024513438635544,0.008337390001099575,-0.6420973084437365,-0.32355701040912593,-1.0990165220782424,-1.0825201710397079,2.993245431881662,-1.1887391255615236,0.16819310648315727,-0.5993901082641823,-0.564940695128554,-1.14223061842038,-0.30434834408448286,2.48107740269553,-1.4475784257890056,-0.48799481613575085,-1.0726104692356557,0.2463053852199044,0.38690585154545737,1.1809034175246889,-1.5986232641813285,0.170515880069227,-0.6950912333203081,-0.24630538521990367,1.072610469235655,-1.1216603760228097,-0.40957446049198204,-0.4277483349861756,0.8475422729436388,0.15437386567706757,-1.6632444155002057,-0.46483142063624716,0.012804842605544792,-0.23228628620644656,0.6396503041450882,1.5657368413548085,0.9813459810245673,-0.10137901367278856,-0.025405824425361403,1.4262526241265279,0.7806711296729086,1.0157572993701793,0.22417816752487937,1
-0.2263982671988458,-1.2873548858258006,-1.6032360836506476,-0.4281154315628296,1,0,0,1,0,0,0.5392110916900246,-0.5222322427118907,1.0455236076392158,-0.5986660965007722,0.19447642541988422,0.06102870737924305,-0.7467958696410257,-0.2056161663277187,0.26786221528212717,-0.9240445501072688,-0.31205680430777544,-1.013745306199011,0.08634772077290627,-0.2592085429379817,-0.7031717749990795,0.4362538665279546,-0.9049705691444444,-0.2294364436816615,-0.6280087910670794,-0.7597762161999033,0.7794397138204279,-0.4222074067440399,0.07221644197009543,0.3509712476428247,0.18168909780831188,0.7597762161999033,0.6280087910670786,-0.23037994010104354,-0.6347222057676005,0.09081540066495114,0.3048812521678669,-0.08458205761933026,0.1325402314653172,-0.22015379130249568,0.06817301183707392,-0.046252995675895824,1.5555980471387252,0.27583454506891375,2.441060606668476,2.115853389996665,2.174599058920838,1.5214221626769286,1.5215080252738291,1.1827648637121608,2.451077174655176,1
-0.27779879191332196,0.20717554051898904,0.5693561964423357,0.5985369837740325,1,0,0,1,0,0,2.394194831297498,-0.7135365564915195,-0.31055362260288033,-0.24626845753066742,-1.185651501320584,-0.3584380406271408,0.3896881404576975,-0.21827136093472635,-0.6536223663688424,-9.413316633902463e-4,-0.4557179572037246,-1.367160650297658,-0.048444967908537175,-0.29842131183781456,0.09704570795364566,-0.6195668409034067,-0.7800613198001002,-0.9028861849744976,-1.6929968571541203,-0.18555039652161812,-0.8400499039648415,0.39680255272596754,0.2709187469955309,-0.7722237733553408,-0.2890369634995145,0.18555039652161812,1.6929968571541196,-0.5158682047322343,-0.27823827574787147,-1.0782274068994329,-1.1874365549655046,-1.3775042854551989,-0.5605696322757617,-1.0357458890816678,-0.4024564266309252,-0.790386157798101,-0.9979532363586869,-0.17942508891434333,-1.4454295841084306,-1.112748180258855,-1.2946394109712458,-0.9847090191502859,-0.6186874509066087,-0.7656567202776299,-1.6315710050837011,0
-0.07219669305541997,0.7482986259196881,-1.168717627632051,1.0385308760612593,1,0,0,1,0,0,-0.6091121756860305,0.3604423722348462,0.7768667978742723,-0.5564246717966381,1.280015008868944,0.7072221518027234,-0.46223490778492077,1.449644593647237,-0.7246899758385825,-0.3627118076984006,-0.8249199746295246,-0.799108554926098,0.33206916654662133,-1.0671076771084442,1.0636785214224884,-0.7871307111420146,-0.9810107725028632,-1.9196431576673636,-0.6300765684554116,-0.4649864905896614,-0.4234925263003409,-0.9241129064824875,0.19968502012791686,-0.48275323718454677,-0.8017215469684822,0.4649864905896614,0.6300765684554109,-1.1495128896453646,0.41596727218528484,-1.2374355713537264,-1.3877043126327533,-1.6207272788104614,-1.2536794960168407,0.5138790966987595,0.954063719541543,-1.2244638357027204,-0.47058938433204756,-0.9381911455531051,-0.3415203984652251,-0.1921429132382052,-0.36386811417093057,-0.826093121566285,1.0276167615398821,0.848749735028197,-0.8274130302866491,0
2.266527181453213,1.3151894772918502,0.27967722576327125,-0.13478617003801185,1,0,0,1,0,0,-0.6722068607066928,0.4534779047720517,0.5082099881093286,-0.5153405463994666,1.3762689340035341,0.7470223016668686,0.44701687684071606,0.07546232617033133,0.18232077797833607,0.456938287209404,0.926670269947903,0.02336801247489725,-1.0845616114416956,-0.10926841225522253,1.0640722610199036,-0.6515589449397684,0.8459543382559302,0.6289462907029294,0.416552302523086,-0.38126032008238236,-0.7307675588993122,0.9623898212315021,-0.9039925148379617,0.2215396940338593,-0.590673097093959,0.38126032008238236,-0.4165523025230867,-0.28608496734615396,0.641115017460903,-0.7461646638947628,-0.9354867953196102,-0.596630464683041,0.006520256239666901,-0.22015379130249568,-0.4301405112466897,-0.6043528672675491,-0.7203933142394032,0.8069707847160468,-0.19554893590083341,-0.62002986833231,-0.4992530300691578,-0.0647368131630805,1.1922471827845313,1.0714264874841732,-0.332546584257695,1
-0.8432045637725518,1.4697960731206219,-0.15484123025532542,-0.4281154315628296,1,0,0,0,1,0,0.45087853266109723,-0.5076954407529524,-0.5152445252809326,0.01412388653591246,-0.8862398096111354,-0.4013685393570052,0.3986526405773458,-1.3635485671431553,-1.446861075190193,0.7634250750190833,0.42402800202197566,-0.05145948316934451,-0.6117416979124161,-0.17728446813610066,-0.5637783185948081,-1.1945531738014334,0.17547451242283432,-0.26330761391665125,0.3210111268130686,-0.38855952469070976,-0.7314767526864797,1.306732457332041,0.777496822516403,-0.8573405015084823,-0.8083258061300939,0.38855952469070976,-0.32101112681306926,-0.20252742647848845,-0.5596729573423944,-0.12752722487236504,-0.7158382869103699,-0.6136987449184976,0.6051151385615076,0.10608304780917345,-0.04256332662598434,-0.23228628620644656,-0.7481493064513315,1.0346006017076752,-0.3688900476960481,0.06718251409155555,-0.2792525417345383,-1.0481553781838862,0.6160407084282594,0.45906541823023866,-0.7036964187794109,1
0.46750881644657266,1.547099371035007,0.5693561964423357,-0.8681093238500562,1,0,0,1,0,0,1.4982503040040924,-0.6641114298311291,-0.016310450003180245,-0.3880376226335831,-0.6897869555024627,-0.21086445124323178,-0.030148376410258918,-0.5264430711978363,1.8245950893303695,-0.6358097506621044,-0.5740432848967488,-0.7235391901913065,0.7264062244021813,-0.33186451173246756,-0.1813716201178672,1.0294478508934322,-0.8300096460917666,-0.562146628914816,-0.8079054238520522,-0.18555039652161812,-0.28967305859149634,0.5408655290758909,-1.459786800836303,0.03591459707655994,0.19745761451751914,0.18555039652161812,0.8079054238520514,-0.48105256270404034,-0.40957446049198204,-0.7825551014843162,-0.18609776662925942,-0.4942207832702994,-1.2851844898232538,-0.30171300108041293,0.06817301183707392,-0.728375060954584,-0.3595654154843339,0.35171115073279,-0.378013264106322,-1.0349505520599276,-0.9561771212256767,1.1407440084753266,-0.6186874509066087,-0.7656567202776299,-0.6418381130257917,0
-0.07219669305541997,1.7274737328352407,0.5693561964423357,0.5985369837740325,1,0,0,0,1,0,-0.7983962307480176,4.241768495271387,-0.23379453409861076,-0.2960323277300582,1.8274050522604526,3.490996678817371,-0.45110295403142336,-0.07151207528683994,0.1235740395768784,-0.36441698209659,-0.4602035298177442,-0.577677822707855,0.19817275970115597,-0.25646242753340787,0.7245685918041015,0.4758426550185807,-0.0920297287262824,-0.21222612573893215,-1.1820904200447964,0.3844992353771891,0.37101540285737583,0.8240094768299199,0.3092461263465416,0.4010487289399035,0.39108962235458733,-0.38449923537718983,1.1820904200447957,-0.5367575899491508,0.11577027848446049,-1.3284116653276086,-0.9225662948249498,-0.9038595089212672,-1.411204465048904,-1.3619827281933365,-1.0945585420250417,-1.534519319920306,0.0012624832707351544,0.27583454506891375,-1.1352402261590995,-0.8274902101961188,-0.6346379459673855,-0.9847090191502859,-1.1125787146405561,-1.0996718489615938,-1.0129879475475077,1
-0.07219669305541997,1.4182605411776974,0.27967722576327125,1.7718540298733036,1,0,0,1,0,0,0.1858808555743153,-0.45361853746570174,-0.16982862701171944,-0.3122345180275343,-0.278208395179635,-0.10756293867449544,0.2691165665197896,1.5279169232948486,-1.503082395596441,1.3048626320705163,0.8468667284932562,0.8372569344242279,-0.4832472009858321,-0.24870044827762203,0.6758311941805041,-0.23183830508104375,0.18943259114062289,-0.028993161478883187,0.20465562353765385,0.9389436438584764,-0.6227116943403618,-1.4200810735866176,1.8217888501331163,-1.5749471185230182,-1.1292744022795196,-0.9389436438584764,-0.20465562353765385,-0.23037994010104354,0.641115017460903,0.04532735367801011,-0.08273376267196997,7.593435579547688e-4,0.06953024385249205,0.10608304780917345,0.012804842605544792,0.015758101167622184,-0.7481493064513315,-1.4693273852002382,-0.934529465133063,0.028283699992091807,-0.6007917169928287,-1.9046812251374914,-0.4540570296619595,-0.04195727479570725,-1.198562864808365,1
-0.6119022025574117,-0.6431607365392533,0.5693561964423357,-0.4281154315628296,0,1,0,0,1,0,-0.25578193957032125,-0.2733621931748661,1.1478690589782419,-0.6154469364517295,0.7968039643715142,0.26539576904120193,0.9331027440325503,0.5180933013909552,-1.7185332987055835,0.8874995129977892,0.31664128089579924,1.070088078884804,0.5643441004890593,-0.07365809148428007,1.0858826543232332,-1.2688969480136898,-0.024334342774638563,-0.9794990694749007,1.2447151562244891,0.22497917377587734,-1.3711003769408252,0.3767140898883293,1.074173529738239,-1.2230841031084874,-1.3679393702944376,-0.22497917377587734,-1.2447151562244898,0.04814519612450831,1.2415090048625523,0.5184030423421971,-0.26362076959722697,-0.2552648599739003,0.6051151385615076,2.3081817118129377,1.6738499195514247,-0.4183195767369984,-1.3310251429018278,0.12408133374116129,-0.5969704579529088,0.002351157259115363,-0.48232991558187904,-1.6508957890030895,0.4514102871836102,0.6260729825722207,-0.9511296417938885,0
1.7011214095939837,0.7740663918911503,-0.15484123025532542,0.5985369837740325,1,0,0,1,0,0,0.5896868397065544,-0.5292099076521812,-0.5664172509504457,0.08645509322107353,-1.0592071721746237,-0.47381375596365155,0.37916939985652204,-0.677293735556678,-0.7998125292784634,0.09988220661812112,0.02133135916163093,0.3920184083030097,0.5610039149816325,0.20757806202869172,0.02873137144071211,-1.6924178332526054,-0.2182167709909958,-0.5174011743220427,0.27586209560863995,0.2610696854503818,-0.3198347267457174,0.9583893647247723,-0.6073461848632402,-0.3513144319804884,-0.5328733543922549,-0.2610696854503818,-0.27586209560863995,0.0759977097470634,-0.10937746679115769,-0.4004555067940112,-1.168055804223513,-1.176951992688579,0.8256500952063961,0.758556726032511,0.6772228733838963,-0.5423417704240322,-0.27629743884854874,0.9587239960437993,0.15113328768959466,-0.1921429132382052,-0.3130987707090945,0.37938770007212164,0.28677986593896093,0.45906541823023866,0.34789477903211874,0
-0.1749977424843705,0.5163887321765315,-0.15484123025532542,-0.8681093238500562,1,0,0,1,0,0,0.22373766658671274,-0.45943325824927705,0.5977622580309765,-0.526334889815611,0.1897257878364852,0.05342643156249622,0.5174756749231798,0.7943417522342322,-0.09243352502808555,0.4156769254496663,-0.48022133407755296,-1.4610778374326587,0.15277966856828176,0.16222786526396704,-0.15813757580362864,-0.3176106129623368,0.011491683222244736,-0.5198043828807334,-0.9197330604481181,-1.080555857232306,-0.557466351236181,-1.2486777356805996,-0.19280831052158978,-0.5501577526738093,0.11682344543480125,1.080555857232306,0.9197330604481174,0.04814519612450831,-0.25947596364157,-0.3549674598070702,-0.4574282770171454,-0.42594766232847037,-0.4660546508565234,-0.22015379130249568,0.2342775195316623,-0.23228628620644656,-0.5261013687559044,-1.1658209625447336,0.014285041535478216,-0.08841274230630035,-0.29617565622181696,0.6966194952401235,0.4514102871836102,-0.04195727479570725,-0.3944048900113141,0
0.18480593051695732,-0.7462318004251005,-0.8790386569529866,0.3052077222492148,1,0,0,1,0,0,0.2868323516073751,-0.4728071160515004,0.6233486208657331,-0.5292281380830175,0.1631130720221913,0.04537696305064663,-1.268932387524875,-0.7029645587316615,0.5772202723678808,-1.2966933739343924,-0.7592783488303234,0.0301414704476322,1.2267639065686986,-1.2257328021527294,-0.608684681173583,0.4441911030480729,-1.2401116935391283,-0.8239266602716833,0.48604987461335547,-0.440948977121442,0.539743600550634,0.3550739664728865,-0.34271022838384246,0.5220755652980551,0.18269502042596783,0.440948977121442,-0.4860498746133562,-1.1216603760228097,-0.4846237089171882,0.33645085439443295,0.5245297605771081,-0.03337721691295973,-0.024984737566746233,0.9216751455883455,0.7325910426154264,-0.4183195767369984,0.6396503041450882,0.5034643620605421,0.4704458620491997,0.20981149912292413,0.4145951522438788,0.4428340591057229,-0.20711139779498602,-0.4316415915936655,0.47161139053935697,1
0.3904080293748593,0.10410447663314094,-0.4445202009343899,0.3052077222492148,1,0,0,1,0,0,-0.6469689866984278,0.4098674988952366,-0.029103631420558513,-0.3764646295639574,0.9539562211440196,0.6061566027095009,0.7001778442991218,-0.13288745035838884,-1.6785510933132366,0.4611444776676502,-0.32728877974505904,-1.2323900324718156,-0.24574351894453525,1.0175613407008388,0.4225687474493436,-1.9695052678574991,1.3884798803587601,0.31285027999051407,0.288491621905012,-1.9669554962053912,0.04312096535224265,0.6057122908088494,0.31547272052085373,0.7538164427373032,0.7309288499969535,1.9669554962053912,-0.2884916219050127,1.4964759044973779,0.9413120111617277,1.464554419670571,0.020630241285320403,0.5810808715634928,2.495414766946269,0.35076067714292497,0.2342775195316623,1.4420133285685155,-0.05424950115312168,0.4275877563966659,-0.33239718205494984,-0.127311556405765,0.17767154942198057,-0.3819686083310823,0.5337254978059351,-0.32030321536567735,-0.5181215015185524,0
0.4932090788038099,2.113990222407169,-0.4445202009343899,-0.13478617003801185,1,0,0,1,0,0,-0.7100636717190902,0.7006035380740037,-0.11865590134220637,-0.34174565035508003,1.1458577368031124,0.802921388554713,0.35977897304723616,-1.0617283058362446,-0.5431816664090978,0.29119599467453355,0.21860698284932165,0.9434058860329401,0.0845034139896292,0.08896985510556486,-0.48102208527006335,0.034050028516350576,0.07866127843625366,0.11305080769665227,0.3506288912831737,0.9389436438584764,-0.41138378909179635,0.9753780545184035,0.7767645295614787,-0.31538782522471237,-0.1738276740305526,-0.9389436438584764,-0.3506288912831744,0.4102278732177254,-0.10937746679115769,1.282602231722807,1.1059522828368633,1.0931292786272029,0.9201650766256344,0.4323198869208419,0.2896456887631914,1.1939689411944467,-0.3040534310604773,1.1104772073715516,0.4521994292286506,0.806259981981374,0.6176725260912207,-0.3502454288142823,-0.4540570296619595,-0.04195727479570725,0.7190446135538346,1
2.0352248202380734,1.830544796721088,3.176466932553916,-0.13478617003801185,1,0,0,1,0,0,0.16064298156605036,-0.4466408725254113,0.41865771818768077,-0.4904586112997712,0.1438706512901174,0.035538723758386036,2.351063178905582,0.5371074653765429,1.6520621355047163,0.5993936412223236,1.887423345137873,-0.5039132970136639,-1.6294364821771217,3.3277521944599404,0.3184938356666914,0.9737201140700852,1.97315570710649,2.5483404267161878,0.3871222082195544,-1.0712207285677868,0.0558402015046505,-0.4181367193937115,-1.2799294742134804,1.1468052832485471,0.034215645411679395,1.0712207285677868,-0.3871222082195551,3.1954792354732438,0.340918023760079,0.13630344765189217,0.6278937645343975,1.4686314438072563,0.06953024385249205,-2.0144564064166746,-2.312658265118687,0.44983577907224165,0.029018475482663446,-0.4070549059059717,-0.04957747333644305,-0.6978274965312384,-0.24540631275998087,0.37938770007212164,-0.12479618717266176,-0.5986491559356475,-0.76555472453303,1
0.18480593051695732,-0.10203765113855341,2.452269505856255,1.478524768348486,1,0,0,1,0,0,-0.5838743016777656,0.19472282990294892,-0.20820817126385424,-0.30529072218575887,0.6049088992164097,0.3856906040238429,0.8605627100470122,1.468037573701456,-1.4272958585061615,0.7105570513299526,0.05230422894537414,0.24040945515694037,-0.027245136940075645,1.9655427412076365,1.445705035440435,-0.034134359826376214,1.7317403835389829,1.4383480701704447,0.7837886966584708,-0.44946226314143684,0.7673137509915454,-0.5666520734952691,1.9168595135518285,0.7572473855319027,1.3362688795064188,0.44946226314143684,-0.7837886966584715,1.6635909862327087,1.1664597564373458,-0.3367722410122935,-0.3023822710812103,0.3762615087380082,-0.11949971898598452,-0.9541866793037505,-1.3160312189511594,-0.046252995675895824,0.6674062963570164,-0.5588081172337243,-0.10431677179808911,0.8840576101803024,1.1761353041714093,-1.1433249167342867,-0.9479482933959068,-1.211010225189582,0.16231986177126023,1
0.004904094016293398,0.28447883843337485,0.27967722576327125,1.0385308760612593,1,0,0,1,0,0,-0.38197130961164594,-0.15997513789514695,0.34189862968341117,-0.47194182238836996,0.6204985378889775,0.24169455620075592,0.10852367419830443,0.9908104242538965,-0.4765675658120916,0.42042035513014336,0.025040088311638592,-0.606700777451667,-0.37265303109644593,0.3184248102499368,1.092880169270983,0.1911808351045359,0.735034798129068,0.03718585787083114,-0.05671543019588151,-0.7712178265546397,0.1672615077847588,-0.26509503964464426,0.8436021294436985,0.1608871470521043,0.003751411403293254,0.7712178265546397,0.056715430195880795,0.577342954953057,1.4666567501381707,0.9914787310063841,0.9509062769009282,1.2467438007463156,-0.08799472517957138,0.18764225758709038,0.2342775195316623,1.1939689411944467,0.27882240539001907,-0.1035484832504671,0.4978155112800227,0.8840576101803024,0.9053654723749538,-0.6040308649486834,0.5337254978059351,0.18071947766026855,-0.023255055489598248,1
0.15910566815972013,2.268596818235939,-0.15484123025532542,-1.8947617391869185,1,0,0,1,0,0,-0.7226826087232228,0.7093256192493668,0.31631226684865466,-0.4696272237744448,1.5189074056785763,0.908458864598963,0.6666997653935705,0.47801122812780117,-0.9666508970845333,0.7940218717954315,0.654843506950507,0.4254717340002001,-0.2622121582204932,-0.08102105888934472,0.6165448490776371,-0.9851695511296247,0.11187307826536319,-0.3420545110508039,-0.43967950362031105,1.0163614779638186,-1.008017540451728,-0.03844431685953279,0.3314437698153479,-0.9617408934002295,-1.185278285160873,-1.0163614779638186,0.4396795036203104,-0.3974950218363748,0.04072103005925432,-1.3102164465328319,-1.5298298180740268,-1.4159079159849774,-0.5290646384693491,-0.46483142063624716,-0.319404172783631,-1.2244638357027204,-0.9146852597229018,0.04820472807728505,0.269735101023162,0.4043055696202447,-0.025405824425361403,-0.5723076854318833,0.12214944469431245,0.7374113588002092,0.10046155601764112,1
1.726821671951222,-1.235819353882877,-0.15484123025532542,2.505177183685348,1,0,0,1,0,0,1.0565875088594558,-0.6042198057603031,3.0028803644980906,-0.7305982174945059,0.4493569300402987,0.0999344718531827,-4.332879814252339,-1.7800625105007903,-0.46752942715815293,-1.336220958807957,-0.9066154929036103,-2.292646822136123,-0.12081290473004624,-1.350776492684366,0.9771958959678156,-1.8043887438689292,-0.22531140432804758,-1.7959550423053103,-2.1674099773270625,-0.9772859963810728,4.675294899930967,3.4221250560743663,-1.1741082837474703,1.5817333778880092,-0.5747560013825347,0.9772859963810728,2.1674099773270625,-1.3723329986258064,0.340918023760079,-1.255630790148503,-1.8399218299458961,-1.808478361400488,-0.844114576533476,-0.9541866793037505,0.012804842605544792,-1.1624527388592034,3.970369369576495,2.8556391376407038,-0.44187577897824326,-0.944186652494511,-0.3469449996836519,-0.857816301083085,1.0276167615398821,0.5704037944582268,-0.45626319576493324,1
1.0843151130202777,-0.6173929705677911,-0.15484123025532542,-0.7214446930876474,1,0,0,1,0,0,-0.40720918361991093,-0.12508681319369488,0.4954168066919504,-0.5136045974390228,0.7372128721594652,0.30072399195431954,0.3680583327337236,1.0873419451226565,-0.32982787055176904,0.46173856182914425,0.17976846851248976,1.5746186924570273,0.6632682813750558,1.0544458501909726,2.102884975641318,-1.0048529517603737,1.1345368927378112,0.04163959279657253,1.7914998543667704,0.37080434932556694,0.5417957981548743,0.6142130614927837,-0.5588945605265977,0.5012083538077089,-0.1930548555237057,-0.37080434932556694,-1.791499854366771,1.3015083091394917,2.4422969796658496,0.8459169806481733,0.13691474573727128,0.59814915179895,0.7941451013999841,1.9819448727012692,1.0648000580046022,0.015758101167622184,0.5008703430854462,0.5793409677244183,0.023408257945752128,-0.2699405414371327,-0.0592520533999176,-0.033013633646279864,0.03983423407198747,0.23638866577426285,0.10046155601764112,1
-0.07219669305541997,-0.9008383962538722,2.452269505856255,0.5985369837740325,0,1,0,0,1,0,0.03445361152472564,-0.4007045783351661,0.7256940722047591,-0.544273029073531,0.3745656765614435,0.11245586731605983,0.6892336823736867,1.9605671768117967,-1.0940909568054673,1.3607864397959364,0.9861573903862736,0.7634044488296493,-1.158033031182446,0.40345318856132373,2.8445103880564866,-0.3473161728604921,0.26178577951053444,-0.5167403764694053,0.6912331826893887,0.3556359628759839,-0.5552705408821638,0.15862808428815459,1.1466397315363186,-1.5787523918038069,-1.7865493077808703,-0.3556359628759839,-0.6912331826893894,0.2848915619162273,2.4422969796658496,-0.2821865846279648,-0.4122065252858309,-0.2894014204448148,-0.5605696322757617,1.0032343553662626,0.7049069579996614,-0.17027518936292965,-0.23928944923264436,0.7058019771642122,1.6108479133335034,2.081276666352697,1.1197249225471475,-0.6992004034990842,2.8111129916902473,3.4466451803479177,1.3994859768436472,0
0.2619067175886707,-0.41125084279609675,-0.8790386569529866,1.0385308760612593,1,0,0,1,0,0,-0.14221150653312897,-0.33150940101061954,0.40586453677030254,-0.4887226623393273,0.3756265585919498,0.12274129930342319,-1.2044803350925077,1.7857092075185055,0.21470138753412477,-1.22080310312989,-1.5069472653926896,-0.3104360812485193,1.47308104686964,-1.489975643314406,1.4046172411081552,-0.41613631628460623,-1.991978025466683,-2.66621020906795,-0.8114328088086202,0.38137139103206524,0.1860931192961892,-1.0438272107732696,-0.711680855130884,-0.32598507889429135,-0.6439300842384218,-0.38137139103206524,0.8114328088086196,-1.4558905394934718,0.8662627627365218,-0.8644335860608106,-0.9225662948249498,-1.552454157868633,-1.2851844898232538,1.0847935651441794,1.784586258014483,-1.2864749325462383,0.11228645211844858,-1.0140677512169813,-0.1864257194905595,-0.5162996974004062,-0.6007917169928287,0.09387908442092041,0.36909507656128593,0.6260729825722207,-0.5181215015185524,1
0.2876069799459088,0.6709953280053031,-0.8790386569529866,-0.8681093238500562,1,0,0,1,0,0,5.372263964272761,-0.7786614292675633,-0.5920036137852022,0.1645727964410475,-2.0874773502846877,-0.7260304360016051,0.5134873237279678,-0.719878737303383,0.8779078229729965,0.43041636914695497,0.42676450742842686,-0.6243012321016124,-1.607826074334085,0.2102762760900991,-0.9203205021058345,0.15400890246642415,0.15095258888947705,-0.10431127039595495,-0.5796783524084306,-0.27655448845948655,-0.5039110458516902,0.06609928312917954,-1.045365309673426,-0.43178274341729783,-0.656654413860742,0.27655448845948655,0.5796783524084299,0.38237535959517033,-0.7097714541928067,0.7003552302899613,0.6795757665130432,0.7176271134471482,0.1010352376589052,-0.38327221085833024,-0.1532996650890431,0.8219023601333442,-0.6093693453916895,-0.17942508891434333,-0.7064490548762022,-1.0868156375258795,-1.159254495073018,0.030432725387320277,1.0276167615398821,0.9600881112561845,-0.9511296417938885,0
-0.4063001036995106,-0.02473435322416849,0.5693561964423357,0.5985369837740325,1,0,0,1,0,0,-0.4198281206240434,-0.12450534111533736,0.2651395411791416,-0.4632620775861506,0.6343575162504053,0.26226542017548266,-0.6213556869530853,-0.10779187832371981,0.28724891066201663,0.3628874285299043,0.41104584711030356,-0.5685044565194484,-0.8459130099551175,0.03949998036632009,1.407456877105731,-0.04630743190448912,1.2907117401416062,0.8077753283402042,0.09517567272851181,-0.8697663470174435,0.9034781231507162,1.5579071382328158,-0.43921338696274953,0.7896101628520034,0.25425565480342016,0.8697663470174435,-0.09517567272851252,-0.23037994010104354,0.7912135143113154,-1.019092945816409,-0.8838047933409655,-0.3918111018575571,-0.844114576533476,-0.9541866793037505,-1.0945585420250417,-0.6663639641110671,1.2225261405955843,2.020996475338066,1.0908245779478607,0.6636309969500054,0.9730579303240674,0.8552353928241243,1.0276167615398821,0.6260729825722207,0.6571863078002155,0
-0.2263982671988458,-0.30817977891024867,0.27967722576327125,-0.4281154315628296,0,1,0,1,0,0,0.6527815247272168,-0.5350246284357565,-0.041896812837936774,-0.37357138129655093,-0.4140349557722758,-0.1227674903079891,0.6942991385371422,0.8428855029050769,-2.04845737989796,0.5785958354476448,0.27212244049322376,0.029926334894495324,-0.1371733093211784,-0.242224136784847,0.17025660643356647,-1.0190508413697588,-0.7619210012493058,-0.4052517716488501,-0.4291756706205303,0.4664671563038157,-1.2074673566863563,-0.9863274742039968,1.7762620433608445,-1.5371534681512753,-0.749421979258192,-0.4664671563038157,0.4291756706205296,-0.2582324537235989,0.11577027848446049,-0.10933200607758836,-0.6124742829530796,-0.8526546682148961,0.9516700704320475,0.10608304780917345,0.34501385799472056,-0.17027518936292965,-1.2477571662660425,-1.1658209625447336,-1.1808563082104715,-0.23104172733766892,-0.8038690908401701,-1.7143421480366898,-0.28942660841731066,-0.09762646290970158,-1.2604211705619852,0
1.4184185236643685,0.10410447663314094,-0.15484123025532542,-0.4281154315628296,1,0,0,1,0,0,-0.7479204827314877,1.9129728214494626,-0.06748317567269331,-0.3643129868408503,1.424550113465101,1.7527586729529638,0.2636897072554959,-1.2017016311875446,0.3180714297848788,0.9145449478028911,1.370064239761408,1.933216939473964,-0.7078312525207844,0.04487379780776469,-0.7470219911708562,0.08094174821871787,0.17350496757308476,0.13529683715087218,0.7577574583546642,1.8851427108031094,-0.3218295868202689,0.901022969950701,-0.3534756490045306,-1.0634466671567464,-1.6490595838226876,-1.8851427108031087,-0.7577574583546649,0.02029268250195297,-0.7097714541928067,-0.054746349693259644,-0.0052107597040024186,0.06903246449978255,-0.11949971898598452,0.02452383803125581,-0.319404172783631,-0.23228628620644656,-0.6093693453916895,0.19995793940503753,-1.4454295841084306,-1.3720736075886157,-1.6161785862295364,-1.4605567119022886,-1.0302635040182315,-0.26463402725168356,-1.6934293108373202,1
0.3904080293748593,1.2378861793774645,1.1487141378004646,-0.8681093238500562,1,0,0,1,0,0,-0.1295925695289965,-0.33209087308897706,-0.579210432367824,0.12696056896476374,-0.6263344053299075,-0.3535189209810105,-0.38969075169375533,0.5076186981125468,0.19527991639847492,-0.6651972483796772,-0.6082583118787785,0.13982392515869863,0.4973617466556417,-0.89169101014347,0.060821896307279924,-0.2405060025200699,-0.7263620601476348,-0.5785320388508104,-0.2548898489945435,0.4434998061064408,-0.34909267450580456,-0.6357925532073178,-0.5086395258548468,0.17839038256304382,0.22594166166688737,-0.4434998061064408,0.25488984899454276,-0.8152827261747027,0.11577027848446049,0.1908891040362222,0.03355074177998182,-0.2552648599739003,0.3215701943037938,0.4323198869208419,0.6218547041523672,-0.17027518936292965,-0.3040534310604773,-0.5588081172337243,0.15113328768959466,-0.1402778277722523,-0.0592520533999176,0.664896315723324,-0.04248097655033679,0.18071947766026855,0.22417816752487937,0
0.6217103905899984,-0.05050211919562982,-0.15484123025532542,0.5985369837740325,1,0,0,1,0,0,1.081825382867721,-0.6111974707005935,-0.10586271992482811,-0.3492680958503368,-0.634256007031151,-0.20013182656076567,0.24226712127641212,-0.5589979819710112,-0.21864404131107504,-0.05445851242350016,0.1991993954022908,-0.03095726809744947,0.06504003608627217,0.7504479452862656,-0.5801272070986648,-0.224443977579867,-0.09536297135214425,-0.1133521875776773,0.06048449490010199,-0.1022098070627286,0.41296041510113973,0.18608357239324336,0.07334917691789844,-0.0209903530651767,-0.36963531896203833,0.1022098070627286,-0.0604844949001027,0.7723105503109431,-0.4846237089171882,0.22727954162577424,0.07231224326396513,0.03489590402886805,0.3215701943037938,0.5954383064766764,0.6218547041523672,0.139780294854656,0.3343343898138759,0.12408133374116129,-0.13168642102891215,-0.07544647093981212,-0.07617516788719629,-0.5088613263982832,0.36909507656128593,0.3477270420022505,-0.20882997275045564,1
-1.460010860346257,-0.23087648099586283,1.0038746524609323,0.3052077222492148,1,0,0,0,1,0,-0.1800683175455264,-0.31115787826810587,0.09882818275322415,-0.4082903605054282,0.22979034287557148,0.0762332590127367,0.787397739751685,-0.12055221345719012,0.6669881630067905,-0.2735858394942562,0.27723293646109953,0.34937604554777657,0.10434661742221679,0.19694422278730803,-0.7891876121367734,0.9859666380730497,-0.3627932383879827,0.33757645667615765,0.5581846313588362,-0.07709346503402185,-0.8981113776248522,-0.6251291290071033,0.079006221937315,0.009857253942678433,-0.030838689131650093,0.07709346503402185,-0.5581846313588369,-0.06326485836571254,-0.9349191994684248,-0.8735311954581982,-0.28946177058654887,-0.40887938209301433,-0.8756195703398886,-0.05703537174666111,-0.319404172783631,-0.9144083514851348,-0.7481493064513315,-0.4070549059059717,0.7167727051266096,0.6506647255835172,0.6176725260912207,0.37938770007212164,0.2044646553166367,0.18071947766026855,0.34789477903211874,1
-0.7404035143436003,-0.8493028643109486,-1.168717627632051,-1.6014324776621007,1,0,0,1,0,0,-0.6848257977108253,0.5814017620107091,1.4293190501605637,-0.6547951128884572,1.7676803205521359,0.9531781341092386,-0.14986215074133058,0.6995491892188219,0.3582298421444606,1.2230750101653411,0.2984760607077016,-0.5363976748600229,-1.254271319499514,-1.0334118911942198,0.5944231241233716,-0.1548131280623601,-1.0191253223122994,-0.8768991988162772,-1.4375436385994584,0.6941558255444424,-0.8241860167053139,-0.3646731794093433,-0.6452844585637454,-2.6628426568341643,-1.2441548901370376,-0.6941558255444424,1.4375436385994576,-1.1495128896453646,-0.03432821836595151,-1.455778196891044,-1.2972608091701252,-1.552454157868633,-1.0016395455655394,-1.2804235184154193,-0.8730858650989243,-1.4104971262332722,-0.8869292675109735,-0.5588081172337243,-0.7611883533378483,-0.944186652494511,-1.785409731102321,0.5697267771729232,0.6160407084282594,1.127095675598167,-0.45626319576493324,0
0.46750881644657266,1.3924927752062353,2.8867879618748513,-0.4281154315628296,1,0,0,1,0,0,-0.6217311126901629,0.3604423722348462,0.43145089960505906,-0.4985597064485092,1.1616888121765172,0.662502882292448,3.1656553163684573,-0.6798502483137302,0.9878465468945494,3.4114197909621584,3.8641753957107534,2.720950918793092,-2.613098852910648,2.508147709390748,-0.8944295910532227,1.2627811984381652,1.5539716071691239,2.1301917369777934,2.2117880550385673,1.517428063553434,-1.8958091393848011,0.03709587210256652,-0.08144600038423072,-3.0677164061976643,-2.943899643162986,-1.5174280635534347,-2.211788055038568,2.8612490720025816,-0.6347222057676005,0.9277954652246664,1.519408298666023,2.2196357741673656,0.2270552128845555,0.10608304780917345,-0.762349526635866,0.8839134569768611,-1.775121018292682,-0.02767187758659086,-0.17730250308028428,-0.1921429132382052,-1.3623318689203594,-0.667477223982284,0.7806711296729086,2.017802685422071,-0.45626319576493324,1
0.5189093411610479,0.10410447663314094,-1.168717627632051,1.0385308760612593,1,0,0,1,0,0,0.48873534367349464,-0.5146731056932429,-0.3617263482723934,-0.1855102439151321,-0.663256819999967,-0.25245337188778794,-1.2773266184968064,-0.8341091638027087,-0.4759480015869628,-0.8386297231712511,-1.2466631241856214,-0.7912901540409173,0.2527658787970294,-1.0637082701351073,1.174525592847385,0.5691434187130558,-0.5236973710752963,-1.279565417552289,-0.7279513648365089,-0.3572520928766799,0.7133089863705234,2.321454959378768,1.2225711103463786,0.613645303566674,0.3714765349311598,0.3572520928766799,0.7279513648365081,-0.7595776989295921,2.067050737539819,2.083191858692969,2.1395923224097615,1.7587922078100258,-0.24551969421163483,0.5954383064766764,1.1201682272361313,1.6900577159425842,1.194770148383656,3.159145560296209,1.6108479133335034,2.128819661363154,2.326907089306344,-0.3819686083310823,0.8629863402952329,0.7374113588002092,1.708777505611744,0
0.8273124894479005,0.5421564981479937,0.27967722576327125,-0.4281154315628296,0,1,0,1,0,0,-0.4576849316364408,-0.04658808261542777,-0.3745195296897717,-0.15947100950847412,0.14430935650958832,0.08741307639030557,-1.0757547175541584,0.5784618623281474,0.7461416706774294,-0.5762852839875995,-0.3512549304055278,0.5212676517063197,0.5400547116930634,-0.4942943231677127,1.7529004977528757,-0.1158645501993118,-0.502888113261679,-0.5190325190207379,-0.3979084468072301,1.1055876586338,1.001970057915585,0.9620601783515887,-1.136433358725661,0.2798689951186347,-0.05008562076471225,-1.1055876586338,0.39790844680722937,-0.3417899945912644,1.9920014891146134,0.6821600114951846,0.5116092600824467,0.2738518273252659,0.4475901695294441,0.5954383064766764,0.8986955503100138,0.6978801664463103,0.7229182807808735,0.6552175733882943,-0.5331079430809875,-0.996051737960463,-0.8377153198147269,0.3476645205553221,-0.7010026615289333,-0.26463402725168356,-0.1469716669968365,0
1.4698190483788447,-1.0554449920826439,-1.168717627632051,-0.13478617003801185,1,0,0,1,0,0,-0.3062576875868511,-0.21812234573090036,0.6105554394483548,-0.528070838776055,0.6517579255754328,0.24035297811544765,-1.747196695160046,-0.7857326776659289,1.9664263547974181,-2.5462860680255615,-1.6143521597058277,-0.36471587368564906,1.296180453607018,-1.2417772060031294,-0.6678994435936342,2.3668742759451438,-2.3703141865042987,-1.627995055472753,-0.4372750117287954,-0.06374491962016399,1.188750383279575,0.4093557581340524,-0.3096903158410411,1.0895052326849342,0.5093165639296368,0.06374491962016399,0.4372750117287947,-1.2609229441355856,-0.8598699510432187,-0.973604898829468,0.24027874969456073,-0.7502449868021539,-2.1043143287899837,0.4323198869208419,0.7325910426154264,-1.4104971262332722,1.0405701916507204,0.326418948844831,-0.13776856530242937,-0.27426263189262934,0.1607484349347019,-0.11760877902441451,0.15873398274867878,0.13742122023827333,0.23105131260861483,1
0.7759119647334253,-0.87507063028241,-1.168717627632051,1.0385308760612593,1,0,0,1,0,0,0.8546845167933363,-0.5716573693722812,-0.34893316685501513,-0.2022910838660895,-0.8071309562981465,-0.28330966784987804,-1.4440311788904425,-2.3145175185962015,-0.4604064598647046,-1.0300382042987788,-0.566572380077519,0.4017875034998134,0.7830562444445016,-0.07748031763529348,-1.8775724473175357,-1.4813035973631612,0.38148679724152557,0.4550082147039218,1.116988546947158,-0.5598254073642694,1.9305430854051309,1.2958370702304447,-0.8591762046328826,1.7697909393763245,1.1807988040251145,0.5598254073642694,-1.1169885469471588,0.7258896942733513,-1.4352475223031322,3.3568571743273177,1.730443140078823,1.8441336089873108,4.585246022771644,2.2266225020350205,1.6738499195514247,3.447038793175569,1.916425945893794,1.33810702436318,0.269735101023162,-0.23104172733766892,0.46536449570571364,0.9186817518577256,-0.5363722402842841,-0.8213259083916238,0.5953280020465953,1
-1.3315095485600683,0.18140777454752677,-0.4445202009343899,-0.13478617003801185,1,0,0,0,1,0,0.3877838476404349,-0.49083275048058395,-0.8350740607153893,4.316384060169293,-2.566444759747777,-3.713277639288006,0.4134675911407566,1.2227493171637023,-1.6716720764608202,0.13691371764311713,-1.1108281343913218,-0.33087151502441503,1.0598221258000409,0.11661537701997833,0.695478507349001,-0.40607400728656184,0.5717695375267261,0.39858236240911266,0.6190712565440033,-1.0652566185876786,-0.4584160397170763,-0.9815467100805075,1.8771665141729819,0.3819952863189784,1.8332690777188954,1.0652566185876786,-0.619071256544004,-0.09111737198826762,0.340918023760079,-0.7279694450999874,-0.806281790372998,-0.5624939042121272,-0.2140147004052217,-0.30171300108041293,-0.5962450189412776,-0.728375060954584,-0.6648813298155464,-1.1658209625447336,-1.1991027410310207,-0.2051091846046925,-0.0423289389126401,-1.0481553781838862,-1.4418395571298541,-1.8790404825575102,-0.76555472453303,0
-0.07219669305541997,1.4440283071491598,0.27967722576327125,-1.161438585374874,1,0,0,1,0,0,-0.8236341047562825,5.567524833926565,0.25234635976176334,-0.4615261286257068,2.928505325422581,4.638493134451039,0.07607881192827347,-0.806708426203811,2.004796440160472,-0.13440218557163144,1.2401132914711295,1.8294221192492637,-0.7118511186756489,0.2591311732445188,-0.4544743211690247,1.0407254578714167,-0.10036283529093352,1.024550462812579,1.815869993936328,0.6941558255444424,0.15313137510655547,0.6519502337312546,-1.6947951767974367,0.08205061232769786,-0.6119339002877966,-0.6941558255444424,-1.815869993936329,-0.06326485836571254,-0.7097714541928067,-1.0554833834059623,-0.43158727602782254,-0.4430159425639276,-0.655084613695,-0.22015379130249568,-0.9284540343304539,-1.1004416420156866,0.3620903820258042,0.9587239960437993,0.8627441676909999,-0.24400799870415715,-0.194636969298146,1.5848685217105287,0.6160407084282594,1.127095675598167,1.1520527538291696,1
1.4184185236643685,-0.5400896726534062,-0.15484123025532542,-0.13478617003801185,0,1,0,1,0,0,-0.3188766245909836,-0.20649290416374969,0.35469181110078946,-0.4730991216953325,0.5418534951579395,0.20681352598274105,0.24473141522024638,-0.4905866522812971,0.1950954196863203,0.21861048423497934,0.507029817251754,1.0878938569431988,0.16779482322674966,-0.9607127761641067,-0.407354488945409,0.1598050949908798,-1.0642962640847227,-0.7892584939568578,0.23506672098463585,1.250621156711811,-1.3002378764967684,0.2652667917108196,-0.10611326552522209,-1.3506666175795896,-1.4297208973496243,-1.250621156711811,-0.23506672098463727,-0.9545452942874786,-0.4846237089171882,-0.3731626786018469,-0.23777976860790415,-0.6307670251539549,-0.37153966943728567,0.8401159358104279,0.7879592118469556,-0.6043528672675491,-1.2477571662660425,0.12408133374116129,-0.33239718205494984,-0.3347718982695729,-0.8207922053274488,-0.5405845059150832,0.12214944469431245,0.9044189231421907,-0.08511336124321738,0
0.9815140635913272,-0.23087648099586283,-1.168717627632051,-1.6014324776621007,1,0,0,1,0,0,0.08492935954125552,-0.4123340199023168,0.5337963509440852,-0.5170764953599105,0.2525957270819527,0.08249395674417527,-0.5728551744333397,0.23573787691692846,1.263099101179633,-0.22041754503545208,-0.06225727697978898,0.35476341163465336,0.2858251823296792,-1.2133852460818435,-0.3511951299225562,2.0884356294487962,-1.3397840832456192,-0.4520178860233047,-0.2493891336940558,0.7311960875261709,-0.4158311761120528,-0.6753772057970535,0.37197761424881276,-1.0307370794691082,-0.36036997837504914,-0.7311960875261709,0.2493891336940551,-1.0659553487776992,-0.10937746679115769,0.7822337148664557,1.8553413115272142,1.0760609983917457,-0.7495995951142377,0.6769975162545934,0.8986955503100138,0.7598912632898273,-0.27629743884854874,-0.482931511569848,0.6164173246135901,0.7284623537824456,0.22844089288381547,0.5380035976561225,-0.04248097655033679,0.3477270420022505,0.47161139053935697,0
0.7502117023761872,0.20717554051898904,1.0038746524609323,0.5985369837740325,1,0,0,1,0,0,0.7789708947685415,-0.561772344040203,-0.31055362260288033,-0.24626845753066742,-0.7293685456055614,-0.24172074720532183,0.14760987495358102,-1.394845820866526,0.4933025601647836,0.23542782650897157,-0.1739165754032566,0.726469653068629,0.8727651855613574,-0.33533872848253943,-0.9740227584544728,0.6270137994975026,-0.45556150260917844,-0.7732369131795087,0.5873904109192033,0.40825130337297294,-0.5403216306697587,0.9387150462735647,-0.04427272596416335,-0.769774792808292,-0.5288152816100898,-0.40825130337297294,-0.587390410919204,-0.4253475354589299,-1.009968447893631,-0.5005292101652823,-0.12149526415595328,-0.2894014204448148,-1.2536794960168407,0.9216751455883455,0.6772228733838963,-0.9764194483286528,-0.6926373220274746,0.4275877563966659,-0.998391980004983,-0.8663890242955825,-1.0746389226366257,-0.635754044465484,-0.4540570296619595,-0.32030321536567735,-0.9511296417938885,0
2.266527181453213,0.9029052217484598,0.27967722576327125,-0.8681093238500562,1,0,0,1,0,0,-0.6722068607066928,0.4534779047720517,-0.09306953850744984,-0.3533186434247058,0.9954659516426972,0.6218083470380973,0.7761183924508961,0.49047577937846243,-0.7118453367646483,1.2785485391255464,0.8468256789971987,0.39574817380915783,-0.5966209099078833,-0.10684536800377789,1.2705758348310758,-0.7272237867460739,1.141784676501624,0.8134632986989802,0.01898787070343759,0.5209213695068188,-1.185970150308238,0.5996415793413385,0.24232664983204888,-0.5950624510208776,-0.306726273405538,-0.5209213695068188,-0.0189878707034383,-0.2582324537235989,0.8662627627365218,-0.6369933511261053,-0.8838047933409655,-0.4430159425639276,0.1325402314653172,-0.6279498401920818,-0.7069813574043363,-0.35630847989348147,-1.2200011740541141,0.12408133374116129,-1.0713777112871794,-0.8015576674631424,-0.9561771212256767,-0.826093121566285,-0.4540570296619595,-0.26463402725168356,-0.9511296417938885,1
1.1871161624492292,-0.46278637473902035,-0.4445202009343899,-0.8681093238500562,1,0,0,1,0,0,-0.5333985536612357,0.040632729138202366,-0.38731271110714993,-0.15947100950847412,0.2736445612890211,0.15449198065571876,-0.6228270790155227,-0.12812625381630988,1.5723628624173904,-0.6532651111874663,0.10926181945927277,0.18612784323300235,0.2600697484705663,-0.5777408732511413,1.0369708031262725,-0.09735799230965012,-0.08418680490072868,-0.305411477128163,0.04968400367083265,0.2045801889163758,0.2887843414237578,1.2146718909015188,-2.247308100494484,0.7990408254253661,-0.44022058039509515,-0.2045801889163758,-0.04968400367083336,-0.7595776989295921,0.41596727218528484,-1.1919475243667854,-1.051771299771562,-1.0233374705694662,-0.9701345517591269,0.18764225758709038,0.17890935030013266,-0.9764194483286528,0.11228645211844858,0.8828473903799233,-0.5148615102604385,-1.5147025926199844,-1.176177609560296,0.664896315723324,-0.12479618717266176,-0.04195727479570725,-0.8274130302866491,1
-0.8432045637725518,-0.6173929705677911,-0.15484123025532542,-0.13478617003801185,1,0,0,1,0,0,0.45087853266109723,-0.5076954407529524,1.007144063387081,-0.5957728482333657,0.22478046760752116,0.06997256128129814,0.06868572940587146,-0.6019366381332387,-0.43762480414921934,1.1047117672678395,0.6002804041273354,1.315554163518778,-0.3413435797137627,-0.5953231860359856,-0.5087880209076955,-1.473850136744927,0.024229243442679595,-0.5010628213091604,0.39961991949913633,1.3979208031972914,-0.6903490917429264,0.31648425617689535,-0.8828294820736117,-1.4683690244747005,-1.2695842457210627,-1.3979208031972914,-0.39961991949913706,-0.6203151308168162,-0.5596729573423944,-0.31857702221751816,-1.0000892977929163,-0.9379960693921812,0.5736101447550955,0.35076067714292497,0.17890935030013266,-0.6043528672675491,-0.19302946221276363,1.33810702436318,2.8424821287205515,1.7787303344679768,0.9222885868622325,2.790349343348936,1.8507688677631275,3.353863200157928,3.873818206988421,1
1.5469198354505571,-0.41125084279609675,-0.8790386569529866,1.7718540298733036,1,0,0,1,0,0,-0.00340319948767178,-0.3925639692381606,-0.7839013350458762,1.932347487826384,-1.5897796604139562,-1.7952681699922914,-0.09128277008948912,0.5414995396156927,-2.2215339076832343,0.27125721976082806,-0.4449878189451548,0.1349139400173573,0.5199181764184739,-0.20979448789899385,0.502618112561139,-1.741113892304455,0.03835413234096872,-0.04989977868813588,-0.43967950362031105,0.6200753015809853,-0.08269326649718985,-0.23971332050327435,1.287259724247117,-0.32841970275321813,0.5297885366513773,-0.6200753015809853,0.4396795036203104,-0.23037994010104354,0.41596727218528484,-0.11842961547497735,-0.9871687972982559,-0.9209277891567239,1.3927399837218248,-0.46483142063624716,-0.319404172783631,-0.29429738304996345,-0.10976148557697851,-0.2553016945782196,-0.0951935553878152,0.5728670973845897,0.39767203775660004,-0.44541496736468245,-0.8656330827735822,-0.7099875321636356,0.40975308478573785,1
-0.07219669305541997,-0.07626988516709207,0.27967722576327125,0.5985369837740325,1,0,0,1,0,0,0.1858808555743153,-0.45361853746570174,-0.822280879298011,4.223800115612287,-2.180874099947691,-3.613106475584989,0.1005029916290914,0.029220192640078392,-0.6990127064502285,0.1409693250355714,0.001811509281442832,1.6080255899624607,0.5693140951087798,-0.28625841241852035,0.44992245860681435,-0.24977551243873627,0.16146245218514219,0.15349196421735217,0.8018189915875111,1.3979208031972914,-0.42577788918292775,0.4106168107321248,0.7045734850394082,-0.03033705985174294,0.14749997748522428,-1.3979208031972914,-0.8018189915875119,-0.06326485836571254,0.7912135143113154,0.9914787310063841,0.6924962670077037,0.7346953936826055,0.9831750642384596,0.758556726032511,0.40038202722625016,0.8839134569768611,-0.6926373220274746,-0.17942508891434333,-1.4727992333392537,-0.9571529238609991,-0.9054077777638412,-1.4288335323854886,-1.6064699783745033,-1.32234860141757,-1.3841377820692236,0
-0.6376024649146498,0.8513696898055362,-0.4445202009343899,0.5985369837740325,0,1,0,1,0,0,1.1449200678883833,-0.6210824960326716,-0.2593808969333673,-0.28677393327435763,-0.805246873467349,-0.25603091344861,-0.6674824331280681,0.7948655990810686,0.39914849436296146,-0.2418217979632085,-0.0703802868478556,1.556751388169677,1.036475758220561,-1.3440077074412389,0.6513045378309669,1.3477958300554247,-0.9965322774921925,-1.094901542119944,0.33216239355632987,1.7937886031270187,-0.41476609372694423,-0.43851539168925513,0.8087554649234798,-0.6614586998155884,-0.9774604307421205,-1.7937886031270187,-0.3321623935563306,-1.3166279713806959,0.340918023760079,-0.6369933511261053,0.09815324425328795,-0.3064697006802721,-1.7892643907258567,0.8401159358104279,0.7325910426154264,-1.0384305451721696,-0.6093693453916895,-0.7105613285614767,-1.0896241441077272,-0.5681647828663581,-0.7700228618656133,-1.7777885070702906,-1.0302635040182315,-0.32030321536567735,-0.76555472453303,0
0.7759119647334253,0.5163887321765315,0.5693561964423357,-0.8681093238500562,1,0,0,1,0,0,-0.5460174906653681,0.08424313501501743,0.5977622580309765,-0.526334889815611,1.0424070557008878,0.4715516014835717,0.2617717141177198,1.320322301473637,-0.2356613706122111,0.19736955036436732,-0.4053308582889479,-1.0971839722385235,-0.09085350705457738,-0.2292955001381585,0.6261404978258833,-0.6025405904733545,-0.20712463586628369,-0.5327140632271234,-0.3471945350124867,-1.1520847651812123,-0.5931093027423298,-1.1849299889790168,-0.28333819630315515,-0.47201477270709163,0.006858368883449391,1.1520847651812123,0.347194535012486,-0.06326485836571254,0.8662627627365218,0.7185504490847379,0.26611975068388355,0.17144214591252482,0.6996301199807459,0.4323198869208419,0.6772228733838963,0.9459245538203791,-0.47058938433204756,-1.0140677512169813,0.5251851605108457,0.28760912732185256,0.0761328624983096,1.0138512904081252,0.9453015509175579,0.4033962301162448,0.16231986177126023,1
0.10770514344524394,0.18140777454752677,0.27967722576327125,-0.8681093238500562,1,0,0,1,0,0,-0.016022136491804253,-0.38093452767100994,0.27793272259651985,-0.46789127481400095,0.19556302780415516,0.06863098319598987,0.8024610513128092,0.4320070227513511,0.02823597974283199,1.025371806369973,0.8936226905034138,0.7627763162046098,-0.46242736967648046,0.06902385122346971,0.3800117443940244,0.38326687306229934,0.4813589229775661,0.6951243845576054,1.6643883009928626,-0.6103841330315712,-1.0468738070590804,-0.2122557730306405,0.34654671509190765,-0.9079038907620008,-0.48309959715075684,0.6103841330315712,-1.6643883009928633,0.10385022336961848,0.41596727218528484,0.1817914946388332,0.3565632541465125,0.5469443110925782,0.06953024385249205,0.758556726032511,0.012804842605544792,0.07776919801113909,-0.8869292675109735,0.04820472807728505,0.826251302049903,0.8970238815467907,0.43151826673115745,0.47455723862252236,0.9453015509175579,0.6817421706862145,0.16231986177126023,1
0.4932090788038099,2.0366869244927823,-0.4445202009343899,3.2385003374973924,1,0,0,1,0,0,-0.7100636717190902,0.7006035380740037,0.15000090842273722,-0.44185204040734294,1.3492685657815835,0.8802857248074895,-2.167069563398698,-0.7287733609101116,-0.7958015258069707,-1.3986893268539775,-1.5866369143001429,-0.18660273783365017,1.316528135882261,0.09206937270808563,-0.5288891781563194,-0.23996154494768154,0.15135495239849378,0.22246006691368633,0.3506288912831737,-0.6022533438160685,3.1053576126177047,0.4704347406381515,0.8467491344178103,2.039620024588545,2.27989465266648,0.6022533438160685,-0.3506288912831744,0.4659329004628361,-0.10937746679115769,1.4827496384653478,1.1059522828368633,1.1272658390981163,1.424244977528238,0.4323198869208419,0.2896456887631914,1.5040244254120325,3.6095414708214255,0.8828473903799233,1.1546870928197819,1.4805060930387524,2.394599547255459,0.6331731362065233,-1.4418395571298541,-1.7677021063295222,1.5232025883508855,1
0.004904094016293398,1.3151894772918502,0.27967722576327125,-0.13478617003801185,1,0,0,1,0,0,-0.38197130961164594,-0.15997513789514695,-0.4128990739419065,-0.1247520302995968,-0.029844221180709164,-0.026621060860896863,0.10525164585209178,-0.3332106908311205,0.013029083642467593,0.6927605447694604,0.5371687289552739,0.43168897505242254,-0.5969219496875582,-0.10075776514823802,0.8784133296027008,0.14872512065098975,0.1677234765869097,-0.1613635643787822,0.23506672098463585,0.3556359628759853,-0.24703094741006024,1.3373173206062985,0.1316432094421491,-0.769563074490029,-0.8558857697451553,-0.3556359628759853,-0.23506672098463727,0.2152602778598393,1.391607501712964,1.3371878881071357,1.2222367872888142,1.2467438007463156,0.4475901695294441,0.8401159358104279,0.7879592118469556,1.4420133285685155,-0.3318094232724056,1.0346006017076752,-0.42362934615769415,-0.2958730841701091,-0.5669454880182719,-0.667477223982284,0.28677986593896093,0.514734606344233,-0.5799798072721716,0
-1.4086103356317816,0.3617821363477598,-0.8790386569529866,1.478524768348486,1,0,0,1,0,0,0.47611640666936217,-0.5129286894581703,-0.7966945164632545,2.1261951217426156,-2.0091402014589153,-2.0376466107379843,-1.2344063198492445,-0.08896497977891339,0.4209152820259881,-1.8220317987524492,-1.27741105277935,-0.7154187242001147,1.6195041757328288,-1.1520342409768056,-0.1092783089056994,-0.6352321817567366,-0.7246896775165492,-0.8752154936406776,-0.2645441656443792,-0.7133741297612556,0.5653729969533194,0.012634615792838378,-1.2137523723823942,1.7428575333642786,0.806219348385396,0.7133741297612556,0.2645441656443785,-1.0102503215325889,0.11577027848446049,0.7094528396873502,0.24027874969456073,-0.06751377738387422,0.7626401075935709,1.247911984700014,1.5631135810883663,0.6358690696027934,0.3343343898138759,-0.17942508891434333,-0.5696008087220858,-1.060883094792903,-0.4146374576327655,0.2524949820049213,-0.8656330827735822,-1.211010225189582,-0.6418381130257917,0
0.15910566815972013,1.7274737328352407,-0.15484123025532542,-0.13478617003801185,1,0,0,1,0,0,-0.7226826087232228,0.7093256192493668,1.058316789056594,-0.5986660965007722,1.8407040330062687,1.0081828356068774,0.9409004958924205,0.3737522111394512,0.7166304348455552,0.17616581691341585,1.0665055028753452,1.7192675468251266,-0.15870252886364086,-0.03912700837141175,1.0796127879398172,-0.7685291584414282,0.45923404212092916,0.18838379612130998,-0.16027754582615011,2.5038371966517667,-1.3474402893412651,0.5685457516060075,-1.7519554992596933,0.21737996166593362,-1.202589275892297,-2.5038371966517676,0.16027754582614942,-0.3139374809687093,0.491016520610491,-1.1009714303929035,-1.2714198081808024,-1.05747403104038,-0.30852968182446,-0.5463906304141645,-0.5408768497097485,-0.9144083514851348,-1.3587811351137562,0.04820472807728505,-1.1991027410310207,-1.7740280199497451,-1.5992554717422576,-0.635754044465484,-1.3595243465075295,-0.3759724034796717,-0.9511296417938885,1
-0.894605088487027,1.3924927752062353,0.5693561964423357,0.3052077222492148,0,1,0,0,1,0,0.7284951467520117,-0.5495614303946948,-0.5280377066983108,0.019910383070725346,-1.0396506957402494,-0.4380383403554311,-1.120006371876246,-0.24060551172681308,1.640594377611213,-0.8726101738516683,-1.024873931056474,-1.1341726971903978,1.1139482624011277,-0.6086179511133227,-0.23275693634919253,1.3344653735377887,-0.9629265311189615,-0.8483813833983287,-0.47959406901947754,-1.0712207285677868,0.9492722384461172,0.09706782650254693,-0.9017384693760528,0.22401858378112935,0.504107007712342,1.0712207285677868,0.4795940690194761,-0.2423167316535674,0.3516393449636798,1.9272328404520274,2.4995205504753253,1.8441336089873108,-0.20051256020247402,1.8770830315582323,2.4648237657161296,2.00011320016017,0.6674062963570164,-0.1035484832504671,-0.5604775923118106,-0.9052878383950472,-0.7700228618656133,0.664896315723324,-0.12479618717266176,-0.5986491559356475,-0.7036964187794109,0
-0.9974061379159777,0.2587110724619126,1.4383931084795292,-0.8681093238500562,1,0,0,1,0,0,-0.6974447347149578,0.6686225737643393,-0.15703544559434116,-0.3272794090180478,1.048156237724814,0.7671459729464926,2.026770650868487,-0.3721805344998285,0.6625568189019,2.0566696725629345,2.757778051058829,0.6396233674388614,-2.5356042479007446,1.4541382592416288,0.6958143171587795,0.5007586154303298,1.4844867256959764,1.58466691703195,-0.04921092906325296,0.9211767860776201,-1.3653161120548878,1.207880971854225,-0.40252325169300757,-1.3064364164633022,-2.038127717124411,-0.9211767860776201,0.049210929063252244,1.2736557955169365,0.5660657690356972,-0.18211288125669506,0.09815324425328795,0.700558833211691,-0.2140147004052217,-1.1988643086375024,-1.3160312189511594,0.2638024885416898,-1.3310251429018278,0.8069707847160468,-0.6608329728248301,-0.7496925819971905,-1.159254495073018,-1.1116017372174867,0.6160407084282594,1.2941032399401495,-0.8892713360402683,1
-1.4343105979890196,0.928672987719922,-0.15484123025532542,-1.6014324776621007,1,0,0,1,0,0,0.24897554059497767,-0.4635035627977798,2.299255386542286,-0.7022443844739228,0.6832094406850002,0.18624266200801434,1.0684421535497524,1.5663016986893366,-1.6583215329976912,1.9900703336110221,1.4718179524995894,0.3565098709789698,-1.8167831531540906,0.013266351605140813,2.1236536419230614,-1.505713680887878,0.5258350063064912,-0.12065814359944549,1.116988546947158,-0.6215786978934909,-1.4724392410655334,-0.022368637497002755,0.7538840508895538,-2.1670476410136743,-2.0312346149765768,0.6215786978934909,-1.1169885469471588,0.04814519612450831,2.067050737539819,0.17269388524144552,-0.6512357844370638,-0.42594766232847037,1.0461850518512859,1.0847935651441794,0.5664865349208381,-0.23228628620644656,-1.2755131584779709,0.5034643620605421,1.6199711297437773,1.843561691300417,0.6176725260912207,-0.033013633646279864,3.9909643439435656,3.7992167050698806,0.7809029193074537,1
0.6731109153044746,0.4648532002336079,-0.8790386569529866,-1.6014324776621007,1,0,0,1,0,0,-0.571255364673633,0.16274186559328455,0.12441454558798068,-0.43085769699119847,0.843988333151166,0.45813582063048913,0.8472223150429221,0.13657638489192642,-1.1740337371264444,0.9597995250644966,0.8144824970573692,0.8217323219363857,-0.0291165005459183,-0.43922175728326796,-0.033455560521657705,-1.0641130789407276,-0.22746757050497482,-0.29625015480442607,0.27586209560863995,0.8471482119907131,-1.6169484574303714,-0.2209704205365405,0.5356124273535474,-1.5221801864061222,-1.3480977519933306,-0.8471482119907131,-0.27586209560863995,-0.5089050763265954,-0.18442671521636386,-0.46413877257572894,-0.9096457943302884,-0.9379960693921812,0.4475901695294441,0.758556726032511,0.6772228733838963,-0.6043528672675491,-1.497561096173398,-0.1035484832504671,0.3518440487156324,0.585833368751077,-0.11002139686175369,-0.4136917878478824,0.6160407084282594,1.2384340518261547,0.22417816752487937,1
-0.1749977424843705,-0.35971531085317227,1.7280720791585935,-0.4281154315628296,1,0,0,0,1,0,-0.44506599463230834,-0.05531016379079078,-0.054689994255315046,-0.3729927316430696,0.45551563856668376,0.2457192904566807,1.6393778093374178,0.5844879038726475,-0.6328274575587681,1.6540026466389763,1.5032465816604066,0.7078353528790586,-1.295707844489111,1.6959793147567377,0.39453841063309475,-0.5148748648522379,1.1627074979010117,0.6843943554461152,0.7520553775833569,0.21952363131345246,-0.584992202574117,-0.40698807232921397,0.3476967494943344,-1.0815300164474708,-1.2861162975697902,-0.21952363131345246,-0.7520553775833577,1.8307060679680403,0.5660657690356972,0.5456958705343614,0.17567624722125458,0.6493539925053206,0.6996301199807459,0.35076067714292497,0.012804842605544792,0.5738579727592754,-0.6648813298155464,-0.5588081172337243,-0.6334633235940058,-0.37367071236903754,-0.7530997473783346,-1.1433249167342867,0.6983559190505837,0.9044189231421907,-0.8274130302866491,0
1.2385166871637046,0.6194597960623787,-0.8790386569529866,-0.13478617003801185,1,0,0,1,0,0,-0.5586364276695006,0.12494618050004483,1.0839031518913507,-0.6056098923425476,1.2610431725132754,0.5641204893698419,-0.6390530163005655,-0.17925465819555636,-0.40809938374148347,0.22821377469442497,0.17917807808538835,-0.628283718242242,-0.6803859341093295,-0.2329667065429218,-0.8263389430418787,-0.5840680948330284,0.30121353820557706,0.4222533721262084,-0.34274413050805214,-0.5169746011139472,0.6558411872264803,-0.5817755690860424,-0.02904657900996511,-0.009623898145423361,0.17930795600076294,0.5169746011139472,0.34274413050805214,-0.09111737198826762,-0.6347222057676005,0.6093791363160792,0.188596747715916,0.3079883877961804,1.2037100208833493,-0.13859458152457876,0.012804842605544792,0.6978801664463103,0.77843026520473,-0.4070549059059717,0.5434315933313949,0.4432043837197094,0.4145951522438788,0.6014499566897238,1.1099319721622063,0.9044189231421907,0.5334696962929761,1
0.8530127518051386,0.8256019238340739,-1.168717627632051,0.3052077222492148,1,0,0,1,0,0,-0.5207796166571032,0.02318856678747634,-0.0035172685858019803,-0.3903522212475083,0.6376407008989664,0.3195060851486352,0.8654164006354479,-0.607537025852703,-0.2655272500553205,0.8412072367308916,1.1557839119843096,0.49487946283382916,-0.9162181981276808,0.30110641567385604,-0.600695387831195,-0.47777794134702273,0.93461669805863,1.374475314771813,0.12891477706591967,0.5471004570796687,-0.9025205889419503,0.23210018148350484,-0.11713610828359063,-0.2096667875372848,-0.16066806625006413,-0.5471004570796687,-0.12891477706592036,0.10385022336961848,-0.7097714541928067,-0.5915053041391644,-0.7287587874050313,-0.3576745413866426,0.5736101447550955,-0.7910682597479163,-0.9284540343304539,-0.29429738304996345,-0.9979532363586869,-0.17942508891434333,-1.0987473605180025,-0.9830854665939747,-0.9900233502002335,-0.6992004034990842,-0.37174181903963527,-0.15329565102369538,-1.0129879475475077,1
0.544609603518286,1.4697960731206219,-0.4445202009343899,-1.161438585374874,1,0,0,1,0,0,-0.356733435603381,-0.16288249828693463,-0.3233468040202586,-0.21444272658919655,0.05458267823874147,0.04045784340451634,1.3716928833880155,0.8622666904102361,-2.217005280922009,1.513156351017056,0.9185686200472123,-0.34360577557069344,-1.1733630240117137,0.6711211073818865,0.7693293955621778,-1.136957175483164,-0.19674790907519962,-0.42898304865728065,-1.1100395122473277,0.6322863769595761,-1.2367960421409179,-0.41279079324050466,1.8881881755083698,-2.2392684682448465,-1.6130026460842115,-0.6322863769595768,1.110039512247327,0.744458036688388,0.8662627627365218,0.3728412919839863,-0.3023822710812103,-0.3576745413866426,1.0461850518512859,-0.13859458152457876,0.4557501964577793,0.7598912632898273,-1.192245181842186,-0.482931511569848,-0.3415203984652251,0.6376984542170299,-0.38079122865820925,-1.5557262504526888,0.6983559190505837,1.1827648637121608,-0.6418381130257917,1
2.266527181453213,1.1863506474345409,0.27967722576327125,-0.4281154315628296,1,0,0,1,0,0,-0.6722068607066928,0.4534779047720517,-0.5536240695330674,0.043056369209976894,0.39229269326476934,0.31548135089271045,0.4268017120835717,0.3492434727400838,-0.26172498270057787,0.7913739165446022,0.6240578814782761,-0.1705368327304003,-0.8563154009955635,0.14387839318297865,1.656585768441106,-0.6365901359002982,1.048691917007667,0.5261519914783211,0.3210111268130686,-0.550966827225982,-0.44971657495680495,1.1801836301309172,-0.28192487487062,-0.029230152561540913,-0.29762079725565777,0.550966827225982,-0.32101112681306926,0.1317027369921738,1.5417059985633763,0.018034525485845748,-0.3153027715758717,0.10316902497069583,0.3530751881102058,0.10608304780917345,-0.04256332662598434,0.07776919801113909,-0.6371253376036178,0.5793409677244183,-1.0896241441077272,-1.047916823426415,-0.9900233502002335,-0.794369942049485,0.6983559190505837,0.45906541823023866,-0.9511296417938885,0
-0.8432045637725518,1.547099371035007,-0.15484123025532542,-0.8681093238500562,1,0,0,1,0,0,0.45087853266109723,-0.5076954407529524,-0.016310450003180245,-0.3880376226335831,-0.29785991890333213,-0.09056961626059078,-0.351304237596423,-0.8483598365651293,0.2842097353476055,0.08500461911410871,0.018133401536203627,1.0480771729834855,0.32915749613611384,-0.5773215226867687,-0.5777108054461713,-1.4477938969031963,0.2563842133146627,-0.2212339227985127,0.5791922973583978,0.8550163918650944,-0.08835576902545257,0.5856624969868213,-1.8434174709792397,0.13939044078132112,-0.23956617602153632,-0.8550163918650944,-0.5791922973583985,-0.5089050763265954,-0.4846237089171882,0.21818193222838655,-0.5866332819637576,-0.4600842227993849,1.109195039464111,0.5954383064766764,0.34501385799472056,0.015758101167622184,-0.026493508941193386,0.6552175733882943,0.2788583174334372,-0.7496925819971905,-0.6515610604546642,1.5848685217105287,-0.37174181903963527,0.013711913318286572,0.22417816752487937,0
0.8530127518051386,-0.07626988516709207,0.5693561964423357,0.5985369837740325,1,0,0,1,0,0,-0.24316300256618875,-0.29080635552559214,-0.822280879298011,4.223800115612287,-1.8225728208667882,-3.4878925209562177,0.12255844415800494,-0.14401136357684385,-0.2142274436951032,-0.333150040214859,-1.2177800513905805,-0.6771254516139966,0.7177349888844033,-0.3139637267735773,0.05940653967327188,0.22192913646909973,-0.8856041923116568,-1.3944745094888213,-1.631068804171171,0.6941558255444445,-0.48412935647543703,0.25717228334065756,0.5158734715801686,-0.4280857461312082,0.22174076268520426,-0.6941558255444438,1.631068804171171,-0.5924626171942612,-0.40957446049198204,-1.3829973217119373,-1.077612300760884,-1.3134982345722352,-1.6947494093066184,-0.8726274695258333,-0.2086678343205727,-1.1624527388592034,-0.6371253376036178,-0.1035484832504671,-0.9436526815433369,-0.5681647828663581,-0.685407289429221,-0.6040308649486834,-1.0302635040182315,-0.8769950965056176,-0.8274130302866491,0
0.10770514344524394,0.7740663918911503,0.27967722576327125,0.5985369837740325,1,0,0,1,0,0,-0.016022136491804253,-0.38093452767100994,-0.5664172509504457,0.08645509322107353,-0.6951795428300503,-0.35977961871244907,0.26855740873810025,-0.34250198283711064,0.6383880977967537,0.28513270443148075,0.8432645385404783,0.9179093241269262,-0.45181496579993163,0.11313792601154357,0.2424477482461221,0.20372300666639653,0.48838925895070606,0.7907379959961987,1.3799550954593118,-0.11670382262079637,-0.2603895316552944,0.7129735520513132,-0.6679759410881699,0.09908254051874499,-0.32428345136950837,0.11670382262079708,-1.3799550954593125,0.1317027369921738,0.26586877533487285,0.1272058382545045,0.21443774870523882,0.4103980692089227,0.29006520049738066,0.5138790966987595,-0.09793149585751397,0.2638024885416898,0.05677446769459199,1.2622304186993043,1.4375068015382888,0.806259981981374,0.8038267854512828,1.267636726542527,1.1922471827845313,1.2384340518261547,1.5850608941045057,1
0.4932090788038099,0.4133176682906843,-0.4445202009343899,-0.4281154315628296,1,0,0,1,0,0,-0.7100636717190902,0.7006035380740037,-0.1826218084290977,-0.30991991941360914,1.086513328932512,0.7783257903240615,-0.29591649916378715,-1.2071903294706672,0.8559216711283011,-0.5650553074316672,0.06293915591494921,-0.44529665891997755,-0.05315771673161289,0.17441641693681068,-0.303578108704167,-0.28294615692741076,0.34665696343746316,0.32534206352497685,0.18032674558006626,-0.7861774033115495,0.5857539242108396,1.3527887273861237,-1.4544071984668008,1.1070923769173295,0.23580921714229422,0.7861774033115495,-0.18032674558006695,0.605195468575612,0.19081952690966666,1.6556042170157228,1.2222367872888142,1.3320852019236007,1.550264952753888,0.35076067714292497,0.2896456887631914,1.6900577159425842,0.3898463742377325,1.0346006017076752,-0.4509989953885172,-1.0868156375258795,-0.6515610604546642,0.4428340591057229,-0.28942660841731066,-0.6543183440496418,-0.6418381130257917,1
0.3647077670176212,1.3151894772918502,1.4383931084795292,-0.13478617003801185,1,0,0,1,0,0,-0.7731583567397526,2.1339322112253254,-0.4128990739419065,-0.1247520302995968,1.269648225209414,1.7375541213194703,0.4901630780571096,-0.8986662161647171,-0.8858805882832417,1.841912829111692,1.3326529467104238,0.9585693519462914,-1.0793313852204345,0.49720071956061124,-0.1358834555538717,-1.2419272944110986,1.6275620302702798,0.746653106584614,0.8432886699243073,0.471010832630124,-0.184786591283127,1.097322521694681,-0.0369887185128949,-0.8744427530495983,-1.003552664342849,-0.471010832630124,-0.843288669924308,0.32667033235006016,-0.25947596364157,-0.4186507255887879,-0.9613277963089331,-0.3576745413866426,0.41608517572303205,-0.38327221085833024,-0.762349526635866,-0.6043528672675491,-0.24854144663662048,0.8828473903799233,-0.2959043164138529,-0.2699405414371327,-0.5838686025055501,-0.5088613263982832,0.36909507656128593,0.6817421706862145,-0.3944048900113141,1
0.15910566815972013,1.0832795835486928,-0.15484123025532542,-0.13478617003801185,1,0,0,1,0,0,-0.7226826087232228,0.7093256192493668,-0.42569225535928473,-0.12185878203219036,0.863639856874863,0.6396960548422075,-0.796502886632897,-0.1565926222436656,-0.05391375515513076,-0.5882652615483646,-0.2523842145432053,-1.3781256895697382,-0.7316405938151567,-0.21635886804518215,0.8933024671953327,-0.6405118315118012,0.375990321937551,0.051031822912086,-0.04053384962865217,-1.839398094005812,0.8913734212211473,1.10981908985874,-0.5699507105252565,1.1675339837108325,0.3779344822018623,1.8393980940058123,0.04053384962865146,-0.3417899945912644,0.5660657690356972,-0.5915053041391644,-0.806281790372998,-0.6307670251539549,-0.08799472517957138,-0.30171300108041293,-0.319404172783631,-0.4803306735805153,1.1115021717478706,1.413983630027056,0.8171280856396278,0.36540675552078095,0.8376730144258402,0.6331731362065233,2.097714499630101,1.127095675598167,0.40975308478573785,1
-0.9974061379159777,1.3924927752062353,1.4383931084795292,0.3052077222492148,1,0,0,0,1,0,-0.6974447347149578,0.6686225737643393,-0.5280377066983108,0.019910383070725346,0.5549508673397344,0.49883035588483976,0.23517432265653523,0.0013634152536239595,1.0442890958541473,0.9840804438422182,0.661694218584092,-0.13307032867464022,-0.5708345007823524,1.3375999591082952,0.588818320927079,0.3553510143107023,1.5512588858228702,1.31158083354508,0.6060821098378343,-0.7825969144484197,1.0094984982497632,0.5879939376959408,-1.070484678463339,0.20877256483436854,0.42026851418925776,0.7825969144484197,-0.606082109837835,1.1900982546492709,0.491016520610491,-0.12752722487236504,0.07231224326396513,0.700558833211691,-0.34003467563087314,-0.7910682597479163,-1.0945585420250417,0.07776919801113909,0.8894542340524437,0.5034643620605421,-0.10431677179808911,-0.6329961396987983,-0.5161761445564365,1.1407440084753266,-0.12479618717266176,-0.48731077970765985,-0.2706882785040748,1
-1.4343105979890196,0.6709953280053031,-0.15484123025532542,-0.8681093238500562,1,0,0,1,0,0,0.24897554059497767,-0.4635035627977798,-0.5920036137852022,0.1645727964410475,-0.9393554767467919,-0.4836519952559121,0.21039031034701586,1.9020505137712584,-0.08395686200560384,0.16516594513697946,-0.19784896000587576,0.057004450452573636,-0.04010600709472451,-0.1098963708387521,2.264390304004271,-1.3249400730055456,0.3063969288960879,-0.052837551845780345,0.7976720237538321,-0.7133741297612556,-0.4023600068781768,-0.342207524427839,-1.2166651537038526,0.08068941355985758,0.2056277524689491,0.7133741297612556,-0.7976720237538328,-0.06326485836571254,2.2171492343902317,0.19998671343360988,-0.5349512799851129,-0.3918111018575571,1.109195039464111,0.9216751455883455,0.5664865349208381,-0.046252995675895824,-0.44283339212011924,-0.4070549059059717,-0.2959043164138529,-0.8534227529290943,-0.7700228618656133,0.9821281108913258,0.7806711296729086,0.45906541823023866,-0.332546584257695,0
1.2642169495209417,-0.23087648099586283,-1.6032360836506476,-0.4281154315628296,1,0,0,1,0,0,-0.785777293743885,3.3753750985186612,1.339766780238916,-0.6490086163536443,2.464612144399572,3.097467107126947,0.20013443602533598,0.2273877359738647,0.1372073885144586,0.8538445632843115,0.88175034310962,0.2895540301775787,-1.0782453492055564,-0.8421117402329342,-0.4528789701384787,-0.04798599644387246,-0.6972067427432301,-0.3766360501396171,-0.7703150826731027,1.1589062824850032,-1.1197199336463546,-0.7657810142227705,-0.23578839524822487,-1.84482719092898,-1.5140304273187477,-1.1589062824850032,0.7703150826731019,-0.7874302125521474,-0.40957446049198204,0.05442496307539909,0.020630241285320403,-0.2552648599739003,0.2270552128845555,-0.46483142063624716,-0.1532996650890431,0.3258135853852078,-0.9424412519348303,-0.482931511569848,1.0087156302553917,0.7154960824159574,-0.14386762583630988,0.7917890337905242,1.0276167615398821,2.017802685422071,1.3994859768436472,1
-0.35489957898503444,1.4182605411776974,-0.4445202009343899,-0.13478617003801185,0,1,0,1,0,0,-0.0412600105000692,-0.37744569520086474,-0.7711081536284979,1.906308253419726,-1.4576827254211728,-1.7635174886399958,-0.3979541228285362,0.48326979591357205,-0.1994434974331323,-0.4539820448091609,-0.7934109664056281,-0.9001160507144033,0.9128442145502765,-0.5079052299945493,-0.35885889519701675,-0.14854867207205164,-0.18748167664864815,-0.37349355048778193,0.12009793795335687,-1.3467626096488186,0.045871973724755814,-1.0227999247197823,0.12336885293471714,0.42739683278556173,0.666829356964617,1.3467626096488186,-0.12009793795335758,-0.48105256270404034,-0.3345252120667762,0.00893691608845806,-0.06981326217730856,-0.135786898325702,-0.08799472517957138,0.6769975162545934,0.6772228733838963,0.015758101167622184,0.05677446769459199,-0.9381911455531051,0.0963939892279486,0.14498014229048395,0.31305646532020776,0.28421816152172197,0.03983423407198747,-0.5429799678216537,-0.023255055489598248,0
1.2385166871637046,-0.8493028643109486,-0.8790386569529866,-1.6014324776621007,1,0,0,1,0,0,-0.5586364276695006,0.12494618050004483,1.4293190501605637,-0.6547951128884572,1.3686749667478566,0.6021318684535761,0.13491902400150071,-0.7527094345384732,0.22233063072615752,1.303709496431616,0.8186406342088376,0.24568374047824768,-0.5603445164300097,-0.1668358233142585,-0.694070253770353,-0.7795136960275512,0.25676077964374455,0.26564428105150034,-0.0632699944762795,0.39783372969061137,-0.35430857605634913,0.3378129774517652,-1.0872695088163038,-1.5066278274664042,-0.8049229812036179,-0.39783372969061137,0.06326999447627879,-0.007559831120602114,-0.4846237089171882,0.6821600114951846,0.13691474573727128,0.2397152668543526,1.3297299961089997,0.4323198869208419,0.5111183656893089,0.8219023601333442,-0.19302946221276363,0.5793409677244183,0.7213343133317466,-0.004131978424128287,-0.6007917169928287,1.8386539578449304,1.0276167615398821,1.4054416161681371,0.9355486836915021,1
0.544609603518286,0.18140777454752677,-0.4445202009343899,-0.13478617003801185,1,0,0,0,1,0,-0.356733435603381,-0.16288249828693463,-0.8350740607153893,4.316384060169293,-1.9495568978653288,-3.4610609592500525,1.0400034374498857,0.6280437447713655,-2.106634509026392,-0.5775285463442151,-1.6903513628630593,-1.7161655366475175,1.4240601863091968,0.9529466721285622,0.17080168254169162,-0.6993168508191346,0.015841351527939355,-0.09758255628622767,-0.47959406901947754,-1.8649895477386433,-0.4939770097020436,-0.6909043735142857,2.177093953299651,0.795911820080645,2.1022691850009014,1.8649895477386433,0.4795940690194761,1.1622457410267157,0.41596727218528484,0.7549408866742913,0.24027874969456073,0.2397152668543526,1.109195039464111,0.2692014673650073,0.5664865349208381,1.13195784435093,-0.6926373220274746,-0.9381911455531051,-1.1991027410310207,-0.07544647093981212,0.24536400737109418,-1.3653871733518879,-1.4418395571298541,-2.046048046899492,-0.7036964187794109,0
-0.07219669305541997,0.20717554051898904,0.27967722576327125,0.5985369837740325,1,0,0,1,0,0,-0.8236341047562825,5.567524833926565,-0.31055362260288033,-0.24626845753066742,2.464612144399572,4.472137451872815,0.6107051446275016,-0.5464265533828466,1.1470099374675056,0.44795118923583205,1.264554618977257,1.3389871932269197,-0.9093464808409948,0.41358178984254385,-0.38045612318213123,1.3925637261136277,0.08072979761403934,1.2014241086472501,1.1921218465220598,0.6438868985692391,-0.4359543184910051,0.36885500073198757,-0.16860876316802423,-0.5251028718671904,-0.4710261335875904,-0.6438868985692391,-1.1921218465220604,0.15955525061472892,-0.5596729573423944,-0.7279694450999874,0.03355074177998182,0.06903246449978255,-0.6865896075014126,-0.5463906304141645,-1.0391903727935126,-0.5423417704240322,-0.3318094232724056,0.5034643620605421,0.4339529964081015,0.2746428559553643,0.04228663352375219,0.37938770007212164,0.36909507656128593,0.793080546914203,0.7809029193074537,1
1.1871161624492292,1.547099371035007,-0.4445202009343899,-0.8681093238500562,1,0,0,1,0,0,-0.5333985536612357,0.040632729138202366,-0.016310450003180245,-0.3880376226335831,0.6546137962476455,0.33113309522130685,-0.2214334339996631,0.7286046383274709,1.1444199448775358,-0.07584737448419104,-0.14053122239900454,0.9033687837567494,0.9116812069344298,-0.24629818509667076,1.3076907386599281,-0.2067413269391547,0.11782371546520565,-0.11959541340783605,0.74512626677265,0.4930801176436292,0.06181033575837646,0.30998314313760356,-1.7722154984589766,0.21929688902442376,0.06593582793660828,-0.4930801176436292,-0.7451262667726507,-0.4253475354589299,0.7912135143113154,-0.8553359766634215,-0.8192022908676594,-0.7331767065666972,-0.6235796198885869,0.8401159358104279,0.5111183656893089,-0.6663639641110671,0.25106641317809053,0.5793409677244183,0.7988816528190786,-0.3347718982695729,-0.2284831982727022,2.251055291563333,-0.20711139779498602,0.013711913318286572,0.6571863078002155,1
-0.07219669305541997,0.10410447663314094,0.5693561964423357,0.3052077222492148,1,0,0,1,0,0,-0.7983962307480176,4.241768495271387,-0.029103631420558513,-0.3764646295639574,2.0134124352369698,3.553156463436654,-0.5505201283094698,0.06795573830891238,0.0383266755064185,-0.08908307275710542,0.1421735666248039,-1.614939512419102,-0.8315133507900205,-0.4858720366488482,0.11212711816185428,0.4072131526972364,-0.007065448430131992,0.7240140990529618,-0.6392523306161391,-1.5685822038710444,0.2800340253961782,0.019055102031637867,0.3568160976054833,0.1133395064165553,0.5220262501153774,1.5685822038710444,0.6392523306161384,-0.6203151308168162,-0.18442671521636386,-0.8371407578686448,-0.5220307794904515,-0.4942207832702994,-0.30852968182446,-1.2804235184154193,-1.2052948804881005,-0.5423417704240322,0.4731143508735179,0.27583454506891375,0.7897584364088047,0.8710913388138142,0.8715192434003977,0.664896315723324,1.2745623934068555,0.514734606344233,0.8427612250610729,1
-0.9974061379159777,0.15564000857606544,1.4383931084795292,-0.13478617003801185,1,0,0,1,0,0,-0.6974447347149578,0.6686225737643393,-0.7455217907937414,0.7085034707134588,-0.14339691136092045,-0.03332895128743818,1.1816110865092604,-0.30844066368399337,0.7999167531061653,1.0484561609773637,0.9679077063251613,0.8908829087466502,-0.6134932933385654,1.7236324242928014,0.5607182317685048,0.5966230336989664,1.814048669395013,1.4708153184355937,1.0928891867061536,0.13114384342216406,0.07917423001779345,0.9850597061548227,-0.4939643881045472,0.3823829751409047,0.17763746504274938,-0.13114384342216406,-1.0928891867061543,1.6635909862327087,0.5660657690356972,0.1272058382545045,0.42116575661981864,1.178470679804488,-0.4660546508565234,-0.46483142063624716,-0.9284540343304539,0.38782468222872474,0.0012624832707351544,0.8069707847160468,-0.24116501795220557,-0.4514683405679659,-0.2792525417345383,0.15732544345452057,-0.28942660841731066,-0.26463402725168356,-0.023255055489598248,0
1.2642169495209417,0.6709953280053031,-1.6032360836506476,-0.8681093238500562,1,0,0,1,0,0,-0.785777293743885,3.3753750985186612,-0.5920036137852022,0.1645727964410475,1.0802736883058934,2.468714177812474,-0.4759189461471873,-0.08012607522831457,0.8685761783758015,-0.6690713924476228,-0.720342771186652,-1.6667452526933266,-0.36777617151068537,-0.7159420651909927,-0.56798773387419,-0.15311641295050443,-0.30646833765663245,-0.17302256263655333,-1.0618771407249559,-1.2200849136713057,-0.05358399608145618,-0.4590220902468618,-1.3412399618386233,0.5999835287836683,0.7675580257195739,1.2200849136713057,1.0618771407249543,-0.6481676444393714,-0.4846237089171882,0.1817914946388332,0.07231224326396513,-0.05044549714841698,0.3215701943037938,-0.5463906304141645,-0.09793149585751397,0.6978801664463103,0.029018475482663446,-0.3311783002420958,0.3700904815361815,-0.41256952646850126,-0.1607907403235886,1.9021003168785307,0.8629863402952329,0.29205785388825667,0.40975308478573785,1
1.4184185236643685,1.2378861793774645,-0.15484123025532542,-0.8681093238500562,1,0,0,1,0,0,-0.7479204827314877,1.9129728214494626,-0.579210432367824,0.12696056896476374,0.7425144618151502,1.3730920748107251,0.17765743084359006,-0.06414272106865561,0.45316621955537234,0.127302068199382,0.26359381708590873,0.7955479822991142,-0.5422960405368066,0.2009830804632485,-0.7919313232016217,0.05638549652918168,0.5493528173417668,0.7259687271924453,1.205075863690145,-0.11014700605881247,-0.04621705636191047,-0.7053015171212816,-0.5628314170751414,0.37275196861729626,0.36608229178272733,0.11014700605881318,-1.2050758636901457,0.2152602778598393,-0.7097714541928067,0.1272058382545045,0.13691474573727128,0.3591932285025509,0.3215701943037938,-0.13859458152457876,-0.6516131881728072,0.07776919801113909,0.27882240539001907,-0.3311783002420958,1.3736442866663687,0.8192262533478623,0.9392117013495113,1.6800380602609295,0.7806711296729086,0.793080546914203,1.5232025883508855,0
0.8530127518051386,0.18140777454752677,-1.168717627632051,-0.13478617003801185,1,0,0,0,1,0,-0.5207796166571032,0.02318856678747634,-0.8350740607153893,4.316384060169293,-1.6739294488390202,-3.317959296817171,0.6407458045976726,-0.2446116185138366,-1.5453416843983696,-0.12265545539346158,-0.9300863904813734,-1.8715821804221253,0.805914503005648,0.24907865616949612,-0.9369404293716923,-0.08745245116918207,0.9528397964413706,1.3013826659851988,-0.06904425348519842,-2.4841376219200346,-0.6420961803350823,-0.6028692309891549,2.02465257228266,1.1105192387023481,2.4797047392555904,2.4841376219200346,0.06904425348519772,0.24311279148239442,-0.8598699510432187,0.06352257247278678,0.007709740790658993,0.39332978897346543,0.6681251261743327,-0.709509049969999,-0.762349526635866,0.5738579727592754,-0.8036612908751883,-0.8623145398892288,-1.1717330918001976,-0.11434528503927678,0.3299795798074865,-1.1433249167342867,-1.4418395571298541,-2.1573864231274804,-0.5181215015185524,0
1.1871161624492292,-0.07626988516709207,-0.4445202009343899,0.3052077222492148,1,0,0,1,0,0,-0.5333985536612357,0.040632729138202366,-0.8478672421327675,5.543121325549626,-2.1033402180397163,-4.252592029581928,-0.5005842407297948,0.8942379258057979,-1.1884142043091321,-0.6495698855163319,-1.6937549751663554,-1.2435002073988453,1.3310729583523955,-0.227297931947331,0.7976659263026316,-0.11003125818053473,-0.21256586766558902,-0.3166498149297048,-6.192842294857107e-4,-1.6953717729977889,0.4689611568743717,-0.4282854027326859,1.5140312263047468,0.6667503328819335,1.8928175076071818,1.6953717729977889,6.192842294857107e-4,-0.23037994010104354,0.7161642658861095,-0.04564874029587195,-0.09565426316663046,-0.1699234587966153,-0.08799472517957138,0.5138790966987595,0.5664865349208381,0.3258135853852078,0.16779843654230542,-0.6346847228976005,-0.8432973010303187,-0.02358138547386016,0.24536400737109418,-0.667477223982284,-0.8656330827735822,-1.4893561657595522,-0.3944048900113141,0
0.15910566815972013,0.18140777454752677,-0.15484123025532542,-0.13478617003801185,1,0,0,0,1,0,-0.7226826087232228,0.7093256192493668,-0.8350740607153893,4.316384060169293,-1.00139976970615,-2.79027191659592,0.15751718015928393,1.3631737602874194,-1.6253800131878677,-1.0300176669340533,-2.134944875493255,-1.3586715876354025,2.0892714188559673,-0.49513138477265506,0.8426219192442344,-0.31321371090431704,-0.39730311146793096,-0.30709448760276725,0.5538927426062359,-2.4024100761280907,-0.7137609191144834,-1.0268786253203368,1.907199355336869,0.99752845249221,2.4757149030744103,2.4024100761280907,-0.5538927426062367,-0.20252742647848845,1.391607501712964,1.4281639820810177,1.0155087793742343,0.785900234388976,1.3297299961089997,1.4925896140337656,1.2862727349307197,1.3800022317249987,-0.7759052986632599,-1.0899443568808573,-0.642586540004281,0.35244048415429274,0.7530574419894479,-0.6040308649486834,-1.5241547677521787,-2.213055611241474,0.10046155601764112,0
0.8530127518051386,-0.9266061622253344,0.27967722576327125,0.5985369837740325,1,0,0,0,1,0,-0.00340319948767178,-0.3838418880627976,-0.11865590134220637,-0.33595915382026714,-0.09635710767627365,-0.035564914762951955,-0.42305395310905186,-0.9647395738269962,2.0671498641543278,-1.07966742616907,0.7092771342684022,0.6693484157586373,0.07318451737241895,-1.0706910154890736,0.14991278367572863,-0.1382716224700025,-0.6617044916636993,-0.40673347241527114,-0.0632699944762795,0.9756618166055823,-0.4815550270360618,1.4743146772062188,-2.964812759947258,0.8024261914773425,-1.319191083647607,-0.9756618166055823,0.06326999447627879,-1.0659553487776992,-0.03432821836595151,-0.4914316007678933,-0.4832692780064673,-0.6990401460957827,-0.15100471279239655,0.4323198869208419,0.5111183656893089,-0.5423417704240322,-0.6093693453916895,0.9587239960437993,-0.8068044353892204,-2.0463197186459943,-1.7007941586659285,0.2524949820049213,-0.20711139779498602,0.29205785388825667,-0.76555472453303,1
1.726821671951222,-0.17934094905293926,1.0038746524609323,-0.13478617003801185,0,1,0,1,0,0,1.1196821938801182,-0.6146863031707387,0.2267599969270068,-0.4545823327839313,-0.40677568548288734,-0.12142591222268084,0.013042848589262222,-0.4814837485111951,1.5270830807486213,-0.7096585303913907,0.11512182299832531,0.6242343455943815,-0.09182701043446206,7.917420869138495e-4,-0.7576279356280992,1.4566243125759737,-1.1353091773691337,-0.8035856443216602,-0.6280087910670794,1.4742326682439868,-0.017345299097075252,-0.09812347892780253,-0.6238067711437288,-0.16705025496326223,-0.9342089845256871,-1.4742326682439868,0.6280087910670786,-0.09111737198826762,-0.7848207026180125,-0.3367722410122935,0.4340862571144791,-0.06751377738387422,-1.348194477436079,-0.22015379130249568,0.06817301183707392,-0.4183195767369984,0.08453045990652028,0.04820472807728505,0.4521994292286506,0.04124997135858002,-0.025405824425361403,0.062155904904119784,-0.12479618717266176,0.7374113588002092,0.5953280020465953,0
-0.5605016778429365,1.4697960731206219,1.4383931084795292,-1.161438585374874,1,0,0,1,0,0,-0.48292280564470574,-0.014607118305763387,0.13720772700535894,-0.43838014248645524,0.6631078129044833,0.32755555366048483,0.5398864475149319,0.5142343633131916,-0.2271747709694717,0.3587990319024992,0.11060196823844291,0.0243740777447151,-0.26878602736886026,0.7159685341790966,1.2661252197602324,-1.737935276308851,0.10836642432243067,-0.7100271405515085,-0.48326437388376714,0.5125390571179019,-0.03533792421098917,0.5625736487998529,-1.435901824536145,-0.3772600529643734,-0.8369912827272235,-0.5125390571179019,0.4832643738837664,1.1343932274041606,1.841902992264201,1.3917735444914656,0.11107374474794844,0.15437386567706757,1.9598298722372534,0.5954383064766764,0.954063719541543,0.8219023601333442,0.08453045990652028,0.7310941790521709,0.5251851605108457,-0.3477381696360611,-0.4654068010946016,1.1407440084753266,0.8629863402952329,1.2941032399401495,0.7190446135538346,0
-1.2030082367738797,-0.12780541711001567,2.452269505856255,0.5985369837740325,1,0,0,0,1,0,2.368956957289233,-0.7164439168833072,0.9047986120480549,-0.5691549641732264,-0.4129020876126085,-0.11114048023531749,3.694700722052326,3.23985037151213,-1.8529024451926637,1.8776934631172106,0.5981130386639991,1.022980821649161,-0.12615243126872186,4.066895869350264,3.417919163389892,-1.0374838969137647,1.2662666413118138,-0.8038706962879005,0.9848575718326791,0.4184540817216758,-1.073976859119108,-1.0227999247197823,1.4904084533449857,-1.2810344042902924,-1.5623995176160461,-0.41845408172167653,-0.9848575718326797,3.696824480679237,3.067707383209234,-0.13055976133816094,-0.6383152839424023,-0.14716575181600602,-0.7706029243185127,1.9547584694419635,1.4892893554463265,-0.06692336129040147,-0.9979532363586869,-0.9381911455531051,0.0963939892279486,0.858125067447326,0.22844089288381547,-1.7777885070702906,1.1099319721622063,1.5167799923961247,-0.2706882785040748,1
-0.14929748012713334,2.0624546904642447,1.7280720791585935,3.2385003374973924,1,0,0,1,0,0,-0.44506599463230834,-0.08147640731687983,0.07324181991846762,-0.40713306119846565,0.5524961330192877,0.2519799881881193,-0.7862693760020728,-0.24569640538915477,-0.9052656347042144,-0.407611802514306,-0.9072619165250134,0.5908679009846424,1.0576343287327699,1.8587012264925524,0.2907863237706595,-0.4284594937709878,1.6096481014758732,1.1729307690104052,0.8222348332302418,-0.009609152108407288,2.950519072352526,0.6285293827696746,0.8069679784551591,2.1467567519061044,2.3246235289989006,0.009609152108406583,-0.8222348332302425,2.3320513131740337,0.7161642658861095,1.2462117941332536,0.795860270964994,1.4856997240427134,1.2982250023025865,0.10608304780917345,-0.26403600355210183,1.4420133285685155,3.415249525337927,1.0346006017076752,1.1090710107684099,1.4156747362063122,2.37767643276818,0.6014499566897238,-1.6887851889968277,-1.8790404825575102,1.5850608941045057,1
-0.12359721776989524,1.3151894772918502,0.5693561964423357,-0.13478617003801185,1,0,0,1,0,0,0.11016723354952047,-0.4315225984881154,0.5465895323614635,-0.5188124443203543,0.24081507477323594,0.06907817589109264,0.827677900556903,-1.6684426298559134,0.2090907368989729,0.176056655545341,0.47707956405484,-0.7655123710489514,-1.2683770420681122,0.4714604896094188,-1.0301324984481963,-0.5603077599614849,0.11162326585372274,-0.306745818525879,-1.0504933074560319,-0.0022010997120603167,-0.679828502470195,1.2580257471098177,-0.848889304808961,-0.12715746374871864,-0.9197043872646616,0.0022010997120603167,1.0504933074560312,0.35452284597261524,-1.009968447893631,-0.2548937564358004,-0.4961897785011287,-0.42594766232847037,-0.05648973137315825,-0.6279498401920818,-0.2086678343205727,0.015758101167622184,-0.6371253376036178,1.1863538130354276,0.03253147435602734,-0.41256952646850126,-0.4315605721200442,-0.033013633646279864,1.2745623934068555,1.4054416161681371,-0.08511336124321738,0
0.4932090788038099,0.8513696898055362,0.27967722576327125,0.3052077222492148,1,0,0,1,0,0,-0.7353015457273552,1.1745032819353942,-0.016310450003180245,-0.37935787783136377,1.3778051707741636,1.1964509602451372,1.1908335052806232,-0.6455231782691686,0.46354013884023093,0.7413428964167564,0.8541430158930324,0.7984542588558,-1.1760991464121113,0.5459432454943414,-0.7694426293405656,0.40838956067195326,0.5684461249164147,0.9437543674159601,1.2643654038056176,-0.16498583548630744,-1.1103829189494532,0.11519008565896216,-0.22328277494494422,-0.4378449787398267,-0.18903530024045775,0.16498583548630744,-1.2643654038056185,0.4102278732177254,-0.7848207026180125,-0.2912841940253525,-0.04397226118798574,0.18851042614798086,-0.11949971898598452,-0.46483142063624716,-0.983822203561983,-0.5423417704240322,-1.1089772052064004,-0.1035484832504671,-0.6060936743631827,-0.62002986833231,-0.7361766328910565,-0.12818317219668063,0.4514102871836102,0.4033962301162448,-0.6418381130257917,1
1.0586148506630406,0.8771374557769975,-0.4445202009343899,-1.161438585374874,1,0,0,1,0,0,-0.2684008765744537,-0.27045483278307847,-0.5408308881156891,0.025696879605538233,-0.398226511328222,-0.22785777365713644,-0.8475054966601809,0.6104894205693513,0.776760683350354,-1.420784919432659,-1.6043532512672554,-0.8733202574939772,0.9900242299522094,-1.0659207107780866,-0.1758965007305965,0.977099113914738,-1.3528810260581827,-1.25295551181624,-0.7118242677055338,-0.4851260289008703,0.11342160882840534,-1.0141251417794044,-0.07996749737186973,0.5778950977954267,0.8624706121097353,0.4851260289008703,0.711824267705533,-0.9823978079100336,-0.10937746679115769,0.1908891040362222,0.6795757665130432,0.0519641842643253,-0.9071245641463012,0.5138790966987595,1.009431888773073,-0.046252995675895824,0.3065783976019474,-0.7864379342253526,0.8080048692293539,0.6376984542170299,0.854596128913119,1.109020828958526,0.4514102871836102,0.23638866577426285,1.0901944480755505,1
0.7759119647334253,1.3151894772918502,0.5693561964423357,0.5985369837740325,1,0,0,1,0,0,-0.5586364276695006,0.12203882010825716,0.15000090842273722,-0.43838014248645524,0.8302450958287131,0.43264583700963216,-0.32749459350879806,0.6983831422740113,-0.5850270039889642,-0.04831659539607934,-0.6920017971810325,-1.1540703317374685,0.10871327553246776,-0.25374312007517297,0.5113235104326199,-0.5782009884217614,0.04847492229939135,-0.4612289048894084,-0.40749033797582196,-1.1698703314820218,0.20185206856119023,-0.44632011214161815,0.2187152811004432,0.1133395064165553,0.4493359730886699,1.1698703314820218,0.40749033797582124,0.18740776423728422,1.2415090048625523,1.983118155321699,1.2997597902567817,1.263812080981773,1.4557499713346498,0.9216751455883455,1.2862727349307197,2.1861464906907218,0.41760236644966076,-0.17942508891434333,0.8809906005115491,0.8710913388138142,0.8715192434003977,0.7917890337905242,0.7806711296729086,0.23638866577426285,0.40975308478573785,0
-0.04649643069818187,0.5679242641194551,2.452269505856255,-0.4281154315628296,0,1,0,1,0,0,0.03445361152472564,-0.39954163417845107,-0.6559695208720935,0.317914954613589,-0.9733837477042867,-0.5529668629968391,1.5899634189526681,1.0982010902536352,0.34500798882631656,2.040984896529622,1.7419727748208826,1.1069560370170168,-1.3386696235485147,0.6805402758348208,2.5176313226714555,0.15831710731593587,0.6329505423983446,0.2802217310383264,1.2234273880116016,0.29637562078413626,-1.5308950130020322,1.0147923297784436,-0.31254405375272604,-2.1296159987872536,-1.9910679424400437,-0.29637562078413626,-1.2234273880116022,0.8187314063485348,2.692461141083203,0.566923625794934,0.5675980955593125,0.8200367948598906,0.017021920841803866,1.1391663716627913,0.5664865349208381,0.44983577907224165,-1.46980510396147,0.6552175733882943,-0.6334633235940058,-0.6848612251647502,-1.396178097894916,-0.5723076854318833,0.9453015509175579,1.2384340518261547,-1.136704559054746,0
0.8787130141623758,1.0575118175772313,0.5693561964423357,-0.4281154315628296,1,0,0,1,0,0,-0.2810198135785862,-0.2442885892569894,-0.2849672597681238,-0.2665211954025125,0.0034933913019904545,0.0180982086493786,0.5934694738128038,-0.1746704636341444,-0.7399599423955082,0.43432982592681174,0.1931140231583624,0.1030331867363916,-0.4938662648876761,-0.26599198622367926,-0.2726597493076067,0.36516212668472847,-0.2579238317644941,-0.5566826625124001,-0.5252107151899512,0.6614225707698917,-1.0910098085322326,-0.0334038583006394,1.3785027512763737,-0.8425044306669293,-0.7945499585063058,-0.6614225707698917,0.52521071518995055,-0.48105256270404034,-0.5596729573423944,-1.0372881646111858,-0.7158382869103699,-0.767313267037611,-1.3166894836296663,-0.5463906304141645,-0.3747723420151606,-0.9144083514851348,-0.9701972441467586,0.12408133374116129,0.48869229486974886,1.1693155802430386,0.7022880985276131,-1.0798785577006862,0.4514102871836102,0.9044189231421907,0.2860364732784985,1
0.8787130141623758,0.49062096620506923,0.5693561964423357,0.3052077222492148,1,0,0,1,0,0,-0.2810198135785862,-0.2442885892569894,-0.7583149722111197,1.1714231934984898,-1.1334967046989404,-1.0931756386809666,-0.3724866061639177,-0.15043254767768424,0.2639941774318138,-0.40097003241701784,-0.8147856898528715,-0.8068157556813876,0.7568075474938215,-0.4240463652004893,-0.6652835303943548,0.26759555958844145,-0.2053233489656918,-0.3213078634984689,0.11065768597424898,-1.2101494081044426,0.09424956147787077,-0.45999304346042,-0.09198115383758698,0.33808952723598723,0.745566710519001,1.2101494081044426,-0.11065768597424969,-0.5367575899491508,-0.7848207026180125,-0.6733837887156574,-0.44450777652248397,-0.4942207832702994,-0.844114576533476,-0.13859458152457876,-0.2086678343205727,-0.6663639641110671,0.029018475482663446,-0.482931511569848,-0.1864257194905595,-0.2051091846046925,-0.0592520533999176,0.41111087958892223,-0.5363722402842841,-1.0440026608476,-0.45626319576493324,0
0.4932090788038099,0.5679242641194551,0.27967722576327125,-0.4281154315628296,1,0,0,1,0,0,-0.7353015457273552,1.1745032819353942,-0.6559695208720935,0.317914954613589,0.44498297934688336,0.6575837626463177,1.0682497830081161,-0.9901241647900109,-0.14476572298943777,1.600627990854287,2.000864691254098,0.9015780635893001,-2.009416176743697,-0.10709677266531793,-0.39880378580058307,-0.4785109768883062,0.31593669738042524,0.8398776149920965,0.9573302853504951,0.28017642692511974,-1.592437160720179,0.9594636113001974,-0.2829577913430684,-1.8490677307872136,-1.7812450707829097,-0.28017642692511974,-0.9573302853504958,-0.20252742647848845,-0.4846237089171882,-0.4004555067940112,-0.5737127814690962,-0.42594766232847037,0.6681251261743327,-0.7910682597479163,-1.2052948804881005,-0.5423417704240322,-1.5253170883853264,0.5793409677244183,-0.6973258384659271,-0.723760039264214,-1.3284856399458025,-0.635754044465484,0.6160407084282594,0.848749735028197,-1.136704559054746,0
-0.2263982671988458,0.7740663918911503,0.27967722576327125,-0.13478617003801185,0,1,0,1,0,0,0.12278617055365294,-0.433267014723188,0.57217589519622,-0.5205483932807982,0.24395721514226204,0.06907817589109264,-0.8436692190754178,-0.6810819783821793,0.5346539344358874,0.5028998266043163,0.5655422890090711,0.07610322015489816,-0.45697353672470326,-0.8585129714206933,-0.42565723369342473,-0.1054625259700281,0.12142600096823614,-0.10549337899538241,-0.02757457514840374,0.13114384342216265,0.3153265408165007,0.5083923171937365,-0.8368695072193322,-0.558981277349016,-0.8382264256599066,-0.13114384342216265,0.027574575148402326,-0.6203151308168162,-0.03432821836595151,1.3371878881071357,1.06719078135288,1.0760609983917457,0.8256500952063961,0.35076067714292497,0.40038202722625016,0.8839134569768611,0.6951622885689447,1.0346006017076752,1.4375068015382888,0.7025298110494701,0.4145951522438788,1.3945294446097283,0.9453015509175579,1.127095675598167,0.9664778365683122,0
-0.8432045637725518,0.4133176682906843,-1.6032360836506476,1.478524768348486,1,0,0,1,0,0,0.5644489656982895,-0.5251396031036785,-0.2721740783507456,-0.2717290422838441,-0.5911689548386589,-0.19387112882932708,-0.5765757208937232,0.17037759551062073,0.11382190143742131,-0.2566864591094097,0.1876552118659006,0.08547081380508761,-0.23699103063500113,-0.4573951735511023,1.890848648753556,-1.0538968518737797,-0.46511426420508567,-1.0973472927169379,-0.06904425348519984,0.1850492459657866,0.3447187072226566,1.6603620708309077,-1.2146630510294376,-0.11443249637939978,-1.3153070160387617,-0.1850492459657866,0.06904425348519913,-0.48105256270404034,1.6167552469885829,-0.23669853764102378,-0.7287587874050313,-0.8526546682148961,0.038025250046078915,0.6769975162545934,0.7879592118469556,-0.5423417704240322,0.3620903820258042,1.6416134470186852,0.1785029369204177,-0.4903671546674297,-0.4992530300691578,-0.0012904541294803558,1.1099319721622063,1.3497724280541432,-0.1469716669968365,0
0.6988111776617119,-0.2824120129387873,-0.8790386569529866,-0.4281154315628296,1,0,0,1,0,0,-0.5460174906653681,0.06970633305607908,-0.06748317567269331,-0.3591051399595187,0.6414740953729424,0.33113309522130685,0.8306596104212419,0.16386588381767764,-1.8862103963935384,1.6103744903660875,1.3662254100840772,1.3433233432109357,-0.8464445446619364,-0.18773623749039473,-0.4391869834044836,-1.2537434757980388,0.20172427351244554,0.3449671608566216,1.147399644394143,0.6941558255444424,-1.342636245259445,-0.664878946896296,1.3186215176751375,-1.9754857072666983,-1.4393666551502808,-0.6941558255444424,-1.1473996443941437,0.1317027369921738,-0.03432821836595151,1.3917735444914656,0.4082452561251572,0.47867119015075044,2.558424754559094,1.3294711944779316,0.7879592118469556,1.2559800380379649,-1.3865371273256843,-1.0140677512169813,-1.591401046672821,-0.8145239388296306,-1.4469474413567518,-1.9046812251374914,-0.20711139779498602,0.1250502895462747,-1.7552876165909395,0
-0.3291993166277972,-0.8235350983394863,-0.4445202009343899,-0.13478617003801185,0,1,0,1,0,0,-0.06649788450833415,-0.36349036532028395,0.29072590401389814,-0.46731262516051963,0.2447275805402502,0.08159957135396977,-0.13121970069444872,0.1713407466046029,0.7413169897093209,-0.6317149699150152,-0.1977930678706707,0.033028607005599425,0.740331645982044,-0.643625272221486,-0.5353357417939715,-0.29514526729274887,-0.461674097246369,-0.6079039153953686,0.44932672572474713,-0.4005896952488784,-0.46063860034113646,-0.7714581461116949,-1.3099976891269467,0.3956180375648561,-0.33635917914888847,0.4005896952488784,-0.44932672572474786,-0.6481676444393714,-0.5596729573423944,-0.2276009282436361,-0.3411437725651945,-0.4942207832702994,-0.15100471279239655,1.166352774922097,1.009431888773073,-0.4183195767369984,-0.3040534310604773,-0.5588081172337243,0.7076494887163344,-0.1402778277722523,0.025363519036474696,1.1407440084753266,0.7806711296729086,0.6260729825722207,0.5953280020465953,0
-0.38059984134227254,1.3924927752062353,0.5693561964423357,-0.4281154315628296,1,0,0,1,0,0,-0.38197130961164594,-0.14485686385785104,11.280068741541829,-0.8035080738331484,2.1425103802706538,0.5095629805673059,0.12833012893929086,0.9341258355279001,-0.038231825807323545,2.2457916670524956,2.446876949787761,0.6065688102710283,-2.654135035290628,0.10580838012329441,1.3494582843333132,-0.2459041024136052,1.134269522615028,0.5615047930818027,0.5516412599819246,0.28017642692511974,-0.07272368147471157,0.06974066047208724,-0.19484572137208359,-1.9091974134774206,-2.632859730479352,-0.28017642692511974,-0.5516412599819253,0.04814519612450831,1.1664597564373458,-0.16391766246191838,-0.26362076959722697,0.18851042614798086,-0.18250970659880966,-0.22015379130249568,-0.4855086804782194,0.20179139169817292,-0.5168493713519283,-0.5588081172337243,-1.8407689618869894,-1.6357211253738733,-2.0956668300357593,-2.073871515893759,0.6160407084282594,0.848749735028197,-2.4151095446295456,1
0.8530127518051386,0.28447883843337485,0.27967722576327125,1.0385308760612593,0,1,0,1,0,0,-0.43244705762817587,-0.0931058488840305,0.31631226684865466,-0.47194182238836996,0.6838753761565121,0.2931217161375727,-0.4026755426428284,1.707251097343664,-0.5149008678358904,-0.19001871971277107,-0.06586564164812184,-0.5040362240874843,0.07025093328454193,-0.5965623888778187,2.196365188072883,-0.157823277146643,-0.16529162394050456,-0.37950838933082887,-0.5666803935267488,-0.12541857881077315,-0.03614796563209316,-0.14298527982167153,0.5452895624992922,0.09280268649232774,-0.2848875168912576,0.12541857881077315,0.566680393526748,-0.3139374809687093,2.892592470217086,1.4372615914784068,1.1188727833315248,0.9907195972144606,0.8886600828192224,0.5954383064766764,1.009431888773073,1.6280466190990672,0.27882240539001907,0.27583454506891375,1.3280282046149967,1.454573550305776,1.4130589069933075,-0.0647368131630805,0.5337254978059351,0.514734606344233,0.8427612250610729,0
-0.5348014154856993,1.3409572432633117,-0.15484123025532542,-0.4281154315628296,1,0,0,1,0,0,0.2868323516073751,-0.466992395267925,0.20117363409225028,-0.44879583624911845,-0.05724493213727598,-0.012310894617608715,0.034167778522903806,0.3547008237313205,-0.03005024194120233,-0.2924438111359099,-0.6901129117797599,-0.2413331852294078,0.7429140949845037,-1.2458643962184626,-0.15731537924267763,0.04787002215297291,-1.1274462958887546,-1.6347144208604174,-1.3422252734671216,1.002053003267564,-1.292364152901132,-0.6444331056080335,0.08918444311908917,-0.7228837255483156,-0.6987998763658934,-1.002053003267564,1.342225273467121,-1.1176814455053017,0.02999970885565349,0.5885846005506205,0.5245297605771081,0.015389298045488687,-0.4255482302482787,0.47892514965108013,1.436557765702013,0.5827167008797779,-1.2755131584779709,-0.7864379342253526,-0.7338187041070253,-0.5811310542328463,-0.8038690908401701,-0.7309235830158842,-0.7010026615289333,-0.32030321536567735,-0.8274130302866491,1
0.44180855408933456,1.0832795835486928,-0.4445202009343899,-0.13478617003801185,1,0,0,1,0,0,-0.23054406556205628,-0.28789899513380446,-0.42569225535928473,-0.12764527856700325,-0.23830059145869648,-0.1227674903079891,-0.4962878709861392,0.352804777483154,-0.6969029922113631,-0.24352713523397218,-0.27526025301906343,-0.6545185798462908,-0.22233569108492993,0.5499663646203147,1.3410392856676792,-1.5498231300641208,0.832551852224441,-0.10258551554560481,0.6912331826893887,-1.5782419336237905,1.2396202770651248,0.8591880881722294,-0.6047330446001897,1.1545336137677236,0.25769702078144385,1.5782419336237905,-0.6912331826893894,0.605195468575612,1.391607501712964,0.3091580262022686,-0.5737127814690962,-0.23819657973844427,1.0146800580448727,0.4323198869208419,0.12354118106860354,-0.10826409251941274,1.5000860627148682,1.1863538130354276,0.890113816921823,0.4043055696202447,0.8715192434003977,0.6014499566897238,1.5215080252738291,0.7374113588002092,0.47161139053935697,0
-0.14929748012713334,0.1298722426046032,1.0038746524609323,0.3052077222492148,1,0,0,1,0,0,1.8137237291074042,-0.6885332571221455,-0.2593808969333673,-0.2780941884721383,-0.9967145032550072,-0.31461315650707083,1.5957717432696672,1.627716291646713,-0.4394879570778661,0.6347786541051169,-0.35180129781009434,-1.2661924235041178,-0.3114767604995605,2.334583272788514,2.2225211470351116,-0.04721119028604527,0.7246147146095046,-0.21723374976218496,-0.6392523306161405,-1.092932769394252,0.11372864420686851,-0.007618797462574647,0.5533520670515176,-0.1390294620668954,0.24527244143695945,1.092932769394252,0.6392523306161398,2.8612490720025816,2.81754322179188,1.2644070129280303,1.0413497803635572,1.3320852019236007,0.06953024385249205,0.18764225758709038,0.5664865349208381,1.3800022317249987,0.44535835866158957,0.4275877563966659,1.3371514210252706,1.4675398216722642,1.3115202200696365,0.7600658542737248,1.6038232358961542,1.0714264874841732,1.3994859768436472,0
-0.09789695541265715,-0.8235350983394863,-0.15484123025532542,1.0385308760612593,1,0,0,1,0,0,0.9177792018139987,-0.57572767392078394,0.44424408102243734,-0.49913835610199053,-0.2150374937689162,-0.05703016412788418,-0.38867568250605816,-2.0539355065045894,0.7433681256238767,-1.7918637288468786,-1.472192219066571,-0.801913188929821,0.7733292775278824,-0.7250037207917369,0.3587461126501093,0.07610007875926907,-1.9177674465326682,-2.176680965708623,-0.383489096019544,-0.7133741297612541,-0.18395217741699074,3.178474921576508,-0.9397358906180133,0.5190669244317403,-0.21118331961998074,0.7133741297612541,0.38348909601954334,-0.6481676444393714,0.41596727218528484,0.23637715102316323,0.24027874969456073,-0.5624939042121272,-0.5920746260821743,1.4110304042558486,1.839954427246013,-0.17027518936292965,1.194770148383656,7.408235477473275,6.126840036419346,4.307153250933144,4.391527056754317,4.852356011940948,4.731801239544486,4.467246962437809,5.729567379597002,1
-0.27779879191332196,-0.8235350983394863,-0.4445202009343899,-0.13478617003801185,1,0,0,1,0,0,-0.05387894750420167,-0.36349036532028395,0.29072590401389814,-0.46731262516051963,0.23402365108208176,0.08159957135396977,-0.5410637028809739,0.10050225519951371,1.817262900003944,-1.4538459945555144,-0.535639357009414,-0.2869362180155042,0.626063459082791,-1.1469475951858397,-0.6177946446228219,1.2314188070126142,-1.637160094913896,-0.9258918553152964,0.271474372857786,-0.6605917564372907,-0.3936542732315167,-0.75683561221791,-1.2468021195022598,0.34067221894674954,-0.20759578892183664,0.6605917564372907,-0.2714743728577867,-1.2330704305130304,-0.9349191994684248,-1.4375829780962672,-0.7029177864157086,-1.2452251136304073,-1.5687294340809674,0.18764225758709038,0.06817301183707392,-1.658541513607341,-0.24854144663662048,-0.5588081172337243,0.6437869738444144,-0.1532440991387405,-0.008482709938082702,1.2041903675089267,0.8629863402952329,0.5704037944582268,0.5334696962929761,1
0.2876069799459088,-0.5400896726534062,1.0038746524609323,-0.13478617003801185,1,0,0,1,0,0,0.3246891626197725,-0.4768774206000031,0.27793272259651985,-0.46210477827918806,-0.033123317163972175,-0.009627738446992187,0.7334700597857763,-0.006956106088474576,0.3987680150600932,0.8241886251518913,0.8044604801069507,0.6693484157586373,-0.7364340668124906,-0.21884668190921608,-0.2086054530278526,0.505927561379815,0.06639969487635701,-0.39057458133632733,-0.0632699944762795,0.9756618166055823,-1.2385769987449482,-0.19942888953977486,-0.03672082767603263,-1.0475848595479267,-1.4271580828682842,-0.9756618166055823,0.06326999447627879,0.02029268250195297,0.11577027848446049,1.0460643873907127,1.183475285804831,1.1614023995690306,-0.2770246880180474,0.4323198869208419,0.5111183656893089,0.6978801664463103,-1.1297941993653469,-0.08457933183449812,0.3450016364079263,0.2714012881137425,-0.1777138548108673,-0.3819686083310823,0.6160407084282594,1.3358551310256446,0.3169656261553086,0
0.5189093411610479,1.0832795835486928,0.5693561964423357,-0.13478617003801185,1,0,0,1,0,0,1.3594419969586353,-0.6449228512453304,-0.42569225535928473,-0.12764527856700325,-1.08606565157784,-0.39734380510108047,0.627784674554687,0.011289328282412693,0.6636909882375207,-0.29707547069487045,0.5319940197684526,-0.3550997282310279,-0.7568693694344324,1.958250369971858,0.3528923563341128,0.3767773873540914,0.6964103539291475,1.044014838184006,0.6912331826893887,-1.1698703314820218,1.0837108243738887,0.3380248583751988,-0.5286628766822636,1.0918783810716695,0.3276590078671949,1.1698703314820218,-0.6912331826893894,1.143677398611679,-0.18442671521636386,-1.3738997123145495,-1.0043961312911374,-0.71610842633123994,-0.8756195703398886,-1.0357458890816678,-1.3713993881826885,-1.307145298160744,1.194770148383656,0.5034643620605421,0.5160619441005718,0.14498014229048395,0.5838262971166633,0.37938770007212164,0.7806711296729086,0.23638866577426285,0.22417816752487937,0
0.13340540580248203,-0.10203765113855341,0.27967722576327125,-0.13478617003801185,1,0,0,1,0,0,-0.24316300256618875,-0.28208427435022915,0.9175917934654332,-0.570312263480189,0.7024872788300272,0.22380684839664572,0.5297999532724128,-0.42107597142105735,0.320573624958618,0.9088786051540989,1.3869443135959185,0.6539828261975322,-0.9711418007729258,0.06599096570167158,-0.3816843590617326,0.6556718918185852,-0.629431211811722,-0.021334864764011304,0.6912331826893887,0.20639792024048925,-0.6707623364048352,0.1955769733748132,0.2206521339230481,-1.8519695746977587,-1.8239248775582528,-0.20639792024048853,-0.6912331826893894,0.35452284597261524,-0.03432821836595151,1.1643333095567605,1.3772827932247493,1.0077878774499178,0.6681251261743327,1.4110304042558486,1.1201682272361313,1.3800022317249987,-0.5538573609678327,0.35171115073279,0.48869229486974886,0.533968283285125,-0.29617565622181696,-0.28679906978068154,1.439192814651505,1.739456744852101,0.10046155601764112,1
1.2128164248064663,0.9544407536913834,-0.4445202009343899,0.3052077222492148,1,0,0,1,0,0,-0.5838743016777656,0.24414795656333935,0.08603500133584588,-0.415812806000685,0.8499456331526289,0.5091157878722031,-0.14790385658178934,-0.49527247674778335,1.1139764066286328,0.3174685963233563,1.014260897769928,-0.21722454154638868,-1.0517256740065608,-0.336533371435196,0.5639753858396395,-0.11091294334396823,-0.2257884649897688,-0.039331317357144416,-0.4019224822967764,0.10235345797273021,-0.13059626653023723,1.2447551783675614,-1.6342998779490785,-0.6527675691266522,-1.3569882176864987,-0.10235345797273021,0.40192248229677574,-0.2582324537235989,0.641115017460903,0.3091580262022686,0.2015172482105774,0.10316902497069583,0.4475901695294441,0.02452383803125581,0.2342775195316623,0.9459245538203791,-0.08200549336504998,1.2622304186993043,0.21499580256151593,-0.6848612251647502,-0.8715615487892844,0.728342674756924,0.8629863402952329,1.0157572993701793,-0.2706882785040748,0
0.4161082917320974,0.7740663918911503,1.4383931084795292,-0.13478617003801185,1,0,0,1,0,0,-0.25578193957032125,-0.27568808148829627,0.57217589519622,-0.5205483932807982,0.5744728726847651,0.19026739626393913,0.09345778091007663,1.5210242641700802,-0.4961755349404309,0.5222752301245438,-0.145948299666681,9.559738488357727e-4,0.30660067766227267,0.3486045234471788,1.8596949537185838,-1.2536687356178733,-0.06061465442060989,-1.021268530063786,-0.1602775458261487,0.16026515284228104,0.21836621297651618,-0.22465195699119703,-0.5815275977016202,-0.765664595238078,-0.8073300082913747,-0.16026515284228104,0.160277545826148,0.38237535959517033,1.841902992264201,0.21818193222838655,-0.4832692780064673,-0.47715250303484213,0.3530751881102058,0.9216751455883455,1.1201682272361313,-0.10826409251941274,0.3620903820258042,-0.02767187758659086,0.6164173246135901,0.19684522775643593,-0.1269445113490324,0.728342674756924,0.7806711296729086,0.9600881112561845,0.2860364732784985,0
-0.5348014154856993,1.0832795835486928,-0.15484123025532542,-0.13478617003801185,1,0,0,1,0,0,0.2868323516073751,-0.466992395267925,-0.42569225535928473,-0.12764527856700325,-0.6447441843760123,-0.26050284039963756,-1.5713824638629432,-0.4552129463706504,0.3291769261724294,-1.3368873392252587,-1.2727948292097437,-1.7361019716876636,0.5072994873501876,-1.2503041952907474,-0.2460236726566074,-0.054849444898910846,-0.8132154602545071,-1.3230564190030578,-0.958568853809468,-1.417139107414103,0.9357563476422931,0.3783329403734131,-0.5051142880331191,0.9996780166660529,0.36298853320788704,1.417139107414103,0.9585688538094672,-1.1618917845887227,-0.18442671521636386,0.16258543035545833,0.10820252241580197,-0.22302477508470478,-0.5255640836019699,0.4141956180813048,1.058648039201099,0.2086815135696748,0.8616982418405155,0.35171115073279,0.0051618251252043045,-0.2569742700706454,0.1438253204474232,0.09387908442092041,0.7806711296729086,0.1250502895462747,-0.2706882785040748,1
-0.38059984134227254,0.7740663918911503,0.5693561964423357,-0.13478617003801185,1,0,0,1,0,0,-0.38197130961164594,-0.14485686385785104,0.57217589519622,-0.5205483932807982,0.7358313875864162,0.2908857526620589,-0.19903714478586804,1.343567401350553,-0.02599095335136467,1.1491447704642288,0.7139312924977962,0.08228087298625775,-1.0110076660537373,0.08952708872082973,1.4242352866358703,-0.33364315393554533,1.0720142244181863,0.5361971363186065,0.21054164239835904,-0.09659134035763388,0.36622040711041065,-0.41732077873987977,-0.2997486893487119,-0.4894294939568168,-0.4046535044103157,0.09659134035763388,-0.21054164239835974,0.0759977097470634,1.3165582532877582,-1.6069330893092284e-4,-0.173177266134598,0.2567835470898098,0.038025250046078915,-0.30171300108041293,-0.4301405112466897,0.44983577907224165,0.5563823275093027,-0.17942508891434333,0.7715120035882557,0.4821031978191731,0.24536400737109418,0.7917890337905242,1.0276167615398821,1.0714264874841732,0.5953280020465953,1
-0.5348014154856993,0.9544407536913834,-0.15484123025532542,0.3052077222492148,1,0,0,1,0,0,0.2868323516073751,-0.466992395267925,0.08603500133584588,-0.415812806000685,-0.13279903162829473,-0.03780087823846573,-0.6263422674751902,-0.9958661485195719,1.1134711483612576,-0.009467292681979038,-0.21443547614760192,-0.3622178655020854,0.4029575217950974,-1.1861306635443725,-0.42363854861092304,0.01560887760844874,-0.7081320592536345,-1.1119783362698934,-0.7613439424253534,0.2610696854503818,-0.31422361347665934,0.9424657439691718,-1.5064669446320427,-0.6893819265883032,-0.8068537951696984,-0.2610696854503818,0.7613439424253534,-1.1216603760228097,-0.40957446049198204,-0.04564874029587195,-0.031051760693324323,-0.3064697006802721,-0.5920746260821743,0.35076067714292497,0.8433273810784847,0.015758101167622184,-0.19302946221276363,1.1104772073715516,0.5251851605108457,-0.38663698373552574,-0.6177148314801074,1.4579758036433286,0.28677986593896093,0.45906541823023866,0.2860364732784985,0
0.9558138012340891,-0.3854830768246345,0.27967722576327125,0.5985369837740325,1,0,0,1,0,0,0.097548296545388,-0.42047462899932225,-0.4001058925245282,-0.14153287025055417,-0.48561905092881463,-0.21399480010895106,-0.37156877384934894,-0.35754579913642387,-0.7097197294500542,-1.2650018433388655,-1.0912020903315265,-0.5866827125307346,0.5648517711226935,-0.41675060816993487,0.6149909086176322,-1.2327429417399787,-0.6495145579014278,-0.715403898482271,-0.23432195700141584,-0.567767582660665,0.10026312776359406,1.1068272218791633,-0.26857712526268623,1.0648883619468106,0.7201634953087208,0.567767582660665,0.23432195700141514,-0.3974950218363748,0.5660657690356972,-1.6069330893092284e-4,-0.6383152839424023,-0.8355863879794388,0.8571550890128092,-0.13859458152457876,-0.04256332662598434,-0.23228628620644656,0.0012624832707351544,0.8828473903799233,-0.31415074923440073,-0.39960325510201306,0.025363519036474696,-0.0647368131630805,-0.37174181903963527,-0.6543183440496418,0.038603250264021984,0
-0.27779879191332196,1.4182605411776974,-0.4445202009343899,-0.13478617003801185,1,0,0,1,0,0,-0.0412600105000692,-0.36349036532028395,1.2885940545694028,-0.6293345281352805,0.6343575162504046,0.20681352598274105,-0.021008568430656453,0.0019912182501750776,0.5737838613416358,-0.5592283013283371,-0.5391889766388814,-0.031806187039463245,0.6580209276027033,-1.042980870731619,-0.5890836888843313,1.267292177547932,-1.3443212315349793,-0.9835255900381443,0.288491621905012,-0.329502323768793,-1.0129212711582058,-0.5928641172523645,0.48912466091682777,-0.5775245645419764,-0.2592492340180924,0.329502323768793,-0.2884916219050127,-1.0938078624002545,-0.7848207026180125,-0.9281168518425269,-0.21193876761858224,-0.71610842633123994,-1.537224440274555,0.35076067714292497,0.2342775195316623,-1.4104971262332722,-1.0257092285706153,-0.7105613285614767,-0.6060936743631827,-0.2829068128036209,-0.48232991558187904,-0.667477223982284,-0.04248097655033679,-0.2089648391376897,-0.8892713360402683,1
-0.8175043014153137,0.928672987719922,-0.15484123025532542,-0.8681093238500562,1,0,0,1,0,0,0.2742134146032426,-0.46059620240599214,-0.19541498984647596,-0.3070266711462027,-0.3576150440903046,-0.1169539852716533,0.480334775806762,-0.8253340363720428,-1.318962282616609,0.7536634631781445,-0.06067605074718835,0.6607590486735779,0.031414582896657293,-0.5045967162557936,-0.561312871237542,-1.147133469965967,0.18806165905269548,-0.45944743580669783,0.33216239355632987,0.5717619163874261,-1.1721042918052367,0.5704859541198012,0.650307117649239,-0.8316719945453885,-0.36967915923846395,-0.5717619163874261,-0.3321623935563306,-0.28608496734615396,-0.25947596364157,1.0369667779933252,0.2015172482105774,0.2738518273252659,1.2667200084961745,0.8401159358104279,0.7325910426154264,0.8219023601333442,-1.1644891896302574,0.27583454506891375,-0.6334633235940058,-0.23104172733766892,-0.5330992590437151,-0.7309235830158842,-0.28942660841731066,-0.04195727479570725,-0.5799798072721716,0
0.4161082917320974,1.2378861793774645,1.4383931084795292,0.5985369837740325,1,0,0,1,0,0,-0.25578193957032125,-0.2640586399211456,0.06044863850108935,-0.41639145565416624,0.28362446444522954,0.11871656504749839,0.6355188033629398,0.3206460007135204,-0.9752773285235453,0.7077570169704586,0.30393537227651213,1.295150597976942,0.6071927136312587,0.3413954149395231,1.3084185144462293,-1.351338647538732,0.027494915647379936,-0.84404129601749045,0.004530982273632039,1.761937170948765,-0.5425860902510463,0.8706482460215,-0.024728238098474326,-0.9288705815511694,-1.219172915740381,-1.761937170948765,-0.004530982273632748,0.4659329004628361,1.4666567501381707,0.527500651739586,-0.3023822710812103,-0.27233314020935756,0.7941451013999841,1.166352774922097,1.2862727349307197,0.139780294854656,-0.3595654154843339,1.1863538130354276,0.8627441676909999,0.7154960824159574,0.2622871218583729,0.062155904904119784,-0.12479618717266176,0.9600881112561845,1.0283361423219313,1
-1.4343105979890196,2.0624546904642447,1.0038746524609323,3.2385003374973924,1,0,0,1,0,0,-0.20530619155379135,-0.3053431574845305,0.16279408984011548,-0.43317229560512366,0.2980926766839722,0.0999344718531827,-2.4367809489980408,-1.2465163049612806,-0.1007122487176652,-2.297083068059006,-2.087779072285666,0.885333779799069,2.534765326139538,-0.08586172263177093,-1.1507275064032818,0.8743548127144113,-0.7781424444143266,-0.13056333397511377,0.8380453772610346,0.3763264807979944,3.3026112058312433,0.5581091932744677,1.0163192821986506,2.331618301788434,2.5867453614301392,-0.3763264807979944,-0.8380453772610353,-0.007559831120602114,-1.009968447893631,0.33645085439443295,0.7570987694810098,0.3762615087380082,-0.08799472517957138,1.3294711944779316,0.954063719541543,0.07776919801113909,3.6650534552452823,0.8828473903799233,0.9174834661526473,1.3638096507403592,2.4115226617427363,0.3476645205553221,-2.018046031486126,-2.1573864231274804,1.5232025883508855,1
0.4161082917320974,-0.02473435322416849,-0.15484123025532542,0.5985369837740325,1,0,0,1,0,0,-0.016022136491804253,-0.3832604159844401,-0.09306953850744984,-0.3492680958503368,-0.06399026245025044,-0.024832290080485844,-0.2504523374218753,0.47597738993005145,-0.7332351089290123,-0.06324669362440806,-0.10405107850191345,-0.4181283850011476,-0.04181420462667896,-0.03682309933435917,0.6647465700222867,-0.918922874461559,-0.2155306414023877,-0.523795891821755,-0.5745260083472232,-4.693472038239746e-4,0.3114668648894495,0.012634615792837917,0.07892808917782326,-0.12827429183271022,-0.3761132417114839,4.693472038232714e-4,0.57452600834722245,0.02029268250195297,0.7161642658861095,0.2545723698179399,-0.2765412700918884,-0.34060626115118536,0.6681251261743327,-0.05703537174666111,0.2342775195316623,0.20179139169817292,0.44535835866158957,0.19995793940503753,0.5799244589724931,0.533968283285125,0.4484413812184362,0.030432725387320277,0.36909507656128593,0.4033962301162448,0.40975308478573785,0
1.4441187860216065,-0.12780541711001567,-0.15484123025532542,0.5985369837740325,0,1,0,1,0,0,-0.3062576875868511,-0.20649290416374969,0.09882818275322415,-0.42680714941682946,0.37038129452519264,0.17103811037452069,-1.2966206717337856,0.6069759622565788,0.675040867485035,-0.9028696739818255,-0.45618694766188234,0.7511806044062351,0.9619655005060426,-0.8494776426754259,-0.19221879782158927,0.43244695097464053,-0.7990475257004406,-0.6460294411247376,0.39760879354609974,0.6301771912123648,0.9541945558211016,-1.0256541288942649,-0.4882359991504183,0.42739683278556173,-0.0376566356739972,-0.6301771912123648,-0.39760879354610046,-0.7317251853070371,-0.03432821836595151,0.49111021415003275,0.6537347655237203,0.2738518273252659,-0.08799472517957138,1.0847935651441794,0.954063719541543,0.2638024885416898,1.055990187324014,-0.8623145398892288,0.48869229486974886,0.14498014229048395,0.31305646532020776,0.4428340591057229,-0.4540570296619595,-0.2089648391376897,0.5953280020465953,0
1.341317736592655,1.2121184134060021,-0.4445202009343899,-0.4281154315628296,1,0,0,1,0,0,0.2363566035908452,-0.45361853746570174,-0.6047967952025805,0.21954451352176993,-0.963773691519117,-0.518533025473927,-0.6558819110466987,-0.7097615653849028,-0.24909415764168805,-0.6822861239568566,-0.8010497732883346,-0.42623245226157264,0.7070722914851485,-1.2572786170077848,-0.6169698742693924,-0.3522116680717318,-1.0756522505234174,-1.0935679538314642,-1.532862003731795,0.9389436438584764,-0.3442382168057003,0.35610314685132566,-0.013418701048444313,-0.14487382267694535,-0.026252323724594184,-0.9389436438584764,1.5328620037317944,-1.2609229441355856,-0.7848207026180125,-0.8371407578686448,-0.8708842928463041,-1.1940202729240363,-0.5605696322757617,-0.7910682597479163,-0.1532996650890431,-0.9144083514851348,-0.19302946221276363,0.5793409677244183,0.6711566230752374,0.5599008260181015,0.46536449570571364,0.5697267771729232,-0.4540570296619595,-0.04195727479570725,1.3376276710900281,0
-0.1749977424843705,0.8513696898055362,-0.15484123025532542,-0.13478617003801185,1,0,0,0,1,0,0.21111872958258027,-0.4478038166821264,0.35469181110078946,-0.47772831892318285,0.0775913246872344,0.024806099075919918,0.3699050240584792,-0.39301067338136886,0.2512374835421796,-0.055553095327931144,-0.7618558337189564,-0.6067697441332301,0.9561702724472113,-0.1758498537968842,-0.1501875128523756,-0.8021143511511981,-0.6150924177074457,-1.2956794984001854,-1.3016642670278302,0.4634132099205562,-0.6900690423782185,0.3889649296602986,-1.1494976238015016,-0.5348664645076597,-0.27452895017695744,-0.46341320992055685,1.3016642670278296,-0.03541234474315745,0.04072103005925432,0.6002815269186915,0.05939174276930372,-0.18699173903207253,0.3215701943037938,0.4323198869208419,1.3416409041622488,0.6978801664463103,-0.7203933142394032,0.19995793940503753,-0.42362934615769415,-0.9182541097615345,-1.0407926936620688,0.7600658542737248,-0.6186874509066087,-0.48731077970765985,-0.332546584257695,1
-0.27779879191332196,0.38754990231922204,-0.4445202009343899,1.478524768348486,1,0,0,1,0,0,-0.0412600105000692,-0.36349036532028395,-0.7839013350458762,1.7703255848516233,-1.5591565967571883,-1.6476945806083823,-0.9391398857301564,-0.37810577576469895,2.01834436670382,-1.9560431846660014,-0.9313683844550701,-0.46495943649752325,0.8604889439415992,-1.0048429805276835,-0.7661496359889142,1.524273167356169,-1.0651282478133888,-0.4627192291143922,0.3735052989149339,-1.004587223962434,0.3018696058678223,-0.2485498431794244,-1.2273968313715728,1.58632521132652,0.759069248216866,1.004587223962434,-0.37350529891493456,-1.0659553487776992,-0.9349191994684248,-0.9554096800346926,-0.12149526415595328,-0.5283573437412127,-1.5057194464681423,0.02452383803125581,-0.1532996650890431,-1.2864749325462383,0.25106641317809053,-0.2553016945782196,-0.06782390615699217,-0.6848612251647502,-0.07617516788719629,0.728342674756924,-0.20711139779498602,-0.6543183440496418,-0.20882997275045564,0
-1.4343105979890196,0.5679242641194551,1.0038746524609323,-0.4281154315628296,1,0,0,1,0,0,-0.20530619155379135,-0.3053431574845305,-0.68155588370685,0.43653813357725313,-0.8492642029764863,-0.5721961488862576,1.3236220605789353,-1.246138513493833,0.9575396698869023,0.460716175875358,1.1114824907793097,0.5499220053461045,-0.5532008874189409,0.17552856591805674,-1.311230234818135,0.7484115536985222,-0.660532776581354,0.08702108839538808,0.6912331826893902,0.06447137185505257,-1.6651426208931817,0.39680255272596754,-0.5569073715722953,-1.2773708250032307,-1.360022518402961,-0.06447137185505188,-0.6912331826893908,0.1317027369921738,-1.2351161931692491,-0.09113678728281299,0.3048812521678669,0.017827623793410803,-0.15100471279239655,0.9216751455883455,0.6218547041523672,0.015758101167622184,-1.6085850650211115,-0.1035484832504671,-1.244718823082393,-1.2942759793896883,-1.6161785862295364,-0.826093121566285,0.28677986593896093,0.3477270420022505,-1.5078543935764617,0
-0.020796168340944693,-0.12780541711001567,0.5693561964423357,0.5985369837740325,1,0,0,1,0,0,-0.07911682151246661,-0.35360533998820587,0.09882818275322415,-0.42680714941682946,0.13559032629477505,0.05789835851352376,-0.7579890314894155,0.713955750334154,0.5257305730942334,-0.5106947514845577,-0.39892986698908084,0.693464838089557,0.5633953747313205,-0.02335266343223472,-0.019538726957498368,0.03842095756275974,-0.14222104109834072,-0.6066515165474149,-0.05671543019588151,1.002053003267564,1.0306684936394672,-0.999500141127139,-0.6800819484507187,0.5488917121499881,-0.07364876571077665,-1.002053003267564,0.056715430195880795,0.0759977097470634,0.11577027848446049,0.427426948368315,0.3824042551358344,0.3079883877961804,-0.24551969421163483,0.18764225758709038,0.2342775195316623,0.07776919801113909,1.0837461795359422,-0.8623145398892288,0.36096726512590627,-0.06248019957332482,0.1607484349347019,0.41111087958892223,-0.7010026615289333,-0.32030321536567735,0.5334696962929761,0
0.18480593051695732,1.2121184134060021,-0.15484123025532542,-0.4281154315628296,1,0,0,1,0,0,-0.7226826087232228,1.0233205415624351,-0.6047967952025805,0.21954451352176993,0.5143394001018169,0.6173364200870698,-0.026174926513221397,0.42152351695866364,-0.09149926559323315,-0.08840025530737772,-0.014688472969143872,1.14504118315566,0.6006962338765188,-0.3585174975861504,0.747129189409657,-0.18108292117844568,-0.17017958821860346,-0.059539301565423156,0.6417267449849983,0.9252428331319453,-0.3218295868202689,0.16990336497483763,-0.056888310904500895,-0.04932412474920332,-0.039032805351871154,-0.9252428331319453,-0.6417267449849989,-0.03541234474315745,1.3165582532877582,1.5009448572601232,1.1576342848155081,1.0248561576853752,1.3297299961089997,1.166352774922097,0.8986955503100138,1.5040244254120325,-0.19302946221276363,0.35171115073279,0.561678026151944,0.4432043837197094,0.39767203775660004,0.4428340591057229,-0.5363722402842841,-0.15329565102369538,1.2139110595827887,1
0.5703098658755232,0.38754990231922204,-0.4445202009343899,1.478524768348486,1,0,0,1,0,0,-0.6595879237025604,0.43603374242132564,-0.7839013350458762,1.7703255848516233,-0.5690568034191699,-1.0328046248420948,-1.5145166296099106,0.17230583389969106,-0.10189532196335307,-1.4380821339730219,-1.0226186968747135,-0.20468220108279508,1.2515252900481846,-1.3169640896486952,-0.5851716660228474,-0.9667319096304431,-0.3119705519911646,-0.4985013910682559,1.0460293195708634,-1.3166012534636966,0.7900772398326761,-0.8227072935850143,-0.8321780192712479,1.6334115266007665,0.8427648067192652,1.3166012534636966,-1.046029319570864,-1.3444804850032512,-0.8598699510432187,-1.2374355713537264,-1.4652273156007207,-1.4841810369268051,-0.37153966943728567,0.5954383064766764,0.12354118106860354,-1.5965304167638241,0.5841383197212315,-0.8623145398892288,-0.40538291333714505,-0.7496925819971905,-0.1269445113490324,0.12560226393772106,-0.20711139779498602,-0.7656567202776299,-0.5799798072721716,0
0.3904080293748593,-0.978141694168258,1.4383931084795292,1.478524768348486,1,0,0,1,0,0,-0.7605394197356201,1.776326883035442,-0.7199354279589849,0.6998237259112394,0.3877053774361472,0.8252810233098506,-1.2058531633815992,-0.7414880791508631,-0.5523074936461998,-0.4013016061852057,-0.660558586218137,-0.11877653540283009,0.697801556875744,0.8539897676379327,-0.9629875164859457,-0.49445123132228885,1.4259123315264852,0.6308172032839675,1.5173256805029718,-1.6668621640005967,2.5300646909721025,0.053015904618194845,0.2581470434409846,1.9560428394539415,1.4746287339783966,1.6668621640005967,-1.5173256805029725,0.8558680911786088,-0.8598699510432187,0.1817914946388332,-0.10857476366129187,0.4616029099152932,0.16404522527173035,0.5138790966987595,-0.1532996650890431,-0.17027518936292965,3.1099336110067144,0.5034643620605421,1.3645210702560935,1.3119445652744073,2.174599058920838,0.6331731362065233,0.28677986593896093,-0.4316415915936655,1.5232025883508855,0
-0.8432045637725518,1.4440283071491598,1.0038746524609323,1.7718540298733036,1,0,0,1,0,0,-0.33149556159511606,-0.203585543771962,0.08603500133584588,-0.4250712004563856,0.3936626774376089,0.1719324957647262,1.699131410878675,2.2364753140010025,-2.114598892594055,2.014506272873926,1.122836151324806,0.5573769478169581,-1.0308123142730512,1.6308416449423402,1.4149843982774744,-1.0086881799948002,1.3315661825839624,0.5660133136070761,0.569588792901455,0.1952844489803987,-0.7331658322659695,-1.6521322478302825,1.8770931822807777,-1.4011097765106375,-0.9071401535212614,-0.1952844489803987,-0.5695887929014557,2.137083717816147,1.9920014891146134,1.3644807162993,0.5374502610717695,1.0931292786272029,1.6132749403667133,0.2692014673650073,0.012804842605544792,1.3179911348814817,-0.6926373220274746,-1.5452039908641146,-0.0039613912850709025,0.9618552383792308,0.2622871218583729,-1.397110352868688,0.36909507656128593,0.514734606344233,-0.5181215015185524,1
0.8016122270906633,1.3409572432633117,-0.15484123025532542,-0.13478617003801185,1,0,0,1,0,0,0.29945128861150755,-0.4733885881298579,-0.438485436776663,-0.1247520302995968,-0.6717508366568004,-0.2676579235212816,0.29870973319729394,-1.2900243311104502,-0.18500736471514037,0.5070586651778318,0.591307816384149,0.7583760817118624,-0.15190727517403504,0.08107526256175905,-0.39498224249563296,-0.4459887698790816,-0.4445493184962619,-0.651554213231477,0.2792118624399347,0.7574155988166087,-0.33435370834094835,1.374914339522818,-0.1952644373864717,-1.1258110384286095,-1.404844995653201,-0.7574155988166087,-0.2792118624399354,0.24311279148239442,-0.18442671521636386,0.6730624020977969,0.31780175266252825,0.12023730520615308,0.5736101447550955,1.3294711944779316,1.2862727349307197,0.3258135853852078,-0.3595654154843339,1.1863538130354276,-0.1864257194905595,-0.2569742700706454,-0.6684841749419423,-0.5088613263982832,0.5337254978059351,1.0714264874841732,-0.332546584257695,0
-0.3291993166277972,-0.10203765113855341,-0.4445202009343899,1.478524768348486,0,1,0,1,0,0,-0.05387894750420167,-0.36349036532028395,-0.11865590134220637,-0.34000970139463615,-0.05520138479970361,-0.016782821568636263,-0.9554166810506293,-0.3021158542868307,-1.2824964729354933,-1.0621558029755809,-1.1868902973998121,-0.2151506226511449,1.533396726947457,-0.6052099606073086,-0.733540614338342,-0.16807894882412963,-0.5268530607217564,-0.418120992555477,0.49320743187182114,-0.7825969144484197,0.723811490754267,-0.3201813931542884,1.5843125082927705,0.9124854888475199,1.1348017471346403,0.7825969144484197,-0.4932074318718218,-0.6481676444393714,-0.7848207026180125,-0.4277483349861756,-0.44450777652248397,-0.6136987449184976,-0.18250970659880966,1.0847935651441794,0.8986955503100138,-0.5423417704240322,0.8061862574166584,-0.17942508891434333,0.42482977999782756,1.2211806657089916,1.582290051866092,-0.857816301083085,-0.12479618717266176,-0.48731077970765985,0.7190446135538346,1
1.2642169495209417,-0.07626988516709207,-1.6032360836506476,0.3052077222492148,1,0,0,1,0,0,-0.785777293743885,3.084639059339894,0.9303849748828115,-0.5760987600150019,2.3291044393023643,2.8175244799926227,0.5111774056416466,-1.5253527533749802,-0.2179621773474354,0.9279232580420311,1.3051122697390545,-0.48807324784879125,-1.7723528545673333,-0.593847747200894,-0.7181032639062865,0.01610547893567579,-0.7511177532403593,-0.4176376755939514,-0.6980737954149119,0.026667393131432255,-1.3041702978910248,1.3742144384231425,0.31414605133399603,-1.9983599635535227,-2.1044517734331634,-0.026667393131432255,0.6980737954149111,-0.2582324537235989,-0.25947596364157,1.7374827015922172,1.4806467971820387,1.0419244379208312,1.3927399837218248,0.8401159358104279,1.397009073393778,2.1861464906907218,-1.241589167996725,1.1694923451101218,-0.21886382228264625,-0.02934417274785482,-0.8170315132191648,-0.9635602328057525,1.8964995403310856,2.116770130958062,-0.5937260974396413,1
-0.5348014154856993,0.3102466044048362,-0.15484123025532542,-0.8681093238500562,1,0,0,1,0,0,0.13540510755778543,-0.4338484868015456,4.985823484191721,-0.7664744960103459,1.1610113108611355,0.2586878786146606,-1.0438538926267096,-0.015725747400438025,0.18938885237808584,-0.3636828821728881,-0.6667131969797196,-0.0712334472643689,1.2886801673413377,-1.101714551022145,-0.5988756584097256,0.016006763543955395,-0.32671721973073614,-0.847151375829732,-0.18963998474047816,0.09092870184200141,0.3506840496438688,-0.5783564059990934,-0.24281565208967015,0.16734490857990106,0.03968137513421702,-0.09092870184200141,0.18963998474047747,-1.038102835155144,-0.5596729573423944,-1.6069330893092284e-4,0.007709740790658993,-0.11871861809024475,-0.5920746260821743,0.758556726032511,0.954063719541543,-0.046252995675895824,0.5563823275093027,-0.3311783002420958,0.826251302049903,0.5599008260181015,0.600749411603942,0.728342674756924,-0.37174181903963527,-0.3759724034796717,0.8427612250610729,1
1.495519310736081,-0.12780541711001567,-0.4445202009343899,0.5985369837740325,0,1,0,0,1,0,-0.5081606796529707,0.011559125220325652,0.9175917934654332,-0.5691549641732264,1.0922209701015073,0.4487447740333313,0.13139589647357025,1.4677701172711,-0.4545529518532257,0.17277852996295406,0.40599749537343327,0.5644062677488525,-0.2886687223877236,-0.8135359275787473,1.0827883092936017,0.8635163218884523,-1.0004516097993505,-0.8999646458692626,0.2181716668474233,0.5534028300138731,-0.9955847058125082,-0.9298469905056959,1.489139739098667,-1.2254433378861738,-1.4064569408907415,-0.5534028300138731,-0.21817166684742473,-0.7874302125521474,0.9413120111617277,-0.12752722487236504,0.33072225315718967,-0.10165033785478751,-0.9386295579527137,0.6769975162545934,0.6218547041523672,-0.29429738304996345,-0.8869292675109735,-0.7864379342253526,0.39746013076700454,1.143383037510063,0.49921072468027106,-1.5240030709358887,0.6983559190505837,1.127095675598167,-0.08511336124321738,1
-0.9203053508442651,-0.8493028643109486,0.5693561964423357,1.0385308760612593,0,1,0,1,0,0,-0.09173575851659908,-0.3460462029695579,-0.34893316685501513,-0.19997648525216433,-0.26714465310936397,-0.11158767293042024,-1.2928578880634913,-0.09140027856316747,-0.387819572569023,-0.7707710203209448,-1.289102870250877,-1.1263471007675383,0.867442271384529,-0.6036690118044018,1.15909261643965,-1.7194507537018626,-0.11345771703538463,-1.3989108820785987,-0.946287449071263,-0.5976867361744845,1.1945714012228237,1.286603289004908,-1.1977198365373893,0.9287591923993843,0.31013266594340405,0.5976867361744845,0.946287449071263,-0.8988402670423681,0.19081952690966666,-1.874268229170901,-2.2533778457750557,-2.1669122463450856,-1.1119070238879838,-0.6279498401920818,-0.26403600355210183,-1.8755803525596506,1.5833540393506536,1.793366658346437,1.2185496076917033,0.31354167005482897,0.6853649840403343,1.7434844192945298,0.4514102871836102,0.18071947766026855,1.0283361423219313,1
0.3904080293748593,-0.3339475448817109,-0.4445202009343899,-0.4281154315628296,1,0,0,0,1,0,-0.6217311126901629,0.31101724557445576,-0.06748317567269331,-0.3591051399595187,0.8404586884616378,0.51671806368895,0.6713114075058061,1.1308051297940516,-1.3462678386804938,0.8361451489956816,-0.15880494141659485,-0.8858716537990614,-0.7745038360547069,0.4845399585189156,0.5659244010736689,-1.8241627858019327,0.9138568765938339,-0.2798973110128164,-0.16027754582615011,-1.0492619600046589,-0.44932823627647334,-0.9851348870751525,0.0072855575732800526,-0.22341331718564947,-0.0668110451460544,1.0492619600046589,0.16027754582614942,0.7166055230658329,0.8662627627365218,0.8732098088403377,-0.3153027715758717,0.0519641842643253,1.518759958947476,0.4323198869208419,0.5664865349208381,0.8839134569768611,-0.44283339212011924,-0.9381911455531051,-0.07694712256726609,-0.06248019957332482,-0.14386762583630988,0.030432725387320277,1.5215080252738291,1.0157572993701793,-0.20882997275045564,0
1.0843151130202777,-1.1069805240255675,-0.15484123025532542,0.3052077222492148,1,0,0,1,0,0,-0.38197130961164594,-0.15706777750335926,-0.016310450003180245,-0.3863016736731393,0.3877053774361465,0.177746000801062,0.3919811032036483,2.691899544979175,-1.011494347076385,1.279449888069321,0.09161580637256993,3.39907910690165,1.2684652123337654,0.9073336879792162,1.0643042710192419,-0.9773534858851367,1.087820516970899,0.18838379612130698,1.1360522199736263,3.5092157361558383,0.36153786435938756,-2.6285199506224295,0.4006006600109284,-0.6497900521313689,0.0648150757248395,-3.509215736155838,-1.136052219973627,0.6887530094432773,0.7912135143113154,-0.4186507255887879,-0.8321227913623208,-0.40887938209301433,0.006520256239666901,0.35076067714292497,-0.1532996650890431,-0.6043528672675491,-0.47058938433204756,-2.4557232588306284,-2.722679881546851,-2.1759824323108745,-2.2084875932842825,-1.8095116865870906,-2.676567716464722,-2.213055611241474,-2.3120123683735136,1
1.341317736592655,-0.3339475448817109,-0.15484123025532542,-0.4281154315628296,1,0,0,0,1,0,-0.4198281206240434,-0.12799417358548257,-0.06748317567269331,-0.3591051399595187,0.403827256470313,0.17908757888637028,0.39267635521910754,1.3273793905076114,0.03889078121139888,-0.46286330462378733,-0.6277195594909766,-1.187301966905099,-0.2509609855276318,0.12188673204433512,0.8620078205907599,0.13095265104984516,-0.6573989587279802,-0.72837781164789,-0.4125770209418648,-1.2101494081044426,-0.4242382442233685,-0.9583293590624613,0.07842978451470686,-0.026567091089294653,0.10494700467292907,1.2101494081044426,0.4125770209418641,0.10385022336961848,0.7912135143113154,-0.009258302706318612,0.05939174276930372,-0.20406001926752979,-0.34003467563087314,0.35076067714292497,0.6218547041523672,-0.17027518936292965,-0.44283339212011924,-0.9381911455531051,-0.19554893590083341,-0.127311556405765,-0.1269445113490324,-0.09645999267988113,1.439192814651505,0.848749735028197,-0.332546584257695,1
0.4932090788038099,1.3409572432633117,-0.4445202009343899,-0.13478617003801185,1,0,0,1,0,0,-0.7100636717190902,1.0145984603870721,-0.438485436776663,-0.1247520302995968,0.7746319123962297,0.8767081832466674,-0.1645159985025336,-0.8530252388319861,-0.659672873796442,0.6429665712085894,0.6008755878099368,0.8816692222308694,-0.3202162605931865,-0.0589393532121461,0.008653753559215528,-0.7989001573904121,0.43431958410275606,0.2869869564465811,0.739614474082317,0.4689510326955308,0.16987199341285417,1.1794730511046567,0.098977305111929,-0.43794249200110424,-0.5009807871231869,-0.4689510326955308,-0.7396144740823177,0.5216379277079463,0.7912135143113154,2.410705796998944,1.4935672976767,1.6393142461618264,2.62143474217192,1.3294711944779316,1.009431888773073,2.1241353938472036,0.11228645211844858,1.0346006017076752,-0.13168642102891215,-0.06248019957332482,-0.2284831982727022,-0.3502454288142823,0.03983423407198747,0.29205785388825667,-0.20882997275045564,0
0.8530127518051386,0.5421564981479937,0.27967722576327125,-0.8681093238500562,0,1,0,1,0,0,-0.44506599463230834,-0.1134573716265442,0.38027817393554597,-0.4846721147649583,0.7396124270307566,0.2873082111012369,-0.01980563902857687,2.19490092003351,0.25849866539569655,0.24858400362834565,-0.1086816030712671,-0.8225441542597722,-0.12917288556688908,-0.5116483972236165,2.080996201515166,-0.10336809592296323,-0.3007692954484126,-0.4678962781171543,-0.7989105922128035,-0.3295023237687909,-0.4836928267447184,-0.9278740834672325,-0.45725130297387895,-0.6340586364275421,-0.3155182401813551,0.32950232376879157,0.7989105922128035,-0.3696425082138195,2.2921984828154374,0.6275743551108558,0.47284775859846334,0.32505666803163763,0.29006520049738066,0.10608304780917345,0.5664865349208381,0.6978801664463103,-0.38732140769626244,-0.7864379342253526,0.38833691435672935,0.08014878545804377,-0.1777138548108673,0.8552353928241243,0.5337254978059351,0.4033962301162448,0.038603250264021984,1
0.5189093411610479,0.7998341578626126,-0.4445202009343899,0.5985369837740325,1,0,0,1,0,0,-0.7226826087232228,1.0145984603870721,-0.579210432367824,0.08934834148847998,0.5770799143396683,0.7112468860586483,0.013305074597367204,-0.509395021585181,-0.2130021592678702,0.030781984017913763,0.30110361568355726,0.7375930949265413,0.05538000791112313,-0.17318717262911035,-0.17713054327878536,-0.6773652439272231,0.15485897753229497,-0.027547531586064183,0.2654778184316193,0.7426913412446393,-0.19154761239786344,0.5217151636396479,-0.3895056579580104,0.1119710367405011,-0.41834425013055865,-0.7426913412446393,-0.26547781843162,0.38237535959517033,0.5660657690356972,2.419803406396333,1.584010801139329,1.5881094054554559,2.3378897979142055,1.166352774922097,1.1201682272361313,2.0621242970036877,0.16779843654230542,1.1104772073715516,1.5926014805129542,1.1044842234105985,1.0915197317350172,0.9504049313745251,0.4514102871836102,0.9600881112561845,1.8943524228726025,1
1.2642169495209417,-0.8493028643109486,-1.6032360836506476,1.0385308760612593,1,0,0,1,0,0,-0.785777293743885,3.084639059339894,-0.34893316685501513,-0.21444272658919655,1.504439193439837,2.538029045553401,-1.3606701097856782,-1.3842241944331257,0.8226922649901672,-1.1314101328372828,-0.5163385653525987,-0.9944217872165957,0.6349090905268313,-0.6554068955841952,-0.6617221396109314,0.15872477517208283,-0.4886157950753744,-0.1923011643987834,-0.648221895874381,-0.7133741297612556,1.2371700623961497,1.236992434859683,-0.9651447949065992,1.0439590386471915,0.4835207644870329,0.7133741297612556,0.6482218958743803,-0.4253475354589299,-0.3345252120667762,1.1643333095567605,1.0801112818475405,0.8029685146244333,0.8571550890128092,0.5954383064766764,1.0648000580046022,1.6280466190990672,1.611110031562582,1.717490052682561,1.172933525640331,0.4172718409867329,0.8376730144258402,1.5531453421937294,0.12214944469431245,-0.2089648391376897,0.9664778365683122,1
0.8787130141623758,0.18140777454752677,0.5693561964423357,-0.13478617003801185,1,0,0,1,0,0,-0.3188766245909836,-0.21812234573090036,-0.7327286093763631,0.9283903390363485,-0.9401204706242328,-0.8852310354581858,-0.017317207637783574,-0.7517613620074924,-0.16635106805243,-0.26515757303344056,-0.738297493101556,-0.12195141658420007,0.6416558851859409,-0.3734465434598903,-0.9271150872487558,0.2797095712056971,-0.3508092974410885,-0.3207076135079749,0.271474372857786,-0.43557216489828954,-0.3490633872708094,0.1030525198683151,0.5084886267949532,0.010354280403576447,0.64671433594559,0.43557216489828954,-0.2714743728577867,-0.4253475354589299,-0.9349191994684248,-0.3367722410122935,-0.1473362651452761,-0.27233314020935756,-0.5290646384693491,0.18764225758709038,0.06817301183707392,-0.4183195767369984,0.0012624832707351544,0.6552175733882943,1.6473407789746017,1.7138989776355367,1.6161362808406496,1.3628062650929278,0.5337254978059351,0.3477270420022505,2.141785645887079,0
0.4932090788038099,-1.158516055968491,2.8867879618748513,-1.6014324776621007,1,0,0,1,0,0,-0.6343500496942954,0.3604423722348462,2.2480826608727726,-0.7010870851669603,1.7795250734043782,0.8190203255784121,2.9436779423093995,-0.377575107044208,1.559935214357894,3.719606047970039,4.534509795806668,2.596209289479063,-3.684988891120298,2.4479613770388498,-0.5502339802041131,1.6683845993744986,1.7110958060248436,2.276078405041377,1.687681907547998,1.8670974549658579,-1.6472816713593619,-0.03297863855750911,-0.4559180721922836,-3.3282544909468075,-3.6729372567335608,-1.8670974549658579,-1.687681907547999,2.8333965583800262,-0.25947596364157,0.9914787310063841,1.8165798100432309,2.6122062195828764,-0.18250970659880966,-0.6279498401920818,-1.2606630497196296,1.4420133285685155,-1.5808290728091832,-0.3311783002420958,-0.9162830323125138,-0.9830854665939747,-2.0392564484114977,-1.3653871733518879,0.6160407084282594,2.12914106165006,-1.198562864808365,1
1.495519310736081,0.928672987719922,-1.168717627632051,-0.8681093238500562,1,0,0,1,0,0,-0.24316300256618875,-0.2733621931748661,-0.19541498984647596,-0.2925604298091705,0.055249288075405835,0.015862245173864826,-0.07343579699885684,-0.5110046142042627,-0.014027116820380254,-0.9660036381464718,-0.9855177237099418,-0.622707814145571,0.774453275025838,-1.150956093227633,-0.32805819840029676,1.412945692165929,-2.0598607935587276,-1.7300869153549299,-1.2173253467419909,0.3580292690535297,-1.0479075036986536,0.37272836834919004,1.4390496952683243,-0.7375141086258771,-0.4078718312450251,-0.3580292690535297,1.2173253467419902,-1.1216603760228097,-0.40957446049198204,-0.3549674598070702,0.3953247556304958,-0.4942207832702994,-1.442709458855317,0.18764225758709038,0.954063719541543,-0.4803306735805153,-1.053465220782544,0.12408133374116129,-0.5878472415426337,0.1838789563899486,-0.1269445113490324,-1.4288335323854886,-0.28942660841731066,-0.15329565102369538,-0.76555472453303,1
0.2876069799459088,0.38754990231922204,-0.8790386569529866,1.478524768348486,1,0,0,1,0,0,-0.15483044353726144,-0.3169725990516812,-0.7966945164632545,1.8050445640605006,-1.577700841569757,-1.6387507267063273,-1.5010731046571042,1.4865980882894945,-0.3235041954541504,-2.0446407622235188,-1.803956027164111,-0.9782242572938574,1.777828246462504,-1.3003488555652143,1.0640722610199036,-0.6238127065625535,-1.2919970740360096,-1.639731006976516,-0.1602775458261487,-1.1752198963459366,0.7879854372589997,-0.9744382979041343,-0.18463053718676226,1.4810555782029495,0.7443530052319467,1.1752198963459366,0.160277545826148,-1.2887754577581405,0.641115017460903,-0.7461646638947628,-0.9225662948249498,-1.3134982345722352,-0.6235796198885869,0.9216751455883455,1.1201682272361313,-1.2244638357027204,0.8061862574166584,-0.8623145398892288,0.24236545179233895,0.10608132819102022,0.7022880985276131,-0.033013633646279864,0.2044646553166367,-0.32030321536567735,-0.023255055489598248,0
1.5469198354505571,2.2943645842074014,-0.8790386569529866,0.3052077222492148,1,0,0,1,0,0,-0.09173575851659908,-0.3373241217941949,-0.7071422465416066,0.5001895954601949,-1.0596924483908166,-0.6459829435782121,-0.24806449945252837,-0.5302320857342716,-0.8350057314507546,-0.8955501147797608,-0.45299941750225636,-1.3267775073989594,-0.31044987102774285,-0.1300808593373255,0.432678382075592,-1.680257256185305,-0.0467057588746463,-0.022972472998059056,-1.5250276175565338,-0.2970624528398517,0.21496446309435624,1.1612078827534988,-0.5470156913234112,1.1635177979962659,0.5664932801829505,0.2970624528398517,1.5250276175565338,0.15955525061472892,0.8662627627365218,1.237114184735866,0.03355074177998182,0.017827623793410803,2.6529397359783324,-0.5463906304141645,0.17890935030013266,1.6280466190990672,0.25106641317809053,1.1863538130354276,0.22411901897178985,-0.10137901367278856,0.36382580878204385,0.37938770007212164,0.2044646553166367,0.06938110143228039,0.34789477903211874,1
0.8787130141623758,1.6244026689493918,-1.168717627632051,-1.6014324776621007,1,0,0,1,0,0,-0.5207796166571032,0.02318856678747634,-0.11865590134220637,-0.32670075936456655,0.5426844784251843,0.2703148886873322,0.9694690623729237,-2.0032282692921823,0.043084685593409985,1.7404682118935946,2.184548657986694,1.2564310341707494,-1.6432998715253087,0.003440279139615988,-1.070333529594873,-0.4022846186272696,0.8542612786208672,0.9956000303919291,0.8763442106275502,0.8444745586353427,-1.3446328443424516,1.6772570333098296,-0.46315545409138537,-1.5041894079003302,-1.8680105939056761,-0.8444745586353427,-0.8763442106275509,0.27096530510494976,-0.7848207026180125,1.1006500437750428,0.6924962670077037,1.0419244379208312,1.5817699465603012,0.35076067714292497,-0.04256332662598434,1.2559800380379649,-1.192245181842186,2.020996475338066,0.853620951280726,0.45617065508619664,-0.21156008378542468,0.2207718024881207,1.1099319721622063,1.8507951210800897,0.34789477903211874,1
0.2105061928741954,-0.17934094905293926,-0.15484123025532542,0.3052077222492148,0,1,0,1,0,0,-0.81101516775215,5.497748184523661,0.25234635976176334,-0.4545823327839313,2.472222369707565,4.5794636986974755,-0.38154038659062817,-0.49878792878783745,1.1523747983636643,0.9393012343003502,1.9441890875218657,2.0795672170166317,-1.5116999135664777,-1.052486131452044,-1.1010946693942971,1.7608260505462232,0.7621873081660206,2.071491760142675,2.259805577323277,0.595033997706013,-0.5210905462039919,-0.4184503824036773,0.19412541323460306,-0.513163481145261,-0.5051325116914978,-0.595033997706013,-2.2598055773232777,-0.9823978079100336,-1.009968447893631,0.08171779126756346,0.9896677783849125,1.2979486414526862,-0.2140147004052217,-1.0357458890816678,-1.7589765728033937,0.6358690696027934,-0.5538573609678327,-0.482931511569848,-0.323273965644676,-0.17917664187171697,-0.36386811417093057,-0.5088613263982832,-0.20711139779498602,0.06938110143228039,-0.023255055489598248,1
0.8530127518051386,-0.05050211919562982,0.27967722576327125,0.3052077222492148,0,1,0,1,0,0,-0.44506599463230834,-0.1134573716265442,-0.8478672421327675,5.624132277037006,-2.271815312063907,-4.433705071098544,-0.2570021315940238,2.454532422633334,-1.4272521574620176,-0.13863014629017648,-1.3745244672806383,-1.090932128497713,0.8580461707071705,-0.38365304215662155,2.436434476277546,-0.2918668001587741,-0.10179508798173294,-0.3708767595665403,-0.8569681418843186,-0.6379707392984506,-0.025973879169952325,-0.9281562078645714,1.6578035258482218,0.08634211724213237,1.4248601557141034,0.6379707392984506,0.8569681418843179,-0.2582324537235989,2.5923954765162622,0.5365982611369737,0.29196075167320634,0.2397152668543526,0.3530751881102058,-0.05703537174666111,0.40038202722625016,0.6358690696027934,-0.026493508941193386,-0.8623145398892288,0.03253147435602734,0.8840576101803024,0.8715192434003977,-0.15990635171348128,-0.4540570296619595,-0.7656567202776299,0.7809029193074537,0
-0.14929748012713334,0.5163887321765315,1.7280720791585935,-0.4281154315628296,1,0,0,1,0,0,-0.4576849316364408,-0.08147640731687983,-0.7455217907937414,1.0122945387911353,-0.8038477716495906,-0.8449836928989379,1.3615615455316175,-0.008522626462527322,0.4013062508516654,0.6861313043815491,0.6524751463474315,0.32107598447915126,-0.20706707960833273,1.873728809473648,-0.1189040197788865,-0.2368885750482106,1.7010153998200914,1.1617494749404018,0.6286220997103051,-0.18555039652161812,-0.02107672419172223,-0.10741786449876495,-0.7866492612295755,0.7597786259329218,0.28597260024006405,0.18555039652161812,-0.6286220997103059,2.2206412586838127,0.19081952690966666,0.9823811216089964,0.6924962670077037,1.4174266031008858,0.7941451013999841,0.18764225758709038,-0.09793149585751397,1.2559800380379649,0.5008703430854462,0.5793409677244183,2.167364114360243,1.3119445652744073,1.5992131663533709,2.1241625734961316,0.6160407084282594,0.5704037944582268,2.018069034379841,1
0.4161082917320974,1.2636539453489257,1.1487141378004646,-1.6014324776621007,1,0,0,1,0,0,-0.1295925695289965,-0.32511320814868666,-0.8094876978806327,3.0722873051845228,-1.748531133660709,-2.6243634267127987,-0.0543709118015964,0.20071848435728618,0.04465172994762327,-0.444632447329512,-0.706102653990519,0.8058551701921532,1.2168840035656936,-0.776607542299225,-0.31857725358585687,0.3297500535280754,-0.9853682501792096,-0.6530272488605557,0.5174554829923397,0.5858842905209262,-0.7003730293829725,-0.5946361180236127,0.27032659214157634,-0.37640453839487276,0.28041402517481756,-0.5858842905209262,-0.5174554829923405,-0.5924626171942612,-0.03432821836595151,0.9277954652246664,0.9767472778902511,0.47867119015075044,0.4475901695294441,1.7372672433675176,1.5631135810883663,0.38782468222872474,-0.47058938433204756,-0.2553016945782196,1.1911799584608802,1.1693155802430386,0.9222885868622325,1.2041903675089267,0.12214944469431245,0.45906541823023866,1.646919199858125,0
0.18480593051695732,-1.4419614816545723,-0.15484123025532542,1.0385308760612593,1,0,0,1,0,0,-0.7100636717190902,0.9302850090252297,-0.15703544559434116,-0.315706415948422,1.110896751962668,0.9594388318406771,-0.34928975088341613,1.2629304571162911,-0.04933533352205898,0.5188880608813271,0.392204997531479,0.094271250592978,-0.8638773893204917,-0.44766257477085997,0.1597810963672551,0.5161875607840685,0.09244800970495662,0.5759651187701277,0.6912331826893887,-0.5569819125050662,0.03839673119486107,-1.573346492137501,0.5861617713175128,-0.6093144304767365,0.05243213055580167,0.5569819125050662,-0.6912331826893894,-0.06326485836571254,0.7912135143113154,1.8739468425530403,1.9199438140005203,1.8782701694582253,1.3297299961089997,0.5954383064766764,0.2896456887631914,2.1861464906907218,0.029018475482663446,-1.4693273852002382,0.014285041535478216,0.31354167005482897,0.04228663352375219,-0.0012904541294803558,0.8629863402952329,0.6260729825722207,0.16231986177126023,1
1.5469198354505571,-0.05050211919562982,-0.8790386569529866,-1.161438585374874,1,0,0,1,0,0,-0.09173575851659908,-0.3373241217941949,-0.6175899766199587,0.25426349273064724,-0.757192812850181,-0.4559260481595413,0.850503619876591,-1.1636357384227027,-0.614974705254735,0.8780448926166137,1.6173398973310273,-0.44257915702403855,-1.9946974828642283,-0.04711891346827811,0.296170115357535,-1.7286458124450734,0.14279422033507688,0.11767348509224725,-1.4375436385994584,0.8221130942085976,-1.2297266501443485,1.8938232892425304,-0.8964313076828724,-1.044589698645025,-1.9877358224052075,-0.8221130942085976,1.4375436385994576,0.29881781872750485,0.7912135143113154,1.4372615914784068,0.14983524623193267,0.20557870638343811,2.904979686429634,-0.6279498401920818,0.012804842605544792,1.752068812786101,-1.2755131584779709,1.0346006017076752,-1.290334905133765,-1.4758037785205207,-1.7007941586659285,-1.2702176348014877,0.4514102871836102,1.0157572993701793,-1.2604211705619852,0
0.2105061928741954,0.8771374557769975,-0.15484123025532542,-1.161438585374874,0,1,0,1,0,0,-0.81101516775215,5.497748184523661,-0.5408308881156891,0.025696879605538233,1.651329496102748,4.20829376176219,-0.7865855344652634,-0.1683932852385541,1.6944542531112743,-0.0981301124803793,0.7772493200404681,0.8826074074092298,-1.0382424757851623,-1.0078441438998813,-1.043863956536144,1.7563663884330136,0.4691048269128919,1.7980078182654702,1.7556215933338128,-0.5374328853480426,0.08674033976945479,-0.8145949276504347,-0.5513968915102122,0.597723767411849,0.7449424981224307,0.5374328853480426,-1.7556215933338135,-0.9266927806649233,-0.9349191994684248,0.1908891040362222,1.093031782342202,1.263812080981773,-0.15100471279239655,-1.0357458890816678,-1.648240234340335,0.6978801664463103,0.3898463742377325,-0.482931511569848,1.2367960405122524,0.7154960824159574,0.9392117013495113,1.8069307783281299,0.36909507656128593,0.1250502895462747,1.3376276710900281,1
0.3904080293748593,0.49062096620506923,1.4383931084795292,2.9451710759725747,1,0,0,1,0,0,-0.7731583567397526,1.8112152077368942,-0.6559695208720935,0.3613136786246856,0.7543756323989916,1.1137203116511274,-1.1739841472601054,-0.2931602404499441,-1.4494950901480752,-0.08281893124626394,-1.4257388290619382,-0.20779624574344796,1.266660834646705,0.9400564587534038,-0.9470547521453039,-0.23413294332720605,1.5234293898952576,0.6389617502519951,0.7610291440431215,-1.0381887348318013,2.5717468719469876,-0.5463670303028205,1.7462273182565171,1.6224895381915778,2.4773520900228725,1.0381887348318013,-0.7610291440431222,0.911573118423719,-0.8598699510432187,0.10901061945972781,-0.031051760693324323,0.5810808715634928,-0.2140147004052217,-0.13859458152457876,-0.4855086804782194,-0.10826409251941274,2.9433976577351446,-0.2553016945782196,0.9904691974348425,1.8565279626669051,2.580753806615521,0.09387908442092041,-1.277209135885205,-1.712032918215528,1.770635811365363,1
-0.04649643069818187,0.18140777454752677,0.27967722576327125,-0.13478617003801185,1,0,0,1,0,0,-0.8236341047562825,5.64893092489662,-0.7327286093763631,0.9283903390363485,1.504439193439837,3.6269432581286085,0.28789446931331947,-0.48292911213334966,1.0305265670786168,0.036171368211707876,0.5384583315642103,0.3105211023021233,-0.028999098513203574,-0.09888786393416973,-0.9824822178604388,1.8253878582530103,0.050419225001523925,1.3755261004070436,0.8285736227725414,-0.39825548305102343,-0.49913185619146117,-0.3213937558420344,0.4255744177694958,0.001129655568378253,0.6429113100659816,0.39825548305102343,-0.8285736227725421,-0.03541234474315745,-0.8598699510432187,0.2727675886127153,1.2093162867941527,1.178470679804488,-0.2140147004052217,-0.05703537174666111,-0.4301405112466897,1.0079356506638961,-0.24854144663662048,0.04820472807728505,1.2185496076917033,1.2860120225414318,1.209981533145967,1.1407440084753266,0.03983423407198747,-0.15329565102369538,1.5850608941045057,1
0.2105061928741954,0.38754990231922204,-0.15484123025532542,1.478524768348486,0,1,0,1,0,0,-0.81101516775215,5.497748184523661,-0.7966945164632545,1.8050445640605006,0.5918732820097946,2.833176224321219,-1.4681925718842206,-0.07100776480796048,1.1686378096448107,-0.9499012933704408,0.5982678609692481,0.4067134586229786,-0.7618533680139508,-1.0063495263699271,-0.9121603385763446,1.272010235498288,0.21457272845131942,1.4397006696965349,1.4159231644047408,-0.8495867060811616,1.036024921680892,-0.8163218174285873,-0.3193194209065095,1.4960220093203107,0.6278099689548092,0.8495867060811616,-1.4159231644047414,-0.9545452942874786,-0.8598699510432187,-0.04564874029587195,0.6149732640397371,0.683490552976235,0.006520256239666901,-0.709509049969999,-1.2606630497196296,0.2638024885416898,0.917210226264372,-0.7864379342253526,-0.0951935553878152,-0.24400799870415715,0.34690269429476517,-0.2550758902638815,-0.04248097655033679,-0.4316415915936655,-0.20882997275045564,1
0.44180855408933456,-0.3854830768246345,-0.4445202009343899,1.7718540298733036,1,0,0,1,0,0,-0.21792512855792381,-0.28789899513380446,-0.7711081536284979,1.7500728469797782,-1.2922481779456862,-1.5739077859164279,0.44606824151095814,1.0777779038386706,-2.0609784291733515,1.0422369784277783,-0.3372589931843337,0.7326879515429449,0.4829322242831603,0.4329375683534315,1.44413933427073,-1.8274419642032576,0.7162626260253445,-0.287490830457936,0.46109514795545875,0.5419904249708541,-0.18768263117496664,-0.03257691416313302,0.9810236196729571,-0.6977611592776017,0.15777436833185288,-0.5419904249708541,-0.4610951479554595,0.5216379277079463,1.5417059985633763,0.40923172957353837,-0.6512357844370638,-0.3576745413866426,1.2667200084961745,0.4323198869208419,0.2342775195316623,0.015758101167622184,0.029018475482663446,0.27583454506891375,0.9539763317937442,1.3767759221068474,0.9561348158367899,0.47455723862252236,-0.04248097655033679,0.23638866577426285,1.4613442825972665,0
0.31330724230314594,1.0575118175772313,-0.8790386569529866,-0.4281154315628296,1,0,0,1,0,0,4.122989200863647,-0.7612172669168373,-0.2849672597681238,-0.2520549540654803,-1.4378834236841795,-0.3906359146745391,0.8707253687629767,-0.3095914143190137,-1.2220385249477128,0.4375136821276568,0.17035866259867333,0.8210344169280628,-0.37279673181663026,0.23001100257350887,-0.6065034223195401,-0.15898054618673357,-0.03098166626922589,-0.1549775356052744,0.271474372857786,0.850548042800631,-0.980940537436059,-0.18265788221381474,1.5108074852442057,-0.6217736484569474,-0.37278000444696496,-0.8505480428006302,-0.2714743728577867,0.4659329004628361,-0.3345252120667762,0.9277954652246664,0.6924962670077037,0.6493539925053206,0.6681251261743327,0.18764225758709038,0.06817301183707392,0.7598912632898273,-0.8314172830871166,0.04820472807728505,0.7258959215368835,1.4675398216722642,1.0745966172477384,-0.826093121566285,0.12214944469431245,0.6260729825722207,0.7809029193074537,0
-0.4320003660567478,-0.07626988516709207,-0.8790386569529866,1.478524768348486,1,0,0,1,0,0,-0.34411449859924853,-0.18904874181302367,-0.08027635709007157,-0.34000970139463615,0.28315543901929413,0.11737498696219013,-0.21936067960557487,0.8643140734026117,-2.6007488611262626,-0.18094251425239924,-1.3275270223161995,-0.444163491070054,1.3150054198762586,0.32626983999773956,1.0645156833367646,-2.1844103188642534,0.6461113933203491,-0.5798388308540862,0.17827491249930566,-0.7825969144484197,0.6310313446280427,-0.11988974761033103,1.3601891120316818,0.885114660864313,1.159750384069858,0.7825969144484197,-0.17827491249930708,0.27096530510494976,0.9413120111617277,-0.09113678728281299,-1.1938968052128347,-0.9209277891567239,0.9516700704320475,0.758556726032511,0.7325910426154264,-0.4803306735805153,0.6674062963570164,-0.02767187758659086,0.2788583174334372,0.9618552383792308,1.3115202200696365,-0.667477223982284,-0.12479618717266176,-0.48731077970765985,0.5334696962929761,1
0.6988111776617119,1.4440283071491598,-0.8790386569529866,1.7718540298733036,1,0,0,1,0,0,-0.5460174906653681,0.043540089529990035,0.08603500133584588,-0.4250712004563856,0.757943539005908,0.3619893911833969,0.39390656280244224,0.9035936068503242,-1.7403044061114632,0.9194491658895287,0.7503021346145249,0.9469006858085941,-0.4411091052456199,-0.163286368537838,-0.20225328375146331,-0.8279973036527359,0.026319110573927357,0.18725825315666822,1.3201899707974567,-0.01788874008079301,-0.7108904798241261,-1.4428234825642696,1.5469969852816432,-1.216018925685763,-0.7926082844239841,0.01788874008079301,-1.3201899707974574,0.1317027369921738,0.19081952690966666,1.273504622325418,0.5762117625557528,0.5640125913280355,1.9598298722372534,1.6557080335896,1.009431888773073,1.069946747507413,-0.6371253376036178,-1.317574173872486,0.21499580256151593,1.0007540524786946,0.38074892326932136,-1.0481553781838862,0.7806711296729086,0.848749735028197,-0.2706882785040748,1
1.495519310736081,-0.7204640344536393,-0.4445202009343899,-1.161438585374874,0,1,0,1,0,0,-0.5081606796529707,0.011559125220325652,-0.6943490651242283,0.4915098506579756,-0.46758293208315554,-0.3709594360900179,0.20542663202555553,-0.11632071008291855,1.0374053732517885,0.5799852640123607,0.7255100995104123,1.5557552728824142,0.13687506720215714,-0.7153814324581185,0.7640211749276028,0.9677742042076082,-0.3180407089144397,-0.207922052198285,0.30418285154596364,1.820179789789002,-1.0004514307000663,0.9250334660090219,-0.44564815508073113,-1.0988863969224905,-1.146194077148575,-1.8201797897890013,-0.30418285154596436,-0.8152827261747027,0.340918023760079,-0.8644335860608106,-0.28946177058654887,-0.3918111018575571,-1.348194477436079,-0.05703537174666111,-0.2086678343205727,-0.6663639641110671,-1.0812212129944723,0.35171115073279,-1.1443634425693747,-1.164613265724808,-1.4469474413567518,-0.7626467625326843,-1.1948939252628807,-0.5429799678216537,-1.0129879475475077,0
-0.3034990542705592,1.4182605411776974,-0.8790386569529866,0.3052077222492148,1,0,0,0,1,0,1.1827768789007806,-0.6263157447378894,-0.5536240695330674,0.03148337614035112,-1.260130727364607,-0.5060116300110499,-1.3726107571186081,0.35480724674681097,-0.35975163643650626,-0.8521372974585739,-1.3433062833441562,-1.1759638451111452,1.0719918696691313,-0.9786753513217261,0.9612383908079074,-1.2553046218084791,-0.9037723446710978,-1.4401630547667281,-1.1598770966922176,-0.45352244570481864,0.9307677911632602,0.47596343734145435,-0.7696675450414344,0.25501732726021953,0.3403250400830804,0.45352244570481864,1.159877096692217,-0.8431352397972577,1.1664597564373458,0.6275743551108558,-0.173177266134598,-0.5112890635057554,0.8256500952063961,0.4323198869208419,1.2309045656991897,0.38782468222872474,1.055990187324014,0.6552175733882943,0.5525548097416701,0.04124997135858002,0.1438253204474232,1.2993599060593275,-0.04248097655033679,-0.26463402725168356,0.34789477903211874,0
0.4932090788038099,-1.3388904177687242,0.27967722576327125,-0.4281154315628296,0,1,0,1,0,0,-0.16744938054139394,-0.31290229450317847,0.5082099881093286,-0.5118686484785789,0.4511640309335898,0.15493917335082152,-0.3980978714395675,-0.38384775470658866,-0.09294505917028144,-0.568730595795084,-0.3824277349091994,-0.3091834156975815,0.2259277640957685,-0.2886648723634748,0.6467495838647999,-0.6557177060695357,-0.37386790085404886,-0.7818806004390573,-0.01001094667634824,-0.41176056791003435,0.2651342417822571,1.1747426250155562,-0.531874047861692,0.39759733282683274,-0.2661794404688749,0.41176056791003435,0.010010946676347532,-0.17467491285593337,0.7912135143113154,0.48201260475264507,0.046471242274642305,-0.10165033785478751,0.4475901695294441,0.758556726032511,0.8433273810784847,0.20179139169817292,0.11228645211844858,0.8828473903799233,-0.44187577897824326,-0.6329961396987983,-0.44848368660732285,-0.3819686083310823,0.2044646553166367,0.013711913318286572,-0.76555472453303,1
0.8530127518051386,1.109047349520155,0.27967722576327125,-0.13478617003801185,1,0,0,1,0,0,-0.016022136491804253,-0.3867492484545853,-0.438485436776663,-0.13111717648789098,-0.4575327039274195,-0.19610709230484086,-1.3527783337310408,-1.0127095008013423,0.3503134099876978,-0.6929180077724469,-0.3846849680957394,-0.2708688723905399,0.8813744206647517,-1.173565315247234,-0.3001948705013812,-0.20567987768441043,-0.229870014378262,-0.18088809152889995,0.19997699316119485,-0.567767582660665,0.7084585680321657,1.0892469404133391,-0.6855786084029315,0.7081523537926483,0.32350728447421545,0.567767582660665,-0.19997699316119558,-1.17736540326792,-0.4846237089171882,-0.7006766169078218,-0.6899972859210471,-0.7331767065666972,-0.34003467563087314,0.5138790966987595,0.4557501964577793,-0.6663639641110671,0.3898463742377325,0.6552175733882943,-0.7703115697481222,-0.9701191952274875,-0.6684841749419423,-0.15990635171348128,-0.37174181903963527,-0.6543183440496418,-0.76555472453303,1
1.4184185236643685,0.026801178718756015,-0.15484123025532542,0.3052077222492148,1,0,0,1,0,0,1.1953958159049132,-0.628060160972962,-0.3745195296897717,-0.18261699564772566,-0.9617325204031872,-0.34189191090833887,-0.4857185289292045,-1.4622762230714537,0.6092897108760856,0.0868182907734702,0.5956365979389286,0.9266193297469927,-0.1485246144995683,-0.883771478296442,-0.7237305053039679,0.5602670247040675,-0.36848053900857464,-0.19089494808143892,0.6912331826893887,0.5782415939310317,-0.2076506097760767,1.2820026741522323,-0.26990511821204316,-0.4826649046541677,-0.9607285113124014,-0.5782415939310325,-0.6912331826893894,-0.8988402670423681,-0.7848207026180125,-0.46413877257572894,-0.12149526415595328,-0.2552648599739003,-0.7180946013078251,0.2692014673650073,-0.04256332662598434,-0.790386157798101,-0.1375174777889068,1.33810702436318,0.29710475025398503,0.10608132819102022,-0.093098282374475,-0.15990635171348128,0.4514102871836102,0.848749735028197,0.47161139053935697,0
0.8016122270906633,0.23294330649045036,-0.15484123025532542,0.5985369837740325,1,0,0,1,0,0,0.3246891626197725,-0.4733885881298579,-0.38731271110714993,-0.16815075431069346,-0.610905328139151,-0.234118471388575,0.583624082206952,-0.18401896307083984,-0.2577182869026386,0.558045917783302,0.39361891387690434,0.5709230612755534,-0.04996721740136548,0.3200034590891151,-0.013528454725401472,-0.6672583176936187,-0.1807568223941607,-0.44361767644850586,-0.06904425348519984,0.8471482119907131,-0.4917998074580658,0.2390192929141459,-0.3182207273256165,-0.9331194037138117,-0.9448301837833987,-0.8471482119907131,0.06904425348519913,0.4102278732177254,0.11577027848446049,0.40923172957353837,-0.018131260198663828,-0.08458205761933026,0.6051151385615076,0.6769975162545934,0.7879592118469556,0.20179139169817292,-0.3595654154843339,0.4275877563966659,0.5799244589724931,0.31354167005482897,-0.093098282374475,0.4428340591057229,0.6160407084282594,1.2384340518261547,0.8427612250610729,1
-0.38059984134227254,1.0575118175772313,1.7280720791585935,-0.4281154315628296,1,0,0,1,0,0,-0.7479204827314877,1.7559753602929284,-0.2849672597681238,-0.2520549540654803,1.2135907852003005,1.5452612624252857,0.5369919858581821,-0.11440911435612591,-0.2938771152177359,-0.09134367594892466,0.30321228634773095,0.2521487787197178,-0.402467685679729,-0.18991672915807342,-0.3857131327775601,1.1139574001832853,-0.5620503270456396,0.3516290769835792,-0.8901438845537553,1.2267347275520042,-0.9364629862242967,-0.22936884912986302,1.521159618986352,-0.43392006997331567,-0.05089346773841037,-1.2267347275520042,0.8901438845537545,0.02029268250195297,-0.10937746679115769,0.9096002464298897,1.4160442947087326,1.0760609983917457,0.3845801819166189,-0.38327221085833024,0.012804842605544792,1.6900577159425842,-0.8314172830871166,-0.1035484832504671,0.37921369794645543,1.143383037510063,0.8715192434003977,-0.857816301083085,-0.37174181903963527,0.23638866577426285,0.7809029193074537,1
0.6988111776617119,-0.4370186087675581,-0.8790386569529866,-0.8681093238500562,1,0,0,1,0,0,-0.5460174906653681,0.043540089529990035,-0.3617263482723934,-0.1855102439151321,0.3363147505273443,0.1768516154108565,-0.350053380663584,-0.6864584002421802,0.8788355230484867,-0.41558839727736274,0.6497212533494288,1.3931304714057149,-0.29611087025118654,0.07391432419581803,-0.35935936572073657,-0.7316192983997224,0.31541774694863667,0.658325280309685,2.059732567803647,-0.14275387761029457,0.560612068887359,0.5821873736612668,-1.9366044389671402,0.874195951779241,-0.20194294647598,0.14275387761029457,-2.059732567803648,0.4102278732177254,0.04072103005925432,1.3462854975045246,0.6924962670077037,0.8029685146244333,2.211869822688555,1.8188264531454346,0.7879592118469556,1.13195784435093,0.3620903820258042,0.35171115073279,-0.4692454282090663,-1.333174793489152,-0.9731002357129547,0.6014499566897238,0.28677986593896093,0.23638866577426285,-0.6418381130257917,0
1.4184185236643685,-0.7204640344536393,0.27967722576327125,-1.161438585374874,0,1,0,1,0,0,-0.5333985536612357,0.029003287571051677,-0.6943490651242283,0.4915098506579756,-0.41489264600104153,-0.35754365523693526,1.2478993590319107,-0.22160663922307963,-0.592055069683472,0.6887045420203767,1.1099280037757882,1.5491204645490981,-0.5689686739538674,1.0413304453135224,0.6784370661166861,-1.06163995836371,0.30121353820557706,0.49091783322375776,0.6225629626478131,1.4953651847184546,-0.6947493246375254,0.983805426509985,-0.2574866597687013,-0.6317172164158101,-0.9636750499635979,-1.4953651847184546,-0.6225629626478137,1.3293608227620468,1.0163612595869336,0.9550882934168308,0.188596747715916,0.3079883877961804,2.0543448536564917,-0.13859458152457876,-0.4301405112466897,0.7598912632898273,-0.7759052986632599,0.5793409677244183,-0.7429419205172992,-0.7496925819971905,-0.9223308922511192,-0.7626467625326843,-0.8656330827735822,-0.26463402725168356,-0.5799798072721716,0
-0.14929748012713334,0.8513696898055362,-0.15484123025532542,0.3052077222492148,1,0,0,1,0,0,0.1858808555743153,-0.44198909589855107,-0.029103631420558513,-0.3822511260987702,-0.15616168834258673,-0.04450876866500705,0.6350388549875593,0.5888832203860133,-0.8092959172537697,-0.6000586771942761,-1.2570648803288045,-0.9379726828317884,0.4344507354141971,-0.22613655509219924,0.29652083427091935,-1.0687921083408143,-0.8439095053648296,-1.6758498170004208,-1.2121437398747563,-0.07709346503402185,-1.108989967782312,-0.5112126384588209,0.03230163549509355,-0.026165659230331297,-0.0018952582079466214,0.07709346503402185,1.2121437398747554,-0.3139374809687093,0.11577027848446049,-0.4277483349861756,-0.8838047933409655,-1.1257471519822078,-0.37153966943728567,0.10608304780917345,0.8433273810784847,-0.4803306735805153,-1.1367331974183288,-0.7105613285614767,-0.8706669502611417,-0.723760039264214,-0.685407289429221,-0.635754044465484,0.2044646553166367,0.18071947766026855,-0.7036964187794109,1
0.5703098658755232,0.49062096620506923,-0.4445202009343899,0.3052077222492148,1,0,0,1,0,0,-0.40720918361991093,-0.13671625476084556,-0.7583149722111197,1.1135582281503609,-0.963773691519117,-0.9657257205766815,0.669157390423058,0.3686035218048305,-0.2434954479830708,-0.17151920983859392,-0.6045197538520235,-0.9349827758907543,0.7211292270785822,0.9071217146989585,-0.01799587530816808,-0.718112632066302,0.05936335700515912,0.021231212823297853,-0.47959406901947754,-0.799549433147316,-0.024094311442176195,-0.5239477743800662,-0.3887675061697551,0.2905750756256244,0.8066334339475397,0.799549433147316,0.4795940690194761,1.07868820015905,0.19081952690966666,0.6548671833030202,0.14983524623193267,0.17144214591252482,1.140700033270523,0.2692014673650073,0.5664865349208381,1.1939689411944467,-0.16527347000083534,-0.6346847228976005,-0.5422311594912614,-0.6459624110652865,-0.4992530300691578,0.47455723862252236,-0.7833178721512579,-1.1553410370755877,-0.5181215015185524,1
-0.7147032519863632,0.4133176682906843,-1.168717627632051,-0.4281154315628296,1,0,0,1,0,0,-0.6722068607066928,0.4912735898652914,-0.6431763394547153,0.3121284580787761,0.1652920781742089,0.1366042728516086,-0.7551278031268054,0.1869957847433499,1.3041059937920956,-1.0164235654934326,-0.2882320339001366,-0.7203784333028926,-0.04365387710596756,-0.6275337468802539,1.0942446391738625,-0.1931971434258511,-0.6064343348939415,-0.959666956756759,-1.532862003731795,0.5377636082882545,0.4229992662185332,0.8395326751671965,-1.9769010786046932,0.7717927572021425,-0.562212238743768,-0.5377636082882545,1.5328620037317944,-0.7317251853070371,0.641115017460903,-0.8007503202790929,-0.7675202888890147,-0.9379960693921812,-0.844114576533476,-0.7910682597479163,-0.1532996650890431,-0.6663639641110671,0.6118943119331598,1.1104772073715516,0.7623887871779818,-0.47740088330094144,-0.1607907403235886,1.3628062650929278,0.28677986593896093,0.6260729825722207,0.7190446135538346,0
0.5703098658755232,1.4440283071491598,-0.4445202009343899,-0.13478617003801185,1,0,0,0,1,0,-0.40720918361991093,-0.13671625476084556,-0.2977604411855021,-0.24337520926326098,0.15842303681168668,0.08294114943927802,1.2014542968104138,-0.3096098768617934,-1.3548687573664082,0.8394543191081654,0.3811645210324397,-0.7791409431934199,-0.4467446008564327,1.0184877930157432,-0.3816029527301782,-0.3243791735637896,0.20365360761381374,0.1443632872657366,-0.30025191215747105,-0.7648691281260978,-0.6529904440495407,0.0426678115313395,1.5261811932685638,-0.9321091968505523,-0.3545898932613035,0.7648691281260978,0.3002519121574703,1.07868820015905,-0.25947596364157,0.35464607318920965,0.12399424524260985,0.20557870638343811,0.5421051509486824,0.02452383803125581,0.17890935030013266,0.8219023601333442,-0.49834537654397587,0.27583454506891375,0.7167727051266096,1.4675398216722642,0.9222885868622325,-0.5405845059150832,1.0276167615398821,0.6817421706862145,0.5334696962929761,1
-0.9717058755587404,0.5679242641194551,1.4383931084795292,-0.4281154315628296,1,0,0,1,0,0,-0.6974447347149578,0.8198053141372982,-0.42569225535928473,-0.13343177510181614,0.7315429218820794,0.733606520813786,1.3041882069039652,0.351525332146401,0.5578194154416052,1.6517143402769046,1.448306158594149,2.001263510299458,-0.9455624980562473,2.785903143744929,-0.13136690020709213,0.42995400627424474,2.3230933827252973,1.9231830534899614,2.3509574840332363,0.39783372969061137,0.9701361467734729,-0.614080027085361,-0.330495516270388,0.07218011784190634,-0.005255003839429583,-0.39783372969061137,-2.350957484033237,3.5018568853213514,0.340918023760079,1.510042466657512,1.5452492996553449,2.6292744998183335,0.6681251261743327,0.35076067714292497,-0.5962450189412776,1.6900577159425842,0.917210226264372,-0.5588081172337243,0.06902433999712428,-0.11434528503927678,-0.07617516788719629,0.28421816152172197,0.12214944469431245,0.3477270420022505,0.5334696962929761,1
0.6988111776617119,0.23294330649045036,-0.8790386569529866,0.5985369837740325,1,0,0,1,0,0,-0.5333985536612357,0.017373846003900996,-0.4001058925245282,-0.16815075431069346,0.2556084424433621,0.1433121632781499,0.47991214702152885,-0.5206700952316908,-0.37359873131128535,1.0619400079866264,1.1814653554412355,2.516519064420246,-0.15323569946066984,0.22760282423649283,-0.6315631121086027,-0.5502909075568111,0.3958880280591399,0.8442997725224467,2.486587128354681,0.966065021455771,-0.4399114625755771,0.08194998450418906,-0.04226731090766837,-1.0420566482814282,-0.7116684272278374,-0.966065021455771,-2.4865871283546825,0.577342954953057,-0.25947596364157,1.3371878881071357,0.795860270964994,0.9395147565080901,2.1488598350757298,1.9819448727012692,0.7325910426154264,1.0079356506638961,-0.3040534310604773,0.27583454506891375,0.5981708917930423,0.4821031978191731,0.008440404549195996,0.5380035976561225,0.36909507656128593,1.0157572993701793,1.0901944480755505,0
-0.04649643069818187,1.3667250092347738,-1.168717627632051,-0.4281154315628296,1,0,0,1,0,0,-0.6217311126901629,0.2790362812647914,0.21396681550962854,-0.44879583624911845,1.0403658845849582,0.5614373331992254,-0.01158028010341729,1.7709973411635864,-0.3585379117353564,-0.28326694223346033,-0.35167269682259983,-0.19669645819556414,0.32232495446889353,-1.2880613691721974,1.9286273304691552,-0.9239957543330967,-1.5897790257496132,-2.0950927584820667,-1.2010128806784743,0.9228794432816189,-1.2709130819336147,-0.4986929082651577,-0.43839328686054047,-1.1937223041583858,-1.5882585725611824,-0.9228794432816189,1.2010128806784734,-1.3444804850032512,0.9413120111617277,-1.492168634480596,-1.6461143225259778,-2.0303660044614293,-1.1276595207911904,-0.05703537174666111,0.6218547041523672,-1.4725082230767892,-1.2477571662660425,-0.6346847228976005,-0.6243401071837319,-0.7367263106307022,-1.1084851516111824,-0.7309235830158842,0.03983423407198747,0.5704037944582268,-1.0129879475475077,1
1.6240206225222695,1.2636539453489257,-1.6032360836506476,-0.8681093238500562,1,0,0,1,0,0,-0.10435469552073157,-0.33092792893226203,-0.6175899766199587,0.24847699619583435,-0.7459399378501645,-0.44653500156238346,-0.8352707318795878,1.5460457989025962,-0.14447324350240948,-0.9009024964125905,-1.200613825298674,-1.1690791245278278,0.3882798215169017,-1.3826138061556923,1.4697658419335564,-0.38565266671303183,-1.2472424149094046,-1.6215116139030246,-0.671183982935474,-0.9288123882264122,-0.22002713884659003,-0.6496172229614362,-0.19004397409510063,-0.01968307718354296,-0.022233715240464084,0.9288123882264122,0.6711839829354733,-1.2052179168904753,1.9920014891146134,1.2462117941332536,0.821701271954316,0.22264698661889537,0.5106001571422693,1.0847935651441794,1.6738499195514247,0.6978801664463103,0.16779843654230542,-0.17942508891434333,1.738572943077346,1.3508433793738719,1.2607508766078017,1.4262526241265279,2.0153992890077768,1.5724491805101195,1.4613442825972665,0
0.13340540580248203,-0.30817977891024867,1.0038746524609323,-0.8681093238500562,1,0,0,1,0,0,-0.3062576875868511,-0.20649290416374969,1.4549054129953203,-0.6466940177397191,0.9503293405782341,0.3409713345135674,0.6249442855706502,-0.25506600069485125,2.5006065401198443,0.8724995580449838,1.373726432097891,1.6242987131644224,-0.32747813987609536,-0.1381659335591571,0.3597390282783916,2.3602648984254206,0.3116809679495234,0.7124037019654227,0.7472536253548848,1.4742326682439868,-1.007054014769435,0.7104647520697818,-1.0465743113203205,-0.8696331014457027,-1.0903880844650677,-1.4742326682439868,-0.7472536253548856,-0.03541234474315745,0.491016520610491,0.43652455776570404,1.6615338041072958,1.7417239275745686,-1.537224440274555,0.6769975162545934,0.34501385799472056,0.7598912632898273,-0.859173275299045,0.9587239960437993,0.7167727051266096,0.015317428625603584,-0.33002188519637315,1.0138512904081252,-0.12479618717266176,0.7374113588002092,0.5953280020465953,1
0.8016122270906633,1.572867137006469,0.5693561964423357,-0.8681093238500562,1,0,0,1,0,0,-0.5586364276695006,0.0871504954068051,-0.16982862701171944,-0.3070266711462027,0.5797944631655974,0.30430153351514155,-0.21287798165079447,0.05482531819533751,1.0010534979831953,0.1226410395331857,-0.14307593912977565,0.5874239972473378,0.16644009259967316,-0.39676476145616724,0.3640342250973692,-0.24160047902922632,-0.024723868011794516,-0.48999325031373564,-0.7613439424253534,1.5562679231691818,-0.10043065920034608,0.28943202546725677,-1.611258848796722,-0.19019589656906452,-0.2923773113328017,-1.5562679231691825,0.7613439424253534,-0.09111737198826762,0.8662627627365218,1.4372615914784068,1.06719078135288,1.0077878774499178,0.7311351137871589,0.35076067714292497,0.8433273810784847,1.6280466190990672,0.19555442875423396,0.7310941790521709,1.2732889061533492,0.10608132819102022,0.025363519036474696,2.409671189147334,-0.28942660841731066,0.5704037944582268,1.5850608941045057,1
1.341317736592655,0.43908543426214564,-0.15484123025532542,1.478524768348486,1,0,0,1,0,0,-0.4198281206240434,-0.12799417358548257,-0.2849672597681238,-0.26015604921421837,0.19286792820551132,0.10261762802379923,-0.531750357958335,-0.46670580905346437,1.0778934201427373,-0.4045877572582846,0.3888501742363734,-0.4147153703030081,-0.928463883663375,-0.1630437289699069,0.1840186642479734,0.32118485909413313,-0.3794383885485186,-0.2817052034675533,-1.0255223183500044,0.45147824704345946,0.5765004440789312,0.8249142277281003,-1.150756606538573,0.17032734733371788,-0.7805545725369568,-0.45147824704345946,1.0255223183500037,-0.3417899945912644,-0.10937746679115769,-0.7916527108817039,-0.5220307794904515,-0.6307670251539549,-0.8126095827270634,-0.7910682597479163,-0.4301405112466897,-0.5423417704240322,0.6118943119331598,0.8828473903799233,0.269735101023162,-0.38663698373552574,-0.29617565622181696,0.3476645205553221,0.6160407084282594,0.9600881112561845,-0.1469716669968365,0
0.5703098658755232,-0.5400896726534062,-0.4445202009343899,1.478524768348486,1,0,0,1,0,0,-0.6595879237025604,0.4011454177198736,-0.5152445252809326,-0.011915347870745526,0.4210429899188468,0.3177173143682242,-1.5218219242105113,-1.6007895091778253,0.6752624328075137,-0.6952601737789276,-0.28654180113991273,0.9896944480510704,0.9355137163529192,-1.2522720726633727,-0.866663923526725,-0.6828971666207703,-0.5690120537789757,-0.9004072913757328,1.0418552473722593,0.3165258375355961,0.8648749309343491,1.3289289456495283,-1.6093521611754669,0.37502902809286814,-0.5065540948262426,-0.3165258375355961,-1.04185524737226,-1.2330704305130304,-0.9349191994684248,-0.5824076947417753,-0.8192022908676594,-0.972132629863095,-0.2770246880180474,1.3294711944779316,0.8433273810784847,-1.1624527388592034,1.1392581639597994,1.717490052682561,0.9722227646142934,-0.11434528503927678,0.04228663352375219,1.489698983160128,0.4514102871836102,0.6817421706862145,0.47161139053935697,0
-1.074506924987691,-0.7204640344536393,0.27967722576327125,-1.161438585374874,1,0,0,1,0,0,-0.48292280564470574,-0.01751447869755106,-0.630383158037337,0.25426349273064724,-0.3021483846076716,-0.20997006585302627,1.6227574789208654,0.04589969071841607,0.6878429439972316,0.9738629111952435,0.9609376052719644,0.8188082658645169,-0.6089843454758287,1.707413628154833,0.912965066362683,0.5900568327014903,0.9751901373352088,0.5159766844746908,-0.8822105547849753,1.9917225030918824,-0.5504561973252275,0.851589595712982,-0.347354135318258,-0.3486441176535429,-0.7455151440232074,-1.9917225030918833,0.8822105547849747,1.217950768271826,0.491016520610491,-0.8007503202790929,-0.40574627503850064,-0.01630893667750248,-1.2851844898232538,-1.4435419379712537,-1.3160312189511594,-0.728375060954584,-0.6093693453916895,0.5793409677244183,-0.48749186102961545,-0.5811310542328463,-0.6684841749419423,-0.5088613263982832,-1.1125787146405561,-0.32030321536567735,-0.1469716669968365,0
0.030604356373531493,-1.4419614816545723,0.27967722576327125,1.0385308760612593,1,0,0,1,0,0,-0.356733435603381,-0.18614138142123599,-0.20820817126385424,-0.29545367807657696,0.1823911475271863,0.0851771129147918,0.05509600953597184,1.8308592210626993,-0.6892266909852923,0.13181054767667832,-0.5849630169594663,-1.364683675465324,-0.46645917270536197,0.04237377381433661,0.9152730238868986,-0.2133353698292575,-0.5028881132616767,-1.0935679538314642,-0.9702511656336119,-0.8989824755158523,-0.03427296692501051,-1.5960113158281075,0.7278145031139517,-0.6767227909261353,-0.3071756900095105,0.8989824755158523,0.9702511656336112,0.1317027369921738,1.0163612595869336,0.391036510778763,0.21443774870523882,7.593435579547688e-4,-0.24551969421163483,0.10608304780917345,0.6772228733838963,0.3258135853852078,0.0012624832707351544,-1.4693273852002382,0.1785029369204177,0.533968283285125,0.2115177783965368,-0.3185222492974822,1.6038232358961542,1.1827648637121608,0.10046155601764112,1
1.4698190483788447,0.20717554051898904,1.7280720791585935,2.505177183685348,1,0,0,1,0,0,0.11016723354952047,-0.4297781822530428,-0.6047967952025805,0.21665126525436348,-0.8813816535575657,-0.4979621614992003,-1.9917239654399652,-2.1070554518145643,1.4196246611861443,-2.28395839433271,-1.978714680830084,-1.0405990648933234,1.7853809241737575,-0.5746747934139819,-1.6364889999651253,1.4394579418118594,-1.0440446378878265,-0.6058043283279533,-0.05671543019588151,-1.3630033399023458,2.1953323754886673,1.2526009779907752,-0.49415805882290786,2.050223650956107,1.980975978172575,1.3630033399023458,0.056715430195880795,-0.5646101035717058,-1.535313186870074,-0.10933200607758836,0.6408142650290589,0.15437386567706757,-1.0961545269847772,0.18764225758709038,0.2342775195316623,-0.5423417704240322,1.9719379303176512,1.1104772073715516,-0.11343998820836432,-0.3477381696360611,0.4484413812184362,0.8235122133073248,-1.1948939252628807,-1.712032918215528,0.40975308478573785,0
0.8016122270906633,-0.978141694168258,-0.15484123025532542,1.478524768348486,1,0,0,1,0,0,0.16064298156605036,-0.4414076238201935,-0.7199354279589849,0.8184469048749037,-1.3091280042800015,-0.97198641830812,-2.03176661976488,0.050145898051603334,-0.572101559667639,-1.5300346312758102,-1.5490263740564025,-1.9040741522395361,1.117866815099066,0.2813573249635996,-0.21186701088105184,-0.320717763999357,0.28462668799593865,-0.08235488021205191,-0.3305796915292576,-2.269065132993868,3.1063498674378405,-0.281070539310603,0.459791574665259,2.34920902885633,1.9334066398843361,2.269065132993868,0.3305796915292576,0.27096530510494976,-0.18442671521636386,0.05442496307539909,-0.12149526415595328,7.593435579547688e-4,0.038025250046078915,0.10608304780917345,0.2896456887631914,0.07776919801113909,3.72056543966914,0.12408133374116129,1.3280282046149967,1.4027084648398238,2.4622920052045725,0.5380035976561225,0.2044646553166367,-0.7099875321636356,1.5232025883508855,0
-0.1749977424843705,0.49062096620506923,0.27967722576327125,2.9451710759725747,1,0,0,1,0,0,0.21111872958258027,-0.45361853746570174,-0.6943490651242283,0.4133921474380016,-1.2316742388642365,-0.6683425783333498,-2.228861163607257,0.27756779016557737,-0.997589654377149,-1.6041101830564544,-2.2021679442108226,-1.4379707486985003,1.4610239181589444,-0.4588342449750258,-0.31261086907332764,0.19607379992353222,-0.46277019164896005,-0.5245197693708897,-1.0504933074560319,-0.9193541232206256,2.640823933192394,-0.6941372089766298,1.5607737366227834,1.7081743683642738,2.350834715472617,0.9193541232206256,1.0504933074560312,-0.5646101035717058,-0.4846237089171882,-0.6642861793182697,-0.4703487775118068,-0.6136987449184976,-0.7811045889206503,-0.6279498401920818,-0.2086678343205727,-0.29429738304996345,3.02666563437093,-0.4070549059059717,1.0087156302553917,1.7657640631014886,2.5299844631536863,0.09387908442092041,-1.1948939252628807,-1.6006945419875402,1.646919199858125,0
1.0586148506630406,1.109047349520155,-0.4445202009343899,-0.13478617003801185,1,0,0,1,0,0,-0.2810198135785862,-0.2559180308241401,-0.34893316685501513,-0.191296740449945,-0.07404049060598678,-0.04898069561603459,-1.1416472223768983,-0.8311383409166296,1.6816569721924215,-0.9415168991802015,-0.6531272030627794,-1.2655641394512114,0.5544310401355763,-0.8539446300370984,-0.37376030284432527,1.6552639612620679,-0.5201215273475548,-0.142294685470214,-1.1014209826064827,-0.6337026228571595,0.734236840879433,0.7663385900477184,-0.6355007688085857,0.7561849860571762,0.7101742865681628,0.6337026228571595,1.101420982606482,-0.7595776989295921,-0.25947596364157,0.32735324499704527,1.1705547853101694,0.8712416355662611,-1.033144539371952,-0.22015379130249568,0.34501385799472056,0.6978801664463103,0.44535835866158957,0.4275877563966659,-0.669956189235104,-0.8663890242955825,-0.5500223735309933,0.1890486229713212,-0.6186874509066087,-0.9326642846196119,-0.5181215015185524,1
-0.4063001036995106,2.2943645842074014,-0.8790386569529866,-1.8947617391869185,1,0,0,1,0,0,-0.40720918361991093,-0.16288249828693463,0.43145089960505906,-0.48814401268584606,0.7054058564615009,0.2519799881881193,1.282227008049757,0.19034596881074786,-1.460214425555394,1.2607988561873562,0.8057623132470667,0.14430246132642566,-0.8278940501976729,0.8610433766429397,0.021925933764470974,-1.5352000590608679,0.91607091666631,-0.07404398709471256,-0.23432195700141584,0.42920901042807535,-0.9226234709823833,-0.23929089669600348,0.45343403198016424,-0.7948976749927996,-1.1198200121132171,-0.42920901042807535,0.23432195700141514,0.6609004958207222,-0.10937746679115769,-0.38226028799923456,-1.077612300760884,-0.71610842633123994,0.41608517572303205,-0.13859458152457876,-0.04256332662598434,-0.4183195767369984,-0.9146852597229018,-0.3311783002420958,-0.350643614875499,-0.07544647093981212,-0.38079122865820925,-1.1116017372174867,0.5337254978059351,0.848749735028197,-0.6418381130257917,1
0.13340540580248203,-0.8493028643109486,1.0038746524609323,1.0385308760612593,1,0,0,1,0,0,-0.3062576875868511,-0.20649290416374969,-0.31055362260288033,-0.2167573252031217,0.00418961258048316,0.008707162052220753,-0.5529228895274468,-0.41323307828532363,2.4507087129811422,-0.21546265580605678,0.44790362902640096,0.14637044307354885,-0.006374188160078848,0.33037191429898294,0.010997416437572911,2.486221735372852,0.7003059838573727,1.2786037433132278,0.8518955842960956,-0.6452678416013011,1.0989564616374348,0.5781923387939658,-0.85178783613349,0.9854875733284697,0.6660110410730616,0.6452678416013011,-0.8518955842960962,0.1317027369921738,-0.18442671521636386,-0.5824076947417753,0.6924962670077037,0.9736513169790033,-1.94678935975792,-0.5463906304141645,-0.9284540343304539,-0.23228628620644656,1.4168180860790833,0.9587239960437993,1.0543317123067637,0.39133929825375646,0.7869036709640054,1.5848685217105287,-0.12479618717266176,-0.4316415915936655,1.0283361423219313,1
1.4441187860216065,0.7998341578626126,-0.15484123025532542,0.5985369837740325,1,0,0,1,0,0,-0.7479204827314877,1.8083078473451064,-0.579210432367824,0.08934834148847998,0.7425144618151502,1.3216649148739084,0.3178372267720375,-1.033495978983545,0.20103594964668484,0.399527094754915,0.8551663412805348,0.9542743307561612,-0.66249993245418215,0.04491115806669503,-1.1326947705345831,0.11158354671549787,0.5788629873669173,0.6962055140061685,0.454702424768406,0.850548042800631,-0.39708570087427175,0.2837969095912885,-0.16269217453834375,0.034255299679807366,-0.4320489472424565,-0.8505480428006302,-0.4547024247684067,-0.007559831120602114,-1.0850176963188372,-0.16391766246191838,-0.08273376267196997,0.15437386567706757,0.006520256239666901,-0.6279498401920818,-0.8730858650989243,0.015758101167622184,-0.16527347000083534,0.6552175733882943,1.0817013615375868,0.8192262533478623,0.7869036709640054,0.41111087958892223,0.12214944469431245,0.6260729825722207,1.275769365336409,1
1.2899172118781799,0.43908543426214564,-1.6032360836506476,1.478524768348486,1,0,0,1,0,0,-0.785777293743885,3.084639059339894,-0.2849672597681238,-0.26015604921421837,1.581973075347812,2.5733572684665185,-0.873635075820106,-0.7147629805424188,0.6636740401892322,-0.25520165299720393,0.572081810374437,-0.6580644666296148,-0.9308203121511539,-0.655766653609234,-0.6238222896117914,0.19987207997824175,-0.14521977062830785,0.28016692859477,-0.9197330604481181,0.01465860574169185,0.5595765259400391,0.35610314685132566,-0.7064124813624143,0.20076353026382748,-0.47020589604058627,-0.01465860574169185,0.9197330604481174,-0.45320004908148526,-0.3345252120667762,1.0005763404037717,0.9638267773955896,0.8541733553308051,0.9201650766256344,-0.22015379130249568,0.2342775195316623,1.5660355222555504,0.7229182807808735,0.5793409677244183,0.6711566230752374,0.1709126850234604,0.24536400737109418,0.506280418139323,0.8629863402952329,0.9600881112561845,0.2860364732784985,1
0.9044132765196139,-0.5400896726534062,0.5693561964423357,1.478524768348486,1,0,0,1,0,0,-0.20530619155379135,-0.2966210763091675,-0.5152445252809326,-0.011915347870745526,-0.41692123668950204,-0.21891391975508134,-1.2206625311080959,-1.5349577051724668,1.4630445722879115,-0.827967460633788,-0.03379394690832118,0.425622642846204,0.04078396268485519,-0.4938155826708508,-1.0401065216625272,0.34302896079989,-0.12566889510383147,-0.039331317357144416,0.5641420291796073,0.020989325180847843,1.2039462519732689,1.0648217413265963,-1.6553199185838527,0.9939194981124507,0.005534409892483666,-0.020989325180847843,-0.564142029179608,-0.5089050763265954,-1.009968447893631,-0.20940570944885942,-0.0052107597040024186,-0.05044549714841698,-0.40304466324369825,0.10608304780917345,-0.1532996650890431,-0.29429738304996345,1.2780381250194413,1.1863538130354276,0.42482977999782756,-0.5422322401333817,-0.14386762583630988,1.2041903675089267,-0.04248097655033679,-0.04195727479570725,0.038603250264021984,1
0.31330724230314594,0.49062096620506923,-0.8790386569529866,0.3052077222492148,1,0,0,1,0,0,-0.14221150653312897,-0.3169725990516812,-0.7455217907937414,0.9920418009192902,-1.2028531254538701,-1.010444990086957,-1.091157857060715,0.815448319373211,-0.17410292294954477,-1.3190611215478945,-2.2791009215907283,-0.7911258599146991,2.6116962160532173,-1.344509284388527,0.5417735601302669,-0.39002927508170243,-1.3961204541205332,-1.968850136047117,-0.5666803935267488,-0.5169746011139472,0.17386372687891558,-0.5764915502279406,-0.1539372790227414,0.39759733282683274,1.040743866969445,0.5169746011139472,0.566680393526748,-1.3444804850032512,0.11577027848446049,-0.973604898829468,-1.0000892977929163,-1.4159079159849774,-1.1591645145976028,0.5954383064766764,1.009431888773073,-1.4725082230767892,-0.026493508941193386,-0.7105613285614767,-0.6608329728248301,-0.6329961396987983,-0.44848368660732285,0.31594134103852145,-1.1948939252628807,-1.4893561657595522,-0.5181215015185524,0
0.8787130141623758,-0.3854830768246345,-1.168717627632051,1.7718540298733036,1,0,0,1,0,0,-0.5460174906653681,0.02318856678747634,-0.7966945164632545,2.0393976737204222,-1.0158679819448961,-1.5582560415878315,-0.3642820067732943,-0.3519165757949328,-1.059906376956816,-0.40306696976120604,-0.845374003488283,0.28969749371643927,0.9244378338048378,-0.1522936995592665,-0.7176851037174989,-0.728788920550234,0.23712798057742773,0.24924078106632,0.11588809585456382,0.28017642692511974,0.3543729278478363,-0.23594463751683437,0.7165649433563585,0.7796495188426735,1.342362719471766,-0.28017642692511974,-0.11588809585456454,0.10385022336961848,-0.40957446049198204,1.1006500437750428,0.49868875958778525,0.5810808715634928,1.6132749403667133,0.2692014673650073,0.2342775195316623,1.069946747507413,0.5841383197212315,0.04820472807728505,0.9083602497423721,1.1822818516095268,1.480751364942421,0.6966194952401235,-1.0302635040182315,-1.0440026608476,1.3994859768436472,0
-0.07219669305541997,2.3201323501788633,1.4383931084795292,0.3052077222492148,1,0,0,1,0,0,-0.07911682151246661,-0.3443017867344853,-0.7071422465416066,0.5522680642735108,-1.0707561904610863,-0.691596598478693,-0.0066658399006869675,-0.7572118447191558,1.4037986159507863,-0.40963472517631305,-0.0756363366051679,0.19270623517962054,0.2100270414697509,0.26439314597551394,-0.14770796517528115,1.4950431386161098,0.21280733657275988,0.2256819612600204,0.4977080171176754,-0.23079243079930178,0.2734475288557596,0.8913264234656093,-0.4166655626381918,0.7644061984155349,0.31866545169013966,0.2307924307993025,-0.49770801711767615,-0.007559831120602114,-0.40957446049198204,-0.8735311954581982,-0.05689276168264715,0.03489590402886805,-1.7892643907258567,0.02452383803125581,-0.2086678343205727,-0.9144083514851348,0.27882240539001907,0.8828473903799233,0.12376363845877164,-0.11434528503927678,0.19459466390925928,0.2207718024881207,0.12214944469431245,0.013711913318286572,0.038603250264021984,0
0.4161082917320974,0.026801178718756015,-0.4445202009343899,0.3052077222492148,1,0,0,1,0,0,-0.6343500496942954,0.36334973262663384,-0.3745195296897717,-0.18261699564772566,0.5581080779839983,0.4205716342418578,0.3046919987945368,-0.21703168023857808,-0.837074542843829,0.6638280454763757,0.1756585647069393,-0.6615605945359454,-0.363468492781599,0.6113682265016306,0.8423857657085043,-1.3873969029227664,0.8621109729262458,-0.3856535496172439,-0.974766068754056,0.06447137185505257,0.1871902870389129,1.1417663599088685,-0.24989114515943517,-0.04193437959918991,-0.6048803669951693,-0.06447137185505188,0.9747660687540554,0.6887530094432773,0.9413120111617277,0.381938901381374,-0.43158727602782254,-0.08458205761933026,0.6051151385615076,-0.46483142063624716,-0.04256332662598434,0.38782468222872474,0.27882240539001907,1.2622304186993043,0.42482977999782756,0.22277777048941236,0.19459466390925928,-0.0647368131630805,0.28677986593896093,0.3477270420022505,0.16231986177126023,1
1.4184185236643685,0.38754990231922204,0.27967722576327125,1.478524768348486,0,1,0,1,0,0,-0.4576849316364408,-0.049495443007215444,-0.7839013350458762,1.8571230328738166,-1.0707561904610863,-1.473289429518308,0.10485975286423675,1.3470548245540135,-0.5553309010419735,-0.5979274472325324,-0.042694453863378244,-0.02692137706592607,-0.2630946092176724,1.0959719683917588,0.889295401933451,-1.0027141877386616,0.4746215176699801,0.4237680714526645,0.7520553775833569,-0.7825969144484197,0.9492722384461172,-0.9579984098038964,-0.24847511187004342,1.2783879785473375,0.4692319230354731,0.7825969144484197,-0.7520553775833577,1.5243284181199328,1.391607501712964,1.3098950599149712,0.49868875958778525,0.683490552976235,2.0858498474629035,0.35076067714292497,0.012804842605544792,1.13195784435093,0.6674062963570164,-1.0140677512169813,-0.5604775923118106,-0.5940973255993336,-0.093098282374475,-0.635754044465484,-0.12479618717266176,-0.48731077970765985,-0.76555472453303,0
0.5189093411610479,0.20717554051898904,-0.4445202009343899,2.505177183685348,1,0,0,1,0,0,-0.7353015457273552,1.0145984603870721,-0.6047967952025805,0.21665126525436348,0.5918732820097946,0.6128644931360422,-1.4945685791356964,-0.2515139877212992,-0.34318765058755923,-1.0210605021163348,-1.4527651663844232,-0.9107899932167768,0.9335852658079086,-0.02335266343223472,-0.10058381653701526,-0.8606297468295637,0.7045239371385654,0.32795112373713525,0.07500831336893375,-1.3166012534636966,2.0549002849758824,0.2444481820537457,-0.39570088153978855,2.077980741125674,2.2088463086979337,1.3166012534636966,-0.07500831336893446,0.49378541408539117,0.5660657690356972,2.1195822962825224,1.2222367872888142,1.5027680042781708,2.27487981030138,0.35076067714292497,0.34501385799472056,2.0621242970036877,1.9719379303176512,0.27583454506891375,0.14201007127932075,-0.08841274230630035,0.7361343275021692,1.1407440084753266,-1.0302635040182315,-1.545025353873546,0.7809029193074537,1
1.4441187860216065,0.1298722426046032,-0.15484123025532542,1.0385308760612593,1,0,0,1,0,0,-0.7479204827314877,1.8083078473451064,-0.3233468040202586,-0.20286973351957077,1.168174353873405,1.5474972259007995,-0.09969838777222148,-0.824166982867265,-1.6133066135492515,-0.13493224066734663,-0.4495021169430125,-0.3521113005393403,-0.08199856014760122,0.07741710767798764,-1.234440684044934,0.247194208981655,0.49573205430042455,0.6880142539499521,0.3871222082195544,-0.8641809106868654,0.21598729693901486,-0.10544052952925645,2.453850527521238,0.6738441711924075,1.2560867746992468,0.8641809106868654,-0.3871222082195551,0.04814519612450831,-1.1600669447440433,-0.06384395909064733,0.07231224326396513,0.2738518273252659,0.006520256239666901,-0.5463906304141645,-0.762349526635866,0.139780294854656,0.05677446769459199,-0.2553016945782196,-0.48749186102961545,0.7673611678819103,1.0238272737859035,-1.8412348661038906,-0.37174181903963527,-0.7656567202776299,-0.1469716669968365,0
1.2899172118781799,0.9029052217484598,-1.6032360836506476,0.5985369837740325,1,0,0,1,0,0,-0.785777293743885,3.084639059339894,-0.2210013526812325,-0.2925604298091705,1.651329496102748,2.5984000593922727,-0.22078916475015165,0.36304046768989895,0.02735438551789091,-0.3463382472294335,-0.05936058859417631,-1.3766959648040582,-0.2058976163367012,-0.7834050765258465,-0.6463786598947168,0.5822624944399967,-0.37147538696309473,0.09546700146958267,-0.9197330604481181,-0.965469047129439,-0.47575641369489435,-1.145812387100195,0.5477232923510033,0.09953199329200794,0.1703766182054568,0.965469047129439,0.9197330604481174,-0.6203151308168162,-0.40957446049198204,0.7913313242638433,1.002588278879574,0.785900234388976,0.3845801819166189,-0.22015379130249568,0.2342775195316623,1.2559800380379649,-0.47058938433204756,-1.0899443568808573,-0.0951935553878152,0.19684522775643593,0.22844089288381547,-0.4771381468814831,0.28677986593896093,-0.15329565102369538,-0.20882997275045564,0
0.4161082917320974,0.38754990231922204,-0.4445202009343899,1.478524768348486,1,0,0,1,0,0,-0.6343500496942954,0.36334973262663384,-0.7839013350458762,1.8571230328738166,-0.6569574689866768,-1.1557826159953521,-0.3947978813455814,1.2483062394951998,-0.7017132110941818,-0.36619306228111986,-0.7402918306084074,-1.4232758512783072,0.18841320467769998,0.5351692009839791,0.6999615683095461,-1.1350210171288069,1.0037469035363924,-0.2329553600677456,-1.2379708116036303,-0.7133741297612556,1.0837108243738887,-1.0121333559762862,-0.18132119410737096,1.490001449844062,0.7349800682732283,0.7133741297612556,1.2379708116036297,0.605195468575612,0.7912135143113154,0.35464607318920965,-0.3153027715758717,0.08610074473523979,0.3845801819166189,-0.7910682597479163,-0.319404172783631,0.38782468222872474,0.5841383197212315,-1.1658209625447336,-1.0805009276974533,-0.996051737960463,-0.4315605721200442,-0.9529858396334858,-0.8656330827735822,-1.211010225189582,-1.198562864808365,1
0.13340540580248203,-0.05050211919562982,1.0038746524609323,0.3052077222492148,1,0,0,1,0,0,-0.3062576875868511,-0.20649290416374969,-0.8350740607153893,5.624132277037006,-2.0154395524722046,-4.5052559023149845,0.3544954108871459,0.6908376976110782,0.3658019399330494,0.46216369412280917,0.10895115405213185,0.7946764802333622,0.09940873671370648,0.4405097787447176,-0.16128425399986382,2.2597053719421063,0.8691556877887672,1.6347237553891465,1.116988546947158,-0.023971702672748577,-0.05278231766035872,-1.1097674455857847,1.7707224673205104,0.23748656744739557,1.4543477377201253,0.023971702672748577,-1.1169885469471588,0.29881781872750485,-0.25947596364157,-0.3458698504096825,0.821701271954316,1.178470679804488,-1.442709458855317,-0.6279498401920818,-1.0945585420250417,0.015758101167622184,-0.22078545442469194,-1.1658209625447336,-0.669956189235104,0.2616765845888761,0.34690269429476517,-0.826093121566285,-1.0302635040182315,-1.1553410370755877,0.22417816752487937,0
0.4932090788038099,0.9029052217484598,0.27967722576327125,0.5985369837740325,1,0,0,1,0,0,-0.7226826087232228,0.9942469376445585,-0.2210013526812325,-0.2925604298091705,1.1175126584797501,0.9907423204978699,0.7884116238481871,0.6066586754191556,-0.39906467731489087,0.648619997080963,0.8884277149210913,-0.947543532435363,-1.4571118442739586,0.6284263431827968,-0.4436599334455709,-0.09018348710209717,0.7513982006963902,1.1781470278052266,-0.08286747959746427,-1.2101494081044426,-0.46838935744128646,-1.2771068526799985,0.4549090753600165,-0.1311701771315307,-0.00476827606260009,1.2101494081044426,0.08286747959746356,0.1317027369921738,-0.7848207026180125,-1.364802102917162,-1.1938968052128347,-0.8867912286858101,-0.43454965705011084,-1.85133798686084,-2.0358174189610403,-1.1624527388592034,-0.49834537654397587,-1.2416975682086098,-0.2776578835933038,-0.010615114107371936,-0.0592520533999176,-0.5088613263982832,0.4514102871836102,-0.09762646290970158,-0.5799798072721716,1
-0.38059984134227254,0.4133176682906843,1.7280720791585935,-0.4281154315628296,1,0,0,1,0,0,-0.7731583567397526,2.0467113994716954,-0.6559695208720935,0.36420692689209205,0.7543756323989916,1.2925973896922294,-0.14878038469335178,-0.7782213379768284,0.9961474440194643,-0.14042323610984553,1.0936243097614569,1.078071807713298,-0.4371946549103372,0.5523007944716779,-0.26700723356830386,0.6844030612207425,1.0787575232887983,1.587205207488952,0.3871222082195544,1.0864182721050466,0.758735192906579,0.8006512241331312,-0.6740078541642835,1.2593802266635414,0.1278317966904629,-1.0864182721050466,-0.3871222082195551,0.8280155775560533,0.04072103005925432,1.0005763404037717,1.248077788278137,1.7075873671036554,0.7626401075935709,-0.5463906304141645,-0.762349526635866,1.5040244254120325,0.8061862574166584,0.8828473903799233,0.32447439948480933,-0.08841274230630035,0.4145951522438788,0.062155904904119784,-0.8656330827735822,-0.48731077970765985,0.47161139053935697,1
-0.38059984134227254,-0.05050211919562982,1.7280720791585935,0.3052077222492148,1,0,0,1,0,0,-0.7731583567397526,2.0467113994716954,-0.8350740607153893,5.624132277037006,-0.6144732347460667,-2.7723842087918102,0.5091229494014372,0.20704186261626426,-0.41247370511968395,0.7651135983855117,0.32726628513678163,0.7357578248530624,-0.1054493256053904,0.4357446011270537,-0.9322094987425559,0.9343069803429236,1.0001027132549367,1.6076544383649065,0.9277639406103714,0.08334093927970501,-0.272556983345312,-1.2180384656176138,1.5027537838724734,-0.04193437959918991,1.1440994556567705,-0.08334093927970501,-0.927763940610372,0.5216379277079463,-0.7848207026180125,0.4001341201761507,0.8475422729436388,1.263812080981773,0.16404522527173035,-0.46483142063624716,-0.8730858650989243,0.8219023601333442,-0.38732140769626244,-1.2416975682086098,-0.5787240251323598,0.22277777048941236,0.19459466390925928,-0.6040308649486834,-0.8656330827735822,-0.9326642846196119,0.22417816752487937,0
0.46750881644657266,-0.3339475448817109,0.27967722576327125,-0.4281154315628296,1,0,0,0,1,0,0.48873534367349464,-0.49955483165594694,-0.09306953850744984,-0.3388524020876736,-0.37968226651564924,-0.12232029761288635,-0.45787005195017677,1.2436783467699284,0.25985696394117597,-0.7948256798351468,-1.1580437279860678,-1.6508113047671917,-0.18658495451196835,-1.0027008317040254,0.8102845703238784,0.38863490438267706,-1.0808028212615,-1.4187863405814745,-1.140505012373107,-1.1203707433436239,-0.36520740354553993,-0.8952622664124106,0.035307424129881776,0.0020526390909833218,0.12034484546724936,1.1203707433436239,1.1405050123731062,-0.9545452942874786,0.7161642658861095,-0.07294156848803632,0.13691474573727128,-0.3064697006802721,-0.9386295579527137,0.18764225758709038,0.8986955503100138,0.07776919801113909,-0.44283339212011924,-0.9381911455531051,-0.4601222117987924,-0.37367071236903754,-0.3469449996836519,-0.2550758902638815,1.2745623934068555,0.7374113588002092,-0.5799798072721716,1
-1.3829100732745436,2.088222456435707,-0.8790386569529866,3.2385003374973924,1,0,0,1,0,0,0.36254597363216995,-0.4780403647567182,0.23955317834438508,-0.4505317852095623,-0.0768180354755507,-0.01946597773925279,-3.294189573383342,-0.34862914645664267,-1.1959501450117747,-2.5534549302508425,-2.8702160866901614,-0.6345612381953634,2.720877879485339,-1.3249090852228917,0.14630353968206836,-0.5980439961398534,-1.4185893737628346,-1.4329003711966337,-0.383489096019544,-0.4851260289008703,3.256817244227818,0.6250681188659636,1.0339273718206854,2.0429039358401213,2.3324731632533213,0.4851260289008703,0.38348909601954334,-1.17736540326792,0.41596727218528484,0.8277217618533966,0.3565632541465125,-0.2552648599739003,0.7626401075935709,1.4110304042558486,1.839954427246013,0.5738579727592754,3.7483214318810676,1.0346006017076752,1.1181942271786838,1.5583037212376798,2.479215119691851,0.4428340591057229,-1.5241547677521787,-1.823371294443516,1.3994859768436472,0
0.15910566815972013,-1.0039094601397194,0.27967722576327125,-0.13478617003801185,1,0,0,1,0,0,-0.24316300256618875,-0.28208427435022915,0.9559713377175679,-0.58419985516374,0.7165435529092373,0.23453947307911185,0.4670922251578774,-0.6597546910524148,1.1544490985999416,0.3699231027883634,0.7180296582011347,1.0425619698146542,-0.20391667095155205,-0.10479193155667417,-0.45917192397463336,1.0237719122741105,-0.7576021676963051,-0.337584835773732,0.7755411756117203,0.6527578856825103,-0.7542099726532614,0.44554566502481424,-0.5493785524112099,-1.2509675873488872,-1.2630596084330552,-0.6527578856825103,-0.775541175611721,0.24311279148239442,-0.03432821836595151,1.4736520290679587,1.881182312516537,1.4003583228654286,0.25856020669096863,2.063504082479186,1.7292180887829538,1.3800022317249987,-0.5538573609678327,0.8069707847160468,1.0269620630759395,0.5469345546516133,-0.025405824425361403,0.886958572340925,1.1922471827845313,1.795125932966095,0.9664778365683122,1
-0.1749977424843705,1.0059762856343069,-0.4445202009343899,-1.161438585374874,1,0,0,1,0,0,0.45087853266109723,-0.491995694637299,0.11162136417060241,-0.4297003976842359,-0.20499110026345854,-0.04629753944541806,-0.06434952213711712,-0.7963706038045605,-1.5694661730466324,-0.563311937963315,-1.1350335012244923,-0.5931480370475232,0.9550178082792192,-1.1601324307939591,-0.7784294537032064,-0.6018111536124224,-2.053275792399881,-2.0822664002581535,-0.751408960663383,-0.06374491962016399,-1.0697110784531425,0.3132301078820894,1.540750665048695,-1.2749950416434863,-0.5573287186298916,0.06374491962016399,0.7514089606633823,-0.9823978079100336,-0.4846237089171882,1.0551619967881019,0.5374502610717695,-0.3747428216220998,0.7311351137871589,1.9819448727012692,2.83658147341354,1.0079356506638961,-0.9146852597229018,0.5793409677244183,0.7897584364088047,1.5453374498711925,0.8207498999385615,-0.4136917878478824,1.1099319721622063,1.1827648637121608,0.5953280020465953,1
1.3670179989498932,1.4440283071491598,-0.4445202009343899,-0.4281154315628296,1,0,0,1,0,0,0.21111872958258027,-0.45012970499555655,0.3035190854312764,-0.46731262516051963,0.04927396271331453,0.014967859783659318,0.5609011837812073,-0.6525656279173178,-0.0873249915785067,1.5296041555685318,1.2669695397590004,0.8749538044433756,-0.6139052781365518,-1.0884235237756523,-0.49797882099696533,-0.44871336335084283,-0.9845444162408947,-1.4880304088600882,-0.5047088517425482,1.6938967283783968,-1.8674867103499304,0.39680255272596754,-0.33153746752344815,-3.04265392215452,-3.0998945253757095,-1.6938967283783959,0.5047088517425475,-1.0659553487776992,-0.5596729573423944,-0.3549674598070702,-0.5220307794904515,-0.8526546682148961,-0.5605696322757617,0.6769975162545934,1.0648000580046022,-0.6663639641110671,-1.7473650260807534,0.35171115073279,-0.040454256926167845,-0.2051091846046925,-1.3623318689203594,-0.5723076854318833,0.6983559190505837,2.073471873536065,-0.332546584257695,1
-0.7918040390580765,0.20717554051898904,-0.15484123025532542,-0.13478617003801185,1,0,0,1,0,0,0.22373766658671274,-0.45187412123062914,-0.7327286093763631,0.9602160699778194,-1.4122662940942772,-1.0895980971201447,0.25945678824524376,-0.38674304747840305,-0.6125340969635582,0.3133937042724447,-0.429568940221211,-0.23531007737834456,0.26312577051942937,-0.3950730192033145,-0.9438497543433326,-0.38046768364229056,0.20706749973933994,-0.22887604442014767,0.0915777400728132,-0.41176056791003435,-0.7555332857180871,-0.414710994309547,0.4550213006659336,-0.218050087815267,0.33500775057202137,0.41176056791003435,-0.09157774007281391,-0.28608496734615396,-0.7848207026180125,0.4547197765604794,0.17567624722125458,0.2567835470898098,0.29006520049738066,0.10608304780917345,0.06817301183707392,0.38782468222872474,-0.5538573609678327,-0.1035484832504671,1.0360852794862145,1.143383037510063,0.9730579303240674,0.8235122133073248,0.2044646553166367,0.013711913318286572,1.0901944480755505,0
0.5189093411610479,0.4648532002336079,-1.6032360836506476,0.3052077222492148,1,0,0,1,0,0,0.021834674520593164,-0.40593782704038395,0.48262362527457214,-0.4945091588741402,0.2746902758178278,0.06997256128129814,-0.36440326663670614,-0.22916024978875765,-0.27903381394263377,-0.18125538671388866,-0.29109958524653345,0.07791285483592311,0.7904648876495026,-1.5696776603701321,0.2298018502639386,0.38541647914418775,-1.6738734744930692,-1.7465342417823213,-0.8350596325743129,0.9344658179137063,-1.0616918104767274,0.5447400834520507,0.7687549634640388,-1.4149199502822982,-1.3267070340898253,-0.9344658179137063,0.8350596325743123,-1.4558905394934718,0.340918023760079,0.3728412919839863,0.5245297605771081,-0.22112829950298704,-0.5290646384693491,1.247911984700014,2.0060589349406004,0.38782468222872474,-0.9979532363586869,0.5034643620605421,-0.0039613912850709025,0.39133929825375646,-0.2284831982727022,-0.8895394805998851,0.12214944469431245,0.6817421706862145,-0.023255055489598248,0
0.4932090788038099,-0.07626988516709207,0.27967722576327125,-0.13478617003801185,0,1,0,1,0,0,-0.21792512855792381,-0.29138782760394966,0.815246342126407,-0.5616325186779697,0.6360346564122726,0.20994387484846033,0.20253102282621913,0.7330472074733642,-0.540319756053791,0.5833087731467822,0.10937469788147261,-0.2693020985718642,-0.0750104462724495,-0.432117081376665,0.7909738469880363,-0.3310202093491057,-0.6424084520671618,-1.2513424093586119,0.17516607449815386,-0.5410235229891278,-0.7133906136228979,-0.213750061328471,0.4059918204159499,-1.4250137449641511,-1.3638847726784955,0.5410235229891278,-0.17516607449815458,-0.3139374809687093,0.9413120111617277,0.5002078235474204,0.24027874969456073,-0.03337721691295973,-0.11949971898598452,1.5741488238116832,1.6184817503198954,0.20179139169817292,-0.5816133531797613,-0.02767187758659086,0.5799244589724931,0.7154960824159574,0.04228663352375219,-0.2550758902638815,1.7684536571408034,1.5724491805101195,-0.023255055489598248,0
-0.4063001036995106,-0.17934094905293926,-0.8790386569529866,-0.4281154315628296,1,0,0,1,0,0,-0.356733435603381,-0.18904874181302367,0.44424408102243734,-0.4869867133788835,0.6386741032422059,0.2309619315182898,1.388224343439886,0.3484754233652083,-0.3089674280897625,2.053942161806105,1.4978599354970077,0.5755499696326581,-1.2531987638325088,0.9079163814598192,-0.0801265247961873,-1.4555409762288964,0.9742729122901514,0.005731040191364349,0.0915777400728132,0.6941558255444445,-1.0231803919783373,-0.5585624483314209,-1.0403094846045988,-1.8086710089798579,-1.941696029991293,-0.6941558255444438,-0.09157774007281391,0.6330479821981672,-0.25947596364157,-0.5733100853443877,-1.1809763047181743,-0.801449827508525,0.2270552128845555,0.10608304780917345,0.06817301183707392,-0.6043528672675491,-0.9424412519348303,-0.482931511569848,0.16025650409986858,-0.41256952646850126,-1.057715808149347,0.37938770007212164,1.439192814651505,2.12914106165006,0.10046155601764112,0
0.2105061928741954,0.4648532002336079,-0.15484123025532542,0.3052077222492148,1,0,0,1,0,0,-0.7100636717190902,0.9622659733348942,0.48262362527457214,-0.4945091588741402,1.5365566440209162,1.1222169728580798,0.2706268744210074,-0.3871881261833011,-0.2000039040759946,1.0455163592825458,1.3361286617812864,0.4903818884972549,-1.1606305382860935,-0.655406895584195,-0.5535257243987409,0.5456756920865543,0.04776646700230009,0.5951799733128942,-0.11207882534413707,0.7799808228191798,-1.0311881043148097,-0.0230820651764788,0.8217634828261913,-1.3650607392819296,-1.1559552969481357,-0.7799808228191798,0.11207882534413637,-0.6481676444393714,-0.5596729573423944,-0.16391766246191838,0.13691474573727128,0.15437386567706757,-0.08799472517957138,-0.8726274695258333,-0.9284540343304539,0.139780294854656,-0.9424412519348303,0.04820472807728505,0.22411901897178985,0.6247321828505417,-0.008482709938082702,-0.667477223982284,0.2044646553166367,0.6817421706862145,0.22417816752487937,1
-0.07219669305541997,-0.17934094905293926,-0.15484123025532542,-0.4281154315628296,1,0,0,1,0,0,0.816827705780939,-0.567005592745421,0.44424408102243734,-0.4869867133788835,-0.17601705548109406,-0.059713320298500704,0.1437071992282854,-0.09265297554996073,1.4968449242294846,0.05128052253554885,0.5451238103809875,0.65147878739758,-0.6709390281665427,-0.7273558357177324,-0.48937790059392405,0.8150524082953897,-0.9598701898689713,-0.6261897116611798,0.6359402782403267,0.2578215393996755,-0.9265937396248002,-0.3630789211197564,-1.2271880890412379,-1.0210675269152392,-1.3200400269590875,-0.2578215393996755,-0.6359402782403275,-0.7038726716844818,-0.4846237089171882,-0.10023439668020068,0.33072225315718967,-0.08458205761933026,-0.655084613695,0.6769975162545934,0.40038202722625016,-0.4183195767369984,-0.8314172830871166,-0.2553016945782196,0.3062279666642602,-0.39960325510201306,-0.7530997473783346,0.728342674756924,1.3568776040291806,1.6837875567381073,0.22417816752487937,0
0.8530127518051386,0.7998341578626126,0.27967722576327125,0.5985369837740325,1,0,0,1,0,0,-0.016022136491804253,-0.36349036532028395,-0.579210432367824,0.08934834148847998,-0.7244411227389171,-0.34859980133488017,-0.5030680189009032,-0.7225980832433885,0.3829360944900323,0.23246682103881405,0.6240696544734485,1.4964579031727645,0.3471792254992903,-1.157808977551138,-0.528704193850062,0.5022664775494469,0.2753995660250144,0.44027414424987543,0.8164553486475558,1.231239624279511,-0.4573407620069472,0.46214429145919483,-0.01875709806022206,-0.04096618230630179,-0.38147910577786304,-1.231239624279511,-0.8164553486475564,-1.17736540326792,-0.7097714541928067,-0.8280431484712572,-0.4703487775118068,-0.34060626115118536,-0.8126095827270634,0.2692014673650073,-0.09793149585751397,-0.6043528672675491,-0.24854144663662048,0.8069707847160468,0.9813459810245673,0.8192262533478623,0.7530574419894479,0.31594134103852145,-0.28942660841731066,0.3477270420022505,1.275769365336409,0
0.8016122270906633,-0.17934094905293926,0.5693561964423357,-0.4281154315628296,1,0,0,1,0,0,-0.5586364276695006,0.0871504954068051,0.44424408102243734,-0.4869867133788835,0.9984513406935749,0.44337846169209827,0.29552995488209494,0.5900958192166633,0.706552847530589,0.30739775122227553,0.4490059417079618,-0.5896670190298575,-0.8321749739184194,-0.4149308500833707,0.18859234327876254,-0.10217690421581928,-0.16687858649783913,-0.3721405681078215,-1.1676986894219978,0.3538738583276802,-0.8255356126825361,-0.6209973613935629,-1.0685593470686405,-0.5807484800125895,-0.9470525481925215,-0.3538738583276802,1.1676986894219978,-0.3417899945912644,0.26586877533487285,0.2727675886127153,0.17567624722125458,0.10316902497069583,0.038025250046078915,-0.46483142063624716,0.06817301183707392,0.5118468759157585,-0.7203933142394032,-0.482931511569848,0.39746013076700454,-0.24400799870415715,-0.44848368660732285,0.728342674756924,0.8629863402952329,1.1827648637121608,0.40975308478573785,0
0.2105061928741954,-0.17934094905293926,-0.15484123025532542,-0.4281154315628296,1,0,0,1,0,0,-0.7100636717190902,0.9622659733348942,0.44424408102243734,-0.4869867133788835,1.5174748106464453,1.116403467821744,0.18714486952970977,0.2345706995103964,1.2093994280486178,0.8703494563373746,1.9113208669157582,0.8463559520152896,-1.6723747288214303,-0.6071411933864976,-0.39768360634929634,0.6420538865336072,0.6208279024539443,1.4211777347017105,0.5873904109192033,0.5717619163874247,-0.8668778233976209,-0.7203463533269955,-1.008087296737624,-0.5601836444431219,-1.097307287639233,-0.5717619163874247,-0.587390410919204,-0.7874302125521474,-0.7097714541928067,-1.21924035255895,-0.7545997883943533,-0.4942207832702994,-0.6235796198885869,-1.2804235184154193,-1.592872065108806,-0.9144083514851348,-0.7481493064513315,-0.5588081172337243,0.48869229486974886,-0.1402778277722523,-0.3469449996836519,0.5697267771729232,0.7806711296729086,1.2384340518261547,0.5334696962929761,1
0.23620645523143258,-0.10203765113855341,-0.8790386569529866,0.5985369837740325,1,0,0,1,0,0,0.2363566035908452,-0.45245559330898666,-0.0035172685858019803,-0.397874666742765,-0.16794271158910065,-0.040484034409082256,-1.83287109223911,0.7697928793708461,0.22335291157760462,-1.2464089661851352,-0.4995451904752687,1.1159809705262391,0.8523795567990342,-1.1878267120082824,-0.11485590778372215,0.037418108726536004,-0.861338182109025,-0.34478643714693313,0.3186972389638403,1.20598490020106,1.3617894158844492,-1.1716250123740082,-0.2677293218118949,0.8297299046356722,0.31281636468633023,-1.20598490020106,-0.3186972389638417,-1.0938078624002545,-0.03432821836595151,0.2454747604205509,0.22735824919990022,-0.135786898325702,0.4475901695294441,0.6769975162545934,0.5664865349208381,0.015758101167622184,1.4445740782910115,-1.0140677512169813,0.4521994292286506,0.2357440418559006,0.5669031826293847,0.2524949820049213,-0.7010026615289333,-0.2089648391376897,0.8427612250610729,0
-0.35489957898503444,0.026801178718756015,0.5693561964423357,0.3052077222492148,1,0,0,1,0,0,-0.5081606796529707,-0.02565508779455654,-0.4001058925245282,-0.16236425777588057,0.20291815636124805,0.10574797688951851,-0.2276993620358405,0.029261235783812116,-0.1359076457797295,0.8166885300918584,1.0282221672102847,0.24746382041199977,-0.651461934801983,-0.027514759722255096,1.1469783407633947,-0.40056164078070844,0.9318554517825585,0.7192183680427161,0.2430696413654208,0.0964376253461319,0.2891290820099299,1.1088557584125078,-0.2167355142532636,-0.17928160122361605,-0.6345624236490892,-0.0964376253461319,-0.24306964136542153,-0.17467491285593337,0.7912135143113154,-0.5733100853443877,-0.6770767854263857,-0.3064697006802721,-0.05648973137315825,-0.5463906304141645,-0.7069813574043363,-0.17027518936292965,0.3065783976019474,1.1104772073715516,0.16937972051014377,0.028283699992091807,-0.0423289389126401,-0.1916295312302808,0.12214944469431245,0.18071947766026855,-0.08511336124321738,1
-1.0488066626304537,-0.9266061622253344,0.27967722576327125,1.0385308760612593,1,0,0,1,0,0,-0.48292280564470574,-0.03786600144006476,0.8920054306306766,-0.5784133586289271,1.0338969691975384,0.41788847807124124,-0.4382643046476292,1.4787807844819574,0.6439798655722527,0.01826493812919469,0.04828596039177099,-0.7792220739649198,-0.39195922285321494,1.5908886353435585,1.2757659180821244,0.3543346836955463,1.1327195508887564,0.3326033679909991,-1.0618771407249543,-0.009609152108405178,2.1990143637148813,-0.751638744640561,-0.5242698644830722,1.0985105638254768,0.2619483394896497,0.009609152108405178,1.0618771407249536,1.1900982546492709,0.8662627627365218,-0.646090960523493,-0.37990527404917784,0.06903246449978255,-1.2536794960168407,-1.2804235184154193,-1.0391903727935126,-0.4803306735805153,1.7961499796421043,-0.8117301361133116,-0.45708113966203445,-0.6416403206097898,-0.20591904562299765,-0.3819686083310823,-0.48149543320273464,-0.5429799678216537,-0.45626319576493324,1
-0.5348014154856993,-0.17934094905293926,1.4383931084795292,0.3052077222492148,1,0,0,1,0,0,-0.5207796166571032,-0.014607118305763387,0.16279408984011548,-0.4354868942190488,0.7543756323989916,0.32531959018497103,1.1108626573517726,1.270858406086332,-1.3032230671684883,1.061897930188119,0.13926443034357344,0.4042866495658672,-0.07209302631945894,1.2834084116427802,1.3794509670796329,-1.503494582385632,1.1781530971151573,-0.06359073995782957,0.1359000988749071,0.41661470759684033,-0.2623150034695817,-0.3623893491231258,0.2706825322177237,-0.26631915214874136,-0.24313456069207506,-0.41661470759684033,-0.1359000988749078,1.4129183636297125,1.5417059985633763,0.5365982611369737,-0.37990527404917784,0.08610074473523979,0.9516700704320475,0.02452383803125581,-0.04256332662598434,0.139780294854656,-0.3040534310604773,-0.4070549059059717,-0.23204180154193166,-0.06248019957332482,-0.1607907403235886,-0.44541496736468245,-0.12479618717266176,0.06938110143228039,0.16231986177126023,1
-0.25209852955608386,-1.1069805240255675,0.5693561964423357,0.3052077222492148,1,0,0,1,0,0,2.8610955004503995,-0.7309807188422456,-0.016310450003180245,-0.38514437436617666,-0.9924738409824769,-0.2645275746555623,-0.6355890057933589,1.659680174643956,-0.3930350100985541,-0.3143799634454718,-0.07093029727179564,2.8306776757029217,1.0441286806734664,-0.6949387498505089,0.30787689433989346,-0.5732864825915928,-0.8223751506528081,-1.1247438232369293,-0.7099870034754222,4.56486320263511,0.18942737387045164,-1.9695388112792145,-0.038805601911431856,-0.39074607354170776,-1.0058805694357247,-4.56486320263511,0.7099870034754215,-0.7317251853070371,0.11577027848446049,-0.45504116317834126,-0.6641562849317252,-0.9209277891567239,-0.30852968182446,0.10608304780917345,0.5111183656893089,-0.23228628620644656,-0.6093693453916895,-2.0763402305112475,-2.859528127700967,-2.435307859640635,-2.377718738157067,-2.4439752769230942,-2.676567716464722,-1.6563637301015341,-2.3120123683735136,0
1.2899172118781799,-1.41619371568311,-1.6032360836506476,-0.13478617003801185,1,0,0,1,0,0,-0.7983962307480176,3.136971546392072,0.38027817393554597,-0.48004291753710804,2.276936388200003,2.7835378351648132,-0.9167162076815738,-2.0879998059371605,1.645056651796719,-0.7067839014260505,-0.20266790770200463,-0.9465828059395447,0.019518405145576838,-0.9320921001456998,-0.6701956682233186,0.7411326793642927,-0.396482410203563,-0.02260723440484485,-1.1820904200447964,-0.11864316273067908,0.3433807581686238,2.1944579532663204,-1.5040806845321828,0.5616742819195917,0.24140664161374242,0.11864316273067908,1.1820904200447957,-0.8431352397972577,-0.5596729573423944,0.2727675886127153,0.6278937645343975,0.4274663494443799,-0.2140147004052217,-0.30171300108041293,0.2896456887631914,0.6978801664463103,0.3343343898138759,2.096873081001942,0.0872707728176734,-0.7107937678977266,-0.4654068010946016,1.2993599060593275,0.12214944469431245,0.06938110143228039,0.2860364732784985,1
0.8787130141623758,1.4697960731206219,0.27967722576327125,-0.13478617003801185,0,1,0,0,1,0,-0.43244705762817587,-0.11927209241011955,-0.3361399854376369,-0.20286973351957077,0.15184490912083332,0.06505344163516784,0.22361804509718203,2.03060995830742,-1.8158214964618158,1.1555342680683875,0.28870745341002385,-0.2252789135068712,-0.10236856074716656,-0.012694322257114869,2.2412258101644182,-0.21461818202650193,0.6329505423983446,0.3918016044172361,-0.1227108960387,-0.18555039652161812,-0.32363035240108007,-0.5418650780426701,2.2666182408054585,-0.9334293242471543,0.007184179559745137,0.18555039652161812,0.1227108960386993,0.1317027369921738,2.4422969796658496,0.6093791363160792,0.3953247556304958,0.6493539925053206,0.5421051509486824,-0.13859458152457876,-0.09793149585751397,0.9459245538203791,-0.10976148557697851,-0.2553016945782196,0.9722227646142934,2.1417859327296416,1.5145975939169787,-0.6992004034990842,0.2044646553166367,0.1250502895462747,1.0901944480755505,1
-0.35489957898503444,-0.10203765113855341,0.5693561964423357,0.5985369837740325,1,0,0,1,0,0,-0.5081606796529707,-0.02565508779455654,-0.0035172685858019803,-0.397874666742765,0.6118226013311757,0.2877554037963396,-0.9347473524115866,1.693243848941631,-0.01954862935431574,0.06770004278196991,-0.0064431004481709546,0.9933167591466542,0.27224434812895243,0.1336059926789804,1.0139765696206537,-0.23529634878806255,1.0553858551842448,0.47224881164839894,0.7547787594442794,0.6061852033378367,1.4332864814552526,-1.308250853478555,-0.2097265074283208,0.9550441578563755,0.46943539494140646,-0.6061852033378367,-0.7547787594442801,0.0759977097470634,0.8662627627365218,-0.1548200530645294,-0.25070026910256554,0.17144214591252482,-0.2140147004052217,0.18764225758709038,-0.1532996650890431,0.07776919801113909,1.4723300705029398,-1.1658209625447336,0.3518440487156324,0.1838789563899486,0.5669031826293847,0.1890486229713212,-0.5363722402842841,-0.32030321536567735,0.5334696962929761,1
-0.04649643069818187,0.23294330649045036,2.452269505856255,2.505177183685348,0,1,0,1,0,0,0.3751649106363024,-0.483273613461936,-0.6047967952025805,0.21665126525436348,-1.043884003946766,-0.5391038894486537,-1.04602539310777,1.4751988000910023,0.31060715573612274,-1.0925880524088432,-1.35995072742875,-0.7695290016399958,1.2442889603761338,0.6932901248520755,2.1166021705331977,0.2698387987339111,0.30161809552776186,0.11927412015106469,0.3422533759207262,-1.388988508307989,2.1472510961615354,0.09560894066694611,-0.1534484177195557,1.7750953113583228,1.88445051406016,1.388988508307989,-0.3422533759207269,0.7026792662545551,2.067050737539819,0.18406589698818077,0.2984210019205366,0.4146651392677867,-0.24551969421163483,0.4934892942542799,0.3588559003026031,0.37232190801784526,2.3882778134965768,0.35171115073279,0.7806352199985308,0.5728670973845897,1.3115202200696365,1.2993599060593275,-0.5363722402842841,-1.0996718489615938,1.2139110595827887,1
-0.5348014154856993,-1.1069805240255675,1.4383931084795292,0.3052077222492148,1,0,0,1,0,0,-0.5207796166571032,-0.014607118305763387,-0.016310450003180245,-0.38514437436617666,0.6277416097333219,0.28641382571103136,1.0453138894501321,1.4578936661084705,-1.215584574635738,0.49099768881048605,0.2976628206343093,1.815096461471881,0.1453195339823239,1.0717826080419972,1.3134223805169958,-1.6003771755325107,0.9375386662031397,-0.3153796909844784,0.02218903885575044,2.4535682696765635,-0.38262185551553923,-0.685247101756306,0.05352011422762632,0.26634109166133807,-0.6948831297187517,-2.453568269676564,-0.02218903885575115,1.1343932274041606,1.391607501712964,0.36374368258659734,-0.5607922809744348,-0.18699173903207253,0.8256500952063961,0.02452383803125581,0.012804842605544792,0.015758101167622184,-1.0257092285706153,-1.4440351833122795,-3.300483587530898,-2.7810750960803166,-2.5469498830298516,-2.866951003813763,-2.127799645649225,-1.6563637301015341,-3.1367897784217718,1
-0.9203053508442651,-0.35971531085317227,2.452269505856255,0.5985369837740325,1,0,0,1,0,0,-0.6469689866984278,0.3807938949773599,-0.5280377066983108,-0.02290969128689001,0.35078296276608695,0.3105622312465801,0.28539533385437116,1.5757763001645395,-0.6548769984621695,-0.3080121721150327,-1.075703500269072,-0.2650456540420997,1.107476489645132,0.771121643723402,2.8741806880291314,-0.7971085555024846,0.7470304073773009,-0.40639035064054047,0.19997699316119485,-0.5598254073642694,0.37364650154201673,0.716488693543711,0.0942215699831433,1.1568471376033986,1.0017061540297567,0.5598254073642694,-0.19997699316119558,0.7166055230658329,2.667444724941468,0.00893691608845806,-0.40574627503850064,-0.10165033785478751,-0.18250970659880966,0.5138790966987595,0.4557501964577793,-0.29429738304996345,0.22331042096616224,0.5034643620605421,-0.3871364805165972,-0.2829068128036209,0.17767154942198057,-0.2550758902638815,-0.5363722402842841,-0.8213259083916238,0.038603250264021984,0
-0.5348014154856993,-0.978141694168258,1.4383931084795292,1.478524768348486,1,0,0,1,0,0,-0.5207796166571032,-0.014607118305763387,-0.7199354279589849,0.8444861392815616,-0.551732720508216,-0.6638706513823223,-1.6336689554581392,1.2647583676081766,-1.5253574753779173,-1.1789733129097002,-1.8626858533805433,-1.7312818218638817,1.16235833135174,1.032300727249725,1.2954051085315514,-1.5826284723714206,1.0129402017464229,-0.3128982653007446,0.0915777400728132,-2.4520876039624104,3.303119173915765,-0.4382121509583037,0.494825781994278,2.5971310493691897,2.116098580871176,2.4520876039624104,-0.09157774007281391,1.050835686536495,1.3165582532877582,0.2454747604205509,-0.6383152839424023,-0.23819657973844427,0.6681251261743327,0.10608304780917345,0.06817301183707392,0.015758101167622184,3.8038334163049243,-0.1035484832504671,1.127317443588959,1.2471132084419672,2.4115226617427363,0.3476645205553221,-0.12479618717266176,-1.0440026608476,1.3994859768436472,1
-0.35489957898503444,1.289421711320388,0.5693561964423357,-1.6014324776621007,1,0,0,1,0,0,-0.5081606796529707,-0.02565508779455654,-0.822280879298011,3.1243657739978388,-1.4328391295953078,-2.4343065312941277,0.9512823297305708,0.8766534130635526,-0.7081661949077876,1.160192605059236,0.7399799175853241,0.5741439982155646,-0.7151388376262577,0.3435723166747117,0.4317297283533774,0.05547035671466725,1.1315884252565604,1.0214533727598754,0.2430696413654208,0.5419904249708541,-0.9794878256375836,-0.7707369570613999,1.0238292711043415,-0.4452816479816368,0.035240274641503117,-0.5419904249708541,-0.24306964136542153,0.27096530510494976,0.340918023760079,-0.1457224436671417,-0.09565426316663046,0.3591932285025509,-0.024984737566746233,-0.5463906304141645,-0.7069813574043363,0.38782468222872474,-0.9146852597229018,-0.7105613285614767,0.05077790717657645,0.5728670973845897,0.34690269429476517,-0.5088613263982832,-0.04248097655033679,0.23638866577426285,0.2860364732784985,0
-0.5348014154856993,-1.0554449920826439,1.4383931084795292,0.3052077222492148,1,0,0,1,0,0,-0.5207796166571032,-0.014607118305763387,-0.5024513438635544,-0.03506133400999707,0.0633017084535547,0.015862245173864826,-0.537630527890146,-0.32931370633511,-1.3394750101321842,-0.17281024692358926,-0.5200852028600939,0.8063798616674921,0.7252662409253816,0.9962686964003455,0.6958143171587795,-1.5727271311635984,1.1353407170172014,-0.13705549995167068,0.4977080171176754,0.6061852033378352,1.7430482791766388,1.149044904909894,0.25066811793606886,1.359239915152898,0.5423282153784822,-0.6061852033378352,-0.49770801711767615,0.8558680911786088,0.5660657690356972,-0.18211288125669506,-0.9484072958142716,-0.5112890635057554,0.41608517572303205,0.02452383803125581,-0.2086678343205727,-0.29429738304996345,1.2780381250194413,0.7310941790521709,-0.7155722712864762,-0.4903671546674297,0.04228663352375219,-1.175048096251087,-1.277209135885205,-1.211010225189582,-0.5181215015185524,0
1.2899172118781799,-1.0554449920826439,-1.6032360836506476,0.3052077222492148,1,0,0,1,0,0,-0.7983962307480176,3.136971546392072,-0.5024513438635544,-0.03506133400999707,1.4590227621129346,2.439646652630795,-1.9311621919923394,-1.2763885647293,0.5349914929898685,-1.3621631838898927,-0.20832966362756372,-0.09489876739656943,0.6280098449983317,-1.280796295535963,-0.8573395002601719,0.8760686123545155,-0.7465857208793805,0.04761170405727232,-0.663442976312604,0.5285640660967139,1.4055714703283069,0.8930194712645938,0.14901317444313872,1.0998929611496833,0.31732232800778554,-0.5285640660967139,0.6634429763126033,-1.2609229441355856,-0.9349191994684248,-0.6187981323313287,-0.10857476366129187,-0.3918111018575571,-0.5920746260821743,-0.46483142063624716,-0.2086678343205727,-0.29429738304996345,1.055990187324014,0.5793409677244183,-0.5696008087220858,-0.41256952646850126,0.025363519036474696,-1.016432198667086,-1.1125787146405561,-1.0440026608476,-0.3944048900113141,0
0.4161082917320974,-1.6481036094262664,-0.15484123025532542,-0.13478617003801185,1,0,0,1,0,0,0.04707254852885811,-0.4239634614694675,1.0455236076392158,-0.6027166440751413,0.4859962025676421,0.13973462171732787,0.17880655836307074,1.2544216952381484,-0.9831507091780566,-0.5787884191714452,-0.28201460688176566,-1.4946868213275688,-0.0702229960424942,-0.1548055379253777,0.6821016319022087,-1.1702718879353182,-0.34426725361838484,-0.580690332095068,-1.3361733137761789,-0.7133741297612541,-0.40331474151511276,-1.0384187031287329,0.16798956840575877,0.4405362984296371,-0.2002982862047893,0.7133741297612541,1.3361733137761782,-0.3139374809687093,0.340918023760079,-0.7006766169078218,-1.1422148032341901,-1.1940202729240363,0.16404522527173035,-0.8726274695258333,-0.3747723420151606,-0.728375060954584,-0.5399793648618685,-1.1278826597127956,-0.7839963943635344,-0.5876141899160899,-0.38925278590184803,-1.175048096251087,-0.20711139779498602,-0.5429799678216537,-1.2294920176851751,0
0.9044132765196139,1.2636539453489257,0.5693561964423357,0.5985369837740325,1,0,0,1,0,0,-0.29363875058271866,-0.21812234573090036,0.08603500133584588,-0.42738579907031077,0.3460556379079089,0.16254144916756835,-0.12508426971346812,-1.580862954783531,0.42213981540538337,0.5204234291368572,0.8748461306694982,2.4058525236791737,0.16871574682478882,-0.46891390469176336,-1.4607562812403858,0.7055473311433109,-0.18440345258552235,0.09925934159509861,1.4316772944420317,1.861375788480875,-0.2946005265986914,0.706430442194461,0.13192775564711606,-0.885909784828139,-1.0404353884993345,-1.8613757884808744,-1.4316772944420324,-0.48105256270404034,-1.3852146900196616,-0.18211288125669506,0.2015172482105774,0.12023730520615308,-0.5290646384693491,0.5954383064766764,-0.04256332662598434,-0.5423417704240322,-0.05424950115312168,1.1104772073715516,1.0908245779478607,1.0007540524786946,0.5330569536548284,0.2207718024881207,-0.37174181903963527,0.6817421706862145,1.3376276710900281,0
1.572620097807795,-0.8235350983394863,-0.8790386569529866,1.0385308760612593,1,0,0,1,0,0,-0.16744938054139394,-0.31115787826810587,-0.34893316685501513,-0.19418998871735144,-0.19654737023874264,-0.0892280381752825,-0.7406276757982218,-0.21331765999528407,-0.7258670872773858,-1.1460554991628398,-0.9636562512224507,-1.3505058538051946,0.8501155956664032,-0.14984505209544757,0.23335668883733232,-1.7975600254192434,-0.43356682623583065,-0.7061857180703813,-1.5860629517126332,-0.26889098598050765,0.8801374015906763,0.526556791018563,-0.814089844518798,1.1183295988913775,0.5633474167853624,0.26889098598050765,1.5860629517126332,0.1317027369921738,0.641115017460903,1.2098213565437015,-0.05689276168264715,-0.22112829950298704,2.27487981030138,-0.05703537174666111,0.8986955503100138,1.4420133285685155,1.0282341951120857,0.7310941790521709,0.6164173246135901,0.06718251409155555,0.5161338391675497,0.9821281108913258,-0.5363722402842841,-0.7099875321636356,0.6571863078002155,0
-0.2006980048416086,0.928672987719922,-0.4445202009343899,-0.8681093238500562,0,1,0,1,0,0,1.3846798709669002,-0.645504323323688,0.4954168066919504,-0.4950878085276215,-0.34507605245039985,-0.11382363640593401,0.08809405451231515,0.38581046685041376,0.2726484328832891,0.48749419355611656,1.0153285882573495,0.47972904139432365,-0.9543519643764592,-0.6492613043674743,-0.4886253922301767,0.6640964041669982,-0.8162800927065603,-0.27925478124284275,0.5274811195133241,0.13114384342216406,-0.7712311725578149,-1.0190311650572792,0.29463329944674255,-1.4679825719192285,-1.5926148327825815,-0.13114384342216406,-0.5274811195133248,-0.5367575899491508,-0.3345252120667762,0.46381738595786837,0.7570987694810098,0.3591932285025509,0.06953024385249205,0.6769975162545934,0.4557501964577793,0.139780294854656,-0.8869292675109735,-1.1658209625447336,-1.0531312784666302,-0.7626588533636787,-1.2269469530221315,-1.3653871733518879,0.6983559190505837,0.848749735028197,-1.136704559054746,1
-0.07219669305541997,0.49062096620506923,1.4383931084795292,0.3052077222492148,1,0,0,1,0,0,-0.11697363252486404,-0.32976498477554694,-0.7583149722111197,1.0961987385459222,-1.3038994052467858,-1.1007779144977135,0.04255076552461809,0.021447546070672965,0.8238996016608127,-0.01211135150775253,-0.15880146718200008,0.4270205838990545,0.9663801073685255,0.5473999882132055,-0.3505690501118222,1.155819956076336,0.5188706774193929,0.5627999923214587,0.18609969967169646,0.39783372969061137,0.4877877431428542,-0.380629808633753,0.03518923273471572,0.5308649362809729,0.7559143371634062,-0.39783372969061137,-0.18609969967169718,0.15955525061472892,-0.6347222057676005,-1.0827762115981268,-0.40574627503850064,-0.18699173903207253,-1.5687294340809674,-0.46483142063624716,-0.5962450189412776,-0.9764194483286528,0.05677446769459199,-0.7105613285614767,-1.2538420394926681,-1.047916823426415,-0.8038690908401701,-0.635754044465484,-1.6887851889968277,-1.7677021063295222,-1.136704559054746,0
0.004904094016293398,-0.8235350983394863,0.5693561964423357,1.0385308760612593,1,0,0,1,0,0,-0.0412600105000692,-0.35360533998820587,-0.34893316685501513,-0.19418998871735144,-0.3103258457607151,-0.1218731049177836,-0.6738675563151978,-0.5228585674877715,0.9169209725361265,-0.792935977569565,-0.715846637168192,-1.0986037178627668,0.2899177392150272,0.030965489633801115,-0.46439428584768033,0.3610700079738112,0.1371611145992968,-0.13017511262780482,-1.1128149709452282,-0.39468810214486993,0.9679695931982712,0.25241979174485685,-0.8906211499364377,1.2072119630595843,0.8035450266471647,0.39468810214486993,1.1128149709452275,0.18740776423728422,-0.25947596364157,0.6548671833030202,0.7570987694810098,0.785900234388976,-0.15100471279239655,-0.9541866793037505,-0.5962450189412776,0.5738579727592754,1.1670141561717275,0.5034643620605421,0.7532655707677065,0.13201387092399572,0.6176725260912207,1.3628062650929278,-0.7010026615289333,-0.9326642846196119,0.7809029193074537,1
0.44180855408933456,-1.1069805240255675,1.4383931084795292,0.3052077222492148,1,0,0,1,0,0,-0.2810198135785862,-0.2611512795293579,1.8131144926819118,-0.6767837997207461,1.0143910336990178,0.32218924131925175,1.2835983940853801,1.7191482453967164,-1.2959873727520241,-0.024826743425777398,-0.24995917676471613,-3.683282185090939,-3.8421500270303772,0.691693192327168,0.5417735601302669,-0.22950444224947741,0.14209751166426285,-0.27914118961009293,-0.088318892712161,-4.935963995678347,-1.0937431254241186,-1.8168480594801768,1.5410283232493158,0.17444078883573808,0.05243213055580167,4.935963995678347,0.0883188927121603,0.6330479821981672,0.491016520610491,-0.018355912103706302,-0.1344157646506147,-0.06751377738387422,-0.18250970659880966,0.02452383803125581,0.06817301183707392,-0.35630847989348147,-1.0257092285706153,-1.6969572021918669,0.014285041535478216,0.806259981981374,0.8376730144258402,-1.4922798914190887,7.201257558214223,3.353863200157928,-1.6934293108373202,1
0.8787130141623758,-0.2051087150244015,-1.168717627632051,-0.4281154315628296,1,0,0,0,1,0,-0.5333985536612357,0.02318856678747634,1.390939505908429,-0.6397502218979436,1.3002712888661887,0.5122461367379224,0.5472019883561311,-0.40072796901443514,-0.7585492597211245,0.9985713548728076,0.6200976403098938,-0.10666238960201078,-0.8157546648115491,0.3247592131572821,-1.0637166721370461,-0.4830404800836944,0.7205179918291157,0.6692438291942822,0.6286220997103051,-0.7689345227338477,-0.4364021059168581,-0.5155962974902161,0.5515531513516022,-0.6345521710378594,-0.1527709608168468,0.7689345227338477,-0.6286220997103059,0.605195468575612,-0.7848207026180125,1.0642596061854894,0.6149732640397371,0.9053781960371756,1.3927399837218248,0.18764225758709038,-0.09793149585751397,1.069946747507413,-0.4150773999081907,-0.482931511569848,0.0051618251252043045,0.28760912732185256,0.008440404549195996,-0.15990635171348128,0.6983559190505837,0.3477270420022505,-0.332546584257695,0
-0.2006980048416086,0.43908543426214564,-0.4445202009343899,1.478524768348486,0,1,0,1,0,0,1.3846798709669002,-0.645504323323688,-0.2977604411855021,-0.2572628009468119,-0.923865887798175,-0.29761983409316617,-0.8044998771231657,-0.5262590986260811,0.5951477692025315,-0.3578681793642453,0.14992787103699398,0.006946662471334752,-0.3845256345189238,-0.269946741860977,-0.35885889519701675,0.7494573203700886,-0.33163859286985864,0.11995845180357491,0.3586118043630053,-0.34619240229020387,0.8489490590561137,0.3628101650478964,-0.06045460848465246,0.15460967085758248,-0.0777974950421815,0.34619240229020387,-0.35861180436300605,-0.2582324537235989,-0.3345252120667762,0.00893691608845806,0.3953247556304958,0.2397152668543526,-0.30852968182446,-0.13859458152457876,-0.319404172783631,-0.23228628620644656,0.7229182807808735,0.27583454506891375,-0.15905607025973648,-0.16621037050522874,-0.093098282374475,-0.2550758902638815,0.12214944469431245,-0.04195727479570725,-0.6418381130257917,0
2.317927706167689,2.1397579883786295,0.27967722576327125,-0.13478617003801185,1,0,0,1,0,0,-0.6848257977108253,0.4999956710406544,-0.2721740783507456,-0.27520094020473185,0.8732499130600327,0.5972127488074458,0.526948479266469,-0.8662662619852004,0.032596154027993506,0.6895390755173091,0.6196682331757424,1.733450346216537,0.082482485970091,0.4839654643644953,0.07262281343886831,0.2004861876857705,0.5673665530757186,0.42966368822268597,0.4977080171176754,1.8705987732626375,-0.24916209816639653,1.2617295708370089,0.15690924927607652,-0.3689318437657375,-0.38611608767984656,-1.8705987732626375,-0.49770801711767615,0.35452284597261524,-0.03432821836595151,-0.2912841940253525,-0.1473362651452761,0.08610074473523979,-0.40304466324369825,0.02452383803125581,-0.2086678343205727,-0.35630847989348147,-0.3040534310604773,1.0346006017076752,-0.2867811000035777,-0.16621037050522874,-0.29617565622181696,-0.44541496736468245,-0.9479482933959068,-0.15329565102369538,-0.023255055489598248,1
0.4932090788038099,0.0010334127472937634,0.27967722576327125,0.5985369837740325,1,0,0,1,0,0,-0.7353015457273552,1.0989119117489146,-0.054689994255315046,-0.3492680958503368,1.3471821071173957,1.1150618897364357,0.5620193632263715,0.05634061568813572,-0.12460128784702981,0.371754696136707,0.7684664516468287,0.48407747465256273,-0.19949545557967951,0.7825106106344227,-0.19924740385120931,0.43178962474227833,0.7279479572353664,1.0106174001188948,0.013895103188392356,0.6464429457035722,3.7377647013899396e-4,-0.2769309383837397,0.6042410658880676,0.21960412258736053,-0.012372833026920634,-0.6464429457035722,-0.013895103188393775,0.38237535959517033,-0.4846237089171882,-0.982702508226857,-0.6383152839424023,-0.34060626115118536,-0.6865896075014126,-1.2804235184154193,-1.4267675574142176,-0.728375060954584,0.25106641317809053,0.04820472807728505,1.0543317123067637,1.2471132084419672,1.2776739910950803,-0.09645999267988113,-0.7833178721512579,-0.5986491559356475,0.8427612250610729,0
2.317927706167689,0.0010334127472937634,0.27967722576327125,0.5985369837740325,1,0,0,1,0,0,-0.6848257977108253,0.4999956710406544,-0.054689994255315046,-0.3492680958503368,1.0802736883058934,0.6544534137805984,0.3565015475599938,0.21545549661020663,-0.029073604069924024,0.25356415179834435,0.31290775863705605,0.6425331553843564,0.4836894981321953,0.485312807432535,-0.054297195327886474,0.6306992815145159,0.46180876422375106,0.517580644954291,0.6257323574189628,0.2557448558590603,-0.010805241171851852,-0.35011316905506823,0.6735365442503417,0.11537285492390228,0.0985213497119329,-0.2557448558590603,-0.6257323574189636,0.4659329004628361,-0.03432821836595151,0.06352257247278678,0.3824042551358344,0.5640125913280355,-0.40304466324369825,0.02452383803125581,-0.26403600355210183,-0.046252995675895824,0.3065783976019474,0.04820472807728505,1.3280282046149967,1.5323711785047043,1.4976744794297,0.2207718024881207,-0.5363722402842841,-0.48731077970765985,1.0283361423219313,1
0.46750881644657266,1.4955638390920825,-0.4445202009343899,-1.161438585374874,1,0,0,1,0,0,0.3877838476404349,-0.4855995017753661,0.06044863850108935,-0.419863353575054,-0.20749609926469995,-0.04898069561603459,0.4878803951712771,0.7451014831805367,-0.6071193061373742,0.16413309280057414,-0.16702784224486975,-0.1755336373013535,-0.2664758138071943,0.7249050461362728,1.3200038105054612,-1.8301052853059654,0.5564892085051332,-0.3718263455356643,-0.31054414497595056,0.06858695651968806,0.04590701499244606,0.29967567093000264,-1.0091268869446675,0.3300719538382219,-0.14587168102162584,-0.06858695651968806,0.3105441449759499,0.6330479821981672,1.1664597564373458,-0.10933200607758836,-1.0259302987822392,-0.7843815472730677,0.8571550890128092,-0.22015379130249568,-0.09793149585751397,-0.23228628620644656,0.08453045990652028,0.35171115073279,0.20587258615124074,-0.3607044410025493,-0.21156008378542468,0.6966194952401235,0.5337254978059351,0.6260729825722207,0.47161139053935697,1
-1.3829100732745436,1.3409572432633117,-0.8790386569529866,-0.13478617003801185,1,0,0,1,0,0,0.3751649106363024,-0.4780403647567182,0.43145089960505906,-0.4927732099136964,0.022122285655920268,0.013179089003248299,-0.5515342177391859,-0.705671477024937,-0.06054418464008955,-0.9368775259858485,-0.554500577389706,0.04197802300796321,0.48831770913988365,-1.2890962239261003,0.07820656289900972,-0.5111659462631832,-1.4217688234585528,-1.4716837356942076,-0.018359091073560794,0.07546133969578361,-0.5211280023916468,1.0469018661705811,-0.4309065506933741,-0.14414053233735044,-0.7159348201012008,-0.07546133969578361,0.018359091073560086,-1.1216603760228097,0.41596727218528484,1.0369667779933252,0.5762117625557528,-0.06751377738387422,0.7941451013999841,1.9003856629233515,2.1167952734036595,0.44983577907224165,-0.47058938433204756,1.0346006017076752,0.13288685486904556,-0.11434528503927678,-0.1607907403235886,-0.12818317219668063,1.0276167615398821,1.1827648637121608,0.038603250264021984,0
0.2105061928741954,1.7790092647781635,-0.15484123025532542,0.5985369837740325,1,0,0,0,1,0,-0.7100636717190902,1.0553015058720996,-0.15703544559434116,-0.3093412697601279,1.110896751962668,1.0506661416416392,-0.38024364726491633,-1.086391925761587,0.3919682630043616,0.3490737167294736,0.981140218380103,1.3168052519450504,-0.3242102940970956,-0.4920575847807355,-0.6251871559463837,0.831651857929684,0.2517377403699595,1.0941890989503864,0.5174554829923397,1.282759261399553,0.037079906703300566,0.8648082438516863,0.2998961664784048,-0.22195723681360277,-0.20726764768548023,-1.282759261399553,-0.5174554829923405,-0.6203151308168162,-0.7848207026180125,-0.8098479296764806,-0.3023822710812103,-0.18699173903207253,-0.49755964466293656,-0.8726274695258333,-1.149926711256571,-0.5423417704240322,-0.19302946221276363,0.4275877563966659,-0.8615437338508666,-0.5940973255993336,-0.6346379459673855,-0.8895394805998851,-1.1948939252628807,-0.8213259083916238,-0.7036964187794109,0
0.5189093411610479,0.8513696898055362,-0.4445202009343899,0.3052077222492148,1,0,0,1,0,0,-0.7353015457273552,1.0669309474392503,-0.029103631420558513,-0.36604893580129416,1.3677549426184266,1.103434879663764,0.962006532046145,0.2535054777935297,-1.2853646293889502,0.6209544600782323,0.31861711448274016,-0.6122802995803045,-0.8259470429555288,0.09919702832631261,-0.2397130141418701,-0.8870979784945566,0.8871328145298305,0.7389032275860252,-0.1227108960387,-0.7133741297612556,-1.2385769987449482,-0.5880834593129997,0.8656885913605546,0.04079629811338027,0.3071773324858705,0.7133741297612556,0.1227108960386993,0.5216379277079463,0.26586877533487285,1.664701826413112,0.8475422729436388,1.2126072402754011,2.27487981030138,-0.13859458152457876,-0.09793149585751397,1.6900577159425842,-1.2755131584779709,-0.8623145398892288,-1.2173491738515698,-0.6589286824317738,-0.6007917169928287,-1.3019408143182878,0.12214944469431245,-0.2089648391376897,-1.0129879475475077,0
1.4698190483788447,0.23294330649045036,1.7280720791585935,-0.8681093238500562,1,0,0,1,0,0,0.12278617055365294,-0.4355929030366182,0.17558727125749374,-0.44763853694215583,0.03064268881070423,0.010943125527734526,0.45536025028937266,-1.3533487068115257,1.3415027859111124,0.16075466414299391,0.40879458406071384,0.44769742367456034,-0.4294627158093299,-0.5404407441043456,-1.7097811558311011,1.7372524957585456,-0.6754592300207813,-0.13214997774238466,0.633698674005907,-0.01788874008079301,-1.173191536414924,0.14469234411360082,-0.08810803070450535,-0.8869429902768344,-0.6604717127474413,0.01788874008079301,-0.6336986740059076,-0.4253475354589299,-1.535313186870074,0.48201260475264507,1.3643622927300878,0.9736513169790033,-0.8756195703398886,0.5138790966987595,0.2342775195316623,-0.10826409251941274,-1.0812212129944723,0.19995793940503753,0.19674936974096682,0.11904759955750843,-0.24540631275998087,0.2207718024881207,0.7806711296729086,0.848749735028197,-0.023255055489598248,0
1.2642169495209417,0.43908543426214564,0.5693561964423357,-0.13478617003801185,1,0,0,1,0,0,0.04707254852885811,-0.42047462899932225,0.047655457083711085,-0.4192847039215727,-0.001962555166133992,6.576935403711695e-4,-0.21594372860833613,0.5284527733267537,0.5884341850982464,-0.43097490044517955,-0.6608135086799696,-0.802387698560767,0.2394904817809014,-0.19577786244272083,0.9012917605377208,0.11644732425466893,-0.6826611378985156,-1.0512958029858195,-1.9894487404150851,0.87874991804355,0.10465607791051271,0.1775762843673885,-0.6873909129523902,-0.09469581229638074,-0.16729580822762188,-0.87874991804355,1.9894487404150845,0.02029268250195297,1.2415090048625523,0.9368930746220554,0.8604627734383002,0.512807750621665,-0.024984737566746233,-0.46483142063624716,0.6218547041523672,1.1939689411944467,-0.05424950115312168,-0.02767187758659086,-0.5422311594912614,-0.7885913960966542,-0.7700228618656133,0.09387908442092041,-0.7833178721512579,-0.48731077970765985,-0.45626319576493324,1
0.8016122270906633,-0.07626988516709207,0.5693561964423357,1.478524768348486,1,0,0,1,0,0,-0.4955417426488382,-0.005885037130400375,-0.11865590134220637,-0.33248725589937944,0.4920227830315302,0.252427180883222,-0.5395722180349166,0.5806658750936681,-0.8956477577516851,-0.4824247443145149,-0.7819592484202541,-1.1139130437656637,0.10724791709726023,-0.357188526182786,0.048519844004864754,0.11590673996666793,-0.31894663056369943,-0.45190894378734914,-1.6200102232813596,0.08746187929198715,0.3933897370838634,-0.7483760219878323,1.3408555848871624,0.3354626869489708,0.5753841934855529,-0.08746187929198715,1.6200102232813582,-0.3417899945912644,0.04072103005925432,-1.6069330893092284e-4,0.05939174276930372,-0.06751377738387422,-0.30852968182446,-0.709509049969999,0.012804842605544792,0.38782468222872474,0.05677446769459199,-0.9381911455531051,-1.0075151964152582,-0.2569742700706454,-0.11002139686175369,-1.5240030709358887,-0.6186874509066087,-0.6543183440496418,-0.76555472453303,0
-1.0488066626304537,2.1397579883786295,0.27967722576327125,-0.13478617003801185,1,0,0,1,0,0,-0.5586364276695006,0.05516953109714072,-0.2849672597681238,-0.2607346988676996,0.45977634701701026,0.2439305196762697,0.9137544598183884,-0.5638967169602841,-0.13484977977171217,0.9419978354888205,0.4906069138216354,1.0901298897964333,-0.37279673181663053,1.0112820689334927,0.4623818370791862,0.07579633538038284,0.6985345317209751,0.04995472149105812,-0.37315522795503414,1.856897962536105,-0.2601366919221054,1.2371699147671888,0.26051217372886204,-0.5799234189017946,-0.5890419532766877,-1.8568979625361057,0.3731552279550334,0.8558680911786088,0.340918023760079,-0.2185033188462471,-0.1473362651452761,0.13730558544161034,-0.6865896075014126,-0.6279498401920818,-0.5408768497097485,-0.10826409251941274,-0.3040534310604773,1.0346006017076752,-0.24116501795220557,-0.07544647093981212,-0.29617565622181696,-0.5405845059150832,-0.8656330827735822,-0.04195727479570725,-0.08511336124321738,1
0.15910566815972013,0.49062096620506923,0.27967722576327125,0.3052077222492148,1,0,0,0,1,0,-0.23054406556205628,-0.28208427435022915,-0.20820817126385424,-0.2925604298091705,0.02860782735280214,0.009154354747323507,0.232249847438851,-1.063735851453291,1.0876091528471912,-0.05308614665114079,0.7686800250640496,0.43659517168630313,-0.4216962304745815,-0.0321696245262871,-0.866485537075513,1.260365539986135,-0.4087908150493507,0.22246006691368633,0.9573302853504951,-0.3540047794704373,-0.3550925762354075,0.591984649716187,-0.22025232856765187,-0.3336340152699686,-0.7821327224266591,0.3540047794704373,-0.9573302853504958,0.32667033235006016,-0.4846237089171882,1.4827496384653478,2.036228318452472,1.7246556473391115,0.3215701943037938,1.9003856629233515,1.4523772426253072,1.5040244254120325,-0.24854144663662048,0.7310941790521709,0.4521994292286506,0.2616765845888761,0.10997909147286698,-0.033013633646279864,1.439192814651505,1.3497724280541432,0.2860364732784985,1
-0.3034990542705592,1.4697960731206219,-0.4445202009343899,-0.13478617003801185,0,1,0,1,0,0,-0.05387894750420167,-0.3431388425777702,-0.7839013350458762,1.6459159093531461,-1.5486239375373885,-1.5358964068326937,-0.3367383707265077,0.25587862228260966,-0.6175054615759363,-0.7617443424717767,-0.8618609271500859,0.4883332031378082,1.7849796026154294,-0.4403303600788124,-0.8823129972941683,-0.2821049803134802,-0.4075457678615211,-0.2256630420706531,1.3186621405429442,-0.6418048099999468,0.028269994079653513,-1.2350832310998923,0.5606623534152626,0.6249520559481935,0.900145376930843,0.6418048099999468,-1.318662140542945,-0.45320004908148526,-0.8598699510432187,-0.17301527185930607,-0.28946177058654887,-0.42594766232847037,0.19555021907814235,2.063504082479186,1.397009073393778,-0.4803306735805153,0.0012624832707351544,-1.1658209625447336,-0.058700689746716966,0.2357440418559006,0.4822876101929924,-0.15990635171348128,-0.28942660841731066,-0.5986491559356475,0.038603250264021984,0
1.4441187860216065,-0.6946962684821769,-0.15484123025532542,-1.161438585374874,1,0,0,1,0,0,1.3720609339627678,-0.6484116837154758,-0.630383158037337,0.2803027271373052,-1.5084949013635334,-0.715297811319139,-0.07214129239290581,-0.5525213477665956,0.298540459918115,-0.10494662506774234,0.07112961385651745,1.3198810323598495,0.2539235324067702,-0.8308488924615405,-0.6446365012143283,0.6423736692872063,-0.2890831898433204,-0.12065814359944549,1.0042885975848093,0.8041191033027003,-0.7298602005675813,0.11257019398152378,0.23740877748046987,-0.14487382267694304,-0.21027117467771086,-0.8041191033027003,-1.00428859758481,-0.7595776989295921,-0.5596729573423944,0.17269388524144552,0.48576825909312477,0.3421249482670949,-0.37153966943728567,0.35076067714292497,-0.09793149585751397,-0.35630847989348147,-0.7481493064513315,-0.02767187758659086,-0.378013264106322,-0.2051091846046925,-0.24540631275998087,-0.5723076854318833,-0.6186874509066087,-0.32030321536567735,-0.1469716669968365,0
-0.8175043014153137,0.0010334127472937634,1.0038746524609323,0.5985369837740325,1,0,0,1,0,0,-0.33149556159511606,-0.2047484879286771,-0.2721740783507456,-0.2740436408977693,0.08070211777858416,0.05432081695270173,0.3756130928936197,0.36000153517967093,-1.3554498922801108,0.4953317933621856,0.3141534074101836,-0.0203958267621136,-0.3408592467556563,0.6761173142219135,0.26666398068804187,-1.020859212482216,0.9954916969804415,0.6080193396886234,0.3041828515459622,-0.329502323768793,0.15326930481816473,-0.22697528301596995,0.8270803533296076,0.31795122930974856,0.18519772824446498,0.329502323768793,-0.3041828515459622,0.8558680911786088,0.491016520610491,0.6912576208925736,0.007709740790658993,0.4103980692089227,1.3927399837218248,-0.6279498401920818,-0.8177176958673952,0.7598912632898273,0.5008703430854462,0.19995793940503753,1.3827675030766426,1.675000163536073,1.734598082251598,-0.0012904541294803558,-0.04248097655033679,-0.2089648391376897,1.0283361423219313,1
0.46750881644657266,-0.3854830768246345,-0.4445202009343899,1.7718540298733036,1,0,0,1,0,0,0.3877838476404349,-0.4855995017753661,-0.7966945164632545,2.2940035212521894,-1.963271501369843,-2.1463144356479535,0.2746620716932522,1.9405316708806941,-2.82583140512831,-0.27340381021599053,-1.3333976121264581,-1.4652010014362609,0.7543474867149399,0.7517324335791851,1.4791839789704415,-2.2732751961650886,0.8589622036518142,-0.05865898902584223,-0.16027754582615011,-1.839398094005812,0.3691978935336159,-1.1816265794558045,1.5785838584010965,1.2210831265717463,1.6762131144610832,1.8393980940058123,0.16027754582614942,0.6609004958207222,1.3165582532877582,-0.10023439668020068,-1.2455788071914804,-0.9038595089212672,1.3927399837218248,-0.30171300108041293,-0.26403600355210183,-0.17027518936292965,0.11228645211844858,-1.2416975682086098,-0.7520651369275744,0.09311505682453199,0.5838262971166633,-1.2702176348014877,-0.7010026615289333,-1.378017789531564,-0.5799798072721716,0
0.8530127518051386,0.23294330649045036,0.27967722576327125,-0.8681093238500562,1,0,0,1,0,0,-0.016022136491804253,-0.37046803026057434,0.17558727125749374,-0.44763853694215583,0.13356173560631449,0.06102870737924305,-0.08017353878741877,-0.7067332201032559,0.8841576335467634,0.6459445783473807,0.750329757103189,0.7014983843699384,-0.6198415726330352,-1.3005368417462926,-0.4513954684953225,0.7391818414477309,0.1280766410735058,0.35892753700414093,1.0967144819825039,-0.13094794135889876,-1.187997831190483,0.5178154528599037,-0.4658666402845448,-0.7456308475926612,-0.6250425520499476,0.13094794135889876,-1.0967144819825045,-1.3166279713806959,-0.7097714541928067,-1.06458099280335,-0.5737127814690962,-0.4942207832702994,-1.1276595207911904,0.10608304780917345,-0.3747723420151606,-1.0384305451721696,-1.1089772052064004,0.5034643620605421,0.05990112358685037,-0.1921429132382052,-0.4654068010946016,0.37938770007212164,0.9453015509175579,0.9600881112561845,-0.023255055489598248,1
-0.07219669305541997,1.2636539453489257,1.4383931084795292,0.5985369837740325,1,0,0,1,0,0,-0.10435469552073157,-0.33674264971583734,0.03486227566633282,-0.415812806000685,0.11249051203816558,0.06237028546455131,0.13965477099284004,-1.501114223954624,0.8173427895195386,0.6851192012872368,1.0681319614083797,1.600881741678516,-0.032323433725592494,0.26691674514241925,-0.8141236528349851,1.3363174723470157,0.2244225650128043,0.5783652914832192,0.3422533759207262,1.843969028470223,0.07250670812262343,1.2447551783675614,0.22553521132426727,-0.7030182669100674,-0.8239627251607877,-1.8439690284702237,-0.3422533759207269,0.02029268250195297,-0.9349191994684248,-0.7825551014843162,-0.04397226118798574,0.0519641842643253,-1.3166894836296663,-0.30171300108041293,-0.4855086804782194,-0.728375060954584,0.11228645211844858,1.2622304186993043,0.21499580256151593,0.30057539868834077,-0.008482709938082702,-0.3502454288142823,-0.7833178721512579,0.06938110143228039,0.34789477903211874,1
1.4698190483788447,0.15564000857606544,-0.15484123025532542,0.3052077222492148,1,0,0,1,0,0,-0.7605394197356201,1.651310386188572,-0.24658771551598904,-0.2780941884721383,1.357548890776926,1.484890248586414,0.023663377209706588,0.010562973204429258,-0.5940489700001635,0.8580178962383953,0.8003798833929556,-0.21633690918590076,-1.119095913978942,0.05792735820092997,-1.0159556807191255,0.3783348268862607,1.011563427618354,1.4255345128278845,0.5174554829923397,-0.8082637896695036,0.024975831736560043,-1.0322601104823996,1.1922748572976025,-0.1560778441335279,0.3512239462091494,0.8082637896695036,-0.5174554829923405,-0.03541234474315745,-1.009968447893631,-0.31857702221751816,-0.08273376267196997,0.32505666803163763,0.006520256239666901,-0.8726274695258333,-1.149926711256571,0.015758101167622184,0.3343343898138759,-0.7105613285614767,1.2824121225636245,1.8046628772009532,1.6161362808406496,0.1890486229713212,1.439192814651505,1.0714264874841732,1.3994859768436472,1
0.8530127518051386,-0.07626988516709207,0.27967722576327125,1.478524768348486,1,0,0,1,0,0,-0.016022136491804253,-0.37046803026057434,-0.11865590134220637,-0.33248725589937944,-0.08630687952053757,-0.027962638946205126,-1.1443174440292543,0.13072213532994992,-0.21518353029157714,-0.08950532346229702,-0.36010947323876996,0.57200178675603075,0.31068547198982066,-1.2915419058444968,-0.6144783557700774,0.8185126173108846,0.041903278140863885,0.11834911193998654,1.1569031123463245,-0.36726020632542794,0.3007078071521078,-0.7949911607143103,1.1166893379410716,0.1624664909040111,0.5837048249431634,0.36726020632542794,-1.1569031123463254,-1.3166279713806959,-0.8598699510432187,-1.1464594773798444,-0.6124742829530796,-0.5624939042121272,-1.3796994712424915,0.18764225758709038,-0.319404172783631,-1.1004416420156866,0.029018475482663446,-0.9381911455531051,-0.8432973010303187,-0.2051091846046925,-0.1269445113490324,-1.1116017372174867,-0.28942660841731066,-0.48731077970765985,-0.7036964187794109,1
-1.0488066626304537,1.4697960731206219,0.27967722576327125,-0.13478617003801185,1,0,0,1,0,0,-0.5586364276695006,0.05516953109714072,-0.7839013350458762,1.6459159093531461,-0.8665882858874382,-1.2295694106873067,0.7516038092729063,0.81816681717828,-0.3011832786467912,-0.09909836873668167,-1.0618337723886484,-1.121199769370987,0.41603714794297086,0.9376072678364115,0.06329092782788388,-0.1382716224700025,0.6329505423983423,-0.08943161122870838,-0.5860329100839196,-0.9479624556455367,-0.10827725832662612,-1.059556170970283,0.27277798589180896,0.761498425928399,1.2931233465246743,0.9479624556455367,0.5860329100839188,0.6887530094432773,-0.10937746679115769,-0.4914316007678933,-0.4832692780064673,-0.22112829950298704,-0.7495995951142377,-0.709509049969999,-0.5408768497097485,-0.29429738304996345,-0.1375174777889068,-1.0140677512169813,-0.11343998820836432,0.04124997135858002,0.34690269429476517,0.3476645205553221,-0.4540570296619595,-0.8769950965056176,0.22417816752487937,0
0.5703098658755232,-0.8235350983394863,-0.4445202009343899,1.0385308760612593,1,0,0,1,0,0,-0.4703038686405733,-0.0640322449661538,-0.34893316685501513,-0.2011337845591269,0.20039117760567188,0.10619516958462126,0.1867488521779284,-0.6351232249989782,0.6618094453650373,-0.8608267343787767,-0.4439198401107402,-0.4675974284469681,0.6882001403142551,0.7017891933172111,-0.608684681173583,-0.11788947758261131,-0.1502416969664092,-0.008279256428261404,-0.16027754582615011,-0.4787858038769716,0.4415406681082056,0.26195960686243924,-1.0231832383143131,1.0139442873461708,0.5690344510707691,0.4787858038769716,0.16027754582614942,0.6609004958207222,-0.5596729573423944,0.03622974428062242,-0.031051760693324323,-0.08458205761933026,0.2270552128845555,-0.05703537174666111,0.012804842605544792,0.3258135853852078,0.5563823275093027,0.4275877563966659,0.5160619441005718,-0.127311556405765,0.27921023634565156,1.2041903675089267,-0.6186874509066087,-0.8769950965056176,0.47161139053935697,0
0.8530127518051386,-0.3854830768246345,0.27967722576327125,1.7718540298733036,1,0,0,1,0,0,-0.016022136491804253,-0.37046803026057434,-0.7966945164632545,2.2940035212521894,-1.6997475484068099,-2.0577702820176085,-1.0193048494562391,0.17053119049881926,-0.5023069080305782,-0.5662220538991042,-0.6954423242219785,-0.969820133761877,0.16595492846741972,-1.0348646614202548,-0.6147671643224706,0.9110320810109029,0.4357860965101896,0.6916273172980076,1.1441644212614832,-2.457487335248751,0.3833436295473464,-0.8499196603275913,1.6021697524758318,1.1970474987740531,1.5793485424545122,2.457487335248751,-1.1441644212614839,-1.1495128896453646,-0.9349191994684248,-1.446680587493655,-0.8450432918569822,-0.6478353053894121,-1.442709458855317,-0.7910682597479163,-1.2606630497196296,-1.3484860293897554,0.05677446769459199,-1.0140677512169813,-0.9801455471844351,-0.11434528503927678,0.36382580878204385,-1.4922798914190887,-0.4540570296619595,-1.32234860141757,-1.0129879475475077,0
-0.8175043014153137,1.4697960731206219,1.0038746524609323,-0.13478617003801185,1,0,0,1,0,0,-0.33149556159511606,-0.2047484879286771,-0.7839013350458762,1.6459159093531461,-1.260130727364607,-1.429464545398238,0.35312573060786,0.8688712269355345,-0.9486282714035129,-0.14719076036018824,-0.8444606836580064,-0.8647624872859657,-0.20531354244175865,0.23969612459049572,0.19751238890223774,-1.2443743862200998,0.8453431365461531,0.5073460157351695,0.3041828515459622,-1.4811177417461807,-0.25152838100608266,-0.9946894513981018,0.04633037510093172,1.0370730049913781,1.5931648845081592,1.4811177417461807,-0.3041828515459622,0.4659329004628361,0.491016520610491,0.8914050276351143,0.03355074177998182,0.3762615087380082,1.8023049032051899,-0.6279498401920818,-0.8177176958673952,0.7598912632898273,-0.3318094232724056,-1.0140677512169813,-0.40538291333714505,-0.32180562690308556,0.09305597698558829,0.41111087958892223,-0.20711139779498602,-0.8213259083916238,-0.023255055489598248,0
-0.5091011531284612,0.9802085196628456,-0.15484123025532542,0.3052077222492148,1,0,0,1,0,0,-0.16744938054139394,-0.3076690457979606,-0.041896812837936774,-0.3527399937712245,0.11284528281336637,0.03598591645348879,-0.47621255350451047,-2.032771884195873,1.5297616598168908,-0.5065092561766423,0.118547649626329,0.4441931707992174,0.15217596464160818,-1.164635092795254,-1.4484723036470792,0.537834833322659,-0.5762960263785709,-0.29071518923383133,0.7547787594442794,-0.14275387761029457,-0.5015045142974017,1.338995449145907,-1.5507632973929737,0.11281605306249655,-0.4379445496662847,0.14275387761029457,-0.7547787594442801,-1.17736540326792,-1.4602639384448675,-0.7734574920869285,-0.40574627503850064,-0.596630464683041,-0.844114576533476,0.18764225758709038,-0.1532996650890431,-1.1004416420156866,-0.47058938433204756,1.2622304186993043,0.03253147435602734,-0.7756251247301669,-0.685407289429221,0.9186817518577256,0.28677986593896093,0.23638866577426285,-0.023255055489598248,1
-1.100207187344929,-0.9266061622253344,0.27967722576327125,2.505177183685348,1,0,0,1,0,0,-0.00340319948767178,-0.3884936646896579,-0.6687627022894718,0.3815664164965307,-0.9866064020360292,-0.5936613982511898,-0.8967776452983535,-3.0195571739443947,0.8703425658343122,-0.9893632784344892,-0.4033135328097165,-2.1324033910698375,-0.6962409255479559,-0.6299042518295279,-0.9357184959604645,0.1642086321202913,-0.6403341354591942,-1.195245598973657,-2.8567281861253564,-0.07507566165750797,0.6175982392830439,3.2070547359311146,-1.0247736050832714,0.7016215932225093,-0.642597346396465,0.07507566165750797,2.8567281861253564,-1.107734119211532,-1.4977885626574707,-2.988725380350956,-2.4794866044316275,-2.5082778510542254,-2.6083942296925864,-2.0552360113056327,-1.3713993881826885,-2.8057468052124075,0.6396503041450882,3.159145560296209,0.23324223538206504,-0.3477381696360611,-0.0592520533999176,-0.033013633646279864,0.8629863402952329,0.9044189231421907,-0.023255055489598248,0
0.31330724230314594,0.4133176682906843,-0.8790386569529866,-0.4281154315628296,1,0,0,1,0,0,-0.20530619155379135,-0.2966210763091675,-0.6943490651242283,0.46257736798391114,-0.8980477882303852,-0.5856119297393402,-1.6912255456504617,0.08033210389575682,-0.06844362727515509,-2.0044247712691523,-1.6834987067929008,0.07180513042152782,1.9441991115182324,-1.4306381985904255,0.5417735601302669,-0.41613631628460623,-1.527704945436134,-2.212154099285383,-0.9237009575987005,1.0140489972048288,0.9222134588856207,0.4324785256428125,-0.32461213447245274,1.193002478486147,0.028892852710884157,-1.0140489972048288,0.9237009575986999,-1.4280380258709164,0.04072103005925432,-1.1646546961746211,-1.168055804223513,-1.603658998575004,-1.3796994712424915,0.35076067714292497,0.954063719541543,-1.5965304167638241,0.9449662184763004,0.5034643620605421,0.269735101023162,0.054216242725068246,0.5330569536548284,-0.3819686083310823,-0.6186874509066087,-0.2089648391376897,0.40975308478573785,0
0.8016122270906633,0.8771374557769975,-0.15484123025532542,0.3052077222492148,1,0,0,0,1,0,0.08492935954125552,-0.424544933547825,-0.4512786181940413,-0.10160604416034526,-0.5541966428762294,-0.24798144493676041,0.28973111297754084,-1.8684902322968,0.06754370605979351,-0.24081071428349937,-0.29018732824367743,-0.38755487171005865,0.43314612727112245,0.4291822019631434,-0.29220433063352735,-0.07277979349437208,0.31306128835531843,0.08113465863659776,-0.30025191215747105,-0.23079243079930178,0.02595563386937764,2.2718375987572825,-0.16547118251660067,0.6357459537668605,0.45646994149987247,0.2307924307993025,0.3002519121574703,0.4102278732177254,-0.25947596364157,0.05442496307539909,0.007709740790658993,0.13730558544161034,-0.05648973137315825,0.02452383803125581,0.17890935030013266,0.139780294854656,0.22331042096616224,2.6280093206490753,0.8353745184601769,0.6117659114840535,0.854596128913119,0.728342674756924,0.12214944469431245,0.013711913318286572,1.0901944480755505,1
-0.5862019402001745,-0.02473435322416849,0.5693561964423357,-1.161438585374874,0,1,0,1,0,0,0.5770679027024219,-0.5204878264768181,-0.6431763394547153,0.3265946994158083,-1.252340374224751,-0.6526908340047534,0.5849828046622342,-0.09162262682255641,-0.5007090094508996,0.7141634967343984,0.01666608790261478,0.7131053557025888,0.5259781612535149,-0.19048560385923044,1.174525592847385,-1.2860229291654268,-0.5799628791814639,-1.5371003673195893,0.9345219622652575,0.04574314950473895,-1.003763800895941,1.302368885943005,-0.6078430304622747,-1.5398700733517718,-1.522346066887722,-0.04574314950473895,-0.9345219622652582,-0.14682239923337803,1.1664597564373458,0.17269388524144552,-0.5349512799851129,-0.71610842633123994,0.19555021907814235,2.3897409215908554,1.9506907657090713,-0.728375060954584,-1.0257092285706153,0.8828473903799233,-0.669956189235104,-0.8534227529290943,-1.3284856399458025,-0.3502454288142823,0.9453015509175579,1.0714264874841732,-1.0748462533011267,0
0.23620645523143258,-0.2566442469673251,2.452269505856255,-0.4281154315628296,1,0,0,1,0,0,-0.5838743016777656,0.21507435264546262,-0.054689994255315046,-0.3475321468898929,0.7440088487394616,0.43398741509494043,2.2204443877079454,0.5567476655321948,-1.244773505941878,2.242719459021405,1.7777701077405086,0.8460251868351245,-1.5481663743353358,2.0665325444931724,-0.08060548844394654,-0.03110453681276955,1.7470746355236915,1.8256305751337372,1.7556215933338128,-0.5873266710771624,-1.0227270034700662,-0.8449024521744327,1.670390022995104,-1.297399998605524,-0.5288152816100898,0.5873266710771624,-1.7556215933338135,2.359903826796588,0.19081952690966666,0.855014590045561,0.705416767502365,1.4515631635718003,1.140700033270523,-0.30171300108041293,-0.983822203561983,1.1939689411944467,-1.0812212129944723,-1.0140677512169813,-0.998391980004983,-0.10137901367278856,-0.6007917169928287,-1.5240030709358887,0.12214944469431245,-0.15329565102369538,-1.4459960878228426,0
1.6497208848795075,1.109047349520155,-1.6032360836506476,-0.13478617003801185,1,0,0,1,0,0,-0.1295925695289965,-0.32511320814868666,-0.3617263482723934,-0.191296740449945,-0.2494580985255576,-0.10219662633326239,-1.4841972652535014,0.19256580354662844,0.2407154971936608,-1.6850339659041529,-1.8433068749963315,-0.5972469493998707,1.5617817110941978,-1.3873433374102346,1.3568439751557069,-0.22025385866253575,-1.6062742359028452,-1.9626877843079225,-0.9053494332772455,0.08334093927970501,0.6775953105299783,1.0949538996525208,-0.5504000354353189,0.6836181423289309,0.48020660003169086,-0.08334093927970501,0.9053494332772448,-1.2609229441355856,1.5417059985633763,0.5820863081239148,0.369483754641173,-0.32353798091572933,-0.15100471279239655,0.758556726032511,1.4523772426253072,0.015758101167622184,0.3065783976019474,0.5793409677244183,-0.9436526815433369,-1.047916823426415,-0.7530997473783346,-0.2550758902638815,-0.8656330827735822,-0.9326642846196119,-0.76555472453303,0
-0.35489957898503444,0.49062096620506923,0.5693561964423357,2.9451710759725747,1,0,0,1,0,0,-0.5207796166571032,0.015047957690470858,-0.68155588370685,0.3873529130313436,-0.39298124726146477,-0.28778159480090554,-1.7686759680388398,0.7142039093942701,-1.2301863354629776,-0.8832626996743309,-1.4666022578141782,-0.20251412609078706,1.427920993462286,0.40730264927291177,0.10498577635165973,-0.005768697734755102,0.7093054582903144,0.5731486986840929,0.4407888507730546,-0.7133741297612556,2.866358995957597,-0.8750948334237978,1.6759089471717419,1.8965660745238984,2.4662229133416775,0.7133741297612556,-0.4407888507730553,0.32667033235006016,0.04072103005925432,-0.1548200530645294,-0.1344157646506147,0.15437386567706757,-0.08799472517957138,0.10608304780917345,-0.09793149585751397,0.20179139169817292,3.165445595430572,-0.6346847228976005,0.8444977348704508,1.675000163536073,2.5299844631536863,-0.1916295312302808,-1.3595243465075295,-1.712032918215528,1.5850608941045057,0
0.8787130141623758,0.5936920300909173,-0.15484123025532542,-0.4281154315628296,0,1,0,1,0,0,0.5644489656982895,-0.5193248823201031,-0.6559695208720935,0.3815664164965307,-1.286344307363308,-0.6942797546493096,0.5479546581812953,0.6554640120804032,0.22925340830307742,-0.07304795044193274,0.5278645296370186,-1.0024500295608347,-1.5243906810418386,-0.41158136012182744,0.0458992339724225,-0.5618149588932584,-0.5691238070769333,-0.09463777302710712,-0.5566704711695901,-0.8151232831568466,-1.173191536414924,-0.8536640819913697,-0.8779669416445838,-0.46565035650739317,-0.7786451068158564,0.8151232831568466,0.5566704711695893,-0.48105256270404034,-0.10937746679115769,-0.44594355378095224,-0.6512357844370638,-0.8185181077439823,0.4475901695294441,-0.7910682597479163,-0.6516131881728072,-0.35630847989348147,-1.1644891896302574,-0.9381911455531051,-0.6243401071837319,-0.944186652494511,-1.0407926936620688,-0.12818317219668063,1.1099319721622063,0.7374113588002092,-1.136704559054746,1
1.2385166871637046,-1.4419614816545723,-0.4445202009343899,1.0385308760612593,1,0,0,1,0,0,-0.571255364673633,0.19181546951116127,-0.19541498984647596,-0.29545367807657696,0.5855739309965051,0.3758523647315823,-0.27876542665996157,1.2681997567964924,-0.9102440065061592,0.15346409583239232,-0.1041029168373143,-0.8168334618697568,-0.8509552980395702,-0.45371794383804565,-0.09441734232987781,-0.43167000580033693,-0.46338068176046043,-0.5699446592260943,-0.7279513648365089,-0.3920901182240855,-0.06571951181394813,-1.8352291869315513,0.8105473245159642,-0.6668004447216834,-0.4211011385782223,0.3920901182240855,0.7279513648365081,-0.2582324537235989,0.19081952690966666,0.900502637032502,0.5116092600824467,0.2909201075607231,0.8256500952063961,0.18764225758709038,0.6218547041523672,1.4420133285685155,-0.026493508941193386,-1.6969572021918669,0.1876261533306929,0.585833368751077,0.2622871218583729,-0.5088613263982832,1.3568776040291806,1.2384340518261547,0.2860364732784985,1
0.8016122270906633,0.4133176682906843,-0.15484123025532542,-0.4281154315628296,1,0,0,1,0,0,0.08492935954125552,-0.424544933547825,-0.6943490651242283,0.46257736798391114,-1.1471638494126535,-0.6839943226619463,-0.1442824022596126,-0.13843806323172222,-0.038355841729106714,-0.35861307566387984,-0.10159301607846219,1.183608485466345,0.6455256206386858,0.6034298830640554,-0.13453748933186915,-0.06268859831801991,0.62230928411721,0.28897172215360867,-0.01835909107355938,1.6325091290815754,0.8035682217252603,0.055233882993084245,-0.010562275072241471,1.1015343629386953,0.41420053941901364,-1.6325091290815745,0.01835909107355796,0.577342954953057,-0.10937746679115769,0.06352257247278678,0.020630241285320403,0.2738518273252659,-0.08799472517957138,0.10608304780917345,0.12354118106860354,0.139780294854656,0.5008703430854462,-0.17942508891434333,-0.6790794056453779,-0.5811310542328463,-0.14386762583630988,-0.857816301083085,-1.3595243465075295,-0.8769950965056176,-0.20882997275045564,0
-0.25209852955608386,1.109047349520155,-0.4445202009343899,-0.13478617003801185,1,0,0,1,0,0,-0.0412600105000692,-0.3518609237531332,-0.3617263482723934,-0.191296740449945,-0.32699198043353456,-0.1227674903079891,-1.3483062867194315,-1.4973173984223243,1.5165389407495855,-1.5397615338465453,-0.9069092429021769,0.8036275327003666,1.1327281991701936,-1.064299283784025,-1.1043453067099498,1.6474000016170458,-1.3570046858480518,-0.440289083792874,0.8686312511301267,0.23455420748543962,0.8114174089964893,0.9488062343835956,-0.41768140938530196,0.7345358776782495,0.7491698375209637,-0.23455420748543962,-0.8686312511301275,-1.038102835155144,-1.0850176963188372,-0.30038180342274146,0.5632912620610914,-0.05044549714841698,-0.9701345517591269,0.5138790966987595,0.12354118106860354,-0.8523972546416179,0.3898463742377325,0.4275877563966659,-1.0166384128255321,-1.047916823426415,-0.7361766328910565,-0.2233527107470814,-1.1125787146405561,-1.1553410370755877,-0.7036964187794109,0
0.030604356373531493,0.49062096620506923,0.27967722576327125,2.9451710759725747,1,0,0,1,0,0,-0.38197130961164594,-0.16578985867872228,-0.68155588370685,0.3873529130313436,-0.6330174795586402,-0.42685852297786225,-1.7459515000068964,1.0895246961878153,-1.4381540889766982,-1.1163996510200223,-1.8310921114152217,-0.9908845761299917,0.9382698103462418,0.45557704014068423,0.6302703479228714,-0.1293605098403806,0.11666024437106196,-0.00449727464846259,0.004530982273630621,-1.3559421528355944,2.8829952725395738,-0.8640158394436191,1.8360099811687494,1.6238622057686083,2.3761187109719772,1.3559421528355944,-0.00453098227363133,0.5216379277079463,0.7161642658861095,0.33645085439443295,0.21443774870523882,0.2567835470898098,0.25856020669096863,-0.38327221085833024,-0.4301405112466897,0.2638024885416898,3.3597375409140704,-0.5588081172337243,1.136440659999233,2.051022033164225,2.783831180462863,-0.033013633646279864,-0.7833178721512579,-1.32234860141757,1.708777505611744,1
1.4698190483788447,0.8771374557769975,-0.15484123025532542,-0.13478617003801185,0,1,0,0,1,0,-0.3188766245909836,-0.20649290416374969,0.5593827137788417,-0.5141832470925041,0.6443165134230482,0.23856420733503664,0.0963008740996681,-0.3643699085602142,1.9687348631817545,-0.3585103737884345,-0.11325431414478883,0.1360342071875695,0.23271708948874023,-0.42643603521873025,-0.12317603177378386,1.977151599368849,-0.9862545954786593,-0.18732095139319488,0.010024599876957354,0.17559215780023885,-0.5599985715068041,0.3767140898883293,-0.7044798293854444,-0.49362878844256547,-0.03564629484309978,-0.17559215780023885,-0.010024599876958064,-0.2582324537235989,0.11577027848446049,0.7549408866742913,1.764897808064586,1.178470679804488,-0.7180946013078251,0.2692014673650073,0.2896456887631914,0.9459245538203791,-0.6371253376036178,0.12408133374116129,-0.5969704579529088,-0.840456481562607,-0.9561771212256767,0.4428340591057229,-0.7010026615289333,-0.7099875321636356,-0.5799798072721716,1
0.9044132765196139,1.2378861793774645,-1.168717627632051,-0.4281154315628296,1,0,0,1,0,0,-0.5333985536612357,0.02318856678747634,-0.5920036137852022,0.19350527911511192,-0.09920064193564308,-0.13171134421004418,0.5655211649267978,-0.833943530403768,0.2547316948748329,0.880073426849293,1.035187204920548,0.7623794266732529,-0.7370665614263691,0.40290554536403267,-1.076894430541429,-0.34200182233694465,0.5691215638429291,0.4082129210895112,0.8063022000563537,0.24011390447808975,-0.38379247250573284,0.06580446702045392,-0.6919056093748074,-0.6245912215292618,-0.9472536004431538,-0.24011390447808975,-0.8063022000563543,0.8280155775560533,-0.7097714541928067,1.5282376854522888,1.0801112818475405,1.2979486414526862,1.424244977528238,0.5954383064766764,0.2342775195316623,1.3800022317249987,-0.19302946221276363,0.35171115073279,0.8718673841012752,0.3394742127878045,0.05920974801103089,0.7600658542737248,1.0276167615398821,1.2941032399401495,1.2139110595827887,0
-0.9203053508442651,1.289421711320388,2.452269505856255,-1.6014324776621007,1,0,0,1,0,0,-0.6469689866984278,0.3807938949773599,-0.822280879298011,3.1243657739978388,-1.0707561904610863,-2.121718837417302,1.3610762446635547,2.638191940413023,-1.5875071214924275,0.9481348520792472,-0.6288879808587643,0.044594410003517576,0.7164396007892211,0.7744910315730402,2.880875167068699,-0.9330430124718343,0.9566143009138549,-0.35309833577675115,0.4316262532639202,-0.36726020632542794,-1.1187473372757764,-0.735003732310488,1.2325571716744312,-0.33230665103991863,0.4728533756406138,0.36726020632542794,-0.4316262532639209,0.7166055230658329,2.667444724941468,-1.6069330893092284e-4,-0.4832692780064673,-0.10165033785478751,-0.15100471279239655,0.8401159358104279,0.6772228733838963,-0.29429738304996345,-1.1644891896302574,-0.9381911455531051,-1.0531312784666302,-0.3477381696360611,-0.44848368660732285,-1.0798785577006862,-0.28942660841731066,-0.48731077970765985,-0.8274130302866491,0
-0.020796168340944693,0.4133176682906843,-1.168717627632051,-0.4281154315628296,1,0,0,1,0,0,-0.6217311126901629,0.3255540475333941,-0.6943490651242283,0.46257736798391114,-0.18789203091048115,-0.10711574597939269,-1.5007702150084463,1.1146465027674148,-0.584681676948787,-1.6148643176090587,-1.2504628891889227,1.2894550184095057,1.5856090112318855,-1.0043519581791003,0.8519461251876782,-0.2138937704327656,-0.9998175251129364,-0.8579150586195573,0.3637290563372595,1.3979208031972914,1.0833208740725364,-0.676426380026117,0.5843368278927702,1.1901755676050463,0.788075923447201,-1.3979208031972914,-0.36372905633726016,-1.0102503215325889,0.5660657690356972,-0.50962681956267,-0.5349512799851129,-0.8697229484503528,-0.2770246880180474,0.5954383064766764,0.4557501964577793,-0.9144083514851348,0.6396503041450882,-0.8623145398892288,-0.934529465133063,-0.5292659687668935,-0.0592520533999176,-1.2702176348014877,-1.5241547677521787,-1.211010225189582,-0.3944048900113141,0
1.110015375377516,0.026801178718756015,-0.15484123025532542,0.3052077222492148,1,0,0,1,0,0,-0.34411449859924853,-0.194863462596599,-0.4001058925245282,-0.16236425777588057,-0.06399026245025044,-0.02438509738538309,-0.11832937936388528,0.2789377568947395,-0.11695775654057487,0.38373407521613295,0.6235331828660939,-0.4421039037441935,-0.5739989518200943,0.46087479178463464,1.461967670678399,-0.20187852986076096,0.8333926581030539,0.9635369672649778,-0.3471945350124867,-0.25863368266248993,0.6250405440911329,1.0817162935295295,-0.04298328211986034,0.3079779146848117,0.130082635415577,0.2586336826624906,0.347194535012486,-0.007559831120602114,0.641115017460903,-1.4011925405067138,-1.2714198081808024,-0.9379960693921812,-0.5920746260821743,-1.5251011477491712,-1.592872065108806,-1.1624527388592034,0.7506742729928018,1.2622304186993043,0.5525548097416701,0.4432043837197094,0.549980068142106,0.31594134103852145,-0.12479618717266176,-0.26463402725168356,0.40975308478573785,1
1.2385166871637046,1.4697960731206219,-0.4445202009343899,-0.13478617003801185,1,0,0,0,1,0,-0.571255364673633,0.19181546951116127,-0.3361399854376369,-0.20286973351957077,0.42912011159186164,0.30430153351514155,0.012257693008933184,-0.16904221444695317,-1.5306738667733186,0.44084607007055227,-0.416745605944251,-0.09317314241637203,0.3292422948880948,-0.45670404968266287,-0.08386889918553467,-0.5180652452417502,-0.6012678393424659,-0.9540296664419412,-0.36119580761071546,0.23115255077283092,-0.4733779257774974,0.14799772229564648,1.5718768443110334,-1.1917614966983938,-0.3896345842273391,-0.23115255077283092,0.36119580761071474,-0.3139374809687093,0.11577027848446049,0.6275743551108558,0.24027874969456073,-0.01630893667750248,0.41608517572303205,0.758556726032511,1.0648000580046022,0.9459245538203791,-0.4150773999081907,0.19995793940503753,0.1876261533306929,0.9877877811122063,0.38074892326932136,-0.6992004034990842,0.2044646553166367,0.3477270420022505,0.47161139053935697,1
1.2385166871637046,1.109047349520155,-0.4445202009343899,-0.13478617003801185,1,0,0,1,0,0,-0.571255364673633,0.19181546951116127,-0.3617263482723934,-0.191296740449945,0.39619939409298316,0.29535767961308645,-0.843907193148618,-1.572878530366702,-0.0445434497068447,-0.94499539352844,-1.326134062850934,0.0730099131827012,1.364393443855151,-0.5600821742364623,-0.2675604352055803,-0.4140720386080968,-0.37182980683936934,-0.7075982616737552,-0.10086982058087872,0.19961827368027837,0.6138459858018765,1.8907889741325847,-0.3552100778823095,0.9079277391211333,1.03320725070357,-0.19961827368027837,0.10086982058087801,-0.3974950218363748,-0.03432821836595151,0.74584327727690225,0.3953247556304958,0.22264698661889537,0.4790951633358572,0.758556726032511,0.8986955503100138,0.9459245538203791,0.05677446769459199,0.8828473903799233,-1.554908181031724,-1.4628375071540325,-1.0915620371239039,-0.5723076854318833,-1.6887851889968277,-1.823371294443516,-1.3222794763156045,1
1.2385166871637046,1.289421711320388,-0.4445202009343899,-1.6014324776621007,1,0,0,1,0,0,-0.571255364673633,0.19181546951116127,-0.822280879298011,3.1243657739978388,-1.2922481779456862,-2.2670564633256975,0.3480718261705218,0.5563358145184251,-1.3120179649001265,-0.14462142784609291,-1.2089914654474136,-0.16566546324250692,0.5891085814839839,-0.45187601914379166,-0.48409916618090093,-0.26925836096261435,-0.043729556918434595,-0.41803451505104383,0.41113096936191074,-0.6337026228571595,-0.9355115413335784,-1.2485482824284238,1.5229938252903903,0.15201273874139407,1.1636187764741506,0.6337026228571595,-0.4111309693619114,-0.45320004908148526,-0.4846237089171882,-0.11842961547497735,-0.23777976860790415,-0.23819657973844427,-0.2140147004052217,0.5138790966987595,0.34501385799472056,-0.10826409251941274,-1.1089772052064004,-1.4693273852002382,-1.7464957256474865,-0.8793552956620708,-0.7700228618656133,-1.5240030709358887,-0.6186874509066087,-0.9326642846196119,-1.2604211705619852,1
0.2619067175886707,1.109047349520155,0.5693561964423357,-0.13478617003801185,1,0,0,1,0,0,-0.34411449859924853,-0.17160457946229762,-0.4768649810287978,-0.09061170074420077,-0.1840083785988379,-0.06194928377401448,-0.6234893797974851,-1.3224973618430504,0.11780353039745652,-0.7741827489268291,-0.930983133713883,-0.4761674939844835,1.1969737132283336,-0.2636273314618253,-0.10720288368216103,-0.1293605098403829,-0.6759682893622504,-0.6753488046367041,-1.2854881513645413,0.625495827724652,0.6035638366521824,1.7077756375102737,-0.29103620940452624,0.37559236311937827,0.550977007876564,-0.625495827724652,1.2854881513645404,-0.2582324537235989,-0.10937746679115769,-0.018355912103706302,-0.08273376267196997,-0.34060626115118536,-0.05648973137315825,0.02452383803125581,0.7879592118469556,0.6978801664463103,0.08453045990652028,0.8069707847160468,-1.4454295841084306,-1.3461410648556402,-1.1423313805857394,-0.6040308649486834,-1.6064699783745033,-1.6006945419875402,-1.2604211705619852,1
-0.3034990542705592,-0.1535731830814779,-0.4445202009343899,0.3052077222492148,0,1,0,1,0,0,-0.06649788450833415,-0.3431388425777702,0.16279408984011548,-0.4354868942190488,0.16719369863227257,0.07265571745191467,-0.1661976377797409,-0.2841746272113123,-0.27851781083742544,0.2133682518412653,0.2494225497329462,1.4817783558578745,1.2137232939244735,-0.46317619087169737,-0.7903359824320856,-0.42781578208590715,-0.33461571983056604,-0.2426483829629046,1.240594943021994,0.7905619868667512,-0.23169833144860277,-0.40170264332509636,-0.049170424782940564,-0.62004596273172,-0.5611604486505568,-0.7905619868667512,-1.2405949430219947,-0.48105256270404034,-0.7848207026180125,-0.20940570944885942,-0.39282577454383927,-0.4942207832702994,0.2270552128845555,1.9003856629233515,1.2862727349307197,-0.5423417704240322,-0.24854144663662048,-0.4070549059059717,-0.10431677179808911,-0.11434528503927678,-0.3469449996836519,-0.12818317219668063,-0.20711139779498602,0.18071947766026855,0.22417816752487937,0
-0.6890029896291251,1.3667250092347738,-1.168717627632051,-0.13478617003801185,1,0,0,1,0,0,-0.596493238681898,0.2964804436155174,-0.4128990739419065,-0.11896553376478392,0.3908475178051733,0.319953277843738,-0.4281565809973005,0.3804323699272167,-0.3004344168119724,0.2711584781326588,0.08561995112578168,-0.007202597691427047,0.031027322580837124,-0.6185910146893878,0.3170023956932218,0.2843372967303017,-0.2512561649308419,-0.44378510470157884,-0.83882515761197,0.8221130942085976,-0.022726704878490354,-0.2045893257848672,0.6964354742240999,-0.6154589224387618,-0.5445799087624188,-0.8221130942085976,0.8388251576119693,-0.7038726716844818,0.04072103005925432,-0.6824813981130464,-0.44450777652248397,-0.5112890635057554,-0.9386295579527137,-0.6279498401920818,-0.319404172783631,-0.5423417704240322,-0.38732140769626244,-0.6346847228976005,-1.4545528005187045,-0.944186652494511,-1.0915620371239039,-1.5874494299694895,-1.0302635040182315,-0.8213259083916238,-1.5078543935764617,1
0.44180855408933456,0.05256894469021735,1.4383931084795292,0.3052077222492148,1,0,0,1,0,0,-0.2810198135785862,-0.23498503600326887,-0.438485436776663,-0.1102857889625646,-0.2006745132716574,-0.09548873590672108,0.05971186147568415,-1.4623732355439818,0.7609490412671651,-0.1182978542941764,0.38406714072224546,0.278069864855841,-0.08396240236625284,0.9024186457478346,-0.5872380561692502,0.9382524846340753,0.22103229134155752,0.5614151121757293,0.3699083794759778,0.012383503443245562,0.81865528102686,1.4188709660193453,-0.09738956902342509,0.37898460569614756,0.048806493456759026,-0.012383503443245562,-0.36990837947597854,0.605195468575612,-0.7097714541928067,-0.6369933511261053,-0.09565426316663046,7.593435579547688e-4,-0.9071245641463012,-0.709509049969999,-0.9284540343304539,-0.6663639641110671,0.9727222106882286,1.6416134470186852,0.6346637574341392,0.4821031978191731,0.6176725260912207,0.28421816152172197,-0.28942660841731066,-0.32030321536567735,0.5334696962929761,1
0.004904094016293398,0.15564000857606544,0.5693561964423357,0.3052077222492148,1,0,0,1,0,0,-0.21792512855792381,-0.2780139698017264,-0.2849672597681238,-0.2520549540654803,-0.067357416377254,-0.019018785044150034,0.10605737568195711,0.6801249833085533,-0.37690010163896,0.31534421408485414,-0.07492820235224341,-0.3176577609924306,-0.729615530428892,0.0012947505352295294,-0.2108951884646913,0.6762328174021363,0.13056036777948762,8.401996375431242e-4,0.513835114248652,-0.9428627094306623,-0.14618166312931954,-1.1447630540757632,1.1947838310134558,-0.29654826314546756,0.09823062415339263,0.9428627094306623,-0.5138351142486527,0.38237535959517033,0.26586877533487285,1.555530513644453,1.7390568070752632,1.7246556473391115,0.2270552128845555,0.35076067714292497,0.12354118106860354,1.069946747507413,0.11228645211844858,-0.8623145398892288,1.127317443588959,1.6620338921695847,1.4130589069933075,-0.0647368131630805,1.6861384465184783,1.2384340518261547,1.0901944480755505,1
1.2385166871637046,0.23294330649045036,-0.4445202009343899,2.505177183685348,1,0,0,1,0,0,-0.6469689866984278,0.4302190216377503,-0.5920036137852022,0.19061203084770548,0.21019201111646588,0.18355950583739783,-1.7178060885439779,-0.32399190035748554,-0.2871008119880339,-0.8306112750130986,-1.3728584982783514,-0.21514953076206267,1.3776445842935765,-0.28267798393037974,-0.5538476638351697,-0.1743668296584756,0.45994200544350916,-0.03748537772129113,0.8763442106275502,-1.1625858176247739,2.1062026713069084,-0.11014338026754722,0.21725457998795777,1.5781728653287377,1.7481861094233682,1.1625858176247739,-0.8763442106275509,-0.3696425082138195,-0.6347222057676005,-0.45504116317834126,-0.4703487775118068,-0.27233314020935756,-0.5290646384693491,0.35076067714292497,-0.04256332662598434,-0.4183195767369984,2.4437897979204335,0.19995793940503753,0.9722227646142934,0.9488889670127426,1.6161362808406496,1.0455744699249259,-0.7833178721512579,-1.266679413303576,1.3376276710900281,0
0.8016122270906633,0.9029052217484598,0.5693561964423357,-1.161438585374874,1,0,0,1,0,0,-0.5207796166571032,-0.005885037130400375,-0.5664172509504457,0.025696879605538233,-0.06618818488432694,-0.02438509738538309,-0.7309686942114101,1.0017823176206584,0.1928110361506021,-0.5726206097139677,-0.7140592809588088,-0.8882171167449614,0.6756466159515531,-0.44766257477085997,0.1533118691583662,0.029031697178815624,-0.11978321075939993,-0.37982306140324607,-1.0827475017179835,-0.13756642077256032,0.5691305929880912,-1.221393204878989,-0.23440508976731161,0.6547985199702759,0.5574887440887795,0.13756642077256032,1.0827475017179828,-0.48105256270404034,0.04072103005925432,-0.2821865846279648,-0.22485926811324272,-0.2552648599739003,-0.49755964466293656,-0.38327221085833024,0.12354118106860354,-0.046252995675895824,0.8894542340524437,-0.9381911455531051,1.1638103092300558,0.8451587960808378,1.0915197317350172,1.1407440084753266,-0.12479618717266176,-0.2089648391376897,1.3376276710900281,0
-1.0488066626304537,1.7790092647781635,0.27967722576327125,0.5985369837740325,1,0,0,0,1,0,-0.5586364276695006,0.05516953109714072,-0.2210013526812325,-0.28908853188828276,0.5291327677719437,0.2658429617363047,0.7045895596602414,-0.5618195258172762,-0.38374971231329574,0.5041457095949771,0.0710480057807029,0.43294865406676497,0.016421384232348218,0.9163418286230998,0.18529354169808848,-0.2236060800333177,0.41572450628305646,-0.11769039129739411,-0.5860329100839196,1.171710631808875,-0.06415097608539859,0.9567379331799527,0.2998961664784048,-0.2688430247936319,-0.20726764768548023,-1.171710631808875,0.5860329100839188,0.7166055230658329,0.04072103005925432,-0.3640650692044592,-0.4186667755331612,-0.23819657973844427,-0.4660546508565234,-0.709509049969999,-0.5408768497097485,-0.23228628620644656,-0.27629743884854874,0.5034643620605421,-0.8615437338508666,-0.5940973255993336,-0.6515610604546642,-0.857816301083085,-1.1125787146405561,-0.7656567202776299,-0.7036964187794109,1
-0.09789695541265715,-0.3854830768246345,0.5693561964423357,1.7718540298733036,1,0,0,1,0,0,0.04707254852885811,-0.4024489945702387,-0.3361399854376369,-0.1768304991129128,-0.3634276836895903,-0.17285307215949763,0.6354260313047638,-0.4919646332650085,0.6298365182751297,0.2660834671993726,-0.4416719671039691,-0.925037905278594,-0.19831720816773032,1.1802093692647215,-1.5238219185743733,-0.1659833942131302,0.8218008249056737,0.4412362922564749,-0.7768887630270574,-0.4911325578708816,0.295675931272563,-0.8512944479878576,-1.0278049239370446,0.4554220325604661,1.0049765482585329,0.4911325578708816,0.7768887630270568,1.1900982546492709,-1.3852146900196616,0.23637715102316323,0.11107374474794844,0.4445346296798359,0.1325402314653172,-0.8726274695258333,-0.6516131881728072,0.3258135853852078,0.08453045990652028,-0.9381911455531051,-0.6334633235940058,-1.0219842806934394,-0.8038690908401701,1.0138512904081252,-0.4540570296619595,-0.7099875321636356,-0.45626319576493324,0
1.4441187860216065,-1.41619371568311,0.27967722576327125,1.0385308760612593,0,1,0,1,0,0,-0.4703038686405733,-0.07566168653330448,-0.15703544559434116,-0.29545367807657696,0.4100219945064339,0.17014372498431518,0.8950127648190679,2.214984009906144,-1.1871344284158765,0.7018550888981911,0.2925086985578518,-0.14654907994734032,-0.8927798219235221,1.1548844508897385,1.1143559210245915,-0.7115623132095134,0.18564941789252265,-0.002950451834638833,0.2430696413654208,-0.440948977121442,-0.09059010076668242,-1.9237977674895093,0.9078010309155938,-0.76407416033269,-0.3831561759786262,0.440948977121442,-0.24306964136542153,1.6357384726101538,1.6918044954137887,1.4281639820810177,0.7700192699756713,0.8200367948598906,1.6132749403667133,0.4323198869208419,0.34501385799472056,1.13195784435093,-0.026493508941193386,-1.772833807855743,0.2879815338437111,0.7284623537824456,0.34690269429476517,-0.4136917878478824,1.439192814651505,1.2941032399401495,0.47161139053935697,1
0.8787130141623758,0.5936920300909173,0.27967722576327125,-0.4281154315628296,1,0,0,1,0,0,-0.23054406556205628,-0.27568808148829627,-0.4001058925245282,-0.1247520302995968,-0.2006745132716574,-0.11561240718634504,-1.1959824204113765,0.17958952065571487,0.5454608919429336,0.28984901719808687,0.1615355501484068,0.5285924408489057,-0.2844915764293858,-0.9620372742494654,-0.37616248733259355,0.6874119924102766,0.10695814481081606,0.13506317976103607,0.454702424768406,0.26996871572628706,0.7017863599315294,-0.6233235752860644,-0.0548805537215337,-0.28550945723965665,-0.07814121943058881,-0.26996871572628706,-0.4547024247684067,-1.038102835155144,-0.6347222057676005,-1.0099953364190213,-0.5478717804797735,-0.47715250303484213,-1.222174502210428,-0.6279498401920818,-0.8730858650989243,-0.9144083514851348,0.77843026520473,-0.482931511569848,0.40658334717727845,0.31354167005482897,0.17767154942198057,0.47455723862252236,0.03983423407198747,0.18071947766026855,0.5953280020465953,0
-0.5348014154856993,-1.0039094601397194,1.4383931084795292,0.3052077222492148,1,0,0,1,0,0,-0.5081606796529707,-0.014607118305763387,1.5572508643343463,-0.6588456604628262,1.294491821035279,0.4979359704946343,-0.7019788229868419,0.37999759997096433,-0.4186152559716512,0.6241731206542463,0.08646689666826482,0.49450580417567463,-0.8923131554751417,1.0348832992052006,0.3127406157725374,-1.604701811009583,1.1529600880701858,-0.26285535512740243,0.18286856865026183,0.4930801176436292,2.010161840330308,-0.20826194794371172,-1.040309484604601,0.3000378693640576,-0.3690382941067605,-0.4930801176436292,-0.18286856865026252,0.939425632046274,0.26586877533487285,-0.054746349693259644,-0.8708842928463041,-0.42594766232847037,0.41608517572303205,-0.05703537174666111,-0.1532996650890431,-0.10826409251941274,0.6396503041450882,-0.9381911455531051,-2.448983389238618,-2.435307859640635,-2.2084875932842825,-1.4922798914190887,-0.20711139779498602,0.013711913318286572,-1.6934293108373202,0
0.23620645523143258,0.2587110724619126,-0.15484123025532542,0.5985369837740325,0,1,0,1,0,0,-0.8236341047562825,5.9687405679932635,-0.3617263482723934,-0.16815075431069346,2.400338970197056,4.720329397654844,-0.7989131297897065,-0.8748028495070284,0.9516508017065409,0.004781196678738525,1.0197196932978478,1.6418874543173758,-0.8084824757333956,-1.3283211993096158,-1.414005450086278,1.1727382113242355,-0.5823742378724804,0.792420314666427,1.233103646290187,1.0163614779638186,-0.2163347365444095,-0.21582525420208276,-0.12244972248450726,-0.5839314135068798,-0.5520413378708322,-1.0163614779638186,-1.2331036462901876,-1.2887754577581405,-1.3852146900196616,-0.46413877257572894,0.17567624722125458,-0.06751377738387422,-0.18250970659880966,-0.30171300108041293,-0.8177176958673952,-0.5423417704240322,-0.24854144663662048,-0.2553016945782196,-0.1681792866700104,-0.2051091846046925,-0.4146374576327655,-0.12818317219668063,0.12214944469431245,0.7374113588002092,0.47161139053935697,1
-0.9203053508442651,-0.1535731830814779,2.452269505856255,0.3052077222492148,1,0,0,1,0,0,-0.6595879237025604,0.43312638202953796,0.16279408984011548,-0.4354868942190488,1.136056903292319,0.6696579654140921,0.739754730630521,2.3162224212063345,-0.22436534148603157,1.0989778373054655,0.32160557439944687,0.8169755933967766,0.29299926519637576,0.8559416525236637,2.9341575707568244,-0.7498636387426706,0.841944855039789,-0.3008416066875231,0.2181716668474233,0.8978772664439514,-0.1734001466197371,-0.23971332050327435,-0.4468257022679084,-0.6497900521313689,-0.7118162725254287,-0.8978772664439514,-0.21817166684742473,0.8837206048011639,2.892592470217086,0.2545723698179399,-0.18609776662925942,0.15437386567706757,-0.024984737566746233,0.6769975162545934,0.6218547041523672,0.015758101167622184,-0.19302946221276363,-0.2553016945782196,-0.0951935553878152,-0.30883935553659736,-0.5330992590437151,0.09387908442092041,-0.12479618717266176,0.3477270420022505,0.22417816752487937,1
0.2105061928741954,0.8771374557769975,-0.15484123025532542,0.3052077222492148,1,0,0,0,1,0,-0.7100636717190902,1.0029690188199216,-0.42569225535928473,-0.11607228549737747,0.7942834361199336,0.861056438918071,-0.18157079123569292,-1.6025991497357281,0.45900291800530574,-0.27898613587586285,0.11737391763973254,0.2923325660244992,-0.014102963671868684,-0.5133133774521303,-0.42565723369342473,0.5158850546591305,0.2506438729322876,0.7604944944473411,0.9277639406103714,-0.5214382267650228,-0.26041807342677215,1.7732035548194802,-0.10905763743461083,0.6254264447868505,0.5898830141524924,0.5214382267650228,-0.927763940610372,-0.6481676444393714,-0.6347222057676005,-0.8644335860608106,-0.4961897785011287,-0.3747428216220998,-0.5605696322757617,-0.46483142063624716,-0.8730858650989243,-0.8523972546416179,-0.1375174777889068,1.9451198696741894,0.534308376921121,0.39133929825375646,0.6345956405784983,0.6014499566897238,0.03983423407198747,-0.2089648391376897,0.6571863078002155,1
0.44180855408933456,1.289421711320388,1.4383931084795292,-1.6014324776621007,1,0,0,1,0,0,-0.2810198135785862,-0.23498503600326887,-0.822280879298011,3.008635843301581,-1.7791541973174771,-2.5058573625105685,1.3567208934151873,0.611709023248108,-0.3518865688809696,0.037221612327847896,-0.49062296008624423,-0.223733104194388,-0.39534453346243076,0.989071486443524,-0.4104261007547159,0.9170463567158177,0.1127266040051376,0.5094273645690883,0.2567889334467663,-0.5598254073642694,-0.8982848531617067,-1.2507456895433822,1.4025838768160275,0.061493773972138656,1.1351905463555898,0.5598254073642694,-0.25678893344676695,0.577342954953057,-0.6347222057676005,-0.9099216330477515,-0.354064273059855,-0.2894014204448148,-1.033144539371952,-0.9541866793037505,-1.149926711256571,-0.9144083514851348,-1.0812212129944723,-1.4693273852002382,-1.7373725092372125,-0.9182541097615345,-0.8377153198147269,-1.397110352868688,-0.5363722402842841,-0.8213259083916238,-1.198562864808365,0
1.341317736592655,0.5936920300909173,0.5693561964423357,-0.4281154315628296,1,0,0,1,0,0,-0.1295925695289965,-0.3094134620330332,-0.6431763394547153,0.3815664164965307,-0.7960574185097282,-0.5328431917172152,0.8238922349519552,0.39724694122768983,0.9830050353201488,0.1877247102736077,1.0780745269563403,0.8632834515594101,-1.049456424083028,-0.0155863010442372,-0.2232056479139505,0.18413711226631724,-0.07566489377291645,0.36708036629901275,1.2514376093443502,-0.06374491962016399,-1.1612158568170452,-0.7688364117994445,-1.158760774434022,-0.32863198603247024,-1.043167153488402,0.06374491962016399,-1.251437609344351,0.18740776423728422,0.04072103005925432,0.8459169806481733,0.821701271954316,0.7517636739180628,0.8571550890128092,0.9216751455883455,0.34501385799472056,0.38782468222872474,-1.2200011740541141,-1.0140677512169813,-1.262965255902942,-1.5665676780859363,-1.5654092427677009,-0.6992004034990842,0.4514102871836102,0.45906541823023866,-1.569712699330082,0
0.9044132765196139,2.3201323501788633,-1.168717627632051,0.3052077222492148,1,0,0,1,0,0,-0.5460174906653681,0.02318856678747634,-0.7071422465416066,0.5927735400172011,-0.4395669100812881,-0.4402743038309449,0.1887514429939739,-0.7905939906065294,-0.5731989025184934,0.4479849417268693,0.2648244492497904,0.2916970415240689,-0.16800461269757744,0.5369173550385387,-0.9735549324608886,-0.3216271373539604,0.7300668586815456,0.4719222747971487,0.4513710056427588,-0.04982429368856782,0.27401801864759245,0.10982910383691977,0.4603778465818356,0.11872304516328609,0.1164554950640666,0.04982429368856782,-0.4513710056427595,0.8001630639334981,-0.7097714541928067,0.9641859028142197,0.6278937645343975,0.9224464762726329,0.9201650766256344,0.2692014673650073,0.06817301183707392,1.0079356506638961,0.3898463742377325,0.27583454506891375,0.5160619441005718,0.6895635396829819,0.7022880985276131,-0.0647368131630805,0.03983423407198747,0.013711913318286572,0.34789477903211874,1
-0.020796168340944693,-1.0554449920826439,-1.168717627632051,0.3052077222492148,1,0,0,1,0,0,-0.6091121756860305,0.35172029105948316,-0.579210432367824,0.057522610547009106,0.12079695862464888,0.2260428118721595,-1.2503371861451236,0.18143676070733805,0.05393984620107593,-0.9956697354908122,-0.6154135705954743,0.40890181094284095,0.6212574907061879,-1.0535032774880586,0.46614582713618974,-0.04976403766661768,-0.8281394509003441,-0.6347020074776006,0.18286856865026183,0.3763264807979944,0.6859762321010491,0.21794700850285448,-0.12374563538186795,0.5239166738878887,0.18040480666752878,-0.3763264807979944,-0.18286856865026252,-1.0659553487776992,0.19081952690966666,-0.6187981323313287,-0.5478717804797735,-0.8185181077439823,-0.40304466324369825,-0.05703537174666111,-0.1532996650890431,-0.9764194483286528,0.5563823275093027,0.12408133374116129,-0.21379536872138252,-0.24400799870415715,-0.025405824425361403,-0.2550758902638815,-0.5363722402842841,-0.4316415915936655,0.038603250264021984,0
1.4441187860216065,0.5163887321765315,0.27967722576327125,-0.4281154315628296,0,1,0,1,0,0,-0.4703038686405733,-0.07566168653330448,-0.7583149722111197,1.0643730076044513,-0.8590650364872796,-0.8807591085071582,0.9292786944192392,1.0267360850865843,0.31036173024960856,-0.12376898364078165,-0.1770552566182856,0.2853175969397312,0.028944736351051204,1.3670705115655066,1.274332789110145,-0.8188499656104822,0.4619551956917084,0.16213554239376116,0.2246519615849838,0.16633209230480636,0.07377610171420386,-0.13262888536000175,-1.247140128279621,0.6252707763352557,0.38847430508059494,-0.16633209230480636,-0.2246519615849845,1.9142636088357055,1.9169522406894068,1.5282376854522888,0.7829397704703327,0.9565830367435462,1.7707999093987767,0.2692014673650073,0.17890935030013266,1.3179911348814817,0.3898463742377325,0.27583454506891375,1.2915353389738984,0.3394742127878045,0.5838262971166633,2.187608932529733,0.03983423407198747,0.1250502895462747,1.275769365336409,0
0.5960101282327613,0.4133176682906843,-0.4445202009343899,-0.4281154315628296,1,0,0,1,0,0,-0.38197130961164594,-0.12799417358548257,-0.6943490651242283,0.5146558367972272,-0.6818010648125379,-0.4961733907187893,-0.07159527403033118,0.30096853099169146,-0.3935401817339998,-0.8735093108016563,-0.5770947325256701,0.6526500620612483,0.5916054583538155,1.0972597843745566,-0.26599499227456336,-0.17597005284993045,0.09679813069242556,0.27021050356510473,0.3210111268130686,0.5717619163874247,1.1959240192907705,-0.6795566980993042,0.3611496794775302,1.276038094185572,1.0140593805789733,-0.5717619163874247,-0.32101112681306926,1.106540713781605,-0.18442671521636386,0.22727954162577424,0.09815324425328795,0.13730558544161034,0.5106001571422693,0.10608304780917345,-0.04256332662598434,0.2638024885416898,0.6118943119331598,-0.9381911455531051,-1.235595606672119,-0.892321567028559,-0.39771434314548676,-1.1433249167342867,-1.3595243465075295,-1.32234860141757,-1.0129879475475077,0
-0.020796168340944693,-1.0039094601397194,0.27967722576327125,0.3052077222492148,1,0,0,1,0,0,-0.81101516775215,5.64893092489662,1.5572508643343463,-0.6588456604628262,2.9829393930739525,4.853592820795464,-0.518848187237009,-1.3667631720820714,1.4001761803425903,-0.21512937698156648,0.9367437698099734,0.20074782242270622,-1.3242477793047531,-0.10001958769189484,-1.271257994859695,1.4305371158521105,-0.0849688521715022,0.9552947342085272,-0.06904425348519842,0.3422733367180179,0.6215326409914531,0.6024069947011017,-0.47653590375017585,0.20637224998700457,-0.2851534037613002,-0.3422733367180179,0.06904425348519772,-0.17467491285593337,-1.2351161931692491,-0.30947941282012914,0.44700675760914055,0.39332978897346543,-0.5290646384693491,-0.709509049969999,-0.762349526635866,0.38782468222872474,-0.3318094232724056,-0.5588081172337243,-2.7682959635982227,-2.5001392164730754,-2.2931031657206744,-1.9681275841710915,-0.6186874509066087,-0.5429799678216537,-2.3120123683735136,1
0.23620645523143258,-0.9266061622253344,-0.15484123025532542,2.505177183685348,0,1,0,1,0,0,-0.8236341047562825,5.9687405679932635,-0.68155588370685,0.4336448853098467,1.725931180924437,4.255248994747979,-1.5901043606006133,-3.3603899046594723,1.5383372373085993,-0.989553475152825,0.7236229687328987,0.5617601044252718,-0.8882344559768665,-1.3132667266856637,-1.5631983415382316,1.3117545653056393,-0.49191824294544484,0.7658366635676649,1.164294698531354,-0.38855952469070976,0.898878181292599,3.046262820579194,-0.7847717049992156,0.849045195166894,-0.19305485552370863,0.38855952469070976,-1.1642946985313547,-1.2887754577581405,-1.535313186870074,-0.6187981323313287,0.09815324425328795,-0.10165033785478751,-0.49755964466293656,-0.38327221085833024,-0.8730858650989243,-0.6663639641110671,0.8339422496285867,2.8556391376407038,0.023408257945752128,-0.38663698373552574,-0.0423289389126401,-0.0647368131630805,0.6160407084282594,0.45906541823023866,-0.20882997275045564,1
0.2105061928741954,-0.6946962684821769,-0.15484123025532542,-1.161438585374874,1,0,0,1,0,0,-0.7100636717190902,1.0029690188199216,-0.6175899766199587,0.29766221674174387,0.41121777532108655,0.5413136619196015,0.06702434930709018,-0.511685268853711,0.13074510653271754,-0.0227927822404147,0.4314089370101195,1.2908259747366877,-0.16839682742639633,-0.5970605545047011,-0.4132444679733609,0.37542084095306955,-0.11345771703538696,0.5738643007198088,1.3634784946753398,0.40825130337297294,-0.6897748603762474,0.2883248534027183,0.19852879909273452,-0.0817111517154433,-5.859507522751031e-4,-0.40825130337297294,-1.3634784946753404,-0.6760201580619267,-0.5596729573423944,-0.6278957417287164,-0.354064273059855,-0.3747428216220998,-0.18250970659880966,-0.13859458152457876,-0.7069813574043363,-0.8523972546416179,-0.7481493064513315,0.04820472807728505,-0.5969704579529088,-0.41256952646850126,-0.4146374576327655,-0.5405845059150832,-0.4540570296619595,-0.32030321536567735,-0.45626319576493324,1
0.5960101282327613,1.289421711320388,-0.4445202009343899,-1.6014324776621007,1,0,0,1,0,0,-0.6217311126901629,0.3807938949773599,-0.822280879298011,3.008635843301581,-1.1531482284226375,-2.0322802983967514,0.057404089200538334,-0.1014279965324415,-1.485858560491463,-0.08264087389298569,-1.2066416952014178,-0.06833406297249872,0.6445573377620343,-0.9615823607723276,-1.2177284595124442,-1.1433674344318123,-0.17185640726002646,-0.7575213218879331,0.3506288912831737,-0.440948977121442,-1.0406235483081727,-1.0806805303046452,0.8822444230793128,-0.058767382533598235,0.8291211689412867,0.440948977121442,-0.3506288912831744,-0.9823978079100336,-1.2351161931692491,-0.5824076947417753,-1.0388507992769007,-1.040405750804923,-0.024984737566746233,0.4323198869208419,0.2896456887631914,-1.1004416420156866,-1.1644891896302574,-1.317574173872486,-1.582277830262547,-0.9830854665939747,-0.939254006738398,-1.0798785577006862,-0.20711139779498602,-0.4316415915936655,-1.0748462533011267,0
-0.9460056132015023,0.4133176682906843,1.4383931084795292,1.478524768348486,1,0,0,1,0,0,-0.6974447347149578,0.8459715576633873,-0.7711081536284979,1.6083036818768623,-0.3088314588364044,-0.5923198201658815,1.4339260549126633,0.4633087549714802,0.4800186293098527,0.6906914287658594,0.6989515080447022,1.0322479433576246,-0.3313832896496532,3.4677049123151567,-0.38813859207330614,0.47679811357833496,2.6368802476731372,2.1217394450468285,2.1388014211658057,-0.7133741297612541,1.4709808046781663,-1.024734527160629,-0.17706542507439435,1.6816057551755883,1.16279441273137,0.7133741297612541,-2.1388014211658066,3.863939562414569,-0.10937746679115769,0.9186978558272787,1.0542702808582185,2.2367040544028214,0.16404522527173035,-0.30171300108041293,-1.0945585420250417,1.1939689411944467,0.7506742729928018,-1.2416975682086098,-1.4089367184673323,-1.268343436656712,-0.6515610604546642,-0.9529858396334858,-1.1948939252628807,-1.545025353873546,-1.4459960878228426,0
0.9044132765196139,1.4697960731206219,-1.168717627632051,-0.13478617003801185,1,0,0,1,0,0,-0.5460174906653681,0.02318856678747634,-0.7839013350458762,1.6459159093531461,-0.8958498657963051,-1.2541650089179583,0.7441543694594017,-0.04803813391798156,-0.6008906701570198,-0.24033689329673846,-0.7205028880471347,-0.4184543952947856,0.4928472653067686,0.8347424895091133,-0.9302537382046938,-0.8066360110550158,0.6438130326603736,0.18963570212711944,0.7520553775833569,-1.3166012534636966,-0.20069990541239954,-0.865973927234082,0.01084627663131657,0.9630736200600812,1.12183139531805,1.3166012534636966,-0.7520553775833577,0.911573118423719,-0.7848207026180125,0.391036510778763,-0.10857476366129187,0.15437386567706757,0.7626401075935709,0.35076067714292497,0.012804842605544792,0.20179139169817292,-0.24854144663662048,-0.8623145398892288,-0.23204180154193166,-0.1921429132382052,0.19459466390925928,0.1890486229713212,-0.20711139779498602,-0.7656567202776299,-0.08511336124321738,0
-0.38059984134227254,-1.0554449920826439,1.7280720791585935,0.3052077222492148,1,0,0,1,0,0,-0.7731583567397526,2.3025591139490107,-0.579210432367824,0.057522610547009106,0.9640064492997569,1.7263743039419013,-0.22421703555453634,-0.4634365944635186,1.2442970116868388,0.35584730394890274,1.119553549610787,1.9205361852612914,-0.5737352141749978,0.14383840843320286,-0.2970699825700834,1.3559168779996256,0.9727786930348388,1.3704796140034043,2.1938991741874005,0.4434998061064408,0.4555008888965903,0.33848308278190253,-0.3384300009081446,0.48386394980467784,-0.11746784484783006,-0.4434998061064408,-2.193899174187401,-0.06326485836571254,-0.4846237089171882,-0.7097742263052108,0.03355074177998182,0.4274663494443799,-1.1591645145976028,-0.22015379130249568,-1.0391903727935126,-0.6663639641110671,0.44535835866158957,0.35171115073279,0.10551720563822252,-0.08841274230630035,0.10997909147286698,-0.09645999267988113,-0.04248097655033679,0.18071947766026855,0.40975308478573785,1
0.23620645523143258,0.20717554051898904,-0.15484123025532542,-0.13478617003801185,0,1,0,1,0,0,-0.8236341047562825,5.9687405679932635,-0.7327286093763631,1.0007215457215095,1.504439193439837,3.817000153547279,-0.5815848299807859,-0.3587115225097933,0.7457073140293173,-0.4695442258383476,-0.25809789662692734,0.10000460446073402,0.37700165599100827,-1.2532076257591138,-1.1557474104004826,1.4950431386161098,-0.7352081022131718,0.4121727869535815,1.3298662290760435,-1.1825507815298193,-0.4434824301306921,-0.6654595622137784,0.4829672932775735,-0.09469581229637845,0.7379464097451816,1.1825507815298193,-1.3298662290760441,-1.2609229441355856,-1.2351161931692491,-0.8735311954581982,-0.05689276168264715,-0.34060626115118536,-0.9386295579527137,0.02452383803125581,-0.5408768497097485,-1.1624527388592034,-0.6093693453916895,-0.8623145398892288,-0.97102233077416,-0.6070635969658218,-0.6007917169928287,-0.3819686083310823,-0.37174181903963527,-0.8769950965056176,-0.9511296417938885,1
0.4161082917320974,1.289421711320388,1.4383931084795292,-1.6014324776621007,1,0,0,1,0,0,-0.7479204827314877,1.6135147010953323,-0.822280879298011,3.008635843301581,-0.5690568034191699,-1.0842317847789116,1.5860784696581576,0.061093898755855726,-0.6886302494649789,1.1259369666708097,0.10023010732571686,-0.285768205783895,-0.7214167435779288,1.2577363151807615,-0.9707258163207377,-0.1109129433439705,1.7193071180098132,1.2652865202798245,0.4783555005605047,-0.8641809106868654,-0.9487654148168806,-1.056305106362633,0.8299238086113325,0.18376730471655314,1.1050019706251628,0.8641809106868654,-0.4783555005605054,0.6609004958207222,-1.1600669447440433,-1.2465331807511142,-1.1034533017502068,-0.47715250303484213,-0.844114576533476,-1.3619827281933365,-1.648240234340335,-1.3484860293897554,-1.1089772052064004,-1.317574173872486,-1.6735099943652914,-1.0868156375258795,-0.9561771212256767,-1.0481553781838862,-0.37174181903963527,-0.7656567202776299,-1.136704559054746,0
-0.020796168340944693,0.5163887321765315,0.27967722576327125,-0.4281154315628296,1,0,0,1,0,0,-0.81101516775215,5.64893092489662,-0.7583149722111197,1.0643730076044513,0.9012659350619028,3.521852974779461,-0.3357367868008319,-0.7504871992102448,2.100165300687868,-0.3079850784671686,0.6420123152880927,-0.1059998199949462,-0.4716476369524995,-0.025999365603237665,-1.105929719696858,1.3194667914862324,0.12320831644360199,1.2482524618750492,-0.5252107151899527,0.3763264807979944,0.4408719150165467,-0.0778288819310861,-1.5450594454429738,0.538239228986735,0.3840281233458737,-0.3763264807979944,0.525210715189952,-0.20252742647848845,-1.1600669447440433,-0.6915790075104341,0.03355074177998182,0.08610074473523979,-0.5920746260821743,-1.1988643086375024,-1.149926711256571,0.07776919801113909,0.44535835866158957,-0.02767187758659086,0.15113328768959466,-0.6848612251647502,-0.44848368660732285,1.5531453421937294,-0.5363722402842841,-0.4316415915936655,0.2860364732784985,1
1.2899172118781799,0.23294330649045036,-1.6032360836506476,-0.13478617003801185,1,0,0,0,1,0,-0.7983962307480176,3.020677130720565,-0.8478672421327675,5.942389586451714,-0.7344913508946546,-2.2692924268012113,0.1994742564878347,0.32504671727006107,-0.40450933683062357,0.7267341177294508,0.5205179450984156,-0.18926915886688314,-0.2478648049604674,-0.8344148859940604,-0.6888467791511099,0.7466305191347326,0.08895808213308418,1.0199101178508223,0.7686432489180746,-1.020471574555225,-1.1111113318626915,-1.136208401885552,1.3032694815480996,-0.8935615966091686,0.31904489918784473,1.020471574555225,-0.7686432489180752,-1.0102503215325889,-1.009968447893631,-1.5285590720701494,-0.9871687972982559,-0.9038595089212672,-0.9071245641463012,-0.46483142063624716,-0.8177176958673952,-0.9764194483286528,-1.192245181842186,-1.317574173872486,-1.3633206364159602,-0.6070635969658218,-0.8884846632765624,-1.0798785577006862,-0.37174181903963527,-0.8213259083916238,-1.569712699330082,1
0.544609603518286,0.23294330649045036,-0.4445202009343899,-0.13478617003801185,1,0,0,0,1,0,-0.7353015457273552,1.1192634344914283,-0.8478672421327675,6.150703461704978,-1.3801488435131979,-3.8926019100242106,1.2785148109054005,0.7722339978601599,-1.942605883693834,0.9262850772318725,0.11715158972446096,-1.4421793805211225,-0.613736365031616,0.756828682585509,-0.03345556052165724,-1.2150117770935225,0.4644067418810509,0.4802567391909147,-1.1820904200447964,-0.7945777810288902,-1.0215916648661587,-1.0934304431573452,1.434637660001905,-0.7908536048287086,0.3165744271764205,0.7945777810288902,1.1820904200447957,0.29881781872750485,-0.40957446049198204,-1.1646546961746211,-1.5169093175793655,-1.2964299543367779,0.2270552128845555,-1.3619827281933365,-1.0945585420250417,-0.728375060954584,-1.192245181842186,-1.3934507795363622,-1.9289600538529752,-1.0868156375258795,-1.277716296483967,-1.6191726094862895,-0.6186874509066087,-0.9883334727336057,-2.002720839605417,0
0.23620645523143258,1.289421711320388,-0.15484123025532542,-1.6014324776621007,0,1,0,1,0,0,-0.8236341047562825,6.178070516201975,-0.822280879298011,2.54571612051655,0.7118913981583822,2.783985027859916,-0.2922486385843282,-0.35471329869633544,0.5171602048094359,-0.5931556294443348,-0.35777939923025986,-0.02039582676211257,0.24082490776221657,-1.1507106749801763,-1.1617896048773575,1.3942578903837035,-0.5157770625457639,0.4566729525821853,0.773109214277421,-0.7945777810288902,-0.7433977019577188,-0.677000187660038,0.6941193931733505,0.2898792819683869,0.9109829956091695,0.7945777810288902,-0.7731092142774217,-1.2609229441355856,-1.3852146900196616,-1.6741208224283601,-0.8579637923516437,-0.9892009100985523,-1.5057194464681423,-0.6279498401920818,-0.983822203561983,-1.720552610450858,-0.9424412519348303,-1.0140677512169813,-1.554908181031724,-1.0349505520599276,-0.8715615487892844,-1.0798785577006862,-0.6186874509066087,-0.9883334727336057,-1.136704559054746,1
1.4698190483788447,-0.02473435322416849,-0.15484123025532542,0.3052077222492148,1,0,0,1,0,0,-0.7479204827314877,1.395462671711257,-0.8350740607153893,5.329020953761549,-0.8359652222306702,-3.0451717528044906,-0.0956593613910865,0.07075015678871746,-0.1436400302119439,0.0914569955732281,-0.24864880547412271,0.4440058365260059,0.7769527303784359,-0.21751392448205528,-0.9271150872487558,0.5673998413184324,0.8573309394060311,1.2658916305941292,1.3298662290760435,-0.7133741297612556,-0.08432067983272182,-1.0258703525313522,0.7665428539621544,0.7265621831045326,1.5591524163930854,0.7133741297612556,-1.3298662290760441,-0.28608496734615396,-0.9349191994684248,-0.3367722410122935,-0.0052107597040024186,0.3421249482670949,-0.2140147004052217,0.02452383803125581,-0.5408768497097485,-0.10826409251941274,-0.3318094232724056,-1.1658209625447336,-1.0257616292358074,-0.5292659687668935,-0.2284831982727022,-0.5088613263982832,-1.3595243465075295,-1.712032918215528,-0.6418381130257917,0
-0.35489957898503444,-0.02473435322416849,1.7280720791585935,0.3052077222492148,1,0,0,1,0,0,-0.7731583567397526,2.122302769658175,-0.8350740607153893,5.329020953761549,-0.6144732347460667,-2.486180883926047,-0.015815832074621214,0.39111892413185023,0.5276966533480137,-0.0365435149089969,-0.20079385842361502,0.36660555931132066,0.3609072449541223,-0.14030039315372034,-0.4226278138730635,1.212222860536631,0.4899544337489335,1.0462415943116887,1.2234273880116016,-0.7133741297612541,-0.11819420023028887,-0.9602022640793824,0.4967880654430455,0.5351983605660207,1.2824931324660345,0.7133741297612541,-1.2234273880116022,-0.3417899945912644,-0.6347222057676005,-0.8735311954581982,-0.18609776662925942,0.017827623793410803,-1.0646495331783645,-0.709509049969999,-1.2052948804881005,-0.6043528672675491,-0.24854144663662048,-1.0140677512169813,-0.5513543759015367,-0.23104172733766892,-0.008482709938082702,-0.033013633646279864,-1.1948939252628807,-1.545025353873546,-0.2706882785040748,0
0.4161082917320974,0.5421564981479937,1.4383931084795292,-0.4281154315628296,1,0,0,1,0,0,-0.7605394197356201,1.4972202854238257,-0.7583149722111197,1.1164514764177673,0.17807456053538515,0.28864978918654516,0.23444346746542463,-0.6232896421779335,1.2984550599449716,0.6386121574581851,0.5201462426078731,0.2698552127929618,-0.6640615240342702,0.9146966743341338,-0.8762951376128868,0.1696782496872399,1.5817098900673057,1.3134970712561544,-1.0383979846077995,1.3979208031972914,0.5879547909550564,-0.022368637497002755,-1.6045212882191164,0.7056726265354676,0.6061586485664985,-1.3979208031972914,1.0383979846077986,0.27096530510494976,-1.1600669447440433,-1.583144728454478,-1.2714198081808024,-0.6990401460957827,-1.1906695084040155,-2.0960156161945913,-2.0911855881925696,-1.2864749325462383,0.08453045990652028,-0.482931511569848,-1.4089367184673323,-1.8647919195151619,-1.5484861282804228,0.28421816152172197,-1.5241547677521787,-1.211010225189582,-0.8892713360402683,0
0.2105061928741954,-0.35971531085317227,-0.15484123025532542,1.7718540298733036,1,0,0,1,0,0,-0.7226826087232228,1.1018192721407023,-0.7966945164632545,2.11462212867299,-0.398226511328222,-0.7868486425355797,0.015477815404210829,0.07267388384273747,-0.20509624433381843,-0.3276418639353033,-0.14084020202373462,0.26105972674583805,0.5398249148755515,-0.2366226797260885,-0.5084372825537453,0.5403780090822693,-0.17980511787393813,0.4606655604395989,0.6912331826893887,-0.3295023237687909,-0.25795287263367483,-0.609088494531464,0.8234012220403397,0.26433134348821424,0.6328494189088848,0.32950232376879157,-0.6912331826893894,-0.4253475354589299,-0.7097714541928067,-0.8917264142529749,-0.5091102789957901,-0.5454256239766699,-0.5605696322757617,-0.22015379130249568,-0.5408768497097485,-0.790386157798101,-0.3040534310604773,-0.6346847228976005,-0.25028823436248077,0.19684522775643593,0.2961333508329291,-0.5088613263982832,-0.6186874509066087,-0.8213259083916238,0.16231986177126023,0
1.4698190483788447,0.20717554051898904,-0.15484123025532542,-0.13478617003801185,1,0,0,1,0,0,-0.7479204827314877,1.395462671711257,-0.7455217907937414,1.0990919868133286,0.15413457110734785,0.22380684839664572,0.08291575346569845,-0.19671175469999655,-0.049649421768058345,0.5229791360506475,0.22821243027785088,0.019909042761446085,0.05049411496165282,-0.06023512462095833,-0.8694000380158226,0.34155012196461576,0.7454230198472618,0.9743285852672642,0.8164553486475558,-0.7825969144484197,-0.17548260037972505,-0.6009528159280073,0.41109735642865747,0.03263763340053707,0.6545548895568064,0.7825969144484197,-0.8164553486475564,-0.03541234474315745,-0.7848207026180125,0.11810822885711679,0.279040251178545,0.5810808715634928,0.1325402314653172,0.2692014673650073,-0.09793149585751397,0.38782468222872474,-0.3040534310604773,-0.7105613285614767,-0.5787240251323598,-0.2958730841701091,-0.2623294272472596,-0.1916295312302808,-0.12479618717266176,-0.48731077970765985,-0.332546584257695,1
0.544609603518286,-0.02473435322416849,-0.4445202009343899,0.3052077222492148,1,0,0,1,0,0,-0.7353015457273552,1.1192634344914283,-0.8350740607153893,5.329020953761549,-0.923865887798175,-3.257588282978299,0.6897465942914047,0.579302343115135,-1.7075691852349488,0.04372113482182344,-0.4782489442138317,-0.383473490787369,0.4679544394521302,0.8993806059903828,-0.30865222200346343,-1.6553699311327306,0.6047080677170685,0.8467119950111431,0.09517567272851181,-0.6174061782631385,-0.06045892522881286,-1.1043116664927024,0.670817142601677,0.540553736124769,1.4483965141921915,0.6174061782631385,-0.09517567272851252,0.49378541408539117,-0.5596729573423944,-0.9372144612399159,-1.5427503185686884,-1.2793616741013212,1.0146800580448727,-0.9541866793037505,-1.0945585420250417,-0.6043528672675491,-0.1375174777889068,-1.0899443568808573,-0.2959043164138529,0.08014878545804377,0.2961333508329291,0.15732544345452057,-1.1125787146405561,-1.4336869776455579,0.16231986177126023,0
1.4698190483788447,0.23294330649045036,-0.15484123025532542,-0.13478617003801185,1,0,0,0,1,0,-0.7479204827314877,1.395462671711257,-0.8478672421327675,6.150703461704978,-1.2922481779456862,-3.680185379850402,0.8219672052764541,0.1084492264016595,-0.44990994340871465,0.6105053045565934,0.06653763960522532,-0.06108182980362537,0.21191920107294657,0.04237377381433695,-0.8307400402487743,0.6689375837111627,0.683875082515657,0.8432042786913979,0.8164553486475558,-0.8930588049066626,-1.1006260323168862,-0.9810671022643915,1.2872597242471147,-0.14663445462012137,0.7367226715141773,0.8930588049066626,-0.8164553486475564,0.02029268250195297,-0.7848207026180125,-0.04564874029587195,0.3048812521678669,0.5810808715634928,-0.37153966943728567,0.2692014673650073,-0.09793149585751397,0.07776919801113909,-1.2477571662660425,-1.317574173872486,-1.9380832702632496,-1.1516469943583196,-1.1254082660984612,-1.6191726094862895,-0.8656330827735822,-1.266679413303576,-1.940862533851798,0
-0.020796168340944693,0.23294330649045036,0.27967722576327125,-0.13478617003801185,1,0,0,0,1,0,-0.81101516775215,5.352380164934277,-0.8478672421327675,6.150703461704978,-0.46758293208315554,-0.637039089676157,0.7473344672922493,-0.029245847416124095,-0.586280157488239,0.23633861093911457,0.36045257593727786,-0.20113116795634875,-0.6814490694337737,-0.03651550133208234,-1.1140261516528445,0.7270105009476715,0.3788876887644541,1.51119882782324,0.7902460580981725,-1.0580753433055055,-1.0756726275898953,-1.0758660997593328,1.5320400566149424,0.05642033033464739,1.006785522152839,1.0580753433055055,-0.7902460580981732,-0.20252742647848845,-1.1600669447440433,-0.6551885699208807,-0.21193876761858224,-0.05044549714841698,-0.024984737566746233,-1.1173050988595852,-1.482135726645747,-0.23228628620644656,-1.192245181842186,-1.317574173872486,-1.600524263083096,-0.7367263106307022,-0.6684841749419423,-1.4922798914190887,-0.7010026615289333,-1.1553410370755877,-1.5078543935764617,1
1.521219573093319,-1.1842838219399534,-0.15484123025532542,-0.4281154315628296,0,1,0,1,0,0,-0.34411449859924853,-0.1832340210294483,0.8792122492132983,-0.5645257669453762,0.810949570792753,0.29535767961308645,-0.8746861035407091,0.4126231032504512,1.4759600417744987,-0.9563894016974261,-0.15737047078945082,-0.5326977167655529,-0.09203190371468001,-0.6304815209749824,0.2364339164353795,1.9883343213128748,-1.190489769238417,-0.3272850219011184,-0.05671543019588151,-0.6702864780682226,0.5863026121729032,-0.32948385135939867,-0.01960258337133645,0.11155110410094475,-0.11494080362882372,0.6702864780682226,0.056715430195880795,-0.5367575899491508,0.340918023760079,0.35464607318920965,1.3772827932247493,0.7346953936826055,-0.9071245641463012,0.18764225758709038,0.2342775195316623,0.5118468759157585,1.5278420549267964,0.5793409677244183,3.0979321882082353,2.608571701923212,2.5130613486664073,1.9338234963953311,1.8507688677631275,1.5724491805101195,2.884085314930511,1
1.4184185236643685,0.4648532002336079,-0.15484123025532542,1.1851955068236681,1,0,0,1,0,0,-0.3945902466157784,-0.14253097554442093,-0.08027635709007157,-0.3625770378804064,0.3543899699139817,0.17059091767941792,0.611225779079068,-0.38279404204176837,0.41392980513405303,0.37582431260617055,0.3409607189533851,-1.2068994039661822,-1.429834511355014,0.04237377381433661,-0.741638581701622,0.8353514994165724,-0.5410298557727304,-0.1959749685313946,-1.1598770966922176,-0.49571485832222956,-0.8075849491743039,-0.21756041447431093,0.2735917855733582,-1.0441903438579703,-0.6345970468579216,0.49571485832222956,1.159877096692217,-0.3974950218363748,-1.0850176963188372,-1.6832184318257484,-1.0905328012555453,-1.2110885531594928,-1.6002344278873806,-1.5251011477491712,-1.3160312189511594,-1.658541513607341,-0.6371253376036178,0.04820472807728505,0.8444977348704508,0.8710913388138142,0.34690269429476517,0.506280418139323,1.6861384465184783,1.5167799923961247,0.40975308478573785,0
1.1614159000919912,-0.07626988516709207,-0.15484123025532542,1.7718540298733036,1,0,0,1,0,0,-0.4703038686405733,-0.09368732096238805,-0.2721740783507456,-0.25494820233288673,0.29239327175239216,0.12497726277893696,-1.156459593350069,1.0674922344654163,0.08994869508927747,-1.148396406820622,-0.6176015106654673,-0.691659769403973,-0.17833293388981095,0.35932126009224763,1.3151371556734115,-0.2835821657503875,0.48670770276374803,0.6290547101675745,-0.10086982058087872,-0.8432999717894734,1.9671147852320365,-0.14769106076272157,-0.40793560750549634,2.0340204839038547,1.417061700408995,0.8432999717894734,0.10086982058087801,-0.06326485836571254,0.5660657690356972,-1.3284116653276086,-1.2455788071914804,-1.0233374705694662,-0.5290646384693491,-1.3619827281933365,-1.482135726645747,-1.2244638357027204,2.360521821284648,0.19995793940503753,1.099947794358136,0.6895635396829819,1.548443822891536,1.109020828958526,0.12214944469431245,-0.26463402725168356,1.3994859768436472,0
-1.2544087614883548,-0.10203765113855341,-0.4445202009343899,1.0385308760612593,1,0,0,1,0,0,0.4256406586528323,-0.49781041542087434,1.339766780238916,-0.6328064260561682,0.34569971621367224,0.10619516958462126,-1.3317960902451216,-0.34202361728416636,-0.8276882053825921,0.7934860146585158,0.06906475219551678,1.562791661720111,0.6370383150484341,0.11263306880205076,1.059975655889975,-0.5301520669172984,0.44110911070803455,-0.3004885826610978,0.1590389773671773,1.9737285121859853,1.9644365182293158,1.531298491481617,0.5987258048955605,-0.6345521710378594,-0.38315617597862917,-1.9737285121859853,-0.15903897736717798,0.0759977097470634,0.9413120111617277,-0.082039177885424,-0.3411437725651945,-0.15285517856115927,-0.18250970659880966,0.18764225758709038,0.12354118106860354,-0.4183195767369984,2.2124898628210303,1.843951062122355,0.8049637970925972,1.0223645047561742,0.6684418695530556,0.09387908442092041,-0.7558794686104828,0.1992758736982665,1.605680329355712,0
1.3927182613071303,-0.05050211919562982,0.5693561964423357,0.5985369837740325,1,0,0,1,0,0,-0.20530619155379135,-0.2832472185069442,0.03486227566633282,-0.40713306119846565,0.21019201111646588,0.09680412298746342,-0.7801262653126372,0.6837847127180765,0.32674125940168003,-0.7014685087409511,0.0861172262726338,1.421282712932898,0.6708913663467183,-0.06079177325623089,-0.30923787627724847,-0.15265348146085017,-0.13486010440266122,0.3104684020552998,1.068484771272222,0.87874991804355,1.0240421387461158,-1.2483036933344511,-0.600068274521605,0.8139137293305414,0.1911553550071095,-0.87874991804355,-1.0684847712722227,0.2152602778598393,0.04072103005925432,1.1552357001593716,0.8863037744276221,0.785900234388976,1.424244977528238,1.0032343553662626,0.5111183656893089,0.6978801664463103,1.1115021717478706,-1.0899443568808573,0.4521994292286506,0.054216242725068246,0.38074892326932136,0.47455723862252236,-0.7833178721512579,-0.48731077970765985,0.5953280020465953,1
0.08200488108800677,-0.2566442469673251,0.27967722576327125,-0.4281154315628296,1,0,0,0,1,0,-0.40720918361991093,-0.1338088943690579,-0.10586271992482811,-0.3567905413455935,0.35152719931506443,0.1728268811549317,1.2043314754687122,1.6945632606701362,0.1718496029126844,0.6114823566331962,0.11681818854581867,-1.5083494318375519,-1.6053609103641193,1.289676619052503,1.756753698997737,-0.0593930285469551,0.49897982916664996,-0.05015427902437153,-0.5566704711695901,-1.5051097296207103,-0.386022551356737,-0.5659639650261443,-0.29460843002526743,-0.33129335714407887,-0.20083525812204003,1.5051097296207103,0.5566704711695893,1.07868820015905,1.4666567501381707,-0.2912841940253525,-0.2765412700918884,-0.06751377738387422,-0.5605696322757617,-0.7910682597479163,-0.6516131881728072,-0.4183195767369984,-0.3318094232724056,-0.482931511569848,0.1876261533306929,0.002351157259115363,-0.1269445113490324,0.4428340591057229,2.2623449208747504,1.461110804282131,-0.2706882785040748,1
1.4698190483788447,-0.12780541711001567,0.27967722576327125,-0.4281154315628296,0,1,0,1,0,0,-0.48292280564470574,-0.05531016379079078,-0.0035172685858019803,-0.39324546951491474,0.5630390160772756,0.2613710347852771,1.1469619436958933,1.908337665439649,0.2828510871701286,0.2618750470821561,0.3833873441103,0.2897823577888206,-0.5472692026532239,1.064320495173696,1.6040579946188587,-0.6545679217815104,0.14040387212506975,-0.22780772123985948,-0.05671543019588151,0.45147824704345946,-0.5314220045868768,-1.0123432490544113,-1.044444546829766,-0.21455421765885926,-0.720832224724052,-0.45147824704345946,0.056715430195880795,1.4686233908748227,2.142099985965025,1.2553094035306427,0.6666552660183818,0.700558833211691,1.2037100208833493,0.18764225758709038,0.2342775195316623,0.9459245538203791,-0.3595654154843339,-0.7864379342253526,0.7988816528190786,0.08014878545804377,-0.008482709938082702,0.9821281108913258,0.6160407084282594,0.9600881112561845,0.7809029193074537,1
-0.3291993166277972,-0.8493028643109486,-1.8929150543297122,1.0385308760612593,1,0,0,1,0,0,1.3089662489421054,-0.636782242148325,1.0199372448044592,-0.5969301475403284,-0.10699099507550089,-0.028409831641307882,-2.2831060298353827,-0.3298845999728717,0.675863136023689,-1.2014511020364715,-0.5864798964094046,0.03857581302050647,0.5117050920872933,-1.2839893711753378,-0.6895513788829603,0.4444559006532829,-0.7962706539164656,-0.7509410469773096,0.20465562353765385,-0.15036214763897582,1.891767460555988,-0.23800046782539744,-0.47729223150057387,0.8335145777467284,0.02930481519283113,0.15036214763897582,-0.20465562353765385,-1.2887754577581405,-0.8598699510432187,-0.9008240236503626,-0.5607922809744348,-0.8185181077439823,-1.0961545269847772,0.10608304780917345,0.012804842605544792,-1.1624527388592034,1.4723300705029398,-0.39621539081113233,-0.5722074419821639,-0.7126460923786533,-0.37112087752262163,-0.5405845059150832,-0.20711139779498602,-0.3043977330473934,-0.6330012122038462,0
0.2105061928741954,-0.3339475448817109,0.27967722576327125,1.7718540298733036,1,0,0,1,0,0,-0.2684008765744537,-0.2559180308241401,-0.38731271110714993,-0.15657776124106768,-0.14015416018538826,-0.07581225732219987,-0.9433184921056043,-0.823719289395273,1.9679791910100681,-0.6406516957586939,-0.7561004888096441,0.007481391726229295,0.9550829287466855,-0.1522936995592665,-1.281922585121298,1.5132072859874555,-0.4020846826484262,-0.0378204686742989,1.090378836681049,-1.0712207285677868,1.1595372560133201,-0.15362132902533407,-1.1696660925408664,0.46677882109993385,0.9460433396999912,1.0712207285677868,-1.0903788366810496,0.10385022336961848,-1.009968447893631,1.1006500437750428,1.8295003105378922,1.5369045647490853,-0.4660546508565234,1.9819448727012692,1.4523772426253072,0.8839134569768611,0.8339422496285867,-0.3311783002420958,-0.5969704579529088,-1.060883094792903,-0.8377153198147269,1.109020828958526,-0.12479618717266176,-0.5986491559356475,-0.5799798072721716,0
-0.12359721776989524,0.0783367106616796,0.27967722576327125,-0.4281154315628296,1,0,0,1,0,0,0.021834674520593164,-0.40651929911874146,0.9559713377175679,-0.5807279572428522,0.4734022339233518,0.13615708015650582,-0.6172966322805675,1.2831226279758237,0.1319717998293066,0.2780084313341218,0.006501184732109142,0.4845789548145356,0.27730851964675224,-0.21848513110544684,1.5160803233106046,0.19446130620217575,0.24481824749280517,-0.4316605569862561,-0.3979084468072301,1.055548651906717,0.6400582251834905,-0.2423500888265103,0.01500498750818294,-0.13281387168418773,-0.42988437654043743,-1.055548651906717,0.39790844680722937,-0.11896988561082296,1.6167552469885829,0.41832933897092733,0.459927258103802,0.5469443110925782,-0.5290646384693491,0.5954383064766764,0.8986955503100138,0.44983577907224165,0.4731143508735179,-0.3311783002420958,-0.3415203984652251,-0.2829068128036209,-0.3130987707090945,-0.5723076854318833,-0.28942660841731066,0.23638866577426285,-0.08511336124321738,1
1.521219573093319,1.4955638390920825,-0.15484123025532542,-0.13478617003801185,0,1,0,1,0,0,-0.34411449859924853,-0.1832340210294483,-0.7839013350458762,1.6227699232138946,-1.2434645926917873,-1.395030707875326,-0.565277080820606,0.7746424718577607,1.0930411081001732,-1.3041074660337377,-0.679429305438486,0.31006076476169087,0.41781481206426235,-0.62468676827921,0.001717685072345302,2.3272913454487156,-1.3087829727174083,-0.27321069346160337,0.25295560183580257,0.17200761631813533,0.1618518828460011,-1.0615003640057878,0.8444795471874084,0.4639982604817702,0.6165543067572242,-0.17200761631813533,-0.2529556018358033,-0.6481676444393714,-0.10937746679115769,-0.32767463161490584,0.8733832739329616,0.2397152668543526,-1.411204465048904,0.02452383803125581,-0.09793149585751397,-0.29429738304996345,0.11228645211844858,-1.0140677512169813,-0.10431677179808911,0.3394742127878045,0.5161338391675497,-0.6040308649486834,-0.4540570296619595,-0.4316415915936655,0.16231986177126023,0
-0.07219669305541997,0.4648532002336079,1.7280720791585935,1.1851955068236681,1,0,0,1,0,0,-0.25578193957032125,-0.25882539121592774,-0.08027635709007157,-0.3625770378804064,0.1744872101997544,0.081152378658867,1.9964121439254667,0.1056721439590477,-0.4404113348976929,2.31008386533698,1.5514883285224317,0.25340107222861585,-1.4845788204669061,2.1157178481001377,-0.3586812556594766,-0.16691448449379107,2.0685656806363015,1.4839826972583297,0.8939738323359463,-0.5410235229891278,-0.6620593391097149,-0.504357341888449,0.4343240889274614,-1.0696199484663373,-0.568190542639689,0.5410235229891278,-0.893973832335947,2.387756340419144,-0.10937746679115769,0.8095265430586199,0.5891322630504142,1.4686314438072563,0.6366201323679207,0.02452383803125581,-0.3747723420151606,1.13195784435093,-0.44283339212011924,-0.17942508891434333,1.1090710107684099,1.1952481229760152,0.6176725260912207,0.6331731362065233,1.7684536571408034,1.5724491805101195,0.6571863078002155,0
-0.8432045637725518,0.6452275620338409,1.0038746524609323,-0.4281154315628296,1,0,0,1,0,0,1.0187306978470585,-0.6024753895252305,-0.6175899766199587,0.2253310100565828,-1.3581308325525685,-0.6374862823712597,2.24778192028564,0.5776037037296781,0.2764117465421528,0.936601653699244,0.7877670462493294,-0.24028034219370598,-1.0280464720470524,2.2845756581482854,-0.49836676762389864,-0.4246479269781579,1.3240693011332785,0.49789611931196104,0.3288881918317134,-0.653901033058197,-0.8428743979481308,-1.2920320977375956,-0.8045943310945357,0.047636044071567234,-0.53803708888351,0.653901033058197,-0.3288881918317148,2.130120589410508,-0.46586139681088673,0.002113709040416646,-0.21839901786591248,0.3079883877961804,-0.08799472517957138,-0.42405181574728873,-0.6100870612491601,-0.17027518936292965,-0.8869292675109735,-1.317574173872486,-0.6517097564145549,-0.9312203811280227,-0.8546384343020056,-0.3185222492974822,0.36909507656128593,0.06938110143228039,-1.2604211705619852,1
1.495519310736081,0.4648532002336079,-0.15484123025532542,1.1851955068236681,1,0,0,1,0,0,-0.7605394197356201,1.6280515030542708,-0.08027635709007157,-0.3625770378804064,1.515320055342949,1.5322926742673058,0.8343977478031547,-0.41944169275796256,0.5311742167613069,1.142736377731106,1.022475689182082,-0.39915311757530736,-1.2073508830785649,0.46281431683605545,-1.0401065216625265,1.0139493851634516,0.5472971355780816,0.7664066833768015,0.21054164239835904,-0.7532098832133022,-0.6978117676057256,-0.4662589939145393,0.2927883984290351,-1.001072652049131,-0.5810215153097178,0.7532098832133022,-0.21054164239835974,0.24311279148239442,-1.0850176963188372,-0.5915053041391644,-0.018131260198663828,0.20557870638343811,-1.0016395455655394,-0.30171300108041293,-0.4301405112466897,-0.29429738304996345,-0.4150773999081907,-0.02767187758659086,1.5196157492307591,1.4675398216722642,0.8884423578876751,0.9821281108913258,2.3446601314970748,2.017802685422071,1.0901944480755505,1
-0.8432045637725518,1.6244026689493918,1.0038746524609323,-0.8681093238500562,1,0,0,1,0,0,1.0187306978470585,-0.6024753895252305,-0.09306953850744984,-0.3591051399595187,-0.6011742540002513,-0.18582166031747752,1.6462022407777306,-0.6829710065238552,1.213868654944505,1.1848737461638084,0.9818884610969247,0.9218684175905918,-0.9053167529962036,2.232073212207373,-0.6922241800234475,-0.42387093347086086,1.487013839250402,0.7224749492071832,0.6912331826893887,0.5717619163874247,-0.05882303488599332,0.2439441525567856,-2.0853485263310203,-0.1261905209394993,-0.5711469187987483,-0.5717619163874247,-0.6912331826893894,1.994726425967532,-0.6847550380510711,-0.16088512599612248,-0.35119305072770857,0.23212936452748284,-0.10549749951646782,-0.40139647969786735,-0.725437413814846,-0.2736270174354578,0.22331042096616224,0.6552175733882943,1.2003031748711541,-0.23104172733766892,-0.2623294272472596,2.473117548180934,0.7806711296729086,1.2384340518261547,1.1520527538291696,0
0.08200488108800677,1.4955638390920825,0.27967722576327125,-0.13478617003801185,1,0,0,1,0,0,-0.40720918361991093,-0.1338088943690579,-0.7839013350458762,1.6227699232138946,-1.1531482284226375,-1.357019328791592,0.6259268649974211,1.6599237527834523,-0.7004476657991031,0.2790960198500026,0.21706747970419946,-0.34893348096741333,-0.66822255270801445,1.3761261285254023,0.9868150316095767,0.14376881556367202,1.0311498678699194,1.2609917540379216,-0.04921092906325296,-0.42709685071602743,0.5046424706947824,-1.2897278083360701,1.102009218912855,0.6454298408169391,0.9489146609832934,0.42709685071602743,0.049210929063252244,0.8837206048011639,0.491016520610491,-0.9372144612399159,-0.7287587874050313,-0.32353798091572933,-0.40304466324369825,-1.1988643086375024,-1.3160312189511594,-0.5423417704240322,0.11228645211844858,-1.3934507795363622,-1.1169937933385516,-0.46443461193445323,-0.194636969298146,-1.3019408143182878,-0.37174181903963527,-0.5986491559356475,-0.76555472453303,0
1.5469198354505571,0.3102466044048362,-1.168717627632051,0.3052077222492148,1,0,0,1,0,0,0.16064298156605036,-0.4466408725254113,0.23955317834438508,-0.45631828174437516,0.044587388156906084,0.009154354747323507,0.7991247886245877,0.9338623874649868,-2.4749049099147666,1.6334229780267355,0.931865318976964,0.6746620950105722,-0.5398543459817253,-0.046214032909303135,-0.054297195327886474,-0.9046595952575309,0.09560192674473943,-0.429513463791387,-0.19143037735720503,1.1100169487029445,-1.1573789885963655,-1.3361491724930177,2.4741822734637107,-2.1118518295950537,-1.6308068530530742,-1.1100169487029445,0.19143037735720433,-0.03541234474315745,-0.03432821836595151,0.06352257247278678,-0.4186667755331612,-0.3576745413866426,0.3845801819166189,0.5138790966987595,0.6772228733838963,0.139780294854656,-0.8869292675109735,-0.9381911455531051,1.9301604876931084,3.237435863197881,1.7684443112261554,-1.0957401474590864,1.2334047880956935,2.2404794378780473,1.3994859768436472,1
-0.5348014154856993,-1.235819353882877,-0.7341991716134544,-0.13478617003801185,1,0,0,1,0,0,0.36254597363216995,-0.4838550855402935,2.260875842290151,-0.6999297858599977,0.6096471614243799,0.1688021468990069,-0.2083843501477049,-1.450773087421835,0.40447969311639076,0.6234286545486335,0.9716240895076289,-0.5993247295061093,-1.6532371400741586,0.5874277993390039,0.886844990142473,-0.7806697418890829,0.4824402349405144,-0.5082911162113041,-0.8144870079783317,-0.009609152108407288,0.8767144471668096,2.879653434784308,-1.3374350937356652,-0.363832413428495,-1.7594062467292326,0.009609152108406583,0.814487007978331,0.6887530094432773,1.0163612595869336,0.4547197765604794,-0.04397226118798574,0.15437386567706757,0.19555021907814235,0.18764225758709038,0.6772228733838963,0.6978801664463103,0.5008703430854462,2.096873081001942,-0.8524205174405927,-1.333174793489152,-1.3623318689203594,-0.857816301083085,1.0276167615398821,1.127095675598167,-1.6934293108373202,1
0.4161082917320974,-0.2051087150244015,-0.4445202009343899,-0.4281154315628296,1,0,0,1,0,0,2.5708599493553526,-0.7181883331183798,-0.11865590134220637,-0.34174565035508003,-1.0237163867764427,-0.28822878749600833,0.9598272378227144,0.698004053438029,-2.932645954123426,1.71285725339054,0.5672769285335876,-2.0447107693000675,-1.3947035133393115,0.1764211129356336,-0.21794516336232433,-2.3404743003712887,0.7934410555189064,0.04961989884537585,-1.9287998281276528,-0.8757814322965277,-1.158385241639365,-1.1763651490151987,1.6570743061156663,-1.5271970763866762,-0.6890436165357415,0.8757814322965277,1.9287998281276528,0.006366425690675429,-0.3720498362793791,-0.555114866549611,-1.591202195423668,-1.2708275339835926,1.1722050270769362,-1.647439962416047,-1.1637687535644534,-0.5578445446349117,-1.0812212129944723,-1.0899443568808573,0.05990112358685037,0.9099901529132779,0.1607484349347019,-0.857816301083085,0.8629863402952329,0.45906541823023866,-0.7036964187794109,1
-0.12359721776989524,0.9802085196628456,-1.6032360836506476,-0.8681093238500562,1,0,0,1,0,0,0.2868323516073751,-0.4681553394246401,-0.029103631420558513,-0.3880376226335831,-0.2181629805404274,-0.060160512993603456,0.5992816463634091,-0.5991522478861627,-0.6353274945563594,0.01654693229133466,0.097787615850944,-0.28096508580160023,-0.21517758771419518,-0.1823387627960451,-0.7131748643503925,0.3773919192176891,-0.7303984804889048,-0.2516930717016239,-0.9116105415751553,0.5209213695068188,-1.0155064607547906,0.10791234020463517,1.2477564519314353,-0.7466044683719506,-0.37285798628429806,-0.5209213695068188,0.9116105415751545,0.35452284597261524,-0.10937746679115769,2.3470225312172275,2.242956326367051,1.7417239275745686,1.6132749403667133,0.2692014673650073,0.8433273810784847,2.2481575875342377,-1.0257092285706153,-0.1035484832504671,-0.5878472415426337,0.09311505682453199,-0.21156008378542468,-1.238494455284687,-0.4540570296619595,-0.26463402725168356,-0.7036964187794109,0
-0.14929748012713334,0.9029052217484598,0.27967722576327125,0.3052077222492148,0,1,0,1,0,0,0.21111872958258027,-0.458270314092562,-0.19541498984647596,-0.28503798431391375,-0.3191083274341983,-0.13215853690514695,-0.04731281691514531,0.22542170374921608,-0.41818965210418985,0.05006730895591967,-0.08888084433469719,-0.156484226260462,0.2641877528372417,-1.0348646614202548,-0.0795086472203773,-0.12141858166594345,0.11581444456541976,-0.07086286630305097,0.19997699316119485,-0.41176056791003435,-0.9682349526105811,-0.38904838017610605,0.44966529885180706,0.047201916405086246,0.04636565405307117,0.41176056791003435,-0.19997699316119558,-0.7874302125521474,0.41596727218528484,1.5646281230418408,1.248077788278137,1.2467438007463156,1.0461850518512859,0.5138790966987595,0.4557501964577793,1.13195784435093,-0.9979532363586869,-0.5588081172337243,-0.6882026220556532,-0.37367071236903754,-0.33002188519637315,-0.857816301083085,-0.5363722402842841,-0.7656567202776299,-0.76555472453303,0
-0.5348014154856993,0.4133176682906843,-0.7341991716134544,-0.4281154315628296,1,0,0,1,0,0,0.36254597363216995,-0.4838550855402935,2.593498559141986,-0.7120814285831047,0.6763001814292423,0.17819319349616475,0.44023326848743594,0.8951461606234097,0.9534956927792384,-0.2281001652852644,-0.5069112198656124,1.042426161629829,1.1500908665011333,0.5314661965113742,0.8108123684437887,-0.7886773307199576,0.37069899178649535,-0.49739656850123387,-0.4215365193479638,1.8398197426537306,-0.0811203148187641,-0.41636216638212803,-2.0960052119457466,0.6757273821724583,0.17339847353658752,-1.8398197426537306,0.42153651934796316,0.8001630639334981,1.1664597564373458,0.9823811216089964,0.369483754641173,0.512807750621665,0.6681251261743327,0.6769975162545934,1.009431888773073,1.069946747507413,-0.19302946221276363,-0.5166544474204599,-0.4520126861007707,-1.3980061503215924,-1.099083421340472,1.221814356129372,-1.6704929199696446,-1.2233811558815806,-0.3875317449275787,1
-1.305809286202831,0.026801178718756015,-0.4445202009343899,-1.161438585374874,1,0,0,1,0,0,1.6244396740454172,-0.6670187902229168,-0.6559695208720935,0.3063419615439632,-1.6572633141662008,-0.7497316488420511,0.32589436967869734,0.8874947378169115,-0.2786373271742129,-0.5521706919621084,-0.46469007997559036,-1.9849742916132922,-0.33272389182911283,-0.7268338966707537,1.9732154785249,-0.2854205428381275,-2.005343998372363,-1.921918440675044,-2.6539875364788004,-0.07507566165750797,-1.1794079197176397,0.7586095696658524,0.0940864409527653,-1.2425177997517816,-1.2722594236343598,0.07507566165750797,2.6539875364788004,-1.1574707506803803,0.13721292089166215,-2.95948306443078,-2.5948482159911026,-2.934984856940651,-2.180826456605557,-1.501798516384052,-0.5408768497097485,-2.429250860091053,-1.1367331974183288,0.5793409677244183,-0.2959043164138529,-0.2051091846046925,-0.6684841749419423,-0.6040308649486834,0.8629863402952329,0.9044189231421907,-0.7036964187794109,1
-0.48340089077122306,1.0317440516057692,1.4383931084795292,0.3052077222492148,1,0,0,1,0,0,-0.5081606796529707,-0.03495864104827709,-0.06748317567269331,-0.36604893580129416,0.5607677872889608,0.25600472244404404,1.1481039745063144,-0.9962782627532304,0.051056761505452714,0.4415606776450308,-0.1161458619795314,-4.020173837582303e-4,0.1189704858121664,0.8887280503586485,0.35924893530802204,-1.5489007517392999,0.7101651899259711,-0.7199221613272008,0.04968400367083265,-0.04982429368856782,-0.7084599281454083,1.7273108788058915,-1.6262921834685327,0.10766765741561936,-0.5518685601280306,0.04982429368856782,-0.04968400367083336,0.6887530094432773,0.19081952690966666,-0.3731626786018469,-1.077612300760884,-0.7843815472730677,-0.024984737566746233,0.18764225758709038,0.17890935030013266,-0.5423417704240322,-0.7481493064513315,1.33810702436318,-0.49661507743988936,-1.2035120798242718,-1.0915620371239039,0.4428340591057229,0.03983423407198747,0.013711913318286572,-0.5799798072721716,1
-0.5348014154856993,0.5679242641194551,-0.7341991716134544,-0.4281154315628296,1,0,0,1,0,0,0.36254597363216995,-0.4838550855402935,-0.7583149722111197,1.3479113378102825,-1.6401642448132239,-1.4138128010696416,-0.08058390267441036,0.8849783406056801,0.4872911247948608,-0.08522674915241858,-0.9467635616221666,-1.1913473890308095,0.5005909330434748,0.6354004165588834,0.839159849572627,-0.8664901686092504,0.38720058377088007,-0.6727687437234493,-0.6949470730335814,-0.9356157016516281,0.7469384878293571,-0.37400863001228424,-1.5368823474028839,0.4990773105402981,0.5740112643326993,0.9356157016516281,0.6949470730335807,0.7723105503109431,1.0163612595869336,0.5638910893291381,-0.0052107597040024186,0.15437386567706757,0.25856020669096863,0.4323198869208419,0.8986955503100138,0.7598912632898273,0.25106641317809053,-0.7105613285614767,-1.272088472313216,-1.7351292058502814,-1.4807936703313085,0.4428340591057229,-0.28942660841731066,-0.7099875321636356,-1.136704559054746,0
0.31330724230314594,-0.4885541407104817,0.5693561964423357,1.478524768348486,1,0,0,1,0,0,-0.356733435603381,-0.17160457946229762,-0.5280377066983108,-0.03216808574259063,-0.26110932582665763,-0.10711574597939269,-1.1242295337123667,-1.2349931343289553,1.200158625784182,-1.1201273033204369,-0.03631173694387434,-1.360460327792506,-0.24517748204868703,-0.7585009644271228,-0.8938054736354474,-0.10276882258579835,-0.7339438006722252,-0.6666173506928377,-1.1515885432024495,-0.7133741297612541,0.8053833068969278,0.7996721323175887,-1.7439298027101973,0.7854536130275681,-0.6036150599827773,0.7133741297612541,1.1515885432024489,-0.8988402670423681,-1.0850176963188372,-1.1737523055720087,-1.0388507992769007,-1.2281568333949502,-0.844114576533476,-0.6279498401920818,-0.1532996650890431,-0.790386157798101,0.6674062963570164,0.6552175733882943,-0.2046721523111086,-1.047916823426415,-0.7192535184037778,0.31594134103852145,0.6160407084282594,0.29205785388825667,-0.5181215015185524,1
0.5703098658755232,0.9029052217484598,-1.6032360836506476,0.3052077222492148,1,0,0,1,0,0,0.08492935954125552,-0.4210561010776798,-0.19541498984647596,-0.28503798431391375,-0.2345979379826165,-0.10353820441857066,-0.27613540337137166,0.365186146506723,-0.07801024899579224,-1.1115083033033515,-1.3455318705876311,-1.4733096019063712,1.4201381934119415,-1.5221061744308362,0.18981958788132647,0.12557058290961357,-1.8221031301969348,-1.7499481764682556,-0.9266372014901345,-1.0903910820752818,-1.1368975547923832,-0.3110723505644653,0.23282894957937136,-0.3051902640992509,0.04077353593982554,1.0903910820752818,0.9266372014901345,-1.4280380258709164,0.19081952690966666,0.05442496307539909,0.11107374474794844,-0.6307670251539549,-0.40304466324369825,0.9216751455883455,1.6738499195514247,0.015758101167622184,-1.1644891896302574,-0.5588081172337243,-0.9162830323125138,-0.671894953798262,-0.7361766328910565,-0.6040308649486834,-0.28942660841731066,-0.7656567202776299,-1.198562864808365,0
0.5703098658755232,-0.7719995663965628,-0.4445202009343899,1.0385308760612593,1,0,0,1,0,0,-0.7353015457273552,1.351852265834442,-0.4512786181940413,-0.10507794208123299,0.9012659350619028,1.1208753947727716,0.5099127000924464,0.25728539616371937,-0.16904792782495565,-0.6658486857973466,-0.20056043491733627,0.02112156331473181,0.6901084863132828,0.7336750512827388,-0.05143147054203021,-1.3897657841454731,0.2061311715108862,0.38636378875491795,0.9848575718326791,-0.9479624556455367,0.024033444482322787,-0.4046551987577365,-1.1654864040890975,1.1039147586747489,0.6379474281429113,0.9479624556455367,-0.9848575718326797,0.2152602778598393,-0.4846237089171882,-1.3557044935197728,-1.7365578259886068,-1.5865907183395476,0.25856020669096863,-0.22015379130249568,-0.6516131881728072,-1.2864749325462383,0.05677446769459199,-0.3311783002420958,0.1785029369204177,-0.46443461193445323,-0.025405824425361403,1.0772976494417266,-0.4540570296619595,-0.8769950965056176,0.16231986177126023,1
0.9044132765196139,0.3102466044048362,0.27967722576327125,0.5985369837740325,1,0,0,1,0,0,-0.1800683175455264,-0.28906193929051954,-0.3745195296897717,-0.16815075431069346,-0.21777358262463475,-0.09235838704100179,-0.05387482961472962,0.3287765298898383,-0.1423145458183905,0.6096161140445342,0.7109212820684985,1.866646585466916,-0.2994897567607869,-1.1060463388030288,-0.29894592389946906,0.28168481272967716,-0.2778044897547386,0.12787208764451694,1.3634784946753398,1.1936019387174324,-1.0302342075474555,-0.750733569233769,0.4776148229127935,-1.0990182175336944,-0.7993902794422866,-1.1936019387174324,-1.3634784946753404,-1.1495128896453646,-0.5596729573423944,-0.9645072894320803,-0.6899972859210471,-0.7502449868021539,-0.6235796198885869,-0.13859458152457876,-0.7069813574043363,-1.2864749325462383,-1.1644891896302574,-1.0899443568808573,-1.6461403451344683,-1.2035120798242718,-1.4807936703313085,-1.4605567119022886,-0.8656330827735822,-0.4316415915936655,-1.3841377820692236,1
0.5703098658755232,0.9029052217484598,-0.4445202009343899,0.3052077222492148,1,0,0,1,0,0,-0.7353015457273552,1.351852265834442,-0.19541498984647596,-0.28503798431391375,1.2208646399555152,1.2599523229497283,1.1878774204811027,0.11590749262258995,-1.0501506494023731,0.5900342976268173,0.2782901430329193,0.369102342447276,0.16594808606007705,0.6406241962416394,-0.3602346567217938,-0.995179380785821,0.33516071868644104,0.3724938878698444,1.652616263271448,-1.1356331163529647,-1.0116683206815504,-0.5199618422280919,0.4355318150319106,-0.4647586388530372,0.0018769659813781367,1.1356331163529647,-1.6526162632714487,0.24311279148239442,-0.6347222057676005,-1.0554833834059623,-1.3360223106541085,-1.1598837124531223,0.1325402314653172,0.2692014673650073,-0.4301405112466897,-1.2864749325462383,-1.053465220782544,-0.7105613285614767,-0.8432973010303187,-0.5162996974004062,-0.6515610604546642,-0.635754044465484,-0.04248097655033679,-0.5429799678216537,-1.136704559054746,1
0.2619067175886707,0.49062096620506923,-0.15484123025532542,1.478524768348486,0,1,0,1,0,0,-0.8236341047562825,6.75954259455951,-0.2593808969333673,-0.2572628009468119,2.5231642426570344,5.397379138040414,-1.2067411524786766,-0.3525879448979503,0.5167482942992323,0.06804601589719565,0.44356937249198175,0.8782515476525589,0.24885529796168224,-1.0651843993121193,-0.6214472924083324,1.5237285550932662,-0.3675541457787819,0.5380762604012158,0.8432886699243073,0.3614669270176405,0.6136832467505864,-0.13861423563641004,0.8247880205696878,-0.4563861767137486,-0.05133516824201748,-0.3614669270176405,-0.843288669924308,-1.2052179168904753,-1.009968447893631,-1.7287064788126896,-0.8579637923516437,-0.9379960693921812,-1.6632444155002057,-0.38327221085833024,-0.762349526635866,-1.5965304167638241,0.19555442875423396,-0.482931511569848,-1.1261170097488256,-0.5940973255993336,-0.7192535184037778,-1.175048096251087,-0.8656330827735822,-0.8213259083916238,-1.136704559054746,1
0.2876069799459088,0.8771374557769975,-0.8790386569529866,-0.13478617003801185,1,0,0,1,0,0,0.097548296545388,-0.4315225984881154,1.2885940545694028,-0.6299131777887618,0.5284207318372394,0.15493917335082152,-0.21943071877555295,-8.43826407921355e-5,0.1157501160690417,-0.2579393556294805,0.38047311739807227,0.2683917621733574,-0.33126363794073127,-1.0850874189537723,0.8400933770440454,-0.49399748953962525,-0.7157654665133611,-0.6449941889693435,0.3871222082195544,-0.017888740080791603,-0.779082807830186,0.8417029208654372,-0.6546541223692693,-0.3612813555978585,-1.1243449742516358,0.017888740080791603,-0.3871222082195551,-1.038102835155144,0.7161642658861095,-0.13662483426975403,-0.3669847735545164,-0.6136987449184976,0.2270552128845555,0.9216751455883455,0.7879592118469556,-0.35630847989348147,-0.7173093151047445,0.8322629866040054,0.11565411276074995,-0.24544869552265605,-0.3657484602250729,-0.18810473350619245,1.2562701243796726,1.3745142894381406,-0.11260594157815922,1
1.3156174742354179,0.4648532002336079,0.5693561964423357,-0.13478617003801185,1,0,0,1,0,0,0.07231042253712305,-0.41814874068589214,0.12441454558798068,-0.4343295949120862,0.03289629305714177,0.014073474393453808,0.06653322845220805,0.8753636263442732,0.8870947713235118,-0.35039942555322906,-0.4791995323768811,-0.8295805430974724,0.17434464861704654,-0.02536984309197602,1.710989272759724,0.36412368905788933,-0.847425838811885,-1.1076558986539164,-1.9697378439216704,0.8221130942085961,-0.11786532205491251,0.5125674444357273,-0.8467790787015205,-0.3669259375794384,-0.45842753595873365,-0.8221130942085961,1.9697378439216704,-0.11896988561082296,1.391607501712964,-0.3549674598070702,-0.12149526415595328,-0.4430159425639276,-0.9701345517591269,-0.7910682597479163,0.12354118106860354,-0.17027518936292965,-0.19302946221276363,0.35171115073279,-0.31415074923440073,-0.6848612251647502,-0.7700228618656133,0.31594134103852145,-0.5363722402842841,-0.2089648391376897,-0.3944048900113141,1
-0.3034990542705592,-0.7462318004251005,0.5693561964423357,-1.6014324776621007,1,0,0,1,0,0,-0.5333985536612357,-0.0070479812871154434,1.058316789056594,-0.610239089570398,1.195046540387725,0.4661852891423387,0.5688810194109691,-0.3861371480052762,0.45966641158890253,1.395792557003629,1.180342092668284,1.6367639546292518,-0.37385251644674555,0.32472667089979496,-0.05069088997939294,0.014385415611999944,0.5236438935272975,0.4706112354543122,1.578223524893075,0.6670879417885637,-0.46657984216498666,0.47920433297281145,-0.6139234281921044,-1.3663893743467568,-1.0750422544850973,-0.6670879417885637,-1.5782235248930756,0.24311279148239442,-0.10937746679115769,-0.18211288125669506,-0.1473362651452761,0.06903246449978255,-0.08799472517957138,0.8401159358104279,0.12354118106860354,-0.4183195767369984,-0.08200549336504998,1.1863538130354276,1.9119140548725593,1.2211806657089916,0.49921072468027106,1.9338234963953311,1.2745623934068555,1.9064643091940836,1.770635811365363,1
0.44180855408933456,2.1397579883786295,1.4383931084795292,3.2385003374973924,1,0,0,1,0,0,-0.7479204827314877,1.6135147010953323,0.13720772700535894,-0.4360655438725301,1.5756737243345225,1.5779063291677868,-1.762761751029738,-0.21881571068473352,-1.4381606649724026,-0.2867163528637929,-1.1741900472739208,-1.0888688265077107,0.3520189753233852,1.135891462853337,-0.23209583240145923,-0.27309226894551986,1.5747150376344845,0.9743285852672642,-0.8901438845537553,-0.6022533438160685,3.586132491067869,0.06782292016569447,1.6915824143125155,1.9487957708278194,2.4777467943885894,0.6022533438160685,0.8901438845537545,0.605195468575612,-0.5596729573423944,-1.1464594773798444,-1.0905328012555453,-0.5112890635057554,-0.7811045889206503,-1.9328971966387571,-1.9250810804979817,-1.0384305451721696,4.081393338424208,0.4275877563966659,1.0908245779478607,1.9213593194993455,2.81767740943742,-0.09645999267988113,-1.4418395571298541,-1.7677021063295222,1.4613442825972665,0
0.6474106529472365,0.6194597960623787,1.4383931084795292,-0.4281154315628296,1,0,0,1,0,0,0.5644489656982895,-0.5228137147902483,-0.438485436776663,-0.12185878203219036,-0.8098050716510471,-0.30790526608052954,-0.22142555512286122,0.43205008663648725,-0.13631942768593514,-0.358173054707938,-0.59415546271119,-0.6620033878838557,0.3981696907741555,1.4082833193549995,0.48540366857417694,-0.2798273258793248,-0.016410371640558585,-0.28498723738192117,-0.6392523306161405,-0.26889098598050765,1.7150377238973071,-0.10673556352823126,-0.09484625168975612,0.46759644590412874,0.4941966318231094,0.26889098598050765,0.6392523306161398,1.6078859589875987,0.7161642658861095,0.7003552302899613,0.4340862571144791,0.4103980692089227,0.4790951633358572,0.18764225758709038,0.5664865349208381,0.9459245538203791,1.2502821328075124,-0.3311783002420958,-0.7246954876967501,-0.6589286824317738,-0.44848368660732285,-0.3185222492974822,-0.5363722402842841,-0.7099875321636356,-0.6418381130257917,1
-1.5885121721324456,-0.5400896726534062,-0.15484123025532542,-0.13478617003801185,1,0,0,1,0,0,0.9177792018139987,-0.5786350343125716,1.2118349660651333,-0.6247053309074302,0.08949700322962116,0.037774687233899804,0.045573008190431814,-0.8406369076061154,0.29828512810978297,0.6787501163902796,0.7619128710499345,1.3134089503560893,-0.9101841853671849,-0.19303685202099258,-0.6367586123607785,-0.4582196185582964,0.5603830727311767,0.17330107197159103,1.4363050701404856,0.36682327779893126,-0.2562505253143471,0.5159097378971642,-0.868232288856552,-0.3612813555978585,-0.8213292813193731,-0.36682327779893126,-1.4363050701404863,-0.1561065704408964,-0.5596729573423944,0.14236852058348526,-0.12149526415595328,0.10885845171584906,0.2795635358952437,0.4595062901801475,-0.17175572149955282,-0.17027518936292965,0.6396503041450882,2.096873081001942,4.119732426158972,2.794421591509539,2.4171636999051636,3.2661970361009387,3.3598810625057447,4.096119041677849,4.698595617036679,0
0.3647077670176212,0.9544407536913834,-0.8790386569529866,-1.161438585374874,1,0,0,1,0,0,-0.23054406556205628,-0.2669660003129332,-0.579210432367824,0.07198885188404132,-0.5248605339938924,-0.2609500330947403,-1.7424804799156053,0.3466187407956859,0.8629876280706142,-2.157775704112203,-1.8728008279230326,-0.3518391795600311,2.361474303254795,-1.4988622627835466,-0.10467811064297217,0.15308196799947726,-1.9209037264264803,-2.1154214081028506,-0.32687747097049374,-0.15567358143258175,0.925316011582604,-0.5806093329712073,-1.0259003831584437,1.0102805148868899,0.3694355268831991,0.15567358143258175,0.326877470970493,-1.4558905394934718,-0.3345252120667762,-0.7461646638947628,-0.5607922809744348,-1.2281568333949502,-1.1906695084040155,0.9216751455883455,1.2309045656991897,-1.4104971262332722,0.7229182807808735,-0.6346847228976005,-0.350643614875499,-0.8015576674631424,-0.39771434314548676,0.31594134103852145,-0.7833178721512579,-0.9326642846196119,-0.3944048900113141,0
0.930113538876852,1.4955638390920825,0.27967722576327125,-0.4281154315628296,0,1,0,1,0,0,-0.4576849316364408,-0.09892056966760585,0.047655457083711085,-0.40886901015890953,0.5557942718849004,0.2399057854203449,1.0330798595629567,1.164010940750568,0.3680798207842653,2.444256561852673,2.6831875303164714,1.6112856928988462,-2.0587976237983177,-0.492617394164739,1.6093216823680863,0.47041213116056996,0.2368421881140201,0.40592169782418897,0.8063022000563537,1.3979208031972914,-1.9287401885901208,0.014541586598913758,-0.03045862031569013,-3.0671842652859085,-3.0919716694320676,-1.3979208031972914,-0.8063022000563543,-0.3417899945912644,1.841902992264201,0.6730624020977969,0.8346217724489774,0.9053781960371756,0.2270552128845555,0.5954383064766764,0.2342775195316623,0.6978801664463103,-1.8028770105046104,0.04820472807728505,0.11464042204849642,0.08014878545804377,-1.159254495073018,-0.667477223982284,1.1099319721622063,2.351817814106035,-0.332546584257695,1
-0.35489957898503444,1.3409572432633117,-0.8790386569529866,-1.6014324776621007,1,0,0,1,0,0,-0.11697363252486404,-0.3373241217941949,-0.822280879298011,2.54571612051655,-1.9495568978653288,-2.2268091207664495,1.207375536845657,0.04605296203395304,-1.3568123495372593,1.2211947986622858,0.0026851458640656366,0.9521843921510137,0.7172510795385021,0.5940881840529832,-0.48454005862001714,-1.337329914375555,0.8440559087028328,-0.19004758716945516,0.2246519615849838,1.0758588642714124,-1.0852791611850412,-0.5486107295704064,0.5109203429580539,-0.8128039974681144,-0.18903530024045775,-1.0758588642714124,-0.2246519615849845,0.32667033235006016,-0.6347222057676005,-0.6824813981130464,-1.2068173057074962,-0.8697229484503528,-0.05648973137315825,0.2692014673650073,0.17890935030013266,-0.8523972546416179,-1.1367331974183288,-0.7864379342253526,-1.0440080620563552,-0.6589286824317738,-0.9054077777638412,-0.7626467625326843,-0.9479482933959068,-0.5986491559356475,-0.7036964187794109,0
0.2876069799459088,0.2587110724619126,-0.8790386569529866,-0.13478617003801185,1,0,0,0,1,0,0.097548296545388,-0.4315225984881154,-0.8478672421327675,6.729353115186267,-2.844567711411891,-5.532457522966012,-0.06453042850306125,1.2688805275889787,-1.5130721707688366,-0.41688580649951906,-1.0558054662236467,-0.44628613260682487,1.1030762214636534,-1.0474622670416027,0.9832284666770937,-0.5654524015520794,-0.6495145579014278,-0.6277424632962985,0.27586209560863995,-0.8822777243979375,-0.9568808236782383,-0.7566016516756086,1.5001952141206516,-0.08086168793911766,0.7597304799298429,0.8822777243979375,-0.27586209560863995,-1.038102835155144,0.7161642658861095,-0.4277483349861756,-0.6383152839424023,-0.8355863879794388,0.038025250046078915,0.758556726032511,0.6772228733838963,-0.5423417704240322,-1.1089772052064004,-1.0899443568808573,-1.6278939123139191,-0.7756251247301669,-0.7530997473783346,-1.5874494299694895,-0.7010026615289333,-1.0996718489615938,-1.5078543935764617,0
2.138025869667024,0.6452275620338409,3.176466932553916,1.478524768348486,1,0,0,1,0,0,0.1480240445619179,-0.440826151741836,0.5593827137788417,-0.5176551450133918,0.2209542752069064,0.06102870737924305,1.7034302955508684,-0.16463972944323937,1.05296711519836,1.5246112185542111,2.1792520346567783,0.9698263432719336,-1.7482377551092467,3.5242109874459975,-0.028904697225361084,1.4479064256028649,1.9226306362300394,2.421277009325245,0.5791922973583978,0.7482915930561997,1.1526888020900805,0.19701710439164008,0.015565001084184184,-0.15320376906423017,-0.4692286397493234,-0.7482915930561997,-0.5791922973583985,4.08675967139501,0.340918023760079,1.1552357001593716,1.8424208110325537,2.7487524614665317,0.1325402314653172,-1.4435419379712537,-1.7589765728033937,1.5040244254120325,1.1670141561717275,0.27583454506891375,0.269735101023162,0.2357440418559006,0.1607484349347019,-0.1916295312302808,0.03983423407198747,0.45906541823023866,0.47161139053935697,0
0.9558138012340891,-0.5400896726534062,-1.168717627632051,-0.13478617003801185,1,0,0,1,0,0,-0.5586364276695006,0.06970633305607908,1.2118349660651333,-0.6247053309074302,1.3029858376921168,0.5363945422734712,0.8988442600413117,-0.2756757937212186,-0.16118224531139788,0.7622206218339287,0.4066720553738639,0.0960685402066943,-0.7248669061159108,0.9518361445625899,-0.2460236726566074,-1.0053877967223255,0.6962054796384929,0.1454044535111385,-0.11623388745465664,0.24630538521990228,-0.2988013633790187,0.13191256395352716,-0.789976247498584,-0.33936544968921206,-0.3867344409691925,-0.24630538521990228,0.11623388745465593,0.6609004958207222,-0.40957446049198204,-0.600602913536552,-0.9871687972982559,-0.6990401460957827,0.1010352376589052,-0.6279498401920818,-0.6516131881728072,-0.6043528672675491,0.22331042096616224,0.9587239960437993,2.431937390258202,1.519404907138216,1.2607508766078017,2.473117548180934,1.8507688677631275,2.2404794378780473,2.945943620684131,0
0.2619067175886707,0.20717554051898904,-0.15484123025532542,1.0385308760612593,1,0,0,1,0,0,-0.7226826087232228,1.1018192721407023,-0.46407179961141953,-0.09871279589293881,0.8028326102745981,0.9236634162324567,-0.6577131774984414,0.13924080933035737,-0.99428804167001406,-0.40420395218182165,-0.26603033659549047,0.22555594483968333,0.45259720494386474,-0.2603901760724802,-0.5763424816188563,0.4048410091250016,-0.41202102080887537,0.2940868959856388,0.7547787594442794,-0.440948977121442,0.6543873879777655,-0.7684796265710457,1.766051233262023,0.1375004710332921,0.6329710812267594,0.440948977121442,-0.7547787594442801,-0.3974950218363748,-0.7097714541928067,-0.6733837887156574,-0.37990527404917784,-0.5112890635057554,-0.2770246880180474,0.18764225758709038,-0.1532996650890431,-0.5423417704240322,0.6118943119331598,-0.7105613285614767,0.041654690766301246,0.9488889670127426,0.9561348158367899,-1.0798785577006862,-0.20711139779498602,-0.4316415915936655,0.10046155601764112,0
-0.3034990542705592,0.2587110724619126,0.5693561964423357,-0.13478617003801185,1,0,0,0,1,0,-0.5333985536612357,-0.0070479812871154434,-0.8478672421327675,6.729353115186267,-2.1033402180397163,-5.206006855541001,0.9816935570345064,0.4837540809881469,-0.9110802663479354,0.46957020758877077,-0.22322586699671962,0.4037152812635669,0.5371712912835195,0.47018037069682433,-0.17879814972552535,0.35336175509954487,0.31966119559540523,0.3000128241699117,1.2744597090698961,-0.7133741297612556,-0.8952701016933616,-0.8430837191381295,1.600571731264516,-0.31738848668445774,0.5831086898417676,0.7133741297612556,-1.274459709069897,0.49378541408539117,-0.10937746679115769,0.19998671343360988,0.3565632541465125,0.47867119015075044,-0.15100471279239655,0.758556726032511,0.17890935030013266,-0.046252995675895824,-1.0257092285706153,-1.0899443568808573,-1.3450742035954124,-0.46443461193445323,-0.5500223735309933,-1.4605567119022886,-0.7010026615289333,-1.0440026608476,-1.2604211705619852,0
-0.5348014154856993,0.6452275620338409,-0.15484123025532542,1.478524768348486,1,0,0,1,0,0,1.2080147529090457,-0.6303860492863921,0.5593827137788417,-0.5176551450133918,-0.260172276333976,-0.08475611122425496,-0.9255324571580303,-0.21759973966829466,-0.7458149254130355,-0.16091718666428723,-0.08618142808402499,0.14052146690003234,0.34430414336407983,-0.23510943401651893,-0.2953302963826508,-0.6929623784715272,-0.1444504475309023,-0.07255823080244056,-0.4863880375980577,0.6740482547543618,1.05205683537697,0.002807063917804472,0.32319362666065166,0.07415414658878847,0.0412010872629526,-0.674048254754361,0.48638803759805704,0.18740776423728422,0.26586877533487285,1.8830444519504281,1.1447137843208466,1.0248561576853752,2.1488598350757298,0.9216751455883455,1.3416409041622488,2.2481575875342377,1.1115021717478706,0.12408133374116129,0.37921369794645543,0.4950694691856613,0.49921072468027106,-0.0647368131630805,-0.28942660841731066,0.013711913318286572,0.5953280020465953,1
0.2105061928741954,0.9544407536913834,1.0038746524609323,0.5985369837740325,1,0,0,1,0,0,-0.44506599463230834,-0.10182793005939353,-0.34893316685501513,-0.19418998871735144,0.15648976917410476,0.07176133206170916,0.9497539643637765,0.7681541268875322,0.5647340847391137,0.4242666261657185,0.24753094495422154,-0.7342651981872457,-0.6681897363869836,0.8683952148861122,-0.569817848697102,1.7117992204646668,0.23712798057742773,0.5266594328426804,-0.35307242775419667,-0.651277219968356,-0.4529657402972692,-1.6251466580546194,0.9481827187373068,-0.3380247941418559,0.19237807872247967,0.651277219968356,0.35307242775419595,0.6609004958207222,-0.6347222057676005,-0.4004555067940112,0.49868875958778525,0.5810808715634928,-1.4742144526617298,-0.9541866793037505,-0.9284540343304539,-0.29429738304996345,-0.47058938433204756,-1.5452039908641146,-0.2046721523111086,0.30057539868834077,0.1438253204474232,-0.5405845059150832,0.2044646553166367,-0.09762646290970158,-0.332546584257695,1
-0.8432045637725518,-0.5400896726534062,0.5693561964423357,-0.4281154315628296,0,1,0,0,1,0,-0.15483044353726144,-0.33674264971583734,0.36748499251816774,-0.4846721147649583,0.36744909743890647,0.11558621618177911,0.46179254258830205,-0.18987230186365628,-1.2812238638659388,1.002573291883577,0.4717741424129622,-0.3419046705769641,-1.1910899968707158,-0.6603935167451574,0.675232425591694,-0.5194372788209694,-0.32115392835607637,-1.014042411030424,0.03622492998512883,-0.5022446364654003,-1.3019911924982321,0.9370387140381815,1.229491572283379,-1.6728625745769223,-1.6033445377614053,0.5022446364654003,-0.036224929985129536,-0.8524194110047761,0.06573744620098994,-1.3587370299855688,-1.3704769786398716,-1.39883963574952,-1.1906695084040155,-0.22015379130249568,-0.26403600355210183,-1.823904438523386,-1.2477571662660425,0.7310941790521709,-0.31415074923440073,0.3394742127878045,-0.38079122865820925,-1.4922798914190887,1.8507688677631275,1.6837875567381073,-0.8892713360402683,0
0.05630461873076867,1.0317440516057692,0.5693561964423357,0.3052077222492148,1,0,0,1,0,0,-0.2810198135785862,-0.24894036588384968,-0.11865590134220637,-0.36141973857344384,0.17055131113522456,0.08786026908540832,0.6536489140773326,-1.3127199449594185,1.6824548524682137,0.520809041552601,0.7336286655523235,0.5790769085281064,-0.7906663571832833,0.04237377381433661,-0.29798994008072194,0.6673864709236436,0.4191674893690452,0.15833805198179018,0.6286220997103051,0.16633209230480636,-0.8665753510829991,1.5032295411300378,-1.6293131051228775,-0.2879401081484189,-0.7991669056307352,-0.16633209230480636,-0.6286220997103059,0.38237535959517033,0.11577027848446049,1.373578325696689,1.5710903006446677,1.7075873671036554,0.038025250046078915,0.18764225758709038,-0.09793149585751397,0.8219023601333442,-0.9146852597229018,1.0346006017076752,-0.7064490548762022,-1.3591073362221284,-1.3623318689203594,0.28421816152172197,0.03983423407198747,0.1250502895462747,-0.8274130302866491,0
-0.6376024649146498,0.5163887321765315,0.27967722576327125,-0.4281154315628296,1,0,0,1,0,0,1.1827768789007806,-0.6268972168162469,0.5337963509440852,-0.5124472981320601,-0.26396382050290407,-0.08609768930956323,-0.3179968662252584,-1.136278474699869,1.2170492625183404,0.00732701206000431,0.5900382128921768,0.8825211194747659,-0.6803583719128193,0.3870505293108103,0.29449894349027983,-0.6303482230968016,0.6329505423983469,0.22428427841221318,0.8222348332302418,0.38817105265189955,0.8289187117983234,1.854600442940481,-2.2971862869156072,0.6177246024651057,-0.5481086299737534,-0.38817105265189955,-0.8222348332302425,0.6609004958207222,0.641115017460903,1.0278691685959374,0.49868875958778525,0.7517636739180628,1.109195039464111,0.10608304780917345,-0.26403600355210183,0.8219023601333442,0.6118943119331598,1.4898602356909325,-0.42362934615769415,-1.4758037785205207,-1.1931007240475748,0.7917890337905242,-0.20711139779498602,-0.04195727479570725,-0.6418381130257917,1
-0.8175043014153137,-0.02473435322416849,0.5693561964423357,1.478524768348486,0,1,0,1,0,0,0.36254597363216995,-0.4867624459320812,-0.13144908275958464,-0.35968378961299996,-0.34756481593456784,-0.09638312129692658,-0.9440803313858921,0.2259954935594059,0.060145112475165054,-0.4479464128803486,-1.1829716824919971,-0.8900618628821857,1.3384804527937715,-0.3632214536908519,-0.3658625523737945,1.511932874192284,-0.71893574566694185,-0.5892873144874822,-0.5047088517425482,-0.7133741297612541,0.9498400854354219,-0.6766989807202383,1.437126344685968,-0.10773767402524796,0.9625967572912575,0.7133741297612541,0.5047088517425475,0.11081335177525738,0.28463108744117427,2.2424000231472623,2.914822352089435,2.356182016051021,-0.16675720969560312,1.716877440923038,2.2967418234061294,2.4651964264865485,0.41760236644966076,-0.9381911455531051,-1.244718823082393,-0.4385020692014777,-0.44848368660732285,-1.1116017372174867,-1.0302635040182315,-1.378017789531564,-1.198562864808365,1
-1.0488066626304537,0.9544407536913834,0.27967722576327125,-1.161438585374874,1,0,0,1,0,0,-0.06649788450833415,-0.3873307205329428,-0.579210432367824,0.07198885188404132,-0.6826316985599189,-0.3535189209810105,-1.0152817222054231,-0.057273119767712675,0.8701831575848663,-0.8079260517249092,-0.749855804709039,-2.3093271016579693,0.02741908888420811,-0.7543876042702196,-0.8370592275816607,0.20335649544715,-0.6282220338862342,-0.8125430832727892,-3.40256839671224,0.22497917377587734,0.6579987439152678,-0.7599384044366546,-0.9852158614281248,0.4685217578776598,0.18155909889604704,-0.22497917377587734,3.4025683967122387,-1.084523691192736,-1.3101654415944555,-2.3897994283562323,-1.951899500899627,-2.0246765777162774,-2.0308026765750204,-2.259134035750426,-1.4636796702352375,-2.237311750813501,0.3898463742377325,-0.8623145398892288,-0.642586540004281,-1.0090180093269512,-0.7869459763528921,0.2207718024881207,-0.8656330827735822,-0.8769950965056176,-0.76555472453303,0
0.544609603518286,1.4955638390920825,0.27967722576327125,-0.4281154315628296,0,1,0,1,0,0,-0.00340319948767178,-0.4041934108053113,0.03486227566633282,-0.40886901015890953,0.02743338073002815,0.005129620491398716,1.1687134970172943,0.6183568954050961,-0.3291636894586299,1.9791310692754347,1.5661078134491484,1.882271581838122,-0.22335239230475018,-0.2996915528776735,0.4494010006095199,-0.24832711567673363,-0.49910198440947917,-0.9656359532374114,0.9892619376698285,1.5860559952431026,-1.924572835721009,-0.39851418784500264,0.20043298785944214,-3.1685793758648906,-2.978772421673527,-1.586055995243102,-0.9892619376698293,-0.28608496734615396,0.41596727218528484,0.00893691608845806,-0.12149526415595328,-0.3064697006802721,-0.34003467563087314,2.145063292257104,1.6738499195514247,-0.35630847989348147,-1.8028770105046104,-0.482931511569848,-0.3871364805165972,-0.23104172733766892,-1.430024326869473,-0.9529858396334858,0.5337254978059351,1.739456744852101,-0.6418381130257917,1
-0.09789695541265715,0.05256894469021735,-0.15484123025532542,-0.4281154315628296,1,0,0,1,0,0,0.29945128861150755,-0.47106269981642773,2.8237758246547946,-0.7207611733853241,0.7543756323989916,0.19473932321496668,0.4694408629470191,-0.6761214307298536,-0.8084831062831752,0.3705812312699073,0.5327759629329677,-1.1159074427238285,-2.39022378814824,-0.10775924600151605,-0.21308851398839923,-0.39869498068799963,-0.5858296783808665,-0.703500398335962,0.03622492998512883,-1.5578921029446724,-0.760440716301732,0.7145304868675803,0.7045734850394082,-1.0815300164474708,-1.3794660587626544,1.5578921029446724,-0.036224929985129536,-0.03541234474315745,-0.10937746679115769,0.3091580262022686,0.046471242274642305,-0.18699173903207253,0.3215701943037938,0.4323198869208419,0.4557501964577793,-0.17027518936292965,-0.8406692804910928,0.326418948844831,-0.8068044353892204,-0.3607044410025493,-0.7418176710534824,-1.5980238231417563,2.5367289562824986,1.6837875567381073,-2.105818015861449,1
0.4932090788038099,-0.2051087150244015,-0.15484123025532542,-0.4281154315628296,1,0,0,1,0,0,0.17326191857018283,-0.4390817355067634,0.07324181991846762,-0.41697010530764755,-0.07157656823797295,-0.015441243483327998,0.7641669065743388,1.0880992716171936,-1.482470729564027,0.682502815889515,0.16805514176589648,-0.7298284868230529,-0.27159717882840967,-0.12871565443818875,0.33649141211135547,-0.5347140988474236,-0.4400113305376413,-0.5010628213091604,-0.4481121582821066,-0.550966827225982,-1.191203850781,-1.1563606882247235,1.4892510486668948,-1.3583249761483895,-0.707670236001925,0.550966827225982,0.4481121582821059,-0.20252742647848845,0.19081952690966666,-0.31857702221751816,-0.5349512799851129,-0.6649035856248688,0.06953024385249205,-0.13859458152457876,0.06817301183707392,-0.4183195767369984,-1.0812212129944723,-1.0140677512169813,0.3700904815361815,1.1174504947770867,0.4145951522438788,-0.6992004034990842,0.6983559190505837,0.45906541823023866,-0.332546584257695,0
-0.25209852955608386,-1.3646581837401863,-0.4445202009343899,-0.13478617003801185,0,1,0,1,0,0,0.059691485532990585,-0.41465990821574694,0.41865771818768077,-0.4950878085276215,0.21415357066027935,0.06371186354985958,-0.5617220989716825,-2.286398703522768,1.0201145244212415,-0.8588608530558809,-0.5132430112107031,1.2217613493863106,1.5531004854743904,-0.5533629018677318,-0.8263389430418787,-0.18103182631681977,-0.7443132333768604,-0.6740102653967508,1.207300290880625,0.4689510326955308,0.22817456098208502,2.310345761557639,-1.5764502557283278,0.4222173422589561,0.009201212439155174,-0.4689510326955308,-1.2073002908806256,-0.5367575899491508,-0.7848207026180125,-0.06384395909064733,-0.1473362651452761,-0.42594766232847037,0.006520256239666901,2.2266225020350205,1.6184817503198954,-0.6043528672675491,0.27882240539001907,2.3245028979935705,0.2788583174334372,-0.6070635969658218,-0.4146374576327655,1.3945294446097283,0.03983423407198747,0.29205785388825667,0.5334696962929761,0
1.341317736592655,-0.5400896726534062,-1.6032360836506476,-0.4281154315628296,1,0,0,0,1,0,-0.7983962307480176,2.555499468034538,0.36748499251816774,-0.4846721147649583,2.270114802206965,2.339922681622881,0.020370753616319355,-1.1056905447925722,-0.2684391427658251,-0.10202359433912392,0.17490381407148245,-1.4689256626637277,-1.333274572018766,-1.2453385847204899,-0.6731103426865986,0.9284598481968878,-1.485235058697376,-1.0014276718036055,-1.1676986894219978,-0.8453300630711642,-1.2726536692583752,0.8432878076730598,1.2999779080368552,-1.3349063661619418,-1.2050827338114858,0.8453300630711642,1.1676986894219978,-1.2330704305130304,-0.7848207026180125,-0.646090960523493,-0.10857476366129187,-0.6819718658603261,-1.033144539371952,-0.46483142063624716,0.06817301183707392,-0.4803306735805153,-1.2200011740541141,0.6552175733882943,-0.2959043164138529,0.39133929825375646,-0.194636969298146,-1.4288335323854886,1.8507688677631275,1.461110804282131,-0.8274130302866491,1
0.2876069799459088,-0.6431607365392533,2.452269505856255,0.3052077222492148,1,0,0,1,0,0,-0.5838743016777656,0.16274186559328455,1.1862486032303767,-0.6212334329865424,1.357548890776926,0.6052622173192954,1.0754377759657565,-0.018519965804388347,0.6642519384658994,0.4861500157702985,0.44620802412510924,-0.7186221037337605,-0.025042092945281532,1.8347434160945615,0.01747278387204327,0.25316998793454326,1.1008482572672487,1.144800196403543,0.3041828515459622,-1.2817996886347096,0.33783159670091917,0.042923085591177974,-0.6536432302008908,0.434824980174938,0.5375822896785594,1.2817996886347096,-0.3041828515459622,1.9699686360808162,0.19081952690966666,0.5456958705343614,0.6020527635450756,1.0589927181562884,0.41608517572303205,-0.6279498401920818,-0.8177176958673952,0.8839134569768611,0.44535835866158957,0.19995793940503753,0.48869229486974886,0.054216242725068246,0.22844089288381547,1.2041903675089267,-0.4540570296619595,-0.9883334727336057,0.2860364732784985,0
-0.09789695541265715,0.5421564981479937,-0.15484123025532542,2.9451710759725747,1,0,0,1,0,0,0.29945128861150755,-0.47106269981642773,-0.68155588370685,0.4336448853098467,-1.2361907379365729,-0.6974101035150289,-2.475850715679376,0.43222365316159256,-1.592647053703114,-1.5286691586559111,-2.2244635814329126,-0.619452766848385,1.657423427929973,-0.06244216312467491,-0.03778601814262566,-0.23292843491967294,-0.5555364286313297,-0.49290439470600833,0.39961991949913633,-1.2411978630008915,3.3803392153804506,-0.631093731905803,1.9431312628426445,1.5142729988195323,2.41068639573856,1.2411978630008915,-0.39961991949913706,-0.11896988561082296,-0.10937746679115769,-0.2185033188462471,-0.3023822710812103,-0.4942207832702994,-0.024984737566746233,0.35076067714292497,0.17890935030013266,-0.6043528672675491,3.831589408516853,-0.3311783002420958,1.0452084958964885,2.02508949043125,2.6992156080264706,-0.0647368131630805,-0.7010026615289333,-1.211010225189582,1.646919199858125,0
2.3693282308821653,-1.3646581837401863,0.27967722576327125,-0.13478617003801185,1,0,0,1,0,0,-0.6848257977108253,0.5988459243614352,0.41865771818768077,-0.4950878085276215,1.384421077291246,0.8431687311139608,-0.37213262195094976,-1.4775346526914819,1.2410933542722418,-0.6982707317504806,-0.5573532541734818,-0.15136691864125307,0.32877736435831945,-0.02657379571269662,0.24644005594491464,0.3154152693102811,-0.324275317028117,-0.3316144268394055,-0.22931895624632825,0.020989325180847843,0.49090724596857943,2.2748409183311322,-1.3796542650394161,0.6217728564708527,0.40082958304122507,-0.020989325180847843,0.22931895624632756,0.04814519612450831,0.340918023760079,0.32735324499704527,0.44700675760914055,0.2909201075607231,-0.15100471279239655,0.10608304780917345,0.2342775195316623,0.015758101167622184,0.4731143508735179,2.1727496866658176,0.0872707728176734,-0.6459624110652865,-0.38079122865820925,1.2993599060593275,-0.04248097655033679,-0.04195727479570725,0.34789477903211874,0
1.341317736592655,1.0317440516057692,-1.6032360836506476,0.3052077222492148,1,0,0,1,0,0,-0.7983962307480176,2.555499468034538,-0.11865590134220637,-0.36141973857344384,1.938405532084567,2.244670637565994,-0.20194058433168588,-1.580279133094733,1.3300477097470875,-0.8592135922231411,-0.10895900379091186,-0.3381443332224045,-0.35930993460613136,-1.2253021203846486,-0.5300796942834902,0.9228129412172655,-1.3276542569393697,-0.906885748430598,-0.5972369986170187,0.13114384342216406,-0.9435041431017618,1.6379605028176178,-0.8908817659037315,-0.1557371032747941,-0.7437453810535137,-0.13114384342216406,0.5972369986170181,-1.17736540326792,-0.5596729573423944,-0.24579614703841146,0.2531992501892221,-0.3064697006802721,-0.8126095827270634,0.02452383803125581,0.34501385799472056,-0.23228628620644656,-1.0257092285706153,0.9587239960437993,-1.0622544948769042,-1.2942759793896883,-1.2607931819966884,-0.6040308649486834,0.2044646553166367,0.29205785388825667,-1.0748462533011267,1
0.9815140635913272,-0.6431607365392533,-0.8790386569529866,0.3052077222492148,1,0,0,1,0,0,-0.05387894750420167,-0.3925639692381606,1.1862486032303767,-0.6212334329865424,0.6127727248891244,0.17819319349616475,-0.983188668307914,-0.3927544204105135,1.6415483950498675,-0.3753258587141765,0.016870693227957603,-1.4278900985737972,0.08906843675745604,-1.0092492221308054,-0.2108951884646913,1.5581455124886805,-0.16122784563914203,0.32795112373713525,-0.671183982935474,-1.2817996886347096,0.35871784561577397,0.3277975976676013,-0.6782656751591861,0.34717024926381235,0.29824771436760117,1.2817996886347096,0.6711839829354733,-1.038102835155144,-0.40957446049198204,-0.7006766169078218,0.13691474573727128,0.06903246449978255,-1.3796994712424915,-1.1988643086375024,-1.0945585420250417,-0.6663639641110671,0.3620903820258042,0.35171115073279,0.13288685486904556,-0.24400799870415715,-0.093098282374475,0.7600658542737248,-0.4540570296619595,-0.9883334727336057,-0.08511336124321738,1
-1.3572098109173063,-0.2051087150244015,-0.15484123025532542,-0.4281154315628296,1,0,0,1,0,0,0.4256406586528323,-0.5001363037343045,0.07324181991846762,-0.41697010530764755,-0.2184668709008846,-0.06239647646911723,1.3899117455099388,2.9595788376266268,-2.307197613432486,1.3890997430710934,0.46310981232104637,-0.37125137976517475,-0.4073632171722579,0.6322498522130853,2.7536058868847944,-1.3603332719309364,0.6703600255680555,0.14599308757554308,-0.08286747959746427,-0.4241556457943308,-1.3009695135763661,-1.303612905830509,1.7870126808898235,-1.2118666094485586,-0.45953160249856484,0.4241556457943308,0.08286747959746356,0.49378541408539117,2.367247731240644,-0.2730889752305771,-0.9096457943302884,-0.6307670251539549,0.6996301199807459,-0.22015379130249568,-0.2086678343205727,0.015758101167622184,-1.192245181842186,-1.1658209625447336,0.32447439948480933,1.234146937075479,0.5838262971166633,-0.857816301083085,0.36909507656128593,0.18071947766026855,-0.2706882785040748,0
0.544609603518286,-0.2051087150244015,2.8867879618748513,-0.4281154315628296,1,0,0,1,0,0,-0.6595879237025604,0.43312638202953796,0.07324181991846762,-0.41697010530764755,1.0757803114224824,0.6553477991708039,3.3438628330538287,0.33633223694547165,0.23453071281207052,1.7584301739265158,2.014741707314838,-0.2562823858925859,-1.4168088147082505,3.37709227321514,-0.9841557792196948,2.392914160771967,1.5836389570455152,2.793378796050465,0.9750700921945687,-1.3166012534636966,-1.2753718596759125,-1.447532205335603,2.0840366185744177,-0.8052164392851674,0.1079278138482253,1.3166012534636966,-0.9750700921945695,3.836087048792013,-0.7097714541928067,1.0187715591985484,2.2687973273563737,3.021844945233844,-0.30852968182446,-0.9541866793037505,-1.3713993881826885,1.814079909629618,-1.2200011740541141,-1.3934507795363622,-0.2685346671830286,0.806259981981374,0.39767203775660004,-1.238494455284687,0.2044646553166367,-0.3759724034796717,-0.8274130302866491,1
0.544609603518286,0.9802085196628456,2.8867879618748513,-0.8681093238500562,1,0,0,1,0,0,-0.6595879237025604,0.43312638202953796,-0.06748317567269331,-0.3880376226335831,0.9682671577500781,0.6329881644156662,3.2957712918232653,-0.3897622449462011,0.48146865169941205,1.4215943293035935,1.91323613964417,0.5881458075800438,-0.9759075838124419,3.4595590358625365,-0.9088743175676093,2.3750517505102713,1.6120971252460574,2.768814700874899,0.27586209560863995,0.5285640660967139,-1.1260995833558463,-0.3755294262670652,1.7285141839767741,-0.32195431159258614,0.21590796522745506,-0.5285640660967139,-0.27586209560863995,3.668971967056682,-0.7097714541928067,0.6457695739056325,1.881182312516537,2.6292744998183335,-0.5605696322757617,-1.3619827281933365,-1.592872065108806,1.4420133285685155,-1.1644891896302574,-0.6346847228976005,-0.998391980004983,-0.07544647093981212,-0.194636969298146,-1.6508957890030895,-1.1125787146405561,-1.0440026608476,-0.9511296417938885,1
1.3927182613071303,-1.2615871198543382,0.5693561964423357,-0.4281154315628296,1,0,0,1,0,0,-0.20530619155379135,-0.2716177769397935,0.40586453677030254,-0.4927732099136964,0.4383670728298007,0.1719324957647262,0.07178303074586392,-0.6097170576504066,-0.3672007829385257,0.10898963404737194,0.3450413792719121,-0.02039582676211257,-0.6068008372352846,0.14577028852759993,-0.04375817163781164,-0.5719369036662453,0.36758998781857755,0.34444228806985366,0.513835114248652,-0.5374328853480426,0.04583590309302084,0.7930198206063572,-0.07276565922384481,0.21725797537948258,-0.1122898377393239,0.5374328853480426,-0.5138351142486527,0.577342954953057,0.491016520610491,1.6737994358104995,1.0542702808582185,1.178470679804488,1.8968198846244282,0.35076067714292497,0.12354118106860354,1.3800022317249987,0.029018475482663446,0.7310941790521709,-0.013084607695344815,-0.0495139282068366,0.04228663352375219,-0.2233527107470814,0.36909507656128593,0.1250502895462747,-0.3944048900113141,1
-0.14929748012713334,-0.07626988516709207,0.27967722576327125,1.7718540298733036,0,1,0,1,0,0,0.2363566035908452,-0.458270314092562,-0.2721740783507456,-0.25494820233288673,-0.4154886416573745,-0.1554125570504902,-2.4364109828047695,0.32705297172254894,-0.18783094917763582,-1.6402308657275355,-1.49630943790848,-0.5105975824551274,0.8533437419431984,-0.9954282423359657,0.0169441871990132,-0.3166916684502673,-0.19756005612651195,-0.3751845075049762,-0.19575715951429745,-0.5022446364654003,2.393268609440487,-0.43191615281171214,-0.061473385264568935,2.0199489108845365,1.5789809046399623,0.5022446364654003,0.19575715951429676,-0.8988402670423681,0.11577027848446049,0.3182556355996563,0.09815324425328795,0.017827623793410803,0.29006520049738066,0.02452383803125581,0.12354118106860354,0.015758101167622184,2.6658377356158605,-0.17942508891434333,0.826251302049903,0.6636309969500054,1.5145975939169787,0.6966194952401235,-0.28942660841731066,-0.5429799678216537,1.275769365336409,1
0.4932090788038099,-0.46278637473902035,1.4383931084795292,-0.13478617003801185,1,0,0,1,0,0,-0.24316300256618875,-0.2611512795293579,-0.20820817126385424,-0.26999309332340027,0.04246680571422982,0.007812776662015243,1.00011165419266,0.9152807061165698,-0.14263344832513147,-0.004809597780041689,0.19388707500089514,-0.6601824847810844,-0.5867673945489561,0.19694422278730803,-0.05606801560935432,0.590018248761778,-0.6473126310674548,-0.22189602040452563,-0.5940660301642549,-0.31122271395962636,-1.193895253685833,-1.312419200578212,0.787896140971853,-0.6353666680228134,-0.46870096867680244,0.31122271395962636,0.5940660301642541,-0.06326485836571254,-0.3345252120667762,-0.8735311954581982,-0.4703487775118068,-0.6819718658603261,-0.844114576533476,-1.0357458890816678,-0.9284540343304539,-1.0384305451721696,-1.2200011740541141,-1.3934507795363622,-1.0075151964152582,-0.5033334260339178,-0.7023304039164997,-1.3019408143182878,-0.20711139779498602,-0.3759724034796717,-1.2604211705619852,1
-0.3291993166277972,-0.7204640344536393,1.7280720791585935,1.0385308760612593,1,0,0,1,0,0,-0.36935237260751347,-0.15997513789514695,0.4954168066919504,-0.5078181009042099,0.681550675126763,0.2694205032971267,1.2913324104638402,-1.044520827980257,-1.1050580456349024,0.7430136855726419,0.690006223423984,1.0716517208487368,-0.9272180604079231,1.270770039610366,1.0557418177524749,-1.192260009056043,1.0420557405219764,0.8118601041139101,1.8523841761196695,-0.3755669404878874,-0.5258907007141939,2.491256593505628,0.312545040062202,0.029521080533829527,-0.10441850825202534,0.3755669404878874,-1.8523841761196702,1.217950768271826,1.0163612595869336,0.09081540066495114,-0.5478717804797735,-0.135786898325702,1.2352150146897614,0.5954383064766764,-0.2086678343205727,-0.046252995675895824,0.08453045990652028,4.373171250918228,3.2074107851315286,2.9456947574519,2.783831180462863,1.6800380602609295,3.0854970270979956,3.075517259587958,3.255235149452228,1
0.3904080293748593,1.1348151154916164,1.0038746524609323,-0.4281154315628296,1,0,0,1,0,0,0.43825959565696476,-0.500717775812662,-0.3361399854376369,-0.22022922312400942,-0.604768727429741,-0.21488918549915656,0.5965749189470619,0.07803764752780894,-0.6582653051510036,0.014315476375045239,-0.3278940249093072,0.5280404232162372,0.2227569464426844,0.012171089423951073,-0.5765453118327112,0.754292649735195,-0.20490953981285165,-0.28275539818502426,-0.5008818372323651,1.2169526660865582,-0.8173907378947683,-0.684679557115866,1.6578620934377255,-0.22252407708278987,0.15022267885335452,-1.2169526660865582,0.5008818372323643,0.1317027369921738,-0.40957446049198204,0.5093054329448095,0.8475422729436388,0.7176271134471482,-0.49755964466293656,0.02452383803125581,0.2896456887631914,0.6978801664463103,-0.7203933142394032,-0.5588081172337243,0.34272083230535716,1.1822818516095268,1.0069041592986248,-0.9847090191502859,-0.5363722402842841,0.013711913318286572,0.7809029193074537,1
0.9558138012340891,0.49062096620506923,0.5693561964423357,1.1851955068236681,1,0,0,1,0,0,-0.356733435603381,-0.17160457946229762,-0.1442422641769629,-0.33653780347374845,0.2439572151422627,0.12810761164465626,0.12524871832265147,-0.9178878818392912,0.588196843259892,0.5462085816664254,0.6656416798023348,-0.09819746161692329,-0.973075092602598,-0.5359142695460806,-1.564602570002313,0.9674745429678506,-0.47665843708973654,-0.011017932889501758,0.5061221547512287,-0.6358954166251617,-0.7096406153647239,-0.30755458395104374,0.16813382334628982,-1.2105389022193467,-0.876123651186533,0.6358954166251617,-0.5061221547512293,-0.6203151308168162,-1.535313186870074,-0.6097005229339397,-0.05689276168264715,-0.23819657973844427,-0.9071245641463012,0.18764225758709038,-0.04256332662598434,-0.6663639641110671,-0.44283339212011924,0.12408133374116129,1.4283835851280149,1.3119445652744073,0.65151875506577694,0.886958572340925,2.4269753421193996,2.1848102497640536,0.8427612250610729,0
-1.3572098109173063,0.3102466044048362,1.0038746524609323,0.5985369837740325,1,0,0,1,0,0,-0.1800683175455264,-0.28789899513380446,-0.4001058925245282,-0.14211151990403548,-0.2533647993537721,-0.11158767293042024,0.8803658425171575,-0.7408722563531231,0.4193706106603049,0.1788407599874342,0.029965682626702413,0.7407068991823041,0.355678393775288,0.2454255507375935,-1.708736246956388,0.954671748196214,-0.5871142952143666,-0.39146809077743117,0.4073962731842086,0.6061852033378367,-0.9789438159649267,-0.6949040386963901,0.38605936497352283,-0.823774813870695,-0.42114925257570157,-0.6061852033378367,-0.40739627318420935,0.35452284597261524,-1.535313186870074,0.47291499535525605,0.9250652759116064,0.615217432034406,-0.49755964466293656,1.247911984700014,1.1201682272361313,0.5738579727592754,-1.1089772052064004,-1.0140677512169813,-1.5001688825700765,-1.112748180258855,-1.311562525458524,-1.175048096251087,-0.5363722402842841,-0.32030321536567735,-1.198562864808365,1
1.521219573093319,0.0783367106616796,-0.15484123025532542,0.3052077222492148,0,1,0,1,0,0,-0.34411449859924853,-0.1832340210294483,0.44424408102243734,-0.4968237574880654,0.6215750338892285,0.2430361342860642,-0.1033891453186241,0.23568563574087203,0.787413114970804,-0.7004385131365113,0.13829496301890476,0.4476753843483004,-0.2078506869117646,-0.6211862344029643,0.17812296661468274,1.8145253045947811,-1.3166232695554263,-0.3337905158206599,0.18286856865026183,0.42920901042807535,-0.47691684286490565,-0.1450462538438941,0.7470028323038931,-0.35929385354431076,-0.5056716967003693,-0.42920901042807535,-0.18286856865026252,-0.6481676444393714,0.04072103005925432,-0.3458698504096825,0.6020527635450756,7.593435579547688e-4,-1.0646495331783645,-0.05703537174666111,-0.1532996650890431,-0.4183195767369984,-0.24854144663662048,0.19995793940503753,1.0908245779478607,1.3638096507403592,1.1084428462222957,-0.2550758902638815,0.5337254978059351,0.848749735028197,0.9664778365683122,0
-0.3291993166277972,1.3924927752062353,1.7280720791585935,0.5985369837740325,1,0,0,1,0,0,-0.7731583567397526,2.2385971853296818,-0.2210013526812325,-0.2676784947094751,1.504439193439837,1.9285054021283465,-0.5133181922144094,-0.24118621122150288,0.7527895005435226,-0.17138737920921107,0.19348576673891804,-0.962660071114817,-0.5009421827114366,-0.23974431836710058,-0.407354488945409,0.5278340465943044,0.5575402234040092,0.874813489154918,-0.6045440128777345,-0.7133741297612541,0.47423174373314064,-0.077043140569564,-0.49866615313466695,0.784380633930169,0.602544130617378,0.7133741297612541,0.6045440128777338,-0.3139374809687093,-0.4846237089171882,-0.3731626786018469,-0.05689276168264715,0.17144214591252482,-0.34003467563087314,-1.3619827281933365,-1.3160312189511594,0.3258135853852078,0.6951622885689447,0.19995793940503753,0.8627441676909999,0.4432043837197094,0.7530574419894479,1.1407440084753266,-0.20711139779498602,-0.5429799678216537,0.5334696962929761,1
2.215126656738738,-0.1535731830814779,-0.15484123025532542,0.3052077222492148,1,0,0,0,1,0,-0.2684008765744537,-0.2530106704323524,0.2267599969270068,-0.4534250334769687,0.40735690115984496,0.15583355874102703,0.3680824546916047,0.5332961003917305,0.7109386261528301,-0.1725302004799731,-0.005030058508137333,-1.4202668692095524,-0.2671767024811257,-0.442266618386098,0.7702892381974704,0.8265588449737062,-0.5224485441223596,-0.448750613850937,-2.018119135314598,0.06447137185505257,-0.9537352073918804,0.03969321491424187,-0.14126499236843118,-0.2849738630022615,-0.4315783097930493,-0.06447137185505188,2.0181191353145973,-0.45320004908148526,0.641115017460903,-0.16391766246191838,0.279040251178545,0.0519641842643253,-0.8756195703398886,-1.0357458890816678,-0.2086678343205727,-0.046252995675895824,-0.8036612908751883,0.27583454506891375,0.7258959215368835,0.533968283285125,0.38074892326932136,0.41111087958892223,0.28677986593896093,0.3477270420022505,0.34789477903211874,1
0.3904080293748593,1.4182605411776974,1.0038746524609323,-0.13478617003801185,1,0,0,1,0,0,0.43825959565696476,-0.500717775812662,-0.4128990739419065,-0.13921827163662903,-0.7089239758233089,-0.2774961628135422,0.1106050610924884,0.28389589481193644,-0.33041403166741157,0.6443382423770171,0.34654378297266875,-0.15232811746896416,-0.14605958213991044,0.06765317275532584,-0.47879423457476056,0.5490338709954252,0.27907571023653455,-0.07464693669313013,-1.0383979846077995,0.8221130942085976,-0.08620077679071937,-0.8693015786312909,1.0034131419506693,-0.5937326991336043,-0.5234020950141298,-0.8221130942085976,1.0383979846077986,0.02029268250195297,-0.4846237089171882,-0.13662483426975403,0.1627557467265941,0.2738518273252659,-0.8756195703398886,-0.709509049969999,-0.319404172783631,0.2638024885416898,-0.38732140769626244,-1.0899443568808573,-1.2538420394926681,-0.6329961396987983,-0.8038690908401701,-1.6826189685198898,-1.0302635040182315,-0.8213259083916238,-1.2604211705619852,1
0.4932090788038099,0.8513696898055362,1.1487141378004646,0.5985369837740325,1,0,0,1,0,0,-0.1295925695289965,-0.3408129542643401,-0.5408308881156891,-0.023488340940371298,-0.542184616904847,-0.2439567106808356,-0.1592361742075238,-0.13122316062897932,0.22533202033722438,-0.6479622629497654,-0.2503993613446036,0.65118251839389,0.6364277961101502,-0.7649452950067572,-0.18449842710793352,0.2657828838398451,-1.1566307061234888,-0.9046010095577641,0.32630001332558756,0.5645149086083918,-0.5429025492214403,-0.004718567954962649,-0.04095025421291022,-0.2715399948986779,-0.5576353862347474,-0.5645149086083918,-0.3263000133255883,-0.5367575899491508,0.19081952690966666,1.2098213565437015,1.183475285804831,0.5810808715634928,0.5736101447550955,1.9819448727012692,1.9506907657090713,0.7598912632898273,-0.6093693453916895,-0.17942508891434333,-0.5239847266707137,-0.46443461193445323,-0.5330992590437151,-0.667477223982284,0.03983423407198747,0.3477270420022505,-0.45626319576493324,1
2.215126656738738,-0.3339475448817109,-0.15484123025532542,1.7718540298733036,1,0,0,1,0,0,-0.2684008765744537,-0.2530106704323524,-0.7966945164632545,2.2303520593692476,-1.4576827254211728,-1.9182461611455488,-0.28041975107879635,0.7229616094918002,0.27419157413502393,-0.6716240759857556,-0.7954173418892686,-0.965282327824519,1.0039308996085667,-0.369380503851603,0.32315649537141955,0.9845285688624741,-0.5304793356663766,-0.33622194770714975,-1.8245939697428848,0.4930801176436292,0.020849842877873163,-0.6685564147108302,0.6145271968188784,0.3813065685294438,0.7058262091439635,-0.4930801176436292,1.8245939697428841,-0.45320004908148526,0.11577027848446049,-0.4914316007678933,0.05939174276930372,-0.15285517856115927,-1.0961545269847772,-0.9541866793037505,-0.2086678343205727,-0.4183195767369984,0.0012624832707351544,-0.6346847228976005,-0.031331040515893936,0.28760912732185256,0.43151826673115745,-0.1916295312302808,-1.1948939252628807,-1.1553410370755877,0.5334696962929761,0
0.3904080293748593,0.49062096620506923,1.0038746524609323,1.1851955068236681,1,0,0,1,0,0,0.43825959565696476,-0.500717775812662,-0.1442422641769629,-0.33653780347374845,-0.3995313227711973,-0.1250034537835029,0.43916990935207195,0.010448634663004198,0.37001591699885533,0.9385154076184762,0.5110001380971301,-0.9322644503292474,-1.142089286953356,0.06026917768197276,-0.20450863654989673,0.6932458759804989,0.27907571023653455,-0.01790266803357557,-1.0255223183500044,-0.2543969704224406,-0.5504561973252275,-0.21921334162099113,0.19082109483896031,-0.9911470706467191,-0.6818036771142759,0.2543969704224406,1.0255223183500037,-0.007559831120602114,-0.25947596364157,-0.2185033188462471,0.1627557467265941,0.2738518273252659,-1.0016395455655394,-0.7910682597479163,-0.4301405112466897,0.139780294854656,-0.4150773999081907,-0.02767187758659086,0.5981708917930423,0.6117659114840535,0.1438253204474232,0.31594134103852145,1.2745623934068555,1.2384340518261547,0.34789477903211874,1
-1.3572098109173063,-0.35971531085317227,1.0038746524609323,-0.8681093238500562,1,0,0,1,0,0,-0.1800683175455264,-0.28789899513380446,-0.15703544559434116,-0.3330659055528607,0.025622438301923813,0.03598591645348879,0.07231037219175443,-0.7998259632279627,1.5451116872092758,-0.4248239244389087,0.3517293612744764,0.34035676964720935,-0.3513324824609869,0.47659925267283326,-1.895877713452071,1.1397791417662733,-0.27619662475259243,0.022885926762653476,0.5061221547512287,-0.037759751214519306,0.3756630249107314,-0.8014624387963388,-0.9668513203692978,0.30003786936405985,-0.4349217428421378,0.037759751214519306,-0.5061221547512293,0.18740776423728422,-1.835510180570898,-0.8098479296764806,-0.1602567656399366,-0.2552648599739003,-1.2851844898232538,0.18764225758709038,-0.04256332662598434,-0.6043528672675491,0.19555442875423396,-0.8623145398892288,-0.48749186102961545,-0.8793552956620708,-0.7192535184037778,-0.12818317219668063,0.28677986593896093,0.29205785388825667,-0.76555472453303,1
1.1614159000919912,-0.3339475448817109,-0.15484123025532542,1.7718540298733036,1,0,0,1,0,0,-0.43244705762817587,-0.09368732096238805,-0.7966945164632545,2.2303520593692476,-1.2332585408502867,-1.795715362687394,0.011645686147557831,0.7741994807149971,-0.25123045924457993,-0.11420140956752202,-0.15558284101891698,1.2251258755431889,0.7991331297344819,0.2213060859785156,0.29530499214555483,0.2958611238414393,0.08743174490037456,0.34771986702549845,0.9848575718326791,0.6941558255444445,0.20493282346404953,-0.7667830254849545,0.6407523507801818,0.24097455826059097,0.5417460851141882,-0.6941558255444438,-0.9848575718326797,-0.09111737198826762,-0.10937746679115769,-1.0463857740085747,-0.7545997883943533,-0.6819718658603261,-0.7495995951142377,-0.22015379130249568,-0.6516131881728072,-1.1004416420156866,0.27882240539001907,-0.6346847228976005,0.36096726512590627,0.6506647255835172,0.7192112130148905,-0.0012904541294803558,-1.0302635040182315,-0.8769950965056176,0.904619530814692,0
0.3904080293748593,-1.3646581837401863,1.0038746524609323,1.0385308760612593,1,0,0,1,0,0,0.43825959565696476,-0.500717775812662,-0.19541498984647596,-0.2838806850069512,-0.4483149080250975,-0.16569798903785354,-0.17252813646224333,1.2574727065266385,-0.4255403631919966,0.4811908286117434,0.06759107009774702,-0.9701496043137556,-0.7773198385423417,0.15360986135147675,-0.05643408731201393,0.6106178082969967,0.12158147955225736,-0.12271567981596096,-1.1014209826064827,-0.23079243079930178,0.3933897370838634,-1.7824551827368609,1.1953399417515542,-0.5294996517063622,-0.2076796781362121,0.2307924307993025,1.101420982606482,-0.03541234474315745,-0.25947596364157,-0.6369933511261053,-0.25070026910256554,-0.18699173903207253,-1.1591645145976028,-1.0357458890816678,-0.7069813574043363,-0.35630847989348147,0.05677446769459199,-1.772833807855743,-1.0075151964152582,-0.32180562690308556,-0.4992530300691578,-1.4605567119022886,0.12214944469431245,0.013711913318286572,-0.8274130302866491,0
-0.020796168340944693,-2.2665299927413525,0.5693561964423357,1.478524768348486,1,0,0,1,0,0,0.08492935954125552,-0.4210561010776798,6.431452984355466,-0.7797834380404155,1.3415760443803568,0.2788115498942845,0.46224367886664697,-2.141923144356182,-0.37937586109885685,2.2746868418721387,1.4943829274816895,-1.4136008166264689,-4.9900923156612595,1.2278396965161331,-1.1875089838295825,-0.5947737457154902,1.543897696697225,0.5509812992595859,-0.37315522795503414,-1.5578921029446724,0.5840818698422359,1.750236304223935,-0.07907074339397925,-1.5420526450513152,-1.404844995653201,1.5578921029446724,0.3731552279550334,1.357213336384602,-1.009968447893631,0.5365982611369737,0.12399424524260985,0.7517636739180628,0.3530751881102058,-0.6279498401920818,-0.5408768497097485,0.6978801664463103,0.3620903820258042,1.33810702436318,-0.5331079430809875,-0.4903671546674297,-1.0238695791747903,-0.5405845059150832,5.554953345767732,4.467246962437809,-1.0748462533011267,0
-1.3315095485600683,0.28447883843337485,-0.15484123025532542,-0.8681093238500562,1,0,0,1,0,0,0.36254597363216995,-0.4786218368350757,0.13720772700535894,-0.4337509452586049,-0.1410912096780699,-0.03288175859233543,1.1427585059943381,1.0810305710353596,-0.3210020665328456,0.6867142453630586,0.5982077963876308,-0.925236219216157,-1.3314491759609097,0.5308387266494515,2.3939351393419632,-1.1954954670870062,0.5557358948707181,0.3244850477201878,-0.653257441282515,-0.614019074092617,-1.0586257194253306,0.9144432852380505,-0.7625370726958273,-0.37664844205383635,-0.4609029398991104,0.614019074092617,0.6532574412825142,0.29881781872750485,1.841902992264201,-0.600602913536552,-1.077612300760884,-0.8355863879794388,0.5106001571422693,-0.8726274695258333,-0.7069813574043363,-0.10826409251941274,-1.0257092285706153,0.7310941790521709,-0.2685346671830286,-0.6070635969658218,-0.7023304039164997,0.28421816152172197,1.1099319721622063,0.848749735028197,-0.3944048900113141,1
0.8530127518051386,1.6244026689493918,0.5693561964423357,-0.8681093238500562,1,0,0,1,0,0,-0.5207796166571032,-0.026236559872914074,-0.31055362260288033,-0.2260157196588223,0.3456997162136729,0.15449198065571876,-0.26209414643016515,-0.299694071547751,1.7443210273580447,-0.6598272027582706,-0.23110248167109484,-0.9574368768556561,-0.40473421687760364,-0.4823974496118861,-0.32769146324361415,0.22845592203715215,-0.4318309082630432,-0.543089571994729,-0.8569681418843172,-0.45589913793704195,-0.11755755704634985,0.08306540423057829,-2.1549691100565638,0.4631878458292404,-0.22977671860525886,0.45589913793704195,0.8569681418843165,-0.6760201580619267,-0.6347222057676005,-1.1464594773798444,-0.8708842928463041,-0.972132629863095,-1.1591645145976028,-0.5463906304141645,-0.2086678343205727,-0.9764194483286528,-0.1375174777889068,0.04820472807728505,-0.07694712256726609,-1.164613265724808,-0.939254006738398,1.3628062650929278,0.8629863402952329,0.6817421706862145,-0.2706882785040748,1
-0.5348014154856993,0.05256894469021735,-0.4445202009343899,0.5985369837740325,0,1,0,1,0,0,0.31207022561564,-0.47106269981642773,-0.2849672597681238,-0.24511115822370483,-0.4748567868383734,-0.17285307215949763,-0.9598127553206177,0.7384311054881151,0.3607781423740703,-1.2953385381885354,-1.1092083644379915,0.30542248303685415,2.3122825078064477,-1.2579527761341636,0.7166547752028378,1.2504178101516361,-1.335112535534951,-1.2873302904095973,0.7338087191151667,-0.31122271395962636,0.07771140879855834,-0.29559084494758286,0.763353502603826,0.4260440609038725,0.18519772824446498,0.31122271395962636,-0.7338087191151673,-1.2052179168904753,0.5660657690356972,-0.2276009282436361,0.4340862571144791,-0.15285517856115927,-1.411204465048904,1.9819448727012692,1.6738499195514247,-0.790386157798101,0.41760236644966076,0.12408133374116129,1.3827675030766426,1.6361013494366081,1.7515211967388769,-0.033013633646279864,-0.20711139779498602,-0.3759724034796717,0.9664778365683122,1
-1.7170134839186342,-0.7719995663965628,-0.15484123025532542,-0.8681093238500562,1,0,0,1,0,0,1.5992018000371522,-0.6646929019094866,0.6361418022831113,-0.5309640870434614,-0.34077839338040866,-0.10085504824795413,0.17391465881675533,0.652222460464989,-2.1782795503802035,-0.44180229609095817,1.1013049943049638,1.6750388169881636,-0.4013176487082906,-0.6911332658573999,0.03557193395657343,-1.2860229291654268,-3.024449928826931,-1.25381192257556,2.110417730215288,0.1914665557924087,-0.9324047825067432,-0.8595606131163903,1.6854520979338767,-2.402146377884966,-2.655853737776992,-0.191466555792408,-2.1104177302152882,-0.7595776989295921,-0.18442671521636386,-0.646090960523493,-1.1551353037288514,-2.0815708451678003,1.3297299961089997,2.2266225020350205,1.1201682272361313,-1.720552610450858,-0.9563192480407944,-0.9381911455531051,-0.6015320661580458,0.28760912732185256,-0.7277150756474172,-2.3646673281310937,1.6449808412073161,1.9621334973080773,-1.2294920176851751,0
0.6217103905899984,1.0059762856343069,-1.168717627632051,-0.8681093238500562,1,0,0,1,0,0,1.3468230599545028,-0.6414340187751852,-0.1826218084290977,-0.3128131676810156,-0.7900416436079254,-0.25155898649758246,0.17253248668487484,-0.14788824858639898,-0.8505685650945772,-0.9062574050397684,-1.0429235448704923,-1.0539171754523389,0.827431264479502,-0.8382932459677284,-0.9227803774886366,0.547667539601796,-1.2231077782879924,-0.6235428856642361,-0.47959406901947754,-0.9617617689328484,-1.0775233567046485,-0.7214398625518065,1.713108783143524,0.011482551441399102,0.7470834214424615,0.9617617689328484,0.4795940690194761,-0.8431352397972577,-0.9349191994684248,-0.3549674598070702,-0.031051760693324323,-0.5112890635057554,-0.40304466324369825,0.2692014673650073,0.5664865349208381,0.07776919801113909,-1.1367331974183288,-0.9381911455531051,-1.0987473605180025,-0.17917664187171697,-0.1607907403235886,-1.4922798914190887,-0.6186874509066087,-1.0440026608476,-1.136704559054746,0
-0.48340089077122306,0.6967630939767645,1.4383931084795292,-0.13478617003801185,1,0,0,1,0,0,-0.48292280564470574,-0.06112488457436613,0.7001077093700027,-0.544273029073531,0.9575632282919103,0.37361640125606854,-0.2777317692022143,0.590065451557069,-1.4359169703985109,0.2537896069046367,-0.8895371917314875,-0.03438382866838138,0.38041039366687457,0.35983432765400886,0.4835173531520621,-1.9695052678574991,0.47013627617625625,-1.0311499773376562,0.1590389773671773,-0.2046283627832927,0.745735006209887,-0.32550628025340755,-0.016216253794809468,0.12332569792304794,0.14972465938105126,0.20462836278329197,-0.15903897736717798,0.02029268250195297,0.04072103005925432,-1.0463857740085747,-1.7623988269779296,-1.5353858776331764,-0.30852968182446,0.18764225758709038,0.12354118106860354,-1.3484860293897554,0.8339422496285867,-0.17942508891434333,0.44307621281837667,0.36540675552078095,0.39767203775660004,0.37938770007212164,0.7806711296729086,0.7374113588002092,0.5334696962929761,1
1.5469198354505571,-2.0088523330267334,-1.168717627632051,1.0385308760612593,1,0,0,1,0,0,0.1858808555743153,-0.4448964562903387,1.4804917758300769,-0.6501659156606069,0.52522026200492955,0.16030548569205458,-0.09807838923619915,0.31410049620375957,-1.896647808231572,0.505750422585446,1.0089224229460843,0.36238372600870106,-0.6441240385293308,-0.06667656854687627,-0.09543447281725206,-0.5544080314105317,-0.4016747677078138,-0.6647460656430337,-0.3305796915292576,0.8221130942085976,0.06975794605965259,-0.5267169482961749,2.035654487269391,-1.081530016447473,-1.9606437135561712,-0.8221130942085976,0.3305796915292576,-0.3139374809687093,-0.40957446049198204,-1.0099953364190213,-1.1034533017502068,-1.176951992688579,-0.5920746260821743,0.10608304780917345,0.2896456887631914,-0.9144083514851348,0.3620903820258042,-0.17942508891434333,1.2003031748711541,2.232549832295058,1.5145975939169787,-2.4439752769230942,1.439192814651505,2.2404794378780473,0.7809029193074537,0
-0.2006980048416086,-0.12780541711001567,-0.4445202009343899,-1.6014324776621007,1,0,0,1,0,0,-0.05387894750420167,-0.38093452767100994,0.29072590401389814,-0.4632620775861506,0.23402365108208176,0.06505344163516784,-0.8295851511886531,-0.6332635830339121,1.1834102652447451,-0.07784995780193421,0.45006667683288587,1.3084435078328047,-0.19477996725937533,-1.3367551291452389,-1.5648182746194998,2.18409303276201,-0.8416608969707314,0.22545369831547657,0.9704170281043213,0.8221130942085976,-0.1821116274671785,-0.6984264545666704,0.5770413877285829,-0.7294062674400357,-0.3649970669292204,-0.8221130942085976,-0.970417028104322,-1.2609229441355856,-1.4602639384448675,-0.03655113089848297,1.093031782342202,0.6493539925053206,-1.0646495331783645,-0.05703537174666111,-0.4855086804782194,-0.4803306735805153,0.3343343898138759,-0.1035484832504671,2.2859659276938116,2.3233137318604746,1.7853674257134342,1.2041903675089267,0.4514102871836102,1.0157572993701793,2.079927340133461,1
0.4161082917320974,0.3617821363477598,-0.8790386569529866,-1.8947617391869185,0,1,0,0,1,0,0.9177792018139987,-0.5786350343125716,2.555119014889851,-0.7120814285831047,0.41840671423896075,0.10530078419441576,0.2762993760092498,0.38083017093735905,0.48062117474691235,1.0725846735459263,1.0573594960227464,0.6582864069430221,-0.8837964927922153,-0.45404008131704054,0.4382323184129209,-0.1675972840329442,-0.7352081022131718,-0.8932629929013431,0.1039844044028122,0.7946936794948511,-0.8378725076743182,-0.08368984486465975,-0.8254443542163453,-2.178012465504241,-2.2467165830650493,-0.7946936794948504,-0.10398440440281291,-0.4253475354589299,0.41596727218528484,0.03622974428062242,-0.05689276168264715,-0.34060626115118536,-0.15100471279239655,0.9216751455883455,0.954063719541543,-0.10826409251941274,-0.9701972441467586,-0.482931511569848,-1.262965255902942,-1.4239386930545688,-2.005410219436941,-0.857816301083085,0.28677986593896093,0.793080546914203,-1.8171459223445585,0
1.8039224590229344,1.830544796721088,1.0038746524609323,0.5985369837740325,0,1,0,0,1,0,0.980873886834661,-0.5896830038013647,0.44424408102243734,-0.49740240714154665,-0.23830059145869648,-0.06910436689565855,-0.10263538201009294,-0.8969327338738,0.6500466404778661,-0.7950614696583208,-0.8318763772337701,0.030637323049768416,0.7228213997666164,-0.24870044827762236,-0.5881407840074429,1.2997023470599383,-1.3781649419172954,-1.2519723872200812,-0.45503125954306645,0.4930801176436278,-0.1057815604637523,0.6418817993451611,0.4174399817541107,-0.2924880126973516,-0.1408273271155709,-0.4930801176436278,0.4550312595430657,-0.3139374809687093,-0.6347222057676005,-0.3367722410122935,0.3565632541465125,-0.23819657973844427,-1.442709458855317,0.18764225758709038,0.4557501964577793,-0.6663639641110671,-0.24854144663662048,0.35171115073279,-0.5969704579529088,-0.30883935553659736,-0.39771434314548676,-0.6992004034990842,-0.5363722402842841,-0.3759724034796717,-0.5799798072721716,1
0.6217103905899984,1.4955638390920825,-0.8790386569529866,0.3052077222492148,1,0,0,0,1,0,0.3877838476404349,-0.4803662530701483,-0.5152445252809326,-0.05242082361443573,-0.853153591883238,-0.328923322750359,-1.5990408596633783,-2.0531610971907988,0.11676250168069494,-0.6858126049423597,-0.23709960896553386,0.3918537780818866,0.4885068126698496,-0.7877267854849537,-0.9069516326227296,-0.4621620629978769,-0.5633476268310583,-0.5776309332538798,0.2905222516232541,0.24630538521990228,1.436417917777388,1.9094638044001673,-0.6240465539378925,0.3678827208994473,-0.25570307574649753,-0.24630538521990228,-0.29052225162325485,-0.6481676444393714,-0.7097714541928067,0.6366719645082435,0.279040251178545,0.03489590402886805,0.7311351137871589,0.9216751455883455,0.8433273810784847,0.3258135853852078,1.2225261405955843,1.6416134470186852,-0.24116501795220557,-0.5162996974004062,-0.3469449996836519,-0.12818317219668063,-0.28942660841731066,-0.2089648391376897,-0.45626319576493324,0
-0.5348014154856993,1.830544796721088,-0.7341991716134544,-0.13478617003801185,1,0,0,1,0,0,0.47611640666936217,-0.5100213290663825,0.6617281651178678,-0.5332786856573866,0.0773914126067026,0.01988697942978962,1.3242813077351596,0.16040706983024544,0.4289680322976492,0.17301619546818672,0.40878115960050615,1.0157372056060652,0.25197690756420293,0.5967518858552053,0.899513225270687,-1.0155281520152073,0.09244800970495429,-0.9378538499281914,-1.0021120160631036,2.379226898797741,-1.2451779419535542,0.6809488651951539,-1.6069215262786911,-0.14206385409563196,-1.4470672739469377,-2.3792268987977416,1.002112016063103,0.6330479821981672,0.9413120111617277,0.2545723698179399,-0.3282232720705331,-0.27233314020935756,0.1325402314653172,0.35076067714292497,1.009431888773073,0.44983577907224165,-1.2477571662660425,0.27583454506891375,-0.8615437338508666,-1.4628375071540325,-1.4131012123821949,-0.5088613263982832,-1.0302635040182315,0.06938110143228039,-0.6418381130257917,0
-0.5091011531284612,0.5679242641194551,0.5693561964423357,2.9451710759725747,0,1,0,1,0,0,0.5013542806776271,-0.5158360498499579,-0.6943490651242283,0.5262288298668529,-1.3926878351530994,-0.8033947722543817,-2.713574199133133,1.9274563031657153,-2.748565668032819,-1.6951379242510516,-3.528800191864892,-0.34167999633250934,3.2659020980664315,-0.16709085329856815,1.7244876399753468,-1.3946135811071554,-0.6617044916636993,-1.8283314787386789,0.24941157827095015,-0.7133741297612556,3.606335767770268,-0.9179404043366535,2.355929192704148,1.6338871275406524,2.802603242677684,0.7133741297612556,-0.24941157827095087,-0.09111737198826762,1.7668537438389946,0.3182556355996563,-0.4832692780064673,-0.6990401460957827,0.16404522527173035,1.9819448727012692,2.0060589349406004,-0.4803306735805153,3.581785478609498,-0.7864379342253526,0.34272083230535716,1.5583037212376798,2.276137745844509,-0.635754044465484,-1.3595243465075295,-1.712032918215528,0.8427612250610729,1
1.495519310736081,0.5679242641194551,-0.4445202009343899,0.3052077222492148,1,0,0,1,0,0,0.04707254852885811,-0.41349696405903186,-0.7327286093763631,0.9631093182452258,-1.2922481779456862,-1.0623193427188766,-1.9780001103922114,-0.41811061446383585,-0.06048665588491514,-2.9462798621055724,-2.7181469522229005,-1.4192873676055087,2.171805478147355,-1.8692758469517727,-0.6553248801453606,0.47150308461418877,-3.17978353957395,-3.092750671995024,-1.8285434629178192,-0.12221154853286169,0.8826989020930527,-0.08262013906148348,0.5565024133627723,0.8272150889500381,0.5142550856306142,0.12221154853286169,1.8285434629178192,-1.7622681893415788,-0.7097714541928067,-0.4004555067940112,-0.10857476366129187,-1.347634795043149,-1.1906695084040155,0.2692014673650073,1.5631135810883663,-0.6663639641110671,0.5286263352973745,-0.3311783002420958,-0.7885580025686714,-0.41256952646850126,-0.07617516788719629,-1.1433249167342867,-0.9479482933959068,-1.0996718489615938,-0.76555472453303,0
-0.12359721776989524,0.3102466044048362,0.27967722576327125,0.3052077222492148,0,1,0,1,0,0,0.791589831772674,-0.567005592745421,0.2651395411791416,-0.45631828174437516,-0.2630749204714835,-0.0834145331389467,0.7506426042423723,0.9825184776812784,-2.461125612178353,1.3110317071639992,1.117283613291876,0.5314635509504538,-0.6529959118877431,-0.14374580088869487,0.17292171413531285,-1.1069374125369746,-0.49079936482006536,-0.31473796752263855,-0.5483077512256369,1.2686578481181965,-1.1874159244089109,-1.1753082677913216,2.2520758130813174,-2.2577875043675055,-1.7598037838335896,-1.2686578481181965,0.5483077512256362,-0.11896988561082296,0.19081952690966666,0.09991301006234013,-0.4961897785011287,-0.6478353053894121,1.109195039464111,0.18764225758709038,0.5111183656893089,0.139780294854656,-1.0257092285706153,-0.9381911455531051,0.890113816921823,2.051022033164225,0.7361343275021692,-1.3653871733518879,0.6160407084282594,1.5724491805101195,0.40975308478573785,1
-0.020796168340944693,0.6452275620338409,1.4383931084795292,-0.4281154315628296,1,0,0,1,0,0,-0.09173575851659908,-0.36407183739864146,-0.6175899766199587,0.2253310100565828,-0.757192812850181,-0.4541372773791303,1.2140100796620827,0.4692889188871554,2.073786802262746,-0.17265262212732413,1.0417701215416129,0.5804282429409336,-0.945150082514613,0.8557046248449547,-0.7081069983232986,1.7573017229531829,-0.19756005612651195,0.8352946329030314,1.4008254564523381,-0.5976867361744845,-0.8331005893671172,-1.353479815111611,-1.0690172729264413,0.037345384033696395,-0.5388495475796101,0.5976867361744845,-1.4008254564523388,0.49378541408539117,-0.8598699510432187,-0.8371407578686448,0.09815324425328795,0.017827623793410803,-1.1591645145976028,-0.30171300108041293,-0.8730858650989243,-0.8523972546416179,-0.8314172830871166,-1.317574173872486,-0.323273965644676,-0.8015576674631424,-0.7361766328910565,0.15732544345452057,0.4514102871836102,0.18071947766026855,-0.9511296417938885,0
0.08200488108800677,2.217061286293016,0.27967722576327125,-0.13478617003801185,1,0,0,1,0,0,0.4130217216486998,-0.491995694637299,-0.2977604411855021,-0.23469546446104164,-0.5451168139911332,-0.19700147769504636,0.039181394783022135,-0.35074617159658095,0.3513253323511684,-0.009689090019368457,-0.1287804971832054,0.6955530816888696,0.12152704628329418,-0.3107377959355426,-0.19042066502678548,1.1315475390177265,-0.39474876356578364,-0.3227496165600081,-0.5483077512256369,1.4924563972103608,-0.3649682276137215,0.29065088594181393,0.6568226518918102,-0.37833678115417874,-0.14768122896791344,-1.4924563972103608,0.5483077512256362,-0.09111737198826762,0.11577027848446049,0.9823811216089964,1.4935672976767,1.2296755205108585,-0.4660546508565234,0.18764225758709038,0.5111183656893089,0.9459245538203791,-0.38732140769626244,0.19995793940503753,-0.1864257194905595,0.1709126850234604,0.008440404549195996,-0.5723076854318833,-0.7833178721512579,-0.15329565102369538,-0.08511336124321738,1
-1.1773079744166424,1.5213316050635446,-0.4445202009343899,-0.13478617003801185,1,0,0,1,0,0,0.8420655797892039,-0.5699129531372086,-0.7839013350458762,1.709567371236088,-2.0510307692013448,-1.759492754384071,-0.11468945147701615,0.7858126490047482,-0.49798525758508555,-0.24056700481835844,-0.5611550830369918,0.5441399812417816,0.25714262869637555,0.7144906139175875,-0.1485013846520426,0.1342001122726456,0.1825317651538546,0.019815465364532363,0.7808658909541826,-0.032311248161722386,0.8733890769699392,-1.2273179490715933,0.8156207003482143,0.5059858771868962,0.7488750362208032,0.032311248161722386,-0.7808658909541832,1.6914434998552643,0.7912135143113154,3.0384408454187306,2.669332842690871,2.6463427800537906,1.8023049032051899,1.7372672433675176,1.397009073393778,2.8682685559694088,0.6118943119331598,-1.2416975682086098,-0.5331079430809875,-0.06248019957332482,0.1438253204474232,-0.7626467625326843,-0.37174181903963527,-0.4316415915936655,-0.20882997275045564,0
0.030604356373531493,-1.0812127580541053,2.452269505856255,-1.6014324776621007,0,1,0,1,0,0,0.24897554059497767,-0.458270314092562,1.7363554041776421,-0.6681040549185268,0.5540670759908886,0.16388302725287662,1.7420440299541404,1.1379546688336584,0.8387159366540583,1.849368283869546,2.102917191014176,1.482080142699449,-1.6222534644459576,0.9104446839469934,1.661688662284458,0.4801438221450608,0.22775748727717687,0.24855125341207573,0.6286220997103051,1.3979208031972914,-1.5126490289474535,0.10276472842644754,-0.6640545461941959,-2.2725368145608607,-2.4912334183361113,-1.3979208031972914,-0.6286220997103059,1.0353620678572977,1.8168865761224657,0.5264898062509866,0.711159212166659,0.7821072832255418,-0.0354864021688832,0.5954383064766764,0.32040578278070764,0.5531876071447698,-1.4420491117495413,-0.05296407947454983,-0.4266704182944521,-0.6848612251647502,-1.4469474413567518,-0.5405845059150832,0.6160407084282594,1.6837875567381073,-0.6624575482769981,1
0.6474106529472365,2.1397579883786295,-0.4445202009343899,3.2385003374973924,1,0,0,1,0,0,-0.40720918361991093,-0.12508681319369488,0.09882818275322415,-0.4244925508029043,0.509481244048246,0.2318563169084953,-1.344460845801604,0.3107597829243125,-1.3725245781833642,-1.2762943131916,-1.668920855216358,-0.6237083323970386,1.3100630579346955,1.4977448842741314,0.26261825157859786,-0.33259378443531,0.0019290670316668473,-0.03733801279238174,-0.33645217931212407,-0.5169746011139472,3.3660345748699436,-0.16344235530151371,1.5420624000870158,1.7261041073259593,2.133225546553194,0.5169746011139472,0.33645217931212335,0.9672781456688292,-0.10937746679115769,-0.973604898829468,-0.9742482968035945,-0.9209277891567239,-0.4660546508565234,-0.709509049969999,-0.6516131881728072,-0.9764194483286528,4.05363734621228,0.27583454506891375,1.4010139358971918,2.128819661363154,2.9192160963610903,0.09387908442092041,-1.1948939252628807,-1.4893561657595522,1.770635811365363,1
-1.5885121721324456,-0.46278637473902035,-0.15484123025532542,-0.13478617003801185,1,0,0,1,0,0,0.8799223908016013,-0.5716573693722812,-0.2210013526812325,-0.27520094020473185,-0.6699930861932946,-0.22696338826693094,0.6417700290768565,0.7978665286411873,-0.7968136614768814,0.7926942586732181,0.3557724940514755,0.762821264100788,0.11130830489708185,-0.28319039200844676,-0.11710647393782632,-0.5154180661517425,0.2714823916033927,-0.22330223488910958,0.9573302853504965,0.09092870184200141,-1.1753573508102848,-1.2124115447997754,0.5713255189008773,-0.8016815107926837,-0.6805328366839092,-0.09092870184200141,-0.9573302853504972,-0.32189534200372505,-0.18442671521636386,-0.2302002452143181,-0.4537367054472417,-0.3259763066636514,-0.11049829218415236,0.36241199282548453,-0.0662925420109259,-0.4803306735805153,-1.1644891896302574,-1.2416975682086098,-0.6060936743631827,-0.24400799870415715,-0.5330992590437151,-0.9529858396334858,-0.37174181903963527,-0.3759724034796717,-0.8274130302866491,1
0.930113538876852,1.1348151154916164,0.27967722576327125,-0.4281154315628296,1,0,0,1,0,0,-0.33149556159511606,-0.21347056910404008,-0.3361399854376369,-0.22022922312400942,0.004954606457922606,0.006024005881604224,-0.22042039446539957,0.021409133986574624,-0.932042990799658,-0.06842394910638488,-0.01652292358853983,2.074176973609208,0.3467251440549191,-1.0631165055158607,-0.6803142285991086,0.5186483539376551,-0.42484275778074304,-0.04113972835999004,1.1569031123463245,1.6815275852364984,-0.7557535618602921,-0.7109085679478155,1.7953255694989225,-0.32883046530234933,-0.018684327653900906,-1.6815275852364993,-1.1569031123463254,-1.038102835155144,-0.7097714541928067,-0.30947941282012914,-0.0052107597040024186,-0.1699234587966153,-0.40304466324369825,0.18764225758709038,-0.319404172783631,-0.728375060954584,-0.6926373220274746,-0.6346847228976005,0.13288685486904556,1.0526191379446466,0.8376730144258402,-1.3019408143182878,-0.8656330827735822,-0.15329565102369538,0.5953280020465953,1
1.0586148506630406,2.371667882121788,0.27967722576327125,0.3052077222492148,1,0,0,1,0,0,-0.10435469552073157,-0.3512794516747757,-0.7071422465416066,0.598560036552014,-1.0484395733908003,-0.7327383264281465,-0.5016029290469469,1.1508536088146597,-0.7264044940604468,0.21396593331586147,-0.4614554570624146,0.0616953763443723,0.5881296020427523,-0.9123496746472887,1.3643512026625202,-0.7099449579821092,-0.098263655774645,-0.854632750436248,-0.5505532963957722,0.6301771912123648,-0.21411796181033407,-0.21280561127790212,0.27959306213395285,-0.38649073097760567,-0.23446784562598916,-0.6301771912123648,0.5505532963957714,-1.0102503215325889,0.7161642658861095,-1.1009714303929035,-1.2455788071914804,-1.2110885531594928,-0.8756195703398886,-0.13859458152457876,0.12354118106860354,-1.0384305451721696,-0.24854144663662048,-0.2553016945782196,-0.17730250308028428,-0.010615114107371936,-0.1607907403235886,-0.3185222492974822,-0.4540570296619595,-0.2089648391376897,-0.332546584257695,1
0.9558138012340891,-1.3131226517972627,0.5693561964423357,-0.8681093238500562,1,0,0,1,0,0,-0.36935237260751347,-0.17160457946229762,0.5849690766135982,-0.5228629918947234,0.7236466597793301,0.27210365946774323,0.5183454852506487,-1.2697866299847114,0.7238079943945233,0.315931428575531,0.8073296426710833,-0.15627608467325188,-0.9442095370525931,-0.5359142695460806,-1.564602570002313,0.8586975129372824,-0.529335915638795,-0.19033603451792128,0.04968400367083265,-0.2624179304885547,-1.2562512388144023,0.1754374915053526,-0.12656158801914266,-0.9516834106381192,-1.2353941670242485,0.2624179304885547,-0.04968400367083336,-0.6203151308168162,-1.535313186870074,-0.6097005229339397,-0.10857476366129187,-0.3064697006802721,-0.9386295579527137,0.18764225758709038,0.17890935030013266,-0.4803306735805153,-1.1089772052064004,0.4275877563966659,0.7623887871779818,0.5728670973845897,0.12690220596014448,0.09387908442092041,1.8507688677631275,1.8507951210800897,0.22417816752487937,1
0.44180855408933456,0.10410447663314094,0.27967722576327125,0.3052077222492148,1,0,0,1,0,0,0.4256406586528323,-0.49315863879401406,-0.46407179961141953,-0.0842465545559066,-0.782262980288311,-0.3141659638119681,-0.5545641998705901,0.005048584509269555,-0.9596868908296325,-0.29637123932453147,-1.4411879124861133,0.7184250011962591,1.5250065268114752,0.33746281276273665,1.0436113791817745,-1.5217064942316585,0.7020015267512463,-0.6135267543610016,0.1590389773671773,0.8221130942085976,1.108323885818974,1.03853762919381,-0.2172441444226984,1.0964711211848228,1.2746254074602832,-0.8221130942085976,-0.15903897736717798,0.438080386840281,1.1664597564373458,0.4456221671630917,-0.4574282770171454,-0.1699234587966153,0.6681251261743327,0.5954383064766764,0.5664865349208381,-0.17027518936292965,0.6951622885689447,0.5793409677244183,-0.8432973010303187,-0.8145239388296306,-0.38079122865820925,-0.033013633646279864,-1.5241547677521787,-1.4336869776455579,-0.2706882785040748,0
-0.6376024649146498,-0.2566442469673251,0.27967722576327125,-0.4281154315628296,1,0,0,0,1,0,1.0187306978470585,-0.5972421408200127,0.047655457083711085,-0.4100263094658721,-0.49036296146223424,-0.14244396889251032,0.8518527723512407,0.876279121505759,-0.5936883248799981,1.1701574184039436,1.03140412910335,-0.15214097946796207,-2.5577385474659464,0.42395870807623337,0.42997991477388586,-0.7015609999658453,0.29338955225763136,0.08136573925687673,0.6912331826893887,-0.8930588049066626,-0.7609074705933899,-0.7719761549832457,0.10659068210681008,-1.289887122196312,-1.2614380740185467,0.8930588049066626,-0.6912331826893894,0.4659329004628361,0.491016520610491,0.2545723698179399,-0.1602567656399366,-0.03337721691295973,0.6996301199807459,-0.5463906304141645,-0.8730858650989243,-0.046252995675895824,-0.859173275299045,-0.9381911455531051,-0.9254062487227878,-0.7367263106307022,-1.1423313805857394,-0.9847090191502859,1.7684536571408034,1.3497724280541432,-1.4459960878228426,0
1.341317736592655,-0.41125084279609675,-1.6032360836506476,0.5985369837740325,1,0,0,1,0,0,-0.7983962307480176,2.4624639354973326,0.08603500133584588,-0.4215993025354979,2.0987763841491,2.2196278466402397,-0.9335724178529713,-1.9996137180512301,1.7497470926080774,-1.1584554609164346,0.355254998169147,-0.12966680635931666,-0.6086427753438237,-1.298226978290909,-0.7282394271523085,1.3667327511738758,-1.4832105085410079,-0.8996860735962515,-0.31054414497595056,0.13114384342216406,9.820725305863922e-4,2.014998310330925,-1.0185282847441335,0.0942724395623422,-1.3402172377575066,-0.13114384342216406,0.3105441449759499,-1.2052179168904753,-0.6347222057676005,0.1908891040362222,0.8863037744276221,0.17144214591252482,-0.7811045889206503,0.5954383064766764,0.8433273810784847,0.139780294854656,0.08453045990652028,2.096873081001942,0.37921369794645543,-0.23104172733766892,-0.1777138548108673,-0.2233527107470814,1.439192814651505,1.6837875567381073,0.16231986177126023,1
-0.12359721776989524,0.928672987719922,-0.4445202009343899,-0.13478617003801185,1,0,0,0,1,0,-0.00340319948767178,-0.39779721794337847,0.25234635976176334,-0.45631828174437516,0.17055131113522523,0.0467185411359549,0.08327333837171091,-1.2755304563697774,-0.24044408142893245,0.28976958095239025,-0.16137891956918535,-0.20133153973151016,0.18360347181925016,-0.4848166004641066,-1.1507275064032818,-1.3003617194876378,-0.5903750294087965,-0.7924101454400234,-0.5252107151899527,0.24630538521990228,-0.6002166388676603,0.5979320266327858,-0.9780430074411595,-0.9768657826738716,-0.5638337777737111,-0.24630538521990228,0.525210715189952,-0.3974950218363748,-1.009968447893631,0.33645085439443295,-0.4186667755331612,-0.6136987449184976,1.0776900456576979,0.4323198869208419,0.7879592118469556,0.38782468222872474,-0.7203933142394032,0.19995793940503753,-0.8797901666714156,-1.1905458084577836,-1.430024326869473,0.2524949820049213,-0.28942660841731066,-0.2089648391376897,-1.0129879475475077,0
-0.7661037767008384,-0.07626988516709207,1.0038746524609323,1.0385308760612593,1,0,0,1,0,0,-0.4576849316364408,-0.06752107743629901,1.1478690589782419,-0.6171828854121734,1.0781805954217558,0.42504356119288533,-1.9190644680791407,-0.7406823474387223,-1.3651722196371932,0.11027451356830242,-0.39558632593366966,0.6383299367671342,-0.07256088879857657,-0.1392845961177534,-0.22057828651686232,-1.2530840212766527,0.8683044980756466,0.3773461869746641,0.6912331826893887,0.1850492459657866,2.5293343307723433,0.7956392814632159,0.6070075633634087,0.7120221232307363,0.8826867050406858,-0.1850492459657866,-0.6912331826893894,-0.11896988561082296,-0.18442671521636386,0.08171779126756346,-0.5866332819637576,-0.23819657973844427,0.9831750642384596,-0.38327221085833024,-0.7069813574043363,0.015758101167622184,2.701524011316911,1.0129215715179964,0.6398770239542967,0.8803529612184483,1.1519594263324398,0.18451674018320632,-0.20711139779498602,-0.14534290986455342,1.1343789521852785,1
1.3156174742354179,1.572867137006469,0.5693561964423357,-1.161438585374874,1,0,0,1,0,0,0.07231042253712305,-0.41814874068589214,-0.08027635709007157,-0.3706781330291445,-0.12043723061361128,-0.035117722067849196,0.6011867658278058,1.2509785740505148,-1.1354396232461652,0.5385578023607925,0.29285099372550516,0.023586065922030875,-0.39692527324145066,-0.2617336224011429,1.4271542029247413,0.2747650979970661,-0.7532362251214392,-0.8058164241370749,-0.8251557858999272,0.850548042800631,-1.0974859839821023,-0.2873156012975396,1.828296427672068,-1.474452993146165,-1.1674435332323356,-0.8505480428006302,0.8251557858999266,-0.28608496734615396,1.2415090048625523,-0.1548200530645294,0.007709740790658993,-0.2894014204448148,-0.5605696322757617,-0.22015379130249568,0.17890935030013266,-0.29429738304996345,-1.053465220782544,-0.3311783002420958,-0.2046721523111086,0.7414286251489338,0.04228663352375219,-1.6508957890030895,0.12214944469431245,0.6260729825722207,-0.3944048900113141,0
0.2619067175886707,1.1605828814630785,-0.15484123025532542,-0.13478617003801185,1,0,0,1,0,0,-0.7226826087232228,1.0087837396034969,1.390939505908429,-0.6449580687792753,1.9459287814847257,1.2742624891930163,0.9091204205905365,0.10893843207053762,1.1950108107352848,1.2295292437138656,1.2094817978929024,0.5083101003617811,-0.8806027442861185,-0.3913151273748874,-0.5763424816188563,0.8440264476419969,-0.8598659764691161,-0.031710329623594866,0.1359000988749071,0.5584902876836534,-1.6551515398234333,-0.726888662803437,-0.7854546290943717,-2.513643068813084,-1.6033445377614053,-0.5584902876836534,-0.1359000988749078,-0.5089050763265954,-0.7097714541928067,-0.6733837887156574,-0.173177266134598,-0.4942207832702994,-0.5920746260821743,0.02452383803125581,-0.04256332662598434,-0.4803306735805153,-1.5808290728091832,-0.8623145398892288,-0.7611883533378483,-1.0090180093269512,-1.785409731102321,0.2524949820049213,0.36909507656128593,0.7374113588002092,-0.9511296417938885,1
0.5703098658755232,1.5213316050635446,-1.6032360836506476,-0.13478617003801185,1,0,0,0,1,0,0.021834674520593164,-0.40651929911874146,-0.3617263482723934,-0.1797237473803192,-0.37726656781400303,-0.17374745754970314,-0.52558625122537,0.09719784399419269,-1.214936791970757,-0.21118750896837524,-0.9186891616026143,-0.7943985989089759,0.9567214194260331,-1.5012016463702944,0.39796627996728584,-0.027794078391383568,-1.7742557125482274,-1.7195209567380945,-1.2987103676458371,0.2045801889163758,-0.769142520416927,0.2652667917108196,1.6329289269148464,-1.4740208930984735,-0.4844366328854974,-0.2045801889163758,1.2987103676458365,-1.4280380258709164,0.26586877533487285,-0.2639913658331881,-0.23777976860790415,-0.9038595089212672,-0.49755964466293656,0.35076067714292497,1.2309045656991897,-0.23228628620644656,-0.7759052986632599,0.12408133374116129,-0.33239718205494984,0.5210020119186368,-0.14386762583630988,-0.9212626601166852,-0.12479618717266176,-0.04195727479570725,-0.332546584257695,0
-0.3034990542705592,0.8256019238340739,0.5693561964423357,-0.13478617003801185,1,0,0,1,0,0,-0.5333985536612357,0.007488820671822913,-0.3233468040202586,-0.22312247139141586,0.35708231377937705,0.17819319349616475,1.3396918737465475,-0.2189833308791239,-0.09244761706671889,2.146778857322229,1.7131301674359238,1.5276097175316172,-0.9905751706157726,0.526373204523446,-0.004460813420431498,0.323288904232361,0.1975457243953372,0.0216873616601152,0.9573302853504951,1.1340089365774726,-1.3369282582671467,0.2960927490192963,0.4512531604341645,-2.704276778876965,-2.2059796323109415,-1.1340089365774726,-0.9573302853504958,0.605195468575612,0.11577027848446049,0.381938901381374,0.49868875958778525,0.5640125913280355,-0.18250970659880966,1.0032343553662626,0.5664865349208381,0.07776919801113909,-1.3032691506898992,0.04820472807728505,-0.615216890773458,-0.30883935553659736,-1.311562525458524,-0.8895394805998851,0.6160407084282594,1.461110804282131,-0.5181215015185524,1
1.1614159000919912,2.371667882121788,-0.15484123025532542,-1.8947617391869185,1,0,0,1,0,0,-0.5081606796529707,-0.05298427547736065,0.31631226684865466,-0.4667339755070384,0.8205596269779227,0.319953277843738,0.6381248268813533,0.2647575784941864,0.29827490329452755,0.4355115490824552,0.742625517742163,0.9182050032590228,-0.8483103982800224,0.04237377381433661,0.38913600837833107,0.3987010811194177,0.04965287647507296,2.02556510640701e-4,0.9041108648182726,0.3556359628759853,-0.8449887299388072,0.02643982535594331,-0.007095649132696062,-0.5391130635884417,-0.9652517868578694,-0.3556359628759853,-0.9041108648182734,-0.28608496734615396,-0.10937746679115769,-1.2465331807511142,-0.8838047933409655,-0.8185181077439823,-1.222174502210428,-0.13859458152457876,-0.5408768497097485,-1.4104971262332722,-0.9146852597229018,-0.2553016945782196,-0.8341740846200435,-0.7107937678977266,-0.8546384343020056,-1.0798785577006862,0.28677986593896093,0.514734606344233,-1.198562864808365,1
0.5189093411610479,0.20717554051898904,-0.4445202009343899,0.3052077222492148,1,0,0,1,0,0,0.526592154685892,-0.5175804660850305,-0.23379453409861076,-0.26362794713510607,-0.5315436082226253,-0.19431832152442985,0.6753833749790543,2.5176281216630865,-2.244468466121521,0.06406405269284168,-0.883446710066201,-1.5964449497568158,0.06653842853433059,0.6887762380740429,1.946193029610963,-2.0313402200914012,0.5822237674853726,-0.449644285702667,-0.5505532963957722,-1.6313284484388828,-0.2509199220818978,-1.505870154199169,1.02696256383898,0.4907767192708741,0.7095338619114026,1.6313284484388828,0.5505532963957714,0.6609004958207222,1.841902992264201,0.07262018187017576,-1.0000892977929163,-0.7502449868021539,1.109195039464111,-0.13859458152457876,0.12354118106860354,-0.10826409251941274,-0.22078545442469194,-1.3934507795363622,0.10551720563822252,0.6247321828505417,0.8038267854512828,-0.5723076854318833,0.6983559190505837,-0.04195727479570725,-0.2706882785040748,0
0.030604356373531493,-0.10203765113855341,0.27967722576327125,-0.13478617003801185,1,0,0,1,0,0,-0.81101516775215,6.311809094224208,0.36748499251816774,-0.47367777134881384,2.53702322101846,5.2202908307797236,0.09264258970039034,-0.8704016799600129,0.6008187574352368,0.7517623200356993,1.32493435292272,-0.13622232855962138,-1.4642400966118025,-0.03127151129326737,-1.287870871822844,0.7067809981054344,0.4443675639002249,1.5972757984225703,1.0872846843245239,-1.2641467209678323,-0.16006790177232838,-0.09550714598164538,-0.11109262756513873,-0.5749551249832441,-0.16305061608652965,1.2641467209678323,-1.0872846843245245,-0.20252742647848845,-1.3101654415944555,-0.6733837887156574,-0.23777976860790415,-0.05044549714841698,0.006520256239666901,-1.0357458890816678,-1.482135726645747,-0.23228628620644656,-0.27629743884854874,-0.2553016945782196,-0.5148615102604385,-0.4903671546674297,-0.6684841749419423,-0.033013633646279864,0.5337254978059351,-0.04195727479570725,-1.0129879475475077,1
0.2876069799459088,-2.2665299927413525,-0.15484123025532542,1.478524768348486,0,1,0,1,0,0,-0.8236341047562825,6.817689802395264,6.431452984355466,-0.7797834380404155,4.165887489463548,5.845913411228477,-0.37423732438124246,-1.9638875978365937,2.014982869648622,0.4507338743198075,1.1891515509602117,-0.33631532559756805,-2.015484756539007,-0.9749690914389222,-1.1435117564946011,1.9232070783789916,-0.2519044103174481,0.8593357681715206,0.2567889334467663,-0.7133741297612541,-0.453791518956699,1.549952385840828,-0.8219114447480752,-0.8586964864778716,-0.7069811346091162,0.7133741297612541,-0.25678893344676695,-1.038102835155144,-1.2351161931692491,-0.9281168518425269,0.08523274375862654,-0.01630893667750248,-1.2851844898232538,-0.9541866793037505,-1.149926711256571,-0.728375060954584,0.08453045990652028,2.8556391376407038,2.7056338825664352,1.7138989776355367,1.1761353041714093,2.790349343348936,3.0854970270979956,2.7971713190179877,1.3994859768436472,1
-1.3315095485600683,0.20717554051898904,-0.15484123025532542,1.0385308760612593,1,0,0,1,0,0,0.36254597363216995,-0.4786218368350757,-0.4512786181940413,-0.09003305109071949,-0.7275983333831785,-0.2985142194833717,-0.5374497986107838,2.109760106398971,-2.255809685611783,0.17411065934286576,-0.08132040401136655,0.3839339795832647,0.1379340819163361,0.44392872253973975,2.4700507401258625,-1.296000773525897,0.37051476168420194,0.2844424525673585,0.18286856865026183,0.3422733367180179,1.1909053768561253,-0.4212693486896701,1.78141161874772,0.13218382716265614,0.3834232006608737,-0.3422733367180179,-0.18286856865026252,0.4102278732177254,2.2921984828154374,0.00893691608845806,-0.6641562849317252,-0.4942207832702994,1.2037100208833493,-0.05703537174666111,-0.1532996650890431,0.3258135853852078,0.9727222106882286,-0.482931511569848,-0.31415074923440073,0.6117659114840535,0.6345956405784983,-1.5240030709358887,-0.6186874509066087,-0.5429799678216537,-0.1469716669968365,0
-0.5348014154856993,0.8513696898055362,-0.4445202009343899,0.5985369837740325,0,1,0,1,0,0,0.31207022561564,-0.47106269981642773,-0.5408308881156891,-0.023488340940371298,-0.8617833217984601,-0.34412787438385267,-0.7316849792437667,0.8267177175350371,0.9850499228559841,-0.7110218119673986,-0.646219479644856,1.0021154525672886,1.4082040655401236,-1.3620324296947084,0.6549043181376437,1.4563340746619537,-1.4048405836342235,-1.2133557541410906,0.7781220325379118,0.595033997706013,-0.34350098058664913,-0.4786272429939587,0.11687905280063121,-0.43247127814675324,-0.344488760622974,-0.595033997706013,-0.7781220325379125,-1.2887754577581405,0.5660657690356972,-0.09113678728281299,0.6666552660183818,0.017827623793410803,-1.3796994712424915,1.9003856629233515,1.5631135810883663,-0.790386157798101,-0.47058938433204756,-0.6346847228976005,-0.6882026220556532,-0.5292659687668935,-0.6515610604546642,-0.6040308649486834,-0.20711139779498602,0.06938110143228039,-0.45626319576493324,1
-0.6376024649146498,-0.7719995663965628,-1.168717627632051,-0.8681093238500562,1,0,0,1,0,0,-0.6217311126901629,0.2964804436155174,0.6361418022831113,-0.5309640870434614,1.2584907181425549,0.6383544767568993,0.08678225675105217,0.29130975606414894,-0.6675805678665404,1.5658996229563582,1.7115363749047858,1.6691416530099015,-0.5757275118940595,-0.7390405356726789,0.0768482314313099,0.3210179818811659,0.06148171876939539,0.36025837550005924,1.90767708056873,0.3844992353771891,-0.859113435921826,-0.32284691111903213,1.2351971132893897,-2.054465147300662,-1.8733589264490043,-0.38449923537718983,-1.9076770805687304,-0.6760201580619267,0.11577027848446049,0.14540105704928116,0.29196075167320634,0.3079883877961804,0.1010352376589052,1.7372672433675176,0.7879592118469556,-0.17027518936292965,-0.7481493064513315,-0.17942508891434333,0.4339529964081015,1.0396528665781584,0.025363519036474696,-1.0481553781838862,1.2745623934068555,1.6837875567381073,0.038603250264021984,1
-0.9974061379159777,1.0059762856343069,0.27967722576327125,-0.8681093238500562,1,0,0,1,0,0,-0.5586364276695006,0.03191064796283935,-0.1826218084290977,-0.3128131676810156,0.5674898589796391,0.2662901544314074,1.1943710985079206,0.19146720539080703,-1.4643445698260837,0.8221141747476011,-0.020773209829163024,-0.23097471861745433,0.13846481182338857,0.5785631302995242,-0.17423531899699746,-0.48562913780234285,0.9572520620143782,0.42321500689596336,0.6257323574189628,-0.9356157016516281,-1.0827086238976178,-0.43733986589272633,1.51379763318989,-0.16142845315085533,0.44019327228257815,0.9356157016516281,-0.6257323574189636,0.35452284597261524,-0.3345252120667762,-0.555114866549611,-0.7029177864157086,-0.32353798091572933,-0.24551969421163483,0.02452383803125581,-0.26403600355210183,-0.35630847989348147,-1.1089772052064004,-0.6346847228976005,-0.8159276517994943,0.002351157259115363,-0.0592520533999176,-1.3019408143182878,-0.28942660841731066,-0.7099875321636356,-0.9511296417938885,1
-1.9997163698482496,-0.4885541407104817,1.0038746524609323,1.478524768348486,1,0,0,1,0,0,1.4730124299958276,-0.6559708207341236,-0.5024513438635544,-0.05820732014924861,-1.2470715998396849,-0.45950358972036337,1.518947208261812,1.0555293216457537,1.6263245143143055,0.6203238623877011,0.5722765367708673,-0.5858773041296852,-0.6963545450715249,2.7154498867872814,2.2542675936307237,0.47598199902239224,1.523111503648941,-1.6013957988717916e-4,-0.7279513648365089,-0.07709346503402185,0.6011124633449701,0.8095286690768083,-1.7449240877728824,0.6722737764220879,-0.7441438707288112,0.07709346503402185,0.7279513648365081,3.975349616904789,3.568035706043941,2.4470962345884972,2.398002332302986,3.1242546266465863,-0.40304466324369825,0.5954383064766764,1.1201682272361313,2.930279652812927,0.3620903820258042,0.5034643620605421,-0.5787240251323598,-1.3202085221226638,-1.0238695791747903,-0.033013633646279864,0.2044646553166367,0.18071947766026855,-0.8892713360402683,0
0.030604356373531493,0.3617821363477598,0.5693561964423357,-1.8947617391869185,1,0,0,0,1,0,-0.785777293743885,2.4159461692287296,2.555119014889851,-0.7120814285831047,2.7540922770322562,2.408343163973602,-0.06745406617603068,-0.4009077592433249,0.890981712209757,1.4699315299782338,2.364340605709275,0.49711922323637736,-2.565598771375506,-0.44012409095244226,-0.2844858601295686,0.5415293052804937,0.17861508013433558,1.1778198304640866,0.3041828515459608,0.37632648079799585,-0.3459702848238979,0.2652667917108196,-0.6738171217349969,-1.8086710089798579,-1.923846762864963,-0.37632648079799585,-0.30418285154596153,-0.5646101035717058,-0.4846237089171882,-0.7461646638947628,-0.37990527404917784,-0.2894014204448148,-0.08799472517957138,-1.1988643086375024,-1.4267675574142176,-0.29429738304996345,-0.2855494362525249,0.326418948844831,0.22716009110854782,-0.16621037050522874,-0.8546384343020056,0.14675105028225444,1.439192814651505,1.8693515171180877,-0.2500688432528684,1
1.8039224590229344,1.4955638390920825,1.0038746524609323,0.3052077222492148,0,1,0,0,1,0,0.980873886834661,-0.5896830038013647,-0.5152445252809326,-0.05242082361443573,-1.1132404247016958,-0.41299554942967687,-1.030800023027515,-1.4468391222068637,1.2149279078206854,-0.9309181072568284,-0.38373773721676796,0.19484139345783244,0.4769874936405056,-0.1334527867386739,-0.17689784758777863,1.1790237796707037,-0.7975445101474631,-0.6461863152058116,-0.09305301462755473,0.3580292690535297,1.3000080723914496,1.80861972095522,-0.4760419563675068,0.46677882109993385,-0.13199731452973795,-0.3580292690535297,0.09305301462755473,-0.20252742647848845,-0.25947596364157,-0.30038180342274146,0.33072225315718967,-0.01630893667750248,-1.222174502210428,0.2692014673650073,0.34501385799472056,-0.35630847989348147,1.1670141561717275,1.6416134470186852,-0.07694712256726609,-0.30883935553659736,-0.11002139686175369,-0.09645999267988113,-0.28942660841731066,-0.15329565102369538,-0.1469716669968365,0
0.8787130141623758,1.830544796721088,-0.15484123025532542,-0.13478617003801185,1,0,0,1,0,0,-0.028641073495936725,-0.3925639692381606,0.6617281651178678,-0.5332786856573866,0.3969901175003156,0.11021990384054606,1.4896673637477196,-0.08328222231418769,1.0140149227313882,0.7849999653473421,1.3728310471908487,1.6888081706547937,-0.4891218806566005,0.9215065765793904,0.41329599003542117,-0.3041675898260531,1.157717921301536,0.6235132785073287,-0.07652239220166908,2.379226898797741,-1.1506602182782035,0.5283383137411154,-1.6918514630394492,0.08748896385459203,-1.1760082376233267,-2.3792268987977416,0.07652239220166766,0.744458036688388,0.26586877533487285,-0.30038180342274146,-0.40574627503850064,0.0519641842643253,-0.18250970659880966,-0.46483142063624716,-0.4855086804782194,-0.10826409251941274,-1.1367331974183288,0.27583454506891375,-0.5422311594912614,-1.268343436656712,-1.159254495073018,-0.09645999267988113,-1.0302635040182315,0.06938110143228039,-0.2706882785040748,0
-0.8432045637725518,-0.514321906681944,1.0038746524609323,0.5985369837740325,0,1,0,0,1,0,1.4982503040040924,-0.6565522928124812,0.4954168066919504,-0.5107113491716163,-0.37790553896618506,-0.11024609484511197,-0.4646518858411277,0.5431422348834847,2.2183084303040115,1.7333953808178113,1.883738047378263,3.944008615941342,-0.8251818143273684,-0.5568966834338144,2.5889124895091773,1.6489306428652384,2.223124660322377,1.4397006696965349,4.948786825267084,0.471010832630124,0.08966515376951163,1.848035936311874,-1.3754856641833124,-0.13729297218779493,-1.0433642305196063,-0.471010832630124,-4.948786825267085,-0.20252742647848845,3.568035706043941,1.8102635767713227,2.5918098397229046,3.7216444348875815,-1.1906695084040155,3.042214599814193,0.5664865349208381,1.3800022317249987,0.0012624832707351544,1.5657368413548085,-0.2776578835933038,-0.9182541097615345,-0.9054077777638412,0.09387908442092041,0.36909507656128593,0.6817421706862145,-0.5181215015185524,0
0.5703098658755232,-0.12780541711001567,0.27967722576327125,0.3052077222492148,1,0,0,0,1,0,-0.7100636717190902,0.9651733337266818,0.7896599792916505,-0.5616325186779697,1.672064349118124,1.1763272889655132,0.8202245479981105,-0.5607922861603434,1.139394536971967,0.9468904345906645,0.8515680133320084,0.7343610420527231,-1.162591950618601,1.0892465016273354,-0.26475662611888456,0.4419928653727435,1.0553858551842448,0.8976370782793991,0.6006469349749696,0.4058665575902641,-0.052179930244713776,0.5044776360827996,-1.1134302979134474,-0.23268534084293227,-0.2307122276377458,-0.4058665575902641,-0.6006469349749702,0.8001630639334981,-0.40957446049198204,-0.5460172571522233,-0.25070026910256554,0.17144214591252482,-0.7180946013078251,-0.9541866793037505,-1.2606630497196296,-0.4803306735805153,0.05677446769459199,0.6552175733882943,0.4795690784594736,-0.2051091846046925,-0.2792525417345383,1.331083085576127,0.4514102871836102,0.7374113588002092,0.5334696962929761,1
-0.3291993166277972,0.6452275620338409,1.7280720791585935,-0.4281154315628296,1,0,0,1,0,0,-0.38197130961164594,-0.15997513789514695,-0.6175899766199587,0.2253310100565828,-0.43199171535401887,-0.29717264139806343,1.413611272575545,1.143841356393325,0.058318646305279435,0.667393291715466,0.8379688255226494,-0.02512657375655875,-1.228432195157897,1.6524416736376903,1.0174437945155137,-0.9896879291730597,1.3666539803949036,0.8779651406380806,1.4466056031467225,-1.4689954741885243,-0.31456063545764523,-0.5507053007899956,-1.074264466864422,0.4535454122320057,-0.23223843572700015,1.4689954741885243,-1.4466056031467232,1.6914434998552643,1.0914105080121401,0.33645085439443295,-0.25070026910256554,0.2909201075607231,1.0776900456576979,0.18764225758709038,-0.4301405112466897,0.5738579727592754,0.029018475482663446,-0.1035484832504671,1.5926014805129542,0.6765972683164937,0.8376730144258402,1.648314880744129,2.180029710252426,1.4054416161681371,0.7190446135538346,0
0.6474106529472365,-1.2615871198543382,-0.4445202009343899,-2.041426369949327,1,0,0,1,0,0,-0.40720918361991093,-0.12508681319369488,1.5444576829169683,-0.6530591639280133,1.1144075717910373,0.4084974314740834,1.4347363625876206,-0.038200802263128844,1.3600920261642317,-1.9018548994049795,-1.6220421202655924,1.011607869433707,1.6356545026265386,1.4457532776217115,0.2549373883302202,0.4860368285260615,0.38197483944464394,0.6289462907029294,-0.018359091073560794,1.3979208031972914,-0.5504561973252275,0.30782247909807403,-1.3708712236634564,2.9480429838361606,2.722777835832081,-1.3979208031972914,0.018359091073560086,1.0229831729139398,-0.03432821836595151,-0.7461646638947628,-0.40574627503850064,-0.23819657973844427,-0.655084613695,-0.7910682597479163,-0.8730858650989243,-0.790386157798101,-0.7481493064513315,-0.17942508891434333,-1.262965255902942,-1.657331577651353,-0.685407289429221,0.728342674756924,-2.676567716464722,-2.7697474923814145,-0.45626319576493324,0
-1.5885121721324456,0.28447883843337485,-0.15484123025532542,2.505177183685348,1,0,0,1,0,0,0.8799223908016013,-0.5716573693722812,-0.5920036137852022,0.10381458282551219,-1.2410488939901425,-0.5198746035592353,-1.196167408309879,-0.4096041821925242,-0.7088105610311556,-0.5067811467046331,-1.1620041245682156,-0.014773530596396267,0.8030036985850343,0.08347647376392187,-0.3243855624652104,-0.5808740033678425,0.5003399379304221,-0.012671586852641739,0.8432886699243073,-0.8565127692838675,1.7467086082097547,0.23723225922319965,0.3852454281145937,1.1807571520880444,1.4982909339745203,0.8565127692838675,-0.843288669924308,0.18044463583164533,-0.18442671521636386,0.4228781436696212,0.040010992027312065,0.2439823369132166,0.46334266643265065,0.3915402820318834,0.012804842605544792,0.2172941659090524,2.0829618991653644,0.5793409677244183,1.0087156302553917,1.078551680677623,1.5653669373788135,0.9504049313745251,-0.20711139779498602,-0.5986491559356475,1.5850608941045057,0
0.930113538876852,1.0575118175772313,0.27967722576327125,0.3052077222492148,1,0,0,1,0,0,-0.33149556159511606,-0.21347056910404008,-0.11865590134220637,-0.3469534972364116,0.23329182537307536,0.10395920610910749,-0.2287101704323238,-1.5834792926837145,1.0630155709354392,-0.5688135827903751,0.43615273350162126,1.0370163277073168,-0.4162791861395109,-1.03684990966436,-0.6875934911174361,0.659567333942355,-0.8478915124140268,-0.3724252333495619,0.9789057261068004,0.4434998061064408,-0.7179811534978012,1.4845589584242684,-0.7903763345203045,-0.07232425603099166,-0.930620668228971,-0.4434998061064408,-0.9789057261068012,-0.8988402670423681,-0.4846237089171882,0.6548671833030202,0.9250652759116064,0.4957394703862077,0.1325402314653172,0.6769975162545934,0.2342775195316623,0.015758101167622184,-0.8314172830871166,0.8828473903799233,-0.97102233077416,-1.1775795370912954,-1.1254082660984612,-0.826093121566285,-0.04248097655033679,0.18071947766026855,-1.0129879475475077,1
0.9558138012340891,1.289421711320388,0.5693561964423357,-0.4281154315628296,1,0,0,1,0,0,-0.36935237260751347,-0.17160457946229762,-0.6687627022894718,0.43075163704244024,-0.6056371670774016,-0.46486990206159645,-0.005358755273705318,-0.7014223955105495,0.7249953593216809,-0.43022762620246646,0.21333740736863943,-0.7771176909527033,-0.5319605917926324,-0.4810996295526253,-1.571568209221371,0.826558844973704,-0.6326982453371105,-0.12371191770736281,-0.23432195700141584,-0.827498180191446,-0.4732576015703062,-0.6116382817234981,-0.16048101751360128,-0.04616298258402953,-0.3981296870548489,0.827498180191446,0.23432195700141514,-0.5646101035717058,-1.535313186870074,-0.5642124759469986,-0.08273376267196997,-0.32353798091572933,-0.7495995951142377,-0.13859458152457876,-0.04256332662598434,-0.35630847989348147,-0.6093693453916895,-0.7864379342253526,-0.8432973010303187,-0.7885913960966542,-0.7530997473783346,-0.794369942049485,0.6160407084282594,0.23638866577426285,-1.0129879475475077,1
0.10770514344524394,-0.35971531085317227,0.27967722576327125,-0.8681093238500562,1,0,0,1,0,0,-0.44506599463230834,-0.08729112810045517,-0.1442422641769629,-0.3330659055528607,0.3779817566587068,0.19026739626393913,0.4968453052212036,1.5266492958385647,0.3206855413815051,0.725833017715488,1.346934327824034,-0.07903240040960297,-1.41902002421659,1.0892465016273354,0.8702059555616232,0.010887053845550276,1.2083754120058439,1.466176783416137,-0.27639264516917894,0.16633209230480636,0.3974867787601646,-1.2236208461651261,-0.4274474389264389,0.21765079360465453,-0.3196443327292003,-0.16633209230480636,0.27639264516917894,0.8001630639334981,0.5660657690356972,-0.5460172571522233,-0.4574282770171454,0.017827623793410803,0.06953024385249205,-1.3619827281933365,-1.4267675574142176,0.015758101167622184,0.19555442875423396,-1.2416975682086098,-0.5513543759015367,-0.671894953798262,-0.5500223735309933,-0.4771381468814831,0.03983423407198747,0.1250502895462747,-0.5799798072721716,1
1.341317736592655,-0.2566442469673251,-1.6032360836506476,-0.4281154315628296,1,0,0,0,1,0,-0.7983962307480176,2.4624639354973326,0.047655457083711085,-0.4100263094658721,2.0715334416928735,2.2106839927381845,-0.477949719378183,0.09050352728069755,0.8014877622006887,-0.38729457777202564,-0.2417706170415258,-1.1003996948740171,-0.390417413229582,-1.4661743579891817,-0.5457689961022785,1.0371598278311835,-1.6784177851417905,-1.0947717096062852,-0.6949470730335814,-0.8115738940849077,-0.800383423715741,-0.6709583308087609,-0.05341501726946376,-1.1410803563531406,-0.7545178513038185,0.8115738940849077,0.6949470730335807,-1.3723329986258064,-0.4846237089171882,0.09991301006234013,0.6278937645343975,-0.135786898325702,-0.5920746260821743,0.4323198869208419,0.8986955503100138,0.07776919801113909,-0.8036612908751883,-0.7105613285614767,-0.33239718205494984,-0.30883935553659736,-0.7192535184037778,-0.09645999267988113,1.2745623934068555,0.9044189231421907,-0.7036964187794109,1
0.930113538876852,0.5679242641194551,-0.15484123025532542,-0.4281154315628296,0,1,0,1,0,0,0.26159447759911014,-0.46117767448434965,-0.7583149722111197,1.4404952823672887,-1.582256411013798,-1.467923117177075,-0.5656598793200276,0.4736994256027379,-0.12754685530630325,-0.9250816997455599,-0.7889214548644129,-1.3382924387959638,0.21659135248200606,-0.711668896014439,-0.00627938159322027,-0.7586113607258745,-1.0596090318105351,-0.758412015267285,-0.05671543019588151,-1.7690215962405276,0.07547265632390361,-0.6564578743656964,-0.5879704332801118,0.1990355173987243,0.28519480952582504,1.7690215962405276,0.056715430195880795,-0.7595776989295921,-0.18442671521636386,-0.5369196477548344,-0.8192022908676594,-1.1428154322176651,0.25856020669096863,0.18764225758709038,0.2342775195316623,-0.6663639641110671,-0.27629743884854874,-0.9381911455531051,-1.308581337954314,-1.3591073362221284,-1.2100238385348534,-0.3819686083310823,0.2044646553166367,-0.5429799678216537,-1.6315710050837011,0
-0.09789695541265715,-0.7719995663965628,0.27967722576327125,1.0385308760612593,1,0,0,1,0,0,0.009215737516460692,-0.4036119387269538,-0.4768649810287978,-0.0645724663375428,-0.5402225374866508,-0.26050284039963756,-0.10620407829221613,1.1986205817759545,1.2942285696757434,-0.8429983393471525,-0.709371907867939,-1.0388205269553552,0.7940531160803751,-0.2814872818048768,1.7019509417705396,0.5839300024752113,0.11988835204610285,-0.3314564629333839,-0.2611143426240418,-1.1578572735420007,-0.13357941915671762,0.05983272677161728,-1.1824604731676494,1.2577156083925038,0.5986154991133132,1.1578572735420007,0.2611143426240411,-0.3139374809687093,1.4666567501381707,-0.20030810005147043,0.12399424524260985,0.17144214591252482,-1.0646495331783645,0.18764225758709038,0.34501385799472056,-0.046252995675895824,-0.1375174777889068,0.04820472807728505,-0.013084607695344815,-0.62002986833231,-0.1269445113490324,0.7917890337905242,-0.20711139779498602,-0.7099875321636356,-0.08511336124321738,0
0.2619067175886707,1.572867137006469,-0.15484123025532542,-1.161438585374874,1,0,0,1,0,0,-0.7226826087232228,1.0087837396034969,-0.08027635709007157,-0.3706781330291445,1.2484116365314466,1.0622931517143108,0.6038201651796882,-0.42498656530089496,-0.7717899308789297,0.14392316804251673,0.5164805689565232,0.562628283852784,-0.33473202126857643,-0.19221774023907887,-0.9889461050456833,0.9350736229619809,-1.0103515126452716,-0.2565886216137535,0.010024599876957354,0.7574155988166087,-1.031688339509263,-0.40739710006284685,1.9947215035476,-1.1962781797208577,-0.9219588828606351,-0.7574155988166087,-0.010024599876958064,-0.28608496734615396,-1.009968447893631,-0.43684594438356456,0.08523274375862654,-0.32353798091572933,-0.5920746260821743,0.2692014673650073,0.2896456887631914,-0.23228628620644656,-0.9146852597229018,-0.2553016945782196,0.4613226456389258,1.4805060930387524,0.8038267854512828,-1.4605567119022886,0.5337254978059351,1.0714264874841732,0.34789477903211874,1
0.030604356373531493,1.5213316050635446,-1.168717627632051,-0.13478617003801185,1,0,0,0,1,0,-0.6343500496942954,0.30520252479088045,-0.3617263482723934,-0.1797237473803192,0.5752071473369751,0.37361640125606854,-0.02007794632857045,0.48542715663258534,-0.6510204267710641,0.2453256989137795,-0.3148932975205569,0.9294537290388712,1.0970986453305467,-1.0459398838869238,0.7577732500136205,0.4048410091250016,-1.2752583991104949,-1.371098923794883,0.19616880564547262,1.0731061981267456,-1.0171719349248023,0.09285660028675959,1.2967929041619877,-1.5959435909517639,-0.9292345273542214,-1.0731061981267456,-0.19616880564547334,-1.0659553487776992,0.41596727218528484,-0.6733837887156574,-0.37990527404917784,-0.8355863879794388,-1.1276595207911904,0.9216751455883455,0.8986955503100138,-1.1624527388592034,-0.9146852597229018,0.19995793940503753,0.34272083230535716,0.9877877811122063,0.19459466390925928,-0.5723076854318833,-0.12479618717266176,0.45906541823023866,0.34789477903211874,1
-0.07219669305541997,-0.30817977891024867,1.7280720791585935,0.5985369837740325,1,0,0,1,0,0,-0.19268725454965888,-0.28499163474201683,-0.5536240695330674,0.010073338961543441,-0.5074907358040941,-0.22696338826693094,1.2296634222701415,-0.8570692304437144,0.12129073714405092,1.1049081915486134,1.060421551263831,-0.49390340501666463,-1.0831596611871708,2.427245934447207,-0.6882121999331529,0.2045653728885932,1.9145194406713526,1.4341890375320132,0.6912331826893902,-1.3591819916073982,0.7153986163399174,0.4869185421874099,0.03975997060401848,0.4057450207695674,0.021606501092449153,1.3591819916073982,-0.6912331826893908,2.972659126492802,-0.3345252120667762,1.282602231722807,1.2093162867941527,2.0660212520482517,0.6051151385615076,0.10608304780917345,-0.2086678343205727,1.6900577159425842,1.0282341951120857,0.8828473903799233,1.1090710107684099,0.9618552383792308,1.0915197317350172,0.41111087958892223,1.5215080252738291,0.848749735028197,0.47161139053935697,1
1.1614159000919912,0.20717554051898904,-0.15484123025532542,0.3052077222492148,1,0,0,1,0,0,-0.5081606796529707,-0.05298427547736065,-0.23379453409861076,-0.26362794713510607,0.40586589903327663,0.1629886418626711,-0.05456920624812649,1.4136739694966873,-0.7219773649596865,-0.34733788552775763,-0.5028991921291242,-0.03412198429772181,0.0028913166926669135,-0.10086648182058694,0.4282957924263369,0.2221490032713115,-0.07110831224481802,0.06889053535409924,1.64551244740508,-1.6785375276851617,-0.024904790511842027,-1.511254565692806,1.2102055686042552,0.3987212897791666,0.7210517790595922,1.6785375276851617,-1.6455124474050806,-0.3696425082138195,-0.03432821836595151,-1.1282642585850677,-0.8579637923516437,-0.8355863879794388,-0.8756195703398886,0.02452383803125581,-0.6516131881728072,-1.534519319920306,0.0012624832707351544,-1.3934507795363622,0.14201007127932075,0.754394896515422,0.8884423578876751,-0.635754044465484,0.7806711296729086,0.013711913318286572,-0.20882997275045564,0
0.2105061928741954,0.28447883843337485,1.0038746524609323,-0.13478617003801185,1,0,0,0,1,0,-0.43244705762817587,-0.0931058488840305,-0.8478672421327675,6.787218080534396,-2.292714754943237,-5.316910643926484,1.6704161352548565,0.6403445664573651,-0.9054390999926282,0.17460202314223564,-0.49092072164085365,-0.8261525587919252,0.27184912049103066,1.5163240899395762,-0.23654509713480387,1.111618572788944,0.38720058377088007,0.5738643007198088,-0.70065935430716475,-0.4318681387001143,-0.8076611341433059,-1.1158586989482313,2.354835043645737,0.14806540192478979,1.1984877774789544,0.4318681387001143,0.7006593543071641,1.1343932274041606,-0.40957446049198204,-0.6278957417287164,-0.0052107597040024186,0.15437386567706757,-1.1591645145976028,-1.1173050988595852,-0.983822203561983,-0.4803306735805153,-0.9146852597229018,-1.2416975682086098,-1.0440080620563552,0.15794641365697218,0.2115177783965368,-1.6826189685198898,-1.1125787146405561,-1.378017789531564,-0.6418381130257917,0
-0.5348014154856993,-0.6431607365392533,-0.4445202009343899,-1.161438585374874,0,1,0,1,0,0,0.31207022561564,-0.47106269981642773,-0.6431763394547153,0.29766221674174387,-1.1156561234033406,-0.5923198201658815,-0.47202544599483853,0.7325254951631124,0.6265033911266016,-1.109880138514682,-1.2549697067538483,-1.0031993467439457,0.5607605238118427,-1.314459960792501,1.1512730125804975,1.2728497018844054,-1.2147572131880269,-1.2184797334760824,0.4783555005605047,-1.8426714194832678,-0.657030031985377,0.14790579984330723,0.4226400735786291,0.2948440051316831,0.44191378022949057,1.8426714194832678,-0.4783555005605054,-1.17736540326792,1.391607501712964,0.7003552302899613,1.3126802907514432,0.6664222727407777,-0.9701345517591269,1.8188264531454346,1.6738499195514247,0.139780294854656,-0.5538573609678327,0.27583454506891375,0.40658334717727845,0.5728670973845897,0.6684418695530556,0.09387908442092041,1.8507688677631275,0.9044189231421907,0.10046155601764112,0
-0.894605088487027,-1.0039094601397194,1.4383931084795292,0.3052077222492148,1,0,0,1,0,0,-0.6974447347149578,0.8459715576633873,-0.579210432367824,0.034376624407757565,0.44498297934688336,0.6240443105136111,2.128231333367417,-0.18496260094671474,0.9030855577479805,1.290558612979758,1.3276810953752125,0.7371995133484601,-1.1417954186169643,3.6686427533447934,-0.5194877605661639,0.9115025648571856,2.8426730179551156,2.5296698837526197,1.6643883009928626,-0.6452678416013011,0.7063071369008344,-0.26654446004877624,-0.31857603827753367,1.075284477777952,0.7436798327423,0.6452678416013011,-1.6643883009928633,3.2233317490957996,-0.5596729573423944,-0.2821865846279648,0.21443774870523882,1.3832900426299712,-0.844114576533476,-1.3619827281933365,-1.9250810804979817,0.015758101167622184,0.5563823275093027,-0.3311783002420958,-0.2685346671830286,-0.38663698373552574,0.04228663352375219,0.030432725387320277,-0.12479618717266176,-0.4316415915936655,-0.023255055489598248,0
-0.2006980048416086,-0.4885541407104817,-0.4445202009343899,1.478524768348486,1,0,0,1,0,0,-0.05387894750420167,-0.38093452767100994,-0.5024513438635544,-0.05820732014924861,-0.5345841547713328,-0.24798144493676041,-1.628005297040059,-1.4005588505188888,3.175346522174226,-1.0392137570506383,0.6158234970856628,0.6178415405054664,-0.508289092681369,-1.275174206750326,-1.5264088789627852,2.4381105205277733,-0.44300864541798846,0.6546767581734749,1.2994551316290601,-0.4461216066019436,0.9896419531116561,0.393188069448371,-1.8907391279021746,0.9646309518752897,-0.1614362748965607,0.4461216066019436,-1.2994551316290608,-1.17736540326792,-1.3852146900196616,0.2545723698179399,1.519408298666023,1.2296755205108585,-1.0646495331783645,0.5954383064766764,0.012804842605544792,0.2638024885416898,0.9727222106882286,0.4275877563966659,0.16937972051014377,-0.8534227529290943,-0.4654068010946016,1.0772976494417266,0.6983559190505837,0.514734606344233,-0.08511336124321738,1
-0.5091011531284612,1.830544796721088,0.5693561964423357,-0.13478617003801185,0,1,0,1,0,0,0.5013542806776271,-0.5158360498499579,0.6617281651178678,-0.5332786856573866,0.06485242096679854,0.015415052478762072,0.768604778647168,0.818164217981632,0.11704729043519475,-0.7537688922758294,-0.27544769018956855,0.8824706094643477,0.704117711012511,0.20567682073399338,1.719893867655357,-1.476487797900824,-0.3382583222295442,-0.8799257945163504,-0.65872285032305,1.856897962536105,-0.8632537987623597,0.5999958551896659,-1.6437354120822731,0.6828819822997841,-0.5009807871231899,-1.8568979625361057,0.6587228503230493,0.15955525061472892,1.5417059985633763,-0.09113678728281299,-0.8321227913623208,-0.9038595089212672,0.6366201323679207,0.2692014673650073,0.6772228733838963,-0.17027518936292965,-0.8314172830871166,0.5034643620605421,-0.13168642102891215,-0.944186652494511,-0.6515610604546642,0.4428340591057229,-0.8656330827735822,-0.04195727479570725,0.22417816752487937,0
0.5703098658755232,0.6452275620338409,0.27967722576327125,-0.4281154315628296,1,0,0,1,0,0,-0.7100636717190902,0.9651733337266818,-0.6175899766199587,0.2253310100565828,0.41121777532108655,0.5681452236257667,1.0544510625572032,0.2686346984394156,1.197361360678082,0.6286483228160359,1.157032465554276,-0.16192776224039676,-1.4780397632170488,1.1155710964892696,-0.0016203610962644702,0.4305090512139014,1.2470059970665033,1.0814992745891228,0.8615353283924961,-1.0753104039827193,-0.35157437543188336,-0.37033279633737637,-1.204213013554617,0.3872464734518286,-0.44832532711929707,1.0753104039827193,-0.8615353283924969,0.911573118423719,-0.10937746679115769,-0.31857702221751816,-0.05689276168264715,0.4445346296798359,-0.5290646384693491,-0.709509049969999,-1.0945585420250417,-0.17027518936292965,0.22331042096616224,0.4275877563966659,2.751249964617807,1.4805060930387524,1.582290051866092,2.473117548180934,2.509290552741724,1.9621334973080773,1.708777505611744,1
0.544609603518286,1.5213316050635446,0.27967722576327125,-0.13478617003801185,1,0,0,1,0,0,0.16064298156605036,-0.4385002634284058,-0.7839013350458762,1.709567371236088,-1.7081333580842872,-1.6584272052908484,-1.663493351229311,0.48365055475980545,-0.0065688536950073845,-1.5122950419788743,-1.5107636436460385,-1.0819538083753057,0.6159366488541211,-1.0700017668289876,-0.4672094109591907,0.790285580807249,-1.1917442655870087,-0.8640292959007313,-1.2694823106029698,-0.21659885141806862,1.2439948408331172,-1.1318656963204445,0.8031406369193942,0.8612998229749923,1.1205102900567163,0.21659885141806862,1.2694823106029691,-0.8988402670423681,-0.18442671521636386,0.9459906840194431,1.2609982887727984,0.6322857122698633,-0.024984737566746233,-0.30171300108041293,0.34501385799472056,1.069946747507413,0.917210226264372,-1.1658209625447336,-0.5696008087220858,-0.10137901367278856,0.24536400737109418,-0.6992004034990842,-0.8656330827735822,-1.0440026608476,-0.20882997275045564,0
0.46750881644657266,-1.2615871198543382,1.4383931084795292,-2.041426369949327,1,0,0,1,0,0,-0.7479204827314877,1.6135147010953323,1.5444576829169683,-0.6530591639280133,2.1547819525095235,1.7456035898313198,1.0657911367936315,-1.282210300066352,1.3267060580134973,0.11440302865802052,0.20276612699444213,0.3343554438051993,-0.2591209375318076,1.1542611762099362,-0.6895513788829603,0.21725955538167976,1.8019826564886157,1.8707790095180377,-0.24010667662448304,0.6941558255444424,-0.3286843529200648,1.0690964423589449,-1.5953267254935448,1.6322640449680361,1.5628456894459815,-0.6941558255444424,0.24010667662448232,0.7166055230658329,-0.8598699510432187,-0.9008240236503626,-0.6641562849317252,0.017827623793410803,-0.43454965705011084,-1.9328971966387571,-2.0911855881925696,-0.6043528672675491,-0.3318094232724056,0.9587239960437993,-0.07694712256726609,-0.8793552956620708,-0.2623294272472596,1.8386539578449304,-1.4418395571298541,-1.378017789531564,0.7809029193074537,1
0.2876069799459088,0.928672987719922,2.452269505856255,0.3052077222492148,1,0,0,1,0,0,-0.571255364673633,0.10168729736574346,-0.34893316685501513,-0.20981352936134623,0.4128655287658027,0.24035297811544765,1.925644765158847,0.8512379251090935,0.07236406340426571,1.6424347376539172,1.556666283130331,-0.11512964721113061,-1.2306914020713486,1.7727756453059036,0.29265858661959104,0.6483320361318213,1.2883986555211546,1.6192236430174163,0.7686432489180746,-0.9193541232206256,-0.9063193845330058,-0.8751718190717255,0.5525870725251671,-0.9412693173803129,-0.4428856762057579,0.9193541232206256,-0.7686432489180752,1.9421161224582606,0.491016520610491,0.6184767457134681,0.8863037744276221,1.434494883336343,0.3845801819166189,-0.46483142063624716,-0.8177176958673952,1.2559800380379649,-0.6926373220274746,-0.5588081172337243,1.1911799584608802,1.3378771080073837,0.8038267854512828,0.6014499566897238,1.1099319721622063,0.6817421706862145,0.5334696962929761,1
0.9558138012340891,-0.87507063028241,0.5693561964423357,2.505177183685348,1,0,0,1,0,0,-0.36935237260751347,-0.17160457946229762,-0.6047967952025805,0.12406732069735729,-0.41626263017388043,-0.22785777365713644,-0.5967685378915257,-2.194490773794761,0.33154651778960353,-0.4428835682248642,0.2630452275997407,-0.8690012757424097,-0.4235209727958248,-0.24870044827762203,-1.4959024774333318,0.6618189900611335,-0.4241016169153201,0.20016929382252557,-0.37315522795503414,-0.8151232831568466,0.5813226213240891,1.513445193446835,0.2118290627388716,0.17777522460197576,-0.14654532314755364,0.8151232831568466,0.3731552279550334,-0.23037994010104354,-1.3852146900196616,0.04532735367801011,0.3824042551358344,0.18851042614798086,-0.05648973137315825,-0.05703537174666111,0.12354118106860354,0.5118468759157585,0.8616982418405155,1.9451198696741894,1.0360852794862145,1.0007540524786946,1.0238272737859035,0.1890486229713212,1.1099319721622063,0.7374113588002092,0.5334696962929761,1
1.341317736592655,0.10410447663314094,-1.6032360836506476,0.3052077222492148,1,0,0,1,0,0,-0.7983962307480176,2.4624639354973326,-0.46407179961141953,-0.0842465545559066,1.5260239848011166,1.9589145053953338,-2.0407007937613577,-1.3169170262423615,0.7193584105505623,-2.1756063971209714,-1.8970123869654407,-0.963500328154547,1.3812006229189087,-1.5769547661932664,-0.6523023967076231,1.0816160046390388,-1.6718637138847172,-1.1460994715212336,-1.0787610282698779,-0.2441974779926877,1.2619695082013844,1.154047725873632,0.10353272814037366,1.2813124441959889,1.34726594728834,0.2441974779926877,1.0787610282698772,-1.4558905394934718,-0.4846237089171882,0.5093054329448095,1.0284292798688959,0.20557870638343811,-0.43454965705011084,0.35076067714292497,1.0648000580046022,0.5738579727592754,1.194770148383656,1.1104772073715516,0.07814755640739948,0.11904759955750843,0.6345956405784983,0.31594134103852145,-0.7010026615289333,-0.8769950965056176,0.5953280020465953,1
0.030604356373531493,-0.07626988516709207,-1.168717627632051,1.7718540298733036,1,0,0,1,0,0,-0.6343500496942954,0.30520252479088045,-0.20820817126385424,-0.28098743673954474,0.7517992018793174,0.4518751228990506,-2.5606876541733907,1.2941060829487256,-0.08354759983649727,-2.1804358079312705,-2.0633691614617646,-0.18926915886688422,2.0392583110324303,-0.9187203557345845,1.3058514864301831,0.31306782551036505,-0.6786392797341765,-0.927277042870609,0.8847583482611019,-1.1356331163529647,2.642723962678807,-0.4680278592259828,0.4288153403295777,2.2727010136212686,1.7771754128645771,1.1356331163529647,-0.8847583482611027,-0.8988402670423681,1.0914105080121401,-0.23669853764102378,-0.04397226118798574,-0.3064697006802721,-0.8126095827270634,1.4110304042558486,1.009431888773073,-0.790386157798101,3.165445595430572,-0.1035484832504671,1.2459192569225261,1.3119445652744073,2.326907089306344,0.41111087958892223,-0.04248097655033679,-0.5429799678216537,1.708777505611744,1
0.2105061928741954,0.026801178718756015,0.27967722576327125,0.3052077222492148,1,0,0,1,0,0,-0.21792512855792381,-0.2675474723912908,-0.8350740607153893,6.283792882005675,-2.1169134238082203,-5.062010807717914,0.1428857682891061,-0.37064399861817665,0.1597263830042213,-0.04315967074333818,-0.47431756328677427,0.5988063909553794,0.989755741949157,0.15647486887438486,-1.7867539202687255,0.947987915016663,0.5027939419988673,1.1773180032277324,1.8468548856747633,-1.0149876916124754,-0.04233829373911515,-1.2812103337466254,0.7342851145534703,0.556867796854664,1.7660579462291204,1.0149876916124754,-1.846854885674764,0.27096530510494976,-1.6103624352952797,0.49111021415003275,0.9379857764062678,1.1272658390981163,0.19555021907814235,0.8401159358104279,0.012804842605544792,0.44983577907224165,-0.22078545442469194,-1.317574173872486,-0.7064490548762022,-0.2569742700706454,-0.025405824425361403,0.062155904904119784,-1.1125787146405561,-1.545025353873546,-0.1469716669968365,0
0.2876069799459088,-0.6431607365392533,-0.15484123025532542,-1.161438585374874,0,1,0,1,0,0,-0.8236341047562825,6.817689802395264,-0.6431763394547153,0.29766221674174387,1.8537396502128838,5.013240612947148,-0.134142951423888,-0.9826880073214234,1.7405883269031797,-0.16639618723929256,0.7057006506618554,-0.4360639821743177,-1.1646949335978942,-0.861918612797199,-1.4089156418557907,2.4366519436545975,-0.013741092985297194,1.3778914306785235,1.2234273880116016,-1.808119650554575,-0.6746898828733158,-0.062650631193766,0.06915766062448261,0.21116508138787746,0.4277973890210159,1.808119650554575,-1.2234273880116022,-0.9545452942874786,-1.4602639384448675,-0.9918001176242447,0.2531992501892221,0.2397152668543526,-1.4742144526617298,-0.709509049969999,-1.2052948804881005,-0.728375060954584,-0.5816133531797613,0.04820472807728505,0.34272083230535716,0.3265079414213163,0.39767203775660004,0.4428340591057229,1.5215080252738291,0.6260729825722207,0.038603250264021984,1
-0.9974061379159777,-0.2051087150244015,0.27967722576327125,-0.4281154315628296,1,0,0,1,0,0,-0.5586364276695006,0.03191064796283935,-0.06748317567269331,-0.3764646295639574,0.6707356752818144,0.31548135089271045,1.4506444708127986,0.9648662991529714,-1.993487672541959,1.0551163291064272,0.2491838320995611,-0.9261558873142289,-0.4178032644728884,0.8192697191101407,-0.1524328066996639,-0.15016379076349318,1.2607847809851669,1.233716304457347,0.18609969967169646,-1.4477375847033576,-1.1985517990927848,-1.477013115437919,2.5742643026206724,-0.17522148335510737,0.8805326621600434,1.4477375847033576,-0.18609969967169718,0.8001630639334981,-0.10937746679115769,0.11810822885711679,0.020630241285320403,0.529876030857121,0.4790951633358572,-0.46483142063624716,-0.5962450189412776,0.6358690696027934,-1.0812212129944723,-1.317574173872486,0.44307621281837667,1.7787303344679768,1.582290051866092,-1.0798785577006862,0.6160407084282594,-0.04195727479570725,0.5334696962929761,1
0.5703098658755232,1.5213316050635446,0.27967722576327125,-0.13478617003801185,1,0,0,1,0,0,-0.7100636717190902,0.9651733337266818,-0.7839013350458762,1.709567371236088,-0.34756481593456856,-0.5789040393127989,-0.14294927341734842,0.8417627937652639,-0.3251341654853984,-0.049389229483782625,-0.2761354451229194,0.18997415746242027,0.16119194344636847,1.2133904801891562,-0.2808809660025586,0.5842106391633067,1.2631863100914158,1.347572700031371,1.2643654038056176,-0.9948801208223941,1.4111799153190492,-1.4367262371821519,1.0315446475774246,1.3192755846962343,1.674632060496513,0.9948801208223941,-1.2643654038056185,1.1343932274041606,-0.25947596364157,0.018034525485845748,0.31780175266252825,0.8371050750953478,-0.2140147004052217,-0.46483142063624716,-0.983822203561983,0.20179139169817292,0.9449662184763004,-1.4693273852002382,-0.8432973010303187,-0.24400799870415715,0.27921023634565156,-0.9212626601166852,-0.9479482933959068,-1.378017789531564,-0.332546584257695,0
0.9558138012340891,1.3409572432633117,0.5693561964423357,-1.6014324776621007,1,0,0,1,0,0,-0.36935237260751347,-0.17160457946229762,-0.822280879298011,2.453132175959544,-1.665093381170349,-2.027808371445724,1.1973028444289047,-0.6276637302024322,-0.5424466036857638,1.124405596798249,1.1083812827952082,0.4337992065636297,-0.7759682424900921,0.12213432577547848,-1.5186111727386389,0.572270689200208,0.05682553606736615,0.7170178140066387,-0.35678002163742906,0.9455004604204603,-1.542843571511223,-0.6598231680111857,1.3166195323785688,-1.4626521918437552,-0.740921612492659,-0.9455004604204603,0.3567800216374284,0.15955525061472892,-1.3852146900196616,0.19998671343360988,0.47284775859846334,0.47867119015075044,0.25856020669096863,-0.38327221085833024,-0.26403600355210183,0.8839134569768611,-1.4142931195376127,-0.482931511569848,0.5525548097416701,1.1952481229760152,0.43151826673115745,-0.3819686083310823,0.2044646553166367,0.793080546914203,0.7190446135538346,0
0.5703098658755232,1.3409572432633117,-0.4445202009343899,-0.8681093238500562,1,0,0,1,0,0,-0.7353015457273552,1.4448877983716475,-0.630383158037337,0.23690400312620857,0.5225168612548611,0.9281353431834843,-0.16804893563379097,0.16965828741627995,-0.5833485290319648,0.19153588721238055,0.06516152350772328,0.32732156687138303,-0.12941940669903326,0.06141601264278253,-0.6705083717109391,-0.7786582024460794,0.7579471408681091,0.7530351906578325,1.9179859271609279,-1.4558075127796442,0.295042291953319,-0.9045618913600686,0.014980581530564722,0.4928147836633427,0.6504791253617077,1.4558075127796442,-1.9179859271609287,-0.11896988561082296,-0.7848207026180125,-0.6551885699208807,-0.9225662948249498,-0.6136987449184976,0.3530751881102058,0.18764225758709038,-0.5962450189412776,-0.9144083514851348,0.9449662184763004,-0.3311783002420958,2.395444524617104,2.0380557617977377,2.174599058920838,2.028993034945732,1.933084078385452,1.1827648637121608,2.389218868901558,1
0.2876069799459088,-1.0039094601397194,-0.15484123025532542,0.3052077222492148,0,1,0,1,0,0,-0.8236341047562825,6.817689802395264,-0.579210432367824,0.034376624407757565,2.0234626633927073,5.216713289218902,-1.1372279968024956,-1.113575076955438,2.061200218094984,-1.0901709692093455,0.011670141586277952,0.6832430570077652,0.10127763850570719,-0.6919606849658845,-1.69453914433315,2.6361942479482185,0.03817688558162441,1.3441535884526237,1.233103646290187,-0.29111514316954507,0.8899442494588994,-0.16913537515213836,-0.16860876316802423,1.5106061936704294,1.2971326052376748,0.29111514316954507,-1.2331036462901876,-0.7038726716844818,-1.6103624352952797,-0.30038180342274146,1.0542702808582185,1.0248561576853752,-1.3166894836296663,-0.30171300108041293,-0.8177176958673952,-0.10826409251941274,0.9727222106882286,-0.02767187758659086,0.4339529964081015,0.2746428559553643,0.8884423578876751,0.6331731362065233,-0.37174181903963527,-0.5429799678216537,0.9664778365683122,1
1.521219573093319,0.026801178718756015,-0.15484123025532542,0.5985369837740325,1,0,0,1,0,0,-0.7605394197356201,1.715272314807901,-0.8094876978806327,2.406840203681041,-0.27820839517963436,-0.5408926602290647,1.185309940745338,-0.6392238909454909,0.6112785568744187,0.4021923041929539,0.3218669287101272,0.701759869738551,0.032936840474687014,1.3701955060540598,-1.4089156418557907,0.8239408074148741,1.4749254222452235,2.0235373370473813,1.5875602653373244,-0.6174061782631385,-0.27911912112154014,-0.5340659098427696,-0.007657214296805533,0.9191749453931001,1.55714758897538,0.6174061782631385,-1.587560265337325,0.8558680911786088,-1.4602639384448675,-0.9918001176242447,-0.4703487775118068,0.10316902497069583,-0.6865896075014126,-1.1988643086375024,-1.7589765728033937,-0.4183195767369984,-0.19302946221276363,-0.4070549059059717,0.36096726512590627,0.30057539868834077,0.6684418695530556,1.1407440084753266,-1.1125787146405561,-1.4336869776455579,0.904619530814692,1
0.46750881644657266,1.3409572432633117,1.4383931084795292,-1.6014324776621007,1,0,0,1,0,0,-0.7479204827314877,1.6135147010953323,-0.822280879298011,2.453132175959544,-0.5690568034191699,-0.6549267974802672,2.0392457046087875,0.13849899627685935,-0.8712981632767146,2.192630580112157,1.873400054844303,0.483500406131155,-1.8589749114346172,1.317466656397822,-0.735977318840428,0.13385650992391254,2.0538433531833236,2.247001878454746,0.416552302523086,0.2463053852199044,-1.5192236331664117,-0.9273801404329156,1.3256066612614497,-0.925546545468751,-0.24175183199044012,-0.24630538521990367,-0.4165523025230867,1.050835686536495,-0.7848207026180125,-0.4186507255887879,-0.28946177058654887,0.512807750621665,0.16404522527173035,-1.85133798686084,-2.146553757424099,0.015758101167622184,-1.3587811351137562,-0.6346847228976005,1.099947794358136,1.7138989776355367,1.142289075196852,-0.0012904541294803558,0.7806711296729086,1.0157572993701793,1.3376276710900281,1
0.2876069799459088,1.5213316050635446,-0.15484123025532542,-0.13478617003801185,0,1,0,1,0,0,-0.8236341047562825,6.817689802395264,-0.7839013350458762,1.709567371236088,1.1681743538733984,3.9220904368964264,-1.4490893779654077,0.26533672624784005,1.443195139497161,-1.1879967179896032,-0.6710807172194383,-0.2216844733885421,0.8875968349704794,-0.7669213763946147,-1.2249055966383204,2.6056744058639687,0.016771833883586783,1.3622738276657544,0.9153149533513734,-1.2101494081044426,1.2486952518729766,-1.5912665209029795,0.645555384595566,1.6215375862272643,2.202433046840418,1.2101494081044426,-0.915314953351374,-0.6760201580619267,-1.0850176963188372,0.3182556355996563,1.674454304601957,1.605177685690913,-0.9071245641463012,-0.30171300108041293,-0.7069813574043363,0.5118468759157585,0.9727222106882286,-1.5452039908641146,-0.44187577897824326,-0.06248019957332482,0.5838262971166633,-0.033013633646279864,-1.5241547677521787,-1.9903788587854983,0.34789477903211874,1
0.5703098658755232,0.4648532002336079,-0.4445202009343899,1.478524768348486,1,0,0,1,0,0,-0.7353015457273552,1.4448877983716475,-0.7711081536284979,1.6083036818768623,-0.09920064193564308,-0.13171134421004418,-0.6018859740053647,0.1016060801324223,-0.2975123601873908,-0.7747116602348944,-0.8404346492370915,0.44400583652600684,0.888341920980166,0.26929564684030716,-0.5189947948351229,-0.46712615291302556,0.8573309394060311,0.5713349453415242,1.3298662290760435,-0.7133741297612541,1.1060141356926092,-0.6593751259577928,-0.06270737110391154,1.8967001565594206,1.6504035779080877,0.7133741297612541,-1.3298662290760441,0.32667033235006016,-0.40957446049198204,0.2909628074074919,-0.0052107597040024186,0.3421249482670949,0.5736101447550955,0.02452383803125581,-0.5408768497097485,-0.046252995675895824,1.1115021717478706,-0.5588081172337243,0.24236545179233895,0.1709126850234604,0.9392117013495113,0.4428340591057229,-1.1948939252628807,-1.545025353873546,0.5334696962929761,1
1.4184185236643685,1.4182605411776974,-0.15484123025532542,0.5985369837740325,1,0,0,1,0,0,0.9303981388181312,-0.5891015317230072,-0.2593808969333673,-0.2503190051050364,-0.7298060844435117,-0.259608455009432,-0.4525468674704403,0.8483677040122365,-0.2804876158101251,-0.6405013111142808,-0.8520940734174394,-0.12168634155727388,1.3052975566605987,-0.3869695671763601,1.0196130976267512,-0.5833930949923335,-0.28644503896423334,-0.7812776371560031,-0.0741697193470499,-0.09240503183227083,0.24262200343056262,-0.14298527982167153,-0.20281783104850204,0.5812419523168496,0.34499847824255636,0.09240503183227083,0.07416971934704919,-0.3696425082138195,0.9413120111617277,-1.6069330893092284e-4,-0.3023822710812103,-0.3918111018575571,-0.024984737566746233,0.9216751455883455,1.0648000580046022,-0.046252995675895824,0.5841383197212315,0.27583454506891375,1.3280282046149967,1.0007540524786946,1.209981533145967,1.0455744699249259,-0.04248097655033679,-0.09762646290970158,1.275769365336409,1
0.030604356373531493,-1.132748289997029,2.452269505856255,2.505177183685348,0,1,0,1,0,0,0.19849979257844777,-0.4379187913500483,2.3248417493770424,-0.7028230341274041,0.7198706129140645,0.20636633328763831,-1.9639120766568636,-0.13806307773283247,0.663020956407154,-0.7960380543884551,0.0390170215995067,0.20893832794806858,-0.17683987533879253,0.9949803188425657,1.9798463617600803,0.5158850546591259,0.28705403192905693,0.17784827544901158,1.0066075265840329,-0.7133741297612556,3.7250401606040326,2.1728625298160713,-0.38795713057468606,1.3600339196849738,0.12291018664227149,0.7133741297612556,-1.0066075265840335,1.2736557955169365,2.367247731240644,0.9368930746220554,1.093031782342202,1.178470679804488,0.06953024385249205,1.0847935651441794,0.6218547041523672,0.8219023601333442,3.3597375409140704,1.9451198696741894,-0.13168642102891215,-0.30883935553659736,0.22844089288381547,-0.6040308649486834,0.7806711296729086,0.45906541823023866,0.038603250264021984,0
0.5703098658755232,0.6709953280053031,0.27967722576327125,1.478524768348486,1,0,0,1,0,0,-0.028641073495936725,-0.3919824971598031,0.46983044385719386,-0.4962451078345841,0.30829872852547685,0.08204676404907252,-1.3946337053678486,-0.2286151424805583,0.19783539752872625,-0.8323953137661487,-0.5769366079183553,0.07340606837404032,0.4151039787729092,-1.0971833328227032,-0.3213719199665354,0.9889046451590788,-1.2561674301749717,-0.8592132513791185,-0.7450499738428467,0.8390486150612049,0.8429794580230077,-0.00816187685610109,0.723306182837644,-0.12108175358384117,-0.08880866136102285,-0.8390486150612049,0.7450499738428459,-0.8988402670423681,0.04072103005925432,1.2007237471463126,1.609851802128651,0.9053781960371756,0.006520256239666901,0.2692014673650073,0.7325910426154264,1.1939689411944467,1.0004782029001573,0.19995793940503753,0.6437869738444144,0.9488889670127426,0.8376730144258402,-0.2550758902638815,-0.4540570296619595,-0.09762646290970158,0.7190446135538346,0
0.8787130141623758,0.928672987719922,-0.15484123025532542,0.3052077222492148,1,0,0,1,0,0,-0.11697363252486404,-0.3663977257120716,-0.3745195296897717,-0.18377429495468825,-0.278208395179635,-0.13976081272189378,1.403025599477226,0.9503177858580921,-0.8488507853341093,1.1937186515957363,0.6521889843436323,-0.7327657450448146,-0.4737306936129334,0.9423382414131494,0.42997991477388586,-0.21853461219759734,0.8537191825125436,0.46357308520127655,-0.04921092906325296,-0.9505982795318765,-1.0093679819158166,-0.8735965453597849,0.9408012503604406,-0.766103558499635,-0.39528873071226545,0.9505982795318765,0.049210929063252244,0.9672781456688292,0.491016520610491,0.2545723698179399,0.09815324425328795,0.4445346296798359,0.19555021907814235,-0.05703537174666111,-0.04256332662598434,0.44983577907224165,-0.7203933142394032,-0.4070549059059717,1.8754211892314625,2.1936510181955944,1.6499825098152057,0.5380035976561225,1.5215080252738291,1.0714264874841732,1.275769365336409,0
1.341317736592655,0.23294330649045036,0.5693561964423357,1.0385308760612593,1,0,0,1,0,0,0.11016723354952047,-0.41814874068589214,-0.4768649810287978,-0.09003305109071949,-0.6144732347460667,-0.2520061791926852,-1.0618458960103878,1.0821817841179007,-0.7732339884247472,-0.20182446672643492,-0.6662327613208409,0.49952254390200596,0.7873230476278008,-0.3030880191875387,1.3628185852822368,0.12351158246251542,-0.4680731353104159,-0.9618795712130476,-0.31054414497595056,0.9892830742375731,1.1736805890025468,-0.1200867192029038,1.1811539946318028,-0.19148147462658383,-0.0729529675126099,-0.9892830742375731,0.3105441449759499,-0.20252742647848845,1.4666567501381707,0.41832933897092733,0.42116575661981864,0.20557870638343811,-0.43454965705011084,0.5954383064766764,0.8433273810784847,0.20179139169817292,1.0004782029001573,-0.17942508891434333,-0.2046721523111086,0.4172718409867329,0.31305646532020776,-1.1116017372174867,-0.7833178721512579,-0.4316415915936655,-0.2706882785040748,0
-0.4320003660567478,0.3102466044048362,-0.15484123025532542,-0.8681093238500562,1,0,0,1,0,0,-0.20530619155379135,-0.29952843670095514,0.27793272259651985,-0.45400368313045003,0.36827143003485696,0.12050533582790941,0.08359733826316922,-1.776258014169491,1.2544267669036944,-0.381334627604107,0.18261273057811994,-0.4037114853491311,-1.3600535734977428,-1.0681226659203884,-1.4411993386099888,0.75146707575075,-0.9521186826912612,-0.48956780505521075,-0.11972941589683889,-0.4318681387001143,-1.1834997163219587,0.9942080090833729,-0.9596914739818088,-0.4289461072507808,-0.7153731683811644,0.4318681387001143,0.11972941589683818,-0.9823978079100336,-1.3101654415944555,0.20908432283099887,0.5762117625557528,0.13730558544161034,-0.2770246880180474,-0.38327221085833024,-0.3747723420151606,0.07776919801113909,-1.1367331974183288,0.8069707847160468,-0.2594114507727547,-0.6978274965312384,-0.8038690908401701,0.2524949820049213,1.2745623934068555,1.127095675598167,-0.3944048900113141,1
1.5469198354505571,0.10410447663314094,-0.15484123025532542,1.0385308760612593,0,1,0,1,0,0,-0.38197130961164594,-0.1832340210294483,0.35469181110078946,-0.4702058734279261,0.627464498738932,0.22246527031133748,-0.9789806299257161,1.1304089637886148,0.8671912846534562,-0.5653969643297171,0.5696668988426004,-1.2285952759669736,-1.607638374488838,-1.171279178299527,0.19444771608445777,1.1061652562568276,-1.411559037789697,-0.8344778413240255,-0.9702511656336119,-0.7133741297612541,0.19096804274726767,-1.3567283250110014,-0.07389013283380387,-0.6358629565082676,-1.5553000626014577,0.7133741297612541,0.9702511656336112,-1.0102503215325889,0.491016520610491,0.900502637032502,1.4031237942140713,0.6493539925053206,-0.11949971898598452,0.10608304780917345,0.6772228733838963,0.9459245538203791,0.08453045990652028,-1.317574173872486,-0.3050275328241268,-0.2958730841701091,-0.5161761445564365,-1.175048096251087,2.2623449208747504,1.9621334973080773,-0.45626319576493324,1
1.8553229837374106,2.6551133078078673,0.5693561964423357,0.3052077222492148,0,1,0,1,0,0,0.48873534367349464,-0.5024621920477346,0.764073616456894,-0.5558460221431568,0.11392193887554347,0.043140999575132864,0.35291812660724964,-0.08332373931523997,1.6311409633235898,-0.28383548606115855,0.4176784778080889,0.3888160736424905,-0.06964580128832636,-0.029799943380127383,0.2745349632061437,0.8798897681067256,-0.7373213368605909,-0.4659093569114667,-0.7896550408158974,1.3134690058789504,-0.5205169983305303,0.38938754659031,-1.3456199797075716,-0.3476717861087842,-0.9978722824828293,-1.3134690058789504,0.7896550408158968,-0.23037994010104354,-0.03432821836595151,-0.7916527108817039,-0.26362076959722697,-0.5283573437412127,-1.1591645145976028,-0.38327221085833024,-0.04256332662598434,-0.728375060954584,-0.49834537654397587,0.35171115073279,-0.02220782410562002,-0.7107937678977266,-0.7869459763528921,0.4428340591057229,-0.37174181903963527,0.29205785388825667,-0.2706882785040748,0
1.4184185236643685,0.28447883843337485,-0.15484123025532542,-0.13478617003801185,1,0,0,1,0,0,0.9303981388181312,-0.5891015317230072,-0.7455217907937414,0.9544295734430065,-1.8178875544156385,-1.190663646213367,0.05717466581766006,1.0027538999659527,-1.0202255168369938,0.32985842182950637,-0.44809268945643876,0.0734226910738706,0.6183076034036606,-0.32003089005509844,0.7918731778050172,-0.7133025504985521,-0.2746538669600405,-0.6224950219997596,-0.7279513648365089,0.8221130942085961,-0.39927385913923963,-0.5830300311008183,0.6778821866579847,-0.717959520181282,-0.025202788092640618,-0.8221130942085961,0.7279513648365081,-0.4253475354589299,0.491016520610491,-0.5642124759469986,-0.8192022908676594,-0.8697229484503528,-0.18250970659880966,-0.22015379130249568,0.12354118106860354,-0.4183195767369984,-0.3318094232724056,-0.482931511569848,0.2514886682026129,0.5728670973845897,0.22844089288381547,0.09387908442092041,-0.5363722402842841,-0.2089648391376897,0.5953280020465953,0
1.572620097807795,-1.132748289997029,-1.168717627632051,2.505177183685348,1,0,0,1,0,0,-0.07911682151246661,-0.3751198068874346,2.3248417493770424,-0.7028230341274041,0.9254997326436494,0.2546631443587358,-2.9852752935817755,-1.5830193072500816,1.3437895925919614,-1.7669522817143941,-1.0328115610028548,-1.1670666003130237,0.3202237173985487,-0.8090263487986371,-0.4976978056343469,1.704118107141237,-0.8259383283130373,-0.6607148960331873,-0.8856385367838302,-0.7133741297612556,3.342728370130637,1.6741609430286246,-0.12453103713784197,1.568052230314367,0.6976461139898439,0.7133741297612556,0.8856385367838302,-0.6481676444393714,-0.25947596364157,0.7822337148664557,1.6356928031179738,1.1443341193335734,-1.0961545269847772,0.10608304780917345,0.6218547041523672,0.6978801664463103,3.137689603218643,1.5910290432427672,0.05990112358685037,-0.014937204562868624,0.6120314879287937,-0.32909664246974885,0.34165667302051117,0.013711913318286572,0.3685142142833251,0
0.6731109153044746,0.928672987719922,1.4383931084795292,0.3052077222492148,1,0,0,1,0,0,0.47611640666936217,-0.5012992478910195,-0.3745195296897717,-0.18377429495468825,-0.6740565383396562,-0.24350951798573287,1.0733726564533261,0.5775792497905984,-0.36668129001977684,0.08910399205296891,-0.1360497247515977,-1.9509382602650398,-0.4691683047751559,0.47969504407932895,-0.11026969309651845,0.6310616793611181,-0.4038889463870293,-0.1018141228847677,-1.3328496965688592,-1.3389429987860084,-1.0132451716161361,-0.9032114043459756,1.1354217357545393,-0.5208631102605565,0.07746963085770461,1.3389429987860084,1.3328496965688585,0.438080386840281,-0.10937746679115769,-0.009258302706318612,0.31780175266252825,0.13730558544161034,-0.37153966943728567,-0.9541866793037505,-0.4855086804782194,0.139780294854656,-0.7481493064513315,-0.482931511569848,1.6838336446156987,2.1417859327296416,1.734598082251598,0.5380035976561225,1.2745623934068555,0.6260729825722207,1.0901944480755505,0
0.23620645523143258,1.1863506474345409,0.27967722576327125,-0.13478617003801185,1,0,0,1,0,0,-0.29363875058271866,-0.24138122886520175,-0.5024513438635544,-0.050106225000510575,-0.2936979841282543,-0.14691589584353787,0.2825569504625491,-1.6892081382657964,0.8015195440776169,0.44507883571399254,0.9752579218036328,0.24396944645693033,-0.30860049584890437,0.10691059228721417,-1.7952574204369147,1.0226628890863008,0.5505972668391068,1.0828224870438858,1.1921218465220598,-0.8495867060811616,-0.2860785136926864,0.5200417085785309,-0.06802648951908809,-0.055309968228266476,-0.21071765824012184,0.8495867060811616,-1.1921218465220604,0.24311279148239442,-1.6103624352952797,0.5729886987265271,1.0542702808582185,1.263812080981773,0.038025250046078915,0.4323198869208419,-0.09793149585751397,0.6978801664463103,-0.38732140769626244,0.27583454506891375,-0.5239847266707137,-0.47740088330094144,-0.4654068010946016,-0.4771381468814831,-0.04248097655033679,-0.4316415915936655,-0.8892713360402683,1
2.6520311168117785,0.6709953280053031,0.27967722576327125,-0.4281154315628296,1,0,0,1,0,0,0.766351957764409,-0.5611908719618456,-0.6047967952025805,0.17325254124326683,-1.2280955562858464,-0.5654882584597163,-0.16792175227802827,0.2951352880289782,0.29023075500460127,-0.48289161934655433,-0.30988058452837614,-1.2289416634237427,-0.14801468601691758,-0.524012528379042,0.176285021376698,-0.896166577131682,-0.33461571983056604,-0.9778683374097328,-0.8144870079783317,-0.8683315560334419,-0.2900878598937729,-0.22848398050787055,-1.2973161489212492,0.3205562043018526,-0.5518381682647416,0.8683315560334419,0.814487007978331,-0.48105256270404034,0.19081952690966666,0.09081540066495114,-0.39282577454383927,-0.4942207832702994,0.16404522527173035,0.18764225758709038,0.6772228733838963,-0.17027518936292965,0.3343343898138759,0.6552175733882943,2.906344643592473,1.5323711785047043,1.5992131663533709,2.631733445764935,2.591605763364049,2.1848102497640536,1.9562107286262216,1
-0.8432045637725518,0.928672987719922,2.452269505856255,0.3052077222492148,1,0,0,1,0,0,-0.571255364673633,0.12203882010825716,-0.3745195296897717,-0.18377429495468825,0.3791003247400065,0.2358810511644201,0.9424510665288167,1.6745289225763555,-1.0324851947908753,0.38295990228946425,-0.3605771094684275,-1.0920919728116174,0.07228949616077442,0.3908687238740696,1.560949184706108,0.14979201528528654,0.04231444145513359,-0.20659320553648902,0.19997699316119485,-1.6878179449728916,-0.9199497263817314,-0.7346188712905065,1.5619683792127295,-0.47539584566782883,0.2670698468191414,1.6878179449728916,-0.19997699316119558,0.7166055230658329,2.067050737539819,1.2007237471463126,1.1059522828368633,1.0760609983917457,0.41608517572303205,0.5138790966987595,0.4557501964577793,0.8219023601333442,-0.6648813298155464,-0.3311783002420958,1.5104925328204852,2.2455161036615454,1.8530598836625478,0.15732544345452057,1.2745623934068555,0.45906541823023866,1.0283361423219313,1
0.23620645523143258,0.23294330649045036,1.0038746524609323,0.3052077222492148,1,0,0,1,0,0,-0.4576849316364408,-0.0931058488840305,-0.31055362260288033,-0.2375887127284481,0.22568160006508511,0.11200867462095708,0.7363742238200377,1.163632221690109,0.17958458078078202,-0.08621598156903913,-0.5675061837841381,-1.5486749422553199,-0.14971101527131891,1.2347000317169536,-0.24330766564837844,1.346649782833668,0.04807839881221443,-0.02527482887081955,-0.9306920144830665,-1.1891589033857164,0.209751440106983,-1.8408620207565753,1.1077550232914721,0.16414594616948244,0.7131098820362187,1.1891589033857164,0.9306920144830657,1.106540713781605,-0.25947596364157,-0.10023439668020068,0.6020527635450756,0.59814915179895,-1.348194477436079,-0.709509049969999,-0.3747723420151606,-0.10826409251941274,0.25106641317809053,-1.6969572021918669,0.24236545179233895,0.7932937106148858,0.8207498999385615,-0.28679906978068154,0.6160407084282594,0.06938110143228039,0.40975308478573785,1
1.5469198354505571,2.6551133078078673,-0.15484123025532542,0.3052077222492148,0,1,0,1,0,0,-0.38197130961164594,-0.1832340210294483,0.764073616456894,-0.5558460221431568,0.8185690685894876,0.28864978918654516,-0.6587805119988507,-0.06035156416225066,1.6205424810688263,-0.5121106321068676,0.35774879903958917,0.014521591530227381,-0.5284475690197608,-1.383194515270855,-0.05210633405815385,1.2612900873934232,-0.9399305302492028,-0.4441150088361903,-0.9333596546099943,0.9455004604204603,-0.4660213235446483,0.030635434224340764,-0.9478609606374935,-0.24019059880583404,-0.8986828260000836,-0.9455004604204603,0.9333596546099936,-1.2609229441355856,0.11577027848446049,0.527500651739586,1.1447137843208466,0.6493539925053206,-0.49755964466293656,-0.13859458152457876,0.34501385799472056,0.6358690696027934,-0.38732140769626244,0.12408133374116129,0.29710475025398503,-0.2569742700706454,-0.33002188519637315,0.3476645205553221,0.2044646553166367,0.793080546914203,0.10046155601764112,1
0.2876069799459088,-0.8493028643109486,-0.15484123025532542,2.505177183685348,1,0,0,1,0,0,-0.7226826087232228,0.9564512525513188,-0.5920036137852022,0.12406732069735729,0.5464568506828977,0.6396960548422075,-0.9957336183395382,-1.1535536115440637,0.1821148996926026,-0.7553819120444408,-0.44174127169094507,-0.6631226877578823,0.1933399732724285,-0.40707906912177627,-0.505058846938493,0.5181694207643849,-0.6552293925218009,-0.21723374976218496,-0.5796783524084306,-0.329502323768793,0.9778432257448265,1.077331668178503,0.27175312703472976,0.3707579805207723,0.36219881237906687,0.329502323768793,0.5796783524084299,-0.3974950218363748,-0.4846237089171882,-0.04564874029587195,0.22735824919990022,-0.05044549714841698,-0.2140147004052217,-0.38327221085833024,-0.1532996650890431,0.07776919801113909,1.1670141561717275,1.33810702436318,0.7258959215368835,0.7673611678819103,0.8884423578876751,0.31594134103852145,-0.04248097655033679,-0.2089648391376897,0.5334696962929761,1
0.23620645523143258,1.547099371035007,1.0038746524609323,-0.13478617003801185,1,0,0,0,1,0,-0.4576849316364408,-0.0931058488840305,-0.4001058925245282,-0.1797237473803192,0.10871813978045095,0.06728940511068161,1.8745203147690028,0.02124571271053613,0.03857005986046804,0.5533512293859835,0.06094112238626659,-0.3577146024612528,0.03600307696383749,1.1856337604541078,-0.17745181214346026,1.6005897338520774,-0.13091755936131866,-0.16837486885199257,-1.0383979846077995,0.5419904249708541,-1.4218948450209268,-0.2069277373578912,1.555711758301941,-0.8773574224851758,-0.24361173167731895,-0.5419904249708541,1.0383979846077986,0.8837206048011639,-0.3345252120667762,-0.5460172571522233,0.3048812521678669,0.2397152668543526,-1.7892643907258567,-0.709509049969999,-0.319404172783631,-0.4803306735805153,-1.2755131584779709,0.04820472807728505,0.8080048692293539,1.571269992604168,1.0407503882731821,-0.44541496736468245,-0.04248097655033679,0.23638866577426285,0.7809029193074537,1
-0.9203053508442651,0.38754990231922204,-0.15484123025532542,1.0385308760612593,1,0,0,1,0,0,0.9556360128263961,-0.5949162525065825,0.20117363409225028,-0.44243069006082425,-0.3647858901359075,-0.11561240718634504,-0.7067841268062015,-0.19294237641356918,-0.4563086208651502,-1.0017490956668893,-0.7989542741599929,0.3944291883754229,1.2918715889765462,-0.644157733763339,0.11331199951466726,-0.6477111459015403,-1.2824963728855265,-1.38545329776539,-0.4914206069155262,1.0253393444399002,0.33916571566005366,0.3783329403734131,-0.027098065454316346,0.08159695107353024,-0.3139458026995723,-1.0253393444399008,0.49142060691552547,-0.45320004908148526,0.41596727218528484,0.9277954652246664,0.4082452561251572,-0.15285517856115927,0.8256500952063961,1.5741488238116832,2.1167952734036595,0.8219023601333442,0.3065783976019474,0.35171115073279,0.0051618251252043045,-0.010615114107371936,0.025363519036474696,-0.3502454288142823,-0.5363722402842841,-0.09762646290970158,0.10046155601764112,1
-0.7147032519863632,-0.07626988516709207,1.0038746524609323,-0.13478617003801185,1,0,0,1,0,0,0.6654004617313493,-0.5373505167491867,0.44424408102243734,-0.49393050922065895,-0.11277384770415104,-0.031540180507027164,-0.32490463012543475,1.807234310536571,0.060449095030992314,-0.004738619492165505,-0.5921820186978628,-1.6428247145315036,0.3195255249890005,-0.5678478186931711,2.2681909082797636,0.11216682968180734,-0.49138594966005716,-0.9207159570897343,-1.2737915754233937,-0.9772859963810728,-0.1155990524464083,-0.20826194794371172,0.03008090853836292,-0.4808483269641984,-0.12903430228502547,0.9772859963810728,1.273791575423393,-0.27215871053487645,3.005166342854895,1.4918472478627354,1.3320610414934348,1.033390297803103,0.30581769740058723,0.5954383064766764,1.5354294964726014,1.6900577159425842,-0.22078545442469194,-0.3311783002420958,-0.44187577897824326,-0.3607044410025493,-0.5161761445564365,-0.12818317219668063,0.12214944469431245,-0.32030321536567735,-0.9511296417938885,0
2.3950284932394013,1.572867137006469,0.27967722576327125,-1.161438585374874,1,0,0,1,0,0,-0.6848257977108253,0.5988459243614352,0.32910544826603294,-0.46210477827918806,1.3366494478975959,0.8176787474931039,-0.29270617047556446,0.7042518924295756,0.6568627842755539,-0.2623224410869133,-0.2134597089078215,0.10278763830104916,0.09429446846185345,-0.1492340253640786,0.45796534387634424,0.4339988503245566,-0.4209907337977792,-0.21275673490695707,-0.7768887630270574,0.9106988955914741,0.25790217553159045,-0.507828195824288,-0.46182644125160227,-0.0630665108812794,0.06979253407710022,-0.9106988955914734,0.7768887630270568,-0.28608496734615396,0.19081952690966666,-0.600602913536552,-0.3023822710812103,-0.4430159425639276,-0.6865896075014126,-0.8726274695258333,-0.6516131881728072,-0.790386157798101,0.22331042096616224,-0.482931511569848,-0.02220782410562002,-0.2569742700706454,-0.2623294272472596,0.506280418139323,-0.6186874509066087,-0.26463402725168356,0.34789477903211874,1
1.8039224590229344,-0.7204640344536393,1.0038746524609323,-1.6014324776621007,0,1,0,1,0,0,1.031349634851191,-0.6077086382304483,1.0199372448044592,-0.6009806951146973,-0.015762889445286976,-0.0029198480204508676,0.36426124877979144,-0.491020708441824,1.2298410924274643,0.9913150953805074,0.8444716341038939,0.5511754511309571,-0.8357185582918246,-0.03912700837141175,-0.04747677033754834,1.1061652562568276,-0.773741946534453,-0.42004252270393394,-0.16027754582615011,0.9106988955914741,-0.5456093792754956,0.6263801457287971,-0.5696445689013488,-2.106432008889261,-1.5079442519252526,-0.9106988955914734,0.16027754582614942,-0.09111737198826762,-0.10937746679115769,-0.19121049065408274,0.3953247556304958,0.0519641842643253,-0.9071245641463012,-0.05703537174666111,0.012804842605544792,-0.23228628620644656,-0.23928944923264436,1.2116460149233863,1.5500264705983389,0.9575331479237341,-0.06489309156234463,1.7329100261222636,1.3020007969476304,2.1476974576880576,1.3994859768436472,0
2.1637261320242622,0.6452275620338409,3.176466932553916,-0.4281154315628296,1,0,0,1,0,0,0.16064298156605036,-0.4291967101746853,-0.42569225535928473,-0.14789801643884834,-0.5662851060297859,-0.21578357088936206,1.3416460655146796,-0.5758378899744201,0.9235639509134097,1.0086790955701472,1.2503932340773583,0.45137729149883304,-0.9457060792181032,3.393885531044607,-0.5203459233591802,1.399086258553429,1.7164464028666633,2.0867842829773924,0.12355936367902995,0.4930801176436278,1.5255389203017802,0.2690844523207578,0.14340390200765488,0.33933848756001034,0.41176624920775673,-0.4930801176436278,-0.12355936367903066,4.14246469864012,-0.10937746679115769,1.4463592008757944,2.087910320431116,2.9023669835856456,0.19555021907814235,-1.1988643086375024,-1.3713993881826885,1.752068812786101,1.1670141561717275,0.04820472807728505,-0.5513543759015367,-0.39960325510201306,-0.24540631275998087,-0.3819686083310823,-0.8656330827735822,-0.7656567202776299,-0.45626319576493324,0
0.5960101282327613,-0.07626988516709207,-1.6032360836506476,-0.13478617003801185,1,0,0,1,0,0,0.1480240445619179,-0.42687082186125513,0.44424408102243734,-0.49393050922065895,0.1652920781742089,0.05342643156249622,-1.1016696530792132,-0.06523572219557182,0.33037989150882074,-1.041234855070932,-1.178072855866323,-1.7670815610235362,0.8025278413259851,-1.5244164612967404,-0.2142325491750088,0.5964561735515853,-1.7901719230097064,-1.6527431845140765,-1.5734230101710878,-0.8495867060811616,0.00871950374304257,-0.12507538883737446,0.1477405529208114,-0.36846272054474716,-0.08202962943796246,0.8495867060811616,1.573423010171087,-1.4001855122483615,-0.03432821836595151,0.5638910893291381,0.8087807714596554,-0.03337721691295973,-0.40304466324369825,0.2692014673650073,1.3416409041622488,0.44983577907224165,-0.10976148557697851,-0.2553016945782196,-0.43275256256796935,-0.2958730841701091,-0.4146374576327655,-0.2550758902638815,-0.04248097655033679,-0.4316415915936655,-0.8892713360402683,1
1.3156174742354179,2.01091915852132,-0.4445202009343899,-1.6014324776621007,1,0,0,1,0,0,-0.6595879237025604,0.4302190216377503,3.719298523871273,-0.742749860217613,2.122489404931143,0.904881323038141,0.480578959938206,-0.41841926138582525,0.23909534713562033,0.7178013791770758,0.8348476513088653,2.067066195088523,0.20306069112893263,-0.29590167348172375,-0.22778972290406527,-0.2673967409988641,0.3676707857342595,0.14383721021561136,1.0460293195708634,1.781792609189754,-0.9639182080229415,0.3460988236195703,-0.5955592863363987,-0.6051272972021182,-0.944913794036567,-1.781792609189754,-1.046029319570864,-0.3696425082138195,-0.3345252120667762,-0.4004555067940112,-0.4703487775118068,-0.3064697006802721,-0.18250970659880966,0.5954383064766764,0.12354118106860354,-0.4803306735805153,-1.0257092285706153,-0.02767187758659086,-0.934529465133063,-1.060883094792903,-1.1931007240475748,-0.635754044465484,-0.9479482933959068,-0.2089648391376897,-0.6418381130257917,0
-0.9203053508442651,2.397435648093248,-0.15484123025532542,0.3052077222492148,1,0,0,1,0,0,0.9556360128263961,-0.5949162525065825,-0.7071422465416066,0.598560036552014,-1.6378504387141226,-0.9201120656762005,-0.4775699397119344,-0.06289126499207809,-0.7342644145569275,-0.859460161234881,-1.0062939484385804,0.6875135541146251,1.9038313592817557,-0.7386026721840031,0.1522313558343967,-0.4766744638619662,-1.1347116346157404,-1.1364598084203537,0.02721105494791352,0.9106988955914741,-0.07393046084566432,0.23882226534485054,0.524752186831589,0.03591459707655764,0.19869960821828975,-0.9106988955914734,-0.027211054947914228,-0.5367575899491508,0.491016520610491,1.0278691685959374,0.5891322630504142,0.06903246449978255,0.8886600828192224,1.9819448727012692,2.172163442635189,0.6358690696027934,-0.19302946221276363,0.04820472807728505,-0.47836864461934153,-0.1532440991387405,-0.1269445113490324,-0.635754044465484,-1.1948939252628807,-0.9883334727336057,-0.5181215015185524,0
-0.3034990542705592,0.6452275620338409,1.7280720791585935,-0.4281154315628296,1,0,0,1,0,0,-0.36935237260751347,-0.18614138142123599,-0.42569225535928473,-0.14789801643884834,-0.06696217340083345,-0.028857024336410634,0.3285489137697096,0.18284811376377766,-0.9304713376305876,0.8274160723440811,0.1308377685460825,0.3173508374474286,-0.39322070345436966,1.832785113451645,0.6743236000599835,-0.8278561574732768,1.5452273039284599,0.8001641740359967,0.3041828515459622,0.13114384342216406,1.3744420279484997,0.42455780505026486,0.4400698893981688,0.41443521022743274,0.6111090696108438,-0.13114384342216406,-0.3041828515459622,2.0813786905710367,0.9413120111617277,0.7822337148664557,0.188596747715916,0.8200367948598906,1.0461850518512859,-0.6279498401920818,-0.8177176958673952,1.069946747507413,1.055990187324014,0.19995793940503753,-0.5057382938501646,-0.21807545597118072,-0.0423289389126401,-0.4771381468814831,-0.7833178721512579,-0.8213259083916238,-0.3944048900113141,1
0.5960101282327613,2.01091915852132,-1.6032360836506476,-1.6014324776621007,1,0,0,1,0,0,0.1480240445619179,-0.42687082186125513,3.719298523871273,-0.742749860217613,0.991798659943507,0.2457192904566807,-0.3266662315877644,-0.48369945786932256,1.048293615732305,-0.8483751181945693,-0.48704914309126957,0.24497655225966927,0.6964619183554844,-1.4684400456153552,-0.3621579151799008,0.657484673373935,-1.6116634652128343,-1.4512553840638205,-1.3673641829525736,1.6902539477607814,-1.0130106445170242,0.3010908366640517,-0.7723438015894438,-0.4519978517303958,-0.7836806788771908,-1.690253947760782,1.367364182952573,-1.3444804850032512,-0.18442671521636386,0.5547934799317504,0.8346217724489774,0.06903246449978255,-0.40304466324369825,0.2692014673650073,1.1755363964676604,0.44983577907224165,-1.053465220782544,-0.02767187758659086,-0.8341740846200435,-1.060883094792903,-1.1423313805857394,-0.3819686083310823,-0.9479482933959068,-0.26463402725168356,-0.5181215015185524,0
2.3950284932394013,-0.7204640344536393,0.27967722576327125,-1.6014324776621007,1,0,0,1,0,0,-0.6848257977108253,0.5988459243614352,1.0199372448044592,-0.6009806951146973,1.638030515356932,0.9250049943177651,0.27581027755041154,0.10476873622736427,0.8928645796344951,1.2429247687953529,1.0267382382130483,-0.09660533048118837,-1.1039194667509293,-0.027885521173377545,0.2629747717683192,0.6099204164784829,0.14245368619903767,0.2533102317331403,-0.946287449071263,0.8067582219688989,-0.41138378909179635,0.11964397499985664,-0.607664593440687,-1.5378565390959273,-1.0875018567215071,-0.8067582219688989,0.946287449071263,-0.11896988561082296,0.11577027848446049,-0.3458698504096825,0.007709740790658993,0.06903246449978255,-0.655084613695,-1.1988643086375024,-0.983822203561983,-0.4803306735805153,-0.12363948168294266,0.5793409677244183,1.3713634825637997,0.790052142773264,0.05497896938921152,1.6403840858649292,0.7189347217061651,1.3358551310256446,1.1675173302675748,1
-0.3034990542705592,2.01091915852132,1.7280720791585935,-1.6014324776621007,1,0,0,1,0,0,-0.36935237260751347,-0.18614138142123599,3.719298523871273,-0.742749860217613,1.4827357828949843,0.43085706622922115,1.8386154462515956,0.32791035762889614,0.1336792183281039,1.3384732506521615,1.0070118425894616,1.4608853406224047,-0.6001035220437011,1.5447871827940445,0.28611617317385646,-0.6462650498509618,1.5366535841381885,0.8487831824606192,0.1590389773671773,1.834740444499059,-1.0131063834996896,-0.16344235530151371,-0.8321780192712457,-0.2844716207869727,-0.48049313931172594,-1.834740444499059,-0.15903897736717798,1.7192960134778195,0.491016520610491,0.6366719645082435,0.17567624722125458,0.8029685146244333,0.7941451013999841,-0.6279498401920818,-0.762349526635866,1.069946747507413,-1.0812212129944723,-0.482931511569848,-1.0622544948769042,-1.268343436656712,-1.277716296483967,-0.3502454288142823,-1.277209135885205,-0.6543183440496418,-0.7036964187794109,1
2.3950284932394013,-0.30817977891024867,0.27967722576327125,1.7718540298733036,1,0,0,1,0,0,-0.6848257977108253,0.5988459243614352,-0.38731271110714993,-0.18261699564772566,0.7299275170040379,0.6016846757584734,-1.1349254774487634,-0.03015323343678591,0.9186489159456491,-0.797242981002302,-0.23998001645015477,-0.9525945792580364,-0.07671429667912914,-0.05911187450125035,0.09327116146104635,0.5837333536933474,0.30172233729176146,0.3569162460073416,-1.31232147264129,0.002319067851812721,1.5190776150341805,0.13482326121418484,-0.6692281175867681,1.3762065383119866,0.6604450207537367,-0.002319067851812721,1.312321472641289,-0.14682239923337803,-0.03432821836595151,-0.3458698504096825,-0.0052107597040024186,0.12023730520615308,-0.655084613695,-1.3619827281933365,-1.0391903727935126,-0.23228628620644656,1.5000860627148682,0.19995793940503753,0.22411901897178985,-0.16621037050522874,0.38074892326932136,0.4428340591057229,-0.5363722402842841,-0.5986491559356475,0.6571863078002155,0
1.572620097807795,-0.07626988516709207,-1.168717627632051,-0.13478617003801185,1,0,0,1,0,0,0.2742134146032426,-0.4652479790328524,0.43145089960505906,-0.4910372609532525,0.0793998875666568,0.021675750210200635,0.38278831083528425,-0.4772650632979594,-0.3362442693810868,0.12611596014520193,0.06743498215512748,-0.8240052623244307,0.0034049381742788354,0.3789627544679644,-0.6950053184466969,-0.19831206985975783,-0.07493341977429048,0.06835237438865847,-1.1234618125076608,-0.009609152108405178,-0.15362134523465984,-0.041179793603290375,0.2603726754277022,-0.24467722217837204,-0.020935989614641392,0.009609152108405178,1.12346181250766,0.27096530510494976,-0.7097714541928067,-0.2548937564358004,-0.3153027715758717,-0.32353798091572933,0.1010352376589052,-0.8726274695258333,-0.4855086804782194,0.015758101167622184,-0.3040534310604773,-0.2553016945782196,-0.6608329728248301,-0.4385020692014777,-0.4992530300691578,-0.5405845059150832,-0.7833178721512579,-0.8769950965056176,-0.8892713360402683,1
2.0095245578808356,-1.235819353882877,-1.6032360836506476,-0.4281154315628296,1,0,0,1,0,0,1.9777699101611264,-0.6896962012788607,0.6617281651178678,-0.5379078828852368,-0.42472981178220426,-0.11471802179613952,-0.6634506916981847,-0.5895270896192085,-0.5503745025189577,-0.4732233981054872,-0.2307787134010474,-1.610812481858411,-0.34486736572339693,-1.000934431876721,-0.02046092677199058,-0.9813380311942632,-0.40053781681758727,-0.5837556285725731,-1.4375436385994584,-0.7712178265546397,-0.07757755369370103,0.7886471243381877,-0.23376969887289756,0.24212783822225764,-0.2699001224557772,0.7712178265546397,1.4375436385994576,-1.1216603760228097,-0.4846237089171882,-1.4284853686988783,-1.6202733215366558,-1.6548638392813753,-0.5290646384693491,-1.1173050988595852,-0.6516131881728072,-1.1004416420156866,0.0012624832707351544,0.8828473903799233,0.3518440487156324,0.1709126850234604,0.2622871218583729,-0.0012904541294803558,0.5337254978059351,0.18071947766026855,-0.2706882785040748,0
1.110015375377516,-0.05050211919562982,-1.168717627632051,1.7718540298733036,1,0,0,1,0,0,0.3751649106363024,-0.4803662530701483,-0.1442422641769629,-0.3214929124832349,-0.36610906074714067,-0.12097871952757809,-2.606074743084371,0.9496225509897793,0.5843221744342166,-2.6664023921917206,-1.9953963449872942,-0.318089200664754,2.046227171819374,-1.2980996173986323,0.6562517239442193,1.3579745389328528,-1.858372389751321,-1.225347533390752,0.28185302474922574,-0.7133741297612556,2.3267645264885424,-0.645968182470714,0.5658454617019439,1.759407359666682,1.3977996031341107,0.7133741297612556,-0.28185302474922647,-1.1495128896453646,0.9413120111617277,0.8277217618533966,1.4806467971820387,0.4957394703862077,-0.40304466324369825,1.9003856629233515,1.8953225964775422,0.20179139169817292,2.7491057122516462,-0.3311783002420958,1.1090710107684099,1.2730457511749436,2.039214143022611,0.1890486229713212,-0.04248097655033679,-0.3759724034796717,1.5232025883508855,1
0.8787130141623758,0.5421564981479937,1.0038746524609323,-0.4281154315628296,1,0,0,1,0,0,1.0565875088594558,-0.6048012778386607,0.8536258863785419,-0.570312263480189,-0.0855506736275514,-0.02438509738538309,-0.6307500153697697,-1.6309340935937175,1.6562426046165915,-1.001575482429057,-0.49312189043059307,0.20098741467534337,0.9470044330075957,-0.23426701577719455,-1.0531799107682527,0.41501694092062846,-0.5481475845983239,-0.9315739771642446,0.03622492998512883,0.23819541748766626,0.642996408648947,1.183455712244967,-1.847087123422548,0.8095300987470435,-0.26841806385847167,-0.23819541748766626,-0.036224929985129536,-0.17467491285593337,-0.9349191994684248,0.23637715102316323,0.42116575661981864,0.17144214591252482,-0.7180946013078251,1.0847935651441794,1.1755363964676604,-0.046252995675895824,0.7506742729928018,1.33810702436318,0.4978155112800227,-0.5940973255993336,-0.2623294272472596,1.2993599060593275,-0.04248097655033679,0.06938110143228039,0.22417816752487937,0
-1.9997163698482496,-0.10203765113855341,1.0038746524609323,-1.6014324776621007,1,0,0,1,0,0,1.3215851859462378,-0.6408525466968278,0.44424408102243734,-0.4927732099136964,-0.3514256900958115,-0.11203486562552299,1.4907868618826974,1.7240074983940383,0.4455712916066804,1.1733467913823614,0.38837356440144827,0.8006820786270664,0.3793310413693087,1.999199484709784,1.818241150883859,0.9234521558143921,0.6127773461974342,-0.31763413240661137,0.3871222082195544,0.7080917656959851,-0.07539885195080923,-0.544780325848395,0.31886947685410066,-0.9774962901062444,-0.8150125625195273,-0.7080917656959851,-0.3871222082195551,4.253874753130341,4.318528190296002,4.78214931325147,4.831363258797516,5.0302125862726195,0.6996301199807459,3.857806697593365,3.8885766888125977,4.480557073900855,0.5008703430854462,0.12408133374116129,2.441060606668476,2.284414917761011,1.6161362808406496,1.267636726542527,1.1099319721622063,1.739456744852101,2.018069034379841,0
2.3693282308821653,0.8771374557769975,-1.8929150543297122,-0.13478617003801185,1,0,0,1,0,0,0.40040278464456736,-0.49083275048058395,0.11162136417060241,-0.4140768570402411,-0.17865650231102798,-0.05747735682298693,-1.3344254705143408,0.2864981813031147,-0.16578079154440548,-1.1521048957851345,-1.3102320564887064,-0.9674109832712188,0.9959673516114169,-1.0184386707471702,0.5628372096880946,-0.37228622071423917,-0.8357882906809296,-1.2749359610651263,-0.611077343275553,-0.7133741297612556,0.8379391803540834,0.17061021602702214,-0.14748385294095864,0.7276660244961989,0.4586390234840884,0.7133741297612556,0.6110773432755515,-1.038102835155144,0.26586877533487285,-0.6369933511261053,-0.7158382869103699,-0.972132629863095,-0.7180946013078251,0.4323198869208419,0.8433273810784847,-1.0384305451721696,0.8894542340524437,0.27583454506891375,0.34272083230535716,0.20981149912292413,0.49921072468027106,0.28421816152172197,0.7806711296729086,0.45906541823023866,0.40975308478573785,1
0.5703098658755232,-0.10203765113855341,0.27967722576327125,-0.4281154315628296,1,0,0,1,0,0,-0.00340319948767178,-0.3919824971598031,-0.10586271992482811,-0.3700994833756632,-0.08510423267625664,-0.015441243483327998,-0.39196381460437474,0.506675308624907,1.7355650483790022,-0.156632445701127,0.4208958446519222,-0.4490742851819143,-1.171511575602382,-1.0886489243864474,-0.5008662466126658,1.1874651636913631,-1.0538145793140987,-0.6871819877837392,-0.7989105922128035,0.17986603418274572,-0.54272995242337,-1.1971845726941557,-1.1792875921013883,-0.833344168696899,-1.218084673777203,-0.17986603418274572,0.7989105922128035,-0.8709877534198129,-0.10937746679115769,1.3644807162993,1.881182312516537,1.2467438007463156,-0.08799472517957138,0.10608304780917345,0.5664865349208381,1.3800022317249987,-0.3318094232724056,-0.9381911455531051,1.0178388466656656,0.1709126850234604,-0.1777138548108673,1.2041903675089267,1.6038232358961542,1.9064643091940836,0.6571863078002155,0
0.13340540580248203,-0.87507063028241,-0.4445202009343899,-0.8681093238500562,1,0,0,1,0,0,0.9430170758222637,-0.5879385875662921,0.48262362527457214,-0.5037675533298408,-0.20535977972280292,-0.06284366916421999,0.9416483607423934,-2.112811907916042,0.4146297425910901,0.8022783898702348,0.8112706061174162,-0.12618533910110263,-0.8179970257225478,0.5363988296584876,-0.44508740832762245,0.27443085065317124,-0.3895485140732381,-0.24824426550251236,-0.6501878279857761,0.47274661909186166,-0.7734215774748251,2.454021855002878,-0.29103620940452624,-1.4700959843319648,-1.2970537291508082,-0.47274661909186166,0.6501878279857761,0.32667033235006016,-0.5596729573423944,-0.5278220383574467,-0.3153027715758717,-0.4430159425639276,-0.5605696322757617,-0.13859458152457876,0.17890935030013266,-0.29429738304996345,-0.7203933142394032,2.3245028979935705,0.05990112358685037,-0.10137901367278856,-0.6684841749419423,0.09387908442092041,0.6983559190505837,1.0714264874841732,-0.5181215015185524,1
-1.305809286202831,-0.514321906681944,-0.8790386569529866,-0.4281154315628296,1,0,0,0,1,0,0.5013542806776271,-0.5123472173798127,0.15000090842273722,-0.42102065288201657,-0.20482769523408428,-0.0686571742005558,0.015992758254995902,-1.2676562921261767,-0.7589982674949832,0.3529632458144335,0.3810355480578306,0.5651381852638845,0.26845787019194717,-1.2958276285999664,-0.1586775777822203,-0.014629934733987387,-1.0218976626807068,-1.1625288778804976,0.454702424768406,0.3198127523248422,-1.3170140178863463,1.580938329692882,1.0228743847559874,-1.4901268033787944,-1.6303480554229033,-0.3198127523248422,-0.4547024247684067,-1.1216603760228097,0.19081952690966666,1.1188452625698195,0.9379857764062678,0.4274663494443799,0.3845801819166189,2.2266225020350205,2.1167952734036595,0.5118468759157585,-1.2200011740541141,1.5657368413548085,0.1785029369204177,0.6895635396829819,-0.008482709938082702,-1.238494455284687,1.0276167615398821,1.3497724280541432,-0.08511336124321738,1
0.5189093411610479,-1.5450325455404195,1.1487141378004646,1.7718540298733036,1,0,0,0,1,0,-0.14221150653312897,-0.31929848736511135,0.17558727125749374,-0.4314363466446798,0.2435296235991655,0.08786026908540832,-0.4748066294827326,-0.7531513511036484,0.4493152470898012,-0.4525383847934074,-0.5869711166238196,0.3834317065319037,0.4632376872478557,-0.5068706278722295,0.05001518687729044,0.236954021181039,-0.7223345798292694,-0.7463001139580474,0.22845561284398783,0.29637562078413626,0.1537710172751345,1.083827981773213,-0.3761130553933802,-0.10490444199449389,0.03447439333854665,-0.29637562078413626,-0.22845561284398855,-0.3139374809687093,0.340918023760079,0.900502637032502,0.8992242749222835,0.529876030857121,0.19555021907814235,1.247911984700014,1.2309045656991897,0.6358690696027934,0.5841383197212315,1.793366658346437,1.6929568610259738,1.1952481229760152,1.0745966172477384,1.7434844192945298,0.9453015509175579,1.2384340518261547,1.8943524228726025,0
-1.3315095485600683,-0.23087648099586283,-0.15484123025532542,-0.4281154315628296,1,0,0,0,1,0,0.2363566035908452,-0.458270314092562,0.047655457083711085,-0.39729601708928375,-0.12977102445457891,-0.04540315405521256,0.9220398518148344,2.3345667044506873,-0.6023424593070774,1.1349111116986252,1.05510403609186,-0.22832659371987615,-1.2311022824503353,0.29881216169855696,2.319126237842537,-1.05454607304088,0.23779322858048682,0.1772455568750808,0.0915777400728132,-0.40223592911473205,-0.983549267714268,-0.8810163128435613,-0.23629478290588848,-1.297399998605524,-1.1986411334175098,0.40223592911473205,-0.09157774007281391,0.4102278732177254,2.4422969796658496,0.48201260475264507,-0.173177266134598,-0.06751377738387422,1.3612349899154128,0.10608304780917345,0.06817301183707392,0.6978801664463103,-0.859173275299045,-0.7105613285614767,0.5251851605108457,0.31354167005482897,-0.24540631275998087,0.3476645205553221,1.5215080252738291,1.4054416161681371,0.038603250264021984,1
1.572620097807795,-0.6173929705677911,-1.168717627632051,-1.161438585374874,1,0,0,1,0,0,0.2742134146032426,-0.4652479790328524,-0.6559695208720935,0.3265946994158083,-1.1334967046989404,-0.6102075279699917,0.8155889514802473,-0.5544538540314446,-0.28680358101344167,0.14580912481256808,0.004832622505075836,-2.0405430620654306,-0.9415875909157232,0.44987768474307943,-0.8735928288422327,-0.2158334777923134,0.50379675368734,0.4587954933769733,-1.1820904200447964,-1.6106744762686374,-0.6845838088214697,-0.11414080339509476,0.1751782729421875,0.3025775162129758,0.4416418560466597,1.6106744762686374,1.1820904200447957,0.24311279148239442,-0.9349191994684248,-0.555114866549611,-0.5737127814690962,-0.3576745413866426,-0.15100471279239655,-1.3619827281933365,-1.0945585420250417,-0.29429738304996345,-0.5261013687559044,0.12408133374116129,0.7441423543574326,0.7284623537824456,0.8207498999385615,0.5697267771729232,1.3568776040291806,0.5704037944582268,0.5953280020465953,0
-1.2287084991311177,1.109047349520155,-0.4445202009343899,-1.161438585374874,1,0,0,1,0,0,0.6654004617313493,-0.543165237532762,0.36748499251816774,-0.4754137203092577,-0.15268165142508955,-0.05032227370134285,0.8213696520941562,0.18376752798161727,-1.4638256333192885,1.7853137307329316,0.8906760746726303,0.6802002942671382,-1.095991308790552,-0.1392845961177534,0.9000789280544188,-0.3143251464465756,0.35111173904369847,-0.27424826424380017,1.1515092521572485,-0.21434078197105338,-1.2813060228917053,0.6494526118921076,1.6852322204192234,-2.063687281242399,-1.4256725707352205,0.21434078197105338,-1.1515092521572492,-0.11896988561082296,0.8662627627365218,0.08171779126756346,-0.09565426316663046,0.0519641842643253,-0.18250970659880966,0.758556726032511,0.2342775195316623,-0.6043528672675491,-1.1089772052064004,1.0346006017076752,1.0543317123067637,1.8824605053998806,0.7022880985276131,-0.6040308649486834,2.180029710252426,2.2404794378780473,0.2860364732784985,0
0.544609603518286,1.6501704349208541,-0.4445202009343899,-0.8681093238500562,1,0,0,1,0,0,0.8546845167933363,-0.57572767392078394,-0.34893316685501513,-0.22022922312400942,-0.8071309562981465,-0.2725770431674119,0.3858695211241772,0.9220897475387568,0.2434489808779464,-0.3503923510130064,-0.020697819311507278,-0.7122243915526373,-0.8974052232687227,0.7864508808002659,0.9304949454172337,-1.7945524507861492,0.8550362213797438,0.04810196000232804,0.1359000988749071,-1.106173187055868,0.2492514913987589,-0.33344770670295615,-2.136155059510774,1.3211967414856258,0.07387038045606553,1.106173187055868,-0.1359000988749078,0.911573118423719,1.0914105080121401,0.527500651739586,-0.5478717804797735,-0.20406001926752979,1.5817699465603012,0.02452383803125581,-0.04256332662598434,0.3258135853852078,0.27882240539001907,-0.2553016945782196,0.20587258615124074,-0.9571529238609991,-0.44848368660732285,1.3628062650929278,1.439192814651505,0.9044189231421907,-0.1469716669968365,0
2.3693282308821653,-0.10203765113855341,-1.8929150543297122,-1.6014324776621007,1,0,0,1,0,0,0.40040278464456736,-0.49083275048058395,0.44424408102243734,-0.4927732099136964,0.015034621584294075,0.0033408497109876974,-0.5578628630313993,0.8988268245167691,-0.5993005528443583,0.06737972005594735,-0.36283200508345903,0.3926252269707254,1.0216373575166227,-1.0417404043168463,0.8879963704849164,-0.538061124559008,-1.0625331197590657,-1.573543992286659,-0.4863880375980577,1.0178877152647527,-0.2651728466076699,-0.3440927542164967,0.2785643926608375,-1.1446153080370407,-1.0645600663248536,-1.0178877152647527,0.48638803759805704,-1.0102503215325889,0.7161642658861095,-0.23669853764102378,-0.4703487775118068,-0.8355863879794388,-0.43454965705011084,0.9216751455883455,1.3416409041622488,-0.790386157798101,0.25106641317809053,0.35171115073279,2.368074875386281,2.1936510181955944,1.446905135967865,1.109020828958526,0.8629863402952329,1.6837875567381073,1.9562107286262216,1
1.0072143259485644,-1.3131226517972627,-0.8790386569529866,-0.8681093238500562,1,0,0,1,0,0,-0.15483044353726144,-0.3169725990516812,0.4954168066919504,-0.5072394512507286,0.43267837516092456,0.1482312829242802,0.10833333926338451,-0.06995620841034321,1.0495128442655652,0.04923866350187569,0.5320661677951839,0.22138370206214283,-0.5157530305835419,-1.1637146275490702,-0.4464034179166166,1.5425954145904284,-0.7296296385191393,-0.08952041667544358,0.9789057261068004,-0.6689258153831794,-1.3134100895874383,-0.35118005295840404,0.11544040732929112,-0.7900065176065074,-0.77911133973595,0.6689258153831794,-0.9789057261068012,-1.1216603760228097,-0.4846237089171882,-0.24579614703841146,0.5632912620610914,0.22264698661889537,-1.033144539371952,0.6769975162545934,0.2342775195316623,-0.6043528672675491,-1.1644891896302574,-0.1035484832504671,0.7988816528190786,0.7414286251489338,0.34690269429476517,0.2524949820049213,1.6861384465184783,1.4054416161681371,0.22417816752487937,1
-0.6119022025574117,1.109047349520155,-1.168717627632051,-1.161438585374874,1,0,0,1,0,0,-0.6343500496942954,0.3255540475333941,0.36748499251816774,-0.4754137203092577,1.1681743538733984,0.6177836127821725,0.420600154274529,-0.6792415650312844,-0.9821252172458399,1.8619519600001515,1.4970825471299267,1.0107399100592793,-1.3778064918939328,-0.7239499524897148,-0.27016488893152113,0.2760063979781821,0.24416801888204478,0.41093501598658555,1.5219753568508918,-0.13094794135889734,-1.308217015547341,0.6616351096617183,1.6199578853771268,-2.273264146956657,-1.5450825712311902,0.13094794135889734,-1.5219753568508925,-0.5646101035717058,-0.03432821836595151,0.7549408866742913,0.795860270964994,0.8712416355662611,0.4790951633358572,1.4110304042558486,0.6772228733838963,0.6358690696027934,-1.1089772052064004,1.1863538130354276,1.3918907194869166,2.167718475462618,0.8207498999385615,-0.28679906978068154,2.4269753421193996,2.5744945665620116,0.5334696962929761,1
2.3693282308821653,1.6501704349208541,-1.8929150543297122,-0.8681093238500562,1,0,0,1,0,0,0.40040278464456736,-0.49083275048058395,-0.34893316685501513,-0.22022922312400942,-0.6011742540002513,-0.20728690968240973,-0.8713767720986809,0.6907081441134234,0.9630737152025821,-1.6544745075393053,-1.1663728543935468,-0.9301719789640431,0.7885565025398082,-1.0976055213154368,0.6579115914517633,-0.6198439408199885,-0.9216492104714592,-1.4067029243994373,-0.2444928926024105,-1.0261585642736313,0.11495610905872812,-0.28893721469966904,-1.9394374148446893,1.3211967414856258,0.14297022177960797,1.0261585642736313,0.2444928926024098,-1.0659553487776992,0.491016520610491,-0.2821865846279648,-0.5478717804797735,-0.8526546682148961,-0.34003467563087314,0.9216751455883455,1.1755363964676604,-0.8523972546416179,0.11228645211844858,-0.2553016945782196,0.05990112358685037,-0.9571529238609991,-0.44848368660732285,1.109020828958526,1.1099319721622063,0.6260729825722207,-0.20882997275045564,1
1.0072143259485644,0.1298722426046032,-0.8790386569529866,-0.4281154315628296,1,0,0,1,0,0,-0.15483044353726144,-0.3169725990516812,0.9431781563001896,-0.5824639062032961,0.6204985378889775,0.20636633328763831,-1.4497153340669902,0.2808481713598395,0.4096804215146093,-0.4387447661546024,-0.2032336475273046,1.4162542513758305,0.6249197436418987,-1.1143298739771874,-0.22853326230796286,1.2271543659010753,-0.7128461677927727,-0.2550242043476037,1.1015997988414552,0.8390486150612049,0.9024391816746463,-0.6144125343629739,0.6731249308288578,-0.11413018393173952,0.015232196237808165,-0.8390486150612049,-1.1015997988414559,-1.0659553487776992,-0.25947596364157,-0.1457224436671417,0.49868875958778525,0.17144214591252482,-0.8756195703398886,1.247911984700014,0.7325910426154264,-0.4183195767369984,0.5286263352973745,-0.7864379342253526,-0.8341740846200435,-0.39960325510201306,-0.4146374576327655,-1.0481553781838862,-0.4540570296619595,-0.09762646290970158,-0.5181215015185524,1
2.1637261320242622,-1.3388904177687242,3.176466932553916,-0.13478617003801185,1,0,0,1,0,0,0.17326191857018283,-0.4291967101746853,0.2267599969270068,-0.4534250334769687,0.028607827352802734,0.020334172124892372,2.012492662677277,-2.273677220837506,2.127725218339044,0.8807654628722547,1.726438546737105,-0.07272277473823859,-1.628341163354383,3.3692244092256654,-0.8574413851968464,1.629431758049951,1.5707455350202089,2.210538705391143,-0.16027754582615011,0.05977612737849499,0.5680692943820058,2.261727383557172,-1.2712498776457184,0.3676670665716169,-0.08629386538526049,-0.05977612737849499,0.16027754582614942,3.4182993444536853,-0.7097714541928067,0.40923172957353837,1.2351572877834756,1.9294750101645959,-0.43454965705011084,-1.7697787770829225,-1.9250810804979817,0.6358690696027934,0.4731143508735179,2.020996475338066,-0.14080963743918734,-0.7626588533636787,-0.5838686025055501,0.6966194952401235,0.03983423407198747,0.06938110143228039,-0.023255055489598248,1
2.3693282308821653,-0.6173929705677911,-1.8929150543297122,-1.161438585374874,1,0,0,1,0,0,0.40040278464456736,-0.49083275048058395,-0.6559695208720935,0.3265946994158083,-1.2043475123781813,-0.6298840065545129,-0.285267593852089,0.8054839303974587,-0.6882330793768603,-0.8117319752079621,-1.1818575490654202,-1.0982074639849668,0.9614333814514361,-1.1429140440312846,0.7319033776534399,-0.6879758828098632,-1.0193549207925596,-1.4522871747279524,-0.35050866602642966,-1.1501937710630232,-0.7453147128161364,-0.3723472362609128,0.249488261370103,0.08582263968248095,0.11859693503952284,1.1501937710630232,0.350508666026429,-1.0659553487776992,0.7161642658861095,0.09991301006234013,-0.2765412700918884,-0.6478353053894121,0.006520256239666901,1.0032343553662626,1.3416409041622488,-0.5423417704240322,-0.5261013687559044,-0.02767187758659086,1.145563876409508,1.1174504947770867,1.0915197317350172,0.6014499566897238,1.5215080252738291,0.9600881112561845,0.904619530814692,0
2.1637261320242622,-0.6173929705677911,3.176466932553916,-1.161438585374874,1,0,0,1,0,0,0.17326191857018283,-0.4291967101746853,-0.6559695208720935,0.3265946994158083,-1.0707561904610863,-0.5824815808736209,2.968261268560201,-0.43648647403469193,0.9973437908272506,1.1734305806618759,1.7730955458868123,-0.3979581546386321,-1.9322071767130873,3.507575243776845,-0.7721778767185038,1.6461321618824654,1.771127116389058,2.4884517361195932,0.6912331826893902,-1.2283241134096814,-0.6227116943403621,-0.17445946187278052,0.2908016970357561,0.1709903195904558,0.12437773377256382,1.2283241134096814,-0.6912331826893908,3.529709398943906,-0.6347222057676005,0.3728412919839863,1.2093162867941527,1.9977481311064238,-0.37153966943728567,-1.6882195673050053,-2.0358174189610403,0.5738579727592754,-0.47058938433204756,0.04820472807728505,0.6985262723060605,0.754394896515422,0.7869036709640054,0.1890486229713212,1.2745623934068555,0.6817421706862145,0.5334696962929761,0
-0.3034990542705592,0.23294330649045036,1.7280720791585935,1.0385308760612593,1,0,0,1,0,0,-0.785777293743885,2.305466474340798,-0.5664172509504457,0.043056369209976894,1.140158331871535,1.7397900847949839,-0.40483753151606444,-0.8764588251827692,-0.5028162331234939,0.05917886561387945,0.5164860314261562,-0.2420050415241624,-0.9055649830966771,0.9885221631197325,-1.2587681312407966,1.1526656745479738,0.32153517587963576,0.8997476130919333,-1.1820904200447964,0.8423168734713579,1.55065614039916,-0.05803903743261907,1.8456844753901698,0.23888194685328457,0.2069712862654077,-0.8423168734713579,1.1820904200447957,1.2736557955169365,-1.009968447893631,0.9550882934168308,1.4806467971820387,1.5710411252199985,0.16404522527173035,-1.3619827281933365,-1.0945585420250417,1.876091006473136,1.055990187324014,-0.3311783002420958,-0.8524205174405927,0.11904759955750843,0.2115177783965368,-2.0950203022382925,-0.9479482933959068,-0.7099875321636356,-0.6418381130257917,1
0.6731109153044746,1.4182605411776974,-0.4445202009343899,-0.13478617003801185,1,0,0,1,0,0,-0.4198281206240434,-0.15125305671978392,0.86641906779592,-0.5720482124406329,0.9160593027320304,0.32576678288007377,1.0724284179082308,-0.34666766742387634,0.8031482204455485,0.5487872781543461,0.9959338291852837,-0.09023066334679154,-1.0024629317041769,1.213546431207967,0.42967182205046267,0.5330088068811916,0.4345382202703924,0.554610661695907,-0.5252107151899512,0.39783372969061137,-0.2786765256220716,0.9062480519944797,-0.5623080752314975,-0.31049554714491023,-0.7532933898213556,-0.39783372969061137,0.52521071518995055,0.911573118423719,0.19081952690966666,-0.5369196477548344,-0.19901826712392082,-0.01630893667750248,-0.655084613695,-0.8726274695258333,-0.762349526635866,-0.29429738304996345,-0.3595654154843339,0.6552175733882943,-0.42362934615769415,-0.6329961396987983,-0.7023304039164997,-0.3185222492974822,0.12214944469431245,0.3477270420022505,-0.5799798072721716,0
0.23620645523143258,-0.2824120129387873,0.27967722576327125,0.5985369837740325,1,0,0,1,0,0,-0.3188766245909836,-0.22975178729805104,-0.5536240695330674,0.024539580298575656,-0.36381939876062674,-0.19565989960973812,-0.44633815522780895,-1.6098668901244961,1.0922867276671153,-0.20489953722626061,0.5032432691817214,-0.05815205954976523,-0.3709630006169567,-0.01668476400142311,-1.8195836634154983,1.2745594556447297,-0.239456909453555,0.517580644954291,0.6912331826893887,-0.7648691281260978,0.6039728503200155,0.3867738593447018,-0.21238321366529242,0.03936468336188428,-0.14892413586141068,0.7648691281260978,-0.6912331826893894,-0.007559831120602114,-1.685411683720486,0.06352257247278678,0.7183372679970265,0.5810808715634928,-0.43454965705011084,0.4323198869208419,0.12354118106860354,0.2638024885416898,0.8061862574166584,0.6552175733882943,0.7897584364088047,0.5469345546516133,0.5330569536548284,0.5697267771729232,1.0276167615398821,0.6817421706862145,0.34789477903211874,0
-0.9717058755587404,1.1863506474345409,0.27967722576327125,-0.13478617003801185,1,0,0,1,0,0,-0.596493238681898,0.23542587538797632,-0.5024513438635544,-0.050106225000510575,0.2439572151422627,0.21978211414072094,1.0616668126854374,-0.020440703571093198,-0.11039533762910025,1.602739699763326,1.3118637685774488,-0.410534291130909,-1.1266558528769275,1.1075412633352364,-0.09990013899175537,-0.257092900852416,1.5458439154604164,1.2712037378435532,-0.030386078764458365,-0.529783266025729,-0.3696313663108986,-0.0720222590512015,-0.10743944660715511,-0.6323655692665937,-0.46440411867168885,0.529783266025729,0.030386078764457654,1.3850658500071569,0.19081952690966666,0.9186978558272787,0.6278937645343975,1.2808803612172301,1.0146800580448727,-0.5463906304141645,-0.5962450189412776,1.3800022317249987,-0.47058938433204756,-0.2553016945782196,-0.5787240251323598,-0.5422322401333817,-0.7361766328910565,-0.3185222492974822,0.2044646553166367,-0.04195727479570725,-0.8274130302866491,1
1.4184185236643685,0.0010334127472937634,0.5693561964423357,1.478524768348486,1,0,0,1,0,0,-0.2810198135785862,-0.2541736145890675,0.022069094248954552,-0.3944027688218773,0.28487002235223224,0.10932551845034055,-0.7477084313996073,0.49373793184348264,-1.136494933340101,-0.2819611314721143,-1.0174665057503418,-1.2595444956318536,0.5200347191941338,0.36384394191362884,-0.13335346683237798,-0.11921539523480608,0.3114208306422776,0.10121362356670342,-0.43967950362031105,-1.2817996886347096,1.4032553548201838,-0.8112613820582047,1.4338266715594665,0.68971086279808,1.4215716926588198,1.2817996886347096,0.4396795036203104,0.49378541408539117,0.04072103005925432,0.5456958705343614,0.3953247556304958,0.512807750621665,0.3530751881102058,-0.46483142063624716,-0.319404172783631,0.6358690696027934,1.5278420549267964,-0.6346847228976005,0.5525548097416701,1.2600794798084554,1.5145975939169787,-0.12818317219668063,-0.4540570296619595,-0.9883334727336057,0.8427612250610729,1
-0.8432045637725518,1.4440283071491598,2.452269505856255,-0.13478617003801185,1,0,0,1,0,0,-0.5838743016777656,0.17437130716043522,-0.3617263482723934,-0.22022922312400942,0.42831684467406395,0.30430153351514155,0.5247971205125906,1.4358116881364973,-0.3993669211603977,0.6572987066645692,0.5758485444203392,1.2089026937064375,-0.02361356181664748,1.1294848461002793,1.128029437088619,0.3560816034110537,0.2701131940625051,0.2471313853014541,0.25295560183580257,1.3979208031972914,0.3988247788582774,-0.8406614748951716,0.9037756311465078,-0.6201285278653769,-0.5073556129588463,-1.3979208031972914,-0.2529556018358033,1.4686233908748227,1.5417059985633763,1.0733572155828786,1.1188727833315248,1.195538960039945,0.41608517572303205,0.02452383803125581,-0.09793149585751397,0.7598912632898273,0.3620903820258042,-0.7864379342253526,0.0051618251252043045,0.4691369264526849,0.17767154942198057,-0.826093121566285,-0.9479482933959068,-0.4316415915936655,-0.08511336124321738,1
0.9558138012340891,2.397435648093248,0.27967722576327125,0.3052077222492148,0,1,0,1,0,0,-0.43244705762817587,-0.12508681319369488,-0.7071422465416066,0.6332790157608913,-0.6569574689866768,-0.5856119297393402,-0.014754539252280244,0.9792035780668432,0.011383177405908449,0.19149905219587876,0.4808248389744543,2.2473317757876634,0.3458699812013275,-0.0990051340589005,1.445705035440435,0.7504754677538105,0.3969892216741321,0.8450979180279191,1.7970912716706076,1.282759261399553,-0.07840821741413775,0.10428792657440128,0.7385942846618015,0.13494485156268046,0.19997779246397818,-1.282759261399553,-1.7970912716706082,0.24311279148239442,2.067050737539819,1.4463592008757944,1.6873748050966186,1.8099970485163963,0.7941451013999841,1.247911984700014,0.40038202722625016,1.3800022317249987,-0.22078545442469194,-0.1035484832504671,-0.5787240251323598,-0.1402778277722523,-0.07617516788719629,-0.9529858396334858,-1.1948939252628807,-0.8213259083916238,-0.332546584257695,0
1.3156174742354179,-0.02473435322416849,-0.4445202009343899,0.5985369837740325,1,0,0,1,0,0,-0.6469689866984278,0.40405277811166124,-0.041896812837936774,-0.3822511260987702,0.9437501693025123,0.6061566027095009,-0.7999212450377986,0.39959863312151866,0.2392800741161037,-0.8507315210855951,-0.3565866673247517,1.077761952523184,1.3036521435848452,-0.1750290570781684,-0.5612247103009367,-0.08696086103814132,0.2057609096406744,0.16020193189119333,1.0187373090415208,0.45956749966015986,0.9374229919391647,-1.1106842590907364,-0.41449115611651055,1.35331239617087,0.6199861374140545,-0.45956749966015986,-1.0187373090415215,-0.20252742647848845,-0.5596729573423944,-0.13662483426975403,-0.1602567656399366,-0.06751377738387422,-0.024984737566746233,0.9216751455883455,0.4557501964577793,-0.17027518936292965,1.055990187324014,-0.9381911455531051,0.534308376921121,0.22277777048941236,0.7699805564767266,0.37938770007212164,-0.9479482933959068,-0.8769950965056176,0.8427612250610729,0
0.2876069799459088,-0.30817977891024867,-0.15484123025532542,1.0385308760612593,1,0,0,1,0,0,-0.7226826087232228,0.8983040447155654,0.9303849748828115,-0.5784133586289271,1.7952876016793664,1.1378687171866761,-0.41637334288565053,0.09103493148666483,1.0720126059629058,-0.17221418371126954,0.6349299212077898,-0.2454614265294891,-1.0044069058242695,-0.3240865777402881,-0.7100739866122319,0.8086783390563194,-0.5697525775193993,-0.030798826594312902,-0.7703150826731027,0.42920901042807535,0.25515377905104913,-0.8362848323597314,-0.6528334028762882,-0.33230665103991863,-0.8555090535398038,-0.42920901042807535,0.7703150826731019,-0.28608496734615396,-0.6347222057676005,0.11810822885711679,0.5245297605771081,0.2567835470898098,-0.24551969421163483,-0.46483142063624716,-0.1532996650890431,0.2638024885416898,0.22331042096616224,-0.7864379342253526,-0.013084607695344815,-0.3477381696360611,-0.44848368660732285,-0.033013633646279864,0.5337254978059351,0.848749735028197,-0.332546584257695,1
0.5960101282327613,0.9802085196628456,0.27967722576327125,0.5985369837740325,1,0,0,1,0,0,-0.7100636717190902,0.8605083596223256,-0.4768649810287978,-0.09003305109071949,0.7118913981583822,0.7313705573382722,0.7293993307437656,0.9048882555657336,-0.12120692783560785,1.1145309514152826,0.670221152460011,1.2086525312073597,-0.5679323417052984,0.9331962767748438,-0.30434834408448286,0.3670506341828404,0.949608591855078,1.0247734643771982,1.0713719007766844,0.5858842905209262,-0.08180880071051284,-1.5468770187643897,0.5345444199329338,-0.5640437874414092,0.12917150906815714,-0.5858842905209262,-1.071371900776685,0.9951306592913848,-0.18442671521636386,0.35464607318920965,0.49868875958778525,0.8883099158017184,0.16404522527173035,-0.30171300108041293,-0.762349526635866,0.5738579727592754,0.1400424443303771,-1.317574173872486,0.9539763317937442,1.1174504947770867,0.7869036709640054,0.7600658542737248,0.12214944469431245,0.45906541823023866,1.4613442825972665,1
-1.5628119097752085,1.547099371035007,-0.15484123025532542,-0.13478617003801185,1,0,0,0,1,0,0.5896868397065544,-0.5309543238872538,-0.4001058925245282,-0.1797237473803192,-0.7642827313612581,-0.2694466943016926,1.172496726214913,0.13410354087495097,-1.5791763631678877,1.0571812520145203,0.2523087845947009,0.6133982464958536,-0.24084276227634852,0.1958492727355515,-0.2923086648150241,-0.558158620428415,0.561377147658126,0.05493386760552908,0.5516412599819246,0.28949096339405445,-1.4346949538410183,-0.47688972194792306,1.5978914062534215,-0.8715316978041205,-0.27438154733224085,-0.28949096339405445,-0.5516412599819253,0.26168113389743136,-0.18442671521636386,0.31421225364526223,-0.035358594191545405,0.19419985289313407,0.3845801819166189,0.14233158548824765,-0.11023553346452043,0.2775827322846925,-1.2755131584779709,-0.17942508891434333,0.9995924138451164,1.7787303344679768,1.2269046476332444,-0.4136917878478824,0.36909507656128593,0.5704037944582268,0.9664778365683122,1
0.9558138012340891,0.05256894469021735,0.27967722576327125,0.5985369837740325,1,0,0,1,0,0,-0.3945902466157784,-0.1727675236190127,-0.7839013350458762,1.964173218767855,-1.172230061797102,-1.6508249294741015,-0.36328172599294495,0.05404026233829729,1.18425912929158,-0.8310933083119599,-0.777435294251867,0.4289033434109475,0.9406177653846117,-0.9073699215251492,-0.7410048277340613,1.5653907507572122,-0.49059031127558667,0.16213554239376116,1.5219753568508918,-0.924503623057108,-0.40148125112334254,-0.8164943255802479,-0.04585516385476184,0.6362924870748019,1.1689977581958848,0.924503623057108,-1.5219753568508925,-0.6481676444393714,-0.3345252120667762,1.5282376854522888,2.2687973273563737,1.8953384496936814,0.038025250046078915,1.4110304042558486,0.6772228733838963,1.069946747507413,-0.1375174777889068,-0.482931511569848,1.2459192569225261,1.026686595211671,1.2607508766078017,1.7117612397777302,-0.12479618717266176,-0.5429799678216537,1.5850608941045057,0
1.4184185236643685,-0.30817977891024867,-0.15484123025532542,1.7718540298733036,1,0,0,1,0,0,0.8673034537974689,-0.5774720901558565,-0.8094876978806327,2.296896769519596,-2.3277644026106024,-2.219206844949703,-0.8557472741440578,1.1204350640426621,-1.4735359570801256,-0.4132679284005522,-0.997534196270478,0.7693790773454807,1.5574151736597421,-0.35481358240734917,0.4897116840206312,-0.8274841449796067,-0.2834823774986476,-0.5509697052359481,0.010024599876957354,1.0393990221288592,0.8354118649951723,-1.0472498732783424,1.1828312536375218,0.27720203654072717,0.758928630740105,-1.0393990221288592,-0.010024599876958064,-0.3974950218363748,0.340918023760079,-0.2821865846279648,-0.6512357844370638,-0.71610842633123994,0.19555021907814235,0.2692014673650073,0.2896456887631914,-0.5423417704240322,1.1115021717478706,-0.7864379342253526,0.9813459810245673,1.519404907138216,1.5653669373788135,0.062155904904119784,-1.1948939252628807,-0.9326642846196119,1.708777505611744,0
-0.27779879191332196,-0.978141694168258,0.5693561964423357,0.3052077222492148,1,0,0,1,0,0,-0.5333985536612357,0.022025622630761268,-0.6175899766199587,0.23690400312620857,-0.16508329654252002,-0.1661451817329563,-0.33288657983212105,0.28466791748887127,-0.08136929885806485,-0.9289310612246824,-0.9538973997061292,0.63523005082111506,1.160070714226488,0.5388366421453847,0.3813182486363999,-0.39832480901188727,0.06351097162576738,-0.18369315886774185,0.741322049072657,0.13114384342216406,1.0012861165275757,-0.008719399850519796,-0.28904346133218434,1.3179023263696266,1.0607727210014561,-0.13114384342216406,-0.7413220490726576,0.744458036688388,0.641115017460903,0.7822337148664557,0.4340862571144791,0.4445346296798359,0.6996301199807459,1.166352774922097,0.8433273810784847,0.3258135853852078,1.333550109443298,0.35171115073279,1.1090710107684099,0.7673611678819103,1.3115202200696365,1.1724671879921262,-0.28942660841731066,-0.26463402725168356,1.5850608941045057,1
0.46750881644657266,1.4182605411776974,1.4383931084795292,0.5985369837740325,1,0,0,1,0,0,-0.7479204827314877,1.8228446493040447,-0.2977604411855021,-0.2503190051050364,1.198797417530173,1.5953468442767942,0.34215508632816694,-0.12446715069524582,0.191998635943518,0.8007089380166554,0.9641232156286612,1.1576967043497395,-0.6213835317723215,1.2168895759815503,-0.2142325491750088,0.08558602232081766,1.9145194406713526,1.7465431569784042,0.9953441571592244,0.5917900106131198,0.7401267496306406,-0.043778394363605234,-0.17646286877927236,0.8166985869919263,0.45175205656514894,-0.5917900106131198,-0.9953441571592251,1.357213336384602,-0.03432821836595151,0.5638910893291381,0.5245297605771081,1.3320852019236007,0.5736101447550955,-1.1173050988595852,-1.5375038958772762,0.8839134569768611,0.6951622885689447,-0.02767187758659086,0.05077790717657645,-0.0495139282068366,0.27921023634565156,0.030432725387320277,-0.9479482933959068,-0.8213259083916238,0.34789477903211874,1
-0.020796168340944693,1.830544796721088,0.5693561964423357,1.0385308760612593,1,0,0,0,1,0,-0.028641073495936725,-0.3867492484545853,1.0199372448044592,-0.5905650013520342,0.5360900670233689,0.1589639076067463,0.7281280087957304,-0.3891596356762899,-1.4318113534218642,1.4943145670059765,0.5332867473814012,-0.005826362815818565,-0.9650919093110589,0.8848097435227948,-0.9450416129009409,-0.36759353654795424,1.3390124094302507,0.36779155680054854,-0.31054414497595056,0.30004743805884815,-0.12838825049867897,-0.4125881289070754,1.5879380324467913,-0.6909807907763684,-0.3342220194310747,-0.3000474380588474,0.3105441449759499,0.8558680911786088,-0.8598699510432187,0.09991301006234013,-0.10857476366129187,0.4274663494443799,-0.2140147004052217,-1.0357458890816678,-1.0391903727935126,0.2638024885416898,-0.08200549336504998,-0.3311783002420958,0.20587258615124074,1.0137203238451828,0.6345956405784983,-1.0798785577006862,0.12214944469431245,0.29205785388825667,0.2860364732784985,1
0.2876069799459088,0.9802085196628456,-0.15484123025532542,-1.161438585374874,1,0,0,1,0,0,-0.7226826087232228,0.8983040447155654,-0.5152445252809326,-0.040847830544809956,0.7118913981583822,0.7224267034362171,-0.36624464448247623,-0.03427740146580118,0.9895453163214346,-0.46633470316647896,-0.13151583999905922,-0.23100278083651862,0.2723932556465515,-0.2114586286160248,-0.9069516326227296,1.1027133252533325,-0.2784667968411138,0.5756400539195436,-0.007768161614413057,-0.30735587342307225,0.2979851233639347,-0.8615174265428346,-0.2446210507638104,0.35386518959048086,0.7329775065209883,0.30735587342307225,0.007768161614412348,-0.06326485836571254,-0.7097714541928067,0.6366719645082435,1.1576342848155081,0.9736513169790033,0.19555021907814235,-0.13859458152457876,-0.1532996650890431,0.7598912632898273,0.19555442875423396,-0.8623145398892288,-0.25028823436248077,-0.3347718982695729,-0.1777138548108673,0.47455723862252236,-0.7833178721512579,-0.9883334727336057,-0.3944048900113141,0
-0.3034990542705592,0.5936920300909173,1.7280720791585935,0.3052077222492148,1,0,0,1,0,0,-0.36935237260751347,-0.18614138142123599,-0.7327286093763631,0.8589523806185938,-0.8725455858889013,-0.8069723138152037,0.33769413512513186,0.05141562107454793,-0.6426219406375947,0.29994617807252755,-0.17213830901502772,-1.4019856806863988,-0.21786595322296903,1.5300864645065724,-0.42493093429866235,-0.2607994211273172,1.355663301532591,0.837944169423274,-1.2890243254862828,-0.6337026228571595,1.0592724515978833,-0.4962560352189828,0.6164074539813778,0.9390445880300848,1.0418776212022551,0.6337026228571595,1.2890243254862819,1.1622457410267157,-0.5596729573423944,-0.5915053041391644,-0.625394783447741,-0.10165033785478751,-0.37153966943728567,-1.6882195673050053,-1.482135726645747,0.07776919801113909,1.1670141561717275,-0.3311783002420958,0.5069387276902979,0.7673611678819103,1.142289075196852,0.062155904904119784,-0.6186874509066087,-0.9326642846196119,0.8427612250610729,1
-1.5628119097752085,0.05256894469021735,-0.15484123025532542,0.5985369837740325,1,0,0,1,0,0,0.5896868397065544,-0.5309543238872538,-0.7839013350458762,1.964173218767855,-1.943757061602799,-1.9262956296573985,0.7088904832329352,0.37536829706943325,-0.4749765190492473,0.10014046197437201,-0.7457272986493231,-0.25944315968902987,0.7393044453841127,0.4069825362242643,-0.3685012939540072,-0.6145315086960232,0.8056731148292919,0.30856677267938326,0.8763442106275502,-1.2229970446133172,-0.5790773183767617,-0.884361274687819,0.031763912301166354,0.663608365630251,1.2707374068304296,1.2229970446133172,-0.8763442106275509,0.4659329004628361,-0.25947596364157,0.3091580262022686,-0.06981326217730856,0.2567835470898098,0.5106001571422693,0.35076067714292497,-0.04256332662598434,0.38782468222872474,-0.3318094232724056,-0.5588081172337243,1.2367960405122524,1.0655854093111348,1.3115202200696365,1.7117612397777302,-0.12479618717266176,-0.6543183440496418,1.5850608941045057,0
-0.3034990542705592,-0.2824120129387873,1.7280720791585935,0.5985369837740325,1,0,0,1,0,0,-0.785777293743885,2.305466474340798,-0.5536240695330674,0.024539580298575656,1.168174353873405,1.7541002510382722,0.3115688295957555,-1.2088851964819967,0.8934139263949674,0.23471056720492253,0.9320158061647622,-1.269207022158736,-1.8114508860678176,1.1122419011690623,-1.066559365839664,1.127881250295537,0.6329505423983446,1.2109439712508605,-0.5252107151899527,-1.2101494081044426,0.6780949605224039,0.590777111433345,-0.0879148828317265,0.3105440890280258,-0.029415097580614485,1.2101494081044426,0.525210715189952,1.3015083091394917,-0.8598699510432187,0.6912576208925736,1.2222367872888142,1.4686314438072563,0.06953024385249205,-1.1988643086375024,-1.149926711256571,1.4420133285685155,0.8339422496285867,0.8069707847160468,0.6437869738444144,0.4950694691856613,0.600749411603942,0.2524949820049213,1.439192814651505,0.848749735028197,0.038603250264021984,0
-0.3034990542705592,0.05256894469021735,1.7280720791585935,0.5985369837740325,1,0,0,1,0,0,-0.36935237260751347,-0.18614138142123599,-0.7839013350458762,1.964173218767855,-1.2088104254553331,-1.661110361461465,1.5613284068019961,0.115025906369257,-0.09037668524374862,0.6256811446106317,-0.005563088500659539,-1.6866875089919091,-0.35344068026452474,1.5503054825178233,-0.44068000640041455,-0.04808774937294362,1.3793588018320762,1.0081270534654283,-0.9919856992599327,-1.3166012534636966,-0.6220181851662103,-0.5993402227667972,0.07522440581014518,0.5224937153845579,0.9914721392079197,1.3166012534636966,0.9919856992599321,1.07868820015905,-0.6347222057676005,-0.8189455390738695,-0.7158382869103699,-0.18699173903207253,-0.5920746260821743,-1.6066603575270884,-1.482135726645747,-0.10826409251941274,-0.3318094232724056,-0.17942508891434333,1.5104925328204852,1.3249108366408955,1.4976744794297,1.6800380602609295,0.2044646553166367,-0.3759724034796717,1.646919199858125,1
-0.27779879191332196,0.4648532002336079,0.5693561964423357,1.478524768348486,1,0,0,1,0,0,-0.5333985536612357,0.022025622630761268,-0.7711081536284979,1.8166175571301264,-0.8223920164621596,-1.3869812393634764,-0.3056259382473836,0.6168822116775244,-0.03671648780489244,-0.8274396993939787,-1.0378100546425917,-0.08211033351136464,1.434882422626316,0.9307709256021164,0.29062198316316523,0.04692959392361495,0.6846818079036526,0.5036505142487655,1.2994551316290601,-1.4007724800268284,1.3549956488155743,-0.5555514722435506,0.09735238485935997,1.796736412326551,1.8409205983296495,1.4007724800268284,-1.2994551316290608,0.939425632046274,0.340918023760079,0.20908432283099887,0.2015172482105774,0.47867119015075044,0.06953024385249205,0.5954383064766764,0.012804842605544792,-0.17027518936292965,1.5555980471387252,-0.3311783002420958,0.7350191379471587,0.6765972683164937,1.4299820214805863,0.9186817518577256,-0.9479482933959068,-1.4893561657595522,1.1520527538291696,0
-0.3034990542705592,0.4648532002336079,1.7280720791585935,1.478524768348486,1,0,0,1,0,0,-0.36935237260751347,-0.18614138142123599,-0.7711081536284979,1.8166175571301264,-1.1073365541193174,-1.5470762242102625,0.08574713663693388,0.1369387082933578,-0.15118620664525567,-0.39052667107427813,-0.7643575422643947,-1.4550462739908556,0.6281616235061331,1.497744884274132,-0.12932708063031173,-0.17943247604492787,1.6984620871919478,1.1045838901419425,-0.04921092906325296,-1.935702775158308,1.3772955601666483,-0.3175097050090708,0.02636427522883896,2.2117422694986195,2.072113419005994,1.935702775158308,0.049210929063252244,0.8837206048011639,-0.4846237089171882,-1.1646546961746211,-1.0646918002662225,-0.4430159425639276,-0.844114576533476,-1.1988643086375024,-1.3160312189511594,-0.5423417704240322,1.4445740782910115,-0.17942508891434333,0.41570656358755365,0.36540675552078095,1.2776739910950803,0.664896315723324,-1.1125787146405561,-1.7677021063295222,0.7809029193074537,0
-1.3315095485600683,-0.23087648099586283,-0.15484123025532542,-0.4281154315628296,1,0,0,0,1,0,0.19849979257844777,-0.4379187913500483,0.03486227566633282,-0.39729601708928375,-0.11545522476170136,-0.029751409726616142,0.747170131547773,2.0754287505564,-0.2849891125232382,1.3341689245585149,0.9589703127426448,0.18752629384736363,-0.7978922022660049,0.06940961832710012,2.186623536614451,-0.6462372900519806,0.5436367335772149,0.10487909829567597,0.46109514795545875,-0.20154505510463788,-0.9696049832509848,-0.6580796359415654,-0.2598164896045218,-1.2633152645805699,-1.1443143466361858,0.20154505510463788,-0.4610951479554595,0.0759977097470634,2.067050737539819,0.07262018187017576,-0.2765412700918884,-0.05044549714841698,0.3530751881102058,0.4323198869208419,0.2342775195316623,-0.046252995675895824,-0.8036612908751883,-0.4070549059059717,0.853620951280726,0.5728670973845897,-0.008482709938082702,0.6331731362065233,1.6038232358961542,1.6281183686241134,0.47161139053935697,0
-0.8689048261297889,0.5163887321765315,-0.8790386569529866,1.1851955068236681,1,0,0,1,0,0,0.5013542806776271,-0.5076954407529524,-0.15703544559434116,-0.3220715621367162,-0.4431995090530001,-0.1415495835023048,-0.10734845853813024,1.616908076607686,-0.35851567992774613,-0.5733823544215777,-0.3768488787328395,0.1699696244680279,0.6439047993016819,-0.6969032327378067,2.333637723576973,-0.7382001697080646,-1.4074566859859576,-1.4607515105301665,-0.48326437388376714,0.7111140177770428,-0.5470668540428087,0.1185299639745826,-0.25171703399603074,-0.6210073878436287,-0.9362175389307691,-0.7111140177770428,0.4832643738837664,-0.7038726716844818,1.9920014891146134,-0.2730889752305771,-0.5995537824584191,-1.0745423112758372,0.038025250046078915,0.5954383064766764,0.954063719541543,-0.790386157798101,-0.47058938433204756,0.19995793940503753,0.269735101023162,0.09311505682453199,-0.1607907403235886,-0.0647368131630805,0.28677986593896093,0.7374113588002092,0.16231986177126023,0
1.6497208848795075,-0.7977673323680251,-0.8790386569529866,0.5985369837740325,1,0,0,0,1,0,-0.356733435603381,-0.20940026455553734,-0.016310450003180245,-0.38745897298010185,0.3521141607070098,0.1383930436320196,0.13123201015074987,0.37879976781790636,-2.6075722912277888,1.4355502311354889,0.40189838631670577,1.0372912193390338,-0.03127970316384825,0.008971813902144556,-0.0546730280866885,-1.9454953496364684,1.4630681393386613,0.2339801478833869,1.0187373090415208,0.4043702465109161,-0.17351677391658366,-0.5746848085228424,1.6096034727688562,-0.48858242597042145,-0.2940515117053675,-0.4043702465109161,-1.0187373090415215,0.0759977097470634,0.04072103005925432,0.30006041680488094,-0.7933612898783374,-0.23819657973844427,1.3297299961089997,0.9216751455883455,0.4557501964577793,-0.046252995675895824,0.27882240539001907,-0.02767187758659086,1.9940230025650298,2.738234415588092,2.293060860331788,-0.28679906978068154,1.3568776040291806,1.795125932966095,2.265502257394317,1
-0.3034990542705592,1.572867137006469,1.7280720791585935,-1.161438585374874,1,0,0,1,0,0,-0.4703038686405733,-0.0640322449661538,0.32910544826603294,-0.4603688293187442,0.755792806589948,0.30653749699065536,0.9761761180169074,0.5352898298568126,0.5518745649830391,1.3936057377384077,1.3141578175948565,1.8535056215934576,-0.5359074688871791,1.7664287815897857,-0.06664185594388441,0.19066466546694485,2.105148048574263,1.6932836765006543,1.2514376093443502,1.286800017252106,0.40759817050507535,-0.8014624387963388,-0.5628314170751414,0.20475732551498704,-0.0553075858430528,-1.286800017252106,-1.251437609344351,0.6887530094432773,-0.7097714541928067,-2.028927588926501,-1.6461143225259778,-0.9379960693921812,-1.537224440274555,-1.2804235184154193,-1.7589765728033937,-1.4725082230767892,0.22331042096616224,-0.8623145398892288,-0.48749186102961545,-0.6848612251647502,-0.5669454880182719,-0.0647368131630805,-1.1125787146405561,-0.7099875321636356,-0.332546584257695,1
0.544609603518286,-1.5192647795689571,-0.4445202009343899,1.7718540298733036,1,0,0,0,1,0,1.1196821938801182,-0.6164307194058113,0.12441454558798068,-0.4233352514959417,-0.47184364053348204,-0.14691589584353787,0.3107527324274449,-0.2518441961507314,-1.2820093773550514,0.7021020431696829,-0.09146410841513608,0.09213393321450557,-0.23443261413503352,0.4808273488642496,1.0478295586784798,-2.1700668286934937,0.6574803912999218,-0.47006401906048983,-0.4019224822967764,0.5242815205937562,0.04832778256871154,1.39535671232789,-0.42815811597708925,-0.2965482631454653,-0.34001820359236656,-0.5242815205937562,0.40192248229677574,0.577342954953057,1.1664597564373458,0.43652455776570404,-0.8192022908676594,-0.5454256239766699,1.487254965141063,0.02452383803125581,0.2342775195316623,0.20179139169817292,0.16383329479774422,1.554897326259969,0.5095453609503761,0.1949929032755093,0.06404492357882532,0.6377050189946382,0.3808543923644751,0.7294586176410672,0.5157958946490849,1
2.3950284932394013,-0.6173929705677911,0.27967722576327125,0.3052077222492148,1,0,0,1,0,0,-0.6848257977108253,0.5988459243614352,0.9559713377175679,-0.5847785048172213,1.6152504859778507,0.9124835988548878,-0.8489446062201715,-0.6097486465207721,1.0296613667993222,-0.43117513931772566,-0.15400147998530575,-1.1663740467828374,0.42857588614037584,-0.3630376908451954,0.021925933764470974,0.7021298044369305,-0.1438613121243354,0.06480669185556305,-1.3328496965688592,-0.26889098598050765,0.8177351574023282,0.8588640721894357,-0.702008841955738,0.4398393816187953,0.2634805873498538,0.26889098598050765,1.3328496965688585,-0.4253475354589299,-0.10937746679115769,-0.38226028799923456,0.020630241285320403,-0.03337721691295973,-0.7180946013078251,-0.9541866793037505,-0.4855086804782194,-0.17027518936292965,1.0004782029001573,1.1104772073715516,0.7167727051266096,0.20981149912292413,0.38074892326932136,1.1407440084753266,-0.5363722402842841,-0.7099875321636356,0.7190446135538346,0
1.521219573093319,-0.23087648099586283,0.27967722576327125,-0.4281154315628296,0,1,0,0,1,0,-0.4955417426488382,-0.029143920264701743,0.03486227566633282,-0.39729601708928375,0.6158132714378319,0.28462505493062035,1.4319769356960323,1.3494200152922649,-0.09289792548477475,1.1903486143783515,1.0128286628309504,-0.5577986731682305,-1.0449477194957146,0.9956143220776625,1.483321351563053,-0.2500257398742896,0.6216657522989162,0.443450567303196,-0.3224700655433951,-0.440948977121442,-0.9963926876146607,-0.366162552285141,-0.12425717994661431,-0.9916510647682814,-0.8837836976191676,0.440948977121442,0.32247006554339436,0.8280155775560533,1.2415090048625523,-0.2548937564358004,-0.3411437725651945,-0.08458205761933026,0.006520256239666901,-0.46483142063624716,-0.3747723420151606,0.015758101167622184,-0.8314172830871166,-0.1035484832504671,0.853620951280726,0.6506647255835172,0.17767154942198057,0.5697267771729232,1.439192814651505,1.2941032399401495,0.47161139053935697,1
0.5189093411610479,1.6501704349208541,1.1487141378004646,-0.8681093238500562,1,0,0,1,0,0,-0.14221150653312897,-0.32627615230540175,-0.3745195296897717,-0.20576298178697722,-0.25469599729469494,-0.09191119434589903,-0.15787257252529566,0.10828761456961082,1.1171320414507104,-1.635938127849739,-1.1025059830221953,-1.2221476427093672,0.5244237787335246,-0.3846512825481179,0.16288012736552576,-0.3365145305033859,-0.5329268215105384,-0.9580322617050935,-0.591162492785821,-1.080555857232306,-0.16481337417331857,0.014541586598913758,-1.8653215746263412,1.6816057551755905,0.4979797365176144,1.080555857232306,0.5911624927858203,-0.3417899945912644,0.19081952690966666,0.1272058382545045,-0.06981326217730856,-0.27233314020935756,-0.15100471279239655,0.35076067714292497,0.7325910426154264,0.07776919801113909,-0.1375174777889068,0.04820472807728505,0.11464042204849642,-0.8793552956620708,-0.24540631275998087,1.2041903675089267,0.4514102871836102,-0.04195727479570725,-0.08511336124321738,1
-0.3034990542705592,-1.235819353882877,1.7280720791585935,-0.4281154315628296,1,0,0,1,0,0,-0.4703038686405733,-0.0640322449661538,0.6105554394483548,-0.5303854373899801,0.8955665301303254,0.36064781309808863,1.2865360134508907,-0.46568879972406824,0.2569871032399944,1.3200482128738054,1.4521860706966385,0.02347477570775008,-1.4782094500446976,1.6102278039978035,0.3058321242018507,0.046188408963189306,2.0094711568214563,1.4900265422333157,0.9153149533513734,-0.8757814322965277,-0.18003899544334406,0.9455484005886843,-0.3048950826331663,0.20925722799656543,-0.4331921057631665,0.8757814322965277,-0.915314953351374,0.5494904413305014,-0.4846237089171882,-2.1017084641056063,-1.7623988269779296,-1.091610591511294,-1.5687294340809674,-1.3619827281933365,-1.7589765728033937,-1.5965304167638241,-0.1375174777889068,0.9587239960437993,0.1785029369204177,-0.010615114107371936,0.0761328624983096,-0.1916295312302808,0.8629863402952329,0.45906541823023866,-0.45626319576493324,1
-0.6119022025574117,0.5679242641194551,-1.168717627632051,0.3052077222492148,1,0,0,1,0,0,-0.6469689866984278,0.44475582359668864,-0.029103631420558513,-0.38745897298010185,0.9539562211440196,0.6414848256226185,0.2950682545451805,0.03380598106182938,-0.26535078469767387,0.9739433257851688,1.0156407240932555,0.769732003137811,-0.6278570598043655,-0.46352515888763285,-0.12485016454323364,0.5993919049031374,0.07144487546550381,0.4064378754573133,0.3586118043630053,0.6941558255444424,-0.8734484679129675,-0.17147192401591332,0.9650744712783367,-1.2448910840265388,-0.9235752046351575,-0.6941558255444424,-0.35861180436300605,-0.3417899945912644,0.04072103005925432,0.5184030423421971,0.7700192699756713,0.76883195415352,0.1325402314653172,-0.13859458152457876,-0.319404172783631,0.6358690696027934,-0.6926373220274746,0.12408133374116129,0.9357298989731951,1.3508433793738719,0.6684418695530556,-0.2233527107470814,0.2044646553166367,0.6260729825722207,0.7190446135538346,0
0.5960101282327613,0.5936920300909173,2.8867879618748513,-1.6014324776621007,1,0,0,1,0,0,-0.6722068607066928,0.5319766353503188,0.09882818275322415,-0.4152341563472037,1.1423562543056085,0.730028979252964,3.5690371631887885,-0.47105808139032085,1.4698751402622054,2.2220610283021007,3.267904734822583,2.1721265657716007,-2.194379854114854,3.5267931286124905,-1.0750957202120763,2.6732414681940058,1.570745535020211,2.9032039091979525,1.4967163042581422,1.4780965601450846,-1.4389029162378724,-0.43046529165067476,0.6769813112634704,-1.444336709150082,-1.414022649515538,-1.4780965601450846,-1.4967163042581428,3.529709398943906,-0.9349191994684248,0.34554846379182197,1.7390568070752632,2.4585916974637634,-0.8756195703398886,-1.2804235184154193,-1.814344742034923,0.7598912632898273,-1.3865371273256843,-0.5588081172337243,-0.5604775923118106,-0.1532440991387405,-0.7023304039164997,-1.206771275767887,-0.28942660841731066,0.514734606344233,-0.6418381130257917,1
-0.6119022025574117,1.5213316050635446,0.27967722576327125,0.3052077222492148,1,0,0,0,1,0,0.9556360128263961,-0.5902644758797223,-0.5152445252809326,-0.026381589207777743,-1.104033601091125,-0.43356641340440355,0.030900079098743777,-0.8380820574844476,-0.15415126449079172,-0.1253707287377118,-0.2942392333598037,0.9190717260897427,-0.028464929631196408,0.904827644060696,0.2698072348601236,-0.5527110837351952,0.5829997028568908,0.3013741027003898,0.8285736227725414,0.43173498641965286,0.8611258085083928,1.4205808903609765,-0.34469139324331444,0.7474602919025836,0.6767585675955581,-0.43173498641965286,-0.8285736227725421,1.1622457410267157,0.5660657690356972,0.8914050276351143,0.4340862571144791,0.6664222727407777,1.0461850518512859,-0.05703537174666111,-0.4301405112466897,0.8219023601333442,0.6951622885689447,1.1863538130354276,-0.2685346671830286,-0.39960325510201306,-0.093098282374475,0.2207718024881207,-0.7010026615289333,-0.5986491559356475,0.2860364732784985,1
0.31330724230314594,0.5163887321765315,2.452269505856255,1.1851955068236681,1,0,0,1,0,0,-0.571255364673633,0.10168729736574346,-0.15703544559434116,-0.3220715621367162,0.6224963456665646,0.32710836096538204,1.5641490547741823,0.44027433723811593,0.868364389600392,1.0518929323028858,1.586950569553065,0.743554961330897,-1.4524872258544352,1.9210140375796143,0.45842898258586334,0.8717358555779333,1.133019442282988,1.431878682131544,0.6912331826893887,0.328563629361145,-0.25553274454164554,-0.14504625384389455,-0.3110727459925875,-0.29755680501266607,-0.6651626223246265,-0.328563629361145,-0.6912331826893894,2.359903826796588,0.8662627627365218,1.1643333095567605,1.5064877981713616,1.9977481311064238,0.4475901695294441,-0.38327221085833024,-0.7069813574043363,1.938102103316653,-0.27629743884854874,-0.17942508891434333,-0.13168642102891215,-0.2699405414371327,-0.36386811417093057,-0.2550758902638815,0.2044646553166367,0.4033962301162448,-0.332546584257695,1
0.31330724230314594,-0.30817977891024867,2.452269505856255,1.7718540298733036,1,0,0,1,0,0,-0.571255364673633,0.10168729736574346,-0.4896581624461761,-0.06110056841665506,0.20117437479199465,0.12542445547403971,-0.056481843660439957,-0.08936960479199155,1.0133754903388033,-0.7682650148626239,0.09858274339073125,-0.2935732757551228,-0.10034193022243687,1.7725952972658832,0.5002816235586528,0.7532194584076424,1.3458413324965346,1.6778646203492216,0.4407888507730546,-0.8375679493470506,1.8496957137051375,0.6238337353507166,-0.6284053280809981,2.372389698081356,1.5099458373283374,0.8375679493470506,-0.4407888507730553,2.0535261769484814,0.7912135143113154,0.855014590045561,1.1576342848155081,1.7417239275745686,0.4475901695294441,-0.7910682597479163,-1.0391903727935126,1.876091006473136,0.6396503041450882,-0.3311783002420958,-2.2391494118023063,-2.1241173468449226,-1.3623318689203594,-1.3336639938350878,-1.6064699783745033,-1.9903788587854983,-1.7552876165909395,0
-2.2310187310633887,0.10410447663314094,1.4383931084795292,0.3052077222492148,1,0,0,1,0,0,4.173464948880176,-0.7600543227601223,0.6233486208657331,-0.5303854373899801,-0.8212087028998561,-0.17464184293990864,-0.20129481991129547,0.772560753255772,-1.014594995757577,-0.08788957316443356,-0.20732694963169493,0.40888302165547596,0.8124678034162379,-0.5330055024139544,0.909652648919289,-0.23241560307532041,-1.1482509857957823,-1.126841203155404,0.06512235289855058,0.4930801176436292,-0.2526674706538764,-0.1490938244789239,1.1534300813187834,-1.0198528786880299,-0.8306059244787141,-0.4930801176436292,-0.06512235289855128,-0.20252742647848845,1.5667224147051118,1.6586367534815174,1.2566914552745774,0.6493539925053206,1.119696704066248,2.2266225020350205,2.412092175971816,0.9665949194348847,-0.16527347000083534,-0.02767187758659086,0.3700904815361815,0.9359226956462544,0.4145951522438788,-0.826093121566285,0.4514102871836102,0.793080546914203,0.22417816752487937,0
-1.8969153204192981,0.3102466044048362,0.27967722576327125,-0.8681093238500562,1,0,0,1,0,0,3.227044673570241,-0.737958383782536,0.27793272259651985,-0.45400368313045003,-0.8577885630265056,-0.21667795627956757,0.3293613011645963,-0.7875913702667872,3.117958614876497,0.36638781991760544,0.1929000764104653,0.015604302174949885,-0.5837425009135765,-0.7926752239904636,-0.44365993344557136,3.5767858412011213,0.07711460452216394,-0.27264598280637753,0.6912331826893887,-0.6642742475994289,-1.2500166508164103,0.6365450907271614,-0.668029052272488,-0.41850078553345604,-0.5169652827767589,0.6642742475994289,-0.6912331826893894,-1.038102835155144,-0.9349191994684248,-1.919756276157842,-0.25070026910256554,-0.20406001926752979,-4.026118950981157,-0.22015379130249568,-0.5408768497097485,-1.720552610450858,-1.192245181842186,0.5034643620605421,-0.21379536872138252,-0.5162996974004062,-0.6346379459673855,0.2207718024881207,1.1922471827845313,0.9044189231421907,-0.3944048900113141,0
-0.7404035143436003,1.0317440516057692,-1.6032360836506476,-0.8681093238500562,1,0,0,1,0,0,1.0439685718553235,-0.6071271661520907,0.5593827137788417,-0.518233794666873,-0.20510737283418426,-0.06642121072504202,0.3659525132441077,1.6490206895242367,-1.3964392118292526,1.4841364091613232,1.2373798440153276,1.0027617819185346,-0.28053288608492793,-0.14109955101140031,1.5501283989981858,-1.1192014104799217,-0.22452065279357764,-0.8740394125277184,0.47177165472146704,0.899750088678983,-0.6498508867831262,-0.7104480464822353,0.784289701401343,-2.227603376268402,-2.461983767457121,-0.899750088678983,-0.47177165472146776,-0.09111737198826762,1.5417059985633763,0.20908432283099887,-0.4186667755331612,-0.47715250303484213,0.4790951633358572,1.6557080335896,1.5077454118568363,-0.10826409251941274,-0.8036612908751883,-0.9381911455531051,-1.1352402261590995,-0.62002986833231,-1.3792549834076382,-1.9681275841710915,0.4514102871836102,1.0714264874841732,-1.198562864808365,1
0.46750881644657266,1.4440283071491598,0.27967722576327125,-0.13478617003801185,1,0,0,1,0,0,0.36254597363216995,-0.4733885881298579,-0.0035172685858019803,-0.3880376226335831,-0.24116000650527647,-0.06418524724952825,0.10474376370244683,2.097554648604497,-1.8672675745712564,0.709168036719413,-0.18321107199292588,0.7143717818197042,0.8986236931438213,0.6366503105854198,1.914933353353179,-1.399936652280772,0.44962219797602215,-0.6554008517968276,-0.22109974072011698,1.1936019387174324,0.4904847357409901,-0.9606213867239095,1.1458160021068362,-0.5122025909756881,-0.4016880018247503,-1.1936019387174324,0.22109974072011698,0.7166055230658329,1.9920014891146134,0.391036510778763,-0.43158727602782254,-0.23819657973844427,0.6366201323679207,0.5954383064766764,0.7879592118469556,0.139780294854656,0.5008703430854462,-0.8623145398892288,0.1785029369204177,0.754394896515422,0.4822876101929924,-0.9212626601166852,-0.8656330827735822,-0.4316415915936655,0.10046155601764112,0
-0.6890029896291251,1.1863506474345409,1.0038746524609323,-0.13478617003801185,1,0,0,1,0,0,0.6401625877230843,-0.5373505167491867,1.3269735988215376,-0.636278323977056,0.23850937309038542,0.07846922248825047,0.7915096659949632,2.3802971083876874,0.3777387091283893,1.563365576848942,0.6542761576895899,-0.6088117273196327,-0.7748814796355605,-0.49381558267085096,2.331795757948429,-0.035969704452293756,-0.6202441367247072,-0.869542668580671,-1.5860629517126332,0.7426913412446393,-1.5940281698007848,-0.9310906802873561,-0.5525275537696528,-2.727029503086206,-1.6995302219239028,-0.7426913412446393,1.5860629517126332,-0.3139374809687093,2.667444724941468,0.8277217618533966,0.6795757665130432,0.3762615087380082,0.19555021907814235,-0.05703537174666111,0.8986955503100138,1.0079356506638961,-1.5253170883853264,-1.0140677512169813,-0.669956189235104,-0.8274902101961188,-1.7177172731532073,0.2207718024881207,0.4514102871836102,0.9600881112561845,-0.6418381130257917,1
0.9558138012340891,-0.41125084279609675,0.27967722576327125,1.478524768348486,1,0,0,1,0,0,-0.38197130961164594,-0.1727675236190127,2.1713235723685034,-0.6924073403647409,1.2292504496329923,0.40223673374264485,-0.13377739995702775,-3.606196542799915,2.1831528776319775,0.307757541712482,1.7397656678708624,2.522756138863302,-0.6155216182800329,-0.9320921001457001,-0.8081827482955347,1.523925694820382,-0.4466957936453163,-0.11128376726818234,1.147399644394143,2.3027614887509538,-0.7453147128161361,4.139998192462121,-1.4530447633165047,-0.8586964864778716,-2.370427514043952,-2.302761488750954,-1.1473996443941437,-0.6760201580619267,-0.40957446049198204,1.5282376854522888,2.242956326367051,1.8953384496936814,-0.2770246880180474,1.3294711944779316,0.7879592118469556,1.0079356506638961,-1.0257092285706153,2.096873081001942,-2.084054732827641,-2.3056451459757548,-2.377718738157067,-1.8095116865870906,-1.0302635040182315,0.013711913318286572,-1.6934293108373202,1
1.5983203601650333,0.0010334127472937634,-1.168717627632051,0.5985369837740325,1,0,0,1,0,0,-0.0412600105000692,-0.389656608846373,-0.19541498984647596,-0.3041334228787963,-0.1376174435300133,-0.064632439944631,-1.1908260662685513,0.3664543756566386,1.6647947558306906,-1.7869937946008472,-0.8746634953111179,-0.24368869811292265,1.2356409773616313,-0.7123422836769862,-0.46080311290524956,1.655891607366454,-0.8494509775002725,-0.5470906207587323,-0.9116105415751553,0.5717619163874247,0.9441086164900442,-0.9645925737808109,-0.6118188303495592,1.5718122808064627,0.6029778727712731,-0.5717619163874247,0.9116105415751545,-0.48105256270404034,-0.10937746679115769,1.2007237471463126,2.0103873174631492,1.4686314438072563,-0.6865896075014126,0.2692014673650073,0.8433273810784847,1.13195784435093,0.8061862574166584,-0.9381911455531051,-0.1681792866700104,-0.4514683405679659,0.1607484349347019,-0.09645999267988113,-1.3595243465075295,-1.32234860141757,0.16231986177126023,1
-0.1749977424843705,-0.2824120129387873,-0.4445202009343899,0.5985369837740325,1,0,0,1,0,0,-0.19268725454965888,-0.3024357970927428,-0.5664172509504457,0.09108429044892384,-0.5355067578059616,-0.3029861464343992,-1.5193035514454167,-1.3036291038425598,1.6610436850993404,-0.2701172199765394,0.4638587591455003,0.41519014890495526,-0.3576541769162165,-1.0589881476146976,-1.4248881631796932,2.463893685820809,0.2386216506220347,1.1226440294325433,0.8847583482611033,-0.31122271395962636,1.0545000928141104,0.36185017463850194,0.20527317442504825,0.6015240817339457,0.4930042849910788,0.31122271395962636,-0.884758348261104,-0.9266927806649233,-1.2351161931692491,0.6093791363160792,1.8941028130111983,1.9294750101645959,-1.0646495331783645,0.18764225758709038,-0.2086678343205727,1.13195784435093,0.8339422496285867,0.19995793940503753,-0.3597668312857729,-0.2051091846046925,0.04228663352375219,-0.4136917878478824,-0.20711139779498602,-0.3759724034796717,-0.3944048900113141,0
-0.6890029896291251,1.4440283071491598,1.0038746524609323,-0.13478617003801185,1,0,0,1,0,0,0.6401625877230843,-0.5373505167491867,-0.0035172685858019803,-0.3880376226335831,-0.3782771920068415,-0.11337644371083126,-0.6663253550809916,2.1514785017763174,-0.8528349142943822,0.1274557583538136,-0.38446924410265365,-0.5686256557638721,0.40858141674342535,-0.28931545601138403,2.27080527743867,-0.26079942112731946,-0.2523243699532864,-0.7674901104568491,-1.5734230101710864,0.7849642097577141,0.6374610316511731,-0.6781288861926937,0.9037756311465078,-0.4223850327587649,-0.2494758659464809,-0.7849642097577141,1.5734230101710858,-0.20252742647848845,2.3172148989571726,0.35464607318920965,0.158448913228373,0.0519641842643253,-0.08799472517957138,-0.35608580759902425,0.47420625286828905,0.6565394352172991,0.5841383197212315,-0.6346847228976005,0.0051618251252043045,0.4691369264526849,0.2622871218583729,-0.7309235830158842,-0.7010026615289333,-0.4316415915936655,-0.08511336124321738,1
1.8553229837374106,0.8771374557769975,0.5693561964423357,0.5985369837740325,0,1,0,1,0,0,0.7537330207602766,-0.5547946790999126,-0.4512786181940413,-0.1102857889625646,-0.9134991041386452,-0.34144471821323613,0.24408739882841893,0.13014045052650275,0.7695222360696758,-0.31076114219714335,-0.22977523648768672,-0.23539659680290836,0.15586523613690098,0.09490141497882863,0.08244881453507322,0.9934880457397477,-0.8300096460917666,-0.680455958426061,-0.5505532963957722,0.22497917377587734,-0.24458509415942897,-0.09602644009059602,-0.05360300150818873,-0.40320510257207065,-0.3656137424993143,-0.22497917377587734,0.5505532963957714,-0.11896988561082296,-0.18442671521636386,-0.7643598826895395,-0.18609776662925942,-0.4942207832702994,-1.348194477436079,-0.13859458152457876,0.12354118106860354,-0.8523972546416179,-0.19302946221276363,-0.02767187758659086,0.20587258615124074,0.14498014229048395,-0.025405824425361403,0.12560226393772106,0.4514102871836102,0.6260729825722207,0.40975308478573785,1
0.6731109153044746,0.28447883843337485,-0.4445202009343899,-0.13478617003801185,1,0,0,1,0,0,-0.40720918361991093,-0.15125305671978392,-0.7455217907937414,0.8965646080948776,-0.8862398096111354,-0.8092082772907175,1.5760707056538557,1.1098218905398844,-0.49553606453085014,1.5613480920142093,0.7546041249604581,0.4223306844162343,-0.6540649374417445,1.8637108823420057,0.5501654969037039,0.5595606803532192,1.5889883555453752,1.3159360191608356,0.8518955842960956,-0.26889098598050765,-0.3293667278259269,-0.9721216569339404,1.239718920698794,-0.5336668893153124,0.30373307663335747,0.26889098598050765,-0.8518955842960962,1.4407708772522676,0.26586877533487285,-0.6097005229339397,-0.25070026910256554,0.3762615087380082,-0.8756195703398886,-0.5463906304141645,-0.9284540343304539,-0.29429738304996345,-0.19302946221276363,-0.7864379342253526,0.5981708917930423,1.1952481229760152,0.8715192434003977,-0.0012904541294803558,0.4514102871836102,0.3477270420022505,0.5953280020465953,0
0.9558138012340891,0.5936920300909173,0.27967722576327125,0.3052077222492148,1,0,0,1,0,0,-0.38197130961164594,-0.1727675236190127,-0.7327286093763631,0.8589523806185938,-0.8545094670432389,-0.7966868818278404,-1.4932347770098058,0.10015700027171882,0.4935733833284143,-0.9458180001539033,-1.0561575433629005,0.1360873423893182,1.257636313417938,-0.6674178743197436,-0.7159507671967903,1.686004781294776,-0.1405178352021655,0.1429457650250727,1.2766468085438225,-1.0805558572323073,1.409503230721585,-0.8546923878248758,1.019540857703832,1.1384040191024734,1.5126152501178856,1.0805558572323073,-1.2766468085438232,-0.3974950218363748,-0.3345252120667762,1.409968763286241,2.2300358258723905,2.0489529718127955,-0.5290646384693491,1.166352774922097,0.5664865349208381,0.8839134569768611,1.4723300705029398,-0.7105613285614767,0.40658334717727845,0.8970238815467907,1.3622895635314727,-0.09645999267988113,-0.8656330827735822,-1.32234860141757,0.7190446135538346,0
-0.6890029896291251,0.5936920300909173,1.0038746524609323,0.3052077222492148,1,0,0,1,0,0,0.6401625877230843,-0.5373505167491867,-0.7327286093763631,0.8589523806185938,-1.6303911276518739,-1.0770767016572675,-1.0298150733037699,1.8796233107284308,-0.858398258978572,-0.6442831423082523,-1.368784613341837,-1.7405774979211663,1.1379851701981427,-0.048858445050307175,1.6750607829071944,-0.35431068637125757,0.228735181272344,-0.16678380624433647,-1.567876913372245,-0.8189388764091825,1.3831641452945393,-0.9018028614471647,0.8174111063248289,1.0971948498601372,1.6166551099277955,0.8189388764091825,1.5678769133722443,0.03620840457198445,1.7454111014317928,0.367642658042621,0.11845688788775484,0.21045535787928354,0.24955877988913647,-0.6862064186048799,0.012804842605544792,0.7598912632898273,1.3890620938671545,-0.7864379342253526,0.269735101023162,0.6636309969500054,1.1084428462222957,0.15732544345452057,-1.277209135885205,-1.6563637301015341,0.6571863078002155,0
-0.27779879191332196,0.5936920300909173,0.5693561964423357,0.3052077222492148,1,0,0,1,0,0,-0.5460174906653681,0.08889491164187771,-0.7327286093763631,0.8589523806185938,-0.5595850262298758,-0.5954501690316008,-0.053663020016753514,0.6704206422488186,-0.21378875102146733,-0.4375875655448637,-0.9733152094122638,-1.1493722840659883,0.9448272605493714,1.5292123677435325,0.19974543433723083,0.49789236410036986,0.8714295298522738,0.7354715542756244,-0.11623388745465664,-1.4523273562967454,1.6025907153256678,-0.720072780051398,0.7925901939762271,1.4552471750143765,1.9834022661148967,1.4523273562967454,0.11623388745465593,1.245803281894381,0.04072103005925432,-0.4004555067940112,-0.09565426316663046,0.2567835470898098,-0.6865896075014126,-0.6279498401920818,-0.6516131881728072,-0.17027518936292965,1.5555980471387252,-0.6346847228976005,0.16937972051014377,0.5599008260181015,1.1592121896841308,0.1890486229713212,-1.1125787146405561,-1.6563637301015341,0.6571863078002155,1
2.1637261320242622,0.5936920300909173,3.176466932553916,2.9451710759725747,1,0,0,1,0,0,-0.14221150653312897,-0.3361611776374798,-0.6943490651242283,0.5320153264016657,-0.9607883024682327,-0.6696841564186581,0.28837910051942184,-0.11015200916170027,-0.4584243278832697,0.3583405911095357,0.17353719547661914,1.0723139692099326,0.1121913715921448,3.611862918415729,-0.7903359824320856,1.7819391475200426,2.0230503283162076,2.9087661339264037,1.5677883443965623,-0.09240503183227083,3.2079327116004572,-0.6405541479442711,2.4173584072236998,1.5219270548054118,2.614237131118262,0.09240503183227083,-1.567788344396563,3.2233317490957996,-0.7848207026180125,-0.20940570944885942,0.7183372679970265,1.5881094054554559,-0.6865896075014126,-1.4435419379712537,-1.980449249729511,0.07776919801113909,3.0821776187947867,-0.5588081172337243,0.16937972051014377,1.4156747362063122,2.073060371997167,-0.8895394805998851,-1.7711003996191523,-1.9903788587854983,0.7190446135538346,1
0.5960101282327613,0.9544407536913834,-1.6032360836506476,-0.13478617003801185,1,0,0,0,1,0,0.08492935954125552,-0.40826371535381406,0.15000090842273722,-0.42738579907031077,0.040696290506358535,0.01630943786896758,-0.3780660719715784,-0.4176817668791562,0.9569845932338983,-0.19525250145079928,0.05660237837887584,-0.6510647522151135,-0.26583762736576544,-1.4272693630189994,-0.6502496240852064,0.715918888681031,-1.4933208387697243,-1.2421813119409093,-0.8856385367838302,-0.009609152108407288,-0.9004006543015615,-0.07812446572303952,-0.5888005579543708,-1.2169778483897795,-1.2863341441843974,0.009609152108406583,0.8856385367838302,-1.3723329986258064,-0.7097714541928067,-0.4186507255887879,-0.0052107597040024186,-0.596630464683041,-0.9386295579527137,0.10608304780917345,0.6218547041523672,-0.6663639641110671,-0.859173275299045,-0.1035484832504671,-0.08607033897753999,-0.37367071236903754,-0.8038690908401701,0.062155904904119784,1.0276167615398821,1.127095675598167,-0.3944048900113141,1
-0.07219669305541997,0.1298722426046032,0.27967722576327125,0.3052077222492148,1,0,0,1,0,0,-0.05387894750420167,-0.38616777637622773,-0.2721740783507456,-0.2665211954025125,-0.20779109239419508,-0.09101680895569353,-1.1787158850320865,0.49392011642299777,0.10262207687780445,-0.9141837138142206,-1.2228185189820941,-0.6004316391420537,0.9995473232276498,-0.41771128691166304,2.220040600311869,0.19853010756359213,0.004318734157314243,-0.7058809326763911,-0.7450499738428467,-0.0799856498736912,1.221660935123012,1.5460670776666012,0.05921579497894144,1.239285602010632,0.9005686212105896,0.0799856498736912,0.7450499738428459,-0.3696425082138195,2.142099985965025,0.14540105704928116,0.22735824919990022,0.22264698661889537,-0.7811045889206503,0.2692014673650073,0.7325910426154264,0.2638024885416898,1.2225261405955843,1.5657368413548085,0.24236545179233895,0.2357440418559006,0.7361343275021692,0.062155904904119784,-0.4540570296619595,-0.5429799678216537,0.47161139053935697,0
-0.8432045637725518,1.3409572432633117,-0.8790386569529866,0.5985369837740325,1,0,0,1,0,0,0.5139732176817596,-0.5076954407529524,0.20117363409225028,-0.4337509452586049,-0.17849462424370457,-0.055241393347473154,-0.2936498106449453,0.37767316723937555,-0.5543777105014991,-0.7310490953900612,-0.2912426177269855,-0.15003175904286858,0.5819862272763291,-0.6513661281689115,2.1872681224241126,-0.8150981006296012,-1.3940424898469872,-1.386238741249464,-0.22109974072011698,0.01465860574169185,-0.24251015052263022,1.672788914682435,-0.06124208135280307,-0.39470850533657503,-0.9747626544187616,-0.01465860574169185,0.22109974072011698,-0.7317251853070371,1.6167552469885829,-0.6824813981130464,-0.9613277963089331,-1.381771355514063,-0.15100471279239655,0.5954383064766764,0.7879592118469556,-1.1624527388592034,-0.10976148557697851,1.8692432640103136,0.5799244589724931,0.45617065508619664,0.2622871218583729,-0.2550758902638815,0.8629863402952329,0.9600881112561845,0.22417816752487937,1
0.5189093411610479,-0.978141694168258,1.1487141378004646,0.3052077222492148,1,0,0,1,0,0,0.059691485532990585,-0.40477488288366886,-0.579210432367824,0.1587862999062346,-0.7825621291948207,-0.43401360609950634,-0.9317192574780767,0.32223572490139324,-0.34545500644585825,-1.0499741620117116,-1.5662311953251815,-0.2603146347666105,1.3527041767521524,-0.33083525352139276,0.09148591308528907,-0.6499106535510214,-0.0086986630797758,-0.7861692514139518,-0.09720267704722074,-0.25863368266248993,0.9650116208790693,-0.3506300657483425,-0.1808489630515737,1.409821908786438,1.2686360030297934,0.2586336826624906,0.09720267704722003,-0.3417899945912644,0.04072103005925432,-0.11842961547497735,-0.43158727602782254,-0.40887938209301433,-0.24551969421163483,0.5138790966987595,0.6218547041523672,-0.4803306735805153,1.2780381250194413,-0.02767187758659086,1.0634549287170376,0.7932937106148858,1.3792126780187515,1.1724671879921262,-0.12479618717266176,-0.26463402725168356,1.5850608941045057,0
0.6731109153044746,-0.10203765113855341,-0.4445202009343899,-1.6014324776621007,1,0,0,1,0,0,-0.5460174906653681,0.046447449921777705,0.48262362527457214,-0.49971700575547184,0.9882715941591725,0.42191321232716605,0.09245153411462842,0.16270277222504634,-1.3228426892890777,1.0115732762473795,0.44084932087164597,0.9616107971616966,-0.09475274422697405,-0.3397776522624802,0.05259197948437152,-1.2660124672824014,0.1677234765869097,-0.7398730090966655,0.22290228200584278,1.090450667329542,-0.46805793536897705,-0.1706291704482215,0.5361498359086763,-1.2002585066344018,-1.2954676969405203,-1.090450667329542,-0.22290228200584347,0.18740776423728422,0.8662627627365218,2.4743890627806615,1.2222367872888142,1.2467438007463156,2.180364828882142,1.6557080335896,1.6738499195514247,1.5660355222555504,-0.08200549336504998,0.4275877563966659,1.9210372712828345,1.9732244049652974,1.2269046476332444,0.31594134103852145,0.9453015509175579,1.8507951210800897,1.5850608941045057,1
1.5469198354505571,-0.514321906681944,-0.15484123025532542,-0.4281154315628296,0,1,0,0,1,0,-0.3188766245909836,-0.2239370665144757,0.3035190854312764,-0.46210477827918806,0.5135361331840199,0.18490108392270607,-0.055838661604488346,-1.6609600404801863,0.30257131819536826,0.4275892290932571,1.0005145437157803,0.30835586614975163,-0.7960885680684601,-1.4459961254601617,-0.561312871237542,1.506386197897373,-1.0530259413704954,-0.45944743580669783,0.2654778184316193,0.15726295599484702,-1.3671772726823774,1.7174088691815566,1.1001477253835212,-1.6218079606195797,-1.7492789048736024,-0.15726295599484702,-0.26547781843162,-1.2887754577581405,-0.25947596364157,1.0369667779933252,1.764897808064586,1.1443341193335734,-0.34003467563087314,1.166352774922097,1.1201682272361313,0.8219023601333442,-1.2755131584779709,1.6416134470186852,0.07814755640739948,0.6376984542170299,-0.11002139686175369,-1.3653871733518879,1.2745623934068555,1.5167799923961247,-0.2706882785040748,0
0.3904080293748593,0.05256894469021735,-0.8790386569529866,0.5985369837740325,1,0,0,1,0,0,-0.40720918361991093,-0.1390421430742757,-0.7711081536284979,1.964173218767855,-1.051674357086622,-1.6248877531581418,-0.5851588982717795,-0.09613890782325644,0.6072920812468198,-2.200218690355166,-2.191055054083693,-1.1333489654265838,1.8749066632622737,-1.374581449465809,-0.5984648744614929,0.9448356686975327,-2.1963202907911676,-1.984518319389931,-0.6949470730335814,-0.8565127692838675,-0.5597878957131849,-0.4675753053735749,0.11928010796694248,0.7945199004368898,0.9109829956091665,0.8565127692838675,0.6949470730335807,-1.3166279713806959,-0.6347222057676005,-0.30038180342274146,0.21443774870523882,-0.6990401460957827,-1.1906695084040155,0.4323198869208419,0.8986955503100138,-0.8523972546416179,-0.3595654154843339,-0.17942508891434333,0.9630995482040194,0.8840576101803024,1.1930584186586881,0.886958572340925,-0.20711139779498602,-0.5986491559356475,1.0901944480755505,0
0.5960101282327613,2.165525754350092,-1.6032360836506476,3.2385003374973924,1,0,0,1,0,0,0.08492935954125552,-0.40826371535381406,-0.15703544559434116,-0.33190860624589813,-0.197675523312557,-0.05747735682298693,-3.5032494570206136,0.11427229487146011,-0.8144428946395533,-2.5611507214256273,-3.208878246082932,-1.9962546359170432,2.0049940838515012,-1.4145333483715372,-0.606028610036008,0.7085191990494342,-1.443875786151571,-1.2428717835485057,-1.5250276175565338,-1.2101494081044426,3.457968593779631,-0.7639484686561825,1.825364186684358,2.028226879551792,2.958276486544888,1.2101494081044426,1.5250276175565338,-1.3723329986258064,-0.7097714541928067,-0.5733100853443877,-0.1473362651452761,-0.6990401460957827,-1.0646495331783645,-0.5463906304141645,0.17890935030013266,-0.728375060954584,3.2209575798544283,-0.7105613285614767,0.023408257945752128,0.9618552383792308,1.836136769175269,-0.4771381468814831,-1.5241547677521787,-1.9903788587854983,0.2860364732784985,0
-0.8432045637725518,-0.2824120129387873,-0.8790386569529866,0.5985369837740325,1,0,0,1,0,0,0.5139732176817596,-0.5076954407529524,-0.630383158037337,0.22417371074962023,-1.184650754010421,-0.5636994876793052,-1.4843425794214258,1.1245727021575191,-0.5208238152375648,-2.122366007330472,-1.9080323242800552,-0.5205206949185477,1.8617066089406424,-0.4630978292558428,2.0508305179530613,-0.6584777639724498,-1.4404057338064615,-1.5226099097879275,-0.1602775458261487,-0.550966827225982,1.6012925951130463,0.5109656660598695,0.05027695369200409,1.4388978833438353,0.9940032443525345,0.550966827225982,0.160277545826148,-0.5089050763265954,1.6918044954137887,-0.3549674598070702,-0.625394783447741,-1.1086788717467513,-0.11949971898598452,0.9216751455883455,1.1201682272361313,-0.8523972546416179,1.1670141561717275,0.19995793940503753,-0.6973258384659271,-0.5681647828663581,-0.008482709938082702,-0.635754044465484,-0.7010026615289333,-0.9883334727336057,-0.6418381130257917,0
-0.9717058755587404,0.5421564981479937,0.27967722576327125,-0.4281154315628296,1,0,0,1,0,0,-0.5586364276695006,0.1569271448097092,1.0455236076392158,-0.5992447461542535,1.2479209341923219,0.5837969679543632,0.6018133670281133,-1.3194474700389667,1.5874057127481442,0.2716177549942736,0.9597742638691196,0.7599512304023494,-0.3742520025230047,0.8671902237248108,-0.07782498394174657,-0.3318397079716796,1.165294546296364,1.0179619133038902,0.1590389773671773,0.87874991804355,0.029650117140827433,1.7330197003385628,-2.5035036917449798,0.7885480610322234,-0.2539118707689413,-0.87874991804355,-0.15903897736717798,1.106540713781605,0.19081952690966666,0.8459169806481733,0.5245297605771081,1.0077878774499178,1.0776900456576979,-0.22015379130249568,-0.319404172783631,1.2559800380379649,-0.10976148557697851,1.33810702436318,-0.5057382938501646,-1.6313990349183765,-1.2946394109712458,1.0772976494417266,-0.7833178721512579,-0.48731077970765985,-0.3944048900113141,1
0.05630461873076867,-0.41125084279609675,0.5693561964423357,-0.13478617003801185,1,0,0,1,0,0,-0.7479204827314877,1.971120029285216,-0.2977604411855021,-0.2370100630749668,1.198797417530173,1.6990955495406332,0.38245851606563175,0.8829908240536083,-0.22548721200910402,1.203351886251099,0.9453819539594569,0.6988591827864351,-0.30174422408155555,-0.5662359632870321,-0.3210701208476202,0.3161661894568974,0.4572473592042095,0.5290322978589607,0.7547787594442794,0.2045801889163758,-1.097594179423379,-1.5335736156855242,0.6259651021358714,-1.1722521102624879,-0.7125457700631331,-0.2045801889163758,-0.7547787594442801,-0.3696425082138195,-0.03432821836595151,0.9368930746220554,0.9767472778902511,1.1443341193335734,0.5106001571422693,0.18764225758709038,-0.1532996650890431,0.9459245538203791,-0.9979532363586869,-1.3934507795363622,0.29710475025398503,0.585833368751077,0.04228663352375219,-0.15990635171348128,-0.12479618717266176,-0.04195727479570725,0.22417816752487937,1
-0.3291993166277972,2.165525754350092,-0.8790386569529866,3.2385003374973924,1,0,0,1,0,0,-0.356733435603381,-0.194863462596599,-0.15703544559434116,-0.33190860624589813,0.2320960445584227,0.10664236227972403,-2.3631854264985166,-0.8044968930461126,-0.7980263909421049,-1.54585693585779,-2.160603244903668,-1.5020582763003971,1.146883049143712,0.4880811763926489,-1.7568959337248868,0.5935535022377727,0.15400524259503415,0.17007467078628977,-0.37315522795503414,-1.6785375276851617,3.7737518224243027,-0.6558225450885524,1.6873928381276304,2.2410619522817803,2.974934849677537,1.6785375276851617,0.3731552279550334,0.29881781872750485,-1.685411683720486,-0.4823339913705056,-0.12149526415595328,-0.05044549714841698,-0.8126095827270634,-0.6279498401920818,-0.5408768497097485,-0.35630847989348147,3.2209575798544283,-0.7105613285614767,-0.3871364805165972,0.4950694691856613,1.4299820214805863,-0.7626467625326843,-1.3595243465075295,-1.9347096706715041,-0.1469716669968365,1
-0.27779879191332196,-0.978141694168258,0.5693561964423357,0.3052077222492148,1,0,0,1,0,0,-0.6091121756860305,0.2226334896641106,-0.579210432367824,0.1587862999062346,0.12079695862464888,0.04850731191636592,0.7378411231356624,0.42234420312660975,0.2559294387528151,0.19704382908778173,-0.19779849659353013,0.6555526858405409,0.5117366572523749,1.843887202437542,0.37075949723374907,0.12844245129384113,1.4367748217885143,1.0486897364250405,1.2994551316290601,-0.39468810214486993,0.8164043240508458,-0.20826194794371125,-0.2207918398545191,1.1584878178294762,1.2809891496676775,0.39468810214486993,-1.2994551316290608,1.5243284181199328,0.19081952690966666,-0.4004555067940112,-0.2765412700918884,0.2909201075607231,-0.4660546508565234,-0.22015379130249568,-0.762349526635866,-0.4803306735805153,0.9449662184763004,-0.02767187758659086,0.561678026151944,0.35244048415429274,0.8207498999385615,1.0455744699249259,-0.7010026615289333,-0.9326642846196119,0.904619530814692,0
0.05630461873076867,0.6709953280053031,0.5693561964423357,-0.4281154315628296,1,0,0,1,0,0,-0.7479204827314877,1.971120029285216,-0.5664172509504457,0.04884286574478978,0.7717760417240237,1.4781823581598725,-0.07745157440661238,-0.46459854194228517,1.0124632205424873,-0.05056598417802694,0.657391998146945,0.22353231961144546,-0.6804051405618018,-0.44587976001733637,-0.5553368191776381,0.13291160346488917,0.22335365815842165,0.4837182304512284,0.8847583482611033,-0.572621134230685,-0.33781950297560204,0.08135184482966021,-1.2505077966642049,0.28978504646378767,-0.382385090076985,0.572621134230685,-0.884758348261104,-0.3417899945912644,-0.40957446049198204,0.427426948368315,0.4340862571144791,0.512807750621665,0.4790951633358572,0.18764225758709038,-0.2086678343205727,0.3258135853852078,0.029018475482663446,0.6552175733882943,1.7203265102567968,0.6636309969500054,0.7530574419894479,1.9021003168785307,1.3568776040291806,1.127095675598167,1.0283361423219313,1
-0.3291993166277972,0.3102466044048362,-0.8790386569529866,2.505177183685348,1,0,0,1,0,0,-0.356733435603381,-0.194863462596599,-0.5920036137852022,0.1645727964410475,-0.4017002774762786,-0.27704897011843943,-0.7816007187651953,-1.796869407069246,-0.1135093030553732,-0.7173557132599951,-0.691589634025031,-0.4698167912344854,0.46868789443944237,0.4960102029614273,-1.5355633019976285,0.4162349709733194,0.18510558673810842,0.2972287560229623,-0.20147967785109497,-0.440948977121442,1.582442376203194,0.9279660456802666,0.5734470241414701,1.1526488198736202,1.1892864248753743,0.440948977121442,0.20147967785109425,0.38237535959517033,-1.4602639384448675,-0.23669853764102378,0.007709740790658993,0.08610074473523979,-0.40304466324369825,-0.46483142063624716,-0.4301405112466897,-0.17027518936292965,1.8609139614699375,1.2622304186993043,0.8992370333320981,1.0915179520441112,1.5653669373788135,0.3476645205553221,-0.20711139779498602,-0.4316415915936655,1.4613442825972665,0
0.05630461873076867,-0.978141694168258,0.5693561964423357,0.3052077222492148,1,0,0,1,0,0,-0.7479204827314877,1.971120029285216,-0.579210432367824,0.1587862999062346,0.7425144618151502,1.3932157460903491,-0.6528893994180587,-0.5241818964518843,0.16315713100308035,-0.4935870850743159,-0.4459471661368685,0.26591240870287164,0.5069618118928284,-0.46874066611331433,-0.5858322189456403,0.09025138279795222,0.3267679482639041,0.4081508508716543,0.4977080171176754,-0.13094794135889734,0.43949845240335467,0.13258224675667551,-0.13234732797568807,0.9908218122698229,0.978233022429668,0.13094794135889734,-0.49770801711767615,-0.3417899945912644,-0.40957446049198204,0.5456958705343614,0.5116092600824467,0.6322857122698633,0.4475901695294441,0.02452383803125581,-0.2086678343205727,0.38782468222872474,0.6674062963570164,0.4275877563966659,0.890113816921823,0.6765972683164937,1.0745966172477384,1.0138512904081252,-0.5363722402842841,-0.6543183440496418,1.0901944480755505,0
-0.9717058755587404,0.3102466044048362,0.27967722576327125,2.505177183685348,1,0,0,1,0,0,-0.5586364276695006,0.1569271448097092,-0.5920036137852022,0.1645727964410475,-0.041923040024906245,-0.006497389581272905,-1.1106979453376524,-0.5759996612220906,-0.36035452487222014,-0.1881260694767084,-0.27704108154857615,-0.444622391532264,0.0991812292299098,0.26733650066774367,0.10263965729819859,0.1111270880978642,1.0714001493384364,1.080088404526946,-0.11623388745465664,-0.4911325578708816,1.8115720119151408,0.8933997670984914,0.604288713931202,1.3165282309455997,1.4146630792379402,0.4911325578708816,0.11623388745465593,0.577342954953057,0.491016520610491,1.1825285283515359,1.06719078135288,1.519836284513628,0.9831750642384596,-0.6279498401920818,-0.6516131881728072,1.3800022317249987,2.138473883589221,1.2622304186993043,0.9813459810245673,1.1822818516095268,1.734598082251598,0.47455723862252236,-0.4540570296619595,-0.7099875321636356,1.646919199858125,1
0.5703098658755232,0.1298722426046032,0.27967722576327125,0.5985369837740325,1,0,0,1,0,0,-0.07911682151246661,-0.37453833480907706,1.4037326873258074,-0.6420648205118689,0.7008276560881125,0.20815510406804932,-0.4335412417635668,-0.7400613960971397,1.3225189803958706,0.8389368526567973,1.6918150230839326,0.4004528881249078,-1.6118782431349743,-0.9451357035896714,-0.33942098850031993,0.5589600709849522,-1.4240800938363418,-1.225056486466572,-1.3500596596423822,1.8851427108031094,-0.34151880859627837,0.6757329962970969,-1.2462267854131301,-2.5454430080358486,-3.395471609419154,-1.8851427108031087,1.3500596596423813,-0.8988402670423681,-0.3345252120667762,-0.054746349693259644,0.24027874969456073,-0.3576745413866426,-0.6235796198885869,-0.46483142063624716,0.17890935030013266,-0.17027518936292965,-0.5399793648618685,0.19995793940503753,-1.0348848456460813,-1.4304218287378123,-2.12387202084789,-1.175048096251087,0.2044646553166367,1.5446145864531222,-1.0748462533011267,0
0.9044132765196139,1.3151894772918502,-0.15484123025532542,-0.4281154315628296,1,0,0,1,0,0,0.11016723354952047,-0.41873021276424965,-0.6687627022894718,0.4047124026357823,-1.0707561904610863,-0.6348031262006432,0.8599780177100211,0.8490790927759558,-0.44186116133326964,0.4764839457165873,0.02564606953995179,-0.020395826762111536,0.19449302022770854,0.7492683131805228,0.4664459371877529,-0.43515716058958187,0.41653631333176033,-0.010286022270608106,0.6912331826893902,-0.7133741297612541,-0.44716029764112786,-0.698112401197097,0.16674802998316268,-0.23066879240905544,-0.043383445178401,0.7133741297612541,-0.6912331826893908,0.8837206048011639,0.641115017460903,0.5547934799317504,0.22735824919990022,0.39332978897346543,0.4790951633358572,1.247911984700014,0.954063719541543,0.3258135853852078,-0.47058938433204756,-0.7105613285614767,-0.23204180154193166,-0.11434528503927678,-0.194636969298146,-0.1916295312302808,0.6160407084282594,0.29205785388825667,-0.3944048900113141,0
1.5469198354505571,1.572867137006469,-0.15484123025532542,-1.161438585374874,1,0,0,1,0,0,-0.7353015457273552,1.6861987108900243,0.29072590401389814,-0.4603688293187442,1.581973075347812,1.652587509249947,0.6333586974350097,-0.8029593370777378,1.0457961376337417,1.139057925489178,2.1518511959242734,2.584150564546078,-1.2728502058506155,1.1210605968610088,-1.6449430235244777,0.6689375837111627,1.3764488281110852,2.069335749090849,2.0459093416913814,1.4953651847184546,0.2394498528858788,-0.5457809211063902,-0.7574205949882447,-0.17393067540340276,-0.7772083482253611,-1.4953651847184546,-2.0459093416913823,1.0229831729139398,-1.535313186870074,-0.04564874029587195,0.3048812521678669,0.8712416355662611,0.25856020669096863,-0.709509049969999,-1.4267675574142176,0.5738579727592754,0.0012624832707351544,-0.7105613285614767,-0.7611883533378483,-0.996051737960463,-0.9900233502002335,-0.5088613263982832,-0.8656330827735822,-0.26463402725168356,-0.7036964187794109,1
2.2408269190959764,2.397435648093248,-0.15484123025532542,-1.8947617391869185,1,0,0,1,0,0,-0.23054406556205628,-0.27917691395844146,0.4954168066919504,-0.49971700575547184,0.5102122570689022,0.17148530306962345,0.5252373312637989,-0.07914729640096915,0.22742116195703052,0.19487010516029046,0.6124944609924503,-0.4356255492314894,-0.8955049718889794,-0.4775450090947487,0.6617782559904104,0.293056956778327,-0.6757238258366887,-0.42703592866744045,-1.1820904200447964,0.5782415939310317,-1.2075126411628678,0.771587077406421,-0.01639836779223654,-0.9332931188282102,-1.2131902653418343,-0.5782415939310325,1.1820904200447957,-0.3696425082138195,0.7912135143113154,0.4456221671630917,0.5374502610717695,0.22264698661889537,0.1325402314653172,-0.30171300108041293,0.2896456887631914,0.3258135853852078,-1.1644891896302574,0.5793409677244183,-0.323273965644676,-0.2829068128036209,-0.6177148314801074,-0.6992004034990842,0.4514102871836102,0.848749735028197,-0.7036964187794109,1
0.5189093411610479,0.026801178718756015,1.4383931084795292,1.478524768348486,1,0,0,1,0,0,-0.21792512855792381,-0.2902248834472346,0.022069094248954552,-0.3944027688218773,0.2140192146729874,0.08159957135396977,-0.9591162816243486,0.7078217011745187,-1.7781066257224134,-0.6439527508939742,-1.5406076085172253,-1.4151612254201498,0.823603630155575,0.051469843254710636,0.1957372922380939,-1.0083582290717723,-0.32671721973073614,-0.7001117805758673,-0.8251557858999272,-1.1117316642817359,1.385102598007106,-0.7754221759496296,1.4174285497668724,0.5459714197179458,1.319342455785364,1.1117316642817359,0.8251557858999266,0.2152602778598393,0.41596727218528484,0.6821600114951846,0.007709740790658993,-0.11871861809024475,0.9831750642384596,-0.22015379130249568,0.17890935030013266,0.5738579727592754,1.4445740782910115,-0.6346847228976005,0.39746013076700454,1.1044842234105985,1.294597105582359,-0.1916295312302808,-0.4540570296619595,-0.9326642846196119,0.7190446135538346,1
0.5960101282327613,1.547099371035007,0.27967722576327125,1.7718540298733036,1,0,0,1,0,0,-0.7100636717190902,0.8023611517865722,0.16279408984011548,-0.427964448723792,1.357548890776926,0.9478118217680055,1.3555881402161067,0.34590750643489165,-0.9516277482376841,0.8198698397997308,0.730217267310655,1.0388683444275595,-0.16276398133099024,1.5590236678724385,-1.2898770608929677,1.0624840541599663,1.4111208554249992,2.1971564043062357,1.8265808207101075,-0.39468810214486993,-0.3272202281220501,-1.7669394318694884,2.368601020418394,0.2916520248371267,1.195777376411659,0.39468810214486993,-1.826580820710108,1.357213336384602,-1.2351161931692491,-0.20940570944885942,0.3565632541465125,0.9395147565080901,-0.15100471279239655,-0.709509049969999,-1.3713993881826885,0.3258135853852078,-0.10976148557697851,-1.5452039908641146,0.9904691974348425,2.219583560928571,2.242291516869952,-0.6992004034990842,-0.7010026615289333,-0.9326642846196119,0.9664778365683122,1
1.5983203601650333,0.0010334127472937634,-1.168717627632051,-0.13478617003801185,1,0,0,1,0,0,-0.0412600105000692,-0.389656608846373,0.06044863850108935,-0.4025038639706153,0.07660068919937087,0.01139031822283728,0.5236875071258661,0.4868376449091274,0.4307321074236024,-0.4631446384659978,-0.6776236965422969,-0.9049704235013879,0.3256851667000646,-0.3022237445079258,-0.5104190935934299,1.5797929154753405,-0.45078893715046076,-0.021561267355274527,-0.5252107151899527,-0.7133741297612556,-1.0301786311444643,-1.179526589076753,0.998714304945673,0.1786839334481811,0.8598936117670912,0.7133741297612556,0.525210715189952,-0.17467491285593337,-0.3345252120667762,0.5456958705343614,1.338521291740765,1.0589927181562884,-0.7811045889206503,-0.22015379130249568,0.012804842605544792,0.38782468222872474,-1.1089772052064004,-1.317574173872486,-1.1808563082104715,-0.5681647828663581,-0.4654068010946016,-1.016432198667086,-0.7010026615289333,-1.0440026608476,-1.0748462533011267,1
0.4161082917320974,0.6709953280053031,1.0038746524609323,-0.4281154315628296,1,0,0,1,0,0,0.2742134146032426,-0.45710736993584694,-0.438485436776663,-0.13343177510181614,-0.6569574689866775,-0.24842863763186315,-0.6393409208491402,0.0454331951282335,-0.35780696219928504,-0.8987353970448425,-1.0332021820658384,-0.8193664302685533,0.4310300377990138,0.6472623915991894,0.05979447270902523,0.4333623291068182,0.21408008457266675,-0.11160418052169158,-0.40749033797582196,-0.7133741297612541,1.5357560689501453,-0.002457696015249406,0.9246214513792691,1.4264116870957537,1.2342536784711011,0.7133741297612541,0.40749033797582124,0.438080386840281,-0.10937746679115769,-0.4823339913705056,-0.19901826712392082,-0.10165033785478751,-0.9701345517591269,-0.5463906304141645,-0.4301405112466897,-0.5423417704240322,1.0837461795359422,-0.2553016945782196,-0.7611883533378483,-0.21807545597118072,0.34690269429476517,-1.238494455284687,-0.5363722402842841,-0.8769950965056176,-0.332546584257695,1
-0.8175043014153137,0.49062096620506923,1.0038746524609323,1.478524768348486,1,0,0,1,0,0,1.1701579418966481,-0.6222454401893867,-0.7839013350458762,2.0191449358485776,-2.1685694957617345,-2.038988188823293,0.564590776137261,-0.005992517452720941,-0.29148341040189674,-0.5954030532572501,-1.3998150745140532,-1.7462128187112027,1.0546209828497275,2.132003803001367,-0.5829391322953001,-0.5273750135839438,1.4061357797489802,0.44842164309862154,0.1590389773671773,-2.5393589366443203,1.345195861442203,-0.5757507075438015,-0.1314934420279953,2.19865128185757,2.257624610457108,2.5393589366443208,-0.15903897736717798,1.8028535543454847,-0.6347222057676005,-0.3549674598070702,-0.5607922809744348,-0.01630893667750248,-0.34003467563087314,-0.6279498401920818,-0.762349526635866,-0.4803306735805153,1.333550109443298,-0.482931511569848,0.22411901897178985,0.11904759955750843,1.0069041592986248,0.886958572340925,-1.0302635040182315,-1.823371294443516,0.5334696962929761,0
-0.27779879191332196,0.9802085196628456,1.0038746524609323,-1.161438585374874,1,0,0,1,0,0,1.0565875088594558,-0.6065456940737333,-0.5280377066983108,-0.01480859613815197,-1.1649562070418809,-0.4550316627693358,0.2448286617005504,0.24757257658015738,-0.35774039019354964,-0.09932036624560071,-1.047475918450689,-0.36039704450104526,1.2405043834253189,0.4357446011270537,-0.9322094987425559,-0.6539005349993493,-0.09510341557390004,-0.7369556534472013,-0.2493891336940558,-0.2441974779926877,0.09495065733907973,-1.2736681425071168,-0.16806387797855737,0.039872488269676355,0.6422762363176555,0.2441974779926877,0.2493891336940551,0.5216379277079463,-0.7848207026180125,0.4001341201761507,-0.018131260198663828,-0.05044549714841698,0.2270552128845555,0.6769975162545934,0.8986955503100138,0.015758101167622184,0.0012624832707351544,-1.2416975682086098,-0.2959043164138529,-0.3347718982695729,-0.29617565622181696,0.506280418139323,-0.7010026615289333,-0.8769950965056176,-0.332546584257695,0
0.9044132765196139,0.9802085196628456,0.5693561964423357,0.5985369837740325,1,0,0,1,0,0,-0.44506599463230834,-0.1134573716265442,-0.4768649810287978,-0.09003305109071949,-0.032884767729416335,-0.01767720695884177,0.04127785872591901,1.087958875585395,-0.38318941046336163,0.48501451389835265,-0.22419268422526342,0.469957272480052,0.5242147984936925,-0.0899326907729174,-0.19033622979036469,-0.0933583523214095,-0.2326446646495542,-0.3888350334397764,-0.03566621970192337,0.6763389906671557,-0.14725755234860965,-1.68393235678221,0.430016620386814,-0.885909784828139,-0.08816026000970549,-0.6763389906671557,0.035666219701922665,-0.03541234474315745,-0.10937746679115769,0.23637715102316323,0.14983524623193267,0.0519641842643253,0.038025250046078915,0.5954383064766764,0.6772228733838963,0.20179139169817292,0.05677446769459199,-1.4693273852002382,0.890113816921823,1.0007540524786946,0.5330569536548284,0.8552353928241243,0.12214944469431245,0.514734606344233,1.3376276710900281,1
-0.1749977424843705,0.05256894469021735,-0.4445202009343899,0.3052077222492148,1,0,0,1,0,0,-0.19268725454965888,-0.3024357970927428,-0.8350740607153893,5.31166146415711,-2.1432480217606513,-4.3375586416514516,-0.6424685058745898,0.2320723349696204,1.0930831163493904,-0.204155988089094,-0.4712098244325107,0.9145789504890492,1.019130171787752,-0.9284306064120018,-1.3252444927778753,2.609277104436696,0.18510558673810612,1.137153195447723,1.4819217163109606,-0.2223753081429896,-0.03430882572661425,-1.6461274034096662,1.1277906136834375,0.45934910005310264,1.722804616162399,0.2223753081429896,-1.4819217163109613,-0.8152827261747027,-1.1600669447440433,0.4547197765604794,1.8165798100432309,1.8270653287518537,-1.222174502210428,0.6769975162545934,0.012804842605544792,0.8839134569768611,-0.05424950115312168,-1.5452039908641146,-0.04957747333644305,0.533968283285125,0.7022880985276131,0.2524949820049213,-1.277209135885205,-1.4893561657595522,0.8427612250610729,0
2.2408269190959764,1.547099371035007,-0.15484123025532542,-0.13478617003801185,1,0,0,1,0,0,-0.23054406556205628,-0.27917691395844146,-0.7583149722111197,1.6806348885620235,-1.1907743066096774,-1.5135367720775559,-1.071369520661573,1.343941524486869,-0.4304182076767355,-1.5358252888612263,-1.841512992423558,-2.0224966032316587,1.4356119754137184,-0.4615807669200256,0.36580110132728205,0.10520739337938237,-0.6424084520671618,-0.3172380756703456,-0.9197330604481181,-1.846264093787793,1.02855933483953,-1.4781504061393353,0.6941193931733505,1.437799657679439,2.084335844515435,1.846264093787793,0.9197330604481174,-0.3974950218363748,0.41596727218528484,0.21818193222838655,0.24027874969456073,-0.03337721691295973,0.2270552128845555,-0.22015379130249568,0.2342775195316623,0.20179139169817292,0.917210226264372,-1.3934507795363622,-0.07694712256726609,0.28760912732185256,0.8715192434003977,0.2207718024881207,-0.9479482933959068,-1.6006945419875402,0.5953280020465953,0
0.5189093411610479,1.2121184134060021,1.4383931084795292,-0.13478617003801185,1,0,0,1,0,0,-0.21792512855792381,-0.2902248834472346,-0.4896581624461761,-0.08308925524894402,-0.35658245225903906,-0.15899009861131222,0.27144601491404846,0.5619638655489962,-0.4189846554599018,0.3121833266206485,-0.2682017991224748,-0.995851375221176,-0.46981988904761557,0.0355134386135164,0.21154943531156975,-1.1295353903403038,-0.1258462358641625,-0.638329406263007,-0.6501878279857761,-0.7133741297612541,-0.34196768204609407,-0.559387461285702,-0.5623080752314975,-0.5465265071354904,-0.27452895017695744,0.7133741297612541,0.6501878279857761,0.18740776423728422,0.41596727218528484,0.6366719645082435,-0.09565426316663046,-0.135786898325702,0.9831750642384596,-0.13859458152457876,0.17890935030013266,0.44983577907224165,-0.4150773999081907,-0.6346847228976005,-0.42362934615769415,-0.6329961396987983,-0.7869459763528921,0.28421816152172197,0.6160407084282594,0.29205785388825667,-0.5181215015185524,1
0.9044132765196139,0.9802085196628456,0.5693561964423357,-1.161438585374874,1,0,0,1,0,0,-0.44506599463230834,-0.1134573716265442,-0.5280377066983108,-0.01480859613815197,-0.12708478431021292,-0.07581225732219987,-0.14124523310654633,0.7974807218781452,-0.2050583226833362,-0.21200858705877043,-0.8478377708811659,-0.17492879164191022,1.1114026955911673,-0.23098003340392925,-0.22509051559791962,-0.43224792209573504,-0.37104174382035937,-0.5030409269630701,0.06934332478478145,-0.30735587342307225,-0.03438759289763329,-1.3200580553341321,-0.15404587927292504,-0.08150871825426921,0.6111090696108438,0.30735587342307225,-0.06934332478478215,-0.09111737198826762,-0.03432821836595151,0.6002815269186915,0.26611975068388355,0.10316902497069583,0.6051151385615076,1.0032343553662626,1.0648000580046022,0.5738579727592754,-0.16527347000083534,-1.317574173872486,-0.5057382938501646,-0.5033334260339178,-0.4992530300691578,0.37938770007212164,-0.7833178721512579,-0.9883334727336057,-0.6418381130257917,0
0.6474106529472365,0.9029052217484598,-0.8790386569529866,-0.13478617003801185,1,0,0,1,0,0,0.1480240445619179,-0.432104070566473,0.8920054306306766,-0.5720482124406329,0.3594891799249211,0.1097727111454433,0.15906334871584257,-1.653781380903394,0.29449600552093547,-0.22246532590696666,0.6006899937532956,-0.13603630884857018,-0.9297557386536068,-0.7273558357177324,-0.9815183704850163,-0.475969787011859,-0.7633476670595801,-0.7263421921262448,-0.4291756706205303,0.24011390447808975,-0.947946839297374,1.286603289004908,-0.8808896388173498,-0.4563861767137486,-1.49005819082606,-0.24011390447808975,0.4291756706205296,-0.7038726716844818,-0.9349191994684248,-0.10023439668020068,-0.3282232720705331,-0.596630464683041,0.19555021907814235,0.10608304780917345,0.34501385799472056,-0.23228628620644656,-0.9146852597229018,1.1104772073715516,-0.17730250308028428,-0.5940973255993336,-0.7192535184037778,-0.4771381468814831,1.0276167615398821,1.2941032399401495,-0.5799798072721716,0
0.5189093411610479,1.547099371035007,1.4383931084795292,-0.13478617003801185,1,0,0,1,0,0,-0.21792512855792381,-0.2902248834472346,-0.7583149722111197,1.6806348885620235,-1.2043475123781813,-1.5220334332845082,-0.593860852235336,1.2486923328732653,-1.5179248959370835,-1.0895832035587063,-1.980013894315311,-1.0326568435524484,1.391954045270526,0.012171089423951073,0.48405387641604863,-1.3733091571397857,-0.22284513436618983,-0.7452611517579939,-0.3305796915292576,-1.0805558572323073,0.8379391803540834,-1.2289548672977038,0.6950109220357604,1.250987193364204,1.8465125743224011,1.0805558572323073,0.3305796915292576,0.1317027369921738,0.641115017460903,0.5093054329448095,-0.3282232720705331,-0.3918111018575571,1.0776900456576979,0.10608304780917345,0.2896456887631914,0.139780294854656,0.8894542340524437,-1.0899443568808573,0.34272083230535716,0.6636309969500054,1.1761353041714093,0.4428340591057229,-0.8656330827735822,-1.32234860141757,1.0283361423219313,0
0.5960101282327613,0.49062096620506923,0.27967722576327125,1.478524768348486,1,0,0,1,0,0,-0.7100636717190902,0.8023611517865722,-0.7839013350458762,2.0191449358485776,-0.34756481593456856,-0.9433660858215438,0.24323544198412078,-0.44719399210923383,0.9234651396722592,-0.5359977286307694,-0.29594721263239515,-0.7033394492446413,0.44415533437397514,1.4016102788125673,-1.315847086378702,1.0268884712315998,1.5761804523926946,2.1617158148887197,1.7556215933338115,-2.700475243134003,1.0622476728332713,-0.7043989366662872,-0.2304839013561621,2.2870119073851356,2.4952406201179596,2.700475243134003,-1.7556215933338122,1.07868820015905,-1.3101654415944555,-0.5278220383574467,0.046471242274642305,0.683490552976235,-0.49755964466293656,-0.7910682597479163,-1.4267675574142176,-0.046252995675895824,0.77843026520473,-0.7864379342253526,-0.5239847266707137,-0.5551985114998699,0.31305646532020776,0.5380035976561225,-1.1948939252628807,-1.9903788587854983,0.038603250264021984,0
0.4932090788038099,1.547099371035007,1.4383931084795292,-0.13478617003801185,1,0,0,1,0,0,-0.7605394197356201,2.026359876729182,-0.7583149722111197,1.6806348885620235,0.17807456053538515,0.2595822640048661,0.23585670898997227,0.6565934247746665,-0.688214244376649,0.45453959459668997,0.0676765604045107,0.8273214951130243,-0.07614927373234637,0.6924135244915532,-0.3954797859185461,-0.23789451701565215,1.9751158529397286,2.093590070619655,2.465213867096761,-1.3166012534636966,0.36388693997281757,-1.2973780491491347,0.7017508802355731,1.3444374020906324,1.9560003766663128,1.3166012534636966,-2.465213867096762,0.4102278732177254,-0.5596729573423944,-0.6824813981130464,-0.6899972859210471,0.0519641842643253,0.2270552128845555,-1.1173050988595852,-1.8697129112664523,-0.29429738304996345,0.27882240539001907,-1.2416975682086098,-0.1681792866700104,0.20981149912292413,0.7530574419894479,0.09387908442092041,-1.0302635040182315,-1.545025353873546,0.5334696962929761,0
0.23620645523143258,2.2428290522644785,0.27967722576327125,-0.13478617003801185,1,0,0,1,0,0,-0.1295925695289965,-0.3344167614024072,-0.2210013526812325,-0.27520094020473185,-0.08590166118982759,-0.04450876866500705,0.18868854980410907,-1.4653559548948831,1.1721269797527503,0.041874881607355474,0.5686268050193584,1.2895698914073455,-0.0037263441986937497,-0.13512792971904183,-1.6437441970460351,1.313725843773744,-0.396482410203563,0.36755228264653533,0.4513710056427588,1.3111552580072139,-0.39739425690263463,0.36458018286781924,-0.28216907005304553,-0.44971543452146984,-0.38039942981429903,-1.3111552580072139,-0.4513710056427595,-0.14682239923337803,-1.535313186870074,-0.054746349693259644,0.6278937645343975,0.4274663494443799,-0.5605696322757617,0.2692014673650073,0.06817301183707392,0.07776919801113909,-0.3318094232724056,0.4275877563966659,0.24236545179233895,0.054216242725068246,-0.1269445113490324,0.37938770007212164,-0.4540570296619595,0.18071947766026855,0.2860364732784985,0
-1.305809286202831,-0.10203765113855341,-0.15484123025532542,-1.6014324776621007,1,0,0,1,0,0,0.45087853266109723,-0.4902512784022264,0.48262362527457214,-0.4950878085276215,0.0077818570063298165,0.00557681318650147,0.5311315407441063,2.039693449500034,-0.9319559318011099,1.4868689342268855,1.2435467829249167,1.109940297090102,-0.5593082915559143,0.19835613206457336,2.3053049431815653,-0.6205269678073564,0.5114422210951813,-0.07167721415805897,0.4783555005605047,1.0393990221288592,-0.5403562265800281,-0.49013938600669504,0.6504452202268939,-1.5015266537341783,-1.686650570493563,-1.0393990221288592,-0.4783555005605054,0.2152602778598393,2.2171492343902317,0.13630344765189217,-0.21193876761858224,7.593435579547688e-4,0.2270552128845555,0.758556726032511,0.5664865349208381,-0.046252995675895824,-0.22078545442469194,-0.02767187758659086,1.6199711297437773,1.7787303344679768,0.9053654723749538,-0.15990635171348128,1.1099319721622063,2.017802685422071,1.0283361423219313,0
1.341317736592655,0.4133176682906843,0.5693561964423357,1.0385308760612593,1,0,0,1,0,0,0.19849979257844777,-0.4385002634284058,0.20117363409225028,-0.4453239383282307,-0.0033207616124506126,0.006918391271809734,-0.40780164629680676,0.724912091523637,0.3848703298943328,-0.7624624577160233,-0.582893583246348,0.36508790681691405,0.7385025273375093,-0.0187988687038345,1.0605425476928005,0.6586658497459672,-0.5195916229037383,-0.7558713684296426,0.4073962731842086,0.09388569754642515,0.5482745080599039,0.06746364729816771,0.13576502330437734,0.5148194314439984,0.01982893314871272,-0.09388569754642515,-0.40739627318420935,0.0759977097470634,1.1664597564373458,0.40923172957353837,0.705416767502365,0.4445346296798359,-0.6865896075014126,1.247911984700014,1.1201682272361313,0.07776919801113909,0.41760236644966076,-0.02767187758659086,-0.2594114507727547,-0.1532440991387405,0.05920974801103089,-0.667477223982284,-0.12479618717266176,-0.09762646290970158,-0.3944048900113141,0
-1.2030082367738797,0.026801178718756015,-0.4445202009343899,-0.13478617003801185,1,0,0,1,0,0,0.6401625877230843,-0.5286284355738237,0.03486227566633282,-0.4025038639706153,-0.3494429260743218,-0.09548873590672108,0.5875058348937994,1.298896052586406,-0.8670888443677405,0.01761563142173148,-0.903639815476694,0.09868152279894415,1.0660140358455563,-0.282448184172342,0.8283460387159183,-0.23603556827615502,0.07160218199777182,-0.5601471339632055,0.6912331826893902,-0.550966827225982,-1.0991600625371278,-0.9529567179987021,0.9481465149648283,0.047201916405086246,0.6279013642296857,0.550966827225982,-0.6912331826893908,-0.2582324537235989,0.7912135143113154,0.06352257247278678,-0.06981326217730856,-0.03337721691295973,-0.34003467563087314,0.758556726032511,0.4557501964577793,-0.6043528672675491,-1.1367331974183288,-1.0899443568808573,-0.9436526815433369,-0.37367071236903754,-0.33002188519637315,-0.9212626601166852,-0.7010026615289333,-0.9883334727336057,-0.9511296417938885,1
1.5983203601650333,0.9544407536913834,-1.168717627632051,0.3052077222492148,1,0,0,1,0,0,0.29945128861150755,-0.4652479790328524,-0.3233468040202586,-0.23006626723319132,-0.5129993634100525,-0.1800081552811417,0.4476068260139337,0.15902680507106937,-1.7975641079662665,-0.44925122699080444,-1.0349044169601398,-1.8764748428642992,0.117718956856394,0.07690800355406091,-0.36981835141134267,-0.8400217420528038,-0.5768765854878769,-1.038399214592234,-1.637116465595288,-0.9356157016516281,-0.5455626165587842,-0.5887451867303206,1.6131895149688766,0.03488847713760196,0.331631702448865,0.9356157016516281,1.637116465595287,-0.20252742647848845,-0.6347222057676005,-1.028190555213798,-1.2455788071914804,-1.3647030752786062,-0.5920746260821743,-0.9541866793037505,-0.319404172783631,-1.1624527388592034,-0.4150773999081907,-0.4070549059059717,0.5708012425622179,1.3767759221068474,1.3115202200696365,-0.857816301083085,0.7806711296729086,0.3477270420022505,0.40975308478573785,0
-0.7918040390580765,0.9544407536913834,0.5693561964423357,-0.13478617003801185,0,1,0,0,1,0,-0.2810198135785862,-0.2390553405517716,0.09882818275322415,-0.415812806000685,0.3397582308684225,0.1374986582418141,0.1335140222106386,-0.10208983248055807,0.4583723000985745,0.34261580500625766,0.5336967278231711,0.33110456017029716,-0.5565079290700209,-0.8086525912968154,0.02636029257906226,0.1093708229650097,-1.0082872153766858,-1.23069180056872,0.13286549185952784,0.3198127523248422,-0.9936506391364892,0.16652866139498748,-0.516703160399824,-1.4626521918437576,-1.8953628930150723,-0.3198127523248422,-0.13286549185952856,-0.8988402670423681,-0.27823827574787147,-0.907647230698404,-0.719068412034035,-1.0361386807460589,-1.1119070238879838,0.3915402820318834,0.3588559003026031,-1.4104971262332722,-0.9979532363586869,-0.02767187758659086,-0.5148615102604385,-0.6848612251647502,-1.159254495073018,-0.6992004034990842,1.0276167615398821,1.3497724280541432,-0.8892713360402683,0
1.110015375377516,2.1912935203215542,-1.168717627632051,3.2385003374973924,1,0,0,1,0,0,0.3246891626197725,-0.46931828358135513,-0.20820817126385424,-0.29140313050220795,-0.39965910636035024,-0.135736078465969,-3.6626712572966653,0.6797519667210138,-0.23693034033897067,-3.335127715043395,-3.456824759131548,-1.5855632950502305,2.9212547777229187,-1.336963990495814,0.4913048037819434,1.3525051021563153,-2.2942288364652588,-1.5618781566042774,0.3041828515459622,-2.4642040741659033,3.7571548762379465,-0.44080253985721646,1.6830289050290466,2.230624336664125,2.9691714631912727,2.4642040741659033,-0.3041828515459622,-1.1216603760228097,1.0914105080121401,1.6556042170157228,2.255876826861713,0.9053781960371756,0.1325402314653172,2.7975369704804414,2.83658147341354,0.6978801664463103,3.3042255564902137,-0.482931511569848,-0.25028823436248077,0.6247321828505417,1.5653669373788135,-0.667477223982284,-0.7833178721512579,-1.6006945419875402,-0.1469716669968365,0
-0.020796168340944693,0.1298722426046032,1.7280720791585935,-0.4281154315628296,1,0,0,1,0,0,-0.11697363252486404,-0.3518609237531332,0.764073616456894,-0.5494808759548626,0.5160694330488529,0.15404478796061602,0.8104556744984777,-0.39120667940517295,-0.2974197329571364,1.2080991405047727,1.1682699147486146,1.0586495869287176,-0.8921015736532071,2.0112899764498438,-0.9815183704850156,0.20521126434455003,1.4070035521814725,1.1219263110016917,0.5641420291796073,0.8843625762614299,0.8826989020930527,-0.4463201121416191,0.6128002687398247,-0.23690336136618736,-0.42346542886415234,-0.8843625762614299,-0.564142029179608,2.1927887450612573,-0.7848207026180125,0.6366719645082435,0.6537347655237203,1.2467438007463156,0.25856020669096863,0.10608304780917345,-0.1532996650890431,1.13195784435093,0.5286263352973745,-0.6346847228976005,-0.7885580025686714,-0.38663698373552574,-0.44848368660732285,-1.2702176348014877,-0.20711139779498602,0.23638866577426285,-0.5799798072721716,1
-0.9203053508442651,0.1298722426046032,-0.15484123025532542,0.3052077222492148,1,0,0,1,0,0,1.0944443198718534,-0.6042198057603031,-0.24658771551598904,-0.2665211954025125,-0.7743991546155897,-0.2587140696192265,0.18467297606409716,-0.7080405281763432,-0.07481018657184496,-0.3654572844685625,-0.8324766798876839,-0.7430345705514051,0.5370558960273025,1.2467068934736312,0.012520001166135662,-0.1274060278881593,0.5451378059943767,-0.22979934907703886,-0.974766068754056,-0.04664941409013511,0.988902569803799,0.9843501076585269,-0.025762739837312292,1.0342585307892531,0.8579061176429568,0.04664941409013511,0.9747660687540554,1.106540713781605,-0.03432821836595151,-0.12752722487236504,-0.173177266134598,0.0519641842643253,-0.5920746260821743,-0.46483142063624716,-0.04256332662598434,0.20179139169817292,0.9449662184763004,0.9587239960437993,0.0963939892279486,0.06718251409155555,0.4822876101929924,0.15732544345452057,-0.6186874509066087,-0.7099875321636356,0.34789477903211874,0
0.5189093411610479,-0.07626988516709207,-0.15484123025532542,0.3052077222492148,1,0,0,1,0,0,0.3877838476404349,-0.4786218368350757,0.047655457083711085,-0.4036611632775779,-0.21670292287527002,-0.056135778737678665,0.040255820814533785,0.1736748884564596,-0.10425409596182919,0.1692107906707151,0.1342400429322138,0.5555456299532306,0.5499188691841206,-0.2592085429379817,-0.2234680678850197,-0.6247475978676797,-0.901156646139917,-1.042949371646952,-0.5666803935267488,1.3197246945691967,-0.314974820720473,-0.4622396395828365,-0.4852922437156549,-1.122164366030165,-1.1927556981369174,-1.3197246945691967,0.566680393526748,-0.23037994010104354,-0.18442671521636386,0.09081540066495114,-0.25070026910256554,-0.5795621844475838,0.25856020669096863,0.5954383064766764,1.009431888773073,0.015758101167622184,-0.16527347000083534,-0.2553016945782196,0.6620334066649622,0.28760912732185256,-0.194636969298146,0.5380035976561225,-0.12479618717266176,0.6260729825722207,0.6571863078002155,0
1.4441187860216065,1.2636539453489257,-0.15484123025532542,-0.4281154315628296,1,0,0,1,0,0,0.7158762097478791,-0.5396764050626168,3.1180189972544947,-0.7271263195736183,0.5993235476350092,0.14688970483897193,0.4084457096362966,0.4829590794193973,-0.5805702285725721,0.9488160095732872,0.2599727976114136,-0.1273629001629895,-0.2973081307634197,-0.3067664056258901,0.5215449145830452,-1.1042271152933663,-0.10641612968223582,-0.4160658800972336,-0.1227108960387,-0.05200463268990121,-0.8744710799033493,-0.14040424693402764,-0.3159828079363034,-1.3873096290013336,-0.7441847205757806,0.05200463268990121,0.1227108960386993,-0.3696425082138195,0.340918023760079,-0.3549674598070702,-0.8450432918569822,-0.8355863879794388,0.3845801819166189,-0.13859458152457876,-0.09793149585751397,-0.5423417704240322,-0.7759052986632599,-0.02767187758659086,0.34272083230535716,0.11904759955750843,-0.44848368660732285,0.8235122133073248,0.6983559190505837,0.7374113588002092,0.2860364732784985,1
0.5703098658755232,1.4440283071491598,0.27967722576327125,0.5985369837740325,1,0,0,1,0,0,-0.07911682151246661,-0.37453833480907706,-0.3617263482723934,-0.20749893074742107,-0.2948745298524538,-0.1276866099541194,-1.4338033269091917,-0.021860617303887553,0.2662828236649972,-2.068141420734315,-1.6640988119581304,-0.2728398078315514,1.2840517298198562,-0.9359298390651356,-0.14351745003267577,0.46092831918831784,-1.5423793654454812,-1.4985166113075201,-1.2737915754233924,0.8912100192872406,1.0585683612411552,-0.11376824758723796,0.09917096854916646,1.2645286575721095,0.7004001480409766,-0.8912100192872399,1.2737915754233915,-0.8709877534198129,-0.10937746679115769,0.09081540066495114,0.31780175266252825,-0.34060626115118536,-0.6235796198885869,-0.22015379130249568,0.4557501964577793,-0.10826409251941274,0.8894542340524437,-0.17942508891434333,-0.22291858513165644,-0.1402778277722523,0.36382580878204385,-0.5088613263982832,-1.277209135885205,-1.0996718489615938,0.22417816752487937,1
0.31330724230314594,1.0317440516057692,-0.8790386569529866,-0.8681093238500562,1,0,0,1,0,0,0.3499270366280375,-0.4733885881298579,-0.23379453409861076,-0.2723076919373254,-0.44015074795322046,-0.15362378627007917,-0.1893433997413923,0.3789312784955226,-1.471221181887184,-0.05232433500352095,-0.2013896323163999,-0.32595789676450604,-0.061166454892420875,-1.1868735608054244,0.28030577801575585,-0.5775252982662057,-0.9203855650718497,-0.5484641345352095,0.7902460580981725,-1.2283241134096814,-0.9226234709823833,-0.23929089669600348,1.4308514134110295,-0.8419517703529857,-0.27365209222889014,1.2283241134096814,-0.7902460580981732,-1.0938078624002545,0.340918023760079,0.23637715102316323,-0.10857476366129187,-0.4600842227993849,0.8256500952063961,1.247911984700014,0.8986955503100138,-0.23228628620644656,-0.9146852597229018,-0.3311783002420958,-0.350643614875499,0.4043055696202447,0.025363519036474696,-1.0798785577006862,1.2745623934068555,0.6817421706862145,-0.7036964187794109,0
-0.8432045637725518,1.5986349029779314,-0.8790386569529866,-1.161438585374874,1,0,0,1,0,0,0.36254597363216995,-0.475714476443288,0.07324181991846762,-0.41118360877283466,-0.18470166687508774,-0.048086310225829085,-0.22749676711513356,1.7067163698993262,-1.9973935760374402,-0.5895979679665121,-1.1660353142850617,0.5728645398010065,1.5467986722796343,-0.6117376699273721,1.7092127348850974,-0.8724026208794481,-1.1551119102006797,-1.2857424550928351,0.1765838412788985,0.6061852033378367,-0.2949012793473982,-0.6302699830528183,1.853823431728251,-0.34888038003226485,0.2606257583401064,-0.6061852033378367,-0.17658384127889992,-0.5924626171942612,1.5417059985633763,-0.07294156848803632,-0.5091102789957901,-0.9038595089212672,0.29006520049738066,1.166352774922097,1.1755363964676604,-0.6043528672675491,-0.19302946221276363,-0.482931511569848,0.4339529964081015,1.3767759221068474,1.1253659607095745,-0.8895394805998851,-0.5363722402842841,-0.32030321536567735,0.2860364732784985,0
1.572620097807795,0.026801178718756015,-0.15484123025532542,1.478524768348486,0,1,0,1,0,0,-0.33149556159511606,-0.2239370665144757,0.21396681550962854,-0.44648123763519326,0.47710042992796414,0.1728268811549317,-2.0653741473781206,0.13358911432023804,-0.1965989017211452,-1.2541823419821057,-1.591270248058169,-1.091686027301751,1.5556837490992077,-1.5457901168863304,-0.39538350454265286,1.1671244918699035,-1.200939949322937,-0.8055619018995074,-0.24010667662448162,-1.2507946581507028,1.327417757407144,-0.5794417670546438,1.4416048420273455,0.5034879347404136,1.2822548491684471,1.2507946581507028,0.2401066766244809,-1.4001855122483615,-0.10937746679115769,0.9459906840194431,1.4806467971820387,0.8200367948598906,-0.30852968182446,1.166352774922097,1.4523772426253072,0.8219023601333442,1.4445740782910115,-0.4070549059059717,0.534308376921121,1.2471132084419672,1.4130589069933075,-0.12818317219668063,-0.28942660841731066,-0.8213259083916238,0.7809029193074537,1
-0.6119022025574117,-0.17934094905293926,0.27967722576327125,-0.4281154315628296,1,0,0,1,0,0,0.6654004617313493,-0.5309543238872538,-0.1826218084290977,-0.2983469263439834,-0.5437353294180902,-0.17777219180562792,1.296884540787976,1.019926304543173,-2.1224847896510015,0.45828085038002153,-0.22952999513144215,-0.05455870773962909,-0.6410716063288127,0.8749814323564515,0.17389447134124517,-0.4367790930496956,0.5826147252881685,0.49023871398809454,0.9848575718326791,-1.0511813190346222,-0.9290783860169451,-1.2256771973133367,2.462586945414484,-0.041397074592638264,0.7770229221099146,1.0511813190346222,-0.9848575718326797,1.07868820015905,0.41596727218528484,0.74584327727690225,0.3824042551358344,0.615217432034406,1.0146800580448727,-0.22015379130249568,-0.6516131881728072,0.7598912632898273,-0.8314172830871166,-1.0899443568808573,0.32447439948480933,1.5972025353371444,1.480751364942421,-1.2702176348014877,0.7806711296729086,0.29205785388825667,0.7809029193074537,0
1.521219573093319,0.6194597960623787,0.27967722576327125,-1.6014324776621007,0,1,0,1,0,0,-0.36935237260751347,-0.17741930024587296,-0.08027635709007157,-0.37762192887091994,0.3178096062557499,0.15538636604592426,1.6996072732287593,0.9071290979177971,-0.6862219319290883,1.7788061336057992,1.3129857222215504,0.9678875158017661,-0.7122592742046089,1.0021970350927807,0.9470486224077603,-0.30316402889748567,1.1529600880701858,0.8349880749585438,0.10398440440281079,1.2169526660865582,-1.3619618175157195,-0.29633063537272153,0.6334377575033827,-1.2597968404231534,-0.8917424056753908,-1.2169526660865582,-0.1039844044028115,0.605195468575612,0.491016520610491,-0.8644335860608106,-0.8708842928463041,-0.42594766232847037,-0.40304466324369825,-0.5463906304141645,-0.6516131881728072,-0.4183195767369984,-1.3310251429018278,-0.482931511569848,-0.6973258384659271,-0.2958730841701091,-0.7530997473783346,-0.9212626601166852,-0.5363722402842841,0.013711913318286572,-0.8274130302866491,1
-0.09789695541265715,-0.05050211919562982,-0.4445202009343899,1.0385308760612593,1,0,0,1,0,0,-0.10435469552073157,-0.3629088932419264,1.390939505908429,-0.6455367184327565,0.7194146475585409,0.21978211414072094,-2.1066429997552194,-1.228461574668762,-1.2772320014491025,-1.1790134601359408,-1.6293610473056561,0.247650215231372,1.6902480017517973,-0.6208937158706191,-1.0660389820197862,-1.0331184572372136,-1.093719207965518,-1.3175623773540228,0.2920875286977298,0.048076501797566555,2.3089486874057776,0.6181676139465825,0.7078345175470498,0.5082578765943104,0.8319059422489892,-0.048076501797566555,-0.29208752869773047,-0.5367575899491508,-0.9349191994684248,0.30006041680488094,-0.3023822710812103,-0.6990401460957827,0.6366201323679207,1.4925896140337656,1.4523772426253072,-0.4183195767369984,2.366689819553965,0.7479556469774766,0.4298982335590913,0.7486321092414274,0.931690317132943,0.05863110718003145,-0.11565005265907018,-0.1099973936017002,0.8496343701448084,1
-1.1516077120594044,-1.5708003115118816,-0.15484123025532542,-0.13478617003801185,1,0,0,1,0,0,3.78227790175207,-0.7507507695064017,0.43145089960505906,-0.48235751615103317,-0.8588402534366236,-0.2046037535117932,-0.6996242531769008,0.11344010405277292,-0.6241863250111213,-1.6780461525848416,-1.5684556601778845,-1.1909424849129884,0.9199563948305586,-0.6645207655518495,0.08980782247518325,-1.3418174057933503,-1.376610156077081,-1.6658678422032378,-0.16027754582615011,-1.4653421880752575,0.3088632356550669,-0.06573259784258656,-0.4951134717891438,0.9019090275393793,0.41267346181545367,1.4653421880752575,0.16027754582614942,-0.7595776989295921,-0.18442671521636386,-0.7825551014843162,-1.2843403086754637,-1.6548638392813753,-0.08799472517957138,0.18764225758709038,0.2896456887631914,-1.4104971262332722,0.44535835866158957,0.12408133374116129,0.589047675382767,0.22277777048941236,0.5838262971166633,0.6331731362065233,0.8629863402952329,0.18071947766026855,0.40975308478573785,0
1.4441187860216065,1.4182605411776974,-0.15484123025532542,-1.161438585374874,1,0,0,0,1,0,-0.016022136491804253,-0.3925639692381606,2.8109826432374163,-0.7196038740783615,0.9663041031418592,0.25421595166363303,1.403268455708542,-1.414822610045424,1.8368158416492348,0.31788896055005955,0.6154320769742712,-1.005490264039941,-1.9458370407899805,0.8032047751437231,-0.8554014485283393,0.839488621218014,-0.13513200406068493,-0.1429877635214692,-0.663442976312604,-0.7133741297612556,-1.1487261995540214,1.0849660406120833,-1.6673836848793413,-0.5634420592681485,-0.939691562215096,0.7133741297612556,0.6634429763126033,0.8837206048011639,-0.7097714541928067,0.4001341201761507,0.795860270964994,0.700558833211691,-0.5605696322757617,-0.46483142063624716,-0.2086678343205727,0.38782468222872474,-1.1182292026103766,0.8322629866040054,-0.38105433624308,-1.1386807229918314,-1.2495111056718362,0.6225987430342572,1.9879608854670021,1.6837875567381073,-0.6624575482769981,1
1.4698190483788447,-1.0039094601397194,-0.4445202009343899,0.3052077222492148,1,0,0,1,0,0,0.4256406586528323,-0.48443655761865106,-0.054689994255315046,-0.3863016736731393,-0.31544736535348783,-0.07402348654178885,-0.22536218538144304,-0.3085714798031085,-0.3945063534670819,-0.19653513762006736,-0.4480730085333041,1.054983123912993,1.2104648226814938,-1.101714551022145,-0.5988756584097256,-0.6333430832036898,-1.2137664443040723,-1.7035099785882268,-0.4499667627438067,1.8851427108031094,-0.7874485935779864,-0.17641644790846553,-0.09714531801503373,-0.9380437375056209,-1.080629076876471,-1.8851427108031087,0.44996676274380526,-1.038102835155144,-0.5596729573423944,-1.6069330893092284e-4,-0.3282232720705331,-0.767313267037611,-0.2140147004052217,1.0847935651441794,1.5077454118568363,-0.35630847989348147,-0.8869292675109735,-0.463962360153879,-0.966460722569023,-0.8631474564539607,-1.1296390447202806,-0.9371242498750855,-1.0302635040182315,-0.26463402725168356,-0.8428776067250542,1
-0.38059984134227254,-0.23087648099586283,0.5693561964423357,-0.4281154315628296,1,0,0,0,1,0,0.31207022561564,-0.466992395267925,-0.016310450003180245,-0.3903522212475083,-0.22274173569700204,-0.05747735682298693,0.17239504162673125,0.9861968865586375,0.38991505421032324,-0.41285061051124844,-1.5404604540137334,-0.9188885552682643,1.3496674383317484,-0.7304784710505199,1.1963446284583201,0.3873303828048192,-1.75974135466492,-2.9757438798127716,-2.018119135314598,0.7482915930561997,-0.9696049832509844,-0.15511439045245629,-0.14379726061802384,-1.1871948643106869,-0.9025606813321052,-0.7482915930561997,2.0181191353145973,-0.6203151308168162,1.3165582532877582,0.4456221671630917,0.5891322630504142,-0.20406001926752979,-1.6632444155002057,0.5954383064766764,2.227531611866718,0.44983577907224165,-0.8314172830871166,0.04820472807728505,0.6346637574341392,0.45617065508619664,-0.07617516788719629,0.5697267771729232,0.03983423407198747,0.45906541823023866,0.6571863078002155,1
0.31330724230314594,2.2428290522644785,-0.15484123025532542,-0.13478617003801185,0,1,0,1,0,0,-0.8236341047562825,7.372995637226708,-0.2210013526812325,-0.27520094020473185,2.563895407532787,5.883030404922006,-0.2926681474650461,-1.0497967257142966,2.2074173691635237,0.20836725470791048,1.1741096213925235,1.09380728962609,-0.7438768447278299,-0.8436013227832033,-1.5304373684832941,2.6456848942855764,-0.014237283757185103,1.3932411722834543,0.5444209881177442,0.9518725779243598,-0.4359543184910051,-0.0922796071686924,-0.3589553226876733,-0.2956081652373207,-0.16617117861771868,-0.9518725779243598,-0.544420988117745,-0.6760201580619267,-1.3101654415944555,0.8368193712507843,2.2300358258723905,2.117226092754623,-0.5920746260821743,-0.38327221085833024,-0.6516131881728072,1.3179911348814817,-0.3318094232724056,0.04820472807728505,0.4339529964081015,0.1709126850234604,0.04228663352375219,0.6966194952401235,-0.37174181903963527,0.06938110143228039,0.40975308478573785,1
-0.09789695541265715,-0.30817977891024867,-1.6032360836506476,-0.8681093238500562,1,0,0,1,0,0,0.48873534367349464,-0.5001363037343045,-0.46407179961141953,-0.11317903722997104,-0.8143804308693904,-0.29717264139806343,-0.719595532106991,0.8892308649550863,0.19621439694307194,-1.0707898284642416,-1.2019283111185806,-0.7131106365373896,1.0264276502757699,-0.6130667406805062,-0.3686610193188225,0.8227273079914097,-1.5025729268377364,-1.5547016768360586,-0.7279513648365102,-0.2506245554141756,0.3880460405493543,-1.5898137850070133,0.5585299471698694,-0.043357616704701604,0.044702080750400684,0.2506245554141756,0.7279513648365102,-0.3417899945912644,0.04072103005925432,1.3826759350940767,1.674454304601957,0.8371050750953478,-0.2770246880180474,1.4110304042558486,2.1167952734036595,0.9459245538203791,0.3898463742377325,-1.4693273852002382,0.13288685486904556,0.4043055696202447,0.36382580878204385,-0.3502454288142823,0.28677986593896093,0.18071947766026855,0.10046155601764112,0
0.4161082917320974,0.2587110724619126,1.0038746524609323,1.0385308760612593,1,0,0,1,0,0,0.21111872958258027,-0.45012970499555655,-0.5408308881156891,0.043056369209976894,-0.8012093827170104,-0.3794560972969703,-0.6472122118871035,-0.08043543287644418,-1.1574671547860964,-0.21677052917413425,-0.49253413989293104,0.9891730064729293,0.6875413193911912,0.4681241285160077,0.022350249690842507,0.19825588097929772,0.27890473556222317,-0.032250623530076857,-0.04921092906325296,1.3979208031972914,1.3677084489959568,0.132790145423747,1.7815244166317323,0.5694001615663072,0.6088320473929583,-1.3979208031972914,0.049210929063252244,0.38237535959517033,-0.03432821836595151,-0.1548200530645294,-0.031051760693324323,0.08610074473523979,-0.5290646384693491,-0.05703537174666111,-0.04256332662598434,-0.29429738304996345,0.8061862574166584,-0.2553016945782196,-1.0896241441077272,-0.1402778277722523,0.09305597698558829,-2.063297122721492,-1.4418395571298541,-1.0996718489615938,-0.76555472453303,0
0.05630461873076867,-1.2100515879114147,-1.168717627632051,-0.4281154315628296,1,0,0,1,0,0,-0.6595879237025604,0.4796441482981407,0.6361418022831113,-0.5234416415482046,1.386299187431002,0.7734066706779311,-0.2876508330017098,0.39910646396364685,0.4266226970749739,-0.2276446266687192,0.0940232692502117,-0.2586278488384858,-0.03462183473179288,-0.9236215528892564,1.3484693787337643,0.35869154322505875,-0.4301157664921204,-0.5628795115265643,0.4700615648931452,-0.8189388764091825,-0.5228862874596072,0.8030808745185579,-0.2227571099858156,-0.1189622271525529,-0.6717771423039652,0.8189388764091825,-0.4700615648931459,-0.9545452942874786,0.9413120111617277,-0.6187981323313287,-0.354064273059855,-0.4942207832702994,-0.9386295579527137,0.5954383064766764,0.40038202722625016,-0.790386157798101,-0.47058938433204756,0.8069707847160468,0.14201007127932075,0.002351157259115363,-0.0423289389126401,-0.28679906978068154,0.9453015509175579,0.5704037944582268,-0.5799798072721716,1
0.9558138012340891,-0.8235350983394863,-0.15484123025532542,2.505177183685348,0,1,0,1,0,0,0.11016723354952047,-0.42047462899932225,-0.6047967952025805,0.20218502391733126,-0.8813816535575657,-0.47962726099998737,-1.3449929342761808,-0.64077602525225,-0.6341050872147828,-0.8650290152744193,-1.3185395853533928,-0.2231522511832501,1.72516102810481,-0.9708791939003747,0.2510496532061861,-0.556359351372537,-0.9928365690048141,-1.6241054179166472,-0.0741697193470499,-0.23079243079930178,0.9001543648446085,1.1309812355469184,0.3077554038306811,0.18411864606822745,0.12854320358223695,0.2307924307993025,0.07416971934704919,-1.0102503215325889,-0.03432821836595151,-0.7370670544973751,-0.8838047933409655,-1.176951992688579,-0.844114576533476,0.9216751455883455,1.0648000580046022,-1.1004416420156866,1.2780381250194413,1.6416134470186852,1.2550424733328,1.2471132084419672,1.2607508766078017,0.5380035976561225,0.12214944469431245,0.013711913318286572,0.9664778365683122,1
-1.5114113850607322,0.4133176682906843,1.7280720791585935,-0.8681093238500562,0,1,0,1,0,0,0.13540510755778543,-0.4291967101746853,-0.4128990739419065,-0.1502126150527735,-0.530323446321007,-0.21399480010895106,1.1082567693637515,2.028119948974097,-1.073460602657573,1.6998044894181092,1.3863050971738842,-0.07335391117216186,-1.2429253197604433,0.13096158053797635,2.2207511405497296,-0.2651695128069339,-0.1920270075020936,-0.4160658800972306,-0.9053494332772469,0.7978685590932831,-1.4102027475610026,-0.5589585366403176,1.2009868174553235,-2.486736896502928,-2.2084718732181288,-0.7978685590932831,0.9053494332772463,0.2307338965390366,2.3172148989571726,0.4355137122771045,0.22305141570167913,0.13730558544161034,0.2795635358952437,0.051710241290561454,0.5664865349208381,0.5531876071447698,-1.3310251429018278,-0.5588081172337243,-0.13168642102891215,0.4950694691856613,-0.6007917169928287,-1.3019408143182878,0.7806711296729086,1.4054416161681371,-0.7036964187794109,1
0.08200488108800677,0.5421564981479937,0.5693561964423357,1.478524768348486,1,0,0,1,0,0,-0.7605394197356201,2.023452516337394,-0.2593808969333673,-0.26015604921421837,1.3436899124154933,1.7572305999039914,-0.4266714023398566,-1.1425610604100236,1.094921866444582,0.27633672777139123,0.8859446846449847,0.6845311831107763,-0.33033403787566396,-0.5521811126226811,-0.9519361564478465,0.2602158042690991,0.37968095347020164,0.4957369820731007,0.8763442106275502,0.06447137185505257,0.041564109706122385,0.6145721681386429,-1.2353030833554495,0.0031720426607531565,-0.6677808044142145,-0.06447137185505188,-0.8763442106275509,-0.3696425082138195,-0.7097714541928067,0.855014590045561,0.8733832739329616,1.0077878774499178,0.5421051509486824,0.35076067714292497,-0.04256332662598434,0.5738579727592754,0.22331042096616224,0.8828473903799233,0.7715120035882557,-0.0495139282068366,-0.0423289389126401,1.0455744699249259,0.28677986593896093,0.3477270420022505,0.40975308478573785,1
-0.020796168340944693,0.9029052217484598,1.7280720791585935,0.5985369837740325,1,0,0,1,0,0,-0.11697363252486404,-0.3518609237531332,-0.4512786181940413,-0.11896553376478392,-0.39133349381674926,-0.17866657719583343,1.4441084407453084,-0.47444542820339614,0.506277819470124,1.188480017065616,1.2730433743311012,0.5183605126019869,-0.9567679789209594,1.9645184952392665,-1.0418980053338662,0.27135698640473194,1.2739182298674594,1.1646833327589723,0.7547787594442794,-0.04159846927444537,-0.04514420712581831,-0.39255930984981774,-0.4194111378542587,-0.3423643187856598,-0.5179321479356976,0.04159846927444466,-0.7547787594442801,2.109231204193592,-0.8598699510432187,0.5638910893291381,0.6278937645343975,1.1614023995690306,0.29006520049738066,0.18764225758709038,-0.1532996650890431,1.069946747507413,0.11228645211844858,-0.17942508891434333,0.6802798394855113,0.3394742127878045,0.17767154942198057,0.6014499566897238,0.9453015509175579,1.0157572993701793,0.5953280020465953,0
2.3950284932394013,-0.6946962684821769,-1.8929150543297122,-0.13478617003801185,1,0,0,1,0,0,0.5139732176817596,-0.5047880803611647,0.5977622580309765,-0.518233794666873,0.030414792960253602,0.01228470361304279,-0.7049368222117542,1.2647546530068883,0.3729586988076775,-1.054815116712882,-0.6150191656276557,-1.1749283898975713,0.2094596980664688,-1.4265356725567122,0.8317488418816141,0.008012032188648627,-1.3323629480372539,-1.3593624984309376,-1.7152101805067,0.0986623829151082,-0.44514582431118627,-0.9026877221057564,-0.5017957157883108,0.10383887966301351,-0.5275978648029696,-0.0986623829151082,1.7152101805067,-1.4001855122483615,0.41596727218528484,-0.8189455390738695,-0.6899972859210471,-1.1257471519822078,-0.8756195703398886,-0.7910682597479163,-0.04256332662598434,-0.9144083514851348,-0.3040534310604773,-0.7105613285614767,0.6255405410238652,0.2487103132223888,0.27921023634565156,0.28421816152172197,0.36909507656128593,0.45906541823023866,0.5334696962929761,0
0.8787130141623758,1.2121184134060021,-0.15484123025532542,-0.13478617003801185,1,0,0,1,0,0,-0.29363875058271866,-0.2355665080816264,-0.4768649810287978,-0.10912848965560201,-0.24828155280135736,-0.09683031399202933,-0.964759563882067,0.5532537386783324,1.269051313627605,-0.7388656399587215,-0.6265337441995428,-1.28681132142484,0.3797711248248738,-1.4366378826021655,0.24466917928593543,1.1530028784514617,-1.5830397375547114,-1.0579807780316957,-0.9919856992599327,-0.7712178265546397,-0.09394998647851402,-0.5142539063509954,-0.5761789615295844,-0.5715552934969095,-0.21838775794419926,0.7712178265546397,0.9919856992599321,-1.3723329986258064,0.11577027848446049,-0.30038180342274146,0.31780175266252825,-0.3576745413866426,-0.9701345517591269,0.2692014673650073,0.8986955503100138,-0.046252995675895824,-0.16527347000083534,-0.5588081172337243,-0.2867811000035777,-0.5292659687668935,-0.7023304039164997,0.47455723862252236,0.5337254978059351,0.18071947766026855,-0.45626319576493324,0
0.5960101282327613,0.9544407536913834,0.27967722576327125,0.3052077222492148,0,1,0,0,1,0,0.7537330207602766,-0.5524687907864826,-0.438485436776663,-0.12185878203219036,-0.893242824141407,-0.33071209353077,0.02237896935768968,-0.7471207832055602,-0.7522004823527544,-0.11246043428347029,-0.7313196285104512,-0.39325430503884035,0.7561520342257821,-0.10316333723164271,0.5417735601302669,-0.3340296717014675,0.06433151929790698,-0.3781930933667457,0.9387653712113495,-1.4674080343893063,-0.13419809268171665,1.5681835811160376,0.6926156518802999,0.2157168246901173,0.5815193877881966,1.4674080343893063,-0.9387653712113503,-0.06326485836571254,0.5660657690356972,0.17269388524144552,-0.031051760693324323,7.593435579547688e-4,0.006520256239666901,1.3294711944779316,0.8986955503100138,-0.17027518936292965,0.27882240539001907,2.400379503657447,1.793312241538992,1.9602581335988092,1.9545985705862188,0.9821281108913258,1.5215080252738291,0.793080546914203,1.5850608941045057,0
-0.9717058755587404,0.10410447663314094,0.27967722576327125,0.5985369837740325,1,0,0,1,0,0,-0.6343500496942954,0.4214969404623873,-0.2721740783507456,-0.2566841512933306,0.6838753761565121,0.5225315687252857,0.08108626446383263,-0.1829571620969494,-0.5191657817186925,0.3288509657684064,0.8341925002660108,-0.5451434688955817,-0.5162263556754504,0.04237377381433661,-0.338147235366975,0.29452997905999206,0.6864473801051986,1.0784889662545323,-0.030386078764458365,-0.7133741297612556,-0.07041304907515504,-0.0876340305249418,1.0056912403584886,0.23641303251747486,-0.03155654102550468,0.7133741297612556,0.030386078764457654,0.35452284597261524,0.04072103005925432,1.2644070129280303,1.248077788278137,1.519836284513628,1.1722050270769362,-0.5463906304141645,-0.5962450189412776,1.4420133285685155,0.19555442875423396,0.27583454506891375,1.136440659999233,1.5583037212376798,1.582290051866092,-0.5088613263982832,0.12214944469431245,-0.2089648391376897,0.47161139053935697,1
1.0072143259485644,1.572867137006469,0.5693561964423357,-0.13478617003801185,1,0,0,0,1,0,-0.4703038686405733,-0.0931058488840305,-0.34893316685501513,-0.22022922312400942,0.20039117760567188,0.09859289376787443,0.926547956354535,-0.8544811538785817,-0.8007702347647176,-0.054418068846497615,0.2328928968508043,-0.2697987818724908,-0.48201539167522867,-0.23152229746563802,-1.5328232684504461,0.21539729025650323,-1.1086687296136917,-0.24309279184947383,-0.3979084468072301,0.02666739313143155,-1.519721839672693,-0.3627465013061829,1.3111332407573348,-1.0258216339550728,-0.5401049691286369,-0.026667393131430846,0.39790844680722937,-0.03541234474315745,-1.3101654415944555,0.855014590045561,0.8475422729436388,0.3079883877961804,1.0461850518512859,0.5954383064766764,0.8986955503100138,1.3179911348814817,-1.3587811351137562,-0.02767187758659086,1.1090710107684099,1.7138989776355367,1.0915197317350172,-0.2233527107470814,1.3568776040291806,1.5167799923961247,1.0901944480755505,0
0.13340540580248203,1.5213316050635446,0.5693561964423357,0.3052077222492148,1,0,0,0,1,0,1.1827768789007806,-0.6216639681110291,-0.38731271110714993,-0.17393725084550635,-0.975186189707449,-0.3436806816887499,-0.8924829734049103,-0.38976367623660035,-0.36718668002433946,-2.0989051447574067,-2.6380663506182613,-1.8312702370679852,1.5536156988139649,-0.4601534706045159,0.20837282540263766,-0.49833252089698465,-1.846295715407024,-2.687923584553277,-1.7990340422145457,-0.7133741297612541,0.7812393739588924,0.7437061997765836,0.0011803679235051364,1.0047302138048382,0.8053812392076024,0.7133741297612541,1.7990340422145448,-0.5738942747792242,-0.05934463450768712,-0.7067416898394149,-0.8321227913623208,-1.427286769475282,-1.243177831414703,-0.08422177500596675,1.0278879451835827,-0.8937379858706291,0.5008703430854462,0.4275877563966659,-0.6243401071837319,-0.5292659687668935,-0.1269445113490324,-0.4136917878478824,-0.20711139779498602,-0.5429799678216537,-0.332546584257695,0
0.5189093411610479,1.3667250092347738,1.1487141378004646,-0.8681093238500562,1,0,0,1,0,0,0.03445361152472564,-0.40477488288366886,-0.6431763394547153,0.3497406855550598,-0.9334759439833448,-0.5815871954834154,-0.26442679021853144,0.8498282132179023,-0.6880499206142983,-0.2845832912187207,-0.9508377346011933,-1.3618459086238457,0.38342059738321377,-0.2140028588891769,0.10597083560986886,-0.5165395014988535,0.08743174490037456,-0.5709179233250556,-0.4194329849395745,-1.4414068652642016,0.1538627535773515,-1.0602566359743442,0.42151490716180484,0.4711494882489714,0.6787453912073627,1.4414068652642016,0.41943298493957376,-0.3417899945912644,-0.10937746679115769,-0.600602913536552,-0.7545997883943533,-0.6819718658603261,-0.5605696322757617,-0.22015379130249568,-0.04256332662598434,-0.790386157798101,0.7229182807808735,-0.5588081172337243,2.2129801964116154,2.1547522040961304,2.276137745844509,1.4579758036433286,1.6861384465184783,0.9600881112561845,2.265502257394317,0
-0.27779879191332196,1.4697960731206219,1.7280720791585935,-0.4281154315628296,1,0,0,1,0,0,-0.5081606796529707,0.029003287571051677,0.41865771818768077,-0.4794642678836267,0.875447835494113,0.392845687145487,2.1705807938643953,1.1083764274176997,0.025733280248108847,2.1556277994926214,2.1101903128750537,1.3506947981837631,-1.7267532683034494,1.8674505312914067,0.8416560400909862,-0.5928228321033238,2.132004456191434,1.4648295329300316,1.2994551316290601,0.5534028300138731,-1.1523108642955457,-0.6781288861926937,-0.6309080308170162,-0.7980549642831192,-1.3132298223724914,-0.5534028300138731,-1.2994551316290608,0.911573118423719,0.04072103005925432,-1.7105112600179135,-1.684875824009962,-0.972132629863095,-0.8756195703398886,-1.0357458890816678,-1.5375038958772762,-1.3484860293897554,-1.0812212129944723,-0.6346847228976005,0.0051618251252043045,-0.32180562690308556,-0.6007917169928287,-0.15990635171348128,0.6983559190505837,1.127095675598167,-0.1469716669968365,1
-0.38059984134227254,0.6709953280053031,0.5693561964423357,-0.4281154315628296,1,0,0,1,0,0,0.31207022561564,-0.466992395267925,-0.42569225535928473,-0.14789801643884834,-0.6593731676883231,-0.2448510960710411,-1.2178576507884369,0.05726923388433768,-0.08211830521447823,-2.255055265319947,-2.7599752146906713,-1.6789731956482523,1.82731111855711,-0.5281317014859029,0.03557193395657343,0.6960758530415837,-1.772142737999229,-2.3354587115982133,-1.4375436385994584,-0.8641809106868654,1.16575773602492,-0.04296863823695673,0.811747577215135,1.2892077757734979,1.3079820798255757,0.8641809106868654,1.4375436385994576,-0.20252742647848845,0.5660657690356972,1.6283113888235585,1.8165798100432309,0.8200367948598906,-0.6655862782971376,1.1391663716627913,2.412092175971816,1.1732985755799412,1.0004782029001573,-0.1035484832504671,-0.1864257194905595,0.2487103132223888,0.7699805564767266,-0.6040308649486834,-0.37174181903963527,-0.7656567202776299,0.10046155601764112,1
1.572620097807795,0.05256894469021735,1.7280720791585935,0.3052077222492148,1,0,0,1,0,0,0.26159447759911014,-0.45885178617091954,-0.8350740607153893,5.1264935750430976,-2.494822322443837,-4.314751814201211,-0.2830756483681517,-0.04075925603744712,0.9792754750595717,-0.11351065193690918,-0.4269701549169045,0.3396054626085209,0.4577198692227615,-0.37949150842466994,-1.743938628539497,2.659807929230878,0.21274194717844455,1.137802838908813,0.6912331826893887,-0.2223753081429896,0.014440136075354552,-1.6910960763454614,1.3341480776491588,0.36429684079715263,1.6659251295085256,0.2223753081429896,-0.6912331826893894,-0.20252742647848845,-1.535313186870074,0.7913313242638433,2.191274324388407,2.2025674939319084,-1.1276595207911904,-0.38327221085833024,-0.7069813574043363,0.8219023601333442,-0.08200549336504998,-1.6210805965279906,-0.3415203984652251,0.36540675552078095,0.49921072468027106,-0.12818317219668063,-1.277209135885205,-1.4893561657595522,0.40975308478573785,0
0.31330724230314594,-0.30817977891024867,-0.15484123025532542,-0.8681093238500562,0,1,0,1,0,0,-0.8236341047562825,7.372995637226708,-0.46407179961141953,-0.11317903722997104,2.2492153593276347,5.757816450293235,-0.9345028206249022,0.34206902972185266,1.4544564945720908,0.112235188839864,0.8234790326806994,-0.028688713606543237,-0.6501637191930179,-0.9108781686021235,-0.9278666932426394,2.486011529824747,0.14034416407036368,1.3191963482813538,0.5581846313588362,-0.5927287050207662,0.3893101868826987,-1.3990169628084261,0.5099110847748625,-0.012459628617118643,0.2173754001965958,0.5927287050207662,-0.5581846313588369,-0.7595776989295921,-0.7097714541928067,0.7367456678795146,2.036228318452472,2.014816411341881,-0.7180946013078251,-0.05703537174666111,-0.319404172783631,1.2559800380379649,0.3343343898138759,-1.317574173872486,-0.058700689746716966,0.20981149912292413,0.19459466390925928,-0.28679906978068154,0.28677986593896093,0.013711913318286572,-0.08511336124321738,0
0.2619067175886707,0.05256894469021735,1.0038746524609323,-1.161438585374874,1,0,0,1,0,0,-0.5207796166571032,0.040632729138202366,-0.68155588370685,0.4799368575883498,-0.39298124726146477,-0.3396559474328251,1.6663695188438716,-0.7390141302599865,1.1335683277796578,1.01782514299177,1.1102954401591685,-0.9400725900386597,-1.256463160358198,1.5323279601662452,0.3851517698537533,2.0182806544972376,0.5797442509926812,0.8202368708969193,-1.046543814281098,-0.24419747799268982,-0.7860433369556296,1.400156674265222,0.47855153668685035,-0.8001516282984861,-0.642636791719432,0.24419747799268912,1.0465438142810974,0.9672781456688292,-0.03432821836595151,-1.0372881646111858,0.020630241285320403,0.2567835470898098,-2.072809334983571,-1.3619827281933365,-1.149926711256571,-0.728375060954584,-0.7759052986632599,1.1863538130354276,-0.23204180154193166,0.04124997135858002,-0.2792525417345383,-0.6040308649486834,0.6983559190505837,0.6260729825722207,-0.2706882785040748,0
-1.5114113850607322,0.0783367106616796,1.7280720791585935,0.5985369837740325,0,1,0,1,0,0,0.13540510755778543,-0.4291967101746853,-0.7839013350458762,2.016251687581171,-1.6912535317499722,-1.8882842505736643,0.5128319463877643,2.411148892308845,-0.4067545790144482,-0.20782571051877685,-0.6085999209950106,-1.1876756831349518,0.2942733029512118,0.13096158053797669,2.2965265533293246,-0.343122499524425,-0.2042984788325919,-0.4356920833265412,-0.7989105922128035,-0.827498180191446,-0.5822500369656135,-1.0087676368828014,0.21124211445747,0.07818025266439915,0.36584118527661,0.827498180191446,0.7989105922128035,0.18740776423728422,2.2921984828154374,0.2727675886127153,0.046471242274642305,-0.03337721691295973,0.2270552128845555,0.10608304780917345,0.5664865349208381,0.38782468222872474,-0.4150773999081907,-0.7864379342253526,0.7806352199985308,0.7803274392483975,0.7699805564767266,0.664896315723324,0.6160407084282594,0.23638866577426285,0.5334696962929761,0
2.4207287555966395,-0.6173929705677911,0.27967722576327125,-1.161438585374874,1,0,0,1,0,0,-0.6848257977108253,0.5988459243614352,-0.5920036137852022,0.18193228604548617,0.35708231377937705,0.319953277843738,0.2764669993700508,0.07486258887372634,0.08914911522632234,-0.09810095403764794,-0.05018798775342594,-0.8148997578759589,-0.08861945799733986,-0.23237852928181138,-0.22699059176903466,0.6175073225190361,0.02022734435572983,0.4642109479281519,-1.3072103638266717,0.1850492459657866,-0.6166239810027159,-0.3301454444814893,0.49866547992505034,0.15258514837257356,0.5184584814067116,-0.1850492459657866,1.307210363826671,-0.3696425082138195,-0.40957446049198204,-0.6551885699208807,-0.26362076959722697,-0.23819657973844427,-0.5920746260821743,-1.4435419379712537,-1.149926711256571,-0.4183195767369984,-0.7759052986632599,-0.6346847228976005,-1.1261170097488256,-0.7367263106307022,-0.6346379459673855,-0.857816301083085,-1.1948939252628807,-1.266679413303576,-1.0129879475475077,1
0.31330724230314594,0.9544407536913834,-0.15484123025532542,0.3052077222492148,1,0,0,0,1,0,-0.7226826087232228,0.8983040447155654,-0.438485436776663,-0.12185878203219036,0.843988333151166,0.7850336807506028,0.021416100032359484,-2.141738484087911,0.6377973744209414,-0.1886100361880381,0.3164596006039813,-0.2729293181942763,-0.3251034207922423,-0.25524144203249755,-1.1289761891789758,1.4479064256028649,-0.13023093634850086,0.8082038662354155,0.5516412599819246,-0.9193541232206256,-0.28481384988137065,1.80861972095522,0.5831159449955617,0.12566522358201945,0.37764079156086583,0.9193541232206256,-0.5516412599819253,-0.28608496734615396,-1.0850176963188372,-0.18211288125669506,0.5762117625557528,0.4957394703862077,-0.5605696322757617,-0.22015379130249568,-0.4855086804782194,-0.10826409251941274,0.05677446769459199,2.5521327149851984,1.5652318312821314,1.6879664349025603,1.6499825098152057,0.7917890337905242,1.1099319721622063,0.6817421706862145,1.3994859768436472,0
-0.9717058755587404,-0.2566442469673251,0.27967722576327125,0.5985369837740325,1,0,0,1,0,0,-0.6343500496942954,0.4214969404623873,-0.579210432367824,0.12464597035083859,0.19833084053262584,0.22783158265257053,-1.4272445126357989,-0.755188235151908,-0.2581492033921104,-0.6275259935705744,-0.07139860627053958,-0.4900693355571149,-0.13950221418406938,0.021930433801189,-0.3999476925758112,0.16780572437356298,0.5751107879772802,0.7888967291572972,-0.20509389995854704,-0.4649864905896614,2.0065308688594623,0.6358607341894645,0.521527178959587,1.4180171453825992,0.8630257947001904,0.4649864905896614,0.20509389995854635,0.18740776423728422,-0.18442671521636386,0.6912576208925736,0.6795757665130432,0.9053781960371756,0.6681251261743327,-0.709509049969999,-0.7069813574043363,0.8219023601333442,1.4723300705029398,0.27583454506891375,-0.7703115697481222,-0.41256952646850126,0.1438253204474232,-1.206771275767887,-0.7833178721512579,-1.0440026608476,-0.5799798072721716,0
-0.1749977424843705,1.572867137006469,-0.4445202009343899,-0.13478617003801185,1,0,0,0,1,0,-0.16744938054139394,-0.3024357970927428,-0.34893316685501513,-0.22022922312400942,-0.19654737023874264,-0.06239647646911723,0.3609058595655539,-0.46964959774021825,0.5714263258753848,0.6065258934970992,0.7281367341440068,0.7464814883339176,-0.31268992539971846,-1.0296312880365366,-1.00152408064319,2.1147184633512275,0.025408935882517122,0.5640079423672701,1.068484771272222,-0.04159846927444537,-1.530643834379332,-0.35869602621802177,1.3439291826299598,-0.7941822864533945,-0.3959694351032607,0.04159846927444466,-1.0684847712722227,-0.9266927806649233,-0.8598699510432187,0.36374368258659734,1.4548057961927168,1.4003583228654286,-1.222174502210428,1.0032343553662626,0.5111183656893089,0.6978801664463103,-1.3865371273256843,-0.1035484832504671,0.826251302049903,1.4675398216722642,0.9899810448113461,-0.4771381468814831,0.9453015509175579,1.0157572993701793,0.7809029193074537,1
-0.09789695541265715,1.5213316050635446,-0.4445202009343899,0.3052077222492148,1,0,0,0,1,0,-0.10435469552073157,-0.3629088932419264,-0.38731271110714993,-0.17393725084550635,-0.3072120800186228,-0.1446799323680241,-1.0143540658135568,-1.2071247723934948,-0.7791053171882887,-1.7310246397850444,-1.7100231232949719,-0.7446144400208901,1.793205599279947,-0.7187414194516444,-1.3117054220167423,-1.0655959104225081,-1.4948700180769139,-1.4014613102495759,0.3605494046251014,-1.373153796310799,0.6923260629852541,0.3427789365947461,-0.00575805551776243,0.8562150910612053,0.8548596131678602,1.373153796310799,-0.3605494046251021,-0.6203151308168162,-1.1600669447440433,0.3728412919839863,-0.26362076959722697,-0.8185181077439823,0.9201650766256344,1.9003856629233515,1.839954427246013,-0.35630847989348147,0.5286263352973745,0.19995793940503753,-0.31415074923440073,-0.2699405414371327,0.0761328624983096,-0.033013633646279864,0.28677986593896093,-0.32030321536567735,-0.1469716669968365,0
-1.5628119097752085,1.4440283071491598,-0.15484123025532542,-0.13478617003801185,1,0,0,1,0,0,0.43825959565696476,-0.4873439180104387,-0.029103631420558513,-0.3880376226335831,-0.301424605362187,-0.07491787193199435,-0.2951356752773095,0.37790100035927476,-1.2784312635981365,0.6996536740646688,0.353346085719123,1.1596222953397075,0.2176918808662675,0.4329375683534315,-0.013528454725401472,-0.904030490450689,1.179483786753587,0.8053970914760352,1.215239784852797,0.3763264807979944,0.8429794580230077,-0.5322334916093673,0.8391949065046983,0.22436895689028152,0.32694628510182694,-0.3763264807979944,-1.2152397848527976,0.5216379277079463,0.11577027848446049,0.40923172957353837,-0.1473362651452761,0.32505666803163763,1.109195039464111,0.2692014673650073,-0.26403600355210183,0.44983577907224165,1.0004782029001573,-0.3311783002420958,0.6437869738444144,1.0137203238451828,1.0576735027604598,-0.2233527107470814,-0.5363722402842841,-0.4316415915936655,0.7809029193074537,0
-0.27779879191332196,1.3667250092347738,1.7280720791585935,-0.8681093238500562,1,0,0,1,0,0,-0.5081606796529707,0.029003287571051677,-0.6431763394547153,0.3497406855550598,-0.2909908775408106,-0.24798144493676041,1.2479562160388487,1.2161076190408875,-0.6129816228791302,1.203435104103299,0.6920599040502374,-0.12110944048724678,-0.5767052902828497,1.809104668035384,0.6084330125234806,-0.52389027273083,2.057911764953645,1.5522755333330152,1.116988546947158,-1.2729944734370133,0.07232257124623874,-1.059631036827975,0.31150721317250823,0.4148268925175362,0.6157831628154328,1.2729944734370133,-1.1169885469471588,0.8001630639334981,-0.18442671521636386,-1.8560730103761243,-1.77531932747259,-1.091610591511294,-0.9386295579527137,-1.1988643086375024,-1.648240234340335,-1.4725082230767892,0.7229182807808735,-0.482931511569848,2.5961552856431416,2.4140776314258914,2.4961382341791287,1.8386539578449304,1.3568776040291806,0.7374113588002092,2.512935480408796,1
-0.38059984134227254,0.05256894469021735,0.5693561964423357,0.3052077222492148,1,0,0,1,0,0,0.31207022561564,-0.466992395267925,-0.8350740607153893,5.1264935750430976,-2.5244127942693373,-4.32101251193265,-0.49580639006846566,1.3479395082903731,-1.2076946233334998,-1.7034602733385347,-3.0639288137761067,-1.7536703272929255,1.9505199780427034,-0.7178947167243622,0.022350249690842507,0.17275280864004083,-1.7107099594450121,-2.05024836424398,-1.59330779625474,-0.8115738940849077,-0.027881087599607814,-1.8276992879713838,1.8245589205721569,0.6049542191623044,1.9815890375590717,0.8115738940849077,1.5933077962547393,-0.4114212786476524,0.5660657690356972,1.6737994358104995,1.5258685489133532,0.606683291916678,0.14829272836852378,0.5954383064766764,1.812270342630248,1.2249744896162058,-0.19302946221276363,-1.772833807855743,-0.642586540004281,0.31354167005482897,0.549980068142106,-0.667477223982284,-1.1125787146405561,-1.4893561657595522,0.10046155601764112,0
-0.3034990542705592,0.05256894469021735,-0.8790386569529866,-1.161438585374874,1,0,0,1,0,0,-0.44506599463230834,-0.11636473201833188,-0.68155588370685,0.4799368575883498,-0.5345841547713328,-0.4603979751105689,0.8271825201725194,-1.9602476420383081,-0.27644084088503706,0.5330160941391323,0.5178434320602235,-0.05988203337140098,-0.7201516252854263,0.3334479959062959,-1.3101836087978822,-0.0762353749648241,-0.08418680490072868,-0.12693948383767342,0.04968400367083265,-0.13094794135889876,-0.8170401215433646,1.3779882294876098,0.3012946905847218,-0.8035485504894199,-0.7971535227617513,0.13094794135889876,-0.04968400367083336,0.4102278732177254,-1.1600669447440433,0.36374368258659734,0.26611975068388355,0.22264698661889537,0.25856020669096863,0.18764225758709038,0.17890935030013266,0.3258135853852078,-0.7759052986632599,1.2622304186993043,-0.040454256926167845,0.11904759955750843,-0.21156008378542468,-0.4771381468814831,0.9453015509175579,0.9600881112561845,-0.023255055489598248,1
0.08200488108800677,-0.87507063028241,0.5693561964423357,1.478524768348486,1,0,0,1,0,0,-0.7605394197356201,2.023452516337394,-0.7199354279589849,0.6274925192260784,0.3877053774361472,1.0712370056163658,-2.754279663931391,-0.4187167684228182,-0.4508287160150773,-1.9982200931461227,-1.8829476931600024,-0.8770286245841162,1.709769967044009,-0.5503591875365617,-0.8100148734017567,0.15084335103949817,-0.28213754967577725,-0.03286213799695971,0.3186972389638403,-1.5122424827725962,3.279980503795554,-0.23675321315492404,0.7678809781613781,2.419703666773531,2.415840738630218,1.5122424827725962,-0.3186972389638417,-0.4253475354589299,-0.6347222057676005,0.5365982611369737,0.5374502610717695,0.39332978897346543,0.41608517572303205,0.6769975162545934,0.5664865349208381,0.38782468222872474,2.9711536499470723,-0.2553016945782196,-0.10431677179808911,0.30057539868834077,1.294597105582359,-0.3185222492974822,-1.277209135885205,-1.823371294443516,0.2860364732784985,0
0.6217103905899984,0.3102466044048362,-0.4445202009343899,2.505177183685348,1,0,0,1,0,0,-0.7983962307480176,2.4682786562809076,-0.630383158037337,0.3121284580787761,1.1681743538733984,1.6570594362009743,-0.7026954929074384,-0.7451976133844188,-0.9261577042129917,0.3806225771355251,0.08066874116426757,0.2174053959976656,-0.156931558547298,0.5813305592362221,-0.407354488945409,-0.3600145993245543,1.584690441973695,1.3747060808558307,1.5601216811746321,-1.2507946581507028,1.5579738335724977,0.6147283262722505,0.9043086554803381,1.0571553697011722,1.2372596087849015,1.2507946581507028,-1.5601216811746328,0.8558680911786088,-0.10937746679115769,0.9914787310063841,0.6278937645343975,1.2979486414526862,1.2667200084961745,-0.5463906304141645,-1.149926711256571,1.069946747507413,1.9441819381057224,1.0346006017076752,1.145563876409508,1.5064386357717279,1.93767545609894,0.28421816152172197,-0.28942660841731066,-0.8213259083916238,1.3376276710900281,0
2.4207287555966395,1.547099371035007,0.27967722576327125,-0.13478617003801185,1,0,0,1,0,0,-0.6848257977108253,0.5988459243614352,-0.7583149722111197,1.865802777676036,-0.278208395179635,-0.981377464905278,-0.4323982336196108,0.8693431079516633,0.2511678988939221,-0.7580120414982082,-0.7504044680493082,-1.3388332019020786,-0.018297729122093803,-0.2900636272064797,-0.34907469645830635,0.7284513322427862,0.02338379719413196,0.6011174393010039,-1.295625183846869,-0.5410235229891278,0.3114321109988965,-1.54289606610845,0.3886684053629186,1.0472123382213154,1.5624367417083171,0.5410235229891278,1.295625183846869,-0.3974950218363748,-0.4846237089171882,-0.555114866549611,-0.12149526415595328,-0.10165033785478751,-0.49755964466293656,-1.6066603575270884,-1.3713993881826885,-0.29429738304996345,0.22331042096616224,-1.4693273852002382,-0.19554893590083341,0.028283699992091807,0.4484413812184362,0.2207718024881207,-0.8656330827735822,-1.1553410370755877,0.2860364732784985,0
0.5960101282327613,0.9544407536913834,2.8867879618748513,0.3052077222492148,1,0,0,0,1,0,-0.6722068607066928,0.5319766353503188,-0.438485436776663,-0.12185878203219036,0.6019235101655307,0.5033022828358673,2.3795971542574885,-1.587219039981851,0.9554407968057408,1.2169111316789702,1.6089925312814757,-0.9116525917495195,-1.693397177924507,3.021765575415992,-0.6632907474618847,2.3103192822072476,1.754425847337874,2.748366231933176,0.004530982273630621,-1.2478791760798724,-0.28957521023450694,1.5140378340455003,1.0155284955864765,0.09569020779707953,0.5914756067731769,1.2478791760798724,-0.00453098227363133,2.972659126492802,-0.5596729573423944,0.2454747604205509,1.4418852956980555,2.2367040544028214,-0.8756195703398886,-1.9328971966387571,-2.146553757424099,0.8219023601333442,0.0012624832707351544,2.096873081001942,1.3280282046149967,1.739831520368513,1.6838287387897632,0.4428340591057229,1.1099319721622063,0.514734606344233,1.2139110595827887,1
-0.1749977424843705,-0.2566442469673251,-0.4445202009343899,0.5985369837740325,1,0,0,1,0,0,-0.16744938054139394,-0.3024357970927428,-0.579210432367824,0.12464597035083859,-0.5900898117159112,-0.328923322750359,-2.1709894333544497,-1.239477608450605,0.6787963919193583,-1.2062611790634088,-0.5561908769292665,0.13344323354036886,1.0881559990433285,-0.9628025398098952,-0.9241019823310554,1.8124303395719679,-0.07953006887930572,0.3987040050979367,0.9953441571592244,-0.8051695616290189,2.056792701400038,0.7754768364559824,0.89338029358671045,1.5507203765197624,1.112332239533193,0.8051695616290189,-0.9953441571592251,-0.8152827261747027,-0.7097714541928067,0.7185504490847379,1.6356928031179738,1.519836284513628,-0.8126095827270634,1.247911984700014,0.7879592118469556,0.9459245538203791,1.5555980471387252,0.4275877563966659,-0.6882026220556532,-0.16621037050522874,0.4484413812184362,-1.3653871733518879,-0.9479482933959068,-1.32234860141757,-0.5181215015185524,0
0.05630461873076867,-0.2824120129387873,0.27967722576327125,1.7718540298733036,1,0,0,1,0,0,-0.81101516775215,5.14886493750914,-0.5280377066983108,0.03148337614035112,1.677147595670538,3.9355062177495093,-1.2664531326078232,-1.7247932221441984,2.128471988635443,-1.012920329761612,0.2626806519824333,-0.6361128537607447,-0.4172083883566268,-0.10926841225522253,-1.7229478560223392,1.984333700895693,0.5921313407105602,1.9828343554471128,0.3637290563372595,-1.2283241134096814,1.6518541997236693,0.6413214872279778,-0.9156285117107689,1.955537318741671,1.5943541080862744,1.2283241134096814,-0.36372905633726016,-0.28608496734615396,-1.685411683720486,-0.7461646638947628,0.29196075167320634,0.529876030857121,-0.9071245641463012,-1.4435419379712537,-1.7036084035718644,-0.046252995675895824,0.7506742729928018,-0.1035484832504671,-1.710002860006389,-1.8129268340492097,-1.1423313805857394,-0.4136917878478824,-1.1125787146405561,-1.6006945419875402,-1.3222794763156045,1
0.5960101282327613,-0.2566442469673251,2.8867879618748513,0.5985369837740325,1,0,0,1,0,0,-0.6722068607066928,0.5319766353503188,-0.579210432367824,0.12464597035083859,0.3350150913540324,0.3127981947220939,0.4776697525418954,-1.4690485543520855,1.2455292202418828,0.06135625699302969,1.2953967313478212,-0.7027819442466946,-0.9772720588243348,2.5262757043870603,-0.9786200167165175,2.3656565623625356,1.532594934563502,2.565713487895477,-0.16027754582615011,-0.799549433147316,1.8600134989443557,1.0359551942784464,0.6745765325786698,1.4368065574859716,0.8208406512629793,0.799549433147316,0.16027754582614942,2.499166394909364,-0.8598699510432187,0.2545723698179399,1.4806467971820387,2.1684309334609937,-0.9071245641463012,-2.0144564064166746,-2.2019219266556282,0.7598912632898273,1.5555980471387252,0.8069707847160468,-0.3415203984652251,0.04124997135858002,0.6176725260912207,-1.1433249167342867,-0.7833178721512579,-1.1553410370755877,-0.2706882785040748,1
0.5960101282327613,0.05256894469021735,2.8867879618748513,0.3052077222492148,1,0,0,1,0,0,-0.6722068607066928,0.5319766353503188,-0.8350740607153893,5.1264935750430976,-1.2434645926917873,-3.552735461746117,1.7831324688190757,0.43808354515044107,0.4474863007055974,0.7396376420092529,0.5751988976727145,-0.13275106788020677,-0.4351763013002722,2.3213055979655985,-0.8901652816821674,2.3548972068056115,1.6082573347250837,2.5862050547248416,0.004530982273630621,-0.18555039652161812,-0.16006790177232838,-1.493031451990354,1.7547158234744182,0.5955177062139221,1.777139134073438,0.18555039652161812,-0.00453098227363133,2.2763462859289234,-0.7848207026180125,0.20908432283099887,1.428964795203394,2.1513626532255365,-0.9701345517591269,-1.9328971966387571,-2.146553757424099,0.6358690696027934,-0.27629743884854874,-1.4693273852002382,-0.5148615102604385,0.4043055696202447,0.6345956405784983,-0.6992004034990842,-1.4418395571298541,-1.6563637301015341,0.16231986177126023,0
0.10770514344524394,1.6759382008923163,0.5693561964423357,-0.8681093238500562,1,0,0,1,0,0,-0.25578193957032125,-0.25184772627563734,-0.2977604411855021,-0.2318022161936352,-0.04056155627700565,-0.014546858093122488,0.3267512805000661,-0.5301332436666711,1.97571110485352,-0.7277419125065029,-0.048473513601021416,0.046553780111351556,-0.4920300093776002,-0.05259535796990422,0.1932237115996517,1.0062494058971787,-0.04482247478860499,-0.24587905667485954,0.513835114248652,-0.4461216066019436,-0.5069082715147589,0.9211917866396904,-1.6896796564446652,0.9386871750693878,-0.17703510064937306,0.4461216066019436,-0.5138351142486527,0.2152602778598393,0.5660657690356972,1.1188452625698195,1.5452492996553449,1.4515631635718003,-0.49755964466293656,0.35076067714292497,0.12354118106860354,0.44983577907224165,-0.47058938433204756,0.8828473903799233,0.05990112358685037,-0.8274902101961188,-0.44848368660732285,0.7917890337905242,0.6983559190505837,0.514734606344233,-0.08511336124321738,0
-0.14929748012713334,-0.5916252045963298,-0.4445202009343899,0.3052077222492148,1,0,0,1,0,0,-0.24316300256618875,-0.2559180308241401,0.43145089960505906,-0.48235751615103317,0.4922642197323673,0.175957230020651,-1.3972770535915213,-0.7813235070947524,1.326342190083284,-0.6199748774039489,-0.18366210194175522,0.01879418701747394,0.8487848390554491,-1.2111121279736008,-0.9649578241901848,1.4884932628173548,-0.3786116280242748,-0.03257017978355533,0.74512626677265,-0.7133741297612556,0.7328187883415239,0.10571746862001377,-0.31736202718182427,0.46212125261568837,0.20697128626540476,0.7133741297612556,-0.7451262667726507,-1.1216603760228097,-0.8598699510432187,0.1908891040362222,0.9509062769009282,0.7346953936826055,-0.9701345517591269,0.8401159358104279,0.5111183656893089,0.20179139169817292,1.0004782029001573,0.4275877563966659,0.9722227646142934,0.6376984542170299,0.8038267854512828,0.8552353928241243,-0.04248097655033679,-0.3759724034796717,0.8427612250610729,1
0.6731109153044746,-0.4885541407104817,-1.168717627632051,-0.7214446930876474,1,0,0,1,0,0,0.9934928238387936,-0.5885200596446497,0.6617281651178678,-0.5251775905086485,-0.14138228956671825,-0.04674473214052082,-1.1282194925244462,-1.3438237677956513,1.3718845441403604,-1.0227844182765684,0.30493061082025935,0.29948840528305076,-0.22062400887904848,-0.9739545959244129,-0.8777656063472754,0.6486072705691756,-1.6516831033969115,-1.1449588447622223,-0.5636247330177211,0.9674626129824424,0.5956527117721031,0.9651139791142486,-1.2236243747688476,-0.25606492744058296,-1.5142541920907944,-0.9674626129824424,0.5636247330177203,-0.8988402670423681,-0.7848207026180125,0.15449866644666885,0.47284775859846334,-0.2552648599739003,-0.30852968182446,0.9216751455883455,1.397009073393778,0.3258135853852078,0.7506742729928018,1.1863538130354276,0.6437869738444144,-0.1402778277722523,-0.2284831982727022,0.2207718024881207,1.0276167615398821,1.8507951210800897,0.5334696962929761,0
-0.7918040390580765,-1.2100515879114147,0.5693561964423357,-0.4281154315628296,0,1,0,1,0,0,-0.2684008765744537,-0.23614798015998392,0.57217589519622,-0.5159191960529479,0.5889410849235084,0.21709895797010442,-0.3789072669632256,-0.027275262357073567,0.15183205690549573,-0.5484150955893878,-0.3721626102577961,0.0192966230915726,0.43022319289778266,-0.8345333762854892,0.21638683444504075,0.10689677373867013,-0.9070075507491373,-1.1585402908420268,0.03622492998512883,-0.009609152108407288,-0.3069761382396919,0.2542077340968076,-0.10013855967202304,-0.15849974790959476,-0.6472594820784522,0.009609152108406583,-0.036224929985129536,-0.94526112307996,-0.18442671521636386,-1.080754520620929,-0.8680130705141577,-1.1333330543090776,-1.2256750570778072,0.14233158548824765,0.13584521867561003,-1.5138489543058005,-0.3595654154843339,0.12408133374116129,-0.3050275328241268,-0.30883935553659736,-0.3469449996836519,-0.635754044465484,0.12214944469431245,0.1250502895462747,-0.7036964187794109,0
0.9558138012340891,0.0010334127472937634,0.27967722576327125,0.5985369837740325,1,0,0,1,0,0,-0.29363875058271866,-0.23091473145476613,-0.16982862701171944,-0.32091426282975366,0.13864498215872859,0.07041975397640089,-0.8899770105234648,0.15890789713359976,1.6773882415996895,-0.684726660958431,-0.012433254349021526,0.45215323412755287,0.6685617458204111,-0.709864496970995,-0.5102347094238645,1.8155497373687712,0.14778517376642208,0.43565512808614787,1.1169885469471594,-0.4911325578708816,0.5282464562802314,-0.7292480068329893,-0.4685935239990826,1.071562792609459,0.4414962787701205,0.4911325578708816,-1.1169885469471603,-0.6760201580619267,-0.4846237089171882,-0.027453521501095285,0.9121447754169449,0.9395147565080901,-1.3796994712424915,0.5138790966987595,0.012804842605544792,-0.23228628620644656,0.44535835866158957,-0.7105613285614767,-0.11343998820836432,-0.3347718982695729,0.09305597698558829,-0.0012904541294803558,-0.4540570296619595,-0.7099875321636356,0.10046155601764112,1
-0.48340089077122306,1.1863506474345409,-0.4445202009343899,-0.4281154315628296,0,1,0,1,0,0,0.13540510755778543,-0.4326855426448305,-0.11865590134220637,-0.3475321468898929,-0.1978309790122886,-0.06418524724952825,-0.5410508803018065,1.3017751119217378,-0.12439733482959899,-1.0227348754270602,-1.3861123738341203,0.6012097870015654,1.4604954054565995,-1.4317763187159072,1.2051426266885361,1.1250633854372538,-2.24303314041091,-2.38239653308806,-0.9102319489224047,1.7227354082678357,-0.6782696078567502,-0.5794417670546438,1.300635525712621,-0.8425044306669293,-0.5239325465253494,-1.7227354082678366,0.910231948922404,-1.3166279713806959,1.3165582532877582,0.427426948368315,0.9767472778902511,-0.10165033785478751,-1.2851844898232538,1.3294711944779316,2.172163442635189,0.3258135853852078,-0.5538573609678327,-0.4070549059059717,0.534308376921121,1.1693155802430386,0.7022880985276131,-0.6992004034990842,-0.4540570296619595,0.45906541823023866,0.904619530814692,1
-0.020796168340944693,0.4133176682906843,1.7280720791585935,1.0385308760612593,1,0,0,1,0,0,-0.05387894750420167,-0.389656608846373,0.15000090842273722,-0.42854309837727333,0.14820944417876245,0.03151398950246124,0.942946502786121,-0.2822318345322263,-0.1711416249280018,0.8488855592454262,0.9012223476628245,0.7745259392265599,-0.7068438801746689,1.6153123225132293,-0.6021266944560527,-0.02146928624328516,1.1287399701973924,0.9388423174953342,0.6912331826893887,0.37080434932556694,0.3028109740236357,-0.21582525420208276,0.21238177237052347,-0.027550392220121015,-0.2550363979914368,-0.37080434932556694,-0.6912331826893894,1.9142636088357055,-0.3345252120667762,0.9096002464298897,0.7570987694810098,1.2296755205108585,0.7311351137871589,0.2692014673650073,-0.04256332662598434,1.3179911348814817,0.22331042096616224,-0.2553016945782196,-0.1681792866700104,-0.03654765684034838,-0.0423289389126401,-0.5405845059150832,0.03983423407198747,0.23638866577426285,-0.20882997275045564,1
-0.9974061379159777,-0.41125084279609675,0.27967722576327125,-0.13478617003801185,1,0,0,1,0,0,-0.028641073495936725,-0.3954713296299483,-0.3233468040202586,-0.2260157196588223,-0.28857517883916367,-0.12947538073453044,0.16235532019932802,0.8317878812225968,-0.32533069782221047,0.38696168670058245,-0.13773581686821149,-1.187959330509079,0.1122332504178127,-0.8941258972641399,-0.14600038847529556,0.06820605246669142,-0.855998576161166,-1.1619951143976537,-1.9787580846898434,0.3422733367180179,-1.119159086286106,-1.2879149550628317,0.5132784675282551,-1.371553809270503,-0.9553987575385374,-0.3422733367180179,1.9787580846898425,-0.9762083604383547,-0.43459087663371765,-0.9594530619890866,-0.7818764005497497,-1.0385092752232057,-1.1556639597302236,-1.0357458890816678,-0.23327590953458566,-0.8248367671556104,-1.0257092285706153,-1.1658209625447336,0.23324223538206504,0.4691369264526849,-0.14386762583630988,-0.1916295312302808,-0.04248097655033679,0.1250502895462747,0.16231986177126023,0
1.110015375377516,1.8820803286640106,-1.168717627632051,-0.13478617003801185,1,0,0,1,0,0,0.3499270366280375,-0.4635035627977798,0.29072590401389814,-0.45631828174437516,-0.03992523224731885,-0.003814233410656377,-0.5441725258972526,-0.17415704277154428,1.8952539580010759,-2.3859197802532184,-1.040468134748693,0.9293436403721971,1.6316825463987483,-1.504177213445349,0.5131853658809999,1.3449723384504453,-2.4195081209914924,-1.8054952246071927,0.028171549828928673,1.2395736832254003,-0.7462710046069403,0.7531338406492206,-1.2393081604660519,0.8240808605339512,-0.4100551425936137,-1.239573683225401,-0.02817154982892938,-1.3166279713806959,1.0914105080121401,1.5919209512340051,2.191274324388407,0.785900234388976,-0.05648973137315825,2.6344185509246065,2.8919496426450695,0.6978801664463103,-0.6371253376036178,0.8828473903799233,0.4339529964081015,-0.30883935553659736,0.025363519036474696,0.47455723862252236,-0.12479618717266176,0.5704037944582268,0.7190446135538346,0
1.572620097807795,-0.2824120129387873,1.7280720791585935,1.0385308760612593,1,0,0,1,0,0,0.22373766658671274,-0.45012970499555655,1.2118349660651333,-0.6171828854121734,0.42104298991884614,0.13079076781527277,-0.6892177007815008,-0.1800389573430556,2.2617168720156786,0.14906118971026852,1.1381808595551042,0.5972812623403115,-1.110028289955474,-0.5063727104573893,-1.6106206495222228,2.4963395212546353,0.027787565337067457,0.8989269444137096,0.3242026962602782,0.4930801176436278,0.45241234447438156,-1.3663752905655762,-0.5832622592139092,-0.17381837654902696,-0.6020636616403771,-0.4930801176436278,-0.3242026962602789,-0.4253475354589299,-1.4602639384448675,0.30006041680488094,1.5969313016339897,1.5369045647490853,-1.2851844898232538,-0.46483142063624716,-0.6516131881728072,0.38782468222872474,0.3343343898138759,-1.317574173872486,-0.25028823436248077,-0.5033334260339178,-0.5330992590437151,-0.12818317219668063,0.12214944469431245,0.4033962301162448,-0.45626319576493324,0
0.5960101282327613,-0.8493028643109486,0.27967722576327125,-0.8681093238500562,0,1,0,1,0,0,0.7411140837561441,-0.5437467096111195,0.38027817393554597,-0.4748350706557764,-0.17824087955232884,-0.051216659091548364,0.32453782906736733,-0.7435284340997107,0.2710764087062716,0.6145906259594677,0.36133594469969144,0.16149956155147105,-0.2818758955038552,-0.28863120798698855,0.6559887284907573,-0.3533286186036798,-0.22518618830197268,-0.6524631662236153,0.49320743187182114,-0.26889098598050765,-0.7396746536276932,1.677671217594246,-0.7256317186295397,-1.0535630551962272,-1.1067577150525747,0.26889098598050765,-0.4932074318718218,-0.2582324537235989,0.641115017460903,0.09081540066495114,-0.10857476366129187,-0.18699173903207253,-0.08799472517957138,1.0847935651441794,0.8986955503100138,-0.23228628620644656,-0.6093693453916895,1.8692432640103136,0.5708012425622179,0.08014878545804377,-0.3469449996836519,0.728342674756924,1.439192814651505,1.4054416161681371,-0.023255055489598248,1
1.7525219343084582,0.9029052217484598,-1.6032360836506476,-0.13478617003801185,1,0,0,1,0,0,-0.09173575851659908,-0.36872361402550174,0.09882818275322415,-0.42275660184246044,0.1466540683650448,0.043140999575132864,-1.4690157006471973,-0.036622276375269915,0.2886134133095358,-1.5450360649218373,-1.514874214375081,-1.3805152801753964,0.41755452719758024,-1.4159008201575976,0.6088358079868191,-0.10313828314972144,-2.034592899544139,-2.2824103653369177,-1.2270052716588025,-0.6659292998071308,0.6279506751060445,0.660183570664534,-0.4981882325480754,0.06977655506213656,-0.25891881550619666,0.6659292998071308,1.2270052716588018,-1.3444804850032512,0.491016520610491,-0.17301527185930607,-0.19901826712392082,-0.972132629863095,-0.7180946013078251,0.35076067714292497,1.1755363964676604,-0.6043528672675491,0.6674062963570164,0.7310941790521709,0.2879815338437111,-0.02358138547386016,0.008440404549195996,0.3476645205553221,1.3568776040291806,1.0714264874841732,0.038603250264021984,1
2.266527181453213,0.026801178718756015,-0.15484123025532542,1.478524768348486,1,0,0,1,0,0,-0.21792512855792381,-0.2646401119995031,0.35469181110078946,-0.46441937689311324,0.4245167560669027,0.15538636604592426,-1.1777851066152638,0.5025158536899195,-1.274030693072189,-0.6425349987339343,-1.1087415070678601,-1.461710920443133,0.5299419172581604,-0.5098511522105948,-0.060671424290820626,-0.4604145901378521,-0.48438157712057706,-0.5331352652477704,-0.8251557858999272,-1.1752198963459366,1.1283015973209858,-0.7504980805980296,1.2789703768358107,0.3877188501102468,0.920915440718421,1.1752198963459366,0.8251557858999266,-0.4253475354589299,0.04072103005925432,0.3182556355996563,0.020630241285320403,-0.1699234587966153,0.4790951633358572,-0.22015379130249568,0.17890935030013266,0.20179139169817292,1.2780381250194413,-0.5588081172337243,0.6164173246135901,1.234146937075479,1.345366449044194,-0.1916295312302808,0.2044646553166367,-0.32030321536567735,0.7190446135538346,1
-0.04649643069818187,1.3667250092347738,0.27967722576327125,0.5985369837740325,1,0,0,1,0,0,0.009215737516460692,-0.4041934108053113,0.17558727125749374,-0.4337509452586049,0.11361241628493333,0.024358906380817166,-0.17085685855156701,0.5337926330731044,-0.41383530075594244,0.08046845403755835,-0.21056203447248917,-1.3008127838019998,-0.657470053203756,-0.47631269015708355,2.0716307890504613,-0.05891821877308016,-0.36481491323072773,-1.143583199861517,-1.2890243254862828,-0.49571485832222956,-0.2383454068506777,1.3426671062788085,0.5065195918824272,-0.470451913107755,-0.8427454569625479,0.49571485832222956,1.2890243254862819,-0.45320004908148526,1.9169522406894068,-1.6069330893092284e-4,-0.031051760693324323,-0.1699234587966153,-0.7811045889206503,0.10608304780917345,0.8986955503100138,0.2638024885416898,-0.19302946221276363,1.33810702436318,0.1785029369204177,0.4172718409867329,0.19459466390925928,-0.826093121566285,1.6861384465184783,1.5167799923961247,-0.1469716669968365,1
1.5469198354505571,-1.5192647795689571,-0.4445202009343899,1.7718540298733036,1,0,0,0,1,0,0.19849979257844777,-0.4396632075851209,0.07324181991846762,-0.4140768570402411,-0.08783115106403167,-0.018124399653944526,-1.3069848861928213,-2.156473353713483,0.6793805688651935,-2.0942984934659523,-1.756921177600306,-0.61873974503842,1.0789666916729808,-1.8048715811739322,-0.2953302963826508,0.46390461503451264,-2.992684545878284,-2.9485321834567055,-1.5678769133722459,0.7111140177770428,0.013987882035035227,2.6639719468015137,-0.4625565977033369,-0.13823261542069354,-0.5945842141320079,-0.7111140177770428,1.5678769133722459,-1.7065631620964685,-0.40957446049198204,-0.45504116317834126,-0.1602567656399366,-1.3134982345722352,-1.222174502210428,0.4323198869208419,1.5631135810883663,-0.6663639641110671,0.029018475482663446,2.5521327149851984,0.10551720563822252,-0.1532440991387405,-0.194636969298146,-0.0012904541294803558,0.28677986593896093,0.7374113588002092,0.16231986177126023,0
0.5703098658755232,-0.05050211919562982,-0.4445202009343899,0.3052077222492148,1,0,0,1,0,0,0.9682549498305286,-0.5844497550961469,-0.029103631420558513,-0.39498141847535856,-0.5303234463210064,-0.14423273967292133,0.3887758247431199,1.8633474091240552,-1.3767764348165108,1.0743855208598379,0.30358324100076894,-0.07436986995298425,-0.24149201062681713,7.917420869138495e-4,1.89767077309552,-2.625090368235609,0.5114422210951813,-0.5989373360244294,-1.3293007493813815,1.2169526660865582,-0.5398111487937798,-0.656457874365697,-0.7558631486490168,-0.9442881734860621,-0.9794188165175948,-1.2169526660865582,1.3293007493813809,-0.20252742647848845,1.3165582532877582,-0.7825551014843162,-1.8786833314298803,-1.6377955590459181,0.7941451013999841,-1.0357458890816678,-0.5962450189412776,-0.790386157798101,-0.5261013687559044,-0.6346847228976005,-0.07694712256726609,-0.4514683405679659,-0.7700228618656133,0.31594134103852145,-0.5363722402842841,0.013711913318286572,-0.1469716669968365,1
-0.2006980048416086,1.5986349029779314,-0.4445202009343899,-1.161438585374874,0,1,0,1,0,0,0.17326191857018283,-0.4355929030366182,0.047655457083711085,-0.41118360877283466,-0.08986322073364038,-0.017230014263739015,-0.6061114524818442,0.27139358327192686,-1.4305213575619498,-0.4628963208826098,-0.8707631283197345,-0.31709688941841085,0.27386986710810624,-1.1219231145534994,-0.3210701208476202,-0.1942264660599092,-1.1600818446546368,-1.0220304677849918,-0.958568853809468,0.5182145811312309,-0.2781996277803405,-0.6941372089766298,1.7603917512751164,-0.5249742330636806,0.1342208835775695,-0.5182145811312309,0.9585688538094672,-0.9545452942874786,-0.03432821836595151,0.9368930746220554,0.6795757665130432,0.13730558544161034,0.6996301199807459,0.02452383803125581,0.5664865349208381,0.8839134569768611,-0.05424950115312168,-0.4070549059059717,1.0087156302553917,1.8824605053998806,1.4976744794297,-0.44541496736468245,-0.12479618717266176,0.1250502895462747,0.7809029193074537,1
0.544609603518286,-1.5450325455404195,1.4383931084795292,-0.13478617003801185,1,0,0,1,0,0,-0.356733435603381,-0.20591143208539214,0.23955317834438508,-0.44879583624911845,0.5263552229023802,0.18847862548352812,-0.12064062170593008,0.4091810317512338,-0.17389944277190095,-0.31335904673658754,-0.8719600389370845,-0.7790886539654137,0.303608759002436,0.09903449557862228,0.925366282967674,-1.387899050839218,0.3579580257648644,-0.6646613355995574,-0.29127919636700184,-0.7736968421314995,0.2667078222947365,0.3653978208572991,-1.1569783336841977,0.7782729067603573,0.4846783273214228,0.7736968421314995,0.2912791963670011,0.27096530510494976,1.1664597564373458,0.7094528396873502,-0.18609776662925942,-0.03337721691295973,0.9201650766256344,0.2692014673650073,0.4557501964577793,0.5738579727592754,0.3620903820258042,0.5034643620605421,0.44307621281837667,-0.2569742700706454,0.05920974801103089,1.3628062650929278,0.36909507656128593,0.013711913318286572,0.5334696962929761,0
-1.8969153204192981,1.4697960731206219,0.27967722576327125,-0.13478617003801185,1,0,0,1,0,0,2.924190185471062,-0.7274918863721004,-0.19541498984647596,-0.2896671815417641,-1.160552998935747,-0.3356312131769003,-1.4416909887620104,0.1695143816586471,0.2638690500168045,-0.8236080473531536,-1.7559437214288918,-1.2955618038797678,1.0139998417198879,-1.0248983738561797,0.014480199532669307,1.1224386452733053,-0.25909835302245493,-1.2366429259244063,-2.018119135314598,0.23455420748543962,0.9806400353755369,-0.21815786267429021,0.7672247598909075,0.8557238455760773,1.075471712745562,-0.23455420748543962,2.0181191353145973,-1.17736540326792,-0.5596729573423944,-1.7378040882100778,-1.0259302987822392,-1.05747403104038,-2.76591919872465,-1.4435419379712537,-0.8177176958673952,-1.720552610450858,1.0282341951120857,-0.1035484832504671,0.34272083230535716,0.7025298110494701,1.0407503882731821,-0.09645999267988113,-1.1125787146405561,-1.1553410370755877,0.47161139053935697,0
0.030604356373531493,0.6967630939767645,-0.15484123025532542,-0.4281154315628296,1,0,0,1,0,0,0.04707254852885811,-0.41000813158888666,-0.38731271110714993,-0.16815075431069346,-0.4310025684249244,-0.18537446762237475,-1.7419836225772587,-0.8289194407674932,-0.060623580841380344,-1.3001361555583923,-0.8305406120660931,-0.40358439129787677,0.5145797536903867,-1.1924020985620858,-0.8951188807868535,0.5409599570237806,-0.2512561649308419,0.4532466897397157,0.5444209881177442,-1.0903910820752818,1.230836504538898,0.24100750165533194,0.6264870527416735,1.5072587562012847,1.5222506474345856,1.0903910820752818,-0.544420988117745,-1.2052179168904753,-1.009968447893631,-0.8189455390738695,-0.44450777652248397,-0.5112890635057554,-0.4660546508565234,-0.38327221085833024,-0.6516131881728072,-0.8523972546416179,1.194770148383656,0.27583454506891375,0.15113328768959466,0.45617065508619664,1.0745966172477384,-0.15990635171348128,-0.28942660841731066,-0.7656567202776299,0.47161139053935697,0
0.13340540580248203,0.8771374557769975,0.27967722576327125,-0.13478617003801185,1,0,0,1,0,0,-0.23054406556205628,-0.2617327516077154,-0.3361399854376369,-0.22312247139141586,-0.11506350969066491,-0.028857024336410634,1.5326333394670884,0.534571555261268,-0.9439079476851782,2.0233818917820696,1.6383016389614384,0.4692793964328419,-1.5502020463285184,0.7215469586955742,0.5876251567039716,-0.03792474546685776,1.2701283248417705,1.3993579186140628,-0.003877616098807187,0.6438868985692391,-1.4102027475610026,-0.14504625384389455,1.252243073843387,-1.4740208930984735,-0.7636717234454873,-0.6438868985692391,0.0038776160988064777,0.6887530094432773,0.5660657690356972,0.06352257247278678,0.03355074177998182,0.5469443110925782,0.4790951633358572,-1.0357458890816678,-1.149926711256571,0.5118468759157585,-1.3310251429018278,-0.17942508891434333,-0.13168642102891215,0.5210020119186368,-0.14386762583630988,-0.7626467625326843,0.36909507656128593,0.793080546914203,0.10046155601764112,1
1.0843151130202777,0.2587110724619126,0.27967722576327125,1.0385308760612593,1,0,0,1,0,0,-0.14221150653312897,-0.32802056854047434,-0.5536240695330674,0.06909560361663487,-0.5571956328353298,-0.30566930260501574,-1.31894389923214,0.42063977615574694,-1.8242279736341727,-0.09634302459652729,-0.5462075926726385,0.6357845093436604,0.9402247147903902,-0.5495020865320376,1.4770754079769062,-0.9680015839128163,0.033376694656496744,-0.6430105224333731,-0.22109974072011698,1.0864182721050466,1.2849675882594827,0.9023604246382994,1.521032513841277,0.1632489697787604,0.08232199820520593,-1.0864182721050466,0.22109974072011698,-0.5924626171942612,1.1664597564373458,-0.3913578973966235,-0.806281790372998,-0.7502449868021539,-0.05648973137315825,0.5954383064766764,0.7879592118469556,-0.23228628620644656,0.9449662184763004,0.5793409677244183,-0.5878472415426337,0.22277777048941236,0.27921023634565156,-1.7460653275534903,-0.8656330827735822,-0.48731077970765985,-0.3944048900113141,1
-1.2030082367738797,1.5986349029779314,-0.4445202009343899,-1.161438585374874,1,0,0,1,0,0,0.5770679027024219,-0.5210692985551757,0.32910544826603294,-0.45747558105133773,-0.1336732905834801,-0.047191924835623573,-0.36001389632319625,0.5896496703420183,0.5136091940112615,0.1592029556228548,0.5538915260361507,2.0539007350831255,0.3638164557364783,-0.45264775556890086,0.32094734736993075,-0.24933159665261778,-0.24386467730426548,-0.3851067832933859,0.4407888507730546,2.3641066199749314,0.04832778256871154,-0.48779467047531805,-0.9526751834116096,-0.4568849616922593,-1.0960679301515546,-2.3641066199749314,-0.4407888507730553,-0.5646101035717058,0.04072103005925432,-0.6915790075104341,-0.7029177864157086,-0.7502449868021539,-0.4660546508565234,0.10608304780917345,-0.09793149585751397,-0.9764194483286528,-0.27629743884854874,-0.7864379342253526,-1.2264723902618437,-1.4498712357875443,-1.4977167848185873,-0.794369942049485,-1.4418395571298541,-0.5986491559356475,-1.136704559054746,0
0.6217103905899984,0.5421564981479937,-0.4445202009343899,-0.13478617003801185,1,0,0,1,0,0,-0.7983962307480176,2.4682786562809076,0.40586453677030254,-0.4765710196162203,2.2903710822042025,2.266583079626029,0.6531270317762812,-0.2616987883543541,0.11580571480740368,1.5881726019160822,1.4531582906144649,0.7832083053226572,-1.6388400161325067,0.49259649143858947,-0.5735087996948681,-0.6945613369981859,1.4257534651241148,1.0021201266090605,0.7686432489180746,0.3058716999428703,-0.41599242640167616,-0.21533872572932192,-0.8562774520993198,-0.7317659947230346,-0.9108016908505645,-0.3058716999428703,-0.7686432489180752,0.8837206048011639,-0.18442671521636386,1.3826759350940767,0.7441782689863493,1.349153482159058,1.6762849279795395,-0.46483142063624716,-0.8177176958673952,1.5040244254120325,-0.3318094232724056,-0.1035484832504671,0.33359761589508324,-0.17917664187171697,-0.44848368660732285,0.6331731362065233,0.6983559190505837,0.9600881112561845,0.16231986177126023,1
0.5960101282327613,-0.4885541407104817,2.8867879618748513,-0.4281154315628296,1,0,0,0,1,0,-0.7100636717190902,0.7354918627754558,0.12441454558798068,-0.427964448723792,1.3323887394472682,0.8963846618311887,2.487050248564594,-1.4652969906235054,0.6425471025498444,2.210420659362689,2.8500100733473497,0.4785889391112912,-2.4346239896018966,2.022091355276668,-0.8942594219227653,1.9568826352671738,1.0348626820934306,1.708570595350547,-0.47959406901947754,1.1283937904791788,-1.4378540555280448,1.1153166472712124,1.08809491276061,-1.959983585460584,-2.03706603726783,-1.1283937904791788,0.4795940690194761,1.9978211497033713,-0.7848207026180125,0.22727954162577424,1.2351572877834756,1.673450806632741,-0.9071245641463012,-1.6066603575270884,-1.648240234340335,0.44983577907224165,-1.3587811351137562,0.9587239960437993,-0.1681792866700104,0.4043055696202447,-0.44848368660732285,-1.4922798914190887,0.5337254978059351,1.3497724280541432,-0.1469716669968365,1
0.4932090788038099,1.8820803286640106,1.4383931084795292,-0.13478617003801185,1,0,0,1,0,0,-0.7479204827314877,1.8228446493040447,0.29072590401389814,-0.45631828174437516,1.6698737409153168,1.7545474437333748,0.6256453719716513,-1.3812353386195044,0.4260252757272741,0.34641623429000756,1.1761654195992948,1.7422195770814306,-0.8854985285396597,0.32631600884125544,-0.8923351817094483,-0.5721868572083144,1.4638578500698547,1.4340168517798613,1.465333844976243,0.9228794432816189,-0.5439240084536571,1.0018670533956473,-1.1573834338546114,0.9835504023444995,-0.12903430228502252,-0.9228794432816189,-1.4653338449762439,-0.14682239923337803,-1.1600669447440433,-1.5285590720701494,-1.5298298180740268,-1.0062691903340089,-0.40304466324369825,-0.8726274695258333,-1.4267675574142176,-1.0384305451721696,-0.4150773999081907,1.1863538130354276,0.561678026151944,-0.16621037050522874,0.22844089288381547,0.664896315723324,0.03983423407198747,0.5704037944582268,0.904619530814692,1
0.9815140635913272,-0.2824120129387873,0.27967722576327125,1.0385308760612593,0,1,0,1,0,0,-0.4703038686405733,-0.07856904692509216,1.2118349660651333,-0.6171828854121734,1.1211345501887549,0.416546899985933,-0.5796546387250096,2.056579571075103,1.2707800956436177,0.0030459605859731328,0.6529581096406979,0.999061249154614,-0.4296118368198368,-0.3601756822702875,1.5514842506363062,1.136288338053286,0.1372797386997408,0.6629056397350985,1.2766468085438225,0.0964376253461319,0.44614058760169656,-1.2684771394108898,-0.5953387656160499,0.13200934271130782,-0.20167918869849807,-0.0964376253461319,-1.2766468085438232,-0.03541234474315745,2.2171492343902317,1.510042466657512,1.9845463164738264,1.9636115706355104,0.4475901695294441,1.166352774922097,0.5664865349208381,1.5040244254120325,0.3065783976019474,-1.2416975682086098,-0.323273965644676,-0.5681647828663581,-0.48232991558187904,-0.0012904541294803558,0.12214944469431245,0.18071947766026855,-0.45626319576493324,0
1.7525219343084582,-0.9523739281967958,-1.6032360836506476,0.3052077222492148,1,0,0,1,0,0,-0.09173575851659908,-0.36872361402550174,-0.6559695208720935,0.42207189224022096,-0.8703179114872959,-0.6097603352748889,-0.8947080814613191,0.4592024452825409,-0.273674426580253,-1.1219280592643814,-1.628891042340801,-0.4619076360054431,1.3296356060475711,-1.314396788094586,0.3068772138779731,-0.06653819957330669,-1.3813292810050084,-1.621053175770412,-1.0705131521703464,0.43173498641965286,-0.06921641671762732,-0.32284691111903213,0.3072576356310995,0.1459499577140023,0.5349952178129926,-0.43173498641965286,1.0705131521703457,-1.2052179168904753,0.41596727218528484,0.3728412919839863,0.279040251178545,-0.3064697006802721,-0.24551969421163483,0.2692014673650073,0.954063719541543,0.015758101167622184,0.029018475482663446,-0.17942508891434333,0.4339529964081015,0.533968283285125,0.5669031826293847,0.4428340591057229,-0.7010026615289333,-0.5986491559356475,0.5334696962929761,0
-0.5862019402001745,0.5421564981479937,-1.168717627632051,1.1851955068236681,1,0,0,1,0,0,-0.571255364673633,0.1801860279440106,0.06044863850108935,-0.411762258426316,0.7997920637258873,0.4567942425451809,-0.18647430522019992,-0.3279623160062841,0.6891282231942413,0.03800783915516569,0.6734247348842465,-0.3874001807284081,-1.0134505649367658,-0.6911332658573999,-0.3581404419563002,0.20244971954175223,-0.17185640726002646,-0.01192116480881108,-1.0299055238845727,0.4930801176436278,-0.4312751551732607,0.09136133844560042,-0.7386189230757239,-0.22175601025574732,-0.887123834145028,-0.4930801176436278,1.029905523884572,-0.8709877534198129,-0.7097714541928067,-1.3284116653276086,-1.0388507992769007,-1.040405750804923,-1.0016395455655394,-1.4435419379712537,-1.2606630497196296,-1.2244638357027204,-0.38732140769626244,0.12408133374116129,0.12376363845877164,-0.2829068128036209,-0.3469449996836519,0.030432725387320277,0.12214944469431245,0.4033962301162448,-0.2706882785040748,1
2.266527181453213,0.9029052217484598,-0.15484123025532542,0.5985369837740325,1,0,0,1,0,0,-0.21792512855792381,-0.2646401119995031,-0.438485436776663,-0.11896553376478392,-0.2715253209509016,-0.11158767293042024,-0.18654290549084984,0.21956102907176614,-0.05073121205277987,-0.1406827558542333,-0.09665410773207421,-0.6474743936286517,-0.4585215501493375,-0.439488593850503,-0.06970949669719886,-0.5295154666515111,-0.346022816816842,-0.46475946303642673,-0.47521987007162214,-0.41176056791003296,-0.17973937359644127,-0.3711878463768626,-0.4627607113260233,-0.1530569749074627,-0.3280920837856802,0.41176056791003296,0.4752198700716215,-0.3974950218363748,-0.03432821836595151,0.10901061945972781,-0.18609776662925942,-0.3064697006802721,0.3530751881102058,-0.05703537174666111,0.17890935030013266,0.015758101167622184,0.1400424443303771,0.04820472807728505,1.4101371523074657,0.9099901529132779,0.7869036709640054,1.2359135470257274,1.6861384465184783,1.5724491805101195,1.3376276710900281,0
0.5960101282327613,1.3924927752062353,0.27967722576327125,-1.6014324776621007,1,0,0,1,0,0,-0.07911682151246661,-0.36872361402550174,-0.8094876978806327,2.1695938457537123,-1.7939475649876047,-1.9602822744852078,0.24802000101394464,0.6800916557006245,-0.34407011319461145,-0.8084563453478446,-1.5751383120822633,-1.2167504366011606,0.8304967890822743,-1.0786711217125258,-0.3095193352923605,0.8714755375493094,-1.7658835492408749,-1.8416949163415521,-1.3567040124745664,-0.31393995325558316,-1.42267332410715,-1.243516816141545,1.346104241610666,-0.6588475339002401,0.24970032064754194,0.31393995325558316,1.3567040124745657,-1.0938078624002545,-0.4846237089171882,-0.6733837887156574,-0.1602567656399366,-0.8355863879794388,-1.537224440274555,-0.22015379130249568,0.5111183656893089,-0.8523972546416179,-1.3032691506898992,-1.0899443568808573,0.42482977999782756,1.0915179520441112,0.7192112130148905,-0.15990635171348128,0.36909507656128593,0.23638866577426285,0.5953280020465953,0
-0.04649643069818187,0.0783367106616796,0.27967722576327125,0.5985369837740325,1,0,0,1,0,0,0.009215737516460692,-0.4041934108053113,-0.7839013350458762,1.964173218767855,-1.5996787515796007,-1.828807622124998,0.1579159758113914,2.1440526631481034,-0.10500018196755757,-0.16362987790083508,-0.8433443481044249,-0.9491991533383505,0.41113313731618417,-0.37477520009496773,2.4100768993364317,0.12947303854004916,-0.3422193839738176,-1.021268530063786,-1.4375436385994584,0.13114384342216406,-0.5940569725602232,-0.5284174361621342,0.2736466836770829,-0.11828547454700415,0.09931901032206379,-0.13114384342216406,1.4375436385994576,-0.3139374809687093,2.367247731240644,0.21818193222838655,0.2531992501892221,0.10316902497069583,-0.7180946013078251,-0.05703537174666111,0.7879592118469556,0.5738579727592754,-0.5538573609678327,-0.482931511569848,0.05077790717657645,0.1838789563899486,0.12690220596014448,-0.033013633646279864,-0.04248097655033679,0.013711913318286572,0.16231986177126023,0
1.521219573093319,-1.5192647795689571,0.27967722576327125,1.7718540298733036,0,1,0,0,1,0,-0.40720918361991093,-0.13090153397727022,0.07324181991846762,-0.4140768570402411,0.49168888641901887,0.2193349214456182,0.43852924531406734,-1.56578374251116,0.12185231355117411,0.45544013674140016,0.45346015676788,1.4889095789242741,-0.2240962176093042,0.6860809960385909,0.7606760257569469,-0.28310628596713705,0.7032401094302194,0.35642030773188005,1.7556215933338128,0.28949096339405445,0.0757384568013107,2.911115869462274,-0.4510707094319589,0.08205061232769786,-0.24154535353070955,-0.28949096339405445,-1.7556215933338135,0.4659329004628361,0.491016520610491,-0.5005292101652823,-0.5607922809744348,-0.27233314020935756,-0.2770246880180474,0.6769975162545934,-0.09793149585751397,-0.728375060954584,0.05677446769459199,2.7038859263129513,-0.013084607695344815,-0.24400799870415715,-0.194636969298146,0.09387908442092041,0.36909507656128593,0.5704037944582268,-0.023255055489598248,1
1.0072143259485644,0.5679242641194551,-1.168717627632051,-0.4281154315628296,1,0,0,1,0,0,-0.5207796166571032,0.06098425188071606,0.9687645191349462,-0.5789920082824084,1.136714851530458,0.4943584289338122,-0.1835243396721419,-2.7536910056576605,1.5495029968473268,-0.16258058057915523,1.0717799121218636,1.047256182887206,-0.5554422096927494,-0.3056250027936508,-1.8423899008247133,-0.24520497402547886,-0.06680720082077554,0.6156836358525505,0.12891477706591967,1.300476421676128,-0.05018183992996865,1.9338615665239438,-2.364629856766024,0.15339099880305837,-0.792271139899932,-1.300476421676128,-0.12891477706592036,-0.3974950218363748,-1.760460932145692,-0.4914316007678933,-0.5349512799851129,-0.5283573437412127,0.4475901695294441,-0.7910682597479163,-0.9284540343304539,-0.5423417704240322,-0.22078545442469194,1.413983630027056,-0.6790794056453779,-1.6832641203843295,-1.531563013793144,0.664896315723324,-0.7833178721512579,-0.26463402725168356,-0.5799798072721716,0
-1.5371116474179702,1.3667250092347738,-0.15484123025532542,-0.8681093238500562,1,0,0,1,0,0,0.24897554059497767,-0.45361853746570174,-0.6431763394547153,0.37577991996171783,-1.0784554262698471,-0.6392750531516708,0.13136768781930697,1.1268999767955434,-1.100938360726681,0.6036347074449693,0.12592950267010786,-0.8063063338650835,-0.1977283180579775,0.14498267224963154,0.3255453475111087,-1.1581773118561187,1.1206039385617141,0.6500939362796576,0.2654778184316193,-1.3630033399023458,-0.03780498992372398,-1.220581400987214,0.3411631165455381,0.2957001365985599,0.47097567726931505,1.3630033399023458,-0.26547781843162,0.15955525061472892,0.340918023760079,0.11810822885711679,-0.5091102789957901,-0.06751377738387422,1.0146800580448727,-0.38327221085833024,-0.5408768497097485,0.20179139169817292,0.44535835866158957,-0.7864379342253526,2.021392651795853,1.9343255908658337,1.9715216850734973,1.331083085576127,1.1099319721622063,0.45906541823023866,1.8324941171189824,0
1.4698190483788447,-0.2566442469673251,-0.15484123025532542,0.5985369837740325,1,0,0,1,0,0,-0.1800683175455264,-0.2937137159173798,-0.579210432367824,0.16746604470845394,-0.5775508200760066,-0.3553076917614215,-0.37808248690982654,-1.0647523245901744,0.13281845598104494,-0.08095287561483758,0.44316427443346257,-0.27439510382581844,-0.09907445561864486,1.0910970739986006,-0.1793776536282121,0.41765731213319585,1.1211579327635472,1.2077298509723149,0.2567889334467663,-0.6289223324429117,1.6159442419310444,1.281709384955374,0.23813804120552776,1.221083126571744,0.6029778727712731,0.6289223324429117,-0.25678893344676695,0.9951306592913848,-0.18442671521636386,-0.04564874029587195,0.17567624722125458,0.6322857122698633,-0.11949971898598452,-0.9541866793037505,-1.149926711256571,0.015758101167622184,1.4168180860790833,1.1104772073715516,-0.1681792866700104,-0.02358138547386016,0.46536449570571364,-0.667477223982284,-0.7833178721512579,-1.0996718489615938,-0.20882997275045564,1
0.6988111776617119,1.0059762856343069,-0.4445202009343899,0.5985369837740325,1,0,0,1,0,0,-0.36935237260751347,-0.17160457946229762,-0.4512786181940413,-0.1102857889625646,-0.10686997712177208,-0.04674473214052082,1.0187736990614464,1.3703553323363553,0.058333744464172554,1.7935940985564192,1.2075322011842022,1.0632080542434978,-0.7606836497906577,1.238692424563117,0.5808806078878145,0.17218537316154034,1.284722171801624,1.1323178295576422,0.6912331826893887,0.7645323233097278,-0.17894275269067994,-1.2989422581990446,0.09328551165873282,-1.1491214002934396,-0.4643630288138649,-0.764532323309727,-0.6912331826893894,1.106540713781605,0.491016520610491,-0.10933200607758836,-0.0052107597040024186,0.512807750621665,-0.11949971898598452,-0.38327221085833024,-0.7069813574043363,0.2638024885416898,-0.10976148557697851,-1.1658209625447336,0.29710475025398503,0.30057539868834077,-0.194636969298146,0.5380035976561225,0.12214944469431245,0.5704037944582268,0.7190446135538346,0
0.13340540580248203,0.0783367106616796,0.27967722576327125,0.3052077222492148,1,0,0,1,0,0,-0.23054406556205628,-0.2617327516077154,-0.8350740607153893,5.4968293532711225,-2.1033402180397163,-4.44935681542714,0.9073508404771736,1.4281375454640146,-1.486430580615592,0.7460658296857812,-0.13564526843495772,0.5003203239346988,0.460208025597246,0.9276408906595365,0.9672447545435012,-0.31972031239387566,1.5537670683928275,1.2513815025746065,0.6152054390719316,0.07222398482797085,-0.3348055831641629,-0.9911990386011569,1.7107123191742715,0.5328020240388269,1.3980759679411061,-0.07222398482797085,-0.6152054390719323,1.0229831729139398,1.0914105080121401,0.4456221671630917,0.2015172482105774,0.8371050750953478,0.6996301199807459,-0.46483142063624716,-0.762349526635866,0.7598912632898273,-0.3318094232724056,-0.9381911455531051,-0.04957747333644305,0.8321925247143505,1.0238272737859035,-0.667477223982284,-1.3595243465075295,-1.4893561657595522,0.5334696962929761,0
-0.48340089077122306,1.5986349029779314,-0.7341991716134544,-1.161438585374874,1,0,0,1,0,0,0.6654004617313493,-0.5303728518088963,0.32910544826603294,-0.45747558105133773,-0.17358109430441865,-0.05434700795726765,0.7306747320080383,1.2635260393246597,-0.32180139800473423,0.28442532056979075,-0.2815049857457559,1.306466068346799,1.3856436221287656,0.9837127236678255,1.1447580062660008,-1.3387887550716904,0.2054621756317553,-1.4608339859349437,-0.7279513648365089,2.5038371966517667,-0.033106838696864004,-0.5874357016967111,-0.9054402950685881,-0.18050748222255988,-1.0602497905533617,-2.5038371966517676,0.7279513648365081,0.939425632046274,1.0914105080121401,0.07262018187017576,-0.6383152839424023,-0.5283573437412127,-0.2770246880180474,1.0032343553662626,1.6184817503198954,-0.10826409251941274,-0.19302946221276363,-0.7105613285614767,-0.6243401071837319,-0.9571529238609991,-0.9561771212256767,-0.5405845059150832,-1.3595243465075295,-0.3759724034796717,-0.5181215015185524,0
-0.3034990542705592,-0.7204640344536393,-0.8790386569529866,-0.8681093238500562,1,0,0,1,0,0,-0.5460174906653681,0.0871504954068051,0.27793272259651985,-0.4551609824374126,0.8794425942660673,0.4187828634614468,0.5901343962340105,-0.2315531147117909,-0.8911556985074954,1.3176244143916123,1.5167089769570075,0.7980472959386391,-1.270189766777937,0.43771338889445993,-0.7213694902565166,-0.4393209275021131,0.5650952460861867,0.8758483597911778,1.1393967240133565,-0.04159846927444537,-0.38323818266360177,-0.40483820276957516,0.7767645295614787,-1.2196868050286271,-1.1167004990445197,0.04159846927444466,-1.1393967240133573,0.35452284597261524,-0.7097714541928067,-0.1548200530645294,-0.354064273059855,-0.11871861809024475,0.6996301199807459,-0.22015379130249568,-0.7069813574043363,-0.046252995675895824,-0.27629743884854874,-0.2553016945782196,0.4521994292286506,0.806259981981374,0.2115177783965368,-0.5723076854318833,0.9453015509175579,1.0157572993701793,0.038603250264021984,1
0.5960101282327613,0.5163887321765315,2.8867879618748513,-0.4281154315628296,1,0,0,1,0,0,-0.7100636717190902,0.7354918627754558,-0.6175899766199587,0.22822425832398924,0.41121777532108655,0.38926814558466494,0.6830447013952841,-0.18106422423317287,1.336533179653711,-0.22484868720509743,0.38485598484907096,-0.15827486309596625,-0.43041552982212256,1.983783915503158,-0.9766820844208348,2.044341485310569,1.0403123382248878,1.759832904701391,-0.6187833227191311,0.39783372969061137,1.0323832297161197,-0.7299023415479998,0.2272804064826882,1.3353119770087312,1.2178026787621514,-0.39783372969061137,0.6187833227191303,1.9699686360808162,-0.8598699510432187,0.2454747604205509,1.2997597902567817,1.7417239275745686,-0.9386295579527137,-1.6882195673050053,-1.7036084035718644,0.5118468759157585,0.3065783976019474,-1.0899443568808573,-1.710002860006389,-1.3591073362221284,-0.8546384343020056,-1.238494455284687,-1.6887851889968277,-1.7677021063295222,-1.5078543935764617,1
-0.4063001036995106,0.49062096620506923,-0.15484123025532542,1.478524768348486,1,0,0,1,0,0,-0.3062576875868511,-0.22975178729805104,-0.7711081536284979,1.8166175571301264,-1.1907743066096774,-1.580615676342969,-1.0532042076508554,-0.3248234924089197,0.9951216727366533,-2.078100529616882,-1.8144888183219339,-0.951723837705366,1.1661282462624547,-1.167326469631931,-1.3365894874157112,0.770209306222572,-1.3612699980734517,-1.095990021073666,-0.1934532884955867,-1.106173187055868,0.2981272343036061,-0.8931355698673673,-0.5863785893530225,1.4575677196385832,1.288903391729283,1.106173187055868,0.19345328849558602,-1.0938078624002545,-1.2351161931692491,0.05442496307539909,0.44700675760914055,-0.15285517856115927,-0.655084613695,0.2692014673650073,0.40038202722625016,-0.046252995675895824,-0.16527347000083534,-1.1658209625447336,-1.5184153153906257,-1.5276688639864726,-0.9900233502002335,-0.4771381468814831,-1.0302635040182315,-1.4893561657595522,-1.0748462533011267,0
0.31330724230314594,0.33601437037629844,-0.15484123025532542,2.505177183685348,1,0,0,1,0,0,-0.7226826087232228,0.8721378011894763,-0.630383158037337,0.3121284580787761,0.44498297934688336,0.4295154881439129,-1.031710929371367,-1.2301478866535065,0.23934349619192324,-0.5570674648504856,0.22291319033210377,-0.18020533595730603,-0.07654034083654143,-0.3406186236750828,-0.9568496752523796,1.0624840541599663,-0.003734259168916502,0.9094816554697465,1.0520428134163116,-1.2891818387499494,1.0942770465302343,0.7298655806175348,0.7405034315102561,0.748859378547842,0.5981337555051454,1.2891818387499494,-1.0520428134163122,-0.3696425082138195,-0.9349191994684248,-0.20940570944885942,0.3565632541465125,0.3421249482670949,-0.24551969421163483,-0.13859458152457876,-0.5962450189412776,-0.4183195767369984,1.194770148383656,0.8828473903799233,0.48869229486974886,0.8192262533478623,1.1084428462222957,-0.3819686083310823,0.36909507656128593,-0.2089648391376897,0.22417816752487937,1
-0.9460056132015023,-0.5916252045963298,0.27967722576327125,-1.161438585374874,1,0,0,1,0,0,-0.6343500496942954,0.4214969404623873,-0.5920036137852022,0.18193228604548617,0.16770777687585575,0.18355950583739783,0.32798994910934215,-0.05514024391681202,-0.02242389753690241,0.6448804860880474,0.967443425303755,0.529146141462161,-0.40227748725752926,-0.08352592123931014,-0.2760963434448222,0.3705383003001031,0.6651365248379928,1.125447281693268,-0.4157307643808121,1.1340089365774726,-0.5395361247435749,-0.2009055406407369,0.40300947636211015,-0.2116539401957687,-0.15894361433575593,-1.1340089365774726,0.41573076438081064,-0.14682239923337803,-0.3345252120667762,-0.2548937564358004,-0.031051760693324323,0.2397152668543526,0.038025250046078915,-1.1173050988595852,-1.0945585420250417,0.139780294854656,-0.7759052986632599,-0.6346847228976005,-1.4636760169289798,-1.0738493661593913,-1.0746389226366257,-1.3336639938350878,-1.4418395571298541,-1.211010225189582,-1.4459960878228426,0
0.9044132765196139,1.3924927752062353,0.5693561964423357,-1.6014324776621007,1,0,0,1,0,0,-0.4198281206240434,-0.12217945280190722,-0.8094876978806327,2.1695938457537123,-1.4004051235104358,-1.7706725717616398,0.8437554996870189,0.7201208934026838,-1.5580714877879982,0.22701434993633285,-0.6370327422311236,0.06806163291181455,0.7811469828625038,-0.1955701192206014,-0.27478082948995863,-0.9332145776914041,-0.1773215253291809,-0.42621236761187786,0.6912331826893887,-0.5927287050207662,-1.368673920393809,-1.2636579286051794,1.1921452678009292,-0.48251073016387463,0.4120603427268295,0.5927287050207662,-0.6912331826893894,0.2152602778598393,0.26586877533487285,1.801165967373935,0.9250652759116064,0.8029685146244333,1.9598298722372534,2.2266225020350205,1.9506907657090713,1.5660355222555504,-1.2755131584779709,-1.1658209625447336,0.0963939892279486,0.7025298110494701,0.4484413812184362,-0.2233527107470814,0.28677986593896093,0.013711913318286572,0.10046155601764112,0
0.08200488108800677,1.5213316050635446,0.5693561964423357,0.3052077222492148,1,0,0,0,1,0,-0.7605394197356201,1.971120029285216,-0.42569225535928473,-0.12764527856700325,1.1305482756863652,1.6145761301662127,-1.0650728794265338,-0.6044566074381466,0.5774768169525487,-0.8950680833121484,-0.5475270845069097,-1.6596931606597098,0.19171989601788467,-0.5637700363484883,-0.3994167394310366,0.37001313160819593,-0.20058708584087803,-0.027428645655013885,-0.02757457514840374,-2.2362753928788943,0.9176973879714794,0.4295087419513557,-0.4176026410261598,1.0102805148868899,0.6850332915968134,2.2362753928788943,0.027574575148402326,-0.5089050763265954,-0.3345252120667762,0.14540105704928116,0.31780175266252825,0.22264698661889537,-0.11949971898598452,0.35076067714292497,0.40038202722625016,0.2638024885416898,0.5841383197212315,0.12408133374116129,-0.7155722712864762,-0.8015576674631424,-0.39771434314548676,-0.2233527107470814,0.4514102871836102,-0.48731077970765985,-1.0129879475475077,1
0.6217103905899984,0.5679242641194551,0.27967722576327125,-0.4281154315628296,1,0,0,1,0,0,-0.6974447347149578,0.7035108984657914,0.9687645191349462,-0.5789920082824084,1.677147595670538,0.9885063570223562,0.8823373234350722,-2.1064806183134994,2.0522637477807883,0.5587319260225225,1.1392441731421659,1.8961824661729814,-0.017613711815156217,1.0611335511361932,-1.3007572169579307,0.5061764987117973,1.1709793792899332,1.3191963482813538,1.2994551316290601,1.2973829492468834,-0.166639385368367,1.5881407310631623,-2.296854728728948,0.40631232211879265,-0.19313474730573815,-1.2973829492468834,-1.2994551316290608,0.577342954953057,-1.3852146900196616,-1.06458099280335,-0.6770767854263857,-0.22112829950298704,-0.844114576533476,-0.22015379130249568,-0.762349526635866,-0.790386157798101,-0.19302946221276363,1.413983630027056,-0.12256320461863823,-1.268343436656712,-1.057715808149347,1.5214221626769286,-0.8656330827735822,-0.3759724034796717,0.038603250264021984,1
1.3670179989498932,1.4697960731206219,-0.8790386569529866,-0.13478617003801185,1,0,0,1,0,0,-0.6217311126901629,0.37497917419378457,-0.19541498984647596,-0.2896671815417641,0.7246738805195572,0.5122461367379224,-0.7340814114701703,-0.9209477078810685,-0.1829578081946178,-0.8030842817132976,-0.7438571110161913,0.5020560444370216,0.5526507300344161,0.08995037255221043,-1.3404228417592299,0.01849158529253892,0.3841477892537689,0.5617441090834435,0.5581846313588362,0.13114384342216406,1.1106354245734142,-0.07877654621519363,0.2686917128222139,1.4658294259382132,1.5154844633415911,-0.13114384342216406,-0.5581846313588369,0.4659329004628361,-1.009968447893631,1.4918472478627354,1.2739187892674588,1.4003583228654286,1.3297299961089997,-0.05703537174666111,-0.319404172783631,1.5040244254120325,0.8061862574166584,-0.2553016945782196,-0.5604775923118106,-0.3477381696360611,0.22844089288381547,-0.28679906978068154,-1.5241547677521787,-1.6563637301015341,-0.1469716669968365,1
0.6217103905899984,-0.30817977891024867,-0.4445202009343899,-0.8681093238500562,1,0,0,1,0,0,-0.7983962307480176,2.4682786562809076,-0.5664172509504457,0.08934834148847998,1.3295328687750558,1.8292286238155349,0.16831609367344638,-0.06628200829225912,-0.09361490333389857,0.8270251124832312,0.45605944594701725,-0.5348833627599554,-0.9031493828822463,0.6379564128640376,-0.7139958586467818,-0.7182068324058591,1.7314124232834474,1.3254996512476882,0.05712944868845589,-0.7861774033115495,0.40339090540167966,-0.6242912407504679,-0.59375389398975,0.5995813490311592,0.7011928061874079,0.7861774033115495,-0.057129448688456604,1.050835686536495,-0.3345252120667762,1.4008711538888534,0.7441782689863493,1.4856997240427134,1.833809897011603,-1.1173050988595852,-1.2606630497196296,1.876091006473136,0.3065783976019474,-0.6346847228976005,-0.19554893590083341,-0.46443461193445323,-0.21156008378542468,0.6331731362065233,-0.28942660841731066,-0.6543183440496418,-0.20882997275045564,0
0.31330724230314594,1.572867137006469,-0.15484123025532542,-0.13478617003801185,1,0,0,1,0,0,-0.7226826087232228,0.8721378011894763,-0.7966945164632545,2.108835632138177,-0.398226511328222,-0.9590178301501402,-0.48801778912758104,-0.1549578055864337,0.6395874844218925,-0.7943912100833054,-0.31436592372840155,0.9420390532417705,0.7103005876424902,-0.36299660878493634,-1.317556693076446,1.304768763049548,0.05241078506099912,1.1454429968795694,1.9179859271609279,-0.6174061782631385,0.31589868101274593,-1.107214920367236,0.43682925793269106,1.1251409122792762,1.5269932412849563,0.6174061782631385,-1.9179859271609287,-0.45320004908148526,-1.3101654415944555,-0.5187244289600577,0.188596747715916,0.20557870638343811,-0.49755964466293656,0.18764225758709038,-0.5962450189412776,-0.790386157798101,-0.026493508941193386,-1.2416975682086098,-1.0805009276974533,-0.723760039264214,-0.2792525417345383,-0.5723076854318833,-1.1125787146405561,-1.4336869776455579,-0.76555472453303,0
-0.5862019402001745,1.3924927752062353,-1.168717627632051,-1.6014324776621007,1,0,0,1,0,0,-0.571255364673633,0.1801860279440106,-0.8094876978806327,2.1695938457537123,-1.1028736410421658,-1.5381323703082075,0.8608491122441346,0.6601968854637548,-0.5309023131191745,0.4904360942074364,-0.17888935285369945,-0.6924567703823166,-0.2796786651371657,-0.21190338292401983,-0.1453315645382396,0.17399282836480198,0.3107743231789609,0.3689504399938106,-0.65872285032305,-0.29111514316954507,-1.4087630094026242,-1.0517309152114196,0.9006072600689088,-0.35438902391508614,0.5927732142661346,0.29111514316954507,0.6587228503230493,-0.6203151308168162,-0.7097714541928067,-1.8560730103761243,-1.5039888170847049,-1.3305665148076924,-1.348194477436079,-1.6066603575270884,-1.592872065108806,-1.8445748041378918,-1.3310251429018278,-1.0140677512169813,-0.14993285384946126,0.3265079414213163,0.1607484349347019,-0.0647368131630805,-0.37174181903963527,-0.5429799678216537,-0.023255055489598248,1
-0.3034990542705592,0.49062096620506923,-0.8790386569529866,1.478524768348486,1,0,0,1,0,0,-0.5460174906653681,0.0871504954068051,-0.7711081536284979,1.8166175571301264,-0.794375994460296,-1.336895657511968,0.1973915559697193,0.30557548718602506,-0.3634921223684445,-0.20322092819064247,-0.32225590501285695,-0.22679656600127582,0.011796926990757631,0.37325301773083697,-0.3505690501118222,-1.502166916615055,1.0173406269568572,0.9480018402639983,0.6912331826893902,-0.9948801208223941,0.09847225379135696,-0.7706043245923795,-1.0126269744371097,1.2833159142209152,1.3444877427420263,0.9948801208223941,-0.6912331826893908,0.02029268250195297,-0.6347222057676005,-1.0827762115981268,-1.5815118200526717,-1.1940202729240363,0.6051151385615076,-0.8726274695258333,-1.2052948804881005,-0.9144083514851348,-0.4150773999081907,-1.1658209625447336,-1.9107136210324267,-2.0074209045465303,-1.531563013793144,-0.3502454288142823,-0.9479482933959068,-1.378017789531564,-1.3222794763156045,0
-0.5862019402001745,1.572867137006469,-1.168717627632051,-0.13478617003801185,1,0,0,1,0,0,-0.571255364673633,0.1801860279440106,-0.7966945164632545,2.108835632138177,-0.9559833383792545,-1.4911771373224183,-0.5324224870884489,0.7580143032168581,-0.42193584961203834,-0.6728420749314308,-1.1198910195544949,-1.2016108890906938,0.34602496224122226,-0.3455797245960853,-0.23137922347460704,-0.0789131915653347,0.24935338628430156,0.07162432264360115,-1.0299055238845727,-0.6174061782631385,0.3950472399221453,-1.2721890466467294,0.4975002941903126,1.156220784514866,1.5258403836823191,0.6174061782631385,1.029905523884572,-0.6203151308168162,-0.6347222057676005,-1.4011925405067138,-1.2197378062021575,-1.0745423112758372,-1.033144539371952,-1.4435419379712537,-1.2606630497196296,-1.4725082230767892,0.0012624832707351544,-1.3934507795363622,-1.1991027410310207,-0.8015576674631424,-0.3469449996836519,-0.7309235830158842,-1.1125787146405561,-1.4336869776455579,-0.8892713360402683,1
0.31330724230314594,0.0783367106616796,-0.15484123025532542,0.3052077222492148,0,1,0,1,0,0,-0.8236341047562825,6.817689802395264,-0.8350740607153893,5.4968293532711225,0.44498297934688336,0.9952142474488975,-0.6414036617491258,-0.23683137655451586,0.44820555329482714,-0.3173575335475715,-0.05464675709726393,0.33339136127801705,0.7216715756405161,-0.9694556648862825,-0.8141236528349851,2.3080712736166955,0.24004123463243085,1.338706571748575,0.5516412599819246,-0.09240503183227083,-0.07678127244823423,-0.4905127066359922,1.7066770341107576,0.6667503328819335,1.3780298698246531,0.09240503183227083,-0.5516412599819253,-0.8431352397972577,-0.6347222057676005,0.5547934799317504,1.7519773075699248,1.7929287682809403,-0.7180946013078251,-0.22015379130249568,-0.4855086804782194,1.069946747507413,-0.3040534310604773,-0.7105613285614767,-0.934529465133063,-0.02358138547386016,0.24536400737109418,-1.3336639938350878,-1.7711003996191523,-1.9903788587854983,-0.5799798072721716,0
-0.12359721776989524,0.18140777454752677,-0.8790386569529866,-1.6014324776621007,1,0,0,1,0,0,0.8042087687768065,-0.5513058466297674,3.3482962627673034,-0.7305982174945059,0.5999257023879441,0.14062900710753337,0.8926775912978643,-1.620673444325549,-0.9849136629713013,-0.9508474795033723,-0.8240683111074897,-0.12966680635931666,1.2091280601397016,-0.7468541113917188,-0.2623341839996988,-0.4788917323081944,-1.06816595584597,-0.9412828281520701,-0.31054414497595056,0.13114384342216406,-1.9875377490706807,1.9616245372165182,0.8651699652576593,0.22535852418505667,0.15234968812666874,-0.13114384342216406,0.3105441449759499,-0.5924626171942612,-0.03432821836595151,0.7276480584821255,0.3436427536518511,-0.11871861809024475,0.8256500952063961,1.4110304042558486,1.784586258014483,0.8219023601333442,-1.858388994928467,0.5793409677244183,-2.175286896930385,-1.5276688639864726,-1.3623318689203594,-2.1267434817550925,-1.0302635040182315,-1.0996718489615938,-1.6934293108373202,1
1.0586148506630406,-0.10203765113855341,-0.15484123025532542,-0.8681093238500562,0,1,0,1,0,0,-0.15483044353726144,-0.32104290360018395,0.7512804350395157,-0.5292281380830175,0.5464568506828977,0.1620942564724656,-0.045665888203078486,-0.15182204348153885,-0.12171263327411617,0.07665200851608243,-0.1709294925733168,1.2017138134697793,0.8933376257712031,-1.026819655850186,0.42039167266596933,-1.081316585151216,-1.0451928563740724,-1.6897726952138168,0.2430696413654208,1.3979208031972914,-0.9624865723011965,0.6295196683681524,-0.920233639219972,-1.1399472632048315,-1.4275174375257011,-1.3979208031972914,-0.24306964136542153,-0.9823978079100336,0.340918023760079,-0.11842961547497735,-0.6512357844370638,-0.9892009100985523,-0.024984737566746233,1.4110304042558486,1.397009073393778,-0.790386157798101,-0.859173275299045,0.7310941790521709,0.36096726512590627,-0.1921429132382052,-0.6177148314801074,0.47455723862252236,0.03983423407198747,0.9044189231421907,0.16231986177126023,1
-0.6119022025574117,-0.2824120129387873,-0.15484123025532542,0.5985369837740325,1,0,0,1,0,0,0.5644489656982895,-0.5030436641260921,0.08603500133584588,-0.4134982073867598,-0.27820839517963436,-0.06731559611524753,0.2516860795346281,-0.6230559236341768,0.0749901185608051,0.9000941984460311,0.8954456519269542,0.13837397265263043,-1.249272408794319,-0.5325470937487877,-0.9722606490799911,-0.21065681162959135,0.09939088103049645,-0.24012413045538333,0.19997699316119485,-0.009609152108405178,-0.8820904015741782,-0.11882556624593106,-0.3142037842787352,-1.1174148965984212,-1.398557679839818,0.009609152108405178,-0.19997699316119558,-0.3974950218363748,-0.7848207026180125,0.5911839175213025,0.3824042551358344,0.4103980692089227,0.29006520049738066,0.5138790966987595,0.4557501964577793,0.6358690696027934,-0.6688464715601076,0.25415551487923493,1.1742368422703708,0.806259981981374,0.25745194629057844,0.5017485353512081,1.674379130715289,1.8428423799209477,0.07395085355180434,0
0.23620645523143258,0.026801178718756015,0.5693561964423357,0.3052077222492148,1,0,0,1,0,0,1.081825382867721,-0.6013124453685155,0.17558727125749374,-0.4389587921399365,-0.4256402669043153,-0.12321468300309187,0.14635390444925162,-2.0470066497740964,-0.3025893899074645,-0.5480038607928344,-0.6532641257093168,-0.04549409716139808,0.437916170076538,-0.29145711366966165,-0.1195774345175675,-0.36699017996365835,-1.3582819151789325,-2.298792718749988,-1.5422375806300568,1.4675239328552652,-0.49472918063004523,2.6897908190711113,0.044860094342628894,-0.6065312344886942,-1.395048308498626,-1.4675239328552652,1.5422375806300554,-0.40147395235388267,-0.29163992725237253,-0.5681114514030223,-0.6567731417919188,-1.1062405459988285,-1.2356766424131762,0.01287252234869625,0.96197345800319,-0.6575052359905647,-0.4150773999081907,2.7038859263129513,0.29710475025398503,0.2746428559553643,0.008440404549195996,-0.794369942049485,0.2044646553166367,1.1827648637121608,0.5953280020465953,1
0.7502117023761872,1.0059762856343069,-1.168717627632051,-0.13478617003801185,1,0,0,1,0,0,0.8420655797892039,-0.5600279278051304,0.9815577005523245,-0.5749414607080393,0.04100947247023353,0.013626281698351053,-1.0591019242224917,-1.3355838689860606,0.9360478145768016,-1.207205993004066,-0.6246727520810783,-1.2578592253920553,-0.2595910402363918,-0.8579255642840482,-0.914253149182072,0.7284513322427862,-1.5947020148263513,-0.9991769991703909,-0.8293216896597884,-0.8930588049066626,0.6154778918267446,0.9172520399834617,-0.5475853829885684,0.04957819415846093,-0.16339669401088794,0.8930588049066626,0.8293216896597884,-0.8152827261747027,-0.8598699510432187,-0.03655113089848297,0.3436427536518511,-0.34060626115118536,-0.40304466324369825,0.2692014673650073,0.7879592118469556,0.07776919801113909,0.8061862574166584,1.1863538130354276,0.7532655707677065,0.3265079414213163,0.3299795798074865,0.8552353928241243,1.7684536571408034,1.3497724280541432,0.40975308478573785,1
-0.27779879191332196,-0.17934094905293926,0.5693561964423357,1.0385308760612593,1,0,0,1,0,0,0.097548296545388,-0.41814874068589214,1.0199372448044592,-0.5801493075893709,0.4405200662697323,0.12676603355934798,-1.0240696851888942,0.5496319919713183,-0.0580951503449403,-0.9839096102059671,-1.2173475669005667,0.0793146752857942,1.262662082283967,-0.812585411859692,-0.10338537518914677,-0.3479099152743457,-0.8413321370700829,-1.3527861385645599,-0.09720267704722074,0.2045801889163758,0.6120680567469716,-0.8579563573689538,-0.27019789582580417,0.4949478615532355,0.2618790918913688,-0.2045801889163758,0.09720267704722003,-0.5854994887886222,0.28463108744117427,1.2302909776878246,0.8313916473253122,0.4146651392677867,0.4239614241746348,1.512979416478245,1.7430601310908362,0.2948080369634488,0.5841383197212315,-0.7864379342253526,0.07814755640739948,-0.07544647093981212,0.12690220596014448,0.1890486229713212,-0.12479618717266176,-0.04195727479570725,0.16231986177126023,1
-1.2287084991311177,-0.6431607365392533,1.0038746524609323,1.0385308760612593,1,0,0,1,0,0,0.7284951467520117,-0.5286284355738237,-0.42569225535928473,-0.15368451297366123,-0.8630586411979101,-0.28778159480090554,0.27295405116153626,-1.3739856545223164,1.6463282125436582,-0.6940192664344181,-0.250359532516276,-0.014277227772808978,0.29207570185294246,0.46959561591705057,-1.6396901010517309,1.365227110438499,-0.2466908343379573,0.07353151610411615,0.5061221547512287,-0.5214382267650228,0.08966515376951163,0.2432328825052369,-0.8786642348786959,0.6929608460627495,0.3972688675981749,0.5214382267650228,-0.5061221547512293,0.2152602778598393,-1.6103624352952797,-0.7006766169078218,0.046471242274642305,-0.05044549714841698,-1.3796994712424915,0.18764225758709038,-0.04256332662598434,-0.6043528672675491,0.0012624832707351544,0.12408133374116129,-0.2776578835933038,-0.671894953798262,-0.38079122865820925,0.47455723862252236,0.03983423407198747,-0.2089648391376897,-0.20882997275045564,1
2.343627968524927,-0.2824120129387873,-0.15484123025532542,0.5985369837740325,1,0,0,1,0,0,-0.34411449859924853,-0.18614138142123599,0.08603500133584588,-0.4134982073867598,0.4103288121104284,0.17640442271575374,0.34808288886998306,0.18720283661337825,-0.7199759913311395,0.09674162390988676,0.25950836607810723,-0.3931788846655122,-0.49655128499596213,-0.25697744037502396,0.054464530194098665,-1.264967786030364,-0.537139567179587,-0.6818036087914646,-0.5483077512256369,0.007555847346541741,-0.7407865608006274,-0.2023803975119283,-0.286939332444137,-0.6633100927675714,-1.0030221072543355,-0.007555847346541741,0.5483077512256362,-0.20252742647848845,0.11577027848446049,0.20908432283099887,-0.4961897785011287,-0.6649035856248688,1.0146800580448727,0.18764225758709038,0.5111183656893089,0.07776919801113909,-0.5631093583718088,0.07349692996524401,0.8759221469502854,0.5757484910215867,0.2547657376418047,0.3406149251071443,1.07334743410784,1.1889503290581602,0.09358841093390566,1
2.343627968524927,2.268596818235939,-0.15484123025532542,3.2385003374973924,1,0,0,1,0,0,-0.34411449859924853,-0.18614138142123599,-0.4896581624461761,-0.06978031321887439,-0.20632499566912466,-0.0892280381752825,-2.724585668838196,0.35718062064382944,-2.057884805079172,-1.8724473862684392,-2.652698679402518,-1.7203499672187736,1.3373713564965832,-0.31888855856930026,0.048137222549537576,-1.1696855098135845,-0.37535535192441366,-0.6567326666966242,-0.3593320018427697,-1.989971065968748,3.4699730059153393,-0.4420187983995404,1.6377763347701741,2.157359676943373,2.807466575313121,1.989971065968748,0.359332001842769,-0.2582324537235989,0.11577027848446049,0.22727954162577424,-0.43158727602782254,-0.5454256239766699,0.8571550890128092,0.18764225758709038,0.40038202722625016,0.07776919801113909,2.8601296810993593,-0.5588081172337243,-0.5239847266707137,0.3394742127878045,1.2269046476332444,-0.8895394805998851,-0.7833178721512579,-1.4893561657595522,-0.2706882785040748,0
-1.2287084991311177,2.268596818235939,1.0038746524609323,3.2385003374973924,1,0,0,1,0,0,0.7284951467520117,-0.5286284355738237,-0.4896581624461761,-0.06978031321887439,-0.9677672962297409,-0.352624535590805,-2.1284147625640952,-0.7235625014180185,-0.09076153118904012,-1.5378588457731743,-1.7634922383465217,-1.3935436019329621,0.5074489225567999,0.7527733120234477,-1.3492095261507742,1.4479064256028649,0.09244800970495197,0.7368049650127423,0.3871222082195544,-2.284570358939707,3.7117747624218613,-0.3584962441536461,1.5790803758322218,2.169217950167896,3.0119729194692995,2.284570358939707,-0.3871222082195551,0.577342954953057,-1.3101654415944555,-0.3458698504096825,0.42116575661981864,0.4445346296798359,-0.9071245641463012,-0.5463906304141645,-0.762349526635866,-0.17027518936292965,2.887885673311288,-0.5588081172337243,-0.7794347861583975,0.06718251409155555,0.9392117013495113,-0.826093121566285,-0.7010026615289333,-1.4893561657595522,-0.3944048900113141,1
0.5189093411610479,1.3409572432633117,1.0038746524609323,-0.4281154315628296,1,0,0,1,0,0,0.16064298156605036,-0.4262893497828976,2.734223554733147,-0.7126600782365861,0.8239923961106297,0.22291246300644021,0.7884014205449023,-0.22116108427457393,0.18073557544570173,1.0302540338964075,0.4892360436255325,0.1900690620541952,0.17385417527353006,0.18628779440255427,-0.23446499301712667,0.050451829764051916,-0.02691762898509544,-0.26330761391664825,-0.09720267704722074,0.3556359628759853,-0.9101547978813003,0.06866864592655864,-0.19637236295493365,-1.4184977934746754,-0.8930994538414699,-0.3556359628759853,0.09720267704722003,0.1317027369921738,-0.25947596364157,-0.12752722487236504,-0.08273376267196997,-0.08458205761933026,-0.37153966943728567,0.5138790966987595,0.6218547041523672,-0.10826409251941274,-0.8314172830871166,0.12408133374116129,0.1876261533306929,0.054216242725068246,-0.5161761445564365,0.47455723862252236,0.28677986593896093,0.514734606344233,0.10046155601764112,0
0.004904094016293398,-1.1069805240255675,-1.6032360836506476,-0.4281154315628296,1,0,0,1,0,0,0.5770679027024219,-0.5042066082828072,0.9943508819697028,-0.5726268620941142,0.15869014055138456,0.05476800964780448,-0.19965106806442715,-0.1836718675714912,0.386797723980443,-1.0058085131553427,-1.1825046717366945,-0.7432852082955056,1.3002612447205866,-0.5721162506020212,-0.23159003541287634,0.8620644210096573,-1.6285550794680284,-1.6944828366218245,-0.8350596325743129,-0.18555039652161812,-0.2940321463719307,0.020093588894395695,0.3375261594571549,-0.25606492744058296,-0.11701869807315061,0.18555039652161812,0.8350596325743123,-0.3417899945912644,0.11577027848446049,1.127942871967207,1.4677262966873774,0.59814915179895,-0.49755964466293656,1.247911984700014,2.0060589349406004,0.5738579727592754,-0.3595654154843339,-0.1035484832504671,-0.3597668312857729,-0.1402778277722523,-0.2284831982727022,-0.4771381468814831,-0.20711139779498602,-0.32030321536567735,-0.45626319576493324,1
-0.5091011531284612,0.05256894469021735,0.27967722576327125,1.7718540298733036,1,0,0,1,0,0,-0.028641073495936725,-0.37163097441728943,-0.08027635709007157,-0.3533186434247058,-0.0429033487056337,-0.012758087312711469,-0.45699806702698204,0.4591939288427983,-0.10509307371959457,-0.9810000020369305,-1.0237985363297297,-0.1714854089962607,0.45118841272555166,0.7923402548395476,0.11925184447225717,-0.19957543313372758,-0.024994515917314847,-0.2355841635281758,0.74955583532744,-0.9772859963810728,1.4271639835426637,-0.510794198278552,-0.056888310904500895,1.300483579779304,1.1009861558013747,0.9772859963810728,-0.7495558353274407,1.050835686536495,0.41596727218528484,0.9096002464298897,0.6537347655237203,0.615217432034406,0.6051151385615076,0.5138790966987595,0.17890935030013266,0.5738579727592754,1.5555980471387252,-0.3311783002420958,0.561678026151944,0.4432043837197094,0.9730579303240674,0.5697267771729232,0.12214944469431245,-0.32030321536567735,0.904619530814692,0
-0.4063001036995106,0.6967630939767645,-0.4445202009343899,-1.6014324776621007,0,1,0,1,0,0,0.08492935954125552,-0.3943083854732332,0.34189862968341117,-0.4702058734279261,0.155135753288861,0.06013432198903754,0.07471146534166823,0.6859139853023918,0.29058622375856263,-0.7597267916514049,-0.9522946124218942,0.09288931834084155,0.8913960564178603,-1.3216662633663048,1.0381239570520777,1.0140793124210679,-2.1685038339178595,-2.1238791001726236,-1.3717051802090805,1.4871304482518777,-1.4244814688733587,0.09853132000147836,0.6218108089730295,-1.1239093994478258,-0.8355249260983021,-1.487130448251877,1.3717051802090798,-1.2330704305130304,1.0163612595869336,0.1272058382545045,0.6408142650290589,-0.34060626115118536,-1.1591645145976028,0.5138790966987595,1.5077454118568363,0.139780294854656,-1.3587811351137562,-0.02767187758659086,-0.3415203984652251,0.015317428625603584,-0.4315605721200442,-0.7309235830158842,-0.6186874509066087,0.06938110143228039,-0.332546584257695,0
0.23620645523143258,1.1348151154916164,-0.4445202009343899,-0.8681093238500562,1,0,0,1,0,0,1.3215851859462378,-0.6414340187751852,-0.3233468040202586,-0.2358527637680042,-0.9355171150992746,-0.3110356149462488,1.177869469417064,-0.042353519741565836,-0.35046557276137863,0.8315543695575718,0.7633222718351466,-0.9612095411820095,-1.2579125013712005,1.0481648976766507,-0.2726597493076067,0.9162016359555634,0.5983488350073779,0.6672458116292151,-0.33645217931212407,-0.9772859963810728,-0.5905421541382109,-0.2150130162914906,1.399792464617399,-0.53006384353950875,-0.340920671633922,0.9772859963810728,0.33645217931212335,0.577342954953057,-0.5596729573423944,-1.0372881646111858,-0.4703487775118068,-0.22112829950298704,-1.3166894836296663,-0.709509049969999,-0.6516131881728072,-0.790386157798101,-0.7203933142394032,-0.482931511569848,-0.9254062487227878,-0.1532440991387405,-0.3469449996836519,-1.6826189685198898,1.0276167615398821,0.5704037944582268,-1.198562864808365,0
0.004904094016293398,0.6194597960623787,-1.6032360836506476,1.1851955068236681,1,0,0,1,0,0,0.5770679027024219,-0.5042066082828072,-0.19541498984647596,-0.311655868374053,-0.5163665173370557,-0.14691589584353787,-0.3834977330877047,-0.2893573338034983,1.4441770950138408,-1.0867276783574016,-0.4803665394430253,-0.15702042956817808,0.6510876253184661,-0.8811063121033175,-0.07276978099786853,1.1037066866931855,-1.8927187339881124,-1.8140893960261415,-0.7581467807413153,0.5377636082882545,-0.34712811206627864,0.32425285240586255,-0.8651196900434317,-0.40868851361718295,-1.146605183677904,-0.5377636082882545,0.7581467807413146,-0.8152827261747027,-0.03432821836595151,0.11810822885711679,0.6795757665130432,-0.18699173903207253,-1.1591645145976028,0.758556726032511,1.3416409041622488,-0.4803306735805153,-0.3040534310604773,0.35171115073279,0.14201007127932075,-0.3347718982695729,-0.4654068010946016,0.030432725387320277,0.28677986593896093,0.6260729825722207,-0.332546584257695,0
0.05630461873076867,-1.2100515879114147,0.714195681781868,-0.13478617003801185,1,0,0,1,0,0,3.5677559726818178,-0.7431916324877538,0.06044863850108935,-0.3863016736731393,-1.0503284617957438,-0.2730242358625147,-0.009256383413185083,1.284135096182252,0.05533781323118663,0.2907986410464329,-1.1806411109725945,-2.6907053906687968,-0.06754324044039106,0.14424975154652223,4.021909740074415,-0.6879758828098632,1.21349029973569,-1.5692922360405015,-3.034126254566094,-0.6605917564372907,0.15700387856369724,2.266545167488145,-0.7669980585974537,0.8104260055237337,0.0027828367582333003,0.6605917564372907,3.034126254566093,0.0759977097470634,3.568035706043941,-0.19121049065408274,-0.5091102789957901,-0.03337721691295973,-1.8207693845322692,-1.0357458890816678,0.5664865349208381,0.139780294854656,0.19555442875423396,2.2486262923296945,0.22411901897178985,-0.21807545597118072,0.10997909147286698,0.28421816152172197,0.8629863402952329,0.5704037944582268,-0.023255055489598248,0
0.6988111776617119,0.05256894469021735,-1.6032360836506476,1.7718540298733036,1,0,0,1,0,0,0.3499270366280375,-0.4751330043649305,-0.08027635709007157,-0.3533186434247058,-0.2959527891557046,-0.09235838704100179,-2.250835874816496,0.5276289470637575,0.6855278213554928,-1.9084318691045672,-1.683041409815601,-1.1462180407939164,1.1481579713597534,-1.4424144122824116,0.38190270080014393,0.8116861635224758,-0.9629265311189569,-0.7206597818870885,-0.8569681418843172,-0.7133741297612556,1.688598590050686,-0.3416055464325276,-0.12147318148602683,1.623346868424504,1.4844522493696335,0.7133741297612556,0.8569681418843165,-1.4001855122483615,0.11577027848446049,-0.6278957417287164,-0.1473362651452761,-0.5112890635057554,-1.0646495331783645,-0.5463906304141645,-0.2086678343205727,-0.8523972546416179,1.6666220159864384,-0.2553016945782196,0.23324223538206504,0.13201387092399572,0.7869036709640054,0.5380035976561225,-0.7010026615289333,-1.0440026608476,0.7190446135538346,1
0.08200488108800677,-0.6431607365392533,-0.15484123025532542,1.0385308760612593,1,0,0,1,0,0,1.460393492991695,-0.6495746278721908,-0.3617263482723934,-0.1797237473803192,-1.0253397591341906,-0.36067400410265454,-0.7181107398673596,1.731346448850837,-0.08747680543224809,-1.244854337673285,-1.5035887605107787,-0.799108554926098,0.9019988319354529,-0.6735114751145354,2.850463409233264,-0.6368466538053906,-0.9975859514443586,-1.7354718826808848,-0.6300765684554116,-0.4649864905896614,0.32558573434839605,0.47920433297281195,-0.5203857463010448,0.6925287460150626,0.26038851713001304,0.4649864905896614,0.6300765684554109,-0.7038726716844818,2.367247731240644,-0.4004555067940112,-0.6512357844370638,-0.972132629863095,-0.655084613695,0.5138790966987595,0.954063719541543,-0.4183195767369984,0.16779843654230542,0.27583454506891375,-0.43275256256796935,-0.62002986833231,-0.33002188519637315,-0.09645999267988113,0.12214944469431245,-0.09762646290970158,-0.2706882785040748,0
1.135715637734753,1.6759382008923163,-0.8790386569529866,-1.161438585374874,1,0,0,1,0,0,-0.3062576875868511,-0.23963681263012915,-0.016310450003180245,-0.37183543233610705,0.2862315061001322,0.10306482071890198,-0.21740598825733348,-0.17972724380249466,1.4606742737459242,-0.6496038957608118,0.317517957239758,2.1584820435652934,1.2572581948504515,-0.5752313036555706,-0.17522591037071536,1.2833285253512317,-0.5243835544870734,-0.303413115034881,1.2104470415403286,1.7434054285905087,-0.2724560219485715,0.07114381211592209,-0.707169260841695,0.35760319793954015,-0.709012747420546,-1.743405428590508,-1.2104470415403292,-0.7317251853070371,-0.4846237089171882,-1.0463857740085747,-0.3153027715758717,-0.4942207832702994,-1.6317394216937933,1.247911984700014,0.6772228733838963,-1.2864749325462383,-0.6093693453916895,-0.482931511569848,-1.6187706959036452,-1.657331577651353,-1.4469474413567518,-1.397110352868688,-1.3595243465075295,-0.8213259083916238,-1.5078543935764617,0
0.4161082917320974,-0.17934094905293926,2.452269505856255,1.0385308760612593,1,0,0,1,0,0,-0.6217311126901629,0.20344491107831195,0.9559713377175679,-0.5685763145197452,1.385968145353388,0.5958711707221376,0.11242109904322048,0.7326358481051237,0.981839740381275,-0.22438578565986295,0.0549804295716292,1.1148082390532899,0.47687113846064755,1.0223572274319008,0.44324815711203125,0.83300881985913,0.4815053883103408,0.379262641242955,1.4008254564523381,0.13114384342216406,0.8652030207296105,-0.5615294203843944,-0.5051142880331191,0.7805832209506773,0.2987989005276356,-0.13114384342216406,-1.4008254564523388,1.106540713781605,0.5660657690356972,0.41832933897092733,0.8087807714596554,0.9907195972144606,-0.5290646384693491,0.758556726032511,0.12354118106860354,-0.046252995675895824,0.7506742729928018,-0.5588081172337243,-0.12256320461863823,-0.3607044410025493,-0.0423289389126401,0.09387908442092041,-0.5363722402842841,-0.5429799678216537,-0.1469716669968365,0
0.6988111776617119,0.6194597960623787,2.8867879618748513,1.1851955068236681,1,0,0,1,0,0,-0.6848257977108253,0.7471213043426065,-0.19541498984647596,-0.311655868374053,0.9539562211440196,0.8154427840175901,1.7322121118819793,-1.0421261984649888,1.884308413424173,0.6303602560585246,1.839076839680183,0.54608446299755,-1.7189281178027056,2.055950677992201,-1.0605538552697193,1.729009620129568,0.6239266083464694,1.4390776156257634,0.22845561284398783,0.5182145811312309,-0.35440141536813935,0.3679113419163649,-0.8384248026782491,-0.23290109395881758,-0.9859107642188358,-0.5182145811312309,-0.22845561284398855,2.0535261769484814,-0.9349191994684248,0.2727675886127153,1.1576342848155081,1.4003583228654286,-0.5605696322757617,-1.1173050988595852,-1.3160312189511594,0.5118468759157585,-0.49834537654397587,0.04820472807728505,-0.7794347861583975,-1.047916823426415,-1.057715808149347,-0.6040308649486834,-0.12479618717266176,0.1250502895462747,-1.136704559054746,1
0.6988111776617119,-0.6431607365392533,-1.6032360836506476,1.0385308760612593,1,0,0,1,0,0,0.3499270366280375,-0.4751330043649305,-0.3617263482723934,-0.1797237473803192,-0.5904082045431355,-0.22651619557182817,-1.4206417641392761,0.34317124323710607,0.4592229649980828,-1.103416134010893,-0.7862805664736549,-0.802248525604179,0.14288251414957295,-1.5279438447327287,0.9750273404938987,0.4466265663724381,-0.6059332696514519,-0.23876334349272912,-0.31054414497595056,-0.7861774033115495,0.44873346884681947,0.5057476844254939,-0.17895655051033285,0.8898109526939793,0.7890973118585138,0.7861774033115495,0.3105441449759499,-1.5394480803611372,0.11577027848446049,-1.7559993070048545,-1.3101813096647865,-1.4329761962204342,-1.3796994712424915,-1.0357458890816678,-1.0391903727935126,-1.8445748041378918,0.1400424443303771,0.12408133374116129,-0.8797901666714156,-0.8274902101961188,-0.4654068010946016,-0.3819686083310823,-0.28942660841731066,-0.6543183440496418,-0.6418381130257917,1
1.6754211472367457,-0.17934094905293926,-1.168717627632051,1.0385308760612593,1,0,0,1,0,0,-0.00340319948767178,-0.37628275104414965,0.9559713377175679,-0.5685763145197452,0.49305375764705023,0.1500200537046912,-0.9030367999955623,0.3693436656838773,-0.22798285344524608,-0.0496954574490964,-0.6681254994610976,-0.8031741405432965,0.31830950228969335,-0.37304283441399305,0.17318014301350038,-1.0073213929997284,0.7256994977125966,-0.5782202388170763,-1.5678769133722459,0.45956749966015986,0.8829546480300717,-0.3334477067029552,-0.7006006561294698,0.7867265564113005,0.30407634962316715,-0.45956749966015986,1.5678769133722459,-0.7317251853070371,-0.4846237089171882,-1.8469754009787365,-1.956206334397848,-1.6548638392813753,-1.411204465048904,-1.5251011477491712,-1.149926711256571,-1.8445748041378918,0.6951622885689447,-0.4070549059059717,-0.323273965644676,-0.62002986833231,-0.29617565622181696,0.12560226393772106,-0.9479482933959068,-0.8769950965056176,-0.332546584257695,1
-1.2030082367738797,0.6967630939767645,-0.15484123025532542,2.9451710759725747,1,0,0,1,0,0,0.07231042253712305,-0.390819553003088,-0.7071422465416066,0.7461156981897425,-1.1907743066096708,-0.8771815669463362,-1.6080295970503602,2.4708346070067027,-1.5857805768911728,0.0033201969404685868,-1.0492194017532663,0.36369577445362467,1.5018495952492281,0.03285265440011365,2.2677969204041815,-0.7478604335130239,0.9274623608387931,0.25661852346619773,0.9153149533513734,-0.41176056791003435,2.26883028366466,-1.1194688689999597,1.4162875602787008,0.9151704289354393,1.6145746502337492,0.41176056791003435,-0.915314953351374,0.10385022336961848,2.2921984828154374,0.3182556355996563,-0.1344157646506147,0.2397152668543526,0.5106001571422693,0.758556726032511,0.34501385799472056,0.015758101167622184,2.193985868013078,-1.0140677512169813,0.1785029369204177,0.8970238815467907,1.2607508766078017,-0.3502454288142823,-1.277209135885205,-1.545025353873546,0.34789477903211874,0
0.6988111776617119,1.6759382008923163,-1.6032360836506476,-1.161438585374874,1,0,0,1,0,0,0.3499270366280375,-0.4751330043649305,-0.016310450003180245,-0.37183543233610705,-0.24409313682096706,-0.07804822079771365,-0.9300465480974562,0.5648003047584091,0.8824085938913915,-0.5920177468123675,0.13695757457902158,0.5603583157779584,0.0662980627931048,-1.591676562088047,0.8863414987385985,0.12831181129638705,-0.44065037870496465,-0.25070054397699776,-1.046543814281098,1.8022113222744596,-0.2971321017127669,0.11271131270807863,-1.0773411127034522,0.3628364096282185,-0.422811840874071,-1.8022113222744596,1.0465438142810974,-1.5951531076062477,-0.03432821836595151,-1.9561467137473947,-1.6073528210419945,-1.6548638392813753,-1.411204465048904,-1.3619827281933365,-1.149926711256571,-1.720552610450858,-0.6926373220274746,-0.5588081172337243,-1.9289600538529752,-2.0463197186459943,-1.8192559600768776,-1.1433249167342867,-1.6887851889968277,-1.266679413303576,-1.8171459223445585,1
0.6988111776617119,0.6967630939767645,2.8867879618748513,-1.6014324776621007,1,0,0,1,0,0,-0.6848257977108253,0.7471213043426065,0.34189862968341117,-0.4702058734279261,1.3436899124154933,0.9379735824757449,2.5960879858144965,-1.6043320076789167,0.9382928648741313,1.0856472781480457,1.336407902458191,1.011607869433708,-1.0154772004282318,2.006336665835533,-1.1828754821131402,1.2505108043199544,0.9200306421805495,1.52775148072337,0.6912331826893887,0.6941558255444445,-1.6052155835045976,1.0170173382324463,-0.026035019740648858,-0.5543527968614925,-0.24584375683363097,-0.6941558255444438,-0.6912331826893894,1.9142636088357055,-1.0850176963188372,0.09081540066495114,0.7312577684916879,1.1101975588626602,-0.37153966943728567,-1.1988643086375024,-1.5375038958772762,0.139780294854656,-1.5808290728091832,0.19995793940503753,-1.6370171287241937,-1.3980061503215924,-1.4807936703313085,-1.016432198667086,-1.0302635040182315,-0.8769950965056176,-1.3841377820692236,1
1.0843151130202777,1.3667250092347738,-0.15484123025532542,-0.4281154315628296,0,1,0,1,0,0,0.097548296545388,-0.3966342737866634,2.5423258334724728,-0.704558983087848,0.8309203673778756,0.23945859272524214,0.022240674748809842,0.18832951941808637,-0.6696982491225368,0.17923688675807303,-0.6751270506593618,0.36777122613684354,0.9132578702404747,-0.8363668871931415,0.4480602851425426,-0.8519630553041114,-0.5727858766869112,-1.41870752311377,0.5581846313588362,-0.05200463268990121,-0.8666141387092271,0.19036878190925313,0.05935923399786082,-0.8101021410424559,-0.5073935364510558,0.05200463268990121,-0.5581846313588369,-0.7595776989295921,0.491016520610491,0.20908432283099887,-0.2765412700918884,-0.47715250303484213,-0.05648973137315825,1.6557080335896,1.4523772426253072,-0.5423417704240322,-0.7759052986632599,0.27583454506891375,0.2879815338437111,0.2746428559553643,-0.07617516788719629,0.2524949820049213,0.6983559190505837,0.7374113588002092,0.16231986177126023,0
0.2105061928741954,1.7017059668637786,0.27967722576327125,-1.161438585374874,1,0,0,1,0,0,0.19849979257844777,-0.4385002634284058,-0.1442422641769629,-0.3313299565924168,-0.26234552742461253,-0.08117856966343293,-0.04207649480044481,-0.2636151841754476,1.382846233748753,-1.1478384239054684,-0.5084264101805309,0.5552797044491606,0.8842323237618646,-0.20610422065440887,-0.11026969309651845,1.0311489020101365,-1.0035143584733401,-0.8273089203999588,-0.2548898489945435,1.0101319379600069,-0.14742851855046046,0.25135435544960255,-0.8541919242584273,0.5555879985315098,-0.14672690424624155,-1.0101319379600069,0.25488984899454276,-0.20252742647848845,-0.10937746679115769,-0.009258302706318612,0.5245297605771081,0.06903246449978255,-0.9386295579527137,0.4323198869208419,0.6218547041523672,-0.17027518936292965,-0.5538573609678327,-0.4070549059059717,-1.7738653748783102,-1.8388593767821853,-1.5654092427677009,-1.0798785577006862,-1.3595243465075295,-1.1553410370755877,-1.6315710050837011,0
0.4161082917320974,1.907848094635473,-0.8790386569529866,-1.8947617391869185,1,0,0,1,0,0,0.13540510755778543,-0.4105896036672442,0.25234635976176334,-0.44300933971430556,0.0690774397992103,0.026594869856330937,-0.40884032320459046,0.7224097730271635,-0.7167015395307912,-0.6818532610492936,-1.1464523244557865,0.35152758323053745,1.8292657974722253,-1.1350872753516281,0.2993246028705681,-0.5012203442853321,-1.2158453001990475,-0.8796744654010582,0.23506672098463585,0.2463053852199044,-0.5656634095130096,-0.6916732685845668,0.4760769056812653,-0.2844716207869727,0.6316132696791059,-0.24630538521990367,-0.23506672098463727,-1.0938078624002545,0.19081952690966666,-0.2276009282436361,-0.44450777652248397,-0.8697229484503528,0.29006520049738066,0.8401159358104279,0.7879592118469556,-0.6043528672675491,-0.6371253376036178,-0.7864379342253526,-0.5696008087220858,-0.2569742700706454,-0.3469449996836519,-0.033013633646279864,-1.3595243465075295,-1.4336869776455579,-0.5799798072721716,0
0.004904094016293398,0.23294330649045036,-1.6032360836506476,-0.4281154315628296,1,0,0,1,0,0,0.526592154685892,-0.49955483165594694,1.2885940545694028,-0.6322277764026869,0.27954843187139944,0.10440639880421025,-1.3480200173640717,0.06339614400490841,0.26309300648057293,-2.138567224242998,-2.105790271845615,-0.17113793968959126,1.7980489699238407,-1.0425392358011467,0.0528288075761311,1.1727382113242355,-2.4105551039208972,-2.262880680300155,-0.9352479841380451,0.6941558255444445,0.8327617280429604,-0.03409045749606824,0.8188318504120757,0.4988011736907182,0.5283679361832112,-0.6941558255444438,0.9352479841380443,-1.038102835155144,-0.10937746679115769,-0.46413877257572894,0.17567624722125458,-0.8185181077439823,-1.537224440274555,0.4323198869208419,1.0648000580046022,-1.2244638357027204,0.27882240539001907,-0.482931511569848,-1.3815670692365094,-0.8274902101961188,-0.6007917169928287,-1.4922798914190887,-1.0302635040182315,-0.8769950965056176,-1.0748462533011267,1
0.05630461873076867,0.7225308599482267,1.0038746524609323,-1.6014324776621007,1,0,0,1,0,0,0.3751649106363024,-0.4716441718947853,0.2651395411791416,-0.4470598872886746,-0.0685775782788725,-0.017230014263739015,2.7507487602855933,-0.12511548596830468,0.2759345931788238,0.6867498430668796,0.4965236903284268,0.19268258345243622,2.801521784104428e-4,2.3031831426655804,1.094348109249669,0.5818500375341431,0.6998134394956982,0.7242681641987436,-0.1227108960387,0.3844992353771891,-1.5236696532541105,1.2680188432471833,0.20749134157906612,-0.23383170530984695,0.061601779826543884,-0.38449923537718983,0.1227108960386993,2.4156088540416993,1.2415090048625523,0.5002078235474204,0.7441782689863493,1.0248561576853752,-0.05648973137315825,-0.13859458152457876,-0.09793149585751397,0.8839134569768611,-1.5253170883853264,0.35171115073279,-1.7008796435961144,-1.3591073362221284,-1.3454087544330806,-1.175048096251087,-1.1125787146405561,-1.0996718489615938,-1.4459960878228426,0
1.0329145883058024,0.5163887321765315,-0.15484123025532542,1.0385308760612593,1,0,0,1,0,0,0.6023057767106869,-0.5111842732230976,0.15000090842273722,-0.4215993025354979,-0.2527235161491805,-0.06731559611524753,-0.7633788448811216,0.4866116547108158,-1.1318864113454385,-0.41403718011971524,-0.7513095886750033,0.10245826137839516,0.9054957966371504,-0.8371509053891064,0.8842645115333072,-1.095498758975215,-0.6048586658895123,-1.5299562990242834,-0.21768276347888266,0.3556359628759853,0.22502554569213082,0.21794700850285448,0.4464560394559245,-0.04042998029621562,-0.5169652827767589,-0.3556359628759853,0.21768276347888196,-0.8988402670423681,0.491016520610491,-0.7461646638947628,-1.1422148032341901,-1.2793616741013212,-0.5920746260821743,0.8401159358104279,1.0648000580046022,-1.1004416420156866,0.1400424443303771,0.12408133374116129,-0.21379536872138252,0.04124997135858002,0.025363519036474696,-1.016432198667086,0.28677986593896093,0.514734606344233,-0.2706882785040748,1
-0.27779879191332196,-1.235819353882877,0.5693561964423357,1.0385308760612593,1,0,0,1,0,0,0.2363566035908452,-0.4443149842119812,0.06044863850108935,-0.3787792281778825,-0.12056420084400817,-0.04898069561603459,-1.1407146939915083,0.7255449621054073,-1.141975657059771,-0.9555171518395849,-1.72763685026217,-0.9465529900147717,1.4591107570459172,-0.7294865751212813,-0.4334089844102318,-0.13616440642464467,-0.8583761396239384,-0.9887024154621628,-0.2548898489945435,-1.0381887348318,0.8572971594866455,-1.4300128364507956,1.4242868828002067,0.43969094085403226,1.2807370446342523,1.0381887348318,0.25488984899454276,-0.6481676444393714,-0.3345252120667762,0.2636699792153276,0.14983524623193267,-0.20406001926752979,-0.024984737566746233,0.4323198869208419,0.6218547041523672,-0.35630847989348147,0.8339422496285867,-1.317574173872486,0.13288685486904556,0.858125067447326,1.0069041592986248,-0.3185222492974822,-0.5363722402842841,-0.9883334727336057,0.2860364732784985,0
-0.1749977424843705,-0.3854830768246345,-1.8929150543297122,-0.4281154315628296,1,0,0,0,1,0,0.816827705780939,-0.5501429024730524,0.07324181991846762,-0.389773571594027,-0.3962195672204569,-0.1218731049177836,0.02834190204495719,-1.5022109445497676,-0.15278339938607274,1.1844428952273396,1.44107679298815,1.7367996559496885,-0.4875330958047811,-1.2713936610331538,-0.911845974490138,0.6562280410174497,-0.5233704496752196,-0.2737870326502737,0.9789057261068004,1.3979208031972914,-1.3097716704416777,1.1483643852097436,0.8683059200664599,-2.1190711164640375,-2.1407701580720095,-1.3979208031972914,-0.9789057261068012,-1.2330704305130304,-0.9349191994684248,-0.4004555067940112,-0.018131260198663828,-0.22112829950298704,-0.7180946013078251,0.6769975162545934,0.2342775195316623,-0.8523972546416179,-1.2477571662660425,0.9587239960437993,-0.23204180154193166,0.2357440418559006,-0.6515610604546642,-1.3336639938350878,0.28677986593896093,1.2384340518261547,-0.20882997275045564,0
-0.5091011531284612,-1.0296772261111817,0.27967722576327125,-0.4281154315628296,1,0,0,1,0,0,0.021834674520593164,-0.37163097441728943,1.1222826961434853,-0.6032952937286225,0.5310660354095263,0.18042915697167852,0.1491413125773661,-0.01607243207887106,0.14407167768941206,-0.19922057095987117,0.05316387748427816,-0.4461678434986384,-0.7821111402480091,0.9632456010020649,-0.17879814972552535,0.15877603589895545,-0.1369204521059944,-0.11699216566681826,0.3422533759207262,-0.9479624556455367,0.7550790293036308,-0.15705614391467165,-0.03739620605527687,0.13336616220946898,-0.18333572357802347,0.9479624556455367,-0.3422533759207269,0.9672781456688292,-0.10937746679115769,0.19998671343360988,0.2531992501892221,0.18851042614798086,-0.024984737566746233,-0.30171300108041293,-0.4855086804782194,0.015758101167622184,1.7498899926222238,0.8069707847160468,3.0979321882082353,2.5956054305567227,2.5130613486664073,1.8386539578449304,2.591605763364049,2.12914106165006,2.822227009176893,1
0.08200488108800677,0.6194597960623787,-0.15484123025532542,1.1851955068236681,1,0,0,1,0,0,1.3089662489421054,-0.6396896025401126,-0.23379453409861076,-0.2971896270370208,-0.830182369602022,-0.26229161118004857,-0.3229052433775066,1.5002622033523632,0.11500617809920062,-0.6606729430813468,-0.7193444720076387,-0.6355772508580622,0.1582316214853278,-0.6620877743337558,2.6789945217013824,-0.4971098041857477,-0.9466576345428044,-1.7275118461369015,-1.1887255685786846,0.312111980532898,-0.21254270167041786,0.6246009446557681,-0.6567647103112999,-0.04616298258402953,-0.7513960406549949,-0.31211198053289735,1.188725568578684,-0.7317251853070371,2.067050737539819,-0.6278957417287164,-0.7675202888890147,-1.05747403104038,-0.9386295579527137,-0.22015379130249568,0.40038202722625016,-0.6043528672675491,-0.3318094232724056,0.35171115073279,-0.5604775923118106,-0.7885913960966542,-0.7530997473783346,-0.5088613263982832,-0.12479618717266176,0.013711913318286572,-0.9511296417938885,0
0.5960101282327613,1.3667250092347738,1.4383931084795292,-0.4281154315628296,1,0,0,1,0,0,-0.7731583567397526,1.7472532791175652,2.5423258334724728,-0.704558983087848,2.6047318883286796,1.8882580595690985,0.7354975187952902,-0.39588803899246827,-0.7083613854380518,1.4438613982635764,1.253085808179913,-0.07759121233441148,-1.3166132903385364,0.13096158053797635,-0.5892324886877693,-0.7313126252993981,1.2935647490236004,1.2578381092612594,0.4073962731842086,-0.5098758229700693,-0.8918719356792986,-0.04691141443179707,0.233455083235527,-0.667886936863183,-0.4010388263496589,0.5098758229700693,-0.40739627318420935,-0.3696425082138195,-1.009968447893631,-1.8196825727865715,-1.8270013294512357,-1.3647030752786062,-0.5605696322757617,-1.1173050988595852,-1.3713993881826885,-1.2244638357027204,-0.8314172830871166,-0.02767187758659086,0.05990112358685037,0.1709126850234604,-0.11002139686175369,-0.0647368131630805,0.9453015509175579,0.7374113588002092,-0.1469716669968365,1
1.7011214095939837,0.026801178718756015,-1.168717627632051,0.3052077222492148,1,0,0,1,0,0,-0.1295925695289965,-0.33557970555912225,-0.42569225535928473,-0.15368451297366123,-0.3397744627947108,-0.13931362002679104,0.3128933479624731,0.8278623444177204,-0.09746839941470944,1.4179251588667316,0.935928597251749,-0.2917814141338234,-0.9904185583034673,-0.08497119835089534,0.3885289272065905,-0.880205290567009,1.0757351030793716,0.33204001028837943,-0.9919856992599327,0.5858842905209262,-0.51998803721755,-0.747047298363356,-0.7512788631346072,-0.8488448988371079,-0.8925805707308533,-0.5858842905209262,0.9919856992599321,-0.48105256270404034,-0.25947596364157,-1.6468279942361959,-1.749478326483268,-1.347634795043149,-0.8756195703398886,-1.6066603575270884,-1.482135726645747,-1.4725082230767892,-0.44283339212011924,-0.6346847228976005,0.2788583174334372,-0.16621037050522874,-0.48232991558187904,0.6014499566897238,0.12214944469431245,0.45906541823023866,0.16231986177126023,0
1.6240206225222695,1.907848094635473,0.27967722576327125,-1.8947617391869185,0,1,0,1,0,0,-0.5207796166571032,0.05516953109714072,0.25234635976176334,-0.44300933971430556,0.8095928972366806,0.3847962186336374,1.0541989397305904,0.6861152666559569,-0.4167140260357023,0.45603239047518684,-0.28170875449489,1.7069998456154025,0.9665931443247301,0.9252989141599455,0.42313255399580774,-0.43167000580033693,0.5572279653543427,0.1958952321561877,1.5985806802879148,0.7426913412446393,-0.5413415151788503,-0.5178298320072686,0.1358753078606341,-0.06353262690213363,0.5574887440887825,-0.7426913412446393,-1.5985806802879157,0.5216379277079463,0.04072103005925432,-0.9190192424451392,-0.9742482968035945,-0.7331767065666972,-0.49755964466293656,0.18764225758709038,-0.4855086804782194,-1.2864749325462383,-0.5631093583718088,-0.5588081172337243,-0.2746168114565458,-0.16621037050522874,-0.1777138548108673,0.2524949820049213,-1.30464753942598,-1.192453829151584,-0.2500688432528684,0
0.08200488108800677,-0.514321906681944,1.7280720791585935,-1.161438585374874,1,0,0,1,0,0,-0.0412600105000692,-0.3576756445367086,-0.7199354279589849,0.7981941670030586,-1.1601512429529026,-0.8919389258847271,1.3254151873706148,-0.06582041357674398,-0.49774929767751075,1.173219704914928,0.759699066993852,0.9334897500408159,-0.13654129515727675,1.5069246232100153,-0.17745181214346026,-0.5818834370043421,1.6488951177386972,1.1108394677056732,0.28185302474922574,0.9936302841201231,-0.3373207542616579,-0.087426746635229,0.0957032270607111,0.050072041613318095,0.09687253876891772,-0.9936302841201231,-0.28185302474922647,1.1622457410267157,-0.3345252120667762,-0.5460172571522233,-0.7416792878996918,-0.11871861809024475,0.006520256239666901,-0.7910682597479163,-0.983822203561983,-0.17027518936292965,-0.5816133531797613,-0.482931511569848,-1.2538420394926681,-1.0219842806934394,-0.939254006738398,-0.9212626601166852,-1.4418395571298541,-1.266679413303576,-1.3222794763156045,0
0.4161082917320974,0.7225308599482267,-0.15484123025532542,-1.6014324776621007,1,0,0,1,0,0,-0.6595879237025604,0.5610502392681955,0.2651395411791416,-0.4470598872886746,1.198797417530173,0.7769842122387531,1.0718944643438992,-1.6514048513696875,0.6817471080544505,0.10596365506968147,0.7130490670315988,0.5084712965242225,0.21681837700135215,-0.1201277857584747,-1.1953830941084458,1.2068006926286658,-0.06451291313809084,1.006254757759604,0.6152054390719316,0.08334093927970501,-1.6105256135819044,1.0690964423589453,0.28074717730293947,-0.20711996213637673,0.05541320994834895,-0.08334093927970501,-0.6152054390719323,-0.48105256270404034,-1.3852146900196616,-1.537656681467537,-0.806281790372998,-0.7843815472730677,-1.1591645145976028,-0.46483142063624716,-0.762349526635866,-1.4725082230767892,-1.5808290728091832,0.27583454506891375,-1.554908181031724,-1.2035120798242718,-1.1931007240475748,-1.1433249167342867,-0.8656330827735822,-0.9326642846196119,-1.3222794763156045,1
2.343627968524927,1.0317440516057692,-0.15484123025532542,-0.13478617003801185,1,0,0,1,0,0,-0.3945902466157784,-0.15997513789514695,0.5977622580309765,-0.506082151943766,0.766026859700091,0.2680789252118184,0.502417101321436,-0.464609671541328,0.35865884632191003,-0.20010712905373235,0.4050193179148838,-0.4978782202921471,-1.2025365070753526,-0.20328461220653626,0.12667027625556293,-0.9030789237989448,-0.13903059102026769,-0.40102420593476756,-0.30025191215747105,-0.38126032008238236,-0.901742798863005,0.7645868570545962,-1.397805883883067,0.13247146737206789,-0.9180670335682489,0.38126032008238236,0.3002519121574703,-0.14682239923337803,0.19081952690966666,0.22727954162577424,-0.28946177058654887,-0.32353798091572933,0.6996301199807459,0.02452383803125581,0.17890935030013266,0.139780294854656,-0.9146852597229018,0.5034643620605421,-0.48749186102961545,-1.0868156375258795,-0.9731002357129547,-0.09645999267988113,1.1922471827845313,1.0714264874841732,-0.8892713360402683,0
-1.2287084991311177,0.33601437037629844,1.0038746524609323,0.3052077222492148,1,0,0,1,0,0,0.07231042253712305,-0.3832604159844401,-0.3361399854376369,-0.20865623005438366,-0.3819719285021631,-0.13350011499045522,0.7209510813797606,-0.30126083979354606,0.14790262043288827,1.1455685192411489,2.1516568010005788,2.493380340688004,-1.2712681597743147,0.9821890665466767,-1.3144547277299115,1.5487894276238336,0.8434759489052931,1.7077449684015913,1.5427439112049275,1.8705987732626375,-0.021108286041089986,-0.9033019337061539,1.3541961731800858,-0.7112128511784019,-1.1299786447120999,-1.8705987732626375,-1.5427439112049282,0.8837206048011639,-1.2351161931692491,-0.07294156848803632,0.7312577684916879,1.0760609983917457,-0.5290646384693491,-0.7910682597479163,-1.3713993881826885,0.07776919801113909,-0.22078545442469194,-1.0140677512169813,-0.7794347861583975,-0.03654765684034838,-0.3130987707090945,-2.1267434817550925,-0.9479482933959068,-0.15329565102369538,-0.8274130302866491,0
1.572620097807795,-0.3854830768246345,-0.15484123025532542,-0.4281154315628296,1,0,0,0,1,0,-0.25578193957032125,-0.2733621931748661,0.07324181991846762,-0.389773571594027,0.29270429333032644,0.0909906179511276,1.7687956433948184,-0.8983757502032147,-0.10072051117064028,2.7165537106930313,2.7715077149243443,0.3682946539360317,-2.3304713458860302,1.2334959343694643,-0.06312693882213553,0.32913891110001975,1.2082719648382751,1.256640184729653,-0.9702511656336119,1.4645932747644035,-1.2270587956178338,1.1698097293273098,0.46844117654730355,-2.4717870084590756,-2.37623121144341,-1.4645932747644028,0.9702511656336112,0.8001630639334981,-0.3345252120667762,-0.8553359766634215,-0.5737127814690962,-0.10165033785478751,-0.6235796198885869,-1.6882195673050053,-1.592872065108806,-0.35630847989348147,-1.192245181842186,0.8828473903799233,-0.43275256256796935,-0.1402778277722523,-1.0915620371239039,-1.1116017372174867,0.36909507656128593,1.4054416161681371,-0.2706882785040748,0
2.2922274438104506,-0.3339475448817109,3.176466932553916,1.478524768348486,1,0,0,1,0,0,-0.44506599463230834,-0.13090153397727022,0.39307135535292426,-0.47194182238836996,0.7463640468062226,0.26405419095589366,2.02642991273181,-0.23637685768271788,2.3805428555719663,1.1316582155228694,2.7186497663461386,1.83055273802781,-1.9088392382174333,4.068250212882478,0.13888185029027972,1.52120211876019,2.346703906058189,3.1085401407481497,2.9619284587308266,-0.440948977121442,1.2471475555549747,0.46356344420520085,-1.7256204070436925,0.7981541819355628,-0.499493425549935,0.440948977121442,-2.961928458730827,3.2790367763409094,-0.10937746679115769,-0.6824813981130464,0.13691474573727128,1.0931292786272029,-0.8126095827270634,-0.38327221085833024,-1.3713993881826885,-0.35630847989348147,1.3057941172313696,0.5793409677244183,0.38833691435672935,-0.6070635969658218,-0.2792525417345383,0.8552353928241243,1.439192814651505,1.2941032399401495,0.038603250264021984,1
0.6217103905899984,1.7790092647781635,1.1487141378004646,-0.8681093238500562,1,0,0,1,0,0,-0.21792512855792381,-0.30127285293602774,-0.2849672597681238,-0.25494820233288673,-0.067357416377254,-0.03467052937274644,0.15707872838923287,-0.01970445630788917,0.8423546229052009,-0.7775265684729565,-0.5042382235010542,-0.8083224583020964,-0.038060856003473795,-0.38657771137381347,0.8748009457708555,-0.45864957180133875,-0.229870014378262,-0.9288434793823501,-0.7076772998718532,-0.4005896952488784,-0.6046856898439237,0.9034013681451573,-1.6124255762225808,0.8224530608098748,-0.25130048679798445,0.4005896952488784,0.7076772998718532,-0.48105256270404034,0.5660657690356972,-0.555114866549611,-0.6899972859210471,-0.7331767065666972,-0.6865896075014126,-0.30171300108041293,0.012804842605544792,-0.8523972546416179,-0.5261013687559044,0.9587239960437993,0.269735101023162,-0.6329961396987983,-0.29617565622181696,0.886958572340925,0.7806711296729086,0.6260729825722207,0.16231986177126023,0
-1.2030082367738797,-0.7719995663965628,-0.15484123025532542,1.478524768348486,1,0,0,1,0,0,-0.07911682151246661,-0.3477906192046305,-0.7711081536284979,1.4578547719717274,-1.4255652748400933,-1.3941363224851204,-1.725803512152736,1.296349484142121,-0.7511594591044145,-0.7773138302538788,-1.0357663842911082,-0.36439705882738543,1.122100557801864,-0.026825003513185362,2.0579906951316627,-0.5896446972904852,0.8530665036060712,0.16117255614589615,0.6912331826893887,-1.1825507815298193,2.372968566922911,0.2823695502352484,0.43432408892746366,1.8959869788359986,1.5039006586203145,1.1825507815298193,-0.6912331826893894,-0.09111737198826762,1.7668537438389946,-0.23669853764102378,-0.4961897785011287,-0.15285517856115927,-0.08799472517957138,0.4323198869208419,0.12354118106860354,-0.6043528672675491,2.33276582907272,0.35171115073279,0.2514886682026129,0.4432043837197094,1.2269046476332444,-0.2233527107470814,-0.37174181903963527,-0.8769950965056176,0.40975308478573785,0
0.030604356373531493,1.907848094635473,0.27967722576327125,-1.8947617391869185,1,0,0,1,0,0,-0.40720918361991093,-0.15706777750335926,0.25234635976176334,-0.44300933971430556,0.6071827431265463,0.22157088492113197,-0.1069321156951535,-0.23023050589171612,-0.9724127270822442,-0.9988150440464594,-1.5628061512013616,-0.04421129667432266,1.519258695927617,-0.6863740960947284,-0.8438148326809392,-0.722274722798972,-0.9424404259943209,-1.0643263536956808,-0.6187833227191311,0.5534028300138731,-0.5371251996281453,-0.5293165809521133,0.60350433343638,0.4148268925175362,0.9926170064328879,-0.5534028300138731,0.6187833227191303,-0.6481676444393714,-0.7848207026180125,0.00893691608845806,-0.3669847735545164,-0.6990401460957827,0.29006520049738066,0.10608304780917345,0.4557501964577793,-0.29429738304996345,-0.5895436366688835,-0.6130056927079216,-0.44187577897824326,-0.08285576886351954,0.08822080141779386,-0.2233527107470814,-1.5006361361458005,-1.497308906918694,-0.36789418754547737,1
0.4161082917320974,1.0317440516057692,2.452269505856255,-0.13478617003801185,1,0,0,1,0,0,-0.571255364673633,0.1162240993246818,0.5977622580309765,-0.506082151943766,1.1022916992665228,0.4804954553856268,1.2856930639838384,0.2054324430345272,1.5077894916037746,0.188539137337725,0.5384901497747936,0.5029224654506183,-0.7230077748990359,0.9275686445978522,0.19611852940433533,0.7187414627308595,0.32435405224549946,0.26067895425650034,1.5173256805029718,-0.8189388764091825,-0.8609718422346534,-0.08549523766290727,-1.3389328913872407,0.06691971493432228,-0.44556130599195043,0.8189388764091825,-1.5173256805029725,0.7166055230658329,0.04072103005925432,-0.3913578973966235,0.020630241285320403,0.15437386567706757,-0.9071245641463012,0.5138790966987595,-0.1532996650890431,-0.728375060954584,-0.8869292675109735,-0.2553016945782196,-0.5422311594912614,-1.0997819088923677,-1.0069464646875115,0.28421816152172197,0.9453015509175579,0.5704037944582268,-0.9511296417938885,1
-0.38059984134227254,0.33601437037629844,-0.4445202009343899,0.3052077222492148,0,1,0,1,0,0,0.08492935954125552,-0.3943083854732332,-0.3361399854376369,-0.20865623005438366,-0.39105175738726,-0.14199677619740755,-0.9260565300632616,0.8909313255605075,-0.5806602154421635,-1.4070696802135587,-1.1389809522259673,0.03178413540509193,1.2127219709881711,-1.3028142481039418,0.4474737042856901,0.612652300822687,-2.7010063497389805,-2.5294351104244286,-1.365787116533542,1.3979208031972914,-0.014052498345030136,-0.7745618705760577,1.4094384451059514,-0.7774112994449341,-0.9887700501478451,-1.3979208031972914,1.3657871165335413,-1.3444804850032512,-0.10937746679115769,-1.364802102917162,-0.8967252938356269,-1.7743418009295742,-1.6947494093066184,0.18764225758709038,1.0648000580046022,-1.2244638357027204,-0.24854144663662048,-0.9381911455531051,-0.9162830323125138,-0.1402778277722523,-0.4315605721200442,-2.063297122721492,-0.7833178721512579,-0.2089648391376897,-1.0748462533011267,1
-0.6376024649146498,0.026801178718756015,1.0038746524609323,0.3052077222492148,1,0,0,1,0,0,-0.38197130961164594,-0.16869721907050997,-0.42569225535928473,-0.15368451297366123,-0.04892605455517482,-0.010969316532300452,0.8515118209999396,1.0761404044836105,0.20610552936086027,1.037783006412929,1.1577239653139038,0.2916859319737643,-0.7590722090277799,0.5524908258452519,0.358632595523287,-0.1742513681091463,0.8131180532961405,0.8833927314701651,0.12891477706591967,0.26996871572628706,-0.6320055918126741,-1.11776621628956,-0.4568589834242149,-0.5957039467115496,-0.642636791719432,-0.26996871572628706,-0.12891477706592036,0.1317027369921738,-0.10937746679115769,-1.1828499149693978,-1.077612300760884,-0.7502449868021539,-0.49755964466293656,-0.7910682597479163,-0.9284540343304539,-0.8523972546416179,-0.6371253376036178,-1.0899443568808573,-0.23204180154193166,-0.4255357978349895,-0.6177148314801074,0.030432725387320277,0.03983423407198747,0.18071947766026855,-0.45626319576493324,1
0.4161082917320974,-0.514321906681944,-0.15484123025532542,-1.161438585374874,1,0,0,1,0,0,-0.6595879237025604,0.5610502392681955,-0.7199354279589849,0.7981941670030586,-0.17005144961488727,-0.18537446762237475,0.055283034517379696,-0.6476611539613484,0.8088955455487111,-0.2489938910156198,0.6664822296436915,1.591351122296652,0.7975232001727893,-0.2597190308173809,-0.9452935199146933,0.8441996280199608,-0.19474970568658395,0.8383955100292466,0.9041108648182726,1.2737269836114935,-0.3363806006514216,-0.05803903743261907,-0.2574480970679713,0.14326420856275116,-0.04792950504871229,-1.2737269836114935,-0.9041108648182734,-0.6203151308168162,-1.2351161931692491,-1.701413650620525,-1.1034533017502068,-1.1086788717467513,-1.0646495331783645,-0.13859458152457876,-0.5408768497097485,-1.658541513607341,-0.49834537654397587,-0.3311783002420958,-0.8524205174405927,-0.840456481562607,-0.7361766328910565,-0.5405845059150832,-1.3595243465075295,-1.0440026608476,-0.8274130302866491,1
0.4161082917320974,-0.3854830768246345,2.452269505856255,-0.4281154315628296,1,0,0,0,1,0,-0.571255364673633,0.1162240993246818,0.07324181991846762,-0.389773571594027,0.8088718926109867,0.3906097236699732,1.7406190561364967,0.25476215754663967,0.25656402224728286,1.8601187114020281,1.7008579759031859,1.9234411903053876,-1.23050693504076,1.256547830673634,0.3516242919863766,0.888534690611909,0.5911516798700557,0.6904781495934602,1.8586269233961765,0.7799808228191798,-1.164845381966036,0.002580440283790265,0.5421600607484132,-1.926724487767466,-1.5370811474236732,-0.7799808228191798,-1.8586269233961772,1.0229831729139398,0.19081952690966666,-0.3549674598070702,0.13691474573727128,0.3762615087380082,-0.844114576533476,0.35076067714292497,-0.4301405112466897,-0.5423417704240322,-1.2200011740541141,-0.4070549059059717,-1.235595606672119,-0.8145239388296306,-1.430024326869473,-1.3019408143182878,0.2044646553166367,0.6817421706862145,-1.136704559054746,0
0.4161082917320974,-0.6431607365392533,-0.15484123025532542,1.0385308760612593,1,0,0,1,0,0,-0.6595879237025604,0.5610502392681955,-0.4001058925245282,-0.165257506043287,0.6104175268223679,0.5592013697237117,-0.6194515227854108,-0.8865714538621748,0.5710119198003052,-0.7271884816143308,-0.044026921835645286,0.3173508374474286,0.617489270606952,-0.2667671241316062,-0.7891876121367734,0.3637620262981967,-0.365056006732149,0.5986636126471426,0.7686432489180746,-0.3295023237687909,0.5948118543439589,0.4262563184052984,-0.4150466680259576,0.6204014370884715,0.6417156519797736,0.32950232376879157,-0.7686432489180752,-0.7317251853070371,-1.2351161931692491,-2.1926845580794883,-1.7236373254939452,-1.7402052404586603,-1.1906695084040155,-0.46483142063624716,-0.8177176958673952,-2.1546302883554773,0.25106641317809053,0.04820472807728505,-0.9071598159022387,-0.9571529238609991,-0.685407289429221,-0.15990635171348128,-0.6186874509066087,-0.8213259083916238,-0.76555472453303,0
1.0586148506630406,0.6967630939767645,0.27967722576327125,0.3052077222492148,1,0,0,1,0,0,-0.21792512855792381,-0.28208427435022915,-0.6687627022894718,0.2947689684743374,-0.7905487909037745,-0.44474623078197245,-1.3943477602034708,-0.024212229104942452,0.5027345406844816,-1.1486603921096004,-0.832354094781055,-0.5752653465349293,0.8119701862020403,-0.7186275056309055,-1.0210477254963488,1.2832118861589898,-0.2166198341928946,0.3302865877199984,0.9345219622652575,-1.711440825341657,1.2208303664540525,-0.989631152638893,0.6022492342847567,1.3369695648418585,1.4045616564007908,1.711440825341657,-0.9345219622652582,-0.7874302125521474,-1.0850176963188372,-0.6733837887156574,0.03355074177998182,-0.05044549714841698,-1.0961545269847772,0.4323198869208419,0.012804842605544792,-0.9144083514851348,0.8061862574166584,-1.0899443568808573,-0.7976812189789466,-0.39960325510201306,0.12690220596014448,-0.7626467625326843,-0.12479618717266176,-0.8213259083916238,-0.6418381130257917,0
-0.6119022025574117,0.4133176682906843,1.0038746524609323,-0.13478617003801185,1,0,0,1,0,0,-0.4955417426488382,-0.05240280339900311,-0.6943490651242283,0.6130262778890462,-0.49242652790901853,-0.5140610985228995,0.59325488455797315,0.9038107302075359,-0.821872299361375,0.5961887608827325,-0.29330976718190693,-0.5776778227078538,-0.6185647265181218,0.5269414615949333,0.5191105217091675,-0.647583839155067,0.765561146866267,0.6641224268232533,-0.1602775458261487,-0.6289223324429117,-0.29842165873917825,-0.7204750665544689,0.4727676605085356,-0.04629522462684444,1.0297033513163782,0.6289223324429117,0.160277545826148,0.1317027369921738,0.04072103005925432,-1.11916664918768,-1.232658306696819,-0.9209277891567239,-0.2140147004052217,-1.2804235184154193,-1.3713993881826885,-0.9144083514851348,-0.7203933142394032,-1.1658209625447336,-2.056685083596818,-1.5665676780859363,-1.4807936703313085,-1.016432198667086,-0.7833178721512579,-1.0996718489615938,-1.8790042280981787,0
0.030604356373531493,-1.880013503169424,0.27967722576327125,1.0385308760612593,1,0,0,1,0,0,-0.4576849316364408,-0.11636473201833188,0.03486227566633282,-0.3706781330291445,0.5464568506828983,0.19697528669048045,-1.39482516338323,-2.127523468850045,-0.7741211643939486,-0.6746081485139441,-0.026096359831259297,0.02482341990664238,-0.23524564861631705,-0.6863740960947284,-1.3287707701648614,-0.19843789387439034,-0.9496827379777388,-0.6366679517098381,0.09840925777350726,-0.06374491962016399,1.2537214339750056,1.5889593411741483,0.8588386188728167,-0.03033705985174294,-0.5876557916077481,0.06374491962016399,-0.09840925777350797,-0.6481676444393714,-1.2351161931692491,0.00893691608845806,-0.09565426316663046,-0.4600842227993849,0.25856020669096863,0.5138790966987595,0.5111183656893089,-0.35630847989348147,2.7907397005695382,3.6144051942794655,4.051308303081913,4.1126591804358235,3.841525835917767,0.8076506235489245,3.0854970270979956,3.353863200157928,3.719172442604373,0
1.0843151130202777,-0.3339475448817109,-0.15484123025532542,1.478524768348486,0,1,0,1,0,0,0.08492935954125552,-0.3966342737866634,0.38027817393554597,-0.47194182238836996,0.1758163176433308,0.059687129293934785,-1.3289390650231208,0.0587393292017892,0.49435524900514594,-1.1358006550203512,-0.996887076278921,0.01670992411234311,0.8891608998172595,-0.6402209384466554,0.9760932803202278,-1.0398315577977537,-0.6099140189220219,-1.5539666360700901,0.4073962731842086,-0.38126032008238236,1.208220901675695,0.897207247874406,-1.720730621002506,0.9296131084680498,-0.22114394238958016,0.38126032008238236,-0.40739627318420935,-0.6481676444393714,0.7912135143113154,-0.24579614703841146,-0.7287587874050313,-0.9038595089212672,-0.30852968182446,1.247911984700014,1.1201682272361313,-1.1004416420156866,1.5000860627148682,1.2622304186993043,0.9722227646142934,-0.17917664187171697,0.19459466390925928,1.5214221626769286,1.1922471827845313,1.0714264874841732,0.5334696962929761,0
0.44180855408933456,-2.1119233969125806,2.452269505856255,1.478524768348486,1,0,0,1,0,0,-0.571255364673633,0.1162240993246818,1.6851826785081292,-0.6692613542254894,1.4690221010755407,0.6066037954046036,0.9010857497303683,-0.57486893144096185,0.8940541433026313,1.0645301021755633,1.1526090818811052,1.6046597672475955,-0.9216884242204902,0.9722657576656393,0.4857778050225585,1.0245102865900775,0.45912944088637814,0.4536675850851471,1.943454842271065,0.2610696854503818,-0.2815051806577822,1.275667190570195,-0.19266793025814735,-0.9828465960323641,-1.0555301589823403,-0.2610696854503818,-1.9434548422710656,0.8001630639334981,0.340918023760079,-0.2730889752305771,0.279040251178545,0.4616029099152932,-1.033144539371952,0.758556726032511,-0.09793149585751397,-0.6043528672675491,-0.12363948168294266,1.5277985385228705,0.6985262723060605,0.4821031978191731,0.03382507628011344,0.3318029307969218,1.2334047880956935,1.5446145864531222,0.16231986177126023,1
1.4698190483788447,1.109047349520155,-0.8790386569529866,-1.161438585374874,1,0,0,1,0,0,-0.5838743016777656,0.1394829824589832,-0.5536240695330674,0.06041585881441555,0.1087181397804516,0.060581514684140296,0.1925985660039691,0.29587363765576935,0.519525549715728,0.1973179574396216,-0.05262842726511945,0.3280518272813059,-0.06127424698878259,0.0253234009721301,-1.3710437772677138,0.28255473933918424,0.44474811677783377,0.7020528779375086,0.7610291440431215,-0.30735587342307225,-0.24251015052263022,-1.7795774114175227,-0.42626856710964145,0.17444078883573577,0.7538375247735034,0.30735587342307225,-0.7610291440431222,0.32667033235006016,-1.0850176963188372,1.2280165753384769,1.2093162867941527,1.3662217623945152,0.9516700704320475,-0.13859458152457876,-0.4855086804782194,1.3179911348814817,-0.3040534310604773,-1.6969572021918669,-0.31415074923440073,-0.47740088330094144,-0.38079122865820925,0.728342674756924,-0.7833178721512579,-0.9883334727336057,-0.2706882785040748,1
0.8016122270906633,-1.4419614816545723,-0.4445202009343899,-0.13478617003801185,1,0,0,1,0,0,-0.3945902466157784,-0.17160457946229762,-0.2977604411855021,-0.23932466168889194,0.13934120343722167,0.05297923886739346,-0.3588278807113523,-0.22504175542697025,-0.33740937975671575,-0.8332223201721839,-0.7022466541132126,0.14833931112653312,0.6049161441833222,-0.4154295590998243,0.1329559497923031,-1.3268868684122048,-0.24892201094350222,-0.4291040525782178,0.46476756340334147,-0.25863368266248993,0.0838665823728904,0.44206922359901074,-0.8721434128639364,0.8788027945013216,0.494018454538982,0.2586336826624906,-0.4647675634033422,-0.007559831120602114,0.7912135143113154,1.9649229365269225,0.795860270964994,0.6493539925053206,2.589929748365507,1.4925896140337656,1.3416409041622488,1.3800022317249987,0.029018475482663446,0.35171115073279,-0.14993285384946126,-0.5681647828663581,-0.21156008378542468,0.5380035976561225,-0.12479618717266176,-0.26463402725168356,-0.08511336124321738,1
0.8530127518051386,-0.3854830768246345,-0.15484123025532542,-0.4281154315628296,1,0,0,0,1,0,0.7789708947685415,-0.5414208212976894,-0.2210013526812325,-0.29024583119524533,-0.6300852824723534,-0.19208235804891607,1.1046486110559828,-0.07647419925252431,-0.6445152978526759,0.8999867653752028,0.5183120053757172,0.31302075200884355,-0.188269040353225,0.4783081901567122,-0.3816029527301782,-0.08595510192701969,-0.013741092985297194,-0.20151213945662433,-0.16027754582615011,0.5858842905209262,-1.0581208759309582,-0.2773182224766639,0.7946974155966718,-1.229449490303097,-0.8705683748429424,-0.5858842905209262,0.16027754582614942,0.5494904413305014,-0.25947596364157,0.35464607318920965,0.2531992501892221,0.2397152668543526,0.1325402314653172,0.6769975162545934,0.8433273810784847,0.44983577907224165,-1.0812212129944723,-0.482931511569848,-0.7520651369275744,-0.2699405414371327,-0.7192535184037778,-1.0798785577006862,0.12214944469431245,0.45906541823023866,-0.6418381130257917,0
-1.2030082367738797,1.7274737328352407,-0.15484123025532542,-0.4281154315628296,1,0,0,0,1,0,-0.07911682151246661,-0.3477906192046305,-0.0035172685858019803,-0.3648916364943316,0.061339629035359125,0.014520667088556562,0.7450190373826796,1.5512775501499303,-1.1695236682122927,1.0533003667119316,0.4208502852490583,0.7933778388152257,0.2016809315014453,0.15186040781222962,1.6447358189949681,-0.3436593376791069,0.9875789009528302,0.31880516517777846,0.8847583482611033,0.2045801889163758,-0.8842299770854617,-0.48151688373001855,1.2534335417336917,-0.4436745092456843,-0.2358747889669593,-0.2045801889163758,-0.884758348261104,-0.007559831120602114,1.2415090048625523,-0.5278220383574467,-0.6124742829530796,-0.22112829950298704,-0.4660546508565234,0.18764225758709038,-0.2086678343205727,-0.8523972546416179,-0.8869292675109735,-0.5588081172337243,-0.39625969692687113,0.2746428559553643,0.0761328624983096,-1.238494455284687,-0.12479618717266176,-0.04195727479570725,-0.023255055489598248,1
1.572620097807795,1.7790092647781635,-0.15484123025532542,-0.8681093238500562,1,0,0,1,0,0,-0.24316300256618875,-0.2733621931748661,-0.3233468040202586,-0.22890896792622875,-0.08534166357421523,-0.03332895128743818,1.241075648505819,-0.7273359357173157,0.7151477197047734,0.592926560813571,1.0271910638805808,-0.3428969818233052,-0.954840280494055,1.2464932285332584,0.564084985825511,-0.33551011400268577,1.3829909588122853,0.9221949463609329,-0.6392523306161391,0.16633209230480636,-0.4802645534096398,1.5633793535029858,-1.3147861985275058,0.5703446296315318,-0.43505481627880493,-0.16633209230480636,0.6392523306161384,0.744458036688388,0.11577027848446049,-1.019092945816409,-1.0130097982875779,-0.4942207832702994,-0.5605696322757617,-1.2804235184154193,-1.2052948804881005,-0.6663639641110671,-0.5261013687559044,1.2622304186993043,-0.3688900476960481,-0.9571529238609991,-0.7023304039164997,0.09387908442092041,0.03983423407198747,0.1250502895462747,-0.332546584257695,1
0.44180855408933456,0.0010334127472937634,-0.8790386569529866,-1.6014324776621007,1,0,0,1,0,0,0.1480240445619179,-0.41640432445081954,0.46983044385719386,-0.4858294140719209,0.17807456053538515,0.055215202342907235,-0.099643271894242,0.051916652804182485,-0.8401064106770537,0.09461330337432584,0.1501843644152413,0.8421082537663825,0.5745242069318091,-1.180137958971891,0.27994513279904637,-0.24901524287400592,-1.3417988683869566,-0.8932629929013431,0.49988245718027835,0.6527578856825103,-1.0406235483081727,0.2091856532935082,0.8982173029769862,-1.4583212580324338,-1.067344482197913,-0.6527578856825103,-0.499882457180279,-1.0659553487776992,0.41596727218528484,0.4456221671630917,0.24027874969456073,-0.32353798091572933,0.6681251261743327,1.247911984700014,1.0648000580046022,-0.23228628620644656,-1.0257092285706153,0.04820472807728505,-0.40538291333714505,0.09311505682453199,-0.4992530300691578,-0.9529858396334858,-0.37174181903963527,-0.09762646290970158,-1.0129879475475077,0
0.46750881644657266,1.1348151154916164,0.5693561964423357,-0.8681093238500562,1,0,0,1,0,0,-0.36935237260751347,-0.18904874181302367,-0.31055362260288033,-0.2358527637680042,0.08762736507083908,0.0368803018436943,-0.21827055839704423,-0.7031906083933179,-0.7011752691564633,-0.26416084838724546,-0.41115683465963476,-1.2389934173949806,-0.5738640290700668,-0.9365462356792906,-0.5805659392422732,0.20694687211167134,-1.076565148562778,-1.1802921687593055,-1.0923365864985648,-0.6064731204975302,-0.6322754389574503,0.3835529651200627,1.1664917310394163,-0.7106393088470611,-0.6178015557030121,0.6064731204975302,1.0923365864985641,-1.0102503215325889,-0.7848207026180125,-0.9554096800346926,-0.7158382869103699,-1.05747403104038,-1.1276595207911904,-0.30171300108041293,0.2342775195316623,-0.790386157798101,-0.8036612908751883,-0.1035484832504671,-1.2173491738515698,-0.5292659687668935,-0.7530997473783346,-1.7777885070702906,0.7806711296729086,0.514734606344233,-1.3841377820692236,0
1.5469198354505571,2.5005067119790976,0.5693561964423357,-1.8947617391869185,1,0,0,1,0,0,0.31207022561564,-0.4565258978574894,0.9687645191349462,-0.5697336138267077,0.2862315061001322,0.0892018471707166,1.6221124360284092,-0.6027283582955593,0.45888413474913575,1.398979056584145,1.0641027636516178,-0.34009262395320833,-1.108623051394566,0.7546773579580744,-0.10126712352534045,0.6421752133235914,0.35083078991259603,0.06673517350765283,-1.9697378439216697,1.4897162350650546,-1.5015221049127356,0.7258164058752629,0.01801417333714797,-1.5420526450513152,-1.3182318002240272,-1.4897162350650546,1.969737843921669,0.438080386840281,-0.3345252120667762,-0.7552622732921518,-0.3411437725651945,-0.18699173903207253,-1.2536794960168407,-1.6882195673050053,-1.2052948804881005,-0.4183195767369984,-1.4420491117495413,0.4275877563966659,-0.5878472415426337,-0.4903671546674297,-1.0238695791747903,-0.5723076854318833,-0.7010026615289333,-0.04195727479570725,-0.8274130302866491,0
1.1871161624492292,1.0317440516057692,0.27967722576327125,-0.13478617003801185,1,0,0,1,0,0,-0.4198281206240434,-0.15823072166007435,0.4570372624398156,-0.4846721147649583,0.7379651889927241,0.25287437357832476,0.18296513739632472,1.1085336442834262,0.4313055155196194,-0.008749577492714829,-0.21259731382522035,-1.0378288768091124,-0.3829446908201173,-0.5702314432772166,1.4259502416091534,-1.0597042739693752,-0.0916647751541102,-0.8216307552177241,-0.871666255725209,-0.550966827225982,-0.8241860167053139,-0.09301156686377288,-1.6545096863842546,-0.07907310721746778,-0.5257755948883018,0.550966827225982,0.8716662557252083,-0.6481676444393714,1.0163612595869336,-0.600602913536552,-1.0130097982875779,-0.9892009100985523,-0.2140147004052217,0.02452383803125581,0.5111183656893089,-0.29429738304996345,-0.8869292675109735,-0.3311783002420958,-0.7611883533378483,-1.4109724216880806,-1.3454087544330806,0.37938770007212164,0.6983559190505837,0.45906541823023866,-1.136704559054746,0
-0.7147032519863632,-0.10203765113855341,2.452269505856255,-0.8681093238500562,1,0,0,1,0,0,-0.1800683175455264,-0.31987995944346886,0.7896599792916505,-0.5390651821921995,0.5867900354573798,0.17059091767941792,0.9195695658958782,0.7505117156782621,0.5039258889957203,0.37563068098082547,0.3410456558165342,0.2271938670674875,-0.8905730853670885,0.7272542963836518,1.0070324077163835,0.31355548533660954,-0.06728813397762833,-0.10361538957072729,0.02218903885575044,0.28785851885826175,-0.5520199422128719,-0.02127792379769547,-0.37379054828679764,-0.5741745781551023,-0.5445363164181936,-0.28785851885826175,-0.02218903885575115,1.07868820015905,1.4666567501381707,1.1916261377489248,1.1963957862994923,1.1101975588626602,0.4475901695294441,0.02452383803125581,0.012804842605544792,0.8219023601333442,-0.3595654154843339,0.27583454506891375,0.9174834661526473,0.5599008260181015,0.27921023634565156,0.886958572340925,1.1922471827845313,1.5167799923961247,1.1520527538291696,0
0.3647077670176212,0.18140777454752677,1.0038746524609323,0.3052077222492148,1,0,0,1,0,0,-0.5586364276695006,0.08133577462322976,-0.8478672421327675,6.787218080534396,-2.0460626161289794,-5.182752835395657,0.6290461144080816,1.1866764376801402,-0.614952776254642,-0.5915070121224323,-1.480176020897165,-1.213231267819619,1.3394282025699442,0.827297414328089,0.9452060642116507,0.8515795529185041,0.005967604474013522,-0.3851067832933859,-1.3361733137761789,-0.329502323768793,-0.04807810611616187,-0.6818639665737394,1.6964163708441415,0.8050051869707365,1.5483195012824853,0.329502323768793,1.3361733137761782,0.5216379277079463,0.5660657690356972,-0.6915790075104341,-0.18609776662925942,-0.1699234587966153,-1.537224440274555,-0.8726274695258333,-0.3747723420151606,-0.4803306735805153,-0.27629743884854874,-0.8623145398892288,-0.9162830323125138,-0.010615114107371936,0.31305646532020776,-1.2702176348014877,-1.7711003996191523,-2.046048046899492,-0.5181215015185524,0
0.23620645523143258,0.6967630939767645,0.27967722576327125,0.3052077222492148,1,0,0,1,0,0,-0.38197130961164594,-0.1745119398540853,-0.6687627022894718,0.2947689684743374,-0.5876010482317433,-0.3620155821879628,-0.28965140778584136,1.513640598525257,-0.5637253121569032,-0.39009660226888315,-0.8618388531982638,-0.9980835389476264,-0.12464936587524923,0.8587536627119866,1.106350289659009,-0.4621620629978769,1.0317165988081431,0.4845923444058528,0.6912331826893902,-2.0468235611034955,1.2608238748193188,-0.9692017908911758,0.3062030840548123,1.5500278612887763,1.5935428246128116,2.046823561103495,-0.6912331826893908,1.0229831729139398,1.3165582532877582,0.6366719645082435,0.279040251178545,0.700558833211691,0.6051151385615076,0.10608304780917345,-0.2086678343205727,0.6978801664463103,0.8061862574166584,-1.0899443568808573,-0.8797901666714156,-0.6070635969658218,-0.008482709938082702,-0.5405845059150832,0.12214944469431245,-0.7099875321636356,-0.8274130302866491,0
0.4161082917320974,2.2943645842074014,-0.15484123025532542,3.2385003374973924,1,0,0,1,0,0,-0.6722068607066928,0.6133827263203736,-0.46407179961141953,-0.11317903722997104,0.5607677872889608,0.5592013697237117,-3.0892949380580146,-0.9788305375156494,-0.9551045821329998,-1.9431844014425244,-1.6563362835737103,-1.9665008542322153,0.685141234862493,-0.27502876987387986,-0.7300898222156976,0.07407257898563153,-0.03839990323757876,1.0906620221402061,0.328888191831712,-3.008259926455328,4.020934306853818,0.6120876746870899,1.3800957583169902,2.587040075820433,3.2181374737956494,3.008259926455328,-0.3288881918317127,-0.7038726716844818,-1.1600669447440433,-2.038025198323888,-1.6977963245046235,-1.6207272788104614,-0.7180946013078251,-1.0357458890816678,-1.2606630497196296,-1.8445748041378918,3.6095414708214255,0.5034643620605421,-0.15905607025973648,0.5599008260181015,1.6499825098152057,-0.3502454288142823,-0.28942660841731066,-1.32234860141757,0.16231986177126023,1
0.72451144001895,-0.3339475448817109,-0.4445202009343899,1.478524768348486,1,0,0,1,0,0,-0.785777293743885,2.538055305683812,0.38027817393554597,-0.47194182238836996,2.0875618512964818,2.3166686614775376,-0.5545482111568533,-1.1251740065580527,0.5500648401141849,0.3936683652769709,0.8738093691708188,-0.36139005505059213,-1.6291896223892108,0.5325126726451305,-0.442577266114553,-0.9096320587524962,1.602608839788831,0.9990812900806366,-0.45503125954306783,-0.04159846927444537,1.3031931749154064,1.1009724457467156,-1.6660495581822488,1.0572989281143121,-0.1605865512098663,0.04159846927444466,0.4550312595430671,1.0229831729139398,0.04072103005925432,1.6828970452078873,0.8475422729436388,1.5369045647490853,2.0228398598500785,-1.0357458890816678,-0.983822203561983,2.0621242970036877,1.611110031562582,1.4898602356909325,0.9995924138451164,-0.127311556405765,0.2961333508329291,1.4579758036433286,0.9453015509175579,1.0157572993701793,0.7809029193074537,1
0.15910566815972013,0.43908543426214564,-1.168717627632051,2.505177183685348,1,0,0,1,0,0,-0.596493238681898,0.15111242402613387,-0.5920036137852022,0.11828082416254442,0.05458267823874147,0.024806099075919918,-1.264090223793677,1.3189790762804807,-1.105542239133094,-0.6616640275123169,-0.901309756898972,-1.100186886230054,0.4492463619267018,-0.6598781115240304,1.8932827562250818,-0.4764613241126813,-0.4740108593042221,-0.6110371923675223,0.5444209881177456,-2.0404738019066264,1.0984057936248188,0.08630892738231671,1.0325155958008705,0.42384436014961274,0.5751879368761235,2.040473801906627,-0.5444209881177463,-0.6203151308168162,1.7668537438389946,0.02713213488323473,-0.22485926811324272,-0.3918111018575571,0.19555021907814235,1.166352774922097,0.954063719541543,-0.10826409251941274,0.8061862574166584,-0.1035484832504671,-0.5331079430809875,0.04124997135858002,0.2115177783965368,-1.0481553781838862,0.9453015509175579,0.013711913318286572,-0.76555472453303,0
1.4698190483788447,0.7998341578626126,-0.8790386569529866,-0.4281154315628296,1,0,0,1,0,0,-0.5838743016777656,0.1394829824589832,-0.4128990739419065,-0.16815075431069346,0.35708231377937705,0.23722262924972837,0.17220013654061467,-1.1038316591282953,1.1642166531645046,0.5290065308214824,1.0195861266124673,0.410449605726419,-1.2384047505538458,-0.018105312249806185,-1.4659350390745076,0.3915519410327214,0.5720952932930987,0.927933494245292,0.8355570349801581,-0.26889098598050765,-0.2575390963474458,0.04650205233825864,-1.1980512267519845,-0.14737379472437456,-0.4195654502797567,0.26889098598050765,-0.8355570349801588,0.32667033235006016,-1.1600669447440433,1.4190663726836301,1.4418852956980555,1.6563825263972836,1.109195039464111,-0.22015379130249568,-0.5962450189412776,1.5040244254120325,0.19555442875423396,0.7310941790521709,2.0670087338472247,0.9618552383792308,0.8376730144258402,2.4413943686641333,1.439192814651505,1.4054416161681371,1.5850608941045057,1
-0.38059984134227254,-0.8493028643109486,-0.4445202009343899,0.3052077222492148,0,1,0,1,0,0,-0.20530619155379135,-0.29429518799573734,-0.7583149722111197,1.08173249720889,-1.2176464931239974,-1.0623193427188766,-0.7764801409038959,-0.12796829915308333,-0.12681120228055298,-1.3825021103503634,-1.517068604775575,-0.23473505597201388,1.5835655308843486,-1.045007128404847,-0.2983440998892221,0.3943520434220773,-1.1380012647212612,-0.7251313676646627,-0.45503125954306645,0.13114384342216265,0.03555572779054701,-0.12323406328247745,0.5696409341910423,0.7392485855777837,1.2643138409510808,-0.13114384342216265,0.4550312595430657,-1.038102835155144,-0.40957446049198204,-0.44594355378095224,-0.18609776662925942,-0.6136987449184976,-0.49755964466293656,0.18764225758709038,0.4557501964577793,-0.35630847989348147,-0.026493508941193386,-0.17942508891434333,-0.19554893590083341,0.11904759955750843,0.4145951522438788,-0.0012904541294803558,-1.277209135885205,-1.378017789531564,0.16231986177126023,0
1.572620097807795,-0.1535731830814779,-0.15484123025532542,0.5985369837740325,1,0,0,1,0,0,-0.24316300256618875,-0.2733621931748661,-0.7071422465416066,0.7403292016549297,-0.9100069094367493,-0.7823767155845522,-0.3232476944063291,-0.9728768067416222,-6.0447274266000874e-5,0.29350884543234745,0.42427671387708926,-1.1520412591423566,-0.30194126098108987,1.0087401911596403,0.41522315358684353,-0.12410295338890406,1.404660776728135,0.8837281604930143,-1.0117882743416888,-0.567767582660665,1.4574051011769398,1.751265389125192,-0.1246288662637314,0.9963260667949694,0.3112080375901003,0.567767582660665,1.0117882743416882,0.5216379277079463,-0.03432821836595151,-1.1009714303929035,-0.9871687972982559,-0.4600842227993849,-0.844114576533476,-1.5251011477491712,-1.3713993881826885,-0.728375060954584,1.4723300705029398,1.793366658346437,0.29710475025398503,0.1838789563899486,0.5838262971166633,-0.12818317219668063,-0.37174181903963527,-0.6543183440496418,0.16231986177126023,1
1.495519310736081,2.5005067119790976,-1.6032360836506476,-1.8947617391869185,1,0,0,1,0,0,-0.7479204827314877,1.5582748536513666,0.9687645191349462,-0.5697336138267077,1.9746790781388017,1.6387245357017615,0.030145283012048555,-1.093511976029811,0.3659098476637224,0.5181309141157191,0.984817959400222,1.1590369688902542,-0.2682446270055367,-1.4434183954864233,-1.201676221228062,0.9527470115860418,-0.47769391017864565,0.4491608723346109,0.6912331826893902,0.895231533445257,-1.4841644033356662,0.2970666460221748,0.4572078442636811,-1.1736345421682401,-0.8417934098655078,-0.895231533445257,-0.6912331826893908,-1.3444804850032512,-1.0850176963188372,0.1908891040362222,0.6666552660183818,0.4274663494443799,0.06953024385249205,0.10608304780917345,-0.2086678343205727,0.015758101167622184,-1.4420491117495413,-0.02767187758659086,-0.8250508682097696,-0.4903671546674297,-0.8884846632765624,-0.8895394805998851,-0.7010026615289333,-0.3759724034796717,-1.0129879475475077,1
0.7759119647334253,1.0059762856343069,-0.4445202009343899,0.5985369837740325,1,0,0,1,0,0,-0.05387894750420167,-0.3518609237531332,-0.20820817126385424,-0.29545367807657696,-0.13986726667138913,-0.04227280518949327,0.9549548122210899,0.8171378201895293,0.6893656148382524,1.1117114804503574,1.045772460370825,0.4789608004294128,-0.8318565170875744,1.140311772171571,0.9065075686265327,0.07562970931696462,1.0279181958783976,0.9211574627778454,0.6912331826893887,-0.032311248161723795,-0.18850182570097224,-0.21342792020129703,-0.8663853252065045,-0.4825844012112594,-0.46022444254703493,0.032311248161723795,-0.6912331826893894,0.8837206048011639,0.641115017460903,-0.44594355378095224,-0.3411437725651945,0.06903246449978255,-0.2770246880180474,-0.22015379130249568,-0.5408768497097485,-0.17027518936292965,0.05677446769459199,0.12408133374116129,1.0817013615375868,0.4043055696202447,0.17767154942198057,1.5214221626769286,1.1922471827845313,1.2941032399401495,1.1520527538291696,1
1.0329145883058024,-0.17934094905293926,-0.15484123025532542,1.7718540298733036,1,0,0,1,0,0,0.4634974696652297,-0.48966980632386886,-0.630383158037337,0.15299980337142172,-1.1595704955332757,-0.494831812633481,-1.990092333309173,-0.5854175822425972,-0.46251824389015284,-1.5028493444015698,-1.2554741987399924,-0.1321827263500418,1.4156373194978942,-0.946342149484623,-0.03923869511266191,-1.9969911527914956,-0.4344935275445173,-0.8062672726046126,0.3637290563372595,-0.5410235229891278,1.8216979083295617,0.7641955403889663,-1.3745055856121315,1.5994161642349616,0.8450148819150339,0.5410235229891278,-0.36372905633726016,-0.9823978079100336,-0.25947596364157,-0.6824813981130464,-1.5169093175793655,-1.5695224381040902,0.6996301199807459,0.5954383064766764,0.4557501964577793,-1.1624527388592034,1.0282341951120857,0.12408133374116129,-1.3815670692365094,-1.7480954772167696,-1.176177609560296,-0.15990635171348128,-0.8656330827735822,-1.1553410370755877,-1.198562864808365,0
-0.8432045637725518,1.4697960731206219,0.27967722576327125,-0.8681093238500562,1,0,0,1,0,0,-0.7353015457273552,1.0843751097899763,-0.6047967952025805,0.14142681030179596,0.5918732820097946,0.7246626669117309,-0.0036752011838562895,1.2260484996298506,-0.08730060122741866,0.12775232575143514,0.21958734208460295,-0.9711981080826302,-0.16917225925730464,-0.12825594258439776,0.32358320402091667,0.479920354795125,0.871860541938762,1.1647964763597378,-0.21462929445480164,-1.1117316642817359,-0.12304136992618671,-1.3586314924268061,0.6016165196918603,0.6919368387684052,0.8517227507149139,1.1117316642817359,0.21462929445480092,-0.14682239923337803,0.26586877533487285,-0.082039177885424,0.17567624722125458,0.529876030857121,-0.05648973137315825,-1.1988643086375024,-1.2606630497196296,0.3258135853852078,0.029018475482663446,-1.1658209625447336,0.6620334066649622,0.8970238815467907,1.1592121896841308,0.1890486229713212,-0.4540570296619595,-0.9326642846196119,0.5953280020465953,1
-0.7404035143436003,1.572867137006469,1.4383931084795292,-0.13478617003801185,1,0,0,1,0,0,-0.7605394197356201,1.7269017563750517,-0.2593808969333673,-0.26941444366991896,1.3436899124154933,1.5363174085232307,1.1458979415095374,-0.3234699997763189,0.564577164552846,0.24491450252343563,0.6668892902892019,1.859325191308846,-0.007673591795224606,2.3142080772420766,0.36776675113306,0.542292326835866,1.8290023316114326,2.047464214753993,1.7556215933338128,0.7946936794948511,0.7189304613805054,0.8123933840574318,-0.22684440739329442,1.4827437110057489,1.131961560211161,-0.7946936794948504,-1.7556215933338135,2.0535261769484814,0.26586877533487285,-0.19121049065408274,0.11107374474794844,0.8541733553308051,-0.08799472517957138,-0.5463906304141645,-1.2052948804881005,0.015758101167622184,0.22331042096616224,0.19995793940503753,-1.290334905133765,-1.1905458084577836,-0.6346379459673855,-0.7309235830158842,-1.6064699783745033,-1.545025353873546,-1.0129879475475077,1
0.5960101282327613,1.6244026689493918,1.4383931084795292,0.3052077222492148,1,0,0,0,1,0,-0.7731583567397526,1.7472532791175652,-0.5408308881156891,0.057522610547009106,1.048156237724814,1.2993052801187708,-0.4034274981401063,0.1465608372177339,-0.3756627775956753,0.2923885721807601,-0.13479264587125483,-1.6540441466115865,-0.3993213451941658,0.49315243634613176,0.12180539682244601,-0.6690742694610767,0.8791480311120866,0.6302955373591774,-0.11207882534413707,-2.1447605249873867,1.0537278604371394,-0.07913737598137283,-0.1588115137809827,0.4767500408050672,0.7905979563916995,2.1447605249873867,0.11207882534413637,0.04814519612450831,-0.3345252120667762,-1.301118837135444,-1.3877043126327533,-1.040405750804923,-0.43454965705011084,-0.8726274695258333,-0.9284540343304539,-0.8523972546416179,0.6674062963570164,-0.3311783002420958,-0.7976812189789466,-0.7496925819971905,-0.5330992590437151,-0.0647368131630805,0.28677986593896093,-0.5986491559356475,-1.136704559054746,0
0.7759119647334253,1.4955638390920825,-0.4445202009343899,-1.6014324776621007,1,0,0,1,0,0,-0.05387894750420167,-0.3518609237531332,-0.7711081536284979,1.55333196479614,-1.447150066201373,-1.4710534660427943,1.7749179159193873,1.4994394558249673,-0.5111710017311327,0.8469560755102624,0.023600095365395212,-0.7773452329270637,-0.3401656208068022,1.1743290819497325,0.9870435090793502,-0.22282818008887034,0.7431796102472074,0.4754875734544816,0.2857518833962749,-1.3436114231817156,-1.2946907863919233,-1.0692291905735638,0.47486705217483666,-0.40725883711714483,0.4335397895190717,1.3436114231817156,-0.2857518833962756,1.050835686536495,0.8662627627365218,-0.10023439668020068,-0.19901826712392082,0.10316902497069583,0.038025250046078915,-0.22015379130249568,-0.3747723420151606,0.07776919801113909,-1.2200011740541141,-1.0140677512169813,-0.06782390615699217,0.1838789563899486,0.008440404549195996,0.2524949820049213,0.4514102871836102,-0.15329565102369538,-0.3944048900113141,0
1.6497208848795075,-0.17934094905293926,-0.15484123025532542,1.7718540298733036,1,0,0,1,0,0,-0.7983962307480176,2.7124969291910723,-0.630383158037337,0.15299980337142172,1.1681743538733984,1.9678583592973888,-0.7981272175850818,-1.225123527453313,1.3192291253263437,-0.2652144869345354,0.5485909657095593,0.29552367207334396,-0.18748705460106263,0.4033399028214953,-1.2601337658357559,0.3271154748925826,1.1579362559713515,1.4505689950247571,0.6912331826893902,-0.28249761283093816,1.512827803112853,0.41914614580830445,-1.4747109033875105,1.5064774316220164,0.7030031701014098,0.28249761283093816,-0.6912331826893908,-0.007559831120602114,-1.3852146900196616,-1.255630790148503,-0.9225662948249498,-0.47715250303484213,-0.7180946013078251,-0.8726274695258333,-1.2052948804881005,-0.8523972546416179,0.8339422496285867,-0.1035484832504671,-1.290334905133765,-1.7221629344837932,-1.176177609560296,-0.0647368131630805,-0.9479482933959068,-1.1553410370755877,-1.2604211705619852,1
0.44180855408933456,-0.8493028643109486,2.452269505856255,0.3052077222492148,1,0,0,1,0,0,-0.571255364673633,0.1162240993246818,-0.7583149722111197,1.08173249720889,-0.6465906853271475,-0.7466012999763318,1.1035576778316263,-0.15471184676264083,0.6342760129691096,-0.2188583214763026,-0.29335855454191545,1.6308100871512,1.1347656161058086,1.3328028250886885,-0.1305254746316701,1.1916005485933363,0.7106023570740392,0.9094816554697435,1.5427439112049288,0.6941558255444424,-0.20280293570536906,0.08158930986212293,0.3303670757164957,1.0002846060082606,1.2693123087482099,-0.6941558255444424,-1.5427439112049297,0.8558680911786088,-0.40957446049198204,-0.9190192424451392,-0.23777976860790415,0.0519641842643253,-1.348194477436079,0.10608304780917345,-0.5408768497097485,-0.9144083514851348,-0.16527347000083534,0.12408133374116129,0.15113328768959466,0.30057539868834077,0.7022880985276131,0.28421816152172197,-1.4418395571298541,-1.378017789531564,0.7809029193074537,0
1.6240206225222695,-0.7462318004251005,0.27967722576327125,1.478524768348486,0,1,0,1,0,0,-0.5207796166571032,0.05516953109714072,-0.7839013350458762,1.7211403643057137,-0.9507380743125019,-1.287704461050665,-0.9017567886197865,-0.22090893681299115,-0.6923315627888843,-1.1431456897960321,-1.0522485812893247,0.6334201795234375,0.995227827933084,1.1452513309150623,0.07736839850302546,-0.18241841898373096,0.5863000261837378,0.8504140064405505,2.5158990295084016,-1.6313284484388841,2.398236401535457,0.38071041175070974,0.7631275208636642,2.125681147043581,2.198238448199153,1.6313284484388841,-2.5158990295084016,0.8558680911786088,-0.10937746679115769,-0.5278220383574467,-0.5349512799851129,-0.2894014204448148,0.1325402314653172,0.6769975162545934,-0.3747723420151606,-0.9144083514851348,1.8886699536818656,0.12408133374116129,-0.6060936743631827,-0.1532440991387405,0.6853649840403343,-0.635754044465484,-0.7010026615289333,-1.32234860141757,-0.2706882785040748,1
-0.8432045637725518,0.6967630939767645,0.27967722576327125,0.3052077222492148,1,0,0,1,0,0,-0.7353015457273552,1.0843751097899763,-0.6687627022894718,0.2947689684743374,0.4024987451062733,0.6061566027095009,-1.3415085684952641,0.4512142043825092,0.2461688460648149,-0.6591130083613665,-0.30696064135483575,-1.9951798940281036,-0.8365797749601925,-0.08922548472612574,0.041490772569963065,0.17684238816883152,1.0467053970752376,1.1303078373414812,-0.7858772647355261,-1.9417639089371364,1.7762472674055065,-0.5777411108176335,-0.15881151378098501,1.928314306213363,1.502589474049302,1.9417639089371364,0.7858772647355247,0.0759977097470634,0.26586877533487285,0.7003552302899613,0.6924962670077037,1.1272658390981163,0.6366201323679207,-1.2804235184154193,-1.149926711256571,1.3179911348814817,1.194770148383656,-0.7864379342253526,-0.9527758979536108,-0.8793552956620708,-0.1607907403235886,-0.5088613263982832,-0.04248097655033679,-0.8213259083916238,-0.8892713360402683,0
1.4698190483788447,-1.2100515879114147,-0.8790386569529866,-0.13478617003801185,1,0,0,1,0,0,-0.5838743016777656,0.19181546951116127,-0.1442422641769629,-0.32670075936456655,0.6664749668314865,0.40000077026713104,-0.25885219193325476,-1.791409264492569,0.6968958076574524,-0.522066194767011,-0.11866054611155255,-0.9198685219727848,-0.6089370478572993,-0.4149308500833707,-1.3728404049068395,1.1748347509197807,0.5201838269443262,0.7400109482198192,0.3506288912831737,-1.6023404173227471,-0.05465374237802813,1.083484054782997,0.22791570882743156,1.2210831265717463,0.876741180952369,1.6023404173227471,-0.3506288912831744,-0.3417899945912644,-1.2351161931692491,0.2727675886127153,0.8604627734383002,1.0589927181562884,-0.6235796198885869,-0.8726274695258333,-1.0945585420250417,0.3258135853852078,-0.16527347000083534,0.8069707847160468,-0.43275256256796935,-0.2569742700706454,0.22844089288381547,-0.5723076854318833,-0.04248097655033679,-0.7099875321636356,-0.7036964187794109,1
1.4441187860216065,0.7225308599482267,-0.4445202009343899,0.3052077222492148,1,0,0,1,0,0,-0.5207796166571032,0.05226217070535305,-0.7327286093763631,0.873418621955626,-0.6144732347460667,-0.6348031262006432,-1.74914468638981,0.10038878683125592,0.14128975006640734,-2.037339337031118,-1.5162457856302416,-1.6584582973748172,0.8139941006118334,-0.6806170358979486,-0.3001948705013812,-0.20567987768441043,-0.9968216204019084,-0.5443446738617771,-0.19575715951429745,-2.0677897471308873,1.7521637425244252,-0.43851539168925513,-0.3998362629564695,1.7638827508566741,1.439747154987528,2.0677897471308873,0.19575715951429676,-0.7595776989295921,-0.4846237089171882,-0.7006766169078218,-0.6899972859210471,-1.0062691903340089,-0.15100471279239655,0.02452383803125581,0.12354118106860354,-0.8523972546416179,1.1115021717478706,-0.7105613285614767,-1.0896241441077272,-1.0997819088923677,-0.44848368660732285,-0.3502454288142823,-0.12479618717266176,-0.9326642846196119,-1.0748462533011267,1
0.05630461873076867,1.0059762856343069,0.27967722576327125,0.5985369837740325,1,0,0,1,0,0,-0.4576849316364408,-0.12217945280190722,-0.19541498984647596,-0.29545367807657696,0.35078296276608695,0.1343683093760948,-0.3218278260984502,-1.0624624923547503,0.8132846944218328,-0.2519909160546364,-0.0024537699986162936,0.23483089380244612,0.25395368659056794,-0.6799742345556836,-1.3224469763590398,0.010755297790680986,-0.8231573735461423,-0.4569018188457477,0.2181716668474233,0.10390132815818369,-0.2319128169282088,0.1334647639729695,-1.100979385430517,-0.47580529039204517,-0.442885676205755,-0.10390132815818369,-0.21817166684742473,-0.6481676444393714,-1.2351161931692491,-0.027453521501095285,-0.018131260198663828,-0.34060626115118536,0.1325402314653172,0.6769975162545934,0.6218547041523672,-0.23228628620644656,0.11228645211844858,0.6552175733882943,1.5469853984615822,0.6247321828505417,0.38074892326932136,2.1558857530129325,1.1099319721622063,1.2941032399401495,1.5850608941045057,0
1.110015375377516,0.23294330649045036,-1.168717627632051,0.3052077222492148,1,0,0,1,0,0,-0.5333985536612357,0.05807689148892839,-0.438485436776663,-0.15079126470625479,0.19833084053262517,0.16119987108226008,-0.8531570562417851,-2.195458555819653,0.09582405088510727,-0.7809062349617981,0.1775678110049177,0.3854449229735457,0.04426924956785398,-0.40056525980386176,-1.5175025565769762,-0.6846983140501501,0.15796346821324436,0.7250576505212964,0.7686432489180746,-0.2366301126415829,0.7860955669701428,1.4931350195357085,-0.8190504612513678,1.21158781464177,0.4770308238519763,0.2366301126415829,-0.7686432489180752,-0.45320004908148526,-1.4602639384448675,-0.3549674598070702,-0.6383152839424023,-0.5454256239766699,0.8886600828192224,-0.46483142063624716,-0.8177176958673952,-0.5423417704240322,0.8894542340524437,1.6416134470186852,0.48869229486974886,-0.03654765684034838,0.4484413812184362,0.728342674756924,-0.28942660841731066,-0.4316415915936655,0.5334696962929761,1
-0.1749977424843705,1.6244026689493918,1.7280720791585935,0.3052077222492148,1,0,0,0,1,0,-0.596493238681898,0.20344491107831195,-0.6559695208720935,0.26004998926546014,-0.12442507500525045,-0.04450876866500705,0.11522274813718546,-0.2660486937752633,-0.7364644269770492,0.20330263230448467,-0.22530180377930178,-1.0588407943317457,-0.4699507025842799,1.2119629207656626,-0.2060242967172353,-1.3037757171834035,1.2701283248417727,0.8275387169074238,1.233103646290187,-2.6671097393646845,1.0507590341881086,0.15876956388383515,-0.30339731673650616,0.9847887647335306,1.1008338690045343,2.6671097393646845,-1.2331036462901876,0.939425632046274,-0.3345252120667762,-0.46413877257572894,-1.0259302987822392,-0.5454256239766699,0.7311351137871589,-0.30171300108041293,-0.8177176958673952,-0.790386157798101,0.8616982418405155,0.04820472807728505,-0.2776578835933038,-0.38663698373552574,0.008440404549195996,0.41111087958892223,1.0276167615398821,-0.15329565102369538,-0.5799798072721716,1
-0.6890029896291251,1.572867137006469,1.0038746524609323,-0.13478617003801185,0,1,0,1,0,0,0.31207022561564,-0.45420000954405926,-0.3361399854376369,-0.22312247139141586,-0.5361360859202922,-0.17687780641542242,-0.6106285888304199,0.884233783941542,0.8837956424834967,-0.32517737094671806,-0.5230189124160112,1.7387013826625806,0.9215995175381123,-0.2205319751719487,1.6643981343057987,1.0896293932239538,0.9250233395680647,0.32795112373713525,2.0459093416913827,0.3422733367180179,0.6287409659738645,0.4537188950465598,-0.113205793872236,1.356530958514055,1.0001306433191226,-0.3422733367180179,-2.0459093416913836,0.6330479821981672,3.568035706043941,3.811737644196728,4.077667396608946,4.489717045483147,0.5421051509486824,3.450010648703779,2.227531611866718,3.550390621248098,0.19555442875423396,-0.02767187758659086,-1.1626098753899237,-1.0349505520599276,-0.5161761445564365,-0.7626467625326843,-1.1948939252628807,-1.211010225189582,-0.8892713360402683,0
0.2619067175886707,1.1863506474345409,0.5693561964423357,0.3052077222492148,1,0,0,1,0,0,1.031349634851191,-0.594334780428225,-0.4512786181940413,-0.14905531574581093,-1.0194358885518124,-0.34189191090833887,0.34824539626798817,-0.41083928700474875,0.39772218021409333,-0.7782728312704399,-1.0374131162907991,-0.4706570547898572,0.573443447530378,-0.20298198407469692,-0.07110144538107721,-0.2697455250369003,-1.0878110137812118,-1.9220544414481944,-1.237970811603629,0.5858842905209262,-0.6870609075671908,0.49266194763561255,-0.8147677826273934,-0.027258395156211684,-0.5278242050458581,-0.5858842905209262,1.237970811603628,-0.4114212786476524,-0.3720498362793791,-0.953135277685345,-0.92902654507228,-1.2494921836892714,-1.3875757196940948,-0.11820477908009916,0.5664865349208381,-1.0229277709612903,-0.6926373220274746,0.35171115073279,-0.2685346671830286,-0.6329961396987983,-0.6007917169928287,0.030432725387320277,0.12214944469431245,0.45906541823023866,-0.023255055489598248,1
0.8016122270906633,-0.1535731830814779,-0.4445202009343899,0.5985369837740325,1,0,0,1,0,0,-0.15483044353726144,-0.3256946802270442,-0.6943490651242283,0.6622114984349557,-0.9487094836240401,-0.7622530443049282,-0.20360273298197,-0.2601853548603087,-0.14692084369457853,-0.17952002180929574,0.03900021049779677,-0.33040058765326846,0.27450804867664375,1.2003884847269504,1.2815016559326533,-0.3468493558547381,0.751943163467491,0.5204000766846162,0.6257323574189628,-1.0712207285677868,1.482528586644572,1.6408927917890543,-0.14770443740176192,0.9881339370055982,0.4573672035062299,1.0712207285677868,-0.6257323574189636,1.1622457410267157,1.2415090048625523,0.11810822885711679,-0.08273376267196997,0.22264698661889537,0.3530751881102058,0.02452383803125581,-0.26403600355210183,0.20179139169817292,1.5833540393506536,1.793366658346437,0.4978155112800227,0.3394742127878045,0.7361343275021692,0.1890486229713212,-0.12479618717266176,-0.5986491559356475,0.2860364732784985,0
0.18480593051695732,1.0832795835486928,-1.168717627632051,0.3052077222492148,1,0,0,1,0,0,-0.571255364673633,0.15111242402613387,-0.23379453409861076,-0.2838806850069512,0.5464568506828977,0.3356050221723344,0.03466645828734923,2.2159191565821215,-1.1158425594309926,-0.1366706735284028,-0.5667907457559315,-0.46009925493579573,-0.007839264344875344,-0.6299042518295278,2.015250692155535,-0.4342720959222607,-0.13982092266659885,-0.2687080576154216,0.39961991949913633,-1.023858678725748,-0.67759746061638,-1.0225846807484813,1.0889925843285873,0.04598922920449996,0.47451461012460033,1.023858678725748,-0.39961991949913706,-0.6481676444393714,1.6918044954137887,-0.30038180342274146,-0.4703487775118068,-0.4942207832702994,0.006520256239666901,0.35076067714292497,0.17890935030013266,-0.35630847989348147,-0.7481493064513315,-1.0899443568808573,-0.6608329728248301,-0.0495139282068366,-0.025405824425361403,-0.9847090191502859,0.36909507656128593,-0.09762646290970158,-0.8892713360402683,1
1.726821671951222,1.7790092647781635,-0.4445202009343899,-0.8681093238500562,0,1,0,1,0,0,0.009215737516460692,-0.36930508610385926,-0.3233468040202586,-0.22312247139141586,-0.31873055000204886,-0.11158767293042024,0.1422902459739155,-2.447429901163237,1.913623465941838,-0.3020533144914485,0.3515361852521633,-0.7923882020982068,-0.8752258631378331,-0.7969223606150603,-0.7740154350563215,1.4388536793950208,-0.6654733681474073,-0.49928568564143355,-0.8569681418843172,-0.23079243079930178,-0.9941334836321821,2.583782675628424,-1.1700781994359397,-0.25181745932602095,-0.9444695516070685,0.2307924307993025,0.8569681418843165,-0.8431352397972577,-0.8598699510432187,-0.600602913536552,0.17567624722125458,-0.10165033785478751,-1.5687294340809674,-0.5463906304141645,-0.2086678343205727,-0.17027518936292965,-1.1089772052064004,1.4898602356909325,-1.4089367184673323,-1.6832641203843295,-1.650024815204093,-0.7626467625326843,0.12214944469431245,0.013711913318286572,-1.6315710050837011,0
1.135715637734753,0.3617821363477598,-0.8790386569529866,0.3052077222492148,1,0,0,1,0,0,-0.29363875058271866,-0.23382209184655378,-0.2849672597681238,-0.24048196099585453,0.018626866010140995,0.006024005881604224,-0.6366613023706695,0.7849308738460069,-0.7272478173498823,0.25161858943326443,0.4552281735126793,0.5718845554024444,-0.004913059557674714,-0.8103326477325917,0.4999617518009424,0.4241883852711252,-0.3124999195510451,-0.3214673335061065,-0.16027754582615011,0.9389436438584764,0.07561820524484295,-0.5764915502279406,1.4204405478889444,-0.6497900521313689,-0.9056692034347159,-0.9389436438584764,0.16027754582614942,-0.9545452942874786,-0.03432821836595151,-1.2738260089432798,-0.8967252938356269,-0.9550643496276378,-1.2851844898232538,-0.30171300108041293,-0.26403600355210183,-1.3484860293897554,-0.10976148557697851,-0.7105613285614767,-0.6608329728248301,0.10608132819102022,-0.1607907403235886,-1.9681275841710915,-0.4540570296619595,-0.04195727479570725,-0.9511296417938885,1
0.6474106529472365,1.547099371035007,1.1487141378004646,0.5985369837740325,1,0,0,1,0,0,0.2868323516073751,-0.449548232917199,0.36748499251816774,-0.45747558105133773,0.038539386429567196,0.007812776662015243,-0.7678331645001418,0.827368860997292,-0.7723731131966819,-0.5780788492653699,-0.811048785288324,0.8136893523550576,1.2118267464093972,-0.41158136012182744,0.9065075686265327,-0.4290139863494615,-0.44967765371724566,-1.0053507430591302,-1.0001237438140784,2.1016857808501404,0.6564434608506081,-0.22747034479036782,0.6247422380622328,0.33505456693070995,0.07287381781897884,-2.1016857808501404,1.0001237438140778,-0.48105256270404034,0.641115017460903,-0.44594355378095224,-0.5866332819637576,-0.71610842633123994,-0.5605696322757617,-0.30171300108041293,0.17890935030013266,-0.6043528672675491,0.22331042096616224,-0.5588081172337243,-1.1443634425693747,-0.6978274965312384,-0.5330992590437151,-1.4605567119022886,-1.853415610241477,-1.378017789531564,-0.8274130302866491,1
0.6988111776617119,0.43908543426214564,2.8867879618748513,2.505177183685348,1,0,0,1,0,0,-0.6595879237025604,0.5988459243614352,-0.6431763394547153,0.21665126525436348,0.11650849292030942,0.2931217161375727,0.690110832955306,-0.43451361880869693,-0.03503373104245113,0.13461152414765187,0.43399241721423826,-0.31165819398114164,-0.8390123590929334,2.2948953918928465,-1.0731027933072845,1.062137252844146,0.9100263356729852,1.4624708114117966,0.8989187262297652,-1.3166012534636966,1.3334165232670632,-0.4786272429939587,1.1152377909541609,0.720515052002351,0.8636067029211633,1.3166012534636966,-0.8989187262297659,2.109231204193592,-1.009968447893631,-0.054746349693259644,0.49868875958778525,0.8712416355662611,-0.34003467563087314,-1.1988643086375024,-1.592872065108806,0.015758101167622184,0.9449662184763004,-0.6346847228976005,-0.6882026220556532,-0.06248019957332482,0.22844089288381547,-1.175048096251087,-0.20711139779498602,-0.7656567202776299,-0.6418381130257917,1
-0.38059984134227254,-0.05050211919562982,0.5693561964423357,-0.4281154315628296,0,1,0,1,0,0,-0.00340319948767178,-0.3663977257120716,-0.630383158037337,0.21665126525436348,-0.8665882858874382,-0.449218157733,1.0457875843677336,1.1472972560317627,-2.146222984515004,0.006981123062384138,-0.6514768021041013,-0.8902275135557323,0.5468191509318828,0.1815214507168341,1.5101928297156113,-1.6694398508707353,-0.6299297828046962,-1.0251711379041057,-0.44411445533132876,-0.7736968421314995,-1.2728189986015324,-0.06182346506886894,1.2563326687679683,-0.6340586364275421,-0.1539283333516404,0.7736968421314995,0.4441144553313281,0.15955525061472892,1.391607501712964,-0.009258302706318612,-0.8708842928463041,-1.040405750804923,0.9201650766256344,0.758556726032511,1.1201682272361313,-0.046252995675895824,-1.2477571662660425,-0.2553016945782196,-0.6060936743631827,0.08014878545804377,-0.1777138548108673,-1.1433249167342867,0.36909507656128593,0.013711913318286572,-0.76555472453303,0
-0.6890029896291251,0.3617821363477598,0.5693561964423357,1.0385308760612593,0,1,0,1,0,0,-0.0412600105000692,-0.3629088932419264,-0.5664172509504457,0.10960107936032508,-0.674606707329013,-0.3638043529683739,-1.0000067885764368,-0.6639590502803971,-0.1787057082231899,-0.7785288566492211,-0.10037685133242588,0.7536069453847529,0.5417936170751086,-0.8579255642840479,0.2750612207582267,0.4147354485101953,-1.2894028050111677,-1.0033142650402735,0.1590389773671773,0.8700970699576553,0.533304667175802,1.1868549262118553,0.6610658186363327,-0.22680749074256973,-0.8490462777502336,-0.8700970699576553,-0.15903897736717798,-0.9823978079100336,-0.18442671521636386,-1.2101427431615621,-0.8450432918569822,-1.2452251136304073,-1.1591645145976028,0.18764225758709038,0.12354118106860354,-1.534519319920306,0.3898463742377325,0.9587239960437993,-0.3050275328241268,0.06718251409155555,-0.025405824425361403,-1.4288335323854886,-0.28942660841731066,0.1250502895462747,-0.45626319576493324,0
2.3693282308821653,-0.6173929705677911,-0.15484123025532542,1.0385308760612593,1,0,0,1,0,0,-0.3945902466157784,-0.18032666063766065,-0.2721740783507456,-0.2520549540654803,0.16860278334609116,0.05610958773311275,-0.6652224707760283,-0.1571947135570296,-0.20333937650943437,-0.6436764810800163,-0.9268050174543869,0.17514171567498973,1.3361161728349773,-0.1002525950107232,0.20166934254481603,-0.8930205844174851,0.18375462156266045,-0.25103521191914213,-0.16027754582615011,0.39783372969061137,0.8248368272300615,0.4177825978254714,-0.6194278251648918,1.051773336643863,0.9598048894610272,-0.39783372969061137,0.16027754582614942,-0.14682239923337803,0.11577027848446049,-0.19121049065408274,-0.6124742829530796,-0.5112890635057554,0.29006520049738066,-0.05703537174666111,0.012804842605544792,-0.29429738304996345,0.44535835866158957,0.04820472807728505,-0.8889133830816909,-1.0349505520599276,-0.6177148314801074,0.030432725387320277,-1.6887851889968277,-1.7677021063295222,-0.5799798072721716,0
1.4698190483788447,0.0783367106616796,-0.8790386569529866,1.7718540298733036,1,0,0,1,0,0,-0.5838743016777656,0.19181546951116127,-0.08027635709007157,-0.35621189169211226,0.7227722600614942,0.42280759771737153,-1.5782452869711512,-1.222875620514697,1.2186768461248736,-1.3571086942612496,-0.815709427650608,-0.46268312513174925,-0.052161774822155296,-0.5961726665876591,-1.4988311747701903,1.2701476899222188,0.44708603510852135,0.9212030120911398,0.08301123374971872,-0.7133741297612541,1.5988997863173189,0.1769389987035552,-0.3895961387731396,2.2766891518349612,1.9598376497913663,0.7133741297612541,-0.08301123374971872,-0.6481676444393714,-1.4602639384448675,-0.4732363819731166,0.21443774870523882,0.39332978897346543,-0.9386295579527137,-1.3619827281933365,-1.5375038958772762,-0.35630847989348147,0.9449662184763004,-0.2553016945782196,-1.1899795246207467,-1.1775795370912954,-0.36386811417093057,-0.3185222492974822,-1.1948939252628807,-1.545025353873546,-0.5799798072721716,1
1.495519310736081,1.109047349520155,-1.6032360836506476,-1.161438585374874,1,0,0,1,0,0,-0.7605394197356201,1.6571251069721475,-0.5536240695330674,0.06041585881441555,0.9012659350619028,1.22775444890233,-0.7681631342855619,0.6166003971191162,0.7201741669508857,-0.9304794247401278,-0.6453541933803979,0.6846674272178265,1.1822284028763135,-1.249522360578564,-0.5958936905618821,0.023623026041237456,-0.8122228960797279,-0.24729858268451105,1.2514376093443502,-0.30735587342307225,-0.18035848262913787,-1.4432566136941534,-0.9607633492237699,0.45163135309400104,0.5975531250109175,0.30735587342307225,-1.251437609344351,-1.2052179168904753,-0.6347222057676005,-0.30947941282012914,-0.25070026910256554,-0.5454256239766699,0.1010352376589052,0.9216751455883455,0.34501385799472056,-0.8523972546416179,-0.3595654154843339,-1.4693273852002382,-0.8068044353892204,-1.1257144516253432,-0.9054077777638412,0.4428340591057229,-0.7833178721512579,-0.9883334727336057,-0.7036964187794109,1
1.572620097807795,0.2587110724619126,-0.15484123025532542,0.5985369837740325,1,0,0,1,0,0,-0.3188766245909836,-0.22684442690626339,1.0327304262218375,-0.5888290523915902,0.8336910503265714,0.2806003206746956,0.5626871302642229,0.451333845619745,0.4439124042549241,1.3121755967861295,1.77094884637664,0.8027289051951034,-1.125952196353542,0.7070772237313941,0.3859025534023486,0.06456001440186644,0.8883880356267746,0.9214839500660877,-0.11207882534413707,1.20598490020106,-0.07592692124026557,-0.23288116080351082,-0.5419665394402312,-0.8917542079568765,-1.4026705092764284,-1.20598490020106,0.11207882534413637,0.438080386840281,0.11577027848446049,-0.6369933511261053,-0.5091102789957901,-0.15285517856115927,-0.30852968182446,-0.8726274695258333,-0.9284540343304539,-0.4803306735805153,-0.3163894275991121,-0.5166544474204599,-0.989268763594709,-1.0810528502518848,-1.305921487296098,-0.9283122555648624,-0.39003408806681844,0.1992758736982665,-0.9373833516264187,1
-0.7147032519863632,-0.8493028643109486,2.452269505856255,0.3052077222492148,1,0,0,1,0,0,-0.016022136491804253,-0.3663977257120716,-0.7583149722111197,1.284259875927341,-1.3903548953546985,-1.2742886801975821,0.4563645482677661,1.351544036389403,0.029394750748012094,-0.6081097238137764,-0.9022797577836136,0.32764733784886096,0.7841116272395714,0.678696915485402,1.6396083172104403,0.08956613104133208,0.22118416460215368,-0.05728992252105732,-0.007768161614413057,0.45457625868389784,0.043559947600001016,-0.21251298659010287,0.04982171496927867,1.0408394363158364,1.1170754163772436,-0.45457625868389784,0.007768161614412348,1.0229831729139398,2.142099985965025,1.1825285283515359,1.0542702808582185,1.1101975588626602,0.4790951633358572,-0.13859458152457876,-0.1532996650890431,0.8219023601333442,0.11228645211844858,-0.1035484832504671,0.32447439948480933,0.30057539868834077,0.7192112130148905,0.506280418139323,-1.277209135885205,-1.266679413303576,0.904619530814692,1
1.7782221966656961,0.18140777454752677,-0.8790386569529866,-1.161438585374874,1,0,0,1,0,0,-0.3062576875868511,-0.22684442690626339,-0.5920036137852022,0.15299980337142172,-0.46758293208315554,-0.2927007144470359,-0.026319046486168274,0.7053204516144118,-0.4216271384916565,-0.11660158218164839,-0.4541149502039631,0.09717421457665133,0.7486957044086684,-0.6916030109996811,2.834815868896191,-1.1422355783743003,-0.216959662343528,-0.9867771245171331,0.42176776227307794,-0.28577009270635834,-0.6544443048655273,1.871781851511486,-0.5714581765760849,-0.05761227226565003,-0.37302412552491443,0.28577009270635834,-0.4217677622730786,-0.8431352397972577,1.841902992264201,-1.155557086777232,-1.4781478160953823,-1.467112756691348,-0.6235796198885869,0.6769975162545934,0.5111183656893089,-1.3484860293897554,-0.5816133531797613,1.8692432640103136,0.22411901897178985,-0.11434528503927678,-0.1269445113490324,0.3476645205553221,0.6160407084282594,0.514734606344233,0.16231986177126023,0
1.135715637734753,0.5936920300909173,-0.8790386569529866,1.478524768348486,1,0,0,1,0,0,-0.29363875058271866,-0.23382209184655378,-0.7966945164632545,1.7413931021775588,-1.4277558830428938,-1.5256109748453304,-0.8859431507898129,0.07896850663574674,0.9234280284484329,-0.5545497443892569,-0.10457853113069657,-0.3010781507274603,0.1555645829040689,-0.6024108953767119,0.4266367187339562,0.43133459273807107,0.1774501174105807,0.3817795036522557,-0.45503125954306783,0.040659774866796713,0.630003648751395,0.31900854549700935,-0.8289073819588648,0.9251174269548798,0.5086905902698771,-0.040659774866796713,0.4550312595430671,-0.8709877534198129,-0.25947596364157,-1.7196088694153011,-1.2843403086754637,-1.1598837124531223,-1.348194477436079,-1.0357458890816678,-0.983822203561983,-1.5965304167638241,0.22331042096616224,-0.1035484832504671,-1.0805009276974533,-1.2813097080232,-0.9054077777638412,-0.2550758902638815,-0.7010026615289333,-0.7656567202776299,-0.7036964187794109,1
0.18480593051695732,-0.30817977891024867,0.5693561964423357,-0.13478617003801185,1,0,0,1,0,0,-0.7226826087232228,1.0145984603870721,-0.38731271110714993,-0.20171243421260818,0.9193020539075585,0.936184811695334,0.11131465244482928,0.6250172026949311,0.07623136112941956,0.6150547022052956,0.9206498309384838,-0.005801179895734698,-0.42807462882051756,-0.6686225689281671,-0.4100852313800697,0.2427526101532158,-0.33147554534868345,0.1537070803203397,-0.22931895624632825,0.21952363131345246,-0.8228655266572258,-1.2686701080276903,0.13973213780187493,-1.1595846992616825,-1.0468248226566799,-0.21952363131345246,0.22931895624632756,-0.6481676444393714,-0.40957446049198204,-0.09113678728281299,0.046471242274642305,-0.08458205761933026,0.1010352376589052,0.10608304780917345,0.2342775195316623,0.20179139169817292,-0.6926373220274746,-1.0899443568808573,0.5708012425622179,0.5599008260181015,0.025363519036474696,0.09387908442092041,0.6983559190505837,0.9044189231421907,0.34789477903211874,1
-0.04649643069818187,0.3617821363477598,-0.4445202009343899,1.0385308760612593,1,0,0,1,0,0,-0.6091121756860305,0.21507435264546262,-0.5664172509504457,0.10960107936032508,0.1500585385335177,0.08070518596376425,-1.2559225370009697,-0.8162170464348691,0.2527966845884415,-0.7401006349408122,-0.05278686854564021,0.470140995066031,0.1863710394148501,-1.3142531701636293,0.06921191544279993,1.1970078455766604,-0.7313740323886474,-0.2771350751036296,0.20465562353765385,0.43824128821613356,0.43320457798945716,1.1896184890662913,0.8572959092365269,0.2746102395638455,-0.20194294647598293,-0.43824128821613356,-0.20465562353765385,-1.2609229441355856,-0.03432821836595151,-0.2821865846279648,0.3565632541465125,0.03489590402886805,-0.9386295579527137,0.10608304780917345,0.012804842605544792,-0.35630847989348147,0.25106641317809053,0.8828473903799233,-0.4692454282090663,0.015317428625603584,0.12690220596014448,-1.4605567119022886,-0.37174181903963527,-0.2089648391376897,-0.332546584257695,0
0.18480593051695732,1.4697960731206219,0.27967722576327125,-0.8681093238500562,1,0,0,1,0,0,-0.8236341047562825,6.660692341238729,-0.6047967952025805,0.19350527911511192,1.960722149154853,4.9729932703879,0.14441620671293892,0.5521181406526261,0.06469043987442859,-0.0708946629997185,-0.0243306888982477,-0.48208169084971597,-0.1921043985214991,-0.20852511586438838,-0.37438973487286636,1.3461702182197395,0.6436353232082358,1.1412282611466766,-0.7279513648365089,0.06447137185505257,-0.40917008970980373,-1.1328548927872668,1.2643372466989986,0.7339918847792187,1.1458183621388602,-0.06447137185505188,0.7279513648365081,-0.3696425082138195,-0.5596729573423944,-0.7461646638947628,-0.0052107597040024186,0.2567835470898098,-1.1276595207911904,-1.85133798686084,-1.8697129112664523,-0.29429738304996345,-0.5816133531797613,-1.2416975682086098,-0.97102233077416,-0.2569742700706454,0.04228663352375219,-1.238494455284687,-1.6064699783745033,-1.7677021063295222,-0.76555472453303,0
1.495519310736081,1.4440283071491598,-1.6032360836506476,-0.4281154315628296,1,0,0,1,0,0,-0.7605394197356201,1.6571251069721475,-0.5408308881156891,0.05462936227960266,0.9281381215762295,1.2322263758533574,-0.3815642907569911,0.14011020158473786,-0.012061551514791786,0.3651869365397773,0.31213390616015907,1.2582165448882925,0.02757474026007256,-1.0941841480263115,-0.2582115384129757,0.10178491991961942,-0.5931788816608674,0.13065931691044314,1.4819217163109606,0.24630538521990228,-0.5627214737270377,-0.45097629956369745,0.11877257340405006,-1.0815300164474708,-0.2782259728769115,-0.24630538521990228,-1.4819217163109613,-1.0659553487776992,-0.3345252120667762,-0.30947941282012914,-0.21193876761858224,-0.42594766232847037,0.2270552128845555,0.6769975162545934,0.012804842605544792,-0.790386157798101,-0.7203933142394032,-0.7105613285614767,-1.0531312784666302,-0.840456481562607,-1.159254495073018,-0.3819686083310823,-0.28942660841731066,-0.2089648391376897,-1.136704559054746,1
0.72451144001895,-0.17934094905293926,-0.4445202009343899,1.7718540298733036,1,0,0,1,0,0,-0.785777293743885,2.5845730719524145,-0.6175899766199587,0.2050782721847377,1.0143910336990178,1.8292286238155349,-0.3925524027965318,0.025755880516565747,-0.10048051105971703,-0.055258621556472064,-0.2114622854598245,-1.6150456059121512,-0.7924639563282533,0.41544073452374913,-0.2157464790381127,-1.1443756839234067,1.1875443887932389,0.6737102225841892,-0.4914206069155262,-1.715344606419548,0.9609571588208532,-0.2514808408486888,-1.0126269744371097,1.2521995203963308,0.9326582329658109,1.715344606419548,0.49142060691552547,0.8558680911786088,0.26586877533487285,1.5737257324392298,0.6149732640397371,1.1101975588626602,2.180364828882142,-0.9541866793037505,-0.8730858650989243,1.752068812786101,0.8616982418405155,-0.2553016945782196,-0.058700689746716966,-0.5681647828663581,-0.07617516788719629,0.9186817518577256,0.12214944469431245,-0.5986491559356475,-0.5181215015185524,1
-0.7147032519863632,1.572867137006469,2.452269505856255,-0.13478617003801185,1,0,0,1,0,0,-0.016022136491804253,-0.3663977257120716,-0.3361399854376369,-0.22312247139141586,-0.3146440984356902,-0.10935170945490646,0.17899424396609198,1.1447782347789632,-0.1741674716896944,-0.41412359276125604,-0.8397010253396421,-0.6778737548469882,0.05388742225373712,0.819474255120311,1.781526089349271,-0.08595510192701969,0.3968567707503493,0.11292006665461235,-0.4633576356367666,-0.4649864905896614,0.5699131667077296,0.21344967373515603,0.1517161804864272,0.9529706373160856,1.2018969250900622,0.4649864905896614,0.4633576356367659,0.8837206048011639,1.841902992264201,0.35464607318920965,0.2531992501892221,0.4103980692089227,0.1325402314653172,-0.709509049969999,-0.5962450189412776,0.38782468222872474,0.25106641317809053,-0.1035484832504671,-0.8432973010303187,-0.6459624110652865,-0.2623294272472596,-0.3185222492974822,-0.7833178721512579,-1.0440026608476,-0.5799798072721716,0
-0.7404035143436003,-0.4885541407104817,1.4383931084795292,0.3052077222492148,1,0,0,1,0,0,-0.7479204827314877,1.4826834834648872,-0.15703544559434116,-0.3249648104041227,1.3456877201930844,1.3914269753099382,0.9359886116406422,0.4805152861668332,0.4662510352399288,1.2629970565827582,1.5170149898967313,0.11692724571555789,-0.7496590555361248,2.473236871825561,0.28525246578548946,0.8409529974207129,2.0579117649536474,2.1275523638285856,1.2234273880116016,-1.0539055705610194,1.1697141920915393,-0.37376265201647246,0.2076958765347949,0.33436253733453336,0.10494700467292907,1.0539055705610194,-1.2234273880116022,2.0813786905710367,0.11577027848446049,-0.4004555067940112,0.07231224326396513,0.9053781960371756,-0.6235796198885869,-0.709509049969999,-1.2052948804881005,0.015758101167622184,1.0004782029001573,-0.4070549059059717,-0.19554893590083341,-0.06248019957332482,0.0761328624983096,-0.4771381468814831,0.03983423407198747,-0.4316415915936655,-0.45626319576493324,1
1.135715637734753,0.18140777454752677,-0.8790386569529866,-1.161438585374874,1,0,0,1,0,0,-0.29363875058271866,-0.23382209184655378,-0.5920036137852022,0.15299980337142172,-0.48307252103177484,-0.2980670267882689,0.08148685939702387,-1.3750679834477155,0.6608004984112492,0.11856207377378883,0.6551828135135758,-0.2773081393171902,-0.5673697177265651,-0.561222244628989,0.17544343592561992,0.3892796453730363,0.13473671641935064,0.44862964009668604,-0.2548898489945435,-0.12541857881077315,-0.6740761157549439,2.063079343698025,-0.5121479166618956,-0.026567091089294653,-0.4137702208979098,0.12541857881077315,0.25488984899454276,-0.7874302125521474,-0.3345252120667762,-1.4193877593014905,-1.0388507992769007,-0.9379960693921812,-1.033144539371952,-0.8726274695258333,-0.8730858650989243,-1.2244638357027204,-0.6093693453916895,2.020996475338066,0.16937972051014377,-0.127311556405765,-0.1269445113490324,0.1890486229713212,0.5337254978059351,0.514734606344233,0.16231986177126023,0
0.18480593051695732,0.6967630939767645,0.5693561964423357,2.9451710759725747,1,0,0,1,0,0,-0.7226826087232228,1.0145984603870721,-0.68155588370685,0.598560036552014,0.27954843187139944,0.3177173143682242,-2.418426788202147,0.37327337916346587,-0.33479701660325695,-0.9029083857926117,-0.9761241420141504,-1.1181531831169527,1.1476432699304249,-0.7273558357177324,-0.24330766564837844,0.43533999791090333,-0.07763012058256658,0.1750301320593015,-0.12528395424331848,-1.4007724800268284,2.636115939153822,-0.7560697055832678,0.8951534513342114,1.142794279709093,1.4398920483450486,1.4007724800268284,0.12528395424331776,-0.7038726716844818,-0.25947596364157,-0.10023439668020068,0.13691474573727128,0.10316902497069583,-0.24551969421163483,0.10608304780917345,0.17890935030013266,0.139780294854656,2.2494978524369347,-0.7864379342253526,-0.33239718205494984,0.15794641365697218,0.6176725260912207,-0.5405845059150832,-0.9479482933959068,-1.4893561657595522,-0.2706882785040748,1
0.3647077670176212,1.6759382008923163,1.0038746524609323,-0.13478617003801185,1,0,0,1,0,0,-0.5460174906653681,0.1075020181493188,-0.822280879298011,3.049141319045271,-1.3521328215113277,-2.273764353752239,0.09083022625131722,1.721386636726453,-0.1630276636958311,-0.7935772918945638,-1.5780013005182056,-0.7169983216942918,1.0790374418107067,0.34800170701089383,1.4381722731461841,0.5365966406801002,0.026493831608437993,-0.29234811011098,-0.7989105922128049,-0.18555039652161812,0.22141756461092738,-0.9219277692464105,0.7620921524320158,1.0983425539161402,1.7660579462291233,0.18555039652161812,0.7989105922128042,0.04814519612450831,0.8662627627365218,-0.9190192424451392,-0.5349512799851129,-0.4942207832702994,-1.348194477436079,-0.7910682597479163,-0.5408768497097485,-0.790386157798101,0.0012624832707351544,-1.0140677512169813,-0.7064490548762022,-0.24400799870415715,0.19459466390925928,-0.3502454288142823,-1.4418395571298541,-1.6563637301015341,-0.20882997275045564,0
1.4698190483788447,1.4955638390920825,-0.8790386569529866,-1.6014324776621007,1,0,0,1,0,0,-0.5838743016777656,0.19181546951116127,-0.7839013350458762,1.651702405887959,-0.8038477716495906,-1.128951054289187,0.5252328968168802,-0.9400905130636908,1.0977957443639736,0.9430780223710878,0.9683321282011964,-1.4161069277193485,-1.7858221578186833,-0.4555507950116382,-1.2274656317999042,1.5196362062751956,0.6212618224519548,1.3689518057292418,-0.46991781074089073,-1.4653421880752575,-1.1855301153945563,0.06065560790947952,0.02636427522883896,-0.6580049774566222,0.07763580178369262,1.4653421880752575,0.46991781074089,-0.7038726716844818,-1.3852146900196616,-1.4011925405067138,-0.5478717804797735,-0.2894014204448148,-1.4742144526617298,-1.9328971966387571,-2.0358174189610403,-1.1004416420156866,-1.1367331974183288,-0.02767187758659086,-0.24116501795220557,-0.1921429132382052,-0.4315605721200442,0.3476645205553221,0.8629863402952329,0.18071947766026855,-0.76555472453303,0
1.572620097807795,0.7225308599482267,-0.15484123025532542,-0.4281154315628296,1,0,0,1,0,0,-0.3188766245909836,-0.22684442690626339,-0.8094876978806327,2.5746486031906146,-1.5432937290021664,-2.164202143452064,-0.10295314175571864,-0.03151494127320175,1.3182896817513678,-0.5385966072109114,0.04215143296027094,0.46754376766565603,0.5139327197860011,0.2824103240874315,0.017369478220875232,0.3899132163945861,0.7842270493214386,0.9588719198086761,0.6109019818860374,0.031788787753525546,0.4253399180574882,0.06065560790947952,-1.4103209785305622,1.5052353867741182,0.8813528731620417,-0.031788787753525546,-0.6109019818860381,0.02029268250195297,-0.25947596364157,-0.8280431484712572,-0.5220307794904515,-0.20406001926752979,-0.6235796198885869,-0.6279498401920818,-0.9284540343304539,-0.6663639641110671,0.5841383197212315,0.27583454506891375,0.6620334066649622,-0.23104172733766892,0.36382580878204385,1.7117612397777302,-0.9479482933959068,-1.0440026608476,0.904619530814692,1
0.18480593051695732,-0.7462318004251005,-1.168717627632051,1.478524768348486,1,0,0,1,0,0,-0.571255364673633,0.15111242402613387,-0.7711081536284979,1.4781075098435725,-0.7344913508946546,-1.0260967344155534,-2.5291233647218183,0.789085236863323,-1.1626987238112712,-1.6670544276468766,-2.0444182624676137,-1.1946534571082126,1.1727092031745119,-0.6802804088185805,1.7165372572363118,-0.8537050350375335,0.06581816975701242,-0.394680606155945,-0.12528395424331848,-1.5051097296207103,2.8370794353426714,0.6365450907271614,0.731556876874823,2.3173471528299006,2.2725150750004035,1.5051097296207103,0.12528395424331776,-0.7038726716844818,1.391607501712964,-0.3640650692044592,-0.7287587874050313,-0.6649035856248688,0.06953024385249205,0.10608304780917345,0.17890935030013266,-0.23228628620644656,2.49930178234429,0.5034643620605421,-0.21379536872138252,0.1838789563899486,1.1253659607095745,-0.4136917878478824,-0.6186874509066087,-1.211010225189582,0.10046155601764112,0
0.18480593051695732,1.6759382008923163,0.5693561964423357,-0.13478617003801185,1,0,0,1,0,0,-0.7226826087232228,1.0145984603870721,-0.822280879298011,3.049141319045271,-0.7344913508946546,-1.5761437493919417,-0.3599626126215914,0.29488874773273915,0.020336637025378544,-0.43852600104190476,-0.571387748682854,0.24718722115814934,0.8967083726626024,-0.4688765428343306,-0.18236738306496506,0.6029649787497503,0.5000285235950768,0.8212199835788708,0.5641420291796073,-0.2223753081429896,0.032040858315596506,-0.5874357016967111,0.5781207898275608,1.0882400606283302,1.5445935340185513,0.2223753081429896,-0.564142029179608,-0.45320004908148526,-0.18442671521636386,-0.03655113089848297,0.279040251178545,0.47867119015075044,-0.18250970659880966,0.10608304780917345,-0.1532996650890431,0.3258135853852078,-0.1375174777889068,-0.7105613285614767,-0.6243401071837319,-0.2569742700706454,0.17767154942198057,-0.3185222492974822,-1.277209135885205,-1.4893561657595522,-0.023255055489598248,0
1.572620097807795,1.4955638390920825,-0.15484123025532542,-1.6014324776621007,1,0,0,1,0,0,-0.3188766245909836,-0.22684442690626339,-0.7839013350458762,1.651702405887959,-1.2763853101906646,-1.4509297947631703,0.9304169167951017,-0.054169515154992506,0.6554079785081434,1.0570818698035542,0.8190840773288249,-0.5597461747739554,-1.0848314065648856,0.17354456059397472,0.22947105471194762,0.7438902827440749,0.7984437763904378,0.9094816554697435,0.4407888507730546,-1.2005960373670737,-1.1203636915302788,0.3042284247165308,-0.1484266692654672,-0.6363262278803473,-0.17691759563501525,1.2005960373670737,-0.4407888507730553,-0.14682239923337803,-0.18442671521636386,-1.110069039790291,-0.6124742829530796,-0.2894014204448148,-1.1591645145976028,-0.7910682597479163,-1.0391903727935126,-0.9144083514851348,-1.053465220782544,0.27583454506891375,-0.013084607695344815,-0.08841274230630035,-0.33002188519637315,0.41111087958892223,1.0276167615398821,0.45906541823023866,-0.5181215015185524,0
-0.7404035143436003,1.6759382008923163,1.4383931084795292,-0.13478617003801185,1,0,0,1,0,0,-0.7479204827314877,1.4826834834648872,-0.822280879298011,3.049141319045271,-0.5690568034191699,-1.2161536298342241,2.2520195864243893,0.817952370948516,0.08061307312104488,1.1838571051486868,0.7779767322529106,1.5490248139941794,0.11037298968324981,3.0331801123787585,0.7085012808333643,0.6133200223156288,2.510466184711113,2.4851453584161973,2.172121406194675,-0.04159846927444537,-0.10077022574043142,-0.4129042690756674,0.5061267025593357,0.8900207218887245,1.4148528941075338,0.04159846927444466,-2.1721214061946754,2.5827239357770297,0.491016520610491,-0.3913578973966235,-0.031051760693324323,0.9736513169790033,-0.40304466324369825,-0.5463906304141645,-1.3160312189511594,-0.10826409251941274,-0.24854144663662048,-0.5588081172337243,-0.615216890773458,-0.2829068128036209,0.0761328624983096,-0.2233527107470814,-1.277209135885205,-1.4336869776455579,-0.023255055489598248,0
0.13340540580248203,0.1298722426046032,0.5693561964423357,-0.13478617003801185,1,0,0,1,0,0,0.08492935954125552,-0.4024489945702387,-0.041896812837936774,-0.35794784065255614,-0.09791368716121,-0.03288175859233543,0.9238299401842512,-0.0895853367276219,-0.8030525987087821,0.9869468425505921,0.05844287885125439,0.3348841342233331,-0.21174163068091378,0.2872930041679291,-0.9227803774886366,-0.5535955636616463,1.1613069507615466,0.5867396468099605,1.179804912165518,-0.7133741297612556,-0.9975482356460352,-0.8014624387963388,0.5414896519288906,-0.18176941854500633,0.49685846070107087,0.7133741297612556,-1.179804912165519,0.15955525061472892,-0.9349191994684248,-0.3549674598070702,-0.5737127814690962,-0.11871861809024475,-0.024984737566746233,0.02452383803125581,-0.4855086804782194,-0.17027518936292965,-0.9979532363586869,-0.8623145398892288,-0.48749186102961545,-0.1532440991387405,-0.21156008378542468,-0.2233527107470814,-0.04248097655033679,-0.3759724034796717,-0.5181215015185524,1
-0.5605016778429365,-1.1069805240255675,1.0038746524609323,-0.4281154315628296,1,0,0,1,0,0,0.1480240445619179,-0.42163757315603734,1.4932849572474551,-0.6490086163536443,0.5536512081664231,0.17729880810595924,-0.10832380628022228,0.6533324771235571,-0.620265348738117,0.34395382148888926,0.10432213171083973,-1.1076854352541365,-0.24940447255933224,-0.20523109153768104,1.1717463013420393,-0.3633718072414286,0.037713576014483455,-0.13310126708747158,-1.2094604077470812,-0.31122271395962636,-0.05443759897379513,0.2771103936576143,0.4827698879030544,-0.4272632863825406,-0.26557136175250373,0.31122271395962636,1.2094604077470805,-0.1328961424221005,1.2227466927562505,0.2977860144555334,0.056161617645638595,0.07329953455864656,0.3845801819166189,-0.5260008279696852,0.012804842605544792,0.6048635211810345,-0.24854144663662048,-0.02767187758659086,-0.7794347861583975,-0.4385020692014777,-0.5669454880182719,-0.8895394805998851,-0.20711139779498602,-0.3759724034796717,-0.8892713360402683,0
1.5469198354505571,0.23294330649045036,0.5693561964423357,0.3052077222492148,1,0,0,1,0,0,0.47611640666936217,-0.48269214138357847,0.32910544826603294,-0.45284638382348746,-0.08488970532957991,-0.02125474851966381,0.3916712842794798,0.1793809270518542,-0.4631007878480659,0.7543892803031448,0.5328819457145979,-0.5043620834038343,-0.8977879375750334,0.39785590887983563,0.20520332996158783,0.2554478772464813,0.10924684521990237,-0.08778134150149162,-0.8569681418843186,0.16204084244106823,-0.1470955187672689,-0.040637760637894926,0.8897747722898816,-0.9108039469080258,-0.7784740225608522,-0.16204084244106823,0.8569681418843179,0.04814519612450831,-0.18442671521636386,-1.0554833834059623,-0.7804407893836761,-0.6990401460957827,-1.0961545269847772,-1.0357458890816678,-0.8177176958673952,-0.9144083514851348,-0.1375174777889068,-0.02767187758659086,0.041654690766301246,0.4950694691856613,0.0761328624983096,-0.826093121566285,0.5337254978059351,0.6817421706862145,-0.1469716669968365,1
-0.6890029896291251,0.5679242641194551,1.0038746524609323,-0.8681093238500562,0,1,0,0,1,0,0.2742134146032426,-0.4460594004470538,1.442112231577942,-0.6438007694723127,0.45977634701701026,0.15449198065571876,0.08238476883368794,0.4059726145234824,0.34096614280907334,0.9838792500062152,0.7624284603661605,0.8900815964084557,-0.7707139483370609,-0.2816522470050142,0.6014671481224484,0.6004620164428793,0.3626992760516506,0.010538906282003968,1.240594943021994,-0.016441821794354616,-0.3959816331310906,0.04532643127289655,0.137294278535583,-0.9695109986789717,-0.9809051483927927,0.016441821794355316,-1.2405949430219947,0.540206270122983,2.067050737539819,3.781412279538769,3.668518214278006,3.7216444348875815,1.4347466421303747,2.4984865346280776,1.8584104836565227,3.033631480885456,-0.19302946221276363,0.35171115073279,0.9357298989731951,0.8710913388138142,0.38074892326932136,0.2524949820049213,1.6861384465184783,1.8507951210800897,0.8427612250610729,1
1.3670179989498932,1.547099371035007,-0.4445202009343899,-0.13478617003801185,1,0,0,1,0,0,1.7380101070826095,-0.6763223434766373,0.188380452674872,-0.4349082445655675,-0.6112542691266228,-0.18403288953706648,-0.43715140399924046,-0.33852439787225685,0.9088671090025302,-0.08256210865627614,-0.5288257408307293,-0.23349788870384672,0.8729809793793377,-0.9850510319902088,0.042030156404718445,0.11083891005701116,-0.47535263070022254,-0.6566938288380643,-0.22109974072011698,-0.09917924017331377,-0.37638171595632963,0.5067402480024232,-1.1310693698912833,-0.3598154492324952,0.04636565405306824,0.09917924017331377,0.22109974072011698,-0.9266927806649233,0.04072103005925432,0.018034525485845748,0.07231224326396513,-0.11871861809024475,-0.37153966943728567,0.5954383064766764,0.7879592118469556,0.015758101167622184,-0.49834537654397587,0.19995793940503753,-0.6882026220556532,-1.112748180258855,-1.159254495073018,0.6966194952401235,-0.7010026615289333,-0.8213259083916238,-1.0129879475475077,0
-0.7147032519863632,1.289421711320388,2.452269505856255,-0.4281154315628296,1,0,0,1,0,0,-0.1800683175455264,-0.31987995944346886,-0.054689994255315046,-0.35621189169211226,0.11501749079374107,0.029278026026947467,1.2709162598690087,2.092026269935116,-1.1932106396573616,1.0472710633625548,0.5591645822568999,0.7155021935252149,-0.5787658815635672,1.0407311523914295,2.3454125318940138,-0.4775244617673279,0.49897982916664996,0.10318064451605333,-1.19191554383536,2.1579869790623687,-0.7273536919715023,-0.5217889224993952,1.1512928854120317,-0.9200157851925267,-0.626205525671902,-2.157986979062368,1.1919155438353592,0.7166055230658329,1.7668537438389946,-0.6551885699208807,-0.7804407893836761,-0.5624939042121272,-0.30852968182446,-1.2804235184154193,-0.983822203561983,-0.4183195767369984,-0.6371253376036178,-0.4070549059059717,0.31535118307453414,0.8840576101803024,0.4145951522438788,-0.7309235830158842,-0.7833178721512579,0.29205785388825667,0.7190446135538346,1
1.7011214095939837,-0.87507063028241,-1.168717627632051,0.3052077222492148,1,0,0,1,0,0,-0.10435469552073157,-0.3443017867344853,0.09882818275322415,-0.41060495911935335,0.15790694336506178,0.05253204617229071,0.5745610577390894,0.2145012137410396,-0.044148160178265075,1.091104954474732,1.3260371060483793,1.7315030309104604,-0.7702849359810753,0.0023015284128720423,-0.1091665037844681,2.887642278242647e-4,0.606428421504762,0.6776612392646906,0.7837886966584708,1.584211532575986,-0.796641477081064,-0.4037702545667839,0.060642194136457626,-0.8726883592899148,-1.062308877725535,-1.5842115325759867,-0.7837886966584715,-0.3696425082138195,-0.5596729573423944,-1.455778196891044,-1.232658306696819,-0.972132629863095,-0.8756195703398886,-0.9541866793037505,-1.3160312189511594,-1.5965304167638241,-0.8869292675109735,-0.6346847228976005,-0.9162830323125138,-0.7496925819971905,-1.0069464646875115,-1.0481553781838862,-0.7833178721512579,-0.09762646290970158,-0.8274130302866491,1
-0.7404035143436003,1.7274737328352407,-0.8790386569529866,-0.4281154315628296,1,0,0,0,1,0,-0.05387894750420167,-0.355931228301636,0.009275912831576286,-0.3648916364943316,0.04950727023213233,0.008259969357117997,-0.04218860550614352,1.4748519818842702,-1.2248991889284813,-0.2847261327969226,-0.5688380491437734,0.8484211115300933,1.3019423091590459,-0.6336477953597954,1.6171583953165525,-0.47091870158369714,-1.1227709099538692,-1.3073505107406431,-0.054936012401546316,1.2116300738185948,-0.5744691281384546,-0.4042468504742502,1.2012503457658021,-0.7286737784209522,-0.5368559953291584,-1.2116300738185954,0.054936012401546316,-0.5367575899491508,1.6918044954137887,0.3728412919839863,0.05939174276930372,-0.3918111018575571,0.2270552128845555,1.3294711944779316,1.5077454118568363,-0.046252995675895824,-0.6093693453916895,-0.482931511569848,-0.3688900476960481,0.2746428559553643,-0.0423289389126401,-1.238494455284687,-0.6186874509066087,-0.09762646290970158,0.16231986177126023,1
0.030604356373531493,0.8513696898055362,0.27967722576327125,-0.13478617003801185,0,1,0,1,0,0,0.3246891626197725,-0.45768884201420446,0.9047986120480549,-0.562211168331451,0.2556084424433628,0.08249395674417527,-0.3457514664907195,0.7886795589268406,-0.9804461505402291,-0.22221329054550007,-0.003453800379459174,-0.12602257869833297,-0.20454734243158423,-0.009067444359982977,0.4410611070633277,-1.3730525134555251,-0.3426453153677346,-0.25804780944676636,-0.2493891336940558,0.07546133969578361,0.4717157471131868,-0.6406421110328854,-0.039482626414236166,-0.03956540982983795,-0.24744335134751905,-0.07546133969578361,0.2493891336940551,0.18740776423728422,0.7161642658861095,0.8186241524560076,-0.09565426316663046,-0.22112829950298704,1.9283248784308402,0.6769975162545934,0.8986955503100138,0.8219023601333442,0.6674062963570164,-0.4070549059059717,0.7806352199985308,0.6376984542170299,0.5838262971166633,0.3476645205553221,1.0276167615398821,1.1827648637121608,0.7809029193074537,0
0.08200488108800677,-0.05050211919562982,1.7280720791585935,-0.4281154315628296,1,0,0,1,0,0,-0.1295925695289965,-0.34023148218598254,0.6233486208657331,-0.5055035022902847,0.46808279360349286,0.12900199703486176,1.6077892031943424,-0.7217785590262141,0.9044137114576983,3.229625178063392,3.282110723074815,0.9583576787142998,-2.2523499292393407,1.7048117255751196,0.17653447728263338,-0.38608674530254056,2.6946511941315108,2.2875547876098903,-0.24010667662448304,1.5452204496827715,-0.5322422359596324,1.1675120877995138,-1.624343786566636,-1.6910452601878523,-2.033552670847625,-1.5452204496827708,0.24010667662448232,0.8280155775560533,-0.40957446049198204,-1.637730384838808,-1.5427503185686884,-0.6478353053894121,-0.6865896075014126,-1.9328971966387571,-2.0911855881925696,-0.9144083514851348,-0.5538573609678327,0.9587239960437993,-0.2685346671830286,-1.0349505520599276,-1.531563013793144,0.3476645205553221,-0.04248097655033679,0.9044189231421907,-0.332546584257695,1
-0.6633027272718879,0.7225308599482267,0.5693561964423357,2.9451710759725747,0,1,0,1,0,0,0.6401625877230843,-0.5175804660850305,-0.6687627022894718,0.30344871327655676,-1.3634827088403783,-0.6325671627251295,-2.076278751444315,0.507691666507955,-0.3398215071463133,-0.9286251021349746,-1.5167717271614929,-1.3753097703934112,1.4857236443485056,-0.1227082766728895,-0.18859504589171072,0.2038320244319434,-0.07518037039775761,-0.4010596815813779,-0.3979084468072301,-1.4811177417461807,2.764507481888101,-0.8857531220102607,0.6693789114254938,1.1799650347321176,1.5803208115376186,1.4811177417461807,0.39790844680722937,0.04814519612450831,0.04072103005925432,0.7276480584821255,0.7312577684916879,0.6664222727407777,-0.05648973137315825,0.5954383064766764,0.8986955503100138,0.6978801664463103,2.471545790132362,-0.8623145398892288,-0.14993285384946126,0.20981149912292413,0.6853649840403343,-0.09645999267988113,-0.8656330827735822,-1.4336869776455579,0.038603250264021984,0
0.030604356373531493,0.20717554051898904,-0.4445202009343899,0.5985369837740325,1,0,0,1,0,0,-0.20530619155379135,-0.2954581321524524,0.03486227566633282,-0.38514437436617666,0.21019201111646588,0.07041975397640089,-0.2914469209473473,-1.3924988337837707,-1.291348953257544,-0.5644343045155319,-0.4206478057963826,-0.17998402720476564,1.0470566814880398,-0.7294865751212813,-1.3713708211438416,-1.052834837141073,-1.2741789844053317,-1.0205155563157713,0.47177165472146704,-0.7133741297612556,-0.32363035240108007,0.5374391663951367,0.707319803226925,-0.5009397385335355,-0.4494720643389113,0.7133741297612556,-0.47177165472146776,-0.6481676444393714,-1.2351161931692491,0.2636699792153276,-0.3411437725651945,-0.801449827508525,1.0461850518512859,1.6557080335896,1.5077454118568363,-0.29429738304996345,-0.10976148557697851,0.8828473903799233,0.9722227646142934,1.234146937075479,0.9222885868622325,-0.09645999267988113,0.7806711296729086,0.45906541823023866,0.22417816752487937,1
0.5189093411610479,0.1298722426046032,-0.8790386569529866,0.5985369837740325,1,0,0,1,0,0,-0.24316300256618875,-0.27859544188008395,0.07324181991846762,-0.397874666742765,0.2785472496898869,0.09322658142664138,-1.2305663136514053,0.09021170560903388,1.4863440589567225,-2.7945768813150154,-2.280811774922739,-1.4329508859301405,1.7301638229675078,-1.4729674025036006,-0.451869707327518,1.4564928871442215,-2.564937951409065,-2.4423551279337805,-1.0383979846077995,-0.924503623057108,0.23936074130163099,-0.5764915502279406,-0.5682472334731851,1.2319445093218364,0.5806825957830064,0.924503623057108,1.0383979846077986,-1.4001855122483615,-0.4846237089171882,-0.2276009282436361,0.5374502610717695,-0.596630464683041,-1.6632444155002057,0.6769975162545934,1.4523772426253072,-0.6663639641110671,0.029018475482663446,-0.7105613285614767,-0.6608329728248301,-0.8274902101961188,-0.3469449996836519,-0.28679906978068154,-0.12479618717266176,-0.5429799678216537,-0.45626319576493324,1
0.6474106529472365,-1.1069805240255675,1.4383931084795292,-0.4281154315628296,1,0,0,1,0,0,-0.4198281206240434,-0.16578985867872228,1.4932849572474551,-0.6490086163536443,1.1199020518742968,0.3740635939511713,0.17097276273542247,0.4776391476732974,-1.0757615297469227,0.6057271922775153,-0.27606848855546323,-0.2958554599572372,0.0502940487662773,0.2635364044569572,0.9071038330616283,-1.2828659668619986,0.4746215176699755,-0.6934206300334165,-0.09305301462755473,-0.31122271395962636,0.025580681656539924,0.2531419869245079,0.1814454718145166,-0.3476717861087842,-0.31808772601052376,0.31122271395962636,0.09305301462755473,0.35452284597261524,1.0163612595869336,0.40923172957353837,-0.354064273059855,-0.15285517856115927,0.4790951633358572,0.2692014673650073,0.34501385799472056,0.20179139169817292,-0.22078545442469194,-0.1035484832504671,-0.934529465133063,-0.7107937678977266,-0.7869459763528921,-0.857816301083085,-0.20711139779498602,-0.3759724034796717,-1.0748462533011267,1
1.5469198354505571,1.4697960731206219,0.5693561964423357,-0.8681093238500562,1,0,0,1,0,0,0.47611640666936217,-0.48269214138357847,-0.630383158037337,0.2455837479284279,-1.1659307107838124,-0.5610163315086887,0.5407320154502097,1.3359182353160948,-0.9790640202722225,-0.30329189579565063,-1.0629578815869392,-0.3964295622180799,0.820893772626578,0.27009654756863416,0.6022572103164617,0.26186354375485404,-0.09903436902700233,-0.21723374976218496,-0.946287449071263,0.39783372969061137,-0.48202374248020563,-1.2302616507555237,1.6015609220007032,0.3115269993915948,1.1698108299267245,-0.39783372969061137,0.946287449071263,-0.11896988561082296,0.04072103005925432,-1.2829236183406676,-0.9742482968035945,-0.9550643496276378,-1.222174502210428,-1.1988643086375024,-0.983822203561983,-1.2244638357027204,-0.6371253376036178,-1.317574173872486,-0.9527758979536108,-0.08841274230630035,0.04228663352375219,-1.175048096251087,-1.6887851889968277,-1.7677021063295222,-0.76555472453303,1
1.1614159000919912,-0.6946962684821769,-0.8790386569529866,1.0385308760612593,1,0,0,0,1,0,-0.356733435603381,-0.1931190463615264,0.2651395411791416,-0.4412733907538617,0.5414886976105311,0.1925033597394529,-0.06798801123881693,-0.4798534716486426,-0.1395166409173137,0.058690826182551586,0.38179639731051673,-0.744138678639701,-0.4042713547752716,-0.39754522093828354,-0.07390135806749609,0.5061764987117973,0.6927315242751859,0.8198565664172041,0.3041828515459622,-1.3166012534636966,-0.3026835159898043,0.584581190864834,0.6993824876990203,0.6076132016067723,0.30407634962316715,1.3166012534636966,-0.3041828515459622,-0.5924626171942612,-0.40957446049198204,-1.06458099280335,-0.6770767854263857,-0.3918111018575571,-0.9386295579527137,-0.6279498401920818,-0.8177176958673952,-0.790386157798101,0.22331042096616224,1.5277985385228705,2.454745431283888,2.556706616457259,2.7415233942446666,0.6490347259649236,1.6449808412073161,0.9879227053131819,1.8634232699957924,1
-0.7147032519863632,-0.30817977891024867,2.452269505856255,-0.13478617003801185,1,0,0,1,0,0,-0.1800683175455264,-0.31987995944346886,-0.38731271110714993,-0.18724619287557598,-0.2353286805081131,-0.10130224094305688,1.530357402132108,2.4928432042415873,-0.2584143054318592,1.347809185967877,1.1812066029167518,-0.18865729896795247,-1.2252958183850091,1.3218790605766124,2.20993801002085,-0.4065771227364648,0.7851308671372579,0.5817099012204557,-0.6045440128777345,0.3422733367180179,-0.8071932385921118,-1.207638145679025,-0.055309785746076985,-1.0422809287823718,-0.9676999366283945,-0.3422733367180179,0.6045440128777338,0.8280155775560533,1.4666567501381707,-0.9645072894320803,-1.0000892977929163,-0.6819718658603261,-0.37153966943728567,-1.3619827281933365,-1.3160312189511594,-0.728375060954584,-0.6648813298155464,-1.0140677512169813,0.6529101902546883,0.5210020119186368,0.04228663352375219,0.31594134103852145,0.5337254978059351,0.793080546914203,0.40975308478573785,1
1.7011214095939837,1.6759382008923163,-1.168717627632051,-0.13478617003801185,1,0,0,0,1,0,-0.10435469552073157,-0.3443017867344853,-0.16982862701171944,-0.32554346005760393,-0.05833978005278265,-0.013205280007814225,1.0032102019544862,0.37344952076217663,-1.2892101583673057,1.2836566934961047,0.5983311798080669,0.39798405007403265,-0.853924407044877,0.0825676345280971,-0.1015403426322042,-0.02484762742102571,0.7928951694198565,0.5675346432597491,0.6912331826893902,-0.14275387761029457,-1.31248759910604,-0.614292073393102,1.737424006021993,-0.9479161009918133,-0.22377272010939486,0.14275387761029457,-0.6912331826893908,-0.3139374809687093,-0.5596729573423944,-1.4739734156858193,-1.258499307686141,-0.9379960693921812,-1.0646495331783645,-0.8726274695258333,-1.2052948804881005,-1.534519319920306,-1.2755131584779709,-0.7105613285614767,-0.5331079430809875,0.37837302688726915,-0.0423289389126401,-1.3019408143182878,0.28677986593896093,0.23638866577426285,-0.5799798072721716,0
0.8530127518051386,-0.3854830768246345,-0.15484123025532542,-0.4281154315628296,1,0,0,0,1,0,0.9051602648098662,-0.5675870648237784,-0.2721740783507456,-0.26999309332340027,-0.7344913508946546,-0.22785777365713644,1.123293903014814,-0.20077856028501176,-0.12792422376678933,0.49127271494467284,0.004712054610409659,0.3667183548187729,0.33150093874223996,0.4473066821504687,-0.5261202490295364,0.0033223028152035957,0.10770028575979447,-0.2563311297544599,0.05712944868845589,0.4434998061064408,-1.1150239497966554,-0.2514808408486888,0.17821529330368377,-0.5568839838608153,-0.2563833591700289,-0.4434998061064408,-0.057129448688456604,0.7723105503109431,-0.18442671521636386,1.1825285283515359,1.002588278879574,1.0077878774499178,0.4475901695294441,1.247911984700014,1.3416409041622488,1.13195784435093,-1.0812212129944723,-0.3311783002420958,-0.31415074923440073,-0.17917664187171697,-0.38079122865820925,-0.2233527107470814,-0.04248097655033679,0.18071947766026855,-0.1469716669968365,0
-0.48340089077122306,0.0783367106616796,0.27967722576327125,1.7718540298733036,1,0,0,1,0,0,-0.21792512855792381,-0.28848046721216203,-0.1442422641769629,-0.33595915382026714,0.07660068919937087,0.037774687233899804,-1.1485061782820263,-0.9231606158261909,0.8125730209432723,-1.5536886047853389,-1.344808950578706,1.6706457683712235,1.2859403545993473,0.6834786527914029,-1.0139097814544935,0.5511079429877868,0.3444614605313196,0.31239425600925613,1.9179859271609279,0.3763264807979944,2.279949615327277,0.25135435544960255,-0.5570042069314757,2.4404951572410782,2.053309687453007,-0.3763264807979944,-1.9179859271609287,0.5216379277079463,-1.009968447893631,-0.32767463161490584,-0.0052107597040024186,0.13730558544161034,-0.6865896075014126,0.18764225758709038,-0.5962450189412776,-0.9144083514851348,1.1670141561717275,-0.4070549059059717,-1.7738653748783102,-1.7221629344837932,-0.9054077777638412,-0.667477223982284,-2.018046031486126,-2.1573864231274804,-1.136704559054746,0
0.44180855408933456,-0.10203765113855341,2.452269505856255,-0.4281154315628296,1,0,0,0,1,0,-0.5838743016777656,0.21507435264546262,0.29072590401389814,-0.4505317852095623,0.9787998169698778,0.5135877148232307,1.7658828995353906,0.03567168556240173,0.8649143389805941,0.8928546801410324,1.2435525689892308,1.6924622560148466,-0.4015609411183408,1.4883553932389069,-0.2108951884646913,1.31010756699559,0.6648743172417411,1.0185186301696074,1.465333844976243,0.8550163918650944,-0.9683559859923101,-0.26023067806258054,0.1341648823501171,-0.5469110789643952,-0.6222940400781619,-0.8550163918650944,-1.4653338449762439,1.07868820015905,-0.40957446049198204,-0.7006766169078218,0.020630241285320403,0.2909201075607231,-1.1906695084040155,-0.22015379130249568,-0.8177176958673952,-0.6663639641110671,-0.9146852597229018,-0.2553016945782196,-0.031331040515893936,0.04124997135858002,-0.1777138548108673,-0.3502454288142823,-0.37174181903963527,0.013711913318286572,0.038603250264021984,1
1.0072143259485644,1.547099371035007,0.5693561964423357,0.5985369837740325,1,0,0,1,0,0,-0.23054406556205628,-0.27917691395844146,0.46983044385719386,-0.47772831892318285,0.4976732654289975,0.15449198065571876,-0.7330227760208452,-0.6479522308235276,-1.2025859338331186,-0.4650305672994141,-0.4900973822553641,0.5847336132799823,1.2423139674272061,-0.48694625283687687,0.13645197333638417,-1.4708793624059855,-0.5727858766869112,-0.6943836900561325,0.2654778184316193,0.5342092397142506,0.5327350554879013,1.0260293629065826,0.16588335026407028,0.06026162471908376,-0.040779922596831185,-0.5342092397142506,-0.26547781843162,-0.4253475354589299,0.19081952690966666,0.19998671343360988,-0.6124742829530796,-0.7843815472730677,1.2037100208833493,1.166352774922097,1.1201682272361313,0.07776919801113909,-0.1375174777889068,0.04820472807728505,-1.9836993523146218,-1.6184327635518894,-1.4977167848185873,-1.5874494299694895,-1.4418395571298541,-1.4336869776455579,-2.064579145359036,1
-0.7147032519863632,1.0832795835486928,2.452269505856255,0.3052077222492148,1,0,0,1,0,0,-0.1800683175455264,-0.31987995944346886,-0.20820817126385424,-0.2983469263439834,-0.024082458729312188,-0.015441243483327998,1.189759798803594,2.6323085916513693,-1.1116397654764374,0.9104295818128197,0.11811501199971115,-1.1968800404253468,-0.9650919093110587,0.8010246718199742,2.767344207120661,-0.6879758828098655,0.8182291883570737,0.43002829154126365,-0.9266372014901345,-0.7133741297612541,-0.8540155483044258,-0.8406614748951716,0.8282993854761709,-0.4185895722000974,0.26628362807825,0.7133741297612541,0.9266372014901345,0.5216379277079463,2.142099985965025,-0.6278957417287164,-0.8579637923516437,-0.5283573437412127,-0.024984737566746233,-1.2804235184154193,-1.0945585420250417,-0.4183195767369984,-0.8036612908751883,-0.7864379342253526,0.0051618251252043045,0.4302381123532211,0.22844089288381547,-0.15990635171348128,0.4514102871836102,0.1250502895462747,-0.3944048900113141,1
1.2128164248064663,-0.3854830768246345,0.27967722576327125,-0.4281154315628296,1,0,0,0,1,0,-0.43244705762817587,-0.152416000876499,-0.2721740783507456,-0.26999309332340027,0.2275924204414953,0.09143781064623036,0.25408144913446035,0.6105785676351543,-0.6043906562234727,0.1888441835491417,-0.38509564097789845,0.5850058369019627,0.6761722219638066,-0.7398245149578704,0.5565402353395346,-0.5219901631595866,0.0025484746148475715,-0.142294685470211,0.27586209560863995,0.5242815205937548,-1.0925303783092655,-0.28050845548636044,0.301672500828369,-0.2525892849605538,0.36172012875345094,-0.5242815205937548,-0.27586209560863995,-0.6481676444393714,0.641115017460903,0.32735324499704527,-0.0052107597040024186,7.593435579547688e-4,0.5736101447550955,0.758556726032511,0.6772228733838963,0.44983577907224165,-1.1089772052064004,-0.482931511569848,-0.7429419205172992,-0.4903671546674297,-0.5500223735309933,-0.28679906978068154,-0.7833178721512579,-0.6543183440496418,-0.45626319576493324,1
0.44180855408933456,0.0783367106616796,2.452269505856255,1.7718540298733036,1,0,0,1,0,0,-0.5838743016777656,0.21507435264546262,-0.1442422641769629,-0.33595915382026714,0.6664749668314865,0.42504356119288533,-0.6938386493907542,-0.5853559571786017,1.2529876642726703,-1.1319079244706995,-0.6018565915907698,1.386881940777642,0.8196756612140996,1.6803796902926156,-0.27708201162129653,1.3406935097295967,0.7362086020038029,1.1569171954422477,1.465333844976243,0.43824128821613356,2.6438151191137202,0.5258447448119183,-0.365608431106901,2.259146428752542,1.9119475112638034,-0.43824128821613356,-1.4653338449762439,1.3293608227620468,-0.40957446049198204,-0.50962681956267,0.21443774870523882,0.512807750621665,-1.033144539371952,-0.22015379130249568,-0.8177176958673952,-0.35630847989348147,1.4723300705029398,-0.17942508891434333,-1.6917564271858405,-1.5795339494524245,-0.8038690908401701,-0.7626467625326843,-1.9357308208638015,-2.046048046899492,-1.0748462533011267,0
1.0072143259485644,1.1605828814630785,0.5693561964423357,-0.8681093238500562,1,0,0,1,0,0,-0.23054406556205628,-0.27917691395844146,-0.3745195296897717,-0.18956079148950114,-0.16508329654252002,-0.06820998150545304,-0.13427107587595083,0.4013438457613568,-1.1489593724689535,-0.807838085571254,-1.247064513175964,0.0524514929693568,1.340005178870348,-0.3928245776629612,0.4419461763278087,-1.2727514274432508,-0.2695248985533449,-0.5125863317161873,0.2905222516232541,-0.21659885141806862,-0.20579848996411546,-0.10812504600959875,0.29167351163115773,0.8240808605339489,1.1208041572298537,0.21659885141806862,-0.29052225162325485,-0.3696425082138195,0.41596727218528484,0.02713213488323473,-0.6383152839424023,-0.6990401460957827,0.8571550890128092,0.9216751455883455,0.8433273810784847,-0.17027518936292965,-0.4150773999081907,-0.4070549059059717,-0.9618991143638861,-0.6848612251647502,-0.3469449996836519,-0.5088613263982832,-0.8656330827735822,-1.0440026608476,-0.5799798072721716,0
-0.7147032519863632,-0.7462318004251005,2.452269505856255,-0.8681093238500562,1,0,0,1,0,0,-0.1800683175455264,-0.31987995944346886,-0.06748317567269331,-0.35158269446426194,0.1044848315739407,0.02570048446612543,0.5245470188009419,1.1217310243115797,-0.2905770434411861,1.1688334270492697,0.9671081487391054,-0.7845476545361983,-1.543864891177113,0.40193604816322753,3.1100023988056273,-0.8839744946406797,0.7194139105124168,0.3085667726793802,-1.1820904200447964,0.10235345797273021,-0.32778563507622965,1.5759210969392283,-0.49108056416592816,-0.8656600342894198,-0.9560325625432363,-0.10235345797273021,1.1820904200447957,0.2152602778598393,2.5173462280910557,-0.50962681956267,-0.8579637923516437,-0.5624939042121272,0.19555021907814235,-1.3619827281933365,-1.0945585420250417,-0.23228628620644656,-0.27629743884854874,1.5657368413548085,0.1876261533306929,-0.10137901367278856,-0.4315605721200442,0.2524949820049213,0.8629863402952329,1.0157572993701793,-0.023255055489598248,1
0.08200488108800677,1.2121184134060021,1.7280720791585935,0.3052077222492148,1,0,0,1,0,0,-0.1295925695289965,-0.34023148218598254,-0.4512786181940413,-0.14905531574581093,-0.37968226651564924,-0.1464687031484351,2.4286997454963455,-0.3838956237213289,0.5096524141856162,1.7769291549194632,1.7960597026179652,-0.5290262198871956,-1.8095416572514438,2.7815556916466138,-0.20202435912329805,0.06736262890695659,2.4515474617921256,2.401819940545148,-0.16027754582615011,-0.5625673488356443,-0.5978684441973754,0.32452522329443584,-0.6290189780243535,0.030395847384744608,0.00994411846271413,0.5625673488356443,0.16027754582614942,1.4129183636297125,-0.7848207026180125,-1.9743419325421714,-1.6461143225259778,-0.8355863879794388,-1.0961545269847772,-2.0144564064166746,-2.2019219266556282,-1.3484860293897554,-0.47058938433204756,0.5034643620605421,0.5525548097416701,0.11904759955750843,0.12690220596014448,0.9821281108913258,1.0276167615398821,0.793080546914203,0.47161139053935697,1
1.1614159000919912,0.6452275620338409,-0.8790386569529866,1.478524768348486,1,0,0,1,0,0,-0.356733435603381,-0.1931190463615264,-0.438485436776663,-0.16236425777588057,-0.10416879500800973,-0.023043519300074828,-0.3079294507363837,-0.35580425432624363,0.6436273324665017,0.6080292024532497,1.4478900117026656,0.42319538463337925,-0.8290550464353688,-0.22966562176479666,0.0029860663316314674,-0.014038086313423263,0.7405563097766604,1.0814055320173943,0.3699083794759778,0.21031740340811067,0.1987042138829847,0.4913438809556049,-0.8939670480420869,-0.08708526573480083,-0.8265459035169486,-0.21031740340811067,-0.36990837947597854,-0.3974950218363748,-0.25947596364157,-0.7916527108817039,-0.6770767854263857,-0.3747428216220998,-0.11949971898598452,-0.709509049969999,-0.9284540343304539,-0.4803306735805153,-0.10976148557697851,0.04820472807728505,-1.0440080620563552,-1.2813097080232,-1.2269469530221315,-0.6992004034990842,-0.37174181903963527,-0.32030321536567735,-1.2604211705619852,0
0.08200488108800677,-0.7204640344536393,1.7280720791585935,2.505177183685348,1,0,0,1,0,0,-0.1295925695289965,-0.34023148218598254,-0.19541498984647596,-0.315706415948422,-0.060083561622036374,-0.01767720695884177,1.9159540940265565,-2.2967939945037785,0.8562301626416895,1.326947274923426,1.6307952711049496,0.9471076384214686,-0.6253120740760955,3.2053803205469573,0.014480199532669307,0.24367563838349646,2.420042902452471,2.368846370817767,0.1590389773671773,1.1340089365774726,0.538597441208402,3.1669277836830725,-0.9256247996249981,0.6070529550999538,0.1926037003604338,-1.1340089365774726,-0.15903897736717798,1.8585585815905954,-0.5596729573423944,-1.7378040882100778,-1.3747838121380926,-0.5454256239766699,-1.0646495331783645,-1.85133798686084,-2.0911855881925696,-1.0384305451721696,0.25106641317809053,2.400379503657447,-0.7611883533378483,-1.0738493661593913,-0.8038690908401701,-0.0012904541294803558,-1.4418395571298541,-1.211010225189582,-0.5799798072721716,0
0.6474106529472365,-0.7204640344536393,1.4383931084795292,2.505177183685348,1,0,0,1,0,0,-0.4198281206240434,-0.16578985867872228,-0.19541498984647596,-0.315706415948422,0.28804244852823613,0.11648060157198462,-0.03713772507854783,-1.7261493575535078,-0.0473864110339708,-0.6089141586307925,-0.775750756907736,0.19002070511150085,0.6668257647126934,0.28775840218144155,0.4347451378168167,-0.7902901368258456,-0.07722430638326418,-0.6517586354064344,-0.007768161614413057,0.266869946255213,0.33916571566005366,2.8047123002889776,-0.7293865608821198,0.7460294441527324,0.37219852417261773,-0.266869946255213,0.007768161614412348,0.04814519612450831,0.11577027848446049,-0.7461646638947628,-1.0000892977929163,-0.972132629863095,-0.40304466324369825,-0.13859458152457876,-0.1532996650890431,-0.9144083514851348,0.08453045990652028,2.096873081001942,-0.7611883533378483,-0.9830854665939747,-0.6684841749419423,-0.09645999267988113,-0.7833178721512579,-0.7656567202776299,-0.5181215015185524,1
1.572620097807795,1.2121184134060021,-0.15484123025532542,1.0385308760612593,1,0,0,0,1,0,0.1858808555743153,-0.4396632075851209,0.009275912831576286,-0.3747286806035135,-0.1264599364631522,-0.04853350292093184,-1.9381285201474658,0.6237086308380162,-1.8623771797717725,-0.9972086055429208,-0.6528579520049359,-0.16341807813707687,0.38069541450140215,-0.21122308062629733,0.324519643317523,-1.4561601636896337,0.22008711824290317,0.5226265807119996,0.22845561284398783,-0.44946226314143684,2.4839632731482033,-0.5309630149675405,1.08263146179561,1.5653991105746192,1.3589904470097411,0.44946226314143684,-0.22845561284398855,-0.45320004908148526,-0.10937746679115769,-1.110069039790291,-1.5815118200526717,-1.4329761962204342,0.6366201323679207,-1.1173050988595852,-1.3160312189511594,-1.2864749325462383,2.33276582907272,-0.482931511569848,0.05990112358685037,0.6117659114840535,1.2607508766078017,-0.8895394805998851,-0.9479482933959068,-1.211010225189582,0.34789477903211874,1
1.1614159000919912,0.0783367106616796,-1.6032360836506476,1.7718540298733036,1,0,0,1,0,0,0.19849979257844777,-0.4396632075851209,-0.13144908275958464,-0.33595915382026714,-0.2506943001235125,-0.0784954134928164,-3.06643498498986,-0.4467051543257519,0.7190820220623024,-3.004633288916413,-2.6517179102517927,0.18771070371043255,2.581595458340538,-1.4105767609939661,-0.34289534216133705,0.9505700045171552,-2.1232042278731273,-1.826492550997809,0.40974203276689647,-0.15036214763897582,2.8545208126662525,0.26961181684945895,-0.027778031631525847,1.953732762986952,1.6641486756503565,0.15036214763897582,-0.40974203276689714,-1.2330704305130304,0.04072103005925432,1.282602231722807,1.6615338041072958,0.512807750621665,-0.18250970659880966,2.879096180258358,2.83658147341354,0.6978801664463103,1.8054019770460803,-0.2553016945782196,-1.3906902856467844,-1.1905458084577836,-0.48232991558187904,-0.826093121566285,-1.1948939252628807,-1.378017789531564,-0.76555472453303,0
1.2128164248064663,1.1605828814630785,0.27967722576327125,-0.8681093238500562,1,0,0,1,0,0,-0.4198281206240434,-0.13787919891756065,-0.42569225535928473,-0.16352155708284313,0.00835154735556189,0.020334172124892372,-0.411191284067845,0.27686349954095757,-0.3615111108408599,-0.408729296452019,-0.5756567748092728,-0.7445475729062981,0.21886898058667217,-0.6208937158706191,0.5677060204875258,-0.9130688661320486,0.17813277072641065,0.20231601471527644,-0.16027754582615011,-0.8565127692838675,-0.04861819512840204,0.18871158688718956,-0.4233483552235851,0.7288003166848784,0.9459042113504263,0.8565127692838675,0.16027754582614942,-0.5367575899491508,0.641115017460903,0.30006041680488094,-0.23777976860790415,-0.15285517856115927,1.140700033270523,-0.05703537174666111,0.012804842605544792,0.44983577907224165,-0.19302946221276363,-0.02767187758659086,-0.5696008087220858,-0.6848612251647502,-0.38079122865820925,0.31594134103852145,-0.20711139779498602,-0.5986491559356475,-0.2706882785040748,1
1.9838242955235992,0.6452275620338409,0.5693561964423357,-0.13478617003801185,0,1,0,1,0,0,1.5865828630330199,-0.6681817343796319,0.43145089960505906,-0.4765710196162203,-0.43416067005909964,-0.1455743177582296,0.6059016435339212,0.3216638258310656,1.4640551735716234,0.301970564606588,0.3965356921660558,0.06806163291181558,-0.27242490269655445,0.2123993454056725,0.19553441774060026,1.2141573357628945,-0.5560045764908713,-0.5085459407181793,-0.7076772998718532,0.7946936794948511,-0.6302940613110859,-0.24561160847887695,-0.7813014388564264,-0.9592673716853913,-1.0120119512094379,-0.7946936794948504,0.7076772998718532,-0.03541234474315745,-0.10937746679115769,-0.8189455390738695,-0.1344157646506147,-0.34060626115118536,-1.6002344278873806,-0.30171300108041293,0.012804842605544792,-0.790386157798101,-0.6093693453916895,-0.2553016945782196,-0.07694712256726609,-0.46443461193445323,-0.7869459763528921,0.31594134103852145,0.28677986593896093,0.793080546914203,-0.023255055489598248,1
0.030604356373531493,-0.5658574386248675,-0.4445202009343899,1.0385308760612593,1,0,0,1,0,0,-0.20530619155379135,-0.28382869058530175,0.12441454558798068,-0.41697010530764755,0.27293252535431667,0.10395920610910749,-0.4873543608151464,-1.7443512615742012,-0.5545252252193048,-0.5005648385912643,-0.31233215379474116,1.321208978292453,1.1683184296667952,-0.8903789355053179,-1.436987255620053,-1.079596634245347,-0.81903401479331,-0.6231728315520482,0.4073962731842086,1.3979208031972914,-0.21197803910792676,0.9546345620916886,-0.32683594193427445,-0.13590930574120264,-0.2023598825589584,-1.3979208031972914,-0.40739627318420935,-0.8152827261747027,-1.3101654415944555,0.1817914946388332,-0.4186667755331612,-0.6990401460957827,1.0776900456576979,1.247911984700014,1.1201682272361313,-0.17027518936292965,-0.19302946221276363,0.9165703262305349,0.06496957714811408,-0.11578598185777568,-0.15891039426944625,0.23487099338447628,-0.7558794686104828,-0.17185204706169332,0.2997827634459683,0
1.0072143259485644,0.7225308599482267,-0.15484123025532542,0.3052077222492148,1,0,0,1,0,0,0.4130217216486998,-0.4797847809917908,-0.7327286093763631,0.8792051184904389,-1.5204232396590203,-1.0484563691706912,-2.266838825207298,-0.0859824026651724,1.7617551897067047,-2.214091938754424,-1.2383767901523943,-1.0035440288295139,0.9054624408701717,-1.4381260464663468,-0.4710849095068453,1.6937633819669182,-1.4533001049941654,-0.5819977298732419,-0.47959406901947754,-0.8930588049066626,1.7151359667192392,-0.35390897485082634,-0.7063095105183856,1.5500278612887786,1.0417429713416653,0.8930588049066626,0.4795940690194761,-1.3444804850032512,-0.40957446049198204,0.11810822885711679,0.9896677783849125,0.2738518273252659,-0.8126095827270634,0.2692014673650073,0.5664865349208381,0.2638024885416898,0.9727222106882286,-0.7105613285614767,-1.3268277707748632,-1.4239386930545688,-0.8546384343020056,-0.4771381468814831,-0.8656330827735822,-1.266679413303576,-1.2604211705619852,0
0.5189093411610479,-0.87507063028241,0.5693561964423357,0.3052077222492148,0,1,0,1,0,0,0.6149247137148194,-0.5100213290663825,0.08603500133584588,-0.41060495911935335,-0.3015126750870421,-0.07491787193199435,-0.16707107985861672,0.9616145646846084,-0.2270182021906596,0.0831231033320909,0.19178317386939178,0.8439133623522898,0.1436515293326957,-1.1629194838622259,1.121053590082558,-0.23673314159590694,-0.8988350823833234,-0.9948260716828108,-0.3364521793121226,1.484686348387369,-0.9296590425083987,-0.19679929163873838,0.0724475107026802,-1.0035634314693946,-1.2205815506109485,-1.4846863483873682,0.33645217931212196,-1.0659553487776992,1.1664597564373458,0.28186519801010423,0.11107374474794844,-0.2552648599739003,0.1010352376589052,0.6769975162545934,0.954063719541543,0.3258135853852078,-0.9701972441467586,-0.4070549059059717,-0.7246954876967501,-0.5811310542328463,-0.9054077777638412,-0.9847090191502859,-0.5363722402842841,0.18071947766026855,-0.7036964187794109,0
1.572620097807795,-0.3339475448817109,-0.15484123025532542,1.478524768348486,1,0,0,1,0,0,-0.48292280564470574,-0.06984696574972914,0.39307135535292426,-0.4690485741209635,0.8133652694943978,0.3087734604661691,-0.7879971504341079,-0.3709578726493347,1.8242019908591283,-0.5447017102416141,0.23524572013367578,0.23197478187114018,-0.1178251529685124,0.12460550471923972,0.35733911113200434,0.9881649421777027,0.4753562231211528,0.5456991031078668,0.46715141202740545,-0.14692914774798616,1.2202335717897066,0.867125799044836,-1.500734764008009,1.2072119630595843,0.22693800491276042,0.14692914774798616,-0.4671514120274062,-0.2582324537235989,-0.18442671521636386,-1.3829973217119373,-0.7545997883943533,-0.5454256239766699,-1.6002344278873806,-0.46483142063624716,-0.7069813574043363,-1.3484860293897554,1.611110031562582,1.33810702436318,1.2185496076917033,0.13201387092399572,0.6176725260912207,1.7752075988113303,0.6983559190505837,0.6817421706862145,1.1520527538291696,0
-0.6376024649146498,-0.7719995663965628,0.5693561964423357,-0.13478617003801185,0,1,0,1,0,0,0.6401625877230843,-0.5117657453014551,0.36748499251816774,-0.46789127481400095,-0.1415241443582278,-0.031987373202129916,0.4179758282410338,-0.2415544189221625,0.38473256336933,0.908151548744083,0.668118920106683,-0.6110497705307867,-1.145326419121204,0.04947314508487247,-0.07554549617911575,0.2333559282754872,0.2633143297915823,-0.03271938026427244,-0.7471295343976714,-0.09240503183227083,-0.5317725801844415,0.2558612009990111,-0.2914420995861068,-0.9657561712677348,-0.9005314244248841,0.09240503183227083,0.7471295343976706,0.1317027369921738,0.04072103005925432,0.36374368258659734,0.4340862571144791,0.529876030857121,-0.2140147004052217,-0.13859458152457876,0.2342775195316623,0.5738579727592754,-0.3318094232724056,0.5793409677244183,0.9539763317937442,0.6376984542170299,0.17767154942198057,0.7600658542737248,1.6861384465184783,1.795125932966095,0.47161139053935697,0
0.2105061928741954,0.18140777454752677,0.5693561964423357,0.5985369837740325,1,0,0,1,0,0,0.04707254852885811,-0.3954713296299483,-0.7455217907937414,1.0122945387911353,-1.3616045987006222,-1.0864677482544254,0.04863194951817788,0.2246258104862424,0.09777027939248531,-0.4301631834780035,-0.5253816766161012,0.0243077765162689,-0.06572135648448706,-0.2622387841888759,0.3210461068568546,0.35796781240620407,-0.44220070494482444,-0.3781930933667427,0.46109514795545875,-0.4241556457943308,-0.32964981293412043,0.013310967794480736,0.22606788193073699,0.14264405958806184,0.3137899643156463,0.4241556457943308,-0.4610951479554595,-0.09111737198826762,0.5660657690356972,0.74584327727690225,0.8346217724489774,0.59814915179895,0.1325402314653172,0.4323198869208419,0.2342775195316623,0.2638024885416898,-0.38732140769626244,-0.1035484832504671,-0.3415203984652251,-0.17917664187171697,-0.11002139686175369,-0.2550758902638815,0.36909507656128593,0.18071947766026855,-0.023255055489598248,0
1.5469198354505571,0.026801178718756015,0.5693561964423357,0.3052077222492148,1,0,0,0,1,0,0.4634974696652297,-0.48269214138357847,0.3035190854312764,-0.45284638382348746,-0.09284042668510832,-0.02125474851966381,0.27469658728884405,0.2999785727813194,1.1599536014354224,0.35825246396918187,0.3081200052821789,0.12584983441537612,-0.7538488962336338,0.480345266868593,0.5861253381244574,0.04261563576869465,0.36082253114646556,0.4040392306928031,-0.3471945350124867,0.5159874767715705,0.09798303943796495,0.1754374915053526,-1.5428708277266026,-0.1261905209394993,-0.006105428425109172,-0.5159874767715705,0.347194535012486,-0.06326485836571254,-0.10937746679115769,-1.6286327754414192,-1.3618633116434313,-1.176951992688579,-1.0961545269847772,-1.5251011477491712,-1.592872065108806,-1.720552610450858,0.27882240539001907,0.4275877563966659,0.7623887871779818,-0.23104172733766892,-0.2623294272472596,2.1558857530129325,0.2044646553166367,0.514734606344233,0.9664778365683122,0
1.4441187860216065,-1.8542457371979617,-0.4445202009343899,1.0385308760612593,1,0,0,1,0,0,-0.5460174906653681,0.07842841423144209,-0.09306953850744984,-0.3446388986224865,0.619889304011662,0.3266611682702793,-1.4264263705352813,-1.6094286159487297,-0.5251710655011016,-0.9932446734249651,-0.16020750059373534,-0.3889685754034766,-0.08205548850293626,-0.6459403691406728,-0.6547494627062738,-0.05152320032994572,-1.1086687296136917,-0.4128545940083737,-0.5252107151899527,-0.009609152108405178,1.3380645853350284,1.5530776456287594,0.6661505924217475,0.24247254078857963,-0.1947945583339105,0.009609152108405178,0.525210715189952,-0.7317251853070371,-0.7848207026180125,-0.7097742263052108,-0.625394783447741,-0.9892009100985523,-0.08799472517957138,-0.22015379130249568,0.012804842605544792,-0.728375060954584,2.471545790132362,3.007392348968456,2.9884535912849417,3.0105261142843402,2.9699854398229264,0.728342674756924,1.933084078385452,2.12914106165006,2.884085314930511,0
0.544609603518286,1.0317440516057692,1.0038746524609323,0.5985369837740325,1,0,0,1,0,0,0.33730809962390496,-0.46117767448434965,-0.23379453409861076,-0.27520094020473185,-0.4331102834353186,-0.14199677619740755,0.4389590524216103,0.04220500994735191,1.3394576344153373,0.1853741566854096,0.0664399682009459,-0.14561366654320182,-0.46016594382251347,0.12954038577770413,0.48678842359736285,0.3879605527648902,0.3149157188135376,-0.19915810154990943,0.3210111268130686,-0.5169746011139472,-0.4809480206990872,0.4297262559063005,-1.4412205175865018,0.06183650974138011,-0.28081433580711385,0.5169746011139472,-0.32101112681306926,-0.06326485836571254,0.19081952690966666,-0.6642861793182697,-0.37990527404917784,-0.23819657973844427,-1.1906695084040155,0.10608304780917345,-0.04256332662598434,-0.728375060954584,-0.44283339212011924,0.4275877563966659,0.07814755640739948,-0.6848612251647502,-0.6177148314801074,1.0455744699249259,1.1099319721622063,0.9044189231421907,-0.08511336124321738,0
1.495519310736081,1.0832795835486928,-0.8790386569529866,0.3052077222492148,1,0,0,1,0,0,-0.6091121756860305,0.24414795656333935,-0.19541498984647596,-0.2983469263439834,0.6870478023325173,0.418335670766344,0.038285393803699,-0.2066218680438573,0.9357397931587202,0.400335425526488,0.41965624139170754,-0.511979156519151,-1.077373439596421,-0.6614966177898551,-1.1352405685395763,2.0023396513950353,0.04304724058781459,0.7708089902104296,-0.27639264516917894,-0.4241556457943308,-0.7141963983725882,-0.8536640819913697,0.7329706000355776,-0.4981424255097801,0.2069712862654077,0.4241556457943308,0.27639264516917894,-0.7874302125521474,-1.2351161931692491,-0.9645072894320803,0.08523274375862654,0.10316902497069583,-1.6632444155002057,-1.3619827281933365,-1.4267675574142176,-0.8523972546416179,-0.6648813298155464,-0.7864379342253526,0.05990112358685037,0.4302381123532211,0.19459466390925928,-0.033013633646279864,0.36909507656128593,0.18071947766026855,-0.20882997275045564,1
-0.48340089077122306,0.5679242641194551,-1.168717627632051,-0.8681093238500562,1,0,0,0,1,0,-0.6974447347149578,0.7413065835590311,1.390939505908429,-0.6409075212049062,1.8138318464919418,1.06542350058003,0.08242351837188981,-0.35794949229957135,-0.1346876543765254,1.1095551957506573,0.7724676725110298,-1.4051762966575245,-1.879631640580664,-0.2590344443282243,-0.36148932681058876,-0.21024599370926306,0.2635161513654873,-0.07722769349075881,-1.5678769133722459,-0.36149164093482894,-0.37343607337002005,0.12916483966379158,-0.02715441203562975,-1.237639382075894,-1.0796436181567837,0.36149164093482966,1.5678769133722459,-0.5367575899491508,-0.7097714541928067,-1.3193140559302208,-1.2068173057074962,-1.05747403104038,-1.0016395455655394,-1.5251011477491712,-1.149926711256571,-1.2244638357027204,-0.22078545442469194,0.35171115073279,0.6802798394855113,0.5599008260181015,-0.008482709938082702,0.3476645205553221,2.180029710252426,2.12914106165006,0.40975308478573785,1
0.5189093411610479,-1.1842838219399534,-0.8790386569529866,-0.13478617003801185,1,0,0,1,0,0,-0.23054406556205628,-0.27859544188008395,-0.15703544559434116,-0.32670075936456655,0.07831272438403815,0.03822187992900256,-1.0728922872804012,-0.7831869172474908,1.1284812324015725,-2.4169623771015836,-1.9524294689549615,-1.2193964847059844,1.7619997902755864,-1.516901582184397,-0.34779225603683006,1.4395508957900016,-2.425268986620955,-2.0106120598012693,-0.4157307643808121,-1.2507946581507028,-0.023787345255027202,0.7265379754342403,-0.09606182852821284,0.8603050304304868,0.575282589246339,1.2507946581507028,0.41573076438081064,-1.4280380258709164,-0.3345252120667762,-0.027453521501095285,0.7183372679970265,-0.3918111018575571,-1.2536794960168407,1.247911984700014,1.6738499195514247,-0.4183195767369984,-0.22078545442469194,0.35171115073279,-0.7703115697481222,-0.6978274965312384,-0.3469449996836519,-0.5405845059150832,-0.28942660841731066,-0.8213259083916238,-1.0748462533011267,1
0.44180855408933456,0.05256894469021735,-0.8790386569529866,0.3052077222492148,1,0,0,1,0,0,0.08492935954125552,-0.4053563549620264,0.34189862968341117,-0.45863288035830035,0.155135753288861,0.042693806880030105,-0.4844742128827052,-2.369349922572527,0.1594577696781318,-0.7328160984670035,0.32869259809248225,0.7214703067101133,-0.1772151063700247,-1.2568111686936754,0.31027891401424873,0.019023487570655605,-1.6237001096639416,-1.100547220762826,0.1039844044028122,0.8808689828809136,-0.5821177247810636,3.5628377306487087,-0.1988673426265495,-0.62004596273172,-1.5017866324967437,-0.8808689828809136,-0.10398440440281291,-1.1495128896453646,0.41596727218528484,0.36374368258659734,0.31780175266252825,-0.3747428216220998,0.3845801819166189,0.9216751455883455,0.954063719541543,-0.35630847989348147,-0.5538573609678327,3.3108987716239606,-0.013084607695344815,-0.11434528503927678,-0.3469449996836519,-0.857816301083085,0.8629863402952329,1.5724491805101195,0.22417816752487937,0
0.6474106529472365,-2.2665299927413525,1.4383931084795292,0.3052077222492148,1,0,0,1,0,0,-0.4955417426488382,-0.06693960535794147,1.7491485855950204,-0.6715759528394145,1.319922812589886,0.46752686722764697,0.8112623741417809,0.7231537986748393,0.2348367543154108,0.5543849452285746,0.3736860418874345,1.4840039275515127,0.8593039315273936,0.4132937924901245,0.4431526074000429,-0.7934384007813648,0.20046790438193346,-0.2593802113045257,0.6312676384277316,1.3979208031972914,-0.7151217917960606,-0.5486107295704064,-1.1183587841046088,-0.550157752673807,-0.7390444481652714,-1.3979208031972914,-0.6312676384277323,0.32667033235006016,0.340918023760079,-0.17301527185930607,-0.5478717804797735,-0.4430159425639276,0.19555021907814235,0.35076067714292497,0.06817301183707392,-0.4183195767369984,-0.47058938433204756,-0.17942508891434333,1.2915353389738984,0.4172718409867329,0.1607484349347019,1.6800380602609295,-1.0302635040182315,-0.5429799678216537,0.7809029193074537,0
1.932423770809123,0.1298722426046032,-1.8929150543297122,0.5985369837740325,1,0,0,1,0,0,0.17326191857018283,-0.4373373192716908,0.06044863850108935,-0.397874666742765,-0.08065639712306966,-0.028857024336410634,-0.5492245084115777,-0.2804966229035531,0.8680794858466873,-0.6975587832179799,0.08600299323088283,-1.0020578792410637,-0.65118434522668045,-0.5861492074486391,-0.7076435892179394,0.46322848002953887,0.07467806342462413,0.4358792478468312,-0.65872285032305,-0.7133741297612556,0.178036666855986,-0.32391139544013264,-0.7211937891419651,1.0164064027478161,0.3137431452309765,0.7133741297612556,0.6587228503230493,-0.6899464148732042,-0.8411076389369172,-0.7598110779908457,-0.42835715090415744,-0.3747428216220998,-0.5999508745337776,-1.1376949013040643,-1.0253483304856301,-0.790386157798101,-0.08200549336504998,-0.5588081172337243,-0.8797901666714156,-1.0738493661593913,-0.6684841749419423,-0.4136917878478824,0.12214944469431245,-0.2089648391376897,-0.7036964187794109,1
1.7011214095939837,-0.35971531085317227,-1.168717627632051,-0.13478617003801185,1,0,0,1,0,0,-0.09173575851659908,-0.3443017867344853,0.7256940722047591,-0.5309640870434614,0.4776315127784342,0.14554812675366366,0.4688893128173228,0.2900664824863221,0.3708047956457314,0.8365723837679921,0.6104523102845385,0.32184912820271716,-0.8723291753215038,0.13882440361995665,0.2282056149228204,-0.30124216306175955,0.9121414180643971,0.4027930708684028,0.6109019818860374,-0.16692132358374867,-0.5132902951249138,-0.16951397499442156,-0.8096218998755135,-0.22569150311289582,-0.4003688644677243,0.16692132358374867,-0.6109019818860381,-0.23037994010104354,-0.25947596364157,-1.3193140559302208,-1.2455788071914804,-0.8867912286858101,-0.9386295579527137,-0.6279498401920818,-0.9284540343304539,-1.4104971262332722,-0.15833447194785313,0.38964945356472797,1.793312241538992,1.0007540524786946,0.8376730144258402,1.8783079322409306,1.9536628810410333,2.03171998245057,1.9407461521878167,0
1.7782221966656961,0.6194597960623787,-0.8790386569529866,1.478524768348486,1,0,0,1,0,0,-0.3188766245909836,-0.20649290416374969,-0.7711081536284979,1.5388657234591079,-1.1749114388546489,-1.3480754748895367,-0.9778726199129083,1.9066966357022408,-0.5058955334110175,-1.1544826458499593,-1.6449198706494919,0.29675652865416513,1.8879366934650088,-0.6608409397352634,3.2575676828541793,-1.3646536406963736,-0.37127004062809255,-1.2442398270974848,0.27586209560863995,0.13114384342216406,0.6994512015156081,0.6463588229008715,-0.6797691604309021,1.1914865566100596,0.9237183738534501,-0.13114384342216406,-0.27586209560863995,-0.8431352397972577,2.067050737539819,-1.301118837135444,-1.684875824009962,-1.7060686799877465,-0.6865896075014126,0.758556726032511,0.6772228733838963,-1.4104971262332722,0.25106641317809053,0.12408133374116129,-1.1626098753899237,-1.2813097080232,-0.8207922053274488,-0.2550758902638815,-1.0302635040182315,-1.0996718489615938,-0.7036964187794109,0
1.0072143259485644,-0.35971531085317227,-1.168717627632051,0.5985369837740325,1,0,0,0,1,0,3.757040027743805,-0.747843409114614,-0.029103631420558513,-0.36199838822692515,-1.145357875282775,-0.29538387061765237,-0.5593536534192098,-1.634079421155785,1.4190720568904895,0.0038616070049410246,0.8932614408244219,-0.06705556834543493,-1.1505836319391471,-0.6041039842236028,-0.5139669758583588,0.2738722114381439,-0.7084402434062561,-0.10628803152271875,-0.5505532963957722,0.45457625868389784,0.17418128816096504,1.7279444541992632,-1.6647038806046626,-0.7076940002867054,-1.2650531969079097,-0.45457625868389784,0.5505532963957714,-0.4253475354589299,-0.25947596364157,0.8459169806481733,0.8733832739329616,0.512807750621665,0.7941451013999841,-0.13859458152457876,0.12354118106860354,0.6978801664463103,0.16779843654230542,1.6416134470186852,0.05990112358685037,-0.8145239388296306,-1.0069464646875115,0.7600658542737248,0.9453015509175579,1.3497724280541432,0.038603250264021984,0
-0.5862019402001745,0.5936920300909173,-0.15484123025532542,-0.4281154315628296,1,0,0,1,0,0,0.6527815247272168,-0.5187434102417455,1.007144063387081,-0.5830425558567773,0.12886171073581823,0.0516376607820852,-0.3371233828654785,-0.12281175613361604,1.6230208346555248,-0.8959020855410097,-0.464052667428966,1.4734836495493198,1.0534641141958168,-0.6009043053290888,-0.6814883668193759,0.24064276755149686,-0.5985376842646304,-0.41938435793314555,0.03622492998512883,1.9737285121859853,-0.13163823127786448,-0.5141370960723068,-1.9769010786046932,0.6168061967738855,0.1938439961049906,-1.9737285121859853,-0.036224929985129536,-0.7317251853070371,-0.8598699510432187,-0.9281168518425269,-0.6770767854263857,-0.8526546682148961,-0.8126095827270634,-0.22015379130249568,-0.26403600355210183,-0.9764194483286528,-0.3318094232724056,-0.7105613285614767,-0.8615437338508666,-1.6313990349183765,-1.3454087544330806,0.7917890337905242,-1.853415610241477,-1.4336869776455579,-0.8274130302866491,0
0.6988111776617119,0.05256894469021735,0.27967722576327125,0.3052077222492148,1,0,0,1,0,0,-0.05387894750420167,-0.3547682841449209,-0.4512786181940413,-0.12764527856700325,-0.44668348920382583,-0.17419465024480588,-0.08490038015037954,0.9883447062347788,0.19074859759799853,-0.5249116153406078,-1.1054963918540832,-0.8927668441985463,0.4838297905660671,-0.9748114134343793,0.15058219523560457,0.2647530726892286,-1.833606700704996,-2.1554628780823375,-1.1100395122473277,-0.11670382262079637,-0.8559640331475982,-1.2056841889526375,0.00529158233137051,-1.1090512890732007,-0.6671905214767581,0.11670382262079708,1.110039512247327,-1.1216603760228097,-0.40957446049198204,-1.583144728454478,-1.232658306696819,-1.7572735206941175,-1.852274378338682,-0.13859458152457876,0.4557501964577793,-1.8445748041378918,-0.7759052986632599,-1.0899443568808573,0.21499580256151593,0.1838789563899486,-0.2792525417345383,0.31594134103852145,1.1922471827845313,1.2384340518261547,0.16231986177126023,1
1.6497208848795075,0.7998341578626126,0.27967722576327125,-0.4281154315628296,0,1,0,1,0,0,-0.571255364673633,0.21216699225367497,-0.1826218084290977,-0.31859966421582847,0.5981129226364091,0.4093918168642889,0.2657663665827052,-0.8984584983260101,0.03775646950426269,0.6165360075001503,0.7243508580664934,1.141727911167173,0.00860010594425976,1.172495955944656,-0.021811246338420187,-0.24004590881885493,0.886350113152983,1.1284384953528734,2.2267443324715086,-0.651277219968356,0.8019895418775251,1.2113124574736132,-0.2928373470852965,0.04598922920449996,0.1600089667118245,0.651277219968356,-2.226744332471509,0.8001630639334981,-0.25947596364157,-0.7279694450999874,-0.7287587874050313,-0.3747428216220998,0.06953024385249205,0.4323198869208419,-0.4855086804782194,-0.8523972546416179,0.77843026520473,1.1863538130354276,0.12376363845877164,-0.0495139282068366,-0.025405824425361403,0.47455723862252236,0.2044646553166367,-0.09762646290970158,-0.023255055489598248,1
-0.48340089077122306,-0.07626988516709207,0.27967722576327125,-0.8681093238500562,1,0,0,1,0,0,-0.19268725454965888,-0.29138782760394966,0.7512804350395157,-0.5338573353108679,0.5840829288699368,0.18847862548352812,1.063969179138812,-0.9221215144535749,1.00677816013229,1.0382372041006813,1.082417236291733,1.847886726695837,-0.7989204094105555,0.576932136059265,-0.937855717896453,0.40838956067195326,0.35343139997665707,-0.01588156707815485,1.205075863690145,1.3251175296469961,-0.90301125090764,0.3261174475075473,-0.9659073486326295,-1.0521349550472276,-1.4227006787634022,-1.3251175296469961,-1.2050758636901457,0.438080386840281,-0.9349191994684248,-0.2912841940253525,-0.04397226118798574,0.10316902497069583,-0.844114576533476,-0.13859458152457876,-0.6516131881728072,-0.9144083514851348,-0.8036612908751883,0.4275877563966659,0.34272083230535716,-0.23104172733766892,-0.6177148314801074,0.4428340591057229,0.12214944469431245,0.9600881112561845,0.22417816752487937,0
-0.14929748012713334,0.18140777454752677,0.5693561964423357,2.505177183685348,1,0,0,0,1,0,-0.6848257977108253,0.6831593757232777,0.48262362527457214,-0.4858294140719209,1.4165385278723253,0.9008565887822162,-0.007215396018776219,-0.08410163304601435,-1.0657045584323532,0.13248603342307608,-0.6754087661979585,-0.21079223060572652,0.31721039150687275,1.0396608626212123,1.5790719744206243,-0.5529200928165534,0.6544520148923196,0.04399534887472712,0.8164553486475558,-1.0972459357537168,1.0488500677871584,1.697311770242896,0.9012224628209071,0.4699633312553173,0.9210173700296873,1.0972459357537168,-0.8164553486475564,1.07868820015905,1.6167552469885829,0.30006041680488094,-0.04397226118798574,0.22264698661889537,0.29006520049738066,0.2692014673650073,-0.09793149585751397,-0.046252995675895824,1.1670141561717275,1.8692432640103136,0.534308376921121,0.9488889670127426,1.1084428462222957,0.062155904904119784,0.28677986593896093,-0.2089648391376897,0.6571863078002155,1
0.10770514344524394,1.6501704349208541,-0.15484123025532542,-0.13478617003801185,1,0,0,1,0,0,1.220633689913178,-0.6338748817565374,1.2758008731520245,-0.6351210246700933,0.004659039368865723,0.0033408497109876974,0.15617189136435952,1.969278315844573,-0.47703746291428073,-0.3489994616642255,-0.794333296933536,-1.1854080545735042,-0.02037645925843021,-0.7048959309230673,2.812334944022827,-0.2923586320167927,-0.919104727217823,-1.5996154474741817,-0.8569681418843186,-0.7668246343931154,-0.921484525230417,0.11443911908011713,0.3583339624355402,-0.4398927572267027,-0.5290409553212525,0.7668246343931154,0.8569681418843179,-0.7595776989295921,2.2171492343902317,-0.5733100853443877,-0.625394783447741,-0.9209277891567239,-0.9701345517591269,-0.05703537174666111,0.40038202722625016,-0.6663639641110671,-0.859173275299045,0.12408133374116129,0.05990112358685037,0.2357440418559006,0.04228663352375219,-0.4771381468814831,0.8629863402952329,0.514734606344233,-0.5181215015185524,1
0.44180855408933456,0.5421564981479937,2.452269505856255,-0.8681093238500562,1,0,0,1,0,0,-0.5838743016777656,0.22670379421261333,-0.34893316685501513,-0.19766188663823916,0.44498297934688336,0.32710836096538204,1.1703530670625646,-0.03362375714372659,1.0187860000586972,0.9468174936491267,1.3839489038321235,0.5467927202767069,-0.9603294246885704,1.7564775261336512,-0.5128131610649291,1.3936617955479378,0.9451930413646431,1.5175502868647548,1.4159231644047408,-0.6585353003337585,0.12764721886635025,-0.4675753053735749,0.007781108681216886,-0.34185211025073614,-0.3176088672878177,0.6585353003337585,-1.4159231644047414,1.357213336384602,-0.6347222057676005,-0.5915053041391644,0.1627557467265941,0.5469443110925782,-0.9701345517591269,-0.709509049969999,-1.2606630497196296,-0.35630847989348147,0.3620903820258042,-0.17942508891434333,0.9630995482040194,0.8192262533478623,0.6176725260912207,0.6014499566897238,0.6983559190505837,0.4033962301162448,0.5334696962929761,1
-2.0511168945627247,-0.6946962684821769,-1.6032360836506476,0.5985369837740325,1,0,0,0,1,0,6.545825105657081,-0.7868020383645689,-0.016310450003180245,-0.36199838822692515,-1.4476324972654353,-0.32534578118953694,-0.6669032605258691,-0.42609436659339633,0.8037619869037793,-0.12570876201004383,-0.08970331863878674,-1.9609313483588957,-0.7380582949911604,-1.7040715587374173,-0.2491664807661297,1.4479064256028626,-1.2330701061859795,-0.7001117805758703,-2.3498765620089648,-0.3438975164935092,-0.7753430050411189,0.3352183796298175,0.35623675988409026,-1.0528667823020035,-0.5669041804941454,0.3438975164935085,2.3498765620089634,-1.5951531076062477,-0.18442671521636386,0.17269388524144552,0.9121447754169449,0.3079883877961804,-0.8756195703398886,-1.0357458890816678,0.012804842605544792,0.139780294854656,-0.7759052986632599,0.19995793940503753,-0.2959043164138529,-0.07544647093981212,-0.48232991558187904,-0.28679906978068154,0.6983559190505837,0.5704037944582268,-0.5799798072721716,0
1.495519310736081,-1.1069805240255675,-1.6032360836506476,-2.041426369949327,1,0,0,1,0,0,-0.7731583567397526,1.95367586693449,0.6617281651178678,-0.5141832470925041,2.0752316376974838,1.8998850696417702,-0.3719377347553306,-1.1834558859764657,1.1797487058926235,-0.10198012253745867,0.5503674768024461,3.0661762036284355,0.9306058843123387,-1.0380191572956747,0.2152645041018612,-0.10877932800185726,-0.6050679762608124,-0.21322408639836765,1.2104470415403286,2.981392002916201,-0.5199880372175499,1.8399775984928717,-1.7220687367742797,-0.46220648142851123,-0.9236764942884401,-2.981392002916201,-1.2104470415403292,-0.9545452942874786,0.26586877533487285,0.19998671343360988,0.11107374474794844,-0.135786898325702,0.4790951633358572,1.247911984700014,0.6772228733838963,-0.23228628620644656,-0.6787593259215104,1.1484155102034896,-1.0120768046203952,-1.624915899235133,-1.6584863724477323,0.09387908442092041,-1.6476275836856655,-0.5429799678216537,-0.30161743138088487,1
-0.8432045637725518,-1.1069805240255675,0.27967722576327125,-0.4281154315628296,1,0,0,1,0,0,-0.7353015457273552,1.2413725709465104,1.4932849572474551,-0.6472726673932004,2.052724243301574,1.4549283380145293,0.07112919301420778,-0.25973416858753007,-0.3501188403183458,0.9424410341547081,0.8196378402284121,-0.4270752494155497,-1.1806012446621312,0.16571030859906527,0.11278913116950973,-0.3807811876047392,0.9944186931932941,0.8876566597267549,-0.37315522795503414,-0.21238889143210804,0.06666891348438202,0.4694829732268307,0.0959758126207382,-0.28712848210584285,-0.19894537497784118,0.21238889143210804,0.3731552279550334,0.15955525061472892,0.11577027848446049,0.04532735367801011,-0.1602567656399366,0.2397152668543526,0.5106001571422693,-1.1988643086375024,-1.2052948804881005,0.6978801664463103,-0.3040534310604773,-0.1035484832504671,-1.3906902856467844,-1.1386807229918314,-1.159254495073018,-1.0481553781838862,-0.4540570296619595,-0.5986491559356475,-1.4459960878228426,1
1.2899172118781799,0.7225308599482267,-0.4445202009343899,-1.6014324776621007,1,0,0,1,0,0,-0.0412600105000692,-0.36058300492849626,0.20117363409225028,-0.4354868942190488,0.1701909075360489,0.059239936598832026,0.8015654336871136,-1.217380469420685,0.6334417558820843,-0.20615262006497934,-0.4949612494445504,-1.1643116120908568,0.3033431958156986,-0.5772842350721532,-0.5671733013327224,1.0691726554513288,-0.8316716286972611,-0.9141711138231697,-1.5204829952730505,-0.0799856498736912,-1.6914118535594966,1.102711136840594,0.20847930739552434,-0.546172460695504,-0.24903629819589004,0.0799856498736912,1.5204829952730499,-0.6203151308168162,-0.6347222057676005,-0.4095531161914002,0.17567624722125458,-0.1699234587966153,-1.411204465048904,-0.38327221085833024,0.40038202722625016,-0.29429738304996345,-1.6363410572330401,0.35171115073279,-1.4454295841084306,-1.1386807229918314,-1.2438700675094103,-1.0481553781838862,-0.4540570296619595,-0.5429799678216537,-1.3841377820692236,0
0.3647077670176212,0.4133176682906843,0.27967722576327125,-0.13478617003801185,1,0,0,1,0,0,-0.2810198135785862,-0.2442885892569894,-0.68155588370685,0.5551613125409173,-0.7651144145514226,-0.6169154183965331,0.3201844938690545,0.27130959060460513,0.8203660048863212,-0.34464633011225904,-1.6337040227204602,-0.6851100063234429,0.9082181480934173,0.06452072549524697,-0.36522833459331794,1.4014742015069341,-0.38210363454118723,-0.8785667050070145,-0.8569681418843172,-0.08447776675232606,-0.38075598418936646,-0.7382586555557181,0.28687860375427354,0.08670753405492718,1.2661458534619585,0.08447776675232606,0.8569681418843165,-0.14682239923337803,-0.5596729573423944,-0.7734574920869285,-0.0052107597040024186,-0.15285517856115927,-2.1673243164028086,-0.5463906304141645,-0.2086678343205727,-1.0384305451721696,-0.6371253376036178,-1.0140677512169813,-1.3633206364159602,-1.0349505520599276,-0.939254006738398,-0.2233527107470814,-1.1125787146405561,-1.266679413303576,-1.0748462533011267,0
0.18480593051695732,0.1298722426046032,-1.168717627632051,-0.13478617003801185,1,0,0,1,0,0,-0.6217311126901629,0.24996267734691469,-0.041896812837936774,-0.35794784065255614,0.8613581313409676,0.46886844531295524,0.2616348479819623,1.610099339600335,-0.8451197077795463,0.0010906041388685209,-0.9278451912442865,-1.0059593566291212,0.15042258866054448,-0.8228742562398428,2.1106518878261347,-1.0987674939073249,-0.2642472643957343,-1.1896045789349454,-0.8414861286385814,-0.5374328853480426,-1.1860158862205263,-0.09550714598164538,0.05115158556873767,-0.26349639984853773,0.04482685714489524,0.5374328853480426,0.8414861286385807,-0.8988402670423681,1.4666567501381707,-0.8280431484712572,-1.2068173057074962,-1.2281568333949502,-0.5605696322757617,-0.13859458152457876,0.2896456887631914,-0.790386157798101,-1.1644891896302574,-0.2553016945782196,-0.5148615102604385,-0.41256952646850126,-0.48232991558187904,-0.1916295312302808,0.36909507656128593,0.1250502895462747,-0.76555472453303,1
-0.04649643069818187,-0.10203765113855341,-0.4445202009343899,-0.4281154315628296,1,0,0,0,1,0,0.6275436507189519,-0.5106028011447401,0.27793272259651985,-0.4505317852095623,-0.18571302475846352,-0.04450876866500705,0.2906161506333473,0.8128748403120172,-1.4750301985930934,-0.9888240196562528,-1.7477692704737107,-0.3852456183464928,1.4869536267708023,-0.46284224654691103,1.179697952787852,-1.773958549703092,-1.4625806672418042,-2.1605875685954596,-1.358700052625797,0.8221130942085976,-0.8665753510829991,0.06609928312917954,0.2337584327396575,-0.11443249637939978,0.1627924138167106,-0.8221130942085976,1.3587000526257962,-0.5924626171942612,0.7161642658861095,-0.7916527108817039,-1.4910683165900436,-1.8596832021068592,-0.15100471279239655,-0.13859458152457876,0.6218547041523672,-1.0384305451721696,-0.9146852597229018,-0.17942508891434333,-0.7064490548762022,-0.4903671546674297,-0.4992530300691578,-0.4771381468814831,-1.0302635040182315,-0.8213259083916238,-0.3944048900113141,0
-1.0488066626304537,0.026801178718756015,-0.15484123025532542,-1.6014324776621007,1,0,0,1,0,0,0.526592154685892,-0.5024621920477346,0.29072590401389814,-0.4511104348630436,-0.13131809251672383,-0.03780087823846573,0.35530483139951663,-0.7864278615718032,-0.9630854631510346,1.0701609371093432,0.5707576141425957,1.49565089339136,1.3135024794028003,-0.4815598259511894,-1.0401065216625272,-0.7001809245722216,0.36727980598972965,0.13687680616784875,1.8833482026111439,0.17200761631813533,-0.9752289211836901,0.03744103989729005,0.6129557876773307,-1.0815300164474708,-0.608379291475951,-0.17200761631813533,-1.8833482026111446,-0.06326485836571254,-0.5596729573423944,2.083191858692969,1.2997597902567817,1.4174266031008858,2.1173548412693166,4.265602746482951,3.058054150339658,1.3800022317249987,-1.0257092285706153,-0.2553016945782196,-0.8615437338508666,-0.4514683405679659,-0.8207922053274488,-0.8895394805998851,-0.4540570296619595,-0.4316415915936655,-1.3841377820692236,0
0.23620645523143258,-0.05050211919562982,0.5693561964423357,-0.4281154315628296,1,0,0,1,0,0,0.551830028694157,-0.5065324965962373,-0.6175899766199587,0.23111750659139568,-1.1672619087247367,-0.5681714146303327,1.2305610253628299,1.1806926482723679,-1.3842193424524454,0.9394391063577608,0.16991110764536368,0.41177048079815043,0.4214946383395183,0.42806875393024235,1.6580259072427244,-0.6384420413660007,0.6146177079561126,0.007215998951013145,0.9153149533513734,-0.34619240229020387,-1.283403805796906,0.04043624280773593,1.2507015322978825,-0.6596772268866988,-0.2138477430039826,0.34619240229020387,-0.915314953351374,0.911573118423719,2.4422969796658496,1.710189873400053,1.0413497803635572,1.2808803612172301,1.3927399837218248,1.8188264531454346,1.397009073393778,1.3179911348814817,-1.2200011740541141,-0.02767187758659086,-0.1864257194905595,0.4691369264526849,0.1607484349347019,-0.9212626601166852,0.12214944469431245,-0.04195727479570725,-0.2706882785040748,0
1.6754211472367457,2.2943645842074014,-0.15484123025532542,3.2385003374973924,0,1,0,1,0,0,-0.15483044353726144,-0.32976498477554694,-0.4768649810287978,-0.1044992924277517,-0.398226511328222,-0.17285307215949763,-4.083193897649837,-0.3975412388966671,-0.2009350355723682,-3.0526180534077403,-3.209910612993373,-1.6424224261883913,1.7496190917504633,-1.2619575186629295,-0.10995278386780702,0.9845285688624741,-1.2919970740360096,-0.759291095955905,-0.22931895624632825,-2.0126325500434374,4.416847427186232,0.43548954125983497,1.264041189124529,2.842767869320691,3.431741034180176,2.0126325500434374,0.22931895624632756,-1.2330704305130304,-0.25947596364157,-0.4914316007678933,0.05939174276930372,-0.4600842227993849,-0.9071245641463012,0.10608304780917345,0.2342775195316623,-0.5423417704240322,3.831589408516853,0.27583454506891375,-0.33239718205494984,0.3394742127878045,1.5145975939169787,-0.3502454288142823,-1.0302635040182315,-1.712032918215528,0.22417816752487937,0
0.46750881644657266,1.7274737328352407,0.5693561964423357,-0.4281154315628296,1,0,0,0,1,0,-0.3062576875868511,-0.22975178729805104,0.5593827137788417,-0.5037675533298408,0.6284536456680258,0.21262703101907687,-0.0043942732803814825,0.41830786625838207,-0.9470864476808047,0.23853934087667053,-0.23595391356629303,0.03580445520095095,0.2837239584656505,-0.6710146848644447,0.05565424028462288,-0.3167520055290625,-0.5797604908247881,-0.9409426372537274,-1.2649401125490116,1.303385209184222,-0.6643596228268487,-0.5183874780095452,0.9763936834537237,-0.8971318386697533,-0.6118957019475166,-1.303385209184222,1.264940112549011,-0.6760201580619267,-0.03432821836595151,-0.24579614703841146,-0.3669847735545164,-0.5624939042121272,-0.37153966943728567,-0.38327221085833024,0.2342775195316623,-0.046252995675895824,-0.7203933142394032,-0.6346847228976005,-0.5604775923118106,-0.010615114107371936,-0.36386811417093057,-1.1116017372174867,-0.7010026615289333,-0.15329565102369538,-0.08511336124321738,1
1.2128164248064663,0.0783367106616796,0.27967722576327125,1.7718540298733036,1,0,0,1,0,0,-0.4198281206240434,-0.13787919891756065,-0.13144908275958464,-0.33595915382026714,0.34847726108323646,0.15359759526551325,-2.4563127069142814,0.7377657893397002,-0.7452180124447676,-1.1649598523462814,-1.211394197205781,-0.22374160593853126,0.8542233420077402,-0.3937269027936161,0.9525073357536595,-0.9742590553760602,0.3321591542683341,0.34019387177361193,0.3210111268130686,-0.6235317921885499,3.0221553301165325,-0.05840576002818487,0.039701594495374214,1.9031489350830073,1.9070048879896555,0.6235317921885499,-0.32101112681306926,-0.3139374809687093,1.0163612595869336,0.3091580262022686,-0.26362076959722697,-0.11871861809024475,1.2352150146897614,0.10608304780917345,-0.04256332662598434,0.3258135853852078,2.4160338057085053,-0.2553016945782196,-0.615216890773458,-0.5033334260339178,0.22844089288381547,-0.0647368131630805,-0.9479482933959068,-1.266679413303576,0.16231986177126023,0
0.72451144001895,-0.5658574386248675,2.8867879618748513,1.0385308760612593,1,0,0,1,0,0,-0.6469689866984278,0.30229516439909276,0.12441454558798068,-0.41697010530764755,1.065480320635766,0.5547294427726841,2.439977251384944,-1.1038284355913202,0.6610000408236915,1.2665353601401759,1.8157655504027914,2.182313477143561,-1.470557219523903,3.239545415409525,-0.766643209650475,0.5935535022377727,1.8113227306958495,2.2279784062730643,2.3191213401455677,0.6763389906671557,-0.15593215500481072,0.7470328315038963,-0.30714517177101014,0.08506905221691229,-0.18539687147800094,-0.6763389906671557,-2.319121340145568,2.6105764493995856,-0.8598699510432187,-0.6278957417287164,-0.25070026910256554,0.4616029099152932,-0.2770246880180474,-1.2804235184154193,-1.980449249729511,-0.29429738304996345,0.029018475482663446,1.0346006017076752,0.8080048692293539,0.5080357405521495,0.5161338391675497,0.6014499566897238,0.12214944469431245,0.514734606344233,0.9664778365683122,1
0.2619067175886707,0.7225308599482267,1.0038746524609323,0.3052077222492148,1,0,0,1,0,0,0.5139732176817596,-0.49490305502908666,-0.7327286093763631,0.8792051184904389,-1.5715772889705073,-1.0600833792433628,-0.91551275234725,-0.8188882368573834,1.2301887992463716,-1.1708737724889815,-0.9181635445924895,-0.6634908094618508,0.3659981033287934,0.5480355610981782,-1.288357775374535,0.9115972912276974,-0.21553064140239,-0.24190634987675083,0.6006469349749709,-1.500636647135627,1.8206334435335199,-0.16669873257406415,-0.765641936562303,1.3680584335729755,0.9574831085116603,1.500636647135627,-0.6006469349749717,0.7723105503109431,-1.0600012801771017,0.8398519077165789,1.2351572877834756,1.0760609983917457,-0.40304466324369825,0.7313703227732054,0.47420625286828905,0.6565394352172991,1.4168180860790833,-0.3311783002420958,-0.5604775923118106,-0.840456481562607,-0.3130987707090945,0.2207718024881207,0.03983423407198747,-0.5986491559356475,-0.5799798072721716,0
-0.8689048261297889,-0.3339475448817109,0.27967722576327125,1.478524768348486,1,0,0,1,0,0,0.097548296545388,-0.41524138029410446,0.39307135535292426,-0.4690485741209635,0.17361164745823407,0.043140999575132864,-1.5007699791263032,-0.9903838474017057,1.088856474369191,-1.5306775887261521,-0.7611790264641224,-1.2937986484159116,0.054840240483904325,-0.8699484148321021,0.022350249690842507,0.12174666396152707,-0.9647332525879011,-0.9739829025299002,-1.522694711451012,-0.2543969704224406,1.2176149829563507,1.3817229012407524,-1.3661596212926792,1.1112336922258748,0.038665279949988356,0.2543969704224406,1.5226947114510108,-0.8431352397972577,-0.03432821836595151,-0.1548200530645294,-0.06981326217730856,-0.4430159425639276,-0.43454965705011084,-0.46483142063624716,0.2896456887631914,-0.046252995675895824,1.8886699536818656,2.2486262923296945,1.9210372712828345,0.7414286251489338,1.1930584186586881,2.028993034945732,1.2745623934068555,1.2384340518261547,1.8943524228726025,1
0.18480593051695732,0.20717554051898904,0.5693561964423357,0.3052077222492148,1,0,0,1,0,0,-0.7226826087232228,1.0145984603870721,2.145737209533747,-0.6900927417508158,2.1362377076969477,1.3136154463620588,-0.42350547520859705,0.2352167278237254,0.5597871942944229,-0.3859198720370641,0.15547918273467404,0.43099040529491295,0.3539161123369567,-0.3708294925120107,0.39796627996728584,0.22910924821490256,-0.3197586563030566,-0.16207984880677356,0.49320743187182114,0.0986623829151082,0.21836621297651618,0.07583154221270717,-0.5350151483381829,0.20428563965434818,-0.36036997837504914,-0.0986623829151082,-0.4932074318718218,-0.28608496734615396,0.491016520610491,0.33645085439443295,0.4082452561251572,0.2567835470898098,0.1010352376589052,1.0847935651441794,0.8986955503100138,0.38782468222872474,0.3620903820258042,0.27583454506891375,0.6164173246135901,0.22277777048941236,0.2961333508329291,0.41111087958892223,0.36909507656128593,0.45906541823023866,0.47161139053935697,1
0.7502117023761872,0.026801178718756015,-0.4445202009343899,0.3052077222492148,1,0,0,0,1,0,-0.785777293743885,2.663071802530682,0.3035190854312764,-0.45284638382348746,2.0455298858180493,2.398057731986239,-0.125867929146509,0.03688885184170292,-0.250720635336903,0.6674073585055728,0.12277510191356562,-0.39284828854707116,-0.6250680326485104,0.03491033222223512,0.37952944917715986,-1.906915310101815,1.0387647417021173,0.3812048354342589,-0.4291756706205317,-0.11014700605881247,0.20990441206390142,0.3295731637626698,-1.5735224767443357,0.12839705259317524,0.21255868078400914,0.11014700605881318,0.42917567062053097,0.02029268250195297,0.340918023760079,-0.018355912103706302,-1.0000892977929163,-0.596630464683041,1.424244977528238,-0.7910682597479163,-0.7069813574043363,0.015758101167622184,0.5008703430854462,0.7310941790521709,1.1546870928197819,0.04124997135858002,0.09305597698558829,2.6000102662481344,0.7806711296729086,0.793080546914203,1.3376276710900281,1
0.23620645523143258,0.2587110724619126,0.27967722576327125,0.3052077222492148,1,0,0,1,0,0,0.3246891626197725,-0.45768884201420446,-0.4001058925245282,-0.1710440025780999,-0.62894144698481,-0.21980830514528685,-0.45973509325794165,-1.2868398540631514,1.672652827242987,-1.5053787969132373,-1.0765777324167949,-0.22308718172740077,1.2879524913540203,-0.16653957014792595,-0.05739452875144285,1.1098753533908599,-1.0440446378878265,-0.9063106019365977,-0.03566621970192337,-0.26889098598050765,0.4728684621522813,1.7087315055997987,-1.1712547548557983,0.9984128446094467,0.514767874829208,0.26889098598050765,0.035666219701922665,-0.14682239923337803,-0.03432821836595151,0.07262018187017576,0.6408142650290589,0.15437386567706757,-1.0016395455655394,0.5954383064766764,0.6772228733838963,-0.29429738304996345,0.5008703430854462,1.717490052682561,0.23324223538206504,-0.4255357978349895,-0.025405824425361403,1.0772976494417266,-0.5363722402842841,-0.7099875321636356,0.34789477903211874,1
1.0329145883058024,-1.8542457371979617,0.5693561964423357,1.0385308760612593,1,0,0,1,0,0,-0.21792512855792381,-0.27917691395844146,-0.09306953850744984,-0.3446388986224865,0.12201712052626712,0.0516376607820852,-1.4401613422886461,-0.6462256083757661,-1.555243002237765,-0.2572286078097408,-0.30647464656201634,0.7648561880852209,0.9281144408303761,-0.47631269015708355,0.5340664708158077,-1.2327429417399787,-0.1745274837163253,-0.4848458131242121,0.8783783977477496,0.17200761631813533,1.526653376082793,1.4219809943862132,0.8872815138354245,0.17444078883573808,-0.0749255185133186,-0.17200761631813533,-0.8783783977477504,-0.45320004908148526,0.491016520610491,-1.6069330893092284e-4,-0.6383152839424023,-0.6649035856248688,0.7626401075935709,1.5741488238116832,1.1755363964676604,-0.29429738304996345,2.9526496551391204,3.1085611565202904,3.526723359491134,3.6588396826087424,3.5453713323903937,0.9927025040635918,1.5763848323553793,1.8693515171180877,3.3583323257082607,0
0.18480593051695732,0.05256894469021735,0.27967722576327125,0.3052077222492148,1,0,0,1,0,0,-0.5081606796529707,-0.02972539234305928,0.34189862968341117,-0.45863288035830035,0.8347166706183602,0.3315802879164096,0.08513061696523451,-2.0906562882226365,0.16378043784561652,0.2935406652395634,1.1752296909634874,0.8837128826935534,-1.383950682492502,-0.4242498754874877,0.40735473452714965,-0.21653243027938637,-0.09760479825095314,-0.024582929178486496,0.8989187262297652,0.31374232411047026,-0.5422816720024431,3.2775703972113015,-0.4414875553349176,-0.4933377482306806,-1.551856601924465,-0.31374232411047026,-0.8989187262297659,-0.14682239923337803,0.8662627627365218,1.3098950599149712,0.9767472778902511,0.8883099158017184,1.2037100208833493,1.0847935651441794,0.6772228733838963,1.3179911348814817,-0.4150773999081907,3.4626519829517126,0.5525548097416701,0.22277777048941236,0.008440404549195996,-0.44541496736468245,1.8507688677631275,2.2961486259920414,0.5953280020465953,1
-2.256718993420627,1.9336158606069351,0.27967722576327125,-1.8947617391869185,1,0,0,1,0,0,1.7380101070826095,-0.6774852876333524,0.16279408984011548,-0.43259364595164235,-0.6275088519526818,-0.18671604570768302,1.4492012546275557,0.14017815693202773,-0.4457927250796275,0.258932065536916,-0.07967217986596759,1.794094230959359,-0.09613423496520285,1.4196914615902536,-0.39498224249563296,-0.19397852209317692,0.48366889051159917,0.40592169782418897,1.465333844976243,0.9936302841201231,-0.5966106413228915,-0.5880834593129997,0.4144838818422576,0.1297972767996056,0.49988126752522066,-0.9936302841201231,-1.4653338449762439,1.6078859589875987,-0.18442671521636386,0.6730624020977969,0.459927258103802,0.6493539925053206,0.6996301199807459,-0.22015379130249568,-0.8177176958673952,0.44983577907224165,-0.6556293324115703,-0.6852691266735177,-0.5229710359584602,-0.24544869552265605,-0.1777138548108673,-0.36434461971063786,-1.213186194290064,-0.975962542041607,-0.3188002940902252,0
-0.7404035143436003,-0.35971531085317227,1.4383931084795292,-0.13478617003801185,1,0,0,1,0,0,-0.7605394197356201,1.6396809446214216,0.7256940722047591,-0.5309640870434614,1.9823069405161327,1.6713696024442626,2.464649467848746,0.7585622618193739,0.9631362646316676,1.961705521389502,2.248742792892056,0.990901535240373,-1.5976631588751082,3.300225895945193,0.753254854487593,0.6346720921323483,2.649366885047676,2.873702094537174,1.6035661060988957,-0.2389258302200081,-0.12960825141112178,-0.28655633282037846,-0.6788552939575703,-0.023070749091863327,-0.11786499052033417,0.2389258302200081,-1.6035661060988964,2.63842896302214,0.41596727218528484,-0.6642861793182697,-0.26362076959722697,0.76883195415352,-0.37153966943728567,-0.9541866793037505,-1.5375038958772762,-0.17027518936292965,0.20789042529286875,0.15780426959177313,1.4638627600568597,0.8206669501663612,0.7624591722601585,1.6447900830200406,1.6221155049233373,1.621932903278114,1.7431432310304213,1
-0.35489957898503444,0.6194597960623787,0.5693561964423357,1.478524768348486,0,1,0,1,0,0,-0.016022136491804253,-0.3663977257120716,-0.7711081536284979,1.5388657234591079,-1.4782555609222032,-1.4710534660427943,-0.4687136574939668,0.917667913945053,-0.861744226330275,-1.193454773085652,-1.7650012334010399,-0.552439837579346,1.5368446163119565,0.17703107915915414,1.696905927549924,-1.6918174271104485,-0.4472943225205125,-1.0924828782034564,-0.8325228578121012,0.07222398482797085,0.8286451189031184,0.4403950960018812,-0.5220801299993609,1.1687510096849443,1.2279911500326883,-0.07222398482797085,0.8325228578121006,0.4102278732177254,2.067050737539819,0.9277954652246664,-0.19901826712392082,-0.3576745413866426,1.518759958947476,0.758556726032511,1.397009073393778,1.069946747507413,0.3620903820258042,-0.02767187758659086,-1.1352402261590995,-1.1905458084577836,-0.7361766328910565,-0.09645999267988113,-1.3595243465075295,-1.4893561657595522,-0.7036964187794109,0
0.5960101282327613,0.6967630939767645,-0.4445202009343899,0.3052077222492148,1,0,0,1,0,0,1.006111760842926,-0.5885200596446497,-0.06748317567269331,-0.35042539515729937,-0.5750960857555598,-0.1817969260615527,0.4893458489524364,-0.41332334444272717,-1.014703525551565,1.5152151537462246,1.5342655060650918,-0.6235148699934357,-2.0427137508865862,-0.06069141766569554,-0.3815027522001568,-1.823234728448688,0.6730389655392854,0.2430974469279043,-2.018119135314598,1.151146070773566,-0.7410894643935018,0.18511817931383495,-0.4450413578057058,-1.3795840019651882,-1.7572829581718479,-1.151146070773566,2.0181191353145973,-0.17467491285593337,-0.4846237089171882,-0.45504116317834126,-1.2714198081808024,-0.9892009100985523,1.0461850518512859,-1.85133798686084,-1.4267675574142176,-0.29429738304996345,-0.8869292675109735,-0.2553016945782196,-1.208225957441296,-1.21647835119076,-1.5823323572549794,-1.1433249167342867,-0.20711139779498602,0.4033962301162448,-1.4459960878228426,0
-0.14929748012713334,-1.4419614816545723,0.5693561964423357,-0.13478617003801185,1,0,0,1,0,0,-0.6848257977108253,0.6831593757232777,-0.2849672597681238,-0.24048196099585453,0.8587817008212933,0.7112468860586483,1.1065643646589092,1.2251767578512143,0.3612788057028081,0.08630802353176997,-0.23734808096304819,0.5832382137547021,0.07096621850427218,1.1488568385060431,1.5733555193246505,-0.30984379101050263,0.6949053781616181,0.29890798007425656,0.6286220997103051,0.17200761631813533,-0.3907804693535102,-0.10544052952925645,-0.8052433590516352,0.5724597060029522,0.600389594428097,-0.17200761631813533,-0.6286220997103059,1.245803281894381,1.6918044954137887,0.4547197765604794,0.21443774870523882,0.4957394703862077,0.3845801819166189,0.18764225758709038,-0.09793149585751397,0.3258135853852078,-0.47058938433204756,-0.2553016945782196,-0.48749186102961545,-0.8015576674631424,-0.5500223735309933,0.506280418139323,-0.4540570296619595,-0.4316415915936655,-0.20882997275045564,0
0.10770514344524394,-0.1535731830814779,-0.15484123025532542,1.7718540298733036,1,0,0,1,0,0,1.220633689913178,-0.6338748817565374,-0.6559695208720935,0.2571567409980537,-1.5392675564667935,-0.68623028613746,-0.9390920901016162,2.249264373398205,0.5482197656814647,-1.4268282233710943,-1.6188502617598162,-1.5919658582640615,0.7724697064105639,-0.6495239672239265,2.7460326904972754,-0.048711810174859975,-0.8201164241915802,-1.2225699778496915,-0.9813771768947055,-1.1979336225714128,0.6568337163797479,-0.3362706737926476,-0.7983854566340963,1.1143394709350947,0.9109829956091695,1.1979336225714128,0.9813771768947048,-0.5646101035717058,2.7424939733666744,0.30006041680488094,0.22735824919990022,-0.11871861809024475,-0.34003467563087314,0.18764225758709038,0.7879592118469556,0.139780294854656,0.5841383197212315,-0.3311783002420958,-0.04957747333644305,-0.4514683405679659,-0.008482709938082702,0.7917890337905242,0.03983423407198747,-0.48731077970765985,-0.3944048900113141,0
0.44180855408933456,-0.7204640344536393,2.452269505856255,2.505177183685348,1,0,0,1,0,0,-0.5838743016777656,0.22670379421261333,-0.31055362260288033,-0.23469546446104164,0.49259001887658405,0.35572869345195834,0.8602842217839674,-2.100802996533399,1.4299346980955103,-0.24552348393897788,0.1906295302548909,1.3685414786442924,0.2275590647976554,1.934857493339898,-0.5624550159087899,1.667625202679535,0.8277757490979941,1.3544760290630682,1.704936430922174,0.17559215780023885,0.7370406575842685,2.3199629544827562,-0.2789661318610311,1.1524946499711737,1.074554489415802,-0.17559215780023885,-1.7049364309221746,2.0256736633259265,-0.40957446049198204,0.4547197765604794,1.2997597902567817,1.6393142461618264,-0.655084613695,0.35076067714292497,-0.3747723420151606,0.6358690696027934,0.6396503041450882,2.096873081001942,-0.10431677179808911,-0.23104172733766892,0.22844089288381547,0.37938770007212164,-0.7010026615289333,-0.7099875321636356,0.5953280020465953,1
-0.6890029896291251,0.7998341578626126,0.5693561964423357,-0.4281154315628296,0,1,0,1,0,0,-0.00340319948767178,-0.3663977257120716,-0.46407179961141953,-0.12764527856700325,-0.508738654959726,-0.18313850414686098,0.007417399743778379,0.8742358759086528,1.065170820202073,-0.318781403462109,-0.09023287624446752,-0.07188873468040645,0.16357535540469922,-0.5074330901371414,0.19024465306520244,0.30876919444941014,-1.2443793222380075,-0.6643430375526326,-0.12752713319093578,0.02843219803499119,-0.5173352396665611,-1.0093332586894845,-1.1458409318158769,-0.8032521247555768,-0.5312945139299058,-0.02843219803499119,0.1275271331909351,-0.5924626171942612,-0.03432821836595151,-0.5915053041391644,-0.354064273059855,-0.801449827508525,-0.40304466324369825,0.35076067714292497,0.4557501964577793,-0.6043528672675491,-0.5538573609678327,-1.0140677512169813,-0.3415203984652251,-0.8534227529290943,-1.0746389226366257,0.7600658542737248,0.2044646553166367,0.23638866577426285,-0.6418381130257917,0
1.572620097807795,0.4133176682906843,-0.4445202009343899,-0.13478617003801185,1,0,0,1,0,0,0.1480240445619179,-0.42512640562618254,-0.68155588370685,0.5551613125409173,-1.1419907213557718,-0.7559923465734897,-0.7144210685481928,0.2336004160776265,-0.8397180746602513,-1.3986079706397208,-2.7558381732342685,0.15069952287035182,2.66288828889426,-1.173565315247234,-0.5680939166114514,-0.9222339424422277,-1.3295570275274142,-1.9254796867267245,-0.5636247330177211,0.7645323233097278,-0.17919274854338324,-0.8897279167676181,0.2211665665305016,0.5710631483988567,1.7028684451612923,-0.764532323309727,0.5636247330177203,-1.17736540326792,-0.7097714541928067,-0.7006766169078218,-1.0259302987822392,-1.4159079159849774,-0.5920746260821743,0.9216751455883455,1.397009073393778,-0.8523972546416179,-0.44283339212011924,-1.0899443568808573,-1.1808563082104715,-0.9052878383950472,-0.6515610604546642,0.030432725387320277,-1.6887851889968277,-1.6563637301015341,-0.5799798072721716,0
-0.09789695541265715,0.18140777454752677,-0.4445202009343899,-1.161438585374874,0,1,0,1,0,0,0.2868323516073751,-0.45536295370077434,-0.6431763394547153,0.2513702444632408,-1.1010271400910299,-0.5444702017898868,0.034319561060929336,-1.2149819651063047,1.392860209247369,-0.48027875962140754,0.6441733659029054,-0.5929458225967791,-1.0315105937381945,-0.7819661986751044,0.2519634688094506,0.45659616337772063,-0.3776186648185162,-0.019413487774897684,-1.4375436385994584,0.617030896486598,-0.8290535971754617,1.920012348693571,-1.445251456905896,0.274385415250848,-0.8564104169693096,-0.6170308964865974,1.4375436385994576,-0.7874302125521474,0.11577027848446049,-0.31857702221751816,-0.04397226118798574,-0.18699173903207253,-0.37153966943728567,-1.1173050988595852,-0.6516131881728072,0.139780294854656,-0.9146852597229018,1.2622304186993043,-0.9254062487227878,-1.436904964421056,-1.2607931819966884,-0.4136917878478824,-0.12479618717266176,0.18071947766026855,-0.8274130302866491,1
0.030604356373531493,-0.05050211919562982,-1.6032360836506476,-0.4281154315628296,1,0,0,1,0,0,0.29945128861150755,-0.45594442577913186,-0.6175899766199587,0.23111750659139568,-1.0351649737319464,-0.5292656501563932,0.43726897292651495,-0.12048575597249732,-0.5574874566556787,0.024787888510960115,0.1443483660852715,-0.3927933869459818,-0.5385729582302473,-0.503486902628674,-0.33098786430713667,0.42358939281500935,-0.7940536353147418,-0.04688155321518266,-0.35307242775419667,-0.18555039652161812,-1.1111113318626913,-0.1662058952065817,1.1877705181624363,-0.8208568304452952,-0.23343065747205638,0.18555039652161812,0.35307242775419595,-0.5924626171942612,-0.4846237089171882,-0.6097005229339397,-0.3153027715758717,-0.596630464683041,-0.2770246880180474,-0.9541866793037505,-0.9284540343304539,-0.9764194483286528,-0.9701972441467586,0.04820472807728505,0.6711566230752374,1.234146937075479,0.7699805564767266,-0.2233527107470814,0.6160407084282594,0.5704037944582268,0.7190446135538346,0
2.2922274438104506,0.4648532002336079,3.176466932553916,0.5985369837740325,1,0,0,1,0,0,-0.4576849316364408,-0.10764265084296887,-0.3233468040202586,-0.2260157196588223,0.21019201111646588,0.09188500334133312,3.5224241772542757,0.15004417006375265,1.033689997895712,2.323524280747049,3.021695878023145,2.1138249108135834,-1.5436705338815786,4.236103342595571,0.4419461763278087,1.1161188825484578,2.8554646880256436,3.3269972336858245,1.8335036721614553,1.0645584453617318,-0.6653520163454665,0.23679164541479802,-0.2914970170768504,-0.30750149691247125,-0.6801873806751613,-1.0645584453617318,-1.833503672161456,3.975349616904789,0.41596727218528484,0.02713213488323473,0.6020527635450756,1.8270653287518537,-0.11949971898598452,-0.9541866793037505,-1.592872065108806,0.6978801664463103,-0.6371253376036178,0.19995793940503753,-0.04957747333644305,-0.1921429132382052,-0.29617565622181696,-0.2233527107470814,-0.20711139779498602,0.3477270420022505,0.16231986177126023,0
0.08200488108800677,0.18140777454752677,1.7280720791585935,0.3052077222492148,1,0,0,1,0,0,-0.11697363252486404,-0.34023148218598254,-0.8478672421327675,6.578904205281132,-2.6727482723918476,-5.345978169108163,1.6762246356498147,0.2618075686544641,-1.1581349137905297,0.7251623088029423,0.41853760393213646,0.6273511740416463,0.21328671051302997,2.7885957822471674,-0.24309788710196292,0.023256538047776287,1.8748332352891515,2.0390786857789927,0.872405678118227,-0.009609152108407288,0.4555008888965903,-0.6028692309891549,1.6065798027869673,0.8794050472850221,1.4466440788055077,0.009609152108406583,-0.8724056781182278,2.387756340419144,-0.3345252120667762,-0.3549674598070702,-0.28946177058654887,0.4445346296798359,0.25856020669096863,-0.8726274695258333,-1.2606630497196296,0.44983577907224165,0.05677446769459199,-0.8623145398892288,-1.1717330918001976,-0.2958730841701091,0.05920974801103089,-1.4922798914190887,-1.6887851889968277,-1.8790404825575102,-0.7036964187794109,0
1.110015375377516,0.7225308599482267,-1.168717627632051,2.9451710759725747,1,0,0,1,0,0,-0.5207796166571032,0.05807689148892839,-0.6687627022894718,0.30344871327655676,-0.34756481593456784,-0.1898463945734023,-2.485950496746835,-0.19082052724313964,-1.24650310917172,-0.9936633733785559,-1.3058496172919858,-1.8912474471384924,0.7838484688562147,0.2388858120794663,-1.0200319013352073,-1.0587737251840523,0.645129698146683,0.7607780994492871,0.4407888507730546,-3.0166049657160325,3.695466569195431,-0.7599384044366546,0.6400460222779188,1.9820746770365216,2.440420198394746,3.0166049657160325,-0.4407888507730553,0.1317027369921738,-1.009968447893631,-0.30038180342274146,-0.7804407893836761,-0.5112890635057554,0.9831750642384596,-0.7910682597479163,-1.0391903727935126,-0.29429738304996345,2.9711536499470723,-0.8623145398892288,-0.642586540004281,-0.24400799870415715,0.5330569536548284,-0.2233527107470814,-1.1948939252628807,-2.046048046899492,-0.332546584257695,1
0.72451144001895,-0.87507063028241,0.27967722576327125,0.3052077222492148,1,0,0,1,0,0,-0.7100636717190902,0.8808598823648394,0.08603500133584588,-0.41060495911935335,1.306228588867645,0.9947670547537948,1.9743183470569041,0.18929018569308956,-0.6460816430599643,1.7579494149364339,1.4954507136708008,2.3016124896784826,-0.4593370139173344,1.929350482382463,-0.1675535593487944,-0.5198261673195368,1.4726598342612895,1.20802535519999,1.7556215933338128,1.3979208031972914,-0.8175534526667426,-0.4276581979014747,0.3608400836144664,-0.91461196332897865,-0.7647575326178578,-1.3979208031972914,-1.7556215933338135,1.6357384726101538,-0.25947596364157,-0.32767463161490584,-0.5349512799851129,0.03489590402886805,0.3215701943037938,0.18764225758709038,-0.5408768497097485,-0.23228628620644656,-0.6926373220274746,-0.2553016945782196,0.534308376921121,0.6506647255835172,0.2115177783965368,-0.033013633646279864,-0.20711139779498602,0.5704037944582268,0.7809029193074537,1
-1.8455147957048228,1.4955638390920825,1.0038746524609323,-0.8681093238500562,1,0,0,1,0,0,-0.07911682151246661,-0.3489535633613456,-0.630383158037337,0.2455837479284279,-0.8038477716495906,-0.45816201163505516,1.8999729890816879,1.8449397018567053,-1.0042333219748352,0.09162230536971896,-0.531441127742494,-0.6282234916857122,0.8196495992955065,1.7895342764449407,1.2141697619733962,0.8769383785382341,0.43199447255080037,0.45547348235417484,0.18286856865026183,-1.0381887348318,-0.8538771282041978,-1.3159090268958633,2.2540590919711327,0.3045825005673879,1.1355806987060737,1.0381887348318,-0.18286856865026252,3.1397742082281335,2.603116797719863,3.1099220621124943,3.2747505801549988,3.380278830178441,1.1947085940815172,1.4110304042558486,1.436557765702013,3.151747855825488,-0.7481493064513315,-1.1658209625447336,0.39746013076700454,1.5583037212376798,1.6161362808406496,-0.9847090191502859,-0.5363722402842841,-0.9883334727336057,0.47161139053935697,0
-0.48340089077122306,0.18140777454752677,-1.168717627632051,0.3052077222492148,1,0,0,1,0,0,-0.6974447347149578,0.7413065835590311,-0.5280377066983108,-0.02696023886125903,0.5549508673397344,0.5909520510760072,0.10054481726763033,-0.4422850259964069,-0.08123647792558575,0.37118264008858404,-0.004659623439214676,-1.523780368670437,-0.4415035589663451,-0.22765893824687833,-0.13163723774136457,-0.47352986790898893,0.3887983080041357,0.07688874557948402,-0.8569681418843186,-1.2283241134096814,-0.36728414461570325,0.4751787833826616,-0.36479886343976686,-0.11591805324586552,0.08112463355887889,1.2283241134096814,0.8569681418843179,-0.3696425082138195,-0.3345252120667762,-0.6733837887156574,-0.7933612898783374,-0.6136987449184976,-0.2770246880180474,-1.0357458890816678,-0.8177176958673952,-0.6043528672675491,-0.08200549336504998,0.9587239960437993,1.3371514210252706,0.9099901529132779,0.8038267854512828,1.5214221626769286,1.2745623934068555,0.6817421706862145,1.3376276710900281,1
1.932423770809123,-0.7462318004251005,-1.8929150543297122,1.478524768348486,1,0,0,1,0,0,0.17326191857018283,-0.4373373192716908,-0.7839013350458762,1.6343429162835204,-1.7164136830796295,-1.5993977695372847,-2.713512113598468,-0.8375811967022103,-0.08746341510755036,-1.7470053881300103,-1.6116119516278782,-1.829161663276443,0.3794827805517251,-0.5799228389339894,-0.5764520149301559,0.4294167337095051,0.22622508366499464,0.5653616794875775,-1.31232147264129,-1.1932138872518323,3.193752580526984,0.5721295042147159,0.5510878230798996,2.584412492438572,2.647140108664067,1.1932138872518323,1.312321472641289,-0.5646101035717058,-0.5596729573423944,-0.082039177885424,0.14983524623193267,0.2397152668543526,-0.08799472517957138,-1.3619827281933365,-1.0391903727935126,0.139780294854656,2.9156416655232156,0.5034643620605421,-0.06782390615699217,0.22277777048941236,1.2776739910950803,0.030432725387320277,-0.9479482933959068,-1.4336869776455579,0.5334696962929761,0
0.6988111776617119,0.6194597960623787,0.27967722576327125,1.478524768348486,1,0,0,1,0,0,-0.05387894750420167,-0.3547682841449209,-0.7711081536284979,1.5388657234591079,-1.447150066201373,-1.462109612140739,-0.8436414385369506,-0.03906899536555129,-0.2615867292965127,-1.64205370071376,-2.007920239023847,-0.8717988761236642,1.8697060653877635,-0.6689160846217859,0.33496309046611905,-0.9285968382777781,-1.3197740959181798,-1.547666822143143,-0.47959406901947754,-0.7133741297612541,0.504730886639003,0.38918209301980045,-0.5755524467758382,0.9096432114405425,1.099399227643864,0.7133741297612541,0.4795940690194761,-0.7874302125521474,-0.03432821836595151,-0.9281168518425269,-1.2068173057074962,-1.5695224381040902,-0.43454965705011084,0.2692014673650073,0.5664865349208381,-1.4104971262332722,0.3898463742377325,0.27583454506891375,-0.22291858513165644,-0.47740088330094144,-0.11002139686175369,0.7600658542737248,-0.5363722402842841,-0.8769950965056176,0.16231986177126023,0
1.6497208848795075,-1.4419614816545723,0.27967722576327125,-0.13478617003801185,0,1,0,1,0,0,-0.571255364673633,0.21216699225367497,-0.2849672597681238,-0.24048196099585453,0.49039941067378034,0.34902080302541705,1.5017378447807208,-0.008349712899246792,0.3223684330780048,0.76987142692682,0.5825394168253795,1.7686925482003126,0.2949870467310092,1.2905395058357882,0.11278913116950973,-0.2814859325889407,1.1217626041896651,1.149556608642651,1.7556215933338128,0.6710815639820534,-0.7987111612520575,0.1244499186045792,-0.7235546632761007,0.07227396628016068,0.36498851299767293,-0.6710815639820534,-1.7556215933338135,1.217950768271826,0.11577027848446049,0.04532735367801011,-0.10857476366129187,0.3421249482670949,0.5736101447550955,0.6769975162545934,-0.09793149585751397,0.2638024885416898,-0.7481493064513315,0.12408133374116129,0.03253147435602734,-0.3477381696360611,-0.29617565622181696,0.9821281108913258,-0.7010026615289333,-0.48731077970765985,0.2860364732784985,0
0.44180855408933456,-0.1535731830814779,2.452269505856255,1.7718540298733036,1,0,0,1,0,0,-0.5838743016777656,0.22670379421261333,-0.6559695208720935,0.2571567409980537,-0.1581902790310473,-0.02438509738538309,0.9060070891767094,-0.3809452705790876,1.7794011563246475,-0.5305540188335719,0.18513513450774907,-0.003966522636354307,-0.02722336404970037,1.768482042813814,-0.6636328777424075,1.5896767796983826,0.6075460473446852,1.3030940241097237,1.3564759393421526,-1.3507461849940225,0.5072215076331325,-0.14195350951415744,-0.8350291352347168,1.3191765115882583,1.031532945839264,1.3507461849940225,-1.3564759393421533,2.0535261769484814,-0.40957446049198204,0.8641121994429487,1.6486133036126354,1.8782701694582253,-0.18250970659880966,0.2692014673650073,-0.319404172783631,1.13195784435093,0.41760236644966076,-0.17942508891434333,-0.14080963743918734,-0.5422322401333817,-0.025405824425361403,0.728342674756924,-0.37174181903963527,-0.9326642846196119,-0.5181215015185524,0
0.8016122270906633,1.4955638390920825,-0.4445202009343899,-1.6014324776621007,1,0,0,1,0,0,-0.44506599463230834,-0.13090153397727022,-0.7966945164632545,1.9468137291634162,-1.212359097970957,-1.6052112745736207,0.3006849310599216,-0.6319161065338723,-0.9706598861562035,0.0987585874166201,0.058810684818682166,-0.7904293539236085,-0.3826236502969299,-0.5621649951458859,-0.6750572720180359,-1.3561236818517952,-0.49870068964634245,-0.34517579211453114,0.19997699316119485,-1.276386111883534,-0.9798183554832893,0.19106713165099293,-0.03584893451754431,-0.6279195473723898,-0.41345374855760547,1.276386111883534,-0.19997699316119558,-0.5367575899491508,-0.6347222057676005,-0.018355912103706302,-0.7158382869103699,-0.8526546682148961,1.2037100208833493,0.5138790966987595,0.4557501964577793,-0.10826409251941274,-0.8314172830871166,0.4275877563966659,0.7167727051266096,0.585833368751077,0.27921023634565156,0.6014499566897238,1.7684536571408034,1.127095675598167,0.16231986177126023,1
-0.7147032519863632,-0.8493028643109486,-0.8790386569529866,0.3052077222492148,1,0,0,1,0,0,-0.1295925695289965,-0.33557970555912225,-0.7583149722111197,1.2379679036488378,-1.2922481779456862,-1.2148120517489158,-0.23634246161444886,0.5304425473146183,0.054907931727244064,-1.1552423649603163,-0.9633606129995121,-0.47152887109914277,1.133953177531321,-0.1685882770596519,0.8610521087489968,-0.47802676992525495,-0.40723854225873,-0.2836848549200311,-0.5252107151899527,-0.12221154853286169,0.1601885260653814,0.13453405731969645,-0.555431785146677,1.1568471376033986,0.9754529323622579,0.12221154853286169,0.525210715189952,-0.28608496734615396,0.5660657690356972,-0.5278220383574467,-0.6770767854263857,-0.7843815472730677,0.038025250046078915,-0.22015379130249568,0.012804842605544792,-0.29429738304996345,0.1400424443303771,0.12408133374116129,0.0051618251252043045,-0.2829068128036209,0.17767154942198057,0.6331731362065233,-0.9479482933959068,-1.0996718489615938,0.7190446135538346,0
-0.09789695541265715,-0.05050211919562982,-0.4445202009343899,-0.4281154315628296,0,1,0,1,0,0,0.2868323516073751,-0.45536295370077434,-0.6175899766199587,0.23111750659139568,-1.0278098451748567,-0.5288184574612904,0.2259613927787674,0.4800190957460225,-0.6272387631830121,0.0879925499014247,-0.14529185180962492,-0.6669157893789055,-0.11783284452602166,-0.614131243150454,0.44836343976766346,0.41259299857250814,-0.41202102080887537,-0.07404398709471256,-1.0117882743416888,0.09388569754642515,-0.9278375192372806,-0.20968062203672383,1.2720725751424062,-0.5274252494107629,0.11659698125586285,-0.09388569754642515,1.0117882743416882,-0.6481676444393714,0.26586877533487285,-0.38226028799923456,-0.12149526415595328,-0.27233314020935756,-0.40304466324369825,-0.8726274695258333,-0.5408768497097485,-0.046252995675895824,-0.8314172830871166,-0.1035484832504671,0.31535118307453414,0.9488889670127426,0.65151875506577694,-0.4136917878478824,-0.12479618717266176,-0.09762646290970158,0.5953280020465953,0
1.6754211472367457,0.4648532002336079,-0.15484123025532542,0.5985369837740325,1,0,0,1,0,0,-0.7983962307480176,3.5381872804587706,-0.3233468040202586,-0.2260157196588223,1.725931180924437,2.895783201635605,0.4827079172082774,-0.425484550910429,0.5704242387265711,1.1282022738501671,1.462854687808551,0.7095580071324928,-1.2870176782279328,0.01577430182159916,-0.4536131231910466,0.7876232263442045,1.643519749615203,1.8390954101780728,0.27586209560863995,0.6941558255444424,-0.655455612774459,0.12957123018374217,0.011696340717205178,0.10555756368309266,-0.10626402170869712,-0.6941558255444424,-0.27586209560863995,-0.11896988561082296,-0.5596729573423944,-0.5005292101652823,-0.04397226118798574,0.615217432034406,-0.5920746260821743,-1.3619827281933365,-1.592872065108806,0.20179139169817292,-0.47058938433204756,0.4275877563966659,0.8992370333320981,0.7673611678819103,0.7699805564767266,0.41111087958892223,0.2044646553166367,0.6260729825722207,1.1520527538291696,1
1.110015375377516,0.18140777454752677,-1.168717627632051,0.3052077222492148,1,0,0,1,0,0,-0.5207796166571032,0.05807689148892839,-0.8478672421327675,6.578904205281132,-2.1302124045540363,-5.039651172962777,-0.042644850260232986,-0.07698439292244418,-1.8378153586988186,0.008749896509493578,-0.285995227514399,1.3008037842993918,0.6076214370355459,0.26010645963115603,-0.8283587941784526,-0.8739345899765065,0.9727786930348388,1.1325434229847264,1.5875602653373244,0.19961827368027837,0.31919401210013243,-0.7241681602457564,1.6341351815244216,0.9527701543978956,1.4775160235145528,-0.19961827368027837,-1.587560265337325,0.4102278732177254,-0.6347222057676005,0.6184767457134681,0.03355074177998182,0.4274663494443799,1.7392949155923647,-0.05703537174666111,-0.7069813574043363,0.44983577907224165,-0.026493508941193386,-0.9381911455531051,-1.0896241441077272,-0.2051091846046925,0.17767154942198057,-1.4922798914190887,-1.6887851889968277,-1.823371294443516,-0.5181215015185524,0
0.72451144001895,0.18140777454752677,0.27967722576327125,0.5985369837740325,1,0,0,1,0,0,-0.7100636717190902,0.8808598823648394,-0.7455217907937414,1.0122945387911353,-0.08065639712306966,-0.10487978250387892,1.7503840698839754,-0.3453083252386817,-0.2965843269196355,1.2009430109787305,0.8852981610631582,0.9901077924296267,-0.8996997001276389,2.0444582057685943,-0.22853326230796286,-0.30112912434206873,1.7493731526624705,1.6596921613136149,2.346948488136269,-0.9772859963810728,-0.3911531081585785,0.24500690786717977,0.10283498135117253,0.11225194313724747,0.4694353949414035,0.9772859963810728,-2.3469484881362694,1.8307060679680403,-0.25947596364157,-0.1457224436671417,-0.2765412700918884,0.4103980692089227,0.4790951633358572,0.02452383803125581,-0.8730858650989243,0.07776919801113909,-0.3040534310604773,0.35171115073279,0.3518440487156324,0.35244048415429274,0.38074892326932136,0.5380035976561225,1.0276167615398821,0.5704037944582268,0.5334696962929761,0
0.7502117023761872,1.4955638390920825,-0.4445202009343899,-0.8681093238500562,1,0,0,1,0,0,-0.785777293743885,2.663071802530682,-0.630383158037337,0.2455837479284279,0.9787998169698778,1.8582961489972138,0.8759536040858439,1.1745976133804714,-2.71454781841948,0.8141322842040808,-0.18935855516414757,-1.0644988766374708,-0.13354574723705265,0.3153429007522506,0.23902139136609654,-1.2336989223756025,1.3793588018320762,0.9310455866703582,-0.671183982935474,-0.7861774033115495,-0.9029478986967536,-1.3727257039495104,2.4711293661526867,0.2679083836475112,1.1551601977955477,0.7861774033115495,0.6711839829354733,0.32667033235006016,0.26586877533487285,0.13630344765189217,-0.5349512799851129,7.593435579547688e-4,1.2037100208833493,-1.1988643086375024,-1.0945585420250417,0.3258135853852078,-0.7481493064513315,-1.1658209625447336,0.7532655707677065,2.0380557617977377,2.0561372575098895,-0.9529858396334858,-0.28942660841731066,-0.6543183440496418,1.0283361423219313,1
-0.48340089077122306,-0.7462318004251005,-1.168717627632051,1.478524768348486,1,0,0,1,0,0,-0.6974447347149578,0.7413065835590311,-0.7839013350458762,1.6343429162835204,-0.4103053301724193,-0.6929381765640014,-2.271661863327063,-0.2604368930234185,-0.8291985184844624,-1.7323067503321121,-2.0639426877793037,-0.4912475131514558,1.101922949377423,-0.2310149259226679,-0.09898799198833258,-0.7236640428997976,0.24373991501867973,0.030928883795225664,-0.24010667662448304,-0.4318681387001143,2.927973727321298,0.2582938116088119,0.4063295798630139,2.5819229880038477,2.71342261290494,0.4318681387001143,0.24010667662448232,-0.28608496734615396,-0.18442671521636386,-0.2821865846279648,-0.5995537824584191,-0.47715250303484213,0.29006520049738066,-0.38327221085833024,-0.319404172783631,-0.29429738304996345,2.776861704463574,0.27583454506891375,0.10551720563822252,0.30057539868834077,1.3622895635314727,0.37938770007212164,-1.1125787146405561,-1.378017789531564,0.904619530814692,1
0.8016122270906633,-0.1535731830814779,-0.4445202009343899,1.7718540298733036,1,0,0,1,0,0,-0.44506599463230834,-0.13090153397727022,-0.6559695208720935,0.2571567409980537,-0.44668348920382583,-0.2994086048735772,-0.7146395387604644,-0.7210793227435724,-0.41002815219429234,-1.6297498706673725,-1.1918984743926981,-0.6427709371994796,0.9933633129112577,-0.4737978466954039,-0.7764598413637281,-1.3543711630346333,-0.7581541591458593,-0.6228512956456769,0.19616880564547262,-1.0712207285677868,0.5203104490733458,0.21186357616603108,-0.8004901837187635,1.449914246374899,0.9414333290582926,1.0712207285677868,-0.19616880564547334,-0.3139374809687093,-0.5596729573423944,0.7185504490847379,-0.1602567656399366,-0.4430159425639276,1.7392949155923647,0.9216751455883455,0.8986955503100138,0.44983577907224165,0.6118943119331598,0.35171115073279,0.44307621281837667,-0.06248019957332482,0.5161338391675497,0.9821281108913258,-0.12479618717266176,-0.5986491559356475,0.16231986177126023,0
0.3647077670176212,-0.8493028643109486,1.0038746524609323,0.3052077222492148,1,0,0,1,0,0,-0.5333985536612357,0.07261369344786675,-0.7583149722111197,1.2379679036488378,-0.7344913508946546,-0.9008827797867822,-0.14809209309439503,1.1554736301975075,0.22873695306884337,-1.1695103194296368,-1.0161785188333414,-0.34893348096741333,0.6510439291357618,-0.04385740443539741,2.1982525816932172,-0.7174185168073306,0.0023642542560563026,-0.40933395790934823,-0.04921092906325296,-0.42709685071602743,0.1621038586531964,0.616237359746482,-1.0336274993917574,1.582277345084565,0.9214469032985827,0.42709685071602743,0.049210929063252244,-0.03541234474315745,2.067050737539819,0.05442496307539909,-0.3282232720705331,-0.3064697006802721,0.29006520049738066,-0.05703537174666111,-0.04256332662598434,0.07776919801113909,0.19555442875423396,0.6552175733882943,0.20587258615124074,-0.37367071236903754,0.24536400737109418,0.9186817518577256,-0.37174181903963527,-0.5986491559356475,0.904619530814692,1
-0.04649643069818187,1.6759382008923163,-0.4445202009343899,-0.13478617003801185,1,0,0,1,0,0,-0.596493238681898,0.22961115460440099,-0.822280879298011,3.5236340348999278,-1.2263655233388107,-2.5465518977649193,-0.8269535928249188,0.41152720502951556,0.27302000991494163,-1.366578198051232,-1.231286008146935,-0.6317756760376955,0.702729901052255,-1.0425392358011467,-0.2687765644247182,1.092850665243345,-0.450019986743686,0.12197809006560881,-0.24010667662448304,-0.6235317921885499,0.10820618055810556,-0.8340884657932329,0.724982024674989,1.3999268658353743,1.719819977851541,0.6235317921885499,0.24010667662448232,-0.9545452942874786,-0.18442671521636386,0.23637715102316323,0.7829397704703327,0.5469443110925782,-0.37153966943728567,-0.38327221085833024,-0.319404172783631,0.5738579727592754,0.08453045990652028,-0.7864379342253526,-0.02220782410562002,0.35244048415429274,0.9222885868622325,-0.09645999267988113,-0.9479482933959068,-1.266679413303576,0.7190446135538346,0
0.18480593051695732,0.18140777454752677,0.5693561964423357,0.3052077222492148,1,0,0,1,0,0,-0.7226826087232228,1.0145984603870721,-0.8478672421327675,6.578904205281132,-1.4576827254211728,-4.304019189518745,-0.4021240307798796,0.8185428316273369,-1.3588416174863975,-0.3628464878195629,-0.661491557317688,0.5080840176624896,1.1489240438470951,-0.2861102130109743,0.14942449812980005,-0.2473147075680046,0.37069899178649535,0.6249447323897527,0.633698674005907,0.06447137185505257,0.2732852998769318,-0.9737855427136379,1.609054582401187,0.8577609708084697,1.470108317256487,-0.06447137185505188,-0.6336986740059076,-0.14682239923337803,0.340918023760079,0.6002815269186915,0.369483754641173,0.512807750621665,1.0146800580448727,0.5138790966987595,0.2342775195316623,0.8839134569768611,0.0012624832707351544,-1.0899443568808573,-0.8615437338508666,0.002351157259115363,0.34690269429476517,-1.2702176348014877,-1.6064699783745033,-1.7677021063295222,-0.2706882785040748,0
-0.48340089077122306,-0.1535731830814779,-1.168717627632051,1.7718540298733036,1,0,0,1,0,0,-0.6974447347149578,0.7413065835590311,-0.6559695208720935,0.2571567409980537,0.2353521624461214,0.37138043778055474,-1.117325901967155,0.0319426222604772,-0.10172802781609881,-1.2303388031639693,-0.7296853396446247,-0.25589362761815654,0.7370746000722908,-0.7143102890421218,0.0504880716782487,-0.6172460102955427,0.12341895372705396,0.4372940955596371,0.4407888507730546,-0.7861774033115495,0.8399384410640288,0.006735590365311348,-0.4812070914350018,1.7844884700764483,1.3755592505060676,0.7861774033115495,-0.4407888507730553,-0.3139374809687093,0.7912135143113154,2.256046437243345,1.4935672976767,1.4856997240427134,2.7474547173975705,1.0032343553662626,0.8433273810784847,2.3721797812212735,1.3057941172313696,0.5034643620605421,1.5196157492307591,0.9877877811122063,1.7515211967388769,1.6800380602609295,-0.28942660841731066,-0.6543183440496418,1.646919199858125,0
1.2385166871637046,1.0832795835486928,1.0038746524609323,0.3052077222492148,0,1,0,1,0,0,-0.00340319948767178,-0.373375390652362,-0.16982862701171944,-0.31859966421582847,-0.14339691136092045,-0.04093122710418501,2.416924785191884,0.2787665607681846,-0.01920596404196723,1.423465743316378,0.8003323945474988,-0.4549236988445642,-1.2798923586830226,2.6176029601088446,-0.23105335005857933,0.613118836360636,1.561409596815911,1.2240281590023232,-0.018359091073560794,-0.6022533438160685,-0.7453147128161361,-0.614080027085361,0.642380497836245,-0.3747433567176365,0.15455394955276652,0.6022533438160685,0.018359091073560086,2.9448066128702477,0.04072103005925432,0.8732098088403377,1.093031782342202,1.7758604880454831,-0.05648973137315825,-0.7910682597479163,-0.8730858650989243,1.069946747507413,-0.6926373220274746,-0.5588081172337243,0.06902433999712428,0.39133929825375646,0.2115177783965368,-0.09645999267988113,0.6160407084282594,0.3477270420022505,-0.20882997275045564,1
0.46750881644657266,0.18140777454752677,-0.8790386569529866,2.505177183685348,1,0,0,0,1,0,0.3877838476404349,-0.4681553394246401,0.46983044385719386,-0.48177886649755186,0.03456872372093585,0.01228470361304279,-1.6316465321255802,-1.4855480032312995,-0.6885530375179048,-1.3012092903534371,-1.1750126391247155,-0.11464059865459916,1.179008601882079,-1.3866557780850999,-0.06664185594388441,0.025273503438365992,-1.7024025723450658,-1.1196257258981643,0.14187142235678196,-0.2970624528398517,0.8833141066051443,1.9722009070041662,0.9666725025384553,0.06977655506213656,0.4344773743655509,0.2970624528398517,-0.14187142235678266,-1.2609229441355856,0.11577027848446049,0.5729886987265271,0.49868875958778525,-0.2552648599739003,0.5736101447550955,1.247911984700014,1.2862727349307197,-0.046252995675895824,0.9727222106882286,2.096873081001942,0.4521994292286506,0.9099901529132779,0.8884423578876751,-0.2233527107470814,0.2044646553166367,0.06938110143228039,0.6571863078002155,1
-0.5605016778429365,-0.5916252045963298,1.0038746524609323,-0.8681093238500562,1,0,0,1,0,0,-0.06649788450833415,-0.36756066986878666,-0.10586271992482811,-0.3591051399595187,-0.033244580341518795,-0.0051558114959646415,0.13713149533651176,0.5848371702242335,-0.541395054698438,0.9773932817841098,0.6107478180917942,-0.8036723648425346,-0.7921171239113018,-0.27329826986285816,0.4192335537942056,-0.020136625813208214,0.12798400790964642,-0.10614913234495613,-1.0726104692356557,-0.032311248161723795,-0.46376109348782274,-0.3827283990570548,0.7198698096409756,-1.1934885161080515,-0.8976360429656768,0.032311248161723795,1.072610469235655,-0.20252742647848845,0.491016520610491,0.28186519801010423,0.22735824919990022,0.2738518273252659,0.006520256239666901,-0.46483142063624716,0.012804842605544792,0.5118468759157585,-0.16527347000083534,0.04820472807728505,1.455753234358838,1.675000163536073,0.9730579303240674,0.31594134103852145,1.1922471827845313,1.2941032399401495,0.7809029193074537,1
0.2619067175886707,1.572867137006469,0.27967722576327125,0.5985369837740325,1,0,0,1,0,0,-0.3945902466157784,-0.1745119398540853,0.32910544826603294,-0.45747558105133773,0.6320023181836484,0.2193349214456182,0.2860060585797707,1.1223285226519646,-0.7147992387766111,0.5481857296653961,0.04856954321798196,0.3693865408151537,0.21844444371485033,0.5097780369063246,1.9651133219215573,-1.1018328111660034,0.7938804545965811,0.07636469659000825,0.271474372857786,0.23455420748543962,0.11166582133082593,0.42817626757550636,-0.1300812095467322,0.04663471442877927,0.011412478114362924,-0.23455420748543962,-0.2714743728577867,0.6887530094432773,2.2171492343902317,0.7003552302899613,-0.031051760693324323,0.2909201075607231,1.0776900456576979,0.18764225758709038,0.06817301183707392,0.6358690696027934,-0.24854144663662048,-0.1035484832504671,-1.308581337954314,-1.164613265724808,-1.0746389226366257,-0.857816301083085,-1.1125787146405561,-1.1553410370755877,-1.5078543935764617,1
-0.27779879191332196,0.8256019238340739,-0.15484123025532542,-0.4281154315628296,1,0,0,1,0,0,-0.34411449859924853,-0.2169594015741853,-0.041896812837936774,-0.3648916364943316,0.3147588113567917,0.11513902348667636,-1.237907633044966,-1.240148918098394,-0.08485897385562684,-0.6866385532850732,-1.232491542194215,-0.20886189204676828,1.4562899078106335,-1.036313049232335,-0.3784050495400505,-0.4953276746000886,-0.790201205588633,-1.3586774609448584,-0.5816436795245596,0.2920044097428146,0.685868909473248,1.3230654379187827,-0.38175148370116024,0.14405439838533785,0.2758152718124115,-0.2920044097428146,0.581643679524559,-0.8709877534198129,-0.10937746679115769,0.8823074182377254,0.459927258103802,0.10316902497069583,0.29006520049738066,1.0032343553662626,1.5077454118568363,0.3258135853852078,0.7506742729928018,1.413983630027056,0.3700904815361815,0.10608132819102022,0.1607484349347019,0.7917890337905242,-0.4540570296619595,-0.3759724034796717,0.5953280020465953,1
1.726821671951222,1.572867137006469,-1.168717627632051,-0.13478617003801185,1,0,0,1,0,0,-0.07911682151246661,-0.364653309476999,0.3035190854312764,-0.4516890845165249,0.2628822971985799,0.06863098319598987,0.34300023326556645,-0.7410811389545241,0.8665696600542301,0.37098192819995474,0.016791142808478505,0.05441894012628307,0.039062343940272894,0.09960746916949688,-0.10253152936398884,-0.3855925447649144,0.26428660890674566,-0.14127540783643522,0.2857518833962749,-0.20918429502488586,-0.37742356435207375,0.9144432852380505,-1.5721130766350722,-0.23911057387946644,-0.15975724673875707,0.20918429502488586,-0.2857518833962756,-0.17467491285593337,-0.40957446049198204,-0.9918001176242447,-1.0130097982875779,-0.8697229484503528,-0.6865896075014126,-0.22015379130249568,-0.3747723420151606,-1.1624527388592034,-0.4150773999081907,0.7310941790521709,-0.2685346671830286,-1.0090180093269512,-1.0238695791747903,1.1724671879921262,-0.04248097655033679,-0.15329565102369538,-0.6418381130257917,0
-0.6890029896291251,-0.07626988516709207,2.452269505856255,-0.4281154315628296,1,0,0,0,1,0,-0.33149556159511606,-0.21812234573090036,0.11162136417060241,-0.4053971122380218,0.4112177753210872,0.14554812675366366,0.589556980360381,1.3999878691898189,-0.41247859672626974,0.8367891642730659,0.5592787660388114,1.2105741789057725,0.1764312309743629,0.4245552322803035,2.0417381025897177,-0.1644512203335574,0.4182303581776818,0.5256982723297519,-0.2682155254971324,1.9170916883510314,-0.395582746886494,0.12384112385242767,0.3986144430196029,-0.7157381118537883,-0.2138477430039826,-1.917091688351032,0.2682155254971317,0.5216379277079463,2.142099985965025,0.43652455776570404,0.279040251178545,0.4445346296798359,0.6681251261743327,-0.05703537174666111,0.06817301183707392,1.0079356506638961,-0.4150773999081907,0.04820472807728505,-0.1864257194905595,0.04124997135858002,-0.24540631275998087,-0.15990635171348128,-1.1948939252628807,-0.48731077970765985,0.2860364732784985,1
1.7011214095939837,0.5421564981479937,-0.15484123025532542,1.0385308760612593,0,1,0,1,0,0,-0.11697363252486404,-0.3501165075180606,0.29072590401389814,-0.4511104348630436,0.2893736464691589,0.07936360787845599,-0.7973137386532422,-0.4136951940740702,0.16121279703211852,-0.5846989643707932,-0.006582878286687894,-0.21954464813611677,-0.10908984313930369,-0.9920592308509331,0.01853630230649743,0.5541218288516917,-0.9366569496618865,-0.5465813297530585,-0.3305796915292576,0.02843219803499119,0.11743026797683725,0.5863788975833091,0.33645570448692064,-0.13888241845239868,-0.5250722209047034,-0.02843219803499119,0.3305796915292576,-0.9823978079100336,-0.10937746679115769,-0.3731626786018469,-0.04397226118798574,-0.40887938209301433,-0.5605696322757617,0.10608304780917345,0.2896456887631914,-0.23228628620644656,-0.026493508941193386,0.35171115073279,-0.47836864461934153,-0.24400799870415715,-0.2792525417345383,-1.016432198667086,0.2044646553166367,0.23638866577426285,-0.5799798072721716,1
1.0329145883058024,-0.7977673323680251,-0.15484123025532542,0.3052077222492148,1,0,0,1,0,0,0.8799223908016013,-0.5687500089804935,0.764073616456894,-0.5506381752618252,-0.056370764653512255,-0.011863701922505961,-0.455262224681229,-0.024893701684376338,-0.3528971222451426,-0.6110678910189319,-0.5722987330392797,-0.34141080138523755,0.9026563329067551,0.6330553385156087,0.9849060911862296,-0.6003142636372231,-0.2278497874466848,-0.558551445809641,0.387122208219553,-0.8495867060811616,1.265594640911847,1.0208246878813818,-0.12083575263583908,0.5995813490311592,0.19869960821828975,0.8495867060811616,-0.3871222082195537,0.8837206048011639,1.3165582532877582,0.9096002464298897,0.42116575661981864,0.3079883877961804,0.8256500952063961,1.6557080335896,1.5631135810883663,0.6358690696027934,0.9727222106882286,0.7310941790521709,-0.47836864461934153,-0.46443461193445323,-0.21156008378542468,-0.4771381468814831,-0.04248097655033679,-0.4316415915936655,-0.8274130302866491,1
0.7502117023761872,1.2378861793774645,0.27967722576327125,1.0385308760612593,1,0,0,0,1,0,-0.6974447347149578,1.0262279019542229,-0.016310450003180245,-0.3689421840687006,1.1681743538733984,1.074367354482085,-0.7197252736097164,-0.022980406746375224,-0.6816812860307727,-0.3029812107005951,0.02904565239812894,0.9042548768935161,0.4397523067114072,1.7195847646231712,-0.1398335485874244,-0.2459041024136052,1.3570779582668884,1.4033842988590854,1.8079685643491117,-0.5598254073642694,2.71898434857228,-0.10854084983779556,0.6847712464378883,1.7549633420328383,1.3323708505894243,0.5598254073642694,-1.8079685643491121,1.5243284181199328,-0.18442671521636386,-0.16391766246191838,-0.26362076959722697,0.2738518273252659,0.4475901695294441,0.2692014673650073,-0.4855086804782194,0.07776919801113909,2.9433976577351446,0.12408133374116129,0.7258959215368835,1.0007540524786946,1.7515211967388769,-0.2550758902638815,-0.5363722402842841,-0.8213259083916238,0.7809029193074537,1
0.46750881644657266,-0.7204640344536393,-0.8790386569529866,-0.8681093238500562,1,0,0,1,0,0,0.3877838476404349,-0.4681553394246401,-0.2849672597681238,-0.2763582395116944,-0.5168887523168082,-0.1464687031484351,-0.822431156731062,-0.7466573842212056,0.25287052057940007,-0.9140466044901713,-0.4942237349743543,0.6311506886443713,0.8120532548252558,-1.3416873935939762,-0.18046567543214456,-0.0058254974504319285,-1.6034839246526258,-1.158254411147425,-0.10413398130864084,0.9640930772469049,-0.19698769143007216,0.84402414017747,-0.35153653597347567,-0.3551692181130821,-0.48829493600575885,-0.9640930772469049,0.10413398130864013,-1.2052179168904753,0.04072103005925432,0.7003552302899613,0.5891322630504142,-0.135786898325702,0.5736101447550955,1.0032343553662626,1.1755363964676604,0.015758101167622184,-0.22078545442469194,0.7310941790521709,-0.12256320461863823,-0.2829068128036209,-0.39771434314548676,-0.0012904541294803558,-0.28942660841731066,0.18071947766026855,0.16231986177126023,0
1.5983203601650333,1.1348151154916164,-0.4445202009343899,-1.161438585374874,1,0,0,1,0,0,0.16064298156605036,-0.4193116848426072,-0.5536240695330674,0.06041585881441555,-0.7955674466542484,-0.3691706653096069,-0.7612845014419296,0.41892672597833436,0.07463830741748322,-1.0579127931786723,-1.9117832338204384,-0.6822115390928519,2.511158169189328,-0.8088810266432792,-0.3834770537485368,-0.7812408245788296,-0.5533698312910136,-1.5929805922690956,0.2696932180777363,-1.1979336225714128,0.250360239906972,-0.9591489727660625,-0.887104752761619,0.880459880562986,0.9301763355585629,1.1979336225714128,-0.269693218077737,-0.8709877534198129,-0.5596729573423944,-0.7188718357025985,-0.9742482968035945,-1.1086788717467513,-0.9071245641463012,1.7372672433675176,1.7292180887829538,-0.9764194483286528,0.4731143508735179,-0.7105613285614767,0.8992370333320981,0.2487103132223888,0.600749411603942,1.870377137361731,0.03983423407198747,-0.48731077970765985,0.7809029193074537,0
-0.27779879191332196,0.1298722426046032,-0.15484123025532542,0.5985369837740325,1,0,0,1,0,0,-0.34411449859924853,-0.2169594015741853,0.08603500133584588,-0.397874666742765,0.4103288121104284,0.14062900710753337,-0.6450429805716561,-0.49586889388848937,0.35372818234481157,-1.1560581033577488,-0.8564065866276684,-0.49347052620671533,0.5866249732519911,-0.9523748303046476,-0.45955120544900974,-0.4621620629978769,-0.7269439576658484,-1.1542664268405884,-0.40749033797582196,-0.26889098598050765,-0.05465374237802813,0.22022730933987425,-0.9479865778030336,0.8409347303185754,-0.013546000124367366,0.26889098598050765,0.40749033797582124,-0.8152827261747027,-0.25947596364157,0.6366719645082435,0.279040251178545,-0.03337721691295973,0.25856020669096863,0.9216751455883455,1.2862727349307197,0.139780294854656,-0.16527347000083534,0.04820472807728505,-0.43275256256796935,-0.8274902101961188,-0.48232991558187904,-0.0647368131630805,0.4514102871836102,0.3477270420022505,-0.1469716669968365,1
0.6731109153044746,1.572867137006469,1.4383931084795292,-0.13478617003801185,1,0,0,1,0,0,-0.4955417426488382,-0.06693960535794147,0.3035190854312764,-0.4516890845165249,0.7885216736685329,0.29759364308860026,0.4946226288377668,-0.33894953365245084,0.4736137812294503,-0.2839991169632268,-0.5433760361406764,0.09344241879562838,0.590698586934532,0.30813719398525585,0.34690427469202456,-0.7808403310017202,-0.24916830965969797,-0.690780804135024,0.7902460580981725,-0.656312104546159,-0.3798977522884578,0.8127399591792731,-1.4321151337985283,0.13659345430153444,0.0320024536846746,0.656312104546159,-0.7902460580981732,0.29881781872750485,0.340918023760079,0.06352257247278678,-0.354064273059855,-0.42594766232847037,0.25856020669096863,1.247911984700014,0.8986955503100138,-0.35630847989348147,-0.3040534310604773,0.8828473903799233,0.29710475025398503,-0.5162996974004062,-0.4315605721200442,1.489698983160128,0.5337254978059351,0.23638866577426285,-0.20882997275045564,0
-0.6890029896291251,1.7017059668637786,2.452269505856255,-0.13478617003801185,1,0,0,0,1,0,-0.33149556159511606,-0.21812234573090036,-0.13144908275958464,-0.34579619792944905,0.22184323841756592,0.09948727915807995,0.8723411362136135,1.144768335498892,-0.2696622863297026,0.8576366355422824,0.5793541557480176,-0.022266905179871895,-0.3036173540875191,0.34788685247004547,1.6474845530406756,0.0069684624076261515,0.5243051057699947,0.5334864356854682,-0.12528395424331848,0.09388569754642515,-0.8654071410804647,0.0791833922694432,0.3756400118364836,-0.6387197966360819,-0.23234310716367323,-0.09388569754642515,0.12528395424331776,0.49378541408539117,1.841902992264201,0.6002815269186915,0.5116092600824467,0.7176271134471482,0.5421051509486824,0.10608304780917345,0.17890935030013266,1.069946747507413,-0.8869292675109735,-0.1035484832504671,-0.5148615102604385,-0.2569742700706454,-0.48232991558187904,-0.44541496736468245,-0.12479618717266176,-0.09762646290970158,-0.3944048900113141,1
1.0329145883058024,0.38754990231922204,-0.15484123025532542,1.0385308760612593,1,0,0,1,0,0,0.8799223908016013,-0.5687500089804935,-0.630383158037337,0.2571567409980537,-1.342522765326158,-0.6361447042859515,0.2984586692992621,-0.5164446226243226,-0.13051554297574508,-0.4349274175831058,-0.6199654087411718,-0.49764654792776886,1.0368826787240966,0.41147417481262216,0.8564931575550119,-0.34847123944122343,-0.2646290100852527,-0.38358649545611206,0.22845561284398783,-0.9053100327574869,-0.0038738977297342317,1.566852495260285,-0.17176086965579543,0.32515728546972195,0.43148784100804954,0.9053100327574869,-0.22845561284398855,0.744458036688388,1.3165582532877582,1.2189189659410893,0.821701271954316,0.6664222727407777,1.0146800580448727,1.247911984700014,1.2309045656991897,0.9459245538203791,0.25106641317809053,2.020996475338066,1.0725781451273115,0.806259981981374,0.9053654723749538,1.1407440084753266,0.2044646553166367,-0.2089648391376897,1.1520527538291696,0
1.572620097807795,-0.2824120129387873,-0.15484123025532542,-0.13478617003801185,1,0,0,1,0,0,0.31207022561564,-0.4565258978574894,-0.3617263482723934,-0.21328542728223396,-0.5690568034191699,-0.18626885301258025,0.43796193356014684,0.9347658812591613,-0.8129525795128374,0.6890324899377775,1.057822950553616,0.6822640811694761,-0.9965170283015357,-0.2424407875874727,0.5531132022936563,-1.2958219591108329,0.3752221299481311,0.5217946343146703,1.0614552385657101,-0.12221154853286169,-0.8512407081556709,-0.7288988438687847,-0.19084269004637655,-0.5587746001944621,-0.8657907422959351,0.12221154853286169,-1.061455238565711,-0.20252742647848845,0.5660657690356972,0.14540105704928116,-0.5607922809744348,-0.3918111018575571,1.550264952753888,0.4323198869208419,-0.04256332662598434,-0.10826409251941274,-0.6371253376036178,-0.4070549059059717,1.1638103092300558,0.8710913388138142,0.5669031826293847,0.506280418139323,1.6038232358961542,1.6837875567381073,0.5334696962929761,0
-0.27779879191332196,-0.7204640344536393,-0.15484123025532542,-0.8681093238500562,1,0,0,1,0,0,-0.34411449859924853,-0.2169594015741853,-0.2849672597681238,-0.2763582395116944,0.08290004021266031,0.0467185411359549,-0.8685207928822707,-0.43675163110152415,0.07283651604472056,-0.6395689068506241,-0.8276694134402065,0.7141170080303196,1.3804668271646339,-0.7528095334574259,-0.7545130366253411,-0.05206022039163229,-0.27116875181555505,-0.5424586288939971,0.2567889334467663,0.7192902890320441,0.4555008888965903,-0.15639927645773943,-0.1518854582959391,0.5951300391490458,0.546405503270436,-0.7192902890320441,-0.25678893344676695,-0.5646101035717058,-0.4846237089171882,0.9459906840194431,0.7700192699756713,0.615217432034406,0.3530751881102058,1.5741488238116832,1.5631135810883663,0.44983577907224165,0.08453045990652028,-0.482931511569848,-1.0805009276974533,-0.9830854665939747,-0.7192535184037778,-0.5723076854318833,-0.9479482933959068,-0.7656567202776299,-0.5181215015185524,0
0.6731109153044746,-1.8284779712265005,1.1487141378004646,1.0385308760612593,1,0,0,1,0,0,0.1480240445619179,-0.42047462899932225,-0.20820817126385424,-0.30991991941360914,-0.2909908775408106,-0.08386172583404945,-1.781438453290142,-0.3080467341103603,-0.757310688501494,-0.8777757242074212,-0.8050469088213461,0.02946588458685276,0.5991673968723472,-0.652061729828277,0.5299242711280742,-0.13920612117273354,-0.5625677714404247,-0.6434444461233255,-0.05671543019588151,0.0964376253461333,1.8256011368846938,0.9536703116846074,0.8953803544483371,0.6279858018546741,0.41840214407693604,-0.0964376253461333,0.056715430195880795,-0.6481676444393714,0.41596727218528484,-0.18211288125669506,-0.22485926811324272,-0.42594766232847037,-0.2140147004052217,0.18764225758709038,0.2342775195316623,-0.4803306735805153,3.1723845934835535,2.2865645951616322,3.1275826415416272,3.302267220030321,3.4819096530630995,0.9266125467369252,1.0276167615398821,1.1966821607406595,3.255235149452228,1
1.0329145883058024,1.0575118175772313,-0.15484123025532542,-0.13478617003801185,1,0,0,1,0,0,1.031349634851191,-0.6024753895252305,0.16279408984011548,-0.4302790473377172,-0.41626263017388043,-0.13081695881983868,0.9065048664231362,0.5482138348285137,1.3395016662003167,-0.18218510266352117,-0.16136206065248387,-0.18251802903611722,0.2903920884060306,0.30948088769503995,0.6891643369820338,-0.09233546440744113,-0.5727858766869112,-0.7995124586415256,-0.10705812529392912,-0.14275387761029457,-0.951287427053715,-0.062050988912992634,-1.923931888198518,-0.3218443503362724,-0.5707897216792742,0.14275387761029457,0.10705812529392841,0.5494904413305014,1.0163612595869336,0.9277954652246664,0.7312577684916879,0.4445346296798359,0.3530751881102058,1.247911984700014,1.4523772426253072,0.6358690696027934,-0.9424412519348303,-0.17942508891434333,-0.3688900476960481,-1.2553771652902237,-1.277716296483967,1.0455744699249259,0.28677986593896093,0.23638866577426285,-0.76555472453303,1
-0.27779879191332196,1.7274737328352407,-0.15484123025532542,-1.161438585374874,1,0,0,1,0,0,-0.38197130961164594,-0.18207107687273325,-0.016310450003180245,-0.3747286806035135,0.3877053774361465,0.14957286100958847,-0.5424751279606997,-0.6634282054809529,0.25843297472518506,-0.37623097971159686,-0.23804232441410295,-0.10123405146412634,0.6191439806653879,-0.6872183811235867,-1.0988225945674992,0.06751087256756483,-0.3853732942425716,-0.35007792417817657,0.5174554829923397,-0.651277219968356,0.06766436156664361,-0.19020032105805001,-0.28544461779855695,0.12613421940177008,-0.032316275729995146,0.651277219968356,-0.5174554829923405,-0.5089050763265954,-0.8598699510432187,0.8641121994429487,0.7700192699756713,0.5640125913280355,0.4790951633358572,1.7372672433675176,1.5631135810883663,0.5118468759157585,-0.1375174777889068,-0.4070549059059717,-0.7429419205172992,-0.7626588533636787,-0.6684841749419423,-0.4136917878478824,0.2044646553166367,-0.09762646290970158,-0.9511296417938885,0
0.2876069799459088,1.0059762856343069,0.5693561964423357,-0.13478617003801185,1,0,0,1,0,0,0.6401625877230843,-0.5414208212976894,5.8429666391560655,-0.7722609925451588,0.975666649905711,0.18042915697167852,0.014946581957281085,-0.27722714254531355,0.20891121762560302,-0.5130268337443201,-0.6011325996800978,-0.322038895728691,0.2171272065690523,-0.16675579924293613,-0.2839585646765285,-0.3760493755988565,-1.1970757992589711,-1.5752397073877644,-1.3500596596423822,0.899750088678983,-0.1874040158316392,0.09603949683753057,-0.6634819894747379,-0.4939337164653902,-0.7564131580997384,-0.899750088678983,1.3500596596423813,-0.45320004908148526,-0.6347222057676005,-1.264728399545891,-1.232658306696819,-1.552454157868633,-1.1591645145976028,-0.46483142063624716,0.17890935030013266,-1.1624527388592034,-0.10976148557697851,0.19995793940503753,0.33359761589508324,-0.07544647093981212,-0.2623294272472596,0.4428340591057229,0.4514102871836102,1.0714264874841732,0.8427612250610729,0
0.9044132765196139,0.6709953280053031,-1.168717627632051,1.1851955068236681,1,0,0,1,0,0,0.5392110916900246,-0.4954845271074442,0.13720772700535894,-0.415812806000685,-0.2315852226212071,-0.059713320298500704,-0.31139154495284765,0.054091783516118236,-0.510995544677976,0.10274749218842506,-0.08823938065151177,-0.3176577609924306,-0.07090896319109542,-0.9334497676816943,0.6872337975365017,-0.7518068483486354,-0.249787992731043,-0.6446085586432607,-0.604544012877736,0.16633209230480636,-0.49969448599682514,0.6142130614927837,-0.05694535058744803,-0.38649073097760567,-0.5146192781837688,-0.16633209230480636,0.6045440128777353,-0.9266927806649233,0.491016520610491,-0.3458698504096825,-0.6641562849317252,-0.71610842633123994,-0.024984737566746233,-0.30171300108041293,-0.04256332662598434,-0.4803306735805153,-0.47058938433204756,0.5793409677244183,0.023408257945752128,-0.010615114107371936,-0.1607907403235886,-0.15990635171348128,0.03983423407198747,0.1250502895462747,-0.332546584257695,0
0.544609603518286,1.0317440516057692,-0.8790386569529866,-0.13478617003801185,1,0,0,1,0,0,-0.2684008765744537,-0.2815028022718716,1.0327304262218375,-0.5969301475403284,0.7724117512446539,0.2448249050664752,-1.551477212424671,-0.7076766981358096,1.083812624190527,-1.1719587077204676,-0.7754227765085928,-0.18737170569716632,0.6026160236047213,-1.4888680839386121,-0.2751779072024298,1.5894313922017087,-1.8519275871088816,-1.4400150238933047,-0.16027754582615011,-0.09659134035763388,0.669707384345441,0.6956412905705928,0.11561709977731405,-0.2530990886084575,-0.397806808109809,0.09659134035763388,0.16027754582614942,-1.4001855122483615,-0.25947596364157,-1.6069330893092284e-4,0.821701271954316,-0.05044549714841698,-1.2851844898232538,1.166352774922097,1.397009073393778,-0.17027518936292965,0.8616982418405155,0.9587239960437993,0.7532655707677065,0.7025298110494701,0.549980068142106,0.1890486229713212,1.0276167615398821,1.0714264874841732,0.5953280020465953,1
0.8273124894479005,0.5679242641194551,-0.4445202009343899,-0.8681093238500562,1,0,0,1,0,0,-0.028641073495936725,-0.36930508610385926,-0.38731271110714993,-0.19766188663823916,-0.3720129313295196,-0.13126415151494145,0.1307563472500588,1.090570326172057,-0.41242240368379063,-0.3565849595511833,-0.2802696020945975,-1.4849875384685876,-0.5949572910671077,0.30258711452787146,1.5404544792380077,-0.7590004029450348,-0.08771950119284169,-0.11134965143918485,-0.9306920144830665,-1.1022968805694087,0.12052159574741352,0.046351482598139516,-0.19892696517189098,0.39474211960113964,0.2556529470179009,1.1022968805694087,0.9306920144830657,0.29881781872750485,1.4666567501381707,0.08171779126756346,-0.3282232720705331,-0.34060626115118536,0.6996301199807459,-0.709509049969999,-0.3747723420151606,0.20179139169817292,0.16779843654230542,0.12408133374116129,0.2514886682026129,0.10608132819102022,0.2622871218583729,0.31594134103852145,0.8629863402952329,0.3477270420022505,0.038603250264021984,0
1.5983203601650333,-1.0296772261111817,-0.15484123025532542,-0.13478617003801185,1,0,0,1,0,0,-0.48292280564470574,-0.11636473201833188,0.4570372624398156,-0.48177886649755186,0.8461221345574672,0.28283628415020934,-0.22988428820684154,1.377808886870621,0.7176412484285215,-0.5109329570082696,-0.7161227634064319,-0.3593991670787422,0.45658316388248094,-0.282448184172342,0.5073848626999894,0.9278655157284618,0.19016598171731974,0.0277043818099747,1.1015997988414552,-1.582730866861833,0.03744080111609454,-1.382798919831913,-0.04862426742803014,0.8788027945013216,0.9580426018487239,1.582730866861833,-1.1015997988414559,-0.2582324537235989,0.491016520610491,0.06352257247278678,0.5374502610717695,0.59814915179895,-0.9386295579527137,1.247911984700014,0.7325910426154264,-0.23228628620644656,0.2927004014959832,-1.1278826597127956,1.0634549287170376,0.8710913388138142,1.2184430903896055,1.1248824187169264,1.6449808412073161,0.848749735028197,1.0901944480755505,1
1.0072143259485644,-0.12780541711001567,-0.15484123025532542,0.5985369837740325,1,0,0,1,0,0,5.776069948405,-0.7786614292675633,-0.6943490651242283,0.6101330296216397,-2.44464935169502,-1.0703688112307261,-0.8404767977259008,-1.464953032732309,-0.0726356891961982,-0.7431373620931098,-0.5273141463564204,-1.069333946544157,0.38566270361741084,-0.23858199328021926,-0.15843291871660087,-0.6746111499414621,-0.2916127748426136,-0.3856535496172469,-0.9813771768947055,-0.4851260289008703,0.9303151301519011,1.8519793920129823,-0.5786237259986905,0.7147723972271753,0.3090185861539997,0.4851260289008703,0.9813771768947048,-0.14682239923337803,-0.03432821836595151,0.381938901381374,-0.04397226118798574,-0.15285517856115927,0.7311351137871589,0.18764225758709038,0.7879592118469556,0.9459245538203791,1.194770148383656,2.2486262923296945,0.9357298989731951,0.45617065508619664,0.7361343275021692,1.0138512904081252,0.4514102871836102,0.23638866577426285,0.9664778365683122,0
0.6731109153044746,-0.46278637473902035,1.1487141378004646,-1.161438585374874,1,0,0,1,0,0,0.1480240445619179,-0.42047462899932225,-0.7583149722111197,1.4260290410302565,-1.5103730115032894,-1.4254398111423132,0.10702023946975218,0.5922341367103777,0.4904873249325256,-0.8330158253586026,-1.3895088140064034,-0.559554830969782,1.2237386619741313,-0.5533629018677318,0.7244476727697298,-0.23141135988134529,-0.728146871863162,-0.9729912574484669,0.12009793795335687,-0.8822777243979375,-0.7017279396142226,-0.08712416349591251,-0.9030587040596955,0.4033326645649202,0.856492925226523,0.8822777243979375,-0.12009793795335758,-0.5367575899491508,0.641115017460903,-0.06384395909064733,-0.173177266134598,-0.4430159425639276,-0.24551969421163483,0.6769975162545934,0.6772228733838963,-0.728375060954584,-0.44283339212011924,0.35171115073279,1.3736442866663687,0.6117659114840535,0.7530574419894479,2.6000102662481344,0.6983559190505837,0.29205785388825667,1.770635811365363,0
0.5703098658755232,1.5986349029779314,-0.8790386569529866,-0.13478617003801185,1,0,0,1,0,0,-0.36935237260751347,-0.2012596554585319,-0.5024513438635544,-0.11317903722997104,-0.1947706426892791,-0.06731559611524753,0.2683344705183679,0.1909002887255808,-1.3622037015861919,-0.09995495958736246,-0.4325746047127443,-0.33645866475311903,0.20549163514201776,0.03791530651752319,0.2856266759887646,-0.6010450054871596,0.16896702977737965,-0.16545908125043404,0.9848575718326791,-1.435659238404968,-0.335241085711174,0.024117896516382478,1.2581858282072231,0.3025775162129758,0.40082958304122507,1.435659238404968,-0.9848575718326797,0.24311279148239442,0.5660657690356972,0.8459169806481733,0.369483754641173,0.4274663494443799,0.8886600828192224,1.4110304042558486,0.954063719541543,0.38782468222872474,-0.3040534310604773,0.04820472807728505,0.0872707728176734,0.7284623537824456,0.8207498999385615,-0.9529858396334858,1.0276167615398821,0.3477270420022505,-0.20882997275045564,0
-0.12359721776989524,1.7274737328352407,0.5693561964423357,-1.161438585374874,1,0,0,1,0,0,-0.6722068607066928,0.6104753659285859,-0.016310450003180245,-0.3747286806035135,1.0582064658805515,0.7590965044346429,0.7111355516347495,1.2135894722745804,-0.35792579334020064,0.23778383789316704,0.27493825036779895,0.39737577401502405,-0.28471612321833795,0.9378158463567756,1.5802597206965288,-0.6614229293574027,0.8047543777418925,0.6342534648787383,0.9910609039976785,-0.440948977121442,-0.05179675177420951,-0.08262013906148348,-0.17536970653894068,0.4767500408050672,0.26179187018971484,0.440948977121442,-0.9910609039976793,1.1900982546492709,1.9169522406894068,0.8732098088403377,0.3565632541465125,0.683490552976235,1.3297299961089997,0.5138790966987595,0.06817301183707392,0.8219023601333442,-0.24854144663662048,-0.3311783002420958,-0.7885580025686714,-0.7496925819971905,-0.5330992590437151,-0.5088613263982832,-0.20711139779498602,-0.4316415915936655,-1.0129879475475077,1
-0.4577006284139859,1.7017059668637786,-1.168717627632051,-0.13478617003801185,1,0,0,0,1,0,-0.7353015457273552,1.4303509964127092,-0.13144908275958464,-0.34579619792944905,1.2812994525105135,1.3672785697743894,-0.10715275584245743,0.6002535172191118,-0.6953021788926004,0.24500750291153495,0.08546197178506044,1.427198547090943,0.5556715838845442,-0.6735114751145354,0.03557193395657343,-0.8500720320537264,0.27647876157716916,0.7145903421323306,0.9789057261068004,0.9756618166055823,-0.5239662148045737,-0.7882316075717919,0.09626095972731215,-0.05683772262306317,0.586553636464579,-0.9756618166055823,-0.9789057261068012,-0.48105256270404034,0.340918023760079,0.9459906840194431,0.3048812521678669,0.4103980692089227,2.0858498474629035,0.6769975162545934,0.2342775195316623,1.1939689411944467,-0.7759052986632599,-1.0899443568808573,-1.527538531800901,-1.2553771652902237,-1.1931007240475748,-0.667477223982284,-1.5241547677521787,-1.378017789531564,-0.9511296417938885,1
0.544609603518286,-0.35971531085317227,1.0038746524609323,0.5985369837740325,1,0,0,0,1,0,1.3594419969586353,-0.6402710746184702,-0.1442422641769629,-0.34174565035508003,-0.757591165151264,-0.2283049663522392,0.325842294694682,-1.6843628148367187,1.2516059782436615,-0.2459962992109447,-0.4032461517333893,0.34912807735961665,0.7299982821430966,0.591528918264909,-0.6137559706503635,0.12226057977692872,-0.9192038715705404,-1.5880235248932255,-0.5860329100839196,1.0573893623975261,0.13795708270377935,1.6969935656954047,-1.5881272093971075,-0.5791416943341882,-1.026156141736084,-1.0573893623975261,0.5860329100839188,0.4659329004628361,-0.6347222057676005,-0.24579614703841146,-0.1473362651452761,-0.4942207832702994,-1.0961545269847772,0.6769975162545934,1.1201682272361313,-0.4803306735805153,0.44535835866158957,2.2486262923296945,1.2367960405122524,0.09311505682453199,-0.14386762583630988,1.8069307783281299,0.5337254978059351,1.2941032399401495,1.4613442825972665,1
1.0329145883058024,1.1863506474345409,0.5693561964423357,-1.6014324776621007,1,0,0,1,0,0,-0.23054406556205628,-0.3053431574845305,0.46983044385719386,-0.48293616580451443,0.4976732654289975,0.1383930436320196,0.7298000427991783,0.5778959778982695,-1.2623732686453129,1.366606771521086,0.9616058769053615,0.42571105906534745,-0.6151039614956347,-0.3204721742728999,0.43933549754841805,-1.0119490648331144,0.19258667179849148,-0.01097327084675148,0.9068055190224368,-0.3187395628531161,-1.3350167453401063,-0.35306370878773724,0.7087953298314731,-1.6552319351319211,-1.2608479987606045,0.3187395628531161,-0.9068055190224374,-0.3417899945912644,0.340918023760079,-0.16391766246191838,-0.6512357844370638,-0.5454256239766699,0.6366201323679207,0.9216751455883455,0.5111183656893089,-0.29429738304996345,-1.1644891896302574,-0.02767187758659086,1.0725781451273115,1.3249108366408955,0.4484413812184362,0.09387908442092041,2.097714499630101,2.073471873536065,0.8427612250610729,1
1.0072143259485644,-0.6689285025107157,-0.15484123025532542,0.5985369837740325,1,0,0,0,1,0,0.3877838476404349,-0.4797847809917908,-0.11865590134220637,-0.3475321468898929,-0.34983083248357433,-0.10040785555285138,-0.5828778287192413,-0.32788982052097776,1.0841061639578453,-0.2987757581907598,0.004935762294126871,-0.3808308526259655,-0.40813182167132456,-1.395474473777046,-0.47401565627179465,1.8136494830969472,-1.6646253701908238,-0.6581223865920723,-0.7450499738428467,0.21952363131345246,-0.5838358421701706,-0.024819409843368216,0.34053337892121105,-1.2469872482811892,-0.6489451500944562,-0.21952363131345246,0.7450499738428459,-1.2609229441355856,-0.25947596364157,0.6912576208925736,1.609851802128651,0.700558833211691,-0.4660546508565234,0.2692014673650073,0.7325910426154264,0.8219023601333442,-0.5538573609678327,-0.02767187758659086,-0.0039613912850709025,0.1709126850234604,-0.3469449996836519,-0.0012904541294803558,0.6983559190505837,0.9044189231421907,0.10046155601764112,1
1.6754211472367457,1.2378861793774645,-0.15484123025532542,1.0385308760612593,1,0,0,0,1,0,1.220633689913178,-0.6245713285028168,-0.09306953850744984,-0.3573691909990748,-0.6691858792773655,-0.20415656081669045,-2.4997198252448607,-0.28611205186011807,0.13432162261008904,-1.6199823985306772,-1.4525182246285329,0.12278683615836303,1.3911940497765465,-0.7426838719615262,-0.3284366407668818,0.5193446737049465,-0.434493527544515,-0.6162265101895263,0.741322049072657,-0.567767582660665,2.7338402928435963,0.0636771534808633,0.33826915375508854,1.7576553635688836,1.2867195820566781,0.567767582660665,-0.7413220490726576,-0.5924626171942612,-0.10937746679115769,0.7003552302899613,0.8863037744276221,0.6493539925053206,-0.30852968182446,1.166352774922097,0.8433273810784847,-0.10826409251941274,2.9156416655232156,0.27583454506891375,0.6529101902546883,0.7414286251489338,1.480751364942421,0.030432725387320277,-0.37174181903963527,-0.6543183440496418,0.7190446135538346,0
0.8273124894479005,-0.5916252045963298,-0.4445202009343899,-1.6014324776621007,1,0,0,1,0,0,-0.40720918361991093,-0.15997513789514695,0.6745213465352461,-0.5419584304596059,0.8188738971003516,0.29580487230818925,0.04869986953343398,-1.1662664507745941,-0.27919906513414733,-0.343118538156035,0.13135820010950633,0.41531282758143173,-0.4156829137477251,-0.27766588306140727,-0.8718870788182196,-1.3993809755826478,-0.5935872443605941,-0.4447752998919504,0.5061221547512287,0.06447137185505257,-0.3451588327901626,0.727299969058145,-1.0245684494113223,-0.12505994165487352,-0.6050086053936788,-0.06447137185505188,-0.5061221547512293,0.1317027369921738,-0.40957446049198204,1.8557516237582636,0.6666552660183818,0.3762615087380082,2.8419696988168086,1.4110304042558486,1.2309045656991897,1.5040244254120325,-0.5261013687559044,0.27583454506891375,-0.9527758979536108,-1.268343436656712,-1.2269469530221315,-0.3185222492974822,0.28677986593896093,0.3477270420022505,-1.0129879475475077,0
1.521219573093319,0.5421564981479937,-1.6032360836506476,1.0385308760612593,1,0,0,1,0,0,-0.7731583567397526,1.7966784057779557,1.3653531430736725,-0.634542375016612,2.325332067044654,1.8721591225453993,-0.9760271933867699,0.4701316158363453,-0.033095275551691075,0.1949884846566961,0.5851014106812191,0.6708066488295055,-0.49128236341688547,-0.9115558358597652,0.17146981371059022,-0.05886145742284047,-0.5481475845983239,-0.5552483713317625,0.7902460580981725,0.13114384342216265,0.44637372088425936,-0.47349570166192695,-0.013907737755184358,-0.8069506249158902,-1.3027524540707758,-0.13114384342216265,-0.7902460580981732,-0.7874302125521474,0.340918023760079,0.5365982611369737,0.42116575661981864,0.17144214591252482,0.29006520049738066,1.247911984700014,0.8986955503100138,0.20179139169817292,0.3620903820258042,-0.482931511569848,-0.14080963743918734,-0.127311556405765,-0.4315605721200442,-0.7626467625326843,0.9453015509175579,1.127095675598167,-0.45626319576493324,0
0.10770514344524394,1.4955638390920825,1.0038746524609323,-0.8681093238500562,1,0,0,1,0,0,0.36254597363216995,-0.46582945111120994,-0.579210432367824,0.14142681030179596,-0.974250472197436,-0.467553058232213,2.2102760116631925,1.5509509018993275,-1.325173446738527,0.6707233892978421,0.02202722998011857,-0.11253901392245327,0.2337292328752617,2.153152458512655,0.8119373493802716,0.5417163585729252,0.9536096863427986,0.9905038868572065,0.1590389773671773,-0.31122271395962636,-0.9220380315771669,-1.3153477736757733,2.3559291927041506,0.03947901370661967,0.9383977817985673,0.31122271395962636,-0.15903897736717798,2.3320513131740337,1.0163612595869336,0.6275743551108558,0.8346217724489774,1.2296755205108585,0.1325402314653172,-0.22015379130249568,-0.319404172783631,0.8839134569768611,-0.6926373220274746,-1.0140677512169813,1.3189049882047215,2.5437403450907716,2.4115226617427363,-0.5405845059150832,-0.20711139779498602,-0.3759724034796717,1.646919199858125,0
1.0329145883058024,0.6194597960623787,0.5693561964423357,-0.4281154315628296,1,0,0,1,0,0,-0.23054406556205628,-0.3053431574845305,0.11162136417060241,-0.41291955773327854,0.29119965917249946,0.08428272752458629,0.2233265033292445,1.1562558644343228,-1.3098492771397727,0.3702633514476913,-0.20493846012088907,2.322585468020528,0.95125264884819,-0.21478888842224853,0.4419461763278087,-1.198099230256011,0.5268021894766182,0.40628836769625964,1.3724417655018215,1.8065585321570097,-0.52515546578041306,-1.14426548301723,0.5866336599026043,0.02216613293203793,0.6630915486571377,-1.8065585321570103,-1.3724417655018222,-0.20252742647848845,0.41596727218528484,0.02713213488323473,-0.5995537824584191,-0.3747428216220998,1.140700033270523,0.9216751455883455,0.2896456887631914,-0.17027518936292965,-0.44283339212011924,-1.0140677512169813,0.3062279666642602,0.5728670973845897,0.549980068142106,0.31594134103852145,-1.1125787146405561,-0.4316415915936655,1.1520527538291696,1
1.2385166871637046,0.43908543426214564,1.0038746524609323,-0.13478617003801185,0,1,0,1,0,0,-0.07911682151246661,-0.36174594908521135,-0.5920036137852022,0.1992917756499248,-0.7023739003135752,-0.43222483531909534,2.436995209437326,0.5999054060342625,0.15428358685819132,1.0962278232476916,0.20446170082226764,1.394700150597307,0.17666935159154235,3.1204263743615885,-0.00627938159322027,0.34849164008018085,1.792964846509113,1.37588353300107,0.2181716668474219,1.6858246576916383,-0.2708078953639498,-0.8296795432260851,0.13928965810903188,0.29694018352143203,1.0774722511972192,-1.6858246576916398,-0.2181716668474226,3.306889289963465,0.19081952690966666,0.6184767457134681,0.7183372679970265,1.4856997240427134,0.038025250046078915,-0.709509049969999,-0.8730858650989243,0.8219023601333442,-0.4150773999081907,-0.9381911455531051,-0.7155722712864762,-0.5422322401333817,-0.39771434314548676,0.12560226393772106,-1.7711003996191523,-1.4336869776455579,-0.1469716669968365,0
0.08200488108800677,-0.5916252045963298,-0.15484123025532542,-1.6014324776621007,1,0,0,1,0,0,0.2363566035908452,-0.4425705679769086,0.6745213465352461,-0.5419584304596059,0.21570063872242357,0.07846922248825047,0.35646752489474876,-0.4360653156179093,-0.11472760080200013,-0.06269731661489138,-0.0845863455316503,-0.4956404498984888,-0.29639650604271484,-0.04202052726558025,0.0316406343450175,-1.3931961952916965,-0.23054136557401078,-0.6372519185764514,-1.1234618125076608,0.43824128821613356,-0.5376631864788287,0.6302102236074456,-1.2431913432455697,-0.14390084186623991,-0.5121860755790745,-0.43824128821613356,1.12346181250766,-0.3696425082138195,-0.40957446049198204,-1.3193140559302208,-1.710716824999284,-1.689000399752289,-0.2770246880180474,-0.8726274695258333,-0.4855086804782194,-1.1624527388592034,-0.7481493064513315,0.04820472807728505,-1.317704554364588,-1.6443653062848649,-1.5823323572549794,-0.3502454288142823,-0.37174181903963527,-0.2089648391376897,-1.2604211705619852,1
0.8016122270906633,0.20717554051898904,-0.8790386569529866,0.5985369837740325,1,0,0,1,0,0,0.9430170758222637,-0.5838682830177894,-0.7199354279589849,1.003614793988916,-1.6904758858740043,-1.2246502910411765,-0.28208201009460726,-0.4180790370752694,-0.4570588658160161,-0.7990261404318723,-0.948096567627033,-0.5492977210624705,0.5587617464996713,-0.6208937158706191,-0.599254695589125,-0.8170291932479166,-1.006004856737192,-0.9692569125048077,-0.7279513648365089,-0.027203276549727037,-0.22814778345639122,-0.02649360000590694,-0.19622076408599898,0.08189557160434378,0.2862812473488847,0.027203276549727737,0.7279513648365081,-0.5367575899491508,-0.4846237089171882,0.30006041680488094,-0.18609776662925942,-0.5624939042121272,0.7311351137871589,0.18764225758709038,0.6218547041523672,0.20179139169817292,0.08453045990652028,0.4275877563966659,1.4010139358971918,1.0655854093111348,1.0407503882731821,1.4579758036433286,0.5337254978059351,0.5704037944582268,1.708777505611744,0
0.544609603518286,0.0783367106616796,1.0038746524609323,0.3052077222492148,1,0,0,1,0,0,1.3594419969586353,-0.6402710746184702,-0.4768649810287978,-0.12764527856700325,-1.1684576895393848,-0.3937662635402584,1.0571934337138804,0.4401321237409615,-0.3675702438431144,0.03315548119809334,-0.6927330540185911,-0.44837837859357205,0.32498225213623805,0.6971975999546337,-0.4101901254556649,-0.11858958753261507,-0.7157654665133611,-1.3987701350182005,-0.13124877099039398,-0.4813636975680082,-0.7734215774748251,-1.0150146155032844,0.3833097382755429,-0.7545317002790617,-0.4650398908354528,0.4813636975680082,0.13124877099039328,0.5216379277079463,-0.4846237089171882,-0.3640650692044592,-0.3669847735545164,-0.6136987449184976,-0.9386295579527137,0.8401159358104279,1.009431888773073,-0.728375060954584,-0.7203933142394032,-0.9381911455531051,0.05990112358685037,0.2487103132223888,-0.07617516788719629,-0.1916295312302808,1.3568776040291806,1.1827648637121608,0.16231986177126023,0
1.0329145883058024,1.4955638390920825,0.5693561964423357,-0.8681093238500562,1,0,0,1,0,0,-0.23054406556205628,-0.3053431574845305,-0.579210432367824,0.14142681030179596,-0.5248605339938924,-0.34412787438385267,0.5948169448271124,1.1486029561626794,-2.3427057639994833,0.41506389460123055,-0.35190348438987334,0.9661297404488066,1.1332989213104163,-0.0937909594850607,0.36494127881199684,-1.2345333726661436,0.644798292548086,0.4932951631362027,1.5427439112049275,-0.21238889143210804,-0.9208222628442899,-1.2109034421311682,1.961970278910076,0.07864640538193166,0.9390984792091583,0.21238889143210804,-1.5427439112049282,-0.09111737198826762,0.340918023760079,0.018034525485845748,-0.625394783447741,-0.3576745413866426,1.1722050270769362,1.0032343553662626,0.2896456887631914,-0.17027518936292965,-0.7203933142394032,-0.9381911455531051,1.099947794358136,2.0899208472636905,2.005367914048054,-0.28679906978068154,-0.4540570296619595,-0.5986491559356475,1.4613442825972665,0
1.0072143259485644,0.43908543426214564,-0.15484123025532542,-0.13478617003801185,1,0,0,1,0,0,0.3877838476404349,-0.4797847809917908,-0.5920036137852022,0.1992917756499248,-1.0185881393587246,-0.5230049524249546,-0.9004509036009584,0.3520884848953575,1.1939801152338378,-1.5230000841249616,-1.449965082589144,0.13038393404571855,1.3332538886036298,-1.3987985941043872,-0.559579756239882,1.82677690159625,-1.4468472290335028,-0.3896137119817034,-0.06904425348519984,0.2463053852199044,-0.14556417282551595,-1.043827210773269,0.2035237963161583,0.6228059125558361,1.5046436632105535,-0.24630538521990367,0.06904425348519913,-1.2609229441355856,-0.3345252120667762,0.7367456678795146,1.6615338041072958,0.8541733553308051,-0.37153966943728567,0.6769975162545934,0.7879592118469556,0.8219023601333442,-0.27629743884854874,-1.0899443568808573,-0.5696008087220858,-0.38663698373552574,-0.1269445113490324,0.3476645205553221,-1.3595243465075295,-1.4336869776455579,-0.08511336124321738,1
0.08200488108800677,1.4955638390920825,0.27967722576327125,-0.8681093238500562,1,0,0,1,0,0,-0.4576849316364408,-0.13090153397727022,-0.579210432367824,0.14142681030179596,-0.21546788094178354,-0.20997006585302627,-0.1590799582334271,0.06902494353366835,-0.6773163944045596,-0.6836086578575447,-1.1648984813511754,0.013593509148805461,1.7414512176550712,-0.8466798761105468,-0.9794905976383284,0.7297853033676822,-0.7269439576658484,-0.5723789022147734,0.44932672572474713,-0.42709685071602743,-0.624788001725854,-1.0759710797357267,1.6592780510427279,0.20268600934435463,0.9556084842846112,0.42709685071602743,-0.44932672572474786,-0.8152827261747027,-0.9349191994684248,-0.10933200607758836,0.279040251178545,-0.03337721691295973,-0.7180946013078251,1.166352774922097,1.009431888773073,-0.10826409251941274,-0.3318094232724056,-0.7105613285614767,1.528738965641033,2.3233137318604746,2.293060860331788,0.1890486229713212,-0.37174181903963527,-0.5986491559356475,1.8324941171189824,0
0.2105061928741954,1.4955638390920825,0.5693561964423357,-0.8681093238500562,1,0,0,1,0,0,-0.6974447347149578,1.0058763792117091,-0.579210432367824,0.14142681030179596,0.44498297934688336,0.664291653072859,0.39988982652800564,0.6173525310825072,-1.464415165717787,-0.04124551843259198,-0.5094470672910723,-0.35746155011639225,0.7155402549142227,0.09395654734962053,-0.23915458151427696,-0.5419788642601318,0.16851873652846774,0.2819439614165186,0.1590389773671773,-0.6452678416013011,-0.46217626312938376,-1.0869155330048175,1.4572680993956497,0.22282032891839856,0.9375695405239619,0.6452678416013011,-0.15903897736717798,0.38237535959517033,0.11577027848446049,1.1552357001593716,0.6537347655237203,0.700558833211691,1.550264952753888,0.5954383064766764,0.5664865349208381,1.5040244254120325,-0.1375174777889068,-0.7105613285614767,1.5926014805129542,2.2584823750280347,2.242291516869952,0.41111087958892223,-0.12479618717266176,-0.4316415915936655,1.8324941171189824,1
0.2105061928741954,1.2378861793774645,0.27967722576327125,0.3052077222492148,1,0,0,1,0,0,-0.8236341047562825,6.247847165604879,-0.3745195296897717,-0.20865623005438366,2.38323990084408,4.966285379961358,0.571716759612081,-1.519383076087802,1.5524176088702335,0.15620598046963977,0.33334881251642745,-0.31470442977788204,-0.7055945833940274,0.18941126744841913,-0.9476942832072777,1.0955959417409709,0.5500162913501504,0.7855816796366795,-0.11623388745465664,-0.31393995325558316,-0.6057285647000527,1.136021625942318,-1.0212386150435133,0.33436253733453336,0.3335978267469189,0.31393995325558316,0.11623388745465593,0.29881781872750485,-0.7848207026180125,0.47291499535525605,1.002588278879574,1.2126072402754011,-0.40304466324369825,-0.6279498401920818,-0.6516131881728072,1.0079356506638961,-0.47058938433204756,1.33810702436318,0.5981708917930423,-0.06248019957332482,0.0761328624983096,1.5214221626769286,0.36909507656128593,0.23638866577426285,0.6571863078002155,1
0.6731109153044746,-0.5916252045963298,1.4383931084795292,1.0385308760612593,1,0,0,1,0,0,-0.5081606796529707,-0.06693960535794147,-0.3361399854376369,-0.2520549540654803,0.2885291599422405,0.1433121632781499,-0.4262333418625943,-0.20436115844279756,-0.3168129459924395,-0.9379754368229235,-1.2207826151145242,0.3771688725788329,2.1758145760491,0.16832952810140264,0.11610401084784254,-0.8137987678872669,-0.38014824981780476,-0.9588173437511983,0.82857362277254,-0.30735587342307225,0.7608807186424991,0.39680255272596754,-0.38469536880453503,0.8901958048386712,0.6509786711356208,0.30735587342307225,-0.8285736227725408,0.15955525061472892,0.11577027848446049,0.03622974428062242,-0.39282577454383927,-0.5112890635057554,0.1010352376589052,1.6557080335896,1.2862727349307197,-0.4803306735805153,0.8894542340524437,0.5793409677244183,0.561678026151944,0.2616765845888761,0.6176725260912207,0.7600658542737248,-0.7833178721512579,-0.9883334727336057,0.7809029193074537,0
1.5983203601650333,0.5421564981479937,-0.15484123025532542,-0.8681093238500562,1,0,0,1,0,0,-0.4703038686405733,-0.11636473201833188,-0.31055362260288033,-0.26304929748162476,0.2479982171353719,0.11379744540136809,0.7431537170991485,0.007003372465129171,-0.376585758603197,0.9956496866403042,0.6450469154761612,1.260712209894768,-0.1579445595882595,-0.2295927312912794,-0.15051531592784853,1.0814881039845745,-0.1688404546662169,-0.22463013097814938,1.2784819609759694,0.45147824704345946,-1.262779685891268,-0.16039528781656823,1.601596593897516,-1.5124777973428116,-1.0579001841068483,-0.45147824704345946,-1.2784819609759701,-0.03541234474315745,0.11577027848446049,0.8459169806481733,1.338521291740765,1.195538960039945,-0.5920746260821743,1.5741488238116832,0.954063719541543,0.2638024885416898,-1.192245181842186,-0.17942508891434333,-0.08607033897753999,0.7414286251489338,0.025363519036474696,-1.2702176348014877,0.6160407084282594,0.9600881112561845,-0.08511336124321738,0
1.110015375377516,-0.8235350983394863,0.27967722576327125,0.3052077222492148,0,1,0,1,0,0,-0.43244705762817587,-0.15706777750335926,-0.7327286093763631,1.3363383447406567,-0.776975585135264,-1.1535466525198386,-0.36417154317305195,1.263821413746265,1.4175744271369053,-0.6450314187539775,-0.3736956506604099,0.33815860390983427,0.6375863813764644,-0.4253417967767002,2.344866423809653,0.8888575469892952,0.19455119332241155,0.10086268390487652,0.416552302523086,0.048076501797563044,0.081392884010650493,0.6144011550549704,-1.0446556172913763,1.0643094657704397,0.5842954274682115,-0.048076501797563745,-0.4165523025230867,0.15955525061472892,3.9432819481699712,2.874683876265743,3.0698683580253703,3.0389132254693014,0.8256500952063961,1.4110304042558486,1.2862727349307197,2.806257459125893,0.16779843654230542,0.7310941790521709,0.39746013076700454,-0.23104172733766892,0.19459466390925928,1.109020828958526,-0.4540570296619595,-0.48731077970765985,1.0901944480755505,0
-0.3034990542705592,-0.12780541711001567,-0.15484123025532542,1.7718540298733036,1,0,0,1,0,0,5.0189337281570525,-0.7693578760138429,-0.7455217907937414,1.4144560479606307,-2.6066629774393824,-1.684811574301911,-1.8212627199458546,-0.3796052492321556,0.0667187924489173,-3.390535855399715,-3.0191233663191066,-0.7694307675494018,3.5858495356157043,-1.4394586295629088,-0.5080195850594956,-0.38506893725314706,-2.864001539200625,-2.4911502948666215,0.416552302523086,-1.462543299520739,1.0942200444994274,0.012097249655215435,-0.4781639704031197,1.7405003009295459,1.4928848408195499,1.462543299520739,-0.4165523025230867,-1.4094696834558798,-0.6847550380510711,-0.7977177838132969,-0.8536569588534225,-1.7970995079101835,-0.5605696322757617,1.9547584694419635,1.8584104836565227,-1.9272562665959154,1.5833540393506536,0.5034643620605421,1.50136931641021,0.9748215097457181,1.7176749677643206,1.8386539578449304,0.2044646553166367,-0.4316415915936655,1.646919199858125,0
-0.25209852955608386,0.7225308599482267,-0.15484123025532542,0.3052077222492148,1,0,0,1,0,0,-0.1800683175455264,-0.3158096548949661,-0.15703544559434116,-0.32612210971108524,0.025622438301923813,0.009154354747323507,-0.24778098011955205,-1.4425699251125608,0.8932767814237293,0.19835286641596697,0.4658269873847412,0.3285217152755113,-0.20646212363802574,-0.9775637604755218,-1.0090175489567725,0.3416922358122263,-0.5697525775193993,-0.5493868461022328,0.416552302523086,0.03493293508481349,-0.63222470667063,0.9691608641702595,-0.8777715408378693,-0.8329188287693062,-1.1419672236720675,-0.03493293508481349,-0.4165523025230867,-0.8709877534198129,-0.8598699510432187,0.4001341201761507,0.5245297605771081,0.2567835470898098,-0.15100471279239655,1.4110304042558486,1.2862727349307197,0.015758101167622184,-0.7759052986632599,0.4275877563966659,-1.0531312784666302,-1.2813097080232,-1.4638705558440304,-0.5405845059150832,0.4514102871836102,0.514734606344233,-1.5078543935764617,1
0.5703098658755232,0.05256894469021735,-0.8790386569529866,-0.4281154315628296,1,0,0,1,0,0,-0.3945902466157784,-0.18672285349959353,0.27793272259651985,-0.4447452886747494,0.6030623982652745,0.20010563555619973,0.5606933581308138,1.3025354270111806,0.13858041206305735,0.10693016256228602,-0.03910633924234724,0.10949897267539684,-0.18394899406478402,0.04022675637003346,0.38841953744856317,-0.5974990979856368,-0.008017145070768061,-0.3632674640335525,0.6433955013121125,-0.48876828582949433,-0.7394636622830534,-1.398660585130799,-0.7898730366437069,-0.15240541487831374,-0.3038198180682441,0.48876828582949433,-0.6433955013121132,0.32667033235006016,0.7912135143113154,1.1643333095567605,0.6278937645343975,0.59814915179895,1.0461850518512859,1.3294711944779316,1.0648000580046022,0.6358690696027934,-0.5538573609678327,-1.1658209625447336,0.9266066825629212,0.3265079414213163,0.24536400737109418,1.2359135470257274,1.5215080252738291,1.3497724280541432,0.6571863078002155,1
0.7502117023761872,0.0783367106616796,2.8867879618748513,0.3052077222492148,1,0,0,1,0,0,-0.6469689866984278,0.30229516439909276,-0.5024513438635544,-0.10160604416034526,0.39956654801998714,0.3110094239416829,3.413708343019375,0.1481752842513313,-0.1498730729622785,2.056015974479591,2.345344262323193,1.9991286476900536,-2.252818240480537,3.9402372696544843,-0.6962195473597456,0.6802269872168403,2.006857492104576,2.607719367703378,3.1748061408597117,-0.4221610355600758,-0.809805896404135,-0.9008326866583263,0.8884440328294598,-0.7875794024450192,-0.5031319953470886,0.4221610355600758,-3.1748061408597126,3.724676994301793,-0.6347222057676005,0.06352257247278678,0.4082452561251572,1.2467438007463156,0.3530751881102058,-0.9541866793037505,-1.8697129112664523,0.38782468222872474,-0.7759052986632599,-0.8623145398892288,-0.08607033897753999,0.37837302688726915,0.025363519036474696,-0.7309235830158842,1.1099319721622063,0.9600881112561845,-0.08511336124321738,1
1.0586148506630406,1.5213316050635446,0.5693561964423357,-0.8681093238500562,1,0,0,1,0,0,-0.23054406556205628,-0.3053431574845305,-0.5920036137852022,0.20218502391733126,-0.5554835976506626,-0.39108310736964186,0.46234889777938953,0.5971309212675788,-1.6735281383982095,0.5318548175181983,0.07751366289928002,0.9274003016083193,0.8696744612006184,0.10230081953915182,0.06488324135449881,-0.9392561543878302,0.8307736668362383,0.6775108367455265,1.6243956248981999,-0.34619240229020387,-0.5406896236725885,-0.7545823223347815,1.3439071750733063,0.105279400879613,0.5606859072221012,0.34619240229020387,-1.6243956248982006,0.0759977097470634,0.04072103005925432,-0.04564874029587195,-0.5220307794904515,-0.18699173903207253,0.8886600828192224,0.9216751455883455,0.17890935030013266,-0.23228628620644656,-0.16527347000083534,-0.2553016945782196,1.9301604876931084,2.504841530991306,2.4115226617427363,0.41111087958892223,0.12214944469431245,-0.04195727479570725,2.079927340133461,0
0.544609603518286,1.4697960731206219,1.0038746524609323,-0.4281154315628296,1,0,0,1,0,0,1.081825382867721,-0.6071271661520907,-0.438485436776663,-0.15368451297366123,-1.016734706438052,-0.34815260863977743,1.0471613438381415,0.03322876000753892,-0.3582467600343194,0.4021822327394086,-0.6181953727393916,-0.15973809797842523,0.3712884390653844,0.7250614383068614,-0.3013501057153097,-0.2585889349090382,-0.4444591624605438,-1.2360876543638895,-0.2548898489945435,0.03493293508481349,-0.7316304933225123,-0.3474934364699049,0.2298783809426492,-0.9840403470857736,-0.4031147482699438,-0.03493293508481349,0.25488984899454276,0.5216379277079463,-0.40957446049198204,-0.43684594438356456,-0.4961897785011287,-0.6307670251539549,-0.9071245641463012,0.4323198869208419,0.6218547041523672,-0.790386157798101,-0.6926373220274746,-0.3311783002420958,-0.013084607695344815,0.10608132819102022,-0.29617565622181696,0.12560226393772106,0.4514102871836102,0.514734606344233,-0.20882997275045564,1
-0.3291993166277972,0.20717554051898904,0.5693561964423357,0.3052077222492148,0,1,0,1,0,0,-0.1295925695289965,-0.3390685380292675,-0.5408308881156891,-0.03563998366347836,-0.542184616904847,-0.2332240859983695,0.30591500870345156,0.6563384454350182,-0.9381568055590715,-0.11679372035424525,-0.4544140583173686,-1.587022127402599,-0.0775762816731727,0.06999395547269764,1.396219735697178,-1.5098117241073559,-0.4412218229743474,-0.8763446385370693,-1.3641375413136354,-0.8115738940849077,-0.35544513080444534,0.49785716661651974,-0.23472339540201506,-0.27972722557470786,-0.2648194417081766,0.8115738940849077,1.3641375413136347,0.38237535959517033,1.9169522406894068,1.2553094035306427,0.14983524623193267,-0.03337721691295973,1.833809897011603,0.10608304780917345,0.954063719541543,1.5660355222555504,-0.08200549336504998,0.9587239960437993,1.2732889061533492,0.9359226956462544,0.7530574419894479,1.0772976494417266,1.2745623934068555,0.9044189231421907,1.2139110595827887,1
-0.3291993166277972,2.3201323501788633,-0.15484123025532542,3.2385003374973924,1,0,0,1,0,0,0.7032572727437467,-0.55072437455141,-0.4768649810287978,-0.11896553376478392,-0.934746749701287,-0.3316064789209755,-2.995717603171283,-0.5395587246383663,-1.2501209029721112,-1.8143839837508164,-2.2139093172365563,-1.4216851782697835,1.631730216773318,-0.24193128032199526,-0.30434834408448286,-0.6383042012188695,0.12211538714267012,-0.007612279021363509,0.3041828515459622,-2.2406938684972246,3.923883366353337,0.43567179259768135,1.0675229892585645,2.5722032352855013,2.870758631898006,2.2406938684972246,-0.3041828515459622,0.18740776423728422,0.26586877533487285,1.9194348895399813,1.2093162867941527,1.2126072402754011,1.9598298722372534,1.6557080335896,1.6184817503198954,2.1861464906907218,4.414465244967349,0.8069707847160468,1.0543317123067637,1.519404907138216,2.6992156080264706,0.47455723862252236,-0.4540570296619595,-1.266679413303576,1.646919199858125,1
0.46750881644657266,0.43908543426214564,-0.15484123025532542,-0.13478617003801185,0,1,0,1,0,0,-0.81101516775215,4.221416972528873,-0.579210432367824,0.1992917756499248,1.5671797076776843,3.092547987480817,-0.6427548668133781,0.22836375935161513,1.400692055263728,-0.3794292870688157,-0.1967335289641514,0.1389733095756078,0.38409330616718457,-1.0853696075931138,-0.767875995958651,2.2267583929496446,-0.10853092984440468,0.9618870231549496,0.004530982273630621,0.1850492459657866,-0.19072223469475252,-1.0826777424598937,0.32288447414650234,0.4049670758813896,1.1948586848606826,-0.1850492459657866,-0.00453098227363133,-0.9823978079100336,-0.6347222057676005,0.35464607318920965,1.5064877981713616,1.3832900426299712,-0.8126095827270634,-0.38327221085833024,-0.4301405112466897,0.8219023601333442,-0.27629743884854874,-1.0899443568808573,-0.39625969692687113,-0.17917664187171697,-0.008482709938082702,0.2524949820049213,-1.1948939252628807,-1.266679413303576,-0.023255055489598248,1
-0.5862019402001745,0.20717554051898904,1.0038746524609323,0.3052077222492148,1,0,0,1,0,0,-0.3188766245909836,-0.2559180308241401,-0.8478672421327675,6.220141420122733,-2.4558596404322057,-5.003875757354556,0.43993463965144614,1.1100614847841705,-1.1201923250317734,0.39960379629282383,-0.04194383298171428,0.4503427013272088,-0.18345021525363375,0.8376710577978781,0.44212757072599645,-0.3665123812737298,0.7346014726714202,0.5241931479438648,0.2181716668474219,0.3978337296906128,0.2252512253427593,-1.0806805303046452,1.163030838122669,0.1885792969627529,0.5663016201654647,-0.3978337296906128,-0.2181716668474226,0.9951306592913848,0.641115017460903,0.6184767457134681,0.31780175266252825,0.615217432034406,0.7626401075935709,-0.709509049969999,-0.8730858650989243,0.8219023601333442,0.19555442875423396,-1.0140677512169813,-0.013084607695344815,0.585833368751077,0.6345956405784983,-0.667477223982284,-0.7833178721512579,-0.7099875321636356,0.5334696962929761,0
-0.25209852955608386,-0.12780541711001567,-0.15484123025532542,1.7718540298733036,1,0,0,1,0,0,-0.1800683175455264,-0.3158096548949661,-0.7455217907937414,1.4144560479606307,-1.1659307107838124,-1.3360012721217625,-1.5946201748921272,-0.9603931812842937,0.6851299631930755,-1.8965979968002298,-1.6057041386340878,-0.49427507501529583,1.919978511508034,-0.993308923396587,-0.9297427950258201,0.44879603017259,-0.6217644170081753,-0.4680308665413852,0.6477887577651265,-1.3166012534636966,1.2248555980907032,0.3867738593447018,-0.48559888307526455,1.945650582772775,1.6305529747726784,1.3166012534636966,-0.6477887577651271,-0.8431352397972577,-0.7097714541928067,0.74584327727690225,0.8863037744276221,0.5640125913280355,0.1010352376589052,1.8188264531454346,1.5631135810883663,0.3258135853852078,1.4445740782910115,0.6552175733882943,0.7897584364088047,0.39133929825375646,1.1930584186586881,1.267636726542527,-0.20711139779498602,-0.7656567202776299,1.2139110595827887,0
0.2105061928741954,0.5679242641194551,0.5693561964423357,-0.8681093238500562,1,0,0,1,0,0,-0.6974447347149578,1.139614957233942,-0.4128990739419065,-0.18319564530120697,0.7506247552565437,1.018021074899138,0.12436399942539961,-0.47580410882687163,0.1417465331794352,-0.0820543688938466,0.4546304697107003,-0.3386815242730553,-0.7800916757440338,-0.03510641480006974,-0.09553064548409551,-0.504900256374485,-0.11882756062843335,0.11279080367162968,-0.2611143426240418,-0.20295117893611228,-0.20800908457839182,0.5573555679921153,-0.7011483246545145,-0.006977216371838644,-0.480923609753104,0.2029511789361116,0.2611143426240411,0.29881781872750485,0.340918023760079,1.3826759350940767,0.8604627734383002,0.76883195415352,1.7392949155923647,0.18764225758709038,0.34501385799472056,1.6280466190990672,0.08453045990652028,1.0346006017076752,1.3006585553841723,0.6765972683164937,0.6345956405784983,1.109020828958526,1.1922471827845313,1.1827648637121608,0.904619530814692,1
0.544609603518286,0.6452275620338409,1.0038746524609323,1.478524768348486,1,0,0,1,0,0,1.081825382867721,-0.6071271661520907,-0.7839013350458762,1.5706914544005788,-2.1389314347688497,-1.6807868400459862,0.24074314160911248,-0.6156090097752728,0.28584856060922786,-0.8219830171680585,-1.4250775789504464,-1.1079875440644993,1.1384578804303125,0.7462441654185284,-0.2060242967172353,-0.4782710743475246,-0.11345771703538463,-1.0571488700259855,-0.5252107151899512,-0.9902652685099177,0.4108791786140828,0.6385520678337164,-0.8713808637689656,0.9979432962173073,0.8205705329365972,0.9902652685099177,0.52521071518995055,0.18740776423728422,-0.6347222057676005,-1.4648758062884317,-1.4393863146113988,-1.39883963574952,-1.442709458855317,-0.5463906304141645,-0.3747723420151606,-1.8445748041378918,0.5286263352973745,0.8069707847160468,0.5251851605108457,-0.03654765684034838,0.36382580878204385,1.331083085576127,-0.04248097655033679,-0.48731077970765985,0.8427612250610729,0
0.46750881644657266,-0.3339475448817109,-0.15484123025532542,-0.13478617003801185,0,1,0,1,0,0,-0.81101516775215,4.221416972528873,0.7001077093700027,-0.5454303283804937,2.694794385584483,3.6680849860780618,-0.692499887160899,-0.33914127343732575,2.247986231973526,-0.557340990752279,0.3106579250070575,-0.5958087584808819,-0.6332777150285216,-1.000758246984119,-0.635175495940448,2.2981715359374997,-0.10841441798515819,0.8340078962676055,-0.24687185720061178,-0.5677675826606664,-0.03700789839820898,-0.17082282714379196,-0.7636317282931954,0.6454298408169414,0.4103758669590391,0.5677675826606664,0.24687185720061106,-0.9266927806649233,-0.5596729573423944,0.13630344765189217,1.3256007912461045,1.2126072402754011,-1.1276595207911904,-0.6279498401920818,-0.5962450189412776,0.5738579727592754,0.3620903820258042,0.35171115073279,1.6747104282054248,0.9359226956462544,1.1761353041714093,1.9655466759121307,1.1922471827845313,0.9600881112561845,1.8943524228726025,1
0.2105061928741954,-0.8235350983394863,0.27967722576327125,0.3052077222492148,1,0,0,1,0,0,-0.8236341047562825,6.247847165604879,-0.7327286093763631,1.3363383447406567,1.504439193439837,3.772280884037004,0.07862464425587025,-1.0994581227300058,1.612151203835651,-0.34203051425552866,0.37404470740666335,-0.26717931933067934,-0.49718277283793816,0.30640442514958566,-1.160004522972005,1.2390181802813265,0.4870047933470554,0.9645777633050481,-0.018359091073560794,-0.34619240229020387,0.1968262095824083,0.3469737114943469,-0.9587709223034151,0.9449667753745806,0.45544600721026396,0.34619240229020387,0.018359091073560086,0.27096530510494976,-1.0850176963188372,-0.027453521501095285,0.6149732640397371,0.8029685146244333,-0.6235796198885869,-0.7910682597479163,-0.8730858650989243,0.6358690696027934,0.25106641317809053,0.4275877563966659,0.2879815338437111,-0.2699405414371327,0.10997909147286698,0.886958572340925,0.12214944469431245,-0.04195727479570725,0.904619530814692,1
0.46750881644657266,-0.3339475448817109,-0.15484123025532542,0.5985369837740325,0,1,0,0,1,0,-0.81101516775215,4.221416972528873,-0.1442422641769629,-0.3348018545133046,2.182214136639453,3.5053068450606593,-0.7741721544706264,-0.8879773410095022,2.3643833937463503,-0.1853758722513428,0.8244612437209724,0.4787503234527267,-0.4035614818080461,-1.1094969187850199,-0.38729960563160615,2.208313684691069,-0.05857475678290472,1.037749385948928,0.03622492998512883,0.617030896486598,-0.03209102221538066,0.8307885251397711,-1.0130490224091717,0.192349117808406,-0.058679701771794615,-0.6170308964865974,-0.036224929985129536,-1.0938078624002545,-0.4846237089171882,-0.43684594438356456,0.705416767502365,0.6493539925053206,-1.222174502210428,-0.8726274695258333,-0.983822203561983,0.07776919801113909,0.27882240539001907,1.33810702436318,1.3097817717944475,0.4950694691856613,0.549980068142106,1.7752075988113303,-0.12479618717266176,0.18071947766026855,1.5232025883508855,0
0.2105061928741954,0.20717554051898904,0.5693561964423357,0.3052077222492148,1,0,0,1,0,0,-0.6974447347149578,1.139614957233942,-0.8478672421327675,6.220141420122733,-1.5897796604139562,-3.930613289107945,-0.11569721034936542,0.5476495890495601,-1.3204267035839201,-0.36695536030904885,-0.5876896424376649,-0.447164272557377,0.19743254690839712,0.06141601264278287,-0.37113387025015315,-0.7239066132317583,0.11046476079473343,0.1618480688205188,-0.11972941589683889,-0.4911325578708816,0.22224594356303204,-1.1234600117707148,1.0776112053453597,0.6052679836712573,0.9220384558689635,0.4911325578708816,0.11972941589683818,0.1317027369921738,-0.25947596364157,0.3182556355996563,-0.12149526415595328,-0.06751377738387422,0.9831750642384596,-0.38327221085833024,-0.3747723420151606,0.44983577907224165,0.1400424443303771,-1.0899443568808573,-0.2046721523111086,0.36540675552078095,0.600749411603942,-0.6992004034990842,-0.4540570296619595,-0.7099875321636356,0.2860364732784985,0
-0.04649643069818187,0.7740663918911503,-0.8790386569529866,-0.4281154315628296,1,0,0,1,0,0,0.4634974696652297,-0.48443655761865106,-0.8094876978806327,2.4299861898202924,-2.149670288871296,-2.2505103336068957,-0.8737131635807162,-0.10224063931509907,0.5848863279818475,-1.7668012161830444,-1.5009840142013144,0.04257389029390457,1.570179190638677,-0.7281545693419957,0.23481557292460922,-0.4209317220888012,-0.8284081571060078,-0.8395980474702313,-0.1602775458261487,0.21702702713573208,0.48735595639265283,0.3755615722611339,-1.2225549903578787,1.5653991105746192,1.131648651747507,-0.21702702713573208,0.160277545826148,-0.5646101035717058,0.491016520610491,0.7822337148664557,0.42116575661981864,0.0519641842643253,0.7311351137871589,0.9216751455883455,1.1201682272361313,0.5118468759157585,0.9449662184763004,0.9587239960437993,1.6290943461540526,0.6117659114840535,1.2607508766078017,2.5682870867313348,-0.6186874509066087,-0.5986491559356475,1.9562107286262216,1
1.7011214095939837,1.7274737328352407,-0.15484123025532542,-1.161438585374874,0,1,0,1,0,0,-0.20530619155379135,-0.3094134620330332,-0.06748317567269331,-0.36026243926648127,0.13030293114173197,0.04045784340451634,-0.30125063833593163,-0.40843000116379524,0.3167848062652175,-0.40775203910493496,0.01087077642487166,-0.9072600902746552,-0.43741075117965883,-0.5832308218368316,-0.7504665066863814,0.19645988996949051,-0.1690043782025444,0.36358010701934557,-0.8773392119444982,-0.36726020632542794,-0.1638610193204645,-0.19121787750231264,-0.2356321996186047,0.3832648504370424,0.34083266761950043,0.36726020632542794,0.8773392119444975,-0.7317251853070371,-0.9349191994684248,-1.0099953364190213,-0.7675202888890147,-0.7843815472730677,-0.4660546508565234,-0.9541866793037505,-0.7069813574043363,-0.4183195767369984,-0.38732140769626244,-0.482931511569848,-0.989268763594709,-0.944186652494511,-0.7530997473783346,-0.4771381468814831,-0.28942660841731066,-0.48731077970765985,-1.0748462533011267,0
-0.1749977424843705,-1.158516055968491,-0.8790386569529866,-0.13478617003801185,1,0,0,1,0,0,-0.5460174906653681,0.07552105383965442,0.03486227566633282,-0.389773571594027,0.7213631753476768,0.35930623501278036,0.26236020024807966,-0.6699938945584405,-1.0652752853135565,0.16836576429369382,-0.13040779351862894,-0.439918337715665,0.20033911624673004,0.3837959694573374,-0.19786226189717396,-1.664709089792114,1.1403514326695658,0.568421857129268,0.6152054390719316,-1.2101494081044426,0.018666165551449194,0.7213735762640071,-0.21660508935153647,0.9033016747071041,0.7244898275710869,1.2101494081044426,-0.6152054390719323,0.1317027369921738,-0.40957446049198204,-0.7370670544973751,-1.4006248131274146,-0.972132629863095,0.6681251261743327,-0.46483142063624716,-0.762349526635866,-0.728375060954584,-0.1375174777889068,0.4275877563966659,-0.5787240251323598,-0.5940973255993336,-0.2284831982727022,-0.1916295312302808,-0.5363722402842841,-1.0440026608476,-0.8274130302866491,0
1.0329145883058024,0.28447883843337485,1.0038746524609323,0.3052077222492148,1,0,0,1,0,0,1.0187306978470585,-0.6013124453685155,-0.42569225535928473,-0.1710440025780999,-0.9750651717537189,-0.33026490083566723,-0.3019410551597634,-2.1189112830607577,1.2094228509241234,-1.0227490459150095,-0.3925306435733663,-0.21825709879683935,0.6297844493374533,-0.03792256331447957,-1.231023083258209,0.5809275969663671,-0.614007634604356,-0.43369631529935226,-6.192842294857107e-4,-0.2970624528398517,0.38196460882399647,1.6750603328475309,-1.0695453426112942,0.7728285188118579,0.08688902146095381,0.2970624528398517,6.192842294857107e-4,-0.06326485836571254,-1.1600669447440433,-0.082039177885424,0.22735824919990022,-0.03337721691295973,-0.5290646384693491,0.5138790966987595,0.5664865349208381,-0.046252995675895824,0.5563823275093027,1.9451198696741894,0.7167727051266096,0.002351157259115363,0.31305646532020776,1.0772976494417266,0.2044646553166367,0.06938110143228039,0.6571863078002155,0
1.0586148506630406,0.7482986259196881,-0.15484123025532542,0.3052077222492148,1,0,0,1,0,0,0.9556360128263961,-0.5908459479580798,-0.7071422465416066,0.9631093182452258,-1.6378504387141226,-1.1987131147252168,-0.7390671403752304,0.5101723852427771,-0.052317876590302743,-1.3844953188309495,-1.6014693532417996,-1.3196586573649471,1.0560821749767013,0.383073764918695,0.8633360685602781,-0.12074156483795903,-0.5281289722763464,-0.7454970381168277,-0.07874992288317216,-1.7217537992339922,1.4104536418670102,0.16464351170162972,-0.04981333843184036,1.3466802071000656,1.3541558342248432,1.7217537992339922,0.07874992288317145,0.605195468575612,1.1664597564373458,0.855014590045561,0.6537347655237203,0.39332978897346543,0.3530751881102058,1.166352774922097,1.3416409041622488,0.5118468759157585,1.3613061016552261,0.19995793940503753,0.14201007127932075,0.09311505682453199,0.6345956405784983,0.47455723862252236,0.6160407084282594,-0.15329565102369538,0.47161139053935697,1
-1.2544087614883548,0.38754990231922204,0.714195681781868,0.3052077222492148,1,0,0,1,0,0,1.1449200678883833,-0.6158492473274538,-0.09306953850744984,-0.3533186434247058,-0.6444975924430099,-0.2005790192558684,-1.3724680960014772,0.25274799051402963,-0.29555380266557935,-1.417346098054639,-0.2983327324958687,-0.7201791550044845,-0.07129547931236224,-1.4636189404875382,-0.21477778333585182,0.8535739571749731,-1.9794783656197088,-1.0500233971075248,-1.4375436385994584,0.4434998061064408,0.44601949702867116,-0.5620642174167976,1.2617914579570773,-0.04807372391128651,-0.6372963134262689,-0.4434998061064408,1.4375436385994576,-1.4558905394934718,-0.5596729573423944,-1.1919475243667854,-0.6383152839424023,-1.3134982345722352,-1.033144539371952,-0.6279498401920818,0.012804842605544792,-0.790386157798101,0.27882240539001907,-0.6346847228976005,-0.41450612974742024,0.2616765845888761,0.22844089288381547,-1.9364044046542914,-0.04248097655033679,0.18071947766026855,-0.6418381130257917,0
1.7525219343084582,1.109047349520155,-0.4445202009343899,0.3052077222492148,0,1,0,1,0,0,0.7284951467520117,-0.5611908719618456,-0.16982862701171944,-0.31859966421582847,-0.5585241441993701,-0.18537446762237475,-0.0917622340194477,-0.20541646006544093,0.3149178618101231,-0.5002361521727027,-0.8702397641186292,-1.365198389748553,-0.16262747528634988,-0.7519135101993142,-0.8895494864984151,1.1983952719734245,-1.0115266188241736,-0.7945468583099643,-0.9878020566370264,-0.8822777243979375,-0.6237054997200201,-0.6091906097952232,0.7737684086285886,-0.32722571097565845,0.35563395304430645,0.8822777243979375,0.9878020566370257,-0.7874302125521474,-0.9349191994684248,-0.4914316007678933,0.1627557467265941,-0.2552648599739003,-1.3166894836296663,-0.38327221085833024,0.06817301183707392,-0.23228628620644656,-0.5816133531797613,-0.5588081172337243,0.05077790717657645,0.4432043837197094,0.27921023634565156,-0.0647368131630805,0.6983559190505837,0.29205785388825667,-0.20882997275045564,1
-1.1773079744166424,-0.7204640344536393,1.0038746524609323,1.478524768348486,1,0,0,1,0,0,0.009215737516460692,-0.3832604159844401,-0.7583149722111197,1.4838940063783854,-1.4103042146760802,-1.4415387481660125,-1.0622400776248013,-1.1056811628312455,0.9208385118068935,-1.0851796342236772,-0.4919601861493383,0.26760520473439486,-0.3414195535111122,1.3428675852380363,-1.2265357961795305,1.344227657773261,0.9554726298079799,1.6562428575371126,1.0872846843245239,-0.7133741297612556,2.818848154371555,0.28886546035370086,0.09200206532823493,2.413437979917863,2.256571125088835,0.7133741297612556,-1.0872846843245245,1.3850658500071569,-1.0850176963188372,0.32735324499704527,1.002588278879574,1.4003583228654286,-0.2140147004052217,-1.0357458890816678,-1.482135726645747,0.3258135853852078,3.4985175019737125,0.8069707847160468,1.4831228835896608,1.3119445652744073,2.394599547255459,1.4262526241265279,-0.04248097655033679,-0.3759724034796717,2.141785645887079,0
0.8273124894479005,-0.02473435322416849,-0.4445202009343899,-0.4281154315628296,1,0,0,1,0,0,-0.36935237260751347,-0.2053299600070346,-0.6431763394547153,0.2947689684743374,-0.523245129115853,-0.38571679502840883,0.5503867984692443,-0.46764458135535236,-2.011784617609869,0.10153925148268146,-0.3379628111999673,0.9175283180783761,0.8538768796111473,-0.23472888561720803,-0.8945735541375897,-1.4979024541599688,-0.5358991028716843,-0.40652193784114926,0.7365263065465976,0.5209213695068188,-0.9998645779543048,-0.2543072844988355,1.244929458187544,-0.6685613549277225,0.04247865738782307,-0.5209213695068188,-0.7365263065465982,0.1317027369921738,-0.4846237089171882,1.6283113888235585,0.4340862571144791,0.18851042614798086,2.7474547173975705,1.6557080335896,1.3416409041622488,1.2559800380379649,-0.9146852597229018,-0.17942508891434333,0.20587258615124074,0.8321925247143505,0.4822876101929924,-0.4136917878478824,-0.4540570296619595,-0.26463402725168356,0.5334696962929761,1
0.4932090788038099,1.5213316050635446,0.5693561964423357,-1.6014324776621007,1,0,0,1,0,0,-0.2810198135785862,-0.28208427435022915,-0.7966945164632545,1.7905783227234684,-1.4428893577510453,-1.600739347622593,0.2441845925716771,-0.011950105414609826,-0.23516103740448377,0.23089282986506143,-0.05841868396642912,-0.8449457187226511,0.09374104015250083,-0.6354004961649827,0.1149428892448793,-0.10066323981686848,-0.2590983530224526,-0.5757868498823325,-0.6555439899627394,-0.5022446364654003,-0.9744293091553435,0.1315491578826244,0.22031616798320386,-0.5688388088221018,-0.48619664082542885,0.5022446364654003,0.6555439899627387,-0.3696425082138195,0.5660657690356972,1.3644807162993,1.093031782342202,0.9224464762726329,0.6366201323679207,1.0032343553662626,1.5631135810883663,1.5660355222555504,-0.8869292675109735,0.19995793940503753,0.23324223538206504,0.31354167005482897,0.05920974801103089,-0.09645999267988113,0.7806711296729086,0.5704037944582268,0.038603250264021984,1
1.726821671951222,-0.05050211919562982,-1.168717627632051,-0.8681093238500562,1,0,0,1,0,0,-0.05387894750420167,-0.364653309476999,0.4570372624398156,-0.4794642678836267,0.32283795615427174,0.0900962325609221,0.22681488690327103,-0.37539915536559526,0.1929016636762784,0.7868291681889585,0.9269239660433566,1.010759182183546,0.028938868381875517,-0.3040632686178798,-0.03718543234144662,-0.1376938125732723,0.3902309861521676,0.6107559572526322,1.1569031123463245,0.23115255077283092,-0.6192080568603077,0.4779955720690399,-0.4020720389849349,-0.676009078304412,-0.6087622345961499,-0.23115255077283092,-1.1569031123463254,-0.5367575899491508,-0.40957446049198204,-1.155557086777232,-1.0388507992769007,-0.8526546682148961,-0.4660546508565234,0.18764225758709038,-0.319404172783631,-1.2244638357027204,-0.5261013687559044,0.5793409677244183,0.3518440487156324,0.08014878545804377,-0.194636969298146,0.506280418139323,0.2044646553166367,0.3477270420022505,0.10046155601764112,1
0.15910566815972013,-1.158516055968491,-0.15484123025532542,-0.13478617003801185,1,0,0,1,0,0,-0.016022136491804253,-0.373375390652362,0.03486227566633282,-0.389773571594027,0.037483608885764484,0.014073474393453808,-0.988278240264596,0.17790195277829302,-0.15511521858341312,-1.0592622692777913,-1.0875637079192528,-0.49998446354846704,1.7963602245565415,-1.265761348816841,0.5663942617924124,-0.22755611671622425,-0.49079936482006536,-0.2829953492893401,0.6399373556703797,-1.3166012534636966,0.10949112472096807,0.3232253244614144,-0.016624251677459807,0.9443267391896273,1.1375962067713228,1.3166012534636966,-0.6399373556703803,-1.2330704305130304,0.340918023760079,-0.45504116317834126,-0.4961897785011287,-0.6478353053894121,-0.05648973137315825,1.0032343553662626,0.7325910426154264,-0.790386157798101,-0.19302946221276363,-0.1035484832504671,-1.0896241441077272,-0.9312203811280227,-0.5500223735309933,-0.4136917878478824,-1.0302635040182315,-1.545025353873546,-1.198562864808365,0
0.46750881644657266,0.28447883843337485,2.452269505856255,0.3052077222492148,1,0,0,1,0,0,-0.596493238681898,0.25287003773870237,-0.42569225535928473,-0.1710440025780999,0.37176568443070757,0.3266611682702793,0.7601755779498555,-1.808143247034352,1.5900914162345063,-0.39666917629693316,0.4985190865796513,0.4684480293306448,-0.008546902197536477,1.5705134397971217,-0.5457689961022785,1.255677017845719,0.26033786138150783,0.6841385744233583,0.9153149533513734,-0.26889098598050765,0.5121958783852825,1.9349939521077477,-0.9118739284653473,0.7940210331245879,0.01982893314871272,0.26889098598050765,-0.915314953351374,2.0256736633259265,-0.18442671521636386,1.2644070129280303,1.8295003105378922,1.8782701694582253,0.06953024385249205,0.758556726032511,0.34501385799472056,1.1939689411944467,0.8339422496285867,2.476256109321323,1.182056742050605,0.45617065508619664,0.7699805564767266,1.1724671879921262,0.4514102871836102,0.3477270420022505,1.1520527538291696,0
0.3904080293748593,1.0575118175772313,0.27967722576327125,-0.13478617003801185,1,0,0,1,0,0,-0.07911682151246661,-0.3576756445367086,0.9559713377175679,-0.5853571544707026,0.5557942718849004,0.17729880810595924,-0.10925817975497734,-0.9409206185034639,0.936854367060225,0.22859785077873598,-0.04658214241799044,-0.23539659680290836,-0.1428468393776166,0.3700522511633256,-0.61355360964343,1.3900542324850331,0.10951305627450854,-0.2785423268304297,-0.5505532963957722,0.22497917377587734,0.5216780077580063,0.6767985406205156,0.11615914274991751,-0.2002296765301727,-0.211383301736273,-0.22497917377587734,0.5505532963957714,0.35452284597261524,-0.5596729573423944,0.05442496307539909,0.7700192699756713,0.785900234388976,-1.6002344278873806,-0.13859458152457876,0.12354118106860354,-0.10826409251941274,0.6674062963570164,0.8828473903799233,0.6164173246135901,0.585833368751077,0.46536449570571364,0.2524949820049213,0.4514102871836102,0.6260729825722207,0.47161139053935697,1
1.7525219343084582,-0.7204640344536393,-0.4445202009343899,1.478524768348486,0,1,0,1,0,0,0.7284951467520117,-0.5611908719618456,-0.7583149722111197,1.4838940063783854,-1.8155323563488843,-1.5783797128674553,-2.781899576390681,-1.1105869081073938,0.7662549617794754,-2.7046147610282647,-2.3787270312289874,-1.314012840195487,0.9668341552074531,-0.608127192180094,-1.2195810428157987,1.222483490678039,-1.038583447037755,-0.7434306540525571,-1.1598770966922176,-0.6418048099999468,3.2606655548332313,0.302565868948198,0.18098180982731418,2.623918487238874,2.3666463044026584,0.6418048099999468,1.159877096692217,-0.6760201580619267,-1.2351161931692491,-0.5733100853443877,0.09815324425328795,-0.32353798091572933,-1.3166894836296663,-0.5463906304141645,-0.04256332662598434,-0.23228628620644656,3.692809447457211,0.6552175733882943,1.0269620630759395,0.9748215097457181,2.1238297154590033,0.9186817518577256,-0.28942660841731066,-0.5986491559356475,1.770635811365363,0
0.8273124894479005,1.2378861793774645,-0.4445202009343899,1.0385308760612593,1,0,0,0,1,0,-0.36935237260751347,-0.2053299600070346,-0.11865590134220637,-0.34579619792944905,0.2846121272823506,0.10932551845034055,-2.6110290252054607,-0.8406110836658732,-1.128923127396822,-1.837435886775775,-1.5331303340709717,0.5462847742739851,1.6747241416411782,-0.29154748783973605,-0.8615822729812987,-1.3960240121345144,-0.6684080957965223,-0.5323602369958472,0.5581846313588362,0.1914665557924087,3.33938860439179,0.29065088594181393,0.14040623414739795,1.8194753155060528,1.473398364915744,-0.191466555792408,-0.5581846313588369,0.10385022336961848,-0.40957446049198204,1.801165967373935,0.6278937645343975,0.3079883877961804,2.7474547173975705,1.6557080335896,1.4523772426253072,1.4420133285685155,2.9711536499470723,0.19995793940503753,-0.1864257194905595,-0.08841274230630035,0.6345956405784983,-0.1916295312302808,-1.4418395571298541,-1.545025353873546,0.10046155601764112,1
-0.4577006284139859,0.49062096620506923,0.27967722576327125,0.5985369837740325,1,0,0,1,0,0,-0.25578193957032125,-0.29138782760394966,-0.2977604411855021,-0.2780941884721383,-0.04056155627700565,-0.009180545751889433,1.001673677009856,-0.4310528277375791,0.41037370772659687,0.7554363978156948,0.4690978988507083,0.9347565303552953,-0.7230393909542022,0.8904783600112123,-0.6827782798362362,0.1642086321202913,0.8963887516102481,0.21171881568144466,0.6912331826893887,0.5893397650429548,-0.5030961461863451,-0.09235875832006507,-0.39598076700206386,-0.13170209495204432,-0.40314802723899384,-0.5893397650429548,-0.6912331826893894,0.7166055230658329,-0.7097714541928067,-0.30038180342274146,-0.173177266134598,0.18851042614798086,-0.8126095827270634,-0.5463906304141645,-0.8730858650989243,-0.8523972546416179,-0.22078545442469194,0.35171115073279,1.3918907194869166,0.9359226956462544,0.8207498999385615,1.0455744699249259,0.8629863402952329,1.3497724280541432,1.646919199858125,1
-1.1516077120594044,1.7274737328352407,-0.15484123025532542,-1.161438585374874,1,0,0,1,0,0,0.04707254852885811,-0.3943083854732332,-0.06748317567269331,-0.36026243926648127,-0.09118905634287068,-0.024832290080485844,0.14684521226314548,0.36709191687932413,0.3819970820298833,0.2903890274642616,0.3424604754939448,-0.32891441426121276,-1.1904902047352344,-0.17150949435268278,0.3145421671655566,0.2961820427239554,0.5620248706874451,0.8472321855674263,0.594470599903532,-1.0381887348318,-0.37556210818318536,-0.18874373824469,-0.22456841886258513,0.1649973993223315,0.381941938367705,1.0381887348318,-0.5944705999035328,-0.3696425082138195,-0.03432821836595151,-0.8826288048555859,-0.6124742829530796,-0.3747428216220998,-0.5290646384693491,-1.1173050988595852,-1.4267675574142176,-0.9144083514851348,-0.6093693453916895,-0.5588081172337243,-1.244718823082393,-1.1516469943583196,-1.0238695791747903,-0.5088613263982832,0.2044646553166367,-0.26463402725168356,-1.3222794763156045,0
-0.4577006284139859,0.28447883843337485,-1.168717627632051,0.3052077222492148,1,0,0,1,0,0,-0.7479204827314877,1.5233865289499147,-0.42569225535928473,-0.1710440025780999,1.0290744043503497,1.3037772070697982,-0.7224741440448426,-1.7366146850678215,0.3534054065767373,-0.2635677311114214,0.5519581087886782,0.2302755255809061,-0.42109670922391196,-0.8193967919202173,-0.5888817114462217,-0.008695279806471614,0.37410437536536395,0.9981412283404545,0.3041828515459622,0.012383503443245562,0.18588626443623835,1.7936293842269173,-0.4918549475775178,0.7270184954908505,0.2569180629418226,-0.012383503443245562,-0.3041828515459622,-0.6481676444393714,-0.3345252120667762,0.855014590045561,0.7183372679970265,0.8541733553308051,1.3612349899154128,-0.6279498401920818,-0.8177176958673952,1.13195784435093,0.3343343898138759,2.020996475338066,0.6346637574341392,0.2616765845888761,0.549980068142106,0.6331731362065233,-0.28942660841731066,-0.32030321536567735,0.7809029193074537,1
0.8273124894479005,-0.46278637473902035,-0.4445202009343899,0.3052077222492148,1,0,0,1,0,0,-0.36935237260751347,-0.2053299600070346,-0.2721740783507456,-0.2873525829278389,0.13202241968785935,0.06415905624496233,-0.9664401965597482,-0.13409504041765688,-0.9642425822828611,-1.0088086212663354,-0.7594652979240893,-0.35842185132253124,0.9899821009308406,-0.30057506211579305,-0.911676653635785,-1.2183514104830426,-0.11896626507548655,-0.3577942854643862,0.5538927426062359,-1.0381887348318,1.0435275585810206,-0.7292480068329893,0.09382624212504122,1.2448704524293852,0.638025602098098,1.0381887348318,-0.5538927426062367,0.0759977097470634,-0.4846237089171882,1.7192874827974407,0.6795757665130432,0.59814915179895,2.243374816494967,1.4925896140337656,1.2862727349307197,1.4420133285685155,0.917210226264372,-0.7105613285614767,-0.11343998820836432,-0.0495139282068366,0.4484413812184362,-0.4771381468814831,-0.5363722402842841,-0.9883334727336057,-0.45626319576493324,1
1.726821671951222,-0.46278637473902035,-1.168717627632051,-1.161438585374874,1,0,0,1,0,0,-0.05387894750420167,-0.364653309476999,-0.7711081536284979,1.5186129855872628,-1.447150066201373,-1.4540601436288896,0.3724926989977852,0.436707314529904,-0.2772698377699347,0.019653687570226775,-0.19099959271185843,0.4017875034998134,1.0751029846169464,-0.20610422065440887,-0.14363215680147418,-0.24854184690400144,0.5174131459749416,0.5344486941873784,1.2718086794045298,-0.7133741297612556,-0.7238970742600235,-0.743282035974291,0.12927656997186995,0.4865071545656136,0.7700939527909859,0.7133741297612556,-1.2718086794045305,-0.45320004908148526,-0.4846237089171882,-1.1282642585850677,-1.0646918002662225,-0.8355863879794388,-0.49755964466293656,0.35076067714292497,-0.2086678343205727,-1.1004416420156866,-0.6926373220274746,-0.7105613285614767,-0.058700689746716966,0.015317428625603584,0.2115177783965368,0.2207718024881207,-0.7010026615289333,-1.0440026608476,-0.023255055489598248,0
-0.4577006284139859,-0.7204640344536393,-1.168717627632051,1.478524768348486,1,0,0,1,0,0,-0.7479204827314877,1.5233865289499147,-0.7583149722111197,1.4838940063783854,0.07660068919937087,0.024806099075919918,-2.6470094538240123,-0.8083191050307565,0.35980154109541257,-1.6229886014747903,-1.2048976834286502,-0.48657680676781057,0.06749305874859995,-0.3834192326960602,-0.944705619114013,0.604337760737473,0.32836241859354703,0.8209878789017391,0.12355936367902995,-0.7861774033115495,3.297623101277941,0.1630579884496016,0.11544040732929112,2.5181514475018365,2.367960870906688,0.7861774033115495,-0.12355936367903066,-0.5646101035717058,-1.0850176963188372,-0.982702508226857,-0.5607922809744348,-0.40887938209301433,-0.7180946013078251,-1.1988643086375024,-1.3713993881826885,-0.8523972546416179,3.581785478609498,0.4275877563966659,0.7988816528190786,0.7414286251489338,1.8192136546879905,0.9186817518577256,-0.28942660841731066,-0.6543183440496418,1.4613442825972665,1
0.6988111776617119,-1.41619371568311,1.4383931084795292,-0.13478617003801185,1,0,0,1,0,0,-0.5081606796529707,-0.06693960535794147,-0.3617263482723934,-0.21791462451008428,0.2556084424433621,0.11692779426708738,0.6580155015613175,0.05805124075186664,-0.10397273328659747,-0.12618781083695188,-0.42893185616753415,1.5298784115388877,1.2146106523820432,0.14908917070797825,0.1294442818066892,-0.6083680890980128,-0.2547134736594027,-0.7812776371560031,0.7869085454439438,1.3061253713295295,-0.7660184300870456,0.04999729014700533,-0.4692170492386907,-0.0820979288391301,-0.20513312896020838,-1.3061253713295295,-0.7869085454439446,0.1317027369921738,0.11577027848446049,-1.6069330893092284e-4,-0.3153027715758717,-0.3918111018575571,-0.024984737566746233,1.4110304042558486,1.0648000580046022,-0.4183195767369984,-0.7203933142394032,0.04820472807728505,0.014285041535478216,-0.23104172733766892,-0.24540631275998087,0.28421816152172197,-0.6186874509066087,-0.04195727479570725,0.47161139053935697,0
1.521219573093319,0.05256894469021735,-0.8790386569529866,-0.4281154315628296,1,0,0,1,0,0,-0.5838743016777656,0.20053755068652426,0.2267599969270068,-0.4389587921399365,0.9411737387828446,0.49346404354360673,0.2856162515383665,0.5180233035323079,1.3505762782842508,0.2243632107176356,0.4446173041853773,0.3431431168511728,-0.6875732645506598,-0.2519346063008661,-0.7764598413637281,1.0871796357376018,0.2528253660533507,0.7842910548884204,1.0833762813478618,-0.6064731204975302,-0.6488864405954637,-1.4888436651144714,-0.7537723302758035,-0.052402917832759646,0.187683294228594,0.6064731204975302,-1.0833762813478625,0.27096530510494976,-0.18442671521636386,2.356120140614615,2.7339353451641775,2.7487524614665317,1.0776900456576979,0.8401159358104279,0.34501385799472056,2.4341908780647894,-0.5261013687559044,-1.317574173872486,0.5251851605108457,0.028283699992091807,0.008440404549195996,1.331083085576127,0.7806711296729086,0.514734606344233,0.47161139053935697,0
0.46750881644657266,0.28447883843337485,2.452269505856255,0.5985369837740325,1,0,0,1,0,0,-0.6343500496942954,0.27322156048121604,0.6617281651178678,-0.5321213863504239,1.3095560289303556,0.6213611543429945,1.1262877767762693,-0.12500380929572766,1.1009146232737508,0.6708578399033894,1.1326118895040682,1.2265089778588663,-0.5380331410124034,1.3868026602800654,-0.7159507671967903,1.2658312124266973,0.12836925798364204,0.5308313963344267,0.9068055190224368,0.7734532878151856,-0.18045369253727975,-0.5456521104792935,-0.2329488786813326,-0.7789969027661163,-0.9541973865426869,-0.7734532878151856,-0.9068055190224374,1.8864110952131505,-0.3345252120667762,1.409968763286241,1.971625815979166,1.9465432904000532,0.1010352376589052,0.9216751455883455,0.5111183656893089,1.1939689411944467,-0.4150773999081907,-0.7864379342253526,-1.0531312784666302,-0.996051737960463,-1.1931007240475748,-0.8895394805998851,-0.28942660841731066,0.06938110143228039,-1.0129879475475077,1
0.2105061928741954,0.7225308599482267,0.5693561964423357,0.3052077222492148,1,0,0,1,0,0,-0.6974447347149578,1.2442799313382982,-0.15703544559434116,-0.32612210971108524,1.048156237724814,1.2089723557080143,0.7267311387435745,-0.9702224663674768,0.13143064182161784,0.6854694564413985,0.8587807212598575,-0.060711804145538555,-1.2828650887332351,0.21643323325626235,-0.451869707327518,-0.6815360366538451,0.16644538025226527,0.03755114086815232,-0.24687185720061178,0.16204084244106823,-0.79427980250569,0.8789876303804683,-0.8645480800750179,-0.7609806229877215,-1.0797956169310265,-0.16204084244106823,0.24687185720061106,0.1317027369921738,-0.4846237089171882,-0.2276009282436361,-0.5349512799851129,-0.4430159425639276,0.3530751881102058,-0.6279498401920818,-0.5962450189412776,-0.17027518936292965,-0.8036612908751883,0.6552175733882943,-0.3688900476960481,-0.7367263106307022,-0.9561771212256767,-0.033013633646279864,0.5337254978059351,0.6817421706862145,-0.76555472453303,1
0.08200488108800677,-0.5916252045963298,0.27967722576327125,1.0385308760612593,1,0,0,1,0,0,-0.48292280564470574,-0.1047352904511812,-0.2977604411855021,-0.2520549540654803,0.2862315061001322,0.11424463809647085,-1.39069649790504,-1.1147336140642445,1.0742442825374245,-1.1037279405574496,-0.5594504350786582,0.35972624571018136,1.366187673736961,-0.8895150147436406,-0.9910559764906577,1.1829907904508976,-0.9985267993678704,-0.5229317279258893,0.27586209560863995,0.21702702713573208,1.045004411747161,0.5371887477769366,-0.2797362644189105,0.5009431595318687,0.21677191330963386,-0.21702702713573208,-0.27586209560863995,-0.8988402670423681,-1.009968447893631,-0.4277483349861756,0.21443774870523882,-0.20406001926752979,-1.033144539371952,0.758556726032511,0.6772228733838963,-0.4803306735805153,1.1115021717478706,0.6552175733882943,0.39746013076700454,0.1838789563899486,0.38074892326932136,0.37938770007212164,-0.6186874509066087,-0.5986491559356475,0.5953280020465953,0
-1.1516077120594044,-1.1842838219399534,-0.15484123025532542,1.0385308760612593,1,0,0,1,0,0,-0.07911682151246661,-0.3512794516747757,0.12441454558798068,-0.4048184625845405,0.1529144092057296,0.042693806880030105,-0.9325813248375733,0.9140314203698574,-0.4610917264563722,-0.424557942869476,-0.6738708912151141,-1.081885342849241,0.37973834128000566,-0.06836098459021282,0.08612331917908227,0.6492721711528887,0.3841477892537666,0.7747656831050609,-0.1602775458261487,-1.3166012534636966,1.2284715434035558,-1.168260358936945,1.2827837531693038,0.9544647626432059,1.6324730557045348,1.3166012534636966,0.160277545826148,-0.2582324537235989,-0.18442671521636386,-0.7734574920869285,-0.354064273059855,-0.18699173903207253,-0.6865896075014126,-1.2804235184154193,-1.3713993881826885,-0.6663639641110671,1.3057941172313696,-1.0140677512169813,0.4339529964081015,1.0655854093111348,1.446905135967865,-0.0647368131630805,-1.0302635040182315,-1.545025353873546,0.34789477903211874,1
2.343627968524927,-0.12780541711001567,3.176466932553916,1.7718540298733036,1,0,0,1,0,0,-0.44506599463230834,-0.12217945280190722,-0.7455217907937414,1.4665345167739468,-0.8254325630108704,-1.227333447211793,2.0287730456741437,0.24275002351833033,1.2951642978091833,0.546335633769651,1.0842625024474442,0.6975470976151378,-0.5273473588249805,3.8105061719420394,0.5053704620136967,0.9260004556810935,2.380252095885134,2.6537691028999304,1.815869993936328,-0.8495867060811616,0.9863545633581927,0.17308700924741727,-0.8399918285499749,1.6221530387779617,1.1812946587531028,0.8495867060811616,-1.815869993936329,4.448842348488228,0.9413120111617277,1.2280165753384769,1.5969313016339897,2.7146159009956183,0.6366201323679207,-0.22015379130249568,-0.9284540343304539,1.938102103316653,1.1115021717478706,0.35171115073279,0.5525548097416701,0.002351157259115363,0.65151875506577694,1.2359135470257274,-0.04248097655033679,-0.4316415915936655,0.9664778365683122,1
-0.3291993166277972,1.0832795835486928,-0.4445202009343899,-0.13478617003801185,0,1,0,1,0,0,0.009215737516460692,-0.37570127896579214,0.25234635976176334,-0.4412733907538617,0.16065221996958012,0.052084853477187956,-0.0750756240536683,-0.3131811374189539,1.68578803125584,0.1845136077994048,0.7620470458226707,-0.052786526904265,-0.7721988438435247,-0.8572103314434534,-0.44914000053993564,0.31306782551036505,0.09541373004895157,0.6373692557156202,0.416552302523086,-0.4851260289008703,-0.7521199801871051,-0.020087653171599183,-1.9899257404681578,-0.1546553588777107,-0.36843145721213766,0.4851260289008703,-0.4165523025230867,-0.8431352397972577,-0.4846237089171882,-0.23669853764102378,-0.04397226118798574,7.593435579547688e-4,0.06953024385249205,-0.22015379130249568,-0.4301405112466897,-0.10826409251941274,-0.7481493064513315,-0.1035484832504671,-0.25028823436248077,-1.2035120798242718,-1.176177609560296,1.2993599060593275,0.4514102871836102,0.23638866577426285,-0.7036964187794109,0
0.8273124894479005,1.2378861793774645,-0.4445202009343899,0.3052077222492148,1,0,0,1,0,0,-0.4703038686405733,-0.10764265084296887,-0.3745195296897717,-0.20865623005438366,0.1666259735798757,0.07846922248825047,0.3040917740828365,-1.3211605450183754,0.07152026200943463,-0.2279950546003374,-0.2419957580740892,0.8199500401401972,0.5690448816831264,-0.319121631041806,-0.8806428037398659,-0.9773534858851367,-0.17382897331311253,-0.16271526241225143,0.8331516374419781,0.2920044097428146,-0.7417095879182171,0.9311256814268037,-1.0799165918135594,0.13564077540021277,0.15574655368255647,-0.2920044097428146,-0.8331516374419787,0.02029268250195297,-0.4846237089171882,1.555530513644453,0.705416767502365,0.59814915179895,2.1173548412693166,1.4925896140337656,1.1201682272361313,1.2559800380379649,-0.7203933142394032,0.8069707847160468,-0.13168642102891215,-0.6589286824317738,-0.5669454880182719,0.9186817518577256,-0.4540570296619595,-0.3759724034796717,-0.1469716669968365,1
0.8273124894479005,0.5679242641194551,-0.4445202009343899,-0.8681093238500562,1,0,0,1,0,0,0.3246891626197725,-0.46234061864106474,-0.4001058925245282,-0.15715641089454896,-0.62894144698481,-0.234118471388575,0.231045967899615,0.7962615014785476,0.07823880055529087,0.007196178880878405,-0.08793973163144224,-0.9982353538097671,-0.5857132988897905,0.13096158053797635,1.3711480275663872,-0.5273750135839438,-0.18709440630687518,-0.6927018875199056,-1.2550770539175564,-0.11670382262079637,-0.1904197744465687,0.280692094175283,-0.6369160901738559,-0.19524118404007376,-0.5619626116265776,0.11670382262079708,1.2550770539175558,0.02029268250195297,1.0914105080121401,-0.3549674598070702,-0.5607922809744348,-0.596630464683041,-0.30852968182446,-0.5463906304141645,0.012804842605544792,-0.10826409251941274,0.05677446769459199,0.6552175733882943,1.0908245779478607,0.5469345546516133,0.43151826673115745,0.9504049313745251,1.1922471827845313,1.2384340518261547,0.6571863078002155,1
0.5703098658755232,0.7482986259196881,-0.8790386569529866,2.9451710759725747,1,0,0,1,0,0,-0.29363875058271866,-0.2524291983539949,-0.68155588370685,0.30344871327655676,-0.7499809398432712,-0.42864729375827326,-3.63756072935766,0.37339368174545207,0.24771833731001772,-2.3879770578515442,-2.4786541478287685,-2.161803496368439,2.060541309288759,-1.2836310157156987,0.1023624262989361,1.3665394805204756,-1.2755304562735272,-0.8074180096455744,-0.47959406901947754,-2.472786573893375,3.7755277558777536,-0.4099501148336048,1.0346011236417607,1.9612087796850661,2.4340852514009557,2.472786573893375,0.4795940690194761,-1.2609229441355856,-0.10937746679115769,-0.5915053041391644,0.14983524623193267,-0.3747428216220998,-1.3166894836296663,0.2692014673650073,0.5664865349208381,-0.4183195767369984,3.2487135720663565,-0.482931511569848,-0.350643614875499,0.20981149912292413,1.0069041592986248,-0.3819686083310823,-1.1125787146405561,-1.8790404825575102,0.10046155601764112,0
0.18480593051695732,-0.46278637473902035,-0.15484123025532542,0.3052077222492148,1,0,0,1,0,0,-0.06649788450833415,-0.35883858869342367,-0.3233468040202586,-0.2468471071841487,-0.2569718065016662,-0.08520330391935772,-1.3862314787104673,0.7826042606450797,-0.04379938005610333,-1.555915352747551,-0.907871440372606,-0.3898062407412984,1.7580100808112784,-1.1771081901174023,0.588818320927079,-0.2036308240248219,-0.7257334139915946,-0.5313737326335414,0.44932672572474713,-0.9772859963810728,0.7514359816400483,-0.48428364025951876,-0.1447541202385291,1.3823164319910328,0.6614943099525514,0.9772859963810728,-0.44932672572474786,-1.1216603760228097,0.491016520610491,-0.12752722487236504,-0.21193876761858224,-0.47715250303484213,0.1010352376589052,1.166352774922097,1.009431888773073,-0.5423417704240322,0.5563823275093027,-0.5588081172337243,-0.3871364805165972,-0.39960325510201306,0.1438253204474232,-0.5088613263982832,-0.7833178721512579,-1.211010225189582,-0.7036964187794109,0
0.2105061928741954,-1.41619371568311,0.27967722576327125,-0.13478617003801185,1,0,0,1,0,0,-0.8236341047562825,6.247847165604879,-0.3617263482723934,-0.21791462451008428,2.400338970197056,4.973440463083003,0.5669573516148698,-0.9441651397191815,0.9999169906599564,-0.010172062411690322,0.547368174300256,1.1089183916556462,-0.20365397939334975,0.06141601264278253,-1.4688403756063684,1.0555200362335826,0.4713570016961975,1.041859433387513,0.5274811195133241,0.9892830742375731,-0.7270018425028018,-0.17555575871832402,-0.3062241811991228,0.48113133431187194,0.305567520743526,-0.9892830742375731,-0.5274811195133248,-0.11896988561082296,-1.4602639384448675,-0.6551885699208807,-0.05689276168264715,0.13730558544161034,-0.7811045889206503,-0.709509049969999,-0.983822203561983,-0.23228628620644656,-0.6926373220274746,-0.17942508891434333,-0.040454256926167845,-0.1921429132382052,0.008440404549195996,0.1890486229713212,-0.7833178721512579,-0.4316415915936655,0.47161139053935697,1
0.05630461873076867,0.4648532002336079,-0.4445202009343899,2.505177183685348,1,0,0,1,0,0,0.2363566035908452,-0.44373351213362366,-0.6559695208720935,0.27451623060249236,-1.110663994182028,-0.5534140556919419,-1.418488286917004,-0.5533239931553774,-1.592670640512085,0.054641266493227994,-0.07127040661796348,-0.40285258774363597,0.07297700208965592,-0.6848139349695656,-1.4098732454567375,-0.7654229266040758,0.057149885120896124,0.3030852230074051,0.42176776227307794,-0.9677470132502359,1.288184477886458,-0.6529255216190749,1.4080578962308545,-0.017147978071872443,0.38855874865499596,0.9677470132502359,-0.4217677622730786,-0.5646101035717058,-1.2351161931692491,0.5093054329448095,0.007709740790658993,0.03489590402886805,1.3612349899154128,0.6769975162545934,0.5111183656893089,0.6358690696027934,1.7776459848341521,-0.2553016945782196,1.446630017948564,2.0899208472636905,1.9545985705862188,-0.033013633646279864,1.1922471827845313,0.7374113588002092,1.275769365336409,1
1.7011214095939837,0.20717554051898904,-0.15484123025532542,0.3052077222492148,1,0,0,1,0,0,-0.7983962307480176,3.9335882937418942,-0.5408308881156891,-0.03563998366347836,1.384421077291246,3.0527478376166717,0.18316003544448364,-1.2375492868121238,0.23044788478627348,0.6369317995750718,1.030813204154573,0.1931652446975308,-0.434187675322725,0.03048626182691691,-0.8389105719362556,0.36326700830855974,1.0104117534427761,1.1829435041141325,0.7547787594442794,-0.4851260289008703,-0.2242269742863877,0.8581730392668752,0.050018331460700206,0.1414532287747968,-0.18519355997556167,0.4851260289008703,-0.7547787594442801,0.10385022336961848,-0.7097714541928067,0.32735324499704527,0.47284775859846334,0.8883099158017184,0.25856020669096863,0.18764225758709038,-0.1532996650890431,1.0079356506638961,-0.1375174777889068,0.9587239960437993,0.3700904815361815,0.3394742127878045,0.38074892326932136,-0.09645999267988113,0.4514102871836102,0.23638866577426285,0.47161139053935697,1
-0.020796168340944693,-0.5916252045963298,-0.4445202009343899,1.0385308760612593,1,0,0,1,0,0,-0.6091121756860305,0.26740683969764073,-0.2977604411855021,-0.2520549540654803,0.5770799143396683,0.40044796296223384,-1.7200066821937368,-1.0518353151403717,0.8972625421451237,-1.3540559680119313,-0.6208528976502186,-0.2485383538379957,0.5506217603952481,-0.970456086293772,-0.9204066318877516,1.1694211886503298,-1.183176505956452,-0.5280970222184902,-0.6501878279857761,0.30587169994287167,1.4220428743059714,0.5216338210680125,-0.05143243754139706,0.6560246865670313,0.2915552173637458,-0.30587169994287167,0.6501878279857761,-0.8709877534198129,-0.7848207026180125,0.34554846379182197,0.9250652759116064,0.3421249482670949,-0.40304466324369825,-0.13859458152457876,0.17890935030013266,0.5118468759157585,1.333550109443298,0.5034643620605421,0.05077790717657645,0.015317428625603584,0.27921023634565156,-0.12818317219668063,-0.7010026615289333,-0.6543183440496418,0.34789477903211874,1
0.7759119647334253,0.8256019238340739,-0.4445202009343899,-0.4281154315628296,1,0,0,1,0,0,-0.785777293743885,2.413038808836942,-0.4896581624461761,-0.1044992924277517,1.2927480394660236,1.936554870640196,0.5486718496302497,0.8110275853436011,-0.039662101596926395,1.4326867526158045,0.9766686560576154,-1.009068794140722,-1.2556258406954475,0.6026916513413577,0.07709628610363431,-1.0297170521559005,1.7098296342531147,1.1911605067777278,-0.4291756706205317,-0.9505982795318765,-0.1607391663434093,-1.0359274463672417,-0.9805469103114725,-0.2400295769077216,-0.10678069187682714,0.9505982795318765,0.42917567062053097,0.9672781456688292,0.491016520610491,1.2644070129280303,0.44700675760914055,1.1614023995690306,1.9598298722372534,-0.7910682597479163,-0.7069813574043363,1.752068812786101,0.22331042096616224,-0.6346847228976005,1.6838336446156987,0.806259981981374,0.65151875506577694,2.3462248301137336,1.5215080252738291,1.0714264874841732,1.275769365336409,0
1.4698190483788447,0.8256019238340739,-0.4445202009343899,-0.4281154315628296,1,0,0,1,0,0,-0.3945902466157784,-0.15706777750335926,0.31631226684865466,-0.45747558105133773,0.6248857390611107,0.23275070229870082,-0.9630896648123145,-1.2835849232246324,0.9153805965774987,-0.8553090231335654,-0.18208104569213004,-0.02039582676211257,0.3373276591004816,-1.0724954164624119,-0.2939366717602652,0.43465767552027584,-1.2607752162522972,-0.9734389678288999,-0.5008818372323651,0.4689510326955308,0.26757483982218516,1.4673012846800155,-0.8145668952815004,-0.09469581229637845,-0.7136594105687387,-0.4689510326955308,0.5008818372323643,-1.0938078624002545,-0.4846237089171882,-0.7188718357025985,-0.40574627503850064,-0.8526546682148961,-0.844114576533476,0.02452383803125581,0.2896456887631914,-1.0384305451721696,0.1400424443303771,1.1863538130354276,-0.350643614875499,-0.6978274965312384,-0.685407289429221,-0.15990635171348128,0.03983423407198747,0.29205785388825667,-0.332546584257695,1
0.46750881644657266,1.6759382008923163,-0.15484123025532542,0.3052077222492148,0,1,0,0,1,0,-0.81101516775215,4.099307836073791,-0.5920036137852022,0.1992917756499248,1.5365566440209162,2.9986375215092385,-1.7631228175530396,-0.3762468001714127,1.2806689903321393,-0.83338885214788,-0.5972989785447388,-1.166756689293145,-0.18944277396544149,-1.1149373332232924,-0.6731103426865986,1.8853351223657908,-0.055596611652926536,0.512877832828106,0.2654778184316193,-1.8546146340631706,1.3376329505248175,-0.15789662392846285,0.1438625645023797,1.0707259250686236,1.2772433055883432,1.8546146340631706,-0.26547781843162,-1.1216603760228097,-0.7848207026180125,-0.646090960523493,0.3436427536518511,0.3079883877961804,-1.537224440274555,-0.38327221085833024,-0.5408768497097485,-0.23228628620644656,1.5000860627148682,0.04820472807728505,0.6437869738444144,0.6247321828505417,1.0576735027604598,0.7917890337905242,1.1099319721622063,0.23638866577426285,0.904619530814692,0
0.2105061928741954,0.05256894469021735,0.27967722576327125,-0.4281154315628296,1,0,0,1,0,0,-0.8236341047562825,6.247847165604879,0.2267599969270068,-0.4389587921399365,2.9131958643058335,5.144268072612255,0.40605638751662876,0.1515840988268508,1.1870856877472395,-0.1134067909125119,0.22938836669018686,0.13324442369247375,-0.6225568845656084,-0.1294652247700727,-1.3768119205983427,1.0910682568078047,0.34208216913447986,0.9456813472041061,0.6109019818860374,-0.4241556457943308,-0.6939914184983591,-1.5873138905049309,-0.5263675268861375,0.4924080813125004,0.6250576623919373,0.4241556457943308,-0.6109019818860381,-0.28608496734615396,-1.3852146900196616,-0.6733837887156574,-0.05689276168264715,0.08610074473523979,-0.8126095827270634,-0.6279498401920818,-0.9284540343304539,-0.29429738304996345,-0.6371253376036178,-1.4693273852002382,0.11464042204849642,-0.17917664187171697,0.025363519036474696,0.8235122133073248,0.36909507656128593,0.18071947766026855,0.34789477903211874,1
0.2105061928741954,1.547099371035007,0.5693561964423357,-1.6014324776621007,1,0,0,1,0,0,-0.6974447347149578,1.2442799313382982,-0.7966945164632545,1.7905783227234684,-0.5303234463210064,-0.42685852297786225,0.9851769050309355,-0.4505899072764365,-0.7183120534673909,0.545955351469609,0.47996487069843635,0.20448335703731602,-0.5452020632877871,0.5050285899815559,-0.42400585822743814,-0.22739614893560053,0.43147787597021914,0.48929305321783506,0.4251360800282837,-0.14275387761029457,-0.8652938517712279,0.19368902776618124,0.7534454410068844,-0.3097043819158924,-0.14627840534877884,0.14275387761029457,-0.4251360800282844,0.02029268250195297,-0.7848207026180125,-1.4193877593014905,-1.2972608091701252,-1.091610591511294,-0.7180946013078251,-0.9541866793037505,-1.2052948804881005,-1.3484860293897554,-0.7759052986632599,0.27583454506891375,0.2788583174334372,0.6376984542170299,0.46536449570571364,-0.4136917878478824,0.28677986593896093,0.23638866577426285,0.34789477903211874,0
1.7011214095939837,-0.02473435322416849,-0.15484123025532542,-0.4281154315628296,1,0,0,1,0,0,-0.7983962307480176,3.9335882937418942,-0.630383158037337,0.26872973406767947,1.1681743538733984,2.8175244799926227,0.7992656615653511,-0.24505135935106057,-0.3138562734343703,1.2978107411351396,1.0874247033597162,0.9458897517936922,-0.18394899406478402,0.09670762860483563,-1.1455651937820464,0.6732931084185155,0.836036888604694,1.1198018644463732,1.0994917511557436,0.19961827368027837,-1.014769235659367,-0.8112613820582047,1.1056466818529496,-0.9242587159610463,-0.3204368031576492,-0.19961827368027837,-1.0994917511557445,0.27096530510494976,-0.9349191994684248,0.7185504490847379,0.9896677783849125,1.3320852019236007,0.29006520049738066,0.6769975162545934,0.17890935030013266,1.13195784435093,-0.8869292675109735,-0.6346847228976005,0.5525548097416701,1.078551680677623,0.5838262971166633,-0.2233527107470814,0.12214944469431245,0.23638866577426285,0.6571863078002155,1
-1.1516077120594044,1.5986349029779314,-0.15484123025532542,-0.13478617003801185,1,0,0,1,0,0,-0.07911682151246661,-0.3512794516747757,-0.4768649810287978,-0.11317903722997104,-0.46758293208315554,-0.18269131145175824,-0.0514324179997707,0.2372220957581536,-0.42113509847308134,0.6263762783511896,1.1316839933927392,-0.5788919447033799,-1.6619722040628313,-0.2641557167072838,0.06580964171473629,0.5319882473303023,0.37807942942097095,0.89808630371013,0.12355936367902995,-0.9120842410985298,-0.19242325044949396,-0.25966811677213425,1.1103026715379793,-0.4712968513363731,-0.5944381394686225,0.9120842410985298,-0.12355936367903066,-0.3139374809687093,-0.03432821836595151,-0.2730889752305771,0.03355074177998182,0.18851042614798086,-0.11949971898598452,-1.1988643086375024,-1.3713993881826885,-0.23228628620644656,-0.08200549336504998,-0.1035484832504671,0.4795690784594736,1.0137203238451828,0.7361343275021692,-0.9529858396334858,1.2745623934068555,0.848749735028197,-0.08511336124321738,0
1.0843151130202777,0.8256019238340739,-0.15484123025532542,-0.4281154315628296,1,0,0,1,0,0,0.26159447759911014,-0.4460594004470538,-0.4896581624461761,-0.1044992924277517,-0.7344913508946546,-0.26229161118004857,-0.2369043319768521,0.378371761372174,-0.7530723584991057,0.14544710461641644,0.057519318509929154,-0.035705771705676854,0.13957782156224147,-0.4910083085531275,-0.6218607408743799,-1.9963435795862463,-0.06643987392145033,-0.05795984431055173,0.8222348332302418,-0.8641809106868654,-0.16118847602718697,-1.1422935557736054,-0.9766576287016817,-0.262370296541522,-0.13136443812795345,0.8641809106868654,-0.8222348332302425,-0.5646101035717058,-0.7097714541928067,-0.5187244289600577,-1.4006248131274146,-1.347634795043149,1.2982250023025865,0.10608304780917345,-0.26403600355210183,-0.9764194483286528,0.27882240539001907,-0.7105613285614767,1.9301604876931084,1.0007540524786946,0.8207498999385615,2.5365639072145343,1.1922471827845313,0.793080546914203,1.4613442825972665,0
1.0329145883058024,1.4697960731206219,-0.15484123025532542,-0.4281154315628296,1,0,0,1,0,0,0.19849979257844777,-0.433267014723188,-0.4128990739419065,-0.15368451297366123,-0.5717381804767214,-0.2144419928040538,-0.15830590648737233,-0.22679417997169243,1.024030259145973,-0.13683865821315544,0.28907907584691167,-0.6247244837461843,-0.6825129201493703,-1.2276496257169462,-0.6109417461088766,1.8693361187425928,-1.1313978555127056,-0.14144571802012895,-0.83882515761197,-0.020113106998745453,-1.0065248244983311,-0.3007459001186113,0.4786188517789701,-0.9370145472203217,-0.5139111699991536,0.020113106998745453,0.8388251576119693,-1.0938078624002545,-0.40957446049198204,0.6457695739056325,1.5969313016339897,0.9565830367435462,-0.49755964466293656,-0.6279498401920818,-0.319404172783631,0.6358690696027934,-0.9979532363586869,-0.4070549059059717,-0.42362934615769415,-0.127311556405765,-0.48232991558187904,-0.5088613263982832,-0.12479618717266176,-0.15329565102369538,-0.8892713360402683,0
1.6754211472367457,0.7482986259196881,0.27967722576327125,2.9451710759725747,0,1,0,1,0,0,-0.571255364673633,0.1976301902947366,-0.68155588370685,0.30344871327655676,-0.278208395179635,-0.08252014774874118,-1.9104034475465246,0.5063901938943061,-0.8417815865739792,-0.3902131583367246,-0.9286953816289855,-0.2299003365161497,1.1749240551075002,1.3735532161815625,-0.11207020701075406,0.12650723746485631,1.0378288233457922,1.2099390968649266,1.9236829213303015,-2.221441939017357,4.02890068771439,-0.8073059063181703,1.2778712020374197,1.5562460982399504,2.388619512422096,2.221441939017357,-1.9236829213303022,1.5800334453650435,0.11577027848446049,0.7185504490847379,0.6795757665130432,1.1101975588626602,0.7941451013999841,1.247911984700014,0.34501385799472056,0.8839134569768611,3.6372974630333545,-0.7864379342253526,-0.13168642102891215,0.533968283285125,1.1761353041714093,-0.1916295312302808,-0.7833178721512579,-1.545025353873546,0.2860364732784985,1
0.2105061928741954,1.547099371035007,0.27967722576327125,-1.6014324776621007,1,0,0,1,0,0,-0.8236341047562825,6.247847165604879,-0.7966945164632545,1.7905783227234684,1.048156237724814,3.4212346183813414,0.7894335239317726,-0.9051096382621319,0.2574043012228592,0.4749711629489878,1.0019555211982738,0.44612639206613436,-0.7557568518964272,0.07421001685564485,-1.3243505988596693,1.100825550485796,0.3711841187492402,0.9446915118832422,0.6912331826893887,-0.07709346503402185,-1.0235767575176267,-0.08441397370059563,0.754343212160066,-0.27359558030037673,-0.38028385722540836,0.07709346503402185,-0.6912331826893894,-0.06326485836571254,-1.3101654415944555,-0.4823339913705056,0.12399424524260985,0.2738518273252659,-0.7180946013078251,-0.5463906304141645,-0.8730858650989243,-0.17027518936292965,-0.9701972441467586,-0.1035484832504671,-0.06782390615699217,0.3265079414213163,0.19459466390925928,-0.8895394805998851,0.2044646553166367,0.18071947766026855,-0.023255055489598248,1
1.4698190483788447,1.6759382008923163,-0.4445202009343899,0.3052077222492148,1,0,0,0,1,0,-0.3945902466157784,-0.15706777750335926,-0.5920036137852022,0.1992917756499248,-0.34756481593456784,-0.2748130066429257,-1.5781473871205307,-0.38712518490500974,0.1996668860425522,-1.370052704426709,-1.1420913398830592,-1.3601777992011157,0.24638276579101973,-0.8752877049946636,-0.5087880209076955,0.5087703877053591,-0.6090238564954825,-0.15702758307039874,-0.04053384962865217,-1.8149193121744094,1.3198751965277864,0.02164879520039872,0.23831385191429694,1.2469551843584792,1.3314678049441764,1.8149193121744094,0.04053384962865146,-0.8709877534198129,-0.5596729573423944,-0.31857702221751816,-0.018131260198663828,-0.2552648599739003,-0.37153966943728567,-0.30171300108041293,-0.319404172783631,-0.4803306735805153,1.4445740782910115,0.19995793940503753,0.5525548097416701,0.5987996401175653,1.1084428462222957,0.5380035976561225,0.7806711296729086,-0.04195727479570725,0.8427612250610729,0
0.2105061928741954,1.7017059668637786,0.27967722576327125,-0.13478617003801185,1,0,0,1,0,0,-0.8236341047562825,6.247847165604879,-0.822280879298011,3.917115799267204,0.7118913981583822,1.777801463878718,-0.1191564714161576,0.06340005599312962,0.30070338720297796,-0.4300170728956748,-0.32036828115232147,-0.38463242541946163,-0.07101664985305721,0.09774115301661167,-1.2679316421381197,1.206458860304035,0.48119118674584177,0.9217285620483506,0.6912331826893887,-1.2101494081044426,0.263351782539614,-1.3572046514625418,0.8013032002270435,1.0580662668889689,1.31638299677622,1.2101494081044426,-0.6912331826893894,-0.11896988561082296,-1.3101654415944555,-0.7734574920869285,-0.09565426316663046,0.10316902497069583,-1.0961545269847772,-0.5463906304141645,-0.8730858650989243,-0.5423417704240322,0.41760236644966076,-1.1658209625447336,0.6529101902546883,1.0007540524786946,1.4299820214805863,0.15732544345452057,0.4514102871836102,-0.09762646290970158,1.0901944480755505,0
-0.5605016778429365,-1.3904259497116478,-1.6032360836506476,-0.13478617003801185,1,0,0,1,0,0,0.6275436507189519,-0.5332802122006839,1.966632669690451,-0.6843062452160029,0.4130073835573122,0.11871656504749839,0.565310483189042,0.36583273179124637,-0.8591752564455032,1.5026376004114446,0.9716184181581182,-0.10483249281449729,-1.2825984801622916,-0.5590086498029705,0.4999617518009424,-1.3823728623731197,-0.2959130693414091,-0.678839620628128,-0.2763926451691775,0.13114384342216406,-1.3446328443424516,-0.001266197714611322,-0.21463005305188673,-2.3233887902106454,-1.925906293687234,-0.13114384342216406,0.2763926451691768,-0.7595776989295921,-0.03432821836595151,-1.2738260089432798,-1.6719553235153006,-1.6719321195168326,-0.24551969421163483,-0.30171300108041293,-0.2086678343205727,-1.4104971262332722,-1.3032691506898992,-0.17942508891434333,-0.5331079430809875,-0.5551985114998699,-1.3623318689203594,-0.3819686083310823,1.439192814651505,1.6837875567381073,-0.76555472453303,1
-0.7404035143436003,-0.02473435322416849,-0.15484123025532542,-0.4281154315628296,1,0,0,1,0,0,0.2363566035908452,-0.4385002634284058,-0.6559695208720935,0.30923520981136965,-1.110663994182028,-0.5762208831421823,0.2716148724708193,0.5795301991062244,-0.7880796067418874,0.13751552488464822,-0.20114041570678742,0.1530008981668934,0.7042882604478709,-0.6869228933459591,-0.2316548931448077,-0.021202291327514125,-0.8170487584860937,-0.7286211846091506,0.04499736194098943,0.1640471410786609,-1.0640523532754926,-1.0274901722181233,1.0560249651962963,-0.9959461651140151,-0.44986438069964635,-0.1640471410786609,-0.04499736194099014,-0.2582324537235989,0.491016520610491,2.3925105782041682,2.0103873174631492,1.4856997240427134,1.5817699465603012,2.145063292257104,2.3382679503297763,2.1241353938472036,-0.9424412519348303,-0.8623145398892288,0.4978155112800227,1.0007540524786946,0.4822876101929924,-0.28679906978068154,0.28677986593896093,0.4033962301162448,0.5953280020465953,0
-1.3572098109173063,0.6709953280053031,1.7280720791585935,-0.13478617003801185,0,1,0,1,0,0,0.059691485532990585,-0.3850048322195127,0.57217589519622,-0.519969743627317,0.2887552554819701,0.10574797688951851,0.4665241896077288,2.1554874677850497,0.4623443529592151,0.5124007642650803,0.3704571927816743,0.7318478313083348,0.2155770820354192,0.016759242270244227,2.541269983516359,-0.036226652699922264,-0.33163859286985864,-0.429700083320207,-0.01835909107355938,1.0163614779638186,-0.6319676046991987,-0.4126857126582518,-0.6684445114011097,-1.0210675269152392,-0.9011309911418781,-1.0163614779638186,0.01835909107355796,0.1317027369921738,2.667444724941468,0.49111021415003275,0.3953247556304958,0.2397152668543526,0.19555021907814235,1.0032343553662626,1.1201682272361313,0.3258135853852078,-0.6093693453916895,-0.4070549059059717,-0.06782390615699217,-0.39960325510201306,-0.7530997473783346,0.37938770007212164,0.12214944469431245,0.7374113588002092,0.16231986177126023,0
1.0586148506630406,-0.5916252045963298,0.5693561964423357,-0.8681093238500562,1,0,0,1,0,0,-0.21792512855792381,-0.3053431574845305,-0.016310450003180245,-0.3683635344152193,0.1847576347641179,0.04984889000167418,0.2056351473333525,0.5750759741629727,-1.080362305935693,1.328990056609122,1.0359807535394072,1.164302293870845,-0.17945475236148659,-0.15700164800044172,0.23219320999420734,-0.843961559748835,0.6441867957661632,0.4362074041074077,1.7556215933338128,-0.15323465775184336,-0.44281487486958543,-0.5567037615589355,0.6287914883605485,-1.1566152276328827,-0.9209540885295054,0.15323465775184336,-1.7556215933338135,-0.11896988561082296,0.26586877533487285,0.15449866644666885,-0.3153027715758717,-0.05044549714841698,0.8571550890128092,1.4110304042558486,0.5664865349208381,-0.23228628620644656,-0.05424950115312168,-0.02767187758659086,1.9119140548725593,2.02508949043125,1.294597105582359,0.6331731362065233,1.5215080252738291,1.5724491805101195,1.0283361423219313,1
1.0329145883058024,1.6244026689493918,-0.15484123025532542,-0.4281154315628296,1,0,0,1,0,0,0.04707254852885811,-0.38093452767100994,0.07324181991846762,-0.38572302401965797,0.016324097329533317,0.005129620491398716,-0.2688232767708832,-0.11871132215473434,1.6883517719807175,-0.8366157463233345,0.5589672007259819,-0.9438380951762942,-1.9293916193779865,-1.0623622621716766,-0.7017853480999062,1.574330904436079,-1.4677654867295764,-0.48686391032057963,-0.7076772998718532,-0.5854168610971004,-0.6876945446951888,-0.5400981406711486,-0.7259827013521799,-0.32519723224408115,-1.2020125849587349,0.5854168610971004,0.7076772998718532,-0.9545452942874786,-0.5596729573423944,0.4001341201761507,1.1963957862994923,0.4445346296798359,-0.43454965705011084,-0.30171300108041293,0.012804842605544792,0.38782468222872474,-0.7759052986632599,-0.7105613285614767,-0.7794347861583975,-0.996051737960463,-1.0407926936620688,-0.826093121566285,1.8507688677631275,1.6281183686241134,-0.9511296417938885,1
-2.1025174192772003,0.05256894469021735,1.7280720791585935,-0.4281154315628296,1,0,0,1,0,0,2.7222871934049424,-0.7187698051967374,0.08603500133584588,-0.38688032332662053,-0.891970790591087,-0.2537949499730962,0.09233528827229798,0.9955413078416331,0.6611279150713865,-0.6505400542487149,-1.5156527657967251,-0.6469694994524318,1.3637943050267962,-0.35602390446795357,-0.39498224249563296,0.8369724915764297,-0.5586836963467314,-1.2558261624061424,-0.5252107151899527,-0.36149164093482894,-0.48412935647543703,-1.762096227769989,-0.06270737110391154,0.32485645413911335,0.7443530052319467,0.36149164093482966,0.525210715189952,-0.20252742647848845,-0.18442671521636386,0.6730624020977969,1.0413497803635572,0.7346953936826055,-1.1906695084040155,1.4110304042558486,1.9506907657090713,0.44983577907224165,-0.4150773999081907,-1.6210805965279906,0.24236545179233895,0.1709126850234604,0.2961333508329291,0.728342674756924,0.28677986593896093,0.1250502895462747,0.5953280020465953,0
1.521219573093319,-1.6481036094262664,-0.8790386569529866,-0.4281154315628296,1,0,0,1,0,0,-0.571255364673633,0.1801860279440106,2.503946289220338,-0.7057162823948105,1.6525821647156829,0.6839681316573802,0.15690883191918287,-0.9279194704778042,0.16017573856011594,1.9513402392758745,2.1055317235924895,4.185019235235854,-0.6571104710819884,-0.14077405132217669,-0.9423498873944329,0.7567445100715539,0.3237873580175129,0.7322455243096657,0.513835114248652,5.198251682522675,-0.35884532375916683,0.3295731637626698,0.5414896519288906,-2.3150727716363404,-2.022399126656499,-5.198251682522674,-0.5138351142486527,0.38237535959517033,-0.40957446049198204,2.2469488278459564,2.4109228327976466,2.4756599776992205,1.2667200084961745,0.35076067714292497,0.12354118106860354,2.4341908780647894,-1.0257092285706153,-0.9381911455531051,-3.361305030266061,-2.694633286970396,-3.054643317648205,-2.761207072091096,-2.676567716464722,-1.0996718489615938,-2.3120123683735136,1
0.7759119647334253,-0.5400896726534062,-1.6032360836506476,-0.13478617003801185,1,0,0,1,0,0,0.5013542806776271,-0.5076954407529524,0.7768667978742723,-0.5668403655593013,0.11284528281336637,0.04761292652616041,-0.8116380236805255,0.9893206665875431,-0.06670122470437345,-0.37524457997939586,-0.2770854999216827,-0.2271499919246306,0.4043972685067832,-1.646851839864639,0.6904973285039491,0.1335173127334925,-0.8122228960797255,-0.5542853667119082,-0.12528395424331848,-0.18555039652161812,-0.5169125247414884,-0.6661485970991449,0.22535483161174122,-0.29845510141259673,-0.1809270572735077,0.18555039652161812,0.12528395424331776,-1.5951531076062477,0.19081952690966666,-1.0827762115981268,-0.8579637923516437,-1.091610591511294,-0.8126095827270634,0.10608304780917345,0.17890935030013266,-0.8523972546416179,-0.49834537654397587,-0.6346847228976005,-0.040454256926167845,0.08014878545804377,-0.0423289389126401,-0.1916295312302808,0.2044646553166367,0.1250502895462747,-0.023255055489598248,0
0.6731109153044746,-0.10203765113855341,-0.15484123025532542,0.5985369837740325,1,0,0,1,0,0,0.5770679027024219,-0.5251396031036785,-0.6943490651242283,0.6159195261564526,-1.4289324287670968,-0.8798647231169527,-1.1976271495234223,-1.2657960855870574,-0.0043881927616102245,-1.091743660393274,-0.9513785615465504,-1.374434411288919,0.47270260842336453,-0.5197005860873771,-0.4128092478481427,-0.7069147407169716,-0.6045157824523126,-0.63350791425674,-0.7450499738428467,-1.1356331163529647,1.1460510027163178,1.3238016095714387,-0.7043823333124056,0.8754477499240424,0.6183415487323066,1.1356331163529647,0.7450499738428459,-0.5089050763265954,-0.40957446049198204,-0.082039177885424,-0.43158727602782254,-0.6307670251539549,0.3845801819166189,0.2692014673650073,0.7325910426154264,0.2638024885416898,1.1392581639597994,1.33810702436318,0.21499580256151593,-0.1921429132382052,0.1607484349347019,0.7917890337905242,0.5337254978059351,0.013711913318286572,0.10046155601764112,0
1.495519310736081,1.0317440516057692,-0.4445202009343899,-0.13478617003801185,1,0,0,1,0,0,-0.4955417426488382,-0.05821752418257845,0.03486227566633282,-0.3764646295639574,0.6158132714378319,0.24616648315178347,0.10993830606055426,-0.11063840221534538,-0.5607564788402835,0.5734880284029299,0.26762620052420133,0.05652370338912809,-0.1807747536713292,-0.8784283326111875,-0.7853325661814762,0.7660670733018781,-0.8839436622572979,-0.4447435912032453,-0.4194329849395745,0.4930801176436278,-1.0305871305120724,-0.6348742456509053,1.5363964214693895,-1.6512487322460405,-0.7821327224266591,-0.4930801176436278,0.41943298493957376,-0.8152827261747027,-0.7097714541928067,0.09991301006234013,0.48576825909312477,0.08610074473523979,-0.37153966943728567,-0.22015379130249568,-0.04256332662598434,-0.046252995675895824,-0.9146852597229018,-0.482931511569848,0.4521994292286506,1.2211806657089916,0.36382580878204385,-0.5088613263982832,0.12214944469431245,0.4033962301162448,0.34789477903211874,1
0.05630461873076867,0.20717554051898904,-0.4445202009343899,-1.161438585374874,1,0,0,1,0,0,0.097548296545388,-0.3914010250814456,-0.6175899766199587,0.2253310100565828,-0.9063107899146974,-0.4751553340489598,0.17527243998895845,-3.085682468543141,1.0621018497958614,0.22940527669419764,1.5574899288578063,0.1001017799500166,-1.5393969822104319,-0.35939064541118426,-1.9201665671669685,0.1001947718438474,0.5513121390227804,1.0364355039465825,-0.24687185720061178,0.38137139103206524,-0.6028194927329563,2.311615311255521,-1.3512427263374245,0.2367599509299434,-1.0129356432857222,-0.38137139103206524,0.24687185720061106,-0.28608496734615396,-1.760460932145692,0.28186519801010423,0.29196075167320634,0.512807750621665,0.6996301199807459,-0.6279498401920818,-0.5962450189412776,0.8839134569768611,-0.6926373220274746,1.717490052682561,-0.7064490548762022,-1.2294446225572482,-1.0746389226366257,-0.44541496736468245,0.36909507656128593,0.6260729825722207,-0.76555472453303,1
-0.9974061379159777,1.5213316050635446,-0.15484123025532542,-0.8681093238500562,1,0,0,1,0,0,0.3751649106363024,-0.483273613461936,-0.5920036137852022,0.18193228604548617,-1.01176655336568,-0.5122723277424884,-0.06769295508940273,-0.48541764773253687,-0.5600984161827974,0.27813931406709713,0.0678972753637158,1.0684065803250828,0.9901239823404396,-0.058493530870995576,-1.569488172797145,-0.20327863024729273,0.49173816899196243,0.6595962586658292,1.4895244906727065,-0.020113106998745453,0.03568265504300112,-0.9060278420907334,0.5613978790477351,0.11185088159570995,0.5556975832850658,0.020113106998745453,-1.4895244906727072,-0.016844002328120476,-1.4352475223031322,0.1878565675704263,0.05077807577286339,0.2510941203446566,0.5946134739593706,1.2750983879593196,0.5664865349208381,0.03642846678212782,0.3620903820258042,-0.5588081172337243,1.3462746374355445,1.4805060930387524,1.446905135967865,0.886958572340925,-0.12479618717266176,-0.15329565102369538,1.5232025883508855,0
-0.5348014154856993,-0.12780541711001567,-0.15484123025532542,1.7718540298733036,1,0,0,1,0,0,0.7789708947685415,-0.5722388414506387,-0.7583149722111197,1.4723210133087596,-1.8364317992282138,-1.5779325201723526,-0.9863080677009054,-0.6699802002789645,0.5954579177185562,-1.2557300934614213,-1.0155269003662861,-0.8356463955437626,0.8104043097688406,-0.33533872848253943,-0.8005528800333306,0.14518551895740137,-0.02298398861917574,0.10930779065751461,0.30418285154596364,-1.4414068652642016,1.0364188712145412,0.11759254970250001,-0.6681134765654746,1.673619813639108,1.4269524894278864,1.4414068652642016,-0.30418285154596436,-0.4253475354589299,-0.8598699510432187,-0.5005292101652823,-0.354064273059855,-0.34060626115118536,-0.37153966943728567,-0.05703537174666111,-0.2086678343205727,-0.35630847989348147,1.3057941172313696,0.4275877563966659,0.9357298989731951,0.4043055696202447,1.0915197317350172,1.5848685217105287,-0.04248097655033679,-0.6543183440496418,1.275769365336409,0
-0.020796168340944693,-0.5658574386248675,-0.4445202009343899,-1.6014324776621007,1,0,0,1,0,0,-0.6343500496942954,0.30810988518266813,0.6233486208657331,-0.528070838776055,1.2927480394660236,0.6450623671834406,-0.3824658359390333,-0.9346472813354726,1.4144682533489237,-0.7324538416146323,-0.05290408810967404,-0.05598933867205192,-0.2202501201249017,-1.0447833030450298,-1.2916422237143845,0.9648800378346145,-1.1086687296136917,-0.49194527965972146,-0.05671543019588151,-0.020113106998745453,-0.5121071109724695,-0.011106099410894753,-0.9640141019472896,-0.10983904816570594,-0.41151091063701317,0.020113106998745453,0.056715430195880795,-0.9545452942874786,-1.1600669447440433,0.2545723698179399,0.7312577684916879,0.20557870638343811,-0.30852968182446,0.18764225758709038,0.2342775195316623,0.2638024885416898,-0.6648813298155464,-0.3311783002420958,-0.97102233077416,-1.2553771652902237,-1.2100238385348534,-0.2233527107470814,-0.12479618717266176,-0.15329565102369538,-1.0129879475475077,1
-0.09789695541265715,1.0575118175772313,0.5693561964423357,0.5985369837740325,1,0,0,1,0,0,-0.6722068607066928,0.6162900867121612,-0.23379453409861076,-0.30124017461138985,0.8621488547482966,0.7067749591076207,0.9298057263496728,0.3855528835049086,0.013501288189118154,-0.09245354009138045,-0.11806624137142491,-1.1351908642572244,-0.3475674275317836,1.1721364324424486,0.9171349354709311,-0.5297240701284347,0.7549748226030106,0.5930192171963713,0.7547787594442794,-2.296845329480164,-0.12173258403601078,0.3895822126225105,-0.5507783173348596,0.8735188785688439,0.732459739958154,2.296845329480164,-0.7547787594442801,1.106540713781605,0.8662627627365218,0.04532735367801011,-0.23777976860790415,0.06903246449978255,0.5421051509486824,0.18764225758709038,-0.1532996650890431,0.015758101167622184,-0.08200549336504998,0.4275877563966659,0.1785029369204177,-0.1402778277722523,0.2115177783965368,0.728342674756924,1.1922471827845313,0.1250502895462747,-0.332546584257695,1
0.05630461873076867,1.4955638390920825,-0.4445202009343899,-0.4281154315628296,1,0,0,1,0,0,0.097548296545388,-0.3914010250814456,-0.5152445252809326,-0.055314071881842175,-0.6749935878323352,-0.25826687692412376,0.45187733323728796,-0.7217830995709339,-0.5470653924240291,1.3385499693365999,1.1918534792785676,0.029809758458224114,-0.9216048390776332,-0.2934810978302313,-1.8107660486897854,0.020855388773261156,0.7718526929269125,1.0745681617308314,-0.16027754582615011,0.19961827368027837,-0.9215892867500554,-0.8233157210301076,0.7688143726738824,-1.0429387347208952,-0.5003612330280882,-0.19961827368027837,0.16027754582614942,-0.28608496734615396,-1.685411683720486,-0.018355912103706302,-0.0052107597040024186,0.3079883877961804,0.41608517572303205,-0.7910682597479163,-0.8177176958673952,0.5118468759157585,-0.8314172830871166,-0.7105613285614767,0.269735101023162,0.6376984542170299,0.1438253204474232,-0.1916295312302808,0.12214944469431245,0.23638866577426285,0.038603250264021984,1
-0.12359721776989524,1.5213316050635446,1.7280720791585935,-0.8681093238500562,1,0,0,1,0,0,-0.7353015457273552,1.476868762681312,-0.5920036137852022,0.18193228604548617,0.6239907325908753,0.9952142474488975,0.5148717574530928,0.4412374316783265,-0.6565672281911803,0.9102130647386157,0.5325525705958198,0.6575238426354867,-0.13965951692485218,1.0611335511361932,-0.3233171096001667,-0.5277847096789088,1.5225055913125156,1.3521198503822915,0.9848575718326791,-0.0799856498736912,0.34433042923326274,-0.9295042051237737,0.36717666220575024,0.28005135383694757,0.6277374410729717,0.0799856498736912,-0.9848575718326797,1.245803281894381,-0.10937746679115769,0.6821600114951846,0.279040251178545,0.9053781960371756,1.2352150146897614,-0.22015379130249568,-0.6516131881728072,1.1939689411944467,0.5286263352973745,-0.7105613285614767,0.7532655707677065,0.8451587960808378,0.9222885868622325,0.6014499566897238,-0.4540570296619595,-0.5429799678216537,0.904619530814692,1
0.05630461873076867,-0.12780541711001567,-0.4445202009343899,1.7718540298733036,1,0,0,1,0,0,0.097548296545388,-0.3914010250814456,-0.7583149722111197,1.4723210133087596,-1.4757188442668285,-1.438855591995396,-1.0412352912022536,-0.7413181181073611,0.5101467199729535,-0.5821835846741765,-0.38263103227738654,-1.8401515606497272,-0.16814684307369035,-0.31383593853596264,-1.7702050209515086,0.22910924821490256,0.72320720332795,0.8779651406380806,-0.8569681418843186,-1.659816685915086,1.1342818469250113,-0.7558701478463992,-0.4671549569750003,1.503612346574106,1.3546011594688072,1.659816685915086,0.8569681418843179,-0.23037994010104354,-1.6103624352952797,0.33645085439443295,0.4082452561251572,0.700558833211691,0.3215701943037938,-1.0357458890816678,-0.8177176958673952,0.8219023601333442,1.1670141561717275,-0.6346847228976005,0.31535118307453414,0.015317428625603584,0.6176725260912207,0.9186817518577256,0.03983423407198747,-0.6543183440496418,0.5953280020465953,0
-0.25209852955608386,-0.6689285025107157,-0.15484123025532542,1.0385308760612593,1,0,0,1,0,0,-0.20530619155379135,-0.3070875737196031,1.4549054129953203,-0.6478513170466818,0.8355564884964023,0.2645013836509964,-2.180986801910479,-0.48636688951832774,0.6096325021940832,-1.6041018616545493,-0.8698860212791472,0.03363292306516665,1.6759239392368381,-1.0261800745258933,-0.866663923526725,0.3193028280267851,-0.9130657012235684,-1.0075717684915841,0.416552302523086,-0.36726020632542794,2.0073681998066175,-0.20065107372145155,-0.5125195045894537,1.2616578075060043,0.14719670717018454,0.36726020632542794,-0.4165523025230867,-1.038102835155144,-0.9349191994684248,-0.5824076947417753,-0.3411437725651945,-0.6649035856248688,-0.9386295579527137,1.4110304042558486,1.2862727349307197,-0.9144083514851348,1.7498899926222238,-0.2553016945782196,-0.21379536872138252,-0.4385020692014777,0.05920974801103089,-0.44541496736468245,-0.28942660841731066,-0.48731077970765985,-0.5181215015185524,0
-0.07219669305541997,0.7225308599482267,-0.4445202009343899,-0.4281154315628296,0,1,0,1,0,0,0.16064298156605036,-0.41000813158888666,0.44424408102243734,-0.49393050922065895,0.15690626849673178,0.06639501972047611,0.02759011624685995,-1.2241139671941492,2.3238402646980374,-0.7801086512859444,0.04706192413892031,-0.3299969356208591,-0.08409867606808866,-0.0887537222765953,-0.31964628639056125,0.7204375997672418,-0.49397957478591437,0.050500603956293556,-1.6504213207283431,1.1867913099014362,-0.12704640180471902,1.3599202036046714,-2.4527971819230916,0.5640547690086702,-0.011878795665421837,-1.1867913099014362,1.6504213207283416,-0.11896988561082296,-0.3345252120667762,-0.11842961547497735,0.26611975068388355,0.0519641842643253,-0.30852968182446,-1.1173050988595852,-0.5408768497097485,0.3258135853852078,-0.16527347000083534,1.1863538130354276,-0.15905607025973648,-1.3720736075886157,-1.1084851516111824,1.7117612397777302,-0.9479482933959068,-0.5429799678216537,0.038603250264021984,1
0.15910566815972013,0.2587110724619126,0.5693561964423357,0.3052077222492148,1,0,0,1,0,0,0.26159447759911014,-0.4460594004470538,1.7363554041776421,-0.6721546024928958,0.5464568506828977,0.17640442271575374,-0.06366195358871739,-0.08648481109189766,-0.32710997847161255,0.6290836407185998,0.2951371593358127,-0.12369184083917319,-0.16626933431314397,0.04237377381433695,0.02594309867609527,-1.0037150066621796,0.6906200547166254,-0.1355877059047984,0.03622492998512883,-0.2046283627832927,0.13086287168922764,0.14469234411360177,-0.561466484969417,-0.1650443892259624,-0.5160677665741312,0.20462836278329197,-0.036224929985129536,0.04814519612450831,0.04072103005925432,0.06352257247278678,-0.4703487775118068,-0.18699173903207253,0.3530751881102058,0.4323198869208419,0.4557501964577793,0.3258135853852078,0.27882240539001907,0.35171115073279,0.6346637574341392,0.22277777048941236,0.1438253204474232,0.5697267771729232,0.7806711296729086,0.7374113588002092,0.40975308478573785,0
0.6731109153044746,1.1348151154916164,1.1487141378004646,0.3052077222492148,1,0,0,0,1,0,0.19849979257844777,-0.42047462899932225,-0.4001058925245282,-0.1797237473803192,-0.553193935664148,-0.18448008223216925,0.0032991279982966595,-0.7585579692168313,-1.0456575993770922,-0.7440646691328733,-1.0093584922352596,-0.02039582676211257,1.3755168712666086,-0.4709753087842091,0.8293881204562303,-0.26523761813181135,-0.7518113286669051,-1.2093286130703016,0.39760879354609974,-0.4221610355600758,-0.47518049699570347,1.8720074305491865,1.1629107412813335,0.25970012087321187,0.13154146026429256,0.4221610355600758,-0.39760879354610046,-0.5367575899491508,0.5660657690356972,-0.46413877257572894,-0.5220307794904515,-0.767313267037611,-0.6865896075014126,1.0847935651441794,0.954063719541543,-1.1624527388592034,-0.05424950115312168,2.9315157433045793,2.112624815898597,2.556706616457259,2.546907577640965,0.030432725387320277,1.1099319721622063,0.9600881112561845,2.018069034379841,0
1.726821671951222,0.05256894469021735,-0.15484123025532542,0.3052077222492148,0,1,0,0,1,0,-0.11697363252486404,-0.3443017867344853,-0.0035172685858019803,-0.3700994833756632,0.09510483306115532,0.021228557515097883,0.28827983179635025,-0.40787845905941966,-0.20774114165624485,0.2835965435592082,0.9658548565658619,-0.2034112605702391,-0.7961337405535355,-0.6833597188232897,-0.4436599334455709,-0.21241579804554006,-0.15144287018722788,0.17065188154716898,-0.7768887630270574,0.4930801176436278,-1.0836651028882867,0.1153772035772799,0.07053170827923151,-0.533288791919089,-1.0890502695719686,-0.4930801176436278,0.7768887630270568,-0.8709877534198129,-0.7848207026180125,-1.364802102917162,-1.2455788071914804,-1.2281568333949502,-0.5920746260821743,-0.8726274695258333,-0.6516131881728072,-0.790386157798101,-0.8869292675109735,0.5034643620605421,1.1638103092300558,1.026686595211671,0.7192112130148905,-0.033013633646279864,0.7806711296729086,1.1827648637121608,0.7190446135538346,1
0.030604356373531493,-1.1842838219399534,-1.168717627632051,1.0385308760612593,1,0,0,1,0,0,3.8453725867727324,-0.7490063532713291,0.11162136417060241,-0.3903522212475083,-1.0549778201270688,-0.27436581394782295,-1.6453847689853802,0.4669619402337513,1.5041191647534993,-1.3500406008594157,-0.05943201573031307,-6.212418003937033,-0.31295519838435754,-0.8308488924615405,-0.5128131610649291,3.4007131075802124,-0.6732639116106821,1.767931488027404,-7.823874102466001,-0.7133741297612556,1.4577731506267526,-1.1546448848885953,1.3612074230879465,1.1562207845148682,1.8033055293053697,0.7133741297612556,7.823874102465999,-1.038102835155144,-0.9349191994684248,-1.7378040882100778,-0.12149526415595328,-0.3747428216220998,-1.8207693845322692,-3.482522182419184,-2.2019219266556282,0.139780294854656,1.5000860627148682,-1.0140677512169813,0.36096726512590627,1.0396528665781584,1.5145975939169787,-0.1916295312302808,-1.3595243465075295,-1.712032918215528,0.40975308478573785,0
-1.1516077120594044,0.18140777454752677,-0.15484123025532542,-0.13478617003801185,1,0,0,1,0,0,-0.19268725454965888,-0.3105764061897483,-0.11865590134220637,-0.34579619792944905,0.07336590550354914,0.028383640636741956,0.31704223916158786,-0.44958571104796596,0.8434854861680754,1.024410354477059,1.2004226216968386,-0.5620024764056709,-2.0763735988887193,-0.43656508564374724,0.024984051337402436,0.7671471241167375,0.5124611588000273,0.9813041514207828,-0.3471945350124867,-0.4221610355600758,-0.8770656409037396,0.6420989719163783,-0.3821640401721034,-0.8757645866457554,-0.6025556915549378,0.4221610355600758,0.347194535012486,-0.5367575899491508,-0.18442671521636386,-0.6187981323313287,-0.1602567656399366,0.0519641842643253,-0.5920746260821743,-1.5251011477491712,-1.592872065108806,-0.35630847989348147,-0.8314172830871166,0.5793409677244183,-0.040454256926167845,-0.23104172733766892,-0.5500223735309933,0.3476645205553221,1.1099319721622063,0.9600881112561845,-0.45626319576493324,1
0.72451144001895,1.1348151154916164,0.27967722576327125,-0.13478617003801185,1,0,0,0,1,0,-0.09173575851659908,-0.35360533998820587,0.17558727125749374,-0.41060495911935335,0.19731576375869894,0.04537696305064663,-0.2582985787071179,-0.8931769677247549,0.5968966253458634,-0.13340367153146787,0.24860008052464333,-0.17349527619775565,-0.23502718841635042,-0.8046849174420383,1.1105394322355422,-0.6255793209910635,-0.7857194606313259,-1.11607412921687,0.1765838412788985,-0.41176056791003296,-0.4448612268180985,2.3384274429346417,-1.4446245699594051,-0.5988862135438796,-1.412821441088087,0.41176056791003296,-0.17658384127889992,-0.7874302125521474,0.9413120111617277,-0.18211288125669506,-0.4703487775118068,-0.7331767065666972,-0.08799472517957138,1.166352774922097,1.1755363964676604,-0.6663639641110671,-0.3318094232724056,2.476256109321323,0.4795690784594736,-0.38663698373552574,-0.5838686025055501,0.664896315723324,1.6861384465184783,1.5724491805101195,-0.5181215015185524,1
1.726821671951222,1.1348151154916164,-0.15484123025532542,0.3052077222492148,0,1,0,0,1,0,-0.11697363252486404,-0.3443017867344853,-0.4001058925245282,-0.1797237473803192,-0.3137996119087717,-0.1258978391737084,-0.07628968724536847,-1.5567055195628599,-0.7871781311056983,-0.16166527336911926,0.11303492873506944,-1.3768806851106656,-0.634734938205309,-0.5866389099678435,-0.26669100161316966,0.04459704483184271,0.3362302219814798,0.45679836119635314,-0.9266372014901345,-0.9588735405703893,-0.48008001947285467,1.8694619887339547,1.1209146049783785,0.5517994871098335,0.29902374777118124,0.9588735405703893,0.9266372014901345,-0.7874302125521474,-0.6347222057676005,-1.3102164465328319,-1.0905328012555453,-0.9209277891567239,-0.8126095827270634,-1.2804235184154193,-1.0945585420250417,-0.728375060954584,-0.10976148557697851,2.7797625319768278,1.848051540000638,2.284414917761011,2.445368890717294,-0.15990635171348128,1.3568776040291806,0.9044189231421907,1.770635811365363,0
0.4932090788038099,-1.1842838219399534,2.452269505856255,1.0385308760612593,1,0,0,1,0,0,-0.6217311126901629,0.27322156048121604,0.11162136417060241,-0.3903522212475083,0.974483229978076,0.5117989440428197,-0.23908417664463102,0.32536489148565934,0.2501182223343895,-0.8117845882462735,-0.9901278828892844,0.21180500488194715,1.576382250820953,1.2993735881490993,-0.7723495367710959,1.6153519874205202,-0.03955590917065987,0.46782929172627086,0.7976720237538321,-0.5022446364654003,1.6307711468051216,-1.2202963354780758,1.2813529744646746,1.0574456443267257,1.7439589880120026,0.5022446364654003,-0.7976720237538328,1.4964759044973779,-0.5596729573423944,0.7003552302899613,1.5064877981713616,1.4174266031008858,-0.5920746260821743,0.9216751455883455,0.5664865349208381,0.6978801664463103,1.8331579692580091,-1.0140677512169813,0.7258959215368835,1.3378771080073837,1.7684443112261554,0.15732544345452057,-1.3595243465075295,-1.6563637301015341,0.8427612250610729,0
0.2876069799459088,-1.158516055968491,0.27967722576327125,-0.13478617003801185,1,0,0,1,0,0,-0.40720918361991093,-0.16869721907050997,-0.20820817126385424,-0.30644802149272143,0.2556084424433621,0.10708955497482678,0.40668834651644686,1.032869792777968,-0.4429051962444314,-0.23229229511912866,-0.9092172143014028,0.578393131030627,1.2153343047639344,0.28264730620156686,1.6087964454905013,-0.0593010901449848,0.4148153254266606,0.005983453161122891,0.20465562353765385,0.5858842905209262,-0.2830921876981662,0.19401075701588422,0.5458743640576655,0.725135680382991,1.1878685858093483,-0.5858842905209262,-0.20465562353765385,0.32667033235006016,1.6167552469885829,0.2454747604205509,0.17567624722125458,0.3421249482670949,-0.08799472517957138,0.10608304780917345,0.012804842605544792,0.015758101167622184,-0.44283339212011924,-0.1035484832504671,-0.7976812189789466,-0.4255357978349895,-0.1269445113490324,-0.4771381468814831,-1.6887851889968277,-1.712032918215528,-0.3944048900113141,0
0.72451144001895,-0.7977673323680251,0.27967722576327125,0.3052077222492148,1,0,0,1,0,0,-0.09173575851659908,-0.35360533998820587,-0.7327286093763631,1.3565910826125018,-1.179710564539401,-1.320349527793166,-0.8401758622458847,0.29141177669439927,-0.029255244175902445,-0.9811307305077128,-1.025936146558277,-0.17975625175925028,1.1613534514726824,-0.8661771621613559,1.3222790358433352,-0.7522214192634386,-0.6979094673467006,-1.2428717835485057,0.06934332478478145,-0.31393995325558316,0.3028109740236357,0.9246583020081096,-0.7159170835576913,0.6334092385621998,0.12034484546724936,0.31393995325558316,-0.06934332478478215,-0.8988402670423681,0.9413120111617277,-0.5733100853443877,-0.8450432918569822,-1.040405750804923,-0.43454965705011084,1.0032343553662626,1.0648000580046022,-1.0384305451721696,0.1400424443303771,0.6552175733882943,-0.4601222117987924,-0.7367263106307022,-0.4654068010946016,-0.033013633646279864,0.36909507656128593,0.23638866577426285,-0.08511336124321738,0
0.6474106529472365,-0.6689285025107157,1.4383931084795292,1.0385308760612593,1,0,0,1,0,0,-0.7479204827314877,1.697828152457175,1.4549054129953203,-0.6478513170466818,2.129803670819769,1.8064217963652944,-1.03243693746227,0.43475963023331726,-0.5002320802610994,-0.15963045998771333,0.08357965153675412,0.1760723544279954,-0.05572138013127973,0.46525519081586253,0.3029992081615437,-1.2602311427996882,1.1369956493571205,0.7394114056234146,1.2405949430219954,-0.9902652685099177,1.9005061985714664,-0.29318328137103516,-0.5825767506947814,1.3430758758707775,0.6132336824468627,0.9902652685099177,-1.2405949430219962,0.35452284597261524,0.19081952690966666,-0.23669853764102378,-0.8321227913623208,-0.3918111018575571,0.8886600828192224,0.10608304780917345,-0.4301405112466897,-0.17027518936292965,1.6666220159864384,-0.3311783002420958,-0.1864257194905595,-0.4514683405679659,0.0761328624983096,0.030432725387320277,-0.04248097655033679,-0.48731077970765985,-0.45626319576493324,1
0.2619067175886707,-0.07626988516709207,0.27967722576327125,-0.4281154315628296,1,0,0,0,1,0,1.725391170078477,-0.6780667597117099,0.15000090842273722,-0.4053971122380218,-0.6325543932522031,-0.20818129507261524,0.06984450440851153,0.44217452641440613,-0.34058500226723293,-0.04391441249625807,-0.5884320020116958,0.5279138293562385,0.680359333198151,0.1851299209549792,-0.08291793713822455,0.3813257059878452,-0.3145625330486188,-0.12393884359648456,0.7902460580981725,-0.06374491962016399,0.08785915211510738,-0.6899637834283114,0.8487866673713157,-0.2525892849605538,0.6439882636068309,0.06374491962016399,-0.7902460580981732,0.4659329004628361,0.26586877533487285,1.1006500437750428,1.1576342848155081,0.9565830367435462,0.5106001571422693,1.247911984700014,0.8986955503100138,0.8219023601333442,0.08453045990652028,-0.6346847228976005,0.05077790717657645,0.4821031978191731,0.34690269429476517,0.09387908442092041,-0.20711139779498602,-0.26463402725168356,0.40975308478573785,1
-1.1773079744166424,-0.7977673323680251,1.0038746524609323,0.3052077222492148,1,0,0,1,0,0,0.12278617055365294,-0.3948898575515908,-0.7327286093763631,1.3565910826125018,-1.3463836394874016,-1.3521002091454615,0.8040960711561691,-1.6865086362663988,1.1038953061853782,0.4052435401319422,1.1756905285336146,-0.2055061046146354,-1.5262490908303605,1.2908766444274549,-1.411253784588854,1.3467074460698698,0.8218008249056737,1.576784628955626,0.328888191831712,-0.6064731204975302,0.17171357236503848,0.901022969950701,-0.1557507569378464,0.2674257518878212,0.010968026277655757,0.6064731204975302,-0.3288881918317127,1.4129183636297125,-1.2351161931692491,0.5184030423421971,1.183475285804831,1.519836284513628,-0.05648973137315825,-1.0357458890816678,-1.2606630497196296,0.6358690696027934,0.08453045990652028,0.7310941790521709,-0.24116501795220557,-0.2829068128036209,-0.1607907403235886,-0.2233527107470814,0.7806711296729086,0.514734606344233,-0.08511336124321738,0
0.6474106529472365,-0.7977673323680251,1.4383931084795292,0.3052077222492148,1,0,0,1,0,0,-0.7479204827314877,1.697828152457175,-0.7327286093763631,1.3565910826125018,0.22349099186228205,0.2573463005293523,0.3420837437718096,-0.3431952406834038,-0.8098305918740607,0.6884161785032226,0.6017893022328156,0.0820206145413204,-0.6370170381319128,0.6451902100994591,0.4247705955006233,-1.2718679694883694,1.3421417695057376,0.7228069137745146,0.6109019818860374,-0.49401881205127574,0.16899068293069344,0.8965720961542657,-0.17103910227916636,0.400838959745156,-0.07667529776401481,0.49401881205127574,-0.6109019818860381,0.15955525061472892,-0.10937746679115769,-1.3193140559302208,-1.659034823020639,-1.176951992688579,-0.15100471279239655,-0.6279498401920818,-0.9284540343304539,-1.2864749325462383,0.08453045990652028,0.7310941790521709,-0.23204180154193166,-0.2829068128036209,-0.11002139686175369,-0.3819686083310823,0.6160407084282594,0.4033962301162448,-0.1469716669968365,1
0.46750881644657266,0.6452275620338409,-0.8790386569529866,-0.4281154315628296,1,0,0,1,0,0,0.33730809962390496,-0.4739700602082154,0.12441454558798068,-0.39556006812883987,-0.13557880096704963,-0.05881893490829519,-0.6698908044407708,0.5705018975925009,-0.37928956900908956,-1.5075269594810043,-1.7739190275704946,0.8527403053641538,1.6020350870179028,-1.389656479213556,-0.2715515762631975,0.037418108726536004,-1.8094386142102494,-1.3970961080710922,-0.6772662024248698,1.834740444499059,-0.45702890968220117,-1.0550661663750363,0.556103137792723,0.24236330866604253,0.9421891883992284,-1.834740444499059,0.6772662024248691,-1.2887754577581405,-0.18442671521636386,0.2454747604205509,0.22735824919990022,-0.5283573437412127,0.1325402314653172,0.35076067714292497,0.7879592118469556,-0.35630847989348147,-0.38732140769626244,-0.9381911455531051,0.2514886682026129,0.5080357405521495,0.5838262971166633,0.41111087958892223,-1.277209135885205,-0.6543183440496418,1.275769365336409,1
1.3156174742354179,-0.5916252045963298,-0.4445202009343899,0.3052077222492148,1,0,0,0,1,0,0.17326191857018283,-0.41000813158888666,1.1350758775608636,-0.6131323378378044,0.4283168446740646,0.15851671491164357,0.6608316820785817,0.1138170950416244,-0.2733285641233847,3.6160677477609933,1.7782980337690546,-0.41418671083683317,-2.193976112502873,-0.31718850053455366,-0.42363854861092304,0.34227323065980575,-0.4120210208088777,-0.581759322043102,-1.2694823106029698,0.6941558255444424,-1.2358335527730588,-0.5806093329712065,0.7176008918263435,-5.293627229287505,-2.879849285472617,-0.6941558255444424,1.2694823106029691,-0.3139374809687093,-0.40957446049198204,-0.04564874029587195,0.13691474573727128,-0.03337721691295973,-0.5920746260821743,-0.30171300108041293,0.34501385799472056,0.07776919801113909,-1.3032691506898992,-0.9381911455531051,-1.5366617482111748,-1.0090180093269512,-2.716181027902636,-0.5405845059150832,0.6160407084282594,1.127095675598167,-2.3120123683735136,1
1.7525219343084582,1.7274737328352407,-1.168717627632051,1.7718540298733036,1,0,0,1,0,0,-0.2684008765744537,-0.2716177769397935,0.8536258863785419,-0.5772560593219644,0.7069971216538992,0.23722262924972837,0.1350365837493507,0.8335815096625674,-1.8246568768701923,0.04244339177580845,-0.31172148884876255,0.3302310068452511,0.77404932264562,-0.3444970277002921,-0.4727655640575159,0.005960563383301243,-0.05712501821019884,0.338992842694084,0.8847583482611033,-0.42709685071602743,-0.5319890278518629,-1.6177229459990168,2.5003568684144444,-0.1139824742667588,0.7362137336517527,0.42709685071602743,-0.884758348261104,-0.5367575899491508,-0.7097714541928067,-1.0008977270216337,-0.8450432918569822,-0.8185181077439823,-0.40304466324369825,0.18764225758709038,-0.2086678343205727,-0.9764194483286528,-0.44283339212011924,-1.4693273852002382,0.34272083230535716,1.6361013494366081,1.480751364942421,-1.2702176348014877,-0.37174181903963527,-0.5986491559356475,0.2860364732784985,1
-1.3829100732745436,0.2587110724619126,-0.15484123025532542,0.5985369837740325,1,0,0,1,0,0,-0.356733435603381,-0.2012596554585319,0.06044863850108935,-0.3822511260987702,0.4093917626177467,0.14062900710753337,-0.5147298765288837,-0.337518795488924,-0.3810821964646132,0.4962292976182266,0.39074197041295566,-0.7592166547204832,-0.415025318652269,-0.7382181730687506,-0.10104674238528712,-0.22524495430429103,0.21758527668836097,-0.07242944431622055,-0.8569681418843172,-0.18555039652161812,-0.02187447714299156,0.36202873084839987,0.2946026723610498,-0.4546199312761427,-0.5786969536291965,0.18555039652161812,0.8569681418843165,-0.7038726716844818,-0.10937746679115769,-0.03655113089848297,-0.1473362651452761,-0.05044549714841698,-0.05648973137315825,-0.5463906304141645,-0.2086678343205727,0.3258135853852078,0.27882240539001907,0.8069707847160468,1.2641656897430753,1.2471132084419672,0.9561348158367899,0.31594134103852145,0.6160407084282594,0.5704037944582268,0.7190446135538346,0
-0.5348014154856993,1.2378861793774645,1.0038746524609323,0.3052077222492148,1,0,0,1,0,0,-0.1800683175455264,-0.322205847756899,-0.3617263482723934,-0.20286973351957077,-0.2006745132716574,-0.09101680895569353,0.8176445716952497,-0.4915635001752397,0.433429258062859,0.5670659060661125,0.29712787238767024,-0.21473418513665093,-0.30382477766118215,0.19873595923563686,0.044984774112695795,-0.3838585198882877,0.4299397070104405,0.0900522698465258,-0.9306920144830665,0.6301771912123648,-0.9383800517841226,0.7197510898932198,-0.97825310905121865,-0.3397486012466514,-0.29836227197520665,-0.6301771912123648,0.9306920144830657,0.24311279148239442,0.11577027848446049,0.23637715102316323,-0.0052107597040024186,0.17144214591252482,0.29006520049738066,-0.709509049969999,-0.3747723420151606,0.3258135853852078,-0.8869292675109735,0.6552175733882943,-0.031331040515893936,-0.5292659687668935,-0.6177148314801074,0.7917890337905242,-0.4540570296619595,-0.2089648391376897,-0.20882997275045564,1
0.5703098658755232,0.05256894469021735,1.0038746524609323,0.5985369837740325,1,0,0,1,0,0,-0.05387894750420167,-0.3629088932419264,1.53166450149959,-0.6507445653140882,0.7154210428479169,0.22380684839664572,0.47848734693172185,1.2754775112575085,0.38659342419703957,1.3688848191268637,-0.948530968653859,-2.4293242406095756,-1.6209481750103738,-0.22437669712787633,0.61668153057728,0.28655760498402155,-0.2975035892245228,-0.7350834485456604,-0.6862106428504532,-2.63273315972357,-0.8895428556022444,-1.1328548927872668,-0.24052340433485805,-2.144274543994803,0.515470799348629,2.63273315972357,0.6862106428504524,-0.4253475354589299,0.19081952690966666,-0.9372144612399159,-0.6641562849317252,-0.7331767065666972,-1.3166894836296663,-0.38327221085833024,-0.09793149585751397,-1.0384305451721696,-0.7481493064513315,-0.9381911455531051,0.6529101902546883,0.4172718409867329,-0.5161761445564365,2.948965240932937,3.908649133321241,2.2404794378780473,-0.45626319576493324,1
1.5469198354505571,0.4648532002336079,-1.6032360836506476,-0.8681093238500562,1,0,0,1,0,0,-0.7731583567397526,1.8490108928301339,0.32910544826603294,-0.4690485741209635,1.9129505197612033,1.7845093543052595,0.2627997578569096,0.08246485708050649,0.32551241956394106,1.365290867913048,0.6096676514938019,0.4440058365260059,-0.5534660242327668,-1.0456221048789083,-0.44498173360941284,0.6433216336959333,-0.24628085024216012,-0.6766710994684084,-0.16027754582615011,0.7645323233097278,-1.4102027475610026,-0.5589585366403176,0.20148981788806042,-2.0886277566180955,-1.4532354312915186,-0.764532323309727,0.16027754582614942,-0.9823978079100336,-0.40957446049198204,0.02713213488323473,0.3565632541465125,0.2397152668543526,-1.033144539371952,0.18764225758709038,0.2896456887631914,-0.046252995675895824,-1.3310251429018278,-0.5588081172337243,-0.13168642102891215,-0.010615114107371936,-0.8377153198147269,-0.12818317219668063,0.12214944469431245,0.5704037944582268,-0.76555472453303,1
2.343627968524927,1.7532414988067013,3.176466932553916,-0.4281154315628296,1,0,0,0,1,0,-0.4576849316364408,-0.08147640731687983,0.712900890787381,-0.5558460221431568,0.9175205178879604,0.3669085108295272,3.1750363193718107,0.8593806122317743,-0.18240507145803528,2.6454698476684406,2.4936317117651807,1.2869533934187263,-1.5317325858458875,3.7593287681541003,0.3141649152679943,0.8016538545887752,2.4083876643523627,2.6696126071167487,1.2994551316290586,0.4664671563038157,-0.6586882807202825,-0.864803344765205,1.0549386559479077,-1.1857431112823937,-0.6354862403969994,-0.4664671563038157,-1.2994551316290595,4.504547375733337,0.7912135143113154,1.3826759350940767,1.6615338041072958,2.7999573021729036,0.8886600828192224,-0.6279498401920818,-1.149926711256571,2.2481575875342377,-0.7759052986632599,-1.0140677512169813,-0.9254062487227878,-0.30883935553659736,-0.7361766328910565,-1.206771275767887,-0.28942660841731066,-0.09762646290970158,-0.7036964187794109,1
0.544609603518286,0.6967630939767645,1.0038746524609323,1.478524768348486,1,0,0,1,0,0,0.766351957764409,-0.5716573693722812,-0.46407179961141953,-0.0842465545559066,-0.9396023461130648,-0.37453697765084,0.48486911039993214,-0.20145787939886758,-0.32414583849277095,0.5367149063952033,-0.020649107108906675,-0.8472184602182756,-0.7614579146318318,0.8512994477475125,-0.3412460676167553,-0.6841504219589729,0.314192638502242,-0.7721831284585092,-0.49529816032406576,-0.6642742475994289,0.17638607659994443,-0.06534555754163099,-0.24438697468411028,-0.4135191705605768,-0.7270416811373859,0.6642742475994289,0.4952981603240644,0.29881781872750485,-0.7097714541928067,-1.3738997123145495,-1.4523068151060594,-1.2793616741013212,-1.2536794960168407,-0.6279498401920818,-0.4855086804782194,-1.658541513607341,0.05677446769459199,-0.17942508891434333,-0.3597668312857729,-0.4255357978349895,-0.5500223735309933,-0.44541496736468245,1.1922471827845313,0.9044189231421907,-0.76555472453303,1
0.05630461873076867,1.6759382008923163,0.27967722576327125,0.3052077222492148,0,1,0,0,1,0,0.021834674520593164,-0.37919011143593734,-0.68155588370685,0.3815664164965307,-1.051674357086622,-0.5865063151295458,-0.6414731444416376,-8.700142297369302e-4,-0.8811892288015168,-0.8477612168958603,-0.7460670298184926,-0.8598254954519643,0.280528465940745,0.36181539890678305,0.2636039694760254,-1.1658342975733895,0.31473719800321864,0.24109116084063256,0.12009793795335687,-1.2918110976951038,1.2535057059806598,0.2652667917108196,0.03306415935537219,1.457358728933791,1.2053022720906705,1.2918110976951038,-0.12009793795335758,0.6609004958207222,0.641115017460903,1.1188452625698195,0.2531992501892221,0.3762615087380082,2.0228398598500785,0.6769975162545934,0.6772228733838963,1.3179911348814817,1.4445740782910115,0.5034643620605421,0.7167727051266096,0.6247321828505417,1.2269046476332444,0.5697267771729232,0.7806711296729086,0.18071947766026855,1.1520527538291696,1
-0.5605016778429365,0.23294330649045036,1.0038746524609323,0.5985369837740325,1,0,0,1,0,0,-0.2810198135785862,-0.2559180308241401,-0.7199354279589849,1.2929396207295603,-0.923865887798175,-1.1960299585546001,0.8272427596605002,1.1925058172818892,-0.022680230198751077,0.4279605229482362,0.3711760073819483,0.5988063909553794,-0.2379495726702954,1.739560391858221,0.9554960430606908,-0.031720175741513465,0.913026100004714,0.7410934190834337,0.6912331826893887,0.13114384342216406,0.5878470523003809,-0.6795566980993042,-8.710830642312249e-4,0.32719399488369383,0.2409864933054416,-0.13114384342216406,-0.6912331826893894,1.9978211497033713,1.2415090048625523,0.8095265430586199,0.6666552660183818,1.0419244379208312,0.6366201323679207,-0.22015379130249568,-0.5408768497097485,1.0079356506638961,0.1400424443303771,-0.9381911455531051,-1.235595606672119,-1.047916823426415,-0.8715615487892844,-0.8895394805998851,-1.0302635040182315,-1.0996718489615938,-1.198562864808365,0
0.544609603518286,0.05256894469021735,1.0038746524609323,0.3052077222492148,1,0,0,0,1,0,0.766351957764409,-0.5716573693722812,0.009275912831576286,-0.3747286806035135,-0.42251214379777957,-0.15004624470925715,0.46921890552132245,-0.6548223157431732,0.27700077841912607,0.172908003490496,-0.46162275567955535,-0.30631892873844385,0.1350478628495752,0.9948983953350821,-0.5650527509693348,-0.699878632516187,0.7337053763163954,-0.20676890079718238,-0.2548898489945435,-0.16498583548630744,0.3416304439065898,0.33270673697706116,-1.0819798733207073,0.49394213403936155,0.3982626034758675,0.16498583548630744,0.25488984899454276,0.32667033235006016,-0.9349191994684248,-1.592242337851867,-1.6331938220313174,-1.3305665148076924,-1.1906695084040155,-0.8726274695258333,-0.8730858650989243,-1.720552610450858,0.6396503041450882,0.7310941790521709,1.145563876409508,0.3265079414213163,0.5161338391675497,1.9972698554289314,0.4514102871836102,0.4033962301162448,1.3376276710900281,1
0.23620645523143258,-0.5400896726534062,0.5693561964423357,1.0385308760612593,1,0,0,1,0,0,-0.6974447347149578,1.2966124183904764,-0.19541498984647596,-0.3180210145623472,1.0112338230547564,1.2429590005358235,-0.16684164078266384,-0.005233766904440029,0.1935065622545716,-0.515978665019669,-0.529824465820646,-0.26928700822169743,0.22896744880832928,0.29930439214184307,-0.5762120695238777,-0.16559293699865613,0.17691557092387022,0.01075265188298531,-0.2094031647789695,-0.1595918522639314,0.5310587849161963,-0.5700530926740356,-0.43093488507189215,0.8724803399791948,0.6992956259611295,0.1595918522639314,0.2094031647789688,-0.09111737198826762,-0.8598699510432187,-1.264728399545891,-1.1422148032341901,-1.0233374705694662,-0.8756195703398886,-0.9541866793037505,-0.983822203561983,-1.2864749325462383,0.6396503041450882,-0.4070549059059717,0.4978155112800227,0.1838789563899486,0.5330569536548284,0.8235122133073248,-0.37174181903963527,-0.48731077970765985,0.5953280020465953,1
1.135715637734753,1.547099371035007,-1.168717627632051,-1.6014324776621007,1,0,0,1,0,0,-0.5460174906653681,0.03191064796283935,-0.7966945164632545,1.8426567915367844,-1.0158679819448961,-1.3995026348263535,1.354351049646766,0.12250674954023154,-1.1452145732000267,0.9957034944037868,1.3917706111995156,1.2781886836969372,-0.8013331167310034,0.7503254834786771,-0.29943809353496903,-0.9269050901916264,1.195627537971464,1.3009675166096495,1.8079685643491117,-0.04982429368856782,-1.1335417208174525,-0.4681148670827498,0.6340964612232834,-0.15956738348559338,-0.5392283906794757,0.04982429368856782,-1.8079685643491121,1.07868820015905,0.04072103005925432,1.1188452625698195,0.3953247556304958,0.8883099158017184,2.243374816494967,0.2692014673650073,-0.4855086804782194,1.13195784435093,-1.0812212129944723,-0.482931511569848,-0.15905607025973648,0.1838789563899486,0.10997909147286698,-1.0798785577006862,0.03983423407198747,0.013711913318286572,-0.2706882785040748,0
0.544609603518286,0.23294330649045036,1.0038746524609323,0.5985369837740325,1,0,0,1,0,0,0.766351957764409,-0.5716573693722812,-0.7199354279589849,1.2929396207295603,-1.6216379977630153,-1.438855591995396,0.5003587341832058,0.30391434817588553,-0.46646989093935487,0.4387701579417122,-0.1841233399465621,-0.05611903163043029,0.2943418450126056,1.074518716093706,-0.19720691603570953,-0.7871307111420146,1.2621219024445771,0.25154565241460297,-0.2094031647789695,0.13114384342216265,0.37788544048915834,-0.6146895399215297,-0.15331048635337782,0.6587482972997,0.48495472974305015,-0.13114384342216265,0.2094031647789688,0.5216379277079463,-0.5596729573423944,-1.2374355713537264,-1.3877043126327533,-0.9209277891567239,-0.8126095827270634,-0.9541866793037505,-0.983822203561983,-1.2244638357027204,-0.08200549336504998,-0.9381911455531051,-1.4363063676981567,-1.2813097080232,-0.9900233502002335,-0.9212626601166852,-1.277209135885205,-1.378017789531564,-1.3841377820692236,0
1.5469198354505571,0.23294330649045036,-1.6032360836506476,0.5985369837740325,1,0,0,1,0,0,-0.7731583567397526,1.8490108928301339,-0.7199354279589849,1.2929396207295603,0.5077234935847342,0.42280759771737153,-1.0175869556677923,0.33609174789845825,0.3237892993340542,-0.8393989914047015,-0.9265130083607501,0.3070668845307918,1.198616868805842,-1.1897262862878615,-0.1207550388323618,0.29804790286208266,-0.26302700216275815,-0.6069447252188727,0.1590389773671773,0.2610696854503818,0.22621894552749333,-0.5822662185841936,-0.14312142044917123,0.8731608110056545,0.6119488957665521,-0.2610696854503818,-0.15903897736717798,-1.0938078624002545,-0.03432821836595151,0.2636699792153276,0.3824042551358344,0.2567835470898098,-0.49755964466293656,0.5954383064766764,0.5664865349208381,0.139780294854656,-0.3040534310604773,-1.0140677512169813,-1.8286046733399568,-1.605466492185401,-1.2438700675094103,-1.238494455284687,-1.6064699783745033,-1.712032918215528,-1.7552876165909395,0
0.4161082917320974,-0.6689285025107157,0.27967722576327125,2.505177183685348,1,0,0,1,0,0,-0.14221150653312897,-0.3373241217941949,-0.4001058925245282,-0.18840349218253855,-0.2902872140238316,-0.11382363640593401,0.10590948298766424,-1.340520330105716,0.52858522980411915,-0.1978536191254478,-0.268627637016313,-0.09461527066660606,0.1700098157215613,0.43144785962569965,-0.8691998796597878,1.5337710410164418,-0.36505600673214667,-0.4380473216418084,-0.47521987007162214,0.3422733367180179,0.2838279035259166,0.9691608641702595,0.818698263053962,-0.09469581229637845,-0.07843886617125184,-0.3422733367180179,0.4752198700716215,0.32667033235006016,-0.8598699510432187,-0.2276009282436361,0.5762117625557528,0.39332978897346543,-1.6317394216937933,-0.05703537174666111,0.17890935030013266,-0.29429738304996345,0.5286263352973745,1.33810702436318,0.9722227646142934,1.298978293907919,1.1761353041714093,-0.15990635171348128,0.5337254978059351,0.793080546914203,1.3376276710900281,1
1.7525219343084582,-0.6689285025107157,-1.168717627632051,-1.161438585374874,1,0,0,1,0,0,-0.2684008765744537,-0.25708097498085514,0.9047986120480549,-0.5836212055102586,0.726359610397128,0.25332156627342756,0.7127402614905338,-0.1557572010295552,1.6826434249501485,3.25991239066514,3.6650108898343072,1.2942181123919472,-2.9597330217555298,-0.19997436704636917,-0.6707688814201562,0.5446258017807424,0.5343683194542682,1.306561974494218,0.8615353283924961,0.9106988955914741,-1.1908947149509186,-0.4581798938724923,-1.7529335235177135,-3.87406084947078,-3.4890901877893334,-0.9106988955914734,-0.8615353283924969,-0.48105256270404034,-0.9349191994684248,-1.2738260089432798,-0.8450432918569822,-0.6136987449184976,-0.6235796198885869,-0.709509049969999,-1.0945585420250417,-0.9764194483286528,-1.0257092285706153,-0.17942508891434333,0.9266066825629212,-0.23104172733766892,-1.7007941586659285,1.3628062650929278,2.2623449208747504,3.353863200157928,0.16231986177126023,1
0.2105061928741954,-0.6431607365392533,2.452269505856255,0.5985369837740325,0,1,0,0,1,0,0.6654004617313493,-0.5414208212976894,-0.08027635709007157,-0.36199838822692515,-0.4511934425740853,-0.1366304638561745,1.0129172141741765,1.0460054111944548,0.6240443945378003,0.8684884255041716,0.6251685853194094,0.43606734655526885,-0.6128070161106108,0.8491768189417128,1.9856372589478508,0.8286439039691054,0.20137177727761305,0.3650285737469297,0.33643704580791395,0.2610696854503818,-0.5599985715068041,0.5534925628595506,-0.02038238356864164,-0.9735950253684442,-0.45637042393299593,-0.2610696854503818,-0.33643704580791395,1.0229831729139398,2.2171492343902317,0.6639647927004092,1.0284292798688959,1.0760609983917457,-0.15100471279239655,0.2692014673650073,0.12354118106860354,0.6978801664463103,-0.6371253376036178,0.27583454506891375,-0.5969704579529088,-0.5162996974004062,-0.8377153198147269,-0.15990635171348128,0.28677986593896093,0.45906541823023866,-0.2706882785040748,1
-1.3829100732745436,-0.6946962684821769,-0.15484123025532542,-0.8681093238500562,1,0,0,1,0,0,-0.34411449859924853,-0.22161117820104556,-0.5024513438635544,-0.07093761252583697,-0.22942480992573414,-0.11561240718634504,-0.816476044021214,-8.511447748147955e-4,-0.48018996786570267,-0.26730099331479407,-0.606451288791241,-0.7621484834028577,0.09869918699690616,-0.5480295496644212,-0.16431841226059776,-0.6927164354055988,0.44962219797602215,0.08702108839538808,-1.0383979846077995,-0.009609152108405178,0.5877451456526533,-0.16344235530151371,-0.03967743973270583,0.8069440720718856,0.8733755325031985,0.009609152108405178,1.0383979846077986,-0.5367575899491508,-0.18442671521636386,-0.09113678728281299,-0.43158727602782254,-0.23819657973844427,0.3215701943037938,-0.709509049969999,-0.319404172783631,0.44983577907224165,0.19555442875423396,-0.482931511569848,-1.0622544948769042,-0.9182541097615345,-0.5838686025055501,-0.5088613263982832,-0.7833178721512579,-0.8769950965056176,-0.5799798072721716,0
-0.3291993166277972,1.3409572432633117,-0.4445202009343899,-0.4281154315628296,0,1,0,1,0,0,0.03445361152472564,-0.3803530555926524,0.13720772700535894,-0.4053971122380218,0.0694063317158454,0.020781364819995127,-0.2600938513700148,0.04509738075031231,0.46092274469880634,0.6853557381293092,1.296998003545587,0.9452204143972482,-0.9155115980196814,-0.7294139362779789,-0.18924678069822118,0.4382166070804836,0.13076584433352428,0.6021956358610357,0.13286549185952784,1.1573935323539142,-0.36715497899034794,-0.2514808408486888,-0.18973140433921093,-0.7962062139429156,-1.0982340957896393,-1.1573935323539142,-0.13286549185952856,-0.7317251853070371,-0.25947596364157,-0.2639913658331881,-0.0052107597040024186,0.0519641842643253,-0.11949971898598452,-0.38327221085833024,-0.4855086804782194,-0.046252995675895824,-0.4150773999081907,-0.3311783002420958,-0.31415074923440073,-0.3607044410025493,-0.6346379459673855,-0.5405845059150832,-0.12479618717266176,0.514734606344233,-0.3944048900113141,1
-0.4320003660567478,-0.6946962684821769,0.27967722576327125,1.478524768348486,1,0,0,1,0,0,-0.3188766245909836,-0.23614798015998392,-0.7455217907937414,1.4115627996932243,-1.009476891379169,-1.2724999094171712,-1.6617749500047128,-0.25736623262263136,-0.12752757704087017,-0.3960523600856764,-0.8977426110765219,-0.06877100002128984,-0.09296038878366612,0.7074159171375775,-0.5484688889596948,-0.06304282768260419,1.6412564367211004,0.8157108024985551,0.6912331826893902,-0.7793520964162078,3.017580169245434,-0.1962008615516252,0.11098250802009782,2.1624829750989427,1.9634921956247589,0.7793520964162078,-0.6912331826893908,0.49378541408539117,-0.6347222057676005,-0.4732363819731166,-0.43158727602782254,0.20557870638343811,-0.6865896075014126,-0.8726274695258333,-1.2052948804881005,-0.6663639641110671,3.276469564278285,0.04820472807728505,0.7715120035882557,0.7154960824159574,1.6330593953279282,0.7600658542737248,0.03983423407198747,-0.32030321536567735,1.3376276710900281,0
-2.2053184687061513,-0.10203765113855341,0.27967722576327125,0.5985369837740325,1,0,0,1,0,0,0.7284951467520117,-0.5571205674133428,-0.6943490651242283,0.6159195261564526,-1.495933651455272,-0.9044603213476042,-0.4458459741054745,-0.6558567561120999,-0.371165032300923,-0.9064992978499034,-0.6374155988231908,-0.2012141252519701,-0.15060918112029426,0.5744648677021851,-0.5060960481910739,-0.794089780934827,0.0059676044740112014,-0.23876334349273212,0.5061221547512287,-0.7763978591033001,1.1939582071829933,0.393188069448371,-0.29058861485542214,1.2305394433808585,0.5955655631074809,0.7763978591033001,-0.5061221547512293,1.1900982546492709,0.06573744620098994,2.05286649403501,1.213623120292374,1.1614023995690306,2.0648465182586286,0.5954383064766764,0.3819259708157405,1.7934095440151123,1.1670141561717275,0.4275877563966659,0.16937972051014377,-0.010615114107371936,0.4822876101929924,0.062155904904119784,0.2044646553166367,-0.15329565102369538,0.10046155601764112,1
1.110015375377516,-0.7719995663965628,0.27967722576327125,0.3052077222492148,1,0,0,1,0,0,-0.028641073495936725,-0.36930508610385926,0.6745213465352461,-0.5431157297665685,0.4024987451062733,0.13570988746140308,-1.4966955223378025,-0.7846121082264118,1.5957567460152828,-1.2105054925058354,-0.5567002524775613,-0.09779610397679979,1.0597059314515933,-0.7980718686763993,-0.6702912271430368,1.0798131220232878,-0.4908867991641397,-0.03933131735714742,0.3186972389638403,-0.44946226314143684,1.283767549631933,0.40542170515715964,-1.0963448791174248,1.1485598779727137,0.6853382169733467,0.44946226314143684,-0.3186972389638417,-0.7595776989295921,-0.6347222057676005,-0.03655113089848297,0.5245297605771081,0.2909201075607231,-0.655084613695,0.6769975162545934,0.5664865349208381,-0.17027518936292965,1.0405701916507204,0.2421116092183019,-0.350643614875499,-0.8361343911071103,-0.38455192076649275,0.5873507657933682,-0.6644181234745666,-0.914107888581614,-0.45626319576493324,0
0.4161082917320974,1.7017059668637786,0.27967722576327125,-0.13478617003801185,1,0,0,1,0,0,-0.14221150653312897,-0.3373241217941949,-0.8350740607153893,4.4436869839351765,-2.1929529187918906,-3.693601160703485,0.09868735713697586,0.5314248632651719,0.24703206806287203,-0.8003393721467774,-1.350438585562075,-1.1174606255441903,0.997000041242568,0.46651049743404893,-0.7237305053039679,1.3642147106609774,-0.27898562672500216,-0.3781930933667457,-0.604544012877736,-0.924503623057108,0.3289046198949787,-1.4544146351002294,1.0332031071839198,0.8045694863669034,1.3864043539036006,0.924503623057108,0.6045440128777353,0.18740776423728422,-0.8598699510432187,-0.7825551014843162,-0.031051760693324323,-0.135786898325702,-1.7892643907258567,-0.30171300108041293,-0.04256332662598434,-0.728375060954584,0.5286263352973745,-1.2416975682086098,0.8080048692293539,1.2730457511749436,1.582290051866092,0.31594134103852145,-0.12479618717266176,-0.5429799678216537,1.1520527538291696,0
-0.6890029896291251,0.8256019238340739,-0.8790386569529866,-0.4281154315628296,1,0,0,1,0,0,-0.48292280564470574,-0.07391727029823188,0.2267599969270068,-0.4314363466446798,0.719681751298238,0.2765755864187708,-0.38319163299809283,-0.579356668580124,0.34877846635320114,-0.027543196677174326,0.7967518157451727,-0.18953426613863342,-0.548139787053351,0.8340956579044652,-0.1542536758585623,-0.12410295338890406,1.1010370779754306,0.9609886454232017,-0.7858772647355261,0.5209213695068188,1.3662558471312403,0.6406572633233196,-0.6015033473652622,1.128978600850977,-0.09759801116479848,-0.5209213695068188,0.7858772647355247,0.38237535959517033,-0.4846237089171882,-1.1009714303929035,-0.9871687972982559,-0.5624939042121272,-0.5920746260821743,-1.2804235184154193,-1.149926711256571,-0.5423417704240322,1.1670141561717275,0.5034643620605421,-0.22291858513165644,-0.4903671546674297,-0.0423289389126401,-0.5088613263982832,-0.4540570296619595,-0.26463402725168356,-0.08511336124321738,1
-2.2053184687061513,0.18140777454752677,0.27967722576327125,-0.13478617003801185,1,0,0,1,0,0,0.7284951467520117,-0.5571205674133428,-0.016310450003180245,-0.36720623510825673,-0.4264272092065858,-0.1446799323680241,0.9206646846930903,-1.0912912351028763,-0.4954758385985714,0.7292650325751532,0.572770451987668,0.003203531807882061,-1.4174615657465564,0.49456479769087897,-0.5403480624016185,-1.032616944585077,0.057966189437433195,0.03870421435054962,0.5444209881177442,-0.5355808722489565,-0.7860433369556296,0.9565226411674741,-0.3603483742064066,-0.9277117295656222,-0.7068425074202607,0.5355808722489565,-0.544420988117745,0.841941834367331,-0.18442671521636386,1.2416629894345597,0.4276260068671489,0.4360004895621079,1.9598298722372534,0.3915402820318834,0.15122526568436812,1.069946747507413,-0.6926373220274746,1.0346006017076752,0.32447439948480933,0.08014878545804377,-0.29617565622181696,0.5380035976561225,1.6038232358961542,1.4054416161681371,-0.20882997275045564,1
1.7011214095939837,-0.7977673323680251,-0.15484123025532542,0.3052077222492148,1,0,0,1,0,0,-0.81101516775215,4.46272788504725,-0.7199354279589849,1.2987261172643731,1.110896751962668,2.428466835253226,0.08386331495759676,-1.449438000156515,0.34272150261396483,0.6703962939454228,1.1205437826966351,0.025861238682648266,-1.2489484053226858,0.25504416503977473,-1.5034855355210222,0.8955974650436146,0.7612803834939686,1.3950694395427643,0.9704170281043213,-0.9271761482887021,0.1382231437060355,0.4832403385359218,0.43147730596697553,-0.15078954600602143,-0.09474801773906164,0.9271761482887021,-0.970417028104322,0.4102278732177254,-1.3101654415944555,0.6366719645082435,1.0413497803635572,1.349153482159058,0.3530751881102058,-0.05703537174666111,-0.4855086804782194,1.0079356506638961,0.0012624832707351544,0.27583454506891375,-0.44187577897824326,-0.16621037050522874,-0.21156008378542468,-0.667477223982284,0.9453015509175579,0.514734606344233,-0.45626319576493324,1
-0.6890029896291251,-0.6946962684821769,-0.8790386569529866,1.478524768348486,1,0,0,1,0,0,-0.48292280564470574,-0.07391727029823188,-0.7455217907937414,1.4115627996932243,-0.7584313403226886,-1.1477331474835026,-1.6179115414956096,-0.02069008485058321,-0.266909148763372,-0.9702432629446893,-1.096661776737174,-1.1427727279920294,0.5877914958407147,0.8520431164893493,-0.3009747803881649,-0.1637986525356482,0.9950694009355008,0.8307591817417492,-0.4914206069155262,-1.0712207285677868,3.1010968254617537,-0.27311213709536664,0.20027189875244786,2.2974298378328166,2.236788666643296,1.0712207285677868,0.49142060691552547,0.35452284597261524,-0.6347222057676005,-1.21924035255895,-1.1034533017502068,-0.71610842633123994,-0.6865896075014126,-0.9541866793037505,-0.8730858650989243,-0.790386157798101,3.8593454007287815,0.19995793940503753,1.5561086148718575,1.4416072789392878,2.479215119691851,1.4262526241265279,-0.12479618717266176,-0.5986491559356475,2.203643951640699,1
1.7011214095939837,2.3459001161503257,-0.15484123025532542,3.2385003374973924,1,0,0,1,0,0,-0.81101516775215,4.46272788504725,-0.46407179961141953,-0.1044992924277517,1.7929324036126122,3.512909120877406,-2.411770817982384,-1.49948820711269,-0.022147131655219976,-1.5295991992031732,-1.2045609254592835,0.0653187659451805,1.000319824637615,0.31884450015709837,-1.7129015849563836,0.8244333686431609,0.7265859871301759,1.4747664653922608,1.5021957812756164,-1.4007724800268284,3.672211699142551,0.34214741717132074,0.8587518983413925,2.7868600638248155,3.0058106110847582,1.4007724800268284,-1.502195781275617,0.438080386840281,-1.535313186870074,0.5093054329448095,0.8863037744276221,1.178470679804488,0.4475901695294441,0.2692014673650073,-0.3747723420151606,0.6978801664463103,4.192417307271922,0.7310941790521709,1.1181942271786838,1.454573550305776,2.7330618370010282,0.728342674756924,-0.9479482933959068,-1.4893561657595522,2.018069034379841,1
-0.6890029896291251,-2.2149944607984287,-0.8790386569529866,0.3052077222492148,1,0,0,1,0,0,-0.48292280564470574,-0.07391727029823188,0.7256940722047591,-0.5517954745687877,0.9682671577500781,0.36959166700014373,0.5405165043913998,0.4784990975537337,0.6541093034662971,0.6021161669710922,0.5442900250914122,-0.18227875949871186,0.04653882235091323,1.0075146154876746,-0.021811246338420187,-0.5167594062650361,1.509936133269654,1.1649313020000618,0.2181716668474219,-0.46498649058965996,0.25509537562583745,-0.6786050558861578,-1.4134826978390123,0.683806726533929,0.4297249911749594,0.46498649058965996,-0.2181716668474226,0.6609004958207222,-0.25947596364157,-0.7279694450999874,-0.8579637923516437,-0.2894014204448148,-0.05648973137315825,-0.709509049969999,-0.8730858650989243,-0.35630847989348147,0.31583039500592347,-0.5588081172337243,0.3183922552112921,-0.4903671546674297,-0.20591904562299765,1.5214221626769286,-0.48149543320273464,-0.7285439282016336,0.16231986177126023,1
1.1614159000919912,0.49062096620506923,-1.168717627632051,2.505177183685348,1,0,0,1,0,0,-0.5460174906653681,0.03191064796283935,-0.6431763394547153,0.27451623060249236,-0.21028456945682905,-0.18761043109788852,-0.6235732479407748,0.7328417480524756,-1.8518344488079252,0.65414623255643,0.15418160159494695,0.890195669881259,-0.3098277896396745,0.6281606457744043,0.007889032525199353,-0.9015641136511351,1.00756298958584,0.9376495406005401,1.943454842271065,-0.7133741297612541,1.4947444965842271,-0.9979452383500192,1.6255347406339724,0.11537285492390228,0.714988644455561,0.7133741297612541,-1.9434548422710656,0.9951306592913848,0.41596727218528484,1.2644070129280303,0.5245297605771081,0.9395147565080901,2.0858498474629035,0.758556726032511,-0.09793149585751397,1.0079356506638961,1.6943780081983673,-0.7864379342253526,0.7258959215368835,1.5323711785047043,1.4976744794297,-0.44541496736468245,0.6160407084282594,0.29205785388825667,0.8427612250610729,0
-0.14929748012713334,0.8513696898055362,-0.8790386569529866,-0.4281154315628296,1,0,0,1,0,0,-0.5333985536612357,0.029003287571051677,-0.630383158037337,0.23690400312620857,-0.2006745132716574,-0.16077886939172326,0.3923749967354792,0.920158856223315,-1.201220748134398,0.9406613390712689,-0.11587970183070981,-0.9042207840126262,-0.02219699723246876,0.2602903037227554,-0.22378872544325062,-1.942092874594448,1.0648721218573283,-0.09070421227624735,-0.4633576356367666,-0.7736968421314995,-0.28552797985446826,-1.4871335399272143,-0.3095070404116014,-0.21486381501588564,0.06209427855479596,0.7736968421314995,0.4633576356367659,0.04814519612450831,-0.40957446049198204,-0.6642861793182697,-1.4781478160953823,-1.0745423112758372,0.4475901695294441,-0.709509049969999,-0.5962450189412776,-0.728375060954584,-0.05424950115312168,-1.2416975682086098,1.0452084958964885,0.7025298110494701,0.5669031826293847,1.2993599060593275,0.36909507656128593,0.013711913318286572,0.5334696962929761,1
1.6754211472367457,-0.6173929705677911,0.27967722576327125,1.0385308760612593,0,1,0,1,0,0,-0.6469689866984278,0.3807938949773599,0.8792122492132983,-0.5801493075893709,1.4399409287384703,0.7412087966305327,0.7929751425664237,-3.1670541325915975,-0.6738068720245523,1.1928939458387233,1.4327879250562514,0.6792222633862228,-0.9922964420404562,1.1519141253529916,0.15543981078153193,-0.19876719566846818,1.1917064439256586,0.9094816554697405,0.8018189915875111,0.13114384342216406,0.04832778256871154,4.502597378698793,0.7213747041098603,-0.4298470514420341,-0.9747626544187616,-0.13114384342216406,-0.8018189915875119,1.3850658500071569,0.41596727218528484,0.8004289336612322,0.5632912620610914,1.0589927181562884,0.7626401075935709,0.758556726032511,0.40038202722625016,1.13195784435093,0.08453045990652028,4.373171250918228,0.19674936974096682,0.5469345546516133,0.3299795798074865,-1.175048096251087,1.439192814651505,1.6837875567381073,0.7809029193074537,1
0.7502117023761872,1.5213316050635446,2.8867879618748513,-0.8681093238500562,1,0,0,1,0,0,-0.6343500496942954,0.3284614079251818,-0.5920036137852022,0.18193228604548617,0.16770777687585575,0.11200867462095708,2.5595444929213365,0.11266687761536344,0.7969391209595024,0.7690336761423122,1.341134416846142,1.100065329107635,-0.746639716079391,4.0032305917456394,-0.7190025947232673,1.3883251507480123,1.309339265299831,2.2115886244052767,1.8265808207101075,-0.31122271395962636,0.4408719150165467,-0.8749198408971308,0.30569041096439675,0.2594035197813656,0.41564541568166924,0.31122271395962636,-1.826580820710108,3.6132669398115715,-0.7097714541928067,-0.16391766246191838,0.5632912620610914,1.1101975588626602,-0.34003467563087314,-0.709509049969999,-1.3713993881826885,0.20179139169817292,0.44535835866158957,-0.7864379342253526,0.15113328768959466,0.28760912732185256,0.38074892326932136,0.030432725387320277,-0.20711139779498602,-0.3759724034796717,0.16231986177126023,0
-0.25209852955608386,-0.5658574386248675,-0.15484123025532542,-0.8681093238500562,1,0,0,1,0,0,-0.21792512855792381,-0.3070875737196031,-0.0035172685858019803,-0.3683635344152193,0.19465672592976233,0.04850731191636592,-0.5390826704380461,-0.049651109551241183,-0.05811604924921852,0.21635467972947864,0.29575350340629847,0.7884070700239142,0.6693245755942011,-1.096467954446598,-0.8536491736185097,0.4863533255417721,-0.5530601274994221,-0.18724512680924424,1.2358039974376995,-0.15036214763897582,-0.3459702848238979,-0.7870192964103623,0.5681847746564284,-0.8406861694755746,-0.5673024612638489,0.15036214763897582,-1.2358039974377002,-1.0659553487776992,-0.8598699510432187,-0.2912841940253525,-0.0052107597040024186,-0.22112829950298704,-0.40304466324369825,1.4925896140337656,0.8986955503100138,-0.6663639641110671,0.029018475482663446,-0.3311783002420958,1.765942592308169,1.8565279626669051,1.3115202200696365,0.728342674756924,1.1099319721622063,1.127095675598167,1.2139110595827887,0
-0.14929748012713334,0.28447883843337485,-0.8790386569529866,0.3052077222492148,1,0,0,1,0,0,-0.5333985536612357,0.029003287571051677,-0.42569225535928473,-0.165257506043287,0.21798236425632364,0.1500200537046912,-0.17276321006850207,-1.0129581467352178,-1.4050686628105815,0.5831650692198457,0.01606702480279954,-0.09360200028536353,-0.09187237069805508,0.3565033798343711,-0.17868667514169861,-1.6359813543514676,1.1053349476837995,0.05528157455840753,0.10398440440281079,-0.23079243079930178,0.5964454257023939,1.2113124574736132,0.2767724444580308,0.3082128272682683,0.033083778729178795,0.2307924307993025,-0.1039844044028115,0.02029268250195297,-0.4846237089171882,-1.0372881646111858,-1.6073528210419945,-1.1940202729240363,-0.024984737566746233,-0.5463906304141645,-0.6516131881728072,-1.1624527388592034,0.5841383197212315,1.1863538130354276,0.12376363845877164,0.2487103132223888,0.36382580878204385,-0.3819686083310823,0.12214944469431245,0.013711913318286572,-0.023255055489598248,0
0.5703098658755232,-0.5658574386248675,-0.8790386569529866,-0.8681093238500562,1,0,0,1,0,0,-0.25578193957032125,-0.2727807210965086,-0.0035172685858019803,-0.3683635344152193,0.2362459537001377,0.07489168092742844,-0.8364705839770652,1.0128444612944125,0.00931481142602309,0.23121907072129744,0.3473527648962692,-0.7654154442562577,-0.5045772851484356,-1.4419730510618523,0.3843013347934282,0.6438095565533684,-0.4220688243012548,-0.028598138931497607,-0.67984341407292,-0.3696749546284684,-0.27766977339899596,-1.0051761683379241,0.6342328563117919,-0.7308782687795715,-0.4794961227924797,0.3696749546284684,0.6798434140729193,-1.4558905394934718,-0.18442671521636386,-1.4375829780962672,-0.9484072958142716,-1.040405750804923,-1.2536794960168407,-0.7910682597479163,-0.5962450189412776,-1.1004416420156866,-0.026493508941193386,-0.7105613285614767,1.136440659999233,1.3378771080073837,0.9053654723749538,0.2524949820049213,1.0276167615398821,0.9044189231421907,0.5334696962929761,1
0.2876069799459088,-0.8493028643109486,0.27967722576327125,0.3052077222492148,1,0,0,1,0,0,-0.40720918361991093,-0.16869721907050997,-0.054689994255315046,-0.3643129868408503,0.39470839196641555,0.15180882448510225,1.087974982714193,1.3726622653700258,-0.06082877875143555,0.8384329138361871,0.26690953317401983,0.46259461333227003,0.03887996201600899,0.607809822471444,1.1926907229732355,0.4831825504154874,0.572430953795611,0.12239816664744335,0.11588809585456382,0.5159874767715705,-0.9055392847028918,-0.689210653604226,0.5687068435494067,-0.5650560404431624,-0.22749747841701715,-0.5159874767715705,-0.11588809585456454,0.605195468575612,1.1664597564373458,0.13630344765189217,0.369483754641173,0.59814915179895,-0.6865896075014126,0.2692014673650073,0.2342775195316623,0.07776919801113909,-0.8036612908751883,-0.5588081172337243,0.36096726512590627,0.6117659114840535,0.3299795798074865,-0.0647368131630805,0.2044646553166367,0.514734606344233,0.7190446135538346,1
1.521219573093319,0.5679242641194551,-0.8790386569529866,-0.8681093238500562,1,0,0,1,0,0,-0.571255364673633,0.1801860279440106,-0.2721740783507456,-0.26883579401643765,0.504867622912523,0.3463376468548005,1.1599452204224476,-0.6561175540446976,0.33401125234791823,0.4486408556297883,-0.0165586512857128,1.268887112576233,0.7308208075125842,0.24213059289705352,-0.7981719209177466,0.751022472426632,0.546589256182872,0.6266981812154563,0.6257323574189628,1.1100169487029459,-1.3709980297098552,0.10095082526918467,0.29810058505484077,-0.06409630209014534,0.6333758547007455,-1.1100169487029459,-0.6257323574189636,0.0759977097470634,-0.8598699510432187,-0.50962681956267,-0.06981326217730856,0.15437386567706757,-0.844114576533476,0.02452383803125581,-0.26403600355210183,-0.4803306735805153,-1.4142931195376127,-0.482931511569848,-1.682633210775566,-1.3072422507561756,-1.2438700675094103,-0.8895394805998851,-1.6064699783745033,-1.4336869776455579,-1.198562864808365,1
0.23620645523143258,1.5213316050635446,0.5693561964423357,-0.8681093238500562,1,0,0,1,0,0,-0.7100636717190902,1.3896479509276818,-0.5920036137852022,0.18193228604548617,0.47710042992796414,0.9281353431834843,0.26838671417625454,0.5709464138590021,-0.29598290172331637,0.42762270788460427,-0.13853629481555674,-0.5948609384376183,-0.050583643872107356,0.5201582382164175,-0.1091665037844681,-0.03073161423021261,1.1780374901273045,0.5958422688393727,0.10398440440281079,-0.9144498376620688,0.14653772346917762,-0.8930024780366481,0.3737362335858915,0.5904311192480122,0.7618279724431171,0.9144498376620688,-0.1039844044028115,0.02029268250195297,-0.5596729573423944,-1.455778196891044,-1.2455788071914804,-0.801449827508525,-1.2536794960168407,-0.5463906304141645,-0.6516131881728072,-1.0384305451721696,0.0012624832707351544,-0.9381911455531051,-0.4692454282090663,-0.21807545597118072,0.025363519036474696,-0.3819686083310823,0.03983423407198747,-0.3759724034796717,-0.5799798072721716,1
1.1614159000919912,1.1348151154916164,-1.168717627632051,0.3052077222492148,1,0,0,1,0,0,-0.5333985536612357,0.03191064796283935,0.29072590401389814,-0.45747558105133773,0.8587817008212933,0.3780883282070961,1.1071625741212898,0.4893747198073714,-1.5037244769374796,1.0017110050360598,0.7384930480496414,1.2069514262136305,-0.6397192968668812,0.6502052375946038,-0.03979999935237782,-0.8710515092452391,0.9006377549846348,0.80533149196091,1.8468548856747633,-0.18555039652161812,-0.8898590983711007,-0.7115529266113483,1.180318972137558,-0.46018996198196865,-0.17382767403055555,0.18555039652161812,-1.846854885674764,0.9951306592913848,0.340918023760079,1.1916261377489248,0.48576825909312477,0.8541733553308051,1.9283248784308402,0.8401159358104279,0.012804842605544792,0.9459245538203791,-0.7759052986632599,-0.5588081172337243,0.4521994292286506,1.026686595211671,0.7530574419894479,-0.6040308649486834,0.6160407084282594,0.5704037944582268,0.22417816752487937,1
-0.25209852955608386,0.4133176682906843,-0.15484123025532542,1.0385308760612593,1,0,0,1,0,0,-0.1800683175455264,-0.33325381724569214,-0.5920036137852022,0.19350527911511192,-0.6081738837327773,-0.4058404663080328,-1.0626581178412502,-1.9049164794358002,0.4267071371475351,-0.9164720660951923,-0.8303059434362032,0.2702336365733472,1.7853441065210167,-1.1325462613451767,-0.9246408222615929,0.47506660045721194,-0.6706976749623335,-0.40639035064054047,1.0187373090415193,-0.6418048099999468,0.3460251008744717,1.688272772315732,-0.10592683304318665,0.5730423018896897,0.6826773115649041,0.6418048099999468,-1.01873730904152,-1.0659553487776992,-0.8598699510432187,0.00893691608845806,0.2531992501892221,-0.03337721691295973,-0.30852968182446,1.6557080335896,1.1755363964676604,-0.4803306735805153,0.3898463742377325,1.717490052682561,0.269735101023162,0.1709126850234604,0.39767203775660004,0.5380035976561225,-0.28942660841731066,-0.5986491559356475,0.6571863078002155,0
0.5960101282327613,0.23294330649045036,-0.8790386569529866,0.3052077222492148,1,0,0,1,0,0,-0.40720918361991093,-0.20707437624210723,-0.5280377066983108,0.0019722438128054,-0.18789203091048115,-0.16077886939172326,-0.1418235418815784,0.11126216046856242,-0.6959750338873449,-0.6166126756973742,-0.8512638840183739,-0.7402052935751476,0.9027186558182215,-0.4064190796314149,0.231669315021107,-0.41134619176433873,-0.575859774504845,-0.8277447402623033,-0.18804420001687264,-0.8230517886162441,-0.20888006832363143,0.07937042710697083,0.5380579339779963,0.26199124944497987,0.2985531092689043,0.8230517886162441,0.18804420001687194,-0.23037994010104354,0.491016520610491,0.7913313242638433,0.4340862571144791,0.17144214591252482,0.5421051509486824,1.0032343553662626,1.2309045656991897,0.38782468222872474,0.029018475482663446,0.4275877563966659,1.0543317123067637,1.2082143943425034,1.2607508766078017,0.28421816152172197,0.7806711296729086,0.4033962301162448,1.275769365336409,1
1.7782221966656961,1.2378861793774645,-0.4445202009343899,0.3052077222492148,0,1,0,1,0,0,0.7032572727437467,-0.5495614303946948,-0.4001058925245282,-0.21444272658919655,-0.8147286335527025,-0.2569252988388155,0.10663925633033342,-0.7247737229405593,1.561641386222532,-0.7608877218834676,-0.549298021060817,-0.2976505511132282,0.4163793895545391,-0.7580803369385507,-0.34803398587817946,1.2038055903556946,-1.5519899988531196,-1.062270303686132,-0.7703150826731027,0.3580292690535297,-0.9057494222955054,0.6461218734201163,-0.9251075665234084,-0.5110164921726207,-0.3229858676317395,-0.3580292690535297,0.7703150826731019,-0.9266927806649233,-0.7097714541928067,-1.3557044935197728,-0.6383152839424023,-1.1598837124531223,-1.6632444155002057,-0.46483142063624716,-0.1532996650890431,-1.2244638357027204,-0.859173275299045,0.5793409677244183,-0.04957747333644305,-0.5162996974004062,-0.6684841749419423,0.8235122133073248,-0.28942660841731066,-0.15329565102369538,-0.2706882785040748,1
1.521219573093319,-0.5658574386248675,-0.8790386569529866,1.0385308760612593,1,0,0,1,0,0,-0.6217311126901629,0.3284614079251818,-0.16982862701171944,-0.33017265728545425,0.7495174763454219,0.5077742097868949,-1.475203565217344,-1.2276492907118324,0.5631512417579435,-0.07886446192171634,0.07241714350175185,0.033771091082814564,0.24179156766107046,0.06082479177359405,-0.8170471052130903,0.4841344344329301,1.0147251218581845,0.9677851693239171,0.6109019818860374,-0.5598254073642694,2.112081883134671,0.866487324935308,-0.28333819630315515,1.1127248610178988,0.8507080204941223,0.5598254073642694,-0.6109019818860381,-0.06326485836571254,-0.8598699510432187,-0.43684594438356456,-0.1344157646506147,0.2738518273252659,-0.5920746260821743,-0.6279498401920818,-0.9284540343304539,-0.4803306735805153,2.221741860225006,1.0346006017076752,0.5251851605108457,0.28760912732185256,0.7361343275021692,0.664896315723324,-0.5363722402842841,-0.8213259083916238,0.6571863078002155,1
-0.7404035143436003,-0.05050211919562982,0.27967722576327125,-0.4281154315628296,1,0,0,0,1,0,0.5392110916900246,-0.5152545777716003,0.07324181991846762,-0.3886162722870644,-0.27519567981822496,-0.09593592860182383,1.012903342327693,1.1314324439815266,-1.6364584875873036,1.4605901988232532,0.2349025545849356,0.20725204739873132,-0.42934178733442047,1.4627722618450598,1.0367297809665612,-1.4434206141708605,1.429119352460991,0.6838565430328128,0.19034451885672046,0.09388569754642515,0.05311805440786311,-0.5143534012236674,0.7865950599273469,-0.5560728428085792,0.36226798685594247,-0.09388569754642515,-0.19034451885672118,1.2736557955169365,0.8662627627365218,-0.20030810005147043,-0.8967252938356269,-0.3576745413866426,0.8571550890128092,-0.8726274695258333,-1.0391903727935126,-0.35630847989348147,0.11228645211844858,-0.4070549059059717,0.2879815338437111,0.6636309969500054,0.38074892326932136,0.28421816152172197,-0.12479618717266176,-0.09762646290970158,0.5334696962929761,0
0.13340540580248203,-0.6689285025107157,1.7280720791585935,2.505177183685348,1,0,0,1,0,0,-0.356733435603381,-0.2239370665144757,-0.3233468040202586,-0.23469546446104164,0.05458267823874147,0.009154354747323507,1.8317123088693679,-1.210108339120338,-0.565340215915852,1.1585762951906233,1.2988542922937285,0.39313756923124704,-1.2088135163353018,2.722761297459065,-0.19657463971565226,-0.004604933025660483,1.330360447821106,1.3207988829338093,0.2181716668474219,0.3198127523248422,0.1735104527989652,1.4639875134540428,0.768211500573573,-0.24599918260915304,-0.39907115608229665,-0.3198127523248422,-0.2181716668474226,2.248493772306368,-0.3345252120667762,-0.4914316007678933,-0.4186667755331612,0.10316902497069583,-0.08799472517957138,-0.709509049969999,-0.8730858650989243,0.20179139169817292,0.41760236644966076,1.8692432640103136,0.9904691974348425,1.2860120225414318,1.0915197317350172,-0.3185222492974822,1.0276167615398821,1.3497724280541432,1.2139110595827887,1
0.10770514344524394,1.4955638390920825,0.27967722576327125,-0.4281154315628296,1,0,0,1,0,0,-0.44506599463230834,-0.11927209241011955,-0.2593808969333673,-0.31859966421582847,0.26264890696126464,0.15449198065571876,-0.04743397860318925,0.12227431809717881,0.4215388579591921,-0.20298022005126626,-0.23324688970823002,-0.2064180858792433,0.4481090957220539,-0.9160055375124035,-0.9463507034478218,1.3789548655834876,-1.055691717537278,-0.7500436828794285,-0.28338753067176975,-4.693472038239746e-4,-0.8493038381995662,-1.1158586989482313,0.8094589135455843,-0.7725926537883638,-0.42903929206219277,4.693472038232714e-4,0.2833875306717691,-0.8988402670423681,-0.9349191994684248,-0.2548937564358004,0.47284775859846334,7.593435579547688e-4,-1.2536794960168407,0.5138790966987595,0.7325910426154264,-0.23228628620644656,-0.7203933142394032,-0.9381911455531051,0.561678026151944,0.9229564242797662,0.5161338391675497,-0.1916295312302808,0.36909507656128593,0.4033962301162448,0.22417816752487937,1
-1.3829100732745436,-0.1535731830814779,-0.15484123025532542,-0.8681093238500562,1,0,0,1,0,0,-0.36935237260751347,-0.22161117820104556,-0.5408308881156891,0.03148337614035112,-0.2693723275109699,-0.1947655142195326,-0.62324465574666,-0.14895409472197155,0.8294247713148827,-0.36661265575983026,0.3385450218054419,-0.08424798564889745,-0.37193472142362183,-0.5123964019549909,0.09148591308528907,-0.4976497365156586,0.4746215176699755,0.35170175188958186,-0.49529816032406576,0.3763264807979944,0.35465641782204255,0.2960927490192963,-1.633941440322368,0.965896618453638,-0.0967568013875563,-0.3763264807979944,0.4952981603240644,-0.5089050763265954,0.04072103005925432,-0.11842961547497735,-0.354064273059855,-0.15285517856115927,0.3530751881102058,-0.6279498401920818,-0.4855086804782194,0.3258135853852078,0.1400424443303771,0.04820472807728505,-0.615216890773458,-1.2942759793896883,-0.9054077777638412,0.2524949820049213,-0.5363722402842841,-0.4316415915936655,-0.6418381130257917,1
0.4161082917320974,0.4648532002336079,0.27967722576327125,-0.13478617003801185,1,0,0,1,0,0,-0.14221150653312897,-0.3373241217941949,-0.5664172509504457,0.04884286574478978,-0.5852116548371973,-0.29717264139806343,0.6429215081278936,0.4329084723990438,0.5832562906234671,0.027113473442722098,-0.5154839613766836,1.0759302178452497,1.1683233942483477,0.5149543549294182,-0.6010295407846791,1.2400030526166799,0.08827424497373104,0.08693656876050418,0.46109514795545875,1.0101319379600069,-0.37946168357323656,-1.1962786642271126,0.4487525939575724,0.0509026768406706,0.7550310346785899,-1.0101319379600069,-0.4610951479554595,0.38237535959517033,-0.6347222057676005,-0.2912841940253525,0.369483754641173,0.39332978897346543,-1.2851844898232538,0.4323198869208419,0.2342775195316623,-0.29429738304996345,-0.4150773999081907,-1.1658209625447336,-0.2594114507727547,0.002351157259115363,0.025363519036474696,0.09387908442092041,-1.3595243465075295,-1.1553410370755877,-0.023255055489598248,0
-1.5114113850607322,2.3459001161503257,-0.15484123025532542,3.2385003374973924,1,0,0,1,0,0,1.3846798709669002,-0.6484116837154758,-0.5152445252809326,-0.026381589207777743,-1.2453373596944795,-0.4782856829146791,-3.865793762516375,1.093284739180217,-0.8477224959747028,-3.218146016226808,-3.402909976540001,-0.9654939485414424,1.8707200531545207,-1.2965676478086747,1.4909016092059442,-0.11433891997901643,-1.7266626648437684,-1.5371003673195893,0.2430696413654208,-1.5578921029446724,4.079965213933373,-0.007015111834759903,1.043965463093638,2.6353785088322814,2.9232702939248933,1.5578921029446724,-0.24306964136542153,-1.038102835155144,2.4422969796658496,2.083191858692969,1.6873748050966186,0.7346953936826055,1.3297299961089997,1.4110304042558486,1.397009073393778,1.3800022317249987,4.442221237179277,0.27583454506891375,0.8718673841012752,1.3378771080073837,2.5299844631536863,0.37938770007212164,-0.7833178721512579,-1.378017789531564,1.8324941171189824,1
0.23620645523143258,0.3102466044048362,2.452269505856255,0.3052077222492148,0,1,0,1,0,0,0.48873534367349464,-0.5076954407529524,-0.4768649810287978,-0.11317903722997104,-0.8359652222306702,-0.3029861464343992,0.14038290330925085,0.6664209920726367,-9.856808044935756e-4,-0.7112962027205867,-0.3805097303348853,-0.24724060123120833,0.08471241090478512,0.8578570961513191,1.5643658183720504,0.7460809202947846,0.11239275260876828,0.29945137772456715,-0.007768161614413057,-0.3295023237687909,0.6619548583022752,0.652463609346959,0.7510868318068442,1.0723620104301945,0.7870372721331536,0.32950232376879157,0.007768161614412348,0.911573118423719,1.6167552469885829,0.32735324499704527,0.6795757665130432,0.700558833211691,-0.2770246880180474,-0.13859458152457876,-0.1532996650890431,0.44983577907224165,0.27882240539001907,0.19995793940503753,-0.989268763594709,-0.5033334260339178,-0.07617516788719629,-1.3653871733518879,-0.6186874509066087,-0.8213259083916238,-0.8274130302866491,0
0.23620645523143258,1.1605828814630785,0.27967722576327125,-1.161438585374874,1,0,0,1,0,0,-0.8236341047562825,5.875705035456058,-0.5536240695330674,0.034376624407757565,2.080740265303444,4.4922611231524385,-0.335970100528296,-1.032460309359435,1.6295863418339338,-0.3612360958917352,0.16528743247455147,-0.962660071114817,-0.3270822924156289,0.22424011832867752,-1.4158329556133116,1.39620579483947,0.4782281013767749,1.0049371209659441,0.6912331826893902,-1.9985101759099344,0.6912326872969408,-0.001266197714611322,-0.8246469465124727,0.9622094596050864,0.7662437461552674,1.9985101759099344,-0.6912331826893908,-0.20252742647848845,-1.535313186870074,-1.455778196891044,-0.6512357844370638,-0.4430159425639276,-1.6002344278873806,-0.8726274695258333,-1.2052948804881005,-1.2244638357027204,0.917210226264372,0.27583454506891375,0.853620951280726,0.2487103132223888,0.6345956405784983,1.5214221626769286,0.8629863402952329,-0.04195727479570725,0.5334696962929761,1
0.5960101282327613,-0.7977673323680251,-0.8790386569529866,0.3052077222492148,1,0,0,1,0,0,-0.40720918361991093,-0.20707437624210723,-0.7199354279589849,1.2987261172643731,-0.7541428746183517,-1.1629376991169964,-0.23307042175815879,-0.06551182162253798,-0.47534300403594365,-0.15690025710904357,-0.30103124806792186,-0.7275009119298695,0.07006972769554247,-0.2867101405095619,0.34607705516621007,-0.2666712625250154,-0.424338956720946,-0.701218030360091,-0.3364521793121226,-0.6585353003337585,0.03761270082324102,0.43660942777002515,0.38183090944291126,-0.2088051206992885,-0.2932475598472632,0.6585353003337585,0.33645217931212196,-0.17467491285593337,0.491016520610491,0.47291499535525605,0.2531992501892221,0.06903246449978255,0.19555021907814235,0.6769975162545934,0.954063719541543,0.139780294854656,-0.10976148557697851,0.19995793940503753,-0.5331079430809875,-0.2699405414371327,-0.33002188519637315,-0.826093121566285,0.6983559190505837,0.4033962301162448,-0.6418381130257917,0
0.6731109153044746,-0.05050211919562982,1.4383931084795292,-0.4281154315628296,1,0,0,0,1,0,-0.7731583567397526,1.7908636849943804,0.07324181991846762,-0.3886162722870644,1.7535552546221054,1.6776303001757011,0.6439684974257821,0.6349250562199842,-1.4563654127999377,1.31950756326604,0.27150587409737675,0.14717886392452048,-0.1837730645779247,0.9708235864280352,0.27115643882823437,-1.2201194999291776,1.1327195508887542,0.6711717097286217,-0.003877616098807187,0.2045801889163758,0.07458161709161149,-0.5998159976150634,0.7647978782748285,-0.6593842735606141,0.30229760798780625,-0.2045801889163758,0.0038776160988064777,0.29881781872750485,-0.3345252120667762,-1.6195351660440314,-1.865762830935219,-1.4500444764558913,-0.37153966943728567,-1.0357458890816678,-1.149926711256571,-1.4725082230767892,0.1400424443303771,-0.482931511569848,0.31535118307453414,0.6765972683164937,0.34690269429476517,0.3476645205553221,-0.12479618717266176,-0.04195727479570725,0.5334696962929761,1
0.13340540580248203,1.7017059668637786,1.7280720791585935,0.3052077222492148,1,0,0,0,1,0,-0.356733435603381,-0.2239370665144757,-0.68155588370685,0.39603265783356295,-0.668608696287777,-0.4782856829146791,1.0171867443048024,-0.3851031141899043,0.28192982686396845,0.0362517659703074,0.2651991548778474,0.2968972351117577,-0.4379125662980247,2.6465553569563007,-0.13152969112857638,-0.22154257579736303,1.3238408321221273,1.160165615037668,0.3871222082195544,0.020989325180847843,1.229984000233534,0.39680255272596754,-0.6080364412199413,1.2637241107017305,0.7879040254441747,-0.020989325180847843,-0.3871222082195551,2.499166394909364,-0.10937746679115769,0.05442496307539909,-0.06981326217730856,0.4616029099152932,0.3845801819166189,-0.5463906304141645,-0.762349526635866,0.6358690696027934,1.2780381250194413,0.5034643620605421,0.36096726512590627,-0.02358138547386016,0.4822876101929924,0.6966194952401235,-0.04248097655033679,-0.04195727479570725,0.8427612250610729,0
0.10770514344524394,0.49062096620506923,0.27967722576327125,2.505177183685348,1,0,0,1,0,0,-0.44506599463230834,-0.11927209241011955,-0.630383158037337,0.31502170634618254,-0.36914960729584884,-0.3351840204817976,-1.6092120769705118,0.0046075159224729595,-0.44739122007107796,-0.7367719450988628,-0.9353026607087211,-0.8958962364616655,0.5316488545110485,-0.982777219174533,-0.9547604193826145,1.3621495449639562,-1.1086687296136895,-0.8321913423291738,-0.46081074412575107,-0.7648691281260978,1.2556691479043678,-0.9627819890399606,1.980427713019204,-0.1040055689393146,0.40346639338909907,0.7648691281260978,0.46081074412575035,-0.9545452942874786,-0.9349191994684248,-0.2185033188462471,0.49868875958778525,7.593435579547688e-4,-1.2536794960168407,0.5138790966987595,0.8433273810784847,-0.10826409251941274,1.5278420549267964,-0.7105613285614767,0.9174834661526473,1.9213593194993455,1.7515211967388769,-0.826093121566285,1.0276167615398821,0.6817421706862145,0.904619530814692,0
-1.1516077120594044,-0.6946962684821769,-0.15484123025532542,1.478524768348486,1,0,0,1,0,0,-0.2810198135785862,-0.29603960423080994,-0.7327286093763631,1.4636412685065403,-0.9866064020360292,-1.3588080995720029,-2.0311359060620524,0.20344818589365665,0.32009539915893803,-1.1012001039535442,-0.5865941212977221,-1.079557514963085,-0.23670458896556287,0.18976880542686073,0.20520332996158783,0.2845322320844419,0.7058555351802429,1.101263001041136,-0.7652983266135058,-0.7133741297612541,3.013958675114284,-0.07367082870025965,-0.15165368084860725,2.1875645628557323,1.8377700637659378,0.7133741297612541,0.7652983266135052,-0.11896988561082296,-0.18442671521636386,-1.0554833834059623,-0.7675202888890147,-0.47715250303484213,-0.5290646384693491,-1.7697787770829225,-1.7589765728033937,-0.6043528672675491,3.9148573851526383,0.5034643620605421,1.8024354579492659,1.4286410075727993,2.4115226617427363,1.6800380602609295,-0.20711139779498602,-0.5429799678216537,2.203643951640699,0
0.46750881644657266,0.0010334127472937634,-0.15484123025532542,-0.4281154315628296,1,0,0,1,0,0,-0.5460174906653681,0.046447449921777705,-0.6687627022894718,0.38445966476393717,-0.29267660741837764,-0.26139722578984304,0.6880727028944998,-0.23411116510335692,-0.36598924887226175,0.8627565064909762,0.9616633386279683,-1.3472577218710236,-1.3216935675119126,-0.09240378427493609,-1.2432273103752203,0.33093139739013877,0.3230013499216272,0.9094816554697465,-1.1334326641296226,-0.7133741297612541,-1.0491106154084768,-0.9241129064824875,0.8328737033955882,-0.845245770383126,-0.36227761828079186,0.7133741297612541,1.133432664129622,-0.20252742647848845,-1.2351161931692491,-0.45504116317834126,-0.22485926811324272,-0.08458205761933026,-0.024984737566746233,-1.6882195673050053,-1.5375038958772762,-0.29429738304996345,-1.0257092285706153,-0.9381911455531051,-0.3415203984652251,0.11904759955750843,-0.2284831982727022,-0.667477223982284,0.28677986593896093,-0.04195727479570725,-0.6418381130257917,0
1.726821671951222,0.3102466044048362,-0.15484123025532542,0.3052077222492148,1,0,0,1,0,0,-0.81101516775215,4.579022300718757,-0.4768649810287978,-0.11317903722997104,1.7713476122513325,3.6090555503244985,-0.25728326931745854,-1.718234913610121,0.020118860289459313,0.09667407864793005,0.9894311137552335,0.31364747490127126,-0.6132529805680154,0.19694422278730803,-1.476487233881229,0.8586975129372847,1.0377593461633046,1.8730175882198081,1.3634784946753398,-0.924503623057108,0.5545429958412094,0.8792188438004418,0.8354050320280197,0.8984239600340199,0.5423282153784822,0.924503623057108,-1.3634784946753404,0.29881781872750485,-1.3101654415944555,0.4456221671630917,0.8475422729436388,1.2808803612172301,0.5106001571422693,-0.13859458152457876,-0.7069813574043363,0.6978801664463103,0.27882240539001907,0.5034643620605421,-0.7155722712864762,-0.21807545597118072,0.1438253204474232,-1.3653871733518879,-0.12479618717266176,-0.5429799678216537,-0.8274130302866491,1
0.4161082917320974,0.23294330649045036,1.0038746524609323,0.3052077222492148,1,0,0,1,0,0,-0.571255364673633,0.19181546951116127,-0.8478672421327675,5.849805641894709,-2.0154395524722046,-4.3733340572596715,0.4018035409798915,2.3033379284042113,-1.4503420041725275,0.27333011646032246,-0.5146029429867088,-0.4093036236043797,0.05079517530786769,0.49082305378376645,1.5105805001756154,-0.39978506416278586,0.6546304503487017,0.5428948250593565,0.7646392799752116,-1.3166012534636966,-0.06829299256611442,-1.6481372081298236,1.5809206720896054,0.2798689951186347,1.19904015982511,1.3166012534636966,-0.7646392799752123,0.49378541408539117,1.4666567501381707,0.13630344765189217,-0.09565426316663046,0.17144214591252482,0.5106001571422693,-0.30171300108041293,-0.6516131881728072,0.3258135853852078,-0.5261013687559044,-1.772833807855743,-1.8924671882118775,-0.996051737960463,-0.8377153198147269,-1.7143421480366898,-1.0302635040182315,-1.545025353873546,-1.8171459223445585,0
1.135715637734753,1.547099371035007,0.27967722576327125,-1.6014324776621007,0,1,0,1,0,0,-0.4198281206240434,-0.1832340210294483,-0.7839013350458762,1.7732188331190297,-1.1334967046989404,-1.511300808602042,0.8692331726488046,0.19259450937815276,0.8323007684872716,0.3063343310602907,0.4961365716080393,0.5296506583724645,-0.37541871351393524,-0.17928107313435174,0.6443641093678752,1.2048269327625867,0.4827150141417139,0.4757669388114302,0.633698674005907,0.09388569754642515,-1.3878254219210926,0.381167811106596,0.07295184159705921,0.0648140267366658,-0.1805080266292223,-0.09388569754642515,-0.6336986740059076,0.10385022336961848,1.0914105080121401,1.2280165753384769,1.764897808064586,1.9294750101645959,-0.34003467563087314,0.5138790966987595,0.2342775195316623,1.4420133285685155,-1.3310251429018278,0.19995793940503753,-0.40538291333714505,-0.30883935553659736,-0.2623294272472596,-0.5723076854318833,-0.12479618717266176,-0.09762646290970158,-0.3944048900113141,0
-0.6890029896291251,0.0010334127472937634,1.4383931084795292,-0.4281154315628296,1,0,0,1,0,0,-0.7100636717190902,1.468146681505949,-0.6687627022894718,0.38445966476393717,0.2556084424433621,0.8319889137363919,2.7926037826629115,0.6256343862535251,-0.9311583801311821,2.2082866783658104,1.6489157703483852,-0.042284357631937185,-1.2801973660744037,3.014535326001038,0.019317753299619426,-0.11971361726886154,2.248234737684118,1.9293830620405432,0.9153149533513734,-0.965469047129439,-0.8710953607523044,-0.8393507282120874,1.1526240594117465,-0.7539417548632945,-0.26000422255333966,0.965469047129439,-0.915314953351374,3.724676994301793,0.491016520610491,1.4554568102731822,1.1576342848155081,2.1684309334609937,1.3927399837218248,-0.30171300108041293,-0.7069813574043363,1.814079909629618,-0.9146852597229018,-0.9381911455531051,-0.6790794056453779,-0.03654765684034838,-0.33002188519637315,-1.1116017372174867,0.28677986593896093,-0.15329565102369538,-1.0129879475475077,1
0.23620645523143258,0.23294330649045036,0.27967722576327125,0.5985369837740325,1,0,0,1,0,0,-0.8236341047562825,5.875705035456058,-0.7583149722111197,1.6748483920272106,1.357548890776926,3.2244698325361294,-0.20724184622621994,-0.8196283000742072,0.9806740599246357,-0.2906526864249646,0.6352575272366977,1.1050771868310956,-0.7131904281566571,-0.1381659335591571,-1.2553623555773694,1.274872922136515,0.68318955986023,1.3658727056902722,1.34624143539365,0.17200761631813533,0.15012105915068114,-0.13262888536000175,-0.05948995422116927,1.0700921007999933,0.5076429537976387,-0.17200761631813533,-1.3462414353936507,-0.5367575899491508,-1.4602639384448675,-1.7196088694153011,-0.9484072958142716,-0.6649035856248688,-1.537224440274555,-1.1988643086375024,-1.7036084035718644,-1.658541513607341,-0.10976148557697851,-0.4070549059059717,-0.8980365994919648,-0.7885913960966542,-0.36386811417093057,-0.857816301083085,-0.4540570296619595,-0.4316415915936655,-0.5181215015185524,1
1.5469198354505571,-0.4370186087675581,-1.6032360836506476,-1.161438585374874,1,0,0,1,0,0,-0.7605394197356201,1.7792342434272297,-0.7711081536284979,1.709567371236088,0.09017389496787814,0.047165733831057655,-0.7689203762359417,0.4801576381070158,-0.8553052254429053,-0.6446377843183425,-1.428859331059639,-0.9244564417697206,1.4640492335538318,-1.6536620565874132,0.25456069611760956,-0.27989110656564264,0.1442947754309373,-0.19835025135047646,-0.2859102762628674,-0.9772859963810728,-0.5831171416830785,-0.40401810992507836,0.8879673265720621,1.0139442873461708,1.6639366954420662,0.9772859963810728,0.28591027626286675,-1.5951531076062477,-0.10937746679115769,-0.9554096800346926,-0.9354867953196102,-0.8355863879794388,-0.7180946013078251,-0.5463906304141645,-0.4855086804782194,-0.9144083514851348,-0.6648813298155464,-0.5588081172337243,-0.642586540004281,-0.127311556405765,0.27921023634565156,-0.44541496736468245,-1.6887851889968277,-2.1017172350134863,-0.5181215015185524,0
0.4932090788038099,0.6709953280053031,2.452269505856255,1.478524768348486,1,0,0,1,0,0,-0.6091121756860305,0.31392460596624344,-0.7966945164632545,1.7847918261886555,-0.8545094670432389,-1.1378949081912422,0.02852440977633805,-0.5963402770676465,1.8513862395719973,-0.8038515431158104,-0.21289963538691237,0.6824823663226082,0.47822611973788903,1.0576002802321869,-1.0090175489567725,1.9773089307169527,-0.10847335470193936,0.20088838327764122,0.8063022000563537,0.13114384342216406,1.0170778525288913,-0.19231588496852278,-0.5439022268768778,0.9783912528859162,0.4729083594875017,-0.13114384342216406,-0.8063022000563543,1.1343932274041606,-0.8598699510432187,0.4001341201761507,1.4160442947087326,1.2979486414526862,-1.3166894836296663,0.5954383064766764,0.2342775195316623,-0.046252995675895824,0.4731143508735179,-0.5588081172337243,-1.235595606672119,-1.2813097080232,-0.8884846632765624,-0.667477223982284,-0.7833178721512579,-0.8213259083916238,-1.0129879475475077,0
-0.6890029896291251,1.7274737328352407,1.4383931084795292,-0.13478617003801185,1,0,0,1,0,0,-0.7100636717190902,1.468146681505949,-0.8350740607153893,4.559416914631434,-1.0707561904610863,-2.3945063814299825,2.1450353600954783,1.0753480059914389,-0.6727060817651018,0.7422421641661019,-0.12671683814643897,-0.16376437898786278,-0.21343026396363027,3.1549557837757956,-0.19720691603570953,-0.09865945026971064,2.0612626437838752,1.6896057733779843,1.0713719007766844,-1.2859286878517078,0.16967076127569547,-1.673506445150419,0.8204685167200887,1.041191474773367,1.8143092782936288,1.2859286878517078,-1.071371900776685,3.7525295079243475,0.19081952690966666,1.2553094035306427,1.002588278879574,1.9124067299291387,1.109195039464111,-0.30171300108041293,-0.762349526635866,1.4420133285685155,0.3620903820258042,-1.4693273852002382,0.7988816528190786,1.143383037510063,1.5653669373788135,0.7917890337905242,-0.04248097655033679,-0.5986491559356475,0.9664778365683122,1
-0.4320003660567478,0.23294330649045036,-1.168717627632051,0.3052077222492148,1,0,0,1,0,0,-0.7479204827314877,1.715272314807901,-0.8478672421327675,5.849805641894709,-1.2922481779456862,-3.2016891960904545,-0.3956735329655956,0.5480263834408755,-0.2904960275792911,0.037079953439906874,-0.19169434044935663,-1.1813999849824102,-0.4245759428034565,-0.8509229767437445,-0.4128092478481427,0.8081938918516625,0.7139560899337882,1.0315887437214801,-0.16027754582615011,-1.4523273562967454,-0.3000385328923459,-1.1657266523001282,1.2092747207645418,0.6578540124519371,1.2563576567864414,1.4523273562967454,0.16027754582614942,-0.8152827261747027,-0.40957446049198204,-0.082039177885424,0.3436427536518511,0.6322857122698633,-0.37153966943728567,-1.5251011477491712,-1.648240234340335,-0.046252995675895824,-0.6371253376036178,-1.3934507795363622,-1.6552635615447422,-0.9182541097615345,-0.6346379459673855,-1.4922798914190887,-1.1125787146405561,-1.6563637301015341,-1.6315710050837011,0
0.6731109153044746,-0.6946962684821769,1.4383931084795292,1.478524768348486,1,0,0,1,0,0,-0.7731583567397526,1.7908636849943804,-0.7327286093763631,1.4636412685065403,0.444982979346884,0.24616648315178347,-1.7544036147430804,0.40573289440859245,-0.6918107330150072,-0.7195592284071893,-1.320097484002018,-1.0679183755323054,1.046502698456141,1.0611335511361932,-0.004147011575397769,-0.7158352172674213,1.1516410277675484,0.3706177660109982,-0.5252107151899512,-0.9356157016516281,3.4998130745595106,-0.5610355158371448,0.2263830893596833,2.114025624947311,2.0780274958654,0.9356157016516281,0.52521071518995055,0.6887530094432773,-0.25947596364157,-0.7734574920869285,-0.9871687972982559,-0.5454256239766699,-0.37153966943728567,-0.8726274695258333,-0.762349526635866,-0.6043528672675491,3.3597375409140704,-0.482931511569848,0.16937972051014377,0.2616765845888761,1.1253659607095745,0.3476645205553221,-1.3595243465075295,-1.7677021063295222,0.47161139053935697,0
-0.6890029896291251,0.23294330649045036,1.4383931084795292,0.3052077222492148,1,0,0,1,0,0,-0.7100636717190902,1.468146681505949,-0.8478672421327675,5.849805641894709,-1.5270391461761088,-3.3917460915091255,2.1904331119503193,0.765784415031344,-1.1329092868637023,1.0768557754820431,0.2169830415491549,-0.45899739764533554,-0.357973407316502,3.0246255787080756,-0.39969140204399084,-0.11298749666968942,2.1432610048462815,1.8451622688111373,0.7976720237538321,-1.417139107414103,-0.02368032305197421,-1.451465214592989,1.4351834101480554,0.6704582445454113,1.519353242831471,1.417139107414103,-0.7976720237538328,3.0840691809830236,-0.25947596364157,0.41832933897092733,0.29196075167320634,1.178470679804488,0.6051151385615076,-1.2804235184154193,-1.648240234340335,0.6978801664463103,-0.47058938433204756,-1.6210805965279906,-1.7921118076988587,-0.9571529238609991,-0.6684841749419423,-1.5557262504526888,-1.3595243465075295,-1.8790404825575102,-1.6315710050837011,0
0.8016122270906633,0.23294330649045036,-0.4445202009343899,0.3052077222492148,1,0,0,1,0,0,-0.785777293743885,2.0292672371209695,-0.8478672421327675,4.981831161672775,-0.923865887798175,-2.289416098080835,0.27821789942594494,0.8026487107919646,-1.8782545460384668,0.6380163838806729,-0.35697989604920727,-1.4799439113819164,0.3815398913840052,0.38262753048371917,-0.3377393340688693,-0.7609903271446019,1.780766407081144,1.130840281252045,-0.34274413050805214,-1.6785375276851617,-0.004551841629714139,-1.440000395735559,1.802914997181396,0.9038585130441574,1.5681367827401134,1.6785375276851617,0.34274413050805214,0.8837206048011639,0.19081952690966666,1.792068357976546,1.0284292798688959,1.8099970485163963,1.9283248784308402,-0.13859458152457876,0.012804842605544792,2.4341908780647894,-0.47058938433204756,-1.6210805965279906,-1.8468511061605053,-0.8663890242955825,-0.4992530300691578,-1.9681275841710915,-1.3595243465075295,-1.9347096706715041,-1.6934293108373202,0
-0.09789695541265715,0.7998341578626126,1.7280720791585935,-0.4281154315628296,1,0,0,1,0,0,-0.7226826087232228,1.5960705387446064,-0.8094876978806327,2.022038184115984,-0.5451168139911332,-0.3351840204817976,0.1562992606303526,-0.6729234353122323,0.3002276008944301,-0.8600717634949845,-0.3904376204473297,1.531011927519076,0.8201565061817787,0.5159594000288211,-1.0059037090832232,-0.36239814714911295,0.4864592017618188,0.4222533721262084,1.6082447364753534,0.4930801176436292,0.29820262649225887,-0.08408372044208812,-0.7745963764476334,1.6442660825860855,0.9198362615717396,-0.4930801176436292,-1.608244736475354,0.24311279148239442,-1.0850176963188372,-0.7370670544973751,-0.7933612898783374,-0.5795621844475838,-0.18250970659880966,0.4323198869208419,-0.26403600355210183,-0.9764194483286528,0.7229182807808735,0.4275877563966659,1.6017246969232295,0.8710913388138142,1.5653669373788135,1.6800380602609295,-0.20711139779498602,0.013711913318286572,2.203643951640699,0
-0.09789695541265715,0.6709953280053031,1.7280720791585935,1.478524768348486,1,0,0,1,0,0,-0.7226826087232228,1.5960705387446064,-0.7711081536284979,1.7732188331190297,-0.17673452384362007,-0.14289116158761306,-0.6628324186038539,-0.6138814284622613,0.41858545714178125,-0.7026411002699141,-0.5700150603280544,0.7194597642606255,0.9047026706223326,0.15250996595724023,-0.9161213260625513,-0.11301945600470613,0.4536075967678134,0.09337428086931823,0.9573302853504951,0.031788787753525546,1.0740707742131113,-0.07517870738720914,-0.6857939963385797,1.3990123239868677,0.8322093069038247,-0.031788787753525546,-0.9573302853504958,-0.06326485836571254,-1.009968447893631,-0.7370670544973751,-0.6770767854263857,-0.47715250303484213,-0.655084613695,0.10608304780917345,-0.319404172783631,-0.9764194483286528,0.8616982418405155,-0.17942508891434333,-0.33239718205494984,-0.62002986833231,-0.07617516788719629,0.1890486229713212,-0.9479482933959068,-1.0440026608476,-0.08511336124321738,0
-0.4320003660567478,0.23294330649045036,-1.168717627632051,0.5985369837740325,1,0,0,1,0,0,-0.7731583567397526,1.8722697759644351,-0.7839013350458762,1.7790053296538426,0.1087181397804516,0.06505344163516784,-0.7909056166249955,-0.1407429580868352,0.8941129388668211,-0.3243244233127792,0.03439570270153788,-0.36041456646617975,-0.9623824480569049,-1.0437747825521564,-0.03681292893013234,0.8362296244387531,0.5371792178681503,0.4886074184959533,-0.21462929445480164,-0.2786957612109654,0.05684604839147053,0.15629574283634623,-0.3819522135083014,0.9707990892870475,0.4323139463691625,0.2786957612109654,0.21462929445480092,-1.038102835155144,-0.18442671521636386,-0.45504116317834126,0.020630241285320403,0.2397152668543526,-1.0016395455655394,-1.1988643086375024,-1.2606630497196296,-0.5423417704240322,-0.19302946221276363,-0.17942508891434333,-0.9254062487227878,-0.9571529238609991,-0.5669454880182719,-0.6040308649486834,0.03983423407198747,-0.09762646290970158,-0.5799798072721716,1
0.23620645523143258,-0.6946962684821769,0.5693561964423357,1.478524768348486,1,0,0,1,0,0,-0.7605394197356201,1.785048964210805,-0.7583149722111197,1.7587525917819975,0.17807456053538515,0.013626281698351053,-1.8000135551711594,0.19877455480319525,0.24228360030424737,-0.7700952042238933,-0.854111084468165,-0.7027819442466946,1.1709955056444197,0.26812979740038617,0.17348170378019193,-0.20088687390676604,0.9079430590318247,0.1383216025199825,-0.16027754582615011,-0.799549433147316,2.770874799939205,-0.09903415209835367,-0.533081732984597,1.9406497337652517,1.2454303634684372,0.799549433147316,0.16027754582614942,-0.03541234474315745,-0.18442671521636386,-0.982702508226857,-0.9225662948249498,-0.5624939042121272,-1.0016395455655394,-0.05703537174666111,0.012804842605544792,-0.6043528672675491,2.6935937278277886,-0.02767187758659086,0.21499580256151593,-0.10137901367278856,0.6684418695530556,0.47455723862252236,-0.7833178721512579,-1.1553410370755877,0.16231986177126023,1
-0.4320003660567478,0.23294330649045036,-1.168717627632051,0.3052077222492148,1,0,0,1,0,0,-0.7731583567397526,1.8722697759644351,-0.8478672421327675,4.981831161672775,-1.0707561904610863,-2.410158125758579,-0.6543364838867037,1.792302048240635,-0.9958145637740854,-0.31296174565812296,-0.9956762468242607,-0.7722842339904963,0.7547812531460245,-1.0283635431667983,0.9372435805784658,0.17509492752834008,0.5227214745494817,0.16217041730570744,0.2654778184316193,-1.3166012534636966,-0.1176579263336684,-1.5210807647045474,1.5372653847400812,0.9411127940458383,1.4527557336648884,1.3166012534636966,-0.26547781843162,-1.0102503215325889,0.7161642658861095,-0.3367722410122935,-0.19901826712392082,0.017827623793410803,-0.6235796198885869,-0.38327221085833024,-0.5408768497097485,-0.4183195767369984,-0.5816133531797613,-1.6969572021918669,-1.9836993523146218,-1.0997819088923677,-0.7192535184037778,-1.9681275841710915,-1.4418395571298541,-1.9347096706715041,-1.8171459223445585,0
-1.074506924987691,1.7790092647781635,-0.8790386569529866,-0.13478617003801185,1,0,0,0,1,0,0.7158762097478791,-0.5611908719618456,0.07324181991846762,-0.411762258426316,-0.35473956987552985,-0.11337644371083126,-0.3940323870948199,0.03902472445321858,-0.19904150730082296,-0.873908293886219,-0.9769776880362625,0.3262389075582049,1.0147758364521753,-1.346523638866672,-0.47632227105817454,0.1708113982889564,-0.8427726575507843,-0.9618795712130476,0.7808658909541826,-0.329502323768793,-0.797518928284331,-0.5307318537447439,0.4437453907021397,0.34491478444842355,0.3310306562500539,0.329502323768793,-0.7808658909541832,-1.2330704305130304,-0.3345252120667762,0.41832933897092733,0.44700675760914055,0.06903246449978255,-0.18250970659880966,1.7372672433675176,1.397009073393778,-0.23228628620644656,-0.9146852597229018,-0.7864379342253526,-1.0987473605180025,-0.7367263106307022,-0.5669454880182719,-1.0798785577006862,-0.04248097655033679,-0.2089648391376897,-0.8274130302866491,0
1.8296227213801723,-0.2824120129387873,-0.4445202009343899,0.5985369837740325,0,1,0,0,1,0,0.551830028694157,-0.5233951868686059,-0.42569225535928473,-0.17740914876639408,-0.7841962479258935,-0.26542196004576785,-0.27197908506751856,-0.6387838639048556,0.9581530166498032,-0.8546656011288755,-0.3705105917755377,-0.4353321720415509,0.49864888859477086,-0.8786967097917253,-0.8017410298855303,1.1982325119253932,-1.3354842627129322,-0.8603361500087194,-0.83882515761197,0.23819541748766626,-0.49978986056497077,0.07358433655626742,-0.10571915469425062,-0.1696452455230455,-0.35826888421732256,-0.23819541748766626,0.8388251576119693,-1.038102835155144,-1.0850176963188372,-1.492168634480596,-0.7675202888890147,-1.1940202729240363,-1.726254403113031,-0.6279498401920818,-0.319404172783631,-1.2864749325462383,-0.27629743884854874,0.4275877563966659,1.0725781451273115,0.8451587960808378,0.7192112130148905,0.6014499566897238,-0.04248097655033679,0.06938110143228039,0.7809029193074537,0
1.3927182613071303,-0.10203765113855341,-0.4445202009343899,-0.8681093238500562,1,0,0,1,0,0,0.059691485532990585,-0.41000813158888666,-0.5664172509504457,0.03148337614035112,-0.7533005492859539,-0.3396559474328251,-0.5638860867561282,-0.10702110783283471,1.1208996294373617,-1.2943938134630049,-0.7341485385656611,-0.24381425632310072,0.7233642790707265,-0.5568966834338144,-0.016537056973071184,-0.33618350260070723,-1.300136387424737,-1.6090586621075105,-0.9352479841380451,0.595033997706013,0.227652725770109,0.1303233684932076,-1.8701393425010553,0.4594495484961567,-0.6165035499229562,-0.595033997706013,0.9352479841380443,-0.5367575899491508,-0.03432821836595151,-0.04564874029587195,-0.21193876761858224,-0.6990401460957827,-0.34003467563087314,0.4323198869208419,1.0648000580046022,-0.35630847989348147,0.08453045990652028,-0.02767187758659086,-0.42362934615769415,-1.268343436656712,-1.0407926936620688,0.4428340591057229,-0.20711139779498602,0.06938110143228039,-0.5181215015185524,0
0.18480593051695732,1.8820803286640106,1.0038746524609323,-0.8681093238500562,1,0,0,1,0,0,0.2363566035908452,-0.4762959485216456,0.21396681550962854,-0.46615532585355707,-0.019090329507994098,-0.00605019688617015,1.9309120835173554,-1.9638792801051275,1.5421296246805274,1.2720785785275006,1.8446665165385359,-0.006323049086715532,-2.2756821434954486,2.0042545514875174,0.6922540319481434,0.5519260976190562,0.9540311903111784,0.9199384109707366,0.4977080171176754,-0.5022446364654003,-0.6823527233073444,3.388970836859588,-1.5535103580293093,-0.7724950946212087,-1.5000160089927517,0.5022446364654003,-0.49770801711767615,2.0535261769484814,0.7912135143113154,0.3728412919839863,0.6149732640397371,1.0077878774499178,-0.11949971898598452,0.02452383803125581,-0.2086678343205727,0.6978801664463103,-0.7759052986632599,2.5521327149851984,-0.8068044353892204,-1.3980061503215924,-1.5484861282804228,-0.1916295312302808,1.8507688677631275,1.6837875567381073,-1.0129879475475077,1
0.13340540580248203,-0.5916252045963298,-0.4445202009343899,1.0385308760612593,1,0,0,1,0,0,0.03445361152472564,-0.407100771197099,1.7107690413428855,-0.670418653532452,0.6925289094151599,0.20502475520233004,-1.8303263142596784,-1.207739284999695,0.6372743766925288,-1.0693019524151188,-0.12255928452418008,-0.8221240713440888,-0.04475116670975127,-0.6790446330930066,-1.827262160449372,0.3605481595018391,-0.37535535192441133,0.21943585705019,-0.1984048918790851,-0.924503623057108,1.866619898613055,-0.17285104841342477,-0.5088592925892808,1.0723620104301945,0.37356947702614457,0.924503623057108,0.1984048918790844,-0.6203151308168162,-1.685411683720486,0.13630344765189217,0.3048812521678669,0.13730558544161034,0.25856020669096863,-0.22015379130249568,-0.1532996650890431,0.20179139169817292,1.5833540393506536,-0.2553016945782196,-0.2959043164138529,-0.5033334260339178,-0.07617516788719629,-0.15990635171348128,-0.12479618717266176,-0.5429799678216537,-0.76555472453303,1
0.18480593051695732,-1.1069805240255675,1.7280720791585935,1.0385308760612593,1,0,0,1,0,0,-0.3945902466157784,-0.1832340210294483,-0.1826218084290977,-0.3492680958503368,0.26184808306997676,0.12900199703486176,1.146304572247278,0.7996609662761316,-0.9521451929154879,0.36602609523528024,-0.05106146987376168,0.9229717715066971,0.49530129246988486,2.837030772432163,-0.3418328287528082,-0.04038647758460696,1.1117223741466702,1.1548256016977612,0.9704170281043213,0.29637562078413626,1.2407633082432137,-1.4400003957355596,1.2610298606527715,0.6078872352242343,1.193844843113358,-0.29637562078413626,-0.970417028104322,2.777691531134916,-0.25947596364157,0.21818193222838655,0.1627557467265941,0.615217432034406,0.4790951633358572,-0.05703537174666111,-0.4855086804782194,0.6978801664463103,1.2225261405955843,-1.317574173872486,0.19674936974096682,0.8321925247143505,1.0576735027604598,-0.3502454288142823,-1.277209135885205,-1.32234860141757,0.2860364732784985,0
-0.38059984134227254,0.7482986259196881,0.27967722576327125,1.1851955068236681,1,0,0,1,0,0,-0.36935237260751347,-0.23614798015998392,0.12441454558798068,-0.4302790473377172,0.47114312992650303,0.15091443909489674,0.5178622179700964,-0.9138170157257027,0.09384454066796932,1.5581406664987043,1.1097468047474086,-0.47095353802809287,-1.8194408815492469,0.18616676502088383,-0.7641727124549952,-0.12656021346143131,1.4703431043364117,0.8134632986989802,0.12355936367902995,-0.7648691281260978,-0.5340843821787602,0.488711084473261,-0.2554694400121171,-0.6469804645110906,-0.6485366136966298,0.7648691281260978,-0.12355936367903066,-0.007559831120602114,-0.8598699510432187,-0.6369933511261053,-0.5995537824584191,-0.03337721691295973,-0.6235796198885869,-1.1988643086375024,-1.3713993881826885,-0.6663639641110671,-0.5538573609678327,0.35171115073279,-0.2594114507727547,-0.3477381696360611,-0.5669454880182719,-0.12818317219668063,1.0276167615398821,0.6817421706862145,-0.8892713360402683,1
-0.7404035143436003,0.33601437037629844,0.27967722576327125,0.3052077222492148,1,0,0,1,0,0,-0.6974447347149578,1.3024271391740516,-0.46407179961141953,-0.11896553376478392,0.6707356752818144,1.0935966403715036,-0.1783533947389327,-0.4965116053804725,-0.2071047845426077,-0.8500251008259806,-0.53444863577403,-0.4184543952947856,0.31126473310491987,0.12670368862602577,0.12782363218448936,0.4532525548760794,-0.14569997446232613,-0.041231476848788494,0.7520553775833569,-1.3166012534636966,0.37460556975860143,0.8095286690768083,0.7385942846618015,1.0038554715699317,0.6545548895568064,1.3166012534636966,-0.7520553775833577,-0.06326485836571254,-0.10937746679115769,-0.6551885699208807,-0.3411437725651945,-0.3747428216220998,-0.7811045889206503,0.35076067714292497,0.012804842605544792,-0.790386157798101,0.16779843654230542,0.5034643620605421,-0.5787240251323598,-0.1402778277722523,0.2622871218583729,-1.175048096251087,0.2044646553166367,-0.3759724034796717,-0.8274130302866491,1
-0.27779879191332196,-0.7462318004251005,0.5693561964423357,0.3052077222492148,0,1,0,1,0,0,-0.40720918361991093,-0.1809081327160182,-0.7199354279589849,1.2987261172643731,-0.7541428746183517,-1.1428140278373724,-0.651840549719296,-0.3014366413083712,-0.0992890743529821,-0.4811510193082072,-0.6380836564202197,-0.9107393882627312,-0.2420217474503838,-0.6539936689119955,-0.44940446580319193,0.3448178410048984,-0.5451155056235683,-0.5167403764694083,0.02218903885575044,-1.2641467209678323,0.2529373837384997,-0.03647227815558683,0.48224016694831484,0.10947678166591883,0.325043601840023,1.2641467209678323,-0.02218903885575115,-0.4253475354589299,-0.10937746679115769,1.1552357001593716,1.183475285804831,0.8712416355662611,0.3530751881102058,0.02452383803125581,0.012804842605544792,0.44983577907224165,0.16779843654230542,-0.1035484832504671,-0.2046721523111086,0.06718251409155555,0.10997909147286698,-0.3502454288142823,0.5337254978059351,-0.04195727479570725,-0.332546584257695,0
-0.38059984134227254,-0.6431607365392533,-1.168717627632051,1.478524768348486,1,0,0,1,0,0,-0.7731583567397526,2.104858607307449,-0.7583149722111197,1.7587525917819975,0.2980926766839722,0.2595822640048661,-2.671996466294379,1.055315378969908,0.38044097435973373,-0.9998759208790013,-1.0445475812604545,-0.8013045948169452,0.7812110617198994,-1.1400209936473,1.3368117359535887,-0.11029165224434882,0.5412863701871845,-0.09463777302710412,-0.20147967785109497,-0.8930588049066626,2.576380585593451,-0.10926482573402062,-0.6309080308170162,1.8874981614844377,1.265567647751172,0.8930588049066626,0.20147967785109425,-1.1216603760228097,1.0163612595869336,-0.44594355378095224,-0.43158727602782254,-0.20406001926752979,-0.6865896075014126,-0.46483142063624716,-0.4301405112466897,-0.4803306735805153,2.3882778134965768,-0.1035484832504671,0.0051618251252043045,-0.32180562690308556,0.4145951522438788,0.47455723862252236,-0.8656330827735822,-1.266679413303576,-0.08511336124321738,0
1.7782221966656961,-0.6431607365392533,-0.15484123025532542,1.478524768348486,1,0,0,1,0,0,-0.81101516775215,4.779630167752106,-0.7583149722111197,1.7587525917819975,0.9012659350619028,2.3166686614775376,-2.080901455902582,-0.9224559161904542,0.036024001091301404,-0.24337592810815245,0.5387080589794098,1.1800982688126163,0.28164155855561046,0.05012099645556741,-1.3588884392861698,-0.08538095017022652,1.7405756468685247,2.2118447094260403,2.3421213298113512,-0.7133741297612541,2.9436244382911694,-0.09520491321650595,-0.13504563711662165,2.054710194005317,1.4590889976934085,0.7133741297612541,-2.3421213298113512,-0.03541234474315745,-1.3101654415944555,-0.2912841940253525,-0.28946177058654887,0.39332978897346543,0.6681251261743327,-0.30171300108041293,-1.149926711256571,-0.10826409251941274,2.9989096421590014,0.04820472807728505,0.44307621281837667,0.30057539868834077,1.142289075196852,0.3476645205553221,-1.0302635040182315,-1.378017789531564,0.34789477903211874,1
0.2105061928741954,-2.0088523330267334,0.5693561964423357,-0.4281154315628296,1,0,0,1,0,0,0.1858808555743153,-0.45710736993584694,2.0433917581947205,-0.6889354424438532,0.6670552023538036,0.1808763496667813,0.5985668322018001,-0.18465508862546884,-0.2016482415743989,0.9647517495498468,0.2218370975955413,5.982845186474548,1.4570332946180011,-0.04478024181782205,0.1431032042564766,-0.8435372532491727,0.5023290969974423,-0.20551069930312535,0.4316262532639202,7.73180560207293,-0.8770656409037396,0.39680255272596754,-0.5720136876045526,-0.8052164392851652,-0.489040290017628,-7.73180560207293,-0.4316262532639209,0.04814519612450831,0.26586877533487285,0.4001341201761507,-0.12149526415595328,0.08610074473523979,0.5106001571422693,0.8401159358104279,0.6772228733838963,0.5118468759157585,-1.3032691506898992,-0.9381911455531051,-3.452537194368805,-3.083621427965037,-3.054643317648205,-2.1267434817550925,-3.4997198226879678,-2.213055611241474,-2.3120123683735136,0
1.1871161624492292,1.3151894772918502,0.27967722576327125,1.0385308760612593,1,0,0,0,1,0,0.6275436507189519,-0.5437467096111195,-0.2721740783507456,-0.315706415948422,-0.6201726396776468,-0.17419465024480588,-2.7615577912484595,-0.4177526708107874,0.44843059135642876,-1.06396226507103,-0.9013116659002849,-0.19692277479560694,1.0177445585355163,-0.736031900354938,-0.3145255979180473,0.9649668090419978,-0.2135348020991258,-0.2779549392657015,-0.2611143426240418,-0.009609152108405178,3.1045789300659203,0.2582938116088119,0.35667894114493515,1.225606924495164,0.9003804096250725,0.009609152108405178,0.2611143426240411,-0.6760201580619267,-0.25947596364157,0.1272058382545045,0.6149732640397371,0.4957394703862077,-0.9071245641463012,0.18764225758709038,0.34501385799472056,0.015758101167622184,2.9433976577351446,0.27583454506891375,0.10551720563822252,0.2746428559553643,0.7699805564767266,-0.3185222492974822,-0.7833178721512579,-0.8769950965056176,0.34789477903211874,0
0.5703098658755232,0.3102466044048362,0.5693561964423357,0.5985369837740325,1,0,0,1,0,0,-0.14221150653312897,-0.3576756445367086,0.15000090842273722,-0.4511104348630436,0.22707183745077905,0.07355010284212017,-0.34393189852184275,-1.3801788008548446,0.5303367929970993,0.35034691997820144,0.5632908633150063,-1.0437994921563007,-0.720187904704766,-0.2001341153368063,-0.1831814940395118,-0.08783809515129348,0.593665897164989,0.26779279286824204,-0.47959406901947754,-0.9479624556455367,0.2782740271891385,1.7108315188267869,-0.8132569769682148,0.11537285492390228,-0.4708581694250728,0.9479624556455367,0.4795940690194761,-0.03541234474315745,0.04072103005925432,0.7094528396873502,0.5503707615664309,0.785900234388976,0.3845801819166189,0.2692014673650073,0.5664865349208381,1.069946747507413,0.9449662184763004,2.9315157433045793,2.4684302558993005,1.5323711785047043,1.4976744794297,1.9972698554289314,2.591605763364049,2.12914106165006,1.8324941171189824,0
0.8530127518051386,1.2378861793774645,-0.8790386569529866,-0.8681093238500562,1,0,0,1,0,0,0.8799223908016013,-0.5954977245849401,-0.3745195296897717,-0.2358527637680042,-0.850648592882002,-0.2757073920331312,-0.6128840960563091,-0.19746704995363484,-0.3543241049372682,-1.3385304901895678,-1.5836494911515102,-1.2343281157248054,0.8359142412602341,-0.8226783879817662,-0.44620768393681126,-0.6385133451413584,-1.4548290818148415,-1.336042380220557,-0.9116105415751553,-0.7793520964162078,0.030219702871792042,-0.17597133926756672,-0.1572714124977798,0.36568472354949016,0.7544365545225628,0.7793520964162078,0.9116105415751545,-0.7317251853070371,-0.3345252120667762,0.3091580262022686,-0.08273376267196997,-0.6478353053894121,0.5421051509486824,0.2692014673650073,0.8433273810784847,0.139780294854656,-0.05424950115312168,-0.2553016945782196,-0.2867811000035777,-0.32180562690308556,-0.1607907403235886,0.37938770007212164,0.03983423407198747,-0.32030321536567735,0.038603250264021984,0
-0.7918040390580765,-0.1535731830814779,0.27967722576327125,0.5985369837740325,1,0,0,1,0,0,-0.21792512855792381,-0.32802056854047434,0.5337963509440852,-0.5170764953599105,0.51501076901004,0.1473368975340747,-0.28679325729411353,-0.47987938923641366,0.8031389896269141,-0.49565349413723125,-0.05560556920524736,-0.5895363323466019,-0.23712336970646186,-0.9320921001457001,-0.888796252969303,0.48848401228355737,-0.675881575847175,-0.3893902650957589,-0.6910894285371356,-0.11864316273067908,-0.5325424383699517,-0.2317270532328407,-0.6070385810089909,-5.967072550768453e-4,-0.30787384189734357,0.11864316273067908,0.691089428537135,-0.8988402670423681,-0.8598699510432187,-0.1457224436671417,0.12399424524260985,-0.15285517856115927,-0.40304466324369825,0.02452383803125581,0.40038202722625016,0.20179139169817292,-0.6648813298155464,-0.482931511569848,-0.8797901666714156,-1.0219842806934394,-0.9561771212256767,-0.4136917878478824,0.12214944469431245,0.06938110143228039,-0.9511296417938885,1
-0.27779879191332196,1.1863506474345409,-0.15484123025532542,-0.13478617003801185,1,0,0,0,1,0,0.45087853266109723,-0.5036251362044497,0.5849690766135982,-0.5234416415482046,0.056117482285507225,0.01720382325917309,0.3572106042987843,-1.772685224119947,0.4762917106197468,1.1728091275018107,1.5834927406867791,0.6842821385054653,-1.559035797009356,-0.015369695345606539,-0.2683795991684711,-0.8073085785835301,0.537953127561325,0.15225591754059362,0.9304215895757753,0.010498418681674735,-0.5120672592414346,2.164209311360398,-1.4623739892178822,-1.0509643552569532,-1.9099698467090336,-0.010498418681674735,-0.9304215895757759,0.35452284597261524,0.19081952690966666,1.5191400760548999,0.7829397704703327,0.9907195972144606,1.6762849279795395,1.4925896140337656,1.0648000580046022,1.3179911348814817,-0.4150773999081907,2.2486262923296945,0.38833691435672935,-0.46443461193445323,-0.8207922053274488,0.41111087958892223,1.7684536571408034,1.9621334973080773,-0.5799798072721716,1
-1.6399126968469209,0.026801178718756015,0.27967722576327125,-0.8681093238500562,1,0,0,1,0,0,2.7601440044173398,-0.7170253889616648,0.25234635976176334,-0.4771496692697016,-0.7923991846940805,-0.18269131145175824,-0.09529740219518977,1.5856456384963273,-1.0096299633153907,-7.481245789517144e-4,-1.1128272547871145,-0.4804841619082368,0.46857275167493234,-0.708291325264926,2.8174606953409533,-1.7896414945174794,-0.868445381749963,-2.4113637494243627,-1.0618771407249559,0.39783372969061137,-0.5752029891142019,0.6461218734201163,-0.4182191269661625,-0.8601249065417775,-0.9074974344300681,-0.39783372969061137,1.0618771407249543,-0.6203151308168162,2.81754322179188,0.3091580262022686,-0.7029177864157086,-0.972132629863095,0.06953024385249205,0.18764225758709038,0.8433273810784847,-0.4803306735805153,-0.5538573609678327,0.5793409677244183,-0.04957747333644305,-0.2569742700706454,-0.5669454880182719,0.062155904904119784,0.12214944469431245,0.3477270420022505,-0.332546584257695,0
0.15910566815972013,-0.2824120129387873,-0.15484123025532542,-0.7214446930876474,1,0,0,1,0,0,0.2742134146032426,-0.4821106693052209,1.1350758775608636,-0.6223907322935051,0.3655763304362131,0.11021990384054606,-1.1882252423931978,-0.9369535534524118,0.287691019659278,-0.2682402112347276,0.862384117509186,-0.18387055018968285,-1.4679093394032536,-0.422323668472826,6.040584643110029e-4,-1.1301409922707446,-0.0731113246335615,-0.3160684344316553,-0.9971070548845234,0.7381411366477453,1.2302752907071823,1.286603289004908,-1.528965968430736,0.2898792819683869,-1.4297208973496243,-0.7381411366477453,0.9971070548845228,-0.6481676444393714,-0.40957446049198204,-1.2465331807511142,-1.5427503185686884,-1.4841810369268051,-0.24551969421163483,-0.9541866793037505,-0.6516131881728072,-0.9764194483286528,1.0004782029001573,1.0346006017076752,-0.33239718205494984,-1.0349505520599276,-0.8715615487892844,-0.44541496736468245,0.8629863402952329,1.461110804282131,-0.3944048900113141,0
0.31330724230314594,-1.3131226517972627,0.5693561964423357,1.7718540298733036,1,0,0,0,1,0,0.16064298156605036,-0.45594442577913186,-0.029103631420558513,-0.38167247644528896,-0.13970390219420095,-0.05568858604257591,0.1488941315692261,-0.5237218007736001,-1.0512367917218197,0.3845946077239907,0.15649905321800872,0.5776972244422837,-0.2845056825713508,0.015412267420185366,1.710989272759724,-1.0973869717948366,-0.00422724004508365,-0.7092399097027842,0.6912331826893887,0.10235345797273021,-0.19164115842300383,2.4328561006068283,0.3343078358670174,-0.523754161927288,-0.8958911633529535,-0.10235345797273021,-0.6912331826893894,0.5494904413305014,2.7424939733666744,2.1559727338720744,1.093031782342202,1.0419244379208312,1.9283248784308402,2.2266225020350205,1.9506907657090713,1.5040244254120325,-0.24854144663662048,2.096873081001942,-0.2685346671830286,-0.06248019957332482,-0.2623294272472596,-0.9529858396334858,0.8629863402952329,1.0157572993701793,-0.5799798072721716,1
1.2385166871637046,-0.7977673323680251,-0.8790386569529866,0.3052077222492148,1,0,0,1,0,0,-0.356733435603381,-0.23963681263012915,-0.23379453409861076,-0.3238075110971601,0.15605654957475573,0.06594782702537334,0.7400729773292141,0.628840978432992,-0.6086489024051084,0.5652679426799617,0.5780678389687931,1.0781887530592444,-0.16993735185167647,0.04795601916952473,-0.34667963649308275,-0.11567645880228734,0.6208279024539443,0.9218292215544773,0.6912331826893887,0.7849642097577141,-0.9811724010443904,-1.2104000271778683,0.7157997541455732,-0.1480382017099502,0.1484703132588599,-0.7849642097577141,-0.6912331826893894,-0.17467491285593337,-0.5596729573423944,-0.8280431484712572,-0.7545997883943533,-0.4942207832702994,-0.11949971898598452,-0.22015379130249568,-0.5408768497097485,-0.35630847989348147,-1.053465220782544,-1.317574173872486,-1.0440080620563552,-0.5681647828663581,-0.5838686025055501,-1.0798785577006862,-0.7010026615289333,-0.4316415915936655,-0.5799798072721716,1
0.05630461873076867,-0.2824120129387873,-0.4445202009343899,-0.13478617003801185,1,0,0,1,0,0,-0.6469689866984278,0.4098674988952366,0.44424408102243734,-0.4985597064485092,1.2505663918349497,0.7005142613761821,-0.5465806395049818,-0.08452941456024628,1.6017758873327599,-0.8186297050105921,-0.1641490380489478,0.04152439500963704,-0.06171853353079318,-0.8776142799444591,-0.6895513788829603,1.3248417385807454,-0.5828968739119453,0.1479344009639531,1.1169885469471594,-1.0511813190346222,-0.11686816342717056,-0.5747581597779172,-0.8583431177702967,0.5279253556834869,0.3578309382676409,1.0511813190346222,-1.1169885469471603,-0.9545452942874786,-0.8598699510432187,-0.9008240236503626,-0.1602567656399366,-0.3747428216220998,-1.1591645145976028,-0.05703537174666111,-0.5408768497097485,-1.1624527388592034,0.0012624832707351544,-0.4070549059059717,0.5160619441005718,-0.03654765684034838,0.17767154942198057,1.1724671879921262,0.7806711296729086,0.29205785388825667,0.34789477903211874,1
0.030604356373531493,1.289421711320388,-0.8790386569529866,0.3052077222492148,1,0,0,1,0,0,0.26159447759911014,-0.4821106693052209,-0.4001058925245282,-0.22022922312400942,-0.59215661767578,-0.2005790192558684,0.1488263287966225,-0.03641698141579712,1.0877256948289216,-0.02286055877748564,-0.44536279047711946,0.8059338933608778,0.7348067295534275,-0.4935292332147842,0.5713414121263946,-0.03951174805278367,-0.4355035278472409,-0.69108602299056765,-0.088318892712161,1.1867913099014362,-0.7000752277768748,0.6223407342095243,-1.5266629601522053,-0.4009547032398232,-0.09571755277763479,-1.1867913099014362,0.0883188927121603,-0.5924626171942612,0.26586877533487285,-0.6551885699208807,-0.5737127814690962,-0.6990401460957827,-0.7495995951142377,0.02452383803125581,0.06817301183707392,-0.8523972546416179,-0.7203933142394032,0.4275877563966659,-0.3688900476960481,-1.060883094792903,-1.1254082660984612,1.2041903675089267,-0.9479482933959068,-0.5429799678216537,-0.2706882785040748,0
-0.27779879191332196,1.7274737328352407,-0.7341991716134544,0.3052077222492148,1,0,0,0,1,0,1.1323011308842508,-0.628060160972962,-0.68155588370685,0.42207189224022096,-1.5982736770707946,-0.8092082772907175,0.0019950258622561745,0.9723956411122915,-0.5418805598258747,-0.3255355995097997,-1.37373970039085,0.34230112443714356,1.609196853284403,1.2851341481373968,1.4221242143453878,-1.5492273080406356,0.6703600255680555,-1.061220568836538,-0.4657107419241149,0.92874415142872635,1.2813167665193292,0.09000928478077837,-0.8160551592806334,1.1044951193302668,0.7498535550903493,-0.92874415142872635,0.46571074192411416,1.1343932274041606,1.2415090048625523,-0.1457224436671417,-0.9096457943302884,-0.6307670251539549,-0.15100471279239655,0.8401159358104279,1.2309045656991897,-0.29429738304996345,0.77843026520473,-0.2553016945782196,-0.989268763594709,-1.2035120798242718,-0.7700228618656133,-0.09645999267988113,-1.1125787146405561,-0.8769950965056176,-0.45626319576493324,1
1.3156174742354179,0.8256019238340739,1.0038746524609323,-0.4281154315628296,0,1,0,1,0,0,-0.25578193957032125,-0.31987995944346886,-0.8094876978806327,2.1522343561492736,-1.6190412403228231,-1.9093023072434938,2.0246691247817443,0.21887890609246188,1.2687696190821136,-0.18462380556366037,0.4511291782306939,0.6550975016569699,-0.30083632243873926,2.929871688559718,0.22879132702227734,0.2666794993769925,1.1544138469342369,1.059889433045402,0.7686432489180746,0.13114384342216406,0.11214156566357616,-0.07122003879304636,-1.4664633949180907,1.3941118598622062,0.4482857144428917,-0.13114384342216406,-0.7686432489180752,2.8333965583800262,0.26586877533487285,0.16359627584405784,0.279040251178545,0.7517636739180628,0.006520256239666901,-0.46483142063624716,-0.8177176958673952,0.2638024885416898,0.5008703430854462,0.4275877563966659,1.5561086148718575,0.4043055696202447,0.9730579303240674,2.1241625734961316,0.2044646553166367,0.29205785388825667,1.8943524228726025,0
0.31330724230314594,-0.6431607365392533,0.5693561964423357,-0.8681093238500562,1,0,0,1,0,0,0.16064298156605036,-0.45594442577913186,-0.579210432367824,0.11480892624165667,-0.8528450485649853,-0.43937991844073937,-0.7412004016345533,0.7312320579623879,0.44512064711593285,-1.336404778065632,-1.5441500330827735,0.15651909258574168,1.4991650303689397,0.18116938380369071,1.5417631486205359,-0.6565487316779048,-0.031725411654558534,-0.5150304644965107,0.9345219622652575,-0.7133741297612556,1.2116795149340789,0.5408655290758919,-1.268262994255416,1.773938262395668,1.5046436632105535,0.7133741297612556,-0.9345219622652582,0.8558680911786088,2.7424939733666744,2.547169937959767,1.70029530559128,1.605177685690913,1.9598298722372534,2.3897409215908554,1.9506907657090713,1.876091006473136,0.8894542340524437,0.27583454506891375,-0.5696008087220858,-1.0868156375258795,-0.4315605721200442,0.9186817518577256,-0.8656330827735822,-1.211010225189582,-0.20882997275045564,0
0.05630461873076867,1.2378861793774645,-0.4445202009343899,-0.8681093238500562,1,0,0,1,0,0,-0.6469689866984278,0.4098674988952366,-0.3745195296897717,-0.2358527637680042,0.6005923122246085,0.4974887777995315,-0.5604890177232039,0.07299355902409206,1.113018659917817,-0.599395170492153,-0.20913005525396058,0.6303282780468447,0.3340757337024105,-0.7536670112862395,-0.2792869054547093,1.4864667832159555,-0.40320269538096554,0.35009685625727727,1.652616263271448,-0.7793520964162078,0.026318425469907186,-0.37996944137699934,-0.027778031631525847,0.4099353148263397,0.6136807534876463,0.7793520964162078,-1.6526162632714487,-0.8709877534198129,-0.5596729573423944,-1.019092945816409,-0.19901826712392082,-0.34060626115118536,-1.3166894836296663,0.2692014673650073,-0.4301405112466897,-1.3484860293897554,-0.16527347000083534,-0.5588081172337243,-0.7155722712864762,-0.62002986833231,-0.4315605721200442,-0.2233527107470814,0.03983423407198747,-0.32030321536567735,-0.332546584257695,1
0.8273124894479005,-0.6431607365392533,-0.4445202009343899,-0.8681093238500562,1,0,0,1,0,0,-0.785777293743885,2.160098454751415,-0.579210432367824,0.11480892624165667,1.110896751962668,1.5725400168265538,-1.0464044827223233,-0.7176479883749115,-0.06572276854247973,-0.5207220654721164,-0.8774223944575349,-0.9244892056829569,0.5729822375520469,-0.10205236691831497,-0.30350587288878267,-1.3769551487078842,1.3762808296282234,0.48680979134784436,-0.2682155254971324,-0.9948801208223941,1.3530813829563881,0.6809488651951539,-1.293861905079763,2.0681584278896974,1.6159670968166608,0.9948801208223941,0.2682155254971317,0.10385022336961848,-0.03432821836595151,0.8732098088403377,-0.05689276168264715,0.4957394703862077,1.518759958947476,-0.05703537174666111,0.06817301183707392,1.1939689411944467,0.8894542340524437,0.27583454506891375,-0.8615437338508666,-1.3202085221226638,-0.5838686025055501,0.6014499566897238,-0.9479482933959068,-1.378017789531564,-0.5181215015185524,1
-0.27779879191332196,0.05256894469021735,-0.7341991716134544,-0.4281154315628296,1,0,0,1,0,0,1.1323011308842508,-0.628060160972962,-0.6687627022894718,0.4104988991705952,-1.552857245743899,-0.8002644233886624,1.474294139561768,0.7476425848361113,-1.3853513231257428,0.6819762221564815,-0.9099405939602279,-1.3140861744933021,0.8399676700140283,1.262776818833793,0.7300438932802502,-0.7891056272961581,0.6208279024539443,-0.746338137988823,-0.47959406901947754,-1.3166012534636966,-0.7882901708258774,-0.29482096486980885,1.1008466138808852,-0.3057035578924002,0.4543134085523794,1.3166012534636966,0.4795940690194761,0.9951306592913848,0.491016520610491,-0.43684594438356456,-0.7545997883943533,-0.4942207832702994,-0.7180946013078251,0.2692014673650073,0.5664865349208381,-0.6043528672675491,-0.8869292675109735,-0.5588081172337243,-0.9618991143638861,-0.32180562690308556,-0.4146374576327655,-0.9529858396334858,-0.20711139779498602,-0.7656567202776299,-1.2604211705619852,1
-0.5091011531284612,0.28447883843337485,-0.8790386569529866,0.3052077222492148,1,0,0,1,0,0,0.021834674520593164,-0.4036119387269538,-0.8478672421327675,5.7630081938725155,-2.788905514379195,-4.764180472779479,0.04553509180592837,0.21917717362521508,-0.5646572420826635,-1.2744410126335712,-1.48292658109911,-0.6555333956708644,1.346380919440234,-0.3651301371144059,-1.1455651937820464,0.5365966406801002,-0.6359434986389958,-0.32239385425049677,0.3186972389638403,-1.2101494081044426,-0.4281513844107204,-1.4484296124368845,1.311133240757337,1.0910969007561422,1.613122333385525,1.2101494081044426,-0.3186972389638417,-0.20252742647848845,-0.9349191994684248,0.7185504490847379,0.9121447754169449,0.5810808715634928,0.16404522527173035,0.6769975162545934,0.5664865349208381,0.20179139169817292,-0.859173275299045,-1.6969572021918669,-2.321258359494776,-1.5017363212534962,-1.0746389226366257,-1.9998507636878915,-1.5241547677521787,-1.9903788587854983,-2.064579145359036,0
-0.07219669305541997,1.5986349029779314,1.0038746524609323,-1.6014324776621007,1,0,0,1,0,0,0.9430170758222637,-0.5989865570550853,-0.7327286093763631,1.5301859786568885,-1.7532164001118518,-1.6432226536573549,1.9755455337148629,-0.6185488386618871,-0.10192260900201801,0.9661654796028423,0.5079938928697344,-0.005715057638147998,-0.7948264948382978,1.1112364910044805,-0.26213271094475915,-0.8210308462847542,1.0822626396004655,0.24453485893942373,-0.45503125954306783,0.4434998061064408,-1.6367097462294278,0.5863788975833091,-0.6857251996698372,-0.2320741237791311,-0.42167624531570275,-0.4434998061064408,0.4550312595430671,0.7166055230658329,-0.4846237089171882,-0.8098479296764806,-1.0646918002662225,-0.6478353053894121,-0.37153966943728567,-1.0357458890816678,-0.983822203561983,-0.728375060954584,-1.5530730805972546,0.35171115073279,-0.47836864461934153,-0.7367263106307022,-0.7700228618656133,-0.0012904541294803558,-0.04248097655033679,0.18071947766026855,-0.332546584257695,0
0.8016122270906633,1.1863506474345409,0.27967722576327125,0.3052077222492148,1,0,0,0,1,0,-0.00340319948767178,-0.3925639692381606,-0.438485436776663,-0.15368451297366123,-0.46758293208315554,-0.18313850414686098,-0.37475595351629726,0.46993286534872547,-1.4652078759109195,-0.875817407282197,-1.1205392888238257,-0.09578570716602859,1.359144935929265,-0.8535005828967119,1.341946364149969,-0.8392329178803359,-0.9784542046034438,-1.3702537948049724,-0.13124877099039398,-4.693472038239746e-4,-0.33170045000397513,0.6993348030608079,1.1596401039689526,0.2129543740062599,0.11896982259743565,4.693472038232714e-4,0.13124877099039328,-0.8709877534198129,1.0163612595869336,-0.45504116317834126,-0.7933612898783374,-1.091610591511294,-0.2140147004052217,0.8401159358104279,1.009431888773073,-0.9144083514851348,-0.16527347000083534,0.9587239960437993,0.7441423543574326,1.2860120225414318,1.3115202200696365,-0.6992004034990842,0.36909507656128593,0.4033962301162448,1.1520527538291696,0
0.9044132765196139,1.6759382008923163,1.4383931084795292,-0.4281154315628296,1,0,0,1,0,0,0.40040278464456736,-0.49781041542087434,-0.054689994255315046,-0.37125678268262574,-0.3021483846076723,-0.09593592860182383,0.7135555447157309,0.8683612992228898,0.8784624329175961,0.3171306864995029,0.7296326488084481,-0.20251412609078706,-1.6620029849669065,0.34405662359074074,0.25350384135253723,0.7628671795333608,-0.156416465779772,0.036854690142056626,0.4407888507730546,-0.7133741297612556,-0.648439030398781,-0.9378985516924427,-0.43427962966336187,-0.5835229878409905,-0.9125767461736323,0.7133741297612556,-0.4407888507730553,0.4659329004628361,0.41596727218528484,0.5184030423421971,0.8604627734383002,0.7517636739180628,-0.2140147004052217,0.10608304780917345,-0.09793149585751397,0.139780294854656,-0.7203933142394032,-1.0140677512169813,-0.642586540004281,-0.7496925819971905,-0.9054077777638412,-0.5405845059150832,1.7684536571408034,1.461110804282131,-0.76555472453303,1
-0.48340089077122306,1.2121184134060021,1.0038746524609323,-1.161438585374874,1,0,0,1,0,0,-0.10435469552073157,-0.3629088932419264,-0.5536240695330674,0.008337390001099575,-0.5921566176757793,-0.2855456313253918,-0.019201263691006193,-0.6011026731302831,0.5408257742926202,-0.28373355864394134,-0.22857082455364472,-1.2360511566093122,-0.2557715144394348,0.45265928140470896,-0.732368758310345,-0.418256956491533,0.6949053781616181,0.5095553682884433,0.03622492998512883,-1.7217537992339922,0.47899164503089087,0.09136133844560042,-1.1596348559555754,1.0723620104301945,0.7946349066250734,1.7217537992339922,-0.036224929985129536,0.577342954953057,-0.5596729573423944,0.527500651739586,0.21443774870523882,0.4957394703862077,0.7626401075935709,-0.22015379130249568,-0.26403600355210183,0.5118468759157585,0.4731143508735179,0.12408133374116129,0.12376363845877164,-0.5033334260339178,-0.07617516788719629,1.2041903675089267,0.6160407084282594,-0.15329565102369538,-0.023255055489598248,1
0.6217103905899984,0.5163887321765315,-0.8790386569529866,-0.13478617003801185,1,0,0,1,0,0,-0.3188766245909836,-0.2646401119995031,-0.5280377066983108,-0.029274837475184185,-0.31112911267851273,-0.1809025406713472,-1.014356271416657,1.1354253526289264,-0.2134976333304122,-0.7005560269938385,-0.7007793873860234,-0.3168224203502736,0.4221453491727466,-1.4095114178180097,0.2623396534662711,0.3019480134245367,-0.750100055964154,-0.15651256025866844,-1.845181753314344,1.3979208031972914,0.0021198866570029343,-1.2956008236465004,0.5952870507119832,0.20261962100555483,0.7582434725539441,-1.3979208031972914,1.8451817533143433,-1.4280380258709164,-0.25947596364157,-1.3920949311093263,-1.051771299771562,-1.2452251136304073,-0.8756195703398886,-1.6882195673050053,-1.2606630497196296,-1.3484860293897554,-0.16527347000083534,-1.317574173872486,-0.6334633235940058,-0.2569742700706454,-0.1607907403235886,-0.4136917878478824,-1.6887851889968277,-1.4336869776455579,-0.45626319576493324,0
1.0843151130202777,0.33601437037629844,-0.15484123025532542,0.3052077222492148,1,0,0,1,0,0,-0.06649788450833415,-0.36930508610385926,0.40586453677030254,-0.4950878085276215,0.30746809477810033,0.09859289376787443,-0.7323758106267947,-0.5251734744455016,0.29177045132480955,-0.6986670939196828,-0.15685982725902797,-0.5843331667727331,-0.40690605730766366,-1.0569391021794805,-0.5361121700215669,1.6545406210213973,-1.719133216710694,-0.7674901104568491,-0.5972369986170187,-0.2046283627832927,-0.037694704683657036,0.18375167220847508,1.2637937795083036,-0.7608089000983665,-0.5453792552339983,0.20462836278329197,0.5972369986170181,-0.9545452942874786,-0.40957446049198204,0.35464607318920965,1.1963957862994923,0.32505666803163763,-0.5920746260821743,0.02452383803125581,0.34501385799472056,0.2638024885416898,0.029018475482663446,0.27583454506891375,0.3062279666642602,0.9359226956462544,0.5330569536548284,-0.8895394805998851,0.7806711296729086,0.7374113588002092,-0.023255055489598248,0
1.110015375377516,0.28447883843337485,0.5693561964423357,0.3052077222492148,1,0,0,1,0,0,-0.2684008765744537,-0.31115787826810587,-0.5024513438635544,-0.058785969802729904,-0.32362482650653124,-0.19387112882932708,-0.10246691805601979,0.33660151528991944,-0.8204619881842303,0.04113672497782868,0.10121304314032868,0.9418778899610175,0.32877736435831945,-0.24870044827762236,0.3157906913027255,-0.5049002563744873,0.42561491477786256,0.44959781659956766,2.0145268824094837,-0.7133741297612541,-0.10601581369275846,-0.14564396111147038,0.614222958225891,0.36645940233576557,0.30736284770612426,0.7133741297612541,-2.0145268824094846,-0.11896988561082296,0.491016520610491,0.5547934799317504,0.188596747715916,0.3591932285025509,1.0146800580448727,1.166352774922097,0.2342775195316623,0.015758101167622184,-0.08200549336504998,-0.1035484832504671,0.11464042204849642,0.4172718409867329,0.549980068142106,-0.4771381468814831,0.28677986593896093,-0.04195727479570725,0.34789477903211874,1
1.135715637734753,0.026801178718756015,-0.15484123025532542,1.0385308760612593,1,0,0,1,0,0,0.097548296545388,-0.4239634614694675,0.6361418022831113,-0.5396438318456808,0.2902626096798178,0.0909906179511276,-0.854258674301903,0.033588323490905,-2.671383563293401,1.1447965733908503,1.0422780153265443,0.9075752387688074,-0.4056132302279066,-0.6813061728546624,-0.7063153117429459,-2.0635624704298032,-0.22403671843297301,-0.567209570260175,0.8686312511301267,0.37632648079799585,0.5071143812480111,-0.7536722020684933,1.5781895493252376,-1.7686972894950912,-1.9087822134701558,-0.37632648079799585,-0.8686312511301275,-0.7317251853070371,-0.7848207026180125,-0.5278220383574467,-1.4393863146113988,-1.4329761962204342,0.9831750642384596,0.5138790966987595,0.12354118106860354,-1.1624527388592034,0.8246902522246106,-0.4323471077939307,1.1698924535035744,1.9300035004103369,0.8940833960501021,-1.2807920279737544,1.439192814651505,1.8693515171180877,0.7809029193074537,0
2.0609250825953116,0.5163887321765315,1.0038746524609323,-0.13478617003801185,0,1,0,0,1,0,0.766351957764409,-0.5687500089804935,-0.822280879298011,2.9999560984993616,-2.476926307282317,-2.7558380790730084,0.5094196668783147,0.7637720713131273,-0.3412705422592497,-0.3975150501628925,-0.8031546992519683,-0.3488422205079128,0.805853155987822,-0.25512908140357987,-0.33942098850031993,1.389202421052625,-0.6708494671485573,-0.5282901499795885,-0.5008818372323651,0.020989325180847843,-0.9632824194881294,-1.3883256324796087,1.862542722886372,-0.12818566085354444,0.5283679361832082,-0.020989325180847843,0.5008818372323643,-0.2582324537235989,-0.3345252120667762,-0.054746349693259644,0.6666552660183818,0.3421249482670949,-1.2536794960168407,0.02452383803125581,0.2896456887631914,-0.046252995675895824,-1.1089772052064004,-1.5452039908641146,-1.591401046672821,-0.5940973255993336,-0.6007917169928287,-1.9681275841710915,-1.1948939252628807,-1.32234860141757,-1.4459960878228426,1
0.6217103905899984,0.28447883843337485,1.0038746524609323,0.3052077222492148,1,0,0,1,0,0,-0.11697363252486404,-0.3629088932419264,-0.8478672421327675,5.7630081938725155,-2.6727482723918476,-4.732876984122287,-0.017068725777391425,1.5642157425213683,-0.8842917425525256,-0.8702929395081409,-1.7591328662462942,-1.1813999849824102,1.3222215754941493,-0.4874905607712937,0.9404243046035187,0.06445021725832115,-0.40734553283032043,-1.0237565733464329,-0.5505532963957722,-1.0652566185876786,-0.46336034570429097,-1.204838772576125,1.2736226888073938,0.7717927572021425,1.2874598455256163,1.0652566185876786,0.5505532963957714,-0.5924626171942612,0.5660657690356972,-0.6824813981130464,-0.5478717804797735,-0.6649035856248688,-1.1591645145976028,-0.13859458152457876,0.12354118106860354,-0.8523972546416179,-0.8869292675109735,-1.5452039908641146,-2.348628008725599,-1.5406351353529608,-1.2100238385348534,-2.0315739432046915,-1.4418395571298541,-1.8790404825575102,-2.1264374511126554,0
-0.9460056132015023,2.397435648093248,-0.15484123025532542,3.2385003374973924,1,0,0,1,0,0,1.3215851859462378,-0.646667267480403,-0.5152445252809326,-0.046634327079622846,-1.2263655233388107,-0.46129236050077443,-3.609539579975116,-1.752027624483432,0.32933319155172147,-1.2155676578599501,-1.001381066845874,-3.983290020154062,-0.19256573504010652,-1.0724954164624119,-2.621986603455321,1.3189474937741696,0.48366889051159917,1.2496221551624014,-3.5663204598883063,-1.8956992922180405,3.947527868589921,-0.22193572197014494,0.8752055268532174,2.121751276319086,2.52185724580252,1.8956992922180405,3.5663204598883063,-1.3166279713806959,-2.435904167972547,-2.6475650279488985,-1.8011603284619129,-1.5695224381040902,-2.135819322596396,-2.666930084640012,-2.2019219266556282,-1.720552610450858,4.109149330636137,-0.02767187758659086,0.6072941082033162,1.0007540524786946,1.9207523416116614,0.41111087958892223,-0.37174181903963527,-1.0996718489615938,1.275769365336409,0
1.5983203601650333,1.1863506474345409,-1.6032360836506476,0.3052077222492148,1,0,0,0,1,0,-0.7100636717190902,1.5350159705170654,-0.438485436776663,-0.15368451297366123,0.7746319123962297,1.2993052801187708,-0.8637725688986962,0.019223109261734525,-1.7490119294974409,-0.5484162732761898,-0.5201845447998377,-0.8842272195237979,0.5119582641771679,-1.5279438447327287,0.34026017391462426,-0.8593906413194199,-0.3879986860225032,-0.3421053933993519,-0.7471295343976714,-0.4649864905896614,-0.32560670283444226,0.314480851954583,1.5273531846609605,0.35614214899092256,0.3422660535372518,0.4649864905896614,0.7471295343976706,-1.4558905394934718,0.19081952690966666,-0.32767463161490584,-0.7029177864157086,-0.801449827508525,0.4475901695294441,-0.13859458152457876,0.2342775195316623,-0.046252995675895824,-0.19302946221276363,0.5034643620605421,0.5799244589724931,1.3378771080073837,1.4299820214805863,-1.0481553781838862,0.12214944469431245,-0.09762646290970158,0.7190446135538346,1
0.6988111776617119,0.5163887321765315,-0.4445202009343899,-0.13478617003801185,1,0,0,1,0,0,-0.1800683175455264,-0.3460462029695579,-0.5280377066983108,-0.029274837475184185,-0.46758293208315554,-0.24350951798573287,-0.5082328638555326,0.2989079165721097,-0.12424378966476023,-0.08363633317194269,0.2616699226439652,-0.2622716930580096,0.060220022157898206,-0.45827388818383263,-0.6478002613779139,0.40901327079091293,0.0028656480711703237,0.806467675562824,-1.2379708116036303,0.8700970699576539,0.24880829955400552,-1.059212577179572,0.5808643147187245,0.11582881792252123,0.4471750040165389,-0.8700970699576539,1.2379708116036297,-0.3417899945912644,-0.4846237089171882,0.49111021415003275,0.6408142650290589,0.615217432034406,0.7626401075935709,-0.7910682597479163,-0.319404172783631,1.3800022317249987,-0.026493508941193386,-1.1658209625447336,-0.8889133830816909,-0.4903671546674297,-0.4146374576327655,-0.794369942049485,-1.3595243465075295,-1.211010225189582,-0.76555472453303,0
1.110015375377516,0.026801178718756015,0.5693561964423357,1.0385308760612593,1,0,0,1,0,0,-0.2684008765744537,-0.31115787826810587,0.6361418022831113,-0.5396438318456808,0.6176913815775859,0.177746000801062,-0.5529159447608482,0.8643574686797453,-1.716633386552992,1.2049889551232336,1.1653663858384624,1.0448983112464758,-0.9375859413159616,-0.21744415597244543,0.0534078972949076,-0.6163019798429933,0.6949053781616181,0.7884920817535643,1.4466056031467225,-0.009609152108407288,0.5515754420750785,-1.1328548927872668,1.7273712931709557,-0.9388060613016534,-0.745224326231842,0.009609152108406583,-1.4466056031467232,-0.06326485836571254,0.26586877533487285,0.6639647927004092,0.21443774870523882,0.4957394703862077,1.3612349899154128,0.18764225758709038,-0.4301405112466897,0.3258135853852078,0.7090402846749091,-0.9381911455531051,0.6529101902546883,1.519404907138216,0.9645963730804287,-1.175048096251087,1.0276167615398821,1.127095675598167,0.7809029193074537,1
0.9044132765196139,2.0624546904642447,-0.4445202009343899,1.0385308760612593,1,0,0,0,1,0,0.2868323516073751,-0.48269214138357847,0.764073616456894,-0.5633684676384135,0.22275093876865126,0.06415905624496233,1.1663285207668879,0.628385725575295,-1.7581982423981086,1.2365756967993407,-0.1646976639459287,-0.33108708037036033,-0.11340219334845683,1.3418941196894607,0.5168620627791993,-0.8662463746931306,1.103435369434771,-0.5454894190029836,-0.2682155254971324,-0.18555039652161812,-0.28100340637295473,-0.3446980608398156,1.533021831263304,-0.5763863653280842,-0.31844921739923676,0.18555039652161812,0.2682155254971317,1.0229831729139398,0.26586877533487285,-0.5369196477548344,-0.8708842928463041,-0.4430159425639276,-0.844114576533476,-0.05703537174666111,0.06817301183707392,-0.6663639641110671,-0.27629743884854874,-0.3311783002420958,-0.02220782410562002,0.7673611678819103,0.46536449570571364,-1.238494455284687,0.6160407084282594,0.5704037944582268,-0.023255055489598248,1
1.5983203601650333,0.9029052217484598,-1.6032360836506476,1.478524768348486,1,0,0,1,0,0,-0.7100636717190902,1.5350159705170654,0.39307135535292426,-0.4927732099136964,1.4911402126940208,1.561360199448985,-1.6246027539336014,-0.0011859891385070955,-1.1032548263383415,-0.4202011064188623,-0.5486067496713489,-1.4539334672842472,0.19003599671692867,-1.5300597955302677,0.2666639806880428,-0.6043978794371893,-0.306772086385129,-0.36419662870548075,-1.1427899248825406,-0.8495867060811616,0.7302319570114099,0.2687659292468944,0.9008247259348914,0.2634746360911658,0.35764852030875327,0.8495867060811616,1.14278992488254,-1.4837430531160272,-0.03432821836595151,-0.7734574920869285,-0.9354867953196102,-0.9892009100985523,-0.18250970659880966,-0.709509049969999,-0.26403600355210183,-0.4803306735805153,0.6951622885689447,0.27583454506891375,0.07814755640739948,0.533968283285125,0.6176725260912207,-0.635754044465484,-0.04248097655033679,-0.4316415915936655,-0.332546584257695,1
0.72451144001895,0.5163887321765315,1.4383931084795292,-0.13478617003801185,1,0,0,1,0,0,-0.7479204827314877,1.8577329740054969,-0.5280377066983108,-0.029274837475184185,0.852482349808004,1.4513507964537073,0.39713208257051014,0.6462971684050806,-1.1260901180797294,0.9051978075072048,0.6134187645665568,0.9173814449984357,-0.2841478246847678,0.8833444487226836,-0.13742702900514248,-0.719925368863683,1.2650938337212334,1.2340755672263102,0.4073962731842086,0.8471482119907131,0.3304055369524826,-1.024734527160629,0.8159473492871511,0.03158155032010956,0.4073601613647594,-0.8471482119907131,-0.40739627318420935,0.49378541408539117,-0.40957446049198204,-0.9008240236503626,-1.0905328012555453,-0.6136987449184976,0.19555021907814235,-1.1173050988595852,-1.3713993881826885,-0.4803306735805153,-0.10976148557697851,-1.2416975682086098,-1.4089367184673323,-0.8534227529290943,-0.7869459763528921,-1.3019408143182878,-1.4418395571298541,-1.32234860141757,-1.2604211705619852,1
1.5983203601650333,2.397435648093248,-1.6032360836506476,3.2385003374973924,1,0,0,1,0,0,-0.7100636717190902,1.5350159705170654,-0.5152445252809326,-0.046634327079622846,0.6425349774034481,1.216574631524761,-4.020854375337699,0.3518984031588331,-0.8785119633622065,-1.6121437132010752,-1.93207018532534,-1.633994826322527,0.997321377299157,-1.5012016463702944,0.06241595958699631,-0.1498444960149698,-0.18663499737202452,-0.027009070956793585,-0.4633576356367666,-1.7690215962405276,4.091112890421344,-0.4204646638183862,1.0503760166941851,1.9928380811001651,2.4854167650242673,1.7690215962405276,0.4633576356367659,-1.4837430531160272,-0.3345252120667762,-1.1646546961746211,-1.051771299771562,-1.05747403104038,-0.6235796198885869,-0.709509049969999,-0.5962450189412776,-0.9764194483286528,3.970369369576495,-0.3311783002420958,0.23324223538206504,0.754394896515422,1.5992131663533709,0.030432725387320277,-0.5363722402842841,-1.211010225189582,0.7809029193074537,1
1.110015375377516,0.7225308599482267,0.5693561964423357,1.478524768348486,1,0,0,1,0,0,-0.2684008765744537,-0.31115787826810587,-0.7711081536284979,1.8513365363390037,-1.2361907379365729,-1.67005421536352,-0.870250684987558,-0.09360720698163869,0.29364007289697336,-0.21849258771735738,-0.3405328210149135,0.8016966698603807,0.8470207064176561,-0.35000238172029946,-0.23265033142026523,-0.18547364134106886,0.8188150496881654,0.6062357459409647,1.3266889502382984,-0.2223753081429896,0.8603865058630762,-0.10458516552559266,-0.5877989391888261,1.1070923769173295,1.034580556940584,0.2223753081429896,-1.326688950238299,-0.2582324537235989,-0.10937746679115769,0.3728412919839863,0.21443774870523882,0.5469443110925782,0.41608517572303205,0.4323198869208419,-0.1532996650890431,0.015758101167622184,0.44535835866158957,-0.4070549059059717,-0.97102233077416,-1.0868156375258795,-0.6515610604546642,-0.033013633646279864,-1.277209135885205,-1.4893561657595522,-0.6418381130257917,0
1.5983203601650333,0.7225308599482267,-1.6032360836506476,1.478524768348486,1,0,0,1,0,0,-0.7100636717190902,1.5350159705170654,-0.7711081536284979,1.8513365363390037,-0.2460909445985543,-0.2502174084122742,-1.4872341997824177,-0.014540130476287395,0.598250423499424,-0.7421504684225443,-0.5037239582783701,-0.2475690541925489,0.6703458510323331,-1.4137663570472865,-0.34006711954814656,0.4818217460777391,0.06478903148610286,0.349844941642523,-0.11623388745465664,-0.2223753081429896,0.6554166720312217,-0.32071498967704976,-0.3336439823354599,1.066841097852758,0.996421309849919,0.2223753081429896,0.11623388745465593,-1.3723329986258064,-0.4846237089171882,-0.5824076947417753,-0.26362076959722697,-0.22112829950298704,-0.5605696322757617,-0.6279498401920818,-0.6516131881728072,-0.5423417704240322,0.3065783976019474,-0.5588081172337243,-0.8889133830816909,-0.9052878383950472,-0.48232991558187904,-0.1916295312302808,-1.277209135885205,-1.4893561657595522,-0.5799798072721716,1
0.6474106529472365,0.7225308599482267,-0.8790386569529866,-0.4281154315628296,1,0,0,1,0,0,-0.4703038686405733,-0.1064797066862538,-0.0035172685858019803,-0.4053971122380218,0.539939201820666,0.23140912421339258,-0.935259830749149,0.7188230295240348,-0.6136197823278583,-1.1625358661334324,-1.425504149861874,-0.2842115292783652,1.2785123846854305,-0.22946176040373525,0.3055564610131058,-0.5515094733861863,-0.3895485140732381,-0.7012938565386939,-0.7099870034754222,0.3165258375355961,1.0712260740753328,-0.6805074118810224,0.28462496544431176,1.1842413162834389,1.1685482551251767,-0.3165258375355961,0.7099870034754215,-0.23037994010104354,0.26586877533487285,-0.03655113089848297,-0.3153027715758717,-0.4430159425639276,0.06953024385249205,0.10608304780917345,0.5111183656893089,-0.29429738304996345,0.27882240539001907,-1.0899443568808573,-1.8559743225707799,-1.4628375071540325,-1.0069464646875115,-1.3336639938350878,-1.5241547677521787,-1.6006945419875402,-1.6315710050837011,1
1.110015375377516,-0.514321906681944,0.5693561964423357,1.0385308760612593,1,0,0,1,0,0,-0.29363875058271866,-0.28499163474201683,-0.15703544559434116,-0.35621189169211226,0.15072380100292587,0.05610958773311275,-2.121356220213947,-0.8138669445266794,0.057453242000559464,-0.6531860352273453,-0.7964789525747777,0.5619889617937991,1.1044205442749235,-0.5337524450849203,-0.17825461503059056,-0.1783101733541362,0.6227257717211682,0.2567637655422826,1.1515092521572485,-0.3755669404878874,2.4164783096279323,0.9384863627043046,-0.25772503456310786,1.4998964090250126,1.2861414887125735,0.3755669404878874,-1.1515092521572492,-0.4253475354589299,-0.03432821836595151,0.4456221671630917,0.279040251178545,0.529876030857121,0.25856020669096863,0.758556726032511,0.2342775195316623,-0.046252995675895824,2.2494978524369347,0.8828473903799233,0.023408257945752128,-0.11434528503927678,0.4822876101929924,0.41111087958892223,-0.8656330827735822,-1.0996718489615938,0.2860364732784985,0
-1.7427137462758722,-0.6173929705677911,1.0038746524609323,2.505177183685348,1,0,0,1,0,0,-0.20530619155379135,-0.3344167614024072,-0.3233468040202586,-0.28098743673954474,-0.12607282844996656,-0.0400368417139795,1.055428603578333,-0.4199021038874831,0.0042145578636933086,0.6624277624902601,0.643070003236295,0.7489442780826633,-0.28825830982172324,1.7627227967992252,0.9126971655161636,0.7879924434174149,0.7303081414549187,0.43881433348123783,0.1590389773671773,0.8637377478704314,0.2936926837760648,1.4906487998649651,0.7860949701447684,-0.17073611912308956,-0.40760571081644054,-0.8637377478704308,-0.15903897736717798,2.9540907840777653,2.067050737539819,2.7907837007120495,2.9220004079198025,3.2095960278238715,0.7696412173283294,1.0485450274651051,1.058648039201099,2.8269278247403977,0.5286263352973745,1.8692432640103136,0.9357298989731951,1.2471132084419672,1.0915197317350172,-0.44541496736468245,0.2044646553166367,0.7374113588002092,1.1520527538291696,0
0.3647077670176212,0.18140777454752677,0.27967722576327125,1.7718540298733036,1,0,0,1,0,0,-0.44506599463230834,-0.12217945280190722,-0.4128990739419065,-0.1797237473803192,0.0685891036065978,0.04492977035554388,-1.8653935331103109,0.7116692374527794,0.29670769502431765,-0.20145142727588425,-0.4758055107174084,0.5501221871053547,0.8175321231617914,0.3221304076840077,0.7685801818210939,0.40981052843993493,0.9524191662585385,0.3947246781098355,1.6693198303085888,-0.9053100327574869,2.915744024314335,-0.20684160874026225,0.006210700240573185,1.2165504235343079,1.003942288216177,0.9053100327574869,-1.6693198303085894,0.29881781872750485,0.7161642658861095,0.018034525485845748,0.22735824919990022,0.615217432034406,-0.7180946013078251,1.0032343553662626,0.2342775195316623,-0.5423417704240322,2.887885673311288,-0.1035484832504671,0.3062279666642602,0.2616765845888761,0.7530574419894479,0.28421816152172197,0.2044646553166367,-0.2089648391376897,0.7809029193074537,1
1.3156174742354179,0.18140777454752677,1.0038746524609323,1.0385308760612593,0,1,0,1,0,0,-0.2684008765744537,-0.29952843670095514,0.17558727125749374,-0.44879583624911845,0.3756265585919505,0.11648060157198462,0.3281382464483518,-0.040182686723492365,-0.48509564797196475,-0.10260545356298625,-0.27955042409990716,0.09631887697432043,0.20455837482164868,2.65241948430835,0.3587461126501093,0.22135016254270815,1.0192240774360344,0.9201235955427741,0.6152054390719316,-0.4787858038769716,2.1939820767584113,0.4145359788886198,0.8855775680052053,1.1492584964225236,1.2617508461028355,0.4787858038769716,-0.6152054390719323,2.6105764493995856,0.41596727218528484,0.23637715102316323,0.31780175266252825,0.7346953936826055,0.06953024385249205,-0.46483142063624716,-0.762349526635866,0.20179139169817292,2.193985868013078,0.5034643620605421,0.31535118307453414,0.7414286251489338,1.209981533145967,-0.28679906978068154,-0.6186874509066087,-0.8769950965056176,0.6571863078002155,1
0.6217103905899984,1.7790092647781635,-0.8790386569529866,-0.13478617003801185,1,0,0,0,1,0,-0.33149556159511606,-0.2646401119995031,0.03486227566633282,-0.4094476598123908,0.35708231377937705,0.11290306001116258,-0.38009643969373386,0.7875641972725377,-0.18892151352857112,-0.8394671032962479,-0.4785564333670801,-1.2387170674203805,-0.43415848134614654,-1.4850067567158982,-0.04760053889834398,0.4904199898792463,-1.2258931036914245,-0.5547446237586316,-1.6831717333635567,-0.020113106998745453,-0.9552679020422565,-1.1286417517792806,0.7510868318068442,-0.08150871825426921,0.08054664831987406,0.020113106998745453,1.683171733363556,-1.4837430531160272,-0.4846237089171882,-1.364802102917162,-0.9484072958142716,-1.3134982345722352,-1.0016395455655394,-1.4435419379712537,-0.983822203561983,-1.534519319920306,-1.0257092285706153,-1.2416975682086098,-0.989268763594709,-0.5033334260339178,-0.4992530300691578,-1.175048096251087,-0.12479618717266176,-0.15329565102369538,-0.8274130302866491,1
-0.04649643069818187,0.28447883843337485,1.7280720791585935,-1.161438585374874,1,0,0,1,0,0,3.4289476656363607,-0.7385398558608935,-0.630383158037337,0.2253310100565828,-1.9418123713924407,-0.7421293730253044,1.3168223816231128,-2.4876550353238143,1.751296962633512,0.6960562239201936,2.2084686531644135,0.5924880009786698,-2.3297948078251243,1.2330025600242331,-0.9975620695849697,1.2891513591584947,0.7783547487815382,1.3612697397192226,0.2567889334467663,0.5534028300138731,-0.5990719467076853,2.415048823565967,-1.09860882604439,-0.1685238076194049,-1.5421024598173325,-0.5534028300138731,-0.25678893344676695,1.1343932274041606,-0.9349191994684248,-0.027453521501095285,0.6408142650290589,0.9565830367435462,-0.5290646384693491,-0.9541866793037505,-1.149926711256571,0.5118468759157585,-0.6926373220274746,1.793366658346437,-0.7246954876967501,-1.1257144516253432,-1.1084851516111824,-0.8895394805998851,0.6983559190505837,1.127095675598167,-0.8892713360402683,1
-0.6119022025574117,0.28447883843337485,2.452269505856255,0.3052077222492148,1,0,0,1,0,0,-0.3062576875868511,-0.28499163474201683,-0.5024513438635544,-0.058785969802729904,-0.278208395179635,-0.17374745754970314,0.22692812772666873,1.3403516588772297,0.2655087744875682,-0.6110135493258072,-0.8202171727894966,-1.4150204944318823,0.3989891140706327,0.3075747317203439,1.5963602813254634,0.8620644210096573,-0.10355511989530071,-0.3781930933667457,-0.591162492785821,-1.3436114231817156,-0.008224037754604827,-0.2404760301552918,0.5033322166177752,0.7227564015899739,0.6970905491939614,1.3436114231817156,0.5911624927858203,0.605195468575612,2.067050737539819,1.127942871967207,1.4677262966873774,1.349153482159058,-0.43454965705011084,0.35076067714292497,0.7325910426154264,1.069946747507413,0.08453045990652028,-0.1035484832504671,0.41570656358755365,0.6247321828505417,0.9053654723749538,-0.0647368131630805,0.4514102871836102,-0.15329565102369538,0.40975308478573785,0
0.3647077670176212,1.3151894772918502,0.27967722576327125,1.0385308760612593,1,0,0,0,1,0,-0.44506599463230834,-0.12217945280190722,-0.2849672597681238,-0.29545367807657696,0.23402365108208176,0.1343683093760948,-1.4426667325123221,0.35830376456958996,-0.16910389669651488,0.2859512486142919,-0.13956879050994078,0.7602223536937011,0.48200066246238116,0.33488895740180047,0.8315238721418188,0.46666940470830365,1.3017323428509668,0.8537036651117291,2.001249688097911,-0.9479624556455367,2.3406803103201534,0.34121919964607605,0.7001284381042341,0.9044738194066049,1.014921732224879,0.9479624556455367,-2.001249688097912,0.27096530510494976,0.7161642658861095,-0.11842961547497735,0.13691474573727128,0.6664222727407777,-0.6865896075014126,0.5954383064766764,-0.26403600355210183,-0.4803306735805153,1.8886699536818656,0.12408133374116129,-0.5148615102604385,-0.10137901367278856,0.2622871218583729,-0.6992004034990842,-0.4540570296619595,-0.8769950965056176,-0.5181215015185524,0
1.2128164248064663,-1.1069805240255675,-1.168717627632051,1.0385308760612593,1,0,0,1,0,0,-0.5333985536612357,0.00574440443675031,0.047655457083711085,-0.4100263094658721,0.7026845745478114,0.3212948559290462,-0.58304040059036355,0.9454494057603854,-1.2655187884492543,0.0661718407726249,-0.5419452418783229,1.4159255003376752,1.0863914745247623,0.18531509809968663,-0.4099878208294873,-0.6651186405081799,0.6109047288285734,0.5022028407366799,1.7106474351375698,0.23455420748543962,0.995896532317922,-1.708375779097111,1.0616264890269458,0.516368783868354,1.1948586848606826,-0.23455420748543962,-1.7106474351375704,0.2152602778598393,-0.3345252120667762,0.1817914946388332,-0.19901826712392082,0.0519641842643253,0.7941451013999841,0.8401159358104279,0.06817301183707392,-0.10826409251941274,1.0837461795359422,-1.5452039908641146,0.4521994292286506,0.9618552383792308,1.142289075196852,0.09387908442092041,-1.1125787146405561,-1.1553410370755877,0.47161139053935697,0
0.6217103905899984,0.6194597960623787,1.0038746524609323,-0.8681093238500562,1,0,0,1,0,0,0.3246891626197725,-0.4890883342455113,-0.34893316685501513,-0.2607346988676996,-0.5595850262298758,-0.17464184293990864,1.8381528997136123,-0.15135947898981356,-1.1363508668741042,1.7792505291332643,0.3482959678444641,0.31131964701511516,-0.2632524510730787,0.9651965317471388,-0.13921517463255006,-1.0040481526646607,1.061217576499664,-0.020184867232835753,-0.06904425348519842,0.4930801176436278,-1.5915833506967307,0.06828292918570437,0.5444581396030116,-1.3513674941450362,-0.47250841051612913,-0.4930801176436278,0.06904425348519772,0.38237535959517033,-0.5596729573423944,-1.3829973217119373,-1.594432320547333,-1.1940202729240363,-0.844114576533476,-0.709509049969999,-0.762349526635866,-1.4725082230767892,-1.5808290728091832,-0.5588081172337243,-1.8377278897502307,-1.3461410648556402,-1.68387104417865,-1.238494455284687,-0.8656330827735822,-0.7656567202776299,-2.002720839605417,1
-0.6376024649146498,0.6967630939767645,-0.8790386569529866,-0.4281154315628296,1,0,0,1,0,0,-0.5586364276695006,0.153438312339564,-0.20820817126385424,-0.33190860624589813,0.5421683849785588,0.374510786646274,1.0616880181848924,0.97793571356226,-1.335722349986608,1.5833949002307846,0.7918776707002908,1.5907936172987074,-0.3491171540000552,1.0183285184756112,0.6348253296474902,-1.4525858520399673,1.8451175557187223,1.40182788296605,0.7781220325379118,1.3979208031972914,-0.4588011765761188,-0.706293378097816,0.3662685049406673,-0.3094773743763239,0.339132329174705,-1.3979208031972914,-0.7781220325379125,0.577342954953057,0.19081952690966666,-0.973604898829468,-1.4781478160953823,-0.8355863879794388,0.5736101447550955,-0.7910682597479163,-1.149926711256571,-0.6043528672675491,-0.4150773999081907,-0.6346847228976005,0.11464042204849642,0.28760912732185256,0.1438253204474232,0.31594134103852145,-0.7010026615289333,-0.09762646290970158,0.8427612250610729,0
1.6754211472367457,0.28447883843337485,-0.15484123025532542,0.3052077222492148,1,0,0,1,0,0,-0.4955417426488382,-0.03495864104827709,-0.5024513438635544,-0.058785969802729904,0.012640013059900992,0.018545401344481353,-0.38110594126131186,-0.06034198974645414,0.607465140356064,-1.180267003257318,-1.153209972012329,-0.5825275869130788,0.9404475697508838,-0.2818870579223112,-0.33370876542251426,1.1475638302156095,-0.5757141982876023,-0.6427628457998992,0.5834470145228646,-1.373153796310799,0.248278861569009,-0.2514808408486884,0.3227657816633935,1.0235962329186385,0.8716966279002545,1.373153796310799,-0.5834470145228654,-0.23037994010104354,-0.25947596364157,0.1908891040362222,0.7700192699756713,0.47867119015075044,-1.0961545269847772,0.758556726032511,0.5111183656893089,-0.23228628620644656,0.41760236644966076,-0.02767187758659086,0.7076494887163344,0.7803274392483975,1.1930584186586881,0.2524949820049213,0.28677986593896093,-0.32030321536567735,0.6571863078002155,0
0.6988111776617119,0.6194597960623787,-0.4445202009343899,1.0385308760612593,1,0,0,1,0,0,-0.19268725454965888,-0.3361611776374798,0.31631226684865466,-0.48409346511147705,0.3770591536240781,0.11558621618177911,-1.243441986335742,-0.2791005578101583,1.050758007476033,-1.195671088700062,0.08536480711354301,-0.3675588348573974,0.024930955861209993,-0.5024574624090737,-0.6750572720180359,0.4214311184096392,-0.3913285146067545,0.4142221366864765,-1.0383979846077995,0.5285640660967139,1.226986774570465,-0.29318328137103516,-1.0129237654817929,1.2272398462054894,0.2934288646058682,-0.5285640660967139,1.0383979846077986,-0.48105256270404034,-0.6347222057676005,-0.018355912103706302,0.2015172482105774,0.03489590402886805,0.29006520049738066,-0.709509049969999,-0.319404172783631,0.5118468759157585,0.6396503041450882,-0.6346847228976005,-1.2264723902618437,-1.4758037785205207,-1.0069464646875115,-0.5723076854318833,-1.1125787146405561,-1.0440026608476,-1.136704559054746,0
0.6217103905899984,0.1298722426046032,1.0038746524609323,-0.4281154315628296,1,0,0,1,0,0,0.3246891626197725,-0.4890883342455113,-0.016310450003180245,-0.4025038639706153,-0.22993609318052685,-0.06507963263973376,1.6709048479116384,0.7822440380667934,-0.4111748853704321,1.579151034154805,0.4960834542361831,-0.9150291312903948,-0.595420786974401,1.6151958861708866,-0.5821938664067179,-0.8303680367040468,1.7879191122589588,0.8699477816019553,-0.6045440128777345,-0.6484112087471453,-0.709549167165661,-1.656883526189368,-0.2723499537578083,-0.3604611825166095,0.20440190046488257,0.6484112087471453,0.6045440128777338,0.939425632046274,-0.8598699510432187,-1.2465331807511142,-1.4135453136220761,-0.7843815472730677,-0.5920746260821743,-1.3619827281933365,-1.3160312189511594,-0.9144083514851348,-0.6648813298155464,-1.5452039908641146,0.03253147435602734,-0.11434528503927678,-0.24540631275998087,0.728342674756924,0.03983423407198747,-0.26463402725168356,-0.1469716669968365,1
1.6754211472367457,0.10410447663314094,-0.4445202009343899,0.3052077222492148,1,0,0,0,1,0,-0.07911682151246661,-0.37570127896579214,-0.08027635709007157,-0.37357138129655093,-4.191144650236073e-4,-2.3669184983433978e-4,0.2501324923922973,-0.7135368814085354,0.007498573812733525,0.08744807408414179,0.1621608443264845,0.7536069453847529,0.6634548118656028,-0.7354903626348483,-0.7788977895302952,0.07552445095035296,-0.5409161916009556,-0.9718502761196328,0.8242817340199426,0.21031740340810925,-1.0827086238976178,0.1990690557750919,0.06564398804910569,-0.6544999426511813,-1.159639678931303,-0.21031740340810925,-0.8242817340199433,-0.7874302125521474,-0.8598699510432187,-0.5824076947417753,-0.4574282770171454,-0.6307670251539549,-0.9701345517591269,1.8188264531454346,1.4523772426253072,-0.728375060954584,-0.9146852597229018,0.5034643620605421,0.9083602497423721,0.806259981981374,0.46536449570571364,-0.15990635171348128,1.1922471827845313,1.461110804282131,0.5334696962929761,0
1.2642169495209417,1.0832795835486928,-0.8790386569529866,-0.13478617003801185,1,0,0,1,0,0,-0.25578193957032125,-0.3006913808576702,-0.10586271992482811,-0.3648916364943316,0.1525426062263721,0.05074327539187969,0.6168255261988036,0.15190267528547366,-1.2969978599493412,1.5793139370478237,0.9245721629697004,1.0221179829160913,-0.0822282402814941,-0.11942118409142222,-0.47590972263817877,-0.18950752173480562,0.3932781655159546,0.38782607081324105,0.6257323574189628,0.7734532878151856,-0.977035149424851,-0.685247101756306,1.5826027409285053,-1.7435833432830143,-0.8233524197449851,-0.7734532878151856,-0.6257323574189636,-0.28608496734615396,-0.6347222057676005,-0.7097742263052108,-0.6899972859210471,-0.5112890635057554,-0.2770246880180474,0.02452383803125581,-0.26403600355210183,-0.5423417704240322,-0.9146852597229018,-0.6346847228976005,0.03253147435602734,0.8451587960808378,0.008440404549195996,-0.7626467625326843,-0.28942660841731066,0.06938110143228039,-0.08511336124321738,1
0.31330724230314594,1.1863506474345409,-0.4445202009343899,-0.13478617003801185,1,0,0,0,1,0,6.4574925466281545,-0.7862205662862113,0.57217589519622,-0.5234416415482046,-1.091582160807557,-0.20013182656076567,-0.12706108357220158,-1.1234812950685684,1.7678837819257598,-0.24385973665353286,0.24640470331967537,1.0856396984291032,1.100234306989519,-0.794081622302556,0.641681775822444,0.872342350914802,-1.606274235902843,-2.0318385602936093,1.210447041540327,0.28017642692511974,-0.616755470909494,2.18483605221118,-1.5401364200560224,-1.2633152645805676,-2.3040330710635533,-0.28017642692511974,-1.210447041540328,-0.8988402670423681,0.19081952690966666,-0.9872513129255508,-0.44450777652248397,-1.0148033304517377,-1.9782943535643327,2.4305205264798135,1.812270342630248,-2.340663578886029,-0.6093693453916895,1.9451198696741894,-0.14993285384946126,-0.9052878383950472,-1.277716296483967,-0.15990635171348128,1.439192814651505,1.795125932966095,-1.136704559054746,0
0.15910566815972013,0.28447883843337485,0.27967722576327125,2.505177183685348,1,0,0,0,1,0,-0.43244705762817587,-0.1338088943690579,0.43145089960505906,-0.49798105679502797,0.7453136601824363,0.28194189876000386,-1.5080003729919735,-1.7678779536661797,0.6703786571549288,-1.184777312631218,-1.1590775399796145,-0.9378276247498482,1.141841079282041,-0.982975652778683,-0.9029966051293866,1.5716936538265238,-1.09527165829052,-0.8862665712388386,-0.7099870034754222,-0.5749285603869245,1.1147335372369647,1.5218657966015623,0.6629704663887656,0.514505086295091,0.6415907598908936,0.5749285603869245,0.7099870034754215,-0.9823978079100336,-0.9349191994684248,-0.43684594438356456,0.3953247556304958,-0.08458205761933026,-1.6002344278873806,0.10608304780917345,0.5111183656893089,-0.4183195767369984,1.2502821328075124,1.717490052682561,0.5799244589724931,0.858125067447326,1.0407503882731821,-0.0012904541294803558,-0.20711139779498602,-0.48731077970765985,0.6571863078002155,0
-0.2006980048416086,-0.3854830768246345,-0.15484123025532542,0.3052077222492148,1,0,0,1,0,0,-0.1800683175455264,-0.3390685380292675,-0.3617263482723934,-0.2503190051050364,-0.2006745132716574,-0.06731559611524753,-1.242318071329449,0.0611639096952666,0.48125484754030806,-1.557975157164048,-1.1346431031112278,0.5640552460834796,1.8956894814162402,-1.1961185044985085,-0.4507786480534468,0.4025804958385178,-0.9311788674978155,-0.6458274529288389,0.5391776954544716,0.23455420748543962,0.5323260032980764,-0.5355295395008972,-0.25333692511772987,1.1813828999679663,0.8445667966144722,-0.23455420748543962,-0.53917769545447225,-1.17736540326792,-0.5596729573423944,-0.50962681956267,-0.23777976860790415,-0.5795621844475838,-0.6235796198885869,1.0032343553662626,0.7879592118469556,-0.9144083514851348,0.41760236644966076,-0.5588081172337243,-0.21379536872138252,-0.30883935553659736,0.1607484349347019,0.030432725387320277,-1.1125787146405561,-1.1553410370755877,-0.1469716669968365,0
-0.7661037767008384,-2.1634589288555044,0.27967722576327125,0.3052077222492148,1,0,0,1,0,0,-0.21792512855792381,-0.32802056854047434,0.29072590401389814,-0.4765710196162203,0.388925539337766,0.11603340887688186,-0.7557864627957227,-0.7248023754059498,1.490487268170564,-0.7669265101575242,-0.2999786809527435,-1.0364780073083484,0.410090143360792,-0.7673721611014573,-1.287488055257096,0.8105125659904555,-0.275207588154206,0.10768704859020659,-0.6135009981005504,-0.8051695616290174,0.2841902526976656,-0.29496326358845204,-1.223059063921691,0.7631771038122434,0.4951224203489425,0.8051695616290174,0.6135009981005497,-0.8988402670423681,-1.3852146900196616,-1.1282642585850677,-0.5995537824584191,-0.6649035856248688,-1.1591645145976028,-0.6279498401920818,-0.4301405112466897,-0.728375060954584,0.25800541123107273,-0.27427084599418855,0.014285041535478216,-0.62002986833231,-0.30463721346545575,1.0852284443209261,-0.3100054110728917,-0.6821529381066387,-0.1469716669968365,1
-0.4577006284139859,-1.3388904177687242,1.0038746524609323,-0.13478617003801185,1,0,0,1,0,0,-0.15483044353726144,-0.3582571166150661,-0.38731271110714993,-0.24511115822370483,-0.260172276333976,-0.08609768930956323,0.9012084319069755,-0.6497649454056412,-0.0845486114811844,0.36814804323452227,0.2913166687502142,0.3977221849609406,0.03316418940286191,0.472054768331038,-0.7387960298924712,-0.10968938026002244,0.9638916324735669,0.5109156617822588,0.3735052989149339,0.17200761631813533,-0.7814806999475978,0.15171313473318637,0.005353535532214068,0.458434187482577,0.12008376517551161,-0.17200761631813533,-0.37350529891493456,0.605195468575612,-0.5596729573423944,0.5547934799317504,0.4082452561251572,0.8029685146244333,0.25856020669096863,0.02452383803125581,-0.1532996650890431,0.44983577907224165,-0.7759052986632599,0.04820472807728505,-0.2594114507727547,-0.21807545597118072,-0.025405824425361403,-0.4136917878478824,-0.4540570296619595,-0.4316415915936655,-0.08511336124321738,1
1.3156174742354179,-1.0554449920826439,0.27967722576327125,-2.334755631474145,1,0,0,1,0,0,-0.38197130961164594,-0.2239370665144757,-0.11865590134220637,-0.36199838822692515,0.3026482461280089,0.10753674766992953,0.6732574513094636,0.28366464188226026,0.4280983195344631,1.1978812703885526,2.7231243754820724,0.22068700390658336,-2.5576482739366,-0.7029219742681344,0.6121771242712536,-1.3848854649428628,-0.8520090474224437,-0.7202596817224766,-2.170401232813651,2.4535682696765635,-1.638532229361071,0.2239269811060595,-1.9769010786046932,-2.463097902259004,-4.2433884478005055,-2.453568269676564,2.1704012328136506,-0.8152827261747027,0.19081952690966666,-0.9281168518425269,-1.4135453136220761,-1.603658998575004,0.3215701943037938,-1.2804235184154193,-0.4855086804782194,-0.6663639641110671,-1.5808290728091832,-0.17942508891434333,-1.0805009276974533,-1.7869942913162333,-2.377718738157067,-1.4922798914190887,0.6160407084282594,2.7971713190179877,-0.45626319576493324,0
0.18480593051695732,-1.4677292476260335,0.714195681781868,-0.13478617003801185,1,0,0,1,0,0,4.539414122000019,-0.7617987389951949,0.8792122492132983,-0.58419985516374,-0.7629106054711235,-0.13439450038066073,1.6519339600054062,0.8582328096330382,-0.7445547268634701,1.5773847096615647,0.16377956802340737,-0.8373987529171374,0.47174020346089207,1.585432516034052,1.825810111878393,-1.583437838052353,1.307125744467519,-0.2596623633483241,-0.9053494332772469,-0.24419747799268982,-0.7129088944790613,0.6511050240219203,-0.5733710667262926,-0.8348214654096983,-0.4664312183242752,0.24419747799268912,0.9053494332772463,1.3757816787996386,1.5667224147051118,-0.221535855312043,-0.9828619638000348,-0.4885313565251461,0.1745468898738673,0.051710241290561454,0.5664865349208381,0.139780294854656,-0.6093693453916895,0.7690324818841089,0.4020217389721415,0.028283699992091807,-0.30463721346545575,0.9662665211329254,-0.001323371239174659,-0.1254610569666985,0.007674097387211866,0
0.10770514344524394,1.2636539453489257,0.27967722576327125,-0.8681093238500562,0,1,0,1,0,0,-0.06649788450833415,-0.37802716727922225,-0.2721740783507456,-0.29661097738353953,-0.19708716293602663,-0.06150209107891172,-0.6390198525969816,0.3505998089377504,0.21641282718965169,-0.760043042896922,-1.1178371659167028,-0.49887026772562815,0.7239873053490241,-1.1672597315384772,0.0025774148690664678,-0.14122858309427802,-0.7883709324620527,-1.1862598657742927,-0.1602775458261487,-0.5214382267650228,-0.27773950984728774,-0.4786272429939587,-0.43776469061799744,0.24503399569006168,0.2950911906650978,0.5214382267650228,0.160277545826148,-1.038102835155144,0.19081952690966666,0.5911839175213025,0.42116575661981864,0.06903246449978255,-0.05648973137315825,0.9216751455883455,1.1201682272361313,0.139780294854656,-0.4150773999081907,-0.6346847228976005,-0.6882026220556532,-0.7885913960966542,-0.6515610604546642,-0.033013633646279864,0.03983423407198747,-0.2089648391376897,-0.5799798072721716,1
-0.7661037767008384,-0.3854830768246345,0.27967722576327125,0.3052077222492148,1,0,0,1,0,0,-0.21792512855792381,-0.32802056854047434,-0.3617263482723934,-0.2503190051050364,-0.16155743295805058,-0.05881893490829519,-1.0853657505680459,-0.35638199850804236,0.9863000256999198,-0.9556959273545436,-0.4244861335788887,0.1030331867363916,0.7234994659079634,-0.6911332658573999,-1.0471370998038283,0.8707435618184458,0.03894118512277815,0.42874974923745346,-0.5252107151899512,0.6614225707698917,0.8186552810268607,-0.5598534821166335,-0.4732918709396783,1.3296969540726535,0.9704434440334729,-0.6614225707698917,0.52521071518995055,-0.8709877534198129,-1.2351161931692491,-1.3284116653276086,-0.7545997883943533,-0.6990401460957827,-1.2851844898232538,-0.8726274695258333,-0.762349526635866,-0.8523972546416179,0.5008703430854462,-0.7105613285614767,-0.7155722712864762,-0.8274902101961188,-0.3130987707090945,-0.12818317219668063,-1.5241547677521787,-1.4893561657595522,-0.45626319576493324,0
-1.280109023845593,-0.05050211919562982,1.7280720791585935,0.5985369837740325,0,1,0,1,0,0,-0.0412600105000692,-0.3850048322195127,-0.6943490651242283,0.6101330296216397,-1.0501833549600557,-0.7676193566461613,-0.8051920858560061,0.8344829518165361,0.6311137823255004,-0.6089967207311118,-0.37574573347834667,-0.6258317519804413,0.41819552774514623,0.16222786526396704,1.8333321210293254,0.5875227757199024,0.07209009886904492,-0.2251870349755886,0.2507965989744553,-1.1022968805694087,1.2817353674305334,0.6912378328571984,-0.2723499537578083,0.894198588523089,0.2686365454779993,1.1022968805694087,-0.25079659897445594,0.2152602778598393,1.841902992264201,0.2636699792153276,0.5374502610717695,0.5469443110925782,-0.655084613695,1.0032343553662626,0.954063719541543,0.07776919801113909,1.194770148383656,0.6552175733882943,0.03253147435602734,-0.11434528503927678,0.24536400737109418,-0.12818317219668063,0.8629863402952329,0.3477270420022505,-0.023255055489598248,1
-1.460010860346257,0.10410447663314094,-0.15484123025532542,0.3052077222492148,1,0,0,0,1,0,0.8799223908016013,-0.5896830038013647,-0.08027635709007157,-0.37357138129655093,-0.5390941081415923,-0.16480360364764804,0.7943553395688269,0.2712275675749052,-0.22386727499130976,0.2548130351939637,0.8137993929931466,0.4066401854568459,-1.0980867151368159,0.017706466857391013,0.2736582920297942,-0.4056050013586888,-0.37689592624729057,-0.028993161478883187,0.6912331826893887,-0.13094794135889876,-1.086878343368461,-0.09812347892780253,-0.10155984545704208,-0.7179595201812796,-1.0862852466247153,0.13094794135889876,-0.6912331826893894,0.02029268250195297,0.26586877533487285,0.04532735367801011,-0.173177266134598,-0.3064697006802721,0.6366201323679207,-0.22015379130249568,-0.5408768497097485,-0.23228628620644656,-0.9701972441467586,0.04820472807728505,0.4521994292286506,0.3265079414213163,0.008440404549195996,-0.15990635171348128,0.9453015509175579,0.9600881112561845,-0.08511336124321738,1
-0.27779879191332196,-1.2873548858258006,-0.4445202009343899,1.7718540298733036,0,1,0,0,1,0,-0.1295925695289965,-0.36232742116356886,-0.054689994255315046,-0.3805151771383264,0.06623390553984086,0.015415052478762072,-0.4959355877318134,-0.45899468787757236,-0.5692308750231541,-0.27977243695811854,-0.010241752488784873,-0.3563623049573215,-0.8676584073176835,-0.437805993840551,0.5941670405463343,-0.20638203747349088,-0.0031191047712670755,0.27794690604038186,-0.030386078764458365,-0.45589913793704195,0.25215991661704595,1.2252081115439244,0.5707636312508078,0.3748616620192289,0.28467583560793136,0.45589913793704195,0.030386078764457654,-0.48105256270404034,0.41596727218528484,-0.32767463161490584,-0.37990527404917784,-0.3576745413866426,0.19555021907814235,-0.5463906304141645,-0.5962450189412776,-0.17027518936292965,0.25106641317809053,1.1863538130354276,0.0963939892279486,0.37837302688726915,0.5161338391675497,-0.4771381468814831,0.8629863402952329,0.6817421706862145,0.10046155601764112,0
0.004904094016293398,-1.4677292476260335,-0.4445202009343899,-0.13478617003801185,0,1,0,1,0,0,-0.2810198135785862,-0.28615457889873186,0.8792122492132983,-0.58419985516374,0.7315429218820794,0.23140912421339258,0.04360939077408644,-0.15914696642160608,0.5053394830717146,-0.1933454197315679,-0.10656542805938533,-0.5947172940553647,0.6677955044423369,0.10905623196631276,-0.2865563736085049,0.4288963933710456,-0.5885781022152028,0.15560662069638093,0.288491621905012,-1.097245935753718,0.04832778256871154,-0.06863167855840126,-0.2598164896045218,-0.32242678248509155,0.2904598543606622,1.097245935753718,-0.2884916219050127,0.10385022336961848,-0.25947596364157,0.03622974428062242,0.2531992501892221,7.593435579547688e-4,0.2270552128845555,0.35076067714292497,0.2342775195316623,-0.10826409251941274,-0.05424950115312168,-0.17942508891434333,-0.350643614875499,-0.4255357978349895,-0.5161761445564365,0.46398284545025625,-0.3443034154988601,-0.8213259083916238,-0.5593603720209651,1
-1.280109023845593,0.5421564981479937,1.7280720791585935,2.505177183685348,0,1,0,1,0,0,-0.0412600105000692,-0.3850048322195127,-0.6559695208720935,0.3931394095661565,-0.9134991041386452,-0.5999220959826284,-0.9629284843826413,1.0999305139045101,-0.8885808743167297,-0.19651491788990488,-0.44765429245382843,0.009265765527952817,0.7639228029921409,0.18512992095497888,0.6788026627569042,0.5772282871416239,0.2704093878162476,0.3812889559470047,0.8018189915875111,-0.7825969144484197,1.523955133511268,-0.8296795432260851,1.7947785837200059,0.5336122961019778,0.9542269580995699,0.7825969144484197,-0.8018189915875119,0.0759977097470634,0.491016520610491,-0.32767463161490584,0.007709740790658993,0.12023730520615308,-0.5920746260821743,0.758556726032511,0.40038202722625016,-0.4183195767369984,1.3890620938671545,-0.7864379342253526,-0.040454256926167845,0.8840576101803024,1.0745966172477384,-1.175048096251087,-0.12479618717266176,-0.48731077970765985,-0.2706882785040748,1
-1.280109023845593,0.0010334127472937634,1.7280720791585935,-0.4281154315628296,0,1,0,0,1,0,-0.0412600105000692,-0.3850048322195127,-0.2977604411855021,-0.2821447360465073,-0.24758533152286494,-0.07804822079771365,0.34680365434565547,0.7118919423521546,0.23266018348827786,0.7029876826738986,0.29760573028139464,0.42766043636886825,0.22212141061823965,0.39946482978282244,0.37461612880680256,0.8842096514238357,0.5065426920103732,0.7584785599231968,0.7520553775833569,-0.1626015385546773,-0.08309837233614535,-0.6018118180504217,0.5704911618364873,-0.44741194385819544,0.35360466299839693,0.1626015385546773,-0.7520553775833577,0.24311279148239442,0.19081952690966666,-0.4095531161914002,0.08523274375862654,0.2909201075607231,-0.7495995951142377,0.35076067714292497,0.012804842605544792,-0.4183195767369984,-0.08200549336504998,-0.5588081172337243,0.023408257945752128,0.31354167005482897,0.10997909147286698,0.1890486229713212,0.03983423407198747,-0.04195727479570725,0.038603250264021984,1
-1.9997163698482496,0.9802085196628456,-0.4445202009343899,-1.161438585374874,1,0,0,1,0,0,1.8389616031156693,-0.6833000084169277,0.31631226684865466,-0.48004291753710804,-0.5608282318070418,-0.1545181716602847,0.07184470597617146,-0.3627035686043179,1.6666191834433468,0.9345251901375972,1.390574680643399,-2.521020167544293,-1.775142666766674,-0.9883714126524826,0.11373542035104127,1.6489306428652384,0.5875169961719439,0.6973940497790311,-3.5663204598883063,0.0986623829151082,-1.08747088245116,0.6117596779638803,-0.6213079820256115,-0.6799114449906319,-1.1269456367017188,-0.0986623829151082,3.5663204598883063,-1.223786259305512,-0.6847550380510711,-2.3139860167113313,-1.3704769786398716,-1.1143682984919032,-2.555885906681899,-2.3950660520469547,-1.648240234340335,-1.1004416420156866,-1.0812212129944723,0.35171115073279,-0.5331079430809875,-0.7496925819971905,-0.939254006738398,-0.44541496736468245,0.36909507656128593,0.45906541823023866,-0.9511296417938885,0
0.3647077670176212,1.1863506474345409,0.5693561964423357,0.3052077222492148,1,0,0,0,1,0,0.4634974696652297,-0.5036251362044497,-0.438485436776663,-0.15368451297366123,-0.7605651417289965,-0.2685523089114871,0.12458595446900837,-0.5401129972582266,-0.939943698738367,-0.32031657082025344,-0.3485538576873678,-1.1579453555234147,-0.10363503783183568,-0.17766690740244578,-0.47879423457476106,0.0866933527518911,-0.5878106295727068,-0.5822705781052058,-1.0504933074560319,-0.5374328853480426,-0.3507624829387621,0.26167648557889267,1.372052983316236,-0.15013593612509038,-0.1153368039924669,0.5374328853480426,1.0504933074560312,-0.3974950218363748,-0.7097714541928067,-0.982702508226857,-0.7933612898783374,-0.9550643496276378,-0.8756195703398886,-0.6279498401920818,-0.2086678343205727,-0.6663639641110671,-0.3595654154843339,0.19995793940503753,-0.11343998820836432,0.5987996401175653,0.49921072468027106,-1.3019408143182878,0.36909507656128593,0.1250502895462747,-0.2706882785040748,0
0.8787130141623758,0.8256019238340739,-1.168717627632051,2.9451710759725747,1,0,0,1,0,0,0.6527815247272168,-0.5350246284357565,-0.5920036137852022,0.1645727964410475,-1.1475931139583218,-0.538656696753551,-3.353355737437122,0.14206796780036757,-0.5886820224303994,-2.0313477559779973,-2.3758627257000025,-1.9296026647243791,1.5951661442396006,-0.9028672566904787,-0.7193816940825444,0.6493359955159056,-1.6171707068434802,-1.103892951817552,-0.8698698195890981,-1.7690215962405276,3.760788457911132,-0.9156535332854691,1.4572680993956497,1.1406609763560018,2.011001291458794,1.7690215962405276,0.8698698195890975,-0.7874302125521474,-0.5596729573423944,0.47291499535525605,0.7570987694810098,7.593435579547688e-4,-0.08799472517957138,0.5138790966987595,1.1201682272361313,0.5118468759157585,3.4707615097617834,-0.8623145398892288,-0.02220782410562002,0.7284623537824456,1.1930584186586881,-0.3185222492974822,-0.5363722402842841,-1.211010225189582,0.22417816752487937,0
0.33900750466038404,-1.6223358434548052,0.5693561964423357,0.3052077222492148,1,0,0,1,0,0,0.16064298156605036,-0.4385002634284058,2.452773563550825,-0.6999297858599977,0.7703252925804663,0.20368317711702177,0.9966484654480838,1.9190366687832474,0.30705607465916873,0.706781992320479,1.2217088262301508,2.3925777639307952,0.3029120716117766,0.30340162459357767,1.235759660529686,-0.4104096104723579,-0.12778875561651232,-0.44465372556475646,0.6034485715022214,2.664697762972419,-1.0827086238976178,-1.395981152961972,-0.8321780192712457,-1.081530016447473,-2.022399126656499,-2.664697762972419,-0.6034485715022222,0.9672781456688292,2.2921984828154374,2.401608187601556,1.7519773075699248,1.605177685690913,1.7392949155923647,1.7372672433675176,1.5077454118568363,1.938102103316653,-1.3032691506898992,-1.6969572021918669,-2.540215553341362,-2.435307859640635,-2.5469498830298516,-2.1267434817550925,-1.853415610241477,-1.0996718489615938,-2.3120123683735136,1
-0.7661037767008384,1.3151894772918502,0.27967722576327125,1.0385308760612593,1,0,0,0,1,0,-0.1800683175455264,-0.32802056854047434,-0.3233468040202586,-0.2526336037189616,-0.1518909280177572,-0.05703016412788418,-2.0165371076407483,-0.8915664524154431,0.0316982788575363,-0.7566810327162485,-0.47431194543580985,-0.8239999588468834,0.2869126206157475,-0.49320279483486795,-1.2932073347493738,0.9597047551085268,-0.08691875669996231,0.5360559783071637,-0.33645217931212407,-0.7901484909597473,2.311241514762683,-0.07180378298475035,0.9210781162134385,0.9360401069330023,1.1399830869384584,0.7901484909597473,0.33645217931212335,-0.6760201580619267,-1.3852146900196616,-1.1009714303929035,-0.5091102789957901,-0.5112890635057554,-1.033144539371952,-0.709509049969999,-0.6516131881728072,-0.6043528672675491,2.0829618991653644,-0.1035484832504671,-0.10431677179808911,0.37837302688726915,0.7530574419894479,-0.5405845059150832,-0.4540570296619595,-0.8213259083916238,-0.1469716669968365,0
-1.0488066626304537,1.7532414988067013,-0.8790386569529866,0.3052077222492148,1,0,0,0,1,0,0.7158762097478791,-0.5542132070215552,-0.68155588370685,0.42207189224022096,-1.441819857666151,-0.7524148050126677,-1.8649270157577416,-0.5943847725846108,0.9112576305102281,-1.9792966913711754,-1.5937702001001797,0.5377792493053383,1.8134928959346015,-1.2550921125536623,-0.6110284552391031,0.33396547779273206,-1.3338210309384408,-1.1891733484546885,0.5581846313588362,0.17986603418274572,1.339153162203901,0.20369686102287862,-0.9101166105450124,1.3513080344031665,0.9109829956091665,-0.17986603418274572,-0.5581846313588369,-1.1495128896453646,-0.4846237089171882,0.34554846379182197,0.47284775859846334,-0.11871861809024475,-0.2140147004052217,1.6557080335896,1.4523772426253072,-0.29429738304996345,0.8061862574166584,-0.17942508891434333,-1.0348848456460813,-1.2813097080232,-0.7700228618656133,-0.0647368131630805,-0.9479482933959068,-0.9883334727336057,-0.6418381130257917,0
-0.5862019402001745,0.0010334127472937634,1.0038746524609323,-0.4281154315628296,0,1,0,0,1,0,0.17326191857018283,-0.449548232917199,-0.4001058925245282,-0.20692028109393978,-0.5369393528380891,-0.18582166031747752,-0.0859500365964017,0.8425655490412027,0.1508792837986068,0.283987335930711,-0.31884043372490767,0.3654503312931908,0.34882588145802457,-0.35785328156210694,0.7395085703543663,0.6240661066436687,0.14893758556839598,-0.05627440615762118,0.9041108648182741,-0.39825548305102343,-0.2380471643370853,-0.4156242064852384,0.420869217032375,-0.2359646091561818,0.35956717467175825,0.39825548305102343,-0.9041108648182749,0.2152602778598393,1.8168865761224657,2.720024516510143,2.7425490121606195,2.697547620760161,0.9096634120234974,2.0906904857384916,1.6738499195514247,2.206816856305226,-0.3040534310604773,-0.482931511569848,-0.33239718205494984,-0.07544647093981212,-0.1607907403235886,-0.09645999267988113,0.03983423407198747,-0.15329565102369538,-0.332546584257695,0
-0.5862019402001745,-0.6173929705677911,-2.327433510348309,2.505177183685348,1,0,0,1,0,0,1.006111760842926,-0.6042198057603031,-0.2977604411855021,-0.27520094020473185,-0.800848781690491,-0.2520061791926852,-1.0511846832149279,-1.0332621857117859,-0.17055510979648097,-1.1551389718696217,-0.9638414525117782,-0.1283177819198458,1.3007336449705151,-1.356303545169115,-0.09699036838463738,0.684873885970383,-1.7921721420259598,-1.7668019674089506,-0.5609884768922861,0.38137139103206524,0.10649536918698004,1.321021954847786,0.9213867551362531,-0.21656899016752534,-0.4718971477446461,-0.38137139103206524,0.5609884768922854,-1.2609229441355856,-0.03432821836595151,0.1908891040362222,0.5245297605771081,-0.27233314020935756,-0.8126095827270634,1.247911984700014,1.784586258014483,-0.35630847989348147,0.3065783976019474,1.6416134470186852,0.8353745184601769,1.234146937075479,1.0576735027604598,-0.667477223982284,0.36909507656128593,0.6260729825722207,0.5334696962929761,0
0.46750881644657266,-1.4419614816545723,1.0038746524609323,-0.13478617003801185,1,0,0,1,0,0,-0.596493238681898,0.21216699225367497,0.6361418022831113,-0.5292281380830175,1.1852734232263817,0.5721699578816916,0.3414104774168499,1.2235285682942554,-0.11198862272376864,0.7042540351632027,0.01789217418859271,0.14695612397234606,0.23247367471824373,0.6768540111593241,1.6719534540550844,-0.31902793999356327,0.5271841898470048,0.32692609929812577,0.6912331826893902,-0.4851260289008703,0.20156497312221464,-0.0044050910872606135,-0.1675001138518253,-0.4286549484572658,0.2959190022308859,0.4851260289008703,-0.6912331826893908,0.7166055230658329,1.6918044954137887,0.2727675886127153,0.05939174276930372,0.2738518273252659,0.41608517572303205,-0.05703537174666111,-0.3747723420151606,0.44983577907224165,0.12418187735213237,-0.07102993796594885,-0.19424561927079503,-0.24956497214693796,-0.39529675536159015,0.5923861911134952,-0.677484029922555,-0.9406170257787538,-0.19115617110656447,1
1.6754211472367457,1.8047770307496258,-0.15484123025532542,-1.161438585374874,1,0,0,1,0,0,-0.5207796166571032,-0.008792397522188045,-0.3361399854376369,-0.24742575683763,0.3143472595100311,0.18445389122760333,-0.18696687464254919,0.0644576053460931,0.1503114652509245,-0.22691645883447245,-0.5104859746739175,-0.2326937299795389,-0.1892227459496115,-0.07130757472801662,-0.5309176541326578,1.3305704017930662,-0.38487890228401594,-0.09634153890039227,0.09517567272851181,-0.41176056791003435,0.18873230199211843,-0.6203317371928898,1.1316141256197536,-0.07508983473046324,0.569598007242043,0.41176056791003435,-0.09517567272851252,-0.3417899945912644,-0.7848207026180125,-1.110069039790291,-0.354064273059855,-0.47715250303484213,-1.6317394216937933,-0.9541866793037505,-1.0945585420250417,-1.2864749325462383,-0.1375174777889068,-0.8623145398892288,-1.1169937933385516,-0.4514683405679659,-0.44848368660732285,-1.1433249167342867,-0.5363722402842841,-0.7656567202776299,-1.0129879475475077,0
-0.5091011531284612,1.907848094635473,0.27967722576327125,-0.8681093238500562,1,0,0,1,0,0,1.5234881780123575,-0.6594596532042688,0.25234635976176334,-0.46615532585355707,-0.5150139852042547,-0.14691589584353787,0.10316328592536657,-1.2298491614085871,1.9428292089489896,-0.07826933881085503,0.5070383751124211,-0.4752286037582365,-1.39169454203508,-0.5728329615212996,1.2428838456894007,1.0408463069912421,-0.8103185331234082,-0.6760347596488717,-0.22931895624632825,-0.42071938657888214,-0.7158190060192249,2.9331003226564047,-1.6099624541060271,-0.6977611592776017,-1.319191083647607,0.42071938657888214,0.22931895624632756,-0.7038726716844818,0.7161642658861095,-0.9008240236503626,-0.28946177058654887,-0.5795621844475838,-1.4742144526617298,0.10608304780917345,0.2342775195316623,-0.6663639641110671,-0.8036612908751883,2.1727496866658176,-0.8068044353892204,-1.4239386930545688,-1.5484861282804228,-0.033013633646279864,1.8507688677631275,1.739456744852101,-0.8892713360402683,0
0.8530127518051386,0.28447883843337485,-0.4445202009343899,0.5985369837740325,1,0,0,1,0,0,-0.785777293743885,2.305466474340798,0.41865771818768077,-0.4904586112997712,2.1076124518177646,2.1521017496797237,0.27125698497974227,-0.12084542504192518,-1.397930239847112,1.5613968205295679,0.7613095056754248,0.5537964471403176,-0.32126000378661396,-0.22512879348244527,-0.5839815901026412,-1.5292252337307042,0.989470252198456,0.3011935839334866,-0.04921092906325296,0.8041191033027003,-0.6021354785774845,-0.4191557987995335,0.37429358683122593,-1.1282046071843488,-0.6956827311089585,-0.8041191033027003,0.049210929063252244,-0.23037994010104354,-0.5596729573423944,-0.054746349693259644,-0.8321227913623208,-0.4430159425639276,0.9831750642384596,-0.05703537174666111,-0.04256332662598434,0.139780294854656,-0.7203933142394032,-0.6346847228976005,-0.8706669502611417,-0.5681647828663581,-0.939254006738398,-0.7626467625326843,-0.6186874509066087,-0.32030321536567735,-1.198562864808365,1
0.23620645523143258,1.7790092647781635,-0.15484123025532542,-0.13478617003801185,1,0,0,0,1,0,0.08492935954125552,-0.41524138029410446,0.06044863850108935,-0.4094476598123908,-0.020379805253232745,-0.0029198480204508676,0.25797301013412827,1.3987769161376176,-1.058699471451466,-0.7532748924750703,-0.5752559389063001,-0.14672626148271276,0.45102660078182905,-0.6793008619355644,0.953577135866063,-0.6735406331660234,-1.1086687296136917,-1.1098631008407989,0.06934332478478145,-0.26889098598050765,-1.0374671676389644,-0.9645925737808109,0.7704342637955792,-0.0817111517154433,-0.3357044063537406,0.26889098598050765,-0.06934332478478215,-0.6760201580619267,0.7912135143113154,-0.20030810005147043,-0.5091102789957901,-0.8867912286858101,0.16404522527173035,1.0032343553662626,1.0648000580046022,-0.6663639641110671,-1.0812212129944723,-1.0899443568808573,-0.8980365994919648,-0.41256952646850126,-0.4146374576327655,-1.4922798914190887,0.4514102871836102,0.3477270420022505,-0.9511296417938885,0
0.33900750466038404,0.6452275620338409,0.27967722576327125,-0.8681093238500562,1,0,0,1,0,0,0.9556360128263961,-0.5972421408200127,-0.4896581624461761,-0.10044874485338269,-1.0569937974064816,-0.381692060772484,0.146979019036462,-0.47957516633800784,0.9092884363437901,0.22124501517924738,0.6076424825840444,1.0717310041032468,-0.27182499237483837,0.35020046912022107,-0.4710849095068453,0.710335556510698,-0.02263998204725212,0.13131849789948888,0.4513710056427588,1.0140489972048288,0.1455382786224347,0.18630944539886282,-0.5292090240315617,-0.3213371606181609,-0.6617580331089873,-1.0140489972048288,-0.4513710056427595,0.35452284597261524,-0.40957446049198204,0.11810822885711679,0.47284775859846334,0.4445346296798359,-0.43454965705011084,0.2692014673650073,0.06817301183707392,0.20179139169817292,-0.08200549336504998,-0.1035484832504671,-0.7794347861583975,-0.9052878383950472,-0.9561771212256767,-0.5088613263982832,-0.6186874509066087,-0.2089648391376897,-1.0129879475475077,1
-0.25209852955608386,1.3151894772918502,-0.15484123025532542,0.3052077222492148,1,0,0,1,0,0,0.3751649106363024,-0.491995694637299,-0.38731271110714993,-0.22022922312400942,-0.6389213501410185,-0.20818129507261524,0.42292104448323453,-0.7775834546094245,0.4216807843880327,0.9993088662728634,1.0283744241855974,1.8888110112001546,-0.0969982442228909,-0.05375775868323763,-0.4048060054994829,-0.8723155526958863,0.3831132663716697,-0.06553558818320443,0.4783555005605047,2.1016857808501404,-0.6417961264615909,0.6617319244881159,-1.4530447633165047,-0.9701132514626724,-1.4009198634646198,-2.1016857808501395,-0.4783555005605054,0.04814519612450831,-0.25947596364157,0.43652455776570404,-0.10857476366129187,0.0519641842643253,0.7941451013999841,0.758556726032511,0.5664865349208381,0.2638024885416898,-0.7759052986632599,0.19995793940503753,-1.0075151964152582,-1.5017363212534962,-1.7007941586659285,-0.2233527107470814,-0.8656330827735822,0.1250502895462747,-0.76555472453303,0
1.5983203601650333,0.1298722426046032,-1.6032360836506476,0.3052077222492148,1,0,0,0,1,0,-0.7100636717190902,1.5931631783528188,-0.029103631420558513,-0.3747286806035135,1.2208646399555152,1.5148521591582984,-1.2478371686141279,-0.1970202065949985,1.089901338851856,-0.19524573237223053,0.137892844974148,-0.04323695484692947,5.015260218219298e-4,-1.4258000838008613,-0.2154006057990132,0.5371861036716428,-0.05138634410950342,0.19817878644881054,-0.11972941589683889,0.05977612737849499,0.31050531463873443,0.05463281830470408,-0.9501114139618143,0.21281056903787068,0.014215560694803708,-0.05977612737849499,0.11972941589683818,-1.3723329986258064,-0.3345252120667762,-0.43684594438356456,-0.10857476366129187,-0.11871861809024475,-0.5605696322757617,-0.38327221085833024,-0.3747723420151606,-0.35630847989348147,0.4731143508735179,0.27583454506891375,0.6802798394855113,0.04124997135858002,0.12690220596014448,1.267636726542527,0.03983423407198747,0.06938110143228039,0.5953280020465953,1
0.5703098658755232,2.088222456435707,0.5693561964423357,-0.13478617003801185,1,0,0,1,0,0,-0.10435469552073157,-0.3576756445367086,0.8280395235437853,-0.5668403655593013,0.530040110655021,0.1629886418626711,0.22298227921711206,-1.2458368349312001,1.2398674459307362,-0.6258612526476239,0.22564515381795297,0.6923995189587256,0.17209352589631907,-0.17899753034872742,-0.4859223688393305,0.09912753106640218,0.49799111541586044,0.41982263235342926,0.06048449490010199,0.8843625762614299,-0.48891451050279483,1.2231637920665015,-1.5953267254935448,1.33929764061068,0.11652533749554916,-0.8843625762614299,-0.0604844949001027,-0.007559831120602114,-0.25947596364157,0.7367456678795146,0.6795757665130432,0.8712416355662611,0.4475901695294441,0.5954383064766764,0.6218547041523672,1.0079356506638961,-0.38732140769626244,1.33810702436318,0.41570656358755365,-0.5162996974004062,0.008440404549195996,1.0138512904081252,-0.20711139779498602,0.23638866577426285,0.7190446135538346,1
0.9044132765196139,0.3102466044048362,-0.4445202009343899,0.5985369837740325,1,0,0,1,0,0,-0.5838743016777656,0.18890810911937359,0.20117363409225028,-0.4516890845165249,0.9254997326436494,0.4943584289338122,-0.3752592849890185,-1.0981311873388053,-0.21602882431181392,-0.02886993903070376,0.208075350663463,1.14616337527742,0.9108953029493337,-0.47838184437003667,-1.5503904190150406,-0.010641493194113802,-0.2813995754079755,-0.20884629016988726,0.7472536253548848,0.8221130942085961,0.043813668307870354,-0.045927569715261435,0.28462496544431176,-0.2400295769077216,-0.47440590027240176,-0.8221130942085961,-0.7472536253548856,-0.48105256270404034,-1.4602639384448675,-0.13662483426975403,-0.12149526415595328,-0.22112829950298704,-0.08799472517957138,0.6769975162545934,0.34501385799472056,-0.6663639641110671,0.22331042096616224,0.19995793940503753,0.7623887871779818,0.806259981981374,0.65151875506577694,-0.0647368131630805,-0.5363722402842841,-0.2089648391376897,0.5953280020465953,1
0.15910566815972013,2.3201323501788633,0.27967722576327125,0.5985369837740325,1,0,0,1,0,0,-0.43244705762817587,-0.1338088943690579,1.7107690413428855,-0.6692613542254894,1.1983297250362877,0.4143109365104192,0.01583377472450615,0.227401031803618,0.2488085195161323,0.49002673562671956,0.23724225592005616,-0.4165184576251539,-0.18073828092959685,-1.023613277952904,-0.7740154350563215,1.547486633889127,-1.2323340033660262,-1.2156080624776306,-0.8856385367838302,0.3102840195519798,-1.0447995756544242,-1.0875067239995415,1.2149452467032302,-1.883955808711746,-1.4952312259626728,-0.3102840195519798,0.8856385367838302,-1.038102835155144,-0.8598699510432187,-0.600602913536552,0.22735824919990022,-0.2894014204448148,-1.852274378338682,0.10608304780917345,0.6218547041523672,-0.6663639641110671,-0.8869292675109735,-0.8623145398892288,0.8080048692293539,1.3767759221068474,0.38074892326932136,-0.5723076854318833,1.2745623934068555,1.6281183686241134,0.5334696962929761,1
0.030604356373531493,0.9029052217484598,1.0038746524609323,-0.4281154315628296,1,0,0,1,0,0,0.6149247137148194,-0.5332802122006839,0.23955317834438508,-0.45747558105133773,-0.20258533364806758,-0.05658297143278142,-0.7200266561593529,-1.0535671042845525,1.4366138552061403,-1.236819002536633,-0.34283010213602183,-0.1571594407906244,0.4391016487416862,0.36719573180101556,-1.3381418993916039,1.4479064256028649,-0.8815009984816884,-0.8540728918497971,-0.27639264516917894,0.05977612737849499,1.3681122414620273,0.10553273533042237,-0.5088929447483214,0.7967813788693289,-0.3881400238794784,-0.05977612737849499,0.27639264516917894,0.35452284597261524,-1.2351161931692491,0.06352257247278678,0.8087807714596554,0.3762615087380082,-1.3796994712424915,0.758556726032511,1.009431888773073,0.2638024885416898,1.1115021717478706,-0.02767187758659086,-0.3597668312857729,-0.5551985114998699,-0.2284831982727022,-0.7309235830158842,0.03983423407198747,0.06938110143228039,-0.3944048900113141,0
-0.38059984134227254,0.7482986259196881,-1.168717627632051,-0.4281154315628296,1,0,0,1,0,0,-0.7731583567397526,2.104858607307449,0.022069094248954552,-0.4053971122380218,1.7164594037351424,1.9320829436891684,-1.5515489135708513,1.3540468188800743,-0.1320535802417911,-0.019736784208392356,-0.5109975359652618,-0.0203958267621136,0.28209110071620713,-0.9971770193712312,1.1914743080094499,0.018172962012302292,0.8115781600406062,0.19666170522097173,-0.16027754582615011,0.13114384342216265,1.1610990048312373,-0.664878946896296,0.19878374224024306,0.831410133137726,0.8563237014054574,-0.13114384342216265,0.16027754582614942,-0.9823978079100336,0.9413120111617277,-0.3367722410122935,-0.2765412700918884,0.0519641842643253,-0.655084613695,-0.5463906304141645,-0.5408768497097485,-0.35630847989348147,0.44535835866158957,-1.0140677512169813,-1.591401046672821,-1.268343436656712,-0.9223308922511192,-1.1116017372174867,-1.277209135885205,-1.378017789531564,-1.569712699330082,1
0.72451144001895,1.1863506474345409,1.4383931084795292,-0.13478617003801185,1,0,0,0,1,0,-0.7479204827314877,1.8926212987069488,0.43145089960505906,-0.49393050922065895,1.745780237179987,1.8372780923273846,0.9627370694264982,-1.59976278744219,0.4682268366570259,1.9250274078358245,2.5479336059922684,0.8113359340017386,-2.5472522824934574,0.5731561788055558,-0.10958882649029542,-0.4474647657280949,1.0152572118644014,0.7579905085478039,0.05712944868845589,1.049905154907421,-0.7660184300870453,2.085940950428823,-1.0897407076212704,-1.5938761633596759,-2.572408274581313,-1.049905154907421,-0.057129448688456604,0.2152602778598393,-0.40957446049198204,-0.973604898829468,-1.0259302987822392,-0.6307670251539549,-0.34003467563087314,-1.1173050988595852,-1.2606630497196296,-0.6043528672675491,-0.859173275299045,1.413983630027056,-0.8980365994919648,-1.2553771652902237,-1.68387104417865,-1.0481553781838862,0.4514102871836102,1.1827648637121608,-1.4459960878228426,1
1.8296227213801723,2.0366869244927823,-0.4445202009343899,-1.8947617391869185,0,1,0,1,0,0,0.526592154685892,-0.5181619381633881,0.12441454558798068,-0.4291217480307546,-0.234012125754357,-0.06686840342014477,-0.2548897235967691,-0.10993937560684691,0.7969378532548694,-1.1895997170246098,-1.1429120911391313,0.10673506334896622,1.1718626935792555,-0.8774207679962539,-0.6288177003964003,1.399086258553429,-1.4232838239126393,-0.9318932353664384,-0.7896550408158974,0.92874415142872635,-0.5222781276831596,-0.4790405249446756,0.31650601950626145,0.19576859496318963,0.5760293276687979,-0.92874415142872635,0.7896550408158968,-0.9823978079100336,-0.8598699510432187,-1.1009714303929035,-0.3153027715758717,-0.8355863879794388,-1.6317394216937933,-0.38327221085833024,-0.04256332662598434,-0.9144083514851348,-0.4150773999081907,-0.3311783002420958,0.44307621281837667,0.5469345546516133,0.600749411603942,0.4428340591057229,-1.1125787146405561,-0.8769950965056176,0.5953280020465953,1
-0.25209852955608386,0.28447883843337485,-0.4445202009343899,0.3052077222492148,1,0,0,1,0,0,1.0692064458635884,-0.6146863031707387,-0.5280377066983108,-0.006707500989413929,-1.1693301577352966,-0.467553058232213,-0.48404420153433286,0.7159614047734925,-0.009537334274866431,-1.5446057697405833,-1.5225313004651757,-1.9359766727126697,1.0712271528464137,-0.32090490647097675,0.5540361964232347,0.6266679566317678,-0.8644829347748918,-0.837363934037126,-0.5483077512256369,-2.096636327216854,0.3524308437371957,-0.4276581979014747,0.6427787162439133,1.229456265273632,1.1618423561221929,2.096636327216854,0.5483077512256362,-0.3974950218363748,0.340918023760079,-0.4277483349861756,-0.05689276168264715,-0.3918111018575571,-0.9701345517591269,0.18764225758709038,0.5111183656893089,-0.23228628620644656,0.4731143508735179,-0.2553016945782196,0.534308376921121,0.806259981981374,1.3115202200696365,-0.0647368131630805,0.2044646553166367,-0.6543183440496418,0.2860364732784985,0
-0.9460056132015023,0.18140777454752677,-0.15484123025532542,1.0385308760612593,1,0,0,1,0,0,0.3877838476404349,-0.49257716671565654,0.188380452674872,-0.44879583624911845,-0.12188509568370681,-0.031987373202129916,-1.812838948821404,-1.4345989440374973,-0.9250329186649792,-0.705887287062669,-0.5506674552317764,0.929516666327222,1.5756159058364845,-0.1448577528285993,-1.544598007207256,-0.17767319074585203,0.4085701453906603,0.6658675137979744,1.465333844976243,-0.18555039652161812,2.376056527909639,0.42168769670180695,1.0860065666388552,1.3587393470783282,1.3659846878994941,0.18555039652161812,-1.4653338449762439,-0.20252742647848845,-1.4709852596484685,-0.2561934149211408,-0.3060738426511139,-0.13091024682985655,0.2945659138982973,1.1780040906046567,0.4873891503043674,-0.30315611117046587,2.360521821284648,0.5034643620605421,0.29710475025398503,0.8321925247143505,1.396135792506029,-0.5723076854318833,-1.0302635040182315,-1.211010225189582,0.6571863078002155,0
-1.9997163698482496,-0.05050211919562982,1.4383931084795292,0.5985369837740325,1,0,0,1,0,0,1.0187306978470585,-0.6071271661520907,-0.6943490651242283,0.6101330296216397,-1.6079401820110872,-0.9384469661754135,-0.6425596746397769,0.003921657934512894,3.0502681975601726e-4,-0.5854572672346978,0.0186940331429958,-0.5959922544994999,0.008373438725041794,0.21719994464960077,0.5911301929475155,-0.2581337333789082,0.10208263595617349,0.3048169138164161,-0.16027754582615011,-0.653901033058197,1.1105184947283948,0.5867986519700701,-0.2598164896045218,0.8921383918547139,0.27329122989923893,0.653901033058197,0.16027754582614942,0.14562899380345135,0.47225420850418953,-0.17983847890734747,-0.2830015203392186,-0.22539536956185105,0.30581769740058723,-0.11820477908009916,-0.05640536893386687,-0.17027518936292965,1.055990187324014,0.5793409677244183,0.0872707728176734,-0.06248019957332482,0.2961333508329291,-0.09645999267988113,0.36909507656128593,0.06938110143228039,0.10046155601764112,1
-0.5091011531284612,0.23294330649045036,-1.6032360836506476,0.5985369837740325,1,0,0,1,0,0,0.2363566035908452,-0.45943325824927705,0.21396681550962854,-0.45226773417000615,-0.019090329507994098,-0.003814233410656377,-0.575933758435116,-0.7562208950409295,0.363585849972339,-0.4921780143661024,-0.1806464319612297,-0.32887638657878837,-0.13094634390304924,-0.963911393989293,-0.45255106271091766,-0.058544443351093003,-0.32573896513121753,-0.4885652146955861,-0.2859102762628674,-0.16498583548630744,-0.16227899656639777,0.584581190864834,-0.555865556673517,0.34190356287349816,-0.24213963176423117,0.16498583548630744,0.28591027626286675,-1.0102503215325889,-0.6347222057676005,-0.7825551014843162,-0.6899972859210471,-0.767313267037611,-0.7180946013078251,-0.5463906304141645,-0.4855086804782194,-0.9144083514851348,-0.05424950115312168,0.7310941790521709,0.4704458620491997,0.09311505682453199,0.22844089288381547,0.3476645205553221,0.4514102871836102,0.4033962301162448,0.5334696962929761,1
0.33900750466038404,-0.9266061622253344,0.27967722576327125,-0.4281154315628296,1,0,0,1,0,0,0.45087853266109723,-0.5001363037343045,0.6745213465352461,-0.5396438318456808,0.09568252257383655,0.03240837489266675,-0.6033548826484565,0.07591638193850636,1.3881362296164002,-0.919244686201701,-0.4226207468316707,-0.5606003881854403,0.09958095420149701,-0.1186672906420391,0.041660269666566475,1.3539569632396915,-0.7229814167805746,-0.42244308473569414,0.27586209560863995,-1.0381887348318013,0.720408693013523,-0.062463273083547634,-0.5370325557804551,0.5249442693798914,0.13699421877039558,1.0381887348318013,-0.27586209560863995,-0.007559831120602114,0.19081952690966666,0.47291499535525605,1.1447137843208466,0.7517636739180628,-0.7811045889206503,0.758556726032511,0.6772228733838963,0.07776919801113909,0.6951622885689447,-0.02767187758659086,0.10551720563822252,-0.1921429132382052,0.025363519036474696,0.31594134103852145,0.9453015509175579,0.45906541823023866,-0.08511336124321738,0
0.5189093411610479,1.3924927752062353,-0.15484123025532542,-0.4281154315628296,1,0,0,1,0,0,-0.48292280564470574,-0.03205128065648941,0.03486227566633282,-0.4053971122380218,0.5918732820097953,0.28864978918654516,0.45267706229053956,-0.5889423530128207,0.7687002090255027,0.7377340007284056,1.0523007419738866,-0.4653652797610375,-1.491513049064223,-8.362656805544205e-4,-0.996237090356691,0.8235179922136953,-0.46560930610155554,-0.22274785451862372,-1.0618771407249543,0.4184540817216758,-0.6302940613110858,-0.18966658503896938,-0.22328277494494422,-1.4583212580324338,-1.5855124275956516,-0.41845408172167653,1.0618771407249536,-0.48105256270404034,-1.3101654415944555,-1.8924634479656777,-1.2843403086754637,-1.3647030752786062,-1.7892643907258567,-1.2804235184154193,-1.0391903727935126,-1.7825637072943747,-0.5538573609678327,-0.1035484832504671,0.2514886682026129,0.09311505682453199,-0.4992530300691578,-0.12818317219668063,1.1099319721622063,1.5167799923961247,-0.332546584257695,1
0.7502117023761872,0.28447883843337485,1.4383931084795292,2.505177183685348,1,0,0,0,1,0,-0.4576849316364408,-0.1134573716265442,0.34189862968341117,-0.48351481545799574,0.7405166540375657,0.28641382571103136,-0.5307456376318096,-1.182615089333286,-0.748105958041239,-0.20069756206650424,-0.5110125648230123,0.057004450452573636,1.0947696548876416,-0.05208077507643134,0.017972208543249223,-0.10916592214596278,-0.18709440630687518,-0.4276534479578174,0.7976720237538321,-0.7133741297612556,0.6859762321010491,1.6411804880654974,0.9129846825050274,0.08560984779409486,0.24682100566222315,0.7133741297612556,-0.7976720237538328,-0.20252742647848845,-0.18442671521636386,-0.600602913536552,-0.5607922809744348,-0.596630464683041,-0.5920746260821743,0.9216751455883455,0.5664865349208381,-0.9764194483286528,0.5563823275093027,1.413983630027056,-0.21379536872138252,0.2746428559553643,0.2961333508329291,-0.794369942049485,-0.04248097655033679,-0.3759724034796717,-0.2706882785040748,1
0.13340540580248203,-1.4419614816545723,-1.6032360836506476,0.3052077222492148,1,0,0,1,0,0,0.5770679027024219,-0.5251396031036785,1.2374213288998899,-0.6293345281352805,0.23974557468834096,0.08249395674417527,-0.22435181756772243,-0.8667824419152188,-0.17630732702350926,2.2705039979101915,2.37361079180868,0.054658987506673785,-2.550407386635326,-0.4827601320216719,0.03214724511970217,0.2500507804724282,-0.7839600517809371,-0.077846276949985,-0.6247379431982625,0.6941558255444424,-0.1704015720702313,1.2218905081846219,0.4922949419410077,-3.8446657880705346,-3.1618120171233306,-0.6941558255444424,0.6247379431982617,-0.5367575899491508,-0.10937746679115769,-0.4095531161914002,-0.22485926811324272,-0.5112890635057554,-0.024984737566746233,-0.9541866793037505,-0.8177176958673952,-0.6663639641110671,0.6396503041450882,2.8556391376407038,3.572339441542506,3.3995142552789814,0.8376730144258402,1.6800380602609295,4.731801239544486,6.137322605857629,3.873818206988421,1
1.5469198354505571,0.5421564981479937,-0.4445202009343899,-0.13478617003801185,1,0,0,0,1,0,-0.21792512855792381,-0.32278731983525655,-0.822280879298011,2.9999560984993616,-1.8500050049967245,-2.566675569044543,-0.05098478973105426,0.486521908767684,-0.9840346993503704,-0.6454260364540358,-1.2897383390808268,-0.6231798038583075,1.2476255007875827,-1.0105725732163071,-0.6897572418023777,0.6222230634245188,-1.0091476283558591,-1.0565989174181867,-0.4215365193479638,-0.4318681387001143,-0.9388566167158904,-1.358750251283834,1.9704825711476868,-0.12872457795676095,0.6451598144181596,0.4318681387001143,0.42153651934796316,-0.8709877534198129,-0.4846237089171882,0.6639647927004092,0.9121447754169449,0.4103980692089227,-0.40304466324369825,0.6769975162545934,1.009431888773073,0.20179139169817292,-1.1089772052064004,-1.5452039908641146,-1.728249292826938,-0.6848612251647502,-0.685407289429221,-2.0315739432046915,-1.1125787146405561,-1.378017789531564,-1.569712699330082,0
-1.0231064002732158,0.28447883843337485,-0.4445202009343899,0.5985369837740325,1,0,0,1,0,0,3.1639499885495788,-0.729236302607173,-0.7839013350458762,1.8947352603501002,-2.62277913588107,-2.025125215275107,-0.5845466265686644,1.0543935852616553,0.049818420569173225,-1.853147324398553,-1.2052968328206668,-1.6716017406754247,0.25494551804795024,-0.7847381246053883,1.653788271093519,-0.19312790244493522,-1.725951509567324,-1.5893723125693873,-2.430972821867587,0.13114384342216406,0.028725225867919604,0.20954049956134901,-0.2621783666182779,0.7920585079431669,0.015232196237808165,-0.13114384342216406,2.4309728218675857,-1.17736540326792,0.003196405846651406,-2.8750052628836036,-2.4956372300499536,-2.785637404880402,-2.0964380803383804,-1.5454909501936505,-0.7485074843279834,-2.4181774499404254,-0.19302946221276363,-0.1035484832504671,-0.8341740846200435,-0.8274902101961188,-0.4992530300691578,-0.8895394805998851,-0.04248097655033679,0.013711913318286572,-0.5181215015185524,0
0.6988111776617119,0.7482986259196881,-0.4445202009343899,1.1851955068236681,1,0,0,1,0,0,0.766351957764409,-0.561772344040203,0.17558727125749374,-0.4470598872886746,-0.3073521837027635,-0.08654488200466598,0.6253392472415631,-0.5317754911337543,-0.978388728755003,0.8658562346778519,0.5118732359763637,-1.7619020640925591,-1.516156922201777,0.39257244726872487,-0.3727508621561913,-1.5957258638852727,0.7117172431426084,0.20528452719979157,-1.4375436385994584,-0.9772859963810728,-0.47729568196364086,0.3564649193479896,-0.26606043356452364,-0.46398927746726654,-0.4650398908354528,0.9772859963810728,1.4375436385994576,0.2152602778598393,-0.4846237089171882,-0.4823339913705056,-1.1809763047181743,-0.8867912286858101,0.7626401075935709,-1.5251011477491712,-1.2052948804881005,-0.35630847989348147,-0.44283339212011924,0.35171115073279,0.05990112358685037,-0.08841274230630035,-0.2623294272472596,0.15732544345452057,1.0276167615398821,0.5704037944582268,-0.5799798072721716,0
-1.485711122703495,-0.17934094905293926,-0.4445202009343899,-0.13478617003801185,1,0,0,1,0,0,2.6213356973718827,-0.7112106681780894,-0.15703544559434116,-0.3348018545133046,-1.0683580925176521,-0.28822878749600833,1.115852425919746,0.9357863464207338,-0.18142553429676836,0.7627041557756703,0.14034181631226422,-1.8956220552154937,-1.7264772912817696,0.4312133834791674,0.9281870152246904,0.14355081741188538,0.037713576014483455,-0.8106945357240407,-2.147135912362408,-0.45589913793704195,-1.1207566291611368,-0.35455875231062506,0.39226951068594923,-0.9929679724851935,-0.9739366598282986,0.45589913793704195,2.147135912362407,1.7471485271003746,2.81754322179188,4.448570302013903,3.883859889189027,3.7216444348875815,1.6447799341731264,-0.22015379130249568,1.1201682272361313,5.100668042336026,-1.1089772052064004,-0.482931511569848,-0.5239847266707137,-0.2569742700706454,-0.6177148314801074,-0.8895394805998851,0.8629863402952329,0.6817421706862145,-1.136704559054746,0
-0.6119022025574117,2.6293455418364067,-0.8790386569529866,-1.8947617391869185,1,0,0,1,0,0,-0.5586364276695006,0.153438312339564,1.1350758775608636,-0.6223907322935051,1.278142241866252,0.5990015195878569,1.6532862186537032,0.7734952351079503,-1.8068007067023462,2.0823361852447486,1.391370522414074,1.0085725644448968,-0.5708296213197663,0.7864118134314222,0.9239131304509985,-1.623924310091846,1.6552053324923652,0.9980997210497838,0.19034451885672046,1.1867913099014362,-1.513161314513929,-0.13609059280141944,0.8380697732652131,-1.1718285710756766,-0.8343997095946774,-1.1867913099014362,-0.19034451885672118,0.38237535959517033,0.41596727218528484,-0.9918001176242447,-1.5685913195580112,-0.9892009100985523,0.4790951633358572,-0.8726274695258333,-1.0391903727935126,-0.6043528672675491,-1.46980510396147,-0.4070549059059717,-0.8889133830816909,-0.37367071236903754,-0.7869459763528921,-1.206771275767887,-0.9479482933959068,-0.5429799678216537,-1.0129879475475077,1
0.18480593051695732,1.289421711320388,-0.15484123025532542,-1.6014324776621007,1,0,0,1,0,0,0.4130217216486998,-0.4954845271074442,0.39307135535292426,-0.48987996164628994,-0.017983050596868555,-0.002472655325348113,0.5833716635912741,0.29833493425638813,-1.1716627164476126,1.3536690746889815,0.9849353006460148,-0.36439705882738543,-1.250352949086085,-0.5017365618007459,0.11484569714641622,-0.8918555577038065,0.0016695209235451812,-0.17882299731109835,-0.37315522795503414,-0.12690331505054644,-1.3125217598342402,-0.2944241616416256,0.7054733590470084,-1.8270641200894444,-1.4550499807985293,0.12690331505054714,0.3731552279550334,-0.6760201580619267,-0.25947596364157,-1.06458099280335,-1.2972608091701252,-1.2281568333949502,-0.2140147004052217,-0.6279498401920818,-0.5408768497097485,-0.9144083514851348,-1.1367331974183288,0.04820472807728505,1.1181942271786838,1.3638096507403592,0.39767203775660004,0.062155904904119784,2.0153992890077768,2.12914106165006,0.8427612250610729,1
0.13340540580248203,1.1348151154916164,-0.4445202009343899,-0.13478617003801185,1,0,0,1,0,0,-0.19268725454965888,-0.32453173607032915,0.09882818275322415,-0.4192847039215727,0.24257282523674706,0.07444448823232569,-0.1441759302956033,-0.8455750812452901,1.1716562492419096,-0.12857149117006206,0.35903951926069144,-0.21564563264317999,-0.39515297135931204,-0.8100578765978291,-1.68980726954171,-0.40028561269712803,-0.5692291320878388,-0.07926859810113072,0.18286856865026183,-0.4754817429490244,-0.6089201449684154,-0.5322334916093673,-2.003941780793673,-0.3907460735417055,-0.5441593170108106,0.4754817429490244,-0.18286856865026252,-0.8152827261747027,-1.6103624352952797,-0.3367722410122935,-0.4832692780064673,-0.6649035856248688,0.41608517572303205,-0.05703537174666111,-0.1532996650890431,-0.4803306735805153,-0.6648813298155464,-0.6346847228976005,-0.5148615102604385,-1.3980061503215924,-1.430024326869473,1.0455744699249259,0.28677986593896093,0.06938110143228039,-0.9511296417938885,0
-1.7427137462758722,-0.5916252045963298,1.0038746524609323,0.5985369837740325,1,0,0,0,1,0,-0.16744938054139394,-0.3344167614024072,-0.06748317567269331,-0.36199838822692515,0.09194583993403664,0.022570135600406147,1.6607240438352584,0.35372586356655744,0.8785294614595885,1.3524041548129633,1.0165329886966763,0.3399864163538881,-0.8587453584999064,1.8018834789914027,0.6582135661509217,0.8466383000030133,0.7359759077849719,0.626285682880028,0.08301123374971872,0.38137139103206524,-0.5088564681957538,0.17388405247924335,-0.3501893627097942,-1.0972296515135127,-0.7100965982744909,-0.38137139103206524,-0.08301123374971872,2.9448066128702477,1.6918044954137887,2.6654388601258145,2.850219849616129,3.1413229068820434,0.8571550890128092,0.758556726032511,0.7879592118469556,2.6822352654388593,-0.5816133531797613,-0.02767187758659086,-0.5331079430809875,-0.62002986833231,-0.9731002357129547,-0.0012904541294803558,0.36909507656128593,0.6260729825722207,-0.20882997275045564,1
2.3950284932394013,0.1298722426046032,3.176466932553916,-0.4281154315628296,1,0,0,0,1,0,-0.4955417426488382,-0.0233291994811264,1.3525599616562942,-0.6409075212049062,1.2114200424007124,0.47736510651990754,3.3549390731481803,-0.5012330391581845,0.36481381548225494,1.7596048790326606,1.9116050575985815,1.1418940503487953,-0.8691838743888401,4.53116206469608,-0.7552468900753185,1.2645969861069066,2.205480564700473,2.7743899124053515,1.6813619367772266,-0.11014700605881247,-0.13764070349450222,-0.06863167855840126,0.772085306669619,-0.1901958965690668,0.2234715607031488,0.11014700605881318,-1.6813619367772272,3.9474971032822337,-0.7848207026180125,-0.3458698504096825,0.33072225315718967,1.2467438007463156,-0.5290646384693491,-0.8726274695258333,-1.482135726645747,0.20179139169817292,-0.10976148557697851,-0.02767187758659086,0.12376363845877164,0.5080357405521495,0.39767203775660004,-0.2550758902638815,-0.28942660841731066,-0.3759724034796717,0.038603250264021984,1
0.3647077670176212,-2.1634589288555044,0.27967722576327125,0.3052077222492148,1,0,0,1,0,0,-0.44506599463230834,-0.12217945280190722,0.3035190854312764,-0.4765710196162203,0.697580461552317,0.27433962294325703,0.3286482618897494,0.8432439744782873,1.2018672218166162,0.5287661476215539,0.5911121128724728,1.337085958233928,0.2640947884538486,0.6255858266051681,0.8577642220231032,0.6154066220802421,1.3445070543098763,1.2278713923927744,2.394254639720468,-0.550966827225982,0.16808457854749959,-0.2980894508442522,-1.02456844941132,0.6188612276282559,0.4303027318765589,0.550966827225982,-2.3942546397204683,0.577342954953057,0.7912135143113154,-1.6069330893092284e-4,0.31780175266252825,0.8712416355662611,-0.43454965705011084,0.758556726032511,-0.26403600355210183,-0.17027518936292965,0.08453045990652028,-0.34803976816740156,-0.2290007294051737,-0.7064716774422299,-0.4409623023907547,0.728342674756924,-0.39003408806681844,-0.6666892747416404,-0.3188002940902252,1
1.135715637734753,0.4648532002336079,0.5693561964423357,0.3052077222492148,1,0,0,1,0,0,-0.25578193957032125,-0.28499163474201683,-0.2210013526812325,-0.31859966421582847,0.04358823214805472,0.027042062551433693,-0.9866149999484531,0.5955297354653468,-1.039582009360316,0.3688777860323659,0.025839937721997573,0.3613041704609995,-0.04305528769529462,-0.6351569124335729,-0.29220433063352735,-0.17195498169636605,0.5684461249164147,0.17922838194578516,1.0994917511557436,-0.5976867361744845,0.7372708712223465,-1.1101071352536527,1.2483452596693898,0.0653313559443391,0.1413884464215963,0.5976867361744845,-1.0994917511557445,-0.5924626171942612,-0.25947596364157,0.05442496307539909,-0.04397226118798574,0.18851042614798086,-0.05648973137315825,0.6769975162545934,0.17890935030013266,-0.35630847989348147,0.5841383197212315,-1.0899443568808573,-0.2685346671830286,0.39133929825375646,0.39767203775660004,-1.206771275767887,0.4514102871836102,0.18071947766026855,-0.45626319576493324,1
1.2642169495209417,1.7790092647781635,-0.8790386569529866,-0.13478617003801185,1,0,0,1,0,0,-0.24316300256618875,-0.3006913808576702,-0.8350740607153893,4.903713458452802,-2.0894812396782836,-4.020946213518701,-0.5461436819407494,0.7977002417911065,-0.3306199355845203,-1.1584608195307795,-1.609284989533199,-1.5532248461117872,1.2029464696938856,-0.32808432702997486,-0.31261086907332764,-0.461823638389693,-0.0369030237601306,-0.1630068051253524,0.33643704580791395,-2.4520876039624104,0.43160809048126264,-1.4080353221322452,-0.012119690702296407,1.5284134228679451,1.9330048841736132,2.4520876039624104,-0.33643704580791395,-0.45320004908148526,-0.4846237089171882,-0.6642861793182697,-0.7804407893836761,-0.7502449868021539,-0.2140147004052217,0.2692014673650073,0.12354118106860354,-0.728375060954584,0.3898463742377325,-1.317574173872486,-0.0039613912850709025,-0.010615114107371936,0.600749411603942,0.7600658542737248,-0.12479618717266176,-1.0440026608476,0.038603250264021984,0
0.9815140635913272,1.1863506474345409,-1.168717627632051,0.3052077222492148,1,0,0,0,1,0,0.3246891626197725,-0.4850180296970086,-0.438485436776663,-0.15368451297366123,-0.6862190488955464,-0.25424214266819894,-0.6720112891181845,0.160461805567641,-1.3520924144708717,-0.6224979748185105,-0.700852492690974,-0.4184543952947867,0.7840607682121282,-1.0984379083700404,0.46442001089834595,-0.5407096698581786,-0.779779253353907,-1.0519397834670123,-0.16027754582615011,-0.41176056791003435,-0.16309815945684933,0.24500690786717977,1.304994553579997,0.0677388443161019,-0.11587188966469604,0.41176056791003435,0.16027754582614942,-1.038102835155144,0.41596727218528484,-0.027453521501095285,-0.3023822710812103,-0.5795621844475838,0.006520256239666901,0.6769975162545934,0.8433273810784847,-0.29429738304996345,-0.08200549336504998,0.35171115073279,0.3518440487156324,1.0007540524786946,0.9730579303240674,-1.175048096251087,0.2044646553166367,0.013711913318286572,0.038603250264021984,0
0.8273124894479005,0.33601437037629844,2.8867879618748513,0.5985369837740325,1,0,0,1,0,0,-0.571255364673633,0.16274186559328455,0.15000090842273722,-0.4337509452586049,0.8608681594854811,0.4603717841060029,2.857974991743581,-1.346746115812876,1.495693959576407,0.9683642617335758,1.887989378577775,0.7536069453847508,-1.3728352272509563,4.125025035858838,-0.8017410298855303,1.567068975312565,1.290895600714004,2.2115886244052767,1.7556215933338115,-0.7133741297612556,0.14759261529813927,1.0452847452560292,-0.4699105561519234,-0.028167663701920895,-0.2952928173188498,0.7133741297612556,-1.7556215933338122,3.724676994301793,-0.7848207026180125,-0.16391766246191838,0.6537347655237203,1.195538960039945,-0.49755964466293656,-0.7910682597479163,-1.4267675574142176,0.139780294854656,0.77843026520473,2.096873081001942,2.4501838230787514,1.7527977917350004,1.6330593953279282,1.9338234963953311,1.7684536571408034,1.461110804282131,2.079927340133461,1
0.004904094016293398,1.7532414988067013,-0.4445202009343899,0.3052077222492148,0,1,0,0,1,0,-0.38197130961164594,-0.21056320871225243,-0.68155588370685,0.42207189224022096,-0.6330174795586402,-0.4881239222069397,-1.343229804695632,-0.15927604545080706,0.8613370573951783,-0.926090989919586,-0.35354195939006267,0.941579047191848,0.7231285655461043,-0.5095619030132009,-0.014888038272766786,0.15880682477857463,-0.013310696901721514,0.27053418516100436,0.569588792901455,0.7192902890320441,1.3586454917621504,0.20369686102287862,-1.017891068790768,1.2378905217762646,0.7237458388688045,-0.7192902890320441,-0.5695887929014557,-0.5367575899491508,-0.10937746679115769,-0.2821865846279648,-0.1602567656399366,-0.15285517856115927,-0.08799472517957138,0.2692014673650073,0.012804842605544792,-0.35630847989348147,1.0004782029001573,-0.02767187758659086,-0.6060936743631827,-0.996051737960463,-0.5161761445564365,0.28421816152172197,-0.9479482933959068,-0.7656567202776299,-0.023255055489598248,0
1.8039224590229344,1.907848094635473,-1.168717627632051,-0.8681093238500562,1,0,0,1,0,0,-0.3188766245909836,-0.2512662541972798,0.25234635976176334,-0.46615532585355707,0.48394566135851536,0.1670133761185959,0.7733367735818573,-2.301935363420676,1.7360149291574232,0.48688947912033237,1.3904309803963173,-0.6185106624520741,-2.2540176260533613,0.491866198682897,-0.7788977895302952,0.9693785002306057,0.15016080580363023,0.8856673272217768,-0.31054414497595056,-0.5355808722489565,-0.5838766985286098,2.379195820993933,-1.3990586587770009,-0.5088593902043502,-0.9429466083398577,0.5355808722489565,0.3105441449759499,0.27096530510494976,-0.8598699510432187,-0.5824076947417753,-0.031051760693324323,0.03489590402886805,-0.5605696322757617,-1.0357458890816678,-1.0391903727935126,-0.23228628620644656,-0.6926373220274746,1.717490052682561,-0.7976812189789466,-1.3202085221226638,-1.396178097894916,0.030432725387320277,1.6038232358961542,1.4054416161681371,-0.8274130302866491,1
-0.5091011531284612,1.6759382008923163,1.0038746524609323,-0.4281154315628296,1,0,0,1,0,0,-0.07911682151246661,-0.36058300492849626,-0.041896812837936774,-0.37125678268262574,0.031184257872474037,0.0096015474424262625,2.0567342170872998,1.1096386706784769,-0.3829239473344094,1.391258771374759,1.4287583086208482,0.010461426612513425,-1.8134118771658787,2.295789440208377,0.60462972232071,-0.22685162284791055,1.2835932138292547,1.2377960781863337,0.3871222082195544,-0.3696749546284684,-0.566013237127614,-0.9173091165227955,0.29550586055926653,-0.6067117851818686,-0.6489888231329263,0.3696749546284684,-0.3871222082195551,2.5548714221544753,0.8662627627365218,0.7731361054690666,0.5245297605771081,1.0589927181562884,1.0461850518512859,-0.5463906304141645,-0.762349526635866,1.0079356506638961,-0.6648813298155464,-1.0140677512169813,-0.7246954876967501,-0.47740088330094144,-0.6684841749419423,-0.9212626601166852,1.0276167615398821,0.9044189231421907,-0.5799798072721716,1
-0.14929748012713334,1.3151894772918502,0.5693561964423357,0.3052077222492148,1,0,0,1,0,0,0.5139732176817596,-0.5152545777716003,-0.38731271110714993,-0.22022922312400942,-0.7103316794497425,-0.22606900287672543,0.15617493434825627,-0.7266730483829015,0.4707120991738858,0.6002007490977203,0.9148368805118401,0.7702777743233004,-0.44042905312222275,-0.6059279026632085,-0.4513954684953225,-0.6005988792838901,-0.11345771703538463,-0.25564450221327456,-0.946287449071263,1.9890833844256839,-0.8226010688410558,0.5451834929446902,-1.247023160664567,-0.9233352203621807,-1.4389198489306319,-1.9890833844256846,0.946287449071263,-0.7595776989295921,-0.7097714541928067,-1.06458099280335,-1.168055804223513,-1.1428154322176651,-0.43454965705011084,-0.6279498401920818,-0.26403600355210183,-0.5423417704240322,-0.8869292675109735,0.19995793940503753,-0.7703115697481222,-1.2294446225572482,-1.4469474413567518,-0.2550758902638815,-0.7010026615289333,0.29205785388825667,-0.5181215015185524,0
1.5983203601650333,0.6452275620338409,-1.6032360836506476,1.0385308760612593,1,0,0,1,0,0,-0.7100636717190902,1.5931631783528188,0.047655457083711085,-0.4059757618915031,1.2789856464114187,1.5390005646938472,-0.727447415321906,-0.8019747151526082,0.5712230594405243,0.23080918928335087,1.2230848808050083,-0.024322283437554982,-1.0794135887906817,-1.3210791612479975,-0.3740517503813498,0.6770616827170677,0.19581104384552328,0.6722784122630238,0.01898787070343759,-0.05200463268990121,-0.30847339307942917,0.72601863270088,-0.10049936279007354,-0.11764544495105672,-0.9337212256094484,0.05200463268990121,-0.0189878707034383,-1.2609229441355856,-0.40957446049198204,-0.20940570944885942,0.1627557467265941,0.2397152668543526,-0.2770246880180474,-0.6279498401920818,-0.7069813574043363,0.015758101167622184,-0.19302946221276363,0.8828473903799233,0.4978155112800227,0.36540675552078095,0.2961333508329291,-0.44541496736468245,0.6983559190505837,0.7374113588002092,0.038603250264021984,1
-0.38059984134227254,0.15564000857606544,0.27967722576327125,0.3052077222492148,1,0,0,1,0,0,-0.356733435603381,-0.23963681263012915,-0.4512786181940413,-0.1305385268344097,-0.12442507500525045,-0.0834145331389467,1.3686611052238165,0.04207146313756853,-1.3471164292318225,1.1815512512247062,1.5303999688271892,1.2702789257529195,-1.3668467885805273,0.9067760091177298,-0.8603474214588004,0.02398488666104536,0.8207361298668736,1.3874821304166243,0.8847583482611019,0.8550163918650944,-0.9971166796244898,-0.9196215635959027,1.8656557854281208,-0.7823716159764713,-0.6349886634227381,-0.8550163918650944,-0.8847583482611027,0.744458036688388,-0.8598699510432187,-0.2639913658331881,-0.21193876761858224,0.12023730520615308,0.4790951633358572,-1.0357458890816678,-1.4267675574142176,-0.17027518936292965,-1.0257092285706153,-1.0140677512169813,-0.7155722712864762,0.2616765845888761,-0.07617516788719629,-1.9998507636878915,-0.37174181903963527,0.013711913318286572,-0.76555472453303,1
0.9044132765196139,-0.3854830768246345,-0.4445202009343899,-1.161438585374874,1,0,0,1,0,0,0.24897554059497767,-0.46234061864106474,-0.7966945164632545,2.097262639068551,-1.8840388387579166,-1.976381211508907,1.5391345836480692,-0.36567050822596636,-0.2969544054776803,0.1515313699136215,-0.1047928125407168,0.4368794682914066,0.10500898730869633,1.3644284466747614,0.2519634688094506,-0.299930089373046,0.7358470858213736,-0.191431106894277,0.5061221547512287,0.09388569754642515,-0.7768832779051973,0.7543057202118648,0.10454580564710124,0.5249442693798914,-0.05065942820854901,-0.09388569754642515,-0.5061221547512293,1.1343932274041606,0.11577027848446049,-0.31857702221751816,-0.4186667755331612,-0.11871861809024475,-0.655084613695,0.18764225758709038,-0.04256332662598434,-0.4803306735805153,-0.7759052986632599,0.5793409677244183,-0.2867811000035777,-0.1921429132382052,0.025363519036474696,-0.7309235830158842,-0.12479618717266176,-0.09762646290970158,-0.332546584257695,0
0.72451144001895,1.830544796721088,1.4383931084795292,-0.4281154315628296,1,0,0,0,1,0,-0.7479204827314877,1.8926212987069488,0.5210031695267069,-0.5130259477855414,1.789891857063908,1.8520354512657753,0.6796916837174813,-0.09181749821998114,-1.1269708489081132,1.461086527082549,0.8619240787497396,0.368540566241687,-0.7820295912419936,0.37209685527120284,0.13481685859021247,-0.310429881405787,1.1305560486874981,0.6850736079546712,0.09517567272851181,0.40825130337297294,-0.5733330382357917,0.26107896719224805,1.2286548111351332,-0.852793611511788,-0.4517024765287163,-0.40825130337297294,-0.09517567272851252,0.0759977097470634,-0.18442671521636386,-0.8917264142529749,-0.8967252938356269,-0.4600842227993849,-0.5290646384693491,-0.9541866793037505,-1.0945585420250417,-0.6043528672675491,-0.7481493064513315,-0.17942508891434333,-1.1626098753899237,-0.4514683405679659,-0.7361766328910565,-1.5557262504526888,-0.4540570296619595,-0.32030321536567735,-0.9511296417938885,1
0.6217103905899984,0.28447883843337485,1.0038746524609323,0.3052077222492148,1,0,0,1,0,0,-0.15483044353726144,-0.33674264971583734,-0.5280377066983108,-0.006707500989413929,-0.49242652790901853,-0.2537949499730962,0.8687338005333489,-0.17391699555121326,-1.1376121150901957,0.19474484995408886,-0.3301229497652418,-2.5916358050746844,-0.23048705573611367,1.6619405993003649,-0.729138642335738,-0.7719507427987401,1.592618304527423,0.9865220250582531,-1.2890243254862828,-2.256243503846344,0.4525959678050718,-0.4917285511111951,0.7794178216928463,1.3161253200922407,1.392322749322205,2.256243503846344,1.2890243254862819,1.050835686536495,-0.9349191994684248,-1.0827762115981268,-1.258499307686141,-0.6819718658603261,-0.30852968182446,-1.6882195673050053,-1.482135726645747,-0.5423417704240322,0.4731143508735179,-0.4070549059059717,0.20587258615124074,0.585833368751077,1.1253659607095745,-0.2550758902638815,-0.12479618717266176,-0.9883334727336057,0.038603250264021984,1
1.2128164248064663,-1.1069805240255675,-1.168717627632051,1.0385308760612593,1,0,0,1,0,0,-0.5333985536612357,0.00574440443675031,-0.016310450003180245,-0.3839870750592141,0.6546137962476455,0.3011711846494223,-0.6363848862822103,0.9663476829368557,-1.6771476049342757,-0.1842379181862888,-1.0355793723855586,0.4090715499156516,1.1866582290337675,0.22454539836982662,-0.5200661646494901,-0.8554384571971066,0.4644067418810509,0.25236015365635084,1.0967144819825039,-0.529783266025729,1.1092717920145923,-1.8473333887249563,1.4330838094097302,0.7093913170119199,1.5926844747272453,0.529783266025729,-1.0967144819825045,-0.03541234474315745,-0.7097714541928067,-0.8553359766634215,-1.1163738022448682,-0.9038595089212672,0.006520256239666901,0.10608304780917345,-0.3747723420151606,-0.9764194483286528,1.1392581639597994,-1.6969572021918669,0.3062279666642602,1.026686595211671,1.294597105582359,-0.12818317219668063,-1.0302635040182315,-1.32234860141757,0.40975308478573785,0
0.7502117023761872,0.28447883843337485,1.1487141378004646,0.5985369837740325,1,0,0,1,0,0,0.1858808555743153,-0.45187412123062914,-0.7839013350458762,1.8947352603501002,-1.7245911442326685,-1.8118142997110933,-0.5940722632973782,0.3038947217374445,-0.023985023186108415,-0.9481875263385615,-0.48539139021280736,0.598100689958306,0.18269305809961495,-0.558461698773744,0.1252175429443519,-0.17341185334024714,-0.7216422247221266,-0.40481531341886257,0.7938248367274053,0.02843219803499119,0.268063594176084,-0.29166485700871336,-0.14147385863312198,0.5653720990894527,0.23580921714229422,-0.02843219803499119,-0.793824836727406,-0.3696425082138195,0.41596727218528484,0.8914050276351143,0.6537347655237203,0.3079883877961804,0.9516700704320475,1.0847935651441794,0.7325910426154264,0.38782468222872474,0.11228645211844858,-0.4070549059059717,-0.4509989953885172,-0.4514683405679659,-0.21156008378542468,-0.3819686083310823,0.2044646553166367,0.23638866577426285,-0.08511336124321738,0
-0.25209852955608386,-0.17934094905293926,0.5693561964423357,-0.13478617003801185,0,1,0,1,0,0,-0.40720918361991093,-0.15823072166007435,-0.15703544559434116,-0.3348018545133046,0.3053133394745985,0.13705146554671133,0.24626586680690676,-0.3010922086359254,0.4972266104037347,0.23910570143387375,0.4446428341349479,-0.2661109925230226,-1.085974659091251,-0.7852952742745364,-0.8635330257662083,0.9917271891915824,-0.6359434986389958,-0.34559373263670923,-0.11972941589683889,-0.24419747799268982,-1.127096467774032,-0.45180992305603546,0.31686474972006257,-0.9536070640575159,-0.9154624767449279,0.24419747799268912,0.11972941589683818,-0.6760201580619267,-0.7097714541928067,0.43652455776570404,0.9121447754169449,0.5810808715634928,-0.4660546508565234,-0.38327221085833024,-0.3747723420151606,-0.10826409251941274,-1.0812212129944723,-0.482931511569848,-0.21379536872138252,-0.02358138547386016,-0.39771434314548676,-0.6040308649486834,0.6983559190505837,0.6260729825722207,-0.76555472453303,0
-0.6119022025574117,0.7740663918911503,-0.8790386569529866,-0.4281154315628296,1,0,0,1,0,0,-0.5586364276695006,0.153438312339564,0.13720772700535894,-0.4297003976842359,0.8218592861512359,0.45008635211863957,0.07808099135038032,0.1863707048715845,0.17292112112798866,0.5149310577069323,0.3067813974426858,1.7236258264142614,0.5102108551491805,0.45624493335134136,1.2709214103316335,-1.755917037016225,1.0594695477890452,0.5221732349212688,0.7547787594442794,1.6022396676771504,0.34730104245981086,1.0173815277717935,-2.000916247681619,0.3549132293145178,0.11096968953671252,-1.602239667677151,-0.7547787594442801,0.27096530510494976,0.9413120111617277,-0.4823339913705056,-1.258499307686141,-0.8526546682148961,0.9831750642384596,0.18764225758709038,-0.1532996650890431,-0.17027518936292965,0.41760236644966076,1.1104772073715516,0.36096726512590627,-0.7756251247301669,-0.6007917169928287,2.028993034945732,-1.0302635040182315,-0.4316415915936655,0.7809029193074537,0
0.18480593051695732,-0.7462318004251005,-0.15484123025532542,0.3052077222492148,1,0,0,1,0,0,0.4130217216486998,-0.4954845271074442,-0.7199354279589849,1.2987261172643731,-1.4576827254211728,-1.3847452758879626,-0.42234900931367414,0.23828127028969445,-0.6539102511117529,0.1760774935932301,-0.3268419184177596,-1.3640492743897727,-0.27648132411306264,-0.3944243848833529,-0.14864906863680602,-0.4296958912148988,0.21309589646687435,-0.14346932656984887,-1.0255223183500044,-0.8432999717894734,0.19318238055081613,-0.47596189519989573,0.46211428843565316,-0.026567091089294653,0.28484062798454296,0.8432999717894734,1.0255223183500037,-0.45320004908148526,-0.25947596364157,-0.38226028799923456,-0.5349512799851129,-0.42594766232847037,-0.18250970659880966,-0.7910682597479163,-0.4301405112466897,-0.046252995675895824,0.05677446769459199,-0.5588081172337243,-0.41450612974742024,-0.127311556405765,-0.1269445113490324,-0.4136917878478824,0.12214944469431245,-0.26463402725168356,-0.45626319576493324,0
1.1871161624492292,1.1348151154916164,0.27967722576327125,-0.13478617003801185,1,0,0,1,0,0,0.6654004617313493,-0.5437467096111195,0.09882818275322415,-0.4192847039215727,-0.3151840018142867,-0.09414715782141281,-0.04515216476576269,-0.0693640489116739,2.250393541846048,0.201161764839377,0.42376800965694006,-1.2380577561445263,-0.839817005167268,-0.8217882162874715,-0.2953302963826508,1.2617439209007446,0.04554049207475908,0.10280603460330659,-0.8195116582252774,-0.8757814322965277,-0.7583359186468968,-0.20065107372145155,-1.8084324019480729,-0.2265993940393452,-0.45054908378206454,0.8757814322965277,0.8195116582252766,-0.8431352397972577,-0.40957446049198204,-0.45504116317834126,0.22735824919990022,0.2397152668543526,-1.348194477436079,-0.709509049969999,-0.4301405112466897,-0.35630847989348147,-0.7481493064513315,-0.2553016945782196,-0.21379536872138252,-1.0868156375258795,-1.0915620371239039,1.1407440084753266,0.8629863402952329,0.45906541823023866,-0.6418381130257917,0
2.3950284932394013,-1.7511746733121147,3.176466932553916,1.0385308760612593,1,0,0,1,0,0,-0.4955417426488382,-0.0233291994811264,-0.1826218084290977,-0.33017265728545425,0.4326783751609252,0.23722262924972837,2.0383781008010917,-1.020529096400902,0.5950775917160245,1.072448777767602,1.5671586123051218,1.2003890333719662,-0.9079288270274429,4.704853585869172,-0.8100148734017567,1.5988051237556575,2.475241448630728,3.1804716670540985,2.1104177302152864,-0.45589913793704195,1.8666198986130544,0.5892530936514386,0.7931539581029592,1.0055979393908023,1.0677286051958816,0.45589913793704195,-2.110417730215287,4.003202130527344,-0.8598699510432187,-0.46413877257572894,0.3824042551358344,1.4174266031008858,-0.7811045889206503,-1.1988643086375024,-1.8697129112664523,0.139780294854656,3.3042255564902137,1.8692432640103136,3.289519732823999,3.373581712546005,3.782294935212292,1.648314880744129,0.8629863402952329,0.6817421706862145,3.440810066713086,0
0.3647077670176212,1.1348151154916164,0.27967722576327125,0.5985369837740325,1,0,0,1,0,0,-0.44506599463230834,-0.12217945280190722,-0.2721740783507456,-0.28098743673954474,0.24849186332082507,0.12318849199852594,0.7634363540416438,0.957245511356124,0.5444093908632653,0.3371947428480767,0.5261734352518934,0.7108791905422553,-0.2317226462215043,0.6938256042106256,0.5417735601302669,0.680732371968905,1.3766690423386208,1.277388726565884,2.197752163909189,-1.2101494081044426,-0.368314465766792,-0.7711126462410883,-0.06015549088357137,0.909553113104439,0.563070232270681,1.2101494081044426,-2.1977521639091897,0.8280155775560533,0.7161642658861095,0.5547934799317504,0.8475422729436388,1.434494883336343,-0.11949971898598452,0.6769975162545934,-0.26403600355210183,0.5118468759157585,-0.27629743884854874,-0.6346847228976005,0.37921369794645543,0.28760912732185256,0.65151875506577694,0.1890486229713212,0.4514102871836102,-0.09762646290970158,0.16231986177126023,0
1.7782221966656961,0.6967630939767645,-0.15484123025532542,-0.4281154315628296,1,0,0,1,0,0,-0.81101516775215,4.924998187341489,-0.24658771551598904,-0.31049856906709045,2.080740265303444,4.027627912940677,0.6198443074057864,-0.41304810792559693,-0.4555853401325003,1.2512674772435144,0.8975218105229595,1.846316741356798,-0.5952671425448602,0.34458959292416974,-1.2709550503452072,0.1888600122227319,1.6035763026896361,2.0631519747024396,2.4443435061037344,0.09388569754642515,-0.5175987370566791,-0.706293378097816,0.8125865208540686,-0.10030282481996272,0.8474440326720081,-0.09388569754642515,-2.4443435061037353,0.35452284597261524,-1.1600669447440433,0.13630344765189217,0.21443774870523882,0.8712416355662611,0.6996301199807459,-0.13859458152457876,-1.0391903727935126,0.3258135853852078,-0.47058938433204756,-0.6346847228976005,0.11464042204849642,0.5210020119186368,0.4484413812184362,0.2524949820049213,-0.12479618717266176,-0.09762646290970158,0.5953280020465953,1
1.1871161624492292,0.28447883843337485,0.27967722576327125,0.3052077222492148,0,1,0,1,0,0,-0.4198281206240434,-0.15706777750335926,-0.8478672421327675,5.789047428279173,-2.3129710349404746,-4.594694441335536,-0.05660371589125453,0.9132448627580556,-0.06692633514242878,-1.3749598880213607,-1.933253427990506,-0.9238638078373002,1.1763569766932922,0.018736656011045134,0.2298018502639386,1.3844741899933914,-0.06126133525680275,-0.05253985062155561,0.18286856865026183,-1.4414068652642016,0.09743029075296389,-1.0232467855804228,1.4827535849466709,1.796736412326551,2.4620292012598477,1.4414068652642016,-0.18286856865026252,0.10385022336961848,0.340918023760079,0.3728412919839863,1.06719078135288,0.9907195972144606,-1.0646495331783645,-0.05703537174666111,-0.1532996650890431,0.07776919801113909,-0.5816133531797613,-1.4693273852002382,-2.5493387697516368,-1.657331577651353,-1.0238695791747903,-2.0950203022382925,-1.7711003996191523,-2.2687247993554687,-1.940862533851798,0
-0.6119022025574117,1.7532414988067013,2.452269505856255,0.3052077222492148,1,0,0,0,1,0,-0.2810198135785862,-0.27917691395844146,-0.68155588370685,0.42207189224022096,-0.7651144145514226,-0.5408926602290647,-0.5718893359003411,0.9935066515368164,1.6222083248388595,-0.6051005737686094,-0.40104730792843846,0.5071126827567968,0.2005798656533091,0.6317389342484686,1.6334015504583532,1.080746491594724,-0.09919513882964474,-0.3289741205289875,-0.3471945350124867,1.0359845289758263,1.426452142447685,0.27268675771680273,-1.1315671270969154,0.7190916356765611,0.20020194290633428,-1.0359845289758263,0.347194535012486,1.0229831729139398,2.2171492343902317,1.3371878881071357,1.790738809053908,1.6563825263972836,-0.49755964466293656,0.4323198869208419,0.6772228733838963,1.1939689411944467,1.1670141561717275,0.12408133374116129,-0.350643614875499,-0.8534227529290943,-0.5500223735309933,0.4428340591057229,-0.4540570296619595,0.013711913318286572,0.40975308478573785,0
1.8039224590229344,-0.6431607365392533,-1.168717627632051,1.478524768348486,1,0,0,1,0,0,-0.3188766245909836,-0.2512662541972798,-0.7583149722111197,1.8368702950019715,-1.087010773287144,-1.6128135503903676,-1.6571032116020152,-0.13412208727386604,0.3975332919858917,-1.4427274218254291,-0.9125640176037609,-0.7067037035425843,0.6169568657972961,0.7514007250639801,-0.8373013829711429,0.8720788142505668,0.14343231489209335,0.7443951492086555,-0.5566704711695901,-0.41176056791003435,3.0550331050966393,-0.6547033707391334,0.33291377777276115,2.091256698061565,1.9131348950308888,0.41176056791003435,0.5566704711695893,0.6887530094432773,-0.7848207026180125,-0.018355912103706302,0.4340862571144791,0.47867119015075044,-0.2140147004052217,-0.7910682597479163,-0.6516131881728072,0.5118468759157585,2.9711536499470723,-0.5588081172337243,0.22411901897178985,0.36540675552078095,1.2269046476332444,0.12560226393772106,-1.277209135885205,-1.545025353873546,0.40975308478573785,0
1.7782221966656961,0.8513696898055362,-0.15484123025532542,-0.4281154315628296,0,1,0,1,0,0,0.07231042253712305,-0.4140784361373894,-0.8094876978806327,2.296896769519596,-1.913965681136189,-2.093545697625829,-0.4070966265658494,-0.3817261159371692,1.6623998314029345,-0.9537721490629262,-0.9270009787333335,-0.33378515830989847,1.2139919996338706,-1.0078441438998813,-1.043863956536144,1.1475638302156095,-0.3092369326245575,-0.3858396180035439,0.39760879354609974,-0.8495867060811616,-0.4409482244489616,-0.5217889224993952,-1.1193652815190278,0.9818505922320853,0.8284493837283038,0.8495867060811616,-0.39760879354610046,-0.9266927806649233,-0.9349191994684248,0.1908891040362222,0.7700192699756713,0.59814915179895,-1.0646495331783645,1.0847935651441794,0.954063719541543,-0.10826409251941274,-0.3595654154843339,-0.4070549059059717,0.31535118307453414,-0.3347718982695729,0.05920974801103089,1.4262526241265279,-0.04248097655033679,-0.4316415915936655,0.34789477903211874,0
-0.5091011531284612,1.3151894772918502,1.0038746524609323,0.3052077222492148,1,0,0,1,0,0,-0.07911682151246661,-0.36058300492849626,-0.38731271110714993,-0.22022922312400942,-0.32952869708890953,-0.10711574597939269,2.001565259302417,0.12389163778292162,0.6811155156730578,1.7018807146419832,1.9630911493073857,1.6934674544202322,-1.3373337643490983,2.1733388912831852,0.5575450464891186,-0.36471871988159615,1.3536205859895307,1.2689521735896039,0.3871222082195544,1.9257445364369288,-0.611650604061641,0.3884912271673184,-1.2976148675716588,-0.9569040473665342,-1.3132298223724883,-1.9257445364369281,-0.3871222082195551,2.8891015856251374,1.1664597564373458,1.6556042170157228,1.1705547853101694,1.7587922078100258,1.865314890818015,-0.5463906304141645,-0.762349526635866,1.752068812786101,-0.7203933142394032,0.04820472807728505,-0.8250508682097696,-1.2942759793896883,-1.5146398993058652,-0.12818317219668063,-0.7833178721512579,0.1250502895462747,-0.5799798072721716,0
1.5983203601650333,0.9029052217484598,-1.6032360836506476,-0.4281154315628296,1,0,0,1,0,0,-0.7100636717190902,1.5931631783528188,-0.6047967952025805,0.19061203084770548,0.44498297934688336,1.0779448960429072,-0.5375831098092801,0.7227164216047528,0.7294168971521542,0.23557961918221015,0.5790315102549731,-0.31893975316161766,-0.8937325992556299,-1.2881510437963772,-0.4607191182107082,0.822067175716146,0.27671023675952056,0.9312014705103616,0.1590389773671773,-0.5927287050207662,-0.539582944726901,-1.4534892683635317,-0.17103910227916636,-0.043871733112632746,0.15636767033527307,0.5927287050207662,-0.15903897736717798,-1.2052179168904753,-0.40957446049198204,0.08171779126756346,0.49868875958778525,0.59814915179895,-0.024984737566746233,-0.6279498401920818,-0.762349526635866,0.44983577907224165,-0.5538573609678327,-1.3934507795363622,-0.23204180154193166,-0.2829068128036209,-0.2792525417345383,0.15732544345452057,0.28677986593896093,0.013711913318286572,-0.45626319576493324,1
-0.38059984134227254,-0.3854830768246345,-1.168717627632051,0.3052077222492148,1,0,0,1,0,0,-0.7731583567397526,2.104858607307449,-0.3745195296897717,-0.2358527637680042,1.3237836867511297,1.8010554840240613,-1.2197757340134727,1.052089728755988,0.5291207837983735,-0.10308784471606776,-0.7765442624626885,-1.3868655396354688,0.6555110378041515,-0.6566292850780321,0.6110529797708275,0.37528815685253,0.6432967954994061,0.08706165165081638,-0.5796783524084306,-1.316601253463695,1.040031605956244,-0.8318867093701295,-0.34619743211864185,0.7771471180659217,1.0945443308675127,1.316601253463695,0.5796783524084299,-0.6203151308168162,0.5660657690356972,0.00893691608845806,0.2015172482105774,0.4616029099152932,-0.7495995951142377,-0.38327221085833024,-0.1532996650890431,0.139780294854656,0.9449662184763004,-0.7864379342253526,-0.031331040515893936,-0.2051091846046925,0.10997909147286698,0.7917890337905242,-0.6186874509066087,-1.1553410370755877,-0.20882997275045564,1
0.544609603518286,0.5163887321765315,2.452269505856255,-0.13478617003801185,1,0,0,1,0,0,-0.6469689866984278,0.4185895800705996,-0.5024513438635544,-0.029274837475184185,0.39956654801998714,0.3445488760743895,0.5256304654824298,0.2979458320290585,0.3643571704273396,0.16203861461238045,-0.045844752462280876,1.240122973591353,0.68829527605982,1.6165254382415206,-0.5038474928719835,1.5495934898078498,0.5337443813343673,0.7849562546789693,0.9345219622652575,0.7645323233097278,0.8843112134351288,-0.9136833625730965,1.0591035570187968,0.31034807746712845,0.8259574268478455,-0.764532323309727,-0.9345219622652582,1.9978211497033713,-0.18442671521636386,1.091552434377654,1.8424208110325537,2.0318846915773383,-0.49755964466293656,0.4323198869208419,0.012804842605544792,0.5738579727592754,0.16779843654230542,-1.2416975682086098,-1.8012350241091333,-1.112748180258855,-0.939254006738398,-1.5874494299694895,-1.6887851889968277,-1.6563637301015341,-1.4459960878228426,1
-0.1749977424843705,0.28447883843337485,-0.15484123025532542,0.5985369837740325,1,0,0,1,0,0,-0.14221150653312897,-0.3390685380292675,-0.7839013350458762,1.8947352603501002,-1.4697615442653722,-1.725058916861159,-0.9085958632932752,-0.23028962001592365,0.5296435598441708,-1.233758685586568,-1.0733590260802655,0.5850058369019627,1.0957650727836068,-0.997177019371231,-0.46850279462815575,0.5043233649835575,-0.7717984642341887,-0.7569209606715976,0.27586209560863995,0.5242815205937548,0.26705713720765506,-0.15325608424646747,-0.2172441444226984,0.9014262431879011,0.6564333073133902,-0.5242815205937548,-0.27586209560863995,-0.9266927806649233,-0.40957446049198204,0.10901061945972781,0.3565632541465125,0.017827623793410803,-0.5290646384693491,0.758556726032511,0.6772228733838963,-0.4183195767369984,0.0012624832707351544,-0.4070549059059717,-0.8432973010303187,-0.8145239388296306,-0.44848368660732285,-0.44541496736468245,-0.7833178721512579,-0.6543183440496418,-0.332546584257695,0
-0.7404035143436003,0.7740663918911503,0.27967722576327125,-0.4281154315628296,1,0,0,1,0,0,-0.6974447347149578,1.3024271391740516,0.13720772700535894,-0.4297003976842359,1.278142241866252,1.3337391176416828,-0.14478401988931539,-0.9483019211233541,1.4156085400229952,0.07666134556108468,0.39773759209071496,1.4085323679705612,0.34637090053669056,0.29134748498027646,-0.5509465961206158,0.35706179527137566,0.5055149859096589,0.7521348657116703,0.8222348332302418,1.1055876586338,0.4924366782395082,0.7496479418853927,-1.5763716280387787,0.3976954745981375,0.21723495589407038,-1.1055876586338,-0.8222348332302425,0.2152602778598393,-0.5596729573423944,-0.17301527185930607,0.03355074177998182,0.2397152668543526,-0.11949971898598452,0.10608304780917345,-0.26403600355210183,0.015758101167622184,0.7506742729928018,1.1104772073715516,0.9813459810245673,-0.08841274230630035,0.0761328624983096,2.251055291563333,-0.7010026615289333,-0.26463402725168356,1.1520527538291696,1
1.135715637734753,-1.7511746733121147,-0.15484123025532542,1.0385308760612593,1,0,0,1,0,0,0.11016723354952047,-0.4239634614694675,-0.1826218084290977,-0.33017265728545425,-0.239851303971939,-0.07089313767606957,-1.663189544213209,-0.3357912979724105,-2.0013590310199505,-0.7052357607884447,-1.3899055233735291,0.40965427362891893,1.5916653801290064,-0.6414039750321975,-0.36981835141134267,-1.7494007859058152,-0.19932769378439938,-0.5571580584592745,1.0614552385657117,-0.49401881205127574,1.6718222533313594,0.09040818855706623,0.977945763061983,0.7550780857226196,1.262988850281049,0.49401881205127574,-1.0614552385657123,-0.5089050763265954,-0.18442671521636386,0.5820863081239148,-0.4832692780064673,-0.5283573437412127,1.6762849279795395,1.7372672433675176,1.2309045656991897,0.07776919801113909,3.02666563437093,1.1863538130354276,3.253026867182901,3.477311883477909,3.731525591750457,1.9338234963953311,0.6160407084282594,0.4033962301162448,3.5026683724667045,0
1.7782221966656961,1.1348151154916164,-0.15484123025532542,0.5985369837740325,1,0,0,1,0,0,-0.81101516775215,4.924998187341489,-0.2721740783507456,-0.28098743673954474,2.052724243301574,4.004821085490436,0.7668149719675443,-0.47691477025691414,0.23366895927768996,0.37625168194673553,1.0839189291486198,0.9600076846239172,-0.8221491169243177,0.5892614452507728,-1.517300750611897,0.3195923510399393,1.4344335860233022,1.9585848356381923,2.394254639720468,-1.0652566185876786,-0.47749179182821744,-0.8654180943664102,0.0017261961372262425,0.9140680408358524,0.5030291905258627,1.0652566185876786,-2.3942546397204683,0.605195468575612,-1.3852146900196616,0.1908891040362222,0.33072225315718967,0.9224464762726329,0.6366201323679207,-0.22015379130249568,-1.0945585420250417,0.44983577907224165,-0.3040534310604773,-0.6346847228976005,0.7988816528190786,0.6765972683164937,1.0407503882731821,0.3476645205553221,0.6160407084282594,0.1250502895462747,0.5953280020465953,0
-0.6376024649146498,1.7532414988067013,1.4383931084795292,0.3052077222492148,1,0,0,0,1,0,-0.7353015457273552,1.8431961720465584,-0.68155588370685,0.42207189224022096,0.35708231377937705,1.0913606768959898,1.3274590401209874,-0.5019613218631743,1.355599439152345,1.038237601482552,1.28341083981411,0.6870067068511849,-1.2726069735832457,3.3019062804475463,-0.4263293051040012,0.5025758959553207,2.0654066300295444,1.8803600462693488,0.49320743187182114,0.44783808336594555,1.4533617410240671,0.2618703283982226,-1.348109538970828,0.6454298408169391,0.16730865475308285,-0.4478380833659462,-0.4932074318718218,3.056216667360468,-0.40957446049198204,-0.03655113089848297,0.22735824919990022,1.0760609983917457,-0.2770246880180474,-1.1988643086375024,-1.482135726645747,0.20179139169817292,1.4723300705029398,0.35171115073279,0.3062279666642602,-0.46443461193445323,-0.194636969298146,1.2041903675089267,0.28677986593896093,0.5704037944582268,0.8427612250610729,1
1.3156174742354179,0.8513696898055362,0.27967722576327125,-0.4281154315628296,1,0,0,1,0,0,-0.36935237260751347,-0.2239370665144757,-0.8094876978806327,2.296896769519596,-1.4757188442668285,-1.947313686327228,-0.27080049204269,0.6751603306812398,-0.30779769830776116,-1.3944255991361376,-1.2386803765951266,-1.366691557708478,0.8653556890272124,-0.6070034261817885,0.2927550182222404,-1.4271289603792754,-0.698875959728506,-0.6839120014776023,-1.0827475017179835,-0.7901484909597473,-0.22995599513739243,-0.6334031918195302,-1.013357208518268,1.1907855852162292,0.9426381983674289,0.7901484909597473,1.0827475017179828,-0.6481676444393714,0.11577027848446049,-0.4186507255887879,-1.051771299771562,-1.2281568333949502,0.7311351137871589,-0.38327221085833024,0.12354118106860354,-0.17027518936292965,-0.19302946221276363,-0.5588081172337243,0.14201007127932075,-0.41256952646850126,0.05920974801103089,1.1407440084753266,-0.4540570296619595,-0.8213259083916238,0.2860364732784985,0
1.5983203601650333,-0.3854830768246345,-1.6032360836506476,-1.161438585374874,1,0,0,1,0,0,-0.7100636717190902,1.5931631783528188,-0.7966945164632545,2.097262639068551,-0.4675829320831562,-0.3955550343206694,-0.6695249126308226,-0.7561808988458286,0.20518602519763635,-0.6529550676773705,-0.1379665983236115,-0.33390693814375927,-0.19910915852141411,-1.2558298301163227,-0.3260397028834898,0.7983767732821024,-0.07791446658615822,0.49091783322375776,-0.1984048918790851,-0.25863368266248993,-0.3238196802040804,0.7112625978768767,0.5217954917683153,0.8048415199490405,0.6586490496078203,0.2586336826624906,0.1984048918790844,-1.0938078624002545,-0.03432821836595151,0.9550882934168308,1.2739187892674588,1.178470679804488,0.4475901695294441,-0.22015379130249568,-0.1532996650890431,1.3179911348814817,-0.27629743884854874,0.7310941790521709,0.16937972051014377,0.4172718409867329,0.7361343275021692,-0.3502454288142823,-0.12479618717266176,-0.26463402725168356,0.34789477903211874,0
-1.100207187344929,0.7225308599482267,1.0038746524609323,1.478524768348486,1,0,0,1,0,0,-0.00340319948767178,-0.3884936646896579,-0.7711081536284979,1.886055515547881,-1.4883057890779408,-1.7563624055183518,0.6497371202395268,-1.275284407119262,1.5463120574402127,-0.31219134009438887,0.5658963524658356,0.1047082947767271,-0.3821442884198421,1.2957375377118894,-1.9233644853133929,1.8360036526204453,0.9214396242653672,1.7340809425795476,0.7781220325379118,-0.6289223324429117,0.39121039842376787,-0.17641644790846553,-0.2688537769150502,1.3354341178729285,0.957299555434417,0.6289223324429117,-0.7781220325379125,1.6914434998552643,-1.685411683720486,1.1825285283515359,2.100830820925778,2.492728257934677,-0.08799472517957138,-0.7910682597479163,-1.149926711256571,1.1939689411944467,0.19555442875423396,-0.3311783002420958,-0.5331079430809875,-0.5811310542328463,-0.0592520533999176,-0.1916295312302808,-0.7833178721512579,-1.0996718489615938,-0.2706882785040748,0
-0.7404035143436003,0.28447883843337485,0.27967722576327125,0.5985369837740325,1,0,0,1,0,0,-0.6974447347149578,1.3024271391740516,-0.7839013350458762,1.8947352603501002,-0.4103053301724193,-0.46263393858608265,-0.01087785329653162,0.044907633929592,0.38097762975322697,-0.3839638190665995,-0.32415094353889023,1.0828207941712011,0.49874174940283916,0.1530829288065384,-0.16412899660038963,0.22316928690608548,0.4040520095053322,0.513503062185922,0.8164553486475558,0.6670879417885637,0.16808457854749925,-0.2260579626692905,-0.29654557172217344,0.9193614043830217,0.9227478971690596,-0.6670879417885637,-0.8164553486475564,0.24311279148239442,-0.03432821836595151,0.4001341201761507,0.459927258103802,0.615217432034406,0.25856020669096863,0.2692014673650073,-0.09793149585751397,0.44983577907224165,-0.026493508941193386,-0.4070549059059717,-0.642586540004281,-0.6848612251647502,-0.3130987707090945,-0.0012904541294803558,-1.1125787146405561,-0.9883334727336057,-0.08511336124321738,0
-1.7427137462758722,1.1348151154916164,1.0038746524609323,0.5985369837740325,1,0,0,1,0,0,-0.16744938054139394,-0.3344167614024072,-0.2721740783507456,-0.28098743673954474,-0.10454527609202235,-0.0400368417139795,1.8517514505640997,0.6712004927646846,0.8095836416302972,-0.019802856236142488,0.764283054546527,-0.285768205783895,-0.8177189374936487,2.020076240615298,-0.24481268237587403,1.0215137739417546,1.0485642323103077,1.6868119166939772,0.3871222082195544,-0.7736968421314995,-0.556469090847175,-1.166491711556572,-0.08020513092249597,1.0664907247436013,0.6532381229414728,0.7736968421314995,-0.3871222082195551,3.111921694605578,0.491016520610491,2.4470962345884972,2.7726968466481625,3.243732588294786,1.518759958947476,-0.5463906304141645,-0.762349526635866,2.8682685559694088,-0.3040534310604773,-0.8623145398892288,1.2550424733328,1.0137203238451828,1.446905135967865,0.7917890337905242,0.36909507656128593,0.013711913318286572,1.2139110595827887,1
0.8530127518051386,-0.3854830768246345,-0.4445202009343899,-1.161438585374874,1,0,0,1,0,0,-0.785777293743885,2.305466474340798,-0.7966945164632545,2.097262639068551,0.13559032629477505,0.15225601718020498,0.19765342810371656,-0.8364562907101188,-0.8626444320161901,0.14496150053902312,-0.010167778103082592,-0.1702795603028461,-0.18911492354257015,0.026437866683045354,-0.6919161572902579,-0.8354591528209314,1.021923860694796,0.919552854622656,0.5516412599819246,-0.7793520964162078,-0.2484254983143184,0.4549160923383096,0.339707960114182,0.8174885719835054,0.9109829956091665,0.7793520964162078,-0.5516412599819253,0.18740776423728422,-0.4846237089171882,0.6730624020977969,0.09815324425328795,0.512807750621665,1.487254965141063,-0.22015379130249568,-0.4855086804782194,0.9459245538203791,-0.10976148557697851,0.6552175733882943,0.6072941082033162,0.7025298110494701,1.0238272737859035,0.37938770007212164,0.03983423407198747,-0.32030321536567735,0.6571863078002155,1
0.544609603518286,0.7225308599482267,-0.15484123025532542,1.478524768348486,0,1,0,1,0,0,-0.7983962307480176,3.011955049545202,-0.7711081536284979,1.886055515547881,0.5464568506828977,0.8588204754425572,-1.272940955449355,-0.6712271126905094,1.2402721381131636,-0.9329987714351116,0.039539477556796376,0.02913019147205895,0.17486871188217137,-1.051121276747347,-0.8263389430418787,1.3159600281719592,0.3579580257648644,1.1878978173803345,0.8518955842960956,-0.8051695616290189,0.7197873906291975,0.09347206426359518,-0.3730806445517648,1.6153661990065444,1.1083477558143748,0.8051695616290189,-0.8518955842960962,-1.038102835155144,-0.8598699510432187,-0.4004555067940112,0.3048812521678669,0.4445346296798359,-0.6235796198885869,-0.5463906304141645,-0.9284540343304539,0.139780294854656,0.4731143508735179,-0.1035484832504671,-0.5513543759015367,-0.6459624110652865,-0.025405824425361403,-0.15990635171348128,-0.9479482933959068,-1.32234860141757,-0.332546584257695,0
0.2876069799459088,-1.7511746733121147,0.5693561964423357,1.0385308760612593,1,0,0,1,0,0,-0.7605394197356201,1.9013433798823118,-0.1826218084290977,-0.33017265728545425,1.422778168498944,1.7174304500398463,-1.4822878521679017,-0.2179477700044838,-0.5384940829381802,-0.33715823779468207,-0.7086071203597647,-1.265917529067414,0.5501162794231231,0.1685917993232396,-0.6061394195777778,0.24684390881148582,0.8610628379009613,0.9322723589889733,-0.7279513648365102,-1.004587223962434,2.2296122807537757,-0.30807701012901606,0.9841937738547863,1.3092941981008845,1.83140646764661,1.004587223962434,0.7279513648365102,0.0759977097470634,-0.6347222057676005,-0.2730889752305771,-0.10857476366129187,0.2397152668543526,-0.18250970659880966,-1.0357458890816678,-0.8730858650989243,0.2638024885416898,3.776077424092996,0.6552175733882943,3.2621500835931747,3.490278154844398,4.086910995983305,2.092439393979332,-0.20711139779498602,-0.6543183440496418,3.750101595481183,1
0.2876069799459088,0.8513696898055362,0.27967722576327125,-0.4281154315628296,1,0,0,1,0,0,-0.8236341047562825,5.814650467228517,-0.8094876978806327,2.296896769519596,0.9012659350619028,2.6967824523148787,-0.025821815525497713,-0.2466820821135261,1.6864980260339453,0.5428133051376345,1.384110159971103,1.3809565607037895,-0.6952603140570265,0.41432807054251003,-0.9046628312990083,1.6908242196452812,1.8769643081212273,2.889879653680307,2.3942546397204665,-0.4911325578708816,0.44989758926822415,-0.5676924655433605,-0.6063840213293279,1.1278599224009291,1.0219940162912384,0.4911325578708816,-2.394254639720467,-0.17467491285593337,-1.2351161931692491,-1.8378777915813482,-0.8967252938356269,-0.20406001926752979,-1.5687294340809674,-1.5251011477491712,-2.2019219266556282,-1.1004416420156866,0.5563823275093027,-0.4070549059059717,0.48869229486974886,0.08014878545804377,0.5330569536548284,1.1407440084753266,-0.4540570296619595,-0.7099875321636356,0.8427612250610729,1
0.2876069799459088,0.7225308599482267,0.5693561964423357,1.478524768348486,1,0,0,1,0,0,-0.7605394197356201,1.9013433798823118,-0.7711081536284979,1.886055515547881,0.09017389496787814,0.004682427796295961,-0.2964290632647039,-0.4476647110215394,0.4110758845461436,-0.6756230648864772,-0.08339304950691163,-1.5052174712887514,0.11215371240566674,0.36807392567188174,-0.7284349813836493,0.3807592796895906,0.9700381434329318,1.2445643038658554,-1.046543814281098,-1.0149876916124754,0.7799669580016183,-0.11529630851790208,-0.1793281494951388,1.8745963911093515,1.323489856552776,1.0149876916124754,1.0465438142810974,0.29881781872750485,-0.7097714541928067,-0.12752722487236504,0.08523274375862654,0.47867119015075044,0.006520256239666901,-1.3619827281933365,-1.149926711256571,0.5738579727592754,0.5563823275093027,-0.2553016945782196,-0.4601222117987924,-0.47740088330094144,0.24536400737109418,-0.2550758902638815,-1.1125787146405561,-1.545025353873546,-0.20882997275045564,1
0.2876069799459088,0.28447883843337485,0.5693561964423357,0.3052077222492148,1,0,0,1,0,0,-0.7605394197356201,1.9013433798823118,-0.8478672421327675,5.789047428279173,-1.1907743066096708,-3.011632300671784,0.30011082805031414,-0.14872864116195889,-0.8463574246140873,-0.29425641470755104,-0.8987482511752205,-0.8854577485733137,0.378867432715198,0.6002952923959084,-1.019116556765397,0.31838796479690534,1.0348626820934281,1.3117829340567773,-0.37315522795503414,-0.8375679493470506,0.18249657118678056,-0.8167938669553381,1.4769481519916385,1.4236735533180729,2.44911746086595,0.8375679493470506,0.3731552279550334,0.577342954953057,-0.9349191994684248,0.07262018187017576,0.22735824919990022,0.6493539925053206,0.2270552128845555,-1.1988643086375024,-1.2052948804881005,0.7598912632898273,-0.1375174777889068,-1.0140677512169813,-1.0987473605180025,-0.2829068128036209,0.27921023634565156,-0.8895394805998851,-1.6064699783745033,-1.9903788587854983,-0.20882997275045564,0
0.2876069799459088,0.28447883843337485,2.452269505856255,0.5985369837740325,0,1,0,1,0,0,0.48873534367349464,-0.5088583849096675,0.43145089960505906,-0.48930131199280863,-0.036867351439483914,-0.013205280007814225,0.7900762443479187,0.8840192850764607,0.6946821567257604,1.0718298787211278,1.009452776920997,1.1178435440421,-0.5030605349275801,0.3518390767675132,0.9300357430247326,1.1323252728653344,-0.06889602990501392,0.23044053639922552,0.6912331826893887,0.8390486150612049,-0.7470667904413191,-0.2816548210855913,0.18822391796251667,-1.5162891413531987,-1.0873577167382484,-0.8390486150612049,-0.6912331826893894,0.32667033235006016,0.8662627627365218,0.018034525485845748,0.6020527635450756,0.5469443110925782,-0.7495995951142377,0.4323198869208419,0.12354118106860354,0.07776919801113909,-0.859173275299045,-0.5588081172337243,-0.998391980004983,-0.7626588533636787,-1.2438700675094103,-0.794369942049485,-0.4540570296619595,-0.09762646290970158,-1.4459960878228426,1
0.05630461873076867,1.109047349520155,-0.8790386569529866,-1.161438585374874,1,0,0,1,0,0,0.26159447759911014,-0.4635035627977798,0.7384872536221374,-0.5598965697175259,0.22726336411999598,0.0762332590127367,0.02176833350002258,0.9887915526505078,-0.17138918246213347,0.12653527412877774,-0.45251133672203403,0.03354807455802459,0.5516984470526283,-0.7019599380296765,0.72856382809104,0.13642739933025294,-0.7532362251214392,-0.753566913138269,-0.38662849897585155,0.42920901042807535,-0.7316594967693678,-0.6272881879807154,0.37139113331600704,-0.9178371389816486,-0.14742452086302307,-0.42920901042807535,0.3866284989758509,-0.6760201580619267,0.641115017460903,-0.07294156848803632,0.007709740790658993,-0.2894014204448148,-0.34003467563087314,0.2692014673650073,0.5111183656893089,-0.29429738304996345,-0.38732140769626244,-0.1035484832504671,1.9392837041033824,1.8824605053998806,1.294597105582359,1.648314880744129,0.5337254978059351,0.848749735028197,1.8324941171189824,0
0.6988111776617119,-1.4419614816545723,-0.4445202009343899,-0.13478617003801185,1,0,0,1,0,0,0.6401625877230843,-0.5454911258461922,0.6105554394483548,-0.5292281380830175,-0.022649863697184136,-0.010522123837197696,0.17679202172782932,-0.16341375863331015,-1.139555583141925,0.5990480011676292,-0.3344516938203149,-0.7672861046059348,0.24688805470135283,0.20732689625413575,-0.19775988745815432,-1.7941534705875832,0.4220818413027175,-0.12858681366069805,-0.7703150826731027,-0.2824976128309396,-0.038675017928698305,0.026178998184710728,-0.2451405529464015,-0.39074607354170776,0.30926358591364617,0.2824976128309396,0.7703150826731019,0.32667033235006016,-0.03432821836595151,0.5093054329448095,-0.5607922809744348,-0.3747428216220998,1.6762849279795395,-0.46483142063624716,-0.1532996650890431,0.6358690696027934,0.08453045990652028,0.19995793940503753,0.5388699851262579,0.3200248057380726,0.13959454182560382,1.243844341904927,-0.3100054110728917,-0.4733934826791611,0.7035800371154296,0
0.4932090788038099,1.1605828814630785,0.27967722576327125,-0.13478617003801185,1,0,0,1,0,0,-0.06649788450833415,-0.36930508610385926,-0.029103631420558513,-0.37588597991047606,0.030509447810865654,0.006471198576706979,0.9061964112892874,-0.7139220206660544,1.9372451130982233,0.2538917966033332,0.46629539787261276,-0.23493422955550822,-0.45552288219887904,0.727984619215776,-1.3624801876202999,0.9215278472262669,0.21766609491303532,0.05510030553084082,0.5335460107420674,-0.8495867060811603,-0.5326945152250026,-0.3850223638696859,-1.7222323530451182,-0.12715746374871864,-0.5524121305548282,0.8495867060811603,-0.5335460107420681,0.744458036688388,-1.2351161931692491,0.20908432283099887,0.6666552660183818,0.7346953936826055,-0.844114576533476,0.8401159358104279,0.6218547041523672,0.139780294854656,-0.38732140769626244,-0.17942508891434333,0.6529101902546883,-0.41256952646850126,-0.4315605721200442,1.648314880744129,1.6861384465184783,1.2941032399401495,0.22417816752487937,1
-1.6142124344896835,-0.17934094905293926,0.27967722576327125,-0.13478617003801185,1,0,0,1,0,0,1.864199477123934,-0.6867888408870729,-0.23379453409861076,-0.2885098822348015,-0.9817030113383898,-0.305222109909913,0.17435306511405507,-0.29708453052643874,0.5858350946746996,-0.1596174841841208,-0.38641604012422753,-1.5319777111901078,-0.8434110278118871,-0.8430404829156537,-0.8827467229501544,1.1974155161345639,-1.1644005463180753,-1.4029394903465713,-1.8132101364739617,-0.29111514316954507,-1.0847982985515967,-0.476558447085925,0.4024309153909251,-0.9389667261667326,-0.8673375750484241,0.29111514316954507,1.8132101364739601,-0.6203151308168162,-0.5596729573423944,1.2189189659410893,1.7519773075699248,1.0760609983917457,-0.8756195703398886,-0.22015379130249568,0.8433273810784847,1.3800022317249987,-0.9701972441467586,-0.3311783002420958,0.4339529964081015,0.585833368751077,0.1438253204474232,-0.2233527107470814,1.1922471827845313,1.127095675598167,-0.20882997275045564,0
0.5703098658755232,0.6452275620338409,-0.8790386569529866,-1.8947617391869185,1,0,0,0,1,0,0.40040278464456736,-0.49141422255894146,1.3781463244910508,-0.6466940177397191,0.37038129452519264,0.12184691391321768,-0.6743036436209268,-0.7147137701632745,0.5441946321165289,-0.02222508170757834,0.3558754645657532,-0.5252960860455246,-0.8395178249793425,-1.5505960598162027,-0.3670884504997749,0.13064955466905073,-1.9637091770401232,-1.6799152030996347,-1.2854881513645413,0.558490287683652,-0.6117016820267079,0.6132259281557618,-0.6126420900840104,-1.917155753833479,-2.10276576014323,-0.558490287683652,1.2854881513645404,-1.4558905394934718,-0.3345252120667762,0.03622974428062242,0.09815324425328795,-0.6990401460957827,-0.24551969421163483,0.02452383803125581,0.7879592118469556,-0.35630847989348147,-0.574674355126779,0.5793409677244183,0.025689062048321252,-0.2958730841701091,-1.002715686065692,-0.14404476195508095,1.3362988013735992,1.8925470121655847,-0.30161743138088487,1
0.930113538876852,-0.5916252045963298,1.4383931084795292,2.505177183685348,1,0,0,1,0,0,0.3499270366280375,-0.4821106693052209,-0.2977604411855021,-0.27520094020473185,-0.5110015556324653,-0.15809571322110672,0.08513283270398075,-0.6018868726767745,-0.20473253759082505,0.2278060737204262,0.35101244308302143,0.7269171946210676,0.058624410256037984,0.672723212413996,0.789513444570217,0.7021298044369305,0.19665895287190624,0.06480669185556305,0.6912331826893902,0.3058716999428703,0.5537978311504251,1.6170258587869992,0.9854489777861775,-0.11274765749426531,-0.39306224618312857,-0.3058716999428703,-0.6912331826893908,0.49378541408539117,0.5660657690356972,-0.38226028799923456,0.020630241285320403,0.10316902497069583,-0.9701345517591269,0.10608304780917345,-0.2086678343205727,-0.790386157798101,1.0837461795359422,2.476256109321323,1.8298051071800903,2.180684746829105,1.988444799560775,-0.1916295312302808,0.6983559190505837,0.9600881112561845,1.646919199858125,0
-0.2006980048416086,-0.9266061622253344,1.4383931084795292,-0.13478617003801185,1,0,0,1,0,0,1.0439685718553235,-0.6158492473274538,1.3141804174041594,-0.6380142729374998,0.07549526969955071,0.019439786734686864,1.438587765108929,0.9901498473778817,-1.5399274731579533,0.7564877124000456,-0.1875517485120323,-0.19731074610996682,0.18499336871816482,1.1327220760290804,1.26858332744047,-1.322967920446079,0.8631985139524779,-0.2111433962203893,0.4479444031135213,-0.7133741297612541,-0.8685887545818545,-0.08817281040621788,0.7756772701742052,-0.16603322464465148,0.037686027911753635,0.7133741297612541,-0.44794440311352196,2.0813786905710367,2.4422969796658496,2.629048422536261,1.2997597902567817,1.6563825263972836,2.4324047793334436,2.063504082479186,1.9506907657090713,2.3721797812212735,-1.0257092285706153,-0.5588081172337243,-1.4910456661598026,-0.944186652494511,-0.939254006738398,-1.4922798914190887,-0.20711139779498602,-0.5429799678216537,-1.6934293108373202,1
1.1871161624492292,0.6194597960623787,0.27967722576327125,0.5985369837740325,1,0,0,0,1,0,0.766351957764409,-0.5699129531372086,0.5465895323614635,-0.5159191960529479,-0.1058988279550456,-0.039589649018876745,0.4986957642316077,-1.0685364543714257,1.3094344711443884,1.0859297614078016,1.1157184142326169,-0.5041475593539037,-1.0239795172447632,-0.4709753087842091,-0.2060242967172353,1.518917577674767,0.18742003095340443,0.16028907432851322,-1.0383979846077995,0.3422733367180179,-1.1640415789693537,1.2602091997489935,-0.26367510665845684,-1.2811785548595414,-1.2939974985433385,-0.3422733367180179,1.0383979846077986,-0.5367575899491508,-0.3345252120667762,-0.46413877257572894,0.3436427536518511,0.4103980692089227,-1.6317394216937933,-0.709509049969999,-0.319404172783631,-0.10826409251941274,-1.0257092285706153,1.4898602356909325,0.6529101902546883,0.4043055696202447,-0.1607907403235886,0.3476645205553221,1.1099319721622063,1.461110804282131,0.5953280020465953,1
0.2876069799459088,0.49062096620506923,2.452269505856255,1.0385308760612593,0,1,0,1,0,0,0.48873534367349464,-0.5088583849096675,-0.6047967952025805,0.18771878258029903,-1.1028736410421658,-0.5364207332780372,-0.38408745196244265,-0.09388500781548233,0.6160183990316206,-0.7866605851362567,-0.41109486428269454,-0.14093266799046353,0.4637333696503989,0.49487811662478115,0.8018618189771805,1.3388847028667037,-0.15223217207090373,0.13529683715087218,0.74955583532744,-0.9356157016516281,1.02855933483953,0.9321476870633382,0.5033322166177752,0.9117768834796138,0.6665344854203599,0.9356157016516281,-0.7495558353274407,0.438080386840281,0.7161642658861095,-0.054746349693259644,0.6408142650290589,0.5469443110925782,-1.0016395455655394,0.5138790966987595,0.17890935030013266,-0.046252995675895824,1.4723300705029398,1.4898602356909325,1.4010139358971918,1.4934723644052397,1.8530598836625478,0.37938770007212164,0.7806711296729086,0.3477270420022505,1.708777505611744,0
1.110015375377516,1.8047770307496258,-1.168717627632051,-0.13478617003801185,1,0,0,0,1,0,0.7411140837561441,-0.5652611765103484,-0.016310450003180245,-0.38340842540573283,-0.4317146043596289,-0.1384192346365855,0.1894724944429664,0.2517347015441236,-0.7694184096070772,-0.36446540481313916,-0.018214710686616925,-0.7592166547204842,-0.5922886634611675,-0.7519135101993142,-0.7672598076543982,0.47345005039881316,-1.0077052935550226,-0.3217048690907673,-0.27639264516917894,-0.761358105510312,-1.014769235659367,-1.1141378101522426,1.5275923829041855,-0.506854070736394,-0.2904021739194357,0.761358105510312,0.27639264516917894,-0.45320004908148526,-0.3345252120667762,1.6556042170157228,1.70029530559128,1.1101975588626602,1.2037100208833493,0.758556726032511,1.009431888773073,1.5660355222555504,-0.8869292675109735,-0.9381911455531051,0.5525548097416701,1.3119445652744073,0.9899810448113461,-0.9529858396334858,1.3568776040291806,1.0157572993701793,0.038603250264021984,1
0.4932090788038099,0.8513696898055362,0.27967722576327125,-1.6014324776621007,1,0,0,1,0,0,-0.06649788450833415,-0.36930508610385926,0.27793272259651985,-0.4632620775861506,0.23737245198315665,0.07399729553722294,1.5489250244157764,-0.9078516963251244,0.5543400407627551,1.1741303034127824,0.91807057042834606,0.1824766947122788,-0.8997652353227023,0.8901008877901876,-1.4095967597455152,0.8242911530735989,0.10347164325893037,0.021268051345302335,0.5335460107420674,-0.280287989667195,-1.2644396321247655,-0.1660481455714082,0.07053170827923151,-1.483573581101621,-1.1727725923004793,0.280287989667195,-0.5335460107420681,0.8280155775560533,-1.3101654415944555,0.00893691608845806,0.4340862571144791,0.4616029099152932,-0.8126095827270634,0.8401159358104279,0.6218547041523672,-0.10826409251941274,-1.0812212129944723,0.19995793940503753,1.1638103092300558,1.026686595211671,0.27921023634565156,0.6966194952401235,2.591605763364049,2.6301637546760053,1.0283361423219313,1
0.5703098658755232,-0.17934094905293926,-0.8790386569529866,-0.13478617003801185,1,0,0,1,0,0,0.40040278464456736,-0.49141422255894146,-0.23379453409861076,-0.2885098822348015,-0.4675829320831562,-0.15496536435538744,-0.3867835555947305,0.17947777290223757,-0.3375492360717424,-0.7353795953417873,-0.8150917658460339,-1.239257335059834,-0.02547085410905084,-1.5505960598162027,-0.3670884504997749,-0.06818167113228073,-1.7497555782070777,-1.778246729374422,-1.2890243254862828,-0.41176056791003435,-1.0115053634421103,-0.614080027085361,0.39292510960377436,-0.7415772886395144,-0.6764526080866567,0.41176056791003435,1.2890243254862819,-1.4558905394934718,-0.3345252120667762,0.03622974428062242,-0.0052107597040024186,-0.6990401460957827,-0.34003467563087314,0.10608304780917345,0.8986955503100138,-0.29429738304996345,-0.9424412519348303,-0.5588081172337243,0.06902433999712428,0.2616765845888761,-0.0592520533999176,-0.4136917878478824,0.9453015509175579,0.793080546914203,-0.5181215015185524,0
-0.2006980048416086,-0.5916252045963298,1.4383931084795292,2.505177183685348,1,0,0,1,0,0,1.0439685718553235,-0.6158492473274538,-0.2977604411855021,-0.27520094020473185,-0.814237931213578,-0.2609500330947403,-0.005940825815977657,-0.18912395615890304,-1.8861515241180937,0.3589557766787729,-0.2235520530929467,0.22002181019569506,0.6471797705529646,0.753829413552818,1.0825625460448056,-1.4634534448770815,0.5419251449064258,-0.45823137757230564,0.26157180591549306,0.04065977486679812,0.7614783308337825,1.3440659588624522,1.107802742730253,0.05243760067192909,-0.15674513500025442,-0.04065977486679812,-0.2615718059154938,1.5521809317424884,2.142099985965025,2.4834866721780506,1.093031782342202,1.2979486414526862,2.4639097731398567,2.145063292257104,2.172163442635189,2.3101686843777554,1.333550109443298,2.1727496866658176,1.8571747564109133,2.284414917761011,2.174599058920838,-0.1916295312302808,0.6983559190505837,0.793080546914203,1.708777505611744,0
1.1871161624492292,0.9029052217484598,0.27967722576327125,-0.4281154315628296,1,0,0,1,0,0,0.766351957764409,-0.5699129531372086,-0.6175899766199587,0.19061203084770548,-1.2618607603116427,-0.5856119297393402,0.40021400673779234,0.6368664608946395,1.0722046664834417,0.6233215865272536,0.5361510879308689,-0.4020462686464083,-0.45731323172353355,-0.26924686395470177,-0.3639303298373712,1.3942999676662295,0.3038256406007951,0.3085667726793802,-0.7497849732599842,0.1952844489803987,-0.8255356126825361,-1.2386966196178295,-0.06460269642352877,-0.5407989456797506,-0.3957672769546564,-0.1952844489803987,0.7497849732599834,-0.3696425082138195,-0.4846237089171882,-0.50962681956267,0.24027874969456073,0.3591932285025509,-1.5057194464681423,-0.5463906304141645,-0.26403600355210183,-0.10826409251941274,-0.7203933142394032,-1.0899443568808573,0.39746013076700454,0.30057539868834077,0.05920974801103089,0.3476645205553221,0.36909507656128593,0.514734606344233,0.22417816752487937,0
-0.5862019402001745,0.9029052217484598,2.452269505856255,-0.4281154315628296,1,0,0,1,0,0,-0.2810198135785862,-0.27917691395844146,-0.6175899766199587,0.19061203084770548,-0.5640886503468032,-0.3620155821879628,1.2870653129599436,1.8563139518158616,0.901406296928233,0.6370592968557705,0.3242463517063425,0.09717421457665235,-0.6470327235661237,0.9662940523464709,1.5013524686051753,1.2631814691995993,0.2591783698660815,0.04329804063679022,0.09840925777350726,0.03493293508481349,-0.8241860167053139,-1.0438272107732696,0.0371229505985155,-0.6036291754434853,-0.379264028094154,-0.03493293508481349,-0.09840925777350797,1.4964759044973779,2.2171492343902317,1.619213779426171,2.1654333233990846,2.2025674939319084,-0.4660546508565234,0.5138790966987595,0.5111183656893089,1.5040244254120325,-0.8036612908751883,-1.0140677512169813,-0.1864257194905595,-0.1402778277722523,-0.36386811417093057,-0.09645999267988113,0.4514102871836102,0.514734606344233,-0.2706882785040748,1
0.544609603518286,0.49062096620506923,-0.15484123025532542,1.0385308760612593,1,0,0,1,0,0,-0.48292280564470574,-0.03205128065648941,-0.6047967952025805,0.18771878258029903,-0.23279196385273812,-0.16972272329377835,-0.09776725695306257,-0.7711573101998608,0.07950819695181668,0.15958342744636245,0.7887797280879418,-1.57138979874753,-1.2551203256961732,0.8118297989819013,-0.8154891082357558,1.0039526406518196,1.061217576499664,1.8353625926996062,-0.9813771768947055,-1.1698703314820218,0.9471185203561225,0.2414985227799512,0.9001852142580149,0.836698268026002,0.7664220696658911,1.1698703314820218,0.9813771768947048,0.24311279148239442,-1.0850176963188372,-1.446680587493655,-0.806281790372998,-0.3918111018575571,-1.033144539371952,-2.259134035750426,-2.312658265118687,-0.9144083514851348,1.3890620938671545,0.7310941790521709,1.419260368717741,1.7527977917350004,2.073060371997167,0.12560226393772106,0.7806711296729086,0.23638866577426285,1.5850608941045057,1
-0.5862019402001745,-0.17934094905293926,2.452269505856255,-0.13478617003801185,1,0,0,1,0,0,-0.2810198135785862,-0.27917691395844146,-0.23379453409861076,-0.2885098822348015,0.05955083131110808,0.008259969357117997,1.303575232392223,1.8235474025483396,0.2450311837746781,0.6139170103600688,0.31130916765720557,-0.6054351635020879,-1.0764837447664033,1.033433134230161,1.3255449601726184,1.2414162930674941,0.4085701453906603,0.2286868486830808,0.18032674558006626,-1.004587223962434,-0.780058882029386,-1.1749741961400963,0.9125378159886971,-0.424231112066763,-0.18144896716563297,1.004587223962434,-0.18032674558006695,1.5521809317424884,1.9920014891146134,1.5646281230418408,2.100830820925778,2.2196357741673656,-0.40304466324369825,0.35076067714292497,0.2896456887631914,1.5040244254120325,-0.6648813298155464,-1.0140677512169813,0.4704458620491997,0.8970238815467907,0.65151875506577694,-0.3819686083310823,1.439192814651505,0.9600881112561845,-0.1469716669968365,1
1.572620097807795,0.3617821363477598,-0.4445202009343899,0.3052077222492148,1,0,0,1,0,0,-0.1295925695289965,-0.3431388425777702,0.5082099881093286,-0.5124472981320601,0.4149194373195937,0.13213234590058104,-0.4738575688515195,-0.5110250598938346,-0.5825555631948547,-0.06675502785323517,-0.49804973044635986,0.011308454048340945,0.520033406110156,-0.9286142800344119,-0.375958395718987,0.6354792182153405,-1.0117438309973692,-1.1055818827858348,-0.5047088517425482,0.5159874767715705,-0.26894996262184323,0.3247710645510058,1.4349682995385014,-0.9130461279338709,-0.4318964824410246,-0.5159874767715705,0.5047088517425475,-0.7595776989295921,-0.10937746679115769,0.8732098088403377,1.1059522828368633,0.5810808715634928,-0.34003467563087314,0.6769975162545934,1.0648000580046022,0.44983577907224165,-0.05424950115312168,0.6552175733882943,0.9630995482040194,1.6490676208030963,1.0915197317350172,-0.4136917878478824,0.2044646553166367,0.514734606344233,0.7809029193074537,1
2.0609250825953116,-0.978141694168258,1.0038746524609323,-2.041426369949327,0,1,0,1,0,0,0.9556360128263961,-0.6007309732901579,0.7768667978742723,-0.5645257669453762,-0.07962703466554301,-0.025726675470691355,0.4946784027015122,-1.3795901522918317,1.9282181008012966,0.6276719213369636,0.9525605142696518,2.6288331738381334,0.5031299026769819,-0.1982008242038368,-0.4607191182107082,1.6620093268798986,-0.5384588611969394,-0.40456715448749425,0.4316262532639202,3.1573332473294125,-0.8859022889793385,1.4319924809274085,-0.9657796495382809,-1.3818708611891093,-1.6333564048706024,-3.1573332473294133,-0.4316262532639209,-0.17467491285593337,-0.40957446049198204,0.08171779126756346,0.9379857764062678,0.6493539925053206,-1.411204465048904,0.8401159358104279,0.6772228733838963,-0.046252995675895824,-0.9146852597229018,1.0346006017076752,-0.5878472415426337,-0.9571529238609991,-1.3623318689203594,-0.2233527107470814,-1.3595243465075295,0.1250502895462747,0.16231986177126023,0
0.33900750466038404,1.0059762856343069,0.27967722576327125,-1.161438585374874,1,0,0,1,0,0,0.6654004617313493,-0.5611908719618456,0.2651395411791416,-0.4597901796652629,-0.2099592533358258,-0.07625945001730262,1.2233715532914065,-0.28957299386958485,0.7543459478452232,0.7909052339803638,1.127157449230793,0.6068971037950627,-0.8793348056418592,0.4861209060115422,-0.5007882269578002,0.7309124100992072,0.27456679328395645,0.3030852230074051,0.271474372857786,0.5584902876836534,-1.2154016435184458,-0.10423063050872236,-0.2967196982176735,-0.7962062139429156,-1.169456158108959,-0.5584902876836534,-0.2714743728577867,0.605195468575612,-0.3345252120667762,0.5093054329448095,0.8346217724489774,0.9224464762726329,-0.2770246880180474,0.18764225758709038,0.06817301183707392,0.6358690696027934,-1.1644891896302574,-0.17942508891434333,-0.25028823436248077,-0.3607044410025493,-0.6346379459673855,-0.4771381468814831,0.36909507656128593,0.7374113588002092,-0.332546584257695,0
0.33900750466038404,1.1348151154916164,0.5693561964423357,0.5985369837740325,1,0,0,1,0,0,0.2363566035908452,-0.4565258978574894,-0.34893316685501513,-0.20286973351957077,-0.5074907358040941,-0.19431832152442985,0.22362063108606497,0.9312257450661374,0.17496121877319545,-1.0990357962756718,-1.0989542095742406,-1.5834085585165285,0.13627183071796656,0.03785599209672309,-0.11763543183657381,0.3491820452220364,-0.5669715961849935,-0.8992588176741966,-1.3475953222069719,-0.8230517886162441,-0.2731246697954027,-1.395981152961972,0.11171643316159842,0.9225271274768714,0.550743085857244,0.8230517886162441,1.3475953222069719,0.2152602778598393,0.11577027848446049,0.7367456678795146,0.821701271954316,0.529876030857121,-0.30852968182446,-0.5463906304141645,0.06817301183707392,0.6978801664463103,0.1400424443303771,-1.0140677512169813,1.8936676220520103,1.675000163536073,2.039214143022611,1.0138512904081252,0.7806711296729086,0.4033962301162448,1.8943524228726025,0
0.3647077670176212,0.10410447663314094,0.5693561964423357,-0.8681093238500562,1,0,0,1,0,0,0.45087853266109723,-0.5036251362044497,2.056184939612099,-0.6900927417508158,0.5182002742630599,0.14599531944876643,0.5312985031635679,-0.11101582383861137,-0.4193829566061914,0.20258282345811945,0.04703915622563202,-0.28844873486492245,-0.053421881206889545,-0.21231617051612728,-0.7187871300483656,0.16637704055522662,-0.44805452298843595,-0.534122457483665,-0.7279513648365089,0.328563629361145,-0.9509273178231001,-0.5676924655433605,0.7405034315102561,-0.7179595201812796,-0.5826198281132593,-0.328563629361145,0.7279513648365081,-0.3139374809687093,-0.7848207026180125,-0.4823339913705056,-0.3282232720705331,-0.47715250303484213,-0.655084613695,-0.22015379130249568,0.12354118106860354,-0.10826409251941274,-0.8314172830871166,-0.4070549059059717,0.48869229486974886,0.8192262533478623,0.4484413812184362,-0.3819686083310823,0.2044646553166367,0.4033962301162448,0.2860364732784985,1
0.23620645523143258,0.9802085196628456,0.5693561964423357,-0.13478617003801185,1,0,0,1,0,0,0.4256406586528323,-0.4937401108723716,1.1350758775608636,-0.6218120826400237,0.28142654201115275,0.1008288572433882,-0.21307954056138118,0.3846314885441065,-0.3151165368327786,0.4937213377482475,0.4289469475145317,0.14302653069876817,-0.5967846766779717,-0.141337005702719,0.3732125678080851,-0.3728457061588046,0.2253375212891459,-0.050997050629604274,-0.0632699944762795,0.2578215393996755,0.15507001730671557,-0.1540426313918055,0.05610088473011101,-0.44354484624788093,-0.6074407340288291,-0.2578215393996755,0.06326999447627879,0.18740776423728422,0.8662627627365218,1.409968763286241,0.9638267773955896,1.0248561576853752,1.140700033270523,0.4323198869208419,0.5111183656893089,1.5040244254120325,0.6951622885689447,0.5034643620605421,2.103501599488323,1.8176291485674405,1.480751364942421,1.0772976494417266,1.3568776040291806,1.6837875567381073,1.8943524228726025,1
1.572620097807795,0.6452275620338409,-0.4445202009343899,1.0385308760612593,1,0,0,1,0,0,-0.1295925695289965,-0.3431388425777702,0.022069094248954552,-0.38572302401965797,0.12611854910548043,0.03419714567307777,-0.5124668986728848,-0.80180010066269225,0.24543380534428222,-0.6925164234649553,-0.33146207379040643,-1.0888231828236667,0.05083721777863396,-0.8757374471937942,-0.4607191182107082,0.3032793764679463,-1.1086687296136941,-1.3167993861933436,-1.0618771407249559,-0.4318681387001143,-0.16242884130430976,0.6389575023002791,-0.03074970878806419,-0.16379192353855693,-0.8546813768111481,0.4318681387001143,1.0618771407249543,-0.8152827261747027,-0.40957446049198204,0.08171779126756346,0.22735824919990022,-0.23819657973844427,-0.655084613695,0.18764225758709038,0.8433273810784847,-0.046252995675895824,0.08453045990652028,1.0346006017076752,1.0817013615375868,0.8970238815467907,0.7699805564767266,-0.033013633646279864,1.2745623934068555,1.127095675598167,0.5334696962929761,1
1.3156174742354179,-0.978141694168258,0.27967722576327125,-2.041426369949327,1,0,0,1,0,0,-0.4198281206240434,-0.14543833593620858,0.7768667978742723,-0.5645257669453762,0.8810096550646648,0.3244252047947655,0.12588523404196175,-0.647399773476487,-0.5860850293681666,0.904568400966478,1.0142196662566254,1.8021415932358829,-0.15544841719353092,-0.60789842447621,0.36226943737363854,-1.3393442463683534,-0.3794383885485186,-0.46495132112523174,-0.5972369986170187,3.050238576817022,-0.782451425409695,1.2514900760934526,-0.5447139326224862,-1.5982581627155652,-1.7724697081674947,-3.050238576817023,0.5972369986170181,-0.5367575899491508,0.41596727218528484,0.22727954162577424,-0.5220307794904515,-0.6307670251539549,1.2037100208833493,0.02452383803125581,0.34501385799472056,0.5118468759157585,-0.8406692804910928,0.8322629866040054,-0.6851615499188952,-0.8361343911071103,-1.3341266781082284,-0.5934564717764167,-1.1674555217221056,0.3848398340782469,0.16231986177126023,1
1.135715637734753,0.3617821363477598,0.5693561964423357,0.5985369837740325,1,0,0,1,0,0,-0.33149556159511606,-0.20649290416374969,0.44424408102243734,-0.4985597064485092,0.604908899216409,0.22649000456726226,0.08301640466853956,-0.3095888112981072,-0.27878091265902644,1.0287592579552467,0.8000449659465584,1.0135924919263921,-0.4871734000790717,-0.1761428161039743,-1.2739496641884178,0.021508501375927778,1.1571272164990556,0.8311014533666542,0.8686312511301267,0.5209213695068188,-0.29143615795855676,-0.8512944479878576,0.4027168164315902,-0.24239984719101135,-0.22868883026440853,-0.5209213695068188,-0.8686312511301275,0.27096530510494976,-0.8598699510432187,1.9467277177321458,1.6615338041072958,2.1684309334609937,1.2667200084961745,0.5138790966987595,0.12354118106860354,2.1241353938472036,-0.4150773999081907,-0.9381911455531051,-0.6334633235940058,-0.3477381696360611,-0.4146374576327655,-0.826093121566285,-0.4540570296619595,-0.26463402725168356,-0.3944048900113141,1
-0.48340089077122306,1.3409572432633117,-1.6032360836506476,1.0385308760612593,1,0,0,0,1,0,0.22373766658671274,-0.45361853746570174,-0.4001058925245282,-0.15831371020151155,-0.5690568034191699,-0.22651619557182817,-2.6109797746556165,0.0016838419384314842,-0.37297557559628036,-1.38914829997349,-1.6302472525837168,-1.9242458658776016,0.24814809968244697,-1.1329208811312814,-0.5300796942834902,0.3546790072918657,-0.10732705371354875,-0.05546352785231415,-0.4633576356367666,-2.164889396170255,2.4986297393267214,-0.5333333271072752,0.8662883038111194,1.7702260636404739,2.0652519314429822,2.164889396170255,0.4633576356367659,-1.0938078624002545,-0.5596729573423944,-0.24579614703841146,-0.031051760693324323,-0.06751377738387422,-0.4660546508565234,-0.709509049969999,-0.5962450189412776,-0.29429738304996345,2.9989096421590014,-0.17942508891434333,1.2276728241019772,1.5583037212376798,2.343830203793623,0.664896315723324,0.6160407084282594,-0.32030321536567735,1.2139110595827887,1
0.23620645523143258,0.0010334127472937634,0.5693561964423357,-0.4281154315628296,1,0,0,0,1,0,0.4256406586528323,-0.4937401108723716,-0.3361399854376369,-0.20692028109393978,-0.5982186519200084,-0.21980830514528685,0.36925367391724784,-0.3137848624712004,-0.4928996847476767,0.23410498146247344,0.005828614076949811,0.15232900239066138,-0.421383970623127,-0.04419441451767601,0.3385060677548204,-0.4290139863494592,0.28462668799593865,-0.08062680425737999,-0.09305301462755473,0.30004743805884815,-0.5576147604721535,0.7697875188922084,0.24269269895717094,-0.034029775155941154,-0.08629386538526049,-0.3000474380588474,0.09305301462755473,0.27096530510494976,0.7912135143113154,1.3098950599149712,0.8475422729436388,0.9395147565080901,1.0461850518512859,0.2692014673650073,0.34501385799472056,1.3179911348814817,-0.5538573609678327,0.6552175733882943,-0.14080963743918734,0.002351157259115363,-0.008482709938082702,-0.3819686083310823,0.12214944469431245,0.29205785388825667,-0.023255055489598248,1
1.572620097807795,0.7998341578626126,-0.4445202009343899,-0.4281154315628296,1,0,0,1,0,0,-0.1295925695289965,-0.3431388425777702,-0.0035172685858019803,-0.38340842540573283,0.10675606036225538,0.03240837489266675,-1.202855614945748,-0.7686209671783724,0.7736306926846547,-1.2282973147767662,-1.1957727241042655,-0.5085056830709462,1.0662783023610511,-0.8634662230735503,-0.7607245340133733,0.41560666923481243,-1.1637396947366,-1.0118357225140528,-0.7279513648365089,0.02843219803499119,0.8098347371513851,0.29287926062621356,-0.6399344520549409,0.5054060686063124,0.5667024602669175,-0.02843219803499119,0.7279513648365081,-0.8152827261747027,-0.7097714541928067,-1.6069330893092284e-4,0.21443774870523882,-0.27233314020935756,-0.4660546508565234,0.18764225758709038,0.6218547041523672,-0.17027518936292965,1.4723300705029398,1.0346006017076752,2.094378383078048,1.3508433793738719,1.5145975939169787,2.473117548180934,0.2044646553166367,0.23638866577426285,2.265502257394317,0
0.6217103905899984,1.3151894772918502,1.0038746524609323,0.3052077222492148,1,0,0,1,0,0,-0.25578193957032125,-0.28441016266365926,-0.438485436776663,-0.14211151990403548,-0.22993609318052685,-0.10890451675980371,1.593357075913179,-0.9006265352086894,0.83950548417265,1.3798848457540862,1.076237812770047,-0.16514439713762916,-0.886762494721593,1.6360771878425873,-0.8130049257615807,-0.06624380491546619,1.581933068484236,1.0210376361857783,-0.3925077445122049,0.1640471410786609,-0.5808527518862354,0.42168769670180695,-1.2142007558760617,-0.295517652528439,-0.4023173435015471,-0.1640471410786609,0.39250774451220416,1.4686233908748227,-0.7848207026180125,-0.11842961547497735,-0.1344157646506147,0.4957394703862077,-0.2140147004052217,-0.8726274695258333,-0.8177176958673952,0.44983577907224165,-0.49834537654397587,0.5034643620605421,0.29710475025398503,-0.39960325510201306,-0.48232991558187904,1.1407440084753266,0.28677986593896093,0.4033962301162448,0.40975308478573785,0
0.5960101282327613,0.23294330649045036,0.5693561964423357,0.5985369837740325,1,0,0,1,0,0,-0.14221150653312897,-0.3373241217941949,0.41865771818768077,-0.4887226623393273,0.38224246510903326,0.11826937235239564,-0.16817623212459015,-1.0520093249498224,0.1872741638297928,0.008366029991600538,0.2758968615420946,0.3803160477173223,0.49370796353968716,-0.16855407762690144,-1.2038657190306177,-0.010967296258551414,0.4269525639883175,0.4862118340805883,0.2507965989744553,0.26996871572628706,0.06543589627996688,0.2379095641047276,-0.2670311307347769,0.4120568871325612,0.11601179020523557,-0.26996871572628706,-0.25079659897445594,0.0759977097470634,-0.9349191994684248,1.0551619967881019,0.8863037744276221,1.0419244379208312,0.9201650766256344,1.0032343553662626,0.954063719541543,1.3800022317249987,0.3620903820258042,0.6552175733882943,1.2185496076917033,0.8710913388138142,1.0069041592986248,0.9186817518577256,0.03983423407198747,0.18071947766026855,1.3376276710900281,1
1.3156174742354179,0.7998341578626126,0.27967722576327125,-0.4281154315628296,1,0,0,1,0,0,-0.4198281206240434,-0.14543833593620858,-0.0035172685858019803,-0.38340842540573283,0.4548820705125279,0.18445389122760333,-1.155439172707403,-0.24377189282082803,-0.6112160584587969,-0.4520300127942163,-0.6323350741372864,-0.4976975362526787,0.2253415991626139,-0.6307353647733184,-0.026714594264017896,-1.3287405753336812,0.018261387570564846,-0.06633436513290698,-0.01835909107355938,-0.6605917564372907,0.976442951404317,0.30782247909807403,-0.49970330718542716,0.6287710640587628,0.757303968983118,0.6605917564372907,0.01835909107355796,-0.48105256270404034,0.19081952690966666,0.6821600114951846,-0.173177266134598,-0.15285517856115927,1.7077899217859516,0.10608304780917345,0.12354118106860354,0.8219023601333442,1.8054019770460803,1.1863538130354276,2.4593070394890253,1.739831520368513,1.9545985705862188,2.726902984315336,0.8629863402952329,0.5704037944582268,2.636652091916034,1
1.135715637734753,1.3151894772918502,0.5693561964423357,0.3052077222492148,1,0,0,1,0,0,-0.33149556159511606,-0.20649290416374969,-0.438485436776663,-0.14211151990403548,-0.13793399903380654,-0.04898069561603459,0.4077027273465662,-0.982516073934586,0.725237733286182,0.7877189319137816,0.6100515324917343,0.37205628305883365,-0.447338378451733,-0.10013704569760562,-1.0520678077252323,-0.38031192836553324,1.0348626820934281,0.4664631218435792,0.4513710056427588,0.05977612737849499,-0.6669763231424262,0.2945957113966303,-1.373601087874903,-0.03800533673876087,-0.3376864213012179,-0.05977612737849499,-0.4513710056427595,0.4102278732177254,-0.5596729573423944,2.1559727338720744,1.5710903006446677,2.014816411341881,1.5817699465603012,0.2692014673650073,0.06817301183707392,2.2481575875342377,-0.5261013687559044,0.5034643620605421,0.6346637574341392,-0.23104172733766892,-0.2284831982727022,1.4579758036433286,0.03983423407198747,0.06938110143228039,0.5953280020465953,0
1.1614159000919912,-0.978141694168258,-0.15484123025532542,-0.4281154315628296,1,0,0,1,0,0,0.059691485532990585,-0.4105896036672442,1.2502145103172682,-0.6328064260561682,0.5438025037096285,0.17327407385003446,-0.2782016193771401,-0.9062449981129419,-1.221372530294723,0.5567475913303428,0.3059855189074802,0.9140423026042747,0.39599044301199604,-0.42440343324949575,-0.608684681173583,-1.733393187218418,-0.0851578778151498,-0.4016053615274102,1.2358039974376995,0.020989325180847843,-0.037212785987565486,0.6340827490670182,-0.0722358202179515,-0.8365711714454283,-0.7898856299062202,-0.020989325180847843,-1.2358039974377002,-0.3974950218363748,-0.5596729573423944,0.03622974428062242,-0.8708842928463041,-0.8526546682148961,1.2667200084961745,1.4925896140337656,0.8986955503100138,-0.4183195767369984,-0.27629743884854874,0.19995793940503753,-0.9527758979536108,-0.840456481562607,-1.0746389226366257,-0.7626467625326843,-0.04248097655033679,-0.04195727479570725,-1.198562864808365,0
0.15910566815972013,-0.4885541407104817,-0.4445202009343899,0.3052077222492148,1,0,0,0,1,0,-0.10435469552073157,-0.3361611776374798,1.1350758775608636,-0.6223907322935051,0.6400079986478726,0.22246527031133748,0.55831130263461,-2.1537897718338406,0.6919939897696978,2.3540266957852727,2.7079761038983468,0.3951214509167321,-3.5353504850637836,-0.8472474401850312,-1.6082465510388122,-0.2607994211273172,-0.7862764297643823,-0.1696260565833726,0.41113096936191074,0.13114384342216406,-1.6229051165382526,1.3450379642232269,-1.2080572327837213,-3.959796445221495,-3.686108390031058,-0.13114384342216406,-0.4111309693619114,-0.7595776989295921,-1.4602639384448675,0.28186519801010423,0.09815324425328795,-0.22112829950298704,0.8571550890128092,0.5138790966987595,0.34501385799472056,0.07776919801113909,-1.5808290728091832,0.5793409677244183,-1.3541974200056863,-1.657331577651353,-2.716181027902636,-0.857816301083085,1.439192814651505,1.6837875567381073,-2.9305954259097073,0
2.4207287555966395,0.18140777454752677,3.176466932553916,-0.13478617003801185,1,0,0,1,0,0,-0.5207796166571032,-0.0029776767386127034,0.3035190854312764,-0.4771496692697016,0.8391833690621878,0.36646131813442445,3.9604423717894304,-0.07012189809713076,1.628315964750558,2.0798516732405727,3.048280857411753,1.928944488274436,-1.824907123416627,5.003398852660601,-0.5179512206079013,2.063956280209606,2.459823904648731,3.4675785072996077,2.1104177302152864,0.5377636082882545,-0.5077543455019339,-0.4226276567523982,-0.1518854582959414,-0.37062615287454864,-0.5774989041462102,-0.5377636082882545,-2.110417730215287,4.671662457468669,-0.4846237089171882,-1.6069330893092284e-4,1.06719078135288,2.1684309334609937,-0.6865896075014126,-1.1988643086375024,-1.8697129112664523,0.8839134569768611,-0.38732140769626244,-0.2553016945782196,0.5160619441005718,0.35244048415429274,0.17767154942198057,0.1890486229713212,0.28677986593896093,0.6260729825722207,0.5334696962929761,1
-2.1025174192772003,-2.4469043545415854,0.27967722576327125,-0.4281154315628296,1,0,0,1,0,0,1.43515561898343,-0.6565522928124812,4.346164413322808,-0.7520082546733137,0.5257596124303926,0.0762332590127367,0.7910333736168282,-2.2882971097787066,-0.19181221953268604,0.811556690867167,1.383809363771483,-1.2869458175478918,-4.124249278118573,7.917420869138495e-4,-0.9271150872487558,-0.9233588310839199,-1.1086687296136917,-0.010286022270605103,-1.4375436385994584,-0.3295023237687909,-1.0991600625371278,2.2119960547350064,-0.6656728470045636,-2.195697666295481,-1.8090622450371796,0.32950232376879157,1.4375436385994576,0.35452284597261524,-0.5596729573423944,1.4463592008757944,0.6537347655237203,0.13730558544161034,2.904979686429634,-0.6279498401920818,0.012804842605544792,1.6900577159425842,-1.3032691506898992,0.5793409677244183,-2.448983389238618,-2.3056451459757548,-2.716181027902636,-1.4922798914190887,2.2623449208747504,2.2404794378780473,-2.3120123683735136,1
0.030604356373531493,-0.2566442469673251,-0.4445202009343899,-0.4281154315628296,0,1,0,0,1,0,-0.33149556159511606,-0.21056320871225243,-0.0035172685858019803,-0.3683635344152193,0.32824804784685735,0.12274129930342319,-0.2936184108657609,-0.37676083896779,0.3522941853588693,-0.548483140108946,-0.5052725006700766,-0.48278709323945984,0.5971156989698307,-0.681961822337776,0.606505225881379,0.25924148874708586,-0.42080229444927447,-0.4852248819529031,-0.5252107151899512,-0.13756642077256032,-0.27312466979540306,1.1246996963887401,-0.22108525827368947,0.3237049851809561,0.18315134121242352,0.13756642077256032,0.52521071518995055,-0.7038726716844818,0.41596727218528484,-0.3549674598070702,-0.173177266134598,-0.32353798091572933,-0.6235796198885869,0.10608304780917345,0.40038202722625016,-0.23228628620644656,-0.3040534310604773,0.9587239960437993,-0.1864257194905595,-0.2699405414371327,-0.1269445113490324,-0.0012904541294803558,-0.12479618717266176,-0.2089648391376897,0.10046155601764112,0
-1.9740161074910114,-1.0554449920826439,1.4383931084795292,-0.8681093238500562,1,0,0,1,0,0,0.9934928238387936,-0.6071271661520907,0.815246342126407,-0.5691549641732264,-0.07813908178977458,-0.02706825355599962,1.0088645583796056,0.7347794814214595,-0.4376488968282355,1.2505750333827017,0.8635985451532876,-0.6280516061593352,-1.326581943055752,0.2889525734209005,0.6223789146165238,-0.20638203747349088,0.2543376571783351,0.04829790624788677,-0.06904425348519984,-0.7881102335827953,-1.114132720175334,-0.3850223638696859,0.3908866590359909,-1.43724932259496,-1.0755668992449057,0.7881102335827953,0.06904425348519913,0.577342954953057,1.0163612595869336,1.1006500437750428,0.8087807714596554,0.8883099158017184,0.8256500952063961,0.6769975162545934,0.7879592118469556,1.3179911348814817,-0.8869292675109735,0.04820472807728505,1.464876450769113,1.4805060930387524,0.6853649840403343,0.664896315723324,2.756236184608697,2.40748700222003,0.7190446135538346,0
0.23620645523143258,-1.0812127580541053,0.5693561964423357,1.0385308760612593,1,0,0,1,0,0,0.2868323516073751,-0.4792033089134332,-0.23379453409861076,-0.28561663396739506,-0.40417036351694463,-0.14781028123374337,-0.7318448916036459,1.613297985693781,-1.5488724643945295,-0.3404710695185307,-1.0862058156574932,-1.394826378675081,0.3880922703792789,0.035864126674899854,0.4204792407595731,-0.32084978634786837,0.2590616344618155,-0.09844266869939776,-0.974766068754056,-0.9356157016516281,1.0534831496542698,-1.7930752425847971,1.7949374537178584,0.7168355316992393,1.3160106526584034,0.9356157016516281,0.9747660687540554,0.29881781872750485,0.7912135143113154,1.0733572155828786,0.7183372679970265,0.8029685146244333,0.7626401075935709,-0.46483142063624716,-0.04256332662598434,1.2559800380379649,1.4445740782910115,-1.5452039908641146,1.2550424733328,2.1417859327296416,2.394599547255459,-0.2233527107470814,-0.28942660841731066,-0.7099875321636356,1.0283361423219313,0
-0.35489957898503444,-0.9266061622253344,0.27967722576327125,-0.13478617003801185,1,0,0,1,0,0,-0.3062576875868511,-0.23382209184655378,0.43145089960505906,-0.4864080637254022,0.5663059069384464,0.19608090130027495,0.8535619477603672,0.7847846427237946,-0.14199466115970721,0.5080798575452679,0.2534015538464031,-0.8969539662184373,-1.3723617931830208,0.9693745873589362,-0.6272833132500885,-0.21739118945518826,0.8287538925062063,0.9927493066647136,0.3506288912831737,-1.571087696275664,-0.21831100046572346,-1.7055402038381728,-0.024345721621448106,0.13539506431916165,0.6397920443981664,1.571087696275664,-0.3506288912831744,1.050835686536495,-0.4846237089171882,0.40923172957353837,0.22735824919990022,0.5640125913280355,0.8571550890128092,-0.8726274695258333,-1.0945585420250417,0.3258135853852078,-0.22772445247767412,-1.6021114451120215,-0.06554310205442304,-0.06896333525656848,-0.008482709938082702,0.4904188283809227,1.3362988013735992,0.5704037944582268,-0.06964878480481232,1
0.930113538876852,0.7740663918911503,1.4383931084795292,1.1851955068236681,1,0,0,1,0,0,0.33730809962390496,-0.483273613461936,0.13720772700535894,-0.42680714941682946,-0.12708478431021356,-0.04182561249439052,0.8319980794942775,0.5955389331096048,0.6859541575031431,0.9713620546095192,0.6509297882461952,0.2911282703504145,-0.5674699558749972,0.6084899781033484,1.0374422271302128,0.6782567908455714,0.4499788679068084,0.1592574443973213,0.9345219622652575,-0.529783266025729,-0.5489175661135086,0.22189097330325477,-0.2561396489428527,-0.8660561259998028,-0.6907567071269058,0.529783266025729,-0.9345219622652582,0.5494904413305014,0.9413120111617277,-0.03655113089848297,0.31780175266252825,0.4957394703862077,-0.844114576533476,0.4323198869208419,0.012804842605544792,-0.35630847989348147,-0.3318094232724056,0.5793409677244183,1.0543317123067637,0.7414286251489338,0.31305646532020776,0.9504049313745251,1.439192814651505,1.2384340518261547,0.47161139053935697,1
-0.9717058755587404,-0.35971531085317227,-0.4445202009343899,-1.161438585374874,1,0,0,1,0,0,1.245871563921443,-0.6385266583833976,-0.7966945164632545,2.201419576695183,-2.3129710349404746,-2.1923752832435377,0.04158313249105506,0.290807527575449,-0.37098006762434116,-1.452435263349276,-1.3643413355664777,-0.7033394492446413,0.8724959807064376,-0.13773845201052187,0.49807521532936144,-0.07199214524553195,-1.1086687296136895,-0.7961538198537292,0.06512235289855199,-1.023858678725748,-0.19544899630073032,0.0998183587618855,0.4347970172725683,0.862809403269803,0.9964213098499161,1.023858678725748,-0.0651223528985527,-0.3417899945912644,0.11577027848446049,-0.8826288048555859,-0.7804407893836761,-1.1257471519822078,-0.5290646384693491,-0.05703537174666111,-0.09793149585751397,-1.2244638357027204,0.029018475482663446,0.4275877563966659,0.9904691974348425,1.0915179520441112,1.4299820214805863,0.6014499566897238,0.36909507656128593,-0.09762646290970158,1.0901944480755505,0
-0.48340089077122306,2.4232034140647105,0.27967722576327125,3.2385003374973924,0,1,0,1,0,0,1.1323011308842508,-0.628060160972962,-0.5408308881156891,-3.423548011197542e-4,-1.2165924061774673,-0.48275760986570665,-3.313183304299774,-0.1812913127915201,-1.3147654892739422,-2.601447150130479,-2.7670357191879815,-1.052399522957932,1.9539772710562315,0.6624884208798145,-0.8165799883657188,0.48211616440754296,-1.2919970740360096,-0.36419662870548075,0.6912331826893887,-2.1209040850669507,5.269012660733094,-0.5692038901748818,2.2818087188660288,2.2332650861125947,3.241714830379661,2.1209040850669507,-0.6912331826893894,0.911573118423719,-0.5596729573423944,0.900502637032502,1.0413497803635572,0.39332978897346543,0.8571550890128092,0.5954383064766764,0.2896456887631914,-0.4803306735805153,4.803049135934347,-0.5588081172337243,-0.0951935553878152,1.078551680677623,2.0561372575098895,-0.9212626601166852,-1.1948939252628807,-1.8790404825575102,0.5953280020465953,1
0.930113538876852,0.8256019238340739,-0.4445202009343899,2.9451710759725747,1,0,0,1,0,0,0.24897554059497767,-0.4768774206000031,-0.630383158037337,0.2108647687195506,-1.0408293480828072,-0.5297128428514959,-1.9502378785266785,0.27883212178745126,-1.3490283660467348,-0.3577827817375569,-1.8105937256719802,-1.2714370421505146,0.717599968594967,1.381181214207386,-0.4048060054994829,-0.09366478709732542,0.8972429611083436,-0.003300444971314144,-0.16027754582615011,-1.5751271636218847,4.091913239419302,-0.7882316075717919,1.75004289106849,1.3730322172278355,2.3506382768132834,1.5751271636218847,0.16027754582614942,1.4686233908748227,-0.25947596364157,0.43652455776570404,0.31780175266252825,0.683490552976235,-0.30852968182446,-0.30171300108041293,-0.26403600355210183,0.5738579727592754,4.136905322848065,-0.6346847228976005,0.4521994292286506,1.3378771080073837,1.9207523416116614,-0.15990635171348128,-0.5363722402842841,-1.1553410370755877,0.9664778365683122,0
0.2105061928741954,-2.1119233969125806,1.7280720791585935,0.3052077222492148,1,0,0,1,0,0,-0.3188766245909836,-0.22975178729805104,1.442112231577942,-0.6507445653140882,0.9625452341438202,0.32621397557517656,2.007388429341281,0.4271109347876496,0.8756199144213147,1.2756005426186354,0.6536878521428555,1.4791657317926952,0.0912908822283322,2.7449325697327778,0.07050150947567789,-0.20652508426513277,1.013828028053313,0.6231750026616322,0.288491621905012,1.731283161032851,-0.04861819512840204,-0.5155962974902161,-1.4045395489379695,-0.717959520181282,-0.24141712385234743,-1.731283161032851,-0.2884916219050127,3.056216667360468,0.340918023760079,0.8368193712507843,0.5891322630504142,1.0077878774499178,0.6366201323679207,0.35076067714292497,0.2342775195316623,1.4420133285685155,-0.007989514133240944,-0.4323471077939307,0.19674936974096682,-0.5768089637773496,-0.7982280526777443,1.6800380602609295,-1.0302635040182315,-0.35741600744167373,0.3685142142833251,1
-0.25209852955608386,-1.0554449920826439,-0.4445202009343899,-0.8681093238500562,0,1,0,1,0,0,0.009215737516460692,-0.37279391857400446,0.815246342126407,-0.5691549641732264,0.4300779541143735,0.1531504025704105,0.7064645149861769,1.3115163663305844,-0.5788293718756594,1.3524208566366853,0.9291470682295399,-0.8539372736895059,-1.7925732201758664,-0.06069141766569554,1.255773908332463,-0.38712397788947017,0.550761767764071,0.4184617123336514,-0.45503125954306783,-0.7133741297612541,-1.0429982547677654,-0.5420906379683625,0.4022568785679561,-1.2809073853676405,-0.7993902794422866,0.7133741297612541,0.4550312595430671,-0.17467491285593337,0.9413120111617277,-0.45504116317834126,-0.5737127814690962,-0.34060626115118536,0.006520256239666901,-1.0357458890816678,-0.983822203561983,-0.23228628620644656,-0.8314172830871166,-0.17942508891434333,1.2641656897430753,1.3119445652744073,0.6176725260912207,0.6966194952401235,2.2623449208747504,1.9621334973080773,0.7190446135538346,1
-0.07219669305541997,-1.0812127580541053,-0.8790386569529866,1.0385308760612593,1,0,0,1,0,0,-0.5460174906653681,0.00865176482853798,-0.23379453409861076,-0.28561663396739506,0.4865722071172588,0.22738438995746776,-0.09501530397432915,1.2283360666134506,-2.2731647292537245,-0.16915609114868455,-1.1856742025388742,-1.3469475624752534,0.6857409662768472,0.6211850613118501,-0.1675535593487944,-1.381797524396163,0.46928029755866,-0.44544744330597474,-0.7896550408158974,-1.0539055705610194,0.7528018871677392,-1.8537812778072846,1.718919084386151,0.6938492760673438,1.1065418037602113,1.0539055705610194,0.7896550408158968,0.4659329004628361,-0.25947596364157,-0.32767463161490584,-0.9613277963089331,-0.7502449868021539,0.25856020669096863,-0.38327221085833024,-0.04256332662598434,-0.35630847989348147,1.0837461795359422,-1.6210805965279906,1.1546870928197819,1.9991569476982738,2.242291516869952,-0.4136917878478824,0.03983423407198747,-0.4316415915936655,0.8427612250610729,0
0.930113538876852,-0.35971531085317227,1.4383931084795292,0.3052077222492148,1,0,0,1,0,0,0.33730809962390496,-0.483273613461936,-0.3233468040202586,-0.23006626723319132,-0.5345841547713328,-0.19387112882932708,-0.5224758303718839,1.5273947521121058,0.7813039973872327,-0.2440840760249921,-0.7806003475271673,0.1545749725929099,0.953227841722727,0.6059430123328102,1.3693403613685498,0.8918819948771466,0.5409276063037755,0.1085125063186353,1.0187373090415193,-0.799549433147316,1.3319664789182215,-0.7246221177643206,-0.17181334618735308,0.8661163945850111,1.1207600246150535,0.799549433147316,-1.01873730904152,0.49378541408539117,1.1664597564373458,-0.20030810005147043,0.279040251178545,0.4957394703862077,-1.2536794960168407,0.18764225758709038,-0.26403600355210183,-0.6663639641110671,1.3057941172313696,-0.6346847228976005,0.1876261533306929,0.06718251409155555,0.4145951522438788,0.7600658542737248,-0.7833178721512579,-1.1553410370755877,0.10046155601764112,0
0.5703098658755232,-0.35971531085317227,2.452269505856255,0.3052077222492148,1,0,0,1,0,0,-0.6469689866984278,0.4185895800705996,-0.3233468040202586,-0.23006626723319132,0.6664749668314865,0.4997247412750453,0.3892809820672622,0.13367618282652272,1.1555315117645164,0.08723539489365854,0.24863823799700246,-0.2735179791660932,0.0479583921854104,1.7704518559880964,-0.3481397265253583,1.4844562832869315,0.908823035085053,1.3047358297115335,0.416552302523086,-0.7861774033115495,1.2277099521910817,-0.5322334916093673,-0.0879148828317265,0.7833239739064937,0.9505787047961045,0.7861774033115495,-0.4165523025230867,2.137083717816147,-0.03432821836595151,1.0369667779933252,1.7519773075699248,2.1342943729900803,-0.24551969421163483,-0.22015379130249568,-0.4301405112466897,0.8839134569768611,1.3890620938671545,-0.3311783002420958,0.6437869738444144,0.4950694691856613,0.8038267854512828,0.9186817518577256,-0.28942660841731066,-0.6543183440496418,0.47161139053935697,1
-0.35489957898503444,0.20717554051898904,-1.168717627632051,1.7718540298733036,1,0,0,1,0,0,-0.7731583567397526,2.209523581411805,-0.3361399854376369,-0.2260157196588223,1.3738034736029834,1.8739478933258105,-1.9910611471150383,-0.21018467467656823,0.352566863568111,-0.2482457377666097,0.0728994398724123,0.320074600868474,0.029337811244448498,-0.06352641093845524,-0.20476859905261072,0.48165280749348915,0.8433475014333541,1.0406585009853087,0.8847583482611033,-0.440948977121442,2.705144151564938,0.08335237484703012,0.0020439075538268257,1.1716129223271925,0.9212276363155669,0.440948977121442,-0.884758348261104,0.24311279148239442,0.19081952690966666,1.282602231722807,1.3772827932247493,1.7246556473391115,0.7941451013999841,0.18764225758709038,-0.2086678343205727,1.4420133285685155,2.721349720039717,0.19995793940503753,0.3700904815361815,0.31354167005482897,0.7869036709640054,0.28421816152172197,-0.20711139779498602,-0.4316415915936655,0.9664778365683122,1
-0.25209852955608386,0.5679242641194551,-0.4445202009343899,2.505177183685348,0,1,0,1,0,0,0.009215737516460692,-0.37279391857400446,-0.6687627022894718,0.4191786439728145,-0.9965054932016737,-0.6106547206650944,-1.5381002121362368,1.2896685784792157,-1.7414548276273727,-0.2411030326572818,-0.7221812304112312,-0.7881844820942391,0.08223521201148368,-0.09550348928185415,1.2910851778215913,-0.9417122773431045,0.7162626260253445,0.6045060570611017,-0.653257441282515,-0.42709685071602743,2.0433398252788852,-0.47672980888744937,1.434297068104676,1.0359484015048719,1.529053476220327,0.42709685071602743,0.6532574412825142,-0.14682239923337803,1.0914105080121401,-0.20940570944885942,-0.6512357844370638,-0.3576745413866426,0.7626401075935709,-0.8726274695258333,-0.7069813574043363,0.2638024885416898,2.2494978524369347,-0.2553016945782196,0.7167727051266096,1.4156747362063122,1.836136769175269,-0.2233527107470814,-0.37174181903963527,-0.5986491559356475,0.8427612250610729,0
1.6754211472367457,0.3102466044048362,0.5693561964423357,0.5985369837740325,1,0,0,1,0,0,0.5392110916900246,-0.5263025472603935,-0.8094876978806327,2.348975238332912,-2.1869412134713753,-2.220101230339908,-0.4163189231160154,0.9847220085698439,-0.5367469477467137,-0.39917749702507016,-0.450008559772031,0.5229857112348703,0.330127214425966,-0.027885521173377545,0.43267838207559245,-0.14295763859420021,0.09772120514586487,0.13243654841324287,-0.2645441656443792,0.9756618166055823,0.5510387127277129,-0.9181141554332803,0.590092418693885,0.6361617199371686,0.7143316801500159,-0.9756618166055823,0.2645441656443785,-0.3139374809687093,-0.03432821836595151,-1.1373618679824566,-1.0259302987822392,-0.9379960693921812,-0.655084613695,-1.1173050988595852,-1.149926711256571,-1.3484860293897554,0.7229182807808735,-0.7105613285614767,0.6985262723060605,0.9229564242797662,1.1592121896841308,0.12560226393772106,-0.8656330827735822,-0.5429799678216537,1.3376276710900281,0
-0.48340089077122306,1.2378861793774645,1.0038746524609323,-1.161438585374874,1,0,0,1,0,0,-0.09173575851659908,-0.36058300492849626,-0.579210432367824,0.034376624407757565,-0.6606870945865333,-0.3038805318246047,1.1165103606712432,1.4113150500219795,-0.037474851415212174,0.7678605927888246,0.46765844987742666,-1.1225165204985097,-1.4488239551410818,2.0066890330816287,0.36179917956701546,-0.33242182188846325,1.3254015782585509,1.3142895854931897,0.07195265285990604,-1.6023404173227471,0.4525252023704421,-1.5746317216849857,-0.2828224950600659,0.27691539428771667,0.6751690856584571,1.6023404173227471,-0.07195265285990675,2.6941339902672503,0.9413120111617277,1.6465066076183352,1.183475285804831,1.7587922078100258,1.8968198846244282,-0.709509049969999,-0.8177176958673952,1.938102103316653,0.41760236644966076,-1.4693273852002382,0.023408257945752128,-0.127311556405765,-0.008482709938082702,0.728342674756924,1.1099319721622063,0.3477270420022505,-0.2706882785040748,1
-0.1749977424843705,0.928672987719922,-0.15484123025532542,-0.4281154315628296,1,0,0,1,0,0,-0.25578193957032125,-0.2663845282345757,-0.6175899766199587,0.2050782721847377,-0.5933502302556727,-0.3633571602732711,0.0915964840277038,-0.06376216947612479,0.6841759000130324,0.2717085807925118,0.28808888593390364,0.7529402763303622,0.2570577139256005,-0.6915195254886122,-1.2050418856409228,0.8486446594510457,-0.5130219897434034,-0.32937130194166686,0.49320743187182114,0.5377636082882545,-0.81832530268836,-1.1196689288013149,-0.0824853355767973,-0.8757645866457554,-0.6960966305691269,-0.5377636082882545,-0.4932074318718218,-0.6203151308168162,-1.0850176963188372,0.20908432283099887,0.6278937645343975,0.3762615087380082,-0.5605696322757617,1.0847935651441794,0.8986955503100138,-0.29429738304996345,-0.8036612908751883,-1.0899443568808573,-0.22291858513165644,-0.23104172733766892,-0.5500223735309933,-0.12818317219668063,0.28677986593896093,0.6260729825722207,-0.20882997275045564,0
0.72451144001895,0.5679242641194551,1.4383931084795292,-0.8681093238500562,1,0,0,1,0,0,-0.7479204827314877,1.8926212987069488,0.40586453677030254,-0.48409346511147705,1.732614255153171,1.8296758165106377,1.3394710711846343,0.03973644304426636,0.020797164385935575,2.1633287107670727,1.8973888076045307,1.3576891089486771,-1.426629279459102,0.38196036625495555,-0.27313436079329323,-0.0019045958651679657,1.2085704712836791,0.9777674376050108,0.6060821098378343,1.250621156711811,-1.4809168333631824,-0.32815952180913177,-0.030344355590673004,-1.7241197307784188,-1.5120987805019892,-1.250621156711811,-0.606082109837835,0.27096530510494976,-0.3345252120667762,-0.2639913658331881,-0.22485926811324272,0.2567835470898098,-0.15100471279239655,-0.7910682597479163,-1.0945585420250417,-0.046252995675895824,-1.3587811351137562,-0.17942508891434333,0.4521994292286506,0.36540675552078095,-0.38079122865820925,0.12560226393772106,0.12214944469431245,0.9044189231421907,0.16231986177126023,1
0.33900750466038404,1.1348151154916164,0.5693561964423357,0.5985369837740325,1,0,0,1,0,0,0.29945128861150755,-0.4797847809917908,-0.4128990739419065,-0.14789801643884834,-0.6330174795586402,-0.25468933536330174,0.08563311344882847,0.766821515857523,0.3618174623166366,-1.2549677790856975,-1.225706620233567,-1.0863278413282271,0.7859482415656235,0.06758492690891577,-0.00627938159322027,-0.04360733937196387,-0.7128461677927727,-0.996682539658289,-1.0923365864985648,-0.39825548305102343,-0.051544866153220556,-1.05877714228128,-0.5384377625366261,0.9885344482204668,0.6204121250073803,0.39825548305102343,1.0923365864985641,0.2152602778598393,0.19081952690966666,0.6184767457134681,0.49868875958778525,0.17144214591252482,0.006520256239666901,-0.30171300108041293,0.2342775195316623,0.44983577907224165,0.4731143508735179,-0.5588081172337243,2.2038569800013414,1.5064386357717279,1.9038292271243826,2.0607162144625315,0.03983423407198747,-0.15329565102369538,2.389218868901558,0
0.4932090788038099,1.2121184134060021,1.0038746524609323,0.3052077222492148,1,0,0,1,0,0,-0.571255364673633,0.09296521619038045,0.86641906779592,-0.5789920082824084,1.2135907852003005,0.5189540271644637,0.9486613809014813,0.2903754658998415,-0.5305054069464307,0.40087715201762286,0.4020014426630712,1.3778027293741597,-0.05606134278217725,1.0376495167522648,0.003482862703521248,0.7651743419477757,0.7144474580730839,0.5730748604938019,0.6912331826893887,1.1936019387174324,-0.28232957223446464,-0.39506038439206903,1.4941450838573962,0.16687469964728552,0.03687449743067441,-1.1936019387174324,-0.6912331826893894,1.2736557955169365,0.26586877533487285,0.8186241524560076,1.1317932838261862,1.4174266031008858,-0.2140147004052217,0.4323198869208419,0.12354118106860354,1.0079356506638961,-0.4150773999081907,-0.5588081172337243,-0.669956189235104,0.13201387092399572,0.19459466390925928,-1.8095116865870906,-0.8656330827735822,-0.4316415915936655,-0.3944048900113141,1
1.6754211472367457,-0.7204640344536393,-0.15484123025532542,0.3052077222492148,1,0,0,1,0,0,0.3751649106363024,-0.4855995017753661,-0.7199354279589849,1.1945691796377411,-1.4374264454239345,-1.29664831495272,0.04408436619414914,0.5968437682510593,-1.0479277270424505,0.29708249071726783,0.3450870174495993,0.2550602107767178,0.016438938042104608,-0.04899481608000033,0.4318222539966872,-0.8891127818083714,0.5163715647585967,0.5861193867036303,1.0187373090415208,-0.6624995530634572,-0.11025542726425161,-0.38659674814109085,0.5390797086460828,0.1106859256233917,0.12360147857996157,0.6624995530634572,-1.0187373090415215,0.10385022336961848,0.641115017460903,0.6457695739056325,0.046471242274642305,0.2567835470898098,1.550264952753888,0.9216751455883455,0.4557501964577793,0.5118468759157585,0.16779843654230542,-0.02767187758659086,1.2003031748711541,1.3378771080073837,1.3115202200696365,0.31594134103852145,1.0276167615398821,0.7374113588002092,1.0901944480755505,0
-0.6119022025574117,1.3409572432633117,-0.8790386569529866,1.0385308760612593,1,0,0,0,1,0,-0.5838743016777656,0.14762359155598867,-0.38731271110714993,-0.15831371020151155,0.39366267743760824,0.2358810511644201,-1.4083475471593776,1.5602914515542952,-2.0817657608009656,-0.8414487112710433,-1.5612705791008707,-1.331386168101779,0.7382065946561109,0.3611346553293105,1.5356456515695442,-1.9053486027737625,0.6589448598910597,-0.16223762860568444,0.2430696413654208,-2.0569254507348744,2.3191830397908255,-0.6031728812244469,0.9311519399118614,1.7901413664995727,1.8713347502229014,2.0569254507348744,-0.24306964136542153,0.27096530510494976,1.3165582532877582,-0.20030810005147043,-1.1292943027395286,-0.8526546682148961,0.9831750642384596,0.4323198869208419,0.34501385799472056,0.139780294854656,2.8046176966755025,-0.2553016945782196,1.2276728241019772,1.5972025353371444,2.394599547255459,0.3476645205553221,0.6983559190505837,-0.2089648391376897,1.2139110595827887,0
1.3156174742354179,0.49062096620506923,0.27967722576327125,0.3052077222492148,1,0,0,1,0,0,-0.4955417426488382,-0.026236559872914074,-0.041896812837936774,-0.3648916364943316,0.5568236343424271,0.26181822748037986,-0.9787598518600725,1.2021593199159195,-1.7330891070767318,-0.08312524071758788,-0.2240973938007654,-0.49848471217287804,-0.6578544416157556,-0.7304784710505199,0.27994513279904637,-1.5452748507382832,-0.001414093102725434,-0.24054510297388235,-0.08286747959746427,-0.5976867361744845,0.6311039183595588,-1.369558505345039,0.8163386689491794,0.11089464690176531,0.0564921125784375,0.5976867361744845,0.08286747959746356,-0.6203151308168162,0.41596727218528484,0.4456221671630917,-0.4703487775118068,-0.4430159425639276,1.550264952753888,-0.22015379130249568,-0.2086678343205727,0.44983577907224165,0.5008703430854462,-1.317574173872486,-0.23204180154193166,0.20981149912292413,0.24536400737109418,-0.9212626601166852,0.4514102871836102,0.18071947766026855,-0.5181215015185524,1
0.8530127518051386,0.7225308599482267,-0.4445202009343899,0.3052077222492148,1,0,0,1,0,0,-0.7353015457273552,1.537923330908853,2.312048567959664,-0.6981938368995538,2.2492153593276347,1.7223495696859765,-0.060556093812016806,-1.860572112187116,0.6371325284602356,0.3421387133387606,1.3460525193159267,0.6870978891665032,-1.2194938238998905,0.36299867835217947,-0.7333663230610815,-0.4394762761661082,0.9098864690433676,1.0558974644745038,0.6257323574189628,0.3165258375355961,0.4469087248709141,1.8190233309706427,-1.3126127850876281,0.44002051858725527,-0.7190558390378737,-0.3165258375355961,-0.6257323574189636,0.7723105503109431,-0.3345252120667762,1.4918472478627354,0.9896677783849125,1.3662217623945152,1.9598298722372534,0.02452383803125581,-0.26403600355210183,1.876091006473136,0.5008703430854462,1.8692432640103136,0.31535118307453414,-0.4385020692014777,-0.24540631275998087,0.41111087958892223,0.4514102871836102,0.6817421706862145,0.038603250264021984,1
0.6474106529472365,0.5936920300909173,1.0038746524609323,0.5985369837740325,1,0,0,1,0,0,0.03445361152472564,-0.3902380809247305,-0.20820817126385424,-0.2925604298091705,-0.21028456945682905,-0.07402348654178885,-0.3653909419948024,0.9441963046021007,0.01696904973492947,-0.7005129523790601,-0.9702283808492428,0.44612639206613536,0.990448247687645,-0.35602390446795357,0.12465210839496121,-0.14815847704119445,-0.4873700139813137,-0.9839037852775415,0.6912331826893902,-0.07709346503402185,0.1523501090028413,-1.1710653139728369,-0.17208224053152335,0.4630800422238044,0.30075386798455617,0.07709346503402185,-0.6912331826893908,-0.20252742647848845,0.340918023760079,0.6730624020977969,0.48576825909312477,0.2567835470898098,-0.024984737566746233,1.7372672433675176,1.4523772426253072,0.07776919801113909,0.1400424443303771,-1.0899443568808573,0.03253147435602734,-0.06248019957332482,0.12690220596014448,0.12560226393772106,0.2044646553166367,0.18071947766026855,0.16231986177126023,1
-0.48340089077122306,0.3102466044048362,1.0038746524609323,0.5985369837740325,1,0,0,1,0,0,-0.09173575851659908,-0.36058300492849626,-0.8094876978806327,2.348975238332912,-1.7828838229173347,-2.092651312235623,0.883882388617005,0.863636182248838,-0.8829854586211929,0.3149498258620316,0.27756619974978014,1.0435972023346567,0.027527252680873058,1.7683459959437207,0.4256722697234566,-0.49594242755807577,1.2383262251832783,1.3229551986741237,0.3871222082195544,1.0393990221288592,0.5378505059067225,-0.7589386283284766,0.708696390932653,0.8024261914773425,0.9307586054221954,-1.0393990221288592,-0.3871222082195551,2.3320513131740337,0.9413120111617277,1.4554568102731822,0.9250652759116064,1.4515631635718003,2.0228398598500785,-0.5463906304141645,-0.762349526635866,1.6900577159425842,0.6951622885689447,-0.5588081172337243,0.6529101902546883,0.9488889670127426,1.2607508766078017,0.062155904904119784,-1.1948939252628807,-0.9326642846196119,1.275769365336409,0
1.135715637734753,0.7225308599482267,0.5693561964423357,1.478524768348486,1,0,0,1,0,0,-0.3945902466157784,-0.15125305671978392,-0.7711081536284979,1.886055515547881,-1.0707561904610863,-1.5739077859164279,-0.4551947976862652,-0.5858327397025569,-0.294756836669405,-0.3287852075877786,-0.33615534793892365,-0.5147786250978172,-0.24339342737630767,-0.03377782303196431,-1.1684450150805388,-0.37139022798041216,0.946112367334263,0.5561634244763226,0.3210111268130686,-1.020471574555225,0.5992090440711358,-0.36644874550441187,0.029731107756290266,1.3823164319910328,0.980003751427185,1.020471574555225,-0.32101112681306926,0.577342954953057,-0.6347222057676005,2.510779500370215,1.8682618120218755,2.270840614873736,2.0228398598500785,0.10608304780917345,-0.04256332662598434,2.6822352654388593,0.3898463742377325,-0.482931511569848,-0.48749186102961545,-0.39960325510201306,0.1438253204474232,-0.44541496736468245,-0.37174181903963527,-0.8213259083916238,-0.332546584257695,0
0.08200488108800677,0.49062096620506923,-0.4445202009343899,1.0385308760612593,1,0,0,1,0,0,-0.6343500496942954,0.3313687683169695,-0.5920036137852022,0.09513483802329287,0.16770777687585575,0.18132354236188405,-1.2903728004799107,0.1912469883412023,0.4523757627596638,-0.7519824843406971,-0.015286975983045062,0.3522237510450772,0.4996660383761806,-0.3766905317506823,-0.18746193856853802,1.5933281997926676,-0.2653583452710216,0.7816274250888181,1.6693198303085888,-1.1752198963459366,1.4179100493079395,-0.45028774821158324,0.9827283584356017,0.7527550296864812,0.7829808666375759,1.1752198963459366,-1.6693198303085894,-0.3139374809687093,-0.10937746679115769,0.22727954162577424,1.0413497803635572,0.8712416355662611,-0.34003467563087314,1.0032343553662626,0.2342775195316623,-0.10826409251941274,1.333550109443298,-0.4070549059059717,0.05990112358685037,0.5599008260181015,0.854596128913119,-0.6992004034990842,0.2044646553166367,-0.32030321536567735,0.10046155601764112,0
-0.7147032519863632,1.3409572432633117,0.27967722576327125,1.0385308760612593,1,0,0,0,1,0,-0.6974447347149578,1.1977621650696955,-0.38731271110714993,-0.15831371020151155,0.7872051189147748,1.043511058519995,-1.8539976854811808,0.08156417691271377,-0.6063710325246727,-1.0793674555519028,-1.4823940258386488,-0.8693020929877059,0.8684100739621343,0.033703477837129306,-0.3602346567217938,0.320887675631892,0.4784764852285814,0.19989067685559264,0.6912331826893902,-1.871181028480457,2.6117050309081904,-0.4728245636211428,1.1513906827316511,1.93260488970967,2.122339175654101,1.871181028480457,-0.6912331826893908,0.29881781872750485,-0.03432821836595151,1.0824548249802661,1.1059522828368633,1.2808803612172301,0.2270552128845555,0.9216751455883455,0.6218547041523672,1.0079356506638961,3.3042255564902137,-0.02767187758659086,1.5469853984615822,2.02508949043125,2.9192160963610903,0.4428340591057229,0.36909507656128593,-0.4316415915936655,1.646919199858125,0
-1.305809286202831,0.6452275620338409,-0.15484123025532542,1.0385308760612593,1,0,0,1,0,0,-0.24316300256618875,-0.28382869058530175,0.022069094248954552,-0.38572302401965797,0.24145139880292257,0.07981080057355874,0.08170877815546418,-0.03269399715666027,-0.49273629774250494,1.0432210143472354,0.8362270435439498,-0.8084713765843752,-1.574807533202381,-0.3524943569305688,-0.5618637062367987,-0.32702832991530956,0.6911338142918414,0.2806172432472701,-0.3925077445122049,-0.7133741297612556,-0.4658262531680771,-0.5179891895096184,0.3449550927047123,-0.724007827882566,-0.8131679913170831,0.7133741297612556,0.39250774451220416,-0.4253475354589299,-0.6347222057676005,-0.4277483349861756,-0.5220307794904515,-0.23819657973844427,-0.24551969421163483,-0.8726274695258333,-0.8177176958673952,-0.4183195767369984,-0.3318094232724056,-0.3311783002420958,0.589047675382767,0.6895635396829819,0.3299795798074865,-0.1916295312302808,1.7684536571408034,1.461110804282131,0.038603250264021984,0
0.6474106529472365,-0.6173929705677911,1.0038746524609323,1.478524768348486,1,0,0,1,0,0,0.03445361152472564,-0.3902380809247305,-0.7839013350458762,1.9931057014419193,-1.6190412403228231,-1.8404346321976697,-2.3699632715002092,-0.30233915650803767,-0.43667124755913367,-1.8385833550229582,-1.9144193690391396,0.5769486724382723,2.526472373639992,-0.3208676107797611,-0.7394185722308392,0.390808593623389,-0.35987272782732727,-0.3888350334397734,1.4159231644047408,-0.6174061782631385,2.9748844843003384,-0.325763313029118,0.98966917114114,2.1269638604805188,2.10921721073108,0.6174061782631385,-1.4159231644047414,-0.2582324537235989,-0.6347222057676005,0.23637715102316323,0.4082452561251572,0.2397152668543526,-0.30852968182446,2.063504082479186,1.3416409041622488,-0.29429738304996345,3.1932015876424997,-0.1035484832504671,0.7076494887163344,1.1563493088765513,2.0899834864844458,-0.09645999267988113,-1.1125787146405561,-1.4336869776455579,1.3376276710900281,0
0.8530127518051386,-0.6173929705677911,-0.4445202009343899,1.478524768348486,1,0,0,1,0,0,-0.7353015457273552,1.537923330908853,-0.7839013350458762,1.9931057014419193,-0.2006745132716574,-0.35754365523693526,-1.7414849192633066,-0.40789805107864285,-0.6777363227403158,-0.75514408682509,-0.7133948467465863,0.46746046598500246,0.6346112794869541,0.47734985851355594,-0.9932479696993083,0.30295133320756207,0.7902205101051157,1.2225220949213123,1.078283513832815,-0.4318681387001143,2.8985395268638614,-0.4351611356948416,1.2309251308456273,1.8037200743721022,2.121003121043756,0.4318681387001143,-1.078283513832816,0.8837206048011639,-0.6347222057676005,1.4372615914784068,1.4031237942140713,1.7246556473391115,1.3612349899154128,0.2692014673650073,-0.2086678343205727,1.814079909629618,3.02666563437093,-0.2553016945782196,0.561678026151944,1.1563493088765513,1.93767545609894,-0.15990635171348128,-1.1125787146405561,-1.378017789531564,1.275769365336409,1
0.72451144001895,0.8513696898055362,1.4383931084795292,-0.4281154315628296,1,0,0,1,0,0,-0.7479204827314877,1.8926212987069488,-0.7583149722111197,1.533079226924295,0.07660068919937087,0.27076208138243496,0.12292350722319599,0.421084278976472,-0.2413855418232065,0.427914735367219,-0.24608960781004116,-0.6067029266633628,-0.03374731235076207,0.7180415487090908,-0.3073388450643159,0.21322865248169998,1.5889883555453752,1.0955714256241802,0.3506288912831737,-1.1752198963459366,0.5465305259608286,-0.8858366959242592,0.544256354187099,0.99752845249221,1.3895408040754706,1.1752198963459366,-0.3506288912831744,0.5216379277079463,-0.40957446049198204,-0.4186507255887879,-0.25070026910256554,0.3762615087380082,-0.6235796198885869,-0.8726274695258333,-1.0945585420250417,-0.10826409251941274,1.0004782029001573,-0.482931511569848,1.5926014805129542,1.6879664349025603,2.0899834864844458,1.2359135470257274,0.2044646553166367,-0.32030321536567735,1.8943524228726025,0
0.5703098658755232,-0.12780541711001567,2.452269505856255,0.3052077222492148,1,0,0,0,1,0,-0.6469689866984278,0.4796441482981407,1.634009952838616,-0.6686827045720081,1.677147595670538,0.8856520371487225,2.473106891810804,0.1662970679365258,1.1239200252420696,2.7037564075254283,2.7616984231151096,0.022604327246045674,-3.3933506548956314,2.332061590171381,-0.48409916618090093,1.4056117264263743,1.148625522379561,1.7573071089115941,0.2181716668474219,-0.18555039652161812,-1.1087468721040366,-0.7132078621716454,-0.12393209766925735,-2.513643068813084,-1.8746748471179424,0.18555039652161812,-0.2181716668474226,2.109231204193592,-0.4846237089171882,-0.11842961547497735,0.6149732640397371,1.0931292786272029,-0.6235796198885869,-0.709509049969999,-0.8730858650989243,0.2638024885416898,-1.1644891896302574,-0.9381911455531051,-1.1261170097488256,-1.0090180093269512,-1.785409731102321,-0.6992004034990842,2.673920973986373,2.7971713190179877,-0.76555472453303,1
0.18480593051695732,-1.0554449920826439,-0.15484123025532542,-0.8681093238500562,1,0,0,1,0,0,0.26159447759911014,-0.4821106693052209,0.8280395235437853,-0.5691549641732264,0.2631316918435227,0.06907817589109264,0.5045960045146616,0.11490953335509176,-0.278416880563819,0.9939478969343524,0.5789670138429597,-0.7988214718926737,-1.2849626019657072,-0.4233449815327975,-0.48644849303504845,0.007711497644567502,-0.2743600963145142,-0.4747686995294822,-0.5008818372323651,-0.5927287050207662,-1.1246543449321302,-0.6450303623344072,0.3883545141902445,-1.614810259624275,-1.2162047023252043,0.5927287050207662,0.5008818372323643,-0.3696425082138195,-0.40957446049198204,0.17269388524144552,0.14983524623193267,0.03489590402886805,-0.15100471279239655,0.02452383803125581,0.2896456887631914,0.20179139169817292,-0.9701972441467586,-0.4070549059059717,0.7988816528190786,0.8970238815467907,0.10997909147286698,0.2207718024881207,2.180029710252426,1.9621334973080773,0.10046155601764112,0
-2.3595200428495775,0.8513696898055362,0.27967722576327125,-1.6014324776621007,1,0,0,1,0,0,3.8327536497686,-0.7501692974280442,0.29072590401389814,-0.47772831892318285,-0.9419020066438308,-0.2077341023775125,0.47652825897219886,-1.7156358241348115,0.5434279568452013,2.0860259419757865,2.4735701110765866,1.0918266441380047,-2.76172061437749,-0.617667772056162,-2.621986603455321,0.7740505987233561,1.21349029973569,1.92511244328444,1.7556215933338128,-0.2520827998711519,-1.2797905041659994,-0.2718846100312968,0.034961980610099634,-1.614810259624275,-1.3362646817488657,0.2520827998711519,-1.7556215933338135,-0.7595776989295921,-2.435904167972547,-1.0099953364190213,-0.5091102789957901,-0.03337721691295973,-0.5605696322757617,-1.0357458890816678,-1.648240234340335,-0.4803306735805153,-1.1089772052064004,0.04820472807728505,1.0360852794862145,0.8970238815467907,0.10997909147286698,0.5697267771729232,2.673920973986373,2.741502130903994,0.7809029193074537,1
0.2105061928741954,-0.12780541711001567,1.7280720791585935,0.5985369837740325,1,0,0,1,0,0,-0.34411449859924853,-0.18904874181302367,0.43145089960505906,-0.4950878085276215,0.6150894921923467,0.23722262924972837,2.4187616165446526,0.5119040234243394,0.5338089049931346,1.174248189086525,1.406042426958523,1.1809521052959568,-1.0777294870757201,2.73151056073074,0.4700415277816679,0.036898733553597386,1.1439645802940899,0.9202378884552529,0.3871222082195544,1.2267347275520042,-0.6340537391165143,-0.2317270532328407,-0.6926549871087215,-0.4519978517303958,-0.9294908290256636,-1.2267347275520042,-0.3871222082195551,2.63842896302214,0.491016520610491,0.15449866644666885,0.14983524623193267,0.615217432034406,0.1010352376589052,-0.5463906304141645,-0.762349526635866,0.5738579727592754,-0.7481493064513315,-0.482931511569848,-0.8797901666714156,-1.060883094792903,-1.1423313805857394,-0.6040308649486834,-0.37174181903963527,0.23638866577426285,-0.3944048900113141,0
-0.25209852955608386,0.928672987719922,-0.4445202009343899,-0.4281154315628296,0,1,0,1,0,0,-0.1295925695289965,-0.33209087308897706,0.23955317834438508,-0.47194182238836996,0.2710980313919814,0.10932551845034055,-0.8554083175096878,1.1483071290350206,-0.9858862457657976,-0.13356720080768045,0.5270463237899462,-1.018329773083521,-0.8061142058964319,-0.2337735650934194,1.1907500039426953,-1.4061956480563402,0.68132885550978906,0.7443951492086555,-1.3072103638266717,-0.09240503183227083,0.9558822966730188,-0.3832203577759085,-0.0653514879587183,0.8560347014589424,0.04157094491355767,0.09240503183227083,1.307210363826671,-0.23037994010104354,1.0914105080121401,-0.018355912103706302,-0.7416792878996918,-0.4600842227993849,1.518759958947476,-1.4435419379712537,-1.149926711256571,0.44983577907224165,0.917210226264372,-0.3311783002420958,0.10551720563822252,0.054216242725068246,0.39767203775660004,-0.4771381468814831,-0.04248097655033679,-0.09762646290970158,0.2860364732784985,1
-0.07219669305541997,0.8256019238340739,-0.8790386569529866,0.3052077222492148,1,0,0,1,0,0,-0.5333985536612357,0.00865176482853798,0.07324181991846762,-0.419863353575054,0.7209712270434818,0.33113309522130685,0.9634595950032446,-0.5314165498522054,-0.6950412688908533,0.6665191037787838,0.06521932078711845,-1.0663455188524715,-0.6488665179369147,0.6934311218052779,-0.04350160596641936,-1.2665706504445653,0.34197783109367075,-0.7113560296763176,-0.7471295343976714,-0.7133741297612541,-0.6468458136008371,0.6858069382084363,-0.322636657494772,-0.561324945607754,-0.7792890199646494,0.7133741297612541,0.7471295343976706,0.49378541408539117,-0.18442671521636386,-0.43684594438356456,-0.9871687972982559,-0.8185181077439823,-0.08799472517957138,-0.13859458152457876,0.2342775195316623,-0.6043528672675491,-0.3595654154843339,1.2622304186993043,1.5104925328204852,1.078551680677623,0.7530574419894479,0.9821281108913258,2.2623449208747504,1.9621334973080773,0.7809029193074537,1
0.6474106529472365,2.113990222407169,1.0038746524609323,-0.13478617003801185,1,0,0,1,0,0,-0.29363875058271866,-0.2582439191375702,1.6979758599255073,-0.674469201106821,1.0005491981951113,0.3226364340143545,1.3532365037878993,-1.5224466421791505,1.3252687604062388,0.16911868385353335,0.47034683277840406,0.4046650919241902,-0.4393616676649173,1.5259133573798054,-1.0145923267949013,0.4400062026468115,1.1008482572672487,0.8575592865650498,0.03622492998512883,0.5159874767715705,-0.35703365254080033,1.073209475054141,-1.3695229926179808,0.8631138564385077,0.2257658146572321,-0.5159874767715705,-0.036224929985129536,1.6078859589875987,-0.8598699510432187,0.427426948368315,0.6020527635450756,1.0589927181562884,-0.15100471279239655,-0.22015379130249568,-0.26403600355210183,0.8219023601333442,-0.19302946221276363,1.33810702436318,0.7350191379471587,-0.1532440991387405,0.19459466390925928,1.489698983160128,0.2044646553166367,0.514734606344233,1.0901944480755505,1
0.8530127518051386,0.7740663918911503,2.8867879618748513,1.1851955068236681,1,0,0,1,0,0,-0.596493238681898,0.20925963186188729,0.13720772700535894,-0.42680714941682946,0.9183650044148796,0.4907808873729902,3.2689621127716424,-0.8452829554719765,1.5674761945206575,1.502855773512849,2.2167477476988844,0.22945769968529653,-1.9221575422894657,3.9638310071235936,-0.8691998796597878,1.920161810377538,1.403831203780723,2.3136294971658202,1.2589070016997488,-0.9356157016516281,-0.5849581552481349,0.28943202546725677,-0.2132150289427229,-0.6382462028181031,-0.6230717468283052,0.9356157016516281,-1.2589070016997495,3.529709398943906,-0.8598699510432187,-0.2276009282436361,0.7700192699756713,1.3662217623945152,-0.8756195703398886,-0.8726274695258333,-1.3713993881826885,0.20179139169817292,-0.3318094232724056,0.7310941790521709,1.2732889061533492,0.9488889670127426,0.600749411603942,0.9504049313745251,1.8507688677631275,1.4054416161681371,0.47161139053935697,0
1.2899172118781799,0.5679242641194551,-0.8790386569529866,2.505177183685348,1,0,0,1,0,0,-0.06649788450833415,-0.36174594908521135,-0.6687627022894718,0.4799368575883498,-0.934746749701287,-0.6491132924439313,-1.961727103591965,-0.08882731206328606,-1.1763614589595457,-1.2983393060875876,-1.5522538420387246,0.0057529155401453156,1.3941498341173955,-0.5814659847033834,-0.7012806959960017,-0.12383351225669789,-0.425985006063316,0.044827520574281556,0.46109514795545875,-0.44946226314143684,2.1468353305662387,-0.5806093329712073,1.4836847853802677,1.3315732006129748,2.061771366651853,0.44946226314143684,-0.4610951479554595,-0.6481676444393714,-0.7848207026180125,-0.5460172571522233,-0.5220307794904515,-0.6478353053894121,0.038025250046078915,0.4323198869208419,0.2342775195316623,-0.6043528672675491,1.8054019770460803,-0.6346847228976005,-0.350643614875499,0.4302381123532211,0.9730579303240674,-0.667477223982284,-0.9479482933959068,-1.211010225189582,0.16231986177126023,1
-1.0488066626304537,0.026801178718756015,-0.8790386569529866,-0.4281154315628296,1,0,0,0,1,0,0.8294466427850714,-0.5745647297640688,-0.3361399854376369,-0.20692028109393978,-0.7809772823064444,-0.2819680897645698,-0.361630544477018,-0.8120920063073095,0.11192755149831025,-0.7518517297012806,-0.506321332755106,0.754564474587409,0.8883444465667105,-1.000758246984119,-0.47623060733925776,0.3605481595018391,-1.230887625895237,-0.9126705309818943,0.7351254882829744,0.30004743805884815,-0.4970897736529825,0.637544396493745,0.20930741667403935,-0.2048239182300904,-0.23280260644137238,-0.3000474380588474,-0.7351254882829752,-0.9266927806649233,-0.40957446049198204,0.13630344765189217,0.3048812521678669,-0.22112829950298704,-0.18250970659880966,1.8188264531454346,1.5077454118568363,-0.29429738304996345,-0.5816133531797613,0.35171115073279,-0.5878472415426337,-0.39960325510201306,-0.44848368660732285,-0.667477223982284,0.12214944469431245,0.29205785388825667,-0.45626319576493324,0
-2.3595200428495775,-0.35971531085317227,0.27967722576327125,0.3052077222492148,1,0,0,1,0,0,3.8327536497686,-0.7501692974280442,-0.3233468040202586,-0.21560002589615912,-1.443601393685749,-0.4103123932590603,-1.620697144091505,-0.28208637524318764,0.31011808412295677,-0.7937781420292558,0.2750762899006967,0.2801414591870563,-0.16124283077273838,-1.023613277952904,-0.8620140621229407,0.4068406117010318,-0.2097684601881235,1.1482557810818093,1.465333844976243,-1.0712207285677868,1.230836504538898,-0.4763743614141089,-0.015106230812879965,0.8643402452589067,0.7634356313754433,1.0712207285677868,-1.4653338449762439,-1.038102835155144,-0.9349191994684248,-0.600602913536552,-0.3153027715758717,-0.3747428216220998,0.3845801819166189,-0.22015379130249568,-0.8177176958673952,-0.17027518936292965,1.194770148383656,-0.4070549059059717,0.15113328768959466,0.11904759955750843,0.46536449570571364,0.2207718024881207,-0.12479618717266176,-0.5986491559356475,-0.1469716669968365,0
-0.25209852955608386,-0.12780541711001567,-0.4445202009343899,0.5985369837740325,0,1,0,1,0,0,-0.1295925695289965,-0.33209087308897706,0.43145089960505906,-0.4950878085276215,0.37693137003492516,0.12721322625445072,0.3531839925047515,1.337132796453204,-0.5951359763320414,0.764856320050981,1.2909829357089724,-0.13649624258414186,-1.5352633826332613,-0.24020193084428051,1.5809648547386728,-1.3708346062294072,0.6689840445779052,0.8107912550114739,-1.171446535938352,0.9756618166055823,-0.7311178781160843,-0.2514808408486888,-0.5639857596559827,-0.36991841697168415,-0.8867611907507925,-0.9756618166055823,1.1714465359383512,-0.23037994010104354,1.4666567501381707,0.00893691608845806,-0.7029177864157086,-0.42594766232847037,1.5817699465603012,-1.4435419379712537,-1.2052948804881005,0.5118468759157585,-0.859173275299045,-0.5588081172337243,-1.0805009276974533,-1.164613265724808,-1.2100238385348534,-0.857816301083085,-0.20711139779498602,0.29205785388825667,-0.6418381130257917,1
0.15910566815972013,-0.07626988516709207,-1.6032360836506476,-0.8681093238500562,1,0,0,1,0,0,0.17326191857018283,-0.46059620240599214,-0.5536240695330674,0.011230638268506017,-0.8038477716495906,-0.36290996757816835,-0.7774892627496933,-0.3979933251907003,1.0030178208657705,-0.7157000282144379,0.3147073884892276,-0.28035501209417235,-0.653347169682447,-0.3293676691807053,-0.6272833132500885,0.019380983301881934,-0.6101007368520256,0.055988230721309346,-1.2315329784747313,0.8390486150612049,0.7520174518161009,-0.08214032379356744,-1.3516829432959232,0.361899117982485,-0.35447340805952754,-0.8390486150612049,1.2315329784747306,-0.23037994010104354,-0.4846237089171882,0.40923172957353837,0.3565632541465125,0.08610074473523979,0.7941451013999841,-0.8726274695258333,-0.4301405112466897,0.5738579727592754,0.5008703430854462,-0.2553016945782196,-0.5513543759015367,-1.112748180258855,-0.9223308922511192,0.1890486229713212,-0.4540570296619595,-0.09762646290970158,-0.5799798072721716,0
0.6474106529472365,-1.0812127580541053,1.0038746524609323,1.0385308760612593,1,0,0,1,0,0,-0.29363875058271866,-0.2582439191375702,-0.2721740783507456,-0.26536389609554994,0.033095078248883976,0.006471198576706979,0.43500101810642605,0.5871033757723957,-0.9947304715546558,0.18956309548690103,-0.2397179904859597,-1.5617657073632185,-0.15379683425566526,1.5246132740056968,-1.015769905019561,0.4414599048914604,0.986232743482637,0.7410934190834337,-0.04921092906325296,-2.0812553539315815,0.9184961146403873,-1.8233938005377759,1.8034545084682634,0.7218439937932434,1.0351786096567033,2.081255353931581,0.049210929063252244,1.7750010407229295,-0.7848207026180125,0.8095265430586199,0.9379857764062678,1.349153482159058,0.06953024385249205,-0.05703537174666111,-0.04256332662598434,1.1939689411944467,1.4168180860790833,-1.5452039908641146,1.5834782641026803,2.4659427168918424,2.716138722513749,-0.3819686083310823,1.0276167615398821,0.06938110143228039,0.904619530814692,0
-1.8455147957048228,0.7740663918911503,-2.327433510348309,1.1851955068236681,0,1,0,1,0,0,1.1070632568759857,-0.6268972168162469,0.13720772700535894,-0.42680714941682946,-0.4590889154263195,-0.15228220818477092,-0.7160807002519515,-2.1768967768261342,-0.14701817962486263,0.5951652096728235,1.6074493415273863,-1.6357059599381798,-2.6002218093228935,-1.573590010903091,-2.621986603455321,-0.5554038774601072,0.15796346821324436,1.5311177411149481,-1.4375436385994584,-0.8051695616290189,-0.5765849528115085,0.36121052327480996,-0.3571485572162969,-0.6473959303329423,-0.5949244040566298,0.8051695616290189,1.4375436385994576,-1.5951531076062477,-2.435904167972547,-2.1926845580794883,-2.0595703383551376,-1.9108880428132304,-0.24551969421163483,-2.666930084640012,-2.7556036189709214,-1.720552610450858,-0.3595654154843339,0.7310941790521709,1.0634549287170376,0.6895635396829819,0.36382580878204385,0.9821281108913258,1.6038232358961542,1.2384340518261547,0.40975308478573785,1
1.2899172118781799,0.026801178718756015,-0.8790386569529866,-0.4281154315628296,1,0,0,0,1,0,-0.06649788450833415,-0.36174594908521135,-0.3361399854376369,-0.20692028109393978,-0.272834674256688,-0.11829556335696156,0.013427673031641356,-0.9869575958750194,-0.7865918041286374,-0.11319012831331893,0.029289187030249336,0.20322639383324523,0.31242372083763614,-0.5864902862608834,-0.8903812464311106,-0.49284589414005964,-0.2566535461833441,0.056330895952562215,0.2246519615849838,0.05436948222367098,-0.604685689843924,0.46266588734168046,0.5800347534913507,-0.10158070209278124,0.016918778372896116,-0.05436948222367098,-0.2246519615849845,-0.7038726716844818,-1.009968447893631,-0.8371407578686448,-0.9354867953196102,-0.972132629863095,0.006520256239666901,0.2692014673650073,0.17890935030013266,-0.8523972546416179,-0.7759052986632599,-0.02767187758659086,-1.1808563082104715,-0.7496925819971905,-0.7361766328910565,-1.206771275767887,-0.20711139779498602,-0.2089648391376897,-0.8892713360402683,0
-0.35489957898503444,2.4232034140647105,0.27967722576327125,3.2385003374973924,1,0,0,1,0,0,-0.3062576875868511,-0.21928528988761545,-0.4896581624461761,-0.06110056841665506,-0.25510858092302485,-0.12142591222268084,-2.7754855847341897,-0.1098045220854364,-1.2432238352640077,-1.1866938583891289,-2.10312748347105,-0.9639420632840039,1.4172603576984524,1.2648855066005644,-0.3670884504997749,0.05608784499355143,0.738716894949682,0.6472642520703109,1.0967144819825039,-2.4024100761280907,5.123238962887198,-0.21703099867805514,1.7558915061782872,2.3356458713310473,3.36609629359239,2.4024100761280907,-1.0967144819825045,1.1900982546492709,-0.3345252120667762,0.03622974428062242,0.05939174276930372,0.3591932285025509,0.038025250046078915,0.10608304780917345,-0.3747723420151606,-0.29429738304996345,4.830805128146276,-0.17942508891434333,0.0872707728176734,0.9877877811122063,2.005367914048054,-0.2233527107470814,-1.1948939252628807,-1.9347096706715041,0.7809029193074537,0
-0.25209852955608386,-0.07626988516709207,-0.4445202009343899,-0.8681093238500562,0,1,0,1,0,0,-0.1295925695289965,-0.33209087308897706,-0.5536240695330674,0.011230638268506017,-0.5690568034191705,-0.2640803819604596,-0.7388309372313694,1.6197033250960668,0.15095214428569248,-0.036385902856066944,0.6627080468542124,-0.6619374399384231,-1.1568552236472172,-0.30782489964005133,2.0495030130890255,-1.3020420464785214,0.3902309861521676,0.7334323734022585,-1.3016642670278302,0.38817105265189955,0.7197873906291975,-0.1699465178221492,-1.51478332641995,0.4361013732697407,-0.14549895607754357,-0.38817105265189955,1.3016642670278296,-0.3974950218363748,1.6167552469885829,-0.4823339913705056,-1.0388507992769007,-0.8526546682148961,1.1722050270769362,-1.5251011477491712,-1.2606630497196296,0.015758101167622184,0.4731143508735179,-0.3311783002420958,-0.5513543759015367,-1.1905458084577836,-0.9731002357129547,0.47455723862252236,-0.20711139779498602,-0.04195727479570725,-0.5799798072721716,1
-1.074506924987691,-1.8542457371979617,1.0038746524609323,-2.334755631474145,1,0,0,0,1,0,-0.25578193957032125,-0.2692918886263634,1.1094895147261072,-0.6212334329865424,0.7841036895855243,0.27299804485794876,1.8413711686851968,0.6212246465765967,1.684716767491384,1.7244007277858369,0.30823003738193955,1.5318508286118742,1.2027858645247567,0.7936715447006614,-1.772717650988393,1.7100087973726823,0.5951440459002552,0.8563033472582112,1.974331540726502,0.13114384342216406,-1.7674441780826387,-2.6285199506224295,-0.5846703307667175,-1.7394194858815355,0.43529940821473595,-0.13114384342216406,-1.974331540726503,1.357213336384602,-1.4602639384448675,1.7829707485791584,2.6047303402175648,2.8170255824083608,-0.2770246880180474,1.0847935651441794,0.17890935030013266,1.13195784435093,-1.7196090338688252,-2.4557232588306284,-2.4033673071872457,-2.240813789143315,-2.5469498830298516,-0.2233527107470814,-2.2649916633530998,-2.4914015518114443,-2.3120123683735136,1
-1.074506924987691,-0.2566442469673251,1.0038746524609323,-0.4281154315628296,1,0,0,0,1,0,-0.25578193957032125,-0.2692918886263634,-0.1442422641769629,-0.3278580586715291,0.11818991696974626,0.04627134844085214,0.7138968014801342,-2.391590783408576,2.015222870329998,0.10867746778287492,-0.05861248118725071,2.4961054939615415,1.0450790584484737,0.7485250395250179,-1.7642839970413533,1.6651004160511893,0.5869840513481736,0.8199709976558871,2.1650017512739756,1.2571678076667228,-0.24477348074123953,1.5151124275045584,-1.0816118376474044,0.4352270896940661,0.876741180952369,-1.257167807666722,-2.1650017512739765,1.2736557955169365,-1.4602639384448675,1.6919946546052762,2.488445835765615,2.697547620760161,-0.30852968182446,1.4925896140337656,0.4557501964577793,1.0079356506638961,-0.3318094232724056,1.1863538130354276,-0.43275256256796935,-0.892321567028559,-0.685407289429221,1.1407440084753266,-1.6064699783745033,-1.378017789531564,0.10046155601764112,0
2.4207287555966395,-0.2566442469673251,3.176466932553916,-0.4281154315628296,1,0,0,0,1,0,-0.4703038686405733,-0.0640322449661538,-0.1442422641769629,-0.3278580586715291,0.4218831650902745,0.20413036981212454,4.100414006113226,-1.2001635728181526,2.2914922983634374,1.7148930695885594,2.237746722940881,2.9619505190625213,-0.8799911754232485,5.206559699584039,0.11610401084784254,1.696445457854527,2.7228936688127865,3.695541566588696,3.400585500693377,0.6670879417885637,-0.4993923858418863,1.7635726176904727,-1.4277826567416947,0.3832648504370424,0.6987967253437591,-0.6670879417885637,-3.4005855006933774,4.894482566449111,0.11577027848446049,0.03622974428062242,0.9121447754169449,2.117226092754623,-0.2770246880180474,-1.1173050988595852,-2.0358174189610403,0.8219023601333442,-0.5261013687559044,1.4898602356909325,-0.2776578835933038,-0.944186652494511,-0.7530997473783346,1.4579758036433286,-1.1125787146405561,-0.9883334727336057,0.16231986177126023,1
-0.6633027272718879,0.2587110724619126,-0.15484123025532542,-0.13478617003801185,1,0,0,1,0,0,0.21111872958258027,-0.4664109231895675,0.17558727125749374,-0.4568969313978565,-0.02735631279683657,-0.005603004191067395,-0.143302011431864,-1.1772074837028497,0.539789099554697,0.613196660437028,0.558841788366549,-0.13516786254041205,-1.0466150440834554,-0.8467981649049355,-0.6717234889162601,0.2173707081924777,-0.3446035006019589,-0.422291543669366,-0.04921092906325296,-0.1355460428462847,-0.6468458136008371,0.942836370403484,-0.5194731835508909,-1.1700920604097482,-1.1388071947057448,0.1355460428462847,0.049210929063252244,-0.5367575899491508,-0.18442671521636386,1.8284587955660994,1.6873748050966186,1.434494883336343,0.8571550890128092,1.0847935651441794,1.2309045656991897,1.5660355222555504,-0.6093693453916895,0.8828473903799233,0.014285041535478216,-0.2569742700706454,-0.685407289429221,0.1890486229713212,1.3568776040291806,1.4054416161681371,-0.5181215015185524,1
0.4932090788038099,-2.24076222676989,1.0038746524609323,1.7718540298733036,1,0,0,1,0,0,-0.571255364673633,0.13366826167540785,0.9047986120480549,-0.5818852565498148,1.22805899743904,0.5524934792971703,1.5049149353002023,-0.5579565156616715,0.10662838196738529,1.3642993752014114,1.0952429892376854,4.608877896173424,0.5076058283956756,1.392022931663315,-0.7657175435634278,1.14555102548297,0.48366889051159917,0.7310959801361672,1.0967144819825039,5.198251682522675,-0.7017279396142225,-0.001266197714611322,1.0054037338692876,-1.3634826462049288,-0.7100965982744909,-5.198251682522674,-1.0967144819825045,1.4407708772522676,-0.6347222057676005,0.34554846379182197,0.9121447754169449,1.0931292786272029,-0.5290646384693491,0.10608304780917345,-0.3747723420151606,0.2638024885416898,-0.7481493064513315,-0.17942508891434333,-0.5331079430809875,0.028283699992091807,-0.5161761445564365,-0.857816301083085,-2.676567716464722,-1.0996718489615938,0.16231986177126023,1
-0.1749977424843705,-1.3131226517972627,-0.15484123025532542,-0.13478617003801185,1,0,0,1,0,0,-0.2684008765744537,-0.2663845282345757,-0.24658771551598904,-0.29140313050220795,0.031184257872474305,0.020334172124892372,-0.4217708306175574,-0.7272917455526879,0.6729163380111116,-0.9553892468224288,-0.6202068602425355,0.1797773039655251,1.1205062419947902,-0.7996744705378381,-1.0750957202120763,0.6681477621357721,-0.7216422247221266,-0.5595768472773598,0.1590389773671773,0.08746187929198715,-0.21254270167041786,-0.07877654621519363,-0.24847511187004342,0.5751011588468954,0.25998141497425126,-0.08746187929198715,-0.15903897736717798,-0.7038726716844818,-0.9349191994684248,0.34554846379182197,0.6537347655237203,0.3079883877961804,-0.37153966943728567,1.0032343553662626,1.009431888773073,-0.10826409251941274,-0.3318094232724056,-0.2553016945782196,-0.5604775923118106,-0.5940973255993336,-0.3469449996836519,-0.3502454288142823,-0.6186874509066087,-0.6543183440496418,-0.5799798072721716,0
-0.5862019402001745,-0.6173929705677911,2.452269505856255,-0.8681093238500562,1,0,0,1,0,0,-0.24316300256618875,-0.29080635552559214,-0.6047967952025805,0.149527905450534,-0.5737420698703161,-0.33920875473772233,0.4831843456575429,-0.4573863445704201,2.1697961092632982,-0.14070241878232378,0.5139799848794333,-0.052702029425634296,-0.7566027932170151,1.2251290274855653,0.9430309467313664,1.441238305225378,0.5335022969979512,0.5577266021290452,0.1359000988749071,-0.20666334585120408,0.5522548943606403,1.572484812690568,-1.5178784657036573,0.7190916356765611,-0.12368767870483639,0.20666334585120408,-0.1359000988749078,1.8864110952131505,1.6918044954137887,1.8557516237582636,2.5013663362602756,2.680479340524704,-0.2140147004052217,0.02452383803125581,-0.04256332662598434,1.938102103316653,0.4731143508735179,1.413983630027056,-0.0951935553878152,-0.8534227529290943,-0.5500223735309933,0.6966194952401235,0.36909507656128593,0.29205785388825667,0.16231986177126023,0
-2.128217681634438,0.49062096620506923,0.27967722576327125,0.3052077222492148,1,0,0,1,0,0,0.2363566035908452,-0.475714476443288,-0.029103631420558513,-0.3648916364943316,-0.18789203091048182,-0.08386172583404945,-0.4897694777104276,0.6897015139262058,-1.1232120448198752,0.32727686346985385,0.4149994509283319,-0.07260022919262774,-0.7246200672483208,0.14038104353137626,-0.43538780685059764,-0.671753991859893,0.3629017114571516,0.30476351392754414,0.13286549185952784,-0.23079243079930178,0.8213034657045238,-1.382798919831913,0.8604205149838263,-0.08228280343913177,-0.24197735725995717,0.2307924307993025,-0.13286549185952856,0.04814519612450831,-0.4846237089171882,-0.2821865846279648,-0.5737127814690962,-0.40887938209301433,0.41608517572303205,-0.38327221085833024,-0.4855086804782194,-0.17027518936292965,0.5286263352973745,-1.3934507795363622,-0.642586540004281,-0.1402778277722523,-0.1607907403235886,-1.3336639938350878,0.12214944469431245,0.013711913318286572,-0.9511296417938885,1
0.3904080293748593,1.4440283071491598,0.27967722576327125,-0.13478617003801185,1,0,0,1,0,0,-0.3945902466157784,-0.14834569632799627,1.6851826785081292,-0.6727332521463771,1.1327572615091088,0.40581427530346686,1.5249231283994393,1.2797052650709995,0.8107737081536268,2.908125760902605,1.9972367434050369,2.21343495867441,-0.7970753866015761,0.5825929459223776,0.9149519510333691,0.5132907015041009,1.1861707817433444,0.7495304079629165,1.8768810325211516,1.1573935323539142,-1.5383227237018757,-0.839856858119417,-0.5925471666809338,-2.752503643925259,-1.864735023903888,-1.1573935323539142,-1.8768810325211522,0.939425632046274,1.391607501712964,1.2462117941332536,1.3643622927300878,1.8782701694582253,0.1010352376589052,1.4110304042558486,0.5111183656893089,1.0079356506638961,-1.497561096173398,-1.0140677512169813,-1.0166384128255321,-1.1257144516253432,-1.9546408759751055,-0.15990635171348128,-0.12479618717266176,0.514734606344233,-0.8892713360402683,1
-0.6119022025574117,0.7225308599482267,1.4383931084795292,-0.4281154315628296,1,0,0,1,0,0,-0.7605394197356201,2.07869236378136,-0.1826218084290977,-0.31512776629494077,1.422778168498944,1.8421972119735148,2.4283130984086063,0.18793001748696195,0.34237734925163066,1.9267173399957447,1.607069563551715,0.40600777373937996,-1.6064667655191267,2.9657713956944463,-0.622151583663762,1.2878938379492009,2.109348605474536,2.5675243922658946,0.46109514795545875,0.0964376253461319,-0.4132646410726779,-0.8811976455858848,0.8261677969946295,-0.5112768553245132,0.4174187005740125,-0.0964376253461319,-0.4610951479554595,3.1954792354732438,-0.40957446049198204,0.6912576208925736,1.3126802907514432,2.270840614873736,0.006520256239666901,-1.5251011477491712,-1.814344742034923,1.5040244254120325,-0.3595654154843339,-0.7864379342253526,0.1785029369204177,0.585833368751077,0.3299795798074865,0.1890486229713212,0.12214944469431245,0.18071947766026855,0.40975308478573785,0
0.4932090788038099,-0.6689285025107157,1.0038746524609323,-0.13478617003801185,1,0,0,1,0,0,-0.571255364673633,0.13366826167540785,0.20117363409225028,-0.4615261286257068,0.8933822820625698,0.45947739871579735,1.3655680370575796,-0.07349715298705668,0.7470878524326625,0.5873696831327225,0.995853624669427,0.5957410334419271,-1.0282945414295743,1.2265321973366823,-0.746062929988102,1.1664725214355396,0.5858797512628846,0.8564597540470646,1.1169885469471594,-0.29529592521500797,-0.6733190773495746,-0.6465123163442289,0.1508982679949411,-0.21255021565837223,-0.45849223150045104,0.29529592521500797,-1.1169885469471603,1.245803281894381,-0.6347222057676005,0.2636699792153276,0.8475422729436388,1.0760609983917457,-0.5605696322757617,-0.05703537174666111,-0.5408768497097485,0.20179139169817292,-0.3040534310604773,-0.1035484832504671,2.030515868206127,1.8176291485674405,1.5992131663533709,0.886958572340925,1.7684536571408034,1.739456744852101,1.708777505611744,1
-0.48340089077122306,0.0783367106616796,1.0038746524609323,-0.4281154315628296,1,0,0,1,0,0,-0.07911682151246661,-0.36058300492849626,-0.6559695208720935,0.3323811959506212,-0.8813816535575657,-0.5341847698025234,1.3869802097561068,0.08235143518520797,-1.4977650871271544,0.8520708734476676,0.15855670130119476,-0.46766792050271866,-0.48196461541939045,1.4452202126184401,-0.26700723356830386,-0.504900256374485,0.947227704265178,1.1224804861043531,0.3422533759207262,-0.9772859963810728,-0.4845827365697062,-0.38051191435872334,1.540118984268998,-0.21183800199776914,0.889752244422685,0.9772859963810728,-0.3422533759207269,1.7750010407229295,0.04072103005925432,1.0005763404037717,0.5503707615664309,0.9395147565080901,1.6762849279795395,-0.30171300108041293,-0.4855086804782194,1.2559800380379649,-0.44283339212011924,-0.3311783002420958,0.0963939892279486,0.8840576101803024,0.7361343275021692,-0.28679906978068154,0.12214944469431245,-0.32030321536567735,-0.023255055489598248,0
0.6731109153044746,-0.4370186087675581,1.0038746524609323,1.0385308760612593,1,0,0,1,0,0,-0.09173575851659908,-0.3495350354397031,0.022069094248954552,-0.3886162722870644,0.09176585984885456,0.03151398950246124,-0.7761997141433139,0.06434032556885465,0.6872540546325016,-0.9357229166804091,-0.2973455015861841,1.3409271630584778,1.2465526121027486,-0.355868684593298,-0.8100148734017567,0.3838486937754318,-0.16864501902678797,-0.18650514780131508,1.5152758231882966,0.3260326064644921,0.7237448007395136,-0.8997642344233456,-0.5537683968123438,1.0968757786080543,0.20447773829842936,-0.3260326064644921,-1.5152758231882975,-0.23037994010104354,-0.6347222057676005,0.5365982611369737,0.6666552660183818,0.5640125913280355,-0.05648973137315825,2.063504082479186,1.2862727349307197,0.015758101167622184,0.7506742729928018,-0.7864379342253526,0.2606118846128881,-0.07544647093981212,0.36382580878204385,0.09387908442092041,-0.37174181903963527,-0.26463402725168356,0.22417816752487937,1
0.72451144001895,0.49062096620506923,-0.4445202009343899,1.0385308760612593,1,0,0,1,0,0,-0.16744938054139394,-0.31929848736511135,-0.5920036137852022,0.13564031376698307,-0.6207128753726813,-0.35038857211529123,-1.3156690832206668,-0.20876783912123703,-0.2273414758420448,-0.6707092467399351,-0.4799085733598019,-0.5877436715673019,0.6637991881333494,-0.44766257477085997,-0.8558875754284296,0.8076824627773789,-0.3870416208915718,0.30476351392754714,0.20465562353765385,-1.004587223962434,1.3821707170910722,-0.5708689733153153,1.122426395952096,0.5223010758565899,0.9214469032985827,1.004587223962434,-0.20465562353765385,-0.48105256270404034,-0.8598699510432187,-0.2821865846279648,0.1627557467265941,7.593435579547688e-4,-0.34003467563087314,0.10608304780917345,0.012804842605544792,-0.23228628620644656,1.3613061016552261,-0.482931511569848,0.20587258615124074,0.7673611678819103,0.9561348158367899,-0.4136917878478824,-0.20711139779498602,-0.6543183440496418,0.22417816752487937,0
-1.305809286202831,0.0783367106616796,-0.15484123025532542,-0.4281154315628296,1,0,0,1,0,0,-0.23054406556205628,-0.2954581321524524,-0.6559695208720935,0.3323811959506212,-0.7344913508946546,-0.4840991879510149,0.2675548059415871,0.5315681340133669,-1.4644546622017778,0.40348418537819847,-0.7470818643217315,-0.6807338561461511,0.28682736377003387,-0.21296755144791873,0.01178304679303994,-0.5011544635062435,0.29397766395304625,-0.1048503717467254,0.11065768597424898,-1.0381887348318,-0.5848361387545443,-0.7177899485076527,1.498346678079863,-0.2535778845210636,0.8688770321316707,1.0381887348318,-0.11065768597424969,-0.28608496734615396,-0.10937746679115769,-0.3549674598070702,-0.5478717804797735,-0.40887938209301433,-0.11949971898598452,-0.13859458152457876,-0.2086678343205727,-0.6043528672675491,-0.5261013687559044,-0.6346847228976005,0.16025650409986858,0.9229564242797662,0.7530574419894479,-0.1916295312302808,0.2044646553166367,-0.26463402725168356,0.038603250264021984,0
0.3904080293748593,0.928672987719922,0.27967722576327125,-0.4281154315628296,1,0,0,1,0,0,-0.3945902466157784,-0.14834569632799627,-0.6431763394547153,0.28319597540471164,-0.4866647654576212,-0.33294805700628377,0.8441868316942273,1.7034272120863554,0.3829250327134389,1.3289995655170403,0.888454937628091,2.1425708241688532,-0.5065734426574324,0.5799050014732098,0.9112637982132553,0.47863011630023516,0.9320164779963701,0.7872935406166459,2.1492994986406546,0.7905619868667512,-0.5944280945969938,-1.425123238581204,-0.04249423981451589,-0.8712210876939611,-0.38639602369609527,-0.7905619868667512,-2.1492994986406555,0.939425632046274,1.391607501712964,1.2553094035306427,1.3514417922354265,1.7417239275745686,0.41608517572303205,1.166352774922097,0.17890935030013266,1.0079356506638961,-0.7203933142394032,-1.4693273852002382,-0.9071598159022387,-0.7885913960966542,-1.0407926936620688,-0.3819686083310823,-0.20711139779498602,0.18071947766026855,-0.3944048900113141,0
0.6731109153044746,0.8513696898055362,1.0038746524609323,-0.4281154315628296,1,0,0,1,0,0,-0.09173575851659908,-0.3495350354397031,-0.7711081536284979,1.8224040536649393,-1.4145015327698236,-1.677209298485164,-0.4063485635554594,0.324011899353503,0.03736784018870481,-0.6514815512051688,-1.0422615740584746,0.3304570781945706,1.5658296228878241,-0.11219667515863446,-0.7128209874985008,0.5523088783511834,-0.04184659251406904,-0.08513608156258043,1.4398140429228297,-0.9772859963810728,0.4529319733992531,-1.1588049174500223,0.5039340689097496,0.8386151807821112,1.271872278790114,0.9772859963810728,-1.4398140429228306,-0.007559831120602114,-0.5596729573423944,0.4456221671630917,0.6795757665130432,0.6322857122698633,-0.2770246880180474,1.9003856629233515,1.1755363964676604,0.015758101167622184,0.77843026520473,-0.8623145398892288,1.209426391281428,1.3249108366408955,1.6499825098152057,1.0138512904081252,0.12214944469431245,-0.32030321536567735,1.5232025883508855,1
0.6731109153044746,0.928672987719922,1.0038746524609323,-0.4281154315628296,1,0,0,1,0,0,-0.09173575851659908,-0.3495350354397031,-0.6431763394547153,0.28319597540471164,-0.8304101077663542,-0.48767672951183694,0.43065321901338627,0.11578823779701092,0.7804201951335243,0.45119602797686265,-0.014711508452393529,1.9852733125941509,1.096838580749152,-0.003988946590729781,-1.0306341858434083,0.768516795525713,0.08972335925659262,0.11066067355680659,1.4252941555476124,1.2940866261665431,-0.6028194927329563,-1.1913896926215717,-0.2945752869527032,-0.5205685778929073,0.1271642908742152,-1.2940866261665431,-1.4252941555476133,0.02029268250195297,-0.9349191994684248,0.1272058382545045,0.5116092600824467,0.529876030857121,-0.5920746260821743,1.6557080335896,0.954063719541543,-0.10826409251941274,-0.6926373220274746,-1.2416975682086098,-0.7064490548762022,-0.7367263106307022,-0.8715615487892844,0.1890486229713212,-0.9479482933959068,-0.48731077970765985,-0.1469716669968365,0
0.33900750466038404,0.3617821363477598,0.5693561964423357,0.5985369837740325,1,0,0,1,0,0,0.45087853266109723,-0.5001363037343045,-0.13144908275958464,-0.32554346005760393,-0.3943656371669791,-0.13305292229535245,-0.17750762903935124,-1.229689607487167,0.29321968826224903,-0.48766210290783046,-0.6229452870783706,-1.3101774557155736,0.15736552019553912,-0.051174156466057906,-0.38999455075776124,0.016650016471648082,-0.6119968171449693,-0.8872067398833001,-1.2737915754233924,-0.5235948099447552,0.19569606501982048,1.2970995979583322,-0.38410947593965833,0.05195447191183562,-0.056325318167447305,0.5235948099447552,1.2737915754233915,0.10385022336961848,-0.18442671521636386,0.6548671833030202,0.5632912620610914,0.2738518273252659,0.006520256239666901,-0.22015379130249568,0.4557501964577793,0.7598912632898273,0.917210226264372,2.5521327149851984,2.742126748207533,2.051022033164225,1.9545985705862188,2.2827784710801327,1.2745623934068555,1.0714264874841732,2.512935480408796,0
0.2105061928741954,-0.07626988516709207,1.0038746524609323,-0.8681093238500562,1,0,0,1,0,0,0.03445361152472564,-0.4001231062568086,-0.438485436776663,-0.1363250233692226,-0.49684451199202506,-0.20236779003627944,1.612119981918168,-0.453843873908881,2.239940569520322,0.8297662496994297,1.7729443852129236,0.47349165641731594,-1.7971919138992907,2.950155917899093,-0.5199629015476085,1.4479064256028626,1.6779221056055669,2.2539013932380154,0.33643704580791395,0.312111980532898,0.7060689543291303,0.10202753957920051,-1.6070674748200424,0.5428381661279685,-0.10441850825202534,-0.31211198053289735,-0.33643704580791395,3.111921694605578,-0.3345252120667762,0.5820863081239148,1.2997597902567817,2.0489529718127955,-0.18250970659880966,-1.6066603575270884,-1.8697129112664523,1.3179911348814817,0.5286263352973745,-0.02767187758659086,-0.350643614875499,-1.0868156375258795,-0.8377153198147269,0.6966194952401235,-0.12479618717266176,0.013711913318286572,-0.3944048900113141,0
-0.48340089077122306,0.18140777454752677,0.27967722576327125,0.3052077222492148,0,1,0,1,0,0,0.9556360128263961,-0.5984050849767277,-0.4512786181940413,-0.1102857889625646,-0.9921929460955794,-0.3749841703459427,1.4229003763391188,0.13588632368826573,-0.4426585882542052,0.8555152191459674,1.0550087533307624,0.9389315528001985,-0.8017552467640251,0.9079163814598186,-0.8689796526559185,1.303635747250974,0.17316305458716677,0.6478696352575828,0.6912331826893887,0.595033997706013,-1.0713982598329543,-1.0570329836053454,1.9151573231290269,-0.9840403470857736,-0.7390444481652714,-0.595033997706013,-0.6912331826893894,1.2597295387056588,-0.5596729573423944,1.1506868954606777,1.7519773075699248,1.7587922078100258,-0.009232240663539667,0.18764225758709038,-0.12561558047327853,0.44983577907224165,-1.1089772052064004,-1.1658209625447336,-0.8980365994919648,0.10608132819102022,-0.29617565622181696,-2.063297122721492,-0.20711139779498602,0.06938110143228039,-1.136704559054746,0
0.8273124894479005,2.4232034140647105,0.27967722576327125,3.2385003374973924,1,0,0,1,0,0,0.16064298156605036,-0.4448964562903387,-0.5664172509504457,0.057522610547009106,-0.8235834686561119,-0.38661118041861436,-4.203952084404114,0.06912289773738702,-1.3882534152329715,-2.585398312093173,-3.3074701398334474,-2.259300687666941,2.608397262848159,-0.7986449359747705,0.6999615683095471,-0.35532357435069073,-0.8269362003176258,-0.8644957910656336,0.8615353283924961,-3.9358769221716683,5.04770109902462,0.6063327868582385,1.5407230004406143,2.6727305428229897,3.4558612888019824,3.9358769221716696,-0.8615353283924969,-0.5924626171942612,1.0914105080121401,1.0824548249802661,0.705416767502365,0.3079883877961804,0.8571550890128092,2.063504082479186,1.6738499195514247,0.2638024885416898,4.719781159298561,0.5793409677244183,0.041654690766301246,0.8321925247143505,1.988444799560775,-0.2233527107470814,-0.6186874509066087,-1.7677021063295222,0.7190446135538346,0
-1.9740161074910114,-0.4885541407104817,1.4383931084795292,-0.8681093238500562,1,0,0,1,0,0,0.9051602648098662,-0.5832868109394319,0.13720772700535894,-0.43664419352601136,-0.3868766239991741,-0.11114048023531749,0.8380470732739493,1.6087219382164908,-0.49838993696414224,1.2835718590697267,0.7357295732384914,-0.07746766038249214,-0.8300534144827141,0.5451383392459024,0.5940671165531693,-0.06915000502416775,0.8619283749736318,0.47316211247556095,-0.43967950362031105,0.33041212922948743,-0.6206290503097459,-1.6128979505156433,0.6118266537434784,-0.8793493502311513,-0.4945337689759098,-0.33041212922948743,0.4396795036203104,0.577342954953057,0.641115017460903,0.23637715102316323,0.1627557467265941,0.512807750621665,0.038025250046078915,-0.46483142063624716,-0.319404172783631,0.7598912632898273,-0.3318094232724056,-1.317574173872486,1.50136931641021,1.6490676208030963,1.1084428462222957,0.6331731362065233,0.7806711296729086,1.0714264874841732,1.0901944480755505,0
-0.7147032519863632,-0.9266061622253344,0.27967722576327125,-0.13478617003801185,1,0,0,1,0,0,-0.7100636717190902,1.1977621650696955,0.43145089960505906,-0.49161591060673376,1.510989268949564,1.3010940508991817,0.23593043228511082,0.7314852437666077,0.36350626657249874,0.35116944262105015,-0.15046799386260695,-0.8053000464040039,-0.7509563228210001,0.17468023840159064,-0.6805883212550735,0.5602670247040675,0.5240993378975916,0.32417495145315556,0.271474372857786,-1.3675781934948892,-0.15352857325955654,-1.6857848929217962,0.06608908394508436,0.04528067056193093,0.5121095058959878,1.3675781934948892,-0.2714743728577867,0.4102278732177254,-0.40957446049198204,0.9368930746220554,1.1188727833315248,1.3150169216881435,-0.024984737566746233,0.18764225758709038,0.06817301183707392,0.8219023601333442,-0.22386945355935062,-1.6126498625653376,-0.31009598638539054,-0.23104172733766892,-0.19651731535228834,0.16437503890269836,1.1648087792437567,0.5085491409982337,-0.3188002940902252,1
0.5703098658755232,1.830544796721088,-0.8790386569529866,-1.161438585374874,1,0,0,1,0,0,0.3877838476404349,-0.49141422255894146,-0.3361399854376369,-0.2011337845591269,-0.578168051398727,-0.2224914613159034,-1.5726492265999423,-0.04566510892533207,-0.6362984951814061,-1.3436069769354781,-1.5813262397628147,-0.6277730021273606,0.9527088470115286,-1.504915512042919,-0.5405654432016443,-0.19656235922016893,-1.7785222957721645,-1.5980954870013158,-1.674074396520441,0.8041191033027003,0.6831131843593793,-0.47884979917487264,0.6723151444241413,0.051574079623248545,0.4955723596609857,-0.8041191033027003,1.6740743965204403,-1.4280380258709164,-0.5596729573423944,-0.20940570944885942,-0.2765412700918884,-0.9379960693921812,-0.2140147004052217,-0.30171300108041293,0.6218547041523672,-0.23228628620644656,0.5841383197212315,-0.482931511569848,-0.12256320461863823,0.2357440418559006,0.24536400737109418,-0.2550758902638815,-0.6186874509066087,-0.32030321536567735,0.40975308478573785,0
0.5960101282327613,0.7740663918911503,0.5693561964423357,1.1851955068236681,1,0,0,1,0,0,-0.19268725454965888,-0.2966210763091675,0.16279408984011548,-0.4412733907538617,0.2850570594773571,0.11290306001116258,0.6142066470616789,-0.9419311663526511,0.08787712786312948,0.6820493951470747,0.7138113654830597,-0.21612066569580213,-0.5745973775801694,0.30385976494396194,-0.8491553046735622,-0.39324040797679816,0.47183157890824656,0.1993789350186188,-0.01835909107355938,-0.27655448845948655,-0.5504561973252275,0.4421649432029336,-0.515299663746417,-0.45354461380586636,-0.7333350106435593,0.27655448845948655,0.01835909107355796,0.18740776423728422,-0.8598699510432187,-0.30947941282012914,-0.4574282770171454,-0.2552648599739003,-0.024984737566746233,0.10608304780917345,0.12354118106860354,-0.17027518936292965,-0.44283339212011924,0.5793409677244183,0.44307621281837667,0.09311505682453199,-0.093098282374475,0.37938770007212164,1.0276167615398821,0.9600881112561845,-0.023255055489598248,0
-0.07219669305541997,0.3617821363477598,-0.8790386569529866,0.5985369837740325,1,0,0,1,0,0,-0.4198281206240434,-0.13962361515263325,-0.13144908275958464,-0.32554346005760393,0.34847726108323646,0.14420654866835542,0.4651371577460018,-0.8363507905168601,-0.37211324862857115,0.11305240559783011,0.08435653211973855,-0.8659730488064304,0.05427294137621384,0.7786203355763499,0.16956648206137453,-1.0218196721920216,0.39180325858129433,0.15202592086004268,-0.6135009981005504,-0.572621134230685,0.13120372456465185,1.317785686488666,-0.5181389498965837,0.23577889793096485,0.03875609907707431,0.572621134230685,0.6135009981005497,0.38237535959517033,-0.18442671521636386,-0.973604898829468,-1.2843403086754637,-1.091610591511294,0.006520256239666901,-0.6279498401920818,-0.4301405112466897,-0.728375060954584,0.8616982418405155,2.6280093206490753,2.8424821287205515,2.0380557617977377,2.039214143022611,2.473117548180934,1.3568776040291806,1.127095675598167,2.6985103976696543,1
0.18480593051695732,0.6452275620338409,0.27967722576327125,1.0385308760612593,1,0,0,1,0,0,-0.43244705762817587,-0.1134573716265442,-0.31055362260288033,-0.2427965596097797,0.18319736582447504,0.10038166454828545,-2.0545890418389874,0.12005552411249,0.9222706046885828,-1.4694838546740263,-1.2368196383091499,-0.38896857540347757,0.9758468681132687,-1.313130867141104,-1.139387698344083,2.048455760855312,-1.178473109253452,-0.8630915343512,-0.5252107151899527,-0.009609152108407288,1.5448911866215105,-1.306193558430415,0.7977256744816758,0.8166241223196754,0.76528520807942,0.009609152108406583,0.525210715189952,-1.3166279713806959,-1.2351161931692491,-0.9463120706373036,0.12399424524260985,-0.3576745413866426,-2.135819322596396,-0.22015379130249568,0.012804842605544792,-1.4725082230767892,1.7776459848341521,-1.0899443568808573,0.7988816528190786,1.130416766143575,1.446905135967865,-0.12818317219668063,0.12214944469431245,0.1250502895462747,1.1520527538291696,0
-1.074506924987691,1.830544796721088,1.0038746524609323,-1.161438585374874,1,0,0,1,0,0,-0.3062576875868511,-0.22626295482790584,-0.3361399854376369,-0.2011337845591269,-0.027162844123158253,-0.01857159234904728,-0.20046020499800243,-0.7825993540250877,0.4941764962013956,0.2874968138133146,-0.06363346774467292,1.4219225920175873,0.6110728461380789,0.39148148566917856,-1.7250950929061357,1.2775681480472074,0.31978871746242843,0.235558422433823,1.2554872798984806,0.6941558255444424,0.6699084825871666,-0.6540202203777404,0.6082769552670098,-0.07129262958923638,0.31270357635844254,-0.6941558255444424,-1.2554872798984815,0.744458036688388,-1.4602639384448675,1.2916998411201945,1.8682618120218755,1.9465432904000532,-0.49755964466293656,1.3294711944779316,0.7325910426154264,0.7598912632898273,0.5841383197212315,-0.6346847228976005,-0.08607033897753999,0.2357440418559006,0.19459466390925928,-0.2550758902638815,-0.6186874509066087,-0.3759724034796717,0.22417816752487937,1
0.7759119647334253,1.6244026689493918,1.1487141378004646,-1.6014324776621007,1,0,0,1,0,0,0.17326191857018283,-0.4460594004470538,-0.7455217907937414,1.6111969301442688,-1.4495052642681272,-1.588217952159716,0.40153407424681253,0.6198308216828634,-1.6311965801994375,-0.06749186945566515,-1.1839539181534218,0.31198842821224665,1.6499106553783933,-0.6688358820518651,0.5902746003739142,-0.6396162833741028,-0.46874181547148214,-1.0144380459168507,0.416552302523086,0.012383503443245562,-1.2266358373567368,-0.2594131181894247,1.5871476901097874,-0.37361919892420997,0.5487967713917156,-0.012383503443245562,-0.4165523025230867,-0.5924626171942612,0.641115017460903,0.2454747604205509,-0.1344157646506147,-0.3064697006802721,0.1010352376589052,1.4110304042558486,1.2862727349307197,-0.23228628620644656,-1.0812212129944723,-0.02767187758659086,0.7350191379471587,1.519404907138216,1.243827762120523,-0.12818317219668063,-0.28942660841731066,-0.32030321536567735,1.0283361423219313,0
-0.07219669305541997,-0.35971531085317227,-0.8790386569529866,-1.161438585374874,1,0,0,1,0,0,-0.4198281206240434,-0.13962361515263325,-0.7966945164632545,2.201419576695183,-1.2535148208475249,-1.808683950845374,0.7616075785422456,0.36362138650921255,-0.7509448423581755,-0.21679936698289548,-0.35482308244009503,-1.6071327446418846,0.3589889263701763,0.6670574195073953,0.04318671486606233,-1.0588482836402675,0.4129565290915628,0.47041777262865264,-0.67984341407292,-1.5176769613645098,-0.39251796367311564,-0.45581826160181843,-0.03747365381451267,0.7023625833641197,0.9205587805567138,1.5176769613645098,0.6798434140729193,0.24311279148239442,-0.3345252120667762,-1.11916664918768,-1.4135453136220761,-1.2110885531594928,0.16404522527173035,-0.7910682597479163,-0.5962450189412776,-0.728375060954584,-0.19302946221276363,-0.17942508891434333,0.9174834661526473,0.754394896515422,1.0238272737859035,1.109020828958526,0.28677986593896093,-0.3759724034796717,0.904619530814692,0
0.5703098658755232,0.6452275620338409,2.452269505856255,1.0385308760612593,1,0,0,1,0,0,-0.6469689866984278,0.4185895800705996,-0.31055362260288033,-0.2427965596097797,0.6819645557801033,0.5095629805673059,0.3920404621244686,0.5208572497746948,0.2804375088678191,0.2834573837003427,0.43338403246560503,0.28330811811837137,-0.31871175968866905,2.1725078536691274,-0.7764598413637275,1.3184590129717868,1.2223704489875056,1.694768150025332,0.09517567272851181,0.2920044097428146,1.625602443599913,-1.492733345269789,0.9415566869996924,0.8291489745684745,1.0911907710384565,-0.2920044097428146,-0.09517567272851252,1.8864110952131505,-0.7848207026180125,-0.2639913658331881,0.4340862571144791,0.9395147565080901,-0.7495995951142377,-0.9541866793037505,-1.0945585420250417,0.38782468222872474,1.7498899926222238,-1.317574173872486,0.5525548097416701,0.9877877811122063,1.3115202200696365,-0.09645999267988113,-0.4540570296619595,-0.3759724034796717,1.0901944480755505,1
-1.074506924987691,1.6244026689493918,1.0038746524609323,-1.6014324776621007,1,0,0,1,0,0,-0.3062576875868511,-0.22626295482790584,-0.7455217907937414,1.6111969301442688,-1.0253397591341906,-1.4191791134108747,1.1786889066112494,-1.1757113667049024,-0.5599191555738413,0.43791307773858806,-0.37101132895069,0.9211502283799595,0.9162099171481177,0.29533895554211165,-1.647148539506263,0.9233375877805055,0.11782371546520796,-0.08752159250071948,1.0546828838850468,0.21031740340811067,-1.343896412607368,-0.03637649987260033,1.6932934724540916,-0.4747603368680838,0.39688509789250503,-0.21031740340811067,-1.0546828838850475,0.438080386840281,-1.4602639384448675,0.5911839175213025,1.0155087793742343,1.0248561576853752,-0.6865896075014126,1.166352774922097,0.6772228733838963,0.20179139169817292,-1.2200011740541141,0.12408133374116129,0.4978155112800227,1.3508433793738719,1.0407503882731821,-0.44541496736468245,-0.37174181903963527,-0.32030321536567735,0.7809029193074537,0
-0.35489957898503444,0.5679242641194551,-1.168717627632051,2.505177183685348,1,0,0,1,0,0,-0.7731583567397526,2.209523581411805,-0.6687627022894718,0.4191786439728145,0.7118913981583822,1.375328038286239,-1.7830460225695268,0.11257171103125119,-1.0390114522885123,-0.7132572332438591,-0.7235631560269798,1.1800982688126174,0.6576496597802124,-0.4314679830795499,-0.4588575613758721,-0.10979750909069715,0.46838809149957217,0.8675573613215798,1.90767708056873,-0.28249761283093816,2.048251173674748,-0.6141816381786038,1.31002755456335,1.4280101203038769,1.7876684470303057,0.28249761283093816,-1.9076770805687304,-0.3417899945912644,-0.3345252120667762,0.35464607318920965,0.24027874969456073,0.4274663494443799,0.8571550890128092,0.4323198869208419,-0.3747723420151606,0.20179139169817292,1.7776459848341521,-0.6346847228976005,-0.23204180154193166,0.45617065508619664,1.0407503882731821,-0.7626467625326843,-0.9479482933959068,-1.1553410370755877,0.5334696962929761,1
-0.9717058755587404,1.6244026689493918,-0.4445202009343899,-1.6014324776621007,1,0,0,1,0,0,1.296347311937973,-0.6431784350102578,-0.7455217907937414,1.6111969301442688,-1.9418123713924407,-1.73981627579955,0.8914716601110755,0.41202182488076694,-1.0742254363388706,-0.09864469119576534,-0.6340101907120465,0.031931121214013446,0.7277736974185187,-0.14752099576202965,0.3903593457521157,0.225557658672457,-0.5594443948713067,-0.29386174961423217,-0.088318892712161,0.13114384342216406,-1.3870142849893403,-0.17445946187278052,1.6951658525085211,-0.421472871661075,0.5373454962367803,-0.13114384342216406,0.0883188927121603,-0.20252742647848845,0.26586877533487285,-0.24579614703841146,-0.09565426316663046,-0.3064697006802721,-0.24551969421163483,0.02452383803125581,0.06817301183707392,-0.35630847989348147,-1.2477571662660425,0.04820472807728505,0.6985262723060605,1.5453374498711925,1.243827762120523,-0.2233527107470814,-0.28942660841731066,-0.26463402725168356,1.0901944480755505,0
0.31330724230314594,-0.4885541407104817,0.27967722576327125,1.0385308760612593,1,0,0,1,0,0,-0.8236341047562825,6.768264675734873,-0.054689994255315046,-0.35621189169211226,2.7160309742624507,5.480556979329527,-1.0758765704520197,-0.13219742576805799,1.0407446235372921,-0.18548341896787496,0.5335723513003119,0.1025011651264824,-0.3816857673349829,0.1201416957473031,-0.9314277374172203,1.1609481918008488,0.8060939787972021,1.9759908940098916,0.49320743187182114,-0.34935776200978186,1.6160767277573975,-0.751638744640561,-0.25609179418369876,1.0498851233732918,1.235500323668925,0.34935776200978186,-0.4932074318718218,0.02029268250195297,-0.9349191994684248,-0.31857702221751816,0.3048812521678669,0.6322857122698633,-0.05648973137315825,-1.1988643086375024,-1.482135726645747,0.5118468759157585,1.916425945893794,-0.482931511569848,0.9448531153834703,0.6506647255835172,1.0745966172477384,1.4262526241265279,-0.4540570296619595,-0.6543183440496418,1.3376276710900281,1
0.31330724230314594,-2.24076222676989,0.5693561964423357,1.7718540298733036,1,0,0,1,0,0,0.47611640666936217,-0.5042066082828072,0.8792122492132983,-0.5749414607080393,0.16529207817420957,0.0565567804282155,0.21167157684514967,0.30745107520772164,-0.22409055339839318,-0.0763534046403338,0.4115186060792015,1.2656395484972935,-0.25954980411250017,-0.6828450507198662,-0.36981835141134267,0.20257843561307123,-0.9625188606336611,-0.6946555316401208,-0.946287449071263,2.664697762972419,-0.9766252092221551,-0.7924621554868507,0.5099110847748647,-0.8512687021455498,-1.2131902653418343,-2.664697762972419,0.946287449071263,-0.8152827261747027,-0.6347222057676005,-1.028190555213798,-0.7804407893836761,-1.0745423112758372,-0.844114576533476,-0.6279498401920818,-0.26403600355210183,-1.2244638357027204,-1.0257092285706153,-0.9381911455531051,-0.8524205174405927,-0.4903671546674297,-0.7700228618656133,-1.4922798914190887,-1.0302635040182315,0.29205785388825667,-0.76555472453303,1
1.7782221966656961,0.38754990231922204,0.27967722576327125,0.5985369837740325,0,1,0,1,0,0,-0.6722068607066928,0.5348839957421064,0.5210031695267069,-0.510132699518135,1.3823924866027841,0.8056045447253295,1.1740599627909927,0.7523078727342553,-0.9363112430776814,0.4951660239932273,0.23915401449144633,0.36787719584825235,0.0966410780860974,1.3818138236550641,0.009963768178514484,-0.9596491357428754,0.3172183936710191,0.07952426917470512,-0.12950004961474557,0.6301771912123648,-0.2518668668687321,-1.0225846807484813,0.31561400268776135,-0.3543890239150884,-0.23327196093145927,-0.6301771912123648,0.12950004961474487,1.7192960134778195,0.340918023760079,1.0278691685959374,0.3048812521678669,0.4274663494443799,1.550264952753888,0.5954383064766764,0.7325910426154264,1.3179911348814817,-0.38732140769626244,-1.0899443568808573,-0.6608329728248301,-0.41256952646850126,-0.5161761445564365,-0.6992004034990842,-0.4540570296619595,-0.2089648391376897,-0.332546584257695,1
0.4932090788038099,-0.02473435322416849,0.27967722576327125,0.5985369837740325,1,0,0,1,0,0,-0.016022136491804253,-0.36930508610385926,-0.68155588370685,0.4191786439728145,-1.0219726052071874,-0.607971564494478,-0.3148397961395645,-1.19963207993127,1.0878412227935654,-0.4890868618933587,-0.0027558733994607547,0.0017041874977589098,0.13500928065285736,0.8793631344356133,-1.2435848724325542,0.9657819543262987,-0.07493341977429048,-0.3247626058631571,-0.38904162214375715,0.38817105265189955,1.3164416832907782,0.4007366522101654,-0.5165976700141718,0.5864221008192946,-0.31348470432227754,-0.38817105265189955,0.3890416221437564,0.49378541408539117,-1.3101654415944555,-0.8917264142529749,-0.3153027715758717,-0.32353798091572933,-1.6317394216937933,-0.30171300108041293,-0.1532996650890431,-0.9764194483286528,1.0282341951120857,0.19995793940503753,-0.4509989953885172,-0.6329961396987983,-0.38079122865820925,-0.5723076854318833,-0.20711139779498602,-0.04195727479570725,-0.45626319576493324,1
-0.14929748012713334,0.3102466044048362,-0.15484123025532542,-0.4281154315628296,1,0,0,1,0,0,-0.20530619155379135,-0.29255077176066474,1.8259076740992901,-0.6773624493742274,0.9333833856429823,0.29848802847880573,0.39263210021486533,-2.142005175740117,1.0777677144316105,0.35181751658116184,0.8893615218088822,-0.48607331879552906,-0.9739146676929487,-0.739140575912019,-1.256802423277978,0.6052569669414045,-0.7018671478298568,-0.5413573594864354,0.3169427525726682,-0.9772859963810728,-1.2845050474973654,1.6809322483918345,-0.8651196900434317,-1.1712422168248444,-1.684743630568365,0.9772859963810728,-0.31694275257266885,-0.6203151308168162,-1.0850176963188372,0.5002078235474204,0.7570987694810098,0.4103980692089227,-0.2140147004052217,1.247911984700014,1.1755363964676604,0.07776919801113909,-0.7481493064513315,4.373171250918228,5.214518395391903,3.6588396826087424,2.6992156080264706,3.5834288312689404,5.554953345767732,5.023938843577749,3.255235149452228,1
0.544609603518286,1.1605828814630785,-0.15484123025532542,0.5985369837740325,1,0,0,1,0,0,-0.4955417426488382,-0.0233291994811264,-0.4001058925245282,-0.14789801643884834,0.17807456053538515,0.09635693029236066,0.508748461729557,0.20582328426422655,1.1032987213837346,0.1931137078956495,0.9181000717484802,0.24497655225967083,-0.507400512881134,0.6271603529416863,-0.9158500801923984,1.0039526406518196,1.1101623803969578,1.671971839070808,0.20465562353765385,0.13114384342216406,-0.08077588529134738,-1.1999774222120645,-0.4993707298260085,0.8399338520446734,0.43878001982981674,-0.13114384342216406,-0.20465562353765385,0.10385022336961848,-1.1600669447440433,-1.446680587493655,-0.806281790372998,-0.3747428216220998,-1.1906695084040155,-1.6882195673050053,-1.9250810804979817,-0.9144083514851348,0.3620903820258042,-0.7864379342253526,1.8845444056417364,1.2730457511749436,1.5992131663533709,1.6800380602609295,-0.28942660841731066,-0.26463402725168356,2.018069034379841,1
1.341317736592655,1.2121184134060021,0.27967722576327125,0.3052077222492148,1,0,0,0,1,0,-0.5081606796529707,-7.03163468250324e-5,-0.46407179961141953,-0.10160604416034526,0.1044848315739407,0.07846922248825047,-0.7454211103953752,-0.1899141716942895,-1.961390761637773,0.1731887858466849,0.23609779959905755,-0.2240807668007608,-0.7838902072151734,-0.8037722206390325,0.02674283582563714,-1.3677683251551764,0.3487532553336221,0.22072539446418213,0.46715141202740545,-0.7689345227338477,0.23340646726320227,0.28745354658084504,1.3068116184317784,0.11185088159570995,-0.091443315614147,0.7689345227338477,-0.4671514120274062,-0.6481676444393714,0.26586877533487285,0.74584327727690225,-0.1473362651452761,7.593435579547688e-4,1.865314890818015,-0.46483142063624716,-0.7069813574043363,0.5118468759157585,0.44535835866158957,0.5793409677244183,0.8627441676909999,1.4805060930387524,1.446905135967865,-0.9212626601166852,0.6983559190505837,0.3477270420022505,0.40975308478573785,0
0.31330724230314594,1.7790092647781635,0.5693561964423357,0.3052077222492148,1,0,0,0,1,0,0.47611640666936217,-0.5042066082828072,-0.6943490651242283,0.5349085746690722,-1.3801488435131979,-0.8011588087788679,-1.5655788396061114,-0.4048795104287693,0.7224829827039735,-0.992224408760313,-0.7101780776126537,-1.2393950644908505,0.1551331703543713,-0.6293969785341356,-0.3590791295010515,0.09770289548909478,-0.8243227260198898,-0.65011351035538,-1.1427899248825406,-0.5569819125050662,1.5480894418939222,0.19599224510436533,-0.8894764531443045,0.5230468588060776,0.2885569740185177,0.5569819125050662,1.14278992488254,-0.7317251853070371,-0.5596729573423944,-0.7916527108817039,-0.625394783447741,-0.8867912286858101,-0.655084613695,-0.709509049969999,-0.26403600355210183,-1.0384305451721696,1.8331579692580091,0.5034643620605421,0.9174834661526473,0.2616765845888761,0.46536449570571364,1.4579758036433286,0.8629863402952329,0.6260729825722207,1.0901944480755505,1
0.4932090788038099,0.6709953280053031,0.27967722576327125,1.0385308760612593,1,0,0,1,0,0,-0.016022136491804253,-0.36930508610385926,-0.1826218084290977,-0.30471207253227756,-0.14565128739114255,-0.04853350292093184,0.7981612636854795,-0.16686104923194797,-0.23360966104188255,0.0557657433658168,-0.41213788465016626,-0.917978873453435,-0.17515945499522081,1.0569866320968906,-1.450064588992817,0.7987373115126971,0.18638149829269599,-0.020020334192416892,0.06512235289855199,-1.3166012534636966,-0.053734077856482015,-1.2236208461651261,1.1220062007518157,0.10947678166591883,0.5162534751987502,1.3166012534636966,-0.0651223528985527,0.6887530094432773,-1.4602639384448675,-0.7643598826895395,-0.2765412700918884,-0.18699173903207253,-1.348194477436079,-0.05703537174666111,-0.09793149585751397,-0.9144083514851348,-0.19302946221276363,-1.2416975682086098,-0.5513543759015367,0.06718251409155555,0.10997909147286698,-0.9529858396334858,1.0276167615398821,0.4033962301162448,-0.3944048900113141,0
0.544609603518286,0.0783367106616796,-0.15484123025532542,-0.4281154315628296,1,0,0,1,0,0,-0.4955417426488382,-0.0233291994811264,-0.6431763394547153,0.35842043035727916,-0.3158344733666735,-0.29493667792254963,0.6972659897064456,-0.23482723862384966,-0.28103692935687735,0.7883478502891553,0.4246154399361859,-0.9870406765268135,-1.079496908109192,0.2634536081891674,-0.9658834093203433,0.7664284339450783,0.8748421079555693,1.3588461572631194,-0.5745260083472232,-0.7763978591033001,-0.7063255908995257,-0.6452930413952324,1.1543735592621245,-0.1975286269885425,0.7746279267553384,0.7763978591033001,0.57452600834722245,-0.11896988561082296,-1.1600669447440433,-1.264728399545891,-0.7416792878996918,-0.3918111018575571,-0.9701345517591269,-1.7697787770829225,-1.814344742034923,-0.6663639641110671,-0.6371253376036178,-0.5588081172337243,0.1876261533306929,0.7673611678819103,0.6345956405784983,-0.0012904541294803558,0.2044646553166367,-0.15329565102369538,0.10046155601764112,1
0.31330724230314594,0.3102466044048362,0.5693561964423357,0.3052077222492148,1,0,0,1,0,0,0.47611640666936217,-0.5042066082828072,-0.8478672421327675,6.738032859988486,-3.0685964155518652,-5.595064500280397,-0.41912142467116315,0.33431821381338034,-0.6837385436366834,-1.0564521783596457,-1.734725937752496,-0.5363976748600219,1.5752661367060932,-0.47669014314813024,-0.43261645222879236,0.04455865794613742,-0.6068462275085296,-0.32433597459411995,-0.01835909107355938,-0.7133741297612541,0.10649536918698004,-0.8922479052224799,0.9794706485434257,0.8254604050877498,1.9385777266388784,0.7133741297612541,0.01835909107355796,-0.5089050763265954,-0.4846237089171882,-0.2912841940253525,-0.22485926811324272,-0.4430159425639276,-0.11949971898598452,0.10608304780917345,0.12354118106860354,-0.6663639641110671,0.05677446769459199,-0.8623145398892288,-0.12256320461863823,0.39133929825375646,0.7192112130148905,0.2524949820049213,-1.0302635040182315,-1.378017789531564,0.7190446135538346,0
0.6731109153044746,0.7482986259196881,1.0038746524609323,1.478524768348486,1,0,0,1,0,0,-0.16744938054139394,-0.3088319899546757,-0.7583149722111197,1.7703255848516233,-1.2560035843316955,-1.6056584672687233,-0.6960074224375931,-0.4405752664818818,0.8704399670508136,-0.7267397560540021,-0.39053116577604413,0.8985788931836897,1.1487108023625479,-0.1454031314967069,-1.4339446163041993,0.949631818303279,0.35324723318870077,0.6987068341333726,1.4819217163109606,-0.2441974779926877,0.8225301678400301,-0.8317908582582411,-0.2356321996186047,1.3320524346690594,1.189860873430201,0.2441974779926877,-1.4819217163109613,-0.3417899945912644,-1.4602639384448675,-0.8553359766634215,-0.28946177058654887,-0.135786898325702,-1.033144539371952,0.6769975162545934,0.012804842605544792,-0.728375060954584,0.8616982418405155,-0.7105613285614767,0.3062279666642602,0.13201387092399572,0.6684418695530556,0.6331731362065233,-0.7010026615289333,-0.8769950965056176,0.6571863078002155,0
-2.128217681634438,1.8047770307496258,0.27967722576327125,-0.13478617003801185,1,0,0,1,0,0,0.22373766658671274,-0.46582945111120994,-0.8350740607153893,4.516018190620338,-2.4717225081872276,-3.848329833209038,-0.7486977289059669,0.4967796032838104,-0.49956718547729356,-1.2256084720698333,-1.7004931322360606,-1.6176241300891936,1.0848058418520194,-0.3734465434598903,-0.41865363238678593,-0.2695173081004306,-0.17878885571667585,-0.2862163255927136,-0.5796783524084306,-1.6313284484388841,0.6679390313285267,-1.1012436143909923,0.41208617565641525,1.4784340072621285,1.9312898207450524,1.6313284484388841,0.5796783524084299,-0.4253475354589299,-0.4846237089171882,-0.3367722410122935,-0.4186667755331612,-0.4600842227993849,-0.15100471279239655,-0.38327221085833024,-0.1532996650890431,-0.17027518936292965,0.6396503041450882,-1.0140677512169813,0.0872707728176734,0.28760912732185256,0.8884423578876751,0.4428340591057229,-0.7010026615289333,-1.32234860141757,0.5953280020465953,0
0.31330724230314594,1.8047770307496258,0.27967722576327125,-0.13478617003801185,1,0,0,1,0,0,-0.8236341047562825,6.768264675734873,-0.8350740607153893,4.516018190620338,0.44498297934688336,1.7151944865643325,-0.27361853021042876,-0.12540103109474904,0.3326146781202729,-0.3975389181672067,0.026557217790922457,-0.4915279489384652,-0.09195471674979186,0.20062771980608146,-1.090020213563756,0.966814488173976,0.8498314328753138,1.883051277466265,0.6912331826893887,-1.3559421528355944,0.5809380805770612,-0.9198414707361708,0.5168599137329625,1.3797277328821262,1.803907382460209,1.3559421528355944,-0.6912331826893894,0.18740776423728422,-1.009968447893631,0.02713213488323473,0.5245297605771081,0.8712416355662611,0.25856020669096863,-1.0357458890816678,-1.3713993881826885,0.8219023601333442,0.5286263352973745,-0.8623145398892288,-0.0039613912850709025,0.2616765845888761,0.8207498999385615,0.2207718024881207,-0.7833178721512579,-1.32234860141757,0.5334696962929761,0
-1.3315095485600683,1.8563125626925503,1.0038746524609323,-0.4281154315628296,1,0,0,0,1,0,2.394194831297498,-0.7019071149243689,0.23955317834438508,-0.4667339755070384,-0.7293685456055614,-0.1791137698909362,1.6195127747243874,0.6738082426765347,-2.2040255305433285,1.5757406595280794,0.7899211901435947,0.6269519463061747,-1.1058890188111377,1.7734994104665136,1.374342024231738,-2.0465897421460792,0.949608591855078,0.26564428105150034,-0.16027754582615011,1.0140489972048288,-0.4799122221343564,0.45196271057102977,0.9563514170505781,-1.1871083483326321,-0.7675862973563186,-1.0140489972048288,0.16027754582614942,3.836087048792013,3.568035706043941,4.630522489961667,2.204194824883068,2.6122062195828764,5.740429129006776,0.18764225758709038,0.2896456887631914,4.790612558118441,-0.6371253376036178,0.04820472807728505,-0.9618991143638861,-0.38663698373552574,-0.8038690908401701,-1.2702176348014877,-0.6186874509066087,-0.2089648391376897,-0.76555472453303,0
-0.4320003660567478,-1.95731680108381,1.0038746524609323,1.478524768348486,1,0,0,1,0,0,0.08492935954125552,-0.4280337660179702,0.7256940722047591,-0.5512168249153065,0.3374698256744798,0.09680412298746342,-0.04155521081504286,-1.1436967084697134,-0.08333794835925479,0.07867585629911791,-0.04562801397750616,0.19990856758709075,0.2826160050868373,0.49515589706849533,-0.8533567897842114,-0.3319954980744101,1.0605337169641744,0.377421602999113,-0.31054414497595056,0.5806453452778549,0.5525374703111783,0.71488552620886,-0.21969769079610574,0.9453210735155497,0.4277973890210159,-0.5806453452778549,0.3105441449759499,0.577342954953057,-0.7097714541928067,0.391036510778763,0.14983524623193267,0.5810808715634928,0.16404522527173035,-0.22015379130249568,-0.09793149585751397,0.5118468759157585,0.6118943119331598,0.8069707847160468,0.34272083230535716,0.1709126850234604,0.549980068142106,0.15732544345452057,-0.6186874509066087,-0.4316415915936655,0.6571863078002155,0
-2.1025174192772003,0.3617821363477598,0.27967722576327125,0.5985369837740325,1,0,0,1,0,0,-0.07911682151246661,-0.3541868120665634,-0.1442422641769629,-0.31107721872057176,-0.05671640769503222,-0.031987373202129916,-0.3682444256898313,-1.3785662311681666,0.5647272524566006,-0.5760067720793887,-0.5339768366172709,-1.203157666595754,0.06482772816044846,-0.43033076286300465,-0.23018391978461622,-0.028415425972013072,-0.6088318084981293,-0.7490434210316571,-1.0726104692356557,-0.5771615534413467,0.08207141016494449,1.6615322180299943,-0.8005558353117571,0.17444078883573808,-0.037099071531946,0.5771615534413467,1.072610469235655,-0.5367575899491508,-0.40957446049198204,-0.646090960523493,-0.5607922809744348,-0.7502449868021539,-0.6865896075014126,-0.46483142063624716,0.012804842605544792,-0.35630847989348147,0.6951622885689447,2.8556391376407038,2.441060606668476,1.519404907138216,1.5145975939169787,2.473117548180934,1.5215080252738291,1.2941032399401495,2.3273605631479377,1
0.930113538876852,-0.1535731830814779,-0.4445202009343899,-0.13478617003801185,1,0,0,1,0,0,0.3751649106363024,-0.49141422255894146,-0.19541498984647596,-0.2885098822348015,-0.41489264600104153,-0.15496536435538744,1.0508925877084636,0.7063343583705933,-0.6140455272075075,0.9658404342945364,0.14328485319263395,-0.27340003948087965,-0.7929520908410003,0.6526906911039282,-0.24916648076612924,-0.22142831866809676,0.5918099296736509,-0.20165703909077623,0.04968400367083265,-0.4221610355600758,-0.809130876639409,-1.2190755843565884,0.6169067005438017,-0.717959520181282,-0.3831561759786262,0.4221610355600758,-0.04968400367083336,0.744458036688388,-0.10937746679115769,0.427426948368315,0.24027874969456073,0.47867119015075044,-0.15100471279239655,0.18764225758709038,0.17890935030013266,0.44983577907224165,-0.7203933142394032,-1.0899443568808573,0.2879815338437111,0.5728670973845897,0.22844089288381547,-0.1916295312302808,1.1099319721622063,0.9600881112561845,-0.08511336124321738,1
-0.4577006284139859,0.18140777454752677,1.0038746524609323,-0.4281154315628296,1,0,0,1,0,0,-0.05387894750420167,-0.36058300492849626,-0.16982862701171944,-0.2971896270370208,-0.10224118848435002,-0.047639117530726326,1.2170298969539088,0.4866583141260051,0.07082993843587695,0.9328670572910593,0.7300793470692053,-0.3632788751150771,-0.8599150409378006,1.0333491935728696,-0.4325207629739309,-0.38506893725314933,0.7975129932971216,0.8275387169074208,-0.24687185720061178,-0.2506245554141756,-0.6597993588710771,-1.1012436143909923,-0.4837840446915016,-0.4694429784297045,-0.14120841781221297,0.2506245554141756,0.24687185720061106,1.1622457410267157,-0.25947596364157,0.5365982611369737,0.24027874969456073,0.5640125913280355,0.9831750642384596,-0.6279498401920818,-0.5962450189412776,0.9459245538203791,-0.6093693453916895,-1.0140677512169813,0.0872707728176734,-0.17917664187171697,-0.3469449996836519,0.6966194952401235,0.28677986593896093,0.18071947766026855,-0.023255055489598248,1
1.8553229837374106,0.15564000857606544,-1.168717627632051,-1.6014324776621007,1,0,0,1,0,0,-0.33149556159511606,-0.19021168596973873,0.20117363409225028,-0.4557396320908939,0.4692167769286279,0.20591914059253555,0.7409114564286903,-0.05885377020052451,0.49969111400792615,0.31221057522757834,0.18593182615265927,0.33460352161678747,0.08904544981364222,0.7181971526049151,-0.8196965965791903,0.7484115536985222,-0.2531364556428662,0.2537360682077581,-0.7497849732599842,1.199986903232429,-0.3126412833247976,-0.7403754095255577,0.068986942331681,-0.6727821212369612,0.006003404697421184,-1.199986903232429,0.7497849732599834,0.6330479821981672,-0.7848207026180125,-0.09113678728281299,0.3048812521678669,0.18851042614798086,-0.30852968182446,-0.5463906304141645,-0.26403600355210183,0.3258135853852078,-0.24854144663662048,-0.6346847228976005,0.2514886682026129,0.2487103132223888,-0.0423289389126401,0.6331731362065233,-0.7833178721512579,-0.32030321536567735,0.47161139053935697,0
0.2619067175886707,0.026801178718756015,0.5693561964423357,-0.4281154315628296,0,1,0,0,1,0,12.628152741648933,-0.8118053377339428,-0.3745195296897717,-0.16641480535024958,-2.2066675222964043,-0.4957261980236865,-0.2997261071524003,-0.43647522997688315,0.5172000565596333,-0.46566396842907587,-0.9207824766180568,-1.1656151183211882,-0.1982631235423209,-1.0479211936826622,-0.6111220927017689,1.431357216433565,-1.1720003395050367,-1.5021803741308009,-1.3567040124745664,-0.24419747799268982,-0.6302940613110859,-0.013132745830725613,0.7313461593305352,-0.5330534952562013,-0.26952444383921087,0.24419747799268912,1.3567040124745657,-0.9823978079100336,-0.5596729573423944,0.04532735367801011,0.7829397704703327,0.22264698661889537,-1.757759396919444,-0.22015379130249568,0.5111183656893089,-0.35630847989348147,-0.7203933142394032,-0.2553016945782196,-0.7338187041070253,-0.2829068128036209,-0.4654068010946016,-0.9847090191502859,0.6983559190505837,0.6260729825722207,-0.5799798072721716,0
0.2105061928741954,0.7740663918911503,1.0038746524609323,-0.13478617003801185,1,0,0,1,0,0,0.03445361152472564,-0.4001231062568086,0.34189862968341117,-0.48351481545799574,0.1922316041758247,0.06594782702537334,2.6694535368166235,0.07180589471292832,1.7136526780006613,1.8448633930879692,2.0396486696259055,0.31941026832675534,-1.9746293158793664,2.8723923036819556,-0.25189699874390775,1.4164457886089812,1.5188260890619067,1.832636279779448,-0.3471945350124867,0.7799808228191798,-0.8418795791747491,-0.3509007275692638,-0.919229202490521,-0.9862494725984026,-0.8624305307795854,-0.7799808228191798,0.347194535012486,2.9448066128702477,-0.10937746679115769,0.43652455776570404,1.1447137843208466,1.8099970485163963,-0.5290646384693491,-1.5251011477491712,-1.592872065108806,1.13195784435093,-0.8314172830871166,-0.4070549059059717,-0.2685346671830286,-0.6848612251647502,-0.9900233502002335,0.4428340591057229,0.2044646553166367,0.6817421706862145,-0.08511336124321738,0
0.7759119647334253,1.2121184134060021,1.1487141378004646,0.3052077222492148,1,0,0,1,0,0,0.097548296545388,-0.4291967101746853,0.9943508819697028,-0.5934582496194406,0.4315024299452611,0.128554804339759,-0.2611916983243069,1.0832719800420707,-1.4055431638600757,-0.5273915206609197,-0.6886622645001902,1.0680015140345716,0.7878732897863818,-0.7741231000928274,0.77683978422127975,-0.3586181480412246,-0.6980132381076952,-1.110646330524651,-0.2548898489945435,1.7094233342895349,-0.4103012657676348,-0.7086037465744085,1.561047937192363,0.020333941561724696,-0.18903530024045775,-1.7094233342895355,0.25488984899454276,-0.7317251853070371,0.7161642658861095,-1.6069330893092284e-4,-0.18609776662925942,-0.4430159425639276,-0.24551969421163483,0.4323198869208419,0.6218547041523672,-0.23228628620644656,-0.5538573609678327,-0.8623145398892288,-0.8250508682097696,0.015317428625603584,0.025363519036474696,-2.0315739432046915,-1.1125787146405561,-0.48731077970765985,-0.45626319576493324,0
0.2876069799459088,0.9544407536913834,-0.15484123025532542,1.478524768348486,1,0,0,1,0,0,0.3246891626197725,-0.4821106693052209,0.44424408102243734,-0.4904586112997712,0.05662384935466919,0.008259969357117997,-0.7035710562919728,-0.47709580499194565,-0.7576023901706684,-1.0694112706123728,-0.8852788478346708,-0.7455876132780934,0.8582016923735535,-0.5656558131378066,1.1005375354285747,-0.28369316572418907,-1.006649190667378,-1.110646330524651,-0.01835909107355938,-0.9986842558367333,0.4131360570243258,1.7573233085670397,0.750583574905406,0.4465295281886811,0.06657588758124604,0.9986842558367333,0.01835909107355796,-0.5367575899491508,1.0163612595869336,-1.6069330893092284e-4,-0.1473362651452761,-0.5283573437412127,-0.08799472517957138,1.0032343553662626,1.1201682272361313,-0.4803306735805153,0.5008703430854462,1.8692432640103136,0.42482977999782756,0.7673611678819103,0.9222885868622325,-0.7309235830158842,0.6983559190505837,0.23638866577426285,-0.1469716669968365,1
-1.7170134839186342,-1.0296772261111817,1.0038746524609323,-0.8681093238500562,1,0,0,1,0,0,-0.36935237260751347,-0.15706777750335926,0.815246342126407,-0.5610538690244884,0.8209462802386447,0.3127981947220939,2.1405374149641276,0.10639154648239604,0.4102899537799123,1.7705891728288659,1.8694267523538215,0.31450921887835775,-2.341687338451057,2.039745159893642,-0.4400830423618115,1.0438774569178941,1.0042602349085246,1.5533190298879895,1.0187373090415193,-0.5814181964513455,-0.9383800517841226,-0.5868912673811798,0.48811606143236114,-1.396144485493662,-0.9138326313708246,0.5814181964513455,-1.01873730904152,3.724676994301793,0.5660657690356972,3.611590237454187,3.8580188881997044,4.319034243128577,2.1488598350757298,0.18764225758709038,-0.26403600355210183,3.860446105465684,-0.8869292675109735,-0.5588081172337243,-0.031331040515893936,0.22277777048941236,-0.36386811417093057,-0.28679906978068154,1.6861384465184783,1.461110804282131,-0.2706882785040748,1
0.08200488108800677,1.1863506474345409,-0.8790386569529866,-0.13478617003801185,1,0,0,1,0,0,0.26159447759911014,-0.4722256439731428,0.2651395411791416,-0.4690485741209635,-0.0037767269679754014,-6.838845449370944e-4,0.013063625129191635,0.8125011897232887,1.0679497534005526,-0.267439837636359,-0.2703273789477059,-0.7167630624930299,-0.1715799182622843,-0.7869417276206209,0.661083111162753,0.23025908619045868,-0.8103185331234082,-1.118313040032195,-0.22109974072011698,-0.7582952985476056,-0.8044681907330192,-0.4529248332023955,-1.2285349139072814,-0.4422040196272367,-0.7403761894435393,0.7582952985476056,0.22109974072011698,-0.8152827261747027,0.41596727218528484,-0.4732363819731166,-0.28946177058654887,-0.5795621844475838,-0.9701345517591269,0.5954383064766764,0.7879592118469556,-0.728375060954584,-0.7481493064513315,-0.4070549059059717,0.06902433999712428,-0.5811310542328463,-0.7023304039164997,0.728342674756924,1.6861384465184783,1.3497724280541432,-0.20882997275045564,0
2.0609250825953116,2.088222456435707,-1.8929150543297122,1.0385308760612593,1,0,0,0,1,0,-0.11697363252486404,-0.31987995944346886,1.199041784647755,-0.6270199295213553,0.6722241488554127,0.23856420733503664,-0.3565581857382406,0.36355476380592067,-1.010120287228957,0.2888824682018181,0.31568508721785243,-1.1766779521549893,-1.1091814077469695,-0.7767875420390246,-0.3647171775675282,0.36424246844669134,-0.3888851190404524,-0.09090891950401733,-1.3392924006938196,-0.27655448845948655,-0.28035412253933506,-0.8643559848144484,1.7468968252510992,-0.7758734045422674,-0.4991609402751729,0.27655448845948655,1.339292400693819,-0.6481676444393714,-0.18442671521636386,0.5638910893291381,0.6795757665130432,0.47867119015075044,0.25856020669096863,-0.7910682597479163,-0.26403600355210183,0.6358690696027934,-0.24854144663662048,-0.7864379342253526,0.10551720563822252,1.0007540524786946,0.5838262971166633,-1.3653871733518879,1.0276167615398821,0.9600881112561845,0.038603250264021984,0
-0.2263982671988458,-0.7462318004251005,-0.4445202009343899,0.3052077222492148,0,1,0,1,0,0,-0.24316300256618875,-0.27685102564501135,-0.15703544559434116,-0.3093412697601279,0.09217170274546603,0.026147677161228185,-0.05096235763618377,2.770214802911367,-2.1915667103413394,-0.06044908361725599,-0.26193452106749526,-1.9029279929159273,-0.6484277269600363,-0.6421683690501518,2.0173613044112924,-1.68584658974419,-0.0369030237601306,0.3038164574004054,-1.9697378439216697,-0.6418048099999468,-0.5707826690613725,-1.7812584857525813,1.301831870688419,0.04507040545892684,0.6371453434598976,0.6418048099999468,1.969737843921669,-0.7038726716844818,1.5417059985633763,-0.5642124759469986,-1.2843403086754637,-1.2281568333949502,1.2982250023025865,-1.6882195673050053,-1.2052948804881005,-0.29429738304996345,-0.7203933142394032,-1.772833807855743,-1.0166384128255321,-0.2829068128036209,-0.24540631275998087,-1.238494455284687,-0.28942660841731066,-0.5986491559356475,-0.76555472453303,1
-0.894605088487027,0.2587110724619126,-0.15484123025532542,0.5985369837740325,1,0,0,1,0,0,0.4634974696652297,-0.49664747126415926,0.8536258863785419,-0.5726268620941142,0.16189986086669034,0.060581514684140296,-0.1499727884198191,-0.9011881383623591,0.06770245861221866,-0.3094750429365376,0.1825272052338496,1.2887745764120124,1.4515127892890949,-0.3471520233969611,-1.2378415318866263,-0.23567139396952047,-0.5390825526034656,-0.21723374976218496,1.2994551316290586,0.4689510326955308,-0.13832939837050787,-0.003133471170835516,-0.32937855184546844,-0.11646421385853485,-0.44938078177416396,-0.4689510326955308,-1.2994551316290595,-0.3417899945912644,-1.1600669447440433,-0.04564874029587195,-0.1602567656399366,-0.3576745413866426,0.3530751881102058,2.2266225020350205,1.5631135810883663,-0.29429738304996345,0.11228645211844858,0.35171115073279,1.0908245779478607,0.7284623537824456,0.6345956405784983,0.6966194952401235,0.03983423407198747,0.29205785388825667,0.904619530814692,0
-0.2263982671988458,0.6709953280053031,0.5693561964423357,-0.8681093238500562,0,1,0,1,0,0,-0.3062576875868511,-0.20067818338017435,-0.016310450003180245,-0.3706781330291445,0.2862315061001322,0.13213234590058104,0.7675819480218159,-0.35476737199878283,0.008899632110425349,0.6061906859184772,0.30832278585152434,0.957011799180414,-0.18543015279224914,-0.5665927447645709,-0.6064225441822553,0.7490649332323175,-0.8240701984856151,-0.49827961488745476,0.4700615648931452,0.8390486150612049,-1.6334741783507867,-0.12057144060027963,0.7405719231173171,-1.6360584109819172,-0.8873077836928299,-0.8390486150612049,-0.4700615648931459,-0.4253475354589299,-0.40957446049198204,0.6275743551108558,0.9509062769009282,0.529876030857121,-0.11949971898598452,0.5954383064766764,0.40038202722625016,-0.10826409251941274,-1.5808290728091832,-0.482931511569848,-1.1717330918001976,-0.671894953798262,-1.2100238385348534,-1.0481553781838862,-0.4540570296619595,-0.09762646290970158,-1.3841377820692236,1
0.23620645523143258,0.6709953280053031,1.7280720791585935,1.0385308760612593,1,0,0,1,0,0,-0.29363875058271866,-0.203585543771962,-0.2210013526812325,-0.27867283812561955,0.08798328676507507,0.05879274390372927,2.0911304967523647,1.6774501254947798,-0.7515465780025262,0.39635259013066837,-0.10481154571759763,-0.3822672527009067,-0.5931653787373515,2.619836010438634,1.032156385486034,0.055311160517765696,0.9274623608387931,0.5601998798478448,0.3871222082195544,-0.9053100327574869,-0.2900585864503703,-1.2683613319508071,1.0829717312212224,0.3842090220710646,0.6831862912915311,0.9053100327574869,-0.3871222082195551,2.3320513131740337,0.8662627627365218,-0.19121049065408274,-0.1344157646506147,0.2397152668543526,-0.34003467563087314,-0.5463906304141645,-0.762349526635866,0.015758101167622184,-0.44283339212011924,-1.317574173872486,-0.7703115697481222,-0.1532440991387405,0.008440404549195996,-1.1116017372174867,0.2044646553166367,-0.2089648391376897,-0.45626319576493324,0
0.5189093411610479,-0.46278637473902035,0.27967722576327125,0.3052077222492148,1,0,0,0,1,0,-0.016022136491804253,-0.36930508610385926,0.9431781563001896,-0.5853571544707026,0.4984518310519298,0.16835495420390414,-0.037519133416318295,-0.5882131069251451,-0.28650282360761553,0.22784508472814224,-0.266419667895488,-0.21045982795338988,0.35757527933500516,0.6693028675508638,-1.5146705462003653,0.7118485223960178,0.12320831644360199,-0.06122700134545382,-0.05671543019588151,-0.23079243079930178,0.7209308074340544,-0.7100227533771046,1.106998072371223,-0.18563275261064308,0.286582366479445,0.2307924307993025,0.056715430195880795,0.49378541408539117,-1.4602639384448675,-0.3731626786018469,0.03355074177998182,0.08610074473523979,-1.033144539371952,0.18764225758709038,0.2342775195316623,-0.4183195767369984,0.917210226264372,-0.482931511569848,0.7623887871779818,1.2730457511749436,1.1084428462222957,-0.09645999267988113,0.12214944469431245,0.013711913318286572,0.038603250264021984,1
-1.0488066626304537,1.289421711320388,-0.15484123025532542,-0.8681093238500562,1,0,0,1,0,0,-0.10435469552073157,-0.322205847756899,-0.10586271992482811,-0.33595915382026714,-4.710136811935223e-5,0.011837510917940035,0.8659820340812102,0.32466683684204706,0.9109028116370093,1.1690033488723115,1.3700952540626339,0.28565191875912216,-1.7846586203407349,0.37866340904679485,-0.04183268363794758,0.46202344052692085,1.0781178002668896,1.5220647884113796,-0.22931895624632825,0.617030896486598,-0.8258130820652653,-0.48752248671433357,-0.780945658573806,-0.5102049508863126,-0.295190912007766,-0.6170308964865974,0.22931895624632756,0.0759977097470634,-0.3345252120667762,-0.9099216330477515,-0.5607922809744348,-0.135786898325702,-0.4660546508565234,-1.6882195673050053,-1.814344742034923,-0.4183195767369984,-0.9146852597229018,-0.7105613285614767,-0.9436526815433369,-1.1516469943583196,-1.2438700675094103,-0.0012904541294803558,-0.12479618717266176,0.18071947766026855,-0.8274130302866491,1
1.8296227213801723,1.5986349029779314,1.7280720791585935,-0.4281154315628296,1,0,0,1,0,0,1.006111760842926,-0.5989865570550853,-0.041896812837936774,-0.3648916364943316,-0.55419664287623,-0.17866657719583343,0.27560379116541983,-0.5713693078967562,1.5866005031977013,0.3747026718064301,1.0600597073493723,0.8457765724840207,-0.9131161512088473,-0.6505200814685419,-1.5034855355210222,2.4604728532948217,-0.4316756583613617,0.3024969253784711,0.06512235289855199,1.0889508130082355,-1.0332257811147156,-0.7219364979914086,0.3036018911611592,-0.9342413292607398,-1.0828001656182744,-1.0889508130082355,-0.0651223528985527,-0.5089050763265954,-1.3101654415944555,0.6366719645082435,1.9199438140005203,1.605177685690913,-1.2536794960168407,-0.05703537174666111,-0.09793149585751397,0.5118468759157585,-1.0257092285706153,-0.7864379342253526,-0.4601222117987924,-0.24400799870415715,-0.5838686025055501,-0.9212626601166852,0.03983423407198747,0.6817421706862145,-0.332546584257695,1
-1.0231064002732158,-0.5658574386248675,-2.327433510348309,2.505177183685348,1,0,0,1,0,0,-0.0412600105000692,-0.36349036532028395,-0.20820817126385424,-0.28677393327435763,-0.15039992589118947,-0.05792454951808968,-1.5896745686969562,-1.2814995726492315,-1.7162845807565839,-1.3074277086363366,-1.347129163021357,-1.115843786272343,1.1790105350011342,-1.0895815343210595,-0.6885776145974614,-0.8846126667589714,-1.5419902709755362,-1.379717898017351,-1.2817794809441767,-0.2506245554141756,1.1217841537967546,1.0690964423589449,1.4572680993956475,0.23723932909989898,0.40430790176328113,0.2506245554141756,1.281779480944176,-0.8988402670423681,-0.3720498362793791,1.127942871967207,0.4276260068671489,-0.2467307198561723,1.4084924806250314,0.7993363309214695,1.812270342630248,1.2249744896162058,1.63886602377451,1.717490052682561,1.5652318312821314,2.232549832295058,2.2253684023826743,-0.2550758902638815,0.28677986593896093,0.18071947766026855,1.5850608941045057,1
0.15910566815972013,1.7274737328352407,0.27967722576327125,-0.13478617003801185,0,1,0,1,0,0,0.021834674520593164,-0.3925639692381606,-0.5024513438635544,-0.03795458227740351,-0.5953914013716011,-0.2725770431674119,-0.9468429594820869,0.10704053961900162,-0.3623169261083495,-0.27073445026555415,-0.5769507070263873,0.3858560570748359,0.8400762302636553,-1.190631621914262,-0.5309176541326578,0.8025582946489742,-0.8262439828009275,-0.8313661809401037,-0.2763926451691775,0.8003845014165709,0.1269430960408054,-0.6787781508612787,1.3017930633743284,-0.45354461380586636,-0.06160308753883668,-0.8003845014165709,0.2763926451691768,-1.2330704305130304,-0.7848207026180125,-1.110069039790291,-0.5866332819637576,-0.8526546682148961,-1.537224440274555,-0.30171300108041293,-0.2086678343205727,-1.1004416420156866,-0.05424950115312168,-0.7864379342253526,-0.615216890773458,0.09311505682453199,-0.093098282374475,-1.238494455284687,-1.1125787146405561,-0.9326642846196119,-0.5181215015185524,1
-0.5348014154856993,0.5936920300909173,0.5693561964423357,2.505177183685348,0,1,0,1,0,0,0.16064298156605036,-0.4478038166821264,-0.6431763394547153,0.3497406855550598,-1.0225680617448087,-0.6146794549210193,-1.5608579912476785,0.4796464710659848,-0.6598283881409625,-1.7101513651403693,-1.9464850876334536,-0.05183501093055376,1.641066428746124,-0.357188526182786,-0.2751779072024298,0.1658567281780265,-0.9260796123866225,-0.715403898482271,0.013895103188392356,-0.08447776675232606,1.8135124655884385,-0.9339970208827331,1.0686775276275744,1.392019473433436,1.832073280111259,0.08447776675232606,-0.013895103188393775,-0.3417899945912644,-0.25947596364157,-1.6069330893092284e-4,0.08523274375862654,-0.2894014204448148,-0.15100471279239655,0.9216751455883455,1.009431888773073,0.139780294854656,1.194770148383656,-1.0899443568808573,-1.0166384128255321,-0.38663698373552574,0.1607484349347019,-0.9847090191502859,-1.1125787146405561,-1.266679413303576,-0.08511336124321738,0
-0.020796168340944693,1.1348151154916164,1.7280720791585935,-0.13478617003801185,1,0,0,1,0,0,-0.7100636717190902,1.1890400838943325,-0.24658771551598904,-0.2780941884721383,1.0212840512104937,1.129372055979724,0.6501778852305561,0.08339410713659895,-1.4672188262991146,1.9593274220264159,1.0557115884700363,0.9573628660907578,-0.7235658492663669,0.053568936202488836,-1.1617896048773568,-0.1950799654838489,0.2291559102456696,-0.32866714148841936,0.6312676384277316,0.679645207448506,-0.850562726627679,-1.2783163512760087,1.8097007358014119,-2.4196978639612583,-1.6933562632997299,-0.679645207448506,-0.6312676384277323,-0.17467491285593337,-1.2351161931692491,-0.8462383672660339,-0.806281790372998,-0.6819718658603261,-0.8756195703398886,0.35076067714292497,0.06817301183707392,-1.1004416420156866,-0.7759052986632599,-1.1658209625447336,0.1785029369204177,1.1044842234105985,-0.093098282374475,-1.1433249167342867,0.9453015509175579,1.5167799923961247,-0.20882997275045564,0
1.341317736592655,-1.95731680108381,0.27967722576327125,1.478524768348486,1,0,0,1,0,0,-0.5081606796529707,-7.03163468250324e-5,0.7256940722047591,-0.5512168249153065,1.017050743003977,0.4259379465830908,-1.0459348218021487,-0.24641070264053658,-1.0576440829259095,-0.8596703860790353,-0.5842620628779223,0.2314830414619521,0.18411316393410498,-0.8472474401850312,0.10731353766604868,-1.488179677229279,-0.09337498359770707,-0.04267220810653665,0.18609969967169646,0.13114384342216406,0.6078381711716859,0.4457107687154335,-0.049642163468241594,1.0687701949323432,0.7179081907949169,-0.13114384342216406,-0.18609969967169718,-0.7595776989295921,0.19081952690966666,0.28186519801010423,-0.5607922809744348,-0.5624939042121272,1.6132749403667133,-0.46483142063624716,-0.5962450189412776,0.015758101167622184,0.6951622885689447,0.5793409677244183,0.4339529964081015,0.3394742127878045,0.7699805564767266,0.2524949820049213,-0.5363722402842841,-0.5429799678216537,0.7809029193074537,0
-2.1025174192772003,-1.0812127580541053,0.27967722576327125,1.0385308760612593,1,0,0,1,0,0,-0.07911682151246661,-0.3541868120665634,-0.4128990739419065,-0.1450047681714419,-0.36610906074714133,-0.1603316766966205,-0.6621941816882376,0.6568812191036976,-0.5635246605702403,-0.5321047555565661,-0.44578891249966535,-1.4779025853894392,-0.12945558097395432,-0.5080735174684768,-0.648552045971241,0.07514133233165578,-0.5007450214585457,-0.5566826625124001,-1.1427899248825406,-0.8822777243979375,0.4131360570243258,-1.5512952904706305,0.8458668815782477,0.22230900464508027,0.03605514873686485,0.8822777243979375,1.14278992488254,-0.6760201580619267,-0.8598699510432187,-1.0372881646111858,-0.8450432918569822,-0.972132629863095,-0.9386295579527137,-0.709509049969999,-0.26403600355210183,-0.6043528672675491,0.5008703430854462,-1.3934507795363622,0.42482977999782756,0.8192262533478623,0.8715192434003977,-0.667477223982284,0.6983559190505837,0.29205785388825667,0.16231986177126023,0
0.33900750466038404,-0.46278637473902035,0.5693561964423357,1.0385308760612593,1,0,0,1,0,0,-0.785777293743885,2.3374474386504627,-0.06748317567269331,-0.35621189169211226,1.7929324036126122,2.0729486426465362,-0.5512145017250204,0.2602406788297801,0.6788540572958616,-0.17488219781219033,-0.18939804374942965,-0.9697883896417655,-0.17875276937418036,0.28194242924974394,-0.3016502785904545,0.7397582516378499,0.6233283364756279,0.5422170297829676,-0.9813771768947055,-0.34935776200978186,1.0481907359774072,-0.6593751259577928,-0.18463053718676226,0.854336275163444,0.7755961284276777,0.34935776200978186,0.9813771768947048,0.35452284597261524,-0.18442671521636386,0.34554846379182197,0.6924962670077037,0.9395147565080901,-0.43454965705011084,-1.0357458890816678,-0.762349526635866,0.8839134569768611,1.055990187324014,-0.5588081172337243,0.24236545179233895,0.10608132819102022,0.4484413812184362,0.47455723862252236,-0.4540570296619595,-0.6543183440496418,0.47161139053935697,1
0.31330724230314594,0.026801178718756015,-1.168717627632051,-0.4281154315628296,1,0,0,0,1,0,-0.5586364276695006,0.07842841423144209,-0.3745195296897717,-0.16641480535024958,0.34847726108323646,0.18892581817863088,0.1423972851381303,1.8107411109699285,-1.3559169755034668,-0.004850102209252503,-1.0900173237631006,-0.590032275558372,0.6174818303960133,-0.4217716073593276,2.3374212205437095,-1.2965786409599003,-0.35144295917367524,-1.4918577410091158,-0.40749033797582196,-0.4005896952488784,-0.619436111809009,-0.14372173453894604,0.5506474364035587,-0.3419326471693537,-0.039432812004910535,0.4005896952488784,0.40749033797582124,-0.48105256270404034,1.9169522406894068,-0.4004555067940112,-0.9742482968035945,-1.040405750804923,-0.30852968182446,0.9216751455883455,1.2862727349307197,-0.6043528672675491,-0.6926373220274746,-0.3311783002420958,-0.6243401071837319,-0.2699405414371327,-0.38079122865820925,-0.6992004034990842,0.7806711296729086,0.6260729825722207,-0.45626319576493324,0
0.7759119647334253,0.0010334127472937634,-0.15484123025532542,0.5985369837740325,1,0,0,1,0,0,0.3499270366280375,-0.4885068621671538,-0.6687627022894718,0.3728866716943114,-1.2193995624888543,-0.6638706513823223,-1.2815188688622474,-1.2384750514170146,0.18024617792298037,-0.8146764293223926,0.3073792062280415,0.033567456053320795,-0.18856910659358492,-0.7163041176407944,-0.5535257243987409,-0.34804343073620675,-0.838998648786021,-0.5161009743131199,-0.6910894285371356,0.7311960875261709,1.066260548388408,1.1453359556162934,-0.5961526462128015,0.2686385992319806,-0.903480172802583,-0.7311960875261709,0.691089428537135,-0.7038726716844818,-0.5596729573423944,-0.16391766246191838,-0.3153027715758717,-0.6136987449184976,0.29006520049738066,0.02452383803125581,0.40038202722625016,0.015758101167622184,0.8339422496285867,0.8828473903799233,-0.3871364805165972,-0.62002986833231,-0.48232991558187904,-0.794369942049485,-0.04248097655033679,0.3477270420022505,-0.5181215015185524,0
1.8296227213801723,0.6709953280053031,-0.15484123025532542,-0.8681093238500562,0,1,0,1,0,0,0.04707254852885811,-0.4140784361373894,-0.5664172509504457,0.06446640638878456,-0.7439631280839492,-0.3682762799194014,-0.814889592142893,-1.1267730798025606,1.3427442360345228,0.06411101521385494,0.6286676602487534,1.5982894320598102,0.4246318425479011,-1.0642297916976462,-1.2827913718367856,1.53209797908117,-0.5620503270456396,-0.2815814380789015,0.8783783977477496,1.3087111581427058,0.06975794605965259,0.2614591775761705,-0.2959656388466308,-0.6439293286338675,-1.0922082168327816,-1.3087111581427051,-0.8783783977477504,-0.9266927806649233,-1.0850176963188372,0.6548671833030202,1.4160442947087326,1.0760609983917457,-0.844114576533476,1.5741488238116832,1.1755363964676604,0.139780294854656,-0.08200549336504998,0.04820472807728505,-0.5331079430809875,-0.5940973255993336,-0.7869459763528921,-0.6992004034990842,-0.5363722402842841,0.06938110143228039,-0.8274130302866491,0
-0.9460056132015023,-0.35971531085317227,-0.4445202009343899,-1.161438585374874,1,0,0,1,0,0,0.551830028694157,-0.5268840193387511,-0.7966945164632545,2.322936003926254,-2.0460626161289794,-2.200424751755387,0.34035095724751235,0.7113888610331409,0.2315700294567799,-0.7768961723004449,-0.7736193303506804,-0.7850655093487868,0.5978449504065481,-0.2696298863508123,0.2974352252594758,-0.0719544340719167,-0.8112236404610728,-0.590805169073436,-0.22931895624632825,-0.8432999717894734,-0.7426772966032817,-0.6784394580182402,-0.38887125489243385,0.2451411321794959,0.42893676150436566,0.8432999717894734,0.22931895624632756,-0.3974950218363748,0.04072103005925432,-0.6369933511261053,-0.5737127814690962,-0.8355863879794388,-0.37153966943728567,0.10608304780917345,0.2342775195316623,-0.728375060954584,-0.7481493064513315,-0.7105613285614767,-0.3050275328241268,-0.4514683405679659,-0.33002188519637315,0.3476645205553221,0.12214944469431245,-0.26463402725168356,-0.2706882785040748,0
-1.7170134839186342,-0.6946962684821769,1.0038746524609323,0.3052077222492148,1,0,0,1,0,0,-0.36935237260751347,-0.15706777750335926,-0.7199354279589849,0.9573228217104129,-0.8098050716510471,-0.8606354372275343,1.4893925415679123,-0.5344898252041124,0.49685750526590816,0.6708059289093538,1.3123915670011321,1.4147695054421148,-1.0581204058491405,2.0365418485720137,-0.7371933145107152,0.9207524941648285,1.261667872958706,1.8204430469338586,1.4252941555476124,0.5159874767715705,-0.03614796563209316,-0.004900020332740562,0.246046605080174,0.34483273255590136,0.0711350020974195,-0.5159874767715705,-1.4252941555476133,3.306889289963465,-0.03432821836595151,2.7928053916892486,3.0181863560467246,3.6192347534748395,1.833809897011603,-0.05703537174666111,-0.6516131881728072,3.1783240401869945,0.27882240539001907,0.4275877563966659,1.3280282046149967,1.2730457511749436,1.3622895635314727,0.4428340591057229,0.2044646553166367,0.514734606344233,1.4613442825972665,0
2.08662534495255,0.5679242641194551,1.0038746524609323,-0.13478617003801185,0,1,0,1,0,0,1.1953958159049132,-0.6327119375998222,-0.5408308881156891,0.005444141733693132,-1.237359969429496,-0.4908070783775562,-0.23878854930658475,0.014113483330824303,0.8251770084474839,-1.1879098000389847,-1.0395826325150368,0.38054816036751876,1.5203667396247904,-0.22765893824687833,-0.8609538377004512,1.7608260505462232,-0.5301803495107547,0.08412868392635474,0.2600885100232926,0.2610696854503818,0.10456716189576644,-0.8818558533853716,0.6414157532408687,1.0790717433018382,1.433643622366448,-0.2610696854503818,-0.2600885100232933,-0.20252742647848845,-0.7848207026180125,0.08171779126756346,0.9896677783849125,0.700558833211691,-1.033144539371952,0.5954383064766764,0.5111183656893089,0.2638024885416898,-0.1375174777889068,-1.0140677512169813,-0.8615437338508666,-0.4385020692014777,-0.008482709938082702,-0.635754044465484,-1.6064699783745033,-1.712032918215528,-0.2706882785040748,1
0.3904080293748593,-0.23087648099586283,0.27967722576327125,-0.4281154315628296,1,0,0,0,1,0,-0.40720918361991093,-0.14834569632799627,-0.2593808969333673,-0.2728863415908067,0.20184166036099635,0.09680412298746342,1.1987295771345157,-0.6699567713478962,1.5916591585913462,0.7846054701231397,0.30275014056891825,2.235503409366619,0.8946560743816674,0.7991667512534304,0.8933024671953327,0.49320093663616,0.8291056139901432,0.6519467057024462,1.7950433863206436,1.2686578481181965,-0.8683446557610671,1.814427495394457,-1.6802320134894824,-0.23782443732592454,0.24290905676855695,-1.2686578481181965,-1.7950433863206443,1.1343932274041606,1.3165582532877582,1.127942871967207,1.248077788278137,1.5881094054554559,0.25856020669096863,1.4925896140337656,0.6218547041523672,0.9459245538203791,-0.8869292675109735,1.413983630027056,-0.49661507743988936,-1.2294446225572482,-1.2269469530221315,1.4262526241265279,-1.4418395571298541,-1.1553410370755877,-0.332546584257695,0
0.2619067175886707,0.5679242641194551,0.5693561964423357,-0.13478617003801185,1,0,0,0,1,0,0.8546845167933363,-0.578053562234214,-0.822280879298011,2.473384913831389,-2.5122446630096396,-2.3560478096511455,0.6614843973154091,0.32366030581869165,-1.2477984364459414,-0.4209367500337453,-1.0860512434812617,-0.09779610397679878,0.9625263277853596,-0.24133148062972462,-0.09898799198833258,-0.19591185732743652,-0.6074833275958406,-0.7164114609408885,0.1590389773671773,-0.29111514316954507,-1.1609457287058145,-0.5433979245051132,1.5089097411700898,-0.033711676084794855,0.7124834535009621,0.29111514316954507,-0.15903897736717798,0.02029268250195297,0.26586877533487285,1.1552357001593716,0.8604627734383002,0.5469443110925782,0.7311351137871589,1.0032343553662626,1.009431888773073,0.7598912632898273,-1.1089772052064004,-0.5588081172337243,-0.1864257194905595,0.5987996401175653,0.549980068142106,-0.7626467625326843,-0.37174181903963527,-0.5429799678216537,0.34789477903211874,0
-0.2263982671988458,0.7998341578626126,0.5693561964423357,1.478524768348486,0,1,0,1,0,0,-0.3062576875868511,-0.20067818338017435,-0.4768649810287978,-0.09871279589293881,-0.23279196385273812,-0.07804822079771365,-0.3814893412525858,-0.7224752166550208,0.5921563108907252,-0.8136141240792296,-0.1594789389736564,-0.18718430291497262,-0.3365157487873638,-0.6047354409652117,-0.19824759401314346,0.5825532500056033,-0.7854816482093954,-0.49286799052707636,0.3041828515459622,-0.5569819125050662,-0.0737743117401379,0.7930198206063572,-0.22408767930708953,0.3202700350558605,-0.27385923247855815,0.5569819125050662,-0.3041828515459622,-0.3974950218363748,0.11577027848446049,1.0096739498011607,1.1963957862994923,0.76883195415352,0.25856020669096863,0.5138790966987595,0.40038202722625016,0.2638024885416898,-0.08200549336504998,0.7310941790521709,-0.013084607695344815,-0.127311556405765,0.008440404549195996,-0.3185222492974822,0.8629863402952329,0.6260729825722207,-0.1469716669968365,0
0.7502117023761872,0.6709953280053031,1.4383931084795292,1.0385308760612593,1,0,0,1,0,0,-0.7226826087232228,1.706550233632538,-0.2210013526812325,-0.27867283812561955,1.1175126584797501,1.5278207473162784,0.7456520072676043,0.16716905965798717,-0.9604763532988277,0.2767441391424712,-0.0260526843169229,-0.8084713765843741,-0.2469254671645561,0.8042720725666147,-1.2462711608243162,-0.3835931421469039,0.9195461188053907,1.0302501763715843,-0.3925077445122049,-0.7133741297612541,-0.23322808882822543,-1.4779318708915232,0.9275292368317656,0.5379427127714366,1.0397085408681663,0.7133741297612541,0.39250774451220416,0.744458036688388,-1.1600669447440433,-1.6069330893092284e-4,-0.19901826712392082,0.17144214591252482,0.6681251261743327,-0.8726274695258333,-0.8177176958673952,0.5118468759157585,-0.3595654154843339,-1.4693273852002382,-0.6060936743631827,-0.07544647093981212,0.1438253204474232,-0.667477223982284,-0.37174181903963527,-0.7099875321636356,-0.08511336124321738,1
1.1614159000919912,1.830544796721088,0.5693561964423357,1.7718540298733036,1,0,0,1,0,0,-0.4198281206240434,-0.12799417358548257,1.007144063387081,-0.5934582496194406,0.9676233658577392,0.3602006204029859,0.23126351792647945,0.34784641659099397,-2.296531491994432,0.781604030680446,-0.07440877473264286,-0.4091483503290907,-0.3426152066551342,-0.048858445050307175,-0.9692760702389689,-0.898376229608728,0.6988496499879885,0.290629014984145,-0.49837739391320257,-0.06374491962016399,-0.37039633386775916,-1.4484296124368845,2.2366540121333145,-0.36292927047167745,0.3804777181781423,0.06374491962016399,0.4983773939132019,0.35452284597261524,-0.5596729573423944,1.6737994358104995,0.8475422729436388,1.1272658390981163,1.9283248784308402,-0.30171300108041293,-0.09793149585751397,1.876091006473136,-0.3040534310604773,-1.317574173872486,0.2514886682026129,1.4027084648398238,1.142289075196852,-1.206771275767887,-0.20711139779498602,-0.26463402725168356,0.22417816752487937,1
0.15910566815972013,0.3102466044048362,0.27967722576327125,0.3052077222492148,0,1,0,1,0,0,0.021834674520593164,-0.3925639692381606,-0.8478672421327675,6.8306168045454925,-2.788905514379195,-5.58075433403711,-0.5768482854204235,0.17592707784718412,0.07314056590025121,-0.866938237341777,-1.4816715055110399,-0.17964041624687468,1.1398340291691398,-0.7422054983251896,-0.8710329550873085,1.017602757026596,-0.5399767224260876,-0.251876536745888,-0.20509389995854704,-0.04159846927444537,0.06051859413541447,-1.1140471285869447,0.9226070297668536,0.6357459537668605,1.680337109113578,0.04159846927444466,0.20509389995854635,-0.8988402670423681,-1.0850176963188372,-1.255630790148503,-0.625394783447741,-0.7843815472730677,-1.5057194464681423,-0.709509049969999,-0.7069813574043363,-1.1004416420156866,0.08453045990652028,-1.0140677512169813,0.15113328768959466,0.6117659114840535,0.854596128913119,0.41111087958892223,-1.277209135885205,-1.4336869776455579,0.9664778365683122,0
-1.9483158451337743,1.1348151154916164,1.4383931084795292,-0.13478617003801185,1,0,0,1,0,0,0.7284951467520117,-0.5565390953349852,-0.24658771551598904,-0.2780941884721383,-0.6360580261073471,-0.21310041471874555,1.1973382985301169,1.1368113937498197,-1.4256614561782754,2.3512095204547383,1.6067537328123205,0.22796331017676363,-1.8362086489194738,0.7544947206964279,0.23481557292460922,-0.10443493901198811,0.9058908760718704,0.5020255883075891,-0.24010667662448304,0.5490496445850913,-0.9110458155722506,-1.3250762282495585,1.843979928497277,-2.2780664889806723,-1.5987282693402838,-0.5490496445850913,0.24010667662448232,0.9672781456688292,0.491016520610491,0.7822337148664557,0.6020527635450756,0.9736513169790033,0.4475901695294441,-0.38327221085833024,-0.319404172783631,1.0079356506638961,-0.859173275299045,-1.2416975682086098,-0.013084607695344815,0.9359226956462544,-0.1607907403235886,-1.3019408143182878,1.0276167615398821,1.5167799923961247,-0.2706882785040748,1
1.6497208848795075,-1.0812127580541053,-1.6032360836506476,1.0385308760612593,1,0,0,1,0,0,-0.7353015457273552,1.8199372889122571,-0.4128990739419065,-0.1450047681714419,0.960255572157309,1.5117218102925791,-1.5468593645493554,1.385103365364548,-0.2056261829719412,-0.8234688048787723,-0.13061516644570367,-1.1782191516722176,-0.26912838950376755,-1.5338205986458942,0.40131805897219464,0.7727684883820612,-0.8036565979128089,0.1691758620210168,-0.47521987007162214,-1.1356331163529647,0.6183701314277417,-1.4990662160390285,1.0576556859556074,0.315561104036101,0.3349734152370013,1.1356331163529647,0.4752198700716215,-1.4001855122483615,0.641115017460903,0.7276480584821255,1.0542702808582185,0.6322857122698633,0.6051151385615076,-0.05703537174666111,0.17890935030013266,1.069946747507413,0.5841383197212315,-1.3934507795363622,0.05990112358685037,0.5987996401175653,0.7022880985276131,-0.857816301083085,0.5337254978059351,0.013711913318286572,-0.08511336124321738,0
0.33900750466038404,1.2378861793774645,0.5693561964423357,-1.161438585374874,1,0,0,1,0,0,-0.785777293743885,2.3374474386504627,-0.4896581624461761,-0.0437410788122164,1.2927480394660236,1.8314645872910487,0.023043644682266596,0.9853105719888464,0.6749706877828827,0.10594499715737483,-0.09526800008790769,-1.5059042528079591,-0.8719074397835316,0.2880321598352098,-0.18746193856853802,0.7692714793837848,0.4379931612029686,0.3980647339460331,-0.9813771768947055,-1.080555857232306,0.2557555914527251,-1.5401649368392327,-0.14966389332904032,0.2911816649678298,0.5124858016410005,1.080555857232306,0.9813771768947048,0.32667033235006016,-0.10937746679115769,0.22727954162577424,0.6020527635450756,0.76883195415352,-0.5290646384693491,-1.0357458890816678,-0.762349526635866,0.6358690696027934,0.16779843654230542,-1.4693273852002382,-0.21379536872138252,-0.2569742700706454,-0.1269445113490324,0.2524949820049213,0.4514102871836102,-0.04195727479570725,-0.3944048900113141,1
0.030604356373531493,0.0010334127472937634,-0.4445202009343899,0.5985369837740325,0,1,0,1,0,0,-0.356733435603381,-0.16986016322722503,-0.6687627022894718,0.3728866716943114,-0.6231922649608806,-0.4188090544660127,-1.4146925885383574,-1.1552748531082213,0.9823371032937404,-0.7514727162162667,0.3175934999226252,0.48270597513334895,0.5442730766385635,-0.562914462084005,-0.3980882457884639,0.8187595029574408,-0.5128516102411526,-0.033376424222248645,0.3186972389638403,0.3422733367180179,1.404706983902982,1.1868549262118553,-0.5201133890835297,0.5066562808581933,-0.4454726864066768,-0.3422733367180179,-0.3186972389638417,-0.7038726716844818,-0.6347222057676005,-0.9463120706373036,-0.43158727602782254,-0.596630464683041,-1.0016395455655394,0.6769975162545934,0.5664865349208381,-0.728375060954584,1.1670141561717275,0.9587239960437993,-0.3050275328241268,-0.5162996974004062,-0.29617565622181696,-0.5405845059150832,-0.04248097655033679,0.1250502895462747,-0.332546584257695,1
0.6731109153044746,1.7790092647781635,-0.8790386569529866,0.3052077222492148,1,0,0,0,1,0,-0.5460174906653681,0.06214719603743113,-0.7071422465416066,0.5349085746690722,-0.4395669100812881,-0.3655931237487849,-1.2731411108581956,-0.07827371980584305,0.6673815078651367,-0.669572592623487,-0.9982573906790403,-1.8977642528204652,0.13083284029872938,0.022755291169899217,-0.06312693882213553,0.07530090360777887,-0.5654113420136074,-1.0494843310683002,-1.4375436385994584,-1.1625858176247739,1.7930705251587888,0.04419395537194264,-0.8366627325301421,0.3438971673263298,0.27316631476393904,1.1625858176247739,1.4375436385994576,-0.20252742647848845,-0.3345252120667762,-0.8553359766634215,-0.6899972859210471,-0.8526546682148961,-1.1906695084040155,-0.6279498401920818,0.012804842605544792,-0.9764194483286528,2.527057774556219,0.6552175733882943,1.848051540000638,1.026686595211671,1.1253659607095745,2.2827784710801327,1.933084078385452,1.3497724280541432,1.770635811365363,0
-0.6890029896291251,1.6244026689493918,0.27967722576327125,-0.8681093238500562,1,0,0,1,0,0,-0.6974447347149578,0.9593586129431064,-0.6175899766199587,0.2050782721847377,0.34847726108323646,0.5793250410033356,0.6521183085797997,0.13605868393307913,-0.15923472726019736,-0.08362681980440302,-0.4160169539938009,-1.506809638524261,0.07595757886217334,0.12540748607254454,0.0855573609925336,0.333765936198859,0.5794537046914883,0.2878455698245388,-0.6187833227191311,-1.4414068652642016,-0.7814806999475978,-0.10103532757186959,0.5530817841753048,0.6875508129453403,0.8218675893631214,1.4414068652642016,0.6187833227191303,0.438080386840281,0.491016520610491,1.237114184735866,1.248077788278137,1.4686314438072563,0.3215701943037938,0.10608304780917345,0.4557501964577793,1.4420133285685155,-0.7759052986632599,-0.17942508891434333,-0.2594114507727547,0.054216242725068246,0.3299795798074865,-0.4136917878478824,-0.04248097655033679,-0.6543183440496418,-0.76555472453303,0
-0.2263982671988458,0.5679242641194551,-0.4445202009343899,-0.13478617003801185,0,1,0,0,1,0,-0.24316300256618875,-0.27685102564501135,-0.822280879298011,2.473384913831389,-1.8225728208667882,-2.124401993587919,0.17576124576143137,1.8253359177965347,-2.2794947939941004,-0.4076620237775421,-0.9680388177355272,-1.031733616651131,0.30513297076111656,-0.8866506863340919,1.9392375702114661,-1.6507829337523887,-0.3910165672770737,0.04547191467012812,-1.0618771407249543,-0.3540047794704373,-1.1303312094330418,-0.5626452047461958,1.4572680993956497,0.162999759232956,1.302892347976648,0.3540047794704373,1.0618771407249536,-0.8988402670423681,1.5417059985633763,-0.44594355378095224,-1.1809763047181743,-1.2452251136304073,1.3612349899154128,-1.2804235184154193,-1.0391903727935126,-0.4803306735805153,-1.1367331974183288,-0.7105613285614767,-0.7064490548762022,0.08014878545804377,0.1438253204474232,-0.667477223982284,-1.0302635040182315,-1.266679413303576,-0.023255055489598248,0
0.3647077670176212,0.7998341578626126,0.5693561964423357,1.478524768348486,1,0,0,1,0,0,0.47611640666936217,-0.5001363037343045,-0.4768649810287978,-0.09871279589293881,-0.8296658712173806,-0.3083524587756323,0.11429373458567306,-1.364299889925739,0.3645627977187214,-0.7392589958345483,-0.5630326378831855,-1.1625728905247845,-0.2627809514348565,-0.11886878086969824,-0.7100739866122319,0.2677930350553975,-0.6424084520671618,-1.0035027735571296,-1.0923365864985648,-0.5022446364654003,-0.2777005054162442,1.1612078827534988,-0.22926338303868316,0.36168998597228064,-0.24775513809719948,0.5022446364654003,1.0923365864985641,-0.09111737198826762,-0.6347222057676005,0.11810822885711679,0.24027874969456073,-0.03337721691295973,-0.655084613695,-0.30171300108041293,0.2342775195316623,0.139780294854656,-0.22078545442469194,1.1863538130354276,0.22411901897178985,0.06718251409155555,0.2115177783965368,-0.15990635171348128,0.7806711296729086,0.5704037944582268,0.10046155601764112,0
0.08200488108800677,-1.0554449920826439,-0.4445202009343899,-0.13478617003801185,1,0,0,1,0,0,-0.6343500496942954,0.3575350118430585,-0.11865590134220637,-0.3180210145623472,0.8364650837510073,0.5207427979448748,-0.9616479229775605,-1.1244241510052657,0.9939737463628077,-1.1449272510345634,-0.5131033521805815,0.5508723910684461,1.0810885238224583,-0.6446149828146713,-1.0164420325217833,1.251277444391105,-0.18143184924301026,0.8679915599951499,1.0614552385657101,-0.3014141428425148,0.6931031504445291,0.5250581201995906,-0.10138225071922133,1.3668181356235969,1.5144843050528543,0.30141414284251544,-1.061455238565711,-0.5367575899491508,-0.8598699510432187,0.43652455776570404,1.0542702808582185,0.9224464762726329,0.1325402314653172,0.4323198869208419,-0.04256332662598434,0.38782468222872474,0.5841383197212315,0.4275877563966659,-0.14993285384946126,-0.17917664187171697,0.36382580878204385,0.4428340591057229,-1.3595243465075295,-1.6006945419875402,0.16231986177126023,0
1.8039224590229344,1.1605828814630785,-0.15484123025532542,0.5985369837740325,1,0,0,1,0,0,-0.81101516775215,4.535411894841942,-0.438485436776663,-0.1247520302995968,1.83408812648918,3.5844599520938467,0.4089418462781429,-0.14370126388580357,1.1430987087931144,0.5725068607171826,1.0215674572088018,1.5402464974850354,-0.27549933207282884,0.771121643723402,-1.0054668118422465,0.6746234876665782,1.4515452872705359,1.7319016592886705,1.5601216811746321,0.5534028300138731,0.20185206856119023,-0.8100200852217536,-0.8847226842898313,0.6659076256856893,0.3627771563660746,-0.5534028300138731,-1.5601216811746328,0.7166055230658329,-0.9349191994684248,0.00893691608845806,0.3565632541465125,0.9565830367435462,-0.08799472517957138,-0.5463906304141645,-1.149926711256571,0.5738579727592754,0.41760236644966076,-0.5588081172337243,0.8809906005115491,0.2357440418559006,0.49921072468027106,1.3945294446097283,-0.7010026615289333,-0.5429799678216537,1.1520527538291696,1
0.8530127518051386,0.3102466044048362,2.8867879618748513,0.3052077222492148,1,0,0,1,0,0,-0.5838743016777656,0.18309338833579825,-0.8478672421327675,6.8306168045454925,-1.9833221018911251,-5.138033565885382,2.883404058748909,0.36800308303395396,0.8116486215639116,0.5431090468826696,0.33581846166363527,0.7199546509435837,0.06289780122571037,3.9066349981386197,-0.5764520149301559,1.9192735557353258,1.2300771499453285,1.997344805348851,0.6912331826893887,0.29637562078413626,-0.10597987386361409,-1.0825727545348625,0.8191339734102555,0.48601816168484224,1.513438003605052,-0.29637562078413626,-0.6912331826893894,3.585414426189017,-0.5596729573423944,-0.082039177885424,0.9121447754169449,1.434494883336343,-0.9386295579527137,-1.0357458890816678,-1.3713993881826885,0.3258135853852078,-0.10976148557697851,-1.0140677512169813,-0.0039613912850709025,0.4172718409867329,0.600749411603942,0.3476645205553221,-1.277209135885205,-1.32234860141757,0.7809029193074537,0
-1.074506924987691,-1.95731680108381,1.0038746524609323,1.478524768348486,1,0,0,1,0,0,-0.3945902466157784,-0.14834569632799627,0.7256940722047591,-0.5512168249153065,0.821376855087167,0.3119038093318884,-0.2085712741902378,-1.2157062755635215,0.7837878298587404,-0.3251554937236365,0.17173411755503742,0.9944524833151279,0.42476525732179893,0.40883412536896097,-1.5067042436301858,0.9561925128747536,0.28202725624666414,0.2934358223932907,1.2021396197987126,0.1640471410786609,0.6985256748723921,0.15921178021169555,-0.11058295987990176,0.718917494317556,0.06322020425280778,-0.1640471410786609,-1.2021396197987133,0.4102278732177254,-1.3852146900196616,0.11810822885711679,0.6020527635450756,0.700558833211691,-0.7495995951142377,0.8401159358104279,0.2896456887631914,-0.046252995675895824,1.055990187324014,0.5793409677244183,1.2459192569225261,0.9877877811122063,1.2607508766078017,0.4428340591057229,0.28677986593896093,0.4033962301162448,1.3994859768436472,1
1.7782221966656961,-0.35971531085317227,0.27967722576327125,-1.161438585374874,0,1,0,1,0,0,-0.6848257977108253,0.5348839957421064,-0.7966945164632545,2.322936003926254,-0.5876010482317433,-1.3838508904977571,1.8766424163076947,0.2531450034739501,-0.206193653209874,0.1575510311289216,-0.30899755792039874,0.2252876338161185,0.5684197396861934,1.7396623591816807,0.15155646215481558,-0.8022678773017784,0.3036153819326959,0.2509838474784086,1.37244176550182,-1.0539055705610194,-0.871266830939421,-0.19562352495322205,-0.5243282148029796,0.08821853675679882,0.6467488357706154,1.0539055705610194,-1.3724417655018208,2.6105764493995856,0.8662627627365218,2.1195822962825224,1.2609982887727984,1.349153482159058,2.4639097731398567,2.3897409215908554,1.6738499195514247,2.00011320016017,-0.8869292675109735,-0.3311783002420958,-0.47836864461934153,-0.6589286824317738,-0.5838686025055501,0.6331731362065233,0.03983423407198747,-0.4316415915936655,-0.5181215015185524,1
0.930113538876852,0.5679242641194551,-0.4445202009343899,-0.13478617003801185,1,0,0,0,1,0,-0.6595879237025604,0.37497917419378457,-0.822280879298011,2.473384913831389,-1.0253397591341906,-1.6230989823777309,0.504695134917647,-0.388674640974412,-1.2494066097246541,-0.6021527640125546,-1.2235718930273443,-0.883909123579023,0.7885007475756235,-0.5529508697235385,-0.8903812464311106,-0.32408482285806717,-0.6639999793127436,-0.38879123944770716,-0.9306920144830665,-0.28249761283093816,-1.2542928645511724,-0.3584962441536461,1.3823066985116035,0.15505852332210723,1.211124413303472,0.28249761283093816,0.9306920144830657,-0.6760201580619267,-1.009968447893631,-0.8371407578686448,-0.8579637923516437,-1.040405750804923,-0.24551969421163483,-0.709509049969999,-0.3747723420151606,-0.6043528672675491,-1.2477571662660425,-0.5588081172337243,-0.7794347861583975,-0.02358138547386016,0.04228663352375219,-0.7309235830158842,-0.9479482933959068,-1.1553410370755877,-0.08511336124321738,0
0.8016122270906633,0.7482986259196881,1.4383931084795292,1.478524768348486,1,0,0,1,0,0,-0.4576849316364408,-0.10182793005939353,-0.7455217907937414,1.7008876264338686,-0.8038477716495906,-1.392794744399812,-0.5459336503975046,1.914372411659346,0.180210606881476,0.0526179763874669,-0.6343325991340979,1.224503736830748,0.7416212335996767,-0.221832058546057,1.2475354427762835,-0.41477071720630226,0.67283495320778,0.027919712035533686,0.8549852458654548,0.8221130942085976,0.5374820512444851,-1.3777825935334278,-0.663158507154899,0.5960881306093869,0.8519216105971081,-0.8221130942085976,-0.8549852458654554,-0.03541234474315745,1.5417059985633763,0.8095265430586199,0.44700675760914055,0.7176271134471482,0.4790951633358572,0.8401159358104279,0.4557501964577793,0.5738579727592754,0.27882240539001907,-1.3934507795363622,-0.669956189235104,-0.8793552956620708,-0.6177148314801074,0.4428340591057229,-1.0302635040182315,-0.8213259083916238,-0.023255055489598248,0
1.7782221966656961,0.33601437037629844,0.27967722576327125,0.5985369837740325,0,1,0,1,0,0,-0.6848257977108253,0.5348839957421064,-0.8094876978806327,2.3287225004610668,-0.7344913508946546,-1.3883228174487847,1.2664234074428322,0.07788516536322679,-1.0635846288688477,0.184852049163741,0.14889467671397624,1.4283889348593257,0.9099882572102633,1.8581745026243999,0.05800910734935623,-0.7384676597066738,0.43165786271856205,0.5374330413593883,1.7872370906796868,0.17559215780023885,0.09567349260683669,-0.04878758342612169,0.7118670375040983,0.1783013548355848,0.3311283900450229,-0.17559215780023885,-1.7872370906796877,2.8055440447574718,0.7912135143113154,2.2287536090511795,1.3902032937194106,1.5369045647490853,2.7159497235911574,2.7159777607025237,1.7292180887829538,2.0621242970036877,-0.026493508941193386,-0.17942508891434333,-0.40538291333714505,0.002351157259115363,0.0761328624983096,-0.7309235830158842,-0.7010026615289333,-0.7099875321636356,-0.20882997275045564,0
0.5703098658755232,-0.6173929705677911,-0.15484123025532542,1.478524768348486,0,1,0,1,0,0,-0.7983962307480176,2.482815458239846,-0.7839013350458762,2.071223404661893,0.44498297934688336,0.3087734604661691,-2.974687648289318,0.08766711569791867,0.08038782989401655,-1.702039327488657,-1.6018996685686533,-0.566750724748134,1.1888749042132918,-1.1349210162166046,-0.46429360961616456,1.3739164565969544,0.14245368619903767,1.1412282611466766,-0.060099813059615065,-0.7133741297612541,3.002375879835316,-0.5854450132962394,1.270760682408616,2.4405999617435037,3.196735298673322,0.7133741297612541,0.06009981305961435,-1.1495128896453646,-0.6347222057676005,-0.7461646638947628,0.007709740790658993,0.06903246449978255,-0.7811045889206503,-0.9541866793037505,-1.0391903727935126,0.015758101167622184,2.9433976577351446,-0.482931511569848,0.2606118846128881,0.8970238815467907,1.9545985705862188,0.15732544345452057,-2.018046031486126,-2.3800631755834565,1.4613442825972665,0
-0.2263982671988458,1.7274737328352407,0.5693561964423357,-0.4281154315628296,0,1,0,1,0,0,-0.3188766245909836,-0.19777082298838666,0.25234635976176334,-0.46615532585355707,0.48394566135851536,0.20815510406804932,-0.09283315968096127,0.5415589443062154,0.3028444360712822,-0.43934411208920726,-0.14214748669805938,0.053722417104869705,-0.3824850847543345,-0.627862921792148,-0.07224568214456698,0.34624081389524625,-1.1709806892563395,-0.869542668580671,-0.02757457514840374,0.10061909740348675,-0.498266465225522,-0.8156807851918726,-0.06605986283018188,-0.5675988554234893,-0.6641404786035268,-0.10061909740348675,0.027574575148402326,-0.45320004908148526,0.19081952690966666,0.8277217618533966,0.8992242749222835,0.32505666803163763,0.29006520049738066,0.35076067714292497,0.40038202722625016,0.015758101167622184,-0.5538573609678327,-0.8623145398892288,-0.43275256256796935,-0.39960325510201306,-0.5838686025055501,-0.4771381468814831,0.6160407084282594,0.7374113588002092,-0.2706882785040748,1
1.1871161624492292,1.1605828814630785,-0.15484123025532542,-1.161438585374874,1,0,0,1,0,0,0.19849979257844777,-0.46408503487613734,0.21396681550962854,-0.4615261286257068,0.004562891386885699,-2.3669184983433978e-4,0.07950498950826361,0.4772538102660443,-1.1712667694571086,0.6130137143609405,-0.2560478500897265,-0.08954654464984281,0.5096077857358666,-0.7593938487710954,-0.3833693035897061,-1.1429111037353166,-0.05361206594492712,-0.4572200635119455,0.44932672572474713,-0.5677675826606664,-0.869331009304567,-1.0390967846841672,0.4526454741895792,-0.8813027866197141,-0.11351165604779674,0.5677675826606664,-0.44932672572474786,-0.7038726716844818,-0.3345252120667762,0.09081540066495114,-0.5220307794904515,-0.5112890635057554,0.6996301199807459,1.166352774922097,1.009431888773073,0.139780294854656,-0.5816133531797613,-0.6346847228976005,1.7020800774362477,1.7268652490020249,1.1761353041714093,1.3945294446097283,1.1922471827845313,0.9600881112561845,1.3376276710900281,0
-0.4577006284139859,-0.05050211919562982,-1.6032360836506476,-0.8681093238500562,1,0,0,1,0,0,0.1480240445619179,-0.45071117707391406,-0.029103631420558513,-0.3706781330291445,-0.13131809251672383,-0.060160512993603456,-1.0379816634705687,-0.1755567094736152,0.784569312078559,-0.4584469562035424,-0.6180085167293322,-0.7872186102990794,0.04277307237978164,-0.9624303901195491,-0.42252320205849114,0.2775599552397254,0.026319110573927357,0.1377587751739033,-0.2763926451691775,-0.799549433147316,0.4816896644950143,-0.18231737517380217,-0.793611545603044,0.6454298408169414,0.9379359706988981,0.799549433147316,0.2763926451691768,-0.8431352397972577,-0.25947596364157,0.5002078235474204,0.5762117625557528,0.5640125913280355,0.19555021907814235,-0.30171300108041293,-0.2086678343205727,0.5738579727592754,-0.026493508941193386,-0.6346847228976005,-1.5092920989803518,-1.605466492185401,-1.311562525458524,-0.12818317219668063,-0.7833178721512579,-1.1553410370755877,-1.5078543935764617,0
-0.3291993166277972,0.18140777454752677,0.27967722576327125,-0.4281154315628296,1,0,0,1,0,0,-0.29363875058271866,-0.24370711717863186,-0.13144908275958464,-0.3174423649088659,0.17423619888786593,0.05789835851352376,0.8118793006481314,0.7911217981386931,0.04397475475561312,0.9071063761960058,0.5926369847501429,-0.4551097124884334,-0.4320498274737421,0.48172314232651203,0.07018557626729266,-0.23359860446446326,0.37429421487180436,0.4920588714764414,-0.37315522795503414,-0.2506245554141756,-0.6476058430427137,-1.015529126133106,-0.2948590322371795,-0.8542984562811033,-0.29005738863481156,0.2506245554141756,0.3731552279550334,0.0759977097470634,-0.3345252120667762,-1.1828499149693978,-1.1034533017502068,-0.9209277891567239,-0.49755964466293656,-0.6279498401920818,-0.5408768497097485,-0.9144083514851348,-0.6648813298155464,-1.0140677512169813,-0.31415074923440073,-0.41256952646850126,-0.7023304039164997,0.3476645205553221,0.28677986593896093,0.18071947766026855,-0.5181215015185524,0
1.2385166871637046,2.113990222407169,-0.15484123025532542,1.0385308760612593,0,1,0,0,1,0,0.8420655797892039,-0.5699129531372086,1.2374213288998899,-0.626441279867874,0.126620476051226,0.04582415574574939,-0.30889105283080864,2.114057923753192,-1.956960853636718,-0.7958137805342428,-1.6806173650250595,-1.1174795313275847,0.9575372330644866,-0.6902175267317174,1.9503577902659859,-1.1343512865905,-1.7419848285271586,-2.5339631784975007,-1.509300160665374,-0.027203276549727037,-0.2601366919221054,-0.9477852265399869,1.535317398895655,-0.6522292609693139,-0.2890369634995145,0.027203276549727737,1.5093001606653726,-0.8152827261747027,1.2415090048625523,-0.9918001176242447,-1.3489428111487698,-1.8255466416359454,-0.9071245641463012,0.10608304780917345,1.0648000580046022,-1.1624527388592034,-0.3040534310604773,-0.9381911455531051,-0.24116501795220557,0.5599008260181015,0.24536400737109418,-1.2702176348014877,0.5337254978059351,0.5704037944582268,-0.1469716669968365,1
-2.2053184687061513,0.23294330649045036,1.7280720791585935,1.0385308760612593,1,0,0,1,0,0,0.791589831772674,-0.5658426485887058,0.022069094248954552,-0.4048184625845405,-0.42318787746613534,-0.12232029761288635,-2.5110811386096494,-0.5597701173923912,-0.6828175244320761,-1.6030969560395338,-2.158719281730033,-1.0701489722782533,2.3205978416588486,-0.5207597714389507,-0.9526659141262415,0.3488393483090782,-0.8231573735461423,-1.0835023779053232,-2.018119135314598,0.5419904249708541,2.9713824220326095,-0.1860577460842737,1.2839843335332455,1.3494518035344898,1.7486116062102584,-0.5419904249708541,2.0181191353145973,-0.7595776989295921,-1.1850833608857785,-1.4345504416304713,-1.0689986337644437,-1.2850511008464733,-1.6107360924895182,-0.7638818564886103,0.1973654067106424,-1.307145298160744,3.0544216265828577,-0.02767187758659086,0.48869229486974886,1.1174504947770867,1.6838287387897632,-0.2550758902638815,-1.7711003996191523,-1.823371294443516,1.0283361423219313,1
0.2876069799459088,1.5986349029779314,-0.15484123025532542,-0.4281154315628296,1,0,0,1,0,0,0.2868323516073751,-0.4733885881298579,-0.041896812837936774,-0.3591051399595187,-0.22836903238193137,-0.08654488200466598,0.6830668276222008,0.7464457855349579,0.041708242602504844,0.18111552081973833,0.6699269602653192,1.1232965811432125,-0.18209383385030117,-0.11216388202211777,0.5565402353395346,0.2675635303120024,-0.8284081571060078,-0.39472100729580367,0.2181716668474233,1.3156625590560507,-1.0618938808286837,-0.46699047597025933,0.2118589793630461,-1.066110732007611,-1.2563060960783212,-1.31566255905605,-0.21817166684742473,-0.03541234474315745,0.641115017460903,0.32735324499704527,0.42116575661981864,0.0519641842643253,0.2270552128845555,0.6769975162545934,0.6218547041523672,0.07776919801113909,-1.0812212129944723,-0.6346847228976005,-0.7246954876967501,-0.5162996974004062,-0.8715615487892844,-1.0798785577006862,-0.28942660841731066,0.4033962301162448,-0.7036964187794109,0
0.8273124894479005,0.7482986259196881,-0.4445202009343899,-0.4281154315628296,1,0,0,1,0,0,-0.10435469552073157,-0.32976498477554694,-0.2593808969333673,-0.27462229055125054,-0.14973264032218775,-0.04137841979928776,1.1651046824133937,1.5043386842387596,-1.3226274966370106,0.675823942106083,-0.5985554913954728,-0.6882674098423684,0.34009448330553366,0.9191246124792072,0.8677367284996921,-0.6025405904733545,0.5305023499270464,-0.10114792013223009,0.17827491249930566,-1.1155255455628834,-0.7017279396142222,-1.1954724490363464,1.2025809115535186,-0.3869574961583134,0.6794001964829318,1.1155255455628834,-0.17827491249930708,1.4129183636297125,1.4666567501381707,1.5373352948496766,0.9250652759116064,1.1272658390981163,1.1722050270769362,0.758556726032511,0.7325910426154264,1.5040244254120325,-0.6371253376036178,-1.0899443568808573,0.16025650409986858,0.7673611678819103,0.549980068142106,-0.0012904541294803558,0.12214944469431245,-0.3759724034796717,0.16231986177126023,0
0.3904080293748593,-2.1119233969125806,0.5693561964423357,0.3052077222492148,1,0,0,1,0,0,-0.1295925695289965,-0.31813554320839627,-0.10586271992482811,-0.32612210971108524,0.02305271288848982,0.007365583966912489,0.3886535873131493,1.4228402282673114,-0.581259431780437,0.5234548574791695,0.4527974506685584,1.1255303553774019,-0.15714454940800932,0.06931960719212753,1.4332909205709672,-0.7075312650842419,0.1028925030903337,-0.11751427849547215,0.13830413819877924,1.3979208031972914,-0.47116893929789194,-0.5170534862165138,0.08360042819551111,-0.6051272972021159,-0.7033886827135943,-1.3979208031972914,-0.13830413819877996,0.438080386840281,2.067050737539819,1.4736520290679587,0.8087807714596554,0.8200367948598906,1.5817699465603012,0.4323198869208419,0.40038202722625016,1.5040244254120325,-0.6093693453916895,-0.7105613285614767,-0.8524205174405927,-0.6848612251647502,-0.8546384343020056,-0.8895394805998851,-0.8656330827735822,-0.32030321536567735,-0.5181215015185524,0
-0.4577006284139859,-0.02473435322416849,1.0038746524609323,1.7718540298733036,1,0,0,1,0,0,-0.07911682151246661,-0.3518609237531332,7.019939329554866,-0.7844126352682658,1.5217632763507887,0.3356050221723344,-0.3776782338385461,0.5426803894327255,-1.3012306785269778,-0.20848109162467554,-0.8115853888030612,-0.4334453830520262,0.498225588028117,0.9694084811492313,-0.46850279462815575,-0.4310546255434094,0.5347799362515291,0.3143378639906965,-0.04053384962865217,-0.550966827225982,1.4937923100326806,-1.2141816803070544,1.3456576011106371,0.8119231351845885,1.361990496907516,0.550966827225982,0.04053384962865146,0.939425632046274,-0.40957446049198204,0.10901061945972781,-0.1344157646506147,0.08610074473523979,0.3845801819166189,-0.30171300108041293,-0.319404172783631,0.2638024885416898,1.3057941172313696,-1.1658209625447336,-0.1681792866700104,0.533968283285125,0.854596128913119,-0.667477223982284,-0.7010026615289333,-0.9883334727336057,0.2860364732784985,1
-0.9460056132015023,1.8820803286640106,-0.4445202009343899,-0.4281154315628296,1,0,0,0,1,0,0.6654004617313493,-0.5414208212976894,0.15000090842273722,-0.44821718659563714,-0.28098009256901896,-0.06999875228586407,0.09593483949470948,-0.45720286522356784,-0.8208735443446957,0.36476391629026106,0.30225596357883533,0.5850244656007774,0.20168930777914681,-0.3799100717076763,0.3040817343686557,-0.004050874209311265,-0.5937552057144804,-0.44491199227019224,-0.22931895624632825,1.0253393444399002,-0.5130013969367999,0.9321476870633382,1.1180908966301808,-1.0815300164474708,-0.8273175212890076,-1.0253393444399008,0.22931895624632756,-0.45320004908148526,0.11577027848446049,-0.44594355378095224,-0.37990527404917784,-0.5795621844475838,-0.30852968182446,0.10608304780917345,0.2342775195316623,-0.5423417704240322,-0.6371253376036178,0.5034643620605421,-0.8159276517994943,-0.17917664187171697,-0.5838686025055501,-1.4288335323854886,-0.5363722402842841,-0.09762646290970158,-0.7036964187794109,0
0.8530127518051386,0.6709953280053031,0.27967722576327125,-0.8681093238500562,1,0,0,1,0,0,0.17326191857018283,-0.45594442577913186,-0.016310450003180245,-0.3706781330291445,-0.13793399903380654,-0.06418524724952825,0.491443282761159,0.4956510750775671,-0.9471798476706006,0.4460660878206429,-0.32717176724860897,0.7968158380046012,0.9587282178705144,-0.8155291965619635,0.14630353968206836,-0.395697251132333,-0.8570279222507335,-1.1660467225890727,0.48455582139920894,0.6061852033378367,-1.4982310118526296,-0.533732981208089,0.897189005987868,-1.452420724047885,-0.7130783510529427,-0.6061852033378367,-0.48455582139920966,-0.6481676444393714,0.41596727218528484,0.8277217618533966,0.47284775859846334,0.08610074473523979,0.41608517572303205,1.9819448727012692,1.839954427246013,0.20179139169817292,-1.46980510396147,-0.7864379342253526,-1.0896241441077272,-0.5292659687668935,-1.0238695791747903,-1.0798785577006862,-0.5363722402842841,-0.32030321536567735,-1.3841377820692236,1
1.4441187860216065,-1.95731680108381,-0.4445202009343899,1.478524768348486,1,0,0,1,0,0,0.021834674520593164,-0.3867492484545853,0.5210031695267069,-0.5049248526368034,0.29323452063040123,0.09277938873153863,-0.8850514082244914,-0.15696808320583483,-0.18780785581845016,-1.8438019589369319,-1.4468883742125223,-0.07597738564813566,1.8941367840774306,-0.6593847426306477,-0.09699036838463738,-0.41097071882094366,-1.8986815952686351,-2.023725195205303,-0.43576631093411766,0.328563629361145,0.5718360621331269,0.11828079844944871,-0.15624630804578096,0.6081573259119543,-0.094748017739058707,-0.328563629361145,0.43576631093411694,-0.5924626171942612,-0.03432821836595151,0.1908891040362222,-0.05689276168264715,-0.801449827508525,-0.08799472517957138,1.3294711944779316,1.784586258014483,-0.6043528672675491,0.8894542340524437,0.5034643620605421,1.1546870928197819,0.8840576101803024,1.1084428462222957,0.3476645205553221,0.2044646553166367,0.4033962301162448,1.3994859768436472,1
1.0329145883058024,-1.0554449920826439,-1.168717627632051,-0.13478617003801185,1,0,0,1,0,0,0.3499270366280375,-0.483273613461936,-0.2849672597681238,-0.2659425457490312,-0.49620818796233845,-0.1661451817329563,-1.2885964397912133,-0.8520939495524688,-0.08788734100199053,-1.4341611120674782,-1.9139366937436681,-0.5603977608180649,1.9569437417031985,-1.1293865561456007,-0.3505690501118222,-0.32964837465857194,-0.6980132381076952,-1.1375910221677534,-0.2493891336940558,-0.5169746011139472,0.6633549777002179,0.8183333084329584,-0.2111198859707321,1.2453211596561584,1.3775752197426707,0.5169746011139472,0.2493891336940551,-1.0659553487776992,-0.3345252120667762,-0.018355912103706302,-0.18609776662925942,-0.4430159425639276,-0.30852968182446,0.6769975162545934,0.8986955503100138,-0.23228628620644656,0.5841383197212315,0.7310941790521709,-0.06782390615699217,-0.16621037050522874,0.3299795798074865,0.5697267771729232,-1.1948939252628807,-1.4893561657595522,0.16231986177126023,0
-1.0231064002732158,-1.2873548858258006,-2.327433510348309,-0.13478617003801185,1,0,0,1,0,0,-0.06649788450833415,-0.35360533998820587,-0.19541498984647596,-0.29487502842309565,-0.11638085485204512,-0.04406157596990429,-0.6356049333923232,-0.24687580421122396,-0.5648983988823916,-1.2960657031767442,-0.9260550406547806,-1.0313382230355692,0.6753539543727025,-1.0313398504169975,-0.4165438338188941,-1.2037781664182483,-1.323849489090081,-1.128891442792169,-1.3072103638266717,-0.11014700605881247,-0.1466784944082416,-0.07843967960079158,-0.437445929845918,0.43819465794521156,0.10177413429450165,0.11014700605881318,1.307210363826671,-0.8152827261747027,-0.03432821836595151,1.3007974505175837,0.369483754641173,-0.20406001926752979,1.9598298722372534,0.5954383064766764,1.5631135810883663,1.3800022317249987,-0.22078545442469194,-0.17942508891434333,-0.323273965644676,-0.4903671546674297,-0.29617565622181696,-0.0647368131630805,-0.28942660841731066,-0.3759724034796717,-0.5181215015185524,0
1.8296227213801723,0.7998341578626126,-0.15484123025532542,1.1851955068236681,0,1,0,1,0,0,0.059691485532990585,-0.4257078777045401,0.11162136417060241,-0.43317229560512366,0.033498063971571714,0.007365583966912489,-0.15419891461985102,-1.553025588386159,1.2256532691674693,-0.39827666578242443,-0.1737552840745426,0.3618505619636452,0.83758668721724,-0.9854820729478934,-1.2872752844426512,1.2800871013704358,-1.2975901421709297,-1.0320904267602775,0.3961552074612323,0.10061909740348675,-0.7702647313117857,0.8420122374597415,-0.3891449928316511,-0.7486220921555361,-0.7817450425001057,-0.10061909740348675,-0.396155207461233,-0.8431352397972577,-1.0850176963188372,0.6821600114951846,1.2997597902567817,0.615217432034406,-0.7180946013078251,1.8188264531454346,1.7292180887829538,0.07776919801113909,-0.6648813298155464,0.9587239960437993,0.40658334717727845,0.13201387092399572,-0.1777138548108673,0.41111087958892223,0.6160407084282594,0.7374113588002092,0.2860364732784985,1
0.3647077670176212,-1.6223358434548052,0.5693561964423357,0.3052077222492148,1,0,0,1,0,0,0.40040278464456736,-0.4885068621671538,0.9815577005523245,-0.5876717530846277,0.2420352366748542,0.07846922248825047,0.3348796131610748,-0.5311208622412682,-0.22709679387778064,0.5267403842118602,0.3237723138858627,0.30092930725678146,-0.49170683244543595,-0.2851293693247141,-0.8285421917049625,-0.0700114063390396,-0.3730779811862476,-0.661007547405683,-0.7896550408158974,1.1936019387174324,-0.750556160226493,-0.10103532757186959,0.2400942135221098,-1.081530016447473,-1.0662650804749678,-1.1936019387174324,0.7896550408158968,-0.28608496734615396,-0.7848207026180125,-0.054746349693259644,-0.08273376267196997,-0.22112829950298704,-0.34003467563087314,-0.38327221085833024,-0.04256332662598434,0.015758101167622184,-0.7481493064513315,-0.17942508891434333,-0.2594114507727547,-0.10137901367278856,-0.5161761445564365,-0.6198924547070837,-0.20711139779498602,0.4312308241732417,-0.30161743138088487,1
-0.2263982671988458,1.3151894772918502,-0.4445202009343899,-0.8681093238500562,0,1,0,1,0,0,-0.2810198135785862,-0.2564995029024976,-0.06748317567269331,-0.35621189169211226,0.21445271956679232,0.07802202979314772,-0.16912212866257664,1.5586014027532376,-0.507599652105862,-0.3157097963445778,-0.23968587513779818,-0.6508053244382932,-1.0632100118112169,-1.1146664164958051,1.9790496455264899,-1.5719116636321953,-1.0529369129093058,-0.601128472320434,-1.8132101364739617,0.910698895591472,-0.8785931128544506,-0.1566608488494615,-0.8857138982497017,-0.6175706518092734,-0.2752815765312816,-0.910698895591472,1.8132101364739601,-1.1495128896453646,1.3165582532877582,-0.9008240236503626,-1.4781478160953823,-1.723136960223203,0.6996301199807459,-1.5251011477491712,-1.0391903727935126,-0.9764194483286528,-0.9424412519348303,-0.4070549059059717,-0.8341740846200435,-1.112748180258855,-1.2438700675094103,0.2524949820049213,-0.04248097655033679,0.45906541823023866,-0.5181215015185524,1
-1.9740161074910114,0.6194597960623787,0.27967722576327125,0.5985369837740325,1,0,0,1,0,0,0.6906383357396142,-0.5460725979245497,-0.2210013526812325,-0.28677393327435763,-0.5930639605588572,-0.19834305578035463,-1.3594403169118412,-0.7411000487870408,1.548079258723076,-2.0578060399056897,-0.7530589750573156,-1.7541620363710901,-0.5386475314315128,-1.9951457808293762,-1.3916354287275925,1.0681940152183784,-3.0990907547703035,-1.5943303561567654,-2.7148097313727666,0.30004743805884815,-0.10319130300661536,-0.3769267478597522,-1.0428442385802446,-0.29304214117042016,-0.5775397321981779,-0.3000474380588474,2.7148097313727657,-1.8736782438317996,-1.685411683720486,-2.5565889339750165,-1.8011603284619129,-2.5936192522315107,-1.8207693845322692,-1.85133798686084,-1.0945585420250417,-2.340663578886029,-0.27629743884854874,-0.5588081172337243,-0.7246954876967501,-1.0997819088923677,-1.1254082660984612,-0.0012904541294803558,0.12214944469431245,0.29205785388825667,-0.8274130302866491,1
-0.4577006284139859,-0.9008383962538722,-0.8790386569529866,-0.13478617003801185,1,0,0,1,0,0,0.08492935954125552,-0.4280337660179702,0.36748499251816774,-0.4812002168440706,0.16899473165028822,0.042693806880030105,-0.46134828348358436,-0.19454479517175058,0.6603116316256691,-0.6789370228292709,-0.46766493400434167,-1.5043459692229972,-0.9140808413928787,-0.9345191633436079,-1.4084895544087939,0.722291613977718,-1.6629634707965453,-1.096997833299444,-0.9237009575987005,-1.1356331163529634,-0.29224451826315717,-1.1439750790908745,-0.17683470649299007,-0.7317659947230346,-0.46301755236657505,1.1356331163529634,0.9237009575986999,-0.8152827261747027,-1.2351161931692491,0.5002078235474204,0.821701271954316,0.03489590402886805,-0.08799472517957138,0.35076067714292497,0.954063719541543,0.3258135853852078,-0.3040534310604773,-1.0899443568808573,-0.10431677179808911,-0.17917664187171697,-0.44848368660732285,0.15732544345452057,2.2623449208747504,1.6837875567381073,-0.3944048900113141,0
0.18480593051695732,0.7225308599482267,-1.6032360836506476,-0.13478617003801185,1,0,0,1,0,0,0.11016723354952047,-0.4315225984881154,0.7512804350395157,-0.5570033214501194,0.3302101272650536,0.09859289376787443,-0.39067634091195025,-0.11033224144555437,-0.0662760994013493,0.24199683610987555,1.219933941664858,-0.794398598908978,-0.8899355059389471,-0.4067314644481987,-0.8492532403325384,0.17133268396221765,-0.76101344307002206,0.010200682384400568,-1.4375436385994584,0.3422733367180179,0.13684367524868518,-0.69932878906693,0.2627744722650954,-1.081530016447473,-1.5760148906595508,-0.3422733367180179,1.4375436385994576,-0.3139374809687093,-0.7097714541928067,0.3728412919839863,0.4082452561251572,0.06903246449978255,0.6996301199807459,-0.8726274695258333,-0.319404172783631,0.6358690696027934,1.4723300705029398,0.5793409677244183,5.123286231289159,4.5664786782629045,3.5453713323903937,1.9972698554289314,2.2623449208747504,2.7971713190179877,3.873818206988421,1
1.135715637734753,0.15564000857606544,-0.15484123025532542,-0.4281154315628296,1,0,0,0,1,0,-0.25578193957032125,-0.27045483278307847,0.8536258863785419,-0.56626171590582,0.6925289094151599,0.22962035343298154,-0.6241430961382575,-1.0513222821050485,1.1154043311650175,-1.6803028534948388,-1.4872876902165098,-0.6662085338475324,1.6052120794270737,-0.970456086293772,-1.4618184410228876,2.1958382048468055,-2.308194585833901,-1.5354514241022208,-0.25948267924543644,-0.651277219968356,-0.10178211838165832,-0.021444797967359142,0.6818105430729904,-0.018785488900140753,0.43447737436555384,0.651277219968356,0.2594826792454358,-0.8709877534198129,-1.3101654415944555,0.34554846379182197,1.4806467971820387,0.2738518273252659,-1.2851844898232538,1.4925896140337656,1.839954427246013,0.015758101167622184,0.0012624832707351544,0.12408133374116129,0.4521994292286506,0.754394896515422,0.7022880985276131,0.12560226393772106,0.2044646553166367,-0.09762646290970158,0.40975308478573785,1
-0.4063001036995106,1.8563125626925503,1.0038746524609323,-1.161438585374874,1,0,0,1,0,0,0.07231042253712305,-0.42687082186125513,-0.34893316685501513,-0.1866675432220947,-0.398226511328222,-0.18403288953706648,-0.23233289189198794,0.18280787066772955,-0.7868517592006838,1.0968886853624666,0.17765683303139962,-0.09635602521447405,-0.24759344070831493,0.3040735331263727,-0.7933912795480546,-0.441075726057567,1.1439645802940899,0.247923986342738,-0.5796783524084306,0.4434998061064408,0.6268912332961968,-1.0457115065400342,0.6324141470103128,-0.3474901530181971,0.011086934319583538,-0.4434998061064408,0.5796783524084299,0.4102278732177254,-0.6347222057676005,0.46381738595786837,0.14983524623193267,0.615217432034406,0.1325402314653172,-0.38327221085833024,-0.1532996650890431,0.5118468759157585,0.6396503041450882,-0.9381911455531051,0.20587258615124074,0.5080357405521495,0.3299795798074865,-0.15990635171348128,-0.04248097655033679,0.18071947766026855,0.47161139053935697,1
-0.9460056132015023,-0.87507063028241,-2.0377545396692445,-0.4281154315628296,1,0,0,1,0,0,0.3246891626197725,-0.4797847809917908,0.38027817393554597,-0.48235751615103317,0.023537631626773435,0.0037880424060904513,-1.0648742276393475,0.9218587446628762,-0.26948621063179806,-1.5632193590753631,-1.3188141950507946,-3.5071655964334267,-0.7461206579106644,-0.8973801432254168,1.03893587155086,-0.6304378287873162,-1.9134603065723201,-2.1625423881830272,-3.5663204598883063,-1.2463223652653523,0.5840818698422355,-0.22449690874599412,-0.2651325409636563,0.2144540180306019,-0.3967786935742864,1.2463223652653523,3.5663204598883063,-0.9983135299800652,0.4588525569996885,-1.1009714303929035,-1.2105088772773998,-1.7645884979378845,-0.9206267043490494,-1.501798516384052,0.17099961183848567,-0.39174339237549116,0.9727222106882286,0.19995793940503753,1.3736442866663687,1.0007540524786946,1.0407503882731821,0.6014499566897238,2.509290552741724,1.8507951210800897,0.7190446135538346,0
0.7759119647334253,0.6967630939767645,-0.4445202009343899,1.0385308760612593,1,0,0,1,0,0,0.097548296545388,-0.4303596543314004,-0.20820817126385424,-0.2931390794626518,-0.25633671030435484,-0.10443258980877616,0.8036487730491393,0.6996693282325661,-0.35728835509789386,-0.1316563775093785,-0.6250375234233606,-0.11991046889528052,0.6352739256821404,1.004883011284066,-0.4820813394350076,0.07465203344547797,0.1385266569933923,-0.07207409632739885,-0.2971274843375756,0.13114384342216406,-0.1134259172053773,-1.4432566136941534,0.5634432448476151,0.3152199340433051,0.7422130652870349,-0.13114384342216406,0.29712748433757485,0.35452284597261524,-0.8598699510432187,-1.537656681467537,-1.2714198081808024,-1.1598837124531223,-1.2851844898232538,-0.7910682597479163,-0.762349526635866,-1.720552610450858,-0.3040534310604773,-1.4693273852002382,-0.8068044353892204,-0.4255357978349895,-0.2792525417345383,-0.6040308649486834,-0.7833178721512579,-0.8213259083916238,-0.20882997275045564,1
1.1614159000919912,1.3667250092347738,-1.168717627632051,1.0385308760612593,1,0,0,0,1,0,0.22373766658671274,-0.4664109231895675,-0.4001058925245282,-0.13863962198314772,-0.5690568034191699,-0.25155898649758246,-2.5360535448168373,-0.08105308588973237,-0.1357907823155401,-2.2478728179301344,-1.6768456623986594,-1.3982502240128043,0.8670682287666976,-0.9388131982322143,-0.5917126944736317,0.5044271171870408,-0.8484607568852381,-0.24928993094370341,0.3758588387947461,-2.279818757440177,2.588393102480919,-0.48151688373001805,0.6925311544507246,2.1954119937005383,1.9365983890339993,2.279818757440177,-0.37585883879474674,-0.7317251853070371,-0.25947596364157,1.1643333095567605,1.2868392897621204,0.8200367948598906,0.7626401075935709,0.758556726032511,0.6218547041523672,0.7598912632898273,3.137689603218643,-0.1035484832504671,1.3006585553841723,1.519404907138216,2.5130613486664073,0.37938770007212164,0.5337254978059351,-0.4316415915936655,1.275769365336409,1
0.9558138012340891,0.18140777454752677,-0.4445202009343899,-0.4281154315628296,1,0,0,1,0,0,-0.6595879237025604,0.4214969404623873,-0.13144908275958464,-0.3174423649088659,0.9129171623630022,0.569486801711075,0.18399507852484748,0.38636765566087533,0.020851240076783323,0.012642841944878596,-0.2860091669035102,-0.7316144674888881,0.12820955273831128,-0.47114741475440397,-0.5513956020842651,-0.496962017829861,-0.679454501440109,-0.4828820973371923,-0.604544012877736,-0.39825548305102343,-0.7266145810875733,-1.0826777424598937,-0.5279032447903559,-0.6908151166138944,-0.0996144581262294,0.39825548305102343,0.6045440128777353,-0.5924626171942612,-0.7097714541928067,-0.7552622732921518,-0.8708842928463041,-1.05747403104038,-0.11949971898598452,-0.30171300108041293,-0.04256332662598434,-0.6663639641110671,-0.7481493064513315,-1.0899443568808573,-0.39625969692687113,-0.5940973255993336,-0.8038690908401701,0.5380035976561225,0.03983423407198747,-0.15329565102369538,-0.5799798072721716,1
0.8016122270906633,-2.2149944607984287,1.4383931084795292,1.7718540298733036,1,0,0,1,0,0,-0.4576849316364408,-0.11055001123475654,0.7896599792916505,-0.5604752193710071,0.9488729745916055,0.3481264176352115,-0.6535302171182221,1.8518878563922674,-1.2419457823031408,0.4564144667669089,-0.34217183306135945,0.8641787699771619,0.16375301720773394,-0.19079691318767084,1.428303146076176,-0.8181847508093556,0.6329505423983446,-0.28592121296883793,0.6912331826893887,0.4930801176436292,0.7181076480266224,-1.110931463600758,0.8755847207115502,0.011036423862666258,0.1656937267599087,-0.4930801176436292,-0.6912331826893894,0.04814519612450831,1.841902992264201,1.0369667779933252,0.3953247556304958,0.6493539925053206,0.7626401075935709,1.0847935651441794,0.7879592118469556,0.7598912632898273,0.5008703430854462,-1.1278826597127956,-0.4646838200039293,0.028283699992091807,0.03382507628011344,-0.9371242498750855,-0.20711139779498602,0.013711913318286572,-0.30161743138088487,1
1.6497208848795075,-0.5400896726534062,-1.6032360836506476,0.5985369837740325,1,0,0,0,1,0,-0.7479204827314877,1.8461035324383461,0.12441454558798068,-0.4343295949120862,1.5671797076776843,1.7554418291235805,-0.691651591874871,0.7772260282673806,0.2426441152265125,0.14735526296481824,0.38942217264946377,-0.6385928460742194,-0.6215965632664248,-1.599876398404268,0.6769457611148707,0.7533747188487935,-0.9306930375832638,-0.16258935366548669,-0.6910894285371356,-0.18555039652161812,-0.6368192713483918,-0.38861771256640465,0.4253663031215066,-1.1219267382548266,-0.6650047551753916,0.18555039652161812,0.691089428537135,-1.4837430531160272,0.7912135143113154,0.40923172957353837,0.7570987694810098,0.3079883877961804,0.16404522527173035,0.02452383803125581,0.40038202722625016,0.6978801664463103,-0.5816133531797613,-0.3311783002420958,0.12376363845877164,0.3265079414213163,-0.1607907403235886,-0.09645999267988113,1.0276167615398821,1.0157572993701793,0.22417816752487937,1
0.6731109153044746,0.7482986259196881,1.0038746524609323,-0.4281154315628296,1,0,0,1,0,0,-0.34411449859924853,-0.17858224440258805,-0.2593808969333673,-0.27462229055125054,0.11152529609184321,0.07489168092742844,1.34936441762273,0.13016328320680493,-0.4467442188020514,0.49077769446337205,-0.006286118578498592,-0.8143177878980512,-0.04540037333111022,1.1394996878532595,-1.1507275064032818,0.659272957881241,0.4293846534618734,0.814932110974758,0.06512235289855199,-1.1752198963459366,-0.737749408088642,-1.3314267457763445,1.2732200557512945,-0.23723853067375736,0.8037948547224847,1.1752198963459366,-0.0651223528985527,1.1900982546492709,-1.009968447893631,0.33645085439443295,0.6408142650290589,0.8029685146244333,0.06953024385249205,-0.05703537174666111,-0.09793149585751397,0.7598912632898273,-0.6926373220274746,-1.2416975682086098,0.023408257945752128,0.6765972683164937,0.5330569536548284,-0.15990635171348128,0.2044646553166367,-0.32030321536567735,0.10046155601764112,1
-0.4577006284139859,-0.6946962684821769,1.0038746524609323,0.3052077222492148,1,0,0,1,0,0,-0.07911682151246661,-0.3518609237531332,-0.7199354279589849,0.9573228217104129,-1.128033792371823,-1.010444990086957,0.695022576370174,-0.1774839924691779,-0.5894648279582424,0.3063516842633375,-0.027911657815051078,0.06355685487286475,-0.2291405082698766,1.0815905747771946,-0.04269618896586593,-0.6107753174455491,1.0158597440463808,0.3302865877199984,-0.2971274843375756,0.38137139103206524,0.11426674715622251,0.20083024481675987,0.19204787592183803,0.5934477715347362,0.3587470900004499,-0.38137139103206524,0.29712748433757485,0.744458036688388,-0.25947596364157,-0.6733837887156574,-0.8579637923516437,-0.4600842227993849,-0.34003467563087314,-0.7910682597479163,-0.762349526635866,-0.6043528672675491,0.5008703430854462,0.7310941790521709,1.5469853984615822,1.4286410075727993,1.6330593953279282,0.7600658542737248,0.36909507656128593,0.6260729825722207,1.770635811365363,0
1.4441187860216065,0.8771374557769975,-0.4445202009343899,-0.4281154315628296,1,0,0,1,0,0,0.021834674520593164,-0.3867492484545853,-0.7583149722111197,1.8021513157930942,-1.420056647234133,-1.690177886643144,-0.5725962248765796,1.0092749244224393,-0.430207269149578,-1.6225745036968984,-2.281655642188295,-1.051519349229834,2.18723343291929,-0.7068172651783688,0.1177644660414768,-0.29015862811581045,-1.7532049956338935,-1.9402177886907366,-0.28192193561408385,-1.154540235155578,0.08996550603604046,-1.2672876509457556,0.2965263104913336,0.4535454122320057,1.0720190432254733,1.154540235155578,0.28192193561408313,-0.5924626171942612,0.26586877533487285,0.47291499535525605,0.24027874969456073,-0.4942207832702994,-0.024984737566746233,1.5741488238116832,1.9506907657090713,-0.4183195767369984,0.3343343898138759,-1.0140677512169813,1.0087156302553917,1.026686595211671,1.1761353041714093,1.2041903675089267,0.36909507656128593,-0.15329565102369538,1.0901944480755505,0
-1.0488066626304537,0.33601437037629844,-0.15484123025532542,-1.161438585374874,1,0,0,1,0,0,-0.2684008765744537,-0.2698733607047209,-0.5664172509504457,0.034376624407757565,-0.45311471984441287,-0.234118471388575,1.0112688167998312,-0.9943434349478625,0.7374026689406692,1.4538447026542651,2.1991677241608785,0.45755980212120617,-2.3156863717942286,0.9046125071810831,0.9596286760755331,-0.20092563134971153,1.5818327664600758,1.468283904964825,0.3871222082195544,0.24011390447808975,-0.5023157483213471,2.3261025114369813,-1.2099650338899766,-0.395532105478698,-1.4255322928456193,-0.24011390447808975,-0.3871222082195551,0.577342954953057,0.5660657690356972,-0.7188718357025985,-0.7029177864157086,-0.10165033785478751,-0.11949971898598452,-1.2804235184154193,-1.5375038958772762,-0.29429738304996345,-0.49834537654397587,2.096873081001942,-0.11343998820836432,-0.7107937678977266,-0.8038690908401701,-0.12818317219668063,1.0276167615398821,1.2941032399401495,-0.45626319576493324,1
1.8039224590229344,-1.2873548858258006,0.27967722576327125,-0.13478617003801185,0,1,0,1,0,0,-0.6848257977108253,0.5872164827942845,-0.19541498984647596,-0.29487502842309565,0.9539562211440196,0.6794962047063526,1.4591496451890733,0.008461653560812275,-0.5014172483041567,0.14809419934898183,0.5074687584977313,1.3728091631022448,0.54245580616803,1.8388346769227373,-0.0018584679788052189,-0.8432033857874635,0.44729569614325215,0.47783857064849883,1.7556215933338128,0.13114384342216406,-0.19164115842300383,-0.013475657487312992,-0.16188390848283996,0.2434650464536733,-0.19321787931213097,-0.13114384342216406,-1.7556215933338135,2.777691531134916,0.7161642658861095,2.219655999653792,1.3126802907514432,1.4686314438072563,2.7474547173975705,2.879096180258358,1.8953225964775422,2.00011320016017,-0.24854144663662048,-0.1035484832504671,-0.2685346671830286,-0.30883935553659736,-0.194636969298146,-0.4136917878478824,-0.28942660841731066,-0.26463402725168356,-0.5799798072721716,0
0.23620645523143258,0.5936920300909173,1.7280720791585935,2.505177183685348,1,0,0,1,0,0,-0.3062576875868511,-0.21230762494732502,-0.6431763394547153,0.2716229823350859,-0.606682881606209,-0.3731953995655317,0.9833395794872418,1.6254609098021504,-0.6433194242376319,0.22206250089535004,-0.42374694986421824,0.49368601445915267,0.25132354076201746,3.152272041428425,1.3118993894241275,0.026982616216711976,1.4845793494174464,1.2415661959591522,0.6060821098378343,0.07222398482797085,1.7823554592903124,-0.9167641015266648,0.9065541313653369,1.1720913575713372,1.7630395273414023,-0.07222398482797085,-0.606082109837835,2.5827239357770297,0.9413120111617277,-0.555114866549611,-0.4574282770171454,0.12023730520615308,-0.34003467563087314,-0.7910682597479163,-1.0945585420250417,-0.23228628620644656,0.9727222106882286,-1.1658209625447336,-1.4363063676981567,-0.840456481562607,-0.38079122865820925,-1.0481553781838862,-1.3595243465075295,-1.4893561657595522,-0.45626319576493324,0
-1.0488066626304537,-0.46278637473902035,1.0038746524609323,0.3052077222492148,1,0,0,0,1,0,-0.4703038686405733,-0.0436807222236401,1.007144063387081,-0.5899863516985528,1.0526804971658728,0.4223604050222688,-0.1647148238578576,-0.7341315116450693,0.3749693542623782,0.26453364476061075,0.021123383226533368,0.594622592187018,0.3252289416760192,0.30462876599620076,-1.635269324713281,1.1010898923556487,0.08558448548027586,0.28476816345996225,1.324112778207694,-0.5022446364653989,0.5334214458298805,-0.6305583724261146,0.5938934842886221,-0.2725037770082881,0.25055925326042433,0.5022446364653989,-1.3241127782076947,0.24311279148239442,-1.535313186870074,-0.11842961547497735,0.459927258103802,0.47867119015075044,-0.8756195703398886,0.8401159358104279,0.2342775195316623,-0.17027518936292965,0.6859102911649686,-0.4323471077939307,0.6377048295708971,0.8710913388138142,0.696647060365186,0.3582389137275882,0.06727263761276221,-0.17185204706169332,-0.1469716669968365,1
0.5189093411610479,-0.9008383962538722,1.0038746524609323,-0.13478617003801185,1,0,0,1,0,0,-0.596493238681898,0.19181546951116127,0.36748499251816774,-0.4812002168440706,1.05504925523629,0.5194012198595664,1.146800408710418,0.174960263735109,0.6278089930366703,1.0878141141171755,1.1624818593092845,0.1425521252688069,-2.2243272336722706,1.2745735639183353,-0.8450158132096264,0.8791841229764744,0.511442221095179,1.1237752243697263,0.9153149533513734,-0.7133741297612541,-0.321114997304074,-1.0866567442827062,0.02525933019087238,-0.9624293366361332,-0.4141355692753244,0.7133741297612541,-0.915314953351374,0.6330479821981672,-1.0850176963188372,-1.3466068841223853,-0.7675202888890147,-0.5454256239766699,-1.0646495331783645,-1.3619827281933365,-1.7589765728033937,-1.3484860293897554,-0.38732140769626244,-1.0899443568808573,-0.378013264106322,-0.30883935553659736,-0.6515610604546642,-0.0012904541294803558,1.6038232358961542,1.2941032399401495,-0.45626319576493324,1
0.18480593051695732,0.8771374557769975,-1.6032360836506476,0.3052077222492148,1,0,0,1,0,0,0.11016723354952047,-0.4315225984881154,-0.6943490651242283,0.48861660239056914,-1.1649562070418809,-0.7094843062828032,-0.9998344690550564,-0.5878298144304808,0.2000442932752317,-1.3867530025151642,-0.5285875469319589,-1.7402578726217577,-0.4087097584962725,-0.3008642873622028,-0.955059205437108,0.24752525729061983,-0.6706976749623335,0.32795112373713525,-1.2315329784747313,-1.1520847651812123,1.0896741169340964,-0.14994247799964627,-0.024728238098474326,1.2083615069970568,1.007370140919103,1.1520847651812123,1.2315329784747306,-0.2582324537235989,-0.8598699510432187,0.14540105704928116,0.2531992501892221,-0.03337721691295973,0.6996301199807459,-0.8726274695258333,-0.4301405112466897,0.6358690696027934,1.333550109443298,0.12408133374116129,0.8627441676909999,0.7154960824159574,1.209981533145967,0.728342674756924,0.9453015509175579,0.4033962301162448,1.1520527538291696,0
0.004904094016293398,1.1348151154916164,0.5693561964423357,-0.13478617003801185,1,0,0,1,0,0,-0.6343500496942954,0.29357308322372977,-0.2721740783507456,-0.2665211954025125,0.6838753761565121,0.43175145161942663,1.8363636298233537,2.3912040550110802,-2.220849412309639,1.9559766396058489,0.5378115395176123,-0.02715977864881983,-0.8277929836347899,1.4709794385645263,1.6206036542265028,-0.6208715344229507,0.6211562809625985,-0.6446085586432607,-0.1934532884955867,0.1548219174366513,-1.0837230063249417,-1.6585174439434596,2.4120595300504504,-2.0264703157053585,-1.3285161358515056,-0.1548219174366513,0.19345328849558602,1.217950768271826,1.3165582532877582,-0.3458698504096825,-0.5995537824584191,-0.34060626115118536,-0.7180946013078251,0.2692014673650073,0.40038202722625016,-0.4183195767369984,-0.9424412519348303,-1.4693273852002382,0.6711566230752374,1.9213593194993455,0.7530574419894479,-1.3653871733518879,1.7684536571408034,2.073471873536065,0.47161139053935697,0
1.1614159000919912,0.33601437037629844,-1.168717627632051,0.3052077222492148,1,0,0,1,0,0,0.22373766658671274,-0.4664109231895675,-0.8478672421327675,6.8306168045454925,-2.9280054639022435,-5.637547806315159,-0.39784784354764785,0.4668386082061096,-0.07816969315256443,-0.37696183824716883,-0.4605379056793441,0.5654912438054597,0.770565233366241,-0.9982478013041262,-0.19824759401314346,0.296546691969221,-0.5699604837892301,0.174457013430029,0.8018189915875111,-0.023971702672748577,-0.44422032992468974,-0.8393507282120874,0.40486141581489626,-0.05591193527734008,0.7690451509834056,0.023971702672748577,-0.8018189915875119,-0.8152827261747027,0.11577027848446049,1.0096739498011607,1.0284292798688959,0.7176271134471482,1.0776900456576979,0.758556726032511,0.40038202722625016,0.7598912632898273,-0.5538573609678327,-0.9381911455531051,-0.6790794056453779,-0.38663698373552574,-0.38079122865820925,-0.09645999267988113,-1.0302635040182315,-1.1553410370755877,-0.45626319576493324,0
-0.04649643069818187,0.18140777454752677,-0.8790386569529866,0.3052077222492148,1,0,0,0,1,0,-0.016022136491804253,-0.3751198068874346,0.17558727125749374,-0.4568969313978565,0.13356173560631449,0.06460624894006509,0.1290658088801394,-0.013076827235321897,0.6295475702428339,0.7629687521023569,1.1620794369104341,0.3772419610427249,-1.0995519474263509,0.04237377381433661,-0.19366191649269834,0.15888271666605894,0.29137388130155534,0.9490155293375315,0.594470599903532,-0.07507566165750797,-0.13712977353764033,-0.17605790082516173,-0.7009508108317926,-0.7418002084610307,-0.5842312284320829,0.07507566165750797,-0.5944705999035328,-0.28608496734615396,-0.5596729573423944,-1.2465331807511142,-0.9871687972982559,-0.8355863879794388,-0.43454965705011084,-1.1173050988595852,-1.4267675574142176,-1.2244638357027204,0.19555442875423396,0.27583454506891375,1.446630017948564,0.7932937106148858,0.4145951522438788,1.7117612397777302,0.8629863402952329,0.9044189231421907,0.7809029193074537,1
0.9558138012340891,1.2378861793774645,-0.4445202009343899,-0.13478617003801185,1,0,0,0,1,0,-0.6595879237025604,0.4214969404623873,0.8408327049611636,-0.5645257669453762,1.4706739894140408,0.7604380825199513,0.17132587220515552,-1.1781317531114222,0.3897216181911315,0.5377833667968983,1.004082513753015,0.604435502025539,-0.5950575996390828,-0.5782184355515383,-0.11485590778372262,-0.6707045972970931,-0.7420120407690493,-0.4632282182899102,-0.663442976312604,1.4823726005156324,-0.8159818436985059,1.5019626773624066,-1.2067559455975658,-1.462277071592384,-1.7576086388920389,-1.482372600515633,0.6634429763126033,-0.6760201580619267,-0.3345252120667762,-0.7188718357025985,-0.9225662948249498,-1.1257471519822078,0.1010352376589052,-0.46483142063624716,-0.2086678343205727,-0.728375060954584,-0.9146852597229018,0.8828473903799233,-0.998391980004983,-1.385039878955104,-1.751563502127764,-0.4136917878478824,-0.4540570296619595,0.29205785388825667,-1.0748462533011267,1
1.6497208848795075,0.7998341578626126,-1.6032360836506476,1.478524768348486,1,0,0,1,0,0,-0.7479204827314877,1.8461035324383461,-0.4768649810287978,-0.10739254069515815,0.9466823663887984,1.502777956390524,-0.9819492044722479,-0.14317488374857668,1.1546790981865165,-1.3088873778485859,-0.19844601592005567,-1.1105184525762675,0.07983708909414489,-1.598325493033597,0.7787593401741318,0.628751562750943,-1.0531589520196827,-0.37337034149844295,-0.6501878279857761,-0.8697663470174435,-0.2316037280317046,0.9766560325344109,-0.9466503252045922,0.723928016147142,-0.10653392805173761,0.8697663470174435,0.6501878279857761,-1.5115955667385823,0.641115017460903,-0.18211288125669506,0.1627557467265941,-0.27233314020935756,-0.24551969421163483,-0.13859458152457876,0.17890935030013266,-0.10826409251941274,0.05677446769459199,1.4898602356909325,1.2915353389738984,0.5210020119186368,0.8038267854512828,1.2041903675089267,1.0276167615398821,0.6260729825722207,0.9664778365683122,1
-0.5605016778429365,-0.5916252045963298,2.452269505856255,-0.8681093238500562,1,0,0,1,0,0,-0.21792512855792381,-0.29080635552559214,-0.6047967952025805,0.1333257151530579,-0.6011742540002513,-0.3266873592748452,0.27676285681433876,-0.34034640594562043,2.0686669299192273,-0.09619724982142837,0.727188798452114,0.5603056690705058,-0.768663467509961,0.7245994224478497,1.1851899529493588,1.2559170046219452,0.10599907035367694,0.2309204675997271,0.4513710056427588,0.3165258375355961,0.33916571566005366,1.6544334003212477,-1.5658615244811018,0.23506314206104073,-0.7199321611717447,-0.3165258375355961,-0.4513710056427595,0.8837206048011639,1.391607501712964,0.6275743551108558,1.2351572877834756,1.2296755205108585,-0.655084613695,0.2692014673650073,0.06817301183707392,0.6978801664463103,0.19555442875423396,1.33810702436318,-0.378013264106322,-1.0868156375258795,-0.939254006738398,0.2524949820049213,0.4514102871836102,0.6817421706862145,-0.1469716669968365,0
0.8787130141623758,-0.6946962684821769,2.8867879618748513,0.3052077222492148,1,0,0,1,0,0,-0.5333985536612357,0.026095927179264008,-0.7199354279589849,0.9573228217104129,-0.5248605339938924,-0.7197697382701665,2.772626404157481,-0.8140563714321287,1.486960179046665,0.34274164580251526,1.1654564227873871,0.837923036842612,-0.7868427222739828,3.9900679109365313,-0.8918052639944526,2.1687667046921577,1.3211971192787986,2.2826660555961604,1.0872846843245239,0.06447137185505257,0.13142433488052357,0.2239269811060595,0.14667700493429367,0.8470545957259843,0.7134286894157631,-0.06447137185505188,-1.0872846843245245,3.3625943172085755,-0.9349191994684248,-0.4823339913705056,0.6408142650290589,1.195538960039945,-1.222174502210428,-1.0357458890816678,-1.482135726645747,-0.046252995675895824,0.5008703430854462,0.7310941790521709,1.473999667179387,1.3378771080073837,1.6669056243024845,0.9504049313745251,0.28677986593896093,0.3477270420022505,1.770635811365363,1
0.4161082917320974,-0.5916252045963298,0.27967722576327125,1.478524768348486,1,0,0,1,0,0,-0.356733435603381,-0.15706777750335926,-0.7839013350458762,2.175380342288525,-1.2263655233388107,-1.8019760604188326,-1.2403719026746236,1.0685817717441828,-0.5816736984078208,-1.2310531645923888,-1.9449564418090508,-0.36527798387748855,1.7508069260127757,0.9685190259251154,0.9214247797605383,0.32948078047037993,0.5605267706909156,0.3522696732459553,0.9910609039976785,-1.4811177417461807,2.692500123661802,-0.543598900122088,1.1262638412751331,2.2188821552134077,2.872461402666331,1.4811177417461807,-0.9910609039976793,0.911573118423719,0.8662627627365218,0.03622974428062242,0.2015172482105774,0.4274663494443799,-0.37153966943728567,0.5138790966987595,0.06817301183707392,0.07776919801113909,2.5548137667681474,-0.482931511569848,0.10551720563822252,0.6765972683164937,1.6161362808406496,0.062155904904119784,-1.5241547677521787,-2.046048046899492,1.1520527538291696,0
0.8787130141623758,0.05256894469021735,-0.4445202009343899,-0.4281154315628296,1,0,0,0,1,0,-0.7353015457273552,1.8083078473451064,-0.4512786181940413,-0.1201228330717465,0.9012659350619028,1.4835486705011056,0.19419753750679894,0.06410314566989105,-0.6579420304426566,0.32797947702193186,0.06915445430123207,-0.21326867848462772,-0.8277095313891052,-0.3771155462593689,-1.0168435792832216,-0.2679788574581185,0.3222833209043043,0.805331491960907,1.0614552385657101,-1.3436114231817156,-0.6468458136008368,-1.1066351547307052,0.630135888840689,-0.123508489789841,0.6963452793458297,1.3436114231817156,-1.061455238565711,-0.11896988561082296,-0.7097714541928067,1.1916261377489248,0.8475422729436388,0.9565830367435462,1.7392949155923647,0.4323198869208419,-0.04256332662598434,1.069946747507413,-0.859173275299045,-1.317574173872486,-1.481922449749529,-0.996051737960463,-0.9731002357129547,-0.8895394805998851,0.4514102871836102,-0.15329565102369538,-1.3222794763156045,0
-1.280109023845593,-1.0554449920826439,-0.15484123025532542,-0.13478617003801185,1,0,0,1,0,0,-0.1800683175455264,-0.2989469646225976,-0.2849672597681238,-0.2659425457490312,-0.10647449669086091,-0.02438509738538309,-0.7261923100124617,-0.8116316831040896,0.0024290815512263697,-0.9571663235869046,-1.3532310985646605,-0.5752482912067375,1.2220170383249136,0.008005974097454887,-0.22057828651686232,-0.363733508279739,0.4587886151971416,-0.046190206317336314,0.1359000988749071,-0.9193541232206256,1.0177875595398513,0.8930194712645938,-0.36883773335056325,1.747996889276372,1.7141709576581032,0.9193541232206256,-0.1359000988749078,0.02029268250195297,-0.18442671521636386,0.08171779126756346,-0.12149526415595328,0.06903246449978255,0.006520256239666901,0.02452383803125581,-0.04256332662598434,-0.23228628620644656,0.7229182807808735,0.5793409677244183,-0.5696008087220858,-0.6589286824317738,0.008440404549195996,0.28421816152172197,-1.1948939252628807,-1.6006945419875402,-0.20882997275045564,1
0.33900750466038404,0.5936920300909173,0.27967722576327125,2.505177183685348,1,0,0,1,0,0,-0.4955417426488382,-0.023910671559483936,-0.6431763394547153,0.2716229823350859,-0.3158344733666735,-0.2283049663522392,-0.9773181477565017,0.217497543684938,0.038844537947671745,-0.22240337204670582,-0.34382838581879493,0.6756918104502334,0.440768677105025,0.4069825362242643,-0.05767573402279166,0.608542150016108,0.8966349555440905,1.257379745506268,1.233103646290187,-0.3014141428425148,1.7656368298833065,-0.3563004886481,0.5584243885107778,1.1895404807769636,1.6745803332686502,0.30141414284251544,-1.2331036462901876,0.4659329004628361,0.04072103005925432,0.3091580262022686,0.5891322630504142,0.9565830367435462,0.16404522527173035,-0.30171300108041293,-0.8177176958673952,0.3258135853852078,1.1392581639597994,-0.6346847228976005,-1.0531312784666302,-0.6459624110652865,-0.1777138548108673,-0.5723076854318833,-1.3595243465075295,-1.6006945419875402,-0.2706882785040748,0
0.33900750466038404,0.20717554051898904,0.5693561964423357,0.3052077222492148,1,0,0,1,0,0,-0.785777293743885,2.494444899806997,-0.46407179961141953,-0.11896553376478392,1.3366494478975959,2.0103416653321506,0.3844930101565706,1.5086544650310683,-1.438849917229471,0.8834814562687036,0.7467023705417355,0.42961592583257097,-0.7553003496263334,-0.47471102072549626,0.727877099164714,0.012019159443046936,0.02951625941952741,0.33381529716637615,0.3506288912831737,0.23819541748766626,-1.0089725487799235,-1.3415043000267028,1.9790341347271914,-1.164258632364329,-0.644843986365993,-0.23819541748766626,-0.3506288912831744,-0.8431352397972577,-0.18442671521636386,-2.056220417118665,-1.7365578259886068,-1.6377955590459181,-1.2536794960168407,-0.8726274695258333,-1.0945585420250417,-1.9685969978249267,-1.053465220782544,-1.3934507795363622,-0.8615437338508666,0.1709126850234604,-0.3130987707090945,-1.8729580456206907,-0.04248097655033679,0.06938110143228039,-1.2604211705619852,1
0.7759119647334253,-1.0554449920826439,1.4383931084795292,1.0385308760612593,1,0,0,1,0,0,-0.7226826087232228,1.8054004869533187,-0.4896581624461761,-0.040847830544809956,0.7589312018430256,1.4200473077965143,0.3272083005537244,-0.12167700097215059,-1.2384615452672656,0.40329749235073176,0.613028115087403,-1.474174946620572,-0.9007469203143309,0.8603560767734911,-1.6520747284874764,-0.5775959795721851,0.9150122753977229,1.3963542977305492,-0.8822105547849753,-1.1356331163529647,0.40466654759249737,-1.4880066935461675,1.1125901647615868,0.3624816156154278,0.5663016201654676,1.1356331163529647,0.8822105547849747,0.35452284597261524,-1.685411683720486,-1.2374355713537264,-1.2972608091701252,-0.9379960693921812,0.1325402314653172,-1.4435419379712537,-1.3160312189511594,-0.35630847989348147,0.3620903820258042,-1.3934507795363622,-0.013084607695344815,0.5599008260181015,0.6853649840403343,-0.7626467625326843,0.5337254978059351,0.013711913318286572,0.038603250264021984,1
0.8787130141623758,0.5163887321765315,0.27967722576327125,1.0385308760612593,1,0,0,1,0,0,-0.6722068607066928,0.4883662294735037,-0.6175899766199587,0.19350527911511192,0.23850937309038542,0.2260428118721595,0.07420763218688936,0.5549824032538522,-0.4997248923231651,0.7778666266723872,0.4576305911405256,0.7520922628560891,0.5198644573453607,1.2144367833692584,-0.14027505571208984,-0.07661661374231486,1.3013557765218826,1.4385689322061865,1.4494276669840473,-0.41176056791003435,1.1102634057004985,-0.9022552368962549,0.6061483607557936,0.23955448265802393,0.8095403861936393,0.41176056791003435,-1.449427666984048,1.5521809317424884,0.19081952690966666,1.0551619967881019,0.8475422729436388,1.4003583228654286,1.2982250023025865,0.8401159358104279,0.17890935030013266,1.5040244254120325,0.5841383197212315,-1.0899443568808573,-1.1352402261590995,-0.6978274965312384,-0.5669454880182719,-0.7626467625326843,-1.277209135885205,-1.545025353873546,-1.136704559054746,0
-0.04649643069818187,0.33601437037629844,-0.8790386569529866,0.3052077222492148,1,0,0,1,0,0,-0.016022136491804253,-0.3751198068874346,-0.8478672421327675,6.8306168045454925,-2.7592037624997605,-5.567338553184027,0.34251926384532827,0.2799267511683569,-0.3077436386214691,0.13379318523916245,-0.06753626615314344,0.47440953977080125,0.13977992583586002,0.0804856503760178,-0.32769146324361415,0.3169644263282104,0.6452443254949005,1.1299612167813162,0.5873904109192033,0.06447137185505257,-0.3958610606980648,-0.7124823651684451,0.7392145439955771,0.4590672662920035,1.190987652734529,-0.06447137185505188,-0.587390410919204,-0.23037994010104354,-0.6347222057676005,-1.1464594773798444,-0.8321227913623208,-0.5624939042121272,-0.5605696322757617,-1.2804235184154193,-1.592872065108806,-1.1004416420156866,-0.6648813298155464,-1.0140677512169813,-1.4454295841084306,-0.9182541097615345,-0.7023304039164997,-0.9212626601166852,-1.6064699783745033,-1.7677021063295222,-1.136704559054746,0
1.6497208848795075,0.9544407536913834,-1.6032360836506476,-0.4281154315628296,1,0,0,1,0,0,-0.7479204827314877,1.8461035324383461,-0.68155588370685,0.42207189224022096,0.44498297934688336,1.0935966403715036,-0.6887106033070681,0.7057009886310844,1.0557690829388708,-0.15224064937654164,0.3109224313692564,0.6916568681540968,0.3856989557540972,-1.624176703294245,0.8603314800499196,0.7314283878015174,-0.5762960263785709,0.18838379612130998,0.06512235289855199,0.87874991804355,-0.6651893658678281,-0.10673556352823126,-0.7082567137953674,-0.36577797921981187,-0.22029427752441255,-0.87874991804355,-0.0651223528985527,-1.5673005939836924,0.41596727218528484,-0.8735311954581982,-0.40574627503850064,-0.596630464683041,-0.655084613695,-0.05703537174666111,-0.09793149585751397,-0.790386157798101,-0.7481493064513315,-0.3311783002420958,-0.7246954876967501,-0.944186652494511,-1.0069464646875115,0.09387908442092041,-0.7833178721512579,-0.48731077970765985,-0.6418381130257917,1
-0.5862019402001745,-0.3339475448817109,-0.8790386569529866,-1.161438585374874,1,0,0,1,0,0,-0.5838743016777656,0.1313423733619777,-0.7966945164632545,2.348975238332912,-0.923865887798175,-1.7143262921786928,0.7628694599133073,1.5707306019656955,-0.5363734756605735,0.24353772949547858,-0.9293213243707433,-0.5366657277681257,0.8698617778285423,0.25128057235969764,1.8013798036883115,-1.245978690946448,0.39900168496389016,-0.6268120528624719,-0.3593320018427697,-0.3755669404878874,-0.8097119671579995,-0.351294302689888,-0.5188479128284981,0.06663947993540542,0.5962032655371147,0.3755669404878874,0.359332001842769,0.04814519612450831,1.3165582532877582,-0.6369933511261053,-1.1292943027395286,-0.9379960693921812,-0.2140147004052217,0.18764225758709038,0.40038202722625016,-0.4183195767369984,-0.9979532363586869,-0.7864379342253526,-1.600524263083096,-1.5665676780859363,-1.4469474413567518,-0.3502454288142823,-0.8656330827735822,-1.0996718489615938,-1.3841377820692236,0
0.8787130141623758,-0.5916252045963298,2.8867879618748513,1.478524768348486,1,0,0,1,0,0,-0.5333985536612357,0.026095927179264008,-0.7839013350458762,2.175380342288525,-0.923865887798175,-1.661110361461465,1.1636222819359725,0.19324498440725565,0.8588998245483868,-0.2806115582070128,-0.13653098986070603,-0.08645580731518751,0.1717664955461003,4.078279985125251,-0.665397411378702,2.3492979862338954,1.602608839788831,2.6522117572881476,1.4967163042581422,-1.6023404173227471,2.4569241994908655,-0.9318153253378127,1.1866730772588896,1.9682076038279812,2.766865543415718,1.6023404173227471,-1.4967163042581428,3.529709398943906,-0.7097714541928067,-0.3640650692044592,0.8475422729436388,1.5369045647490853,-1.222174502210428,-1.2804235184154193,-1.814344742034923,0.07776919801113909,2.49930178234429,-0.7864379342253526,0.40658334717727845,0.9877877811122063,1.836136769175269,0.31594134103852145,-1.1948939252628807,-1.7677021063295222,1.275769365336409,1
-1.280109023845593,0.05256894469021735,-0.15484123025532542,-0.4281154315628296,1,0,0,0,1,0,-0.1800683175455264,-0.2989469646225976,-0.4512786181940413,-0.1201228330717465,-0.33089868126174904,-0.13707765655127727,0.6964444683466731,0.6031678788900608,-0.9045084197954982,0.6553660596937926,-0.1386422676444167,-0.5843121321834001,-0.6524969652832301,0.032434654035587006,-0.2723159453777316,-0.5942054400015007,0.599241782294884,0.06307105836868253,0.1590389773671773,-0.9546649792422314,-0.9360146624276662,-1.1006669790605415,0.6393741488245478,-0.2911593723905334,0.24181835078816252,0.9546649792422314,-0.15903897736717798,0.02029268250195297,-0.25947596364157,-0.009258302706318612,-0.3153027715758717,-0.06751377738387422,0.16404522527173035,-0.22015379130249568,-0.319404172783631,-0.35630847989348147,-1.0257092285706153,-1.2416975682086098,-1.1078705769282764,-0.6589286824317738,-0.7192535184037778,-0.8895394805998851,0.4514102871836102,0.013711913318286572,-1.198562864808365,1
0.5960101282327613,0.33601437037629844,2.452269505856255,0.5985369837740325,1,0,0,1,0,0,-0.6217311126901629,0.27031420008942836,-0.8094876978806327,2.484957906901015,-0.963773691519117,-1.7125375213982819,1.3914661467697116,-0.47013005141783293,0.44922542509156826,0.725450000981225,0.7197694315761962,-0.0203958267621136,-0.7338179987015061,1.5662329365310628,-0.10958882649029542,0.47150308461418877,1.0821464632340287,1.40182788296605,-0.16027754582615011,0.13114384342216265,-0.3699060533028783,0.535484569008492,-0.14029107678787214,0.09300175967472325,0.4328765716066143,-0.13114384342216265,0.16027754582614942,1.0229831729139398,-0.40957446049198204,-0.973604898829468,-0.6124742829530796,-0.18699173903207253,-0.6235796198885869,-1.5251011477491712,-1.648240234340335,-0.29429738304996345,-0.7759052986632599,-0.3311783002420958,-2.0931779492379152,-1.825893105415697,-1.68387104417865,-1.1433249167342867,-1.277209135885205,-1.378017789531564,-1.8790042280981787,0
0.5189093411610479,0.7740663918911503,1.0038746524609323,1.478524768348486,1,0,0,1,0,0,-0.596493238681898,0.19181546951116127,-0.7455217907937414,1.7992580675256877,-0.5031741488122929,-1.2429851915403893,0.1927585591810121,0.18857321142703967,1.2995153462915312,-0.4503245873770289,-0.15391587252865477,0.8477611287586101,-0.027309472037539948,0.8940990824763314,-0.8555149020737075,0.6503421012797642,0.15349300163267815,0.7763395100952147,0.49320743187182114,0.6670879417885637,0.6253377995574161,-1.1158586989482313,-1.122949919369313,0.7605604979679019,0.9580426018487239,-0.6670879417885637,-0.4932074318718218,0.35452284597261524,-1.0850176963188372,-1.3102164465328319,-0.8321227913623208,-0.7331767065666972,-0.9071245641463012,-1.1988643086375024,-1.482135726645747,-1.3484860293897554,0.3620903820258042,-1.1658209625447336,-0.642586540004281,-1.0738493661593913,-0.7530997473783346,0.8552353928241243,-1.1125787146405561,-0.9883334727336057,-0.08511336124321738,0
1.135715637734753,1.2378861793774645,-0.15484123025532542,0.3052077222492148,1,0,0,0,1,0,-0.25578193957032125,-0.27045483278307847,-0.42569225535928473,-0.12764527856700325,-0.21028456945682905,-0.10935170945490646,-0.9163476954882463,-1.4548477786053065,0.9350223165660438,-1.383056759070615,-0.8404309417666578,-0.9915048949215329,0.5393826660652253,-1.2111121279736008,-1.754019147649774,2.827858890895644,-1.8864792782792599,-1.092378494443518,-0.18804420001687264,-1.1657944725380867,0.06407480878028712,0.23968635641947653,1.5635186374995265,-0.002180105657211455,0.02610639961079504,1.1657944725380867,0.18804420001687194,-1.1216603760228097,-1.6103624352952797,0.1908891040362222,1.6615338041072958,0.6322857122698633,-1.8207693845322692,1.0032343553662626,1.2309045656991897,-0.10826409251941274,0.25106641317809053,0.5034643620605421,0.7897584364088047,1.5583037212376798,1.4638282504551436,-0.9847090191502859,1.3568776040291806,0.793080546914203,0.34789477903211874,1
0.33900750466038404,0.7740663918911503,0.5693561964423357,1.478524768348486,1,0,0,1,0,0,-0.785777293743885,2.494444899806997,-0.7455217907937414,1.7992580675256877,0.5225168612548611,0.5278978810665188,-0.6257785375397984,0.8913822761324621,0.7032120198753886,0.05726740854404215,0.05970562620317173,0.10974267774000807,-0.011407640755100219,-0.25153099176636085,0.39307170479155984,-0.0918674006240114,0.9335588003072706,1.3331412567887153,-0.03566621970192337,0.1850492459657866,0.6188334863140321,-0.8296795432260851,-1.0536322668805618,0.848336351461588,1.223932724158139,-0.1850492459657866,0.035666219701922665,-0.6481676444393714,-0.3345252120667762,-1.8560730103761243,-1.6073528210419945,-1.2452251136304073,-0.8126095827270634,-1.4435419379712537,-1.592872065108806,-1.4725082230767892,0.22331042096616224,-1.0140677512169813,-1.0531312784666302,-1.3591073362221284,-1.0069464646875115,0.6014499566897238,-1.1948939252628807,-1.266679413303576,-0.5799798072721716,1
1.932423770809123,0.43908543426214564,-0.15484123025532542,0.3052077222492148,1,0,0,1,0,0,-0.81101516775215,4.454005803871887,-0.8478672421327675,7.791175229324431,-0.46758293208315554,-2.595743094226222,1.0769336983188567,-0.3458588708150989,0.15498399300843174,0.9746138614098009,0.4452134825272807,1.0350624988927035,-0.19837653476536668,0.9657440588775922,-0.7971960971175657,0.8847374573921692,1.449334576153984,1.5509076539538396,0.8847583482611019,0.5342092397142506,-0.5325424383699517,-0.32391139544013264,0.6772075104869831,0.12049490622996038,0.9353601323592995,-0.5342092397142506,-0.8847583482611027,0.8280155775560533,-0.7848207026180125,-0.18211288125669506,0.29196075167320634,0.8883099158017184,-0.5920746260821743,-1.0357458890816678,-1.4267675574142176,0.3258135853852078,-0.6648813298155464,-0.5588081172337243,-0.8797901666714156,-0.4385020692014777,-0.36386811417093057,-0.44541496736468245,-1.4418395571298541,-1.4336869776455579,-0.5181215015185524,0
0.46750881644657266,0.7225308599482267,0.27967722576327125,-0.13478617003801185,1,0,0,0,1,0,-0.8236341047562825,8.280092079464461,-0.7583149722111197,1.371057323949534,1.357548890776926,5.308387791714966,0.3422766913910377,-0.05353614207421299,-0.5041161594055491,-0.3034111118388415,-0.3565249110569859,0.24686666891936948,0.4982255880281167,-0.6451328243783271,-0.33942098850031993,0.6344366482638332,-0.11345771703538463,0.7325251255682871,0.8222348332302418,-0.4787858038769716,-1.1205531880683541,-0.26654446004877624,1.3266913245667367,0.29738610758706985,1.178668056196149,0.4787858038769716,-0.8222348332302425,-0.6203151308168162,-0.3345252120667762,-0.054746349693259644,0.279040251178545,0.22264698661889537,0.16404522527173035,0.10608304780917345,-0.26403600355210183,0.139780294854656,-1.0812212129944723,-0.3311783002420958,-0.2685346671830286,0.4302381123532211,0.5330569536548284,-0.4771381468814831,-0.6186874509066087,-0.8769950965056176,0.2860364732784985,1
1.9838242955235992,0.49062096620506923,-0.15484123025532542,0.3052077222492148,1,0,0,1,0,0,-0.7983962307480176,3.4509664687051407,-0.8478672421327675,8.034208083786574,-0.7344913508946546,-3.554971425221631,0.8028547808458055,0.1186522922364313,-0.12003567120471619,0.8405192649889159,0.2120930259178499,-0.5871232802662572,-0.5780408966815199,0.6090212239223513,-0.5777108054461713,0.8817080385206739,0.9425717463115935,0.9948186802447054,-0.16027754582615011,-0.6418048099999468,-0.5078622853533903,-0.741591997503068,1.0501243308698351,-0.2008492924241849,0.6955154943602746,0.6418048099999468,0.16027754582614942,0.6330479821981672,-0.4846237089171882,0.21818193222838655,0.6537347655237203,1.0419244379208312,-0.4660546508565234,-1.0357458890816678,-1.0945585420250417,0.6358690696027934,-0.5538573609678327,-0.7864379342253526,-0.3871364805165972,0.1838789563899486,0.09305597698558829,-0.3819686083310823,-0.28942660841731066,-0.5986491559356475,-0.1469716669968365,0
0.72451144001895,0.38754990231922204,0.27967722576327125,-0.4281154315628296,1,0,0,1,0,0,-0.06649788450833415,-0.3629088932419264,-0.029103631420558513,-0.36952083372218186,0.030509447810865654,0.006471198576706979,0.9727959803023378,-0.5670216015472757,1.1889946556548785,1.0208779155845968,0.57291750453893,-0.191491176394578,-0.4722003584831705,0.54822120832366406,-1.7926514149425938,0.9170463567158177,0.15796346821324436,0.13437646684972224,-0.16027754582615011,-0.1022098070627286,-0.8049203192266516,-1.017583891514621,-0.7038523769510638,-1.2225063313261986,-0.6136283494664921,0.1022098070627286,0.16027754582614942,0.2152602778598393,-1.760460932145692,-0.9099216330477515,-0.354064273059855,-0.27233314020935756,-1.3796994712424915,-0.30171300108041293,-0.26403600355210183,-0.790386157798101,-0.8036612908751883,-1.0140677512169813,-0.3050275328241268,-0.6070635969658218,-1.0069464646875115,0.6331731362065233,0.36909507656128593,0.3477270420022505,-0.7036964187794109,0
-0.25209852955608386,2.732416605722254,-0.8790386569529866,-0.13478617003801185,1,0,0,1,0,0,0.12278617055365294,-0.4228005173127524,1.6595963156733726,-0.6646321569976391,0.61568952349923,0.18847862548352812,-0.5395419764792064,-1.10165900071571,0.8672114916170321,-1.2067118453379897,-0.9100650917835483,-0.8684420265827084,0.7678564521785365,-0.7741602799192859,-1.2119212121943284,0.5519557943585751,-1.3878862481727328,-1.0147963399825362,-1.0333455079749942,-0.1595918522639314,-0.02328557784071384,0.29798548603368374,-0.6308448178809402,0.2539856065036729,0.19237807872247967,0.1595918522639314,1.0333455079749936,-0.7595776989295921,-1.1600669447440433,-0.18211288125669506,0.12399424524260985,-0.4430159425639276,-0.5290646384693491,-0.05703537174666111,0.5111183656893089,-0.23228628620644656,-0.08200549336504998,0.19995793940503753,-0.2046721523111086,-0.4903671546674297,-0.36386811417093057,0.41111087958892223,-0.37174181903963527,-0.48731077970765985,-0.2706882785040748,0
-1.6142124344896835,-1.2100515879114147,-2.327433510348309,-0.13478617003801185,0,1,0,1,0,0,0.6401625877230843,-0.5292099076521812,0.13720772700535894,-0.4215993025354979,-0.278208395179635,-0.08117856966343293,-1.1844067388274997,-1.247243887485435,0.2637477485745245,-1.6450340680149251,-0.9579023930454086,-2.091170456505857,-0.424331792854538,-1.698779300153927,-1.8166658345426256,-0.0433277679071143,-2.459312246684247,-1.0571488700259855,-2.7148097313727666,-0.1595918522639314,-0.050453858611424623,-0.10801457505169366,-0.40409223613589623,-0.21627702841355645,0.2132199109045533,0.1595918522639314,2.7148097313727675,-1.6879948196814316,-1.9355758451378398,-2.465612840001134,-2.1026386733373417,-2.6505135196830336,-1.1906695084040155,-2.3950660520469547,-2.0173613625505307,-2.5473672350310865,0.0012624832707351544,-0.02767187758659086,0.24236545179233895,-0.010615114107371936,-0.093098282374475,0.9186817518577256,-0.37174181903963527,-0.48731077970765985,0.22417816752487937,0
0.3904080293748593,-0.3854830768246345,0.27967722576327125,-0.8681093238500562,0,1,0,1,0,0,-0.36935237260751347,-0.1745119398540853,-0.6559695208720935,0.27740947886989875,-0.5631529328367916,-0.34859980133488017,-0.055440231969078754,-1.2760745126482487,0.3193018841612244,-0.6695183979406416,0.3846867145355951,0.06159380732939422,-0.5949348360253826,-0.06274523723753403,0.14934227749012324,-0.8778841890463398,-0.9842673530414039,-0.7329750494128037,-0.5972369986170187,0.6763389906671557,0.01439669037472179,1.901060130779755,-1.3186853194879613,-0.07150649679413332,-1.2157190430334406,-0.6763389906671557,0.5972369986170181,0.1317027369921738,0.41596727218528484,0.8186241524560076,0.188596747715916,-0.22112829950298704,1.424244977528238,0.02452383803125581,0.34501385799472056,0.20179139169817292,-0.22078545442469194,1.2622304186993043,-0.8980365994919648,-1.3591073362221284,-1.2946394109712458,-0.6040308649486834,0.12214944469431245,0.514734606344233,-0.8274130302866491,0
-0.6633027272718879,-1.0812127580541053,-0.4445202009343899,-0.13478617003801185,1,0,0,1,0,0,0.6780193987354818,-0.5350246284357565,-0.6047967952025805,0.11538757589513797,-1.1907743066096708,-0.5006453176698168,0.5363594433971881,-0.38858496547965615,0.2438997696894726,-0.09895308024754405,-0.2526071037535087,1.0202616024794176,1.2818357479465217,0.6613098691273939,-0.11763543183657381,-0.3555170401256646,0.4127458068565934,-0.14978072106759183,1.1842130781457534,0.21702702713573208,-0.08504783322472229,0.4155004668381336,-0.6906794952498068,0.5429509042320205,0.18216988488555821,-0.21702702713573208,-1.1842130781457543,0.8558680911786088,0.11577027848446049,0.7367456678795146,0.42116575661981864,0.5810808715634928,0.3845801819166189,1.9819448727012692,1.397009073393778,0.38782468222872474,-0.10976148557697851,0.35171115073279,-0.08607033897753999,-0.4255357978349895,-0.194636969298146,0.3476645205553221,-0.6186874509066087,-0.5986491559356475,-0.1469716669968365,0
-0.8175043014153137,0.10410447663314094,-0.8790386569529866,0.3052077222492148,1,0,0,0,1,0,0.03445361152472564,-0.3989601621000935,0.7896599792916505,-0.5448516787270123,0.40058792472986315,0.11424463809647085,0.12279422110915156,0.17351598585131064,0.8722143633419255,0.2571920730665479,0.6724683480695367,0.406640185456847,-1.0569210307142038,-0.9494753678801502,-0.6998530701070956,0.4162349709733194,-1.5636223353637722,-0.8252348929628086,0.2507965989744553,0.3058716999428703,-1.119452953853884,-0.9392535781943909,-0.7740702497619363,-1.897911039881558,-1.6799230413158373,-0.3058716999428703,-0.25079659897445594,-0.9266927806649233,-0.7097714541928067,-0.23669853764102378,0.007709740790658993,-0.6136987449184976,-0.15100471279239655,1.0032343553662626,0.954063719541543,-0.29429738304996345,-1.2107491766501381,-1.1911131644326922,-1.4758403054760116,-1.5708897685414331,-2.0392564484114977,-0.7520723693604175,1.1648087792437567,1.4982235963581267,-1.2810406058131916,1
0.44180855408933456,-1.776942439283576,1.0038746524609323,0.3052077222492148,1,0,0,1,0,0,-0.07911682151246661,-0.36232742116356886,-0.20820817126385424,-0.337695102780711,-0.11828247531010876,-0.01767720695884177,3.0977420041594663,0.10048788360765155,0.8803955214164259,1.523985805619462,1.9954152144696848,2.1229964653368993,-0.8352022851696723,2.844832410406201,-0.35444518928135005,1.5878686792599421,1.4096185961334418,2.0477333959088257,-0.9462874490712617,3.8340303412263825,-1.4649626393450612,-0.49299818355297276,0.39212471798377785,-0.661052833809182,-0.5949244040566298,-3.8340303412263825,0.9462874490712609,2.972659126492802,-0.18442671521636386,0.527500651739586,1.3256007912461045,1.9465432904000532,-0.34003467563087314,-1.7697787770829225,-1.7036084035718644,1.3179911348814817,-1.488309098769422,-0.9381911455531051,-1.7799475191518261,-1.3547852457666318,-1.4751526321688826,-1.5980238231417563,-2.402183681056974,-1.4707997697215542,-1.4872349583252553,0
-0.48340089077122306,1.1605828814630785,0.27967722576327125,-0.4281154315628296,1,0,0,1,0,0,-0.48292280564470574,-0.026236559872914074,-0.6687627022894718,0.43075163704244024,-0.4221665007562593,-0.3530717282859077,0.5012620475715039,0.2828063849966895,0.8498551414235682,1.03420344920629,0.9762969354052562,0.5028736529991498,-0.5815613400475905,-0.02635648319758395,0.34210208081801036,0.18357565761970454,0.4825949217929876,0.5073460157351695,-0.2682155254971324,0.9518725779243598,-0.7233521666814073,-0.0454502841153888,-0.9773046167029126,-0.9186092751961122,-0.7739091936352769,-0.9518725779243598,0.2682155254971317,0.18740776423728422,0.641115017460903,0.8914050276351143,0.8604627734383002,1.0419244379208312,0.5736101447550955,-0.05703537174666111,0.06817301183707392,1.13195784435093,-0.7481493064513315,-0.17942508891434333,-0.41450612974742024,-0.8274902101961188,-1.0915620371239039,0.41111087958892223,-0.37174181903963527,0.06938110143228039,-0.5181215015185524,1
-0.12359721776989524,0.8513696898055362,0.27967722576327125,1.0385308760612593,1,0,0,1,0,0,-0.43244705762817587,-0.09601320927581818,-0.579210432367824,0.05000016505175235,-0.25795211518239364,-0.11248205832062574,0.10088893035052006,0.8486813420889237,-0.5947072146308376,0.3152790855133617,0.4572103601053338,0.39240565171621505,-0.10200929067686985,0.9192010744195263,-0.05081928784783786,-0.3824719736808601,0.5909275572827738,0.7978565998430515,-0.16027754582615011,0.6941558255444424,0.7781663693828336,-1.215751423115395,0.42863723711724316,0.16003194594529901,0.1845558191046994,-0.6941558255444424,0.16027754582614942,0.27096530510494976,-0.5596729573423944,-1.592242337851867,-1.5039888170847049,-1.2452251136304073,-0.5920746260821743,-0.7910682597479163,-0.8177176958673952,-1.1624527388592034,0.8061862574166584,-1.0899443568808573,0.269735101023162,0.45617065508619664,0.49921072468027106,-0.15990635171348128,-0.20711139779498602,0.1250502895462747,0.5953280020465953,0
0.3904080293748593,-0.12780541711001567,-0.4445202009343899,-1.161438585374874,1,0,0,1,0,0,-0.016022136491804253,-0.37395686273071954,-0.7583149722111197,1.6401294128183332,-1.3903548953546985,-1.5551256927221122,-0.10734001975200659,-0.5211489852793064,-0.08449131516291067,-0.7968299565760085,-0.7662488764407394,-0.0859584145204354,0.8529879417519668,-0.9063948737678501,-0.9314277374172203,-0.6129754353388812,-1.139978738998176,-0.5698698689569079,0.3506288912831737,-0.4649864905896614,-0.7564001677328434,-0.21779052275740737,-0.5004787390864361,-0.05391753939757284,0.4397940562846049,0.4649864905896614,-0.3506288912831744,-0.8988402670423681,-0.9349191994684248,-0.31857702221751816,-0.5737127814690962,-0.9550643496276378,0.5421051509486824,0.4323198869208419,0.2896456887631914,-0.790386157798101,-0.9701972441467586,-0.7105613285614767,-1.6735099943652914,-1.6184327635518894,-1.531563013793144,-0.4771381468814831,-0.7833178721512579,-1.0440026608476,-1.5078543935764617,0
2.7291319038834927,-0.8493028643109486,-0.15484123025532542,1.0385308760612593,1,0,0,1,0,0,1.649677548053682,-0.670507622693062,-0.630383158037337,0.1587862999062346,-1.5864466043946766,-0.6383806677614653,-0.403962083985696,1.6053875492677552,-1.3153456501558332,0.009022967886536965,-0.018468774769696245,-0.28809603367005104,-0.3310289674961223,0.03164998668463282,0.6125418795788924,-0.5935474018063523,0.13592230467797328,0.28089306097193273,0.01898787070343759,-0.41176056791003435,0.5933434050844197,-1.5898137850070133,1.2016636707809765,0.122588783113036,0.29824771436760117,0.41176056791003435,-0.0189878707034383,-0.11896988561082296,0.340918023760079,-0.555114866549611,-0.7545997883943533,-0.6649035856248688,0.25856020669096863,-0.6279498401920818,-0.7069813574043363,-0.5423417704240322,0.5841383197212315,-1.4693273852002382,0.13288685486904556,0.7414286251489338,0.7530574419894479,-0.826093121566285,0.2044646553166367,0.013711913318286572,0.10046155601764112,0
1.1614159000919912,-0.3854830768246345,-0.4445202009343899,1.478524768348486,1,0,0,1,0,0,0.26159447759911014,-0.44722234460376886,-0.68155588370685,0.44521787837947246,-1.2138741208662869,-0.688019056917871,-1.2427560564330085,0.9283353807060098,-0.7579954591515391,-1.3507372651858094,-2.2983557512376964,-1.4413262890615819,1.3749394735658955,0.3710059600471936,0.47373570714993196,-0.29142138970671233,0.32181937881508366,-0.18896490446962794,-0.1984048918790851,-1.7690215962405276,2.0987873323560566,-0.7995914121585243,0.7433547935747887,2.143869490125761,2.803487590619275,1.7690215962405276,0.1984048918790844,0.38237535959517033,0.491016520610491,0.14540105704928116,-0.031051760693324323,0.10316902497069583,-0.05648973137315825,-0.22015379130249568,-0.1532996650890431,0.20179139169817292,2.0274499147415077,-0.7105613285614767,0.16937972051014377,0.533968283285125,1.4299820214805863,0.506280418139323,-1.277209135885205,-1.8790404825575102,0.7809029193074537,0
-1.2030082367738797,-0.3854830768246345,-0.15484123025532542,-0.8681093238500562,1,0,0,1,0,0,0.1480240445619179,-0.4262893497828976,-0.6559695208720935,0.27740947886989875,-1.0540900557882669,-0.542234238314373,0.45618160730635576,-2.0214002568676177,0.6980861955690929,0.3088669540896649,1.5870785159020484,0.6656520849135178,-1.4311676623660419,0.49543712820095115,-0.6411976314713004,-0.3266005158461193,0.26374217424161706,0.7527212512635648,0.3041828515459622,0.6061852033378367,-0.13929668871029693,2.1320975787181022,-1.2825092365606099,-0.1557371032747941,-1.3283940028192323,-0.6061852033378367,-0.3041828515459622,0.4102278732177254,-0.6347222057676005,-0.1457224436671417,-0.28946177058654887,-0.1699234587966153,0.6996301199807459,-0.6279498401920818,-0.8177176958673952,-0.046252995675895824,-0.3318094232724056,1.4898602356909325,-0.8341740846200435,-1.2942759793896883,-1.2607931819966884,-0.635754044465484,0.2044646553166367,0.5704037944582268,-0.8274130302866491,1
-1.7684140086331095,0.18140777454752677,0.27967722576327125,1.7718540298733036,1,0,0,1,0,0,-0.19268725454965888,-0.34197589842105514,-0.6943490651242283,0.5812005469475753,-0.9110834054370003,-0.7121674624534198,-1.0806026516077643,0.576369000832362,0.650320291401588,-0.15629062592356116,0.4528847905882057,-2.515908739184754,-1.3947962537678011,-1.430909596466502,-0.32217633069502766,0.6329851756238537,-0.4248427577807454,-0.16523150028994224,-3.3158761279719706,-0.14275387761029457,0.07285628294990901,-1.1138337173529513,-0.2529205675603443,-0.21012825360763232,-0.7500888085653711,0.14275387761029457,3.3158761279719693,-1.4558905394934718,-0.7472960784054096,-1.5558519002623137,-1.0582315500188924,-1.1428154322176651,-1.4269569619521105,-2.259134035750426,-1.5098198112615118,-1.4104971262332722,-0.10976148557697851,-1.1658209625447336,-0.6517097564145549,-0.671894953798262,-0.7023304039164997,-0.794369942049485,0.28677986593896093,0.23638866577426285,-1.0129879475475077,0
0.8530127518051386,-0.4885541407104817,1.0038746524609323,0.3052077222492148,1,0,0,1,0,0,-0.5586364276695006,0.047610394078492775,-0.5024513438635544,-0.023488340940371298,0.14745149687861508,0.05476800964780448,0.36763813735247197,-1.0160283638642456,0.1432086350430961,-0.4316865511820714,-0.23414277709872428,-0.63198713047781,0.07439457236930985,0.7215469586955745,-1.0281225816489454,0.20521126434455003,-0.020156684606168776,0.22662383411705755,-1.1515885432024495,0.28017642692511974,0.209751440106983,0.36458018286781924,0.010446528545799786,0.5631936571376839,0.5256511428618449,-0.28017642692511974,1.1515885432024489,0.577342954953057,-1.009968447893631,-0.2639913658331881,-0.12149526415595328,-0.11871861809024475,-0.15100471279239655,-0.6279498401920818,-0.1532996650890431,0.07776919801113909,0.25106641317809053,0.4275877563966659,0.24236545179233895,0.20981149912292413,0.43151826673115745,0.2524949820049213,-0.20711139779498602,-0.09762646290970158,0.40975308478573785,0
0.8016122270906633,2.0366869244927823,-0.8790386569529866,-0.13478617003801185,1,0,0,1,0,0,2.65919250838428,-0.7094662519430168,-0.822280879298011,3.9720875163479263,-2.9902708592761287,-3.6153424390605027,-1.277503209818266,-0.3471731261333141,-0.8469647046430477,-1.8876787728732733,-1.631956145047166,-1.4352904621837936,0.9989710743646474,-1.3581049275164536,-0.8085161374794624,-0.3922383324142537,-1.737898918211587,-1.5508398249374435,-1.8417417692239237,-0.13094794135889734,0.4193968696162854,-0.33344770670295615,0.7636674279768589,0.8268614211521126,0.6075296726161669,0.13094794135889734,1.8417417692239217,-1.2887754577581405,-0.7848207026180125,-0.13662483426975403,-0.3153027715758717,-0.9550643496276378,0.006520256239666901,-0.46483142063624716,0.5111183656893089,-0.10826409251941274,0.3620903820258042,-0.3311783002420958,-0.058700689746716966,0.3394742127878045,0.6684418695530556,-0.794369942049485,-0.5363722402842841,-0.6543183440496418,0.22417816752487937,0
-1.2030082367738797,-0.3854830768246345,-0.15484123025532542,1.478524768348486,1,0,0,1,0,0,0.1480240445619179,-0.4262893497828976,-0.68155588370685,0.44521787837947246,-1.1419907213557718,-0.6719201198941719,-1.0823416377539128,0.16456335308187106,-0.7130708664283405,-1.1926093095056505,-1.578110018960615,-1.1998286224144783,1.162379282390312,0.45557704014068423,-0.5312499918550542,-0.3922383324142537,0.3690688345177326,0.5943165071531215,0.4884925330428311,-2.1209040850669507,1.9602296050216301,-0.7580629462103063,0.580630065667222,1.977100575030213,2.631854709022631,2.1209040850669507,-0.4884925330428318,0.5216379277079463,-0.40957446049198204,0.33645085439443295,0.07231224326396513,0.22264698661889537,0.9201650766256344,-0.13859458152457876,-0.3747723420151606,0.3258135853852078,1.9719379303176512,-0.6346847228976005,0.32447439948480933,0.585833368751077,1.4130589069933075,0.7600658542737248,-1.1948939252628807,-1.8790404825575102,0.7190446135538346,0
-0.8432045637725518,-0.3854830768246345,1.0038746524609323,1.478524768348486,1,0,0,1,0,0,-0.6091121756860305,0.1569271448097092,-0.68155588370685,0.44521787837947246,-0.17673452384362007,-0.2233858467061089,-0.9913221527782664,-0.8426740842391924,0.7370895548007061,-1.5510547941044437,-1.816674087553791,-0.9077347191161972,1.6277454948061618,0.8630413722124987,-1.6223262739890416,1.376710348655772,0.20438454352627358,0.37742160299911,0.9345219622652575,-2.164889396170255,2.240798355103442,-0.4686142210684052,0.375835016900348,2.2980391758507923,2.730244023360472,2.164889396170255,-0.9345219622652582,0.939425632046274,-1.4602639384448675,0.391036510778763,1.0801112818475405,1.1272658390981163,-0.844114576533476,0.4323198869208419,0.012804842605544792,0.139780294854656,2.138473883589221,-0.4070549059059717,0.12376363845877164,0.30057539868834077,1.243827762120523,0.664896315723324,-1.4418395571298541,-2.1017172350134863,0.47161139053935697,0
-0.2263982671988458,1.0317440516057692,1.0038746524609323,1.7718540298733036,1,0,0,1,0,0,0.5139732176817596,-0.4989733595775894,0.4954168066919504,-0.4910372609532525,-0.017481027954842424,-0.004261426105759132,-0.7380973638531664,1.182225064668791,0.21942679582988728,1.819651205818562,1.0540988170630197,2.3796631893907723,0.010453088915058356,0.3040735331263727,-0.1838595049122985,-0.2764756215560362,1.0854972823699773,-1.6013957988717916e-4,-0.8740438917877038,4.112442859858279,1.330169043230551,-1.8068274188487914,-0.5777951171971475,-1.3818708611891093,-1.3705364328196843,-4.112442859858279,0.874043891787703,0.4102278732177254,-0.03432821836595151,0.46381738595786837,0.24027874969456073,0.683490552976235,-0.24551969421163483,-0.46483142063624716,-0.09793149585751397,0.5118468759157585,1.194770148383656,-1.6969572021918669,-0.07694712256726609,-0.3607044410025493,-0.8546384343020056,0.09387908442092041,-1.853415610241477,0.013711913318286572,0.7809029193074537,0
1.341317736592655,-0.2566442469673251,1.0038746524609323,0.3052077222492148,1,0,0,0,1,0,0.2868323516073751,-0.45478148162241677,0.46983044385719386,-0.4869867133788835,0.09122967251168158,0.026594869856330937,-0.3886422310545279,-0.2017532701673826,0.4245332465568584,-0.15435818610754884,-0.4827937382044614,-0.8367650664370154,0.039641545912084394,0.03746408814049641,-0.8609538377004512,0.94558808029905,-0.4943639957707948,-0.30682798680472445,-0.2611143426240418,-0.8822777243979375,0.5778501583262919,-0.5855719596698772,0.36987365854255033,-0.28167492466184973,0.3280976950620301,0.8822777243979375,0.2611143426240411,0.04814519612450831,-0.7848207026180125,0.08171779126756346,0.5632912620610914,0.32505666803163763,-0.7180946013078251,0.18764225758709038,0.34501385799472056,0.20179139169817292,0.7189531390363123,-0.39621539081113233,0.6007775250531203,0.7136437579350308,0.5475624803582093,0.6377050189946382,0.4984475503963669,0.09323932490970681,-0.19115617110656447,0
-1.8969153204192981,0.8256019238340739,0.27967722576327125,0.5985369837740325,1,0,0,1,0,0,-0.2810198135785862,-0.2698733607047209,0.21396681550962854,-0.43722284317949267,0.4143599156901133,0.13034357512017,-0.27759868102385166,-0.16214263376947297,0.5534265790383912,-0.06844437785093593,-0.2308723106017404,-1.0057447446488978,-0.7444586724616931,-0.33533872848253943,-0.7138179408227594,-0.09572862131265264,-0.5550414113582097,-0.8438404894864707,-1.7416546130692934,0.3556359628759853,0.05094121714077733,-0.4925412897217639,-0.8527507058317959,-0.4579056235464332,-0.5237006867826408,-0.3556359628759853,1.7416546130692918,-0.4253475354589299,-0.7848207026180125,-0.5005292101652823,-0.4703487775118068,-0.6478353053894121,-0.655084613695,-1.0357458890816678,-0.3747723420151606,-0.29429738304996345,-0.05424950115312168,-0.5588081172337243,-0.3597668312857729,-0.723760039264214,-0.8377153198147269,0.28421816152172197,0.28677986593896093,0.514734606344233,-0.3944048900113141,1
1.5469198354505571,-0.9266061622253344,0.27967722576327125,0.7452016145364414,1,0,0,1,0,0,-0.4955417426488382,0.014466485612113323,0.36748499251816774,-0.4615261286257068,0.8237320531539278,0.3678028962197327,-0.019148460337552256,0.1659567903253501,-1.735855529903583,0.6329853817010559,-0.1475852483138697,0.4518036256483817,-0.07006363587467687,-0.930730955868256,0.3554317323134467,-1.7200910981683306,-0.35977244264851543,-0.8101659284437758,-0.38904162214375715,1.002053003267564,-0.9033490044106494,0.12828280390806301,0.6444469921766321,-1.2118666094485608,-0.5991012921844008,-1.002053003267564,0.3890416221437564,-0.9266927806649233,0.19081952690966666,-0.3640650692044592,-1.1551353037288514,-1.2110885531594928,0.6996301199807459,-0.30171300108041293,-0.1532996650890431,-0.728375060954584,-0.8175392869811524,0.19995793940503753,0.24236545179233895,0.5469345546516133,-0.008482709938082702,-0.0647368131630805,-0.001323371239174659,0.5704037944582268,0.47161139053935697,1
0.9815140635913272,0.0783367106616796,-0.4445202009343899,1.478524768348486,1,0,0,1,0,0,0.08492935954125552,-0.41349696405903186,4.883478032852695,-0.7583734008616079,1.184502245587273,0.2680789252118184,-0.6392784570827857,-0.5898594755505713,0.3316052197707064,-1.302327772884581,-0.32784194903191316,1.298001239669868,0.6563000090369785,0.9051579162634673,0.12721188352250026,-0.17359650205281218,-0.07841507574741627,-0.1472996901270988,-0.20509389995854704,1.9737285121859853,1.7933553811167624,0.9370387140381815,-0.6277631872474165,1.6816057551755905,0.28240111226652576,-1.9737285121859853,0.20509389995854635,0.5216379277079463,-0.18442671521636386,-0.8735311954581982,-0.8192022908676594,-0.801449827508525,-0.5605696322757617,-0.709509049969999,-0.7069813574043363,-1.2244638357027204,1.7498899926222238,0.9587239960437993,0.19674936974096682,-0.16621037050522874,0.49921072468027106,-0.2233527107470814,-1.4418395571298541,-0.8213259083916238,0.47161139053935697,0
-2.128217681634438,1.109047349520155,0.27967722576327125,-0.8681093238500562,1,0,0,1,0,0,1.4982503040040924,-0.6600411252826264,1.4037326873258074,-0.6461153680862378,-0.04039983728406525,-0.008286160361683923,0.01735337227643232,0.2511417981683894,0.9561614652284395,0.38985405410319546,0.7847785814201158,0.7181252767224424,-0.538565207500427,-0.7250037207917369,-0.033455560521657705,0.759985889906296,-1.323021870784403,-0.6123157749733815,0.10398440440281079,0.8763067609369452,-0.7485454619351339,-0.37821504566107317,-0.543392227969963,-1.8385535155222823,-1.6180577678006323,-0.8763067609369452,-0.1039844044028115,-0.7595776989295921,-0.18442671521636386,-0.46413877257572894,-0.024591510445994075,-0.5454256239766699,-0.5605696322757617,0.18764225758709038,0.15122526568436812,-0.790386157798101,-0.7759052986632599,-0.482931511569848,-0.4509989953885172,-0.6459624110652865,-1.2607931819966884,-0.12818317219668063,0.28677986593896093,0.848749735028197,-0.7036964187794109,1
0.930113538876852,-1.3904259497116478,-0.4445202009343899,0.3052077222492148,1,0,0,1,0,0,1.2332526269173105,-0.6303860492863921,2.312048567959664,-0.6895140920973345,0.2609386509785842,0.048060119221263166,0.30332018282910944,-2.0438076293012704,-0.1330651036292343,0.6645308113293871,1.5838046082298374,-0.296046713422062,-1.801440438965344,0.20757806202869206,-0.6018829854901989,-1.9002334092062751,0.5277520628808374,-0.15633021434424343,-0.4481121582821066,0.04065977486679812,-0.21436454409443598,2.202236949885495,-1.7276468640724107,-0.3744283426069255,-2.211649586157512,-0.04065977486679812,0.4481121582821059,0.35452284597261524,-0.40957446049198204,0.6093791363160792,-0.5478717804797735,-0.32353798091572933,1.7707999093987767,-0.13859458152457876,0.06817301183707392,0.6978801664463103,-0.19302946221276363,2.096873081001942,0.07510648427064151,-0.8361343911071103,-0.911048815926267,-0.32909664246974885,1.1648087792437567,1.3126596359781475,-1.0748462533011267,0
-0.020796168340944693,1.0317440516057692,-0.7341991716134544,1.7718540298733036,1,0,0,1,0,0,-0.2684008765744537,-0.271036304861436,0.4954168066919504,-0.4910372609532525,0.5526964913095123,0.17103811037452069,-0.35227308694144593,1.130318430266609,-0.11601203892226754,0.16036512942461234,-0.350183506328837,2.11015725851319,1.5600815166057642,1.1798240106300009,0.28068655633922346,-0.7999541785907263,0.3028396999908365,-1.0048406349728536,-0.2493891336940558,3.1253439301633743,1.6687105526490444,-1.2702118878945778,-0.6452844585637454,0.0836477185743007,-0.5257755948883018,-3.125343930163374,0.2493891336940551,1.106540713781605,0.26586877533487285,0.02713213488323473,-0.39282577454383927,-0.2552648599739003,-0.43454965705011084,0.6769975162545934,0.8986955503100138,-0.6043528672675491,1.194770148383656,-1.317574173872486,-0.7611883533378483,-0.944186652494511,-0.8546384343020056,-0.5405845059150832,-1.853415610241477,-0.8213259083916238,-0.1469716669968365,1
0.004904094016293398,0.3102466044048362,-0.4445202009343899,-0.4281154315628296,1,0,0,1,0,0,0.3246891626197725,-0.4617591465627072,-0.5408308881156891,0.04594961747738333,-0.8689776792819849,-0.3906359146745391,0.2504271960064181,1.1512229678470625,-0.7239215307183294,-0.5754350635761678,-1.142258685387948,-1.310161335863192,0.28414765786183094,-0.388925985927763,0.6918789693514812,0.32539893505018896,-0.9978698892471195,-0.8340487526263802,-0.591162492785821,-1.2005960373670737,-0.7368353746847062,-0.8869804890817145,1.3166195323785688,-0.21209505382469795,0.6707059617034467,1.2005960373670737,0.5911624927858203,-0.3696425082138195,0.641115017460903,0.00893691608845806,0.17567624722125458,-0.23819657973844427,-0.34003467563087314,0.35076067714292497,0.7325910426154264,0.2638024885416898,-0.6093693453916895,-0.7105613285614767,0.5525548097416701,1.1952481229760152,1.0238272737859035,-0.0012904541294803558,1.0276167615398821,0.45906541823023866,0.47161139053935697,0
-0.25209852955608386,-1.9057812691408853,0.27967722576327125,0.3052077222492148,0,1,0,1,0,0,0.47611640666936217,-0.491995694637299,-0.2977604411855021,-0.2659425457490312,-0.5775508200760066,-0.17285307215949763,0.7398001332747911,0.06837637795255634,0.3964030186692519,0.27760019524656543,1.093001525651246,1.9648117551004243,-0.13876018668987428,0.546030292939749,-0.662410434717618,0.5071582627963593,-0.2417994087027223,0.5423496694952944,1.0928891867061523,1.595854703162155,-0.48312305902390096,-0.7574369565836622,-0.032251062146669604,-0.6147841090787105,-0.891456621686604,-1.595854703162155,-1.092889186706153,0.7026792662545551,-0.46586139681088673,0.6275743551108558,0.8152410217069858,0.6706893427996418,0.6996301199807459,0.2895912698094869,-0.19482579201269018,0.06226642380025959,-0.5816133531797613,-0.8623145398892288,-0.6517097564145549,-0.5681647828663581,-0.7530997473783346,-0.826093121566285,-0.9479482933959068,-0.32030321536567735,-0.5799798072721716,0
1.0072143259485644,0.026801178718756015,1.4383931084795292,1.478524768348486,1,0,0,1,0,0,-0.14221150653312897,-0.35360533998820587,-0.6175899766199587,0.13448301446002048,-0.7109789530097138,-0.3758785557361482,-0.28309229233364697,-0.2652272671840526,0.3249359995976887,0.08578339374211177,0.4309416497522842,1.0209829926599663,-0.08118628039296762,-0.18309793324775964,0.9529017844337754,-1.0639779054279,0.5939590661592684,-0.1520329598147543,1.2174476778394407,0.1850492459657866,0.21069742619639334,1.31862883697732,-1.5133935821874689,0.47307181200972787,-0.7086758449056156,-0.1850492459657866,-1.2174476778394414,0.15955525061472892,1.5417059985633763,1.4918472478627354,0.6020527635450756,0.8371050750953478,1.550264952753888,1.6557080335896,1.0648000580046022,1.069946747507413,0.5841383197212315,1.9451198696741894,1.455753234358838,0.30057539868834077,0.4822876101929924,1.4579758036433286,1.1099319721622063,1.3497724280541432,1.3376276710900281,0
-1.3829100732745436,-0.02473435322416849,0.27967722576327125,-0.7214446930876474,1,0,0,1,0,0,2.2932433352644384,-0.6955109220624359,-0.2849672597681238,-0.2670998450559938,-1.1348252160629755,-0.3284761300552562,-0.9561883336841394,1.007756502429682,-0.19406426158263979,-0.678097206782006,-0.93945220489350445,-0.7604179894000912,-0.12794267968249542,-0.012694322257114869,1.3683415307967726,-0.8919430221717997,-0.04855265099767006,-1.526659761247941,-0.5860329100839196,-0.45589913793704195,1.3169191369659745,-0.012402918825202546,-0.6310243718508024,0.8679216015687994,-0.26915223970696167,0.45589913793704195,0.5860329100839188,0.006366425690675429,1.3165582532877582,0.10446181476103397,-0.37990527404917784,-0.3747428216220998,-0.5605696322757617,-0.01625576685770265,0.2896456887631914,-0.4803306735805153,1.3890620938671545,0.12408133374116129,0.42482977999782756,0.015317428625603584,0.36382580878204385,-0.033013633646279864,0.8629863402952329,0.6817421706862145,-0.08511336124321738,0
-1.8969153204192981,0.3102466044048362,0.27967722576327125,-0.4281154315628296,1,0,0,1,0,0,-0.2810198135785862,-0.2698733607047209,-0.5408308881156891,0.04594961747738333,-0.3834331436580952,-0.2430623252906301,0.27212704437120006,0.11893379375132786,-0.7015635695651464,-0.344846453068837,-0.8803632696213556,-1.1413653588368828,0.02572490340341766,-0.44012409095244226,-0.913812983332656,-0.0966341773954598,-0.3594137567572555,-0.2858429422323296,-1.4375436385994584,-0.13094794135889734,-0.8181660853606028,-1.0786781507182053,0.8619528731963642,0.10947678166591883,0.8654453688728335,0.13094794135889734,1.4375436385994576,-0.5646101035717058,-1.009968447893631,-0.7461646638947628,-0.6770767854263857,-0.767313267037611,-0.4660546508565234,-1.1988643086375024,-0.762349526635866,-0.5423417704240322,-0.8314172830871166,-1.0899443568808573,-0.41450612974742024,0.06718251409155555,0.10997909147286698,-0.3185222492974822,-0.5363722402842841,-0.6543183440496418,-0.20882997275045564,1
1.0843151130202777,1.547099371035007,-0.4445202009343899,0.3052077222492148,1,0,0,1,0,0,-0.785777293743885,3.174767231485312,-0.5152445252809326,0.017017134803318904,1.24570823578138,2.428466835253226,0.27078807990032294,-0.7616253548575197,0.5546834134265963,0.5914001945321197,1.2521523829707937,0.7254613900339576,-1.0702361914889273,-0.4480122884897434,-0.6701074516838731,-0.5446183583808053,0.6329505423983446,0.9400366495099298,1.3298662290760435,-0.3295023237687909,-0.8241860167053139,0.37405576698650655,-1.3055597355369564,-0.1713205857951699,-0.7100965982744909,0.32950232376879157,-1.3298662290760441,-0.3139374809687093,-0.4846237089171882,0.5820863081239148,0.188596747715916,0.4445346296798359,1.424244977528238,0.02452383803125581,-0.5408768497097485,0.3258135853852078,-0.8036612908751883,0.27583454506891375,-0.1864257194905595,-0.8145239388296306,-0.8207922053274488,0.4428340591057229,0.5337254978059351,0.4033962301162448,-0.5799798072721716,1
-1.8969153204192981,-0.02473435322416849,0.27967722576327125,-0.7214446930876474,1,0,0,1,0,0,-0.2810198135785862,-0.2698733607047209,-0.2849672597681238,-0.2670998450559938,0.0034933913019904545,-0.001131077240039849,-1.0603407137192689,-0.16654493462716852,0.2965529481012176,-1.163744038600227,-0.778533618143977,-1.7114943205283726,-0.09178581143257193,-0.33378368242757966,-0.9184234384476964,-0.024209380810831373,-0.44805452298843595,-0.4079086644937416,-1.1334326641296226,-1.2101494081044426,1.140916851353065,-0.6914682895728154,-0.4297259076080336,1.1278599224009291,0.6138884151235867,1.2101494081044426,1.133432664129622,-0.3974950218363748,-0.9349191994684248,-0.3731626786018469,-0.3282232720705331,-0.47715250303484213,-0.30852968182446,-0.7910682597479163,-0.3747723420151606,-0.29429738304996345,1.194770148383656,-0.5588081172337243,0.3700904815361815,0.08014878545804377,0.5330569536548284,0.4428340591057229,0.4514102871836102,-0.09762646290970158,0.038603250264021984,1
1.0843151130202777,-1.9057812691408853,-0.4445202009343899,0.3052077222492148,1,0,0,1,0,0,-0.785777293743885,3.174767231485312,-0.2977604411855021,-0.2659425457490312,1.5671797076776843,2.647144063158473,-0.01702465611205717,0.3482487919655676,-0.3929133424404006,0.633771893407112,0.999651611050198,1.2716894460959611,-0.5319568681885664,-0.16366752946424093,-0.6313060510868607,-0.44638919474220506,0.6783840886247452,1.2470742862508497,0.9573302853504951,0.7849642097577141,-0.13986146825509785,-1.1104109393383599,0.08854761068482928,-0.18351089066997794,-0.08207073605820249,-0.7849642097577141,-0.9573302853504958,-0.20252742647848845,-0.6347222057676005,-0.18211288125669506,-0.37990527404917784,-0.10165033785478751,0.9516700704320475,-0.7910682597479163,-1.2052948804881005,-0.23228628620644656,-0.10976148557697851,-1.0140677512169813,0.13288685486904556,0.15794641365697218,0.0761328624983096,0.062155904904119784,-0.7010026615289333,-0.4316415915936655,-0.023255055489598248,1
-1.074506924987691,0.5679242641194551,-0.15484123025532542,0.5985369837740325,1,0,0,1,0,0,1.6244396740454172,-0.6693446785363469,-0.016310450003180245,-0.3822511260987702,-0.7244411227389171,-0.2193611124501841,-0.6041045262715512,0.5525465175449121,0.3801920202711698,-1.5734918001768243,-0.9788866531091824,0.2344001168638734,1.767014767268632,-1.2998784446476352,0.21190283217347652,0.31416794909942747,-2.404757490180788,-1.8672577318316916,-0.06904425348519984,0.38817105265189955,-0.4588011765761188,-0.5461078303874318,-0.2040267376153458,-0.2588304540545705,-0.5504131519455696,-0.38817105265189955,0.06904425348519913,-1.3166279713806959,-0.18442671521636386,-1.070646065734943,-0.7675202888890147,-1.5695224381040902,-0.9806362163612644,1.1391663716627913,1.3047287913412295,-1.307145298160744,-0.4150773999081907,-0.482931511569848,0.11464042204849642,-0.010615114107371936,-0.11002139686175369,-0.09645999267988113,-0.20711139779498602,-0.04195727479570725,-0.08511336124321738,0
-0.4320003660567478,0.5163887321765315,-0.15484123025532542,0.5985369837740325,1,0,0,1,0,0,0.16064298156605036,-0.4315225984881154,0.5977622580309765,-0.5095540498646537,0.23012356341290824,0.06192309276944856,-0.23229929538689306,-0.10395874644516104,-0.08150181199057827,0.03960037763871003,-0.27150691717510506,-0.1530820162730032,0.16545287051240862,-0.6655257693398232,-0.6147671643224706,0.12636957737649995,-0.3980414681238308,-0.6427305040038502,-0.16027754582615011,-0.04982429368856782,-0.34196768204609407,-0.4731736075633383,0.23840494554578476,-0.4481886615445311,-0.27452895017695744,0.04982429368856782,0.16027754582614942,-0.3696425082138195,-0.18442671521636386,1.5646281230418408,1.4031237942140713,1.1443341193335734,0.5736101447550955,1.166352774922097,1.397009073393778,1.3179911348814817,-0.4150773999081907,-0.5588081172337243,-0.42362934615769415,-0.24400799870415715,-0.39771434314548676,-0.44541496736468245,0.03983423407198747,0.013711913318286572,-0.76555472453303,1
1.3670179989498932,-0.2566442469673251,0.5693561964423357,-1.6014324776621007,1,0,0,1,0,0,-0.4703038686405733,-0.026236559872914074,0.2267599969270068,-0.4395374417934178,0.6965819370416286,0.3195060851486352,0.585831980615178,-0.13512605681171627,-1.340968855047494,0.5166755664039714,0.04605880490462066,0.07096868557715535,-0.12902747923682897,-0.1328428955039189,-0.7447185948412681,-1.4908996989945011,0.6084206934967651,-0.04282817106535204,-0.3224700655433951,0.41661470759684033,-0.947348685724432,-0.5605779863083352,0.33493893190186613,-0.09469581229637845,-0.10169207536862523,-0.41661470759684033,0.32247006554339436,-0.14682239923337803,-0.7097714541928067,-0.06384395909064733,-0.8192022908676594,-0.5624939042121272,0.8571550890128092,-0.46483142063624716,-0.3747723420151606,-0.046252995675895824,-0.8314172830871166,-0.4070549059059717,0.4613226456389258,0.5728670973845897,0.49921072468027106,-0.033013633646279864,-0.12479618717266176,0.06938110143228039,0.5334696962929761,0
0.9558138012340891,1.0575118175772313,-0.4445202009343899,0.3052077222492148,1,0,0,1,0,0,-0.10435469552073157,-0.3576756445367086,-0.2210013526812325,-0.31107721872057176,-0.1090014754464364,-0.03467052937274644,-0.0035989657732005023,-1.1462612701284918,0.7358968069834382,0.6112374754516298,1.5390499880086375,0.4752709731348945,-1.7503174052992643,-0.7226428619440833,-1.387061632539013,0.7110667296151271,-0.21904002485312277,0.7754485961112999,0.7646392799752116,-0.11014700605881247,-0.7170517834972354,0.18375167220847508,-0.2914420995861068,-1.0429387347208952,-1.2437657355892302,0.11014700605881318,-0.7646392799752123,-0.7038726716844818,-1.3101654415944555,-0.12752722487236504,0.2531992501892221,0.15437386567706757,0.16404522527173035,-0.30171300108041293,-0.6516131881728072,0.07776919801113909,-0.5261013687559044,0.5034643620605421,0.9539763317937442,0.6376984542170299,0.1438253204474232,0.4428340591057229,1.8507688677631275,1.9621334973080773,0.47161139053935697,0
-0.020796168340944693,-1.4419614816545723,0.5693561964423357,0.3052077222492148,0,1,0,1,0,0,-0.29363875058271866,-0.24719594964877709,0.44424408102243734,-0.48177886649755186,0.557301859686709,0.18221792775208956,0.1312133409231866,0.24850007846036376,-0.036948937311005806,0.38263903712312963,0.3724705747252377,1.5250080275412077,0.36438766020130586,-0.6614966177898551,0.0959709916250255,-0.012260388875655117,-0.9225414791696575,-0.954720196823086,0.14025565247345223,1.9408252145294884,-0.8434149709592869,-0.24493252374187394,0.038189926668235244,-1.4316969921139902,-1.4163284402379717,-1.9408252145294884,-0.14025565247345292,-0.5367575899491508,0.26586877533487285,0.5365982611369737,0.44700675760914055,0.03489590402886805,0.1325402314653172,0.8401159358104279,0.8433273810784847,-0.17027518936292965,-0.9146852597229018,-0.482931511569848,-0.8432973010303187,-0.6978274965312384,-1.159254495073018,-0.9212626601166852,-0.8656330827735822,0.013711913318286572,-0.8274130302866491,0
0.8787130141623758,0.9544407536913834,1.0038746524609323,1.478524768348486,1,0,0,1,0,0,-0.05387894750420167,-0.36349036532028395,-0.7839013350458762,1.8629095294086295,-1.5486239375373885,-1.719245411824823,-0.49201838436424905,-0.5742977219581391,0.9527921376777603,-0.16680062812579124,-0.11633048272306966,0.520623201972565,0.2772237538356368,-0.3401490544521073,-1.2643577209971377,0.21711447470143108,0.22596161778079532,0.4605222602815459,-0.2859102762628674,0.9936302841201231,0.34429061315946047,-0.4783641626332596,-1.0843196622962343,0.4493965597220617,0.6008456787176427,-0.9936302841201231,0.28591027626286675,-0.3974950218363748,-1.2351161931692491,-0.3458698504096825,-0.18609776662925942,-0.08458205761933026,-0.18250970659880966,-0.5463906304141645,-0.4855086804782194,0.20179139169817292,-0.05424950115312168,-0.7864379342253526,-1.2538420394926681,-1.5276688639864726,-1.2946394109712458,0.15732544345452057,-1.4418395571298541,-1.266679413303576,-0.8892713360402683,0
0.8787130141623758,1.9336158606069351,-0.8790386569529866,-0.4281154315628296,1,0,0,1,0,0,-0.028641073495936725,-0.36930508610385926,0.009275912831576286,-0.39093087090098955,0.028607827352802734,0.0180982086493786,-0.642514433205708,0.12739144046394849,0.6302308074528533,-0.9744437910108693,-0.4291964310885236,-0.2528290916710809,0.1701405142199293,-1.179004429317013,-0.31186965507919595,0.8965576683825542,-1.6841603151481033,-1.2091820828801456,-0.5745260083472232,0.22497917377587734,-0.2846153740800897,-0.4872729241238319,0.03940736638746563,-0.3535738434301853,-0.622554575012292,-0.22497917377587734,0.57452600834722245,-1.2052179168904753,-0.5596729573423944,-0.9281168518425269,-0.37990527404917784,-0.9892009100985523,-1.222174502210428,-0.05703537174666111,0.2342775195316623,-1.4104971262332722,-0.4150773999081907,-0.6346847228976005,-0.6608329728248301,-0.5422322401333817,-0.6346379459673855,-0.826093121566285,0.4514102871836102,0.6260729825722207,-0.45626319576493324,1
1.3927182613071303,1.4440283071491598,-0.15484123025532542,0.3052077222492148,1,0,0,0,1,0,0.4634974696652297,-0.48792539008879626,-0.23379453409861076,-0.2896671815417641,-0.5003397971462276,-0.1513878227945654,-0.5173564580763452,-0.5378918148377761,-1.5705762090821058,0.031131158366109943,-0.3812139843192788,-0.28388613217381164,0.25433933847158735,-0.7007215931733706,-0.35524549801576394,-1.0769577432125566,-0.11345771703538696,-0.7978235703405206,0.328888191831712,-0.7133741297612541,0.01924398925957747,0.38239625509097547,1.0647916219098954,-0.15455891659230855,-0.28332258274185385,0.7133741297612541,-0.3288881918317127,-0.6203151308168162,-0.25947596364157,0.2636699792153276,-0.354064273059855,-0.3747428216220998,0.4790951633358572,1.4110304042558486,1.3416409041622488,0.2638024885416898,0.05677446769459199,0.4275877563966659,0.19674936974096682,0.7284623537824456,0.6176725260912207,-1.016432198667086,1.1099319721622063,0.793080546914203,-0.08511336124321738,0
0.544609603518286,1.1605828814630785,0.27967722576327125,1.478524768348486,1,0,0,1,0,0,-0.8236341047562825,8.826675833120545,0.6489349837004895,-0.5251775905086485,3.1291327373261244,7.194199386963282,-0.668096134722293,-1.928978503690082,0.24721814478298956,-0.7687679720314006,0.3829533750376506,-0.6098840061680848,-0.9008968784941547,-0.5234490300060102,-1.076894430541429,1.1861074449820972,-0.5256999356347639,0.7121908594783826,0.4407888507730546,-1.2689780594871891,0.40597983542428023,1.5687743333023738,0.8539681086658593,0.5172808761436094,0.19745761451751914,1.2689780594871891,-0.4407888507730553,-0.6481676444393714,-1.1600669447440433,-0.8189455390738695,-0.1473362651452761,-0.34060626115118536,-0.5605696322757617,-0.7910682597479163,-1.0391903727935126,-0.5423417704240322,0.5563823275093027,1.793366658346437,0.6346637574341392,1.0137203238451828,1.1930584186586881,-0.635754044465484,0.9453015509175579,0.3477270420022505,-0.023255055489598248,1
0.5960101282327613,1.907848094635473,0.27967722576327125,-0.13478617003801185,1,0,0,1,0,0,-0.44506599463230834,-0.08729112810045517,0.35469181110078946,-0.4609474789722255,0.725897823526236,0.2890969818816479,0.8268791641430865,0.7909517399732063,0.17957818107499557,0.13932298432920615,-0.23658275932470713,-0.13065263191123802,0.1771545034763897,0.8314709423757742,1.3720320076839425,-0.06128579046864975,0.6023958183279571,0.2321498511684678,0.8549852458654548,-1.0261585642736313,-0.31899963751301336,0.28886546035370086,-0.307075698476087,0.40910901824391793,0.5342183193548623,1.0261585642736313,-0.8549852458654554,0.911573118423719,1.4666567501381707,0.4001341201761507,0.3048812521678669,0.5469443110925782,0.1010352376589052,0.8401159358104279,0.4557501964577793,0.38782468222872474,0.0012624832707351544,0.8069707847160468,1.4831228835896608,1.0655854093111348,1.1930584186586881,1.648314880744129,1.1099319721622063,0.6260729825722207,1.2139110595827887,1
-1.4343105979890196,1.907848094635473,0.27967722576327125,-1.161438585374874,1,0,0,0,1,0,0.45087853266109723,-0.4867624459320812,0.09882818275322415,-0.41639145565416624,-0.21371013047827245,-0.05255823717685663,0.38315260097534676,-0.7644826256421585,0.23159206399141063,-0.293715655584551,-0.4452781986945113,-2.3225579182758653,-1.4223786272295513,-0.5708602669036743,-0.36435192361511953,-0.0285481409892359,-1.1371033299730715,-1.168925402725078,-2.147135912362408,-1.0381887348318,-1.1031798710734788,0.6842766367545489,-0.345282238378288,-0.7307412954406383,-0.5623446766600154,1.0381887348318,2.147135912362407,-0.7595776989295921,-0.6847550380510711,-1.2222728890247456,-1.047464466273341,-1.3703925020237584,-1.0856528623826396,-1.3076099216747252,-0.5408768497097485,-1.1004416420156866,-0.9701972441467586,0.8828473903799233,0.5981708917930423,0.31354167005482897,-0.008482709938082702,0.728342674756924,2.4269753421193996,1.9064643091940836,0.038603250264021984,1
0.9558138012340891,-0.7462318004251005,1.4383931084795292,-2.041426369949327,1,0,0,1,0,0,-0.7605394197356201,1.8693624155726476,0.188380452674872,-0.4349082445655675,1.7100683131694152,1.7737767296227933,0.8344148882590556,-0.9513864945541949,-0.7312349922390016,1.1899658295655753,1.4533129556497384,1.4718038750257294,-0.751748423717683,0.17412315855069727,-0.22418942684308577,-1.2140774198294189,0.4719605256577345,0.48929305321783506,-1.14725589024189,3.1451993684043646,-0.9862924056414714,1.0812197747949497,-0.22040799084058318,-1.13957908727989,-1.41167858644709,-3.1451993684043638,1.1472558902418892,-0.23037994010104354,-0.6347222057676005,-1.4193877593014905,-1.710716824999284,-1.4841810369268051,0.006520256239666901,-1.6066603575270884,-1.4267675574142176,-1.1004416420156866,-1.0873892112637895,0.41072628847136017,-1.2832390701479968,-1.181901627546792,-1.4751526321688826,-1.2102960734919759,-1.5790315748337282,-0.2955613539816801,-0.5249946466022879,1
-0.4320003660567478,0.7740663918911503,-0.15484123025532542,-0.13478617003801185,1,0,0,0,1,0,0.16064298156605036,-0.4315225984881154,-0.7966945164632545,2.2158858180322154,-1.8281514742328717,-2.0443545011645257,0.38720540034593603,0.28505589480898696,-1.300859515415247,-0.3559350446943227,-1.6231483001659839,0.0836942012162599,1.5014907126376138,-0.6735114751145354,-0.32355759812611545,-0.18506218900198018,-0.3388922557962148,-0.8055619018995044,-0.3364521793121226,0.44783808336594555,-1.2113832649963585,-0.7153810604565749,1.5923488840068574,0.14480552264366045,1.3236978781669695,-0.4478380833659462,0.33645217931212196,-0.48105256270404034,-0.03432821836595151,0.9459906840194431,0.6924962670077037,0.512807750621665,0.25856020669096863,0.6769975162545934,0.954063719541543,0.5738579727592754,-1.2755131584779709,-1.0140677512169813,-1.4363063676981567,-0.5551985114998699,-0.4654068010946016,-1.238494455284687,-1.6064699783745033,-1.6563637301015341,-0.9511296417938885,0
0.46750881644657266,0.5936920300909173,-0.15484123025532542,0.3052077222492148,1,0,0,1,0,0,0.3499270366280375,-0.4652479790328524,-0.46407179961141953,-0.0842465545559066,-0.7415318154125583,-0.2927007144470359,-0.877230983591136,0.16270158938486845,-0.01806606250893853,-0.7476419108949277,-0.27856513886344875,-0.6978273533652917,-0.27362394771991894,-0.4703499653192018,1.5213623197525004,-0.0402006356632482,-0.2619146084144699,-0.16545908125043404,-0.12528395424331848,-0.827498180191446,0.7498428934709602,1.3007543368589833,-0.01570084924064411,0.7503059455091116,0.20060973467495125,0.827498180191446,0.12528395424331776,-0.28608496734615396,1.841902992264201,0.8459169806481733,0.6924962670077037,0.5469443110925782,0.6681251261743327,0.10608304780917345,0.17890935030013266,0.6978801664463103,0.7229182807808735,1.2622304186993043,0.10551720563822252,0.08014878545804377,0.38074892326932136,-0.28679906978068154,0.6160407084282594,0.23638866577426285,0.038603250264021984,1
-1.4343105979890196,0.9544407536913834,0.27967722576327125,1.478524768348486,1,0,0,1,0,0,0.45087853266109723,-0.4867624459320812,-0.7839013350458762,1.8629095294086295,-1.876339602949156,-1.8140502631866071,-0.5667345917047187,-0.666476768101281,1.2110108150966328,-1.3913443202794975,-1.269907242311588,-0.9418276983655234,0.8682365152978464,-0.4253836336719633,-0.8123650312876888,0.4240126497411966,-0.9987873875309141,-0.9143067047500328,-2.349876562008964,1.046038314370867,0.36301993099246627,0.10095082526918467,-1.2294005319737042,0.8892359383130931,0.758299068109535,-1.046038314370867,2.3498765620089634,-0.560631173054198,-0.9349191994684248,-0.7890533939110218,-0.4721945632967582,-0.8136414562481374,-1.0106409723673717,-1.3852853595584558,-0.5408768497097485,-0.5689179547855394,-0.16527347000083534,-0.482931511569848,-1.682633210775566,-1.9166570049811138,-1.5484861282804228,-0.2233527107470814,-1.9357308208638015,-1.8790404825575102,-1.4459960878228426,0
0.544609603518286,0.5421564981479937,0.27967722576327125,0.3052077222492148,1,0,0,1,0,0,-0.3945902466157784,-0.14834569632799627,-0.8478672421327675,8.786452633312248,-2.3517043920386365,-6.904444711541263,0.6428578456909974,0.9766308458297719,-0.621142952283782,0.9182074038184496,-0.01589954200457075,-0.19825178291500892,-0.2795419849743621,0.2814704562470171,0.34403854990616783,0.2797095712056971,0.9171478294630716,0.9899613272720238,0.872405678118227,-1.1356331163529634,-0.6126675199116105,-0.995806218656628,1.130204368157521,-0.3310108767050664,0.9871747390446398,1.1356331163529634,-0.8724056781182278,0.15955525061472892,0.19081952690966666,-0.3367722410122935,-0.1473362651452761,0.22264698661889537,-0.24551969421163483,-0.8726274695258333,-1.2606630497196296,-0.4183195767369984,-0.7759052986632599,-1.1658209625447336,-1.1443634425693747,-0.47740088330094144,-0.5669454880182719,-0.635754044465484,-0.6186874509066087,-1.0996718489615938,-0.8892713360402683,0
1.4698190483788447,2.0624546904642447,-1.168717627632051,-1.161438585374874,1,0,0,1,0,0,-0.40720918361991093,-0.12799417358548257,0.39307135535292426,-0.46615532585355707,0.685556800205951,0.26181822748037986,0.02114344372438498,-0.5289857844761752,-0.14386628726046322,0.7145755419899624,0.7629144795003497,0.9848025786234266,0.041564358929851816,0.3646623896963183,-1.909504421843553,0.11942198712631628,0.2256676391438599,0.679909615797823,0.6912331826893887,0.6575966059261134,0.33496588991144255,-1.1868500212289697,0.3166776142836212,-0.7415772886395144,-0.3280267816654987,-0.6575966059261134,-0.6912331826893894,0.1317027369921738,-1.835510180570898,-0.6824813981130464,-0.5220307794904515,-0.40887938209301433,-0.15100471279239655,0.2692014673650073,-0.04256332662598434,-0.6043528672675491,0.3343343898138759,-1.0899443568808573,0.11464042204849642,0.2616765845888761,-0.0592520533999176,0.030432725387320277,0.03983423407198747,0.4033962301162448,0.34789477903211874,1
-0.020796168340944693,0.43908543426214564,-0.7341991716134544,1.7718540298733036,1,0,0,1,0,0,-0.21792512855792381,-0.31290229450317847,-0.09306953850744984,-0.35621189169211226,0.12201712052626712,0.034644338368180524,-1.5683858549564715,-1.7394946426076563,-0.12057536333805573,-0.743539736990171,-0.7029167807572309,0.5526955875083336,0.930766849964251,0.9919869599152527,-1.1188426343309463,-0.04431180253706873,0.841944855039789,0.6851582263737945,1.1169885469471594,-0.3540047794704373,3.1720603921833526,1.2666789977090946,0.12030147284589734,1.839332321420461,1.5827498938379485,0.3540047794704373,-1.1169885469471603,1.1343932274041606,-0.9349191994684248,0.5729886987265271,0.459927258103802,0.8029685146244333,0.4790951633358572,0.5138790966987595,0.012804842605544792,0.2638024885416898,2.7491057122516462,1.0346006017076752,-0.2959043164138529,-0.1921429132382052,0.5330569536548284,-0.15990635171348128,-1.0302635040182315,-1.266679413303576,0.22417816752487937,0
-1.0231064002732158,0.3102466044048362,1.7280720791585935,-0.4281154315628296,0,1,0,1,0,0,-0.3062576875868511,-0.20242259961524695,-0.5408308881156891,0.04594961747738333,-0.35281008000132574,-0.19118797265871057,1.1114462934275795,0.6321505877139361,0.28109448050874786,0.7332069142448114,0.5407970253625787,-0.06966921278737702,-0.13530027445627457,0.5619704510730482,-0.05199804650255787,1.349986319773056,0.7008058387105001,1.0515317352124516,0.03622492998512883,-0.13094794135889734,-0.9839788733973475,-0.9197370219018973,0.9723404876112609,-0.2956081652373207,0.32355345636212357,0.13094794135889734,-0.036224929985129536,0.15955525061472892,-0.40957446049198204,-1.11916664918768,-0.354064273059855,-0.06751377738387422,-1.4742144526617298,-0.8726274695258333,-0.983822203561983,-0.790386157798101,-0.9701972441467586,-0.9381911455531051,-0.3597668312857729,0.1709126850234604,0.04228663352375219,-0.5723076854318833,-0.5363722402842841,-0.6543183440496418,-0.3944048900113141,0
0.5703098658755232,0.8771374557769975,0.5693561964423357,-0.8681093238500562,1,0,0,1,0,0,-0.028641073495936725,-0.38093452767100994,-0.10586271992482811,-0.3533186434247058,-0.06484795267901645,-0.019913170434355545,0.4515891684057128,-0.5936604708551247,-0.693951473045707,0.9537673657835156,0.8062418656647126,0.9487626221114854,-0.6149267737689206,-0.5885839340496283,-1.076894430541429,-0.024466788715431693,-0.4636245547944188,-0.4365088408660729,0.46109514795545875,0.8366905045627424,-1.2160518633968058,-0.2639915730053931,0.9240681480745435,-1.7482003514899993,-1.4743198353910723,-0.8366905045627424,-0.4610951479554595,-0.5646101035717058,-1.009968447893631,-0.03655113089848297,-0.04397226118798574,-0.22112829950298704,-0.08799472517957138,0.4323198869208419,0.2342775195316623,-0.29429738304996345,-1.192245181842186,-0.4070549059059717,-0.5331079430809875,-0.010615114107371936,-0.7023304039164997,-1.206771275767887,0.03983423407198747,0.514734606344233,-1.0748462533011267,1
0.030604356373531493,0.43908543426214564,1.4383931084795292,0.7452016145364414,1,0,0,1,0,0,-0.6091121756860305,0.17320836300372017,7.825909758849696,-0.786727233882191,2.378410259536018,0.7412087966305327,-1.1413425329374005,-0.18293924507355458,-0.4014591379416044,-0.8562166173122034,-1.2510094260874962,0.44534610106652067,0.9996410472667432,0.24030424483686916,1.0985953489213311,-1.9343547475819078,0.24019357672820538,-1.5113468723428571,-0.3409010336930824,0.9455004604204603,1.827173745429709,1.3516385587661597,-1.3950318823322099,1.3948652505731973,0.1508374622645749,-0.9455004604204603,0.34090103369308167,0.35452284597261524,1.2415090048625523,0.49111021415003275,-0.6512357844370638,-0.5283573437412127,0.5106001571422693,1.247911984700014,1.6184817503198954,0.3258135853852078,1.4029400899731188,0.9587239960437993,-0.6015320661580458,-1.1710964014080516,-0.6430995032110249,0.01457113562891996,-0.41289942435079735,0.013711913318286572,-0.1469716669968365,1
1.572620097807795,1.0059762856343069,0.27967722576327125,1.478524768348486,1,0,0,1,0,0,-0.4955417426488382,0.014466485612113323,-0.16982862701171944,-0.34637484758293036,0.44498297934688336,0.2788115498942845,-0.3461922044056184,-0.7198193425121967,-0.026550070552742246,-0.5549083443205228,-0.1941749888619642,-0.27875027358997784,0.12137310636873332,-0.7498543263142129,0.10159823302270682,-1.167156435479849,-0.45054531806997183,-0.8260799625272641,0.4316262532639202,-0.8082637896695036,-0.267856920110479,1.0897535171800694,-1.1365848216414816,0.30289234846697616,-0.5540693045615046,0.8082637896695036,-0.4316262532639209,-0.7317251853070371,0.04072103005925432,-0.1457224436671417,-0.7158382869103699,-0.8355863879794388,0.4475901695294441,0.8401159358104279,0.6772228733838963,-0.6043528672675491,-0.10976148557697851,1.33810702436318,0.6985262723060605,-0.0495139282068366,0.0761328624983096,0.7917890337905242,1.439192814651505,1.0714264874841732,0.2860364732784985,0
1.0843151130202777,1.4697960731206219,0.27967722576327125,-1.161438585374874,1,0,0,1,0,0,-0.7100636717190902,0.715140340032942,-0.42569225535928473,-0.1247520302995968,0.7942834361199336,0.6464039452687488,0.3547082616692351,1.1677384050985267,-0.09598880995699621,0.5288960465477855,-0.017163336892718675,-0.11430057485345926,-0.18797893505502278,0.8392491031480602,-0.0546730280866885,0.023317944488239078,1.2681293357203787,0.993919343918035,0.6286220997103051,-0.7793520964162078,0.3453373428874561,-1.6575278474257293,0.15465220429207005,0.5429509042320205,0.9926819671842051,0.7793520964162078,-0.6286220997103059,0.8837206048011639,0.04072103005925432,0.30006041680488094,0.26611975068388355,0.785900234388976,0.19555021907814235,0.18764225758709038,-0.09793149585751397,0.5738579727592754,0.1400424443303771,-1.6210805965279906,-0.5878472415426337,-0.4255357978349895,-0.194636969298146,-0.033013633646279864,0.03983423407198747,-0.32030321536567735,-0.45626319576493324,1
1.0843151130202777,0.43908543426214564,2.8867879618748513,1.7718540298733036,1,0,0,1,0,0,-0.6974447347149578,0.6337342490628872,-0.09306953850744984,-0.35621189169211226,1.105433839635551,0.7626740459954651,0.6217441402223343,-1.2623751447470133,1.610094474196492,-0.17925798708787205,0.8192800103358254,1.1136082347553853,-0.43330986140584443,3.966111926073764,-0.566325606076071,2.2684235896267637,1.8316482199828095,2.828244523785505,1.7556215933338115,-0.2223753081429896,3.0983419433518913,1.1653169432915453,0.07849385692710896,2.0583969967605538,1.6961261658810205,0.2223753081429896,-1.7556215933338122,3.6132669398115715,-0.5596729573423944,-0.11842961547497735,1.0542702808582185,1.8612018892227682,-1.033144539371952,-1.5251011477491712,-2.0911855881925696,0.3258135853852078,2.8046176966755025,1.0346006017076752,-0.10431677179808911,-0.0495139282068366,0.7699805564767266,-0.033013633646279864,-1.277209135885205,-1.4893561657595522,0.34789477903211874,1
-0.020796168340944693,0.3102466044048362,-0.4445202009343899,-0.4281154315628296,0,1,0,1,0,0,-0.25578193957032125,-0.28964341136887706,-0.5408308881156891,0.04594961747738333,-0.4126947235669653,-0.25826687692412376,0.008132305051117521,1.9637309134239542,-1.6809915558260695,-0.925095281307146,-1.2797768157073297,-1.4923129629464904,0.5579528328174709,-0.9353832880115938,1.6975744867652511,-1.366432616070374,-1.5364348665991046,-1.2951131931574367,-1.5457865278175358,-0.5022446364654003,-0.9459321282319222,-0.9946894513981018,0.9248387694731136,-0.2737584703076674,0.3993465789349213,0.5022446364654003,1.5457865278175342,-1.0938078624002545,0.7161642658861095,-1.592242337851867,-1.9045243324192023,-2.2351853672869133,-0.34003467563087314,-1.1173050988595852,-0.5962450189412776,-1.8445748041378918,-0.9424412519348303,-1.0140677512169813,-0.40538291333714505,0.10608132819102022,-0.008482709938082702,-0.5088613263982832,-0.28942660841731066,-0.5429799678216537,-0.45626319576493324,0
-0.25209852955608386,-0.8493028643109486,1.0038746524609323,-0.13478617003801185,1,0,0,1,0,0,-0.34411449859924853,-0.19195610220481132,-0.5280377066983108,0.037269872675164004,-0.27820839517963436,-0.17643061372031965,0.13549315889185315,-0.686688260465718,-0.2589460021375042,-0.543939698932823,-1.004896757097501,-1.3637404783320057,0.564939570147245,0.901801453261211,0.10694396418722492,-0.5928228321033238,0.8512593647953977,0.14053844052473108,-0.7858772647355261,-1.0805558572323073,0.712662850787882,1.0496353034485173,-0.2417419149834696,1.578921655554462,1.4436234335995102,1.0805558572323073,0.7858772647355247,0.2152602778598393,-0.4846237089171882,-1.7105112600179135,-1.684875824009962,-1.347634795043149,-1.1591645145976028,-1.2804235184154193,-1.149926711256571,-1.5965304167638241,0.4731143508735179,0.7310941790521709,-0.5331079430809875,-0.5681647828663581,0.04228663352375219,0.062155904904119784,-0.8656330827735822,-1.32234860141757,-0.332546584257695,0
0.8016122270906633,0.5679242641194551,2.452269505856255,0.5985369837740325,1,0,0,1,0,0,-0.6848257977108253,0.6221048074957366,-0.041896812837936774,-0.3764646295639574,1.0906404719654235,0.7693819364220064,1.5563941634347496,0.9741323824237818,0.3358523652667903,0.7052105841535508,0.7961875822309186,-1.1645738377618262,-1.1307582309938462,1.5174231415423205,0.18529354169808848,0.28309849628257,1.0311498678699194,1.0872170433373163,-0.32687747097049374,-1.2641467209678323,-0.6480126473131692,-1.1514042636089825,-0.17463474759145828,0.06977655506213656,0.026372982236622895,1.2641467209678323,0.326877470970493,0.9672781456688292,-0.18442671521636386,-1.0099953364190213,-0.7287587874050313,-0.32353798091572933,-0.7180946013078251,-1.2804235184154193,-1.3160312189511594,-0.35630847989348147,-0.6926373220274746,-1.1658209625447336,-0.47836864461934153,-0.4903671546674297,-0.4315605721200442,-0.2233527107470814,0.5337254978059351,-0.04195727479570725,-0.6418381130257917,1
1.0072143259485644,0.026801178718756015,1.4383931084795292,1.478524768348486,1,0,0,1,0,0,-0.15483044353726144,-0.3506979795964182,-0.630383158037337,0.17498849020371068,-0.7344913508946546,-0.4049460809178273,-0.45391601272478854,0.11187343439446008,0.7547193945058611,-0.3325428279311439,0.5752718960946354,0.792307083992096,-0.16050638994074454,-0.3514325266630196,1.1266703970956709,-0.9972044619149933,0.1746296813425466,-0.43229707441029297,0.9573302853504951,0.13114384342216406,0.2800340253961782,0.9751238710456063,-2.0338210097317706,0.6224037093867503,-1.16993559278261,-0.13114384342216406,-0.9573302853504958,-0.3139374809687093,1.0914105080121401,0.10901061945972781,-0.43158727602782254,-0.34060626115118536,0.4475901695294441,1.0032343553662626,0.5664865349208381,-0.4803306735805153,0.4731143508735179,1.2622304186993043,0.7897584364088047,-0.4903671546674297,-0.2284831982727022,0.886958572340925,1.1922471827845313,1.4054416161681371,0.5334696962929761,1
-0.8432045637725518,0.7998341578626126,-0.15484123025532542,2.505177183685348,1,0,0,1,0,0,-0.5081606796529707,0.03481800835462702,-0.7071422465416066,0.6217060226912655,-0.5202732181652703,-0.45369008468402755,-0.46102797639338905,0.6744615661092634,-0.1943644179792638,0.3818870863613494,0.2857225449544977,0.5988063909553794,0.0753583004905862,0.5855285130089395,1.1539761357632023,-0.3463503227904014,1.6095594799751893,1.5071439543207814,0.9750700921945687,-0.15036214763897582,1.2261238149668037,0.23030829415243226,-0.08234600188235704,1.0801068116930184,1.0999794276477632,0.15036214763897582,-0.9750700921945695,0.29881781872750485,0.7161642658861095,-0.7461646638947628,-0.7933612898783374,-0.18699173903207253,0.006520256239666901,-0.9541866793037505,-1.3713993881826885,-0.4803306735805153,0.8616982418405155,-0.02767187758659086,-0.669956189235104,-0.6070635969658218,-0.1777138548108673,-0.15990635171348128,-1.1948939252628807,-1.378017789531564,-0.20882997275045564,1
1.0072143259485644,1.8563125626925503,1.4383931084795292,-1.6014324776621007,1,0,0,1,0,0,-0.15483044353726144,-0.3506979795964182,-0.7583149722111197,1.5359724751917014,-1.2683081885176524,-1.456743299799506,0.7648756651281622,-0.3838938056480989,-0.8454437487070323,0.37549807139186037,-0.1858732910170943,1.2489687195587467,0.4581518525425768,-0.44729974166275704,0.6493339877316535,-1.0440397330517026,0.3745167149384925,-0.030988882074375834,1.3724417655018215,0.3422733367180179,-1.5105148629961789,1.177394830437897,0.10659068210681008,-0.13590930574120494,0.2113897697968522,-0.3422733367180179,-1.3724417655018222,-0.3696425082138195,0.7161642658861095,0.2909628074074919,-0.3153027715758717,-0.15285517856115927,0.8886600828192224,0.9216751455883455,0.2896456887631914,-0.29429738304996345,-1.46980510396147,0.6552175733882943,-0.9254062487227878,-0.7367263106307022,-0.7361766328910565,-0.4771381468814831,-0.6186874509066087,-0.5429799678216537,-0.8274130302866491,0
0.31330724230314594,1.0832795835486928,-0.4445202009343899,0.3052077222492148,1,0,0,1,0,0,-0.5207796166571032,0.043540089529990035,-0.7327286093763631,0.7142899672482717,-0.6144732347460667,-0.518533025473927,-1.228062124823885,-0.3375179660862143,0.7052228136438563,-1.4914646659137227,-0.9669549471236358,-0.288319863274489,0.5828455059590839,-0.7194813640089647,-0.6411976314713004,1.099797408380813,-0.3360957447058671,0.11448246270982237,0.1590389773671773,-0.550966827225982,0.9887529773869083,-0.17908371060177278,0.14112712000973054,1.6816057551755905,1.3688586314450528,0.550966827225982,-0.15903897736717798,-0.7038726716844818,-0.6347222057676005,-0.1457224436671417,0.4340862571144791,0.2738518273252659,-0.7180946013078251,-0.22015379130249568,-0.319404172783631,-0.23228628620644656,0.8061862574166584,-0.2553016945782196,-0.2776578835933038,-0.16621037050522874,0.49921072468027106,-0.2550758902638815,-0.7010026615289333,-0.9883334727336057,-0.023255055489598248,1
-0.8432045637725518,1.8563125626925503,-0.15484123025532542,-1.6014324776621007,1,0,0,1,0,0,-0.5081606796529707,0.03481800835462702,-0.7583149722111197,1.5359724751917014,-0.7871816369767712,-1.1602545429463798,1.4029129190088634,0.22122834912093545,-0.4362439486059643,1.71886868976314,1.215529231582033,0.7443019940256087,-0.9187948585477854,0.5857123217193269,1.4381722731461841,-0.5740621596945182,2.0764931663887616,1.7357396193064947,0.9750700921945687,0.048076501797563044,-1.3655477139446428,1.1370865599102287,0.019482983853781045,-0.26306562911836706,0.11436437117492672,-0.048076501797563745,-0.9750700921945695,0.24311279148239442,0.8662627627365218,-0.9190192424451392,-1.0388507992769007,-0.2894014204448148,-0.024984737566746233,-0.9541866793037505,-1.3713993881826885,-0.6043528672675491,-1.3587811351137562,0.5793409677244183,-1.0166384128255321,-0.8534227529290943,-0.8884846632765624,-0.4771381468814831,-0.4540570296619595,-0.48731077970765985,-1.0748462533011267,1
0.6217103905899984,0.38754990231922204,0.27967722576327125,-0.4281154315628296,1,0,0,1,0,0,-0.44506599463230834,-0.08729112810045517,-0.054689994255315046,-0.36952083372218186,0.45551563856668376,0.21844053605541267,1.3377891540930593,2.008638475383457,0.4173118485739764,1.2658780932131721,0.45751199770084183,0.43312795972826723,-0.18895146524768985,0.8738517667784592,1.7957280447847892,-0.004604933025660483,0.5529198975137641,-0.12468737358277057,0.633698674005907,-0.037759751214519306,-0.9870859950814417,-0.9579984098038964,-0.5751067906230481,-1.1618537307388412,-0.716520955978126,0.037759751214519306,-0.6336986740059076,0.6330479821981672,1.391607501712964,-0.4914316007678933,-0.4186667755331612,-0.18699173903207253,-0.844114576533476,0.5138790966987595,0.2342775195316623,-0.6663639641110671,-0.9979532363586869,-1.0140677512169813,-0.5604775923118106,-0.7496925819971905,-1.1084851516111824,0.1890486229713212,0.28677986593896093,0.29205785388825667,-0.9511296417938885,1
0.3904080293748593,0.15564000857606544,0.27967722576327125,-0.8681093238500562,0,1,0,1,0,0,-0.36935237260751347,-0.1745119398540853,-0.4001058925245282,-0.15368451297366123,-0.02933609521379473,-0.015441243483327998,0.007384469152738024,0.2880387334998667,-0.9283866780805232,-1.305651377991302,-1.3692911750044996,0.3986131927459647,1.5787516974355214,-0.229880994263056,0.0985743992831479,-0.820547888159617,-1.189674277149133,-0.9165743461130376,-0.5252107151899527,1.0645584453617318,-0.23996266497730434,-0.2965925319830811,0.44456419581014467,0.5841901295664319,0.885289137603921,-1.0645584453617318,0.525210715189952,-0.007559831120602114,0.41596727218528484,0.9732835122116075,0.3436427536518511,-0.1699234587966153,1.4557499713346498,0.4323198869208419,0.7879592118469556,0.3258135853852078,-0.49834537654397587,-0.6346847228976005,-1.2173491738515698,-0.840456481562607,-0.5838686025055501,-0.857816301083085,-1.853415610241477,-1.7677021063295222,-0.9511296417938885,0
0.72451144001895,1.3667250092347738,0.27967722576327125,0.5985369837740325,1,0,0,1,0,0,-0.06649788450833415,-0.3629088932419264,-0.4896581624461761,-0.07556680975368728,-0.5007804110565549,-0.22070269053549238,0.6472572606507049,-0.7125741956723133,1.6852143930840158,0.03371542334425812,0.6329624023468968,0.06669059306612066,-0.18505986311038317,0.6871584430053853,-1.7809870662996585,0.8134502462262568,0.03186070515525287,0.26292766765733216,-0.007768161614413057,0.0986623829151082,-0.21342635721349615,-0.8061232997958956,-1.4863054817475012,-0.013954831956742344,-0.5661844302460451,-0.0986623829151082,0.007768161614412348,0.29881781872750485,-1.760460932145692,-1.0008977270216337,-0.4832692780064673,-0.4430159425639276,-1.1591645145976028,-0.13859458152457876,-0.1532996650890431,-0.790386157798101,-0.16527347000083534,-0.7105613285614767,0.19674936974096682,-0.62002986833231,-0.5838686025055501,0.9504049313745251,0.36909507656128593,0.45906541823023866,-0.08511336124321738,0
1.9067235084518848,0.2587110724619126,0.5693561964423357,-0.4281154315628296,1,0,0,0,1,0,0.059691485532990585,-0.4041934108053113,-0.2977604411855021,-0.24048196099585453,-0.3262791734798005,-0.1250034537835029,0.47201368032458585,0.9281036377146471,-1.064565655241284,0.17877745121667313,-0.22230789740411844,-0.4927918848799182,-0.4325533008279026,-0.25646242753340787,0.33085621589122793,-0.7088600653810101,0.12287207486975402,-0.01192116480881108,-0.018359091073560794,-0.653901033058197,-0.9126007483650816,-0.942406875422923,0.7429609103715773,-0.11967895670526824,0.2773724571997818,0.653901033058197,0.018359091073560086,-0.5367575899491508,-0.18442671521636386,-1.3284116653276086,-1.4264658141167375,-1.3134982345722352,-0.49755964466293656,-0.7910682597479163,-0.8730858650989243,-1.534519319920306,-0.9424412519348303,-1.0140677512169813,-0.6243401071837319,-0.17917664187171697,-0.21156008378542468,-0.7309235830158842,0.36909507656128593,0.06938110143228039,-0.6418381130257917,1
1.0586148506630406,0.5421564981479937,0.27967722576327125,0.3052077222492148,1,0,0,1,0,0,-0.20530619155379135,-0.3152281828166086,-0.4128990739419065,-0.1450047681714419,-0.24609094459855363,-0.13036976612473594,-0.6384596336367878,-0.2821080248282467,-0.4544601657924419,-1.1874918944749708,-1.440077315508197,0.10892449145277619,2.1915678597251453,-0.6771463329410339,0.22852997957723886,-0.17621002277434086,-1.0303937061524764,-1.2323931742780847,0.17396031022667943,-0.023971702672748577,0.21119702509986296,0.6161384342187268,0.44418819188554615,0.5825041780016389,0.6689789705222493,0.023971702672748577,-0.17396031022668015,-0.5089050763265954,0.491016520610491,0.8004289336612322,0.5762117625557528,0.10316902497069583,0.25856020669096863,1.9819448727012692,2.0614271041721297,0.38782468222872474,0.1400424443303771,0.5034643620605421,-0.1681792866700104,0.08014878545804377,0.31305646532020776,-0.3185222492974822,-1.0302635040182315,-1.1553410370755877,-0.1469716669968365,1
-0.3291993166277972,0.43908543426214564,0.5693561964423357,1.0385308760612593,0,1,0,1,0,0,-0.1800683175455264,-0.3431388425777702,-0.016310450003180245,-0.3782005785244012,0.14564055445051116,0.028383640636741956,-2.5090331299338082,-0.02225157803448002,-0.674132295591776,-2.0946902675045043,-2.1028597301194,0.5234429631410789,2.350279257134942,-0.9164589577827046,-0.26079795195578254,0.5181694207643849,-1.6033298246230274,-1.178255713048242,0.10862057896823145,0.6061852033378352,2.5731566515014084,-0.23072067395110185,1.442271727439316,1.2399570047932145,1.5834832638141787,-0.6061852033378352,-0.10862057896823216,-0.8709877534198129,-0.25947596364157,-0.04564874029587195,0.22735824919990022,-0.4430159425639276,-0.40304466324369825,1.3294711944779316,1.397009073393778,-0.10826409251941274,2.887885673311288,0.04820472807728505,0.890113816921823,1.5842362639706562,2.1069066009717248,-0.2550758902638815,-1.277209135885205,-1.211010225189582,1.4613442825972665,1
-1.074506924987691,1.572867137006469,-0.15484123025532542,1.0385308760612593,1,0,0,0,1,0,-0.5838743016777656,0.1394829824589832,-0.3745195296897717,-0.1710440025780999,0.4112177753210872,0.23945859272524214,-1.7543241046330087,0.32110729632941104,-0.5281873205018373,-1.2313830532296126,-0.8980543628654613,-1.5203883648691914,0.04377916028303134,-0.4515703606447451,-0.02147162050807618,-0.23490993860110385,0.2605524691171529,0.4656240715904979,-1.0618771407249543,-1.020471574555225,1.9882265888109611,-0.4622396395828365,0.4859879278399974,1.921878430968898,1.62210593434024,1.020471574555225,1.0618771407249536,-0.48105256270404034,-0.10937746679115769,-0.2639913658331881,-0.3411437725651945,-0.22112829950298704,0.25856020669096863,-1.2804235184154193,-1.0391903727935126,-0.10826409251941274,2.16622987580115,-0.2553016945782196,0.6620334066649622,0.8321925247143505,1.6499825098152057,0.09387908442092041,-0.37174181903963527,-0.8213259083916238,0.6571863078002155,0
0.6217103905899984,-0.6689285025107157,0.27967722576327125,-0.4281154315628296,1,0,0,1,0,0,-0.44506599463230834,-0.08729112810045517,0.8536258863785419,-0.5517954745687877,0.952320749104115,0.35930623501278036,0.3755637570849231,1.54897285979058,0.40209886145155255,0.14151735399247314,0.18380993381221264,-0.583306933778015,-0.5062244471824784,0.9944025613552854,1.4397840869122027,-0.044413091192056005,0.6841746386339924,0.3584243393737777,0.6912331826893887,-1.4811177417461807,0.47136477615611805,-0.6836697698984598,-0.5943134874616987,0.4872350447316513,0.11096968953670958,1.4811177417461807,-0.6912331826893894,0.4659329004628361,0.7161642658861095,-1.21924035255895,-1.051771299771562,-0.767313267037611,-0.9701345517591269,-0.22015379130249568,-0.5408768497097485,-1.2244638357027204,0.7229182807808735,-0.4070549059059717,0.9630995482040194,0.4691369264526849,0.65151875506577694,1.0138512904081252,1.7684536571408034,1.0157572993701793,0.47161139053935697,1
-0.48340089077122306,0.9029052217484598,0.27967722576327125,-0.8681093238500562,1,0,0,1,0,0,-0.48292280564470574,-0.05240280339900311,-0.3361399854376369,-0.19418998871735144,0.2397455746883403,0.1097727111454433,0.08374482132632455,0.18930520039750767,-0.22475000359322456,0.775647722869027,1.2113572203185368,0.17319549891771407,-0.8555374623515698,0.2709735287255822,0.45689218988772684,-0.41916728009255283,0.677228998466447,0.854519928385261,-0.07652239220166908,0.312111980532898,0.15430434448966635,0.1978772374373061,-0.11398190807299972,-0.3763213508360192,-0.7405513225431462,-0.31211198053289735,0.07652239220166766,0.24311279148239442,0.41596727218528484,-0.009258302706318612,-0.22485926811324272,0.0519641842643253,0.6996301199807459,-0.46483142063624716,-0.4855086804782194,0.139780294854656,-0.08200549336504998,-0.1035484832504671,-0.8068044353892204,-0.7367263106307022,-0.8207922053274488,-0.8895394805998851,-0.12479618717266176,0.013711913318286572,-1.0129879475475077,1
1.8296227213801723,0.8771374557769975,-0.8790386569529866,1.0385308760612593,1,0,0,1,0,0,-0.29363875058271866,-0.2355665080816264,-0.579210432367824,0.05000016505175235,-0.45244945737500475,-0.21980830514528685,-0.8730939051194431,0.7231642380390735,0.39590363340793505,0.1399925931451235,0.014611237647135858,1.2721004617570593,0.12078113105819348,-0.7561136192217128,-0.3026083754212917,0.6628253608889967,-0.059951748617196626,0.11773569503649785,0.8164553486475558,0.9252428331319453,0.4585585092194531,-1.2957120392599315,0.12486203534044658,-0.24856808945091668,0.09595066626876769,-0.9252428331319453,-0.8164553486475564,-0.6203151308168162,-0.10937746679115769,0.6093791363160792,0.8863037744276221,0.8200367948598906,-0.05648973137315825,0.2692014673650073,-0.09793149585751397,-0.17027518936292965,0.3620903820258042,-1.2416975682086098,-0.17730250308028428,-0.08841274230630035,-0.1777138548108673,0.030432725387320277,-0.5363722402842841,-0.15329565102369538,0.038603250264021984,0
1.0586148506630406,-0.3339475448817109,0.27967722576327125,0.5985369837740325,1,0,0,0,1,0,-0.20530619155379135,-0.3152281828166086,-0.19541498984647596,-0.3388524020876736,0.014518123199654896,0.019439786734686864,0.17122346002379205,0.3942961723227889,-0.2951524886390875,0.4273295764700403,-0.23496650907841996,0.0015235164312152783,0.18131369010813228,-0.571391915098495,0.42840253523134375,-0.19000197842965025,-0.643350603503605,-0.9780505351539576,0.20841782115995966,-0.2046283627832927,-0.8090184582650874,-0.11201961537304578,0.21254967503568117,-1.2152301344292344,-0.6494080159741344,0.20462836278329197,-0.20841782115996035,-0.4253475354589299,0.641115017460903,0.6548671833030202,0.44700675760914055,0.15437386567706757,0.1325402314653172,1.4925896140337656,1.5077454118568363,0.3258135853852078,-0.8314172830871166,-0.2553016945782196,-0.4692454282090663,-0.2958730841701091,-0.7361766328910565,-0.2550758902638815,0.7806711296729086,0.7374113588002092,-0.5181215015185524,1
0.15910566815972013,-0.4885541407104817,-0.8790386569529866,0.3052077222492148,1,0,0,1,0,0,-0.38197130961164594,-0.15706777750335926,-0.5024513438635544,-0.049527575347029285,-0.17673452384362007,-0.08252014774874118,-0.12011103583505553,-0.7849584593037812,0.8473352816400544,-0.03920993222444882,-0.20174650391275456,-0.9015682135139271,-0.5618518837393592,-0.05465096688298271,-0.3210701208476202,0.5010910646441491,0.75445886370151,0.6753589738631107,-0.9462874490712617,-0.29111514316954507,0.1124107169786682,0.7557391209198459,-0.6547875209726005,0.801078583317165,0.9216369258353132,0.29111514316954507,0.9462874490712609,-0.3417899945912644,-0.6347222057676005,-1.1646546961746211,-0.7675202888890147,-0.4600842227993849,-1.1591645145976028,-1.7697787770829225,-1.7036084035718644,-1.0384305451721696,0.11228645211844858,0.7310941790521709,0.06902433999712428,-0.2829068128036209,0.04228663352375219,0.9821281108913258,-0.37174181903963527,-0.5429799678216537,0.22417816752487937,0
1.9067235084518848,0.8771374557769975,0.5693561964423357,1.0385308760612593,1,0,0,1,0,0,0.059691485532990585,-0.4041934108053113,-0.579210432367824,0.05000016505175235,-0.7825621291948207,-0.3494941867250857,-0.47149557450216867,0.7179374263447049,-0.2803634055843729,-0.10136157929580994,-0.45856285579052475,0.8409004911156023,0.6925500479284009,-0.08036836803167002,0.07959775310044505,-0.6725357697370022,0.15796346821324436,-0.0950597901587242,0.08301123374971872,1.0645584453617318,0.5753229474344946,-0.9056523669717077,-0.29256742181978496,0.2935668254024106,0.5033467878828748,-1.0645584453617318,-0.08301123374971872,-0.4253475354589299,-0.40957446049198204,-1.4284853686988783,-1.4910683165900436,-1.3647030752786062,-0.6865896075014126,-0.30171300108041293,-0.3747723420151606,-1.3484860293897554,0.27882240539001907,-1.0140677512169813,-0.7703115697481222,-0.7885913960966542,-0.6346379459673855,-0.0647368131630805,-1.0302635040182315,-0.7099875321636356,-0.332546584257695,0
1.572620097807795,-0.4885541407104817,1.0038746524609323,0.3052077222492148,0,1,0,1,0,0,-0.356733435603381,-0.1745119398540853,-0.5024513438635544,-0.049527575347029285,-0.21232574057275744,-0.09593592860182383,1.0472437680113462,-0.7049991189189458,0.7414206630138135,0.588553462778999,0.07724465989718624,-0.014773530596396267,-0.05855348557186716,1.688341527921535,-0.49404827278743396,0.5479474743001342,1.7575389866118314,1.294409338395959,0.8432886699243073,-0.8565127692838675,0.23075300941811938,0.4727067015554973,-0.4629125162604573,0.947647815838215,1.1633169416105158,0.8565127692838675,-0.843288669924308,1.6635909862327087,-0.40957446049198204,0.19998671343360988,0.459927258103802,1.195538960039945,-0.49755964466293656,-0.38327221085833024,-0.762349526635866,0.07776919801113909,0.25106641317809053,0.5034643620605421,0.16937972051014377,-0.10137901367278856,0.27921023634565156,1.0138512904081252,-0.20711139779498602,-0.5986491559356475,0.2860364732784985,0
1.0586148506630406,0.8771374557769975,0.27967722576327125,1.0385308760612593,1,0,0,1,0,0,-0.20530619155379135,-0.3152281828166086,-0.579210432367824,0.05000016505175235,-0.551732720508216,-0.28107370437436424,-0.4668022689427812,0.7031785273841452,-0.12390061187160888,-0.26756168187279616,-0.7245518700306259,1.3969339248314967,1.2450726714947118,-0.4436620306423889,0.2666639806880428,-0.29493338046270157,-0.2642472643957343,-0.4674678409359041,0.739614474082317,1.171710631808875,0.20579804468446558,-0.6979964747288393,-0.12700331697467585,0.09943550655301492,0.48556155522533245,-1.171710631808875,-0.7396144740823177,-0.3696425082138195,0.340918023760079,0.2727675886127153,0.07231224326396513,-0.03337721691295973,0.19555021907814235,1.3294711944779316,1.009431888773073,-0.046252995675895824,-0.05424950115312168,-0.8623145398892288,-0.8615437338508666,-0.7885913960966542,-0.7023304039164997,-0.15990635171348128,-1.1125787146405561,-0.7656567202776299,-0.3944048900113141,0
0.8787130141623758,-0.4885541407104817,1.0038746524609323,0.3052077222492148,1,0,0,1,0,0,-0.5586364276695006,0.047610394078492775,-0.5024513438635544,-0.049527575347029285,0.14745149687861508,0.07489168092742844,-0.20009148287874448,-0.6323606188845409,-0.12315685055828457,-1.0391898132446107,-1.0501004433518395,-2.47383857620878,0.1389783709966954,0.14424975154652223,-0.8687361794683073,-0.17536412879081067,-0.16992359008947266,0.3461239528537807,-1.7990340422145457,-1.5897607057063121,0.42236472981195394,-0.002346038961181455,-0.007864496890563498,1.2353850715594443,1.703104678440465,1.5897607057063121,1.7990340422145448,-0.11896988561082296,-1.009968447893631,-0.9190192424451392,-0.8579637923516437,-0.8697229484503528,-0.11949971898598452,-1.4435419379712537,-0.9284540343304539,-0.4183195767369984,0.3620903820258042,-0.02767187758659086,-0.06782390615699217,-0.06248019957332482,0.43151826673115745,0.6966194952401235,-0.28942660841731066,-0.9326642846196119,0.038603250264021984,1
0.544609603518286,-1.776942439283576,0.27967722576327125,0.3052077222492148,1,0,0,1,0,0,-0.8236341047562825,8.945877609183839,-0.19541498984647596,-0.3353805041667859,2.5897135071005772,7.139194685465643,0.36376233824183374,-0.8659330872733287,0.7958649713425694,0.26086875201565307,1.1282857123943748,2.8208451185784376,-0.28861387790453585,-0.6895507263974826,-1.6544288835238063,1.7465152143518283,0.04965287647507296,1.4783088503441164,1.9784005630035764,1.8851427108031107,-1.1948113473703863,-0.46885019896959085,0.6671052796787572,-0.3031819117649207,-0.023545822103787962,-1.88514271080311,-1.978400563003577,-0.9545452942874786,-1.760460932145692,-1.8469754009787365,-0.8838047933409655,-0.8185181077439823,-1.4742144526617298,-0.7910682597479163,-1.482135726645747,-1.658541513607341,-1.2477571662660425,-0.7864379342253526,-1.281211688723491,-0.8015576674631424,-0.8546384343020056,-1.238494455284687,-1.5241547677521787,-0.9883334727336057,-1.198562864808365,1
-0.7918040390580765,-0.6946962684821769,-0.8790386569529866,-0.13478617003801185,1,0,0,1,0,0,0.03445361152472564,-0.3943083854732332,0.44424408102243734,-0.47830696857666416,0.24599838625819043,0.06639501972047611,-0.2801810511762492,0.12340157306655823,0.44395697010975893,0.25942991646797187,0.39774735623975993,-0.19824680388429322,-0.9890908085525348,-0.8866506863340919,-0.5565266002854551,0.44747243243959606,-1.1524830509221713,-0.2697748826486512,0.5335460107420674,-0.799549433147316,-0.49633234667507387,-0.726888662803437,-0.1572374102616569,-1.4932555453317018,-0.7804737086583059,0.799549433147316,-0.5335460107420681,-0.8988402670423681,-0.6347222057676005,-0.44594355378095224,-0.1602567656399366,-0.596630464683041,-0.11949971898598452,0.8401159358104279,0.6218547041523672,-0.29429738304996345,-0.5538573609678327,-0.7864379342253526,-0.44187577897824326,-0.4514683405679659,-0.9731002357129547,0.12560226393772106,1.933084078385452,1.5724491805101195,-0.7036964187794109,1
2.6520311168117785,-0.3339475448817109,3.176466932553916,0.5985369837740325,1,0,0,0,1,0,-0.5333985536612357,0.046447449921777705,-0.1826218084290977,-0.3388524020876736,0.5102122570689022,0.29759364308860026,3.43163255422965,1.1965206521740928,-0.03136286624965384,2.8911612221195626,2.347598042011937,2.649135700106302,-1.2822030860952138,4.009004612117991,1.6380833576074019,0.31032326979886793,2.6389227396264934,2.434313418075575,3.446120833769075,0.1952844489803987,-0.7660184300870456,-0.001266197714611322,0.3547190475113284,-1.2890616731144393,-0.6753591784055538,-0.1952844489803987,-3.446120833769076,3.1397742082281335,1.0914105080121401,-0.8007503202790929,-0.5349512799851129,0.4616029099152932,-0.5290646384693491,0.18764225758709038,-1.0391903727935126,-0.5423417704240322,-0.8036612908751883,-0.17942508891434333,-0.5331079430809875,-0.2829068128036209,-0.7530997473783346,-0.3819686083310823,0.36909507656128593,0.514734606344233,-0.5799798072721716,0
1.0843151130202777,1.0317440516057692,0.27967722576327125,-0.4281154315628296,1,0,0,1,0,0,-0.7100636717190902,0.7674728270851201,-0.2721740783507456,-0.2931390794626518,0.9932680292086238,0.8167843621028983,0.3423025548061694,-1.2440821749762738,0.5977649854794119,0.9268937077047613,1.1218886736728593,0.12923877130540576,-0.8766667675436589,1.0536609855323655,-0.42901348273034656,-0.08951105996365774,1.5397440476608097,1.0637507574085918,0.3041828515459622,-0.12541857881077315,0.5768256068091865,1.2777655390283231,-0.9071147432456703,0.2746102395638455,-0.41996464903056135,0.12541857881077315,-0.3041828515459622,0.9672781456688292,-0.40957446049198204,-0.027453521501095285,-0.06981326217730856,0.5469443110925782,-0.05648973137315825,-0.6279498401920818,-0.8177176958673952,0.20179139169817292,0.7229182807808735,1.4898602356909325,0.6164173246135901,0.015317428625603584,0.12690220596014448,0.664896315723324,0.5337254978059351,0.514734606344233,0.47161139053935697,1
0.46750881644657266,-2.034620098998195,-0.15484123025532542,-0.4281154315628296,1,0,0,0,1,0,0.12278617055365294,-0.41698579652917706,3.1052258158371164,-0.718446574771399,0.9141316962083693,0.23453947307911185,0.586468708453949,0.7169979036816321,-1.0232241898034027,1.6076530977734198,1.4054196433514103,2.467470226567097,0.06919941180093786,-0.36693925547590955,0.5487963351881713,-0.0920149368221157,0.05458917064200364,0.22920065608442775,0.3871222082195544,2.981392002916201,-1.1821403958946575,-0.4343300031389764,1.3063156080549736,-2.11770593080612,-1.6033445377614053,-2.981392002916201,-0.3871222082195551,-0.20252742647848845,0.7912135143113154,0.7276480584821255,0.5632912620610914,0.5640125913280355,0.7941451013999841,0.18764225758709038,0.012804842605544792,0.5738579727592754,-1.0257092285706153,-0.17942508891434333,0.8353745184601769,1.454573550305776,0.3299795798074865,-0.5405845059150832,-1.0302635040182315,0.5704037944582268,2.018069034379841,0
0.8787130141623758,-0.4370186087675581,-0.8790386569529866,0.3052077222492148,1,0,0,1,0,0,-0.05387894750420167,-0.36930508610385926,1.2758008731520245,-0.6293345281352805,0.6409601509168148,0.2023415990317135,-2.0158604933478843,-0.6473996743944045,2.150428355682195,-2.4512017824284706,-1.666937953007993,-0.8314047920553931,1.5587951503198123,-1.2532521171332487,-0.0801265247961873,1.0872297297231426,-1.830803549716243,-1.7066385466518847,-1.043325708731153,-0.09917924017331377,1.5508683386652906,0.8083073768589989,-1.8471465756575776,1.4960220093203083,0.5009006082395329,0.09917924017331377,1.0433257087311523,-1.2330704305130304,-0.25947596364157,-0.5733100853443877,0.03355074177998182,-0.6990401460957827,-1.4742144526617298,0.02452383803125581,0.6218547041523672,-1.1624527388592034,1.333550109443298,0.6552175733882943,-0.22291858513165644,-1.112748180258855,-0.5500223735309933,1.0138512904081252,-0.7010026615289333,-0.8213259083916238,-0.3944048900113141,0
0.030604356373531493,-1.6996391413691911,1.4383931084795292,-1.6014324776621007,1,0,0,1,0,0,-0.6091121756860305,0.17320836300372017,3.335503081349925,-0.7259690202666557,1.8994428500729357,0.6942535636447436,1.7074010611657442,1.4889028027199216,-1.0482638913258444,2.335648159744236,0.8823170040269233,1.3505650951637123,-0.8057678266501341,0.5360459126046639,1.036546625360613,-1.517864955946439,0.654996355968118,-1.2446790752379984,-0.13280945780952072,1.9737285121859853,-1.8385719784629206,-1.0051761683379241,-0.09229604189718946,-2.5058268059438964,-2.3622421774067894,-1.9737285121859853,0.13280945780952,0.744458036688388,1.3165582532877582,0.7913313242638433,-0.19901826712392082,0.06903246449978255,0.29006520049738066,1.0847935651441794,1.2862727349307197,0.38782468222872474,-1.7196090338688252,-0.9381911455531051,0.014285041535478216,-0.03654765684034838,-1.0238695791747903,-0.3819686083310823,0.6160407084282594,2.2404794378780473,0.16231986177126023,0
1.932423770809123,1.572867137006469,-0.15484123025532542,0.3052077222492148,1,0,0,1,0,0,0.3877838476404349,-0.46292209071942225,-0.5152445252809326,0.017017134803318904,-0.853153591883238,-0.3691706653096069,0.08148798973498146,0.20317690820955198,0.4365621288084753,0.6254218303056792,0.795242727584195,0.042130712970682896,-0.7142300996506882,-0.5873179334374803,0.4228072555066029,-0.343122499524425,0.30440978723177664,0.13627155364196053,0.5791922973583978,-0.5169746011139472,-0.7001521922987121,0.14469234411360177,-0.941600076413413,-0.5430570097280556,-0.9008118446137451,0.5169746011139472,-0.5791922973583985,-0.5089050763265954,0.491016520610491,0.2727675886127153,0.046471242274642305,0.17144214591252482,0.41608517572303205,0.5954383064766764,0.34501385799472056,0.015758101167622184,-0.6648813298155464,0.12408133374116129,-0.02220782410562002,-0.5033334260339178,-0.6684841749419423,0.31594134103852145,1.1099319721622063,0.9044189231421907,-0.5799798072721716,0
-0.25209852955608386,-0.5658574386248675,0.27967722576327125,-1.6014324776621007,0,1,0,1,0,0,0.4634974696652297,-0.4850180296970086,2.2480826608727726,-0.6843062452160029,0.5537206723312581,0.15583355874102703,1.3962551366114717,-0.587383715309903,0.8248963713615887,1.4139274684916467,1.967704303726891,1.8224679164447097,-1.2020582953868761,0.44674705290495825,-0.7504665066863814,0.5377634905967746,-0.42062160980646635,0.36704248470507966,1.0967144819825039,1.3979208031972914,-1.4951423646741766,0.05440171126173017,-0.5872605275068814,-2.327205979064426,-2.1997664177702374,-1.3979208031972914,-1.0967144819825045,0.540206270122983,-0.6013669842452865,0.42540525739111734,0.6537347655237203,0.44074167851640167,0.4895968279379942,0.504816962278991,0.012804842605544792,-0.13582458000542025,-1.4073541214846308,0.010266425245347094,-0.1111591841057952,-0.3931201194187694,-1.235408510265771,-0.0647368131630805,0.41025268187244807,1.4054416161681371,-0.3789403135729091,1
-0.6633027272718879,2.0366869244927823,-0.15484123025532542,-0.13478617003801185,1,0,0,1,0,0,0.6527815247272168,-0.5303728518088963,-0.822280879298011,3.9142225509997974,-2.4285413155358784,-3.432887819458579,-0.9212993445413304,0.6200955145324465,0.434968642188911,-1.4947511007999557,-1.462100945736042,-0.09937570147097591,1.5521767580048111,-1.0214638697606993,0.023812825383954336,1.024510286590075,-1.1563843261071693,-0.9650537089869158,-0.37315522795503414,0.23455420748543962,0.26045450237416956,-0.8272453884122883,0.43491732921963244,0.8726614009833135,0.9586157228990018,-0.23455420748543962,0.3731552279550334,-1.038102835155144,-0.18442671521636386,-0.6157655958655328,-0.035358594191545405,-0.4885313565251461,-1.2956861544253913,0.3235742738836193,0.5664865349208381,-0.6870343297255728,0.029018475482663446,-0.9381911455531051,-0.7246954876967501,-0.41256952646850126,-0.0592520533999176,-0.635754044465484,-1.1125787146405561,-1.1553410370755877,-0.2706882785040748,0
-0.25209852955608386,0.15564000857606544,-1.6032360836506476,-0.8681093238500562,1,0,0,1,0,0,0.2363566035908452,-0.4443149842119812,-0.4128990739419065,-0.13921827163662903,-0.5953914013716011,-0.234118471388575,-0.6910670878626357,-0.33347997251474304,-0.07875012724693992,-1.0178855027589655,-1.024938891375311,-0.46342771654314496,1.129868528485408,-0.9333070186379099,-0.5718700174518593,0.5496153518932829,-0.5845851321641957,-0.6460294411247346,-0.8856385367838302,0.2463053852199044,0.028396231909305035,-0.11517510168683777,0.6599644860417233,0.7954330355459213,0.7017487463286802,-0.24630538521990367,0.8856385367838302,-0.8152827261747027,-0.40957446049198204,0.49111021415003275,0.7183372679970265,0.4274663494443799,-0.37153966943728567,0.10608304780917345,0.6218547041523672,0.5738579727592754,-0.22078545442469194,-0.4070549059059717,-0.9436526815433369,-0.5033334260339178,-0.1777138548108673,-1.1433249167342867,-1.3595243465075295,-1.4336869776455579,-0.76555472453303,0
-0.48340089077122306,1.9336158606069351,0.27967722576327125,-0.4281154315628296,1,0,0,1,0,0,-0.48292280564470574,0.00865176482853798,-0.13144908275958464,-0.35042539515729937,0.4566342066479835,0.2774699718089763,0.34296891859505085,0.3584693722230998,0.057396516586916566,0.861730047843927,1.5416912937385645,1.1442348504709208,-1.352117215880038,0.09882897558028315,0.05565424028462288,0.09643631005304835,0.7753470866509005,1.204641358603547,1.164294698531354,0.4058665575902641,-0.3781578821620704,-0.43625726703663464,0.018446230352024466,-0.3953208016404201,-0.8281763654179087,-0.4058665575902641,-1.1642946985313547,0.02029268250195297,-0.03432821836595151,-0.24579614703841146,-0.1602567656399366,0.15437386567706757,0.29006520049738066,-0.38327221085833024,-0.8730858650989243,-0.17027518936292965,-0.47058938433204756,-0.5588081172337243,-0.5422311594912614,-0.4514683405679659,-0.5669454880182719,-0.8895394805998851,0.4514102871836102,0.7374113588002092,-0.3944048900113141,1
0.544609603518286,-1.0812127580541053,0.27967722576327125,-0.13478617003801185,1,0,0,1,0,0,-0.38197130961164594,-0.1745119398540853,-0.6047967952025805,0.14142681030179596,-0.398226511328222,-0.24350951798573287,0.4591713950761394,0.6398142261019328,0.18257365732299655,-0.07981418200109427,-0.3953552967106596,0.9239616225079855,0.7050484488152675,0.18616676502088383,0.7397718659738397,0.47410335982321355,0.10484663411082643,0.09332562291825715,-0.4291756706205317,1.6858246576916383,-0.4524733642516736,-0.13707788904139656,0.22684384845434902,0.21178793833204462,0.6050955550520541,-1.6858246576916398,0.42917567062053097,-0.007559831120602114,0.41596727218528484,-0.6369933511261053,-0.3153027715758717,-0.2552648599739003,-0.844114576533476,-0.7910682597479163,-0.7069813574043363,-0.6663639641110671,-0.5538573609678327,-0.3311783002420958,-0.642586540004281,-0.4385020692014777,-0.33002188519637315,-0.2550758902638815,-1.7711003996191523,-1.4336869776455579,-0.2706882785040748,0
0.9044132765196139,-0.35971531085317227,1.0038746524609323,-0.8681093238500562,1,0,0,1,0,0,-0.07911682151246661,-0.36349036532028395,-0.6559695208720935,0.2513702444632408,-0.8813816535575657,-0.47381375596365155,-0.1898384564613945,-2.342787406832323,1.1256772562378086,0.08864551173608297,1.1357287454595273,0.41375902903670625,-0.7610971315812178,-0.26472288252121606,-1.315847086378702,0.24755736420394114,0.09244800970495429,0.3542457545952942,-0.49529816032406576,1.055548651906717,-5.32990190633919e-4,1.8973625143867725,-1.2900672430046252,-0.02808450351617941,-1.1306509614877358,-1.055548651906717,0.4952981603240644,-0.3696425082138195,-1.3101654415944555,-0.5278220383574467,-0.3282232720705331,-0.27233314020935756,-0.34003467563087314,-0.6279498401920818,-0.4855086804782194,0.07776919801113909,-0.16527347000083534,1.413983630027056,-0.6243401071837319,-1.1386807229918314,-1.0746389226366257,-0.3819686083310823,-0.28942660841731066,0.23638866577426285,-0.45626319576493324,0
-0.25209852955608386,0.43908543426214564,-0.8790386569529866,1.7718540298733036,1,0,0,1,0,0,0.13540510755778543,-0.4228005173127524,-0.11865590134220637,-0.35621189169211226,-0.1978309790122886,-0.0498750810062401,-2.8272873608241302,-1.6041751020589838,0.2239247230553128,-2.694505273133239,-2.2577506603716,-1.0591890209592205,1.9927797478720692,-0.8641145178434785,-0.9045168003660015,0.3878113696723036,-1.5402204076343746,-1.1875886497782568,-1.2694823106029698,-0.18555039652161812,3.0679988543529197,1.2956555970734103,0.08360042819551111,2.1128465981456634,1.7757372628666774,0.18555039652161812,1.2694823106029691,-0.9266927806649233,-1.009968447893631,-0.7825551014843162,-0.4832692780064673,-1.0233374705694662,-0.844114576533476,-0.30171300108041293,0.34501385799472056,-0.728375060954584,3.1099336110067144,1.413983630027056,0.42482977999782756,0.4043055696202447,1.2776739910950803,0.37938770007212164,-1.4418395571298541,-1.6563637301015341,0.7809029193074537,1
0.004904094016293398,0.3102466044048362,0.5693561964423357,-0.4281154315628296,0,1,0,1,0,0,-0.29363875058271866,-0.2617327516077154,-0.5920036137852022,0.13853356203438952,-0.48307252103177484,-0.3083524587756323,0.12837931357456045,0.5985059011953001,-0.8167065802877583,-0.6678440426537071,-1.1845425741640345,-0.39566989810604647,1.2015380402705487,-0.5667815569554333,0.26997285879129884,0.015177124564498067,-1.1220400867884464,-1.2277929276506159,-0.01835909107355938,-0.5214382267650228,-0.7448360141509128,-0.5510152489011024,1.131716801596771,-0.21038152717021824,0.3412625371806914,0.5214382267650228,0.01835909107355796,-0.45320004908148526,0.41596727218528484,0.47291499535525605,0.4082452561251572,-0.08458205761933026,-0.05648973137315825,1.0032343553662626,1.1201682272361313,-0.23228628620644656,-0.6371253376036178,-0.4070549059059717,0.42482977999782756,0.9748215097457181,0.8207498999385615,-0.2550758902638815,0.03983423407198747,-0.2089648391376897,0.22417816752487937,0
-1.5885121721324456,0.9029052217484598,-2.327433510348309,-0.8681093238500562,0,1,0,1,0,0,0.6401625877230843,-0.5257210751820359,-0.3361399854376369,-0.19418998871735144,-0.7015706333957774,-0.25424214266819894,-1.1776685600631822,-1.1137967154824147,-0.19247652245047045,-1.3300623613331188,-0.39084931716321913,0.08575312484659954,-0.07133803136304602,-1.4804039986035962,-1.4563907537132625,-0.5665678358053505,-2.0117305743606724,-0.9881442901840323,0.3506288912831737,-0.23079243079930178,0.15837456806273298,0.06974066047208724,-0.3062241811991228,-0.19796915924242264,-0.4566073181498248,0.2307924307993025,-0.3506288912831744,-1.4558905394934718,-1.4977885626574707,-0.9872513129255508,-1.0905328012555453,-1.6975345398700177,0.14829272836852378,-0.22015379130249568,-0.4024564266309252,-1.565524868342065,-0.05424950115312168,-0.17942508891434333,-0.7155722712864762,-0.7496925819971905,-0.7700228618656133,-0.5405845059150832,0.12214944469431245,0.013711913318286572,-0.9511296417938885,0
0.5703098658755232,-0.514321906681944,0.5693561964423357,0.3052077222492148,1,0,0,1,0,0,-0.016022136491804253,-0.37395686273071954,0.9047986120480549,-0.5604752193710071,0.48429478741148957,0.14554812675366366,-0.24873322158026237,-0.36867738457247234,-1.1592696997519714,0.7629310500868991,0.4614659794163055,-1.4509188074264074,-2.637303281270392,-0.5888577744870488,-0.9718685573498964,-0.48192606011593037,0.2273679722037624,0.025783298425093075,1.1569031123463245,-3.126282624571021,-0.24251015052263022,-0.4675753053735749,1.1004713016813268,-0.8052164392851652,-0.5747560013825347,3.126282624571021,-1.1569031123463254,-0.6481676444393714,-1.009968447893631,-0.50962681956267,-0.6641562849317252,-0.5454256239766699,-0.08799472517957138,0.18764225758709038,-0.319404172783631,-0.790386157798101,-0.3318094232724056,-0.5588081172337243,-0.44187577897824326,0.15794641365697218,-0.1777138548108673,-1.175048096251087,3.908649133321241,1.9621334973080773,-1.6934293108373202,0
0.9815140635913272,-0.7719995663965628,1.4383931084795292,-0.4281154315628296,1,0,0,1,0,0,-0.7605394197356201,1.8344740908711954,0.36748499251816774,-0.45747558105133773,1.8138318464919418,1.7643856830256355,0.7666728157773103,-0.44266828277203185,-0.9126611155571869,1.8369456388135332,1.6299883838660822,1.4957390151490995,-1.127412657908483,0.2578214608612549,0.4892035272005975,-1.071273191328642,0.6329505423983446,0.5282365636692126,-0.47959406901947754,2.515665179469463,-0.8084650473490252,1.097649464698569,0.17111207520247038,-1.8539721251280417,-1.6033445377614053,-2.515665179469463,0.4795940690194761,-0.17467491285593337,-0.10937746679115769,-1.446680587493655,-1.6719553235153006,-1.39883963574952,-0.18250970659880966,-1.6066603575270884,-1.648240234340335,-1.4104971262332722,-1.0873892112637895,-0.010810409661285101,-2.2158345254204934,-1.8158082276862066,-2.2272910538257027,-1.8095116865870906,-1.5790315748337282,-0.7285439282016336,-1.9683551141867397,1
-0.7404035143436003,-0.41125084279609675,-0.4445202009343899,-0.13478617003801185,1,0,0,1,0,0,0.8546845167933363,-0.5565390953349852,0.08603500133584588,-0.4094476598123908,-0.40216830249240476,-0.11158767293042024,0.0960849883549961,0.5294681567334917,0.31504993971290046,-0.13366328981225445,0.4135408066721073,0.12675847474577218,-0.3564004796435948,-0.4492599767900171,0.2070273234670181,0.001569605660930421,-0.7467738159488515,-0.5792365057657318,-0.5745260083472232,0.7426913412446393,-0.5825037906153253,-0.5193162334992512,-0.4291065195059484,-0.5599176513961807,-1.103135010876064,-0.7426913412446393,0.57452600834722245,-0.5089050763265954,0.04072103005925432,-0.4186507255887879,-0.354064273059855,-0.6136987449184976,-0.30852968182446,-0.05703537174666111,0.2342775195316623,-0.4803306735805153,-0.49834537654397587,-0.4070549059059717,0.3062279666642602,0.028283699992091807,-0.194636969298146,-0.09645999267988113,0.4514102871836102,0.9600881112561845,-0.023255055489598248,0
0.6217103905899984,0.20717554051898904,0.27967722576327125,0.5985369837740325,1,0,0,1,0,0,-0.44506599463230834,-0.08729112810045517,0.15000090842273722,-0.427964448723792,0.604492399893782,0.26360699826079087,-0.2463035872829684,-0.6315257554699233,0.9253120711068358,0.31024848507630226,1.150962864545617,0.7183609175092123,-0.7185129417863955,0.9839318443852055,1.4255579743265387,0.3307733311581692,0.6836773173113164,0.4407144735010375,0.7610291440431215,0.22497917377587734,1.3256242394054811,2.294881602771949,-0.93253730118541,0.25879703695177186,-1.0660361881644054,-0.22497917377587734,-0.7610291440431222,0.4102278732177254,0.641115017460903,-1.3466068841223853,-1.0000892977929163,-0.71610842633123994,-1.2851844898232538,-0.13859458152457876,-0.4855086804782194,-1.4104971262332722,0.8894542340524437,1.6416134470186852,-0.8068044353892204,-1.112748180258855,-0.9561771212256767,-0.9212626601166852,0.4514102871836102,0.6260729825722207,-0.8892713360402683,1
-0.8432045637725518,1.907848094635473,-0.15484123025532542,0.5985369837740325,1,0,0,1,0,0,0.3246891626197725,-0.45768884201420446,-0.054689994255315046,-0.3666275854547754,-0.2605591568372969,-0.0686571742005558,0.2679158875671917,-0.13693881916413847,0.7919767892228153,-1.9871816687655688,-1.6522249816711863,-1.4821190948165206,-0.011424576692458754,0.22760282423649283,-0.2060242967172353,0.8265588449737062,-2.50196414722332,-2.3682358870231424,-2.7148097313727666,0.6710815639820534,-0.14512550324317608,-0.018437790870870545,-0.25204687607963416,0.20364941221441615,-0.1641480084791541,-0.6710815639820534,2.7148097313727657,-0.48105256270404034,-0.9349191994684248,-2.465612840001134,-1.8011603284619129,-2.4229364498769406,-2.450869260660523,-1.85133798686084,-1.0945585420250417,-2.340663578886029,-0.47058938433204756,-0.482931511569848,-1.4180599348776075,-1.3072422507561756,-1.159254495073018,-1.0798785577006862,-0.7010026615289333,-0.48731077970765985,-1.136704559054746,0
1.3670179989498932,0.7998341578626126,1.0038746524609323,2.505177183685348,1,0,0,1,0,0,0.33730809962390496,-0.458270314092562,-0.7071422465416066,0.6217060226912655,-1.359249400633868,-0.8329094901311636,-1.0637112282761714,-1.0048817369295873,0.6775934300883558,-1.1070383700769437,-1.0013062238421773,-0.20384453574497335,1.0743096972303787,0.02342010353858131,-0.9223852132500396,0.8677411846200576,-0.3473051134335645,-0.2958418012899941,-0.3593320018427697,0.07836147009820059,1.5025174480254204,0.4552064620570179,-0.054296712542726104,1.151155612467041,1.0129151929079734,-0.07836147009820059,0.359332001842769,0.10385022336961848,-0.7848207026180125,0.35464607318920965,0.7700192699756713,0.5810808715634928,-0.5920746260821743,0.18764225758709038,0.40038202722625016,0.44983577907224165,1.2225261405955843,0.27583454506891375,-0.378013264106322,-0.3477381696360611,0.10997909147286698,-0.09645999267988113,-1.1125787146405561,-1.211010225189582,0.10046155601764112,1
1.8553229837374106,1.3924927752062353,-0.8790386569529866,-0.13478617003801185,1,0,0,1,0,0,-0.3062576875868511,-0.2355665080816264,0.46983044385719386,-0.48293616580451443,0.5855739309965045,0.19205616704435016,-0.16397222916882362,-0.11189767493875012,1.3086058218538195,-0.007435810614841661,0.6738957379492877,0.2319963815466479,-0.707193286143645,-0.8322333120672094,-0.56798773387419,0.7977448667994662,-0.05195591288728792,-0.012254609452452752,0.5061221547512287,-0.18555039652161812,-0.6035503433256753,-0.4154145725572225,-0.9872513401169096,-0.041473293420814246,-0.8880617049921933,0.18555039652161812,-0.5061221547512293,-0.7595776989295921,-0.4846237089171882,0.1817914946388332,0.5762117625557528,0.529876030857121,-0.5920746260821743,0.18764225758709038,-0.04256332662598434,-0.4183195767369984,-0.5816133531797613,-0.4070549059059717,-0.058700689746716966,-0.5551985114998699,-0.5330992590437151,-0.0012904541294803558,1.0276167615398821,1.0157572993701793,-0.1469716669968365,1
1.0072143259485644,0.38754990231922204,-0.15484123025532542,-1.6014324776621007,1,0,0,1,0,0,0.4256406586528323,-0.46931828358135513,0.5210031695267069,-0.4962451078345841,0.03936171902551747,0.022570135600406147,-0.20224110926155672,0.25499898653257114,-0.6900833370671053,0.08491450609455024,-0.518504802082134,0.23520118835204162,0.5711994264781021,-0.7633959241178119,-0.5300796942834902,-0.4716976238723538,-0.7565171405475208,-0.49820308255302076,-0.9878020566370264,1.300476421676128,-0.48155502703606146,-0.8810163128435613,0.4693564180530863,-0.8648634660895745,0.187683294228594,-1.300476421676128,0.9878020566370257,-0.7595776989295921,-0.5596729573423944,-0.24579614703841146,-0.44450777652248397,-0.6990401460957827,0.29006520049738066,-0.38327221085833024,0.06817301183707392,-0.046252995675895824,-0.3595654154843339,-0.7105613285614767,0.5251851605108457,0.7025298110494701,0.27921023634565156,0.8235122133073248,-0.7833178721512579,-0.26463402725168356,0.9664778365683122,0
0.8787130141623758,1.907848094635473,1.0038746524609323,-1.161438585374874,1,0,0,0,1,0,-0.5081606796529707,0.040632729138202366,0.047655457083711085,-0.39498141847535856,0.6499942884656948,0.3364994075625399,0.6534049845330168,-1.1095209770120684,0.36396888570871383,0.20821828274482346,0.48566800060080223,-1.1969723209346934,-1.2702400620300014,0.1336838690928642,-1.090742887917098,-0.03982721815708867,-0.17780325664173968,0.05542849298920581,-0.8569681418843172,-0.7825969144484197,-0.7750001897854545,0.4301700803364284,-0.5375801731192567,-0.4575961325325873,-0.5772770517167977,0.7825969144484197,0.8569681418843165,0.02029268250195297,-1.0850176963188372,-0.3640650692044592,-0.3282232720705331,-0.3747428216220998,-0.05648973137315825,-0.5463906304141645,-0.2086678343205727,-0.10826409251941274,-0.6093693453916895,0.7058019771642122,0.8049637970925972,0.3740509364317725,0.1607484349347019,0.834086606479591,2.125152903170876,1.776569536928097,0.3685142142833251,1
0.004904094016293398,1.8563125626925503,-0.15484123025532542,-1.6014324776621007,1,0,0,1,0,0,1.9777699101611264,-0.6809741201034976,-0.7583149722111197,1.5880509440050175,-2.201868772795713,-1.7509960931771187,0.9205085993973965,-0.8026058638780167,-0.8682625284799881,0.6174080638478083,-0.177712873146598,0.7524720439593175,0.4349852052602271,-0.007543186321700807,-0.10648019276477505,-1.0333323540587813,0.31306128835531843,-0.28498723738192117,0.44932672572474713,0.5806453452778549,-1.2875266780198868,0.9949322167117539,0.14854460176228054,-0.52365224782999,-0.047199130288498425,-0.5806453452778549,-0.44932672572474786,0.15955525061472892,0.11577027848446049,0.7003552302899613,0.007709740790658993,0.13730558544161034,0.9831750642384596,1.166352774922097,1.009431888773073,0.6358690696027934,-1.3032691506898992,0.4275877563966659,-1.0987473605180025,-0.8663890242955825,-0.9900233502002335,-0.6040308649486834,-0.6186874509066087,-0.4316415915936655,-1.0129879475475077,0
2.138025869667024,-0.6689285025107157,-0.8790386569529866,-0.4281154315628296,1,0,0,1,0,0,3.0503795555123867,-0.7240030539019552,0.7896599792916505,-0.544273029073531,-0.5841902781273206,-0.13618327116107173,-0.6030395253275882,2.1197460836612425,-0.42745831373846715,-0.7198965977241547,-0.8222649705767366,-1.134490726064417,0.6885375603383127,-0.32333486419863755,2.4075808360909985,-1.3561236818517952,-0.7394775475281908,-1.1045737209155357,-0.2118842566452726,-1.3371658144990057,0.5154687530089141,-0.4975563943684891,-0.7784236813729855,0.23928058184271156,-0.009416517673762016,1.3371658144990057,0.2118842566452719,-0.3139374809687093,2.2171492343902317,-0.018355912103706302,-0.7158382869103699,-0.9379960693921812,0.6366201323679207,1.3294711944779316,1.6184817503198954,0.015758101167622184,0.8061862574166584,-0.17942508891434333,1.0817013615375868,0.45617065508619664,0.5330569536548284,1.3628062650929278,1.6861384465184783,1.0157572993701793,0.5334696962929761,1
-0.2263982671988458,1.3667250092347738,-0.15484123025532542,-1.161438585374874,0,1,0,1,0,0,0.11016723354952047,-0.4140784361373894,0.5465895323614635,-0.49913835610199053,0.24081507477323594,0.06728940511068161,0.07879215305757215,0.43664826550641483,-0.391728673653865,-0.6176200570883777,-1.337408080494328,-1.5592877976243407,0.5247575081605951,-0.863996134835002,0.09704570795364566,-0.21823379505218993,-1.7015603966816195,-1.913321352655799,-1.2173253467419909,-0.9193541232206256,-0.9728571646114309,-0.5020951878855369,0.3162023022325951,-0.8528733106075852,-0.12928989759047893,0.9193541232206256,1.2173253467419902,-0.6667359868544083,0.44098368832702045,1.0521294603223073,0.7614056029792309,-0.03337721691295973,0.2795635358952437,0.5954383064766764,1.4892893554463265,0.6565394352172991,-0.7759052986632599,-0.17942508891434333,1.099947794358136,1.1174504947770867,0.65151875506577694,1.0455744699249259,1.1099319721622063,0.6817421706862145,0.5334696962929761,1
0.72451144001895,-0.8493028643109486,0.27967722576327125,1.0385308760612593,1,0,0,1,0,0,-0.09173575851659908,-0.3629088932419264,-0.6431763394547153,0.18482553431289261,-0.8304101077663542,-0.42193940333173197,-0.05589034843130707,-0.03880070591608083,-0.354081441197644,-0.23941916120626783,-0.1863530921591448,-1.7198646000995084,-0.22715821425493948,0.7299577721306364,-1.696366369836627,0.7919326640098525,-0.31007257561792917,0.08624687022288631,-1.2010128806784757,-1.154540235155578,0.8070820950985222,-1.6461274034096662,1.2798571455506114,0.015977182561687144,0.32647142881084373,1.154540235155578,1.201012880678475,0.1317027369921738,-1.760460932145692,-1.592242337851867,-1.0259302987822392,-1.0745423112758372,-1.442709458855317,-1.1988643086375024,-0.8730858650989243,-1.3484860293897554,0.7229182807808735,-1.5452039908641146,-0.04957747333644305,0.6117659114840535,0.5838262971166633,-0.8895394805998851,0.36909507656128593,-0.15329565102369538,-0.3944048900113141,0
0.544609603518286,1.572867137006469,-1.168717627632051,1.0385308760612593,1,0,0,0,1,0,-0.5460174906653681,0.06389161227250373,-0.3745195296897717,-0.1710440025780999,0.3192156811743669,0.18132354236188405,-1.8826236883300793,1.9321664861933168,-1.0770907806226382,-1.9163029710393178,-2.2914934912064857,-0.49101124338661484,2.2094274701624528,-0.6351919005701405,2.3314509071053102,-0.9139497033685589,-0.6900821234648756,-1.6932976001666167,-0.3182898459630537,-0.3540047794704373,1.9831578039530469,-0.3163628016613718,0.5539878689538732,1.9045280634439852,1.325878233745999,0.3540047794704373,0.318289845963053,-0.5646101035717058,2.2921984828154374,0.21818193222838655,-0.3023822710812103,-0.5454256239766699,-0.18250970659880966,1.166352774922097,1.5077454118568363,-0.35630847989348147,1.7776459848341521,-0.3311783002420958,-0.11343998820836432,0.1838789563899486,0.9561348158367899,-0.7626467625326843,-1.0302635040182315,-1.266679413303576,-0.332546584257695,0
0.3904080293748593,0.0783367106616796,-0.4445202009343899,-0.13478617003801185,1,0,0,1,0,0,0.3499270366280375,-0.46117767448434965,-0.438485436776663,-0.12128013237870908,-0.700376092535984,-0.2609500330947403,-0.24201071010812333,-0.6709905134535293,0.34313440217112195,-0.668023719217503,-0.19893634597135754,-0.3757640560608478,-0.12315416084199657,-1.1066446560587664,-1.101848812876512,0.11405798535588661,-1.7164821668259456,-1.1771406831562783,-1.1598770966922176,0.6378546273322141,-0.7692245175384461,-0.18285241510718966,-0.3544589472659499,-0.7995773866900175,-0.8906217723965167,-0.6378546273322141,1.159877096692217,-1.1216603760228097,-1.1600669447440433,-0.7097742263052108,-0.5478717804797735,-1.1428154322176651,-0.4660546508565234,-0.5463906304141645,-0.04256332662598434,-1.1004416420156866,-0.8036612908751883,-0.3311783002420958,-0.5148615102604385,-0.6070635969658218,-0.8546384343020056,-0.3502454288142823,-0.04248097655033679,0.29205785388825667,-0.76555472453303,0
-0.020796168340944693,0.4133176682906843,-0.4445202009343899,0.3052077222492148,0,1,0,1,0,0,-0.24316300256618875,-0.3041802133278154,0.03486227566633282,-0.39208817020795217,0.2509231759922172,0.06907817589109264,0.0963320917703278,2.1640007826991132,-2.485797925018037,0.017608288560571908,-0.28073542911267757,-1.3563458170430032,-0.6667402475728651,-0.896258830010295,1.643757437334237,-1.558099365755529,-1.2376775645775469,-1.1450106404266807,-1.4375436385994584,-0.4241556457943308,-1.0294833812403787,-1.323478870746651,1.8324294381687927,-1.251047548448886,-0.752910225003712,0.4241556457943308,1.4375436385994576,-1.0938078624002545,0.5660657690356972,-1.8014873539917955,-2.137093341323105,-2.354663328935113,-0.43454965705011084,-1.1988643086375024,-0.762349526635866,-2.0306080946684437,-1.0812212129944723,-1.3934507795363622,-0.9527758979536108,0.015317428625603584,-0.48232991558187904,-1.8412348661038906,0.36909507656128593,0.18071947766026855,-1.569712699330082,0
0.44180855408933456,0.2587110724619126,1.0038746524609323,-0.4281154315628296,1,0,0,0,1,0,0.009215737516460692,-0.38267894390608254,-0.24658771551598904,-0.30124017461138985,-0.23082988443454253,-0.06150209107891172,2.5266065430813165,0.6320746083793294,0.29126274781670963,1.2681392268165397,1.179054895026905,-0.9491991533383505,-1.6211194237653128,2.601387574606951,0.011494393413769845,1.2002118068243102,1.3380351611713834,1.470925345506039,-0.9266372014901345,-0.3755669404878874,-0.9140320892448496,-0.8560274053850196,0.8079311842477814,-0.38640152044167303,-0.0967568013875563,0.3755669404878874,0.9266372014901345,2.7498390175123615,0.19081952690966666,0.5638910893291381,1.1447137843208466,1.7246556473391115,-0.43454965705011084,-1.2804235184154193,-1.0945585420250417,1.13195784435093,-0.9424412519348303,-0.9381911455531051,-0.615216890773458,-0.1402778277722523,-0.2792525417345383,-0.9212626601166852,0.4514102871836102,0.29205785388825667,-0.7036964187794109,1
-1.9997163698482496,0.5421564981479937,1.7280720791585935,0.5985369837740325,1,0,0,1,0,0,0.21111872958258027,-0.440826151741836,-0.8350740607153893,4.365569280715203,-2.463838855187888,-3.7128304465929034,0.6299228940789603,-0.4996457276805391,0.6381175272359976,-0.40816014156026714,-0.14173225077191498,-0.05002272713136932,0.1262737095071419,0.41086135284564657,-1.03169226590831,0.5935535022377727,-0.10075289559821442,0.07043826859490232,-0.46991781074089073,0.3978337296906128,-0.4653952955085182,-0.3477472222413949,-0.2758640091278896,0.45149317235409203,0.2530281270635992,-0.3978337296906128,0.46991781074089,0.18740776423728422,-1.0850176963188372,-0.6278957417287164,-0.25070026910256554,-0.27233314020935756,-0.8126095827270634,-0.38327221085833024,-0.2086678343205727,-0.6043528672675491,-0.7481493064513315,-0.7864379342253526,-1.60964747949337,-1.4758037785205207,-1.2438700675094103,-1.016432198667086,-0.7833178721512579,-0.7099875321636356,-1.3222794763156045,0
0.544609603518286,-1.880013503169424,0.27967722576327125,0.7452016145364414,1,0,0,1,0,0,-0.8236341047562825,8.945877609183839,1.53166450149959,-0.6519018646210507,3.432219334258704,7.383809089686849,-0.2034902426255285,-2.5921941643574375,1.5578545842719564,0.7782816611286013,2.0390010343307647,-0.02039582676211257,-1.5902619347700249,-0.15332019471076577,-1.7461433943271072,2.0657435679233798,0.8306478651672786,2.3863063674121596,0.6912331826893887,-0.7133741297612541,0.12976240383428742,1.80861972095522,-0.05376633892450114,-0.22775210948529126,-0.3210374957424129,0.7133741297612541,-0.6912331826893894,-0.7595776989295921,-1.9105594289961043,-2.6384674185515102,-1.5427503185686884,-1.2110885531594928,-2.072809334983571,-2.3406932455283433,-2.7002354497393926,-2.0926191915119605,1.7498899926222238,5.131937307556989,6.218072200522091,5.214792246587306,4.7299893464998854,4.217892421604944,3.0854970270979956,2.7971713190179877,6.348150437133195,1
1.3927182613071303,-0.7977673323680251,0.5693561964423357,-0.8681093238500562,1,0,0,1,0,0,-0.4703038686405733,-0.06693960535794147,0.022069094248954552,-0.389773571594027,0.5593016905638911,0.2497440247126055,0.27414583116986435,-0.16341351510545318,-1.2576869561617439,0.5092551969316443,-0.3206823623670488,-0.9247569605337127,-0.4080402155719278,-0.18611107797807952,-0.7017853480999062,-1.2939244590925023,-0.3530855313438285,-0.6119097818838919,-0.7652983266135058,-0.5022446364654003,-0.5671664479269186,-0.47874297795883985,0.4190309060467074,-1.038084485447112,-0.1805080266292223,0.5022446364654003,0.7652983266135052,-0.09111737198826762,-0.5596729573423944,0.4001341201761507,-0.3669847735545164,-0.47715250303484213,1.140700033270523,-0.05703537174666111,0.34501385799472056,0.38782468222872474,-0.6093693453916895,-0.5588081172337243,-0.40538291333714505,-0.1402778277722523,-0.5330992590437151,-0.0647368131630805,0.7806711296729086,0.5704037944582268,-0.20882997275045564,1
-0.6890029896291251,-0.3339475448817109,-0.8790386569529866,0.5985369837740325,1,0,0,0,1,0,1.3594419969586353,-0.6449228512453304,-0.1826218084290977,-0.3388524020876736,-0.7938357587652615,-0.234118471388575,0.3962742987310435,0.5158615662978153,1.263588800048352,-0.08217503608197765,-0.5544414405226843,-0.5028910613471714,-0.246093922230471,-0.008564215051756034,0.6999615683095471,1.8750828872854086,-0.7920106801569583,-0.8932629929013431,-0.5252107151899527,-0.16498583548630744,-0.5595863215421617,-0.006830055725851475,0.15690924927607652,-0.6743310606293369,-0.15129642604993798,0.16498583548630744,0.525210715189952,1.7471485271003746,3.568035706043941,7.086877027256483,7.8892150425340075,6.793934877269843,1.3297299961089997,3.042214599814193,3.8885766888125977,6.961000947641541,-0.5816133531797613,-0.1035484832504671,-0.2867811000035777,-0.16621037050522874,-0.4146374576327655,-0.0012904541294803558,0.4514102871836102,0.4033962301162448,-0.332546584257695,0
-0.2263982671988458,1.1605828814630785,-0.15484123025532542,-0.4281154315628296,1,0,0,1,0,0,0.31207022561564,-0.4565258978574894,-0.6687627022894718,0.43075163704244024,-1.1980481613648917,-0.6839943226619463,0.5456637963363076,-0.6139229685262405,0.08432429716785797,0.3674762225959794,0.5350227481825672,0.5351085551614742,0.04666498000684238,-0.22699321815551002,-0.8202520018201384,-0.4056050013586888,-0.20712463586628369,-0.00716816573589159,-0.09305301462755473,0.8221130942085961,-0.9855677407366975,0.020918092116938458,-0.5228680490774081,-0.7018179125246418,-0.7025540945635049,-0.8221130942085961,0.09305301462755473,-0.09111737198826762,-0.6347222057676005,0.5820863081239148,0.26611975068388355,0.17144214591252482,0.9516700704320475,0.2692014673650073,0.34501385799472056,0.8219023601333442,-0.9146852597229018,0.04820472807728505,0.0963939892279486,-0.1921429132382052,-0.44848368660732285,0.3476645205553221,-0.5363722402842841,-0.2089648391376897,-0.20882997275045564,0
-2.0254166322054865,1.0832795835486928,-0.4445202009343899,0.3052077222492148,0,1,0,1,0,0,3.0756174295206518,-0.7245845259803126,-0.7327286093763631,0.7663684360615877,-2.271815312063907,-1.1495219182639136,-1.4090147534860575,-0.05570304069545261,1.0702477783170392,-2.1193767336404545,-1.4551914245454312,-1.0629301729191136,0.5733828080407083,-1.0456221048789083,-0.686871163592291,1.514263934213745,-1.411559037789697,-0.8407558672206326,-1.4375436385994584,-0.023971702672748577,0.9144960269389263,-0.6116382817234981,0.058624652355508476,1.4634634574158745,1.0709856568236586,0.023971702672748577,1.4375436385994576,-0.7595776989295921,-0.18442671521636386,1.9012396707452048,2.5918098397229046,1.673450806632741,0.06953024385249205,-0.22015379130249568,0.5664865349208381,2.620224168595341,0.8616982418405155,-0.5588081172337243,0.05990112358685037,0.08014878545804377,0.6684418695530556,-0.0647368131630805,-1.0302635040182315,-1.1553410370755877,0.40975308478573785,0
1.572620097807795,0.5163887321765315,0.27967722576327125,1.478524768348486,1,0,0,1,0,0,-0.4955417426488382,0.014466485612113323,1.0711099704739724,-0.5830425558567773,1.121886609173166,0.46171336219131115,-0.9275362358658116,0.9724679684701546,-2.181126823496512,-0.43781552123395734,-0.9977240351125778,0.1832891132765347,0.9679662288837235,-0.5954368541313808,0.2103687196085132,-1.0828929771059055,-0.2808138290160433,-0.5507195517979441,0.6912331826893887,-0.43557216489828954,0.6948082258772375,-1.1240000404534742,1.8934704277100067,0.31301033777543547,0.7594196566761701,0.43557216489828954,-0.6912331826893894,-0.5646101035717058,0.19081952690966666,-1.6069330893092284e-4,-0.5607922809744348,-0.6307670251539549,0.6366201323679207,1.0847935651441794,0.7879592118469556,-0.35630847989348147,0.9727222106882286,-0.8623145398892288,1.0087156302553917,1.9602581335988092,2.005367914048054,-0.6992004034990842,0.5337254978059351,0.3477270420022505,1.3376276710900281,1
-0.14929748012713334,-0.4885541407104817,-1.168717627632051,0.3052077222492148,1,0,0,1,0,0,1.8137237291074042,-0.6751593993199223,-0.5024513438635544,0.011230638268506017,-1.3376646092725817,-0.5279240720710848,-0.832106454459376,-1.179704788075394,0.47457181548097177,0.1600741967724455,0.26507569167337036,-1.8604778888471132,-1.054129746450744,-1.017136394600394,-1.9575969691023472,1.1061652562568276,1.0348626820934306,1.5404422823996236,-1.4375436385994584,-1.1117316642817359,0.14075357971062263,-0.34189582539223007,0.46283383435505815,0.8099022081754587,1.1593306844881008,1.1117316642817359,1.4375436385994576,-0.7595776989295921,-1.685411683720486,1.6283113888235585,2.0749898199364556,2.526864818405591,0.6996301199807459,-1.85133798686084,-1.648240234340335,3.2403351370305127,0.11228645211844858,-0.3311783002420958,-0.031331040515893936,0.20981149912292413,0.5330569536548284,0.062155904904119784,-0.4540570296619595,-0.9326642846196119,-0.08511336124321738,0
-0.7404035143436003,-0.35971531085317227,-2.0377545396692445,-0.8681093238500562,1,0,0,1,0,0,0.1858808555743153,-0.4326855426448305,-0.6559695208720935,0.2513702444632408,-1.0789336516141317,-0.5270296866808794,-0.5469122902682143,-0.27629365627328595,1.116840269837701,-1.4498290757505274,-0.7391141627743749,-0.985926625010195,0.32556960818333647,-0.9224903249653312,1.1500319657744646,0.5571746035654517,-1.9307995660914206,-1.9400179500200385,-2.437812265470122,1.0731061981267456,-0.16124661039416702,1.531298491481617,-0.9668513203692978,0.04407774766236744,-0.9331653239034399,-1.0731061981267456,2.437812265470122,-0.9266927806649233,0.8662627627365218,-0.4186507255887879,-0.08273376267196997,-0.8355863879794388,-1.1276595207911904,-0.6279498401920818,0.7325910426154264,-0.10826409251941274,-0.16527347000083534,1.413983630027056,-0.02220782410562002,-0.5162996974004062,-0.4654068010946016,-0.09645999267988113,-0.12479618717266176,0.45906541823023866,0.16231986177126023,0
0.2105061928741954,0.38754990231922204,1.7280720791585935,0.3052077222492148,1,0,0,0,1,0,-0.6722068607066928,0.5814017620107091,-0.08027635709007157,-0.3631556875338877,1.0063468135458091,0.7277930157774501,1.0819941269854032,-0.6771989657035281,-1.3922976742420874,0.4126971333604983,-0.26247367352128353,-0.10521804836724846,0.5409988803879907,0.9238167647192548,-1.2573865842451057,-0.7192326970793189,0.4536075967678134,0.06480669185556305,0.5745878774132874,-0.7133741297612541,-0.58147234592405,-0.3301454444814893,1.1805580649092902,-0.10773767402524796,0.4044997514769652,0.7133741297612541,-0.5745878774132882,0.7166055230658329,-1.2351161931692491,-0.38226028799923456,-0.6770767854263857,-0.47715250303484213,0.1010352376589052,0.4323198869208419,0.17890935030013266,-0.4183195767369984,-0.7481493064513315,-0.6346847228976005,-1.1261170097488256,-0.4385020692014777,-0.44848368660732285,-1.3019408143182878,-0.37174181903963527,-0.7099875321636356,-0.8892713360402683,1
1.0843151130202777,1.4440283071491598,-1.6032360836506476,0.3052077222492148,1,0,0,0,1,0,0.26159447759911014,-0.44896676083884146,-0.2849672597681238,-0.2896671815417641,-0.4452663150128688,-0.12142591222268084,-0.7599996540430674,-0.31414116216248417,-0.8930767688274449,-0.8487229989206432,-0.5738034459420238,-0.2495747839704098,0.7658230007359753,-0.9084686850193961,-0.30189581682588934,-0.24452603211083931,-1.4494203263117003,-1.17941293708723,-0.02463866871748055,-0.31595390708670573,0.14906681347837053,0.1287360017963629,0.9751407809652204,-0.2906503680401568,-0.40549459666196275,0.31595390708670573,0.024638668717479842,-0.7038726716844818,0.04072103005925432,1.127942871967207,0.8087807714596554,0.12023730520615308,0.9516700704320475,2.145063292257104,2.393636119561306,1.0079356506638961,0.25106641317809053,0.27583454506891375,0.4613226456389258,0.9229564242797662,0.7361343275021692,-0.794369942049485,0.9453015509175579,0.848749735028197,0.2860364732784985,1
0.6217103905899984,-0.41125084279609675,0.27967722576327125,-0.13478617003801185,1,0,0,1,0,0,-0.44506599463230834,-0.08729112810045517,0.08603500133584588,-0.4094476598123908,0.5614524229798498,0.24929683201750275,1.1084235793359942,1.8664488361277758,0.5365009212925931,0.7717046266279814,0.5399471393061742,0.7713076324816658,-0.23568910844986876,1.0460779879245399,2.1236536419230614,0.20215043882420977,0.9303001742052761,0.23234234789193522,0.633698674005907,0.42347698798565403,-0.49606116911508197,-0.4343300031389764,-0.530273036589898,-0.12005343638591555,-0.47512064458230363,-0.42347698798565403,-0.6336986740059076,0.939425632046274,1.9169522406894068,-0.082039177885424,0.03355074177998182,0.4103980692089227,-0.7180946013078251,0.5138790966987595,0.2342775195316623,0.015758101167622184,-0.47058938433204756,-0.4070549059059717,0.0051618251252043045,-0.2699405414371327,-0.29617565622181696,0.09387908442092041,0.2044646553166367,0.45906541823023866,-0.1469716669968365,0
1.3670179989498932,2.3459001161503257,1.0038746524609323,-0.13478617003801185,1,0,0,1,0,0,0.33730809962390496,-0.458270314092562,2.017805395359964,-0.6756265004137836,0.5702884906485142,0.16969653228921242,0.39557023063049007,-1.4504375943447465,1.7904819513403447,-0.39254499315144786,0.16384782893958597,0.18002927517845183,-0.3384918527581293,0.13353244796405556,-0.8545655689008566,0.9685596826265622,0.08296550913138424,0.21192628971551328,-0.007768161614413057,0.2532428274968747,-0.4166259862979345,1.1346860901280151,-1.474339735482694,0.612570139515928,-0.006105428425109172,-0.2532428274968747,0.007768161614412348,0.1317027369921738,-0.7848207026180125,0.05442496307539909,0.5503707615664309,0.5640125913280355,-0.7180946013078251,-0.13859458152457876,-0.1532996650890431,0.139780294854656,-0.24854144663662048,1.413983630027056,0.7623887871779818,-0.1921429132382052,0.05920974801103089,1.5531453421937294,0.5337254978059351,0.7374113588002092,0.9664778365683122,0
-0.38059984134227254,1.8563125626925503,1.4383931084795292,-0.8681093238500562,1,0,0,1,0,0,-0.6595879237025604,0.5029030314324421,-0.3233468040202586,-0.2318022161936352,0.7118913981583822,0.565909260150253,1.7138285468238594,0.46022796213444406,-0.3061693835834194,1.5751688110789208,1.766802167244032,1.969897015901255,-1.3366636013347049,1.8148907851546954,0.23122041523843073,0.15641832549759888,2.0772201826034444,2.491030641464009,2.7591878090842687,-0.04982429368856782,-0.5697028252503896,-0.40004578520954803,0.5757291362928826,-0.06821546692559759,0.13507723335809507,0.04982429368856782,-2.7591878090842696,1.6635909862327087,0.19081952690966666,-0.054746349693259644,0.03355074177998182,0.8712416355662611,0.6366201323679207,-1.1173050988595852,-1.9250810804979817,0.07776919801113909,-0.4150773999081907,-0.17942508891434333,0.7076494887163344,0.9229564242797662,0.8376730144258402,0.12560226393772106,0.03983423407198747,0.013711913318286572,0.40975308478573785,1
0.3904080293748593,0.8771374557769975,-1.6032360836506476,1.0385308760612593,1,0,0,1,0,0,0.526592154685892,-0.5012992478910195,-0.5280377066983108,0.043056369209976894,-0.9487094836240401,-0.4188090544660127,-0.6230292696794004,0.19787563515612935,0.3253203959959056,-0.6355738782527115,0.04751950380704198,-0.3276184379855806,-0.39354287652385245,-0.37949150842466994,-0.8658906536236726,0.4919344320577837,-0.7498271034087247,0.42305826466477026,-1.0504933074560319,0.595033997706013,0.4871539218973436,-1.1390207675839967,0.049622782618121426,0.11510358543652952,0.3512563715726071,-0.595033997706013,1.0504933074560312,-0.20252742647848845,-0.6347222057676005,0.7913313242638433,0.9509062769009282,0.5640125913280355,1.140700033270523,-0.6279498401920818,-0.2086678343205727,1.3179911348814817,0.5286263352973745,-1.0140677512169813,0.2788583174334372,0.2616765845888761,0.2961333508329291,0.41111087958892223,-0.20711139779498602,0.06938110143228039,0.5953280020465953,0
1.0072143259485644,-0.8235350983394863,1.4383931084795292,-0.13478617003801185,1,0,0,1,0,0,-0.19268725454965888,-0.3361611776374798,-0.579210432367824,0.07198885188404132,-0.564768337714831,-0.3141659638119681,-0.45996748413039584,-1.300555538032423,-0.12508095384492496,-0.5496981496726325,-0.6683816702804448,0.5769323995686204,0.7361898390489032,0.14048501776694547,-0.16679534548800581,-0.8558806286671669,0.9179427869094032,0.5360127193570331,1.2465662665038717,-0.44946226314143684,0.7799669580016183,1.6179613756921185,-0.689087636854563,1.652823090887848,1.3922410000433796,0.44946226314143684,-1.2465662665038724,0.29881781872750485,0.04072103005925432,0.6548671833030202,0.07231224326396513,0.4445346296798359,1.1722050270769362,0.5138790966987595,-0.04256332662598434,0.5118468759157585,0.5563823275093027,1.2622304186993043,-0.4601222117987924,-0.723760039264214,-0.093098282374475,0.4428340591057229,-0.9479482933959068,-1.211010225189582,0.10046155601764112,1
1.110015375377516,2.732416605722254,-0.4445202009343899,-0.13478617003801185,1,0,0,1,0,0,-0.785777293743885,3.174767231485312,1.5444576829169683,-0.6530591639280133,2.5231642426570344,2.946315976182216,-0.015139394748506486,-0.8750012010206293,-0.050944464736160655,0.29902762710782455,0.6150682663372218,0.8083825261828383,-0.42870655159597665,-0.0029044385110792996,-0.48937790059392405,-0.5519122690887549,0.8709592498533519,1.176554936709904,1.37244176550182,-0.25863368266248993,0.018149616193213314,0.7107185707472955,-0.4849758142738717,0.4596612505932795,0.3490580280599868,0.2586336826624906,-1.3724417655018208,-0.03541234474315745,-0.4846237089171882,-0.10023439668020068,-0.3669847735545164,-0.01630893667750248,0.9201650766256344,-0.5463906304141645,-1.0945585420250417,-0.23228628620644656,0.1400424443303771,0.8828473903799233,0.534308376921121,0.1838789563899486,0.36382580878204385,0.8552353928241243,-0.12479618717266176,-0.26463402725168356,0.40975308478573785,1
0.3904080293748593,-0.12780541711001567,0.27967722576327125,0.3052077222492148,0,1,0,1,0,0,-0.36935237260751347,-0.1745119398540853,-0.4512786181940413,-0.09292629935812594,-0.10686997712177208,-0.06239647646911723,-0.9039212182730324,0.4296130914613441,-0.27993089497704293,-1.3009741253124174,-1.2871694128013227,-0.5266983920010395,0.8321959477812019,-0.35785328156210694,0.4181891787402053,-0.9397048691585057,-1.4336767884881467,-1.2735294421671188,-0.6772662024248698,-0.04664941409013511,0.8993616754105842,-0.17072471156538574,-0.5616378575380823,0.335922749515008,0.4300296491224762,0.04664941409013511,0.6772662024248691,-0.20252742647848845,0.641115017460903,0.6821600114951846,0.046471242274642305,-0.5283573437412127,1.140700033270523,0.35076067714292497,0.7879592118469556,-0.10826409251941274,0.3620903820258042,-0.5588081172337243,-1.290334905133765,-1.333174793489152,-1.1423313805857394,-0.3502454288142823,-0.6186874509066087,-0.7099875321636356,-1.0129879475475077,0
-0.2263982671988458,2.01091915852132,-0.15484123025532542,0.3052077222492148,0,1,0,0,1,0,0.11016723354952047,-0.4140784361373894,-0.6175899766199587,0.16746604470845394,-0.9151468575833619,-0.44787657964769173,-1.8649402732787452,0.36589046067914444,0.6667720552877197,-1.70075169451893,-2.0815628284504535,-2.5550422674188797,0.6595934660493288,-0.8453422147233807,0.31860375605991403,0.17169458987077696,-1.5550333942941228,-1.820816255963645,-0.7825353858951971,-2.7086638466231783,1.7485888670858207,-0.1830258913120074,-0.7389632319173822,0.7556613210678621,0.9284609427130357,2.7086638466231783,0.7825353858951963,-0.5208418678791192,0.9949186171797318,1.9272328404520274,1.742748378645167,0.868803309818339,0.42958731592577976,1.527543561081445,2.3066289964831883,1.4685895129300228,2.4160338057085053,0.35171115073279,1.7203265102567968,0.9877877811122063,1.2776739910950803,2.5048407276977347,2.673920973986373,1.1827648637121608,1.275769365336409,0
-0.8432045637725518,0.9544407536913834,1.0038746524609323,-0.4281154315628296,1,0,0,1,0,0,-0.6217311126901629,0.18309338833579825,-0.041896812837936774,-0.36778488476173804,0.8613581313409676,0.42504356119288533,1.1101267026572201,-0.09558521299715314,0.1001851657168002,0.4501612247748559,-0.17819582321321936,0.34982647823680807,0.6562683532880825,0.7275974993181246,-1.8081462941142619,1.2500162161819957,0.11932045200835438,0.28715332474030464,1.509993498569716,-1.020471574555225,-0.8166513552262633,-1.6801675596764296,1.1191892684007954,-0.48982265499432787,0.5120126292388367,1.020471574555225,-1.5099934985697168,0.911573118423719,-1.6103624352952797,0.7003552302899613,1.2997597902567817,1.2979486414526862,-0.5605696322757617,1.166352774922097,0.4557501964577793,0.3258135853852078,-0.8314172830871166,-1.6210805965279906,-0.42362934615769415,0.1838789563899486,-0.025405824425361403,-0.4136917878478824,-0.37174181903963527,-0.8213259083916238,-0.5799798072721716,1
1.572620097807795,0.0010334127472937634,1.0038746524609323,-0.4281154315628296,0,1,0,1,0,0,-0.356733435603381,-0.1745119398540853,0.35469181110078946,-0.4568969313978565,0.5918732820097946,0.21888772875051543,1.763071171699157,0.10074023830011453,-0.22258039239036165,2.910289036579992,2.231764590693723,0.9125850260206155,-1.5164071808649646,2.0190718492149546,-0.10478132978733841,0.34931254021951075,2.335432302679773,1.7270294581179444,0.5061221547512287,0.7426913412446393,-0.43416058042097105,-0.24323677457201703,0.6553002682325619,-1.615838038584528,-1.2152951438828252,-0.7426913412446393,-0.5061221547512293,2.109231204193592,0.04072103005925432,0.4547197765604794,0.5762117625557528,1.5710411252199985,-0.15100471279239655,-1.0357458890816678,-1.3160312189511594,0.3258135853852078,-0.3318094232724056,-0.1035484832504671,0.42482977999782756,0.7154960824159574,-0.0423289389126401,-0.2550758902638815,0.4514102871836102,0.9600881112561845,0.6571863078002155,0
0.08200488108800677,0.4133176682906843,-0.15484123025532542,0.3052077222492148,1,0,0,1,0,0,-0.4198281206240434,-0.12450534111533736,0.03486227566633282,-0.39208817020795217,0.4837163364450475,0.20726071867784382,0.23598219227483294,0.7139417127512976,-0.9493304507969496,0.129277152389658,-0.21672915001686968,-0.7352462601580277,-0.21807735974346673,-0.5478396991932879,-0.36272714154974306,-0.16180638718577123,-0.8998235920704918,-1.0090564148999923,-0.9333596546099943,-0.07709346503402185,-0.8755339552373024,-1.3432794940275246,1.135166714424583,-1.0668947634198078,-0.7033886827135943,0.07709346503402185,0.9333596546099936,-0.5646101035717058,-0.40957446049198204,-0.24579614703841146,-0.28946177058654887,-0.6136987449184976,-0.34003467563087314,-0.13859458152457876,0.34501385799472056,-0.4803306735805153,-0.9424412519348303,-1.3934507795363622,-0.8524205174405927,-0.2051091846046925,-0.6007917169928287,-1.3653871733518879,0.2044646553166367,0.18071947766026855,-1.198562864808365,1
0.544609603518286,1.3924927752062353,0.27967722576327125,0.5985369837740325,1,0,0,1,0,0,-0.8236341047562825,8.945877609183839,-0.4896581624461761,-0.0639938166840615,2.2053139508960626,6.929461311462451,-0.048424410708737604,-0.6960987062266991,2.011049316124658,0.9087546804189318,2.4418903220182435,0.026632189773393378,-1.9441209968165543,-0.11435849961979494,-1.7702050209515086,1.5605683495630962,1.2451273437322745,2.840993778724479,-0.16027754582615011,0.1952844489803987,-0.046930343503643,-0.8179352097719197,-1.1809510950202835,0.006978014797977957,-0.4008995422049676,-0.1952844489803987,0.16027754582614942,-0.7038726716844818,-1.9105594289961043,-2.502003277590687,-1.5815118200526717,-1.1257471519822078,-1.6002344278873806,-2.5038116650841773,-2.7556036189709214,-1.720552610450858,0.16779843654230542,-0.5588081172337243,0.9174834661526473,0.09311505682453199,0.09305597698558829,1.3945294446097283,0.36909507656128593,0.514734606344233,0.7809029193074537,1
1.1614159000919912,-0.3339475448817109,-0.4445202009343899,0.5985369837740325,1,0,0,0,1,0,-0.6469689866984278,0.4302190216377503,-0.1826218084290977,-0.3388524020876736,0.8196049101210097,0.5927408218564183,-0.5001141368668159,-0.4342652829676601,-0.1749898396603166,-0.25649674270019357,-0.2681546847297842,-0.18752520018765975,-0.24436748316355492,-1.135872358423721,-0.004050877037853578,-0.3863592756793755,-0.8130433181282534,-0.4728145605336459,-0.3593320018427697,0.10061909740348675,-0.4395293955199906,0.591984649716187,-0.1490368387012851,-0.4596892850645923,-0.11299716919094371,-0.10061909740348675,0.359332001842769,-0.9545452942874786,0.340918023760079,1.0733572155828786,0.6795757665130432,0.2909201075607231,1.2982250023025865,0.18764225758709038,0.40038202722625016,0.6978801664463103,-0.3318094232724056,0.7310941790521709,0.4521994292286506,0.30057539868834077,0.09305597698558829,0.6966194952401235,0.6160407084282594,0.7374113588002092,0.6571863078002155,1
-0.4320003660567478,1.0832795835486928,0.27967722576327125,0.3052077222492148,1,0,0,1,0,0,1.2711094379297079,-0.6350378259132524,-0.7327286093763631,0.7663684360615877,-1.864619225255905,-1.0806542432180894,0.42681944657244547,0.8102438501875474,-1.5831412141774377,0.027433760187273493,-0.5213842149797427,-0.26864182669448405,0.4091877508884316,1.627111205203891,0.9500006780122785,-2.055246779879802,1.5268418795997012,0.32795112373713525,0.18609969967169646,-0.550966827225982,1.0322875141768724,-0.16039528781656823,0.09888226878982766,1.4769290313516583,0.9980054565910894,0.550966827225982,-0.18609969967169718,1.5800334453650435,0.9413120111617277,0.14540105704928116,-0.9613277963089331,-0.3918111018575571,1.3612349899154128,-0.46483142063624716,-0.5962450189412776,-0.10826409251941274,0.917210226264372,-0.17942508891434333,-0.08607033897753999,-0.02358138547386016,0.5669031826293847,-0.28679906978068154,-0.7010026615289333,-0.9883334727336057,0.2860364732784985,0
-0.12359721776989524,1.572867137006469,-1.168717627632051,0.3052077222492148,1,0,0,1,0,0,-0.7479204827314877,1.6454956654049968,-0.5152445252809326,0.017017134803318904,0.8773259456338688,1.2523500471329814,0.2563434552907569,-0.2082389937820393,0.38894173180606795,0.3168738349320073,0.6170681091103716,-0.48347440838844313,-0.7208487779176758,-0.21122308062629733,-0.15072329971035484,-0.28279992559165584,0.15796346821324436,0.599997595663546,0.2181716668474219,-0.8757814322965277,-0.5675034280695386,0.13482326121418484,-0.8158830291027989,-0.27144223692045477,-0.21643789124027077,0.8757814322965277,-0.2181716668474226,-0.45320004908148526,-0.4846237089171882,-1.110069039790291,-1.0646918002662225,-0.9550643496276378,-0.18250970659880966,-0.709509049969999,-0.8730858650989243,-0.9144083514851348,-0.49834537654397587,0.19995793940503753,0.22411901897178985,-0.24400799870415715,-0.33002188519637315,0.886958572340925,0.8629863402952329,0.45906541823023866,-0.023255055489598248,1
2.0352248202380734,-0.4885541407104817,-0.15484123025532542,0.3052077222492148,1,0,0,1,0,0,-0.7983962307480176,3.9306809333501063,-0.5024513438635544,0.011230638268506017,1.4590227621129346,3.0142892658378346,0.08605144949381101,-0.36241078377447516,-0.1889465585794811,0.35007801732126037,0.020724112485282765,-1.0567724199757105,-0.22314045399351992,0.26384329062343614,-0.8165799883657188,0.48211616440754523,1.1371034895597214,1.1421728804632958,-0.37315522795503414,-1.0712207285677868,0.14397247197458912,-0.3206117321843906,0.7427765254492683,0.6545995391740974,1.0881671506453476,1.0712207285677868,0.3731552279550334,0.02029268250195297,-0.9349191994684248,-0.7734574920869285,-0.43158727602782254,0.017827623793410803,-0.7495995951142377,-1.1988643086375024,-1.2052948804881005,-0.17027518936292965,0.3065783976019474,-0.1035484832504671,0.6894030558957865,1.0007540524786946,1.243827762120523,0.3476645205553221,-0.12479618717266176,-0.5986491559356475,0.6571863078002155,1
-0.35489957898503444,-1.0812127580541053,-0.8790386569529866,-0.13478617003801185,1,0,0,1,0,0,-0.6343500496942954,0.24996267734691469,-0.6047967952025805,0.14142681030179596,0.13559032629477505,0.08294114943927802,0.19996902218709345,0.8809700090228744,-1.0125406488475923,-0.4011935241916665,-1.6427657646299383,0.1289731292662304,1.3830222143262225,-0.2617336224011429,1.0966120962814712,-0.6943516508946774,-0.19932769378439938,-1.2430492679584193,-1.941727622588921,2.1016857808501404,-0.539582944726901,-0.11059706006764743,0.6864205411559746,0.34433663924980057,0.9220802798043731,-2.1016857808501404,1.9417276225889217,-0.28608496734615396,0.9413120111617277,-0.1548200530645294,-0.4832692780064673,-0.5283573437412127,-0.5290646384693491,-0.6279498401920818,0.34501385799472056,0.07776919801113909,-0.5538573609678327,-0.17942508891434333,-0.23204180154193166,0.14498014229048395,0.27921023634565156,-0.15990635171348128,-1.853415610241477,-1.378017789531564,0.47161139053935697,1
0.9815140635913272,-1.4934970135974959,1.4383931084795292,1.0385308760612593,1,0,0,1,0,0,-0.7605394197356201,1.8344740908711954,-0.4768649810287978,-0.08135330628850015,1.048156237724814,1.473710431208845,-1.1513523970168944,0.9737098394721868,-1.8058850906180604,-0.050550098577682105,-0.9326111968558254,-1.1447366957754528,0.4700705534831538,0.34583413301659216,0.30617439901219123,-1.3774309015133022,0.9332297272280083,0.717700309898354,-0.4291756706205303,-1.1356331163529634,1.9465369259477896,-1.0297285209169598,1.0845201992924092,0.9936645445451547,1.9131348950308888,1.1356331163529634,0.4291756706205296,-0.11896988561082296,-0.25947596364157,-1.4830710250832082,-1.8270013294512357,-1.467112756691348,0.006520256239666901,-1.6882195673050053,-1.7589765728033937,-1.4104971262332722,3.165445595430572,-0.4070549059059717,2.7877428302589053,3.1272225565827334,3.528448217903115,2.092439393979332,-0.6186874509066087,-1.0996718489615938,3.317093455205848,1
2.343627968524927,0.7225308599482267,-0.15484123025532542,1.0385308760612593,1,0,0,1,0,0,2.0030077841693914,-0.6815555921818551,-0.5408308881156891,0.04884286574478978,-1.4576827254211728,-0.5619107168988942,-0.8710589307390973,0.895381733051532,-1.4181431652103227,-0.43494073764786806,-0.8908837782464236,-0.8074474477739207,1.115863631491022,-0.12741952240597254,1.0031552506531654,-1.3185697071983826,0.36001020872481637,-0.10992752069247777,0.2567889334467663,-1.3559421528355944,1.083912561668517,-0.2240006199264492,0.6136138215631939,0.9445568368789089,1.050869715312587,1.3559421528355944,-0.25678893344676695,0.27096530510494976,1.6918044954137887,1.701092264002664,0.6020527635450756,0.7346953936826055,2.243374816494967,1.5741488238116832,1.5631135810883663,1.814079909629618,0.5563823275093027,-0.5588081172337243,-1.1534866589796486,-0.7107937678977266,-0.33002188519637315,-1.0481553781838862,-0.7833178721512579,-1.32234860141757,-1.0748462533011267,0
0.8787130141623758,-0.3854830768246345,1.0038746524609323,1.478524768348486,1,0,0,1,0,0,-0.5081606796529707,0.040632729138202366,-0.68155588370685,0.5030828437276014,-0.418799346829256,-0.35754365523693526,-1.0382742073785842,-1.0422061882112605,0.10047209111859838,-1.3842072719338274,-1.5400296321297684,-2.7003841082420834,1.1886207230677273,0.4633861016799437,-1.0803089988793602,0.2621967330652352,0.1683080142935007,0.3915660658824717,-0.8079054238520522,-2.8817310879348965,1.9067554926432027,0.3482308611584475,0.12613371617992003,2.0368660686699838,2.384401997389398,2.8817310879348965,0.8079054238520514,0.6609004958207222,-0.8598699510432187,0.764038496071679,0.795860270964994,0.8371050750953478,0.5421051509486824,-0.30171300108041293,0.06817301183707392,1.069946747507413,1.9996939225295793,0.5034643620605421,0.48869229486974886,0.4821031978191731,1.3284433345569153,1.0772976494417266,-0.9479482933959068,-1.823371294443516,0.5953280020465953,0
2.0352248202380734,-0.35971531085317227,-0.15484123025532542,-0.8681093238500562,1,0,0,1,0,0,-0.7983962307480176,3.9306809333501063,-0.6559695208720935,0.2513702444632408,1.0906404719654235,2.8287042973701917,0.49215246787082684,-0.9190329723675321,0.6135949380953244,0.5647740743314333,1.1314270060294345,0.8798400157452264,-0.7582132747369879,0.3720106953936375,-0.5060960481910739,0.3943858780647638,1.0548334716434986,1.0013412553867445,-0.11207882534413707,1.3111552580072139,-0.3126412833247976,0.7544056855094663,-0.442485062902412,0.2829814757120644,-0.4932956799435413,-1.3111552580072139,0.11207882534413637,0.24311279148239442,-0.5596729573423944,-0.32767463161490584,-0.08273376267196997,0.3421249482670949,-0.43454965705011084,-0.8726274695258333,-0.9284540343304539,0.2638024885416898,-0.24854144663662048,0.8069707847160468,0.2514886682026129,-0.02358138547386016,0.09305597698558829,-0.12818317219668063,-0.4540570296619595,0.18071947766026855,0.40975308478573785,1
0.31330724230314594,0.9802085196628456,-0.4445202009343899,1.478524768348486,1,0,0,1,0,0,-0.571255364673633,0.1365756220671955,-0.7839013350458762,1.8281905501997522,-0.8359652222306702,-1.3078281323302887,-0.5713077674876289,-0.8110668809202478,1.7479216888422848,-0.5311106338751296,0.008882683679694052,0.4082826316576902,0.3758199735225009,-0.687514664024733,-0.6107162673716469,1.0202989079549478,0.24108620619563562,0.6457097341641868,0.4292298816076853,0.13114384342216406,0.10746080630927494,0.5014125977933398,-1.3641654991274539,0.9565531571387297,0.6188619543876933,-0.13114384342216406,-0.42922988160768605,-0.3974950218363748,-0.18442671521636386,1.5464329042470641,1.9457848149898431,1.9806798508709664,0.4790951633358572,-0.05703537174666111,-0.26403600355210183,1.6280466190990672,-0.1375174777889068,0.12408133374116129,-0.8706669502611417,-1.3591073362221284,-0.9731002357129547,0.4428340591057229,-1.5241547677521787,-1.6563637301015341,-0.8892713360402683,0
-0.4063001036995106,0.7225308599482267,-0.15484123025532542,1.0385308760612593,1,0,0,1,0,0,0.097548296545388,-0.4140784361373894,-0.5408308881156891,0.04884286574478978,-0.7256552832259902,-0.35620207715162705,-0.9828800892275116,0.013646145988864185,-0.704923510997418,-0.26267659149168615,-0.6379597586376334,-0.9841727767305565,0.4849267412602635,-0.305037394488969,-0.24916648076612924,-0.41040961047235563,0.4239562297569001,-0.10819677506232091,-0.8079054238520522,-0.5410235229891278,1.0619289195976862,-0.2683392742513392,0.5512319758381115,0.7752468688117634,0.7237458388688045,0.5410235229891278,0.8079054238520514,-0.20252742647848845,-0.10937746679115769,0.427426948368315,0.13691474573727128,0.3079883877961804,0.25856020669096863,-0.30171300108041293,0.06817301183707392,0.5118468759157585,0.5841383197212315,-0.5588081172337243,-1.0348848456460813,-0.6329961396987983,-0.3130987707090945,-1.0798785577006862,-0.8656330827735822,-1.1553410370755877,-0.8892713360402683,0
-0.38059984134227254,1.109047349520155,1.4383931084795292,-0.4281154315628296,1,0,0,1,0,0,-0.6595879237025604,0.5029030314324421,-0.8094876978806327,3.1619780014741226,-0.8359652222306702,-2.0568758966274028,1.0815270711057436,0.38580759298614997,0.9334941936444144,0.9408803780839339,1.0515901272356571,0.6766593013701532,-0.8532084789310012,2.0162208423754335,0.1957372922380939,0.38759342249797535,1.988948124418603,2.4084155427872256,2.595928233316254,-1.6517274332983856,0.5106943896354464,-0.33344770670295615,-0.8866238247092215,0.7011382233093418,0.9842303494350647,1.6517274332983856,-2.595928233316255,2.2206412586838127,0.41596727218528484,0.6821600114951846,0.795860270964994,1.6563825263972836,0.9516700704320475,-0.9541866793037505,-1.7589765728033937,0.8839134569768611,0.5286263352973745,-0.2553016945782196,0.20587258615124074,-0.2958730841701091,-0.008482709938082702,1.4579758036433286,-0.20711139779498602,-0.8769950965056176,-0.08511336124321738,1
1.0843151130202777,1.8563125626925503,2.8867879618748513,-1.6014324776621007,1,0,0,1,0,0,-0.6974447347149578,0.6337342490628872,-0.7583149722111197,1.5880509440050175,-0.22093079326889808,-0.7398934095497905,3.7080159977513336,-0.7998814038424416,1.32107104008329,1.491998526062191,1.9601043345711504,1.0022430446043442,-1.6229372974953962,4.2372669745513925,-0.6295840090865423,2.5121522816977855,2.033514355043658,3.123925773711047,1.4252941555476124,-0.04664941409013511,-0.9222592732128592,0.46715889001314037,0.7185224041281331,8.042719763076116e-4,0.5016738622697704,0.04664941409013511,-1.4252941555476133,4.281727266752896,-0.4846237089171882,0.41832933897092733,1.726136306580602,2.680479340524704,-0.8756195703398886,-1.7697787770829225,-2.2572900958871576,1.069946747507413,-1.0257092285706153,-0.02767187758659086,-1.1899795246207467,-0.6978274965312384,-0.6515610604546642,-0.9847090191502859,-0.6186874509066087,-0.7099875321636356,-0.8892713360402683,0
0.544609603518286,-0.8493028643109486,0.5693561964423357,1.0385308760612593,1,0,0,1,0,0,-0.81101516775215,4.384229154468983,-0.6431763394547153,0.18482553431289261,1.3974566944978608,3.228941759487157,-1.133155622886685,0.9657670134473939,-1.0043127266806204,0.36212168044002635,0.10372676352281218,-0.3970460109647286,0.3018551077817394,-0.03912700837141175,-0.14770796517528115,-0.2867246132846028,1.301534243976424,0.9343470988955513,0.2430696413654208,-0.7825969144484197,1.5365852319450135,-1.4735161315566638,1.0847985573131798,0.8013760486635595,0.7773582134669141,0.7825969144484197,-0.24306964136542153,-0.2582324537235989,-0.40957446049198204,-0.8735311954581982,-0.8708842928463041,-0.3747428216220998,-0.43454965705011084,-0.5463906304141645,-0.7069813574043363,-0.4803306735805153,1.8331579692580091,-1.2416975682086098,0.9448531153834703,1.4286410075727993,1.734598082251598,-0.3185222492974822,-0.12479618717266176,-0.48731077970765985,1.0901944480755505,1
0.9815140635913272,2.0366869244927823,1.4383931084795292,-0.13478617003801185,1,0,0,1,0,0,-0.7605394197356201,1.8344740908711954,-0.822280879298011,3.9142225509997974,-0.46758293208315554,-1.6141551284756757,-0.11839388495574091,0.310805230418442,-0.9353611669469181,-0.4157340166960176,-0.6771409351789134,0.07129788143646998,0.20909937004239967,0.3429914130240647,-0.17136909969435332,-0.7650077037690105,0.7990218177246766,0.7247742119890975,-0.22109974072011698,0.3165258375355961,0.507342557606771,-0.5982637348475109,0.5099110847748625,1.3539261925151644,1.5879173315166288,-0.3165258375355961,0.22109974072011698,0.0759977097470634,-0.40957446049198204,-0.8098479296764806,-1.0388507992769007,-0.71610842633123994,0.16404522527173035,-1.4435419379712537,-1.5375038958772762,-0.4803306735805153,0.27882240539001907,-0.7105613285614767,-0.5878472415426337,-0.2569742700706454,0.27921023634565156,-0.3819686083310823,-1.5241547677521787,-1.6006945419875402,0.22417816752487937,0
0.72451144001895,-0.3854830768246345,1.0038746524609323,1.478524768348486,1,0,0,1,0,0,-0.5207796166571032,0.046447449921777705,-0.68155588370685,0.5030828437276014,-0.39298124726146477,-0.3530717282859077,-0.6776938099099022,-0.27262177167668916,0.03625477790428495,-0.8402528269635346,-1.0886840214104507,-1.0993824227847446,0.7020060987686837,1.0811615939406856,-0.27093547271740615,0.6506596609423855,0.7965682193097036,0.9921763641106195,0.5174554829923397,-2.0126325500434374,2.0226336653032413,0.10276472842644754,0.604288713931202,1.9249907713289172,2.3840096552782146,2.0126325500434374,-0.5174554829923405,0.8001630639334981,-0.40957446049198204,-0.5278220383574467,-0.1344157646506147,0.18851042614798086,-0.6235796198885869,-0.8726274695258333,-1.149926711256571,-0.10826409251941274,2.360521821284648,0.4275877563966659,0.9813459810245673,1.1822818516095268,2.0222910285353324,1.0138512904081252,-1.0302635040182315,-1.712032918215528,1.3994859768436472,0
1.8553229837374106,0.5421564981479937,-1.6032360836506476,0.5985369837740325,1,0,0,1,0,0,-0.7353015457273552,1.5931631783528188,-0.8350740607153893,4.365569280715203,-0.923865887798175,-2.1485503991234673,-0.9467536640876127,0.20873707284345233,0.5578170979990499,-0.7798395426492679,0.16316660109908335,0.35988345086835816,-0.224003236797389,-1.0006762085769048,-0.10606512694335889,0.46054764740814447,0.07610628536048185,1.0106174001188948,0.5274811195133241,-0.032311248161722386,0.31662013945142187,-0.3927518990522959,-0.2997486893487142,1.128978600850977,0.7745466178293668,0.032311248161722386,-0.5274811195133248,-1.0659553487776992,-0.40957446049198204,-0.982702508226857,-0.625394783447741,-0.5624939042121272,-0.2770246880180474,-0.709509049969999,-0.983822203561983,-0.6043528672675491,0.16779843654230542,-0.482931511569848,-0.40538291333714505,-0.4903671546674297,-0.0423289389126401,-0.09645999267988113,-0.37174181903963527,-0.4316415915936655,0.038603250264021984,0
0.544609603518286,0.5421564981479937,0.27967722576327125,0.5985369837740325,1,0,0,1,0,0,-0.8236341047562825,8.945877609183839,-0.8350740607153893,4.365569280715203,0.44498297934688336,3.506201230450865,-0.25019183771254216,-0.8739015442927864,0.7094522255033978,-0.03528281045211425,0.7180464445504391,0.6599737832830944,-0.6494840484059158,-0.07342237983530595,-1.5776014466731376,1.1421162619800482,0.8946781138880955,1.9776133092809105,1.687681907547998,-0.7736968421314995,0.2745350638619777,-0.38094920194747617,0.1778717389641499,0.9348123033855722,0.9972589403816888,0.7736968421314995,-1.687681907547999,-0.06326485836571254,-1.4602639384448675,0.05442496307539909,0.6408142650290589,1.0077878774499178,0.16404522527173035,-0.6279498401920818,-1.2606630497196296,0.6358690696027934,0.5008703430854462,-0.1035484832504671,0.9083602497423721,0.8710913388138142,1.243827762120523,0.7600658542737248,0.36909507656128593,0.013711913318286572,1.4613442825972665,1
1.0586148506630406,-2.0088523330267334,1.7280720791585935,1.7718540298733036,1,0,0,1,0,0,0.4634974696652297,-0.49141422255894146,0.2267599969270068,-0.4337509452586049,-0.13774035962736458,-0.042719997884596024,0.9146607788811664,-0.6149493315356436,-1.2400988858488096,0.957459436702812,0.5878657355966372,-1.554940453279375,-1.4537231628239642,1.4826893210624787,-1.1901123914877056,-1.0856918988591289,0.8817532955429201,0.2489933144717208,-2.7148097313727666,0.5717619163874261,0.20962762126390974,-0.3481912114818819,0.6042410658880699,-0.41913445475701194,-0.5211607386019088,-0.5717619163874261,2.7148097313727657,1.1900982546492709,-1.1850833608857785,-0.4338134079177687,-0.8967252938356269,-0.5454256239766699,0.2795635358952437,-1.85133798686084,-1.0945585420250417,0.34648395099971346,0.08453045990652028,-0.4323471077939307,-0.36584897555929013,-0.014937204562868624,-0.1777138548108673,-0.9635602328057525,0.06727263761276221,0.3848398340782469,-0.5593603720209651,0
0.544609603518286,-0.6689285025107157,2.452269505856255,-0.13478617003801185,0,1,0,1,0,0,1.1323011308842508,-0.5984050849767277,0.6233486208657331,-0.5193910939738356,-0.2063249956691253,-0.05881893490829519,1.0447029517742341,0.017976029485459642,0.36017222220942674,1.2477103155693279,1.4904310206099984,1.4121882515097173,-1.4038220647632933,0.3795172972445909,0.5645344246164943,1.5216635125120785,-0.12413976725983879,0.06647156810196816,0.8686312511301267,1.0645584453617318,-1.0734756736407496,0.5408655290758909,1.0367575878037707,-1.8086710089798579,-1.8727367734796814,-1.0645584453617318,-0.8686312511301275,0.38237535959517033,0.5660657690356972,0.11810822885711679,0.8992242749222835,0.8029685146244333,-1.1591645145976028,0.5138790966987595,0.12354118106860354,0.015758101167622184,-1.0950992091004363,0.19995793940503753,-0.7611883533378483,-0.16621037050522874,-0.8546384343020056,-1.73020373779509,0.6160407084282594,1.4054416161681371,-0.76555472453303,1
-1.8712150580620608,2.3201323501788633,0.27967722576327125,1.0385308760612593,1,0,0,0,1,0,-0.356733435603381,-0.19718935091002915,0.6873145279526244,-0.5286494884295363,0.7511195145112955,0.2568991078342496,0.20759084691101345,-0.5230465659122417,-0.8667467257521126,0.09030559803480764,0.15066019512287543,-0.9021711368028446,-0.8286886754321037,-0.06818930279423727,-1.2485713386429722,0.5207017025709804,-0.3989860324944419,-0.10368878644423737,-1.4375436385994584,0.1952844489803987,-0.3567940738532331,-0.5328935314264368,1.7081268050934049,-0.5176247569325618,-0.29709755096624224,-0.1952844489803987,1.4375436385994576,-0.17467491285593337,-1.2351161931692491,-0.4277483349861756,-0.10857476366129187,-0.2552648599739003,-0.5605696322757617,-1.1988643086375024,-0.762349526635866,-0.5423417704240322,-0.38732140769626244,-0.5588081172337243,-0.22291858513165644,0.6636309969500054,0.39767203775660004,-1.5240030709358887,0.36909507656128593,0.514734606344233,-0.08511336124321738,0
1.932423770809123,-1.7254069073406524,-0.15484123025532542,-0.4281154315628296,1,0,0,1,0,0,0.33730809962390496,-0.46292209071942225,1.1222826961434853,-0.5928795999659593,0.3249648631982956,0.10217043532869648,0.5102417364072852,0.1652184083934351,-0.7323700404651473,0.2521592257234788,0.46530657372748735,2.5492933767654797,0.7595322839815414,-0.37629462782478246,0.2600688880301807,-0.47146178579268055,0.5288697094095752,0.41557901208040454,1.0318374740956051,2.4535682696765635,-1.0854927135135346,0.03376385232416026,0.5274007527370931,0.18376730471655314,-0.19918931527907083,-2.453568269676564,-1.0318374740956058,-0.2582324537235989,0.41596727218528484,0.5002078235474204,0.1627557467265941,0.3762615087380082,0.8256500952063961,0.758556726032511,0.2896456887631914,0.2638024885416898,-1.0257092285706153,0.010266425245347094,-0.05413908154158001,0.22277777048941236,0.28767179358929035,-0.857816301083085,-1.4418395571298541,-0.5429799678216537,0.7809029193074537,1
1.4441187860216065,0.7482986259196881,0.27967722576327125,1.0385308760612593,1,0,0,1,0,0,0.8799223908016013,-0.55305026286484,-0.6431763394547153,0.23111750659139568,-1.3801488435131979,-0.6039468302385531,-0.8948608375043513,-0.15556199030588588,0.37227623999874104,-0.964683163717824,-0.9079640098247697,-2.0250926619011187,0.47937051663383035,-0.3101085120101028,-0.37932117104021995,1.1306783359145598,-0.41653493684864856,-0.23149597008157555,-2.5386350978867935,-0.2441974779926877,0.9344690065745143,-0.16648190844001023,0.6273085939849625,0.8901958048386712,0.9543869234355414,0.2441974779926877,2.5386350978867935,-0.5089050763265954,-0.6347222057676005,-1.0008977270216337,-0.3411437725651945,-0.47715250303484213,-1.5057194464681423,-1.5251011477491712,-0.6516131881728072,-0.5423417704240322,0.8339422496285867,-0.17942508891434333,-0.06782390615699217,0.2616765845888761,0.6176725260912207,-0.3819686083310823,-0.7010026615289333,-0.8769950965056176,0.47161139053935697,1
0.3904080293748593,0.0783367106616796,-0.4445202009343899,-0.13478617003801185,0,1,0,1,0,0,0.5139732176817596,-0.5123472173798127,-0.438485436776663,-0.12128013237870908,-0.7856454002061416,-0.3003029902637827,0.37079147729396894,0.21184043243619918,0.6064732237461551,0.46924839785110034,0.9303398960005472,1.9191640610882672,0.2055620885602812,-0.10018679782381326,-0.19042066502678548,0.7563311851609377,-0.18454421793383513,0.2011912392636662,0.4783555005605047,2.1430837207120725,-0.6157000431631333,-0.48151688373001855,-0.06902931304894873,-0.8169151996085701,-1.0130633426511086,-2.1430837207120725,-0.4783555005605054,0.1317027369921738,0.11577027848446049,0.9823811216089964,1.2739187892674588,1.1272658390981163,0.29006520049738066,0.758556726032511,0.5664865349208381,0.9459245538203791,-0.5538573609678327,-0.4070549059059717,0.16937972051014377,0.10608132819102022,-0.2284831982727022,-0.2233527107470814,-1.0302635040182315,-0.09762646290970158,0.16231986177126023,1
1.1871161624492292,1.3667250092347738,1.4383931084795292,-1.161438585374874,1,0,0,1,0,0,0.8420655797892039,-0.55072437455141,0.4954168066919504,-0.5026102540228783,-0.16066966861924656,-0.035117722067849196,0.9122547759907739,1.59900416657592,0.6097869603383655,0.9328559385170422,0.0670864871733937,0.22519492625663937,0.317609724900988,0.2868761203715824,1.968341779347042,0.7768510385233734,0.46311768795739955,-0.17216513355290974,0.74512626677265,-0.4318681387001143,-0.9818692334415834,-0.2228418154297276,-0.05293882827919975,-0.8010086183131505,-0.2553014626410355,0.4318681387001143,-0.7451262667726507,0.27096530510494976,1.841902992264201,0.03622974428062242,0.4340862571144791,0.615217432034406,-1.222174502210428,0.8401159358104279,0.5111183656893089,-0.6043528672675491,-0.7203933142394032,0.27583454506891375,1.6199711297437773,1.3378771080073837,0.8715192434003977,1.6165917012273294,1.2745623934068555,1.127095675598167,1.2139110595827887,1
1.0586148506630406,0.43908543426214564,-0.4445202009343899,-0.13478617003801185,1,0,0,1,0,0,-0.16744938054139394,-0.34372031465612773,0.5337963509440852,-0.5083967505576912,0.46335469705652843,0.128554804339759,0.5462973446932785,1.2957968155448445,-0.7562256016767932,0.5066329990687499,0.1525798961842821,0.29155668292340847,0.008946772943626221,0.3361556630885463,1.317998437475103,-1.0396513884740992,0.37672084139870715,-0.17006891884549705,0.09840925777350726,0.30004743805884815,-0.4237569783911473,-0.45817989387249186,-0.010963650618991001,-0.31087855884468957,-0.3644005358106857,-0.3000474380588474,-0.09840925777350797,0.4102278732177254,1.391607501712964,0.35464607318920965,-0.26362076959722697,-0.10165033785478751,0.7941451013999841,0.5138790966987595,0.5111183656893089,0.5738579727592754,-0.38732140769626244,-0.4070549059059717,0.0872707728176734,0.06718251409155555,-0.0592520533999176,-0.0647368131630805,0.12214944469431245,0.29205785388825667,0.16231986177126023,1
-1.8712150580620608,0.23294330649045036,0.714195681781868,0.5985369837740325,1,0,0,1,0,0,1.3215851859462378,-0.6332934096781798,0.188380452674872,-0.427964448723792,-0.4950970271392781,-0.1563069424406957,-0.6987409694012234,-0.684891515028493,1.0281538256990108,-0.5440959606577762,-0.1072583214641744,-0.16033606107191992,-0.6389085906474178,0.22760282423649283,1.7706721360684714,0.4029127672720076,-0.31383577325920536,-1.1390918085883082,-0.04921092906325296,-0.16987246385113386,1.1990343874083682,2.7138555736851084,-1.0006322487383754,0.42384436014961274,-0.9726603738724667,0.16987246385113386,0.049210929063252244,1.1900982546492709,3.568035706043941,3.538809362275082,3.302437366929272,2.953571824292016,0.6996301199807459,2.2266225020350205,2.5043724580243647,3.550390621248098,1.3890620938671545,3.007392348968456,0.7167727051266096,0.04124997135858002,0.2115177783965368,0.12560226393772106,1.6861384465184783,1.739456744852101,0.5334696962929761,0
2.317927706167689,0.5421564981479937,1.0038746524609323,2.505177183685348,0,1,0,0,1,0,0.6906383357396142,-0.5338616842790415,1.1350758775608636,-0.5928795999659593,0.15594551353545177,0.04761292652616041,-0.7280122541693599,-0.13570397778540816,-0.22319811058219535,-0.37246660974304446,-0.6395149489229083,-1.1020647008373563,0.680644571436252,-0.4709753087842091,-0.46487740101060215,1.492288395647802,-0.35114889091330864,-0.22601335032243264,-0.3305796915292576,-1.1752198963459366,0.5417257820013177,-0.2794460068460269,1.8047252162286251,0.15498513092257374,0.6107427078007988,1.1752198963459366,0.3305796915292576,-0.5367575899491508,-0.5596729573423944,-0.46413877257572894,0.33072225315718967,0.17144214591252482,-1.537224440274555,0.10608304780917345,0.2896456887631914,-0.29429738304996345,0.5841383197212315,-0.17942508891434333,0.2879815338437111,1.2082143943425034,1.209981533145967,-1.016432198667086,0.2044646553166367,-0.32030321536567735,0.2860364732784985,1
0.05630461873076867,1.9336158606069351,1.4383931084795292,-0.13478617003801185,1,0,0,1,0,0,-0.571255364673633,0.1633233376716421,0.32910544826603294,-0.45805423070481904,0.9682671577500781,0.47960106999542135,0.8958480762081308,0.3365075601039845,-0.7272292299177128,0.46843448051576836,-0.7987658325669179,-0.5613012389574119,0.5095691345191184,0.7621879317839797,0.5891025384117549,-1.3914160630949293,0.8492300598377477,-0.7812397351199413,0.23506672098463585,-0.9986842558367333,-0.48412935647543703,0.12828280390806301,-0.40409223613589623,0.20925722799656543,0.2757061572960093,0.9986842558367333,-0.23506672098463727,0.8558680911786088,0.7161642658861095,0.43652455776570404,-0.39282577454383927,-0.05044549714841698,0.25856020669096863,0.8401159358104279,0.7879592118469556,-0.10826409251941274,-0.4150773999081907,0.19995793940503753,0.24236545179233895,-0.010615114107371936,0.0761328624983096,0.664896315723324,0.6983559190505837,0.23638866577426285,0.10046155601764112,0
0.030604356373531493,1.4440283071491598,-0.4445202009343899,0.3052077222492148,1,0,0,1,0,0,0.1480240445619179,-0.40942665951052915,0.8792122492132983,-0.5477449269944188,0.3546666150777309,0.10843113306013503,-0.022624782842219554,0.2092193205920083,-0.44160197432242726,-0.7710887483812471,-1.0537519404208788,1.26617522917011,0.9493442150502359,-0.3749495084620863,-0.42069564626173356,0.7273678155359188,-1.5184614994988752,-1.2624998485918042,-0.7133205963053126,2.434374679376941,-0.34318481966963277,-0.7086037465744085,1.3346192001813522,-0.46398927746726654,0.13734375457206727,-2.4343746793769414,0.713320596305312,-0.03541234474315745,0.04072103005925432,1.5919209512340051,1.8036593095485693,0.9395147565080901,0.29006520049738066,0.9216751455883455,1.5077454118568363,1.6900577159425842,-0.49834537654397587,-0.8623145398892288,-0.8250508682097696,-0.08841274230630035,-0.2623294272472596,-1.206771275767887,-1.6064699783745033,-0.8213259083916238,-0.332546584257695,1
-0.2006980048416086,0.38754990231922204,1.0038746524609323,-0.4281154315628296,1,0,0,0,1,0,0.526592154685892,-0.5135101615365277,0.5082099881093286,-0.5072394512507286,-0.017423528967388628,-0.0029198480204508676,0.1704457659254076,0.38674636993698586,-1.0206942432699033,0.9451783102915594,-0.20687197983447522,-1.704489770554193,-0.7212056597545292,0.31966933450549323,0.12992312463391895,-0.3315742195125924,0.7822321942850899,-0.2852366913797327,-1.4375436385994584,-0.8989824755158523,0.0824008458597475,-0.40066739585540856,1.06212311029519,-0.5012268657027252,-0.00953440677545512,0.8989824755158523,1.4375436385994576,0.35452284597261524,0.19081952690966666,0.21818193222838655,0.007709740790658993,0.32505666803163763,-0.40304466324369825,-0.7910682597479163,-0.2086678343205727,0.2638024885416898,0.3898463742377325,-0.02767187758659086,1.2550424733328,1.7009327062690485,1.345366449044194,0.2207718024881207,1.6038232358961542,1.1827648637121608,0.9664778365683122,0
1.1871161624492292,0.38754990231922204,1.4383931084795292,-0.4281154315628296,1,0,0,0,1,0,0.8420655797892039,-0.55072437455141,0.5082099881093286,-0.5072394512507286,-0.15448861703254016,-0.031540180507027164,0.5504986901781654,1.62461696280339,-0.4098989644080243,0.6669012354878491,0.0807356514586636,-0.11941804376551672,0.05983541875723644,0.7778686374418238,1.5912159558562187,0.6060562279455545,0.5209165541402618,0.09604809461937618,1.1824893722175853,-1.3356505310542999,0.011755347868602748,-0.6357925532073178,1.1693736772878358,-0.3844086061756,-0.011188030851598077,1.3356505310542999,-1.182489372217586,0.7166055230658329,1.4666567501381707,-0.009258302706318612,0.3048812521678669,0.512807750621665,-0.8756195703398886,1.0032343553662626,0.4557501964577793,-0.5423417704240322,0.41760236644966076,-0.17942508891434333,1.6747104282054248,2.1547522040961304,1.8192136546879905,0.2524949820049213,2.097714499630101,1.4054416161681371,1.2139110595827887,1
-1.9997163698482496,1.9336158606069351,1.7280720791585935,-0.13478617003801185,1,0,0,1,0,0,0.2363566035908452,-0.4385002634284058,0.32910544826603294,-0.45805423070481904,0.0479108931801831,0.016756630564070337,0.3432717114615322,-0.34431586911668655,0.9017516109953453,-0.4674159850077354,-0.40830052356176705,0.04410440425012485,0.7391360371921792,0.07063697066311447,-0.3598781384451968,1.0686728454962902,-0.40388894638703166,-0.2044463113673715,0.9573302853504937,-0.8893153741744672,-0.40674804215068183,0.11206631711670646,-0.1588115137809827,0.23095947507348172,0.33120864673783434,0.8893153741744672,-0.9573302853504944,0.19978665918064206,-0.18442671521636386,0.546706716022961,1.0557058920242923,0.8200367948598906,-0.5255640836019699,1.501651748453534,1.058648039201099,0.07087907613963722,-0.3318094232724056,0.19995793940503753,0.2879815338437111,0.15794641365697218,0.24536400737109418,0.506280418139323,0.5337254978059351,0.1250502895462747,0.16231986177126023,0
1.932423770809123,0.7998341578626126,-0.15484123025532542,-0.13478617003801185,1,0,0,1,0,0,0.33730809962390496,-0.46292209071942225,-0.7327286093763631,0.7866211739334328,-1.4792675167824525,-0.9639369497962705,-0.14484617238990047,0.5920688589494435,-0.10079966634000595,-0.1248427005314326,-0.4911416773776578,0.2892052820966333,0.8833091399594784,-0.22867240547312975,-0.33624244857123786,0.12326748937625547,0.36424356900220334,0.7130817224476639,1.1169885469471594,-0.7133741297612556,-0.027074644529043727,-1.14947339342988,0.26166845964738056,0.5298321221765272,1.3346937466030993,0.7133741297612556,-1.1169885469471603,-0.11896988561082296,-0.18442671521636386,0.46381738595786837,0.459927258103802,0.59814915179895,0.6366201323679207,0.5138790966987595,0.012804842605544792,0.3258135853852078,-0.05424950115312168,-1.0899443568808573,-0.07694712256726609,0.06718251409155555,0.27921023634565156,0.6014499566897238,-0.8656330827735822,-1.211010225189582,0.2860364732784985,0
0.5189093411610479,0.026801178718756015,1.4383931084795292,-1.8947617391869185,1,0,0,1,0,0,0.8546845167933363,-0.5524687907864826,0.9943508819697028,-0.5726268620941142,0.04063410382099249,0.017651015954275845,2.0145133872464744,-0.7503193909898184,-0.5160240492250482,1.7901510855674274,1.8398395348406102,0.07610322015489919,-1.7547138069323405,0.814353232406054,-0.9713291268019703,1.8512034577503598,0.3728897461250551,0.6295523622444198,-0.02757457514840374,0.13114384342216406,-1.9875377490706807,0.056780715173842075,2.5657031078568533,-2.048627536515544,-1.777246153902308,-0.13114384342216406,0.027574575148402326,1.217950768271826,-0.6347222057676005,1.318992669312359,2.242956326367051,2.339113735815564,-0.7180946013078251,0.35076067714292497,0.40038202722625016,1.876091006473136,-1.858388994928467,0.19995793940503753,0.4476378210235136,1.7787303344679768,0.6261340833348595,-2.047435532963092,1.439192814651505,1.6837875567381073,-0.30161743138088487,1
-0.7147032519863632,-1.0296772261111817,-2.0377545396692445,1.7718540298733036,1,0,0,0,1,0,0.16064298156605036,-0.41117107574560174,-0.20820817126385424,-0.32438616075064136,-0.2993766872182877,-0.06552682533483652,-1.1221404708961764,0.5254213911958718,-0.395958587886778,-2.255437509878495,-2.8852823763349393,-1.344052741448056,1.9342832817871305,-1.0748107247795187,0.7124657646900918,0.7961541327471857,-2.4441396338442645,-2.528626080445001,-2.5482098062284213,0.6941558255444424,0.48642542861769517,-0.007424785977404313,1.341346776931503,0.6233835447667591,1.2822971883010266,-0.6941558255444424,2.548209806228421,-1.038102835155144,0.5660657690356972,-0.2185033188462471,0.21443774870523882,-0.801449827508525,-1.348194477436079,-0.38327221085833024,1.2309045656991897,-0.046252995675895824,0.1400424443303771,-0.3311783002420958,-0.9801455471844351,-0.23104172733766892,0.025363519036474696,-1.1116017372174867,-1.4418395571298541,-1.378017789531564,-0.2706882785040748,1
0.9044132765196139,1.4697960731206219,1.0038746524609323,-1.161438585374874,1,0,0,1,0,0,-0.00340319948767178,-0.3838418880627976,-0.42569225535928473,-0.1450047681714419,-0.4479314083594577,-0.18313850414686098,-0.4493298706825642,0.17616241419045836,-0.08576043546312485,-0.6042144123806316,-0.8113241115403875,-0.9408315558016277,-0.08617484170978118,-0.5233257585560309,-1.071199987643712,0.020486307941286804,-0.3776186648185162,-0.2421488324331628,-0.5745260083472232,-0.7133741297612541,0.10190319129606415,-1.3148930741685207,0.13782415205867457,0.4418144864669888,0.8183498759586715,0.7133741297612541,0.57452600834722245,-0.5089050763265954,-1.009968447893631,-0.06384395909064733,-0.04397226118798574,-0.18699173903207253,-0.024984737566746233,-0.05703537174666111,0.2342775195316623,0.38782468222872474,-0.05424950115312168,-1.317574173872486,-0.5331079430809875,-0.38663698373552574,-0.194636969298146,-0.0647368131630805,0.28677986593896093,-0.04195727479570725,-0.3944048900113141,0
1.0329145883058024,0.5936920300909173,1.4383931084795292,0.5985369837740325,1,0,0,1,0,0,-0.25578193957032125,-0.3099949341113908,-0.029103631420558513,-0.36952083372218186,0.21629663437875657,0.047165733831057655,0.28144131710626,0.40542924344585873,-0.014079730912919376,0.28789591044829643,0.29954173328738104,0.6289623431169458,0.29895231458094196,0.27370787172148336,-0.3735063998590128,-0.626417702742072,0.8548557006083729,0.6536336158537613,1.7970912716706076,-0.924503623057108,-0.11786532205491251,-0.9306348722126149,-0.6102419159310899,0.4587314778694368,0.24872708280173725,0.924503623057108,-1.7970912716706082,0.49378541408539117,-0.10937746679115769,0.8641121994429487,0.369483754641173,0.7176271134471482,1.2667200084961745,1.247911984700014,0.40038202722625016,0.6358690696027934,-0.19302946221276363,-0.9381911455531051,-0.31415074923440073,-0.5681647828663581,-0.36386811417093057,0.2207718024881207,-0.12479618717266176,-0.5429799678216537,-0.5181215015185524,1
0.2619067175886707,-0.2051087150244015,-0.4445202009343899,-0.13478617003801185,0,1,0,1,0,0,-0.21792512855792381,-0.3256946802270442,0.21396681550962854,-0.4302790473377172,0.34350910801086915,0.08204676404907252,-0.4248910160877529,0.08827370140295702,0.7947158236419349,-0.30353086147231734,-0.25670206141539936,-0.18586694887942545,0.597888818951764,-0.8551348398262683,-0.8285421917049625,0.6847543664497501,-0.45683461611211124,-0.26285535512740543,-0.02757457514840374,-0.2261522221554376,-0.26361935534377606,-0.9511738046127337,-0.3982910532335677,-0.04293877361712589,0.07709815843283699,0.2261522221554376,0.027574575148402326,-0.8152827261747027,-0.7848207026180125,-0.054746349693259644,0.3048812521678669,0.10316902497069583,-0.5605696322757617,0.35076067714292497,0.40038202722625016,-0.046252995675895824,0.08453045990652028,-0.5588081172337243,1.5834782641026803,1.0915179520441112,1.0069041592986248,1.6800380602609295,0.5337254978059351,0.45906541823023866,1.8324941171189824,1
0.544609603518286,-0.6689285025107157,0.5693561964423357,-0.13478617003801185,1,0,0,1,0,0,0.5896868397065544,-0.5169989940066729,0.43145089960505906,-0.47830696857666416,-0.08520297671866131,-0.027962638946205126,0.09496425620078812,-0.4259863917526446,0.32322011022357633,0.9008579777924633,0.4718907861119309,-0.8944643778625442,-1.6368487721246565,-0.49689150596750664,-0.5430620631070336,0.2894617837518915,-0.7514134943291706,-0.7240353336018399,-0.5505532963957722,-0.6739106730704402,-0.6285382480022119,0.04065203810151185,-0.1509715415307716,-1.9620897678438327,-1.3203607144713148,0.6739106730704402,0.5505532963957714,-0.5646101035717058,-0.6347222057676005,-0.4914316007678933,-0.2765412700918884,-0.5454256239766699,-0.7180946013078251,-0.13859458152457876,0.12354118106860354,-0.8523972546416179,-0.6648813298155464,-0.1035484832504671,-0.41450612974742024,-0.4255357978349895,-1.1254082660984612,-0.033013633646279864,2.3446601314970748,2.073471873536065,-0.8274130302866491,0
1.3927182613071303,0.20717554051898904,0.5693561964423357,1.0385308760612593,1,0,0,1,0,0,-0.44506599463230834,-0.11927209241011955,0.34189862968341117,-0.45805423070481904,0.7189318626762861,0.26226542017548266,-0.782997233969486,-0.36826313690051765,-0.5981191981617658,-0.4161234509375934,-0.39222793473189504,0.24282778805706462,0.4921505802550432,-0.15938278709162396,-0.8146154545081675,-1.3782447028300806,0.09541373004895157,-0.46366443142879876,-0.29127919636700184,0.6200753015809853,0.9295233111887464,-0.31061116696246377,-0.5673540279329115,0.6567665576042326,0.05723745256169568,-0.6200753015809853,0.2912791963670011,0.04814519612450831,-0.5596729573423944,0.8914050276351143,-0.04397226118798574,7.593435579547688e-4,1.4557499713346498,0.2692014673650073,0.4557501964577793,0.8219023601333442,0.8061862574166584,-0.3311783002420958,-0.13168642102891215,-0.39960325510201306,-0.1269445113490324,-0.0012904541294803558,-0.8656330827735822,-0.7099875321636356,-0.2706882785040748,1
0.8787130141623758,1.4697960731206219,1.0038746524609323,-1.161438585374874,1,0,0,1,0,0,-0.5207796166571032,0.040632729138202366,-0.42569225535928473,-0.1450047681714419,0.1911101777420002,0.1433121632781499,0.1725644583319909,0.25087596149137376,0.2681046714189368,-0.5333475012176359,-0.6991828517767911,-0.9701413169518177,0.10983767374440297,0.3842394709022076,-0.7640737557121062,0.5304804676269261,-0.006060845174417356,0.12304942631457139,-0.5483077512256369,-0.7793520964162078,0.14397247197458912,-1.1097674455857847,0.16657364323444634,0.7145082351075173,1.0291057656332891,0.7793520964162078,0.5483077512256362,0.5494904413305014,-0.5596729573423944,0.6639647927004092,0.8604627734383002,0.8200367948598906,0.06953024385249205,0.18764225758709038,0.5111183656893089,0.8839134569768611,-0.05424950115312168,-1.1658209625447336,-0.669956189235104,-0.4903671546674297,-0.194636969298146,-0.1916295312302808,0.03983423407198747,-0.32030321536567735,-0.5181215015185524,1
0.004904094016293398,1.3924927752062353,0.5693561964423357,0.5985369837740325,0,1,0,1,0,0,-0.2810198135785862,-0.28208427435022915,-0.46407179961141953,-0.11607228549737747,-0.24183023614822785,-0.12723941725901666,-0.4051178765529733,1.2340455538796389,0.6365403537942576,-0.8431331901338353,-0.5308114505827995,0.4658366839455327,1.5636888144371879,-0.657356457407893,0.8585178838419786,-0.5253603962322235,-1.0091476283558616,-0.9688145730426254,0.6502951668953726,-0.009609152108407288,-0.09349655783762789,-0.8337218812202342,-1.398108520514749,0.1383650316627091,-0.2557779833594229,0.009609152108406583,-0.6502951668953733,-0.5646101035717058,0.9413120111617277,0.34554846379182197,0.007709740790658993,-0.3918111018575571,0.5106001571422693,2.145063292257104,1.8953225964775422,-0.046252995675895824,0.05677446769459199,-0.6346847228976005,0.6529101902546883,-0.23104172733766892,-0.1607907403235886,1.4579758036433286,0.12214944469431245,0.1250502895462747,0.5334696962929761,1
1.5983203601650333,1.572867137006469,1.0038746524609323,0.3052077222492148,0,1,0,1,0,0,-0.3062576875868511,-0.2530106704323524,-0.5152445252809326,-0.03506133400999707,-0.3021483846076716,-0.16748675981826458,1.6187140451139095,0.1111364111624589,0.4237161816425552,1.0180876859809527,0.3584571526799881,-1.4547366282930165,-0.741684657808894,1.9221498790662783,0.09272373046005422,-0.2277276950615722,1.8623288520538992,0.9676347086430055,-0.70065935430716475,-1.2891818387499494,-0.3302717724379124,-0.05964961444589591,-0.8080785864431738,0.4712826283196879,0.47869510390685827,1.2891818387499494,0.7006593543071641,2.2763462859289234,0.41596727218528484,0.9914787310063841,0.705416767502365,1.5027680042781708,0.4475901695294441,-1.1173050988595852,-0.983822203561983,0.9459245538203791,-0.24854144663662048,0.04820472807728505,0.33359761589508324,-0.1532440991387405,0.04228663352375219,1.1407440084753266,0.36909507656128593,-0.2089648391376897,0.22417816752487937,1
0.004904094016293398,0.8771374557769975,0.5693561964423357,1.0385308760612593,0,1,0,1,0,0,-0.2810198135785862,-0.28208427435022915,-0.5408308881156891,0.043056369209976894,-0.3834331436580952,-0.2502174084122742,-0.9578841176080239,1.5579014665051116,-0.9491260237734795,-0.8967371979570598,-1.2728188210710936,0.41174189547547696,1.6712895729738553,-0.6774684640538013,1.1972591988132695,-0.6557458024673473,-0.9755513330267847,-1.119955433714474,0.7325686549474255,-0.16498583548630744,0.6550426761036302,-0.9388806717104111,0.6385257788127849,0.24409409934000187,0.5613083055377666,0.16498583548630744,-0.7325686549474262,-0.6203151308168162,1.1664597564373458,0.1272058382545045,-0.23777976860790415,-0.596630464683041,0.29006520049738066,2.145063292257104,1.839954427246013,-0.35630847989348147,0.8616982418405155,-0.7105613285614767,0.7988816528190786,1.0396528665781584,1.0915197317350172,0.31594134103852145,0.4514102871836102,0.4033962301162448,1.0283361423219313,0
-0.2263982671988458,0.026801178718756015,0.27967722576327125,-0.4281154315628296,0,1,0,1,0,0,0.36254597363216995,-0.4635035627977798,-0.016310450003180245,-0.3787792281778825,-0.2510590976709216,-0.0637380545544255,1.005625464298548,0.22822036321551625,-0.3445088904932904,1.248266475782441,1.4541471869023275,1.6746748304696564,-0.43937435805313,0.7562147314737347,-0.6180271494904357,0.6470744510332663,0.14040387212506975,0.8571978779647804,0.9704170281043213,1.3216089381505973,-0.6427458382630085,-0.9323656419153771,1.1212026140867473,-1.5471054011645224,-1.0535756734311412,-1.3216089381505973,-0.970417028104322,0.8280155775560533,-0.4846237089171882,0.3728412919839863,0.6666552660183818,0.700558833211691,0.3845801819166189,-0.05703537174666111,-0.4855086804782194,0.3258135853852078,-0.3595654154843339,-0.5588081172337243,1.4831228835896608,1.947291862232321,1.0238272737859035,0.09387908442092041,-0.04248097655033679,0.7374113588002092,1.5850608941045057,0
1.4184185236643685,0.8513696898055362,-0.15484123025532542,0.5985369837740325,1,0,0,1,0,0,0.6780193987354818,-0.534443156357399,0.39307135535292426,-0.4702058734279261,-0.14461707326253936,-0.047639117530726326,-0.43715888066591635,0.48872960174512764,-0.2805193267961246,0.5762453847811626,-0.37798705263591714,0.9582479423476759,0.689649934043997,-0.7952978424350414,-0.1586008272283741,-0.8626663660497269,-0.066439873921448,-0.9876269439611165,0.7755411756117203,0.5377636082882545,-0.1867721682594246,-0.8296795432260851,-0.4834171854694093,-0.8443509802566506,-0.47282380408372787,-0.5377636082882545,-0.775541175611721,-0.6203151308168162,0.11577027848446049,0.8732098088403377,0.24027874969456073,0.20557870638343811,0.4790951633358572,2.063504082479186,1.7292180887829538,0.3258135853852078,-0.19302946221276363,-0.7864379342253526,-0.040454256926167845,-0.2829068128036209,-0.5838686025055501,0.5380035976561225,0.28677986593896093,0.6260729825722207,0.038603250264021984,0
1.110015375377516,-0.23087648099586283,-1.6032360836506476,-1.6014324776621007,1,0,0,1,0,0,0.31207022561564,-0.46059620240599214,0.44424408102243734,-0.47425642100229515,0.06381820683819467,0.01228470361304279,0.15603748261722447,0.19518905605673653,-0.1937110155450544,-0.43371625552312343,-0.2038137624451024,0.09568574464897515,0.31107113857216684,-0.8375984396404841,-0.31106613614063067,-0.3152798973998744,-1.4448215341950494,-1.2329105353480694,-0.07652239220166908,0.20639792024048925,-1.0538924097201314,-0.5795223315817959,-0.05201644380195457,-0.8467376208265502,-0.9387292980488017,-0.20639792024048853,0.07652239220166766,-0.5089050763265954,0.26586877533487285,1.9467277177321458,1.4418852956980555,0.6664222727407777,1.550264952753888,2.5528593411466898,2.8919496426450695,1.938102103316653,-0.859173275299045,-0.2553016945782196,1.127317443588959,0.9229564242797662,0.4822876101929924,0.506280418139323,1.439192814651505,1.739456744852101,0.904619530814692,0
-0.7147032519863632,0.4133176682906843,-2.0377545396692445,-1.6014324776621007,1,0,0,1,0,0,0.1480240445619179,-0.41117107574560174,0.7768667978742723,-0.5338573353108679,0.3147588113567917,0.09635693029236066,-0.5771889954383213,0.801341073702559,0.23522203285786472,-0.9335260791189076,-1.4151479550762667,-0.7637814006436734,0.9997947314053823,-1.2374507855387462,0.149603051175677,1.073172366248448,-2.1331506543266525,-1.8408319916279805,-1.5705921899300108,0.5159874767715705,-0.4338508959774605,-0.9499967195979901,0.756878332829789,-0.8540621669637726,0.04254749888577694,-0.5159874767715705,1.5705921899300102,-1.1495128896453646,0.19081952690966666,0.16359627584405784,0.705416767502365,-0.27233314020935756,-0.9386295579527137,0.35076067714292497,1.4523772426253072,0.3258135853852078,-0.24854144663662048,-0.7105613285614767,0.853620951280726,1.1563493088765513,0.6853649840403343,0.6331731362065233,0.2044646553166367,0.514734606344233,1.2139110595827887,1
0.46750881644657266,0.49062096620506923,1.0038746524609323,-0.13478617003801185,1,0,0,1,0,0,0.13540510755778543,-0.4088451874321716,0.188380452674872,-0.4297003976842359,0.030114757787578467,0.017651015954275845,1.7709730449375585,-0.4192937790137074,0.6454032242541133,0.8568762057281836,0.5974006859090543,-0.8777527436017172,-0.5233591613897934,2.1939761702634093,0.056403859781750096,0.8432579960768414,0.8257836076650565,0.7782628400787932,-1.1427899248825406,-0.06374491962016399,-0.2703859907550272,0.6319980189074723,-0.03489486612526806,-0.3387515832154648,-0.01682796319051479,0.06374491962016399,1.14278992488254,2.387756340419144,0.26586877533487285,0.6548671833030202,1.0284292798688959,1.3662217623945152,-0.2770246880180474,-0.709509049969999,-0.26403600355210183,1.1939689411944467,-0.026493508941193386,1.0346006017076752,1.099947794358136,0.9099901529132779,0.7022880985276131,1.0772976494417266,0.4514102871836102,0.45906541823023866,1.0283361423219313,0
-1.8455147957048228,-1.596568077483343,0.27967722576327125,-2.334755631474145,1,0,0,0,1,0,1.1701579418966481,-0.6042198057603031,0.8024531607090287,-0.5379078828852368,-0.1438570841566279,-0.04898069561603459,0.9000440335223577,0.9764511506384399,-0.8429603903719967,1.1716848158154758,0.18927276880328006,-1.457829546463433,-0.7149840717556384,-0.15135759367637683,-0.22582726644459683,-1.5325247562346995,-0.7143398378373819,-0.8046034200306321,-2.501932049243882,0.4930801176436292,-1.4027678623231958,-1.5664386462554396,-0.38768449091304563,-2.291197750568167,-1.0316025055720883,-0.4930801176436292,2.5019320492438806,-0.27215871053487645,-0.3720498362793791,-0.5323708430561405,-1.1874365549655046,-1.3561689351608777,0.6208676354647141,-1.4435419379712537,-0.5408768497097485,-0.32530293147172246,-1.3587811351137562,-1.5452039908641146,-0.6060936743631827,-0.6978274965312384,-1.4638705558440304,0.47455723862252236,-0.20711139779498602,0.013711913318286572,-0.9511296417938885,0
0.4161082917320974,1.0575118175772313,-0.4445202009343899,1.7718540298733036,1,0,0,1,0,0,0.33730809962390496,-0.46117767448434965,0.4570372624398156,-0.4864080637254022,0.05592953734277355,0.021228557515097883,-1.714927758215397,0.17332674846793897,0.7734998837901835,-2.482877538262063,-1.3615852698187574,1.7724105943036486,2.105691219557691,-1.061700861706887,-0.985558932635189,-0.05036766660389666,-1.6867996082898864,-1.2329427111289002,-0.2493891336940558,2.664697762972419,1.3238098023909814,-1.2252077050933539,-1.1080149010383424,1.6816057551755905,0.566398951126153,-2.664697762972419,0.2493891336940551,-1.0102503215325889,-0.9349191994684248,-0.082039177885424,-0.09565426316663046,-0.7502449868021539,0.038025250046078915,0.6769975162545934,0.8986955503100138,-0.728375060954584,1.264160128913477,-1.1278826597127956,0.10551720563822252,-0.4903671546674297,0.1607484349347019,0.4904188283809227,-1.853415610241477,-1.0996718489615938,0.9355486836915021,1
-0.09789695541265715,-2.137691162884043,0.27967722576327125,1.0385308760612593,1,0,0,1,0,0,-0.4703038686405733,-0.09601320927581818,0.9943508819697028,-0.5708909131336704,1.048156237724814,0.36735570352463,-0.7200657002942749,0.533588232948487,-0.5557781785280674,-0.208567195185567,-0.9385347908774709,-1.3785516344915163,0.4289160342011545,0.8833924836034441,-0.07751566338010299,-0.7625045420821365,0.606428421504762,0.7177003098983509,-0.11207882534413707,-1.7690215962405276,1.8839442455222626,-0.8100200852217536,-0.0064761404077761705,0.8830848670459889,1.9208358573727582,1.7690215962405276,0.11207882534413637,0.438080386840281,-0.40957446049198204,-1.0554833834059623,-1.232658306696819,-0.972132629863095,0.06953024385249205,-0.8726274695258333,-0.9284540343304539,-0.6663639641110671,2.16622987580115,-0.5588081172337243,0.8809906005115491,0.7414286251489338,1.0915197317350172,1.9972698554289314,0.2044646553166367,-0.5429799678216537,2.018069034379841,0
-0.7147032519863632,-0.23087648099586283,-2.0377545396692445,-1.6014324776621007,1,0,0,1,0,0,0.1480240445619179,-0.41117107574560174,0.44424408102243734,-0.47425642100229515,0.1652920781742089,0.050296082696776934,-0.15210046187641363,0.23837817101755412,0.9890655547250937,-1.2104995979789628,-0.7403071910630206,-0.9171211734565969,0.08611160950479599,-1.2092453811810868,-0.17007247667649028,1.0085249221579604,-2.1240777516723695,-1.6014841047614106,-1.3673641829525736,0.10529125240634482,-0.996764341997508,-0.4975563943684891,-0.3386154622053862,-0.4708922768622653,-0.601101919069936,-0.10529125240634482,1.367364182952573,-1.1216603760228097,-0.10937746679115769,0.17269388524144552,0.6795757665130432,-0.2894014204448148,-0.655084613695,0.2692014673650073,1.1755363964676604,0.20179139169817292,-0.8036612908751883,-0.17942508891434333,1.0817013615375868,0.7154960824159574,0.46536449570571364,0.8235122133073248,1.3568776040291806,1.5724491805101195,1.0283361423219313,0
2.08662534495255,-2.137691162884043,-1.168717627632051,1.0385308760612593,1,0,0,1,0,0,0.5139732176817596,-0.5117657453014551,0.9943508819697028,-0.5708909131336704,0.18875368257867361,0.04761292652616041,-0.790139400088507,0.34017669366582437,0.4433090765874759,-0.7724028146879657,-1.4601914971552252,-2.379902414151437,0.41588792257954443,-0.03247388329502415,-0.5429442102419345,0.415708607986263,-0.370498971939715,-0.635728043134046,-1.0726104692356557,-2.1821010396454597,1.066260548388408,-1.0108127786930785,-0.18827129839618162,0.6760859329577311,1.2776557608923795,2.1821010396454597,1.072610469235655,-0.23037994010104354,-0.7097714541928067,-0.7825551014843162,-0.4703487775118068,-0.5795621844475838,-1.1906695084040155,-0.46483142063624716,0.012804842605544792,-0.6663639641110671,1.4723300705029398,-0.6852691266735177,1.2915353389738984,0.9791436002012148,1.2325456857956714,1.9972698554289314,1.439192814651505,0.3848398340782469,1.1932916243315823,0
0.46750881644657266,-1.596568077483343,1.7280720791585935,-2.334755631474145,1,0,0,0,1,0,-0.10435469552073157,-0.36058300492849626,0.8024531607090287,-0.5379078828852368,0.5199898824992849,0.1383930436320196,2.8888326780152465,1.8109038169526575,0.22481338991152336,2.821506086471145,1.9590018476246063,-0.0203958267621136,-1.804320151278396,2.6465553569563007,1.0735301051585582,0.05118919175811922,2.015690691692747,1.9122174937414511,0.49320743187182114,-0.5169746011139487,-1.3725852315045486,-1.410083427534746,-0.25588723425211923,-1.8129483089359304,-0.6798901462145456,0.5169746011139487,-0.4932074318718218,2.499166394909364,1.0163612595869336,0.05442496307539909,0.07231224326396513,0.8883099158017184,0.3215701943037938,-1.1988643086375024,-1.482135726645747,0.3258135853852078,-1.34952913770978,-1.4440351833122795,-0.8220097960730116,-0.8145239388296306,-1.3905370597324904,0.19962301614358732,0.34165667302051117,0.10649389350827677,-1.1779434295571587,1
-2.128217681634438,-0.23087648099586283,1.0038746524609323,-1.6014324776621007,1,0,0,1,0,0,0.9934928238387936,-0.5763091459991414,0.44424408102243734,-0.47425642100229515,-0.2428561609027332,-0.07670664271240538,1.4026432563116058,-0.22326672476888965,0.32333153415844074,0.8472544055288115,1.0702216669520341,0.8118424480770617,-0.8124358365633056,0.955744608654622,-0.8219161655531758,-0.2523821509463809,0.5668131016890264,0.6652674789662728,1.1921218465220598,-0.07507566165750797,-0.9954408402514844,-0.5169369850873812,-0.695624760924363,-0.5825438725877762,-0.7418363727740249,0.07507566165750797,-1.1921218465220604,1.5382546749312107,-0.3720498362793791,1.7647755297843817,1.3320610414934348,1.5454387048668132,1.8023049032051899,1.4110304042558486,0.8433273810784847,1.5350299738337914,-0.9701972441467586,-0.5588081172337243,-0.2776578835933038,-0.5811310542328463,-0.7530997473783346,0.09387908442092041,0.8629863402952329,0.9044189231421907,-0.3944048900113141,1
-2.128217681634438,-0.10203765113855341,1.0038746524609323,-1.161438585374874,1,0,0,1,0,0,0.9934928238387936,-0.5763091459991414,-0.7711081536284979,1.6401294128183332,-2.0064219161477346,-1.7107487506178707,0.9335370405191208,0.1779554482516492,-0.3987460186001328,0.014132448651873502,-0.6219873873264264,-0.6481480751021568,0.3395369349833352,1.2003304316019519,-0.7801143498035131,-0.36569027508501306,0.4182303581776841,0.07058068048517945,0.49320743187182114,-1.373153796310799,-0.09874995545846903,-1.025750867733165,0.177615706072326,0.3956180375648561,0.8775223630357927,1.373153796310799,-0.4932074318718218,1.8028535543454847,-0.3345252120667762,1.7192874827974407,1.2222367872888142,1.3662217623945152,1.3297299961089997,1.0847935651441794,0.8986955503100138,1.3800022317249987,-0.16527347000083534,-1.0140677512169813,-0.2685346671830286,-0.1402778277722523,0.025363519036474696,0.1890486229713212,0.28677986593896093,-0.32030321536567735,-0.1469716669968365,0
1.495519310736081,1.9593836265783975,-1.168717627632051,-0.13478617003801185,1,0,0,1,0,0,-0.43244705762817587,-0.14834569632799627,7.992221117275614,-0.7884631828426348,2.0121452988352058,0.49525281432401774,-0.12755333217829204,-0.3474959676155095,-0.8312468648626599,0.9138459936236694,0.7717069924878295,1.7552575916924613,0.7208673907591643,0.026330312754149807,-0.9653720296093242,0.23701251847123792,0.5765265919011958,0.8385074567149774,1.0042885975848093,1.3979208031972914,0.2036749516496293,-0.49013938600669504,1.37451703486552,-0.6628730813530694,-0.18461755608041905,-1.3979208031972914,-1.00428859758481,-0.11896988561082296,-1.009968447893631,-0.5369196477548344,-0.3411437725651945,-0.10165033785478751,-0.24551969421163483,0.35076067714292497,-0.09793149585751397,-0.5423417704240322,0.0012624832707351544,-0.6346847228976005,-0.6517097564145549,0.09311505682453199,-0.1777138548108673,-1.2702176348014877,-1.277209135885205,-0.8769950965056176,-0.2706882785040748,1
0.05630461873076867,1.1605828814630785,1.4383931084795292,-0.4281154315628296,1,0,0,1,0,0,-0.571255364673633,0.1633233376716421,0.25234635976176334,-0.449953135556081,0.9243657493185123,0.4733403722639828,0.21668951869818734,0.04202775147394101,-1.1897825534987516,0.5392519355070523,-0.2348527068255673,0.21949976928340761,0.48944862757275043,0.6190302515436895,0.6372833009177566,-1.5439407928228126,0.9105999915596847,-0.6551646431164797,0.07500831336893375,0.22497917377587734,0.3172156829739146,0.5807320130972533,0.07496100887978775,0.17444078883573808,-0.3343207355413524,-0.22497917377587734,-0.07500831336893446,0.49378541408539117,0.491016520610491,-0.23669853764102378,-0.9742482968035945,-0.6136987449184976,0.006520256239666901,0.35076067714292497,0.34501385799472056,-0.6043528672675491,0.6396503041450882,1.0346006017076752,1.2367960405122524,1.0915179520441112,1.1084428462222957,0.2524949820049213,0.4514102871836102,0.6260729825722207,1.1520527538291696,0
0.5960101282327613,1.1863506474345409,0.5693561964423357,-0.4281154315628296,1,0,0,1,0,0,-0.0412600105000692,-0.37395686273071954,-0.6687627022894718,0.48283010585575625,-0.9559833383792545,-0.660740302516603,0.7625575283708551,-0.3115863793424186,-0.5206186565962174,0.5850181166685697,0.16894037239770646,-0.08114604434340782,-0.3592564155695815,-0.15096749779419066,-1.0054668118422465,-0.5476624464907796,0.14172459388213116,0.021268051345302335,0.5581846313588362,-0.6642742475994289,-1.211199750908291,-0.5795924955245083,0.16135520203702827,-0.6497900521313689,-0.19886664548638303,0.6642742475994289,-0.5581846313588369,-0.14682239923337803,-0.9349191994684248,0.00893691608845806,-0.2765412700918884,-0.20406001926752979,0.41608517572303205,-0.05703537174666111,-0.319404172783631,-0.23228628620644656,-0.9701972441467586,-0.1035484832504671,1.7203265102567968,1.5583037212376798,1.142289075196852,1.3945294446097283,1.1922471827845313,0.9044189231421907,1.2139110595827887,0
-1.8712150580620608,0.20717554051898904,0.27967722576327125,1.0385308760612593,1,0,0,1,0,0,-0.356733435603381,-0.19718935091002915,0.29072590401389814,-0.4511104348630436,0.5562820652806573,0.19697528669048045,-0.5531568314347213,-0.7803906122751489,0.8618108171715679,-0.41583917621310207,0.3964145335987712,0.44911522146256955,-0.05417763637725628,0.0194802956722727,-1.2948662352096805,0.6031529732868204,-0.1492138013196341,0.09925934159509861,-0.67984341407292,1.286800017252106,0.7886425213466728,-0.2260579626692905,-0.5720136876045526,0.4138140481955955,-0.41845088065829644,-1.286800017252106,0.6798434140729193,-0.03541234474315745,-1.2351161931692491,-0.18211288125669506,0.14983524623193267,0.08610074473523979,-0.4660546508565234,-0.7910682597479163,-0.5962450189412776,-0.35630847989348147,0.5008703430854462,-0.4070549059059717,-0.642586540004281,-0.8145239388296306,-0.6177148314801074,-0.635754044465484,-1.1125787146405561,-0.7099875321636356,-0.76555472453303,1
0.7502117023761872,0.23294330649045036,1.0038746524609323,0.5985369837740325,1,0,0,1,0,0,-0.6091121756860305,0.22961115460440099,0.16279408984011548,-0.41639145565416624,0.970622355816839,0.498383163189737,-0.2492575857830185,-2.116862339458047,1.2993676103451366,-0.20215574363509675,0.8349267122726401,-0.09156849546527318,-1.252016908789328,0.8796442796418011,-0.1758965007305965,0.6605217836416868,0.48479767426877607,0.4812762758091523,-0.11623388745465664,-0.009609152108407288,1.2255289403193805,2.729250741248541,-1.1125183603325006,0.7538164427373032,-0.6155730067943939,0.009609152108406583,0.11623388745465593,0.8837206048011639,-0.10937746679115769,0.1908891040362222,0.5116092600824467,0.700558833211691,-0.40304466324369825,-0.6279498401920818,-0.6516131881728072,0.5118468759157585,1.3613061016552261,2.9315157433045793,0.5799244589724931,-0.127311556405765,0.17767154942198057,0.28421816152172197,1.0276167615398821,1.127095675598167,0.5334696962929761,1
0.08200488108800677,0.33601437037629844,-0.15484123025532542,-0.4281154315628296,1,0,0,1,0,0,-0.4198281206240434,-0.1506715846414264,-0.6431763394547153,0.30923520981136965,-0.4479314083594577,-0.3548604990663188,0.10564552938555592,0.6413244338434239,-0.7834274767873877,-0.7476157221670533,-1.6859233298174539,-2.5819597523196567,0.3635213844852509,-0.607270142159021,-0.13453748933186915,0.011602960235464282,-0.7420120407690516,-1.1479986497363885,-2.5183072555614885,-1.023858678725748,-0.7536798511074129,-1.0150146155032844,1.0826314617956123,0.2742141705638425,1.0709856568236555,1.023858678725748,2.5183072555614867,-0.5646101035717058,-0.10937746679115769,0.06352257247278678,0.05939174276930372,-0.23819657973844427,-0.5290646384693491,-1.2804235184154193,-0.26403600355210183,0.20179139169817292,-0.47058938433204756,-0.6346847228976005,1.5652318312821314,1.9991569476982738,2.0222910285353324,0.9186817518577256,0.36909507656128593,-0.09762646290970158,1.8943524228726025,0
0.004904094016293398,1.8563125626925503,0.5693561964423357,-0.8681093238500562,0,1,0,1,0,0,-0.29363875058271866,-0.2559180308241401,-0.3617263482723934,-0.2115494783217901,-0.07557315057065565,-0.03332895128743818,-0.1538092897884352,1.3370503233958835,-0.8713830005798029,-0.6082722049852056,-1.1319873710890815,0.16131398292320728,1.878657106351341,-0.8551348398262683,1.290983022181824,-0.5480297291052761,-0.8984733002329283,-1.3245945345361436,0.7708136246067302,-0.5444705351245722,-0.6405650946238614,-0.5418650780426701,0.6404927273307028,-0.069174238051091,0.17843027102174203,0.5444705351245722,-0.770813624606731,-0.8152827261747027,1.1664597564373458,-0.054746349693259644,-0.3282232720705331,-0.6478353053894121,-0.18250970659880966,2.3897409215908554,2.0614271041721297,-0.4803306735805153,-0.44283339212011924,-0.2553016945782196,0.9722227646142934,1.1952481229760152,1.0915197317350172,0.28421816152172197,0.5337254978059351,0.29205785388825667,0.6571863078002155,1
1.0586148506630406,-0.35971531085317227,-0.4445202009343899,-0.8681093238500562,1,0,0,1,0,0,-0.06649788450833415,-0.3698865581822168,-0.6559695208720935,0.32948794768321477,-0.8922625154606776,-0.5391038894486537,0.5718173435917892,0.4559987651725905,-0.9177148146936238,0.67295158803359,0.2955586088671745,0.6843827537913361,0.021219973510864718,0.12501442707960642,1.0948784838340413,-1.5823579291577938,0.5625346688668589,-0.6285242683153781,-0.6280087910670794,1.5562679231691818,-0.6702129933040148,0.47095261408254635,-0.33557022147217613,-0.3513144319804884,-0.9978722824828293,-1.5562679231691825,0.6280087910670786,-0.14682239923337803,0.5660657690356972,-0.9645072894320803,-1.5298298180740268,-1.2793616741013212,-0.2770246880180474,-0.22015379130249568,0.06817301183707392,-0.790386157798101,-0.6371253376036178,0.4275877563966659,-0.02220782410562002,-0.1921429132382052,-0.3130987707090945,-0.44541496736468245,-0.28942660841731066,0.5704037944582268,0.16231986177126023,1
-0.4063001036995106,0.8771374557769975,-0.15484123025532542,1.0385308760612593,1,0,0,1,0,0,-0.16744938054139394,-0.33557970555912225,-0.579210432367824,0.10381458282551219,-0.5900898117159112,-0.33831436934751685,-0.8036968055857542,0.4764781289934493,-0.5307931234168697,0.4756731498945913,2.0728434784162965e-4,-0.2820567039793944,-0.4899120616503392,-0.455391589697971,-0.16929957109906651,-0.22183870149503288,0.6232569286394642,0.32226841495799147,-0.5532824974487066,0.1640471410786609,0.6625380616056809,-0.8235817791332163,0.5026854804260615,-0.024592836045209322,0.31436290294496266,-0.1640471410786609,0.553282497448706,-0.2582324537235989,0.11577027848446049,0.9096002464298897,0.6408142650290589,0.8883099158017184,0.6996301199807459,-0.46483142063624716,-0.26403600355210183,1.13195784435093,0.8061862574166584,-0.6346847228976005,0.6072941082033162,0.7932937106148858,0.7361343275021692,0.28421816152172197,0.28677986593896093,0.4033962301162448,0.9664778365683122,0
1.572620097807795,-1.7511746733121147,0.27967722576327125,0.3052077222492148,1,0,0,1,0,0,-0.40720918361991093,-0.15706777750335926,0.022069094248954552,-0.38340842540573283,0.4545930355320551,0.17551003732554823,0.5319060572066655,0.4827386492723444,-1.0502441513896819,0.8741979545445604,0.604169804483529,2.635076134595512,0.1724372397399176,-0.33702641911932,0.05084525888422744,-0.7910874425263389,0.3851737799883834,0.2878455698245418,1.2465662665038717,2.3576003181784477,-1.076381147497806,-0.6116382817234981,0.6407523507801841,-0.7990533111700224,-0.5044251612882523,-2.3576003181784486,-1.2465662665038724,-0.23037994010104354,0.19081952690966666,0.4456221671630917,-0.05689276168264715,0.10316902497069583,1.0776900456576979,0.5138790966987595,-0.04256332662598434,0.2638024885416898,-1.1182292026103766,-0.8117301361133116,-0.9436526815433369,-0.5119776069449095,-0.7700228618656133,-1.0693041645284194,-1.5790315748337282,-0.8213259083916238,-0.9717490770450948,0
1.932423770809123,1.0832795835486928,0.5693561964423357,0.3052077222492148,1,0,0,1,0,0,-0.15483044353726144,-0.3448832588128428,-0.2977604411855021,-0.27925148777910086,-0.14611146018685067,-0.04942788831113735,-0.05997222802456328,-0.7265553908931921,0.63265706369153,-0.07547892853323251,0.010143053804442604,-0.6661352823817831,-0.15624335611498572,-0.30659366372132707,-0.14429045324395526,0.1828976771948829,0.1319367792168004,-0.31060795461566215,-0.7076772998718532,-0.20666334585120408,-0.22295193335334942,0.8526730669291507,-0.6810688732073036,0.23279341474491155,-0.3164346794608991,0.20666334585120408,0.7076772998718532,-0.48105256270404034,-0.40957446049198204,-0.8826288048555859,-0.6641562849317252,-0.5795621844475838,-1.1276595207911904,-0.30171300108041293,0.012804842605544792,-0.35630847989348147,-0.24854144663662048,0.7310941790521709,-0.14080963743918734,-0.46443461193445323,-0.3469449996836519,0.030432725387320277,0.36909507656128593,0.29205785388825667,-0.20882997275045564,1
1.495519310736081,1.1605828814630785,-1.168717627632051,-0.4281154315628296,1,0,0,1,0,0,-0.43244705762817587,-0.14834569632799627,0.25234635976176334,-0.449953135556081,0.6470905468474868,0.23364508768890632,-0.407501395107699,-1.178259779890506,-0.08879370820853268,-0.012923399468941981,0.2633904112329558,0.49921442586794956,0.46496692966308856,-0.17210196877973877,-1.0678588037992427,0.038973534439378434,0.5435275479918596,0.3955412951885099,1.078283513832815,-0.38855952469070976,0.3946783501920108,0.5474410176229829,0.1605486172461409,0.556411291473413,0.043748654482903174,0.38855952469070976,-1.078283513832816,-0.45320004908148526,-1.2351161931692491,-1.2465331807511142,-1.0388507992769007,-0.801449827508525,-0.9386295579527137,0.2692014673650073,-0.2086678343205727,-1.3484860293897554,0.7506742729928018,1.0346006017076752,1.3280282046149967,1.2211806657089916,1.4130589069933075,0.31594134103852145,0.6160407084282594,0.45906541823023866,1.0901944480755505,1
-1.8712150580620608,0.7482986259196881,0.27967722576327125,1.0385308760612593,1,0,0,1,0,0,-0.356733435603381,-0.19718935091002915,-0.630383158037337,0.23111750659139568,-0.5031741488122929,-0.33026490083566723,-0.4386511912197688,-0.9092861210248896,0.00482184862252079,-0.601392555604231,-0.34238542582080755,-0.06086655994626188,0.7460060067153385,0.15212307066868191,-1.3772285063068925,0.7676254093402604,-0.284538353208734,0.10732361521094805,-0.31054414497595056,0.22497917377587734,0.7619547391457087,-0.13165354692105552,0.7647978782748285,0.5302991836659809,0.5498984436303945,-0.22497917377587734,0.3105441449759499,0.2152602778598393,-1.2351161931692491,0.30006041680488094,0.6666552660183818,0.512807750621665,-0.18250970659880966,-0.22015379130249568,-0.09793149585751397,0.015758101167622184,0.8061862574166584,-0.02767187758659086,0.31535118307453414,0.6765972683164937,0.8715192434003977,-0.3819686083310823,-0.8656330827735822,-0.8769950965056176,0.5953280020465953,0
-1.0231064002732158,0.33601437037629844,1.7280720791585935,-0.4281154315628296,0,1,0,1,0,0,-0.19268725454965888,-0.32860204061883186,-0.6431763394547153,0.30923520981136965,-0.7344913508946546,-0.49170146376776175,1.1145043755857613,0.9448274281112775,0.09937901944016954,0.17893545445879064,0.00450790018335615,-1.3664876044088343,-0.2659894047274713,0.7215469586955742,0.31192773628003234,1.3894891316975582,0.4311320001480222,0.9480018402639983,-1.1598770966922176,-0.7133741297612541,-0.8287842448964812,-0.9843229379330835,1.2604481267434542,0.1857728562518273,0.9196787924143038,0.7133741297612541,1.159877096692217,0.29881781872750485,-0.10937746679115769,-1.0827762115981268,-0.3023822710812103,-0.11871861809024475,-1.3796994712424915,-1.5251011477491712,-1.3160312189511594,-0.35630847989348147,-0.5261013687559044,-0.5588081172337243,1.765942592308169,2.2973811891274982,2.2592146313572306,0.7600658542737248,0.28677986593896093,-0.04195727479570725,2.079927340133461,0
0.004904094016293398,1.0575118175772313,0.5693561964423357,-0.4281154315628296,0,1,0,1,0,0,-0.29363875058271866,-0.2559180308241401,-0.08027635709007157,-0.36547028614781285,0.2188822648167747,0.08562430560989455,-0.42956271049227945,0.23958745068044285,0.7003795097059315,-0.9825541368297034,-0.3360427728518104,1.4713186068300277,1.7434777125214622,-0.823877054806643,0.9585563361714828,-0.582077047398741,-0.7559357124973298,-1.0228015305088438,1.0008734476041308,1.0140489972048288,-0.22589084006026774,0.6314193999244153,-1.542373549959753,0.5777943372687282,-0.5616945596507381,-1.0140489972048288,-1.0008734476041314,-0.7595776989295921,0.9413120111617277,0.1272058382545045,-0.19901826712392082,-0.47715250303484213,0.16404522527173035,2.7159777607025237,2.227531611866718,-0.23228628620644656,-0.38732140769626244,0.27583454506891375,-0.7611883533378483,-1.3591073362221284,-1.0915620371239039,-0.12818317219668063,-0.6186874509066087,-0.2089648391376897,-0.6418381130257917,1
0.8787130141623758,-1.7511746733121147,1.0038746524609323,0.3052077222492148,1,0,0,1,0,0,-0.5586364276695006,0.10168729736574346,0.022069094248954552,-0.38340842540573283,0.7411529780672491,0.374510786646274,1.2436718666398094,-0.3330502970376828,-0.006270963247581311,0.5136138100387432,0.633827691402558,1.2180086086728714,-0.01774755286272397,0.6607902520608306,-1.2068862107972307,0.6836290500685961,-0.22459803316088228,0.21833354746804876,-0.16027754582615011,1.8201797897890004,-1.0691021708874964,-0.7519101271168448,0.6955538832226402,-0.9165666867983349,-0.6108468272203886,-1.8201797897890004,0.16027754582614942,0.9672781456688292,-0.9349191994684248,1.0733572155828786,1.3126802907514432,1.1443341193335734,0.4790951633358572,0.4323198869208419,0.5664865349208381,1.3179911348814817,-1.0653606460162273,-0.8297959946047105,-0.5331079430809875,-0.11990225848205759,-0.4678243888784982,-0.857816301083085,-1.0302635040182315,-0.3043977330473934,-0.5446322039843892,1
0.6217103905899984,1.9336158606069351,0.27967722576327125,0.5985369837740325,1,0,0,1,0,0,-0.48292280564470574,-0.08729112810045517,-0.16982862701171944,-0.34058835104811747,0.4210429899188468,0.19608090130027495,0.9160191378950294,1.8679469401994333,-0.040990153946749625,0.7133439713596594,0.489498614076968,0.9515053814450302,-0.34574380329439347,1.0050550312836133,2.178076121801254,0.24083899259163363,1.165294546296364,0.558029143746024,0.4977080171176754,0.8041191033027003,-0.26950776456486414,-0.38186695235526497,0.29805487475418313,0.19180444052168202,-0.09156532465884291,-0.8041191033027003,-0.49770801711767615,1.106540713781605,2.2921984828154374,0.46381738595786837,0.5245297605771081,1.0077878774499178,-0.2770246880180474,0.02452383803125581,-0.2086678343205727,0.7598912632898273,-0.47058938433204756,-0.6346847228976005,-0.9801455471844351,-0.6978274965312384,-0.5838686025055501,-1.1433249167342867,-0.6186874509066087,-0.32030321536567735,-0.5181215015185524,0
0.2105061928741954,1.4955638390920825,1.7280720791585935,-1.161438585374874,1,0,0,1,0,0,-0.6722068607066928,0.6337342490628872,-0.4512786181940413,-0.1450047681714419,0.5816672301682906,0.5994487122829596,1.3220363089125902,-0.11263850661371497,-0.7718223798845447,0.2368539755457564,0.02616561079243761,-0.7506649667940702,-0.2913057173031551,1.0945558038551368,-1.0881587720207528,-0.6864187389641182,0.6216657522989162,0.3947246781098385,-0.38904162214375715,-0.6379707392984506,-0.7446564070205588,-0.935493684837635,0.36532241481684474,0.2964586779500379,0.3513552457333653,0.6379707392984506,0.3890416221437564,1.0229831729139398,-1.009968447893631,0.018034525485845748,-0.3411437725651945,-0.08458205761933026,0.5736101447550955,-0.30171300108041293,-0.1532996650890431,0.3258135853852078,-0.9701972441467586,-1.2416975682086098,-1.728249292826938,-1.3202085221226638,-1.1423313805857394,-1.397110352868688,-0.4540570296619595,-0.7656567202776299,-1.6934293108373202,0
-1.9740161074910114,0.7482986259196881,1.7280720791585935,1.0385308760612593,1,0,0,1,0,0,0.04707254852885811,-0.390819553003088,-0.630383158037337,0.23111750659139568,-0.9053216429855997,-0.4791800683048846,-0.31264790506258855,-0.11396558555938795,0.38745214720705223,-0.38956517808838276,-0.19294649587969143,0.7542974028086133,0.8293162140164084,0.2575724683497403,-0.5317720234684385,1.3711106572104947,-0.12863890197301858,0.413220488221524,1.2514376093443502,-0.21238889143210804,0.6921078981746344,-0.37629619667111397,0.8481739161330429,0.3987212897791666,0.6542692742907009,0.21238889143210804,-1.251437609344351,0.4102278732177254,-0.3345252120667762,0.6275743551108558,1.2997597902567817,1.178470679804488,-0.37153966943728567,0.9216751455883455,0.34501385799472056,0.20179139169817292,0.7506742729928018,-0.2553016945782196,0.3518440487156324,0.754394896515422,0.8884423578876751,-0.2233527107470814,-0.4540570296619595,-0.5986491559356475,0.6571863078002155,0
0.8787130141623758,1.9336158606069351,1.0038746524609323,0.5985369837740325,1,0,0,1,0,0,-0.5586364276695006,0.10168729736574346,-0.16982862701171944,-0.34058835104811747,0.5797944631655974,0.3414185272086702,0.7488140665443217,-0.6104120416461405,0.20166038257133606,-0.3741979894037327,0.24539029469013401,0.022828453141844302,-0.18468466242477857,0.7215469586955745,-1.3319096435466349,0.5631396441244522,-0.21676681868711248,0.18021602101541886,-0.0632699944762795,0.09388569754642515,-0.3202829682852171,-0.496468158569102,0.29022453472700854,0.2905750756256244,-0.14307353300440168,-0.09388569754642515,0.06326999447627879,0.9951306592913848,-1.0850176963188372,0.9641859028142197,1.1447137843208466,0.9907195972144606,0.4790951633358572,0.4323198869208419,0.5111183656893089,1.069946747507413,-0.49834537654397587,-0.7105613285614767,-0.9162830323125138,-0.6459624110652865,-0.4992530300691578,-1.206771275767887,-0.12479618717266176,-0.09762646290970158,-0.6418381130257917,0
0.7502117023761872,1.4955638390920825,1.0038746524609323,-1.161438585374874,1,0,0,1,0,0,-0.6091121756860305,0.22961115460440099,-0.4512786181940413,-0.1450047681714419,0.36744909743890647,0.28864978918654516,1.0506291570166766,0.3513444741408716,0.09703640173291102,-0.01596109004873389,0.12127705885871153,0.1059719727720696,-0.157399583379511,0.8864890178810174,-0.17007247667649028,0.9841148386332436,0.5267149860648908,0.8129060493070069,0.6912331826893887,-0.5410235229891278,-0.5751560364958522,-0.6526061906230076,0.8562884932455875,0.5438439668602115,0.6359784216467612,0.5410235229891278,-0.6912331826893894,0.8837206048011639,-0.10937746679115769,0.17269388524144552,0.6666552660183818,0.8712416355662611,-0.43454965705011084,-0.22015379130249568,-0.5408768497097485,0.44983577907224165,-0.8314172830871166,-1.0140677512169813,-1.6278939123139191,-1.0349505520599276,-0.7869459763528921,-1.6191726094862895,-0.8656330827735822,-1.1553410370755877,-1.5078543935764617,1
1.932423770809123,0.0010334127472937634,0.5693561964423357,0.5985369837740325,1,0,0,0,1,0,-0.15483044353726144,-0.3448832588128428,-0.31055362260288033,-0.2520549540654803,-0.1612449348950008,-0.07044594498096682,0.253119889989173,-1.1686384699444259,0.5527685083491393,0.6798967302681276,0.6473305335569163,-0.812232764165818,-1.8780691450155058,-0.36049282376102043,-0.44830785663904954,0.37844615168923873,0.6329505423983423,0.2683918089650908,0.21054164239835904,-1.3166012534636966,-0.7121695505958876,1.1548880060012048,-0.3753511835279693,-0.2908736962541241,-0.5795290340339438,1.3166012534636966,-0.21054164239835974,-0.5646101035717058,-0.7097714541928067,-1.073678602200739,-0.7416792878996918,-0.47715250303484213,-1.2536794960168407,-0.30171300108041293,-0.4301405112466897,-0.6663639641110671,-0.6093693453916895,1.2622304186993043,0.39746013076700454,0.13201387092399572,0.008440404549195996,0.2524949820049213,3.0854970270979956,2.351817814106035,-0.023255055489598248,0
0.004904094016293398,0.7482986259196881,0.5693561964423357,1.0385308760612593,0,1,0,1,0,0,-0.29363875058271866,-0.2559180308241401,-0.630383158037337,0.23111750659139568,-0.5845463923677897,-0.37543136304104546,-1.1575712751473404,0.8470844979755693,-0.8417125560307517,-0.25010480687754044,-0.6645931286522284,0.5580636693814269,1.684495696787666,-0.5066309314391552,1.1231635338218693,-0.2935480111999366,0.3899338997920136,0.015222754361200496,1.5601216811746321,-0.7861774033115495,1.1034113792577402,-0.03748948546759807,0.8556618200379241,0.7245272388595876,0.8788656731026097,0.7861774033115495,-1.5601216811746328,-0.3696425082138195,1.3165582532877582,0.6002815269186915,0.3436427536518511,0.4957394703862077,0.41608517572303205,2.3897409215908554,1.5631135810883663,0.20179139169817292,1.0282341951120857,-0.02767187758659086,0.03253147435602734,0.4691369264526849,0.7530574419894479,-0.4771381468814831,-0.28942660841731066,-0.6543183440496418,0.34789477903211874,1
0.4932090788038099,0.8513696898055362,-0.15484123025532542,0.5985369837740325,1,0,0,1,0,0,0.24897554059497767,-0.44198909589855107,0.36748499251816774,-0.46846992446748226,0.06111110025075161,0.02212294290530339,-0.18591147026914737,0.9546959880941007,0.19263461904045553,0.7891279062900631,0.9079510339308395,0.6132812479929319,-0.8573622946307168,-0.4317659967631313,0.5119267661341768,0.02935817548724071,-0.2286926763865576,0.2575456977254815,0.18032674558006626,0.6575966059261134,-0.1729010716259403,-0.7975132085683794,-0.233835842453214,-1.2928286342774709,-0.9289375652617343,-0.6575966059261134,-0.18032674558006695,-0.17467491285593337,0.9413120111617277,1.2098213565437015,1.0413497803635572,0.8883099158017184,1.2982250023025865,0.35076067714292497,0.2896456887631914,1.13195784435093,-0.3595654154843339,-0.9381911455531051,-0.8341740846200435,-0.8145239388296306,-1.2100238385348534,-0.3819686083310823,0.03983423407198747,0.4033962301162448,-0.8274130302866491,1
2.08662534495255,-0.07626988516709207,-1.168717627632051,-1.6014324776621007,1,0,0,1,0,0,0.47611640666936217,-0.49257716671565654,0.764073616456894,-0.5303854373899801,0.12022128988883357,0.031066796807358486,0.9010206954186301,-0.5413797491097982,0.6781579158743343,1.622253565486165,1.4185624235783552,-1.501096782173507,-2.5268250432934742,-0.08497119835089534,-0.8918052639944526,0.7003476176584098,-0.27384296286411836,-0.534122457483665,-1.344988124630379,-0.7133741297612541,-1.3377934304623642,-0.15033024043278495,-0.22328277494494422,-2.463097902259004,-2.3656672473471643,0.7133741297612541,1.3449881246303783,-0.20252742647848845,-0.9349191994684248,-0.4823339913705056,-0.06981326217730856,-0.1699234587966153,-1.222174502210428,-0.6279498401920818,-0.04256332662598434,-0.35630847989348147,-1.1644891896302574,0.19995793940503753,1.1090710107684099,0.806259981981374,-0.3469449996836519,0.41111087958892223,3.908649133321241,3.632209140727898,0.16231986177126023,1
0.030604356373531493,-0.10203765113855341,-0.4445202009343899,0.3052077222492148,1,0,0,1,0,0,-0.0412600105000692,-0.37163097441728943,-0.46407179961141953,-0.09292629935812594,-0.47811559130295594,-0.21399480010895106,-0.9608194674753485,-0.7078726603735512,1.377451289014071,-1.4552439142637754,-1.1103104252648908,-0.6541675084258985,0.37756607508962364,-0.38690835229250925,-1.3246173277403677,1.2231229226414413,-1.217861160460838,-0.6931638952404182,-1.1820904200447964,0.28017642692511974,0.9494485916550003,-0.35539511887158476,-0.653901477243908,0.7583303641732106,0.7667183010715106,-0.28017642692511974,1.1820904200447957,-0.09111737198826762,-1.009968447893631,1.3826759350940767,1.9199438140005203,1.195538960039945,0.038025250046078915,-0.30171300108041293,0.2896456887631914,1.5040244254120325,0.5841383197212315,-0.5588081172337243,-0.7885580025686714,-0.9701191952274875,-0.6515610604546642,0.15732544345452057,-1.0302635040182315,-1.0440026608476,-0.45626319576493324,0
-0.7147032519863632,-0.23087648099586283,-2.0377545396692445,-1.6014324776621007,1,0,0,1,0,0,0.2742134146032426,-0.45187412123062914,0.15000090842273722,-0.42217795218897913,-0.08232081560132923,-0.02125474851966381,-0.36571795931036716,-0.028551906599639153,1.0466772065423913,-0.9834719203639372,-0.466354014510647,-0.6674376698809334,-0.06779374948432901,-1.302341020808846,-0.2687765644247182,0.9476005814599059,-2.1331506543266525,-1.6020162017650628,-1.0210438257385965,0.10235345797273021,-0.7927440779927363,-0.2300660740939708,-0.4785956071219188,-0.7865885576787177,-0.9577739548689616,-0.10235345797273021,1.0210438257385956,-1.2052179168904753,-0.18442671521636386,0.23637715102316323,0.705416767502365,-0.27233314020935756,-0.5605696322757617,0.5138790966987595,1.2309045656991897,0.015758101167622184,-0.8036612908751883,-0.3311783002420958,-0.378013264106322,-0.5551985114998699,-0.8038690908401701,-0.2233527107470814,0.8629863402952329,1.0157572993701793,-0.45626319576493324,1
-1.100207187344929,0.3102466044048362,1.0038746524609323,-0.8681093238500562,1,0,0,1,0,0,1.031349634851191,-0.5879385875662921,0.6745213465352461,-0.5274921891225737,-0.1493542113623822,-0.04450876866500705,1.3570534843700213,0.5053916984346107,-1.8015589054760763,1.0497983467818235,0.7726772950311668,0.058473586583521926,-1.4599819277910198,1.1877250027560688,1.112748027522932,-2.1514976065624887,0.44410025989101537,-0.2372346149438177,-0.2763926451691775,0.3538738583276802,-0.7002550761440548,0.42106057967148797,0.30074377140927766,-0.9778476235160263,-1.2361317536780758,-0.3538738583276802,0.2763926451691768,2.2113570874762942,2.3172148989571726,2.7806752458260666,0.826008105452537,0.9907195972144606,3.95514614664339,0.051710241290561454,0.1973654067106424,2.620224168595341,-0.5816133531797613,0.5793409677244183,0.4978155112800227,0.585833368751077,0.12690220596014448,-0.44541496736468245,0.8629863402952329,1.1827648637121608,0.10046155601764112,0
1.4184185236643685,0.28447883843337485,-0.15484123025532542,-0.4281154315628296,1,0,0,0,1,0,0.7158762097478791,-0.534443156357399,-0.23379453409861076,-0.3214929124832349,-0.6171546118036177,-0.16256764017213426,0.03468290397750924,0.615889151457026,-1.0374571518842655,-0.055792631957154004,-0.9393957763791151,0.24726288588760575,1.1940387586061267,-0.8978395074424287,0.05392101476724214,-0.8959110304412985,-0.23785909360767243,-1.2791208808150636,0.433199628593772,-0.09240503183227083,-0.9453380791724725,-0.7913102999064645,0.5179344973830067,-0.16048475923978445,-0.027552062330286165,0.09240503183227083,-0.4331996285937727,-0.7874302125521474,0.19081952690966666,0.43652455776570404,-0.12149526415595328,-0.20406001926752979,0.038025250046078915,1.7372672433675176,1.6184817503198954,0.015758101167622184,-0.9146852597229018,-0.7864379342253526,-0.19554893590083341,0.09311505682453199,0.025363519036474696,-0.5088613263982832,-0.04248097655033679,-0.09762646290970158,-0.2706882785040748,0
0.6474106529472365,0.43908543426214564,0.27967722576327125,0.3052077222492148,1,0,0,1,0,0,-0.4576849316364408,-0.08729112810045517,0.48262362527457214,-0.4968237574880654,0.8133652694943978,0.31682292897801867,1.3683972319147917,-0.766178804303404,1.0375442522015998,2.09260465677067,2.5836094732505277,0.49685542048373355,-2.7522073209550717,1.240072622094365,1.8902614987077309,0.47950639068786416,1.4329760302980148,0.8989269444137096,0.18609969967169646,0.4930801176436278,-0.6637237087928494,2.945226927467721,-0.9365000714765117,-1.406059385597833,-2.4811916507054397,-0.4930801176436278,-0.18609969967169718,1.2736557955169365,1.9169522406894068,0.30006041680488094,0.5116092600824467,1.1101975588626602,-0.49755964466293656,-0.46483142063624716,-0.5962450189412776,0.8219023601333442,-0.6371253376036178,2.7038859263129513,-0.058700689746716966,-0.5292659687668935,-1.0069464646875115,-0.667477223982284,1.7684536571408034,2.351817814106035,-0.45626319576493324,1
2.6777313791690167,0.1298722426046032,3.176466932553916,0.3052077222492148,1,0,0,0,1,0,-0.5081606796529707,0.026095927179264008,0.86641906779592,-0.5506381752618252,1.0729998335506787,0.445614425167612,3.292983172160605,1.90663268405206,1.0980046377191077,3.277224013097978,2.85298765628135,2.5629097400297827,-1.9623156852755335,3.8940852999811395,1.8732071337095881,0.1808282063766945,2.5382118936598315,2.238975340668991,3.323175434464691,0.19961827368027837,-0.6880491118540473,-0.7403754095255577,-1.3192942147322877,-1.91047074793439,-1.5231000420155338,-0.19961827368027837,-3.3231754344646918,3.0840691809830236,1.3165582532877582,-0.7461646638947628,-0.5478717804797735,0.4103980692089227,-0.4660546508565234,0.4323198869208419,-0.8177176958673952,-0.4183195767369984,-0.8175392869811524,-0.9381911455531051,-1.0348848456460813,-1.4628375071540325,-1.9546408759751055,0.09387908442092041,1.0276167615398821,1.266268645883152,-0.9202004889170784,0
0.4161082917320974,0.0010334127472937634,-0.4445202009343899,-0.4281154315628296,1,0,0,0,1,0,0.2363566035908452,-0.440826151741836,-0.11865590134220637,-0.34637484758293036,-0.26289893406288334,-0.07134033037117232,-0.4515025444167491,-1.2432259234604675,0.46307775929689826,-0.5291484688826877,0.10102598117675317,0.8081530818696785,0.633848230009071,-1.3083414365674506,-1.5022287927480622,-0.1264068264406745,-1.5565136852739279,-0.8628796561310457,0.2430696413654208,0.8611509049874916,-0.6794540688992287,0.2014667690452052,-0.7600694801006351,-0.8285668824256408,-0.973772761689089,-0.8611509049874916,-0.24306964136542153,-1.3166279713806959,-1.535313186870074,-0.9918001176242447,-0.8967252938356269,-1.381771355514063,-0.34003467563087314,0.4323198869208419,0.34501385799472056,-1.4725082230767892,-0.9146852597229018,-0.4070549059059717,-1.6735099943652914,-1.7221629344837932,-1.8531021890514345,-0.9529858396334858,-0.8656330827735822,-0.5986491559356475,-1.940862533851798,0
0.23620645523143258,0.4648532002336079,1.0038746524609323,1.7718540298733036,1,0,0,1,0,0,0.36254597363216995,-0.4698997556597127,-0.08027635709007157,-0.35621189169211226,-0.30291875000565915,-0.08609768930956323,-1.2160483958182122,-0.9252690257879841,-0.44685180271352026,-0.9581186813761853,-1.5702238485477902,-0.7164059726339742,0.9895272741576585,0.7394199372450806,-0.7861731401115781,-0.6205269678073564,0.511442221095179,-0.3595556956862186,-0.43967950362031105,-0.5410235229891278,2.4297645852612844,0.48238978221798845,-0.012708375320364314,1.8014938774980775,1.6903317513402676,0.5410235229891278,0.4396795036203104,0.49378541408539117,-0.8598699510432187,-0.555114866549611,-0.7675202888890147,-0.5454256239766699,-0.5290646384693491,-0.46483142063624716,-0.319404172783631,-0.790386157798101,2.221741860225006,0.4275877563966659,-0.04957747333644305,-0.0495139282068366,0.6684418695530556,0.28421816152172197,-0.8656330827735822,-1.1553410370755877,0.22417816752487937,0
0.4932090788038099,1.3924927752062353,-0.15484123025532542,1.0385308760612593,1,0,0,1,0,0,0.24897554059497767,-0.44198909589855107,0.27793272259651985,-0.4505317852095623,0.011271737453048174,0.008259969357117997,-0.49076975590654637,0.7974589057460632,-0.8023727794842747,0.1254813335153063,0.2093395548029161,0.14166017616429255,-0.09608699084955732,-0.3599390044911098,0.3402601739146252,-0.3152168047811457,0.24132500225669826,0.6224204057291246,0.8063022000563537,-0.6064731204975302,0.3227804799929358,-0.7536722020684933,0.7801079797899456,0.06977655506213656,0.3355207080419578,0.6064731204975302,-0.8063022000563543,-0.11896988561082296,0.7161642658861095,1.1006500437750428,0.7441782689863493,0.8200367948598906,1.5817699465603012,0.5954383064766764,0.2342775195316623,1.069946747507413,0.7506742729928018,-0.3311783002420958,1.6017246969232295,1.843561691300417,1.7684443112261554,0.6014499566897238,0.7806711296729086,0.514734606344233,1.3376276710900281,0
2.08662534495255,-0.10203765113855341,-1.168717627632051,0.3052077222492148,1,0,0,1,0,0,0.47611640666936217,-0.49257716671565654,-0.46407179961141953,-0.09292629935812594,-0.808081079856101,-0.307010880690324,-0.9343389536428606,-0.2318244063229027,1.1834625098594254,-1.005204081110309,-1.3061783373679179,-1.0953996769660905,0.9483589494143403,-0.06658449113987228,-0.6678994435936342,0.7991464517106551,-0.30202401415548563,-0.6691249550691089,-1.2601455701587203,-0.2441974779926877,1.2326906203665333,-0.3509007275692638,-0.8147677826273934,1.0584840208004573,1.0448255259026562,0.2441974779926877,1.2601455701587196,-0.23037994010104354,-0.7848207026180125,-0.6642861793182697,-0.18609776662925942,-0.2894014204448148,-1.5057194464681423,-0.46483142063624716,0.12354118106860354,-0.4803306735805153,1.0282341951120857,-0.4070549059059717,-0.2685346671830286,-0.6329961396987983,-0.21156008378542468,0.7917890337905242,-0.7010026615289333,-0.8769950965056176,-0.023255055489598248,1
-0.7147032519863632,-0.46278637473902035,-2.0377545396692445,0.3052077222492148,1,0,0,1,0,0,0.2742134146032426,-0.45187412123062914,-0.5024513438635544,-0.040847830544809956,-0.7651144145514226,-0.3159547345923791,-1.0219218235885863,0.15385299745558303,0.2151494016815321,-1.6765901846984017,-1.604882262716666,-1.5684013710558424,1.079029512156416,-1.303973069713488,-0.27432005097131573,1.0614853153882629,-1.8559817263315812,-1.2882105837105575,-0.7279513648365089,-1.417139107414103,0.11809264502364424,-0.4859758724463063,0.7725739330653627,0.4246054656257545,0.8287386370409732,1.417139107414103,0.7279513648365081,-1.2052179168904753,-0.18442671521636386,0.2545723698179399,0.7829397704703327,-0.08458205761933026,-0.5605696322757617,0.5954383064766764,1.1201682272361313,0.139780294854656,0.44535835866158957,-0.1035484832504671,1.3189049882047215,1.5842362639706562,1.7007518532770418,0.664896315723324,0.7806711296729086,0.1250502895462747,1.1520527538291696,0
0.2105061928741954,0.1298722426046032,1.7280720791585935,0.3052077222492148,1,0,0,0,1,0,12.312679316545621,-0.8112238656555852,0.86641906779592,-0.5506381752618252,-1.3565699496276458,-0.19834305578035463,1.389223608939088,0.1098653459305067,1.325911167179362,1.4345852589172665,1.5060273109764448,0.6122256340638083,-1.3999469144885095,1.2752677718471566,-0.7600029148227834,1.099635170218367,0.8993158428237137,1.4147094550132326,0.4407888507730546,0.39783372969061137,-0.6575167140741723,-0.9121478713588693,-0.7075376861633043,-1.0462859377277922,-0.5767208314424775,-0.39783372969061137,-0.4407888507730553,1.050835686536495,-0.7848207026180125,-0.32767463161490584,0.26611975068388355,0.6322857122698633,-0.5920746260821743,-0.7910682597479163,-1.0391903727935126,0.139780294854656,-0.8036612908751883,-1.0899443568808573,-1.0987473605180025,-1.2424108939237355,-1.4977167848185873,-0.09645999267988113,0.12214944469431245,0.3477270420022505,-0.7036964187794109,1
0.004904094016293398,0.4133176682906843,-0.4445202009343899,-1.6014324776621007,0,1,0,1,0,0,-0.10435469552073157,-0.3506979795964182,0.7896599792916505,-0.5338573353108679,0.5149066359468708,0.14286497058304715,0.018360681707626107,1.1066478319246067,-1.420658707324617,0.1136638185771899,-0.8585079879210431,-0.7971604286044178,0.5223296511277326,-0.5498117125106832,0.32358320402091667,-0.8079219828882137,-0.9237180104619709,-1.2218420667423795,-1.3293007493813815,0.23115255077283092,-0.5748963597698782,-1.194750328854142,1.1302043681575185,-1.069495452982216,-0.07678853535784207,-0.23115255077283092,1.3293007493813809,-0.8709877534198129,-0.40957446049198204,-1.9288538855552302,-1.9432858339031864,-2.0986391254032575,-1.222174502210428,-1.0357458890816678,-0.5962450189412776,-2.1546302883554773,-0.44283339212011924,-1.0140677512169813,0.5799244589724931,1.1174504947770867,0.549980068142106,0.15732544345452057,0.2044646553166367,0.3477270420022505,0.8427612250610729,0
1.3927182613071303,2.088222456435707,1.0038746524609323,-1.161438585374874,1,0,0,1,0,0,0.2868323516073751,-0.45536295370077434,0.46983044385719386,-0.48756536303236475,0.09122967251168158,0.026594869856330937,0.21887814318271173,0.04396653858924056,0.1479638789055402,0.08908631990605327,0.6609460130553878,1.1233005771615194,-0.36830113274646414,0.0985945797940398,-0.3462466570512246,0.6545206471020764,-0.06369716640646951,0.1976462329445305,0.7902460580981725,0.7482915930561997,-0.20584084375462405,-0.4072077540971539,0.45545854932385355,-0.18351089066997794,-0.6662991096881955,-0.7482915930561997,-0.7902460580981732,0.6330479821981672,0.26586877533487285,2.0922894680903568,2.204194824883068,2.0660212520482517,1.0146800580448727,1.247911984700014,0.8986955503100138,1.6280466190990672,-0.22078545442469194,-0.4070549059059717,-0.08607033897753999,0.15794641365697218,0.0761328624983096,-0.9847090191502859,0.03983423407198747,0.45906541823023866,-0.20882997275045564,1
0.2876069799459088,-0.46278637473902035,-0.4445202009343899,0.3052077222492148,0,1,0,1,0,0,-0.21792512855792381,-0.3256946802270442,-0.5024513438635544,-0.040847830544809956,-0.37968226651564924,-0.21891391975508134,-0.5194209480676526,0.31536795756683544,-0.6554451473819701,-0.35993837157948566,-0.6962536863928404,-0.6879577266674677,0.2924536546813523,-0.8254146012672915,-0.14118516829836028,0.052230704819750666,-0.37535535192441133,-0.3000611366112094,0.04968400367083265,-0.9875682768987283,-0.102477071626799,-0.5742886211883331,0.9485022952474487,0.11405757704327751,0.6122125942672937,0.9875682768987283,-0.04968400367083336,-0.7317251853070371,-0.03432821836595151,0.32735324499704527,0.3048812521678669,0.13730558544161034,0.16404522527173035,0.18764225758709038,0.17890935030013266,0.07776919801113909,0.22331042096616224,-0.17942508891434333,1.4010139358971918,1.7657640631014886,1.7176749677643206,0.5697267771729232,0.8629863402952329,0.4033962301162448,1.3994859768436472,0
0.6474106529472365,0.20717554051898904,0.27967722576327125,1.7718540298733036,1,0,0,1,0,0,-0.4576849316364408,-0.08729112810045517,12.469834613358007,-0.8046653731401109,2.324069790229394,0.5547294427726841,0.4055652386211156,2.044144403662025,-0.4083642338676815,0.41893224638662474,-0.31838430496267683,0.38554968310512483,0.21892065309415262,1.5986701170597857,2.052111326666101,0.42611750218129835,1.5161749797323487,1.0906620221402061,0.28185302474922574,0.2463053852199044,1.033424007555514,-0.7498922670915702,0.9864545830568914,0.9374627185589404,1.4787343741121985,-0.24630538521990367,-0.28185302474922647,1.3850658500071569,1.7668537438389946,-0.2276009282436361,0.020630241285320403,0.6322857122698633,-0.655084613695,-0.7910682597479163,-0.983822203561983,0.38782468222872474,0.6951622885689447,-0.8623145398892288,-0.6790794056453779,-0.11434528503927678,0.2622871218583729,-0.667477223982284,-1.3595243465075295,-1.4336869776455579,-0.08511336124321738,0
0.4161082917320974,0.4648532002336079,-1.6032360836506476,1.7718540298733036,1,0,0,1,0,0,0.791589831772674,-0.5390949329842593,-0.08027635709007157,-0.35621189169211226,-0.5043091097097436,-0.13931362002679104,-2.221506795779207,-0.9694646186301994,1.0191986483366955,-1.774890225770771,-1.089290831742506,-0.27433542723448884,0.9434652016205359,-0.8810341031670504,-0.9037375490941824,1.0354601867369577,-0.790201205588633,0.06583268209410961,0.0915777400728132,-0.4649864905896614,2.2087403820260434,0.42527617628689407,-0.35274106736217825,1.6142121997701493,1.480404231107797,0.4649864905896614,-0.09157774007281391,-0.8431352397972577,-0.8598699510432187,-0.082039177885424,0.459927258103802,0.10316902497069583,-0.30852968182446,0.10608304780917345,0.06817301183707392,0.139780294854656,2.193985868013078,0.5034643620605421,0.2879815338437111,0.054216242725068246,0.7022880985276131,0.8235122133073248,-0.7833178721512579,-1.0440026608476,0.5953280020465953,0
0.4932090788038099,-1.3646581837401863,0.5693561964423357,0.3052077222492148,0,1,0,1,0,0,1.3720609339627678,-0.6344563538348948,1.8514940369340465,-0.6675254052650456,0.11495778040706557,0.0279364479416392,-0.5671407907413775,-0.6714936692512654,1.367504311669167,-0.8658988919079006,-0.4189089473186387,-0.27057854099140216,0.8520997540513154,-0.8976290132407428,-0.13673859465367402,1.3030286231369614,-1.2140218802836065,-1.6417841498933292,-1.2010128806784743,0.8221130942085961,-0.10827725832662612,0.7846644121296089,-0.560006103066092,-0.034029775155941154,-1.0582805270307227,-0.8221130942085961,1.2010128806784734,-0.8709877534198129,-0.18442671521636386,-0.17301527185930607,0.5116092600824467,-0.03337721691295973,-1.852274378338682,-0.05703537174666111,0.6218547041523672,-0.5423417704240322,-0.026493508941193386,0.8828473903799233,0.36096726512590627,0.002351157259115363,-0.008482709938082702,-0.28679906978068154,-0.5363722402842841,-0.2089648391376897,-0.08511336124321738,1
-0.35489957898503444,-1.7511746733121147,-0.8790386569529866,0.3052077222492148,1,0,0,1,0,0,-0.6217311126901629,0.3284614079251818,0.022069094248954552,-0.38514437436617666,0.9108759912470725,0.5502575158216566,0.3041247381826393,0.671093869159427,-0.7907933426790786,0.5164911115756222,-0.24092197457245537,0.4534834214910702,0.5763586591226026,-0.741287593356322,0.08822752269317265,-0.2249524453217884,-0.3870416208915718,-1.0445422640933228,-1.4375436385994584,2.044235578592764,-1.1635786806162893,-0.8327130009114081,0.8549854779588267,-1.081530016447473,-0.7065818509015789,-2.044235578592765,1.4375436385994576,-0.6481676444393714,0.19081952690966666,0.33645085439443295,0.1627557467265941,7.593435579547688e-4,-0.30852968182446,0.02452383803125581,0.8986955503100138,0.5118468759157585,-1.1644891896302574,-0.9381911455531051,-0.7041682507736331,-0.19862604892144883,-0.6007917169928287,-1.0560861730630862,-1.2360515305740427,-0.4733934826791611,-0.6882318423410059,1
1.1871161624492292,1.0832795835486928,-0.4445202009343899,0.3052077222492148,1,0,0,1,0,0,-0.6469689866984278,0.40405277811166124,-0.2977604411855021,-0.27925148777910086,0.6970980304882548,0.5265563029812106,-0.7476271325582311,-1.183846319966325,0.6909557793968726,-0.4702528485726146,0.13253048141771284,0.49560602133579773,-0.3084919804387629,-1.243553553179822,-0.8987858227127383,0.522152249276427,-0.34418669985879513,-0.02565966068816753,0.6912331826893902,-0.009609152108407288,-0.20295033090819076,0.7244823200911593,-0.4198470432392985,0.2939916204108337,-0.19734778106551742,0.009609152108406583,-0.6912331826893908,-0.9823978079100336,-0.40957446049198204,2.0013133741164744,2.036228318452472,1.7587922078100258,1.109195039464111,0.758556726032511,0.4557501964577793,1.4420133285685155,-0.24854144663662048,0.5793409677244183,-0.22291858513165644,-0.39960325510201306,-0.2623294272472596,-0.1916295312302808,0.12214944469431245,0.1250502895462747,-0.1469716669968365,0
-1.1773079744166424,-0.41125084279609675,-0.15484123025532542,-0.13478617003801185,1,0,0,1,0,0,0.31207022561564,-0.45710736993584694,-0.16982862701171944,-0.3313299565924168,-0.3548386706897857,-0.09548873590672108,0.5999267483222274,-0.41771712646128756,0.03546317460183742,-0.288674495442839,0.11697633139533405,0.7416992104286483,0.3411819418474566,0.5679530228920432,-0.43083115447024917,-0.2668372509744226,0.41128990777863067,0.46357308520127655,0.6912331826893902,0.3260326064644921,-0.2667207788909597,0.14173267250769314,-0.31662505124700474,0.7978086517520385,0.30051393067661275,-0.3260326064644921,-0.6912331826893908,0.605195468575612,-0.3345252120667762,0.2545723698179399,0.07231224326396513,0.2397152668543526,0.5736101447550955,0.10608304780917345,-0.2086678343205727,0.20179139169817292,-0.026493508941193386,0.5034643620605421,1.0817013615375868,0.7284623537824456,1.0407503882731821,0.7600658542737248,-0.37174181903963527,-0.26463402725168356,1.2139110595827887,0
0.08200488108800677,0.5936920300909173,-0.15484123025532542,0.5985369837740325,1,0,0,1,0,0,-0.40720918361991093,-0.1506715846414264,-0.041896812837936774,-0.36952083372218186,0.4050751756259449,0.16969653228921242,-0.2352950900390634,0.5215847978807644,0.4027768066621457,-0.3460484797228908,-0.5967731338681742,-1.7701949509369894,-0.4981086961016737,-0.53281117223341,-0.23781327443747316,0.1152793776745402,-0.5408246727350159,-0.8479787373800592,-1.8366892925911174,-0.5927287050207662,-0.20519509495619387,-0.9541276217252037,-0.43476473074793653,-0.06878331678256522,-0.05205188981390141,0.5927287050207662,1.8366892925911165,-0.48105256270404034,-0.18442671521636386,0.13630344765189217,0.17567624722125458,-0.05044549714841698,-0.43454965705011084,-1.0357458890816678,-0.319404172783631,0.20179139169817292,-0.24854144663662048,-0.9381911455531051,-0.21379536872138252,-0.39960325510201306,-0.39771434314548676,0.2207718024881207,0.28677986593896093,0.013711913318286572,-0.45626319576493324,0
0.9815140635913272,0.05256894469021735,-0.4445202009343899,1.478524768348486,1,0,0,1,0,0,0.021834674520593164,-0.3867492484545853,-0.579210432367824,0.12464597035083859,-0.7541428746183517,-0.3937662635402584,-1.1981794745448893,-1.6411229795753648,1.9545962132749788,-1.310822197436502,0.6929334062934214,0.2724700870231888,-0.8920599481474856,-0.853392226290986,-1.4869245857680085,1.2532930034240286,-0.80682830118873,0.19084768402341207,0.6912331826893902,-0.31393995325558316,0.8133982689809675,0.7629243843413788,-1.4125599015829813,0.9707990892870475,-0.7145217473023813,0.31393995325558316,-0.6912331826893908,-0.7317251853070371,-1.3101654415944555,0.5184030423421971,1.1317932838261862,0.700558833211691,0.038025250046078915,-0.05703537174666111,-0.3747723420151606,0.20179139169817292,0.6396503041450882,0.5793409677244183,-0.3050275328241268,-0.9571529238609991,-0.5669454880182719,-0.28679906978068154,0.36909507656128593,0.23638866577426285,-0.8274130302866491,0
1.932423770809123,0.9029052217484598,0.5693561964423357,-1.8947617391869185,1,0,0,0,1,0,-0.33149556159511606,-0.24021828470848666,1.6468031342559943,-0.6519018646210507,1.0348572569789978,0.31905889245353247,0.4878098385893454,-0.4955776310375449,0.864208130578986,1.9581165071379623,1.9619348566633714,0.9332584249399118,-1.5843606812264854,-0.08446519183898031,-0.42202092678984576,0.5697900434421876,0.8437197536609463,0.46774952308742307,0.4292298816076853,0.8471482119907146,-0.7627080796290954,0.25742455121669217,-0.6088174223281351,-1.8086710089798579,-2.0939450320776163,-0.8471482119907146,-0.42922988160768605,-0.23037994010104354,-0.5596729573423944,-0.600602913536552,-0.23777976860790415,0.10316902497069583,-1.0961545269847772,-0.05703537174666111,-0.26403600355210183,-0.23228628620644656,-0.7173093151047445,0.2421116092183019,0.014285041535478216,-0.30307656826260265,-0.9674591975505289,-0.2233527107470814,1.07334743410784,1.8074968636580926,-0.1813373924155138,0
0.930113538876852,2.0366869244927823,1.0038746524609323,0.3052077222492148,1,0,0,0,1,0,0.1858808555743153,-0.4315225984881154,-0.5408308881156891,0.05462936227960266,-0.7851530462883093,-0.3740897849557372,-1.7597846528928145,-0.7766294883775976,0.35389768239403635,-1.2114425949544256,-1.222866434039155,-2.323817996048998,0.39185467555756953,-0.5038989403277516,-0.8491553046735622,-0.23691662022003424,-0.957223575525688,-0.900134954712159,-0.8856385367838302,-2.291045068675334,1.9435335138402912,0.21528320252506436,-0.7218683426445685,0.6874142781896574,0.710979669091053,2.291045068675334,0.8856385367838302,-0.5367575899491508,-0.8598699510432187,-0.30947941282012914,-0.37990527404917784,-0.71610842633123994,-0.18250970659880966,0.10608304780917345,0.6218547041523672,0.015758101167622184,3.0544216265828577,1.1104772073715516,2.5687856364123185,1.675000163536073,1.9207523416116614,2.9806884204497375,2.4269753421193996,1.1827648637121608,2.141785645887079,1
1.0072143259485644,-1.9830845670552713,1.4383931084795292,1.7718540298733036,1,0,0,1,0,0,-0.7353015457273552,1.503035006207401,-0.1442422641769629,-0.34000970139463615,1.269648225209414,1.4187057297112062,0.24693145954675966,0.07565268917506775,-1.649490910741611,0.5386115731044656,0.033145656900573535,-1.2656912248743986,-0.9780843731469324,0.2331527583315383,0.03225413303595977,-0.932762394560535,0.5974072919491181,0.33557418314187387,-0.5609884768922861,-1.1698703314820218,-0.11040071650825814,-0.07152420767937753,1.3175730819854639,-0.13525064260395647,0.28453189831175685,1.1698703314820218,0.5609884768922854,0.15955525061472892,-0.03432821836595151,-0.18211288125669506,-0.625394783447741,-0.3747428216220998,0.6051151385615076,-1.1173050988595852,-1.0391903727935126,0.015758101167622184,0.029018475482663446,0.12408133374116129,0.6072941082033162,1.2471132084419672,1.1084428462222957,-0.44541496736468245,0.7806711296729086,0.23638866577426285,-0.023255055489598248,1
-0.35489957898503444,0.49062096620506923,-0.8790386569529866,0.5985369837740325,1,0,0,0,1,0,-0.6217311126901629,0.3284614079251818,1.3781463244910508,-0.6287558784817991,1.5235210268143013,0.7385256404599163,0.09029580128220203,0.07600925770754935,-0.9742875609872628,0.7589159222576989,0.6081276802797904,0.4605916102148677,0.0036084690780335323,-0.7128927118760028,-0.08796177636412267,0.07116607710512446,-0.12532902136037452,-0.5193922314989965,-0.958568853809468,1.5788889403080233,-0.8378725076743182,-0.19244326818764187,1.4033987789564266,-1.1495205620090625,-1.297681190567334,-1.578888940308024,0.9585688538094672,-0.6481676444393714,-0.03432821836595151,0.16359627584405784,0.17567624722125458,0.12023730520615308,-0.37153966943728567,0.02452383803125581,0.5664865349208381,0.38782468222872474,-0.859173275299045,-0.3311783002420958,-0.48749186102961545,0.2616765845888761,-0.2284831982727022,-1.8412348661038906,-0.7010026615289333,0.013711913318286572,-0.6418381130257917,1
0.23620645523143258,0.7998341578626126,0.5693561964423357,-0.13478617003801185,1,0,0,1,0,0,0.11016723354952047,-0.40942665951052915,-0.7327286093763631,0.7866211739334328,-1.3376646092725817,-0.9227952218468171,0.893273969433118,1.965626064012812,-0.4995797183159859,0.19857735396164208,-1.0059291241547519,8.907277048748932e-4,1.2005104202964945,1.1441436070661224,1.6432308022674726,-0.7037972332425491,0.7133329703373613,-0.1254273093358786,0.4700615648931452,-0.4649864905896614,-0.098904388048601,-1.0517309152114196,-0.024306134504748902,0.4390635685652171,1.1853017726290231,0.4649864905896614,-0.4700615648931459,1.0229831729139398,1.4666567501381707,-0.10023439668020068,-0.44450777652248397,-0.15285517856115927,-0.05648973137315825,0.5954383064766764,0.40038202722625016,-0.10826409251941274,-0.1375174777889068,-1.0140677512169813,-0.14993285384946126,-0.1402778277722523,0.04228663352375219,0.728342674756924,-0.7833178721512579,-1.0440026608476,0.22417816752487937,0
1.0843151130202777,-1.4677292476260335,0.27967722576327125,1.0385308760612593,1,0,0,1,0,0,-0.2810198135785862,-0.2832472185069442,-0.3361399854376369,-0.2375887127284481,-0.05778590777992806,-0.03422333667764369,-1.5069964668148506,1.3495793982703597,-0.8849407779512631,-0.4445919687354334,-1.375295331295849,-0.8657605566246449,1.5753898569027878,-0.12595398224130888,0.9006711372571161,-0.23762338621482373,0.4786298474099371,-0.1463798833419246,-0.01835909107355938,-1.1625858176247739,1.9696635364825128,-0.9500675045358309,0.9709551023170352,1.0752162306338777,1.6450398215495572,1.1625858176247739,0.01835909107355796,-0.14682239923337803,0.7912135143113154,-0.09113678728281299,-0.19901826712392082,7.593435579547688e-4,-0.34003467563087314,0.10608304780917345,0.12354118106860354,-0.10826409251941274,2.776861704463574,-0.482931511569848,1.9392837041033824,2.271448646394522,2.716138722513749,1.2041903675089267,-0.7833178721512579,-1.266679413303576,2.512935480408796,0
0.05630461873076867,0.9029052217484598,1.4383931084795292,-1.8947617391869185,1,0,0,0,1,0,-0.5586364276695006,0.12262029218661469,1.6468031342559943,-0.6519018646210507,1.4283996984561667,0.5981071341976513,1.148520101636415,0.41426515504249056,-0.4017653093958822,2.033830975703063,1.029140652256937,0.5191972531795286,-0.99897262001998,1.004685120202792,0.7087266030635438,-1.1850334543191061,1.29886379346177,-0.38668699012688124,0.25295560183580257,0.4572448429682368,-0.5931756251416797,0.1413948265217627,-0.64161770023833,-1.4596433325643112,-1.7154578344336933,-0.4572448429682368,-0.2529556018358033,0.7166055230658329,0.41596727218528484,-0.5733100853443877,-1.051771299771562,-0.5624939042121272,-0.5605696322757617,0.02452383803125581,-0.09793149585751397,-0.9764194483286528,-0.5261013687559044,0.19995793940503753,0.20587258615124074,-0.16621037050522874,-0.7192535184037778,0.062155904904119784,1.2745623934068555,1.739456744852101,-0.023255055489598248,1
-0.35489957898503444,1.0059762856343069,-0.8790386569529866,1.478524768348486,1,0,0,1,0,0,-0.6217311126901629,0.3284614079251818,-0.7583149722111197,1.4983602477154176,-0.5074907358040941,-0.9053547067378097,-0.7106241060553278,-0.20613648650097302,0.7719950166730041,-0.5965079492503631,-0.6175218546443596,-0.06008827661579672,1.0762347201297424,-0.6100339653572957,-0.4128092478481427,0.07589138611015656,-0.1502416969664092,-0.5003001816184826,-0.7825353858951971,0.6941558255444445,0.3786013676046424,-0.1306144454364644,-0.979079525674813,0.6568666610637268,0.3143629029449656,-0.6941558255444438,0.7825353858951963,-0.5924626171942612,-0.40957446049198204,-0.082039177885424,-0.031051760693324323,-0.08458205761933026,-0.49755964466293656,0.02452383803125581,0.4557501964577793,0.07776919801113909,0.3620903820258042,-0.1035484832504671,0.06902433999712428,-0.4514683405679659,-0.1777138548108673,0.7917890337905242,-1.0302635040182315,-0.8769950965056176,0.34789477903211874,0
1.110015375377516,0.05256894469021735,-0.4445202009343899,1.478524768348486,1,0,0,1,0,0,-0.785777293743885,2.5962025135195654,-0.579210432367824,0.12464597035083859,1.110896751962668,1.9003322623368728,-0.4134392185220867,-0.537035226262532,0.08133461350550487,-0.4826974969120415,0.8683201916278713,0.050728752300030974,-1.13185173806766,0.4917624550312582,0.29449894349027983,-1.1133228949777085,0.7362086020038029,0.8612283190572427,0.9041108648182726,-0.827498180191446,1.066260548388408,1.032120278429132,-1.229969282389619,1.3821050246849789,-0.28803694686692194,0.827498180191446,-0.9041108648182734,0.7723105503109431,0.641115017460903,1.0278691685959374,0.21443774870523882,0.512807750621665,2.243374816494967,-0.13859458152457876,-0.5408768497097485,0.9459245538203791,0.917210226264372,0.8828473903799233,-0.1681792866700104,-0.7626588533636787,-0.2284831982727022,-0.2233527107470814,0.6160407084282594,0.23638866577426285,-0.6418381130257917,0
0.2105061928741954,-1.4677292476260335,1.7280720791585935,1.0385308760612593,1,0,0,1,0,0,-0.6848257977108253,0.6337342490628872,-0.3361399854376369,-0.2375887127284481,0.797502401739376,0.6709995434994003,-0.15802870362886245,0.13624051487558778,-1.4681315508328618,0.07088094740770598,-0.22039328022735716,-0.3916566235001592,0.6609423303324816,1.78280124976136,-0.7423206085502817,-0.9096985946951446,1.0760844400108731,1.1546863138444825,0.8285736227725414,-1.3559421528355944,2.001096761896292,-0.9306348722126149,1.0928256560160203,0.9712713233196609,1.413848502283282,1.3559421528355944,-0.8285736227725421,2.0813786905710367,-0.4846237089171882,0.8914050276351143,0.22735824919990022,0.6664222727407777,1.9598298722372534,-0.05703537174666111,-0.4301405112466897,1.3179911348814817,2.582569758980075,-0.5588081172337243,1.473999667179387,1.9213593194993455,2.3099839748190667,0.5697267771729232,-0.7833178721512579,-1.32234860141757,1.770635811365363,0
0.23620645523143258,-0.10203765113855341,1.0038746524609323,-1.161438585374874,1,0,0,1,0,0,0.48873534367349464,-0.5036251362044497,-0.7839013350458762,1.6401294128183332,-1.8954214363236201,-1.6548496637300265,0.6798084846787,0.19735976202398617,-0.6046124924664513,-0.1314620039337643,-1.0491857150472539,-1.5074893482817344,0.2178204131770997,0.7077391175798183,-1.017996380748015,-0.4714023018551801,0.3433242776513332,-0.3847378189008564,-0.5796783524084306,-1.4811177417461807,-0.2381256590689917,-1.2906888938653496,0.3528116803402618,0.5180311628220249,0.9883712174277337,1.4811177417461807,0.5796783524084299,0.5494904413305014,-1.009968447893631,-0.30947941282012914,-0.4961897785011287,-0.34060626115118536,-0.40304466324369825,-0.38327221085833024,-0.1532996650890431,-0.4803306735805153,-0.27629743884854874,-1.2416975682086098,-0.2046721523111086,0.002351157259115363,0.2115177783965368,0.09387908442092041,0.4514102871836102,-0.2089648391376897,-0.023255055489598248,0
-0.7147032519863632,-1.0554449920826439,-2.0377545396692445,-0.13478617003801185,1,0,0,1,0,0,0.36254597363216995,-0.4751330043649305,-0.6687627022894718,0.35842043035727916,-1.2263655233388107,-0.64240540201739,-0.6964256054370535,-0.2533783661729554,0.24751871263490935,-1.557295091180691,-1.7687692261523003,0.6491165711449263,2.0663726418413844,-1.2860322467306364,-0.46387642226236736,0.9325195112758924,-2.0030988801587495,-1.4328315767525495,-0.772300881946693,1.6512761951523172,-0.3165915108383493,-0.1169314572765898,0.5987258048955628,0.11756663916253465,0.9006054645162459,-1.6512761951523172,0.7723008819466923,-1.17736540326792,-0.3345252120667762,0.3728412919839863,0.821701271954316,-0.11871861809024475,-0.40304466324369825,0.8401159358104279,1.4523772426253072,0.20179139169817292,-0.24854144663662048,-0.02767187758659086,0.269735101023162,0.5469345546516133,0.5669031826293847,0.4428340591057229,-1.5241547677521787,-1.0996718489615938,0.9664778365683122,0
-0.4577006284139859,-0.7719995663965628,0.27967722576327125,-0.8681093238500562,1,0,0,1,0,0,-0.5081606796529707,-0.01751447869755106,-0.041896812837936774,-0.37704327921743863,0.5816672301682899,0.27791716450407905,0.2198854407137961,-0.2594408274407282,0.7537697905177334,0.3263708209847473,0.49826417040026333,0.5751160811751443,-0.2614027627874977,-0.0359063407987585,-0.43409538165628614,0.9677432019333505,0.2228081199791277,0.7511725754810643,0.8111642712127044,-0.020113106998745453,-0.3416332505722553,-0.07877654621519363,-0.05793996593079085,-0.2199732056964047,0.08560599158989828,0.020113106998745453,-0.8111642712127051,0.15955525061472892,-0.18442671521636386,0.8186241524560076,1.248077788278137,1.2979486414526862,0.19555021907814235,0.4323198869208419,0.06817301183707392,1.069946747507413,-0.44283339212011924,-0.2553016945782196,-0.5604775923118106,-0.5033334260339178,-0.5500223735309933,-0.12818317219668063,-0.12479618717266176,-0.15329565102369538,-0.20882997275045564,1
1.3927182613071303,-0.8235350983394863,1.0038746524609323,1.0385308760612593,1,0,0,1,0,0,-0.07911682151246661,-0.3681421419471442,-0.5920036137852022,0.1587862999062346,-0.7023739003135752,-0.4058404663080328,-0.8733041695195672,0.8882201045312222,-0.23765641794130452,-0.4423051927700681,-0.33947597944801605,-0.18628289304717005,0.6225597544687003,0.24259245837470159,-0.3177450970288232,0.8355378562544729,-0.11797455975510301,-0.08046482773981002,0.39760879354609974,-0.6484112087471453,1.4567462323257994,-1.5374200313820239,1.1645192514349632,0.48054422630425775,0.3627771563660746,0.6484112087471453,-0.39760879354610046,0.7723105503109431,0.26586877533487285,1.97402054592431,2.217115325377728,2.0489529718127955,0.4475901695294441,1.0847935651441794,0.954063719541543,1.5660355222555504,1.7221340004102954,-1.317574173872486,0.8809906005115491,1.4156747362063122,1.5653669373788135,-0.6040308649486834,0.03983423407198747,-0.26463402725168356,0.9664778365683122,0
-0.5605016778429365,0.28447883843337485,0.27967722576327125,-0.4281154315628296,0,0,1,0,1,0,4.7917928620826675,-0.7635431552302675,-0.11865590134220637,-0.3475321468898929,-1.3541037126765763,-0.31863789076299565,1.0179568330868545,-0.9091735003713578,-0.21252323556078817,0.28682125566474803,1.1291621313367617,0.5023073440383676,-0.14948000935181946,0.6160443280344111,-1.3319096435466349,-0.4764613241126813,-0.16406166682750242,0.9969935316042642,0.6912331826893887,-4.693472038239746e-4,-0.7999495222810352,-0.08640868044773473,-0.18827129839618162,-0.550157752673807,-0.4945959379764647,4.693472038232714e-4,-0.6912331826893894,1.1900982546492709,-0.9349191994684248,1.9012396707452048,1.2997597902567817,1.1614023995690306,3.220029624493761,1.4110304042558486,1.1201682272361313,2.00011320016017,-0.6926373220274746,0.04820472807728505,0.41570656358755365,0.2487103132223888,0.008440404549195996,0.37938770007212164,0.36909507656128593,0.4033962301162448,0.16231986177126023,0
2.6777313791690167,0.0010334127472937634,3.176466932553916,-0.7214446930876474,1,0,0,1,0,0,-0.44506599463230834,-0.0931058488840305,-0.16982862701171944,-0.3232288614436788,0.35404176723066955,0.17819319349616475,1.9238666342204651,2.346483424611287,-0.21610823981799224,1.1109514295031249,0.8432503955135813,1.1958942437543916,-0.20260782837306748,3.5677822675439215,2.084860942369559,-0.15371431356657023,2.229434875076045,1.8919038071706078,2.896037747595697,-1.2411978630008902,0.8897026168436637,-1.1320542155614453,0.14095914251757063,0.7098457502353308,0.7508090253355602,1.2411978630008902,-2.896037747595698,2.777691531134916,1.4666567501381707,-0.7916527108817039,-0.7416792878996918,0.08610074473523979,-0.2770246880180474,0.35076067714292497,-0.762349526635866,-0.6043528672675491,1.194770148383656,-0.8623145398892288,1.0543317123067637,0.9748215097457181,1.243827762120523,0.8235122133073248,0.6983559190505837,0.1250502895462747,0.7809029193074537,0
-0.09789695541265715,0.18140777454752677,0.27967722576327125,-0.8681093238500562,1,0,0,1,0,0,-0.40720918361991093,-0.11055001123475654,-0.4512786181940413,-0.09292629935812594,-0.05120778008907463,-0.013205280007814225,0.9647908134543902,-0.4361520546499287,-0.8551368731635911,0.05942003696888709,0.21485562994631063,-0.25004500091557824,-0.22250075959833768,1.3222227402990818,-0.201471603928156,-0.7072954212779154,0.9953008607364175,0.7509488346330919,-0.5252107151899527,0.17986603418274572,-0.02041572888924188,0.39680255272596754,0.4582370657955485,0.9066506595628182,0.4538325349963361,-0.17986603418274572,0.525210715189952,1.1343932274041606,-0.25947596364157,-0.2276009282436361,-0.5478717804797735,-0.15285517856115927,0.4790951633358572,-1.1988643086375024,-1.149926711256571,0.015758101167622184,-0.1375174777889068,0.19995793940503753,-0.44187577897824326,-0.1532440991387405,0.2115177783965368,-0.9529858396334858,-0.9479482933959068,-0.9883334727336057,-0.332546584257695,0
1.8810232460946468,0.026801178718756015,-1.6032360836506476,-0.4281154315628296,1,0,0,1,0,0,-0.7353015457273552,1.459424600330586,-0.08027635709007157,-0.36720623510825673,1.3259455184394282,1.4061843342483291,-0.49749708332878684,0.8230788213497432,-0.49903788010420597,0.6160915012408134,0.785087155504038,0.5130385162039703,0.02247967524061703,-1.1318335861757982,-0.3598781384451968,0.4481088053218996,-0.32671721973073614,0.5457500744617064,0.1590389773671773,0.5419904249708541,-0.43913297852804434,-1.4902195318575402,1.1325076338704647,-1.1562670736397513,-0.48783302647727983,-0.5419904249708541,-0.15903897736717798,-1.0938078624002545,-0.40957446049198204,-0.2548937564358004,0.007709740790658993,-0.11871861809024475,0.16404522527173035,-0.22015379130249568,-0.319404172783631,0.139780294854656,-0.10976148557697851,-1.1658209625447336,1.6017246969232295,2.063988304530714,1.3284433345569153,0.4428340591057229,-0.04248097655033679,0.23638866577426285,1.4613442825972665,1
-0.09789695541265715,0.4648532002336079,-1.168717627632051,1.7718540298733036,1,0,0,1,0,0,-0.7605394197356201,1.6454956654049968,-0.31055362260288033,-0.22312247139141586,1.2851378141580372,1.4379350156006245,-1.4280562615087102,-1.3118823561499315,0.4836649242151876,-0.5743305478614674,-0.12140608408787254,0.04002593531024157,0.20046544744051686,-0.34823878329352526,-1.3310741014741547,0.15531029284324507,0.47598056509253905,0.9211574627778454,1.179804912165518,-1.1155255455628834,1.6377909052772077,0.46715889001314037,-0.5051142880331168,1.2478576980022031,1.057164828944667,1.1155255455628834,-1.179804912165519,-0.4253475354589299,-1.3101654415944555,-0.44594355378095224,-0.3023822710812103,-0.10165033785478751,0.038025250046078915,0.02452383803125581,-0.4855086804782194,-0.23228628620644656,1.8609139614699375,0.7310941790521709,0.7715120035882557,0.36540675552078095,0.8715192434003977,1.2041903675089267,0.12214944469431245,-0.3759724034796717,0.6571863078002155,0
-0.4577006284139859,0.0010334127472937634,0.27967722576327125,-0.4281154315628296,1,0,0,0,1,0,-0.5081606796529707,-0.01751447869755106,0.15000090842273722,-0.4215993025354979,0.7202772078358594,0.3123510020269912,0.33212585942893735,-0.11983507054917708,1.233955166041841,0.2947209612602816,1.0864859167707164,1.1538015605288696,-0.530350614954015,-0.07748031763529348,-0.09316792598725632,0.9749082673384528,0.23968167452465947,0.8471029479136505,0.7577574583546642,0.8221130942085976,-0.5392465128342332,0.07114381211592209,-0.707169260841695,-0.16048475923978445,-0.585453750070819,-0.8221130942085976,-0.7577574583546649,0.02029268250195297,0.04072103005925432,0.41832933897092733,0.8863037744276221,0.9565830367435462,0.006520256239666901,0.02452383803125581,-0.319404172783631,0.6978801664463103,-0.8036612908751883,-0.482931511569848,-1.6187706959036452,-1.657331577651353,-1.5992554717422576,-1.016432198667086,-1.0302635040182315,-0.8213259083916238,-1.8171459223445585,1
0.4932090788038099,-0.7204640344536393,-0.15484123025532542,-0.4281154315628296,1,0,0,1,0,0,0.2363566035908452,-0.44198909589855107,0.764073616456894,-0.5379078828852368,0.25302188839859685,0.07578606631763395,0.011583043104800963,0.6012680777628594,-0.3747481810702771,0.8924915866835482,0.5871289857710698,1.2662581321313773,-0.48482360249204726,-0.13005040780628746,0.7039209821018766,-0.4420566563585291,1.001508977554417,0.6731265764222849,1.078283513832815,0.6575966059261134,-0.14605133854258695,-0.1200867192029038,0.06806900980254776,-0.21261939644022188,-0.10611934829199207,-0.6575966059261134,-1.078283513832816,-0.09111737198826762,0.7161642658861095,0.16359627584405784,-0.09565426316663046,0.3079883877961804,0.4475901695294441,0.2692014673650073,-0.2086678343205727,0.2638024885416898,-0.19302946221276363,-0.17942508891434333,-0.2046721523111086,-0.1402778277722523,-0.21156008378542468,-0.15990635171348128,0.03983423407198747,0.4033962301162448,0.16231986177126023,1
0.5960101282327613,0.0010334127472937634,0.5693561964423357,-0.7214446930876474,1,0,0,1,0,0,-0.05387894750420167,-0.37395686273071954,-0.16982862701171944,-0.3232288614436788,-0.10224118848435002,-0.03780087823846573,-0.848825968372157,-0.2255273132186086,0.0694421684769783,-0.4721110765562799,-0.49154549187198016,-0.2304822934876895,0.4936551013107636,-0.19783310849456126,-1.3319096435466342,0.09231732112343984,-0.030715000054276874,0.021861197533912417,0.9345219622652575,-1.2411978630008902,0.9826406607252347,-1.024734527160629,-0.00215976595389536,0.60733513808317,0.6603764178033374,1.2411978630008902,-0.9345219622652582,-0.3974950218363748,-1.3852146900196616,-0.9099216330477515,-0.7287587874050313,-0.6990401460957827,-0.6865896075014126,0.4323198869208419,0.012804842605544792,-0.9144083514851348,1.2225261405955843,-0.7864379342253526,0.8627441676909999,0.7284623537824456,0.9561348158367899,0.8235122133073248,0.6983559190505837,0.1250502895462747,0.5334696962929761,1
1.8810232460946468,0.18140777454752677,-1.6032360836506476,-0.8681093238500562,1,0,0,1,0,0,-0.7353015457273552,1.459424600330586,-0.4512786181940413,-0.09292629935812594,0.9012659350619028,1.1942149967696234,-0.7007834234819348,-0.3706996610332906,-0.19440124800773842,-0.8662357556164132,-0.0696677444948339,-0.28062686312028245,0.1875902288399364,-1.150956093227633,-0.32805819840029676,0.28546203882478616,-0.5828968739119453,0.34468314031511876,-0.2859102762628674,-0.09917924017331377,-0.17556535773945683,0.18015541693631268,0.5526148376717731,0.5922380587656756,0.42708747927634,0.09917924017331377,0.28591027626286675,-1.1216603760228097,-0.40957446049198204,-0.3549674598070702,-0.1602567656399366,-0.3747428216220998,0.2270552128845555,-0.5463906304141645,-0.4855086804782194,0.015758101167622184,-0.24854144663662048,0.04820472807728505,-0.33239718205494984,-0.010615114107371936,0.22844089288381547,-0.7626467625326843,-0.7010026615289333,-0.8213259083916238,-0.20882997275045564,0
0.46750881644657266,-2.1119233969125806,1.7280720791585935,1.0385308760612593,1,0,0,1,0,0,-0.29363875058271866,-0.22684442690626339,0.44424408102243734,-0.48409346511147705,0.557301859686709,0.199658442861097,0.48170255010452123,0.7879065243081689,0.00972734459838543,0.45571326993608086,0.6235373798083654,0.3217007282840217,-0.6060406396988857,1.4085991828445756,0.46102794110604123,-0.44713161323014516,1.0446060066921,0.9826789439766929,1.0345842828972671,-0.5873266710771624,0.7376365846198447,-0.6195787607349114,-0.4626217560218667,0.42017420726071253,0.1487655937606077,0.5873266710771624,-1.0345842828972678,1.4686233908748227,0.5660657690356972,0.3728412919839863,0.07231224326396513,0.4957394703862077,0.8886600828192224,0.02452383803125581,-0.4301405112466897,0.38782468222872474,0.7630102695314366,-0.5166544474204599,0.2575708124761301,-0.02934417274785482,0.14194497439328085,0.4463588568298112,0.5245793632923436,0.26113052715826013,0.09358841093390566,1
0.18480593051695732,0.5936920300909173,-0.8790386569529866,0.5985369837740325,1,0,0,1,0,0,-0.43244705762817587,-0.09601320927581818,-0.06748317567269331,-0.36952083372218186,0.4240835364675537,0.21173264562887137,0.08638416671273619,0.9051732295510755,-0.06760731869996718,0.45505388560986676,0.011247269095958598,-0.1974981559821575,-0.3235990654839368,-0.07315568546958519,0.11776446604147772,0.17078092160350256,0.8223377127024258,0.3751630096896551,0.1590389773671773,-0.42709685071602743,-0.19321558559189414,-1.1244048077147515,0.26403982568366674,0.2006675573915355,0.35165165873647725,0.42709685071602743,-0.15903897736717798,-0.17467491285593337,-0.03432821836595151,-0.4095531161914002,-0.26362076959722697,0.06903246449978255,-0.6865896075014126,-0.6279498401920818,-0.762349526635866,-0.29429738304996345,-0.4150773999081907,-1.2416975682086098,-1.0075151964152582,-0.7367263106307022,-0.6177148314801074,-0.7626467625326843,-0.37174181903963527,-0.5986491559356475,-0.8274130302866491,1
-0.8175043014153137,-1.0554449920826439,1.0038746524609323,-0.13478617003801185,1,0,0,1,0,0,-0.571255364673633,0.1569271448097092,-0.6687627022894718,0.35842043035727916,-0.23279196385273812,-0.1563069424406957,0.757452578198855,-0.4033933037169909,-0.029451822395730982,0.07827533104622128,-0.3065440257505046,1.3733568065731014,0.4259969316813519,0.8371509050583386,-0.9727924756287909,0.9146932535735877,0.22807226145089685,0.27021050356510773,0.3586118043630053,1.517428063553434,-0.2167849279396121,-0.4208521779087348,0.9594401350172194,0.12040762799659388,0.6623302112893497,-1.5174280635534347,-0.35861180436300605,0.8558680911786088,-0.8598699510432187,0.22727954162577424,0.6795757665130432,0.7517636739180628,-0.6235796198885869,-0.13859458152457876,-0.319404172783631,0.5738579727592754,-0.22078545442469194,-0.4070549059059717,-0.040454256926167845,0.45617065508619664,0.4822876101929924,-0.3502454288142823,-1.3595243465075295,-0.9326642846196119,0.5334696962929761,0
0.4932090788038099,1.0832795835486928,1.0038746524609323,0.3052077222492148,1,0,0,1,0,0,1.5361071150164898,-0.653063460342336,-0.2593808969333673,-0.27925148777910086,-0.923865887798175,-0.2864400167155973,-0.4189045892091889,-1.3357825034214734,-0.8266375555662703,0.053190865428022385,-1.253425562559581,0.4218914716075241,1.8612692963510185,-0.5845553199221905,-1.0248961362606728,-1.27945098360108,0.5858797512628846,-1.387284362887649,0.6912331826893887,-0.11014700605881247,-0.0015837594972865025,0.8066849564054283,-0.15568361775548012,0.5090909047171177,0.27510145168577116,0.11014700605881318,-0.6912331826893894,-0.20252742647848845,-0.5596729573423944,1.9922157647190868,0.8475422729436388,1.0760609983917457,0.6996301199807459,3.042214599814193,2.7812133041820113,0.7598912632898273,-0.10976148557697851,0.5793409677244183,-0.39625969692687113,-0.41256952646850126,-0.194636969298146,-0.2550758902638815,-0.28942660841731066,-0.3759724034796717,-0.2706882785040748,1
1.495519310736081,0.5679242641194551,-1.168717627632051,0.5985369837740325,1,0,0,1,0,0,-0.48292280564470574,-0.06984696574972914,0.5465895323614635,-0.5118686484785789,0.8894047644780616,0.34186571990377296,-0.18414910933978945,-0.29976079782401033,0.3364040658973109,0.7466127576632721,0.8166608739688447,0.7461939610881339,-0.672012576510646,-0.6304815209749824,-0.6648698510977243,0.5895797677104927,0.568126003737848,0.5321630081362613,0.6060821098378343,0.41661470759684033,-0.3739058877977147,-0.2546209189329342,0.1325951800084617,-0.4452816479816368,-0.5421455325937731,-0.41661470759684033,-0.606082109837835,-0.8709877534198129,-1.009968447893631,-1.6013399472492547,-1.1163738022448682,-0.8697229484503528,-1.5057194464681423,-0.7910682597479163,-1.0945585420250417,-1.5965304167638241,-0.47058938433204756,-0.4070549059059717,-0.5604775923118106,-0.41256952646850126,-0.5500223735309933,-0.6992004034990842,-0.12479618717266176,0.06938110143228039,-0.76555472453303,1
0.08200488108800677,1.0059762856343069,-0.15484123025532542,1.478524768348486,1,0,0,1,0,0,-0.38197130961164594,-0.1506715846414264,-0.7711081536284979,1.4983602477154176,-1.0893004352736617,-1.2738414875024795,-0.8110701560656594,0.23143854007323572,0.6048694556919204,-1.1250258444673262,-1.3295699105938001,-1.3626664406529336,0.5922616161113559,-0.5251316726937895,-0.09486038689799796,-0.09517026543199918,-0.4727247630698779,-0.9596216916143889,-2.261586279098367,0.3844992353771891,0.6031074157281516,-0.4126857126582518,-0.9225137477513188,1.0510915522548903,0.7916221940866444,-0.38449923537718983,2.2615862790983656,-0.5089050763265954,-0.10937746679115769,-0.054746349693259644,-0.09565426316663046,-0.27233314020935756,-0.5290646384693491,-1.2804235184154193,-0.4301405112466897,0.015758101167622184,0.5286263352973745,-0.4070549059059717,-0.06782390615699217,-0.5292659687668935,-0.11002139686175369,0.8235122133073248,-1.1125787146405561,-1.0996718489615938,0.34789477903211874,0
-1.460010860346257,0.026801178718756015,1.0038746524609323,0.5985369837740325,1,0,0,0,1,0,-0.4198281206240434,-0.09601320927581818,-0.5408308881156891,0.011230638268506017,-0.19405860675457465,-0.08252014774874118,1.7239247322628581,-1.229876471707814,0.8390275683703475,0.4670544288352714,0.87815696040657365,-0.4919835892887325,-2.1075269229440607,1.9231610550239182,-0.9184234384476964,0.9440572656696058,1.0937117141952055,1.5739548431706285,1.1750460966186718,-1.8364033494200551,-0.4755594389280701,0.7679876155689306,-0.1982922860898577,0.4535454122320057,0.3950135017904525,1.8364033494200547,-1.1750460966186724,2.304198799551478,-0.6347222057676005,1.0460643873907127,1.4418852956980555,1.9124067299291387,0.4790951633358572,-0.9541866793037505,-1.4267675574142176,1.4420133285685155,-0.27629743884854874,1.1104772073715516,0.9357298989731951,0.6765972683164937,0.8376730144258402,0.9186817518577256,2.3446601314970748,1.3497724280541432,0.5953280020465953,1
0.9044132765196139,1.0575118175772313,1.0038746524609323,-0.4281154315628296,1,0,0,1,0,0,-0.5586364276695006,0.12785354089183248,-0.13144908275958464,-0.3446388986224865,0.6153856798947346,0.36467254735401344,0.6818875465784958,-1.312193576353082,1.4924179782719633,-0.43432218499464914,0.5245910891869268,1.112162075729711,0.1500820302670039,0.6577320285725043,-1.2842893530802066,0.46167352077872986,-0.4158003031351208,-0.05843493425969886,0.2181716668474233,1.300476421676128,-0.290983139371187,0.5144539834117389,-1.5762480078379881,0.17444078883573808,-0.7390444481652714,-1.300476421676128,-0.21817166684742473,0.8280155775560533,-1.0850176963188372,0.6639647927004092,0.821701271954316,0.59814915179895,0.29006520049738066,0.6769975162545934,0.6218547041523672,0.5738579727592754,-0.47058938433204756,0.12408133374116129,-0.8980365994919648,-1.4758037785205207,-1.3284856399458025,-0.12818317219668063,-0.7833178721512579,-0.26463402725168356,-0.76555472453303,0
-1.1773079744166424,-0.23087648099586283,-0.15484123025532542,1.0385308760612593,1,0,0,1,0,0,0.2742134146032426,-0.45710736993584694,-0.2849672597681238,-0.24916170579807387,-0.4527895644130294,-0.15899009861131222,-0.5415377302791056,-0.8497179067438431,0.027125715337180997,-0.3482456192526664,0.5038554223730702,0.7636441724275175,-0.333053123732687,0.358045817491531,-0.2046064784621078,-0.5255284959728386,0.31042845498870925,0.21123548884714125,0.3735052989149339,0.6710815639820534,1.11077655855545,0.9612942151583226,-0.5651872182605278,0.7782729067603573,-0.44880638468307765,-0.6710815639820534,-0.37350529891493456,0.4102278732177254,-0.10937746679115769,0.28186519801010423,-0.04397226118798574,0.08610074473523979,0.6681251261743327,0.02452383803125581,-0.1532996650890431,0.20179139169817292,0.5563823275093027,0.35171115073279,-1.208225957441296,-1.268343436656712,-0.939254006738398,-1.2702176348014877,-0.7010026615289333,-0.48731077970765985,-1.3222794763156045,0
2.0352248202380734,1.5986349029779314,0.27967722576327125,0.3052077222492148,0,1,0,1,0,0,-0.5333985536612357,0.05226217070535305,-0.38731271110714993,-0.15368451297366123,0.2736445612890211,0.1589639076067463,1.7437294764109974,0.4920750640983642,-0.3752003288425231,0.5460701492733745,0.42436712308764574,0.43294865406676497,-0.15754078179368428,2.0798933284580494,0.5696890909854346,-1.0447938684505762,0.8584839733063765,0.6973940497790251,2.059732567803647,-1.4523273562967454,-0.346493376871647,-0.10468644295366905,-0.5370056594431186,0.11355247032866252,0.1291715090681542,1.4523273562967454,-2.059732567803648,2.8612490720025816,1.2415090048625523,1.8102635767713227,0.8604627734383002,1.2126072402754011,2.558424754559094,1.8188264531454346,0.7879592118469556,1.5040244254120325,-0.1375174777889068,0.19995793940503753,0.9539763317937442,0.4950694691856613,0.5161338391675497,1.267636726542527,1.2745623934068555,0.5704037944582268,0.5953280020465953,1
0.4932090788038099,1.1348151154916164,1.0038746524609323,-0.4281154315628296,1,0,0,1,0,0,1.5361071150164898,-0.653063460342336,-0.8094876978806327,2.5862215962602404,-2.5457641953933066,-2.500938242864438,-0.8039237435569478,-0.482833591434873,-0.27301607499832004,0.24949218603018433,-1.5038435597897373,-0.24845021498395742,1.702609986117713,-0.4266401614055365,-0.6162820469180421,-0.9249379200450867,0.9908175160994491,-0.8932629929013431,0.8432886699243058,-1.1752198963459366,0.6915817127609629,0.04532643127289655,-0.5562512883569944,0.6454298408169414,1.082972826882075,1.1752198963459366,-0.8432886699243065,-0.29536913855367236,-0.43459087663371765,0.566923625794934,-0.035358594191545405,0.36488265524770414,-0.35053634023301067,1.6828944368489056,1.3047287913412295,-0.2736270174354578,0.9449662184763004,0.35171115073279,0.9357298989731951,0.4691369264526849,0.7192112130148905,1.9021003168785307,0.2044646553166367,-0.32030321536567735,1.0901944480755505,0
-1.8712150580620608,1.4955638390920825,0.27967722576327125,-1.161438585374874,1,0,0,1,0,0,-0.356733435603381,-0.19718935091002915,-0.5024513438635544,-0.06688706495146794,-0.21232574057275744,-0.09996066285774861,0.35318330215802674,-0.8054017088546854,0.41479382077056626,-0.8548551111144099,-0.25881644202786064,-0.7681385853628796,0.5915197063633492,-0.023827222545928017,-1.262826099965483,1.0531151830370464,-0.396482410203563,0.3237523473347369,0.11588809585456382,-1.1625858176247739,-0.5149178591058653,-0.15963234356222283,0.4912421482425373,0.7617089334507051,0.6525552043121908,1.1625858176247739,-0.11588809585456454,-0.007559831120602114,-1.1600669447440433,0.09081540066495114,0.6278937645343975,0.4274663494443799,-0.2770246880180474,0.2692014673650073,0.2342775195316623,0.07776919801113909,-0.7759052986632599,-0.6346847228976005,-1.564031397441998,-1.1257144516253432,-0.8038690908401701,-1.4288335323854886,-0.7833178721512579,-1.266679413303576,-1.6315710050837011,0
-0.2263982671988458,1.0575118175772313,1.0038746524609323,-0.4281154315628296,1,0,0,1,0,0,-0.2684008765744537,-0.2530106704323524,-0.13144908275958464,-0.3446388986224865,0.14430935650958898,0.07176133206170916,0.998411851218552,0.2969406849369443,0.8278358278314968,0.26057139148371633,0.20905329628203415,0.7286391140251766,0.18124920467591993,1.1685976626680348,0.5551227591327381,-0.5131399470157394,0.7101651899259711,-0.11739820752644184,-0.40749033797582196,1.3979208031972914,-0.22066696778698017,0.14854938485732253,-1.647335469033033,0.35217250656449267,-0.38639602369609233,-1.3979208031972914,0.40749033797582124,0.6887530094432773,0.11577027848446049,-1.0008977270216337,-1.077612300760884,-0.7843815472730677,-0.844114576533476,-0.5463906304141645,-0.4301405112466897,-0.9764194483286528,-0.4150773999081907,-0.17942508891434333,-0.9071598159022387,-1.5147025926199844,-1.311562525458524,0.12560226393772106,-1.0302635040182315,-0.5429799678216537,-0.76555472453303,0
0.33900750466038404,-1.7511746733121147,-0.4445202009343899,0.3052077222492148,1,0,0,1,0,0,-0.6091121756860305,0.30810988518266813,-0.016310450003180245,-0.38514437436617666,0.843988333151166,0.5346057714930601,0.14776055215765702,-0.24564688789078995,0.48206906778420267,0.773547840253261,0.9005121046963923,1.847886726695837,-0.0449585529310086,-1.0226932661130586,-1.1749258468153216,1.603243320760154,-0.15958407014645717,0.6278028041617651,0.6912331826893887,1.834740444499059,-1.2273277061388566,-0.839856858119417,0.9521003560971532,-1.2032540592502499,-0.5577825931914636,-1.834740444499059,-0.6912331826893894,-0.7038726716844818,-0.7097714541928067,2.1377775150772975,2.8760608506054517,2.6463427800537906,0.5736101447550955,1.0847935651441794,0.7879592118469556,2.2481575875342377,-1.2477571662660425,-1.0140677512169813,-1.0166384128255321,-0.4385020692014777,-0.8546384343020056,-1.1116017372174867,-1.277209135885205,-0.6543183440496418,-1.0129879475475077,1
1.0329145883058024,2.0366869244927823,1.4383931084795292,0.3052077222492148,1,0,0,0,1,0,-0.19268725454965888,-0.3099949341113908,-0.5536240695330674,0.05462936227960266,-0.5074907358040941,-0.2806265116792615,-1.305526179821855,-0.7294690890429691,0.5223794385296778,-0.21958607213903755,-0.10741590068546208,-0.10639613477843027,0.13943139396899162,0.3247592131572821,-0.6387339635956988,-0.39560137492052955,0.6812394316408242,0.6404152900412242,1.6373562143733222,-1.7690215962405276,2.139861512338869,0.3613495546398534,-1.111651422428826,0.9721519759750726,0.7648868156916392,1.7690215962405276,-1.637356214373323,0.605195468575612,-0.3345252120667762,1.0642596061854894,0.6666552660183818,0.9395147565080901,1.2982250023025865,1.4110304042558486,0.6218547041523672,1.0079356506638961,2.9433976577351446,1.0346006017076752,1.8754211892314625,0.8710913388138142,1.2607508766078017,2.6951798047985354,1.6861384465184783,0.793080546914203,1.770635811365363,0
1.4184185236643685,0.5679242641194551,-0.15484123025532542,0.3052077222492148,1,0,0,1,0,0,0.6906383357396142,-0.534443156357399,-0.8478672421327675,8.905075812275912,-3.168259344459777,-7.2930551635855565,-0.4575902293385929,1.307823044345322,-1.6258207188576461,-0.7209710561452566,-2.2993116159845313,-1.2061443191303278,1.875793125477553,-0.6964035242897348,0.21662961722135654,-1.069771011380636,-0.13247448797637038,-1.2242519064013433,-0.18804420001687264,-1.4585370472760366,-0.05954784312131244,-1.5780133767427158,1.1475346898803962,0.8426259490858878,1.793974006482823,1.4585370472760366,0.18804420001687194,-0.5924626171942612,0.340918023760079,0.40923172957353837,-0.23777976860790415,-0.27233314020935756,0.16404522527173035,1.0032343553662626,1.2309045656991897,0.2638024885416898,0.08453045990652028,-1.3934507795363622,0.6255405410238652,1.1693155802430386,1.4976744794297,0.47455723862252236,-0.4540570296619595,-1.0440026608476,1.1520527538291696,0
1.135715637734753,1.4955638390920825,-0.4445202009343899,-1.161438585374874,1,0,0,1,0,0,-0.785777293743885,2.5962025135195654,-0.5024513438635544,-0.06688706495146794,1.269648225209414,2.048353044415885,0.8854483546820704,0.2279193674078639,-0.813539743958283,1.7750759393696987e-4,0.4807119986092947,0.0524514929693568,-0.47469294289508374,0.6858010015965617,-0.1450954227534459,-0.46314616613483983,0.7028817177563798,1.2652865202798276,1.5427439112049288,-1.4585370472760366,-0.5459932111396826,-0.4581798938724923,0.6467188524142004,0.6967256781614289,0.610356877488772,1.4585370472760366,-1.5427439112049297,0.911573118423719,0.11577027848446049,0.8277217618533966,0.4340862571144791,0.7176271134471482,1.833809897011603,0.10608304780917345,-0.5408768497097485,0.9459245538203791,-0.8036612908751883,-0.8623145398892288,-1.591401046672821,-1.0868156375258795,-0.7869459763528921,-1.5557262504526888,-0.4540570296619595,-1.0440026608476,-1.6934293108373202,1
1.0072143259485644,-1.4677292476260335,1.4383931084795292,1.0385308760612593,1,0,0,1,0,0,-0.7479204827314877,1.503035006207401,-0.438485436776663,-0.09292629935812594,1.0094228806266525,1.22775444890233,-0.8245111833775747,0.47444041992710057,-1.3467059714897596,-0.029490462936776096,-0.4761754744714808,-0.6395980444796046,0.3890870084979856,0.786068411259292,-0.1305254746316701,-0.8930205844174851,1.0821464632340287,0.8644130392604682,-0.16027754582615011,-0.7133741297612541,1.9319331658828418,-0.7819419208343851,0.9435926131808802,1.1128776217306162,1.4629825264577105,0.7133741297612541,0.16027754582614942,0.6609004958207222,-0.18442671521636386,-0.19121049065408274,-0.6124742829530796,-0.18699173903207253,0.7311351137871589,-1.0357458890816678,-1.0945585420250417,0.20179139169817292,1.8331579692580091,-0.7105613285614767,0.0963939892279486,0.5728670973845897,1.0238272737859035,-0.2550758902638815,-1.1948939252628807,-1.545025353873546,0.47161139053935697,0
1.0586148506630406,0.33601437037629844,-0.4445202009343899,-0.4281154315628296,1,0,0,1,0,0,-0.11697363252486404,-0.3489535633613456,-0.630383158037337,0.30923520981136965,-0.7700825676237945,-0.5073532080963581,0.6590586078758492,1.0268739603817767,-2.2213094465378913,0.680612552859491,-0.4065974886333482,-1.330246671933731,-0.10621603213922384,-0.034688236573095534,0.19237190817603445,-1.4266486448418583,0.6930063793642773,0.14583793150014984,-0.946287449071263,-0.8757814322965277,-0.9510971147815355,-1.2167027823931775,1.6029601251289962,-0.23229038648836114,0.6709790037874286,0.8757814322965277,0.946287449071263,-0.3974950218363748,-0.3345252120667762,-1.455778196891044,-1.8270013294512357,-1.5353858776331764,-0.24551969421163483,-1.1988643086375024,-0.983822203561983,-1.2244638357027204,-0.6926373220274746,-0.8623145398892288,1.5652318312821314,2.3233137318604746,2.0561372575098895,0.37938770007212164,0.8629863402952329,0.45906541823023866,1.708777505611744,1
-1.460010860346257,1.1348151154916164,1.0038746524609323,-0.4281154315628296,1,0,0,1,0,0,-0.4198281206240434,-0.09601320927581818,-0.8094876978806327,2.5862215962602404,-1.4004051235104358,-2.0725276409559994,1.2436659107739543,-0.5505100797782083,1.1866384516965343,0.5680065417977832,0.6131014811708091,-0.38933080906307604,-0.9504845120974552,2.1945363724533484,-0.5829391322953001,0.940975790767312,1.444781039710727,1.8661811811398235,1.1515092521572485,-1.6730536447424134,0.4634071628058694,0.1716167353246304,-0.6765845937307782,0.6652799541188313,1.024900747930166,1.6730536447424134,-1.1515092521572492,1.8585585815905954,-0.6347222057676005,-0.3549674598070702,0.1627557467265941,0.7517636739180628,-0.4660546508565234,-1.3619827281933365,-1.814344742034923,0.20179139169817292,0.7229182807808735,0.5034643620605421,0.9904691974348425,0.4432043837197094,0.7022880985276131,1.9972698554289314,0.5337254978059351,-0.2089648391376897,0.9664778365683122,0
-1.7427137462758722,0.4648532002336079,0.27967722576327125,0.7452016145364414,1,0,0,1,0,0,-0.0412600105000692,-0.37279391857400446,9.898405148464976,-0.7983002269518168,1.694596927529681,0.3302387098311013,-1.8183443745957175,-1.2142660952573783,1.4188368148009893,-2.051876692357728,-0.8958830063813047,-0.7943985989089775,0.35251577044243015,-1.2155730816613468,-0.6962195473597456,0.7941407103321853,-1.2040999226006515,-0.8932629929013431,-2.0761766849861125,0.9756618166055823,1.3138658157499559,0.9691608641702595,-1.1415626299019068,1.5779881637397257,0.29259433199640467,-0.9756618166055823,2.0761766849861125,-1.2609229441355856,-0.9349191994684248,-1.1919475243667854,-0.6641562849317252,-1.05747403104038,-1.3796994712424915,-1.2804235184154193,-0.5408768497097485,-1.2244638357027204,0.917210226264372,0.5793409677244183,-0.7155722712864762,-1.1386807229918314,-0.5500223735309933,-0.28679906978068154,-0.8656330827735822,-0.5429799678216537,-0.332546584257695,1
-1.7427137462758722,0.5936920300909173,0.27967722576327125,-0.4281154315628296,1,0,0,1,0,0,-0.0412600105000692,-0.37279391857400446,4.4613030460792125,-0.7520082546733137,1.2312314236150452,0.294463294222881,-0.0783092757629512,-0.9143384151562368,-0.06941355460131511,0.5527596067928784,1.0461024549959341,-1.9619621026559446,-2.71046915613735,-1.0257532173865525,-0.7683297675219145,0.9360474054369962,-1.2202598957838013,-0.5994235568232366,-1.9787580846898434,-0.7133741297612556,-0.9160295745236324,0.4852622750460963,1.0355280249043768,-1.9567313920746865,-1.9452048602810876,0.7133741297612556,1.9787580846898425,-1.1216603760228097,-1.009968447893631,-1.2738260089432798,-0.6770767854263857,-1.0745423112758372,-1.2851844898232538,-1.2804235184154193,-0.5962450189412776,-1.1004416420156866,-1.0257092285706153,-0.02767187758659086,-1.2264723902618437,-0.5940973255993336,-1.2607931819966884,-1.9364044046542914,1.7684536571408034,1.461110804282131,-2.1882957568662755,1
0.10770514344524394,-0.23087648099586283,-0.15484123025532542,0.3052077222492148,1,0,0,0,1,0,-0.36935237260751347,-0.1506715846414264,0.6233486208657331,-0.5188124443203543,0.74089508299737,0.28507224762572314,0.668094516893221,0.3006981124309565,-0.4110390577185166,2.3986109322027755,1.4614401508410788,-0.6179714964343246,-1.8674710326702166,-0.5160575115324587,0.2488328042427124,-0.475969787011859,-0.4030126452639858,-1.126952113986484,-2.634980600574435,1.770502261954682,-1.444640273966843,-0.16344235530151371,0.08360042819551111,-3.6399890642466044,-3.000193167411723,-1.7705022619546826,2.6349806005744343,-0.5089050763265954,0.19081952690966666,-0.10023439668020068,-0.3282232720705331,-0.4600842227993849,-0.43454965705011084,-1.3619827281933365,-0.319404172783631,0.015758101167622184,-1.4420491117495413,-0.5588081172337243,-1.308581337954314,-1.0738493661593913,-2.2084875932842825,-1.175048096251087,-0.20711139779498602,0.848749735028197,-1.6934293108373202,1
0.10770514344524394,-1.0554449920826439,-0.15484123025532542,-0.13478617003801185,1,0,0,1,0,0,-0.36935237260751347,-0.1506715846414264,-0.68155588370685,0.5956667882846075,-0.6510535984042986,-0.5762208831421823,-0.380822198318352,0.694302823034225,-1.1314705465533736,-0.6315854375506781,-1.5685326866939944,0.04055927260302153,0.9407457071980146,-0.3320629939841496,0.23219320999420734,-0.3790630716169963,-0.27384296286411836,-0.8868092531100358,-1.7152101805067,1.7564425842657236,0.1977491059917861,-0.7203463533269955,1.1658363113543337,0.581693185276428,1.1733726808577019,-1.7564425842657236,1.7152101805067,-0.28608496734615396,0.26586877533487285,0.15449866644666885,-0.06981326217730856,-0.1699234587966153,-0.2140147004052217,-0.7910682597479163,-0.04256332662598434,0.20179139169817292,0.3065783976019474,-0.5588081172337243,0.48869229486974886,1.0526191379446466,1.2607508766078017,-0.0647368131630805,-1.4418395571298541,-0.9326642846196119,1.3994859768436472,0
1.1614159000919912,0.7482986259196881,-1.168717627632051,-0.4281154315628296,1,0,0,1,0,0,1.5992018000371522,-0.6577152369691962,1.4549054129953203,-0.6368569736305372,-0.053556865706658296,-0.013652472702916979,-0.7806009204300228,0.6563636523463318,0.709196143062195,-0.6841994788932293,-0.7290431730715622,6.042484511742584e-4,0.6421436181787943,-1.194691670076489,2.321388652147161,-0.016698585880149285,-2.083975521940431,-3.114501934644288,-1.5860629517126341,1.573862047610503,-0.10827725832662612,1.4246364801456153,-0.9862753541815168,-1.1421250991585068,-2.092913119980193,-1.5738620476105036,1.5860629517126332,-1.107734119211532,2.2546738586028345,0.17269388524144552,0.13691474573727128,-0.71610842633123994,-1.348194477436079,0.7993363309214695,2.0891111887878946,-0.17027518936292965,-0.5261013687559044,0.4275877563966659,-1.7738653748783102,-1.8907244622481374,-2.0900257918733334,-1.5557262504526888,-0.6186874509066087,0.1250502895462747,-1.8790042280981787,1
-0.27779879191332196,1.1605828814630785,1.0038746524609323,-1.161438585374874,0,1,0,1,0,0,1.1827768789007806,-0.6106159986222359,1.6084235900038595,-0.6519018646210507,0.11213776906779642,0.03419714567307777,0.3189471931672235,-0.574712032724239,0.7513858008467473,0.4980501636431693,0.8882456480606746,1.4874017813161962,-0.2917973864810682,-0.4497584888196977,0.37751513177255036,1.2473359876119616,-0.31865586395874596,-0.2706446380463185,0.6359402782403282,1.3979208031972914,-0.8928972188205798,1.1669966727230139,0.22628281359511795,-0.988807339547369,-1.4189946575142758,-1.3979208031972914,-0.6359402782403288,0.0759977097470634,1.3165582532877582,2.6063043990427905,3.0763286082727004,2.7402183213488036,0.30581769740058723,1.716877440923038,1.4662192849331896,2.00011320016017,-0.6371253376036178,1.793366658346437,1.492246099999936,1.4027084648398238,0.8376730144258402,0.030432725387320277,0.6160407084282594,1.6837875567381073,1.5232025883508855,1
-0.7661037767008384,1.0832795835486928,0.27967722576327125,0.3052077222492148,1,0,0,1,0,0,7.467007506958751,-0.7920352870697867,-0.24658771551598904,-0.27925148777910086,-1.7346721552992832,-0.39331907084515566,-0.07355641757691576,1.7547246053146606,0.24918842007767053,-2.045102282514302,-2.7372099689437084,-0.9456742830287633,2.5081846792008915,-0.24870044827762236,3.1782403631182574,-0.17943247604492787,-2.332509299135662,-3.5973799654579732,-1.0618771407249559,-0.2366301126415829,-0.1462165683685654,0.7754768364559824,-0.5209612521307931,0.4499249513153097,0.04636565405306824,0.2366301126415829,1.0618771407249543,0.6330479821981672,5.819513158800124,3.9936898321444922,3.237834864455966,1.673450806632741,0.3845801819166189,3.857806697593365,5.549621765758477,2.620224168595341,-0.3040534310604773,0.4275877563966659,-0.6882026220556532,-0.8274902101961188,-0.6177148314801074,-0.3185222492974822,-0.28942660841731066,-0.4316415915936655,-0.7036964187794109,0
1.1614159000919912,-1.776942439283576,0.5693561964423357,0.3052077222492148,1,0,0,1,0,0,0.791589831772674,-0.5478170141596223,11.03699829461164,-0.8011934752192232,1.2890424083678933,0.19786967208068595,2.2662760980942855,1.7370685044295056,-0.8276264673953088,5.2242406869692974,5.12823415782761,2.172612027654005,-5.07337295817879,1.79979086196601,0.6189384421689396,0.23552090242402085,0.289711707768234,0.2699270130321095,-0.018359091073560794,2.981392002916201,-1.3529822586895717,-1.7641420925228881,1.3680688999670678,-6.770338958024366,-6.403424374196134,-2.981392002916201,0.018359091073560086,0.911573118423719,-0.07721350318035518,-1.6078382396759605,-1.2658824508259474,-1.1062405459988285,-1.2806837764223378,-0.9192327322560718,-1.015461157408571,-1.6319653292458338,-1.3032691506898992,-1.6969572021918669,-0.44187577897824326,0.28760912732185256,-2.5469498830298516,-2.1267434817550925,1.439192814651505,5.023938843577749,-1.0748462533011267,1
0.5703098658755232,-1.0296772261111817,0.5693561964423357,-0.4281154315628296,1,0,0,1,0,0,0.9177792018139987,-0.5774720901558565,3.028466727332847,-0.718446574771399,0.5038372937658011,0.11111428923075156,0.7298356354475453,-0.21662947569858507,-0.8095583460223632,-0.05796379383564405,-0.581257817490415,0.13474198377712834,1.3575516764371107,-0.6531650299797019,-0.3095193352923605,0.0205537504226313,-0.5151123857889612,-0.8643032395138573,-0.09720267704722074,0.28017642692511974,-1.667489019205973,-0.012738921526435618,1.1273479163563134,-0.43247127814675324,-0.08816026000970549,-0.28017642692511974,0.09720267704722003,-0.7317251853070371,-0.4846237089171882,-0.6733837887156574,-0.5607922809744348,-0.71610842633123994,-0.9071245641463012,0.5138790966987595,0.6218547041523672,-0.8523972546416179,-1.4420491117495413,0.9587239960437993,2.979330374874668,3.334682898446541,2.8684467528992554,1.0455744699249259,0.6160407084282594,0.848749735028197,3.5645266782203247,1
-1.9483158451337743,-0.23087648099586283,-0.15484123025532542,-1.6014324776621007,1,0,0,1,0,0,4.968457980140522,-0.7664505156220551,0.23955317834438508,-0.4453239383282307,-1.1151512450781047,-0.24529828876614387,-0.005047252120536455,-1.140038879216308,2.1873976688554464,0.32358559854335234,0.9587938382330149,1.8190264239122156,-0.49045806337276304,-0.6517262942511042,-1.8918881041663387,2.4243097665915387,0.07027354682522506,0.7113778479564379,2.5539129013171307,-0.05200463268990121,-0.64417890722167,-0.330512831710731,-0.5540483756991816,-0.3674612215336473,-0.5519569374900791,0.05200463268990121,-2.5539129013171316,0.911573118423719,-0.9349191994684248,9.088351094681888,10.473315141466252,10.036908122006674,2.904979686429634,7.120175088710053,4.995940073443184,8.821333852947054,-0.6648813298155464,-0.4070549059059717,-0.33239718205494984,-0.5551985114998699,-0.6515610604546642,-0.033013633646279864,0.6983559190505837,0.7374113588002092,-0.3944048900113141,0
0.5703098658755232,1.4182605411776974,0.27967722576327125,-0.13478617003801185,1,0,0,1,0,0,-0.3188766245909836,-0.20940026455553734,3.2075712671761427,-0.7236544216527305,1.33716716491795,0.39821199948672004,-0.3973161396787941,0.5328238220862493,0.21161752568421618,0.14561163755502207,-0.052254156637714474,-0.08673892151755887,-0.15617726792480574,-0.0689519451814444,1.0080965321454234,0.7010261063205471,-0.12549655992947903,-0.006779919305905204,-0.7989105922128049,0.6740482547543618,0.4835817927812714,0.2785715583422374,0.4151753833127869,-0.3211521688459755,0.06131369122876854,-0.674048254754361,0.7989105922128042,-0.14682239923337803,0.7912135143113154,-0.30947941282012914,0.08523274375862654,0.03489590402886805,-0.7495995951142377,-0.7910682597479163,-0.5408768497097485,-0.10826409251941274,0.5841383197212315,0.4275877563966659,0.4704458620491997,0.6247321828505417,0.4484413812184362,0.2524949820049213,-0.28942660841731066,0.013711913318286572,0.6571863078002155,1
-0.2006980048416086,-0.10203765113855341,-1.6032360836506476,-1.161438585374874,1,0,0,1,0,0,1.1449200678883833,-0.6024753895252305,-0.7839013350458762,1.5215062338546692,-2.160236762250978,-1.6391979194014301,-0.09041887422587808,0.9054774693453301,-0.14153470834148196,-1.4165279454341397,-1.4841726208074306,-0.9385868947634605,0.8946156471967752,-0.45458221512315433,-0.05625427566944815,-0.3441509258458642,-1.2553314051515454,-0.9592170654027244,-0.08286747959746427,-1.1979336225714128,-0.3284835475216686,-1.2991505416943718,-0.15235580294272702,0.668872734806956,0.9930083279228574,1.1979336225714128,0.08286747959746356,-0.14682239923337803,0.41596727218528484,1.4827496384653478,1.0413497803635572,0.4103980692089227,1.3927399837218248,1.4110304042558486,1.6184817503198954,1.2559800380379649,-0.44283339212011924,-1.317574173872486,-0.615216890773458,-0.5940973255993336,-0.3130987707090945,0.12560226393772106,0.03983423407198747,-0.48731077970765985,-0.3944048900113141,0
0.5703098658755232,-0.10203765113855341,0.5693561964423357,-1.161438585374874,1,0,0,1,0,0,-0.81101516775215,4.279564180364627,-0.7839013350458762,1.5215062338546692,0.7118913981583822,2.115431948681298,0.8399465766600454,0.6897174401561671,0.6143542289304829,0.4123765295208347,0.012711604867791408,-0.05566683916374308,-0.35096808502842364,0.5667811464744176,-0.18882008903954786,0.3562815306419731,0.658944859891062,0.6527326719784403,1.068484771272222,-1.1356331163529647,-0.6016451180338384,-1.135814652136545,-0.4818142333011152,0.09630435624899367,0.6207407011897436,1.1356331163529647,-1.0684847712722227,0.9951306592913848,0.26586877533487285,1.4736520290679587,1.4677262966873774,1.7246556473391115,0.7941451013999841,1.0032343553662626,0.5111183656893089,1.752068812786101,-0.6648813298155464,-1.1658209625447336,-0.5513543759015367,-0.6978274965312384,-0.6177148314801074,0.506280418139323,0.5337254978059351,0.013711913318286572,-0.332546584257695,1
1.495519310736081,1.0575118175772313,-1.168717627632051,1.478524768348486,1,0,0,1,0,0,-0.4576849316364408,-0.0436807222236401,-0.2210013526812325,-0.29140313050220795,0.3249648631982956,0.1916089743492474,-0.5632020648538693,-0.28443454567818643,0.87315920221155,-0.17966171881747772,-0.1016938833560032,-0.6838267743165681,-0.40490395456044587,-0.5501863454988427,-0.5554558589670671,0.6294283528300847,0.4644067418810509,0.2926794429633062,0.6912331826893902,-1.6182148153149178,0.23340646726320227,-0.1660481455714082,-0.56112308767432,0.7032091668964207,0.41795153954125963,1.6182148153149178,-0.6912331826893908,-0.8152827261747027,-0.9349191994684248,-1.6195351660440314,-1.1163738022448682,-0.9038595089212672,-1.6632444155002057,-0.709509049969999,-1.0391903727935126,-1.720552610450858,0.5286263352973745,0.19995793940503753,1.1638103092300558,0.6506647255835172,0.9222885868622325,1.2993599060593275,1.6038232358961542,0.793080546914203,0.9664778365683122,1
-1.9740161074910114,1.0059762856343069,1.7280720791585935,1.478524768348486,1,0,0,1,0,0,-0.10435469552073157,-0.339650010107625,-0.7711081536284979,1.4462817789021016,-1.4032486577698073,-1.3789317708516269,-0.4683735121607486,0.08111595585062427,1.7587472981374033,-0.9803649730240586,-0.3054548048491153,0.9400428005722969,0.9859980871411754,0.021930433801189,0.11852805329607495,1.5164832488830036,-0.0886188398495697,0.3367032554856202,0.9676977049346941,0.3223554599919946,0.6731974011907037,0.007404606750431163,-0.8803470588966625,1.236536906055094,0.7258314012582413,-0.3223554599919946,-0.9676977049346949,0.18740776423728422,0.340918023760079,0.6912576208925736,1.4418852956980555,1.3320852019236007,-0.5920746260821743,0.8401159358104279,0.40038202722625016,0.2638024885416898,0.5841383197212315,-0.02767187758659086,-0.0951935553878152,-0.5292659687668935,-0.0423289389126401,0.5697267771729232,-0.9479482933959068,-0.9326642846196119,0.2860364732784985,0
1.0072143259485644,1.4955638390920825,1.4383931084795292,-1.161438585374874,1,0,0,1,0,0,-0.7479204827314877,1.450702519155223,-0.4768649810287978,-0.040847830544809956,0.9466823663887984,1.147259763783834,0.7501562136882882,0.28157948417773004,-1.2517831742891448,0.3271077205402086,-0.06194385186501876,-0.5155299530619467,-0.04881327584203928,0.6687956433649921,-0.18517456807224697,-0.9630830539258068,1.2591122845952065,0.5594341509316695,-0.24010667662448304,-0.4649864905896614,-0.374857749288915,-0.5719804960990807,0.7434239444180477,0.8066127608282866,0.6267086045469054,0.4649864905896614,0.24010667662448232,0.939425632046274,0.11577027848446049,0.9641859028142197,0.2531992501892221,0.76883195415352,1.2982250023025865,-0.38327221085833024,-0.319404172783631,1.2559800380379649,-0.5538573609678327,-0.7864379342253526,-0.97102233077416,-0.4903671546674297,-0.1607907403235886,-1.3019408143182878,-0.7833178721512579,-1.0440026608476,-0.76555472453303,0
1.0586148506630406,-1.9830845670552713,1.4383931084795292,1.7718540298733036,1,0,0,1,0,0,-0.20530619155379135,-0.2954581321524524,-0.11865590134220637,-0.3353805041667859,0.0864015227101642,0.031961182197564,0.08975592471591977,-0.17309363331327274,-1.1228366768220617,0.31983929530207555,-0.3279494395314637,0.24412822439880258,0.5124022271649002,0.3219544432076991,-0.12970564536914175,-0.2388713105572348,0.7035567291015357,0.3667006902642338,1.5152758231882966,-1.1698703314820218,0.19688528796069188,0.10764017573583279,1.2949127220184466,0.2655525555216507,0.7843621845761198,1.1698703314820218,-1.5152758231882975,0.8001630639334981,0.41596727218528484,1.746580310989605,1.3256007912461045,1.605177685690913,1.2982250023025865,2.063504082479186,1.2862727349307197,1.6280466190990672,0.5563823275093027,0.5793409677244183,1.4101371523074657,1.9861906763317847,2.005367914048054,0.2524949820049213,0.7806711296729086,0.23638866577426285,1.0901944480755505,1
0.4161082917320974,0.9029052217484598,-0.4445202009343899,1.0385308760612593,1,0,0,1,0,0,0.16064298156605036,-0.42047462899932225,-0.5664172509504457,0.10381458282551219,-0.8235834686561119,-0.40360450283251903,-1.4161595469637833,-0.3244337944689925,-0.4025371193148647,-0.9040226271128622,-0.9419733040968966,0.3726055808008309,1.5857528119430115,-1.3454192655024302,-1.5069270772685122,-0.4065771227364648,-1.548300778859449,-1.1580017174873052,0.34468811875864686,0.16633209230480636,0.6248772457004315,-1.064310900712565,0.14171092897483675,-0.31399230210773255,0.09404813899699241,-0.16633209230480636,-0.3446881187586476,-1.3444804850032512,-1.535313186870074,-0.9645072894320803,-1.0000892977929163,-1.467112756691348,-0.37153966943728567,1.0032343553662626,0.8986955503100138,-1.534519319920306,0.6674062963570164,-0.9381911455531051,0.29710475025398503,0.3265079414213163,0.17767154942198057,0.41111087958892223,0.03983423407198747,0.1250502895462747,0.34789477903211874,1
0.5703098658755232,0.4133176682906843,0.27967722576327125,-0.4281154315628296,1,0,0,1,0,0,-0.8236341047562825,8.823768472728757,0.15000090842273722,-0.415812806000685,2.865007735589549,7.107444004113348,0.9858900959499406,0.08059455425000661,1.0255348836347562,1.588199266078213,2.1746511264470225,0.5736063006994331,-2.755993892918281,0.05642563281187937,-1.3237539846046829,0.9529709389637768,0.9227011547366643,2.15275382676015,1.7556215933338115,-0.9588735405703893,-1.3145243501816255,-1.4367262371821519,-0.44429665205908464,-1.2306200760674215,-0.725407857720852,0.9588735405703893,-1.7556215933338122,0.15955525061472892,-1.1600669447440433,0.4456221671630917,0.8992242749222835,1.2808803612172301,0.7941451013999841,-0.7910682597479163,-1.4267675574142176,1.069946747507413,-1.3032691506898992,-1.4693273852002382,-0.8432973010303187,-0.9182541097615345,-1.277716296483967,-0.09645999267988113,1.3568776040291806,0.9044189231421907,-1.3841377820692236,1
0.6474106529472365,0.9029052217484598,1.0038746524609323,1.0385308760612593,1,0,0,1,0,0,1.6875343590660796,-0.6641114298311291,-0.5664172509504457,0.10381458282551219,-1.435037052029388,-0.5909782420805733,-0.15799498570901666,-0.03053253218679737,0.7389172172767454,-0.02290770362503195,-0.02372596134537761,0.546210063581693,0.2281625417898662,0.0879049370465983,-0.8589414843622346,0.951522604206387,-0.7300558443936823,-0.6137872164080601,0.20465562353765243,0.5419904249708541,0.3075294509974597,-0.8185618645647974,-0.05393613715332858,-0.6929640485629791,-0.5683988410835308,-0.5419904249708541,-0.20465562353765313,0.2500759198880333,-0.6534845178739019,0.6730624020977969,1.1059522828368633,0.7133600433882843,-0.48180714775973,1.0032343553662626,0.981747804157308,0.527349650126638,0.25106641317809053,-0.7864379342253526,-0.08607033897753999,-0.10137901367278856,-0.36386811417093057,-0.0647368131630805,-0.04248097655033679,0.23638866577426285,-0.2706882785040748,0
0.8787130141623758,-0.7204640344536393,0.5693561964423357,-2.041426369949327,1,0,0,1,0,0,0.3246891626197725,-0.4733885881298579,0.32910544826603294,-0.4702058734279261,-0.004183397245598534,-6.838845449370944e-4,0.7069344898813668,-0.1756825757018415,-0.854104605056694,0.7671762888730373,0.6047962811191532,-0.2026489785893641,-0.8741119246520452,-0.31134195948823046,-0.9062027557718884,-0.21912366876804593,-1.4672374032632272,-1.056208348492993,-0.8251557858999272,0.5419904249708541,-1.2940988343638136,-0.6666841788004338,0.9473914528803147,-2.4912931652347465,-1.8174466639654465,-0.5419904249708541,0.8251557858999266,-0.5367575899491508,-1.0850176963188372,-1.1282642585850677,-1.051771299771562,-1.4841810369268051,-0.5920746260821743,-0.22015379130249568,0.17890935030013266,-1.1624527388592034,-1.1367331974183288,-0.4070549059059717,0.890113816921823,1.298978293907919,0.025363519036474696,-0.09645999267988113,1.6861384465184783,2.2961486259920414,0.34789477903211874,1
0.44180855408933456,-0.2824120129387873,0.27967722576327125,0.5985369837740325,1,0,0,0,1,0,0.21111872958258027,-0.4350114309582606,-0.1826218084290977,-0.315706415948422,-0.3065693357942936,-0.09056961626059078,-0.17479276898267782,-1.5731803067854286,0.656116456649261,-0.5653017935130161,-0.4581984042047478,0.17730603074666473,0.4292251758328537,-0.6419252464244953,-1.7027053483757348,0.6999446209964437,-0.983522434618814,-0.6211505931472169,0.3758588387947461,-0.13094794135889876,-0.39835054245470514,0.453506502623347,-0.19355633457143995,-0.21155775752479714,-0.010752290880043903,0.13094794135889876,-0.37585883879474674,-0.6481676444393714,-1.6103624352952797,-0.23669853764102378,0.14983524623193267,-0.2552648599739003,-0.6235796198885869,0.758556726032511,0.6218547041523672,-0.6043528672675491,-0.22078545442469194,0.7310941790521709,0.8080048692293539,0.5728670973845897,0.4484413812184362,0.9186817518577256,0.9453015509175579,0.9600881112561845,0.9664778365683122,0
-1.7170134839186342,0.4133176682906843,0.27967722576327125,0.3052077222492148,1,0,0,0,1,0,-0.028641073495936725,-0.37279391857400446,-0.23379453409861076,-0.2879312325813202,-0.18710130750314943,-0.06418524724952825,-0.30897262631547856,-0.678161394228431,0.14835322788412436,-0.7284658993301381,-0.3883050210494401,-1.3015038634189933,0.14694381454406283,-1.014334075442145,-1.0990304215573874,0.9974739387857391,-1.0622255490267039,-0.18817805163299262,-1.6577619304569258,-0.13094794135889734,-0.5838766985286098,-0.17018675364712396,0.7995612800795772,-0.069174238051091,0.3210963034435698,0.13094794135889734,1.657761930456925,-1.0938078624002545,-1.2351161931692491,-1.11916664918768,-0.5091102789957901,-0.8697229484503528,-1.0016395455655394,-1.1988643086375024,-0.6516131881728072,-0.8523972546416179,-0.6926373220274746,-0.4070549059059717,-0.7976812189789466,-0.30883935553659736,-0.3130987707090945,-0.8895394805998851,-0.5363722402842841,-0.6543183440496418,-0.45626319576493324,0
1.0329145883058024,-0.07626988516709207,-0.4445202009343899,-0.4281154315628296,1,0,0,1,0,0,-0.06649788450833415,-0.3582571166150661,-0.10586271992482811,-0.3353805041667859,-0.033244580341518795,-0.016335628873533507,0.6729663061792133,-1.9832219272085616,1.411773269836801,-0.18272991795494764,1.4360365333580054,0.8737108238213359,-1.30712472614944,1.6401409065925,-0.07276978099786853,-0.5435349209459808,0.4019568284262231,0.4231296819883351,0.3242026962602782,0.8700970699576553,0.7030334381179435,2.6491351653509856,-2.4761415317941706,0.6454298408169414,-1.453814045688704,-0.8700970699576553,-0.3242026962602789,1.5800334453650435,-0.03432821836595151,0.11810822885711679,-0.18609776662925942,-0.01630893667750248,0.6996301199807459,-0.46483142063624716,-0.6516131881728072,-0.10826409251941274,0.45461035606556566,2.096873081001942,-0.5635186644485686,-1.657331577651353,-1.3623318689203594,-0.011864847301746482,0.06727263761276221,0.5704037944582268,-0.8686519007890618,0
-1.1516077120594044,-1.8542457371979617,-0.15484123025532542,0.3052077222492148,1,0,0,1,0,0,0.26159447759911014,-0.45710736993584694,-0.2593808969333673,-0.277515538818657,-0.416641059133686,-0.13707765655127727,0.09588959231663127,0.8345829258965288,-1.0847339201859292,0.49937710735593677,-0.15334301323382207,0.07373964552601917,-0.20684513767357063,0.2225625779665021,0.014480199532669307,-0.5978910507543604,0.29855964217203573,0.14300859068612115,0.288491621905012,-0.18555039652161812,0.08904509320149932,-1.1309853114649728,0.8820447620805918,-0.3785796244494339,0.3389734817673599,0.18555039652161812,-0.2884916219050127,0.35452284597261524,0.19081952690966666,0.5547934799317504,0.13691474573727128,0.2567835470898098,0.8886600828192224,0.35076067714292497,0.2342775195316623,0.5738579727592754,0.029018475482663446,-1.0899443568808573,-0.1681792866700104,0.30057539868834077,0.12690220596014448,-0.28679906978068154,0.2044646553166367,0.1250502895462747,-0.20882997275045564,0
0.4161082917320974,0.23294330649045036,-1.6032360836506476,1.7718540298733036,1,0,0,1,0,0,0.6275436507189519,-0.5245581310253209,4.512475771748726,-0.752586904326795,0.8356818865646839,0.17819319349616475,-1.1808640386171931,-0.3082611058482142,0.06362152727021936,-1.0768782308239984,-0.6680551983527155,0.34546402298183376,0.9071892874640626,-0.7976969309476497,-1.0328997786930836,0.9964032861479639,-0.7517290908267703,0.22164628279968496,0.288491621905012,0.1850492459657866,0.8449708166884736,-0.6116382817234988,0.9143164506999413,0.7093913170119199,1.084898931711874,-0.1850492459657866,-0.2884916219050127,-0.6760201580619267,-0.8598699510432187,0.5184030423421971,0.9896677783849125,0.59814915179895,0.25856020669096863,0.35076067714292497,0.2342775195316623,0.5738579727592754,0.5841383197212315,-0.7105613285614767,-0.5422311594912614,-0.02358138547386016,0.2622871218583729,-0.6992004034990842,-1.1948939252628807,-1.266679413303576,-0.08511336124321738,0
0.4932090788038099,1.7274737328352407,-0.15484123025532542,-0.13478617003801185,1,0,0,1,0,0,0.07231042253712305,-0.39954163417845107,6.572177979946626,-0.778626138733453,1.3632384435460967,0.294463294222881,0.25108492414959915,0.15281715923969844,0.528229850748375,1.5735613124976249,0.8491628556475334,-0.2661109925230226,-0.7708050655760036,0.08052957071777701,1.1105394322355422,-0.2671990684933467,0.9797826458182982,0.5043704985324226,-0.11972941589683889,-0.24419747799268982,-0.2686755009045504,0.9027676772767377,-0.9906171970336611,-1.1542441157007117,-0.6115336768470641,0.24419747799268912,0.11972941589683818,0.02029268250195297,0.9413120111617277,-0.18211288125669506,-0.28946177058654887,0.10316902497069583,-0.11949971898598452,-0.38327221085833024,-0.3747723420151606,0.015758101167622184,-0.16527347000083534,1.0346006017076752,0.44307621281837667,-0.16621037050522874,-0.6007917169928287,1.4579758036433286,0.6983559190505837,0.6260729825722207,-0.023255055489598248,1
-0.1749977424843705,-1.3904259497116478,-0.15484123025532542,0.3052077222492148,0,1,0,1,0,0,-0.33149556159511606,-0.2251000106711908,0.188380452674872,-0.42680714941682946,0.4612375621729423,0.15672794413123253,-0.09442193284221352,0.6672889062908726,0.7138361299934642,-0.022099064886581435,0.13480215578972327,0.10860463526236552,-0.20134286464719137,-0.4882724720272662,-0.04632102296168564,0.8432351716903954,-0.9565147838528909,-0.8556311463647672,-0.7279513648365089,0.8700970699576553,-0.3565801048088031,-0.9622783493345782,-0.12846787709407653,-0.9186092751961122,-1.0106066839278705,-0.8700970699576553,0.7279513648365081,0.045050472388668855,0.8162299304530506,2.6998076067381676,2.8789320729375993,2.185499213696451,0.7696412173283294,1.0485450274651051,1.6738499195514247,2.5513229498803223,-0.37806941029228636,-0.9381911455531051,-0.17831619379253782,-0.21663475915268182,-0.5537830656392774,-0.32909664246974885,0.06727263761276221,0.5704037944582268,-0.04387449074080463,1
-2.1025174192772003,-2.1634589288555044,1.0038746524609323,0.3052077222492148,1,0,0,1,0,0,0.17326191857018283,-0.42512640562618254,1.4037326873258074,-0.6316491267492056,0.5114531191845906,0.16119987108226008,1.459792584897113,-0.3201799852626722,-0.23395923345771963,0.5421747401197619,0.061120382192036596,-0.08673892151755785,-1.0748754632424875,0.7215469586955745,-0.47879423457476106,-0.4629044137513184,0.5023290969974423,0.26333662021129023,0.3871222082195544,-0.5022446364654003,-1.3089159051908836,-0.04018847553546725,-0.1453441836711775,-0.23434216194040242,0.17763746504274938,0.5022446364654003,-0.3871222082195551,0.7166055230658329,-0.40957446049198204,0.14540105704928116,-0.12149526415595328,0.08610074473523979,0.41608517572303205,0.18764225758709038,0.012804842605544792,0.139780294854656,-1.1644891896302574,0.19995793940503753,0.7441423543574326,0.5469345546516133,0.4145951522438788,1.0455744699249259,1.8507688677631275,1.6837875567381073,0.47161139053935697,0
0.46750881644657266,0.5936920300909173,1.0038746524609323,0.3052077222492148,1,0,0,1,0,0,0.13540510755778543,-0.41524138029410446,-0.2721740783507456,-0.2520549540654803,-0.3504206866067798,-0.12455626108840012,1.570657462960902,0.3306547395765651,-0.12737022163078188,0.5439464425833593,-0.20529172126094394,0.24867138439516268,0.34583217941880245,2.5195805293489064,1.1470758383691109,0.6192126000474013,0.920642535821293,0.41818862004046903,-0.12528395424331848,0.4634132099205562,0.3334977413245344,0.6952813867956632,0.7963683063091029,0.17805682762254119,0.6751690856584571,-0.46341320992055685,0.12528395424331776,2.7498390175123615,1.391607501712964,0.7094528396873502,0.9509062769009282,1.3320852019236007,-0.4660546508565234,0.10608304780917345,0.17890935030013266,0.8219023601333442,0.3065783976019474,0.6552175733882943,0.023408257945752128,0.4302381123532211,0.4822876101929924,-0.1916295312302808,-0.6186874509066087,-0.48731077970765985,0.40975308478573785,0
0.6217103905899984,-0.7719995663965628,0.5693561964423357,-2.334755631474145,1,0,0,1,0,0,-0.11697363252486404,-0.33325381724569214,0.21396681550962854,-0.4349082445655675,0.24395721514226204,0.07981080057355874,0.3408876741630589,-0.6329328933515623,0.9320640533925517,1.328025595535976,1.2739369830179113,1.3472925881963034,-0.5001274761942635,-0.47963536828446574,-1.0662532998739782,0.06399590511065047,0.18853734885044532,0.3135330113801279,0.6257323574189628,1.2169526660865582,-0.9532586176684786,-0.19942888953977486,-1.2098530724235967,-1.6071264947453359,-1.3500765088525446,-1.2169526660865582,-0.6257323574189636,-0.6203151308168162,-1.1600669447440433,-0.8644335860608106,-0.7029177864157086,-0.596630464683041,-0.5290646384693491,0.02452383803125581,-0.26403600355210183,-0.790386157798101,-0.7084978890057194,0.25415551487923493,1.4609665008789954,0.4913648202238072,-0.22606561048880558,2.042588683310074,0.7336338664601519,1.6837875567381073,1.487854985063103,1
1.958124033166361,-0.6689285025107157,0.5693561964423357,-0.8681093238500562,1,0,0,1,0,0,-0.2810198135785862,-0.25184772627563734,1.2758008731520245,-0.6160255861052109,0.8667128468517399,0.2823890914551066,0.33010150368387425,-0.9721506276907009,-0.6402397888188474,1.1709721005598985,0.8928442639985937,-0.04504069114887804,-0.762622469086905,-0.07315568546958519,-0.13908719672384803,0.30289735305171195,1.1400042545031164,0.5493973507049044,0.3735052989149339,-0.4318681387001143,-0.5321104753880511,1.1949727450987366,1.1796118679828547,-0.45149905874840335,-0.6243616896617991,0.4318681387001143,-0.37350529891493456,-0.17467491285593337,-0.25947596364157,-0.4095531161914002,-0.19901826712392082,0.2567835470898098,-0.8756195703398886,0.02452383803125581,-0.1532996650890431,-0.046252995675895824,0.7321702781848496,4.373171250918228,6.826286627873718,6.943628428785709,6.140248887106424,2.314501650596933,4.457417204136737,4.467246962437809,5.935761732109065,1
0.4161082917320974,1.9593836265783975,-0.4445202009343899,-1.161438585374874,1,0,0,0,1,0,0.29945128861150755,-0.466992395267925,0.022069094248954552,-0.38688032332662053,-0.18620630103291408,-0.060160512993603456,-0.4325740480695028,-1.7168401976142744,0.24101494322963457,-0.8753907029692405,-0.3617439004607267,-0.4126250519318275,0.15490879057546422,-1.2347317843594738,-1.6683172718481818,-0.39978506416278586,-1.470000528786312,-1.074400014986473,0.5622164056415804,-1.1203707433436254,-0.6322247066706301,0.6851334314234676,-0.7312209358022934,-0.27503099681129933,-0.5786577122839228,1.1203707433436254,-0.562216405641581,-1.1495128896453646,-1.535313186870074,0.13630344765189217,-0.09565426316663046,-0.6649035856248688,0.4790951633358572,1.8188264531454346,1.6184817503198954,-0.4803306735805153,-0.31198371454959967,1.33810702436318,1.6955634942860531,0.9729691852647915,0.7893212587479019,1.5440815766175007,3.3206833431617806,2.717643907426568,1.3111169686241912,1
1.4184185236643685,0.026801178718756015,0.5693561964423357,-0.4281154315628296,1,0,0,0,1,0,-0.3062576875868511,-0.22975178729805104,0.09882818275322415,-0.40134656466365276,0.37038129452519264,0.1334739239858893,0.3539075444448884,-0.8237690094913414,-0.3734209691939948,0.288541315843583,0.49449525657894994,0.31167104052547256,-0.48979165572375405,-0.18932540180165416,-1.064214893366286,-1.260382325603707,0.22046176744812315,-0.06269013614889704,-0.43967950362031105,0.8611509049874916,-0.6812887663425157,0.06454169975706787,-0.7560837118589063,-0.1711945878119681,-0.7040727682394178,-0.8611509049874916,0.4396795036203104,-0.11896988561082296,-0.9349191994684248,0.2909628074074919,-0.43158727602782254,-0.32353798091572933,1.1722050270769362,-0.46483142063624716,-0.319404172783631,0.44983577907224165,-0.8314172830871166,-0.3311783002420958,-1.1534866589796486,-1.3072422507561756,-1.277716296483967,-0.7309235830158842,-0.8656330827735822,-0.5986491559356475,-1.4459960878228426,1
-1.8198145333475857,-0.2051087150244015,0.27967722576327125,1.0385308760612593,1,0,0,1,0,0,1.1575390048925156,-0.6088715823871633,-0.31055362260288033,-0.24626845753066742,-0.8679785232731302,-0.27794335550864496,-0.8490095958657065,-1.042209610691032,0.035662219805350365,-0.9203967383822288,-0.35701827843511025,-0.9699416593909227,-0.2567353266782958,-0.23941084544490002,-0.678293524231196,-0.6607093001492756,-0.9443650247068949,-0.8644957910656336,-2.055575618973641,0.7158101325491454,0.941352014359757,0.7509658359106179,-0.7127005772533707,0.30698042155406774,-0.37987063224258083,-0.7158101325491454,2.05557561897364,-0.3696425082138195,-0.7848207026180125,-0.6278957417287164,-0.8450432918569822,-1.1257471519822078,-0.05648973137315825,-1.1988643086375024,-0.4301405112466897,-0.6043528672675491,0.5008703430854462,0.27583454506891375,-0.998391980004983,-1.164613265724808,-0.9900233502002335,-0.667477223982284,-0.5363722402842841,-0.26463402725168356,-0.8892713360402683,0
1.495519310736081,0.3102466044048362,0.27967722576327125,-0.8681093238500562,0,1,0,1,0,0,-0.016022136491804253,-0.38093452767100994,6.073243904668874,-0.7745755911590839,1.3848260463335194,0.3056431116004498,0.44558948857948216,0.34032950960656216,1.0257505127748061,0.01711006974275085,-0.12609183088225234,0.5053955300818408,0.2175073122130933,-0.042522874295818136,0.3000974365230342,1.2105861691125597,-0.8625034614847827,-0.6241032016514924,-0.5464277599204057,1.231239624279511,-0.6620913856852314,-0.16648190844001023,-0.1857129623357096,-0.8783582685340111,-0.4453897489649678,-1.231239624279511,0.546427759920405,0.04814519612450831,0.41596727218528484,0.391036510778763,0.9896677783849125,0.5469443110925782,-0.7811045889206503,0.5138790966987595,0.8986955503100138,0.5738579727592754,-0.6371253376036178,-0.17942508891434333,-0.06782390615699217,-0.1532440991387405,-0.48232991558187904,0.31594134103852145,-0.28942660841731066,0.3477270420022505,0.10046155601764112,1
1.6240206225222695,2.3201323501788633,1.0038746524609323,-1.8947617391869185,0,1,0,1,0,0,-0.2684008765744537,-0.2530106704323524,-0.0035172685858019803,-0.37935787783136377,0.25071416593888035,0.09859289376787443,2.394122696611003,0.9209492091292488,-0.3541128560829565,2.1982877223713735,1.5269516388987971,-0.018174871892250647,-1.1861686535133797,2.4452416623941646,0.5854116313521376,0.15164681773858757,1.9167727486243609,1.1270542854455667,-0.8114328088086202,0.7799808228191798,-0.8858292313853275,-0.677579170560104,0.6364745641802336,-1.0691058448124775,-0.8847627680777073,-0.7799808228191798,0.8114328088086196,2.52701890853192,0.7161642658861095,0.4456221671630917,0.459927258103802,1.263812080981773,-0.2140147004052217,-1.1988643086375024,-1.0391903727935126,0.6978801664463103,-0.7481493064513315,-0.482931511569848,0.6255405410238652,0.8840576101803024,0.34690269429476517,-0.2233527107470814,0.2044646553166367,0.6817421706862145,0.7190446135538346,1
0.23620645523143258,-1.0039094601397194,1.0038746524609323,1.7718540298733036,1,0,0,0,1,0,0.4634974696652297,-0.49606599918580174,-0.1442422641769629,-0.32438616075064136,-0.4124391315787206,-0.13081695881983868,0.27460129952948387,-0.9196017622723202,-0.9233255427039169,0.07904933358878415,-0.7714839898965332,0.4559135714821125,1.0188188565875798,0.6157461107995023,-0.9526659141262415,-0.37242342116496674,-0.09398619722407073,-0.9136457841517661,-0.7825353858951971,1.3979208031972914,0.23340646726320227,0.30782247909807314,0.8879673265720621,-0.19998565416187222,0.11096968953671252,-1.3979208031972914,0.7825353858951963,0.49378541408539117,-0.9349191994684248,-0.2276009282436361,-0.37990527404917784,-0.3918111018575571,-0.6235796198885869,0.02452383803125581,0.4557501964577793,-0.4183195767369984,0.029018475482663446,0.04820472807728505,-0.642586540004281,-0.127311556405765,-0.194636969298146,-0.9529858396334858,-1.1125787146405561,-0.6543183440496418,-0.023255055489598248,1
1.3927182613071303,2.3459001161503257,-0.15484123025532542,1.0385308760612593,1,0,0,0,1,0,0.40040278464456736,-0.4797847809917908,0.57217589519622,-0.5136045974390228,0.07660068919937021,0.0279364479416392,-0.4802267699905809,-0.8636765360605418,0.7322458080840046,-1.0644506598283208,-0.8700437835731091,0.024141385933347803,0.9409397863780904,-1.2245929310732084,-1.7361337576513562,2.8894328126625064,-1.670111784407045,-1.0571488700259855,0.004530982273632039,0.02843219803499119,-0.55583181410233,-0.5537975356079431,1.9025967708570388,-0.2180500878152647,0.09899941563039251,-0.02843219803499119,-0.004530982273632748,-1.1495128896453646,-1.6103624352952797,0.03622974428062242,1.5323287991606835,0.6322857122698633,-2.1043143287899837,1.166352774922097,1.2862727349307197,-0.29429738304996345,-0.5538573609678327,-0.5588081172337243,-0.14993285384946126,0.8321925247143505,0.6853649840403343,-1.5240030709358887,0.2044646553166367,0.23638866577426285,-0.023255055489598248,0
-0.8175043014153137,-0.41125084279609675,-0.4445202009343899,0.3052077222492148,1,0,0,1,0,0,1.460393492991695,-0.6489931557938332,0.5337963509440852,-0.5078181009042099,-0.34877155716609953,-0.10666855328428994,-1.6176389972282827,-1.1055034933171044,2.2603521682882963,-2.6235053596520403,-1.5907914798195715,0.16053988620728402,1.6688795858994567,-1.0072575119112124,-0.608684681173583,1.2407905653931446,-2.1804344354672507,-1.6853780656704562,-0.2763926451691775,0.4930801176436278,1.2429265655967843,0.9075712870575144,-1.843102279461824,1.3821050246849789,0.42266318540909814,-0.4930801176436278,0.2763926451691768,-0.7595776989295921,-0.18442671521636386,1.5373352948496766,2.0749898199364556,0.8200367948598906,-0.08799472517957138,1.8188264531454346,2.227531611866718,1.3800022317249987,1.2502821328075124,0.9587239960437993,0.2606118846128881,-0.7626588533636787,-0.2284831982727022,1.4262526241265279,-0.8656330827735822,-0.7656567202776299,0.2860364732784985,1
-0.27779879191332196,0.10410447663314094,0.5693561964423357,-0.13478617003801185,0,1,0,1,0,0,-0.16744938054139394,-0.31987995944346886,-0.38731271110714993,-0.14731936678536706,-0.24786767214801783,-0.13215853690514695,-0.08083116474106246,0.8570284794506389,-0.3327727163710087,-0.17378802319299178,0.20619968131494332,1.0360055740906067,0.6392223260529852,-0.5251316726937895,0.9649022200453957,-0.7493006018489528,-0.5128516102411526,-0.4619314512665427,-0.5483077512256369,1.9567929913333766,-0.41230767769670756,-0.20968062203672383,-0.2980633913524729,-0.2737584703076674,-0.7190558390378737,-1.9567929913333766,0.5483077512256362,-0.5089050763265954,0.8662627627365218,-0.054746349693259644,-0.43158727602782254,-0.596630464683041,0.5421051509486824,0.18764225758709038,0.5111183656893089,0.015758101167622184,-0.3318094232724056,-0.1035484832504671,0.31535118307453414,0.10608132819102022,-0.008482709938082702,-0.033013633646279864,-0.9479482933959068,-0.09762646290970158,0.5334696962929761,1
-1.460010860346257,0.4133176682906843,1.0038746524609323,0.3052077222492148,1,0,0,0,1,0,-0.4955417426488382,0.00865176482853798,-0.23379453409861076,-0.2879312325813202,0.3810223032074137,0.2291731607378788,1.9441993887094944,0.33039989894654054,0.04215873379089732,0.8542796138019036,0.6565582126347049,-0.2519157175509117,-0.8133831399018787,2.1227884769768646,-0.08681563026634322,0.9982469922528158,0.9528397964413706,1.2771466824401652,0.3041828515459608,-0.6452678416013011,-0.5823913429195706,-0.5404542228211827,0.9455095552230494,-0.2092570131856111,0.3933273269740506,0.6452678416013011,-0.30418285154596153,1.6914434998552643,-0.25947596364157,-0.555114866549611,0.007709740790658993,0.39332978897346543,-0.8126095827270634,-1.1988643086375024,-1.4267675574142176,-0.046252995675895824,-0.6371253376036178,-0.6346847228976005,-0.48749186102961545,0.04124997135858002,-0.0423289389126401,-0.635754044465484,-0.12479618717266176,-0.4316415915936655,-0.20882997275045564,0
-0.48340089077122306,0.7740663918911503,0.27967722576327125,1.0385308760612593,1,0,0,1,0,0,-0.1800683175455264,-0.31464671073825107,-0.6559695208720935,0.317914954613589,-0.7871816369767712,-0.48767672951183694,-1.1813181084684532,-0.5413190884845736,-0.09037200800491346,-1.3505939318413407,-1.3011030324579742,-0.513181972016907,1.180198193930908,-0.562775085739246,-0.9926932222082473,0.7681487863042076,-1.1985587565562479,-0.9448401558656409,-0.2611143426240418,-0.440948977121442,1.0803333516025053,-0.2514808408486884,0.8954570126720908,0.6360949226695662,0.7690451509834115,0.440948977121442,0.2611143426240411,-0.6760201580619267,-1.0850176963188372,-0.7916527108817039,-0.3153027715758717,-0.7502449868021539,-1.1591645145976028,0.18764225758709038,0.34501385799472056,-0.790386157798101,1.1670141561717275,-0.1035484832504671,0.4521994292286506,0.8710913388138142,1.1084428462222957,-0.28679906978068154,-0.20711139779498602,-0.4316415915936655,0.7809029193074537,0
1.3927182613071303,-0.8235350983394863,1.0038746524609323,1.0385308760612593,1,0,0,1,0,0,-0.0412600105000692,-0.3681421419471442,-0.6047967952025805,0.23401075485880213,-0.7666088014757338,-0.4639755166713909,-0.48938998724207927,0.5409059834350748,-0.012006708898462492,-0.1779949508995367,-0.27715073707581384,0.044819484416560446,0.49866809233648407,0.09723006951628287,-0.1305254746316701,0.9681543994055442,0.14092357317521317,0.06877862233514996,0.5873904109192033,-0.5214382267650228,0.7776598301669999,-0.8731679926356674,0.9893153762395586,0.38019709823366915,0.42745846996098136,0.5214382267650228,-0.587390410919204,0.605195468575612,0.491016520610491,1.9922157647190868,2.3204793293350194,2.2879088951091933,0.2270552128845555,0.9216751455883455,0.6772228733838963,1.4420133285685155,1.0004782029001573,-0.6346847228976005,0.8353745184601769,1.2730457511749436,1.3792126780187515,-0.28679906978068154,0.03983423407198747,-0.2089648391376897,1.1520527538291696,0
0.4161082917320974,-1.8542457371979617,0.27967722576327125,0.3052077222492148,0,1,0,1,0,0,-0.4198281206240434,-0.11927209241011955,-0.2593808969333673,-0.277515538818657,0.22149318408469418,0.12274129930342319,-0.4486428953737395,1.139375528454184,-1.5292814116188918,-0.8124974145722674,-1.1552482131544008,-0.45140913517330855,0.6332593814102879,-0.4326455779783393,0.5230530857895238,-1.0595435743325505,-1.411559037789697,-1.341282372969898,-0.611077343275553,-0.009609152108407288,0.19155450338756333,-1.039845570723397,1.0258398107021396,-0.3020461898222884,0.19237807872247967,0.009609152108406583,0.6110773432755515,-0.3696425082138195,0.5660657690356972,0.21818193222838655,-0.37990527404917784,-0.8867912286858101,0.7941451013999841,0.4323198869208419,0.8433273810784847,-0.35630847989348147,0.11228645211844858,-1.0140677512169813,-0.2046721523111086,0.3394742127878045,0.19459466390925928,-0.635754044465484,0.12214944469431245,0.1250502895462747,-0.20882997275045564,0
0.23620645523143258,1.0059762856343069,1.7280720791585935,1.478524768348486,1,0,0,1,0,0,4.463700499975223,-0.7588913786034072,-0.7711081536284979,1.4462817789021016,-2.706513476417644,-1.7013577040207128,0.1752345911135579,-0.328304585405254,1.3254347645957594,-0.33270035148561855,0.42307060018200837,0.28553412270305145,-0.2645484417427096,0.6702141016987366,-0.5940531265058374,1.1300076634205027,0.4929989937545196,0.922582997391045,-0.04921092906325296,0.43824128821613356,0.426002068899181,-0.14450103459103383,-0.6763650013158704,0.9383060739202644,0.35071023021484854,-0.43824128821613356,0.049210929063252244,0.2152602778598393,-0.8598699510432187,-1.2101427431615621,-0.5349512799851129,-0.32353798091572933,-1.3166894836296663,-1.1988643086375024,-1.3160312189511594,-0.9144083514851348,0.6396503041450882,0.12408133374116129,0.8444977348704508,0.3265079414213163,0.7022880985276131,0.9186817518577256,-0.37174181903963527,-0.2089648391376897,1.0283361423219313,0
-0.38059984134227254,0.6452275620338409,-0.15484123025532542,0.3052077222492148,1,0,0,1,0,0,-0.14221150653312897,-0.32104290360018395,-0.4512786181940413,-0.0842465545559066,-0.36782109593180923,-0.1817969260615527,-1.1541353287399638,-1.3940913836399802,-0.4710473490491824,-0.04842618329236422,0.08166659615277888,-0.8745631717384756,-0.5156107573146224,-0.4366668738291697,0.15498156520914547,-0.5232652094965311,1.0731400287310575,0.7399445412028721,-0.24010667662448304,-0.9546649792422314,1.1685408741406265,2.0686913045763986,0.11810643429025192,1.1295279320182978,0.6162412512666836,0.9546649792422314,0.24010667662448232,-0.17467491285593337,0.5660657690356972,1.237114184735866,0.7312577684916879,1.178470679804488,1.3612349899154128,-0.38327221085833024,-0.319404172783631,1.6900577159425842,1.1392581639597994,2.020996475338066,0.16025650409986858,0.19684522775643593,0.65151875506577694,-0.2550758902638815,0.4514102871836102,0.013711913318286572,0.5953280020465953,1
-0.1749977424843705,0.928672987719922,-0.15484123025532542,-0.8681093238500562,0,1,0,1,0,0,-0.33149556159511606,-0.2251000106711908,-0.5408308881156891,0.063309107081822,-0.3206926294202451,-0.22204426862080062,-0.5984928011999628,-0.04658819001040147,0.6989972035566901,-0.7926943766364161,-0.38436881464820666,-0.6645518358215458,-0.06370754309246443,-0.391491576096319,0.06422485619282046,0.8399571755533133,-0.7745922543053188,-0.6454463431252643,-0.5816436795245596,-0.3295023237687909,0.4410450389677897,0.12828280390806301,-0.1114766375370532,0.3028065424819188,-0.1304544442484663,0.32950232376879157,0.581643679524559,0.15955525061472892,0.9413120111617277,2.6563412507284254,2.8372993491214684,2.253772334638279,0.8256500952063961,1.0032343553662626,1.5077454118568363,2.558213071751823,0.4731143508735179,0.19995793940503753,0.24236545179233895,0.14498014229048395,0.2622871218583729,-0.09645999267988113,0.5337254978059351,0.4033962301162448,0.22417816752487937,1
-0.3291993166277972,-2.1634589288555044,-0.8790386569529866,0.3052077222492148,1,0,0,1,0,0,-0.6091121756860305,0.30520252479088045,1.4037326873258074,-0.6316491267492056,1.4933754513695605,0.7228738961313198,0.10548536572023384,0.04993088156669576,-0.46368276312128287,0.08647324409386029,-0.4342462168442972,-0.31825055208692177,-0.25270203608353253,-0.49998754648650784,-0.4710849095068453,0.09569316560056015,-0.10749836965467871,-0.3874569404806798,-0.19143037735720503,-0.24419747799268982,-0.6462616341082574,-0.5404542228211827,0.7300322734661636,-0.22341331718565177,0.1862650595200013,0.24419747799268912,0.19143037735720433,-0.45320004908148526,-0.40957446049198204,0.11810822885711679,0.14983524623193267,0.10316902497069583,-0.30852968182446,0.5138790966987595,0.6772228733838963,0.20179139169817292,-0.5631093583718088,-0.4323471077939307,0.2879815338437111,0.6333763637615332,0.49921072468027106,-0.11760877902441451,1.1648087792437567,1.127095675598167,0.3685142142833251,1
0.23620645523143258,-0.6946962684821769,1.7280720791585935,-0.4281154315628296,1,0,0,1,0,0,-0.6848257977108253,0.6686225737643393,1.2885940545694028,-0.6160255861052109,1.725931180924437,0.9902951278027672,1.2085361563745578,-0.24018778794536413,-0.5259725059249116,1.0671595942026004,0.74888077538535,1.223503747353705,-0.6008884433066418,1.493997147508999,-0.6259662427382331,-0.825479035711972,1.2179732322247812,1.0158668010281227,1.1360522199736263,0.5419904249708541,-0.18771459791121806,-0.29741396374286755,-0.11050478621320424,-0.2339423564403961,0.0182145236152726,-0.5419904249708541,-1.136052219973627,1.8307060679680403,-0.3345252120667762,1.0096739498011607,0.369483754641173,0.8712416355662611,1.7077899217859516,0.35076067714292497,-0.1532996650890431,1.3800022317249987,-0.16527347000083534,-0.2553016945782196,0.0872707728176734,0.015317428625603584,-0.07617516788719629,0.3476645205553221,-0.04248097655033679,0.23638866577426285,0.2860364732784985,1
0.6217103905899984,0.20717554051898904,0.5693561964423357,-0.8681093238500562,1,0,0,1,0,0,-0.11697363252486404,-0.33325381724569214,-0.4896581624461761,-0.040847830544809956,-0.4561343451276461,-0.22472742479141716,-0.6348796937326471,-0.8311842053392682,0.06602938720872138,-0.8458022814367135,0.0666662552158187,-0.27319511927782253,0.016620327409591643,-0.43087485709734646,-1.1435117564946011,-0.30119997661329045,0.057966189437433195,0.3704133670138546,0.21054164239835904,-0.5814181964513455,0.45229058845248127,-0.004718567954962649,-0.3929413131932338,1.2001025967948078,0.27496716095235796,0.5814181964513455,-0.21054164239835974,-0.5924626171942612,-1.2351161931692491,-0.9281168518425269,-0.9225662948249498,-0.8526546682148961,-0.15100471279239655,-0.30171300108041293,-0.4301405112466897,-0.728375060954584,0.25106641317809053,-0.17942508891434333,-0.5239847266707137,-0.6329961396987983,-0.1607907403235886,-0.6040308649486834,-0.04248097655033679,-0.32030321536567735,-0.45626319576493324,0
0.8273124894479005,1.9593836265783975,-0.15484123025532542,0.5985369837740325,1,0,0,1,0,0,-0.7100636717190902,0.7616581063015448,-0.2977604411855021,-0.24800440649111127,0.9640064492997569,0.7774314049338559,-0.3514369366462677,-0.5364688071537157,-0.4409007180741824,-0.7206231382242951,0.12298693761648623,-0.368843480805531,-0.43615239323839955,-0.5605656862332928,-0.9271150872487558,-0.034134359826376214,0.16204061048092583,0.9554700393567596,0.28185302474922574,-0.7825969144484197,-0.07142901341007617,-0.19244326818764187,0.5684243121485011,1.1341920645710195,0.7729414839731327,0.7825969144484197,-0.28185302474922647,-0.5924626171942612,-0.9349191994684248,-0.3367722410122935,-0.3023822710812103,-0.22112829950298704,0.5421051509486824,-0.7910682597479163,-0.983822203561983,-0.10826409251941274,-0.19302946221276363,-0.3311783002420958,-0.48749186102961545,-0.1402778277722523,0.31305646532020776,-0.9529858396334858,-0.12479618717266176,-0.48731077970765985,-0.2706882785040748,1
-0.09789695541265715,0.4133176682906843,-1.168717627632051,-0.4281154315628296,1,0,0,1,0,0,-0.7605394197356201,1.4972202854238257,0.29072590401389814,-0.46210477827918806,1.7713476122513325,1.5085914614268598,0.40268405066891505,0.6801215543988504,-0.04453023129234957,0.8132728904004417,0.7089783988326671,0.0373743725298848,-1.1985852789148947,-0.7129993293706496,-0.7584547022213717,-0.41916728009255283,-0.20834012289560488,0.03009402211799489,0.8549852458654548,-0.7969897706705045,-1.2723625037641029,-1.6932914484163684,-0.3603483742064066,-1.3052657064574376,-0.8923256861115326,0.7969897706705045,-0.8549852458654554,-0.6760201580619267,-0.7097714541928067,-0.009258302706318612,-0.22485926811324272,-0.2894014204448148,0.5421051509486824,0.8401159358104279,0.4557501964577793,0.015758101167622184,-1.1644891896302574,-1.5452039908641146,0.32447439948480933,0.08014878545804377,-0.44848368660732285,0.6331731362065233,2.097714499630101,1.739456744852101,-0.3944048900113141,1
1.4184185236643685,1.109047349520155,0.5693561964423357,2.9451710759725747,1,0,0,1,0,0,-0.3062576875868511,-0.22975178729805104,-0.7199354279589849,0.6853574845742072,-0.893242824141407,-0.706353957417084,-2.8775453328434693,-0.3149718674662935,-2.731374781481109,-0.7723489963727803,-1.8355085548445345,-0.6108116036179758,1.1983720565825915,-0.15358697130203433,-1.0052794978455357,-1.0547635515314926,0.610717104883299,0.17835694292063747,0.004530982273630621,-0.8375679493470506,3.8478345404740004,-0.5747581597779172,2.673945179601484,1.648970293306026,2.5603818575002646,0.8375679493470506,-0.00453098227363133,-0.06326485836571254,-0.8598699510432187,0.381938901381374,-0.25070026910256554,7.593435579547688e-4,1.0146800580448727,-0.38327221085833024,-0.4301405112466897,0.5118468759157585,3.942613377364566,-0.4070549059059717,0.5160619441005718,1.9083930481328573,2.648446264564636,-1.1433249167342867,-1.6064699783745033,-1.9903788587854983,1.0901944480755505,0
-0.2006980048416086,1.1863506474345409,1.0038746524609323,-0.4281154315628296,1,0,0,1,0,0,-0.29363875058271866,-0.25010331004056474,-0.6175899766199587,0.2629432375328666,-0.5489551756386524,-0.3955550343206694,1.371906649386861,1.2483311845199083,-0.7934597730212587,0.616523330400414,-0.06860932904923794,-1.0206455630749849,-0.26075375143878693,0.7492683131805228,0.852500004768137,-0.6879758828098632,0.45523429015221945,-0.18274246184692364,-0.35678002163742906,-1.0381887348318,-1.1590095217123946,-0.8593579367486649,0.3933366766970998,-0.3814807151420747,-0.08921695808728565,1.0381887348318,0.3567800216374284,0.577342954953057,0.641115017460903,-0.3367722410122935,-0.625394783447741,-0.42594766232847037,-0.11949971898598452,-0.38327221085833024,-0.26403600355210183,-0.35630847989348147,-0.8314172830871166,-0.2553016945782196,2.4866766887198484,2.3751788173264257,2.0222910285353324,1.5531453421937294,1.6861384465184783,1.1827648637121608,1.770635811365363,0
-0.4320003660567478,-1.9830845670552713,0.27967722576327125,1.7718540298733036,1,0,0,1,0,0,-0.5081606796529707,0.00865176482853798,-0.11865590134220637,-0.3353805041667859,0.5168663788573931,0.2658429617363047,-0.42643423117663104,-0.3923696757605039,-0.008583675935592828,-0.253139481547545,-0.21990724254080937,0.3034708375484066,0.06631136238202479,-0.41678556244340137,0.029333533634010246,1.1831773507573433,-0.33322603758678804,0.2747124130855607,0.74955583532744,-0.3295023237687909,0.17651995585230218,0.5679253837584815,1.2007133048812146,0.011553873631798483,0.5540933884178277,0.32950232376879157,-0.7495558353274407,-0.3417899945912644,0.11577027848446049,0.28186519801010423,0.8733832739329616,0.683490552976235,-0.37153966943728567,0.5138790966987595,0.17890935030013266,0.3258135853852078,0.44535835866158957,0.9587239960437993,1.0817013615375868,1.62313507807012,1.5315207084042572,0.12560226393772106,0.5337254978059351,0.4033962301162448,0.9664778365683122,0
1.110015375377516,0.9029052217484598,0.27967722576327125,-1.8947617391869185,1,0,0,0,1,0,-0.7226826087232228,0.8983040447155654,1.2630076917346462,-0.6142896371447669,1.907422064828618,1.165594664283047,1.504736326434356,-0.046517896874560254,0.5342980425233387,1.99888641213138,2.0728217317770565,0.36347616804927113,-2.281108901486063,1.4096888170866482,0.010049162888991962,0.2581712622133022,1.3646367454329846,1.2882095227745953,0.6109019818860374,-0.11014700605881247,-0.6838280350742255,0.07391430410873744,-0.4709661026370258,-1.347216148334305,-1.4370839004039555,0.11014700605881318,-0.6109019818860381,1.357213336384602,0.04072103005925432,0.10901061945972781,0.22735824919990022,0.785900234388976,0.038025250046078915,-0.6279498401920818,-0.9284540343304539,0.5738579727592754,-0.5816133531797613,0.19995793940503753,0.39746013076700454,0.08014878545804377,-0.4654068010946016,0.2524949820049213,1.8507688677631275,1.9621334973080773,0.10046155601764112,1
2.0352248202380734,1.5986349029779314,0.27967722576327125,0.3052077222492148,0,1,0,1,0,0,-0.571255364673633,0.13076090128362017,-0.3745195296897717,-0.15368451297366123,0.3791003247400065,0.2193349214456182,1.8138470120105616,0.3259128039239294,-0.546054550103472,0.9819656666414225,0.5115737231739589,0.37150431103376785,-0.1632642691207918,1.9972353343548572,0.5449822418377583,-1.2000677466118586,1.323026103006888,0.6260887340726672,1.2301640235220075,-0.7133741297612541,-0.5265844107513826,0.09862569469938182,-0.45947748832547225,-0.014682228176017371,-0.05381710440512026,0.7133741297612541,-1.2301640235220082,2.6105764493995856,1.0914105080121401,1.5009448572601232,0.5245297605771081,1.0760609983917457,2.0228398598500785,1.0847935651441794,0.5111183656893089,1.4420133285685155,-0.3595654154843339,0.35171115073279,0.7715120035882557,0.39133929825375646,0.36382580878204385,0.9504049313745251,0.6160407084282594,0.29205785388825667,0.47161139053935697,1
0.5703098658755232,-1.0039094601397194,0.27967722576327125,-0.4281154315628296,1,0,0,1,0,0,-0.8236341047562825,8.800509589594455,1.0455236076392158,-0.5807279572428522,3.282683573953165,7.217006214413523,0.7067016792510561,-0.024987283957353758,0.6561771584540725,3.8849955184885228,4.11399739131925,1.0462970693058362,-4.570518694677419,0.1586286432985125,-0.7598334741376777,0.9758315370167456,0.8848488196878003,1.7756652703026967,0.9416775146057242,0.4930801176436292,-0.8241860167053139,-0.726888662803437,0.08360042819551111,-4.370977363617785,-3.614806564457862,-0.4930801176436292,-0.9416775146057249,0.577342954953057,-0.3345252120667762,1.619213779426171,1.9845463164738264,2.356182016051021,1.2667200084961745,-0.6279498401920818,-1.0391903727935126,2.1861464906907218,-0.47058938433204756,-0.17942508891434333,2.112624815898597,1.843561691300417,-0.5161761445564365,1.0455744699249259,3.0854970270979956,3.910555081297868,-0.45626319576493324,1
0.5960101282327613,0.23294330649045036,0.27967722576327125,1.7718540298733036,1,0,0,1,0,0,-0.25578193957032125,-0.2559180308241401,-0.7071422465416066,0.6679979949697686,-0.8958498657963051,-0.7130618478436253,-0.8761021980481967,0.8293118246459805,0.985589906654522,-0.621511621643647,-0.06028378717013058,-0.5732549497241581,0.15949468586627075,0.3242440679350083,0.704338311618854,0.6914832839673656,0.43619857443045745,0.9451090200620592,-0.06904425348519842,-0.7133741297612541,1.542222285307515,-0.4326658469406583,-0.6524604058605344,1.272149143856447,1.001086883323813,0.7133741297612541,0.06904425348519772,0.1317027369921738,0.41596727218528484,-0.5642124759469986,-0.1473362651452761,0.03489590402886805,-0.4660546508565234,-0.709509049969999,-0.762349526635866,-0.10826409251941274,1.6666220159864384,-0.2553016945782196,0.5525548097416701,0.10608132819102022,0.6176725260912207,1.109020828958526,-0.20711139779498602,-0.5429799678216537,1.0283361423219313,0
0.2105061928741954,0.8256019238340739,-0.8790386569529866,-0.13478617003801185,1,0,0,1,0,0,-0.4703038686405733,-0.0436807222236401,-0.7327286093763631,0.7605819395267748,-0.7121747338243685,-0.6213873453475606,0.7506972656216343,0.6675454473408144,-0.28889329510698764,0.7232602603583007,-0.5434064148021525,0.14705669605812152,0.5358878713871287,0.5117358017149523,-0.14490141545488716,-0.37228622071423917,1.0422712007974866,0.30936692565247226,0.7577574583546642,-0.550966827225982,-0.5325424383699517,-1.061386133098468,0.020815063722374363,0.05642033033464739,1.0084915426096894,0.550966827225982,-0.7577574583546649,0.27096530510494976,-0.3345252120667762,-0.6369933511261053,-0.7158382869103699,-0.3064697006802721,-0.5605696322757617,0.02452383803125581,-0.319404172783631,-0.6043528672675491,-0.6648813298155464,-1.1658209625447336,-0.8797901666714156,-0.7367263106307022,-0.6684841749419423,0.1890486229713212,-0.7010026615289333,-0.9883334727336057,-0.6418381130257917,0
-0.07219669305541997,-0.10203765113855341,0.27967722576327125,-1.161438585374874,1,0,0,1,0,0,-0.3945902466157784,-0.12508681319369488,-0.7839013350458762,1.4925737511806048,-1.172230061797102,-1.2496930819669307,1.636253480160451,0.5793198071585439,-0.06017581521250017,0.9543231562655762,0.6608883653243481,-1.4011602657406241,-1.6744856127936756,1.5584908088846272,-0.14600038847529556,-0.6067858223906967,1.0454393173485637,0.8534957968246806,-0.9919856992599327,-0.9271761482887021,-0.7180246418887024,-0.9413946002126774,-0.5274988780037889,-0.2525892849605538,-0.02591471644526734,0.9271761482887021,0.9919856992599321,1.3850658500071569,-0.18442671521636386,-0.1457224436671417,-0.43158727602782254,-0.01630893667750248,0.5106001571422693,-1.6066603575270884,-1.482135726645747,0.20179139169817292,-0.7203933142394032,-0.9381911455531051,-0.2685346671830286,-0.4903671546674297,-0.5500223735309933,0.41111087958892223,0.9453015509175579,0.514734606344233,-0.2706882785040748,0
0.8273124894479005,1.4955638390920825,-0.15484123025532542,0.3052077222492148,0,1,0,0,1,0,-0.7731583567397526,1.979842110460579,-0.029103631420558513,-0.3764646295639574,1.677147595670538,1.8135768794869385,-0.7077142391721561,-0.9408482656642212,0.5383558616264953,-0.06431753807799967,0.4242599827796545,-0.11296758688598962,-0.75290898348823,-1.134005440753543,-1.0341371628633091,1.8863667938204207,-0.7520666117611375,0.05913040623809881,-0.5252107151899512,0.36682327779893126,-0.14899099757877804,0.25536786328778704,1.1596662093978987,-0.6588475339002401,-0.4938294232637872,-0.36682327779893126,0.52521071518995055,-1.0938078624002545,-1.009968447893631,-0.23669853764102378,0.7441782689863493,0.3762615087380082,-1.1591645145976028,-0.5463906304141645,-0.3747723420151606,0.20179139169817292,-0.026493508941193386,0.4275877563966659,0.534308376921121,1.0915179520441112,0.7192112130148905,-0.6992004034990842,0.6160407084282594,0.9044189231421907,0.6571863078002155,1
-0.7918040390580765,-1.0296772261111817,-0.15484123025532542,-0.13478617003801185,1,0,0,1,0,0,-0.5333985536612357,0.09587257658216812,-0.6943490651242283,0.5956667882846075,-0.41489264600104153,-0.38661118041861436,0.4504482972131407,1.3813288257931775,-1.0033422167378043,0.5333069581360215,-0.0785483308680071,1.4061092823690278,0.1767015255822,0.9849382215304031,1.2428838456894007,-0.18033404884362633,1.8159372177272763,1.683513291196943,0.7902460580981725,1.1340089365774726,0.35777934337789935,-0.6508234112906774,1.1903840947053355,1.080188965722667,1.7457397366881975,-1.1340089365774726,-0.7902460580981732,0.577342954953057,0.7161642658861095,-0.9008240236503626,-0.8450432918569822,-0.1699234587966153,-0.24551969421163483,-1.1173050988595852,-1.482135726645747,-0.23228628620644656,0.4731143508735179,-0.482931511569848,0.5160619441005718,1.0915179520441112,1.5315207084042572,0.09387908442092041,-1.4418395571298541,-1.211010225189582,1.5232025883508855,0
2.0352248202380734,0.33601437037629844,0.27967722576327125,-0.4281154315628296,0,1,0,1,0,0,-0.571255364673633,0.13076090128362017,-0.6431763394547153,0.30923520981136965,-0.15039992589118947,-0.1384192346365855,2.1505331296424726,0.9680991730194499,-1.9654480063130024,1.269598217185266,0.028457436691678505,0.44330853673127985,0.028173041772589703,2.032559188857034,0.39477731176937414,-1.2008582871742282,1.5054710028365939,0.6715269764344881,1.1515092521572485,-0.5374328853480426,-0.9594594739571007,-0.9332672521791416,1.480086499249472,-0.22234600785820954,0.6186193289381718,0.5374328853480426,-1.1515092521572492,2.4713138812868096,0.7912135143113154,1.1461380907619838,0.2531992501892221,0.8712416355662611,1.6447799341731264,0.758556726032511,0.2342775195316623,1.069946747507413,-0.8036612908751883,-0.7105613285614767,0.7715120035882557,1.4934723644052397,1.294597105582359,-0.0647368131630805,0.36909507656128593,0.1250502895462747,0.904619530814692,1
1.495519310736081,0.5679242641194551,-1.168717627632051,0.3052077222492148,1,0,0,1,0,0,-0.4576849316364408,-0.0436807222236401,-0.8478672421327675,8.760413398905591,-2.2502305207026274,-6.803826355143143,-0.3376294883378872,0.0948498932793998,-0.08788796823936335,0.026946607530158172,-0.7544829139706851,0.09308578268799222,0.7698746267250608,-0.36049282376102043,-0.637323399840464,0.7576184306222501,0.7855868381477146,0.5761149352873259,1.0713719007766844,-0.9356157016516281,0.1092818404022262,-0.7686410463683252,0.8814792551800221,0.7425713327880638,1.543328842325115,0.9356157016516281,-1.071371900776685,-0.5646101035717058,-0.8598699510432187,-1.073678602200739,-0.5737127814690962,-0.2552648599739003,-1.411204465048904,-0.30171300108041293,-0.762349526635866,-0.9144083514851348,0.5286263352973745,-0.3311783002420958,1.6747104282054248,1.9732244049652974,2.242291516869952,1.331083085576127,-0.28942660841731066,-0.7099875321636356,2.079927340133461,0
0.4161082917320974,0.7740663918911503,0.27967722576327125,1.0385308760612593,0,1,0,1,0,0,-0.21792512855792381,-0.2919692996823072,-0.6559695208720935,0.317914954613589,-0.7480645566631651,-0.4702362144028295,-0.925758854320677,-0.03905416232462889,-0.041417580291396396,-0.39449473539662433,0.12383614735475365,1.1227467290240256,0.4203497485990182,-0.4443211805337566,-0.2907949039712028,0.6731086327535514,-0.10705077918617059,0.6175392022922397,1.6082447364753534,-0.06374491962016399,0.8433297340895406,-0.23770888772137846,0.7330284813237343,0.42678721668621716,0.44191378022949057,0.06374491962016399,-1.608244736475354,-0.5646101035717058,-0.4846237089171882,-0.7279694450999874,-0.3023822710812103,-0.32353798091572933,-0.4660546508565234,0.4323198869208419,-0.26403600355210183,-0.6043528672675491,0.917210226264372,-0.1035484832504671,0.40658334717727845,0.7414286251489338,0.8884423578876751,-0.3185222492974822,-0.20711139779498602,-0.26463402725168356,0.5953280020465953,0
-0.27779879191332196,0.5936920300909173,0.5693561964423357,0.5985369837740325,0,1,0,1,0,0,-0.16744938054139394,-0.31987995944346886,-0.8350740607153893,4.215120370810068,-2.1685694957617345,-3.503544265284814,-0.7273918083121816,0.8675346937908526,-0.9550523807456761,-1.0390893966238337,-1.047410058498478,-0.9730146232505607,1.0519908370211772,-0.5447081317609702,0.9171349354709311,-0.9020812764376744,-0.5128516102411526,-0.32363060400926674,-0.6187833227191311,-0.7133741297612541,0.46719006898255755,-0.27195294801420405,0.39908391249027825,0.8952078606079076,1.0457220787371604,0.7133741297612541,0.6187833227191303,-0.5089050763265954,0.8662627627365218,0.04532735367801011,-0.43158727602782254,-0.596630464683041,0.8886600828192224,0.10608304780917345,0.4557501964577793,0.139780294854656,1.055990187324014,0.35171115073279,2.0670087338472247,2.012123219064761,2.3607533182809015,1.4262526241265279,0.28677986593896093,-0.04195727479570725,2.636652091916034,1
0.23620645523143258,0.8256019238340739,1.7280720791585935,-0.13478617003801185,1,0,0,1,0,0,-0.6848257977108253,0.6686225737643393,-0.7327286093763631,0.7605819395267748,-0.1313180925167232,-0.0735762938466861,1.4136111186908598,0.24300879727621671,-0.2399298690386588,0.8457294534719533,0.07233864486919747,-0.02039582676211257,-0.4008466031336642,1.3752614147602242,-0.21186701088105184,-0.49427434335284526,1.1742148827488106,0.7350928140311874,0.6912331826893887,-0.7133741297612541,-0.5915156702322402,-0.5457809211063902,-0.16870587875961446,0.021805447915903782,0.6236312775096741,0.7133741297612541,-0.6912331826893894,1.3015083091394917,-0.18442671521636386,0.05442496307539909,-0.21193876761858224,0.2567835470898098,0.3530751881102058,-0.38327221085833024,-0.7069813574043363,0.2638024885416898,-0.6926373220274746,-0.7105613285614767,-0.7611883533378483,-0.723760039264214,-0.6684841749419423,0.12560226393772106,-0.20711139779498602,-0.5429799678216537,-0.5799798072721716,1
1.0072143259485644,-0.35971531085317227,1.4383931084795292,1.478524768348486,1,0,0,1,0,0,-0.7479204827314877,1.450702519155223,-0.68155588370685,0.5840937952149817,0.44498297934688336,0.664291653072859,-1.2379259113835301,-0.2950705973619213,-1.2363188780400893,-0.6008072626093429,-1.4689862933595523,-1.303309512519285,1.42927019308106,0.126950057214642,0.05228613859438436,-1.0023132791423024,1.101386070732616,0.2972287560229623,-0.08286747959746427,-1.6953717729977889,1.84821311559869,0.4573727609068106,0.682861140394517,1.9037674252558334,2.1999401557617326,1.6953717729977889,0.08286747959746356,0.04814519612450831,-0.03432821836595151,-0.23669853764102378,-0.7029177864157086,-0.27233314020935756,0.25856020669096863,-0.22015379130249568,-0.2086678343205727,-0.29429738304996345,2.2772538446488637,0.8828473903799233,1.1911799584608802,1.4156747362063122,2.2592146313572306,0.886958572340925,-0.8656330827735822,-1.4893561657595522,1.8943524228726025,0
1.135715637734753,-0.3339475448817109,-0.4445202009343899,-0.8681093238500562,1,0,0,1,0,0,-0.785777293743885,2.8607723091722432,-0.630383158037337,0.3063419615439632,0.9787998169698778,1.9633864323463612,0.47594462539216725,0.4984362950765754,-0.7226765767867148,0.48494217968218234,0.9768161428484443,0.2430944786495865,-1.386272113769086,-0.01796279614094401,0.3291746425316913,-0.7551175134615606,0.5371792178681503,0.9300140546539254,0.6912331826893887,-0.3540047794704373,-0.6797608016394537,-0.35435952669311027,0.22910281250258763,-0.12246788183158759,-0.36193111439449926,0.3540047794704373,-0.6912331826893894,0.10385022336961848,0.491016520610491,0.5184030423421971,0.020630241285320403,0.2397152668543526,1.6447799341731264,-0.22015379130249568,-0.5408768497097485,0.5118468759157585,-0.5538573609678327,-0.17942508891434333,0.5434315933313949,0.585833368751077,0.49921072468027106,-0.12818317219668063,1.439192814651505,1.3497724280541432,0.40975308478573785,0
-0.35489957898503444,0.7740663918911503,1.4383931084795292,1.0385308760612593,1,0,0,1,0,0,-0.6595879237025604,0.5843091224024969,-0.6559695208720935,0.317914954613589,0.07660068919937087,0.20368317711702177,0.7670821370204961,0.57034931852383,-0.06071675917610033,0.9342527924928301,1.2286715244094137,0.5431637953540378,-1.3453891120093753,1.7295907282037437,0.5589866186916688,0.7636803629296248,1.8359246787365526,2.243394997028326,1.6035661060988957,-0.8495867060811616,0.6615402920986488,-0.22284181542972809,0.8504269595080385,0.5583562345683158,0.5929054160863824,0.8495867060811616,-1.6035661060988964,2.0256736633259265,0.8662627627365218,0.8914050276351143,1.1963957862994923,2.014816411341881,0.6366201323679207,-0.9541866793037505,-1.5375038958772762,1.6280466190990672,0.3898463742377325,-0.4070549059059717,-0.6517097564145549,-0.1532440991387405,0.0761328624983096,-1.0481553781838862,-0.04248097655033679,-0.4316415915936655,-0.5799798072721716,1
0.8273124894479005,-0.10203765113855341,-0.15484123025532542,-1.161438585374874,0,1,0,1,0,0,-0.7731583567397526,1.979842110460579,-0.7839013350458762,1.4925737511806048,0.1087181397804516,0.369144474305041,-0.14667340573305762,0.06060025316821674,1.9062238323200182,-0.46632172209685596,-0.09710048126369696,-0.958958544429137,-0.5895058915207981,-1.1114023595381273,-0.8609538377004512,1.9090511360457088,-0.5362484094419029,0.27960701929189735,-0.11972941589683889,-1.1891589033857164,-0.9065472012975521,-0.9456604038799585,-0.6874595541216307,0.09823581862754407,0.39921721448064545,1.1891589033857164,0.11972941589683818,-1.038102835155144,-0.7848207026180125,0.08171779126756346,1.06719078135288,0.76883195415352,-0.9701345517591269,-0.38327221085833024,-0.3747723420151606,0.38782468222872474,-0.8869292675109735,-0.9381911455531051,-0.25028823436248077,-0.5551985114998699,-0.48232991558187904,0.728342674756924,0.6160407084282594,0.06938110143228039,-0.332546584257695,1
-0.3291993166277972,-0.35971531085317227,-0.8790386569529866,1.478524768348486,1,0,0,1,0,0,-0.6091121756860305,0.30520252479088045,-0.68155588370685,0.5840937952149817,-0.17673452384362007,-0.21667795627956757,-1.6120293581154141,-0.2592056913633053,-0.4068096891803393,-1.3388137036400116,-1.8401562158275402,-0.3533970194299505,2.675893777616739,-0.6641270895118266,-0.10595485205944462,0.3721294901467011,-0.14222104109834072,-0.2212339227985127,1.2234273880116016,-1.6953717729977889,1.5779781009356066,0.24962470121172123,0.9300767228810012,1.667626990732302,2.176301338078356,1.6953717729977889,-1.2234273880116022,-0.5924626171942612,-0.03432821836595151,0.21818193222838655,0.3824042551358344,0.3079883877961804,-0.30852968182446,2.063504082479186,1.4523772426253072,-0.23228628620644656,1.8886699536818656,0.5793409677244183,0.9722227646142934,1.3638096507403592,2.0899834864844458,0.6331731362065233,-0.8656330827735822,-1.4893561657595522,1.708777505611744,0
0.5703098658755232,0.8256019238340739,0.27967722576327125,-0.13478617003801185,1,0,0,0,1,0,-0.8236341047562825,8.800509589594455,-0.7966945164632545,1.9728529635700742,1.048156237724814,5.243544850925066,0.5832450008403409,0.32708323771406506,-1.1960415543274934,0.8161337701256894,0.6733515363021054,0.15670650245793236,-0.6091484967299813,-0.21154203694673399,-0.5352511764095077,0.6584739371439333,0.5318242620879697,1.128660336122762,0.4025854781078499,-0.18555039652161812,-1.0223866822194132,-0.9851348870751525,2.2967316762401753,-0.5751962363071194,0.22652716708051424,0.18555039652161812,-0.40258547810785056,0.1317027369921738,-0.10937746679115769,1.510042466657512,1.6873748050966186,1.8782701694582253,1.140700033270523,-0.38327221085833024,-0.5962450189412776,1.6900577159425842,-0.9701972441467586,-0.9381911455531051,-0.07694712256726609,1.1044842234105985,0.7699805564767266,-1.397110352868688,-0.20711139779498602,-0.32030321536567735,0.10046155601764112,1
-1.8455147957048228,0.7740663918911503,0.27967722576327125,0.3052077222492148,1,0,0,1,0,0,-0.25578193957032125,-0.27917691395844146,0.11162136417060241,-0.4042398129310592,0.3192156811743669,0.09769850837766893,-0.6426030903820608,0.6887039368843874,0.17593377112947148,-0.121409824009006,-0.3883130304481644,0.615577848640036,0.7153514747892689,-0.1444729975722045,-0.591101258271559,0.8211322285489977,-0.6463624697661026,-0.5075228716341651,-0.2682155254971324,1.1055876586338,0.7491995229691576,-1.5374200313820245,0.5846513410512986,-0.4769051211251408,0.009328654748818424,-1.1055876586338,0.2682155254971317,-0.4253475354589299,-0.8598699510432187,-1.21924035255895,-0.6770767854263857,-0.8697229484503528,-1.4742144526617298,-0.05703537174666111,0.06817301183707392,-1.1624527388592034,0.41760236644966076,-1.5452039908641146,-0.7885580025686714,-0.39960325510201306,-0.5500223735309933,-0.6992004034990842,-0.7010026615289333,-0.26463402725168356,-0.1469716669968365,0
-1.691313221561397,-0.2824120129387873,-0.4445202009343899,0.5985369837740325,1,0,0,0,1,0,0.9556360128263961,-0.5815423947043593,-0.24658771551598904,-0.2780941884721383,-0.7252845272840838,-0.232329700608164,-0.3493869760303289,-0.7260830284184553,1.1465634347506108,0.23378439416597513,-0.15479660472011017,-1.0790892737216178,-0.600162705680829,-0.9491464372689673,-0.13496658181317406,0.5524349123431971,-0.1518993441306828,-0.48836847294633867,-2.5386350978867935,1.046038314370867,-0.46254484147563013,0.8613651843262834,-1.0122468151214512,-0.4664484234491871,-0.2755535931724517,-1.046038314370867,2.5386350978867935,-0.9823978079100336,-0.3345252120667762,-0.6642861793182697,-0.3023822710812103,-0.34060626115118536,-1.2536794960168407,-1.5251011477491712,-0.6516131881728072,0.015758101167622184,-0.47058938433204756,0.7310941790521709,-0.15905607025973648,-0.6459624110652865,-0.7700228618656133,0.8235122133073248,-0.37174181903963527,0.1250502895462747,-0.023255055489598248,0
-0.48340089077122306,0.05256894469021735,0.27967722576327125,-0.4281154315628296,1,0,0,1,0,0,-0.16744938054139394,-0.305924629562888,0.022069094248954552,-0.3845657247126954,0.16236314271947652,0.06192309276944856,-0.050091885216551266,0.02046123982466635,0.013627939803370471,-0.14277374746597896,-0.30581714311943675,-0.02039582676211257,0.4595219005984938,-0.647248229295843,-1.0036015966980776,0.8432874336829544,-1.3329416338566902,-0.8585948265865118,-0.1934532884955867,0.1640471410786609,-0.5770688186538468,-1.0334697418853658,0.8287926942714026,-1.1288439851396483,-0.4406734724936401,-0.1640471410786609,0.19345328849558602,-0.6760201580619267,-1.009968447893631,-0.3731626786018469,0.09815324425328795,-0.4430159425639276,-0.7811045889206503,0.2692014673650073,0.40038202722625016,-0.4803306735805153,-0.38732140769626244,-0.7864379342253526,0.9083602497423721,1.2471132084419672,0.6345956405784983,0.31594134103852145,0.28677986593896093,0.4033962301162448,0.6571863078002155,0
1.958124033166361,0.33601437037629844,0.5693561964423357,-0.8681093238500562,1,0,0,1,0,0,-0.3062576875868511,-0.237310924316699,0.6745213465352461,-0.5298067877364988,0.6797739475773028,0.22693719726236503,0.43993045990449436,-0.5964422706662428,0.02327852635288421,1.580282611116629,1.4509566706005894,1.2858890656953783,-0.8210041492825041,-0.16219646259567488,-0.3095193352923605,0.3499428293103766,0.9751901373352088,0.5112850463917935,0.8847583482611033,0.8763067609369452,-0.7737988079149667,0.5085660592190937,0.3198362697394836,-1.1678780093106935,-1.3871443995416424,-0.8763067609369452,-0.884758348261104,-0.3139374809687093,-0.4846237089171882,-0.6733837887156574,-0.40574627503850064,-0.01630893667750248,-1.0016395455655394,0.18764225758709038,-0.2086678343205727,-0.6043528672675491,-0.7759052986632599,0.35171115073279,-0.3050275328241268,-0.10137901367278856,-0.5500223735309933,-0.9529858396334858,0.28677986593896093,0.848749735028197,-0.5181215015185524,0
0.46750881644657266,1.9593836265783975,0.27967722576327125,-0.13478617003801185,1,0,0,1,0,0,0.21111872958258027,-0.4350114309582606,-0.06748317567269331,-0.3625770378804064,-0.2033235194921215,-0.05434700795726765,-0.2838547153914359,-0.7451304425960488,0.10861526708123187,-1.1597806507465667,-1.191211157338882,-0.682009155282173,0.9057783517550999,-0.7099019065610018,-1.2915442818473637,0.2503153440397827,-1.4526922895173022,-1.3129257020340366,-0.16027754582615011,-0.7712178265546397,-0.3146187289750292,-0.27112579216913313,0.10306207170720012,0.12632402910484905,0.26681643747290534,0.7712178265546397,0.16027754582614942,-0.7038726716844818,-1.2351161931692491,-0.20030810005147043,-0.04397226118798574,-0.6136987449184976,-0.5290646384693491,0.6769975162545934,0.8433273810784847,-0.728375060954584,-0.24854144663662048,-0.17942508891434333,0.2606118846128881,0.2746428559553643,0.31305646532020776,0.2524949820049213,0.5337254978059351,0.18071947766026855,0.10046155601764112,1
1.4184185236643685,0.026801178718756015,0.5693561964423357,-0.4281154315628296,1,0,0,0,1,0,-0.29363875058271866,-0.24138122886520175,0.16279408984011548,-0.4215993025354979,0.39737593981718344,0.1401818144124306,0.46064208963245246,-1.1900276293408778,0.11790773394889496,0.5768395981398164,0.8688247592766228,0.6861989170727819,-0.6504236354471462,-9.7770607169956e-4,-1.051325529334816,-0.9030789237989448,0.5770098805564134,0.3021740611603383,0.13286549185952784,0.8041191033027003,-0.6415109512925701,0.5801554317167795,-1.0686910480591485,-0.20711996213637673,-0.8345005812761864,-0.8041191033027003,-0.13286549185952856,0.04814519612450831,-0.9349191994684248,0.22727954162577424,-0.28946177058654887,-0.05044549714841698,0.8886600828192224,-0.38327221085833024,-0.4855086804782194,0.3258135853852078,-0.7481493064513315,0.19995793940503753,-0.8432973010303187,-1.2035120798242718,-1.1931007240475748,-0.3502454288142823,-0.6186874509066087,-0.32030321536567735,-1.0748462533011267,1
1.0586148506630406,-0.3854830768246345,1.4383931084795292,0.3052077222492148,1,0,0,1,0,0,-0.10435469552073157,-0.34197589842105514,0.5082099881093286,-0.4927732099136964,0.39181962306298485,0.11782217965729289,-0.52677909660881606,-0.8877187395440811,1.4086520834963874,-0.7978345600978807,-0.07539041520635578,1.4662975503108187,0.9847847227155212,0.22525567681826017,-0.026166490355001598,0.054959315068862216,0.18141962002485185,0.12899030823410806,1.687681907547998,0.3260326064644921,0.9575719752297033,1.1922088136522402,-1.8704457768756344,1.2577156083925038,0.22394516215084784,-0.3260326064644921,-1.687681907547999,0.5216379277079463,0.340918023760079,1.1461380907619838,1.002588278879574,1.0419244379208312,0.7311351137871589,2.2266225020350205,1.3416409041622488,0.8219023601333442,1.055990187324014,1.33810702436318,0.4795690784594736,-0.62002986833231,-0.1269445113490324,1.5214221626769286,-0.37174181903963527,-0.26463402725168356,0.40975308478573785,0
-0.38059984134227254,1.4440283071491598,-0.15484123025532542,-1.161438585374874,1,0,0,1,0,0,-0.19268725454965888,-0.29952843670095514,0.48262362527457214,-0.48756536303236475,0.4640648127213491,0.1464425121438692,0.12266725845007798,0.9902659122079451,0.2987043747479742,1.587136436372271,1.2278994869167852,0.2690617435760266,-1.5347315729272686,-0.47367921382468214,0.061683316966078684,-0.6040329099901488,1.3477191453628223,1.1259684582217329,0.4025854781078499,-0.032311248161722386,-0.6438664981886818,-1.2973780491491347,-1.0153337087645984,-0.8077436976128691,-0.4970404230783541,0.032311248161722386,-0.40258547810785056,-0.28608496734615396,0.340918023760079,0.8641121994429487,0.3824042551358344,0.9395147565080901,1.3612349899154128,-0.38327221085833024,-0.5962450189412776,1.3800022317249987,-0.026493508941193386,-0.6346847228976005,3.4811072774397616,2.180684746829105,1.6161362808406496,3.900660626436942,2.756236184608697,3.0198480714739637,3.378951760959466,1
2.1123256073097876,1.0832795835486928,-1.168717627632051,-0.4281154315628296,1,0,0,1,0,0,0.4256406586528323,-0.4855995017753661,-0.34893316685501513,-0.2167573252031217,-0.6144732347460674,-0.20594533159710146,-0.2666216876748717,-0.964257759247771,1.5989457932904336,-1.097888300889514,-0.917519582646932,-0.7064194526962408,0.814656705797641,-0.3140078129448169,-0.4581120404239237,0.3678559265840254,-0.46539874309451024,-0.7105964664077733,-0.8144870079783317,-0.15567358143258175,0.056991040150156116,0.8645474504067839,-1.8161527341025505,1.0216948376510884,0.4990612507803701,0.15567358143258175,0.814487007978331,-0.28608496734615396,-0.40957446049198204,0.07262018187017576,0.2531992501892221,0.0519641842643253,-0.6235796198885869,0.18764225758709038,0.6772228733838963,0.015758101167622184,-0.22078545442469194,0.35171115073279,-1.0348848456460813,-1.6832641203843295,-1.277716296483967,0.5380035976561225,-0.7833178721512579,-0.9326642846196119,-1.198562864808365,0
0.44180855408933456,-1.9830845670552713,-1.6032360836506476,-0.13478617003801185,1,0,0,1,0,0,0.8294466427850714,-0.5640982323536332,1.8898735811861813,-0.6721546024928958,0.30983138849014547,0.08562430560989455,0.019259661872442272,0.593575025348107,0.40894536571272627,1.3884202839513236,1.5671184362021093,1.1331863870677354,-0.4629731602240867,-0.7768837991420577,-1.0052794978455357,1.012315132114289,-0.6333974022423653,0.39769435668536746,0.5745878774132874,0.9756618166055823,-0.8030341670259435,-1.821767283062857,0.4582370657955485,-2.503732251841696,-1.6490595838226876,-0.9756618166055823,-0.5745878774132882,-0.6760201580619267,-0.8598699510432187,0.381938901381374,0.8733832739329616,0.5469443110925782,0.2270552128845555,0.4323198869208419,0.17890935030013266,0.5118468759157585,-0.7481493064513315,-1.6969572021918669,0.05990112358685037,0.28760912732185256,-0.7700228618656133,-0.0647368131630805,-0.20711139779498602,0.29205785388825667,-0.45626319576493324,1
-0.7661037767008384,-1.7254069073406524,-0.8790386569529866,0.3052077222492148,1,0,0,1,0,0,-0.0412600105000692,-0.3681421419471442,-0.0035172685858019803,-0.38167247644528896,0.02922217845427853,0.011837510917940035,0.33999844627846193,0.9483200819949479,-0.6691457655565255,0.7323775752509507,0.20128472777684267,1.0583476867384924,0.26408528021799804,-0.5088093275938411,-0.09770987719022432,0.180659536234583,-0.44352770110658135,-0.30969975566267716,-0.49529816032406576,1.934690701407091,-0.9811724010443904,-1.3994826836371432,1.0962900892081127,-1.4291893312578148,-0.5640415374619228,-1.934690701407091,0.4952981603240644,-0.7595776989295921,-0.5596729573423944,-1.4830710250832082,-1.1809763047181743,-1.262293393865864,-1.1591645145976028,-0.6279498401920818,-0.4855086804782194,-1.2244638357027204,-1.053465220782544,-1.4693273852002382,-1.0440080620563552,-0.39960325510201306,-0.9054077777638412,-1.0798785577006862,-1.277209135885205,-0.5986491559356475,-0.8274130302866491,1
-0.2006980048416086,-1.0812127580541053,-0.8790386569529866,1.0385308760612593,1,0,0,1,0,0,0.04707254852885811,-0.390819553003088,1.096696333308729,-0.5859358041241838,0.5034350278803947,0.15225601718020498,-1.1124570761794217,-1.088372155577846,1.9281326683427382,-1.1195748038402162,-0.46312577383581227,-0.639598044479605,0.6698817372963212,-0.5602068079387524,-0.32835150212169534,0.2838628568292512,-1.0429472476509734,-0.9679451647556121,-2.033601148560336,1.1445654112422656,0.9871466028583797,1.1648896131615716,-2.350567154967425,0.47830469333974024,-0.34292387012615716,-1.1445654112422656,2.0336011485603347,-0.45320004908148526,-0.18442671521636386,0.43652455776570404,0.5245297605771081,0.0519641842643253,-0.11949971898598452,-0.709509049969999,0.2896456887631914,0.6978801664463103,1.4029400899731188,1.717490052682561,1.3371514210252706,-0.2958730841701091,-0.093098282374475,2.7110413945569354,-0.8244754774624201,-0.4038069975366686,1.3994859768436472,1
0.8787130141623758,-1.0039094601397194,0.5693561964423357,-0.4281154315628296,1,0,0,1,0,0,0.08492935954125552,-0.4018675224918812,0.8536258863785419,-0.5616325186779697,0.38852463971669465,0.12497726277893696,0.4401345950072655,-0.7340601363116295,0.0219612112955015,2.2445711413445566,2.065817862870896,0.2510077426919833,-2.6238785336532935,-0.4758392921066077,-1.1818356619387596,-0.10276882258579835,-1.1427346322447343,-0.8229246901469797,0.3041828515459622,0.04065977486679812,-1.08747088245116,-0.17641644790846553,-0.1332944672571427,-4.1653869044196385,-3.4890901877893334,-0.04065977486679812,-0.3041828515459622,-0.6760201580619267,-1.3101654415944555,-1.1737523055720087,-1.0388507992769007,-1.3647030752786062,-0.7180946013078251,0.5138790966987595,0.40038202722625016,-1.3484860293897554,-0.8869292675109735,0.19995793940503753,1.2003031748711541,0.9359226956462544,-1.0238695791747903,0.5697267771729232,3.4970730802096184,3.910555081297868,-0.76555472453303,1
-2.076817156919963,-0.05050211919562982,0.27967722576327125,-0.4281154315628296,1,0,0,1,0,0,1.1070632568759857,-0.594334780428225,-0.1442422641769629,-0.33075130693893556,-0.6772137489839177,-0.2014734046460739,-0.8923979098209067,-1.520897448895843,2.1299474775370295,-1.4398758648986822,0.5538052615528423,0.7176711023922179,-0.3657484592514499,-0.9842833661224178,-0.21850989003371127,0.6531595201469652,-1.194674619589592,-0.2783733453949264,-0.24010667662448304,1.2169526660865582,0.25741667500735177,1.8685810678684318,-2.255347228172288,0.7605604979679019,-0.9917513539685618,-1.2169526660865582,0.24010667662448232,-0.9823978079100336,-0.3345252120667762,-0.4277483349861756,-0.04397226118798574,-0.5112890635057554,-0.24551969421163483,-0.38327221085833024,-0.319404172783631,-0.4803306735805153,0.029018475482663446,1.33810702436318,-0.7155722712864762,-1.657331577651353,-1.3284856399458025,0.030432725387320277,-0.5363722402842841,0.013711913318286572,-0.7036964187794109,0
1.495519310736081,1.6244026689493918,0.27967722576327125,1.0385308760612593,0,1,0,0,1,0,-0.016022136491804253,-0.38093452767100994,-0.2977604411855021,-0.24048196099585453,-0.2681581670238983,-0.10711574597939269,-1.8146397374149807,0.08068955834336627,0.8067188232230741,-1.7325615917289345,-1.2498684659052341,-0.2429612060118235,1.2193762612656764,-0.1647930188924541,0.5700529805868979,1.1806228294662993,-0.6799624472722668,-0.651554213231477,-0.3364521793121226,0.002319067851812721,2.358641485324133,0.46031761080731565,0.08360042819551111,1.666339811685961,0.988774344707925,-0.002319067851812721,0.33645217931212196,-0.007559831120602114,0.7912135143113154,0.6730624020977969,1.2351572877834756,0.8541733553308051,-0.7811045889206503,0.6769975162545934,0.954063719541543,0.5738579727592754,2.610325751192004,0.7310941790521709,0.7897584364088047,0.7154960824159574,1.4130589069933075,0.15732544345452057,-0.5363722402842841,-0.5986491559356475,1.0283361423219313,1
-0.1749977424843705,0.23294330649045036,-0.15484123025532542,1.7718540298733036,0,1,0,1,0,0,-0.34411449859924853,-0.20765584832046474,3.821643975210299,-0.7381206629897628,1.462629769260832,0.41073339494959715,-0.2823506039947345,0.5750085232430303,-0.03459066967547317,-0.9275115143457233,-0.947965047345843,-0.42847154574053387,0.7636335380091052,-0.2421959963872993,0.5329362412375693,0.7606057498231256,-0.7193655982227652,-0.4753082280555352,0.3961552074612323,-0.9772859963810728,0.15061600214864887,-0.25533341639127166,0.8116220302740276,0.5396976046578944,0.7683550155962485,0.9772859963810728,-0.396155207461233,0.27096530510494976,1.391607501712964,2.3015344842302863,2.4626048347762923,1.9465432904000532,0.8571550890128092,1.8188264531454346,1.7292180887829538,1.938102103316653,-0.3595654154843339,-0.7864379342253526,-1.8377278897502307,-1.2424108939237355,-0.9900233502002335,-1.6191726094862895,-0.7833178721512579,-1.211010225189582,-1.8790042280981787,0
1.4184185236643685,-0.17934094905293926,1.0038746524609323,-0.13478617003801185,1,0,0,1,0,0,-0.06649788450833415,-0.3582571166150661,0.188380452674872,-0.42680714941682946,0.18344828145833147,0.05432081695270173,0.3406479578460614,0.5371324995610333,0.8357818879411806,0.14628043393928555,0.049435881129834665,0.04682020345064292,0.12309246368313102,0.050690180159821026,-0.3169613414143922,0.8969359689021112,0.22462832073044872,0.15527215972265399,0.41113096936191074,-0.3438975164935092,-0.4230302469241525,-1.054756126220505,-0.24120769110304432,0.025122168646083978,0.08732397605673878,0.3438975164935085,-0.4111309693619114,0.4102278732177254,0.11577027848446049,1.4463592008757944,1.7778183085592476,1.8099970485163963,0.006520256239666901,0.5138790966987595,0.34501385799472056,1.069946747507413,-0.05424950115312168,-0.6346847228976005,1.793312241538992,1.3638096507403592,1.294597105582359,1.6165917012273294,0.6983559190505837,0.5704037944582268,1.9562107286262216,1
-1.9483158451337743,-2.1634589288555044,1.7280720791585935,0.3052077222492148,1,0,0,1,0,0,-0.1800683175455264,-0.3018543250143853,3.8728167008798122,-0.7386993126432441,1.2804104892998551,0.3387353710380537,1.2888770522111244,0.12434023850055026,-1.0591047784862093,1.1475511113533796,0.3304053092890998,-0.9049704235013859,-0.6774312047059214,0.265843660452679,1.307199406159039,0.6541850000249722,0.09615008184668877,0.18256849080398319,-0.5252107151899512,-0.7133741297612541,-1.526587062661762,1.1388627893963297,2.105224548074957,-1.4549267423424799,-0.25130048679798445,0.7133741297612541,0.52521071518995055,0.5216379277079463,1.6918044954137887,0.9914787310063841,1.2222367872888142,1.2126072402754011,0.1325402314653172,0.10608304780917345,0.40038202722625016,0.9459245538203791,-1.5808290728091832,-0.17942508891434333,-2.6314477174441064,-1.5276688639864726,-1.870025303538713,-2.4439752769230942,-0.20711139779498602,-0.5429799678216537,-2.3120123683735136,1
1.8553229837374106,0.2587110724619126,-0.4445202009343899,0.5985369837740325,1,0,0,1,0,0,0.07231042253712305,-0.40128605041352367,0.13720772700535894,-0.4134982073867598,0.04139030971397822,0.010943125527734526,-1.5077201631388344,-0.40033914026592865,0.21625862168280507,-1.2019049755748354,-0.9049900073743488,-0.9733187799544217,0.7361415499578028,-1.0065918190076288,1.3177902040286193,-0.6983386541175267,-1.008431649210122,-1.6658678422032378,-0.7768887630270574,-0.5569819125050662,1.0907469035799469,1.8696113315610992,-0.9973957804121573,0.6237525204328694,-0.44986438069964924,0.5569819125050662,0.7768887630270568,-1.038102835155144,0.8662627627365218,-0.7188718357025985,-0.9354867953196102,-1.2281568333949502,-0.7495995951142377,0.4323198869208419,0.954063719541543,-0.8523972546416179,1.194770148383656,2.020996475338066,0.4978155112800227,-0.127311556405765,0.12690220596014448,0.37938770007212164,0.8629863402952329,0.6260729825722207,0.10046155601764112,1
0.4161082917320974,0.15564000857606544,0.27967722576327125,0.5985369837740325,0,1,0,1,0,0,-0.20530619155379135,-0.2919692996823072,1.058316789056594,-0.58419985516374,0.7118913981583822,0.22693719726236503,0.20246150784988715,0.05301688207847637,0.516709576131859,0.15338485902510726,0.7907927081983699,1.1927795444700973,-0.49290240585932055,-0.4732096588221648,-0.1945819853862704,0.7357529739210009,-0.4522982973350664,0.08007275094177219,0.9910609039976785,0.6438868985692391,-0.7543531705605986,-0.26769529589489416,0.03300148259877986,-0.6557042982178899,-0.9498937940955183,-0.6438868985692391,-0.9910609039976793,-0.5924626171942612,-0.40957446049198204,-0.7461646638947628,-0.28946177058654887,-0.4430159425639276,-0.7495995951142377,0.5138790966987595,0.06817301183707392,-0.728375060954584,-0.8314172830871166,-0.482931511569848,-0.7794347861583975,-0.6459624110652865,-0.8377153198147269,-0.9847090191502859,0.36909507656128593,0.793080546914203,-0.5181215015185524,1
-0.2006980048416086,-0.7719995663965628,1.0038746524609323,-2.334755631474145,1,0,0,1,0,0,-0.2684008765744537,-0.25010331004056474,0.2267599969270068,-0.44069474110038037,0.40735690115984496,0.1482312829242802,0.9581263489067632,0.20784018034272422,0.3355188540993562,0.9928986476969972,0.5242619766192922,-0.09998170089912145,-0.7931183641692215,0.3832817148636736,0.30787689433989346,-0.6530704131782157,-0.14777533815877444,-0.7389424393442827,-1.1427899248825406,0.9970420184583276,-0.9493274381151341,0.02315714394588689,-1.1149382968755248,-1.4878735122743925,-1.4029997143852622,-0.9970420184583276,1.14278992488254,0.2152602778598393,0.11577027848446049,-0.45504116317834126,-0.7029177864157086,-0.71610842633123994,-0.34003467563087314,-0.709509049969999,-0.26403600355210183,-0.4183195767369984,-0.7481493064513315,0.38964945356472797,1.1204750312812528,0.28760912732185256,-0.3469449996836519,1.5214221626769286,0.8218287349840708,1.6142010715956148,1.0128715658835263,1
-1.3829100732745436,-1.0039094601397194,0.27967722576327125,1.7718540298733036,1,0,0,0,1,0,0.26159447759911014,-0.45478148162241677,-0.15703544559434116,-0.32438616075064136,-0.3131693800200845,-0.09906627746754311,-0.24645713238771075,-0.959522544606102,-0.5161193295812827,-0.3651675149342236,-0.5587749536638177,0.40161997043224906,0.7262871572699094,-0.4891530665275015,-1.0171807233756751,0.0611306659377886,-0.8418077121279757,-0.8867313093927517,-0.958568853809468,1.4984586571476979,-0.14605133854258695,0.29798548603368374,0.7669828374860334,-0.34140436333415325,-0.13928572907137718,-1.4984586571476979,0.9585688538094672,-0.45320004908148526,-0.9349191994684248,0.06352257247278678,0.08523274375862654,-0.2552648599739003,-0.24551969421163483,0.02452383803125581,0.5664865349208381,0.20179139169817292,-0.19302946221276363,0.19995793940503753,-0.2046721523111086,0.20981149912292413,0.05920974801103089,-0.6992004034990842,-0.9479482933959068,-0.3759724034796717,0.2860364732784985,1
-0.27779879191332196,-0.4370186087675581,0.5693561964423357,0.3052077222492148,0,1,0,1,0,0,-0.23054406556205628,-0.28208427435022915,-0.5024513438635544,-0.009022099603339084,-0.36610906074714133,-0.20997006585302627,0.09825626494365361,0.7043874801644437,-1.7383720309770225,0.3945112595730392,-0.10079211130458153,-1.35343261900016,-0.29574044449799125,-0.472603696040668,1.1907500039426953,-1.2309437663404248,0.002159052079635852,-0.015002779592352189,-1.2497103896622064,-0.6064731204975302,-0.6088477727911824,0.22607329181465882,1.1394330287455054,-0.5308183808553558,0.11638738686903394,0.6064731204975302,1.2497103896622048,-0.45320004908148526,1.0914105080121401,-0.018355912103706302,-0.6512357844370638,-0.6136987449184976,1.0776900456576979,-0.6279498401920818,-0.09793149585751397,0.3258135853852078,-0.47058938433204756,0.4275877563966659,0.6164173246135901,1.1563493088765513,0.8376730144258402,-0.09645999267988113,0.7806711296729086,0.514734606344233,0.7190446135538346,0
0.46750881644657266,1.1348151154916164,0.27967722576327125,0.3052077222492148,1,0,0,1,0,0,0.21111872958258027,-0.4350114309582606,-0.7455217907937414,1.0007215457215095,-1.4737390618498738,-1.1079329976193575,-1.3967331748379568,-0.8926173013548753,-0.1994515002742136,-1.7550622096706714,-1.500690847467236,-0.9972337451951827,1.2872395455486363,-0.6437831970296902,-0.9994412239300642,0.007146739928057719,-1.1687245665796222,-1.1296125483433084,-0.29127919636700184,-1.0712207285677868,1.2989308948614826,0.2239269811060595,0.2798386669383894,1.2120885439818248,0.8481248072749025,1.0712207285677868,0.2912791963670011,-0.6760201580619267,-1.009968447893631,-0.3913578973966235,-0.3282232720705331,-0.7502449868021539,-0.49755964466293656,0.2692014673650073,0.4557501964577793,-0.790386157798101,1.2780381250194413,0.27583454506891375,0.19674936974096682,0.31354167005482897,0.8038267854512828,-0.2233527107470814,-0.12479618717266176,-0.5986491559356475,0.40975308478573785,0
0.3647077670176212,0.026801178718756015,-0.4445202009343899,-0.7214446930876474,1,0,0,1,0,0,-0.6091121756860305,0.30810988518266813,-0.13144908275958464,-0.33190860624589813,0.7474826148875222,0.49346404354360673,-1.171348750484985,-0.4272190016862336,1.5230114469331024,-1.3358281575906228,-0.5549963584599077,0.045559296678974896,0.5550892622407405,-0.9180429325595719,-0.9390613181999916,1.575871180644332,-0.6069911651715986,0.21459109717692715,0.5791922973583978,-0.5122984218604396,0.7114912700958945,-0.35435952669311027,-0.49840910903279034,1.202735611487927,0.9310288871052882,0.5122984218604396,-0.5791922973583985,-0.7595776989295921,-0.7097714541928067,0.7913313242638433,1.5710903006446677,1.195538960039945,-0.24551969421163483,0.5954383064766764,0.34501385799472056,0.5738579727592754,0.8339422496285867,-0.17942508891434333,0.5434315933313949,0.1838789563899486,0.6684418695530556,0.9186817518577256,-0.12479618717266176,-0.3759724034796717,0.7190446135538346,1
0.2105061928741954,1.4182605411776974,-0.8790386569529866,0.5985369837740325,1,0,0,1,0,0,-0.4703038686405733,-0.0436807222236401,-0.31055362260288033,-0.2375887127284481,0.2479982171353719,0.1500200537046912,0.5461651098390004,0.6354988158145305,0.4020135790131462,0.22528237704391302,-0.04508330099172513,0.37351629834834466,0.6934539934258772,0.6880075421582288,-0.07014712994595763,-0.49284589414005964,1.096547039264857,0.42726600878611953,1.1569031123463245,-0.6379707392984506,-0.07200685078512467,-0.9425139234246498,-1.04482862377951,0.7829753161742854,0.4757525962862771,0.6379707392984506,-1.1569031123463254,0.35452284597261524,-0.3345252120667762,-0.8371407578686448,-0.9354867953196102,-0.5112890635057554,-0.5290646384693491,0.18764225758709038,-0.319404172783631,-0.8523972546416179,-0.05424950115312168,-0.8623145398892288,0.0963939892279486,-0.46443461193445323,-0.14386762583630988,0.9504049313745251,-0.4540570296619595,-0.7656567202776299,0.10046155601764112,1
-0.38059984134227254,-0.07626988516709207,0.27967722576327125,-1.161438585374874,1,0,0,1,0,0,0.5139732176817596,-0.49781041542087434,-0.7839013350458762,1.5446522199939208,-1.9078421285369391,-1.5765909420870443,1.4879280090422033,1.6794914166827504,-0.39057809867326077,1.2013749822000712,0.2649879301581125,-0.8368097097115454,-0.7501991299815292,1.2413473745613592,1.2955936713095053,-1.3156322723578613,1.5549842746400095,0.45391441580918146,-0.37315522795503414,-0.7712178265546397,-0.8286604464451803,-1.0072573783152114,-0.7881502092968824,-0.08108430603222454,0.09866179252021538,0.7712178265546397,0.3731552279550334,1.1900982546492709,1.2415090048625523,0.09081540066495114,-0.6124742829530796,-0.01630893667750248,0.6681251261743327,-0.6279498401920818,-0.5408768497097485,0.139780294854656,-0.8314172830871166,-1.0140677512169813,-0.350643614875499,-0.6848612251647502,-0.6684841749419423,0.5697267771729232,0.5337254978059351,0.18071947766026855,-0.3944048900113141,0
-0.38059984134227254,1.1348151154916164,-0.15484123025532542,-0.4281154315628296,1,0,0,1,0,0,-0.19268725454965888,-0.29952843670095514,-0.8094876978806327,2.8957991608727296,-1.686965066045635,-2.468293176121937,0.03697491675594798,-0.29006453582221225,0.11732417533066844,0.8688221918884145,0.5016246884607689,0.3796140092633688,-0.5174443983879495,-0.3204721742728996,0.03253819133395691,-0.6353102916435213,1.4245956660401782,1.156432977164416,0.6152054390719316,-0.09240503183227083,-0.3716265423434501,0.43071872428816926,-0.798811652070944,0.23888194685328457,0.4768950582335304,0.09240503183227083,-0.6152054390719323,-0.20252742647848845,0.19081952690966666,0.5002078235474204,0.07231224326396513,0.6493539925053206,1.0776900456576979,-0.46483142063624716,-0.762349526635866,0.8839134569768611,-0.22078545442469194,0.6552175733882943,0.6711566230752374,0.11904759955750843,0.2115177783965368,1.5848685217105287,-0.04248097655033679,-0.09762646290970158,0.6571863078002155,1
0.31330724230314594,0.49062096620506923,-0.4445202009343899,1.7718540298733036,0,1,0,1,0,0,-0.028641073495936725,-0.37802716727922225,-0.42569225535928473,-0.1102857889625646,-0.4276751283622171,-0.20549813890199872,-1.273892717465965,-0.058159954945483934,-0.4795723902827835,-0.7957491872137444,-0.6162984057661894,-0.7768740078415018,0.3183095022896937,-0.4380170154919045,-0.01124142781355493,-1.024854881047317,0.20510858723906042,0.35986438462490133,0.05260013630273529,-1.1117316642817359,1.3337173927410344,0.06856494778751397,-0.37428879553786615,1.2783879785473375,1.1525556409722235,1.1117316642817359,-0.052600136302735995,-0.5646101035717058,-0.25947596364157,-0.7552622732921518,-1.1163738022448682,-0.9892009100985523,0.4790951633358572,-0.46483142063624716,-0.5408768497097485,-0.35630847989348147,1.0282341951120857,-0.1035484832504671,-0.48749186102961545,-0.5940973255993336,-0.093098282374475,0.15732544345452057,-0.4540570296619595,-0.9326642846196119,-0.332546584257695,1
1.0843151130202777,-1.4419614816545723,-0.4445202009343899,1.0385308760612593,1,0,0,1,0,0,-0.33149556159511606,-0.2204482340443305,-0.5280377066983108,0.0025508934662866888,-0.2948745298524538,-0.17151149407418936,-1.5898497573182593,0.8263532285885863,-2.2684662883943902,0.095113860025886,-0.609190289442819,-0.2522166243118282,0.5755480148129738,-0.03632869825344653,1.0849083521621279,-2.0428402827386227,0.8588089494316038,0.48394107323622343,0.28185302474922574,-0.6235317921885499,2.174425581538382,-0.04735836881825729,1.048211936919154,0.7230875645911448,1.264451478486054,0.6235317921885499,-0.28185302474922647,-0.3139374809687093,0.491016520610491,-1.110069039790291,-1.8399218299458961,-1.5012493171622625,0.7311351137871589,-0.7910682597479163,-0.983822203561983,-1.3484860293897554,1.5555980471387252,-0.3311783002420958,-0.8797901666714156,-0.2699405414371327,0.025363519036474696,-0.8895394805998851,-0.9479482933959068,-1.266679413303576,-0.332546584257695,0
-0.3291993166277972,-0.7719995663965628,1.4383931084795292,-0.8681093238500562,1,0,0,1,0,0,-0.6848257977108253,0.7238624212083051,-0.054689994255315046,-0.36373433718736903,1.0802736883058934,0.8378024187727278,1.1219367773492657,0.27813628528750145,0.6882012239616868,1.268398830530459,1.5708460291330897,1.1081993483879957,-1.3832713894423811,1.5015006806882214,0.3784827129774632,1.0069500780595904,1.6779221056055669,1.985313139175073,0.9953441571592244,0.5242815205937548,-0.05979861137268259,-0.002595107048403382,0.07109359052145875,-0.04972615236037868,-0.10390490101689122,-0.5242815205937548,-0.9953441571592251,1.8307060679680403,0.7161642658861095,0.9914787310063841,1.428964795203394,2.185499213696451,0.29006520049738066,-1.1173050988595852,-1.5375038958772762,1.814079909629618,-0.4150773999081907,-0.482931511569848,-1.4545528005187045,-1.2035120798242718,-1.1423313805857394,-1.1433249167342867,-0.7833178721512579,-0.6543183440496418,-1.0748462533011267,1
0.9558138012340891,-0.7977673323680251,1.0038746524609323,-0.13478617003801185,1,0,0,1,0,0,0.6149247137148194,-0.5158360498499579,-0.5536240695330674,0.07198885188404132,-1.0427401684592161,-0.4523485065987193,-0.6910991529063579,-1.3661802846268951,-0.33453961897376544,-1.4094748512570139,-1.269899844275512,-1.327113057471597,0.8795550445900687,-0.24870044827762203,-0.6915566731319114,-0.8524336489297775,-0.4850321343954072,-0.4218430848527289,-1.2694823106029698,-0.550966827225982,0.7124916377639867,1.1823390216380016,-0.39928674250600166,1.4231600305780538,1.239084324863918,0.550966827225982,1.2694823106029691,-0.23037994010104354,-0.6347222057676005,0.04532735367801011,-0.40574627503850064,-0.5624939042121272,0.7311351137871589,-0.30171300108041293,0.34501385799472056,0.3258135853852078,0.44535835866158957,0.8069707847160468,-0.615216890773458,-0.7107937678977266,-0.1607907403235886,0.062155904904119784,-0.7010026615289333,-0.9883334727336057,-0.023255055489598248,0
0.44180855408933456,0.43908543426214564,0.27967722576327125,-0.4281154315628296,0,1,0,1,0,0,-0.3945902466157784,-0.11927209241011955,0.29072590401389814,-0.4534250334769687,0.6104175268223679,0.2586878786146606,0.5551082966675956,1.6675014988863899,-0.49987630723053517,-0.26258206273142837,-0.6827056577783029,-0.8706550296623626,-0.04659097445839015,-0.4037103890366537,0.6803050702517666,-1.205137445296542,-1.323494014267158,-1.4052851415511178,-0.6300765684554116,-0.5625673488356443,-1.1752742633015114,-1.607183453328342,-0.5276992515713003,-0.9576225827424035,-0.4844366328854974,0.5625673488356443,0.6300765684554109,-0.3417899945912644,0.7161642658861095,0.21818193222838655,-0.4574282770171454,-0.9209277891567239,0.7941451013999841,0.5138790966987595,0.954063719541543,-0.29429738304996345,-1.1367331974183288,-1.5452039908641146,-0.33239718205494984,-0.5422322401333817,-0.8546384343020056,0.41111087958892223,1.0276167615398821,0.793080546914203,-0.6418381130257917,0
-2.1025174192772003,1.907848094635473,1.0038746524609323,-1.6014324776621007,1,0,0,1,0,0,0.1858808555743153,-0.4297781822530428,-0.7583149722111197,1.2177151657769927,-1.5352166073291476,-1.2716055240269657,1.2556331485592656,0.044671850769078786,-0.5800066518393039,0.7447818235132944,-0.3746673858063453,0.09127621499041942,0.41641455575968267,0.5865560151166946,-0.22853326230796286,-0.4794288648704344,0.28160435520285726,-0.1878411739735276,0.33643704580791395,-0.20918429502488586,-1.159908599445633,-0.2902531224384738,0.31110875015086625,-0.7269181361057064,0.3036956051777534,0.20918429502488586,-0.33643704580791395,0.49378541408539117,-0.25947596364157,-0.1457224436671417,-0.3669847735545164,-0.23819657973844427,-0.05648973137315825,0.2692014673650073,0.12354118106860354,-0.4183195767369984,-1.1089772052064004,-0.3311783002420958,-0.19554893590083341,-0.010615114107371936,-0.29617565622181696,0.41111087958892223,-0.04248097655033679,-0.15329565102369538,0.10046155601764112,0
1.3927182613071303,1.2121184134060021,-0.15484123025532542,-0.4281154315628296,1,0,0,1,0,0,0.526592154685892,-0.5001363037343045,-0.6175899766199587,0.23690400312620857,-1.1551830898805373,-0.56772422193523,-0.09610826724015196,-0.6495931131028743,1.9064460669338634,-1.0451275228192742,-0.6985252219767876,-1.0417316195815267,0.2280806180010908,-1.3410630702940696,-1.7756303813496221,3.189262702525342,-1.510126731297821,-0.6521315431192203,-0.3305796915292576,-1.092932769394252,-1.2063335334416119,-0.8872006027649216,0.5987258048955628,-0.08551595923450805,0.27143747476636004,1.092932769394252,0.3305796915292576,-1.2887754577581405,-1.685411683720486,-0.32767463161490584,1.2997597902567817,0.512807750621665,-2.261839297822047,0.10608304780917345,0.2896456887631914,-0.35630847989348147,-0.9424412519348303,-0.4070549059059717,1.9484069205136576,2.0380557617977377,1.8699829981498264,1.109020828958526,1.6038232358961542,1.0714264874841732,1.708777505611744,0
-0.2006980048416086,0.23294330649045036,-0.8790386569529866,1.7718540298733036,1,0,0,1,0,0,0.04707254852885811,-0.390819553003088,-0.7199354279589849,0.7663684360615877,-1.2295076637078388,-0.8928333112749326,-1.32408008795246,-0.2994943610577876,0.9425243445323218,-1.1235211696909753,-0.7191606680786504,-1.5426012786509475,0.15554823231319637,-0.5075761944744531,-0.4171537460892584,0.3440522060338061,-0.8194467566441808,-0.665925725297024,-1.6149417070401957,-0.5022446364654003,1.3340014410500045,-0.006830055725851475,-0.9427230669324183,0.7052552400293354,0.28479723126274853,0.5022446364654003,1.6149417070401944,-0.3417899945912644,-0.18442671521636386,0.7549408866742913,0.8346217724489774,0.4274663494443799,0.16404522527173035,-0.6279498401920818,0.12354118106860354,0.8839134569768611,1.1115021717478706,-0.1035484832504671,-0.2867811000035777,-0.7107937678977266,-0.4146374576327655,0.41111087958892223,-0.28942660841731066,-0.5429799678216537,-0.1469716669968365,0
0.8787130141623758,-0.3339475448817109,0.5693561964423357,-0.8681093238500562,1,0,0,1,0,0,0.08492935954125552,-0.4018675224918812,-0.6687627022894718,0.5146558367972272,-1.0529638328318591,-0.7068011501121867,0.1987405906062213,-0.8135882747494038,-0.23326719337466306,-0.26613848616066627,0.07765208015085771,-0.2003964714474313,-0.390417413229582,-0.36984116498641456,-1.2778457247065311,0.16390781245301508,-0.6920134013811471,-0.2758490020574889,0.6912331826893887,-0.9588735405703893,-0.6458945634692421,-0.16344235530151371,0.4835956121465086,-0.3266527180143666,-0.37026436813905117,0.9588735405703893,-0.6912331826893894,-0.5924626171942612,-1.3852146900196616,-1.1737523055720087,-0.9225662948249498,-1.1086788717467513,-0.7495995951142377,0.4323198869208419,0.12354118106860354,-1.2244638357027204,-0.6648813298155464,-0.2553016945782196,-0.323273965644676,-0.03654765684034838,-0.1607907403235886,-0.7626467625326843,1.3568776040291806,0.9044189231421907,-0.7036964187794109,0
0.930113538876852,-0.05050211919562982,1.0038746524609323,-0.4281154315628296,1,0,0,1,0,0,-0.571255364673633,0.10168729736574346,-0.1442422641769629,-0.33075130693893556,0.6343575162504053,0.3338162513919234,-0.27918646883530274,-2.071310571240756,1.6096129638383474,-1.5041973939487678,-0.11214738615000605,0.68110687083712,0.4239802372238514,0.07903865011897916,-1.170235474406407,-0.07191934038336419,-0.8064354503057455,-0.7472823851283644,-0.30025191215747105,1.2267347275520042,0.46719006898255755,1.6706225541358188,-2.2726668451310377,1.2324260484585388,-0.5837787078420004,-1.2267347275520042,0.3002519121574703,-0.03541234474315745,-1.1600669447440433,-0.3913578973966235,-0.3669847735545164,-0.6478353053894121,-0.34003467563087314,0.02452383803125581,0.17890935030013266,-0.728375060954584,0.08453045990652028,0.9587239960437993,-1.1109116490650344,-1.9382674572585934,-1.4751526321688826,-0.17048074488574738,-0.8930714863143573,-0.45019798763166347,-0.9717490770450948,1
1.495519310736081,0.6709953280053031,0.27967722576327125,0.3052077222492148,0,1,0,1,0,0,-0.016022136491804253,-0.38093452767100994,-0.46407179961141953,-0.0842465545559066,-0.4986884268039899,-0.22785777365713644,-0.7886940108021938,-1.366735726276016,0.7510157802796793,-1.0463695600466025,-0.5720866455309506,-0.5291344909516676,0.503392159145444,-0.0993465144790119,0.8628393007906062,0.9880950460950828,-0.43051609272404934,-0.40609026580448104,0.04764949253229553,-0.7689345227338477,0.9974323542582507,2.7402611466601363,-0.033723501017309726,0.9866853814739799,0.34727255218444936,0.7689345227338477,-0.04764949253229624,0.02029268250195297,1.0163612595869336,0.5093054329448095,0.9767472778902511,0.7346953936826055,-0.655084613695,0.8401159358104279,0.8986955503100138,0.3258135853852078,1.0004782029001573,2.7038859263129513,0.22411901897178985,0.1709126850234604,0.5669031826293847,-0.2233527107470814,0.6983559190505837,0.3477270420022505,0.5953280020465953,1
0.08200488108800677,1.8563125626925503,1.4383931084795292,-0.4281154315628296,1,0,0,1,0,0,-0.5586364276695006,0.09645404866052565,0.06044863850108935,-0.39671736743580244,0.769169000069119,0.38077148437771263,1.441629614316994,0.06991442263358946,-0.7471381467527826,1.346510532428685,0.557373036795883,0.828937696470705,-0.36218331790337105,0.9964123417533931,1.2861877162680524,-1.655907488928196,0.9908175160994491,-0.5751315843652671,0.8915886482224574,0.2463053852199044,-1.0090176003521478,1.1925148800419008,-0.6426644553762585,-0.8365711714454283,-1.2861162975697902,-0.24630538521990367,-0.8915886482224581,1.0229831729139398,1.3165582532877582,0.2636699792153276,-0.6641562849317252,-0.27233314020935756,0.5106001571422693,1.247911984700014,0.8433273810784847,-0.4183195767369984,-1.0257092285706153,0.8069707847160468,-0.6334633235940058,-0.840456481562607,-1.0746389226366257,-0.5405845059150832,0.7806711296729086,1.0157572993701793,-0.8274130302866491,1
0.8273124894479005,0.4133176682906843,-0.15484123025532542,0.3052077222492148,1,0,0,0,1,0,-0.7100636717190902,0.8081758725701476,-0.2210013526812325,-0.2879312325813202,1.048156237724814,0.8440631165041663,0.24805962367287965,-0.22852726695675254,-0.4031791407885378,0.2719282056799394,0.4152090985318054,-0.5786929083106696,-0.5953288857898694,-0.4810996295526253,-0.6086846811735837,-0.06493985766812908,-0.08691875669996231,0.4819532803619782,-0.07652239220166908,-0.7133741297612541,-0.8256420263828677,-0.2961061057380582,0.48590109785863017,-0.45354461380586636,-0.06925858967861075,0.7133741297612541,0.07652239220166766,-0.5646101035717058,-0.7097714541928067,-0.5642124759469986,-0.5091102789957901,-0.5112890635057554,0.1325402314653172,-0.46483142063624716,-0.4855086804782194,-0.23228628620644656,-0.8036612908751883,-0.3311783002420958,-0.17730250308028428,0.09311505682453199,-0.093098282374475,-0.28679906978068154,0.6160407084282594,0.29205785388825667,-0.20882997275045564,1
2.0352248202380734,-1.5708003115118816,0.27967722576327125,-2.334755631474145,0,1,0,0,1,0,-0.5460174906653681,0.07842841423144209,0.7256940722047591,-0.5373292332317556,1.0977570510879637,0.47557633573949654,2.309063244728457,1.2893317135538698,-0.8797994083177408,2.303922869307733,0.7415362356170788,0.2567808416418318,-0.8404205062801919,1.8267345861977082,0.5069024561228115,-1.3325928680743058,1.4413247705397785,0.43982874106445075,0.8063022000563537,-0.44946226314143684,-1.3855569758549262,-1.2618444870974863,-0.13641205302340106,-1.6832581897103347,-0.5346262638236058,0.44946226314143684,-0.8063022000563543,2.4713138812868096,1.0914105080121401,1.6101161700287818,0.5245297605771081,1.1272658390981163,1.9598298722372534,0.5954383064766764,0.2342775195316623,1.4420133285685155,-1.3825719855811232,-1.3717717493466832,-1.1196004265986297,-1.0090180093269512,-1.5073871359541748,-0.08739622710365254,0.1456680763006908,-0.06581549827313367,-1.3399532779594956,0
0.10770514344524394,-0.2051087150244015,-0.15484123025532542,1.0385308760612593,1,0,0,1,0,0,-0.356733435603381,-0.1506715846414264,-0.2849672597681238,-0.24626845753066742,0.0999991095656377,0.07444448823232569,-0.6480224749085239,-0.7119233433962983,0.47926216573558517,-0.190932162283605,-0.03454090231125975,-0.4895484022066309,-0.11784124027874092,-0.472496436999823,-0.47366083967923905,-0.09095201360803089,-0.14972046648155674,-0.5046473800788321,-1.2497103896622064,0.5717619163874261,0.4289781533818667,0.5026340998877327,-0.7465654382354534,0.10947678166591653,-0.4477850803257145,-0.5717619163874261,1.2497103896622048,-0.4253475354589299,-0.40957446049198204,0.1272058382545045,0.05939174276930372,7.593435579547688e-4,-0.2140147004052217,-0.6279498401920818,-0.09793149585751397,0.2638024885416898,0.41760236644966076,0.5034643620605421,0.0963939892279486,-0.30883935553659736,-0.24540631275998087,0.2207718024881207,-0.28942660841731066,-0.04195727479570725,0.038603250264021984,1
0.5960101282327613,-1.3904259497116478,0.27967722576327125,0.3052077222492148,1,0,0,1,0,0,-0.8236341047562825,8.800509589594455,0.25234635976176334,-0.449953135556081,2.928505325422581,7.1159406653203,0.20272140723075846,0.7310617135080404,0.7146986885837814,1.0238276096833265,1.4397087839417244,0.2320388122905508,-1.5567913296979714,-0.16840411114880585,-0.10188799039231773,0.7879924434174149,0.6708118309203455,1.3135451111391248,-0.3979084468072301,0.7111140177770428,-0.4501564551553503,-1.1054742967628246,-0.18516063790886417,-0.7179595201812796,-0.5892707900347156,-0.7111140177770428,0.39790844680722937,-0.06326485836571254,0.04072103005925432,0.4456221671630917,0.8087807714596554,1.0760609983917457,0.3215701943037938,-1.4435419379712537,-1.482135726645747,0.6978801664463103,-0.3318094232724056,-0.9381911455531051,0.5069387276902979,0.3265079414213163,0.008440404549195996,0.47455723862252236,0.28677986593896093,0.7374113588002092,0.6571863078002155,1
0.5960101282327613,-0.4370186087675581,0.5693561964423357,0.3052077222492148,1,0,0,1,0,0,-0.81101516775215,4.049882709413401,-0.5024513438635544,-0.009022099603339084,1.725931180924437,3.121615512662496,0.5116776567519388,-0.4590005237898108,-0.21130920781261653,0.5577780707190678,0.09032438244442542,-0.3870287188316793,-0.49042040755380417,0.10639934207486018,-0.28864038299201256,0.45616218184449675,0.4845614564421613,0.6512326531614986,0.41113096936191074,-0.9356157016516281,-0.605187268392791,0.3408390243724065,0.7472657666208212,-0.2730393431670576,0.5183758127596805,0.9356157016516281,-0.4111309693619114,0.7166055230658329,0.41596727218528484,2.3743153594093918,2.3204793293350194,2.4756599776992205,1.4557499713346498,0.5138790966987595,0.34501385799472056,2.744246362282375,-0.4150773999081907,0.6552175733882943,0.9174834661526473,1.2082143943425034,1.0069041592986248,0.6966194952401235,0.7806711296729086,0.3477270420022505,0.904619530814692,0
0.3647077670176212,1.1348151154916164,-0.4445202009343899,0.3052077222492148,1,0,0,1,0,0,-0.6091121756860305,0.30810988518266813,-0.7455217907937414,1.0007215457215095,-0.46758293208315554,-0.5364207332780372,-1.6961357438723426,-0.5970591104632279,1.049647721458717,-1.7229698626171994,-1.1298265409450499,-0.6586331940296904,1.3712837826693522,-0.9895544612637366,-0.6701956682233186,1.5362531438826859,-0.9500624211292328,-0.11793450723293047,0.42176776227307794,-1.316601253463695,1.3697668822463047,0.14809505858567032,0.1088826552728141,1.3855554939302612,1.353689745349877,1.316601253463695,-0.4217677622730786,-0.8988402670423681,-0.5596729573423944,0.2727675886127153,1.0542702808582185,0.5640125913280355,-0.5605696322757617,0.6769975162545934,0.5111183656893089,-0.046252995675895824,1.2502821328075124,0.12408133374116129,-0.031331040515893936,0.028283699992091807,0.5838262971166633,0.15732544345452057,-0.6186874509066087,-1.1553410370755877,0.34789477903211874,1
-0.38059984134227254,0.3102466044048362,-0.15484123025532542,-0.4281154315628296,1,0,0,0,1,0,-0.19268725454965888,-0.29952843670095514,-0.041896812837936774,-0.37357138129655093,0.13816675681444662,0.05834555120862652,0.0552461083039483,0.29124144189931084,0.13073795589532544,0.8860227072059139,0.43784205235826495,0.4493379496638145,-0.4526188942092405,-0.284514164385439,0.26317948058654267,-0.8935770989875921,1.431509597251027,1.1160687985279527,1.2685285918524662,-0.6452678416013011,-0.3611042591618181,-0.13609059280141944,-1.0766819736919806,0.22250089618075797,0.5204078447943226,0.6452678416013011,-1.2685285918524671,-0.2582324537235989,0.26586877533487285,0.07262018187017576,-0.40574627503850064,0.15437386567706757,0.9516700704320475,-0.05703537174666111,-0.5962450189412776,0.3258135853852078,-0.5261013687559044,-0.4070549059059717,-0.8889133830816909,-1.2424108939237355,-1.0915620371239039,0.5380035976561225,-0.12479618717266176,-0.4316415915936655,-0.6418381130257917,1
-1.4343105979890196,0.43908543426214564,1.0038746524609323,-1.6014324776621007,1,0,0,1,0,0,-0.5081606796529707,-7.03163468250324e-5,0.8280395235437853,-0.5587392704105633,1.0582064658805515,0.43175145161942663,2.0169929396911934,0.6401723360605185,0.18208657162177294,0.9703257382858609,0.6733293968805477,0.1617224725665609,-0.9412042979274954,2.2012774721389516,0.20520332996158783,0.9243880385195745,0.725425901974205,0.9861941936983034,0.9416775146057242,-0.7133741297612556,-0.605187268392791,-0.6730884305038788,0.6800023877263633,-0.5915275655973613,0.08746549012000249,0.7133741297612556,-0.9416775146057249,1.4964759044973779,-0.18442671521636386,-1.0554833834059623,-0.4832692780064673,-0.18699173903207253,-1.1591645145976028,-0.6279498401920818,-1.0391903727935126,-0.728375060954584,-0.4150773999081907,-0.4070549059059717,0.9174834661526473,1.1693155802430386,0.8207498999385615,0.5697267771729232,1.2745623934068555,0.9600881112561845,0.8427612250610729,1
-0.7918040390580765,-0.3339475448817109,-0.15484123025532542,1.478524768348486,1,0,0,1,0,0,-0.5333985536612357,0.06970633305607908,-0.7071422465416066,0.722969712050491,-0.46758293208315554,-0.5051172446208444,-0.6230900139669725,0.7181715116184036,-1.1036854897927202,-0.143686693390623,-0.6321499044073071,-0.6092966593572594,0.5954839205413979,0.7621497034439096,1.1693672882328436,-0.32580453486161615,1.4527760076780145,1.2156543199349452,0.6060821098378343,-1.4321128303428865,1.627952835658896,0.18573354086445135,1.1813729011630618,1.6346592736188874,2.0086756713830014,1.4321128303428865,-0.606082109837835,0.438080386840281,0.7161642658861095,-0.7734574920869285,-0.806281790372998,-0.2552648599739003,-0.18250970659880966,-0.7910682597479163,-1.0945585420250417,-0.29429738304996345,2.0274499147415077,0.5793409677244183,1.1638103092300558,1.6879664349025603,2.4115226617427363,0.31594134103852145,-0.7010026615289333,-1.266679413303576,1.8943524228726025,0
-0.6890029896291251,0.43908543426214564,-2.0377545396692445,-0.4281154315628296,1,0,0,1,0,0,0.3499270366280375,-0.4751330043649305,0.29072590401389814,-0.4534250334769687,-0.03992523224731885,-0.014994050788225242,-0.28549153591462845,0.638804637525501,0.8815500598120883,-0.5532517660843834,-0.35794419996059523,-0.4419579478227467,0.06540476524454987,-1.4923131915085628,-0.7432498482155497,0.7187414627308595,-2.0592878027282038,-1.40767084886327,-0.025828483428959336,-0.5771615534413467,-1.09411882724154,-1.621350794400517,-0.482842608982854,-1.294547091352334,-0.9089716124043337,0.5771615534413467,0.02582848342895863,-1.4280380258709164,-0.7848207026180125,-0.3913578973966235,0.020630241285320403,-0.801449827508525,-0.655084613695,1.247911984700014,1.397009073393778,-0.6663639641110671,-1.053465220782544,-1.5452039908641146,-0.23204180154193166,-0.4385020692014777,-0.8884846632765624,0.28421816152172197,1.5215080252738291,1.2941032399401495,-0.7036964187794109,1
0.23620645523143258,1.2121184134060021,1.7280720791585935,-0.4281154315628296,1,0,0,1,0,0,-0.6974447347149578,0.7674728270851201,-0.6175899766199587,0.23690400312620857,0.34847726108323646,0.40715585338877514,1.7872386827418887,0.5821661593322066,-0.9679774057279218,0.8299685144220174,0.19620098271122574,-0.2051710243568546,-0.7849677701401544,1.3550840007191793,0.09159424831571725,-1.0644990091150337,0.9492252285990795,0.33944382199271816,0.7646392799752116,-1.0381887348318,-1.1312149275151426,-0.7072842165372623,0.2535386967975893,-0.17999842994333734,0.07632993813976019,1.0381887348318,-0.7646392799752123,1.0229831729139398,-0.10937746679115769,-0.5642124759469986,-0.9871687972982559,-0.6136987449184976,0.19555021907814235,-0.30171300108041293,-0.6516131881728072,-0.4183195767369984,-0.9146852597229018,-0.3311783002420958,1.3827675030766426,1.3249108366408955,1.1592121896841308,0.9504049313745251,1.6861384465184783,1.1827648637121608,1.0901944480755505,0
1.495519310736081,1.109047349520155,0.27967722576327125,0.3052077222492148,0,1,0,0,1,0,-0.016022136491804253,-0.38093452767100994,0.57217589519622,-0.49798105679502797,0.34687626193787247,0.09188500334133312,0.3062372140456306,0.34057767939989214,0.9188992521523939,-0.31624654878024805,-0.029927560871042192,-0.4474318389810721,0.02421077478747729,0.13096158053797669,0.969308717371563,0.9579837151420366,-0.33178554429205337,-0.3085890528890987,0.1039844044028122,-0.7133741297612556,-0.2949750325704799,0.5035786410794403,-0.29348481487903483,0.09823581862754407,-0.26236985329709916,0.7133741297612556,-0.10398440440281291,0.18740776423728422,1.0163612595869336,0.2727675886127153,0.7441782689863493,0.5640125913280355,-0.7495995951142377,0.9216751455883455,0.954063719541543,0.139780294854656,-0.38732140769626244,0.27583454506891375,-0.48749186102961545,-0.5551985114998699,-0.48232991558187904,-0.4136917878478824,0.7806711296729086,0.45906541823023866,-0.6418381130257917,0
1.0329145883058024,-0.07626988516709207,1.4383931084795292,0.3052077222492148,1,0,0,1,0,0,-0.7479204827314877,1.3983700321030448,-0.4001058925245282,-0.12185878203219036,1.0667004825373894,1.1696193985389718,-0.9337461766158826,0.32322555467326375,-0.3803093338617475,0.27039079443586633,-0.2999955193533047,0.07338885821493266,0.715786548319115,0.007383345531155524,0.098763550434003,-0.9266755436972024,1.3972582804755664,0.5998953882461742,0.18609969967169646,-0.08447776675232606,1.305774140345984,-0.3446980608398156,-0.41132395333983046,1.0202168736700705,0.975689954188559,0.08447776675232606,-0.18609969967169718,-0.14682239923337803,-0.10937746679115769,-0.5824076947417753,-0.9354867953196102,-0.40887938209301433,0.006520256239666901,-0.46483142063624716,-0.5962450189412776,-0.5423417704240322,1.194770148383656,-0.3311783002420958,-0.02220782410562002,-0.23104172733766892,0.17767154942198057,0.5697267771729232,-1.1125787146405561,-1.266679413303576,0.10046155601764112,1
0.10770514344524394,0.5936920300909173,-0.15484123025532542,0.3052077222492148,1,0,0,1,0,0,-0.356733435603381,-0.1506715846414264,-0.8478672421327675,8.760413398905591,-2.4058398535803516,-6.88610981104205,-0.33122081902259126,-0.2241102661208918,-0.7459853048966757,-0.6528619617873174,-1.3790070112815676,-0.0052193018180565305,1.2917659224060778,-0.6192826349034926,-0.3632176238262195,-0.010402901969905277,0.015841351527939355,-0.34800142281958196,-1.0618771407249559,1.046038314370867,-0.1582093003512267,-0.05626506854842945,1.00933298922169,0.8976824042375878,1.4530209964626075,-1.046038314370867,1.0618771407249543,-0.5367575899491508,-0.25947596364157,0.2909628074074919,0.24027874969456073,0.2397152668543526,-0.15100471279239655,-0.5463906304141645,-0.09793149585751397,0.38782468222872474,-0.1375174777889068,-0.02767187758659086,0.0872707728176734,0.5987996401175653,0.9561348158367899,-0.15990635171348128,-1.9357308208638015,-1.8790404825575102,0.40975308478573785,0
-0.4320003660567478,0.7740663918911503,0.27967722576327125,1.0385308760612593,1,0,0,1,0,0,-0.48292280564470574,-0.011699757913975716,-0.6559695208720935,0.42207189224022096,-0.37968226651564924,-0.3351840204817976,-0.7610417155139712,0.8413579350002315,-0.3308064914917465,-0.4752045792939086,0.06364806229737804,-0.18709961672006242,-0.25142193365840637,-0.745467120647899,0.9214247797605378,0.4226829175647552,-0.3931927043546937,0.36865826095841986,0.9068055190224368,-1.154540235155578,0.313385067851402,-0.2317270532328407,0.8769791247196904,0.2520875739779752,0.2771774401057845,1.154540235155578,-0.9068055190224374,-0.5924626171942612,1.1664597564373458,0.7185504490847379,0.8475422729436388,0.6322857122698633,0.7941451013999841,0.9216751455883455,0.5111183656893089,0.8219023601333442,0.029018475482663446,-0.482931511569848,-0.8797901666714156,-0.3477381696360611,-0.2284831982727022,-1.2702176348014877,0.36909507656128593,-0.15329565102369538,-1.0748462533011267,0
0.3647077670176212,-0.07626988516709207,-0.4445202009343899,-1.161438585374874,1,0,0,1,0,0,-0.6091121756860305,0.30810988518266813,-0.7839013350458762,1.5446522199939208,-0.7344913508946546,-0.9567818666746264,0.06417547584517931,0.19494123272661015,1.7286779865602564,-0.44002024844102083,-0.05648949499871681,6.178231604265966e-4,0.07006972769554305,-1.0782619812397054,-0.21357417892579186,1.5418852471730236,-0.6805611990632489,-0.014424976820438981,0.06512235289855199,-0.06374491962016399,-1.1666242282483454,-0.48151688373001855,-0.8137147441207078,-0.0803938673086804,0.059355927854618705,0.06374491962016399,-0.0651223528985527,-1.038102835155144,-0.25947596364157,-0.19121049065408274,0.6149732640397371,0.2909201075607231,-0.9701345517591269,-0.05703537174666111,-0.09793149585751397,-0.4803306735805153,-1.1644891896302574,-0.6346847228976005,-0.6790794056453779,-0.9571529238609991,-0.9223308922511192,0.28421816152172197,-0.20711139779498602,-0.26463402725168356,-0.6418381130257917,0
1.0329145883058024,0.8256019238340739,1.4383931084795292,-0.13478617003801185,1,0,0,1,0,0,-0.7479204827314877,1.3983700321030448,-0.7327286093763631,0.8068739118052779,0.22349099186228205,0.4518751228990506,0.45233948681960284,0.5081614445034102,-0.5127750871478283,1.3402547569238,0.28860761049564665,0.46032809045957995,-0.263884494625647,0.1201416957473031,0.08290758220564039,-0.8738465569770758,1.4857434273145824,0.7718675601742424,1.0345842828972671,-0.39825548305102343,-0.5089449007823738,-0.6144125343629739,-0.17715079412308396,-0.33735996085812303,0.3783744121991682,0.39825548305102343,-1.0345842828972678,0.02029268250195297,-0.03432821836595151,-0.31857702221751816,-0.7029177864157086,-0.135786898325702,0.25856020669096863,0.02452383803125581,-0.4301405112466897,-0.4803306735805153,-0.6371253376036178,-0.7864379342253526,-0.8341740846200435,-0.7885913960966542,-0.8546384343020056,0.09387908442092041,0.03983423407198747,-0.15329565102369538,-0.5799798072721716,1
-1.4343105979890196,-0.3339475448817109,1.0038746524609323,1.478524768348486,1,0,0,1,0,0,-0.5081606796529707,-7.03163468250324e-5,-0.7071422465416066,0.722969712050491,-0.5202732181652703,-0.5587803680331749,0.3982189514207402,0.3407975451425275,-0.4372640553172212,-0.9533718951199815,-0.829326574793067,-0.7556984603016349,0.41844339312368395,2.034686872412072,0.6420512198318709,0.7113485962675068,0.29162817250654,0.8380575410334891,0.4783555005605047,-1.5051097296207103,1.47930200325538,0.1754374915053526,1.3125913491029513,1.5771174276772375,1.8963652384545078,1.5051097296207103,-0.4783555005605054,1.0229831729139398,-0.10937746679115769,-1.7287064788126896,-1.1809763047181743,-1.0233374705694662,-1.2851844898232538,-1.3619827281933365,-1.648240234340335,-1.658541513607341,1.6943780081983673,0.4275877563966659,0.7623887871779818,1.3897421934733356,2.073060371997167,-0.15990635171348128,-0.6186874509066087,-1.211010225189582,1.3994859768436472,1
0.5960101282327613,1.0317440516057692,0.27967722576327125,1.478524768348486,1,0,0,1,0,0,-0.8236341047562825,8.800509589594455,-0.7711081536284979,1.3942033100887856,1.269648225209414,5.690737546027822,-0.2590634787236526,0.6397431297741273,1.3949690535270824,-0.7257167760337696,0.24182002512748313,-0.5845666453346364,-0.8111543699084314,-0.22613655509219924,0.8973900126263211,1.1300076634205027,0.5085491658260567,0.874544743679605,0.22845561284398783,-1.023858678725748,0.13428109210716618,0.020918092116938458,-0.7714207036974572,1.4846651926193044,0.5394448498457217,1.023858678725748,-0.22845561284398855,-0.3139374809687093,0.641115017460903,-0.4277483349861756,0.188596747715916,0.39332978897346543,-0.8756195703398886,-1.1173050988595852,-1.3160312189511594,-0.5423417704240322,0.1400424443303771,0.04820472807728505,0.0963939892279486,-0.32180562690308556,0.2622871218583729,0.2524949820049213,0.36909507656128593,-0.09762646290970158,-0.08511336124321738,1
-1.4343105979890196,-0.07626988516709207,1.0038746524609323,-1.161438585374874,1,0,0,1,0,0,-0.5081606796529707,-7.03163468250324e-5,-0.7839013350458762,1.5446522199939208,-0.9765561738802919,-1.1937939950790863,2.1855154534041037,0.8239666845808015,0.9768446116825938,0.4413410263969876,0.8096170146536927,0.5900411421707026,-0.6893761131457402,1.9677362887528909,0.8320267861472934,0.47598199902239224,0.2846266879959364,0.8681343011493039,0.7902460580981725,0.020989325180847843,-1.0728735247109538,-0.29741396374286755,-0.857063303169799,-0.3139923021077349,-0.204977594383206,-0.020989325180847843,-0.7902460580981732,1.07868820015905,0.11577027848446049,-1.5194614626727603,-1.0905328012555453,-0.9379960693921812,-0.9386295579527137,-1.1173050988595852,-1.482135726645747,-1.5965304167638241,-0.9979532363586869,-0.2553016945782196,0.0872707728176734,-0.37367071236903754,-0.4654068010946016,0.8552353928241243,-0.04248097655033679,-0.04195727479570725,-0.1469716669968365,0
0.5960101282327613,-0.3339475448817109,0.27967722576327125,-0.8681093238500562,1,0,0,1,0,0,-0.8236341047562825,8.800509589594455,-0.6687627022894718,0.5146558367972272,1.7713476122513325,6.370470442584008,0.23201711710445122,0.45999097776366116,0.41175441464356444,0.2783327664584911,0.449617779953176,-0.6888527663434955,-1.0626464091336703,-0.3301865482831895,0.7292851965596782,1.1979570205326229,0.3812714568474712,0.6821494173397215,0.1590389773671773,-1.0972459357537168,-0.652543957831735,0.09922984747858388,0.6409491964283534,0.0020526390909833218,0.08146100201764639,1.0972459357537168,-0.15903897736717798,-0.3696425082138195,0.5660657690356972,-0.2548937564358004,0.3824042551358344,0.529876030857121,-0.9071245641463012,-1.0357458890816678,-1.2052948804881005,-0.4803306735805153,-0.7481493064513315,-0.17942508891434333,-0.7885580025686714,-0.37367071236903754,-0.3469449996836519,-1.016432198667086,0.28677986593896093,-0.2089648391376897,-1.0748462533011267,1
-0.07219669305541997,0.5936920300909173,-1.168717627632051,0.3052077222492148,1,0,0,1,0,0,-0.7605394197356201,1.5495527724760036,-0.8478672421327675,8.760413398905591,-1.1907743066096708,-5.5785183705615955,-0.6097335387011236,-0.7022324308559647,-1.3574817659077625,-0.34255713050595976,-0.382720775684622,-0.43326237483036345,0.26344806861375486,-1.130442360078142,-0.2723159453777316,-0.6692217942481894,-0.29440517386780474,0.03009402211799489,-0.2859102762628674,-0.30735587342307225,-0.28167535847009273,0.6910359134007494,1.183219686188637,0.17084545256107347,0.5269367077813671,0.30735587342307225,0.28591027626286675,-1.0659553487776992,-0.25947596364157,-0.009258302706318612,-0.354064273059855,-0.4430159425639276,0.8256500952063961,-0.5463906304141645,-0.4855086804782194,-0.10826409251941274,-0.3040534310604773,0.5793409677244183,-0.14993285384946126,0.4691369264526849,0.5161338391675497,-0.794369942049485,-0.7833178721512579,-0.9883334727336057,-0.5181215015185524,0
1.521219573093319,-0.4885541407104817,-1.168717627632051,-0.13478617003801185,1,0,0,1,0,0,0.29945128861150755,-0.4425705679769086,3.1947780857587644,-0.724811720959693,0.8175315945253291,0.21978211414072094,0.43374718483100266,-1.2320397948023747,-0.7356209152958381,0.668945076706407,0.11819446340765215,-2.5509254379819994,-0.9016814844263618,-0.7063532914463049,-0.6208130060066055,-1.2592600665057976,-0.6769433889459193,-0.7873788945783431,0.04968400367083265,-3.5284340403726486,-1.3089159051908836,1.0690964423589449,-0.2598164896045218,-1.5749471185230182,-0.9223808308068749,3.5284340403726486,-0.04968400367083336,-0.24894828251608053,0.06573744620098994,2.5987230578783023,1.3212939577478835,0.9338253297629369,2.957488009440322,2.6344185509246065,2.87349358623456,2.413520512450285,-1.3032691506898992,0.5793409677244183,-0.8980365994919648,-0.8793552956620708,-1.3623318689203594,-0.2233527107470814,3.0854970270979956,1.127095675598167,-1.6934293108373202,0
-0.48340089077122306,0.5163887321765315,-0.15484123025532542,0.3052077222492148,1,0,0,0,1,0,3.1639499885495788,-0.7309807188422456,-0.23379453409861076,-0.2723076919373254,-1.2403570629674978,-0.3517301502005995,-0.34705511555183266,-1.5743639687109128,1.4138064329806583,0.07574708137133275,0.6642580907257168,1.5109644966252334,-0.5883032153179418,-0.9971770193712312,-0.9271150872487558,0.6458608240764512,-1.1086687296136917,-0.14825117393165935,2.110417730215288,-0.032311248161723795,-0.5137789419442531,1.2321004132792372,-1.2836929150640222,-1.201666354344128,-1.0083064672189497,0.032311248161723795,-2.1104177302152882,-0.7595776989295921,-0.5596729573423944,1.4463592008757944,1.6227723026233125,0.9907195972144606,1.1722050270769362,2.2266225020350205,1.1201682272361313,1.069946747507413,-0.4150773999081907,1.33810702436318,0.39746013076700454,-0.3607044410025493,-0.7869459763528921,1.2993599060593275,1.1922471827845313,1.2941032399401495,-0.023255055489598248,0
2.138025869667024,-0.2051087150244015,0.27967722576327125,1.0385308760612593,0,1,0,1,0,0,-0.5838743016777656,0.1569271448097092,1.2246281474825116,-0.6148682867982482,1.3697773010676106,0.5958711707221376,-0.1809483633212451,0.8826672809586706,-0.6178702292501083,0.33761783439236115,-0.41168085156815104,-0.62824039510571,-0.13578697425887526,1.9348003795007156,0.824999291967024,-1.3333034978643685,1.6138625461752372,0.4051532950403965,0.3210111268130686,-1.1752198963459366,2.184842846109377,-0.3850223638696859,-0.4951921298944332,1.1441785618736577,0.9307586054221954,1.1752198963459366,-0.32101112681306926,2.52701890853192,1.391607501712964,1.4736520290679587,0.42116575661981864,1.0931292786272029,1.6762849279795395,0.10608304780917345,-0.04256332662598434,1.5040244254120325,2.360521821284648,-0.17942508891434333,0.6529101902546883,0.2746428559553643,0.7361343275021692,1.0455744699249259,0.2044646553166367,-0.32030321536567735,0.34789477903211874,1
1.2642169495209417,0.43908543426214564,-1.168717627632051,-0.4281154315628296,1,0,0,1,0,0,1.4982503040040924,-0.6489931557938332,-0.6687627022894718,0.3815664164965307,-1.665093381170349,-0.7940037256572239,0.03927128249834101,0.8378987530563673,-0.8347612041612459,-0.09358956479598539,-0.7913028867560985,-0.8677251773228918,0.19821875382787224,-0.9689498007533455,0.8939439433031157,0.4625942950066284,-1.0470184898964507,-1.4755363556051415,-1.3255027532684673,0.13114384342216406,-1.0227708984084465,-0.25450891614776405,1.6060091848122227,-0.9117721476804577,-0.4118415537947108,-0.13114384342216406,1.3255027532684667,-0.8059985549671841,1.1914761725790812,0.8398519077165789,0.9767472778902511,0.4502240564249892,-0.5605696322757617,0.4595062901801475,1.397009073393778,0.8632430913623554,-0.9979532363586869,-0.3311783002420958,-0.3050275328241268,0.533968283285125,0.10997909147286698,-1.2702176348014877,0.2044646553166367,0.29205785388825667,-0.5799798072721716,0
1.2642169495209417,-0.41125084279609675,-1.168717627632051,0.3052077222492148,1,0,0,1,0,0,1.4982503040040924,-0.6489931557938332,-0.2721740783507456,-0.2607346988676996,-0.9274337944050915,-0.29761983409316617,-0.31887263849603315,1.32425483990615,-0.4009869238974055,0.2204338308967691,-0.45886842585343346,-0.794398598908978,0.126613343858477,-1.079692377182903,0.694779121863736,0.285666567296531,-1.4650102686442872,-1.8888505210189153,-1.4375436385994584,0.3422733367180179,-0.6354157356045184,-1.1215668546149262,0.8352299086635102,-1.7504709888265733,-1.2475434717183995,-0.3422733367180179,1.4375436385994576,-0.9187349196299076,0.9949186171797318,0.8615128824722654,0.8936869175674285,0.18607210040005875,-0.4705553642574395,0.5954383064766764,1.6738499195514247,0.6713039820848031,-0.6371253376036178,-1.0899443568808573,-0.21379536872138252,0.2357440418559006,-0.4992530300691578,-0.7309235830158842,0.5337254978059351,0.793080546914203,-0.45626319576493324,0
0.6988111776617119,-2.0088523330267334,0.5693561964423357,0.3052077222492148,1,0,0,1,0,0,0.36254597363216995,-0.45943325824927705,1.6084235900038595,-0.6495872660071256,0.45529562614570157,0.14867847561938297,0.49018659450848434,-0.5707218584384828,-0.44261458367518197,0.5086597198181603,0.3326811320584471,0.7472402950850717,0.409579489369247,-0.355829049275804,-0.8212158398737948,-0.19986126682167638,-0.34591576376900557,-0.06775510113654758,0.1359000988749071,0.8843625762614284,-1.0371565855593854,-0.039342339061100406,0.40422766495161017,-1.0301706154879373,-0.49865143385488253,-0.8843625762614284,-0.1359000988749078,-0.5646101035717058,-1.009968447893631,-1.0918738209955157,-1.0130097982875779,-1.0745423112758372,-0.4660546508565234,0.02452383803125581,-0.04256332662598434,-0.9144083514851348,-1.071969215590496,-0.3058860983541368,-0.8220097960730116,-0.5119776069449095,-0.8546384343020056,-0.6463284376377507,-0.7558794686104828,-0.45019798763166347,-0.76555472453303,0
1.1871161624492292,0.33601437037629844,0.27967722576327125,1.0385308760612593,1,0,0,1,0,0,0.4634974696652297,-0.4704812277380702,0.8280395235437853,-0.5639471172918948,0.15200076970104592,0.07399729553722294,-0.731908013578285,1.5770009549281758,-0.45034648153989565,0.3036495796363469,0.33048431809411144,-0.04881589412722965,-0.609941735832599,-0.27469625160383243,0.9741683862766055,-0.4850815146764763,0.3241527991338005,-0.17606823428009996,-0.3224700655433951,0.2532428274968747,0.7432626515417736,-1.1885827975864138,0.128178585794555,-0.08878662544517676,-0.6015421611840702,-0.2532428274968747,0.32247006554339436,-0.4253475354589299,0.5660657690356972,-0.7461646638947628,-0.8579637923516437,-0.6990401460957827,-0.49755964466293656,-0.46483142063624716,-0.3747723420151606,-0.728375060954584,0.7229182807808735,-1.0899443568808573,0.12376363845877164,0.1709126850234604,0.12690220596014448,-0.5723076854318833,0.5337254978059351,0.7374113588002092,-0.08511336124321738,1
-0.9460056132015023,0.5936920300909173,-0.4445202009343899,-0.13478617003801185,1,0,0,1,0,0,1.6244396740454172,-0.6559708207341236,0.21396681550962854,-0.41754875496112887,-0.5656896494921665,-0.1817969260615527,-0.6193770394078721,-1.0238233728702788,2.7168253839543044,-1.6732962299286225,0.13268318743123805,4.314019697260332,1.211302527207683,-0.7250037207917369,-0.033455560521657705,3.223185227400455,-1.3488920774774205,0.4412362922564749,4.948786825267084,0.9756618166055823,0.13684367524868518,1.3717146637794158,-0.4750010033155419,0.9229769607344378,0.25828671776489004,-0.9756618166055823,-4.948786825267085,-0.7595776989295921,-0.18442671521636386,-0.46413877257572894,1.1705547853101694,0.47867119015075044,-1.5057194464681423,2.2266225020350205,0.012804842605544792,-1.720552610450858,0.029018475482663446,1.1104772073715516,-0.33239718205494984,-0.5162996974004062,-0.14386762583630988,-0.2233527107470814,-0.8656330827735822,-0.5429799678216537,-0.08511336124321738,0
-0.14929748012713334,1.0317440516057692,0.27967722576327125,1.0385308760612593,0,1,0,1,0,0,0.526592154685892,-0.48269214138357847,0.2267599969270068,-0.42275660184246044,-0.16894417070376228,-0.04450876866500705,-1.0488964625082515,0.3498689777137271,1.0413419574316978,-2.364401346454057,-2.3507230917719757,-1.1540121945833666,1.0692138678297545,-1.65238548191735,0.17217541017867993,0.71332260364409406,-3.7404489628763224,-3.72374057165221,-2.9113122071840447,1.3134690058789504,-0.19252803997891255,-0.3077246055880429,-0.7067289168785391,-0.5148114823562686,-0.5794527526902004,-1.3134690058789504,2.9113122071840447,-1.5951531076062477,-0.18442671521636386,-0.9796699717610611,-0.5091102789957901,-1.8539937753617073,-1.8207693845322692,-0.7638818564886103,0.9356076631310333,-1.1004416420156866,-0.22078545442469194,-0.3311783002420958,-0.14080963743918734,-0.47740088330094144,-0.6346379459673855,0.31594134103852145,-0.37174181903963527,0.29205785388825667,-0.023255055489598248,0
1.135715637734753,1.2121184134060021,1.4383931084795292,0.3052077222492148,1,0,0,1,0,0,0.1480240445619179,-0.407100771197099,-0.7327286093763631,0.9226038425015356,-1.3634827088403783,-1.0260967344155534,-1.0324909732749898,-0.22569390698784994,0.2867327043605507,-1.2071931249314987,-0.9991322156540211,-0.1781171463693982,1.5384420244741472,-0.08020118236740735,-0.05794034148016758,0.11352546924603699,-0.17542368574308947,-0.1443361582772555,1.116988546947158,-1.3507461849940225,1.3555677555161105,0.25172860812095704,-0.2778910642255786,1.4568929062785343,1.1580046480104846,1.3507461849940225,-1.1169885469471588,0.04814519612450831,0.11577027848446049,0.5456958705343614,0.5245297605771081,0.4274663494443799,0.25856020669096863,1.6557080335896,1.1201682272361313,0.38782468222872474,1.3890620938671545,0.35171115073279,0.33359761589508324,0.13201387092399572,0.7192112130148905,0.5697267771729232,-0.37174181903963527,-0.9326642846196119,0.5953280020465953,1
1.2128164248064663,-0.9008383962538722,0.27967722576327125,1.7718540298733036,1,0,0,0,1,0,-0.7100636717190902,0.9244702882416543,-0.2210013526812325,-0.28098743673954474,1.048156237724814,0.9281353431834843,0.75219315596289,-0.18346231934552407,-0.8760846786895883,1.1881409084459402,0.7487359670570107,1.1740112409797812,-0.5290774920483305,1.1849487053096386,0.35289235633411326,-0.4830404800836944,1.576733052930006,1.044014838184006,1.2405949430219954,0.37080434932556694,0.13804389074265092,0.6053276066290775,0.7122280065413356,-0.04164020992266423,0.045883861246072355,-0.37080434932556694,-1.2405949430219962,1.5243284181199328,0.7161642658861095,1.0642596061854894,0.6149732640397371,1.2808803612172301,1.109195039464111,0.10608304780917345,-0.4301405112466897,1.3800022317249987,0.27882240539001907,0.8069707847160468,0.6072941082033162,0.9099901529132779,0.8376730144258402,-0.1916295312302808,0.03983423407198747,0.23638866577426285,1.0283361423219313,1
-1.7684140086331095,1.2121184134060021,0.27967722576327125,2.9451710759725747,1,0,0,1,0,0,-0.15483044353726144,-0.2937137159173798,-0.6559695208720935,0.3786731682291243,-0.8120252328026295,-0.518533025473927,-2.9459297731894467,-0.4030774781817694,-0.9506923556578168,-1.657412218697698,-1.9681136299342183,-0.8539372736895049,2.1549701108776427,-0.1840172878127426,-0.43469562616158103,0.9697500569705476,-0.8710063982517077,-0.6484458184311979,-0.45503125954306645,-0.7133741297612541,3.912519155728917,0.11776795290257172,2.2741335834831085,1.3753819454338583,1.9255629772180443,0.7133741297612541,0.4550312595430657,-0.3696425082138195,-0.6347222057676005,-0.8371407578686448,-0.26362076959722697,-0.5795621844475838,-1.3166894836296663,0.18764225758709038,0.4557501964577793,-0.728375060954584,3.6650534552452823,0.12408133374116129,0.05077790717657645,1.2211806657089916,1.8022905402007128,-1.3653871733518879,-1.5241547677521787,-1.8790404825575102,0.2860364732784985,0
1.2128164248064663,0.3102466044048362,2.8867879618748513,1.7718540298733036,1,0,0,1,0,0,-0.6343500496942954,0.3778865345855722,-0.7071422465416066,0.749008946457149,-0.2006745132716574,-0.28822878749600833,1.9671626168991838,0.03943504087361596,2.284961641380443,0.5107722304212315,1.2707634481480201,1.2825765818632178,-0.871869087290648,3.724207355012625,0.09773704594281636,1.9515249909549175,1.2252779090217265,1.7317862319197135,1.3843233105508752,0.3763264807979944,0.9857966032859722,0.04378499587351982,-1.1625246988781377,0.524944269379889,0.03869747117131999,-0.3763264807979944,-1.3843233105508759,3.696824480679237,0.19081952690966666,0.3091580262022686,1.3126802907514432,1.8441336089873108,-1.0016395455655394,-0.9541866793037505,-1.482135726645747,0.5118468759157585,0.8339422496285867,-0.02767187758659086,-0.19554893590083341,-0.7496925819971905,-0.5161761445564365,0.5697267771729232,-0.5363722402842841,-0.4316415915936655,0.10046155601764112,0
-0.12359721776989524,1.6501704349208541,0.27967722576327125,-0.8681093238500562,0,1,0,1,0,0,0.8420655797892039,-0.5565390953349852,0.047655457083711085,-0.37935787783136377,-0.4244803068553567,-0.1348416930757635,0.8391499612605562,-0.15309008500987456,0.4363043592915727,0.12307299014433232,0.3993001172904604,1.035890309344198,-0.5894213778063198,0.3133205231020646,-0.1481954117155258,-0.36077689088280734,-0.6762667034589787,0.034479266300266785,0.4407888507730546,0.9756618166055823,-0.8537922733673065,0.0616620358879722,-0.9589886575806394,-0.8368381565625981,-0.48544741588856016,-0.9756618166055823,-0.4407888507730553,0.10385022336961848,-0.3345252120667762,-0.6278957417287164,-0.7029177864157086,-0.9038595089212672,0.3215701943037938,0.10608304780917345,-0.09793149585751397,-0.6043528672675491,-0.9979532363586869,-0.4070549059059717,-1.3724438528262355,-1.5665676780859363,-1.7177172731532073,-0.1916295312302808,-0.20711139779498602,0.29205785388825667,-1.136704559054746,0
0.7502117023761872,-0.9266061622253344,-0.4445202009343899,-0.4281154315628296,1,0,0,1,0,0,3.088236366524784,-0.7280733584504578,0.5210031695267069,-0.48814401268584606,-0.7075345039522706,-0.18269131145175824,1.277780147126434,0.14787184003292472,0.9831282039280808,2.804254460239186,2.31470562592278,-0.4325582936638487,-2.5483793417071676,0.7258660250541196,0.1242980536475903,0.9806609476416696,0.2846266879959364,0.07832752506018151,-0.8773392119444982,0.28017642692511974,-1.051507619581305,-0.07843967960079158,-0.3584995119608543,-3.5061359087657213,-2.9327590956354985,-0.28017642692511974,0.8773392119444975,0.0759977097470634,-0.4846237089171882,-1.746901697607466,-1.0905328012555453,-0.9379960693921812,-2.041304341177158,-0.9541866793037505,-0.7069813574043363,-1.534519319920306,-0.933189254530854,0.07349692996524401,0.4704458620491997,0.2011673182119326,-1.2495111056718362,0.30536694786625534,1.9879608854670021,2.426043398258028,-1.0748462533011267,0
1.2899172118781799,-1.4677292476260335,-0.4445202009343899,-2.334755631474145,1,0,0,0,1,0,0.11016723354952047,-0.39954163417845107,0.32910544826603294,-0.445902587981712,0.13030293114173197,0.03732749453879705,1.0187380886903632,1.4856770988199155,-0.46060423185586935,1.3146063201981153,0.20929992398223238,-0.33331261014679003,0.013424017757939586,-0.04371860173398918,0.9650935820184797,-0.38113081878437277,0.12320831644360199,-0.32831836717941676,0.02438743144227863,-0.4787858038769716,-1.4602632228906942,-1.072328878756168,0.24666169851782985,-1.6537770697421883,-0.5926391354083063,0.4787858038769716,-0.02438743144227934,0.02029268250195297,1.0163612595869336,0.28186519801010423,0.03355074177998182,0.08610074473523979,0.1325402314653172,0.6769975162545934,0.7325910426154264,0.07776919801113909,-1.4420491117495413,-1.2227284167926407,-1.1261170097488256,-0.8469396172458507,-1.3623318689203594,-0.42162258272708253,0.10157064203873102,-0.1254610569666985,-1.3841377820692236,0
-1.9997163698482496,1.2121184134060021,1.0038746524609323,-1.6014324776621007,1,0,0,1,0,0,0.009215737516460692,-0.35883858869342367,-0.06748317567269331,-0.33248725589937944,-0.06235479041035105,-0.019018785044150034,0.874695620171358,0.1604947726322591,-0.09332063942399442,0.9291564521807182,0.25172940567772745,0.52595907122391,0.048622278378173525,0.3795172972445909,-0.07276978099786853,-0.4943635296731701,0.03050362440675813,-0.679268124569523,0.5910554499228551,0.13114384342216406,-0.8370763406096391,-0.29318328137103516,-0.3692152307319566,-1.2249835509167215,-0.9904336709009856,-0.13114384342216406,-0.5910554499228557,0.38237535959517033,-0.03432821836595151,0.11810822885711679,-0.1602567656399366,-0.135786898325702,-0.15100471279239655,1.0847935651441794,0.8433273810784847,-0.4803306735805153,-0.44283339212011924,0.4275877563966659,2.413690957437653,1.791696605834465,1.0576735027604598,2.028993034945732,2.180029710252426,2.5188253784480175,2.265502257394317,1
-2.076817156919963,0.38754990231922204,0.27967722576327125,-0.4281154315628296,1,0,0,0,1,0,1.1323011308842508,-0.6088715823871633,-0.15703544559434116,-0.30124017461138985,-0.6975689362245969,-0.23546004947388327,-0.2619628542593937,-0.049273424797135985,0.9554401625644412,0.07050023761808373,-0.16585678673278736,0.2519600359181372,0.5876505461988442,-0.5364670087548998,-0.3570219408883657,0.3022968238178563,-0.1690043782025467,-0.14041224486000878,0.5791922973583978,-0.23079243079930178,-0.17176578841933068,-0.29002742100718165,-1.0023395551181107,-0.2628231211517506,0.0785367176689093,0.2307924307993025,-0.5791922973583985,-0.4114212786476524,-0.18442671521636386,0.5365982611369737,0.6214335142870673,0.521341890739393,0.06953024385249205,1.6149284287006416,1.397009073393778,0.6048635211810345,-0.3318094232724056,-0.482931511569848,-0.7155722712864762,-1.0738493661593913,-1.0915620371239039,0.5380035976561225,0.12214944469431245,0.013711913318286572,-0.45626319576493324,0
0.13340540580248203,-0.6689285025107157,-0.4445202009343899,-0.8681093238500562,1,0,0,1,0,0,-0.016022136491804253,-0.3576756445367086,0.41865771818768077,-0.4632620775861506,0.27227457711618225,0.08294114943927802,-0.5251323725407674,-0.6776919655366939,0.4705582933535423,-0.9928074200708364,-0.38638067811445703,0.6197385413970872,0.6150719908580362,-0.7194813640089647,-1.1363948744673054,0.6922551443159759,-1.1911122454485814,-0.5237563258439141,-0.19575715951429745,1.0393990221288592,0.011312045629813599,-0.20826194794371172,0.05238070839550896,0.16013226067428307,-0.009032306374155008,-1.0393990221288592,0.19575715951429676,-0.7038726716844818,-1.0850176963188372,-0.1457224436671417,0.22735824919990022,-0.27233314020935756,-0.30852968182446,0.02452383803125581,0.12354118106860354,-0.35630847989348147,-0.3595654154843339,-0.6346847228976005,-1.4454295841084306,-1.2035120798242718,-1.0746389226366257,-1.175048096251087,-1.1948939252628807,-0.9326642846196119,-1.0129879475475077,1
-0.5348014154856993,0.5163887321765315,-0.4445202009343899,-1.6014324776621007,1,0,0,1,0,0,1.750629044086742,-0.6612040694393414,0.6745213465352461,-0.5245989408551672,-0.3638193987606274,-0.1030910117234679,0.7563189957426035,0.3447364083185797,-1.0945346925604005,0.5098129310560986,-0.0707360276668878,0.5256891330332057,0.16710994994406903,0.6698004303236708,-0.30189581682588934,-0.8303680367040445,0.08558448548027586,-0.23511812127380383,1.2002885095193314,-0.47345425101596506,-0.3824232764641216,-0.7755941412219634,0.6618257953599355,-0.6038602686934862,-0.13758678306263655,0.47345425101596506,-1.200288509519332,0.9951306592913848,0.04072103005925432,1.127942871967207,0.459927258103802,0.47867119015075044,1.3297299961089997,1.8188264531454346,1.2309045656991897,0.5738579727592754,-0.22078545442469194,-0.5588081172337243,0.7258959215368835,0.9877877811122063,0.65151875506577694,0.2207718024881207,1.1922471827845313,1.0157572993701793,0.5953280020465953,1
0.33900750466038404,-1.776942439283576,-1.8929150543297122,0.3052077222492148,1,0,0,1,0,0,0.5013542806776271,-0.4792033089134332,-0.1826218084290977,-0.2896671815417641,-0.46758293208315554,-0.1446799323680241,-0.5357862917077421,-0.29990006321395346,-0.3706902618340328,0.1655915193331287,-0.1048098477451519,0.7362235561359265,0.08536342904881088,-0.9815053993734587,-0.8691998796597878,0.3488393483090782,-0.4377170428549543,-0.06436281538398018,0.8111642712127044,0.19961827368027837,-0.23568474922452834,-0.45912310989020183,0.8572959092365269,-0.6577361864439346,0.07342017321519058,-0.19961827368027837,-0.8111642712127051,-0.9545452942874786,-0.8598699510432187,-0.2276009282436361,-0.018131260198663828,-0.18699173903207253,-0.2140147004052217,0.4323198869208419,0.06817301183707392,-0.5423417704240322,-0.3318094232724056,-0.5588081172337243,-0.4692454282090663,0.015317428625603584,-0.24540631275998087,-0.5088613263982832,0.12214944469431245,0.23638866577426285,-0.023255055489598248,0
0.2876069799459088,-1.1069805240255675,-0.8790386569529866,-0.4281154315628296,1,0,0,1,0,0,-0.36935237260751347,-0.11055001123475654,0.29072590401389814,-0.43317229560512366,0.5738371631641362,0.2497440247126055,0.5420033234470245,-0.8239579541934791,-0.43091326034704813,0.910257178564871,0.43807430954638654,0.31982517198376204,0.228614909852972,0.35767263857714804,0.5746865397254363,-0.9429485693017883,0.4723757159007802,-0.5556879222050684,0.9953441571592244,-0.550966827225982,-0.396286528938742,1.7066165101143542,-0.3584995119608543,-0.7612990495375139,-1.1120391576775002,0.550966827225982,-0.9953441571592251,0.18740776423728422,0.340918023760079,-0.4732363819731166,-0.8579637923516437,-0.6478353053894121,-0.34003467563087314,1.247911984700014,0.7879592118469556,-0.9144083514851348,0.5008703430854462,3.9937882225988464,4.439045000518576,3.464345612111422,2.783831180462863,2.790349343348936,3.4970730802096184,3.353863200157928,3.5645266782203247,1
0.930113538876852,1.5213316050635446,2.452269505856255,-0.13478617003801185,1,0,0,1,0,0,-0.4198281206240434,-0.04077336183185243,-0.054689994255315046,-0.34058835104811747,0.4143599156901133,0.2318563169084953,1.2565206101893098,1.0335611090996355,0.6059958850911514,0.5728678245135712,1.2252651415218743,-0.3999548784879788,-1.6995510071770463,1.1597232070060508,1.4995371828534478,-0.23959959672619865,1.1986994778927011,0.7976488609057851,0.03622492998512883,-0.5814181964513455,-0.5884407317325961,0.08360837286390943,-1.069191163714735,0.4147024104941662,-0.8141558295999362,0.5814181964513455,-0.036224929985129536,1.0229831729139398,1.3165582532877582,-0.13662483426975403,-0.23777976860790415,0.2397152668543526,0.006520256239666901,-0.8726274695258333,-0.983822203561983,0.07776919801113909,-0.4150773999081907,0.35171115073279,0.8171280856396278,0.08014878545804377,0.24536400737109418,0.4428340591057229,1.6861384465184783,1.461110804282131,0.34789477903211874,0
-1.9997163698482496,-1.880013503169424,1.0038746524609323,1.7718540298733036,1,0,0,1,0,0,0.009215737516460692,-0.35883858869342367,-0.5152445252809326,0.017017134803318904,-0.609578958241585,-0.2891231728862138,0.11804810640571195,-1.1912486437418737,-0.8188640183524679,-0.08007586180555731,-0.7409191607567827,0.8464872780423768,0.8299756718189021,0.5929861565760874,0.02564332173710223,-0.5523220873814075,0.14133372382164353,-0.6844768754685739,0.6912331826893902,0.4689510326955308,0.42835601514139787,1.660715065235965,0.5643841131155586,0.2483214244406323,0.2949727499333768,-0.4689510326955308,-0.6912331826893908,0.49378541408539117,-0.03432821836595151,-0.16391766246191838,-0.4186667755331612,-0.34060626115118536,-0.37153966943728567,0.9216751455883455,0.6218547041523672,-0.6663639641110671,0.6118943119331598,1.9451198696741894,0.7441423543574326,0.9488889670127426,1.0069041592986248,0.062155904904119784,0.03983423407198747,0.29205785388825667,0.7190446135538346,0
0.5703098658755232,-0.6946962684821769,-0.15484123025532542,-0.13478617003801185,1,0,0,1,0,0,0.45087853266109723,-0.4722256439731428,-0.5280377066983108,0.05462936227960266,-0.9110834054370003,-0.40539327361293004,-0.7845747432092514,-1.433337061478538,0.8588850428791207,-1.1102813754547698,-0.5960268738991319,-0.2764936881468487,0.5049194508327338,-0.41224041583449184,-0.7785933983141228,0.3653968255934531,-0.478930687756233,-0.2680336350847815,-0.12752713319093578,-0.2506245554141756,0.6790645128781598,1.1873223248247224,-0.8069360554491187,1.0250190371661472,0.5131814509138213,0.2506245554141756,0.1275271331909351,-0.3139374809687093,-0.6347222057676005,0.4001341201761507,0.5374502610717695,0.3079883877961804,0.038025250046078915,0.35076067714292497,0.4557501964577793,0.38782468222872474,0.8894542340524437,1.4898602356909325,0.8080048692293539,0.22277777048941236,0.6345956405784983,1.1407440084753266,0.28677986593896093,0.18071947766026855,1.3376276710900281,0
2.7805324285979673,1.2121184134060021,3.176466932553916,0.5985369837740325,1,0,0,1,0,0,-0.3945902466157784,-0.09892056966760585,4.729959855844156,-0.7572161015546452,1.6505767491282666,0.5091157878722031,2.508176860733558,1.5209300703613373,-0.7714858825881991,2.234678194717139,1.774723568879402,2.4069667690088177,-0.9299186020257344,3.2838821562020617,2.2854368321064147,-0.33846786870596396,1.9135529482895495,1.4344286056346196,2.7079691186472448,0.5970847941440487,-0.20646462297060458,0.2019761946731549,0.7145194800954537,-1.1214597241298854,-0.9067872138142695,-0.5970847941440487,-2.7079691186472457,2.359903826796588,1.4666567501381707,-1.06458099280335,-1.051771299771562,-0.3576745413866426,-0.49755964466293656,0.35076067714292497,-0.7069813574043363,-0.9144083514851348,-0.19302946221276363,0.19995793940503753,0.041654690766301246,0.4043055696202447,-0.093098282374475,-0.635754044465484,0.5337254978059351,0.9600881112561845,0.038603250264021984,1
0.004904094016293398,0.38754990231922204,0.27967722576327125,-0.4281154315628296,1,0,0,0,1,0,-0.5207796166571032,0.08133577462322976,-0.15703544559434116,-0.30124017461138985,0.5077234935847349,0.29535767961308645,1.0959330275772179,0.22397221862089872,0.579691083955087,0.8705345538774449,0.7901990973964325,0.8048831101957373,-0.9098286750153456,1.4369637242085254,-0.00142424057816308,-0.16168655298751688,1.1997497137632076,1.1395302764915758,0.7781220325379118,0.3260326064644921,-0.08812433081194443,-0.3088356719156153,-0.9549365242935991,0.01361525889093581,0.08523199604376462,-0.3260326064644921,-0.7781220325379125,1.4964759044973779,0.11577027848446049,0.3728412919839863,0.22735824919990022,0.7176271134471482,0.6366201323679207,-0.7910682597479163,-1.149926711256571,0.38782468222872474,-0.24854144663662048,-0.482931511569848,-0.6608329728248301,-1.0090180093269512,-0.939254006738398,0.37938770007212164,-0.37174181903963527,-0.26463402725168356,-0.3944048900113141,1
1.0072143259485644,-0.6173929705677911,1.0038746524609323,-0.4281154315628296,1,0,0,1,0,0,-0.40720918361991093,-0.07856904692509216,1.1606622403956202,-0.6067671916495102,0.9999681090085364,0.4084974314740834,-0.15025800760224414,-0.64812325158139,0.09385365442115778,-0.6530856850428619,-0.7168046955786539,-0.13096765135452146,0.48755342675719987,-0.16595116818165379,-1.0479961978809447,0.12696175606082713,-0.978858597538258,-1.0011579344497379,-0.5252107151899512,0.3422733367180179,0.04312096535224265,-0.16029008216171656,-7.167690137031337e-4,-0.08834280239841254,-0.04555465295572631,-0.3422733367180179,0.52521071518995055,-0.20252742647848845,-1.009968447893631,-0.17301527185930607,-0.08273376267196997,-0.4600842227993849,-0.4660546508565234,0.10608304780917345,0.40038202722625016,-0.790386157798101,-0.05424950115312168,-0.2553016945782196,-0.33239718205494984,-0.2829068128036209,-0.29617565622181696,-0.2233527107470814,-0.04248097655033679,0.1250502895462747,-0.20882997275045564,0
-0.5348014154856993,1.2121184134060021,-0.4445202009343899,2.9451710759725747,1,0,0,1,0,0,1.750629044086742,-0.6612040694393414,-0.6559695208720935,0.3786731682291243,-1.6901840316650776,-0.8011588087788679,-2.1127538561437027,-0.005397142586292155,-2.241296349401186,-1.0303235952591896,-1.7476557007514417,-0.14101963540837728,1.8487772711175203,0.6680021847837749,-0.20978357416547935,-0.9059954047474271,0.12225015436473988,-0.20320824679249594,1.2994551316290601,-1.4811177417461807,3.605295579305418,-0.20274883176448866,2.1534891855961735,1.5131218666619883,2.073644702384172,1.4811177417461807,-1.2994551316290608,1.050835686536495,0.19081952690966666,1.3007974505175837,0.5503707615664309,0.5810808715634928,1.550264952753888,1.8188264531454346,1.1755363964676604,0.6978801664463103,3.72056543966914,-0.02767187758659086,0.5434315933313949,1.6490676208030963,2.3099839748190667,-0.9529858396334858,-0.8656330827735822,-1.4336869776455579,0.8427612250610729,0
0.2876069799459088,0.5679242641194551,-0.8790386569529866,1.7718540298733036,1,0,0,1,0,0,-0.36935237260751347,-0.11055001123475654,-0.4896581624461761,-0.0061288513359326405,-0.17167082843266893,-0.08028418427322742,-0.7656093851702768,-0.12187928206166423,-0.5424471725762258,-0.6346500671544546,-0.9302922004035906,0.2278501731702589,1.3338877283676622,0.38867156373401884,0.3541988468742042,-1.0915141213162982,0.4807702176594289,-0.44435819903818974,0.5274811195133241,-0.21238889143210804,1.4529545339838195,0.5221117688409898,-0.3553229697027569,1.3340948145726883,0.7755961284276747,0.21238889143210804,-0.5274811195133248,0.18740776423728422,0.11577027848446049,-0.5642124759469986,-1.0000892977929163,-0.7843815472730677,-0.18250970659880966,0.6769975162545934,0.4557501964577793,-0.9144083514851348,1.4445740782910115,0.5793409677244183,0.24236545179233895,0.015317428625603584,0.549980068142106,0.28421816152172197,-0.4540570296619595,-0.5986491559356475,0.34789477903211874,0
0.15910566815972013,1.7017059668637786,1.4383931084795292,1.0385308760612593,1,0,0,0,1,0,-0.5333985536612357,0.11099085061946401,-0.4001058925245282,-0.09871279589293881,0.2556084424433621,0.16164706377736285,-1.0377418621419792,0.5291254818551778,-1.5433867720920562,-0.4779931648593454,-1.0129310794611261,0.4037979003105836,1.2914616948557525,0.8941449726425217,1.2613581462571035,-2.138856037927326,0.943471807950877,-0.3160182007926837,0.6359402782403267,-0.0799856498736912,2.3364244420218343,0.5373595716868447,-0.039482626414236166,1.581268422686484,1.0083297474542667,0.0799856498736912,-0.6359402782403275,0.7166055230658329,1.0163612595869336,-0.30947941282012914,-1.3231018101594472,-0.9550643496276378,0.7941451013999841,0.6769975162545934,0.40038202722625016,-0.6043528672675491,2.582569758980075,0.8069707847160468,0.7806352199985308,0.6376984542170299,1.294597105582359,0.37938770007212164,-0.4540570296619595,-0.5429799678216537,1.0901944480755505,1
-0.09789695541265715,-0.6946962684821769,-1.6032360836506476,-0.13478617003801185,1,0,0,1,0,0,0.19849979257844777,-0.41291549198067434,-0.5280377066983108,0.05462936227960266,-0.7674120683935317,-0.35977961871244907,-0.8702796176068047,-0.6500649708777824,0.39154882078819786,-1.482239001948818,-1.19439778308651,0.04561720284529726,1.3208024759881654,-0.4199864328163518,0.18889261880725974,-0.23451163886993212,-0.9826304928233458,-1.0492697413180714,0.08301123374971872,-0.020113106998745453,0.7904994981161827,1.081463052368916,-0.7709219358286544,1.02804968943241,0.5283679361832112,0.020113106998745453,-0.08301123374971872,-0.007559831120602114,0.8662627627365218,1.9922157647190868,1.5323287991606835,0.9736513169790033,1.2982250023025865,1.8188264531454346,1.9506907657090713,1.3800022317249987,0.9727222106882286,1.33810702436318,0.7167727051266096,0.1709126850234604,0.5838262971166633,1.0455744699249259,-0.12479618717266176,-0.15329565102369538,1.2139110595827887,0
0.8530127518051386,0.5679242641194551,1.0038746524609323,1.7718540298733036,1,0,0,1,0,0,-0.6217311126901629,0.36334973262663384,-0.4896581624461761,-0.0061288513359326405,0.34027432431504806,0.2841778622355176,-0.8637157064655671,-0.22818793777759022,0.864073934965246,-0.8076105342826174,-0.5246309672970686,0.7217411757839065,1.0488800997621601,0.3956855088438201,0.14991278367572863,0.6369951763071839,0.47001318846790435,0.157358725249733,0.8111642712127044,0.17986603418274572,1.5963820132284945,0.4633744415527052,-0.5410992951375575,1.5570867611754076,0.835676119609683,-0.17986603418274572,-0.8111642712127051,0.2152602778598393,-0.03432821836595151,-0.4914316007678933,-0.10857476366129187,0.08610074473523979,-1.0961545269847772,0.4323198869208419,0.06817301183707392,-0.5423417704240322,1.4723300705029398,0.4275877563966659,-0.0039613912850709025,-0.2829068128036209,0.3299795798074865,0.1890486229713212,-0.9479482933959068,-0.9883334727336057,0.10046155601764112,1
0.15910566815972013,-1.880013503169424,1.4383931084795292,1.7718540298733036,1,0,0,1,0,0,-0.5333985536612357,0.11099085061946401,-0.5152445252809326,0.017017134803318904,0.06623390553984086,0.07220852475681191,0.38252975608646644,-0.37497735055752157,-1.9289747721926578,0.38962570134883806,-0.5184348030914152,0.7536069453847518,0.669778444226919,0.9218393188482181,1.2966653954094032,-2.2718500021314703,1.0082165733843618,-0.22629580395975854,0.6912331826893887,0.3422733367180179,0.38917404804679967,1.813639109723973,0.3539829788616027,0.4733711096503774,0.4530568272011794,-0.3422733367180179,-0.6912331826893894,0.605195468575612,0.8662627627365218,-0.6824813981130464,-1.6461143225259778,-1.262293393865864,0.6366201323679207,0.4323198869208419,0.12354118106860354,-0.9144083514851348,0.5286263352973745,2.020996475338066,0.5981708917930423,0.7025298110494701,0.8715192434003977,0.15732544345452057,-0.04248097655033679,0.1250502895462747,0.7809029193074537,0
-0.6890029896291251,2.783952137665177,-0.15484123025532542,3.2385003374973924,1,0,0,1,0,0,-0.5081606796529707,0.05226217070535305,-0.4128990739419065,-0.09581954762553238,0.18437391154867458,0.11424463809647085,-2.0389454434067975,-0.7161413923799104,-0.4711809726579717,-0.6784377602476042,-0.7986678792165494,-1.8402572068461787,-0.10088466797739411,0.5988971736154413,1.2773656523409123,-0.8355108684474001,1.1002142495235245,0.5839295744997973,0.03622492998512883,-2.5458187885554646,3.433614271778882,2.262563404935065,-0.19548767214918555,2.0074792614112327,1.608400935340917,2.545818788555465,-0.036224929985129536,0.744458036688388,1.4666567501381707,0.5911839175213025,0.03355074177998182,0.47867119015075044,1.0146800580448727,-0.22015379130249568,-0.26403600355210183,1.069946747507413,2.4160338057085053,1.413983630027056,-1.1352402261590995,-1.047916823426415,-0.3130987707090945,-0.5723076854318833,0.03983423407198747,-0.9326642846196119,-0.8892713360402683,0
2.7805324285979673,0.0010334127472937634,3.176466932553916,0.3052077222492148,1,0,0,1,0,0,-0.3945902466157784,-0.09892056966760585,-0.5408308881156891,0.0835618449536671,-0.23279196385273812,-0.14065519811209928,1.4186390376352693,1.7817356696042717,-0.0172207671002446,0.3512209285436767,0.1333963773762132,1.2174547605353787,0.6753972518280941,3.532438475596564,2.446172881900234,-0.2205109337564245,1.9948803048722084,1.5970749679552498,2.4925058776261064,-0.8115738940849077,1.5569187880281172,0.005034170997397772,-0.19805085690667662,1.503612346574106,1.3858110369831056,0.8115738940849077,-2.4925058776261073,2.666281476644696,1.6918044954137887,-0.9099216330477515,-0.8708842928463041,-0.135786898325702,-0.40304466324369825,-0.05703537174666111,-0.983822203561983,-0.790386157798101,1.5000860627148682,0.04820472807728505,0.14201007127932075,0.015317428625603584,0.6176725260912207,0.5380035976561225,-1.1125787146405561,-1.4893561657595522,0.22417816752487937,1
0.31330724230314594,0.1298722426046032,-0.8790386569529866,-0.4281154315628296,1,0,0,0,1,0,-0.356733435603381,-0.11055001123475654,-0.13144908275958464,-0.311655868374053,0.2556084424433628,0.15583355874102703,0.6291998963846606,-0.5455237973212674,0.27199430620149007,0.055029981079174166,0.018160496150422395,0.8814368043055587,0.8576620384203738,0.2214026886575085,0.06522391205879777,-1.1258764397647743,0.09430540672452103,-0.6745199184127998,0.2430696413654208,0.9611011618955224,-0.6536948145483201,0.8140884152567818,-1.503222571294302,0.019169672797978096,-0.6821469501040797,-0.9611011618955224,-0.24306964136542153,-0.06326485836571254,-0.25947596364157,-0.9463120706373036,-1.3101813096647865,-1.2110885531594928,-0.40304466324369825,0.4323198869208419,0.34501385799472056,-1.2864749325462383,-0.8036612908751883,0.27583454506891375,-1.1169937933385516,-1.605466492185401,-1.4977167848185873,-0.2233527107470814,-0.9479482933959068,-0.6543183440496418,-1.3841377820692236,0
-1.280109023845593,-0.30817977891024867,0.27967722576327125,-0.8681093238500562,1,0,0,1,0,0,0.22373766658671274,-0.41117107574560174,1.5956304085864812,-0.6455367184327565,0.5328836449143904,0.1826651204471923,0.7272813735312679,-5.2388625036635235,1.671833119623028,1.5398199155954215,3.2886984495194937,0.340120275484027,-3.881490802274445,-0.5242463066484437,-1.1891372217633238,-0.07266722233863655,-0.868445381749963,-0.6968231674261712,-0.36119580761071546,0.8221130942085976,-1.5351231864841495,5.999251633000778,-2.358475431715843,-2.9413329396553034,-4.955781248922168,-0.8221130942085976,0.36119580761071474,-0.3974950218363748,-1.009968447893631,0.5456958705343614,0.42116575661981864,0.03489590402886805,0.41608517572303205,0.758556726032511,1.0648000580046022,0.5738579727592754,-1.5808290728091832,2.8556391376407038,-2.540215553341362,-2.953958714300157,-3.3931056073937746,-2.4439752769230942,1.439192814651505,2.2404794378780473,-2.9305954259097073,0
0.930113538876852,1.0059762856343069,2.452269505856255,1.0385308760612593,1,0,0,1,0,0,-0.40720918361991093,-0.04077336183185243,-0.4128990739419065,-0.07556680975368728,0.007781857006329555,0.027042062551433693,1.200415304437821,1.8502666234932934,-0.47054573832823965,1.6207354269245422,1.5578676449701077,-0.11118111432219577,-2.0869905993538245,1.4642399378462805,1.67981678444163,-0.5189492253095754,1.291546065428106,0.9419051203685038,0.3871222082195544,-0.5355808722489565,-0.20615540888621262,-0.8567454289855215,0.12175786350662665,-0.9088340307210301,-1.1057172134484785,0.5355808722489565,-0.3871222082195551,1.4129183636297125,1.6167552469885829,0.11810822885711679,-0.173177266134598,0.3421249482670949,0.5421051509486824,-0.5463906304141645,-0.762349526635866,0.3258135853852078,-0.10976148557697851,-0.7105613285614767,0.41570656358755365,0.4172718409867329,0.008440404549195996,-0.2550758902638815,1.6038232358961542,1.4054416161681371,-0.6418381130257917,1
-0.1749977424843705,-0.978141694168258,0.5693561964423357,1.0385308760612593,0,1,0,1,0,0,-0.29363875058271866,-0.20067818338017435,0.815246342126407,-0.5529527738757504,0.7220189387996682,0.27299804485794876,-0.9819376565297979,0.1298134642423929,0.8633048887279217,-0.17093646465604298,0.5292458098422169,-0.1060562126123587,0.14667644633159058,-0.5552026326712755,1.2125354322685549,-1.0638307907920324,0.15796346821324436,0.049515127094846165,-0.974766068754056,0.8221130942085961,0.8106562856054886,1.0365183243591096,-2.2492140530716793,0.38755800692677866,-0.6397035888484524,-0.8221130942085961,0.9747660687540554,-0.48105256270404034,1.2415090048625523,0.2545723698179399,-0.354064273059855,-0.27233314020935756,1.109195039464111,-0.46483142063624716,-0.04256332662598434,0.5738579727592754,1.0282341951120857,1.33810702436318,0.8171280856396278,-0.5940973255993336,-0.4146374576327655,1.870377137361731,-0.5363722402842841,-0.2089648391376897,0.6571863078002155,0
0.3647077670176212,1.4955638390920825,0.5693561964423357,1.0385308760612593,1,0,0,1,0,0,-0.00340319948767178,-0.35709417245835107,0.6489349837004895,-0.5193910939738356,0.3711787230387629,0.12676603355934798,0.8462663248112817,1.3409165348162833,-1.649604650985917,0.6142964936220988,-0.42633725767428277,0.020682862380346775,0.48344214626089355,1.149670032363469,1.8432044501336096,-1.2210802272271306,0.8473615542875182,-0.4796552983735615,0.6399373556703797,-0.6064731204975302,-0.028017174867765404,0.006031729376799771,1.0279969521456063,0.010354280403576447,0.0859692737219476,0.6064731204975302,-0.6399373556703803,1.217950768271826,1.9169522406894068,0.381938901381374,-0.3411437725651945,7.593435579547688e-4,0.3530751881102058,1.0032343553662626,0.7325910426154264,0.015758101167622184,0.27882240539001907,0.4275877563966659,1.2915353389738984,1.7138989776355367,1.6161362808406496,-0.09645999267988113,0.7806711296729086,0.514734606344233,0.8427612250610729,0
-1.0488066626304537,-0.4885541407104817,-0.15484123025532542,-0.13478617003801185,1,0,0,1,0,0,-0.5460174906653681,0.13890151038062565,3.2075712671761427,-0.724811720959693,1.7177026093123096,0.6669748092434755,1.0661162119461949,1.1427120775419903,-1.6991592147303973,1.0633023111187898,0.23722453088210896,-1.2882193720886503,-0.39602399367915725,0.4323296694399282,0.39796627996728584,-0.767688236903733,0.7560199984505855,0.18708996024927546,0.19997699316119485,-1.9553123256192222,-1.050481833138029,-1.1697343051722437,1.5513549261901785,-0.6867963347870348,-0.12574657636965803,1.9553123256192222,-0.19997699316119558,0.438080386840281,0.41596727218528484,0.13630344765189217,-0.28946177058654887,0.017827623793410803,0.4475901695294441,0.5138790966987595,0.4557501964577793,0.2638024885416898,-0.5631093583718088,-0.4323471077939307,3.6331608842776704,4.263932346378184,3.5453713323903937,1.1513184016475928,3.634265097913492,2.426043398258028,2.636652091916034,1
-2.3852203052068153,-1.3646581837401863,-0.15484123025532542,1.0385308760612593,0,1,0,1,0,0,3.8327536497686,-0.746680464957899,-0.6175899766199587,0.2629432375328666,-1.9657670040076474,-0.7774575959384219,-1.4436286859921863,-0.2783993978774984,-0.36687992083929627,0.34914905150952535,-0.8300216063002431,-3.708291388167764,-1.304875179324281,-0.34945690977099275,0.5721943309339752,-0.1950799654838489,0.7186039492186075,-0.4772449971233985,-4.63070887053273,-0.4649864905896614,1.658227602972785,0.9553236302672107,0.30550059046630434,0.24087753168447168,0.6131318878098863,0.4649864905896614,4.630708870532729,0.0759977097470634,1.3165582532877582,1.9922157647190868,1.5581698001500064,1.8441336089873108,0.3845801819166189,-2.666930084640012,-1.648240234340335,2.00011320016017,0.8339422496285867,0.19995793940503753,-1.5366617482111748,-1.1775795370912954,-1.0238695791747903,-0.9847090191502859,-0.7833178721512579,-1.0440026608476,-1.5078543935764617,1
0.33900750466038404,-0.35971531085317227,-1.8929150543297122,0.3052077222492148,1,0,0,1,0,0,0.5139732176817596,-0.4792033089134332,-0.34893316685501513,-0.1450047681714419,-0.6590113775404686,-0.25647810614371275,0.057644942943284906,-1.445341147750136,-0.2810496368739108,0.11579551242007695,-0.22389164103850986,0.3313332892070661,0.1818344385066351,-1.0209076390203,-0.7432498482155497,0.033502100031866544,-0.6592185949009065,-0.4344667970434055,0.9153149533513734,-0.45589913793704195,-1.1002355803174348,1.2392047025687423,0.41787064842702165,-0.8101021410424559,-0.13310216655318882,0.45589913793704195,-0.915314953351374,-1.0102503215325889,-0.7848207026180125,-0.3913578973966235,-0.3153027715758717,-0.5454256239766699,-0.24551969421163483,0.758556726032511,0.34501385799472056,-0.9144083514851348,-1.0257092285706153,1.1863538130354276,0.06902433999712428,0.2746428559553643,-0.07617516788719629,0.15732544345452057,0.8629863402952329,0.6817421706862145,0.038603250264021984,0
-1.9997163698482496,2.8097199036366387,1.0038746524609323,3.2385003374973924,1,0,0,1,0,0,-0.0412600105000692,-0.347209147126273,-0.5152445252809326,0.025696879605538233,-0.5690568034191699,-0.28688720941070006,-2.3068692067864642,-1.55400902559165,-0.373672014707119,-1.5243972404815047,-2.012956544900306,-1.1082860254963491,1.4309972638931725,0.46298773013488936,0.049821577588809125,-0.6776686759596133,0.08558448548027586,-0.7337708390240059,0.8018189915875111,-2.3068042678431766,3.6703696721922094,2.1828363197629734,-0.17016950303021688,2.144226436757129,1.900557687457826,2.3068042678431766,-0.8018189915875119,0.2152602778598393,-0.18442671521636386,-0.6824813981130464,-0.8967252938356269,-0.8185181077439823,-0.6235796198885869,0.758556726032511,0.40038202722625016,-1.1624527388592034,2.9433976577351446,1.6416134470186852,-0.6517097564145549,-0.6329961396987983,0.17767154942198057,-0.0647368131630805,-0.04248097655033679,-0.9326642846196119,-0.45626319576493324,0
0.5703098658755232,1.3667250092347738,1.7280720791585935,-0.13478617003801185,1,0,0,1,0,0,-0.4703038686405733,0.017373846003900996,2.1329440281163685,-0.6762051500672649,1.3631993731743925,0.5359473495783684,1.0158983907922232,0.16962398054214298,-0.21207689555946457,1.4665133554613528,1.1813951879995368,0.15298576571398237,-1.1353470145608469,1.577633107872433,0.16389115177315777,-0.36718644335067235,1.586056473675262,0.9552947342085272,-0.11207882534413707,0.3198127523248422,0.1637209705968553,-0.06863167855840126,-0.07907074339397696,-0.4084584823341632,-0.6032122294469959,-0.3198127523248422,0.11207882534413637,1.3293608227620468,0.04072103005925432,-0.30947941282012914,-0.44450777652248397,0.17144214591252482,-0.11949971898598452,-0.8726274695258333,-0.9284540343304539,-0.046252995675895824,0.5563823275093027,0.4275877563966659,1.5469853984615822,1.2600794798084554,0.9899810448113461,0.8235122133073248,1.0276167615398821,1.3497724280541432,1.3376276710900281,1
-0.12359721776989524,0.7482986259196881,1.0038746524609323,0.3052077222492148,1,0,0,1,0,0,0.43825959565696476,-0.4652479790328524,-0.3617263482723934,-0.1102857889625646,-0.6376894449286188,-0.2725770431674119,-0.23945034470728702,-1.7913049677341712,-0.2764343854140445,-0.39710999772006367,-0.38598154351495345,-1.0503375775109882,-0.48169135133968516,0.5593563473806519,0.7342870947686561,-0.6865045517133664,0.5689726915897407,-0.2599221635080563,-0.946287449071263,-0.49401881205127574,0.8918638047911086,3.194214976842773,-0.3119758027576264,1.1006535688824561,0.24803150746650138,0.49401881205127574,0.946287449071263,0.6609004958207222,0.8662627627365218,0.4547197765604794,0.007709740790658993,0.2397152668543526,0.29006520049738066,-0.6279498401920818,-0.26403600355210183,0.5738579727592754,0.8339422496285867,3.007392348968456,0.041654690766301246,-0.127311556405765,0.31305646532020776,-0.2550758902638815,0.6160407084282594,0.4033962301162448,0.5334696962929761,1
0.8530127518051386,0.20717554051898904,1.0038746524609323,-0.13478617003801185,1,0,0,1,0,0,-0.6595879237025604,0.6017532847532229,-0.4001058925245282,-0.08713980282331305,0.6104175268223679,0.5301338445420326,1.0956750532720694,0.04618133915894164,0.4257542632731746,0.9571670284243193,1.0812009049039757,0.6175185458864024,-0.9017666060153124,0.7356596482515481,-0.033455560521657705,0.5868962067310326,0.6003630716122551,0.3709994877744845,-0.06904425348519842,0.910698895591472,-0.788500380743186,-0.09690038340327962,0.007753746963602173,-0.697761159277604,-1.0434053386120066,-0.910698895591472,0.06904425348519772,0.5216379277079463,-0.18442671521636386,-0.46413877257572894,-0.10857476366129187,0.13730558544161034,-0.9386295579527137,-0.709509049969999,-0.762349526635866,-0.35630847989348147,-0.7481493064513315,-0.1035484832504671,-0.031331040515893936,-0.02358138547386016,-0.29617565622181696,-0.5405845059150832,-0.04248097655033679,0.45906541823023866,-0.20882997275045564,1
0.004904094016293398,0.6709953280053031,0.27967722576327125,-1.161438585374874,1,0,0,1,0,0,-0.571255364673633,0.1598345052014969,-0.438485436776663,-0.01480859613815197,0.2862315061001322,0.1343683093760948,1.2168220337776996,-1.6386332125055665,0.4623314502517388,1.1540446600529621,1.5739988111342123,0.24120511018054833,-1.4759884380116988,1.4186605673283919,-0.2819979541618291,-0.022225397244236448,1.1742148827488106,1.2496221551624014,0.4073962731842086,-0.07507566165750797,-0.27451173539352197,1.9665761493932599,-0.6543569615107108,-0.39470850533657503,-0.8262627272860325,0.07507566165750797,-0.40739627318420935,1.217950768271826,-0.3345252120667762,-0.23669853764102378,-0.21193876761858224,0.2567835470898098,0.16404522527173035,-1.1173050988595852,-1.3713993881826885,-0.17027518936292965,-0.05424950115312168,2.400379503657447,0.9904691974348425,0.45617065508619664,0.2622871218583729,0.7600658542737248,0.8629863402952329,0.9044189231421907,0.47161139053935697,0
-1.7427137462758722,0.15564000857606544,0.27967722576327125,-0.4281154315628296,1,0,0,1,0,0,1.0187306978470585,-0.5861941713312195,-0.0035172685858019803,-0.3533186434247058,-0.5285346485967554,-0.17777219180562792,0.29711494538102384,0.5326105949217945,-1.1307341260887862,0.5088196446591823,-0.43384252291650266,-0.794398598908978,0.25360694733177797,-0.40646175407072843,-0.3055726643482814,-1.0108969164431025,-0.3817319899912765,-0.7475577994513815,-1.4375436385994584,0.3422733367180179,-0.8192773596067258,-1.0371407435165216,0.5298975196824787,-1.06590142045413,-0.1658281631972143,-0.3422733367180179,1.4375436385994576,-0.44623692067584636,-0.3720498362793791,-0.29355859637470005,-0.7513696632706881,-0.8441205280971675,0.2270552128845555,-0.5260008279696852,0.15122526568436812,-0.24778906041732607,-0.9146852597229018,-1.1658209625447336,-0.9801455471844351,-0.5940973255993336,-0.939254006738398,-0.5405845059150832,-0.6186874509066087,-0.5429799678216537,-1.0129879475475077,1
1.2128164248064663,1.2378861793774645,2.8867879618748513,-1.6014324776621007,1,0,0,1,0,0,-0.6343500496942954,0.40405277811166124,-0.09306953850744984,-0.33248725589937944,0.8587817008212933,0.567698030930664,3.4009614584472403,0.21505209013339133,1.782616796035135,2.0515846975273124,2.356127949188571,1.3690145549169872,-1.9293451001136457,3.8695107356653895,-0.004460813420431498,2.081493761586245,1.7265254341268292,2.277729331811647,1.6813619367772266,0.19961827368027837,-0.86275016252958,-0.2996344876396857,-0.3451963862951384,-1.0595655031595315,-0.8393223591128877,-0.19961827368027837,-1.6813619367772272,3.8917920760371234,0.11577027848446049,0.381938901381374,1.4548057961927168,2.2367040544028214,-1.0016395455655394,-0.8726274695258333,-1.482135726645747,0.7598912632898273,-0.47058938433204756,0.4275877563966659,2.441060606668476,1.8305954199339287,1.1761353041714093,2.0607162144625315,1.933084078385452,2.2961486259920414,2.389218868901558,1
0.18480593051695732,2.8612554355795634,1.4383931084795292,-0.13478617003801185,1,0,0,1,0,0,-0.48292280564470574,0.017955318082258528,0.7896599792916505,-0.5494808759548626,0.994289405918501,0.438459342045968,0.6375428000333428,0.8805611683864828,-1.9023497990881895,0.4217227561176442,-0.5756791651039314,0.13985319438630708,0.735629037875878,0.9163841917061593,1.8732071337095881,-2.427318201081554,1.0621881533474877,-0.3224345115497425,0.5061221547512287,-0.31122271395962636,0.02912150396834026,0.6679399468939844,0.16135520203703055,0.4835273541984026,0.4336165653348032,0.31122271395962636,-0.5061221547512293,0.577342954953057,1.3165582532877582,-0.7461646638947628,-1.7623988269779296,-1.3647030752786062,0.6051151385615076,0.18764225758709038,-0.04256332662598434,-0.9764194483286528,0.08453045990652028,0.7310941790521709,0.269735101023162,0.31354167005482897,0.49921072468027106,0.09387908442092041,-0.20711139779498602,-0.3759724034796717,0.22417816752487937,0
0.5189093411610479,0.4133176682906843,-1.6032360836506476,-0.8681093238500562,1,0,0,1,0,0,0.6654004617313493,-0.5297913797305387,2.299255386542286,-0.6860421941764467,0.4694166890091597,0.12274129930342319,0.15101282164219454,-0.3707923146111038,0.42970237161151065,0.20957737295390463,-0.017845938204944272,0.7880792497080664,0.2330406483153064,-0.5236038802533614,-0.7764598413637281,0.5223574252906821,-0.99191213037266035,-0.6554008517968246,0.21285636891661422,0.8637377478704314,-0.7331658322659695,-0.2689163355414063,-0.06249870064851306,-1.2666885990820076,-0.6166707746661074,-0.8637377478704308,-0.21285636891661494,-0.4253475354589299,-0.6347222057676005,0.391036510778763,0.6149732640397371,0.15437386567706757,-0.08799472517957138,1.0847935651441794,1.0648000580046022,0.07776919801113909,-0.6926373220274746,-0.2553016945782196,-0.0039613912850709025,-0.03654765684034838,-0.5330992590437151,0.37938770007212164,0.2044646553166367,0.7374113588002092,0.038603250264021984,0
1.8296227213801723,1.7274737328352407,-0.15484123025532542,1.0385308760612593,1,0,0,0,1,0,4.627746681028945,-0.7617987389951949,-0.38731271110714993,-0.09871279589293881,-1.6305431722668164,-0.5095891715718719,-1.7655951176802052,0.3919926862115268,-0.6164282797886846,-1.3296206073553345,-0.8968418149595027,0.5862636424360933,1.085304381853325,-0.39094486450355725,1.2110305178118335,-1.0185060861931912,-0.6326982453371105,-0.44665543861031753,0.5873904109192033,0.21702702713573208,2.06447548823581,0.6751615239783627,-0.18082228333090652,1.1688589109568774,0.7298661817646772,-0.21702702713573208,-0.587390410919204,-0.2582324537235989,1.391607501712964,0.5729886987265271,-0.08273376267196997,-0.32353798091572933,1.3927399837218248,0.9216751455883455,0.6772228733838963,0.015758101167622184,1.9441819381057224,0.6552175733882943,0.06902433999712428,-0.03654765684034838,0.43151826673115745,0.062155904904119784,-0.6186874509066087,-0.5986491559356475,0.40975308478573785,0
1.2385166871637046,1.9336158606069351,-0.4445202009343899,-0.4281154315628296,1,0,0,1,0,0,-0.7731583567397526,1.927509623408401,-0.08027635709007157,-0.337695102780711,1.6353381714915332,1.743367626355806,0.45498704770940157,-1.0082795861440519,-0.22148338393226794,0.5825032495450261,0.9499235846528962,-0.11868189306647636,-1.1567283031616733,-0.29291425416500855,0.23741182287393198,-0.9313042470594134,0.18853734885044532,0.37322217146062076,0.08301123374971872,-0.24419747799268982,-0.9253470369109976,1.6217293271795314,-0.6330957480828192,-0.599973902402588,-0.8705683748429424,0.24419747799268912,-0.08301123374971872,-0.3417899945912644,0.11577027848446049,-0.2821865846279648,-0.7029177864157086,-0.596630464683041,0.8256500952063961,-0.30171300108041293,-0.3747723420151606,-0.29429738304996345,-0.9701972441467586,1.1104772073715516,-0.7520651369275744,-0.9312203811280227,-1.0746389226366257,-0.4136917878478824,0.6983559190505837,0.6260729825722207,-1.0129879475475077,1
0.004904094016293398,-0.978141694168258,-1.168717627632051,1.0385308760612593,1,0,0,1,0,0,-0.7605394197356201,1.6774766297146613,0.815246342126407,-0.5529527738757504,2.018456729325842,1.7174304500398463,-1.6087692063793555,-0.6185692748046778,0.7876269506017004,-0.6037302651878075,0.06032734653616583,-0.27645689423927144,0.22514205736183798,-1.2485737302729012,-0.0016203610962644702,-0.7173238839941581,-0.3504127200302212,-0.32904520218978106,-0.8773392119444982,0.4930801176436278,0.9894725834619704,0.8473825000331761,-1.7975537520940366,0.4681373839875151,-0.39967710157336467,-0.4930801176436278,0.8773392119444975,-1.2052179168904753,-0.10937746679115769,-0.31857702221751816,-0.625394783447741,-0.71610842633123994,0.3215701943037938,-0.9541866793037505,-0.7069813574043363,-0.6043528672675491,1.055990187324014,0.9587239960437993,0.39441905863024657,-0.6416403206097898,-0.4315605721200442,1.2570623333702609,-0.7558794686104828,-0.6357619480116439,0.2654170380272921,1
0.5703098658755232,-0.23087648099586283,1.7280720791585935,-0.8681093238500562,1,0,0,1,0,0,-0.4703038686405733,0.017373846003900996,-0.7199354279589849,0.7605819395267748,-0.6494342195865163,-0.5744321123617714,1.4619918429432563,-0.13176036543448197,-0.5653423659188536,1.4067588990876958,0.9995518957301661,-0.6858071652047902,-0.9661992987988958,1.4800144748066013,-0.09258444221303552,-0.33018849104529274,1.8334102156670324,1.3098373832171324,-0.16027754582615011,-0.7763978591033001,-0.5541222216919252,0.08809617483327406,0.4410343630486076,-0.08246233042673584,-0.020665152916535697,0.7763978591033001,0.16027754582614942,1.245803281894381,-0.18442671521636386,-0.30038180342274146,-0.4186667755331612,0.2909201075607231,0.006520256239666901,-1.0357458890816678,-1.0945585420250417,0.015758101167622184,-0.5816133531797613,-0.02767187758659086,-0.31415074923440073,-0.0495139282068366,-0.07617516788719629,-0.5723076854318833,0.2044646553166367,-0.15329565102369538,-0.6418381130257917,0
0.6731109153044746,-1.7511746733121147,-1.168717627632051,0.3052077222492148,1,0,0,1,0,0,-0.4198281206240434,-0.01751447869755106,1.0199372448044592,-0.5807279572428522,0.9721167427411503,0.43532899318024865,7.996860467152584e-5,1.2989786747619818,0.2592971764485487,-0.2024403944318288,-0.1976900814794188,1.2841032274179973,0.5654142256169227,-0.3686280247618629,1.7977727667039451,-0.6934760089259491,-0.44392854945642557,-0.8700516884158799,0.356369413048447,1.3979208031972914,-0.36843997722197397,0.018080295311219432,-1.0513444371112275,-0.16670803800470274,-0.5924293439319979,-1.3979208031972914,-0.3563694130484477,-0.14682239923337803,2.2171492343902317,1.0096739498011607,0.44700675760914055,0.2397152668543526,0.8256500952063961,1.166352774922097,1.0648000580046022,0.38782468222872474,-0.47058938433204756,-0.17942508891434333,-0.5837924786936235,-0.9946110411419641,-0.9862626580919494,0.023383129939142485,-0.7558794686104828,-0.17185204706169332,-0.5249946466022879,0
-0.25209852955608386,1.6501704349208541,1.4383931084795292,-0.8681093238500562,1,0,0,1,0,0,-0.7479204827314877,1.6745692693228735,0.03486227566633282,-0.36778488476173804,1.504439193439837,1.572092824131451,1.3058768790867574,0.13635824849176303,1.198539908698498,1.286708669243436,1.255202014982258,2.0113614501234083,-1.3310934533766399,1.1928406162706213,0.24112894790003478,1.07784416487456,1.4785408192696043,1.766034361325621,1.7556215933338128,1.002053003267564,-0.6239812999726692,0.05440171126173017,-0.555314767711528,-0.2721646337513465,0.09236472893037712,-1.002053003267564,-1.7556215933338135,1.4129183636297125,0.491016520610491,0.764038496071679,1.2609982887727984,1.9124067299291387,0.006520256239666901,-0.30171300108041293,-0.983822203561983,1.1939689411944467,-0.859173275299045,-0.482931511569848,-1.582277830262547,-1.5665676780859363,-1.5484861282804228,-0.5088613263982832,-0.7010026615289333,-0.32030321536567735,-1.3222794763156045,1
1.110015375377516,-1.776942439283576,1.4383931084795292,0.3052077222492148,1,0,0,1,0,0,-0.7353015457273552,1.212298967028634,-0.1826218084290977,-0.2896671815417641,1.233403631595423,1.1562036176858892,0.11271582208558845,0.2873360508401919,-0.6756771950994312,1.286268270992914,0.041183183182226094,0.9796144578214363,0.5626399890949599,-0.07861907384859167,0.060821896307279924,-0.5814354351218197,1.179483786753587,0.19223764453825556,0.9676977049346941,0.3763264807979944,-0.2352893466665693,-0.33344770670295615,0.3393868221431224,-0.568109518341835,0.13414248874708812,-0.3763264807979944,-0.9676977049346949,-0.03541234474315745,0.11577027848446049,0.1908891040362222,-0.1473362651452761,0.32505666803163763,0.006520256239666901,0.8401159358104279,0.40038202722625016,-0.10826409251941274,-0.4150773999081907,-0.5588081172337243,-0.8524205174405927,-0.5681647828663581,-0.7361766328910565,-0.3819686083310823,-0.5363722402842841,-0.4316415915936655,-0.332546584257695,1
-0.5862019402001745,1.2121184134060021,-0.4445202009343899,2.9451710759725747,1,0,0,1,0,0,0.980873886834661,-0.5803794505476442,-0.6559695208720935,0.4047124026357823,-1.4576827254211728,-0.759122695439209,-2.7271196669265376,-0.07744945317924753,-1.487570979818203,-1.3734270671515745,-1.6864749251796394,-1.1162821046991933,1.327086556382068,0.039804392282629684,-0.3598781384451968,0.008542610198371554,0.025408935882519443,0.17065188154716898,-0.1227108960387,-1.4007724800268284,3.831898362082658,-0.2542162138173582,2.042143862737478,1.8806064274696341,2.3591083471074072,1.4007724800268284,0.1227108960386993,-0.03541234474315745,-0.40957446049198204,-0.2548937564358004,-0.21193876761858224,-0.18699173903207253,-0.05648973137315825,-0.13859458152457876,-0.09793149585751397,-0.17027518936292965,3.8871013929407097,-0.1035484832504671,0.4613226456389258,1.5064386357717279,2.343830203793623,-0.9212626601166852,-0.9479482933959068,-1.4893561657595522,1.0283361423219313,1
0.6731109153044746,1.7274737328352407,0.27967722576327125,1.0385308760612593,1,0,0,0,1,0,-0.8236341047562825,7.928301472058154,-0.38731271110714993,-0.09871279589293881,2.3656848029605952,6.173705656738796,-2.31911172076688,-0.43160284316359,0.8109927178604679,-0.9778163874760405,-0.3571152422108616,0.16091449430867116,0.2021416831992696,-0.6489275036540659,0.34403854990616783,1.0512425683262125,0.04440334013220761,0.6680426400629023,0.5061221547512287,-0.28249761283093816,2.576380585593451,0.9370387140381815,-0.05225681401109303,1.3649964480104446,1.1164809190096452,0.28249761283093816,-0.5061221547512293,-0.8431352397972577,-0.18442671521636386,-1.3557044935197728,-0.7029177864157086,-0.6478353053894121,-1.2536794960168407,-1.0357458890816678,-1.3160312189511594,-1.5965304167638241,1.916425945893794,0.5034643620605421,-0.8250508682097696,-0.723760039264214,-0.194636969298146,-0.4771381468814831,-0.9479482933959068,-1.1553410370755877,-0.5799798072721716,1
-0.6890029896291251,1.2378861793774645,-0.15484123025532542,-0.4281154315628296,1,0,0,1,0,0,-0.5081606796529707,0.05226217070535305,-0.7966945164632545,1.9207744947567582,-1.0965742900288764,-1.444221904336629,0.4243603366680644,0.7102114551712211,0.0945022541392307,0.4799500166729218,0.2889743912783174,0.04070965524948165,-0.44794375548951043,0.26704323041003086,1.1673078890521325,-0.9689702853615004,0.9828832829642746,0.7038453837924313,0.2430696413654208,-0.18555039652161812,-0.3232569288616143,0.19459590725795134,-1.1029094369028063,0.32622872975858846,0.31148716342377003,0.18555039652161812,-0.24306964136542153,0.15955525061472892,0.9413120111617277,-0.2912841940253525,-0.7287587874050313,-0.34060626115118536,0.6366201323679207,-0.5463906304141645,-0.7069813574043363,-0.10826409251941274,-0.38732140769626244,0.04820472807728505,-0.3688900476960481,-0.8534227529290943,-0.685407289429221,0.7600658542737248,-0.20711139779498602,-0.32030321536567735,-0.5181215015185524,0
0.930113538876852,-0.7204640344536393,2.452269505856255,1.0385308760612593,1,0,0,1,0,0,-0.40720918361991093,-0.04077336183185243,-0.579210432367824,0.14142681030179596,-0.29785991890333213,-0.14065519811209928,0.7278713670587856,1.8182313695893342,-0.8932778009609483,1.0562228327020662,0.7103718994901234,0.11939062707043148,-0.5528989979137906,1.4721246593467217,1.8451808646881447,-0.6159094381739321,1.5244489602533198,1.1959814162133175,0.22845561284398783,-0.06374491962016399,0.45880675985459723,-0.6471179321912736,0.602211091612071,0.08472858845836437,0.24412481355147686,0.06374491962016399,-0.22845561284398855,1.357213336384602,1.6918044954137887,-0.027453521501095285,-0.3411437725651945,0.2567835470898098,0.6051151385615076,-1.1173050988595852,-1.3160312189511594,0.20179139169817292,0.19555442875423396,-0.7864379342253526,-0.7246954876967501,-0.3347718982695729,-0.2792525417345383,-0.857816301083085,-0.8656330827735822,-0.9883334727336057,-0.8274130302866491,1
-0.2263982671988458,0.8513696898055362,-0.8790386569529866,1.0385308760612593,1,0,0,1,0,0,-0.6974447347149578,0.7616581063015448,-0.68155588370685,0.6014532848194204,0.14745149687861508,0.12095252852301216,-1.0145452205481316,-0.053254465269882006,-0.08993402009381975,-0.412503594617832,-0.2638689402912458,0.8249041793702773,0.6778215351824304,-0.6620877743337558,0.11685364454230884,0.37542084095306955,0.15796346821324436,0.28619228236272154,0.8355570349801581,0.29637562078413626,0.7491995229691576,0.19015484074861824,0.5002045579857151,0.7138996148935057,0.6224536065338547,-0.29637562078413626,-0.8355570349801588,-0.7317251853070371,-0.10937746679115769,-0.6278957417287164,-0.354064273059855,-0.27233314020935756,-0.6235796198885869,-0.22015379130249568,-0.5962450189412776,-0.8523972546416179,0.41760236644966076,-0.1035484832504671,-0.7885580025686714,-0.4385020692014777,-0.14386762583630988,-0.9212626601166852,-1.277209135885205,-1.32234860141757,-0.6418381130257917,0
-0.5862019402001745,1.109047349520155,-0.4445202009343899,1.478524768348486,1,0,0,1,0,0,0.980873886834661,-0.5803794505476442,-0.7583149722111197,1.2090354209747733,-1.913965681136189,-1.3807205416320378,0.15842642468414622,-0.35772195534713597,0.38323123382448654,-0.757210468154844,0.12310388400940564,-0.5020508026182117,-0.31472857716031427,0.20625589885770873,-0.46850279462815575,0.012019159443049212,0.22295163932911075,0.5740369729997336,0.25295560183580257,-0.9356157016516281,-0.014207336150587453,0.02164879520039872,-0.5118118388434558,1.2440175204265185,0.4003942985595133,0.9356157016516281,-0.2529556018358033,0.2152602778598393,-0.40957446049198204,0.10901061945972781,0.09815324425328795,0.18851042614798086,0.4475901695294441,0.02452383803125581,-0.09793149585751397,0.2638024885416898,0.11228645211844858,0.19995793940503753,0.5525548097416701,0.1838789563899486,0.6853649840403343,0.3476645205553221,0.7806711296729086,0.3477270420022505,0.2860364732784985,0
0.004904094016293398,-0.35971531085317227,-1.168717627632051,0.3052077222492148,1,0,0,1,0,0,-0.7605394197356201,1.6774766297146613,-0.34893316685501513,-0.1450047681714419,1.2375307746283346,1.4021595999924041,-0.29498841913688084,-0.3774320628852284,-1.3868008758985704,0.25830742689525266,-0.008821673277112295,-0.8831182842538743,-0.7713307500293296,-1.0717985506282979,0.38884255524395445,-1.0093261515680318,-0.14644813734184906,0.038064302782812406,-0.8822105547849753,-0.3295023237687909,-0.6607399055465435,0.9075712870575144,0.8815278121748107,-0.4941721352336971,0.048630990362236566,0.32950232376879157,0.8822105547849747,-1.17736540326792,-0.18442671521636386,-1.446680587493655,-1.6461143225259778,-1.603658998575004,-0.18250970659880966,-1.4435419379712537,-1.3160312189511594,-1.534519319920306,-0.5816133531797613,0.9587239960437993,0.2606118846128881,0.6895635396829819,0.43151826673115745,-0.1916295312302808,0.5337254978059351,0.4033962301162448,0.16231986177126023,1
-0.25209852955608386,0.8513696898055362,1.4383931084795292,1.0385308760612593,1,0,0,1,0,0,-0.7479204827314877,1.6745692693228735,-0.68155588370685,0.6014532848194204,0.44498297934688336,0.8230450598343368,0.23375910146473533,0.19198746129360542,0.6305257854311797,0.7458880652757072,1.1660849592572533,1.7400810667484041,-0.4267735195456353,1.1028963743059086,0.34919685452071014,1.0488546253727096,1.4853745622890737,1.9284242828099252,2.110417730215288,0.28017642692511974,0.7769533412607045,0.08630892738231671,0.19204787592183803,0.46522533397196014,0.3667634176625125,-0.28017642692511974,-2.1104177302152882,0.9672781456688292,0.26586877533487285,-0.1457224436671417,0.4082452561251572,1.0248561576853752,-0.40304466324369825,-0.6279498401920818,-1.3713993881826885,0.20179139169817292,0.5286263352973745,-0.1035484832504671,-0.5331079430809875,-0.3607044410025493,-0.1607907403235886,-0.5405845059150832,-1.0302635040182315,-1.0440026608476,-0.45626319576493324,0
0.6731109153044746,0.0010334127472937634,0.27967722576327125,-1.161438585374874,1,0,0,1,0,0,-0.8236341047562825,7.928301472058154,-0.7839013350458762,1.6719551437598041,1.1681743538733984,4.805296009724367,0.13977283479288127,0.32855003067394056,0.8804831101280228,0.45766624981313436,0.5462309772375937,0.8980225569593235,0.28913234000380605,-0.728493122055577,0.8199063217641644,0.7504754677538082,0.30882784909585753,0.9660827433306874,1.8738869722943035,-0.6337026228571595,-0.9222592732128592,0.37041892624327816,-0.4494944383894247,-0.31204916865370874,0.23306474351579456,0.6337026228571595,-1.8738869722943043,-0.9545452942874786,0.04072103005925432,-1.6741208224283601,-1.1163738022448682,-0.9550643496276378,-1.1906695084040155,-0.13859458152457876,-0.8730858650989243,-1.9065859009814097,-1.0257092285706153,-0.1035484832504671,-1.1899795246207467,-1.2035120798242718,-1.2269469530221315,-0.12818317219668063,-0.6186874509066087,-0.9326642846196119,-1.3841377820692236,1
-1.7170134839186342,0.5679242641194551,0.27967722576327125,1.0385308760612593,1,0,0,1,0,0,0.7158762097478791,-0.5379319888275442,1.2885940545694028,-0.6177615350656547,0.19393742829040758,0.06371186354985958,-2.088968548352102,-0.7162418020249465,-1.4709363749619695,-0.8233276214867618,-0.9716255863303749,-1.2909371320728458,0.2998151421380667,-0.43313600490955445,0.2365346395235743,-1.3412718274690876,-0.1501362555824991,-0.759291095955905,-1.3475953222069719,-0.4241556457943308,2.4719772249965604,1.2200195604398167,0.6629704663887656,0.9633899589414363,0.5218608773494358,0.4241556457943308,1.3475953222069719,-0.5089050763265954,0.04072103005925432,-0.4914316007678933,-1.0646918002662225,-1.05747403104038,0.19555021907814235,-0.5463906304141645,0.06817301183707392,-0.4183195767369984,2.610325751192004,1.413983630027056,0.5799244589724931,0.858125067447326,1.243827762120523,-0.5088613263982832,0.36909507656128593,0.18071947766026855,0.5953280020465953,1
-0.09789695541265715,-1.4677292476260335,-1.6032360836506476,-2.334755631474145,1,0,0,0,1,0,0.19849979257844777,-0.407100771197099,0.38027817393554597,-0.45863288035830035,0.09928514294743461,0.04135222879472184,0.7819912770827785,0.943075115061726,-0.1981165817883814,0.20015830170067292,-0.6082801150174735,-0.3401074749216299,0.5789233800375004,-0.40527830567881395,0.12721188352250026,-0.02006549395252425,-1.16633824193197,-1.1863200047055116,-0.1354762624713289,-0.3295023237687909,-1.4923272143475854,-1.1669621196128996,0.25066811793606886,-1.4269219879003547,-0.36741664551336817,0.32950232376879157,0.13547626247132818,-0.03541234474315745,0.7161642658861095,1.7647755297843817,1.4806467971820387,0.8371050750953478,0.9201650766256344,1.5741488238116832,1.839954427246013,1.069946747507413,-1.488309098769422,-1.3597278436857505,-1.4657033983534855,-1.1386807229918314,-1.531563013793144,-0.6463284376377507,-0.2985727429309022,-0.4811253143616605,-1.6246978599999657,0
1.2128164248064663,1.7017059668637786,0.27967722576327125,0.3052077222492148,0,1,0,1,0,0,0.1480240445619179,-0.4018675224918812,-0.19541498984647596,-0.2896671815417641,-0.27820839517963436,-0.08520330391935772,0.210551166132281,0.23762584315955393,-0.19924567829240086,0.030366796429497238,-0.18907870414928268,0.33346281605592726,0.6754361687178426,-0.2529914687507226,0.6428273245691191,-0.760396462308871,0.07027354682522506,-0.34180916311706816,0.9477123177844309,-0.4851260289008703,-0.5455626165587842,0.3178213749995057,-0.4917495952696992,0.02865846322250781,-0.08789854432238678,0.4851260289008703,-0.9477123177844317,-0.2582324537235989,0.5660657690356972,-0.06384395909064733,-0.44450777652248397,-0.3918111018575571,0.25856020669096863,1.166352774922097,0.7325910426154264,-0.35630847989348147,-0.4150773999081907,0.5034643620605421,0.5708012425622179,0.20981149912292413,0.2115177783965368,0.7600658542737248,0.4514102871836102,0.23638866577426285,0.34789477903211874,1
0.13340540580248203,-0.10203765113855341,-0.4445202009343899,0.3052077222492148,0,1,0,0,1,0,-0.16744938054139394,-0.30127285293602774,0.815246342126407,-0.5489022263013813,0.5843785844587611,0.1925033597394529,-0.8759656214622247,0.707989585639459,-0.8616823631959941,0.22864048663416334,-0.6479405278202155,-0.6052300109402486,0.17744889856140952,-0.6028407518228394,1.0690669207278654,-1.5708072369537915,0.04620180369910261,-0.7054770920293526,-0.24010667662448304,-0.5873266710771624,0.6157001438452635,0.09922984747858388,-0.40056112804716004,-0.26306562911836706,0.15359334928647436,0.5873266710771624,0.24010667662448232,-0.7317251853070371,0.5660657690356972,-0.9190192424451392,-1.4910683165900436,-1.39883963574952,-0.024984737566746233,-0.38327221085833024,-0.319404172783631,-1.3484860293897554,0.3065783976019474,-0.17942508891434333,-0.7885580025686714,-0.8534227529290943,-0.8884846632765624,0.062155904904119784,0.12214944469431245,-0.15329565102369538,-0.6418381130257917,1
-0.894605088487027,0.6194597960623787,-0.4445202009343899,0.5985369837740325,1,0,0,1,0,0,0.6654004617313493,-0.5175804660850305,0.5977622580309765,-0.4962451078345841,-0.03955655278797457,-0.014546858093122488,-0.1977854176571764,0.31235951641685605,-0.4635687846173118,-1.2562614734727147,-0.44680043953023013,-0.4004299211059087,0.3695511796503889,-0.5083071869001804,0.5203968022682028,-1.0458804858411852,-2.1737912596045215,-1.4048526904120548,-0.4863880375980577,-0.06374491962016399,-0.23286911406656363,0.09259885349425075,-0.41729496572277036,-0.45836599885494106,-0.790702765926164,0.06374491962016399,0.48638803759805704,-0.3696425082138195,0.7161642658861095,0.6093791363160792,-0.06981326217730856,-0.9209277891567239,1.5817699465603012,0.9216751455883455,1.3416409041622488,-0.10826409251941274,-0.05424950115312168,0.35171115073279,0.7897584364088047,0.4302381123532211,0.2115177783965368,0.47455723862252236,1.1099319721622063,1.1827648637121608,0.40975308478573785,1
0.5189093411610479,0.1298722426046032,-1.6032360836506476,-0.4281154315628296,1,0,0,0,1,0,0.6275436507189519,-0.5129286894581703,-0.1826218084290977,-0.2971896270370208,-0.5269273399537612,-0.16480360364764804,-0.08741330768192929,-1.153290015413556,0.9155606576897283,-0.2598565413949845,0.013827864525833412,-0.01685617993826929,0.4634189537326488,-0.5447081317609702,-0.2089491905510587,-0.3063097463428903,-0.41202102080887537,-0.35636809762375415,-0.03566621970192337,0.012383503443245562,-0.4227156149478535,1.3736060276632933,-1.5594138452007318,-0.05750356842133658,-0.3659009870241253,-0.012383503443245562,0.035666219701922665,-0.5089050763265954,-0.18442671521636386,0.04532735367801011,-0.12149526415595328,-0.27233314020935756,0.25856020669096863,0.5954383064766764,0.6772228733838963,-0.10826409251941274,-0.49834537654397587,1.0346006017076752,-0.48749186102961545,-1.164613265724808,-1.1084851516111824,0.664896315723324,-0.28942660841731066,-0.32030321536567735,-0.8892713360402683,0
-1.9483158451337743,0.9544407536913834,3.6109853885725127,2.505177183685348,1,0,0,1,0,0,9.725797230698465,-0.80540914487201,-0.5024513438635544,0.04016312094257045,-2.247875322635866,-0.6504548705292397,-0.09599036986967927,-1.0286283393629072,0.6490492125553694,0.28802053388754906,1.2184661992874093,3.1280900260386955,-1.3096296269385368,1.7345510310608103,0.1932237115996517,0.11569508747424642,2.031151929788289,2.5900063276800784,4.948786825267084,-0.6418048099999468,1.866619898613055,1.6053919497379232,-0.7710096115206034,1.6249583247778498,0.944571340520608,0.6418048099999468,-4.948786825267085,3.1397742082281335,1.3165582532877582,3.2658810803534357,2.850219849616129,3.8923272372421516,3.535079562557888,-0.22015379130249568,-1.648240234340335,3.2403351370305127,1.5833540393506536,1.33810702436318,-0.2959043164138529,-0.6329961396987983,-0.008482709938082702,0.2524949820049213,-0.28942660841731066,-0.5986491559356475,-0.08511336124321738,1
-0.894605088487027,-2.0088523330267334,-0.4445202009343899,1.0385308760612593,1,0,0,1,0,0,0.6654004617313493,-0.5175804660850305,-0.09306953850744984,-0.3411670007015987,-0.46207430447719783,-0.13439450038066073,-0.4280116479071552,0.06293295851308571,0.2590481060942178,-1.6889324527357883,-0.6784766168266972,-0.8711015763289371,0.4575778797686949,-0.49914671967605756,0.4268377224474255,-0.5385049602708477,-1.7866144865042815,-1.1414419884705944,-0.01835909107355938,-1.1698703314820218,0.09641909433972073,0.34121919964607605,-0.8952729910455318,0.5100624410788764,-0.23234310716367323,1.1698703314820218,0.01835909107355796,-0.38821085062885646,0.5660657690356972,0.4607848494920725,0.09384641075506688,-0.6307670251539549,1.0146800580448727,1.0032343553662626,1.1201682272361313,-0.4803306735805153,-0.05424950115312168,0.12408133374116129,-0.5148615102604385,-0.8663890242955825,-0.6346379459673855,-0.15990635171348128,0.7806711296729086,0.23638866577426285,-1.0129879475475077,0
1.2128164248064663,0.38754990231922204,2.8867879618748513,-0.4281154315628296,1,0,0,0,1,0,-0.6217311126901629,0.2848510020483667,-0.0035172685858019803,-0.36199838822692515,0.8915135025038501,0.49883035588483976,2.9857001538596104,0.556696390741464,1.9713917814123447,1.5487574082028206,1.6248096295910244,0.8917622789077426,-1.1202633431879634,3.9732487636694245,-0.1932037420234605,2.044341485310569,2.1029952838593498,2.4932608571636825,1.2589070016997488,-0.032311248161722386,-0.1816653946457804,-0.9576305345471641,-0.6405925700104187,-0.0069772163718363435,0.3218518580830088,0.032311248161722386,-1.2589070016997495,3.8917920760371234,-0.10937746679115769,0.2454747604205509,1.2997597902567817,2.253772334638279,-1.1591645145976028,-0.8726274695258333,-1.3713993881826885,0.9459245538203791,-0.38732140769626244,-1.0899443568808573,-0.9254062487227878,-1.0738493661593913,-1.0069464646875115,0.12560226393772106,-0.37174181903963527,-0.4316415915936655,-0.5799798072721716,1
1.5983203601650333,-1.3646581837401863,0.27967722576327125,1.0385308760612593,0,1,0,1,0,0,-0.23054406556205628,-0.2646401119995031,-0.630383158037337,0.26872973406767947,-0.6569574689866775,-0.41120677864926586,-0.795995766952987,-1.1355331741468822,0.7124409889386392,-0.018756471398143553,-0.14073905761289401,-0.5732843336796712,0.18814164216338672,0.29795946238043003,0.7272225732361052,1.1674623241465631,0.19207385056046875,0.4128286749689181,0.0915777400728132,-0.8727171435694476,1.404569074694806,2.2870705274916583,0.19925634733643782,0.2157959251072576,0.5860145182532938,0.8727171435694476,-0.09157774007281391,0.35452284597261524,0.7912135143113154,0.2909628074074919,0.8733832739329616,0.9224464762726329,-0.655084613695,0.10608304780917345,0.06817301183707392,0.2638024885416898,0.7506742729928018,1.33810702436318,-1.290334905133765,-1.0090180093269512,-0.8715615487892844,-0.7309235830158842,-0.5363722402842841,-0.9326642846196119,-1.3841377820692236,0
0.13340540580248203,-1.95731680108381,-0.4445202009343899,3.678494229784619,0,1,0,1,0,0,-0.16744938054139394,-0.30127285293602774,9.847232422795463,-0.798878876605298,1.8052370077985689,0.3856906040238429,-1.8032715069789913,0.6313478240822263,-0.7921710571773098,-1.4685837362081344,-1.6342847627922645,-2.364731146245407,0.8555031068589805,-0.5281317014859029,1.3643512026625202,-1.3800017507355877,-0.12051595116714535,-0.3186381362330564,-0.24010667662448304,-2.987076365255074,1.9797899536112125,0.5002323819002721,-0.303844299578885,1.8644603282977044,1.8135621101524486,2.9870763652550734,0.24010667662448232,-0.5367575899491508,1.1664597564373458,-0.19121049065408274,-0.8579637923516437,-0.8526546682148961,0.8571550890128092,-0.38327221085833024,-0.319404172783631,-0.4183195767369984,3.415249525337927,1.717490052682561,3.2074107851315286,2.491875259624819,3.376140187517609,3.2661970361009387,1.0276167615398821,-0.26463402725168356,2.945943620684131,0
-1.460010860346257,-1.3646581837401863,-2.327433510348309,1.0385308760612593,0,1,0,1,0,0,0.3877838476404349,-0.4635035627977798,-0.630383158037337,0.26872973406767947,-1.1200620106947403,-0.564146680374408,-2.1776140316826544,-2.073238775983557,-0.03213686126775247,-1.2911071363634308,-0.896949793900271,-0.2918921837613201,0.793170922643468,-1.477132334733517,-0.6513393829168401,0.20257843561307123,-1.3522518445804088,-0.35091184868800473,0.23272740579640636,-0.6289223324429117,1.5520920957114444,2.1930877890890783,0.24750395714552703,0.40333266456492245,0.8234815402574923,0.6289223324429117,-0.23272740579640636,-1.4558905394934718,-0.8598699510432187,-1.028190555213798,-0.7804407893836761,-1.2110885531594928,-0.30852968182446,-0.13859458152457876,-0.26403600355210183,-1.1624527388592034,0.9727222106882286,1.413983630027056,-1.0440080620563552,-0.7756251247301669,-0.5838686025055501,-0.5088613263982832,-0.7833178721512579,-1.0996718489615938,-1.0129879475475077,0
-1.3572098109173063,1.2121184134060021,1.0038746524609323,2.9451710759725747,1,0,0,1,0,0,-0.6091121756860305,0.26740683969764073,-0.6431763394547153,0.2860892236721181,-0.04892605455517482,-0.015441243483327998,-1.7686338377109991,1.3840398894630102,-1.248559292128739,-0.853235602296653,-0.7392239670626897,-0.1684659223032518,0.25897787886294577,1.7334325134983906,1.7714131378801325,0.23036703683965865,0.9812743968007527,1.4568737551775655,1.339121780472951,-1.5578921029446724,4.191353747733703,-0.12507538883737446,1.938319034835387,2.125681147043581,2.3833810258514703,1.5578921029446724,-1.3391217804729518,1.2736557955169365,1.2415090048625523,-0.7279694450999874,-0.5091102789957901,-0.11871861809024475,-0.11949971898598452,-0.7910682597479163,-1.3160312189511594,-0.6043528672675491,3.5540294863975688,-0.2553016945782196,-0.43275256256796935,0.5728670973845897,1.4638282504551436,-1.4922798914190887,-0.7833178721512579,-1.378017789531564,0.22417816752487937,1
-1.1259074497021662,-0.10203765113855341,-0.4445202009343899,-0.8681093238500562,0,1,0,1,0,0,0.43825959565696476,-0.46931828358135513,0.06044863850108935,-0.3891949219405457,-0.23409677529571335,-0.060160512993603456,-0.2837267693686666,-0.46136840546042146,0.011237857250041866,-0.320832354733512,0.5967195455466708,0.49560602133579773,0.2814107121723623,-0.6946013842482829,-0.5015941533926399,0.21182134498954158,-1.1086687296136917,0.14235627318417637,-0.7279513648365089,1.3979208031972914,-0.29950853941992805,0.13075660393904848,0.19749749641060083,-0.6659131213381942,-0.6367814407621625,-1.3979208031972914,0.7279513648365081,-0.48105256270404034,-0.18442671521636386,1.0824548249802661,1.0413497803635572,0.47867119015075044,1.6447799341731264,0.5954383064766764,1.1201682272361313,2.00011320016017,-0.3318094232724056,0.04820472807728505,-0.2046721523111086,-0.07544647093981212,-0.33002188519637315,-0.44541496736468245,-0.8656330827735822,-0.32030321536567735,-0.1469716669968365,0
1.135715637734753,-1.5708003115118816,-0.4445202009343899,-1.6014324776621007,1,0,0,1,0,0,-0.23054406556205628,-0.2751066094099387,1.672389497090751,-0.6466940177397191,0.9215222150591409,0.2882025964914424,2.3836505087895166,0.18931775999287948,-0.3768515536101467,1.1151785611002158,0.9372876599576492,0.7871324891877233,-1.1001694099713195,1.8714029554247393,-0.14983912679309416,-0.46743361654585197,0.6011562757693228,0.6788980376548371,0.6190712565440033,0.45956749966015986,-1.444640273966843,-0.4099501148336048,0.045442992884397876,-0.9104380182045578,-0.5557080655236649,-0.45956749966015986,-0.619071256544004,1.9142636088357055,-0.03432821836595151,0.35464607318920965,0.046471242274642305,0.2909201075607231,0.9201650766256344,-0.30171300108041293,-0.5962450189412776,0.3258135853852078,-1.3032691506898992,-0.17942508891434333,0.7441423543574326,0.6549868160390139,0.21715881655896382,0.6225987430342572,0.7532327261321339,1.127095675598167,0.6778057430514218,1
0.9558138012340891,0.5421564981479937,-0.8790386569529866,-1.6014324776621007,1,0,0,1,0,0,0.980873886834661,-0.5809609226260017,0.5977622580309765,-0.5002956554089532,-0.16508329654252002,-0.060160512993603456,-0.6415699931067212,-0.07413984256332679,-0.025933942051484495,-0.9685305897415258,-0.8545665155589961,-1.3211695427891081,-0.1546132812421869,-1.3608984486445628,-0.12298538474763833,-0.67966505670709,-1.798895722208323,-1.7209823256164727,-2.399867407127293,0.5782415939310317,-0.467675001948185,-0.021444797967359142,-0.6475452677658503,-0.47533186246894304,-0.569225955488025,-0.5782415939310325,2.3998674071272923,-1.3166279713806959,-0.25947596364157,-0.45504116317834126,-0.7158382869103699,-1.3134982345722352,-0.11949971898598452,-0.9541866793037505,0.17890935030013266,-0.4803306735805153,-0.3595654154843339,0.12408133374116129,0.4521994292286506,0.028283699992091807,-0.1607907403235886,0.6966194952401235,0.4514102871836102,0.848749735028197,0.34789477903211874,1
1.5983203601650333,0.9802085196628456,0.27967722576327125,0.5985369837740325,0,1,0,1,0,0,-0.25578193957032125,-0.25010331004056474,-0.2593808969333673,-0.2572628009468119,0.0028570672723037143,0.006471198576706979,0.2975809780663972,1.9125242749202196,0.8101663588641339,0.5124181943071198,0.5341111515530004,-0.7161017933867854,-0.8169535947656114,0.17632834661098234,1.2095568472538691,1.0931578069045542,0.21533313259084186,0.44164134879904493,0.02218903885575044,-0.9986842558367333,-0.23760838760536046,-1.41329209113136,-0.009006381098879425,-0.4787232738174403,-0.26319383703931054,0.9986842558367333,-0.02218903885575115,0.27096530510494976,1.3165582532877582,0.41832933897092733,0.9509062769009282,1.0077878774499178,-0.49755964466293656,0.02452383803125581,0.012804842605544792,0.44983577907224165,-0.44283339212011924,-1.4693273852002382,-0.97102233077416,-0.8274902101961188,-0.939254006738398,-0.6040308649486834,0.6983559190505837,0.23638866577426285,-1.0748462533011267,0
-0.38059984134227254,0.7482986259196881,0.27967722576327125,0.3052077222492148,1,0,0,1,0,0,-0.14221150653312897,-0.305924629562888,-0.3617263482723934,-0.1305385268344097,-0.23759692794171755,-0.13439450038066073,-1.0908987752349855,-2.949764242460823,0.8723412445575599,-1.5906676435396152,-0.8083900898258705,-0.5093379034407839,0.4123873917705231,-0.7213724379009052,-1.1868374568224684,0.6489181770682931,-1.4612232381181498,-0.900134954712159,-0.38662849897585155,-0.31122271395962636,0.7961344621064195,2.8596962848371814,-0.5404195183916566,0.6999654152568704,0.17214012223490768,0.31122271395962636,0.3866284989758509,-0.7317251853070371,-1.1600669447440433,-0.30947941282012914,0.05939174276930372,-0.5283573437412127,-0.5290646384693491,0.2692014673650073,0.5111183656893089,-0.4183195767369984,0.25106641317809053,1.717490052682561,-1.3815670692365094,-1.3980061503215924,-1.0915620371239039,-0.857816301083085,-0.20711139779498602,-0.3759724034796717,-1.136704559054746,1
-0.09789695541265715,-0.4370186087675581,0.27967722576327125,0.3052077222492148,0,1,0,0,0,1,0.8042087687768065,-0.5513058466297674,6.393073440103331,-0.7774688394264904,0.9582269814688471,0.1768516154108565,0.4810699724295367,1.2904836831692543,-0.11680152029755168,1.2046093950880816,0.7145625935499893,0.452000231355692,-1.0914748155853158,0.6233954790740283,0.46421040773268557,-0.15717467945464902,-0.14619492139651472,0.15349196421735217,0.6312676384277316,-0.009609152108407288,-0.04605008975894222,-1.306193558430415,0.0017261961372262425,-1.7723139593532384,-0.7791113397359529,0.009609152108406583,-0.6312676384277323,0.438080386840281,0.26586877533487285,-0.4186507255887879,-0.43158727602782254,-0.4600842227993849,0.06953024385249205,0.35076067714292497,0.06817301183707392,-0.29429738304996345,-0.19302946221276363,-1.317574173872486,-0.5787240251323598,-0.4903671546674297,-1.1084851516111824,0.09387908442092041,1.0276167615398821,1.127095675598167,-0.76555472453303,1
0.544609603518286,0.8513696898055362,0.27967722576327125,0.3052077222492148,1,0,0,1,0,0,0.8925413278057338,-0.5745647297640688,1.8642872183514247,-0.6600029597697887,0.2792051321726397,0.06818379050088712,-0.23341181115517148,-0.5744738274571088,-2.282468395794878,-0.8410027873241486,-1.3493116581052,-0.7594811806166369,0.8392697743998485,-0.5549713165028963,-1.0210477254963488,-0.7205716770747969,-1.0754158556850604,-1.479697998997962,-0.9333596546099943,-0.11014700605881177,-0.22995599513739243,-0.23437984005894966,2.396105716402936,0.06977655506213656,0.309534143202178,0.11014700605881177,0.9333596546099936,-0.6481676444393714,-1.0850176963188372,-0.6733837887156574,-0.9096457943302884,-1.2281568333949502,-0.49755964466293656,-0.13859458152457876,0.34501385799472056,-0.8523972546416179,-0.007989514133240944,0.07349692996524401,0.9874281252980858,2.232549832295058,2.135111791783855,-1.4922798914190887,0.06727263761276221,0.013711913318286572,0.5747085667953888,1
0.31330724230314594,1.2121184134060021,-0.8790386569529866,0.3052077222492148,1,0,0,0,1,0,-0.356733435603381,-0.13090153397727022,0.07324181991846762,-0.3903522212475083,0.4184715915028429,0.20100002094640523,0.2988430102435776,0.04133797912524502,-0.08088440301066885,-0.13720258874795976,-0.8600321424717473,-1.1523479810232355,0.32284427612479905,0.34151099374817834,0.8748009457708555,-1.0891194299300366,-0.00682796568771003,-1.2003787709479423,-0.45503125954306645,-1.1203707433436239,-0.07431471933727578,0.8196187098204425,-0.9838883042431479,0.17858135193007957,-0.05385232894327438,1.1203707433436239,0.4550312595430657,0.04814519612450831,0.41596727218528484,-0.9008240236503626,-1.258499307686141,-1.1940202729240363,-0.7811045889206503,0.18764225758709038,0.4557501964577793,-1.2244638357027204,-0.05424950115312168,0.8069707847160468,0.10551720563822252,-0.4255357978349895,-0.33002188519637315,0.7917890337905242,1.2745623934068555,0.7374113588002092,-0.1469716669968365,0
2.08662534495255,-1.7254069073406524,-0.15484123025532542,0.3052077222492148,1,0,0,1,0,0,3.7191832167314076,-0.7449360487228264,0.7001077093700027,-0.5251775905086485,-0.7254365016948798,-0.16703956712316181,0.7821878824197969,-0.8950732302284143,2.2331049236910903,-0.8261991287343996,0.4162795878531146,-0.07446219687531094,-0.8683370365361736,0.5628271383157204,-0.4554986653477984,1.6243488771673957,-0.5760205820365698,0.039951288388584937,-1.31232147264129,1.199986903232429,-0.5252810460537743,0.7722075348932869,-1.420415270198797,0.5449695721118069,-0.5021791946794014,-1.199986903232429,1.312321472641289,0.27096530510494976,-0.6347222057676005,-0.7734574920869285,0.09815324425328795,-0.135786898325702,-1.411204465048904,-1.3619827281933365,-1.0391903727935126,-0.35630847989348147,-0.7203933142394032,0.19995793940503753,-1.2173491738515698,-1.6443653062848649,-1.3792549834076382,-0.5088613263982832,-0.7833178721512579,-0.32030321536567735,-1.0748462533011267,1
1.135715637734753,1.7017059668637786,-0.4445202009343899,0.3052077222492148,1,0,0,1,0,0,-0.23054406556205628,-0.2751066094099387,-0.19541498984647596,-0.2896671815417641,0.04139030971397822,0.01228470361304279,1.798023836564795,-0.5750559061529485,0.008763335600615506,0.43937520909402117,0.4947156947376172,0.2431834956446591,-0.5205675944259291,1.936828535266758,-0.0637479207824894,-0.7039405750358237,0.7593583927863136,0.5521993072648297,0.4783555005605047,-0.14275387761029457,-0.5649396620124715,0.7254210105364884,-0.7193721634802676,0.15939922230539963,-0.10403948566753221,0.14275387761029457,-0.4783555005605054,2.0813786905710367,0.11577027848446049,0.5638910893291381,0.08523274375862654,0.39332978897346543,1.0776900456576979,-0.30171300108041293,-0.5408768497097485,0.5118468759157585,-0.4150773999081907,0.9587239960437993,0.6802798394855113,0.1709126850234604,0.22844089288381547,0.9504049313745251,0.28677986593896093,0.23638866577426285,0.5953280020465953,1
2.8062326909552056,0.6194597960623787,3.176466932553916,0.5985369837740325,1,0,0,0,1,0,-0.5333985536612357,0.049354810313565374,0.86641906779592,-0.56626171590582,1.125690119632789,0.47557633573949654,3.4254691669470447,1.9550674172865778,-1.3836759883360388,2.116634969291998,2.012928835619692,1.9670690919986373,-0.9270175413294626,4.002081587555891,2.3922747878878754,-0.20092563134971153,1.9181454534692932,1.8327201546355303,1.943454842271065,0.7553527801229527,-0.7643654946080418,-0.28686301974924555,1.689620547162923,-0.9574370925721849,-0.8276115504698075,-0.7553527801229527,-1.9434548422710656,3.1954792354732438,1.7668537438389946,-0.7188718357025985,-0.7029177864157086,0.017827623793410803,-0.024984737566746233,-0.30171300108041293,-1.0391903727935126,-0.6663639641110671,-0.8314172830871166,-0.482931511569848,-0.7246954876967501,0.1709126850234604,-0.2284831982727022,-1.9046812251374914,-0.37174181903963527,-0.04195727479570725,-0.8892713360402683,1
0.9558138012340891,0.9802085196628456,-0.8790386569529866,0.5985369837740325,1,0,0,1,0,0,0.980873886834661,-0.5809609226260017,-0.2593808969333673,-0.2572628009468119,-0.7483503292560805,-0.24798144493676041,-0.5963387315603884,0.9096301639409281,-0.298439055493336,-1.2888824779836918,-1.1925123321492006,-2.3707862158253596,-0.04050711063516294,-1.354128392851579,-0.05069088997939294,-0.3695934263498395,-1.815848909177972,-1.5549445492323013,-1.8522404219674158,-1.3964401374831386,-0.523805612200133,-1.2992769676961726,0.03657043659950162,-0.059367618830349425,0.03222372930989672,1.3964401374831386,1.8522404219674158,-1.2887754577581405,-0.10937746679115769,-0.18211288125669506,-0.3411437725651945,-1.0062691903340089,0.006520256239666901,-0.5463906304141645,0.40038202722625016,-0.29429738304996345,-0.6926373220274746,-1.3934507795363622,-1.0713777112871794,-0.892321567028559,-0.8546384343020056,-0.7309235830158842,0.5337254978059351,-0.09762646290970158,-1.2604211705619852,0
1.135715637734753,-0.10203765113855341,-0.4445202009343899,-0.8681093238500562,1,0,0,1,0,0,-0.23054406556205628,-0.2751066094099387,0.06044863850108935,-0.3891949219405457,0.2556084424433621,0.0892018471707166,1.5465068143841354,0.1816667330657335,-0.9026177274691551,0.6905406989863908,0.7422789583101408,1.4210586865607506,-0.23239699292398724,1.9719452725828859,0.16463658698761452,-0.6794889332400116,0.9812743968007527,0.9990219525742711,1.0008734476041308,0.9455004604204603,-0.18011088990870466,-0.08441397370059563,0.5510878230798996,0.040138960151987924,0.010351493211939605,-0.9455004604204603,-1.0008734476041314,2.2206412586838127,0.41596727218528484,0.7731361054690666,0.26611975068388355,0.6664222727407777,1.518759958947476,-0.38327221085833024,-0.8177176958673952,0.6978801664463103,-0.19302946221276363,-0.1035484832504671,-0.06782390615699217,0.22277777048941236,0.22844089288381547,-0.5723076854318833,-1.0302635040182315,-0.7656567202776299,-0.023255055489598248,0
2.8062326909552056,0.9802085196628456,3.176466932553916,0.5985369837740325,1,0,0,1,0,0,-0.5333985536612357,0.049354810313565374,-0.2593808969333673,-0.2572628009468119,0.43112400098545617,0.23677543655462563,3.3281330755328145,2.4400963873610095,0.10040748603560289,1.2028985484647903,1.4266478204162227,0.5921436805252365,-1.6228243534702622,4.277427507812002,2.334847055984403,0.07020642352721854,1.887829057166843,2.0656922283779022,1.9784005630035764,-1.154540235155578,-0.3538948908554842,-1.0101103439679677,-0.0667097121181812,0.24690064298669118,0.16203436864772142,1.154540235155578,-1.978400563003577,3.585414426189017,1.841902992264201,-0.5187244289600577,-0.40574627503850064,0.32505666803163763,0.1010352376589052,-0.7910682597479163,-1.482135726645747,-0.35630847989348147,-0.6371253376036178,-1.2416975682086098,-1.4636760169289798,-1.268343436656712,-1.1084851516111824,-1.016432198667086,0.36909507656128593,-0.15329565102369538,-1.569712699330082,1
-0.38059984134227254,0.5421564981479937,0.27967722576327125,0.3052077222492148,1,0,0,1,0,0,-0.14221150653312897,-0.305924629562888,0.8920054306306766,-0.5691549641732264,0.5894751840663597,0.20457756250722728,-0.5461178982018048,-0.2547022931616328,1.0876249960416953,-0.875876275888724,-0.08827548500686529,0.3249925070453595,0.5019551828489212,-0.8988716726243351,-1.087390980629159,0.48211616440754523,-1.2003329018248519,-0.6948631063278911,-0.5505532963957722,0.9892830742375731,-0.13875175277112464,-0.7397375228562678,-1.0023395551181107,-0.0069772163718363435,-0.563636125313571,-0.9892830742375731,0.5505532963957714,-0.9545452942874786,-1.1600669447440433,-0.7734574920869285,-0.43158727602782254,-0.8526546682148961,-0.7180946013078251,-0.13859458152457876,0.12354118106860354,-0.790386157798101,-0.3040534310604773,-0.8623145398892288,-0.7155722712864762,-1.0738493661593913,-1.0069464646875115,-0.1916295312302808,-0.7833178721512579,-0.4316415915936655,-0.7036964187794109,1
2.138025869667024,2.8097199036366387,0.27967722576327125,3.2385003374973924,0,1,0,1,0,0,-0.6091121756860305,0.24996267734691469,-0.5536240695330674,0.05173611401219622,0.17807456053538515,0.15225601718020498,-2.194331487853536,-1.2334906610741223,-0.8307607811852081,-0.037540245498894516,-1.0492774240508236,-0.6354516010573907,0.7219752493195454,1.0539423056492152,0.8953702842957151,-1.1734493674984972,2.024724895141587,0.7292071906326336,0.7577574583546642,-1.6182148153149178,4.104358083392694,2.58996693818676,-0.04352562877930632,2.0583969967605515,2.0760409336298498,1.6182148153149178,-0.7577574583546649,1.07868820015905,0.9413120111617277,0.2636699792153276,-0.40574627503850064,0.3762615087380082,0.6051151385615076,0.02452383803125581,-0.319404172783631,0.44983577907224165,3.52627349418564,2.1727496866658176,-0.3688900476960481,-0.3347718982695729,0.46536449570571364,0.2524949820049213,-0.9479482933959068,-1.545025353873546,-0.2706882785040748,0
0.72451144001895,0.20717554051898904,0.5693561964423357,-0.13478617003801185,1,0,0,1,0,0,-0.05387894750420167,-0.3530238679098483,-0.4001058925245282,-0.10739254069515815,-0.36914960729584884,-0.18850481648809403,0.19672358002854248,-0.7642497022296711,-0.3132171653700409,0.5393483334095982,0.7730493601841355,0.15107000305666482,-0.7439056502056866,-0.4352643413692044,-0.4533557494841908,-0.7830448282881757,0.1326981983097813,-0.06678213778759616,-0.20147967785109497,0.4058665575902641,-0.7084599281454083,0.5947948631545272,-0.3587061779762596,-0.5970435406538361,-1.0702017885388484,-0.4058665575902641,0.20147967785109425,-0.6760201580619267,-0.7848207026180125,-1.3375092747249961,-1.4652273156007207,-1.347634795043149,-0.49755964466293656,-0.46483142063624716,-0.4301405112466897,-1.1624527388592034,-0.7481493064513315,0.35171115073279,-0.49661507743988936,-0.5940973255993336,-0.7700228618656133,-0.635754044465484,0.4514102871836102,0.7374113588002092,-0.6418381130257917,0
-0.7661037767008384,-0.6946962684821769,0.714195681781868,-0.13478617003801185,1,0,0,1,0,0,0.6401625877230843,-0.5164175219283155,-0.5664172509504457,0.05462936227960266,-1.0821060777901368,-0.43937991844073937,-0.8657409558861405,-1.2717233837747035,1.6732768346484197,-1.2211453745894116,-0.8965752771716028,-0.9373961785138238,0.3921173305138651,-0.9547102635645015,-0.5015941533926399,1.2479514860918846,-0.9535447458717288,-0.6847007795924529,-1.0504933074560319,-0.2366301126415829,0.24989862728548348,1.2429942430189604,-1.0333545965303412,0.7041699720164117,0.49711472588356653,0.2366301126415829,1.0504933074560312,-0.7595776989295921,-0.18442671521636386,1.0824548249802661,1.6550735538599655,1.097396348686067,-0.40304466324369825,0.08569324536469386,0.7049069579996614,1.2249744896162058,0.19555442875423396,1.1104772073715516,-0.0951935553878152,-0.6070635969658218,-0.3130987707090945,0.8552353928241243,-0.28942660841731066,-0.4316415915936655,-0.023255055489598248,1
-0.27779879191332196,0.4648532002336079,-0.15484123025532542,-0.4281154315628296,1,0,0,1,0,0,-0.29363875058271866,-0.21056320871225243,-0.6431763394547153,0.32948794768321477,-0.6221724705548283,-0.4165730909904989,0.7905291814806451,0.29012621581105114,-2.133698774036753,1.6067473325274335,1.1220540546899016,1.03876586143886,-0.7049465764507605,0.21817107626591598,0.19720562152193571,-1.1429460039512445,1.3168324554920727,1.202714519066172,1.3634784946753398,0.06447137185505257,-0.881256101689275,-0.20065107372145155,1.7682871947617183,-0.8648634660895745,-0.28450858629532866,-0.06447137185505188,-1.3634784946753404,-0.09111737198826762,-0.18442671521636386,-1.0372881646111858,-1.3877043126327533,-0.9038595089212672,0.3845801819166189,-0.13859458152457876,-0.7069813574043363,-0.8523972546416179,-0.859173275299045,-0.2553016945782196,-0.21379536872138252,0.7025298110494701,0.27921023634565156,-1.2702176348014877,0.28677986593896093,0.3477270420022505,-0.45626319576493324,0
2.08662534495255,1.6501704349208541,-0.4445202009343899,-0.8681093238500562,1,0,0,1,0,0,-0.3188766245909836,-0.17160457946229762,-0.029103631420558513,-0.3533186434247058,0.29204414569941795,0.14107619980263614,0.29606497536029386,-0.22700417377369939,0.46491186833501963,0.21717168647493826,-0.45391204335663526,0.3266254242861752,0.18366121839078928,-0.318384052568964,-0.5509465961206158,0.02469507196724973,0.011203370135175618,-0.5291175651755126,-0.5483077512256369,0.9892830742375731,-0.7298111491811341,-0.24035585281542618,-0.6107339329103303,-0.28227586763088147,0.0735275691277085,-0.9892830742375731,0.5483077512256362,-0.3417899945912644,-0.5596729573423944,-0.17301527185930607,-0.1344157646506147,-0.11871861809024475,-0.655084613695,0.18764225758709038,0.5111183656893089,0.015758101167622184,-0.9424412519348303,-0.7105613285614767,-1.6187706959036452,-1.6184327635518894,-1.5992554717422576,-0.5088613263982832,-0.7833178721512579,-0.4316415915936655,-1.3222794763156045,1
1.726821671951222,-0.2051087150244015,1.0038746524609323,2.505177183685348,0,1,0,1,0,0,-0.36935237260751347,-0.12799417358548257,1.3781463244910508,-0.6247053309074302,1.0115758740665828,0.38434902593853465,1.0946330024073423,-0.2947741832224122,-0.649521261698904,0.7402928204640081,0.6243475242852545,-0.19146469514560174,-0.6485056423995026,2.321585303215787,0.6770515809180649,0.10922377602666666,1.016426345410169,0.8597507686181306,0.03622492998512883,-0.2970624528398517,0.7975868443988222,1.082842228206459,0.9976766852394687,0.007783124288542442,0.02769692905333077,0.2970624528398517,-0.036224929985129536,1.6914434998552643,0.26586877533487285,-0.8735311954581982,-0.6899972859210471,-0.2894014204448148,-0.655084613695,-0.8726274695258333,-0.983822203561983,-0.6043528672675491,0.6951622885689447,0.9587239960437993,-0.10431677179808911,0.4172718409867329,0.39767203775660004,-0.9529858396334858,0.2044646553166367,0.06938110143228039,-0.08511336124321738,1
1.5469198354505571,1.2378861793774645,-0.15484123025532542,0.3052077222492148,1,0,0,1,0,0,-0.09173575851659908,-0.3448832588128428,-0.7455217907937414,0.9226038425015356,-1.249066985294337,-0.9782471160395587,-1.1699972915827497,0.1292070539551842,-0.7531748009248268,-0.9637663568826964,-1.5610369461989322,-0.2064153017817352,1.795558975694858,-0.710891031235763,0.5321864081194017,-1.0996186549766787,0.3313293276923484,-0.6474341772143782,0.9492667367850068,-1.2229970446133172,0.9165957726005275,0.35579192442197416,-0.07539551706331668,1.630526660805797,1.3973310221370474,1.2229970446133172,-0.9492667367850075,-0.4253475354589299,1.0914105080121401,1.5373352948496766,0.6149732640397371,0.7346953936826055,1.2667200084961745,2.063504082479186,1.6184817503198954,0.8219023601333442,1.3057941172313696,0.8069707847160468,1.2824121225636245,1.0396528665781584,1.734598082251598,1.1724671879921262,-0.12479618717266176,-0.6543183440496418,1.8324941171189824,0
1.521219573093319,0.6194597960623787,0.5693561964423357,-0.13478617003801185,1,0,0,1,0,0,0.059691485532990585,-0.3925639692381606,-0.054689994255315046,-0.35042539515729937,-0.089993818325072375,-0.031092987811924405,0.0014177570489739006,-1.7329603988263946,-0.32220509735533515,-0.39348525496705516,-0.02333387157409248,-0.2998681665051058,-0.5538492333347037,-0.20852511586438838,-0.913812983332656,-1.040006282220785,0.4644067418810509,0.08007275094177219,0.4025854781078499,-0.8082637896695036,-0.21032726448383418,1.463104746529092,-0.6046408537889841,0.9920709694902684,0.10851063224345651,0.8082637896695036,-0.40258547810785056,-0.3696425082138195,-1.009968447893631,-0.7461646638947628,-1.1163738022448682,-0.9038595089212672,0.1010352376589052,-0.38327221085833024,-0.5962450189412776,-0.728375060954584,0.11228645211844858,2.096873081001942,1.4375068015382888,0.8451587960808378,1.243827762120523,0.9504049313745251,1.439192814651505,1.0714264874841732,1.0901944480755505,1
1.2128164248064663,0.33601437037629844,0.5693561964423357,-1.8947617391869185,1,0,0,1,0,0,3.353234043611566,-0.7350510233907483,0.46983044385719386,-0.4730991216953325,-0.7753912831492203,-0.1996846338656629,0.5734621851634161,0.6485699704995693,0.4822112048244797,-0.19858171160655608,-0.23743389724774897,-0.5854373795152497,0.0784160571248114,-0.1097543691884374,0.38687710169278466,0.5527704373525355,-0.9991759659508492,-0.8336863643750013,-0.18963998474047816,-0.6103841330315712,-0.9070784005839273,-0.5026176509722043,-0.10371789060450642,-0.7224947030868877,-0.5052567759515311,0.6103841330315712,0.18963998474047747,-0.11896988561082296,0.340918023760079,-0.03655113089848297,0.2531992501892221,-0.1699234587966153,-0.5605696322757617,0.758556726032511,0.954063719541543,-0.17027518936292965,-0.859173275299045,-0.482931511569848,-0.040454256926167845,-0.08841274230630035,-0.36386811417093057,0.09387908442092041,0.9453015509175579,0.6817421706862145,-0.45626319576493324,0
-0.5348014154856993,1.0575118175772313,-0.15484123025532542,-0.8681093238500562,1,0,0,1,0,0,0.5392110916900246,-0.49257716671565654,-0.5920036137852022,0.1587862999062346,-1.095367548797346,-0.5015397030600224,-0.9554308318438646,0.05375135552926917,0.7702015041000744,-0.9141167637153316,-0.638206688506069,-0.0041580063674228895,1.0607095098093366,-1.137242810453076,0.3752598673099737,1.0881788789228255,-1.4045422738937272,-1.4625507765974777,0.03622492998512883,-0.04159846927444537,0.1922302129626898,0.3021516748691813,0.04062357173849658,-0.15780730209673854,-0.5981962190906652,0.04159846927444466,-0.036224929985129536,-1.0938078624002545,0.26586877533487285,-0.20940570944885942,0.369483754641173,-0.23819657973844427,-1.3796994712424915,1.7372672433675176,1.8953225964775422,-0.35630847989348147,0.27882240539001907,0.4275877563966659,0.40658334717727845,0.36540675552078095,0.27921023634565156,-0.2550758902638815,0.9453015509175579,1.0157572993701793,0.40975308478573785,0
0.544609603518286,1.3151894772918502,0.27967722576327125,1.478524768348486,0,1,0,1,0,0,-0.15483044353726144,-0.3053431574845305,0.23955317834438508,-0.4140768570402411,0.2950380208200187,0.0851771129147918,-0.8939375776786709,-0.807576542861125,-1.2940917099222515,-0.6137848151003726,-0.15210074867519965,-0.9790509456479595,-0.558869735209628,-0.3873072207023648,0.8430840519003231,-1.2255789128185093,-0.6373637257711099,-0.4088520159580928,-0.10086982058087872,-1.235267259256625,0.8560491511915996,1.9530072446861568,0.5374781067897989,0.19718472695957842,-0.20142599443650938,1.235267259256625,0.10086982058087801,-0.2582324537235989,1.0163612595869336,0.5547934799317504,-0.21193876761858224,-0.4430159425639276,1.6132749403667133,0.758556726032511,0.8986955503100138,0.38782468222872474,0.7229182807808735,1.717490052682561,-0.17730250308028428,0.11904759955750843,0.19459466390925928,-0.9529858396334858,1.6861384465184783,1.0714264874841732,-0.5181215015185524,1
1.2385166871637046,-0.5916252045963298,-1.6032360836506476,-2.041426369949327,1,0,0,1,0,0,-0.028641073495936725,-0.35709417245835107,0.09882818275322415,-0.393824119168396,0.09310609205416498,0.029725218722050223,0.41183456814007147,0.6703055475057691,-0.8532969976915893,0.8520731021437792,0.558150947505438,-0.19152870553465834,-0.9578834487330338,-0.7751238886394544,-0.0510287515802711,-0.5078831586381991,-0.7733837360712688,-0.6509388650143968,-0.4499667627438067,0.1850492459657866,-1.347160648686075,-0.9711348832572525,0.656111987096748,-1.9179698638072722,-1.3611386744550644,-0.1850492459657866,0.44996676274380526,-0.5089050763265954,0.41596727218528484,1.464554419670571,0.9250652759116064,0.529876030857121,1.487254965141063,1.0847935651441794,1.5077454118568363,1.6280466190990672,-1.3032691506898992,-1.0140677512169813,-0.5057382938501646,-0.11434528503927678,-0.8546384343020056,-0.7626467625326843,1.1099319721622063,1.3497724280541432,-0.7036964187794109,1
0.8787130141623758,-0.10203765113855341,1.0038746524609323,1.0385308760612593,1,0,0,1,0,0,-0.6974447347149578,0.8110832329619352,0.48262362527457214,-0.4748350706557764,1.4738161297830623,0.9907423204978699,0.23945692915698646,-0.4035165808662242,0.5149122498378166,-0.24560730151055502,-0.0685334260743364,0.8088928576809573,0.15876765368602055,0.8080658357505092,0.17098892949348501,-0.1541413491658143,0.4746215176699755,-0.06652659364836079,-0.2971274843375756,1.3979208031972914,0.47443917291183996,0.7251321267327703,-0.8587994857673731,0.8024261914773425,0.024146540040475804,-1.3979208031972914,0.29712748433757485,0.6330479821981672,0.04072103005925432,-0.32767463161490584,-0.354064273059855,-0.15285517856115927,-0.49755964466293656,-0.7910682597479163,-0.762349526635866,-0.4803306735805153,0.3065783976019474,0.5034643620605421,-0.40538291333714505,-0.7626588533636787,-0.4315605721200442,-0.0647368131630805,-1.277209135885205,-0.8769950965056176,-0.2706882785040748,1
0.18480593051695732,1.547099371035007,-1.8929150543297122,-1.161438585374874,1,0,0,1,0,0,0.5644489656982895,-0.5001363037343045,0.35469181110078946,-0.4389587921399365,-0.11376299463324482,-0.04540315405521256,-0.7695192207510116,0.6611918392440733,1.8667511824711123,-0.7639544554901965,-0.7028436226654622,0.1208015643748013,0.4080491596206605,-1.7298629455050591,0.26144038107837997,1.7939734325355579,-1.9380112400956129,-1.8125649654884082,0.004530982273632039,0.16026515284228104,-0.6584234641662071,-0.6456013150080661,-0.7491411134128616,-0.8896455878625374,-0.8558857697451553,-0.16026515284228104,-0.004530982273632748,-1.6349424127813268,0.13721292089166215,-0.2821865846279648,0.6537347655237203,-0.2284432767467546,-1.8657765185414301,0.9449777769534646,1.041070842619661,-1.1004416420156866,-0.19302946221276363,0.037365212982445634,2.594851969013102,1.6768524880169995,1.127783548493471,2.450458134240362,2.6151243949704273,3.0357535537922478,2.636652091916034,0
0.05630461873076867,1.2121184134060021,-1.6032360836506476,0.3052077222492148,1,0,0,1,0,0,0.3246891626197725,-0.4361743751149757,0.5210031695267069,-0.48004291753710804,0.09424992754170829,0.035538723758386036,-0.9825108445908043,-0.7074916132713822,0.17740556006084526,-2.6842882128740486,-2.264778613873989,-0.4896518628372147,2.042838501886135,-1.504177213445349,0.046244859809632714,-0.363733508279739,-3.285692819628735,-3.217283202247203,-0.5252107151899512,-0.14692914774798616,-0.1367509021257785,1.0173815277717935,-0.6080364412199413,0.3682634439720327,-0.1967277358757714,0.14692914774798616,0.52521071518995055,-1.4094696834558798,0.06573744620098994,0.08171779126756346,-0.12149526415595328,-1.39883963574952,-0.35053634023301067,1.9547584694419635,2.5966527400769133,-0.6870343297255728,-0.05424950115312168,1.1104772073715516,0.36096726512590627,-0.02358138547386016,0.12690220596014448,0.3476645205553221,0.6983559190505837,0.6817421706862145,0.2860364732784985,1
1.6240206225222695,-0.07626988516709207,-1.168717627632051,-0.13478617003801185,1,0,0,0,1,0,-0.48292280564470574,0.020281206395688665,-0.1826218084290977,-0.29082448084872664,0.40873838573288795,0.24035297811544765,-0.0977839573486694,-0.8830980362240205,-0.058994879996598706,1.0474990612091941,0.5427544110620768,-0.19239644279475002,-0.8910746003323465,-0.34217217030151914,-0.563314497009487,0.8029301341610493,0.7140458965275086,0.43975241610544774,0.454702424768406,-0.7133741297612556,-0.20592342785480422,0.6477636719645309,0.8875153278404397,-0.7070679646583249,-0.2762746728374649,0.7133741297612556,-0.4547024247684067,-0.5367575899491508,-0.7848207026180125,-1.0099953364190213,-0.4961897785011287,-0.20406001926752979,-1.4742144526617298,-0.6279498401920818,-0.8730858650989243,-0.728375060954584,0.3620903820258042,1.6416134470186852,2.5414159871814954,2.764166958321067,2.1915221734081167,1.109020828958526,2.097714499630101,1.795125932966095,2.079927340133461,1
-0.6633027272718879,0.0783367106616796,-0.8790386569529866,-0.8681093238500562,1,0,0,1,0,0,0.6654004617313493,-0.5216507706335333,0.6873145279526244,-0.5217056925877608,-3.2843643506403735e-4,0.0019992716256794336,0.9361578440854174,0.902628125701897,0.17911619583593683,1.573542763078985,1.9785113919869657,2.272005826263029,-0.7014124920064695,-0.09718236006536975,0.6140055273354177,-0.61190336223626,0.29586294136375735,-0.61338482831405,-1.1234618125076608,4.212980713808686,-1.398853739921941,-0.6237881712951785,-0.8597617074479555,-1.8323821283015647,-3.1710126082665493,-4.212980713808686,1.12346181250766,-0.45320004908148526,-0.03432821836595151,-1.492168634480596,-1.5169093175793655,-1.347634795043149,-1.2536794960168407,-0.8726274695258333,-0.4855086804782194,-1.1624527388592034,-1.3032691506898992,-0.5588081172337243,0.10551720563822252,-0.3607044410025493,-1.0238695791747903,-1.016432198667086,-1.4418395571298541,1.127095675598167,0.16231986177126023,0
0.8787130141623758,2.01091915852132,0.27967722576327125,-1.6014324776621007,1,0,0,1,0,0,0.4634974696652297,-0.4762959485216456,-0.7071422465416066,0.749008946457149,-1.4264789143447776,-0.9451548566019549,0.9910248607361742,-0.08475006670219708,-0.32681453082754514,-0.27719920212970406,-0.7284882810838,-1.232551223349021,0.028449784174954963,0.292233946760532,-0.9421139502240353,0.3246105465893434,-0.792010680156956,-0.469355907443665,-1.0923365864985648,-0.5976867361744845,-1.0860474767580348,-0.8274669473990293,0.7729687059933654,-0.4108659942088646,0.48883575292148734,0.5976867361744845,1.0923365864985641,0.18740776423728422,-0.9349191994684248,-0.2730889752305771,-0.06981326217730856,-0.3747428216220998,-0.34003467563087314,-0.30171300108041293,0.2342775195316623,0.2638024885416898,-1.0257092285706153,-0.7864379342253526,-0.04957747333644305,0.35244048415429274,0.1607484349347019,0.062155904904119784,0.4514102871836102,0.18071947766026855,0.22417816752487937,0
-0.07219669305541997,-0.07626988516709207,-0.15484123025532542,1.0385308760612593,1,0,0,1,0,0,0.22373766658671274,-0.41524138029410446,0.20117363409225028,-0.40886901015890953,-0.019183629367472425,-0.0033670407155536224,-0.5555671809277573,-0.7051390176794833,-0.056258046000773367,-0.6569988821177646,0.3119142464019535,1.1338141591037108,-0.08589703436653297,-0.4420028671837358,-0.8315236812336407,-0.4992617385246984,-0.017957670373827964,0.03326794283509696,0.33216239355632987,1.2169526660865582,0.33088563215567357,0.13482326121418484,-0.4248032650600543,0.8697565851626273,-0.37302412552491443,-1.2169526660865582,-0.3321623935563306,-0.03541234474315745,-0.3345252120667762,1.983118155321699,1.3514417922354265,1.2808803612172301,2.0228398598500785,0.8401159358104279,0.7325910426154264,2.1241353938472036,0.3620903820258042,0.19995793940503753,0.22411901897178985,-0.03654765684034838,0.31305646532020776,-0.4771381468814831,-0.5363722402842841,0.013711913318286572,0.2860364732784985,1
-1.5885121721324456,-0.2051087150244015,1.4383931084795292,-1.161438585374874,1,0,0,1,0,0,4.892744358115728,-0.7647060993869825,-0.09306953850744984,-0.3446388986224865,-1.3434901088616646,-0.3217682396287149,-0.031682761994113226,0.006691379119239703,1.205481872582735,0.021704746235730103,0.29686973837452174,-0.03860765669497988,-0.5273085172499594,0.4196922098594689,0.18047996120228335,-0.02875294811457927,0.25328959382824684,-0.5093451511186123,-0.611077343275553,0.5534028300138731,0.4634071628058694,0.1716167353246304,-1.67682804363379,0.2218359135634049,-0.8832216034465321,-0.5534028300138731,0.6110773432755515,0.8001630639334981,0.641115017460903,1.373578325696689,1.1447137843208466,1.2126072402754011,0.19555021907814235,0.4323198869208419,0.8433273810784847,1.6280466190990672,1.0097302003041335,0.8322629866040054,1.9301604876931084,0.5469345546516133,0.6120314879287937,1.9972698554289314,1.1648087792437567,1.6837875567381073,1.605680329355712,0
1.1614159000919912,0.18140777454752677,1.4383931084795292,1.478524768348486,1,0,0,1,0,0,0.16064298156605036,-0.407100771197099,-0.4512786181940413,-0.025802939554296453,-0.6061929097507244,-0.2931479071421386,-0.6222172906052817,-1.827336818724546,2.2053149955460403,-0.9374488664083949,0.4362050443384783,0.5743127831435587,-0.28964813103909404,-0.006492701427379075,-0.33576575531683095,0.30758135583506835,-0.2051665816757064,0.13875662331943606,1.2174476778394407,-0.4241556457943308,0.8587208582698295,2.1717143681439603,-2.7056498778197446,1.0629932689913235,-0.4316190853168616,0.4241556457943308,-1.2174476778394414,0.29881781872750485,0.04072103005925432,1.2553094035306427,1.248077788278137,1.0931292786272029,0.8886600828192224,1.6557080335896,1.0648000580046022,1.069946747507413,0.4731143508735179,1.4898602356909325,-0.8889133830816909,-1.981488361813554,-1.5654092427677009,0.6014499566897238,0.36909507656128593,0.18071947766026855,-1.136704559054746,0
0.6988111776617119,2.448971180036173,-1.168717627632051,-1.8947617391869185,1,0,0,1,0,0,-0.33149556159511606,-0.16578985867872228,0.25234635976176334,-0.415812806000685,0.5002002441845737,0.19384493782476117,0.41318099229198474,1.6124674731329274,-1.2052189283258279,0.7297918334430675,0.21879934193771747,0.6069255689709722,0.14282458358530223,-0.3989128447561668,1.5777820696567393,-0.8752252540966156,-0.28678098327093143,-0.865241055361895,0.46476756340334147,0.36682327779893126,-0.9731272419562431,-0.6325747696359438,0.7680576761291422,-1.2702687986621626,-1.12918934548218,-0.36682327779893126,-0.4647675634033422,-0.11896988561082296,2.142099985965025,1.3098950599149712,0.5762117625557528,0.4274663494443799,1.109195039464111,1.4925896140337656,1.3416409041622488,0.6358690696027934,-0.859173275299045,-0.482931511569848,0.44307621281837667,0.7932937106148858,0.17767154942198057,-0.5405845059150832,0.6160407084282594,0.9044189231421907,0.22417816752487937,1
0.33900750466038404,0.20717554051898904,1.7280720791585935,-0.13478617003801185,1,0,0,1,0,0,0.9430170758222637,-0.5786350343125716,-0.4001058925245282,-0.10739254069515815,-0.9100069094367493,-0.3620155821879628,0.8380048026536684,-0.3073294454359594,0.8510772076845523,1.0631453264185955,1.5149850746622007,1.011607869433708,-1.280493675654841,0.3962768330526205,-0.26917339579723554,0.8485627221966621,0.8264637948441271,1.03108331809174,1.2589070016997488,0.13114384342216406,-0.7693109349899662,0.1521673098676069,-0.31072735342932617,-0.6167333959308334,-0.9629026188839932,-0.13114384342216406,-1.2589070016997495,-0.2582324537235989,-0.8598699510432187,-2.0744156359134416,-1.4393863146113988,-1.1086788717467513,-1.7892643907258567,-0.8726274695258333,-1.3713993881826885,-2.0306080946684437,-0.8314172830871166,-0.1035484832504671,-0.6973258384659271,-0.7367263106307022,-0.9054077777638412,-0.6992004034990842,0.4514102871836102,0.5704037944582268,-0.9511296417938885,1
-0.7661037767008384,-1.2873548858258006,0.714195681781868,0.3052077222492148,1,0,0,1,0,0,0.6401625877230843,-0.5164175219283155,0.17558727125749374,-0.40655441154498434,-0.25336479935377143,-0.08296734044384395,-0.37387069478599283,0.43526003361371624,0.9333101607943722,-0.07742001386932548,0.06954168887086735,-0.5093966150719131,-0.5665351522232747,-0.9464224806451121,-0.5864791452660639,1.2217541811826924,-0.8612611320942236,-0.5486206336539308,-0.8901438845537538,0.1880776393671132,-0.42577788918292775,-1.1849299889790168,-0.04812112931682868,-0.7494223515889309,-0.6260288698245567,-0.1880776393671132,0.8901438845537532,-0.7905249362879868,-0.351202822827933,0.7792011784006609,1.3571842368997202,0.8769310623114143,-0.49055853492817875,-0.03891110290712402,0.4434461588507728,0.8976937007198638,-0.3040534310604773,-1.0140677512169813,0.5251851605108457,0.4172718409867329,0.0761328624983096,0.3476645205553221,0.8629863402952329,1.0714264874841732,0.5334696962929761,1
0.46750881644657266,2.088222456435707,-0.4445202009343899,-0.4281154315628296,1,0,0,1,0,0,-0.6217311126901629,0.3284614079251818,-0.3361399854376369,-0.16815075431069346,0.568220061114915,0.38256025515812364,-0.36458394833751223,0.48033680921849287,1.1067249066647697,-0.7487864069587902,0.048551627110637034,0.8948906114855717,0.6871496906577067,-0.8415305152906029,-0.1838595049122985,1.6987256324623403,-0.9203855650718497,-0.14192249724995915,0.11588809585456382,1.1055876586338,-0.33388452030611665,-0.8434637609072831,0.19412541323460306,0.09892355687250529,-0.20167918869849807,-1.1055876586338,-0.11588809585456454,-0.8709877534198129,-0.3345252120667762,-0.5278220383574467,0.369483754641173,-0.03337721691295973,-1.222174502210428,0.2692014673650073,0.2342775195316623,-0.728375060954584,-0.38732140769626244,-0.8623145398892288,-0.323273965644676,-0.17917664187171697,-0.1269445113490324,-0.667477223982284,-0.7010026615289333,-0.26463402725168356,-0.023255055489598248,1
1.726821671951222,1.2378861793774645,1.0038746524609323,0.3052077222492148,0,1,0,1,0,0,-0.36935237260751347,-0.12799417358548257,-0.7455217907937414,0.9226038425015356,-0.9419020066438308,-0.8114442407662313,0.7325186279990088,0.32211715314382267,-0.040511027591107696,-0.5421008195001694,-0.3692153802350725,-0.7626771738209914,0.32798675413325706,2.0636581128832,0.7308428926154618,-0.21314627002328826,1.071317297938789,0.9813041514207828,0.1590389773671773,-1.1979336225714128,1.0433978873379117,0.2900264643724948,-0.1588115137809827,1.794643127651078,1.4380505854921939,1.1979336225714128,-0.15903897736717798,1.6078859589875987,0.41596727218528484,-0.6187981323313287,-0.625394783447741,-0.20406001926752979,-0.11949971898598452,-0.6279498401920818,-0.762349526635866,-0.29429738304996345,1.3613061016552261,0.6552175733882943,1.0634549287170376,0.806259981981374,1.5653669373788135,1.0138512904081252,0.03983423407198747,-0.48731077970765985,1.646919199858125,1
1.521219573093319,0.928672987719922,0.5693561964423357,-0.13478617003801185,1,0,0,0,1,0,0.059691485532990585,-0.3925639692381606,-0.7966945164632545,2.0480774185226416,-1.757868554862707,-1.8847067090128422,0.5607005997636436,0.18295884368288548,-2.1859742471516848,0.8111627714618382,0.09480357985347014,-0.7223868442936522,-0.6152929099471163,-0.3763716243124401,-0.6975476625708458,-0.7392370582117676,-0.010504853665215171,-0.25919418554323603,-0.49529816032406576,-0.49401881205127574,-1.1557339252987224,-0.9499046902525752,2.245438074674415,-1.1062450054602004,-0.3763019710345303,0.49401881205127574,0.4952981603240644,-0.5367575899491508,-0.8598699510432187,-0.8735311954581982,-1.077612300760884,-1.0233374705694662,-0.24551969421163483,-0.6279498401920818,-0.4855086804782194,-0.790386157798101,-1.1089772052064004,-0.9381911455531051,-0.23204180154193166,0.9229564242797662,0.36382580878204385,-1.5557262504526888,0.6160407084282594,0.4033962301162448,-0.5181215015185524,0
0.33900750466038404,1.3151894772918502,-1.8929150543297122,-0.4281154315628296,1,0,0,1,0,0,0.47611640666936217,-0.4780403647567182,-0.46407179961141953,-0.009022099603339084,-0.808081079856101,-0.36067400410265454,0.21204726952073877,-0.29070613661085914,0.4794992160469521,-0.5193991232939127,-0.01197875359383073,-0.3984130490095669,-0.24003698999454304,-0.7995352842169284,-0.591455936117382,-0.16471082827940894,-0.7900356819274988,-0.4569018188457507,0.12009793795335687,-0.6624995530634572,-1.0937431254241186,-0.19350427719567123,-0.8210099894240895,-0.0817111517154433,-0.43050273103671716,0.6624995530634572,-0.12009793795335758,-0.7595776989295921,-0.5596729573423944,-0.027453521501095285,-0.10857476366129187,-0.40887938209301433,0.25856020669096863,0.6769975162545934,0.6772228733838963,-0.10826409251941274,-1.0257092285706153,-0.17942508891434333,0.014285041535478216,-0.41256952646850126,-0.4146374576327655,0.37938770007212164,1.0276167615398821,0.7374113588002092,-0.5181215015185524,0
-0.2263982671988458,1.2378861793774645,-0.8790386569529866,-1.6014324776621007,1,0,0,1,0,0,-0.6722068607066928,0.7267697816000928,-0.041896812837936774,-0.3527399937712245,1.0379501858833067,0.8315417210412892,0.19840130201183215,0.2446354266719913,0.8845746031511051,0.8645485585537893,0.7507983362662431,0.8221743089521151,-0.8339939899215817,-0.6920477206364827,0.2666639806880428,0.6330957834033393,0.06020326502525735,0.10039569827655073,0.5364130502320184,0.5893397650429548,-0.9673677683810514,-0.06863167855840126,-0.5730429091364223,-1.1082527995386051,-0.8780577492891246,-0.5893397650429548,-0.5364130502320191,-0.8152827261747027,-0.10937746679115769,-0.982702508226857,-0.5478717804797735,-0.4942207832702994,-1.1591645145976028,-0.5463906304141645,-0.8177176958673952,-1.1624527388592034,-0.8036612908751883,0.19995793940503753,0.8353745184601769,0.37837302688726915,-0.11002139686175369,1.0772976494417266,0.8629863402952329,1.3497724280541432,0.904619530814692,1
0.8787130141623758,1.547099371035007,1.0038746524609323,-1.161438585374874,1,0,0,1,0,0,-0.6974447347149578,0.8110832329619352,0.35469181110078946,-0.4389587921399365,1.4079334751761867,0.9630163734014991,1.1757926260249458,0.42415477027961024,0.38483115141555196,1.1064715761949417,0.6735157734684338,-0.6963635184736253,-1.6906302699021682,1.0611335511361932,-0.12159550642800139,-0.23323964940586492,0.7170287141506495,0.2552598072705562,-1.14725589024189,0.1880776393671132,-0.5746961271137048,-0.7039774424682682,-0.7604604300118003,-0.7837783169191257,-0.6263919720842842,-0.1880776393671132,1.1472558902418892,0.7166055230658329,-0.3345252120667762,-0.7006766169078218,-0.7029177864157086,-0.40887938209301433,-0.5605696322757617,-1.6066603575270884,-1.4267675574142176,-0.6043528672675491,-0.19302946221276363,-0.17942508891434333,1.9985846107701668,1.1952481229760152,0.7530574419894479,2.1955397274089323,1.9536628810410333,2.31006592302054,2.095391916571865,1
0.33900750466038404,0.05256894469021735,1.7280720791585935,-1.6014324776621007,1,0,0,1,0,0,-0.6595879237025604,0.6511784114136133,0.31631226684865466,-0.4314363466446798,1.22805899743904,0.8342248772119057,1.6860842299051035,-0.2572260482281733,-1.6363632181960712,2.90302095650694,2.6725606007995517,-0.3734823254605619,-3.42429716491688,0.8961416077653009,-0.2308670967865213,-1.2842659051585061,0.7714407495703844,0.4692226796464709,-1.046543814281098,0.5285640660967139,-1.4491270299594365,0.12177323423975003,0.9463999572137801,-3.156846583117154,-3.016355052382883,-0.5285640660967139,1.0465438142810974,0.6887530094432773,-0.3345252120667762,-0.3913578973966235,-0.9613277963089331,-0.6478353053894121,0.7626401075935709,-1.3619827281933365,-1.149926711256571,0.07776919801113909,-1.3032691506898992,0.38964945356472797,0.8125664774344908,1.2276638013922352,-0.3469449996836519,-0.857816301083085,2.4681329474305618,3.214690229872943,-0.1469716669968365,1
0.030604356373531493,0.15564000857606544,-1.168717627632051,-0.4281154315628296,1,0,0,1,0,0,-0.7479204827314877,1.7356238375504147,0.08603500133584588,-0.393824119168396,1.541019557098068,1.639171728396864,0.02000426728587111,0.8731301119050857,-0.5425427755079076,0.548337809890057,0.40088182174770737,0.6614637582244122,-0.4051977507681845,-0.8950626540841495,0.27085650693498486,-0.37735845566479176,-0.5485499687655967,0.11145971388312587,0.6152054390719316,0.2920044097428146,-0.9221524783781867,-0.9270603773106992,0.3624652937774939,-1.2847017643609304,-0.4123472851121871,-0.2920044097428146,-0.6152054390719323,-1.0102503215325889,-0.18442671521636386,-1.2010451337641732,-1.1809763047181743,-1.2964299543367779,-0.15100471279239655,-0.46483142063624716,-0.762349526635866,-1.3484860293897554,-1.053465220782544,-1.1658209625447336,-1.3998135020570583,-1.0349505520599276,-1.396178097894916,-0.794369942049485,-0.4540570296619595,-0.3759724034796717,-1.4459960878228426,1
0.6988111776617119,0.18140777454752677,-1.168717627632051,1.478524768348486,1,0,0,1,0,0,-0.33149556159511606,-0.16578985867872228,-0.4512786181940413,-0.025802939554296453,-0.1581902790310473,-0.10756293867449544,-0.744199799571019,-0.16431730847124484,1.4430738229111604,-0.7829926019476663,-0.069795321142366,-0.14637712903708083,-0.1935791897478551,-0.45278351195740324,1.637802158683703,-0.8562842922214977,-0.34183636357853975,-0.7869998647140078,0.46476756340334147,-0.6605917564372907,0.5824119869728122,1.8662449114951902,-2.8332133931190646,0.7188134041567908,-0.6776148550204203,0.6605917564372907,-0.4647675634033422,-0.17467491285593337,2.2171492343902317,1.328090278709748,0.6020527635450756,0.4274663494443799,1.2352150146897614,1.4925896140337656,1.3416409041622488,0.6978801664463103,0.3898463742377325,1.4898602356909325,-0.44187577897824326,-1.7480954772167696,-1.430024326869473,1.0772976494417266,0.8629863402952329,0.5704037944582268,-0.9511296417938885,1
1.495519310736081,0.6967630939767645,-0.15484123025532542,0.5985369837740325,1,0,0,1,0,0,0.5139732176817596,-0.48269214138357847,-0.8350740607153893,5.013656892614247,-2.6310335030634575,-4.245884139155387,-0.7340827194763876,-0.9345812154344504,2.222017113283089,-1.1478442089800187,-0.6805723688002931,-0.386288046322448,0.759034767530604,-1.2642963753593486,-1.6290129651560399,3.4630649513661758,-1.4180149591007294,-0.5111595076487735,-0.663442976312604,0.13114384342216406,-0.24251015052263022,-0.3491673796065138,0.44247446754036124,0.14458411359128545,0.3857296410351765,-0.13114384342216406,0.6634429763126033,-1.2609229441355856,-1.6103624352952797,-0.7734574920869285,0.9509062769009282,0.2567835470898098,-2.6083942296925864,-0.46483142063624716,-0.2086678343205727,-0.728375060954584,0.16779843654230542,0.19995793940503753,1.8571747564109133,1.8565279626669051,1.8192136546879905,1.1407440084753266,-0.04248097655033679,0.013711913318286572,2.203643951640699,0
0.33900750466038404,-0.7719995663965628,1.7280720791585935,0.7452016145364414,1,0,0,1,0,0,0.9430170758222637,-0.5786350343125716,0.6361418022831113,-0.5112899988250976,-0.1341252488281154,-0.0498750810062401,0.9956631891453204,0.26580744381383276,-0.3508933101495323,0.9555033207744859,0.806683110672768,1.0282955887764484,-0.3113507173930503,0.44987768474307943,-0.22582726644459683,0.7868333439170881,0.6194496178091023,0.6582795323360695,0.6006469349749696,0.8067582219688989,-0.9349814197877299,-0.591057856530652,1.270374538688147,-0.6765877050889216,-0.4060457123468469,-0.8067582219688989,-0.6006469349749702,-0.17467491285593337,-0.7848207026180125,-1.919756276157842,-1.3231018101594472,-1.05747403104038,-1.7892643907258567,-0.9541866793037505,-1.2606630497196296,-1.8445748041378918,-0.8036612908751883,-0.4070549059059717,0.5799244589724931,1.1952481229760152,0.8038267854512828,-0.667477223982284,-0.12479618717266176,0.29205785388825667,0.7190446135538346,1
1.3156174742354179,0.928672987719922,-0.4445202009343899,-0.13478617003801185,1,0,0,0,1,0,-0.44506599463230834,-0.011699757913975716,-0.7966945164632545,2.0480774185226416,-1.212359097970957,-1.591795493720538,0.17252026013140423,0.42521391948380183,-2.289663107797961,0.859654005791441,0.12333387131391606,0.09868152279894313,0.251178300341743,-1.077521962030997,0.03235455073936727,-1.0758479727153218,-0.007065448430131992,-0.4218430848527289,0.6912331826893887,-0.550966827225982,-1.3165408697288585,-0.5512073702958148,2.048922714332037,-1.1683430792902092,-0.572187740367854,0.550966827225982,-0.6912331826893894,-1.0102503215325889,0.04072103005925432,0.04532735367801011,-0.5220307794904515,-0.4942207832702994,0.6051151385615076,1.0847935651441794,0.7879592118469556,-0.5423417704240322,-1.2477571662660425,-0.5588081172337243,-0.15905607025973648,0.8970238815467907,0.31305646532020776,-1.4922798914190887,0.6983559190505837,0.45906541823023866,-0.5799798072721716,0
0.544609603518286,-0.23087648099586283,0.27967722576327125,-0.8681093238500562,0,1,0,1,0,0,-0.15483044353726144,-0.3053431574845305,-0.6943490651242283,0.7258629603178974,-0.9487094836240401,-0.7957924964376348,-0.005261651696263209,0.755465088297133,-1.106977173650863,-0.6433134074366722,-0.6389185251688615,-1.3664876044088343,0.7162434025923139,-0.5714612312555414,1.1625113137451608,-0.9572592725793679,-0.354234574917233,-0.2771350751036296,-1.1598770966922176,-0.7133741297612541,-0.5636808741817806,0.12767877175325795,0.5513216291256186,0.5178219695905064,0.5600569134976308,0.7133741297612541,1.159877096692217,-0.5924626171942612,0.9413120111617277,-0.2821865846279648,-0.7158382869103699,-0.801449827508525,0.6051151385615076,-0.5463906304141645,-0.04256332662598434,-0.046252995675895824,-0.8036612908751883,-0.4070549059059717,-1.5184153153906257,-1.060883094792903,-0.8207922053274488,-1.3653871733518879,-1.1948939252628807,-1.545025353873546,-1.569712699330082,1
0.33900750466038404,0.8771374557769975,1.7280720791585935,1.0385308760612593,1,0,0,1,0,0,-0.6595879237025604,0.6511784114136133,-0.7199354279589849,0.8097671600726843,-0.17005144961488727,-0.1250034537835029,-0.2214636585423104,0.07222696671457732,-0.9412110347591307,0.12166133513469976,0.1775200874778655,-0.011779840430235854,-0.010838567792257586,0.866390134665045,-0.3756757460850595,-1.502888586695811,0.8668993998327966,0.6750545230417727,-0.2645441656443792,0.2463053852199044,1.1736374224200217,-0.4754774939497302,-0.22359107633447456,0.6952459905457223,0.4282745451097569,-0.24630538521990367,0.2645441656443785,0.6330479821981672,-0.4846237089171882,-0.4732363819731166,-1.1292943027395286,-0.7843815472730677,1.0146800580448727,-1.1173050988595852,-1.149926711256571,-0.10826409251941274,0.6951622885689447,-0.7105613285614767,-0.9801455471844351,-0.9312203811280227,-0.6346379459673855,-0.6040308649486834,-1.3595243465075295,-1.4336869776455579,-0.9511296417938885,0
0.030604356373531493,0.0783367106616796,-1.168717627632051,-0.8681093238500562,1,0,0,1,0,0,-0.7479204827314877,1.7356238375504147,0.6873145279526244,-0.5217056925877608,1.8647111901459548,1.738001314014573,0.3204169537733917,0.5843739609029334,0.6689385879235439,0.9980559668125201,2.1388084673879115,2.5818548726971753,-0.895486029807997,-0.9719757880212779,0.3500305199129588,-0.38654833625464585,-0.46426959896923764,0.28515450451871577,0.5444209881177442,2.981392002916201,-1.4167343289848697,-0.4514187098950779,-1.3029052586233167,-1.8086710089798579,-2.502157884970975,-2.981392002916201,-0.544420988117745,-1.0659553487776992,-0.10937746679115769,-1.1646546961746211,-1.1551353037288514,-1.2452251136304073,-0.024984737566746233,-0.38327221085833024,-0.6516131881728072,-1.2244638357027204,-1.3957891247296605,-0.6852691266735177,-0.9588580422271281,-1.3980061503215924,-1.870025303538713,-0.7520723693604175,-1.0302635040182315,0.5704037944582268,-0.8686519007890618,1
-0.07219669305541997,0.026801178718756015,-0.15484123025532542,0.3052077222492148,1,0,0,1,0,0,0.22373766658671274,-0.41524138029410446,-0.579210432367824,0.063309107081822,-0.893242824141407,-0.3682762799194014,-1.4375476950341197,-0.505429377630989,-0.5185958510249069,-1.035079274219909,-0.8485133521434699,0.23307446881517233,0.794520514789129,-0.6301473720377018,-0.865030665401424,-0.5335898746209687,-0.4622945668051012,-0.2999993280113474,0.34468811875864686,-0.023971702672748577,1.3693092343957984,-0.17285104841342477,0.17273153663216143,0.9399219427925567,0.810217960874851,0.023971702672748577,-0.3446881187586476,-0.28608496734615396,-0.40957446049198204,1.8193611861687105,1.1963957862994923,0.9224464762726329,1.9283248784308402,1.0032343553662626,0.8986955503100138,1.814079909629618,1.1392581639597994,-0.2553016945782196,-0.2959043164138529,-0.16621037050522874,0.2115177783965368,-0.28679906978068154,-1.0302635040182315,-1.1553410370755877,-0.332546584257695,0
0.6988111776617119,0.6967630939767645,0.5693561964423357,-1.161438585374874,1,0,0,1,0,0,-0.81101516775215,5.035477882229421,-0.34893316685501513,-0.16236425777588057,1.960722149154853,3.998113195063895,0.29494555510470377,-1.4988190719101324,0.7460259241866485,0.2577589044104427,0.8547507632903668,-0.8082200769830281,-1.3783404504400494,-0.229880994263056,-0.5457689961022785,0.3946954942131398,0.0015754297775190185,0.4529676550740482,-0.5252107151899512,-0.5814181964513455,-0.6398233550064893,1.5104368142393696,-0.6232115229836975,-0.34665348144133856,-0.6689831023413472,0.5814181964513455,0.52521071518995055,-0.007559831120602114,-0.25947596364157,0.9732835122116075,1.0542702808582185,1.0077878774499178,0.7626401075935709,-0.5463906304141645,-0.3747723420151606,1.4420133285685155,-0.3318094232724056,2.2486262923296945,1.6290943461540526,0.9877877811122063,0.7699805564767266,1.331083085576127,1.6861384465184783,1.461110804282131,0.904619530814692,1
0.46750881644657266,0.33601437037629844,-0.4445202009343899,1.7718540298733036,1,0,0,1,0,0,-0.6217311126901629,0.3284614079251818,0.9431781563001896,-0.5732055117475955,1.381315990602533,0.6955951417300518,-1.0844838458350048,0.1862049514443586,0.40264710356113065,-1.0625220322277984,-0.30400258441859385,-0.06043045290763982,0.808235617579476,-0.7216960591770557,0.14630353968206836,1.2648307991674865,-0.43093453326511694,0.627802804161759,0.10398440440281079,-0.18555039652161812,0.7868909880530336,-0.1090084651840165,0.7206008940201798,1.0080914108424675,1.008145494927117,0.18555039652161812,-0.1039844044028115,-0.8988402670423681,-0.3345252120667762,-1.3557044935197728,-0.6124742829530796,-0.7331767065666972,-1.1276595207911904,-0.5463906304141645,-0.6516131881728072,-1.2244638357027204,0.1400424443303771,-0.6346847228976005,-1.682633210775566,-1.1386807229918314,-0.7361766328910565,-1.5557262504526888,-1.4418395571298541,-1.6563637301015341,-1.5078543935764617,0
0.544609603518286,0.928672987719922,0.27967722576327125,-0.13478617003801185,0,1,0,0,1,0,-0.15483044353726144,-0.3053431574845305,-0.7966945164632545,2.0480774185226416,-1.577700841569757,-1.817627804747429,0.4675160752730172,1.0102094782246176,-2.171020515851026,0.495696111047592,0.18453295919936435,-0.7751096565353627,-0.24961458987498764,-0.7436356423965338,0.8617043631894841,-0.8047694472399218,-0.2339541176614569,-0.13705549995167368,-0.4019224822967764,-0.6585353003337585,-1.3931244551613693,-0.5233076976841289,2.1591420919796604,-0.9016383646490962,-0.3737099046531709,0.6585353003337585,0.40192248229677574,-0.7317251853070371,0.7161642658861095,-0.18211288125669506,-0.5607922809744348,-0.6136987449184976,0.6051151385615076,0.02452383803125581,0.2342775195316623,-0.046252995675895824,-1.3032691506898992,-0.482931511569848,0.03253147435602734,1.143383037510063,0.65151875506577694,-1.5240030709358887,0.6983559190505837,0.4033962301162448,-0.332546584257695,0
0.030604356373531493,0.6967630939767645,0.27967722576327125,0.5985369837740325,1,0,0,1,0,0,-0.5586364276695006,0.06098425188071606,-0.8350740607153893,5.013656892614247,-1.5897796604139562,-3.8277589692343112,1.146388868852093,0.13965618103046007,0.07311923859169407,0.8690371083411593,0.7713865777796347,0.6989219669178548,-0.40497507272271016,1.3240393001224784,0.0570038576453789,0.12503738297304373,0.9128536396859944,0.8731359972364554,-0.04921092906325296,1.002053003267564,-0.27111716033489336,-0.13457727807293096,0.025694062664826597,-0.26884302479362965,-0.15039297134644497,-1.002053003267564,0.049210929063252244,0.939425632046274,-0.18442671521636386,-0.7006766169078218,-0.5349512799851129,-0.1699234587966153,-0.4660546508565234,-1.1988643086375024,-1.3160312189511594,-0.6663639641110671,-0.19302946221276363,-0.02767187758659086,0.32447439948480933,0.28760912732185256,0.1607484349347019,0.2524949820049213,-0.7010026615289333,-0.32030321536567735,0.5334696962929761,0
0.6988111776617119,0.33601437037629844,0.5693561964423357,1.7718540298733036,1,0,0,1,0,0,-0.81101516775215,5.035477882229421,0.9431781563001896,-0.5732055117475955,2.79007266146853,4.31562000858685,-0.7165747955073666,-0.2838623921729676,-0.696448100558845,-0.464367494777017,-0.2922619816048484,-0.40036082399784717,0.3134183744888473,-0.38304239693544945,-0.431691105588375,0.020855388773261156,-0.040190648624710563,0.4142221366864765,-1.321428539256431,0.7645323233097278,0.6136832467505864,-0.042848631213870884,0.9730255390445217,0.5874781677543763,0.784362184576117,-0.764532323309727,1.3214285392564302,-0.3696425082138195,-0.40957446049198204,-0.018355912103706302,-0.0052107597040024186,-0.01630893667750248,0.3845801819166189,-1.1988643086375024,-0.8177176958673952,0.38782468222872474,0.19555442875423396,-0.4070549059059717,-1.1261170097488256,-0.5292659687668935,-0.2792525417345383,-1.3019408143182878,-1.6887851889968277,-1.6563637301015341,-0.8892713360402683,1
0.930113538876852,0.026801178718756015,-0.15484123025532542,-1.161438585374874,0,1,0,1,0,0,-0.7731583567397526,2.0554334806470584,-0.7711081536284979,1.729820109107933,0.21019201111646588,0.2439305196762697,-0.2818738587538699,-0.42592088921721777,2.073795994038321,-0.3886616413674779,-0.46905880076538065,-0.40669229227803305,0.19905092477260042,-1.461443523678499,-0.8998306617491139,2.3523782789880068,-0.8813556576428317,-0.14806295407946116,-0.07652239220166908,-0.4787858038769716,-1.0683046870280029,-0.3168408163706872,-0.47103528854086735,-0.3488803800322672,0.46524475705939566,0.4787858038769716,0.07652239220166766,-1.4280380258709164,-1.009968447893631,-0.8007503202790929,0.4082452561251572,0.017827623793410803,-1.9152843659515075,-0.46483142063624716,-0.4855086804782194,-0.9144083514851348,-1.1367331974183288,-0.6346847228976005,-1.1626098753899237,-1.1905458084577836,-1.2269469530221315,0.12560226393772106,-0.6186874509066087,-0.8769950965056176,-1.2604211705619852,0
-1.7170134839186342,1.1348151154916164,0.27967722576327125,-0.4281154315628296,1,0,0,1,0,0,0.7032572727437467,-0.5280469634954661,-0.2593808969333673,-0.24511115822370483,-0.6392130750106065,-0.21667795627956757,-1.7003175606407452,0.4582041171305054,-0.4878219348481339,-0.15310459348445926,-1.2326216742430687,-1.6159182970845722,1.092672226865277,-0.4920575847807355,0.736267012809709,-1.5213201277315496,0.6055952658745944,-0.6790023584637966,-1.3422252734671216,-0.8727171435694476,1.8726748174144006,0.1086766000261202,-0.8619110857474396,0.8073323274354779,0.9395548993974668,0.8727171435694476,1.342225273467121,-0.6203151308168162,0.340918023760079,-0.8098479296764806,-1.3877043126327533,-1.1257471519822078,-0.2770246880180474,-0.709509049969999,-0.1532996650890431,-0.728375060954584,2.193985868013078,0.4275877563966659,0.9630995482040194,0.31354167005482897,0.6345956405784983,1.9655466759121307,-0.5363722402842841,-0.9326642846196119,0.8427612250610729,1
-0.3291993166277972,1.3151894772918502,0.27967722576327125,-0.4281154315628296,1,0,0,1,0,0,-0.40720918361991093,-0.06984696574972914,-0.46407179961141953,-0.009022099603339084,-0.07210722296840455,-0.04674473214052082,0.4646364330051744,0.42867023598129006,1.2273795417657376,-0.15793799593849178,0.36430573544092826,-0.42608003837012476,-0.8403718386545277,-0.4851550419960308,0.5342586903830328,0.8553386022712568,-0.5638045998222152,-0.09680098673264416,-0.16027754582615011,-0.4221610355600758,-1.1308494721535,-0.05315472407191963,-0.8183361443095366,-0.3456949468304624,-0.5681226210592526,0.4221610355600758,0.16027754582614942,-0.4253475354589299,0.5660657690356972,0.1908891040362222,0.6149732640397371,0.3421249482670949,-0.30852968182446,0.18764225758709038,0.2896456887631914,0.20179139169817292,-1.053465220782544,-0.02767187758659086,0.07814755640739948,-0.3607044410025493,-0.4654068010946016,0.47455723862252236,1.1099319721622063,0.9600881112561845,-0.5181215015185524,1
2.1637261320242622,0.6194597960623787,0.27967722576327125,0.5985369837740325,0,1,0,0,1,0,-0.6091121756860305,0.3313687683169695,0.8408327049611636,-0.5552673724896755,1.305239441938554,0.6839681316573802,1.1338276304960497,0.6766133262696951,-1.750512465371237,2.114488856819274,1.1257317076753566,1.5329476676843552,-0.33566042775150773,0.8271777821035923,1.091491304228371,-1.010304658878952,2.00302436971448,0.7232929615310555,0.4783555005605047,1.6163306238481758,-0.7501086270901529,0.16475900326509196,1.3777504339137299,-0.8703733526771505,-0.7573515543914202,-1.6163306238481758,-0.4783555005605054,0.7723105503109431,1.0163612595869336,0.018034525485845748,-0.5091102789957901,0.2567835470898098,0.25856020669096863,-0.30171300108041293,-0.5408768497097485,0.20179139169817292,-0.8869292675109735,-0.2553016945782196,-1.1626098753899237,-0.38663698373552574,-0.685407289429221,-1.9046812251374914,-1.1948939252628807,-0.6543183440496418,-1.0129879475475077,1
-0.1749977424843705,0.026801178718756015,0.5693561964423357,0.3052077222492148,0,1,0,1,0,0,-0.29363875058271866,-0.2239370665144757,-0.5664172509504457,0.0835618449536671,-0.42318787746613595,-0.23680162755919154,-1.2181942648340416,0.8208740538111529,-1.016399677349401,-0.7379957239057788,-0.7782312568361761,-0.13029825670921952,1.081109478423968,-0.6663286799747808,0.9888266267238831,-1.0037150066621796,-0.5550414113582097,-0.690780804135024,-1.0333455079749942,0.8471482119907131,1.028141013468669,-0.13609059280141944,0.38081562473812214,0.4466150491228436,0.3373257428498635,-0.8471482119907131,1.0333455079749936,-0.6203151308168162,0.9413120111617277,0.06352257247278678,-0.4703487775118068,-0.6478353053894121,0.6681251261743327,-0.05703537174666111,0.5111183656893089,0.20179139169817292,0.6118943119331598,-0.4070549059059717,-0.8889133830816909,-0.5811310542328463,-0.38079122865820925,-0.9529858396334858,-1.4418395571298541,-1.32234860141757,-0.8274130302866491,0
1.0586148506630406,0.5936920300909173,-0.8790386569529866,1.7718540298733036,1,0,0,1,0,0,-0.596493238681898,0.1772786675522229,-0.4896581624461761,0.019910383070725346,0.2670570293988722,0.12095252852301216,-1.1359962838141209,0.081890812625941,0.3056737653023247,-1.3323696807371903,-1.1045188489276976,1.2384312982261922,1.6020285133714434,0.10453538734583975,0.0806152989974532,0.1967862124038161,0.08706987505128821,-0.15994313593683276,0.44932672572474713,1.2434358081027634,1.6840810131922699,-0.031639073470770385,-0.22011511182417298,1.8862824789995183,1.279775256645456,-1.2434358081027634,-0.44932672572474786,0.24311279148239442,0.26586877533487285,0.5820863081239148,0.6020527635450756,0.615217432034406,-0.024984737566746233,1.166352774922097,1.009431888773073,0.5118468759157585,1.0282341951120857,-0.4070549059059717,-1.1534866589796486,-1.0738493661593913,-0.38079122865820925,-0.7626467625326843,-1.7711003996191523,-1.6006945419875402,-0.6418381130257917,1
0.5189093411610479,1.5986349029779314,0.27967722576327125,0.3052077222492148,0,1,0,0,1,0,-0.4198281206240434,-0.03786600144006476,-0.2849672597681238,-0.24048196099585453,0.19286792820551132,0.15672794413123253,-0.7112793680633676,-1.6177879267371447,-0.2879515563731205,-0.9100103357394679,-0.675122198510189,-0.6251902006690777,0.08533506848692572,-0.8528999698927492,-0.6925722612686559,0.46410608960669697,-0.8811919267386492,-0.38794820510035793,-0.19575715951429745,-0.6585353003337585,0.13684367524868518,1.5266610127278775,0.8600212858303725,0.3555904242131243,0.49893600853506165,0.6585353003337585,0.19575715951429676,-0.8431352397972577,-0.7097714541928067,-0.2639913658331881,0.007709740790658993,-0.34060626115118536,-0.30852968182446,0.02452383803125581,0.12354118106860354,-0.17027518936292965,0.3065783976019474,1.793366658346437,0.7167727051266096,1.0915179520441112,1.1930584186586881,-0.12818317219668063,0.6983559190505837,0.4033962301162448,0.5953280020465953,0
0.15910566815972013,1.547099371035007,-0.4445202009343899,-0.13478617003801185,1,0,0,1,0,0,0.31207022561564,-0.4448964562903387,-0.06748317567269331,-0.3469534972364116,-0.26389745857357183,-0.07402348654178885,-0.29804570303890504,-0.9304669147843562,1.1286274084424552,-1.6366440880154425,-0.02870684136207794,-1.4940170403410478,-0.4768216831580887,-1.1974219747698476,-0.887853789483449,0.32177728681168377,-2.000377796883853,-0.5756505589305798,-0.8963291925090734,-1.148692672639306,-0.782010123084817,0.38766260558594284,-1.2195163354203293,0.22746019431204664,-0.5246904297897399,1.148692672639306,0.8963291925090727,-1.3166279713806959,-1.2351161931692491,-1.8924634479656777,-1.4781478160953823,-2.0132977242259726,-0.844114576533476,-0.8726274695258333,-0.5962450189412776,-1.8445748041378918,-0.49834537654397587,0.9587239960437993,1.5926014805129542,0.585833368751077,0.65151875506577694,1.648314880744129,2.097714499630101,1.5167799923961247,0.7809029193074537,1
-0.09789695541265715,1.1863506474345409,1.0038746524609323,-0.4281154315628296,1,0,0,1,0,0,0.5392110916900246,-0.49432158295072914,-0.2977604411855021,-0.2375887127284481,-0.6084615294255563,-0.19655428499994362,0.23492534550868602,-0.5104926949630653,0.8951219171861121,-0.029864115023402707,-0.31543087932665803,-1.5402558157050477,-0.4438448269255355,0.20729050016931103,0.7606760257569469,-0.7649345665072406,0.43762875488297603,-0.2437100908772953,-1.7858889366285426,-0.3295023237687909,-0.11954718630710064,1.4626957885383711,-1.992347116886555,0.47428967478173023,0.17214012223490474,0.32950232376879157,1.7858889366285426,0.04814519612450831,0.491016520610491,-0.5005292101652823,-0.7933612898783374,-0.596630464683041,-0.2140147004052217,-1.3619827281933365,-0.8177176958673952,-0.4183195767369984,-0.44283339212011924,0.6552175733882943,-1.3815670692365094,-2.0074209045465303,-1.751563502127764,0.37938770007212164,-0.6186874509066087,-0.8213259083916238,-1.569712699330082,0
2.0609250825953116,0.4648532002336079,0.5693561964423357,-0.4281154315628296,1,0,0,1,0,0,-0.3062576875868511,-0.21928528988761545,-0.6431763394547153,0.3555271820898727,-0.606682881606209,-0.4434046526966642,0.48102657594612863,0.12918671075886792,-0.81858894631516,0.8522306826604461,-0.29788072481996025,0.5106536068027174,0.1627385952952497,-0.19283362957290698,-0.12706029920910622,0.12657061088522453,0.5002174339078211,-0.1937278650911442,0.3735052989149339,0.3260326064644921,-0.8615562539181678,-0.30459903324586696,1.2462297700213267,-0.6553016261439162,0.19812197706974607,-0.3260326064644921,-0.37350529891493456,-0.3974950218363748,-0.40957446049198204,-0.9281168518425269,-0.7287587874050313,-0.5112890635057554,-1.2536794960168407,0.02452383803125581,-0.1532996650890431,-1.0384305451721696,-0.9424412519348303,-0.5588081172337243,-0.934529465133063,-0.23104172733766892,-0.4654068010946016,-1.016432198667086,-0.37174181903963527,-0.26463402725168356,-0.8892713360402683,1
1.958124033166361,-2.0088523330267334,-0.4445202009343899,1.0385308760612593,1,0,0,1,0,0,0.021834674520593164,-0.38267894390608254,-0.16982862701171944,-0.3191783138693098,-0.16304843508461828,-0.047639117530726326,-0.7796143491594724,0.30811752723584457,0.19538296930989446,-0.7869172243412408,-0.5888039975993078,-0.577677822707856,0.45862012869842383,-1.021032846338358,1.3484693787337643,-0.8666751994499705,-0.5072462471922685,-0.8142582473551988,0.3506288912831737,-1.1356331163529647,0.06386874082550094,0.9279660456802671,-1.1380200580244566,0.5600977066932874,-0.02949066191112338,1.1356331163529647,-0.3506288912831744,-1.038102835155144,0.9413120111617277,-0.6187981323313287,-0.9354867953196102,-1.05747403104038,-0.11949971898598452,0.4323198869208419,0.2896456887631914,-1.1004416420156866,-0.026493508941193386,0.7310941790521709,-0.2959043164138529,-0.8145239388296306,-0.5669454880182719,0.37938770007212164,0.5337254978059351,0.013711913318286572,-0.6418381130257917,1
-0.2263982671988458,-0.5400896726534062,-0.8790386569529866,-0.13478617003801185,1,0,0,1,0,0,-0.6722068607066928,0.7006035380740037,0.5082099881093286,-0.48756536303236475,1.3762689340035341,0.9156139477206071,0.32299277893115846,-0.34258780038668685,-0.5521984573463334,0.755089192019651,0.9712296077043654,-0.7080494052617613,-2.313133586088257,-0.6982534589968726,-0.1344123094660282,0.47759608518198293,0.06703395275211606,0.347002826024787,-1.0618771407249559,0.08746187929198715,-1.1468159505799194,0.3355612065043407,1.2348117963672878,-0.9536070640575159,-0.923865335929475,-0.08746187929198715,1.0618771407249543,-0.9266927806649233,-0.6347222057676005,-1.637730384838808,-1.1938968052128347,-1.1086788717467513,-1.2851844898232538,-2.0144564064166746,-1.980449249729511,-1.534519319920306,-1.071969215590496,0.326418948844831,0.04469576290305922,0.6765972683164937,0.21715881655896382,-1.2279200621124204,1.3020007969476304,1.4982235963581267,-0.04387449074080463,1
1.2385166871637046,-1.7254069073406524,-0.4445202009343899,0.3052077222492148,1,0,0,1,0,0,-0.785777293743885,2.131024850833538,0.7001077093700027,-0.5228629918947234,2.238511429869467,2.0429867320746515,0.120308884976957,-0.5126370025395753,0.32481579109567854,-0.5568590118669697,0.28382562853681464,0.9711422552393354,0.007829801354639648,-0.32808432702997486,0.11484569714641622,-1.2122379039657156,0.10770028575979447,0.09005226984651979,0.4025854781078499,0.9252428331319453,-0.49511042707208247,0.818660272316382,-1.662216253528965,0.8590743592414065,-0.28106870347887253,-0.9252428331319453,-0.40258547810785056,-0.5367575899491508,-0.25947596364157,-1.06458099280335,-1.4393863146113988,-1.3305665148076924,0.19555021907814235,-0.38327221085833024,-0.5962450189412776,-1.4725082230767892,-0.5816133531797613,0.5034643620605421,-0.5969704579529088,-1.2942759793896883,-0.939254006738398,0.1890486229713212,-0.5363722402842841,-0.15329565102369538,-0.5799798072721716,1
-0.3291993166277972,2.165525754350092,0.27967722576327125,0.3052077222492148,1,0,0,0,1,0,-0.40720918361991093,-0.06984696574972914,-0.630383158037337,0.3323811959506212,-0.42995685389611715,-0.310588422251146,-0.7953721695405339,-0.4172944099237293,1.19099794754124,-1.6335381261837805,-0.6334896989304682,-0.449332347549385,0.5874212832101853,-0.3280843270299745,0.39796627996728584,0.8006693624474907,-0.41617597732262207,-0.046519294424014986,-0.1227108960387,-0.4911325578708816,0.7781663693828336,0.9714235565066062,-0.8235385999555223,1.7941316463276606,0.7781505976197779,0.4911325578708816,0.1227108960386993,-0.3696425082138195,0.26586877533487285,-0.2639913658331881,0.17567624722125458,7.593435579547688e-4,-0.6235796198885869,-0.13859458152457876,-0.09793149585751397,-0.29429738304996345,0.6396503041450882,0.8069707847160468,-0.21379536872138252,-0.5940973255993336,0.09305597698558829,0.09387908442092041,-0.4540570296619595,-0.7099875321636356,0.038603250264021984,1
2.08662534495255,0.026801178718756015,-0.15484123025532542,0.3052077222492148,1,0,0,1,0,0,2.873714437454532,-0.7187698051967374,-0.5664172509504457,0.0835618449536671,-1.6886464900950673,-0.6173626110916358,-0.05079788047299387,0.10978564342408571,0.17358433195726714,-0.550406588619953,-0.394453141818305,-0.6827981992040816,0.26092018708347464,0.7880510649262957,-0.019726101705608252,0.6280622494483589,-0.18343349135729942,0.12615931743824219,-1.0117882743416888,0.07222398482797085,0.8580470281071062,-0.17044541665185697,0.3938463937080412,0.5616742819195917,0.6359784216467583,-0.07222398482797085,1.0117882743416882,0.7166055230658329,-0.03432821836595151,-0.03655113089848297,0.29196075167320634,0.20557870638343811,-0.34003467563087314,-0.8726274695258333,-0.5408768497097485,0.5118468759157585,0.41760236644966076,-0.482931511569848,-1.0440080620563552,-0.7107937678977266,-0.4654068010946016,-0.8895394805998851,-1.3595243465075295,-1.4893561657595522,-1.136704559054746,0
-1.3315095485600683,-1.7511746733121147,1.0038746524609323,0.3052077222492148,1,0,0,1,0,0,-0.6343500496942954,0.3604423722348462,-0.23379453409861076,-0.26941444366991896,0.7254646039268928,0.48541457503175717,1.7330203175090197,1.5217980215133107,-0.04007711159291063,1.6164694380780873,1.659667501499769,1.7316104481749781,-1.061606584038662,2.1400616911455144,1.8370042311283943,0.19103286317583051,1.3164685272012921,1.865299287827567,1.6813619367772266,0.6941558255444424,-0.27148251167349163,-0.24844503100223492,0.24675635849131294,-0.8783582685340111,-0.3365473322509447,-0.6941558255444424,-1.6813619367772272,1.6357384726101538,1.3165582532877582,-0.6915790075104341,-0.4961897785011287,0.017827623793410803,0.06953024385249205,-0.8726274695258333,-1.482135726645747,-0.4803306735805153,-0.3318094232724056,-0.3311783002420958,-0.323273965644676,-0.1532440991387405,-0.48232991558187904,-0.12818317219668063,-0.20711139779498602,0.1250502895462747,0.10046155601764112,0
1.135715637734753,0.9802085196628456,1.4383931084795292,0.5985369837740325,1,0,0,1,0,0,-0.7353015457273552,1.3111492203494146,-0.2721740783507456,-0.24106061064933582,1.140158331871535,1.194662189464726,0.464963300884617,1.0074608416252133,-0.5866969782839194,0.6499819951372118,0.40573094596862774,-0.06925164171936533,-0.5033629230884176,0.39402689492035825,0.3289825846606781,-0.2781466886068111,1.4866854796591455,0.9666753308622276,0.9848575718326791,-1.0712207285677868,-0.2528357576146304,-1.0532040908907194,0.5225238260937815,0.5960881306093869,0.4163002116767911,1.0712207285677868,-0.9848575718326797,0.27096530510494976,0.19081952690966666,-0.30038180342274146,-0.39282577454383927,0.18851042614798086,-0.11949971898598452,-0.22015379130249568,-0.6516131881728072,-0.29429738304996345,-0.5261013687559044,-1.2416975682086098,-1.2994581215440402,-0.8793552956620708,-0.6177148314801074,-1.3653871733518879,-0.12479618717266176,-0.5986491559356475,-1.4459960878228426,1
0.15910566815972013,-0.9266061622253344,-0.4445202009343899,-0.13478617003801185,1,0,0,1,0,0,0.31207022561564,-0.4448964562903387,-0.7455217907937414,0.9457498286407872,-1.5343130009313235,-1.0730519674013426,-1.1309792049225198,-0.5172404657857121,-0.371757601801971,-2.067100986035753,-1.2233364488678584,0.4201903666137947,1.1949333040952932,-1.1637622222112305,-1.0816706041825848,0.1379866420199111,-1.8053164384185059,-0.27470145976628935,-0.5860329100839196,1.1543098493943817,0.40983661528972554,-0.3736650941548153,0.6468683634656616,1.0023991967877972,1.3222047884501509,-1.1543098493943817,0.5860329100839188,-1.2609229441355856,-1.3101654415944555,-1.583144728454478,-1.2843403086754637,-1.7914100811650315,-0.37153966943728567,-0.709509049969999,-0.5408768497097485,-1.4725082230767892,0.4731143508735179,-0.2553016945782196,0.34272083230535716,0.6376984542170299,1.0407503882731821,0.15732544345452057,-1.277209135885205,-0.9883334727336057,1.1520527538291696,0
1.1871161624492292,0.8771374557769975,-0.4445202009343899,1.0385308760612593,1,0,0,1,0,0,-0.2810198135785862,-0.24138122886520175,-0.7199354279589849,0.7837279256660263,-0.923865887798175,-0.7913205694866073,-0.5680099708536853,1.769434750500531,-2.0424510026992975,-0.3999418344305923,-0.7183450971826579,-0.6395980444796046,0.9580487995153875,-0.1564881347188896,1.7364093979001851,-2.478016127844401,0.29870037908290314,-0.07121143324412497,-0.16027754582615011,-0.7133741297612541,0.6334705910001661,-0.6891079087408077,0.3019317136842761,0.8364817989958667,0.8643597035996481,0.7133741297612541,0.16027754582614942,-0.5646101035717058,0.641115017460903,-1.7832921351970188,-2.485946854678958,-2.2863902079932843,0.25856020669096863,-0.7910682597479163,-0.8177176958673952,-1.8445748041378918,0.3898463742377325,-0.7864379342253526,-0.5787240251323598,-0.3477381696360611,-0.008482709938082702,-0.4771381468814831,-1.0302635040182315,-1.378017789531564,-0.6418381130257917,0
2.0609250825953116,0.3617821363477598,0.5693561964423357,-1.8947617391869185,1,0,0,1,0,0,-0.3062576875868511,-0.21928528988761545,0.44424408102243734,-0.4730991216953325,0.5727914486353283,0.19697528669048045,0.49028087995455455,0.19481459338058052,-0.12747868909393978,0.7893345872448841,0.27162594686671504,0.34827130670604955,-0.16520307892029953,-0.13984342212941006,-0.1912928192371246,-0.21912366876804365,0.68132885550978906,-0.07982943205097293,0.8111642712127044,-0.3295023237687902,-0.8214773980036483,-0.4590220902468618,-0.045930516353046555,-0.3907460735417055,-0.43106493692913994,0.3295023237687902,-0.8111642712127051,-0.3139374809687093,-0.40957446049198204,-0.7552622732921518,-0.7416792878996918,-0.4600842227993849,-0.8756195703398886,0.4323198869208419,0.06817301183707392,-0.9764194483286528,-0.7203933142394032,-0.3311783002420958,0.3700904815361815,0.28760912732185256,0.10997909147286698,0.15732544345452057,1.1099319721622063,1.0157572993701793,0.2860364732784985,0
0.9558138012340891,-1.7511746733121147,-0.15484123025532542,0.3052077222492148,0,1,0,1,0,0,-0.7731583567397526,2.0031009935948805,-0.23379453409861076,-0.26941444366991896,1.4911402126940208,1.748733938697039,-0.861587825524742,-0.8171791135197136,1.677355849656878,-0.27583358250854323,-0.11937347809713024,1.0801190391811615,0.5176188770783989,-1.2403063216593566,-1.3734691697718806,2.447900719796634,-1.0825281026416513,-0.27621616694881956,0.4407888507730546,1.0359845289758263,-0.04124061775311645,-0.2543072844988355,0.16690251051561508,-0.7007829613025621,-0.11447995795338338,-1.0359845289758263,-0.4407888507730553,-1.2330704305130304,-1.3852146900196616,-0.6915790075104341,0.5632912620610914,0.06903246449978255,-1.8837793721450944,0.10608304780917345,-0.09793149585751397,-0.9144083514851348,0.0012624832707351544,-0.17942508891434333,0.20587258615124074,0.2616765845888761,-0.0423289389126401,0.41111087958892223,-0.4540570296619595,0.013711913318286572,0.6571863078002155,0
-0.2263982671988458,0.3617821363477598,1.4383931084795292,-1.8947617391869185,1,0,0,1,0,0,-0.7605394197356201,1.7734195226436544,0.44424408102243734,-0.4730991216953325,1.8537396502128838,1.7295046528076206,1.489698445542457,0.5241684364597582,0.8072693905929803,1.3187788431808618,1.6128981794098283,1.193209521104711,-1.3259982066729101,1.2322851937262653,0.30132778769776264,1.2565313707690828,1.4066110303712351,1.8108539796552867,1.9594406506912556,-0.31595390708670573,-0.8401771058099925,-0.41757406615934,0.1591285475742148,-0.3868137171304808,-0.32890016947219947,0.31595390708670573,-1.9594406506912565,0.8837206048011639,0.04072103005925432,-0.646090960523493,0.046471242274642305,0.615217432034406,-0.9701345517591269,-0.5463906304141645,-1.2606630497196296,-0.35630847989348147,-0.7203933142394032,-0.2553016945782196,0.4978155112800227,0.5080357405521495,0.31305646532020776,0.15732544345452057,0.9453015509175579,0.848749735028197,0.40975308478573785,1
-0.6890029896291251,0.026801178718756015,1.0038746524609323,-1.161438585374874,1,0,0,1,0,0,-0.571255364673633,0.1394829824589832,-0.7711081536284979,1.5475454682613272,-0.7344913508946546,-1.088703711729939,1.1906207849235475,0.3849274869226657,0.8062047161630258,0.28264547732438405,-0.5337367662845811,-1.310960587962269,-0.39397560523143826,0.9127704767689326,-0.6868711635922917,1.1161188825484578,0.5159761136811162,0.43910532124670565,-0.21462929445480164,-1.5751271636218847,-0.743557678818605,-1.216417509172683,0.019482983853781045,0.1297972767996033,1.1225848177245121,1.5751271636218847,0.21462929445480092,0.8558680911786088,-0.6347222057676005,0.02713213488323473,0.6020527635450756,0.8029685146244333,-1.0016395455655394,-1.1988643086375024,-1.2606630497196296,-0.046252995675895824,-0.859173275299045,-1.317574173872486,-1.0166384128255321,-0.8534227529290943,-0.7530997473783346,0.12560226393772106,-0.5363722402842841,-1.1553410370755877,-1.0748462533011267,1
0.6988111776617119,0.9544407536913834,0.5693561964423357,2.505177183685348,1,0,0,1,0,0,-0.81101516775215,4.454005803871887,-0.5536240695330674,0.06041585881441555,1.6244573095884214,3.3787513123465795,-2.1253646754979565,-1.8085050613278413,0.35398978197959774,-1.0791754177878399,-0.4676804586291443,-1.9946505392074767,-0.5705803858581449,-0.6585329529831007,-0.3187692043650131,-0.4658441227349391,-0.02319439263874768,0.4047131539258376,-1.5580404398044867,-1.1752198963459366,2.297372951028983,2.162893961748723,-0.9520443082066863,1.434897204137818,1.0031311251044253,1.1752198963459366,1.5580404398044854,-0.7317251853070371,-0.4846237089171882,-0.646090960523493,-0.7675202888890147,-0.7331767065666972,0.29006520049738066,-1.3619827281933365,-0.9284540343304539,-0.10826409251941274,1.8609139614699375,1.717490052682561,-0.49661507743988936,-0.8793552956620708,-0.33002188519637315,0.4428340591057229,0.2044646553166367,-0.32030321536567735,-0.3944048900113141,1
-0.3291993166277972,0.026801178718756015,0.27967722576327125,0.3052077222492148,1,0,0,1,0,0,-0.40720918361991093,-0.06984696574972914,-0.5664172509504457,0.0835618449536671,-0.26859833899446334,-0.11829556335696156,-0.33491909956549676,-0.29933173812324426,0.7926883265793574,-0.4947252766503256,-0.3838545610860198,-0.6695594421110966,0.5467655315488771,0.08081753899629344,-0.3834770537485368,1.374215607415039,-0.2166198341928946,0.302087906018567,-0.20147967785109497,-0.7133741297612556,0.5464650935017548,0.02668331029504661,0.2973226589540432,0.453545412232008,0.7939597726464392,0.7133741297612556,0.20147967785109425,-0.11896988561082296,-0.5596729573423944,-0.7188718357025985,0.03355074177998182,-0.05044549714841698,-1.222174502210428,-0.46483142063624716,-0.4301405112466897,-0.5423417704240322,0.3065783976019474,-0.17942508891434333,-0.6060936743631827,-0.37367071236903754,-0.1777138548108673,-0.28679906978068154,-0.8656330827735822,-1.211010225189582,-0.8274130302866491,1
-0.3291993166277972,0.33601437037629844,0.27967722576327125,1.7718540298733036,1,0,0,1,0,0,-0.40720918361991093,-0.06984696574972914,-0.68155588370685,0.696930477643833,-0.5953914013716011,-0.5923198201658815,-0.4983632609517302,-0.12727774567604852,1.8247504713055693,-0.19608708333230523,0.21323714754383588,0.3413663384804429,0.35633175209681917,0.3619272003699694,-0.518882724927923,1.231552304002496,0.4954542840816033,1.0910530589028034,-0.10705812529392912,0.5717619163874247,1.0546196400118164,-0.3451126228092806,-1.2569037287062745,0.7561849860571762,0.7879822204696935,-0.5717619163874247,0.10705812529392841,-0.007559831120602114,-0.7848207026180125,-1.1464594773798444,-0.43158727602782254,-0.22112829950298704,-1.222174502210428,-1.1173050988595852,-1.2052948804881005,-0.8523972546416179,0.8616982418405155,-0.4070549059059717,-0.2867811000035777,-0.8663890242955825,-0.5500223735309933,1.1407440084753266,-1.3595243465075295,-1.32234860141757,0.10046155601764112,0
0.544609603518286,-0.6431607365392533,-0.4445202009343899,-2.334755631474145,1,0,0,1,0,0,-0.00340319948767178,-0.3698865581822168,0.009275912831576286,-0.3787792281778825,0.008351547355562221,0.008259969357117997,-0.05127858359884494,-1.355334913206364,0.7158014346725752,-0.3136352893229346,-0.08328336306437191,0.9367759272095543,1.1642220430740233,-1.1356829868705738,-1.575069603868817,-0.2421589937084435,-1.6867996082898864,-1.3193662734254181,0.4046670721312756,0.8763067609369452,-1.0634569403832972,0.28236955023524796,-1.2218709756400792,-1.2489005753012918,-1.1798319213248716,-0.8763067609369452,-0.40466707213127634,-1.0659553487776992,-1.4602639384448675,0.03622974428062242,-0.09565426316663046,-0.7502449868021539,0.19555021907814235,1.9819448727012692,1.8953225964775422,-0.5423417704240322,-0.8715092718376799,0.6636483073509472,1.1090710107684099,0.2155742863969188,-0.309338078600811,1.6800380602609295,0.7075020535641753,1.3745142894381406,0.9870972718195186,0
1.1614159000919912,2.448971180036173,1.4383931084795292,-1.8947617391869185,1,0,0,1,0,0,0.19849979257844777,-0.415822852372462,0.21396681550962854,-0.415812806000685,0.004562891386885699,0.0015520789305766788,0.7026174229018923,0.16807710816366062,-0.22890868050645582,0.8915713566932177,1.1081731438992126,0.9712251161043066,-0.479543956634445,-0.12225267498688681,-0.46080311290524956,0.34343339141000645,-0.3332902865946321,0.048779855880192645,1.0614552385657117,0.2718968389527333,-1.0991600625371278,-0.6923135484794553,0.6580432725155674,-1.5349403264628387,-1.3930553258795033,-0.2718968389527333,-1.0614552385657123,0.15955525061472892,-0.10937746679115769,1.2007237471463126,1.2222367872888142,1.0077878774499178,0.8256500952063961,1.7372672433675176,1.2309045656991897,1.069946747507413,-1.0257092285706153,-0.6346847228976005,0.05990112358685037,0.39133929825375646,-0.2792525417345383,-0.7309235830158842,0.8629863402952329,1.127095675598167,-0.20882997275045564,1
-2.0511168945627247,-1.9830845670552713,0.27967722576327125,1.0385308760612593,1,0,0,1,0,0,0.7284951467520117,-0.5315357959656113,-0.16982862701171944,-0.33075130693893556,-0.5585241441993701,-0.15317659357497643,-0.3155727210624776,-1.0951231826169872,1.1574687470959901,-0.8437459859929072,0.08393239907997134,-0.5129430454010263,0.05374068464110612,-0.31888855856930026,-0.7371933145107152,0.478427931004179,-0.7630038359319136,-0.369060648339537,0.013895103188392356,-0.7133741297612541,0.1201818601559843,0.7645868570545962,-1.1015246214673522,0.3832648504370424,-0.46943212075114554,0.7133741297612541,-0.013895103188393775,-0.2582324537235989,-0.6347222057676005,0.22727954162577424,0.44700675760914055,0.10316902497069583,-0.05648973137315825,0.9216751455883455,1.009431888773073,0.38782468222872474,-0.026493508941193386,0.5034643620605421,-0.48749186102961545,-0.944186652494511,-0.7530997473783346,-0.09645999267988113,0.4514102871836102,0.1250502895462747,-1.0129879475475077,0
1.521219573093319,-1.2615871198543382,1.0038746524609323,0.3052077222492148,1,0,0,1,0,0,0.48873534367349464,-0.4815291972268634,0.2267599969270068,-0.41754875496112887,-0.1503999258911888,-0.047639117530726326,-0.026858875547132448,0.8136429038586023,0.7663944544487484,0.1573222666124308,0.4072423231118662,0.30713378191818547,-0.5745204516879217,-0.369380503851603,0.14991278367572863,1.0379952446402123,-0.12549655992947903,-0.08943161122870838,0.23272740579640636,0.1880776393671132,-0.33173272690499184,-0.966571084335914,-0.004601776614008579,-0.3369724731957486,-0.6167475270452452,-0.1880776393671132,-0.23272740579640636,-0.45320004908148526,-0.03432821836595151,-0.4914316007678933,0.08523274375862654,0.03489590402886805,-1.222174502210428,-0.13859458152457876,-0.26403600355210183,-0.790386157798101,-0.27629743884854874,-0.8623145398892288,0.20587258615124074,0.1709126850234604,0.025363519036474696,-0.2233527107470814,0.8629863402952329,1.0714264874841732,0.2860364732784985,0
-0.5862019402001745,1.7274737328352407,-2.0377545396692445,0.3052077222492148,1,0,0,1,0,0,0.059691485532990585,-0.398378690021736,-0.2210013526812325,-0.2896671815417641,-0.24212938505474016,-0.08252014774874118,-0.5345660118011791,-0.9226549700796975,1.1118156706738451,-1.6064215997598976,-0.9945369532990663,-0.49018185716081886,1.3302446075329128,-1.3343286279719557,-0.4672094109591907,0.7182428478099749,-2.063389358382603,-1.5875632966658824,-0.4657107419241149,-0.20666334585120408,-0.5899183909658349,0.7983327705616812,-0.7981244728837515,0.12415037671453967,-0.2569998173753318,0.20666334585120408,0.46571074192411416,-1.3166279713806959,-0.6347222057676005,-0.7370670544973751,-0.28946177058654887,-1.05747403104038,-1.033144539371952,0.8401159358104279,1.2309045656991897,-0.9144083514851348,-0.47058938433204756,0.9587239960437993,0.5069387276902979,-0.010615114107371936,0.04228663352375219,0.7600658542737248,0.36909507656128593,0.29205785388825667,0.2860364732784985,0
-0.5091011531284612,1.9593836265783975,-0.4445202009343899,-0.4281154315628296,1,0,0,1,0,0,1.674915422061947,-0.651900516185621,-0.054689994255315046,-0.3469534972364116,-0.7684306792852944,-0.2332240859983695,1.064968281292141,-0.9765548886721642,-0.13187681575892127,0.6079527860555675,0.5026757156420292,0.6068940911549395,-0.2241422558964602,0.6254871049223163,0.020889290103469245,-1.0292450339661945,-0.022800843419950877,-0.3255478273922154,1.0872846843245239,-0.2506245554141756,-0.8558849739904736,1.361278664147664,-0.8540119740814204,-0.84391391815065,-0.9713371400681213,0.2506245554141756,-1.0872846843245245,0.8280155775560533,0.26586877533487285,0.764038496071679,0.05939174276930372,0.0519641842643253,1.2352150146897614,1.4110304042558486,0.8986955503100138,0.2638024885416898,-0.9146852597229018,0.8828473903799233,-0.7703115697481222,-1.047916823426415,-1.2607931819966884,-0.1916295312302808,0.28677986593896093,0.18071947766026855,-1.3841377820692236,0
0.05630461873076867,1.547099371035007,-1.6032360836506476,-0.13478617003801185,1,0,0,1,0,0,0.40040278464456736,-0.4635035627977798,-0.1826218084290977,-0.33075130693893556,-0.4159268601296447,-0.10085504824795413,-0.47638680449386106,-0.14371719812760456,1.8203942665417423,-2.509455343346651,-1.8584536234109363,-1.11214710536927,1.9023998749142095,-1.4761549508729588,0.04183976069575224,1.1255090960311327,-3.153178309801733,-2.959616528534238,-0.5860329100839196,-0.9356157016516281,-0.8125291857196888,0.23917051848336612,-1.357511848103629,0.2634746360911658,-0.47340876750418553,0.9356157016516281,0.5860329100839188,-1.3723329986258064,0.11577027848446049,0.2454747604205509,0.8087807714596554,-0.6478353053894121,-1.1906695084040155,2.063504082479186,2.7812133041820113,-0.6043528672675491,-0.5261013687559044,0.8069707847160468,1.6382175625643265,0.533968283285125,0.6176725260912207,1.870377137361731,1.8507688677631275,1.4054416161681371,0.9664778365683122,0
-1.4343105979890196,0.15564000857606544,-2.327433510348309,-0.4281154315628296,0,1,0,1,0,0,0.24897554059497767,-0.4228005173127524,0.17558727125749374,-0.41118360877283466,-0.05072955474479215,-0.0073917749714784145,-0.047311855153191376,0.4257297530963164,-0.11011932659570284,0.745396400486114,0.5863732457110683,1.279472007882924,-0.09712580813243318,-1.2662769970543897,-0.4613699063724802,0.05871468029377366,-1.1874750315146885,-0.1531117348302858,0.4513710056427588,1.2973829492468834,-1.1994607690812387,-1.0465176908069693,0.2095393997486662,-2.184462362263402,-0.9117977459005657,-1.2973829492468834,-0.4513710056427595,-1.2609229441355856,-0.6347222057676005,-0.7552622732921518,-0.6124742829530796,-1.0062691903340089,0.06953024385249205,0.2692014673650073,0.06817301183707392,-0.8523972546416179,-1.3310251429018278,-1.3934507795363622,-2.0931779492379152,-1.6962303917508168,-2.225410707771561,-1.0798785577006862,-0.8656330827735822,-0.3759724034796717,-1.8171459223445585,0
-0.894605088487027,-0.07626988516709207,-0.4445202009343899,-0.13478617003801185,1,0,0,1,0,0,0.6275436507189519,-0.5059510245178798,0.15000090842273722,-0.41060495911935335,-0.2641721031046899,-0.07178752306627507,0.11102575125397995,0.8248610816123664,-0.2055949414889228,-0.706787279731922,-0.31765354482607855,-0.23586912596783244,0.7537218491529393,-0.5426565933605907,0.22852997957723933,-0.7852536909157899,-1.8712712510864167,-1.0985259974188424,-0.11972941589683747,-0.20295117893611228,-0.696600083943409,-0.9032114043459756,-0.5080490573064426,-0.9006965235402018,-0.6595316600804253,0.2029511789361116,0.11972941589683606,-0.4412632575289614,0.3516393449636798,0.4066324126028564,-0.08457954845692134,-0.8136414562481374,1.2847228620998388,0.9449777769534646,1.1201682272361313,-0.39174339237549116,-0.38732140769626244,-0.482931511569848,1.6838336446156987,1.1044842234105985,0.6176725260912207,1.7434844192945298,1.1922471827845313,1.1827648637121608,1.4613442825972665,1
0.46750881644657266,0.1298722426046032,-0.4445202009343899,-0.7214446930876474,1,0,0,1,0,0,-0.6217311126901629,0.33427612870875717,0.12441454558798068,-0.4082903605054282,0.9830882826742212,0.5726171505767943,-1.0422234563937953,-0.5601523327042442,1.36076466908888,-0.9617353584075767,0.07128087575111702,0.04516676099621026,0.07677821400154088,-0.8016646696660406,-0.6936789575759779,1.16838198629608,-0.4331315574393244,0.5051721696873129,0.4407888507730546,-0.3755669404878874,0.6482231944438923,0.07391430410873744,-0.6860996706324075,0.8697565851626273,0.40053367038892124,0.3755669404878874,-0.4407888507730553,-0.8431352397972577,-0.7848207026180125,-0.5733100853443877,0.07231224326396513,-0.10165033785478751,-0.6235796198885869,0.10608304780917345,-0.09793149585751397,-0.6043528672675491,0.7229182807808735,0.19995793940503753,0.39746013076700454,-0.03654765684034838,0.31305646532020776,0.6966194952401235,0.4514102871836102,0.29205785388825667,0.34789477903211874,1
1.1871161624492292,0.1298722426046032,-0.4445202009343899,-0.4281154315628296,1,0,0,0,1,0,-0.2810198135785862,-0.22684442690626339,-0.13144908275958464,-0.337695102780711,0.15910272417971513,0.08651869100010007,0.19617348962640643,0.13052349970941265,-1.059379472703267,0.4650256338016344,0.15537890265635246,-0.2187549787581912,0.10217099473118926,-0.1840172878127426,1.9784569194396653,-2.7124208533923606,0.6329505423983446,-0.04849859245691941,-0.3925077445122049,0.09092870184200141,-0.4566519184906675,1.8028271104179123,-1.277514144181646,-5.967072550768453e-4,-0.24934961933403882,-0.09092870184200141,0.39250774451220416,-0.5924626171942612,0.7912135143113154,-1.8196825727865715,-2.6022313591309087,-2.320526768464198,0.25856020669096863,-0.8726274695258333,-0.8177176958673952,-1.7825637072943747,-0.5261013687559044,1.413983630027056,-0.47836864461934153,-1.0219842806934394,-0.9561771212256767,0.506280418139323,-0.37174181903963527,-0.3759724034796717,-0.6418381130257917,1
0.2105061928741954,1.6759382008923163,-0.15484123025532542,-0.8681093238500562,1,0,0,1,0,0,-0.38197130961164594,-0.11055001123475654,0.06044863850108935,-0.393824119168396,0.44498297934688336,0.2193349214456182,-0.015577594245314309,-0.04871954645527655,0.12970695713417077,0.00558083531726184,-0.430454754636883,0.08975637041248959,0.06770758850481821,-0.51226836165285194,0.09554504622538897,-0.10414796832412845,-0.4269848140767588,-0.8322391966236202,-0.8740438917877038,0.9892830742375731,-0.4901914870907406,0.1625840363377046,-0.2819724197851696,-0.43093018102375974,-0.25290733032204943,-0.9892830742375731,0.874043891787703,-0.6760201580619267,-0.25947596364157,-1.019092945816409,-0.9096457943302884,-1.0062691903340089,-1.0646495331783645,-0.46483142063624716,-0.09793149585751397,-1.0384305451721696,-0.8036612908751883,-0.482931511569848,-1.8103582405194079,-1.6443653062848649,-1.6669479296913718,-1.0481553781838862,-0.7833178721512579,-0.4316415915936655,-1.5078543935764617,0
1.3156174742354179,-0.6431607365392533,-0.4445202009343899,-2.334755631474145,1,0,0,1,0,0,-0.43244705762817587,-0.011699757913975716,0.009275912831576286,-0.3787792281778825,0.4848907830678219,0.28373066954041487,-0.1495957678948033,0.0045806348092336975,-0.0765215958764152,0.45720463836550435,0.14915292216419543,0.7472293944532054,0.8891608998172595,-1.187674358909807,0.2742958184268618,-1.2246268934572881,-0.5252691705160648,-0.9004072913757328,0.4073962731842086,0.6150811089542358,-0.9786936686600889,0.26849646441431746,-1.1260243403055006,-1.1385018880273277,-1.0729785736910478,-0.6150811089542358,-0.40739627318420935,-1.17736540326792,0.04072103005925432,-0.5824076947417753,-1.077612300760884,-1.1940202729240363,0.1325402314653172,1.247911984700014,1.1201682272361313,-1.1004416420156866,-0.8314172830871166,0.5034643620605421,0.7076494887163344,-0.03654765684034838,-0.48232991558187904,1.2993599060593275,0.6160407084282594,1.0714264874841732,0.5334696962929761,0
-1.9740161074910114,1.5986349029779314,1.0038746524609323,0.3052077222492148,1,0,0,0,1,0,-0.15483044353726144,-0.33499823348076474,-0.2593808969333673,-0.24048196099585453,-0.10269283663754095,-0.07178752306627507,0.016907963086678742,-0.3693555876094952,-1.1450542661033292,-0.5379184091687531,-1.213667048079288,-0.06339598077027081,0.8015651041868931,0.22184440816119233,0.9925684020919441,-1.1726994325947198,0.48223349001268584,-0.40988457034588344,0.8686312511301267,-0.9479624556455367,0.1981533844642515,1.5012853714087162,0.38687770625268575,1.2048675410575262,1.1776540976333227,0.9479624556455367,-0.8686312511301275,0.0759977097470634,0.7161642658861095,-0.44594355378095224,-0.9484072958142716,-0.7331767065666972,0.006520256239666901,0.5138790966987595,0.12354118106860354,-0.9764194483286528,-0.1375174777889068,0.8069707847160468,-1.1443634425693747,-0.8015576674631424,-0.33002188519637315,-0.9212626601166852,-0.4540570296619595,-0.8769950965056176,-1.136704559054746,0
1.0329145883058024,-1.2615871198543382,1.0038746524609323,0.3052077222492148,1,0,0,1,0,0,-0.3945902466157784,-0.07856904692509216,0.2267599969270068,-0.41754875496112887,0.5727914486353289,0.26226542017548266,-0.22958169683465218,0.2793214624063901,0.0505390461923242,-0.8559600898577436,-0.960586116297325,-0.03496692332426815,1.1122450869116138,-0.48400643251512715,-0.48674179589323074,0.020112664923500605,-1.151938773638834,-1.6085671117234899,0.20841782115995966,-0.2543969704224406,-0.16437458640853814,-0.8709847190560815,-0.04887728062286872,0.014104090288946327,-0.3216437055954628,0.2543969704224406,-0.20841782115996035,-0.48105256270404034,-0.4846237089171882,-0.10933200607758836,-0.08273376267196997,-0.5283573437412127,-0.7811045889206503,1.4925896140337656,1.5077454118568363,-1.1004416420156866,-0.05424950115312168,-0.7105613285614767,0.4795690784594736,0.37837302688726915,0.36382580878204385,0.030432725387320277,1.2745623934068555,1.2384340518261547,0.5334696962929761,1
0.9558138012340891,-0.87507063028241,2.452269505856255,1.7718540298733036,1,0,0,0,1,0,-0.5207796166571032,0.05807689148892839,-0.24658771551598904,-0.27346499124428797,0.41811079283256064,0.25600472244404404,1.5777832420079965,1.0844721769718195,-0.9031119238990065,1.1535781396889453,0.4906998160828975,0.6203438593977265,0.4352216402260131,2.1897326575493548,2.1236536419230614,-0.9746792223218667,1.0309126856345094,0.5571932807880634,1.0614552385657101,-0.20666334585120408,-0.00599093492433521,0.6389575023002791,0.2551256336708741,-0.5361742720481829,-0.09394300358750325,0.20666334585120408,-1.061455238565711,1.6635909862327087,1.5417059985633763,-0.7188718357025985,-1.0646918002662225,-0.6649035856248688,0.1325402314653172,0.4323198869208419,-0.04256332662598434,-0.790386157798101,0.25106641317809053,1.0346006017076752,1.0817013615375868,1.0655854093111348,0.7530574419894479,0.8552353928241243,0.36909507656128593,0.29205785388825667,1.0283361423219313,0
-0.04649643069818187,-0.35971531085317227,1.0038746524609323,0.3052077222492148,1,0,0,1,0,0,0.1480240445619179,-0.41349696405903186,-0.23379453409861076,-0.28677393327435763,-0.31732547549324114,-0.09638312129692658,0.8784770926171792,1.4560191468290626,-0.47445758250319847,1.9085226318625146,0.6094457616118848,0.0189185997596321,-0.6479903150600741,0.2864220770167872,0.801748281093429,-0.1703665211610965,1.2520095253410088,0.13113786578306416,-1.2010128806784757,1.2169526660865582,-0.9353542172409004,-1.1952581455367821,0.4773974860227389,-1.336819734477864,-0.66427873626701,-1.2169526660865582,1.201012880678475,-0.007559831120602114,0.340918023760079,-0.9372144612399159,-0.8708842928463041,-0.3918111018575571,-1.222174502210428,-1.1988643086375024,-0.8730858650989243,-0.728375060954584,-0.9701972441467586,-1.2416975682086098,-0.6882026220556532,-0.3607044410025493,-0.8377153198147269,-0.5405845059150832,-0.5363722402842841,0.013711913318286572,-0.5181215015185524,0
1.0586148506630406,1.547099371035007,-0.8790386569529866,-0.13478617003801185,1,0,0,1,0,0,-0.5838743016777656,0.1976301902947366,-0.1826218084290977,-0.33075130693893556,0.6302303732174899,0.4076030460838779,0.8837693964596322,0.3184836942139145,1.0392966902740932,0.1549254148083186,0.43468729028625547,0.5977276414471605,0.24028206768656682,0.4992167232860206,0.5807885397260535,-0.17651348249937343,0.5531817207794737,0.25265204703857247,1.0546828838850468,-0.23079243079930178,-0.7300913912934088,0.14469234411360177,-1.5981324192664195,0.33923128456438706,-0.31844921739923676,0.2307924307993025,-1.0546828838850475,0.6609004958207222,0.7912135143113154,0.6457695739056325,0.44700675760914055,0.6664222727407777,0.4475901695294441,1.166352774922097,0.6772228733838963,0.38782468222872474,-0.6926373220274746,0.12408133374116129,-0.02220782410562002,-0.840456481562607,-0.6684841749419423,0.886958572340925,0.12214944469431245,0.013711913318286572,-0.2706882785040748,1
0.15910566815972013,0.5163887321765315,-0.4445202009343899,0.3052077222492148,1,0,0,0,1,0,0.1858808555743153,-0.415822852372462,-0.438485436776663,-0.040847830544809956,-0.6023944159018702,-0.28822878749600833,-0.09012621519277764,-0.18493085574959617,-0.026493167630572814,-0.6037096820247311,-0.34985375930247836,-1.4755210383982191,-0.1925291616616246,-0.9355047925395481,-1.0223325881592369,0.416648964333925,-1.5984991498670766,-0.7109629722795492,-1.6504213207283431,-0.3755669404878874,-0.8094226698478854,-0.7703269409515862,0.4549090753600165,-0.7694715617467158,-0.23928994319805316,0.3755669404878874,1.6504213207283416,-1.1216603760228097,-1.3101654415944555,-1.8014873539917955,-1.3618633116434313,-1.7914100811650315,-1.1591645145976028,-1.1173050988595852,-0.5408768497097485,-1.4725082230767892,-0.8036612908751883,-0.7864379342253526,-0.2776578835933038,-0.010615114107371936,-0.3130987707090945,-0.2550758902638815,0.4514102871836102,0.29205785388825667,-0.332546584257695,1
-0.894605088487027,2.088222456435707,-0.4445202009343899,-0.4281154315628296,1,0,0,1,0,0,0.6275436507189519,-0.5059510245178798,-0.3617263482723934,-0.16815075431069346,-0.7288408684971879,-0.2591612623143293,-0.07036935549385417,0.6937815840603418,-0.614390128264252,-1.1033345331011555,-0.34816667005563745,0.7420546652034562,0.828280831369287,-0.4200208542526845,0.004443869096697674,-0.7836684137577824,-1.7120643829091997,-0.9645281546963924,-0.38904162214375715,1.3979208031972914,-0.3218295868202686,-0.9477852265399869,0.05238070839550667,-0.20711996213637673,-0.489040290017628,-1.3979208031972914,0.3890416221437564,-0.3417899945912644,0.09700796637815903,0.2977860144555334,-0.1699471410109329,-0.8227851778028462,1.211586269334952,0.4934892942542799,0.7741171695390731,-0.32530293147172246,-0.3595654154843339,-0.9381911455531051,-0.24116501795220557,-0.17917664187171697,-0.24540631275998087,-0.5405845059150832,-0.7010026615289333,-0.09762646290970158,0.038603250264021984,1
-0.07219669305541997,0.928672987719922,-1.6032360836506476,-0.13478617003801185,1,0,0,1,0,0,0.009215737516460692,-0.37221244649564694,-0.6687627022894718,0.4538976231816918,-0.9965054932016737,-0.637039089676157,0.2965485782720562,0.14940927866869994,-0.21517681801600755,-0.6073748493999233,-0.6887295520695578,-0.20386315053025894,-0.014348902565266022,-0.37398891778677,0.12223145148087364,-0.07507052474360326,-0.9297133548748412,-0.9814407202673213,0.12355936367902995,-0.4005896952488784,-0.7860433369556296,-0.08262013906148348,0.2187152811004432,-0.10136361097307463,-0.06280369252000954,0.4005896952488784,-0.12355936367903066,-0.17467491285593337,0.41596727218528484,0.900502637032502,0.7183372679970265,0.2738518273252659,0.41608517572303205,1.0847935651441794,1.1201682272361313,0.2638024885416898,-0.859173275299045,-0.3311783002420958,-0.7885580025686714,-0.5681647828663581,-0.5669454880182719,-0.7309235830158842,0.7806711296729086,0.6260729825722207,-0.5799798072721716,0
1.5983203601650333,0.026801178718756015,0.27967722576327125,0.3052077222492148,0,1,0,1,0,0,-0.24316300256618875,-0.2442885892569894,-0.5920036137852022,0.16167954817364105,-0.5416246192892347,-0.3128243857266598,-0.18681514581504352,1.5233257013548984,-0.3444418644924828,0.23449522662467387,0.017095543590863165,0.25894351957660566,0.7536469980366443,0.306873459224576,2.022106418412826,-0.02435938242142827,0.7958357980541454,0.8194730068349543,0.46715141202740545,-0.11014700605881247,0.5663953525182129,-0.06511051174675886,0.44638473750833985,0.47234923151427033,0.7778308497566663,0.11014700605881318,-0.4671514120274062,-0.03541234474315745,1.2415090048625523,-1.0918738209955157,-0.9354867953196102,-0.6136987449184976,-0.5920746260821743,-0.46483142063624716,-0.7069813574043363,-1.0384305451721696,0.25106641317809053,-0.3311783002420958,-0.8341740846200435,-0.5033334260339178,-0.29617565622181696,-0.6040308649486834,-1.3595243465075295,-1.545025353873546,-0.9511296417938885,1
0.5960101282327613,1.0317440516057692,1.7280720791585935,1.0385308760612593,1,0,0,1,0,0,-0.44506599463230834,-0.0029776767386127034,-0.4128990739419065,-0.07556680975368728,0.0685891036065978,0.05610958773311275,1.6227790514275924,0.3309801635689914,-0.3260292804864114,1.931954685710884,1.750156377217104,0.05554406786361753,-1.9879810559466624,1.963765270939496,0.1319600674378339,-0.48213437536697795,1.933254523764794,1.166349416248007,0.3699083794759778,-0.29111514316954507,-0.29434265344980015,-0.3220859629211763,-0.038805601911431856,-0.6929640485629791,-1.1365758125069676,0.29111514316954507,-0.36990837947597854,1.6078859589875987,-0.03432821836595151,-0.44594355378095224,-0.6124742829530796,0.12023730520615308,-0.15100471279239655,-0.709509049969999,-0.9284540343304539,-0.17027518936292965,-0.3040534310604773,-0.3311783002420958,-0.0951935553878152,-0.10137901367278856,-0.36386811417093057,-0.635754044465484,1.1922471827845313,1.127095675598167,-0.8892713360402683,0
-0.35489957898503444,1.0575118175772313,0.27967722576327125,-0.8681093238500562,1,0,0,1,0,0,-0.21792512855792381,-0.29080635552559214,-0.6047967952025805,0.1992917756499248,-0.6011742540002513,-0.37766732651655927,-1.1335395006013778,-1.2513555893401087,0.48940107076151657,-1.4359476064180638,-0.6786904822582266,-2.086820089636647,-0.39388296706418907,-0.9777989851681602,-1.055464580709059,0.6042181018359511,-1.1395621978533728,-0.2781795206415804,-1.5422375806300568,-1.3166012534636966,0.5992090440711358,0.660183570664534,-0.0618467369903861,0.8099022081754587,0.6107427078007988,1.3166012534636966,1.5422375806300554,-1.038102835155144,-1.1600669447440433,-0.9099216330477515,-0.4961897785011287,-0.8867912286858101,-0.5920746260821743,-1.0357458890816678,-0.4855086804782194,-0.6043528672675491,0.6396503041450882,0.7310941790521709,0.2879815338437111,0.20981149912292413,0.5330569536548284,0.2524949820049213,1.0276167615398821,0.4033962301162448,0.16231986177126023,1
0.15910566815972013,-0.9008383962538722,-0.4445202009343899,-0.4281154315628296,1,0,0,1,0,0,0.1858808555743153,-0.415822852372462,0.6233486208657331,-0.5008743050624344,0.22511436422003125,0.06728940511068161,-0.4379647300638186,-1.0942489984806782,0.6269273955666521,-0.0018066310398294498,0.18429109934364268,-0.701518266251353,-0.4486835879128395,-1.0724954164624119,-1.271993151939845,0.09879760031807447,-1.5630041918777007,-0.673479900792241,-1.4375436385994584,0.4689510326955315,-0.46262416490385383,0.2276362749054463,-0.7577486916162746,-1.547407559337407,-0.8971094958783816,-0.4689510326955322,1.4375436385994576,-1.1495128896453646,-1.3852146900196616,-1.2010451337641732,-0.9742482968035945,-1.4500444764558913,-0.49755964466293656,-0.7910682597479163,-0.2086678343205727,-0.9144083514851348,-0.37806941029228636,0.326418948844831,0.32852916233381957,-0.13019295004276188,-0.7230142105120619,1.1513184016475928,0.43311801815642703,0.7559677548382072,-0.1813373924155138,1
0.930113538876852,2.5005067119790976,-0.15484123025532542,-0.13478617003801185,1,0,0,1,0,0,-0.6469689866984278,0.4534779047720517,-0.19541498984647596,-0.3220715621367162,0.8070659184811083,0.5976599415025485,-0.5596421606575288,-1.6091535106223058,1.5655005604226921,0.11211756249773298,0.8971838292643471,0.4379746460936934,-0.4863869758866401,-0.7412875933563221,-0.38045612318213123,0.06433893837194717,-0.026040533498101558,0.10663990923161194,0.4700615648931452,0.13114384342216406,0.037510218638640486,1.8274811010681968,-2.075437282436796,-0.17728494096996752,-1.0622698028968531,-0.13114384342216406,-0.4700615648931459,-0.8152827261747027,-0.5596729573423944,-0.7279694450999874,-0.5866332819637576,-0.5624939042121272,-0.4660546508565234,0.5954383064766764,0.40038202722625016,-0.4803306735805153,0.3065783976019474,2.3245028979935705,1.1181942271786838,-0.2829068128036209,-0.33002188519637315,1.870377137361731,1.6861384465184783,1.9621334973080773,0.9664778365683122,1
1.5983203601650333,1.0317440516057692,0.27967722576327125,1.0385308760612593,0,1,0,1,0,0,-0.24316300256618875,-0.2442885892569894,-0.4128990739419065,-0.07556680975368728,-0.20535977972280292,-0.12947538073453044,0.39898027683015785,1.4527017855305053,-0.2075389399062282,1.3300083328542007,1.8761715431500867,0.6877641756274622,-1.5564621073507843,0.41884071550450086,1.5948728529457805,-0.04630743190448912,1.1914270310482853,1.4942930364645974,1.2643654038056176,-0.31595390708670573,-0.13629107930666184,-0.396170177965351,0.23717818025515447,-0.6153568034435796,-0.9802285838391297,0.31595390708670573,-1.2643654038056185,0.0759977097470634,0.9413120111617277,-1.019092945816409,-0.8838047933409655,-0.42594766232847037,-0.2140147004052217,-0.46483142063624716,-0.983822203561983,-0.9144083514851348,-0.16527347000083534,-0.4070549059059717,-0.12256320461863823,0.015317428625603584,-0.2284831982727022,-0.794369942049485,0.9453015509175579,0.848749735028197,-0.8892713360402683,0
0.930113538876852,0.15564000857606544,-0.15484123025532542,-0.4281154315628296,1,0,0,1,0,0,-0.6469689866984278,0.4534779047720517,0.17558727125749374,-0.41118360877283466,1.0988179331184689,0.6665276165483728,0.044428987743913205,0.5427265346375575,0.19403043070105902,0.5173583214992904,0.10466868798379599,1.8024152994688196,1.0877498470604574,-0.6995491074961457,-0.5457689961022785,0.37067882657731555,-0.15309001399646802,0.07669200812440963,0.8489203546367114,1.6163306238481758,-0.7607608146538303,-1.291648600505778,0.10725037375419261,-0.8507191524694129,-0.0611996015836166,-1.6163306238481758,-0.8489203546367121,-0.7874302125521474,-0.7097714541928067,-0.7734574920869285,-0.4832692780064673,-0.5112890635057554,-0.6865896075014126,1.0032343553662626,0.6218547041523672,-0.6663639641110671,-0.8869292675109735,-1.3934507795363622,-1.1078705769282764,-0.892321567028559,-1.1254082660984612,-0.3819686083310823,-1.1948939252628807,-0.6543183440496418,-0.5799798072721716,0
1.0329145883058024,0.4648532002336079,1.0038746524609323,-0.4281154315628296,1,0,0,1,0,0,-0.3945902466157784,-0.07856904692509216,-0.6431763394547153,0.33527444421802766,-0.4866647654576212,-0.3195322761532011,0.6516357117247012,0.3915688107527373,-0.6464501403342252,-0.16787989178013887,-1.1708038095731146,-0.7169983216942918,0.32982793952479905,-0.12411615088417664,-0.3815027522001568,0.11817424915914192,-0.26788701209064,-0.5285053208573861,0.1590389773671773,-1.1356331163529647,-1.0301307152726962,-0.9196215635959027,1.0024727217685776,-0.0388372724387684,1.006119713088055,1.1356331163529647,-0.15903897736717798,-0.23037994010104354,-0.4846237089171882,-0.45504116317834126,-0.3282232720705331,-0.40887938209301433,-0.7180946013078251,0.18764225758709038,0.12354118106860354,-0.9764194483286528,-1.053465220782544,-1.0140677512169813,-0.7155722712864762,-0.1402778277722523,-0.14386762583630988,-0.4136917878478824,0.5337254978059351,0.013711913318286572,-0.45626319576493324,0
-0.35489957898503444,0.15564000857606544,0.27967722576327125,-0.4281154315628296,1,0,0,1,0,0,-0.21792512855792381,-0.29080635552559214,0.17558727125749374,-0.41118360877283466,0.31956911858283243,0.0941209668168469,-0.047132418948376324,0.17836440889869667,0.21421300694153306,0.6738354353256564,0.6220105627484153,1.1194135293811407,-0.11764212143760533,-0.6328159906277151,-0.9658834093203433,0.3455155567446798,0.10796482882533995,0.7640990225365913,-0.31054414497595056,1.834740444499059,-0.5667635057138284,-1.2124115447997754,0.054373456467850884,-0.8032521247555768,-0.06265021944071303,-1.834740444499059,0.3105441449759499,-0.8152827261747027,-1.1600669447440433,-1.264728399545891,-0.9225662948249498,-0.8355863879794388,-0.6235796198885869,-1.0357458890816678,-1.0391903727935126,-1.0384305451721696,-0.7203933142394032,-1.317574173872486,-1.0348848456460813,-0.8534227529290943,-1.0746389226366257,-0.3185222492974822,-1.277209135885205,-0.6543183440496418,-0.45626319576493324,1
0.46750881644657266,-0.35971531085317227,-0.4445202009343899,0.3052077222492148,1,0,0,1,0,0,-0.6217311126901629,0.33427612870875717,-0.23379453409861076,-0.28677393327435763,0.685556800205951,0.4787066846052158,-0.2761186380838696,0.038971882251060255,0.4398931111393098,-0.4065530073311208,0.009238882970179529,0.32360540530316234,0.1700877249884229,-0.8610284843837626,-0.8091908753435241,0.7299236141528005,-0.14569997446232613,0.9586697768441254,0.6912331826893902,-0.2441974779926877,-0.47637982867855455,-0.8641197866666637,0.1321542192246763,0.4047532836920712,0.9239434468121047,0.2441974779926877,-0.6912331826893908,-0.9266927806649233,-0.9349191994684248,-0.8007503202790929,-0.3411437725651945,-0.3747428216220998,-0.24551969421163483,-0.05703537174666111,-0.3747723420151606,-0.4183195767369984,-0.6926373220274746,-1.0899443568808573,-1.272088472313216,-1.0219842806934394,-0.8207922053274488,-0.5088613263982832,-0.7010026615289333,-0.8769950965056176,-1.0748462533011267,0
-0.2006980048416086,0.6967630939767645,2.452269505856255,0.3052077222492148,1,0,0,1,0,0,2.2806243982603056,-0.6914406175139333,-0.8478672421327675,7.7767089879874,-3.6380044699040033,-6.541771435812929,0.9041794958716866,0.5017438045649858,0.19206713959248758,-0.4397200158651673,-0.8128837264744687,-1.2025091514955069,0.361422010767913,0.5897670870021997,1.3445186762639232,1.1418695575317843,-0.1248532629809376,-0.0658839192086425,0.3041828515459622,-1.9417639089371364,-0.6679952748599634,0.658250176472126,0.8849065697289236,0.4702310147176523,0.9924658323387688,1.9417639089371364,-0.3041828515459622,0.49378541408539117,1.1664597564373458,-0.1548200530645294,0.44700675760914055,0.3762615087380082,-1.0961545269847772,0.5138790966987595,0.40038202722625016,-0.23228628620644656,-0.8869292675109735,-0.02767187758659086,-1.554908181031724,-0.9571529238609991,-0.7361766328910565,-1.2702176348014877,-0.04248097655033679,-0.8213259083916238,-1.7552876165909395,0
-0.07219669305541997,-0.87507063028241,-0.15484123025532542,-0.4281154315628296,0,1,0,1,0,0,-0.19268725454965888,-0.2948766600740949,0.6105554394483548,-0.49798105679502797,0.5239494562869886,0.1580695222165408,0.17686510518019852,0.36516558991698433,1.2551813331304804,0.4486404854377909,0.457530558657814,1.193937220310276,0.170684840052272,-0.2708073512213153,0.6218687541450929,1.1080191866511115,-0.9148863349531033,-0.39449277373176395,0.992652909597544,0.6438868985692391,-0.5165227486417456,0.12177323423975003,-0.602422505591571,-1.513269980763575,-0.9799575460166342,-0.6438868985692391,-0.9926529095975448,0.29881781872750485,1.6167552469885829,2.5926579849467077,2.9665043540680807,2.2879088951091933,0.9516700704320475,2.879096180258358,2.393636119561306,2.0621242970036877,-0.44283339212011924,0.19995793940503753,0.2606118846128881,-0.10137901367278856,-0.685407289429221,0.8552353928241243,0.36909507656128593,0.793080546914203,-0.1469716669968365,1
1.521219573093319,-1.0812127580541053,-1.168717627632051,-0.4281154315628296,1,0,0,1,0,0,0.5013542806776271,-0.4902512784022264,0.3035190854312764,-0.44416663902126813,-0.11173963357554718,-0.03377614398254093,-0.505268685795423,-0.7893346169702072,0.3997608463234913,-0.3673579445467472,0.15140579970105356,-0.16597628547312038,-0.13025051659832462,-1.0109202332472438,-0.08829731990584572,-0.10151328287280993,-0.8839436622573003,-0.3891055912382445,0.1039844044028122,-0.3295023237687909,-0.30751117854877524,0.9949322167117539,-0.6484975283753329,-0.38022652111167,-0.5767208314424747,0.32950232376879157,-0.10398440440281291,-0.8152827261747027,0.26586877533487285,1.1188452625698195,0.8863037744276221,0.4445346296798359,1.2037100208833493,0.9216751455883455,0.954063719541543,0.9459245538203791,0.3620903820258042,2.3497950998815287,3.1465893423963642,2.1893289277400987,1.8530598836625478,2.631733445764935,2.2623449208747504,2.2404794378780473,2.842846444428098,1
-1.6399126968469209,0.5936920300909173,-0.15484123025532542,-0.13478617003801185,1,0,0,1,0,0,1.700153296070212,-0.6559708207341236,0.40586453677030254,-0.4597901796652629,-0.4774820232488007,-0.14915185931905162,0.23808290443837726,0.28000901724468774,-1.0569217203136707,2.174685260442417,0.6846073199527507,1.5276097175316172,0.5330664808219066,-0.005010401875051809,-0.30434834408448286,-1.2542330529471917,2.677460122586386,0.8046709200993312,2.110417730215288,-0.009609152108407288,-0.33606640871984494,-0.689210653604226,0.18446413831859854,-0.28293586279918664,-0.10441850825202241,0.009609152108406583,-2.1104177302152882,0.0759977097470634,-0.18442671521636386,0.35464607318920965,-0.37990527404917784,0.6493539925053206,0.3845801819166189,2.2266225020350205,1.1201682272361313,0.7598912632898273,-0.24854144663662048,-0.5588081172337243,0.36096726512590627,0.4043055696202447,0.2622871218583729,0.1890486229713212,0.12214944469431245,0.1250502895462747,0.2860364732784985,1
0.930113538876852,-1.2615871198543382,-0.15484123025532542,0.3052077222492148,1,0,0,1,0,0,-0.6469689866984278,0.4796441482981407,0.21396681550962854,-0.41754875496112887,1.1227579225465028,0.691570407474127,-0.31049118138805276,0.15367639879208989,0.08635940259492945,-0.05427552859997274,0.1677668327193295,0.1691558725391617,0.052324306787640086,-0.754187368947609,-0.5258327502154867,0.15407154577424778,-0.3170236059718558,-0.2775107055976406,0.3871222082195544,-0.15323465775184336,-0.3218295868202689,-0.7376933860296817,0.03677084849550787,-0.24103244333019008,-0.489040290017628,0.15323465775184336,-0.3871222082195551,-0.8431352397972577,-0.7097714541928067,-0.8371407578686448,-0.6383152839424023,-0.71610842633123994,-0.7495995951142377,0.9216751455883455,0.7879592118469556,-0.6663639641110671,-0.19302946221276363,-0.5588081172337243,0.561678026151944,0.4950694691856613,0.36382580878204385,0.030432725387320277,1.5215080252738291,1.5724491805101195,0.6571863078002155,0
-0.09789695541265715,-0.6946962684821769,1.0038746524609323,-0.4281154315628296,1,0,0,1,0,0,0.7158762097478791,-0.5292099076521812,0.7512804350395157,-0.5350146346178304,0.004562891386886293,0.006471198576706979,1.015536045071482,0.9002745730626707,-0.8811889974138483,1.054888205164238,0.007382056204413465,-1.9405699513912693,-0.9699313222828294,0.08170812815108786,0.8838016859233038,-1.0854644050704558,0.2615151526327436,-0.6218072350385148,-1.7416546130692934,-0.9193541232206256,-1.3304857926491653,-0.3502819774407519,0.11382783416324065,-1.1657719607042731,-0.6166707746661074,0.9193541232206256,1.7416546130692918,-0.03541234474315745,0.641115017460903,-0.4004555067940112,-0.8708842928463041,-0.7331767065666972,-0.08799472517957138,-1.0357458890816678,-0.3747723420151606,-0.29429738304996345,-1.0950992091004363,0.19995793940503753,1.8617363646160503,1.6490676208030963,0.9645963730804287,1.5214221626769286,2.2623449208747504,1.8229605270230922,1.244840212459599,1
0.9558138012340891,-1.4419614816545723,2.452269505856255,-2.334755631474145,1,0,0,0,1,0,-0.3945902466157784,-0.07566168653330448,0.2267599969270068,-0.4181274046146101,0.5727914486353289,0.26494857634609914,2.659552055163132,1.9843614103893672,-0.7479996287690425,1.4931113822039177,0.6157188746398161,0.44048764210715763,-0.2569860383245002,2.569369806129333,1.9931657046405884,-1.0941335316165652,0.897676671744175,0.6877258014733032,1.2718086794045298,-0.6605917564372907,-1.130887837056183,-0.726888662803437,-0.07695813077593347,-1.1269763284807461,-0.12903430228502547,0.6605917564372907,-1.2718086794045305,1.7192960134778195,1.1664597564373458,-1.1828499149693978,-1.4781478160953823,-1.1257471519822078,0.038025250046078915,0.35076067714292497,-0.2086678343205727,-1.2864749325462383,-1.1089772052064004,-0.7864379342253526,-0.44187577897824326,-0.41256952646850126,-0.8038690908401701,0.41111087958892223,0.8629863402952329,0.5704037944582268,-0.45626319576493324,1
-0.6633027272718879,-1.9830845670552713,-0.15484123025532542,1.0385308760612593,1,0,0,1,0,0,-0.4955417426488382,0.026095927179264008,-0.1826218084290977,-0.33075130693893556,0.4326783751609252,0.27568120102856525,0.19987089072151376,0.35020477695842606,0.06520856694747476,0.7407334269493518,1.2567928514653446,-0.05150407214983385,-1.224358372803585,0.46585823026969675,1.1993393980519782,-1.0715970974188926,1.085101699555316,0.8387857869061717,0.5364130502320184,-0.6022533438160685,0.18755471570017984,0.7208048337297318,-1.1659940339930006,0.07528519894495782,-0.8149811950400533,0.6022533438160685,-0.5364130502320191,0.27096530510494976,0.8662627627365218,-0.50962681956267,-0.9484072958142716,-0.5283573437412127,0.6051151385615076,-0.5463906304141645,-0.8177176958673952,-0.4183195767369984,0.05677446769459199,0.5034643620605421,-0.39625969692687113,-0.9052878383950472,-0.8207922053274488,-0.09645999267988113,0.6160407084282594,0.3477270420022505,-1.0129879475475077,1
1.0586148506630406,-0.2051087150244015,1.0038746524609323,-1.161438585374874,1,0,0,1,0,0,0.3246891626197725,-0.45012970499555655,-0.09306953850744984,-0.34406024896900517,-0.29267660741837764,-0.08028418427322742,-0.4114241198064892,0.4012316785191057,0.7392080597283687,-0.3657022081338124,0.34623045301614,0.5107825462798539,-0.02353648794621345,-0.11668909104632483,0.34183332674381756,-0.9150622546336691,-0.012818401156680278,-0.16278281939781708,-1.0618771407249559,1.7498032920237159,0.4555008888965903,-0.20826194794371125,-1.9300714989046879,0.481329582886837,-0.6090422859284985,-1.7498032920237159,1.0618771407249543,-0.14682239923337803,0.26586877533487285,-0.12752722487236504,-0.5737127814690962,-0.5454256239766699,0.5736101447550955,-0.5463906304141645,-0.09793149585751397,0.139780294854656,0.5841383197212315,-0.02767187758659086,0.561678026151944,-0.5940973255993336,-0.38079122865820925,1.2993599060593275,-0.7010026615289333,0.1250502895462747,0.5334696962929761,1
0.3647077670176212,1.547099371035007,1.7280720791585935,-1.161438585374874,1,0,0,1,0,0,-0.7226826087232228,1.2268357689875722,0.5210031695267069,-0.48814401268584606,1.6244573095884214,1.3207705294837029,1.097900616019048,0.4292261215794787,-0.5831836456178547,1.500498041177176,1.3340802468286268,-0.5815478365685899,-1.9724481574793316,0.8848818595995288,-0.09486038689799796,-1.3782720791729446,1.0087523806747225,0.9979599204204731,-1.0117882743416888,0.21031740340810925,-0.6424940045718462,-0.6841553754367183,-0.5877989391888238,-1.0268144566133515,-0.7600560335916084,-0.21031740340810925,1.0117882743416882,0.8001630639334981,-0.10937746679115769,-0.054746349693259644,-0.7545997883943533,-0.3576745413866426,1.487254965141063,-1.5251011477491712,-1.3713993881826885,0.6358690696027934,-0.3472294189456991,-0.2637324285408725,1.555094924159604,0.9503296638312415,0.4239968825145893,1.7152860375018184,1.713576850059253,2.054915477498067,1.605680329355712,1
2.08662534495255,0.5421564981479937,-0.15484123025532542,0.3052077222492148,1,0,0,0,1,0,2.2932433352644384,-0.6926035616706483,-0.438485436776663,-0.040847830544809956,-1.3389931206366235,-0.5010925103649195,1.2822119537210848,0.5056325854173844,0.1324247763600427,0.7509062004979327,0.2860554712639004,-0.6967551722689117,-0.7968846482000566,1.0539423056492152,0.03557193395657343,0.4427853392909925,0.0059676044740112014,0.061131232706878966,-0.7497849732599842,-0.20666334585120408,-0.7298602005675813,-0.6583614091883382,0.2639274583916678,-1.0085084580007733,-0.3122033719765147,0.20666334585120408,0.7497849732599834,1.07868820015905,0.11577027848446049,0.2636699792153276,0.459927258103802,0.4445346296798359,-0.18250970659880966,-0.5463906304141645,-0.26403600355210183,0.7598912632898273,-0.7481493064513315,-0.7105613285614767,-0.378013264106322,-0.1921429132382052,-0.5669454880182719,-0.0647368131630805,0.36909507656128593,0.29205785388825667,-0.332546584257695,0
-1.0231064002732158,0.5421564981479937,-0.15484123025532542,-0.4281154315628296,1,0,0,1,0,0,-0.5207796166571032,0.04412156160834757,-0.0035172685858019803,-0.37125678268262574,0.6376407008989664,0.3208476632339435,0.8201752862197981,1.5503393281982927,-0.5341963216892734,1.7784922184851129,1.1016152295109543,0.05714805022477162,-1.3056988595464172,0.008005974097454887,0.5798911524626241,-1.1048589357771672,0.5632857715178639,-0.07876992887826058,-0.02757457514840374,0.10529125240634482,-1.1324742257821363,-1.5469671556753775,-0.38001241083453424,-1.8440837196551347,-1.5090572552600092,-0.10529125240634482,0.027574575148402326,0.02029268250195297,0.5660657690356972,0.08171779126756346,-0.5091102789957901,-0.27233314020935756,0.6051151385615076,0.35076067714292497,0.40038202722625016,0.139780294854656,-1.0812212129944723,-1.4693273852002382,-0.1681792866700104,-0.3347718982695729,-1.0069464646875115,0.062155904904119784,1.3568776040291806,1.5724491805101195,-0.6418381130257917,1
1.2385166871637046,-0.1535731830814779,0.5693561964423357,0.5985369837740325,1,0,0,0,1,0,3.1008553035289164,-0.7257474701370278,-0.31055362260288033,-0.22312247139141586,-1.315875669310676,-0.38571679502840883,0.5073829603454041,-0.5641409783904395,0.7903332817978918,-0.01967673456094554,-0.2943556400660215,0.028855785782804653,0.4713567639244321,-0.21590335283064108,0.18529354169808848,0.43712268528360176,-0.6583641269641913,-0.9630876095636025,-0.40749033797582196,0.4434998061064408,-0.9212564436677643,0.9599241996906888,-0.641145929780428,-0.6262405995323095,-0.5575908525084335,-0.4434998061064408,0.40749033797582124,-0.14682239923337803,0.26586877533487285,0.28186519801010423,0.47284775859846334,0.17144214591252482,-0.655084613695,0.9216751455883455,1.2862727349307197,0.2638024885416898,-0.9146852597229018,0.7310941790521709,-0.3597668312857729,-0.62002986833231,-0.8038690908401701,0.1890486229713212,-0.04248097655033679,0.18071947766026855,-0.5799798072721716,0
-0.5091011531284612,1.1605828814630785,0.27967722576327125,-0.4281154315628296,1,0,0,1,0,0,1.1196821938801182,-0.6042198057603031,-0.24658771551598904,-0.23932466168889194,-0.782948328770261,-0.27973212628905597,-1.3693125306261706,0.7878338576689559,0.5482292437853233,-1.116814432470875,-0.9838334570756745,-1.270707997153202,0.8169440160200033,-0.11435849961979494,1.5594866197452124,-0.32054438080319847,-0.6890014351529598,-0.4772449971233985,-1.4375436385994584,-0.30735587342307225,1.7897967412235418,0.4809327669458901,-1.0715639315678962,0.8255422185684467,0.8130948269017477,0.30735587342307225,1.4375436385994576,-0.3417899945912644,0.9413120111617277,-0.9645072894320803,-0.9613277963089331,-1.1428154322176651,-0.40304466324369825,-1.0357458890816678,-0.5408768497097485,-0.790386157798101,1.9996939225295793,0.7310941790521709,0.7350191379471587,0.015317428625603584,0.34690269429476517,1.8386539578449304,-0.7833178721512579,-0.9883334727336057,0.7809029193074537,0
1.0586148506630406,1.2636539453489257,-0.8790386569529866,-1.6014324776621007,1,0,0,1,0,0,-0.5838743016777656,0.1976301902947366,0.16279408984011548,-0.41060495911935335,0.9012659350619028,0.469315638008058,0.9924445972030367,0.38809975066392693,0.45300249440767354,1.0993679712062536,0.7796941565129432,1.17858989985266,-0.15284466078800865,0.41304650855253244,0.45745550246807887,0.014415077940463596,0.3793166678334851,0.27235869167695204,1.0187373090415208,0.5970847941440487,-0.967307166623852,-0.07441020738924538,-0.6047838223833355,-1.1090512890732007,-0.7477353376358654,-0.5970847941440487,-1.0187373090415215,0.49378541408539117,0.5660657690356972,0.381938901381374,0.33072225315718967,0.47867119015075044,0.2270552128845555,0.9216751455883455,0.4557501964577793,0.139780294854656,-0.8314172830871166,0.12408133374116129,0.6164173246135901,0.1838789563899486,-0.2792525417345383,1.0772976494417266,0.5337254978059351,0.9600881112561845,0.6571863078002155,1
-0.09789695541265715,0.20717554051898904,-0.8790386569529866,1.478524768348486,1,0,0,1,0,0,-0.09173575851659908,-0.348372091282988,-0.42569225535928473,-0.055314071881842175,-0.3741271520513366,-0.22517461748651993,-0.5761839860914307,-1.7291292497367823,2.853932022847026,-0.37180130292894614,0.7894676975365024,-0.5003021560741577,-1.3006647188512455,-0.27069598143318624,-0.27905086518287087,0.6387459742545634,0.1922998832145757,0.3191622492021306,-1.0618771407249543,0.37080434932556694,0.5307216233989289,2.093737129570651,-3.259542578821688,0.6929608460627495,-0.7147468552850584,-0.37080434932556694,1.0618771407249536,-0.3139374809687093,-0.3345252120667762,-0.24579614703841146,0.11107374474794844,0.18851042614798086,-0.5920746260821743,-1.2804235184154193,-1.0391903727935126,-0.10826409251941274,0.27882240539001907,1.5657368413548085,-0.6517097564145549,-2.0852185327454578,-1.7684866166150421,1.2359135470257274,0.03983423407198747,0.23638866577426285,-0.8274130302866491,0
1.2128164248064663,0.0010334127472937634,-0.4445202009343899,-0.4281154315628296,1,0,0,0,1,0,-0.2810198135785862,-0.22684442690626339,0.29072590401389814,-0.42854309837727333,0.45977634701701026,0.15672794413123253,0.11615166770332616,-2.1792708396825193,-0.6171497543955815,-0.6644128681416589,0.01707676899120509,2.058354475575183,1.1885914267198796,-0.422323668472826,1.263332895684875,-2.6889603612175765,-0.25428946409835373,-0.909076542448459,-0.7076772998718532,3.5092157361558383,-0.5834925548366171,4.256696781135992,-1.8584814517770942,0.6454298408169414,-0.9097369423488317,-3.509215736155838,0.7076772998718532,-0.6481676444393714,0.5660657690356972,-1.2465331807511142,-2.214616344291072,-2.1669122463450856,0.5421051509486824,-0.30171300108041293,0.012804842605544792,-1.2244638357027204,-0.47058938433204756,4.373171250918228,0.4704458620491997,-0.62002986833231,-0.3469449996836519,0.728342674756924,-1.853415610241477,-0.5429799678216537,0.7809029193074537,1
1.341317736592655,-0.23087648099586283,1.4383931084795292,1.478524768348486,1,0,0,1,0,0,0.24897554059497767,-0.4228005173127524,-0.7839013350458762,1.9699597153026678,-1.7640207226093256,-1.8475897153193137,-0.5310246917449031,0.45533487190231053,-0.0913354368883604,-1.099777568799101,-1.305399584917908,0.02814790110772628,1.954010207322885,0.7965372225218588,1.62944016593008,0.6932458759804989,0.23744337704103005,0.08388341625337345,1.36621119919561,-1.3166012534636966,1.5342933678775847,1.0073759866339143,0.8215038509646282,1.721173331857545,1.7789792229867172,1.3166012534636966,-1.366211199195611,0.6609004958207222,1.391607501712964,-0.2185033188462471,0.1627557467265941,0.2567835470898098,-0.8756195703398886,1.3294711944779316,0.6772228733838963,-0.4803306735805153,0.77843026520473,0.27583454506891375,-1.4545528005187045,-0.892321567028559,-0.24540631275998087,-1.3336639938350878,-1.4418395571298541,-1.9347096706715041,-1.136704559054746,0
0.18480593051695732,-0.9266061622253344,-0.4445202009343899,-0.13478617003801185,1,0,0,1,0,0,-0.00340319948767178,-0.3751198068874346,-0.7327286093763631,1.0441202697326062,-1.2535148208475249,-1.0954116021564804,-0.6341428571581519,-0.6385208045482589,-0.35181149065770523,-1.7618121177524566,-1.6040566513549979,-0.44582672110297533,1.1203650469757804,-0.5686056313094904,-1.269768894460124,0.18666357537054543,-1.0305692106893858,-0.42361988233519876,-1.7322973523163754,1.1100169487029459,0.3136470324984902,-0.39563676105432216,0.6685169849646025,1.3581997203038958,1.6717698428032326,-1.1100169487029459,1.7322973523163738,-0.6760201580619267,-1.3101654415944555,-0.7643598826895395,-0.5607922809744348,-0.9038595089212672,-0.37153966943728567,-0.9541866793037505,-0.26403600355210183,-0.35630847989348147,0.16779843654230542,-0.482931511569848,-0.39625969692687113,-0.010615114107371936,0.5330569536548284,-0.3185222492974822,-1.6064699783745033,-1.4336869776455579,0.47161139053935697,0
-0.6376024649146498,0.3617821363477598,-2.327433510348309,1.7718540298733036,1,0,0,1,0,0,0.03445361152472564,-0.3832604159844401,0.9559713377175679,-0.5732055117475955,0.4637921777381801,0.1482312829242802,-0.9305783602066444,0.6588252343440758,-1.9795899145727374,-0.8425252140550199,-0.7495930480225785,0.06560448125420512,0.6364603497898627,-1.014958199976276,0.18946173790470025,-1.2160002396780425,-1.0797621856798798,-0.7366771548468352,-0.2548898489945435,0.3422733367180179,0.2798575881277011,-0.7144597001379533,1.48420275961526,0.067523508933936,0.25528581533801675,-0.3422733367180179,0.25488984899454276,-0.8709877534198129,0.41596727218528484,0.7003552302899613,-0.09565426316663046,-0.5112890635057554,1.7077899217859516,0.4323198869208419,0.6218547041523672,0.38782468222872474,0.11228645211844858,-0.7864379342253526,-0.48749186102961545,0.30057539868834077,0.31305646532020776,-1.4288335323854886,-0.6186874509066087,-0.5429799678216537,-0.2706882785040748,0
1.2128164248064663,0.6967630939767645,0.27967722576327125,-1.161438585374874,1,0,0,1,0,0,0.48873534367349464,-0.4850180296970086,-0.3745195296897717,-0.14211151990403548,-0.6803558893529458,-0.26318599657025404,0.28238563425265373,-4.426354633030115e-4,0.2411768023157614,0.7297368380055271,0.4684608640657472,-0.39357573476149366,-0.4447501545620142,-0.16709085329856815,1.2587939710363472,-0.6041375118254368,0.21280733657275988,-0.4067746590535368,-0.22109974072011698,-0.31750632983152677,-0.5596193103012876,1.2616396976789104,-0.936796704821381,-0.7748112773194303,-1.0061583489109027,0.31750632983152677,0.22109974072011698,-0.09111737198826762,1.3165582532877582,0.3182556355996563,-0.05689276168264715,0.03489590402886805,0.2270552128845555,0.5954383064766764,0.7879592118469556,0.3258135853852078,-0.3318094232724056,1.717490052682561,1.1181942271786838,0.39133929825375646,0.04228663352375219,1.2359135470257274,1.5215080252738291,1.461110804282131,0.40975308478573785,0
-1.8455147957048228,0.6709953280053031,1.7280720791585935,1.478524768348486,1,0,0,1,0,0,-0.48292280564470574,0.00574440443675031,1.096696333308729,-0.596351497886847,1.1066082862583246,0.46529090375213317,-0.6683040120766177,2.222356614542821,-1.5220483300211025,0.3988267789764729,-0.12440243336004574,-0.23709884042113208,0.15701231416488423,0.09081829469397726,2.7674677731142547,-0.4065771227364648,0.9373111918761758,0.20351172324050526,-0.11972941589683889,-0.2046283627832927,1.0200375670948798,-0.2778657351045027,1.6721202578578276,0.3906324848271107,0.36041884349876063,0.20462836278329197,0.11972941589683818,-0.17467491285593337,1.9169522406894068,-0.9645072894320803,-1.0000892977929163,-0.6307670251539549,-0.7811045889206503,-0.38327221085833024,-0.3747723420151606,-0.8523972546416179,1.5278420549267964,0.19995793940503753,1.5743550476924053,2.3751788173264257,2.445368890717294,-0.6992004034990842,0.7806711296729086,0.7374113588002092,1.8943524228726025,1
1.2642169495209417,1.5986349029779314,-0.4445202009343899,0.3052077222492148,1,0,0,0,1,0,-0.7983962307480176,2.07869236378136,-0.2721740783507456,-0.2260157196588223,1.7858158244900784,1.7733295369276907,-0.6642092775506977,-1.6237919824038927,-0.6985698889250089,-0.9183748992619963,-0.49732257884925785,-0.5008113405084424,0.15173586181191018,-0.5895841629200769,-0.31261086907332764,-1.1745458632290204,-0.15790882925972494,0.2346574555447389,0.10398440440281079,-0.7861774033115495,0.33449362034934854,1.915538749186006,-0.22533687938363442,1.0840855482685423,0.8756410423288598,0.7861774033115495,-0.1039844044028115,-0.6760201580619267,-0.4846237089171882,-0.6642861793182697,-1.1163738022448682,-1.1086788717467513,0.7941451013999841,-0.5463906304141645,-0.6516131881728072,-0.9764194483286528,0.11228645211844858,1.413983630027056,-0.6517097564145549,-0.6589286824317738,-0.2284831982727022,-0.2233527107470814,-0.28942660841731066,-0.6543183440496418,-0.5799798072721716,1
-1.6142124344896835,0.18140777454752677,1.7280720791585935,-1.8947617391869185,1,0,0,1,0,0,0.36254597363216995,-0.45710736993584694,0.5593827137788417,-0.4950878085276215,0.09116304189697262,0.031066796807358486,0.811413040941208,-0.5120929712543357,-0.7541196572998755,0.3512169365418484,-0.11378894886218438,-0.2559618878502889,0.5345249367993207,-0.5408567306747563,-0.39912165580596715,0.736474994994013,-1.39552366853332,-1.9387208558972138,-0.37315522795503414,0.020989325180847843,-1.6687072579819673,0.30303236094192293,1.7709931792782236,-1.8582488039252467,-1.7448523679429464,-0.020989325180847843,0.3731552279550334,-0.38821085062885646,-0.18442671521636386,0.6882250844267777,0.9982814453813528,0.3079883877961804,-1.0856528623826396,2.2266225020350205,2.7812133041820113,0.34648395099971346,-1.5808290728091832,0.10511218232519232,-0.4760878405167724,0.449687519402953,-0.36809889279274993,-1.9681275841710915,0.8218287349840708,0.9183362201706894,-1.2294920176851751,1
2.08662534495255,1.6244026689493918,0.5693561964423357,-1.161438585374874,1,0,0,1,0,0,-0.3062576875868511,-0.21347056910404008,-0.5280377066983108,0.043056369209976894,-0.32699198043353456,-0.19744867039014913,0.09108169709337333,0.031977191101305945,-0.6510978398931766,-0.05144452415813927,-0.597847004278369,-0.0177802161550266,0.8304949847453638,-0.1953368408940964,-0.3150781508408297,-0.2607994211273172,0.7822321942850899,-0.029447848890197387,0.3735052989149339,-0.39468810214486993,-0.3218295868202689,-0.35952807311113166,0.6279942922080642,0.8451462868951395,0.7484802928131975,0.39468810214486993,-0.37350529891493456,-0.3974950218363748,-0.5596729573423944,-0.9190192424451392,-0.8967252938356269,-0.5795621844475838,-0.9701345517591269,0.02452383803125581,-0.1532996650890431,-0.9764194483286528,-0.5261013687559044,-0.6346847228976005,-1.0440080620563552,-0.6070635969658218,-0.2623294272472596,-1.175048096251087,-0.7010026615289333,-0.9326642846196119,-0.5181215015185524,1
-0.04649643069818187,0.15564000857606544,1.0038746524609323,-0.4281154315628296,1,0,0,0,1,0,0.1480240445619179,-0.41349696405903186,-0.1442422641769629,-0.337695102780711,-0.22942480992573414,-0.05703016412788418,0.6859997817680038,-0.5649035592566252,0.45014751303035916,0.9615527981490568,0.4432827216422621,-0.4091430837501611,-0.42912175237444555,0.28553454371008813,0.8412241105931001,-0.43659220371272806,1.0195152018186786,0.019237384669207686,-0.8773392119444982,0.312111980532898,-0.6685966439104362,1.6180677105193706,-1.05409979028313,-0.2880619739205792,-0.5575076864575738,-0.31211198053289735,0.8773392119444975,0.02029268250195297,0.41596727218528484,-0.8371407578686448,-0.9096457943302884,-0.5112890635057554,-0.8756195703398886,-0.9541866793037505,-0.7069813574043363,-0.6663639641110671,-0.6371253376036178,1.4898602356909325,-0.031331040515893936,-0.5681647828663581,-0.6346379459673855,0.5697267771729232,-0.12479618717266176,0.013711913318286572,-0.2706882785040748,0
0.05630461873076867,1.0317440516057692,-1.6032360836506476,1.0385308760612593,1,0,0,1,0,0,0.3877838476404349,-0.4635035627977798,-0.4512786181940413,-0.03506133400999707,-0.7413129368876991,-0.32937051544546175,-0.9081062599612081,0.03244817226819339,1.0515086928923263,-2.1185826725709185,-1.661187549791192,-0.17382425701846296,1.9401495547044387,-1.4348279033023552,0.14630353968206927,1.277035840929845,-3.2030210187420876,-2.977686492580414,-0.6862106428504546,0.4434998061064408,-0.1709192746847614,0.10202753957920051,-0.15414974566605014,-0.3139923021077349,-0.7475061273641146,-0.4434998061064408,0.6862106428504539,-1.363048827418288,0.06573744620098994,-0.19121049065408274,0.4814614255949037,-0.9152383624115719,-1.5057194464681423,1.6828944368489056,2.412092175971816,-0.8937379858706291,-0.24854144663662048,-0.02767187758659086,-0.350643614875499,-0.37367071236903754,-0.4654068010946016,-0.6040308649486834,-0.04248097655033679,0.18071947766026855,-0.8274130302866491,0
-0.2006980048416086,-1.7254069073406524,-0.8790386569529866,0.3052077222492148,1,0,0,1,0,0,-0.6595879237025604,0.6744372945479147,0.7001077093700027,-0.5228629918947234,1.4138461840069334,0.9227690308422513,0.025933649641524118,-0.5644631100713297,1.373706419282415,-0.6792605748419663,0.41968695156697233,0.7904642202488882,-0.6369540462713648,-0.3725057735113058,0.28409173685180267,-0.3149213257748793,0.04939499411379277,0.3384765632255098,-0.22109974072011698,1.2973829492468834,-0.4082647509124184,1.059340198577992,-2.1943682561033953,0.9666164449981917,-0.21515710673820684,-1.2973829492468834,0.22109974072011698,-0.6481676444393714,-0.25947596364157,-1.4375829780962672,-1.3489428111487698,-1.262293393865864,-0.5605696322757617,-1.4435419379712537,-1.5375038958772762,-1.4104971262332722,-0.49834537654397587,0.7310941790521709,-0.5513543759015367,-1.5147025926199844,-1.1254082660984612,0.6966194952401235,-0.8656330827735822,-0.3759724034796717,-0.3944048900113141,0
2.1637261320242622,-1.7511746733121147,0.27967722576327125,0.3052077222492148,0,1,0,1,0,0,-0.6091121756860305,0.25287003773870237,-0.3361399854376369,-0.191296740449945,0.5305939829278759,0.3423129125988757,0.6499926533442107,0.7829956693459403,-0.6038798193844451,1.272870034985013,0.2963009049117255,1.2235371999024929,-0.16684847473017997,1.064883587126335,0.7203416184430733,-0.5480297291052761,1.5788299746117769,0.8984218723509014,1.0713719007766844,0.6061852033378367,0.1601885260653814,-0.3530637087877382,0.27480691722703127,-0.15402452196478028,0.4919284067140698,-0.6061852033378367,-1.071371900776685,0.9672781456688292,0.641115017460903,-0.054746349693259644,-0.3282232720705331,0.2909201075607231,0.19555021907814235,-0.30171300108041293,-0.762349526635866,0.07776919801113909,0.1400424443303771,-0.3311783002420958,0.0051618251252043045,0.14498014229048395,0.0761328624983096,0.3476645205553221,-0.5363722402842841,-0.32030321536567735,0.5953280020465953,1
2.4464290179538777,0.23294330649045036,-1.8929150543297122,-0.13478617003801185,1,0,0,1,0,0,0.21111872958258027,-0.42047462899932225,-0.4001058925245282,-0.10739254069515815,-0.5611731504198336,-0.24037916912001359,-0.4832550287349756,-0.40581544122328383,0.15489925208106292,-0.6150212689022913,-0.49073277931230175,0.3760355978635174,0.8427222970717974,-1.1400209936473,-0.6425874337508665,0.28811126538703974,-1.4192759883164752,-1.5307620719237622,-0.2444928926024105,0.7553527801229527,-0.4671176632070326,-0.08673555601288487,0.07777156961898937,-0.5764757185682573,-0.8565145773543054,-0.7553527801229527,0.2444928926024098,-1.1216603760228097,-0.7097714541928067,-0.44594355378095224,-0.23777976860790415,-0.767313267037611,-0.9386295579527137,0.9216751455883455,1.1755363964676604,-0.6043528672675491,-0.6371253376036178,-0.4070549059059717,-1.0166384128255321,-0.8274902101961188,-0.9731002357129547,-1.1433249167342867,-0.37174181903963527,-0.04195727479570725,-0.9511296417938885,0
1.3156174742354179,2.8870232015510258,-0.4445202009343899,-0.13478617003801185,1,0,0,1,0,0,-0.44506599463230834,-0.011699757913975716,0.5849690766135982,-0.49740240714154665,0.8401161034122906,0.37540517203647955,-0.8231873343330784,-0.15618542766305013,-0.6800016845335436,-0.4524552850519179,-0.765405082080331,-0.3467321306943041,0.9357684129148921,-1.3083414365674506,0.3640342250973692,-1.3359401786204674,-0.5557737226257429,-1.2046921947969105,-0.16027754582615011,-0.31393995325558316,-0.1626173207095868,0.5790508963011728,-0.41290595898526045,0.06014219044699528,-0.18108336075238865,0.31393995325558316,0.16027754582614942,-1.3166279713806959,-0.03432821836595151,-0.9918001176242447,-1.4393863146113988,-1.5353858776331764,-0.34003467563087314,0.4323198869208419,0.5664865349208381,-1.4725082230767892,-0.1375174777889068,0.5793409677244183,0.10551720563822252,-0.127311556405765,-0.093098282374475,0.2207718024881207,0.36909507656128593,0.23638866577426285,-0.20882997275045564,1
2.1123256073097876,1.8047770307496258,-0.4445202009343899,-0.4281154315628296,1,0,0,1,0,0,-0.33149556159511606,-0.17160457946229762,0.11162136417060241,-0.4042398129310592,0.4112177753210872,0.18042915697167852,0.2895285767703333,-0.7244505713486955,0.13353374864264972,0.8081890927330269,0.8687754671845347,-1.023023180120675,-1.7122543508650638,-0.3928245776629612,-0.848130783580877,-0.0036640752601544645,-0.4418165439960506,-0.7751219601197434,-1.6149417070401957,0.20639792024048925,-0.7951022233961796,0.14469234411360082,-0.18622715007594562,-1.5299090463254525,-1.8862063852655937,-0.20639792024048853,1.6149417070401944,-0.3696425082138195,-0.7848207026180125,0.02713213488323473,0.020630241285320403,-0.15285517856115927,-0.40304466324369825,-0.6279498401920818,0.12354118106860354,0.20179139169817292,-0.7203933142394032,0.19995793940503753,0.19674936974096682,0.06718251409155555,-0.5500223735309933,-0.44541496736468245,1.439192814651505,1.739456744852101,-0.7036964187794109,1
1.521219573093319,0.9802085196628456,-0.15484123025532542,0.5985369837740325,1,0,0,1,0,0,0.3499270366280375,-0.4565258978574894,-0.2849672597681238,-0.22543707000534102,-0.49620818796233845,-0.17687780641542242,-0.8282174039705372,-0.8310179894529601,1.9414794861753282,-2.093544571311915,-1.0220477259375784,-2.1688398852061375,0.23188631867114498,-1.2771943553758003,-1.7549201964693852,2.93082895490214,-1.708431657723795,-0.7521019111365608,-1.5536587379424858,-1.417139107414103,-0.12450108990139516,-0.6174422577491068,0.29113295406027956,1.1341920645710195,0.5944309680265425,1.417139107414103,1.553658737942485,-1.3723329986258064,-1.835510180570898,-1.8924634479656777,-0.4703487775118068,-1.0745423112758372,-2.702909211111825,-1.2804235184154193,-0.8177176958673952,-1.7825637072943747,-0.38732140769626244,-0.8623145398892288,-1.1261170097488256,-0.8274902101961188,-0.38079122865820925,-1.2702176348014877,-0.28942660841731066,-0.8769950965056176,-1.3841377820692236,0
1.2385166871637046,1.5213316050635446,2.8867879618748513,-1.161438585374874,1,0,0,1,0,0,-0.571255364673633,0.1394829824589832,0.4954168066919504,-0.4852507644184396,1.054395878351426,0.48228422616603783,3.584506390131165,-0.17835024696756208,1.425258036306998,2.3637622959772058,2.2575260515063733,1.4115455717551415,-1.5191542932260236,4.024798357890684,-0.5247971010785102,1.525574873181507,2.59104226629888,2.7190548820543547,2.0459093416913814,-0.1039281697319839,-0.9628122955858389,-0.2809389041728627,-0.4153198603910026,-0.6240572065761029,-0.28026656023942687,0.1039281697319839,-2.0459093416913823,3.5575619125664613,-0.5596729573423944,-0.2639913658331881,0.5374502610717695,1.6393142461618264,-1.0961545269847772,-0.709509049969999,-1.4267675574142176,0.5738579727592754,-0.6371253376036178,0.35171115073279,2.103501599488323,1.5064386357717279,1.1084428462222957,2.187608932529733,1.439192814651505,1.5167799923961247,2.018069034379841,1
-1.2544087614883548,-1.6481036094262664,0.27967722576327125,-0.13478617003801185,1,0,0,1,0,0,0.22373766658671274,-0.4222190452343949,1.7107690413428855,-0.6501659156606069,0.5630390160772756,0.177746000801062,-0.075252957687119,-0.17408635271066822,1.0364077647804721,-0.2462527737271236,-0.3010252846389639,0.6474936621065532,1.20932851583956,-0.23218559879722725,-0.501594153392639,-0.2971548646747673,-0.0467057588746463,-0.3370970907443034,0.2792118624399347,0.6061852033378367,-0.12735604503468753,-0.2635470292231745,-1.7154161158127894,0.28635897940552835,0.062237914547528105,-0.6061852033378367,-0.2792118624399354,-0.17467491285593337,-0.40957446049198204,0.22727954162577424,0.03355074177998182,0.017827623793410803,0.1325402314653172,1.3294711944779316,1.2862727349307197,0.38782468222872474,0.22331042096616224,0.19995793940503753,1.5196157492307591,0.22277777048941236,0.3299795798074865,2.790349343348936,0.2044646553166367,0.5704037944582268,2.636652091916034,1
1.5469198354505571,0.9544407536913834,0.5693561964423357,-0.13478617003801185,1,0,0,0,1,0,0.26159447759911014,-0.424544933547825,-0.7966945164632545,1.9959989497093258,-1.891649064065903,-1.8690549646842458,0.5854147985833349,0.3175103605464719,-1.7614264644781255,-0.6793475031349141,-0.5836476041075636,-0.002364700922625992,0.5951854202187439,-0.4136299557501682,-0.2154006057990132,-0.8686831311542271,-1.222606438997655,-0.8512844629263361,-0.2611143426240418,0.2557448558590603,-1.2273277061388566,-0.6515765325927838,1.5349862137492616,-0.2945609675674875,-0.07234311892684901,-0.2557448558590603,0.2611143426240411,-0.48105256270404034,-0.3345252120667762,-0.43684594438356456,-0.7933612898783374,-1.176951992688579,0.4475901695294441,0.18764225758709038,0.34501385799472056,-0.6043528672675491,-1.2477571662660425,-0.8623145398892288,-1.0166384128255321,-0.17917664187171697,-0.2792525417345383,-1.7777885070702906,-0.5363722402842841,-0.48731077970765985,-0.8274130302866491,0
-0.25209852955608386,0.5421564981479937,-0.15484123025532542,0.3052077222492148,1,0,0,0,1,0,-0.24316300256618875,-0.2425441730219168,-0.438485436776663,-0.040847830544809956,-0.2440931368209664,-0.15496536435538744,0.7643697816364652,1.3078035256912575,-1.0665062145070632,1.119642711875948,0.7068154013441563,1.0730055576883972,-0.12458594425985682,0.33520941328657955,1.3985255560180445,-1.4266486448418583,0.3927271945346158,0.3503853575634341,1.1169885469471594,0.3556359628759853,-0.7279374920851576,-0.3939891807631825,0.024305420805576617,-1.1231435069839633,-0.5768115340291751,-0.3556359628759853,-1.1169885469471603,-0.11896988561082296,0.5660657690356972,-1.455778196891044,-1.8270013294512357,-1.6207272788104614,0.06953024385249205,-0.05703537174666111,-0.5408768497097485,-1.534519319920306,-0.6648813298155464,-0.3311783002420958,0.14201007127932075,0.13201387092399572,-0.33002188519637315,0.3476645205553221,0.28677986593896093,0.514734606344233,0.16231986177126023,1
-0.14929748012713334,0.4648532002336079,0.5693561964423357,-0.4281154315628296,0,1,0,1,0,0,-0.29363875058271866,-0.22684442690626339,-0.6431763394547153,0.36999342342690494,-0.6221724705548283,-0.4603979751105689,0.0892873846092469,0.7058307095835381,-0.6764933130367544,-0.36761186586181627,-0.48964339015097,-0.4218566052822444,0.47892523734378745,-0.9308414487566603,0.5827163387178456,-0.35327056106800947,-0.3865339095111406,-0.0024950490003350415,0.19997699316119485,-0.7736968421314995,-1.05424208962251,-0.3850223638696859,0.5697861769910649,0.1133395064165553,0.634124458226793,0.7736968421314995,-0.19997699316119558,-0.8431352397972577,0.641115017460903,0.2636699792153276,0.03355074177998182,-0.11871861809024475,0.7941451013999841,0.5138790966987595,0.4557501964577793,0.2638024885416898,-0.9146852597229018,-0.17942508891434333,0.6529101902546883,0.8710913388138142,0.8715192434003977,0.47455723862252236,0.36909507656128593,0.013711913318286572,0.7190446135538346,0
0.8787130141623758,-0.12780541711001567,1.0038746524609323,0.3052077222492148,1,0,0,1,0,0,-0.6848257977108253,0.8314347557044489,2.0305985767773422,-0.6733119017998584,1.921157108866527,1.1597811592467113,0.12242099071410537,-1.0232879363617577,0.6898211767748511,0.058206342264670294,1.170839174733849,-1.127055109491248,-2.6933203328926703,0.08642825067149786,-1.0059037090832232,0.30261169590263554,0.9103766211259235,0.9703851908876879,0.872405678118227,-2.402410076128092,-0.08387127792735283,0.39680255272596754,-0.6389130871759884,0.8240808605339489,-0.5747560013825347,2.402410076128092,-0.8724056781182278,-0.11896988561082296,-1.0850176963188372,-0.7370670544973751,-0.4832692780064673,-0.11871861809024475,-0.5605696322757617,-0.8726274695258333,-1.2606630497196296,-0.728375060954584,1.4723300705029398,2.8556391376407038,6.583000856933068,4.955466819257546,5.23768278111824,3.5834288312689404,9.670713876883958,7.25070636813751,5.729567379597002,1
1.1614159000919912,1.0575118175772313,-0.4445202009343899,-0.8681093238500562,1,0,0,1,0,0,-0.23054406556205628,-0.24312564510027435,-0.6047967952025805,0.1992917756499248,-0.5876010482317433,-0.34099752551813334,1.0501611029192168,-0.20295840314954028,-1.1321324388708982,0.7873315962416163,0.923775968976611,-0.07044478650388285,-1.6907955833967434,1.6281355991479045,0.3843013347934282,-1.412822820054001,1.238406169149307,1.1745911625831376,0.27586209560863995,-0.3696749546284684,0.16653932956712783,0.6635514186126007,0.12791228855680672,0.164348166293285,-0.05419434784598709,0.3696749546284684,-0.27586209560863995,1.7750010407229295,0.5660657690356972,0.5729886987265271,-0.3023822710812103,0.18851042614798086,2.1173548412693166,-1.3619827281933365,-1.592872065108806,0.7598912632898273,0.41760236644966076,1.0346006017076752,1.0178388466656656,0.9359226956462544,0.9561348158367899,0.37938770007212164,1.0276167615398821,0.9044189231421907,0.8427612250610729,1
0.2105061928741954,1.2121184134060021,1.4383931084795292,-0.4281154315628296,1,0,0,1,0,0,-0.40720918361991093,-0.05821752418257845,-0.2977604411855021,-0.22312247139141586,0.15842303681168668,0.1276604189495535,0.6758758112528639,0.6229879765428744,-0.4641253028108779,0.5392303079335108,0.07398616488488083,0.1241917926456042,-0.14206293238980655,0.44987768474307943,2.003510850900824,-2.9817512631356315,0.5742442748024342,-0.585199034002488,-0.4291756706205303,0.595033997706013,-0.49030928634036547,1.1520026395109935,-2.361897623223565,-0.15905456474101856,-0.6675185948476984,-0.595033997706013,0.4291756706205296,0.32667033235006016,1.6918044954137887,-0.2821865846279648,-1.7236373254939452,-1.467112756691348,1.550264952753888,0.10608304780917345,0.34501385799472056,-0.35630847989348147,-0.7203933142394032,0.4275877563966659,-1.3633206364159602,-2.150049889577898,-2.0561795628987762,0.31594134103852145,-0.20711139779498602,0.06938110143228039,-1.136704559054746,0
-0.35489957898503444,1.4440283071491598,0.27967722576327125,-0.8681093238500562,1,0,0,1,0,0,-0.34411449859924853,-0.17160457946229762,2.3376349307944206,-0.6900927417508158,1.2117126750605447,0.4013423483524393,-0.2608761261204708,-0.16473488768541963,0.5694476397701385,-0.10818409444666091,0.31640722590126197,-1.1979628606864279,-0.5725089524491543,-0.23237852928181138,-0.493101259734178,0.06999143037585409,0.4118541092030543,1.1501685244111444,0.3699083794759778,-2.0007490888823196,0.13056471537384995,-0.26787421401954237,-0.7081193625947153,0.554537216750393,0.7115708119280536,2.0007490888823196,-0.36990837947597854,-0.3696425082138195,-0.6347222057676005,-0.6551885699208807,-0.5220307794904515,-0.34060626115118536,0.19555021907814235,-0.709509049969999,-0.9284540343304539,-0.4183195767369984,0.5841383197212315,0.27583454506891375,1.793312241538992,1.0655854093111348,1.2607508766078017,2.4413943686641333,1.6861384465184783,0.6817421706862145,1.3994859768436472,1
0.030604356373531493,0.3617821363477598,0.27967722576327125,1.7718540298733036,1,0,0,1,0,0,-0.5586364276695006,0.13366826167540785,0.9559713377175679,-0.5732055117475955,1.2162451321735646,0.545785588870629,-0.08879592897133722,0.4062311988616668,-0.6395070906459039,-0.1479507721679554,0.09048307765866778,-0.10747113862863508,-0.47040261355714563,0.3172975977069941,-0.19231454844444673,0.3705383003001031,-0.10732705371354875,0.511650238742202,-0.16027754582615011,0.012383503443245562,0.44051292179249635,-0.7502215620404804,1.246582873751455,0.09344827896233467,0.3818944410410053,-0.012383503443245562,0.16027754582614942,0.2152602778598393,-0.25947596364157,-0.2548937564358004,-0.031051760693324323,-0.06751377738387422,0.038025250046078915,-1.0357458890816678,-1.0945585420250417,-0.29429738304996345,0.3898463742377325,-0.7105613285614767,-0.031331040515893936,0.6117659114840535,0.6176725260912207,-0.857816301083085,-0.28942660841731066,-0.32030321536567735,0.10046155601764112,0
0.6988111776617119,2.0366869244927823,-1.168717627632051,-1.6014324776621007,1,0,0,1,0,0,-0.356733435603381,-0.14543833593620858,-0.6943490651242283,0.7287562085853039,-0.7173922815416779,-0.6750504687598912,0.3784537468682581,1.3123745704230536,-0.9556369297820936,-0.4765484884703911,-0.9237035330446178,-0.0032795353680517315,0.7393792185419956,-0.45551634292190885,1.3118993894241275,-1.0637626949666907,-0.9281900485761737,-1.1321605449881134,-0.06478101552534087,0.05977612737849499,-0.9813957102682012,-0.48704327515059137,0.23740877748046987,-0.27659109992592573,0.09552541721870944,-0.05977612737849499,0.06478101552534087,-0.007559831120602114,2.2921984828154374,2.2105583902564043,1.1576342848155081,0.6664222727407777,2.211869822688555,1.8188264531454346,2.0614271041721297,1.5660355222555504,-0.9701972441467586,-0.5588081172337243,-0.378013264106322,-0.2051091846046925,-0.29617565622181696,-0.1916295312302808,0.03983423407198747,0.06938110143228039,-0.08511336124321738,0
-0.5862019402001745,0.6194597960623787,-2.0377545396692445,-0.13478617003801185,1,0,0,1,0,0,0.07231042253712305,-0.398378690021736,-0.054689994255315046,-0.35042539515729937,-0.09920064193564308,-0.035564914762951955,-0.6920870806351987,-1.4706893705875357,1.0510090943243218,-1.7410491629128748,-0.5898904198758617,-0.5785709028295634,0.7388459170836714,-1.2779388975947894,0.03557193395657343,0.6550669127200592,-1.7298832470192584,-1.2898668155429838,-0.24010667662448162,-0.550966827225982,-0.31453755609121753,2.054202498275184,-0.7784855680829987,0.6367224801920789,-0.4924174568819092,0.550966827225982,0.2401066766244809,-1.2609229441355856,-0.18442671521636386,-0.646090960523493,-0.23777976860790415,-0.8867912286858101,-0.9071245641463012,1.166352774922097,1.4523772426253072,-0.5423417704240322,0.16779843654230542,3.2350221659600846,2.2585962784629876,1.3897421934733356,1.6161362808406496,1.2993599060593275,2.097714499630101,1.9064643091940836,1.708777505611744,0
-1.8455147957048228,-0.07626988516709207,1.7280720791585935,-1.6014324776621007,1,0,0,1,0,0,-0.48292280564470574,0.00574440443675031,-0.041896812837936774,-0.36199838822692515,0.5328836449143904,0.2841778622355176,0.32064950942214776,2.2542453489532925,-0.27449217886170424,1.0526527806354877,0.7806392930611926,-1.136007341202368,-1.0840824160559515,-0.21195896161804792,2.875767734107855,-0.4597090778995548,0.9012195256178015,0.32795112373713525,-0.7532939460423284,-0.8022707585174037,-0.657657845338497,-0.21314150036846738,-0.08672328506821386,-0.5284321405263317,-0.6946888717197213,0.8022707585174037,0.7532939460423277,-0.4253475354589299,1.9920014891146134,-0.982702508226857,-1.0388507992769007,-0.6819718658603261,-0.6235796198885869,-0.9541866793037505,-0.762349526635866,-0.6043528672675491,-0.3595654154843339,0.27583454506891375,1.5834782641026803,1.2860120225414318,0.9561348158367899,0.8552353928241243,1.7684536571408034,1.4054416161681371,0.7809029193074537,0
-1.6142124344896835,0.026801178718756015,1.7280720791585935,-1.161438585374874,1,0,0,1,0,0,0.36254597363216995,-0.45710736993584694,-0.7711081536284979,1.599623937074643,-1.7280649103807288,-1.5877707594646133,0.4333035996991378,0.5434465379942252,-0.2302121970466256,-0.694662914813802,-1.6760702544220127,-0.8475207403892788,1.7500847269703832,-0.19827814208846403,-0.355040344508167,-0.2742537978732256,-0.8262439828009275,-1.0068217109089708,-0.34719453501248815,-0.8115738940849077,-0.8006363864954883,-1.101569051496518,0.03910916758983871,0.11915539221492123,1.1960079791491531,0.8115738940849077,0.3471945350124874,0.0759977097470634,0.003196405846651406,1.1961749424476187,0.8475422729436388,0.4360004895621079,0.6996301199807459,1.4110304042558486,1.812270342630248,1.2249744896162058,-0.859173275299045,-1.1658209625447336,-0.7064490548762022,-0.5811310542328463,-0.4992530300691578,0.4428340591057229,-1.1125787146405561,-1.4893561657595522,-0.7036964187794109,0
2.08662534495255,2.088222456435707,-0.15484123025532542,0.5985369837740325,1,0,0,1,0,0,0.04707254852885811,-0.38616777637622773,-0.3233468040202586,-0.20981352936134623,-0.34756481593456856,-0.1348416930757635,0.10811071436808262,0.7244655756502872,-0.29519045790658854,-0.4567915490214655,-0.1680655222128784,-0.0859584145204354,0.13444567797531018,-0.10709677266531793,0.6272805915785264,-0.7424037717501105,0.09244800970495429,-0.2737870326502737,0.3506288912831737,-0.4649864905896614,-0.257340413399809,-0.3659558121409083,-0.34250894856486935,0.7087657769024339,-0.048806339013166306,0.4649864905896614,-0.3506288912831744,-0.20252742647848845,0.41596727218528484,-0.4004555067940112,-0.7029177864157086,-0.6307670251539549,0.038025250046078915,0.4323198869208419,0.2896456887631914,-0.5423417704240322,-0.47058938433204756,-0.6346847228976005,-1.0257616292358074,-1.0219842806934394,-0.7192535184037778,-0.9529858396334858,0.12214944469431245,-0.09762646290970158,-0.9511296417938885,0
1.0329145883058024,-1.7254069073406524,1.0038746524609323,0.3052077222492148,1,0,0,1,0,0,-0.43244705762817587,-0.03786600144006476,0.7001077093700027,-0.5228629918947234,0.8696625627244053,0.3749579793413768,0.24239712730033272,-0.6515434930147068,1.6965220285787304,-0.9047315725470824,-0.351579662307693,0.9194646822733662,0.8887378603111343,0.13333446821807415,0.12158666340405695,-0.20740236341699977,-0.1930745980416516,-0.6397520267241584,0.1590389773671773,1.0963072413460702,-0.20383287650005286,1.0160667418077125,-2.5276218203179175,1.0307845197106533,-0.16752255651458442,-1.0963072413460702,-0.15903897736717798,0.29881781872750485,0.340918023760079,0.6821600114951846,0.459927258103802,0.3591932285025509,0.16404522527173035,1.0032343553662626,1.009431888773073,0.20179139169817292,-0.3040534310604773,0.7310941790521709,-0.4692454282090663,-1.6184327635518894,-1.2100238385348534,1.0772976494417266,-0.7833178721512579,-0.3759724034796717,-0.20882997275045564,0
-0.3291993166277972,0.7740663918911503,0.27967722576327125,0.3052077222492148,1,0,0,1,0,0,-0.5333985536612357,0.0871504954068051,-0.15703544559434116,-0.3330659055528607,0.5345956800990577,0.3244252047947655,-0.6697355332332523,-2.3996864466316827,1.5883944833351435,-0.12142120093295693,0.7144463068463143,-0.18065446525613588,-1.15592178882215,0.2792946522612797,-0.3497922315231268,1.2702571173244868,0.6438130326603736,1.2670712232040953,0.19616880564547262,-0.440948977121442,1.2103514878423374,2.9432307785275866,-0.8949025704676012,0.8024261914773448,0.3082332444586855,0.440948977121442,-0.19616880564547334,0.02029268250195297,-0.5596729573423944,-0.8189455390738695,-0.10857476366129187,0.15437386567706757,-1.0016395455655394,-1.2804235184154193,-1.482135726645747,-0.6663639641110671,0.5286263352973745,1.717490052682561,-1.4727992333392537,-1.6184327635518894,-1.277716296483967,-0.6040308649486834,-0.20711139779498602,-0.4316415915936655,-1.3222794763156045,1
2.1123256073097876,1.3151894772918502,-0.4445202009343899,-0.4281154315628296,1,0,0,1,0,0,-0.33149556159511606,-0.17160457946229762,-0.46407179961141953,-0.009022099603339084,-0.179089721910377,-0.1250034537835029,0.5711853046509694,-0.6459464266208091,0.843397038472623,0.5022905624467141,0.5802007873748779,-0.948294768404975,-1.2474437362989121,-0.39588514925997137,-0.6162820469180421,-0.3317268336330994,0.10026438761808859,-0.2810100934545591,-1.3392924006938196,0.03493293508481349,-1.1898108468772863,0.2692039165303215,-1.4863054817475012,-0.5791416943341882,-1.0286411015624175,-0.03493293508481349,1.339292400693819,-0.4253475354589299,-0.6347222057676005,-0.23669853764102378,-0.3669847735545164,-0.3064697006802721,-0.2140147004052217,-0.7910682597479163,-0.26403600355210183,0.07776919801113909,-1.192245181842186,-0.02767187758659086,-0.7611883533378483,-1.333174793489152,-1.430024326869473,0.09387908442092041,0.4514102871836102,0.514734606344233,-1.2604211705619852,1
1.2385166871637046,-1.2615871198543382,2.8867879618748513,0.3052077222492148,1,0,0,1,0,0,-0.571255364673633,0.1394829824589832,0.21396681550962854,-0.41754875496112887,0.9012659350619028,0.4299626808390156,3.1433866853007224,-0.0835141497165447,1.403651786939812,1.8188008306863943,2.215456007948756,0.9600076846239172,-1.8788065907481966,4.2894922579737536,-0.2636880237446439,1.330785829009362,2.9938122222368833,3.038794489837064,1.7556215933338128,-0.4318681387001143,-0.084945581804973,-0.1495310821902212,-0.5815275977016202,0.5115303687825248,0.08659005154127636,0.4318681387001143,-1.7556215933338135,3.975349616904789,-0.25947596364157,-0.03655113089848297,0.6537347655237203,1.9465432904000532,-0.7811045889206503,-1.0357458890816678,-1.648240234340335,0.8839134569768611,0.05677446769459199,0.04820472807728505,0.6164173246135901,0.19684522775643593,0.39767203775660004,0.6966194952401235,1.2745623934068555,1.127095675598167,0.904619530814692,0
0.9558138012340891,1.2378861793774645,2.452269505856255,0.3052077222492148,1,0,0,1,0,0,-0.3945902466157784,-0.07566168653330448,-0.7199354279589849,0.8531658840837809,-0.773224707992816,-0.7175337747946529,1.2153814054635181,1.656597802554465,-0.4101008640625642,-1.195850567883234,-1.0935750050626165,-0.3092217384633973,1.3357926413901837,2.533890974190742,1.5694647810533715,-0.6071277202632334,0.7567623389868751,0.6312056359225287,1.0187373090415193,-1.4321128303428865,0.8418165755239317,-0.7014771088459446,-0.049483188056617396,2.365909548523141,2.0379505147424153,1.4321128303428865,-1.01873730904152,1.9699686360808162,1.0914105080121401,-0.6915790075104341,-0.8708842928463041,-0.5624939042121272,0.06953024385249205,0.18764225758709038,-0.26403600355210183,-0.728375060954584,1.0282341951120857,-0.482931511569848,0.7258959215368835,0.585833368751077,1.582290051866092,0.8235122133073248,-0.7010026615289333,-1.266679413303576,1.3994859768436472,0
0.46750881644657266,-1.0296772261111817,-0.4445202009343899,-0.13478617003801185,1,0,0,1,0,0,-0.6217311126901629,0.3691644534102092,-0.5408308881156891,0.04652826713086462,0.24257282523674706,0.24795525393219447,-0.9860244946518382,-0.9604227041412147,1.3024054637945015,-0.4103865802344694,0.16238007900275764,0.3634592065790143,-0.3124435168041086,-1.1386088979855225,-0.08291793713822455,0.511927426757031,0.17745011741058303,0.50759590583288,0.33643704580791395,0.16204084244106823,0.23340646726320227,1.2351449331719095,-1.2659942060504068,0.7303622928135508,0.28446655109459373,-0.16204084244106823,-0.33643704580791395,-0.9545452942874786,0.26586877533487285,1.1006500437750428,1.2351572877834756,1.263812080981773,0.6366201323679207,0.2692014673650073,0.12354118106860354,1.2559800380379649,0.44535835866158957,1.5657368413548085,0.8627441676909999,0.002351157259115363,0.2961333508329291,1.648314880744129,0.5337254978059351,0.6817421706862145,1.3994859768436472,0
-0.9203053508442651,-0.35971531085317227,-0.15484123025532542,0.3052077222492148,1,0,0,1,0,0,-0.7100636717190902,1.0465794246967366,-0.3617263482723934,-0.16815075431069346,0.8845998003890834,0.9348432336100256,0.4225038289177876,0.08093362551323749,0.9534213038558587,0.07820460069774202,0.39147828531984236,-0.8206854855101918,-0.4755729995316445,0.2564696892373475,-0.5825379029621319,1.1170590125405844,0.5096780349419572,1.3670850786099842,-0.8350596325743129,-0.29111514316954507,-0.33124036739795476,-0.6946576240268442,-0.18082228333090652,0.39973864462880687,0.8257515537999967,0.29111514316954507,0.8350596325743123,0.29881781872750485,-0.4846237089171882,0.23637715102316323,0.795860270964994,0.9907195972144606,0.038025250046078915,-1.1173050988595852,-0.9284540343304539,1.1939689411944467,-0.3040534310604773,-0.6346847228976005,0.06902433999712428,-0.03654765684034838,0.12690220596014448,0.728342674756924,-0.37174181903963527,-0.5429799678216537,0.34789477903211874,1
2.0352248202380734,0.3617821363477598,-1.6032360836506476,1.7718540298733036,1,0,0,1,0,0,-0.6722068607066928,0.7296771419918804,0.9559713377175679,-0.5732055117475955,1.562560199895734,1.0041581013509526,-1.0977736520312562,0.5962412311275807,-0.7413185890216881,-0.6219897325783169,-0.8457805637005157,-0.1516998684655986,0.8555450912770198,-0.883771478296442,0.0800765027649068,0.3850750376845697,-0.4852096906054922,-0.4598279757690576,-0.22109974072011698,0.012383503443245562,0.6434269379709954,-0.7381409189443779,1.4003706218903174,0.3591423778479725,0.6506236356447598,-0.012383503443245562,0.22109974072011698,-0.8152827261747027,0.11577027848446049,0.13630344765189217,0.31780175266252825,0.10316902497069583,-0.34003467563087314,0.5954383064766764,0.7879592118469556,0.3258135853852078,0.6674062963570164,-0.6346847228976005,0.24236545179233895,0.9488889670127426,1.0576735027604598,-0.794369942049485,-0.28942660841731066,-0.32030321536567735,0.47161139053935697,0
1.2642169495209417,-0.07626988516709207,-0.4445202009343899,-1.6014324776621007,1,0,0,1,0,0,-0.7983962307480176,2.07869236378136,-0.041896812837936774,-0.36199838822692515,2.0032063833954625,1.8784198202768378,0.20020328888427666,-0.2445557458126808,-1.0915319736470095,0.4529486830528814,0.6672643597026316,0.01117278046598414,-0.754669504012117,-0.5060937311506578,-0.2751779072024298,-1.4824928827967647,0.17121892144631617,0.3385759202974166,0.9454154897089528,-0.9224132320343786,-0.7840704397271975,0.05999324939752492,0.002398398370873973,-0.4421266973942012,-0.5369228598145761,0.9224132320343786,-0.9454154897089535,-0.48105256270404034,-0.25947596364157,-1.6069330893092284e-4,-0.7675202888890147,-0.6649035856248688,1.550264952753888,0.2692014673650073,-0.1532996650890431,-0.35630847989348147,-0.47058938433204756,0.6552175733882943,1.793312241538992,1.519404907138216,1.209981533145967,1.0138512904081252,2.180029710252426,1.739456744852101,1.1520527538291696,1
0.030604356373531493,2.088222456435707,-1.168717627632051,0.5985369837740325,1,0,0,1,0,0,-0.7479204827314877,1.6047926199199694,-0.3233468040202586,-0.20981352936134623,1.168174353873405,1.3963460949560684,-0.7709845782666777,-0.1634556503101423,0.32224121036300063,-0.33543636083432166,0.6108815244058079,0.19518715039291232,-1.0409142353910306,-0.8643224280021156,-0.7949151089846436,-0.1753641287908084,0.3883827297328249,0.9996188878882999,0.6006469349749696,-0.329502323768793,0.2084520378661919,-0.5719804960990807,-0.616738567093324,0.8382665494444826,0.1817573837537974,0.329502323768793,-0.6006469349749702,-0.8431352397972577,-0.7848207026180125,-0.19121049065408274,-0.25070026910256554,-0.08458205761933026,0.6681251261743327,-0.9541866793037505,-1.2606630497196296,-0.10826409251941274,-0.08200549336504998,-0.7864379342253526,-0.97102233077416,-1.0997819088923677,-0.7530997473783346,-0.5723076854318833,-0.04248097655033679,-0.2089648391376897,-0.7036964187794109,1
-0.3291993166277972,0.23294330649045036,0.27967722576327125,-0.13478617003801185,1,0,0,1,0,0,-0.5333985536612357,0.0871504954068051,-0.4001058925245282,-0.10739254069515815,0.2556084424433621,0.1500200537046912,0.6012963653762834,-0.3634958569923802,0.5624376281365844,0.71852952666309,1.2419920466255254,-0.30986404960876673,-1.406190583512334,0.09717258824240738,-0.1853498026497942,1.0635520542112342,0.6132340978095302,1.0306930927074125,-0.4863880375980577,0.05977612737849499,-0.7390235280100589,0.3132301078820894,0.2998961664784048,-0.3626146007536903,-0.608379291475951,-0.05977612737849499,0.48638803759805704,0.0759977097470634,-0.18442671521636386,-0.027453521501095285,0.5245297605771081,0.76883195415352,-0.49755964466293656,-1.2804235184154193,-1.2606630497196296,0.20179139169817292,-0.8314172830871166,-0.02767187758659086,-0.8615437338508666,-0.5940973255993336,-0.685407289429221,-1.1433249167342867,0.03983423407198747,0.06938110143228039,-0.8274130302866491,1
-0.6633027272718879,1.2378861793774645,-0.15484123025532542,0.3052077222492148,1,0,0,1,0,0,-0.4955417426488382,0.026095927179264008,-0.7199354279589849,0.8531658840837809,-0.6023944159018695,-0.6392750531516708,-0.07846545542034693,1.5481554201685235,-0.747343308078407,-1.1391343724677268,-1.1459762437585927,-1.3407534968950006,0.8846507812675943,0.7617713386657619,1.7669198649356208,-0.9886536200761638,0.7741629158047244,0.4988336717861259,-0.1227108960387,-1.7069246864476295,0.8702610717398948,-0.3548303673605908,0.028141795507308037,2.3065437416518626,1.9768392325814748,1.7069246864476295,0.1227108960386993,0.8837206048011639,1.9169522406894068,0.5184030423421971,-0.10857476366129187,0.20557870638343811,1.2667200084961745,-0.13859458152457876,-0.09793149585751397,0.7598912632898273,1.2780381250194413,0.04820472807728505,1.3462746374355445,1.1563493088765513,2.174599058920838,1.1724671879921262,-0.37174181903963527,-1.0440026608476,1.8943524228726025,0
-0.9203053508442651,0.3617821363477598,-0.15484123025532542,1.7718540298733036,1,0,0,1,0,0,-0.7100636717190902,1.0465794246967366,0.9559713377175679,-0.5732055117475955,1.735268602126435,1.247878120181954,-0.23045462260657268,0.2218791870073989,-0.33712124647520203,0.1259807766606741,0.3195946261763433,-0.2728780144677737,-0.3033806209296403,0.2638432906234358,-0.31106613614063067,0.5935535022377727,0.5875169961719439,1.076039584938811,-0.46991781074089073,0.09388569754642515,0.5840818698422359,-0.6161553739270793,1.0573200652276349,0.4123798946809154,0.6350545540970562,-0.09388569754642515,0.46991781074089,0.49378541408539117,-0.03432821836595151,0.900502637032502,1.1059522828368633,1.3320852019236007,0.6681251261743327,-0.38327221085833024,-0.2086678343205727,1.814079909629618,0.7506742729928018,-0.4070549059059717,0.6802798394855113,1.1693155802430386,1.294597105582359,-0.2550758902638815,-0.12479618717266176,-0.09762646290970158,0.904619530814692,0
2.8319329533124433,0.026801178718756015,3.176466932553916,-1.161438585374874,1,0,0,1,0,0,-0.5460174906653681,0.09587257658216812,-0.7711081536284979,1.599623937074643,-0.794375994460296,-1.1624905064218936,3.664167219063961,1.9019935630444575,0.97096883377814,1.3781072055956496,1.152515792350933,0.5690370535651155,-0.6753623797627005,4.226680493287704,1.8491949526530194,0.6501510145111717,2.322058680580871,2.6155491460417544,2.0749381165271403,-1.2817996886347096,-0.8718643663924192,-0.7580629462103063,-0.6740078541642835,0.4407797122014088,1.0552476901468224,1.2817996886347096,-2.0749381165271408,4.866630052826555,2.367247731240644,1.1825285283515359,1.3902032937194106,2.4585916974637634,0.9516700704320475,-0.9541866793037505,-1.648240234340335,1.5040244254120325,-0.7759052986632599,-0.6346847228976005,0.32447439948480933,-0.08841274230630035,0.09305597698558829,1.6165917012273294,-0.4540570296619595,-0.9883334727336057,0.34789477903211874,0
0.3647077670176212,1.2636539453489257,1.7280720791585935,-0.4281154315628296,1,0,0,1,0,0,0.9556360128263961,-0.5786350343125716,-0.822280879298011,2.071223404661893,-2.5504163501441615,-2.0456960792498338,0.7055501492821555,0.026697593150454342,1.4018274031240041,-0.09145479581688169,-0.2123667939819465,-1.5120958415246664,-0.08770298027953297,0.5176381503016692,-0.5505639559345025,0.8717608052273297,0.5668131016890264,0.7741717222779206,-0.49529816032406576,-1.571087696275664,-0.46386671693464504,-0.5881861692944406,-1.0403094846045988,0.6855916979626232,1.031915239550354,1.571087696275664,0.4952981603240644,0.605195468575612,-0.40957446049198204,0.40923172957353837,0.821701271954316,1.0419244379208312,-0.24551969421163483,-0.6279498401920818,-0.4855086804782194,0.6978801664463103,-0.22078545442469194,-0.2553016945782196,1.1638103092300558,0.36540675552078095,0.6345956405784983,2.5365639072145343,0.36909507656128593,-0.32030321536567735,0.7809029193074537,0
0.030604356373531493,0.6967630939767645,-1.168717627632051,0.5985369837740325,1,0,0,1,0,0,-0.7479204827314877,1.6047926199199694,-0.8350740607153893,4.573883155968467,-0.8359652222306702,-2.300595915458404,-0.519360120299895,-0.6151393936878877,0.25680593566588256,-0.44196228904376433,0.004411753055472473,0.8803681541061631,-0.021975742069930835,-0.7699113047630008,-0.6983640541037268,-0.5766626400106251,0.5305023499270487,1.220645820834466,1.3338827891162104,-0.12221154853286169,-0.04710341422688498,0.14469234411360177,-0.9305526571827143,1.1230995885709305,1.185987569571575,0.12221154853286169,-1.333882789116211,-0.6203151308168162,-0.4846237089171882,0.7003552302899613,0.26611975068388355,0.47867119015075044,1.9283248784308402,-0.38327221085833024,-0.9284540343304539,0.7598912632898273,-0.16527347000083534,-0.02767187758659086,-0.4601222117987924,-0.840456481562607,-0.39771434314548676,0.8235122133073248,-0.9479482933959068,-1.0996718489615938,0.16231986177126023,1
0.8787130141623758,0.6967630939767645,1.0038746524609323,0.3052077222492148,1,0,0,1,0,0,-0.6848257977108253,0.8314347557044489,-0.8478672421327675,7.7767089879874,-1.6470572623246933,-5.370573767338815,0.49171095915889074,-1.0363124611773116,0.5205857773826983,-0.07751384197648667,-0.06576913023082727,-0.6912950401426956,-0.7207875690410045,0.06348796609043722,-0.8147091006816883,1.1114772951585785,0.8202960417781251,1.37651394779386,0.5873904109192033,-1.525410642437618,-0.6202996306206618,0.6062136832964752,0.4052692937637305,0.9181077130165866,1.4294010437268085,1.525410642437618,-0.587390410919204,-0.06326485836571254,-0.8598699510432187,-0.44594355378095224,0.1627557467265941,0.4957394703862077,-0.655084613695,-1.2804235184154193,-1.592872065108806,-0.17027518936292965,-0.8036612908751883,0.04820472807728505,-1.272088472313216,-0.9052878383950472,-0.5330992590437151,-0.635754044465484,-0.37174181903963527,-0.9883334727336057,-0.9511296417938885,0
1.2642169495209417,0.026801178718756015,-0.4445202009343899,-1.161438585374874,1,0,0,1,0,0,-0.7983962307480176,2.07869236378136,-0.7711081536284979,1.599623937074643,0.5464568506828977,0.36243658387849964,0.33898653729689504,-0.12613092202663692,-0.3075079202561932,0.14701927269223902,0.11322993838833567,0.5601062523480372,0.07151138183390486,-0.39676476145616724,-0.7896556404798066,-0.9118180940898909,0.5942478919091876,1.1120372339384055,1.5560487663379834,-0.7793520964162078,-0.8678117066690149,-0.6179410369388073,-0.4959156205920456,0.3906324848271107,0.9384834530054056,0.7793520964162078,-1.5560487663379843,-0.09111737198826762,-0.40957446049198204,1.4372615914784068,0.6537347655237203,0.8883099158017184,2.7789597112039837,0.35076067714292497,-0.319404172783631,1.2559800380379649,-0.6371253376036178,-0.2553016945782196,1.2915353389738984,0.7932937106148858,0.9222885868622325,2.187608932529733,0.03983423407198747,-0.32030321536567735,1.5232025883508855,1
1.2642169495209417,0.6967630939767645,-0.4445202009343899,0.3052077222492148,1,0,0,1,0,0,-0.7983962307480176,2.07869236378136,-0.8478672421327675,7.7767089879874,-0.7344913508946546,-4.411345436343406,0.40374459297119997,-1.0349178897402382,-0.913247833927614,-0.044759781037564964,-0.17047966965703476,0.1355285066467846,-0.04595312799589184,-0.32374302116070547,-0.48088719587249634,-0.7079997794512325,0.6965575071153041,1.0239136888136093,1.4194989373408373,-1.2229970446133172,-0.8848968969556927,0.9387150462735647,0.5369688838525367,0.7511620769759861,1.2212843484581406,1.2229970446133172,-1.419498937340838,0.0759977097470634,0.04072103005925432,1.846654014360876,1.1059522828368633,1.3832900426299712,2.7159497235911574,1.0032343553662626,0.34501385799472056,1.876091006473136,-0.9701972441467586,0.4275877563966659,-0.998391980004983,-0.6070635969658218,-0.29617565622181696,-0.6040308649486834,-0.12479618717266176,-0.6543183440496418,-0.5799798072721716,1
-1.2287084991311177,-0.5658574386248675,0.27967722576327125,-2.041426369949327,1,0,0,1,0,0,5.637261641359544,-0.7769170130324907,0.07324181991846762,-0.40308251362409664,-1.2948195763616928,-0.28599282402049453,0.4227888674780235,1.5525504174201303,-0.054390119132755266,0.6584483274460357,-0.42834228011519765,-2.3721734805929713,-0.9492293890146988,-0.6853117814155608,2.1236536419230614,0.5935535022377727,-1.3077109321293523,-2.14874587301692,-3.5663204598883063,0.30167151108420126,-1.2726536692583752,-0.0034945723990105313,0.670817142601677,-2.1862249858716707,-1.5409661829258738,-0.30167151108420126,3.5663204598883063,-1.038102835155144,0.5660657690356972,-2.374636746027252,-1.8011603284619129,-2.0815708451678003,-2.76591919872465,-1.85133798686084,-0.5408768497097485,-2.340663578886029,-1.2200011740541141,-0.1035484832504671,-0.2959043164138529,0.08014878545804377,-0.8038690908401701,-0.6040308649486834,1.5215080252738291,1.9064643091940836,-0.2706882785040748,0
-0.38059984134227254,-0.35971531085317227,-0.4445202009343899,0.3052077222492148,1,0,0,1,0,0,4.892744358115728,-0.7676134597787702,1.1094895147261072,-0.5951941985798844,-0.7229927675727786,-0.13036976612473594,0.528992368648688,0.10930907618213634,0.8938187602830546,0.575496900558176,0.9736023259985495,-1.1813999849824102,-1.8291460505970476,0.14565817520180593,-0.7849645729862699,1.290422015765981,-0.13433626974681692,0.7017921798509565,0.1590389773671773,-1.7690215962405276,-0.5900368332843183,-0.9363904148512922,0.07486948960737422,-0.9106647302163638,-0.5805672360513432,1.7690215962405276,-0.15903897736717798,0.7723105503109431,-0.18442671521636386,2.401608187601556,2.914822352089435,2.697547620760161,1.1722050270769362,0.5954383064766764,0.5664865349208381,2.930279652812927,-0.6093693453916895,-0.9381911455531051,-0.2898221721403357,-0.2094312750601892,-0.5443813353685675,-0.17048074488574738,1.8507688677631275,0.9415317152181866,-1.1779434295571587,0
-0.07219669305541997,-0.2824120129387873,-0.4445202009343899,-1.161438585374874,1,0,0,1,0,0,14.369566048219214,-0.8135497539690154,4.857891670017938,-0.7601093498220517,-0.6640978001941343,-0.03824807093356848,-0.017863055726589458,-0.52587383545645106,0.8166916529673094,-1.2100966678376972,-0.2499198520368712,0.39240565171621505,1.248644817432822,-0.4858720366488482,-2.211869545212745,0.30876919444941014,-1.5308794622226682,0.2417984523693409,-0.16027754582615011,0.6941558255444424,-0.46063860034113646,-1.494024011866781,-0.8061615861045779,0.11676866002171327,0.5609771742024694,-0.6941558255444424,0.16027754582614942,-0.48105256270404034,-2.0606579258465163,-0.10023439668020068,0.07231224326396513,-0.5454256239766699,1.0146800580448727,0.18764225758709038,0.2896456887631914,0.139780294854656,-0.3318094232724056,-1.317574173872486,0.561678026151944,0.028283699992091807,0.0761328624983096,1.6800380602609295,-1.4418395571298541,-1.378017789531564,0.16231986177126023,1
-1.100207187344929,-0.2051087150244015,-0.4445202009343899,-0.8681093238500562,0,1,0,1,0,0,0.43825959565696476,-0.4635035627977798,-0.68155588370685,0.6274925192260784,-1.3120972342012363,-0.8414061513381158,-0.15794903124500934,-1.4614151120157477,0.22046293462312322,-0.27603952749860544,-0.4764406717111813,-0.22679656600127582,0.6295489531739394,-0.7726340480431484,-0.5457689961022785,-0.1753641287908084,-0.5898885209292537,-0.7242556821165543,-1.0117882743416888,0.6941558255444445,-0.5523748642834988,1.459098705437087,-0.4776042545644911,-0.21201176663601956,-0.08769850129036194,-0.6941558255444438,1.0117882743416882,-0.7595776989295921,-0.5596729573423944,-0.19121049065408274,-0.25070026910256554,-0.4600842227993849,-0.24551969421163483,-0.22015379130249568,0.2896456887631914,0.139780294854656,-0.6371253376036178,1.0346006017076752,-0.6334633235940058,-0.7626588533636787,-0.7869459763528921,-0.0012904541294803558,-1.0302635040182315,-0.8769950965056176,-0.6418381130257917,0
0.5703098658755232,1.547099371035007,0.27967722576327125,-1.161438585374874,0,1,0,1,0,0,0.16064298156605036,-0.42163757315603734,0.4570372624398156,-0.4707845230814074,0.16332853560737318,0.039563458014310826,0.1021722543264998,0.8803516938120051,-0.532417507383066,0.31141648337803063,0.093420446345078,-0.045118806875516886,0.17254972489184023,-0.8953082357621818,0.9030333711971338,-1.1772333527646124,0.08473205634744503,0.004990395906394429,-0.28338753067176975,0.21952363131345246,-1.036654446867851,-0.30367132030479876,-0.4551734188919681,-0.33668472148821293,-0.11657900530425663,-0.21952363131345246,0.2833875306717691,-0.7874302125521474,1.0163612595869336,0.41832933897092733,-0.28946177058654887,-0.23819657973844427,1.3612349899154128,0.5138790966987595,0.7325910426154264,0.8219023601333442,-0.7759052986632599,0.19995793940503753,1.6747104282054248,1.130416766143575,0.9053654723749538,1.8386539578449304,0.6983559190505837,0.9044189231421907,1.646919199858125,0
-0.07219669305541997,-1.4419614816545723,1.0038746524609323,1.7718540298733036,1,0,0,1,0,0,0.6780193987354818,-0.5088583849096675,4.5508553160008605,-0.7543228532872388,0.8180505359455407,0.1916089743492474,0.03139987979762175,0.9683624117735956,-1.1569544350360734,-0.43458208314557667,-1.4721509675899507,-0.5511405848056774,0.7321899560410078,0.24879708983902785,1.2582389130280762,-1.1752319898780341,0.4942375030345527,-0.6805434217586287,-0.8901438845537553,0.13114384342216406,0.20493282346404953,-0.06863167855840126,0.4006006600109284,1.0771698051330456,1.2494501635628992,-0.13114384342216406,0.8901438845537545,0.27096530510494976,1.2415090048625523,0.16359627584405784,-0.4832692780064673,-0.27233314020935756,0.19555021907814235,-0.38327221085833024,0.012804842605544792,-0.046252995675895824,0.08453045990652028,-0.17942508891434333,-0.350643614875499,-0.10137901367278856,0.3299795798074865,-0.2233527107470814,-1.0302635040182315,-1.0996718489615938,-0.45626319576493324,1
-1.6142124344896835,-2.343833290655738,-0.15484123025532542,-0.13478617003801185,1,0,0,0,1,0,2.4446705793140278,-0.7036515311594415,2.273669023707529,-0.6854635445229654,-0.05041705668174237,-0.011416509227403206,-0.39578017804894755,-1.5310054399271404,-0.09701914568960705,-0.7755064466260864,-0.992524416169461,-2.2157491441241297,0.4340449960395566,-0.6735114751145354,-1.4248881631796932,-0.7687930512362916,-0.5468560612227107,-1.283045619576172,-3.179270128744878,0.13114384342216406,-0.1226227582559701,0.6739313316586455,-0.6399344520549409,0.5054060686063124,0.037686027911753635,-0.13114384342216406,3.179270128744878,-0.20252742647848845,-0.9349191994684248,2.629048422536261,1.6873748050966186,1.3320852019236007,1.6447799341731264,-0.22015379130249568,2.227531611866718,3.860446105465684,-0.007989514133240944,0.8322629866040054,0.5008565834167807,0.07150460454705224,0.27356919818322456,0.6225987430342572,-0.20711139779498602,-0.17185204706169332,0.3685142142833251,0
-1.2030082367738797,2.165525754350092,0.27967722576327125,0.3052077222492148,1,0,0,0,1,0,1.725391170078477,-0.6600411252826264,-0.5280377066983108,0.07198885188404132,-1.364131577456201,-0.5632522949842025,-0.9831988914659913,-0.08160563874156727,-0.06491519793921302,-1.4140651881244533,-1.5096981821243618,-0.3737449183943776,1.006785956205355,-0.3089227011242345,0.814511505266956,-0.5946844716378129,-0.4261422581495145,-1.3180476514255661,-0.3268774709704952,-0.18555039652161812,1.0584900692600137,0.9279660456802671,-0.5088592925892808,1.487755472756601,0.675864581229097,0.18555039652161812,0.32687747097049447,-0.20252742647848845,0.9413120111617277,0.4456221671630917,0.05077807577286339,-0.11871861809024475,-0.14050304819025958,0.18764225758709038,0.3819259708157405,-0.3769788455079871,0.8616982418405155,0.7310941790521709,-0.2959043164138529,-0.5033334260339178,0.0761328624983096,-0.15990635171348128,-0.6186874509066087,-0.7656567202776299,-0.08511336124321738,0
2.0352248202380734,-1.2100515879114147,-1.6032360836506476,0.3052077222492148,1,0,0,1,0,0,-0.6722068607066928,0.7296771419918804,1.7363554041776421,-0.6542164632349758,1.7978145804349452,1.0667650786653382,-0.4162757514482307,-0.11460512427661022,0.8763349063201782,0.15315752186398388,0.5720387337100756,-0.052423527678534615,-0.10746993284853837,-0.8164570891442618,0.49875580759696486,0.40029443551859767,-0.18540068180008268,-0.27155006719611274,-0.16027754582615011,0.08746187929198715,-0.23695273778840037,0.6569417488737602,-0.7957218708848309,-0.39074607354170776,-1.0087941576570565,-0.08746187929198715,0.16027754582614942,-0.7874302125521474,0.41596727218528484,-0.10933200607758836,0.11107374474794844,0.03489590402886805,-0.5605696322757617,0.4323198869208419,0.5664865349208381,0.139780294854656,-0.0740752098759276,0.9045264205696022,0.718076021756648,0.15794641365697218,-0.008482709938082702,0.5017485353512081,0.6160407084282594,0.7294586176410672,0.16231986177126023,1
0.6474106529472365,-1.4419614816545723,-0.15484123025532542,-2.334755631474145,1,0,0,0,1,0,-0.20530619155379135,-0.29080635552559214,0.36748499251816774,-0.45284638382348746,0.41811079283256,0.12631884086424522,0.4841948547652348,1.8082000006136343,-1.0675907733129453,1.1459718544030197,-0.29728561379212476,0.4445235641327925,0.30835340969238895,-0.4959429344909906,1.9909982338015735,-1.2206945902101884,0.37829360682683544,-0.6347991524225318,0.8393220050399173,-0.2261522221554376,-1.1688250687867427,-0.4872729241238319,0.23275201179767036,-1.1730245784217448,-0.23327196093145927,0.2261522221554376,-0.839322005039918,0.02029268250195297,3.3428879607683233,2.6199508131388733,1.3643622927300878,1.4856997240427134,2.180364828882142,2.879096180258358,2.5043724580243647,2.1861464906907218,-1.1644891896302574,-0.6346847228976005,-0.6608329728248301,-0.4514683405679659,-0.8546384343020056,-0.0647368131630805,0.5337254978059351,0.45906541823023866,-0.45626319576493324,0
0.7759119647334253,-0.2566442469673251,1.0038746524609323,-0.13478617003801185,1,0,0,1,0,0,1.8768184141280666,-0.6681817343796319,-0.2593808969333673,-0.23295951550059776,-1.0122040922036237,-0.3338424423964893,-0.36435730015207196,-1.7864953584817025,1.720777040160562,-0.8087777543646667,-0.23213880016405064,-0.43571438742628377,-0.1199146779731806,-0.09073051870007658,-0.9526659141262415,1.1473802716553432,-0.987862768549272,-0.6758465528967902,0.12009793795335828,-0.7133741297612556,0.41599083006154014,1.4976611455885913,-1.1993533401895218,0.11305875699858861,-0.3580408066108865,0.7133741297612556,-0.12009793795335828,0.045050472388668855,-0.7681430918568557,0.5770320806809213,1.1274864503279651,0.6114244808709718,-0.5605696322757617,1.1391663716627913,1.1816884152711638,0.484286388429751,0.16779843654230542,1.0346006017076752,-0.6973258384659271,-1.1516469943583196,-1.0407926936620688,0.09387908442092041,0.7806711296729086,0.45906541823023866,-0.9511296417938885,0
-0.25209852955608386,0.5679242641194551,-0.15484123025532542,-0.4281154315628296,1,0,0,1,0,0,-0.24316300256618875,-0.23672945223834146,0.16279408984011548,-0.41754875496112887,0.33882384155972356,0.14062900710753337,0.8088990998300837,1.639517219442344,-0.5417964192320206,0.7803417669765614,0.4127622579946498,0.3832377917500108,-0.20805836605199576,0.07394439861811271,1.179050637181476,-1.0774752787421003,-0.2836911797132513,-0.6483131837067022,0.2905222516232541,0.23455420748543962,-1.0509095172621425,-1.069141791282042,-0.3421048884383986,-1.3354947013392977,-1.1695627907901245,-0.23455420748543962,-0.29052225162325485,0.10385022336961848,1.1664597564373458,0.16359627584405784,-0.43158727602782254,-0.5112890635057554,0.6681251261743327,0.9216751455883455,0.8433273810784847,-0.10826409251941274,-0.859173275299045,-0.7864379342253526,1.099947794358136,0.7284623537824456,0.09305597698558829,0.9186817518577256,1.2745623934068555,1.5724491805101195,0.5953280020465953,1
0.9558138012340891,-1.7254069073406524,-0.15484123025532542,0.3052077222492148,1,0,0,1,0,0,-0.6217311126901629,0.2761289208730037,-0.3233468040202586,-0.21733597485660297,0.5840829288699368,0.38032429168260984,-0.7387186751927051,-0.2309787051597265,-0.05404634176127498,-0.424713580022582,-1.0843581524577626,-0.02412296691691311,1.5141479106449682,-0.7612693971407534,-0.4161777244613853,0.0319270785117176,-0.45846420139586563,-0.7065245034286399,-0.0741697193470499,0.040659774866796713,0.2665548884025138,-0.09989218662973957,0.10596679461939292,0.11915539221492123,0.7199350419202231,-0.040659774866796713,0.07416971934704919,-0.8152827261747027,-0.5596729573423944,-0.6187981323313287,-0.5091102789957901,-0.6478353053894121,-0.7811045889206503,0.9216751455883455,1.0648000580046022,-0.4183195767369984,0.029018475482663446,-0.3311783002420958,-0.7429419205172992,-0.5811310542328463,-0.4992530300691578,-0.0647368131630805,-0.7010026615289333,-0.7656567202776299,-0.2706882785040748,1
-1.0231064002732158,0.3617821363477598,-0.15484123025532542,1.7718540298733036,1,0,0,1,0,0,-0.6091121756860305,0.24763678903348454,-0.7199354279589849,0.8589523806185938,-0.33548599709037125,-0.4733665632685488,-0.630492078268818,0.546724549834164,-0.06879637538666696,-1.04196008699681,-1.4179670807497657,-0.1914528657475493,1.5303989994455316,0.24405239763198427,0.9427311386790426,-1.4858198015305464,0.5037137766306661,0.14235627318417637,-0.13124877099039398,-0.13094794135889734,1.120568862843905,0.19401075701588422,-1.3990586587770009,1.9070948142588187,1.982409844644646,0.13094794135889734,0.13124877099039328,0.8837206048011639,1.9169522406894068,2.3652177500120026,0.9896677783849125,1.178470679804488,3.188524630687348,0.8401159358104279,1.009431888773073,2.744246362282375,0.7229182807808735,-0.1035484832504671,-0.7976812189789466,-1.3202085221226638,-0.6346379459673855,1.1724671879921262,-2.018046031486126,-2.2687247993554687,-0.023255055489598248,0
0.3647077670176212,0.9544407536913834,1.7280720791585935,-0.13478617003801185,1,0,0,1,0,0,-0.6974447347149578,0.8605083596223256,-0.6431763394547153,0.27740947886989875,0.2752599661670599,0.447403195948023,1.1285003766725266,0.8524187207964377,-1.0415641501740358,1.6261977664119482,1.515018105628589,0.018921800217669715,-2.0712260281165085,0.9794148524205366,0.6644327108575164,-1.3664326160703761,1.6357010323446688,1.536104126828681,-0.22931895624632825,0.2532428274968747,-0.5905874640628,-0.504357341888449,0.050720085001889924,-0.5749551249832441,-0.4698910353509993,-0.2532428274968747,0.22931895624632756,0.6609004958207222,0.340918023760079,-0.6642861793182697,-1.2068173057074962,-0.6136987449184976,1.0146800580448727,-1.6882195673050053,-1.814344742034923,0.07776919801113909,-0.6648813298155464,-0.6346847228976005,-0.6060936743631827,-0.4903671546674297,-0.6684841749419423,-0.5088613263982832,0.5337254978059351,0.7374113588002092,-0.2706882785040748,1
0.72451144001895,0.3617821363477598,0.5693561964423357,1.7718540298733036,1,0,0,1,0,0,-0.81101516775215,4.698224076782052,-0.041896812837936774,-0.3648916364943316,2.270114802206965,3.8952588751902613,-0.29326416319637094,0.3774479747756174,-1.2997573932699584,0.2569099021548362,-0.13787457567515068,-0.00693490898564517,-0.1581982976017015,-0.14596836989222509,0.16956648206137498,-1.1448957235771469,0.7955016744528011,0.41172502986908577,-0.5860329100839196,0.5717619163874261,0.2619410824623521,-0.3481912114818819,0.6263021098580913,0.44173713970370126,0.5812130568105631,-0.5717619163874261,0.5860329100839188,-0.11896988561082296,0.19081952690966666,0.10901061945972781,-0.5091102789957901,-0.18699173903207253,0.9831750642384596,-0.709509049969999,-0.5408768497097485,0.6978801664463103,0.5286263352973745,-0.02767187758659086,1.0543317123067637,1.2600794798084554,1.396135792506029,0.3476645205553221,-0.28942660841731066,-0.04195727479570725,1.3376276710900281,0
0.72451144001895,-0.05050211919562982,0.27967722576327125,-1.6014324776621007,1,0,0,1,0,0,0.6023057767106869,-0.5030436641260921,-0.1826218084290977,-0.31859966421582847,-0.5154787529982517,-0.14065519811209928,0.9971382685218158,-0.3052757197700319,0.8191338345675959,0.4594770143668479,1.2346887402446367,-0.7703079117019419,-1.3563887555852554,0.4529765737995714,0.24103590199475503,0.9801238363839518,0.09812257697732439,1.0465725032546163,-0.030386078764458365,-1.020471574555225,-0.9339361801360087,0.6604649811399793,-0.13485346021637104,-0.5234271357461678,-0.5833814817714532,1.020471574555225,0.030386078764457654,0.32667033235006016,0.11577027848446049,-0.2912841940253525,0.24027874969456073,0.2738518273252659,-0.18250970659880966,-0.5463906304141645,-0.5962450189412776,0.20179139169817292,-0.5261013687559044,1.717490052682561,2.687387449745886,2.180684746829105,1.7684443112261554,1.8069307783281299,2.756236184608697,2.2404794378780473,1.770635811365363,1
0.6474106529472365,1.547099371035007,-0.15484123025532542,0.5985369837740325,1,0,0,1,0,0,-0.20530619155379135,-0.29080635552559214,0.31631226684865466,-0.445902587981712,0.39009477083069316,0.12095252852301216,-0.05382626571638937,1.360642482452298,-0.08758428502828472,1.305992390273195,0.7542528487229709,1.1758111242061977,0.07493046976830525,-0.4918008660452874,2.0304429453870214,-1.225320825643672,0.26687770178435105,-0.6531023053301306,0.7593540409706329,0.850548042800631,-0.41655489788437783,0.16652866139498748,-1.1115986085573655,-1.4996801029521736,-1.6181929287065067,-0.8505480428006302,-0.7593540409706335,0.1317027369921738,3.7181342028943525,3.184002595776941,1.790738809053908,1.8441336089873108,2.6844447297847456,3.3684514389258617,3.058054150339658,2.806257459125893,-0.49834537654397587,-0.02767187758659086,-0.5148615102604385,-0.9701191952274875,-1.4131012123821949,0.030432725387320277,0.12214944469431245,0.6260729825722207,-0.8274130302866491,1
-1.7170134839186342,2.088222456435707,0.714195681781868,0.5985369837740325,1,0,0,1,0,0,1.1070632568759857,-0.6013124453685155,-0.34893316685501513,-0.18377429495468825,-0.8987057364685176,-0.32042666154340665,0.4593856728804433,1.1076327948466604,0.7914725167362177,-0.2637906615737111,-0.3635806976174524,0.46464591044992243,-0.06828438086509042,0.6876729843872831,1.3544102106273133,0.35706179527137566,-0.00422724004508365,-0.7314205805787511,0.33643704580791395,0.30004743805884815,0.04832778256871188,-0.16344235530151371,-0.7231567755252042,0.352172506564495,-0.24141712385234154,-0.3000474380588474,-0.33643704580791395,1.1900982546492709,2.067050737539819,1.6510554123170291,1.6227723026233125,1.5454387048668132,-0.08799472517957138,1.2071323798110556,1.1201682272361313,1.5350299738337914,-0.10976148557697851,-0.3311783002420958,-0.5696008087220858,-0.8274902101961188,-0.6515610604546642,-0.2550758902638815,0.12214944469431245,0.29205785388825667,-0.20882997275045564,0
1.341317736592655,2.088222456435707,1.4383931084795292,-0.13478617003801185,1,0,0,1,0,0,0.021834674520593164,-0.37919011143593734,0.022069094248954552,-0.37588597991047606,-0.0016899201829646338,-0.001131077240039849,0.47585881964971044,0.6154647877945943,0.9680512057304547,0.08879028861748119,0.10760430164592029,0.7296995238512604,0.5958726443021732,0.6145361900484674,1.5990402984060108,0.5707562831899112,0.11152888662284641,-0.07549953741407787,1.147399644394143,-0.14275387761029457,-0.04765595217359187,0.7571387317848342,-0.7498034070611468,-0.009359816815464186,-0.21360146565645274,0.14275387761029457,-1.1473996443941437,0.4659329004628361,1.3165582532877582,-0.30947941282012914,0.020630241285320403,0.06903246449978255,-0.8756195703398886,1.3294711944779316,0.7879592118469556,-0.5423417704240322,-0.08200549336504998,0.6552175733882943,-0.11343998820836432,-0.47740088330094144,-0.44848368660732285,0.37938770007212164,0.28677986593896093,0.23638866577426285,-0.20882997275045564,1
1.0586148506630406,0.20717554051898904,-1.8929150543297122,1.478524768348486,0,1,0,1,0,0,1.2080147529090457,-0.6106159986222359,-0.3745195296897717,-0.13343177510181614,-0.9658085529770167,-0.36648750913899036,-0.8745385782920552,-0.9652525664133687,1.6467091526623214,-1.1696364247200666,-0.9249354990259532,0.08575312484659954,1.006634615949805,-0.8017414702523445,0.3044915478613486,-0.43167000580033693,-1.1952088176639786,-1.6014841047614106,-0.5252107151899527,0.6378546273322141,0.4149765512999767,1.62987238821394,-2.684893302505239,0.3949547470152335,-0.3610760763685981,-0.6378546273322141,0.525210715189952,-0.7317251853070371,0.340918023760079,0.17269388524144552,-0.08273376267196997,-0.5454256239766699,-0.18250970659880966,1.0847935651441794,1.5631135810883663,0.139780294854656,0.44535835866158957,1.6416134470186852,0.23324223538206504,-1.2294446225572482,-1.0238695791747903,2.0607162144625315,-0.04248097655033679,0.29205785388825667,0.2860364732784985,1
-0.5605016778429365,1.7274737328352407,-2.0377545396692445,0.3052077222492148,1,0,0,1,0,0,0.097548296545388,-0.40768224327545655,-0.13144908275958464,-0.33595915382026714,-0.18311941538817902,-0.05389981526216489,-0.3929292527613437,-0.8045788693848256,1.4173673045379995,-1.3262013469108322,-0.2463219136323734,0.07755831006130873,0.6857073758334893,-1.2360181847913565,-0.04350160596641936,0.9350736229619809,-2.10588621600768,-1.2710697626763947,-0.054936012401546316,0.16026515284228104,-0.6886371157622904,1.0607307944110234,-0.9979297744688506,-0.2965482631454653,-0.9207216780227909,-0.16026515284228104,0.054936012401546316,-1.2052179168904753,-0.18442671521636386,-0.43684594438356456,0.08523274375862654,-0.767313267037611,-0.6865896075014126,1.3294711944779316,1.5077454118568363,-0.35630847989348147,-0.5538573609678327,1.2622304186993043,0.5981708917930423,-0.0495139282068366,-0.1607907403235886,0.6331731362065233,0.7806711296729086,0.9600881112561845,0.16231986177126023,0
1.2385166871637046,1.7532414988067013,0.27967722576327125,1.0385308760612593,0,1,0,0,1,0,-0.00340319948767178,-0.37279391857400446,-0.38731271110714993,-0.1305385268344097,-0.39226921132676024,-0.18582166031747752,-1.107606880443769,-0.09067126245266943,-0.23536696851672845,-0.5980738016942203,-0.5602297121085307,-0.5129430454010263,0.12632384264237284,0.022875979033057523,0.7953285014702611,-0.8657957496346553,0.2154133087194325,0.18708996024927546,-0.37315522795503414,-0.3295023237687909,1.5630117381084199,0.9211917866396904,-0.5482867005565507,1.021559271087642,0.9109829956091665,0.32950232376879157,0.3731552279550334,0.04814519612450831,0.7912135143113154,0.13630344765189217,-0.3411437725651945,-0.23819657973844427,0.9201650766256344,-0.6279498401920818,-0.5408768497097485,0.015758101167622184,1.1670141561717275,0.5793409677244183,-0.6243401071837319,-0.7885913960966542,-0.38079122865820925,0.15732544345452057,-0.6186874509066087,-0.8213259083916238,-0.2706882785040748,0
1.1614159000919912,0.15564000857606544,-0.4445202009343899,-0.13478617003801185,1,0,0,1,0,0,-0.23054406556205628,-0.2506847821189223,1.8131144926819118,-0.6594243101163075,0.9571134317882809,0.31682292897801867,0.8736275791633398,0.5344417930142908,-0.4241137628915123,0.772018183257294,0.9914887035699856,0.16593817393991026,-1.1038493095686983,1.3111018716350131,0.7108294467340766,-1.6229193491096106,1.4486456444799314,1.0176070160590687,0.1590389773671773,0.06858695651968806,0.0952371266157024,-0.021444797967359142,-1.0510997103419295,0.393505464175833,-0.2954886837097762,-0.06858695651968806,-0.15903897736717798,1.5800334453650435,1.0163612595869336,0.8732098088403377,-0.19901826712392082,0.3762615087380082,2.3063848041077932,-0.6279498401920818,-0.762349526635866,1.13195784435093,0.19555442875423396,0.12408133374116129,0.4521994292286506,-0.1921429132382052,-0.025405824425361403,0.728342674756924,0.5337254978059351,0.6260729825722207,0.5953280020465953,0
0.6474106529472365,2.088222456435707,-0.15484123025532542,0.5985369837740325,1,0,0,1,0,0,-0.20530619155379135,-0.29080635552559214,-0.34893316685501513,-0.18377429495468825,-0.1581902790310473,-0.08162576235853568,-0.14258708886545798,1.488952696233493,-0.20002885656369285,-0.004301047990370435,-0.1991833654040875,1.0148375391618114,0.7017040986560272,-0.3841628468825541,1.8663837370443337,-1.0032812777965645,0.3143616511766328,-0.40611598199873356,1.0345842828972671,0.3580292690535297,-0.18558017213028213,-0.17393204719649544,-0.7347547801790373,0.31752607045028114,-0.13754508213685784,-0.3580292690535297,-1.0345842828972678,0.32667033235006016,3.643084954469147,3.4387356589038123,2.152512822904422,2.2196357741673656,2.873474692623221,3.5315698584816957,3.0026859811081286,3.1163129433434786,-0.4150773999081907,-0.482931511569848,-1.0348848456460813,-1.2035120798242718,-1.0238695791747903,-0.4771381468814831,-0.28942660841731066,-0.15329565102369538,-0.5799798072721716,0
-1.0231064002732158,-0.2566442469673251,-0.15484123025532542,0.3052077222492148,1,0,0,1,0,0,-0.6091121756860305,0.24763678903348454,0.5210031695267069,-0.4921945602602151,1.168174353873405,0.5708283797963832,-0.6245307881107384,-0.4914881915018132,-0.12275213560323121,-0.3482491619512205,-0.015439705087611255,0.3040023939170881,0.2603362158015072,0.0907581431858232,1.0008944281967775,-1.3473379674649808,0.20837669001730125,-0.184532247235663,-0.24010667662448162,0.6527578856825103,0.959109730933703,1.6772570333098296,-1.1861384389335625,0.6770849094837014,-0.16008745034968025,-0.6527578856825103,0.2401066766244809,0.8280155775560533,2.2171492343902317,2.874683876265743,1.4677262966873774,1.5027680042781708,3.283039612106586,1.166352774922097,1.4523772426253072,3.1163129433434786,1.194770148383656,2.020996475338066,0.853620951280726,0.04124997135858002,0.31305646532020776,1.109020828958526,-0.37174181903963527,-0.09762646290970158,0.6571863078002155,1
2.1123256073097876,1.3409572432633117,-0.15484123025532542,1.478524768348486,1,0,0,1,0,0,2.1670539652231136,-0.6867888408870729,0.009275912831576286,-0.3747286806035135,-0.8359652222306702,-0.23859039833960255,-0.11182764071438958,-0.3452654871051751,-0.34899351468528567,-0.11076185085814844,-0.30189493548814134,-1.0979521975236526,-0.8749189545718764,0.855053001895086,1.0226651049952762,0.12780910858617528,-0.05113900087773211,-0.33698750140397915,-0.47521987007162214,-1.0261585642736313,1.009857941311327,1.4983711687208994,0.6055216541923982,0.09892355687250529,0.06347549590444036,1.0261585642736313,0.4752198700716215,0.9672781456688292,1.1664597564373458,0.49111021415003275,0.48576825909312477,0.4445346296798359,-0.08799472517957138,-0.05703537174666111,0.17890935030013266,0.7598912632898273,0.7229182807808735,1.1104772073715516,-0.5513543759015367,-0.17917664187171697,-0.1269445113490324,-0.9212626601166852,1.1099319721622063,0.6260729825722207,-0.5799798072721716,1
1.572620097807795,1.0575118175772313,-0.15484123025532542,-1.8947617391869185,1,0,0,0,1,0,-0.14221150653312897,-0.33383528932404966,1.2118349660651333,-0.6050312426890664,0.699812579314183,0.21083826023866584,0.06296377773100978,0.32212564234603314,-1.2436071046139525,1.111887340178813,0.7839454389599405,0.8163310095319809,-0.4400848682809735,-0.7468541113917188,0.32757892086420654,-2.049156372810514,0.48099718309528106,-0.3110224904862615,0.7431545685744835,0.3763264807979944,-0.8338004938323004,-0.11396618160557985,-0.35915196169544233,-1.025139490495983,-1.3228203914762606,-0.3763264807979944,-0.7431545685744843,-0.5924626171942612,0.5660657690356972,0.7276480584821255,-0.5478717804797735,-0.34060626115118536,1.8968198846244282,1.0032343553662626,0.6772228733838963,0.20179139169817292,-0.7481493064513315,-0.02767187758659086,0.2606118846128881,0.028283699992091807,-0.38079122865820925,-0.0647368131630805,0.9453015509175579,1.2941032399401495,0.22417816752487937,1
1.726821671951222,1.3409572432633117,0.27967722576327125,-0.4281154315628296,1,0,0,1,0,0,-0.11697363252486404,-0.34023148218598254,-0.5024513438635544,0.011230638268506017,-0.4792341593842556,-0.27034107969189813,0.42695772485151817,0.5204600124347323,0.20221142332809247,0.619959193183908,0.3143465316646833,-0.1928731629057033,-0.5202257385936047,-0.6907632282538323,0.9978434134507779,-0.7708898157811612,-0.2166198341928946,-0.8809855038091442,-0.65872285032305,0.3902573124670771,-1.2838975883658217,0.2852699258744139,-1.0510997103419295,-1.0523213930687927,-1.2687767611435448,-0.3902573124670771,0.6587228503230493,-0.5646101035717058,1.1664597564373458,0.5456958705343614,0.03355074177998182,-0.05044549714841698,0.3845801819166189,0.2692014673650073,0.6772228733838963,0.3258135853852078,-1.1644891896302574,0.4275877563966659,0.4521994292286506,-0.1921429132382052,-0.5838686025055501,0.7600658542737248,0.6983559190505837,1.0157572993701793,-0.2706882785040748,0
2.08662534495255,-0.2051087150244015,0.5693561964423357,-0.8681093238500562,1,0,0,1,0,0,-0.33149556159511606,-0.18730432557795104,-0.68155588370685,0.5464815677386979,-0.7023739003135752,-0.5663826438499218,0.3709734739529908,-1.4916084438086028,0.17281515141932507,0.40063946965378083,0.046524670816094654,0.04840441965094214,0.3366675461258783,-0.13090501529026052,-0.5762120695238777,-0.34598417008454246,0.4080832439866628,0.09005226984652279,-0.16027754582615011,0.22497917377587734,-0.6466463948985509,1.470042798224395,-0.583924825680861,-0.1365897171895854,0.027434163601436138,-0.22497917377587734,0.16027754582614942,-0.4253475354589299,-0.8598699510432187,-1.264728399545891,-1.2197378062021575,-1.0233374705694662,-0.8126095827270634,-0.5463906304141645,-0.5408768497097485,-0.8523972546416179,-0.7203933142394032,1.0346006017076752,-0.6517097564145549,-0.8274902101961188,-0.8207922053274488,0.12560226393772106,-0.8656330827735822,-0.8769950965056176,-0.7036964187794109,0
-1.0231064002732158,2.113990222407169,-0.15484123025532542,-0.13478617003801185,1,0,0,1,0,0,-0.6091121756860305,0.24763678903348454,2.1841167537858817,-0.6808343472951152,1.6883051027373972,0.7166131983998812,-0.41538231633720696,0.20965859753518176,-1.200799265603581,0.33384730162531767,0.09897220224000082,-0.12381507309350653,-0.11538183771783234,0.24759157068492615,0.9628495531254715,-1.4716449312202888,0.5881404410601284,0.22048302637108286,-0.19143037735720503,0.020989325180847843,0.8249898025394955,0.6767985406205156,0.16267159211335258,0.13218382716265614,0.08659005154127636,-0.020989325180847843,0.19143037735720433,0.9672781456688292,2.067050737539819,2.647243641331038,1.2093162867941527,1.434494883336343,3.4405645811386494,0.5138790966987595,0.6772228733838963,2.992290749656445,0.9727222106882286,0.8828473903799233,0.6164173246135901,0.6117659114840535,0.6345956405784983,0.2524949820049213,-0.04248097655033679,-0.04195727479570725,0.8427612250610729,1
1.341317736592655,1.572867137006469,-0.4445202009343899,-0.13478617003801185,1,0,0,1,0,0,-0.48292280564470574,0.00865176482853798,-0.15703544559434116,-0.329594007631973,0.4331218087630434,0.2613710347852771,-0.24109532860272917,-0.3352291360222276,1.046138678764242,-1.1815935926343215,-0.8980055390620458,-1.0238018301717833,0.5031935645935187,-1.1917426705646044,-0.14780833751872727,-0.5883169711577476,-1.1624639194827886,-1.3019904213929265,-0.5860329100839196,-0.8151232831568466,-0.855526311219467,0.3120413618993963,-2.021308438665041,0.44357738996785456,-0.10368905314867466,0.8151232831568466,0.5860329100839188,-1.038102835155144,0.11577027848446049,0.8368193712507843,0.369483754641173,-0.135786898325702,0.6996301199807459,0.6769975162545934,1.1201682272361313,0.07776919801113909,-0.6648813298155464,0.6552175733882943,0.9995924138451164,-0.3347718982695729,-0.14386762583630988,2.3462248301137336,1.1099319721622063,0.7374113588002092,0.5953280020465953,1
-0.2006980048416086,-1.0296772261111817,-0.8790386569529866,-0.13478617003801185,1,0,0,1,0,0,-0.6595879237025604,0.5465134373092572,-0.630383158037337,0.24905564584931564,0.15413457110734785,0.22783158265257053,-0.7115224680906532,0.5811254477444238,0.6808805685867481,-0.11400100166131083,0.321803097395839,-0.30658172570717196,-0.2994506454352215,-0.5801254710095164,1.4913274181108678,-0.3550887074206379,0.26842557848884807,0.5334043735080792,-0.31054414497595056,-0.11014700605881247,0.4097347770345807,0.6963661547524368,-1.287616453225498,0.4201742072607148,0.10240576476163268,0.11014700605881318,0.3105441449759499,-0.6760201580619267,1.0163612595869336,-0.7097742263052108,-0.7675202888890147,-0.6307670251539549,0.06953024385249205,-1.0357458890816678,-1.0391903727935126,-0.4803306735805153,1.194770148383656,1.793366658346437,2.760373181028081,1.4286410075727993,1.548443822891536,3.297920215617739,0.7806711296729086,0.793080546914203,2.884085314930511,0
-1.0231064002732158,-0.9008383962538722,-0.15484123025532542,-0.13478617003801185,1,0,0,1,0,0,-0.6091121756860305,0.24763678903348454,-0.7327286093763631,1.0961987385459222,-0.398226511328222,-0.6567155682606782,0.2882785713058099,0.6752571521249254,-1.318949789367261,0.01600685424975109,-0.4041553987671725,0.3390534343444256,0.14555554370536597,0.45441390638607115,0.5212296629641272,-1.2657340285734544,0.16126198956174978,-0.110624314387736,0.02438743144227863,0.43824128821613356,0.053186650185989434,-0.4046551987577365,0.5311079153525984,0.13828040096769756,0.4174187005740125,-0.43824128821613356,-0.02438743144227934,1.1343932274041606,1.391607501712964,2.3379249218198384,1.1188727833315248,1.1443341193335734,2.873474692623221,0.6769975162545934,0.7325910426154264,2.3721797812212735,0.08453045990652028,-0.3311783002420958,0.1785029369204177,0.4302381123532211,0.46536449570571364,-0.0647368131630805,-0.37174181903963527,-0.2089648391376897,0.7190446135538346,1
1.4698190483788447,1.9851513925498596,-0.8790386569529866,-0.4281154315628296,1,0,0,1,0,0,2.0282456581776565,-0.6757408713982798,-0.1826218084290977,-0.32091426282975366,-0.9688681780875349,-0.2716826577772064,0.484816420414382,-0.7826439497185704,-0.04046826665648936,1.2414345602068544,1.0328200367126066,0.6018416959441917,-0.6235651330361308,0.057751279887119686,-0.052177640391933136,-1.0023132791423024,0.6329505423983446,0.5608376432847706,1.1921218465220598,-0.36149164093482894,-0.6164446359257838,1.0219329679586715,-0.9519067065994891,-1.0494750771014978,-0.7951678306065777,0.36149164093482966,-1.1921218465220604,0.605195468575612,0.641115017460903,2.174167952666851,1.1705547853101694,1.4174266031008858,2.8419696988168086,1.4110304042558486,0.8433273810784847,2.1241353938472036,-0.6371253376036178,0.8069707847160468,-0.31415074923440073,-0.7367263106307022,-1.057715808149347,0.5380035976561225,0.28677986593896093,0.1250502895462747,-0.9511296417938885,0
-1.8198145333475857,-1.596568077483343,1.7280720791585935,1.7718540298733036,1,0,0,1,0,0,-0.4955417426488382,0.011559125220325652,0.44424408102243734,-0.46384072723963193,0.863639856874863,0.36735570352463,-0.5456467544797727,2.1234189097927905,-0.1226449439979554,0.39714861022837333,0.5093023886019393,-0.5332026169770635,-1.1039194667509293,-0.3631152846499869,2.7161254154499055,-0.2586873001795669,0.4558367181259323,-0.03757208440381774,-0.6862106428504532,-0.04664941409013511,0.3959145806534854,-0.19350427719567123,-0.09229604189718946,-0.08452226379997546,-0.6987998763658934,0.04664941409013511,0.6862106428504524,-0.3696425082138195,2.4422969796658496,-0.10933200607758836,-0.22485926811324272,-0.03337721691295973,-0.2140147004052217,-0.38327221085833024,-0.09793149585751397,0.139780294854656,0.8061862574166584,0.27583454506891375,1.5104925328204852,1.2211806657089916,1.1084428462222957,0.41111087958892223,2.2623449208747504,2.4631561903340238,1.770635811365363,1
-0.04649643069818187,-0.2566442469673251,-0.15484123025532542,-0.13478617003801185,1,0,0,1,0,0,0.29945128861150755,-0.45012970499555655,-0.2721740783507456,-0.24626845753066742,-0.45311471984441287,-0.15585974974559294,-0.6643966418422371,-1.4282073468774643,0.33669211550660627,-0.5345702020444977,-0.23142616351930903,0.48653346136924003,0.2654362861258277,-0.7838497520136642,-0.8543444570116299,-0.4081557051572618,-0.7980614709109084,-0.7196041047555067,0.569588792901455,0.0986623829151082,0.1406462672969897,1.1043958828647342,-0.8704265224470664,-0.069174238051091,-0.4016880018247503,-0.0986623829151082,-0.5695887929014557,-0.3696425082138195,-0.25947596364157,2.4470962345884972,1.790738809053908,1.2979486414526862,2.0543448536564917,2.145063292257104,1.9506907657090713,2.0621242970036877,0.16779843654230542,1.1104772073715516,0.1785029369204177,-0.30883935553659736,-0.3130987707090945,0.5697267771729232,0.36909507656128593,0.45906541823023866,0.10046155601764112,0
0.6474106529472365,2.113990222407169,0.5693561964423357,-0.4281154315628296,0,1,0,1,0,0,0.6401625877230843,-0.5088583849096675,-0.4128990739419065,-0.12185878203219036,-0.80572588178934,-0.29717264139806343,0.04088706390170905,0.6185905582563924,0.9493403170296517,-0.6840983990855397,-0.1954331746515839,-0.685269538247459,-0.12020025906165367,-0.7011222196628958,0.4316147800611314,0.8005972468972807,-1.0170045574025317,-0.9610542261966319,-1.8495649588489131,0.899750088678983,-0.7574075184728607,-0.41665274273629,-0.49325699264080086,-0.08427150732295076,-0.6842096992785061,-0.899750088678983,1.8495649588489116,-0.8152827261747027,0.04072103005925432,-0.9372144612399159,-0.43158727602782254,-0.7843815472730677,-1.411204465048904,-1.1173050988595852,-0.4301405112466897,-0.9764194483286528,-0.47058938433204756,0.04820472807728505,1.5926014805129542,1.0396528665781584,0.9392117013495113,0.9186817518577256,0.4514102871836102,1.0714264874841732,1.646919199858125,0
0.23620645523143258,0.0783367106616796,-0.15484123025532542,-1.6014324776621007,1,0,0,1,0,0,-0.40720918361991093,-0.0640322449661538,0.43145089960505906,-0.4597901796652629,0.7054058564615009,0.30609030429555256,0.3879681027014069,-0.11223198775025318,-0.07650172910738613,1.2242947522652237,1.1165343772478202,0.537452512675446,-0.8895044688456667,-0.8779679571343898,0.3270013297040913,0.7073185129208523,-0.8057784214376842,-0.9497458539469121,-0.19143037735720503,0.9228794432816189,-1.4167343289848697,0.4816246789880729,0.8153673184610064,-2.4529393148633307,-2.3787913471186823,-0.9228794432816189,0.19143037735720433,-0.8988402670423681,0.11577027848446049,-0.5005292101652823,-0.08273376267196997,-0.3918111018575571,-1.222174502210428,0.5138790966987595,0.6772228733838963,-0.4803306735805153,-1.2636177332442873,0.7961312696212074,0.9005403499621378,1.2322946125945522,-0.008482709938082702,-0.6312221616773697,1.5567859726833975,2.479061672652308,0.42742688642962906,1
0.44180855408933456,-0.07626988516709207,-0.4445202009343899,-1.6014324776621007,0,1,0,1,0,0,-0.05387894750420167,-0.35709417245835107,0.20117363409225028,-0.4256498501098669,0.18072356675584925,0.05432081695270173,0.2120932412786264,-0.26484977114480956,-0.22541392193088045,-0.8095708335426244,-0.8628119366003469,-0.7000472986108597,0.37625073201779957,-0.332283474268764,0.05565424028462288,-0.49752189359623644,-1.047290076855558,-0.9409426372537274,-0.7099870034754222,-0.2506245554141756,-0.6269345472324731,0.4192678188399416,-0.19181313954511056,0.05520305415695335,0.2030504289732704,0.2506245554141756,0.7099870034754215,-0.3696425082138195,-0.03432821836595151,-0.24579614703841146,-0.4574282770171454,-0.8185181077439823,0.1010352376589052,0.10608304780917345,0.5111183656893089,-0.35630847989348147,-0.6093693453916895,0.35171115073279,-0.0951935553878152,-0.17917664187171697,-0.14386762583630988,0.2524949820049213,0.28677986593896093,0.18071947766026855,-0.08511336124321738,0
1.1871161624492292,-0.6431607365392533,1.4383931084795292,-2.334755631474145,1,0,0,1,0,0,0.2363566035908452,-0.4361743751149757,-0.054689994255315046,-0.3585264903060374,-0.20846486641151515,-0.05837174221319244,0.6258851374352541,-0.3021538137262928,1.2790433022679115,0.5731572172999421,0.6191132078423895,0.9210741069428847,0.3117083447775281,-0.067643480756058,-0.3260397028834898,0.5105170410035855,-0.21211341741271383,0.1696944347559071,1.1032545029388428,0.16204084244106823,-0.9378970882898985,0.08809617483327453,-1.2354746502716432,-0.9846264573224149,-0.6392039046644167,-0.16204084244106823,-1.1032545029388434,0.15955525061472892,-0.03432821836595151,0.9550882934168308,1.1059522828368633,0.9565830367435462,0.5106001571422693,1.8188264531454346,1.2862727349307197,0.9459245538203791,-0.7481493064513315,0.4275877563966659,1.0269620630759395,0.14498014229048395,-0.2623294272472596,2.028993034945732,0.5337254978059351,0.6817421706862145,0.6571863078002155,1
1.9838242955235992,-0.2051087150244015,-0.4445202009343899,1.478524768348486,1,0,0,1,0,0,-0.16744938054139394,-0.32511320814868666,-0.7839013350458762,1.9439204808960098,-1.445378121235216,-1.752337671262427,-1.5238752927408823,-0.8414770028542408,-0.6224923634645254,-1.7204728125435371,-1.4208385423275414,-0.22736360099918665,0.8902792902722144,-0.4935292332147842,0.5713414121263946,-0.5596518455888062,-0.8633702405979132,-0.5105708712845184,0.4884925330428311,-0.7945777810288902,1.6258570950432147,1.7273108788058915,0.28857178227511204,1.4681446226038504,1.348686610711634,0.7945777810288902,-0.4884925330428318,-0.5924626171942612,0.26586877533487285,-0.6551885699208807,-0.8192022908676594,-1.0745423112758372,0.1010352376589052,-0.13859458152457876,-0.3747723420151606,-1.2244638357027204,1.2780381250194413,1.33810702436318,-0.49661507743988936,-0.2829068128036209,0.2961333508329291,-0.4136917878478824,-0.6186874509066087,-0.9883334727336057,-0.20882997275045564,1
2.1123256073097876,0.5163887321765315,-0.4445202009343899,-0.13478617003801185,1,0,0,1,0,0,-0.3945902466157784,-0.12508681319369488,2.401600837881312,-0.6918286907112596,1.2959828231618453,0.438459342045968,-0.3952779530877954,0.09763664147253434,-0.10857740275390491,0.3440420048104705,-0.7332353544988865,0.46001968698421736,0.8874864624591413,-0.937698923356057,-0.16907128675130453,-0.3689453607937864,-0.2060777200308114,-0.8305092234960222,-0.7768887630270574,1.3979208031972914,-0.38729409974714085,-0.3033812580926574,-0.2223255597136885,-0.6691216923246253,0.14241126051773034,-1.3979208031972914,0.7768887630270568,-0.7317251853070371,0.19081952690966666,1.1552357001593716,0.7570987694810098,0.6322857122698633,0.4475901695294441,0.4323198869208419,0.954063719541543,1.13195784435093,-0.47058938433204756,-0.4323471077939307,-0.5026972217134066,-0.53358805922239,-0.7418176710534824,0.41111087958892223,-1.30464753942598,-0.914107888581614,-0.2500688432528684,1
-1.9483158451337743,0.23294330649045036,0.27967722576327125,-0.13478617003801185,1,0,0,1,0,0,1.700153296070212,-0.651900516185621,-0.42569225535928473,-0.06110056841665506,-1.181021874051618,-0.4541372773791303,0.38663089191328165,-0.08326524258708803,-0.6790095920251824,0.5350881367477192,1.1872376000220455,0.11018423275654154,-1.1897755696167902,-0.5870170833792709,0.044847879985934154,-0.1266078624835858,-0.6346185135630784,0.06002082639436422,-0.2645441656443792,0.4126498344833025,-1.1241602199461216,0.15921178021169555,0.8010001674741167,-1.3521464064517927,-1.4848683712675048,-0.4126498344833025,0.2645441656443785,-0.7247620569013982,-0.27823827574787147,-0.953135277685345,-0.8644240425989739,-1.0361386807460589,-0.12737596743758725,-0.5260008279696852,-0.4716666381703368,-0.790386157798101,-1.1089772052064004,-0.02767187758659086,-0.49661507743988936,-0.03654765684034838,-0.5669454880182719,-1.397110352868688,0.7806711296729086,1.127095675598167,-0.5181215015185524,0
0.4932090788038099,-0.07626988516709207,-0.4445202009343899,-1.6014324776621007,1,0,0,1,0,0,-0.6343500496942954,0.3168319663580311,0.20117363409225028,-0.4256498501098669,1.0723900353065605,0.5726171505767943,-0.32942926481936513,-0.44160308783974156,0.5121513792033059,0.3568261067554004,0.28313325798776334,0.47247607692534566,-0.35156009231010843,-1.2148191428807205,-0.4373398367240733,0.48944473207916195,0.15203539240438294,0.3254202848659595,0.27586209560863995,0.37080434932556694,-0.7557535618602921,0.16799664911138346,-0.20828333867414603,-0.33129335714407887,-0.0503775318560517,-0.37080434932556694,-0.27586209560863995,-0.9545452942874786,0.11577027848446049,1.937630108334758,1.9587053154845036,1.9465432904000532,1.0461850518512859,0.758556726032511,0.6772228733838963,2.1241353938472036,-0.6926373220274746,0.19995793940503753,0.13288685486904556,0.002351157259115363,-0.1269445113490324,0.47455723862252236,0.03983423407198747,0.23638866577426285,0.10046155601764112,1
-0.07219669305541997,1.0575118175772313,-0.8790386569529866,1.0385308760612593,1,0,0,1,0,0,0.08492935954125552,-0.4007045783351661,-0.438485436776663,-0.06110056841665506,-0.5339403628789894,-0.2609500330947403,-0.6540660215266754,-0.39329889460654566,1.2082248662108492,-0.20548310177965134,0.39736373346456855,-0.6517392644348494,-0.9834007913667098,-0.7585821890456055,-0.4837211135836818,1.3772013560829952,-0.5170614899007634,-0.11621788584483961,-0.7279513648365089,-0.16692132358374867,0.15152833947209088,0.055233882993084245,-0.2677293218118949,-0.23511490853922395,-0.6300564603276338,0.16692132358374867,0.7279513648365081,-0.6481676444393714,-0.3345252120667762,0.4456221671630917,1.1317932838261862,0.8371050750953478,-0.6865896075014126,-0.6279498401920818,-0.3747723420151606,0.3258135853852078,0.25106641317809053,0.19995793940503753,0.4521994292286506,0.2357440418559006,0.12690220596014448,0.09387908442092041,0.8629863402952329,0.848749735028197,0.10046155601764112,0
1.1871161624492292,1.2636539453489257,1.4383931084795292,-0.4281154315628296,1,0,0,1,0,0,0.2363566035908452,-0.4361743751149757,-0.822280879298011,2.8118949611179427,-2.2126044425155875,-2.508540518681185,0.28621191259905393,0.4792383970676953,0.8774514172837422,-0.3521155063032614,-0.4110830798845879,-0.38852259282085133,0.4879061117064418,0.057726450759983505,-0.047387374530988444,0.4473294819847591,0.03218291895168334,0.25940688991074146,1.0739346337076094,-1.5950137720955933,-0.34030504221008645,-0.7052413714359704,-0.7499824931194583,0.5075973639460741,0.7876884755839881,1.5950137720955933,-1.07393463370761,0.29881781872750485,0.26586877533487285,0.9823811216089964,1.093031782342202,1.0589927181562884,0.4790951633358572,1.5741488238116832,1.0648000580046022,1.0079356506638961,0.27882240539001907,0.04820472807728505,2.9519607256438447,1.9602581335988092,2.1069066009717248,3.6151520107857413,2.0153992890077768,1.1827648637121608,2.7603687034232727,0
1.9838242955235992,-1.8284779712265005,-0.4445202009343899,1.7718540298733036,1,0,0,1,0,0,-0.16744938054139394,-0.32511320814868666,-0.5152445252809326,0.01412388653591246,-0.45527832789719735,-0.2609500330947403,0.09990830782310126,-1.254608905617057,-0.21653177941244345,-1.204976809759255,-0.771975738233276,0.37828568162741943,0.626103692280592,-0.45758478521661144,0.40913749901817176,-0.5915846466965384,-1.0026571217520885,-0.6798678187415106,0.6312676384277316,-0.11014700605881247,-0.5961382598972682,2.1318550612688236,-0.2984793214098259,0.633628292817413,0.3398476684925423,0.11014700605881318,-0.6312676384277323,-0.45320004908148526,0.340918023760079,-0.09113678728281299,-0.37990527404917784,-0.7331767065666972,0.5106001571422693,0.35076067714292497,0.06817301183707392,-0.8523972546416179,-0.6648813298155464,1.6416134470186852,-0.5787240251323598,-0.6329961396987983,-0.36386811417093057,-0.28679906978068154,-0.28942660841731066,-0.3759724034796717,-0.20882997275045564,0
2.1123256073097876,1.1605828814630785,-0.4445202009343899,1.478524768348486,1,0,0,1,0,0,-0.3945902466157784,-0.12508681319369488,-0.7455217907937414,1.1511704556266447,-0.9053216429855997,-0.9858493918563055,-1.4604378974590615,-0.22310501652753187,-0.05881292131192033,-1.094045286810103,-1.3373467118256637,-1.6221246403926919,0.5272160050896163,-1.0672907220993162,-0.1007131192440364,-0.17142096145220212,-0.08740507272705127,-0.6713867284864403,-0.3979084468072301,-1.8177437870011104,0.9643501333984035,0.2053264449191072,-0.09186230080703975,1.3913152266393143,1.0831377576753898,1.8177437870011106,0.39790844680722937,-0.8431352397972577,0.340918023760079,1.4008711538888534,1.0801112818475405,0.9907195972144606,0.4790951633358572,0.5954383064766764,0.8986955503100138,1.1939689411944467,1.055990187324014,0.35171115073279,0.4613226456389258,0.3394742127878045,0.9053654723749538,0.4428340591057229,0.5337254978059351,-0.26463402725168356,0.34789477903211874,0
0.4932090788038099,0.23294330649045036,-0.4445202009343899,-0.13478617003801185,1,0,0,1,0,0,-0.6343500496942954,0.3168319663580311,-0.42569225535928473,-0.06110056841665506,0.4848907830678219,0.2908857526620589,-0.04533738336340528,-0.1859808843379568,-0.2737586554716798,0.49902245539063933,0.7478615725510154,0.1565190925857427,-0.9230141852911855,-1.2382435822938131,-0.5029202274702267,0.45410002318943943,-0.1678243277376926,0.10619487500420616,0.08301123374971872,0.13114384342216406,-1.1741956624477916,-0.2485498431794244,0.8305639830651311,-0.8405588735733684,-0.8685780452720999,-0.13114384342216406,-0.08301123374971872,-0.9545452942874786,0.11577027848446049,2.2287536090511795,2.191274324388407,1.9977481311064238,1.3297299961089997,0.758556726032511,0.7879592118469556,2.3721797812212735,-1.1089772052064004,-0.2553016945782196,-0.06782390615699217,0.36540675552078095,-0.008482709938082702,-0.9847090191502859,0.6983559190505837,0.848749735028197,-0.1469716669968365,1
1.1614159000919912,-1.8284779712265005,1.4383931084795292,1.7718540298733036,1,0,0,1,0,0,-0.7226826087232228,1.1541517591928805,-0.5152445252809326,0.01412388653591246,0.7118913981583822,0.8767081832466674,1.1959093730990877,-1.4233813105246444,0.07385616427533433,0.6196370740452731,0.6058498455948956,1.4833809876946538,-0.046057139640722625,1.1328771974264644,0.10731353766604868,-0.11640174393885361,1.4951040190007239,1.2268662766618348,1.90767708056873,0.13114384342216406,-0.5309835475725789,2.061139864866144,-0.2179363776776876,0.6454298408169391,0.41016165766136986,-0.13114384342216406,-1.9076770805687304,1.1622457410267157,0.19081952690966666,0.28186519801010423,0.17567624722125458,0.785900234388976,0.3845801819166189,0.4323198869208419,-0.3747723420151606,0.2638024885416898,-0.6371253376036178,1.4898602356909325,-0.7338187041070253,-0.723760039264214,-0.44848368660732285,-0.4136917878478824,-0.5363722402842841,-0.5429799678216537,-0.2706882785040748,0
0.4932090788038099,1.2636539453489257,-0.4445202009343899,-0.4281154315628296,1,0,0,1,0,0,-0.6343500496942954,0.3168319663580311,-0.822280879298011,2.8118949611179427,-1.1132404247016958,-1.9294259785231178,-0.7005987399778018,0.13354556959240524,0.6945632038394325,-0.6743667955458421,-0.7336939732424617,-1.3136662814885198,0.010453088915058356,-1.1855353617656492,-0.42202092678984576,0.6202267723144493,0.08047312982654901,0.32960163612615867,0.2600885100232926,-2.0496367455578013,-0.21037336233574133,-0.6060667854005728,-0.3262230759194448,0.9908218122698229,1.2756299445095982,2.0496367455578013,-0.2600885100232933,-0.8988402670423681,0.19081952690966666,2.1468751244746866,2.2300358258723905,2.1684309334609937,1.109195039464111,0.5954383064766764,0.5111183656893089,2.4341908780647894,0.3343343898138759,0.04820472807728505,2.441060606668476,1.843561691300417,2.242291516869952,2.8220725228657364,1.5215080252738291,0.514734606344233,2.451077174655176,0
-1.8198145333475857,1.2636539453489257,1.7280720791585935,-0.4281154315628296,1,0,0,1,0,0,-0.4955417426488382,0.011559125220325652,-0.822280879298011,2.8118949611179427,-1.4576827254211728,-2.164202143452064,-0.1528491664948697,1.8306800746315592,0.15465110253830788,-0.39482430456843853,-0.744276184276899,-1.641320495055567,0.22266468390984986,-0.387459118535159,1.9286273304691552,-0.0033231976474265732,0.524850035859665,0.36618874774147187,0.13286549185952784,-2.3703397733489733,-0.1746040991764164,-0.5806093329712073,-0.2147527311601736,1.0538144747604559,1.3251075305172622,2.3703397733489733,-0.13286549185952856,-0.5367575899491508,1.3165582532877582,-0.8280431484712572,-0.7029177864157086,-0.47715250303484213,-0.6235796198885869,-0.38327221085833024,-0.4855086804782194,-0.5423417704240322,0.41760236644966076,0.12408133374116129,2.6144017184636907,2.063988304530714,2.4961382341791287,2.8220725228657364,1.6861384465184783,0.514734606344233,2.451077174655176,1
-1.0488066626304537,0.9802085196628456,-0.4445202009343899,2.505177183685348,1,0,0,1,0,0,0.40040278464456736,-0.46059620240599214,-0.2849672597681238,-0.22890896792622875,-0.5236403720922742,-0.17732499911052518,-1.8919728878902045,-0.8174640521765213,-0.3608024715584375,-0.7430848235265524,-0.785465322102666,-0.8494437888004103,0.1225172770024256,-0.21611751296882084,0.7247522263077921,-0.9748854466264987,-0.32671721973073614,-0.5703833543871183,0.3699083794759778,-1.5254106424376193,2.4148922838145026,1.848035936311874,-0.48643679069083906,0.6798924543765402,0.46427505820830606,1.5254106424376193,-0.36990837947597854,0.841941834367331,2.629920100728865,4.721498583935548,3.17323236198266,2.825559722526089,4.243941923202173,3.450010648703779,3.473315419576128,4.325529331792063,2.0829618991653644,1.5657368413548085,-0.2776578835933038,-0.47740088330094144,-0.194636969298146,0.1890486229713212,1.1922471827845313,0.45906541823023866,-0.45626319576493324,0
1.2128164248064663,-0.3339475448817109,-0.4445202009343899,0.3052077222492148,1,0,0,1,0,0,-0.38197130961164594,-0.12799417358548257,-0.3617263482723934,-0.14789801643884834,0.04139030971397822,0.015862245173864826,-0.3139208001251024,0.5091732785897377,-1.72013443442401,-0.6543170844279889,-1.1132865966763055,-0.6694391152129772,0.9829032547330098,-0.8244779108562441,0.10464664286331203,-2.5164781380830274,-0.7261165195763671,-1.1004183286922737,-1.052824935956895,0.13114384342216406,-0.38729409974714085,-0.5940235946588786,-0.1773364438446894,0.16393545682128832,0.37298278104516036,-0.13114384342216406,1.0528249359568944,-0.8988402670423681,-0.18442671521636386,-0.8189455390738695,-1.8528423304405577,-1.9620928835196014,0.8886600828192224,0.10608304780917345,0.7325910426154264,-0.17027518936292965,-0.19302946221276363,-0.3311783002420958,0.890113816921823,0.6506647255835172,0.6853649840403343,1.0772976494417266,-0.04248097655033679,0.013711913318286572,1.0901944480755505,1
-0.6119022025574117,0.43908543426214564,-0.8790386569529866,-0.4281154315628296,1,0,0,0,1,0,0.816827705780939,-0.5472355420812648,-0.06748317567269331,-0.3527399937712245,-0.5037327208928611,-0.1482574739288461,-0.09724477020155828,0.937580183647293,-0.3328357370228288,0.3171471316749024,-0.7042957119842957,-0.4699283377632707,0.25963974561172865,-0.24369630692360555,1.3757733740267548,-0.9413441566444959,-0.6732639116106821,-2.0090018010622446,-1.6800625169741377,1.0253393444399002,-0.10827725832662612,0.09136133844560042,-0.49096249196993086,-1.0960422841555775,-1.0457803191233404,-1.0253393444399008,1.6800625169741377,-0.48105256270404034,0.7161642658861095,-1.11916664918768,-1.3618633116434313,-1.5012493171622625,-1.3166894836296663,-0.38327221085833024,0.5111183656893089,-0.9764194483286528,-0.08200549336504998,0.12408133374116129,0.12376363845877164,-0.1532440991387405,-0.5669454880182719,0.28421816152172197,0.2044646553166367,0.848749735028197,0.10046155601764112,0
-1.5885121721324456,0.23294330649045036,1.7280720791585935,-0.13478617003801185,1,0,0,1,0,0,0.43825959565696476,-0.4687368115029976,-0.42569225535928473,-0.12185878203219036,-0.7280058091977732,-0.2663163454359733,1.0796350033044442,0.4820567730392788,-0.606366380742662,0.61685902824175,0.06196092098327965,0.5988063909553784,0.6594748183353305,0.25514130252934353,-0.27016488893152113,0.044650650589051155,-0.07812478167757543,-0.7018210833398103,0.23272740579640636,0.5858842905209262,-1.2463245700757568,-0.932283304327576,0.8737927536188899,-0.9108039469080258,-0.7657439213655037,-0.5858842905209262,-0.23272740579640636,0.540206270122983,0.06573744620098994,1.0976175073092482,0.9552131103991494,0.8769310623114143,0.017021920841803866,2.0906904857384916,2.1352513298141695,1.2766504036524704,-1.1644891896302574,-0.8623145398892288,0.05077790717657645,0.4950694691856613,0.0761328624983096,-0.794369942049485,0.12214944469431245,0.45906541823023866,0.038603250264021984,1
-0.07219669305541997,-0.1535731830814779,-0.8790386569529866,0.5985369837740325,1,0,0,0,1,0,0.08492935954125552,-0.3989601621000935,-0.3361399854376369,-0.20286973351957077,-0.39105175738726,-0.15004624470925715,-0.01239522568237377,-0.8480011624177258,1.4927402844780466,0.16415142216105238,0.4982448950197831,-0.07933628111914406,-0.8966633932484356,-0.8962588300102949,-0.5483610280715084,1.7550894991723363,-0.4962311834116571,0.09925934159509861,-0.07652239220166908,-0.032311248161723795,-0.8782953996060288,0.6145721681386429,-0.2769302894948896,-0.7138123282086625,-0.5508353377458161,0.032311248161723795,0.07652239220166766,-0.8709877534198129,-0.5596729573423944,-0.18211288125669506,0.7312577684916879,0.47867119015075044,-1.1906695084040155,-0.46483142063624716,-0.4855086804782194,-0.35630847989348147,-0.7203933142394032,0.8828473903799233,0.7715120035882557,0.4950694691856613,0.1607484349347019,0.7917890337905242,1.1922471827845313,1.2941032399401495,0.7190446135538346,1
1.2128164248064663,1.0575118175772313,-0.4445202009343899,1.0385308760612593,1,0,0,1,0,0,-0.38197130961164594,-0.12799417358548257,-0.4512786181940413,-0.06110056841665506,-0.08883385827611308,-0.051216659091548364,-1.065142702857915,0.4482963271681667,-1.5404580687181584,-0.4918214180187656,-0.7723847746920236,-0.31253956584631615,0.4239481525715767,-0.7412875933563221,0.29840739370060665,-2.3074910397381942,0.15796346821324436,-0.5762969008800543,-0.871666255725209,0.43824128821613356,0.7404210278158504,-0.3163628016613718,-0.21294817576084368,0.821052877148913,0.4414962787701205,-0.43824128821613356,0.8716662557252083,-0.7038726716844818,0.26586877533487285,-0.018355912103706302,-1.2068173057074962,-1.091610591511294,1.424244977528238,0.02452383803125581,0.5111183656893089,0.5118468759157585,0.6396503041450882,-0.3311783002420958,-0.11343998820836432,-0.2051091846046925,0.12690220596014448,-0.0647368131630805,-0.37174181903963527,-0.2089648391376897,0.22417816752487937,0
2.1894263943815004,1.5213316050635446,0.27967722576327125,-0.13478617003801185,0,1,0,1,0,0,-0.4955417426488382,0.06970633305607908,0.32910544826603294,-0.445902587981712,0.8028326102745981,0.39821199948672004,1.5302776953125576,1.546308893542614,-2.1153812350916223,2.5634284496645363,1.7613367080825357,1.1311521889930423,-1.3334481445128703,0.9757211275211167,0.5263968400156351,-0.38744712058119435,1.6779221056055669,1.249002215005004,0.4407888507730546,1.1055876586338,-1.1529593323737872,-1.5950246855034123,2.5024500231348816,-1.7992276194664512,-1.0704164192752512,-1.1055876586338,-0.4407888507730553,0.911573118423719,0.491016520610491,0.018034525485845748,-0.18609776662925942,0.47867119015075044,0.3530751881102058,-0.7910682597479163,-1.0391903727935126,0.38782468222872474,-1.2477571662660425,-1.6969572021918669,-1.591401046672821,-0.3347718982695729,-0.9900233502002335,-2.4756984564398943,-0.7010026615289333,-0.26463402725168356,-1.5078543935764617,1
0.44180855408933456,-1.596568077483343,-0.4445202009343899,1.7718540298733036,0,1,0,1,0,0,-0.05387894750420167,-0.35709417245835107,0.43145089960505906,-0.46384072723963193,0.3099301473467485,0.08383553482948353,-0.33524409034404956,0.29227712265276223,-0.4124196468759939,-1.1028483055983693,-0.6739964214870094,-0.8760378365390725,-0.10173458588094487,-0.17676448492308786,0.19064686005269094,-0.37419179997211316,-1.3017987875001735,-1.2459739023652494,-0.9237009575987005,-0.27869576121096684,0.28954407778664903,-0.2101736841227633,0.18776480136708576,0.1990355173987243,-0.34022264895912585,0.27869576121096684,0.9237009575986999,-0.06326485836571254,0.340918023760079,0.48201260475264507,0.2015172482105774,-0.34060626115118536,0.41608517572303205,0.35076067714292497,0.954063719541543,0.2638024885416898,0.4810446343626402,0.037365212982445634,0.7832418532586102,0.7692134923628369,0.8134971365868705,-0.17803388286593846,1.5567859726833975,1.5247327335552667,0.9576409357463667,0
-0.894605088487027,-0.3854830768246345,-0.15484123025532542,-1.6014324776621007,1,0,0,1,0,0,-0.7100636717190902,1.0989119117489146,1.6084235900038595,-0.6426434701653501,1.9372695919278753,1.3417885861535324,1.1151647812962757,-0.19819665671221987,0.3131680527114507,1.618321893496115,1.6599193011339446,0.6526500620612483,-1.297105122993056,0.11566584412526142,-0.3914218838050509,0.39072151323742643,-0.04943829517362342,0.13131849789948888,-0.37315522795503414,1.2602276553956464,-1.435091825912253,-0.1200867192029038,-0.035473779483897426,-2.235270639905304,-2.02976943349636,-1.2602276553956464,0.3731552279550334,0.1317027369921738,-0.3345252120667762,0.11810822885711679,0.3048812521678669,0.2738518273252659,-0.11949971898598452,-0.05703537174666111,0.12354118106860354,0.5118468759157585,-1.3587811351137562,-0.17942508891434333,-0.2046721523111086,-0.1921429132382052,-1.0407926936620688,-0.44541496736468245,0.36909507656128593,1.2384340518261547,-0.5181215015185524,1
-0.6119022025574117,-0.30817977891024867,-2.327433510348309,0.3052077222492148,1,0,0,1,0,0,0.04707254852885811,-0.3832604159844401,-0.5920036137852022,0.16746604470845394,-0.8038477716495906,-0.4241753668072457,-0.49214872390940545,0.1895161088433244,-1.033100375751682,-0.8192147065084666,-0.9747982305075094,0.6290189740130236,1.0688197394490693,-0.9418066899169606,0.41373626891466314,-0.7649345665072406,-0.9296237577246034,-0.7732369131795087,-0.088318892712161,0.9455004604204603,-0.25669736677098826,0.15435510472243755,0.6435973533885999,0.18490721221309706,0.512370093977247,-0.9455004604204603,0.0883188927121603,-0.9545452942874786,0.19081952690966666,-0.5005292101652823,-0.7933612898783374,-1.0745423112758372,0.19555021907814235,0.02452383803125581,0.06817301183707392,-0.728375060954584,-0.16527347000083534,0.27583454506891375,0.38833691435672935,0.6765972683164937,0.7192112130148905,0.030432725387320277,-1.0302635040182315,-0.7656567202776299,0.47161139053935697,0
-0.894605088487027,0.5421564981479937,-0.15484123025532542,0.3052077222492148,1,0,0,0,1,0,-0.7100636717190902,1.0989119117489146,-0.46407179961141953,-0.03506133400999707,0.7334761895196619,0.87223625629563994,0.3119511570533081,-0.43889405797488096,0.417444210055293,0.5437801338458831,0.6011668915310905,0.3254431972180301,-0.4809075021424348,0.005056565853829178,-0.5939352165414824,0.37135915220509197,-0.16687858649783913,-0.08103738209679039,-0.4481121582821066,0.888297888345227,-0.42872321659431434,0.007404606750431163,-0.19748008538339598,-0.9000858288174388,-0.8606636326898999,-0.888297888345227,0.4481121582821059,-0.007559831120602114,-0.5596729573423944,-0.018355912103706302,0.17567624722125458,0.10316902497069583,-0.30852968182446,-0.13859458152457876,0.06817301183707392,0.38782468222872474,-0.24854144663662048,0.27583454506891375,0.826251302049903,0.585833368751077,0.1607484349347019,0.5697267771729232,0.36909507656128593,0.9600881112561845,0.7809029193074537,0
-1.5885121721324456,1.0575118175772313,1.7280720791585935,1.0385308760612593,1,0,0,1,0,0,0.43825959565696476,-0.4687368115029976,-0.4512786181940413,-0.06110056841665506,-0.7679136129187085,-0.31327157842176256,-0.17515132154340748,0.18257444968492811,0.15443050787983043,-0.3072357008064057,-0.32034615316375814,0.36660555931131966,0.5981028140369815,0.34843894296682587,-0.24577188831593022,0.12787615774263736,0.347507003755042,-0.13502704637616544,0.1590389773671773,0.3422733367180179,0.5917082625436386,-0.49679804434846975,-0.0826084715226548,0.7596376069286179,0.28463805847059187,-0.3422733367180179,-0.15903897736717798,0.4589697720571972,-0.09061515468485622,0.4797382024032975,0.4760778837221285,0.606683291916678,-0.20613845195361896,1.105183367588659,1.1201682272361313,0.7598912632898273,0.6118943119331598,-0.4070549059059717,0.22411901897178985,0.14498014229048395,0.4484413812184362,-0.0647368131630805,-0.04248097655033679,0.1250502895462747,0.47161139053935697,1
-0.3034990542705592,0.5421564981479937,0.27967722576327125,0.3052077222492148,1,0,0,0,1,0,-0.571255364673633,0.16564922598507223,-0.46407179961141953,-0.03506133400999707,0.24507578322356172,0.15449198065571876,0.07968050203081901,0.021411878692477807,0.41781317796204454,0.7945968365809607,0.9913354195848951,-0.22849803056063475,-1.184184046872007,-0.2292955001381585,0.10939300444023717,0.6277276191723771,0.26239325048088846,0.6390699582140802,-0.8773392119444982,0.5584902876836534,-0.3399070397439169,0.08019903493369349,0.05964110834899661,-0.8132644075520288,-0.6648571677475047,-0.5584902876836534,0.8773392119444975,-0.06326485836571254,0.340918023760079,0.7185504490847379,0.9638267773955896,1.0419244379208312,0.3215701943037938,-0.9541866793037505,-0.7069813574043363,0.8839134569768611,-0.24854144663662048,0.19995793940503753,0.37921369794645543,0.35244048415429274,-0.008482709938082702,0.15732544345452057,0.36909507656128593,0.7374113588002092,0.34789477903211874,0
0.544609603518286,-1.596568077483343,0.27967722576327125,1.7718540298733036,0,1,0,1,0,0,-0.44506599463230834,-0.03786600144006476,0.43145089960505906,-0.46384072723963193,0.766213103061766,0.32934432444089584,-0.6741748389986588,0.25922742741577626,-0.007708013076414479,-1.0456162307321368,-0.47420094673067514,-0.1511945882572017,0.42303763469154837,-0.514100748548505,0.06098960328357286,0.04607761191986609,-0.8983132935625033,-0.6231386619551955,0.10862057896823145,-0.31393995325558455,0.4237731143775348,-0.294699733753666,0.056840668366938164,0.5218079855246971,0.008110835898826904,0.31393995325558455,-0.10862057896823216,-0.28608496734615396,0.41596727218528484,1.091552434377654,0.9509062769009282,0.4957394703862077,0.7941451013999841,1.3294711944779316,1.397009073393778,0.6978801664463103,0.48545034741215265,-0.17942508891434333,0.338666069456347,0.3164230636918259,0.5180141852216921,-0.2233527107470814,0.7989633987000918,0.694113101378213,0.5059771159580343,0
2.52352980502559,1.572867137006469,-0.15484123025532542,-0.13478617003801185,1,0,0,1,0,0,-0.16744938054139394,-0.32336879191361406,-0.15703544559434116,-0.3226502117901975,0.013083446662019483,6.576935403711695e-4,0.58955327020278,1.3769532371627207,-0.017896750339157833,-0.6523884194372098,-0.9800143695208847,-0.7126171739274225,0.8447606619452535,-0.04545034492030591,1.9600108748410483,-1.9916006020824588,-0.41653493684864856,-1.4119406018615568,-0.4735692289592257,-0.5022446364654003,-0.8652016226540927,0.07358433655626742,-1.9769010786046932,0.46830575289238907,-0.10441850825202241,0.5022446364654003,0.47356922895922504,0.18740776423728422,2.367247731240644,0.9732835122116075,-0.3411437725651945,-0.47715250303484213,1.487254965141063,1.4925896140337656,2.0060589349406004,1.069946747507413,-0.6648813298155464,0.4275877563966659,1.0725781451273115,-0.2569742700706454,-0.0592520533999176,2.3462248301137336,0.7806711296729086,0.5704037944582268,0.7190446135538346,0
-0.07219669305541997,1.4697960731206219,0.27967722576327125,-0.8681093238500562,1,0,0,1,0,0,1.4225366819792977,-0.628060160972962,2.0050122139425857,-0.6698400038789707,0.13632542090768238,0.034644338368180524,-0.4430170935998526,0.8742441917065398,1.1822642349071655,-1.0659336692354058,-0.8990887841463165,-0.9672759558018362,0.6546159231957216,-0.6995491074961457,1.2596376189873233,0.6771315056104444,-1.09362234281445,-1.062270303686129,-0.28338753067176975,-1.0381887348318,-0.08295517279205783,0.06194972511762731,-0.9357429543793736,0.3555904242131243,0.13175925571953875,1.0381887348318,0.2833875306717691,-0.7874302125521474,0.7912135143113154,-0.7734574920869285,-0.3411437725651945,-0.7331767065666972,-1.2536794960168407,0.5138790966987595,0.7325910426154264,-0.6043528672675491,0.3898463742377325,0.7310941790521709,2.012269435385579,1.0915179520441112,1.1930584186586881,2.3462248301137336,1.6861384465184783,1.1827648637121608,1.770635811365363,0
0.72451144001895,1.2636539453489257,-1.168717627632051,-1.6014324776621007,1,0,0,1,0,0,-0.29363875058271866,-0.2239370665144757,0.022069094248954552,-0.3787792281778825,0.30000349706038243,0.12050533582790941,0.34041508250013536,0.7887917625813646,-0.28737225323627663,-0.030029197838638416,-0.23934151991588462,0.804192435987757,0.5783015732991772,-0.5206491814292455,1.4444846059058136,-1.0190280281822028,-1.1316225256204406,-1.1999405253425053,-0.09305301462755473,1.1891114142233685,-0.993581986300271,0.36441151949953915,-0.6311773964332545,-1.0815300164474708,-0.8603526756519,-1.1891114142233685,0.09305301462755473,-0.007559831120602114,2.667444724941468,2.638146031933649,1.519408298666023,0.8883099158017184,2.589929748365507,2.145063292257104,2.4490042887928354,2.00011320016017,-0.8036612908751883,0.7310941790521709,1.0543317123067637,0.5210020119186368,0.025363519036474696,1.2993599060593275,0.36909507656128593,1.1827648637121608,1.3994859768436472,1
-0.1749977424843705,0.5679242641194551,-1.168717627632051,0.3052077222492148,1,0,0,0,1,0,-0.06649788450833415,-0.3512794516747757,0.17558727125749374,-0.419863353575054,0.17537115978531664,0.05432081695270173,0.6063430952517613,-0.5524902599430922,-0.8546053710041388,0.008754552005910651,-0.9327477240229589,-1.2718485847926766,-0.05353808794452801,0.06832943693081736,-0.08291793713822455,-1.7409522565114228,0.06326199547852152,-0.9707695303313087,-1.9106051544414244,0.16026515284228104,-0.7748608656949931,0.675244851379543,-0.5812149493863543,0.05090267684066831,0.26485022203875597,-0.16026515284228104,1.910605154441423,0.23515493044737867,0.13721292089166215,0.6925572793779139,-0.39836313189869427,-0.350359564142875,1.1497014600723552,-0.5696932617792836,0.4082917656878972,0.6713039820848031,-0.5261013687559044,1.1863538130354276,1.3553978538458196,0.7932937106148858,0.7699805564767266,1.8386539578449304,0.7806711296729086,0.9600881112561845,1.5850608941045057,0
-0.5605016778429365,1.7532414988067013,-0.4445202009343899,0.3052077222492148,1,0,0,1,0,0,0.6149247137148194,-0.5100213290663825,-0.13144908275958464,-0.33595915382026714,-0.473332114107085,-0.13260572960024972,0.47096534389553935,-0.7309329750422008,0.46826068913833324,0.5386198121543512,0.9552059252216316,1.3690335398234799,-0.045126430541702185,0.04652350814151317,0.3549119618736847,-0.3617209477162702,0.6697453157507126,0.5331449417059193,0.8989187262297652,0.9756618166055823,-0.6084030340891567,1.35877145932062,-1.0036227170976844,-0.06353262690213363,-0.7213022175870502,-0.9756618166055823,-0.8989187262297659,0.4102278732177254,0.8662627627365218,1.464554419670571,1.0155087793742343,1.2808803612172301,1.4557499713346498,1.0847935651441794,0.6772228733838963,1.1939689411944467,-0.49834537654397587,1.4898602356909325,0.4521994292286506,-0.16621037050522874,-0.1777138548108673,0.5697267771729232,-0.20711139779498602,0.29205785388825667,0.2860364732784985,1
1.0586148506630406,-0.8493028643109486,-0.8790386569529866,1.7718540298733036,1,0,0,0,1,0,4.665603492041343,-0.7623802110735524,-0.19541498984647596,-0.31107721872057176,-1.4110595528627468,-0.3459166451642637,-0.5980813388694173,-0.6528039649684477,0.4910670205854458,-0.3027768067582809,-0.7193003537379493,-0.5528889029741691,0.9803036024918941,-1.1881086956159739,-0.1041285759562772,1.1136852330884046,-1.2134277835693028,-1.3494587657776431,-0.9237009575987005,0.16204084244106823,-0.35549754898977004,0.7916802073253987,0.44784118787653404,-0.7941822864533945,-0.3823581456569905,-0.16204084244106823,0.9237009575986999,-1.1216603760228097,-0.10937746679115769,-0.027453521501095285,0.5503707615664309,7.593435579547688e-4,-1.348194477436079,0.35076067714292497,0.954063719541543,-0.5423417704240322,-0.05424950115312168,1.33810702436318,1.4101371523074657,1.4675398216722642,0.9899810448113461,0.7917890337905242,0.5337254978059351,0.6817421706862145,1.3376276710900281,0
0.5703098658755232,1.1863506474345409,-0.4445202009343899,1.478524768348486,1,0,0,1,0,0,0.17326191857018283,-0.4222190452343949,0.2267599969270068,-0.4314363466446798,0.028607827352802734,0.008707162052220753,-0.8028391590021464,-0.7793918401764612,-0.32870571697890344,-1.1318067769616227,-1.5482261366391352,-1.090155755745585,1.0442805690495867,-1.0417404043168463,-1.0341371628633091,-0.022225397244236448,-1.653615140306674,-1.879670442010051,-0.7279513648365089,-0.7648691281260978,0.07547265632390361,0.03376385232416026,0.42701734599554636,-0.11069852912044974,0.17763746504274938,0.7648691281260978,0.7279513648365081,-1.0102503215325889,-1.009968447893631,-0.23669853764102378,-0.21193876761858224,-0.8355863879794388,-0.7180946013078251,0.5954383064766764,1.1201682272361313,-0.790386157798101,0.25106641317809053,0.27583454506891375,0.7441423543574326,0.8710913388138142,0.7699805564767266,0.37938770007212164,1.0276167615398821,0.6817421706862145,0.7190446135538346,1
1.4698190483788447,0.20717554051898904,-0.8790386569529866,1.478524768348486,1,0,0,1,0,0,1.9903888471652589,-0.6757408713982798,-0.3745195296897717,-0.13343177510181614,-1.1791230793085712,-0.4165730909904989,-0.27944692397550797,-0.8189568663877602,1.2413491329951853,0.08463459804635472,0.7463983054096225,1.020688719610061,-0.5332152310110587,0.02011685713004611,0.14905258649749809,-0.7986939130969978,0.38148679724152557,0.14864106405195518,0.6399373556703797,0.7574155988166087,0.4086782768949626,1.2733616095022222,-2.4995762071616787,0.26393989610057433,-0.8252352841985853,-0.7574155988166087,-0.6399373556703803,0.438080386840281,0.7161642658861095,1.6919946546052762,0.9250652759116064,1.0589927181562884,1.9283248784308402,1.0032343553662626,0.7325910426154264,1.6280466190990672,0.5563823275093027,1.4898602356909325,0.6255405410238652,-0.8663890242955825,-0.7192535184037778,1.8386539578449304,0.5337254978059351,1.0714264874841732,0.7190446135538346,1
0.6474106529472365,0.7225308599482267,0.5693561964423357,-1.161438585374874,0,1,0,1,0,0,0.6780193987354818,-0.5204878264768181,-0.31055362260288033,-0.22022922312400942,-0.686884311364952,-0.23009373713265022,-0.1840311557605259,-0.8669094597344105,1.27655260896189,0.28022216238454967,0.1399610417686099,-1.1831406209017812,-0.7877298931658373,-0.7395931904002775,0.3408320362268582,0.5796991305075293,-0.7920106801569583,-1.0759735991551707,-1.7152101805067,0.08746187929198715,-0.48309299958715907,1.531298491481617,-1.162548461027406,-1.1639062958399835,-1.2324350073331147,-0.08746187929198715,1.7152101805067,-0.8152827261747027,0.04072103005925432,-0.7370670544973751,-0.354064273059855,-0.6307670251539549,-1.3796994712424915,-0.7910682597479163,-0.04256332662598434,-0.728375060954584,0.0012624832707351544,2.7038859263129513,2.4593070394890253,1.2860120225414318,0.65151875506577694,2.5682870867313348,2.2623449208747504,2.5744945665620116,1.770635811365363,1
0.2105061928741954,0.5679242641194551,-1.8929150543297122,0.3052077222492148,1,0,0,0,1,0,0.6023057767106869,-0.5088583849096675,0.17558727125749374,-0.419863353575054,-0.2362657300007947,-0.06686840342014477,-0.5453766559330114,-0.0785796956380996,1.5703707590735299,-1.4228953998904004,-1.612736783840477,-0.18803698017641018,1.2544125755126834,-1.5741085296852881,0.3199601169268501,1.62445167913956,-1.7938959841758049,-1.684874111558756,0.004530982273632039,-0.2609537869844238,-0.8144711796918243,0.42838211956676586,-0.5143321593728131,0.14344333751704821,0.45168516853208046,0.26095378698442306,-0.004530982273632748,-1.4837430531160272,0.26586877533487285,-0.07294156848803632,0.7700192699756713,-0.06751377738387422,-1.6317394216937933,1.166352774922097,1.2862727349307197,-0.6043528672675491,-0.5816133531797613,0.8828473903799233,1.2732889061533492,0.7673611678819103,0.7869036709640054,1.8386539578449304,0.8629863402952329,0.793080546914203,1.4613442825972665,0
-0.6633027272718879,-0.5658574386248675,1.0038746524609323,-0.4281154315628296,1,0,0,1,0,0,-0.5586364276695006,0.1598345052014969,0.6105554394483548,-0.5049248526368034,1.0774178176336808,0.5131405221281279,0.46724019261056576,-0.33671136086573517,0.5982505642652247,-0.22313165372726068,-0.3012917528928637,-1.0370822139234865,-0.8972614619439451,0.8479047605339441,-0.14983912679309416,0.7246867416379952,0.5848395127847543,0.39590905215472777,-0.2645441656443792,-1.1520847651812123,0.19750758445608105,0.3120413618993963,-0.08958827603985142,0.8813533185853039,0.7782221667997301,1.1520847651812123,0.2645441656443785,0.911573118423719,-0.03432821836595151,0.35464607318920965,0.6924962670077037,0.9224464762726329,-0.5290646384693491,-1.1173050988595852,-1.149926711256571,0.139780294854656,0.44535835866158957,0.6552175733882943,0.9995924138451164,0.7932937106148858,1.142289075196852,0.9186817518577256,0.9453015509175579,0.4033962301162448,0.8427612250610729,1
1.1614159000919912,0.5679242641194551,1.4383931084795292,-0.4281154315628296,1,0,0,1,0,0,-0.7226826087232228,1.2006695254614832,0.16279408984011548,-0.41754875496112887,1.4269053115318553,1.2460893494015428,1.395008014185798,0.8339627153276508,0.3917771368098602,2.090019584689933,1.9957445629290453,1.3730901078471252,-1.3885134698213797,1.0025841386464311,0.2629747717683192,0.03380503520547063,1.4367748217885143,1.116693684018146,1.1393967240133565,0.7426913412446393,-0.9380223437386791,-0.8811976455858848,-0.5016016703945219,-1.3988003033770513,-1.5043316396692443,-0.7426913412446393,-1.1393967240133573,0.8001630639334981,0.11577027848446049,-0.3458698504096825,-0.2765412700918884,0.2909201075607231,-0.2770246880180474,-0.22015379130249568,-0.7069813574043363,-0.10826409251941274,-0.859173275299045,-0.7864379342253526,0.1785029369204177,-0.11434528503927678,-0.6515610604546642,0.09387908442092041,0.4514102871836102,0.9600881112561845,-0.332546584257695,1
1.572620097807795,1.4697960731206219,-0.15484123025532542,-0.8681093238500562,1,0,0,1,0,0,-0.14221150653312897,-0.32685762438375926,2.0050122139425857,-0.6698400038789707,0.9131271056457441,0.2662901544314074,-0.4905582426730006,-0.43656603581909775,-1.133913291502541,-0.19009055752395235,-0.45619883622051677,-0.5234976286575751,0.2003091539544492,-0.9357285437512314,-0.27351697233306554,-2.5189408993032356,0.016039619541067675,-0.7144274348531274,-6.192842294857107e-4,-0.7133741297612556,-0.2528357576146304,0.3251972863745264,-0.9811952222613985,0.27270469176706796,-0.10441850825202534,0.7133741297612556,6.192842294857107e-4,-0.8152827261747027,-0.10937746679115769,0.5093054329448095,-0.9613277963089331,-0.9038595089212672,2.0543448536564917,0.5138790966987595,0.5664865349208381,0.139780294854656,0.1400424443303771,0.9587239960437993,1.7841890251287182,0.8840576101803024,0.9561348158367899,1.9972698554289314,1.2745623934068555,0.9600881112561845,1.3994859768436472,0
0.9558138012340891,0.6452275620338409,-0.15484123025532542,0.5985369837740325,1,0,0,0,1,0,-0.6091121756860305,0.2761289208730037,0.6745213465352461,-0.5153405463994666,1.2375307746283346,0.6106285296605284,-0.12362179039428162,-0.39859725274465957,-0.35338609274411675,0.04257930999670312,-0.039317590639434796,0.6071739884921021,0.507490699788008,-0.562914462084005,-0.3054258142190113,0.3040029298839121,-0.34521918571800264,-0.41051965609904606,-0.5745260083472232,1.3979208031972914,-0.390558389064259,0.24111836270664797,0.7885842538879326,-0.39983533594836373,-0.34967774956481457,-1.3979208031972914,0.57452600834722245,-0.7038726716844818,-0.5596729573423944,-0.9463120706373036,-0.6641562849317252,-0.7502449868021539,-1.033144539371952,-0.05703537174666111,0.2342775195316623,-0.6043528672675491,-0.5538573609678327,-0.1035484832504671,-0.9071598159022387,-0.41256952646850126,-0.5330992590437151,-1.3019408143182878,-0.9479482933959068,-0.4316415915936655,-0.7036964187794109,1
1.1614159000919912,0.5679242641194551,1.4383931084795292,0.3052077222492148,1,0,0,0,1,0,-0.7226826087232228,1.2006695254614832,0.17558727125749374,-0.419863353575054,1.4350827726849007,1.247878120181954,1.2200916937923025,-0.20073343644373448,0.13722945993048793,1.4023625929281724,1.2097529160784646,0.7373121501816599,-1.0629104592070082,1.3879055551828263,0.3029992081615437,-0.12539254270719077,1.8026948295706071,1.5557486048857934,1.116988546947158,-0.1022098070627286,-0.30978832299677195,0.5790508963011728,-0.3136046815491052,-0.10698005550158105,-0.05385232894327438,0.1022098070627286,-1.1169885469471588,1.1900982546492709,0.19081952690966666,-0.23669853764102378,-0.26362076959722697,0.4445346296798359,0.1010352376589052,-0.6279498401920818,-1.0945585420250417,-0.046252995675895824,-0.27629743884854874,0.5793409677244183,0.10551720563822252,-0.07544647093981212,-0.11002139686175369,0.37938770007212164,0.36909507656128593,0.3477270420022505,0.038603250264021984,1
1.1614159000919912,0.9544407536913834,1.4383931084795292,-0.13478617003801185,1,0,0,1,0,0,-0.7226826087232228,1.2006695254614832,-0.630383158037337,0.27740947886989875,0.44498297934688336,0.7090109225831345,1.4410159884390503,0.6960774571685171,-0.5387451641951748,1.5382452257765276,1.2490005833121895,1.7088989068633476,-0.8847447956360194,1.3707306782703674,0.3116819118694975,-0.07883334394306536,1.8245847811434206,1.3543147505223474,1.0387885820834852,1.300476421676128,-0.6341498672422214,-0.6431520578000441,0.657262779520568,-0.2688430247936319,-0.30153717140689695,-1.300476421676128,-1.038788582083486,1.07868820015905,0.11577027848446049,-0.46413877257572894,-0.43158727602782254,0.2738518273252659,-0.30852968182446,-0.709509049969999,-1.149926711256571,-0.29429738304996345,-0.7759052986632599,-0.8623145398892288,-1.0440080620563552,-0.5940973255993336,-0.6515610604546642,-1.3336639938350878,-0.7833178721512579,-0.26463402725168356,-0.76555472453303,1
0.9815140635913272,2.1397579883786295,-0.15484123025532542,-0.4281154315628296,0,1,0,1,0,0,-0.785777293743885,2.0554334806470584,-0.3617263482723934,-0.14789801643884834,1.4877730587670175,1.6950708152847085,-0.012106015300215343,-0.49287879004500107,1.0242670078074685,0.014875050774114112,0.7001787134049118,0.21691840546586363,-0.5857132988897905,-1.3335511960274178,-0.6678994435936342,1.2870870517929638,-0.4866618467522504,-0.09793447156115756,0.13830413819877924,0.15868247298249136,-1.3156349333481092,0.007404606750431163,-0.1068089519708431,-0.5026607905487886,-1.0058805694357247,-0.15868247298249136,-0.13830413819877996,-1.2330704305130304,-0.5596729573423944,0.2636699792153276,0.9121447754169449,0.6493539925053206,-0.7180946013078251,0.4323198869208419,0.40038202722625016,0.44983577907224165,-1.1644891896302574,0.27583454506891375,0.826251302049903,0.6376984542170299,0.38074892326932136,-0.0012904541294803558,1.0276167615398821,1.2384340518261547,0.47161139053935697,1
-0.3034990542705592,0.05256894469021735,0.27967722576327125,0.3052077222492148,1,0,0,1,0,0,-0.5838743016777656,0.19181546951116127,-0.5664172509504457,0.15589305163882816,0.08070211777858416,0.027042062551433693,-0.3019285364366851,0.19614468559059803,0.2992625134541033,0.3971534962104345,0.24797586699970445,-0.7130627143782906,-0.1885945905306444,-0.24133148062972462,0.1813451870635548,0.7125140358708857,0.4756805746915734,0.6527616897206979,-1.1128149709452282,0.13114384342216406,0.17870340774758908,-0.08754710914015518,0.3069060102132684,-0.06485203596116478,0.3149139683014878,-0.13114384342216406,1.1128149709452275,0.02029268250195297,0.5660657690356972,1.1552357001593716,1.4031237942140713,1.5710411252199985,0.3530751881102058,-0.9541866793037505,-0.5962450189412776,1.3179911348814817,0.1400424443303771,-0.1035484832504671,-0.058700689746716966,0.10608132819102022,0.0761328624983096,0.030432725387320277,-0.7833178721512579,-0.8213259083916238,-0.023255055489598248,1
-0.9974061379159777,1.7017059668637786,-0.15484123025532542,-0.8681093238500562,1,0,0,1,0,0,-0.6343500496942954,0.3668385650967791,-0.054689994255315046,-0.35158269446426194,0.8908991514023729,0.5538350573824786,0.38035873792887437,-0.4089549314713384,-0.5654452408958771,-0.36332084134310244,-0.5893423703015966,-0.2288766467448695,-0.07583527444509981,0.6138027707257464,0.2639362653111361,-1.1272536606873838,0.35027935165293717,0.29665061353056493,0.11588809585456382,-0.42709685071602743,0.08440641224333399,0.8257090342133352,-0.3597986302298472,0.8381540262009345,1.0557955307589924,0.42709685071602743,-0.11588809585456454,1.2736557955169365,1.0163612595869336,2.165070343269463,1.0801112818475405,1.195538960039945,2.904979686429634,0.2692014673650073,0.2342775195316623,2.3101686843777554,0.0012624832707351544,0.6552175733882943,-0.2594114507727547,-0.39960325510201306,-0.0592520533999176,0.5380035976561225,-0.37174181903963527,-0.5986491559356475,-0.023255055489598248,1
1.6497208848795075,-0.2051087150244015,0.5693561964423357,1.478524768348486,1,0,0,1,0,0,-0.07911682151246661,-0.3443017867344853,-0.7839013350458762,1.7992580675256877,-1.5270391461761088,-1.6552968564251291,-1.184119309321137,-2.428260946554746,0.1845045931897353,-1.5031549726226547,-1.0743245424723726,-1.3443479370133298,0.3631762282736838,-0.046006324101041135,-1.4536578208885447,0.47035841481232454,-0.792010680156956,-0.2211964065215001,-0.9053494332772469,-0.9356157016516281,1.60057774730526,1.8766218615157975,0.22044088586295912,1.2453211596561584,1.180719282714057,0.9356157016516281,0.9053494332772463,0.02029268250195297,-1.3101654415944555,0.2909628074074919,0.49868875958778525,0.13730558544161034,0.16404522527173035,-0.30171300108041293,0.12354118106860354,0.6358690696027934,1.333550109443298,1.5657368413548085,-0.323273965644676,-0.16621037050522874,0.3299795798074865,-0.2233527107470814,-0.28942660841731066,-0.7099875321636356,-0.1469716669968365,0
1.5983203601650333,-0.05050211919562982,-0.15484123025532542,-0.13478617003801185,1,0,0,0,1,0,-0.20530619155379135,-0.3065061016412456,-0.13144908275958464,-0.3353805041667859,0.07495293575465475,0.023464520990611654,-0.57857111883480306,-0.4137237077727872,-3.2010364176351938,0.658299339296042,-0.618016124927681,-0.36530232522755735,0.1904888696807183,-0.8969082903831195,-0.5801272070986648,-2.5754293269816766,-0.023438630470510684,-0.6247691091013907,0.07500831336893375,-0.572621134230685,-0.09166297108036224,-0.013309928081575247,1.78786591810295,-0.9125612822115297,0.19348579674457794,0.572621134230685,-0.07500831336893446,-0.8152827261747027,-0.4846237089171882,0.22727954162577424,-1.1809763047181743,-1.1257471519822078,1.9598298722372534,0.35076067714292497,0.34501385799472056,-0.10826409251941274,0.3343343898138759,0.5793409677244183,1.820681890769815,2.6863693301221394,2.005367914048054,0.47455723862252236,1.3568776040291806,1.127095675598167,1.8943524228726025,1
0.6217103905899984,0.9544407536913834,1.7280720791585935,-0.13478617003801185,1,0,0,1,0,0,-0.4703038686405733,-0.0029776767386127034,-0.6431763394547153,0.36420692689209205,-0.3628742770513202,-0.2837568605449808,1.6311537709663702,0.7862366589043241,-1.2765020687246647,1.6204377259324088,0.8922728095322445,1.077280831918896,-0.5398543459817253,2.039142937365175,0.6169128640154253,-1.0468041106232004,1.6875090006808597,0.8982145014174254,0.2654778184316193,1.20598490020106,-0.23067142868716187,-0.4611247243429813,0.6930839132463166,-0.5158017873436098,-0.2830667149467336,-1.20598490020106,-0.26547781843162,1.8028535543454847,0.491016520610491,-0.19121049065408274,-0.6899972859210471,-0.05044549714841698,0.5106001571422693,-0.38327221085833024,-0.5408768497097485,0.139780294854656,-0.38732140769626244,-0.6346847228976005,-0.7429419205172992,-0.30883935553659736,-0.48232991558187904,-0.9847090191502859,-0.7010026615289333,-0.2089648391376897,-0.6418381130257917,0
1.0586148506630406,0.7225308599482267,1.0038746524609323,-1.161438585374874,1,0,0,1,0,0,-0.43244705762817587,-0.03786600144006476,-0.31055362260288033,-0.22022922312400942,0.18319736582447504,0.14107619980263614,1.0170160684109775,-1.2924170749306227,0.8638964298864343,1.4911394162080336,1.302058965559808,0.07565646530806087,-1.0614712375932545,0.612106729852152,-0.41785037574403444,0.022635197998540465,0.6744176679224405,0.1832575080216747,-0.3593320018427697,0.45956749966015986,-0.8025757678068859,1.3552896616299484,-1.1582291692981115,-1.3456921361055072,-1.513825136418488,-0.45956749966015986,0.359332001842769,0.6330479821981672,-0.3345252120667762,0.20908432283099887,0.188596747715916,0.4616029099152932,-0.2140147004052217,0.18764225758709038,0.40038202722625016,0.5118468759157585,-0.5538573609678327,1.9451198696741894,1.3736442866663687,0.45617065508619664,-0.14386762583630988,1.5214221626769286,1.6038232358961542,2.12914106165006,0.8427612250610729,0
-0.894605088487027,-1.8284779712265005,-0.15484123025532542,1.7718540298733036,1,0,0,1,0,0,-0.7100636717190902,1.0989119117489146,-0.5536240695330674,0.14721330683660885,0.5650010954954711,0.7313705573382722,0.4464913765799196,-1.7992094876431604,0.3686647778378308,-0.3488006437523048,-0.25790116206080527,-0.5511405848056784,-0.013018028715053809,0.01618457645387788,-0.7432498482155497,0.4815432217965915,-0.2992854994670202,-0.2606803592184291,-0.5252107151899527,-0.23079243079930178,-0.6046856898439237,1.7249001045103587,-0.020072603593178414,0.17444078883573808,0.08078050817548728,0.2307924307993025,0.525210715189952,-0.09111737198826762,-0.7848207026180125,-0.3913578973966235,-0.09565426316663046,-0.20406001926752979,-0.7180946013078251,-0.22015379130249568,0.012804842605544792,-0.046252995675895824,-0.6093693453916895,1.4898602356909325,-0.21379536872138252,-0.1921429132382052,-0.11002139686175369,-0.1916295312302808,0.12214944469431245,0.013711913318286572,-0.08511336124321738,0
1.572620097807795,0.7225308599482267,0.5693561964423357,0.5985369837740325,1,0,0,1,0,0,0.3499270366280375,-0.45071117707391406,-0.8350740607153893,4.5970291421077185,-2.5457641953933066,-3.899309800450752,-0.5329493767913733,0.08275917902390137,0.18720148773571044,-1.6686992591889076,-1.501610577661533,-0.6095375541084873,1.1572111613247997,-0.2830286120624234,-0.09175580923638006,-0.8611555294379221,-1.1395621978533728,-1.404852690412058,-0.7450499738428467,-0.09240503183227083,0.45828022750633673,-0.20550852587012958,-1.1212889625841298,1.1243346751843821,0.5806020739888003,0.09240503183227083,0.7450499738428459,-0.28608496734615396,-0.10937746679115769,-0.06384395909064733,-0.4961897785011287,-0.8867912286858101,0.16404522527173035,0.2692014673650073,0.7325910426154264,-0.4183195767369984,0.5841383197212315,-0.02767187758659086,0.5525548097416701,-0.1532440991387405,0.2961333508329291,1.267636726542527,-0.04248097655033679,-0.09762646290970158,1.0283361423219313,0
-0.9974061379159777,-0.30817977891024867,-0.15484123025532542,0.3052077222492148,1,0,0,1,0,0,-0.6343500496942954,0.3668385650967791,-0.6047967952025805,0.19350527911511192,0.13559032629477505,0.13257953859568378,0.8385836187848829,-0.13756271174234394,-1.2048375194859717,-0.030032332187804715,-0.10947970838515325,1.2717125815957389,0.2949987622149229,0.7319061302476234,0.3547829689555229,-1.021491156516257,0.4597004577479331,0.46266220020141124,0.4513710056427588,1.286800017252106,-0.4347589537525002,0.5442229289484533,0.6205531513659027,0.4964028480580827,0.5940285713813073,-1.286800017252106,-0.4513710056427595,1.3850658500071569,1.0914105080121401,2.074094249295581,1.0801112818475405,1.2467438007463156,2.810464705010396,0.2692014673650073,0.06817301183707392,2.1861464906907218,-0.19302946221276363,0.9587239960437993,1.145563876409508,1.3378771080073837,1.4976744794297,0.37938770007212164,-1.1125787146405561,-0.7099875321636356,1.3376276710900281,0
0.4932090788038099,-1.235819353882877,-0.4445202009343899,0.3052077222492148,1,0,0,1,0,0,-0.6091121756860305,0.3168319663580311,-0.16982862701171944,-0.3226502117901975,0.7118913981583822,0.493016850848504,-0.974575104756951,-0.5152698443788,0.8116998011724338,-0.4971714041151765,0.060018211224918655,-0.5708286087456425,-0.8872657035476657,-1.2303517110294615,-0.417850375744034,0.7806203508608421,-0.32767354037062735,-0.04742545646182869,-0.3593320018427697,-0.4221610355600758,0.1258174740843977,0.28863069851166506,-0.32517265043151933,0.3467310185863185,-0.12432834166106826,0.4221610355600758,0.359332001842769,-0.9545452942874786,0.19081952690966666,2.1286799056799097,2.3204793293350194,2.0318846915773383,0.8571550890128092,0.18764225758709038,0.40038202722625016,2.1861464906907218,0.22331042096616224,0.4275877563966659,0.44307621281837667,0.19684522775643593,0.3299795798074865,0.2207718024881207,1.1099319721622063,0.9600881112561845,0.5334696962929761,0
-0.2263982671988458,0.7225308599482267,-0.15484123025532542,0.5985369837740325,1,0,0,1,0,0,-0.2684008765744537,-0.2442885892569894,-0.8350740607153893,4.5970291421077185,-2.0608559837991,-3.740556393689274,-0.37566187544141166,0.9913975437207896,0.17318728588916704,-0.6477717284128435,-0.5436282760796299,-0.1815033017228946,0.5621149261588507,0.09386343765009847,1.2955936713095053,-0.8714921244713165,0.3149157188135376,-0.0667338580886058,-0.22931895624632825,-0.020113106998745453,0.6161542233660932,-0.06282694324759823,-1.1125183603325006,1.187362850418746,0.6415907598908936,0.020113106998745453,0.22931895624632756,0.10385022336961848,1.2415090048625523,0.09081540066495114,-0.37990527404917784,-0.23819657973844427,0.5736101447550955,0.10608304780917345,0.2342775195316623,0.20179139169817292,0.7506742729928018,0.12408133374116129,0.5799244589724931,-0.127311556405765,0.34690269429476517,1.2993599060593275,-0.12479618717266176,-0.15329565102369538,1.0901944480755505,0
-0.3034990542705592,0.9802085196628456,0.27967722576327125,-0.13478617003801185,1,0,0,0,1,0,-0.5838743016777656,0.19181546951116127,-0.8094876978806327,2.0480774185226416,-1.0707561904610863,-1.435278050434574,0.4818358363386547,0.5026158740934057,-0.3932357859524828,0.6195643983406617,0.4313169852587499,-1.6498753470713021,-1.047169012527198,-0.4065010925386436,0.143493092836244,0.37237584187422035,0.43431958410275606,0.7264618942137959,-1.5495845239304507,-0.7133741297612541,-1.0761755616219997,-0.5461078303874318,0.9117683021681585,-0.40632766623882904,0.1485154403632178,0.7133741297612541,1.54958452393045,-0.09111737198826762,0.641115017460903,1.4918472478627354,1.4935672976767,1.6393142461618264,1.0776900456576979,-1.1988643086375024,-0.7069813574043363,1.752068812786101,-0.9979532363586869,-0.482931511569848,0.11464042204849642,0.5728670973845897,0.36382580878204385,-0.28679906978068154,0.4514102871836102,0.1250502895462747,0.038603250264021984,1
-1.8198145333475857,2.0624546904642447,1.7280720791585935,-1.6014324776621007,1,0,0,1,0,0,-0.5333985536612357,0.14529770324255853,-0.6943490651242283,0.6101330296216397,-0.41489264600104153,-0.35977961871244907,0.35435477533903403,0.5881524332781749,0.026338913843354614,0.07954327352930153,0.3549888657591225,0.8564893561190619,-0.3242456126998989,-0.31092534136141414,1.4022261461885803,0.3439444533686378,0.26842557848884807,0.41704546886006344,0.7577574583546642,0.41661470759684033,-0.803411878627361,0.5974616983562182,0.30962482817614567,0.15870837791360903,-0.05433918238132128,-0.41661470759684033,-0.7577574583546649,-0.2582324537235989,1.391607501712964,0.1908891040362222,0.3436427536518511,0.4445346296798359,0.006520256239666901,0.02452383803125581,-0.319404172783631,0.139780294854656,-0.8036612908751883,0.4275877563966659,-0.31415074923440073,-0.11434528503927678,-0.0423289389126401,-0.667477223982284,-0.12479618717266176,0.06938110143228039,0.038603250264021984,0
-1.2287084991311177,0.7225308599482267,0.27967722576327125,0.5985369837740325,1,0,0,1,0,0,-0.15483044353726144,-0.32685762438375926,-0.8350740607153893,4.5970291421077185,-2.180874099947691,-3.804057756393865,-0.4445368553650023,0.05659373523395185,0.5648628195267387,-0.8196025469932674,-0.5728270879882426,0.18446604396455185,0.635779789166883,-0.01796279614094401,0.17783304017338317,-0.3581061322167365,0.1392631897020204,-0.20953410006811748,0.39760879354609974,-0.14275387761029457,0.6001911043570668,0.10047255809275361,-1.1320485245636056,1.2453211596561584,0.5401340029309328,0.14275387761029457,-0.39760879354610046,0.10385022336961848,0.340918023760079,0.5184030423421971,0.24027874969456073,0.2909201075607231,0.3845801819166189,1.0847935651441794,0.954063719541543,0.6358690696027934,0.7229182807808735,0.27583454506891375,0.5434315933313949,-0.16621037050522874,0.3299795798074865,1.1407440084753266,0.28677986593896093,0.23638866577426285,1.0283361423219313,0
2.0609250825953116,0.7225308599482267,-1.6032360836506476,0.5985369837740325,1,0,0,1,0,0,-0.6722068607066928,0.6104753659285859,-0.8350740607153893,4.5970291421077185,-1.2434645926917873,-3.083183131888225,-1.1158267657769962,0.6562344262211773,1.1433310108863162,-0.9422947655821942,-0.5917988147749882,-0.3560892342688489,0.36568757187396295,-0.9084686850193961,0.9870435090793502,0.30876919444941014,0.03130024843055238,-0.19219562964591794,-0.38662849897585155,-0.1022098070627286,0.6438530741366967,0.08809617483327406,-1.2526885308631246,1.3040162270618432,0.5817258186201647,0.1022098070627286,0.3866284989758509,-0.8709877534198129,0.8662627627365218,-0.10023439668020068,0.07231224326396513,0.08610074473523979,-0.5605696322757617,0.2692014673650073,0.5111183656893089,0.3258135853852078,0.77843026520473,0.27583454506891375,0.5799244589724931,-0.2051091846046925,0.31305646532020776,1.2993599060593275,0.36909507656128593,0.3477270420022505,1.0283361423219313,0
-0.3034990542705592,0.7225308599482267,0.27967722576327125,0.5985369837740325,1,0,0,1,0,0,-0.5838743016777656,0.19181546951116127,-0.8350740607153893,4.5970291421077185,-1.5270391461761088,-3.405161872362208,-0.8131247103670826,0.10735169490315806,1.2572143979325925,-0.6475352812979198,0.025346553093818454,-1.1612108305691584,-0.8162469948191658,-0.38855952008361483,0.17472540973481374,0.4093500998695276,0.24979430255569715,0.4837822005155845,-1.7622723062536898,0.1640471410786609,0.7424256092051756,0.027692509558032822,-1.3072968261097568,1.1224701440013287,0.43936739784467604,-0.1640471410786609,1.7622723062536891,-0.09111737198826762,0.641115017460903,1.3917735444914656,1.428964795203394,1.4856997240427134,0.8571550890128092,-1.1988643086375024,-0.5962450189412776,1.6900577159425842,0.8616982418405155,0.19995793940503753,0.534308376921121,-0.2699405414371327,0.17767154942198057,1.2993599060593275,0.28677986593896093,0.4033962301162448,1.0283361423219313,0
2.8319329533124433,-0.1535731830814779,3.176466932553916,0.5985369837740325,1,0,0,0,1,0,-0.571255364673633,0.17437130716043522,-0.2593808969333673,-0.24626845753066742,0.5190246665529625,0.3244252047947655,3.6105803194651656,0.6539998759748026,0.8797446161206495,1.9615007339787691,2.28362516623122,1.0425204225455653,-2.2232443254150165,4.191956281442385,1.564208247142683,0.8227701402137713,2.151998661437595,2.4209291502930608,1.6035661060988957,-0.16852382448162845,-0.832046501383458,0.6693541296042024,-0.3758357185910198,-0.5159759111445049,-0.605258439210585,0.16852382448162845,-1.6035661060988964,5.061597648184441,2.2171492343902317,1.4827496384653478,1.764897808064586,2.782889021937446,0.8886600828192224,-0.9541866793037505,-1.5375038958772762,1.814079909629618,-0.6926373220274746,0.8828473903799233,0.6346637574341392,0.3265079414213163,0.09305597698558829,0.5697267771729232,1.2745623934068555,1.2941032399401495,0.5334696962929761,1
1.2128164248064663,1.0059762856343069,-0.4445202009343899,0.5985369837740325,1,0,0,1,0,0,-0.3945902466157784,-0.12799417358548257,-0.2977604411855021,-0.2265943693123036,0.13934120343722167,0.07668045170783946,-0.20666439227900352,0.6210668094152684,-1.556786232766434,-0.7756195283605017,-0.9700386076135544,-1.5530914261122792,0.3234404425126043,-0.6609692752975501,0.2152645041018612,-2.346515098808641,-0.21641058040555408,-0.8868475315192373,-1.2854881513645413,-0.8432999717894734,-0.3730608436808386,-0.6367864322085223,-0.22984244441000717,0.8332229169800234,0.3952636948118383,0.8432999717894734,1.2854881513645404,-0.5924626171942612,0.26586877533487285,0.19998671343360988,-1.077612300760884,-1.091610591511294,1.5817699465603012,0.02452383803125581,0.7879592118469556,0.7598912632898273,-0.38732140769626244,-0.6346847228976005,-0.14993285384946126,-0.24400799870415715,0.09305597698558829,-0.12818317219668063,0.12214944469431245,-0.26463402725168356,-0.45626319576493324,1
2.9090337403841557,2.5262744779505577,-0.15484123025532542,-0.13478617003801185,1,0,0,1,0,0,0.5013542806776271,-0.49257716671565654,-0.1826218084290977,-0.3191783138693098,-0.46758293208315554,-0.13215853690514695,-0.16272431199344112,-0.9656430854261956,1.1627806072827935,0.11753794631459827,0.6067665255184875,0.2047686160442475,-0.5657557678058155,-0.16211730603503227,0.5915061866437048,-0.41989295220134865,-0.0695513488334007,-0.5401255889882638,-0.16027754582615011,0.43824128821613356,0.06428641495558272,1.9179333522818807,-2.0115119661769243,-0.22775210948529126,-1.3161537108814496,-0.43824128821613356,0.16027754582614942,-0.14682239923337803,0.5660657690356972,0.05442496307539909,-0.173177266134598,-0.18699173903207253,-0.05648973137315825,0.18764225758709038,0.2896456887631914,-0.23228628620644656,0.22331042096616224,2.1727496866658176,0.6802798394855113,-0.5551985114998699,-0.6007917169928287,1.2041903675089267,1.1922471827845313,1.6281183686241134,0.7190446135538346,1
2.1894263943815004,-0.46278637473902035,0.27967722576327125,-0.4281154315628296,0,1,0,1,0,0,-0.48292280564470574,0.00865176482853798,1.3781463244910508,-0.6194974840260986,1.195046540387725,0.48541457503175717,0.39665097630708906,0.284179474715712,0.8219030674142699,1.1730608117325068,1.0323949768923373,-0.4477521960795109,-1.6666324437496975,1.106503419761863,0.5161560689271454,-0.5444307560096547,2.044405023507623,1.274409721941624,0.7902460580981725,-1.3944370113607845,0.5540523413835927,0.12702857153566433,-1.6706694321588031,0.44246754831369944,-0.0979509827497252,1.3944370113607845,-0.7902460580981732,0.744458036688388,0.19081952690966666,-0.7279694450999874,-0.8708842928463041,-0.11871861809024475,-0.2770246880180474,-1.1173050988595852,-1.482135726645747,-0.5423417704240322,0.8616982418405155,0.5034643620605421,1.127317443588959,-0.03654765684034838,0.1438253204474232,2.092439393979332,2.0153992890077768,1.2941032399401495,0.6571863078002155,0
-0.1749977424843705,-1.41619371568311,-0.8790386569529866,-2.334755631474145,1,0,0,0,1,0,-0.6595879237025604,0.5726796808353461,0.36748499251816774,-0.45284638382348746,1.25607501944091,0.7903999930918358,0.40693973817872653,1.2486115732365646,-0.57630438148669,0.6284691921617127,0.18431180239985304,-0.3464609746461675,-0.8589886008401802,-0.4472627083093463,1.240743828829409,-0.19457051233932704,0.05752567279084283,0.2456803314571317,-0.11623388745465664,-0.3572520928766799,-1.012759240156059,-0.4708086390073635,0.5923027952110236,-0.7919798607384688,2.446559032429242e-4,0.3572520928766799,0.11623388745465593,-0.5089050763265954,0.9413120111617277,-0.4277483349861756,-0.4574282770171454,-0.40887938209301433,0.038025250046078915,-0.6279498401920818,-0.6516131881728072,-0.29429738304996345,-0.9701972441467586,-0.482931511569848,-0.14993285384946126,0.1709126850234604,-0.1607907403235886,-0.033013633646279864,0.8629863402952329,0.7374113588002092,0.22417816752487937,1
0.9815140635913272,-0.8493028643109486,2.452269505856255,1.7718540298733036,1,0,0,0,1,0,-0.3188766245909836,-0.21812234573090036,-0.19541498984647596,-0.31107721872057176,0.1451538430365074,0.07265571745191467,1.585023530645731,0.6611118218488428,-0.74178163907561,0.9726123722578076,0.5494287360577254,1.3939583849597685,0.2489196440369984,2.504704355294963,1.8243790318541546,-0.39934313842976515,0.9128536396859944,0.9094816554697465,1.4466056031467225,0.4664671563038157,0.2986572766658293,0.9202261414445702,0.6127390088319077,-0.4087665242262045,0.17364755464793924,-0.4664671563038157,-1.4466056031467232,2.109231204193592,1.4666567501381707,-0.4004555067940112,-0.5349512799851129,-0.1699234587966153,0.25856020669096863,0.18764225758709038,-0.4301405112466897,-0.4803306735805153,0.5286263352973745,1.2622304186993043,0.9174834661526473,1.130416766143575,0.8715192434003977,0.5697267771729232,-0.28942660841731066,-0.09762646290970158,1.0283361423219313,0
0.18480593051695732,0.2587110724619126,0.5693561964423357,-0.13478617003801185,0,1,0,1,0,0,-0.4198281206240434,-0.08147640731687983,-0.42569225535928473,-0.12185878203219036,0.00835154735556189,0.03151398950246124,0.5729658435495674,1.7200425002022706,-1.0138588340034156,1.073768730985582,0.4841817316680462,0.8403486353667297,0.1667786736871941,-0.4221622871766678,1.5023282824830029,-0.4420842400806328,0.4379165571239135,-0.179083115273519,0.5444209881177456,0.6061852033378367,-1.218542536151201,-0.855812817909809,0.9417269637152103,-1.0163617199469293,-0.804299770800416,-0.6061852033378367,-0.5444209881177463,-0.28608496734615396,1.6918044954137887,0.5911839175213025,0.2531992501892221,0.4274663494443799,0.3215701943037938,1.166352774922097,0.954063719541543,0.3258135853852078,-1.1367331974183288,-0.7864379342253526,0.06902433999712428,0.5469345546516133,0.0761328624983096,-0.794369942049485,0.2044646553166367,0.5704037944582268,0.038603250264021984,0
0.15910566815972013,0.05256894469021735,-0.4445202009343899,-1.161438585374874,0,1,0,1,0,0,0.1858808555743153,-0.42047462899932225,-0.7966945164632545,2.0104651910463582,-1.8446092603812594,-1.8771044331960955,0.11201719500888117,1.2724608012633,0.14105988955766458,-0.5181863000326782,-0.6030215531376872,-0.3919171573926081,0.29821454857962987,-0.74342728309603745,1.3084185144462293,-0.3249487873868134,-0.33006246683184104,-0.1057158427597084,-0.16027754582615011,-0.3755669404878874,-0.8985864181937966,-0.43574743850556813,-0.5193757879417574,0.37275196861729626,0.6807466081057592,0.3755669404878874,0.16027754582614942,-0.6203151308168162,1.4666567501381707,0.527500651739586,0.26611975068388355,0.12023730520615308,0.8256500952063961,-0.05703537174666111,0.012804842605544792,0.5738579727592754,-0.5816133531797613,0.12408133374116129,1.9484069205136576,1.3119445652744073,1.4130589069933075,2.473117548180934,0.4514102871836102,0.29205785388825667,2.265502257394317,0
1.4698190483788447,2.835487669608101,-0.8790386569529866,3.2385003374973924,1,0,0,1,0,0,1.3468230599545028,-0.6234083843461017,-0.5920036137852022,0.17614578951067328,-1.399454542612471,-0.6155738403112248,-2.909179707828202,-1.0795418557188454,-1.5733761059434375,-0.7846317151292072,-1.2363379654518418,-0.6061276543327123,1.3771079348828836,0.13583797356863525,0.2732893260645177,-1.0994761440636924,1.1300300386385682,0.7440922381879943,0.6912331826893902,-1.5122424827725962,4.181012903681012,1.7554803236908165,1.0459903535273436,2.18050526949642,2.3337611507200617,1.5122424827725962,-0.6912331826893908,0.24311279148239442,0.41596727218528484,0.46381738595786837,-0.21193876761858224,0.2397152668543526,1.3297299961089997,0.10608304780917345,-0.2086678343205727,0.44983577907224165,5.163877034689416,2.5521327149851984,1.6747104282054248,2.0769545758972012,3.1053703557211536,0.664896315723324,-1.277209135885205,-1.823371294443516,1.8943524228726025,0
1.7782221966656961,1.2121184134060021,1.0038746524609323,-0.4281154315628296,0,1,0,1,0,0,-0.38197130961164594,-0.1338088943690579,-0.4128990739419065,-0.1247520302995968,-0.029844221180709164,-0.006497389581272905,1.7686258581084562,0.5609008466011336,1.251660896111265,1.3230678049683002,1.636516104463913,1.1774857910292562,-1.1968703308754196,1.9036754210294045,0.7897439513302187,-0.5286506079120478,1.5491578371534895,1.5185170096491645,0.594470599903532,1.0163614779638186,-0.5571872584575248,0.021294138961411958,-2.242305253953666,-0.251260854301121,-0.6450147811898368,-1.0163614779638186,-0.5944705999035328,1.4129183636297125,0.41596727218528484,-0.7370670544973751,-0.8708842928463041,-0.2894014204448148,0.2270552128845555,-1.1173050988595852,-1.4267675574142176,-0.4183195767369984,-0.47058938433204756,0.12408133374116129,0.32447439948480933,-0.9312203811280227,-0.9561771212256767,1.8386539578449304,0.12214944469431245,0.7374113588002092,0.8427612250610729,1
-0.4577006284139859,1.547099371035007,-0.4445202009343899,-0.13478617003801185,1,0,0,1,0,0,1.3720609339627678,-0.6251528005811743,0.27793272259651985,-0.4343295949120862,-0.45639381582767635,-0.14512712506312683,1.1890561332639733,1.249532408791768,-2.76275296849029,1.4994999614785023,0.6771369772061459,2.1375361530164843,0.2622441821140047,0.749787007962986,0.0024215156104782846,-1.6497889971595436,0.46440674188104863,0.056832159618553334,1.4252941555476124,1.5017549802280383,-0.9042331542533896,-1.7125966239206216,2.118897023597549,-1.5652299327053398,-0.8248256914196003,-1.501754980228039,-1.4252941555476133,1.1343932274041606,0.41596727218528484,1.282602231722807,0.08523274375862654,0.2738518273252659,2.3693947917206186,1.6557080335896,0.954063719541543,0.8219023601333442,-1.053465220782544,-1.772833807855743,-1.5001688825700765,-0.39960325510201306,-0.9561771212256767,-2.1584666612718926,-1.0302635040182315,-0.48731077970765985,-1.2604211705619852,0
-0.8432045637725518,-0.17934094905293926,1.7280720791585935,-0.8681093238500562,0,1,0,1,0,0,-0.1800683175455264,-0.3152281828166086,-0.68155588370685,0.572520802145356,-0.8750823025442762,-0.6848887080521517,0.16560594568798467,-0.3660978879444713,0.6979178028970588,-0.3854558871457475,0.0921097017853329,0.03589528393947798,-0.038109083774545076,0.010322904415446867,0.7372868286664555,0.5186776280552139,-0.5669715961849935,0.32207047791062554,-0.08286747959746427,0.13114384342216406,-0.21996457431399913,1.2410786001720322,-0.43285602182934707,-0.041473293420814246,0.19469201226522323,-0.13114384342216406,0.08286747959746356,0.15955525061472892,0.9413120111617277,0.6275743551108558,0.821701271954316,0.529876030857121,0.7311351137871589,-0.22015379130249568,-0.2086678343205727,0.6978801664463103,-0.3040534310604773,0.9587239960437993,-0.40538291333714505,-0.5551985114998699,-0.5330992590437151,0.28421816152172197,-0.5363722402842841,-0.5429799678216537,-0.20882997275045564,0
0.9044132765196139,2.835487669608101,1.0038746524609323,3.2385003374973924,1,0,0,1,0,0,-0.7353015457273552,1.2442799313382982,-0.5920036137852022,0.17614578951067328,0.6239907325908753,0.8208090963588232,-2.8531882261135926,-1.1199527411383474,-0.01385714830667796,-1.0751066455526879,-0.99421966420178165,-0.33375727297541813,0.9170905436156799,0.22760282423649283,0.044984774112695795,1.0686423179461055,0.5663312259825839,0.9520494157618601,0.9153149533513734,-1.3630033399023458,4.194845742928127,1.5822350438339112,1.0928256560160203,2.0139640673283634,2.22202520943811,1.3630033399023458,-0.915314953351374,0.27096530510494976,0.11577027848446049,0.23637715102316323,0.7700192699756713,0.9907195972144606,-0.37153966943728567,-0.30171300108041293,-0.7069813574043363,0.44983577907224165,5.025097073629774,2.2486262923296945,1.473999667179387,1.9213593194993455,2.8515236384119764,0.506280418139323,-1.1948939252628807,-1.712032918215528,1.646919199858125,1
-1.305809286202831,1.7790092647781635,1.0038746524609323,1.0385308760612593,1,0,0,0,1,0,-0.6469689866984278,0.37497917419378457,-0.4001058925245282,-0.1305385268344097,0.5650010954954711,0.38926814558466494,0.5633332561110258,0.3857909784009589,0.9735546901497285,-0.39559054884292827,-0.14175102136216614,0.4869337213677656,0.12990394544967937,2.7362437759562557,1.53526023954127,0.8697579815180295,1.3062080831216898,1.5570492580132402,1.6930105103547295,-1.0149876916124754,1.9506939350842099,1.0084797801789225,-0.4568589834242149,1.8296308857982542,1.7044388155662742,1.0149876916124754,-1.6930105103547302,2.777691531134916,1.6167552469885829,0.381938901381374,0.795860270964994,1.349153482159058,-0.08799472517957138,-0.38327221085833024,-1.0391903727935126,0.5738579727592754,1.4168180860790833,0.5793409677244183,-0.7885580025686714,-0.8793552956620708,-0.194636969298146,0.12560226393772106,-1.1125787146405561,-1.545025353873546,-0.45626319576493324,1
0.3904080293748593,1.547099371035007,1.7280720791585935,-0.13478617003801185,1,0,0,1,0,0,-0.6974447347149578,0.8605083596223256,0.27793272259651985,-0.4343295949120862,1.364987129889957,0.9974502109244113,1.449284760762739,1.3746878769256854,-2.30517255659177,2.253906538923604,1.6393745249068779,0.3684572405843983,-1.3313007389139035,1.283621318597288,0.432678382075592,-1.3017351668365078,1.8984436824934174,1.6692590934805478,-0.5666803935267488,1.0645584453617318,-0.7326864422496105,-1.4533545480376588,1.8431298047889475,-1.1624180659680547,-0.5015605624641849,-1.0645584453617318,0.566680393526748,1.050835686536495,0.26586877533487285,-0.3458698504096825,-0.9354867953196102,-0.23819657973844427,1.2037100208833493,-1.4435419379712537,-1.4267675574142176,0.7598912632898273,-0.9701972441467586,-1.6210805965279906,-1.7829885912885848,-0.7885913960966542,-1.1423313805857394,-2.1584666612718926,-1.0302635040182315,-0.7099875321636356,-1.6315710050837011,1
-0.1749977424843705,0.2587110724619126,-0.8790386569529866,-0.13478617003801185,1,0,0,1,0,0,-0.6595879237025604,0.5726796808353461,-0.42569225535928473,-0.12185878203219036,0.5727914486353289,0.5346057714930601,0.7800105516347594,1.5505043465048087,-1.2538101835457345,0.634601376185081,0.5639216666483009,0.5452215836529033,-0.5904826299922297,-0.11198376820412646,1.3207296610130823,-0.49380476386325306,-0.09368531281197515,0.09005226984652279,0.1590389773671773,0.5858842905209262,-1.1965165213353253,-0.8050378938096969,1.2177743584641187,-0.9502022706478975,-0.6452072709975256,-0.5858842905209262,-0.15903897736717798,-0.17467491285593337,1.0914105080121401,-0.2639913658331881,-0.4703487775118068,-0.47715250303484213,0.3845801819166189,-0.22015379130249568,-0.319404172783631,-0.17027518936292965,-1.1367331974183288,-0.7864379342253526,-0.14080963743918734,0.4950694691856613,0.05920974801103089,-1.0481553781838862,0.12214944469431245,0.45906541823023866,-0.1469716669968365,1
-1.305809286202831,0.9029052217484598,1.0038746524609323,1.0385308760612593,1,0,0,1,0,0,-0.6469689866984278,0.37497917419378457,-0.7583149722111197,1.2408611519162442,-0.42509869784254545,-0.6705785418088636,2.118183179425428,0.34685839923665135,-0.018549255548792366,0.4216113908992821,0.4951420925351875,1.0513003192873924,-0.20917674529117522,3.183967963979273,0.4872259711029292,1.0102083761941467,1.4705231693964997,1.8974390058701525,1.7556215933338115,-0.30735587342307225,0.23599800077117572,0.012018243665319629,1.0405194476896549,0.8885758135003798,1.2087709123385872,0.30735587342307225,-1.7556215933338122,2.916954099247692,0.41596727218528484,-0.082039177885424,0.44700675760914055,1.0589927181562884,-0.34003467563087314,-0.7910682597479163,-1.4267675574142176,0.20179139169817292,0.3065783976019474,0.12408133374116129,0.3518440487156324,0.858125067447326,1.209981533145967,-0.2550758902638815,-0.7833178721512579,-0.9883334727336057,0.6571863078002155,1
-0.1749977424843705,0.38754990231922204,-0.8790386569529866,1.7718540298733036,1,0,0,1,0,0,-0.6595879237025604,0.5726796808353461,-0.7199354279589849,0.8589523806185938,-0.17005144961488727,-0.2233858467061089,-0.8645086630976613,0.6522766194604356,0.5918641384326161,-1.243965817095791,-1.1380569423576277,0.5884518388196347,1.0184549463479884,0.03468502077794524,1.3894225096192365,-0.5896446972904852,0.11162326585372274,0.16117255614589918,0.23272740579640636,0.5717619163874247,1.2367772045917074,0.4966228383694426,-1.4016341604625036,1.7912012845789087,1.6368833938855714,-0.5717619163874247,-0.23272740579640636,-0.03541234474315745,1.1664597564373458,-0.23669853764102378,-0.4961897785011287,-0.42594766232847037,0.41608517572303205,-0.13859458152457876,-0.26403600355210183,-0.046252995675895824,1.0282341951120857,0.35171115073279,-0.2776578835933038,-0.9312203811280227,-0.2623294272472596,1.4262526241265279,-1.3595243465075295,-1.32234860141757,0.904619530814692,1
-1.305809286202831,-0.17934094905293926,1.0038746524609323,-0.8681093238500562,1,0,0,1,0,0,-0.6469689866984278,0.37497917419378457,-0.68155588370685,0.572520802145356,-0.05671640769503281,-0.15407097896518193,2.203180806709406,-0.5698387476256808,1.006074721948839,0.7534767033064501,0.9917265380074567,1.3299547723280118,-0.6195960856012663,2.92453779838308,0.2771681646303822,0.9508283610995385,1.323026103006888,1.663356690243106,1.8265808207101075,0.002319067851812721,-0.14141283373017396,1.059782547162518,-0.4198470432392985,0.2939916204108337,0.33465099173833063,-0.002319067851812721,-1.826580820710108,2.7498390175123615,0.26586877533487285,0.03622974428062242,0.5245297605771081,1.0760609983917457,-0.30852968182446,-0.709509049969999,-1.3713993881826885,0.20179139169817292,-0.19302946221276363,0.8828473903799233,-0.22291858513165644,-0.39960325510201306,-0.2623294272472596,0.31594134103852145,-0.5363722402842841,-0.5986491559356475,0.038603250264021984,1
0.05630461873076867,0.18140777454752677,0.27967722576327125,0.5985369837740325,1,0,0,0,1,0,-0.5333985536612357,0.1394829824589832,-0.438485436776663,-0.07846005802109372,0.19833084053262517,0.1679077615088014,0.2100731549929919,-1.2212083524156732,0.5304407748456023,-0.4289951187541531,0.43703797484670703,-0.3019012660470057,-1.205944747803452,0.051593319310461974,0.008515342512334509,0.07166370742199293,-0.25428946409835373,0.19572529016444834,0.21054164239835904,-0.6205699568839558,-0.24056039901587234,1.6846772720284702,-0.6531151943475781,0.32739564928111836,-0.3770831206482719,0.6205699568839558,-0.21054164239835974,0.18740776423728422,0.19081952690966666,0.5729886987265271,0.5245297605771081,0.39332978897346543,0.7311351137871589,-0.30171300108041293,-0.4301405112466897,0.38782468222872474,-0.08200549336504998,1.9451198696741894,0.6985262723060605,0.22277777048941236,0.34690269429476517,0.47455723862252236,1.439192814651505,1.1827648637121608,0.2860364732784985,1
1.1871161624492292,1.9851513925498596,-0.4445202009343899,-0.4281154315628296,1,0,0,1,0,0,-0.2684008765744537,-0.2506847821189223,-0.20820817126385424,-0.30644802149272143,0.07109206159341248,0.04403538496533837,1.5334907614096491,0.37206062121643135,-0.3996475077473032,2.0465133747051345,1.4131795452859497,-0.5330470135087358,-1.5591000117216023,1.6131487608744681,0.8170346316316572,-1.1791347220131418,1.455678664759859,0.9591166953478039,-0.06904425348519842,-0.6585353003337585,-0.5205169983305303,0.30782247909807403,-0.6385851489427934,-1.3212814933778918,-0.9008118446137451,0.6585353003337585,0.06904425348519772,1.8585585815905954,1.0914105080121401,0.7913313242638433,-0.0052107597040024186,0.5810808715634928,1.6762849279795395,-0.709509049969999,-0.762349526635866,1.0079356506638961,-0.49834537654397587,0.27583454506891375,-0.02220782410562002,-0.3477381696360611,-0.8207922053274488,0.6014499566897238,0.6983559190505837,0.4033962301162448,-0.8892713360402683,1
-0.1749977424843705,0.38754990231922204,-0.8790386569529866,1.7718540298733036,1,0,0,1,0,0,-0.6848257977108253,0.7209550608165174,-0.054689994255315046,-0.3648916364943316,1.0802736883058934,0.8364608406874195,-0.19254262655533202,1.331859879434242,-0.872337152053565,-0.04080151947959598,-0.27721665567931675,0.630228593048506,0.3501684927020531,-0.08164915559875903,1.2570584666800524,-0.19924355832585713,0.2344444377854199,0.21525700827094102,0.5641420291796073,0.30004743805884815,0.18615233500077852,-0.5687259057894783,0.9922935491828347,0.28759131183422565,0.5705518015357808,-0.3000474380588474,-0.564142029179608,-0.11896988561082296,1.0914105080121401,-0.1457224436671417,-0.22485926811324272,-0.11871861809024475,0.1010352376589052,0.10608304780917345,-0.1532996650890431,0.015758101167622184,0.6951622885689447,-0.02767187758659086,1.9666533533342068,2.3103474604939858,2.326907089306344,0.664896315723324,0.12214944469431245,0.29205785388825667,2.203643951640699,1
0.23620645523143258,0.2587110724619126,1.4383931084795292,-0.13478617003801185,1,0,0,1,0,0,-0.24316300256618875,-0.25882539121592774,-0.42569225535928473,-0.09581954762553238,-0.2244416130972686,-0.1250034537835029,1.0615189271113779,1.3782285444440618,-2.764506804793292,0.5562016109814291,-0.46216121925676096,-0.3188324018756058,0.38133737055903655,0.32723509895662717,0.9942216518276722,-2.4399920431578046,-0.03330649454585774,-1.101049996128747,-0.6315019295677592,0.1914665557924087,-1.1490984532002566,-0.8956725049175487,1.3272167222406062,-0.7844186431546702,-0.4741287994014859,-0.191466555792408,0.6315019295677584,0.605195468575612,1.391607501712964,1.0551619967881019,-0.5478717804797735,-0.5283573437412127,2.0858498474629035,1.247911984700014,1.839954427246013,1.0079356506638961,-1.053465220782544,-0.7864379342253526,0.24236545179233895,0.9099901529132779,0.49921072468027106,-0.8895394805998851,0.6160407084282594,0.793080546914203,0.16231986177126023,1
0.9044132765196139,0.9802085196628456,-0.15484123025532542,2.505177183685348,1,0,0,1,0,0,2.3311001462768357,-0.6943479779057209,-0.34893316685501513,-0.21444272658919655,-1.220274349537799,-0.3682762799194014,-2.6341688531010345,-1.0364868393552578,1.0209450723717772,-2.595538829341282,-3.2721004003315963,-1.6922418145993405,3.306565329182254,-0.8980198667904539,-0.06664185594388441,1.0535896917420506,-2.419194122414827,-3.4240391338838307,-1.6929968571541203,-0.6289223324429117,2.7655850431649625,1.3558503667126032,-0.33691008339636563,1.1075740279722057,0.9109829956091665,0.6289223324429117,1.6929968571541196,-1.223786259305512,-0.9349191994684248,-2.7385411219227804,-1.9734336683907294,-2.5367249847799873,-3.3960190748529038,-0.22015379130249568,0.7510470990259361,-2.9607745473212006,2.110717891377293,0.8828473903799233,-0.7611883533378483,-0.8015576674631424,-0.36386811417093057,-0.1916295312302808,-0.7833178721512579,-1.0996718489615938,-0.6418381130257917,0
-0.12359721776989524,-1.235819353882877,0.5693561964423357,0.3052077222492148,0,1,0,1,0,0,-0.25578193957032125,-0.2530106704323524,-0.24658771551598904,-0.26478524644206863,0.01671604563373139,0.010048740137529016,-0.3793845667200195,0.6692842963066133,-0.07683789013497114,0.1982133718830929,0.1311901701914587,-0.14538197667985686,0.018285931966509145,-0.5413480445430512,0.7538309981219503,-0.49540011575946313,0.1687382222590321,-0.0454857798835884,0.1039844044028122,-0.3014141428425148,-0.013365112329451584,-0.16344235530151371,-0.3927893702341646,-0.1004555450054292,-0.21496165738169348,0.30141414284251544,-0.10398440440281291,-0.3417899945912644,1.0914105080121401,0.9459906840194431,0.5116092600824467,0.5640125913280355,0.9831750642384596,0.9216751455883455,0.954063719541543,1.069946747507413,0.1400424443303771,0.04820472807728505,0.6620334066649622,0.3394742127878045,0.27921023634565156,0.6966194952401235,0.7806711296729086,0.6817421706862145,0.5953280020465953,0
1.341317736592655,-0.3339475448817109,-0.4445202009343899,0.3052077222492148,1,0,0,1,0,0,-0.43244705762817587,-0.05240280339900311,-0.4128990739419065,-0.12185878203219036,0.047689660727268074,0.05387362425759897,-0.49347020722224627,-0.11933634328317363,0.4621974035915312,-1.3438735443873269,-1.3314462887684697,-1.3967746694058858,0.8281718206393919,-1.083043164310169,-0.6232211571467364,0.38690496120722817,-1.6267237772571934,-1.3683545428330726,-1.7568601617927857,-0.1626015385546773,-0.3959816331310906,-0.46053639773432714,-0.24303716137324977,0.20245500754094195,0.3950135017904525,0.1626015385546773,1.756860161792785,-1.0102503215325889,-0.5596729573423944,0.09081540066495114,0.279040251178545,-0.40887938209301433,-0.37153966943728567,-0.38327221085833024,0.5664865349208381,-0.10826409251941274,-0.19302946221276363,-0.17942508891434333,0.9357298989731951,0.6506647255835172,0.7022880985276131,1.1724671879921262,0.03983423407198747,-0.04195727479570725,0.9664778365683122,1
-0.6376024649146498,-0.02473435322416849,-0.15484123025532542,-0.13478617003801185,1,0,0,0,1,0,-0.5207796166571032,0.07842841423144209,-0.15703544559434116,-0.3353805041667859,0.5077234935847349,0.3195060851486352,0.4562812983865693,1.061348483657054,-1.3818761793904943,1.1540222468241594,0.46173986836213105,-1.3169380269827884,-1.08645825201008,0.4844030481850527,1.8129634589778787,-0.4296958912148988,0.44634847753991513,0.516071398443961,-1.19191554383536,-0.614019074092617,-0.15046043432537032,0.3594528921908023,1.4572680993956497,-1.1164180943720055,-0.09644116759318222,0.614019074092617,1.1919155438353592,0.32667033235006016,1.4666567501381707,-0.38226028799923456,-0.5349512799851129,-0.34060626115118536,0.25856020669096863,-1.2804235184154193,-0.983822203561983,-0.17027518936292965,0.0012624832707351544,0.5793409677244183,0.6620334066649622,1.3767759221068474,0.7530574419894479,-0.0647368131630805,1.1099319721622063,0.848749735028197,0.5953280020465953,1
2.138025869667024,1.7532414988067013,-0.4445202009343899,0.3052077222492148,1,0,0,1,0,0,-0.36935237260751347,-0.18032666063766065,0.09882818275322415,-0.39671736743580244,0.4538190470155485,0.1679077615088014,-0.7265189164655136,-1.0601065421980345,0.8344226336714576,-0.43471241329244437,-0.4000417754217702,0.8652278385216823,0.9402694153493264,-1.3900781065594774,0.2179240945663881,-0.18199521447272135,-0.7082964831741446,-1.2704401634266806,-0.40749033797582196,1.584211532575986,-0.37870742650686817,1.6733410724315114,-1.3235713325460912,-0.11506624311601149,-0.7202636479922285,-1.5842115325759867,0.40749033797582124,-1.2609229441355856,0.41596727218528484,0.6184767457134681,0.42116575661981864,0.10316902497069583,-0.15100471279239655,0.9216751455883455,1.2862727349307197,0.2638024885416898,-0.3595654154843339,1.5657368413548085,0.014285041535478216,-0.671894953798262,-0.6684841749419423,0.5697267771729232,-0.7833178721512579,-0.09762646290970158,0.038603250264021984,1
1.6497208848795075,1.4955638390920825,-1.168717627632051,-0.8681093238500562,1,0,0,1,0,0,-0.4576849316364408,-0.03205128065648941,1.1606622403956202,-0.5917223006589967,1.0823601469700812,0.43264583700963216,-0.29737550370512883,0.08277399723916842,0.5685739418274813,-0.37833170600489674,-0.9736603463133227,-0.22904005229735594,0.6312544514225876,-0.3606826183048151,0.4597661343347336,-0.27711721229663533,0.6207143414240199,-0.48008277335653715,-0.23432195700141584,-0.0799856498736912,0.05311805440786311,0.3469737114943469,-1.055735699094014,1.1265914425169616,0.7970987485094416,0.0799856498736912,0.23432195700141514,-0.5089050763265954,0.11577027848446049,-0.8007503202790929,-0.806281790372998,-0.5454256239766699,-1.1591645145976028,-0.13859458152457876,-0.04256332662598434,-0.4183195767369984,0.11228645211844858,0.4275877563966659,0.2879815338437111,-0.32180562690308556,0.12690220596014448,1.2041903675089267,-0.4540570296619595,-0.5429799678216537,0.2860364732784985,0
1.2642169495209417,1.6759382008923163,0.27967722576327125,0.5985369837740325,1,0,0,1,0,0,-0.6722068607066928,0.7093256192493668,-0.11865590134220637,-0.34000970139463615,0.9731493345724112,0.808287700895946,0.5948916003940722,0.9650987597452877,-0.30409807183457677,2.1033421880778285,1.317529912852417,1.1406083314581852,-1.066105231045189,0.7305426300185047,-0.05535998067893274,0.2031538220245853,2.127126639151841,1.7153443294104622,1.2234273880116016,0.3422733367180179,-0.09726166342191332,-1.3800867487717428,0.6198622505983787,-0.7322572363265796,-0.038153541020756666,-0.3422733367180179,-1.2234273880116022,0.939425632046274,0.19081952690966666,0.7731361054690666,0.7700192699756713,1.690519086868198,0.3845801819166189,-0.709509049969999,-1.2052948804881005,1.13195784435093,-0.026493508941193386,-1.2416975682086098,0.31535118307453414,0.5987996401175653,0.24536400737109418,0.1890486229713212,-0.04248097655033679,0.1250502895462747,0.5334696962929761,1
-0.6633027272718879,0.49062096620506923,1.0038746524609323,-0.4281154315628296,1,0,0,1,0,0,-0.5460174906653681,0.1598345052014969,-0.6175899766199587,0.317914954613589,-0.13706727454065257,-0.1227674903079891,1.294607481055942,0.03172396105868015,0.23276229258469608,0.3322489742340667,0.18364478043911378,0.16307149700603282,-0.3878944520272726,0.5901433728692834,-0.5294208259656409,1.0634956614340938,0.05241078506099912,0.09834795541526238,-0.16027754582615011,0.38137139103206524,-1.2105189119248698,-0.5739042935308151,0.7505167250644262,-0.39687729196986526,-0.14272957216446866,-0.38137139103206524,0.16027754582614942,0.744458036688388,-0.3345252120667762,0.6184767457134681,1.1188727833315248,1.0931292786272029,-0.5605696322757617,-0.7910682597479163,-0.8177176958673952,0.2638024885416898,-0.9146852597229018,0.04820472807728505,2.2859659276938116,2.440010174158866,2.073060371997167,0.9504049313745251,0.36909507656128593,0.6260729825722207,2.3273605631479377,0
1.0072143259485644,0.38754990231922204,0.5693561964423357,-1.8947617391869185,1,0,0,1,0,0,-0.29363875058271866,-0.23033325937640858,0.3035190854312764,-0.4389587921399365,0.48218367648037824,0.1620942564724656,0.32785819021741197,-0.1630758297471236,-0.0311662832493301,0.5615855688429504,0.38846485780773476,0.4342631442891918,-0.11772070647231471,-0.41771128691166265,-0.7260856617532874,-0.010641493194113802,0.4587886151971416,0.2273016086295719,0.4977080171176754,0.0986623829151082,-0.8732669905907396,-0.5035499824780596,0.031911678880111434,-0.3037389356947967,-0.28310756043284374,-0.0986623829151082,-0.49770801711767615,-0.4253475354589299,-0.7097714541928067,-0.13662483426975403,-0.12149526415595328,0.06903246449978255,-0.2140147004052217,0.02452383803125581,-0.2086678343205727,-0.4183195767369984,-0.7481493064513315,-0.3311783002420958,0.534308376921121,0.4691369264526849,0.31305646532020776,0.28421816152172197,0.36909507656128593,0.45906541823023866,0.5953280020465953,1
0.9815140635913272,-0.2824120129387873,-0.15484123025532542,0.3052077222492148,1,0,0,1,0,0,-0.6217311126901629,0.36334973262663384,-0.630383158037337,0.34106094075284055,0.026326101818902607,0.015862245173864826,0.2676059192152791,-0.542339939071272,0.3009893314431714,-0.6808370109779657,-0.4973473035032843,-0.17519638119148606,0.6506410344949015,-0.10935640578679083,-0.5899438388119179,0.7026198328801231,-0.49138594966005716,-0.18127474746754943,-1.4375436385994584,1.1867913099014362,-0.48138017707413955,0.15338579958299345,0.2946026723610498,0.43251698170215214,0.4695963439829862,-1.1867913099014362,1.4375436385994576,-0.2582324537235989,-0.7097714541928067,-0.6278957417287164,-0.19901826712392082,-0.3747428216220998,-0.844114576533476,-0.9541866793037505,-0.4301405112466897,-0.4803306735805153,-0.22078545442469194,0.5793409677244183,1.2641656897430753,1.2471132084419672,1.3792126780187515,0.728342674756924,-0.9479482933959068,-0.5429799678216537,1.4613442825972665,0
2.8576332156696815,-0.07626988516709207,3.176466932553916,1.0385308760612593,1,0,0,1,0,0,-0.5838743016777656,0.20053755068652426,0.815246342126407,-0.5465876276874562,1.2259089340443872,0.576641884832719,2.503898277552176,-0.01768438758600054,1.7346536293251198,0.8202119686162084,1.8544575942822124,1.9635345569447604,-1.275890540156174,4.012343623964423,1.3415107096716195,1.1714727193573307,2.1373213686873793,2.5408835364526814,1.4967163042581422,1.1936019387174324,0.527354966483863,1.3681683564971447,-1.194112515972263,1.0112778288023436,0.06979253407710315,-1.1936019387174324,-1.4967163042581428,4.894482566449111,1.9920014891146134,1.5282376854522888,2.02330781795781,3.0559815057047586,0.6366201323679207,-1.2804235184154193,-1.814344742034923,1.752068812786101,0.4731143508735179,1.2622304186993043,-0.02220782410562002,-0.6329961396987983,-0.2284831982727022,0.4428340591057229,-0.8656330827735822,-0.4316415915936655,0.16231986177126023,0
0.5703098658755232,0.7225308599482267,0.27967722576327125,-1.161438585374874,0,1,0,1,0,0,-0.4955417426488382,0.03772536874641469,-0.2210013526812325,-0.2983469263439834,0.39432128395322985,0.2595822640048661,0.36466512917372734,-0.7333198461774708,0.7105863446615605,0.5260223663342958,0.7080032485804645,0.62937040569436,-0.2398788467556467,-0.4897688705464343,0.3469839572084137,-0.10638806854296318,-0.8159596082671299,-0.6838080536169158,0.11253657107688624,0.7467737677988605,-0.9964470237289887,1.3541054138260697,-1.0783050867952724,-1.5197138608279945,-1.5880443702155356,-0.7467737677988605,-0.11253657107688694,-0.14682239923337803,0.9413120111617277,1.6919946546052762,1.3643622927300878,0.9053781960371756,1.2352150146897614,1.7372672433675176,1.839954427246013,1.3179911348814817,-0.7481493064513315,2.020996475338066,1.528738965641033,0.6247321828505417,-0.07617516788719629,1.6165917012273294,1.3568776040291806,2.073471873536065,1.0901944480755505,0
0.05630461873076867,0.7482986259196881,0.27967722576327125,0.5985369837740325,1,0,0,1,0,0,-0.5333985536612357,0.1394829824589832,-0.8350740607153893,4.886353968848363,-1.6470572623246933,-3.6690055624728335,-0.517584885275793,0.01989924587738971,1.2935562209855584,-0.9414977211960326,-0.14838800390152948,0.43542094662367137,-0.12852548050477605,0.08805806876150508,-0.1640428889207777,0.19127970424075633,-0.1023998168956265,0.3435976851290439,0.3586118043630053,0.23819541748766626,0.8077009671390112,-0.1916469044470618,-1.5761170326595735,1.1703647754039248,0.5283679361832112,-0.23819541748766626,-0.35861180436300605,0.24311279148239442,0.04072103005925432,0.6457695739056325,0.6537347655237203,0.5810808715634928,0.6996301199807459,-0.13859458152457876,-0.319404172783631,0.5738579727592754,0.917210226264372,-0.02767187758659086,0.5069387276902979,-0.4385020692014777,0.025363519036474696,1.6165917012273294,-0.04248097655033679,0.06938110143228039,1.0283361423219313,0
1.1871161624492292,-1.0039094601397194,-0.4445202009343899,-0.13478617003801185,1,0,0,1,0,0,-0.2684008765744537,-0.2506847821189223,-0.6559695208720935,0.38214506615001204,-0.6920071166540451,-0.4881239222069397,0.3113317086919387,0.6845580634671958,-0.12069006659622135,0.5696187376943301,0.003977096846755808,-0.5771850888476036,0.1800095325444639,0.9900572876021104,0.9317253942466301,-1.0158089813104219,1.099852730214336,0.49023871398809754,-0.33645217931212407,-0.45352244570481864,0.5563392566926127,-0.0061953792397665035,-0.8558026977940734,0.3210769742241308,0.4734522663031256,0.45352244570481864,0.33645217931212335,1.050835686536495,1.0163612595869336,0.35464607318920965,-0.25070026910256554,0.18851042614798086,0.9201650766256344,-0.709509049969999,-0.6516131881728072,0.38782468222872474,1.2225261405955843,0.7310941790521709,2.2585962784629876,1.3378771080073837,1.4130589069933075,2.917242061416136,-0.04248097655033679,-0.26463402725168356,2.141785645887079,0
0.23620645523143258,-0.17934094905293926,1.4383931084795292,-0.8681093238500562,1,0,0,1,0,0,-0.24316300256618875,-0.25882539121592774,-0.7071422465416066,0.7200764637830845,-0.9100069094367493,-0.7555451538783869,0.1031542947441065,0.3748593403580747,-1.6413790981768832,-0.39970948466467343,-1.064044063926745,-1.300772080458222,0.8331627040857502,0.35147116755285623,0.8748009457708551,-2.212850372964585,-0.1071455964482078,-1.0160505540907068,-0.7420026969902317,-1.0381887348318,0.20774729146473594,0.36185017463850194,0.020118995380100747,0.433737987345819,0.39133378781370626,1.0381887348318,0.742002696990231,0.7166055230658329,1.391607501712964,1.3462854975045246,-0.21193876761858224,-0.23819657973844427,2.243374816494967,1.0847935651441794,1.7292180887829538,1.3800022317249987,0.08453045990652028,0.19995793940503753,-0.3597668312857729,-0.2958730841701091,-0.11002139686175369,-0.2233527107470814,0.2044646553166367,-0.26463402725168356,-0.1469716669968365,0
0.9815140635913272,0.928672987719922,2.452269505856255,1.0385308760612593,1,0,0,1,0,0,-0.33149556159511606,-0.21812234573090036,-0.7583149722111197,1.345018089542876,-1.0707561904610863,-1.207209775932169,1.8945180339535217,1.1216897644864254,-0.9578559544600729,0.38454350176972646,0.020368554832464043,0.6676066373684352,0.11497576729642776,3.0000634499100487,1.6643981343057987,-0.26079942112731946,1.283048058679335,0.9821729719363195,0.6912331826893902,0.22497917377587734,0.3632546065860113,0.12780310967550157,1.0473429112786787,0.7527550296864812,0.9324206237865065,-0.22497917377587734,-0.6912331826893908,2.359903826796588,1.1664597564373458,-0.7006766169078218,-0.7158382869103699,-0.22112829950298704,-0.2770246880180474,-0.709509049969999,-1.0391903727935126,-0.5423417704240322,0.3343343898138759,0.12408133374116129,0.023408257945752128,0.5599008260181015,0.854596128913119,-0.635754044465484,-0.8656330827735822,-0.8769950965056176,0.2860364732784985,0
-1.2287084991311177,1.289421711320388,0.27967722576327125,-0.4281154315628296,1,0,0,1,0,0,-0.23054406556205628,-0.26871041654800587,-0.822280879298011,2.609367582399492,-1.8364317992282138,-2.2232315792056276,0.05011999182635604,0.32165848151187343,-0.1822257428888983,-0.7462982277497,-0.9556612023272623,-1.1964779610631935,0.3390941344167644,-0.18900937296438716,-0.3511951299225562,-0.21746950439656454,-0.12470303921141312,-0.12406544172205854,0.13830413819877924,-1.7690215962405276,-0.25854900712693213,-0.7933059320471152,0.030572815888153092,0.8845473595150901,1.1212806109921853,1.7690215962405276,-0.13830413819877996,-0.007559831120602114,-0.10937746679115769,0.7822337148664557,0.5374502610717695,0.4616029099152932,0.7311351137871589,0.4323198869208419,0.40038202722625016,0.8219023601333442,0.27882240539001907,-0.17942508891434333,2.4593070394890253,2.1028871186301776,2.445368890717294,2.2827784710801327,1.439192814651505,0.5704037944582268,2.3273605631479377,0
1.341317736592655,-0.3854830768246345,-0.4445202009343899,-1.6014324776621007,1,0,0,1,0,0,-0.43244705762817587,-0.05240280339900311,1.4676985944126986,-0.6310704770957244,1.13296397438801,0.447403195948023,0.2636842035821651,-0.25311376387546375,0.04463120964207291,0.45861818611923494,0.43773835162891434,-0.194611456327084,-0.610758548489995,-0.9915913733182938,-0.5560984369348814,0.17275280864004083,-1.280680509565497,-1.0412494938870314,-1.2694823106029698,0.9936302841201231,-1.3574457205210917,-0.20968062203672383,0.11258755373080108,-1.889464452594565,-1.5856587637869313,-0.9936302841201231,1.2694823106029691,-0.9545452942874786,-0.5596729573423944,-0.1548200530645294,-0.04397226118798574,-0.5454256239766699,-0.30852968182446,-0.30171300108041293,0.34501385799472056,-0.23228628620644656,-1.2477571662660425,-0.1035484832504671,0.31535118307453414,0.3265079414213163,-0.48232991558187904,-0.033013633646279864,0.6160407084282594,1.3497724280541432,0.10046155601764112,1
-0.6376024649146498,2.1912935203215542,-0.15484123025532542,0.3052077222492148,1,0,0,0,1,0,-0.5207796166571032,0.07842841423144209,-0.5024513438635544,0.011230638268506017,0.0633017084535547,0.0516376607820852,-0.5082116473256353,0.9343678199050011,-0.08657166714888478,-0.6992256240555159,-0.19384864307592728,-0.8601635403332227,0.20502607482499288,0.41544073452374913,1.7165372572363118,-0.4073849419095467,0.6561721326918374,0.6094089227063105,-0.964482122757493,-0.21659885141806862,1.1217841537967546,0.43714018610394645,-0.29103620940452624,1.5952577623123703,0.8469819311233727,0.21659885141806862,0.9644821227574922,0.27096530510494976,1.391607501712964,-0.3640650692044592,-0.5091102789957901,-0.23819657973844427,0.19555021907814235,-1.1173050988595852,-0.8730858650989243,-0.10826409251941274,1.055990187324014,0.4275877563966659,0.05990112358685037,-0.10137901367278856,0.5330569536548284,-0.033013633646279864,-0.8656330827735822,-1.0440026608476,0.16231986177126023,1
-1.8198145333475857,0.38754990231922204,1.7280720791585935,1.7718540298733036,1,0,0,1,0,0,-0.571255364673633,0.17146394676864757,-0.7199354279589849,0.9110308494319098,-0.4369598684263855,-0.5721961488862576,-0.6305480182737709,0.6755024476844771,1.3045347641820584,-1.2103535481118877,-1.1468791913857372,1.17579027564668,1.226349753370798,-0.06244216312467491,1.2126336199119032,0.230158720530413,-0.27384296286411836,-0.18754614184515528,0.4977080171176754,1.1100169487029459,0.8144008949897203,0.28764143147112864,-1.5520554070994956,1.3635715636397676,1.307896813699239,-1.1100169487029459,-0.49770801711767615,-0.11896988561082296,1.0163612595869336,-0.2185033188462471,-0.06981326217730856,-0.1699234587966153,-0.34003467563087314,0.02452383803125581,-0.2086678343205727,-0.4183195767369984,0.6118943119331598,0.12408133374116129,-0.3871364805165972,-1.0868156375258795,-0.5669454880182719,1.4262526241265279,-1.6064699783745033,-1.4336869776455579,0.6571863078002155,1
1.495519310736081,1.2636539453489257,-0.8790386569529866,0.3052077222492148,1,0,0,1,0,0,1.1575390048925156,-0.5972421408200127,-0.6943490651242283,0.7085034707134588,-1.6554430720021707,-1.0068674485261349,-0.6864117643788442,-0.1457333076921318,-0.6918483561018163,-0.5357732079418019,-0.20244522936130174,-1.3071602470188313,0.1798898517648578,0.05475238593246382,0.20348571760835762,-1.1597904680704136,1.4331539917011729,1.084718073294394,-0.2094031647789695,-1.5751271636218847,1.0091802063798267,0.4038710632478103,-0.21969769079610574,2.144886004309997,1.3222047884501509,1.5751271636218847,0.2094031647789688,0.04814519612450831,0.19081952690966666,0.018034525485845748,-0.5866332819637576,-0.03337721691295973,1.140700033270523,-0.9541866793037505,-0.983822203561983,0.139780294854656,1.055990187324014,0.5034643620605421,0.34272083230535716,0.1709126850234604,1.0407503882731821,0.15732544345452057,-0.5363722402842841,-1.1553410370755877,0.34789477903211874,0
0.4932090788038099,-1.95731680108381,-0.4445202009343899,1.0385308760612593,1,0,0,1,0,0,-0.596493238681898,0.3168319663580311,0.047655457083711085,-0.3828297757522515,0.8564678947221988,0.5395248911391904,-1.044932494554652,-0.979257052699319,1.5296696344735938,-0.5735240367416099,0.3183058802321673,-0.43281006182723486,-0.6480457904588474,-1.2917164107738088,-0.7764598413637281,0.8986795462967349,-0.36341769228761056,-0.13675407795990457,-0.29127919636700184,-0.3014141428425148,0.16233625234051785,0.5662206129134782,-1.1880233588583298,0.41443521022743274,-0.5473269737457642,0.30141414284251544,0.2912791963670011,-1.0659553487776992,-0.3345252120667762,1.701092264002664,2.0103873174631492,1.7246556473391115,0.3845801819166189,0.2692014673650073,0.4557501964577793,1.6900577159425842,0.27882240539001907,0.7310941790521709,0.5160619441005718,-0.21807545597118072,-0.0423289389126401,0.6331731362065233,0.7806711296729086,0.6817421706862145,0.22417816752487937,1
-1.305809286202831,0.6709953280053031,1.0038746524609323,0.5985369837740325,1,0,0,0,1,0,-0.6595879237025604,0.6133827263203736,0.5465895323614635,-0.49971700575547184,1.3456877201930844,0.8579260900523518,2.483031072014399,0.5673310670470855,0.2156574740912333,1.0357301320178633,1.2696368053271083,1.9903102758260085,-0.7285716234815932,3.076665484686629,0.5645344246164943,1.054535295420375,1.252192950224847,1.4606805587486724,2.2117880550385673,0.5209213695068188,-0.37854724825890296,-0.21314150036846738,0.7648952812504178,-0.15755149408944302,-0.2245197613969002,-0.5209213695068188,-2.211788055038568,2.9448066128702477,0.5660657690356972,0.11810822885711679,0.6537347655237203,1.178470679804488,-0.49755964466293656,0.10608304780917345,-0.762349526635866,0.20179139169817292,-0.49834537654397587,-0.4070549059059717,-0.6790794056453779,-0.21807545597118072,-0.2623294272472596,-1.206771275767887,-0.4540570296619595,-0.26463402725168356,-0.76555472453303,0
-0.07219669305541997,-0.2824120129387873,1.0038746524609323,0.3052077222492148,1,0,0,1,0,0,0.816827705780939,-0.551887318708125,-0.630383158037337,0.34106094075284055,-1.3178653075355955,-0.688019056917871,0.7759961233051033,1.280781439609315,-0.9970885284440921,0.9347562232176378,0.19576906557996912,0.3215277447126021,0.1033099157095081,0.681887210673312,1.5809648547386728,-0.9218316100083382,1.3826542025359785,0.6463072542476873,-0.653257441282515,1.0864182721050466,-0.39770783282299915,-0.1741368351076778,0.43670155408968814,0.10822088697546511,0.37648386704015097,-1.0864182721050466,0.6532574412825142,0.6330479821981672,1.4666567501381707,0.00893691608845806,-0.4703487775118068,0.06903246449978255,0.5106001571422693,-0.8726274695258333,-0.7069813574043363,0.20179139169817292,-0.19302946221276363,0.12408133374116129,0.9448531153834703,1.0526191379446466,1.0407503882731821,0.5380035976561225,-0.8656330827735822,-0.48731077970765985,1.1520527538291696,1
0.72451144001895,0.7225308599482267,0.27967722576327125,-1.161438585374874,1,0,0,1,0,0,-0.8236341047562825,7.0560933545218525,-0.2210013526812325,-0.2983469263439834,2.563895407532787,5.657198093895115,0.16117366866756927,-0.45325015051579703,0.8213835388310425,1.6936278323789202,1.8900595926322123,1.3780864547305192,-0.8929036932993102,-0.8175679393622876,0.9988948004962453,0.14851034443922767,0.7646696470042963,1.0808452152008359,0.8847583482611033,1.002053003267564,-1.0410201615859789,1.6227709388996112,-0.9736202402150648,-1.5297486053557954,-1.4019350547217735,-1.002053003267564,-0.884758348261104,-0.8152827261747027,0.7912135143113154,-0.2912841940253525,-0.173177266134598,0.13730558544161034,0.1010352376589052,0.18764225758709038,-0.2086678343205727,0.139780294854656,-0.8314172830871166,2.1727496866658176,1.2459192569225261,0.4691369264526849,-0.21156008378542468,1.5214221626769286,0.6983559190505837,1.461110804282131,0.904619530814692,1
1.2899172118781799,1.3409572432633117,-0.4445202009343899,-0.4281154315628296,1,0,0,1,0,0,-0.7983962307480176,2.6194613966538665,-0.4512786181940413,-0.049527575347029285,1.5469234276804464,2.052824971366912,0.5155582351225929,-0.12457965479467424,-0.08834715960002172,1.4153440467563203,1.4772840417829707,1.9462679684541093,-0.5550522765102961,-0.21256709656965503,-0.985558932635189,0.3233591294296994,0.8096365555010157,1.2380607293107828,1.4494276669840473,1.2169526660865582,-0.9292908143076302,-0.8163218174285873,0.44571826726188407,-1.109216747626058,-0.7118162725254257,-1.2169526660865582,-1.449427666984048,0.18740776423728422,-0.5596729573423944,1.7647755297843817,1.70029530559128,2.0318846915773383,1.5817699465603012,0.8401159358104279,0.17890935030013266,1.938102103316653,-0.8869292675109735,-0.7864379342253526,-0.0951935553878152,0.14498014229048395,-0.3130987707090945,-0.3185222492974822,-0.5363722402842841,0.013711913318286572,-0.20882997275045564,0
-1.8198145333475857,1.2636539453489257,1.7280720791585935,0.3052077222492148,1,0,0,1,0,0,-0.571255364673633,0.17146394676864757,-0.6943490651242283,0.7085034707134588,-0.32699198043353456,-0.4156787056002934,-0.49042039073282717,0.4193145397129938,0.47617631130248744,-1.5636870275489068,-0.9125395686783238,-0.6838267743165681,0.6340745077372363,0.09685290629144157,1.1973655726379764,0.3057233729757391,0.004138332590933553,0.12620356627107981,0.8432886699243073,-1.7690215962405276,0.7787157742534045,0.623972180510173,-0.3437264635604309,2.1165437933014415,1.3095593507203553,1.7690215962405276,-0.843288669924308,-0.09111737198826762,0.7912135143113154,-0.6642861793182697,-0.4186667755331612,-0.3918111018575571,-0.6235796198885869,-0.38327221085833024,-0.762349526635866,-0.8523972546416179,0.77843026520473,0.6552175733882943,0.1876261533306929,-0.02358138547386016,0.8207498999385615,0.1890486229713212,-0.5363722402842841,-1.211010225189582,0.038603250264021984,0
0.72451144001895,0.6709953280053031,0.27967722576327125,0.5985369837740325,1,0,0,0,1,0,-0.8236341047562825,7.0560933545218525,0.5465895323614635,-0.49971700575547184,3.0829188774856573,5.812821151790873,-0.34526569637701215,1.0514080972189177,-0.7449887161605533,0.22798296227584536,0.40683452536700626,0.8457501325450937,0.08318252204269279,-0.807026961241738,1.03130678237305,-0.0554051121853269,0.7230342978472425,0.8979551551604656,0.8939738323359463,0.266869946255213,-0.32627147525293676,-0.4099501148336048,0.9627477377636001,0.4089581591168358,0.3477736281341618,-0.266869946255213,-0.893973832335947,-0.8152827261747027,0.7912135143113154,-0.3549674598070702,-0.3282232720705331,-0.03337721691295973,0.1010352376589052,0.02452383803125581,-0.3747723420151606,0.015758101167622184,-0.44283339212011924,-0.5588081172337243,-0.6243401071837319,-0.07544647093981212,0.09305597698558829,-1.238494455284687,-0.7833178721512579,-0.7656567202776299,-0.6418381130257917,1
0.7502117023761872,1.3409572432633117,0.5693561964423357,-0.4281154315628296,1,0,0,1,0,0,-0.81101516775215,4.907554024990763,-0.4512786181940413,-0.049527575347029285,1.8138318464919418,3.812528226596252,1.3174776923040705,0.42593486857199,-1.4892565457491487,1.7480923569278723,0.982070908427702,0.8369610900774909,-0.4912315722510757,1.0058520128319062,-0.30434834408448286,-1.0952836718560117,1.3295982512031586,0.5601125375683683,0.23272740579640636,0.910698895591472,-0.8269493224829039,-0.889498464137128,0.9352091269680434,-1.0431531307304855,-0.7298994029503681,-0.910698895591472,-0.23272740579640636,0.7723105503109431,-0.40957446049198204,-0.4277483349861756,-0.8967252938356269,-0.3918111018575571,0.29006520049738066,-0.13859458152457876,-0.26403600355210183,-0.10826409251941274,-0.7481493064513315,-0.7864379342253526,0.21499580256151593,0.6765972683164937,0.17767154942198057,-0.6040308649486834,-0.04248097655033679,0.45906541823023866,0.038603250264021984,1
0.4932090788038099,0.7225308599482267,-0.4445202009343899,0.3052077222492148,1,0,0,1,0,0,-0.596493238681898,0.3168319663580311,-0.8478672421327675,7.024464438461725,-1.9495568978653288,-5.184988798871172,-0.3051848586147795,-1.9315224764089074,0.8192294080119883,-0.8717921682494466,-0.4386548662127973,0.08075226277980808,0.261542234623904,-1.2204235167062916,-1.61150807212,1.1360513661235896,-0.5258700627147201,0.29257284043781323,0.4977080171176754,-0.3834842964864804,-0.795065823154241,1.0367018056244401,0.02170801747810907,0.6562912235670294,0.8559132436267061,0.3834842964864804,-0.49770801711767615,-1.17736540326792,-1.535313186870074,-0.2912841940253525,0.31780175266252825,0.08610074473523979,-0.5290646384693491,0.02452383803125581,-0.2086678343205727,-0.17027518936292965,-0.7759052986632599,0.8828473903799233,-0.17730250308028428,-0.1402778277722523,0.12690220596014448,0.1890486229713212,-0.12479618717266176,-0.32030321536567735,0.34789477903211874,1
0.7502117023761872,0.49062096620506923,0.5693561964423357,-0.4281154315628296,1,0,0,1,0,0,-0.81101516775215,4.907554024990763,-0.6175899766199587,0.317914954613589,1.4706739894140342,3.5285608652060025,1.5121936173122053,0.7443023463613336,-1.5483191243402572,1.3639064108124035,0.17528891174801314,-0.8239060359702954,-0.13066214586176564,0.9921338849430794,-0.5044100796211421,-0.9483663156283081,1.0620451456476863,0.370812935836952,-0.2763926451691775,-0.8495867060811616,-1.1114135478686251,-1.5268852735410823,1.163587424863205,-0.7894437826606783,0.13414248874708812,0.8495867060811616,0.2763926451691768,0.6887530094432773,-0.6347222057676005,-0.6187981323313287,-0.9742482968035945,-0.5624939042121272,0.006520256239666901,-0.30171300108041293,-0.2086678343205727,-0.23228628620644656,-1.1367331974183288,-1.5452039908641146,-0.8524205174405927,-0.1921429132382052,-0.48232991558187904,-0.857816301083085,-0.04248097655033679,-0.4316415915936655,-1.0129879475475077,1
0.6731109153044746,-1.235819353882877,-0.15484123025532542,0.3052077222492148,1,0,0,1,0,0,-0.016022136491804253,-0.3815159997493675,-0.31055362260288033,-0.2312235665401539,-0.28329164173204846,-0.11471802179613952,-0.07991528520303418,1.6505412278290688,-0.4254675020889095,0.12895558175419164,-0.2139840516241118,0.24869253438986438,0.5999276549966929,-0.30734973183346465,1.7783551912332165,-0.8601216210998449,0.22833192364807378,-0.34335860855680317,0.6131129323668632,-0.26889098598050765,-0.19597608122801544,-0.4839024426932323,-0.2827109507911921,0.052199355497103056,-0.0570331047385026,0.26889098598050765,-0.6131129323668638,0.18740776423728422,2.892592470217086,2.28333926543551,1.3514417922354265,1.4003583228654286,1.9913348660436665,2.3897409215908554,2.172163442635189,2.3721797812212735,-0.026493508941193386,-0.2553016945782196,0.7441423543574326,0.4691369264526849,0.46536449570571364,0.6966194952401235,0.4514102871836102,0.3477270420022505,0.7190446135538346,0
1.572620097807795,-0.12780541711001567,0.5693561964423357,0.5985369837740325,1,0,0,0,1,0,0.4256406586528323,-0.4565258978574894,-0.2593808969333673,-0.24916170579807387,-0.508314096958907,-0.15854290591620948,-0.019088058737842147,-0.1766639290500916,-0.4924478453845052,-1.0387421715007488,-1.251670575968148,-1.135464755527002,0.4025939311289237,-0.42905231922087506,0.2440078976751528,-1.0447938684505762,-1.1587872698154766,-1.5295258099734923,-1.1887255685786846,-0.3696749546284684,-0.40216161166638803,0.4869185421874099,-0.3767243765151742,0.25424003889517083,0.1339487951366693,0.3696749546284684,1.188725568578684,-0.5089050763265954,0.04072103005925432,-0.50962681956267,-0.9354867953196102,-1.2793616741013212,-0.11949971898598452,-0.22015379130249568,0.40038202722625016,-0.6663639641110671,-0.16527347000083534,0.8828473903799233,1.1090710107684099,0.7154960824159574,0.7869036709640054,1.109020828958526,1.0276167615398821,0.9044189231421907,1.2139110595827887,1
2.4978295426683537,0.0783367106616796,1.0038746524609323,-0.4281154315628296,0,1,0,1,0,0,1.1070632568759857,-0.5937533083498675,0.16279408984011548,-0.4140768570402411,-0.44242278075350006,-0.1366304638561745,-0.752939501339721,-1.36180768144315,2.418466875947375,-1.4277522973024004,-0.19266125144706503,1.0745570684978516,1.3030807737513246,-0.5602068079387524,-0.17544249536612017,1.1097045779186387,-0.28255551740267404,-0.28335858942482195,0.416552302523086,1.0524361778040754,0.4872286634156451,1.6933693398752807,-2.190979157233285,1.6486240284586038,-0.02617544864713692,-1.0524361778040754,-0.4165523025230867,-0.45320004908148526,-0.03432821836595151,0.43652455776570404,0.9767472778902511,0.8029685146244333,-0.8126095827270634,1.4110304042558486,1.2862727349307197,0.3258135853852078,0.3065783976019474,1.33810702436318,-0.44187577897824326,-1.436904964421056,-0.8377153198147269,0.5697267771729232,-1.1125787146405561,-0.8213259083916238,-0.45626319576493324,0
2.0095245578808356,-0.02473435322416849,-0.4445202009343899,1.0385308760612593,1,0,0,1,0,0,-0.21792512855792381,-0.29952843670095514,0.39307135535292426,-0.4493744859025997,0.444982979346884,0.11692779426708738,-0.6586593942346498,-1.4457299812114017,0.35924515147227004,-1.4844412655810701,-0.4837509896013557,1.2320813863482696,0.9099904072793836,-0.7345221714814677,-0.07276978099786853,-0.5681206165823883,-1.2850352381718728,-1.0683497033546503,0.4783555005605047,1.20598490020106,0.18195602209716605,1.911410601377868,-1.0620065871683106,0.7311654365676565,-0.4141355692753244,-1.20598490020106,-0.4783555005605054,-0.6760201580619267,-0.03432821836595151,0.11810822885711679,-0.19901826712392082,-0.6819718658603261,0.4790951633358572,0.758556726032511,0.5664865349208381,-0.790386157798101,0.05677446769459199,1.5657368413548085,-0.378013264106322,-0.840456481562607,-0.5330992590437151,-0.2233527107470814,-0.7010026615289333,-0.2089648391376897,-0.1469716669968365,0
2.1123256073097876,-0.6173929705677911,0.5693561964423357,-2.334755631474145,1,0,0,1,0,0,-0.33149556159511606,-0.20242259961524695,0.12441454558798068,-0.3984533163962463,0.41982282801722787,0.15225601718020498,0.43877998826769593,-0.3039267883741127,0.24363166244578677,0.8166747794631942,0.21619208117566968,-0.5109326485902561,-0.24583415638163345,-0.27002746047974685,-0.45843826906300594,-0.17501635962254647,0.25888450937959334,-0.20347467425731636,-0.46991781074089073,-0.23079243079930178,-0.8799425116502859,-0.042104338951520326,-0.5089272071796762,-0.8465694916495942,-0.47971371002455665,0.2307924307993025,0.46991781074089,-0.4253475354589299,-0.6347222057676005,-0.7643598826895395,-0.7287587874050313,-0.596630464683041,-0.7495995951142377,-0.38327221085833024,-0.2086678343205727,-0.4183195767369984,-0.8869292675109735,-0.17942508891434333,-0.42362934615769415,-0.6070635969658218,-0.8715615487892844,0.2524949820049213,0.12214944469431245,0.013711913318286572,-0.5799798072721716,0
-1.9483158451337743,-0.7977673323680251,1.0038746524609323,0.7452016145364414,1,0,0,1,0,0,0.04707254852885811,-0.3931454413165182,1.3653531430736725,-0.6206547833330611,0.5881009097520806,0.17729880810595924,-1.119083522564619,2.1931022149249437,-1.1591350858869613,-2.440066851479115,-3.914148870808924,-3.1892542350810427,3.10780845828298,0.21504492251295645,0.3809043992699833,-0.9153206437731161,0.4188170253476871,-0.4654930763387121,0.5910554499228551,-4.935963995678347,1.770983232417428,-2.6285199506224295,0.6647675198571076,3.7116646894292677,4.634121843100208,4.935963995678347,-0.5910554499228557,0.35452284597261524,0.5660657690356972,0.5820863081239148,-0.018131260198663828,0.15437386567706757,0.5106001571422693,1.0847935651441794,0.8433273810784847,0.2638024885416898,1.4723300705029398,-2.4557232588306284,-0.350643614875499,0.028283699992091807,1.5145975939169787,0.728342674756924,-2.676567716464722,-3.326439373521355,1.3994859768436472,1
-0.6633027272718879,1.7532414988067013,-0.4445202009343899,0.3052077222492148,1,0,0,1,0,0,0.7789708947685415,-0.5408393492193319,0.11162136417060241,-0.39671736743580244,-0.3544578334460412,-0.10935170945490646,-0.5902285795177953,-0.9898230969841512,0.761137987839607,-0.9224921613109847,-0.23563093752828868,1.1423765376083825,1.0701055033614784,-1.2683872135679246,0.05814143321272475,-0.24991594439655282,-1.1340013735702283,-0.7554735930258462,0.2567889334467663,1.303385209184222,-0.44663035127022327,1.4168080756438903,-1.2916425499670106,0.12177104538837953,-0.4312411635467958,-1.303385209184222,-0.25678893344676695,-1.0938078624002545,0.41596727218528484,1.1006500437750428,0.7829397704703327,0.2397152668543526,1.140700033270523,1.5741488238116832,1.5631135810883663,0.8839134569768611,-0.3318094232724056,1.5657368413548085,0.48869229486974886,-0.2958730841701091,-0.2284831982727022,1.0455744699249259,-0.7010026615289333,-0.15329565102369538,0.5334696962929761,1
1.5469198354505571,0.23294330649045036,-1.168717627632051,1.478524768348486,1,0,0,1,0,0,0.6780193987354818,-0.5158360498499579,-0.3233468040202586,-0.22890896792622875,-0.7023739003135752,-0.21980830514528685,-0.9476467127830661,-0.9449322313218812,1.1835501322798863,0.017502308815949566,0.835222865970496,0.4790427005322789,-0.7172810534398266,-0.8921276760598477,-0.31160911557374,-0.5241713749466318,-0.23642448135725166,-0.039331317357144416,-0.4215365193479638,1.071431896038753,0.42632236010436436,0.9847859708577413,-2.144694360917415,-0.25807895867900904,-1.1242300077868808,-1.071431896038753,0.42153651934796316,-0.5367575899491508,0.340918023760079,2.2105583902564043,1.519408298666023,1.3320852019236007,2.3378897979142055,0.6769975162545934,1.009431888773073,2.3101686843777554,0.6674062963570164,1.33810702436318,0.9357298989731951,-0.4514683405679659,-0.5161761445564365,1.7752075988113303,0.6983559190505837,1.5167799923961247,1.0901944480755505,1
2.0352248202380734,1.6759382008923163,-0.8790386569529866,0.5985369837740325,1,0,0,1,0,0,5.271312468239702,-0.7734281805623455,-0.15703544559434116,-0.33422320485982326,-1.4428893577510453,-0.33652559856710584,-0.27258874595572263,0.4216169778688837,0.1589163839841004,0.6025283546810657,0.35872633401294,0.4892552293592085,-0.25726404157526894,-0.5859815994579916,-0.6738269071725879,0.6531595201469652,-0.1326888477132277,0.10745168046137427,0.19997699316119485,0.4689510326955308,-0.20646462297060458,-1.2537075371931459,0.4391183066470661,-0.9455489253242874,-0.361456150987237,-0.4689510326955308,-0.19997699316119558,-0.28608496734615396,-0.25947596364157,1.5282376854522888,1.70029530559128,1.5539728449845414,0.6051151385615076,0.5138790966987595,0.4557501964577793,1.2559800380379649,-0.19302946221276363,-1.1658209625447336,0.041654690766301246,0.2616765845888761,-0.14386762583630988,-0.0012904541294803558,0.03983423407198747,0.29205785388825667,0.16231986177126023,0
-1.2287084991311177,2.0624546904642447,0.27967722576327125,-1.6014324776621007,1,0,0,1,0,0,-0.29363875058271866,-0.23498503600326887,-0.6687627022894718,0.6101330296216397,-0.7045645085163756,-0.6522436413096506,0.4403056480516435,-0.9406036269428827,-0.45891470032764053,-0.07245275026075254,-0.041163856296184305,0.2989302114419402,-0.051402119305800936,-0.3365959464148002,-0.44127664387225685,-0.28697215838576745,-0.15274236226874027,-0.19504460611429172,0.3758588387947461,0.03493293508481349,-0.9485784255123032,0.8489467421692879,0.33897242539310635,-0.053577720456749696,-0.13690806629375657,-0.03493293508481349,-0.37585883879474674,-0.14682239923337803,-0.18442671521636386,0.8459169806481733,0.5503707615664309,0.4616029099152932,0.7941451013999841,0.758556726032511,0.6218547041523672,0.6358690696027934,-0.8869292675109735,0.8069707847160468,0.041654690766301246,0.20981149912292413,0.17767154942198057,-0.3819686083310823,0.4514102871836102,0.514734606344233,0.2860364732784985,1
0.7759119647334253,1.572867137006469,0.5693561964423357,0.5985369837740325,1,0,0,1,0,0,-0.07911682151246661,-0.3489535633613456,0.41865771818768077,-0.4516890845165249,0.32496486319829637,0.08070518596376425,0.6256454734003143,0.11141641730956389,0.2356188562449679,0.8314660447524993,1.194769687681576,-0.3635497651523484,-1.3658188282978432,0.20078682229870057,0.3170023956932218,-1.007499295167584,0.12070958004186533,0.02744171357236213,-0.9971070548845234,0.4930801176436278,-0.6693514336207145,0.16464351170162972,-1.3345384985470772,-1.0035634314693946,-1.526467616777053,-0.4930801176436278,0.9971070548845228,-0.007559831120602114,0.04072103005925432,-0.6824813981130464,-1.051771299771562,-0.9550643496276378,0.29006520049738066,-0.9541866793037505,-0.6516131881728072,-0.4803306735805153,-0.6093693453916895,0.19995793940503753,0.14201007127932075,-0.5811310542328463,-0.9054077777638412,0.47455723862252236,0.7806711296729086,1.1827648637121608,-0.2706882785040748,0
1.3670179989498932,-0.02473435322416849,-0.4445202009343899,1.0385308760612593,1,0,0,1,0,0,-0.5207796166571032,0.10459465775753113,0.39307135535292426,-0.4493744859025997,0.8879669543160866,0.4277267173635018,-0.6576568537536899,-1.715117030552691,1.4722194066774834,-1.2735200276922256,-0.0964234980323896,-0.24688560158415204,0.3116078660801782,-0.7944646147000456,-0.8423715114384277,0.8681669418908365,-1.1086687296136895,-0.5793922728724467,-0.5796783524084306,0.23819541748766626,0.12066818217011127,1.5101826618262664,-1.1401491976705997,0.6211064625456101,-0.4403085150284436,-0.23819541748766626,0.5796783524084299,-0.9545452942874786,-1.0850176963188372,-1.3557044935197728,-0.7804407893836761,-1.1257471519822078,-1.348194477436079,-0.38327221085833024,-0.1532996650890431,-1.4104971262332722,0.029018475482663446,1.2622304186993043,-0.2776578835933038,-0.8015576674631424,-0.5330992590437151,-0.033013633646279864,-0.04248097655033679,0.06938110143228039,-0.332546584257695,0
1.0843151130202777,-0.6689285025107157,-0.8790386569529866,-0.4281154315628296,1,0,0,1,0,0,-0.5586364276695006,0.17146394676864757,0.7768667978742723,-0.5355932842713117,1.1479180738761603,0.545785588870629,0.7088233153532779,0.6094795434887521,0.01175324049831472,0.3292929374308891,-0.14417894995695132,-0.04316061417819672,0.2430531130931739,-0.2575656530113874,0.6156481629348035,0.06012502724332564,-0.730825904499216,-0.7010922435825967,0.1590389773671773,-0.21659885141806723,-1.242992640356846,-0.21978698605170555,0.04435278044693684,-1.1695279709577617,-0.4970404230783541,0.21659885141806723,-0.15903897736717798,0.0759977097470634,1.1664597564373458,1.4918472478627354,1.2997597902567817,0.8883099158017184,0.8256500952063961,1.4110304042558486,1.4523772426253072,0.8219023601333442,-1.1182292026103766,-0.05296407947454983,0.5160619441005718,0.46049274554169334,-0.06489309156234463,0.728342674756924,0.8904247438360077,0.848749735028197,0.3685142142833251,1
-0.12359721776989524,1.547099371035007,1.0038746524609323,-1.161438585374874,1,0,0,1,0,0,1.6622964850578146,-0.6571337648908387,0.6745213465352461,-0.5107113491716163,-0.3409489094174851,-0.11069328754021474,2.1601838436075345,-0.08030031836889047,-0.2100778487474174,0.5987902018712682,0.4638279507675341,0.9998805547042098,0.011114516120462777,1.9887582685059348,-0.21631593593656717,-0.8885986938876089,0.6228833789763084,0.5927054393022999,0.6912331826893887,0.678161166961424,-1.0166443901742608,-0.10648584894012497,-0.6057725343383842,-0.19128643586744734,-0.024337551693656298,-0.678161166961424,-0.6912331826893894,2.387756340419144,0.11577027848446049,1.0733572155828786,0.3824042551358344,0.6322857122698633,1.833809897011603,0.5954383064766764,0.2896456887631914,1.0079356506638961,-0.6648813298155464,0.6552175733882943,2.404567741027379,1.62313507807012,1.4299820214805863,2.5682870867313348,0.5337254978059351,1.0157572993701793,2.574793786162414,1
-0.1749977424843705,1.6759382008923163,-0.8790386569529866,0.5985369837740325,1,0,0,1,0,0,-0.6848257977108253,0.7994537913947846,-0.15703544559434116,-0.33422320485982326,0.990878635814077,0.8731306416858454,0.23400637733180416,1.549198483831599,-0.3207116036671068,1.0200708953300042,0.19651770744863958,0.9478547453443906,0.02587672525064928,-0.048858445050307175,0.9313410429598357,-0.0822779147525235,0.23779322858048682,-0.4694834673514244,0.8063022000563537,0.4930801176436292,-0.3742103466394642,-1.1933265258533785,0.35574213664082116,-1.1422582751644632,-0.7138418726538923,-0.4930801176436292,-0.8063022000563543,-0.09111737198826762,0.7912135143113154,-0.1548200530645294,-0.173177266134598,-0.06751377738387422,-0.655084613695,0.5954383064766764,0.2342775195316623,-0.4183195767369984,-0.49834537654397587,-1.2416975682086098,-0.6973258384659271,-0.4255357978349895,-0.8207922053274488,-0.635754044465484,-0.20711139779498602,0.013711913318286572,-0.76555472453303,1
0.9815140635913272,-0.02473435322416849,-0.15484123025532542,1.0385308760612593,1,0,0,1,0,0,-0.596493238681898,0.3168319663580311,0.39307135535292426,-0.4493744859025997,1.068622461004794,0.5909520510760072,-0.12637199749616146,-1.3762712759974742,1.5766553499485965,-0.9063240984362987,-0.07712914372679824,-1.116499131417299,-0.0847720625511338,-0.15627019390858787,-0.5862523477776861,0.7434817311291396,-0.49488220203235517,-0.39612728206920167,-1.7416546130692934,0.2045801889163758,0.019580002275985817,1.301680785434795,-1.4082132429666407,0.7336686656406699,-0.28646952670210873,-0.2045801889163758,1.7416546130692918,-0.3696425082138195,-0.7848207026180125,-0.9372144612399159,-0.4574282770171454,-0.6136987449184976,-1.2536794960168407,-1.0357458890816678,-0.3747723420151606,-0.790386157798101,-0.08200549336504998,1.0346006017076752,-0.3597668312857729,-0.996051737960463,-0.685407289429221,0.2207718024881207,-0.12479618717266176,-0.04195727479570725,-0.332546584257695,1
1.0843151130202777,-0.6173929705677911,-0.8790386569529866,-2.334755631474145,1,0,0,1,0,0,-0.5586364276695006,0.17146394676864757,0.12441454558798068,-0.3984533163962463,0.8133652694943978,0.4398009201312762,0.6975997833276931,0.33967136423256467,0.29204331979612586,0.346473307023623,-0.21628855986033366,0.21644712677119993,0.62351394345506,-0.059502203917849016,0.35392530041737325,0.03822410205046349,-0.33191867101598893,-0.30173740515457786,0.34468811875864686,-0.04664941409013511,-1.0294833812403787,-0.1116550108619987,-0.3608214654280632,-0.7971879576242737,-0.013402126953543416,0.04664941409013511,-0.3446881187586476,0.24311279148239442,0.7912135143113154,1.2644070129280303,1.093031782342202,0.8883099158017184,0.7941451013999841,1.0032343553662626,0.8986955503100138,0.6358690696027934,-1.0812212129944723,-0.4070549059059717,-0.9527758979536108,-0.9701191952274875,-1.176177609560296,0.09387908442092041,-0.6186874509066087,-0.7099875321636356,-0.9511296417938885,0
-0.12359721776989524,-0.17934094905293926,1.0038746524609323,-0.8681093238500562,1,0,0,1,0,0,1.6622964850578146,-0.6571337648908387,-0.7071422465416066,0.7981941670030586,-1.856688079225452,-1.1222431638626456,1.5011465938217465,-1.1706026244548229,-0.4318836866173279,0.39254112702886435,1.0658437692759337,0.5068234528161861,-0.4627518037078322,2.071204545709036,-0.4262426093250244,-0.7016382429916077,0.7023509308466415,0.9575292207248381,1.0460293195708634,-0.34619240229020387,-0.017857702855196004,1.179688350081405,-0.11467930067733073,0.1661414222810025,-0.45080818468842127,0.34619240229020387,-1.046029319570864,2.4713138812868096,-0.10937746679115769,1.0642596061854894,0.48576825909312477,0.76883195415352,1.9598298722372534,0.5954383064766764,0.12354118106860354,1.069946747507413,-0.1375174777889068,0.8828473903799233,-0.4509989953885172,-0.4385020692014777,-0.3469449996836519,-0.7626467625326843,0.12214944469431245,-0.04195727479570725,-0.5799798072721716,0
-1.2287084991311177,0.9802085196628456,0.27967722576327125,-0.13478617003801185,1,0,0,1,0,0,-0.29363875058271866,-0.23498503600326887,-0.6175899766199587,0.317914954613589,-0.5489551756386524,-0.4264113302827595,-0.30650231635618136,-0.04345119149123904,-0.4045597086856502,-0.04634893510173659,-0.12748950474201814,1.4832079939664788,0.6029485014255425,-0.5482116043432611,-0.6159792533557633,-0.03792474546685776,-0.47149094717026585,-0.3968550462484354,-0.12752713319093578,2.149398660691012,-0.1215676436925672,-0.5574363698294671,0.5149359628580701,-0.4049079311411424,-0.22170911100826843,-2.1493986606910114,0.1275271331909351,-0.5089050763265954,-0.5596729573423944,0.06352257247278678,0.03355074177998182,-0.15285517856115927,0.038025250046078915,0.35076067714292497,0.4557501964577793,-0.10826409251941274,-0.3595654154843339,-0.7864379342253526,-1.0166384128255321,-0.6329961396987983,-0.7361766328910565,-1.0481553781838862,-1.3595243465075295,-0.5986491559356475,-0.7036964187794109,0
0.9815140635913272,-0.6173929705677911,-0.15484123025532542,-2.334755631474145,1,0,0,1,0,0,-0.596493238681898,0.3168319663580311,0.12441454558798068,-0.3984533163962463,0.9098709877580415,0.5515990939069648,0.6736117770235319,-0.0768671290296716,0.32023153561446427,0.6403218782481515,0.539802525072664,-0.7327684015951755,-0.28304420969656013,-0.17150949435268278,-0.6031230736534675,0.4094664082530279,-0.14023469495229113,0.1375882286810188,-1.8937101003042098,0.87874991804355,-1.1080438394024634,-0.4986929082651577,-0.026292985500499143,-1.0040878703818048,-0.5674415940127312,-0.87874991804355,1.893710100304209,-0.3696425082138195,-0.7848207026180125,-0.8826288048555859,-0.5607922809744348,-0.5795621844475838,-0.7495995951142377,-1.3619827281933365,-0.762349526635866,-0.4803306735805153,-1.1089772052064004,-0.6346847228976005,-0.6243401071837319,-0.5422322401333817,-0.8715615487892844,-0.2550758902638815,-0.7833178721512579,-0.48731077970765985,-0.6418381130257917,1
-0.07219669305541997,1.4955638390920825,-0.8790386569529866,-0.8681093238500562,1,0,0,1,0,0,0.1480240445619179,-0.40593782704038395,0.9303849748828115,-0.5656830662523388,0.37374844845219585,0.12497726277893696,-0.5626895977388219,-0.762833394467346,2.4303681907719503,-1.6970694711790129,-0.6554288722251661,-0.17080932094449866,0.4479474996580017,-0.8892060714628621,-0.8351196161979348,2.1163488106317874,-0.9016230818919807,0.03896315167197339,0.03622492998512883,-0.26889098598050765,-0.10605064637076858,0.210408275268483,-1.1956682798178868,1.3985973556591331,0.8901295681996942,0.26889098598050765,-0.036224929985129536,-0.8431352397972577,-0.7848207026180125,-0.027453521501095285,1.06719078135288,0.59814915179895,-1.1276595207911904,-0.22015379130249568,-0.26403600355210183,-0.17027518936292965,-0.05424950115312168,0.27583454506891375,0.23324223538206504,-0.4385020692014777,0.10997909147286698,1.2041903675089267,-0.5363722402842841,-0.7099875321636356,0.16231986177126023,1
2.549230067382828,1.0317440516057692,-0.15484123025532542,0.5985369837740325,1,0,0,1,0,0,-0.1800683175455264,-0.322205847756899,-0.3617263482723934,-0.18493159426165082,-0.2006745132716574,-0.10487978250387892,0.0912164726050759,2.3810742578134216,-1.3338959509824924,-0.6703477029117638,-1.6661911204702498,-0.7213511491782453,1.1397216648595865,-0.4650544677635992,2.299418095455594,-1.87785054810952,-0.7030257599298753,-2.0260220822992667,-1.0866463603650327,0.09388569754642515,-0.5915156702322403,-0.9645925737808109,-0.06357825086164585,0.20848819018377565,0.18811382976512672,-0.09388569754642515,1.086646360365032,-0.5089050763265954,1.9169522406894068,-0.3458698504096825,-1.2197378062021575,-1.381771355514063,-0.05648973137315825,0.4323198869208419,1.1755363964676604,-0.35630847989348147,-0.5261013687559044,-0.8623145398892288,0.19674936974096682,0.13201387092399572,0.2115177783965368,0.2207718024881207,-0.12479618717266176,-0.09762646290970158,-0.023255055489598248,1
-0.07219669305541997,1.2121184134060021,0.27967722576327125,1.478524768348486,0,1,0,1,0,0,0.059691485532990585,-0.3937269133948757,0.32910544826603294,-0.43722284317949267,0.16638194126662614,0.03509153106328328,-1.3490210392340416,0.8608433798016548,0.11868395544509573,-2.0549082478071656,-2.457240115445881,-1.3563458170430032,1.6095512287378329,-1.5188425083152615,1.045099040700702,0.42712111456924934,-2.8319551671834935,-2.982807926240558,-1.4375436385994584,-0.4241556457943308,0.3582370555348951,-0.13457727807293096,0.26697058570934734,-0.03206979549448465,0.2824011122665228,0.4241556457943308,1.4375436385994576,-1.4558905394934718,0.7536888900987124,-0.46413877257572894,-0.18609776662925942,-1.2708275339835926,-1.348194477436079,0.5954383064766764,1.6738499195514247,-0.6353584156893081,0.41760236644966076,-0.02767187758659086,0.32447439948480933,0.4172718409867329,0.38074892326932136,0.28421816152172197,0.36909507656128593,0.18071947766026855,0.2860364732784985,0
-1.5114113850607322,0.5936920300909173,1.7280720791585935,-0.4281154315628296,1,0,0,1,0,0,0.7158762097478791,-0.5286284355738237,0.29072590401389814,-0.43201499629816104,-0.21692909609771563,-0.07268190845648059,0.18527107570931786,0.7704650332475578,0.264804720398623,-0.512047006906564,-1.0462856304886357,-0.7592166547204832,0.18666732227884894,-0.5777408732511413,0.26666398068804187,-0.03792474546686003,-1.7883250308866803,-2.6176274391693375,-1.4375436385994584,0.3902573124670771,-0.8348958140113241,-0.790349315676568,-0.40010763554124673,-1.081530016447473,-1.1953811520246374,-0.3902573124670771,1.4375436385994576,-0.7595776989295921,-0.18442671521636386,-1.1919475243667854,-1.0259302987822392,-1.5695224381040902,-1.8207693845322692,-0.6279498401920818,0.012804842605544792,-2.0306080946684437,-0.7203933142394032,-0.6346847228976005,0.4613226456389258,0.1709126850234604,-0.2792525417345383,0.28421816152172197,0.6983559190505837,1.0157572993701793,-0.1469716669968365,1
2.2922274438104506,-0.3339475448817109,-0.4445202009343899,0.3052077222492148,0,1,0,1,0,0,4.85488754710333,-0.7670319877004127,-0.4001058925245282,-0.14211151990403548,-1.6753906639949503,-0.4800744536950901,0.19857722797393024,0.97574757850515,0.45359030901077024,-0.049062806819204316,-0.48404958223072425,-1.3438555118835664,0.0042769766960734455,-0.1747175266162517,0.8748009457708551,0.5178791097959334,-0.40338489218733065,-0.6988720423709573,-1.6200102232813596,-0.2261522221554376,-0.4507021633645886,-0.46288778987411916,-0.09965458650906328,-0.3337088672467357,-0.05302436127423752,0.2261522221554376,1.6200102232813582,-0.2582324537235989,0.641115017460903,-0.38226028799923456,-0.06981326217730856,-0.22112829950298704,-1.0646495331783645,-0.709509049969999,0.012804842605544792,-0.17027518936292965,-0.24854144663662048,-0.17942508891434333,0.9448531153834703,0.7414286251489338,0.549980068142106,0.9821281108913258,0.5337254978059351,0.45906541823023866,0.7190446135538346,0
-0.5348014154856993,-1.5708003115118816,-2.0377545396692445,1.7718540298733036,1,0,0,1,0,0,0.36254597363216995,-0.44547792836869626,-0.11865590134220637,-0.3429029496620426,-0.3361162289790591,-0.0776010281026109,-1.2919042087008594,0.007248031927165266,0.6051701731845777,-1.789286354542094,-1.044261692616158,-0.4711308876218328,1.100922902579684,-1.272154971117091,-0.03229582439131148,0.6486730456806817,-1.929131769961974,-1.2712578385275404,-0.5448307780589747,-0.1022098070627286,0.5253019928385121,-0.04230139918860018,-0.17543404694508596,0.5043163894451416,0.1164554950640666,0.1022098070627286,0.544830778058974,-1.2609229441355856,-0.25947596364157,-0.7006766169078218,-0.28946177058654887,-1.0062691903340089,-0.7811045889206503,0.8401159358104279,1.2862727349307197,-0.23228628620644656,0.6396503041450882,0.12408133374116129,0.5160619441005718,0.3394742127878045,0.5330569536548284,0.2524949820049213,0.36909507656128593,0.3477270420022505,0.7190446135538346,1
1.3156174742354179,-1.8542457371979617,0.5693561964423357,1.478524768348486,1,0,0,1,0,0,0.16064298156605036,-0.40593782704038395,2.5423258334724728,-0.6981938368995538,0.787880390463944,0.22738438995746776,1.544293248655249,0.07243164330842781,0.6484248362058996,2.4293452147839067,5.1069162366828476,1.8759109649977064,-4.068420003157915,1.2230231465693613,0.3640342250973692,0.25208660349313833,0.34344654731454854,0.28734666445885526,-0.10705812529392912,2.664697762972419,-0.925347036910998,0.2652667917108196,-0.6330957480828214,-2.9413329396553034,-6.358703133484008,-2.664697762972419,0.10705812529392841,0.4102278732177254,-0.3345252120667762,-1.8014873539917955,-1.4264658141167375,-1.2452251136304073,-1.442709458855317,-1.1173050988595852,-1.2052948804881005,-1.8445748041378918,-1.3032691506898992,-0.9381911455531051,-3.2700728661633165,-2.953958714300157,-3.3931056073937746,-4.347366047931105,-0.20711139779498602,1.6837875567381073,-2.9305954259097073,0
2.138025869667024,0.7482986259196881,-0.4445202009343899,-1.161438585374874,1,0,0,1,0,0,-0.356733435603381,-0.17741930024587296,-0.2210013526812325,-0.2983469263439834,0.16935553032057127,0.0941209668168469,-0.2393881743134593,-1.2510846753201437,0.9962217991261761,0.7374396914573942,0.46699414148995927,0.6156504489181256,-0.09274079874191006,-1.4284184874847672,0.09130439776543257,0.22578568754419046,-0.6400148164177252,-1.1200984122328033,-0.36119580761071546,1.197903388495955,-1.0943838384159796,1.80861972095522,-1.134975731740095,-1.6308611837681593,-1.7006733455047813,-1.197903388495955,0.36119580761071474,-1.2887754577581405,0.340918023760079,0.7731361054690666,0.7829397704703327,0.4616029099152932,-0.34003467563087314,0.758556726032511,1.0648000580046022,0.3258135853852078,-0.9146852597229018,2.2486262923296945,1.0178388466656656,0.19684522775643593,-0.48232991558187904,1.2359135470257274,0.5337254978059351,1.4054416161681371,0.6571863078002155,0
-0.07219669305541997,1.6759382008923163,-0.8790386569529866,-1.161438585374874,1,0,0,1,0,0,0.1480240445619179,-0.40593782704038395,-0.4512786181940413,-0.049527575347029285,-0.5978071000732473,-0.27391862125272015,-0.406971282103071,-1.1563344148646568,1.799407772674372,-0.9772089133195484,0.5664917120351384,-0.11475045041430167,-0.6052597378342123,-0.8989957838105915,-0.9672179002100567,2.230974609409473,-0.825578671265446,0.2584281710019799,-0.11972941589683889,-0.037759751214519306,-0.3323625200955648,0.6181676139465825,-0.2179363776776876,0.5015165193782407,-0.4841621601025536,0.037759751214519306,0.11972941589683818,-0.8709877534198129,-0.9349191994684248,-0.16391766246191838,0.9896677783849125,0.5640125913280355,-1.1591645145976028,-0.38327221085833024,-0.3747723420151606,-0.10826409251941274,-0.47058938433204756,0.27583454506891375,-0.7338187041070253,-0.723760039264214,-0.4992530300691578,-1.1116017372174867,0.28677986593896093,0.29205785388825667,-0.332546584257695,0
-0.2263982671988458,0.5679242641194551,-0.15484123025532542,0.3052077222492148,1,0,0,0,1,0,-0.2684008765744537,-0.23847386847341406,-0.06748317567269331,-0.3643129868408503,0.1996593518966655,0.09814570107277168,-0.02888914131114418,0.4475364858358909,-0.22002192582088384,0.06337646036424562,-0.06719603747323406,-0.2456312844263806,-0.15925851053303655,-0.15089950965472407,0.8708046171431684,-0.85640545913041,-0.002650717696769511,-0.429700083320207,-0.18963998474047816,-0.14692914774798616,-0.11060595781949364,0.25809507735559517,-0.5598275516231409,-0.08824591553722252,-0.3321603573212651,0.14692914774798616,0.18963998474047747,-0.03541234474315745,1.0163612595869336,0.49111021415003275,-0.05689276168264715,-0.05044549714841698,0.7311351137871589,0.758556726032511,0.954063719541543,0.5738579727592754,-0.1375174777889068,0.19995793940503753,-0.10431677179808911,-0.37367071236903754,-0.38079122865820925,0.15732544345452057,0.6983559190505837,0.6817421706862145,-0.2706882785040748,0
2.549230067382828,1.2121184134060021,-0.15484123025532542,1.478524768348486,1,0,0,1,0,0,-0.1800683175455264,-0.322205847756899,0.32910544826603294,-0.43722284317949267,0.3713932503854396,0.0900962325609221,-0.4323015377048061,1.8457136335547453,-1.5177551734535468,-0.18862143838857745,-1.3728428377875521,-0.6434996151620352,0.7537399553736202,-0.4265114793463507,2.289122269725655,-1.7264257750172212,-0.4632730320833459,-1.6173779981047918,-0.7652983266135058,-0.11864316273067908,0.17496056683336295,-0.2401074479789579,0.33993075918501253,-0.20455821393038953,0.20570810736108486,0.11864316273067908,0.7652983266135052,-0.5924626171942612,1.5417059985633763,-0.9463120706373036,-1.5815118200526717,-1.6377955590459181,-0.40304466324369825,-0.05703537174666111,0.34501385799472056,-1.0384305451721696,0.19555442875423396,-0.17942508891434333,0.16025650409986858,0.31354167005482897,0.2115177783965368,0.15732544345452057,0.12214944469431245,0.06938110143228039,0.16231986177126023,1
1.0586148506630406,-1.5192647795689571,1.0038746524609323,1.7718540298733036,1,0,0,1,0,0,-0.48292280564470574,-0.011699757913975716,0.712900890787381,-0.5234416415482046,0.962936949214856,0.3955288433161035,0.6109280922376424,-0.8241196461459075,-0.2316281534961098,1.2391386388290662,1.7663086042811371,0.8847593027371189,-0.2591231883147855,1.0344022450257073,-1.169239589563979,0.45157648581850085,0.7808238768144625,0.5809931991339079,0.18286856865026183,1.0253393444399002,0.1840521513446709,-0.04018847553546725,0.7704342637955792,-0.8997447683143763,-1.7290609144299336,-1.0253393444399008,-0.18286856865026252,0.49378541408539117,-1.3101654415944555,-1.2283379619563388,-0.8450432918569822,-0.5283573437412127,-1.2536794960168407,-0.05703537174666111,-0.1532996650890431,-1.0384305451721696,-0.37806941029228636,-0.6852691266735177,-1.9928225687248964,-1.3980061503215924,-1.5879733954174053,-2.6554631403684286,-1.0302635040182315,-0.7285439282016336,-2.5182067208855785,0
0.5189093411610479,-1.8542457371979617,-0.4445202009343899,1.478524768348486,1,0,0,1,0,0,-0.6722068607066928,0.6395489698464626,2.5423258334724728,-0.6981938368995538,1.9757405303829558,1.0314368557522207,0.05704250593700924,-2.68386021555835,1.9643067362004674,0.020300941707139305,1.918432402850765,0.7093782155477893,-2.5573207099872572,-1.1014968533540637,-1.3592577662347574,1.2980199478195136,-0.9542013884152863,-0.23700068669607902,0.4783555005605047,0.4930801176436292,-1.1799216704038145,2.3220077821294938,-1.3808882460591791,-0.9735950253684464,-2.72544112290199,-0.4930801176436292,-0.4783555005605054,-1.17736540326792,-1.4602639384448675,-1.2465331807511142,-0.4961897785011287,-0.8185181077439823,-1.411204465048904,-0.30171300108041293,-0.5408768497097485,-1.4104971262332722,-1.3032691506898992,0.9587239960437993,-1.9472064866735241,-2.1759824323108745,-2.2931031657206744,-1.9681275841710915,1.439192814651505,1.9621334973080773,-1.6934293108373202,0
0.5703098658755232,0.7482986259196881,0.27967722576327125,-1.161438585374874,0,1,0,1,0,0,-0.44506599463230834,-0.0233291994811264,-0.2210013526812325,-0.2983469263439834,0.303380071837016,0.21262703101907687,0.2821174909939784,-1.2054069220566634,0.9222472574476961,0.4983242101785604,0.5813267696611347,1.3192243557997698,0.5498002818863689,-0.6789840809353009,0.19788658582748564,-0.10160322422698999,-0.8036565979128089,-0.7700941038821981,0.4046670721312756,1.3979208031972914,-1.0707241321734708,1.8526972673616204,-1.3628443381675452,-1.4700959843319648,-1.5076002773847093,-1.3979208031972914,-0.40466707213127634,-0.4253475354589299,0.641115017460903,1.318992669312359,1.0542702808582185,0.6322857122698633,0.8571550890128092,1.9819448727012692,1.8953225964775422,0.7598912632898273,-0.9146852597229018,2.1727496866658176,0.7988816528190786,-0.10137901367278856,-0.6684841749419423,1.3628062650929278,0.12214944469431245,1.0157572993701793,0.5953280020465953,0
-0.3291993166277972,-1.8542457371979617,0.27967722576327125,1.478524768348486,1,0,0,1,0,0,-0.38197130961164594,-0.14543833593620858,2.5423258334724728,-0.6981938368995538,1.305239441938554,0.4277267173635018,0.3215238985150929,-1.5187393051083693,0.33143780981347365,0.18273822909824963,1.6139145100774352,0.025471004179924237,-2.315846522239529,-0.3955977192399195,-0.5522369637264313,-0.021261218314676616,-0.5250894971070397,-0.2979641370529464,-0.09720267704722074,0.13114384342216406,-0.8423633875235226,1.531298491481617,-0.4744520632295447,-0.7675373151266686,-2.389071891939709,-0.13114384342216406,0.09720267704722003,-0.11896988561082296,-0.18442671521636386,1.2916998411201945,1.0801112818475405,0.785900234388976,1.0461850518512859,0.5138790966987595,0.6218547041523672,0.9459245538203791,-1.0257092285706153,0.5793409677244183,-1.6278939123139191,-1.5708897685414331,-1.7007941586659285,-2.23248741347776,1.439192814651505,1.6837875567381073,-1.6934293108373202,1
0.7502117023761872,1.6759382008923163,-1.168717627632051,-1.161438585374874,1,0,0,1,0,0,-0.20530619155379135,-0.3024357970927428,-0.4512786181940413,-0.049527575347029285,-0.3050805816939578,-0.19431832152442985,-0.48597338068871376,1.2062542261394475,-1.076044864830554,-1.2497489307606293,-0.6508775280837664,-0.9883646615778164,0.02506518319906736,-1.041810943335529,1.7971187626539062,-1.4286763530667541,-1.3363313795499039,-1.2715912849333495,-1.358700052625797,-4.693472038239746e-4,-0.36520740354553993,0.14469234411360177,0.035307424129881776,0.36324685760380215,-0.3952887307122625,4.693472038232714e-4,1.3587000526257962,-0.9266927806649233,1.9169522406894068,0.46381738595786837,-0.39282577454383927,-0.8697229484503528,1.3297299961089997,-0.13859458152457876,0.6218547041523672,0.3258135853852078,-0.44283339212011924,-0.02767187758659086,-0.4601222117987924,-0.37367071236903754,-0.21156008378542468,-0.9847090191502859,0.36909507656128593,0.4033962301162448,-0.023255055489598248,1
-0.3291993166277972,0.7482986259196881,0.27967722576327125,-1.161438585374874,1,0,0,1,0,0,-0.38197130961164594,-0.14543833593620858,-0.2210013526812325,-0.2983469263439834,0.20494674704970858,0.11871656504749839,0.3652428813581511,-1.7646373451355457,1.0336664289388204,0.3529035629101772,0.5960102732719927,0.4213481211181265,-0.3899571715508851,-0.5436477152899452,-0.9219107734835362,0.0977314883708266,-0.550875845221421,-0.23453234861426284,-0.7471295343976714,1.3156625590560507,-1.0510855090381308,1.498470161047876,-1.314845915765845,-1.0229890043368144,-1.0038177358359512,-1.31566255905605,0.7471295343976706,-0.2582324537235989,-0.5596729573423944,1.4190663726836301,1.2609982887727984,0.9395147565080901,1.109195039464111,-0.13859458152457876,0.2342775195316623,1.2559800380379649,-0.9146852597229018,1.717490052682561,0.6255405410238652,-0.2051091846046925,-0.5838686025055501,1.3945294446097283,-0.28942660841731066,0.4033962301162448,0.40975308478573785,1
2.266527181453213,0.5163887321765315,-1.168717627632051,0.5985369837740325,1,0,0,1,0,0,0.6275436507189519,-0.5117657453014551,2.1329440281163685,-0.6802556976416338,0.4506334617443513,0.13213234590058104,0.26715431343194346,-0.20360741640010668,0.6200290242431036,0.2639792071635142,0.19560334624539205,-0.10796370796037495,0.08025976054385008,-0.34809164606512044,0.0016193858595574184,0.3048000751770993,-0.38023481356303085,-0.912107013616024,-0.6949470730335814,0.5419904249708541,-0.7192936473936825,0.28107983401865216,-0.541305766489796,-0.733653210667591,-1.1447889015524262,-0.5419904249708541,0.6949470730335807,-0.2582324537235989,0.11577027848446049,0.36374368258659734,0.47284775859846334,0.2909201075607231,-0.655084613695,0.4323198869208419,0.8986955503100138,0.20179139169817292,-0.8036612908751883,-0.02767187758659086,-0.7885580025686714,-0.9182541097615345,-1.1084851516111824,-0.667477223982284,-0.04248097655033679,0.23638866577426285,-0.76555472453303,0
1.0072143259485644,1.2378861793774645,2.452269505856255,-0.4281154315628296,1,0,0,1,0,0,-0.23054406556205628,-0.2966210763091675,-0.4128990739419065,-0.1247520302995968,-0.21921875808423083,-0.13171134421004418,2.3537463967401635,1.2163803962802504,1.2691786045176936,0.7868706594921105,0.9438096938570918,1.2683743393006108,-0.3710299773238956,2.655889609427342,1.6785539623697392,-0.2765998714933841,0.9765352967408534,0.8856673272217768,0.9153149533513734,0.8221130942085976,-0.6192080568603077,0.012018243665319629,-2.0129658657715574,-0.09469581229638074,-0.362317062130423,-0.8221130942085976,-0.915314953351374,2.137083717816147,1.2415090048625523,-0.5824076947417753,-0.625394783447741,-0.23819657973844427,-0.05648973137315825,-0.30171300108041293,-0.7069813574043363,-0.4803306735805153,-0.5261013687559044,0.12408133374116129,0.3518440487156324,-0.7885913960966542,-0.7700228618656133,1.8386539578449304,-0.04248097655033679,0.4033962301162448,0.8427612250610729,1
0.3904080293748593,1.1863506474345409,-1.8929150543297122,-0.4281154315628296,1,0,0,1,0,0,0.24897554059497767,-0.42687082186125513,-0.3361399854376369,-0.22080787277749073,-0.49893538878679666,-0.15764852052600398,-1.2041219034565067,-1.0785042822366733,0.6390418938719232,-1.3766815372928245,-1.1224222930101067,0.11269988802504619,1.0167595471557043,-0.8903789355053179,-0.48898777735183846,-0.0799732375851219,-0.8988350823833234,-1.009015919193896,-0.5702641928891875,0.7192902890320441,0.7847046769914706,0.9904237531465752,-0.953957068136505,0.9685384592728646,0.47409629654832475,-0.7192902890320441,0.5702641928891868,-0.8152827261747027,-0.40957446049198204,0.1817914946388332,0.11107374474794844,-0.2552648599739003,-0.11949971898598452,0.2692014673650073,0.6218547041523672,0.20179139169817292,0.8061862574166584,1.0346006017076752,0.2514886682026129,-0.2958730841701091,0.09305597698558829,0.8552353928241243,-0.9479482933959068,-0.7656567202776299,0.16231986177126023,0
-1.5371116474179702,1.0059762856343069,-0.4445202009343899,-0.8681093238500562,1,0,0,1,0,0,1.1953958159049132,-0.6007309732901579,0.8280395235437853,-0.5500595256083439,-0.14203542761302052,-0.03690649284826022,0.3064500857846196,0.12652770234768568,0.30958313036976276,1.1878999864936464,0.5735814338376193,-0.47288975509412645,-0.719156195472542,-1.0214638697606993,0.31779053969942933,0.16259671788547025,-0.34312179686114674,-1.084704902462873,-2.7148097313727666,2.047550013338383,-1.4467609672289674,0.14469234411360177,-0.2598164896045218,-1.9450099450796792,-1.8046871722695939,-2.047550013338382,2.7148097313727675,-1.038102835155144,0.06573744620098994,-0.6157655958655328,-0.44450777652248397,-0.5454256239766699,-1.2956861544253913,-1.3076099216747252,-0.17175572149955282,0.03642846678212782,-1.3865371273256843,-0.02767187758659086,-0.4601222117987924,-0.5162996974004062,-1.1931007240475748,-0.44541496736468245,-0.6186874509066087,0.45906541823023866,-0.5181215015185524,0
0.18480593051695732,0.4648532002336079,-0.4445202009343899,-0.4281154315628296,0,1,0,0,1,0,0.19849979257844777,-0.4239634614694675,-0.1826218084290977,-0.32091426282975366,-0.298590121038608,-0.07804822079771365,-0.1857285283232807,0.37878043882239043,0.16386662079655814,1.0875562511161947,1.1008166553916934,0.5525501981207963,-1.0162414682519418,-0.7054630737142349,1.2475354427762835,-0.12184971490969852,-0.1746159356854479,-0.06122700134545382,0.2430696413654208,0.5125390571179019,-0.44663035127022327,0.7298655806175348,-0.34645837253572503,-1.6423645047472049,-1.4908918155120343,-0.5125390571179019,-0.24306964136542153,-0.5367575899491508,1.5417059985633763,0.8095265430586199,0.6149732640397371,0.512807750621665,0.7626401075935709,0.4323198869208419,0.34501385799472056,0.8839134569768611,-0.3318094232724056,0.8828473903799233,0.48869229486974886,0.22277777048941236,-0.4654068010946016,0.37938770007212164,0.8629863402952329,1.2941032399401495,0.038603250264021984,0
1.7782221966656961,1.3667250092347738,1.0038746524609323,1.478524768348486,0,1,0,1,0,0,-0.36935237260751347,-0.16578985867872228,0.08603500133584588,-0.3926668198614334,0.444982979346884,0.175957230020651,0.3476888893436309,0.24301965353594124,-1.0032735022069206,1.3416528757149326,1.0205685545152365,0.3120179953809617,-1.3433295314303078,1.9319170479531993,1.3680628765974532,-0.5089913318255549,1.718801188762815,1.3123296215861902,1.37244176550182,-0.9356157016516281,1.4468788869122944,1.03694325633302,0.8600212858303703,-0.10815264235298484,-0.04555465295572338,0.9356157016516281,-1.3724417655018208,1.3293608227620468,0.7912135143113154,-0.9554096800346926,-1.0388507992769007,-0.40887938209301433,-0.24551969421163483,-0.5463906304141645,-1.0945585420250417,-0.8523972546416179,0.8339422496285867,0.4275877563966659,-1.1717330918001976,-0.62002986833231,-0.6177148314801074,-1.4605567119022886,0.7806711296729086,0.3477270420022505,-1.0748462533011267,0
-0.27779879191332196,0.5163887321765315,0.27967722576327125,0.5985369837740325,1,0,0,1,0,0,-0.6091121756860305,0.3662570930184215,2.1329440281163685,-0.6802556976416338,1.677147595670538,0.8073933155057404,0.12480344352299952,-0.17819365506785428,0.588622538596102,0.3824703729631094,0.8167239316907219,-0.37162397546741244,-0.8656582502241004,-0.28732962327003597,-0.06961664610396798,0.4771864567968921,0.08296550913138424,0.41629772954750127,-0.9813771768947055,0.4664671563038157,-0.46063860034113646,0.17483595601290658,-0.32514035983822254,-0.4344256202828209,-0.6553474039158393,-0.4664671563038157,0.9813771768947048,-0.20252742647848845,0.04072103005925432,0.34554846379182197,0.5503707615664309,0.5640125913280355,0.1325402314653172,-1.0357458890816678,-0.762349526635866,0.38782468222872474,-0.5816133531797613,-0.1035484832504671,-0.7520651369275744,-0.7885913960966542,-0.8884846632765624,-0.5723076854318833,-0.28942660841731066,-0.09762646290970158,-0.6418381130257917,1
1.0072143259485644,-0.5400896726534062,2.452269505856255,-0.4281154315628296,1,0,0,1,0,0,-0.23054406556205628,-0.2966210763091675,0.48262362527457214,-0.4702058734279261,0.5039726164422876,0.13526269476630032,1.5282184058459678,0.87009927050551406,0.06595505605721069,-0.07344976240508849,0.1148850508741698,-0.4861810103976642,-0.48857467766052753,2.6109629414103463,1.5786704395505768,-0.28946158371763114,1.0847675154036815,1.095571425624177,0.6109019818860374,-1.2689780594871891,0.4838185127297194,0.3872388356447819,-0.38104374720516804,1.174862789759317,0.9202560687037892,1.2689780594871891,-0.6109019818860381,2.1927887450612573,1.2415090048625523,-0.4186507255887879,-0.4961897785011287,-0.06751377738387422,0.19555021907814235,-0.6279498401920818,-0.9284540343304539,-0.17027518936292965,0.8061862574166584,0.8069707847160468,1.1911799584608802,0.7803274392483975,1.2607508766078017,1.2993599060593275,0.9453015509175579,0.3477270420022505,1.2139110595827887,1
1.0072143259485644,0.10410447663314094,-0.8790386569529866,-1.6014324776621007,1,0,0,1,0,0,0.8294466427850714,-0.5553761511782702,0.4570372624398156,-0.4655766762000758,-0.17460072243731817,-0.06731559611524753,-8.949893882997271e-4,-0.17456332590323131,-0.518437156678732,0.2504509685959676,0.3321359013749856,-1.0238339637919411,-1.0073241892483904,-1.4175811826626545,0.1681010998642531,-0.0051662629550865416,-1.9219358786589589,-1.6810765990792589,-2.224899449213141,0.8102407703119235,-1.4151859103360551,0.4079936347358875,0.7035293648900232,-2.2441018185980766,-2.0730370424539366,-0.8102407703119235,2.224899449213141,-1.3723329986258064,-0.03432821836595151,-0.5369196477548344,-0.4574282770171454,-1.1428154322176651,-0.5605696322757617,-0.8726274695258333,0.17890935030013266,-0.6043528672675491,-1.2724291593433121,0.6636483073509472,0.75427926147996,1.0367714729411615,-0.06489309156234463,-0.47008855143330586,1.347731469515589,2.116770130958062,0.3685142142833251,1
1.3670179989498932,-0.6431607365392533,1.4383931084795292,-0.13478617003801185,1,0,0,1,0,0,0.097548296545388,-0.3972157458650209,-0.5664172509504457,0.1587862999062346,-0.7805434917421804,-0.4282001010631705,0.7934591396225016,-0.21072465286174313,0.7556748097473323,-0.32453420611862216,0.016193751232150066,0.980024290496078,0.6692305585441606,1.2747944162888025,0.7100586752146073,1.0843519901283587,-0.16240252093268073,0.060164267939291735,0.6286220997103051,0.7131765006161427,0.17043531172919835,1.000547392543587,0.056636395391145816,0.2773892154982966,0.037686027911753635,-0.7131765006161427,-0.6286220997103059,0.577342954953057,0.04072103005925432,-1.4830710250832082,-0.806281790372998,-0.8185181077439823,-1.6947494093066184,0.18764225758709038,-0.09793149585751397,-1.2244638357027204,0.3898463742377325,1.33810702436318,0.8992370333320981,0.7932937106148858,0.8715192434003977,0.37938770007212164,-0.12479618717266176,0.23638866577426285,1.1520527538291696,0
-0.1749977424843705,0.928672987719922,-1.168717627632051,1.0385308760612593,1,0,0,1,0,0,-0.06649788450833415,-0.3512794516747757,-0.7711081536284979,1.397096558356192,-1.4364461367432053,-1.3498642456699477,-0.23976282581754269,-0.3676061102468201,-1.9748129962727092,-0.31592503968902425,-1.083140053957221,-0.9705509539492989,0.6719633656900198,0.10465603094318376,-0.1075571284659011,-1.6859645596664636,0.055699962156394764,-0.940496477138141,-1.8632990028572278,0.5242815205937548,0.4379671187676389,0.39680255272596754,1.0054037338692876,0.4820254758438719,0.4899233608341931,-0.5242815205937548,1.863299002857227,0.18044463583164533,0.003196405846651406,0.3432740614424744,-0.6221646583240759,-0.5667609742709911,0.8571550890128092,-0.6279498401920818,0.2896456887631914,0.2948080369634488,0.44535835866158957,0.4275877563966659,0.16025650409986858,0.6636309969500054,0.8376730144258402,-0.7309235830158842,-0.7833178721512579,-0.6543183440496418,0.22417816752487937,1
-0.27779879191332196,1.0059762856343069,0.27967722576327125,2.505177183685348,1,0,0,1,0,0,-0.6091121756860305,0.3662570930184215,-0.24658771551598904,-0.2925604298091705,0.6343575162504053,0.5077742097868949,-1.9482943153709666,-1.0115602818223415,0.5969413251975634,-0.6912680629149063,-0.5300376445458993,-1.0033793473886312,0.07926772339310394,-0.3651301371144059,-0.19842693097277586,0.622569261899228,0.15033315376850434,0.6033552057463514,-0.9266372014901345,-0.44946226314143684,2.344316941457987,1.1896184890662913,-0.19041672133984797,1.0829263379905945,1.2781338218640625,0.44946226314143684,0.9266372014901345,-0.3974950218363748,-0.25947596364157,-0.23669853764102378,0.11107374474794844,0.17144214591252482,-0.2770246880180474,-1.2804235184154193,-1.0945585420250417,-0.10826409251941274,1.916425945893794,0.8828473903799233,-0.4692454282090663,-0.4903671546674297,-0.0592520533999176,0.2524949820049213,-0.9479482933959068,-1.211010225189582,-0.1469716669968365,1
-1.8198145333475857,1.0059762856343069,1.7280720791585935,-0.8681093238500562,1,0,0,1,0,0,-0.5838743016777656,0.1976301902947366,0.8280395235437853,-0.5500595256083439,1.2309148681112525,0.5770890775278218,1.192445995081323,0.6579655286040285,0.11005710362815228,1.4804274083878846,1.285622840493712,1.63579399169749,-0.944917221083217,0.2136583536902826,1.0459110015046336,0.20443165633874016,-0.1567277610605292,0.016026026728739772,0.4025854781078499,1.8317485291476778,-1.444640273966843,0.14469234411360082,0.05498235171217504,-2.155370484537643,-1.6557263613732922,-1.8317485291476778,-0.40258547810785056,0.1317027369921738,0.8662627627365218,-0.2185033188462471,-0.08273376267196997,-0.135786898325702,-0.2140147004052217,-0.38327221085833024,-0.5962450189412776,-0.4803306735805153,-1.4142931195376127,-0.17942508891434333,-0.8980365994919648,-0.7367263106307022,-1.4469474413567518,-0.6992004034990842,-0.7010026615289333,0.18071947766026855,-1.136704559054746,1
-0.6376024649146498,-0.17934094905293926,-0.15484123025532542,-1.161438585374874,1,0,0,1,0,0,-0.5460174906653681,0.1569271448097092,-0.08027635709007157,-0.3469534972364116,0.6307701659147746,0.3888209528895622,-9.829347810107088e-4,0.8472144382186165,1.234256267166675,-0.029929068278422455,0.5081192318708256,0.4684480293306448,-0.2670726433389231,0.0253234009721301,0.9223514040762322,0.17531378661553157,0.14481503709393384,0.05148080295003566,-0.7652983266135058,1.3979208031972914,0.026669638615101292,-0.23883701579670097,-1.5110962166950723,0.18402835223484745,-0.6103189029062716,-1.3979208031972914,0.7652983266135052,0.32667033235006016,1.391607501712964,1.2280165753384769,1.1447137843208466,1.1614023995690306,0.6051151385615076,-0.05703537174666111,0.34501385799472056,1.5040244254120325,0.053690468559933285,-0.17942508891434333,0.15620174125085837,-0.6632507728872705,-0.5537830656392774,0.7635906519978131,-0.5729567783386508,0.0755665667782797,0.09358841093390566,1
-1.8198145333475857,-0.6431607365392533,1.7280720791585935,-0.13478617003801185,1,0,0,1,0,0,-0.5838743016777656,0.1976301902947366,-0.5664172509504457,0.1587862999062346,0.08070211777858416,0.029278026026947467,0.24780472506635948,0.3737090020102892,-0.27958540172174584,-0.2936209136473697,-0.4368035286494702,0.38333309174965835,0.40177422332974094,0.1204493068105727,0.8272550087603637,0.14683992178853297,-0.39489033944482277,-0.204699214969741,0.23272740579640636,0.2920044097428146,-0.2242269742863877,0.3157985741729837,0.5297625705294318,0.005096410595304428,0.3680170381700026,-0.2920044097428146,-0.23272740579640636,0.0759977097470634,0.7161642658861095,-0.10933200607758836,-0.018131260198663828,-0.1699234587966153,-0.11949971898598452,-0.13859458152457876,-0.26403600355210183,-0.35630847989348147,-0.1375174777889068,0.4275877563966659,0.3700904815361815,0.5987996401175653,0.5669031826293847,0.12560226393772106,-0.4540570296619595,-0.3759724034796717,0.5953280020465953,0
-0.1749977424843705,-0.05050211919562982,1.4383931084795292,-1.6014324776621007,1,0,0,1,0,0,-0.785777293743885,1.9100654610576748,0.3035190854312764,-0.4314363466446798,2.0455298858180493,1.8023970621093697,2.300932355871226,1.556918229075033,0.6264861476395643,1.6133372687839216,1.2645453643411229,0.2259495615166339,-1.0879952161741913,2.3744099526509648,2.179778165192977,0.4958810918136455,1.4299627516241915,1.288508125560908,-0.4863880375980577,0.7905619868667512,-0.8270200038730735,0.04673478437262062,-0.3581148765509378,-0.7615879797332247,-0.38599350911974417,-0.7905619868667512,0.48638803759805704,1.9142636088357055,1.6918044954137887,-0.5460172571522233,-0.22485926811324272,0.3421249482670949,-0.6865896075014126,-1.2804235184154193,-1.2606630497196296,-0.046252995675895824,-0.7759052986632599,0.04820472807728505,0.023408257945752128,-0.16621037050522874,-0.44848368660732285,0.506280418139323,-0.20711139779498602,0.18071947766026855,-0.023255055489598248,0
-0.12359721776989524,-0.23087648099586283,0.5693561964423357,-0.13478617003801185,0,1,0,1,0,0,-0.23054406556205628,-0.25882539121592774,-0.2593808969333673,-0.24916170579807387,-0.025158954729563792,-0.006497389581272905,-0.05928619949537902,-0.0799037624498084,0.23237540959077838,-0.0871533164920639,0.10699984143484133,0.3566678861546276,0.13082537303544717,-0.19922088481603004,0.5849308341351069,-0.3881006961722723,-0.10802929333041368,-0.23496799013834285,0.328888191831712,0.16026515284228104,-0.11662025717565619,0.6956412905705928,-0.7076687408975739,0.010618509885752801,-0.3685055438474435,-0.16026515284228104,-0.3288881918317127,0.0759977097470634,1.0163612595869336,1.2007237471463126,0.7829397704703327,0.700558833211691,1.0776900456576979,1.4110304042558486,1.3416409041622488,1.1939689411944467,0.05677446769459199,0.9587239960437993,0.7532655707677065,0.2357440418559006,0.22844089288381547,0.8235122133073248,0.7806711296729086,0.9600881112561845,0.8427612250610729,1
0.23620645523143258,1.6759382008923163,1.4383931084795292,0.5985369837740325,1,0,0,1,0,0,-0.2810198135785862,-0.23265914768983872,-0.15703544559434116,-0.3226502117901975,0.13559032629477505,0.07041975397640089,0.8522321201029307,1.4766919552745867,-1.6077719650721403,0.7432080110568006,0.05692280441991983,-0.09864665647366344,0.1861092567504151,0.3659283812041104,0.9423354692537649,-1.9695052678574991,-0.6900821234648756,-1.392306039338833,-0.8901438845537538,0.7482915930561997,-0.8194181817366032,-1.0827950650318552,0.2187152811004432,-1.6882996960268601,-1.4333182906277409,-0.7482915930561997,0.8901438845537532,0.6330479821981672,1.3165582532877582,1.0096739498011607,-0.3023822710812103,-0.5454256239766699,1.7077899217859516,1.166352774922097,1.9506907657090713,1.0079356506638961,-0.8869292675109735,-1.1658209625447336,-0.7885580025686714,-0.5681647828663581,-1.1423313805857394,-0.857816301083085,0.03983423407198747,0.45906541823023866,-0.9511296417938885,0
-0.04649643069818187,0.0783367106616796,-0.8790386569529866,-1.161438585374874,1,0,0,1,0,0,0.13540510755778543,-0.4036119387269538,-0.7966945164632545,1.8802690190130682,-1.8112716478985564,-1.7635174886399958,0.005002361020602355,-0.8441141067198287,1.8924635123128182,-0.8299722153460046,-0.1176645999245257,-0.3453292940332192,-0.04337765986093178,-0.9007889882292196,-1.056875568465984,2.3656565623625356,-0.6819143384584238,0.36802124871517583,0.004530982273630621,-0.4754817429490244,-0.9070136481358578,0.0998183587618855,-0.20980431710937353,0.44506433251554756,0.5122708624856805,0.4754817429490244,-0.00453098227363133,-0.8152827261747027,-0.9349191994684248,0.2545723698179399,1.4806467971820387,1.0760609983917457,-1.0646495331783645,-0.38327221085833024,-0.4301405112466897,0.2638024885416898,-0.7203933142394032,0.4275877563966659,0.9904691974348425,0.7154960824159574,0.8715192434003977,1.109020828958526,0.28677986593896093,0.06938110143228039,1.275769365336409,0
2.1123256073097876,2.1397579883786295,0.5693561964423357,-0.4281154315628296,1,0,0,1,0,0,-0.3188766245909836,-0.20242259961524695,-0.3745195296897717,-0.1768304991129128,-0.06131976321999142,-0.019018785044150034,0.7462084278320521,-0.5923473523333862,-0.12340699043183548,0.6786027752966163,0.7313338781686144,-0.7391126866127725,-1.260695972760856,-0.21334730389398335,-0.47011734239305875,-0.26771725856347123,0.4878156030640088,-0.039331317357144416,-1.2094604077470812,0.1914665557924087,-1.2507950958839285,0.3420620972974687,-0.10032853622332587,-0.43303896800532427,-0.9891692355810177,-0.191466555792408,1.2094604077470805,-0.3696425082138195,-0.6347222057676005,-0.7279694450999874,-0.7416792878996918,-0.5283573437412127,-0.655084613695,-1.1173050988595852,-0.762349526635866,-0.23228628620644656,-1.1644891896302574,0.35171115073279,0.0963939892279486,0.028283699992091807,-0.14386762583630988,-0.5088613263982832,0.6160407084282594,0.793080546914203,-0.332546584257695,0
0.7759119647334253,0.38754990231922204,0.5693561964423357,1.7718540298733036,1,0,0,1,0,0,-0.028641073495936725,-0.36349036532028395,-0.3233468040202586,-0.22022922312400942,-0.28857517883916367,-0.10935170945490646,0.19420948056224288,0.6299274123379969,-1.220802313186046,-0.191812808625282,-0.5657834578144852,-0.5186405262412694,0.18655146808202935,0.2872930041679291,0.3516242919863766,-1.0517860151379634,0.16688341326836229,-0.20858887453022815,-0.946287449071263,0.23115255077283092,0.01700677438964408,-0.5123456457161664,0.6119341478878717,0.4246054656257545,0.5318997675009906,-0.23115255077283092,0.946287449071263,0.15955525061472892,0.19081952690966666,-0.3549674598070702,-0.8192022908676594,-0.71610842633123994,0.3530751881102058,-0.6279498401920818,-0.26403600355210183,-0.17027518936292965,0.3620903820258042,-0.1035484832504671,1.4283835851280149,1.5842362639706562,1.7007518532770418,0.5697267771729232,0.2044646553166367,0.3477270420022505,1.770635811365363,0
-0.1749977424843705,1.2378861793774645,-0.8790386569529866,-0.4281154315628296,1,0,0,1,0,0,-0.6974447347149578,0.8081758725701476,-0.4001058925245282,-0.165257506043287,0.769169000069119,0.7492582651423824,0.05688377973917917,1.0334448746877842,0.9713196117790655,0.3410620814526825,-0.10461225587824906,0.684409869864773,0.1368100723015294,-0.4307942744204593,1.2352517950394306,-0.268897553102342,0.12320831644360199,-0.7138429094141715,-0.30025191215747105,1.231239624279511,-0.50954284353888,-0.1809873915671429,-1.5980425571882857,-0.3385816110339497,-0.5609276066664868,-1.231239624279511,0.3002519121574703,-0.3696425082138195,1.2415090048625523,0.20908432283099887,0.03355074177998182,0.08610074473523979,-0.40304466324369825,0.02452383803125581,0.17890935030013266,0.015758101167622184,-0.44283339212011924,-0.1035484832504671,0.22411901897178985,-0.6589286824317738,-0.7361766328910565,1.2993599060593275,-0.28942660841731066,0.3477270420022505,0.7190446135538346,1
1.0329145883058024,-0.514321906681944,0.5693561964423357,-0.13478617003801185,1,0,0,1,0,0,-0.34411449859924853,-0.18846726973466613,0.8536258863785419,-0.5523741242222691,0.8011971382346936,0.28194189876000386,-0.36722570877413485,-2.553050041476944,0.666724959888013,-0.4462214684203973,0.5761026537637487,-0.6650198364093545,-0.7591435207966563,-0.5441848858558233,-1.0281225816489454,0.10165333423968989,-0.11345771703538463,-0.01237640335637979,-0.46991781074089073,-0.440948977121442,-0.033106838696864004,2.474190671691867,-0.8092835580845777,0.4903136859728317,-0.7610448140822614,0.440948977121442,0.46991781074089,-0.5646101035717058,-1.009968447893631,-0.2639913658331881,-0.173177266134598,-0.20406001926752979,-0.2140147004052217,-0.38327221085833024,-0.2086678343205727,-0.4183195767369984,-0.19302946221276363,1.9071815668422514,-0.6243401071837319,-0.9117709740782909,-0.685407289429221,-0.7785083522910846,0.6160407084282594,0.4312308241732417,-0.9202004889170784,1
-0.3291993166277972,1.6501704349208541,0.27967722576327125,0.3052077222492148,1,0,0,0,1,0,-0.43244705762817587,-0.026236559872914074,-0.2849672597681238,-0.2318022161936352,0.21312420820275205,0.1589639076067463,-0.5260141025098847,-1.6715054063038821,0.5401928329345324,-0.7857522315481659,-0.16720759206813063,-0.44708966268923,-0.16927786149704457,-0.6762534550019107,-0.967904526228001,0.07243366931383732,-0.7229814167805746,-0.5678713240044884,-0.7825353858951971,0.16633209230480636,0.05573092995649154,1.324568120419477,-0.6656728470045636,0.3446045753579811,-0.3370377618638621,-0.16633209230480636,0.7825353858951963,-0.4253475354589299,-0.6347222057676005,1.3007974505175837,1.1447137843208466,0.7517636739180628,0.8256500952063961,0.02452383803125581,0.4557501964577793,1.069946747507413,0.05677446769459199,1.2622304186993043,0.05990112358685037,-0.2958730841701091,-0.14386762583630988,0.062155904904119784,0.03983423407198747,0.1250502895462747,-0.08511336124321738,1
0.3904080293748593,2.01091915852132,1.7280720791585935,-0.4281154315628296,1,0,0,1,0,0,-0.6848257977108253,0.7471213043426065,-0.20820817126385424,-0.29545367807657696,0.9411737387828446,0.802921388554713,1.1318181137994168,-0.08032623364005727,-0.41736580278746344,2.1904671430810043,2.0951230681905093,-1.0382060382276428,-2.65548070680714,0.8456778279950176,0.06679651207237898,-1.166458133623994,1.3034528771438971,1.2742667997223798,-0.8822105547849753,-0.5410235229891278,-0.7288293173311032,0.17716555599575626,-0.6016248972509274,-1.6666982325453308,-1.4796890853005575,0.5410235229891278,0.8822105547849747,0.605195468575612,-0.10937746679115769,-0.5005292101652823,-0.9871687972982559,-0.4942207832702994,0.9516700704320475,-1.4435419379712537,-1.3160312189511594,0.44983577907224165,-0.6371253376036178,0.27583454506891375,0.32447439948480933,-0.0495139282068366,-0.7023304039164997,0.506280418139323,1.7684536571408034,1.5724491805101195,-0.6418381130257917,1
-0.020796168340944693,0.9802085196628456,-0.15484123025532542,-0.13478617003801185,0,1,0,1,0,0,-0.09173575851659908,-0.3425573704994127,-0.6559695208720935,0.4104988991705952,-0.8703179114872959,-0.5806928100932099,-0.17384575933428623,0.48631684150911414,0.4283140751685171,-1.3128074298586243,-1.0752866718122982,1.0370652661140582,1.4717037536308737,-0.4652353852220457,0.07252523922765433,1.0360746572136652,-1.5955730422192058,-0.7616605446425022,0.14187142235678196,1.2737269836114935,-0.22312095498320716,-0.5948309344826738,0.4556354224788824,0.19137522665977913,0.6543120599109216,-1.2737269836114935,-0.14187142235678266,-0.3696425082138195,0.19081952690966666,0.381938901381374,0.8863037744276221,0.12023730520615308,-0.15100471279239655,1.247911984700014,1.2862727349307197,0.2638024885416898,-0.4150773999081907,-0.7864379342253526,-0.8980365994919648,-0.5551985114998699,-0.44848368660732285,-0.5723076854318833,-1.3595243465075295,-1.0440026608476,-0.5799798072721716,1
1.2899172118781799,2.217061286293016,-0.4445202009343899,-0.13478617003801185,1,0,0,1,0,0,-0.7983962307480176,2.5671289096016885,0.6617281651178678,-0.5159191960529479,2.4114964772639156,2.3730149410604846,0.3319111760284446,-0.7824032640495154,0.4653183422342461,0.5541019222765404,1.270672796829264,0.631977938333101,-0.8764277264737518,-0.319014351764472,-1.2483845302554846,0.4066928519696732,0.4667889864113294,0.9487144008096999,1.2234273880116,-0.3514378555397904,-0.7802859513330357,-0.17673118330863463,-0.22741866717055748,-0.2856959808417506,-0.7257019081886579,0.3514378555397904,-1.223427388011601,-0.11896988561082296,-1.009968447893631,0.8914050276351143,0.9896677783849125,1.1614023995690306,0.8256500952063961,0.6769975162545934,0.12354118106860354,0.9459245538203791,-0.3318094232724056,0.6552175733882943,2.687387449745886,2.115853389996665,1.836136769175269,1.489698983160128,2.0153992890077768,1.9621334973080773,1.8324941171189824,1
0.3904080293748593,-0.17934094905293926,1.7280720791585935,-0.8681093238500562,1,0,0,1,0,0,-0.3062576875868511,-0.2239370665144757,-0.7199354279589849,0.8068739118052779,-0.893242824141407,-0.7957924964376348,0.5489458510145503,-1.304876292704701,0.2534997397958875,0.28097533015371823,0.9786996010610175,-0.5179690374279536,-0.9833533427753901,0.29018020613586976,-0.4522456804557451,0.247194208981655,0.8651664453332841,1.0008369585966572,-0.5252107151899512,-0.18555039652161812,-0.4733779257774974,1.337933867831965,-0.09813629588460217,0.4783046933397379,-0.2952349211746925,0.18555039652161812,0.52521071518995055,0.438080386840281,-0.25947596364157,0.6093791363160792,0.6537347655237203,1.0077878774499178,0.5106001571422693,-0.8726274695258333,-0.762349526635866,1.069946747507413,-0.4150773999081907,1.33810702436318,0.1876261533306929,0.10608132819102022,0.2961333508329291,-0.44541496736468245,0.2044646553166367,0.1250502895462747,-0.08511336124321738,1
-0.6376024649146498,1.0317440516057692,-0.15484123025532542,0.5985369837740325,1,0,0,1,0,0,-0.5586364276695006,0.1569271448097092,-0.3617263482723934,-0.18493159426165082,0.3655763304362131,0.26360699826079087,0.12691109692928992,0.9788953056321604,0.41363251760733233,0.205641278150835,0.4959258559349276,1.011607869433708,-0.05298809533169839,-0.39423755932360166,0.2253975437717087,0.4959131681389055,0.2418383450367162,0.6841385744233583,0.6912331826893902,0.6941558255444424,-0.5703904937554923,-1.11776621628956,-0.06710460004460306,-0.03800533673876087,0.02320025999282662,-0.6941558255444424,-0.6912331826893908,-0.3417899945912644,0.26586877533487285,0.17269388524144552,0.4082452561251572,0.4957394703862077,0.1325402314653172,0.10608304780917345,-0.2086678343205727,0.3258135853852078,-0.5816133531797613,-1.0899443568808573,-0.23204180154193166,-0.23104172733766892,-0.2284831982727022,-0.0647368131630805,-0.6186874509066087,-0.3759724034796717,-0.20882997275045564,0
0.3904080293748593,-0.3339475448817109,1.7280720791585935,0.3052077222492148,1,0,0,1,0,0,-0.6848257977108253,0.7471213043426065,-0.4512786181940413,-0.023488340940371298,0.6343575162504046,0.5927408218564183,1.1927234187485969,0.9985989928640807,-1.0551760347400567,1.3860810467389888,1.2573088602139426,0.037745226544694,-0.8569017685303427,1.008647908711421,0.098763550434003,-1.2246268934572881,1.3278823701469902,1.3500467280571307,-0.7279513648365089,0.7734532878151856,-0.6506818420285048,-1.2716692999790498,0.2118290627388716,-0.5558006439705174,-0.3165052315191701,-0.7734532878151856,0.7279513648365081,0.7166055230658329,-0.10937746679115769,-0.5824076947417753,-1.077612300760884,-0.5795621844475838,0.9831750642384596,-1.4435419379712537,-1.3713993881826885,0.3258135853852078,-0.44283339212011924,-1.0140677512169813,1.0360852794862145,1.0007540524786946,0.6853649840403343,0.6331731362065233,-0.28942660841731066,0.06938110143228039,0.904619530814692,1
0.6731109153044746,-0.02473435322416849,0.5693561964423357,-0.13478617003801185,0,1,0,0,1,0,0.07231042253712305,-0.3925639692381606,-0.10586271992482811,-0.3382737524341923,-0.14238183458699422,-0.040484034409082256,0.1725125713397032,-0.4054458990938694,0.15624524618160923,1.405872283906133,0.8656865255487394,0.02305696044613328,-1.3138313960041168,0.018773161212285925,-0.6553248801453606,1.2104029102272393,0.5200361298710419,0.5614614530815024,0.46715141202740545,-0.4318681387001143,-0.22112500838356072,-0.10000285836310739,1.0027457081897215,-1.383583831786496,-0.5772770517167947,0.4318681387001143,-0.4671514120274062,-0.09111737198826762,-0.7097714541928067,-0.4004555067940112,0.2531992501892221,0.4616029099152932,-1.222174502210428,-0.46483142063624716,-0.7069813574043363,-0.5423417704240322,-0.22078545442469194,-0.1035484832504671,-0.02220782410562002,0.4950694691856613,-0.1269445113490324,-0.3819686083310823,1.2745623934068555,1.127095675598167,-0.20882997275045564,1
0.18480593051695732,1.289421711320388,-0.4445202009343899,-0.4281154315628296,0,1,0,1,0,0,0.21111872958258027,-0.4239634614694675,-0.822280879298011,2.557289113586176,-2.1969304363763924,-2.302384686238815,-0.6116301179902235,1.6991317361318914,-0.24044275257182401,-0.7509972000776174,-0.8708506818907614,-1.101689251731464,0.340237341912517,-0.9028672566904787,1.3354316080400541,0.08563922133687642,-0.5236973710752963,-0.2365931209861012,-0.16027754582615011,-1.3436114231817156,-0.05164775693143718,-0.9943055626529825,0.4147524560741166,0.49525941844612215,0.90116140368194,1.3436114231817156,0.16027754582614942,-0.7874302125521474,1.4666567501381707,0.47291499535525605,0.44700675760914055,0.20557870638343811,0.41608517572303205,0.18764225758709038,0.2896456887631914,0.6358690696027934,0.11228645211844858,-0.7864379342253526,0.7076494887163344,0.8321925247143505,1.0069041592986248,0.6331731362065233,0.4514102871836102,-0.15329565102369538,0.7190446135538346,0
0.3904080293748593,0.0783367106616796,1.7280720791585935,-1.161438585374874,1,0,0,1,0,0,-0.3062576875868511,-0.2239370665144757,-0.7966945164632545,1.8802690190130682,-1.4122662940942772,-1.6253349458532447,0.8788948277404793,-0.4633907364470548,0.650974902441692,0.35532808429310275,0.39365090215520776,-0.18236553208272507,-0.31914175691419405,0.27996439326042327,-0.27432005097131573,0.5301562888431895,1.0287731042192636,1.100585328441945,-0.11207882534413707,-0.13756642077256032,-0.9423875296194419,0.36121052327480996,-0.3571485572162969,0.5400884816862076,0.5627419094364511,0.13756642077256032,0.11207882534413637,0.32667033235006016,-0.18442671521636386,0.2545723698179399,0.49868875958778525,0.9224464762726329,-0.05648973137315825,-0.8726274695258333,-0.9284540343304539,0.7598912632898273,-0.7481493064513315,0.7310941790521709,1.0634549287170376,0.6895635396829819,0.8884423578876751,1.2993599060593275,-0.12479618717266176,-0.2089648391376897,1.3994859768436472,0
0.6731109153044746,0.38754990231922204,0.5693561964423357,1.7718540298733036,0,1,0,1,0,0,0.07231042253712305,-0.3925639692381606,-0.7071422465416066,0.7461156981897425,-1.1907743066096708,-0.8785231450316445,-0.5318089159200288,-0.7400195417666134,1.8747178449515696,-0.01720805883154979,-0.12758779863449973,1.4034460075241937,0.5623415304879664,0.293812357153348,-1.0199123078524062,1.418822070764902,1.1788312097454008,1.2163318083839714,1.5601216811746321,0.36682327779893126,1.033067088633418,-0.00602571538292188,-1.1370227470285226,1.1921558257800466,1.35338165807043,-0.36682327779893126,-1.5601216811746328,-0.03541234474315745,-1.1600669447440433,-1.0554833834059623,-0.26362076959722697,0.20557870638343811,-1.6947494093066184,-0.5463906304141645,-1.149926711256571,-1.0384305451721696,0.6674062963570164,-0.2553016945782196,-0.7520651369275744,-1.164613265724808,-0.7023304039164997,0.8552353928241243,-1.4418395571298541,-1.4893561657595522,-0.023255055489598248,0
0.3904080293748593,0.0783367106616796,1.7280720791585935,-1.161438585374874,1,0,0,1,0,0,-0.6848257977108253,0.7471213043426065,-0.7966945164632545,1.8802690190130682,-0.5876010482317433,-0.8785231450316445,1.5072091481236192,-0.4524038011452909,-0.2973310388949647,0.22458194531307002,0.4106380395323658,-0.46628872810758965,-0.5082565665022147,1.2777202754487134,-0.355040344508167,-0.677885100250433,1.0348626820934306,1.26435264924358,-0.10705812529392912,-0.529783266025729,-0.8191279656950294,0.2652667917108196,-0.2747476599436552,0.7227564015899739,0.7005447129248906,0.529783266025729,0.10705812529392841,0.9672781456688292,-0.4846237089171882,-0.5369196477548344,-0.7804407893836761,-0.3747428216220998,0.6366201323679207,-1.1173050988595852,-1.2052948804881005,0.20179139169817292,-0.6371253376036178,0.5793409677244183,0.9266066825629212,0.6247321828505417,0.9053654723749538,1.109020828958526,0.2044646553166367,-0.04195727479570725,1.3376276710900281,1
1.1871161624492292,-0.4885541407104817,1.4383931084795292,-0.13478617003801185,1,0,0,1,0,0,-0.7100636717190902,0.9622659733348942,0.5082099881093286,-0.4950878085276215,1.5489773362342354,1.1226641655531826,1.7143385229974282,-0.5154535519784663,-0.5873907615485009,1.7834843226716306,1.6075307920916042,1.024041648905947,-1.457728806297785,1.317466656397822,0.12129962871179577,-0.23654682201243873,1.3826542025359785,1.1304632575281348,0.6912331826893902,0.7111140177770414,-1.0674322880180722,0.8289914817757392,0.5652761051098449,-1.038356020015863,-0.986191415934083,-0.7111140177770414,-0.6912331826893908,1.050835686536495,-0.03432821836595151,-0.4186507255887879,-0.4703487775118068,0.06903246449978255,-0.024984737566746233,-0.709509049969999,-1.0391903727935126,-0.35630847989348147,-0.9640292458774411,0.9165703262305349,0.338666069456347,0.5901554592065738,0.10433805331043995,-0.47008855143330586,0.7075020535641753,1.2508049825181522,0.3685142142833251,0
1.572620097807795,-1.5708003115118816,0.5693561964423357,1.7718540298733036,1,0,0,1,0,0,0.26159447759911014,-0.4303596543314004,-0.054689994255315046,-0.3527399937712245,-0.2237743275282669,-0.05837174221319244,-0.8695329309881075,0.015100772761364947,-0.5041147273266178,-0.8578812081646802,-1.0107644989503997,-0.3074105533562355,0.8947363632274186,-0.6774684640538013,0.003744885604334889,-0.9749770744313109,-0.8500877023280595,-1.2818786057238511,-0.6949470730335814,0.26996871572628706,0.5321882004022894,-0.01697474033289395,-0.2906162131740332,0.3160097524370248,0.06253839073860305,-0.26996871572628706,0.6949470730335807,-0.6203151308168162,0.04072103005925432,0.1272058382545045,-0.40574627503850064,-0.6990401460957827,0.3215701943037938,0.4323198869208419,0.8986955503100138,-0.10826409251941274,0.6951622885689447,0.19995793940503753,0.6711566230752374,0.4043055696202447,0.5161338391675497,0.5697267771729232,0.03983423407198747,0.18071947766026855,0.8427612250610729,0
2.2922274438104506,0.5163887321765315,-0.4445202009343899,-0.4281154315628296,0,1,0,1,0,0,4.425843688962826,-0.7600543227601223,-0.68155588370685,0.6043465330868268,-2.245511667825415,-1.0515867180364105,0.7038111990250516,1.4354548312075461,-0.6231049210570506,0.8064686163896239,0.10203591527175838,-1.1029569606160254,-0.7111304307652162,-0.13255233063512373,0.8325181459011316,0.5718589298185863,-0.25811048049153335,-0.5074276812185357,-1.1676986894219978,-0.34619240229020387,-1.1111113318626915,-1.136208401885552,1.4264683758261383,-1.3454250058721464,-0.6280560550862719,0.34619240229020387,1.1676986894219978,-0.11896988561082296,0.7912135143113154,0.05442496307539909,0.3436427536518511,0.22264698661889537,-0.7811045889206503,-0.46483142063624716,0.06817301183707392,0.20179139169817292,-1.192245181842186,-1.317574173872486,-1.3633206364159602,-0.5551985114998699,-1.0069464646875115,-1.6191726094862895,0.12214944469431245,-0.04195727479570725,-1.569712699330082,1
1.6754211472367457,2.55204224392202,-1.168717627632051,-0.13478617003801185,1,0,0,1,0,0,-0.4198281206240434,-0.05240280339900311,-0.2210013526812325,-0.27462229055125054,0.2622243489604455,0.1719324957647262,0.45584060915069047,-1.2633302376845708,0.8300952169812007,0.6280091083383827,0.8222046646835822,0.045537742717064685,-0.560663215164562,-0.25100750948310685,0.098763550434003,0.1296974236340043,-0.0086986630797758,-0.7217998295159817,-0.47959406901947754,0.5377636082882545,-0.8846612093590537,1.8328995549994216,-1.00443456718736,-0.8570252350030988,-1.7736033789403973,-0.5377636082882545,0.4795940690194761,-0.3696425082138195,-0.10937746679115769,-0.5824076947417753,-0.43158727602782254,-0.40887938209301433,-1.1591645145976028,0.2692014673650073,0.5664865349208381,-0.046252995675895824,-0.9424412519348303,1.2622304186993043,-0.7976812189789466,-1.1386807229918314,-1.3454087544330806,-0.794369942049485,0.28677986593896093,0.6260729825722207,-1.0748462533011267,1
0.2619067175886707,1.109047349520155,-0.15484123025532542,-0.8681093238500562,1,0,0,1,0,0,-0.40720918361991093,-0.09892056966760585,-0.5920036137852022,0.17325254124326683,-0.3284829825601029,-0.20997006585302627,-0.7114933060627356,-1.4262173917378975,1.0797276779247889,-0.4242729255562047,-0.20042264344213603,-1.3937545916996268,-0.3489849588520443,-1.1429140440312846,-1.5838777997787996,1.283607786494192,-1.2739318722133721,-0.9972674918458286,-1.7650477649515883,-0.15036214763897582,-0.15263748450298825,0.3708341192208311,-0.18612187205086644,-0.6900436868299462,-0.7130783510529398,0.15036214763897582,1.7650477649515868,-1.0659553487776992,-1.4602639384448675,0.09991301006234013,0.7570987694810098,0.15437386567706757,-1.033144539371952,-0.46483142063624716,0.4557501964577793,0.07776919801113909,0.08453045990652028,0.7310941790521709,1.0360852794862145,0.7673611678819103,0.4145951522438788,0.6966194952401235,1.1099319721622063,1.127095675598167,0.40975308478573785,1
1.0072143259485644,1.0832795835486928,2.452269505856255,1.0385308760612593,1,0,0,1,0,0,-0.1800683175455264,-0.32278731983525655,-0.5024513438635544,-0.009022099603339084,-0.418799346829256,-0.2412735545102191,0.6291547243522428,1.8560922640112196,-0.4470557495778226,-0.05567658986526816,0.13846912774201434,0.055798047444306234,-1.1110835607887137,2.0069386640974054,1.1162670936713848,-0.08162566226302947,0.8022223938897978,1.0362731588718017,0.6109019818860374,-0.529783266025729,1.1304545065932539,-1.4292930123582004,0.5291142675036635,0.8706854743731702,0.8317023977100991,0.529783266025729,-0.6109019818860381,1.6914434998552643,0.8662627627365218,-0.3549674598070702,-0.3411437725651945,-0.01630893667750248,0.19555021907814235,-0.6279498401920818,-0.9284540343304539,-0.17027518936292965,0.5008703430854462,-1.5452039908641146,-1.3906902856467844,-0.9571529238609991,-0.6007917169928287,-1.2702176348014877,0.2044646553166367,-0.04195727479570725,-1.136704559054746,0
-0.07219669305541997,-0.87507063028241,0.27967722576327125,-0.13478617003801185,0,1,0,1,0,0,0.097548296545388,-0.3937269133948757,-0.7455217907937414,1.0701595041392642,-1.3981849623588536,-1.1298454396793924,-1.2019548915350502,0.9815185570281486,0.40077673990277746,-1.6718334555647123,-1.7453656749650643,-0.9527461382188934,1.2399115335122024,-1.5887706895984972,0.8748009457708555,0.9556476775143894,-2.790232164659795,-2.6610513738524917,-1.5734230101710878,0.2610696854503818,0.0838665823728904,-0.4708086390073635,0.4124585240439221,-0.5082073107969394,-0.32893787652058804,-0.2610696854503818,1.573423010171087,-1.5394480803611372,0.41596727218528484,-0.9008240236503626,-0.3282232720705331,-1.3647030752786062,-1.6947494093066184,0.2692014673650073,1.3416409041622488,-0.8523972546416179,0.029018475482663446,-0.482931511569848,-0.14993285384946126,0.08014878545804377,-0.1269445113490324,-0.4136917878478824,0.28677986593896093,0.45906541823023866,0.22417816752487937,0
-0.9974061379159777,2.1912935203215542,-0.15484123025532542,0.3052077222492148,1,0,0,0,1,0,-0.6217311126901629,0.40754161058180643,-0.4768649810287978,-0.01480859613815197,0.36259094138533476,0.3248723974898683,-0.43890642982307565,-0.22549823143015837,-0.5181668360199214,-0.8596928073814563,-0.19409448030815987,0.003366330617515973,-0.049891692018470483,0.6271236757925225,-0.2468101549243332,-0.8801416595151182,0.3046381123063085,0.5245858268701574,0.4025854781078499,-0.39468810214486993,1.236924662515135,0.06225440431764344,-0.17610606374363452,1.4634634574158745,0.7644882879573762,0.39468810214486993,-0.40258547810785056,1.1343932274041606,0.26586877533487285,1.6919946546052762,0.8733832739329616,0.9736513169790033,2.526919760752682,-0.38327221085833024,-0.5962450189412776,1.3800022317249987,1.2225261405955843,0.12408133374116129,0.20587258615124074,0.08014878545804377,0.6684418695530556,-0.033013633646279864,-0.7010026615289333,-0.9326642846196119,0.22417816752487937,0
1.3670179989498932,1.7532414988067013,-0.4445202009343899,0.3052077222492148,1,0,0,1,0,0,-0.5333985536612357,0.09005785579859277,0.11162136417060241,-0.39671736743580244,0.7474826148875222,0.3758523647315823,-0.1689174803558296,-1.2134325784611422,1.3503512433268816,-0.8834575092102851,-0.2201634042421371,0.3590172968392915,0.8483740322390295,-0.7254748417338875,-0.4533557494841908,0.7076362368117454,-1.272585837567765,-0.9093111648453006,-0.7279513648365089,1.2116300738185948,-0.49000204550901255,1.2113124574736132,-1.1348692128449949,-0.06838023351901512,-0.6015421611840672,-1.2116300738185954,0.7279513648365081,-0.8988402670423681,-0.7848207026180125,-1.3375092747249961,-0.8321227913623208,-1.2281568333949502,-1.3796994712424915,-0.22015379130249568,0.12354118106860354,-1.3484860293897554,-0.44283339212011924,1.1863538130354276,0.12376363845877164,-0.4903671546674297,-0.48232991558187904,0.5697267771729232,-0.6186874509066087,-0.09762646290970158,0.16231986177126023,1
0.18480593051695732,0.7482986259196881,0.5693561964423357,0.5985369837740325,0,1,0,1,0,0,-0.3945902466157784,-0.10182793005939353,-0.8350740607153893,5.256689747076388,-1.8954214363236201,-4.14079385580624,-1.082217922961446,1.285247749361937,0.22545460689755725,-1.0471349106220353,-1.1467417945781395,-0.14711859202532376,0.9487970898565059,-0.1725938856205505,1.4923528753360293,-0.6762187324883256,0.11152888662284641,-0.5273389071654679,0.21285636891661422,-0.41176056791003435,1.3323965890827743,-0.2690365211276679,-0.9877386122678145,1.525201843574283,0.9759766910803406,0.41176056791003435,-0.21285636891661494,-0.06326485836571254,1.6167552469885829,0.46381738595786837,0.020630241285320403,0.06903246449978255,0.3530751881102058,1.0847935651441794,1.0648000580046022,0.20179139169817292,0.6951622885689447,-0.6346847228976005,-1.290334905133765,-1.5147025926199844,-0.9561771212256767,-0.2550758902638815,-0.5363722402842841,-0.7656567202776299,-1.0129879475475077,0
-0.48340089077122306,-1.5708003115118816,-0.15484123025532542,1.7718540298733036,1,0,0,1,0,0,0.5139732176817596,-0.5001363037343045,-0.054689994255315046,-0.3527399937712245,-0.3599855081478889,-0.11203486562552299,-1.231299593841539,0.6152224054738319,0.429858285303987,-1.1394542432584869,-0.9475536467105039,-0.5558589514585429,0.9293931541540784,-1.049402915875298,0.8549102316114338,0.3282083963462243,-0.9014872548762006,-0.84404129601749045,-0.7768887630270574,0.012383503443245562,0.6636010295869182,0.012018243665319629,-0.25781289031747434,0.6454298408169414,0.40782410182497403,-0.012383503443245562,0.7768887630270568,-0.9266927806649233,1.0163612595869336,0.527500651739586,0.6278937645343975,0.20557870638343811,-0.08799472517957138,0.4323198869208419,0.954063719541543,0.5738579727592754,0.7229182807808735,0.12408133374116129,0.3518440487156324,0.15794641365697218,0.4145951522438788,0.41111087958892223,-0.28942660841731066,-0.32030321536567735,0.6571863078002155,0
2.8576332156696815,-0.5400896726534062,3.176466932553916,-2.041426369949327,1,0,0,1,0,0,-0.5460174906653681,0.15401978441792155,0.31631226684865466,-0.4349082445655675,0.9012659350619028,0.4545582790696671,3.2503800755772128,1.1332647875665507,0.3226246073148499,2.6557020397397824,2.621255290906263,1.3713206962327316,-2.371481929230424,3.289821805087332,1.6389445432264576,1.1962680348730022,2.064808129007152,2.4403158877563587,1.6737455617457806,0.21031740340810925,-1.2325814332587925,0.08641717846401833,0.7610953612101637,-1.5402537285333322,-1.0252667612386288,-0.21031740340810925,-1.6737455617457813,3.1954792354732438,1.6167552469885829,0.1908891040362222,0.795860270964994,1.690519086868198,-0.30852968182446,-1.1173050988595852,-1.7036084035718644,0.44983577907224165,-1.1644891896302574,0.04820472807728505,-0.08607033897753999,0.31354167005482897,-0.3469449996836519,-0.5405845059150832,1.1922471827845313,1.461110804282131,0.22417816752487937,1
2.2922274438104506,0.5679242641194551,-0.4445202009343899,0.3052077222492148,0,1,0,0,1,0,4.425843688962826,-0.7600543227601223,-0.5280377066983108,-0.0061288513359326405,-1.8380122973642978,-0.5797984247030044,0.36368209070783253,0.5468420865719877,0.43440629674592235,0.48055053685597365,0.24808525193671638,-0.6813635406004009,-0.8989376066419339,-0.22214630871835586,1.0302137257364636,0.4166874584534219,-0.17011109536052624,-0.5453649028648185,-0.6392523306161405,-0.29529592521500797,-0.727674774334196,0.28148756941448155,-0.17511724978837231,-0.8178720229719889,-0.8549656587144459,0.29529592521500797,0.6392523306161398,-0.14682239923337803,1.0914105080121401,0.3091580262022686,0.48576825909312477,0.39332978897346543,-0.5920746260821743,0.18764225758709038,0.5664865349208381,0.3258135853852078,-0.5816133531797613,0.5034643620605421,0.6711566230752374,0.4691369264526849,0.09305597698558829,0.37938770007212164,1.7684536571408034,1.739456744852101,0.22417816752487937,0
0.2619067175886707,2.0624546904642447,-0.15484123025532542,-1.6014324776621007,1,0,0,1,0,0,-0.40720918361991093,-0.09892056966760585,-0.6175899766199587,0.34684743728765344,-0.39436563716697975,-0.34412787438385267,0.052065302610735054,-1.7889460590714472,0.5004428932098506,-0.369229342008767,-0.14187118884603295,-1.5484621895719648,-0.6827943703850008,-0.9912288611903546,-1.82999895985575,1.0043218614186054,-1.051449205276539,-0.6425501610086748,-2.170401232813651,0.04065977486679812,-1.0628222694982097,0.6221318234271306,0.3251244143405892,-0.5437940129878948,-0.442885676205755,-0.04065977486679812,2.1704012328136506,-1.0102503215325889,-1.760460932145692,-0.600602913536552,-0.031051760693324323,-0.4430159425639276,-1.0646495331783645,-1.2804235184154193,-0.4855086804782194,-0.6043528672675491,-0.9979532363586869,0.5793409677244183,0.0051618251252043045,0.1709126850234604,-0.0592520533999176,-0.3185222492974822,0.6983559190505837,0.793080546914203,0.16231986177126023,0
2.1894263943815004,1.2636539453489257,0.27967722576327125,2.9451710759725747,0,1,0,1,0,0,-0.4576849316364408,-0.01751447869755106,-0.5152445252809326,-0.009022099603339084,-0.08065639712306966,-0.006497389581272905,-1.9990302323252367,0.05724452570495536,-0.7331983016813653,-0.8503168767605528,-1.2652545313265071,-0.34975870852673546,0.5437285747651042,1.36294547154596,-0.2087665921845879,-0.21231174102714057,1.240492148914172,0.6537006327156192,0.6912331826893887,-1.1625858176247739,4.141539255911688,-0.28770769715239214,0.7889538162209039,2.378774022877157,2.2831042931285124,1.1625858176247739,-0.6912331826893894,1.4964759044973779,-0.03432821836595151,0.5456958705343614,0.3436427536518511,0.8541733553308051,0.29006520049738066,-0.38327221085833024,-0.7069813574043363,0.5118468759157585,4.081393338424208,-0.17942508891434333,0.31535118307453414,0.6895635396829819,1.7007518532770418,-0.15990635171348128,-0.7833178721512579,-1.266679413303576,1.2139110595827887,0
1.2899172118781799,0.5679242641194551,0.27967722576327125,0.3052077222492148,1,0,0,0,1,0,-0.6469689866984278,0.4389411028131133,-0.5280377066983108,-0.0061288513359326405,0.35078296276608695,0.3423129125988757,1.3318654985013685,0.6497561584439292,-0.2641564934703214,1.9342782155238962,1.2598783836892267,0.3511255038683819,-2.006651230725409,1.078759152819962,0.9796642402113179,-0.5386858391076604,1.7540738794425312,0.9094816554697465,0.8615353283924961,-0.3755669404878874,-0.7741079620008443,0.08959541110560132,-0.18021654177007526,-0.8737754471525061,-0.7499717822299995,0.3755669404878874,-0.8615353283924969,1.1622457410267157,1.0914105080121401,0.41832933897092733,0.05939174276930372,0.76883195415352,0.41608517572303205,-0.709509049969999,-1.0945585420250417,0.3258135853852078,-0.6093693453916895,0.35171115073279,0.7988816528190786,0.5728670973845897,0.1607484349347019,0.6331731362065233,1.7684536571408034,1.6837875567381073,0.34789477903211874,1
2.0609250825953116,1.0832795835486928,-1.6032360836506476,1.0385308760612593,1,0,0,1,0,0,-0.596493238681898,0.34590557027590785,-0.5024513438635544,-0.009022099603339084,0.2439572151422627,0.27299804485794876,-2.0572282398342923,1.174137236966338,0.03356995063318097,-1.0975082248616819,-0.8896190145257689,-0.901877505330971,-0.257316559844746,-1.2310759478379838,0.6999615683095471,0.3628782129291986,-0.3566864777469885,-0.38624106054697377,-0.1934532884955867,-1.0381887348318013,1.63054936422324,-0.910334072362063,0.3187663610368392,1.128978600850977,0.7794590689314956,1.0381887348318013,0.19345328849558602,-1.17736540326792,0.5660657690356972,-0.19121049065408274,0.020630241285320403,-0.11871861809024475,-0.5605696322757617,0.2692014673650073,0.40038202722625016,-0.10826409251941274,1.1670141561717275,-1.0140677512169813,-0.7520651369275744,-0.4903671546674297,-0.0423289389126401,-0.8895394805998851,0.9453015509175579,0.45906541823023866,-0.5799798072721716,1
1.2642169495209417,0.7482986259196881,2.8867879618748513,0.5985369837740325,1,0,0,1,0,0,-0.4955417426488382,-0.011699757913975716,-0.8350740607153893,5.256689747076388,-1.7245911442326685,-4.071478988065312,2.931641478592461,-0.5596226882556025,1.589588874399983,0.9270235920657114,1.2770226688259185,0.21455238314293298,-1.4076638948076774,4.296142668596825,-0.2907949039712032,1.0402152060321528,2.1541116787126553,2.1429385201446984,0.7902460580981725,-0.4911325578708816,0.21613629450788385,0.47678775110376387,-1.1277052787570188,0.8836312004396212,0.4319703628908243,0.4911325578708816,-0.7902460580981732,4.253874753130341,-0.18442671521636386,0.3091580262022686,0.821701271954316,1.7587922078100258,-0.43454965705011084,-1.1173050988595852,-1.482135726645747,1.13195784435093,-0.24854144663662048,-0.17942508891434333,-1.600524263083096,-1.8129268340492097,-1.4469474413567518,-0.4771381468814831,-0.4540570296619595,-0.7099875321636356,-1.569712699330082,0
2.8576332156696815,1.289421711320388,3.176466932553916,0.3052077222492148,1,0,0,1,0,0,-0.5460174906653681,0.15401978441792155,-0.6687627022894718,0.4394313818446596,-0.29267660741837764,-0.22114988323059512,2.1543035209272983,0.27006604528975886,1.3785748783336969,0.49465030941157656,1.3418330434726493,-0.036871273796723746,-0.6893012883766395,3.93044050044034,1.6770051482403907,1.3353328639359352,2.250611147363259,2.5107430784346527,1.2104470415403286,-1.2507946581507028,0.9316383496605131,1.3093128205572704,-0.5426772919688204,1.5634268321530138,0.7068032655210679,1.2507946581507028,-1.2104470415403292,3.863939562414569,1.6918044954137887,0.2636699792153276,0.9379857764062678,1.9294750101645959,-0.49755964466293656,-1.1173050988595852,-1.592872065108806,0.5738579727592754,1.0004782029001573,1.413983630027056,0.39746013076700454,0.04124997135858002,0.6684418695530556,0.3476645205553221,-0.28942660841731066,-0.8213259083916238,0.038603250264021984,0
1.2899172118781799,0.7482986259196881,0.27967722576327125,0.5985369837740325,1,0,0,1,0,0,-0.6469689866984278,0.4389411028131133,-0.8350740607153893,5.256689747076388,-1.3376646092725817,-3.7249046493606777,0.3410655679210776,0.7320230859619732,0.5086773331693759,0.23083581855211344,-0.04458850866755161,0.25603373471891067,-0.306406999091456,0.6519692633876009,1.322585148814952,-0.33439909089334574,1.2834348488124794,0.7310959801361672,1.0713719007766844,-0.7133741297612556,0.17718003140664756,0.32021210960322277,-1.0314177922564975,0.9607877277956586,0.7717401733497206,0.7133741297612556,-1.071371900776685,0.7166055230658329,1.391607501712964,0.34554846379182197,0.11107374474794844,0.6322857122698633,0.3215701943037938,-0.30171300108041293,-0.762349526635866,-0.046252995675895824,-0.3040534310604773,-0.3311783002420958,-1.7008796435961144,-1.8518256481486735,-1.4638705558440304,-0.4136917878478824,-0.7010026615289333,-1.0440026608476,-1.569712699330082,0
0.7759119647334253,1.6501704349208541,0.5693561964423357,0.3052077222492148,1,0,0,0,1,0,-0.028641073495936725,-0.36349036532028395,-0.2721740783507456,-0.2318022161936352,-0.22869053527352415,-0.10040785555285138,0.4590114786861452,-0.5107937467425402,-0.5557726060684396,0.06260391328143176,0.20863042155399938,-0.9181730294228693,-0.5200339510807829,0.4596970560907595,0.5798911524626241,-1.4342480146649124,0.11445320187567952,-0.6109053973733399,-1.1515885432024495,-0.11014700605881247,-0.17894275269067994,1.2820026741522323,-0.681521165398923,0.02891598780605498,-0.8676599833439262,0.11014700605881318,1.1515885432024489,0.2152602778598393,0.26586877533487285,-0.6733837887156574,-1.2455788071914804,-1.1428154322176651,0.1010352376589052,-0.6279498401920818,-0.1532996650890431,-0.6043528672675491,-0.10976148557697851,1.33810702436318,0.29710475025398503,-0.11434528503927678,-0.093098282374475,-0.0647368131630805,0.7806711296729086,0.793080546914203,-0.08511336124321738,0
2.215126656738738,-0.23087648099586283,0.27967722576327125,0.3052077222492148,0,1,0,1,0,0,-0.4576849316364408,-0.01751447869755106,0.25234635976176334,-0.42680714941682946,0.6895747810880961,0.31637573628291593,0.23513794796752546,-1.4439878710157505,0.5081436499615863,0.5035171131541987,0.7697102127970783,1.5041105821343688,-0.35850082861188926,1.1034462575425323,-0.2870709555694714,-0.27717679346019625,1.2729239860444497,0.7366946284693205,1.0345842828972671,1.0253393444399002,0.7755854584846869,1.6943372882046202,-0.9731853390099676,0.5819904991215155,-0.2814220552110317,-1.0253393444399008,-1.0345842828972678,1.4407708772522676,0.04072103005925432,1.0733572155828786,0.7441782689863493,1.2808803612172301,0.7941451013999841,0.02452383803125581,-0.4301405112466897,1.069946747507413,0.9449662184763004,1.9451198696741894,0.6802798394855113,0.028283699992091807,0.2622871218583729,0.6966194952401235,-0.5363722402842841,-0.09762646290970158,0.5953280020465953,1
2.138025869667024,1.3667250092347738,-0.15484123025532542,-0.4281154315628296,1,0,0,1,0,0,1.4730124299958276,-0.6344563538348948,-0.5664172509504457,0.10670783109291863,-1.3765614931775636,-0.5704073781058465,1.225633175657535,0.654259523841041,-0.19731672900288777,1.397372714998093,1.2236293422723095,0.6787682607320054,-0.9922082682643187,0.7247619796890951,0.5230530857895238,-0.016120832423942445,0.29016663001426685,0.06677853581698909,-0.1984048918790851,1.122534507594003,-0.9800991354759301,-0.37400863001228424,0.2535386967975893,-1.6000361237133005,-1.5255818305437592,-1.122534507594003,0.1984048918790844,0.744458036688388,0.5660657690356972,0.21818193222838655,0.17567624722125458,0.2909201075607231,0.006520256239666901,-0.22015379130249568,-0.1532996650890431,0.44983577907224165,-1.0812212129944723,-0.7105613285614767,-1.272088472313216,-0.9701191952274875,-1.4469474413567518,-1.3336639938350878,-0.5363722402842841,-0.04195727479570725,-1.6315710050837011,0
1.572620097807795,0.2587110724619126,0.5693561964423357,-0.13478617003801185,1,0,0,1,0,0,0.24897554059497767,-0.4303596543314004,-0.31055362260288033,-0.21444272658919655,-0.46758293208315554,-0.1652507963427508,0.1899220155154117,1.3652816029136008,-1.3746234816875127,0.11866319790242429,-0.4769175520750012,0.7240002819692987,0.705813401407689,-0.693612377102594,0.24103590199475503,-1.2288495015942282,-0.7628152571574005,-1.283971909088232,-0.7279513648365089,1.7094233342895349,-0.9571405004042128,-1.6324273712886719,0.6442811103180165,-0.9167008760578101,-0.6335324891756104,-1.7094233342895355,0.7279513648365081,-0.7038726716844818,0.11577027848446049,-0.2912841940253525,-0.8579637923516437,-1.0745423112758372,0.16404522527173035,0.18764225758709038,0.6218547041523672,-0.4183195767369984,-0.9979532363586869,-1.6210805965279906,-0.7611883533378483,-0.3477381696360611,-0.6684841749419423,-0.9847090191502859,-1.1125787146405561,-0.48731077970765985,-0.8892713360402683,0
2.138025869667024,0.23294330649045036,-0.4445202009343899,1.478524768348486,1,0,0,1,0,0,-0.34411449859924853,-0.17741930024587296,-0.2849672597681238,-0.22890896792622875,0.08290004021266031,0.04045784340451634,-1.022005333493892,-0.30613038308348456,1.3904647659688603,0.5194620298526376,0.6883309693502093,0.4784059597325338,-0.6347855473222671,-1.058478931402676,0.3620619524232919,-0.03282149441694971,0.05241078506099912,-0.5074708752842819,-0.16027754582615011,0.8114499884865843,0.3635036180107934,0.7828792738645716,-1.9337943525210075,-0.6497900521313689,-1.3903105103523905,-0.8114499884865843,0.16027754582614942,-1.0659553487776992,0.11577027848446049,-0.5824076947417753,-0.5091102789957901,-0.4600842227993849,-0.8756195703398886,-0.05703537174666111,0.012804842605544792,-0.9144083514851348,0.6951622885689447,1.2622304186993043,1.2550424733328,-0.10137901367278856,-0.3469449996836519,1.8069307783281299,1.3568776040291806,2.12914106165006,1.1520527538291696,1
2.549230067382828,0.5679242641194551,-0.15484123025532542,0.3052077222492148,1,0,0,0,1,0,-0.20530619155379135,-0.27859544188008395,-0.5280377066983108,0.019910383070725346,-0.44176483251536497,-0.22964654443754745,-0.04809703323098324,0.8156103365010567,-0.6788724247946,-0.09859837468995142,-0.785137911522261,-1.0681997407079091,-0.6717711475881107,-1.0858395333024298,1.1300760698879182,-1.2634284716880035,-1.2523074324600423,-1.921274403955929,-1.0001237438140784,-0.4649864905896614,-1.0180779720995417,0.012634615792837917,-0.34158242241405345,-1.1085665699858593,-0.8550327718773068,0.4649864905896614,1.0001237438140778,-1.1216603760228097,0.641115017460903,-0.8644335860608106,-1.3101813096647865,-1.6377955590459181,-0.49755964466293656,-0.30171300108041293,0.17890935030013266,-1.1624527388592034,-0.8869292675109735,0.19995793940503753,0.5799244589724931,0.30057539868834077,-0.1777138548108673,0.6966194952401235,1.933084078385452,1.795125932966095,0.038603250264021984,0
0.46750881644657266,1.0832795835486928,-0.4445202009343899,1.0385308760612593,0,1,0,1,0,0,-0.07911682151246661,-0.3425573704994127,-0.5024513438635544,0.017017134803318904,-0.5129993634100525,-0.2766017774233367,-1.4850214969781874,1.2354319033758703,-0.20459141077276977,-1.8887497646055793,-1.4343788869704892,-1.0027498605979968,0.5751338311185379,-0.5585536524400303,1.0520574574827815,-0.10331501129043555,-1.5568046826460271,-1.44779389280351,-0.1866129291823007,-1.1825507815298206,1.5068583126984254,-0.6417409931996019,0.17586168969402757,1.007878205921816,0.4512738570451417,1.1825507815298206,0.18661292918230002,-0.45320004908148526,1.1664597564373458,0.427426948368315,0.3048812521678669,-0.3576745413866426,0.1325402314653172,1.247911984700014,1.5077454118568363,-0.046252995675895824,1.333550109443298,-0.6346847228976005,-0.13168642102891215,-0.02358138547386016,0.38074892326932136,-0.5723076854318833,1.1922471827845313,0.6260729825722207,-0.2706882785040748,0
1.6754211472367457,-0.6173929705677911,-1.168717627632051,-0.13478617003801185,1,0,0,1,0,0,-0.43244705762817587,-0.05240280339900311,-0.5536240695330674,0.08066859668626065,-0.2006745132716574,-0.10264381902836514,0.1318391071574845,0.20732337175747811,-0.4840132054348412,-0.28887155139284343,-0.8710839354125676,-0.30658172570717196,0.9712171023195676,-0.2556033942560876,0.44173371306036746,-0.17300030647319845,-0.32767354037062735,-0.6581223865920693,0.23506672098463585,-0.651277219968356,-0.4387213876799469,0.1579613024616205,0.4878136424481825,0.0653313559443391,0.4899233608341931,0.651277219968356,-0.23506672098463727,-0.3696425082138195,0.19081952690966666,-0.5642124759469986,-0.5607922809744348,-0.6478353053894121,-0.6235796198885869,0.8401159358104279,0.7879592118469556,-0.4183195767369984,-0.38732140769626244,0.19995793940503753,0.16025650409986858,0.39133929825375646,0.39767203775660004,0.09387908442092041,0.2044646553166367,-0.09762646290970158,0.2860364732784985,0
0.2105061928741954,2.113990222407169,0.5693561964423357,0.5985369837740325,0,1,0,1,0,0,-0.3945902466157784,-0.10182793005939353,-0.3361399854376369,-0.19881918594520176,0.09285527202542912,0.0753388736225312,0.1196037339006226,1.3454044658334927,-0.4369274656480869,-0.6321929439948443,-0.6336389414040589,0.1286661899352483,0.8925575135126336,-0.13199777072140875,1.4282198427761712,-0.7075068113041416,-0.16332215190360733,-0.5699102013412274,-0.5483077512256369,0.7192902890320441,-0.2982025206890572,-0.41585056652453256,-0.11368163096621148,0.692104431553817,0.2673552693141734,-0.7192902890320441,0.5483077512256362,-0.06326485836571254,1.4666567501381707,0.2909628074074919,-0.1344157646506147,-0.18699173903207253,0.41608517572303205,0.18764225758709038,0.5111183656893089,0.07776919801113909,-0.4150773999081907,-0.5588081172337243,-0.6060936743631827,-0.5681647828663581,-0.2792525417345383,-0.5723076854318833,-0.9479482933959068,-0.7656567202776299,-0.1469716669968365,0
2.8576332156696815,-0.05050211919562982,3.176466932553916,-0.8681093238500562,1,0,0,1,0,0,-0.5838743016777656,0.20635227147009963,0.27793272259651985,-0.42738579907031077,0.9714446884127882,0.4889921165925792,3.4852767636236064,2.541741254912821,-0.8900228963286675,2.337533196740866,1.6549451583769494,0.8078815300170037,-1.0596983335895807,3.8627229387712982,2.299418095455594,0.9969979382712878,2.3683162443133865,2.4743641627363084,0.8989187262297652,0.21031740340811067,-0.9867749335178227,-1.185113069506809,2.2185778930728315,-0.8094746964674597,0.26422525057950985,-0.21031740340811067,-0.8989187262297659,3.8917920760371234,2.367247731240644,0.391036510778763,0.8733832739329616,1.9124067299291387,-0.18250970659880966,-1.1988643086375024,-1.592872065108806,0.7598912632898273,-0.9146852597229018,-1.0899443568808573,0.10551720563822252,1.2471132084419672,0.7869036709640054,-0.9847090191502859,-0.37174181903963527,-0.32030321536567735,0.16231986177126023,1
2.215126656738738,-1.0039094601397194,0.27967722576327125,-0.13478617003801185,0,1,0,1,0,0,-0.4576849316364408,-0.01751447869755106,-0.6431763394547153,0.40818430055667,-0.38519089412160695,-0.328923322750359,0.276365394008165,0.14547843957613962,0.3773138304273755,0.8008501546705721,0.24732403857976126,0.4775006933323618,0.14010568784343785,1.040803533406932,-0.19129281923712552,-0.3555170401256646,1.5337880968873268,0.9594468619101834,1.1393967240133565,-0.4787858038769716,0.655665819318278,-0.39130667083537946,-0.8730609856760114,0.4389811292274565,0.6151797563891003,0.4787858038769716,-1.1393967240133573,1.245803281894381,0.04072103005925432,0.7367456678795146,0.42116575661981864,1.0589927181562884,0.6681251261743327,-0.22015379130249568,-0.7069813574043363,0.7598912632898273,1.0004782029001573,-0.02767187758659086,1.2185496076917033,0.5080357405521495,0.6684418695530556,2.1241625734961316,-0.6186874509066087,-0.8769950965056176,0.8427612250610729,0
1.3670179989498932,0.5163887321765315,-0.4445202009343899,-0.4281154315628296,1,0,0,1,0,0,-0.5460174906653681,0.10459465775753113,-0.6687627022894718,0.5696275538779495,-0.29267660741837764,-0.35977961871244907,0.12768797477860622,0.46843318032698805,-1.0085507420986666,0.12250400392364114,-0.27200647703895003,-0.11941537117322573,0.03041365484373975,-0.8563677283709724,-0.528704193850062,0.02476511764128748,-1.2844284726607773,-1.1896045789349454,-0.5252107151899527,0.3580292690535297,-1.0332257811147156,-1.1725834958860135,1.4036092059893928,-1.4391122927751627,-0.807795591655872,-0.3580292690535297,0.525210715189952,-0.9266927806649233,-0.7097714541928067,-0.8280431484712572,-0.6899972859210471,-1.1086788717467513,-0.7811045889206503,-0.22015379130249568,0.012804842605544792,-1.2864749325462383,-1.1644891896302574,-1.3934507795363622,-1.6278939123139191,-0.8145239388296306,-1.2607931819966884,-1.8412348661038906,-0.28942660841731066,-0.15329565102369538,-1.5078543935764617,1
0.2619067175886707,1.1863506474345409,-0.15484123025532542,1.478524768348486,1,0,0,1,0,0,-0.29363875058271866,-0.21812234573090036,-0.7199354279589849,0.9602160699778194,-0.9087324130900236,-0.9098266336888373,-1.472060560778552,-1.2346797555724847,0.5803581536208382,-1.3876273020888883,-0.9830324773494182,-1.3585023142024553,0.5181260285301249,-0.7955671685716059,-1.567399882260125,0.2939752044344288,-0.8616305350020551,-0.5732953280389417,-1.4375436385994584,-0.42709685071602743,1.2520147027350679,0.1244499186045792,-0.49795230851695566,1.0202168736700705,0.7182790605698164,0.42709685071602743,1.4375436385994576,-0.9266927806649233,-1.6103624352952797,-1.1646546961746211,-0.8579637923516437,-1.1086788717467513,-0.9701345517591269,-1.0357458890816678,-0.5408768497097485,-1.2244638357027204,1.1670141561717275,0.12408133374116129,0.03253147435602734,-0.23104172733766892,0.17767154942198057,0.4428340591057229,-0.37174181903963527,-0.5986491559356475,0.038603250264021984,0
0.08200488108800677,1.0832795835486928,-1.168717627632051,1.0385308760612593,1,0,0,1,0,0,-0.785777293743885,2.035081957904545,-0.5024513438635544,0.017017134803318904,1.269648225209414,1.5519691528518271,-1.5334431128316885,0.5338708311300466,-0.09093809572859639,-0.1561293345476768,0.38593928498396274,-0.07139600942295325,-0.8234859253165796,-0.8362329243152645,0.06629515404226005,-0.13239955981233242,0.4485437959500097,0.6072874658584048,0.8686312511301267,-0.9588735405703893,1.2967358915928673,-0.6663414401959925,-0.008733365741289066,0.6556890082858389,0.0911580392684079,0.9588735405703893,-0.8686312511301275,-0.7317251853070371,0.19081952690966666,0.4001341201761507,0.26611975068388355,0.4445346296798359,0.6681251261743327,0.5138790966987595,0.12354118106860354,0.6358690696027934,1.3057941172313696,-0.5588081172337243,0.269735101023162,0.22277777048941236,0.4822876101929924,-0.2233527107470814,1.3568776040291806,0.9044189231421907,-0.023255055489598248,1
2.0609250825953116,1.289421711320388,-1.6032360836506476,2.9451710759725747,1,0,0,1,0,0,-0.6343500496942954,0.42440430085417497,-0.5152445252809326,0.017017134803318904,0.3331423243513398,0.31324538741719665,-3.5978497819422346,0.7742319203109324,-0.23656300334981514,-1.84962896509503,-1.7876559676472008,-0.32807394736707746,1.6584856513673676,-1.2082416769669768,0.6617782559904104,0.5758772348578035,-0.454358726868838,-0.3648723201029221,0.08301123374971872,-0.529783266025729,3.7956368558172024,-0.3997026791024786,0.9020906341300035,2.048195067836771,1.9678135061713948,0.529783266025729,-0.08301123374971872,-1.0938078624002545,0.7912135143113154,0.4456221671630917,0.6924962670077037,0.4616029099152932,-0.24551969421163483,0.758556726032511,0.7879592118469556,0.44983577907224165,3.831589408516853,-0.2553016945782196,0.4339529964081015,0.858125067447326,1.734598082251598,-0.2550758902638815,-1.0302635040182315,-1.32234860141757,1.1520527538291696,0
0.004904094016293398,1.289421711320388,1.0038746524609323,-0.4281154315628296,1,0,0,1,0,0,0.31207022561564,-0.4338484868015456,-0.822280879298011,2.583328347992834,-2.257504375457842,-2.330110633335186,0.1751793291934419,2.197264711265978,-1.745810052126334,0.5321860821865156,-0.7234735214159007,-0.6903523246203827,0.7380571530386691,0.18791088486031593,1.6999357628714196,-1.8387369632608017,1.0146152191364977,-0.3551989014232392,-0.16027754582615011,-0.7825969144484197,-0.055832779515164264,-1.312856443352313,0.5388275052792777,0.2871260199639512,0.5937684172711363,0.7825969144484197,0.16027754582614942,0.0759977097470634,1.391607501712964,-0.3367722410122935,-1.1938968052128347,-0.801449827508525,0.41608517572303205,0.18764225758709038,0.2896456887631914,-0.23228628620644656,0.029018475482663446,-1.1658209625447336,0.37921369794645543,0.6117659114840535,0.7022880985276131,0.12560226393772106,-0.12479618717266176,-0.48731077970765985,0.16231986177126023,1
-0.14929748012713334,2.113990222407169,-0.8790386569529866,0.5985369837740325,1,0,0,1,0,0,-0.6848257977108253,0.7994537913947846,-0.3361399854376369,-0.19881918594520176,0.797502401739376,0.7684875510318008,-0.12470684432154786,1.4676801515790705,-0.10423260518847048,-0.2554708484006741,-0.6585430514946898,0.7339050566391967,0.8689326873540412,-0.4044076225051278,1.460407535340058,-0.09198751819734717,0.4094841184945593,-0.46972659960934277,0.18032674558006626,0.8221130942085976,-0.23067142868716187,-0.5514328587712914,0.050050878559686124,0.7511620769759861,0.39754162007012783,-0.8221130942085976,-0.18032674558006695,-0.3696425082138195,1.391607501712964,0.08171779126756346,0.020630241285320403,0.18851042614798086,-0.6235796198885869,0.35076067714292497,0.2896456887631914,-0.17027518936292965,-0.38732140769626244,-0.7105613285614767,-0.7429419205172992,-0.6070635969658218,-0.29617565622181696,-0.7309235830158842,-1.0302635040182315,-0.8213259083916238,-0.1469716669968365,1
0.3904080293748593,2.8612554355795634,1.7280720791585935,3.2385003374973924,1,0,0,1,0,0,-0.7100636717190902,0.9855248564691955,-0.6047967952025805,0.20797152045214415,0.44498297934688336,0.5972127488074458,-1.7306458438579921,-2.236671997374984,-0.9604560238296765,-1.0109915497611983,-0.8541298413200719,-0.47969417506904394,0.2809741673274151,1.3641640798013348,-0.7398629933902396,-0.8077789131400954,1.1248582757147216,1.6116838910250564,0.3871222082195544,-1.0381887348318013,3.769561849557931,2.328724004803149,0.501235654238042,2.4811745709799022,2.683906256319185,1.0381887348318013,-0.3871222082195551,0.8280155775560533,-0.9349191994684248,-1.0463857740085747,-1.2455788071914804,-0.8185181077439823,0.5421051509486824,-1.2804235184154193,-1.5375038958772762,-0.29429738304996345,3.4985175019737125,2.1727496866658176,0.0051618251252043045,0.2616765845888761,1.2776739910950803,0.2524949820049213,-1.277209135885205,-1.712032918215528,0.40975308478573785,1
1.2385166871637046,-0.2824120129387873,-0.4445202009343899,0.3052077222492148,1,0,0,1,0,0,-0.36935237260751347,-0.16869721907050997,-0.630383158037337,0.3671001751594985,-0.48561905092881463,-0.4134427421247796,-0.09234154822188322,0.36418262865263534,-1.7627929632297548,-0.07282817710481515,-1.0595678308711403,-0.944205587066436,0.4444271506259418,-0.28931545601138403,-0.019726101705608252,-1.831470279015159,0.25433765717833745,-0.23792007911161014,-1.643554298724186,0.3422733367180179,-0.160677424101492,-0.519613262610239,0.569346030559058,0.35058303591814033,1.145207423622775,-0.3422733367180179,1.6435542987241847,-0.28608496734615396,-0.03432821836595151,-0.03655113089848297,-0.9742482968035945,-0.8355863879794388,1.2352150146897614,-1.0357458890816678,-0.4301405112466897,0.5118468759157585,-0.22078545442469194,-0.5588081172337243,-0.2685346671830286,0.054216242725068246,0.19459466390925928,0.12560226393772106,-1.1948939252628807,-1.211010225189582,0.038603250264021984,0
-0.9974061379159777,0.7482986259196881,-0.15484123025532542,0.5985369837740325,1,0,0,1,0,0,-0.6217311126901629,0.40754161058180643,-0.8350740607153893,5.546014573817032,-1.420056647234133,-3.972649402447604,0.9610661338082825,-0.3305940340224027,0.16042748772504695,-0.10259398319943208,-0.17627062640522895,0.055058215242146366,-0.7520486881310139,1.123225004833011,-0.22238521527302332,-0.4883697257708402,0.9936409241759834,0.8586141428181898,0.872405678118227,-0.7901484909597473,-0.2140726637314766,0.2309700599498333,-0.7100742262756787,1.123875183858534,1.067430042130004,0.7901484909597473,-0.8724056781182278,1.2736557955169365,-0.03432821836595151,0.5911839175213025,0.22735824919990022,0.6322857122698633,1.0146800580448727,-0.8726274695258333,-1.2606630497196296,0.3258135853852078,-0.49834537654397587,-0.2553016945782196,-1.308581337954314,-1.4109724216880806,-0.9731002357129547,-0.1916295312302808,-0.4540570296619595,-0.8213259083916238,-1.0129879475475077,0
1.110015375377516,-0.17934094905293926,-0.8790386569529866,1.478524768348486,1,0,0,1,0,0,-0.5586364276695006,0.17146394676864757,-0.7966945164632545,1.9034150051523195,-0.9866064020360292,-1.3391316209874817,-1.8328718640442123,-1.0173541266070119,-0.3684373832640396,-1.6128550627866294,-1.35560269589113,0.3578498718435949,1.4543006755753511,-0.22512879348244527,0.6388214179089662,-0.12032912452495877,-0.8334856429756127,-0.8269042941882975,-0.29127919636700184,0.7769517052683067,2.3237069061656794,2.0363077391463134,0.38274707999629265,1.352393041041274,0.9550387971951337,-0.7769517052683067,0.2912791963670011,-0.23037994010104354,0.5660657690356972,-0.054746349693259644,-0.10857476366129187,-0.42594766232847037,-0.11949971898598452,0.2692014673650073,0.4557501964577793,-0.5423417704240322,2.055205906953436,1.793366658346437,-0.17730250308028428,0.04124997135858002,0.5838262971166633,-0.5723076854318833,-1.1948939252628807,-1.0440026608476,0.2860364732784985,0
1.2899172118781799,0.0783367106616796,0.27967722576327125,-1.161438585374874,1,0,0,1,0,0,-0.6722068607066928,0.6133827263203736,-0.8094876978806327,2.027824680650797,-0.7871816369767712,-1.0954116021564804,1.016980762866028,0.9495883636988451,-0.6315260317754187,0.3982531145231566,-0.27593536165286664,0.17012793253557662,-0.12426825365745853,0.5209195287790827,1.238873257191499,-0.4800764426205377,1.1300300386385682,0.3638567618949625,0.6912331826893887,-0.45352244570481864,-0.8936398514733954,-0.06226379728460996,0.3808867152462858,0.5825041780016389,0.713964793367442,0.45352244570481864,-0.6912331826893894,0.49378541408539117,1.1664597564373458,0.04532735367801011,-0.21193876761858224,0.2397152668543526,0.006520256239666901,-0.38327221085833024,-0.7069813574043363,-0.4183195767369984,-0.859173275299045,-0.1035484832504671,-0.13168642102891215,0.08014878545804377,0.31305646532020776,-0.1916295312302808,-0.04248097655033679,-0.26463402725168356,0.22417816752487937,1
-0.6119022025574117,0.9802085196628456,-0.15484123025532542,-0.13478617003801185,1,0,0,1,0,0,-0.5333985536612357,0.07842841423144209,-0.6175899766199587,0.3323811959506212,-0.16508329654252002,-0.19655428499994362,-0.2386844702999123,0.6676728005068108,-0.3528131066378307,-0.41570927874107605,-0.47558534120779333,1.170377668848449,0.43668419795310454,-0.4319824071823299,0.10289247591755014,0.44205786926470997,-0.2242526930450815,0.4636883467651915,0.6257323574189628,0.9756618166055823,-0.09973516518688057,-0.8133264486133912,0.9265328627955947,0.33923128456438706,1.0709856568236615,-0.9756618166055823,-0.6257323574189636,-0.3974950218363748,0.11577027848446049,0.07262018187017576,0.29196075167320634,0.18851042614798086,0.25856020669096863,0.02452383803125581,-0.26403600355210183,0.139780294854656,-0.44283339212011924,-1.0899443568808573,-1.4454295841084306,-0.840456481562607,-0.6684841749419423,-1.0798785577006862,-1.5241547677521787,-1.378017789531564,-1.2604211705619852,1
1.2899172118781799,0.0010334127472937634,2.8867879618748513,1.0385308760612593,1,0,0,1,0,0,-0.4955417426488382,0.014466485612113323,0.3035190854312764,-0.4291217480307546,0.7885216736685329,0.3427601052939785,2.532403339085678,-2.1873210811217962,2.3549200431481285,0.5822868809591298,1.7770729469877538,0.6189977676200801,-1.3895742562104343,3.6625247964836305,-0.8451306046043455,1.2492196992388875,1.8258826809269422,2.219615847599896,0.5061221547512287,0.3422733367180179,0.13818313390210252,2.155533541431657,-1.9639092658253725,1.023882000973122,-0.1432590029352395,-0.3422733367180179,-0.5061221547512293,3.668971967056682,-0.7097714541928067,0.35464607318920965,0.9767472778902511,1.7758604880454831,-0.2770246880180474,-1.0357458890816678,-1.3160312189511594,1.13195784435093,0.05677446769459199,1.8692432640103136,-0.23204180154193166,-1.1775795370912954,-0.7700228618656133,0.7917890337905242,-0.04248097655033679,0.1250502895462747,-0.1469716669968365,1
0.7502117023761872,-0.2824120129387873,0.27967722576327125,0.3052077222492148,1,0,0,1,0,0,-0.8236341047562825,6.683951224373031,-0.630383158037337,0.3671001751594985,1.891365728399917,4.8567231696611834,-0.47762637140903486,1.2322641878702707,-0.7258012979842505,0.025783804221492356,-0.29661322013194297,0.009394728972692366,0.34362307826257005,-0.7756827057308948,1.1058854097471489,-0.20540496724329654,0.43284960476291834,0.7521348657116703,-0.2859102762628674,0.29637562078413626,-0.11090192381649217,-0.5834695433310544,0.7857825059318959,0.39437400253621313,1.1199250182845153,-0.29637562078413626,0.28591027626286675,-0.7595776989295921,0.9413120111617277,-0.17301527185930607,-0.25070026910256554,-0.06751377738387422,0.4475901695294441,-0.5463906304141645,-0.4855086804782194,0.3258135853852078,-0.3318094232724056,-0.7864379342253526,-0.934529465133063,-0.4385020692014777,-0.2623294272472596,-0.6040308649486834,-1.277209135885205,-1.32234860141757,-0.7036964187794109,1
1.1871161624492292,0.7482986259196881,1.4383931084795292,0.5985369837740325,1,0,0,1,0,0,-0.6974447347149578,0.9622659733348942,-0.8350740607153893,5.546014573817032,-1.1334967046989404,-3.5460275713195757,1.1559644871133554,0.05301553029287051,-0.2505067303526899,0.48114754451505115,0.15499526206437303,-1.1673442445681206,-1.1033523936773344,1.5115326105837508,0.6125418795788924,-0.7824043638133741,1.766646106255237,1.0992442500351216,-0.5252107151899527,-1.0712207285677868,-0.09709118397695916,0.5408655290758909,-0.4437898384259703,1.1017767461044283,0.8716966279002515,1.0712207285677868,0.525210715189952,1.1622457410267157,0.340918023760079,-0.555114866549611,-0.8450432918569822,-0.18699173903207253,0.1010352376589052,-1.5251011477491712,-1.5375038958772762,-0.23228628620644656,-0.4150773999081907,-0.02767187758659086,-1.3359509871851372,-1.3202085221226638,-0.8884846632765624,-0.5723076854318833,-0.12479618717266176,-0.5986491559356475,-1.198562864808365,0
1.2899172118781799,-0.17934094905293926,0.27967722576327125,1.478524768348486,1,0,0,1,0,0,-0.6722068607066928,0.6133827263203736,-0.7966945164632545,1.9034150051523195,-0.6402913343138573,-0.9992651727093881,-1.125940720720695,-0.66773268489813975,-0.2883073991345526,-0.3639892465904633,-0.5297156540168766,0.9408656805815739,0.9704865478973503,0.9110836614531282,1.1549053747786369,-0.274045202884917,0.8530665036060712,0.3155541550374085,0.416552302523086,0.8700970699576539,2.475992040150887,2.0734429169446296,0.11873687289125148,1.3376121317852716,0.9967335083185173,-0.8700970699576539,-0.4165523025230867,0.6887530094432773,0.8662627627365218,-0.4277483349861756,-0.4961897785011287,-0.15285517856115927,-0.37153966943728567,-0.22015379130249568,-0.4301405112466897,-0.728375060954584,2.3050098368607914,1.9451198696741894,0.023408257945752128,0.08014878545804377,0.6176725260912207,-0.12818317219668063,-1.3595243465075295,-1.211010225189582,0.47161139053935697,0
0.3904080293748593,0.7482986259196881,1.7280720791585935,0.3052077222492148,1,0,0,1,0,0,-0.7100636717190902,0.9855248564691955,-0.8478672421327675,6.6541286602337,-1.5270391461761088,-4.384513874637241,1.545916065300437,-1.3835380353698934,-0.22010081242861232,0.3684076425439903,0.555304350477282,0.48098248717917713,-0.5564308680533457,1.1940152612216526,-0.6962195473597456,-0.48367409678777656,1.0959126273635693,1.4189529691398344,0.03622492998512883,0.6200753015809853,-0.9565879402098121,1.2014919142304008,-0.18516063790886417,0.5889932441743122,0.6634085453923717,-0.6200753015809853,-0.036224929985129536,0.6330479821981672,-0.9349191994684248,-1.1919475243667854,-1.2197378062021575,-0.801449827508525,0.006520256239666901,-1.5251011477491712,-1.7036084035718644,-0.728375060954584,-0.9424412519348303,0.9587239960437993,-0.33239718205494984,-0.37367071236903754,-0.1269445113490324,0.12560226393772106,-0.8656330827735822,-0.7099875321636356,0.10046155601764112,1
1.2899172118781799,0.38754990231922204,2.8867879618748513,1.7718540298733036,1,0,0,1,0,0,-0.4955417426488382,0.014466485612113323,-0.7327286093763631,0.9833620561170708,-0.6651349301397204,-0.7488372634518456,1.7047356147259964,-0.1729427964319202,1.5333091883082146,0.38425260079477913,0.6604315572206838,-0.4152312489908779,-0.3797649103753885,3.6098202922957854,-0.9124460238336346,1.5917974442748783,1.5763276480715294,2.1429385201446984,0.03622492998512883,-0.6022533438160685,1.23641353270431,-0.6766989807202383,-0.4964821074432571,1.0439590386471915,1.2335690061222528,0.6022533438160685,-0.036224929985129536,3.585414426189017,-0.7848207026180125,0.3091580262022686,1.1188727833315248,1.8099970485163963,-0.5290646384693491,-1.5251011477491712,-1.7036084035718644,0.9459245538203791,0.6396503041450882,-0.9381911455531051,-1.244718823082393,-1.268343436656712,-0.8546384343020056,-0.12818317219668063,-1.4418395571298541,-1.7677021063295222,-1.0748462533011267,1
1.2899172118781799,0.7482986259196881,2.8867879618748513,0.5985369837740325,1,0,0,1,0,0,-0.4955417426488382,0.014466485612113323,-0.8350740607153893,5.546014573817032,-1.7245911442326685,-4.274951664337066,2.568873311287924,-1.232208424203759,1.8326454336408524,0.0051241260184330915,0.853585497374911,-0.9974157194720904,-1.4748361426183985,3.5502682647988744,-1.166493847785147,2.0996808207473667,1.307747677310756,2.082659551639074,-0.37315522795503414,-0.9902652685099177,-0.024694654003720076,0.522676803223964,-0.39531096936780674,1.2898178472588844,0.9236087436246575,0.9902652685099177,0.3731552279550334,3.0283641537379133,-1.1600669447440433,-0.4095531161914002,0.6795757665130432,1.2296755205108585,-1.2851844898232538,-1.7697787770829225,-1.8697129112664523,0.2638024885416898,-0.3040534310604773,0.04820472807728505,-1.1078705769282764,-1.112748180258855,-0.6177148314801074,-0.5088613263982832,-0.04248097655033679,-0.48731077970765985,-1.0129879475475077,0
0.7502117023761872,-0.87507063028241,0.27967722576327125,-0.13478617003801185,1,0,0,1,0,0,-0.81101516775215,5.451230418255058,-0.7455217907937414,1.049906766267419,0.9787998169698778,3.3809872758220934,-0.7596605069836001,0.8803043258049652,-0.1521127242450052,0.32052179033813016,0.5735042797584868,-0.6304149607422694,-0.8272230058148069,-0.9486376827244343,0.8249116292449312,-0.22755611671622425,0.4823448847298981,0.5938259777393986,-0.67984341407292,-0.18555039652161812,0.10845883202641518,-0.38186695235526497,-0.020728762022219044,0.045280670561933224,-0.1658281631972143,0.18555039652161812,0.6798434140729193,-0.9545452942874786,0.5660657690356972,-0.45504116317834126,-0.4961897785011287,-0.2894014204448148,0.06953024385249205,-0.7910682597479163,-0.5962450189412776,-0.046252995675895824,-0.16527347000083534,-0.6346847228976005,-0.9801455471844351,-0.840456481562607,-0.7700228618656133,-0.857816301083085,0.2044646553166367,0.1250502895462747,-0.7036964187794109,1
0.7502117023761872,-0.1535731830814779,0.27967722576327125,-0.8681093238500562,1,0,0,1,0,0,-0.81101516775215,5.451230418255058,-0.7199354279589849,0.7981941670030586,1.110896751962668,3.575516098191792,-0.4197997386297662,-0.5930323943434302,0.24120324406530358,0.005659313289207555,1.1633296092289551,0.25158544292496365,-0.5533426314338087,-0.9267834675330473,0.4469792481127224,-0.03681176331624531,0.3256059649844547,0.7069260770010845,-0.5566704711695901,0.895231533445257,-0.34228936517912617,1.2617295708370089,-0.36672518701368323,0.3152199340433051,-0.8222097449925302,-0.895231533445257,0.5566704711695893,-0.8988402670423681,0.340918023760079,-0.18211288125669506,-0.173177266134598,-0.03337721691295973,0.3215701943037938,-0.7910682597479163,-0.6516131881728072,0.20179139169817292,-0.38732140769626244,1.0346006017076752,-0.2867811000035777,-0.4255357978349895,-0.2792525417345383,-0.8895394805998851,-0.7010026615289333,-0.3759724034796717,-0.76555472453303,1
0.7502117023761872,-0.17934094905293926,0.27967722576327125,1.478524768348486,1,0,0,1,0,0,-0.81101516775215,5.451230418255058,-0.8094876978806327,2.1117288804055834,0.44498297934688336,2.560388680308539,-2.2009999977741956,-0.9596510012232943,-0.3139659261757008,-0.4887737311935159,-0.27177062308312394,-0.02039582676211257,0.18504834805770873,-0.7921422139918648,0.38190270080014393,-0.1426442295981042,0.6683333267055874,0.8255773167822605,-0.6392523306161391,0.6061852033378352,2.269044908491926,1.69973285784902,0.28585824481393723,1.3230096640896973,1.1593306844881008,-0.6061852033378352,0.6392523306161384,-0.8431352397972577,0.11577027848446049,-0.6278957417287164,-0.5995537824584191,-0.32353798091572933,-0.05648973137315825,-1.2804235184154193,-1.2052948804881005,-0.35630847989348147,2.0829618991653644,1.5657368413548085,-0.031331040515893936,0.11904759955750843,0.65151875506577694,-0.15990635171348128,-1.277209135885205,-1.211010225189582,0.34789477903211874,1
1.3156174742354179,0.4133176682906843,-0.4445202009343899,1.7718540298733036,1,0,0,1,0,0,-0.7983962307480176,2.157191094359627,-0.7711081536284979,1.1858894348355218,0.5464568506828977,0.7425503747158411,-0.9748446771824567,-0.28188362338902156,0.7315993527440056,-0.6474397513245355,-0.37272191038659586,0.16997773643049385,0.4830001178772307,-0.027552932794737445,-1.2067187432951407,0.6390515869140198,0.29777098438848004,0.6428034530479867,1.0520428134163116,-0.8115738940849077,1.3280146881706152,-0.8219702271943868,-0.3579356089759598,1.169913945615762,1.1121291982788157,0.8115738940849077,-1.0520428134163122,0.02029268250195297,-1.0850176963188372,0.21818193222838655,0.5245297605771081,0.6322857122698633,-0.05648973137315825,-0.13859458152457876,-0.5962450189412776,-0.17027518936292965,0.77843026520473,-1.0140677512169813,-1.0805009276974533,-1.0738493661593913,-0.6177148314801074,-0.28679906978068154,-1.1125787146405561,-1.4893561657595522,-0.9511296417938885,1
0.4161082917320974,0.7740663918911503,1.7280720791585935,0.5985369837740325,1,0,0,1,0,0,-0.7479204827314877,1.1890400838943325,-0.8478672421327675,5.6617445045132895,-1.2922481779456862,-3.4610609592500525,1.0472721485003234,-0.9680556981243936,-0.407385359143958,0.0900794273434945,0.06121673986800254,-0.03191944123576172,-0.8998413978466954,1.3389771267694266,-0.8288895789231481,-0.7462272184938483,1.4551362900994596,1.2807855958302672,1.0187373090415208,-1.0539055705610194,-0.11836724753867489,0.49832344210007534,-0.19297695526760322,1.3211967414856258,1.1708530896622347,1.0539055705610194,-1.0187373090415215,0.8001630639334981,-1.009968447893631,-1.06458099280335,-1.232658306696819,-0.6990401460957827,0.006520256239666901,-1.2804235184154193,-1.7036084035718644,-1.0384305451721696,-0.27629743884854874,0.19995793940503753,-0.669956189235104,-0.6589286824317738,-0.14386762583630988,-0.15990635171348128,0.03983423407198747,-0.4316415915936655,-0.5181215015185524,0
0.7759119647334253,0.0783367106616796,0.5693561964423357,-1.161438585374874,1,0,0,1,0,0,-0.8236341047562825,5.686726609989859,-0.7966945164632545,1.9120947499545389,1.048156237724814,2.895783201635605,0.42969989539417436,0.36221543776437376,-0.4864281768534236,0.875207846228323,0.8102931523853271,0.7536069453847529,0.010453088915058356,-0.23472888561720803,0.6556689260193487,-0.329147654996526,1.4857434273145824,1.3421403710788078,1.5427439112049288,-0.5022446364654003,-0.832046501383458,0.159682680841904,0.33420196280634656,0.29088841316663294,0.2569180629418226,0.5022446364654003,-1.5427439112049297,-0.3696425082138195,0.340918023760079,-0.646090960523493,-0.7029177864157086,-0.135786898325702,0.006520256239666901,0.10608304780917345,-0.5408768497097485,-0.6043528672675491,-0.8869292675109735,-0.1035484832504671,-0.7155722712864762,-0.4514683405679659,-0.3130987707090945,-0.7626467625326843,-0.28942660841731066,-0.5429799678216537,-0.5799798072721716,1
1.3156174742354179,0.7740663918911503,-0.4445202009343899,0.5985369837740325,1,0,0,1,0,0,-0.7983962307480176,2.157191094359627,-0.8478672421327675,5.6617445045132895,-0.7344913508946546,-2.716485121903966,0.1721037644109772,-1.3173071806783805,0.7636415956791632,-0.8596280793621238,-0.32899458126497116,-0.7279702028423708,-0.39474327068823756,-0.1335938240867111,-1.3385066280007132,0.6401545707849603,0.17861508013433558,0.7046243090639382,0.9704170281043213,-1.9553123256192235,-0.37279984882303546,0.4671588900131394,-0.40063003607087655,1.3384137325854628,1.1156375622788617,1.9553123256192235,-0.970417028104322,-0.007559831120602114,-1.1600669447440433,0.5365982611369737,0.8087807714596554,0.8541733553308051,0.3215701943037938,-0.05703537174666111,-0.4855086804782194,0.07776919801113909,-0.3595654154843339,0.4275877563966659,-0.013084607695344815,-0.21807545597118072,0.31305646532020776,0.47455723862252236,0.7806711296729086,-0.09762646290970158,-0.20882997275045564,0
-0.1749977424843705,0.7740663918911503,1.4383931084795292,0.5985369837740325,1,0,0,1,0,0,-0.785777293743885,2.1193954092663874,-0.8478672421327675,5.6617445045132895,-0.923865887798175,-2.745552647085645,1.8744874433845513,0.7437785682336047,0.38083286981247705,-0.1801603961916259,-0.14921255491285226,-1.9269913937896008,-0.9251273558122995,2.287262182540132,1.3879390003318564,0.22653561918270948,1.3764488281110852,1.1868269859883713,-0.6045440128777345,-2.028607038817399,-0.321114997304074,0.3695473950381444,-0.2929648407435216,1.6082481683183383,1.352689183903997,2.028607038817399,0.6045440128777338,2.248493772306368,1.391607501712964,0.21818193222838655,0.3048812521678669,0.8712416355662611,0.038025250046078915,-1.3619827281933365,-1.3160312189511594,0.5118468759157585,-0.38732140769626244,0.19995793940503753,-0.378013264106322,-0.46443461193445323,0.1607484349347019,0.12560226393772106,0.36909507656128593,-0.48731077970765985,-0.5181215015185524,0
0.4161082917320974,-0.10203765113855341,1.7280720791585935,0.5985369837740325,1,0,0,0,1,0,-0.7605394197356201,1.3053344995658394,-0.3361399854376369,-0.20865623005438366,1.2537853574543922,1.1651474715879442,0.8870499357847788,-0.8592428308946395,-0.2560554813831299,0.7252574210230988,0.2928213570956738,-0.11928774721573115,-0.6075903581318544,1.1135269111127457,-0.8186433102115357,-0.7978212586710888,1.195627537971464,0.806467675562827,0.19616880564547262,-0.3572520928766799,-0.12084155960189677,0.359238854021546,-0.4516970024154299,0.20578781392599887,0.40667661355776147,0.3572520928766799,-0.19616880564547334,0.605195468575612,-1.009968447893631,-1.1009714303929035,-1.2843403086754637,-0.8355863879794388,-0.2140147004052217,-1.2804235184154193,-1.482135726645747,-1.1004416420156866,0.3620903820258042,1.1104772073715516,2.085255166667774,1.4675398216722642,1.480751364942421,2.314501650596933,0.8629863402952329,0.7374113588002092,2.265502257394317,1
0.4161082917320974,0.4133176682906843,1.7280720791585935,1.7718540298733036,1,0,0,1,0,0,-0.7605394197356201,1.3053344995658394,-0.3745195296897717,-0.16815075431069346,1.2037655706025385,1.1338439829307514,0.588398534932088,-0.5659703254000187,-0.732178037513926,0.1739597113384615,-0.060361312613109265,-0.458035360301425,-0.15371891683480662,1.0973740175231366,-0.8712892797320708,-0.6592723260960186,1.121255011186767,0.7669721971004894,-0.4157307643808121,-0.21238889143210804,0.2783007023139461,-0.09602644009059602,0.33840679764524106,0.8768089284892622,0.8272717340938611,0.21238889143210804,0.41573076438081064,0.8001630639334981,-0.9349191994684248,-0.5642124759469986,-0.7933612898783374,-0.3576745413866426,0.1010352376589052,-1.1173050988595852,-1.0945585420250417,-0.23228628620644656,0.3065783976019474,-0.02767187758659086,0.20587258615124074,0.35244048415429274,0.7022880985276131,-0.033013633646279864,-0.4540570296619595,-0.5986491559356475,0.5334696962929761,0
-1.3572098109173063,1.109047349520155,-2.327433510348309,1.0385308760612593,0,1,0,1,0,0,0.4256406586528323,-0.46582945111120994,-0.4896581624461761,-0.009022099603339084,-0.8261643887198769,-0.3512829575054967,-1.6527214020623715,-0.09354910647661432,0.29493047731007604,-1.00006792890851,-0.1047754303470783,-0.22013847763872374,0.024438746122918555,-0.9738829082315447,-0.49985755023943473,0.1716249086348656,-0.9387546542954435,-0.3085890528890987,0.416552302523086,-0.7133741297612556,1.3250570142747713,-0.3723472362609128,-0.2307133609774011,0.4201742072607148,-0.1650639572316257,0.7133741297612556,-0.4165523025230867,-0.9266927806649233,-0.4846237089171882,-0.06384395909064733,0.03355074177998182,-0.34060626115118536,0.19555021907814235,1.4110304042558486,1.2862727349307197,0.20179139169817292,1.2502821328075124,-0.3311783002420958,0.06902433999712428,-0.06248019957332482,0.10997909147286698,-0.2233527107470814,1.2745623934068555,0.9600881112561845,-0.2706882785040748,0
-1.5628119097752085,-1.1842838219399534,-0.15484123025532542,0.3052077222492148,1,0,0,1,0,0,0.9430170758222637,-0.559446455726773,-0.2849672597681238,-0.2312235665401539,-0.763116606773838,-0.25155898649758246,0.10890679344299799,-0.00803721690803995,-0.7959683458468368,-0.003904744778001008,-0.26212364890152084,0.13053471380652593,0.3248961976456153,-0.33883956221577716,-0.47879423457476056,-1.3742141986740808,-0.13166279653376697,-0.282655934582104,0.5581846313588362,-0.3755669404878874,-0.49000204550901255,-0.4686142210684052,-0.2928373470852965,-0.12527951697048265,0.0648150757248395,0.3755669404878874,-0.5581846313588369,0.0759977097470634,0.06573744620098994,1.9315650354031637,0.7398714354881283,0.6493539925053206,2.6949463943868825,2.2266225020350205,2.0429710477616196,2.413520512450285,-0.44283339212011924,-0.4070549059059717,0.12376363845877164,-0.0495139282068366,-0.093098282374475,0.506280418139323,0.4514102871836102,0.29205785388825667,0.10046155601764112,0
-0.9460056132015023,1.4182605411776974,-0.15484123025532542,-0.4281154315628296,1,0,0,1,0,0,-0.6469689866984278,0.43661521449968316,-0.5408308881156891,0.10670783109291863,0.3249648631982956,0.25332156627342756,1.6596035492065198,-0.013684130499100194,-0.2962723165093962,2.0373856661507315,1.9551475815626709,1.4232549133975991,-1.8319995152443447,1.2847637461580643,-0.19129281923712552,-0.5441945371703711,1.203545293186011,0.8874969646359486,0.7902460580981725,1.1573935323539142,-1.0239983371497468,-0.17285104841342477,-0.14184884608542764,-1.558961683250593,-1.6753195625716277,-1.1573935323539142,-0.7902460580981732,1.1900982546492709,-0.18442671521636386,-0.009258302706318612,-0.28946177058654887,0.18851042614798086,0.4790951633358572,-1.1173050988595852,-1.482135726645747,-0.29429738304996345,-0.9979532363586869,-0.2553016945782196,-0.2959043164138529,-0.32180562690308556,-0.8884846632765624,-0.5723076854318833,-0.12479618717266176,0.514734606344233,-0.8274130302866491,1
-1.6142124344896835,1.830544796721088,0.27967722576327125,1.0385308760612593,1,0,0,0,1,0,0.48873534367349464,-0.4855995017753661,-0.42569225535928473,-0.0842465545559066,-0.7535731842691189,-0.3083524587756323,-1.936479419666059,-0.42229323764649224,-1.851794179065114,-0.880175004192488,-1.3389590698100797,-1.897905408341222,0.10459659224037567,-0.075127353876773,0.8833820195112881,-2.485261879263173,0.8894681095939153,0.1021174877943493,-1.2094604077470812,-1.388988508307989,2.6176554053863406,1.4645634362606963,0.03401616733668429,2.0710409981560196,1.8404102188404026,1.388988508307989,1.2094604077470805,-0.09111737198826762,0.7912135143113154,-0.054746349693259644,-1.3231018101594472,-0.972132629863095,1.7707999093987767,-1.1173050988595852,-0.762349526635866,0.139780294854656,2.055205906953436,1.0346006017076752,-0.642586540004281,-0.5292659687668935,0.2622871218583729,-0.2550758902638815,-0.5363722402842841,-1.0996718489615938,-0.3944048900113141,1
-1.485711122703495,-0.978141694168258,-0.4445202009343899,-0.4281154315628296,1,0,0,1,0,0,1.1827768789007806,-0.6007309732901579,0.15000090842273722,-0.411762258426316,-0.4758632570784979,-0.14378554697781856,-0.48010687089059223,-0.046788821712946016,0.747608463762139,-0.3319764359062989,-0.6171781508942912,-2.600405067251663,-0.8072831595980099,-1.0190885091437651,0.4281055303008451,0.09731258267840866,-0.7383576551659506,-1.5193659246709408,-3.2824835503831267,-0.29111514316954507,-0.35066093971237544,0.49308584847742426,-0.9242160541925303,-0.2836640641550991,-0.6810032818013445,0.29111514316954507,3.2824835503831262,-1.0778921403302228,0.02999970885565349,-0.9580089970053746,-0.7675202888890147,-0.9843242586027074,-1.5507265804773032,-1.618311673209648,-0.30358469586033693,-0.39174339237549116,0.3620903820258042,1.793366658346437,3.4263679789781154,2.2066172895620815,1.9207523416116614,2.948965240932937,2.756236184608697,2.7971713190179877,3.007801926437751,0
0.13340540580248203,-0.23087648099586283,0.27967722576327125,0.3052077222492148,1,0,0,1,0,0,-0.4198281206240434,-0.049495443007215444,-0.6431763394547153,0.3671001751594985,-0.4479314083594577,-0.3217682396287149,0.18556773016096872,-0.26363354462183836,-0.7852709477070994,-0.08491076943087797,-0.21030613887083233,1.019196131905736,0.6577620361308811,0.04978293583122322,-0.2865563736085049,-0.1924511872581106,-0.014759104217703045,0.12282944527144886,0.8686312511301267,0.5285640660967139,-0.20829392310011954,0.0747794291202553,0.8800968089754218,0.10007409641765345,0.3933273269740506,-0.5285640660967139,-0.8686312511301275,0.04814519612450831,-0.25947596364157,0.03622974428062242,-0.06981326217730856,-0.06751377738387422,0.3215701943037938,0.5138790966987595,0.12354118106860354,-0.17027518936292965,-0.4150773999081907,-0.2553016945782196,-0.9527758979536108,-0.41256952646850126,-0.3469449996836519,-1.1116017372174867,-1.1125787146405561,-1.0440026608476,-0.9511296417938885,0
2.1637261320242622,2.6035777758649448,0.5693561964423357,-0.13478617003801185,1,0,0,1,0,0,-0.34411449859924853,-0.1762563560891579,-0.16982862701171944,-0.31628506560190334,0.20291815636124805,0.10887832575523779,0.5438095717462598,-0.568866246862944,0.7916605752480824,1.278107265793131,1.4712743640162593,0.10460534191914025,-1.1362866315685736,-0.26502236727343337,-0.04958347979227241,-0.14901492648141915,0.5974072919491181,0.21148973553968167,-0.653257441282515,0.7905619868667512,-1.020987674022238,0.7311151349513708,-1.2319721573194902,-1.1342616151425666,-1.706250166685165,-0.7905619868667512,0.6532574412825142,-0.3974950218363748,-0.25947596364157,-0.6551885699208807,-0.625394783447741,-0.3747428216220998,-0.5605696322757617,-0.8726274695258333,-0.7069813574043363,-0.17027518936292965,-1.053465220782544,0.35171115073279,-0.7794347861583975,-1.2294446225572482,-1.5146398993058652,-0.3819686083310823,-0.20711139779498602,0.18071947766026855,-1.136704559054746,1
0.4161082917320974,1.0317440516057692,-0.8790386569529866,-0.13478617003801185,1,0,0,0,1,0,-0.05387894750420167,-0.3751198068874346,-0.7455217907937414,1.0990919868133286,-1.2817155187258866,-1.1378949081912422,0.7311640476639448,1.4953501940444909,-1.772315613818527,0.2613148980817449,-1.0390443861287584,-1.1918594819033153,0.6161458468343152,-0.07748031763529314,1.6870261080345532,-1.521066629349125,-0.3636986363831103,-1.7008273376467624,-0.9197330604481181,-0.7133741297612556,-1.09411882724154,-0.3623893491231258,0.8942895456251013,-0.7136569107580103,-0.3097182658633027,0.7133741297612556,0.9197330604481174,-0.4253475354589299,0.7912135143113154,-1.4375829780962672,-1.8528423304405577,-1.8596832021068592,-1.033144539371952,-0.22015379130249568,0.2342775195316623,-1.9065859009814097,-1.053465220782544,-0.4070549059059717,-0.23204180154193166,0.2487103132223888,-0.0592520533999176,-0.6992004034990842,0.7806711296729086,0.45906541823023866,-0.45626319576493324,0
-0.9460056132015023,-1.1842838219399534,-0.15484123025532542,0.3052077222492148,1,0,0,1,0,0,-0.6469689866984278,0.43661521449968316,-0.2849672597681238,-0.2312235665401539,0.7118913981583822,0.5144821002134362,0.9744210745267882,0.028342702847393635,0.013482832532396965,0.48986144983626156,0.03531315716314598,0.17012793253557765,-0.2837290299879547,1.1020824825023583,-0.3561023450042538,-0.5334431067809773,0.8562350644511711,0.5032602669817405,0.5274811195133241,-0.29111514316954507,-0.25376839309390786,-0.39563676105432216,-0.5544903610071314,0.18725681746107717,0.44542686523668135,0.29111514316954507,-0.5274811195133248,1.0229831729139398,-0.3345252120667762,-1.6069330893092284e-4,-0.2765412700918884,0.06903246449978255,0.3530751881102058,-0.709509049969999,-0.983822203561983,-0.5423417704240322,-0.3318094232724056,-0.482931511569848,-0.39625969692687113,-0.6070635969658218,-0.4992530300691578,0.47455723862252236,-0.37174181903963527,-0.5429799678216537,-0.332546584257695,0
-1.6142124344896835,0.1298722426046032,0.27967722576327125,-1.161438585374874,1,0,0,1,0,0,0.48873534367349464,-0.4855995017753661,-0.7966945164632545,2.027824680650797,-2.0154395524722046,-1.9406057959006866,0.724847401028758,0.329285229047574,-2.0002047529847538,0.6692312056926175,0.38051155086870453,-1.1344150659693897,-0.8341159604751446,0.1464806123727747,0.6110529797708275,-2.368619042276227,0.8842728170937535,0.21864885226184747,-1.321428539256431,-0.2366301126415829,-0.8615562539181678,0.1601851502294455,0.35411319584805256,-0.027258395156211684,-0.2812156043619326,0.2366301126415829,1.3214285392564302,0.1317027369921738,0.5660657690356972,0.00893691608845806,-1.2197378062021575,-0.8697229484503528,1.833809897011603,-1.1988643086375024,-0.8177176958673952,0.2638024885416898,-0.9424412519348303,-0.17942508891434333,-0.934529465133063,-0.6329961396987983,-0.6007917169928287,-1.175048096251087,-0.28942660841731066,-0.4316415915936655,-1.198562864808365,0
2.1123256073097876,-0.978141694168258,-1.6032360836506476,-0.4281154315628296,1,0,0,1,0,0,-0.571255364673633,0.22088907342903796,0.15000090842273722,-0.411762258426316,0.8608681594854811,0.48809773120237365,-0.5266771558670366,0.1112293128158852,1.0009545471978416,0.010158067128375286,0.6695508547337912,0.07538241156806573,-0.7273028159934429,-1.1630697323361323,0.4216831874287203,0.526457722915907,0.09396520979672392,0.3667705702271379,0.3422533759207262,-0.2366301126415829,-0.4297681665410059,0.269767237655351,-0.8392991580540363,0.07945140020087274,-0.5123688273253402,0.2366301126415829,-0.3422533759207269,-1.1495128896453646,0.19081952690966666,-0.5187244289600577,-0.18609776662925942,-0.135786898325702,-0.5605696322757617,-0.30171300108041293,-0.4855086804782194,-0.4803306735805153,0.038270472886639546,1.0851850054835932,2.310294504787878,1.3897421934733356,1.345366449044194,1.8915259237062645,1.8507688677631275,1.8693515171180877,2.018069034379841,0
-0.2263982671988458,2.165525754350092,0.27967722576327125,0.5985369837740325,1,0,0,1,0,0,-0.6217311126901629,0.3662570930184215,-0.3617263482723934,-0.17277995153854375,0.5352993436160366,0.4152053219006247,-0.1780778017588818,-0.0987468907781772,0.411561950874381,-0.2291306379792778,0.19065594101369673,0.14193302210759504,-0.06716242710521511,-0.2339000641034548,0.005543023929320094,0.5790729442146371,0.37288974612505277,0.5657379725176304,-0.7581467807413153,0.9455004604204603,0.0139113301482797,0.14108608625308652,0.019293489101616275,0.679291798802518,0.3044709573253675,-0.9455004604204603,0.7581467807413146,-0.45320004908148526,-0.3345252120667762,-1.028190555213798,-0.6124742829530796,-0.4430159425639276,-0.9701345517591269,-1.3619827281933365,-1.2606630497196296,-0.9764194483286528,-0.10976148557697851,-0.02767187758659086,-0.4509989953885172,-0.37367071236903754,-0.093098282374475,-0.5405845059150832,-1.0302635040182315,-0.7656567202776299,0.10046155601764112,1
0.6988111776617119,-0.8235350983394863,1.0038746524609323,-0.13478617003801185,1,0,0,1,0,0,1.43515561898343,-0.6309675213647497,-0.7583149722111197,1.1656366969636769,-2.0608559837991,-1.386086853973271,1.8537078748716727,1.5933186909729653,0.1393436523241206,0.5522782552122245,0.4397042244529955,0.5611158211812719,-0.16026728577451166,2.4739419215731075,1.8438399482097136,0.18249690703381266,0.6431354504218071,0.005983453161122891,0.010024599876957354,0.7553527801229527,-0.1056923057946539,-0.3397615230548663,-0.007095649132696062,-0.10837018925921063,-0.5657953493003713,-0.7553527801229527,-0.010024599876958064,2.443461367664254,1.841902992264201,0.2454747604205509,0.3048812521678669,0.5640125913280355,-0.49755964466293656,0.2692014673650073,0.2896456887631914,0.2638024885416898,-0.3040534310604773,-0.5588081172337243,-0.8341740846200435,-0.7107937678977266,-0.7023304039164997,-1.016432198667086,-0.37174181903963527,-0.04195727479570725,-0.76555472453303,0
-0.12359721776989524,-0.5658574386248675,1.4383931084795292,-2.334755631474145,1,0,0,1,0,0,-0.7983962307480176,2.3519842406094007,-0.19541498984647596,-0.31049856906709045,1.8665221325740589,2.0488002371109872,2.1888112279608456,1.4871598000741078,-0.11380339412122652,1.4568418633476532,1.0292094167183974,0.2924642411372516,-0.8513366954506271,1.9466620610743572,1.3478725420585005,0.3999515432790553,1.0731400287310575,0.8078613257983186,-0.671183982935474,1.0645584453617318,-1.0985134994464922,-0.6909043735142857,0.5574857820156455,-0.9039920871959908,-0.5493033010645713,-1.0645584453617318,0.6711839829354733,2.109231204193592,1.5417059985633763,0.6002815269186915,0.7312577684916879,1.178470679804488,-0.024984737566746233,-1.1988643086375024,-1.0945585420250417,0.6358690696027934,-1.1644891896302574,-0.9381911455531051,-1.1991027410310207,-0.7756251247301669,-1.0407926936620688,-1.1433249167342867,-1.0302635040182315,-0.7099875321636356,-1.136704559054746,1
-1.1773079744166424,1.3409572432633117,0.27967722576327125,-0.4281154315628296,1,0,0,1,0,0,-0.2684008765744537,-0.23498503600326887,-0.8094876978806327,2.265071038578125,-1.604573028084084,-1.9312147493035288,-0.11115631227362542,0.6817690796555133,-0.6287400647122586,0.07536211056224978,-0.05349677162986204,-0.08812106932496246,0.031249590815227504,-0.2349849090167448,-0.6218607408743799,-0.38604487586146763,0.12349728595944963,0.43755897265008864,0.2654778184316193,-0.3834842964864804,-0.08022859428566995,-1.5587158966255223,0.47157086116363445,0.020648445331671157,0.49673959602400464,0.3834842964864804,-0.26547781843162,-0.3417899945912644,-0.7097714541928067,-0.5187244289600577,-0.625394783447741,-0.5454256239766699,0.25856020669096863,-0.38327221085833024,-0.5408768497097485,-0.4803306735805153,0.029018475482663446,-1.3934507795363622,0.4795690784594736,0.6636309969500054,0.6345956405784983,0.37938770007212164,-0.12479618717266176,-0.32030321536567735,0.10046155601764112,0
-0.2263982671988458,-0.8235350983394863,0.27967722576327125,-0.13478617003801185,1,0,0,1,0,0,-0.6217311126901629,0.3662570930184215,-0.7583149722111197,1.1656366969636769,-0.5074907358040941,-0.6191513818720468,-0.016010964009524082,0.2519182741730023,0.05355569054306918,0.5204117762490338,0.8353412365572245,0.03919059354750969,-0.8279634142773875,0.07260403426899102,-0.25620749003227,0.5555259240464477,0.7822321942850899,1.0164694684294515,-0.6949470730335814,0.7426913412446393,0.09480873077965657,-0.60242877638606,0.48503755585217295,0.07260531813709628,-0.09359992297496754,-0.7426913412446393,0.6949470730335807,-0.28608496734615396,-0.6347222057676005,-1.3375092747249961,-0.8967252938356269,-0.5795621844475838,-1.0646495331783645,-1.5251011477491712,-1.482135726645747,-1.1004416420156866,-0.3040534310604773,-0.9381911455531051,-1.4727992333392537,-1.047916823426415,-0.9561771212256767,-1.5240030709358887,-0.8656330827735822,-0.6543183440496418,-1.3222794763156045,1
-0.2263982671988458,0.1298722426046032,0.27967722576327125,-1.161438585374874,1,0,0,1,0,0,-0.6217311126901629,0.3662570930184215,-0.7966945164632545,2.027824680650797,-0.8168833888562058,-1.2854684975751511,0.6572976849736211,0.3716208169314763,-0.4136053667961883,1.2124006904358873,1.1568560250146347,0.23354377371026372,-0.7375425377152537,-0.07952910552332144,-0.06664185594388441,0.1627259596861458,1.323026103006888,1.2176431338237763,0.4407888507730546,-0.11864316273067908,-0.993452976531594,-0.5768215821370797,0.728936288525048,-0.32598507889429135,-0.3151779654858518,0.11864316273067908,-0.4407888507730553,-0.3417899945912644,-0.40957446049198204,-1.0827762115981268,-0.8450432918569822,-0.34060626115118536,-0.7495995951142377,-0.7910682597479163,-1.0391903727935126,-0.8523972546416179,-0.9424412519348303,-0.5588081172337243,-0.06782390615699217,0.31354167005482897,0.1607484349347019,-0.7626467625326843,0.12214944469431245,0.06938110143228039,-0.3944048900113141,1
1.6497208848795075,0.0010334127472937634,-1.168717627632051,-0.8681093238500562,1,0,0,1,0,0,0.40040278464456736,-0.46059620240599214,0.32910544826603294,-0.44763853694215583,-0.045772625015973775,-0.008286160361683923,0.19630235458967804,0.5495122337636823,-2.1492978799744584,-0.2714799075680202,-1.0579654303560537,-0.04678228490348157,1.31148537508316,-0.6924693442538875,-0.1713690996943524,-0.8140279534702871,-1.0316910822319445,-1.020711128902989,-0.2763926451691775,0.21031740340811067,-0.9648704122471721,-0.9258965882728664,2.1201426151492035,-0.6562553760562368,0.3788811222679521,-0.21031740340811067,0.2763926451691768,-0.4253475354589299,0.26586877533487285,1.409968763286241,0.6924962670077037,0.20557870638343811,1.550264952753888,1.8188264531454346,2.227531611866718,1.5040244254120325,-0.859173275299045,-0.7864379342253526,0.37921369794645543,1.4675398216722642,1.0576735027604598,-0.7626467625326843,-0.37174181903963527,-0.32030321536567735,0.34789477903211874,1
0.6988111776617119,2.0624546904642447,1.0038746524609323,-0.4281154315628296,1,0,0,1,0,0,1.5865828630330199,-0.6501560999505483,-0.13144908275958464,-0.33248725589937944,-0.8107407891610601,-0.2430623252906301,0.28177893595582276,-0.4951995321202896,-0.31540749824425035,-0.4157913004227977,-1.5313159761074986,-0.7154187242001125,1.814109024900916,-0.3903041238899268,-0.5698178486971013,-1.0590751255842747,-2.294452063749545,-3.753989056532681,-0.8293216896597869,-0.15323465775184336,-0.7818077514840135,0.10884588671983327,-0.6330957480828192,-1.7134321679621012,-1.6742538924040489,0.15323465775184336,0.8293216896597863,0.49378541408539117,0.5660657690356972,4.312106161053079,2.7856173471428227,1.3320852019236007,1.3297299961089997,5.896786942041295,7.764348535019651,3.2403351370305127,-0.6926373220274746,0.19995793940503753,0.29710475025398503,-0.08841274230630035,-0.7530997473783346,0.3476645205553221,1.5215080252738291,1.5724491805101195,-0.5799798072721716,0
1.8039224590229344,0.23294330649045036,0.27967722576327125,-0.7214446930876474,1,0,0,1,0,0,0.04707254852885811,-0.3954713296299483,0.43145089960505906,-0.46789127481400095,0.2300410673720139,0.05745116581842101,-1.0222119469942874,0.44370309461017177,0.26085731337632256,-0.5449727255244118,-0.6064873718145876,-1.1408375457037856,-0.3430459236541349,-0.6790446330930066,0.9542733900714508,-0.7922151150864636,-0.37614216885326235,-0.9773623245837234,-1.2649401125490116,-0.3014141428425148,0.7429171992456813,0.3469737114943469,-1.1527004758846107,0.36324685760380215,-0.16574079515187812,0.30141414284251544,1.264940112549011,-0.6203151308168162,0.9413120111617277,0.13630344765189217,-0.3023822710812103,-0.42594766232847037,0.1325402314653172,-0.38327221085833024,0.2342775195316623,0.20179139169817292,0.77843026520473,0.4275877563966659,0.2879815338437111,-0.37367071236903754,-0.21156008378542468,0.8552353928241243,0.7806711296729086,0.6817421706862145,0.16231986177126023,0
-1.1259074497021662,-0.5400896726534062,0.27967722576327125,-0.4281154315628296,1,0,0,1,0,0,2.0282456581776565,-0.6827185363385703,5.203307568287152,-0.7624239484359768,0.47336138900307373,0.06415905624496233,0.385854502092634,0.14844406430638588,-1.0148842783682672,1.1497325612854488,0.22535676506280064,1.2218498134974216,0.334592506060702,-0.2641557167072838,0.8077533968918872,-1.0017426643996974,-0.39512121116132054,-1.3240072894147876,-0.5532824974487066,2.215196261116728,-0.8004813575818813,0.6054454839913749,0.3807260373265776,-1.9450099450796792,-1.5856102526514229,-2.2151962611167284,0.553282497448706,-0.20252742647848845,0.8475004506302201,0.24092595572185707,-0.33145339719419825,-0.4600842227993849,0.06953024385249205,0.2895912698094869,0.6356967464602498,-0.24778906041732607,-0.9979532363586869,-0.1035484832504671,-1.6461403451344683,-1.2424108939237355,-1.785409731102321,-1.4922798914190887,-1.277209135885205,-0.4316415915936655,-1.4459960878228426,0
1.341317736592655,-0.4885541407104817,-1.6032360836506476,-2.041426369949327,1,0,0,1,0,0,0.3751649106363024,-0.45885178617091954,0.12441454558798068,-0.4059757618915031,-0.15647824384637934,-0.03914245632377399,-0.11695984903153862,0.06181696553783715,-0.9599421301666671,0.02066579573424002,-0.40457337976042385,-0.46562191116742824,0.26823557703079437,-1.2193724711838487,-0.005134651955644609,-0.6459125550730694,-1.432690919755464,-1.2601235012131824,-1.3072103638266717,0.6614225707698917,-1.055747088582568,-0.08998950681161703,0.663193223910467,-1.4485499481621111,-0.7043001277361709,-0.6614225707698917,1.307210363826671,-1.0659553487776992,0.26586877533487285,0.8459169806481733,0.3436427536518511,-0.27233314020935756,1.0146800580448727,0.5954383064766764,1.5631135810883663,1.13195784435093,-0.9701972441467586,-0.02767187758659086,0.1876261533306929,0.5080357405521495,-0.14386762583630988,-0.033013633646279864,0.4514102871836102,0.9044189231421907,0.6571863078002155,1
0.15910566815972013,1.7532414988067013,-1.6032360836506476,-0.8681093238500562,1,0,0,1,0,0,0.3877838476404349,-0.4600147303276346,-0.041896812837936774,-0.3741500309500322,-0.2850299811726769,-0.064632439944631,-1.2132755306783587,-0.4536704047764556,0.7050977660862385,-2.1923584268599035,-2.434538072136007,-0.8407064570716105,2.103486790454691,-1.4760905199815926,0.19888558709361648,0.7682424239984571,-2.2144587435895873,-2.22266128108561,-0.846216743797001,-0.30735587342307225,0.2121969044878443,0.8219160832101219,-0.19188272005335627,0.7659154122539937,0.9950225925635731,0.30735587342307225,0.8462167437970002,-1.3444804850032512,0.41596727218528484,0.6730624020977969,1.002588278879574,-0.06751377738387422,-0.7180946013078251,1.3294711944779316,2.1167952734036595,0.139780294854656,-0.026493508941193386,0.4275877563966659,-0.7794347861583975,-0.7496925819971905,-0.4315605721200442,-0.033013633646279864,-0.7833178721512579,-0.9883334727336057,-0.5799798072721716,0
-1.460010860346257,-1.0296772261111817,1.7280720791585935,-0.4281154315628296,1,0,0,0,1,0,0.4130217216486998,-0.4617591465627072,0.188380452674872,-0.4204420032285353,-0.13531978968790498,-0.030198602421718897,0.2941026136822944,-0.09613804093239742,0.7300829341948556,0.49839043051894394,0.2828606790648896,0.852838070018966,-0.045321313270426204,-0.2641557167072838,-0.0741797460545378,0.35917349671283616,-1.0751760513057682,-1.802612063318617,-0.7279513648365089,1.8851427108031094,-0.6728981232586966,0.05764083710395061,-0.6371131033310159,-1.739419485881533,-2.1276325660202895,-1.8851427108031087,0.7279513648365081,-0.5367575899491508,-0.4846237089171882,-1.301118837135444,-0.9484072958142716,-1.262293393865864,-1.94678935975792,-0.22015379130249568,0.12354118106860354,-1.4725082230767892,-0.7481493064513315,-0.17942508891434333,-0.6851615499188952,-0.8793552956620708,-1.4187422505446208,-0.7520723693604175,-0.20711139779498602,0.9415317152181866,-0.2500688432528684,1
-0.6119022025574117,-0.10203765113855341,-0.4445202009343899,-1.161438585374874,1,0,0,1,0,0,0.6401625877230843,-0.5257210751820359,0.17558727125749374,-0.419863353575054,-0.25336479935377143,-0.07983699157812466,-0.7434987167346235,0.16135410529646343,1.293049923003996,-0.8327251555794002,0.16608919866498512,0.8350809214002126,0.1349273896655215,-1.174668107818485,-0.16954164443427736,0.19791355786065104,-1.147264170544706,-0.512145835695373,0.24306964136542222,0.8978772664439514,-0.13986146825509785,-0.39130667083537946,-1.5687585232361052,-0.012649550519380744,-0.7159348201012008,-0.8978772664439514,-0.24306964136542294,-1.0778921403302228,-0.07721350318035518,0.2766665640687389,0.3399511820819474,-0.15529350430908137,0.3845801819166189,0.7119514633022728,0.6455839195373082,0.139780294854656,-0.10976148557697851,-0.3311783002420958,0.13288685486904556,-0.7107937678977266,-0.6684841749419423,0.8235122133073248,-0.12479618717266176,0.3477270420022505,-0.08511336124321738,1
2.0609250825953116,-0.4370186087675581,-0.4445202009343899,-0.8681093238500562,1,0,0,1,0,0,-0.11697363252486404,-0.33674264971583734,0.20117363409225028,-0.42275660184246044,0.2360735621429258,0.06773659780578437,-0.19833444877772732,-0.6703504611826455,-1.4500156441550947,-0.47764106670140544,-0.43620709291230986,0.2483642847578201,0.7188126646946809,-0.8733114848608378,0.11373542035104035,-0.6909912460688007,-1.4001531266031522,-1.3068338239982387,0.46476756340334147,-0.12221154853286169,-0.5968136667363712,1.034014692899919,1.2878403980142272,-0.7431056063783655,-0.7087782901200712,0.12221154853286169,-0.4647675634033422,-0.7874302125521474,0.19081952690966666,0.2636699792153276,-0.1473362651452761,-0.6819718658603261,0.5421051509486824,1.4925896140337656,1.3416409041622488,-0.5423417704240322,0.22331042096616224,3.0453306518003944,4.553085205647007,4.923051140841325,4.095372553226944,1.2041903675089267,2.879709000542184,3.075517259587958,3.873818206988421,1
0.23620645523143258,0.23294330649045036,0.5693561964423357,-0.7214446930876474,0,1,0,1,0,0,-0.3945902466157784,-0.10182793005939353,0.43145089960505906,-0.46789127481400095,0.6863240230870367,0.2832834768453121,-0.611301860342544,0.5064259765782517,0.35890752653068614,-0.4936268023724271,-0.4833154285371015,-1.0398141120287143,-0.04410678139743909,-0.09638203815064726,1.346888153730901,-0.7078801623864707,-0.5009547708690646,-0.8997244432539262,-0.9702511656336119,-0.45589913793704195,0.7537263206583166,0.65419743895413,-1.2019899077365503,0.17011978835884412,-0.25007207374629237,0.45589913793704195,0.9702511656336112,-0.06326485836571254,1.3165582532877582,0.14540105704928116,-0.25070026910256554,-0.42594766232847037,0.2270552128845555,0.10608304780917345,0.6772228733838963,0.015758101167622184,0.6674062963570164,0.5793409677244183,-0.06782390615699217,-0.671894953798262,-0.5669454880182719,0.664896315723324,0.8629863402952329,0.6817421706862145,-0.08511336124321738,0
-0.5348014154856993,0.28447883843337485,-0.4445202009343899,1.478524768348486,1,0,0,1,0,0,5.145123098198377,-0.7687764039354853,-0.2593808969333673,-0.25494820233288673,-1.5326177995421923,-0.3942134562353612,-1.034544655739999,-0.0898846752318996,1.6655865045448095,-0.7188767160141126,0.3187443625107853,-0.7029325314953955,-1.0043803090957852,-0.8714424448293571,0.5367596771451875,0.5813678028553866,-1.4622970081948137,-1.0046846114218997,-2.0400276446246037,1.0645584453617318,0.5678245044353151,0.6610835989954831,-1.6926939742184577,-0.4788326165968053,-1.3952622591376318,-1.0645584453617318,2.040027644624603,-1.0659553487776992,-0.18442671521636386,-1.7287064788126896,-1.232658306696819,-1.6377955590459181,-1.5057194464681423,-1.5251011477491712,-0.9284540343304539,-1.534519319920306,0.6674062963570164,0.8069707847160468,0.4704458620491997,-0.5292659687668935,-0.6684841749419423,0.8235122133073248,0.6160407084282594,1.4054416161681371,0.47161139053935697,0
0.6217103905899984,1.6244026689493918,0.27967722576327125,-1.161438585374874,0,1,0,1,0,0,-0.4955417426488382,0.017373846003900996,0.23955317834438508,-0.4297003976842359,0.7513209765350395,0.345443261464595,-0.12096045725712637,-0.1379647236007873,0.551657980431927,-0.8037204479790115,-0.5960110441029198,0.9170341560981157,1.4756404698762449,-1.0984379083700404,-0.1853498026497942,-0.2900437754723329,-1.2111169220849876,-0.8535937952599222,0.3775187037626116,0.8763067609369452,-0.9293477552242171,0.0036815494660068686,-1.045600962536806,-0.11514833466220419,-0.0585246549701626,-0.8763067609369452,-0.3775187037626123,-1.038102835155144,-0.18442671521636386,-0.027453521501095285,-0.173177266134598,-0.6307670251539549,0.29006520049738066,1.4925896140337656,1.397009073393778,-0.4183195767369984,-0.5816133531797613,0.7310941790521709,2.2221034128218906,1.1822818516095268,1.0576735027604598,2.8220725228657364,0.28677986593896093,0.848749735028197,2.389218868901558,1
1.7525219343084582,-1.4677292476260335,-0.8790386569529866,1.7718540298733036,1,0,0,1,0,0,-0.028641073495936725,-0.3786086393575798,0.40586453677030254,-0.4568969313978565,0.27586472244060284,0.06192309276944856,0.2719514832494057,0.6535985194021721,-0.5108175423684286,1.4288164920163677,2.1724002747674063,0.56751691718774,-1.4408700027082224,0.29297778320901796,1.0197212853778228,-0.24252449228528156,1.0753298082869842,1.3914989411304648,0.328888191831712,0.44783808336594555,-0.08541520856088342,0.12444991860457966,0.4545909671327752,-0.8639602706503805,-1.4656988698761553,-0.4478380833659462,-0.3288881918317127,0.0759977097470634,0.641115017460903,-0.6642861793182697,-0.6770767854263857,-0.2552648599739003,0.2270552128845555,-1.0357458890816678,-1.2606630497196296,-0.35630847989348147,-0.37806941029228636,-0.3058860983541368,-1.2173491738515698,-0.8361343911071103,-1.0802799607990516,-1.862383652448424,-0.3443034154988601,-0.17185204706169332,-1.5903321345812884,0
-0.6119022025574117,0.43908543426214564,-0.4445202009343899,1.7718540298733036,1,0,0,1,0,0,0.6401625877230843,-0.5257210751820359,-0.7839013350458762,1.3016193655317796,-1.9666559672183057,-1.4102352595088197,-1.8241451092275178,0.42739134805507634,0.6639107798812263,-1.5791496113925219,-0.6981412420677643,0.36430197963231165,0.6174873134106329,-1.1532438701588033,-0.4295961314153795,0.2515671814072693,-0.8950739132348555,-0.2802780837708579,0.4884925330428325,0.012383503443245562,1.384210492191655,-1.0169680117927746,-0.6547875209726005,1.2457892761749536,0.6339808097293578,-0.012383503443245562,-0.4884925330428332,-1.038102835155144,-0.27823827574787147,0.45699417890982696,0.5245297605771081,0.11597023514728907,0.5027239086906665,0.697387318699073,0.4972763233814264,0.2948080369634488,1.3057941172313696,-0.9381911455531051,0.06902433999712428,-0.2829068128036209,0.2115177783965368,0.37938770007212164,-0.28942660841731066,-0.32030321536567735,0.34789477903211874,1
2.0609250825953116,0.5679242641194551,-0.4445202009343899,-0.4281154315628296,1,0,0,1,0,0,-0.11697363252486404,-0.33674264971583734,-0.68155588370685,0.5493748160061044,-0.9355171150992746,-0.6835471299668434,0.03973525596113827,0.8564178167220357,-1.1811151780535525,-0.20252217662996883,-0.5076969211577587,0.996384212424608,1.210630159101136,-0.9887196569859926,0.11278913116950973,-0.45525262886658807,-1.2409436110323258,-1.273017918829389,0.6449554257048498,0.7192902890320441,-1.0431698722093832,-1.0624706547714946,1.157139028377129,-0.9569040473665342,-0.5828233624521739,-0.7192902890320441,-0.6449554257048504,-0.9266927806649233,0.11577027848446049,0.04532735367801011,-0.19901826712392082,-0.6649035856248688,0.1010352376589052,1.4925896140337656,1.2309045656991897,-0.8523972546416179,-1.2200011740541141,-1.3934507795363622,-2.0384386507762686,-1.2942759793896883,-1.5146398993058652,-2.063297122721492,-0.9479482933959068,-0.7656567202776299,-1.940862533851798,0
-1.460010860346257,-0.6173929705677911,1.7280720791585935,-0.4281154315628296,1,0,0,1,0,0,0.4130217216486998,-0.4617591465627072,0.6361418022831113,-0.5205483932807982,0.09866791162471553,0.047165733831057655,0.7067640714479986,0.3539141751304702,-0.13569060085716292,0.006850817049315452,-0.9583539446761509,-0.9296747590859987,0.2577110377742131,-0.059502203917848676,-0.1305254746316701,0.1663770405552289,-0.9164900513227073,-1.4002849252557097,-0.4441144553313302,-0.8274981801914475,-1.042226546955171,-0.6165158673798438,0.35268647745116116,-0.9180308583632675,-0.1211986217781456,0.8274981801914475,0.4441144553313295,-0.3616846471788037,-0.5060663513243898,-1.2309372789270208,-0.9705567252336909,-1.2281568333949502,-1.5507265804773032,-0.4531801049536876,-0.30358469586033693,-1.720552610450858,-0.8715092718376799,-0.34803976816740156,0.9164697754403938,0.9791436002012148,0.49921072468027106,0.939830538202259,1.07334743410784,0.694113101378213,0.6434400176327457,1
0.5703098658755232,0.28447883843337485,-0.4445202009343899,1.478524768348486,1,0,0,1,0,0,-0.6595879237025604,0.5494207977010448,-0.2593808969333673,-0.25494820233288673,0.7859330853644614,0.6195723835625835,-1.3675657789806388,-1.1199866668466119,1.9995239422279625,-0.7590331582166184,0.24938214426134941,-0.2693058993929655,-0.5651760709634435,-1.117836269001506,-0.8599548118795723,1.2133259037428719,-1.2579503815004371,-0.8763886280179912,-0.7497849732599842,0.3763264807979944,0.7847046769914706,0.6757329962970969,-1.5141406929167023,-0.22195723681360277,-1.1798319213248687,-0.3763264807979944,0.7497849732599834,-1.2330704305130304,-1.1600669447440433,-1.637730384838808,-0.8967252938356269,-1.2793616741013212,-1.8837793721450944,-0.5463906304141645,-0.26403600355210183,-1.4725082230767892,0.8061862574166584,0.7310941790521709,0.2514886682026129,-0.5940973255993336,-0.6346379459673855,0.5380035976561225,0.9453015509175579,1.2941032399401495,-0.023255055489598248,1
0.8016122270906633,0.026801178718756015,0.27967722576327125,1.0385308760612593,1,0,0,1,0,0,-0.81101516775215,6.032702496612592,-0.054689994255315046,-0.37183543233610705,2.259748018547435,4.926932422792317,-0.9952611142120198,-1.6157504212543057,1.8910088895569288,-0.6607648806619362,0.33019066820467025,0.40289968297890166,-0.4430636316343352,-0.9350656768748848,-0.2060242967172353,0.6544933611071714,0.2256676391438599,0.5060702656244644,0.28185302474922574,0.26996871572628706,0.4496281998630155,2.0112775424936227,-1.9273697923835347,1.1164188927981447,0.0648150757248395,-0.26996871572628706,-0.28185302474922647,-1.0102503215325889,-0.4846237089171882,-0.9645072894320803,-0.5220307794904515,-0.40887938209301433,-0.9386295579527137,-0.7910682597479163,-0.983822203561983,-1.1004416420156866,0.44535835866158957,1.9451198696741894,0.12376363845877164,-0.9052878383950472,-0.4654068010946016,1.2041903675089267,0.03983423407198747,0.18071947766026855,0.22417816752487937,1
1.726821671951222,1.3151894772918502,0.5693561964423357,0.3052077222492148,1,0,0,0,1,0,-0.20530619155379135,-0.2919692996823072,0.047655457083711085,-0.3926668198614334,0.21952943231846792,0.07891641518335324,-0.4301987089276993,-1.2341622841742874,0.8765060493294867,-0.8645092527302568,-0.793455201641688,-0.10031892917936427,0.8840948738380652,-0.6306530474028172,-1.2190522322725716,0.24176112202861672,-0.9358032931856965,-0.6403893091931796,-0.35678002163742906,0.21702702713573208,-0.0319393172450278,0.4727067015554973,-0.9552665202748425,0.23996970041573126,0.4063151036064712,-0.21702702713573208,0.3567800216374284,-0.8431352397972577,-1.3852146900196616,-1.4375829780962672,-1.1163738022448682,-1.3647030752786062,-1.1276595207911904,-0.38327221085833024,-0.26403600355210183,-1.3484860293897554,0.0012624832707351544,0.5034643620605421,0.16937972051014377,-0.3607044410025493,-0.24540631275998087,1.2359135470257274,-0.6186874509066087,-0.5986491559356475,0.22417816752487937,0
1.2899172118781799,2.9643264994654106,-0.4445202009343899,-0.13478617003801185,1,0,0,1,0,0,-0.38197130961164594,-0.1541604171115716,0.5082099881093286,-0.48756536303236475,0.7057678455591325,0.25824068591955784,-0.021648075772366424,-0.32909325105430426,-0.9720515776381664,0.016976686484564435,-0.29316554261798644,-1.527537870662996,-0.5409261071762311,-0.164646929598661,-0.13496658181317406,-1.6953813352269878,-0.1834334913572971,-0.5968223622199977,-2.1217933311565877,0.020989325180847843,-0.13441109574531718,0.31648425617689535,-0.3748676693984636,-0.2048239182300904,-0.20155131119196923,-0.020989325180847843,2.1217933311565877,-0.3139374809687093,-0.3345252120667762,-0.6642861793182697,-1.3618633116434313,-1.347634795043149,0.5106001571422693,-1.4435419379712537,-0.762349526635866,-0.4183195767369984,-0.19302946221276363,0.19995793940503753,-0.25028823436248077,-0.39960325510201306,-0.44848368660732285,0.09387908442092041,-0.04248097655033679,-0.04195727479570725,-0.332546584257695,0
-0.12359721776989524,0.8256019238340739,-0.8790386569529866,0.5985369837740325,1,0,0,1,0,0,-0.6974447347149578,0.7820096290440585,-0.10586271992482811,-0.35042539515729937,1.094370097565281,0.87223625629563994,-0.8413750500234062,0.5435691587195426,0.728255910416164,-0.09470877770409347,-0.4465889325836639,0.6357736875355288,0.4449130150031369,-0.5104416092285312,1.584097645032496,-0.5124692745216869,0.041903278140863885,-1.2566068755187718,-0.9609518129377761,1.820179789789002,0.6599252468060599,0.8408485168662668,-1.5105324248021788,0.16949602188580384,-0.6462445507787811,-1.8201797897890013,0.9609518129377754,-0.5646101035717058,1.2415090048625523,-0.4277483349861756,-0.6124742829530796,-0.5624939042121272,-1.033144539371952,-0.5463906304141645,-0.1532996650890431,-0.9764194483286528,0.3343343898138759,0.4275877563966659,-0.8159276517994943,-1.385039878955104,-1.2438700675094103,-0.033013633646279864,-1.1948939252628807,-0.5429799678216537,-0.7036964187794109,1
0.004904094016293398,1.7017059668637786,1.0038746524609323,0.3052077222492148,1,0,0,0,1,0,0.8420655797892039,-0.551887318708125,-0.3233468040202586,-0.2115494783217901,-0.7700825676237945,-0.2609500330947403,0.7183720728528251,0.2677707045851151,-0.38055583226086553,0.7890055412492827,0.9871077652514112,-0.6233252099169482,-1.2074670526356641,0.8248026460431811,1.383507915579644,-0.6123942021714031,1.2618686128471344,0.6732110593529599,-0.5940660301642549,-0.2609537869844238,-0.17478076884382426,1.018444163003036,-0.09516454271409534,0.18535173212487957,-0.6260288698245537,0.26095378698442306,0.5940660301642541,0.577342954953057,1.0163612595869336,-0.5278220383574467,-0.7416792878996918,-0.2552648599739003,-0.08799472517957138,-1.0357458890816678,-0.9284540343304539,-0.35630847989348147,-0.05424950115312168,1.1863538130354276,0.5251851605108457,0.39133929825375646,0.4484413812184362,-0.3502454288142823,0.8629863402952329,0.793080546914203,-0.023255055489598248,0
1.341317736592655,-0.17934094905293926,0.27967722576327125,-0.13478617003801185,1,0,0,1,0,0,-0.6848257977108253,0.6657152133725517,-0.2721740783507456,-0.24916170579807387,0.8732499130600327,0.7045389956321069,0.793573504548646,0.3435248683869652,0.3470813127924001,0.618079579248857,0.7136785212407718,0.6598308409835965,-0.6543780715992096,0.8573815956718223,0.785139726559928,-0.2607994211273172,0.9429970501631234,0.6321363249511156,0.3871222082195544,0.5159874767715705,-0.24679768761979998,0.3150370796624971,-0.7365500487126787,0.10007409641765345,-0.3106589447447176,-0.5159874767715705,-0.3871222082195551,0.6609004958207222,0.5660657690356972,-0.3731626786018469,-0.44450777652248397,-0.06751377738387422,-0.11949971898598452,-0.5463906304141645,-0.762349526635866,-0.6043528672675491,-0.24854144663662048,0.27583454506891375,-0.040454256926167845,-0.41256952646850126,-0.3469449996836519,0.2524949820049213,0.2044646553166367,0.514734606344233,0.2860364732784985,1
1.4184185236643685,0.0783367106616796,1.4383931084795292,-0.4281154315628296,1,0,0,0,1,0,0.07231042253712305,-0.4041934108053113,-0.1442422641769629,-0.3272794090180478,-0.17673452384362007,-0.05792454951808968,1.208272875082859,-3.4305308977887035,2.261391693418414,-0.23145962427676026,1.7212972607288095,2.0942903185677157,-0.1591459696845972,1.1305944450445016,0.4923398075742422,1.1760668590776056,-0.1394197434504714,0.39733828945522753,0.5581846313588362,2.3027614887509538,-0.5504561973252275,5.201726528632245,-1.9095644280556672,0.17444078883573808,-1.8498472371114607,-2.302761488750954,-0.5581846313588369,0.6330479821981672,0.04072103005925432,-1.06458099280335,-0.37990527404917784,-0.40887938209301433,-1.2536794960168407,-0.05703537174666111,-0.319404172783631,-0.728375060954584,-0.6093693453916895,4.373171250918228,-0.48749186102961545,-1.333174793489152,-1.1931007240475748,-0.5405845059150832,-1.0302635040182315,0.013711913318286572,-0.45626319576493324,1
1.726821671951222,1.6501704349208541,-1.168717627632051,-0.13478617003801185,1,0,0,1,0,0,-0.43244705762817587,-0.04658808261542777,-0.11865590134220637,-0.3394310517411549,0.38018212803598656,0.22649000456726226,0.26679427813634143,0.692123642565749,1.3178717012149839,-0.5371966867608033,-0.31150136907779474,-0.6433643574921895,0.12833144286738082,-0.35007722219883247,0.6210762555235734,-0.42761239297168907,-0.5174768666371286,-0.8504537532302602,-0.38662849897585155,-0.49401881205127574,-0.720776973828392,-0.3277808616562411,-2.2312839806787927,0.21259686393294908,-0.4253355267563007,0.49401881205127574,0.3866284989758509,-0.45320004908148526,0.340918023760079,-0.5733100853443877,-0.6899972859210471,-0.8355863879794388,-0.4660546508565234,0.2692014673650073,0.5111183656893089,-0.4803306735805153,-0.6926373220274746,-0.3311783002420958,-0.07694712256726609,-1.2035120798242718,-1.057715808149347,1.3945294446097283,0.6160407084282594,0.4033962301162448,-0.3944048900113141,1
1.2385166871637046,2.1912935203215542,-0.4445202009343899,-0.4281154315628296,1,0,0,1,0,0,-0.2810198135785862,-0.22800737106297844,-0.34893316685501513,-0.1797237473803192,-0.07404049060598678,-0.03645930015315746,1.3570929429410692,0.7529729323705886,-0.3087729007480109,0.4616035047624036,0.4485136458707422,0.36411520290158084,-0.09446533792507662,0.9503210841292549,1.263332895684875,-0.8303680367040445,0.5779520390716485,-0.07095841645137312,-0.4019224822967764,0.895231533445257,-0.9375211424944899,0.23210018148350484,-0.41233689722344746,-0.05050920614036052,-0.6523667887501852,-0.895231533445257,0.40192248229677574,0.9951306592913848,1.3165582532877582,0.3091580262022686,-0.18609776662925942,0.0519641842643253,0.5106001571422693,0.02452383803125581,0.2342775195316623,0.139780294854656,-1.0257092285706153,-0.17942508891434333,-1.0987473605180025,-1.112748180258855,-1.057715808149347,-0.9847090191502859,-0.7010026615289333,-0.3759724034796717,-1.2604211705619852,1
2.1637261320242622,-0.02473435322416849,-0.15484123025532542,0.3052077222492148,1,0,0,0,1,0,0.08492935954125552,-0.4041934108053113,0.009275912831576286,-0.3891949219405457,-0.058005883440271466,-0.010074931142094942,0.9208186252222366,0.673851628046403,-1.5509899712695008,2.07503272051635,1.5070642743185496,0.5850463416727685,-1.1064115899333271,-0.17097905913264905,1.3782651217065613,-0.9764877338938875,-0.377105503183814,-0.9074206733859339,-0.8414861286385814,1.6325091290815754,-1.4512609748827434,0.4558332357181313,1.1389792487517145,-3.177166697172827,-2.8451770389993083,-1.6325091290815745,0.8414861286385807,-0.28608496734615396,1.0163612595869336,-0.5187244289600577,-0.9096457943302884,-0.9892009100985523,-0.11949971898598452,-0.13859458152457876,0.2896456887631914,-0.6043528672675491,-1.4420491117495413,-0.05296407947454983,-1.232554534535361,-0.5551985114998699,-1.6725889678537975,-1.915255618309758,0.06727263761276221,1.127095675598167,-1.2810406058131916,0
0.8530127518051386,0.7998341578626126,0.27967722576327125,0.5985369837740325,1,0,0,1,0,0,0.03445361152472564,-0.3954713296299483,-0.8478672421327675,6.370590330027868,-2.7985155705643647,-5.227472104905933,0.8668034111082005,2.010204838278943,-0.5791273405559009,-0.5201119991264354,-1.1278474416309523,-1.2003637552618716,0.9106854501929832,0.8471536243275073,2.819513704323327,-0.6558106802789457,0.375990321937551,-0.15025595156477936,0.2430696413654208,-1.8782265065659707,-0.35884532375916683,0.06545770712114354,0.1326599878812301,1.075463323060649,1.319561219781886,1.8782265065659707,-0.24306964136542153,0.577342954953057,2.2171492343902317,-0.5824076947417753,-0.806281790372998,-0.6307670251539549,-0.24551969421163483,0.4323198869208419,0.34501385799472056,-0.4183195767369984,-0.3040534310604773,0.12408133374116129,0.19674936974096682,0.2357440418559006,0.6684418695530556,0.506280418139323,0.12214944469431245,-0.6543183440496418,-0.08511336124321738,0
-0.4577006284139859,2.9643264994654106,-0.4445202009343899,-0.13478617003801185,1,0,0,1,0,0,0.8546845167933363,-0.551887318708125,0.5082099881093286,-0.48756536303236475,-0.15941955512581732,-0.047639117530726326,-0.3372015397452043,-1.4771116961863278,0.4620078760400686,0.0434693836537506,1.0761558852452622,1.8372108263903633,-1.1649500123959224,-0.6853117814155608,-1.4355765421107256,-0.13874900350373323,-0.1586945812434891,0.9899613272720238,3.3522042093004485,-0.8189388764091825,-0.21586850779670544,0.5892530936514386,-0.7710096115206034,-0.21608316314867587,-0.4325508008483884,0.8189388764091825,-3.3522042093004494,-0.20252742647848845,-0.9349191994684248,2.720024516510143,2.204194824883068,2.014816411341881,3.535079562557888,2.2266225020350205,0.5664865349208381,2.620224168595341,-0.27629743884854874,0.4275877563966659,-0.2959043164138529,-0.6329961396987983,-0.6684841749419423,0.1890486229713212,0.9453015509175579,0.5704037944582268,-0.7036964187794109,0
1.7011214095939837,-0.12780541711001567,0.27967722576327125,-0.8681093238500562,0,1,0,1,0,0,-0.3062576875868511,-0.2152149853391127,-0.7199354279589849,0.7808346773986199,-0.893242824141407,-0.7689609347314696,0.0018877238097377385,-0.16216716121745317,0.5982022198477062,-0.04895622481179923,0.12623272047572362,0.17200579785441583,-0.09645941663127779,-0.411208317855465,0.899513225270687,0.0712812204633519,-0.0548008793588637,-0.8104514012800571,-0.03566621970192337,0.26996871572628706,-0.413499431991097,1.1236921206445756,-0.746131722193832,0.011797087432155837,-0.9553567707719433,-0.26996871572628706,0.035666219701922665,-0.3417899945912644,0.9413120111617277,0.2545723698179399,0.2531992501892221,0.22264698661889537,-0.655084613695,0.5954383064766764,0.6772228733838963,-0.17027518936292965,-0.5261013687559044,0.7310941790521709,-0.669956189235104,-0.9182541097615345,-0.8546384343020056,-0.7309235830158842,0.03983423407198747,0.18071947766026855,-1.198562864808365,1
1.2128164248064663,-0.7977673323680251,1.4383931084795292,1.7718540298733036,1,0,0,0,1,0,-0.7100636717190902,0.9622659733348942,-0.15703544559434116,-0.3197569635227911,1.110896751962668,0.9871647789370479,0.9406458537529611,0.10232154448155761,-0.9348484459397544,1.9022572636349675,0.6438389444966169,-0.3606629884657553,-0.9243837133905365,1.4932553075837671,0.8792955313097068,-0.7835140631861659,1.7646017744430316,0.9558247055564062,-0.8569681418843186,0.3580292690535297,0.18405215134467123,0.7404194296494893,0.49061307151407146,-0.8200779265030601,0.09615462831315007,-0.3580292690535297,0.8569681418843179,1.217950768271826,0.641115017460903,-0.3913578973966235,-0.7158382869103699,-0.05044549714841698,0.1010352376589052,-1.5251011477491712,-1.4267675574142176,-0.10826409251941274,0.1400424443303771,0.6552175733882943,-0.07694712256726609,0.1838789563899486,-0.1607907403235886,0.2207718024881207,-0.28942660841731066,-0.15329565102369538,0.038603250264021984,1
-0.020796168340944693,0.7998341578626126,0.27967722576327125,0.5985369837740325,0,1,0,1,0,0,0.021834674520593164,-0.3937269133948757,-0.8478672421327675,6.370590330027868,-2.788905514379195,-5.226130526820625,-0.44863343595859095,0.17212433734086124,1.0436097078545674,-2.8991982336717506,-2.795251287630614,-2.2773478757162264,1.8475170519894941,-0.9404297760726309,0.2440078976751528,1.7293403297701855,-2.754925563100572,-2.377876232736357,-1.237970811603629,-1.8782265065659707,-0.31583063785658155,0.008195700555165147,0.3111708227040573,1.184892743184412,1.3124302488364001,1.8782265065659707,1.237970811603628,-0.9983135299800652,-0.07721350318035518,-0.8410397333246685,0.0815411721887229,-1.0330907735611559,-1.9557907865597524,0.36241199282548453,1.1992656118526015,-0.9232670796056371,-0.27629743884854874,0.04820472807728505,0.13288685486904556,0.2746428559553643,0.7530574419894479,0.1890486229713212,0.12214944469431245,-0.6543183440496418,-0.20882997275045564,0
0.8016122270906633,2.9643264994654106,0.27967722576327125,-0.13478617003801185,1,0,0,1,0,0,-0.81101516775215,6.032702496612592,0.5082099881093286,-0.48756536303236475,2.6084335503271854,5.016370961812867,-0.379627250153893,-0.5687443257085102,1.3568592623936044,0.43041937813735476,0.9797090761446025,-0.2884991966322608,-1.319456545418837,-0.8587780532019982,-0.23137922347460704,1.0892575222412046,0.4036842640965296,0.72028806418642,0.4251360800282837,-0.8151232831568466,-0.3301999795953961,0.548828809175636,-0.7602733044889932,-0.18118240546917028,-0.5704486792033923,0.8151232831568466,-0.4251360800282844,-1.0102503215325889,-0.6347222057676005,-1.4011925405067138,-0.7287587874050313,-0.5454256239766699,-1.5057194464681423,-0.9541866793037505,-1.2052948804881005,-1.4725082230767892,-0.3595654154843339,0.4275877563966659,-0.2046721523111086,-0.5551985114998699,-0.5838686025055501,0.09387908442092041,1.1099319721622063,0.7374113588002092,-0.6418381130257917,1
1.7011214095939837,2.912790967522486,0.27967722576327125,3.2385003374973924,0,1,0,1,0,0,-0.3062576875868511,-0.2152149853391127,-0.6047967952025805,0.22822425832398924,-0.49970038266423694,-0.34189191090833887,-2.7660897745786968,-1.6990893142979002,0.016571355200625696,-1.6175899027913687,-2.0803794479842876,-0.1366415497378612,1.914935750708933,-0.3986371092343023,0.2701569076338024,0.2991271622631041,-0.14301844018127594,-0.7690109433763697,0.4407888507730546,-0.6235317921885499,3.4480016630935,2.6026906658082942,0.2779403526579238,2.0434449633643257,1.953805660598415,0.6235317921885499,-0.4407888507730553,-0.3696425082138195,0.26586877533487285,0.05442496307539909,0.2015172482105774,0.13730558544161034,-0.8756195703398886,1.0032343553662626,0.8433273810784847,-0.4803306735805153,3.2487135720663565,2.476256109321323,0.07814755640739948,0.20981149912292413,1.0407503882731821,0.15732544345452057,-0.9479482933959068,-1.266679413303576,0.34789477903211874,1
1.2385166871637046,0.7998341578626126,-0.4445202009343899,0.5985369837740325,1,0,0,1,0,0,-0.2810198135785862,-0.22800737106297844,-0.8478672421327675,6.370590330027868,-2.5023455718439953,-5.098680608716339,0.9399056892035981,0.6438211995953742,-0.663156135936298,-0.5673565969182481,-0.8294485617845448,-1.5659674000742496,0.5254079563997422,1.190370505745023,0.7189441292910606,-0.6923696978443125,0.37807942942097095,0.09567121420508215,-0.5505532963957722,-1.5897607057063121,-0.11755755704634985,-0.16344235530151371,0.21079187923256137,1.141359249929532,1.171728073143892,1.5897607057063121,0.5505532963957714,1.3015083091394917,0.8662627627365218,0.49111021415003275,0.03355074177998182,0.18851042614798086,0.8256500952063961,-0.13859458152457876,0.12354118106860354,0.3258135853852078,-0.1375174777889068,-0.17942508891434333,-0.07694712256726609,0.04124997135858002,0.49921072468027106,0.030432725387320277,-0.28942660841731066,-0.9326642846196119,-0.5181215015185524,0
1.7011214095939837,0.7998341578626126,0.27967722576327125,0.3052077222492148,0,1,0,1,0,0,-0.3062576875868511,-0.2152149853391127,-0.8350740607153893,6.006041048334656,-2.0154395524722046,-4.807110971509344,0.2553076112516823,0.2785130631004472,-0.26087700018569376,-0.6055843502902736,-1.241379765525473,-0.4644257858818261,1.3744464468078599,-0.5275071744193454,0.2629747717683192,0.6622945420487587,-0.17414131536333194,-0.6791438967346621,0.5335460107420674,-1.1625858176247739,-0.8820904015741782,-0.11882556624593106,1.0221697420019404,0.6454298408169437,0.9508026624272524,1.1625858176247739,-0.5335460107420681,-0.5646101035717058,0.11577027848446049,-0.3458698504096825,0.03355074177998182,-0.03337721691295973,-1.3166894836296663,0.8401159358104279,0.6218547041523672,-0.8523972546416179,-1.0257092285706153,-0.5588081172337243,-1.4180599348776075,-0.7756251247301669,-0.4992530300691578,-1.4288335323854886,-0.7833178721512579,-1.266679413303576,-1.5078543935764617,0
1.2128164248064663,0.7998341578626126,1.4383931084795292,0.5985369837740325,1,0,0,1,0,0,-0.7100636717190902,0.9622659733348942,-0.8478672421327675,6.370590330027868,-1.5270391461761088,-4.183277161841001,1.1940768229242615,0.6000542879819689,-0.6794576632497707,0.45581027621890097,-0.15357722961578715,-0.9756032612844978,-0.3296616529080589,1.4673719219688837,0.5967954760187125,-0.683199996902853,1.6133322518090945,1.0214533727598754,-0.04921092906325296,-1.2817996886347096,-0.19421215441359846,-0.22573673496666313,0.24229127829805547,0.9839823672905594,1.1969083288264017,1.2817996886347096,0.049210929063252244,1.3015083091394917,0.491016520610491,-0.1457224436671417,-0.4703487775118068,0.15437386567706757,0.3530751881102058,-1.1988643086375024,-1.3160312189511594,0.015758101167622184,-0.16527347000083534,-0.17942508891434333,0.11464042204849642,0.22277777048941236,0.6176725260912207,0.28421816152172197,-0.4540570296619595,-0.9883334727336057,-0.2706882785040748,0
-0.5605016778429365,1.6501704349208541,-2.327433510348309,-0.13478617003801185,1,0,0,1,0,0,-0.1800683175455264,-0.31290229450317847,-0.1442422641769629,-0.3394310517411549,0.03748360888576416,0.021675750210200635,-0.32082914156872766,-0.5660230802378766,1.8041609574494493,-0.6006676437790753,0.05105574546911848,-1.4578295464634334,-0.9760027082800348,-1.1019865239992555,-0.902865783972741,0.5740477277317196,-0.8707890241681436,-0.5722262746982733,-1.4375436385994584,-0.5625673488356443,-0.6549712192703513,-0.12758668118775485,-1.889485863164684,-0.05199625538599474,-0.6250425520499447,0.5625673488356443,1.4375436385994576,-1.2052179168904753,-1.1600669447440433,-1.492168634480596,-1.0259302987822392,-1.262293393865864,-1.3796994712424915,-1.2804235184154193,-0.8730858650989243,-1.2864749325462383,-0.6093693453916895,-0.1035484832504671,0.05990112358685037,-0.9312203811280227,-0.8884846632765624,1.1724671879921262,1.0276167615398821,0.793080546914203,-0.332546584257695,0
-1.5114113850607322,1.7790092647781635,1.7280720791585935,-0.8681093238500562,1,0,0,1,0,0,-0.19268725454965888,-0.3082505178763182,-0.08027635709007157,-0.3625770378804064,0.10656338447694912,0.043140999575132864,0.6726296889967337,-0.4306316312784013,0.2086156218735169,0.5230711082903068,-0.008620523010214485,0.11852774772578577,-0.08150402157346906,1.0200846223796347,0.5417735601302669,-0.17943247604492787,1.3390124094302507,0.9094816554697435,-0.018359091073560794,0.17986603418274572,0.08394857921919915,1.1337922877273947,-0.46549687778892934,0.6211064625456101,0.899138922437168,-0.17986603418274572,0.018359091073560086,0.939425632046274,0.491016520610491,-0.018355912103706302,-0.10857476366129187,0.4274663494443799,0.038025250046078915,-0.7910682597479163,-0.8730858650989243,0.2638024885416898,-0.10976148557697851,0.7310941790521709,-0.6882026220556532,-0.8015576674631424,-0.5330992590437151,0.28421816152172197,-0.9479482933959068,-0.9883334727336057,-0.332546584257695,0
1.8296227213801723,-0.4885541407104817,0.27967722576327125,-0.4281154315628296,1,0,0,1,0,0,0.097548296545388,-0.41000813158888666,0.27793272259651985,-0.4447452886747494,0.11019907889202249,0.028383640636741956,-0.7867361130260687,0.4617269959316383,-0.26971209087608944,-1.0751897819448766,-1.4787975763568673,-2.101285214183984,0.3094038846292572,-0.833685182079976,1.1005375354285747,-0.7332430596264047,-0.41202102080887537,-1.110646330524651,-1.6101471646499057,-1.2689780594871891,0.2609673055217405,0.4687595512544199,-0.3681330975972946,1.0439590386471915,0.8381793028125014,1.2689780594871891,1.6101471646499057,-0.7874302125521474,1.0163612595869336,-1.6069330893092284e-4,-0.37990527404917784,-0.5112890635057554,-0.11949971898598452,-0.5463906304141645,0.2342775195316623,0.139780294854656,0.6118943119331598,0.9587239960437993,1.3553978538458196,0.9229564242797662,1.345366449044194,1.4262526241265279,0.9453015509175579,0.3477270420022505,1.275769365336409,0
2.266527181453213,0.6967630939767645,0.27967722576327125,0.7452016145364414,0,1,0,1,0,0,-0.48292280564470574,0.0028370440449626386,12.38028234343636,-0.8046653731401109,2.3650490934399717,0.6240443105136111,-0.281254979991684,-1.4950252407626587,1.0330439047577664,0.13408593356622228,1.1612295864963218,0.5845235718221405,-1.5591902558184982,0.9209372515047453,-0.25158525764960477,-0.14061521784048545,1.2657187900151756,0.9094816554697465,1.1360522199736263,-0.3295023237687909,1.311281546814675,1.7999364730656353,-1.5535103580293093,1.0739236399878083,-0.6217235144591973,0.32950232376879157,-1.136052219973627,1.3850658500071569,0.19081952690966666,1.4554568102731822,1.1447137843208466,1.690519086868198,1.109195039464111,0.35076067714292497,-0.1532996650890431,1.5040244254120325,1.333550109443298,1.843951062122355,0.30318689452750225,-0.5768089637773496,-0.1495086639987369,0.30536694786625534,1.3020007969476304,1.2198776557881568,-0.1469716669968365,1
0.08200488108800677,0.1298722426046032,-0.4445202009343899,-0.4281154315628296,0,1,0,1,0,0,-0.14221150653312897,-0.34197589842105514,3.284330355680412,-0.724811720959693,1.1560955350292057,0.2971464503934975,-0.023507882508337196,2.2758164011830324,-0.30915050532083244,0.6028532285229021,0.14255706107774277,0.5225968872363025,0.20562026059356941,-0.3918517050441594,4.185284240325147,-0.7930192750268813,-0.1354109011363766,-1.3808906436902406,-1.182090420044798,1.8851427108031094,-0.35884532375916683,1.0690964423589449,-0.3742887955378684,-0.9486869505040548,-1.5335021062788858,-1.8851427108031087,1.182090420044797,-0.38821085062885646,3.818199867461295,-0.06990903202224041,-0.46604194401358573,-0.4885313565251461,-0.5605696322757617,0.051710241290561454,0.7510470990259361,0.139780294854656,-0.19302946221276363,1.33810702436318,0.7441423543574326,0.4172718409867329,-0.008482709938082702,-0.011864847301746482,-0.20711139779498602,0.9415317152181866,0.9870972718195186,0
-0.07219669305541997,0.8256019238340739,-0.4445202009343899,0.5985369837740325,1,0,0,1,0,0,4.8044117990868,-0.7647060993869825,-0.11865590134220637,-0.35042539515729937,-1.3555780182367343,-0.3172963126776874,-1.6063781785063482,-0.6724159056794807,0.7661275487449734,-4.587643265006621,-2.9070183537602223,-1.411460716795649,1.8374974929204362,-1.5338205986458942,-0.11485590778372262,-0.22855968817014508,-6.277345278810699,-4.87290683930544,-4.174542408827977,2.215196261116728,0.7011324910835169,0.8078518058983041,-1.2770024689578854,-0.02689804254553853,-0.9781788603064924,-2.2151962611167284,4.174542408827976,-1.5951531076062477,-0.9349191994684248,-2.6475650279488985,-2.317980348248362,-3.788398868713501,-1.8207693845322692,-1.85133798686084,0.012804842605544792,-2.9607745473212006,0.3898463742377325,0.4275877563966659,-0.7520651369275744,-1.2294446225572482,-1.159254495073018,-0.3502454288142823,-1.277209135885205,-0.4316415915936655,-0.7036964187794109,0
0.5189093411610479,1.289421711320388,-0.4445202009343899,-0.4281154315628296,0,1,0,1,0,0,-0.07911682151246661,-0.3629088932419264,-0.4001058925245282,-0.15079126470625479,-0.34756481593456784,-0.16256764017213426,-0.24165215433230164,0.6294817447442611,0.674974597571068,-0.7312313072061412,-0.3206084792610517,1.3082119392614153,1.279039704825377,-0.636799411066901,0.9152730238868986,-0.35572752372343874,-1.3733948589595197,-1.2187585544127872,-0.2947266082233409,2.0765513173625387,-0.3002592652947239,0.05291697320866782,-1.2801847417729686,-0.3739885115844241,-0.7730737911304025,-2.076551317362538,0.2947266082233402,-0.5367575899491508,1.0163612595869336,0.391036510778763,0.13691474573727128,-0.42594766232847037,0.41608517572303205,1.0847935651441794,1.397009073393778,0.07776919801113909,-0.5261013687559044,-0.3311783002420958,-1.1261170097488256,-1.5147025926199844,-1.531563013793144,-0.2550758902638815,-1.4418395571298541,-0.7656567202776299,-0.9511296417938885,0
-0.7661037767008384,1.3409572432633117,1.7280720791585935,0.3052077222492148,0,1,0,0,1,0,-0.15483044353726144,-0.3239502639919716,0.022069094248954552,-0.39093087090098955,0.1500585385335177,0.05297923886739346,0.31466388525778355,0.07246807550616587,1.0746588953752856,-0.8068322478945988,-0.41900539749918936,-0.6017630356473874,0.35534542122746005,0.3097171039140852,0.5095314183357649,0.5511079429877868,-0.6812774972180988,0.1746048561337621,-0.49529816032406576,-0.3295023237687909,-0.1280821112735776,0.4109726815472711,-0.9152843772088043,0.41443521022743274,0.7151951958794907,0.32950232376879157,0.4952981603240644,0.18740776423728422,0.340918023760079,-0.32767463161490584,-0.0052107597040024186,-0.27233314020935756,-0.05648973137315825,-0.6279498401920818,-0.4855086804782194,-0.10826409251941274,-0.05424950115312168,0.5034643620605421,0.32447439948480933,-0.21807545597118072,-0.0423289389126401,1.5214221626769286,-0.6186874509066087,-0.8213259083916238,0.22417816752487937,1
1.6497208848795075,1.3409572432633117,-0.15484123025532542,2.9451710759725747,1,0,0,1,0,0,-0.1295925695289965,-0.34372031465612773,-0.6175899766199587,0.26004998926546014,-0.7228401235935552,-0.4653170947566992,-2.922364140257831,0.7435857179311623,-2.8859188015372434,-0.9349261488800977,-1.8900487080541362,0.4553980851203744,1.8602955925381839,-0.6335104368059749,-0.36981835141134267,-1.5226766202864104,0.08743174490037456,-0.29089311039477933,0.6359402782403267,-0.009609152108407288,3.4306223112285785,-1.391070639823882,2.4150045235391704,1.3497207323270097,2.173155382878858,0.009609152108406583,-0.6359402782403275,-0.5924626171942612,-0.3345252120667762,0.04532735367801011,-0.7545997883943533,-0.6819718658603261,1.0776900456576979,0.6769975162545934,0.40038202722625016,-0.29429738304996345,2.776861704463574,-1.3934507795363622,-0.5969704579529088,0.6376984542170299,1.1930584186586881,-1.5874494299694895,-1.6887851889968277,-1.8790404825575102,0.038603250264021984,0
-0.5862019402001745,-0.4885541407104817,-0.15484123025532542,-0.4281154315628296,1,0,0,1,0,0,-0.5460174906653681,0.1772786675522229,0.27793272259651985,-0.4447452886747494,0.8794425942660673,0.4800482626905241,-0.6667996542571437,-0.2057619098400654,0.3197841183779167,-0.9431307254565268,-0.5622452732509874,-0.8178532283679726,0.049433802453021924,-0.5035644800614909,0.1595489470655012,0.13980625585727077,-0.11345771703538463,0.3488194442538572,0.30418285154596364,-1.417139107414103,0.4240454557897153,0.44224731135995643,-0.29666379838135065,1.1616060343166357,1.0715006868490269,1.417139107414103,-0.30418285154596436,-0.45320004908148526,0.19081952690966666,0.13630344765189217,0.188596747715916,0.13730558544161034,0.3845801819166189,-0.05703537174666111,-0.2086678343205727,0.20179139169817292,0.6951622885689447,0.8069707847160468,1.0360852794862145,0.7025298110494701,1.1761353041714093,1.267636726542527,0.7806711296729086,0.1250502895462747,1.0901944480755505,1
0.31330724230314594,0.1298722426046032,-0.15484123025532542,-0.4281154315628296,1,0,0,1,0,0,-0.2810198135785862,-0.21812234573090036,3.284330355680412,-0.724811720959693,1.3029858376921168,0.3923984944503842,-0.5549263050883045,-1.4403778653652408,0.42340754370709155,-0.3981081203131056,0.41051141420826587,0.39305267597715265,-0.013715818698651773,-0.6525028373069298,-1.3738557874743011,0.4602151847183648,-0.3924888420573383,-0.00231115801274507,-1.089198340570375,1.6163306238481745,0.11966538879866352,0.6006652551079353,-0.11634041882553331,0.14863316954909667,-0.5359413396323879,-1.6163306238481752,1.089198340570374,-0.8152827261747027,-1.4602639384448675,-1.1737523055720087,-0.7933612898783374,-0.8867912286858101,-0.9386295579527137,-1.1173050988595852,-0.8177176958673952,-1.0384305451721696,0.3620903820258042,0.9587239960437993,0.9950308056399795,0.7738443035651539,0.7953652282076441,0.09387908442092041,-0.6186874509066087,0.15288488360327163,1.0901944480755505,1
0.8787130141623758,-0.5916252045963298,0.27967722576327125,-0.13478617003801185,1,0,0,1,0,0,0.059691485532990585,-0.407100771197099,-0.5664172509504457,0.17903903777807972,-0.7533005492859539,-0.45145412120851375,0.7300425617900012,1.6884777081990812,-0.47296348856946513,0.1831880921264857,-0.7823913949299475,-0.30122313126669664,0.7833848952019047,0.703906096750607,2.727644218607583,-0.4516418923205573,0.18375462156266045,-0.4016053615274102,-0.02757457514840374,-0.3834842964864804,-0.3118072753747187,0.41500545587487525,0.19270038764100936,-0.06526735690419834,0.6250576623919373,0.3834842964864804,0.027574575148402326,0.49378541408539117,2.2171492343902317,-0.46413877257572894,-0.6124742829530796,-0.5112890635057554,-0.43454965705011084,0.35076067714292497,0.40038202722625016,-0.4183195767369984,-0.27629743884854874,0.4275877563966659,0.11464042204849642,0.19684522775643593,0.1607484349347019,0.5697267771729232,-0.12479618717266176,-0.32030321536567735,0.16231986177126023,0
0.8273124894479005,0.3102466044048362,0.5693561964423357,-0.13478617003801185,1,0,0,1,0,0,-0.10435469552073157,-0.3547682841449209,-0.2977604411855021,-0.21444272658919655,-0.1931512638714968,-0.10711574597939269,1.2524595763656308,0.90114288410185,-0.8014654961379618,0.42043077633276327,-0.3347096869244958,-0.1209500330581155,0.2582025770199244,0.8851174639549296,-0.1000887767228297,-0.9764877338938875,0.12168760574564601,-0.5888728624826645,-1.3392924006938196,1.163332477313009,-0.8571765882201525,-1.3371136282975915,0.11435418202834917,-0.4473115080724513,-0.1397807496800259,-1.163332477313009,1.339292400693819,0.6330479821981672,-0.25947596364157,-0.5187244289600577,-0.9096457943302884,-0.8185181077439823,-0.15100471279239655,-0.7910682597479163,-0.26403600355210183,-0.6043528672675491,-0.9979532363586869,-1.4693273852002382,-1.3541974200056863,-1.0997819088923677,-1.176177609560296,-0.8895394805998851,-1.1948939252628807,-0.8769950965056176,-1.2604211705619852,0
1.2899172118781799,0.3102466044048362,-0.4445202009343899,-0.13478617003801185,1,0,0,1,0,0,-0.38197130961164594,-0.1541604171115716,-0.2977604411855021,-0.21444272658919655,0.12079695862464822,0.047165733831057655,0.8065182520776982,0.8287607327788173,-0.7773291677233998,-0.029112027714784546,-0.43137050067926264,-0.11450937138374434,0.17924418986815033,0.1182873190693187,-0.2456302361719579,-0.9152515859703219,-0.29905112208377155,-0.39354540035734525,-0.964482122757493,0.8003845014165709,-1.0032919668680393,-1.3835670931294202,0.14289543558544562,-0.2572055022401147,0.17658229161747827,-0.8003845014165709,0.9644821227574922,-0.2582324537235989,-0.6347222057676005,-1.364802102917162,-1.5427503185686884,-1.552454157868633,-0.43454965705011084,-1.1173050988595852,-0.8730858650989243,-1.2864749325462383,-1.0812212129944723,-1.4693273852002382,-1.1261170097488256,-0.892321567028559,-0.9223308922511192,-0.6040308649486834,-1.1125787146405561,-0.9326642846196119,-0.9511296417938885,0
2.1637261320242622,0.6452275620338409,0.5693561964423357,0.3052077222492148,1,0,0,0,1,0,-0.356733435603381,-0.16462691452200723,-0.06748317567269331,-0.3643129868408503,0.3109584378304393,0.15493917335082152,-0.1588783945601566,0.3868953590917671,0.7335740820075188,0.3448036437196672,0.09509320444073685,-1.4360932048768922,-0.9744577407072388,-0.3341244047611317,0.5374749729514829,0.4263974954924293,0.47183157890824656,-0.033530151083064466,-1.910605154441425,-0.06374491962016399,-0.1129288932047056,0.007404606750431163,-0.5743319836293074,0.0020526390909833218,-0.15636148947264708,0.06374491962016399,1.9106051544414244,-0.48105256270404034,0.19081952690966666,-0.7734574920869285,-0.4574282770171454,-0.2552648599739003,-1.2536794960168407,-1.4435419379712537,-0.8730858650989243,-0.23228628620644656,-0.1375174777889068,-0.02767187758659086,-0.0951935553878152,-0.37367071236903754,-0.3469449996836519,0.28421816152172197,0.4514102871836102,0.45906541823023866,-0.08511336124321738,1
-0.38059984134227254,-1.158516055968491,0.714195681781868,0.3052077222492148,1,0,0,1,0,0,1.6622964850578146,-0.653063460342336,-0.2849672597681238,-0.23816736238192937,-0.9866064020360292,-0.31819069806789285,1.3190869506797334,-0.9142239731755046,0.27992516323489386,1.3541647168459194,0.2764301763802586,1.8372108263903644,-0.3506252545842189,1.4977448842741314,-1.8918881041663387,0.17107128738690294,2.437901424301726,1.0085335592263962,2.820010003978237,-0.29111514316954507,-0.33769347407979633,-0.6404508769934834,-0.21075692991880282,0.5879921515509425,0.6252639577261494,0.29111514316954507,-2.8200100039782376,1.7471485271003746,-1.685411683720486,0.8095265430586199,0.7829397704703327,1.8441336089873108,-0.5605696322757617,0.5954383064766764,-0.5408768497097485,0.7598912632898273,-0.4150773999081907,-0.7105613285614767,-0.44187577897824326,-0.47740088330094144,-0.2284831982727022,0.030432725387320277,-0.37174181903963527,-0.5429799678216537,-0.3944048900113141,1
1.8296227213801723,0.4133176682906843,1.0038746524609323,-0.8681093238500562,0,1,0,1,0,0,-0.40720918361991093,-0.08729112810045517,-0.054689994255315046,-0.3706781330291445,0.39470839196641555,0.2193349214456182,1.792882938063475,-0.020773913413731714,1.0240726827495976,1.6097539186327676,2.3681663658387135,1.50785160015162,-1.4404381828828028,2.3780669218205444,1.5191953992867906,-0.024636824424773354,1.8112214394087642,1.4224577749249305,0.8518955842960956,1.2116300738185948,-0.11691092061182078,1.550409449102309,-1.4246992965372578,-0.37869751639800114,-1.6899791005498224,-1.2116300738185954,-0.8518955842960962,1.8028535543454847,1.0163612595869336,-0.7552622732921518,-0.6512357844370638,0.03489590402886805,-0.49755964466293656,-0.5463906304141645,-0.9284540343304539,-0.5423417704240322,-0.47058938433204756,0.6552175733882943,-1.5092920989803518,-1.8647919195151619,-1.8531021890514345,-1.175048096251087,-0.6186874509066087,-0.09762646290970158,-2.002720839605417,1
1.726821671951222,2.1912935203215542,0.5693561964423357,-0.4281154315628296,1,0,0,1,0,0,-0.21792512855792381,-0.2919692996823072,-0.3361399854376369,-0.1797237473803192,-0.12863671545917288,-0.08565049661446048,0.3723761554383192,-1.019541250176336,0.36332975499819153,-0.2084460173368733,0.2930912720329686,0.8007047030469618,0.19218071911558735,-0.4020710015612041,-1.116287715403256,0.17968848836969914,-0.3092369326245598,-0.2651111749136831,0.18286856865026183,0.9106988955914741,-0.9195427160795241,0.28107983401865216,-0.3161143449815789,-0.025036927297477973,-0.6398624706706333,-0.9106988955914734,-0.18286856865026252,-0.5924626171942612,-1.2351161931692491,-1.0463857740085747,-0.806281790372998,-0.8697229484503528,-0.9071245641463012,-0.05703537174666111,-0.1532996650890431,-1.1004416420156866,-0.9701972441467586,-0.02767187758659086,-0.7885580025686714,-0.8145239388296306,-0.7700228618656133,-0.857816301083085,-0.6186874509066087,-0.26463402725168356,-0.8892713360402683,0
-0.1749977424843705,0.23294330649045036,-0.15484123025532542,0.5985369837740325,1,0,0,0,1,0,-0.23054406556205628,-0.2733621931748661,-0.4128990739419065,-0.09871279589293881,-0.21921875808423083,-0.13394730768555796,-0.06626422133478264,-0.680723380896902,-0.4465182265378235,0.5181722155784151,0.33089044759608266,-0.33637448655240504,-0.4333052241179097,-0.41250179386702057,0.18652968443043264,-0.7641566256462506,0.07711460452216394,-0.36458490579647906,-1.0827475017179835,0.6150811089542358,-0.3200249192555337,1.121175546485443,-0.15749833966410137,-0.6235517117585667,-0.786119987370104,-0.6150811089542358,1.0827475017179828,-0.5089050763265954,-0.03432821836595151,-0.5824076947417753,-0.8579637923516437,-0.7843815472730677,-0.15100471279239655,-0.38327221085833024,0.12354118106860354,-0.046252995675895824,-0.10976148557697851,1.4898602356909325,0.9539763317937442,0.7154960824159574,0.39767203775660004,0.47455723862252236,0.6160407084282594,1.0714264874841732,0.5953280020465953,1
0.2876069799459088,-2.24076222676989,1.4383931084795292,-0.4281154315628296,1,0,0,1,0,0,-0.25578193957032125,-0.25882539121592774,3.3994689884368166,-0.7271263195736183,1.2917603766289059,0.36288377657360243,1.2510234475666557,-1.7447762117279773,-0.6096288667580397,2.4613761241029835,0.414316205462074,5.472527072344672,2.182202073061295,0.8148930362384924,0.7629368891012974,-1.459322953430953,-0.4167387253831752,-1.258511020000226,-0.270149897892672,7.73180560207293,-0.925347036910998,3.15905353404407,-0.6330957480828214,-3.738391335315802,-1.76732242037253,-7.73180560207293,0.27014989789267135,0.8280155775560533,0.7912135143113154,0.20908432283099887,-0.5995537824584191,-0.71610842633123994,0.5421051509486824,1.0032343553662626,1.2862727349307197,-0.10826409251941274,-1.3032691506898992,0.5793409677244183,-3.2700728661633165,-2.953958714300157,-3.562336752266559,-1.4922798914190887,-3.4997198226879678,-2.213055611241474,-2.3120123683735136,0
0.72451144001895,1.2378861793774645,0.5693561964423357,-0.4281154315628296,0,1,0,1,0,0,-0.20530619155379135,-0.3030172691711004,-0.31055362260288033,-0.20865623005438366,-0.11058323950134727,-0.07178752306627507,-0.7360105530801485,-1.086056454986405,1.4413161181248746,0.5491351209594191,1.1172070372482998,0.5678462800695051,-1.1644031920980102,-0.003723953666290217,-0.9184234384476964,1.2314188070126142,0.7650733837233938,1.1949842015918632,0.4783555005605047,0.30004743805884815,1.0197196599159952,0.5705901291199555,-0.7328702743818268,0.016787549678849163,-0.285754376663342,-0.3000474380588474,-0.4783555005605054,-0.3696425082138195,-1.1600669447440433,-1.4375829780962672,-0.7029177864157086,-0.3918111018575571,-1.5057194464681423,-1.3619827281933365,-1.648240234340335,-1.1624527388592034,1.055990187324014,0.6552175733882943,0.31535118307453414,-0.127311556405765,-0.11002139686175369,0.6014499566897238,0.12214944469431245,0.29205785388825667,0.038603250264021984,1
0.6731109153044746,1.0832795835486928,0.27967722576327125,0.5985369837740325,1,0,0,1,0,0,0.29945128861150755,-0.449548232917199,-0.38731271110714993,-0.15310586332017995,-0.5964371159004084,-0.22741058096203368,-0.1431613639430643,0.14240037545164633,-0.5908853333445954,-0.6375631297552468,-0.8020027547413839,-0.26737491534603075,0.4963624386808555,-0.39387096710434244,-0.9484610761178563,-1.0914800972455168,-0.6884172115411819,-1.0090564148999923,-0.7471295343976714,0.3763264807979944,-0.19448186799378459,-1.1455964692956924,-0.28907219033453757,0.1786839334481811,0.05749566776778077,-0.3763264807979944,0.7471295343976706,-0.4253475354589299,-0.9349191994684248,-0.24579614703841146,-0.7545997883943533,-0.9550643496276378,0.29006520049738066,-0.13859458152457876,0.2342775195316623,-0.4183195767369984,-0.3040534310604773,-1.1658209625447336,-0.5057382938501646,-0.5681647828663581,-0.4654068010946016,-0.1916295312302808,-0.5363722402842841,-0.4316415915936655,-0.5181215015185524,0
-0.9974061379159777,0.026801178718756015,-0.4445202009343899,-1.6014324776621007,0,1,0,1,0,0,0.21111872958258027,-0.433267014723188,-0.0035172685858019803,-0.3845657247126954,-0.15226870544990662,-0.03601210745805471,0.12033145287910023,-0.2929461774775314,-0.0834095236314871,-1.0359666564505825,-1.3008131318912712,-1.4181095706389752,0.7117770591587926,-0.814789625035777,0.12721188352250026,-0.2725835993806284,-2.0567691617149184,-2.2919441856030485,-1.4375436385994584,-0.5083940391827542,-0.9814520073831747,0.5295158944126921,-0.15989661647559517,-0.6399329753204998,-0.546516626465536,0.5083940391827542,1.4375436385994576,-0.8988402670423681,-0.18442671521636386,-0.8735311954581982,-0.8644240425989739,-1.5268517375154478,-1.033144539371952,0.18764225758709038,1.1201682272361313,-0.790386157798101,-0.5816133531797613,1.5657368413548085,2.723880315386984,2.1936510181955944,1.7176749677643206,2.028993034945732,2.0153992890077768,1.8507951210800897,1.8943524228726025,0
2.1637261320242622,1.1605828814630785,0.5693561964423357,-0.8681093238500562,1,0,0,1,0,0,-0.356733435603381,-0.16462691452200723,-0.579210432367824,0.21954451352176993,-0.3710772138195086,-0.2962782560078579,0.21298312855317578,-0.003600722420918457,0.5602061819982516,1.3366259145353208,0.9874458803560181,-0.8201986913138724,-1.4617416239539607,-0.11435849961979494,0.12264294016807395,0.8053161926445053,0.8438192434939716,0.5242798075272038,-1.579462093352047,0.44783808336594555,-0.41042389021239395,0.12780310967550157,0.043444491400381896,-0.9689786611878769,-0.7718708163118181,-0.4478380833659462,1.579462093352047,-0.3696425082138195,-0.25947596364157,-1.0827762115981268,-0.5607922809744348,-0.22112829950298704,-1.537224440274555,-1.6882195673050053,-1.3713993881826885,-0.6043528672675491,-0.38732140769626244,0.12408133374116129,0.023408257945752128,0.04124997135858002,-0.3469449996836519,-0.0647368131630805,0.28677986593896093,0.5704037944582268,-0.332546584257695,0
-0.38059984134227254,1.830544796721088,0.714195681781868,1.0385308760612593,1,0,0,0,1,0,1.6622964850578146,-0.653063460342336,-0.42569225535928473,-0.0842465545559066,-1.1711227828859736,-0.4371439549652256,0.06491011225811692,-1.7046433766579656,0.2620974390262475,0.39418547046881913,0.3363713641070574,1.9730264071633035,-0.6319420820632434,2.345132560423503,-0.6563367976772931,0.2750669095040408,2.205480564700473,1.602844981766316,3.3522042093004485,-0.6337026228571595,2.252969731338831,1.682172735495753,-0.08188026276512678,1.6543976348860832,1.1275669087816313,0.6337026228571595,-3.3522042093004494,2.304198799551478,-0.5596729573423944,0.21818193222838655,0.33072225315718967,1.2467438007463156,-0.24551969421163483,-0.6279498401920818,-1.648240234340335,0.139780294854656,1.8609139614699375,1.33810702436318,-0.42362934615769415,-0.39960325510201306,0.24536400737109418,-0.3502454288142823,-0.6186874509066087,-0.9326642846196119,-0.20882997275045564,0
1.135715637734753,2.1912935203215542,1.0038746524609323,-0.4281154315628296,1,0,0,1,0,0,-0.4703038686405733,-0.011699757913975716,-0.3361399854376369,-0.1797237473803192,0.21664576043173078,0.12989638242506726,1.5221331676190906,0.19728389526229126,0.36454518757412574,0.6525891768923925,0.19408927141959095,1.3064660683467995,0.6089124243653112,1.3500355775408985,0.3528923563341128,-0.05677484241326661,0.7315327653424208,-0.09951721488720816,0.6912331826893902,1.0963072413460702,-0.7676235803091002,0.08274147813395318,-0.5553987250303078,-0.15623050862912444,-0.3494847494379703,-1.0963072413460702,-0.6912331826893908,1.1900982546492709,0.26586877533487285,-0.1548200530645294,-0.1602567656399366,0.13730558544161034,-0.6865896075014126,0.758556726032511,0.4557501964577793,-0.4803306735805153,-0.8036612908751883,-0.1035484832504671,-0.5239847266707137,-0.7107937678977266,-0.7192535184037778,-0.12818317219668063,-0.7833178721512579,-0.3759724034796717,-0.6418381130257917,1
-0.9717058755587404,1.7274737328352407,-0.4445202009343899,-1.161438585374874,1,0,0,1,0,0,0.11016723354952047,-0.4105896036672442,-0.4512786181940413,-0.0437410788122164,-0.5719890005054566,-0.2819680897645698,-0.02304426773636242,-0.0040680875571985535,-0.17858023956054767,0.2229087130137338,0.07757019510934107,-0.02039582676211257,-0.1790766794535147,-0.40389146030662665,-0.044254605339903906,-0.46823930489806576,0.06255121750357234,-0.3314564629333809,-0.01835909107355938,-0.009609152108407288,-0.3715199729833809,-0.03874971429306251,-0.2264101746434291,-0.23911057387946644,-0.4244477760059409,0.009609152108406583,0.01835909107355796,-0.06326485836571254,0.47225420850418953,1.6169393770768232,1.0736510316002104,1.0547256480974243,1.211586269334952,1.0032343553662626,1.1201682272361313,1.612543844888188,-0.44283339212011924,-0.17942508891434333,-0.43275256256796935,-0.47740088330094144,-0.5330992590437151,-0.3502454288142823,0.12214944469431245,0.1250502895462747,-0.7036964187794109,0
-0.1749977424843705,-2.24076222676989,-0.15484123025532542,-0.4281154315628296,1,0,0,1,0,0,-0.23054406556205628,-0.2733621931748661,3.3994689884368166,-0.7271263195736183,1.2637443546270357,0.35170395919603353,0.6774648707388939,-1.1643149727927207,-0.12329279490674634,1.1402003628375204,0.07466984002273196,2.601226465993398,0.9047026706223323,-0.28228593544207903,-0.06664185594388441,-0.5330657373645451,0.3685601468880837,0.1170664254165212,-1.0255223183500044,4.56486320263511,-1.2240881747059087,1.531298491481617,-0.3671342764170332,-1.1748791979212243,0.01721813023134699,-4.56486320263511,1.0255223183500037,-0.45320004908148526,-0.3345252120667762,-0.8462383672660339,-0.9613277963089331,-0.7843815472730677,-0.30852968182446,-0.7910682597479163,-0.4301405112466897,-0.23228628620644656,-1.3032691506898992,0.5793409677244183,-1.6278939123139191,-1.5276688639864726,-1.785409731102321,-0.2233527107470814,-2.676567716464722,-1.6563637301015341,-0.45626319576493324,1
-0.27779879191332196,0.7225308599482267,0.27967722576327125,0.5985369837740325,1,0,0,0,1,0,-0.4576849316364408,-0.02042183908933873,-0.2210013526812325,-0.29892557599746467,0.3249648631982956,0.21531018718969339,-0.5846702156682876,-0.2966542845131235,-0.5927135364442596,-1.1681843930583362,-1.1097481901070638,-0.904970423501387,0.6762417052257886,-0.636799411066901,-1.3344097926937442,0.5207017025709804,-0.7031357598312643,-0.1386256982343758,-0.5252107151899512,-0.7133741297612556,0.17671569897840345,-0.9296151214147714,1.3335142551433856,0.880924366807543,1.3073859851045297,0.7133741297612556,0.52521071518995055,-0.6760201580619267,-1.3101654415944555,-0.4277483349861756,-0.10857476366129187,-0.3747428216220998,-0.37153966943728567,-0.8726274695258333,-0.762349526635866,-0.6663639641110671,-0.22078545442469194,-1.1658209625447336,-1.3906902856467844,-0.62002986833231,-0.2623294272472596,-1.5240030709358887,-1.3595243465075295,-1.712032918215528,-1.0748462533011267,1
0.030604356373531493,1.0832795835486928,-1.6032360836506476,0.5985369837740325,1,0,0,1,0,0,0.009215737516460692,-0.3890751367680154,-0.38731271110714993,-0.15310586332017995,-0.40216830249240476,-0.1809025406713472,-0.39851560525479235,1.1845847237718363,0.003572515200522733,-0.44171461868774564,-0.31595156613587594,0.2509399765073503,0.18924615531489208,-1.074232987770071,0.4434646284934269,-0.23183830508104375,-0.671160506692792,-0.36364309620474833,0.21285636891661422,0.13114384342216406,-0.5192152940264131,-1.1816265794558052,-0.2378588861646225,-0.06878331678256522,0.05572580395114776,-0.13114384342216406,-0.21285636891661494,-0.7595776989295921,1.2415090048625523,2.1923631714616274,1.70029530559128,1.2808803612172301,1.9913348660436665,1.0847935651441794,1.0648000580046022,1.752068812786101,-0.5538573609678327,-1.1658209625447336,-0.33239718205494984,-0.39960325510201306,-0.39771434314548676,0.062155904904119784,-0.28942660841731066,-0.26463402725168356,-0.3944048900113141,1
-0.09789695541265715,-0.8235350983394863,-1.168717627632051,-0.13478617003801185,1,0,0,1,0,0,0.1858808555743153,-0.424544933547825,-0.7583149722111197,1.1656366969636769,-1.5352166073291476,-1.227333447211793,-0.26476788805572854,-0.218961210924287,-0.929265363602244,-0.11455669292822596,-0.18632462653972465,0.3022653785001041,0.21323454972139208,-0.2054326585071959,-0.527064332972972,-1.322967920446079,0.2787228938535224,-0.09542667892629894,0.03622492998512883,0.3763264807979944,0.1629003016653007,-0.22747034479036782,-0.05911829089021665,0.4311355519593131,0.1490655612544491,-0.3763264807979944,-0.036224929985129536,-0.06326485836571254,-0.3345252120667762,0.6093791363160792,-0.22485926811324272,-0.10165033785478751,1.424244977528238,0.4323198869208419,0.4557501964577793,0.3258135853852078,-0.16527347000083534,-0.5588081172337243,-1.1443634425693747,-0.996051737960463,-0.7869459763528921,-0.9212626601166852,-0.5363722402842841,-0.4316415915936655,-0.8892713360402683,0
1.1614159000919912,1.830544796721088,-0.8790386569529866,1.0385308760612593,1,0,0,0,1,0,-0.5586364276695006,0.2179817130372503,-0.42569225535928473,-0.0842465545559066,0.2752599661670599,0.23275070229870082,-2.065525447497473,-1.202760641220844,0.05681972068445241,-2.1013563073967307,-1.6620177943186338,-0.7040712313698257,1.2481508406802375,-0.3008642873622028,-0.0819067588561394,0.076042233246016,-1.0947912852151895,-0.9320316950168502,-0.5702641928891875,-0.39468810214486993,2.571543364253055,1.5687743333023747,-0.001259350720327877,1.7532205051960592,1.250756986605193,0.39468810214486993,0.5702641928891868,-0.2582324537235989,-0.03432821836595151,0.14540105704928116,0.1627557467265941,-0.2894014204448148,-0.05648973137315825,0.2692014673650073,0.6218547041523672,-0.17027518936292965,2.16622987580115,1.2622304186993043,-0.378013264106322,-0.32180562690308556,0.36382580878204385,-0.3502454288142823,-0.7010026615289333,-0.9326642846196119,-0.023255055489598248,0
-0.27779879191332196,-0.17934094905293926,0.27967722576327125,-0.13478617003801185,1,0,0,1,0,0,-0.4576849316364408,-0.02042183908933873,-0.24658771551598904,-0.26941444366991896,0.2980926766839729,0.1925033597394529,-0.458625031179386,-0.9121222033798851,0.6725030665133623,-1.0937541541358855,-0.457507398664167,0.3707780809940526,-0.013288050422303178,-0.7065958648491627,-1.0463590121043957,0.34028682535088617,-0.7940536353147418,-0.2662213760766199,-0.2971274843375756,0.8003845014165709,-0.06829299256611442,0.20369686102287862,-0.5773787785685462,0.6902213068554993,0.3348686671772886,-0.8003845014165709,0.29712748433757485,-0.7595776989295921,-1.0850176963188372,-0.5642124759469986,-0.3153027715758717,-0.596630464683041,-0.37153966943728567,-0.7910682597479163,-0.762349526635866,-0.9144083514851348,-0.5261013687559044,-0.482931511569848,-1.8924671882118775,-1.825893105415697,-1.5146398993058652,-1.0798785577006862,-1.1125787146405561,-0.9326642846196119,-1.3222794763156045,0
0.030604356373531493,-0.8235350983394863,-1.6032360836506476,-0.13478617003801185,1,0,0,1,0,0,0.009215737516460692,-0.3890751367680154,-0.7583149722111197,1.1656366969636769,-1.4103042146760802,-1.200054692810525,-0.7083351287014065,0.1914335310898884,0.00285289978184695,-0.4721728800049933,-0.2866669313833597,0.4554255495576808,0.1278196229565858,-1.0300049391560386,0.37525986730997274,-0.2158334777923134,-0.4489221032977348,-0.26806301616362727,0.1590389773671773,0.4634132099205562,-0.044211559778533825,0.11317856803705505,-0.2207918398545191,0.19273162580587938,0.11096968953670958,-0.46341320992055685,-0.15903897736717798,-0.7038726716844818,1.1664597564373458,2.2105583902564043,1.726136306580602,1.4174266031008858,1.8968198846244282,1.0032343553662626,1.009431888773073,1.876091006473136,-0.3040534310604773,-0.2553016945782196,-1.0440080620563552,-0.9830854665939747,-0.8546384343020056,-0.6040308649486834,-0.6186874509066087,-0.48731077970765985,-0.8274130302866491,1
0.72451144001895,0.7998341578626126,-0.15484123025532542,0.5985369837740325,1,0,0,1,0,0,0.36254597363216995,-0.45420000954405926,-0.8478672421327675,6.4573877780500615,-3.0090131119582795,-5.339717471376725,-0.27195761912527755,1.8305413398127406,-0.5903856686176552,-0.23124299125558842,-0.6885538745577018,-0.3013021987022423,0.7476047711332159,-0.4588690559222955,2.1893547315821866,-0.8012527081122646,0.3032750014247476,-0.1848361821996077,-0.03566621970192337,-0.3755669404878874,-0.08033286441221646,-0.31922792824001045,0.0018952879010787856,0.6131166626144873,0.714697203041206,0.3755669404878874,0.035666219701922665,-0.23037994010104354,2.667444724941468,1.0733572155828786,0.4340862571144791,0.5469443110925782,1.140700033270523,0.5954383064766764,0.6772228733838963,1.2559800380379649,-0.10976148557697851,-0.3311783002420958,-0.10431677179808911,-0.08841274230630035,0.1607484349347019,0.15732544345452057,-0.8656330827735822,-1.0996718489615938,-0.45626319576493324,0
-1.8712150580620608,1.7790092647781635,0.27967722576327125,-0.8681093238500562,1,0,0,1,0,0,1.081825382867721,-0.594334780428225,-0.09306953850744984,-0.35563324203863095,-0.6231922649608806,-0.18224411875665547,-0.47081175568015465,-0.7973447288839439,0.3552912863204239,-1.0131370674096327,-0.6692000951334703,-0.12122377409158941,0.2870332019489377,-0.6042641686773806,0.06342060126478134,-0.09709107653041608,-0.43847599709260265,0.16733378376008926,-0.2548898489945435,0.08746187929198715,0.05090156958721898,1.1579140295481307,-0.5832622592139092,0.9338975229880567,1.0333617693572927,-0.08746187929198715,0.25488984899454276,-0.6976832242128028,-0.18442671521636386,-0.7168501447254008,-0.6526713956031375,-0.7730026937827631,-4.808534950914491e-4,-0.582639168093239,-0.5408768497097485,-0.549231892295534,-0.026493508941193386,0.9587239960437993,-0.25028823436248077,-0.5033334260339178,-0.1269445113490324,0.664896315723324,-0.6186874509066087,-0.6543183440496418,0.038603250264021984,1
0.004904094016293398,-2.2149944607984287,0.27967722576327125,-0.4281154315628296,0,1,0,1,0,0,0.26159447759911014,-0.44024467966347847,2.9900871830807123,-0.7155533265039925,0.8057550441864049,0.21441580179948788,0.23932814364359858,-0.4672682643585647,1.405509582815358,-0.5686569460653241,-1.344758908452422,0.4559135714821125,1.5434523718418134,-1.0409902820693935,0.07878426789823013,1.8146530463644635,-2.680676623591301,-2.3882219695993183,-0.7825353858951971,1.3979208031972914,-1.3729368338587888,0.7202647071720227,-0.09782737743469556,-1.8898942049542178,-0.5833814817714532,-1.3979208031972914,0.7825353858951963,-1.038102835155144,-0.09061515468485622,-0.4755107843224642,0.4760778837221285,-0.6947730760369187,-1.899531869048301,0.901285343143866,1.5354294964726014,-0.8679000288524974,-1.488309098769422,-0.4323471077939307,-2.6314477174441064,-2.2624242414207947,-2.6033602646541127,-1.2807920279737544,-1.30464753942598,-0.914107888581614,-2.105818015861449,0
0.6988111776617119,-1.6223358434548052,1.7280720791585935,0.7452016145364414,1,0,0,1,0,0,-0.43244705762817587,-0.029143920264701743,1.1222826961434853,-0.5911436510055155,1.0272567948454843,0.43443460779004317,0.6083070433247294,-0.1710582542929497,-1.308518829311038,0.5915303134000075,0.380879268123173,0.053085449074614474,0.30853628281748313,1.6087007503828832,1.5146197603687834,-1.3311831345173817,1.007940337807636,-0.10985934646816571,0.2600885100232926,-0.18555039652161812,0.7615290834614922,1.7520956487058232,0.4510784039305794,0.20033709409930828,-0.6024179719291711,0.18555039652161812,-0.2600885100232933,1.357213336384602,1.2415090048625523,-0.30947941282012914,-0.9225662948249498,-0.5283573437412127,0.19555021907814235,0.5954383064766764,0.5111183656893089,-0.10826409251941274,1.0837461795359422,2.2486262923296945,1.127317443588959,1.2211806657089916,1.243827762120523,-0.5405845059150832,0.6160407084282594,0.5704037944582268,0.7809029193074537,1
1.8296227213801723,0.7482986259196881,0.27967722576327125,0.5985369837740325,1,0,0,0,1,0,0.097548296545388,-0.41000813158888666,-0.2210013526812325,-0.2931390794626518,-0.2693723275109699,-0.08878084548017975,-0.8194000344451685,1.0729748596163735,-1.1979761424597406,-1.0583325024779247,-1.8642765159884933,-1.5196055441161505,1.3542029768937276,-0.9388459354740588,0.6704143799965172,-0.36718644335067235,-0.848382772477828,-1.4842517086316371,-1.2778853770027954,-0.8051695616290189,0.2013118976630012,-0.801085259293485,1.2686865549389807,0.5884970982697632,0.9745678682016296,0.8051695616290189,1.277885377002794,-0.9266927806649233,0.491016520610491,-0.30947941282012914,-0.44450777652248397,-0.7331767065666972,-0.6865896075014126,-0.13859458152457876,0.5664865349208381,-0.4183195767369984,-0.1375174777889068,-1.0140677512169813,-1.1534866589796486,-0.4255357978349895,-0.1777138548108673,-1.397110352868688,-0.9479482933959068,-1.32234860141757,-0.9511296417938885,0
-0.48340089077122306,2.165525754350092,-0.4445202009343899,0.5985369837740325,1,0,0,1,0,0,0.19849979257844777,-0.4309411264097579,-0.3361399854376369,-0.18261699564772566,-0.46758293208315554,-0.19029358726850507,0.6278403625426805,0.2540376872815519,-0.5629659205032723,0.5742995491253979,0.5083299357949643,1.7970463582140939,0.5894096915755007,0.5927511617831454,0.4545695864922966,-0.0366141997812418,1.1273248441012054,0.770350315463155,0.8063022000563537,1.6512761951523172,-0.28075733076477943,0.10670313459666936,0.7327995330777682,0.3419943778268802,0.09124333404451375,-1.6512761951523172,-0.8063022000563543,0.8001630639334981,0.7161642658861095,0.7822337148664557,0.6408142650290589,1.1101975588626602,0.4790951633358572,0.5954383064766764,0.2342775195316623,0.8839134569768611,-0.44283339212011924,-0.17942508891434333,-0.8068044353892204,-0.3477381696360611,-0.194636969298146,-1.3336639938350878,-1.5241547677521787,-1.0996718489615938,-0.3944048900113141,1
-1.4343105979890196,-0.7977673323680251,-1.6032360836506476,-0.4281154315628296,1,0,0,1,0,0,1.6875343590660796,-0.6577152369691962,0.5849690766135982,-0.510132699518135,-0.3871298562228972,-0.11158767293042024,-0.6999755194233422,-0.14978116950293086,0.2806613192560363,0.06115924633844512,-0.04586228152557659,0.43563342449127673,0.36163968645561173,-1.451807232924386,-0.09097847258685039,-0.08179214194606071,-0.9779305536985783,-0.635728043134046,-0.08286747959746427,0.6763389906671557,-0.47729568196364086,0.11443911908011713,-0.4658666402845448,-1.0523213930687927,-0.561041487564148,-0.6763389906671557,0.08286747959746356,-1.3166279713806959,0.13721292089166215,0.7185504490847379,0.56144547627614,0.11292232796238552,0.6996301199807459,1.1780040906046567,1.3574603810855428,0.5827167008797779,-0.44283339212011924,0.12408133374116129,0.05990112358685037,-0.1921429132382052,-0.5838686025055501,0.664896315723324,0.12214944469431245,0.514734606344233,-0.023255055489598248,1
0.6988111776617119,0.6194597960623787,-0.15484123025532542,0.3052077222492148,1,0,0,0,1,0,0.6906383357396142,-0.534443156357399,-0.5280377066983108,0.019910383070725346,-1.0235288167060868,-0.4264113302827595,0.7320979613861184,-0.3960325307328713,0.33448006229484456,0.6671817454778685,0.664813797676384,-0.14249065746504003,-1.1503998727591502,-0.12478414973736487,-0.4859223688393305,0.053663073947193676,-0.3733183703197207,-0.3896137119817064,-0.3593320018427697,0.16204084244106823,-1.1426828886785412,0.056780715173842075,-0.4033192362356606,-1.2714956007465583,-1.2446724544707914,-0.16204084244106823,0.359332001842769,0.04814519612450831,-0.25947596364157,0.7367456678795146,0.6537347655237203,0.4616029099152932,0.3530751881102058,0.18764225758709038,0.40038202722625016,0.7598912632898273,-1.192245181842186,-0.3311783002420958,-1.1352402261590995,-1.1386807229918314,-1.4807936703313085,-0.7626467625326843,0.5337254978059351,0.6817421706862145,-1.2604211705619852,1
1.341317736592655,1.0832795835486928,-1.6032360836506476,0.5985369837740325,1,0,0,1,0,0,0.009215737516460692,-0.3919824971598031,-0.3745195296897717,-0.1606283088154367,-0.38461320460892634,-0.17732499911052518,-0.3334441734022507,0.9077111057346023,-0.15223047291119848,-0.7866008310079927,-0.7524140377158166,-0.21831434384076298,0.6903586965497192,-1.136640350501969,-0.10253152936398884,-0.09760841329353598,-1.3899754053781062,-0.9008588270939175,-1.0001237438140784,0.6941558255444424,-0.6720554055498426,-1.3485758145904154,0.11001711418012904,-0.315628843076475,0.09866179252021538,-0.6941558255444424,1.0001237438140778,-1.17736540326792,-0.40957446049198204,-0.9918001176242447,-0.8838047933409655,-1.3134982345722352,-0.49755964466293656,-0.30171300108041293,0.17890935030013266,-0.790386157798101,-0.6926373220274746,-1.317574173872486,-0.350643614875499,-0.24400799870415715,-0.3469449996836519,-0.033013633646279864,-0.6186874509066087,-0.3759724034796717,-0.20882997275045564,1
1.2642169495209417,0.8771374557769975,-0.4445202009343899,0.3052077222492148,1,0,0,1,0,0,-0.3062576875868511,-0.21230762494732502,0.06044863850108935,-0.4025038639706153,0.34350910801086915,0.14778409022917743,0.37345192262338067,-1.5381691075777622,-0.4577521970079829,0.15475917308364065,0.20128167620649035,-0.6536708221550016,-0.7706838117254421,1.2985144701238107,0.3613163663335163,-0.8248382443198055,0.19944705547831898,-0.0531489820099638,-0.2763926451691775,-0.6174061782631385,0.7781663693828336,2.4731441764863065,-0.20312030034508194,-0.011301372508961545,-0.31356567335550817,0.6174061782631385,0.2763926451691768,1.217950768271826,0.340918023760079,0.02713213488323473,-0.40574627503850064,-0.3064697006802721,0.5736101447550955,-0.30171300108041293,-0.2086678343205727,-0.29429738304996345,0.8061862574166584,2.476256109321323,0.269735101023162,0.11904759955750843,0.10997909147286698,0.062155904904119784,1.2745623934068555,1.0157572993701793,0.10046155601764112,0
0.13340540580248203,-0.1535731830814779,-1.168717627632051,-0.13478617003801185,1,0,0,1,0,0,-0.7731583567397526,2.096136526132086,-0.2849672597681238,-0.22312247139141586,1.4350827726849007,1.7845093543052595,-0.6959316772819546,-0.7240051970609451,1.3836019626517038,-0.6574834983416318,-0.32312643055320045,0.04554355747757995,0.0926577386813161,-1.0918119881301933,-0.6582733984711631,0.9092011340229046,-0.5325946627174029,-0.5003001816184826,-0.6862106428504532,0.7426913412446393,-0.12321573599549802,0.33427601450096106,-0.9777707772150859,0.3601060383123862,-0.06836556667349078,-0.7426913412446393,0.6862106428504524,-1.038102835155144,-0.6347222057676005,-0.082039177885424,0.3953247556304958,0.15437386567706757,-0.9386295579527137,-0.38327221085833024,-0.09793149585751397,-0.35630847989348147,-0.5261013687559044,-0.3311783002420958,-1.728249292826938,-1.8518256481486735,-1.633101700716815,-0.794369942049485,-0.8656330827735822,-0.6543183440496418,-1.2604211705619852,1
1.3670179989498932,0.2587110724619126,-0.4445202009343899,0.5985369837740325,1,0,0,0,1,0,-0.785777293743885,2.1804499774939283,-0.42569225535928473,-0.09871279589293881,1.3974566944978608,1.7532058656480667,0.47419447767972817,-1.780799707925137,0.2496059603268454,0.7685397877638839,1.0527792015097834,1.4376271292426221,-0.6858328449333533,0.24457037084004868,-1.2453886696814394,0.21063196297599196,-0.04364975032575602,0.22141117899222917,0.9345219622652575,1.0339044354458178,-0.4150071315285294,1.196600455910027,-0.12955490009416568,-1.0815300164474708,-1.1524996007432333,-1.0339044354458178,-0.9345219622652582,0.4659329004628361,-1.009968447893631,0.8732098088403377,0.8604627734383002,0.8029685146244333,0.6681251261743327,0.4323198869208419,0.012804842605544792,0.20179139169817292,-0.3040534310604773,1.33810702436318,0.4704458620491997,0.3265079414213163,-0.14386762583630988,0.09387908442092041,0.28677986593896093,0.9600881112561845,0.22417816752487937,1
-0.4063001036995106,2.1912935203215542,-0.4445202009343899,-0.4281154315628296,1,0,0,1,0,0,0.5139732176817596,-0.49315863879401406,-0.31055362260288033,-0.21270677762875267,-0.6114043380107678,-0.21488918549915656,0.9723949594367189,0.07126617504086272,-0.5704326019658961,0.21567776667505786,0.1413842775040621,1.6261191612594013,0.7286849687175608,0.6460025616606562,0.3624374225152552,-1.432222359901698,0.2931223917618503,0.0032891584275943236,1.465333844976243,0.7645323233097284,-0.7066607138192985,0.2652667917108196,-0.6594448722107006,-7.116023772273433e-4,-0.18059526216488686,-0.7645323233097284,-1.4653338449762439,0.939425632046274,0.7161642658861095,1.0369667779933252,0.03355074177998182,0.15437386567706757,1.9913348660436665,1.7372672433675176,1.009431888773073,0.5738579727592754,-0.7203933142394032,0.12408133374116129,-0.33239718205494984,-0.6070635969658218,-0.5669454880182719,0.15732544345452057,-0.7833178721512579,-0.5429799678216537,-0.5799798072721716,0
1.6497208848795075,2.1912935203215542,0.5693561964423357,-0.13478617003801185,1,0,0,1,0,0,0.2868323516073751,-0.4478038166821264,0.09882818275322415,-0.4053971122380218,-0.12396296395963093,-0.031092987811924405,-0.1923416798990557,-0.8304280714164167,0.04632156947741802,-0.13412989715730228,0.22955972455428902,0.28592516098432336,-0.2396563450563844,-0.7266511164597494,0.30787689433989346,-1.3445311449289503,-0.3762518230462833,-1.089670970155777,-0.9333596546099943,1.3156625590560507,-0.45860544568237527,1.448212903423613,-1.4144472718216812,-0.19188402937186605,-1.3622904999415886,-1.31566255905605,0.9333596546099936,-0.7595776989295921,0.11577027848446049,-0.45504116317834126,-1.0388507992769007,-1.1086788717467513,0.06953024385249205,-0.13859458152457876,0.34501385799472056,-0.35630847989348147,-0.5538573609678327,1.0346006017076752,-0.615216890773458,-1.1905458084577836,-1.176177609560296,-0.3819686083310823,-0.28942660841731066,0.4033962301162448,-0.76555472453303,1
-0.9974061379159777,1.3409572432633117,-0.4445202009343899,0.3052077222492148,0,1,0,1,0,0,0.21111872958258027,-0.4309411264097579,-0.7071422465416066,0.6390655122957042,-1.2843645249463533,-0.8253072143144167,-1.1203775302909802,-0.40696248699350385,0.6018213534949945,-2.1547094798182633,-2.248542639385687,-1.044461032987195,1.7287425744269687,-0.6699298103294002,-0.28131851494890964,0.6143913784174105,-2.013406013775788,-2.1683750612613797,-1.8632990028572278,0.4234769879856554,0.8885262559436988,0.27675007243436467,-0.20530586773150222,0.9144145589913077,0.8062193483853931,-0.4234769879856554,1.863299002857227,-0.7595776989295921,-0.4846237089171882,-0.7552622732921518,-0.354064273059855,-1.091610591511294,-1.5057194464681423,-0.05703537174666111,1.1201682272361313,-0.4803306735805153,0.6118943119331598,0.04820472807728505,-0.5696008087220858,-0.5811310542328463,-0.21156008378542468,-0.12818317219668063,-1.0302635040182315,-0.9883334727336057,-0.3944048900113141,0
2.6006305920973043,0.0010334127472937634,-0.15484123025532542,-0.8681093238500562,1,0,0,1,0,0,-0.14221150653312897,-0.3204614315218264,0.34189862968341117,-0.44763853694215583,0.3415113002332819,0.09948727915807995,0.18432641931349952,1.6730131665408587,-2.4817972357359337,0.13169143678145273,-1.17094788148577,-0.17809347819701293,0.9337067471817241,-0.9084686850193961,1.1613432588324442,-1.0581954829347344,-0.966495727816793,-1.456620695517306,-0.12528395424331848,-0.11864316273067908,-1.1640415789693537,-1.1328548927872668,2.329315553584499,-1.1362672543956311,0.10018299327505992,0.11864316273067908,0.12528395424331776,-0.9823978079100336,0.641115017460903,-0.9190192424451392,-1.258499307686141,-1.5012493171622625,-0.4660546508565234,0.10608304780917345,0.17890935030013266,-1.4725082230767892,-1.0257092285706153,-0.9381911455531051,0.6529101902546883,1.8565279626669051,1.1592121896841308,-0.635754044465484,0.12214944469431245,0.06938110143228039,0.40975308478573785,0
-1.5114113850607322,0.5163887321765315,1.7280720791585935,-0.4281154315628296,1,0,0,0,1,0,-0.1800683175455264,-0.3082505178763182,-0.08027635709007157,-0.3585264903060374,0.09378090211577289,0.04001065070941358,1.0684389688476381,-0.06352544021786774,-0.060102608631059075,1.8742148948486739,1.642947663690499,-0.08392546606281269,-1.89276742282273,0.9077584561415929,0.38687710169278466,-0.3256340370987207,1.3163707630612973,1.152201253169647,-0.3979084468072301,0.28017642692511974,-0.5786688412858743,0.47475564790426983,-0.24506852380942765,-1.2266526935285158,-1.0110121618017112,-0.28017642692511974,0.39790844680722937,0.8280155775560533,0.340918023760079,-0.03655113089848297,-0.19901826712392082,0.32505666803163763,0.41608517572303205,-1.4435419379712537,-1.482135726645747,0.139780294854656,-0.5538573609678327,0.4275877563966659,-0.031331040515893936,-0.1532440991387405,-0.6177148314801074,0.09387908442092041,0.6160407084282594,0.848749735028197,-0.20882997275045564,1
-0.5862019402001745,0.6452275620338409,1.0038746524609323,0.3052077222492148,1,0,0,0,1,0,-0.4955417426488382,0.00865176482853798,-0.06748317567269331,-0.3643129868408503,0.535924191463098,0.2882025964914424,0.28235557802061134,0.0995441152971137,0.8358741103642461,-0.09438760859121802,-0.024054115800134765,-0.37125956218352674,-0.6220649079022812,0.3292447580421525,0.3361862570813849,0.7076728457919546,-0.20462208459980843,-0.32705799503749794,-0.40749033797582196,-0.1022098070627286,-0.06364482167145491,0.20015659000832134,-0.43152494850454054,-0.07538818656298826,-0.28803694686692194,0.1022098070627286,0.40749033797582124,0.32667033235006016,0.340918023760079,0.09081540066495114,0.44700675760914055,0.3421249482670949,-0.7495995951142377,-0.5463906304141645,-0.4301405112466897,-0.23228628620644656,-0.10976148557697851,0.12408133374116129,-0.1681792866700104,-0.3607044410025493,-0.36386811417093057,0.030432725387320277,0.36909507656128593,0.3477270420022505,-0.2706882785040748,1
0.23620645523143258,2.55204224392202,-0.7341991716134544,-1.8947617391869185,1,0,0,1,0,0,0.5392110916900246,-0.4989733595775894,0.4570372624398156,-0.4713631727348887,-0.048570900968220386,-0.01946597773925279,1.2209623479112637,0.5133898293076253,-1.0589034995675803,1.5465166101023842,1.0922802741099846,0.1487610694497827,-1.2109492223068923,0.6442033931574971,0.5305146271637707,-1.1790007836051013,0.5638995580454451,-0.21322408639836765,0.09840925777350726,0.10529125240634482,-1.0540974262636866,-0.17318574500633935,0.2627744722650954,-1.5300910183343324,-1.6281896714903656,-0.10529125240634482,-0.09840925777350797,0.6609004958207222,0.5660657690356972,0.19998671343360988,-0.4574282770171454,-0.22112829950298704,0.6366201323679207,0.5138790966987595,0.5111183656893089,0.015758101167622184,-1.053465220782544,-0.3311783002420958,-0.5422311594912614,-0.3347718982695729,-0.8884846632765624,-1.016432198667086,1.3568776040291806,1.5724491805101195,-0.7036964187794109,0
0.030604356373531493,0.0783367106616796,-1.6032360836506476,-0.4281154315628296,1,0,0,0,1,0,-0.19268725454965888,-0.3018543250143853,-0.029103631420558513,-0.3828297757522515,0.14837280865595062,0.06371186354985958,-0.5336690089212116,-2.6861597324131994,-0.2516575512837698,0.04582113270394746,0.5973481109378886,1.1148082390532899,-0.13045896638426935,-1.1861306635443725,0.18701368884585381,-0.4241315976529957,-0.3519268095062245,-0.29179579863782557,0.12355936367902995,1.3979208031972914,-0.4430880354132105,3.874184740482747,-0.08218704936312562,-0.4108659942088646,-1.0614636038453331,-1.3979208031972914,-0.12355936367903066,-0.8709877534198129,1.0163612595869336,2.4289010157937203,1.764897808064586,1.5027680042781708,2.180364828882142,1.0847935651441794,1.1201682272361313,2.1241353938472036,-0.3318094232724056,3.9937882225988464,0.4704458620491997,0.35244048415429274,0.1607484349347019,-0.3819686083310823,-0.20711139779498602,0.5704037944582268,0.6262571549234054,1
-0.09789695541265715,0.4648532002336079,2.452269505856255,1.7718540298733036,1,0,0,1,0,0,2.60871676036775,-0.7088847798646593,-0.7711081536284979,1.2755801311251216,-2.4229389229333282,-1.5309772871865635,-0.9001364050863775,2.151868060114819,0.8578095847869358,-1.164019545141986,-0.8984542147792194,0.43973656689414414,1.2888585192990134,0.2709735287255822,1.9153084604186443,0.7310834850233727,-0.3958824638481489,-0.530515594143746,0.356369413048447,0.24630538521990228,1.5224151401411334,-1.0347924745141517,-0.4379860421689658,1.1799650347321176,0.6500892606756196,-0.24630538521990228,-0.3563694130484477,0.24311279148239442,1.7668537438389946,-0.009258302706318612,0.369483754641173,0.18851042614798086,-0.8756195703398886,1.166352774922097,1.0648000580046022,-0.10826409251941274,1.63886602377451,-0.8623145398892288,0.534308376921121,0.20981149912292413,0.6853649840403343,0.5697267771729232,-0.28942660841731066,-0.2089648391376897,0.8427612250610729,0
-0.7661037767008384,0.9802085196628456,1.7280720791585935,1.0385308760612593,0,1,0,1,0,0,-0.16744938054139394,-0.3094134620330332,-0.7839013350458762,1.2871531241947474,-1.445378121235216,-1.232699759553026,0.10414520817811979,0.1210972941245569,-0.22495517459700062,-0.44709020369586344,0.15776387763157407,0.5725064457915212,0.15867495708303847,0.5706195842775218,0.9870435090793502,0.6378532834492947,-0.6012678393424659,0.2417984523693409,0.11065768597424898,0.6710815639820534,0.4253399180574882,0.8225886828268538,0.9485022952474487,0.007783124288542442,0.030968358929466522,-0.6710815639820534,-0.11065768597424969,0.49378541408539117,0.8662627627365218,-0.10023439668020068,0.24027874969456073,-0.01630893667750248,0.038025250046078915,-0.13859458152457876,-0.2086678343205727,0.015758101167622184,0.3620903820258042,0.7310941790521709,-0.07694712256726609,0.4172718409867329,0.39767203775660004,-0.8895394805998851,-0.7010026615289333,-0.48731077970765985,-0.1469716669968365,0
-1.6399126968469209,0.4133176682906843,0.27967722576327125,-0.8681093238500562,1,0,0,1,0,0,-0.09173575851659908,-0.3547682841449209,0.022069094248954552,-0.39671736743580244,0.09176585984885456,0.03374995297797501,0.205687996628913,-1.3997302017720497,0.7137432173610033,-0.023065463561130723,0.8137910931701935,0.6466227854449189,-0.33689227492703033,0.02553476923050444,-0.33414350995334574,-0.1054625259700281,-0.32920276172019186,-0.3196624229650845,-0.23432195700141584,1.1143140211580842,-0.2605001257653939,1.5864359966052346,-1.081690556504458,-0.29527187005066485,-1.3700564161084665,-1.1143140211580842,0.23432195700141514,-0.20252742647848845,-0.5596729573423944,-0.8644335860608106,-0.7804407893836761,-0.8526546682148961,-0.5920746260821743,-0.13859458152457876,-0.04256332662598434,-0.8523972546416179,-0.5261013687559044,0.8069707847160468,-1.272088472313216,-1.5406351353529608,-1.531563013793144,-1.0481553781838862,-0.6186874509066087,-0.15329565102369538,-1.6934293108373202,0
0.23620645523143258,0.28447883843337485,-0.4445202009343899,-1.8947617391869185,0,1,0,1,0,0,0.2363566035908452,-0.4385002634284058,0.9431781563001896,-0.5633684676384135,0.3218597765095841,0.09814570107277168,0.2332837633115014,0.8919971640516674,-1.0889047467869122,0.9201168366817312,1.0783421697439843,-0.14939628878659067,-1.1921584175188618,-1.0704428016362342,1.1470758383691109,0.1174346873257471,-0.20727613042077075,-0.06307802691065252,-0.5505532963957722,0.3422733367180179,-1.393960586393211,-0.07517870738720914,1.6065798027869673,-1.4485499481621111,-1.4634810496519166,-0.3422733367180179,0.5505532963957714,-0.9266927806649233,1.391607501712964,0.7094528396873502,0.6666552660183818,0.5469443110925782,0.4790951633358572,-0.13859458152457876,0.12354118106860354,1.0079356506638961,-1.3310251429018278,-0.17942508891434333,-0.33239718205494984,0.5080357405521495,-0.14386762583630988,-1.8412348661038906,0.5337254978059351,0.793080546914203,-0.7036964187794109,1
-1.7427137462758722,0.8256019238340739,1.7280720791585935,0.5985369837740325,1,0,0,1,0,0,-0.5333985536612357,0.14529770324255853,-0.13144908275958464,-0.3429029496620426,0.5581080779839983,0.3767467501217878,-0.7524451672212435,0.43332042831322204,0.5184648103122702,-0.19754964019777105,0.34320814578479475,0.868420655831091,-0.38052114680812205,-0.11435849961979494,0.7077050372414,0.06182336112243722,-0.4445493184962619,-0.25662939330176193,-0.1227108960387,1.3061253713295295,0.9320276561924038,0.11421748373188677,-0.6466322486650008,-0.17393067540340276,-0.6967360521710523,-1.3061253713295295,0.1227108960386993,-0.03541234474315745,0.7912135143113154,0.33645085439443295,0.31780175266252825,0.12023730520615308,0.25856020669096863,-0.13859458152457876,-0.09793149585751397,0.07776919801113909,0.5563823275093027,-0.17942508891434333,-0.8250508682097696,-0.996051737960463,-0.9900233502002335,-0.5723076854318833,-0.6186874509066087,-0.04195727479570725,-0.76555472453303,1
-1.9483158451337743,0.6452275620338409,0.27967722576327125,-0.4281154315628296,1,0,0,1,0,0,0.526592154685892,-0.49722894334251677,0.39307135535292426,-0.46210477827918806,-0.07526065250760554,-0.0252794827755886,0.28577753604558087,0.00606569122382784,1.2170705166630982,0.6036688451223533,1.1332222924238098,0.03126175536114783,-0.9343979325376023,-0.5085715137613233,-0.6022421150222812,0.8355062501347648,-0.44352770110658135,0.01532030987768368,-0.33645217931212407,0.3763264807979944,-0.9055392847028918,-0.6116382817234981,-0.8241729629122688,-1.2553121404489243,-1.4582871800669468,-0.3763264807979944,0.33645217931212335,-0.3616846471788037,-0.3988531392883812,0.6535675248176799,1.0228919225140407,0.7712702799014421,0.02452310984333123,0.47892514965108013,0.7246813041537794,0.9370658256998767,-0.8036612908751883,-0.482931511569848,0.36096726512590627,-0.1402778277722523,-0.6177148314801074,0.4428340591057229,0.9453015509175579,1.2941032399401495,-0.2706882785040748,1
1.2899172118781799,2.0624546904642447,-0.4445202009343899,-0.4281154315628296,1,0,0,1,0,0,-0.38197130961164594,-0.1134573716265442,0.03486227566633282,-0.40134656466365276,0.42643873453431064,0.22291246300644021,0.7617350838808773,0.13253266430443764,-0.7013512069232544,0.8906875622881316,0.7450133581040617,-1.2840738221039325,-1.9770650254694433,-0.05585811762260757,0.16782990160382197,-1.1882307438471196,-0.061683733722063205,-0.2960863053382922,-1.046543814281098,-0.7133741297612541,-1.1150239497966554,-0.013776929871315128,-0.23528670976166233,-1.2644259687443167,-1.257624501922953,0.7133741297612541,1.0465438142810974,-0.45320004908148526,-0.40957446049198204,-1.6195351660440314,-1.8528423304405577,-1.7743418009295742,-0.49755964466293656,-1.3619827281933365,-1.149926711256571,-1.534519319920306,-1.0257092285706153,0.04820472807728505,0.19674936974096682,0.04124997135858002,-0.4654068010946016,0.030432725387320277,1.933084078385452,1.6281183686241134,-0.6418381130257917,1
-1.3315095485600683,-0.6431607365392533,-2.327433510348309,-0.4281154315628296,0,1,0,0,1,0,0.4130217216486998,-0.466992395267925,7.224630232232918,-0.7838339856147846,1.208994169635754,0.24661367584688623,-0.20305934233203754,-1.7638145918653851,-0.7986649155531403,0.3312703093110171,0.33246325754678463,0.6820604706484883,-0.10878018864591163,-1.0285085967658474,-0.5361121700215669,0.24783859836445543,-1.1752698490022944,-0.6102740074012308,0.4407888507730546,0.4930801176436292,-0.7453147128161361,1.883825478100604,1.3408555848871624,-1.612902280221137,-1.0280323055494947,-0.4930801176436292,-0.4407888507730553,-0.9266927806649233,-0.40957446049198204,0.35464607318920965,0.4340862571144791,-0.08458205761933026,0.3215701943037938,1.9003856629233515,1.784586258014483,0.44983577907224165,-1.0257092285706153,0.5793409677244183,-2.084054732827641,-1.268343436656712,-1.7007941586659285,-2.1267434817550925,-0.20711139779498602,0.013711913318286572,-2.3120123683735136,1
1.6497208848795075,-1.6223358434548052,-1.168717627632051,0.3052077222492148,1,0,0,1,0,0,0.4256406586528323,-0.4681553394246401,0.43145089960505906,-0.4655766762000758,-0.004749900858403661,-2.3669184983433978e-4,-0.36346447526782505,-0.24938974450838464,1.2776004115700113,-1.042368623039787,-0.8849797127128304,0.3485429325531758,1.510599046757736,-0.3124393290276866,0.07991076252653145,-0.2910893057930259,-0.9213978401500291,-1.017330924906028,-0.5940660301642549,1.0645584453617318,0.19322050436210642,0.42234809859260025,-2.039039242259705,0.49453043581325484,0.1572913284890391,-1.0645584453617318,0.5940660301642541,-0.03541234474315745,0.491016520610491,1.2553094035306427,0.8863037744276221,0.4274663494443799,0.8256500952063961,1.4110304042558486,2.0060589349406004,1.3179911348814817,0.19555442875423396,0.4275877563966659,0.0963939892279486,-0.9830854665939747,-0.7530997473783346,1.7752075988113303,-1.0302635040182315,-0.7099875321636356,0.2860364732784985,1
-1.8712150580620608,1.830544796721088,1.0038746524609323,1.0385308760612593,1,0,0,0,1,0,0.33730809962390496,-0.45187412123062914,-0.5024513438635544,0.008337390001099575,-0.8014925735828299,-0.35396611367611325,-1.642638889578592,-1.0992630949341666,-0.4410031686727635,-1.1754578935197302,-1.7197873705902027,0.21160500416562944,1.6987962991783914,0.5646260784342058,-0.5432705392943931,-0.3533286186036798,0.20931342217920046,-0.6850036833422265,0.2181716668474233,0.07222398482797085,2.8482970870084934,0.9645365957707828,0.24780491845465297,1.7955193863524417,1.5670350383780944,-0.07222398482797085,-0.21817166684742473,0.5494904413305014,-0.4846237089171882,0.09081540066495114,-0.10857476366129187,-0.01630893667750248,-0.43454965705011084,0.6769975162545934,0.6218547041523672,-0.17027518936292965,2.4160338057085053,0.7310941790521709,-0.3688900476960481,-0.1921429132382052,0.5161338391675497,-0.3185222492974822,-1.3595243465075295,-1.4893561657595522,0.10046155601764112,0
2.266527181453213,0.7998341578626126,0.27967722576327125,-1.161438585374874,0,1,0,1,0,0,-0.4703038686405733,0.0028370440449626386,-0.24658771551598904,-0.26362794713510607,0.3204092937542596,0.20591914059253555,1.7531437589359449,-1.2370298582028563,0.7365288513913463,1.5978420787532461,1.55638625879485,3.7556929733677586,0.13276583165173136,0.9971946529779177,-0.259094598434285,-0.1249608810106918,1.374065126233252,1.0980532714081466,2.089235871296991,3.050238576817022,-1.4414039253820212,1.4383070210918096,-1.1324332479488708,-0.7960821061558339,-0.951343061149659,-3.050238576817023,-2.0892358712969914,1.3850658500071569,0.11577027848446049,1.2280165753384769,0.9638267773955896,1.5539728449845414,1.0461850518512859,0.758556726032511,-0.1532996650890431,1.2559800380379649,-1.4420491117495413,0.6552175733882943,-1.3450742035954124,-1.6184327635518894,-1.751563502127764,-0.44541496736468245,-2.1003612421084505,-1.32234860141757,-1.2604211705619852,0
1.341317736592655,2.912790967522486,0.27967722576327125,3.2385003374973924,0,1,0,1,0,0,0.021834674520593164,-0.3954713296299483,-0.5920036137852022,0.22822425832398924,-0.7847659382751198,-0.48052164639019285,-2.5123168098090796,-1.3892248137674046,-0.895758155006042,-1.1284268028701565,-0.8976178813906892,-0.8857056409952692,0.005450294052360313,-0.10755227302916942,0.5036099875900306,-0.9677790416682743,0.20807199472068463,0.4636883467651945,-0.20509389995854704,-1.004587223962434,3.3859727166506004,2.4112600850036263,0.25200680134745035,1.7307524388605855,1.6196486285122924,1.004587223962434,0.20509389995854635,-0.09111737198826762,0.491016520610491,0.07262018187017576,-0.44450777652248397,-0.34060626115118536,1.2352150146897614,-0.709509049969999,-0.7069813574043363,0.139780294854656,3.2209575798544283,2.3245028979935705,0.12376363845877164,0.2357440418559006,0.9392117013495113,0.12560226393772106,-0.20711139779498602,-0.6543183440496418,0.2860364732784985,0
-0.7918040390580765,-1.1069805240255675,0.27967722576327125,0.011878460724397032,1,0,0,1,0,0,1.6118207370412847,-0.6489931557938332,0.23955317834438508,-0.4349082445655675,-0.5468155946950859,-0.16301483286723703,0.14571496454961683,1.772663705856115,-0.5593765136945116,0.26074961581119754,-0.3067338282368232,-1.5684013710558429,0.010453088915058356,0.3710059600471936,2.7359943187460787,-0.31591896457022617,-0.23785909360767243,-1.1985665220609614,-3.5663204598883063,1.3979208031972914,0.16808457854749959,0.30782247909807403,0.44721834116025416,-0.5881129143719258,-0.7713979274549662,-1.3979208031972914,3.5663204598883063,-0.20252742647848845,1.3165582532877582,-1.82878018218396,-1.6719553235153006,-1.6548638392813753,-1.8207693845322692,-1.85133798686084,-0.5408768497097485,-1.720552610450858,-0.19302946221276363,-0.17942508891434333,-1.262965255902942,-0.8793552956620708,-1.0238695791747903,-1.4922798914190887,-1.0302635040182315,-0.5429799678216537,-1.6934293108373202,1
1.932423770809123,2.990094265436873,-0.15484123025532542,-0.13478617003801185,1,0,0,1,0,0,4.2744164449132365,-0.7559840182116195,0.44424408102243734,-0.46615532585355707,-0.9190077317446055,-0.22114988323059512,0.2408561519256009,0.3805518218302456,0.03259345560111978,-0.1428397964596446,0.46231535140657215,0.08860159068933049,-0.7700545092987324,-0.284750925325709,1.2637784598476205,-0.9113617389190842,-0.6596857987831458,-0.4343073599444857,0.6359402782403267,-0.5098758229700693,-0.619436111809009,0.7437061997765836,-0.9603870019165921,-0.46116579587676243,-1.0250492050861717,0.5098758229700693,-0.6359402782403275,-0.17467491285593337,1.391607501712964,0.46381738595786837,-0.10857476366129187,-0.3576745413866426,1.2352150146897614,0.6769975162545934,0.40038202722625016,-0.17027518936292965,-0.6926373220274746,0.4275877563966659,-0.6243401071837319,-0.9830854665939747,-1.0746389226366257,-0.28679906978068154,0.9453015509175579,0.7374113588002092,-1.136704559054746,0
-0.09789695541265715,-1.8542457371979617,-0.8790386569529866,3.678494229784619,1,0,0,1,0,0,-0.6974447347149578,0.7820096290440585,1.8003213112645335,-0.6559524121954198,1.9237997344847955,1.1083539993098945,-1.8097013750018862,0.21241062757868379,-0.30050979528421085,-1.2103842114882895,-2.193376974438906,-3.0260723743032565,1.3353697898329648,-0.44012409095244226,0.6145528873034135,-0.6515589449397684,-0.006060845174417356,-0.8713080513108966,-0.946287449071263,-3.1886854304712764,2.07666700910038,0.3241053391519768,-0.2439469462681079,1.6291411519169245,2.000834763770715,3.1886854304712764,0.946287449071263,-0.5646101035717058,0.26586877533487285,-0.7461646638947628,-0.9354867953196102,-0.8867912286858101,-0.7495995951142377,-0.6279498401920818,-0.26403600355210183,-1.1624527388592034,2.3050098368607914,0.5793409677244183,0.759347715041225,0.5037136500966528,1.1761353041714093,1.6271660943995956,-0.06991938009111154,-1.192453829151584,0.6778057430514218,1
-1.5114113850607322,-0.4370186087675581,0.27967722576327125,-0.8681093238500562,1,0,0,1,0,0,0.48873534367349464,-0.4780403647567182,0.15000090842273722,-0.4094476598123908,-0.19858805460747037,-0.051216659091548364,-0.25134539872322037,-1.2982166856950397,-0.4981378288538281,-0.23536837200847746,0.12525570529407665,-1.6748360343187623,-0.9361876802714886,-0.9828749192866397,-0.7176851037174989,0.5772282871416262,-1.1797552305121422,-0.8846511554091231,-2.5220148494447194,0.21702702713573208,-0.6325751431392533,1.0628819610262032,1.2610298606527715,-0.8518576057626909,-1.0265282212822733,-0.21702702713573208,2.522014849444718,-1.1495128896453646,-1.0850176963188372,-1.7559993070048545,-1.258499307686141,-1.5695224381040902,-1.6002344278873806,-1.6882195673050053,-0.9284540343304539,-1.4725082230767892,-0.026493508941193386,2.5521327149851984,3.389875113337017,3.814434939006599,3.03767789777204,0.28421816152172197,2.2623449208747504,2.68583294279,2.7603687034232727,1
0.6731109153044746,-1.158516055968491,0.27967722576327125,0.3052077222492148,1,0,0,1,0,0,0.31207022561564,-0.45012970499555655,-0.2721740783507456,-0.23816736238192937,-0.46038857459963073,-0.16212044747703153,-0.10965269082719505,-0.3599078522481628,-0.6036101279389454,-1.1638501698794304,-1.3490971598404817,-0.9049704235013859,0.7516851164353789,-0.36123988498143456,-0.9570483789430957,-1.015239950113197,-0.6219279723701515,-0.8868092531100388,-0.5252107151899512,-0.7133741297612541,-0.20847190087604955,-0.464765234313433,-0.19506297454469756,0.9555933628533425,0.8880957488814775,0.7133741297612541,0.52521071518995055,-0.3139374809687093,-0.8598699510432187,0.15449866644666885,-0.40574627503850064,-0.6136987449184976,0.6051151385615076,0.10608304780917345,0.40038202722625016,0.015758101167622184,-0.3040534310604773,-0.5588081172337243,-0.4509989953885172,-0.47740088330094144,-0.093098282374475,-0.0012904541294803558,-0.37174181903963527,-0.7099875321636356,-0.2706882785040748,0
1.4184185236643685,0.9802085196628456,-0.4445202009343899,0.3052077222492148,1,0,0,1,0,0,1.3089662489421054,-0.6216639681110291,0.6361418022831113,-0.5222843422412421,-0.2572484516654154,-0.0744706792368916,0.01573123860035979,1.1268467912187639,-1.1811695427718776,0.9123608229091446,0.49999664374703295,0.8682158751346937,0.21333837530873123,-0.06972277126314935,1.0332314496192898,-1.0957980711475692,-0.3330768470476952,-1.015779619489668,-0.43576631093411766,1.6163306238481745,-0.09154084174239165,-0.5115640004422537,0.5135269512428825,-1.562813911094932,-1.6417312176601924,-1.6163306238481738,0.43576631093411694,0.15955525061472892,1.391607501712964,0.9641859028142197,0.17567624722125458,0.03489590402886805,0.9516700704320475,1.3294711944779316,1.784586258014483,0.6978801664463103,-0.16527347000083534,-0.5588081172337243,-0.2959043164138529,0.002351157259115363,-0.6177148314801074,-1.0481553781838862,-0.04248097655033679,0.9600881112561845,-0.1469716669968365,0
1.7011214095939837,0.7998341578626126,0.27967722576327125,0.3052077222492148,0,1,0,1,0,0,-0.33149556159511606,-0.1745119398540853,-0.8350740607153893,6.006041048334656,-1.9833221018911251,-4.775807482852151,0.3713874715716915,0.6170402002675959,-0.2277770738080744,-0.5849496714177261,-1.0750711950922285,-0.31808920066475194,1.0207208752136299,-0.5515894911925021,0.07479789022833554,0.9687121660032542,-0.455977759605356,-0.6870449703939493,0.3637290563372595,-0.7945777810288902,-1.0675650402127126,-0.7719761549832457,1.284841195060904,0.33808952723598723,0.7268795151322428,0.7945777810288902,-0.36372905633726016,-0.5367575899491508,0.04072103005925432,-0.07294156848803632,0.4340862571144791,0.22264698661889537,-1.222174502210428,0.5954383064766764,0.4557501964577793,-0.6043528672675491,-1.1089772052064004,-0.9381911455531051,-0.9254062487227878,-0.2051091846046925,-0.0592520533999176,-1.3019408143182878,-0.6186874509066087,-0.9883334727336057,-1.0748462533011267,0
-2.2053184687061513,0.6967630939767645,-0.4445202009343899,1.7718540298733036,1,0,0,1,0,0,2.9620469964834593,-0.721677165588525,-0.4512786181940413,-0.026381589207777743,-1.4867455201383002,-0.5346319624976261,-2.0427829524626566,-1.0039996516614549,0.6289682876895634,-2.121093906065178,-0.7680094784800628,-0.6340694532499841,0.44229156213267395,-0.7951342639839994,0.43502091657369796,-0.2712822790827185,-1.4019940806894016,-0.8600836435448204,-0.5252107151899527,-0.3438975164935092,2.0460506344584197,1.8138154348563642,-1.1324332479488708,1.4752676943076326,0.1587456598056749,0.3438975164935085,0.525210715189952,-0.7595776989295921,0.3784426479726819,-0.054746349693259644,-0.18609776662925942,-0.71610842633123994,0.3845801819166189,0.5954383064766764,0.981747804157308,0.139780294854656,2.055205906953436,1.8692432640103136,0.32447439948480933,-0.3347718982695729,0.24536400737109418,0.41111087958892223,0.6983559190505837,0.5704037944582268,0.47161139053935697,0
1.341317736592655,0.7482986259196881,2.8867879618748513,0.5985369837740325,1,0,0,0,1,0,-0.596493238681898,0.2586847585222777,-0.2210013526812325,-0.2931390794626518,0.6256384860355915,0.42549075388798807,2.455039152699851,-0.19351940172795992,1.120345427404438,0.614606615015122,1.2509102188219463,0.5214061137406931,-0.5409378364173174,3.580700415049272,-1.0015240806431907,2.7315195982684624,1.4542492626448258,2.701233958423934,1.4363050701404856,-0.7133741297612541,0.16400196050276783,-0.7376933860296817,1.213364038458123,0.611714789373602,1.0109846588682234,0.7133741297612541,-1.4363050701404863,3.3347418035860197,-0.9349191994684248,-0.009258302706318612,1.4031237942140713,2.0489529718127955,-1.222174502210428,-1.1173050988595852,-1.648240234340335,0.5738579727592754,-0.1375174777889068,-0.9381911455531051,-1.0440080620563552,-0.3477381696360611,-0.093098282374475,-1.2702176348014877,-1.0302635040182315,-1.378017789531564,-0.8274130302866491,0
1.2385166871637046,-0.4885541407104817,1.4383931084795292,-0.4281154315628296,1,0,0,1,0,0,-0.7100636717190902,0.9622659733348942,0.188380452674872,-0.42622849976334815,1.3738034736029834,1.0694482348359549,0.47788642116622493,-0.02790377956126422,-0.7491212117173202,0.1452703603927785,0.06133614870059208,-0.5570377487839383,-0.8002676857096677,1.2452467639052036,0.4909501036871255,-0.912715306425982,1.241671841354007,0.8008825802666676,0.12355936367902995,-0.8822777243979375,0.57972319252204485,0.530121849483694,0.1068829310972095,1.034969658245003,0.7021659631766967,0.8822777243979375,-0.12355936367903066,0.8837206048011639,0.19081952690966666,-0.6733837887156574,-1.0000892977929163,-0.5283573437412127,0.19555021907814235,-1.1988643086375024,-1.3713993881826885,-0.6663639641110671,0.7229182807808735,0.7310941790521709,0.6072941082033162,0.5728670973845897,0.9899810448113461,0.2207718024881207,0.6983559190505837,0.29205785388825667,0.7809029193074537,1
2.2922274438104506,-1.4419614816545723,-0.15484123025532542,-1.6014324776621007,1,0,0,1,0,0,-0.6217311126901629,0.33427612870875717,1.6979758599255073,-0.6519018646210507,1.6114216923818063,0.760885275215054,1.2281948936354377,-0.6246091105258875,0.33472841513932083,1.5826777657756514,1.6605805843040171,-0.743186385413545,-1.9787848904223546,0.6176101652308993,-0.956630000195889,0.3568594205667063,1.4981420517204522,1.7181006270346104,-1.2550770539175564,0.23115255077283234,-1.0907260971586445,-0.10103532757186959,-0.09897565468551837,-0.6525635422661624,-0.48144522698529346,-0.23115255077283234,1.2550770539175558,0.38237535959517033,-1.009968447893631,-0.5733100853443877,-0.3153027715758717,0.2738518273252659,-0.24551969421163483,-2.0144564064166746,-1.9250810804979817,0.5118468759157585,-0.8522342772460629,0.38964945356472797,1.5424237902564453,1.2438716406003452,0.8588269075349383,1.2041903675089267,1.1305107748177878,1.4054416161681371,1.4768088590356714,1
0.6988111776617119,1.3409572432633117,-0.15484123025532542,-1.6014324776621007,1,0,0,1,0,0,0.6906383357396142,-0.534443156357399,-0.0035172685858019803,-0.38745897298010185,-0.40040623900677486,-0.11158767293042024,0.8743800415656037,-0.01789527585812014,-0.2213346104486354,0.8933089033164582,0.5480932809322167,0.5988063909553794,-0.29971583473697344,0.06303827234013516,-0.46575249602173485,0.08925999169164626,-0.32023297809472906,-0.19666490869304,-0.16027754582615011,0.9756618166055823,-1.1528596336022308,-0.4420187983995404,0.39226951068594923,-1.5243402362588596,-0.9045531142293729,-0.9756618166055823,0.16027754582614942,0.438080386840281,-0.03432821836595151,1.5009448572601232,1.3256007912461045,1.1101975588626602,1.0146800580448727,0.6769975162545934,0.8433273810784847,1.6280466190990672,-1.1367331974183288,-0.5588081172337243,-0.5239847266707137,-0.2569742700706454,-0.8207922053274488,-0.44541496736468245,-0.20711139779498602,0.29205785388825667,-0.2706882785040748,1
0.13340540580248203,1.3667250092347738,0.27967722576327125,-0.4281154315628296,1,0,0,1,0,0,-0.4576849316364408,-0.008792397522188045,-0.8094876978806327,2.1724870940211187,-1.3376646092725883,-1.6857059596921165,-0.006731958093593068,0.5852714198899421,-0.46537222702100195,0.7342401343076814,0.4937766031876823,-0.8250974430363206,-0.6579319195431778,0.5266273002543225,-0.23852603178546106,-0.39105950809778167,1.309745596289032,1.1520033570443298,0.12355936367902995,-1.2478791760798724,0.5355607449570866,-1.0422535337724261,0.24320233239652098,0.3068102609611729,0.48277329156442655,1.2478791760798724,-0.12355936367903066,0.04814519612450831,-0.6347222057676005,-1.3829973217119373,-1.3360223106541085,-0.8526546682148961,-0.5605696322757617,-1.1988643086375024,-1.3713993881826885,-1.1624527388592034,1.0282341951120857,-0.6346847228976005,1.7203265102567968,1.6101688067036326,1.6669056243024845,1.2359135470257274,1.1099319721622063,0.514734606344233,1.2139110595827887,0
-0.5348014154856993,1.6244026689493918,-2.327433510348309,-1.161438585374874,1,0,0,1,0,0,-0.15483044353726144,-0.31290229450317847,0.047655457083711085,-0.40134656466365276,0.1688677369248144,0.06952536858619539,-0.18368092575597814,-0.04725984960378456,0.786826040728079,-0.686270409144912,-0.16785767060149792,-0.21810119117745333,-0.11559235332353042,-1.186001324596765,-0.6144783557700774,0.43497576538295785,-1.2061019756003781,-0.543089571994732,-1.5536587379424858,1.2434358081027634,-0.9296257507565554,-0.5507053007899956,-0.6385088611967038,-0.26884302479362965,-0.3119980704713832,-1.2434358081027634,1.553658737942485,-1.2330704305130304,-0.8598699510432187,-1.1464594773798444,-0.7804407893836761,-1.1598837124531223,-0.8126095827270634,-1.2804235184154193,-0.8177176958673952,-1.0384305451721696,-0.6648813298155464,-0.1035484832504671,1.5926014805129542,0.9488889670127426,0.7699805564767266,1.6800380602609295,-0.04248097655033679,0.6817421706862145,1.8943524228726025,0
1.6497208848795075,-1.235819353882877,0.5693561964423357,1.0385308760612593,1,0,0,1,0,0,0.2868323516073751,-0.4478038166821264,-0.6943490651242283,0.6130262778890462,-1.2776191946333757,-0.8181521311927726,-2.002868249108853,-0.23539064903261767,-1.5691037953547982,-0.38796830367560287,-0.9773474874163783,-0.9515269812245056,0.8535803149731982,0.0053279637299055655,0.3224674578817211,-1.0374838969137647,0.24108620619563795,-0.4016053615274072,0.08301123374971872,-1.3800988454323733,2.790360694186344,0.6461218734201163,1.1024461917055755,0.7631771038122434,0.8785101307870379,1.3800988454323733,-0.08301123374971872,0.1317027369921738,0.491016520610491,0.5365982611369737,-0.12149526415595328,-0.01630893667750248,0.7941451013999841,0.758556726032511,0.7879592118469556,0.5738579727592754,2.5548137667681474,0.5793409677244183,-0.04957747333644305,0.5210020119186368,0.8207498999385615,-0.794369942049485,-0.12479618717266176,-0.7099875321636356,-0.1469716669968365,1
-1.5114113850607322,-0.5658574386248675,1.7280720791585935,-0.13478617003801185,1,0,0,1,0,0,-0.1800683175455264,-0.3082505178763182,-0.6047967952025805,0.23690400312620857,-0.640291334313858,-0.42015063255132096,0.7608279744527994,0.12092504185315207,-0.5165799450651463,0.8284026813211881,0.3850403881245965,0.05008247444150453,-0.3080786830089969,1.5178189685563355,0.3563117574373192,-0.3668570254071229,1.7028518446880445,1.4689541325504267,-0.3471945350124867,0.4126498344833025,0.4586370103830694,0.19097188176644905,0.3375261594571549,0.5694001615663072,0.9335764394263588,-0.4126498344833025,0.347194535012486,1.6078859589875987,0.491016520610491,0.4456221671630917,0.17567624722125458,0.8712416355662611,0.8571550890128092,-1.5251011477491712,-1.592872065108806,0.6978801664463103,0.3065783976019474,0.04820472807728505,-0.3597668312857729,-0.1402778277722523,0.09305597698558829,-0.09645999267988113,-1.3595243465075295,-1.378017789531564,-0.023255055489598248,0
2.549230067382828,-0.5916252045963298,-1.8929150543297122,1.0385308760612593,1,0,0,1,0,0,0.4634974696652297,-0.4762959485216456,-0.5152445252809326,0.011230638268506017,-0.8926620767217801,-0.3749841703459427,-1.0873909415660945,-0.3458410951927616,0.03338164509285926,-1.1629516175320058,-1.1011679420222475,-0.03462381889716459,1.539263849210866,-1.051349026929273,-0.13753803108593865,0.5904617546260769,-1.5255814510991967,-1.5260720311112195,-0.060099813059615065,0.012383503443245562,0.4615480142380931,0.3368951764220396,0.5477232923510033,0.05833215574295579,-0.05834005716921503,-0.012383503443245562,0.06009981305961435,-0.9823978079100336,-0.10937746679115769,0.07262018187017576,0.369483754641173,-0.2894014204448148,-0.7811045889206503,1.5741488238116832,1.784586258014483,-0.10826409251941274,0.3898463742377325,0.27583454506891375,-0.0951935553878152,0.19684522775643593,0.2115177783965368,-0.667477223982284,-0.28942660841731066,-0.32030321536567735,-0.332546584257695,0
0.46750881644657266,0.026801178718756015,1.7280720791585935,-1.6014324776621007,1,0,0,1,0,0,-0.7479204827314877,1.2791682560397504,-0.20820817126385424,-0.2977682766905021,1.2959828231618453,1.2138914753541445,2.0154196565120412,-0.4202680249728461,-0.17498379414122417,1.0130301622944888,0.41792411292807435,-0.6966765846350556,-0.37018366485709603,1.7825728784242028,-0.6972526841924149,-0.5834734866042625,1.2749463042931406,0.7257254949598149,-0.49837739391320257,-0.45589913793704195,-1.0213642764282571,-0.12166137910963334,-0.34712587548588847,-0.104323463068586,0.16520787977891313,0.45589913793704195,0.4983773939132019,2.137083717816147,-0.40957446049198204,1.0096739498011607,0.5116092600824467,1.0419244379208312,1.0776900456576979,-0.30171300108041293,-0.09793149585751397,1.6280466190990672,-0.6926373220274746,0.5793409677244183,2.2221034128218906,1.6490676208030963,1.4976744794297,2.2827784710801327,0.8629863402952329,0.6817421706862145,2.018069034379841,0
0.4161082917320974,0.9802085196628456,-0.8790386569529866,1.0385308760612593,1,0,0,1,0,0,0.03445361152472564,-0.40128605041352367,-0.7839013350458762,1.2871531241947474,-1.6190412403228231,-1.3033562053792613,-0.14729562904287533,0.39444908039321114,-1.0203225508214095,0.05376221728703163,-0.5750032695595685,-0.6196237793919431,0.15809851165595473,0.02580857418308682,1.5191953992867906,-0.8859357065164084,0.17193367627751324,-0.7760113084544408,-1.4375436385994584,0.5806453452778549,0.2306057809878756,0.9805028591727585,0.5045351622454918,0.09785720314773579,-0.010091592592787189,-0.5806453452778549,1.4375436385994576,-0.17467491285593337,1.0163612595869336,-0.7552622732921518,-1.051771299771562,-0.9379960693921812,-0.5920746260821743,-1.0357458890816678,-0.5408768497097485,-0.9764194483286528,0.1400424443303771,0.8069707847160468,-0.23204180154193166,0.054216242725068246,0.09305597698558829,-0.6992004034990842,-0.6186874509066087,-0.4316415915936655,-0.332546584257695,0
1.726821671951222,0.23294330649045036,-1.168717627632051,-0.4281154315628296,1,0,0,0,1,0,-0.4198281206240434,-0.04658808261542777,0.2267599969270068,-0.4337509452586049,0.6115248057334923,0.29938241386901127,0.7960442783915885,-1.065284985334025,-0.018682525687061174,0.24364656847802232,0.7413623344496069,0.34171073330659624,-0.5609723937958895,-0.05024075139674117,-0.4409095209834377,0.07576385171347429,0.18196281511943896,0.7046243090639382,0.2430696413654208,0.22497917377587734,-1.1571189137967182,1.0204435950828743,0.10167500281656561,-0.14871958259661958,-0.27587884991279615,-0.22497917377587734,-0.24306964136542153,-0.11896988561082296,-0.4846237089171882,-0.2639913658331881,-0.18609776662925942,-0.10165033785478751,0.25856020669096863,-0.5463906304141645,-0.7069813574043363,-0.17027518936292965,-0.9979532363586869,1.33810702436318,0.853620951280726,0.7803274392483975,0.6684418695530556,0.31594134103852145,0.4514102871836102,0.6260729825722207,1.0283361423219313,1
-1.7427137462758722,-1.95731680108381,1.7280720791585935,0.3052077222492148,1,0,0,1,0,0,-0.5333985536612357,0.14529770324255853,0.5210031695267069,-0.4921945602602151,0.9787998169698778,0.49212246545829846,0.37682727689561624,1.0443554190071918,-0.30661544629135135,-0.06059450008889354,-0.29027849362323466,0.1027983522358234,0.0048107867169795504,0.22262466386680413,0.8748009457708555,0.15441801307251288,-0.19100662710642283,-0.09989384753758368,0.04968400367083265,0.09092870184200141,-0.30154356048704306,-0.5570542040807664,0.5743287978799984,-0.10753964141765157,0.27984935901885544,-0.09092870184200141,-0.04968400367083336,0.38237535959517033,1.0914105080121401,0.6548671833030202,0.6408142650290589,0.529876030857121,0.3530751881102058,0.18764225758709038,0.17890935030013266,0.5738579727592754,-0.08894449141803216,-0.27427084599418855,0.9608187441014503,1.146624605351685,1.028058052407723,0.4904188283809227,0.41025268187244807,0.5008173093157343,1.244840212459599,1
0.5703098658755232,-1.3388904177687242,-0.4445202009343899,-2.334755631474145,1,0,0,0,1,0,-0.6595879237025604,0.5494207977010448,0.40586453677030254,-0.46210477827918806,1.2763312994381482,0.7796673684093697,0.10135011399347035,-0.15594163216913062,0.5911594478389368,0.12982993134914728,-0.06457313118551826,-1.4677570477426287,-1.0990765187974922,-0.9153246919330239,-0.8405002021934046,1.0059068059439518,-0.8872403625119172,-0.6117618569569591,-1.5495845239304507,-0.4649864905896614,-1.0555114478808552,-0.6279598674833737,0.20270456153656452,-1.055164217099923,-0.5133181504620229,0.4649864905896614,1.54958452393045,-1.0938078624002545,-1.1600669447440433,-1.701413650620525,-1.0388507992769007,-1.2793616741013212,-1.8207693845322692,-1.1988643086375024,-0.7069813574043363,-1.3484860293897554,-0.9424412519348303,-0.482931511569848,0.42482977999782756,0.4691369264526849,-0.008482709938082702,0.41111087958892223,1.933084078385452,1.795125932966095,0.5953280020465953,1
-1.5371116474179702,2.113990222407169,-0.15484123025532542,-1.6014324776621007,1,0,0,1,0,0,0.816827705780939,-0.5524687907864826,-0.5664172509504457,0.19639852738251837,-1.1565067926339383,-0.5766680758372851,0.6651429695200335,-0.31724723270277105,-1.3536766492919767,-0.33602578546654743,-0.3312145778996827,0.654013883517831,0.448544218563311,-0.15577032966477689,-0.6714849246209034,-0.972498920591082,-0.5028881132616767,0.04945668560463966,1.4159231644047408,-0.5122984218604396,-1.0805413685079814,-0.23724707372429513,0.8732537002626558,-0.04470608713300016,0.4788800003532691,0.5122984218604396,-1.4159231644047414,0.4102278732177254,-0.03432821836595151,2.4470962345884972,1.4031237942140713,1.0931292786272029,3.4090595873322376,2.063504082479186,1.3416409041622488,2.3721797812212735,-0.9979532363586869,-0.17942508891434333,0.15113328768959466,0.585833368751077,0.5330569536548284,-0.1916295312302808,-0.12479618717266176,-0.3759724034796717,0.16231986177126023,0
1.4184185236643685,1.6501704349208541,-0.4445202009343899,-1.161438585374874,1,0,0,1,0,0,-0.5207796166571032,0.10459465775753113,0.41865771818768077,-0.4632620775861506,0.9012659350619028,0.438459342045968,-0.48871247360552245,-0.16687995080312823,-0.3756419127037652,-0.4825135987332863,-0.19667523159996594,-0.4184543952947867,-0.41555924353017915,-1.2043878682897722,0.04244789394987665,-0.7360539580574454,-1.864845226468799,-1.655872954113948,-1.4375436385994584,0.8550163918650929,-0.5238435759966078,0.2715713379904135,-0.22614816433000878,-1.1973038616272114,-1.36095021673385,-0.8550163918650929,1.4375436385994576,-1.17736540326792,-0.10937746679115769,-0.43684594438356456,-0.7287587874050313,-1.347634795043149,0.038025250046078915,-0.46483142063624716,0.2342775195316623,-0.9144083514851348,-0.3318094232724056,0.5793409677244183,0.9083602497423721,0.6376984542170299,0.0761328624983096,0.3476645205553221,1.1922471827845313,1.9621334973080773,0.9664778365683122,1
1.8296227213801723,-0.12780541711001567,1.0038746524609323,1.478524768348486,0,1,0,1,0,0,-0.48292280564470574,0.00574440443675031,-0.822280879298011,2.2506047972410927,-1.4816227148492067,-1.7348971561534194,0.6388529671706353,0.41514827790055997,-0.4122043698101205,0.4766437216920388,0.33399191954499724,0.4108342891482831,0.18060628628007885,3.229003735673262,0.8443940975167149,0.386598446267348,2.1423539114754435,1.8948327676228855,0.7976720237538321,-0.23079243079930178,2.3380418842379536,0.27609143039785194,0.9519913375452245,1.4804065485040085,1.4157295453257046,0.2307924307993025,-0.7976720237538328,2.916954099247692,0.7161642658861095,-0.1457224436671417,0.07231224326396513,0.9395147565080901,-0.2770246880180474,-1.2804235184154193,-1.648240234340335,0.2638024885416898,2.0829618991653644,0.19995793940503753,-0.14993285384946126,0.35244048415429274,0.9561348158367899,-0.7626467625326843,-1.6887851889968277,-1.9347096706715041,0.10046155601764112,0
-0.8175043014153137,-0.978141694168258,-0.15484123025532542,-0.4281154315628296,1,0,0,1,0,0,-0.7353015457273552,1.1686885611518187,0.11162136417060241,-0.4059757618915031,1.4706739894140408,1.2125498972688362,-0.18326172998627002,0.9018003666216633,-0.38094448048576385,-0.031115141562247255,-0.15166126774553937,-0.3473969979404402,0.1132476142810783,-0.1783147421798187,0.7250644512196086,-0.5491704330439995,0.03186070515525287,-0.36197552726049403,-0.5505532963957722,0.07222398482797085,0.0766599072634947,-0.5113956540446248,-0.03109945687487674,0.07362707871267216,-0.1562315737240673,-0.07222398482797085,0.5505532963957714,-0.23037994010104354,0.5660657690356972,-0.24579614703841146,-0.4832692780064673,-0.4430159425639276,-0.05648973137315825,-0.13859458152457876,0.12354118106860354,-0.046252995675895824,0.5008703430854462,-0.02767187758659086,1.7112032938465216,1.4286410075727993,1.3792126780187515,0.9821281108913258,0.7806711296729086,0.9044189231421907,1.8324941171189824,1
0.8016122270906633,0.28447883843337485,-1.168717627632051,1.478524768348486,1,0,0,1,0,0,-0.23054406556205628,-0.2675474723912908,-0.2593808969333673,-0.25494820233288673,-0.025158954729563792,-0.008733353056786679,-1.5294603712320964,0.34405371414219615,-0.0992161610920726,0.09034623801358967,0.49424944608411125,-2.2467408792295,-1.6730785837759037,-1.2738999207785044,1.5916939683998215,-1.3646536406963736,-0.31305435465554626,-0.6459838597176983,-3.5663204598883063,0.47274661909186166,0.8538860864548018,1.1222995559270224,-1.235713486230519,-0.43247127814675324,-1.2732259947109508,-0.47274661909186166,3.5663204598883063,-1.3166279713806959,0.7912135143113154,-1.301118837135444,-1.684875824009962,-1.689000399752289,-0.24551969421163483,-2.259134035750426,-1.3713993881826885,-0.9144083514851348,0.8339422496285867,1.1104772073715516,0.14201007127932075,-0.5292659687668935,-0.6515610604546642,0.2524949820049213,0.6983559190505837,1.0714264874841732,-0.1469716669968365,0
-0.7918040390580765,2.912790967522486,0.27967722576327125,3.2385003374973924,1,0,0,1,0,0,1.6118207370412847,-0.6489931557938332,-0.5920036137852022,0.22822425832398924,-1.4748710950737474,-0.6754976614549939,-2.63271207713451,0.787419269808642,-0.5177034714137,-1.3575982650724019,-1.727605794176556,-1.97577125113314,0.7009331723232873,0.49131876043074785,3.008434026654624,-0.31872165321986856,0.2134364111837689,-0.15994313593683276,-1.773666294592434,-0.9356157016516281,4.151770146963376,1.9330255061396397,0.3874334645045767,2.045667562923222,2.0898188017533155,0.9356157016516281,1.773666294592433,0.35452284597261524,2.567379060374527,-0.3125119492859251,-0.4229736090313822,-0.31784855417057606,-0.24551969421163483,-1.0357458890816678,-0.3563162856046509,0.139780294854656,4.858561120358203,2.5521327149851984,1.3189049882047215,1.3508433793738719,2.2592146313572306,1.0772976494417266,-0.28942660841731066,-0.7099875321636356,1.9562107286262216,0
0.9815140635913272,0.7998341578626126,0.27967722576327125,0.3052077222492148,1,0,0,1,0,0,0.6401625877230843,-0.5274654914171085,-0.8350740607153893,6.006041048334656,-2.6898473417448243,-5.047253448779523,0.8736477660555352,0.18106751177641592,-0.49623209023559306,-1.205983721404431,-1.6374076349535502,-1.6315852708229326,1.260819760682751,0.08572525370037345,-0.5801272070986648,0.5996127428290159,-1.1745144487823878,-1.296003818601266,-1.4375436385994584,-0.799549433147316,-1.1291728222173152,-0.8296795432260851,1.280918871336172,0.4645777818426381,0.8634146368697267,0.799549433147316,1.4375436385994576,0.1317027369921738,-0.4846237089171882,0.22727954162577424,0.5116092600824467,-0.01630893667750248,-0.7495995951142377,0.18764225758709038,1.1201682272361313,0.44983577907224165,-1.1367331974183288,-0.9381911455531051,-0.7155722712864762,-0.010615114107371936,0.17767154942198057,-1.1433249167342867,-0.7833178721512579,-1.1553410370755877,-0.8892713360402683,1
0.6988111776617119,0.7998341578626126,1.7280720791585935,0.5985369837740325,1,0,0,1,0,0,-0.43244705762817587,-0.029143920264701743,-0.8478672421327675,6.4573877780500615,-2.292714754943237,-5.012819611256611,1.4190567342094025,2.0021267739178974,-0.7323226366365094,0.5866738483991589,-0.36527835548256815,0.3606516918332679,0.9528612922706862,1.9735075174323853,2.2798665444383546,-1.2130974582947627,1.61606332385123,0.10121362356670342,0.3637290563372595,0.13114384342216406,-0.0013274743005415232,-0.4640615742430885,-0.2179363776776876,0.8099022081754587,0.5736951557667755,-0.13114384342216406,-0.36372905633726016,2.109231204193592,2.4422969796658496,0.5456958705343614,-0.21193876761858224,0.4274663494443799,0.5106001571422693,0.5954383064766764,0.4557501964577793,0.5738579727592754,0.08453045990652028,-0.3311783002420958,0.38833691435672935,0.20981149912292413,0.5330569536548284,0.4428340591057229,-1.0302635040182315,-1.0996718489615938,-0.023255055489598248,0
0.7502117023761872,1.6501704349208541,0.5693561964423357,-0.13478617003801185,0,1,0,1,0,0,-0.20530619155379135,-0.297202548387525,-0.1442422641769629,-0.333644555206342,0.06330170845355536,0.029278026026947467,0.056476854352089094,-0.16200324528130589,1.5884244560101701,0.22543020343478312,0.5160262679613462,0.357954261560052,-0.41594615280959857,0.07107123233044532,-0.36056648652618556,1.0628459531002878,0.8979795620523489,1.2268662766618348,1.5985806802879148,-1.0972459357537168,-0.007518902837855131,-0.13885305260504502,-1.103371761507349,0.5858795009112715,0.5269367077813671,1.0972459357537168,-1.5985806802879157,0.1317027369921738,-0.25947596364157,0.28186519801010423,0.8087807714596554,1.178470679804488,-0.34003467563087314,0.18764225758709038,-0.4855086804782194,0.5118468759157585,-0.05424950115312168,-0.17942508891434333,-0.14993285384946126,-0.6848612251647502,-0.4315605721200442,0.9821281108913258,0.28677986593896093,-0.2089648391376897,-0.1469716669968365,1
0.6988111776617119,0.1298722426046032,-0.15484123025532542,-1.161438585374874,1,0,0,1,0,0,0.6906383357396142,-0.534443156357399,-0.7966945164632545,2.088582894266332,-2.1088031303668267,-2.025125215275107,0.8273653489256885,0.41976209630738437,-0.7805519823182006,0.17429787040034272,0.15391890640769507,0.5472062061455885,0.15072753310443474,0.04633012246413018,-0.6223673155968572,-0.09822352503065937,-0.3879986860225032,-0.23692392189244957,-0.30219600057873947,1.046038314370867,-1.1041791455118934,-1.199610564860136,0.9683355384600064,-0.6201980334875582,-0.4314122128852908,-1.046038314370867,0.30219600057873874,0.5216379277079463,-0.10937746679115769,1.9012396707452048,1.5452492996553449,1.2808803612172301,1.518759958947476,0.8401159358104279,1.1201682272361313,2.1241353938472036,-0.9701972441467586,-1.0140677512169813,0.6072941082033162,1.0526191379446466,0.7022880985276131,-0.44541496736468245,-0.37174181903963527,0.1250502895462747,0.5334696962929761,0
1.6240206225222695,1.6501704349208541,-1.168717627632051,0.5985369837740325,1,0,0,1,0,0,0.059691485532990585,-0.40593782704038395,0.27793272259651985,-0.44300933971430556,0.13744202134825226,0.03017241141715298,-0.7409892107030819,-0.4986841746786672,0.48877459866162654,-0.3605526544372316,-0.051635582899959426,-1.195387986888679,-0.5772622050384701,-0.8685173212028525,-0.6027632049315782,-0.32110668630602923,0.13870723547600938,0.061131232706878966,-1.4375436385994584,-0.2046283627832927,0.16255126124154864,0.08062473334412203,-0.9908525027432098,0.6246230955486952,0.1268115371817102,0.20462836278329197,1.4375436385994576,-0.5646101035717058,-0.10937746679115769,1.8102635767713227,1.3256007912461045,1.3320852019236007,1.5817699465603012,-0.38327221085833024,0.34501385799472056,2.4341908780647894,0.3620903820258042,0.35171115073279,0.826251302049903,0.13201387092399572,0.38074892326932136,1.2359135470257274,0.7806711296729086,0.7374113588002092,1.2139110595827887,0
-1.7427137462758722,1.0575118175772313,1.7280720791585935,-0.13478617003801185,1,0,0,0,1,0,-0.5333985536612357,0.14529770324255853,-0.7455217907937414,1.0383337731977933,-0.6569574689866768,-0.6907022130884876,0.9054113260687165,1.1860282026988762,-0.6304534551916676,0.3719757382289225,-0.2595632525391706,-0.48141387137418107,0.036153703275105406,0.15342878847233654,0.7775599127000496,0.16305086120953363,-0.10795931365097544,0.057238634827124865,0.33643704580791395,-0.9902652685099177,-1.105692251408698,-0.848918478064549,1.0257013845132528,-0.6095658318534717,0.3933273269740506,0.9902652685099177,-0.33643704580791395,0.32667033235006016,1.0163612595869336,0.7094528396873502,0.6924962670077037,0.615217432034406,0.4790951633358572,0.2692014673650073,0.12354118106860354,0.6358690696027934,-1.1089772052064004,-0.9381911455531051,-0.642586540004281,-0.06248019957332482,-0.29617565622181696,-0.5088613263982832,-0.04248097655033679,-0.48731077970765985,-0.5799798072721716,0
0.5703098658755232,2.113990222407169,-0.4445202009343899,-1.6014324776621007,1,0,0,1,0,0,-0.6595879237025604,0.5494207977010448,-0.5664172509504457,0.19639852738251837,0.31549308600900167,0.27076208138243496,0.1779292136253535,-0.5509169637499052,0.36337420413487137,-0.8977709194572266,-1.2394286740900518,-1.9284989174557223,0.6236528020857603,-0.7506727594302223,-0.831715133641919,1.3455887102297996,-1.0929074692334924,-0.8851668343008725,-1.244018473027745,-1.3964401374831386,-0.9974782791387091,-0.077043140569564,0.8554421755401671,0.12912225462448734,0.747124848582281,1.3964401374831386,1.2440184730277444,-0.9266927806649233,-1.0850176963188372,-1.3920949311093263,-0.6124742829530796,-0.972132629863095,-1.94678935975792,-0.709509049969999,-0.2086678343205727,-1.1004416420156866,-0.8314172830871166,0.19995793940503753,0.8627441676909999,1.2211806657089916,1.209981533145967,0.4428340591057229,0.5337254978059351,-0.09762646290970158,0.7809029193074537,1
-0.12359721776989524,1.4182605411776974,1.4383931084795292,-0.4281154315628296,1,0,0,1,0,0,-0.7983962307480176,2.2589487080721953,-0.5408308881156891,0.10670783109291863,1.384421077291246,1.6548234727254607,2.542740956433442,-0.03559643191332807,1.141981476556589,1.8514042399714437,1.9347381767356635,1.3824841977540812,-1.5190220577291067,2.402378437826119,0.24588232180931244,0.8578497303291323,1.5757820279988426,1.6227978832424743,0.6912331826893887,1.199986903232429,-1.1353149683844235,0.2951767322000525,-0.6990706867906128,-0.9386092006738662,-0.9309081044181133,-1.199986903232429,-0.6912331826893894,2.304198799551478,0.26586877533487285,0.11810822885711679,0.5503707615664309,1.2126072402754011,-0.40304466324369825,-1.5251011477491712,-1.8697129112664523,0.44983577907224165,-1.1089772052064004,0.12408133374116129,-0.40538291333714505,-0.6848612251647502,-0.9731002357129547,0.062155904904119784,-0.7833178721512579,-0.32030321536567735,-0.7036964187794109,1
-0.8175043014153137,0.28447883843337485,-0.15484123025532542,1.478524768348486,1,0,0,1,0,0,-0.7353015457273552,1.1686885611518187,-0.2593808969333673,-0.25494820233288673,1.1543153755119726,1.0958326038470174,-0.7151993126122734,-0.12010940030276043,0.3616677926534342,0.5133506839182659,0.9570015041319391,0.022262011261903615,-0.885524511307592,-0.08586172263177093,0.7851397265599285,-0.6312181711177766,0.4282653908422893,0.09005226984652279,-0.2682155254971324,0.29637562078413626,0.9087100324931533,0.9513896636581113,-1.1287253760250253,-0.2688430247936319,-1.1562303111905683,-0.29637562078413626,0.2682155254971317,-0.007559831120602114,0.8662627627365218,0.33645085439443295,-0.05689276168264715,0.12023730520615308,0.6051151385615076,-0.05703537174666111,0.06817301183707392,0.6358690696027934,1.1392581639597994,1.2622304186993043,0.8444977348704508,0.06718251409155555,-0.0423289389126401,0.664896315723324,0.9453015509175579,1.2384340518261547,0.47161139053935697,1
-0.25209852955608386,0.9802085196628456,0.27967722576327125,0.3052077222492148,1,0,0,1,0,0,-0.44506599463230834,-0.02042183908933873,0.6361418022831113,-0.5222843422412421,0.8630150090278037,0.38792656749935667,-0.11824399595129578,-0.12783966072470276,-0.5481579972983157,1.0304400591357177,1.3134230409599845,1.3202516464778005,-1.069023061498986,-0.09760848566500234,-0.8468997941153149,0.14355081741188538,0.3904465931308454,0.5998499410548631,0.5364130502320184,1.2686578481181965,0.06689190595752077,-0.6729416759149554,0.8936050732193,-1.0048978833200513,-1.1218775632861908,-1.2686578481181965,-0.5364130502320191,-0.17467491285593337,-0.8598699510432187,-0.31857702221751816,-0.19901826712392082,-0.03337721691295973,-0.08799472517957138,-0.5463906304141645,-0.8177176958673952,-0.23228628620644656,0.44535835866158957,-0.2553016945782196,1.5378621820513083,1.8565279626669051,1.2269046476332444,-0.2550758902638815,0.6160407084282594,1.5724491805101195,1.5232025883508855,0
0.13340540580248203,2.2943645842074014,-1.168717627632051,-0.13478617003801185,1,0,0,1,0,0,-0.7731583567397526,2.096136526132086,-0.6431763394547153,0.33527444421802766,0.7942834361199336,1.3529684035311011,-1.3405961615195265,0.006505273346613951,0.337571764745982,-1.4914000023792835,-1.4925088828164548,-0.15775406519944435,1.2422291084861967,-1.026819655850186,-1.0140028899497744,0.8388627574614113,-0.4589454778786319,-0.25070054397699476,-0.9878020566370264,0.7645323233097278,0.8381454948432713,-1.024734527160629,0.3815042605039745,1.5597027064275124,1.6955743584320315,-0.764532323309727,0.9878020566370257,-0.8709877534198129,-0.7848207026180125,0.8004289336612322,1.1576342848155081,0.8883099158017184,-0.15100471279239655,-0.38327221085833024,0.06817301183707392,0.8219023601333442,0.8061862574166584,-0.9381911455531051,0.10551720563822252,0.28760912732185256,0.9222885868622325,0.1890486229713212,-1.6887851889968277,-1.6563637301015341,1.1520527538291696,0
1.6497208848795075,1.3667250092347738,0.5693561964423357,-0.4281154315628296,1,0,0,1,0,0,0.2868323516073751,-0.4478038166821264,-0.8094876978806327,2.1724870940211187,-2.0535008552420106,-2.023336444494696,-0.136564267476825,0.5597084515499771,-0.7543059145442688,0.4883274542260958,0.20889732696289068,-0.3259798684067505,-0.3127199100057001,0.24379350086028176,0.005152429366010547,-0.8279973036527359,1.0830319273003335,0.7781683095946405,0.5274811195133241,-0.9677470132502359,0.43349153179778593,-0.7630558244336284,0.19910401616429196,0.4142170334807142,0.4881531401474495,0.9677470132502359,-0.5274811195133248,0.577342954953057,0.41596727218528484,1.273504622325418,0.5762117625557528,1.0248561576853752,1.7707999093987767,0.6769975162545934,0.4557501964577793,1.814079909629618,0.8894542340524437,-0.3311783002420958,1.6473407789746017,1.519404907138216,1.6330593953279282,1.1407440084753266,1.1922471827845313,0.7374113588002092,1.3376276710900281,0
0.030604356373531493,1.3409572432633117,-1.6032360836506476,0.3052077222492148,1,0,0,1,0,0,-0.19268725454965888,-0.3018543250143853,-0.7071422465416066,0.6390655122957042,-0.963773691519117,-0.7260304360016051,-1.6079916168005537,-0.09126705589101129,-0.04370773578787229,-1.2277090091526761,-1.102345160725268,0.22635208315306585,1.0116169446443888,-0.9649983189802762,-0.05126144903710853,-0.40919090050801193,-0.06889602990501392,0.1344409639946447,0.8668024050637274,-0.550966827225982,1.2717365359204575,0.07391430410873744,-0.3514474537507052,1.5902395422862525,1.5643581318910795,0.550966827225982,-0.8668024050637281,-0.5089050763265954,0.9413120111617277,3.111221720597836,2.33339982982968,2.185499213696451,2.967989674042459,1.9003856629233515,1.5077454118568363,2.806257459125893,1.333550109443298,0.19995793940503753,0.39746013076700454,0.14498014229048395,0.7869036709640054,1.0138512904081252,-0.7010026615289333,-0.9883334727336057,0.7190446135538346,0
0.9815140635913272,1.0575118175772313,1.0038746524609323,-0.13478617003801185,1,0,0,0,1,0,-0.7605394197356201,1.2907976976069009,-0.7455217907937414,1.0383337731977933,0.2556084424433628,0.19026739626393913,0.9478567063894009,1.228751056901253,-0.6996628466538364,0.5378956520307223,-0.5087276486549357,-1.2554166435210456,0.13490459634914181,0.40730264927291177,0.8487055162990185,0.6573111830859126,0.31221669626543475,0.03501596782705145,-0.7279513648365089,-0.9902652685099177,-0.9110458155722506,-0.8362848323597314,1.6169968983724077,-0.41707359223684526,0.6955571359568532,0.9902652685099177,0.7279513648365081,0.32667033235006016,0.7161642658861095,-0.1548200530645294,0.2015172482105774,0.32505666803163763,-0.9071245641463012,-0.6279498401920818,-0.3747723420151606,-0.046252995675895824,-0.859173275299045,-0.7864379342253526,-0.013084607695344815,0.8192262533478623,0.5838262971166633,-0.44541496736468245,-0.04248097655033679,-0.48731077970765985,0.10046155601764112,0
-0.8175043014153137,-0.10203765113855341,-0.15484123025532542,-0.8681093238500562,1,0,0,1,0,0,-0.7353015457273552,1.1686885611518187,-0.7199354279589849,0.7808346773986199,0.19833084053262584,0.29535767961308645,0.06371952257844217,-0.15677884329274575,0.21816320881764956,0.0730007455908261,0.41310883430787637,0.05491255106839342,-0.33628418002515875,-0.07270208143132156,0.17389447134124517,-0.4140720386080968,0.27122961667276924,0.19077947007263363,-0.05671543019588151,0.13114384342216406,-0.16124661039416702,0.38938754659031,-0.71433888081045,0.17032734733371788,-0.3508026966889315,-0.13114384342216406,0.056715430195880795,0.10385022336961848,0.41596727218528484,0.74584327727690225,0.3953247556304958,0.4957394703862077,0.9201650766256344,0.18764225758709038,0.2342775195316623,1.0079356506638961,-0.16527347000083534,0.35171115073279,-0.02220782410562002,-0.38663698373552574,-0.29617565622181696,0.15732544345452057,-0.04248097655033679,0.013711913318286572,-0.3944048900113141,0
1.0586148506630406,-0.12780541711001567,-0.15484123025532542,1.478524768348486,0,1,0,1,0,0,-0.7226826087232228,1.0407647039131613,-0.822280879298011,2.2506047972410927,-0.7344913508946546,-0.9388941588705163,-2.728689740045754,-1.0330599581259394,0.7380487730337133,-1.3892883944240688,-0.6447010718616228,-0.1760422858604988,0.7697086724642226,-0.9130181704683612,-1.2709550503452072,1.807633972282904,-0.42663600770688054,0.866353793068523,0.7610291440431215,-0.9948801208223941,2.8820325090397576,0.14469234411360177,0.8075604170712583,1.4537940293236882,1.6839688251251204,0.9948801208223941,-0.7610291440431222,-0.8431352397972577,-1.1600669447440433,0.13630344765189217,1.06719078135288,0.8200367948598906,-0.37153966943728567,-0.13859458152457876,-0.4855086804782194,0.44983577907224165,3.0544216265828577,0.35171115073279,0.6346637574341392,0.9877877811122063,1.5992131663533709,0.1890486229713212,-0.9479482933959068,-1.378017789531564,1.0901944480755505,1
-0.09789695541265715,-0.23087648099586283,-0.8790386569529866,0.3052077222492148,1,0,0,1,0,0,-0.6974447347149578,0.7820096290440585,-0.6687627022894718,0.42496514050762735,0.19286792820551132,0.27299804485794876,-0.21241451302768663,0.27476434237104397,-0.9826045793105306,-1.0283637307157552,-1.0553054869683813,-0.8339782861210326,0.033566001180723455,0.06444077260109193,-0.06356683218033234,-0.6987709558487717,0.21898964476807406,0.06342821038584177,-0.04053384962865217,-1.0972459357537168,0.3597560118081131,-0.44080253985721646,0.6410559559518257,1.6063994388108493,1.4338741198057035,1.0972459357537168,0.04053384962865146,0.0759977097470634,-0.03432821836595151,0.09081540066495114,-0.28946177058654887,-0.18699173903207253,0.6051151385615076,-0.30171300108041293,-0.319404172783631,-0.17027518936292965,0.25106641317809053,-0.482931511569848,-0.25028823436248077,0.10608132819102022,0.7530574419894479,-0.6040308649486834,0.28677986593896093,-0.2089648391376897,0.16231986177126023,0
1.3670179989498932,2.2943645842074014,-0.4445202009343899,-0.13478617003801185,1,0,0,1,0,0,-0.785777293743885,2.1804499774939283,-0.6431763394547153,0.33527444421802766,0.9411737387828446,1.4178113443210008,-0.22947060708472578,-0.07118241751028968,-0.5244426911569804,-0.3080039604811835,-0.19967565096964976,0.6898655406197162,0.7235438675753771,0.7576953779523034,-0.8539077402846644,0.034769962800420565,0.7760973318787864,1.2323888340418458,0.8164553486475558,0.13114384342216406,1.0761647590828698,-0.7577259269302313,0.7518711871577398,1.1856583089868353,1.4627759569867085,-0.13114384342216406,-0.8164553486475564,1.1900982546492709,-0.4846237089171882,1.4190663726836301,1.2222367872888142,1.5369045647490853,1.6762849279795395,0.2692014673650073,-0.09793149585751397,1.5040244254120325,1.3613061016552261,-0.482931511569848,0.9722227646142934,1.2600794798084554,1.7515211967388769,0.47455723862252236,-1.0302635040182315,-1.0996718489615938,1.9562107286262216,0
1.0586148506630406,-0.23087648099586283,-0.15484123025532542,0.3052077222492148,0,1,0,1,0,0,-0.7226826087232228,1.0407647039131613,-0.6687627022894718,0.42496514050762735,0.3249648631982956,0.4719987941786745,-0.6523210550837606,-0.6158819307075627,1.0411497875737385,-1.140707072796536,0.05007929452709755,-0.26664028782623506,-0.8279058939355106,-0.7587243064564532,-1.1940948482087277,2.2687764910358212,-0.12413976725983879,1.342505022335113,1.1921218465220598,-1.5459974836040618,0.14895991911362455,-0.3509007275692638,0.8566149351826601,1.4179267948616605,1.2455893213428937,1.5459974836040618,-1.1921218465220604,-0.7595776989295921,-1.1600669447440433,-0.2730889752305771,0.8992242749222835,0.8029685146244333,-0.844114576533476,-0.5463906304141645,-1.0391903727935126,0.015758101167622184,0.05677446769459199,-0.4070549059059717,-0.2685346671830286,0.19684522775643593,0.7699805564767266,-0.857816301083085,0.7806711296729086,0.06938110143228039,0.038603250264021984,1
1.0586148506630406,2.2943645842074014,-0.15484123025532542,-0.13478617003801185,0,1,0,1,0,0,-0.7226826087232228,1.0407647039131613,-0.6431763394547153,0.33527444421802766,0.40735690115984496,0.5413136619196015,-1.2882269809312434,-0.3151288546350837,1.287696686769679,-1.007688778023899,-0.2821382181021337,0.8494955479260232,0.5832834839629888,-0.8682860914444288,-1.3402059584013524,2.5027987811404673,-0.2872482968438374,1.1123628859938208,1.215239784852797,-0.04664941409013511,0.9237297440382817,-0.9100646657015926,0.7547468971433434,1.0764920343884343,1.452799355829044,0.04664941409013511,-1.2152397848527976,-0.6760201580619267,-1.0850176963188372,1.0187715591985484,2.33339982982968,2.0660212520482517,-0.37153966943728567,0.2692014673650073,-0.26403600355210183,1.3179911348814817,1.4723300705029398,-0.482931511569848,1.7203265102567968,1.9343255908658337,2.37767643276818,1.0772976494417266,-0.6186874509066087,-0.7099875321636356,2.822227009176893,0
-0.48340089077122306,-1.6996391413691911,-2.0377545396692445,1.478524768348486,1,0,0,1,0,0,0.19849979257844777,-0.4338484868015456,3.9879553336362163,-0.7439071595245756,0.9964018592040599,0.24124736350565315,-1.7007596186682985,-1.013196084680605,0.523454358370627,-1.1616396803877027,-0.20034749085097076,-1.8513701264643738,-1.3771755723548493,-1.246123274964729,0.06755568003045827,0.3636073106099682,-1.4066998349847333,-0.8755116779830268,-0.40749033797582196,-2.120904085066952,1.1198359571157606,1.4583192205675106,-0.3501893627097942,0.17444078883573808,-0.5943051987113721,2.120904085066952,0.40749033797582124,-1.0938078624002545,0.340918023760079,0.8459169806481733,0.9250652759116064,0.2397152668543526,0.4790951633358572,0.9216751455883455,1.2862727349307197,1.069946747507413,2.16622987580115,2.8556391376407038,2.933714292823296,2.232549832295058,2.1915221734081167,1.5214221626769286,5.143377292656109,3.632209140727898,1.3994859768436472,1
-0.9203053508442651,1.4182605411776974,1.0038746524609323,-1.161438585374874,1,0,0,1,0,0,1.3720609339627678,-0.629223105129677,3.1436053600892513,-0.7207611733853241,0.3714336962800445,0.07310291014701742,-0.06451514041830515,-0.7197289327950749,0.02956592489323852,0.244242726020426,0.4580306792757952,0.5452537667203525,-0.1408931444546001,-1.0774426034027171,0.04982157758880821,0.47673849126828244,-1.1086687296136895,-1.1687494405076464,-0.5745260083472232,1.313469005878949,-0.9868580809767422,1.037760710215035,0.43865859744639324,-1.4292930998325255,-1.7365186655882365,-1.313469005878949,0.57452600834722245,-0.5738942747792242,1.3165582532877582,3.842063008854687,3.6254498792958025,2.754441888211685,1.6447799341731264,2.2266225020350205,2.9657738682871093,3.447038793175569,-0.8522342772460629,1.243261267283335,0.6072941082033162,0.7576364643570439,0.0761328624983096,-0.6595464291030839,0.41025268187244807,1.3358551310256446,0.3942885083473328,0
-0.07219669305541997,-0.9266061622253344,1.0038746524609323,1.0385308760612593,1,0,0,1,0,0,0.791589831772674,-0.5472355420812648,1.3781463244910508,-0.6235480316004676,0.18945715810108998,0.06102870737924305,1.9300530802658094,-0.5001023662475829,-0.6779620039715057,0.921281089577735,1.4822498035931935,1.7228200552457664,-0.19757760325052814,2.0715256916833322,-0.5073994715310723,-0.7484998578737159,0.6041898571724563,0.7891752877653059,1.1015997988414552,1.2571678076667228,-0.6139417277236209,0.1781045404357221,0.17462659917865245,-0.645486996008618,-1.1565212712889237,-1.257167807666722,-1.1015997988414559,2.63842896302214,-0.10937746679115769,1.3917735444914656,0.7183372679970265,0.9565830367435462,2.180364828882142,1.247911984700014,0.7325910426154264,1.3800022317249987,0.08453045990652028,1.5277985385228705,3.891652015902111,3.4319299336952014,2.826138966681059,1.5214221626769286,1.2334047880956935,2.3796524081630324,3.873818206988421,1
-0.5862019402001745,1.4182605411776974,1.4383931084795292,-1.161438585374874,1,0,0,1,0,0,3.466804476648758,-0.7362139675474634,3.1436053600892513,-0.7207611733853241,-0.06770069369809122,-0.009180545751889433,1.2458838542909714,0.6869639874019416,-1.396112218820378,2.611714358352708,0.49058506847905986,-0.34439698719568357,-1.2098249861229926,0.7215469586955742,1.5963602813254634,-1.155835817033604,2.1696734294677866,-0.8074180096455774,-1.4375436385994584,0.9560218637408522,-1.0114706081671883,0.6563190541882867,0.74702864542613,-1.376846571964806,-1.4260711511547834,-0.9560218637408522,1.4375436385994576,0.0759977097470634,0.5660657690356972,-1.7378040882100778,-1.9303653334085251,-1.2281568333949502,-2.135819322596396,-1.85133798686084,-1.648240234340335,-2.340663578886029,-0.8098292891445057,1.0851850054835932,1.1597555463810456,1.4257596139358026,0.6684418695530556,-0.32909664246974885,0.7075020535641753,1.4363689428981337,0.9183658209821618,1
0.2619067175886707,-0.41125084279609675,0.5693561964423357,0.3052077222492148,0,1,0,1,0,0,-0.38197130961164594,-0.10182793005939353,1.1734554218129984,-0.6015593447681786,0.966495212783921,0.3865849894140484,-0.5830042053456652,0.026336370149049798,1.2004158971526142,-1.1997354390604007,-1.1493372428623405,-0.02039582676211257,1.4381147018161446,-0.7803878222468664,0.8193550543983474,0.8048839293703657,-1.6534681025558922,-1.3677697766692067,-0.946287449071263,0.9106988955914741,0.030927222469229507,0.7846644121296085,-0.8321780192712457,-0.018785488900140753,0.15883373348976537,-0.9106988955914734,0.946287449071263,-0.5646101035717058,1.2415090048625523,1.137040481364595,1.4418852956980555,0.5640125913280355,-0.05648973137315825,1.0847935651441794,1.8953225964775422,1.0079356506638961,0.15392044043634126,0.9587239960437993,0.5388699851262579,-0.004131978424128287,-0.008482709938082702,1.3628062650929278,-0.6186874509066087,-0.26463402725168356,0.9355486836915021,0
-0.8175043014153137,-0.6431607365392533,-0.4445202009343899,0.3052077222492148,1,0,0,1,0,0,8.37557097125629,-0.7995944240884346,12.175591440758307,-0.8040867234866297,0.20825684904437017,0.006471198576706979,0.1390875066717085,-0.6771130534359234,-1.662415202787809,-3.848212254258747,-3.979739183515433,0.7590195521829822,6.459368341611744,-1.2064285338705196,-1.5503904190150413,-0.6466362252276803,-6.084723792505222,-5.778119459455255,-0.946287449071263,1.9737285121859853,-1.398853739921941,-0.6237881712951785,1.6227702284559047,-0.8348214654096983,-0.4673531823228936,-1.9737285121859853,0.946287449071263,-1.3166279713806959,-1.685411683720486,-1.82878018218396,-1.8011603284619129,-3.447033264004361,-1.8207693845322692,2.2266225020350205,3.3348949964973045,-2.9607745473212006,-1.3032691506898992,-0.5588081172337243,0.10551720563822252,0.9359226956462544,0.49921072468027106,-1.175048096251087,-1.4418395571298541,-0.8213259083916238,0.16231986177126023,0
-1.5628119097752085,0.9802085196628456,-0.15484123025532542,-0.4281154315628296,1,0,0,1,0,0,10.331506206896822,-0.8071535611070826,1.0711099704739724,-0.5807279572428522,-1.1753366138459915,-0.1719586867692921,-0.9858725980556511,1.094332829908927,-1.1361973587228573,-1.9453640953570717,-2.272678250861311,0.31500537450152877,2.9302601221010134,-0.6614966177898551,2.20993801002085,-2.3423138162349932,-2.423098368868058,-3.5973799654579732,-0.7989105922128035,1.2219795587840785,0.7099202200776235,0.7118612324975071,-0.8005796412218926,0.22535852418505667,-0.5575483303431559,-1.2219795587840785,0.7989105922128035,-0.20252742647848845,3.568035706043941,2.538072328562379,0.5245297605771081,-0.5454256239766699,1.9598298722372534,5.488990893151709,7.210666842704358,3.2403351370305127,0.5841383197212315,0.5793409677244183,-0.19554893590083341,-0.5681647828663581,-0.44848368660732285,-0.12818317219668063,-0.4540570296619595,0.1250502895462747,-0.023255055489598248,0
-2.1539179439916754,-1.0296772261111817,-0.4445202009343899,0.3052077222492148,1,0,0,1,0,0,1.9020562881363317,-0.6734149830848497,10.141475595395162,-0.8000361759122606,0.8951707326492397,0.10038166454828545,0.05000085580871163,1.1680935431989579,-0.17164843815392045,-0.5245186526910587,-0.34346157211742534,-2.8782522162274606,0.08076706812188007,0.29259547350742415,0.8748009457708555,0.7284513322427862,-0.7216422247221266,-0.039331317357144416,-3.893824586240436,-0.06374491962016399,0.22283054242351666,-0.726888662803437,0.9666725025384575,-0.0069772163718363435,0.40811748893505395,0.06374491962016399,3.8938245862404353,-0.38821085062885646,-0.18442671521636386,-2.28366065205337,-1.6719553235153006,-1.7970995079101835,-1.7157527385108935,-2.3950660520469547,-1.4636796702352375,-1.5138489543058005,0.77843026520473,-0.17942508891434333,2.112624815898597,2.4270439027923785,2.276137745844509,0.886958572340925,-0.20711139779498602,-0.26463402725168356,2.018069034379841,1
-0.5091011531284612,-1.7254069073406524,0.27967722576327125,-0.13478617003801185,0,0,1,1,0,0,3.9589430198099245,-0.7501692974280442,7.199043869398161,-0.7838339856147846,0.3214910970502397,0.028830833331844715,1.6377020533653917,1.7445556212597286,-1.0434451573842825,0.1167423394869052,0.031202163434452784,0.7617543429862988,0.6328024599680934,1.687118474550828,0.5798911524626241,0.2538710146347852,-0.7637936262449699,-0.8281035477794947,0.9153149533513734,0.13114384342216406,-0.5915156702322403,-1.813535112985719,1.6815403722446505,-0.9150760543015057,-0.8490462777502336,-0.13114384342216406,-0.915314953351374,5.0894501618069965,3.568035706043941,7.6327335910997745,6.726369998014497,5.769838063142422,4.480229376750269,7.120175088710053,6.6569851503890645,6.961000947641541,0.08453045990652028,-1.317574173872486,3.7091876876966223,4.436815964598025,3.5453713323903937,0.2524949820049213,2.673920973986373,3.075517259587958,3.5645266782203247,0
1.6754211472367457,-0.5400896726534062,-0.15484123025532542,0.3052077222492148,1,0,0,1,0,0,-0.19268725454965888,-0.29138782760394966,6.4186598029380875,-0.7774688394264904,1.5765006019177519,0.3767467501217878,-0.2203936847290751,-2.3664042874198015,-0.05879670328507022,1.9169279114816808,2.7649559409026168,1.4889095789242741,-2.267819691557627,-0.2238104910441058,0.13972802865323905,-0.9467169700522612,0.17027414832171442,0.03166062716553349,0.6380137621571677,1.3979208031972914,0.0828339780202267,3.3879406210082816,-0.8709821907740748,-2.420805007795385,-3.5636676993723584,-1.3979208031972914,-0.6380137621571684,-0.17467491285593337,0.19081952690966666,0.1908891040362222,-0.3411437725651945,-0.2552648599739003,0.9201650766256344,0.8401159358104279,0.5664865349208381,0.139780294854656,0.22331042096616224,3.6144051942794655,0.6072941082033162,0.028283699992091807,-0.939254006738398,-0.6992004034990842,1.8507688677631275,3.353863200157928,-0.1469716669968365,1
0.6217103905899984,1.6759382008923163,-1.168717627632051,-0.13478617003801185,1,0,0,1,0,0,5.864402507433928,-0.7792429013459209,-0.20820817126385424,-0.2873525829278389,-1.5536014822928723,-0.37722013382145647,-0.2013789347241903,-1.6828112161588777,1.4183513237768464,0.6242274382486489,1.5639188065987415,-1.2214989237803795,-1.9518931959782464,-0.49173329390780185,-1.7619352968495303,1.04976137393758,1.0509391676812334,2.13464792135301,-1.0117882743416888,-0.6624995530634572,-0.211311802515216,0.5446431041410861,-0.8840248324472565,0.19880229152442028,0.05089717668502538,0.6624995530634572,1.0117882743416882,-0.10968571440330459,-1.4352475223031322,1.9012396707452048,2.2903314948474764,2.754441888211685,1.6447799341731264,-1.3076099216747252,-1.0945585420250417,3.447038793175569,-0.16527347000083534,0.5793409677244183,0.1876261533306929,-0.30883935553659736,-0.21156008378542468,0.8552353928241243,1.0276167615398821,0.7374113588002092,0.16231986177126023,0
-1.7170134839186342,-0.5400896726534062,0.27967722576327125,0.3052077222492148,0,1,0,1,0,0,9.410323805595151,-0.8048276727936524,6.4186598029380875,-0.7774688394264904,-0.245396437246509,-0.018124399653944526,-0.983466693549683,-1.9667775677534838,1.6493671913899395,1.4113887473613878,2.7489745037297495,2.854471612640529,-2.9405705307189454,-1.429822436188346,-0.3177450970288232,0.4602151847183648,-0.0018452670266036312,0.2321498511684678,2.820010003978237,1.0963072413460702,-0.06112735354093323,2.38115387212653,-1.792268327099298,-1.9085248776726857,-3.3471523431635757,-1.0963072413460702,-2.8200100039782376,-0.7595776989295921,2.067050737539819,8.269566248916949,7.501600027694171,7.135300481978983,5.425379190942649,4.673398795372537,2.7812133041820113,6.961000947641541,0.1770504339462815,2.8556391376407038,1.0178388466656656,-0.1878208227827085,-0.911048815926267,0.19962301614358732,2.5367289562824986,3.910555081297868,0.3685142142833251,0
1.6240206225222695,-1.7511746733121147,-1.168717627632051,1.7718540298733036,1,0,0,1,0,0,-0.10435469552073157,-0.3594200607717812,-0.579210432367824,0.19350527911511192,-0.6494342195865163,-0.4259641375876567,-1.0382599978420253,-1.3579663398200537,-0.19863055748663982,-0.17900888644685112,-0.2752625216817024,-1.806556070177955,-0.44892505777441977,-0.9055631312872839,-1.082402780533992,-0.014087881759859134,-0.024067506324758632,0.18645572697866586,-1.2737915754233924,-1.2005960373670737,0.5388977901926618,0.7795240742338976,0.2573776637087822,0.21796452961287974,0.5398924861659207,1.2005960373670737,1.2737915754233915,-0.48105256270404034,-0.4846237089171882,2.73821973530492,2.307558828840357,2.185499213696451,2.211869822688555,-0.22015379130249568,0.4557501964577793,3.3023462338740304,1.0004782029001573,1.413983630027056,1.6199711297437773,1.5323711785047043,1.548443822891536,1.2993599060593275,1.0276167615398821,0.45906541823023866,1.4613442825972665,1
0.7502117023761872,0.6452275620338409,0.5693561964423357,-0.4281154315628296,0,1,0,0,1,0,-0.3945902466157784,-0.09717615343253325,0.9431781563001896,-0.562211168331451,0.9059512015130458,0.35975342770788316,0.024532048863640854,-0.007646404253272219,-0.09518427390166823,0.20128593288374086,0.3117758931246574,-0.6114524891288082,-0.8560744699652406,0.027439075508047958,-0.6044683420693283,1.2403568149005588,-0.07536351559698247,0.3526128897425501,0.7976720237538321,-1.6250696689933528,-0.00669561017829884,-0.5950481857396055,1.3765590705354764,-0.34665348144133856,-0.061066074283800634,1.6250696689933528,-0.7976720237538328,0.32667033235006016,-0.25947596364157,1.2189189659410893,1.7778183085592476,1.6563825263972836,0.006520256239666901,0.9216751455883455,0.5664865349208381,1.3179911348814817,0.05677446769459199,-0.482931511569848,0.29710475025398503,0.9877877811122063,0.7699805564767266,-0.857816301083085,1.8507688677631275,1.0157572993701793,-0.08511336124321738,0
-2.256718993420627,0.026801178718756015,-0.15484123025532542,-1.6014324776621007,0,1,0,1,0,0,2.1165782172065835,-0.6873703129654305,-0.2849672597681238,-0.21386407693571524,-1.0965742900288764,-0.3633571602732711,0.729527513824312,0.38069132148198487,-0.5493240609114229,0.5420731106932297,0.05073566957610488,-0.3498816969067816,-0.4303230740765601,0.13096158053797635,0.8443940975167149,-0.8699902012659053,0.7150163719695927,0.12567963443883556,0.5274811195133241,-1.000346256571153,-0.8835704984411191,0.32338468444387264,-0.1233118570061818,-0.023307806038639335,0.0567428461962359,1.000346256571153,-0.5274811195133248,0.2152602778598393,0.9413120111617277,0.37739009668268014,-0.15379651539260636,0.13730558544161034,0.6996301199807459,-0.01625576685770265,-0.26403600355210183,-0.015247447254136822,-0.3595654154843339,1.5657368413548085,3.4354911953883893,2.8160320437870197,2.6315231500773573,2.6951798047985354,2.3446601314970748,1.8507951210800897,2.884085314930511,0
0.030604356373531493,-1.158516055968491,1.0038746524609323,0.3052077222492148,1,0,0,1,0,0,0.8420655797892039,-0.5623538161185606,-0.2593808969333673,-0.23874601203541065,-0.6960408804177154,-0.24798144493676041,0.4244179963120935,0.810055458813141,-0.14790904149360137,-0.14029174394644325,-0.4088974077766633,-0.8941339833416957,0.15458122662612117,0.758864166656082,1.1197682054007112,-0.6738931423148343,1.0662314344598758,0.37707767277773474,-0.8773392119444982,-0.34935776200978186,0.16808457854749959,0.009932667387298292,-0.4750010033155419,1.2467819339715154,0.8997296115084005,0.34935776200978186,0.8773392119444975,0.4102278732177254,0.641115017460903,-0.8462383672660339,-1.0259302987822392,-0.6136987449184976,-0.40304466324369825,-0.9541866793037505,-0.7069813574043363,-0.6663639641110671,0.05677446769459199,-0.1035484832504671,-0.33239718205494984,-0.5162996974004062,-0.025405824425361403,0.15732544345452057,-0.4540570296619595,-0.6543183440496418,-0.08511336124321738,1
-0.7661037767008384,-0.978141694168258,1.7280720791585935,-0.4281154315628296,0,1,0,1,0,0,-0.15483044353726144,-0.3094134620330332,-0.029103631420558513,-0.3799365274848451,0.1107467304689115,0.055662395038009994,0.3970737106778164,1.6701267998884897,0.6123000184808159,-0.30927989666059513,0.23893722766678274,-0.0073946603766666865,-0.2440144688232888,0.44987768474307943,1.3952530461207981,0.6531595201469652,-0.6442369237438126,0.050033625432366814,0.07500831336893375,-0.08447776675232606,-0.10262817869513088,-0.8945675739538094,-0.18067231015160823,-0.22099711828841317,-0.26178200116838857,0.08447776675232606,-0.07500831336893446,0.5216379277079463,1.4666567501381707,0.35464607318920965,0.6537347655237203,0.3421249482670949,0.19555021907814235,0.35076067714292497,0.34501385799472056,0.44983577907224165,0.27882240539001907,-0.482931511569848,1.6382175625643265,1.2730457511749436,1.0915197317350172,1.2359135470257274,1.2745623934068555,1.3497724280541432,1.646919199858125,0
0.004904094016293398,-0.978141694168258,0.27967722576327125,-0.4281154315628296,1,0,0,1,0,0,1.1449200678883833,-0.6018939174468729,-0.029103631420558513,-0.3799365274848451,-0.5918073063608958,-0.1692755305986756,0.2074775349302658,1.0968168536193672,-0.5134429834611656,-0.3336262006986228,-0.828713569905718,1.1387387595447869,2.188205359726892,0.3435723166747117,0.07408727507848514,-0.8105569544231153,-0.3467102981084254,-0.9716431950044325,1.339121780472951,0.22497917377587734,0.05479084774851934,-1.4311965471808417,-0.11263781054736484,0.10691547672373836,0.12874776300499038,-0.22497917377587734,-1.3391217804729518,1.1900982546492709,1.0663940918704047,2.9929527984317894,1.9457848149898431,1.673450806632741,2.169863164280005,5.488990893151709,4.626818945232989,2.206816856305226,0.3343343898138759,-1.1658209625447336,1.1546870928197819,0.9099901529132779,0.9053654723749538,0.9821281108913258,0.4514102871836102,0.6260729825722207,1.5232025883508855,0
-0.25209852955608386,0.7225308599482267,0.27967722576327125,1.0385308760612593,1,0,0,1,0,0,-0.5081606796529707,0.026095927179264008,1.9922190325252074,-0.6727332521463771,1.4033871594508125,0.5399720838342932,0.21507344433981046,-0.40536003194905224,0.6721994419140397,-0.3999564798633892,1.1130884650797206,-0.27593959915345934,-1.8935179884499225,-0.1432936885614809,-0.5777108054461713,-0.06465212274527374,0.3930868103248301,0.5147979158855438,0.2181716668474219,-0.5927287050207662,-0.44224222505523847,-0.022368637497002755,-0.9838883042431479,0.9300935535528327,-0.9444695516070685,0.5927287050207662,-0.2181716668474226,-0.09111737198826762,-0.4846237089171882,0.21818193222838655,0.14983524623193267,0.3079883877961804,0.41608517572303205,-0.709509049969999,-0.8730858650989243,0.3258135853852078,-0.4011994038022266,0.010266425245347094,0.10551720563822252,-0.4255357978349895,-0.05079049615627885,-0.6198924547070837,1.2334047880956935,0.9879227053131819,-0.76555472453303,0
0.5703098658755232,0.3617821363477598,-0.4445202009343899,1.478524768348486,1,0,0,1,0,0,-0.6343500496942954,0.5494207977010448,5.356825745295691,-0.7658958463568646,2.235808029119394,1.014443533338316,-1.5989804334129842,-0.8124856736492272,1.017179903042159,-1.9101752530702185,-1.260738788995759,0.022296869556509013,1.3308806089258567,-0.7435266258339526,-0.8028245093936082,1.1305753397815443,-1.019518200150552,-0.6035361744131308,-0.21768276347888266,0.24630538521990228,1.4804981723339627,0.31091011572238586,-0.25439981897676106,1.5695867374070869,1.04978656606338,-0.24630538521990228,0.21768276347888196,-0.6760201580619267,-0.7097714541928067,0.17269388524144552,0.7441782689863493,0.2567835470898098,-0.6865896075014126,0.8401159358104279,1.0648000580046022,0.3258135853852078,1.264160128913477,0.19995793940503753,-0.23660340974706862,-0.3282887625863292,0.28767179358929035,-0.0647368131630805,-0.8244754774624201,-0.8213259083916238,0.16231986177126023,1
0.72451144001895,0.5679242641194551,1.0038746524609323,-0.4281154315628296,1,0,0,1,0,0,1.9777699101611264,-0.6786482317900675,-0.6559695208720935,0.5493748160061044,-1.7455858170806968,-0.9464964346872631,0.04848195205666196,0.32404897765592416,-0.9435305234472601,0.8656663262084957,-0.276204120503393,0.14621681816588647,0.1604906459569285,-0.6259326401088015,-0.4959397735258054,-0.5341923566041479,0.43128936353379477,-0.5146866167434115,0.4073962731842086,-0.2046283627832927,-0.6928398533737402,-0.9415889694926779,0.7530260329393571,-0.7418002084610307,-0.1434124216107511,0.20462836278329197,-0.40739627318420935,-0.3139374809687093,-0.03432821836595151,1.6283113888235585,1.0413497803635572,1.195538960039945,0.7626401075935709,1.247911984700014,1.1201682272361313,0.8839134569768611,-0.5816133531797613,-0.7864379342253526,0.4521994292286506,0.7932937106148858,0.4145951522438788,0.062155904904119784,0.7806711296729086,0.7374113588002092,0.5953280020465953,0
1.135715637734753,-1.5192647795689571,1.0038746524609323,1.7718540298733036,1,0,0,1,0,0,-0.36935237260751347,-0.1047352904511812,-0.19541498984647596,-0.2873525829278389,0.21272872777184085,0.14152339249773888,-0.33563058558611486,0.05319864755548054,0.24584360762507362,-0.580169485700155,-0.9061453492255142,-0.12141993997462161,1.1315863673124855,0.9716190937146071,0.5053704620136967,-0.2965464053685347,0.6705394475496809,-0.17480513617604582,-0.01001094667634824,-0.15567358143258175,1.4375328496128978,0.4332522214410091,-0.6340769860021499,1.4486669837306236,1.007370140919103,0.15567358143258175,0.010010946676347532,1.357213336384602,0.9413120111617277,1.2280165753384769,0.8604627734383002,1.1272658390981163,0.41608517572303205,0.758556726032511,0.8433273810784847,1.13195784435093,1.6943780081983673,0.7310941790521709,0.8627441676909999,0.36540675552078095,0.9561348158367899,1.2041903675089267,-0.7833178721512579,-0.9326642846196119,0.904619530814692,1
0.8016122270906633,-1.4419614816545723,0.27967722576327125,1.7718540298733036,1,0,0,1,0,0,-0.81101516775215,4.8959245834236125,-0.054689994255315046,-0.37704327921743863,2.259748018547435,4.056695438122356,-0.657054092541977,-0.2968854323262113,0.4807298668563594,0.5338949425145307,0.8915733996918863,0.6179122097348816,-0.6464474121202755,-0.9245437899869992,-0.3418328287528082,0.8817080385206739,0.400734639463405,0.5788006844667637,0.8285736227725414,0.020989325180847843,-0.010143551238163798,0.06504394922562151,0.22885771457568455,-0.3238960145508259,-0.5940028712973666,-0.020989325180847843,-0.8285736227725421,-0.8431352397972577,-0.25947596364157,0.21818193222838655,0.6537347655237203,0.8029685146244333,-0.43454965705011084,-0.05703537174666111,-0.4301405112466897,-0.046252995675895824,-0.1375174777889068,-0.1035484832504671,-0.47836864461934153,-0.2958730841701091,-0.39771434314548676,-0.857816301083085,-0.04248097655033679,-0.04195727479570725,-0.8892713360402683,1
-0.5605016778429365,2.268596818235939,-0.15484123025532542,-0.13478617003801185,1,0,0,1,0,0,-0.5838743016777656,0.26159211891406536,1.007144063387081,-0.5708909131336704,1.2972722989070888,0.642379211012824,0.7851830927987871,0.0711857433603705,0.4050858927959866,0.6747690635889951,1.1722792854225996,0.2284205983724788,-1.4299443854751162,0.2159164488155364,-0.03708476633018707,0.1111270880978642,0.8887128131133976,0.9663505718221463,0.454702424768406,-0.13942987614145502,-0.8760750324218779,-0.1348553715912794,-0.44209397942701956,-0.03033705985174294,-0.5805672360513403,0.13942987614145502,-0.4547024247684067,0.5216379277079463,0.340918023760079,1.1825285283515359,1.06719078135288,1.434494883336343,1.0146800580448727,-0.6279498401920818,-0.8730858650989243,1.1939689411944467,-0.44283339212011924,0.7310941790521709,2.760373181028081,2.02508949043125,1.8869061126371052,1.7434844192945298,1.7684536571408034,1.8507951210800897,2.141785645887079,1
-0.4320003660567478,1.3409572432633117,-0.15484123025532542,2.9451710759725747,1,0,0,1,0,0,0.766351957764409,-0.5420022933760469,-0.5664172509504457,0.18193228604548617,-1.1360934621391257,-0.5574387899478667,-2.640179649269947,2.4235440249517657,-2.8571755179657683,-0.8593832240164495,-2.8826936186859267,-1.9549693849164274,1.949664143039754,-0.29992951136580714,2.338789333046881,-1.176665754974696,0.27083168386119066,-0.9653727788361878,-0.4291756706205303,-2.2406938684972246,3.3715480376134472,-0.9834424204803561,2.723419042468896,1.429523354511251,2.8051442630247947,2.2406938684972246,0.4291756706205296,-0.4253475354589299,1.7668537438389946,-0.646090960523493,-1.1034533017502068,-0.9550643496276378,-0.49755964466293656,0.10608304780917345,0.34501385799472056,-0.728375060954584,4.05363734621228,-0.6346847228976005,1.3918907194869166,2.841964586519996,3.494601988928559,-0.2233527107470814,-0.4540570296619595,-1.266679413303576,2.018069034379841,0
1.0843151130202777,-1.4419614816545723,-0.8790386569529866,1.7718540298733036,1,0,0,1,0,0,0.7158762097478791,-0.5396764050626168,-0.054689994255315046,-0.37704327921743863,-0.4517200643281331,-0.12366187569819462,-1.0483849104952723,0.32958616986223965,0.13207237701279712,-1.2011993284645652,-0.6576904798242704,-1.202509151495506,0.08623695177160719,-1.4410328141274034,0.3894111726488087,0.15064532950176468,-2.1879820812831214,-1.7588868396404316,-1.9849433926451614,0.328563629361145,0.017941729857675635,-0.06226379728460996,-0.029163335858232983,-0.546822780307025,-0.862180824566348,-0.328563629361145,1.9849433926451607,-1.4280380258709164,-0.03432821836595151,-1.0463857740085747,-0.8192022908676594,-1.5353858776331764,-0.9071245641463012,-0.8726274695258333,0.012804842605544792,-1.4104971262332722,-0.026493508941193386,-0.1035484832504671,-0.13168642102891215,-0.127311556405765,-0.33002188519637315,-0.5088613263982832,0.2044646553166367,0.4033962301162448,-0.5799798072721716,0
1.726821671951222,-0.9266061622253344,0.27967722576327125,-0.4281154315628296,0,1,0,1,0,0,-0.33149556159511606,-0.194863462596599,2.209703116620638,-0.6854635445229654,1.1681743538733984,0.3798770989875071,-0.31772230575131355,0.9271279045094879,-1.1651983644092634,0.7588533981412028,0.30177788464647165,1.1406083314581852,0.7273945639045111,-0.636799411066901,-0.13453748933186915,0.6802269872168403,-0.9615838006913684,-1.3112907374511587,0.1590389773671773,1.3979208031972914,-0.19448186799378459,-1.4072888483533517,2.276427719836096,-1.9786520202211941,-1.6725462129917865,-1.3979208031972914,-0.15903897736717798,-0.5924626171942612,-0.10937746679115769,0.06352257247278678,0.4082452561251572,-0.01630893667750248,-1.0961545269847772,1.0032343553662626,1.009431888773073,-0.728375060954584,0.3620903820258042,-0.9381911455531051,2.4775534723095745,3.6588396826087424,2.1915221734081167,-0.857816301083085,0.6160407084282594,1.6837875567381073,2.018069034379841,1
0.2619067175886707,-1.6223358434548052,-0.7341991716134544,0.3052077222492148,1,0,0,1,0,0,0.5392110916900246,-0.4989733595775894,-0.11865590134220637,-0.35042539515729937,-0.42661024192219565,-0.11292925101572851,0.1967608354309054,0.5554252500213058,-0.8943499505950492,0.4785281898171799,0.06720918864007454,0.024838101480236036,0.027331512729025467,0.41873088900330263,0.6223789146165238,-1.1641279897808534,0.3449662533254888,-0.3822939683630416,-0.13124877099039398,0.1640471410786609,0.1447902391800542,-0.13885305260504502,0.052769981709723524,-0.3043980806784874,-0.4606108894901169,-0.1640471410786609,0.13124877099039328,0.7166055230658329,1.0163612595869336,1.1006500437750428,0.24027874969456073,0.3762615087380082,1.2982250023025865,0.8401159358104279,1.009431888773073,0.8219023601333442,0.08453045990652028,-0.17942508891434333,-0.14993285384946126,-0.10137901367278856,-0.21156008378542468,-0.3819686083310823,0.28677986593896093,0.4033962301162448,-0.20882997275045564,1
1.1614159000919912,2.1912935203215542,-1.8929150543297122,-0.13478617003801185,0,1,0,1,0,0,0.9051602648098662,-0.567005592745421,0.48262362527457214,-0.48177886649755186,-0.19120273608236338,-0.0637380545544255,-0.5124449082699438,-1.590065438014374,0.9504270588801231,-0.6281567867347744,0.06174592028616177,0.6830361043948919,0.40434873800040555,-1.0742927873020878,-0.37859303291281243,-0.1054625259700281,-0.9861812203732829,-1.174210210829302,-0.31054414497595056,1.2395736832254003,-0.3608535758249023,1.803148525305926,-1.4052452968167213,-0.12928112318952467,-1.2266604498396725,-1.239573683225401,0.3105441449759499,-1.0659553487776992,-0.4846237089171882,-0.46413877257572894,-0.44450777652248397,-0.7843815472730677,-0.6235796198885869,0.5954383064766764,0.8433273810784847,-0.4803306735805153,-0.3595654154843339,1.6416134470186852,-0.06782390615699217,-0.7756251247301669,-0.7700228618656133,0.09387908442092041,-0.12479618717266176,0.5704037944582268,-0.08511336124321738,0
1.110015375377516,0.8771374557769975,0.5693561964423357,0.3052077222492148,1,0,0,1,0,0,-0.34411449859924853,-0.1843969651861634,0.009275912831576286,-0.4025038639706153,0.3546666150777309,0.16924933959410968,-0.9129461144783007,-2.5835270209831616,0.36626729798689156,-0.4906960709327172,-0.052001330195665774,-1.2384048066650748,-0.7450010130296117,-0.670100805938497,-1.3360711821269848,0.42488769930246956,-0.9192038715705404,-0.5792365057657349,-1.175091701728231,-0.5235948099447552,0.5999169660178081,2.2075251347793197,-0.07372850458972635,-0.24856808945091668,-0.49790743257261927,0.5235948099447552,1.1750917017282303,-0.7038726716844818,-1.3101654415944555,-0.4186507255887879,-0.1473362651452761,-0.4942207832702994,-0.5290646384693491,-0.38327221085833024,0.17890935030013266,-0.23228628620644656,0.5286263352973745,2.020996475338066,-0.058700689746716966,-0.08841274230630035,-0.1777138548108673,-0.28679906978068154,1.2745623934068555,1.0714264874841732,-0.332546584257695,0
0.7502117023761872,0.7998341578626126,0.5693561964423357,2.505177183685348,0,1,0,0,1,0,-0.40720918361991093,-0.09717615343253325,1.2118349660651333,-0.6038739433821038,1.0164258951569176,0.3919513017552815,-0.15889979025562806,0.360470474184597,-0.4832655197453747,-0.10681700104169586,-0.5098195879515469,-0.30185138027006225,0.5821072332837538,0.051007331249267686,-0.44019860928771726,1.4406661465912936,-0.2558567490418188,-0.01671660137345079,0.6912331826893902,-1.0972459357537168,0.27191995078344217,-0.9357383418124594,2.1083706949934005,-0.10940029547081485,0.6464699256245179,1.0972459357537168,-0.6912331826893908,0.32667033235006016,-0.10937746679115769,1.1188452625698195,1.8036593095485693,1.5881094054554559,-0.49755964466293656,1.247911984700014,0.954063719541543,1.1939689411944467,0.3620903820258042,-0.7864379342253526,0.42482977999782756,1.5064386357717279,1.3622895635314727,-0.9529858396334858,0.28677986593896093,-0.2089648391376897,0.5334696962929761,0
-1.485711122703495,0.3102466044048362,1.7280720791585935,1.478524768348486,1,0,0,1,0,0,-0.19268725454965888,-0.29138782760394966,-0.31055362260288033,-0.20865623005438366,-0.1236188567079617,-0.06284366916421999,0.34962057838252436,-0.6637482521171526,0.38871075995231685,0.8264054914193576,1.3160480475773133,1.4360375585733978,-0.9565885314953609,1.3955943082192177,0.26121369656701704,-0.5767488041076159,1.101625495996268,0.509816568330869,0.9910609039976785,0.9756618166055823,0.9083054640370753,1.1726934533691988,-1.110957557427883,-0.0240675193551462,-1.2131902653418314,-0.9756618166055823,-0.9910609039976793,2.2206412586838127,1.0163612595869336,2.174167952666851,1.4548057961927168,1.9294750101645959,1.833809897011603,0.5138790966987595,0.06817301183707392,1.6900577159425842,1.194770148383656,1.5657368413548085,0.9995924138451164,0.19684522775643593,0.17767154942198057,0.506280418139323,0.4514102871836102,1.127095675598167,0.8427612250610729,0
1.8296227213801723,1.4440283071491598,0.27967722576327125,1.478524768348486,1,0,0,1,0,0,0.4130217216486998,-0.47106269981642773,0.21396681550962854,-0.43664419352601136,-0.11945692193288315,-0.024832290080485844,-0.5786234624491935,0.11429569427755334,-0.9164082513421531,-0.27852041738957617,-1.1882260829136988,-1.3320579893636741,0.6016728588323798,-0.8641145178434785,0.6321667076612846,-0.39331130311863816,-0.8950739132348555,-1.3715421853263272,-1.3523925657479052,-0.4754817429490244,-0.05882303488599332,0.47641630281408365,0.8575208506061154,-0.5112768553245132,0.20570810736108486,0.4754817429490244,1.3523925657479046,-0.9266927806649233,0.26586877533487285,-0.7825551014843162,-0.8450432918569822,-1.1086788717467513,-0.844114576533476,-0.38327221085833024,0.2896456887631914,-0.790386157798101,-0.026493508941193386,0.5034643620605421,0.16025650409986858,0.585833368751077,0.3299795798074865,-0.0647368131630805,0.28677986593896093,0.06938110143228039,0.22417816752487937,0
-1.4343105979890196,1.7274737328352407,1.7280720791585935,0.3052077222492148,1,0,0,0,1,0,-0.0412600105000692,-0.3815159997493675,-0.34893316685501513,-0.191296740449945,-0.3103258457607151,-0.1455743177582296,0.7268792854011545,-0.17593356487035733,-0.6471439939878106,0.475976219180445,0.5145372047455034,-0.13431831270580638,-0.5852806672585829,0.1458011623749316,-0.26121125296252123,0.03410412602408366,-0.30996435009224654,-0.440289083792871,-0.01835909107355938,-0.16498583548630744,-0.8650605370316645,-0.020201359897729986,0.9189388768982975,-0.9503685083008081,-1.098780161132308,0.16498583548630744,0.01835909107355796,0.04814519612450831,-0.3345252120667762,-0.30038180342274146,-0.23777976860790415,-0.34060626115118536,-0.43454965705011084,0.10608304780917345,0.12354118106860354,-0.6663639641110671,-0.9146852597229018,-0.2553016945782196,-0.7155722712864762,-0.17917664187171697,-0.5330992590437151,-1.5557262504526888,0.4514102871836102,0.4033962301162448,-1.3222794763156045,1
0.2619067175886707,-1.7254069073406524,-0.7341991716134544,1.7718540298733036,1,0,0,1,0,0,0.5392110916900246,-0.4989733595775894,-0.5920036137852022,0.19350527911511192,-1.095367548797346,-0.5332903844123179,-0.1105982521156392,0.08558895768371777,-0.979310305637771,-0.021364217899524716,-0.7004092975832212,-0.8065215338944108,0.5417982107443009,0.49709916798374887,0.7997625863454013,-0.9794825669623292,0.2137349446341931,-0.4058255987065867,-0.28338753067176975,-0.8189388764091825,0.6504851933352926,0.6837110718228583,0.35446447603779047,0.24079759248393376,0.5143566804859239,0.8189388764091825,0.2833875306717691,0.7723105503109431,1.1664597564373458,1.0096739498011607,0.279040251178545,0.3591932285025509,1.109195039464111,0.5138790966987595,0.7325910426154264,0.7598912632898273,1.333550109443298,1.5657368413548085,2.2494730620527137,2.1417859327296416,2.140752829946282,1.5848685217105287,0.9453015509175579,0.5704037944582268,2.141785645887079,0
0.8787130141623758,2.1912935203215542,0.27967722576327125,-0.13478617003801185,1,0,0,1,0,0,0.021834674520593164,-0.407100771197099,0.48262362527457214,-0.48177886649755186,0.2746902758178278,0.059239936598832026,0.7593045561122924,0.1329162888126453,1.1748952710166045,-0.2646449881716501,0.3810386260631977,1.160297046663385,0.5790026166696824,0.5847350941151811,1.9188058615470158,0.14486455687337083,-0.3746264121851598,-0.5171508000757212,0.7380194864539785,0.850548042800631,-0.47157105248001135,1.7397858119689322,-1.460546285731133,-0.013954831956742344,-1.0002659766546202,-0.8505480428006302,-0.7380194864539793,0.577342954953057,1.841902992264201,0.11810822885711679,0.17567624722125458,0.017827623793410803,-0.2770246880180474,1.4925896140337656,1.1755363964676604,-0.23228628620644656,-0.4150773999081907,1.717490052682561,0.1785029369204177,-0.62002986833231,-0.5838686025055501,0.47455723862252236,0.12214944469431245,0.6260729825722207,0.10046155601764112,1
0.7502117023761872,0.7998341578626126,-0.15484123025532542,2.505177183685348,1,0,0,0,1,0,0.31207022561564,-0.45420000954405926,1.2118349660651333,-0.6038739433821038,0.368352703836732,0.11737498696219013,-0.45809904835442095,1.922556177627102,-2.3021289557254923,0.19867827186462864,-0.7193784483121634,-1.5532248461117872,0.047421669818392825,-0.4226203154197058,1.9267391089198087,-0.884725207485228,0.09380011110006183,-0.37151428242879714,-0.7279513648365089,-1.3964401374831386,0.21472063852000778,-0.7086037465744085,2.2580238933043812,-0.1753909431298584,0.5725158276554368,1.3964401374831386,0.7279513648365081,-0.14682239923337803,2.5173462280910557,1.3007974505175837,0.5632912620610914,0.5810808715634928,1.3612349899154128,0.18764225758709038,0.6218547041523672,1.6280466190990672,0.22331042096616224,-0.6346847228976005,0.12376363845877164,1.2860120225414318,1.1253659607095745,-1.2702176348014877,0.5337254978059351,-0.09762646290970158,0.22417816752487937,0
1.6754211472367457,1.0575118175772313,-0.15484123025532542,-0.13478617003801185,1,0,0,1,0,0,-0.20530619155379135,-0.29138782760394966,-0.579210432367824,0.18771878258029903,-0.551732720508216,-0.3691706653096069,0.368023454341921,0.6900080127452429,-0.4390467195430839,0.16654672414695132,-0.5324122964854453,1.233618748615329,1.3726083737945036,-0.12062779055716012,0.5523194273422192,-0.6936715689656291,0.11666024437106196,0.15833805198179018,0.5910554499228551,1.0963072413460702,-0.6322754389574503,-0.3937561744263874,-0.0968814556118045,-0.10931557828380252,0.8467483505960498,-1.0963072413460702,-0.5910554499228557,0.04814519612450831,0.7912135143113154,0.7185504490847379,0.21443774870523882,0.2567835470898098,1.2667200084961745,1.0847935651441794,0.8433273810784847,0.6358690696027934,-0.8036612908751883,-0.7105613285614767,-1.2173491738515698,-1.0738493661593913,-1.0407926936620688,-0.033013633646279864,-1.6887851889968277,-1.545025353873546,-0.7036964187794109,0
2.266527181453213,0.3102466044048362,0.27967722576327125,1.478524768348486,0,1,0,1,0,0,-0.43244705762817587,-0.0436807222236401,-0.31055362260288033,-0.20865623005438366,0.18319736582447504,0.1276604189495535,0.15966162948927987,-1.0369592333612225,0.6538799087299954,0.7024238648116772,1.216344238202033,2.1814257238171684,0.013542923346525857,1.1950740796287087,-0.2397130141418701,-0.1518779328895368,1.0484637697311654,0.5773026116961869,1.894454864287434,1.0963072413460702,0.972090556836806,1.1831198553583708,-1.046498415842487,0.09070940181685687,-1.017683443809999,-1.0963072413460702,-1.8944548642874348,1.7750010407229295,0.26586877533487285,1.664701826413112,1.3126802907514432,1.7587922078100258,1.0776900456576979,2.2266225020350205,1.2309045656991897,1.4420133285685155,1.194770148383656,1.4898602356909325,0.8171280856396278,0.09311505682453199,0.12690220596014448,0.4428340591057229,0.12214944469431245,0.793080546914203,0.6571863078002155,0
-1.7170134839186342,0.8771374557769975,1.7280720791585935,0.3052077222492148,1,0,0,1,0,0,-0.571255364673633,0.19181546951116127,0.009275912831576286,-0.4025038639706153,0.7621659855388474,0.45858301332559187,-0.10162102924031041,-0.608604498799089,-0.17843402865906727,0.365846756556905,0.45342952034788103,-0.07780812030047864,-0.9623613762371432,0.6541909403602452,0.8555348986676813,0.14872512065098975,0.2591783698660815,0.2638706243726604,0.8783783977477496,-0.9772859963810728,0.7949663944000149,1.6923848548432774,0.3933796980105776,-0.23723853067375736,-0.33186227715031674,0.9772859963810728,-0.8783783977477504,1.4129183636297125,1.841902992264201,2.4379986251911094,2.1654333233990846,2.2025674939319084,1.6132749403667133,1.5741488238116832,1.1755363964676604,2.3101686843777554,0.917210226264372,1.8692432640103136,0.5434315933313949,0.6765972683164937,0.5330569536548284,-0.15990635171348128,1.933084078385452,1.461110804282131,0.22417816752487937,1
0.8016122270906633,1.0575118175772313,2.452269505856255,-0.13478617003801185,0,1,0,1,0,0,1.2080147529090457,-0.6094530544655209,-0.579210432367824,0.18771878258029903,-1.3255857904283892,-0.6137850695308137,0.44600670269402615,-0.3173786963560855,1.7826036413870552,-0.15163301735034512,0.015535881848732995,1.6602959070425087,0.8138599356632256,-0.04494849281325078,-0.8819185134832471,2.4731299336409722,-0.2523243699532887,0.6841385744233583,1.2994551316290601,0.9756618166055823,-0.6650951815100502,-0.4478743855308497,0.04837818021602056,-0.04535410208882395,0.6477307538673759,-0.9756618166055823,-1.2994551316290608,-0.007559831120602114,-0.7848207026180125,0.17269388524144552,1.4548057961927168,1.263812080981773,-1.2851844898232538,0.5954383064766764,0.012804842605544792,0.20179139169817292,-0.8036612908751883,-0.7105613285614767,-1.0622544948769042,-0.8793552956620708,-0.8377153198147269,-0.2233527107470814,-1.5241547677521787,-1.378017789531564,-0.6418381130257917,0
0.31330724230314594,1.0575118175772313,1.4383931084795292,-0.13478617003801185,1,0,0,1,0,0,-0.29363875058271866,-0.21230762494732502,-0.579210432367824,0.18771878258029903,-0.45244945737500475,-0.3083524587756323,1.3743629556315196,1.31394878091037,-1.0999622984826973,0.5334461874571376,-0.8268217245651464,0.12599165405696833,0.9848170399278265,1.1579992348815504,1.2263905135619029,-1.263613672159129,0.47267883024999635,-0.5977310833323122,-0.958568853809468,1.122534507594003,-0.7540259543045972,-0.5748648431601231,0.23387543289903306,-0.2519511473689543,0.4913406723677982,-1.122534507594003,0.9585688538094672,1.4129183636297125,1.5417059985633763,0.855014590045561,-0.0052107597040024186,0.18851042614798086,0.8886600828192224,0.02452383803125581,0.5664865349208381,0.7598912632898273,-0.859173275299045,-0.7864379342253526,-0.9618991143638861,-0.7107937678977266,-0.7530997473783346,-0.28679906978068154,-1.5241547677521787,-1.32234860141757,-0.5799798072721716,0
-1.7170134839186342,1.0575118175772313,1.7280720791585935,-0.13478617003801185,1,0,0,1,0,0,-0.571255364673633,0.19181546951116127,-0.579210432367824,0.18771878258029903,0.019323087288634033,0.002446464320782188,1.009282314213731,1.3961677160739585,-0.40528191810397485,0.8006885726202713,0.16558633955904348,1.5366097497658833,0.5533177947212495,0.724023433389763,1.2541242988774326,-0.034944956427339385,0.5688418575390062,0.531513315337245,1.2358039974376995,0.8700970699576539,-0.6799959428346767,-0.6599298146407966,0.518917647942035,-0.5176247569325618,0.30364895057669916,-0.8700970699576539,-1.2358039974377002,1.5243284181199328,2.367247731240644,2.510779500370215,2.100830820925778,2.3049771753446504,1.9283248784308402,1.4925896140337656,0.8986955503100138,2.4341908780647894,-0.8036612908751883,-0.8623145398892288,-0.989268763594709,-0.6070635969658218,-0.7530997473783346,-0.5088613263982832,-1.3595243465075295,-1.211010225189582,-0.7036964187794109,1
1.6497208848795075,-1.2615871198543382,-1.168717627632051,0.7452016145364414,1,0,0,0,1,0,-0.09173575851659908,-0.3594200607717812,1.339766780238916,-0.6212334329865424,0.6930282978503729,0.20368317711702177,0.26118002582495353,-1.8930604279713577,-1.192583325174474,-0.07823683419909828,0.9177722149520682,-1.635705959938179,-1.068849296405628,-0.8733653518682307,-1.1289761891789758,0.35356672601162364,-0.2684371418949088,0.35245381468092607,-1.530099152568539,-0.7133741297612541,-1.2358335527730588,1.4673012846800164,1.985601819088008,-0.16048475923978445,-0.8490462777502336,0.7133741297612541,1.5300991525685383,-0.5089050763265954,-0.6347222057676005,2.2469488278459564,2.1395923224097615,1.8953384496936814,1.865314890818015,-0.709509049969999,-0.04256332662598434,2.806257459125893,-1.3032691506898992,0.5793409677244183,-1.5366617482111748,-0.4903671546674297,-0.5161761445564365,-3.0784388672590977,-0.20711139779498602,-0.5429799678216537,-1.6934293108373202,1
1.341317736592655,-0.05050211919562982,0.27967722576327125,-0.4281154315628296,1,0,0,0,1,0,1.1827768789007806,-0.6088715823871633,4.33337123190543,-0.7496936560593885,0.6016741155205885,0.11111428923075156,0.24924172742922301,1.4038871232041514,-0.9608542068128161,0.9622232021692252,0.2610580910228,-0.19298649636604415,-0.23206001316195307,-0.5537564015617713,1.8024421842664464,-1.0741135577805485,-0.39523432903044636,-0.9109755494901405,-0.46991781074089073,0.20284819963585052,-0.8998835609345671,-0.12123212250492223,0.23413935106675987,-1.6918090637514391,-1.2287786209750349,-0.20284819963585052,0.46991781074089,-0.3696425082138195,2.142099985965025,0.8641121994429487,0.11107374474794844,-0.05044549714841698,1.0146800580448727,1.166352774922097,1.6184817503198954,0.6358690696027934,-0.7759052986632599,0.04820472807728505,0.5251851605108457,0.5728670973845897,-0.194636969298146,0.2207718024881207,1.6861384465184783,2.017802685422071,0.7190446135538346,0
0.8530127518051386,-0.7719995663965628,0.5693561964423357,-0.4281154315628296,1,0,0,1,0,0,-0.11697363252486404,-0.347209147126273,4.896271214270073,-0.7595307001685704,1.3488298605621125,0.319953277843738,1.5068173230925987,0.39003091226306574,-1.181238427616851,0.8393765866978099,0.09979345632560416,0.3511255038683819,0.40170931110468183,0.8528369423900889,0.671146652321499,-0.7626126623603462,0.2043036705727637,-0.6318985271523755,-1.3523925657479052,1.8201797897890004,-1.2431215435958891,0.13701031559632704,0.8484403226864469,-0.9313595940766561,-0.7466623033996889,-1.8201797897890004,1.3523925657479046,0.744458036688388,0.5660657690356972,-0.12752722487236504,-0.4961897785011287,-0.3918111018575571,-0.15100471279239655,-0.38327221085833024,0.2896456887631914,0.07776919801113909,-0.8406692804910928,1.33810702436318,3.5115179988073413,3.6156187780537827,2.8120363712749934,1.3628062650929278,0.34165667302051117,1.6837875567381073,4.286206912012551,1
-0.07219669305541997,1.3667250092347738,2.452269505856255,-1.6014324776621007,1,0,0,1,0,0,2.533003138342955,-0.7053959473945141,0.06044863850108935,-0.4134982073867598,-0.8740265250004694,-0.22293865401100615,0.8784573102909173,1.813942029368542,-0.006601167433353221,0.8360271922495764,0.3185666176188846,0.8367095814689128,0.4013254345151929,0.12976174568393192,1.8772659993864869,0.7844811307098832,-0.687209261653483,-0.6368907291375075,0.20841782115995966,0.9344658179137063,-1.0918598666300885,-0.609088494531464,0.7973518983134105,-1.8108437410292568,-1.0359520412928231,-0.9344658179137063,-0.20841782115996035,0.27096530510494976,2.067050737539819,0.5911839175213025,0.9379857764062678,0.5810808715634928,-0.43454965705011084,1.4925896140337656,1.5077454118568363,0.44983577907224165,-1.053465220782544,-0.6346847228976005,-0.25028823436248077,0.1838789563899486,-0.5669454880182719,-0.4771381468814831,0.12214944469431245,0.6817421706862145,-0.023255055489598248,1
0.2619067175886707,-0.1535731830814779,0.5693561964423357,-0.13478617003801185,0,1,0,1,0,0,-0.38197130961164594,-0.1541604171115716,-0.15703544559434116,-0.3214929124832349,0.2676872612875594,0.12989638242506726,-0.3012126904404893,0.2153623299405922,1.80860822788585,-1.1756039344423956,-0.5233675404804947,0.7228975236558493,1.181920040951587,-0.8651939334163438,0.1871337777814403,1.427744704697492,-1.5820187237794443,-1.2176506729917171,-0.317134785289538,1.300476421676128,-0.44564800561307644,-0.10812504600959875,-1.0376822992076853,0.01946238612726972,-0.5083954506484132,-1.300476421676128,0.31713478528953726,-0.5646101035717058,0.7912135143113154,1.7829707485791584,2.423843333292309,1.434494883336343,-0.18250970659880966,1.9819448727012692,2.4490042887928354,1.3800022317249987,-0.6093693453916895,-0.4070549059059717,-0.9618991143638861,-1.2813097080232,-1.1931007240475748,-0.3185222492974822,-0.7833178721512579,-0.26463402725168356,-0.45626319576493324,1
0.18480593051695732,-0.10203765113855341,-1.6032360836506476,-0.8681093238500562,1,0,0,1,0,0,0.3246891626197725,-0.45943325824927705,-0.7199354279589849,0.8849916150252518,-1.4094104234220646,-1.0372765517931222,-0.9472762626641835,-0.021212278427772065,1.5919917394439398,-1.1574359420222693,-0.7442030543292361,-0.4969938973689095,0.747618764247861,-1.305659771015018,-0.2440193655325312,1.1217326414114184,-1.665986896657542,-1.5443627411742007,-0.985984918932127,0.30004743805884815,0.012610843417143257,-0.21533872572932192,-1.0490729147238995,-0.08834280239841254,-0.5402692122485844,-0.3000474380588474,0.9859849189321263,-1.1495128896453646,0.04072103005925432,0.9186978558272787,1.428964795203394,0.5469443110925782,-0.655084613695,0.8401159358104279,1.6184817503198954,0.5118468759157585,0.08453045990652028,-0.1035484832504671,0.33359761589508324,-0.2829068128036209,-0.29617565622181696,0.728342674756924,0.12214944469431245,0.29205785388825667,-0.023255055489598248,0
0.5960101282327613,-0.05050211919562982,-0.4445202009343899,-0.4281154315628296,1,0,0,0,1,0,-0.6343500496942954,0.4563852651638393,4.33337123190543,-0.7496936560593885,2.1174132853285577,0.9303713066589981,0.17199707792943036,-0.5253688906593441,0.3323298602163361,0.8032346495247709,1.0339593048811804,0.6353298677149125,-0.8852271490573205,-0.717894716724362,-0.8512253178663725,0.8285460973637784,-0.40852027855357703,0.32330135935761034,0.5834470145228646,0.28785851885826175,-0.9564780659895349,-0.13165354692105552,0.37830287113762756,-1.490199906334471,-1.0285568835911099,-0.28785851885826175,-0.5834470145228654,-0.5089050763265954,-0.5596729573423944,1.0642596061854894,1.3902032937194106,1.1272658390981163,0.6051151385615076,0.758556726032511,0.5111183656893089,1.13195784435093,-0.859173275299045,-0.02767187758659086,0.31535118307453414,0.4691369264526849,-0.194636969298146,-0.0012904541294803558,1.1922471827845313,1.5167799923961247,0.5953280020465953,1
1.8553229837374106,2.088222456435707,1.0038746524609323,-0.4281154315628296,0,1,0,1,0,0,-0.4703038686405733,-0.02042183908933873,0.27793272259651985,-0.44763853694215583,0.7268528866715787,0.3302387098311013,3.101684183326849,0.49933850824419235,0.47925580703530357,2.2415526138656037,2.2051412639137244,0.3859556286149911,-2.9702454497091413,3.050140735431247,0.3660091065977351,0.661359289806432,1.6779221056055669,1.5175502868647548,1.116988546947158,-0.5814181964513455,-1.2653026761497657,-0.3186978850839357,0.009443561626866851,-1.3643941309994012,-1.385199154082081,0.5814181964513455,-1.1169885469471588,2.4713138812868096,0.11577027848446049,-0.5915053041391644,-0.18609776662925942,0.47867119015075044,-0.844114576533476,-1.1988643086375024,-1.648240234340335,-0.29429738304996345,-1.2200011740541141,-0.4070549059059717,-0.3688900476960481,-0.30883935553659736,-0.8038690908401701,-0.6040308649486834,1.6861384465184783,1.461110804282131,-1.136704559054746,1
1.135715637734753,0.8513696898055362,1.0038746524609323,0.5985369837740325,1,0,0,1,0,0,-0.36935237260751347,-0.16578985867872228,-0.13144908275958464,-0.3429029496620426,0.2731635403268411,0.1374986582418141,-0.1741342899954634,-0.07314841340408386,0.6703781099963622,0.015714226355988497,0.09496807486994678,0.8569353551651523,0.023429612279578613,0.6634763889845392,0.40357957528963356,0.012339431695724025,0.38879830800413334,-0.3805865408552916,-0.13280945780952072,1.300476421676128,0.9050757595068303,0.5046956519894625,-0.9040293953207044,0.36429684079715263,-0.4950318304696687,-1.300476421676128,0.13280945780952,1.3850658500071569,1.2415090048625523,2.319729703025062,1.971625815979166,2.083089532283709,0.7626401075935709,1.0847935651441794,1.2862727349307197,2.0621242970036877,0.44535835866158957,0.04820472807728505,-1.0713777112871794,-1.3072422507561756,-1.1084851516111824,-0.6992004034990842,-0.7833178721512579,-0.26463402725168356,-0.8892713360402683,1
0.2619067175886707,0.7740663918911503,0.5693561964423357,1.478524768348486,0,1,0,1,0,0,-0.38197130961164594,-0.1541604171115716,2.017805395359964,-0.6756265004137836,1.195046540387725,0.4035783118279531,-1.0308802663792755,-0.7001287695211028,0.6481954667682459,-0.8892312391385067,-0.3039626637194201,0.18064385431499566,0.7104218363428931,-0.8261111635159946,-0.5267598827084055,2.025007484722314,-1.271865850270747,-0.5576553930519949,-0.08286747959746427,0.328563629361145,0.6080235639942183,0.4332522214410091,1.1488323134197143,-0.059866369796928214,-0.14927560280010935,-0.328563629361145,0.08286747959746356,-0.5646101035717058,-0.10937746679115769,1.4736520290679587,2.5013663362602756,1.673450806632741,-0.49755964466293656,1.4110304042558486,1.6184817503198954,1.2559800380379649,0.8339422496285867,0.7310941790521709,0.8627441676909999,1.3897421934733356,1.2776739910950803,-0.667477223982284,0.2044646553166367,0.4033962301162448,0.9664778365683122,1
1.6497208848795075,-0.10203765113855341,-1.168717627632051,-0.8681093238500562,1,0,0,1,0,0,-0.09173575851659908,-0.3594200607717812,-0.7199354279589849,0.8849916150252518,-1.1169700503015534,-0.9603594082354485,-0.8102814922195352,-0.502659819092607,1.0524767919937517,-0.3579115512030037,0.33647599937911465,-0.6739588082774296,-0.705571925808598,-1.0353225195509328,-0.9747395761338992,0.3605481595018391,-0.5457210861350519,0.17385754792162844,-1.1598770966922176,0.23115255077283092,0.09223407666763186,-0.28655633282037846,-1.0764549036693016,-0.05761227226565003,-0.2676972215100682,-0.23115255077283092,1.159877096692217,-0.8152827261747027,-0.6347222057676005,1.3371878881071357,1.3514417922354265,1.0248561576853752,1.2352150146897614,-0.5463906304141645,-0.04256332662598434,1.752068812786101,0.22331042096616224,-0.1035484832504671,0.5708012425622179,-0.11434528503927678,-0.1269445113490324,1.2041903675089267,0.2044646553166367,0.3477270420022505,0.2860364732784985,0
-0.4063001036995106,0.2587110724619126,-0.15484123025532542,0.5985369837740325,1,0,0,0,1,0,0.26159447759911014,-0.45071117707391406,-0.4001058925245282,-0.15079126470625479,-0.59215661767578,-0.23009373713265022,-0.11826569258335669,1.2320936125360518,-1.8238531000631535,0.4776433447047074,-0.2760567062984033,-1.7946723427520028,-0.9664173780586487,-1.1328508157241872,1.0060796592230326,0.02495684675588652,-0.5513505625698392,-0.7517506143602662,-2.4354077735786057,-0.032311248161723795,-0.9674798626542838,-0.6832186332293061,2.5183475113874034,-1.1919751235981022,-0.37505092020667685,0.032311248161723795,2.435407773578605,-1.0102503215325889,1.1664597564373458,0.527500651739586,0.459927258103802,0.20557870638343811,0.006520256239666901,-1.2804235184154193,-0.319404172783631,0.6358690696027934,-0.7481493064513315,-0.3311783002420958,1.2732889061533492,2.5956054305567227,1.7684443112261554,-0.9529858396334858,1.1922471827845313,1.2941032399401495,1.0283361423219313,1
-0.4063001036995106,-0.2051087150244015,-0.15484123025532542,0.3052077222492148,1,0,0,1,0,0,0.26159447759911014,-0.45071117707391406,-0.6943490651242283,0.7895144222008392,-1.2626577061201858,-0.9567818666746264,-1.164520049648601,1.0856250414682045,-0.9528325613157077,-1.447091090369898,-1.8752947827805617,-3.104265695394327,-0.10878018864591163,-1.1138001130067468,1.0089800028923255,-0.03827028759966708,-0.9314393712093347,-1.113365537179207,-2.147135912362407,-2.1043449091221773,0.5063975271875756,-0.47928042220200534,1.26409608313313,1.0313273683514623,1.3509903139490151,2.1043449091221778,2.147135912362407,-1.0102503215325889,1.0914105080121401,0.35464607318920965,0.279040251178545,-0.11871861809024475,-0.11949971898598452,-0.8726274695258333,0.12354118106860354,0.44983577907224165,0.8616982418405155,-0.1035484832504671,1.2915353389738984,1.8565279626669051,2.276137745844509,0.12560226393772106,1.933084078385452,0.848749735028197,1.5850608941045057,0
-0.09789695541265715,-0.2051087150244015,-0.8790386569529866,0.3052077222492148,1,0,0,1,0,0,-0.6974447347149578,0.8866746031484146,-0.6943490651242283,0.7895144222008392,0.09866791162471487,0.07176133206170916,-0.26344393814551914,0.06997796700348871,-1.6789485783359384,-0.7428903713596575,-0.9287890111247754,-1.31115927325409,0.1661854077108297,0.16303135637983043,-0.24651528509832016,-1.0187393330288612,0.0025484746148475715,0.043358528319389696,0.3186972389638403,-2.1043449091221773,0.5292242192826995,-0.34300055683373387,1.271444168848285,1.006123988220268,1.249802366651301,2.1043449091221778,-0.3186972389638417,0.32667033235006016,-0.03432821836595151,0.6730624020977969,-0.0052107597040024186,7.593435579547688e-4,1.518759958947476,0.6769975162545934,0.5664865349208381,0.5118468759157585,0.8894542340524437,0.04820472807728505,1.3006585553841723,1.8694942340333933,2.276137745844509,0.030432725387320277,1.933084078385452,0.848749735028197,1.5232025883508855,0
-1.3315095485600683,1.830544796721088,-2.327433510348309,0.3052077222492148,0,1,0,1,0,0,0.4130217216486998,-0.47106269981642773,0.39307135535292426,-0.46615532585355707,-0.017983050596868555,-0.002025462630245358,-0.2539312951740189,-1.0718973837034296,0.5086425341062221,-0.7210472693643482,-0.3721534653795369,0.47496594741188114,1.0172011110976589,-1.305659771015018,-0.8204962716956316,0.36560250533125127,-1.8594727974068646,-1.720335646112807,-0.16027754582615011,0.8067582219688989,-0.9515022117658188,0.6492576453446445,-0.32793612446225867,-0.8697330528207037,-1.195755190696545,-0.8067582219688989,0.16027754582614942,-1.1495128896453646,-0.5596729573423944,0.9186978558272787,0.9896677783849125,0.08610074473523979,0.006520256239666901,2.3897409215908554,2.7812133041820113,0.6978801664463103,-0.9979532363586869,0.27583454506891375,-0.7976812189789466,-0.8274902101961188,-1.0746389226366257,-0.794369942049485,-0.12479618717266176,0.29205785388825667,-1.0129879475475077,1
-1.8198145333475857,-1.596568077483343,3.6109853885725127,0.3052077222492148,1,0,0,1,0,0,1.43515561898343,-0.6321304655214648,0.41865771818768077,-0.4667339755070384,-0.398226511328222,-0.12545064647860563,1.3609327361316186,0.07137960558034574,1.145256920504989,0.9908189163906052,1.341325250439618,2.2274643249518085,-0.768184786745948,1.9668630465946024,0.3847402089449976,-0.21839358259532812,1.4277543498252856,1.6332112588304009,2.029321470356665,1.0253393444399002,0.07285628294990935,0.28745354658084504,-1.7850690653757573,0.0772043393944583,-0.14927560280010935,-1.0253393444399008,-2.0293214703566655,2.5429346306019514,0.8877054051437235,1.4333626160223831,1.078265496062589,1.6978340641119656,1.8698156042189318,-0.33666694812809167,-1.0945585420250417,1.557176794135048,0.27882240539001907,0.5793409677244183,0.8627441676909999,-0.2958730841701091,-0.24540631275998087,2.187608932529733,-0.5363722402842841,-0.09762646290970158,1.0283361423219313,1
0.544609603518286,0.2587110724619126,-0.4445202009343899,-0.4281154315628296,0,1,0,0,1,0,-0.1295925695289965,-0.3425573704994127,0.17558727125749374,-0.43085769699119847,0.2316684530153248,0.06952536858619539,0.29029480063903773,-0.43749620273915624,-0.19454441562317704,-0.3574745818947518,-0.160234757817017,0.406640185456847,0.45752749951057087,-0.7052740815238604,0.1820024747049426,0.037673229708318386,-1.067689452625171,-0.8235202339373942,0.2507965989744553,0.3058716999428703,-1.1083635391151747,0.7828033519536259,0.3038066960978239,-0.5757774868200348,-0.5956941904182355,-0.3058716999428703,-0.25079659897445594,-0.6203151308168162,0.26586877533487285,0.2909628074074919,0.26611975068388355,-0.18699173903207253,0.16404522527173035,1.0032343553662626,0.954063719541543,-0.17027518936292965,-0.9424412519348303,1.1104772073715516,0.8992370333320981,0.9359226956462544,0.6176725260912207,0.15732544345452057,0.6983559190505837,0.9600881112561845,0.904619530814692,0
-0.4577006284139859,1.3924927752062353,-0.4445202009343899,0.5985369837740325,1,0,0,1,0,0,-0.05387894750420167,-0.3832604159844401,0.2267599969270068,-0.4378014928329739,0.1963975728950433,0.043588192270235616,-0.5948009055919476,0.1521044177059103,-0.5026393163971284,0.22400778090744078,-0.07708057628589825,1.0689414081112527,0.5495248109078094,0.3753018056188653,0.6348253296474902,0.04073690476624316,0.7186039492186075,0.26143619363700005,1.0066075265840329,0.45956749966015986,1.2020822804131306,0.42718599250134653,0.7280614446696062,0.4099353148263397,0.35545008292757785,-0.45956749966015986,-1.0066075265840335,0.605195468575612,0.9413120111617277,0.8823074182377254,0.7700192699756713,1.0589927181562884,0.25856020669096863,1.0847935651441794,0.6218547041523672,0.6358690696027934,0.6674062963570164,-0.02767187758659086,-1.1078705769282764,-0.62002986833231,-0.4315605721200442,-1.3336639938350878,-0.9479482933959068,-0.8769950965056176,-1.0129879475475077,1
1.0843151130202777,-0.46278637473902035,2.452269505856255,-2.041426369949327,1,0,0,1,0,0,0.097548296545388,-0.42163757315603734,0.23955317834438508,-0.44185204040734294,0.08762736507083843,0.01720382325917309,2.3425976825894486,0.4165608259946067,-0.20642007554154582,1.534362341590002,1.5291513349463728,1.2606524344171333,-0.970114019984037,2.095387773740511,1.1673078890521325,-0.03340510692368368,0.866899399832799,1.1836633510394918,1.1393967240133565,0.5893397650429548,-1.1637523284705473,0.5976406114308658,0.24861424749668737,-1.2132219293064574,-0.8323547461799121,-0.5893397650429548,-1.1393967240133573,1.8028535543454847,0.9413120111617277,-0.2912841940253525,-0.26362076959722697,0.08610074473523979,0.29006520049738066,-0.22015379130249568,-0.7069813574043363,-0.10826409251941274,-0.9701972441467586,1.0346006017076752,1.1911799584608802,1.1563493088765513,0.5161338391675497,0.6966194952401235,0.8629863402952329,1.3497724280541432,1.275769365336409,0
1.6497208848795075,0.18140777454752677,-1.168717627632051,-1.6014324776621007,1,0,0,1,0,0,-0.14221150653312897,-0.3390685380292675,0.27793272259651985,-0.44879583624911845,0.3055309157970055,0.0860714983049973,0.14421163085997604,-0.6867447741532379,-0.24549343055212963,0.5027738707553355,0.9508743140863305,0.0957737376101391,-1.0348253110361108,-1.0286300946522304,-1.1313688340736492,0.41830162052185726,-0.6257240441337514,-0.10167319537942338,-1.0001237438140784,1.122534507594003,-1.2283248538089317,-0.1908017070808796,0.7559505314133383,-1.2996723142071893,-1.3354472645054931,-1.122534507594003,1.0001237438140778,-0.8431352397972577,-0.8598699510432187,1.0460643873907127,1.1317932838261862,0.785900234388976,0.7311351137871589,-0.30171300108041293,0.17890935030013266,1.3800022317249987,-1.0812212129944723,0.04820472807728505,0.7532655707677065,1.0655854093111348,0.39767203775660004,-0.5405845059150832,0.4514102871836102,1.2384340518261547,0.47161139053935697,1
0.6731109153044746,-1.9315490351123477,-1.6032360836506476,0.3052077222492148,1,0,0,1,0,0,1.2080147529090457,-0.6088715823871633,0.3035190854312764,-0.4551609824374126,-0.3909526565730042,-0.11650679257655054,-0.057095852658307196,0.420318220069861,-0.9548608274235686,-0.3850731757022108,-0.827372794466985,-0.7574400330112054,0.46099104611108904,-0.4326455779783393,-0.02732885982832374,-0.6470276066012401,-0.8457828017628185,-0.9252643771919562,-1.2817794809441767,0.23819541748766765,-0.3529011908200737,-0.6042773997202173,0.6551263935853496,-0.318454730679475,0.17228457795832566,-0.23819541748766765,1.281779480944176,-0.3696425082138195,0.04072103005925432,0.21818193222838655,-0.1602567656399366,-0.47715250303484213,0.4475901695294441,-0.05703537174666111,0.6772228733838963,0.20179139169817292,-0.16218947086617663,-0.34803976816740156,0.8657852398277566,1.1088063138660953,0.8940833960501021,0.41111087958892223,0.34165667302051117,0.5085491409982337,1.1245601734942279,1
0.544609603518286,0.6967630939767645,-0.8790386569529866,0.3052077222492148,1,0,0,1,0,0,0.7411140837561441,-0.5425837654544045,5.407998470965204,-0.7658958463568646,0.8879669543160866,0.17461565193534273,-0.1901360058376531,-2.0649902989226048,0.5902178697566608,-0.396334504780667,0.9785106919012792,-0.14792031096022162,-1.2241569776535466,-0.989088743873129,0.02894460593310225,-0.154271625196509,-2.068035277755914,-1.33832962678847,-0.6045440128777345,0.3978337296906128,-0.7238970742600235,2.8632600616134543,-0.9618757057967096,-1.515206034415218,-2.5787302188103345,-0.3978337296906128,0.6045440128777338,-0.9545452942874786,-0.03432821836595151,-0.17301527185930607,-0.22485926811324272,-1.0062691903340089,0.2270552128845555,0.758556726032511,1.2309045656991897,-0.17027518936292965,-0.6926373220274746,2.6280093206490753,-0.058700689746716966,-0.5422322401333817,-1.057715808149347,-0.667477223982284,1.933084078385452,2.4631561903340238,-0.5799798072721716,0
-0.4063001036995106,-0.9523739281967958,-0.15484123025532542,-0.4281154315628296,1,0,0,1,0,0,0.009215737516460692,-0.4018675224918812,-0.054689994255315046,-0.3799365274848451,-0.05182213119055074,-0.015441243483327998,-0.8597434401329803,2.051937577434202,-0.058243357848315906,-0.7627513148467189,-0.9496974379745625,-1.1720206047087658,0.1307371235602855,-1.0525549588213037,1.4916408055058472,0.0665694560499603,-0.9457102012382943,-1.1965284477675049,-1.8749635333848382,0.2610696854503818,0.14379366900327423,-1.322055707082664,0.14651650473902939,0.09267777077028456,0.06647603783584671,-0.2610696854503818,1.8749635333848376,-0.9545452942874786,1.5417059985633763,0.3182556355996563,0.3048812521678669,-0.10165033785478751,-0.30852968182446,-0.709509049969999,0.17890935030013266,0.2638024885416898,0.3620903820258042,-1.0899443568808573,0.8992370333320981,0.8451587960808378,0.8376730144258402,0.47455723862252236,0.28677986593896093,0.45906541823023866,1.2139110595827887,1
-1.8198145333475857,0.2587110724619126,3.6109853885725127,-0.4281154315628296,1,0,0,0,1,0,1.43515561898343,-0.6321304655214648,0.17558727125749374,-0.43085769699119847,-0.5369393528380891,-0.15317659357497643,2.349449478584577,-0.09633567014093301,-0.37312473912653205,1.6895821076668378,1.8754968621038544,1.5121296620886806,-1.7805249368188443,2.134518517590589,0.22794212299175076,-0.18292274714765927,1.3248266915538103,1.622363252345711,2.0749381165271403,0.004466147444651183,-1.1341809394014744,0.3605711455002386,0.32625429825781027,-0.968840955614556,-0.8543158264728666,-0.004466147444651183,-2.0749381165271408,2.513092651720642,0.5660657690356972,1.0142227544998546,0.7506385192336795,1.3107498516292795,1.5660174496570947,-0.3221028035248922,-1.0945585420250417,1.1474606185618093,-0.8869292675109735,0.9587239960437993,1.6747104282054248,1.62313507807012,1.0407503882731821,0.6966194952401235,1.5215080252738291,1.6837875567381073,1.275769365336409,0
0.15910566815972013,0.6709953280053031,0.27967722576327125,-1.6014324776621007,1,0,0,1,0,0,-0.4576849316364408,-0.03495864104827709,1.2118349660651333,-0.6032952937286225,1.0988179331184689,0.43935372743617346,0.7075487149463442,-0.57061054364943,0.7088597881682077,1.4306715662484486,1.9351145160278065,1.471657709906544,-1.22156036848117,0.6632488312379571,-0.8160634199493844,0.33321419940978164,1.0235941174290815,1.489764267606356,0.6912331826893902,1.3216089381505973,-0.3211532944279624,-0.03433354093025941,-0.6341869420174695,-0.9177665817068802,-1.0612787967058714,-1.3216089381505973,-0.6912331826893908,0.24311279148239442,-1.009968447893631,-1.110069039790291,-0.7933612898783374,-0.3918111018575571,-0.49755964466293656,-0.8726274695258333,-1.2052948804881005,-0.728375060954584,-0.3040534310604773,-0.02767187758659086,0.023408257945752128,-0.30883935553659736,-0.6346379459673855,0.1890486229713212,-0.04248097655033679,0.7374113588002092,0.10046155601764112,1
-0.4063001036995106,2.9385587334939482,-0.15484123025532542,3.2385003374973924,1,0,0,1,0,0,0.009215737516460692,-0.4018675224918812,-0.6047967952025805,0.27451623060249236,-0.8071309562981465,-0.5212161816445435,-3.651079216122302,-0.24522388934157485,-0.16169583233238546,-2.199462859987513,-2.5740495346575765,-2.53417199421223,0.982032457067085,-1.0304016267194058,1.719893867655357,0.09105492708962641,-0.7510467025064996,-1.1800127581786177,-1.9141354642611406,-1.5578921029446737,4.047349362574661,2.0595294047646706,0.312545040062202,2.2266073724681257,2.1943376741003973,1.5578921029446737,1.91413546426114,-0.9823978079100336,1.5417059985633763,-0.09113678728281299,-0.031051760693324323,-0.32353798091572933,-0.7180946013078251,-0.9541866793037505,-0.1532996650890431,-0.29429738304996345,5.052853065841702,2.9315157433045793,1.7294497266670708,1.6620338921695847,2.682292493539192,1.4262526241265279,0.12214944469431245,-0.5429799678216537,2.3273605631479377,1
0.15910566815972013,0.6709953280053031,0.27967722576327125,-0.4281154315628296,1,0,0,1,0,0,-0.4576849316364408,-0.03495864104827709,0.4570372624398156,-0.4788856182301454,0.8007057032305716,0.34320729798908123,1.00918842836304,-0.2571453039335655,0.8863141014632688,1.0796232885661279,1.4745037228321682,0.7198977337436845,-1.107358888219034,0.6843319896609859,-0.9837655872425096,0.3618249011058698,0.9595041559006012,1.1811281093338808,0.7686432489180746,0.21952363131345246,-0.7195246151776337,-0.6325747696359438,-0.8480219370474879,-0.5070735150705379,-0.7637853440926854,-0.21952363131345246,-0.7686432489180752,0.35452284597261524,-1.0850176963188372,-0.8280431484712572,-0.5349512799851129,-0.15285517856115927,-0.5290646384693491,-0.46483142063624716,-0.8177176958673952,-0.4803306735805153,-0.6093693453916895,-0.482931511569848,0.44307621281837667,-0.08841274230630035,-0.2792525417345383,0.6966194952401235,0.6983559190505837,0.9044189231421907,0.10046155601764112,0
-0.4063001036995106,0.6709953280053031,-0.15484123025532542,-0.4281154315628296,1,0,0,1,0,0,0.009215737516460692,-0.4018675224918812,0.4570372624398156,-0.4788856182301454,0.2717831421120569,0.06102870737924305,-0.2373737856333523,1.309762359346763,1.0388728835662597,-0.087182318777232,-0.16916595533359488,-0.8248388316624345,-0.2566133402164376,-0.9903416168954904,1.0185045436842601,0.755061315147887,-0.47535263070022254,-0.6710068033761386,-1.2315329784747313,0.0964376253461319,-0.659463647520837,-0.777374449205711,-0.6614102303947015,-0.3535738434301853,-0.43518351562020857,-0.0964376253461319,1.2315329784747306,-1.038102835155144,0.5660657690356972,-0.8280431484712572,-0.354064273059855,-0.5112890635057554,-1.442709458855317,-0.8726274695258333,-0.4301405112466897,-1.0384305451721696,-0.6648813298155464,-0.7864379342253526,-0.25028823436248077,-0.5422322401333817,-0.6346379459673855,0.2207718024881207,0.12214944469431245,0.18071947766026855,-0.45626319576493324,1
-0.7918040390580765,-1.7254069073406524,-0.15484123025532542,1.7718540298733036,1,0,0,1,0,0,-0.7353015457273552,1.1628738403682435,-0.630383158037337,0.2860892236721181,0.5225168612548611,0.6732355069749141,-0.5497809746778537,-0.9156268154678079,-0.3156872918485718,-0.5113673388012085,-0.5224200776415058,-1.031498182275485,0.410900016987272,-0.025338356400409028,0.18812061133067012,-0.43115378046899716,0.0015754297775190185,-0.07086286630305097,-0.16027754582615011,-1.2478791760798724,0.7391660412798289,1.4451816380447198,-0.0017128655153872828,0.6923864532501118,0.6099878903541839,1.2478791760798724,0.16027754582614942,0.35452284597261524,0.7161642658861095,1.5646281230418408,1.0542702808582185,1.0077878774499178,1.487254965141063,0.6769975162545934,0.8433273810784847,1.752068812786101,1.5833540393506536,2.7038859263129513,2.669141016925337,2.2584823750280347,2.4961382341791287,1.9972698554289314,1.1099319721622063,0.514734606344233,2.512935480408796,1
0.05630461873076867,1.109047349520155,-0.15484123025532542,0.5985369837740325,1,0,0,1,0,0,0.8294466427850714,-0.5577020394917004,-0.34893316685501513,-0.19245403975690759,-0.7972318651325021,-0.2801793189841587,0.1279385977709347,0.8399955846458033,-1.048894775782942,-0.024798290947407473,-0.2087712991487567,1.5364990028557008,1.062987962436721,-0.5070937241326038,-0.3213719199665354,-0.7968991568800193,-0.8725169639171444,-0.8592132513791185,0.6109019818860374,1.4897162350650546,-0.6845838088214695,-1.474863636012241,0.633067496675567,-0.8316719945453885,-0.5674415940127312,-1.4897162350650546,-0.6109019818860381,-0.2582324537235989,0.04072103005925432,1.2007237471463126,0.5374502610717695,0.13730558544161034,1.424244977528238,2.2266225020350205,2.0060589349406004,0.7598912632898273,-0.7481493064513315,-1.4693273852002382,-0.6243401071837319,-0.23104172733766892,-0.5330992590437151,-0.8895394805998851,-0.7010026615289333,-0.04195727479570725,-0.2706882785040748,1
1.7525219343084582,0.8513696898055362,0.5693561964423357,0.5985369837740325,1,0,0,1,0,0,-0.25578193957032125,-0.28615457889873186,-0.13144908275958464,-0.3429029496620426,0.12984114427084567,0.04492977035554388,-0.6297918790114087,-1.2664847840443718,0.7227869492649859,-0.10422445023075504,0.45703520791825786,1.2412570435871733,-0.3610259148342413,-0.1639215486391874,-1.055464580709059,0.06387838886163605,0.3910589768411152,0.24689173616553206,-0.2094031647789695,1.9006100729493272,0.7119524586279606,0.6809488651951539,-0.9238823527537608,0.5285678955885227,-0.3531264272456541,-1.9006100729493265,0.2094031647789688,-0.3696425082138195,-1.1600669447440433,-0.9099216330477515,-0.7416792878996918,-0.5624939042121272,-0.7495995951142377,-0.9541866793037505,-0.983822203561983,-0.9144083514851348,0.3620903820258042,0.27583454506891375,-0.8615437338508666,-1.1516469943583196,-0.9054077777638412,-0.5088613263982832,-1.1125787146405561,-0.3759724034796717,-0.5181215015185524,0
0.7502117023761872,-0.2051087150244015,0.5693561964423357,0.3052077222492148,0,1,0,1,0,0,-0.40720918361991093,-0.09717615343253325,-0.7071422465416066,0.8820983667578454,-0.6968652727076148,-0.7564395392685924,-0.49015706828127936,-0.37224897335279783,-0.23771903773093597,-0.786691118371093,-0.9027453009176485,-0.8846989223261131,0.4146475307222086,0.051118492932979216,-0.4121069183756883,1.1985673750070431,-0.2407142071683471,-0.2027266844587685,0.4073962731842086,-1.6106744762686374,0.7326523310189275,0.09808373411803792,1.5294145106981754,0.8240808605339489,0.975689954188559,1.6106744762686374,-0.40739627318420935,0.29881781872750485,-0.10937746679115769,1.0096739498011607,1.5581698001500064,1.3662217623945152,-0.5290646384693491,1.247911984700014,1.1201682272361313,1.1939689411944467,1.0837461795359422,0.5034643620605421,1.2185496076917033,1.947291862232321,2.2592146313572306,-0.44541496736468245,1.3568776040291806,0.5704037944582268,1.3376276710900281,0
-0.9203053508442651,1.7532414988067013,-0.15484123025532542,-1.161438585374874,1,0,0,1,0,0,-0.6217311126901629,0.4220784125407448,-0.438485436776663,-0.07556680975368728,0.4253314556231856,0.3830074478532264,0.8682921002629134,0.927146454543338,-0.8338050290257585,0.16496918865798413,-0.6613733518057798,0.2629261428831595,0.6259498533325921,0.8163153100743514,0.38235928832169097,-0.9098427272496344,0.8654383609104889,0.10593268429658406,-0.5566704711695901,0.9106988955914741,-0.3917286625124873,-0.889498464137128,0.22553521132426727,0.6352911332400446,0.9632403968371754,-0.9106988955914734,0.5566704711695893,0.605195468575612,0.19081952690966666,-0.4277483349861756,-0.806281790372998,-0.4600842227993849,0.006520256239666901,-0.7910682597479163,-0.6516131881728072,-0.6043528672675491,-0.3318094232724056,-0.7864379342253526,0.21499580256151593,0.30057539868834077,0.549980068142106,0.41111087958892223,-1.1948939252628807,-0.9883334727336057,0.6571863078002155,0
0.2619067175886707,1.7274737328352407,0.5693561964423357,0.3052077222492148,0,1,0,0,1,0,0.08492935954125552,-0.41873021276424965,-0.3617263482723934,-0.191296740449945,-0.4239724748861384,-0.17419465024480588,-0.14413658415802924,-0.5015575422123066,1.0375831592758664,-0.30374002981278403,0.2091897651984568,0.04031027301411186,0.12302312971742313,-1.0706592963343184,-0.6387339635956988,2.6720538978871726,-1.3281604734837005,-0.6511032640156723,0.06512235289855199,-0.009609152108407288,-0.8693647247583376,0.04853380407421083,1.266745537509361,-0.9066480055852538,-0.907632550372458,0.009609152108406583,-0.0651223528985527,-0.8152827261747027,-0.18442671521636386,1.6737994358104995,3.1086298595093536,2.1684309334609937,-1.0961545269847772,1.6557080335896,1.784586258014483,1.1939689411944467,-0.9424412519348303,-0.2553016945782196,-0.8889133830816909,-0.17917664187171697,-0.5161761445564365,-1.7777885070702906,0.12214944469431245,0.1250502895462747,-1.2604211705619852,1
0.05630461873076867,-0.1535731830814779,-0.15484123025532542,0.3052077222492148,1,0,0,1,0,0,0.8294466427850714,-0.5577020394917004,0.5337963509440852,-0.5037675533298408,-0.1373297978372336,-0.039589649018876745,-1.1296069643745577,-0.9388690327746813,-0.17842817438842437,-0.9096024490165308,-0.894573213426352,0.41058428930843394,1.4409284161750628,-0.4244668950226596,-0.5591065824450179,-0.3888608871563482,-0.6175256324971236,-0.6732277788603309,0.7755411756117203,-0.20918429502488586,1.146623661479436,0.7285265114264499,-0.146850398222933,0.6164863795220068,0.5057130971382551,0.20918429502488586,-0.775541175611721,-0.20252742647848845,-0.25947596364157,1.0278691685959374,0.6408142650290589,0.3421249482670949,0.8886600828192224,2.063504082479186,1.7292180887829538,0.6358690696027934,1.3890620938671545,1.0346006017076752,0.853620951280726,0.6376984542170299,0.8715192434003977,0.7917890337905242,-0.04248097655033679,-0.15329565102369538,1.0283361423219313,0
-0.09789695541265715,0.8513696898055362,-0.8790386569529866,0.5985369837740325,1,0,0,1,0,0,-0.6974447347149578,0.9477291713759558,-0.13144908275958464,-0.3429029496620426,1.0716686356097547,0.9938726693635893,-0.468732657456411,-0.7338803228510323,-0.1884531581647956,-0.38991252227586237,-0.004544146441831504,1.1616325516271646,0.2261628906810956,0.19770037663470935,-0.08955974605609435,-0.9350869301508876,0.06896385349831534,0.04044555816081084,-0.2682155254971324,1.850341145974121,0.8493240573120789,0.9175547869088886,-0.682050404932432,0.5951300391490458,0.045394828383230945,-1.850341145974121,0.2682155254971317,0.35452284597261524,0.11577027848446049,0.6457695739056325,0.020630241285320403,0.0519641842643253,1.3612349899154128,-0.05703537174666111,0.06817301183707392,0.6978801664463103,0.5008703430854462,0.5034643620605421,-0.7885580025686714,-0.9830854665939747,-0.7192535184037778,-0.3502454288142823,-1.3595243465075295,-0.7656567202776299,-0.5181215015185524,1
0.2619067175886707,1.7532414988067013,0.5693561964423357,-1.161438585374874,0,1,0,1,0,0,0.08492935954125552,-0.41873021276424965,-0.438485436776663,-0.07556680975368728,-0.5339403628789894,-0.26363318926535684,-0.512331353109611,0.18637389676202346,1.6963048692702751,-1.534617445409029,-1.2614490439798378,0.6937613702187574,1.7089414248677064,-1.111402359538127,-0.6875187925882296,2.6625286540014264,-1.2242949053489303,-0.5294560909710337,0.07674090437920666,0.8700970699576539,-0.3980909243690826,-0.9445452559875385,0.35667894114493515,0.8591792926983922,1.1230347152910218,-0.8700970699576539,-0.07674090437920737,-0.8709877534198129,-0.25947596364157,1.5919209512340051,3.0181863560467246,2.1513626532255365,-1.0961545269847772,1.4110304042558486,1.5077454118568363,1.13195784435093,-0.3595654154843339,-0.8623145398892288,0.10551720563822252,0.2746428559553643,0.6176725260912207,0.1890486229713212,-1.3595243465075295,-1.211010225189582,0.6571863078002155,1
1.0586148506630406,1.2636539453489257,-0.15484123025532542,1.478524768348486,1,0,0,1,0,0,-0.596493238681898,0.27322156048121604,-0.6943490651242283,0.8039806635378715,-0.26110932582665763,-0.41120677864926586,-1.5883327283663222,-0.7187511305607248,0.9856453131628452,-1.5869879603959758,-0.8021005472729971,-1.128627068699668,0.17523441122878414,-0.8791599666676746,-0.6922241800234475,0.5970985351148085,-0.38427841293612025,0.19885617167201156,-0.6392523306161391,-0.90531003275748545,1.330169043230551,0.2930534956838416,-0.7473837185798818,1.7628744543409745,1.2369143425275726,0.90531003275748545,0.6392523306161384,-0.9545452942874786,-0.8598699510432187,-0.8917264142529749,-0.4832692780064673,-0.596630464683041,-0.6865896075014126,-1.2804235184154193,-1.2052948804881005,-0.6043528672675491,0.8894542340524437,-0.02767187758659086,-0.8159276517994943,-1.0349505520599276,-0.38079122865820925,-0.0012904541294803558,-1.0302635040182315,-1.4336869776455579,-0.6418381130257917,0
0.46750881644657266,-1.6223358434548052,1.7280720791585935,0.3052077222492148,1,0,0,1,0,0,-0.7479204827314877,1.2006695254614832,-0.08027635709007157,-0.3764646295639574,1.4138461840069334,1.2143386680492474,1.4445785136768314,-0.3587206927614974,-0.8363353448628605,1.3267479974377436,1.1067423421617528,-0.09206275010904377,-1.2416376250337602,1.7228657327802992,-0.6816744789602318,-0.513749833483145,1.2872096340007473,0.8550180709268117,0.06048449490010199,-0.18555039652161812,-0.287254447921298,-0.19053112008526027,0.6270293970219368,-0.5159759111445049,-0.6040605180884834,0.18555039652161812,-0.0604844949001027,2.3320513131740337,-0.25947596364157,1.5646281230418408,1.002588278879574,1.5539728449845414,1.550264952753888,0.5954383064766764,0.6218547041523672,2.3721797812212735,-0.27629743884854874,-0.17942508891434333,0.0051618251252043045,0.3265079414213163,0.09305597698558829,-0.7626467625326843,1.0276167615398821,1.0157572993701793,-0.332546584257695,1
-0.14929748012713334,-0.7977673323680251,0.27967722576327125,-0.13478617003801185,1,0,0,1,0,0,0.5392110916900246,-0.5088583849096675,-0.7583149722111197,1.159850200428864,-1.7306582577563592,-1.287704461050665,0.9538748261164439,0.4791605792528448,0.39208393124284685,0.2834706257929132,0.3472048564164866,0.49381497014489834,-0.28531267288789985,1.219098550316436,0.5879857872388207,-0.1264068264406745,0.48366889051159917,0.473987161762122,0.7547787594442794,-0.07507566165750797,-0.10827725832662612,-0.06863167855840126,-0.6630185388434287,0.09664726498964914,0.011372891311093472,0.07507566165750797,-0.7547787594442801,1.3850658500071569,0.7912135143113154,0.6275743551108558,0.459927258103802,0.6493539925053206,0.6681251261743327,0.18764225758709038,-0.1532996650890431,0.5118468759157585,0.25106641317809053,0.4275877563966659,1.5469853984615822,0.8970238815467907,0.8884423578876751,1.7434844192945298,0.8629863402952329,0.9044189231421907,1.8324941171189824,1
0.46750881644657266,1.3667250092347738,1.7280720791585935,0.3052077222492148,1,0,0,1,0,0,-0.7479204827314877,1.2006695254614832,-0.68155588370685,0.7692616843289941,0.44498297934688336,0.32889713174579305,0.6666572040118804,0.04693572950077547,-0.0940340548564697,-0.18483582902265774,-0.3536316711534401,0.7604846186847589,1.0774603061096806,1.957151186612043,-0.6208130060066055,-0.2196257862663507,1.3409501435421762,1.0995300370751284,-0.02757457514840374,1.0645584453617318,1.0285593348395303,-0.686337602793829,-0.092155031419319,1.5793644884836542,1.5332155669988565,-1.0645584453617318,0.027574575148402326,2.6105764493995856,-0.18442671521636386,1.5919209512340051,1.2093162867941527,1.7929287682809403,1.4557499713346498,0.35076067714292497,0.40038202722625016,2.558213071751823,1.194770148383656,-0.482931511569848,0.6620334066649622,0.5080357405521495,1.1592121896841308,0.9186817518577256,-1.853415610241477,-1.7677021063295222,1.275769365336409,0
-0.09789695541265715,-0.1535731830814779,-0.8790386569529866,0.3052077222492148,1,0,0,1,0,0,-0.6974447347149578,0.9477291713759558,0.5337963509440852,-0.5037675533298408,1.498427488119322,1.118192238602155,-1.0054406185373181,-0.5376779764526792,-0.7558194259718197,-0.3683524658467528,-0.7509452749601757,-0.5703451648664642,0.5194874661945835,0.04947314508487247,-0.4613699063724802,-0.6716032658115768,0.16971572571885402,-0.0013126790731387715,0.1590389773671773,-0.9356157016516281,1.4475226388590574,0.27578965259203225,0.3583339624355402,0.6659076256856893,0.9749840600949663,0.9356157016516281,-0.15903897736717798,0.1317027369921738,-0.3345252120667762,0.36374368258659734,-0.05689276168264715,0.017827623793410803,0.7626401075935709,0.18764225758709038,0.12354118106860354,0.44983577907224165,1.3613061016552261,0.27583454506891375,0.05990112358685037,0.2357440418559006,0.49921072468027106,0.15732544345452057,-0.28942660841731066,-0.7099875321636356,0.16231986177126023,1
-0.09789695541265715,1.3667250092347738,-0.8790386569529866,0.3052077222492148,1,0,0,1,0,0,-0.6974447347149578,0.9477291713759558,-0.68155588370685,0.7692616843289941,0.14745149687861508,0.1343683093760948,-0.9206551769860668,0.08294392185893194,-0.49573984136992616,-1.1466905173431103,-1.3297804532466526,0.3390481850707969,1.4577616426936002,-0.053249887594934896,-0.5432705392943931,-0.5507242398865901,0.2021483123234868,-0.0667338580886058,0.06512235289855199,0.39783372969061137,1.226986774570465,-0.6580796359415654,0.12426822109288428,1.749551716772878,1.6636270927694374,-0.39783372969061137,-0.0651223528985527,-0.03541234474315745,-0.4846237089171882,0.09081540066495114,-0.21193876761858224,-0.11871861809024475,0.3530751881102058,-0.05703537174666111,-0.09793149585751397,0.139780294854656,1.4723300705029398,-0.4070549059059717,0.853620951280726,0.7932937106148858,1.5315207084042572,0.8235122133073248,-1.6887851889968277,-1.7677021063295222,1.3994859768436472,0
1.0072143259485644,1.7532414988067013,-0.15484123025532542,-0.4281154315628296,1,0,0,1,0,0,2.2427675872479083,-0.6914406175139333,2.5295326520550945,-0.6970365375925912,0.043048439450770054,0.006918391271809734,0.23989164095635535,0.6753679753908205,-0.24388917506502228,0.4180627772489875,-0.27478499295863024,1.0911537932784157,1.3647252919813617,-1.036313049232335,-0.016537056973071645,0.9453458824469286,-2.5976867331659657,-3.5973799654579732,-2.5386350978867935,4.005991014499024,-1.369046954648587,-0.9435302019220564,1.2833861156994275,-3.1405975385704252,-3.1549074143666607,-4.005991014499025,2.5386350978867935,-1.3166279713806959,-0.9349191994684248,-2.8295172158966624,-2.0918715895917903,-2.6789606534087955,-3.3960190748529038,-1.0357458890816678,0.15122526568436812,-2.9607745473212006,-1.488309098769422,-1.4440351833122795,-2.661858438811688,-1.8302151958711939,-2.6033602646541127,-2.972694935536431,-2.127799645649225,-0.7285439282016336,-2.5182067208855785,1
-0.5348014154856993,0.18140777454752677,-0.15484123025532542,-1.6014324776621007,1,0,0,1,0,0,-0.571255364673633,0.26159211891406536,0.27793272259651985,-0.449953135556081,0.9393272378317088,0.5489159377363483,1.0717611638764313,0.22305588793363557,-0.5555431229977078,1.5988434105376328,1.6241558483135934,1.5276097175316172,-1.2757549009996856,0.26643810305059323,-0.027248052025414568,0.12730334570451182,0.8291056139901432,0.8909539612418812,0.6912331826893887,1.3979208031972914,-1.2240881747059087,-0.33344770670295615,0.8873736452878321,-1.3378073645744013,-1.2416390143724259,-1.3979208031972914,-0.6912331826893894,0.6330479821981672,0.41596727218528484,1.3826759350940767,1.248077788278137,1.5881094054554559,1.109195039464111,-0.38327221085833024,-0.7069813574043363,1.3800022317249987,-1.053465220782544,-0.02767187758659086,0.9995924138451164,1.3638096507403592,0.6345956405784983,-0.3819686083310823,0.12214944469431245,1.0157572993701793,0.904619530814692,1
1.4698190483788447,1.8563125626925503,1.4383931084795292,0.3052077222492148,1,0,0,1,0,0,0.22373766658671274,-0.4385002634284058,0.40586453677030254,-0.46615532585355707,0.09685696919661095,0.023017328295508902,0.9207208479162418,0.12352214639261772,0.6566017207308096,0.28175614587262876,1.1796049891638636,1.084060183721429,-0.7800234529515926,0.20423280385612724,0.4050222446481805,0.6175073225190383,-0.38082783981761587,0.38297912966043435,0.8686312511301267,0.617030896486598,-1.0762177406467348,0.2362043710561101,-0.2770612415743947,-0.7582567426738382,-1.159639678931303,-0.6170308964865974,-0.8686312511301275,0.27096530510494976,0.491016520610491,0.3182556355996563,0.6020527635450756,0.4103980692089227,0.3215701943037938,0.5138790966987595,0.12354118106860354,0.3258135853852078,-1.1367331974183288,-0.17942508891434333,-1.1078705769282764,-1.060883094792903,-1.2438700675094103,-1.0798785577006862,-0.12479618717266176,0.18071947766026855,-1.3222794763156045,0
1.0843151130202777,0.49062096620506923,2.452269505856255,1.7718540298733036,1,0,0,1,0,0,0.11016723354952047,-0.42163757315603734,-0.3233468040202586,-0.22022922312400942,-0.39298124726146477,-0.15407097896518193,1.4021692487355737,0.6767662569442093,0.08479538631559745,-0.08057351315282227,0.4795781953500556,0.5988063909553805,-0.04173048042564067,2.321415192438516,0.5617216065589281,0.39639513530736786,0.8042573560388728,1.3641461317297934,0.6912331826893902,0.13114384342216406,0.36978023493282614,-0.366162552285141,0.28242074902711045,0.9063374451518512,0.7083480463737094,-0.13114384342216406,-0.6912331826893908,2.0256736633259265,0.41596727218528484,-0.2548937564358004,-0.018131260198663828,0.3079883877961804,0.1325402314653172,-0.709509049969999,-1.0391903727935126,0.015758101167622184,0.5841383197212315,-0.1035484832504671,0.853620951280726,0.8840576101803024,1.243827762120523,0.31594134103852145,-0.5363722402842841,-0.5429799678216537,1.2139110595827887,0
-0.4577006284139859,1.3924927752062353,-2.0377545396692445,0.5985369837740325,1,0,0,1,0,0,0.16064298156605036,-0.432104070566473,0.35469181110078946,-0.4609474789722255,0.11010544726432053,0.02391171368571441,-1.762722827075719,0.4134455139532772,-0.1274268049798456,-0.908804641433667,-0.668931808870563,0.23760509728684362,0.4872096226649566,-1.1893707973245504,0.662328787784919,0.6173099686959156,-0.7076379761898657,-0.3529965740795224,-0.37315522795503414,0.6941558255444445,1.262703713722033,0.09603949683752966,0.7945336966236511,0.5260547354760821,0.5250116637321028,-0.6941558255444438,0.3731552279550334,-0.9823978079100336,1.1664597564373458,1.3644807162993,1.5323287991606835,1.1101975588626602,0.5421051509486824,0.5138790966987595,0.7879592118469556,1.13195784435093,0.6674062963570164,-0.3311783002420958,-1.2264723902618437,-0.6978274965312384,-0.4654068010946016,-1.397110352868688,-1.0302635040182315,-0.8769950965056176,-1.0129879475475077,1
-1.5885121721324456,0.6709953280053031,0.27967722576327125,-0.4281154315628296,1,0,0,1,0,0,0.4256406586528323,-0.4716441718947853,0.13720772700535894,-0.42680714941682946,-0.17485641370386676,-0.03288175859233543,0.5873303434944767,1.1066917395367748,-1.0705620237863906,0.7313850502145405,0.6495197550187664,-1.083769129303892,-1.6086068101473001,0.14527880182664554,0.3606829110361427,-1.865947337752639,0.0059676044740112014,-0.24378933170368,-1.3422252734671216,-0.14692914774798616,-0.671536272817593,-1.1576449213701703,-0.4116029726100637,-0.9821366433675075,-1.0824203250465088,0.14692914774798616,1.342225273467121,0.29881781872750485,0.5660657690356972,0.6366719645082435,-0.5091102789957901,-0.47715250303484213,2.0228398598500785,-0.709509049969999,-0.1532996650890431,0.8839134569768611,-0.7759052986632599,-1.2416975682086098,-0.8615437338508666,-0.9182541097615345,-1.1931007240475748,-0.6040308649486834,0.6983559190505837,0.6817421706862145,-1.3222794763156045,1
1.3670179989498932,0.7225308599482267,-1.6032360836506476,1.7718540298733036,1,0,0,1,0,0,0.097548296545388,-0.41814874068589214,-0.4128990739419065,-0.15368451297366123,-0.5041632957413881,-0.20281498273138218,-1.9255622685667202,-1.5880165762286724,1.421157683902078,-1.8453012860141256,-0.5620655677857778,-0.7728440913302052,0.13630456048947742,-0.9933435926306747,-0.24005193484030668,0.7477964755981799,-1.5035297791386868,-1.0525323664450097,-1.195024760224781,0.13114384342216406,1.685003994278812,1.9391238289427983,-1.191306822199386,1.0020085967703216,-0.2968802312061069,-0.13114384342216406,1.1950247602247803,-0.9823978079100336,-0.3345252120667762,-0.3640650692044592,0.05939174276930372,-0.5454256239766699,-0.7495995951142377,-0.13859458152457876,0.5111183656893089,-0.046252995675895824,1.9719379303176512,2.3245028979935705,0.9083602497423721,0.08014878545804377,0.4822876101929924,0.7600658542737248,0.6983559190505837,0.848749735028197,0.904619530814692,0
-1.1259074497021662,0.5421564981479937,0.27967722576327125,-0.4281154315628296,1,0,0,0,1,0,-0.21792512855792381,-0.2948766600740949,-0.09306953850744984,-0.3527399937712245,0.12201712052626712,0.04582415574574939,0.6232318335597546,0.5422129655968836,-0.5581446643883833,1.469375912351965,1.030346527618494,-0.27732133960813526,-1.343269206649078,0.15770506936020712,0.38657023135059737,-0.6154364836562237,1.21349029973569,0.7053973556541487,0.10398440440281079,-0.4813636975680082,-0.7090419885872402,-0.3569467399171486,0.14454814056957785,-0.7817558525449688,-0.6508177247780126,0.4813636975680082,-0.1039844044028115,0.0759977097470634,0.26586877533487285,-0.23669853764102378,-0.5091102789957901,-0.03337721691295973,0.19555021907814235,-0.5463906304141645,-0.6516131881728072,0.015758101167622184,-0.5816133531797613,-0.17942508891434333,0.5525548097416701,0.5469345546516133,0.17767154942198057,0.1890486229713212,1.3568776040291806,1.1827648637121608,0.10046155601764112,1
1.8039224590229344,-0.7719995663965628,-0.8790386569529866,-0.4281154315628296,1,0,0,1,0,0,-0.0412600105000692,-0.36349036532028395,0.5337963509440852,-0.5055035022902847,0.349576221534556,0.11111428923075156,0.6661213707354137,0.8410529006527143,-0.29495096751066413,1.483200224801598,1.44573316199669,0.9242186433045124,-0.8256792664559076,0.4894046229855904,1.290700619639558,-0.5962266658664979,1.345914847234229,1.398679106240191,0.10398440440281079,1.1573935323539142,-0.43725064839123096,0.13862404587566682,-0.19594244581239312,-0.6691216923246276,-0.5139860003273283,-1.1573935323539142,-0.1039844044028115,0.577342954953057,1.391607501712964,0.40923172957353837,0.020630241285320403,0.5640125913280355,1.2667200084961745,-0.5463906304141645,-0.6516131881728072,0.8839134569768611,-0.24854144663662048,0.4275877563966659,0.8718673841012752,0.6247321828505417,0.2961333508329291,0.7917890337905242,-0.12479618717266176,0.514734606344233,0.7809029193074537,1
-1.6142124344896835,0.6967630939767645,0.27967722576327125,0.3052077222492148,1,0,0,1,0,0,-0.09173575851659908,-0.3547682841449209,0.4570372624398156,-0.48235751615103317,0.3554864895858226,0.0999344718531827,0.09347391001591482,0.1907927389136427,1.3823329633333892,-0.08990895461478444,0.19884661061749861,0.91644908705721,0.8300862100177456,-0.16790404499230993,-0.4152357420219569,0.7425331935007237,-0.7296296385191393,-0.6302290762350976,0.2654778184316193,0.9866295824910817,-0.29774549068769146,-0.6778430727307317,-1.143521219465103,-0.6020270625866382,-0.8738063613144903,-0.9866295824910817,-0.26547781843162,-0.11896988561082296,-0.3345252120667762,0.19998671343360988,0.5632912620610914,0.22264698661889537,-0.5920746260821743,1.166352774922097,1.1201682272361313,-0.29429738304996345,-0.22078545442469194,-0.5588081172337243,0.31535118307453414,-0.3477381696360611,-0.5500223735309933,0.8235122133073248,-0.12479618717266176,0.4033962301162448,0.34789477903211874,1
-1.8455147957048228,0.2587110724619126,1.0038746524609323,-0.4281154315628296,1,0,0,0,1,0,0.5770679027024219,-0.5169989940066729,0.022069094248954552,-0.3903522212475083,-0.3301644066095384,-0.09593592860182383,1.2666752468373983,-0.6650655617726651,-0.37711606362745814,0.8578634013742219,0.4222229426707451,0.06131707586922894,-0.9676323910772726,0.6223975886399195,-1.0054668118422465,0.12584204784082498,0.32684776125683446,0.15285525195633043,0.416552302523086,-0.3295023237687902,-1.1394504279398252,-0.09443122441346956,0.6419894143608526,-0.8348214654096983,-0.39967710157336467,0.3295023237687902,-0.4165523025230867,0.577342954953057,-0.9349191994684248,0.00893691608845806,0.07231224326396513,0.20557870638343811,-0.2140147004052217,-0.22015379130249568,-0.4301405112466897,0.015758101167622184,-0.9979532363586869,0.12408133374116129,0.6802798394855113,0.9359226956462544,0.49921072468027106,0.12560226393772106,1.1099319721622063,1.0157572993701793,0.2860364732784985,0
1.8553229837374106,-0.5400896726534062,0.27967722576327125,-0.13478617003801185,1,0,0,1,0,0,0.4130217216486998,-0.47106269981642773,-0.5920036137852022,0.2629432375328666,-1.0320228333629249,-0.5654882584597163,-1.0398997057647554,0.37865701529160273,-0.4458328245726399,-1.0542827056089845,-1.6040826436274134,-1.0708281603900014,1.6810292305660093,-1.186001324596765,0.4370735834936222,-0.27309226894551986,-0.6442369237438149,-1.1656200980509315,-0.37315522795503414,-1.0903910820752818,0.2609673055217405,-0.08186791574590915,0.3350370133066025,0.7854536130275681,0.9473848420074976,1.0903910820752818,0.3731552279550334,-1.2330704305130304,-0.03432821836595151,-1.1464594773798444,-1.0905328012555453,-1.2452251136304073,-1.1591645145976028,-0.05703537174666111,0.12354118106860354,-1.4725082230767892,0.6118943119331598,0.35171115073279,1.3553978538458196,1.3508433793738719,1.6499825098152057,0.9821281108913258,-0.28942660841731066,-0.7656567202776299,1.2139110595827887,0
-0.4577006284139859,0.49062096620506923,-2.0377545396692445,1.7718540298733036,1,0,0,1,0,0,0.16064298156605036,-0.432104070566473,-0.3233468040202586,-0.22022922312400942,-0.4271851565067325,-0.16212044747703153,-1.1453307012892755,0.7230420925613538,0.24790168630889692,-1.1011672767049985,-0.7223394629416738,-0.3701720341388266,0.8278352597691964,-1.156697468520238,0.6852626825937728,0.6842812463119394,-0.5332303761193807,-0.09758255628623067,-0.5972369986170187,0.08746187929198715,0.43685173898844304,-0.3059168509961788,0.34874675077176454,0.9588638362635071,0.8438063057862896,-0.08746187929198715,0.5972369986170181,-1.0102503215325889,0.9413120111617277,0.7549408866742913,1.0284292798688959,0.7346953936826055,0.19555021907814235,0.02452383803125581,0.34501385799472056,0.8219023601333442,0.6674062963570164,-0.02767187758659086,0.8992370333320981,0.9618552383792308,1.345366449044194,0.37938770007212164,-0.6186874509066087,-0.6543183440496418,1.3994859768436472,0
1.8039224590229344,-1.132748289997029,-0.8790386569529866,0.3052077222492148,1,0,0,1,0,0,-0.0412600105000692,-0.36349036532028395,-0.23379453409861076,-0.29082448084872664,-0.17673452384362007,-0.0547942006523704,0.1199332627334137,1.019249831914955,0.08244938705076651,0.032880132893009784,0.18759524036778913,-0.34395436265957163,0.1259366414540373,0.4416637201330935,1.321199356310368,-0.580344635465435,1.1997497137632076,1.1113567560712108,-0.2859102762628674,-0.18555039652161812,0.2745350638619777,-0.07540386975433767,-0.6959014645886922,1.1452323406840528,0.8411405641266528,0.18555039652161812,0.28591027626286675,0.605195468575612,1.5417059985633763,0.6548671833030202,0.22735824919990022,0.7176271134471482,1.2667200084961745,-0.5463906304141645,-0.4855086804782194,1.1939689411944467,0.08453045990652028,-0.2553016945782196,-0.5696008087220858,-0.8145239388296306,-0.36386811417093057,0.1890486229713212,-1.0302635040182315,-1.211010225189582,-0.332546584257695,0
-1.6142124344896835,-0.10203765113855341,0.27967722576327125,1.478524768348486,1,0,0,1,0,0,-0.09173575851659908,-0.3547682841449209,-0.8094876978806327,2.0422909219878287,-1.7828838229173347,-1.8511672568801356,-1.996437722824858,-0.15040870088561248,-0.16508715201165983,-1.2737143646860256,-1.4756065256527762,-0.38370325042288483,2.0093639186136705,-0.04385740443539741,-0.13152969112857638,0.7454155091720747,-0.49593843123851905,-0.5074276812185357,0.5391776954544716,-1.0580753433055055,2.732273450514827,0.07467710505879518,0.9747503663725489,1.22894187450014,1.4229563846763933,1.0580753433055055,-0.53917769545447225,-0.03541234474315745,-0.10937746679115769,0.05442496307539909,0.4340862571144791,0.20557870638343811,-0.7495995951142377,1.0032343553662626,0.7879592118469556,-0.5423417704240322,3.02666563437093,0.35171115073279,0.8444977348704508,1.2730457511749436,1.7853674257134342,0.062155904904119784,-0.7010026615289333,-1.1553410370755877,1.2139110595827887,0
-1.1259074497021662,-0.10203765113855341,0.27967722576327125,1.478524768348486,1,0,0,1,0,0,-0.21792512855792381,-0.2948766600740949,-0.8094876978806327,2.0422909219878287,-1.660630468093204,-1.805106409284552,-1.7543864051479867,-0.18984882538146525,-1.3191807358254848,-0.028006972800504636,-0.6832052027814095,-0.8134509748387467,0.40500090436201586,0.3334479959062959,-0.05677566000754655,-0.7424037717501105,1.2455200794508536,0.7702735745144464,0.28185302474922574,-1.388988508307989,2.7726943114702496,0.20369686102287862,1.0573200652276349,1.272872003490865,1.6402224481768926,1.388988508307989,-0.28185302474922647,0.18740776423728422,-0.18442671521636386,-0.4004555067940112,-0.7029177864157086,-0.22112829950298704,0.2270552128845555,-0.7910682597479163,-0.983822203561983,-0.17027518936292965,2.9711536499470723,0.4275877563966659,0.6802798394855113,1.1693155802430386,1.7007518532770418,0.062155904904119784,-0.5363722402842841,-1.0996718489615938,1.1520527538291696,0
-0.5348014154856993,0.2587110724619126,-0.15484123025532542,-0.4281154315628296,1,0,0,0,1,0,-0.571255364673633,0.26159211891406536,0.022069094248954552,-0.3903522212475083,0.7717760417240237,0.5028550901407646,0.9316131293592976,-0.44081897638045286,0.09317709155002117,1.483312793908123,1.2846806152049732,0.6904230456176628,-1.9367203853503474,0.28317153936313855,-0.28152311880280095,0.5236518994169924,1.0054723976550306,1.1348247365161286,1.7556215933338128,-0.799549433147316,-1.0124890687289763,0.3230141989857624,0.3988434525174929,-1.00685067126847,-0.562212238743768,0.799549433147316,-1.7556215933338135,0.4102278732177254,-0.10937746679115769,0.5365982611369737,0.7441782689863493,1.1614023995690306,0.19555021907814235,-0.30171300108041293,-0.983822203561983,0.44983577907224165,-0.859173275299045,0.5793409677244183,0.7623887871779818,0.8710913388138142,0.36382580878204385,0.37938770007212164,1.933084078385452,1.5724491805101195,0.22417816752487937,1
-0.09789695541265715,0.49062096620506923,1.4383931084795292,1.7718540298733036,1,0,0,1,0,0,-0.785777293743885,2.049618759863483,-0.3233468040202586,-0.22022922312400942,1.5365566440209162,1.7464979752215253,1.720206319065789,0.3282325075535243,0.38783404449430997,0.43305295904031577,0.9181620192920238,1.4323478378827728,-0.19910275711938485,3.075582264577146,0.0704147753290771,1.1464898996003985,1.6167903139736979,2.155717526810898,1.5427439112049275,0.4234769879856554,0.6810967991593339,-0.37996944137699934,0.6219296506928633,1.0181549898668147,0.9109829956091695,-0.4234769879856554,-1.5427439112049282,2.972659126492802,0.11577027848446049,0.16359627584405784,0.7441782689863493,1.434494883336343,-0.18250970659880966,-0.7910682597479163,-1.3713993881826885,0.9459245538203791,0.8339422496285867,-0.17942508891434333,0.6346637574341392,0.8840576101803024,1.294597105582359,-0.0647368131630805,-1.0302635040182315,-0.9883334727336057,1.2139110595827887,1
0.7502117023761872,-1.8542457371979617,-0.15484123025532542,0.3052077222492148,1,0,0,1,0,0,0.33730809962390496,-0.46582945111120994,0.5593827137788417,-0.5107113491716163,0.1051694672648296,0.03643310914859154,-0.006377999246329074,1.1130747373499892,-0.19572509372467517,0.1814170454386223,-0.3680327717803309,-1.0518563631178288,-0.4058658600490564,-0.2774564087477389,1.6079364253561466,-0.5627770735132236,0.08827424497373104,-0.25804780944676636,-0.6711839829354725,-0.7689345227338477,-0.2683624112418604,0.08306540423057829,-0.29797392491563734,-0.15755149408944302,0.2265271670805113,0.7689345227338477,0.6711839829354719,-0.09111737198826762,1.9169522406894068,0.8186241524560076,0.369483754641173,0.39332978897346543,0.7941451013999841,-0.05703537174666111,0.2896456887631914,1.0079356506638961,-0.27629743884854874,0.04820472807728505,-0.07694712256726609,-0.21807545597118072,-0.2623294272472596,0.5380035976561225,0.6983559190505837,0.3477270420022505,-0.023255055489598248,1
1.4441187860216065,-1.4934970135974959,-0.4445202009343899,1.7718540298733036,1,0,0,1,0,0,-0.5460174906653681,0.05226217070535305,-0.24658771551598904,-0.2873525829278389,0.47299900134875084,0.26226542017548266,-1.689267236967859,-0.15515326329350934,0.05773632344432847,-0.8699869085836474,-0.23784608126784126,-1.3177915460968974,-0.4797421212863097,-0.9578630984653042,0.03557193395657343,-0.4409902195097727,-0.09456130540415054,0.12282944527144886,-0.8773392119444982,-0.9271761482887021,1.3918816924978787,0.24858790558786165,-0.5220801299993609,1.08153081487361,0.42913060088541366,0.9271761482887021,0.8773392119444975,-0.8988402670423681,0.04072103005925432,0.03622974428062242,-0.19901826712392082,-0.22112829950298704,0.6051151385615076,-0.9541866793037505,-0.7069813574043363,0.2638024885416898,2.138473883589221,0.9587239960437993,2.030515868206127,1.3767759221068474,1.8192136546879905,1.5848685217105287,0.9453015509175579,0.514734606344233,1.4613442825972665,1
0.05630461873076867,0.0010334127472937634,-0.15484123025532542,1.0385308760612593,1,0,0,1,0,0,0.6401625877230843,-0.5315357959656113,0.7768667978742723,-0.5471662773409375,0.04785039254529319,0.014073474393453808,-0.48838033229924377,-3.2884917124682067,-0.5567136092319989,-0.16961406379760283,0.17087439536168234,0.4658366839455327,0.029893297213042617,-0.49173329390780185,-0.7585421058094405,-0.056197102910435726,-0.7160127482873394,-0.7532439910861118,0.6502951668953726,-0.009609152108407288,0.18777062720154664,3.7536672482221345,0.7045734850394082,-0.4808483269641984,-0.957541232957318,0.009609152108406583,-0.6502951668953733,-0.28608496734615396,-0.4846237089171882,0.9641859028142197,0.7829397704703327,0.4274663494443799,0.5106001571422693,2.145063292257104,1.8953225964775422,0.6358690696027934,-0.05424950115312168,2.8556391376407038,-0.8068044353892204,-0.3607044410025493,-0.5161761445564365,-1.6508957890030895,1.0276167615398821,1.127095675598167,-0.45626319576493324,0
-1.7170134839186342,2.1912935203215542,1.7280720791585935,0.5985369837740325,1,0,0,1,0,0,-0.6091121756860305,0.2848510020483667,-0.16982862701171944,-0.31859966421582847,0.7118913981583822,0.46529090375213317,0.8476980639121231,0.6817319866943379,-0.15565740392728572,0.5081104326117913,0.6845256279787348,1.6504673004120722,-0.12628313624614337,0.8880295221205015,1.3261040742225159,0.13424956293564963,0.5121911167580618,0.5328636927181233,1.1642946985313556,1.0963072413460702,-0.29143615795855676,0.3927634038563432,0.3476967494943344,-0.1785444701654238,-0.36967915923846395,-1.0963072413460702,-1.1642946985313563,1.6635909862327087,2.367247731240644,2.3288273124224506,2.062069319441795,2.2367040544028214,1.6447799341731264,1.166352774922097,0.6218547041523672,2.3101686843777554,-0.4150773999081907,0.12408133374116129,-0.6334633235940058,-0.37367071236903754,-0.4146374576327655,-0.9529858396334858,-0.7833178721512579,-0.3759724034796717,-0.332546584257695,0
0.2619067175886707,2.217061286293016,-0.7341991716134544,-0.13478617003801185,1,0,0,1,0,0,0.45087853266109723,-0.4815291972268634,0.43145089960505906,-0.47599236996273897,-0.017785518065017984,-0.002472655325348113,0.6742026782870203,-1.1776696742778698,0.7989217829598482,-0.22435503072926175,0.3917357299441725,0.7175575012025699,0.10730103207059094,0.4936364939703268,0.27635743902409393,-0.5016237350960018,-0.19525588245278197,-0.36090886855015125,-0.16027754582615011,1.13762416762706,-0.44425946763724405,1.8932374024155807,-1.59623631870716,0.10947678166591653,-0.8616328994905867,-1.13762416762706,0.16027754582614942,0.6609004958207222,0.491016520610491,0.6639647927004092,0.279040251178545,0.18851042614798086,0.7311351137871589,0.4323198869208419,0.5664865349208381,0.5738579727592754,-0.38732140769626244,1.8692432640103136,0.1876261533306929,-0.6848612251647502,-0.6007917169928287,0.664896315723324,-0.37174181903963527,0.18071947766026855,0.10046155601764112,1
0.8530127518051386,1.0575118175772313,0.5693561964423357,-0.13478617003801185,1,0,0,1,0,0,-0.10435469552073157,-0.3326723451673346,-0.6175899766199587,0.27451623060249236,-0.7459399378501645,-0.46800025092731573,1.2115253338693053,0.9758499869440675,-0.7705471165246753,0.7172316946974098,-0.12067176382238168,0.2792181495528026,0.7513273736333478,0.7457722442709561,0.6788026627569042,-0.4675854790118625,0.5632857715178639,0.10571015619601055,-1.0255223183500044,1.3979208031972914,-0.9394886292326503,-0.659375125957792,0.5834854091352079,-0.41038921883760654,0.26008459569814824,-1.3979208031972914,1.0255223183500037,0.577342954953057,0.491016520610491,-0.32767463161490584,-0.5091102789957901,-0.27233314020935756,-0.11949971898598452,-0.7910682597479163,-0.4301405112466897,-0.10826409251941274,-1.053465220782544,-0.9381911455531051,-1.2994581215440402,-0.8534227529290943,-0.939254006738398,-0.8895394805998851,-1.853415610241477,-1.6563637301015341,-0.8892713360402683,0
-2.0511168945627247,2.088222456435707,1.0038746524609323,-0.4281154315628296,1,0,0,1,0,0,1.750629044086742,-0.6612040694393414,0.25234635976176334,-0.4453239383282307,-0.5755105527344354,-0.16435641095254527,0.12104313698933218,-0.8620764921483498,0.22581960282105093,0.17888159122629652,-0.36261547175834974,-2.934288616020899,-2.130326212747809,-1.218947855250819,-1.567399882260125,0.1460353042846293,-1.2919970740360096,-2.0950927584820667,-3.5663204598883063,-0.4649864905896614,-1.3862717630424668,-0.38695975384097436,-0.16195156484285522,-1.5227796716075424,-1.5740324292117467,0.4649864905896614,3.5663204598883063,-1.3166279713806959,-1.685411683720486,-1.7378040882100778,-1.4135453136220761,-1.7402052404586603,-2.135819322596396,-1.85133798686084,-0.5408768497097485,-1.1004416420156866,-1.3310251429018278,-0.482931511569848,-0.42362934615769415,-0.4385020692014777,-0.9731002357129547,-0.5723076854318833,1.933084078385452,1.795125932966095,-1.198562864808365,0
-0.7404035143436003,1.1863506474345409,1.7280720791585935,1.0385308760612593,0,1,0,1,0,0,-0.14221150653312897,-0.3239502639919716,0.5082099881093286,-0.5008743050624344,0.42678060790343436,0.13794585093691683,0.3172788338205053,0.3783999265308029,1.5154290841946896,-0.5251806034306106,0.3133001261976632,1.4146902464637334,0.4319483879903175,0.2915668128714812,1.2018386302308577,0.9561925128747536,-0.34183636357853975,0.16374196279825223,0.6312676384277316,1.303385209184222,-0.14985381785636215,0.6846097820268107,-1.110761064684253,0.3705260268034238,-0.24744335134751905,-1.303385209184222,-0.6312676384277323,0.29881781872750485,1.1664597564373458,0.11810822885711679,0.6020527635450756,0.4274663494443799,-0.37153966943728567,0.35076067714292497,0.06817301183707392,0.07776919801113909,0.029018475482663446,0.9587239960437993,0.7806352199985308,0.028283699992091807,0.17767154942198057,1.109020828958526,-0.7010026615289333,-0.15329565102369538,0.904619530814692,0
2.215126656738738,1.4440283071491598,-0.15484123025532542,-0.4281154315628296,1,0,0,1,0,0,0.6780193987354818,-0.5367690446708291,-0.5664172509504457,0.05462936227960266,-1.0987722124629564,-0.4550316627693358,0.9597145130838846,0.32637220766129543,-0.1502165708485382,0.36014265267873474,-0.17891843777295546,1.1883208311110738,0.6261193617449627,0.4251249162502202,0.5915965548324023,-0.4126416729739831,0.5513121390227804,0.09834795541526238,0.2246519615849838,1.3979208031972914,-0.9097265852615906,0.14469234411360177,-0.20931400169275227,0.06014219044699528,0.32862036839466113,-1.3979208031972914,-0.2246519615849845,0.577342954953057,0.7912135143113154,0.6184767457134681,0.29196075167320634,0.512807750621665,0.5106001571422693,0.2692014673650073,0.17890935030013266,0.8219023601333442,-0.859173275299045,0.12408133374116129,-0.02220782410562002,-0.127311556405765,-0.093098282374475,0.4428340591057229,-1.277209135885205,-0.8769950965056176,0.40975308478573785,0
-0.9203053508442651,0.2587110724619126,-0.15484123025532542,-0.7214446930876474,1,0,0,1,0,0,-0.6217311126901629,0.4220784125407448,0.44424408102243734,-0.4765710196162203,1.1681743538733984,0.6929119855594353,-0.04838772375625751,0.24238615843537228,-0.42803415297587794,0.2124252314811218,-0.3888195683674405,-0.2679628899120286,0.35116025826449937,0.742525281008508,0.5417735601302669,-0.9271287281533738,0.5352896486406614,-0.3433910731279207,-0.83882515761197,0.4664671563038157,0.8092068196460606,0.21005425005014092,-0.3465379334934195,0.24381126936010258,0.1702299344309711,-0.4664671563038157,0.8388251576119693,0.5494904413305014,0.340918023760079,-0.4004555067940112,-0.7933612898783374,-0.5624939042121272,-0.15100471279239655,-0.6279498401920818,-0.319404172783631,-0.6043528672675491,0.9727222106882286,0.4275877563966659,0.6620334066649622,0.36540675552078095,0.4484413812184362,0.7917890337905242,-0.28942660841731066,-0.09762646290970158,0.904619530814692,1
1.0586148506630406,2.088222456435707,-0.15484123025532542,-0.4281154315628296,1,0,0,1,0,0,-0.596493238681898,0.27322156048121604,0.25234635976176334,-0.4453239383282307,0.990248403925388,0.5542822500775814,0.41183440572597646,-0.4187728696911511,0.5573922981530157,0.8807069418812435,1.1968481889747675,-0.9443991361467425,-2.4369668189153755,-0.883771478296442,-0.5762120695238777,0.6461676118878199,-0.0995061607842844,0.209001696791829,-1.2890243254862828,-0.009609152108407288,-1.4557198142750845,-0.002457696015249406,-0.11263781054736484,-1.28844686570496,-1.3519117844243462,0.009609152108406583,1.2890243254862819,-1.0102503215325889,-0.8598699510432187,-1.264728399545891,-0.7933612898783374,-0.7843815472730677,-1.1591645145976028,-1.6882195673050053,-1.482135726645747,-0.8523972546416179,-1.4142931195376127,-0.2553016945782196,-0.7611883533378483,-0.6978274965312384,-1.1084851516111824,-0.794369942049485,1.0276167615398821,1.127095675598167,-1.198562864808365,1
1.4441187860216065,1.3667250092347738,-0.4445202009343899,0.3052077222492148,1,0,0,1,0,0,-0.5460174906653681,0.05226217070535305,-0.7199354279589849,1.0585865110696384,-0.49684451199202506,-0.7779047886335246,-1.4821592295483257,0.27422543728516535,-0.30490550615492923,-1.260582965463021,-0.6397479950263076,-1.7001465237616917,0.18499984937461325,-0.8264553192978883,-0.19842693097277586,-0.04801718360997275,0.10160906958111479,0.6373692557156202,-1.4375436385994584,-0.8930588049066626,1.23519407122657,-0.5751627621795814,0.3685634025402213,1.8037200743721022,1.453970750156215,0.8930588049066626,1.4375436385994576,-0.8152827261747027,-0.25947596364157,-0.23669853764102378,-0.22485926811324272,-0.1699234587966153,0.3845801819166189,-1.6066603575270884,-1.3160312189511594,0.3258135853852078,1.5833540393506536,-0.2553016945782196,1.1090710107684099,1.1563493088765513,1.93767545609894,0.4428340591057229,-0.8656330827735822,-1.266679413303576,1.3994859768436472,0
-1.4086103356317816,-0.9266061622253344,1.7280720791585935,-0.13478617003801185,1,0,0,1,0,0,-0.028641073495936725,-0.36407183739864146,-0.6431763394547153,0.4226505418937022,-0.8839580840772399,-0.6066299864091697,-0.6142204199412818,-0.42456526429888347,0.920570653858789,-0.6049736212526864,0.2590122160942128,0.893370833256851,0.2163887849366398,0.04703628995768605,-0.11342162248871612,0.32962296527143975,-0.19716705454197211,0.05348734302809582,0.39961991949913633,0.8221130942085961,0.9010865524252123,0.4691058578374393,-0.9272116317442118,0.6217728564708527,-0.2845085862953316,-0.8221130942085961,-0.39961991949913706,0.15955525061472892,0.04072103005925432,0.48201260475264507,0.5891322630504142,0.47867119015075044,0.2270552128845555,0.35076067714292497,0.17890935030013266,-0.10826409251941274,0.7506742729928018,0.35171115073279,-0.21379536872138252,-0.6459624110652865,-0.38079122865820925,-0.033013633646279864,-0.5363722402842841,-0.2089648391376897,-0.332546584257695,0
1.0586148506630406,1.0059762856343069,-0.15484123025532542,1.0385308760612593,1,0,0,1,0,0,-0.596493238681898,0.27322156048121604,-0.7071422465416066,1.0094012905237288,-0.3137996119087717,-0.5699601854107438,-0.8015662564175813,-1.1784757713093665,0.08321800860947849,-0.2285480997575342,0.04567590409933315,-0.23577051118558714,-0.3009423200680056,-0.6388359123708927,-0.928639709302315,0.8740681802242126,0.06876401766205133,0.314873225722159,-0.8822105547849753,0.5534028300138731,0.4762800753677581,0.687204105295255,0.7645924207224324,0.37693896089675255,0.24803150746650138,-0.5534028300138731,0.8822105547849747,-0.8431352397972577,-1.1600669447440433,-1.4011925405067138,-0.8192022908676594,-0.7502449868021539,-1.442709458855317,-1.4435419379712537,-1.3160312189511594,-0.9144083514851348,0.44535835866158957,0.6552175733882943,0.041654690766301246,0.4302381123532211,0.5669031826293847,-0.7309235830158842,-0.7010026615289333,-0.5429799678216537,0.10046155601764112,1
-1.2030082367738797,1.3667250092347738,1.0038746524609323,0.3052077222492148,1,0,0,1,0,0,-0.6343500496942954,0.44184846320490095,-0.7199354279589849,1.0585865110696384,-0.25795211518239364,-0.4782856829146791,1.0782165253678988,1.0989474253478853,0.3509474884562484,-0.7036234909491271,-0.4865193117382675,-0.19435230264261252,0.6863664091145821,2.6091191868070656,0.6855808402932484,1.2703785454231027,0.6329505423983469,0.7338896442647659,0.8222348332302418,-1.0805558572323073,1.1077148239195267,-0.821539993871351,0.7968509497801972,1.5781728653287377,1.3489993306081138,1.0805558572323073,-0.8222348332302425,2.972659126492802,1.0163612595869336,0.9368930746220554,1.5323287991606835,1.7758604880454831,-0.43454965705011084,0.10608304780917345,-0.26403600355210183,0.9459245538203791,1.2502821328075124,-0.6346847228976005,0.5981708917930423,0.9488889670127426,1.6161362808406496,-0.28679906978068154,-0.8656330827735822,-1.32234860141757,0.7809029193074537,0
1.0586148506630406,-0.9266061622253344,-0.15484123025532542,-0.13478617003801185,1,0,0,1,0,0,-0.596493238681898,0.27322156048121604,-0.6431763394547153,0.4226505418937022,-0.08451727128431191,-0.11650679257655054,-1.3773400145811474,-1.1042540162055807,1.1113807709633317,-0.5927006635200193,0.35619660625486704,0.11275430047434025,-0.8673948380601343,-0.7139107770359499,-1.3647718659606114,0.9106713995566931,0.25296088305026626,0.5945917605577634,-0.5666803935267488,0.7158101325491454,1.2018935817883405,0.14842479673101236,-0.6041578136435864,1.0515320400311363,0.11743009308507753,-0.7158101325491454,0.566680393526748,-0.8709877534198129,-1.4602639384448675,-1.21924035255895,-0.6383152839424023,-0.5112890635057554,-1.2536794960168407,-1.4435419379712537,-1.4267675574142176,-0.790386157798101,0.8339422496285867,-0.1035484832504671,-0.6882026220556532,-0.8663890242955825,-0.44848368660732285,-0.5723076854318833,-0.5363722402842841,-0.26463402725168356,-0.5181215015185524,0
0.7759119647334253,1.0832795835486928,0.5693561964423357,-0.13478617003801185,0,1,0,0,1,0,-0.4576849316364408,-0.109968539156399,-0.7839013350458762,1.5706914544005788,-1.0707561904610863,-1.2984370857331309,0.6922531690371054,0.5489036121997263,-1.1587916503779738,0.3600512863434809,-0.7581313430738309,-0.46600235438780785,0.4277815052069,-0.03324129491366474,-0.5561813211140795,1.1257031164902531,-0.003049099307130182,-0.1121339175790649,0.5976605751602089,-1.2283241134096814,-0.995809193064165,-1.3105576719359993,2.7153300754947827,-0.4894294939568168,0.8761309307901705,1.2283241134096814,-0.5976605751602097,0.35452284597261524,-0.10937746679115769,1.6010185606313942,2.062069319441795,1.9636115706355104,-0.24551969421163483,1.4110304042558486,1.1755363964676604,1.6900577159425842,-0.7203933142394032,-0.9381911455531051,1.74769615948762,3.205020184781661,2.716138722513749,-0.1916295312302808,1.2745623934068555,0.6817421706862145,2.079927340133461,0
1.8039224590229344,2.2428290522644785,-0.8790386569529866,-0.4281154315628296,1,0,0,1,0,0,-0.06649788450833415,-0.36174594908521135,-0.3745195296897717,-0.20171243421260818,-0.32285446110854377,-0.12232029761288635,0.5642756187615762,0.8906490204600696,-0.11547281229443893,0.5500952876598373,0.6175556028169283,-0.46378384012769275,-0.3047433666316757,0.22040946305505,1.3915861607050364,-0.6976530194822844,1.0441197755221083,0.9386522808479171,-0.35678002163742906,-0.2786957612109654,-0.5644084454004258,0.1716167353246304,-0.5432188004103758,0.2921880518310401,0.1135587293621887,0.2786957612109654,0.3567800216374284,0.4659329004628361,1.7668537438389946,0.9641859028142197,0.4082452561251572,0.8371050750953478,1.5817699465603012,-0.38327221085833024,-0.26403600355210183,1.4420133285685155,-0.3595654154843339,0.5034643620605421,0.9904691974348425,0.5210020119186368,0.6176725260912207,1.1407440084753266,0.03983423407198747,-0.09762646290970158,0.7190446135538346,0
2.2922274438104506,-0.9523739281967958,0.27967722576327125,-0.4281154315628296,0,1,0,1,0,0,-0.44506599463230834,-0.13671625476084556,0.15000090842273722,-0.4233352514959417,0.604492399893782,0.2220180776162347,0.6566711269126576,0.7531341265846676,-0.27475760890848877,0.5383026324891984,0.42974579656008804,2.3352135239605634,0.972284670260286,1.027615034035873,-0.5685390795328702,0.14635979858206707,0.7797647289646462,0.4871037966789114,2.293085048213671,0.9106988955914741,0.11366364687036071,-1.6032501933901109,0.5226803385021,0.04598922920449996,-0.08312853234736367,-0.9106988955914734,-2.2930850482136718,1.5800334453650435,-0.10937746679115769,1.6556042170157228,1.4935672976767,1.8099970485163963,0.8571550890128092,3.042214599814193,1.7292180887829538,1.1939689411944467,0.0012624832707351544,-1.5452039908641146,-0.3597668312857729,-0.0495139282068366,-0.025405824425361403,-0.826093121566285,-0.6186874509066087,-0.26463402725168356,0.038603250264021984,0
0.46750881644657266,0.49062096620506923,-0.8790386569529866,1.7718540298733036,1,0,0,1,0,0,-0.07911682151246661,-0.36058300492849626,-0.7583149722111197,1.1627434486962704,-1.3376646092725817,-1.1759062872749761,-1.3460378816070622,1.5607711518855598,-0.43559233640197115,-0.9390519039864071,-1.755605370071034,-0.7988214718926748,0.9097454314214336,-0.09703545887181192,1.5741584556160912,-0.75542479781237,0.15349300163267815,-1.0711654253063867,-0.8901438845537553,-0.20666334585120408,1.7747417533989165,-0.5652500033388225,-0.1636597526205137,1.4207995726499443,1.236588411180658,0.20666334585120408,0.8901438845537545,-0.23037994010104354,1.1664597564373458,-0.555114866549611,-0.8321227913623208,-0.7331767065666972,-0.8126095827270634,-0.38327221085833024,0.012804842605544792,-0.8523972546416179,2.4160338057085053,-0.1035484832504671,1.6564639953848757,1.298978293907919,1.9038292271243826,1.5531453421937294,0.36909507656128593,0.29205785388825667,2.512935480408796,0
-1.5114113850607322,-1.9315490351123477,-0.15484123025532542,-0.4281154315628296,1,0,0,1,0,0,0.5896868397065544,-0.5199063543984607,0.6105554394483548,-0.5234416415482046,2.4904191832603444e-4,0.004682427796295961,0.7225363899224253,-2.0181877493439444,0.7678274883269828,2.478974878026529,3.2889798832723502,2.630539266744679,-2.5616212030251697,-0.2329667065429218,-0.726580739685577,-0.9227305149056773,-0.4632730320833459,-0.024372554272037345,1.3891927962267165,2.209957315873655,-1.2374820268877469,2.0421533878803593,-1.9769010786046932,-3.808308738443915,-4.299629984731163,-2.209957315873655,-1.3891927962267172,0.35452284597261524,-0.05934463450768712,2.629048422536261,1.579703967641108,1.2751909344720769,3.3775545935258244,2.4984865346280776,1.7661302016039733,2.516872340522812,-1.3726591312197203,0.5793409677244183,-2.2665190610331294,-2.6298019301379556,-3.3507978211755782,-1.6508957890030895,-0.001323371239174659,1.5446145864531222,-2.3120123683735136,1
0.544609603518286,-1.8542457371979617,-0.4445202009343899,1.0385308760612593,0,1,0,1,0,0,-0.016022136491804253,-0.37163097441728943,0.8792122492132983,-0.5639471172918948,0.4746847312263186,0.1500200537046912,-1.1979136076253627,0.7904895091091773,-0.21353606964216565,-1.0088698740832251,-0.9866561350468004,0.09877701385713204,1.3988516828595674,-0.8757374471937942,0.01956254517698358,-0.14139588003051057,-0.9377122366554546,-0.8932629929013431,0.04764949253229553,0.08746187929198715,0.7907014931170677,-1.0653743308453838,0.14982173743754335,0.43309871082541773,0.41060384496311014,-0.08746187929198715,-0.04764949253229624,-0.8152827261747027,0.04072103005925432,0.08171779126756346,-0.0052107597040024186,-0.3747428216220998,0.006520256239666901,0.8401159358104279,0.8986955503100138,-0.35630847989348147,0.6951622885689447,-1.0140677512169813,-0.08607033897753999,0.002351157259115363,0.17767154942198057,-0.12818317219668063,-0.6186874509066087,-0.6543183440496418,0.16231986177126023,1
-0.7918040390580765,1.4440283071491598,-0.15484123025532542,-0.4281154315628296,1,0,0,1,0,0,-0.7226826087232228,1.1454296780175175,-0.5408308881156891,0.05462936227960266,0.6612297027647274,0.8386968041629334,0.3190822684003605,-0.06554877607282857,-0.2026914778309271,-0.15707810137129552,-0.4917496640461559,1.050459773290492,0.9548246567467319,-0.19696713403451616,-0.38247098204080376,-0.36726628185310023,-0.050158076659379845,0.007188624109343445,0.2905222516232541,1.1445654112422656,-0.6404989010686768,-0.29318328137103516,-0.09198115383758698,0.1624664909040111,0.6463169394648959,-1.1445654112422656,-0.29052225162325485,0.1317027369921738,0.04072103005925432,1.4372615914784068,0.9896677783849125,0.9224464762726329,1.4557499713346498,0.9216751455883455,0.8433273810784847,1.6280466190990672,-0.6371253376036178,-0.3311783002420958,-0.1864257194905595,-0.2051091846046925,-0.1269445113490324,0.4428340591057229,-1.3595243465075295,-1.0996718489615938,0.34789477903211874,1
-1.2030082367738797,1.3924927752062353,1.0038746524609323,-1.6014324776621007,1,0,0,1,0,0,-0.6217311126901629,0.3895159761527229,0.09882818275322415,-0.4134982073867598,0.9657641997632628,0.6191251908674807,2.4631436090384535,0.5709068871887457,0.3127499315581842,1.6129221236505649,1.4144627624942054,1.7456386674321436,-0.515794459427468,2.460111028007371,0.5869205218499306,1.2153273641379454,0.6767098205895994,0.780855527978944,0.9910609039976785,1.3979208031972914,-0.9669471953506719,-0.19562352495322205,0.7937471616096826,-1.5079398577473286,-1.0765174240460298,-1.3979208031972914,-0.9910609039976793,2.7498390175123615,0.8662627627365218,0.8186241524560076,1.3902032937194106,1.6563825263972836,-0.43454965705011084,0.5138790966987595,0.06817301183707392,0.8219023601333442,-0.9701972441467586,-0.3311783002420958,-0.47836864461934153,-0.02358138547386016,-0.6177148314801074,-0.8895394805998851,-0.4540570296619595,0.23638866577426285,-0.2706882785040748,1
-0.5605016778429365,0.28447883843337485,1.0038746524609323,-0.4281154315628296,1,0,0,0,1,0,-0.3188766245909836,-0.2442885892569894,-0.054689994255315046,-0.3643129868408503,0.2714713101983846,0.09367377412174413,1.1617277483393822,-0.4659101412983706,0.5349428177583124,0.6005099291551809,0.1750598938631352,-1.0882980661840773,-0.8530538378093573,0.5858665040541469,-0.43500596824121995,1.0910371000655743,-0.17087373699182515,-0.26711104919923645,-0.8251557858999272,-0.6659292998071308,-1.0300198058584247,0.20369686102287862,0.3651023137829969,-0.9806856452203542,-0.48836838634511587,0.6659292998071308,0.8251557858999266,0.7166055230658329,-0.25947596364157,0.5456958705343614,1.06719078135288,0.9395147565080901,-0.8126095827270634,-0.22015379130249568,0.17890935030013266,0.6358690696027934,-0.8869292675109735,0.4275877563966659,0.6802798394855113,0.7803274392483975,0.2961333508329291,0.41111087958892223,1.3568776040291806,1.0714264874841732,0.10046155601764112,0
-1.8969153204192981,0.49062096620506923,0.27967722576327125,1.7718540298733036,1,0,0,1,0,0,0.2868323516073751,-0.4600147303276346,-0.4512786181940413,-0.16815075431069346,-0.6846519880969489,-0.22383303940121166,-0.7024796835707837,-0.2736453112159875,0.25603950274674037,-1.18313620346976,-0.6924819333024358,-0.24270954816484047,0.9648218732703024,-0.4384897873803924,-0.6528845038361893,0.5400978308526908,-0.48205438836068315,-0.0799500944595009,-0.5702641928891875,0.23455420748543962,0.5386812712737861,-0.2784585861046335,0.1927316555418018,1.1203438015646559,0.8222047220475346,-0.23455420748543962,0.5702641928891868,-0.2582324537235989,-0.40957446049198204,0.8186241524560076,1.002588278879574,0.7346953936826055,0.3530751881102058,0.2692014673650073,0.6218547041523672,1.13195784435093,0.41760236644966076,-0.3311783002420958,-0.23204180154193166,-0.10137901367278856,0.34690269429476517,-0.3819686083310823,-1.1125787146405561,-1.1553410370755877,0.16231986177126023,0
0.2876069799459088,0.8256019238340739,0.5693561964423357,0.3052077222492148,0,1,0,1,0,0,-0.05387894750420167,-0.3663977257120716,-0.8350740607153893,4.822702506965421,-2.271815312063907,-4.008872010750927,-0.2161738823690315,-0.03977072254930411,1.4493712408404076,-0.7235665808970926,-0.5209155063615994,-0.185077267644424,0.4392949935838262,-1.248389845531385,-0.5928162916383576,2.9697488743162466,-1.034557271230202,-0.3870736088759635,0.46476756340334147,-0.7133741297612541,-0.9467813786361934,-0.5392837823908008,1.0029721767453794,-0.048357510536239684,0.2993136293071359,0.7133741297612541,-0.4647675634033422,-1.0102503215325889,-0.10937746679115769,1.7647755297843817,3.392880870391901,2.5951379393474188,-1.3796994712424915,1.4925896140337656,1.3416409041622488,1.13195784435093,-0.8036612908751883,-0.3311783002420958,0.6711566230752374,1.130416766143575,1.0407503882731821,-0.15990635171348128,0.6160407084282594,0.29205785388825667,0.34789477903211874,0
-1.305809286202831,-0.9523739281967958,-2.327433510348309,-0.4281154315628296,0,1,0,1,0,0,0.24897554059497767,-0.45594442577913186,0.15000090842273722,-0.4233352514959417,-0.06718734089317831,-0.02349071199517758,-1.2753104977003806,0.7805744483839225,-0.04160386601109228,-1.188253499207445,-0.9209375675200614,-0.05223771295802732,1.091682128615671,-1.663923390173009,-0.4946306313891492,0.3536613020810718,-1.7381696713047874,-1.3328485106075927,-0.10705812529392912,0.03493293508481349,0.11077764550243545,-1.5668730353369797,0.4122693802004522,-0.11828547454700415,-0.10400321111343346,-0.03493293508481349,0.10705812529392841,-1.5673005939836924,-0.4846237089171882,-0.082039177885424,0.11107374474794844,-0.596630464683041,-0.34003467563087314,1.247911984700014,1.4523772426253072,-0.4803306735805153,0.08453045990652028,-1.4693273852002382,-0.031331040515893936,0.1838789563899486,0.12690220596014448,-0.4136917878478824,0.4514102871836102,0.514734606344233,0.2860364732784985,1
-1.6142124344896835,0.49062096620506923,0.27967722576327125,1.7718540298733036,1,0,0,1,0,0,-0.028641073495936725,-0.36930508610385926,-0.7583149722111197,1.1627434486962704,-1.3801488435131979,-1.1826141777015176,-1.6162852402928014,0.4128763956091516,0.4984021856215236,-1.4830161582651364,-1.624142178241161,0.07227856280757886,1.49412880023877,-0.3067664056258901,0.01178304679303994,0.6787702899903021,-0.7263620601476348,-0.8310198912312415,0.4316262532639202,-0.3295023237687909,1.9409665933892524,-0.5548818126489553,7.66196766357251e-4,1.2832109685419095,1.30013519675396,0.32950232376879157,-0.4316262532639209,-0.3696425082138195,-0.10937746679115769,-0.3549674598070702,0.03355074177998182,-0.2552648599739003,-1.0646495331783645,0.8401159358104279,0.6772228733838963,-0.9764194483286528,2.582569758980075,-0.1035484832504671,1.6108479133335034,1.3638096507403592,1.9038292271243826,1.5214221626769286,0.5337254978059351,0.4033962301162448,2.574793786162414,0
0.15910566815972013,-1.5192647795689571,0.27967722576327125,-0.13478617003801185,1,0,0,1,0,0,-0.5081606796529707,-0.02042183908933873,0.5849690766135982,-0.5147618967459854,0.9559009113543713,0.38211306246302085,0.4924413496526314,0.14432397227817523,0.8371336355333232,1.1465976522917503,0.8546329740414251,-1.2291862430888687,-0.9823621794459113,0.4426008291907805,-0.5457689961022785,0.16637704055522662,1.0705002117215654,0.9899613272720238,-0.4157307643808121,-1.264146720967831,-0.24251015052263022,-0.74482858061305,-0.9771968434994712,-0.4874897707054129,-0.1445601669850824,1.264146720967831,0.41573076438081064,-0.007559831120602114,-0.8598699510432187,-1.3557044935197728,-1.077612300760884,-0.6649035856248688,-0.9701345517591269,-1.1173050988595852,-1.0945585420250417,-0.728375060954584,0.24313612968896817,-0.17942508891434333,2.2038569800013414,1.2137713677852842,0.9102006479427482,2.948965240932937,2.2623449208747504,1.6042601451466876,2.018069034379841,1
0.544609603518286,-0.7977673323680251,-0.4445202009343899,-0.13478617003801185,0,1,0,1,0,0,-0.016022136491804253,-0.37163097441728943,-0.7455217907937414,1.1424907108244253,-1.3128210134467235,-1.1687512041533321,-0.4787824306287636,0.4740331664149854,-0.05165902891554062,-0.5601948327668399,-0.6806982245992633,-0.753255594409478,0.413771734718846,-0.7884361973506083,0.1105207058694818,-0.343122499524425,-0.628222033886232,-0.6898981442014293,-0.06904425348519984,-0.9588735405703893,-0.12203753388646751,-0.5399081805283478,-0.27418539829908223,0.1338528633508211,0.21138976979685514,0.9588735405703893,0.06904425348519913,-0.7038726716844818,0.19081952690966666,0.2727675886127153,0.046471242274642305,-0.20406001926752979,0.29006520049738066,0.6769975162545934,0.7879592118469556,0.015758101167622184,0.16779843654230542,-0.17942508891434333,1.2550424733328,0.8970238815467907,0.9053654723749538,1.2993599060593275,1.3568776040291806,0.9044189231421907,1.275769365336409,0
0.2876069799459088,-1.2100515879114147,-0.4445202009343899,1.0385308760612593,0,1,0,1,0,0,-0.0412600105000692,-0.36872361402550174,-0.6431763394547153,0.39024616129875006,-0.8735913004177098,-0.5851647370442374,-2.34570889106038,-0.2990794869312005,-0.70704141979866,-1.0336290947191649,-0.7836374601045437,-0.04628581495935915,0.8565555592377678,-0.9308743983350659,0.26997285879129884,0.3674876084263921,-0.8097340784474462,-0.32951810286089916,0.8989187262297652,-0.9546649792422314,2.3316465832471462,0.6809488651951539,1.335838912991215,0.5934477715347362,0.6970567855875831,0.9546649792422314,-0.8989187262297659,-0.8152827261747027,0.41596727218528484,0.47291499535525605,0.6020527635450756,0.22264698661889537,0.29006520049738066,1.0847935651441794,0.6772228733838963,-0.23228628620644656,2.582569758980075,0.9587239960437993,0.7897584364088047,1.4286410075727993,1.6330593953279282,-0.5723076854318833,0.4514102871836102,0.013711913318286572,0.7190446135538346,0
0.8273124894479005,0.49062096620506923,0.27967722576327125,1.7718540298733036,1,0,0,1,0,0,-0.81101516775215,4.8435920963714345,-0.4512786181940413,-0.16815075431069346,1.8138318464919418,3.8550115326310133,-1.027471979747167,-0.2000839955360242,0.5129846228187549,-0.9744825045474111,-0.4904307576589757,0.20125649096597262,1.0785497921010894,-0.9066079365676666,-0.6500538987547145,1.1202094139011858,-0.08203000084870152,0.41557901208040454,0.633698674005907,-0.3540047794704373,0.5228528312966902,-0.37658816241572735,0.42443526390682523,1.2351234506145436,1.043316023681302,0.3540047794704373,-0.6336986740059076,-0.7874302125521474,-0.4846237089171882,0.5002078235474204,1.0413497803635572,0.9565830367435462,-0.24551969421163483,0.5138790966987595,0.2342775195316623,0.2638024885416898,0.41760236644966076,-0.4070549059059717,-0.1864257194905595,0.054216242725068246,0.549980068142106,-0.44541496736468245,-1.0302635040182315,-1.266679413303576,0.16231986177126023,1
0.72451144001895,-0.7977673323680251,1.7280720791585935,-0.13478617003801185,1,0,0,1,0,0,-0.33149556159511606,-0.2355665080816264,-0.7455217907937414,1.1424907108244253,-0.9932223085531113,-1.0641081134992876,1.0258170408043117,1.4683987539688064,-0.5723258974628636,0.5087044117945823,-0.3797636640098459,-0.8483538643590428,0.3431676989790908,1.3374772964016362,1.3231070418254947,-1.2085431498804962,1.079295179949169,-0.039331317357144416,0.0915777400728132,-1.2478791760798724,-0.0900320108436744,-0.6899637834283108,-0.43208063931004326,0.3829837837092169,0.45531198632517794,1.2478791760798724,-0.09157774007281391,0.939425632046274,0.8662627627365218,-0.7279694450999874,-1.1809763047181743,-0.767313267037611,-0.2140147004052217,0.10608304780917345,0.06817301183707392,-0.6663639641110671,0.1400424443303771,-0.4070549059059717,0.9904691974348425,0.585833368751077,0.7192112130148905,1.331083085576127,1.1099319721622063,0.514734606344233,1.0901944480755505,1
-1.2030082367738797,0.8256019238340739,1.0038746524609323,0.3052077222492148,1,0,0,1,0,0,-0.6217311126901629,0.3895159761527229,-0.8350740607153893,4.822702506965421,-1.420056647234133,-3.427521507117346,2.194872848130221,1.3199362980804226,0.2594207791683059,0.8749245562803967,0.6046642839448347,0.643563540503657,-0.6297160560849104,2.201956711915968,1.0520574574827815,1.455780646094708,0.9126924980064979,1.0756332359647778,1.4466056031467225,-0.5569819125050662,-0.8518549227723822,-0.7577259269302313,1.1082822586042627,-0.27695637246405314,0.264053316752739,0.5569819125050662,-1.4466056031467232,2.2763462859289234,1.1664597564373458,0.427426948368315,1.1576342848155081,1.5369045647490853,-0.8126095827270634,0.18764225758709038,-0.4301405112466897,0.44983577907224165,-0.6648813298155464,-0.482931511569848,0.9722227646142934,1.4675398216722642,1.243827762120523,0.09387908442092041,0.8629863402952329,0.6260729825722207,0.7809029193074537,1
1.0843151130202777,0.49062096620506923,-0.15484123025532542,1.7718540298733036,0,1,0,1,0,0,-0.7605394197356201,1.5757190160020926,-0.7583149722111197,1.1627434486962704,0.17807456053538515,0.31324538741719665,-2.1126093822327774,-0.4244219393654508,1.7629653328962758,-1.0358471339482667,-0.1960386982028626,0.3834317065319037,-0.12348571029136221,-0.9217208447243957,-1.0663425815556757,2.521473806377728,-0.04053859264023192,1.2436489561434076,1.2465662665038717,-0.7133741297612556,2.0166621648659198,-0.48570615800688166,0.12380533564527126,1.359165276153123,1.469041057893854,0.7133741297612556,-1.2465662665038724,-0.6203151308168162,-0.6347222057676005,1.8557516237582636,3.1990733629719825,3.021844945233844,-0.024984737566746233,0.5138790966987595,-0.04256332662598434,2.1861464906907218,2.8046176966755025,0.04820472807728505,1.8845444056417364,1.675000163536073,2.2592146313572306,1.7117612397777302,0.7806711296729086,0.45906541823023866,2.884085314930511,1
0.72451144001895,-1.2100515879114147,1.7280720791585935,1.0385308760612593,1,0,0,1,0,0,-0.33149556159511606,-0.2355665080816264,-0.6431763394547153,0.39024616129875006,-0.5745654310251282,-0.48275760986570665,-0.9106269985499205,0.22012531424337306,-1.7501192859849901,0.21460995496275645,-0.7414636084468867,-0.9015682135139284,0.7207183069217923,1.2183136310658509,1.174525592847385,-1.061450160738032,1.3597680338679337,0.4201652509118781,0.05260013630273529,-1.2817996886347096,2.483573633812005,0.874485053254663,1.3258166476061637,1.058398502336692,1.3741485938616447,1.2817996886347096,-0.052600136302735995,0.6887530094432773,0.5660657690356972,-1.1009714303929035,-1.4006248131274146,-0.9038595089212672,-0.40304466324369825,-0.46483142063624716,-0.5408768497097485,-0.8523972546416179,2.3882778134965768,0.8828473903799233,0.16025650409986858,0.8321925247143505,1.2607508766078017,-0.635754044465484,-0.4540570296619595,-0.9883334727336057,0.2860364732784985,1
1.3927182613071303,-0.46278637473902035,-0.4445202009343899,-2.041426369949327,1,0,0,1,0,0,-0.7983962307480176,2.20370886062823,0.12441454558798068,-0.4204420032285353,2.1249365347287164,2.0197327119293083,1.2722509605817358,-0.9785610607363497,-0.35625237520082864,0.7684233125872264,0.9499770800450654,0.5593291411310213,-0.7556822781140289,0.6743001284429666,-0.8246040177661176,0.1799971596233665,0.349172322358044,0.9878618575728357,0.513835114248652,0.2532428274968747,-1.0953431874070159,0.5170355630631228,0.667888717986334,-0.6918570230134506,-0.2705618978920385,-0.2532428274968747,-0.5138351142486527,1.2736557955169365,-0.3345252120667762,1.9467277177321458,1.764897808064586,1.8612018892227682,2.0228398598500785,0.35076067714292497,0.12354118106860354,2.1861464906907218,-0.9146852597229018,0.8828473903799233,1.0269620630759395,1.2600794798084554,0.854596128913119,0.3476645205553221,0.5337254978059351,0.7374113588002092,0.904619530814692,0
1.110015375377516,-0.7462318004251005,0.5693561964423357,1.7718540298733036,1,0,0,0,1,0,-0.38197130961164594,-0.19602640675331406,-0.15703544559434116,-0.3197569635227911,0.2676872612875594,0.09635693029236066,-0.45472361949692763,-1.9577494609951147,-0.2972453076586555,-0.03166981841733698,-0.16922753937279428,-1.5944495412723236,-0.4469427406039872,-0.6017809836239064,-1.269768894460124,0.3814143095975937,-0.6934482409220785,-0.4970016183611585,-1.637116465595288,-0.550966827225982,0.031011793842738833,1.4150459712284058,0.789628891035924,-0.6448275238058981,-0.26522125754717396,0.550966827225982,1.637116465595287,-0.7038726716844818,-1.3101654415944555,-0.7643598826895395,-0.4703487775118068,-0.6990401460957827,-0.8126095827270634,-0.9541866793037505,-0.319404172783631,-0.4183195767369984,0.029018475482663446,1.33810702436318,0.041654690766301246,0.4432043837197094,0.1438253204474232,-0.44541496736468245,0.6983559190505837,0.45906541823023866,-0.023255055489598248,1
1.0072143259485644,0.8513696898055362,0.27967722576327125,0.5985369837740325,1,0,0,1,0,0,0.021834674520593164,-0.3966342737866634,-0.016310450003180245,-0.3689421840687006,-0.030951500091834443,-0.019913170434355545,-0.5311971907431114,-1.1982078851813929,1.0550914738887132,-0.7054797301676219,-0.26715992933015853,0.6910037799905213,0.7056897633971257,0.16742010027261534,-1.1828754821131402,1.1579816068435895,-0.2992854994670179,-0.08300411664791287,-0.060099813059615065,1.002053003267564,0.9059268160431806,0.45959923472465225,-0.278685551022106,0.6562912235670294,0.26628362807825,-1.002053003267564,0.06009981305961435,0.8558680911786088,-0.6347222057676005,2.6108532037414847,3.0181863560467246,2.697547620760161,0.6366201323679207,1.5741488238116832,1.784586258014483,2.4341908780647894,0.8339422496285867,0.4275877563966659,0.0051618251252043045,-0.1402778277722523,0.12690220596014448,0.030432725387320277,-0.7010026615289333,-0.32030321536567735,0.34789477903211874,0
1.0072143259485644,-0.02473435322416849,1.0038746524609323,-0.4281154315628296,1,0,0,1,0,0,-0.6848257977108253,1.0378573435213736,1.6851826785081292,-0.6449580687792753,1.837404391223052,1.2966221239481541,0.04433503313629604,2.0081794212023065,0.11107624301295649,-0.23318886589842405,-0.6553598090375382,0.8079683440974074,0.42776956037845315,0.5874277993390039,0.886844990142473,0.820138491098091,0.04821916226434081,-0.042599329892711056,-0.7896550408158974,1.8851427108031094,0.5253019928385121,-1.867867435494833,0.6723151444241413,0.3628364096282185,0.8104098942743434,-1.8851427108031087,0.7896550408158968,0.6887530094432773,1.0163612595869336,0.4547197765604794,0.8346217724489774,0.8200367948598906,-0.5605696322757617,-0.38327221085833024,-0.04256332662598434,0.44983577907224165,0.6396503041450882,-1.6969572021918669,0.5160619441005718,0.806259981981374,0.9222885868622325,0.2524949820049213,-1.0302635040182315,-0.26463402725168356,1.3994859768436472,1
1.6754211472367457,1.7274737328352407,0.5693561964423357,0.3052077222492148,1,0,0,0,1,0,0.08492935954125552,-0.41000813158888666,-0.4128990739419065,-0.191296740449945,-0.49520700578082527,-0.16748675981826458,1.1059777549242902,-0.2815431239524952,-1.7747562107841242,1.267505588195191,1.1167617523142224,0.2720194707515336,-0.972960612642188,0.5586015823848738,-0.07985460024332305,-0.7502632469228306,0.7971327658227679,0.778983076994071,0.0915777400728132,0.28017642692511974,-0.979740871388592,0.30643018776107955,1.6722089867811611,-0.9218950716583239,-0.6913196145615506,-0.28017642692511974,-0.09157774007281391,0.939425632046274,0.340918023760079,1.328090278709748,0.6666552660183818,0.9907195972144606,1.9598298722372534,0.10608304780917345,0.06817301183707392,1.814079909629618,-1.053465220782544,-0.1035484832504671,-1.0531312784666302,-0.1532440991387405,-0.4992530300691578,-1.9681275841710915,-0.20711139779498602,-0.09762646290970158,-1.2604211705619852,0
-0.894605088487027,-1.0812127580541053,-0.15484123025532542,0.011878460724397032,1,0,0,1,0,0,-0.6469689866984278,0.4976697827272243,0.32910544826603294,-0.4609474789722255,1.1897591452346847,0.738972833155019,0.437003553468336,0.3484773268146329,-0.7194834003954291,0.9310726946669827,0.7010127598698713,1.7833671552844934,0.24716621348463116,1.2736021677969014,0.1314998490770561,-0.5440608181788441,0.9518385781188592,-0.09070421227624435,-0.23432195700141584,2.664697762972419,0.6649042007223558,-0.3465624052396382,0.4368292579326888,-0.31399230210773255,-0.9999059297524667,-2.664697762972419,0.23432195700141514,0.911573118423719,-0.10937746679115769,-0.6642861793182697,-0.8192022908676594,-0.4430159425639276,-0.7180946013078251,-0.13859458152457876,-0.04256332662598434,-0.5423417704240322,0.77843026520473,-0.17942508891434333,0.5160619441005718,0.6765972683164937,0.49921072468027106,-0.857816301083085,-1.0302635040182315,0.29205785388825667,0.7809029193074537,1
0.08200488108800677,-0.05050211919562982,1.0038746524609323,1.0385308760612593,1,0,0,1,0,0,-0.09173575851659908,-0.3600015328501387,0.7256940722047591,-0.5402224814991621,0.4776315127784342,0.14062900710753337,-0.8181515196286518,1.0592834754864147,-0.24680604995349528,0.3384896585703608,-0.40081532949630155,-0.45291319674985303,0.6484752276311863,0.9047657713612101,0.6999615683095461,-1.2542330529471917,1.5870550131527654,0.5216819345992219,0.3506288912831737,-0.965469047129439,2.041690902274088,-0.7526936802790597,-0.9229911220993686,1.1164188927981447,1.0304004306492094,0.965469047129439,-0.3506288912831744,0.9672781456688292,0.7912135143113154,0.35464607318920965,-0.37990527404917784,0.2397152668543526,0.8571550890128092,0.4323198869208419,0.2896456887631914,0.38782468222872474,2.527057774556219,-0.4070549059059717,1.2732889061533492,0.5210020119186368,0.9730579303240674,2.1558857530129325,0.28677986593896093,-0.15329565102369538,1.5232025883508855,0
2.317927706167689,0.33601437037629844,-0.15484123025532542,1.478524768348486,1,0,0,1,0,0,-0.7100636717190902,1.078560389006401,-0.3617263482723934,-0.20865623005438366,0.8845998003890834,0.9907423204978699,-0.011718220307631205,-1.6997087318786408,1.6969641401118574,0.10266684314043374,1.5118929159201706,1.2618517829570848,-0.821465852057577,1.0134230381486682,-1.0357487252939517,0.6947578430220649,0.8919085099569849,1.281949558025751,0.5745878774132874,1.151146070773566,1.0288948295095979,1.295313240594735,-1.621642198121901,0.745704929303263,-0.7139606049339942,-1.151146070773566,-0.5745878774132882,1.8585585815905954,-0.4846237089171882,2.4379986251911094,2.540127837744259,2.919435263821102,1.5817699465603012,0.4323198869208419,0.17890935030013266,3.4263684275610644,1.2225261405955843,1.5657368413548085,0.7350191379471587,-0.2958730841701091,0.008440404549195996,0.8235122133073248,-0.20711139779498602,0.4033962301162448,0.7190446135538346,1
1.8553229837374106,1.1605828814630785,0.27967722576327125,1.0385308760612593,1,0,0,1,0,0,0.3877838476404349,-0.47106269981642773,-0.42569225535928473,-0.18840349218253855,-0.7014051331667572,-0.21667795627956757,-1.3144989729677221,-0.2703542996370712,-0.7116317751689819,-0.74762107506285,-0.8246485648660283,-0.3668127978166089,0.5888119092919704,-1.159240322514007,0.2172853382240529,-0.5090729202248647,-0.6569769483437369,-1.3632092473912394,-0.5505532963957722,0.04574314950473895,0.6695435490206111,0.5887414426665006,0.461255286440867,0.3585407440075459,-0.25882498064179255,-0.04574314950473895,0.5505532963957714,-1.2052179168904753,-0.18442671521636386,-1.0827762115981268,-1.1422148032341901,-1.2964299543367779,-1.0961545269847772,-0.13859458152457876,0.12354118106860354,-1.4104971262332722,1.1392581639597994,1.1863538130354276,1.5926014805129542,1.6361013494366081,1.7176749677643206,-0.033013633646279864,0.9453015509175579,1.0714264874841732,1.646919199858125,1
1.7011214095939837,0.8256019238340739,-0.15484123025532542,0.5985369837740325,1,0,0,1,0,0,-0.19268725454965888,-0.3035987412494579,-0.8478672421327675,5.8671651314991475,-2.5995309774756743,-4.767758014340301,-0.14765818243086376,0.6988903593467755,-0.87143990649011,0.03784626502181862,0.17654480789721652,0.43882112896138703,0.46084156437346613,-0.12349962856856586,0.5263968400156351,-0.8857331512193999,0.39180325858129433,0.3947246781098355,-0.46991781074089073,1.0645584453617318,0.08192292335484008,-0.43191615281171214,0.3012111483856312,0.337377541953558,0.1558549245308746,-1.0645584453617318,0.46991781074089,-0.11896988561082296,0.491016520610491,0.018034525485845748,-0.44450777652248397,-0.27233314020935756,0.9201650766256344,-0.38327221085833024,-0.2086678343205727,0.2638024885416898,0.27882240539001907,-0.17942508891434333,0.826251302049903,0.8710913388138142,0.9730579303240674,0.15732544345452057,-1.0302635040182315,-0.7099875321636356,0.5953280020465953,0
1.110015375377516,-0.46278637473902035,0.5693561964423357,-2.041426369949327,1,0,0,1,0,0,-0.38197130961164594,-0.19602640675331406,0.12441454558798068,-0.4204420032285353,0.4891792487721614,0.17416845924023996,0.4451559693589585,-1.2316435738030438,-0.2074187797078964,0.22342981479093366,0.04208344890886478,-0.8288390032902198,-0.529841274509277,-0.6828450507198662,-1.026700758257503,0.4921895960758123,-0.3786961873580754,-0.23633062103730035,-1.3328496965688592,0.1914665557924087,-1.3012909406529083,0.6619431766149291,0.7781514979034447,-0.6773479221940986,-0.2854413980789617,-0.191466555792408,1.3328496965688585,-0.8152827261747027,-1.1600669447440433,-1.028190555213798,-0.6512357844370638,-0.7502449868021539,-1.0646495331783645,-0.9541866793037505,-0.4855086804782194,-0.6043528672675491,-1.1644891896302574,0.8828473903799233,0.6529101902546883,0.9877877811122063,0.6176725260912207,-0.033013633646279864,0.6160407084282594,0.793080546914203,0.5334696962929761,0
0.05630461873076867,1.0059762856343069,-1.6032360836506476,1.0385308760612593,1,0,0,1,0,0,-0.29363875058271866,-0.2524291983539949,-0.7071422465416066,1.0354405249303869,-0.8514548111792868,-0.9943460530632579,-0.9207282718274854,-0.8982544582536574,-0.4445375361994701,0.23126295733723287,0.2793552802341119,0.8112965929981839,-0.024969230844481636,-0.7164139413054592,-0.34544863182204855,0.14750269734292368,0.29712261102382514,0.19423580760384657,0.5391776954544716,0.5717619163874261,0.5644627060829234,0.8868195779162013,0.7559236898040286,-0.017799640544343843,-0.1735420848059565,-0.5717619163874261,-0.53917769545447225,-0.2582324537235989,0.41596727218528484,2.6199508131388733,2.3204793293350194,2.373250296286478,1.6132749403667133,1.0032343553662626,0.7879592118469556,2.2481575875342377,0.6118943119331598,0.9587239960437993,0.3062279666642602,0.6636309969500054,0.6176725260912207,-0.667477223982284,-0.28942660841731066,-0.04195727479570725,0.34789477903211874,0
0.5960101282327613,1.7274737328352407,-0.4445202009343899,0.3052077222492148,1,0,0,0,1,0,-0.6343500496942954,0.4563852651638393,-0.4128990739419065,-0.191296740449945,0.5039726164422876,0.49883035588483976,0.2357407051644822,-1.1316643600524634,-0.6608368341674802,0.7812104783271302,1.1071354803231173,0.9110996833694183,-0.6058540552345502,-0.6652166991372455,-0.8150691878509996,0.6471739785996001,0.07563237535449191,0.7869101051097869,0.8615353283924961,0.38817105265189955,-0.9924798768649105,0.7367264295066867,1.5537335257439706,-0.9803691879884678,-0.6710657894329891,-0.38817105265189955,-0.8615353283924969,-0.4253475354589299,-0.4846237089171882,1.2280165753384769,1.428964795203394,1.4003583228654286,0.9831750642384596,0.6769975162545934,0.2896456887631914,1.2559800380379649,-1.053465220782544,0.27583454506891375,-0.97102233077416,-0.127311556405765,-0.4992530300691578,-1.7777885070702906,-0.20711139779498602,-0.04195727479570725,-1.0129879475475077,0
-0.04649643069818187,-0.9008383962538722,1.0038746524609323,-0.13478617003801185,1,0,0,1,0,0,0.7284951467520117,-0.5454911258461922,-0.6687627022894718,0.49787499684626974,-1.4017336348744776,-0.8042891576445872,0.3769909432755007,-0.6822569153455843,-0.40239461130803406,-0.07625478311609671,0.773329651563436,1.1780600784975495,-0.6812340875424758,1.9776840596318652,-0.6657684870398042,-1.0415494208873468,1.0509391676812334,1.0470957507652474,1.0345842828972671,0.5806453452778549,1.4518635264420225,0.2694667724689236,-0.4965698073911943,1.1451085812437016,0.016918778372896116,-0.5806453452778549,-1.0345842828972678,2.2763462859289234,-0.40957446049198204,0.8732098088403377,0.13691474573727128,0.5640125913280355,1.9913348660436665,0.02452383803125581,-0.4301405112466897,1.13195784435093,0.8339422496285867,-0.17942508891434333,-1.1808563082104715,-1.21647835119076,-0.7700228618656133,-1.1433249167342867,-0.6186874509066087,-0.4316415915936655,-0.9511296417938885,0
2.317927706167689,0.0783367106616796,-0.15484123025532542,-0.13478617003801185,1,0,0,1,0,0,-0.7100636717190902,1.078560389006401,0.6233486208657331,-0.5251775905086485,1.6021406925181352,1.2353567247190766,1.132382760428353,-0.5105321097398785,0.5413576296851134,1.0669004398067774,1.5550421195176292,-0.17016043670509906,-1.9552939728813927,0.9900572876021104,-1.2700309521556656,0.6928968654197601,0.841944855039789,1.3025219131087893,0.569588792901455,-0.7969897706705045,-0.5853522173455361,-0.5715677849904065,-0.0437594883395997,-0.6064555575717588,-0.7499717822299995,0.7969897706705045,-0.5695887929014557,1.6357384726101538,-0.8598699510432187,1.9194348895399813,2.0749898199364556,2.4244551369928486,1.2982250023025865,0.2692014673650073,0.012804842605544792,2.806257459125893,-0.4150773999081907,-0.3311783002420958,0.7988816528190786,0.6506647255835172,0.34690269429476517,0.28421816152172197,2.097714499630101,1.739456744852101,0.22417816752487937,0
1.7525219343084582,-1.41619371568311,-1.168717627632051,1.7718540298733036,1,0,0,1,0,0,-0.4703038686405733,-0.1047352904511812,-0.13144908275958464,-0.3492680958503368,0.433534392391374,0.18937301087373362,-0.12039562208466256,-0.3511244412171373,0.15533949545298012,0.8343961274576016,0.8945096277338366,-1.2425054669940045,-1.3378001265820618,-0.10090829260280172,-0.7214679831369226,0.6577063439207286,1.0196098494674288,1.2855010994088873,-1.4375436385994584,-0.26889098598050765,0.0665866662605446,-0.24082147264342532,0.44857715249420155,-0.11618766429241095,0.09213529555966783,0.26889098598050765,1.4375436385994576,-0.06326485836571254,-0.6347222057676005,0.16359627584405784,0.48576825909312477,0.9053781960371756,-0.05648973137315825,-1.5251011477491712,-1.2052948804881005,1.0079356506638961,0.22331042096616224,-0.02767187758659086,0.6711566230752374,0.8192262533478623,0.7192112130148905,0.2207718024881207,0.4514102871836102,0.3477270420022505,0.16231986177126023,1
1.8553229837374106,0.8256019238340739,0.27967722576327125,0.5985369837740325,1,0,0,1,0,0,0.3877838476404349,-0.47106269981642773,-0.8478672421327675,5.8671651314991475,-3.0227277154627936,-4.896549510529895,-1.002514422288374,0.7067766254082973,-0.34357575292371106,-1.2952484026763287,-1.424036939791896,0.7872592398259195,1.859975661285396,-1.2136314311030205,0.310631265073786,-0.4246479269781579,-0.8875107268185103,-1.5188730078611712,-0.604544012877736,1.6733070988005785,0.18137448192369066,-0.6588895168764943,0.04294935037947922,0.8697565851626273,0.36843389777951224,-1.6733070988005792,0.6045440128777353,-1.2887754577581405,-0.25947596364157,-1.492168634480596,-1.4393863146113988,-1.6377955590459181,-1.411204465048904,-0.30171300108041293,-0.04256332662598434,-1.8445748041378918,0.1400424443303771,-0.6346847228976005,-0.06782390615699217,-0.03654765684034838,0.31305646532020776,-0.3819686083310823,-1.6887851889968277,-1.32234860141757,0.038603250264021984,0
-0.4577006284139859,0.8513696898055362,-2.0377545396692445,0.5985369837740325,1,0,0,1,0,0,0.13540510755778543,-0.42512640562618254,-0.016310450003180245,-0.3689421840687006,-0.11277384770415104,-0.04182561249439052,-1.6013698667505478,0.19425125096732926,0.6881501912686132,-1.2208153016686902,-0.690165754412607,0.05938933294378345,0.8113896707920077,-1.3394970302848073,0.644286459285555,0.8827925366284122,-0.6458608111769276,-0.1681366538917447,-0.01001094667634824,0.09092870184200141,0.8883341315328847,0.37881609313412234,-0.05360300150818873,1.008818187535906,0.7330965648891338,-0.09092870184200141,0.010010946676347532,-1.2052179168904753,0.8662627627365218,0.6730624020977969,1.06719078135288,0.7176271134471482,-0.024984737566746233,0.758556726032511,0.8433273810784847,0.6358690696027934,0.8894542340524437,0.4275877563966659,0.20587258615124074,0.14498014229048395,0.549980068142106,0.15732544345452057,-0.37174181903963527,-0.3759724034796717,0.47161139053935697,0
-0.894605088487027,0.0783367106616796,-0.15484123025532542,-0.13478617003801185,1,0,0,1,0,0,-0.6469689866984278,0.4976697827272243,0.6233486208657331,-0.5251775905086485,1.335232273706633,0.7886112223114248,1.2169096481972759,0.5055459839291462,-0.14998273589500916,0.9117582772320032,0.36847117922044903,-0.7867768398623693,-0.6837352656178121,1.0893453603543366,0.23999951375748774,-0.5184196872497138,0.8441981629927947,-0.01962520176766085,-0.40749033797582196,-0.6689258153831794,-0.6036814399824664,-0.45345148416279774,-0.3159303650620451,-0.3946341632766367,-0.49819076900865394,0.6689258153831794,0.40749033797582124,0.4102278732177254,-0.3345252120667762,-1.5558519002623137,-1.5298298180740268,-1.1940202729240363,-1.222174502210428,-0.5463906304141645,-0.4301405112466897,-1.3484860293897554,-0.4150773999081907,-0.17942508891434333,0.9083602497423721,0.585833368751077,0.38074892326932136,0.728342674756924,1.6861384465184783,1.4054416161681371,0.34789477903211874,1
0.8273124894479005,1.7532414988067013,0.5693561964423357,-1.161438585374874,1,0,0,1,0,0,-0.8236341047562825,5.893149197806784,-0.4896581624461761,-0.10160604416034526,2.2053139508960626,4.610767187354669,0.3436840757881952,-0.2027971263795742,-0.4245734620938018,-0.27255235768135133,-0.8364272210690449,-0.4073972128355458,0.17126687284799455,0.2980321209749544,-0.8536491736185097,0.12252242281595396,0.841944855039789,0.46393640016890264,-1.4375436385994584,0.8700970699576539,-0.18011088990870466,-0.5768215821370797,0.7035293648900255,1.2030587575461555,1.540339949091568,-0.8700970699576539,1.4375436385994576,0.18740776423728422,-0.8598699510432187,-0.2912841940253525,-0.18609776662925942,0.15437386567706757,-0.49755964466293656,-1.6066603575270884,-1.3160312189511594,-0.17027518936292965,-0.19302946221276363,-0.5588081172337243,-0.06782390615699217,0.30057539868834077,0.7869036709640054,-0.12818317219668063,-1.3595243465075295,-1.211010225189582,0.904619530814692,1
0.8273124894479005,-0.9008383962538722,0.5693561964423357,-0.13478617003801185,1,0,0,1,0,0,-0.8236341047562825,5.893149197806784,-0.6687627022894718,0.49787499684626974,1.7713476122513325,4.1474755552282145,-0.5271063055813515,-0.4547939176306136,0.6249091559118104,-0.32707255094126036,-0.13537609646911603,-0.9345241830698648,-0.8655751063310956,0.3635827388993455,-0.8242264163825691,0.1050646542902036,0.6636248544298669,0.47470206380377455,-1.046543814281098,-0.2366301126415829,1.096241737844528,-0.2014730054397036,-0.7486919055470685,1.0998929611496833,0.639449727629456,0.2366301126415829,1.0465438142810974,0.4102278732177254,-0.7097714541928067,0.2636699792153276,0.279040251178545,0.5469443110925782,0.038025250046078915,-1.3619827281933365,-1.149926711256571,0.2638024885416898,0.6396503041450882,-0.482931511569848,-0.9618991143638861,-1.1516469943583196,-0.7192535184037778,-0.2233527107470814,-0.28942660841731066,-0.4316415915936655,-0.7036964187794109,1
-1.1259074497021662,-0.07626988516709207,0.27967722576327125,-1.161438585374874,1,0,0,1,0,0,-0.25578193957032125,-0.2745251373315812,0.35469181110078946,-0.4609474789722255,0.46610598383727814,0.14510093405856092,0.37626743865182644,0.8758176716291677,0.6045222513687633,1.3396238634419961,1.0295071382722636,0.2094356086406799,-1.3201902886653651,0.15293685042291014,0.38235928832169097,-0.538960838036882,1.4030543021315587,0.7697340083091958,-0.003877616098807187,0.28949096339405445,-0.37039633386775916,-0.8190480987379273,-1.3680058342783918,-0.41850078553345604,-0.5869142583137238,-0.28949096339405445,0.0038776160988064777,0.02029268250195297,0.19081952690966666,-0.4277483349861756,-0.625394783447741,-0.08458205761933026,-0.08799472517957138,-1.0357458890816678,-1.149926711256571,-0.17027518936292965,-0.3040534310604773,-0.7105613285614767,0.2514886682026129,-0.5162996974004062,-0.6346379459673855,1.1407440084753266,0.36909507656128593,0.5704037944582268,-0.1469716669968365,1
-0.12359721776989524,-0.02473435322416849,-0.15484123025532542,0.5985369837740325,1,0,0,0,1,0,-0.05387894750420167,-0.3576756445367086,-0.23379453409861076,-0.28677393327435763,-0.1662018646238197,-0.05345262256706214,-0.223810057893606,-0.19191375538826433,-0.43439758060035233,-0.6262799598037964,-1.3436636547182188,-1.3086993420131579,0.8201114939743466,-0.4624445039033591,0.055404460355169584,-0.837168855994512,-0.32213099386632155,-0.8932629929013401,-1.5389139634227365,-0.25863368266248993,-0.15085576584090948,0.31891062421545247,-0.24743791893201736,0.5266442421691238,0.8747311053236998,0.2586336826624906,1.5389139634227358,-0.7038726716844818,-0.40957446049198204,-1.3738997123145495,-1.5169093175793655,-1.5353858776331764,-0.8756195703398886,-0.9541866793037505,-0.3747723420151606,-1.0384305451721696,0.16779843654230542,0.8069707847160468,1.3918907194869166,1.026686595211671,1.209981533145967,1.8069307783281299,-0.12479618717266176,-0.26463402725168356,1.770635811365363,0
0.13340540580248203,2.2428290522644785,-0.4445202009343899,-0.13478617003801185,0,1,0,1,0,0,0.21111872958258027,-0.44198909589855107,0.6361418022831113,-0.519969743627317,0.2147085101887988,0.06192309276944856,-0.5210474643793451,2.195581557458508,-0.1380598952388979,-0.6160923114620629,-1.0055278334393336,-1.1352021678581845,0.43813767147071175,-0.1696757725965478,3.0899604792173014,-0.34584812843063134,-0.5099871048595538,-1.333752635489755,-1.1334326641296226,-0.4241556457943308,0.5549911501712752,0.08194998450418906,-0.15881151378098501,0.32660648255274305,0.005085575497710725,0.4241556457943308,1.133432664129622,-0.03541234474315745,3.2678387123431163,0.5729886987265271,0.29196075167320634,0.06903246449978255,-0.24551969421163483,0.10608304780917345,0.7879592118469556,0.6358690696027934,0.6951622885689447,0.27583454506891375,0.5981708917930423,0.4172718409867329,0.5330569536548284,0.31594134103852145,0.36909507656128593,0.18071947766026855,0.6571863078002155,1
1.3670179989498932,-0.05050211919562982,0.27967722576327125,1.0385308760612593,0,1,0,1,0,0,0.08492935954125552,-0.4018675224918812,0.5593827137788417,-0.5026102540228783,0.26456473240392425,0.07936360787845599,-1.0724715825393065,0.5623931426617355,0.4842050340577412,-0.23215923468941965,0.03328910844098262,-0.402480679800129,-0.28891563897724193,0.39565337401465783,0.19095338070041423,-0.3985982797345897,0.9252502803584058,1.254765408685981,0.01898787070343759,-0.567767582660665,1.8866300318478315,-0.5806093329712065,-1.0624773329833006,1.2310944880631327,1.1817567299721503,0.567767582660665,-0.0189878707034383,0.8280155775560533,0.7161642658861095,1.555530513644453,1.06719078135288,1.4515631635718003,2.180364828882142,-0.6279498401920818,-0.7069813574043363,1.938102103316653,1.8609139614699375,-0.482931511569848,0.24236545179233895,-0.3607044410025493,0.12690220596014448,1.489698983160128,-0.37174181903963527,-0.6543183440496418,0.7809029193074537,1
2.6520311168117785,1.3924927752062353,-0.15484123025532542,-1.6014324776621007,1,0,0,1,0,0,0.1858808555743153,-0.433267014723188,0.13720772700535894,-0.4134982073867598,-0.036143572193999274,-0.013652472702916979,-0.07136312922923001,1.3608633726698476,-1.4192183965061547,0.2818212151448895,-0.49154120921953376,0.4741617886875723,0.5003463380242607,-0.9816645515765449,1.3368117359535887,-0.9867780710334063,-1.1086687296136895,-1.390652384226527,-0.02757457514840374,0.6740482547543618,-0.8816354849702702,-0.5286390360897972,0.9485022952474487,-1.480059214277721,-0.7186737389828693,-0.674048254754361,0.027574575148402326,-0.9823978079100336,1.0163612595869336,-0.44594355378095224,-0.8579637923516437,-1.1940202729240363,-0.024984737566746233,0.35076067714292497,0.40038202722625016,-1.1004416420156866,-0.9424412519348303,-0.7105613285614767,-0.8159276517994943,-0.2569742700706454,-0.8038690908401701,-0.9212626601166852,-0.28942660841731066,0.013711913318286572,-0.76555472453303,1
1.110015375377516,-0.3854830768246345,2.452269505856255,-0.8681093238500562,1,0,0,1,0,0,0.16064298156605036,-0.42163757315603734,1.1734554218129984,-0.592300950312478,0.449136161309311,0.1334739239858893,3.074149738840276,0.034553882497746796,-0.06532245170768292,2.4424758216612386,4.264045658879116,0.6983210330885484,-4.0989356865583675,2.2890004667318724,0.5378139103635763,0.5069420043747269,0.8436302930449627,1.2592005797469903,0.6152054390719316,0.3422733367180179,-1.9875377490706807,0.49134388095560533,0.5987258048955628,-2.463097902259004,-4.314103909676553,-0.3422733367180179,-0.6152054390719323,2.0256736633259265,0.41596727218528484,-0.20030810005147043,0.08523274375862654,0.4274663494443799,-0.05648973137315825,-0.46483142063624716,-0.762349526635866,0.07776919801113909,-1.858388994928467,-0.17942508891434333,-1.6278939123139191,-1.1386807229918314,-1.870025303538713,-3.3956706624271,2.2623449208747504,2.7971713190179877,-1.6934293108373202,1
1.8553229837374106,0.0783367106616796,0.27967722576327125,-0.13478617003801185,1,0,0,0,1,0,0.2868323516073751,-0.4565258978574894,0.9943508819697028,-0.5818852565498148,0.3100033746851025,0.09859289376787443,-0.8247418754605602,0.770558479443391,-0.9007944167072797,-0.020766284464164536,-0.8905050442112129,0.17022376943663303,0.874678795203441,-1.2965676478086747,0.5750762986943265,-0.38156509751276085,-1.1630943318640672,-1.7065312553243899,-0.6280087910670794,0.8550163918650944,-0.1486914624286492,-0.48151688373001855,0.8479800194278432,-1.1252505191630273,-0.5083954506484132,-0.8550163918650944,0.6280087910670786,-1.3444804850032512,-0.03432821836595151,-1.4193877593014905,-1.3618633116434313,-1.6548638392813753,-1.3796994712424915,-0.22015379130249568,0.06817301183707392,-1.9685969978249267,-0.3040534310604773,-0.6346847228976005,-0.6790794056453779,-0.17917664187171697,-0.6007917169928287,-0.826093121566285,-0.37174181903963527,0.013711913318286572,-0.3944048900113141,0
0.08200488108800677,0.6967630939767645,1.0038746524609323,0.3052077222492148,1,0,0,1,0,0,-0.0412600105000692,-0.3600015328501387,0.4570372624398156,-0.48814401268584606,0.3123052969344714,0.10038166454828545,0.9492836189162898,1.1101704402197883,0.09047383438972219,1.5982121491288626,1.238921680123026,0.4316692617658122,-0.4775009632373724,0.9113159368241553,0.9605065229577725,-0.8890001000722367,1.640849943717948,0.5449560831888264,-0.088318892712161,0.6763389906671557,-0.40942583386200887,-0.5615294203843944,-1.0170401282319264,-0.532042789136067,-1.078615313405806,-0.6763389906671557,0.0883188927121603,0.8280155775560533,0.8662627627365218,-0.04564874029587195,-0.4961897785011287,0.13730558544161034,0.16404522527173035,0.02452383803125581,0.06817301183707392,0.139780294854656,-0.4150773999081907,-0.5588081172337243,-0.12256320461863823,-0.62002986833231,-0.7700228618656133,0.12560226393772106,0.12214944469431245,0.514734606344233,-0.20882997275045564,1
-1.5885121721324456,-0.41125084279609675,0.27967722576327125,-0.13478617003801185,1,0,0,1,0,0,-0.09173575851659908,-0.3431388425777702,0.712900890787381,-0.536171933924793,0.47230130424321204,0.15046724639979397,-0.016909586127945297,-1.5896139552673072,0.7039832455367712,-0.6992990552084721,-0.16956715750862697,0.6065828709267138,0.7692103097575944,-0.35928778713693293,0.23560322171875872,0.4190082813352282,-0.8656520870073607,-1.0289534503056192,0.5976605751602089,0.23455420748543962,-0.33548293241248517,2.4178171758644478,-0.541305766489796,0.08634211724213006,-0.7841271652082863,-0.23455420748543962,-0.5976605751602097,-0.3139374809687093,0.26586877533487285,0.14540105704928116,0.3436427536518511,-0.03337721691295973,-0.6235796198885869,1.4110304042558486,1.1755363964676604,-0.6663639641110671,-0.3318094232724056,2.223334090441736,-0.04653640119968508,-0.31748353644758887,-0.2623294272472596,-0.3819686083310823,0.47884869072438496,0.6631857746482165,0.05922268551522836,0
1.7011214095939837,2.217061286293016,-0.15484123025532542,0.5985369837740325,1,0,0,1,0,0,-0.16744938054139394,-0.3035987412494579,-0.16982862701171944,-0.3070266711462027,0.0010046278178224585,0.0037880424060904513,0.0693273319230224,0.5481529115364713,-0.8995405490490793,0.16558297688937093,-0.05867294310897559,0.04410440425012596,0.2993644922358701,-0.18177856285227706,0.663005408178664,-0.7909417790127015,0.11162326585372274,0.02927876782255097,-0.5505532963957722,0.6061852033378367,-0.2780323408238627,-0.08817281040621788,0.4348818555634864,-0.11300819958990384,0.10486271773463358,-0.6061852033378367,0.5505532963957714,-0.20252742647848845,0.5660657690356972,-0.10933200607758836,-0.4961897785011287,-0.42594766232847037,0.5736101447550955,-0.13859458152457876,0.12354118106860354,0.139780294854656,-0.3318094232724056,-0.17942508891434333,-0.2959043164138529,-0.03654765684034838,-0.07617516788719629,-0.4136917878478824,-0.5363722402842841,-0.32030321536567735,0.038603250264021984,1
-1.8455147957048228,0.33601437037629844,1.0038746524609323,1.478524768348486,1,0,0,1,0,0,0.8799223908016013,-0.569331481058851,-0.34893316685501513,-0.20865623005438366,-0.8168833888562058,-0.2766017774233367,-0.25042981285800214,-1.8890434474170188,1.3124846526067793,-0.25771187724468514,1.125543369274968,0.7843518419943594,-0.8116987328868179,0.5040777123050303,-1.3128444667992156,-0.07561947714670776,0.3831132663716697,0.39885201368975787,-0.8350596325743129,1.8979643399506314,0.8518972616852958,1.2775926486375258,-1.870200770427468,0.728040676813645,-1.0738601435073023,-1.89796433995063,0.8350596325743123,0.438080386840281,-1.2351161931692491,-0.082039177885424,-0.10857476366129187,0.0519641842643253,0.1010352376589052,-1.1173050988595852,-0.9284540343304539,0.2638024885416898,0.9449662184763004,1.413983630027056,0.4613226456389258,-0.6329961396987983,-0.33002188519637315,0.506280418139323,-0.6186874509066087,0.3477270420022505,0.5953280020465953,1
-0.9460056132015023,0.6709953280053031,-0.4445202009343899,-0.4281154315628296,1,0,0,1,0,0,0.12278617055365294,-0.40477488288366886,0.29072590401389814,-0.45284638382348746,0.0999991095656377,0.038669072624105315,0.6683056085979878,0.0939105002176269,0.7681781786171941,0.0637948714948964,0.15988056443279058,-0.21524967149838586,-0.1814515658454812,0.3361556630885463,-1.2314036478328183,0.24783859836445543,-0.2561744014395388,-0.4216146837344882,0.03622492998512883,-0.3295023237687909,-0.5934124393610968,-1.362488250851633,-0.8010714143980529,-0.340200906987625,-0.6194772420946579,0.32950232376879157,-0.036224929985129536,0.4102278732177254,-1.0850176963188372,0.35464607318920965,0.4340862571144791,0.3079883877961804,-0.2140147004052217,1.0847935651441794,1.1755363964676604,0.5738579727592754,-0.6926373220274746,-1.3934507795363622,-0.7520651369275744,-1.0090180093269512,-1.057715808149347,-0.2233527107470814,0.5337254978059351,0.4033962301162448,-1.0748462533011267,0
-0.38059984134227254,-0.4370186087675581,-0.15484123025532542,0.3052077222492148,1,0,0,1,0,0,-0.14221150653312897,-0.3123208224248209,0.815246342126407,-0.5483235766479001,0.5599951614286056,0.18355950583739783,0.8804727706733129,0.009115968561813875,1.5574339044532677,5.0148962527635055,5.020938110413514,3.4274347037102864,-2.7165167893681117,-0.7638389996058377,0.3414779526514678,1.2905579735298676,-0.6675599183617346,-0.1929161510881147,0.11065768597424898,4.56486320263511,-1.9875377490706807,0.3295731637626698,-0.8321780192712457,-7.436742291180515,-6.7158105222815685,-4.56486320263511,-0.11065768597424969,-0.8988402670423681,-0.10937746679115769,-1.1464594773798444,-0.40574627503850064,-0.6307670251539549,-1.5057194464681423,-0.13859458152457876,-0.2086678343205727,-1.4725082230767892,-1.858388994928467,-0.9381911455531051,-3.361305030266061,-3.083621427965037,-4.408492476630482,-2.761207072091096,-1.853415610241477,0.5704037944582268,-3.5491784834459006,0
-0.5605016778429365,-0.7462318004251005,1.0038746524609323,-0.4281154315628296,1,0,0,1,0,0,-0.3062576875868511,-0.2442885892569894,0.57217589519622,-0.5055035022902847,0.6343575162504046,0.20278879172681627,0.7796027116504275,-0.629464484549818,0.9946403162927693,0.23181564337355903,0.3069271697584388,0.31494739676578754,-0.25721842767039454,0.625517910890245,-0.5765453118327112,1.1283764839110169,-0.3278376724594318,-0.19025424747042793,-0.3305796915292576,0.7574155988166087,-0.45904642187530814,0.286389322676756,-0.2257970869027475,-0.6382462028181031,-0.5847665954105544,-0.7574155988166087,0.3305796915292576,0.744458036688388,-0.40957446049198204,0.5093054329448095,1.0542702808582185,0.8541733553308051,-0.655084613695,0.10608304780917345,0.2896456887631914,0.38782468222872474,-0.19302946221276363,0.7310941790521709,1.2824121225636245,0.9488889670127426,0.600749411603942,1.0138512904081252,0.5337254978059351,1.0714264874841732,1.1520527538291696,0
-1.305809286202831,-1.4419614816545723,-2.327433510348309,-0.4281154315628296,0,1,0,1,0,0,0.04707254852885811,-0.3948898575515908,1.1606622403956202,-0.5917223006589967,0.5246033199190481,0.15359759526551325,-0.4016389369606263,-0.7277924117728507,0.4323438739843283,-0.20450118057981814,0.6988778083117001,1.1278715769798184,0.060046979215531586,-1.6551298753768222,-0.27016488893152113,0.6356770977007805,-1.389575063809181,-0.8795885707898047,-0.7099870034754222,2.2424387763807094,-1.0952975508565472,0.7282726704841398,0.047765619381595174,-1.101610945020315,-1.76732242037253,-2.2424387763807094,0.7099870034754215,-1.5673005939836924,-0.3345252120667762,-0.2730889752305771,0.08523274375862654,-0.47715250303484213,-0.5290646384693491,0.10608304780917345,0.5111183656893089,-0.35630847989348147,-1.1297941993653469,0.29480369648488275,-0.9094406200048079,-0.7496925819971905,-1.0873312585020845,-1.4922798914190887,-0.8244754774624201,0.29205785388825667,-0.6109089601489817,1
1.4184185236643685,0.8256019238340739,0.5693561964423357,-1.161438585374874,1,0,0,1,0,0,0.3751649106363024,-0.46582945111120994,-0.31055362260288033,-0.24337520926326098,-0.5399940087020433,-0.1701699159888811,1.6622825599943787,-0.8756786206108441,1.5851551209272858,0.6326952707165188,0.5374121938709573,1.610835822063538,0.7068031771543319,1.0024457648502962,0.125858265360522,0.7714911125693481,0.2066800912065887,0.017429281460415422,-0.6135009981005504,2.8054507585029893,-1.309812367336035,1.327978435526729,-1.3916859875055612,-0.6497900521313689,-0.6816458713012543,-2.805450758502989,0.6135009981005497,0.438080386840281,-0.3345252120667762,-1.3102164465328319,-0.7804407893836761,-0.6649035856248688,-1.6317394216937933,-0.6279498401920818,-0.4301405112466897,-1.1624527388592034,-1.2755131584779709,0.9587239960437993,-0.5604775923118106,-1.1386807229918314,-1.277716296483967,0.5380035976561225,-1.7711003996191523,-0.8769950965056176,-0.2706882785040748,0
-0.9717058755587404,0.28447883843337485,-0.4445202009343899,0.5985369837740325,0,1,0,0,1,0,0.13540510755778543,-0.415822852372462,-0.016310450003180245,-0.36199838822692515,-0.11277384770415104,-0.0400368417139795,0.3327007289238318,0.5253860206854671,-2.060248258068821,-0.5711026032012654,-1.1953527569823583,-1.3775017977969444,0.6863741774295874,-0.7726340480431484,0.28471804683893825,0.209094686723481,-1.8986815952686351,-2.076314168394868,-1.7622723062536891,-0.13094794135889876,-1.234635299537728,-0.4358845124889473,3.026548382647667,-1.1111773959713271,-0.4730995360443448,0.13094794135889876,1.7622723062536878,-0.7595776989295921,0.19081952690966666,-0.19121049065408274,-0.05689276168264715,-0.801449827508525,-0.8756195703398886,0.3235742738836193,1.5815696374988761,0.139780294854656,-1.053465220782544,-0.1035484832504671,1.1181942271786838,2.738234415588092,1.93767545609894,-1.7143421480366898,0.9453015509175579,0.9600881112561845,0.6571863078002155,0
-0.4320003660567478,-0.46278637473902035,-0.4445202009343899,-2.041426369949327,1,0,0,1,0,0,-0.2684008765744537,-0.2698733607047209,-0.0035172685858019803,-0.3741500309500322,0.25071416593888035,0.08159957135396977,1.3583327291415748,-0.392862268354136,-0.8585450343043769,1.0993233356008472,0.6549371397326054,1.2278061121177697,-0.29663360583353704,0.6022587505861219,0.012986450635791895,0.20873164723763363,0.6329505423983469,0.5775315077526919,1.3298662290760435,0.3556359628759853,-1.2870248779689546,0.5522253336626236,1.3834149987934887,-0.8574919809104657,-0.2876032478972338,-0.3556359628759853,-1.3298662290760441,0.2152602778598393,-0.3345252120667762,-1.0463857740085747,-0.7933612898783374,-0.5283573437412127,-0.844114576533476,0.02452383803125581,-0.5408768497097485,-1.1624527388592034,-1.192245181842186,0.5793409677244183,0.16937972051014377,0.8710913388138142,0.43151826673115745,-0.7309235830158842,0.28677986593896093,0.514734606344233,0.16231986177126023,0
2.138025869667024,-1.4934970135974959,-0.8790386569529866,1.7718540298733036,1,0,0,1,0,0,5.10726628718598,-0.7693578760138429,-0.19541498984647596,-0.2925604298091705,-1.4618889835503248,-0.3655931237487849,-1.4820794733618459,-0.6484764583784772,1.0951809868721119,-1.4762424738245359,-0.6756463748355603,-0.7612270515312554,0.3489475614539189,-0.626758836000019,-0.7978967942496915,0.6395640609406439,-0.792010680156956,-0.527764605903193,-0.22109974072011698,-0.8189388764091825,1.4346175414671307,0.09073879752340633,-0.8544488959119741,1.208964110029539,0.3631139611004057,0.8189388764091825,0.22109974072011698,-0.3974950218363748,-0.4846237089171882,1.1461380907619838,1.3514417922354265,0.9053781960371756,0.25856020669096863,0.5954383064766764,0.7879592118469556,0.7598912632898273,2.138473883589221,0.7310941790521709,1.9119140548725593,1.0655854093111348,1.5653669373788135,1.7117612397777302,0.9453015509175579,0.5704037944582268,1.3376276710900281,0
0.544609603518286,1.6501704349208541,-0.4445202009343899,-0.13478617003801185,0,1,0,1,0,0,-0.06649788450833415,-0.35709417245835107,0.06044863850108935,-0.393824119168396,0.09783727787733904,0.029725218722050223,0.011609972696956433,0.695173937059649,-1.5123736405981216,0.31537316496335077,-0.05425346712985068,0.4882345663629694,0.27974415613372594,-0.7841671775977356,-0.2715515762631975,-0.25273948788802414,-1.0242265830918933,-0.9506617022244765,-0.5252107151899527,1.1867913099014362,-0.7996745539488311,-1.2261824531222,1.8134866202903346,-1.4416543468722804,-0.8576039565510075,-1.1867913099014362,0.525210715189952,-0.7038726716844818,-0.18442671521636386,0.2454747604205509,0.07231224326396513,-0.34060626115118536,0.2270552128845555,0.4323198869208419,0.7879592118469556,0.015758101167622184,-1.0257092285706153,-1.4693273852002382,-1.8377278897502307,-0.8534227529290943,-1.2946394109712458,-2.253636199822293,-0.9479482933959068,-0.5429799678216537,-1.7552876165909395,1
0.4932090788038099,-0.02473435322416849,1.7280720791585935,0.5985369837740325,1,0,0,0,1,0,-0.3945902466157784,-0.14543833593620858,-0.23379453409861076,-0.28677393327435763,0.21019201111646588,0.1097727111454433,0.4105061577562847,-0.4563640656846286,0.5633439544196275,0.36188501300610665,-0.3453934186694678,-0.6437960256166729,-0.07137367019541131,0.3489907941733424,-0.28372211362082667,0.44424910786328864,0.9716937799802525,0.6360070425493729,-0.671183982935474,-0.21238889143210804,-0.22211131568306733,0.34214741717132074,-0.3236825476438486,0.4746316131754066,1.0699654485693701,0.21238889143210804,0.6711839829354733,0.32667033235006016,-0.25947596364157,0.02713213488323473,0.2531992501892221,0.6493539925053206,-0.5290646384693491,-1.1988643086375024,-1.0945585420250417,0.44983577907224165,0.029018475482663446,0.7310941790521709,1.1181942271786838,0.754394896515422,0.9222885868622325,1.9338234963953311,-0.4540570296619595,-0.5986491559356475,1.5850608941045057,1
-1.2030082367738797,1.3667250092347738,1.0038746524609323,0.3052077222492148,1,0,0,0,1,0,-0.6343500496942954,0.4941809502570791,0.07324181991846762,-0.39729601708928375,0.9878796458549773,0.6870984805230995,1.3332526793440975,0.2796572287825409,1.0367394016572307,-0.03736914358844363,-0.1224480303149171,0.11326630849829877,0.1675846677047638,2.1702384195624376,0.6340652801881895,1.2963759187749824,0.7531685098469647,1.1513902138859364,0.3699083794759778,-0.21238889143210804,0.31455635209078636,0.25135435544960255,-0.11452471668912327,0.7973123038336815,1.283296880358272,0.21238889143210804,-0.36990837947597854,2.1927887450612573,0.7161642658861095,0.32735324499704527,0.9767472778902511,1.2808803612172301,-0.49755964466293656,-0.709509049969999,-0.9284540343304539,0.5738579727592754,0.8616982418405155,0.9587239960437993,2.021392651795853,1.6361013494366081,1.93767545609894,2.409671189147334,-0.4540570296619595,-0.5986491559356475,2.3273605631479377,1
0.15910566815972013,0.05256894469021735,-1.168717627632051,-1.6014324776621007,1,0,0,1,0,0,-0.7731583567397526,1.9333243441919763,-0.3361399854376369,-0.22254382173793458,1.3738034736029834,1.6588482069813855,-0.3073529510260218,-0.7036491217643994,0.9357254078822654,-0.7630006563343367,-0.3687619967686807,-0.8845940439017005,0.17163114162595233,-1.103343908888055,-1.2083916367468666,1.073964720543371,-0.6406085502604559,-0.4329877635300012,-0.9702511656336119,-0.24419747799268982,-0.6750664732541449,-0.24475971235733968,-0.199937008178503,0.39554818944427605,0.05668037941681128,0.24419747799268912,0.9702511656336112,-0.8709877534198129,-0.8598699510432187,1.510042466657512,1.9457848149898431,1.519836284513628,0.006520256239666901,0.10608304780917345,0.6772228733838963,1.5040244254120325,-0.27629743884854874,0.4275877563966659,2.2129801964116154,1.739831520368513,1.836136769175269,1.489698983160128,0.6983559190505837,0.6260729825722207,1.9562107286262216,1
-0.7404035143436003,1.8820803286640106,1.7280720791585935,1.0385308760612593,0,1,0,0,1,0,-0.1295925695289965,-0.3239502639919716,-0.5024513438635544,-0.01770184440555841,-0.4675829320831562,-0.23546004947388327,-2.146947780479808,1.128695107378002,-0.3050235192684749,-1.560538802579079,-1.714806611001715,-0.8527001064213388,1.6511424041135274,0.08170812815108786,1.396843874612859,0.6298387615312708,-0.7510467025064996,-0.6914112755161648,-0.02757457514840374,-1.1356331163529634,3.067024950171948,-0.14984192718939748,1.0499045831087117,1.3634621908522522,1.5543040403543242,1.1356331163529634,0.027574575148402326,-0.03541234474315745,1.0914105080121401,-0.4004555067940112,-0.031051760693324323,-0.32353798091572933,-0.9071245641463012,0.35076067714292497,0.40038202722625016,-0.4183195767369984,2.3050098368607914,-0.4070549059059717,-0.8524205174405927,-0.24400799870415715,0.2961333508329291,-1.0798785577006862,-1.1948939252628807,-1.6563637301015341,-0.3944048900113141,0
0.7502117023761872,0.28447883843337485,1.7280720791585935,-0.4281154315628296,1,0,0,0,1,0,-0.5081606796529707,0.043540089529990035,-0.09306953850744984,-0.3469534972364116,0.5391829959276798,0.301618377344525,1.3988294315717207,-0.46296636461715984,-0.9417151082822469,1.7693607835296703,1.068926021692997,0.30550007729972534,-0.9451665621250678,1.2552546903895454,0.02772094861709954,-0.9851695511296247,1.1821943559439188,0.7363968664828601,1.1393967240133565,-0.7133741297612541,-0.6908706794619965,0.6632061024779976,0.2973557111687526,-1.2180485822391263,-0.6707079677837826,0.7133741297612541,-1.1393967240133573,0.6330479821981672,-0.40957446049198204,-1.3102164465328319,-1.5298298180740268,-1.091610591511294,-0.2770246880180474,-0.22015379130249568,-0.7069813574043363,-1.2244638357027204,-0.6371253376036178,0.6552175733882943,0.0963939892279486,0.2357440418559006,-0.2792525417345383,0.062155904904119784,1.1099319721622063,0.793080546914203,-0.5181215015185524,0
2.08662534495255,-0.17934094905293926,-0.4445202009343899,0.3052077222492148,1,0,0,1,0,0,0.22373766658671274,-0.45012970499555655,-0.6943490651242283,0.8820983667578454,-1.2395578918635761,-1.0278855051959643,-1.2928727867614354,0.03619978087340008,-1.2974239682253612,-0.7728786402546176,-1.1124127565945974,-1.6270379447033319,0.708710353706112,-1.1273133779255728,0.14630353968206927,0.023984886661047637,-0.35261695261621917,-0.5093451511186123,-0.2763926451691775,-1.9449628406537391,0.6713728375100775,0.09687833903194518,1.7977245265249928,0.6944602468591508,0.9489146609832934,1.9449628406537391,0.2763926451691768,-1.2330704305130304,-0.40957446049198204,-1.5740471190570904,-1.3231018101594472,-1.3647030752786062,-1.3166894836296663,-0.30171300108041293,-0.2086678343205727,-1.534519319920306,0.9449662184763004,0.4275877563966659,0.9995924138451164,1.8954267767663688,2.140752829946282,-0.7626467625326843,1.0276167615398821,0.1250502895462747,0.8427612250610729,0
-0.4063001036995106,-0.5400896726534062,-0.15484123025532542,-0.13478617003801185,1,0,0,1,0,0,0.7158762097478791,-0.5414208212976894,-0.630383158037337,0.3815664164965307,-1.2763853101906646,-0.7112730770632143,-0.44621975329253827,2.314746356406969,-0.6473918610689215,-0.41927326092068606,-1.2540098798140555,-1.2062948109871336,0.91203619187628715,-0.2697419583083664,2.866946692404013,-0.4696085693508008,0.14655236733191898,-0.8281035477794947,-0.4914206069155262,-1.1578572735420007,0.35095644267726983,-0.30501775773548484,0.41309503851716783,0.7117299450263608,0.8217923229727129,1.1578572735420007,0.49142060691552547,-0.2423167316535674,2.710330009755871,0.08171779126756346,-0.17686883770450165,-0.10652698935063296,-0.4255482302482787,0.12938567917429258,0.4082917656878972,0.139780294854656,0.5008703430854462,-0.1035484832504671,0.6346637574341392,0.7673611678819103,1.0407503882731821,0.31594134103852145,-0.20711139779498602,-0.7099875321636356,0.40975308478573785,0
1.110015375377516,1.7017059668637786,0.5693561964423357,-0.13478617003801185,1,0,0,1,0,0,-0.38197130961164594,-0.16986016322722503,-0.1826218084290977,-0.299504225650946,0.24330383825740393,0.1008288572433882,-0.1756049358258045,-0.9717990350110794,1.3096554117260892,-0.46514534373122807,-0.17551338424794388,-0.7872770237657384,-0.21661464023796437,-0.6715240551059416,-0.9235469366883207,0.7901189116736518,-0.679454501440109,-0.40530203544751275,-1.7622723062536898,0.6740482547543618,-0.42679598557138115,0.40863562640268924,-0.9963495140909062,-0.04535410208882395,-0.16752255651458442,-0.674048254754361,1.7622723062536891,-0.8709877534198129,-1.1600669447440433,-1.4193877593014905,-0.8708842928463041,-1.05747403104038,-1.4742144526617298,-1.1988643086375024,-0.5962450189412776,-0.9764194483286528,-0.49834537654397587,0.19995793940503753,-0.4692454282090663,-0.8793552956620708,-0.8377153198147269,0.37938770007212164,-0.28942660841731066,0.013711913318286572,-0.2706882785040748,0
0.4932090788038099,-1.8542457371979617,1.7280720791585935,1.0385308760612593,1,0,0,1,0,0,-0.7479204827314877,1.2704461748643872,0.8792122492132983,-0.5639471172918948,1.9416403157803885,1.4128922246748703,1.0809653405030837,0.6044727590170326,0.13414880674843832,0.6543618244934143,0.479459445670856,1.6843697726499698,0.8910500052527551,2.037088295797467,-0.45853296217988204,0.033557468435444104,1.2298147920333993,1.231400342678865,0.9068055190224368,1.3979208031972914,0.5323260032980764,-1.2890060875046487,-0.14966389332904032,0.3354626869489708,0.5789020006356949,-1.3979208031972914,-0.9068055190224374,2.499166394909364,-0.10937746679115769,1.1916261377489248,1.0284292798688959,1.5539728449845414,1.109195039464111,0.9216751455883455,0.5111183656893089,1.876091006473136,0.41760236644966076,-1.2416975682086098,-0.21379536872138252,-0.2569742700706454,-0.11002139686175369,0.28421816152172197,-1.6887851889968277,-1.4336869776455579,0.22417816752487937,0
0.9044132765196139,-0.7719995663965628,0.27967722576327125,-0.13478617003801185,1,0,0,1,0,0,0.17326191857018283,-0.4274522939396127,-0.7455217907937414,1.1424907108244253,-1.4495052642681272,-1.2116817028831965,0.29717400556818313,1.9155336356569639,0.5012218088562517,-0.5333068178132543,-0.9074622038617914,0.4759025042003942,1.8022076203008732,0.3653655506529701,1.5749920164144757,0.731023877272679,-0.7274841342299255,-0.777234135914411,1.3161951852696003,-0.656312104546159,-0.04815873551846332,-1.051337602905256,0.04942149324858851,-8.977097236021414e-4,0.4209274514865828,0.656312104546159,-1.316195185269601,0.38237535959517033,1.5417059985633763,0.16359627584405784,0.5245297605771081,0.18851042614798086,-0.7495995951142377,2.879096180258358,2.172163442635189,-0.29429738304996345,0.0012624832707351544,-0.9381911455531051,0.23324223538206504,0.22277777048941236,0.2115177783965368,0.5380035976561225,0.5337254978059351,0.23638866577426285,0.40975308478573785,0
0.3647077670176212,0.7740663918911503,-0.15484123025532542,0.5985369837740325,1,0,0,0,1,0,-0.36935237260751347,-0.17741930024587296,-0.4512786181940413,-0.10681389104167686,-0.10686997712177208,-0.05389981526216489,-0.3491865151880498,-0.06228061227433755,-0.6557253474957584,0.1943477902919883,0.31747876659907137,-0.7746120618766513,-0.61645289165697,-0.7216960591770557,-0.45925992912923536,-0.02051266143088543,0.14133372382164353,0.134864814372794,-0.5252107151899512,-0.5355808722489565,-0.23555784933319587,-0.3745944202393607,0.8757852704513647,-0.1224072252054546,-0.28106870347887253,0.5355808722489565,0.52521071518995055,-0.7595776989295921,-0.5596729573423944,-0.4823339913705056,-0.4186667755331612,-0.34060626115118536,-0.30852968182446,-0.5463906304141645,-0.3747723420151606,-0.046252995675895824,0.1400424443303771,0.12408133374116129,1.6929568610259738,1.9861906763317847,1.8022905402007128,-0.0012904541294803558,1.6038232358961542,1.4054416161681371,1.708777505611744,0
1.0329145883058024,-0.4370186087675581,1.0038746524609323,0.3052077222492148,1,0,0,1,0,0,-0.6974447347149578,1.0901898305735516,0.815246342126407,-0.5483235766479001,1.6194513755215558,1.262188286425242,1.6078352444602555,1.137361106674464,-0.4568504278817985,1.750960631673246,1.5663754966305345,2.311664473732338,-0.3179613773493669,0.6427565660179366,1.0776308500183136,0.7184357160939223,-0.40433740637352816,-0.39761278215430407,-0.3593320018427697,3.5092157361558383,-1.5934992590759598,-0.48151688373001855,1.3464884484924107,-2.7663689015834865,-2.4245563530961487,-3.509215736155838,0.359332001842769,0.7166055230658329,1.1664597564373458,0.3728412919839863,0.705416767502365,0.4957394703862077,-0.49755964466293656,0.18764225758709038,0.40038202722625016,0.44983577907224165,-1.5808290728091832,-0.9381911455531051,-1.8103582405194079,-1.0090180093269512,-1.870025303538713,-2.285359379339093,-1.853415610241477,-0.5429799678216537,-2.002720839605417,1
0.46750881644657266,1.7532414988067013,-0.8790386569529866,-1.161438585374874,1,0,0,1,0,0,-0.028641073495936725,-0.36058300492849626,-0.4768649810287978,-0.07556680975368728,-0.5100671663237657,-0.21891391975508134,0.2933977436968371,1.5489400150540595,-1.2462158464843096,-0.6482252355917022,-1.6704581531190357,0.3245882659662044,1.5092134498042582,0.06968636838060635,1.4747859408123445,-1.0349851801015817,0.15796346821324436,-0.8787637061852225,-0.7076772998718532,1.1445654112422656,-0.3383469065069623,-0.648560600604943,0.6635585182102129,1.0323443443570568,1.313735689741754,-1.1445654112422656,0.7076772998718532,-0.11896988561082296,1.0163612595869336,-0.6824813981130464,-1.0646918002662225,-0.9550643496276378,-0.49755964466293656,-0.30171300108041293,0.012804842605544792,-0.9144083514851348,-0.22078545442469194,-0.482931511569848,0.5069387276902979,0.7932937106148858,1.209981533145967,0.2207718024881207,-1.3595243465075295,-1.0996718489615938,1.2139110595827887,0
0.6731109153044746,-0.46278637473902035,0.27967722576327125,-2.041426369949327,0,1,0,1,0,0,-0.5333985536612357,0.1365756220671955,-0.0035172685858019803,-0.3741500309500322,0.6645128874132897,0.3941872652307952,0.4305283487470672,-0.08560355755526236,-1.826645929587304,-0.10607527460599056,-0.6419058329680933,-0.16454209202023296,0.3766025239448084,-0.6726396846754095,0.18282451782372355,-0.6169676583085422,-0.9625188606336611,-0.9574768524079662,-0.29127919636700184,0.06447137185505257,-1.270753796610846,0.30064315775401357,1.8770931822807777,-0.8111163733171008,-0.10028076781249119,-0.06447137185505188,0.2912791963670011,-0.7317251853070371,-0.03432821836595151,-0.5733100853443877,-0.7804407893836761,-1.0745423112758372,-0.11949971898598452,0.2692014673650073,0.4557501964577793,-0.6663639641110671,-1.192245181842186,0.27583454506891375,-0.0039613912850709025,0.9618552383792308,0.5330569536548284,-1.1116017372174867,0.28677986593896093,0.3477270420022505,-0.023255055489598248,1
-1.485711122703495,-0.07626988516709207,1.7280720791585935,-0.8681093238500562,1,0,0,1,0,0,-0.1800683175455264,-0.2966210763091675,-0.7071422465416066,1.0672662558718577,-0.9765561738802919,-1.0529282961217188,1.4035288067249305,0.2729996066492542,-0.41544070592768,0.8191510438493232,0.5373475078688414,0.6359396026366805,-0.2900196862486082,1.5383992858078293,0.020106025882401367,-0.6867328863161201,1.173453075091735,0.42863317991004746,0.9676977049346941,-0.09240503183227083,-0.4144905314570634,-0.35455875231062506,-0.12217896013144608,0.05695576918786395,-0.2801012038390475,0.09240503183227083,-0.9676977049346949,2.2763462859289234,0.641115017460903,1.9103372801425924,1.1705547853101694,1.673450806632741,1.6132749403667133,0.8401159358104279,0.40038202722625016,1.2559800380379649,-0.49834537654397587,-0.482931511569848,-0.5239847266707137,-0.5033334260339178,-0.44848368660732285,-0.5723076854318833,-0.04248097655033679,-0.09762646290970158,-0.5799798072721716,0
0.544609603518286,0.5936920300909173,-0.4445202009343899,-0.4281154315628296,0,1,0,1,0,0,-0.06649788450833415,-0.35709417245835107,-0.6431763394547153,0.45679087144909825,-0.8523547117397424,-0.6276480430789991,-0.002550226626697134,0.2646029707015724,-0.8022186684421861,-0.5863300189024633,-1.0749751757056019,-1.081393760794866,0.38310078850627194,-0.7187414194516444,-0.46387642226236736,-0.6136412317050136,-0.9088107803664076,-0.8054262466930058,-0.871666255725209,-0.6103841330315712,-0.7146118054404393,-0.8278770979280926,0.4800095357161913,-0.10906718420149146,0.6111784099667873,0.6103841330315712,0.8716662557252083,-0.6203151308168162,-0.3345252120667762,0.3728412919839863,-0.018131260198663828,-0.3747428216220998,0.6996301199807459,0.02452383803125581,0.5111183656893089,0.2638024885416898,-0.4150773999081907,-0.4070549059059717,1.6382175625643265,1.6879664349025603,1.5315207084042572,1.4579758036433286,0.9453015509175579,0.6817421706862145,1.708777505611744,0
0.2876069799459088,-0.23087648099586283,-0.15484123025532542,0.3052077222492148,1,0,0,1,0,0,1.031349634851191,-0.5879385875662921,-0.5664172509504457,0.16746604470845394,-1.236826447457203,-0.5815871954834154,0.7711231544100268,0.3349950111454051,-0.9010876943124662,0.15484942594350776,-0.20287583313159824,-0.37470124319800413,0.17252693997170293,0.7279166954822684,0.10411388920049047,-0.9719255355343694,0.9902057776828657,0.4128286749689181,-0.20147967785109497,-0.31122271395962636,-0.3449397320809468,-0.3554921572848928,0.2551256336708741,0.7726795145101091,0.6667953696361445,0.31122271395962636,0.20147967785109425,0.7723105503109431,0.19081952690966666,0.2909628074074919,-0.2765412700918884,0.12023730520615308,0.8256500952063961,-0.46483142063624716,-0.4301405112466897,0.5118468759157585,-0.10976148557697851,-0.02767187758659086,1.0817013615375868,1.0655854093111348,1.3622895635314727,0.5697267771729232,-0.20711139779498602,-0.3759724034796717,1.275769365336409,0
0.030604356373531493,2.2943645842074014,-0.8790386569529866,0.3052077222492148,1,0,0,0,1,0,0.5013542806776271,-0.49606599918580174,-0.42569225535928473,-0.13343177510181614,-0.7598128248957374,-0.2783905482037477,-1.3925340346705666,-0.6150757482825336,1.5623082659881773,-1.2963634868442762,-0.262673104408316,-1.016279393591079,-0.5751199491122192,-1.1821453674001114,-1.3946658503402223,1.969777176820948,-1.1706480631372527,-0.10067698370371302,0.513835114248652,-1.8956992922180405,0.7551667509341561,-0.5529348651651094,-0.15629163912426328,0.590508855956942,0.24319642099774988,1.8956992922180405,-0.5138351142486527,-1.1216603760228097,-1.3101654415944555,-0.082039177885424,0.9379857764062678,0.3591932285025509,-0.9386295579527137,0.35076067714292497,0.12354118106860354,-0.35630847989348147,1.1392581639597994,-0.17942508891434333,1.3097817717944475,1.0137203238451828,1.2269046476332444,0.8552353928241243,2.756236184608697,1.6837875567381073,0.9664778365683122,1
0.8273124894479005,0.49062096620506923,0.27967722576327125,1.7718540298733036,1,0,0,1,0,0,-0.81101516775215,4.8959245834236125,-0.4128990739419065,-0.14211151990403548,1.872821483587348,3.8751352039106375,-0.9688905051263804,-0.24357177005627556,0.3033836194727298,-0.7850427648228796,-0.19499107369062904,0.558938240116427,0.7084645679699023,-0.8953967325070374,-0.7455723641739104,0.9688968367705536,-0.25909835302245493,0.3626239692483894,0.271474372857786,0.4930801176436292,0.4525959678050718,-0.4125881289070754,0.5589123096690426,0.8036246369022337,0.6075296726161697,-0.4930801176436292,-0.2714743728577867,-0.6760201580619267,-0.40957446049198204,1.2280165753384769,1.6227723026233125,1.4174266031008858,0.4790951633358572,0.18764225758709038,0.06817301183707392,1.0079356506638961,0.4731143508735179,-0.3311783002420958,0.20587258615124074,0.4691369264526849,0.7869036709640054,-0.4136917878478824,-1.1948939252628807,-1.1553410370755877,0.47161139053935697,1
1.0843151130202777,1.7532414988067013,-0.15484123025532542,0.3052077222492148,0,1,0,0,1,0,-0.7605394197356201,1.750160639509353,-0.4896581624461761,-0.0437410788122164,1.025839620654528,1.3797999652372666,0.2943745900359356,-1.5679915635221982,-0.3284595689238736,0.6527756500618487,1.234492959232725,1.9324727060392075,-0.609589405105687,-0.9876486744125855,-0.9526659141262415,2.4095901182349246,-0.02935537794425963,1.1178390771407731,1.5427439112049275,1.1055876586338,-1.396181951680721,1.19775782970928,2.870420923020601,-0.9109660799275318,-0.5135490183806622,-1.1055876586338,-1.5427439112049282,-0.7317251853070371,-0.5596729573423944,1.5828233418366175,2.850219849616129,2.697547620760161,-0.2140147004052217,1.0032343553662626,0.2896456887631914,1.752068812786101,-1.4142931195376127,0.4275877563966659,-1.4363063676981567,-0.02358138547386016,-0.38079122865820925,-2.856376610641497,-0.7010026615289333,-0.26463402725168356,-1.136704559054746,1
1.8810232460946468,0.15564000857606544,1.0038746524609323,-1.161438585374874,0,1,0,1,0,0,-0.48292280564470574,-0.02042183908933873,-0.7966945164632545,1.926560991291571,-1.145357875282775,-1.504592918175501,3.142394052986915,0.6933561919220604,-0.1365332361791925,1.5693360611164815,1.7382084703219334,1.686140405802663,-1.3687318364294492,3.290469800254733,-0.3054258142190113,0.9617474399223087,1.6416541120886108,2.040911351100133,1.7556215933338128,0.5584902876836534,-1.081776771039561,-1.257622008837368,1.1531089342998402,-0.4922356575705153,-0.26720343866849355,-0.5584902876836534,-1.7556215933338135,2.443461367664254,-0.5596729573423944,-0.9463120706373036,-0.3669847735545164,0.2738518273252659,-0.8756195703398886,-1.2804235184154193,-1.8697129112664523,-0.4803306735805153,-0.859173275299045,-0.9381911455531051,1.3918907194869166,1.8824605053998806,1.5145975939169787,-0.09645999267988113,0.36909507656128593,0.7374113588002092,1.3376276710900281,0
0.2876069799459088,-0.9008383962538722,-0.4445202009343899,-0.13478617003801185,0,1,0,1,0,0,-0.07911682151246661,-0.3512794516747757,-0.6687627022894718,0.5904589414032759,-0.923865887798175,-0.726477628696708,-1.238863986337706,0.2812808789171571,1.0196704027864891,-1.6490141750944973,-0.8976520437181749,0.5488639017614872,0.9050980064232641,-0.7178947167243622,0.6007989363165654,0.5297958213896304,-1.2061994088463643,-0.5703833543871183,0.8018189915875111,-0.04664941409013511,1.0053585880402203,0.21580035167093517,-0.8615298925874886,1.0316650788169526,0.6101232907614049,0.04664941409013511,-0.8018189915875119,-0.7038726716844818,0.491016520610491,-0.1548200530645294,0.13691474573727128,-0.3576745413866426,-0.2140147004052217,0.758556726032511,0.40038202722625016,-0.6663639641110671,0.5286263352973745,-0.17942508891434333,-1.0622544948769042,-1.2813097080232,-0.8715615487892844,-0.1916295312302808,-0.6186874509066087,-0.7099875321636356,-0.7036964187794109,1
-1.305809286202831,1.2636539453489257,-2.327433510348309,1.478524768348486,0,1,0,1,0,0,0.04707254852885811,-0.3948898575515908,-0.68155588370685,0.8300198979445294,-1.0707561904610863,-0.9451548566019549,-1.9779967714027913,-0.22622247272660923,1.1887386216150884,-1.8409501225193559,-0.9381145594211747,-0.4073972128355458,1.2702420001479355,-1.6036573074480514,-0.591101258271559,0.8211322285489977,-1.0767855392793755,-0.07454926613019519,0.1590389773671773,-0.7133741297612556,1.148097174131317,-0.2816548210855913,-0.7998868187258757,1.4192827388822629,1.146812023774392,0.7133741297612556,-0.15903897736717798,-1.5673005939836924,-0.8598699510432187,-1.21924035255895,-0.6770767854263857,-1.0233374705694662,-0.844114576533476,-0.22015379130249568,-0.319404172783631,-1.2244638357027204,0.6674062963570164,-0.5588081172337243,-0.998391980004983,-1.2035120798242718,-0.6684841749419423,0.030432725387320277,-1.3595243465075295,-1.712032918215528,-1.136704559054746,1
1.1871161624492292,0.8256019238340739,-0.8790386569529866,-1.161438585374874,1,0,0,1,0,0,-0.4198281206240434,-0.12508681319369488,-0.31055362260288033,-0.24337520926326098,0.16294108582723432,0.09188500334133312,0.7319084246672897,-1.0313950531300387,1.000757245887939,-0.3899734785029434,-0.3021850407361281,0.2598862968026836,0.4227674382056654,-0.1790348160300282,-0.6114540098149608,0.13170934971716422,-1.0609531331202096,-0.8635065475362068,-0.7896550408158974,1.13762416762706,-1.196625959800701,0.8030808745185579,-1.235713486230519,-0.5251939550468574,-0.4501907229961255,-1.13762416762706,0.7896550408158968,-0.3696425082138195,-0.7848207026180125,-0.8553359766634215,-0.6641562849317252,-1.0062691903340089,-0.7495995951142377,-0.38327221085833024,-0.04256332662598434,-1.0384305451721696,-1.1089772052064004,0.8069707847160468,0.14201007127932075,-0.5292659687668935,-0.685407289429221,1.1407440084753266,-0.37174181903963527,0.18071947766026855,0.40975308478573785,1
0.05630461873076867,0.026801178718756015,1.0038746524609323,-0.8681093238500562,1,0,0,1,0,0,0.791589831772674,-0.55305026286484,0.4954168066919504,-0.4910372609532525,-0.14056804083872848,-0.04585034675031531,1.6004025957241732,1.3141835005561404,-1.6470212621207967,1.444372453633653,0.37681023431776733,-0.5967514624500466,-0.5115046163401169,1.1951808902574899,0.43770250211758305,-0.32824833612982623,1.1169165782882662,0.761229628465541,-0.04053384962865217,-0.7736968421314995,-1.0311881043148097,-1.3652773394971203,1.9216753191964062,-0.8437386419532327,0.2533208116136602,0.7736968421314995,0.04053384962865146,1.4407708772522676,0.7161642658861095,0.8277217618533966,0.5116092600824467,0.9736513169790033,0.8256500952063961,-0.30171300108041293,-0.319404172783631,0.8219023601333442,-0.9424412519348303,-1.2416975682086098,0.22411901897178985,1.2082143943425034,0.7361343275021692,-0.635754044465484,0.36909507656128593,0.013711913318286572,-0.023255055489598248,0
-0.5348014154856993,1.7017059668637786,-0.15484123025532542,-0.13478617003801185,1,0,0,1,0,0,-0.6091121756860305,0.3807938949773599,-0.1826218084290977,-0.299504225650946,0.6995867939724253,0.5243203395056968,0.49158342376832204,-0.43218872443343664,0.8709205746050915,-6.569607181502903e-4,0.5035185663407442,1.782967189489906,-0.1419245406758947,0.051469843254710636,-0.24916648076612924,-0.047211190286042995,0.12225015436473988,0.627802804161762,1.3564759393421526,1.0864182721050466,-0.6321306562877568,0.34358307702430396,-1.238020294704756,0.12210867194893617,-0.04167155018753427,-1.0864182721050466,-1.3564759393421533,0.2152602778598393,-0.03432821836595151,0.6821600114951846,0.5503707615664309,0.5810808715634928,1.0776900456576979,0.2692014673650073,-0.319404172783631,0.20179139169817292,-0.7203933142394032,0.04820472807728505,-0.7246954876967501,-1.1905458084577836,-1.0746389226366257,0.37938770007212164,-0.8656330827735822,-0.48731077970765985,-0.5799798072721716,1
1.0329145883058024,-0.7719995663965628,1.0038746524609323,-0.13478617003801185,1,0,0,1,0,0,-0.6974447347149578,1.0901898305735516,-0.7455217907937414,1.1424907108244253,-0.14339691136092045,-0.04450876866500705,0.5298695165805173,1.3889916512868805,0.35532535133928655,-0.03652442346071231,-0.35957946492336224,-0.6898036296999412,-0.2268770786641446,0.6433687503639209,0.8831865274236762,0.5874070783286713,-0.35987272782732727,-0.29018654578439573,-0.22931895624632825,-0.7133741297612541,-0.09394998647851402,-1.0216777569761397,0.10454580564710124,-0.30750149691247125,0.18416023342135665,0.7133741297612541,0.22931895624632756,0.6330479821981672,0.8662627627365218,0.11810822885711679,0.4082452561251572,0.2397152668543526,-0.4660546508565234,0.10608304780917345,0.2342775195316623,0.2638024885416898,-0.16527347000083534,-1.0140677512169813,-0.2867811000035777,-0.1921429132382052,-0.29617565622181696,0.09387908442092041,0.6160407084282594,0.29205785388825667,-0.20882997275045564,0
-1.305809286202831,1.3924927752062353,-2.327433510348309,-0.4281154315628296,0,1,0,1,0,0,0.04707254852885811,-0.3948898575515908,-0.822280879298011,2.1956330801603703,-2.0847959732271404,-2.0005296170444558,-1.565910631712012,-0.027132481920328726,0.7586156938551322,-1.0916177229456567,-0.7247808824478548,-0.13955804970133026,0.7696813465949556,-1.4410328141274034,-0.6457568128869856,1.0509832544077513,-0.9562294060240176,0.117908226298305,0.3422533759207262,-0.529783266025729,0.7375738431824392,-0.6096648162940472,0.019083746964977246,0.5265244080216859,1.0573650780314265,0.529783266025729,-0.3422533759207269,-1.4280380258709164,-0.8598699510432187,-1.0463857740085747,-0.4186667755331612,-0.7502449868021539,-0.8126095827270634,-0.30171300108041293,-0.4855086804782194,-1.2244638357027204,1.3057941172313696,-0.1035484832504671,1.8571747564109133,1.5842362639706562,1.7515211967388769,2.092439393979332,0.2044646553166367,-0.04195727479570725,2.203643951640699,0
-0.07219669305541997,1.1863506474345409,-0.8790386569529866,-0.8681093238500562,1,0,0,1,0,0,-0.6848257977108253,1.0698383078310378,-0.438485436776663,-0.12185878203219036,0.6546137962476455,0.9169555258059154,-0.5165304986239259,0.24100971487574804,-0.2336469989196877,0.016557918252851595,-0.4214816468230516,0.5351085551614752,0.598102814036981,-0.6059279026632085,-0.18924678069822118,0.04987436918725869,-0.3150194411018785,-0.7293771157766978,-0.09305301462755473,0.8221130942085976,0.11281221117267431,-0.5203766677461709,0.3695222059113779,-0.33473656465745477,-0.1641480084791541,-0.8221130942085976,0.09305301462755473,-0.6203151308168162,-0.25947596364157,-0.2639913658331881,-0.19901826712392082,-0.3064697006802721,-0.6865896075014126,0.2692014673650073,0.34501385799472056,-0.4803306735805153,-0.27629743884854874,-0.8623145398892288,-1.4180599348776075,-1.047916823426415,-1.0915620371239039,-1.206771275767887,-1.0302635040182315,-0.8213259083916238,-1.3841377820692236,0
-0.2263982671988458,0.026801178718756015,0.27967722576327125,-0.8681093238500562,1,0,0,1,0,0,-0.5460174906653681,0.16564922598507223,0.4954168066919504,-0.4910372609532525,0.994511234785791,0.5068798243966893,0.6171900190009503,0.8779179818141614,-1.050447596523452,1.0806128997453412,0.2487498686051738,-0.315254025675205,-0.40881288476552324,-0.28809395201939114,-0.12428121115090866,0.28796862202233175,0.8169244091601802,0.7158463548928327,0.2857518833962749,-0.7133741297612556,-1.1460778278419996,-1.329472170769042,1.7253777481947588,-0.6497900521313689,0.37549762541371534,0.7133741297612556,-0.2857518833962756,-0.06326485836571254,0.19081952690966666,1.0005763404037717,1.0155087793742343,1.349153482159058,0.4790951633358572,-0.22015379130249568,-0.3747723420151606,1.2559800380379649,-1.0257092285706153,-1.1658209625447336,0.4795690784594736,1.3508433793738719,0.9561348158367899,-0.3502454288142823,0.12214944469431245,-0.2089648391376897,0.22417816752487937,1
-0.5348014154856993,0.15564000857606544,-0.15484123025532542,-1.161438585374874,1,0,0,1,0,0,-0.6091121756860305,0.3807938949773599,-0.7966945164632545,1.926560991291571,-0.8545094670432389,-1.1960299585546001,0.8766917776960216,1.0819630061373653,-1.153180222020428,0.2837091940504112,0.21474986020277734,0.8211669596518409,-0.03976293470676006,0.2078230813660508,-0.035375123771886514,-0.2703027906864419,0.03468438025680405,0.6588219435160299,1.0345842828972671,0.09388569754642515,-1.0114068837341463,-1.520466203558089,1.3048077585299296,-0.34888038003226485,0.36402606271168514,-0.09388569754642515,-1.0345842828972678,0.38237535959517033,0.19081952690966666,0.7094528396873502,0.44700675760914055,0.4445346296798359,1.424244977528238,0.02452383803125581,-0.4301405112466897,0.3258135853852078,-0.859173275299045,-1.317574173872486,0.7532655707677065,1.3767759221068474,1.1253659607095745,-0.0647368131630805,-0.12479618717266176,-0.09762646290970158,0.9664778365683122,1
2.317927706167689,1.3924927752062353,-0.15484123025532542,-0.4281154315628296,1,0,0,1,0,0,-0.7100636717190902,1.10472663253249,-0.822280879298011,2.1956330801603703,-0.8038477716495906,-0.8472196563744516,0.44737126142282974,-0.5255482922101113,0.3609409383950793,0.1607454524909887,0.12689364560070274,0.12338177797105186,-0.2578973772777412,1.0137493754468043,-1.3344097926937442,0.7525028833289503,0.5129308375889405,1.119103126210568,0.4407888507730546,-0.26889098598050765,0.39084580206947933,-0.6154509124775606,0.2627744722650954,0.2914567023714392,0.9276184329755117,0.26889098598050765,-0.4407888507730553,1.6635909862327087,-0.9349191994684248,1.9194348895399813,2.113751321420439,2.2879088951091933,1.3297299961089997,0.10608304780917345,-0.09793149585751397,2.558213071751823,1.0004782029001573,-0.02767187758659086,2.1856105471807923,2.02508949043125,2.0561372575098895,2.1241625734961316,0.4514102871836102,0.3477270420022505,2.512935480408796,1
0.05630461873076867,1.109047349520155,-0.8790386569529866,2.505177183685348,1,0,0,1,0,0,0.2363566035908452,-0.44024467966347847,0.08603500133584588,-0.4025038639706153,-0.10252808199834915,-0.027515446251102374,-2.0962254983841593,-0.8950214398325819,0.516019287785665,-1.0161995256535972,-0.9354602960000986,-0.4251903800113349,0.5090441281599145,-1.1377280496897142,-1.269157031243384,1.5097600309143622,-0.7438700983138732,0.19572529016444834,0.8686312511301267,-1.4414068652642016,1.7780481214803765,-0.04296863823695673,0.811747577215135,0.6352111434366774,1.407231850879678,1.4414068652642016,-0.8686312511301275,-1.0102503215325889,-1.0850176963188372,0.5729886987265271,1.3256007912461045,0.9053781960371756,-0.2140147004052217,0.5138790966987595,0.12354118106860354,0.20179139169817292,1.5555980471387252,-0.1035484832504671,-0.1864257194905595,0.2487103132223888,0.49921072468027106,-0.0012904541294803558,-0.04248097655033679,-0.6543183440496418,-0.023255055489598248,0
-1.485711122703495,0.0783367106616796,-0.15484123025532542,-1.6014324776621007,1,0,0,1,0,0,0.526592154685892,-0.49664747126415926,-0.31055362260288033,-0.26015604921421837,-0.6175278906100209,-0.1809025406713472,0.33854442471381374,-0.484809296118818,-0.46584296684123194,-0.6575880580443333,-0.05499265798957584,0.4833859622899339,0.40786587419706793,-0.15836706900770384,-0.7400947820121692,-0.9594328461450757,-0.37453325172520907,-0.13397891686327515,1.133576418281877,-0.4649864905896614,-0.6289927730198493,-0.07599473207344634,-0.32731454152111633,0.5169782811857033,-0.05931118673182309,0.4649864905896614,-1.1335764182818777,0.2500759198880333,-0.27823827574787147,1.7647755297843817,0.8798435241802919,0.6706893427996418,2.4717860215914595,2.0227244775902276,1.4662192849331896,1.612543844888188,-0.24854144663662048,0.5793409677244183,2.048762301026676,1.519404907138216,1.6838287387897632,1.267636726542527,1.0276167615398821,0.848749735028197,1.646919199858125,1
1.6497208848795075,-0.02473435322416849,-0.15484123025532542,0.5985369837740325,1,0,0,0,1,0,0.07231042253712305,-0.398378690021736,-0.13144908275958464,-0.32438616075064136,-0.16508329654252002,-0.05568858604257591,-0.3156100592976611,-1.1478431497235384,0.9998600720486752,-1.205983365248286,-1.3130781431074126,-1.232752091980617,0.9391314292083166,-0.8579255642840482,-1.1799005754023555,1.2889570445116827,-1.665986896657542,-1.1448087577903314,-1.2379708116036303,-0.45352244570481864,-0.4183656449499532,0.39345225095038744,-0.0715646908104825,-0.02275836563863662,0.58938296227107,0.45352244570481864,1.2379708116036297,-1.038102835155144,-1.3852146900196616,-1.6013399472492547,-0.8321227913623208,-1.3647030752786062,-1.852274378338682,-0.7910682597479163,-0.319404172783631,-1.534519319920306,-0.24854144663662048,0.6552175733882943,0.7715120035882557,0.6117659114840535,0.5669031826293847,1.267636726542527,-0.04248097655033679,-0.26463402725168356,1.0901944480755505,0
0.2876069799459088,1.4697960731206219,-0.4445202009343899,1.478524768348486,0,1,0,1,0,0,-0.19268725454965888,-0.304761685406173,0.13720772700535894,-0.41060495911935335,0.26839092480453836,0.08294114943927802,-0.7541475304857934,0.5170473115079667,-0.45510829633766336,-0.06886346132911171,-0.4041656687341627,0.08314969459532717,0.2658615234900063,-0.7100712069462045,1.3294316921432763,0.029893274789436902,-0.4797506591648995,-0.10035455834808481,1.0187373090415193,-0.8969649934967807,0.33916571566005366,0.6221318234271306,0.6521881455787181,-0.3826824477490312,0.4274584699609784,0.8969649934967807,-1.01873730904152,-0.8152827261747027,0.7912135143113154,-0.8917264142529749,-0.7416792878996918,-0.8697229484503528,-0.43454965705011084,0.18764225758709038,-0.26403600355210183,-1.1004416420156866,0.3065783976019474,0.5793409677244183,0.0051618251252043045,0.3394742127878045,0.1607484349347019,0.12560226393772106,0.36909507656128593,-0.04195727479570725,-0.023255055489598248,1
1.1871161624492292,-0.9523739281967958,1.0038746524609323,-0.4281154315628296,1,0,0,0,1,0,-0.356733435603381,-0.19195610220481132,0.188380452674872,-0.4244925508029043,0.4950027661987392,0.18042915697167852,0.9565723642678223,-0.08676838224202285,-0.4161939761493488,1.3990627417615566,0.9096939915437384,1.064696521113012,-0.5187800726226106,0.4474104562208067,0.2608342115979449,0.006455277402631826,-0.1538723774446565,-0.7732012907898441,-0.24010667662448162,1.6902539477607827,-0.8830899018883704,0.3803903149139508,0.5754380392219608,-2.0426207196207105,-1.9375273111840752,-1.6902539477607827,0.2401066766244809,0.8837206048011639,0.7912135143113154,1.5464329042470641,1.3126802907514432,1.178470679804488,0.3215701943037938,1.166352774922097,1.4523772426253072,1.3800022317249987,-0.8671035587881674,0.25415551487923493,-0.2594114507727547,0.06533018961062892,-0.7579349229461285,-0.9937727847265145,0.1456680763006908,1.2861504987810075,-0.10278716288710855,1
-1.1259074497021662,-1.5708003115118816,0.27967722576327125,0.3052077222492148,1,0,0,1,0,0,-0.2684008765744537,-0.2658030561562182,0.35469181110078946,-0.46441937689311324,0.48057419607602075,0.15449198065571876,8.656825855253304e-4,0.18651647543627486,0.3510020117287565,1.0245331163653744,0.8237652839172536,0.2808376845599116,-0.8505658614486726,0.17748780263686406,0.4620501607826196,-0.8001521950288876,1.0807954980585806,0.7062544736241974,-0.1602775458261487,0.5419904249708541,0.1761399684115436,0.20687199197763742,-1.2839072982907234,-0.3123798279179447,-0.381415181577389,-0.5419904249708541,0.160277545826148,-0.007559831120602114,0.19081952690966666,-0.6097005229339397,-0.8967252938356269,-0.47715250303484213,0.16404522527173035,-1.2804235184154193,-1.3713993881826885,-0.4183195767369984,0.3343343898138759,0.4275877563966659,0.6711566230752374,-0.1532440991387405,-0.2623294272472596,1.5531453421937294,-0.04248097655033679,0.23638866577426285,0.7190446135538346,0
-0.7404035143436003,3.1962363932085673,1.7280720791585935,0.3052077222492148,0,1,0,1,0,0,-0.15483044353726144,-0.3152281828166086,12.213970985010441,-0.8046653731401109,1.924385546713057,0.37942990629240436,0.4044957522605039,1.2407632283815997,-0.18749303828045488,-0.34717110015905855,-0.8987286621916533,0.056244947286329075,0.9546142751827378,0.11861644102035963,1.5786704395505768,0.5307172227128566,-0.6028042107720235,-0.6141283376696927,0.07500831336893375,0.002319067851812721,-0.443941039783948,-0.12150907907491185,0.789628891035924,-0.12872457795676095,0.5688144856000507,-0.002319067851812721,-0.07500831336893446,-0.007559831120602114,1.2415090048625523,-0.4186507255887879,-0.09565426316663046,-0.32353798091572933,-0.8756195703398886,0.35076067714292497,0.34501385799472056,-0.4803306735805153,-0.4150773999081907,-0.1035484832504671,0.041654690766301246,0.4432043837197094,0.36382580878204385,-0.033013633646279864,-0.5363722402842841,-0.5986491559356475,0.10046155601764112,1
-0.9203053508442651,-1.3131226517972627,-0.4445202009343899,-2.334755631474145,1,0,0,0,1,0,0.16064298156605036,-0.41814874068589214,-0.11865590134220637,-0.3394310517411549,-0.2147108053466018,-0.05926612760339795,1.3718583611475954,-0.39455455932128786,-0.8723422913314406,0.5896323803743324,-0.294293288410249,-0.5157576009361062,0.19265253034131963,0.40193604816322753,-1.156421233559056,0.06586493192403985,-0.5103210042598616,-0.7143140755997991,-0.1602775458261487,-0.5444705351245722,-1.5059926824542675,-0.6169388905773718,1.2587090404836703,-1.302580878177319,-0.3147929766385089,0.5444705351245722,0.160277545826148,0.35452284597261524,-1.0850176963188372,-0.04564874029587195,-0.0052107597040024186,-0.20406001926752979,-0.40304466324369825,0.9216751455883455,1.1201682272361313,0.07776919801113909,-1.4420491117495413,-0.7105613285614767,-0.5239847266707137,0.15794641365697218,-0.38079122865820925,-0.7309235830158842,0.5337254978059351,0.29205785388825667,-0.8892713360402683,0
0.08200488108800677,0.6967630939767645,-0.15484123025532542,-1.6014324776621007,0,1,0,1,0,0,1.1575390048925156,-0.5989865570550853,1.2630076917346462,-0.6044525930355851,0.02121414620895057,0.006471198576706979,0.014168660748746896,0.03782472503157617,0.6180326471614483,0.26609165732632556,0.33511650697078815,0.2892052820966333,-0.24857092785532434,-0.12236184975260178,-0.3602346567217938,0.4881227159501659,-0.7898368262705261,-0.5480565708728367,-1.4375436385994584,1.8201797897890004,-0.14196438620167953,-0.41279079324050466,-0.35435507773129177,-1.1426613388285152,-0.9707384426175902,-1.8201797897890004,1.4375436385994576,-0.3696425082138195,-0.6347222057676005,-1.0554833834059623,-0.6770767854263857,-0.9209277891567239,-1.0646495331783645,-0.8726274695258333,-0.319404172783631,-0.728375060954584,-0.22078545442469194,-0.482931511569848,-0.3415203984652251,-0.46443461193445323,-0.8546384343020056,-0.0647368131630805,-0.6186874509066087,0.29205785388825667,-0.1469716669968365,1
-1.8969153204192981,2.217061286293016,0.27967722576327125,0.5985369837740325,1,0,0,1,0,0,1.4225366819792977,-0.6338748817565374,-0.15703544559434116,-0.315706415948422,-0.7881016611061946,-0.24350951798573287,-0.007010994916011315,0.509258424259614,0.6423090159623026,-0.3919401146835604,-0.31309368555658434,0.09668022280632031,0.7141248909142248,-0.38576324652851934,0.910211452598462,1.0153226669369946,-1.0267101756366528,-0.8248043353682636,-0.5252107151899527,0.6527578856825103,-0.375701131524357,0.21285668253531453,0.1422434206270835,-0.48858242597042145,-0.3982237730605028,-0.6527578856825103,0.525210715189952,-0.4253475354589299,0.7161642658861095,-0.2821865846279648,0.26611975068388355,-0.1699234587966153,-1.0646495331783645,0.4323198869208419,0.7879592118469556,-0.35630847989348147,-0.44283339212011924,0.04820472807728505,-0.41450612974742024,-0.2829068128036209,-0.44848368660732285,-0.44541496736468245,-0.37174181903963527,-0.09762646290970158,-0.332546584257695,0
-1.8455147957048228,-1.0554449920826439,1.0038746524609323,0.011878460724397032,1,0,0,1,0,0,0.7537330207602766,-0.543165237532762,0.36748499251816774,-0.4655766762000758,-0.190307729612128,-0.05792454951808968,-0.16843331586830487,-1.010185905793907,-0.5764529760649768,0.7338638855484644,1.7761867401950957,0.7155021935252155,-1.6640730885956216,0.32777541666942484,-1.4081200364279638,-0.4335431303582602,0.057330613513009984,0.4373865283080116,-1.19191554383536,2.1579869790623687,0.5617199601125583,-0.024111882522505047,0.3523614942998864,-0.9345547094462462,-1.8821069382003164,-2.1579869790623687,1.1919155438353592,0.29881781872750485,-1.3101654415944555,-1.6069330893092284e-4,-0.22485926811324272,-0.18699173903207253,0.7626401075935709,-1.2804235184154193,-0.983822203561983,0.5118468759157585,0.3620903820258042,-0.17942508891434333,-0.47228650034582426,-0.23104172733766892,-0.5725865261806978,-1.703767754864423,-0.48149543320273464,0.7559677548382072,-0.45626319576493324,1
-0.9460056132015023,1.3924927752062353,-1.168717627632051,-1.6014324776621007,1,0,0,1,0,0,4.917982232123992,-0.7670319877004127,0.20117363409225028,-0.42680714941682946,-1.1327753050021347,-0.26005564770453476,0.0633088890213443,-1.1405604415492139,-1.2087311708405921,0.21649266068417958,0.585279131780938,0.0861697723015867,-0.3099424718984811,-0.8350981511782113,-1.6520747284874764,-0.62249627919429,-0.8839436622572979,0.15285525195633043,-0.04921092906325296,0.16633209230480636,-0.9224527842893094,-0.08955719576873399,1.0268272759950579,-1.1689710218785816,-0.6116581332508058,-0.16633209230480636,0.049210929063252244,-0.6667359868544083,-1.4352475223031322,0.8398519077165789,0.35225642064829144,-0.03337721691295973,2.0648465182586286,0.3235742738836193,0.3819259708157405,0.5531876071447698,-0.9701972441467586,-0.3311783002420958,-0.7703115697481222,-0.17917664187171697,-0.6177148314801074,-1.0798785577006862,0.03983423407198747,0.1250502895462747,-0.7036964187794109,0
1.135715637734753,-1.596568077483343,0.5693561964423357,0.3052077222492148,1,0,0,1,0,0,-0.3188766245909836,-0.2512662541972798,-0.06748317567269331,-0.3591051399595187,0.2609386509785842,0.08428272752458629,-0.20863206147906108,-0.44388652428034736,0.3188206659817986,0.17492306899068072,0.35280615934623577,-1.3495967412374015,-1.1146221143259996,-0.633015716443607,-0.7713190982938344,0.5721351838247206,-0.5799628791814639,-0.5091126708946889,-1.535794876505097,-0.31750632983152677,-0.3423938851196566,-0.16344235530151371,0.13910215228440664,-0.8113910443614187,-0.9557147185598919,0.31750632983152677,1.5357948765050964,-0.7595776989295921,-0.9349191994684248,-0.9372144612399159,-0.5349512799851129,-0.71610842633123994,-1.1591645145976028,-0.8726274695258333,-0.26403600355210183,-0.5423417704240322,-0.19302946221276363,0.04820472807728505,0.6620334066649622,0.6376984542170299,0.24536400737109418,-0.033013633646279864,1.5215080252738291,1.461110804282131,-0.023255055489598248,0
2.1123256073097876,0.6967630939767645,-0.4445202009343899,-0.4281154315628296,1,0,0,1,0,0,0.26159447759911014,-0.45012970499555655,0.11162136417060241,-0.4048184625845405,-0.10028244523162318,-0.03332895128743818,-0.3728874380404083,1.424956301381205,0.5473417861093874,-0.4167083308454484,-0.4373836392303866,-0.5507365157093348,0.16826183862810612,-1.0717985506282979,0.6899254711138818,-0.01817351539826041,-0.7727218649616233,-0.942280218989985,-0.2682155254971324,-0.4851260289008703,-0.5524194234888141,-1.264645051571923,-0.7664971879980154,-0.2032717027286497,-0.3513330815953214,0.4851260289008703,0.2682155254971317,-1.17736540326792,0.04072103005925432,-1.446680587493655,-1.232658306696819,-1.4159079159849774,-1.2851844898232538,-0.05703537174666111,0.06817301183707392,-1.5965304167638241,-0.6648813298155464,-1.317574173872486,-0.7885580025686714,-1.0219842806934394,-1.0238695791747903,-0.12818317219668063,0.4514102871836102,0.23638866577426285,-1.0129879475475077,0
2.138025869667024,-0.3854830768246345,-0.8790386569529866,-0.13478617003801185,1,0,0,1,0,0,4.690841366049608,-0.7635431552302675,-0.10586271992482811,-0.3434815993155239,-1.330935993713631,-0.3217682396287149,0.12453768172935924,-0.7351355285224601,-0.766605095914014,-0.1815793919085672,-0.22120225806487537,0.09209898608407939,0.09680127272031042,-0.6206461028859417,-0.7545130366253411,0.36911268020780724,-1.133198578515269,-0.9224966899019551,-0.18804420001687264,0.312111980532898,-0.7933149511816517,0.2531419869245079,1.4188974940548627,-0.8783582685340111,-0.6130646991992498,-0.31211198053289735,0.18804420001687194,-0.4253475354589299,-0.4846237089171882,0.9459906840194431,1.0155087793742343,0.4445346296798359,0.25856020669096863,1.0032343553662626,1.2309045656991897,0.5118468759157585,-0.8869292675109735,-0.1035484832504671,-0.934529465133063,-0.1532440991387405,-0.48232991558187904,-1.6826189685198898,-0.12479618717266176,0.013711913318286572,-1.3222794763156045,1
0.8787130141623758,-2.060387864969657,0.5693561964423357,-0.4281154315628296,1,0,0,1,0,0,-0.23054406556205628,-0.28906193929051954,4.4613030460792125,-0.7514296050198324,1.4102391768590359,0.3584118496225749,1.417944552773694,0.5660312695137267,-1.5405784489607213,0.7205877502391611,-0.4825952241822327,-1.5287089212021572,0.5190220899282859,0.6980112542689971,0.09148591308528907,-0.39614245849208335,0.7899205197041477,0.6194361056080604,0.03622492998512883,-2.120904085066952,-1.274241796379507,-0.685247101756306,1.7079373824613655,-0.19019589656906452,1.2321562206747503,2.120904085066952,-0.036224929985129536,0.605195468575612,0.04072103005925432,-0.11842961547497735,-0.3023822710812103,0.017827623793410803,0.29006520049738066,-0.22015379130249568,-0.26403600355210183,0.07776919801113909,-1.3032691506898992,-0.9381911455531051,-1.2173491738515698,-0.2958730841701091,-0.3469449996836519,-1.016432198667086,-0.6186874509066087,-1.378017789531564,-1.0748462533011267,1
0.72451144001895,-0.4370186087675581,-0.15484123025532542,0.3052077222492148,1,0,0,1,0,0,0.6023057767106869,-0.5187434102417455,0.6873145279526244,-0.528070838776055,0.02792813998477443,0.009154354747323507,1.2283032573201413,0.16144018330588467,-0.7085402686965148,2.0890016968125673,1.917064763159416,1.6821569158980956,-1.3431952975124224,-0.04691991184733998,-0.5044100796211421,-0.2948373862016258,-0.6195838655555181,-0.6347020074776036,-0.07874992288317216,2.3723646184089273,-1.7548674025976074,-0.726888662803437,0.6723151444241413,-3.4364752763534923,-3.111941057783749,-2.372364618408928,0.07874992288317145,0.35452284597261524,-0.03432821836595151,1.664701826413112,1.2222367872888142,0.8712416355662611,1.2982250023025865,1.166352774922097,1.3416409041622488,1.5660355222555504,-1.6733490468489445,-0.9381911455531051,-1.0805009276974533,-0.62002986833231,-1.8136149219144517,-1.5980238231417563,-0.48149543320273464,0.9415317152181866,-1.6934293108373202,0
-1.460010860346257,-0.514321906681944,1.7280720791585935,-2.334755631474145,1,0,0,1,0,0,-0.1800683175455264,-0.3082505178763182,-0.3233468040202586,-0.2578414506002932,-0.1518909280177572,-0.03780087823846573,1.8433979407249506,0.14118113965726,-0.566546726843982,1.3877550011616555,0.6388837736292003,1.8181444824430508,0.4011964958851496,1.4283726764269917,-0.11485590778372262,-0.6765222934698136,0.9554726298079799,0.06808147201948564,0.8847583482611019,1.6022396676771504,-1.1360765615753852,-0.3088356719156153,0.09464869364752249,-0.927337172048863,-0.764111889223504,-1.602239667677151,-0.8847583482611027,2.0535261769484814,0.41596727218528484,1.6919946546052762,1.002588278879574,1.4003583228654286,1.2037100208833493,1.4110304042558486,1.009431888773073,1.13195784435093,-1.1367331974183288,-0.482931511569848,-0.6608329728248301,-0.5162996974004062,-0.8207922053274488,-0.6040308649486834,-1.0302635040182315,-0.4316415915936655,-0.6418381130257917,0
1.0329145883058024,-0.12780541711001567,0.27967722576327125,-0.13478617003801185,1,0,0,1,0,0,0.04707254852885811,-0.3966342737866634,0.009275912831576286,-0.37357138129655093,-0.030381809742602035,-0.016335628873533507,0.6593970883370104,-0.9527123846650588,1.6305296552924253,0.0628317683648139,0.9052111713102421,1.0807627562921907,-0.21950104230978348,0.30813719398525585,-1.1174810908806527,1.150740191388919,-0.12175114214020381,0.1746672607532675,0.07674090437920666,1.3979208031972914,-0.6090206492772363,0.1881596214605611,-1.0726057464666698,-0.2056080139156659,-1.0062902723920562,-1.3979208031972914,-0.07674090437920737,1.0229831729139398,-0.5596729573423944,2.5744627661519326,2.9794248545627413,2.765820741701989,0.7626401075935709,1.4110304042558486,1.5077454118568363,2.558213071751823,-0.859173275299045,-0.4070549059059717,-1.6461403451344683,-1.825893105415697,-1.7684866166150421,-1.0798785577006862,-0.7833178721512579,-0.2089648391376897,-1.2604211705619852,0
-0.4320003660567478,-1.4677292476260335,-2.0377545396692445,0.3052077222492148,1,0,0,1,0,0,-0.00340319948767178,-0.3698865581822168,0.31631226684865466,-0.4609474789722255,0.20733614044425464,0.07176133206170916,-0.6944821519297497,-0.25608031590722596,0.8851131874552925,-0.6136913591371493,0.06381647231393742,1.6632761811075873,1.004557630127724,-1.3802296996674412,-0.23495797703745186,1.7998793664862054,-0.9500624211292328,-0.2131856704619481,0.12009793795335687,2.149398660691012,-0.41341491532888236,0.11610252664209639,0.5987258048955628,-0.11300819958990384,-0.2910988534636156,-2.1493986606910114,-0.12009793795335758,-1.2887754577581405,-0.18442671521636386,0.1272058382545045,1.0542702808582185,0.5640125913280355,-0.9701345517591269,0.6769975162545934,0.6772228733838963,0.07776919801113909,-0.47058938433204756,-0.02767187758659086,-0.3871364805165972,-0.03654765684034838,-0.07617516788719629,-0.9847090191502859,-1.3595243465075295,-0.5986491559356475,0.22417816752487937,1
2.6520311168117785,0.6967630939767645,-0.15484123025532542,0.3052077222492148,1,0,0,0,1,0,0.2742134146032426,-0.45361853746570174,0.047655457083711085,-0.39324546951491474,-0.15260373497149118,-0.0449559613601098,-0.6815878448407102,1.1791805575572423,-1.2408955613978,-0.8418400404593565,-1.1928866194663668,-0.14842636050069202,0.928907922458018,-0.8973801432254168,1.445705035440435,-1.4534063590491995,-1.3432910149624626,-1.5554957208743976,-0.09305301462755473,-0.11014700605881247,0.05111282433566018,-0.17018675364712396,0.23581257780866038,-0.19471279244682807,0.032172209321643594,0.11014700605881318,0.09305301462755473,-0.9545452942874786,0.9413120111617277,-0.7825551014843162,-1.3360223106541085,-1.689000399752289,0.06953024385249205,0.2692014673650073,0.34501385799472056,-1.4104971262332722,-0.16527347000083534,-0.4070549059059717,-0.7976812189789466,-0.5681647828663581,-0.6007917169928287,-0.6040308649486834,-0.28942660841731066,-0.3759724034796717,-0.8274130302866491,0
1.7011214095939837,0.4648532002336079,-0.15484123025532542,-0.8681093238500562,1,0,0,1,0,0,-0.16744938054139394,-0.3094134620330332,-0.0035172685858019803,-0.36778488476173804,0.1430006539762515,0.04627134844085214,-0.3488489364539829,-0.27539384745461215,-0.2848127910121048,0.4074861510475096,0.9930256217310687,-0.9245133506386489,-1.5283909625195875,-0.3808249232299559,0.3024244418397485,-1.2785018030175104,0.5790860288309622,0.5871201640141173,-1.5860629517126332,0.312111980532898,0.10456716189576644,0.6809488651951539,-0.8954223871902227,0.023724292201751897,-0.71777337614607994,-0.31211198053289735,1.5860629517126332,-0.5367575899491508,-0.03432821836595151,-0.8553359766634215,-1.3101813096647865,-1.05747403104038,0.5736101447550955,-1.7697787770829225,-1.482135726645747,-0.5423417704240322,-0.1375174777889068,0.27583454506891375,-0.8615437338508666,-1.1386807229918314,-1.057715808149347,-0.5405845059150832,-0.12479618717266176,0.013711913318286572,-1.198562864808365,1
-0.020796168340944693,-0.23087648099586283,0.5693561964423357,0.3052077222492148,0,1,0,1,0,0,-0.11697363252486404,-0.32860204061883186,-0.6175899766199587,0.3613136786246856,-0.7344913508946546,-0.5319488063270097,-0.3772808355598076,0.44039546373575117,-0.4118616739000553,-0.99652247776576,-0.5145561658779817,0.14205811328736961,0.3408313200766839,-0.6546723896164073,0.43770250211758305,0.05396218221771606,-0.4579538367740301,0.25717273665125745,0.18286856865026183,0.012383503443245562,-0.12952275205549008,-0.16597583689999298,0.617255494704917,0.8921383918547139,0.9200273392543868,-0.012383503443245562,-0.18286856865026252,-0.48105256270404034,0.7161642658861095,0.8277217618533966,0.7312577684916879,0.4957394703862077,1.1722050270769362,-0.05703537174666111,-0.1532996650890431,0.8839134569768611,0.19555442875423396,0.27583454506891375,1.4101371523074657,1.571269992604168,1.9207523416116614,0.5697267771729232,-0.28942660841731066,-0.32030321536567735,1.770635811365363,1
0.2876069799459088,-0.9008383962538722,-0.4445202009343899,-0.13478617003801185,0,1,0,1,0,0,-0.19268725454965888,-0.304761685406173,-0.6687627022894718,0.610711679275121,-0.8168833888562058,-0.706353957417084,-1.3206614479344299,0.8193916979499717,0.6086719102404685,-1.2223461362924861,-0.9809429285847774,0.038019476796141316,0.6617188315773538,-0.7438889588904984,1.4213251408781284,-0.02682725124310231,-0.6550376634152063,-0.39956528836818117,0.6912331826893902,-0.6337026228571595,1.093126809069866,0.299211504230858,-0.8590336922174864,1.001786636760392,0.8851761147681196,0.6337026228571595,-0.6912331826893908,-0.8431352397972577,0.8662627627365218,-0.8917264142529749,-0.7675202888890147,-0.9550643496276378,-0.5290646384693491,0.10608304780917345,-0.2086678343205727,-1.0384305451721696,0.5286263352973745,-0.17942508891434333,-1.244718823082393,-1.4239386930545688,-1.0238695791747903,-0.09645999267988113,-0.6186874509066087,-0.9326642846196119,-0.9511296417938885,1
0.33900750466038404,1.2121184134060021,1.4383931084795292,-0.8681093238500562,1,0,0,1,0,0,-0.34411449859924853,-0.21230762494732502,-0.5280377066983108,0.034376624407757565,-0.27820839517963436,-0.1898463945734023,0.4571481734772902,0.9171399623299512,-1.9136049305737202,1.069217302011231,-0.6105343846143102,-0.6007492497700562,0.23786053782587602,0.7407462006710155,1.5255576392664216,-2.1747914826590065,1.1855797344790846,-0.8741526256041242,-1.887285220561891,1.0524361778040754,0.1044692123236439,0.2694667724689236,0.4305063422576651,-0.26884302479362965,-0.05971529739021387,-1.0524361778040754,1.8872852205618895,0.7723105503109431,1.5417059985633763,0.2545723698179399,-0.9484072958142716,-0.4942207832702994,0.6051151385615076,-0.7910682597479163,0.06817301183707392,0.2638024885416898,-0.22078545442469194,-0.17942508891434333,-1.1808563082104715,-0.8145239388296306,-0.8546384343020056,-1.0481553781838862,-1.1125787146405561,-0.8213259083916238,-1.0129879475475077,1
0.3647077670176212,0.8513696898055362,-0.15484123025532542,-1.161438585374874,1,0,0,1,0,0,-0.3945902466157784,-0.16869721907050997,-0.34893316685501513,-0.21733597485660297,0.07660068919937087,0.03822187992900256,0.3324502638017483,-1.214816526734416,0.6420342577442575,0.6224247473941773,0.8668583916016362,-0.30415243686070464,-1.0493220362021147,-0.6823815040119506,-0.5708508195468126,0.053418969479440276,0.23464299588438128,0.41342440323340496,-0.9813771768947055,0.5584902876836534,-1.1441077431057898,1.0955079880230976,-0.8240014259902925,-0.6081877001094749,-0.7233299010817025,-0.5584902876836534,0.9813771768947048,-0.7595776989295921,-0.7097714541928067,-0.6915790075104341,-0.5607922809744348,-0.4430159425639276,-0.34003467563087314,-1.0357458890816678,-0.762349526635866,-0.046252995675895824,-1.053465220782544,1.1104772073715516,0.19674936974096682,-0.2699405414371327,-0.48232991558187904,0.6014499566897238,0.36909507656128593,0.7374113588002092,0.16231986177126023,0
0.4932090788038099,0.9029052217484598,1.7280720791585935,0.3052077222492148,1,0,0,1,0,0,-0.7226826087232228,1.1715959215436065,0.12441454558798068,-0.4053971122380218,1.401745160202198,1.2143386680492474,0.9187038097764235,-1.0752191128479578,-0.7218320524918194,1.2775232810099364,1.3592817731204616,-0.9585810051219489,-2.4861336073334,1.6985762528426542,0.14942449812980005,-0.17796475212010426,1.0441197755221083,0.9907779192068845,-0.08286747959746427,-1.2252032044178718,0.41971736690239575,1.6254621579473545,0.8079311842477814,-0.6905202374442074,-0.799831078362019,1.2252032044178718,0.08286747959746356,1.8585585815905954,0.340918023760079,0.6002815269186915,0.4082452561251572,0.8371050750953478,0.7941451013999841,-0.22015379130249568,-0.2086678343205727,1.3179911348814817,0.19555442875423396,1.1863538130354276,-0.615216890773458,-0.1402778277722523,-0.39771434314548676,-1.3336639938350878,2.2623449208747504,1.6281183686241134,-1.136704559054746,0
-1.5628119097752085,0.7740663918911503,0.27967722576327125,0.5985369837740325,1,0,0,0,1,0,0.36254597363216995,-0.46931828358135513,-0.438485436776663,-0.08656115316983176,-0.7073420533859405,-0.29404229253234415,0.1999609970347564,0.3813448415562756,-1.4166474564419924,-0.1634308403409501,-0.1530092678281295,-0.3802132074280879,-0.039265806747430645,0.14024589215966815,0.1342149364369275,-1.2531918997959368,-0.11345771703538463,-0.37959885182617403,-0.09720267704722074,-0.4221610355600758,-0.13791859098820436,-0.3889541857882843,0.6772675289980937,0.10828179156747413,-0.17168485393368144,0.4221610355600758,0.09720267704722003,0.35452284597261524,0.41596727218528484,0.8641121994429487,0.007709740790658993,-0.03337721691295973,1.550264952753888,0.5138790966987595,0.6218547041523672,0.7598912632898273,0.1400424443303771,-0.02767187758659086,1.209426391281428,1.4286410075727993,1.396135792506029,-0.15990635171348128,1.1099319721622063,0.9600881112561845,1.275769365336409,1
-0.7404035143436003,0.6709953280053031,1.7280720791585935,0.3052077222492148,0,1,0,0,1,0,-0.15483044353726144,-0.3152281828166086,-0.5536240695330674,0.13853356203438952,-0.5451168139911332,-0.3494941867250857,0.5315446971042669,1.026618035253825,0.7122792528778975,0.391741684169043,0.3848711186127699,1.0996317141092335,0.38008276839603145,0.1713307076525464,1.8353109434696913,0.47026713101799944,-0.21114714158294773,-0.1744470888040102,0.4783555005605047,1.0253393444399002,-0.5679342161978074,0.4295087419513557,-0.5011364858964398,-0.7385876334446103,-0.6706649324773202,-1.0253393444399008,-0.4783555005605054,0.0759977097470634,1.5417059985633763,-0.2821865846279648,-0.0052107597040024186,-0.08458205761933026,-0.6235796198885869,0.758556726032511,0.5664865349208381,-0.23228628620644656,-0.6648813298155464,0.12408133374116129,-0.7155722712864762,-0.840456481562607,-1.0407926936620688,-0.2233527107470814,-0.5363722402842841,-0.09762646290970158,-0.5799798072721716,1
0.18480593051695732,2.217061286293016,0.27967722576327125,0.5985369837740325,1,0,0,1,0,0,-0.48292280564470574,0.00574440443675031,-0.15703544559434116,-0.315706415948422,0.4331218087630434,0.24840244662729724,0.83004365246917,-0.12105934645957216,-0.023724999489588408,1.0487518117161279,0.7891394454184132,0.4999421713198138,-0.38279890199666633,0.7981302851806985,-0.3547816197582311,0.28172736106891205,1.12873997019739,1.0164694684294515,0.19034451885672046,0.4930801176436278,-0.35671352739095835,-0.18925468614257004,0.31554169728558684,-0.29755680501266607,-0.03353533171721305,-0.4930801176436278,-0.19034451885672118,0.27096530510494976,-0.7097714541928067,-1.3375092747249961,-1.0130097982875779,-0.5795621844475838,-1.0646495331783645,-0.8726274695258333,-1.0391903727935126,-0.8523972546416179,-0.44283339212011924,-0.3311783002420958,-0.49661507743988936,-0.2699405414371327,-0.36386811417093057,-0.44541496736468245,-0.5363722402842841,-0.3759724034796717,-0.3944048900113141,0
-1.8455147957048228,1.7790092647781635,1.0038746524609323,-1.161438585374874,1,0,0,1,0,0,0.7537330207602766,-0.543165237532762,-0.46407179961141953,-0.07556680975368728,-0.9343985470179748,-0.35933242601734633,0.5081947205184605,-0.5378735216132733,-0.8123272436578773,-0.5168206482578873,-0.3676472757365177,-0.1192046912915002,-0.011342175468386733,0.32183406185773866,-1.2965209987611093,-0.5122050195240287,0.24507900146990194,0.6509833580100495,-1.5734230101710878,1.3979208031972914,-0.38508432715889224,-0.5605779863083352,0.595761907446195,0.941207495928527,1.1135180098047248,-1.3979208031972914,1.573423010171087,0.24311279148239442,-1.2351161931692491,-0.17301527185930607,-0.40574627503850064,-0.2894014204448148,0.7626401075935709,-1.6066603575270884,-1.2606630497196296,0.5118468759157585,-0.27629743884854874,-0.4070549059059717,0.4613226456389258,0.7154960824159574,1.0915197317350172,0.12560226393772106,-1.4418395571298541,-1.0996718489615938,0.9664778365683122,0
1.0843151130202777,1.3924927752062353,-0.15484123025532542,-1.6014324776621007,0,1,0,1,0,0,-0.7479204827314877,1.5931631783528188,0.20117363409225028,-0.42680714941682946,1.6165736565890818,1.5550995017175464,-0.12300033565030398,-0.692013514437477,0.9295602241444524,0.9032879612505597,1.219767726950587,1.1723507815172325,-0.5588965303504162,-1.1076079888768455,-0.9882416009480088,2.0881709114970763,-0.10343881422419349,0.8672628112455961,1.1921218465220598,0.41661470759684033,-0.9356738910569948,-0.04018847553546725,0.8276704167622514,-1.3228519178992664,-0.7390444481652714,-0.41661470759684033,-1.1921218465220604,-1.0102503215325889,-0.8598699510432187,0.30006041680488094,1.3772827932247493,1.263812080981773,-0.8126095827270634,0.4323198869208419,-0.09793149585751397,0.3258135853852078,-0.9979532363586869,-0.3311783002420958,-0.8980365994919648,-0.38663698373552574,-0.8546384343020056,-1.016432198667086,-0.12479618717266176,0.06938110143228039,-0.76555472453303,1
-1.5885121721324456,-0.7719995663965628,0.27967722576327125,-0.13478617003801185,1,0,0,1,0,0,-0.05387894750420167,-0.36349036532028395,-0.7583149722111197,1.1945691796377411,-1.359249400633868,-1.2027378489811416,-0.11654968344388744,0.6101708150060762,0.20699987505932058,-0.6773799422163291,-0.9103922236981351,-0.06523460804510178,1.1623466060512808,-0.3256363660111796,-0.13418400786048643,0.13062218252893656,-0.7138592419912195,-0.5299345009939526,0.5444209881177456,-0.6289223324429117,-0.1633068480995121,-0.9719011859777729,-0.15171306745663332,0.2072459964364176,0.6661765813058846,0.6289223324429117,-0.5444209881177463,-0.14682239923337803,0.11577027848446049,0.7913313242638433,0.7441782689863493,0.39332978897346543,0.4475901695294441,1.166352774922097,0.954063719541543,0.139780294854656,-0.44283339212011924,-1.1658209625447336,-1.235595606672119,-1.112748180258855,-0.9731002357129547,-0.3502454288142823,-0.7833178721512579,-1.0996718489615938,-1.0748462533011267,1
0.5703098658755232,2.2428290522644785,-0.4445202009343899,-0.4281154315628296,0,1,0,1,0,0,-0.016022136491804253,-0.36872361402550174,-0.38731271110714993,-0.18435294460816953,-0.38221898317102354,-0.14110239080720205,-0.2612402818295499,-0.5871747872950891,-0.24673145283242084,-0.6914859921732668,-0.741854838370835,-0.9177903451932602,0.5758312339821667,-0.8161447985785938,-0.7912918589695157,-0.6865045517133664,-0.8385400261995808,-0.8497984261782747,-0.7279513648365089,-0.529783266025729,-0.45222129522134846,0.013217009302521857,-0.3525807066508378,0.10267102853383957,0.1347848596182497,0.529783266025729,0.7279513648365081,-0.7038726716844818,-0.6347222057676005,0.4547197765604794,0.007709740790658993,-0.32353798091572933,0.7311351137871589,0.18764225758709038,0.6218547041523672,0.3258135853852078,-0.27629743884854874,0.27583454506891375,0.8080048692293539,0.4821031978191731,0.49921072468027106,0.9821281108913258,0.2044646553166367,-0.04195727479570725,0.5953280020465953,1
1.6754211472367457,1.8820803286640106,0.5693561964423357,1.0385308760612593,1,0,0,0,1,0,0.17326191857018283,-0.41873021276424965,-0.4896581624461761,-0.0061288513359326405,-0.6792740860569656,-0.3172963126776874,-2.010830583508436,0.1057508706800346,-1.2360513468055199,-0.7517928810270814,-0.9256544336707025,-1.1435998495984943,0.5482812069806653,0.6739838520303589,-0.021903585390130972,-0.797519589255747,0.6426083202468414,0.5938620980824277,-0.16027754582615011,-1.4007724800268284,3.4695455990514774,-0.1670889197916327,0.8882933243423381,1.652823090887848,1.7831868514899345,1.4007724800268284,0.16027754582614942,1.07868820015905,0.41596727218528484,1.3644807162993,0.6666552660183818,0.9224464762726329,1.9598298722372534,0.18764225758709038,0.2896456887631914,1.752068812786101,2.33276582907272,-0.5588081172337243,-1.2994581215440402,-0.723760039264214,-0.093098282374475,-1.238494455284687,-0.9479482933959068,-1.4893561657595522,-0.8892713360402683,0
1.2899172118781799,-1.8284779712265005,1.4383931084795292,0.3052077222492148,1,0,0,1,0,0,-0.6595879237025604,0.8052685121783598,0.8024531607090287,-0.544273029073531,1.4556556081859313,1.039933516959173,0.901111773158922,-0.19103710052341688,-0.3178712136657965,1.1065860718235037,0.7936911114535796,0.13440472766725983,-1.2676850632251238,1.015640895315325,-0.014774235899673957,-0.9567675670891377,1.2764059384619042,0.9216788452422114,0.6912331826893887,-0.5022446364654003,-0.23820144040275837,0.24740391058530567,-0.5269185367823259,-0.22926411286243556,-0.131997314529735,0.5022446364654003,-0.6912331826893894,0.6609004958207222,-0.25947596364157,-0.7461646638947628,-1.077612300760884,-0.596630464683041,0.25856020669096863,-1.0357458890816678,-1.3713993881826885,-0.9764194483286528,-0.24854144663662048,0.19995793940503753,-0.07694712256726609,-0.3347718982695729,-0.39771434314548676,0.4428340591057229,0.7806711296729086,0.5704037944582268,-0.1469716669968365,1
0.6217103905899984,0.6967630939767645,-0.4445202009343899,-0.4281154315628296,1,0,0,1,0,0,-0.6091121756860305,0.4563852651638393,0.11162136417060241,-0.4048184625845405,0.9368571517910429,0.6638444603777562,-0.20525142247662584,0.3594432632228574,0.7534741204026072,0.17473236915116652,0.832370697350647,0.41566207303893726,-0.7785906596501828,-0.8670507014278425,-0.8227368414161749,0.6732474058214781,-0.34202292566580916,0.48456190384767506,0.6912331826893887,-0.11864316273067908,-0.5809397453925552,-1.317546865838124,-0.3534756490045306,-0.5751962363071217,-0.6090422859284955,0.11864316273067908,-0.6912331826893894,-0.5924626171942612,-0.40957446049198204,1.6010185606313942,1.7778183085592476,1.519836284513628,1.2667200084961745,1.0847935651441794,0.7879592118469556,1.5660355222555504,-0.8036612908751883,-1.4693273852002382,-1.4454295841084306,-1.3720736075886157,-1.4638705558440304,-0.9212626601166852,0.12214944469431245,0.06938110143228039,-1.569712699330082,1
-0.4320003660567478,-0.07626988516709207,0.27967722576327125,-0.8681093238500562,1,0,0,1,0,0,0.6906383357396142,-0.5332802122006839,-0.7071422465416066,0.9110308494319098,-1.5325020585032196,-1.114193695350796,-0.5144235335079894,-0.5317432748440091,0.4219964023193697,-2.15967476098556,-1.4946905517353914,-1.3721363824043156,0.9603582375242149,-1.5203839428541424,-1.116896816895187,0.7179738308831753,-3.0378470001501006,-2.41596963764197,-1.8366892925911174,-0.04982429368856782,-0.803831275762178,-0.38904838017610605,0.1446112399715608,-0.09469581229637845,-0.41555319965498333,0.04982429368856782,1.8366892925911165,-1.4558905394934718,-1.1225423205314402,-0.4413947490822584,-0.024591510445994075,-1.2281568333949502,-0.8756195703398886,-0.42405181574728873,0.5664865349208381,-1.565524868342065,-0.859173275299045,-0.5588081172337243,-0.6882026220556532,-0.5162996974004062,-0.5161761445564365,-0.9212626601166852,0.03983423407198747,0.013711913318286572,-0.7036964187794109,0
-0.5091011531284612,2.165525754350092,-2.327433510348309,-1.6014324776621007,1,0,0,1,0,0,-0.3062576875868511,-0.2617327516077154,-0.4512786181940413,-0.07846005802109372,-0.190307729612128,-0.14065519811209928,-0.04576423693306511,-0.18594310020787735,-0.023891304886197583,-0.751334759287937,-1.1366164121858,-1.7703151377028512,0.28878902429486564,-1.230119665193439,-0.2937125406413961,0.4042913402407492,-1.2361042861023774,-1.1775506345718783,-1.7152101805067,-0.7133741297612541,-1.1654847899229133,-0.039022035032949445,0.43893402137662046,-0.2106950628695057,0.3280079997014794,0.7133741297612541,1.7152101805067,-1.17736540326792,-0.3345252120667762,-0.20030810005147043,0.03355074177998182,-0.4600842227993849,-0.6865896075014126,-0.7910682597479163,-0.04256332662598434,-0.35630847989348147,-0.9701972441467586,0.35171115073279,1.209426391281428,1.2860120225414318,1.1084428462222957,0.9504049313745251,0.6160407084282594,0.29205785388825667,1.1520527538291696,1
-0.12359721776989524,2.9643264994654106,-0.15484123025532542,3.2385003374973924,1,0,0,1,0,0,0.021834674520593164,-0.37802716727922225,-0.5920036137852022,0.25426349273064724,-0.7847659382751198,-0.4872295368167342,-2.9600824804072485,-1.6414027500859407,-0.7142207118509908,-1.841689340328359,-2.4297884811432158,-1.1450152392831972,2.0400768741487645,-0.3966163233971615,0.04346958191322112,-1.009786382175467,-0.3893042476956739,-1.2066673374175638,-0.6187833227191311,-0.9479624556455367,3.7197723882524376,2.296423659479613,-0.03837429102310384,2.101976054950984,1.9807682304735,0.9479624556455367,0.6187833227191303,-0.6481676444393714,-0.40957446049198204,-1.3466068841223853,-1.5685913195580112,-1.603658998575004,-0.9386295579527137,0.10608304780917345,0.4557501964577793,-1.2244638357027204,4.275685283907707,2.8556391376407038,1.1638103092300558,0.9618552383792308,1.8699829981498264,1.2993599060593275,-0.4540570296619595,-0.8769950965056176,1.8324941171189824,0
-0.4320003660567478,-1.2100515879114147,-2.0377545396692445,1.0385308760612593,1,0,0,1,0,0,-0.00340319948767178,-0.3698865581822168,-0.6559695208720935,0.5927735400172011,-0.9441221677954132,-0.7425765657204071,-2.7724258349289626,-0.2761293192962375,0.0406169441752225,-1.4518576607163718,-1.6913983624547415,-0.3249831524814454,2.019328669927957,-1.3780124541824825,0.17292171413531285,1.5054109492908985,-1.0836544492257265,-0.8022590563249185,0.10862057896823145,-0.550966827225982,2.4782318042028253,0.5522253336626236,1.4572680993956475,0.8868328316173438,1.4156508876118619,0.550966827225982,-0.10862057896823216,-1.2887754577581405,0.19081952690966666,0.09991301006234013,0.8733832739329616,0.3421249482670949,-1.1906695084040155,1.3294711944779316,1.397009073393778,-0.10826409251941274,2.3882778134965768,0.5793409677244183,0.16937972051014377,0.9099901529132779,1.2607508766078017,-0.5723076854318833,-0.7010026615289333,-0.9883334727336057,0.5953280020465953,0
1.3670179989498932,0.6967630939767645,2.8867879618748513,0.3052077222492148,1,0,0,0,1,0,-0.5460174906653681,0.1801860279440106,0.047655457083711085,-0.39324546951491474,0.7307005965496816,0.44248407630189274,2.461457207152637,-0.6588733403582359,1.5659493414272785,1.1758934967744423,1.7483470244445312,1.38713734509117,-1.0301282425261329,3.6274749749240756,-1.1638795814974592,2.5109562462785107,1.333761484522711,2.4662411085001215,2.259805577323277,-0.34935776200978186,0.20181408865247805,-0.26162467773250253,0.3825636624680899,-0.2660211949614998,0.13486766880772463,0.34935776200978186,-2.2598055773232777,4.838777539204,-0.7097714541928067,2.064996639898192,3.4058013708865613,4.063010039596722,0.038025250046078915,0.18764225758709038,-0.7069813574043363,2.6822352654388593,-0.10976148557697851,-0.5588081172337243,-1.0531312784666302,-0.723760039264214,-0.7700228618656133,-0.7626467625326843,-0.4540570296619595,-0.6543183440496418,-1.0748462533011267,1
2.2922274438104506,1.7017059668637786,0.27967722576327125,-0.13478617003801185,0,1,0,1,0,0,-0.38197130961164594,-0.1832340210294483,-0.1826218084290977,-0.30529072218575887,0.24330383825740393,0.0950153522070524,0.77111275804261,-0.1668045172462847,0.6691743122069355,0.16006154115723023,-0.1181491418792991,2.507761520699062,1.7366257663318263,0.6453780033817905,-0.3452619997535425,-0.298060919342618,0.5583097164549695,0.29171869185348404,1.8833482026111439,1.5524057982918193,-0.42739696430203183,-0.11693145727659025,-1.2143061813128901,0.337377541953558,0.4384061950699966,-1.5524057982918187,-1.8833482026111446,1.0229831729139398,0.04072103005925432,1.2916998411201945,0.9121447754169449,1.1272658390981163,1.0776900456576979,2.7159777607025237,1.6738499195514247,1.0079356506638961,-0.6371253376036178,-0.482931511569848,-1.1808563082104715,-1.5276688639864726,-1.3284856399458025,0.2524949820049213,-1.853415610241477,-1.6006945419875402,-1.0748462533011267,0
1.3927182613071303,1.3667250092347738,-0.4445202009343899,0.3052077222492148,1,0,0,0,1,0,-0.7983962307480176,2.500259620590572,0.09882818275322415,-0.40308251362409664,2.1076124518177646,2.2343852055786306,0.02229965375258052,-0.4438557444461527,0.012171737183986089,-0.4054985974573339,-0.3318867404969652,0.08887515283509152,0.568904178046349,0.19781340994179492,-0.6356670780701426,0.16549626434557188,0.11581444456541976,0.8072641754074656,-0.16027754582615011,0.28017642692511974,0.16664461707280473,-0.02759138561949885,0.14966861278229268,0.6626420653079496,1.2196053631822106,-0.28017642692511974,0.16027754582614942,0.5494904413305014,-0.25947596364157,1.3553831069019124,1.248077788278137,1.2467438007463156,1.5817699465603012,-0.30171300108041293,-0.26403600355210183,1.5660355222555504,0.5841383197212315,0.5034643620605421,1.6382175625643265,1.4805060930387524,1.7176749677643206,1.8386539578449304,-1.0302635040182315,-1.0440026608476,1.9562107286262216,1
0.18480593051695732,1.7532414988067013,-1.168717627632051,0.3052077222492148,1,0,0,0,1,0,-0.785777293743885,1.9333243441919763,-0.4768649810287978,-0.0437410788122164,1.3150646565363162,1.5206656641946341,0.3452790920304933,-2.2795286828201045,-1.6241171144162947,0.28521832367627986,0.29731304655849794,1.2223691876708824,-0.07206646708032334,-0.9612501439587379,-1.4830329445645092,1.3932278385074983,-0.3652580937118243,0.3738089599537627,0.271474372857786,1.3979208031972914,-1.4405888002720382,1.643054807836651,3.6202821189719834,-0.7474952278083224,-0.021569828334994712,-1.3979208031972914,-0.2714743728577867,-0.8431352397972577,-1.3101654415944555,0.49111021415003275,1.183475285804831,0.9565830367435462,-0.30852968182446,0.18764225758709038,0.06817301183707392,0.7598912632898273,-1.4420491117495413,0.8069707847160468,-1.3541974200056863,0.37837302688726915,0.04228663352375219,-3.0784388672590977,-1.1125787146405561,-0.6543183440496418,-1.0129879475475077,1
0.10770514344524394,-0.02473435322416849,1.0038746524609323,0.5985369837740325,1,0,0,0,1,0,-0.0412600105000692,-0.364653309476999,-0.13144908275958464,-0.32438616075064136,-0.07718263097501303,-0.029751409726616142,1.2017359806889936,0.8810250756870126,-1.0021230561965382,1.1520345537561743,0.0351727825635145,0.38689192229097447,0.44899140837525303,0.7524184670992671,1.488504821203228,-1.2187102745972693,1.382871311288233,0.5339098537257683,0.3586118043630053,0.17200761631813533,-0.9192354677961552,0.28191688804185105,0.14524949514235114,-0.1850928386308286,0.47553271508871753,-0.17200761631813533,-0.35861180436300605,0.605195468575612,1.2415090048625523,-0.2639913658331881,-0.8321227913623208,-0.3064697006802721,0.4790951633358572,-0.13859458152457876,-0.319404172783631,-0.35630847989348147,-0.8036612908751883,0.4275877563966659,0.4613226456389258,0.4691369264526849,0.36382580878204385,0.8235122133073248,-0.4540570296619595,-0.4316415915936655,0.7809029193074537,0
0.2876069799459088,0.33601437037629844,-0.4445202009343899,1.478524768348486,0,1,0,1,0,0,-0.19268725454965888,-0.304761685406173,-0.3617263482723934,-0.20865623005438366,-0.18789203091048115,-0.073129101151583345,-0.8903150330014684,0.08809552376103146,1.6902466847154893,-1.553987714593418,0.1300583910822391,2.2378710849134458,0.5520487603440403,-0.6349563359383225,1.6149622180629637,-0.0915517592395258,-0.5654113420136074,-0.6070742224000982,0.8164553486475558,2.2424387763807094,0.6035638366521827,1.49691982667084,-2.402624530422917,1.538684939401986,-0.7617720989059654,-2.2424387763807094,-0.8164553486475564,-0.7317251853070371,1.0914105080121401,-0.7643598826895395,-0.6899972859210471,-0.8526546682148961,-0.6235796198885869,0.2692014673650073,-0.09793149585751397,-1.1004416420156866,0.27882240539001907,0.9587239960437993,-0.8432973010303187,-1.8129268340492097,-1.2607931819966884,-0.15990635171348128,-1.3595243465075295,-0.5429799678216537,-0.7036964187794109,1
-0.5348014154856993,-0.7462318004251005,-0.15484123025532542,1.7718540298733036,1,0,0,0,1,0,-0.6217311126901629,0.5639575996599832,-0.16982862701171944,-0.31107721872057176,0.7495174763454219,0.6741298923651196,0.04203590179093542,-0.731879896142673,-0.3553132014425423,-0.20669770103151827,0.7184727506663747,0.359569170473621,-1.0052333584479247,0.11661537701997833,0.4264948497162179,-0.26771725856347123,-0.38299403294201056,0.6175392022922427,0.5364130502320184,-0.04159846927444537,0.05806876597368499,1.4317813038714717,0.2166950231323675,-0.1005350679422436,-0.3311429269770104,0.04159846927444466,-0.5364130502320191,-0.09111737198826762,0.11577027848446049,-0.7279694450999874,-0.7416792878996918,-0.8355863879794388,0.4790951633358572,-0.5463906304141645,-0.8177176958673952,-0.8523972546416179,0.08453045990652028,1.413983630027056,0.16025650409986858,0.2487103132223888,0.19459466390925928,-0.3502454288142823,0.9453015509175579,1.0157572993701793,0.22417816752487937,1
2.215126656738738,0.0783367106616796,0.5693561964423357,-0.13478617003801185,1,0,0,0,1,0,-0.14221150653312897,-0.31987995944346886,1.1606622403956202,-0.5934582496194406,0.6833547931658017,0.21262703101907687,-0.057915200232431595,-0.12534869780106483,-0.29268568761545344,0.5519257058366149,0.6728015897631282,0.3781883472747858,-0.546101488993574,-0.5287692564964828,-0.2831964955634979,0.07559508064094336,-0.27572038212967337,0.0868472005416056,-0.43967950362031105,0.9518725779243598,-0.44780751505769495,-0.1116550108619987,0.4760769056812653,-1.0190156324741009,-0.7898856299062202,-0.9518725779243598,0.4396795036203104,-0.5924626171942612,-0.40957446049198204,-0.4914316007678933,-0.37990527404917784,-0.4600842227993849,-0.15100471279239655,-0.46483142063624716,-0.319404172783631,-0.35630847989348147,-0.6093693453916895,-0.4070549059059717,-0.9527758979536108,-0.5940973255993336,-0.9223308922511192,-1.0481553781838862,-0.37174181903963527,0.06938110143228039,-0.8892713360402683,1
1.0843151130202777,1.7790092647781635,-0.15484123025532542,-1.161438585374874,0,1,0,1,0,0,-0.7479204827314877,1.5931631783528188,-0.46407179961141953,-0.07556680975368728,0.9682671577500781,1.2836535357901742,-0.3459549814027109,-0.4338339092295077,1.11560727796673,-0.7348893386273505,0.007291030192997161,1.7246286049871833,0.660398950594121,-1.0839569116719394,-1.218927748299973,2.042238894030752,-0.26273936892213,0.7863127664506014,1.078283513832815,1.282759261399553,-0.6020181511494277,-0.6256444044241851,0.5271806136872226,0.7322602247017428,0.7582026767411646,-1.282759261399553,-1.078283513832816,-1.038102835155144,-1.1600669447440433,-0.1457224436671417,0.9121447754169449,0.7517636739180628,-0.9701345517591269,0.2692014673650073,-0.2086678343205727,-0.046252995675895824,-0.49834537654397587,-0.482931511569848,0.41570656358755365,0.6376984542170299,0.9222885868622325,-0.033013633646279864,-1.1948939252628807,-0.8213259083916238,0.6571863078002155,1
0.5703098658755232,-1.596568077483343,-0.4445202009343899,0.3052077222492148,0,1,0,1,0,0,-0.016022136491804253,-0.36872361402550174,-0.06748317567269331,-0.3591051399595187,-0.04240547108896989,-0.00605019688617015,-0.3655558231292803,-0.5807237479114142,-0.571588816403683,-0.6318902788257371,-0.6826353613021454,-0.8647624872859648,0.24826346942233682,-0.7514344226191098,-1.0090175489567725,-0.5827867656556643,-1.2079871402375961,-1.0183088644646556,-0.5252107151899527,-0.6585353003337585,-0.24251015052263022,-0.213750061328471,0.19573656462001265,-0.3441763695255868,-0.10672100599320801,0.6585353003337585,0.525210715189952,-0.6481676444393714,-0.8598699510432187,0.4001341201761507,0.020630241285320403,-0.4600842227993849,0.6996301199807459,0.4323198869208419,0.7879592118469556,0.20179139169817292,-0.10976148557697851,-0.02767187758659086,0.5799244589724931,0.5987996401175653,0.4145951522438788,0.37938770007212164,0.6983559190505837,0.4033962301162448,0.10046155601764112,1
0.7502117023761872,0.6194597960623787,1.7280720791585935,-0.4281154315628296,1,0,0,1,0,0,-0.4955417426488382,0.02318856678747634,-0.630383158037337,0.45679087144909825,-0.278208395179635,-0.3351840204817976,1.7057595152417702,0.06954296647787025,-0.839974894513661,0.8592261285625925,0.11603136838663898,-0.15028441589174862,-0.15668406616488864,1.2947940505219397,-0.5902140213361364,-0.8408188369898587,0.8488537579370294,0.6613975295471153,0.6152054390719316,-0.8151232831568466,-1.0781571695456402,-0.686713353905853,0.3033319772104217,-0.319050211263185,0.4948794953682627,0.8151232831568466,-0.6152054390719323,0.577342954953057,-0.9349191994684248,-1.5194614626727603,-1.6331938220313174,-1.2964299543367779,-0.43454965705011084,-0.46483142063624716,-0.762349526635866,-1.2244638357027204,-0.8314172830871166,-0.2553016945782196,1.6017246969232295,1.5453374498711925,1.294597105582359,1.6800380602609295,1.1099319721622063,0.7374113588002092,1.4613442825972665,0
0.4932090788038099,2.3459001161503257,1.7280720791585935,-0.13478617003801185,1,0,0,1,0,0,-0.40720918361991093,-0.1338088943690579,-0.7839013350458762,1.6806348885620235,-1.1531482284226375,-1.4017385983018673,-0.336579337241911,0.5439445065330282,-0.16935673473618587,-0.172780072334203,-0.9987147570719443,-1.0975094079834415,0.21355469239658126,0.47543542131700783,-0.5385347884111524,0.5667619471496708,0.6426802590017623,0.40697443641160186,-0.4291756706205317,-1.0712207285677868,0.9430712327796552,-1.2860732346992556,0.8010574284401683,0.8706854743731702,1.6957094232216379,1.0712207285677868,0.42917567062053097,0.5494904413305014,-0.40957446049198204,0.36374368258659734,0.6149732640397371,0.8712416355662611,-0.40304466324369825,-0.7910682597479163,-0.7069813574043363,0.5738579727592754,1.2780381250194413,-1.0140677512169813,1.127317443588959,1.4286410075727993,1.7684443112261554,1.0772976494417266,-0.12479618717266176,-0.5986491559356475,1.770635811365363,0
-0.5091011531284612,-0.07626988516709207,-2.327433510348309,-0.8681093238500562,1,0,0,1,0,0,-0.3062576875868511,-0.2617327516077154,-0.7071422465416066,0.9110308494319098,-0.8359652222306702,-0.9053547067378097,-0.30567317395412846,0.07908907136422708,0.1171403129465431,-0.9074777845247164,-0.6685403294959874,-1.3373557674299126,0.014341130574655575,-1.258113805624049,-0.27093547271740615,0.40879828289931935,-1.212424771350578,-0.9924966432703939,-1.4375436385994584,-0.39825548305102343,-0.832046501383458,-0.37996944137699934,0.25066811793606886,0.023724292201751897,-0.09984462760400109,0.39825548305102343,1.4375436385994576,-1.2330704305130304,-0.40957446049198204,-0.5278220383574467,-0.25070026910256554,-0.6990401460957827,-0.7495995951142377,-0.6279498401920818,0.012804842605544792,-0.4803306735805153,-0.8869292675109735,-0.5588081172337243,-0.7155722712864762,-0.4903671546674297,-0.44848368660732285,-0.826093121566285,0.03983423407198747,-0.15329565102369538,-0.76555472453303,0
2.960434265098632,-1.2100515879114147,3.176466932553916,1.0385308760612593,1,0,0,1,0,0,-0.571255364673633,0.25287003773870237,-0.6559695208720935,0.5927735400172011,-0.190307729612128,-0.26363318926535684,0.8335051767991118,1.3330725259428418,-1.0126257350493943,0.7733590644792553,0.3125873033014091,1.2127722262820262,0.2166083359956664,3.4472652554946936,2.2340173685597677,-0.005345058659351045,1.9343091805932138,1.8976971603907717,1.0008734476041308,0.6614225707698917,2.28545758729793,0.40830568011512497,1.3789220344983006,0.8732696690219982,1.4463531167831283,-0.6614225707698917,-1.0008734476041314,3.724676994301793,2.5173462280910557,0.74584327727690225,0.6278937645343975,1.4515631635718003,0.9516700704320475,-0.38327221085833024,-0.8177176958673952,1.3800022317249987,1.9719379303176512,0.27583454506891375,-0.2685346671830286,0.45617065508619664,0.8038267854512828,-0.7309235830158842,-1.5241547677521787,-1.4893561657595522,0.22417816752487937,0
1.3927182613071303,1.7017059668637786,-0.4445202009343899,-0.13478617003801185,1,0,0,1,0,0,-0.7983962307480176,2.500259620590572,-0.1826218084290977,-0.30529072218575887,1.87906112421396,2.158809640106265,0.4332029895153467,-0.27678693209576266,0.8829658248894876,-0.1891842161835264,0.45682545403259683,1.268641048081129,0.17963544221102914,0.19910604724846884,-0.7054780428217429,0.0020784014465559356,0.014956607168270294,0.7361408238956041,-0.40749033797582196,2.134419035624691,-0.4034348858354187,-0.3268336656541971,-1.204955269140642,0.2704063865584503,0.12480277263882907,-2.134419035624691,0.40749033797582124,0.4659329004628361,-0.40957446049198204,1.0460643873907127,0.8863037744276221,0.8541733553308051,1.518759958947476,-0.5463906304141645,-0.4301405112466897,1.2559800380379649,-0.6093693453916895,-0.6346847228976005,-1.1352402261590995,-1.488770049887009,-1.311562525458524,0.062155904904119784,-1.9357308208638015,-1.4893561657595522,-1.0129879475475077,1
-0.020796168340944693,0.18140777454752677,0.5693561964423357,-1.161438585374874,0,1,0,1,0,0,-0.11697363252486404,-0.32860204061883186,-0.8094876978806327,1.926560991291571,-1.7601823609618084,-1.7416050465799608,-0.009321097229767242,1.3742360309603963,-0.7575244918998914,0.005183597805530846,0.11547539592702262,-0.5350056798350625,-0.5581751740053299,-0.9320921001457001,0.49471534259409705,0.16539952004794348,-0.1982768374255796,0.4557015380307955,-0.2859102762628674,-0.4461216066019436,-0.9183742313607154,-1.3905871100838076,1.2017719242271303,-0.20361062412576428,0.29478018655554666,0.4461216066019436,0.28591027626286675,-0.8152827261747027,0.641115017460903,0.48201260475264507,0.49868875958778525,0.39332978897346543,0.7941451013999841,-0.5463906304141645,-0.4855086804782194,0.6978801664463103,-0.7481493064513315,-1.1658209625447336,0.8718673841012752,1.4286410075727993,1.243827762120523,-0.09645999267988113,0.6983559190505837,0.514734606344233,1.0901944480755505,0
0.8530127518051386,0.28447883843337485,-1.168717627632051,-0.4281154315628296,1,0,0,0,1,0,-0.33149556159511606,-0.22102970612268805,-0.20820817126385424,-0.30066152495790854,0.14862594350138947,0.06237028546455131,-0.22857978426295011,0.04070990170728104,-0.5371277706643209,-0.21310588083832474,-0.06683846640423109,0.38364858490639053,0.9355135667927226,-1.0278837504930203,1.1015157429184865,-0.820353643463135,-0.8333139039991407,-0.7149695661393651,0.12645565867397954,0.3978337296906128,-0.7092035780412947,1.0475986726323088,-0.09010464069171394,-0.5384075060547338,-0.6111353439967101,-0.3978337296906128,-0.12645565867398026,-0.8709877534198129,1.391607501712964,0.8095265430586199,0.21443774870523882,-0.135786898325702,1.2667200084961745,1.4925896140337656,1.5631135810883663,0.6358690696027934,-0.859173275299045,0.4275877563966659,-1.1899795246207467,-1.047916823426415,-1.159254495073018,-0.9529858396334858,-0.7833178721512579,-0.7099875321636356,-1.3222794763156045,1
-1.5628119097752085,-0.5400896726534062,0.27967722576327125,-0.13478617003801185,1,0,0,1,0,0,0.36254597363216995,-0.46931828358135513,-0.6431763394547153,0.5638410573431366,-1.1439734853772594,-0.7966868818278404,0.16081258804269835,-0.6012961834536819,-0.3044145020608989,0.14082791847577775,-0.6889610214375561,-0.5409240068608808,0.5817093504315568,0.15806144261797736,-0.08144686606851641,-0.9597254511339857,-0.050469678264605876,-0.41698746586935376,-0.2611143426240418,-0.4787858038769716,-0.06568068720309408,0.7437061997765836,-0.5482867005565507,-0.2402943014334275,0.4885759700029101,0.4787858038769716,0.2611143426240411,0.24311279148239442,0.04072103005925432,0.381938901381374,-0.19901826712392082,-0.20406001926752979,0.7941451013999841,0.18764225758709038,0.34501385799472056,0.20179139169817292,-0.22078545442469194,0.4275877563966659,-0.6243401071837319,-0.7885913960966542,-0.8207922053274488,0.6014499566897238,-0.6186874509066087,-0.8769950965056176,-0.8274130302866491,0
-1.2030082367738797,-0.07626988516709207,1.0038746524609323,-0.8681093238500562,1,0,0,1,0,0,-0.6343500496942954,0.5930312035778599,-0.7071422465416066,0.9110308494319098,-0.2006745132716574,-0.24798144493676041,2.3021614638219736,0.5476925906921942,1.0251146553675416,1.0798725367584117,1.9375694633145792,-0.2977405396638117,-1.9692521326022396,2.423571325626868,0.1796564329728807,1.3408549749643457,1.5561039270167465,2.33212954063006,0.3637290563372595,-0.7668246343931154,-0.7796076437716595,-0.5717493982842117,-0.05393613715332858,0.08416788720600893,-0.2420646124013172,0.7668246343931154,-0.36372905633726016,2.304198799551478,0.19081952690966666,0.08171779126756346,0.7700192699756713,1.434494883336343,-0.2140147004052217,-1.4435419379712537,-1.7036084035718644,0.7598912632898273,-0.7481493064513315,-0.5588081172337243,-0.08607033897753999,-0.10137901367278856,-0.0592520533999176,-0.3185222492974822,0.8629863402952329,0.514734606344233,-0.332546584257695,1
1.0843151130202777,-0.5400896726534062,-0.15484123025532542,-0.13478617003801185,0,1,0,1,0,0,-0.7479204827314877,1.5931631783528188,-0.6431763394547153,0.5638410573431366,0.5727914486353289,0.7895056077016303,-0.800256502482547,-1.7089608704407633,1.9590892009454666,0.07364319958737144,0.29246010816032786,0.32644503811502046,0.31320045797100615,-1.204108777261817,-1.2541255915521405,2.010774233937513,-0.031226298623194974,1.0155254583151012,0.3699083794759778,0.07836147009820059,-0.09035515555386289,1.0892469404133391,-0.6575063807898505,-0.13045067476562014,0.6112504899280697,-0.07836147009820059,-0.36990837947597854,-1.2609229441355856,-1.3852146900196616,-1.2829236183406676,-0.22485926811324272,-0.22112829950298704,-1.6002344278873806,-0.709509049969999,-0.9284540343304539,-1.0384305451721696,-0.27629743884854874,0.6552175733882943,-0.7703115697481222,-0.9571529238609991,-0.939254006738398,0.6014499566897238,-1.1125787146405561,-1.211010225189582,-0.8274130302866491,1
2.343627968524927,1.0832795835486928,-0.15484123025532542,-0.13478617003801185,1,0,0,0,1,0,-0.7605394197356201,1.6861987108900243,-0.7711081536284979,1.5880509440050175,0.09017389496787814,0.06952536858619539,1.3351573426113068,-0.013860802941840054,-1.1545037961056759,0.5899732865970371,0.5385745896864264,0.20640498554138695,-0.4183520540191974,0.6977461462091231,-1.2915442818473637,0.2503153440397827,1.2994961897115926,2.1391385182510225,0.7902460580981725,-0.5022446364654003,-1.1593890582343178,-1.2748163220055202,1.8297881458228034,0.49154232878347864,1.3882790697405296,0.5022446364654003,-0.7902460580981732,0.577342954953057,-1.2351161931692491,-0.20030810005147043,-0.04397226118798574,0.47867119015075044,0.6681251261743327,-1.1173050988595852,-1.482135726645747,0.20179139169817292,-1.3032691506898992,-1.5452039908641146,-2.084054732827641,-1.0868156375258795,-0.8546384343020056,-1.9998507636878915,-1.3595243465075295,-1.6563637301015341,-1.8171459223445585,1
-0.8689048261297889,2.397435648093248,1.0038746524609323,-0.4281154315628296,1,0,0,0,1,0,1.3342041229503703,-0.6210824960326716,1.1350758775608636,-0.5911436510055155,-0.07557315057065532,-0.020807555824561053,-0.1004186465046306,-0.2873277751337023,-0.594334908630324,-0.13090017013175095,-0.2711012284072542,-0.0203958267621136,0.03412440137201607,-0.5397746703695812,0.3157906913027255,0.018172962012304568,-0.6323284159009992,-1.205984003333059,-1.2010128806784757,1.1633324773130074,-0.3997019182367647,0.7107185707472955,0.8307378046635436,-0.45016834820026785,-0.8249637791409821,-1.1633324773130074,1.201012880678475,0.0759977097470634,1.4666567501381707,3.2294906427638823,2.7468558456588394,2.253772334638279,1.2667200084961745,1.0847935651441794,2.1167952734036595,3.2403351370305127,-0.27629743884854874,0.8828473903799233,0.534308376921121,0.9099901529132779,0.65151875506577694,-0.9212626601166852,-0.04248097655033679,0.6260729825722207,0.5334696962929761,1
0.05630461873076867,-0.87507063028241,0.27967722576327125,1.0385308760612593,0,1,0,1,0,0,0.5392110916900246,-0.49839188749923186,1.339766780238916,-0.6154469364517295,0.28897090729633185,0.09233219603643587,-0.7726172742870033,-0.1917563997925439,1.2868445511098676,-1.5796517633119018,-0.9385422954011134,0.8714293814258443,1.6605101975218184,-1.1083497052331488,0.0458992339724225,1.7489219633688016,-2.5655365617150134,-2.2313105104099327,-0.5252107151899527,1.7094233342895362,-0.033106838696864004,0.3091725215944964,-0.00166170312035777,-0.4099345164002004,-0.9582894740277114,-1.7094233342895362,0.525210715189952,-1.0071555977967495,0.14912550000677452,0.3344291634172353,1.227979231953108,-0.05234197273013472,-1.4007028004467665,1.5922730926512203,2.1660114238316854,0.001977857424619528,0.8246902522246106,1.5910290432427672,3.5571340808587135,3.0105261142843402,2.586394844777948,1.5742941285382626,0.47884869072438496,1.776569536928097,3.6676238544763575,0
0.8787130141623758,-0.4370186087675581,0.5693561964423357,-2.041426369949327,1,0,0,1,0,0,-0.23054406556205628,-0.2745251373315812,0.07324181991846762,-0.40308251362409664,0.264688271328459,0.10038166454828545,1.3367347555687805,0.06182851346010395,-1.3699050238030417,1.0036111352591215,0.43301918096975517,-0.14093018504972205,-0.4350427363120125,0.5622925567234219,0.3563117574373192,-0.43756209492699255,0.21496191711545565,-0.17838149440936096,0.2507965989744553,-0.440948977121442,-1.2969261199633253,0.27208372161030897,1.4329983525546555,-1.142661338828513,-0.7371009529429222,0.440948977121442,-0.25079659897445594,0.6609004958207222,0.491016520610491,0.4456221671630917,0.13691474573727128,0.22264698661889537,0.3845801819166189,1.0032343553662626,0.954063719541543,0.38782468222872474,-1.192245181842186,0.35171115073279,0.2788583174334372,1.0007540524786946,0.4145951522438788,-0.9212626601166852,1.439192814651505,1.2941032399401495,-0.023255055489598248,1
-0.6633027272718879,-0.02473435322416849,0.4245167111028035,0.7452016145364414,1,0,0,1,0,0,9.851986600739789,-0.8059906169503674,1.8003213112645335,-0.6600029597697887,-0.9356281511385818,-0.10979890215000922,-0.6222256004122267,-0.8959335864425233,0.7842934765376516,-0.13118213179547408,-0.8394379234159421,-3.6089541339884867,-0.48943798160453555,-1.225059649940414,-0.5294208259656409,0.6944613278320746,-0.9345068024124865,-0.9358475121542016,-3.179270128744878,-1.7690215962405276,-0.35884532375916683,0.6993348030608079,-0.3742887955378684,-0.7494223515889309,0.17763746504274938,1.7690215962405276,3.179270128744878,-1.3166279713806959,-0.9349191994684248,-1.6923160412231368,-1.1551353037288514,-1.39883963574952,-1.8207693845322692,-1.85133798686084,-0.8177176958673952,-0.790386157798101,-0.19302946221276363,0.9587239960437993,0.7441423543574326,0.4172718409867329,0.0761328624983096,1.6800380602609295,1.439192814651505,0.5704037944582268,0.7809029193074537,0
-0.35489957898503444,-1.6481036094262664,-0.15484123025532542,-0.13478617003801185,1,0,0,0,0,1,-0.07911682151246661,-0.3466276750479154,16.205443587232462,-0.8081372710609986,2.030407626231288,0.35796465692747215,0.13824638223189822,-0.27073466327116663,-0.07034770384437812,0.6972280284879051,0.5059995652861793,-1.8780024799145894,-2.702868291478806,-0.8563677283709724,0.19939403557785446,1.2887393056334768,-0.7465857208793805,-0.5598787086135363,-0.16027754582615011,-2.402410076128092,-1.0479075036986536,0.5713403894576065,1.3912263844341026,-1.6822117059307478,-1.2044368041016495,2.402410076128092,0.16027754582614942,-0.9266927806649233,-0.10937746679115769,-0.8280431484712572,-0.10857476366129187,-0.3918111018575571,-1.5687294340809674,-0.05703537174666111,0.012804842605544792,-1.2244638357027204,-0.7481493064513315,1.33810702436318,2.021392651795853,2.621537973289699,1.5145975939169787,0.09387908442092041,6.378105451990978,4.467246962437809,0.16231986177126023,1
-0.2263982671988458,-0.35971531085317227,-0.4445202009343899,-0.13478617003801185,1,0,0,1,0,0,2.3058622722685707,-0.6984182824542237,-0.09306953850744984,-0.34232430000856134,-0.9480996853799216,-0.2725770431674119,0.41334181480829457,-0.7115397906949015,0.23883078875631675,0.3755351111254155,0.7499657834370865,0.31302075200884455,-1.0039092083476182,-0.22765893824687833,-1.181141613292246,1.5631926032135741,0.16477331873919485,0.9963609156322072,0.6912331826893887,-0.25863368266248993,-0.8022359840191747,-0.20663104632465568,1.244368123401019,-0.34393730533659395,-0.002239740567877718,0.2586336826624906,-0.6912331826893894,0.2152602778598393,-0.7472960784054096,1.9694717412256162,2.6887135934328636,2.6548769201715188,0.6208676354647141,0.18764225758709038,-0.12561558047327853,2.775251910704134,-0.859173275299045,-0.4070549059059717,-0.6973258384659271,-0.010615114107371936,-0.14386762583630988,-1.2702176348014877,-0.12479618717266176,-0.26463402725168356,-0.9511296417938885,0
-1.6656129592041589,1.830544796721088,-0.15484123025532542,0.5985369837740325,1,0,0,1,0,0,6.558444042661213,-0.7868020383645689,5.702241643564904,-0.7716823428916775,-0.09887976590810861,-0.008733353056786679,0.38065539975074913,-0.6618799014896655,0.9022810950320452,1.2160860097764228,1.4140773000332256,1.011607869433708,-1.2950279556076705,-0.6735114751145354,-1.3160610322455453,1.4814927813125494,-0.4427554785502664,-0.2421488324331598,1.0460293195708648,0.3422733367180179,-1.2022753297240578,-0.4099501148336048,0.25530888709552985,-2.0818824973677574,-2.074780950268386,-0.3422733367180179,-1.0460293195708656,0.16883942182224726,-0.43459087663371765,4.873125407225351,5.3912516135661726,4.802635516466526,1.4347466421303747,3.3140786324072504,2.7812133041820113,4.06714976161074,-1.0257092285706153,-0.09511774928781422,1.0482495680332453,1.0367714729411615,0.010320750603338341,-0.04711282454263545,2.2623449208747504,2.7971713190179877,0.7121714684700992,0
-1.1773079744166424,1.3924927752062353,1.0038746524609323,2.9451710759725747,1,0,0,1,0,0,-0.6343500496942954,0.5930312035778599,-0.5664172509504457,0.20218502391733126,0.2275924204414953,0.299829606564114,-1.245445722855424,0.9051764148823941,-0.7371542740621934,-0.05138346238039235,-0.3904621986873071,-0.9429445854826178,-0.3313971020829889,1.8622204319371058,0.019065359190039967,1.2016829743970248,1.6144703218814065,2.2643394346803145,1.078283513832815,-2.3554924109512334,3.592531308858403,-1.223283778241792,2.215290086862134,1.6702968775291116,2.718306721611622,2.3554924109512334,-1.078283513832816,1.6635909862327087,-0.03432821836595151,-0.1457224436671417,0.48576825909312477,1.1614023995690306,-0.34003467563087314,-1.6066603575270884,-2.0358174189610403,0.07776919801113909,4.74753715151049,-0.7864379342253526,2.039639084616402,3.1790876420486844,3.985372309059634,0.41111087958892223,0.03983423407198747,-0.8769950965056176,2.574793786162414,1
1.6754211472367457,2.2428290522644785,-1.168717627632051,-0.4281154315628296,1,0,0,1,0,0,-0.16744938054139394,-0.29429518799573734,-0.3745195296897717,-0.195347288024314,-0.2303125742645388,-0.07536506462709712,-0.19240831029302244,-0.6307480576858564,0.35567466588431923,-0.10482633523875394,-0.06714384427953268,-1.0203193237611197,-0.33590286418195925,-0.6250895285689485,-0.9753312596925637,0.28421882308834356,-0.49325555929141796,-0.158955366732946,-1.175091701728231,-0.2261522221554376,-0.35703365254080033,-0.11134394116236183,-0.20060667619072461,-0.3474901530181971,-0.06789869146502718,0.2261522221554376,1.1750917017282303,-0.4253475354589299,-0.7097714541928067,0.9732835122116075,0.9896677783849125,0.7176271134471482,0.6366201323679207,-0.38327221085833024,0.17890935030013266,1.1939689411944467,-0.19302946221276363,0.12408133374116129,0.7350191379471587,0.5080357405521495,0.3299795798074865,0.9186817518577256,0.5337254978059351,0.45906541823023866,0.7190446135538346,1
1.7011214095939837,-0.05050211919562982,0.5693561964423357,-0.8681093238500562,1,0,0,1,0,0,0.12278617055365294,-0.41873021276424965,-0.68155588370685,0.7547954429919619,-1.1248916520027952,-0.9053547067378097,0.961178466337464,0.19806544776366045,-0.4384826164474834,0.40183870081216294,0.7015714243682348,-0.4534149215109421,-1.1552720860167505,0.6158074209296326,-0.1686516263036227,-0.7621562264553351,0.6702709553700309,0.6935840927905716,0.41113096936191074,-1.0261585642736313,-0.721234535965016,-0.44080253985721646,-0.16647307958302032,0.12177104538837953,-0.23492734039600174,1.0261585642736313,-0.4111309693619114,1.106540713781605,0.340918023760079,1.6465066076183352,0.9121447754169449,1.178470679804488,2.243374816494967,0.5138790966987595,0.34501385799472056,1.876091006473136,-0.7203933142394032,-0.482931511569848,-0.25028823436248077,-0.2958730841701091,-0.2284831982727022,-0.3502454288142823,1.1099319721622063,0.6260729825722207,-0.7036964187794109,0
2.2408269190959764,-0.05050211919562982,-0.4445202009343899,-0.8681093238500562,1,0,0,1,0,0,-0.356733435603381,-0.19893376714510175,-0.68155588370685,0.7547954429919619,-0.668608696287777,-0.7363158679889685,0.10674522160437742,-0.18089810975980922,0.17845102889655262,-0.5097820984213709,-0.12403987863057732,-0.05949067295117255,-0.15415321887415628,-0.20849199717783237,-0.22778972290406527,0.052206755000431815,-0.3980414681238308,-0.14617962510792037,0.39760879354609974,-0.4754817429490244,-0.35675457610151406,0.020093588894395695,-0.19148578067126718,0.2939916204108337,0.018541964830008868,0.4754817429490244,-0.39760879354610046,0.15955525061472892,0.26586877533487285,1.619213779426171,1.4031237942140713,1.1443341193335734,1.2667200084961745,1.0847935651441794,0.954063719541543,1.4420133285685155,-0.4150773999081907,-0.1035484832504671,-0.3597668312857729,-0.39960325510201306,-0.2623294272472596,-0.28679906978068154,0.28677986593896093,0.06938110143228039,-0.6418381130257917,0
0.8530127518051386,0.6967630939767645,0.27967722576327125,0.3052077222492148,1,0,0,0,1,0,-0.81101516775215,3.785312913760723,-0.5536240695330674,0.12985381723217018,1.6244573095884214,2.8108165895660813,-0.21681522968409556,-0.969003251698695,0.8836397763656518,0.4159937368344379,0.6996380224787146,0.7527934045269149,-0.3257847538068768,-0.9051657151233169,-0.9391354526119231,0.990866563863483,-0.25428946409835373,0.3889322889188213,-0.088318892712161,1.1143140211580842,-0.6029440625653006,0.38918209301980045,-0.21223983852391526,-0.8141297804839503,-0.5298470140679247,-1.1143140211580842,0.0883188927121603,-0.6481676444393714,-0.5596729573423944,1.510042466657512,1.8941028130111983,1.673450806632741,0.6681251261743327,0.02452383803125581,0.06817301183707392,1.3800022317249987,-0.6093693453916895,0.27583454506891375,-0.22291858513165644,-0.2958730841701091,-0.5838686025055501,0.09387908442092041,-0.6186874509066087,-0.15329565102369538,-0.1469716669968365,1
-0.6376024649146498,0.1298722426046032,-0.4445202009343899,1.0385308760612593,1,0,0,1,0,0,0.6401625877230843,-0.5460725979245497,0.009275912831576286,-0.40713306119846565,-0.3685247594487875,-0.10532697519898168,-1.0741874362830663,-0.19651636399788275,0.2598512105658805,-1.3929026349490168,-1.3901725095274897,0.5843805328365129,1.6518133140628775,-0.37925811669156695,-0.0306510848521738,0.12981480819020036,-0.7202500430498566,-0.8874035845101027,-0.13280945780952072,0.92874415142872635,1.1147335372369647,0.2390192929141459,-0.22477394697186637,1.1675339837108325,0.9409154662445296,-0.92874415142872635,0.13280945780952,-0.17467491285593337,0.26586877533487285,0.9277954652246664,0.8604627734383002,0.4957394703862077,0.16404522527173035,1.0847935651441794,1.2862727349307197,0.44983577907224165,1.2502821328075124,0.4275877563966659,0.5799244589724931,0.36540675552078095,0.8376730144258402,0.6966194952401235,-1.1125787146405561,-0.8769950965056176,0.8427612250610729,0
0.8273124894479005,0.4133176682906843,-0.15484123025532542,-1.8947617391869185,1,0,0,1,0,0,0.791589831772674,-0.5704944252155661,0.27793272259651985,-0.4649980265465945,-0.2556366813584503,-0.0793897988830219,0.984146840576436,-0.1393354076039738,-1.1761561262454046,0.9287435119324666,0.7604719325533734,0.17746595012507452,-0.7635094293820393,-0.001349821778876094,-0.12696115255896123,-0.49547146874691456,-0.2590983530224526,-0.49286799052707636,-0.38662849897585155,0.625495827724652,-1.3698288646288932,0.06405532416552445,1.1099437830365753,-1.5115900587234345,-1.4698404209452665,-0.625495827724652,0.3866284989758509,0.24311279148239442,0.19081952690966666,1.0096739498011607,0.5632912620610914,0.4274663494443799,0.8886600828192224,0.2692014673650073,0.5111183656893089,1.069946747507413,-1.3032691506898992,-0.02767187758659086,-0.25028823436248077,0.3394742127878045,-0.3130987707090945,-1.3653871733518879,0.28677986593896093,0.6817421706862145,-0.5181215015185524,1
0.3904080293748593,0.7740663918911503,-0.4445202009343899,-1.6014324776621007,0,1,0,1,0,0,-0.19268725454965888,-0.31115787826810587,1.6212167714212378,-0.6513232149675694,0.8681797173340056,0.26405419095589366,-0.16657666234615137,0.8760669726146817,0.6639918935179907,0.11923619330511476,0.37544329373986796,1.158159012732243,-0.06727179382232866,-0.7063532914463049,1.180243231697238,0.037709431614701604,-0.8805473136322678,-0.8688282009806523,-0.67984341407292,2.2538511814237285,-0.47415098218830043,-0.020087653171599183,-0.8698048202101447,-1.0342160477552957,-1.3363363041291305,-2.2538511814237285,0.6798434140729193,-0.8988402670423681,0.41596727218528484,-1.4284853686988783,-1.1938968052128347,-1.4159079159849774,-1.1906695084040155,-0.7910682597479163,-0.5962450189412776,-1.534519319920306,-0.49834537654397587,-0.1035484832504671,-0.25028823436248077,-0.6459624110652865,-0.9731002357129547,-0.0012904541294803558,-0.8656330827735822,0.23638866577426285,-0.08511336124321738,1
-1.8198145333475857,-1.4934970135974959,-0.4445202009343899,0.7452016145364414,1,0,0,1,0,0,0.8420655797892039,-0.5745647297640688,0.8536258863785419,-0.5714695627871517,-0.006369038274858685,-2.3669184983433978e-4,-1.5162823156384355,0.15056248992509016,-1.328383363409886,-2.9330485709020953,-2.603197617803096,-1.7546276019483213,1.9815973923600043,-1.0724954164624119,1.855032495958248,-1.4997263019101175,-3.730075056559642,-3.7795980902933257,-1.9977480652544186,-0.41176056791003296,1.0368026869981273,1.6516790894846276,0.30886425852093596,0.2636808197374405,-0.3057574988354336,0.41176056791003296,1.9977480652544177,-1.223786259305512,0.6911478497443743,-1.84394286451294,-2.1457070083195453,-3.0203262581179358,-1.1906695084040155,0.051710241290561454,1.397009073393778,-1.9272562665959154,1.7036300056023432,2.6027171187611167,1.990981930428273,1.8867825958553774,1.9094702652868096,0.41111087958892223,1.439192814651505,1.3126596359781475,1.5025831530996792,0
0.4161082917320974,-1.8027102052550381,-0.4445202009343899,0.3052077222492148,1,0,0,1,0,0,1.3594419969586353,-0.6344563538348948,-0.09306953850744984,-0.3747286806035135,-0.7121747338243685,-0.19834305578035463,-0.20281368118378537,-0.5085760591217104,-0.4079582677317918,-0.16629029907168585,-0.481823421617535,-0.06976743216151356,0.5698838718375664,-0.5092199177742928,-1.3005486566759257,-0.23625447526268467,-0.7399327022689858,-0.7438642651357809,-1.140505012373107,1.0359845289758263,-0.2267891811663414,-0.6048244923015424,0.3202796553279681,-0.5090571355863384,-0.09984462760400109,-1.0359845289758263,1.1405050123731062,-0.3417899945912644,-1.0850176963188372,0.764038496071679,0.5116092600824467,0.17144214591252482,0.5736101447550955,0.18764225758709038,0.8986955503100138,1.0079356506638961,-0.08200549336504998,-0.4070549059059717,0.6346637574341392,0.7154960824159574,0.4484413812184362,0.4428340591057229,-0.4540570296619595,0.013711913318286572,0.904619530814692,1
1.495519310736081,1.5213316050635446,-1.6032360836506476,0.5985369837740325,1,0,0,1,0,0,0.097548296545388,-0.4390817355067634,0.7256940722047591,-0.5517954745687877,0.32851353571391767,0.08875465447561383,-0.8031689252557617,0.4377822706041099,0.10896620878084064,-0.7135454683443619,-0.14306818478052288,-0.02202874400292829,-0.3774337532410914,-1.02383508902662,0.017369478220875232,0.5865314234155936,-1.3378291601415908,-0.8562202946471414,-0.5505532963957722,0.5159874767715705,0.09382198439305581,-0.5834695433310544,0.4404470578648217,-0.3626146007536903,-0.6499368208478409,-0.5159874767715705,0.5505532963957714,-1.0659553487776992,-0.25947596364157,-0.8280431484712572,-0.43158727602782254,-0.9038595089212672,-0.8756195703398886,-0.13859458152457876,0.12354118106860354,-0.728375060954584,-0.16527347000083534,-0.7864379342253526,-0.934529465133063,-0.5940973255993336,-0.685407289429221,-1.3336639938350878,0.2044646553166367,0.514734606344233,-0.8274130302866491,1
-1.485711122703495,1.9851513925498596,0.714195681781868,1.0385308760612593,1,0,0,0,1,0,0.8546845167933363,-0.576890618077499,-0.579210432367824,0.2803027271373052,-1.2006733977753217,-0.6602931098215002,-1.27776717584655,1.1258328893074674,-0.1864245422614945,-1.157276844730243,-1.3609344053336607,-0.6966189933851037,1.0518236962447818,0.9498404662186795,1.6583947943369453,0.2704788673518152,0.18853734885044532,-0.1888291597143213,0.757757458354667,-1.7016398430609991,2.7258357645333318,0.11610252664209546,0.5266537713366457,1.7503567637112327,1.5849264581621039,1.7016398430609991,-0.7577574583546678,1.5482020012249806,2.495903585683854,1.8102635767713227,1.705832662946135,1.7222173215911893,0.5646087179532634,1.527543561081445,1.1992656118526015,1.2028276693149491,1.7776459848341521,-0.3311783002420958,-1.272088472313216,-0.8534227529290943,-0.194636969298146,-1.1433249167342867,-0.6186874509066087,-1.266679413303576,-1.0748462533011267,0
0.4161082917320974,-0.3339475448817109,-0.4445202009343899,-0.4281154315628296,1,0,0,1,0,0,1.3594419969586353,-0.6344563538348948,-0.3233468040202586,-0.2416392603028171,-0.9469657020547847,-0.3011973756539882,-0.5938236694647515,-1.1042312325026553,0.07869278135988282,-0.699581521095677,-0.5226115694139445,-1.825393059758026,-0.44940151472857637,-0.35454561994742545,-1.1839138018255082,-0.2386084361048486,-0.6442369237438126,-0.787907786178356,-1.5144873791279718,-0.9875682768987283,0.47146846169376194,0.3295731637626698,-0.347354135318258,0.3062751961623064,-0.08981796375206053,0.9875682768987283,1.5144873791279712,-0.14682239923337803,-0.9349191994684248,0.9368930746220554,0.6537347655237203,0.3421249482670949,0.5736101447550955,-0.13859458152457876,0.7325910426154264,1.069946747507413,0.27882240539001907,0.12408133374116129,-0.48749186102961545,-0.5811310542328463,-0.4315605721200442,-0.3502454288142823,0.8629863402952329,0.4033962301162448,-0.6418381130257917,0
0.3904080293748593,-1.0296772261111817,-0.15484123025532542,0.3052077222492148,1,0,0,1,0,0,0.526592154685892,-0.5216507706335333,-0.2849672597681238,-0.2705717429768815,-0.5876010482317433,-0.19208235804891607,0.1974688442120642,0.08675227072191377,-0.3036050618472696,-0.10492060262201788,-0.5378771055891449,-0.4713554250997823,0.46848336247244293,0.3523206387352008,0.6916774082802077,-1.407038505342827,0.8182291883570737,-0.15822870360290792,-0.9306920144830665,0.28017642692511974,0.07744939615523076,0.5738370295148859,-0.9988997132183797,0.9530830220398179,0.5447870479661197,-0.28017642692511974,0.9306920144830657,0.27096530510494976,0.5660657690356972,-0.17301527185930607,-0.8579637923516437,-0.5283573437412127,0.4475901695294441,-0.709509049969999,-0.3747723420151606,-0.10826409251941274,-0.05424950115312168,0.35171115073279,-0.4509989953885172,-0.8663890242955825,-0.48232991558187904,0.41111087958892223,-1.0302635040182315,-1.0440026608476,-0.2706882785040748,0
0.8273124894479005,1.4697960731206219,-0.15484123025532542,2.9451710759725747,1,0,0,1,0,0,0.791589831772674,-0.5704944252155661,-0.6047967952025805,0.3728866716943114,-1.2383813461393733,-0.7269248213918107,-2.2082105996975976,0.6457731789973158,-1.7732437775369037,-1.3244319592604052,-2.1278613411463345,-2.3354131504220255,0.9126812658774969,0.04909826079335862,-0.35619137078841473,-0.4920104432921279,-0.37182980683936934,-0.39944185159837137,-0.5008818372323651,-2.6884564863998937,3.1196289963631614,-1.2431686504466024,1.9296606017088171,1.4205220602190785,2.3763467345147316,2.6884564863998937,0.5008818372323643,0.24311279148239442,-0.10937746679115769,0.8004289336612322,0.3953247556304958,0.22264698661889537,0.9201650766256344,0.02452383803125581,0.2896456887631914,0.9459245538203791,4.5532452060269915,-0.7105613285614767,2.6144017184636907,3.555109511676838,4.222295911881532,0.9821281108913258,0.6983559190505837,-0.4316415915936655,2.884085314930511,0
1.9838242955235992,-1.6481036094262664,1.0038746524609323,-0.13478617003801185,0,1,0,1,0,0,-0.5586364276695006,0.2790362812647914,2.8621553689069295,-0.7109241292761421,1.6885564974922027,0.7640156240807733,2.143469653485854,1.068110166779957,0.07595727085178855,2.019517820618968,1.9544843284547382,1.787189594604129,-0.827794424851233,2.5010219902081183,0.5081165371133995,0.42995400627424474,1.842646686997835,1.6218123675920582,1.3843233105508752,1.0645584453617318,-0.48155502703606146,-0.9569947318774247,0.32822617786129094,-0.9011013746437275,-0.957541232957318,-1.0645584453617318,-1.3843233105508759,1.4964759044973779,-0.10937746679115769,-1.4830710250832082,-1.077612300760884,-0.40887938209301433,-1.2536794960168407,-0.9541866793037505,-1.482135726645747,-1.1624527388592034,-0.3595654154843339,-0.7864379342253526,0.5251851605108457,0.6247321828505417,0.19459466390925928,-0.2233527107470814,-0.20711139779498602,0.3477270420022505,0.6571863078002155,1
-0.4320003660567478,-1.0296772261111817,-0.15484123025532542,0.3052077222492148,1,0,0,1,0,0,-0.596493238681898,0.4883662294735037,-0.2849672597681238,-0.2705717429768815,0.5562820652806573,0.5846913533445687,-0.22366895353857624,0.39582442493433745,0.3676917725661407,-0.6138124419708693,0.10222136499663209,0.34994042785361257,0.23136415139096578,-0.27329826986285816,1.3082055997594526,-0.5255284959728386,-0.28301218584502263,0.2874077979332434,0.3041828515459622,0.17559215780023885,0.03794071352973504,0.7672502061971999,-1.030752427522969,0.5485909703161342,0.14770499440738635,-0.17559215780023885,-0.3041828515459622,-0.48105256270404034,0.7161642658861095,-1.0099953364190213,-1.0905328012555453,-1.1257471519822078,0.1010352376589052,-0.6279498401920818,-0.8177176958673952,-1.1624527388592034,-0.05424950115312168,0.5793409677244183,-0.31415074923440073,-0.7756251247301669,-0.5330992590437151,0.4428340591057229,-0.7010026615289333,-0.7099875321636356,-0.2706882785040748,0
-0.3291993166277972,1.4697960731206219,-0.4445202009343899,2.9451710759725747,1,0,0,1,0,0,-0.3062576875868511,-0.2454515334137045,-0.6047967952025805,0.3728866716943114,-0.49970038266423694,-0.47694410482937083,-2.171517154799878,1.2123335904874444,-1.7129088430094996,-0.8351857814765222,-1.6473266502765853,-1.0135009221013198,1.570405449163958,0.18899428767207313,0.5928019498655188,-0.6466362252276803,0.43773607454644675,0.2608514469987597,1.3724417655018215,-2.7434654114521635,3.2083883297280025,-1.070109919629304,1.6917967261859164,1.56233370747963,2.39627599215149,2.7434654114521635,-1.3724417655018222,0.1317027369921738,0.491016520610491,-0.13662483426975403,-0.44450777652248397,-0.2552648599739003,0.41608517572303205,0.9216751455883455,0.2896456887631914,-0.29429738304996345,4.192417307271922,-0.6346847228976005,1.8845444056417364,2.6863693301221394,3.4099864164921665,0.6966194952401235,0.03983423407198747,-0.9883334727336057,2.203643951640699,0
0.2619067175886707,1.2636539453489257,-0.4445202009343899,-1.8947617391869185,1,0,0,0,1,0,2.129197154210716,-0.6926035616706483,1.2502145103172682,-0.618340184719136,-0.24409313682096706,-0.0547942006523704,0.6939218404243203,1.2741002205294052,-0.3270596940236922,0.4431052484389424,-0.17337291954344694,-1.47142928959512,-0.7385496336035889,0.14859517239765832,1.1565326440497419,-0.268897553102342,0.08072979761403934,-0.9060787131504254,-2.1888766343484636,0.1640471410786609,-0.8164406656243192,-0.5901535235994082,0.1768854498083043,-0.5185563184846225,-0.6592162229671259,-0.1640471410786609,2.1888766343484627,0.18740776423728422,1.1664597564373458,0.20908432283099887,0.03355074177998182,0.06903246449978255,-0.5605696322757617,-1.0357458890816678,-0.09793149585751397,0.38782468222872474,-0.859173275299045,-0.7105613285614767,-0.615216890773458,-0.4385020692014777,-0.6007917169928287,-0.826093121566285,0.28677986593896093,0.4033962301162448,-0.5181215015185524,0
1.8553229837374106,-1.41619371568311,0.27967722576327125,-0.13478617003801185,0,1,0,1,0,0,-0.356733435603381,-0.16869721907050997,0.20117363409225028,-0.45284638382348746,0.5029819809544248,0.2202293068358237,-0.8124380898322133,1.8326001234661757,3.006463266431306,-0.2718406975978129,-0.011708510262308743,-0.927873429670016,-0.030173634466583433,-1.3003488555652143,1.7833032589662903,3.010944520852663,-0.6899187407146211,-0.21265980359750986,-0.604544012877736,-0.6659292998071308,-0.1695783140899388,-0.7288271248705307,-1.0842271332529236,-0.31687236857804923,-0.1923992705641578,0.6659292998071308,0.6045440128777353,-1.2887754577581405,1.2415090048625523,-0.7461646638947628,0.7700192699756713,0.4274663494443799,-2.6083942296925864,-0.30171300108041293,-0.04256332662598434,-0.6663639641110671,0.16779843654230542,-0.3311783002420958,1.4831228835896608,0.585833368751077,0.4145951522438788,2.251055291563333,1.3568776040291806,1.0714264874841732,1.3376276710900281,1
-0.7147032519863632,0.7998341578626126,1.0038746524609323,0.3052077222492148,1,0,0,1,0,0,1.9272941621445965,-0.6786482317900675,1.1094895147261072,-0.600402045461216,-0.24309195463945324,-0.05792454951808968,1.0978230908877724,-0.5248291975736037,-1.1970205014551598,1.3712798509652346,1.2716653006871126,-0.65737418470116,-2.639403717569255,0.7449667236914792,0.814511505266956,-1.7573900592978924,0.27991960888239154,-0.6601494607843933,-0.8569681418843186,-0.04664941409013511,-0.7821877592191996,1.536304289847567,-0.12964040162978005,-1.5749471185230182,-2.297734632717538,0.04664941409013511,0.8569681418843179,0.7126265925483249,0.7804921931077146,0.0687212064141521,-0.859809578136595,-0.71610842633123994,0.8346515220082282,-0.6862064186048799,-0.38268208047680763,0.051193013649631844,-0.7203933142394032,1.4898602356909325,0.11464042204849642,0.028283699992091807,-0.6007917169928287,-0.9212626601166852,2.2623449208747504,2.4631561903340238,-0.7036964187794109,0
-1.485711122703495,3.067397563351258,0.714195681781868,3.2385003374973924,1,0,0,1,0,0,0.7537330207602766,-0.5629352881969182,-0.46407179961141953,-0.06110056841665506,-0.9343985470179748,-0.38571679502840883,-1.654165364051157,-0.25720454050844643,-0.07237222616884867,-1.0716379971297292,-1.4491113089473022,-0.76460587633616,1.0043915103530943,1.0112820689334927,1.4627175475228102,0.10152339957205568,0.44751717523213536,0.04995472149105812,0.5641420291796073,-1.6023404173227471,3.310618333267979,1.818339632612564,0.20095648334733135,1.8914641682102522,1.9326867358944744,1.6023404173227471,-0.564142029179608,1.5382546749312107,2.160862298071327,1.5941953535833528,1.4128141695850676,1.5667740551611347,0.66024887772273,1.0032343553662626,0.7741171695390731,1.2249744896162058,3.6372974630333545,2.1727496866658176,0.8627441676909999,0.8451587960808378,1.6499825098152057,0.9186817518577256,-0.04248097655033679,-0.7099875321636356,1.3376276710900281,1
-1.3315095485600683,-1.8027102052550381,1.4383931084795292,0.3052077222492148,1,0,0,1,0,0,4.892744358115728,-0.7676134597787702,-0.0035172685858019803,-0.3984533163962463,-1.270850503458166,-0.2824152824596725,0.2624210875687363,0.6054889102759036,-0.13470271312842305,0.18669508463433676,-0.478355662281652,0.24923386315306686,0.47947786952479193,0.36927251554838303,0.44442709355840293,-0.16691448449379107,0.11534780548261654,-0.5366761393773932,-0.6910894285371356,1.0253393444399002,0.0040698362287248935,-0.38583522531416103,0.016410161669416723,-0.13783610537402116,0.09792599432901099,-1.0253393444399008,0.691089428537135,0.577342954953057,0.7161642658861095,0.8095265430586199,0.5891322630504142,0.615217432034406,0.06953024385249205,0.02452383803125581,0.40038202722625016,0.7598912632898273,0.22331042096616224,-0.1035484832504671,0.9266066825629212,0.7932937106148858,0.6853649840403343,0.8552353928241243,-0.5363722402842841,-0.09762646290970158,1.2139110595827887,1
-1.6399126968469209,1.5213316050635446,-0.8790386569529866,0.5985369837740325,1,0,0,1,0,0,1.2837283749338404,-0.6274786888946045,0.9559713377175679,-0.5865144537776651,-0.1219806713147211,-0.02930421703151339,-0.4623079937744082,0.09016720887378206,-1.717684340535031,0.07204173733391021,0.085097962844533,-1.4209722715992972,-1.4272250847527903,-0.5922634645173115,-0.44365993344557136,-2.13757469540473,-0.06369716640646951,-0.49429491498315076,-2.147135912362408,0.1914665557924087,0.051067843849518645,-0.5682061058118117,0.2000756143134246,-0.16048475923978445,-0.5932142972350036,-0.191466555792408,2.147135912362407,-0.8988402670423681,-0.9349191994684248,-1.919756276157842,-2.4471853531949743,-2.3375950486996553,-0.24551969421163483,-1.85133798686084,-1.3713993881826885,-1.720552610450858,-0.1375174777889068,-0.7105613285614767,-0.6882026220556532,-0.4903671546674297,-0.5161761445564365,-1.0798785577006862,0.6160407084282594,0.793080546914203,-0.6418381130257917,1
1.8553229837374106,1.2636539453489257,0.27967722576327125,-1.8947617391869185,0,1,0,0,1,0,-0.356733435603381,-0.16869721907050997,1.2502145103172682,-0.618340184719136,0.9552874190849371,0.3481264176352115,-0.263944616266156,1.7810892587635379,1.7398409687310483,0.01903590379811109,0.5089115718999068,-0.1277423862453315,-0.45805566768459305,-1.119689808501643,1.62602896146139,2.5404293455070692,-0.6013409132549461,0.10262663382028006,-0.04921092906325296,-0.12541857881077315,-0.7517594497098045,-0.8156807851918726,0.17446560488968554,-0.6219956338277562,-0.5614150346331311,0.12541857881077315,0.049210929063252244,-1.0938078624002545,1.3165582532877582,-0.3549674598070702,0.9509062769009282,0.6322857122698633,-1.852274378338682,-0.05703537174666111,-0.04256332662598434,-0.35630847989348147,-0.7759052986632599,-0.8623145398892288,-0.43275256256796935,-0.2829068128036209,-0.4992530300691578,-0.5405845059150832,0.5337254978059351,0.514734606344233,-0.3944048900113141,0
2.3950284932394013,0.7998341578626126,0.27967722576327125,0.3052077222492148,0,1,0,1,0,0,-0.48292280564470574,-0.008792397522188045,1.1094895147261072,-0.600402045461216,1.110896751962668,0.45724143524028366,0.9032577936709202,-1.341544973393636,-0.21932195874631857,1.3753168009879737,1.7485801690159395,0.9770243487691097,-1.3455298547100836,0.5771955910268738,-0.3626382188330938,-0.36793400662899756,0.4408601815146625,0.12401374278946418,1.407851122529199,-0.06374491962016399,-0.6792749161662055,1.478029570802752,-0.06991772830648325,-1.4208148607037412,-2.152164575604226,0.06374491962016399,-1.4078511225291996,0.8837206048011639,-0.03432821836595151,1.091552434377654,0.705416767502365,0.8712416355662611,0.9201650766256344,2.471300131368772,1.7292180887829538,0.9459245538203791,-0.5816133531797613,1.5657368413548085,0.3700904815361815,0.2746428559553643,-0.33002188519637315,-0.794369942049485,2.4269753421193996,2.6301637546760053,-0.332546584257695,1
-1.7427137462758722,0.7740663918911503,1.0038746524609323,0.3052077222492148,1,0,0,0,1,0,0.766351957764409,-0.5646797044319908,-0.5664172509504457,0.23979725139361502,-1.1360934621391257,-0.6195985745671495,0.4757435626558739,-1.200526156088731,-0.7124395393880751,0.6233270438480667,0.8516575462221166,0.2527816222308997,-0.6099530311411973,0.15850183133289014,-1.0728916010779217,-1.1195790435772033,0.2079621076011511,0.6409380873833779,-1.0618771407249543,1.3979208031972914,-0.5031598424576557,0.5729605719082796,-0.15114024979438462,-0.6358629565082676,-0.48144522698529346,-1.3979208031972914,1.0618771407249536,0.02029268250195297,-1.0850176963188372,-0.44594355378095224,-0.9225662948249498,-0.801449827508525,1.0776900456576979,-1.2804235184154193,-1.0391903727935126,0.139780294854656,-0.5261013687559044,0.4275877563966659,-0.2594114507727547,-0.2958730841701091,-0.5161761445564365,-0.0647368131630805,-0.8656330827735822,-0.32030321536567735,-0.08511336124321738,1
-1.6399126968469209,1.3667250092347738,-0.8790386569529866,1.478524768348486,1,0,0,1,0,0,1.2837283749338404,-0.6274786888946045,-0.68155588370685,0.624599270958672,-1.6470572623246933,-0.9652785278815788,-0.9108211065399033,-0.6149389272023483,-0.34883478588456085,-0.20441307755570795,-0.4489887776192281,-1.7748021102950067,-0.014387177243476816,-0.30362011282327495,-0.5327110237289894,-1.7760668701144597,1.21349029973569,0.5693411557770856,-1.4375436385994584,-0.9948801208223941,0.9631452812014782,0.3103647669160137,-1.307907082890342,1.4794250889592664,1.1395582259155832,0.9948801208223941,1.4375436385994576,-0.8524194110047761,-1.1850833608857785,-2.6475650279488985,-2.834800368034811,-2.4229364498769406,-0.9806362163612644,-2.123202019453897,-2.0173613625505307,-2.340663578886029,0.7229182807808735,0.12408133374116129,-0.44187577897824326,-1.0090180093269512,-0.44848368660732285,0.9186817518577256,-0.9479482933959068,-1.378017789531564,-0.45626319576493324,0
2.3950284932394013,-0.35971531085317227,0.27967722576327125,-2.041426369949327,0,1,0,1,0,0,-0.48292280564470574,-0.008792397522188045,0.25234635976176334,-0.45747558105133773,0.7349912124149917,0.34678483954990325,1.3555859931151033,-0.040154950056944784,-1.248973216481946,1.0919849783327293,0.6445858340264139,0.9458429280094636,0.21735789409438885,0.7275374608775478,-0.20469245421076462,-0.4435386351657174,0.3621805596095235,-0.09425158314921989,1.5190908354128303,-0.21659885141806862,-1.158028463452002,-0.14994247799964627,1.261674674142616,-1.1160692135927621,-0.9300114798105779,0.21659885141806862,-1.519090835412831,0.939425632046274,0.04072103005925432,0.7822337148664557,0.4082452561251572,0.5469443110925782,0.6051151385615076,2.9606553900362758,2.1167952734036595,0.5118468759157585,-0.9979532363586869,0.12408133374116129,0.8627441676909999,1.454573550305776,0.8207498999385615,-0.667477223982284,1.7684536571408034,1.795125932966095,0.47161139053935697,0
-1.3315095485600683,-1.7511746733121147,1.4383931084795292,1.0385308760612593,1,0,0,1,0,0,4.892744358115728,-0.7676134597787702,0.764073616456894,-0.5593179200640446,-0.8498859034704725,-0.15809571322110672,0.06175542218528238,1.042018500125433,0.606688093197769,-0.1427052859746805,-0.7614862992690942,0.6476744980479688,0.9184557232372731,0.26876483544141616,0.49007813262069844,-0.36131152975850395,0.11144872648513653,-0.2982394324912756,-0.02757457514840374,0.9106988955914741,0.18267423897131121,-0.9392535781943909,-1.1924461902289818,0.3032962841890865,0.6987967253437591,-0.9106988955914734,0.027574575148402326,0.49378541408539117,0.7912135143113154,0.8823074182377254,0.5374502610717695,0.5640125913280355,0.5736101447550955,0.35076067714292497,0.40038202722625016,0.5118468759157585,0.08453045990652028,-0.9381911455531051,-0.2776578835933038,-0.8274902101961188,-0.6684841749419423,1.2993599060593275,-1.1948939252628807,-0.9883334727336057,0.22417816752487937,1
-1.3315095485600683,1.3667250092347738,1.4383931084795292,1.478524768348486,1,0,0,1,0,0,4.892744358115728,-0.7676134597787702,-0.68155588370685,0.624599270958672,-2.301472451618599,-1.0730519674013426,-0.08248206579838294,-0.06369459223855699,0.9214816974046465,-1.0018519750979273,-0.8878092548073447,-0.6085217605697666,0.9091516735163975,0.24457037084004868,0.3485668325830551,-0.14713414669924768,-0.17980511787393813,-0.486318453956071,-0.03566621970192337,-0.7945777810288902,0.3590651531873556,0.43660942777002515,-1.4075519780414782,1.1751457072596416,0.6794001964829318,0.7945777810288902,0.035666219701922665,0.4659329004628361,0.641115017460903,0.8732098088403377,0.6537347655237203,0.5469443110925782,0.3845801819166189,0.5954383064766764,0.6772228733838963,0.38782468222872474,0.16779843654230542,0.19995793940503753,-0.5331079430809875,-1.1257144516253432,-0.6684841749419423,0.6966194952401235,-0.6186874509066087,-0.9883334727336057,-0.6418381130257917,1
0.7759119647334253,0.38754990231922204,-1.6032360836506476,-0.4281154315628296,1,0,0,0,1,0,1.750629044086742,-0.670507622693062,-0.11865590134220637,-0.3214929124832349,-0.8424189715459344,-0.26721073082617885,0.13048862766594177,-0.8448552633176992,-0.8462963707558997,-0.18235597216262894,-0.32984497231284904,-1.4762581838955018,-0.08794811033997549,-0.43313600490955445,0.14991278367572863,-1.2076051380247455,-0.9395794799037862,-1.2528717689127848,-2.3245339808031447,0.2920044097428146,-0.6142320058346409,1.3097696987068455,-0.05661121279976684,-0.6853197748805738,-0.7943708121577037,-0.2920044097428146,2.3245339808031438,-0.5089050763265954,-0.03432821836595151,-0.4914316007678933,-1.0000892977929163,-1.262293393865864,0.1325402314653172,-0.9541866793037505,0.12354118106860354,-0.17027518936292965,-0.8036612908751883,0.5793409677244183,-1.2994581215440402,-1.1257144516253432,-1.277716296483967,-1.1116017372174867,-0.4540570296619595,-0.3759724034796717,-1.3222794763156045,0
-1.6142124344896835,-2.034620098998195,-0.15484123025532542,-0.4281154315628296,1,0,0,1,0,0,2.0030077841693914,-0.6838814804952853,0.5337963509440852,-0.518233794666873,-0.4883880050737929,-0.12545064647860563,0.03203957672036589,-0.31976948449669396,-0.8797614143616941,-0.046123613233773,-0.5787165155975196,-0.31064686631718696,0.11617717739276547,-0.47334694333614663,-0.967904526228001,0.625458798131077,-1.2701433641048747,-1.128891442792169,-1.4375436385994584,1.002053003267564,-0.5175144998640135,-0.5307318537447439,1.8311890987194668,-1.1971423918291892,-0.3497829595193403,-1.002053003267564,1.4375436385994576,-0.48105256270404034,-0.9349191994684248,-0.16088512599612248,0.17998308071947566,-0.3462956878963386,-0.7706029243185127,-0.49201782389555315,0.1973654067106424,0.03642846678212782,-0.6926373220274746,-0.7864379342253526,-1.0987473605180025,-0.127311556405765,-0.5838686025055501,-1.6191726094862895,-0.7010026615289333,-0.32030321536567735,-0.7036964187794109,1
-1.691313221561397,-1.3131226517972627,3.6109853885725127,1.7718540298733036,1,0,0,1,0,0,0.8042087687768065,-0.568168536902136,-0.2210013526812325,-0.2885098822348015,-0.6402913343138573,-0.21399480010895106,2.112022166395141,0.810622993999712,-0.1503162200154297,0.9098208075658962,1.0223318624835793,0.6446940751963216,-1.2622366730537153,2.8101026486193814,0.7575676059702096,0.009827978875035196,0.997475506307841,1.2012553557841399,1.0928891867061536,-0.2046283627832927,-0.12899677862148906,-0.35369090179816653,0.2153634793470133,-0.2400295769077216,-0.15628944137834339,0.20462836278329197,-1.0928891867061543,2.8612490720025816,0.8662627627365218,0.4001341201761507,0.3436427536518511,0.7517636739180628,0.6996301199807459,-0.46483142063624716,-0.9284540343304539,0.5738579727592754,0.05677446769459199,-0.1035484832504671,0.8080048692293539,0.806259981981374,0.65151875506577694,0.37938770007212164,0.7806711296729086,0.7374113588002092,0.34789477903211874,0
-0.8432045637725518,0.7740663918911503,-0.4445202009343899,-0.4281154315628296,1,0,0,0,1,0,0.11016723354952047,-0.4355929030366182,0.39307135535292426,-0.4858294140719209,0.16477557978956964,0.04045784340451634,0.11236876490575683,-0.3284093772175619,-1.0562062962504186,-0.29067830824508295,-0.7527661162230309,-0.9310313027098378,0.5961052695168042,0.40080401424162526,-1.1316202454026056,-0.04494165772693057,-0.5408246727350159,-0.7719448760688146,0.2696932180777363,-1.5372941035987373,0.24422714554010289,-0.6828801433533017,1.3987073582360825,-0.14358484626349866,0.22497889393436935,1.5372941035987373,-0.269693218077737,0.438080386840281,-1.009968447893631,0.23637715102316323,0.17567624722125458,-0.05044549714841698,-0.15100471279239655,1.7372672433675176,1.7292180887829538,0.2638024885416898,0.22331042096616224,-0.6346847228976005,0.023408257945752128,0.7414286251489338,0.6345956405784983,-0.9212626601166852,1.439192814651505,0.6817421706862145,-0.1469716669968365,1
-1.460010860346257,1.4955638390920825,0.27967722576327125,-1.6014324776621007,1,0,0,1,0,0,0.03445361152472564,-0.41291549198067434,0.08603500133584588,-0.42854309837727333,0.034752164479390016,0.013626281698351053,0.8580107503239147,0.01224450718952952,-1.1090019716907504,0.45428954402897004,-0.04928625484051376,0.09549464255752563,0.07042511749453305,0.1523026832869586,0.4623818370791862,-1.1076486174365037,-0.28623740671911924,-0.7982626475668554,-0.5483077512256369,0.6740482547543618,-1.0409057880103372,0.44639800360053233,0.40296280778898713,-0.8975439783854029,-0.7152735609971359,-0.674048254754361,0.5483077512256362,0.0759977097470634,0.340918023760079,-0.2185033188462471,-0.7416792878996918,-0.801449827508525,0.25856020669096863,0.18764225758709038,0.5111183656893089,-0.35630847989348147,-1.1367331974183288,-0.1035484832504671,-1.3450742035954124,-0.9701191952274875,-1.2100238385348534,-1.2702176348014877,-0.28942660841731066,0.013711913318286572,-1.0748462533011267,1
0.4161082917320974,2.3201323501788633,-1.8929150543297122,0.5985369837740325,1,0,0,1,0,0,0.31207022561564,-0.4698997556597127,0.5593827137788417,-0.5211270429342795,0.11948040387089212,0.04135222879472184,-0.4796962941684224,0.3824660071774338,0.7439030409666281,-1.1352020048725804,-1.6147078557986574,-0.6413980509264579,1.2082248736223349,-1.2983774357180546,0.1319600674378339,0.9521161281060222,-1.7266626648437684,-1.8109814473182297,-0.6949470730335814,-0.18555039652161812,-0.6302940613110859,-0.3927518990522959,-0.06015549088357366,-0.1785444701654238,0.33112839004502587,0.18555039652161812,0.6949470730335807,-1.2609229441355856,-0.03432821836595151,-0.44594355378095224,0.08523274375862654,-0.6136987449184976,-1.4742144526617298,0.4323198869208419,0.8986955503100138,-0.790386157798101,-0.6648813298155464,-0.482931511569848,-0.40538291333714505,-0.37367071236903754,-0.4146374576327655,0.1890486229713212,-0.20711139779498602,-0.32030321536567735,-0.332546584257695,0
-0.9717058755587404,0.18140777454752677,0.27967722576327125,-0.13478617003801185,1,0,0,0,1,0,1.460393492991695,-0.6425969629319004,0.41865771818768077,-0.4927732099136964,-0.4055003660834392,-0.11337644371083126,0.586192270418965,0.2923011778452835,-1.3137711644399395,0.8439938171127478,-0.05641370083322636,-0.03044781081596729,-0.3228234266003128,0.2365534897602475,0.7668464308283025,-0.8273099501774586,-0.1999978050856715,-0.9295598650161997,-0.37315522795503414,0.328563629361145,-0.5787531617759115,0.3670173804004568,0.9646024789230275,-1.338495596959466,-0.8341937100425569,-0.328563629361145,0.3731552279550334,0.02029268250195297,0.41596727218528484,-0.6915790075104341,-0.9742482968035945,-0.9892009100985523,-0.49755964466293656,-0.05703537174666111,0.12354118106860354,-0.8523972546416179,-0.7203933142394032,-0.02767187758659086,-0.9801455471844351,-0.39960325510201306,-0.8715615487892844,-1.238494455284687,0.2044646553166367,0.4033962301162448,-1.0129879475475077,0
0.15910566815972013,-0.30817977891024867,1.0038746524609323,-0.13478617003801185,1,0,0,1,0,0,0.07231042253712305,-0.4262893497828976,0.36748499251816774,-0.4852507644184396,0.17807456053538515,0.047165733831057655,1.0226590994161862,-2.157098984833645,-0.00818710902995358,0.37353720681896124,0.9502994441792955,0.045197628504571034,-0.7301622252722236,1.0714938200581101,-0.21967380127507738,0.034603962544679026,0.8008571262785223,0.6344867091080535,-0.37315522795503414,0.43173498641965147,-0.3514083720454157,2.74062166110395,0.045965697477700074,0.2894915496250393,-0.615983040638715,-0.43173498641965147,0.3731552279550334,1.217950768271826,-0.03432821836595151,0.5820863081239148,0.5116092600824467,0.8371050750953478,0.3845801819166189,-0.6279498401920818,-0.5408768497097485,0.6358690696027934,-0.3318094232724056,2.571101866401168,0.025689062048321252,0.04449153920020185,0.1607484349347019,-0.857816301083085,-0.001323371239174659,0.22247136874576415,0.08499697957923605,0
0.3904080293748593,0.2587110724619126,-0.4445202009343899,-1.161438585374874,0,1,0,1,0,0,-0.10435469552073157,-0.3256946802270442,-0.7455217907937414,1.0065080422563224,-1.2378141102943208,-1.0283326978910672,0.3060771740838604,1.6888953434696095,-0.8856661328591685,-0.28806976683451035,-0.6977356200942881,-0.02039582676211257,0.5107257556716903,-0.7293298177264702,1.6322794475787061,-0.23752004991846162,-0.5727858766869112,-0.797476833110512,0.1590389773671773,-0.18555039652161812,-1.1543455217493217,-0.6828801433533017,0.9720505297878047,-0.1788010001501633,0.12850956713635156,0.18555039652161812,-0.15903897736717798,-0.8152827261747027,1.0914105080121401,-0.7916527108817039,-0.7804407893836761,-0.9379960693921812,-0.6865896075014126,0.18764225758709038,0.12354118106860354,-0.9764194483286528,-1.0812212129944723,-0.6346847228976005,0.023408257945752128,0.5210020119186368,0.4145951522438788,-0.6040308649486834,0.2044646553166367,0.1250502895462747,0.22417816752487937,0
0.5960101282327613,0.8256019238340739,1.7280720791585935,-0.13478617003801185,1,0,0,1,0,0,-0.43244705762817587,-0.0727543261415168,0.6617281651178678,-0.5436943794200497,0.853273073215333,0.3642253546589107,0.08514669964004769,-0.2627784705515124,0.9186540875892982,0.39471253740602746,0.3559164300849544,-0.20417730690657515,-0.5445983755929047,0.2961573482361516,-0.7304858650838661,0.7182099786006523,0.43652731623157337,0.3320901310804292,-0.7279513648365102,0.4434998061064408,0.17751837429199901,-0.3711130061108244,-0.5340991482413125,-0.10037815896135513,-0.1384874135602788,-0.4434998061064408,0.7279513648365102,0.32667033235006016,-0.6347222057676005,0.19998671343360988,0.5503707615664309,0.7176271134471482,-0.5605696322757617,-1.0357458890816678,-0.8730858650989243,0.44983577907224165,0.3898463742377325,-0.1035484832504671,0.8718673841012752,0.4302381123532211,0.36382580878204385,1.0772976494417266,-0.04248097655033679,0.18071947766026855,1.0901944480755505,1
-0.7918040390580765,-1.6223358434548052,-0.15484123025532542,-0.13478617003801185,1,0,0,1,0,0,-0.6217311126901629,0.4941809502570791,2.017805395359964,-0.6779410990277087,1.6889555742897813,0.9039869376479355,0.9335021795998769,1.0730711520741618,-1.0719573074475253,1.3049353789880536,0.99214338610215,1.2893742880030221,-0.1519402453882973,0.868717722037336,0.782645490593592,-1.0538590893754398,0.9138568765938315,0.5795503508630329,0.6190712565440033,1.1445654112422656,-0.43004499262524415,-0.6887867608617086,0.40637479902395857,-0.8567186740816903,-0.7240168758175988,-1.1445654112422656,-0.619071256544004,0.35452284597261524,0.19081952690966666,-1.255630790148503,-1.5169093175793655,-1.1598837124531223,-0.15100471279239655,-0.30171300108041293,-0.5962450189412776,-1.0384305451721696,-0.47058938433204756,-0.7214008436563161,-0.3115441159743227,-0.06433252405425145,-0.39529675536159015,-0.6312221616773697,-0.4422977138587703,0.09323932490970681,-0.014418154667652658,0
-1.0231064002732158,-0.07626988516709207,0.27967722576327125,0.3052077222492148,1,0,0,1,0,0,-0.3188766245909836,-0.22800737106297844,-0.7199354279589849,0.9660025665126323,-0.8773799563863852,-0.9219008364566116,-0.48487571900129833,-0.26531233488146644,-1.6060078846091437,-0.063566421650196,-0.20959410746347595,-1.506611233783614,-0.32197447298047155,0.12233056283283136,0.07512963884362425,-0.5683202298081235,0.831992744914005,0.6655378600203392,-0.060099813059615065,-1.995231767628944,0.7964627474605247,0.43941272882946614,1.6243595574801732,0.9108638985748495,0.9222507886524447,1.995231767628944,0.06009981305961435,-0.09111737198826762,-0.18442671521636386,-0.7461646638947628,-0.8967252938356269,-0.5624939042121272,-0.024984737566746233,-0.9541866793037505,-1.0391903727935126,-0.4803306735805153,0.6118943119331598,0.27583454506891375,-0.3415203984652251,0.5080357405521495,0.8715192434003977,-1.5240030709358887,0.03983423407198747,-0.7656567202776299,-0.76555472453303,0
-1.6142124344896835,-0.8493028643109486,1.7280720791585935,-0.4281154315628296,1,0,0,1,0,0,-0.7353015457273552,1.0145984603870721,0.09882818275322415,-0.43085769699119847,1.461954959199221,1.1132731189560248,0.3454759543941762,1.0440834410486066,0.17080649063399148,1.0466819589591205,1.6213201896505278,0.13440472766725983,-2.1643482193848227,0.7571757159352458,0.6455034015593031,0.10335100522501581,1.0319396847138282,1.5300986655647062,0.6912331826893887,-0.5022446364654003,0.2761683294308821,-0.7863861519530085,-0.12964040162978005,-0.39074607354170776,-0.6139521148827339,0.5022446364654003,-0.6912331826893894,0.9951306592913848,0.9413120111617277,0.855014590045561,0.7829397704703327,1.2126072402754011,1.2667200084961745,-0.5463906304141645,-0.8730858650989243,1.13195784435093,0.27882240539001907,-0.7105613285614767,0.11464042204849642,0.028283699992091807,-0.1269445113490324,-0.12818317219668063,1.8507688677631275,1.6837875567381073,0.10046155601764112,1
1.8039224590229344,1.2121184134060021,-0.15484123025532542,2.505177183685348,1,0,0,1,0,0,0.08492935954125552,-0.4303596543314004,-0.2849672597681238,-0.25494820233288673,-0.3297724583053413,-0.13394730768555796,-1.0910762770826237,0.28971943847628623,-1.7994610287714476,0.2561278924735319,-0.828471361531602,-0.9491991533383505,0.1536421183916332,-0.14752099576202965,0.05565424028462288,-1.6854383008948015,0.8378469273409386,0.2169915827327393,0.05260013630273529,-1.3467626096488186,1.3697668822463047,-0.34189582539223007,0.7662205592826962,0.48478241223420265,1.288903391729283,1.3467626096488186,-0.052600136302735995,-0.20252742647848845,-0.03432821836595151,-0.24579614703841146,-1.051771299771562,-0.71610842633123994,0.9831750642384596,-0.46483142063624716,-0.5408768497097485,-0.35630847989348147,1.2502821328075124,-0.3311783002420958,-0.031331040515893936,0.36540675552078095,0.549980068142106,0.15732544345452057,0.03983423407198747,-0.5429799678216537,0.10046155601764112,0
0.2619067175886707,0.5936920300909173,-1.168717627632051,1.7718540298733036,1,0,0,1,0,0,-0.7226826087232228,1.0087837396034969,-0.4512786181940413,-0.06978031321887439,0.8237320531539278,0.8297529502608783,-1.273563216945877,0.12932547025571495,-0.2726233296096947,-0.5395408090544715,-0.30315232782634144,0.2709934521637661,0.5562937426844332,-1.1703185876242106,-0.4607191182107082,0.6985462711332421,-0.3360957447058671,-0.04619020631733931,-0.16027754582615011,0.5285640660967139,0.6015521118185472,-0.6390415652683201,1.0746568594553954,0.3956180375648561,0.3490171270772954,-0.5285640660967139,0.16027754582614942,-1.0938078624002545,-0.40957446049198204,0.08171779126756346,0.4340862571144791,0.2738518273252659,-0.37153966943728567,-0.05703537174666111,0.012804842605544792,0.2638024885416898,0.3065783976019474,-0.7864379342253526,-0.7520651369275744,-0.1402778277722523,0.025363519036474696,-1.397110352868688,-1.1125787146405561,-1.0440026608476,-0.5181215015185524,1
-1.6142124344896835,1.9851513925498596,-0.15484123025532542,1.0385308760612593,1,0,0,0,1,0,2.0030077841693914,-0.6838814804952853,-0.5920036137852022,0.3063419615439632,-1.5724555775030045,-0.762700237000031,-2.2721452646444793,-0.9144277851229266,0.3451300038391389,-1.8559272809825575,-1.2757003743684177,-1.0647440647784576,0.9625658788504501,-0.410041427135726,-0.5760541800020799,0.5395506432244213,-0.5644127071099291,-0.33227924494794014,-0.8569681418843186,-0.6022533438160685,2.7497647380132895,0.6780024007936077,0.07039208520320216,1.9475760433532112,1.3340669555513287,0.6022533438160685,0.8569681418843179,-0.48105256270404034,-0.6534845178739019,-0.4527667608289937,-0.12149526415595328,-0.33207212103345735,-0.6787133590498093,-0.42405181574728873,-0.05640536893386687,-0.17027518936292965,1.5000860627148682,-0.1035484832504671,-1.7738653748783102,-1.4758037785205207,-0.7869459763528921,-1.4288335323854886,-1.4418395571298541,-1.7677021063295222,-1.569712699330082,1
-0.07219669305541997,-1.3131226517972627,0.27967722576327125,1.7718540298733036,1,0,0,1,0,0,-0.6974447347149578,0.9680806941184694,-0.2210013526812325,-0.2885098822348015,0.9854157234869665,0.9674883003525268,0.2160495367636377,0.8894447811628237,0.8909706843046734,0.7826434356627937,0.689652170394527,1.2049727725103987,-0.4496017009460751,0.4624808984831436,0.8883194543374517,1.254135659478822,1.1042122277663053,0.8978660327353967,2.0357238066612937,-0.3755669404878874,0.16168332441945749,-0.3308919469658513,0.042298616255196396,0.03761715362332012,-0.019990172370470866,0.3755669404878874,-2.0357238066612946,0.29881781872750485,0.641115017460903,-0.4095531161914002,0.26611975068388355,0.7176271134471482,-1.411204465048904,0.10608304780917345,-0.7069813574043363,-0.790386157798101,0.3343343898138759,-0.1035484832504671,0.7258959215368835,0.6376984542170299,0.6176725260912207,0.41111087958892223,0.4514102871836102,0.29205785388825667,0.10046155601764112,0
-0.6633027272718879,1.2121184134060021,-0.15484123025532542,2.505177183685348,1,0,0,1,0,0,-0.7479204827314877,1.546645412084216,-0.2849672597681238,-0.25494820233288673,1.2135907852003005,1.3865078556638077,-1.0893377233482837,-0.3873359000178023,-0.2193149644591431,-0.5787133398759429,-0.7206888364230523,-0.8441882509184249,0.27926635910430064,-0.15867749299144981,-0.8607180587788082,0.2500507804724259,0.03835413234096872,0.48468173832780986,0.454702424768406,-1.6023404173227471,1.356201940378975,-0.3306177779188381,0.5510878230798996,0.8198356877881968,1.410128165612449,1.6023404173227471,-0.4547024247684067,-0.45320004908148526,-1.0850176963188372,-1.2920212277380552,-0.9871687972982559,-0.9209277891567239,-0.7495995951142377,-0.6279498401920818,-0.8730858650989243,-1.1624527388592034,1.2225261405955843,-0.3311783002420958,-0.06782390615699217,0.22277777048941236,0.549980068142106,0.1890486229713212,-0.04248097655033679,-0.7099875321636356,0.038603250264021984,0
0.2619067175886707,-1.6223358434548052,-1.168717627632051,-0.13478617003801185,1,0,0,1,0,0,-0.7226826087232228,1.0087837396034969,2.017805395359964,-0.6779410990277087,2.1076124518177646,1.2997524728138734,-0.6757700902172624,0.17729413714574918,-0.13049779762647123,0.07400723078936555,-0.13443580600640662,0.5140346587678659,0.4383052594732801,-1.1831453679086346,-0.3338058209358548,0.6408424094351035,-0.33006246683184104,-0.15486942843938303,-0.01835909107355938,0.7192902890320441,-0.2425101505226299,-0.5777411108176335,0.8223796799334017,-0.4272632863825406,0.023573277948967797,-0.7192902890320441,0.01835909107355796,-1.1216603760228097,-0.3345252120667762,-0.07294156848803632,0.26611975068388355,0.12023730520615308,-0.5290646384693491,0.10608304780917345,0.12354118106860354,0.015758101167622184,-0.2855494362525249,-0.6009617870469885,-0.2290007294051737,0.2155742863969188,0.029124211144758185,-0.5405845059150832,-0.6644181234745666,-0.41927066090166687,0.09358841093390566,1
-1.6142124344896835,-1.3131226517972627,1.7280720791585935,1.7718540298733036,1,0,0,1,0,0,-0.7353015457273552,1.0145984603870721,-0.2210013526812325,-0.2885098822348015,1.195046540387725,1.0032637159607471,-0.05729206768110212,0.6421985369482787,-0.060210795811313986,0.4801029441351966,0.8035137862496364,-0.36333859349795455,-0.8495705375786711,0.24046595273803145,0.5307882817844839,0.19010906620425533,1.1024884340880143,1.5667323085217029,0.3506288912831737,-0.8432999717894734,0.31993676140608074,-0.3497055974509102,0.2733514524344915,0.44462055508852083,0.48500188458357407,0.8432999717894734,-0.3506288912831744,0.32667033235006016,0.641115017460903,0.391036510778763,0.4340862571144791,0.8883099158017184,0.7941451013999841,-0.8726274695258333,-1.0945585420250417,0.6978801664463103,0.3620903820258042,-0.2553016945782196,0.2606118846128881,0.36540675552078095,0.5330569536548284,0.062155904904119784,0.12214944469431245,-0.26463402725168356,-0.1469716669968365,1
-0.38059984134227254,1.2121184134060021,-0.4445202009343899,2.505177183685348,1,0,0,1,0,0,1.6875343590660796,-0.662948485674414,-0.2849672597681238,-0.25494820233288673,-0.9932223085531113,-0.3128243857266598,-2.0124934339483644,0.3633960155379719,0.3939181780093359,-1.9405301279151608,-2.1302335877519,-2.3584548919338646,0.6780827042202473,-1.2053670032555008,0.32886910766824956,1.024754506627961,-1.6311545112173005,-1.1407461074825678,-1.2315329784747313,-1.995231767628944,1.594032602180503,-0.1693185831807049,0.49128010653738685,1.0041061188641645,1.6556914485800676,1.995231767628944,1.2315329784747306,-1.2052179168904753,0.04072103005925432,-0.7097742263052108,-0.12149526415595328,-0.7502449868021539,-1.1591645145976028,-0.8726274695258333,-0.4301405112466897,-0.9144083514851348,1.5555980471387252,-0.1035484832504671,0.1876261533306929,0.4172718409867329,0.8207498999385615,0.5380035976561225,0.03983423407198747,-0.7656567202776299,0.2860364732784985,0
-0.4320003660567478,1.2121184134060021,-0.15484123025532542,2.505177183685348,1,0,0,1,0,0,-0.596493238681898,0.4621999859474147,-0.2849672597681238,-0.25494820233288673,0.5562820652806573,0.5524934792971703,-1.5694411164204147,1.102250813414027,-0.7006175477970645,-0.33827832855107015,-0.8337414787133288,-1.1287276651851506,-0.041881445428554716,-0.2176650708009352,1.4566573554159217,-0.5285610804695272,0.766162214761872,0.5308761558118436,0.49320743187182114,-2.028607038817399,1.964857702740379,-0.05362647180538815,0.42661474702977825,1.216705535045092,1.6022019951113926,2.028607038817399,-0.4932074318718218,-0.6203151308168162,0.41596727218528484,-1.8378777915813482,-1.7623988269779296,-1.4500444764558913,-0.9701345517591269,-1.1988643086375024,-1.482135726645747,-1.8445748041378918,1.9719379303176512,0.04820472807728505,0.31535118307453414,0.4950694691856613,0.9899810448113461,0.47455723862252236,0.36909507656128593,-0.48731077970765985,0.5334696962929761,0
0.6731109153044746,0.15564000857606544,-0.8790386569529866,1.0385308760612593,1,0,0,1,0,0,0.6275436507189519,-0.5332802122006839,0.09882818275322415,-0.4215993025354979,-0.2983760123499577,-0.0843089185291522,-1.1318430872058076,-0.08968234843485794,0.25575622694959815,-1.9647789497351293,-1.1008411996787193,0.3276793978308651,1.4596980947986766,-0.524671762619527,-0.42824724474267234,0.15831710731593587,-1.7345631554930163,-1.0144380459168507,0.08962234189036815,0.3580292690535297,1.0496095216847052,-0.3059168509961788,-0.19053390531553,0.9343264712143355,0.44074616684902157,-0.3580292690535297,-0.08962234189036815,-0.45320004908148526,-0.3345252120667762,0.2454747604205509,0.29196075167320634,-0.4430159425639276,0.3530751881102058,1.166352774922097,1.2309045656991897,-0.23228628620644656,1.3057941172313696,-0.02767187758659086,0.8992370333320981,0.6506647255835172,1.0238272737859035,0.5380035976561225,-0.28942660841731066,-0.15329565102369538,0.904619530814692,1
-0.4320003660567478,-0.05050211919562982,-0.15484123025532542,0.3052077222492148,1,0,0,1,0,0,-0.6217311126901629,0.5406987165256818,0.022069094248954552,-0.40134656466365276,0.9108759912470725,0.7260042449970391,-1.3556518994297502,1.248723260712641,-0.5565812052173869,-0.1241260464739257,-0.5129713045691987,-0.8717988761236642,-0.20108982288666225,-0.5264037697081133,1.4864298633916884,-0.15815631372656577,0.5858797512628846,0.2724694122290751,0.1590389773671773,-1.3467626096488186,1.3590905221173615,-0.22483905755110017,0.6019333103544684,0.748634613163418,0.932901168378276,1.3467626096488186,-0.15903897736717798,-0.9266927806649233,0.19081952690966666,-2.3200510896429227,-2.020808836871154,-1.7572735206941175,-1.6632444155002057,-1.4435419379712537,-1.648240234340335,-2.340663578886029,1.194770148383656,-0.2553016945782196,-0.14080963743918734,0.1838789563899486,0.4822876101929924,-0.3185222492974822,0.03983423407198747,-0.5429799678216537,-0.20882997275045564,1
0.72451144001895,0.7998341578626126,-0.4445202009343899,-1.6014324776621007,1,0,0,1,0,0,-0.6343500496942954,0.5406987165256818,2.0050122139425857,-0.6762051500672649,1.725931180924437,0.9384207751708477,-0.7486336329392059,-0.5384295285005362,0.7592800456569091,0.6208278981985376,1.34040363100231,1.9565462383188899,-0.40350951882819347,-1.3151856050038961,-0.6973352872531962,-0.009344447158912602,0.04337514681450582,0.6170317704501035,0.4407888507730546,2.2313266977861907,-0.27312466979540306,0.04043624280773593,-1.0473515266647513,-0.7956883849002593,-1.1401789395089301,-2.2313266977861907,-0.4407888507730553,-1.2052179168904753,-0.5596729573423944,0.381938901381374,0.31780175266252825,0.32505666803163763,0.8571550890128092,0.10608304780917345,-0.09793149585751397,0.38782468222872474,-0.3040534310604773,-0.02767187758659086,-0.1864257194905595,-0.6848612251647502,-0.9223308922511192,0.2207718024881207,-0.7833178721512579,0.3477270420022505,0.16231986177126023,1
0.2876069799459088,1.1348151154916164,0.27967722576327125,1.0385308760612593,1,0,0,1,0,0,-0.3945902466157784,-0.11636473201833188,-0.579210432367824,0.29766221674174387,-0.3169417522777978,-0.3195322761532011,-0.1726164693761819,-0.3816843804284285,-0.21191366547739185,0.8360644919934218,0.7991102433239397,0.5051113185376012,-0.6029535067499654,0.675888257190953,0.448721790613044,0.012019159443046936,0.853719182512546,0.4171354279734369,0.2430696413654208,0.44783808336594555,0.9153669854551352,0.9733934298347212,0.30177117597435693,-0.28293586279918664,-0.6316308969234825,-0.4478380833659462,-0.24306964136542153,0.29881781872750485,0.04072103005925432,-0.973604898829468,-0.8192022908676594,-0.47715250303484213,-0.9071245641463012,-0.5463906304141645,-0.7069813574043363,-0.6663639641110671,0.9449662184763004,1.0346006017076752,0.2879815338437111,0.4043055696202447,0.2622871218583729,-0.5088613263982832,0.28677986593896093,0.5704037944582268,0.34789477903211874,0
-1.691313221561397,-0.41125084279609675,3.6109853885725127,-2.334755631474145,1,0,0,1,0,0,1.245871563921443,-0.6205010239543141,-0.4001058925245282,-0.12764527856700325,-1.0134785885503494,-0.37856171190676474,2.8220052695923625,0.8840873324532724,-0.3118349142690488,1.7168909843505036,1.5316725598155196,0.9084074998141245,-1.4129522135019053,2.6741698652291324,0.7614791270459336,0.02398488666104536,0.997475506307841,1.191160506777725,0.6060821098378343,0.6378546273322141,-1.2520680020386492,-0.4506045359082696,0.4503912723379561,-1.3303293179177709,-0.8283129486138007,-0.6378546273322141,-0.606082109837835,2.7219865038898057,0.8662627627365218,0.391036510778763,0.3436427536518511,0.7517636739180628,0.6681251261743327,-0.7910682597479163,-1.0945585420250417,0.5738579727592754,-1.2200011740541141,-0.5588081172337243,-0.49661507743988936,-0.2051091846046925,-0.7023304039164997,-0.5405845059150832,-0.04248097655033679,0.29205785388825667,-0.5181215015185524,0
-0.7918040390580765,-1.4677292476260335,-0.15484123025532542,0.3052077222492148,1,0,0,1,0,0,-0.6091121756860305,0.4941809502570791,-0.016310450003180245,-0.393824119168396,0.843988333151166,0.684415324352483,0.32086903410486445,0.30867518268397665,0.2999728245572686,-0.019656390180303487,0.5917509332949829,0.5619491160912431,-0.10902879848236047,0.44987768474307943,1.2861877162680524,-1.275971718302308,0.8488537579370294,0.5383283455109945,0.4783555005605047,0.2920044097428146,0.003336279107067626,0.8648082438516863,-1.6923014229693054,0.8682633707865429,-0.24373234257552223,-0.2920044097428146,-0.4783555005605054,0.02029268250195297,0.5660657690356972,-1.2829236183406676,-1.6331938220313174,-1.2964299543367779,0.006520256239666901,-0.30171300108041293,-0.5408768497097485,-1.1624527388592034,-0.22078545442469194,0.4275877563966659,-0.8615437338508666,-1.5017363212534962,-1.1423313805857394,0.030432725387320277,-0.4540570296619595,-0.3759724034796717,-1.0748462533011267,0
0.7759119647334253,0.9802085196628456,0.27967722576327125,0.5985369837740325,0,1,0,1,0,0,-0.5460174906653681,0.238333235779764,-0.19541498984647596,-0.29661097738353953,0.5256892874308655,0.41252216573000816,-0.5789552148837314,0.2375119600746471,0.4301950707840719,-0.6069477658354631,-0.2122090437114232,-0.8647624872859648,-0.6490853164910939,-0.37935720632388836,0.6916774082802077,0.02469507196724973,-0.5996359570005694,-0.4279660574738917,-1.4375436385994584,0.2463053852199044,0.426002068899181,0.3669146245919004,-0.5632749076385823,0.22535852418505667,-0.141943408321538,-0.24630538521990367,1.4375436385994576,-0.3974950218363748,0.5660657690356972,-0.17301527185930607,-0.1344157646506147,-0.3576745413866426,-0.11949971898598452,-0.9541866793037505,-0.4301405112466897,-0.046252995675895824,0.6396503041450882,0.6552175733882943,0.8444977348704508,0.39133929825375646,0.46536449570571364,0.8235122133073248,0.7806711296729086,1.0157572993701793,1.0283361423219313,0
0.10770514344524394,0.8771374557769975,1.0038746524609323,0.5985369837740325,1,0,0,0,1,0,0.2742134146032426,-0.46117767448434965,-0.5280377066983108,0.03495527406123885,-0.8138979998053215,-0.381692060772484,0.38320915858837645,2.7741938641689585,0.4251207629830988,0.443226347678868,0.34796920153869,1.2517832750938256,0.6338710985028754,0.2970637181448008,2.983800936397894,1.2343181947615907,0.18510558673810612,-0.38624106054697377,1.0782835138328166,0.6378546273322141,-0.23603909638709974,-0.8185618645647974,0.6592164239147278,-0.41522266994387774,-0.8294662240292994,-0.6378546273322141,-1.0782835138328173,0.2152602778598393,2.629920100728865,-0.19121049065408274,0.459927258103802,0.521341890739393,-1.7420069000162375,1.2071323798110556,0.7049069579996614,-0.6353584156893081,-0.24854144663662048,-0.7864379342253526,-0.08607033897753999,0.2616765845888761,0.0761328624983096,-1.1433249167342867,-0.04248097655033679,0.29205785388825667,0.038603250264021984,0
-0.12359721776989524,-1.3646581837401863,0.27967722576327125,1.7718540298733036,1,0,0,1,0,0,-0.6469689866984278,0.5494207977010448,-0.4768649810287978,-0.040847830544809956,0.44498297934688336,0.4541110863745644,-1.1211588142713815,-0.41346242734727595,1.1189853713575364,0.0038436107821937016,0.7452383862864033,-0.7853930553261299,-0.9674273893199894,-0.2197138037539419,-0.4165438338188941,0.8594309680152896,0.7943689139506789,0.7785769610859513,-0.2682155254971324,-0.8051695616290189,1.3394631793738132,0.15020568863593986,-0.6660452492288167,0.7824901469490357,-0.20871753615029262,0.8051695616290189,0.2682155254971317,0.0759977097470634,-0.03432821836595151,1.3007974505175837,1.6227723026233125,1.9465432904000532,0.1325402314653172,-0.05703537174666111,0.06817301183707392,1.814079909629618,1.9441819381057224,0.7310941790521709,1.7112032938465216,1.026686595211671,1.3284433345569153,1.0138512904081252,1.6038232358961542,1.2384340518261547,1.0901944480755505,1
1.1871161624492292,-1.158516055968491,-0.15484123025532542,1.0385308760612593,1,0,0,1,0,0,-0.4703038686405733,-0.008792397522188045,1.6595963156733726,-0.648429966700163,1.2498984291622586,0.4943584289338122,-0.4403672862006463,-4.078140886277458,2.370189992806125,0.9923380013758936,2.530200731962505,5.655624502314897,0.2127238276345612,-0.9719757880212779,-1.567399882260125,0.9153227850635851,0.021030257637360703,0.24613405758427898,-0.018359091073560794,7.73180560207293,-0.35884532375916683,4.027189556744045,-2.3203179964047274,-1.3197313760701506,-3.049082869449482,-7.73180560207293,0.018359091073560086,-1.0659553487776992,-1.6103624352952797,-1.1646546961746211,-0.5866332819637576,-0.5454256239766699,-1.348194477436079,-0.7910682597479163,-0.8730858650989243,-0.9764194483286528,-0.7481493064513315,2.096873081001942,-1.9928225687248964,-2.5649705733055157,-2.716181027902636,-1.4922798914190887,-3.4997198226879678,-1.6563637301015341,-2.3120123683735136,1
-1.3572098109173063,2.397435648093248,0.27967722576327125,0.3052077222492148,1,0,0,0,1,0,-0.1295925695289965,-0.31639112697332367,-0.5024513438635544,-0.0061288513359326405,-0.4675829320831562,-0.23859039833960255,-0.8758363862896157,0.3468186924508576,0.49924556089803446,-0.9480709308492677,-0.9121553223083566,-2.11737976471056,-0.9864510037072517,-0.6384031257891707,0.6725074511875229,-0.06915000502416775,-0.9282619524331623,-1.6020162017650659,-1.8222623412420216,-1.080555857232306,0.5799869341433298,0.1976836618474108,-0.7519744928211323,0.3603340010028891,-0.37821042118275067,1.080555857232306,1.822262341242021,-0.5646101035717058,0.7161642658861095,0.23637715102316323,0.1627557467265941,-0.22112829950298704,-0.655084613695,-0.30171300108041293,0.7325910426154264,0.3258135853852078,0.8894542340524437,0.5793409677244183,1.127317443588959,0.5080357405521495,0.6345956405784983,0.8552353928241243,3.0854970270979956,2.5188253784480175,0.904619530814692,1
0.5960101282327613,0.026801178718756015,-1.8929150543297122,-0.8681093238500562,1,0,0,1,0,0,-0.25578193957032125,-0.24835889380549214,-0.6943490651242283,0.6708912432371751,-0.843159579714195,-0.7094843062828032,-0.598113395150234,-0.21346266578131967,0.4977032537629334,-0.794296323288195,-0.7842839474204197,-0.46693588761607263,0.01445122415368961,-1.0927149746203961,-0.39969140204399084,0.28906093785505765,-0.7399327022689858,-0.9306902174349966,-0.45503125954306645,-0.18555039652161812,-0.2601366919221054,-0.10741786449876495,-0.3898986554378695,0.33933848756001034,0.11096968953671545,0.18555039652161812,0.4550312595430657,-0.9823978079100336,-0.25947596364157,0.41832933897092733,0.5116092600824467,0.17144214591252482,-0.34003467563087314,0.18764225758709038,0.4557501964577793,0.2638024885416898,-0.3040534310604773,-0.17942508891434333,-0.24116501795220557,-0.39960325510201306,-0.24540631275998087,0.030432725387320277,0.2044646553166367,0.1250502895462747,-0.332546584257695,0
1.8039224590229344,-2.1119233969125806,-1.168717627632051,-0.13478617003801185,1,0,0,0,1,0,-0.028641073495936725,-0.390819553003088,0.9687645191349462,-0.5824639062032961,0.5179295454262383,0.14957286100958847,-0.6339005078779316,-0.13679106036668365,0.780702964907313,-1.5663552682855861,-1.2833191033681315,-0.9235539234328854,1.2486448174328224,-0.4376188135776919,0.5721943309339748,-0.14579037375124768,-1.3930147332074938,-1.7773012339294723,-1.1768770890538862,-0.09240503183227083,0.44419052483192645,0.7609617429438309,-1.2137523723823964,0.7347553506754452,-0.06681104514605733,0.09240503183227083,1.1768770890538862,-0.3974950218363748,0.5660657690356972,0.09991301006234013,0.007709740790658993,-0.5454256239766699,-0.49755964466293656,0.6769975162545934,1.5631135810883663,0.139780294854656,0.5286263352973745,0.8828473903799233,0.41570656358755365,-0.30883935553659736,-0.008482709938082702,0.8552353928241243,-0.04248097655033679,-0.09762646290970158,0.16231986177126023,0
2.215126656738738,-1.4934970135974959,-0.4445202009343899,0.3052077222492148,1,0,0,1,0,0,0.40040278464456736,-0.49141422255894146,-0.15703544559434116,-0.303554773225315,-0.39154343709948924,-0.14333835428271582,-0.5166543960196104,0.977727877930823,-0.2586085920145012,-0.46655718604490115,-1.1176816206776559,-1.15841353459246,0.8321573516336235,-0.9903416168954904,0.8162550355098389,-0.20618325251037103,-1.0905739839304491,-1.6423486687085074,-0.7099870034754222,-0.8757814322965277,-0.27111716033489336,-0.5242558206587901,0.14633232418708697,-0.45110583554318284,-0.15039297134644497,0.8757814322965277,0.7099870034754215,-1.1216603760228097,0.11577027848446049,-1.492168634480596,-1.3489428111487698,-1.6207272788104614,-1.537224440274555,0.10608304780917345,0.5111183656893089,-1.658541513607341,-0.19302946221276363,-0.4070549059059717,0.32447439948480933,0.35244048415429274,0.1438253204474232,0.28421816152172197,0.8629863402952329,0.45906541823023866,-0.20882997275045564,0
-0.4320003660567478,2.268596818235939,-0.15484123025532542,-1.6014324776621007,1,0,0,1,0,0,-0.6217311126901629,0.5406987165256818,-0.438485436776663,-0.0842465545559066,0.4253314556231856,0.4809426480807296,0.5479823665026,0.6163049512815753,-0.30653208558281553,0.8108114458071731,0.23758277160951058,0.14581108430942502,-0.4101262598099771,-0.3477895451599913,1.0298003938748532,-0.15173309048496444,0.8847509190747819,0.43002829154126365,0.5791922973583978,-0.3755669404878874,-1.109490035636355,0.18573354086445135,0.266562507023437,-0.218050087815267,0.11096968953671252,0.3755669404878874,-0.5791922973583985,-0.8152827261747027,-0.10937746679115769,-2.3382463084376996,-2.0337293373658145,-1.689000399752289,-1.726254403113031,-1.4435419379712537,-1.7589765728033937,-2.464685772573063,-0.9146852597229018,0.5793409677244183,1.1638103092300558,1.143383037510063,0.9730579303240674,0.8552353928241243,0.4514102871836102,0.29205785388825667,1.2139110595827887,0
-0.3291993166277972,0.7225308599482267,-0.4445202009343899,-0.4281154315628296,1,0,0,1,0,0,-0.2810198135785862,-0.2251000106711908,-0.6559695208720935,0.540695071203885,-0.6772137489839177,-0.5909782420805733,1.2495272187982331,0.42212037773977423,-0.5389031041975126,0.013821331628502949,-0.19510952755136385,0.8826074074092298,0.5150239546896549,0.4025546499255473,0.2927550182222404,-0.6598649156539779,0.3101332402633899,0.43262661944900566,1.4008254564523381,-0.18555039652161812,-1.3352701515551473,-0.28609791526286954,0.07359799369648054,0.2888510848635611,0.6760276314471128,0.18555039652161812,-1.4008254564523388,0.24311279148239442,0.11577027848446049,-0.4186507255887879,-0.6770767854263857,-0.5283573437412127,0.4475901695294441,0.758556726032511,0.12354118106860354,-0.35630847989348147,-1.2477571662660425,-0.2553016945782196,0.05077790717657645,0.08014878545804377,0.19459466390925928,0.41111087958892223,-0.20711139779498602,-0.32030321536567735,0.10046155601764112,0
0.2876069799459088,1.1348151154916164,-1.168717627632051,1.0385308760612593,1,0,0,1,0,0,-0.7226826087232228,1.113448713707853,-0.579210432367824,0.29766221674174387,0.5770799143396683,0.6262802739891249,-1.3895235795924963,-0.9162463163014455,0.12739035383107652,0.022295870605563033,0.4452692085307009,0.5182874212521883,-0.36828791039625747,-1.1344465165470257,-0.36981835141134267,0.5567951626405778,-0.17591865924741087,0.0868472005416056,0.2857518833962749,0.42347698798565403,0.7986407696194842,0.8871009176143642,0.3853785600438023,-0.20455821393038953,-0.494082390686154,-0.42347698798565403,-0.2857518833962756,-1.1216603760228097,-0.4846237089171882,-0.4914316007678933,-0.1473362651452761,-0.20406001926752979,-0.6235796198885869,-0.22015379130249568,-0.3747723420151606,-0.5423417704240322,0.77843026520473,0.8828473903799233,0.13288685486904556,0.31354167005482897,0.2115177783965368,-0.6040308649486834,0.2044646553166367,0.45906541823023866,0.16231986177126023,0
-1.460010860346257,0.43908543426214564,0.27967722576327125,1.478524768348486,1,0,0,1,0,0,-0.00340319948767178,-0.398378690021736,-0.3361399854376369,-0.18261699564772566,-0.3246943265914262,-0.1652507963427508,-0.2662941745845794,-0.9924974966807195,0.90550493695243806,-0.13326155737587803,0.9276048388074253,0.9977993692733415,-0.5118519765068895,0.13376647151603344,0.5334259079836039,-1.374388719655957,0.9586898077372528,0.11275413936906441,0.05260013630273529,1.3087111581427058,0.5039464142953748,1.896608326340613,-2.6189837011203365,1.1306481692930455,-1.095849249510261,-1.3087111581427051,-0.052600136302735995,-0.03541234474315745,0.26586877533487285,-0.5733100853443877,-1.1422148032341901,-0.767313267037611,0.25856020669096863,-0.46483142063624716,-0.5408768497097485,-0.9144083514851348,0.1400424443303771,1.1863538130354276,-1.0257616292358074,-2.033353447279506,-1.5992554717422576,-0.1916295312302808,-0.5363722402842841,0.06938110143228039,-0.8892713360402683,1
-0.07219669305541997,0.8771374557769975,0.27967722576327125,0.5985369837740325,1,0,0,0,1,0,-0.6974447347149578,0.9680806941184694,-0.5280377066983108,0.03495527406123885,0.5549508673397344,0.7175075837900868,0.4493850167899113,1.3036735259246701,0.35509160737224776,1.025648193846286,1.0463591464631654,1.3206884215730617,-0.413100449377273,0.2564322484267117,1.0834289966974497,1.2085546338429936,0.8916068699248847,0.5236802715770997,1.3891927962267179,0.42347698798565403,-0.3686567239116457,-0.703977442468269,0.7290587315305144,-0.5014824308014088,-0.8490462777502336,-0.42347698798565403,-1.3891927962267185,0.10385022336961848,0.7912135143113154,-0.45504116317834126,0.2015172482105774,0.5640125913280355,-1.5687294340809674,0.10608304780917345,-0.4855086804782194,-0.790386157798101,-0.3318094232724056,-0.6346847228976005,0.10551720563822252,0.4691369264526849,0.22844089288381547,-1.0481553781838862,0.2044646553166367,0.45906541823023866,0.038603250264021984,1
0.8530127518051386,1.4955638390920825,1.7280720791585935,0.3052077222492148,1,0,0,1,0,0,-0.5838743016777656,0.3400908494923325,-0.7071422465416066,0.8126604083400908,-0.34756481593456784,-0.36648750913899036,0.9528065741645021,0.6162147620457631,-1.1373890825584534,0.18859660345223372,-0.15128367290134173,-0.8930626885452825,0.3138296220272114,1.8496085630683425,-0.09175580923638006,-0.886345296220186,1.4457062026706273,0.7212343641779245,-0.35678002163742906,-0.8641809106868654,0.5232063476855213,-0.9376930549866045,0.6641574347304428,1.1787556790897755,0.9008211637768411,0.8641809106868654,0.3567800216374284,1.6914434998552643,-0.10937746679115769,-0.06384395909064733,-0.5091102789957901,0.0519641842643253,0.4475901695294441,-0.38327221085833024,-0.26403600355210183,0.5738579727592754,0.6118943119331598,-0.7864379342253526,0.4339529964081015,0.7284623537824456,1.209981533145967,-0.3819686083310823,-0.37174181903963527,-0.7656567202776299,0.40975308478573785,1
1.2128164248064663,-0.12780541711001567,2.452269505856255,0.3052077222492148,1,0,0,1,0,0,-0.43244705762817587,-0.0843837677086675,-0.6687627022894718,0.5493748160061044,-0.5100671663237657,-0.48946550029224795,2.116133826343368,0.34120430439460975,-0.37455297268154464,0.4236190824250663,0.7071915105013562,1.846316741356798,-0.18312385788914795,2.321415192438516,-0.44365993344557136,0.5515361453509655,1.2887019282166423,1.739244324644331,2.4443435061037344,0.09388569754642515,-0.6230048900556638,-0.9127623977030376,1.0662670973891653,0.7055727214181899,0.7786499675370312,-0.09388569754642515,-2.4443435061037353,2.0256736633259265,-0.4846237089171882,-0.2548937564358004,0.05939174276930372,0.5810808715634928,-0.024984737566746233,-0.13859458152457876,-1.0391903727935126,-0.23228628620644656,-0.4150773999081907,-0.6346847228976005,1.0269620630759395,1.4934723644052397,1.7515211967388769,-0.15990635171348128,-0.12479618717266176,-0.09762646290970158,1.5232025883508855,1
-1.100207187344929,2.3459001161503257,1.0038746524609323,-0.4281154315628296,1,0,0,1,0,0,-0.5333985536612357,0.1598345052014969,-0.3745195296897717,-0.1606283088154367,0.29119965917249946,0.24706086854198897,1.7452405870818029,-0.1972221114308856,0.9503289696159488,1.6630648058129647,2.281600651574589,0.7675054471756251,-2.153562373944383,2.1518904858659544,-0.43083115447024917,1.2788471898839742,1.6330574946628589,2.3746098149232786,1.1921218465220598,-0.1355460428462847,-0.2766559016785651,-0.160903655409319,-0.014013443393375194,-0.627381403464443,-0.6478482866658913,0.1355460428462847,-1.1921218465220604,2.137083717816147,-0.3345252120667762,0.2545723698179399,0.8992242749222835,1.605177685690913,-0.05648973137315825,-1.5251011477491712,-1.980449249729511,0.44983577907224165,0.029018475482663446,0.27583454506891375,1.3918907194869166,1.1693155802430386,0.8038267854512828,0.7917890337905242,1.3568776040291806,1.4054416161681371,1.0901944480755505,1
-1.6142124344896835,1.1863506474345409,1.7280720791585935,-0.13478617003801185,1,0,0,1,0,0,-0.7353015457273552,1.2530020125136612,-0.4896581624461761,-0.0061288513359326405,0.8364650837510073,0.9683826857427322,1.0074740405665839,1.0274387752643248,-0.3676587530705713,0.8584471334119663,1.3652138898472324,-0.051774317524824545,-1.0319194974663783,0.33929873403879734,0.1323925339376599,0.3488393483090782,1.2325243901401948,2.177744222162971,0.11588809585456382,-0.18555039652161812,-1.0618938808286837,-1.2775640289648238,0.8531517352007301,0.06244339218627841,0.35129844995360676,0.18555039652161812,-0.11588809585456454,0.24311279148239442,0.04072103005925432,-0.2276009282436361,-0.018131260198663828,0.47867119015075044,0.6366201323679207,-1.6066603575270884,-1.814344742034923,0.2638024885416898,-1.0812212129944723,-1.317574173872486,-0.7246954876967501,-0.21807545597118072,-0.1777138548108673,-0.9529858396334858,-0.6186874509066087,-0.7656567202776299,-0.5799798072721716,1
0.6731109153044746,0.026801178718756015,-0.4445202009343899,1.478524768348486,0,1,0,1,0,0,-0.3062576875868511,-0.21754087365254282,-0.7327286093763631,1.0528000145348255,-0.9559833383792545,-0.9809302722101751,-2.623181929611709,-1.0032655289609809,-1.0488166124425695,-1.6207227085506197,-2.059186776479238,-0.8677251773228918,1.115301931510467,-0.930549206559802,-0.6934245298617843,-0.8832742651465865,-0.6149813769173653,-0.5557389585909361,-1.3255027532684673,0.13114384342216406,2.7178045255856698,0.6823559522767085,0.5461619909465762,1.5796868127796568,2.134472732829668,-0.13114384342216406,1.3255027532684667,-1.038102835155144,-0.9349191994684248,-1.2010451337641732,-1.4006248131274146,-1.5183175973977192,-0.2770246880180474,-1.1173050988595852,-0.7069813574043363,-0.9144083514851348,2.33276582907272,0.5034643620605421,-0.31415074923440073,0.002351157259115363,0.6345956405784983,0.12560226393772106,-1.5241547677521787,-1.6563637301015341,0.40975308478573785,1
-1.485711122703495,1.1863506474345409,0.27967722576327125,-0.13478617003801185,1,0,0,0,1,0,-0.14221150653312897,-0.3076690457979606,-0.8350740607153893,3.5091677935628955,-2.1929529187918906,-2.9485781306622956,0.6757078658988862,0.6747700913612334,-1.220993003814058,-0.28064773990982717,-0.7335055595397149,0.24882252876723096,0.46644832740843234,-0.10047815068097882,-0.5789680476343689,-0.01489710370120244,-0.18748167664864815,0.07795737116573877,1.0614552385657101,-0.7133741297612556,-1.0399848203481306,-1.5061406070530412,1.6541681871730711,0.19323336946341543,1.0297033513163782,0.7133741297612556,-1.061455238565711,-0.11896988561082296,-0.5596729573423944,-0.07294156848803632,-0.06981326217730856,-0.135786898325702,0.16404522527173035,0.4323198869208419,-0.04256332662598434,-0.5423417704240322,-1.2200011740541141,-1.6969572021918669,-2.056685083596818,-1.1257144516253432,-0.9900233502002335,-1.9364044046542914,-0.8656330827735822,-1.211010225189582,-1.8790042280981787,0
2.266527181453213,2.4232034140647105,-1.6032360836506476,-0.13478617003801185,1,0,0,1,0,0,-0.4198281206240434,-0.08729112810045517,-0.822280879298011,2.97681011236011,-1.5897796604139562,-2.3676748197238173,-1.2410679720642794,1.1961707645713158,-0.1921855667257746,-1.464867582962699,-1.8658881337504987,-0.2708688723905399,1.569393536178205,-1.2164758873349637,0.41078985909009913,0.011287497141818774,-0.20377046016971542,0.07700403122194865,0.19997699316119485,-0.567767582660665,0.5102468527726071,-1.2302616507555237,0.27406695403418485,1.776886299024661,2.5009254064170285,0.567767582660665,-0.19997699316119558,-1.038102835155144,0.7912135143113154,1.1006500437750428,0.9379857764062678,0.8029685146244333,1.0146800580448727,0.5138790966987595,0.4557501964577793,1.13195784435093,0.16779843654230542,-1.317574173872486,-0.9527758979536108,-0.6848612251647502,-0.008482709938082702,0.062155904904119784,-1.9357308208638015,-2.2687247993554687,-0.5181215015185524,0
-1.460010860346257,-0.41125084279609675,0.27967722576327125,-2.334755631474145,1,0,0,1,0,0,-0.00340319948767178,-0.398378690021736,-0.4001058925245282,-0.12764527856700325,-0.41030533017241866,-0.2077341023775125,1.039401342240855,0.6098304302088877,-1.5663986340375136,1.5923964619123463,0.7624942725554308,-0.7849210139439142,-1.158893171741965,0.09856081523411961,0.560140817974015,-1.5379888421230279,1.1423377946581337,0.3861885790194999,-0.7858772647355261,-0.29111514316954507,-1.3468320629447148,-0.2758746287483054,0.5957889441390051,-1.018502284430521,-0.6142419163100385,0.29111514316954507,0.7858772647355247,-0.23037994010104354,0.04072103005925432,-1.2010451337641732,-1.684875824009962,-1.262293393865864,0.006520256239666901,-1.2804235184154193,-1.149926711256571,-1.2244638357027204,-1.2200011740541141,-0.1035484832504671,0.534308376921121,0.7803274392483975,0.27921023634565156,-0.0012904541294803558,1.1922471827845313,1.127095675598167,0.40975308478573785,0
-0.07219669305541997,0.9802085196628456,0.27967722576327125,0.5985369837740325,1,0,0,1,0,0,-0.6974447347149578,0.9680806941184694,-0.19541498984647596,-0.29661097738353953,1.0112338230547564,0.9737489980839653,-0.18480497881273691,0.401039277320524,1.3633713912237497,0.2454357210392707,0.3040023189055373,0.5589457124057917,-0.4728208496001188,0.06765317275532584,1.3346762314010974,1.1850286030289918,0.583378836363845,0.36150096210632304,0.7610291440431215,0.007555847346540335,0.32457407477519723,0.7866103553238799,-0.6729349026935044,0.24690064298669348,-0.04228257434033811,-0.007555847346540335,-0.7610291440431222,0.02029268250195297,1.1664597564373458,-0.13662483426975403,0.48576825909312477,0.7176271134471482,-1.2851844898232538,-0.13859458152457876,-0.4855086804782194,-0.4183195767369984,0.44535835866158957,0.9587239960437993,0.534308376921121,0.08014878545804377,0.17767154942198057,0.7917890337905242,0.6160407084282594,0.6817421706862145,0.6571863078002155,0
-1.100207187344929,-1.6223358434548052,1.0038746524609323,1.7718540298733036,1,0,0,1,0,0,-0.5333985536612357,0.1598345052014969,-0.7583149722111197,1.2495408967184636,-0.7344913508946546,-0.8427477294234241,1.4767671878718276,-0.17804433455444507,0.4679117170738566,0.7087788621343978,0.4637748381658833,0.5631095890470523,-0.3196629258246414,2.2887451540830304,-0.5630914314437222,1.1464898996003985,1.8078271628232834,2.5102501453820922,1.078283513832815,-0.3014141428425148,0.23340646726320227,-0.31972119806707405,0.512460789658712,0.8350959523084094,1.8478406829834917,0.30141414284251544,-1.078283513832816,2.2206412586838127,-0.4846237089171882,0.16359627584405784,0.7441782689863493,1.519836284513628,0.006520256239666901,-1.6066603575270884,-2.0358174189610403,0.44983577907224165,0.25106641317809053,-0.2553016945782196,0.16025650409986858,0.4043055696202447,0.7361343275021692,0.8235122133073248,-1.3595243465075295,-1.6006945419875402,0.40975308478573785,0
2.4207287555966395,0.7225308599482267,-0.15484123025532542,-0.4281154315628296,1,0,0,1,0,0,-0.7983962307480176,2.988696166410901,-0.6559695208720935,0.540695071203885,1.0906404719654235,1.8806557837523517,1.392499936485511,-0.6510867286186526,-0.10358775227714272,1.1864029275276673,1.450057717271639,1.3685414786442913,-0.9360946752258548,0.529418759294941,-1.0244443426348755,-0.18587738258610872,1.7282821809408515,2.31189969875701,1.5875602653373244,0.2920044097428146,-1.407316072553454,-0.13262888536000175,-0.04518091597950123,0.11098121130563741,0.3719740306428509,-0.2920044097428146,-1.587560265337325,0.15955525061472892,-1.1600669447440433,-1.0372881646111858,-0.9613277963089331,-0.32353798091572933,0.2270552128845555,-1.1988643086375024,-1.7589765728033937,-0.728375060954584,-1.3310251429018278,-0.17942508891434333,-0.1681792866700104,-0.16621037050522874,-0.11002139686175369,0.1890486229713212,-0.4540570296619595,-0.3759724034796717,-0.1469716669968365,1
-0.4063001036995106,0.9802085196628456,-2.327433510348309,0.5985369837740325,1,0,0,1,0,0,-0.38197130961164594,-0.13090153397727022,-0.19541498984647596,-0.29661097738353953,0.23076484661749988,0.128554804339759,-1.1566654747961258,-0.8326747613746983,0.8615001683384608,-0.864390180376029,-0.42842458242089015,0.17694028615212845,0.3455400284557604,-1.2728740787456092,-0.07782498394174657,0.6328126081254458,-1.0357213255503588,-0.6684130039360232,0.14187142235678196,0.10061909740348675,0.33653071739875007,1.0649088813249912,-0.5417839475943588,0.14073183084106008,-0.09560226265413567,-0.10061909740348675,-0.14187142235678266,-1.1216603760228097,0.19081952690966666,0.8459169806481733,1.0801112818475405,0.5469443110925782,0.1325402314653172,1.247911984700014,1.2862727349307197,0.8219023601333442,0.4731143508735179,1.2622304186993043,0.589047675382767,0.19684522775643593,0.24536400737109418,0.728342674756924,0.6160407084282594,0.7374113588002092,0.7190446135538346,0
-1.6142124344896835,1.2121184134060021,1.7280720791585935,2.505177183685348,1,0,0,1,0,0,-0.7353015457273552,1.2530020125136612,-0.4512786181940413,-0.08135330628850015,0.9012659350619028,1.0265177361060904,-1.448669733409593,-0.09828595412049482,0.5002650313421975,-0.40882236935494004,0.14225879835555952,-0.8459987837187688,-0.1494034967979738,0.3422351422336003,-0.44914000053993564,0.9062789119223524,0.8074546344859959,1.929903154547717,0.9750700921945687,-2.120904085066952,2.3563678505235313,-0.3150380362971849,0.22684384845434902,1.352950839608091,1.6992314001217335,2.120904085066952,-0.9750700921945695,0.24311279148239442,-0.4846237089171882,-0.23669853764102378,0.2531992501892221,0.5810808715634928,0.19555021907814235,-0.9541866793037505,-1.3713993881826885,0.015758101167622184,1.8331579692580091,-0.482931511569848,-0.642586540004281,-0.4385020692014777,0.09305597698558829,-0.0647368131630805,-0.6186874509066087,-1.378017789531564,-0.5799798072721716,1
0.9815140635913272,2.4232034140647105,0.5693561964423357,-0.13478617003801185,1,0,0,1,0,0,-0.1800683175455264,-0.3006913808576702,-0.822280879298011,2.97681011236011,-1.8891220853103308,-2.5317945388265284,-0.022454507646904535,1.5621820767142915,-0.1392071202786451,-1.0869031121627228,-2.0281420319099994,-1.3173224230179563,1.3568978925879533,0.48291854238595044,1.1937646749232431,-0.4455243775305804,0.32560596498445704,-0.33904082059806795,-0.3471945350124867,-1.4523273562967454,0.5137500569827665,-0.9482566808805425,-0.2574082363240155,1.7912012845789087,2.3056765993231387,1.4523273562967454,0.347194535012486,0.6330479821981672,1.391607501712964,0.6093791363160792,0.26611975068388355,0.39332978897346543,0.25856020669096863,0.4323198869208419,0.6772228733838963,0.6978801664463103,0.16779843654230542,-1.0899443568808573,-0.9618991143638861,-0.9312203811280227,-0.2623294272472596,0.3476645205553221,-1.1125787146405561,-1.6563637301015341,-0.5799798072721716,0
-1.6142124344896835,2.4232034140647105,1.7280720791585935,-0.13478617003801185,1,0,0,1,0,0,-0.7353015457273552,1.2530020125136612,-0.822280879298011,2.97681011236011,-0.6569574689866768,-1.336895657511968,-0.364238771506711,0.8830401596668594,0.7124215385613483,-0.558611225388835,-0.29334817465378643,0.3288977319503186,0.16868979455953206,0.25890914261770226,0.2703626370057676,0.5902717368471249,1.1896976867300608,2.167478881285677,1.8265808207101075,-1.3630033399023458,0.7651818430051172,-0.9411569769238867,-0.3807379395341119,1.9343315879459906,2.4974882561021463,1.3630033399023458,-1.826580820710108,0.1317027369921738,0.11577027848446049,-0.3640650692044592,-0.018131260198663828,0.4616029099152932,0.3215701943037938,-0.709509049969999,-1.3713993881826885,-0.17027518936292965,0.3620903820258042,-1.0899443568808573,-0.989268763594709,-1.0090180093269512,-0.29617565622181696,0.506280418139323,-1.1948939252628807,-1.712032918215528,-0.5799798072721716,1
-0.4063001036995106,-1.3646581837401863,-2.327433510348309,1.7718540298733036,1,0,0,1,0,0,-0.4198281206240434,-0.05240280339900311,-0.4512786181940413,-0.046634327079622846,-0.03155625636537663,-0.004261426105759132,-1.4817452925748054,-0.3354154727817292,1.0155642427128093,-1.0643915084956375,-0.1972539801647013,-0.21827131807618136,0.15949468586627075,-1.185362368086362,-0.06664185594388441,0.659272957881241,-0.9664957278167884,-0.8239266602716833,0.09517567272851181,-0.3920901182240855,0.8760027875118648,0.39360791439085857,-0.7258045987629645,0.4795636398367429,-0.5479641845250788,0.3920901182240855,-0.09517567272851252,-1.0102503215325889,0.26586877533487285,1.0460643873907127,1.2739187892674588,0.7517636739180628,0.006520256239666901,1.5741488238116832,1.6738499195514247,1.0079356506638961,1.2225261405955843,0.8069707847160468,1.172933525640331,0.5599008260181015,0.7361343275021692,0.5697267771729232,1.3568776040291806,1.2384340518261547,0.6571863078002155,0
-1.0231064002732158,0.4648532002336079,0.27967722576327125,-0.13478617003801185,1,0,0,1,0,0,-0.2684008765744537,-0.2256814827495483,-0.16982862701171944,-0.29545367807657696,0.1087181397804516,0.05476800964780448,0.5108553159245517,0.27182783061860216,-0.36638617812564744,0.20576275629861704,-0.1416356829219883,1.2876148400264582,0.5602226139192316,-0.07626660531681613,0.06921191544279993,-0.5160238387401795,0.2043036705727637,-0.07175910250439377,0.25295560183580257,1.505274782839251,-0.786561445800871,-0.30375725076609306,-0.01769201327720131,-0.07538818656298826,0.11407452772328228,-1.5052747828392519,-0.2529556018358033,-0.14682239923337803,-0.03432821836595151,-0.2821865846279648,-0.4961897785011287,-0.3918111018575571,0.038025250046078915,0.02452383803125581,-0.09793149585751397,-0.29429738304996345,-0.8036612908751883,-0.4070549059059717,-0.41450612974742024,-0.3607044410025493,-0.36386811417093057,-0.12818317219668063,-1.1125787146405561,-0.5986491559356475,0.22417816752487937,0
1.3927182613071303,0.5936920300909173,1.4383931084795292,1.7718540298733036,1,0,0,1,0,0,-0.6469689866984278,0.5726796808353461,-0.4768649810287978,-0.01770184440555841,0.44498297934688336,0.4541110863745644,-0.31222723517473555,0.9474046341047817,-1.4550838696248645,0.8861704167048466,0.6477164411707318,0.7093782155477893,-0.6256938970532743,0.1675285376130905,0.47958662816789704,-1.1886224976073436,1.0862487090864088,0.5219137028101107,0.8432886699243073,0.13114384342216406,0.6015521118185472,-0.8199032366641485,0.7946974155966718,-0.12005343638591555,-0.33251594752519215,-0.13114384342216406,-0.843288669924308,0.1317027369921738,0.41596727218528484,-0.06384395909064733,-0.6641562849317252,-0.23819657973844427,0.7941451013999841,-0.38327221085833024,-0.762349526635866,-0.23228628620644656,0.3065783976019474,-0.9381911455531051,-0.7520651369275744,-0.2699405414371327,-0.29617565622181696,-1.397110352868688,-0.28942660841731066,-0.26463402725168356,-0.8274130302866491,0
0.44180855408933456,-0.7719995663965628,1.4383931084795292,0.3052077222492148,1,0,0,1,0,0,-0.3188766245909836,-0.18614138142123599,2.260875842290151,-0.6912500410577783,1.1628006329504528,0.39105691636507595,-0.56424955709504,0.8639410493280383,-2.226284419458699,2.060626165032018,-0.4192306489592678,0.43529411701266485,0.6811402751955143,0.1490049244816881,2.1706401790060155,-2.767062452328447,0.47267883024999635,-1.7806111366540123,-1.5204829952730505,2.1016857808501404,0.9334867093684479,0.9887134772941325,0.2627744722650954,-2.3150727716363404,-1.1933998312335925,-2.1016857808501404,1.5204829952730499,-0.14682239923337803,1.391607501712964,-1.0372881646111858,-2.111252340333782,-1.8767514823423164,-0.2770246880180474,-0.38327221085833024,0.40038202722625016,-0.9764194483286528,1.194770148383656,1.33810702436318,0.9266066825629212,0.9359226956462544,-0.1777138548108673,1.0455744699249259,-0.20711139779498602,1.127095675598167,2.018069034379841,0
2.3950284932394013,-1.3646581837401863,0.27967722576327125,0.3052077222492148,0,1,0,1,0,0,-0.40720918361991093,-0.09019848849224284,-0.23379453409861076,-0.26015604921421837,0.22927384449093155,0.13168515320547827,1.0263777886297971,-0.33113016007365387,-0.6273464342343712,0.8867928761281588,0.6131837832311561,2.063408133613268,1.0519083688429023,0.7623994810944457,0.5179858897273689,-1.0114553731280098,0.4379165571239135,-0.562146628914816,0.8474736833344426,1.9737285121859853,-0.6654227214648636,0.9733934298347212,-0.1588115137809827,-0.7637694027108192,-1.345995719639943,-1.9737285121859853,-0.8474736833344434,1.050835686536495,0.8662627627365218,1.0005763404037717,0.2531992501892221,0.4274663494443799,0.7941451013999841,2.5528593411466898,2.172163442635189,0.8219023601333442,-0.5816133531797613,1.0346006017076752,0.2879815338437111,0.15794641365697218,-0.1607907403235886,-0.44541496736468245,-0.6186874509066087,0.4033962301162448,0.34789477903211874,1
0.3904080293748593,-1.6223358434548052,-0.4445202009343899,-0.13478617003801185,0,1,0,1,0,0,-0.11697363252486404,-0.3344167614024072,1.3781463244910508,-0.6258626302143927,0.727112357371603,0.22649000456726226,-0.49345569813056894,1.1352426049742292,-0.7950264563811413,-0.5448174939395449,-1.217372829891107,0.06125721293689913,1.506150964020213,-0.9673015214167516,0.9327095293886142,-0.23250238162732806,-1.1086687296136895,-1.51331529234108,-0.2444928926024105,0.3260326064644921,-0.28035412253933506,-0.6237881712951785,0.853185328325709,-0.3633236485870349,0.10518646081811628,-0.3260326064644921,0.2444928926024098,-0.9545452942874786,0.7161642658861095,-0.32767463161490584,-0.39282577454383927,-0.7843815472730677,-0.655084613695,0.9216751455883455,1.1755363964676604,-0.6043528672675491,-0.24854144663662048,-0.5588081172337243,0.10551720563822252,0.533968283285125,0.34690269429476517,-0.3185222492974822,-0.37174181903963527,-0.26463402725168356,0.2860364732784985,0
1.2899172118781799,1.4955638390920825,1.0038746524609323,2.9451710759725747,1,0,0,1,0,0,-0.24316300256618875,-0.2559180308241401,-0.6175899766199587,0.4104988991705952,-0.6075072738961123,-0.5140610985228995,-2.187383978818269,1.4474847168353162,-0.9974208705484418,-1.3897053730150193,-2.3756769492848253,-1.983226386193379,1.5488125091947043,0.09342779454572811,0.6318578472483082,0.2724413556426931,-0.35342448455426645,-0.7947074768172724,-0.2548898489945435,-2.4520876039624104,3.1349626208606938,-1.3537368796550606,1.6372850321134083,1.5269526336295232,2.312619211288531,2.4520876039624104,0.25488984899454276,0.2152602778598393,0.7912135143113154,0.5184030423421971,0.5891322630504142,0.4103980692089227,-0.43454965705011084,0.4323198869208419,0.6218547041523672,0.2638024885416898,3.9148573851526383,-1.0140677512169813,1.5834782641026803,2.3622125459599386,3.0546010122593183,0.506280418139323,-0.12479618717266176,-1.0440026608476,1.770635811365363,0
-1.460010860346257,0.7225308599482267,0.27967722576327125,-0.4281154315628296,1,0,0,1,0,0,-0.07911682151246661,-0.355931228301636,-0.68155588370685,0.5927735400172011,-0.9692823191250707,-0.7318439410379409,1.2148514018099017,0.33441438326686546,-1.4174062938691494,1.0478723090966082,-0.049473130434277604,-0.3466733419528289,-0.15047229638554308,0.18791088486031626,0.3896697061117295,-1.82867786290721,1.21349029973569,0.37707767277773174,-0.5252107151899512,0.048076501797563044,-1.5015221049127356,-0.06863167855840126,0.09999699191010077,-0.212331677691872,0.4324604478125142,-0.048076501797563745,0.52521071518995055,-0.06326485836571254,0.04072103005925432,-0.8462383672660339,-1.5556708190633497,-1.1086788717467513,0.5106001571422693,-0.8726274695258333,-0.762349526635866,-0.790386157798101,-1.4420491117495413,-0.2553016945782196,-0.5878472415426337,-0.4514683405679659,-0.4992530300691578,0.030432725387320277,-0.4540570296619595,-0.48731077970765985,-0.5799798072721716,1
-1.3572098109173063,-0.978141694168258,2.1625905351771904,0.3052077222492148,1,0,0,1,0,0,3.8832293977851298,-0.7495878253496866,1.442112231577942,-0.6322277764026869,-0.4926973681339679,-0.08788646008997425,0.5998467036998385,0.1617751905476948,1.088846186044373,0.6635890148376611,2.104821065339175,0.8446660950490897,-1.9306224633075975,1.0411578692279215,0.8519461251876782,0.643809556553366,0.6329505423983446,1.9699196839233264,0.6912331826893887,0.4664671563038157,0.2062112319611542,0.6314193999244153,-0.8415226973066213,-0.26884302479362965,-0.8131273129877944,-0.4664671563038157,-0.6912331826893894,0.7723105503109431,0.5660657690356972,-0.50962681956267,-0.12149526415595328,0.13730558544161034,0.3845801819166189,-1.85133798686084,-2.2019219266556282,-0.17027518936292965,-0.026493508941193386,0.27583454506891375,-0.7611883533378483,-1.0349505520599276,-1.057715808149347,-0.4136917878478824,-0.28942660841731066,-0.09762646290970158,-0.8892713360402683,0
-1.485711122703495,-0.2824120129387873,0.27967722576327125,-0.13478617003801185,1,0,0,1,0,0,-0.20530619155379135,-0.2815028022718716,-0.029103631420558513,-0.3828297757522515,0.16140842586256568,0.07936360787845599,0.6274191234182868,-0.2146773371351244,-0.9883053405966549,0.4182331560800241,0.12016664705138197,-0.1914135821317068,-0.5236410548506136,-0.05566032699426882,-0.3756757460850595,-0.35634474155566476,-0.3415734996937835,-0.3095394331557013,0.2857518833962749,-0.5444705351245722,-0.9280567070950788,-0.08169233300770808,0.9929544095129486,-0.9037044469865813,-0.45842753595873365,0.5444705351245722,-0.2857518833962756,-0.17467491285593337,-0.4846237089171882,-0.4732363819731166,-0.5737127814690962,-0.6649035856248688,-0.08799472517957138,-0.22015379130249568,-0.3747723420151606,-0.8523972546416179,-0.9146852597229018,-0.17942508891434333,-0.31415074923440073,0.22277777048941236,-0.1607907403235886,-0.826093121566285,0.5337254978059351,0.29205785388825667,-0.76555472453303,0
2.266527181453213,0.28447883843337485,-1.6032360836506476,0.3052077222492148,1,0,0,1,0,0,-0.44506599463230834,-0.03495864104827709,-0.38731271110714993,-0.13343177510181614,0.1051694672648296,0.0762332590127367,-1.2846917632337989,0.2677429268765742,0.2260938984485626,-0.9301065616850346,-0.32083633937893946,0.17916964257912515,0.7094538508504176,-1.2767758224240378,0.6546464306044647,0.04221347299377525,-0.4853523585778034,-0.3200923439439014,0.06934332478478145,0.17559215780023885,0.5106558116661037,0.2883248534027183,-0.2666574640626898,0.7752468688117634,0.10459508152020186,-0.17559215780023885,-0.06934332478478215,-1.0938078624002545,1.0914105080121401,1.2007237471463126,1.0413497803635572,0.76883195415352,0.8571550890128092,1.0032343553662626,1.0648000580046022,1.2559800380379649,0.27882240539001907,0.04820472807728505,-0.5969704579529088,-0.6329961396987983,-0.3130987707090945,-0.635754044465484,-0.7010026615289333,-0.7099875321636356,-0.3944048900113141,1
0.6731109153044746,0.9802085196628456,-0.4445202009343899,0.5985369837740325,0,1,0,1,0,0,-0.38197130961164594,-0.12450534111533736,-0.4128990739419065,-0.1143363365369336,-0.029844221180709164,-0.0073917749714784145,-1.0330301741248973,-1.1428836275162348,0.06730926307090099,-0.7953059518914932,0.10291837769965252,-0.477053011479009,-0.6612981661578676,-0.8060766182409478,-0.19868094624082774,-0.31792940384473817,-0.37919468898037845,0.019068265316852413,-1.0299055238845727,0.37080434932556694,0.6310313446280427,1.369609435428102,-0.41150240736072174,0.6984040695673817,-0.11518248179119203,-0.37080434932556694,1.029905523884572,-0.9823978079100336,-0.6347222057676005,-1.4830710250832082,-1.3877043126327533,-1.4329761962204342,-0.5920746260821743,-1.4435419379712537,-1.2606630497196296,-1.1624527388592034,0.6674062963570164,1.413983630027056,0.2788583174334372,0.015317428625603584,0.2961333508329291,-0.0647368131630805,0.03983423407198747,0.23638866577426285,0.34789477903211874,1
-1.280109023845593,0.9544407536913834,1.7280720791585935,-1.161438585374874,1,0,0,1,0,0,-0.19268725454965888,-0.28266574642858666,-0.5408308881156891,0.0835618449536671,-0.48061854928977066,-0.2819680897645698,0.7506958279206257,-0.3979914466335058,0.4713113866812784,0.6355280930623696,0.24677771728950013,-0.1068835859169844,-0.30763675695482545,0.03995103950441557,0.3010117878716733,0.09069417160076917,0.18806165905269548,-0.14086897199973442,0.5274811195133241,-0.6689258153831794,-1.0039422147421821,0.8478027518105486,-0.5531595586720173,-0.6720787309775156,-0.45835425189025686,0.6689258153831794,-0.5274811195133248,0.0759977097470634,0.340918023760079,0.1817914946388332,0.2015172482105774,0.2738518273252659,-0.24551969421163483,0.6769975162545934,0.4557501964577793,-0.29429738304996345,-0.8314172830871166,1.1863538130354276,0.9174834661526473,0.45617065508619664,0.1438253204474232,1.2359135470257274,1.6861384465184783,1.4054416161681371,0.5953280020465953,0
-0.6376024649146498,3.067397563351258,1.7280720791585935,3.2385003374973924,0,1,0,1,0,0,-0.1800683175455264,-0.28789899513380446,-0.2977604411855021,-0.20576298178697722,-0.12126786436098777,-0.06239647646911723,-2.2773804116979814,-0.1936366553312273,-0.18599627132428115,-1.5324999155343195,-2.0506720405179966,-1.2477430797378546,1.8882029683216073,-0.03912700837141175,1.5304486112507638,0.18346409902252883,-0.27384296286411836,-0.8932629929013431,-0.1602775458261487,-1.5428114248521114,3.1276576543068106,1.79894220804011,0.43862686011964813,1.79877052287692,1.7938766332812761,1.5428114248521114,0.160277545826148,-0.09111737198826762,1.3165582532877582,-0.19121049065408274,-0.06981326217730856,-0.1699234587966153,-0.9386295579527137,0.9216751455883455,1.1201682272361313,-0.23228628620644656,3.4707615097617834,2.1727496866658176,0.8992370333320981,1.0137203238451828,1.7853674257134342,0.6014499566897238,-0.12479618717266176,-0.7656567202776299,1.3376276710900281,0
-1.100207187344929,0.026801178718756015,1.0038746524609323,-0.8681093238500562,1,0,0,1,0,0,-0.5460174906653681,0.21216699225367497,-0.6943490651242283,0.6708912432371751,-0.3868766239991741,-0.3553076917614215,1.2982975481781143,-0.4305871801888179,1.2836627291448712,0.8636753065499234,1.4321226751757399,0.26003996024762027,-1.4989864155582966,1.800917545915145,-0.26657102934331256,1.0134188753340636,1.6620892031327306,2.1546536925475746,0.33643704580791395,0.020989325180847843,-0.005858752493933895,0.3239494125946374,-0.7364217177300465,0.481329582886837,0.24177034414171208,-0.020989325180847843,-0.33643704580791395,1.6635909862327087,-0.25947596364157,-0.027453521501095285,0.49868875958778525,1.195538960039945,-0.2140147004052217,-1.6066603575270884,-1.8697129112664523,0.3258135853852078,-0.08200549336504998,0.19995793940503753,-0.2685346671830286,-0.5940973255993336,-0.38079122865820925,0.3476645205553221,-0.04248097655033679,-0.04195727479570725,-0.1469716669968365,1
-0.3291993166277972,1.9851513925498596,-0.4445202009343899,1.0385308760612593,1,0,0,0,1,0,-0.29363875058271866,-0.20823732039882228,-0.579210432367824,0.2803027271373052,-0.45244945737500475,-0.37677294112635373,-1.7586143749966765,-0.39405417267060866,-0.05917271049769719,-1.6232768963324922,-1.0332981857028734,0.07911881537105539,1.0643011886072062,0.3030485993431668,0.41373626891466314,-0.47048395062162146,0.09737286193906367,0.2505149432714386,0.9345219622652575,-0.8189388764091825,2.7481986876043365,0.9553236302672107,-0.39189991952761366,2.289495624932664,1.5879173315166288,0.8189388764091825,-0.9345219622652582,0.1317027369921738,0.19081952690966666,-0.5005292101652823,-0.6512357844370638,-0.5795621844475838,0.19555021907814235,0.4323198869208419,0.012804842605544792,-0.35630847989348147,1.63886602377451,0.19995793940503753,-1.5366617482111748,-1.4628375071540325,-0.6684841749419423,-0.8895394805998851,-1.277209135885205,-1.6563637301015341,-1.3222794763156045,0
0.7759119647334253,2.217061286293016,0.27967722576327125,-0.4281154315628296,0,1,0,1,0,0,-0.5333985536612357,0.19181546951116127,0.32910544826603294,-0.4713631727348887,0.8803664921825731,0.5117989440428197,0.40897996252151436,-0.2488047507694654,0.17482411390273964,0.38172626482881156,0.9649708055972547,-0.4120598801376344,-1.610448351382293,-0.3651301371144059,0.8229966857823201,0.05562758752641923,-0.7352081022131718,-0.7263421921262418,-1.4375436385994584,0.8637377478704314,-0.9335303243698553,1.1659523417128483,-0.18309005958756702,-1.2447073257952914,-1.9636410872274488,-0.8637377478704308,1.4375436385994576,-0.3696425082138195,0.7161642658861095,-0.10023439668020068,-0.05689276168264715,-0.34060626115118536,-0.2770246880180474,-0.7910682597479163,-0.2086678343205727,-0.046252995675895824,-1.0812212129944723,0.35171115073279,-1.5457849646214488,-1.385039878955104,-1.68387104417865,-1.7777885070702906,0.2044646553166367,0.7374113588002092,-1.6315710050837011,1
0.5189093411610479,1.1863506474345409,0.27967722576327125,-0.13478617003801185,0,1,0,1,0,0,1.9146752251404642,-0.6809741201034976,-0.4896581624461761,-0.0061288513359326405,-1.3391761533522317,-0.5189802181690297,0.2568528313268335,-0.1096177472930408,-0.7981439537512162,-1.256792349950403,-0.9687835260479443,-1.2063254979837492,0.878401212336824,-0.7664907730040216,-1.1195979830591498,-0.2178671134205287,-1.5870534223551962,-0.9476171029024799,-1.0117882743416888,-0.6418048099999468,-1.1230286635514628,-0.9711348832572525,0.8721540847953294,0.12415037671453967,0.33430236868931085,0.6418048099999468,1.0117882743416882,-0.94526112307996,-1.3101654415944555,-1.4345504416304713,-1.3058744761665655,-1.7402052404586603,-0.6655862782971376,-0.22015379130249568,0.2896456887631914,-0.8937379858706291,-1.1089772052064004,-1.0140677512169813,-0.5057382938501646,-0.010615114107371936,0.04228663352375219,-0.8895394805998851,-0.28942660841731066,-0.5986491559356475,-0.5799798072721716,0
0.46750881644657266,0.6194597960623787,-0.15484123025532542,-1.8947617391869185,1,0,0,1,0,0,-0.15483044353726144,-0.29952843670095514,-0.2721740783507456,-0.24337520926326098,-0.11684988027798053,-0.04227280518949327,0.13664439774048578,0.14458509838987502,-0.13994282665229446,0.693271917923822,0.8474758874694931,-0.607695354105401,-0.8411089362602894,-0.7567572722926782,-0.2060242967172353,-0.07883334394306536,-0.14619492139651472,-0.015302936876461348,-1.3328496965688592,0.4930801176436292,-0.9461503112274892,-0.40483820276957516,0.11208662414205829,-1.081530016447473,-1.1167004990445197,-0.4930801176436292,1.3328496965688585,-0.7874302125521474,-0.3345252120667762,-0.46413877257572894,-0.43158727602782254,-0.4600842227993849,-0.18250970659880966,-0.9541866793037505,-0.4855086804782194,0.07776919801113909,-0.8314172830871166,-0.2553016945782196,0.4521994292286506,0.4432043837197094,-0.0423289389126401,-0.09645999267988113,0.4514102871836102,0.793080546914203,0.34789477903211874,0
0.5960101282327613,-0.7719995663965628,1.7280720791585935,0.3052077222492148,1,0,0,1,0,0,-0.4576849316364408,-0.02042183908933873,2.260875842290151,-0.6912500410577783,1.3684297526800375,0.518506834469361,0.48649365953072354,-0.21411690045961543,0.48083986554351793,1.0161345252583986,0.3244433928752846,0.1270332726944336,-0.2303064138522849,1.0485906811007668,-0.16801668176855078,0.737309192489357,0.2936740608375577,-0.0646416497376151,-0.3224700655433951,0.4930801176436292,0.3712581772425463,0.12556674208093865,0.08360042819551111,-1.081530016447473,-0.4849022901586327,-0.4930801176436292,0.32247006554339436,0.6609004958207222,-0.40957446049198204,-0.8189455390738695,-0.354064273059855,-0.22112829950298704,-1.442709458855317,-0.46483142063624716,-0.3747723420151606,-0.6663639641110671,0.08453045990652028,-0.17942508891434333,-0.8524205174405927,-0.6848612251647502,-1.0238695791747903,-0.3819686083310823,-0.20711139779498602,0.013711913318286572,-0.45626319576493324,1
-1.460010860346257,-0.978141694168258,0.27967722576327125,0.3052077222492148,1,0,0,1,0,0,-0.07911682151246661,-0.355931228301636,1.442112231577942,-0.6322277764026869,0.7118913981583822,0.21486299449459065,0.03941915741072563,0.22356304440456498,-0.9970529974689998,0.9094702480212241,0.4541196434979307,-0.16973053563786394,-0.24880414275637755,0.3834178194413953,0.6096654091342492,-1.7495002232141283,1.11592059262017,0.4065700582846741,-0.70065935430716475,0.4634132099205562,0.3282932695631805,0.30390212872461486,-0.39507415415860747,-0.12210787352279916,-0.19344124802089835,-0.46341320992055685,0.7006593543071641,0.02029268250195297,0.11577027848446049,-1.110069039790291,-1.710716824999284,-1.2964299543367779,0.29006520049738066,-1.1173050988595852,-0.983822203561983,-0.9764194483286528,0.11228645211844858,0.04820472807728505,-0.6334633235940058,-0.723760039264214,-0.7192535184037778,-0.2233527107470814,-0.6186874509066087,-0.48731077970765985,-0.5181215015185524,1
-0.27779879191332196,-0.8493028643109486,-0.15484123025532542,-1.161438585374874,1,0,0,1,0,0,-0.016022136491804253,-0.3873307205329428,2.209703116620638,-0.6895140920973345,0.8485756489797861,0.2349866657742146,-0.08550222237485734,1.0169215315077778,1.0877939504228,0.3390448363806809,0.44615414205744786,0.9708172095050195,-0.4590279414812605,-0.9620372742494654,0.015155351082730237,0.5377634905967746,-0.5496304447703214,-0.36005682929862504,0.5061221547512287,0.8221130942085976,-0.8423633875235226,-1.3805744179912156,-0.9466503252045899,-1.0030318411172725,-0.9315476499389537,-0.8221130942085976,-0.5061221547512293,-0.9545452942874786,-0.10937746679115769,-0.3640650692044592,-0.04397226118798574,-0.2552648599739003,-0.655084613695,0.18764225758709038,-0.04256332662598434,-0.790386157798101,-0.8175392869811524,-1.317574173872486,-0.1681792866700104,-0.62002986833231,-0.939254006738398,0.4904188283809227,0.2044646553166367,0.7095767647432119,-0.45626319576493324,1
1.7011214095939837,2.268596818235939,-0.8790386569529866,-1.6014324776621007,1,0,0,1,0,0,0.03445361152472564,-0.4041934108053113,-0.46407179961141953,-0.03216808574259063,-0.5380002348685955,-0.28599282402049453,0.655937156167988,-0.7139918023088119,-0.5644246501505332,1.2286807832242168,0.9263712428328078,-0.17080932094449866,-1.0179339300483066,-0.3672580948738249,-0.2801432447699047,-0.6846298530838885,1.1057335002299153,0.8506453418806109,0.03622492998512883,-0.26889098598050765,-1.2790565440601724,0.6993348030608079,0.08360042819551111,-0.5634420592681485,-0.37383837394319497,0.26889098598050765,-0.036224929985129536,-0.45320004908148526,-0.40957446049198204,-0.5005292101652823,-0.7545997883943533,-0.32353798091572933,0.25856020669096863,-0.8726274695258333,-0.983822203561983,-0.4803306735805153,-1.053465220782544,1.33810702436318,1.6564639953848757,1.454573550305776,1.0915197317350172,1.1407440084753266,1.439192814651505,1.4054416161681371,1.5232025883508855,0
0.8787130141623758,-0.12780541711001567,0.5693561964423357,0.3052077222492148,0,1,0,1,0,0,-0.5081606796529707,0.04005125705984483,-0.6431763394547153,0.5233355815994465,-0.2909908775408106,-0.37364259226063445,0.2523124303729461,0.4435850012526946,-0.6143234761554492,-0.4673890223173051,-0.9821880953579609,0.13837397265262943,0.8890983155052925,-0.4472627083093463,-0.21850989003371127,0.4147354485101953,-0.40763958867803135,-0.8723008458272613,-0.7279513648365089,0.9106988955914741,-0.7977462046061009,-0.827732746248384,1.2565699006813422,0.22720397752555857,0.4252606312080329,-0.9106988955914734,0.7279513648365081,-0.5089050763265954,-0.3345252120667762,-0.4277483349861756,-0.1602567656399366,-0.3064697006802721,-1.1591645145976028,-0.22015379130249568,0.12354118106860354,-0.4803306735805153,-0.6093693453916895,-0.5588081172337243,0.9630995482040194,1.5453374498711925,1.5653669373788135,-0.3502454288142823,-0.6186874509066087,-0.26463402725168356,1.3376276710900281,0
1.495519310736081,3.067397563351258,0.27967722576327125,3.2385003374973924,1,0,0,1,0,0,-0.6848257977108253,0.7936390706112092,-0.2977604411855021,-0.20576298178697722,0.843988333151166,0.7693819364220064,-2.3074955061581033,-1.8148568226840234,-0.1533518172748739,-0.7825639677281291,-1.2159744275403028,-0.9537521108215684,0.5994562135470815,0.4378628274183987,-0.8263389430418787,0.3227635093284421,0.9896677426899684,0.5551338130380802,0.1590389773671773,-1.4585370472760366,3.646136049957671,1.6631397317231664,0.5339832712119499,2.03853102620247,2.1228064297254776,1.4585370472760366,-0.15903897736717798,0.38237535959517033,-0.7848207026180125,-0.06384395909064733,0.11107374474794844,0.512807750621665,-0.5605696322757617,-0.6279498401920818,-0.762349526635866,-0.046252995675895824,3.9981253617884236,2.020996475338066,0.8809906005115491,1.0526191379446466,1.93767545609894,0.6331731362065233,-0.4540570296619595,-1.0440026608476,1.646919199858125,0
1.9838242955235992,0.7740663918911503,1.0038746524609323,0.3052077222492148,0,1,0,0,1,0,-0.5586364276695006,0.2790362812647914,-0.5536240695330674,0.19350527911511192,0.045977625542600604,0.06505344163516784,1.9883118668536026,0.5993540205467268,-0.3982349903976819,2.2462615772294674,1.4831705906649688,1.8826767234954933,-0.5408887584533357,2.610918254880774,1.3304729776813495,-0.4883041655928095,2.3918135695788174,1.4584761305402618,0.8847583482611019,1.6902539477607814,-0.1559972949718803,0.5102064192360043,0.05370197827821616,-0.6628730813530694,-0.5042763354476658,-1.690253947760782,-0.8847583482611027,1.8307060679680403,0.7161642658861095,-1.0463857740085747,-1.1034533017502068,-0.2552648599739003,-0.6235796198885869,-1.0357458890816678,-1.4267675574142176,-0.8523972546416179,-0.1375174777889068,0.5034643620605421,0.07814755640739948,0.09311505682453199,-0.1777138548108673,-0.0012904541294803558,-0.9479482933959068,-0.26463402725168356,0.34789477903211874,0
1.1871161624492292,1.1863506474345409,-0.15484123025532542,-0.13478617003801185,0,1,0,1,0,0,-0.81101516775215,3.5759829655520106,-0.4896581624461761,-0.0061288513359326405,1.7490309951810465,2.754917502678237,0.10122826589367402,0.11081299364380597,0.6122713589703721,0.1794503915186264,0.6602427165612098,-0.14705082584069182,-0.3802384759085077,-1.0471560688142076,-0.9046628312990083,1.4589481435138811,0.39258178088578854,1.1861549052197498,0.3041828515459608,-0.5022446364654003,-1.1870663735899236,-1.0583656762764722,0.629106724884425,0.14685147198328521,0.2997015310741218,0.5022446364654003,-0.30418285154596153,-1.2052179168904753,-1.2351161931692491,-1.8378777915813482,-0.9871687972982559,-0.801449827508525,-1.6947494093066184,-1.1988643086375024,-1.4267675574142176,-1.534519319920306,-1.1644891896302574,-1.0899443568808573,-0.5057382938501646,-0.127311556405765,-0.0592520533999176,-0.7309235830158842,-0.28942660841731066,-0.5429799678216537,-0.45626319576493324,1
0.6217103905899984,-1.3646581837401863,-1.8929150543297122,1.7718540298733036,1,0,0,1,0,0,-0.25578193957032125,-0.24719594964877709,-0.4512786181940413,-0.046634327079622846,-0.25019237317776755,-0.15407097896518193,-1.3994590010774495,-0.6505360796329234,0.4918366452588464,-1.4384867534111792,-0.5261337880885399,-0.5903433226157125,-0.13389910074493952,-1.0992151965179562,-0.34452804598058917,-0.030548278660129862,-1.2887168452093671,-1.1361860306251041,-0.47959406901947754,-0.3295023237687902,0.8476589349043518,0.5477405518084258,-0.7030552446826598,0.6654332368470323,-0.42526482581337244,0.3295023237687902,0.4795940690194761,-1.0102503215325889,-0.25947596364157,0.22727954162577424,0.17567624722125458,-0.3576745413866426,0.038025250046078915,0.2692014673650073,0.5664865349208381,0.07776919801113909,1.1115021717478706,0.8828473903799233,0.9448531153834703,0.39133929825375646,0.65151875506577694,0.37938770007212164,1.1099319721622063,1.0157572993701793,0.5334696962929761,1
-0.07219669305541997,0.5936920300909173,0.27967722576327125,1.7718540298733036,1,0,0,1,0,0,-0.6974447347149578,0.9680806941184694,-0.4768649810287978,-0.01770184440555841,0.6491508839205281,0.7582021190444375,-0.5962200740531265,0.7412058014977266,-0.12743427740459795,0.6270671895080244,0.458359998509098,0.2540233379081396,-0.5963591272434495,0.15947259879386064,1.0266410181510475,0.531359228123074,1.094282957366625,0.5986636126471426,0.5364130502320184,-0.18555039652161812,0.9884016682832183,0.011138210939344483,0.7081717064607311,0.2379449306759001,-0.011411949352556617,0.18555039652161812,-0.5364130502320191,0.04814519612450831,0.7912135143113154,-0.3458698504096825,-0.031051760693324323,0.4103980692089227,-0.9701345517591269,-0.5463906304141645,-0.8177176958673952,-0.4803306735805153,0.5286263352973745,-0.3311783002420958,-1.0257616292358074,-0.5551985114998699,-0.4315605721200442,-1.4605567119022886,-0.20711139779498602,-0.32030321536567735,-0.9511296417938885,1
1.495519310736081,-1.8027102052550381,2.8867879618748513,0.3052077222492148,1,0,0,1,0,0,-0.596493238681898,0.4098674988952366,0.25234635976176334,-0.4505317852095623,0.990248403925388,0.6633972676826535,2.364479114260208,-0.5671083318129115,1.2939707274440204,1.6771386687167522,2.0093183789142297,2.5761742838522013,-1.073459230873268,3.5552567312384795,-1.0750957202120763,1.4558631466586478,1.9915959430778927,2.556925833550423,2.532337460560824,1.002053003267564,0.26450486935889184,-0.29863330860382725,-0.30589927320662785,-0.2908736962541241,-0.11587188966469604,-1.002053003267564,-2.532337460560824,3.5575619125664613,-0.9349191994684248,0.34554846379182197,1.0801112818475405,1.9636115706355104,-0.30852968182446,-1.0357458890816678,-1.814344742034923,0.5118468759157585,0.3343343898138759,-0.17942508891434333,0.3518440487156324,0.13201387092399572,0.008440404549195996,0.6331731362065233,-0.7010026615289333,-0.32030321536567735,0.47161139053935697,1
-0.6633027272718879,0.6709953280053031,-0.15484123025532542,-0.4281154315628296,1,0,0,0,1,0,-0.7353015457273552,1.5262938893417024,-0.4001058925245282,-0.12128013237870908,0.9787998169698778,1.2675545987664751,0.5317629118710175,0.2093069265203159,-0.11201380586547287,0.41139998970488556,-0.12162499103958133,0.889374644761334,0.7928467028770075,-0.05360628596026586,0.5971287177703922,-0.437879300263553,0.375990321937551,0.06027488974985427,0.13286549185952784,1.0812265632535092,-0.7929920428090814,0.3109101157223849,-0.2868998427433256,-0.18294927770826566,0.21696514333811098,-1.0812265632535092,-0.13286549185952856,-0.23037994010104354,0.26586877533487285,-0.7097742263052108,-0.806281790372998,-0.6307670251539549,-0.34003467563087314,-0.38327221085833024,-0.4855086804782194,-0.790386157798101,-0.9979532363586869,-0.3311783002420958,-1.682633210775566,-1.5406351353529608,-1.4977167848185873,-0.7309235830158842,-1.7711003996191523,-1.6563637301015341,-1.4459960878228426,1
3.063235314527583,-1.1069805240255675,3.176466932553916,1.0385308760612593,1,0,0,1,0,0,-0.2810198135785862,-0.20940026455553734,-0.5664172509504457,0.21375801698695704,-0.4383213521742861,-0.3262401665797425,1.3580003759461232,0.7156706995927562,-0.18885660778455285,0.257861459681172,0.23723757456050654,0.37896678294511404,0.012659296764665182,3.8598993251977896,1.7237992531772115,0.5765043308180697,2.3312613422821955,2.6082986744447125,2.0459093416913814,-1.5122424827725962,1.9684333457836143,0.7445837552122474,0.8375045641817418,1.9632846445158045,2.2380755255834988,1.5122424827725962,-2.0459093416913823,4.14246469864012,1.9920014891146134,0.7367456678795146,0.9509062769009282,1.9806798508709664,0.6996301199807459,-0.709509049969999,-1.4267675574142176,1.5040244254120325,1.7776459848341521,0.6552175733882943,-0.08607033897753999,0.35244048415429274,1.1592121896841308,-0.1916295312302808,-1.277209135885205,-1.823371294443516,0.038603250264021984,0
0.7759119647334253,1.1863506474345409,0.27967722576327125,-0.13478617003801185,0,1,0,0,1,0,-0.5333985536612357,0.19181546951116127,-0.8350740607153893,3.5612462623762116,-1.6470572623246933,-2.6046869481282773,0.4806026885832691,0.9419143396683948,-0.8193664647472506,-0.7979558750356526,-1.2462385874105337,-1.4244008553075882,0.25883477940192473,-0.08586172263177093,0.39796627996728584,0.157415296603845,-0.4362288562499697,-0.25662939330176193,-1.4375436385994584,-0.5169746011139472,-0.7540817592174985,-0.894133108311948,1.278288598262079,0.6454298408169414,1.3696225456702482,0.5169746011139472,1.4375436385994576,-0.007559831120602114,0.491016520610491,0.33645085439443295,0.369483754641173,0.17144214591252482,0.16404522527173035,-0.8726274695258333,-0.319404172783631,0.6358690696027934,-0.9979532363586869,-1.2416975682086098,-1.8650975389810545,-1.0868156375258795,-0.8038690908401701,-1.5874494299694895,-1.1948939252628807,-1.4893561657595522,-1.5078543935764617,0
1.495519310736081,-0.07626988516709207,2.8867879618748513,0.3052077222492148,1,0,0,1,0,0,-0.596493238681898,0.4098674988952366,-0.7199354279589849,0.9660025665126323,-0.3710772138195086,-0.4313304499288898,2.7074992073820043,-1.5276998669084636,0.8866335078418669,0.9643549897188357,1.8473793508018204,1.1646291071455008,-1.313648156034555,4.001498369879301,-0.8581203175624706,1.6207211762203286,2.1788822557573426,2.9150635651619794,2.3942546397204665,-0.7861774033115495,0.23340646726320227,1.2371699147671888,0.4166107727288774,0.8577609708084697,0.4443085670669027,0.7861774033115495,-2.394254639720467,3.529709398943906,-0.8598699510432187,-0.2730889752305771,0.5762117625557528,1.5027680042781708,-0.6865896075014126,-1.5251011477491712,-2.2019219266556282,0.07776919801113909,0.1400424443303771,1.0346006017076752,-0.24116501795220557,0.002351157259115363,0.34690269429476517,-0.7626467625326843,-0.28942660841731066,-0.6543183440496418,-0.3944048900113141,0
2.266527181453213,-1.1069805240255675,-1.6032360836506476,1.0385308760612593,1,0,0,1,0,0,-0.44506599463230834,-0.03495864104827709,-0.5664172509504457,0.21375801698695704,-0.20779109239419508,-0.19208235804891607,-2.219373719883418,0.5028223147208284,-1.026090902886262,-1.9359872084584238,-2.063899980450093,-1.1054842815242387,1.9612996589232414,-1.2526223856446825,1.5574709662271586,-0.5017232389959974,-0.6063421084641101,-0.517854129032313,0.004530982273632039,-1.5122424827725962,1.834487654507653,0.8701008167041271,0.8985171693079824,2.014155363697739,2.1775872912057306,1.5122424827725962,-0.004530982273632748,-1.0938078624002545,1.9169522406894068,0.9186978558272787,0.48576825909312477,0.20557870638343811,1.0776900456576979,1.166352774922097,1.2862727349307197,0.8839134569768611,1.611110031562582,0.7310941790521709,-0.17730250308028428,0.30057539868834077,1.1253659607095745,-0.4136917878478824,-1.277209135885205,-1.823371294443516,-0.023255055489598248,0
-0.07219669305541997,-1.1069805240255675,0.27967722576327125,1.0385308760612593,1,0,0,1,0,0,-0.6974447347149578,0.9680806941184694,-0.5664172509504457,0.21375801698695704,0.4742445592557529,0.5793250410033356,-1.1049863611821,0.2740639248582607,-0.27279105416524774,-0.7324759509719225,-0.9742920640789231,-0.9356779402974875,0.5190575385110706,0.33045494477938603,1.1354869070242213,0.3234110611737476,1.291546065428106,0.9905819931214004,0.328888191831712,-1.6023404173227471,1.866697120765883,0.7613445189679479,0.6979114364340823,2.270202724278725,2.233737915338905,1.6023404173227471,-0.3288881918317127,0.18740776423728422,0.8662627627365218,-0.3913578973966235,-0.173177266134598,0.3421249482670949,-0.5920746260821743,-1.0357458890816678,-1.2606630497196296,-0.4803306735805153,1.6666220159864384,0.6552175733882943,-0.12256320461863823,0.2487103132223888,1.1761353041714093,-0.3185222492974822,-1.1948939252628807,-1.7677021063295222,0.038603250264021984,1
2.343627968524927,-0.02473435322416849,-0.15484123025532542,0.3052077222492148,1,0,0,1,0,0,0.5139732176817596,-0.5117657453014551,-0.041896812837936774,-0.38109382679180764,-0.34961872448835946,-0.09906627746754311,-0.545596072744217,0.280451766232431,-0.4366317431473446,-0.24447434119619885,-0.8640129314016176,-1.2099158765878217,0.2158873300974144,0.36746116343164864,0.4386847458111859,0.011825556665588592,0.11144872648513653,-0.3463629310359553,-0.09305301462755473,-1.5578921029446737,1.1258274852699246,0.05453589760072626,0.6087737641289822,0.4407797122014088,0.7851031386068689,1.5578921029446737,0.09305301462755473,0.5216379277079463,0.641115017460903,0.6275743551108558,0.5374502610717695,0.5640125913280355,-0.024984737566746233,0.2692014673650073,0.34501385799472056,0.6978801664463103,0.8616982418405155,-0.1035484832504671,-0.4509989953885172,-0.08841274230630035,0.09305597698558829,-0.44541496736468245,0.12214944469431245,-0.5429799678216537,-0.5799798072721716,1
-1.7170134839186342,1.7790092647781635,0.27967722576327125,-1.161438585374874,1,0,0,1,0,0,-0.15483044353726144,-0.3006913808576702,-0.029103631420558513,-0.38167247644528896,0.1107467304689115,0.06371186354985958,0.2884822269995991,1.0063394042662677,-0.6647334149152933,0.3358302261061014,-0.2732576826861721,0.9617526184097551,1.0611963474211046,-0.23523171820652897,0.19611852940433533,-0.6253819025633198,-0.1745274837163253,-0.3301949343484203,0.3758588387947461,0.9389436438584764,-0.6361823202601514,-1.184765176790223,0.280264346415055,-0.6267434348191202,0.032877284388644276,-0.9389436438584764,-0.37585883879474674,-0.3139374809687093,0.04072103005925432,-0.3913578973966235,-0.6383152839424023,-0.6649035856248688,0.06953024385249205,0.758556726032511,0.6218547041523672,-0.4803306735805153,-0.44283339212011924,-0.9381911455531051,0.9448531153834703,0.9618552383792308,0.6176725260912207,0.9504049313745251,-0.4540570296619595,-0.04195727479570725,1.0283361423219313,1
0.44180855408933456,-1.0039094601397194,-1.8929150543297122,0.3052077222492148,1,0,0,1,0,0,0.1858808555743153,-0.4414076238201935,-0.2849672597681238,-0.22775166861926618,-0.3982265113282227,-0.16346202556233977,-0.8409136670574762,0.054424071734688384,1.0306323748380266,-1.1193112381277324,-1.021510504168129,-0.822186516101827,0.6014723462402631,-1.2859538916439957,0.03924259491984867,1.0325304186629278,-1.331953251666516,-1.2816996850917992,-0.9197330604481181,-0.20918429502488586,-0.1155990524464083,-0.03538637632380323,-0.3713154888902474,0.19137522665977913,0.07668340499074869,0.20918429502488586,0.9197330604481174,-1.2887754577581405,-0.25947596364157,-0.8826288048555859,-0.2765412700918884,-0.767313267037611,-1.6002344278873806,-0.22015379130249568,0.2342775195316623,-0.9144083514851348,-0.22078545442469194,-0.17942508891434333,-0.44187577897824326,-0.5551985114998699,-0.44848368660732285,-0.0647368131630805,-0.04248097655033679,-0.15329565102369538,-0.2706882785040748,0
2.0609250825953116,-0.4885541407104817,-0.4445202009343899,-0.4281154315628296,1,0,0,0,1,0,0.3751649106363024,-0.49083275048058395,2.9900871830807123,-0.7155533265039925,0.7409541928755093,0.17551003732554823,-1.3204333910859065,-0.5050610801249765,-0.589725461356929,-0.3367891208953498,-0.5546843120923446,0.40741036694392363,0.9805324352734642,-0.7877267854849537,0.06241595958699678,-0.16299470936161756,-1.3612699980734517,-1.7916003934364275,-0.4735692289592257,1.0253393444399002,1.0490074506626508,0.7557391209198459,0.642380497836245,-0.8948316534999685,-1.0280323055494947,-1.0253393444399008,0.47356922895922504,-0.6481676444393714,0.26586877533487285,0.6366719645082435,0.44700675760914055,-0.15285517856115927,-0.18250970659880966,1.4925896140337656,2.0060589349406004,-0.046252995675895824,1.194770148383656,0.9587239960437993,0.6072941082033162,0.8710913388138142,0.4145951522438788,-0.5405845059150832,0.2044646553166367,0.848749735028197,0.16231986177126023,1
0.2105061928741954,0.1298722426046032,1.0038746524609323,1.0385308760612593,1,0,0,1,0,0,-0.1295925695289965,-0.3035987412494579,0.20117363409225028,-0.44069474110038037,0.24772478944402587,0.10708955497482678,0.281413251145052,-0.5462628746164823,-1.8889076141942778,0.8036724043456667,0.3805675941273365,-0.10534735053433054,-0.5774239998379991,0.5050774176975705,1.5249340890532794,-1.4385130126983174,1.21349029973569,0.1553454479838312,0.1590389773671773,-0.3014141428425148,0.11335542854245122,2.2774084331857827,1.1366331392875082,0.11756663916253465,-0.34309191661252086,0.30141414284251544,-0.15903897736717798,0.27096530510494976,1.0914105080121401,-0.6187981323313287,-1.2068173057074962,-0.7502449868021539,0.16404522527173035,-0.22015379130249568,-0.319404172783631,-0.728375060954584,0.08453045990652028,2.096873081001942,-0.040454256926167845,0.5469345546516133,0.5669031826293847,-1.4922798914190887,0.7806711296729086,0.6817421706862145,-0.20882997275045564,1
1.8039224590229344,0.38754990231922204,-1.168717627632051,-0.4281154315628296,1,0,0,0,1,0,0.021834674520593164,-0.3966342737866634,-0.13144908275958464,-0.33017265728545425,-0.12745721835548154,-0.0498750810062401,0.33284790534699554,0.19540222291918996,-0.2315861738207078,0.1028343041370147,0.07682637510309884,-0.22823516249634118,-0.27769399852395205,-0.432117081376665,0.7909738469880363,-0.09695091527647873,-0.9203855650718497,-1.1587356637231105,-0.6222674091696871,0.3058716999428703,-0.8945994110326911,0.5241845528669532,0.2191597378534209,-1.0515610818311698,-1.2311578963085241,-0.3058716999428703,0.6222674091696865,-0.3139374809687093,0.9413120111617277,0.5002078235474204,0.369483754641173,-0.03337721691295973,-0.024984737566746233,0.8401159358104279,1.3416409041622488,0.44983577907224165,-0.9146852597229018,0.27583454506891375,-0.5331079430809875,-0.3477381696360611,-0.7192535184037778,-0.9529858396334858,0.6983559190505837,0.9600881112561845,-0.7036964187794109,0
1.8039224590229344,-1.7254069073406524,-0.15484123025532542,1.0385308760612593,1,0,0,1,0,0,0.17326191857018283,-0.4390817355067634,0.6233486208657331,-0.5303854373899801,0.23329182537307536,0.07220852475681191,-0.3367746011493943,0.863485539225031,-0.30697729798010726,0.36681943561029134,-0.3765602576772467,0.8168667873390633,0.6282436867332238,-0.29214436202269106,0.43552788299493,-1.7399776168041916,0.6710881906905782,-0.0658839192086425,-0.04053384962865217,1.1543098493943817,0.17638607659994443,-0.7488587290298442,-1.3288614519473771,0.16989016997601605,0.42522395353949904,-1.1543098493943817,0.04053384962865146,-0.3139374809687093,0.340918023760079,-0.1548200530645294,-1.0130097982875779,-0.7331767065666972,0.9516700704320475,-0.30171300108041293,-0.319404172783631,-0.35630847989348147,0.05677446769459199,-0.7864379342253526,-0.3597668312857729,-0.9571529238609991,-0.8377153198147269,1.1724671879921262,-1.277209135885205,-0.9883334727336057,-0.023255055489598248,0
-1.3572098109173063,-1.7254069073406524,0.27967722576327125,0.3052077222492148,1,0,0,1,0,0,-0.21792512855792381,-0.2617327516077154,-0.16982862701171944,-0.29661097738353953,0.05266069977133365,0.0279364479416392,-0.40136779471543815,0.31356809830572685,0.5086852908293051,-0.7019822634093118,-0.9193409022224017,-2.074480106690332,-0.5653434839863809,-0.5789974378855188,0.9120008133158151,-0.3698657517696699,-0.4675818810203035,-1.0402953578394092,-1.9697378439216704,-0.8757814322965277,-0.02041572888924188,0.4832403385359218,-1.067069244433174,0.48468656054650855,0.17954225862863724,0.8757814322965277,1.9697378439216704,-0.5089050763265954,0.9413120111617277,0.22727954162577424,-0.0052107597040024186,-0.18699173903207253,-0.18250970659880966,-0.7910682597479163,0.12354118106860354,0.38782468222872474,-0.1375174777889068,0.27583454506891375,-0.44187577897824326,-0.892321567028559,-0.6684841749419423,0.4428340591057229,0.8629863402952329,0.45906541823023866,-0.3944048900113141,1
1.572620097807795,-0.3339475448817109,-0.4445202009343899,-2.041426369949327,1,0,0,1,0,0,-0.34411449859924853,-0.17160457946229762,-0.0035172685858019803,-0.39093087090098955,0.34491418251967687,0.17014372498431518,0.324123063387433,-0.21876102114786888,-0.7689034994264102,0.9216048096552876,0.9826406969397791,-0.4630595398537665,-1.6230833398302067,-0.5750563942595158,-0.5247971010785102,-0.20902045607488823,0.27261552060275257,0.8411958733344761,-0.4157307643808121,-0.21924127311138097,-1.0252905831317123,-0.22547384840039858,0.841071441636288,-0.9747077572352417,-0.45621698697854945,0.21924127311138167,0.41573076438081064,-0.5924626171942612,-0.5596729573423944,-0.2639913658331881,-0.3282232720705331,-0.20406001926752979,0.5736101447550955,-1.1173050988595852,-1.0945585420250417,0.20179139169817292,-0.859173275299045,0.04820472807728505,0.8718673841012752,1.2211806657089916,0.6853649840403343,0.12560226393772106,1.3568776040291806,1.3497724280541432,0.5953280020465953,0
1.495519310736081,1.8563125626925503,0.27967722576327125,0.3052077222492148,0,1,0,0,1,0,-0.10435469552073157,-0.339650010107625,-0.3233468040202586,-0.1855102439151321,-0.2237743275282669,-0.1178483706618588,0.8443455986533608,-0.9166625123925184,-1.6084507974686846,1.0412917712559895,1.0433933690914872,-0.2575124917037434,-1.6251582427882454,0.11086182607126789,-0.10958882649029542,0.22740224936701858,0.79566237749981406,1.5154462431575015,-0.27639264516917894,-0.07709346503402185,-1.063311278212949,1.1483643852097436,2.4273234535849,-0.6177528109630359,0.12307581774966218,0.07709346503402185,0.27639264516917894,0.4102278732177254,0.26586877533487285,1.1916261377489248,1.1447137843208466,1.4686314438072563,1.5817699465603012,-1.3619827281933365,-1.4267675574142176,1.6900577159425842,-1.0257092285706153,0.9587239960437993,-0.23204180154193166,1.0137203238451828,0.6684418695530556,-1.6508957890030895,0.2044646553166367,0.18071947766026855,-0.20882997275045564,1
0.46750881644657266,-0.2566442469673251,-0.15484123025532542,0.3052077222492148,1,0,0,1,0,0,-0.20530619155379135,-0.2646401119995031,0.7001077093700027,-0.5454303283804937,0.5758819573985837,0.21799334336030993,-0.8904718671620254,-0.6169074555991909,-0.14463389995464637,-0.7582251840373756,-0.8504034390058653,-0.6567301216496549,0.47378496173993623,-0.708291325264926,-0.2636880237446439,-0.2754394957015059,-0.42080229444927447,-0.4365088408660729,-1.344988124630379,0.43824128821613356,0.5305064611148832,0.5825679695982378,-0.07907074339397925,0.6070529550999538,0.6794001964829289,-0.43824128821613356,1.3449881246303783,-0.6760201580619267,-0.25947596364157,-0.03655113089848297,-0.173177266134598,-0.32353798091572933,0.1010352376589052,-0.6279498401920818,-0.04256332662598434,0.38782468222872474,0.7506742729928018,0.8828473903799233,0.853620951280726,0.6765972683164937,0.9053654723749538,0.9186817518577256,-0.37174181903963527,-0.2089648391376897,1.646919199858125,0
-0.9974061379159777,-1.2873548858258006,0.27967722576327125,1.7718540298733036,1,0,0,1,0,0,-0.2684008765744537,-0.23149620353312367,-0.1826218084290977,-0.2960323277300582,0.09641353559449277,0.05074327539187969,-0.10721693038235218,-0.14127978186060983,0.2896519018653156,0.10987801042451618,0.21465235414931003,-0.44063911344206474,-0.7967588527484035,0.039764913949236216,0.10022444639040982,-0.17109783378296753,0.16624211002910638,-0.013819060725434163,0.3210111268130686,-0.9193541232206256,0.18882038512851906,0.29431358460751483,-0.5679006755857333,0.016404727243813103,-0.29255019633672247,0.9193541232206256,-0.32101112681306926,-0.06326485836571254,-0.03432821836595151,-0.3640650692044592,-0.39282577454383927,-0.3064697006802721,-0.24551969421163483,0.10608304780917345,-0.04256332662598434,-0.23228628620644656,0.11228645211844858,0.19995793940503753,-0.19554893590083341,-0.4514683405679659,-0.4146374576327655,0.062155904904119784,1.1099319721622063,0.6817421706862145,-0.7036964187794109,1
1.2899172118781799,2.0624546904642447,1.0038746524609323,-0.4281154315628296,1,0,0,1,0,0,-0.24316300256618875,-0.2559180308241401,0.36748499251816774,-0.4858294140719209,0.45884195770831127,0.17864038619126751,0.8452043735510304,-9.896622377739044e-4,0.4561237568205748,0.9362043178849118,1.0467274066053298,0.16067821626307216,-1.5406015188995008,0.2786079250773758,0.2666639806880428,0.5068800172587051,-0.07860596951318727,-0.42951346379139,0.1590389773671773,0.06141300159968067,-0.8968954999781493,0.26849646441431746,-0.11417092178754414,-1.3426959683967215,-1.7801331924515216,-0.06141300159968067,-0.15903897736717798,0.27096530510494976,0.26586877533487285,0.06352257247278678,0.31780175266252825,0.2738518273252659,-0.7811045889206503,0.18764225758709038,0.12354118106860354,-0.17027518936292965,-0.7481493064513315,0.5034643620605421,0.7076494887163344,0.533968283285125,-0.07617516788719629,-0.2233527107470814,1.933084078385452,2.1848102497640536,-0.08511336124321738,0
1.3156174742354179,0.20717554051898904,-0.8790386569529866,1.0385308760612593,1,0,0,1,0,0,-0.44506599463230834,-0.014607118305763387,-0.1442422641769629,-0.299504225650946,0.3779817566587068,0.2202293068358237,-0.2651290517906095,-1.075081663774888,1.242045282154364,-0.9164096535647643,-0.10197553646592694,-1.5152661693066305,-0.5830753945189727,0.0804856503760178,0.4370735834936222,0.28746159156452356,-0.15570724115427514,-0.2318243089666277,-1.5495845239304507,-0.529783266025729,0.4490887139937882,1.9134340439058732,-1.4090463326361315,1.083613685197463,-0.09375812500938899,0.529783266025729,1.54958452393045,-0.23037994010104354,-0.03432821836595151,-1.1464594773798444,-0.8450432918569822,-0.8526546682148961,-1.1276595207911904,-1.1988643086375024,-0.7069813574043363,-0.8523972546416179,0.25106641317809053,1.4898602356909325,-0.5148615102604385,-1.112748180258855,-0.685407289429221,0.062155904904119784,0.2044646553166367,-0.04195727479570725,-0.8892713360402683,0
1.7782221966656961,0.38754990231922204,0.5693561964423357,-0.7214446930876474,1,0,0,1,0,0,0.24897554059497767,-0.4530370653873442,-0.24658771551598904,-0.2561055016398493,-0.3951718554642678,-0.1504934374043599,-0.2326392414021404,-0.1048191083839513,-0.3315125156442751,0.22697013474574754,0.2909753835010722,1.1960150872785342,0.5487824390970493,0.5430214358125058,-0.1542536758585623,-0.7197089913919946,0.28699221502074235,0.34290476598169073,0.5493147279367994,1.0864182721050466,0.8660711486741653,-0.010660430442529205,-0.2700494132576823,-0.022045441438628004,-0.043502486367621225,-1.0864182721050466,-0.5493147279368,1.1622457410267157,0.491016520610491,2.083191858692969,1.2868392897621204,1.3662217623945152,2.4639097731398567,1.3294711944779316,1.1201682272361313,2.1241353938472036,0.8616982418405155,0.04820472807728505,0.1876261533306929,0.015317428625603584,0.008440404549195996,0.3476645205553221,-0.8656330827735822,-0.48731077970765985,0.40975308478573785,1
1.495519310736081,-0.02473435322416849,2.8867879618748513,-0.13478617003801185,1,0,0,1,0,0,-0.6595879237025604,0.5930312035778599,0.03486227566633282,-0.39324546951491474,1.048156237724814,0.7599908898248485,3.022845967018263,-1.2358384087967045,2.0858390173628183,1.5902682007632019,2.9010302990445953,2.20383131755034,-2.534904211038799,3.6022664296635414,-0.9505661396742556,1.6800325028945098,1.980362854882609,2.848282503717896,2.5834792460572547,0.4434998061064408,-0.6039987290594095,0.743970708847915,-1.1631411690636273,-0.18465583643170136,-0.9906879778417491,-0.4434998061064408,-2.583479246057255,3.1954792354732438,-0.9349191994684248,-0.23669853764102378,0.6408142650290589,1.4856997240427134,-0.6235796198885869,-1.6882195673050053,-2.368026434350216,-0.10826409251941274,-0.8036612908751883,0.12408133374116129,-1.3450742035954124,-1.6313990349183765,-1.5823323572549794,-0.794369942049485,-0.04248097655033679,0.18071947766026855,-1.3222794763156045,1
2.343627968524927,-0.8493028643109486,-0.4445202009343899,-0.4281154315628296,1,0,0,0,1,0,-0.33149556159511606,-0.17741930024587296,0.5977622580309765,-0.526334889815611,0.6781261941325861,0.2703148886873322,0.4346248651723189,-0.18772027915141506,-0.44642103703287095,0.9494364626495707,0.8133706331934645,0.9283817649017859,-0.5221514413664796,-0.27293074638132875,-0.06936901149085457,-0.1641490370539987,-0.6282220338862342,-0.6681604060716569,-0.13280945780952072,1.3979208031972914,-0.8770656409037396,0.1881596214605611,0.44531856105072004,-1.9055616234670394,-1.7097502484212888,-1.3979208031972914,0.13280945780952,-0.03541234474315745,0.26586877533487285,1.0551619967881019,0.795860270964994,0.47867119015075044,0.6996301199807459,1.0847935651441794,1.2862727349307197,1.0079356506638961,-0.8522342772460629,0.10511218232519232,-0.19098732769569646,0.060699378408311896,-0.7065611825383191,-0.7388543778950843,0.41025268187244807,1.4054416161681371,0.007674097387211866,1
0.15910566815972013,0.7225308599482267,-0.8790386569529866,-0.4281154315628296,1,0,0,1,0,0,0.22373766658671274,-0.4466408725254113,-0.6687627022894718,0.5927735400172011,-1.145357875282775,-0.8016060014739707,0.21393146042069444,-1.144930916411826,1.1269120587232637,-0.5831890522471809,-0.0661071642250925,0.7988211456510084,0.23637254149371464,-1.2374507855387462,-1.196597638216522,1.6597126330640521,-0.9492247117534356,-0.0037084226681764047,0.6312676384277316,0.4634132099205562,-1.533923147856599,0.37272836834919004,0.12732459810108426,-0.1533841900762901,0.082321998205203,-0.46341320992055685,-0.6312676384277323,-1.1495128896453646,-1.0850176963188372,0.16359627584405784,1.0155087793742343,0.529876030857121,-0.6235796198885869,0.35076067714292497,0.06817301183707392,-0.046252995675895824,-1.46980510396147,0.12408133374116129,-0.5878472415426337,-0.4385020692014777,-0.4654068010946016,-0.3502454288142823,-0.6186874509066087,-0.48731077970765985,-0.5799798072721716,0
0.72451144001895,1.4440283071491598,-0.4445202009343899,-0.4281154315628296,1,0,0,1,0,0,-0.6469689866984278,0.5930312035778599,0.188380452674872,-0.43722284317949267,1.106895054791481,0.7939775346526579,-1.3388723200691333,0.08273480233314393,1.3631499475658706,-0.12899542910552683,0.3039804629750913,-0.5682380792798587,-0.500546672060526,-1.5842174672877871,0.727877099164713,0.24176112202861672,-0.017146973882645758,0.18989870759052757,-0.4291756706205317,-0.34935776200978186,0.27880312577317135,0.6156151866159465,-1.6205250318310742,0.15726185684858165,-0.209790362426299,0.34935776200978186,0.42917567062053097,-1.5394480803611372,0.26586877533487285,-0.973604898829468,-0.7158382869103699,-0.6819718658603261,-0.7180946013078251,-0.7910682597479163,-0.7069813574043363,-0.9764194483286528,-0.22078545442469194,-0.1035484832504671,-1.6643867779550168,-2.0592859900124822,-1.886948418025992,-0.28679906978068154,-0.4540570296619595,-0.6543183440496418,-1.940862533851798,1
-1.3572098109173063,-0.3339475448817109,0.27967722576327125,-2.041426369949327,1,0,0,1,0,0,-0.21792512855792381,-0.2617327516077154,-0.0035172685858019803,-0.39093087090098955,0.19465672592976233,0.1008288572433882,0.11500535442639523,1.0339564726024357,-1.164212395245574,0.4447582042204366,-0.5973503731141192,-0.9431771638067742,-0.11603055378924841,-0.6592371528800043,1.1769376082198773,-0.705887983490326,-0.2890831898433227,-1.0375741909285072,-1.530099152568539,0.23115255077283092,-0.8186197404739004,-0.2401074479789579,0.8821679978166448,-0.8874895830469745,-0.236404509152641,-0.23115255077283092,1.5300991525685383,-0.6760201580619267,0.9413120111617277,-0.30947941282012914,-0.6124742829530796,-0.6819718658603261,-0.37153966943728567,-0.709509049969999,-0.04256332662598434,-0.35630847989348147,-0.7481493064513315,-0.17942508891434333,0.16025650409986858,0.5987996401175653,0.17767154942198057,-0.2233527107470814,0.2044646553166367,0.3477270420022505,0.10046155601764112,0
-0.9974061379159777,0.28447883843337485,0.27967722576327125,0.3052077222492148,1,0,0,1,0,0,-0.2684008765744537,-0.23149620353312367,-0.2721740783507456,-0.2318022161936352,0.0031682358706068025,0.001104886235473924,-0.455378522512288,-0.563117281236165,0.33305299578731484,-0.42618452246716126,-0.08764329535265178,0.0811127335194436,0.27615030387908224,-0.06232090685905594,-0.17101035024277064,0.07013570333820933,0.07027354682522506,0.12567963443883556,0.6912331826893902,-0.5749285603869245,0.570944604866946,0.6015817260049781,-0.3848149845892081,0.6454298408169391,0.2366422778469453,0.5749285603869245,-0.6912331826893908,-0.20252742647848845,-0.3345252120667762,-0.5642124759469986,-0.44450777652248397,-0.3918111018575571,-0.40304466324369825,0.10608304780917345,-0.2086678343205727,-0.4183195767369984,0.41760236644966076,0.4275877563966659,-0.323273965644676,-0.46443461193445323,-0.194636969298146,-0.12818317219668063,-0.20711139779498602,-0.48731077970765985,-0.2706882785040748,1
-0.9974061379159777,-0.3339475448817109,0.27967722576327125,-2.041426369949327,1,0,0,1,0,0,-0.2684008765744537,-0.23149620353312367,-0.0035172685858019803,-0.39093087090098955,0.25071416593888035,0.12408287738873144,0.3438317224867126,0.03411119041353283,-0.4287357243129381,0.4773518038959253,0.25094427946672937,0.8279349964872039,-0.01601518623061158,-0.27192445535942755,-0.4132444679733609,0.42995400627424474,0.0023642542560563026,0.43002829154126365,1.078283513832815,0.05977612737849499,-0.7498100917169368,-0.4607979156538558,1.0181584095668936,-0.6425271368438099,0.09359907492958858,-0.05977612737849499,-1.078283513832816,-0.3974950218363748,-0.5596729573423944,-0.6278957417287164,-0.3282232720705331,-0.3064697006802721,-0.43454965705011084,0.2692014673650073,-0.2086678343205727,-0.4183195767369984,-0.6926373220274746,-0.4070549059059717,0.0963939892279486,0.6117659114840535,0.2961333508329291,-0.2550758902638815,0.03983423407198747,0.06938110143228039,0.10046155601764112,0
0.72451144001895,0.20717554051898904,-0.4445202009343899,1.0385308760612593,1,0,0,1,0,0,-0.6469689866984278,0.5930312035778599,-0.1442422641769629,-0.299504225650946,0.8558495037350072,0.6875456732182023,-1.725186218079977,-0.9775238420051735,1.1409265532328519,-0.8269999772107612,-0.09025018949229544,-0.6388484049908438,0.15417177168944174,-1.61898832458746,0.9090352294695732,-0.005090993714548453,-0.1274747735505729,0.12787208764451694,-0.4633576356367666,-0.41176056791003435,0.7812393739588924,2.252333688112985,-1.564800777244652,0.9908218122698229,0.24217187173259477,0.41176056791003435,0.4633576356367659,-1.5673005939836924,0.41596727218528484,-0.9645072894320803,-0.8192022908676594,-0.8185181077439823,-0.49755964466293656,-0.709509049969999,-0.5962450189412776,-0.9764194483286528,0.5008703430854462,1.717490052682561,-0.6243401071837319,-1.268343436656712,-0.8715615487892844,0.47455723862252236,-0.5363722402842841,-0.7656567202776299,-0.9511296417938885,1
0.72451144001895,-0.3339475448817109,-0.4445202009343899,-2.041426369949327,1,0,0,1,0,0,-0.6469689866984278,0.5930312035778599,-0.0035172685858019803,-0.39093087090098955,0.9739055404654015,0.7582021190444375,-0.5109895104519745,0.9366963705547521,-0.6033514044912078,0.694622159072784,0.4124767890295973,-0.4468753884811587,-0.7375888581980214,-1.531803141580952,0.961456030809989,-0.05655178347152284,0.15796346821324436,0.3839001253324036,-0.8114328088086202,0.1952844489803987,-0.8200162972344702,-0.32247961951576587,0.7679724937755068,-0.7817558525449688,-0.16143627489655776,-0.1952844489803987,0.8114328088086196,-1.5115955667385823,0.340918023760079,-1.2283379619563388,-1.0646918002662225,-0.9550643496276378,-0.6235796198885869,-1.1988643086375024,-1.0391903727935126,-1.1004416420156866,-0.7481493064513315,-0.2553016945782196,0.16937972051014377,0.5469345546516133,0.17767154942198057,-0.12818317219668063,0.36909507656128593,0.514734606344233,0.22417816752487937,1
0.15910566815972013,1.2121184134060021,-0.8790386569529866,-0.13478617003801185,1,0,0,0,1,0,0.2363566035908452,-0.4466408725254113,-0.8478672421327675,3.6133247311895276,-2.9357958170421066,-3.13595186991035,-0.5213892242222151,-0.08745017621657368,-0.036161828342120804,-1.0804517117513879,-1.0570629454278757,-0.32229541549999474,0.6872140516234433,-1.186606275018379,-1.0401065216625265,1.2038055903556946,-0.8975633633092013,-0.12781189220409364,-0.007768161614413057,-0.4318681387001143,-0.46063860034113646,-0.9219277692464105,1.259142954511013,0.5696120909858208,1.249450163562902,0.4318681387001143,0.007768161614412348,-1.17736540326792,-1.0850176963188372,-0.5915053041391644,0.07231224326396513,-0.2894014204448148,-0.8756195703398886,-0.13859458152457876,-0.1532996650890431,-0.5423417704240322,-0.7759052986632599,-1.2416975682086098,-1.7738653748783102,-1.0090180093269512,-0.7530997473783346,-1.5557262504526888,-1.1125787146405561,-1.378017789531564,-1.5078543935764617,0
-0.3034990542705592,1.3924927752062353,-0.4445202009343899,1.478524768348486,1,0,0,1,0,0,-0.2684008765744537,-0.21172615286896748,-0.630383158037337,0.5262288298668529,-0.6144732347460667,-0.569512992715641,0.09624651983795089,-0.10293848517681184,0.3625779045636452,-0.6633626805813526,-0.02038972028148677,0.056647767147436516,0.23921460981691892,0.4560055631029099,0.3752598673099737,-0.504900256374485,0.1746296813425466,0.435075169056304,0.9345219622652575,-0.8495867060811616,0.32180225696803305,0.5172133986303808,-1.0030322072314632,1.0693199876000234,0.45127385704514467,0.8495867060811616,-0.9345219622652582,0.35452284597261524,0.26586877533487285,-0.20940570944885942,-0.43158727602782254,-0.34060626115118536,0.5736101447550955,0.4323198869208419,0.012804842605544792,0.07776919801113909,0.25106641317809053,0.4275877563966659,-0.13168642102891215,-0.62002986833231,-0.194636969298146,0.506280418139323,-0.04248097655033679,-0.4316415915936655,-0.20882997275045564,0
0.3904080293748593,-1.1069805240255675,-0.4445202009343899,0.7452016145364414,0,1,0,0,1,0,-0.11697363252486404,-0.3344167614024072,0.7384872536221374,-0.5489022263013813,0.5056203698870038,0.1670133761185959,-0.4809056574511004,0.21711501778096748,-1.8841975430670617,-0.17354014244742658,-0.26286075319923724,-0.8581400036740126,0.6561316004528526,-0.8866506863340919,0.5622642347648894,0.07562970931696462,-1.0484831824167296,-1.1804878526806741,-0.46081074412575107,-0.7133741297612541,-0.21721989547120904,0.2652667917108196,2.651761726526202,-0.8052164392851652,-0.8107847718076371,0.7133741297612541,0.46081074412575035,-0.8988402670423681,0.340918023760079,-0.44594355378095224,-0.3411437725651945,-0.71610842633123994,-0.7180946013078251,0.5138790966987595,0.8433273810784847,-0.6043528672675491,-0.47058938433204756,-0.17942508891434333,-1.1717330918001976,0.15794641365697218,-0.1777138548108673,-2.919822969675097,-0.20711139779498602,-0.5429799678216537,-1.6934293108373202,1
1.3156174742354179,-0.3339475448817109,-0.8790386569529866,-2.041426369949327,1,0,0,1,0,0,-0.44506599463230834,-0.026236559872914074,-0.1442422641769629,-0.315706415948422,0.3779817566587068,0.22380684839664572,0.49880073035980793,0.18413589674157066,-0.45482651145830266,0.47579631989725035,-0.0783500376762815,-0.9567536324500593,-0.4560096531502495,-0.05783210592223955,0.28244895655767827,0.10335100522501581,-0.22202619113483624,-0.3834704488947656,-1.2379708116036303,-0.07709346503402185,-0.7513797165439657,0.03021886723368577,0.7256208710600225,-0.8629275028696973,-0.272525370631172,0.07709346503402185,1.2379708116036297,-0.2582324537235989,-0.03432821836595151,-0.8098479296764806,-0.6383152839424023,-0.6819718658603261,-0.844114576533476,-0.7910682597479163,-0.319404172783631,-0.6043528672675491,-0.8036612908751883,-0.17942508891434333,-0.615216890773458,-0.17917664187171697,-0.4992530300691578,-0.667477223982284,0.2044646553166367,0.18071947766026855,-0.7036964187794109,0
-1.7170134839186342,0.4133176682906843,0.27967722576327125,-0.7214446930876474,1,0,0,1,0,0,-0.16744938054139394,-0.29952843670095514,-0.24658771551598904,-0.2561055016398493,-0.07652925409015478,-0.03243456589723267,-0.5110386239612411,0.30692097087054737,-0.5489824029207454,-0.052355186252163656,0.0536220976152182,1.5778696378008938,1.085582409469554,0.09050415699489667,0.5168620627791993,-1.162242663103082,0.26428660890674566,-0.013182928342227595,0.3041828515459622,1.850341145974121,0.8010423339688839,0.09652240351024592,-0.41746445435143664,0.3327905563121771,-0.08258191677113634,-1.850341145974121,-0.3041828515459622,-0.06326485836571254,0.26586877533487285,-0.5369196477548344,-1.0130097982875779,-0.8697229484503528,0.41608517572303205,0.5138790966987595,0.40038202722625016,-0.35630847989348147,0.6951622885689447,0.04820472807728505,-0.11343998820836432,-0.30883935553659736,-0.1607907403235886,-0.033013633646279864,-1.3595243465075295,-0.7656567202776299,0.16231986177126023,1
2.215126656738738,1.0059762856343069,-0.4445202009343899,0.3052077222492148,1,0,0,1,0,0,0.43825959565696476,-0.5024621920477346,0.2651395411791416,-0.4534250334769687,-0.10199984030292901,-0.03601210745805471,-0.24716372645611065,0.4966791625186457,-1.3170787067549783,-0.46322554752059364,-1.1353993482602551,-0.527163246325753,0.9385699952061398,-0.7461399857227039,1.4918811015166515,-0.31899064191379384,-1.331595996431231,-2.0067229227775987,-1.0333455079749942,0.3058716999428703,-0.40184710396541135,0.8128259992810278,1.4799358827487845,-0.6945999660554468,-0.48309959715075684,-0.3058716999428703,1.0333455079749936,-0.9545452942874786,0.5660657690356972,-1.592242337851867,-1.4781478160953823,-1.808478361400488,-1.6632444155002057,-0.05703537174666111,0.5111183656893089,-1.720552610450858,-0.22078545442469194,1.1104772073715516,0.826251302049903,1.5453374498711925,1.1084428462222957,-0.794369942049485,0.6983559190505837,0.9600881112561845,0.8427612250610729,1
1.8553229837374106,0.15564000857606544,0.27967722576327125,1.0385308760612593,0,1,0,1,0,0,-0.29363875058271866,-0.18904874181302367,0.13720772700535894,-0.42738579907031077,0.3807098051443639,0.18490108392270607,-1.34207277654418,0.6584465496807759,1.5736748817559314,-0.8950678005732189,0.052160144265785136,0.09187710282402566,0.14026351206611412,-0.8923645785737582,0.717085012493902,1.9411411030095156,-0.419819316056692,0.2706224050805074,-0.5532824974487066,0.6740482547543618,0.9745446929586025,-0.18537852967589327,-0.20060667619072461,0.7928932062380007,0.19639936404500502,-0.674048254754361,0.553282497448706,-0.8988402670423681,0.491016520610491,-0.4095531161914002,0.6020527635450756,0.39332978897346543,-1.3796994712424915,-0.46483142063624716,-0.26403600355210183,-0.23228628620644656,1.1670141561717275,0.04820472807728505,0.7350191379471587,0.5080357405521495,0.8207498999385615,0.28421816152172197,-0.28942660841731066,0.013711913318286572,0.7809029193074537,1
0.004904094016293398,2.4232034140647105,-0.15484123025532542,0.3052077222492148,1,0,0,0,1,0,0.11016723354952047,-0.41814874068589214,-0.4128990739419065,-0.08713980282331305,-0.5129993634100525,-0.25424214266819894,-1.0179681900846216,0.21561092016409242,-0.14036821808682898,-0.5867504274044474,-0.6316861169750058,-0.962525327193133,0.11155123509874819,-0.43952919139185276,0.41049720479476576,-0.962715930779964,-0.038252854623927364,-0.7361773596407926,-0.9197330604481181,-0.4005896952488784,0.976337159181721,0.11529433392205259,-0.7755486099755992,0.7547310976058281,0.10248898311191558,0.4005896952488784,0.9197330604481174,-0.5924626171942612,0.04072103005925432,-0.8917264142529749,-1.1938968052128347,-1.1428154322176651,-0.4660546508565234,-0.22015379130249568,0.2342775195316623,-0.6663639641110671,1.0004782029001573,0.19995793940503753,0.2788583174334372,-0.17917664187171697,0.12690220596014448,0.47455723862252236,0.7806711296729086,0.6260729825722207,0.2860364732784985,0
1.2899172118781799,0.8256019238340739,-1.8929150543297122,0.3052077222492148,0,1,0,1,0,0,1.2332526269173105,-0.6141048310923812,0.7896599792916505,-0.5552673724896755,-0.16932205656801627,-0.04316719057969878,-0.25933460567907607,-0.3199873352660558,1.0796126450013892,-0.26337016388192874,0.36406229604334595,0.7382918220393813,0.16686709272900324,-0.8962588300102949,-0.5483610280715084,0.8591388679280466,-0.767843040374547,-0.6772037092014359,0.2181716668474233,0.7905619868667512,-0.5349201805496007,-0.11014338026754768,-0.6125149457234768,-0.4055839147974375,-1.1344564301868931,-0.7905619868667512,-0.21817166684742473,-0.8709877534198129,-0.5596729573423944,-0.18211288125669506,0.279040251178545,-0.05044549714841698,-0.9386295579527137,0.6769975162545934,0.6218547041523672,-0.35630847989348147,-0.6371253376036178,-0.3311783002420958,-0.7155722712864762,-0.892321567028559,-0.9731002357129547,-0.7626467625326843,-0.20711139779498602,0.18071947766026855,-0.76555472453303,0
0.44180855408933456,-1.0812127580541053,-0.4445202009343899,1.0385308760612593,1,0,0,1,0,0,2.129197154210716,-0.6891147292005031,-0.6431763394547153,0.5349085746690722,-1.740180782905237,-0.9433660858215438,-1.9980752606545011,-1.8352194500765018,-0.6459668742699525,-2.0805219261203125,-2.112908568344577,-1.17133670656445,1.5666227041409515,-0.4048866162294053,-1.3391204395623844,-0.1149342878698633,-0.3652580937118243,-0.40959979455788237,-0.648221895874381,-0.9546649792422314,2.373814352181909,1.177394830437897,0.7675604820566672,2.448467224833093,2.3469901433291818,0.9546649792422314,0.6482218958743803,-0.09111737198826762,-1.009968447893631,1.4827496384653478,1.183475285804831,0.9565830367435462,1.0146800580448727,0.5954383064766764,1.0648000580046022,1.5660355222555504,1.6943780081983673,0.6552175733882943,-0.9254062487227878,-0.4385020692014777,0.49921072468027106,-0.9529858396334858,-1.5241547677521787,-1.9347096706715041,-0.45626319576493324,1
0.72451144001895,1.8047770307496258,-0.4445202009343899,0.5985369837740325,1,0,0,1,0,0,-0.6722068607066928,0.6511784114136133,0.17558727125749374,-0.43664419352601136,1.1930179496992632,0.8382496114678305,-0.9286915144143447,0.7187408733700328,0.8064121623076993,0.45359475908030084,0.9453071303720748,-0.8623079330402555,-1.254795608161223,-1.3987985941043868,1.0240540728719736,0.1247012881959554,0.14353348114939252,0.5659708611917194,-1.2890243254862828,0.10235345797273021,-0.10629491603681174,0.0393804848198274,-0.9770796723514301,-0.470451913107755,-0.6763851781485203,-0.10235345797273021,1.2890243254862819,-1.4280380258709164,0.26586877533487285,-1.501266243877985,-1.2197378062021575,-1.1086788717467513,-0.8126095827270634,-1.6882195673050053,-1.482135726645747,-1.2864749325462383,0.16779843654230542,0.4275877563966659,1.182056742050605,0.4172718409867329,0.19459466390925928,1.4579758036433286,0.8629863402952329,1.0157572993701793,0.6571863078002155,1
3.063235314527583,-0.6173929705677911,3.176466932553916,-0.4281154315628296,1,0,0,1,0,0,-0.356733435603381,-0.16288249828693463,0.86641906779592,-0.5685763145197452,0.8231904840921533,0.3141397728074022,3.308389979771498,0.8945132227785616,0.6397184931229004,2.1949210200869325,2.8078126370152496,1.726963931965296,-2.2203676424834184,4.097631139852794,1.6782699295736339,0.49678213551357214,2.4048588452279795,2.893084181185502,2.328753814450042,0.04574314950473895,-0.506092047987992,0.453506502623347,-0.37529847409075273,-0.5805798288440527,-0.8257603336705052,-0.04574314950473895,-2.3287538144500424,4.560252402978448,2.067050737539819,0.9641859028142197,1.1059522828368633,2.185499213696451,1.2037100208833493,-0.9541866793037505,-1.7036084035718644,1.814079909629618,-0.3318094232724056,0.7310941790521709,0.8080048692293539,0.4691369264526849,0.19459466390925928,0.506280418139323,0.9453015509175579,1.0714264874841732,0.40975308478573785,0
1.4441187860216065,-1.7254069073406524,-0.4445202009343899,1.0385308760612593,1,0,0,1,0,0,0.21111872958258027,-0.44198909589855107,0.5210031695267069,-0.510132699518135,0.16201822410668473,0.05432081695270173,-0.059311613128325065,0.5068628192402465,-0.32027228604310953,0.11475224572040736,-0.14218256092674952,0.7996785389649222,0.6952963099047873,0.31078952352788025,0.6601777578692491,-1.8160286947979014,0.49423750303455505,-0.15651256025866844,0.4884925330428311,0.6061852033378367,0.3930114718474884,-0.03433354093025941,-1.387110756926193,0.33505456693070995,0.03204024033833674,-0.6061852033378367,-0.4884925330428318,-0.11896988561082296,0.04072103005925432,-1.3920949311093263,-1.9432858339031864,-1.7060686799877465,-0.024984737566746233,-0.13859458152457876,-0.3747723420151606,-1.658541513607341,0.3620903820258042,-0.02767187758659086,0.023408257945752128,-0.6978274965312384,-0.5330992590437151,1.0772976494417266,-0.5363722402842841,-0.32030321536567735,0.10046155601764112,0
-2.0511168945627247,-0.6689285025107157,-0.4445202009343899,-0.13478617003801185,1,0,0,1,0,0,1.510869241008225,-0.6437599070886154,-0.7583149722111197,1.5215062338546692,-2.082440775160386,-1.6709486007537255,-0.6847763514592107,-0.37802520348436097,0.3953860366849471,-1.1649415352764536,-0.7047235606781118,0.04996806161487503,0.9552472121970905,-1.0194321912816826,0.3412535497621667,0.19645988996949051,-1.432690919755464,-1.3756876171133245,-0.37315522795503414,0.43824128821613356,-0.06640644791686348,0.8607117701463647,-0.34308271475918123,0.15312906702663284,-0.4269160588448983,-0.43824128821613356,0.3731552279550334,-0.9266927806649233,0.41596727218528484,0.28186519801010423,0.3436427536518511,-0.27233314020935756,-0.24551969421163483,1.0847935651441794,1.4523772426253072,0.015758101167622184,-0.19302946221276363,0.5793409677244183,-0.5057382938501646,-0.5940973255993336,-0.4992530300691578,-0.5723076854318833,-0.37174181903963527,-0.2089648391376897,-0.76555472453303,0
0.31330724230314594,-1.3904259497116478,-1.6032360836506476,-0.13478617003801185,1,0,0,1,0,0,0.9051602648098662,-0.5815423947043593,0.12441454558798068,-0.42217795218897913,-0.39537064065601074,-0.12097871952757809,-0.6718905188601157,-0.06254928271244248,1.6109122540363863,-0.7991652520743601,-0.6393576988504716,-0.5698963058562543,0.4785903016339478,-1.1520342409768056,-0.9037375490941824,0.9092011340229046,-1.3364189421075725,-1.133036911650208,-1.175091701728231,0.38817105265189955,-0.2168189174749237,-0.8194935839543056,-1.2885115604777848,-0.2455494485997316,-0.27499369481987324,-0.38817105265189955,1.1750917017282303,-1.0938078624002545,-0.8598699510432187,-0.082039177885424,0.3953247556304958,-0.18699173903207253,-0.9071245641463012,-0.38327221085833024,0.17890935030013266,-0.35630847989348147,-0.08200549336504998,-0.6346847228976005,0.589047675382767,-0.21807545597118072,-0.29617565622181696,1.5531453421937294,-0.20711139779498602,-0.04195727479570725,0.47161139053935697,1
1.932423770809123,-1.3646581837401863,-0.8790386569529866,1.7718540298733036,1,0,0,1,0,0,-0.0412600105000692,-0.37453833480907706,-0.4896581624461761,-0.0061288513359326405,-0.522016999734523,-0.28330966784987804,-0.6957178545973538,0.026559778571564188,0.19429185758557257,-0.2511339151807462,0.4169938178935868,-0.4669358876160737,-0.551646648158085,-0.14766642077462833,0.9862687897249359,-0.6501503401579264,0.43619857443045745,0.12197809006560881,-0.9053494332772469,0.2610696854503818,0.8198660647303396,0.9515682929487795,-0.918941869734171,0.7717927572021425,-0.42302452209599983,-0.2610696854503818,0.9053494332772463,-0.09111737198826762,1.0163612595869336,0.23637715102316323,-0.1473362651452761,0.03489590402886805,0.5736101447550955,-0.30171300108041293,0.12354118106860354,0.7598912632898273,0.7506742729928018,0.8828473903799233,-0.0039613912850709025,-0.47740088330094144,-0.1607907403235886,-0.12818317219668063,0.28677986593896093,0.45906541823023866,-0.08511336124321738,1
0.46750881644657266,0.8513696898055362,1.4383931084795292,-0.13478617003801185,1,0,0,1,0,0,-0.3188766245909836,-0.18614138142123599,0.6745213465352461,-0.5373292332317556,0.6956368153323247,0.27210365946774323,-0.1792795664328273,1.7707113068749734,-1.368169154226291,0.20236176845376816,-1.1703936121488223,-0.5929458225967791,1.0417724893266607,0.1520419651407691,2.459747143720399,-2.6665410806879413,0.39473514045141,-1.7971887797616324,-1.4375436385994584,0.617030896486598,0.40121114138620645,0.03376385232416026,-0.8092835580845777,0.11803491434696946,-0.2330360320744438,-0.6170308964865974,1.4375436385994576,-0.14682239923337803,1.6167552469885829,-1.0463857740085747,-2.0724908388497987,-1.8596832021068592,-0.34003467563087314,-0.30171300108041293,0.4557501964577793,-1.0384305451721696,0.5841383197212315,0.27583454506891375,0.7441423543574326,0.1709126850234604,0.2115177783965368,0.9821281108913258,-0.12479618717266176,0.18071947766026855,0.9664778365683122,1
-0.4063001036995106,-0.8235350983394863,-0.15484123025532542,-0.4281154315628296,1,0,0,1,0,0,-0.6343500496942954,0.5465134373092572,0.07324181991846762,-0.41060495911935335,0.9878796458549773,0.7376312550697107,-0.10117895641178129,1.4525210674249678,0.3360540038214078,0.4191310053682333,0.42181825107238896,-0.2159333691992159,-1.4577510181602227,-0.31419214824831293,1.3228268505154595,-0.07924942491223662,0.012584838647356754,-0.2594855774583829,-0.16027754582615011,-0.1355460428462847,-0.17324529065708635,-0.668451849861496,-0.539035110351028,-0.553740037598122,-0.8017215469684822,0.1355460428462847,0.16027754582614942,-0.6481676444393714,0.41596727218528484,-1.6468279942361959,-1.4264658141167375,-1.347634795043149,-1.3166894836296663,-1.0357458890816678,-1.0945585420250417,-1.7825637072943747,-0.24854144663662048,-0.7105613285614767,-0.3415203984652251,-0.5551985114998699,-0.7192535184037778,-0.15990635171348128,1.3568776040291806,1.4054416161681371,-0.332546584257695,0
0.5189093411610479,0.43908543426214564,0.27967722576327125,-1.8947617391869185,0,1,0,1,0,0,1.7127722330743445,-0.6606225973609839,0.188380452674872,-0.43664419352601136,-0.604768727429741,-0.17061710868398386,0.31011247348130805,-1.1833982853390133,-0.7545905629437027,-0.1545859438698905,0.4847363365878046,0.053486256033724325,-0.07320851436316907,-0.7699706237887122,-1.1745146331874046,-0.29430345733771274,-1.6565938938421987,-1.0346547300284867,-0.8569681418843186,0.9228794432816189,-1.2005645183529325,0.4476483090847642,0.7358039863703658,-1.4338145106122753,-1.6403199426639137,-0.9228794432816189,0.8569681418843179,-0.9585242248049864,-1.3637720476124597,-1.503865560848667,-1.3950874557725597,-1.8377382703755578,-0.6955910343032448,0.01287252234869625,0.4873891503043674,-1.0118543608106625,-1.2200011740541141,0.04820472807728505,-0.9527758979536108,-0.47740088330094144,-0.9731002357129547,-1.6826189685198898,0.03983423407198747,0.5704037944582268,-1.0129879475475077,0
0.4932090788038099,2.371667882121788,-0.15484123025532542,-0.4281154315628296,1,0,0,1,0,0,-0.20530619155379135,-0.2646401119995031,-0.34893316685501513,-0.17393725084550635,-0.1581902790310473,-0.06910436689565855,-0.4486088885349626,-0.1839324880020354,0.06399472404844624,0.2485894590161075,0.2970339733544485,-0.5603977608180649,-0.840451689537698,-0.7888165138201024,0.016383785672010653,-0.452026429245135,-0.5390825526034656,-0.5548416148677789,-1.4375436385994584,0.6614225707698917,-0.16437458640853847,0.268866028952528,-0.541725899738881,-0.8703733526771505,-0.9278535586469239,-0.6614225707698917,1.4375436385994576,-0.7317251853070371,0.04072103005925432,0.09081540066495114,-0.1602567656399366,-0.3576745413866426,0.3215701943037938,-0.5463906304141645,0.12354118106860354,0.5118468759157585,-0.19302946221276363,0.19995793940503753,-0.13168642102891215,-0.38663698373552574,-0.685407289429221,0.09387908442092041,0.4514102871836102,0.9044189231421907,-0.1469716669968365,0
0.18480593051695732,0.6194597960623787,-0.4445202009343899,0.5985369837740325,0,1,0,1,0,0,0.31207022561564,-0.46234061864106474,2.401600837881312,-0.6941432893251848,0.666991465216128,0.1808763496667813,-1.1164588337061734,-0.05661212362275435,1.6964887234974408,-0.5036331416162585,0.9304269351089901,-0.7976013690006203,-0.5878303670283015,-0.741287593356322,1.7586043922785708,1.147474628375579,-0.012818401156680278,0.5132740404431293,-0.671183982935474,-0.4221610355600758,0.8117773569334834,1.8394331908967312,-1.1660555782435014,0.6676653754598302,-0.7084883843916727,0.4221610355600758,0.6711839829354733,-0.5738942747792242,2.067050737539819,0.8095265430586199,1.3428281252389862,1.2751909344720769,-0.0354864021688832,0.3235742738836193,0.7510470990259361,1.1732985755799412,0.8894542340524437,1.9451198696741894,0.41570656358755365,-0.2829068128036209,-0.008482709938082702,0.1890486229713212,1.1099319721622063,0.9600881112561845,0.038603250264021984,0
-1.485711122703495,-0.6173929705677911,0.27967722576327125,1.7718540298733036,1,0,0,0,1,0,-0.06649788450833415,-0.3541868120665634,-0.15703544559434116,-0.2983469263439834,-0.07945844018198493,-0.04182561249439052,-0.3049314821423277,-1.2962866708588914,-0.33768793524075374,-0.33252864862521136,0.22841494893763736,0.4972978306738242,-0.4637955948171291,-0.10449854008527545,-0.5321633761327306,-0.39740631057756703,-0.1745274837163253,0.10616162867266904,0.5516412599819246,0.13114384342216406,0.31960093878974316,1.2460845491381316,0.06227570367493996,0.27616628602390214,-0.19330445274698935,-0.13114384342216406,-0.5516412599819253,-0.23037994010104354,-0.6347222057676005,-0.5278220383574467,-0.6383152839424023,-0.6649035856248688,0.16404522527173035,-0.22015379130249568,-0.4855086804782194,-0.6663639641110671,0.16779843654230542,0.9587239960437993,-0.41450612974742024,-0.32180562690308556,-0.194636969298146,-0.7309235830158842,0.2044646553166367,0.29205785388825667,-0.2706882785040748,1
-0.3034990542705592,-1.596568077483343,0.27967722576327125,1.7718540298733036,1,0,0,1,0,0,1.2837283749338404,-0.6205010239543141,-0.7839013350458762,1.7761120813864362,-2.204814089375725,-1.8498256787948275,-1.3051944418067165,-0.8505579556689262,-0.2871103022505828,-2.8782008757710247,-2.9341003597984923,-1.881971724899958,2.514351917695425,-1.5362941921160467,-0.6626606040229588,0.201879641928309,-3.2047768799998577,-2.6911745457003886,-1.295625183846869,-1.2817996886347096,0.2798575881277011,0.5035786410794403,0.5953589723681115,0.7104618019691594,1.1870660188812283,1.2817996886347096,1.295625183846869,-1.4837430531160272,-0.7848207026180125,-0.6824813981130464,-0.4832692780064673,-1.6377955590459181,-0.8126095827270634,0.2692014673650073,1.1201682272361313,-1.720552610450858,0.11228645211844858,0.27583454506891375,-0.48749186102961545,-0.127311556405765,0.1607484349347019,-0.28679906978068154,-0.4540570296619595,-0.9883334727336057,-0.45626319576493324,0
1.4184185236643685,0.28447883843337485,-0.4445202009343899,0.3052077222492148,1,0,0,1,0,0,0.3246891626197725,-0.4739700602082154,-0.2721740783507456,-0.2318022161936352,-0.46758293208315554,-0.18537446762237475,0.07562475850817174,-0.22012448870796095,-0.3933437662255423,-0.6534881003751585,-0.5659544516792527,-0.6953446727116102,0.5118378438173191,0.7795804484584569,0.5713414121263946,-1.1345435323391475,-0.024994515917312526,-0.4383648106020975,-0.43967950362031105,-0.5122984218604396,0.673789530967105,0.8744850532546621,-0.602392729515206,0.8580361299402092,0.3077905885826904,0.5122984218604396,0.4396795036203104,0.49378541408539117,0.26586877533487285,-0.6551885699208807,-1.0905328012555453,-1.040405750804923,0.1010352376589052,-0.46483142063624716,-0.319404172783631,-1.1004416420156866,0.6118943119331598,0.8069707847160468,-0.013084607695344815,-0.32180562690308556,0.025363519036474696,0.2207718024881207,-0.12479618717266176,-0.3759724034796717,0.10046155601764112,0
0.9815140635913272,-1.0039094601397194,0.5693561964423357,0.3052077222492148,1,0,0,1,0,0,-0.38197130961164594,-0.13787919891756065,-0.3233468040202586,-0.18435294460816953,0.09017389496787814,0.03643310914859154,0.6885637397002926,1.1852624965849508,-0.7553573019382768,0.7458046329562538,0.0021320652183200546,-0.7964610349215501,-0.3600528205027624,0.6935398170509869,1.2593274116651427,-0.6189817463869094,0.8656365180112902,0.0731568185965617,-0.088318892712161,-0.9986842558367333,-0.2644878280862079,-0.3652434178907567,0.41058177562224357,-0.1491835904396907,0.06865160533640369,0.9986842558367333,0.0883188927121603,0.8001630639334981,1.391607501712964,0.47291499535525605,0.05939174276930372,0.4103980692089227,0.3530751881102058,0.02452383803125581,0.06817301183707392,0.5738579727592754,-0.3040534310604773,-0.4070549059059717,-0.22291858513165644,0.015317428625603584,-0.0423289389126401,-0.3502454288142823,0.6983559190505837,0.23638866577426285,-0.08511336124321738,0
1.135715637734753,0.7998341578626126,0.27967722576327125,0.3052077222492148,1,0,0,0,1,0,0.24897554059497767,-0.44838528876048395,-0.5536240695330674,0.23979725139361502,-0.8514548111792868,-0.5301600355465986,0.24403759521164614,-1.3707213218937317,0.7062785058116401,-0.02591003928141721,0.11622748558325648,1.3135051234932658,0.8424317278483632,0.2553072651433541,-1.4116890912111695,1.0678299572985472,-0.2636226923060749,0.07119675186477903,0.1765838412788985,1.6163306238481758,-0.08424020553803942,0.4671588900131394,0.10755974804202563,-0.2264009575312436,-0.08159165273886566,-1.6163306238481758,-0.17658384127889992,0.8001630639334981,-1.009968447893631,2.0195085929112513,2.4109228327976466,2.1513626532255365,0.5421051509486824,1.166352774922097,1.1755363964676604,1.938102103316653,0.0012624832707351544,0.5793409677244183,0.37921369794645543,0.37837302688726915,0.2622871218583729,0.2524949820049213,-1.1948939252628807,-0.6543183440496418,0.7190446135538346,0
0.8016122270906633,-0.7719995663965628,-0.4445202009343899,-0.13478617003801185,0,1,0,1,0,0,0.3751649106363024,-0.4902512784022264,-0.6047967952025805,0.468363864518724,-1.043884003946766,-0.7389990241595851,0.06329359924144862,-1.9431691677008895,2.0834552214753885,-0.621323408547718,-0.2885043584902969,-0.01542896405314912,0.40875800859958394,0.0850838014702472,-0.8196965965791903,1.3552022859528912,-0.44704800058118616,-0.24640887122934904,0.8915886482224574,-0.9053100327574869,-0.0029965585650548097,1.8459066089516707,-1.4863054817475034,0.3960826956504231,0.13449949265648972,0.9053100327574869,-0.8915886482224581,0.04814519612450831,-0.7848207026180125,-0.09113678728281299,0.6149732640397371,0.39332978897346543,-1.1591645145976028,1.247911984700014,0.8433273810784847,-0.29429738304996345,-0.24854144663662048,1.1863538130354276,-0.9527758979536108,-1.4758037785205207,-1.2607931819966884,0.37938770007212164,0.2044646553166367,-0.2089648391376897,-1.2604211705619852,0
0.2105061928741954,1.0059762856343069,-0.15484123025532542,0.5985369837740325,1,0,0,1,0,0,0.4130217216486998,-0.49781041542087434,5.612689373643256,-0.7711036932381962,1.06262444996356,0.2130742237141796,-0.3832247226305104,-1.5506363917601889,0.5204893664813321,-0.2509736344646986,-0.2729047883450242,0.1863652804198537,0.8602014315956392,-0.47229379535172217,-0.5529531400723581,-0.11298749666968942,-0.26507189473286125,-0.49403926454234603,0.5444209881177456,-0.28577009270635834,0.06097291009442231,1.5743607941949094,-0.8250679381573717,0.076208435349898,-0.12754359426128714,0.28577009270635834,-0.5444209881177463,-0.3696425082138195,-0.40957446049198204,0.41832933897092733,0.29196075167320634,0.17144214591252482,0.1010352376589052,1.166352774922097,0.954063719541543,-0.046252995675895824,0.3898463742377325,2.1727496866658176,1.3462746374355445,0.6376984542170299,0.6345956405784983,1.6165917012273294,0.6160407084282594,0.514734606344233,1.3994859768436472,1
2.2922274438104506,0.7998341578626126,-1.6032360836506476,-0.4281154315628296,1,0,0,1,0,0,-0.5207796166571032,0.16855658637685988,0.4570372624398156,-0.49913835610199053,0.9207238193791626,0.5153764856036417,-0.385226088381103,2.465565325952459,-0.503592495162187,0.4405266708660412,0.5324062324532829,-0.54700295735105,-0.9773264449196531,-1.346523638866672,1.6693420613389716,-0.5623357470208797,-0.4586526118647773,-0.3692818494301602,-0.28338753067176975,-0.4649864905896614,-0.8097643010148341,-1.71175555566837,0.12333461703188207,-1.0499151906851956,-1.052686028386855,0.4649864905896614,0.2833875306717691,-1.2330704305130304,1.7668537438389946,0.41832933897092733,0.046471242274642305,-0.135786898325702,0.7941451013999841,0.5138790966987595,0.7325910426154264,0.5118468759157585,-0.8869292675109735,-1.6969572021918669,-0.8432973010303187,-0.6589286824317738,-0.9900233502002335,-0.9212626601166852,1.0276167615398821,0.848749735028197,-1.2604211705619852,0
-0.38059984134227254,2.0624546904642447,-2.327433510348309,-0.4281154315628296,1,0,0,1,0,0,-0.4198281206240434,-0.0727543261415168,0.35469181110078946,-0.48293616580451443,0.6847421006496682,0.31727012167312146,-0.32949060448360046,-0.5884022379505386,0.6026437815133028,0.2897280029152568,0.5794184704128482,-0.043027486766406414,-0.8306167834017357,-1.3448735825388296,-0.3602346567217938,0.7135264659443586,-1.085173022740003,-1.1809350112584305,0.09990628788693126,-0.1577702000353207,-0.8856171312856633,0.4467253663125749,-0.1068089519708431,-1.467442833713266,-1.9062255772598418,0.1577702000353207,-0.09990628788693126,-1.17736540326792,-0.03432821836595151,1.0824548249802661,1.338521291740765,0.7517636739180628,-0.30852968182446,1.9819448727012692,2.1167952734036595,0.9459245538203791,-0.7203933142394032,0.7310941790521709,0.826251302049903,0.6376984542170299,-0.0423289389126401,-0.1916295312302808,2.3446601314970748,2.4631561903340238,-0.1469716669968365,1
1.7011214095939837,-1.3388904177687242,-0.8790386569529866,1.478524768348486,1,0,0,1,0,0,0.009215737516460692,-0.3890751367680154,1.9794258511078293,-0.674469201106821,0.7773060277491305,0.2220180776162347,-0.5679297198770943,-0.7556222034728132,-0.247740956203718,0.5496632058498276,0.5101270114609203,0.41458590993604877,-0.17357587905790534,-0.2320676355866532,-0.09097847258685039,-0.8396671161420325,0.8890710235765865,0.43120246304476245,0.6225629626478131,-0.05200463268990121,0.5578408533227159,0.9459749512929706,-0.5051142880331168,0.13902807816045892,-0.24220482044801053,0.05200463268990121,-0.6225629626478137,-0.3974950218363748,-0.3345252120667762,-0.7825551014843162,-1.051771299771562,-0.6990401460957827,-0.05648973137315825,-0.13859458152457876,-0.4301405112466897,-1.0384305451721696,0.8339422496285867,1.33810702436318,1.0269620630759395,0.5728670973845897,0.600749411603942,0.8552353928241243,0.6983559190505837,0.7374113588002092,0.7809029193074537,1
1.8039224590229344,1.8820803286640106,-1.168717627632051,0.5985369837740325,1,0,0,1,0,0,0.021834674520593164,-0.3966342737866634,0.08603500133584588,-0.41234090807979723,0.0443622206645615,0.013626281698351053,-0.19838308125130039,1.3386783593277911,-0.0660831698807162,-1.0907703919220264,-1.1754892006594817,-1.5105186807829343,0.8427867675362642,-0.38210946673643675,0.5307882817844839,0.095180963608136,-1.1892060369899693,-1.1248656039767966,-1.0787610282698779,-0.9902652685099177,-0.1059427732449567,-1.3056460112700867,0.18598559623527489,0.2943640792785912,0.4299812066165376,0.9902652685099177,1.0787610282698772,-0.28608496734615396,0.641115017460903,0.391036510778763,0.3824042551358344,-0.135786898325702,-0.024984737566746233,0.35076067714292497,1.0648000580046022,0.44983577907224165,-0.1375174777889068,-1.2416975682086098,-0.12256320461863823,-0.010615114107371936,0.10997909147286698,-0.0647368131630805,-0.04248097655033679,-0.48731077970765985,-0.3944048900113141,0
-0.09789695541265715,0.6194597960623787,0.27967722576327125,1.7718540298733036,1,0,0,1,0,0,0.48873534367349464,-0.5042066082828072,-0.7711081536284979,1.5938374405398303,-1.7939475649876047,-1.6195214408169087,-1.460303539858108,-0.539978997948654,0.5538053041701652,-0.2533548390433445,-1.4217722846127725,0.2376050972868426,0.9232043861059308,-0.5568966834338144,-0.27708201162129653,0.3221708089335684,0.6329505423983446,-1.2113944014374163,0.1590389773671773,0.16633209230480636,1.4741430155287043,0.46356344420520085,-0.43331981044426005,0.9698889655151026,0.665682748451061,-0.16633209230480636,-0.15903897736717798,-0.48105256270404034,-0.18442671521636386,0.2636699792153276,0.3953247556304958,0.6493539925053206,-1.8207693845322692,0.5954383064766764,0.5664865349208381,-0.4803306735805153,1.5278420549267964,0.5793409677244183,0.38833691435672935,0.09311505682453199,0.4822876101929924,0.6331731362065233,0.03983423407198747,0.1250502895462747,1.0901944480755505,0
-0.5091011531284612,1.2121184134060021,0.714195681781868,-0.13478617003801185,1,0,0,0,1,0,0.6906383357396142,-0.5466540700029072,-0.8478672421327675,3.6133247311895276,-3.168259344459777,-3.2128690134680236,-0.44558866686294507,0.7517140709158759,-0.43935604287605456,-1.059253525402276,-1.5657011793785347,-0.9458339238942337,1.3372594858341214,-1.0719675844461838,0.49471534259409705,0.65806985571843,-0.8041232831416423,-0.7200014935155649,-0.04921092906325296,-1.2411978630008915,-0.45149549166610903,-0.5361561833365616,1.2619111701082033,0.633628292817413,1.3325468934198008,1.2411978630008915,0.049210929063252244,-0.9545452942874786,0.641115017460903,0.48201260475264507,0.7700192699756713,0.3762615087380082,-0.37153966943728567,1.0847935651441794,1.2309045656991897,0.3258135853852078,-0.6926373220274746,-0.8623145398892288,-1.3724438528262355,-0.6329961396987983,-0.36386811417093057,-1.2702176348014877,-0.7010026615289333,-1.211010225189582,-1.198562864808365,0
0.9558138012340891,0.6194597960623787,0.27967722576327125,-1.8947617391869185,1,0,0,1,0,0,-0.09173575851659908,-0.3431388425777702,-0.2977604411855021,-0.20576298178697722,-0.20440413887151385,-0.10487978250387892,1.3199824973558232,0.09199508733299265,0.37811751105128194,1.2637648094318377,1.9609977239218654,0.17703096729273937,-1.2393861702121678,0.6990151468748698,0.054464530194098665,0.8486446594510457,1.040839070787781,2.1376548460069142,0.4073962731842086,-0.1626015385546773,-1.137020095996841,-0.07170477372294332,0.33590673515063896,-0.6751865206205514,-0.4623891864840003,0.1626015385546773,-0.40739627318420935,0.7166055230658329,0.11577027848446049,0.20908432283099887,0.6278937645343975,1.0589927181562884,0.6051151385615076,-1.1173050988595852,-1.3713993881826885,1.1939689411944467,-1.053465220782544,-0.02767187758659086,0.13288685486904556,0.28760912732185256,-0.008482709938082702,-0.15990635171348128,0.03983423407198747,-0.04195727479570725,0.038603250264021984,1
-0.2263982671988458,1.289421711320388,-0.15484123025532542,1.0385308760612593,1,0,0,1,0,0,0.980873886834661,-0.5867756434095771,-0.19541498984647596,-0.2780941884721383,-0.6818010648125379,-0.23635443486408877,-0.11522759658901384,-0.7025403685640611,-0.8509790626229725,0.9119282371818717,1.0899517620824486,-2.13564997804019,-0.9944010463191675,0.06141601264278253,-0.7592119276993204,-1.1071677377319882,1.173453075091735,1.0779624637287235,-3.034126254566094,0.0964376253461319,0.22159293419759557,0.20369686102287862,0.050720085001889924,-0.06838023351901512,-0.36457013468454735,-0.0964376253461319,3.034126254566093,0.6330479821981672,-0.18442671521636386,2.265144046640733,1.1705547853101694,1.673450806632741,3.220029624493761,-1.0357458890816678,0.5664865349208381,3.860446105465684,0.029018475482663446,-0.02767187758659086,-0.6060936743631827,-0.4903671546674297,-0.48232991558187904,-0.7626467625326843,0.12214944469431245,0.18071947766026855,-0.45626319576493324,0
1.3927182613071303,0.5936920300909173,1.4383931084795292,-0.8681093238500562,1,0,0,1,0,0,-0.6091121756860305,0.5261619145667434,-0.041896812837936774,-0.37588597991047606,0.8237320531539278,0.695147949034949,0.11011509164645454,-0.06753721394161417,0.20309160076373925,0.574574870822949,0.7319992456618833,0.8026387952040112,-0.46062481573430925,0.13869288003385785,0.5187643953041904,-0.8386526711124356,0.9295581913436258,0.5161555503705977,1.0042885975848093,0.0986623829151082,-0.014537423871459816,0.6123837287365422,-1.1203980769656527,0.14552040845092648,-0.4477094363191123,-0.0986623829151082,-1.00428859758481,0.1317027369921738,0.491016520610491,0.03622974428062242,-0.40574627503850064,-0.03337721691295973,0.6366201323679207,0.35076067714292497,-0.09793149585751397,0.015758101167622184,0.029018475482663446,0.6552175733882943,0.21499580256151593,-0.41256952646850126,-0.33002188519637315,0.6331731362065233,0.36909507656128593,0.45906541823023866,-0.08511336124321738,0
0.18480593051695732,0.05256894469021735,-0.15484123025532542,-0.8681093238500562,0,1,0,1,0,0,0.07231042253712305,-0.41465990821574694,-0.68155588370685,0.65063850536533,-1.0893004352736617,-0.8217296727535947,-0.8055397776849164,-0.6460374920577094,1.7147640225011236,-1.134320552263021,-0.48870912499729663,0.2505706999070339,0.3773509172955281,-0.9813555633968948,-0.19129281923712552,1.48124702749028,-0.9306930375832638,-0.3986074491409835,0.13830413819877924,0.2045801889163758,0.13956375389698147,0.6950737854504576,-0.8556294519848625,0.6095346012895054,0.24618320605600072,-0.2045801889163758,-0.13830413819877996,-0.9266927806649233,-0.18442671521636386,-0.009258302706318612,0.7570987694810098,0.3079883877961804,-0.9701345517591269,0.4323198869208419,0.40038202722625016,-0.17027518936292965,0.029018475482663446,0.5034643620605421,-0.3415203984652251,-0.7107937678977266,-0.44848368660732285,0.31594134103852145,-0.12479618717266176,-0.04195727479570725,-0.08511336124321738,0
1.135715637734753,0.38754990231922204,1.0038746524609323,-0.4281154315628296,1,0,0,0,1,0,-0.5586364276695006,0.2964804436155174,-0.13144908275958464,-0.33017265728545425,0.6153856798947346,0.48317861155624336,1.0873425406214394,-0.5062812598319231,0.01308175368123623,0.29580169717144766,0.44057490762919793,0.47317115837501894,-0.6126935661677635,0.6898098939814982,0.0169441871990132,0.018661815487433554,-0.2770540478701746,-0.15405344666506665,-0.04921092906325296,0.6941558255444424,-0.8227263533020952,0.7118612324975071,8.70129302654502e-4,-0.6743310606293369,-0.7231721640971771,-0.6941558255444424,0.049210929063252244,0.744458036688388,0.11577027848446049,0.3182556355996563,0.279040251178545,0.15437386567706757,0.25856020669096863,-0.05703537174666111,-0.04256332662598434,0.20179139169817292,-0.8036612908751883,0.5793409677244183,-0.19554893590083341,-0.16621037050522874,-0.4146374576327655,-0.3502454288142823,0.2044646553166367,0.6260729825722207,-0.08511336124321738,1
-1.7170134839186342,-0.07626988516709207,0.27967722576327125,0.3052077222492148,1,0,0,1,0,0,-0.16744938054139394,-0.29952843670095514,-0.7455217907937414,1.3363383447406567,-1.1784697024237138,-1.2631088628200133,0.08422810478315322,-0.6782867353952002,-0.6382567198725175,-0.9388264319711263,-0.9097428879882519,-0.0687238047303074,1.4908535277283872,0.22471988181747082,0.5663942617924124,-1.1583686402268278,0.33151643762703176,0.13787888768445603,0.5209310369862826,-0.6103841330315712,0.10741622807803443,1.4983711687208994,-0.2915304529897491,1.5970199662483529,1.3173222077963647,0.6103841330315712,-0.5209310369862833,0.0759977097470634,0.340918023760079,-0.45504116317834126,-0.9484072958142716,-0.7843815472730677,0.5736101447550955,0.5138790966987595,0.2896456887631914,-0.35630847989348147,-0.05424950115312168,1.1104772073715516,-0.5513543759015367,-0.6070635969658218,0.008440404549195996,-0.033013633646279864,-1.277209135885205,-1.6006945419875402,-0.3944048900113141,1
2.215126656738738,2.448971180036173,-0.4445202009343899,-0.13478617003801185,1,0,0,1,0,0,0.43825959565696476,-0.5024621920477346,-0.822280879298011,3.323999904448883,-2.326137016967291,-2.955286021088837,-0.9258280341043722,1.6611969716385182,0.031631798044830774,-2.0570584100205633,-2.8485208945976335,-0.6677435998303988,2.3874596438551556,-0.5858159012098643,1.7419667589167585,-0.5402392512896255,-1.174235572795322,-1.784969125942804,-0.5860329100839196,-0.3295023237687902,0.7020460725446636,-0.5349809181611535,-0.5861300746700857,1.6146013080577113,1.9605417366033049,0.3295023237687902,0.5860329100839188,-0.6760201580619267,1.2415090048625523,-0.6824813981130464,-0.8321227913623208,-1.1940202729240363,-0.844114576533476,0.6769975162545934,1.1201682272361313,-0.8523972546416179,0.4731143508735179,-0.6346847228976005,-0.5057382938501646,-0.7107937678977266,-0.093098282374475,0.8552353928241243,-1.1948939252628807,-1.4336869776455579,-0.023255055489598248,0
2.4207287555966395,1.8563125626925503,0.27967722576327125,0.3052077222492148,0,1,0,0,1,0,-0.3945902466157784,-0.09019848849224284,-0.31055362260288033,-0.1855102439151321,0.12420772872907089,0.07399729553722294,1.4116750128499111,-0.4009099108172718,-1.8102223434129003,0.923776297157979,0.12695241424332065,0.7583264744832092,0.28694575389361215,1.1302801423571334,0.23398693788099034,-0.7633599642832556,0.5694907308675417,0.2263148486775323,0.4316262532639202,0.6061852033378367,-0.8336058687892437,0.7846644121296085,1.707531440302555,-0.6832649201399736,0.05590804498921857,-0.6061852033378367,-0.4316262532639209,1.2736557955169365,0.41596727218528484,0.5729886987265271,0.05939174276930372,0.2909201075607231,0.9516700704320475,0.8401159358104279,0.6772228733838963,0.5738579727592754,-0.8869292675109735,0.4275877563966659,-0.7064490548762022,0.19684522775643593,-0.093098282374475,-1.3336639938350878,-0.5363722402842841,-0.32030321536567735,-0.6418381130257917,1
1.8810232460946468,0.8256019238340739,-1.168717627632051,0.3052077222492148,1,0,0,1,0,0,-0.36935237260751347,-0.15706777750335926,0.7896599792916505,-0.5552673724896755,0.8108187395973587,0.30832626777106636,-0.04011753155813606,-0.07343883612477603,0.4533387462937257,0.7085415198685585,1.0366673694255613,-0.14380326176175348,-1.1087889248635554,-0.4705353057611012,-0.6272833132500885,-0.004296233973825769,0.916469958772395,0.742946353079809,-0.6247379431982625,0.42347698798565403,-0.41436892916751394,-0.5276015455193757,-0.6240465539378925,-0.048437958976794954,-0.6223758410297047,-0.42347698798565403,0.6247379431982617,-0.3696425082138195,-0.4846237089171882,0.40923172957353837,0.3436427536518511,0.7176271134471482,0.3215701943037938,-0.9541866793037505,-0.8177176958673952,0.38782468222872474,-0.44283339212011924,-0.5588081172337243,-0.24116501795220557,-0.5162996974004062,-0.4992530300691578,-0.1916295312302808,0.2044646553166367,0.45906541823023866,-0.08511336124321738,1
1.8296227213801723,0.43908543426214564,-0.15484123025532542,-0.4281154315628296,1,0,0,1,0,0,0.17326191857018283,-0.4390817355067634,2.145737209533747,-0.6831489459090403,0.6980324197969563,0.19026739626393913,0.23898492691549067,1.40049875804939,-1.1633786349589368,0.8393251123944803,-0.12004493410911453,-0.016125466639923508,-0.10609612553999041,-0.20675525470105166,0.4968730337911706,-1.4994246200670993,0.7529368388000102,-0.35007792417817357,-0.3305796915292576,0.3058716999428703,-0.5389017727885803,-1.4244719995410575,0.08360042819551111,-0.38727479744670384,-0.18571866216251984,-0.3058716999428703,0.3305796915292576,-0.007559831120602114,0.7912135143113154,0.8641121994429487,-0.1344157646506147,0.17144214591252482,1.2037100208833493,0.10608304780917345,0.2896456887631914,0.6978801664463103,-0.22078545442469194,-1.0899443568808573,1.6108479133335034,1.4156747362063122,1.142289075196852,1.1724671879921262,0.6983559190505837,0.9600881112561845,1.708777505611744,0
0.72451144001895,1.5986349029779314,-0.4445202009343899,1.478524768348486,1,0,0,1,0,0,-0.6722068607066928,0.6511784114136133,0.6233486208657331,-0.5269135394690924,1.4294322902874341,0.9080116719038602,-1.031229105544069,-0.6539467806776931,-0.33226992461366406,-0.10448767377915077,0.11654691104612616,-1.2714370421505155,-0.46543411538530355,-1.3228527874013494,0.647079614779281,-0.025883277220852697,-0.0916647751541102,0.6485924154739297,-0.7858772647355261,-0.9546649792422314,0.11217025568632365,1.5457926323948723,0.4282139206220275,0.05026288435858366,0.481707563082487,0.9546649792422314,0.7858772647355247,-1.3444804850032512,0.11577027848446049,-1.1828499149693978,-1.0130097982875779,-0.9892009100985523,-0.24551969421163483,-1.2804235184154193,-1.149926711256571,-0.8523972546416179,0.19555442875423396,1.6416134470186852,0.38833691435672935,0.5599008260181015,0.549980068142106,0.31594134103852145,0.4514102871836102,0.013711913318286572,0.47161139053935697,1
0.6217103905899984,1.3667250092347738,1.7280720791585935,-0.13478617003801185,1,0,0,1,0,0,-0.48292280564470574,0.03191064796283935,1.0327304262218375,-0.592300950312478,1.084736601383045,0.48228422616603783,0.833312277690953,0.9016855842499922,0.04587791594802957,0.5574718090219416,0.4144227837634154,0.5020560444370216,0.2547889812620676,1.2464932285332584,0.2829610220654376,0.4164168594526278,0.7405563097766604,0.46451647427800896,0.5581846313588362,0.13114384342216406,0.08674033976945479,-0.9541276217252037,0.35574213664082116,-0.018785488900140753,-0.0852599893112515,-0.13114384342216406,-0.5581846313588369,0.744458036688388,-0.10937746679115769,-1.019092945816409,-0.6770767854263857,-0.3747428216220998,-1.1591645145976028,-0.05703537174666111,-0.319404172783631,-0.9144083514851348,0.6396503041450882,-0.4323471077939307,2.2038569800013414,2.1028871186301776,1.9658806469110703,1.0455744699249259,0.6160407084282594,0.7559677548382072,2.018069034379841,1
-0.6119022025574117,0.6709953280053031,-0.4445202009343899,-0.4281154315628296,1,0,0,0,1,0,0.8673034537974689,-0.5739832576857113,-0.42569225535928473,-0.0842465545559066,-0.9190077317446055,-0.376325748431251,0.17178429026498154,0.12575196663806,-0.21696991072095415,-0.461408276827867,-0.6860968924878169,-0.23148749189307655,0.9942421293797062,-0.5240735712525879,-0.07194340106320272,-0.352970275930192,-0.6592185949009065,-0.6520243418226405,-0.13124877099039398,-0.18555039652161812,-0.7625183747317913,-0.24466984053415045,-0.058095950495619254,-0.03033705985174294,0.2553846989423405,0.18555039652161812,0.13124877099039328,-0.2582324537235989,0.340918023760079,1.3007974505175837,0.8863037744276221,0.5469443110925782,1.109195039464111,0.8401159358104279,1.009431888773073,0.8839134569768611,-0.8869292675109735,-0.5588081172337243,-1.0987473605180025,-0.9571529238609991,-0.9054077777638412,-0.5088613263982832,-1.0302635040182315,-1.211010225189582,-1.0748462533011267,0
-0.6633027272718879,-1.7254069073406524,-0.15484123025532542,1.0385308760612593,1,0,0,1,0,0,-0.7353015457273552,1.5262938893417024,0.5210031695267069,-0.510132699518135,1.7019911914963965,1.5680680898755261,-0.39956589137306436,0.5274393248816914,0.7890785906147891,0.1509912681783136,-0.2243576335564194,0.1580371893578093,0.3635585249122899,-0.24646999446848855,0.8569374078437736,-0.28043971821617,0.4954542840816033,-0.0920431491808589,-0.04053384962865217,0.2557448558590603,0.30933618406094143,0.13453405731969645,-1.3605117389636086,0.2873045247943681,0.20181369132516155,-0.2557448558590603,0.04053384962865146,-0.3139374809687093,0.641115017460903,-0.3458698504096825,-0.43158727602782254,-0.22112829950298704,-0.43454965705011084,-0.30171300108041293,-0.319404172783631,-0.6043528672675491,0.27882240539001907,0.12408133374116129,0.0051618251252043045,-0.6978274965312384,-0.5500223735309933,1.2359135470257274,-0.5363722402842841,-0.48731077970765985,0.038603250264021984,1
1.932423770809123,0.3102466044048362,-0.8790386569529866,-1.6014324776621007,1,0,0,1,0,0,-0.0412600105000692,-0.37453833480907706,0.9047986120480549,-0.5760987600150019,0.5048676229125236,0.1571751368263353,0.7582102842582286,1.1438470720479204,-0.8734745944753025,1.6695983331685458,1.2676130322687498,0.6514730342747532,-0.5322487456837054,-0.1227082766728895,0.8437528876201238,-0.410619356634182,0.9450326084814278,0.5893494204648903,-0.6862106428504532,1.56910687884258,-1.17691852136987,-0.7247128832979233,0.7814361787823078,-1.318441477010822,-1.07257402299382,-1.5691068788425793,0.6862106428504524,0.04814519612450831,1.0914105080121401,0.7276480584821255,0.3824042551358344,0.76883195415352,0.7941451013999841,-0.38327221085833024,-0.09793149585751397,1.2559800380379649,-1.053465220782544,-0.5588081172337243,0.5069387276902979,0.858125067447326,0.2115177783965368,-0.4136917878478824,-0.5363722402842841,0.23638866577426285,0.2860364732784985,0
0.9044132765196139,0.4648532002336079,0.5693561964423357,1.478524768348486,0,1,0,1,0,0,-0.4955417426488382,0.04586597784342017,-0.3361399854376369,-0.18261699564772566,0.2636855641163776,0.17640442271575374,-0.5003583110133341,-1.5896222843944732,1.9378677877403467,-0.47285718025621204,0.8169490976284484,0.5403368316972255,-0.9476714629141638,-0.3651301371144059,0.27994513279904637,0.17521517424521232,0.25548933135391066,-0.30270871153840073,-0.49837739391320257,1.231239624279511,0.33092668072828796,2.462249360960994,-2.473055832366781,0.8921383918547139,-1.3576099771345347,-1.231239624279511,0.4983773939132019,-0.2582324537235989,0.41596727218528484,0.4456221671630917,0.47284775859846334,0.5640125913280355,-0.37153966943728567,-0.30171300108041293,-0.09793149585751397,0.5118468759157585,0.0012624832707351544,1.6416134470186852,-1.0257616292358074,-1.9685220904470657,-1.5992554717422576,-0.4136917878478824,-0.28942660841731066,0.3477270420022505,-0.9511296417938885,1
2.0095245578808356,2.371667882121788,1.0038746524609323,-0.4281154315628296,0,1,0,1,0,0,-0.5460174906653681,0.2790362812647914,-0.34893316685501513,-0.17393725084550635,0.3529808852001638,0.34902080302541705,2.1737762287143587,1.425753618923709,-0.16646263055642666,2.368639512205817,1.473511755012387,0.8634175181727378,-1.3771535071008443,2.826465379014525,2.2806341080551715,-0.9260207813047165,2.672213754661863,1.3911309890040062,0.7781220325379118,0.4058665575902641,-0.1985178581222592,0.3277975976676013,-0.7030015876057677,-0.550157752673807,-0.5574687990904527,-0.4058665575902641,-0.7781220325379125,2.443461367664254,1.9169522406894068,-0.31857702221751816,-0.7287587874050313,0.2567835470898098,0.1010352376589052,-0.7910682597479163,-1.149926711256571,0.07776919801113909,-0.16527347000083534,0.35171115073279,0.13288685486904556,-0.2569742700706454,-0.44848368660732285,0.5697267771729232,0.4514102871836102,0.7374113588002092,0.16231986177126023,0
1.2128164248064663,0.6194597960623787,2.452269505856255,0.5985369837740325,1,0,0,1,0,0,-0.43244705762817587,-0.026236559872914074,2.401600837881312,-0.6941432893251848,1.3549724602572517,0.5162708709938472,1.3206505259833479,-1.3214285859021813,1.0420023360865884,0.5878054111685463,1.661053335867398,0.7968741810948243,-1.7086903427720606,2.69955133734454,0.03214724511970217,0.11793434902421877,1.606318058447898,1.7341908696085815,1.90767708056873,-0.8051695616290189,0.8609631838533425,1.8459066089516707,-1.3059394534911812,0.7987103015208831,-0.4663508370092728,0.8051695616290189,-1.9076770805687304,2.2763462859289234,-0.10937746679115769,-0.4095531161914002,-0.28946177058654887,0.3421249482670949,0.038025250046078915,-0.8726274695258333,-1.5375038958772762,-0.29429738304996345,1.2225261405955843,2.400379503657447,1.2185496076917033,0.2487103132223888,0.5669031826293847,1.0772976494417266,1.6038232358961542,1.2384340518261547,0.7190446135538346,1
-1.5885121721324456,-1.4934970135974959,1.7280720791585935,0.3052077222492148,1,0,0,1,0,0,-0.7605394197356201,1.7821416038190174,-0.08027635709007157,-0.34984674550381806,1.515320055342949,1.6409604991772753,0.2885671055551909,0.8714531286763767,0.4879118704454289,0.446000225518707,0.45527149735074585,0.7499035828385945,-0.0020664052288432455,0.24936780445745585,0.5495183830521415,0.5025758959553207,0.49897982916664996,0.9205143644561021,1.3634784946753398,-0.3295023237687909,-0.1520942127740267,-0.6456013150080661,-0.16195156484285522,-0.10773767402524796,0.3068278693912404,0.32950232376879157,-1.3634784946753404,0.2152602778598393,0.491016520610491,-0.03655113089848297,0.22735824919990022,0.4274663494443799,0.006520256239666901,-0.13859458152457876,-0.7069813574043363,-0.17027518936292965,-0.24854144663662048,-0.7105613285614767,-0.42362934615769415,-0.4385020692014777,-0.44848368660732285,0.1890486229713212,-0.6186874509066087,-0.8213259083916238,-0.45626319576493324,0
-0.9974061379159777,0.28447883843337485,0.27967722576327125,0.3052077222492148,1,0,0,1,0,0,-0.3062576875868511,-0.18788579765630858,-0.2721740783507456,-0.2318022161936352,0.04858466719750325,0.034644338368180524,-0.8832322077835005,-0.8229313435950228,0.7247837133203692,-0.8553845671597953,-0.3442719861906671,0.6395646886342546,0.7510324526477905,-0.37329041568118937,-0.46001783084239056,0.5069420043747269,-0.12549655992947903,0.14235627318417338,1.324112778207694,-0.440948977121442,0.8551685001769497,0.6686633306766304,-0.48137579141099524,1.0311291248337429,0.586553636464579,0.440948977121442,-1.3241127782076947,-0.3974950218363748,-0.4846237089171882,-0.20030810005147043,0.08523274375862654,0.03489590402886805,-0.37153966943728567,0.8401159358104279,0.2342775195316623,-0.10826409251941274,0.9449662184763004,0.8069707847160468,0.4521994292286506,0.11904759955750843,0.5330569536548284,0.6014499566897238,-0.20711139779498602,-0.4316415915936655,0.6571863078002155,1
2.343627968524927,0.7998341578626126,0.5693561964423357,0.3052077222492148,1,0,0,0,1,0,0.6149247137148194,-0.5315357959656113,-0.5536240695330674,0.23979725139361502,-1.0427401684592161,-0.5941085909462925,0.16689109500135677,-0.09566141705976312,-0.5495502003796716,0.6914583631845128,0.65314746063289,1.9086572361269964,0.3424093730336675,-0.17770673557226607,-0.4613699063724802,-0.3858266782051354,0.5593609956936108,0.9094816554697465,1.215239784852797,1.3979208031972914,-0.4096286065083008,-0.3308919469658513,0.36353493134654125,-0.3794628512437907,0.03880813297561344,-1.3979208031972914,-1.2152397848527976,-0.09111737198826762,-0.3345252120667762,0.36374368258659734,0.09815324425328795,0.32505666803163763,1.109195039464111,0.2692014673650073,-0.26403600355210183,0.2638024885416898,-0.24854144663662048,-0.1035484832504671,0.7258959215368835,0.8192262533478623,0.600749411603942,0.506280418139323,-0.9479482933959068,-0.4316415915936655,1.0283361423219313,1
-1.1516077120594044,-0.10203765113855341,0.27967722576327125,0.3052077222492148,0,1,0,1,0,0,2.0030077841693914,-0.6838814804952853,-0.6175899766199587,0.47704360932094336,-1.63833823210988,-0.8946220820553437,0.43423887058002325,0.4612232629798255,-0.5376713901300867,1.0684942569360572,0.9994892403124221,1.9464818059875684,-0.20246347815810192,-0.3431028986858251,-0.8263389430418787,1.0784565127963384,0.6329505423983446,1.5185170096491645,2.394254639720468,0.28017642692511974,-0.9466440937964052,-1.4608516159967329,1.8187595918167372,-0.8158438845606388,0.18315134121242352,-0.28017642692511974,-2.3942546397204683,-0.48105256270404034,-0.9349191994684248,-0.7370670544973751,-0.12149526415595328,0.13730558544161034,-0.5605696322757617,-0.22015379130249568,-1.0945585420250417,-1.720552610450858,-0.9146852597229018,-1.3934507795363622,-0.1864257194905595,0.754394896515422,0.34690269429476517,-0.8895394805998851,-0.20711139779498602,-0.09762646290970158,-0.08511336124321738,0
0.6217103905899984,1.8820803286640106,1.7280720791585935,0.5985369837740325,1,0,0,1,0,0,-0.7479204827314877,1.598977899136394,0.08603500133584588,-0.41234090807979723,1.541019557098068,1.548391611291005,1.059612549336767,0.9379638940220509,-0.15616573018328356,0.6496546667705755,0.3322830696206637,-1.050985819264513,-0.46348189249266536,1.108264786385959,0.05763944257090715,-0.5465971962031835,0.937733915000452,0.4283220518119816,-0.30025191215747105,-1.1356331163529634,-0.3660519274109879,-1.2296429523927508,-0.33579368380807195,0.052199355497103056,-0.013811146919282629,1.1356331163529634,0.3002519121574703,1.106540713781605,0.11577027848446049,0.19998671343360988,-0.12149526415595328,0.2567835470898098,0.3845801819166189,0.02452383803125581,0.17890935030013266,0.8219023601333442,-0.19302946221276363,-1.0140677512169813,0.7806352199985308,0.4691369264526849,0.46536449570571364,0.8235122133073248,1.1099319721622063,0.5704037944582268,0.2860364732784985,1
1.2128164248064663,0.9544407536913834,-0.15484123025532542,0.3052077222492148,0,1,0,1,0,0,-0.8236341047562825,3.6283154526041885,-0.10586271992482811,-0.3388524020876736,2.6728497816111014,3.052300644921569,-1.1257818776043649,-0.24730629512154204,0.2231449579278038,-0.4598780042551189,-0.8297626285269942,-0.02039582676211257,0.5046769956687239,-0.46274945839538606,-0.4011855972615377,1.0290593099698386,0.5428667869494466,1.1856681614875988,1.0187373090415193,-1.0381887348318,1.103053298960204,-0.062463273083547634,0.7290587315305144,1.1595629280941335,2.2363062436207652,1.0381887348318,-1.01873730904152,-0.6203151308168162,-0.6347222057676005,-0.9372144612399159,-0.3282232720705331,-0.10165033785478751,-0.8756195703398886,-0.5463906304141645,-0.983822203561983,-0.728375060954584,1.055990187324014,-0.02767187758659086,0.10551720563822252,0.4691369264526849,0.9392117013495113,0.6966194952401235,-0.5363722402842841,-0.9883334727336057,1.1520527538291696,1
1.2899172118781799,0.5936920300909173,1.0038746524609323,-0.8681093238500562,1,0,0,1,0,0,-0.1800683175455264,-0.28208427435022915,-0.041896812837936774,-0.37588597991047606,0.1253842744532704,0.07355010284212017,0.20985111350885147,-0.17968699342052816,0.7616643813902898,-0.16148580996145542,-0.007664213332482993,0.010162204761608283,0.14388080428090524,0.30385976494396194,0.33273222784761064,-0.08059283246327031,0.11719204553640898,-0.006779919305905204,0.18032674558006626,-0.16498583548630744,0.011810015185045432,0.579949879161857,-1.1222087495507975,0.33436253733453336,0.003344581096470586,0.16498583548630744,-0.18032674558006695,0.18740776423728422,0.19081952690966666,-0.30947941282012914,-0.3023822710812103,-0.23819657973844427,-0.24551969421163483,0.35076067714292497,0.2896456887631914,-0.10826409251941274,0.16779843654230542,0.8069707847160468,0.6711566230752374,-0.06248019957332482,0.0761328624983096,1.331083085576127,0.4514102871836102,0.4033962301162448,0.47161139053935697,0
-1.7170134839186342,-0.3339475448817109,0.27967722576327125,-2.041426369949327,1,0,0,1,0,0,-0.16744938054139394,-0.29952843670095514,-0.1442422641769629,-0.315706415948422,0.024944617245859824,0.013626281698351053,0.9328017733242324,-0.06055828324617492,-1.234247106715726,0.9426012481558491,0.6118008684791353,1.0176784794113294,-0.19591219917123542,0.20132920006313715,0.28373638366761317,-0.927315886163913,0.20688917542544266,0.36610117635080247,1.116988546947158,0.28017642692511974,-1.0959178082067134,0.3673590247128444,0.7553941068116369,-1.0682457098531293,-0.4379445496662847,-0.28017642692511974,-1.1169885469471588,0.24311279148239442,0.340918023760079,0.22727954162577424,-0.3023822710812103,-0.20406001926752979,1.2352150146897614,1.0847935651441794,0.5664865349208381,0.139780294854656,-1.0257092285706153,0.35171115073279,0.03253147435602734,0.4172718409867329,-0.0592520533999176,-0.2550758902638815,0.6160407084282594,0.848749735028197,0.16231986177126023,1
2.4207287555966395,2.448971180036173,0.27967722576327125,-0.13478617003801185,0,1,0,1,0,0,-0.3945902466157784,-0.09019848849224284,-0.822280879298011,3.323999904448883,-1.6285130175121179,-2.638226400260984,0.5184420723447297,0.6626875823520421,-0.5018564336499177,-0.3795250014196523,-1.053624743361327,-0.2483701678136429,0.8955698706481622,1.3215340323350535,0.282855968267321,-0.9350869301508876,0.9202645159889252,0.3435976851290439,-0.05671543019588151,-0.28249761283093816,0.5995549120739626,-0.6262006042426241,-0.2536176282723919,1.4252323330662353,1.705220032323702,0.28249761283093816,0.056715430195880795,1.4964759044973779,0.491016520610491,0.6457695739056325,0.020630241285320403,0.39332978897346543,1.0461850518512859,0.18764225758709038,0.2342775195316623,0.9459245538203791,0.5841383197212315,-0.5588081172337243,0.11464042204849642,-0.03654765684034838,0.5330569536548284,0.9504049313745251,-0.9479482933959068,-1.1553410370755877,0.7190446135538346,0
1.8810232460946468,0.43908543426214564,-1.168717627632051,-0.4281154315628296,1,0,0,1,0,0,-0.36935237260751347,-0.15706777750335926,2.145737209533747,-0.6831489459090403,1.2056356774212462,0.40715585338877514,0.0989896328789685,0.9326296316650514,-0.528824993785958,0.9829960582964486,0.7741158035191157,0.38554968310512483,-0.7314310422069442,-0.3418139185437105,-0.20288260321042415,-0.3830085519077608,0.9624460803465688,0.8508748723627501,0.28185302474922574,0.2463053852199044,-0.47918393413137383,-1.483306776277996,0.33803482478420155,-0.37361919892420997,-0.175674754137022,-0.24630538521990367,-0.28185302474922647,-0.4253475354589299,-0.3345252120667762,-0.4732363819731166,-0.5866332819637576,-0.20406001926752979,0.1010352376589052,-0.7910682597479163,-0.983822203561983,-0.6043528672675491,-0.16527347000083534,-1.1658209625447336,1.5469853984615822,1.519404907138216,1.243827762120523,0.8552353928241243,0.7806711296729086,1.0157572993701793,1.5232025883508855,1
-0.6633027272718879,0.6709953280053031,-0.15484123025532542,-0.4281154315628296,1,0,0,0,1,0,-0.7353015457273552,1.5262938893417024,-0.42569225535928473,-0.0842465545559066,0.9411737387828446,1.2389342662798988,0.14427622620162125,0.6825720641609646,-0.2046951505736859,0.19344109313643146,-0.28401538117998665,0.44448509520845025,0.885714790120728,-0.4529864848834468,0.7304381570413349,-0.20593271962680842,0.33643219276028674,-0.031170655320214576,0.5791922973583978,0.031788787753525546,-0.6532383629247072,-0.20511466835635359,0.07288260501319417,0.07227396628016068,0.3388018274169027,-0.031788787753525546,-0.5791922973583985,-0.3417899945912644,0.8662627627365218,0.46381738595786837,0.279040251178545,0.4103980692089227,0.2270552128845555,0.5954383064766764,0.34501385799472056,0.139780294854656,-0.6926373220274746,-0.3311783002420958,-0.4509989953885172,-0.3477381696360611,-0.29617565622181696,-0.12818317219668063,-0.9479482933959068,-1.0440026608476,-0.3944048900113141,1
0.8530127518051386,0.3102466044048362,1.7280720791585935,-1.6014324776621007,1,0,0,1,0,0,-0.571255364673633,0.4011454177198736,0.9047986120480549,-0.5760987600150019,1.22805899743904,0.75373019209341,2.0127062569349405,0.5512537937611548,-1.2147442000438105,1.6375620652950884,0.7727826056880478,-0.17761954240024527,-0.4329828738768244,1.7004761441592207,0.2701569076338024,-0.9901502843628128,1.0597049335536126,0.2773221052549755,-1.3422252734671216,1.0889508130082355,-1.099621317826086,-0.4859758724463063,0.6655904695762547,-1.1614554313291319,-0.7339041757547563,-1.0889508130082355,1.342225273467121,1.6078859589875987,0.26586877533487285,0.05442496307539909,-0.4703487775118068,-0.05044549714841698,0.4790951633358572,-0.709509049969999,-0.1532996650890431,0.8219023601333442,-0.8869292675109735,-0.1035484832504671,1.3189049882047215,1.519404907138216,0.854596128913119,0.4428340591057229,0.03983423407198747,0.6817421706862145,1.2139110595827887,1
1.495519310736081,0.9029052217484598,2.8867879618748513,0.5985369837740325,1,0,0,0,1,0,-0.6469689866984278,0.5930312035778599,-0.5152445252809326,0.04826421609130849,0.3756265585919498,0.4187828634614468,2.8912730566144655,-0.5121009926792973,1.1304520419922393,1.115567026774214,1.983449895283825,1.0970833281421672,-1.2156101533730725,3.6263763145311168,-0.6895513788829603,2.0632298607134527,1.7859509749629738,2.6572950264666404,1.652616263271448,-0.14275387761029457,-0.39695308142159264,0.012097249655215435,0.5279812211168174,0.26385933225606434,0.0157493875931961,0.14275387761029457,-1.6526162632714487,2.7498390175123615,-0.8598699510432187,-0.9008240236503626,0.17567624722125458,0.9053781960371756,-1.411204465048904,-1.6066603575270884,-2.146553757424099,-0.4803306735805153,-0.08200549336504998,0.5034643620605421,1.50136931641021,1.5972025353371444,1.6330593953279282,0.2524949820049213,0.28677986593896093,0.23638866577426285,1.5232025883508855,0
0.44180855408933456,2.371667882121788,-1.8929150543297122,-0.4281154315628296,1,0,0,1,0,0,0.19849979257844777,-0.4414076238201935,-0.34893316685501513,-0.17393725084550635,-0.48383751490921445,-0.20505094620689596,-0.7204815130538536,-0.18520443002682338,1.4912470740138593,-0.8313525600444155,-0.6737622061079177,-0.6234991104156143,0.2212835169354506,-1.247256250183684,0.4263893659289108,1.069980897149599,-1.3868220797716937,-1.2113944014374163,-1.0787610282698779,0.21952363131345246,-0.24439666684538494,0.6813463989868441,-0.9633570941786478,-0.25204536059606175,-0.30676698812058006,-0.21952363131345246,1.0787610282698772,-1.1495128896453646,0.491016520610491,0.2636699792153276,0.795860270964994,0.13730558544161034,-0.8756195703398886,0.35076067714292497,1.0648000580046022,0.6358690696027934,-0.026493508941193386,1.0346006017076752,0.9722227646142934,0.2616765845888761,0.1438253204474232,1.5214221626769286,0.6983559190505837,0.9044189231421907,0.904619530814692,0
1.2128164248064663,-1.4934970135974959,2.452269505856255,0.3052077222492148,1,0,0,1,0,0,-0.43244705762817587,-0.026236559872914074,-0.08027635709007157,-0.34984674550381806,0.4133796070093859,0.2501912174077083,2.1927084991933317,0.6804457992642126,-0.1948954704004486,1.1699667104649718,0.7032369837525732,0.7118101855171447,-0.5489142854586854,2.7695153315682295,0.27407077705764066,0.1335173127334925,1.7223889806356625,1.602844981766316,2.2754391892299264,-1.2859286878517078,-0.2817474574722313,-0.6593751259577928,0.4006006600109284,0.1273418836376191,0.6506236356447598,1.2859286878517078,-2.2754391892299273,2.359903826796588,0.11577027848446049,-0.3731626786018469,-0.25070026910256554,0.4274663494443799,-0.15100471279239655,-0.709509049969999,-1.482135726645747,-0.29429738304996345,-0.22078545442469194,-0.5588081172337243,0.24236545179233895,0.4172718409867329,0.4484413812184362,0.3476645205553221,-0.04248097655033679,-0.5986491559356475,0.16231986177126023,1
-0.9974061379159777,-2.1119233969125806,0.27967722576327125,-0.13478617003801185,1,0,0,0,1,0,-0.3062576875868511,-0.18788579765630858,0.022069094248954552,-0.39324546951491474,0.31549308600900167,0.15941110030184907,-0.535884592299865,-1.3883067263825077,0.7214577314892536,-0.10112509302483927,-0.025031544361052052,0.752451717366623,0.4695494333576891,-0.6304815209749824,-0.6133667786672615,0.5816322986559351,-0.1746159356854479,0.14436328726573963,1.4363050701404856,-0.39825548305102343,0.11519086344928056,1.291037177158507,-0.40177252017871606,-0.036532696138160806,0.17348488559446923,0.39825548305102343,-1.4363050701404863,-0.5367575899491508,-0.4846237089171882,0.35464607318920965,0.6149732640397371,0.512807750621665,-0.024984737566746233,1.247911984700014,0.5664865349208381,0.38782468222872474,0.25106641317809053,1.4898602356909325,0.589047675382767,0.2746428559553643,0.24536400737109418,1.0138512904081252,0.03983423407198747,-0.15329565102369538,0.22417816752487937,0
-0.7661037767008384,0.7998341578626126,-0.15484123025532542,-0.4281154315628296,1,0,0,1,0,0,-0.5838743016777656,0.46801470673099,0.4570372624398156,-0.49913835610199053,1.0676141220420736,0.7456807235815603,0.6515578264651464,2.307226549027926,-1.3413964912776877,0.5454523156457809,0.574877376350448,0.08109851265081366,-0.35357771425781453,-0.1322707594408385,1.5699956132955835,-1.4813035973631612,0.3004595904687726,0.1690686748887609,1.0872846843245239,-0.9677470132502359,-1.0381704027103424,-1.5939537059540658,0.3451666816494227,-0.43894030211652735,-0.5823060899483563,0.9677470132502359,-1.0872846843245245,-0.09111737198826762,1.5417059985633763,0.17269388524144552,-0.6383152839424023,-0.4942207832702994,1.4557499713346498,1.4110304042558486,0.8986955503100138,0.07776919801113909,-1.0257092285706153,-1.5452039908641146,-0.42362934615769415,-0.1921429132382052,-0.3469449996836519,-0.826093121566285,1.1922471827845313,0.7374113588002092,-0.8892713360402683,1
0.6217103905899984,-0.3854830768246345,1.7280720791585935,-2.334755631474145,1,0,0,1,0,0,-0.7479204827314877,1.598977899136394,-0.438485436776663,-0.06978031321887439,1.0094228806266525,1.2836535357901742,2.0537575214120394,0.5781989846377082,-0.972273522268396,1.5495961541884484,1.0513867710153983,-0.552522732613083,-1.4304094084649477,1.3308052568978614,0.3091441363372097,-0.7382319371254543,1.330360447821106,0.7106495251346978,-0.04053384962865217,-0.7133741297612556,-1.5260748952324186,-0.4839024426932323,0.5872785743022289,-0.7742417856175083,-0.6730433504142953,0.7133741297612556,0.04053384962865146,1.217950768271826,0.26586877533487285,-0.04564874029587195,-0.4186667755331612,0.10316902497069583,0.3845801819166189,-0.30171300108041293,-0.319404172783631,0.5118468759157585,-1.3865371273256843,-0.2553016945782196,0.7441423543574326,0.9618552383792308,0.549980068142106,-0.12818317219668063,2.097714499630101,1.795125932966095,0.6571863078002155,0
1.2128164248064663,0.5936920300909173,-0.15484123025532542,-0.8681093238500562,0,1,0,1,0,0,-0.8236341047562825,3.6283154526041885,-0.041896812837936774,-0.37588597991047606,2.7263977579219802,3.080920977408145,-0.26133134378807005,-0.5870050202584063,1.7245536933665098,0.031039142097306387,0.8994958359785702,0.9933707978793124,-0.7291369199027096,-0.43516987180528327,-0.28624179518314774,0.8872373196445241,0.4520491516190904,1.2263703631912235,1.5099934985697145,-0.14275387761029457,-0.07142901341007617,0.5189320655485667,-1.4659347303209054,0.40631232211879265,0.027923325584555972,0.14275387761029457,-1.5099934985697152,-0.5089050763265954,-0.40957446049198204,-0.4823339913705056,0.020630241285320403,0.20557870638343811,-0.34003467563087314,-0.38327221085833024,-0.983822203561983,-0.29429738304996345,0.029018475482663446,0.6552175733882943,0.44307621281837667,-0.4255357978349895,-0.24540631275998087,1.4579758036433286,0.28677986593896093,0.23638866577426285,0.2860364732784985,1
-1.7170134839186342,0.05256894469021735,0.27967722576327125,-0.8681093238500562,1,0,0,1,0,0,-0.16744938054139394,-0.29952843670095514,-0.68155588370685,0.65063850536533,-0.8876212941841777,-0.7331855191232493,-0.12071801157510183,-0.050055045024830984,0.1959072745720062,-0.7677448877753216,-0.45253179229797086,0.61398572376714,1.0829807247212881,0.01744305623805106,0.1863344316295503,-0.5668079209310556,-0.2770540478701746,-0.18339468864843592,1.008285049689855,-0.1626015385546773,0.18529022996520433,0.25536786328778704,-0.8373991050606796,0.7624517613297225,0.409264274583111,0.1626015385546773,-1.0082850496898559,0.18740776423728422,0.41596727218528484,0.7094528396873502,0.279040251178545,0.15437386567706757,1.0776900456576979,1.8188264531454346,1.3416409041622488,0.44983577907224165,0.3065783976019474,0.4275877563966659,0.534308376921121,-0.010615114107371936,0.2961333508329291,1.0455744699249259,0.03983423407198747,-0.04195727479570725,0.7190446135538346,1
0.6217103905899984,-0.6689285025107157,1.7280720791585935,-0.13478617003801185,1,0,0,1,0,0,-0.48292280564470574,0.03191064796283935,-0.7583149722111197,1.5215062338546692,-0.8359652222306702,-1.1513106890443248,1.5972471049005545,0.08516799722658659,0.27055653990186657,0.6618268769029271,0.8319347222178473,-0.13096765135452249,-0.8445774256928658,1.6656723200964163,0.6634566433450977,0.4245606162974257,1.2496932244694223,1.0828224870438887,0.6912331826893887,-0.8641809106868654,-0.5566908244477672,0.5477405518084258,0.05678262116557446,0.3450889960753029,-0.02439047938660928,0.8641809106868654,-0.6912331826893894,1.1622457410267157,0.26586877533487285,-0.8462383672660339,-0.5220307794904515,-0.03337721691295973,-0.8756195703398886,-0.5463906304141645,-0.8730858650989243,-0.5423417704240322,-0.3595654154843339,0.8828473903799233,0.9448531153834703,0.8321925247143505,0.9392117013495113,0.28421816152172197,1.1922471827845313,0.793080546914203,0.5953280020465953,1
1.2128164248064663,2.371667882121788,2.452269505856255,-0.4281154315628296,1,0,0,1,0,0,-0.43244705762817587,-0.026236559872914074,-0.34893316685501513,-0.17393725084550635,0.13559032629477505,0.11424463809647085,2.1127531598156386,-0.16687100813766084,0.7062172168492887,1.5869675726677348,1.5916410567078871,2.3338970972867474,-1.2331329435603948,2.772649977036912,0.28471804683893825,0.209094686723481,1.7641053273133787,1.7094495931844154,2.6264848384065225,0.5782415939310317,-0.1674355109208776,0.5142599846503024,-0.7553025987074046,-0.3946341632766367,-0.40026651549804537,-0.5782415939310325,-2.6264848384065234,2.4713138812868096,0.19081952690966666,-0.19121049065408274,-0.05689276168264715,0.6493539925053206,-0.024984737566746233,-0.5463906304141645,-1.4267675574142176,-0.046252995675895824,0.11228645211844858,0.9587239960437993,1.2276728241019772,0.585833368751077,0.38074892326932136,1.5214221626769286,0.4514102871836102,0.848749735028197,1.2139110595827887,1
-0.38059984134227254,-0.7719995663965628,-2.327433510348309,-0.13478617003801185,1,0,0,1,0,0,-0.4198281206240434,-0.0727543261415168,-0.6047967952025805,0.468363864518724,-0.3409489094174851,-0.41791466907580715,-0.9253614897210017,-1.5303567995741512,1.5686711496290677,-0.783380330134556,-0.6957064484306821,-0.019467487605115665,0.9075866310694167,-1.446582823809915,-0.5635144457377748,0.659272957881241,-0.8954092269183402,-0.7083661058889247,0.8393220050399173,-0.8589806768618448,-0.1586708357320533,1.5359463333163694,-1.4819202697085558,0.17042382463973602,0.21287082572918017,0.8589806768618448,-0.839322005039918,-1.2887754577581405,-0.25947596364157,1.0460643873907127,1.2739187892674588,0.785900234388976,0.06953024385249205,2.879096180258358,2.5043724580243647,1.069946747507413,0.0012624832707351544,1.793366658346437,0.6985262723060605,-0.24400799870415715,-0.1607907403235886,2.0607162144625315,1.3568776040291806,0.9600881112561845,0.7190446135538346,1
-1.7170134839186342,1.2121184134060021,0.27967722576327125,-0.13478617003801185,1,0,0,0,1,0,-0.16744938054139394,-0.29952843670095514,-0.8478672421327675,3.6133247311895276,-2.6248524514767504,-3.022812118049353,0.283867085496323,0.21624906530412985,-1.0751703434767903,-0.5849353018691889,-1.303059609392917,-0.5133543377109224,1.3921087554225438,0.0253234009721301,0.08838951995116139,-0.5539246919052979,-0.1354109011363766,-0.14651939378528336,0.7380194864539785,-1.4321128303428865,-0.3694212485988521,-0.20826194794371172,0.913152982881307,0.6559387243297069,1.5509936404671316,1.4321128303428865,-0.7380194864539793,0.32667033235006016,0.491016520610491,1.2280165753384769,0.705416767502365,0.615217432034406,1.3927399837218248,1.4925896140337656,1.1755363964676604,1.069946747507413,-0.44283339212011924,-0.3311783002420958,-0.44187577897824326,0.06718251409155555,0.3299795798074865,-0.15990635171348128,-0.7010026615289333,-1.266679413303576,-0.023255055489598248,0
0.8530127518051386,1.2121184134060021,1.7280720791585935,2.505177183685348,1,0,0,1,0,0,-0.571255364673633,0.4011454177198736,-0.4512786181940413,-0.023488340940371298,0.2659752261028921,0.3266611682702793,-0.6265919421345407,-0.055888321396585755,-1.0693849422072272,-0.23294305746656588,-0.7369965906013308,-2.3990384923841868,0.3988234108487126,1.9307478592869631,0.20186544338140278,-0.8922338131303257,1.4814317261990815,0.9520494157618601,-1.4375436385994584,-1.846264093787793,2.8004718601685994,0.2789328448033028,0.5652761051098449,1.7836533831048507,1.8876226160093064,1.846264093787793,1.4375436385994576,1.9142636088357055,0.26586877533487285,0.23637715102316323,-0.2765412700918884,0.3079883877961804,0.8886600828192224,-1.2804235184154193,-0.8730858650989243,1.1939689411944467,2.7491057122516462,0.35171115073279,0.2606118846128881,0.5210020119186368,1.2607508766078017,0.12560226393772106,-0.9479482933959068,-1.6006945419875402,0.7190446135538346,0
-0.38059984134227254,-0.10203765113855341,-2.327433510348309,0.3052077222492148,1,0,0,1,0,0,-0.4198281206240434,-0.0727543261415168,-0.6175899766199587,0.47704360932094336,-0.3747141134432819,-0.4246225595023485,-0.03728627655254412,0.6808982377567586,-0.8656274311847055,-0.20242065622865288,-0.9152764460738034,0.05251877287675198,1.3369077161019194,-1.3027074946809272,-0.610650796332061,0.6536251921618783,-1.1303373986278389,-0.8510111652051482,0.5516412599819246,-0.4754817429490244,-1.2498025041560576,-1.5462907624327593,1.8401719798695546,-0.8473659680048405,0.35905743950343283,0.4754817429490244,-0.5516412599819253,-1.0659553487776992,-0.10937746679115769,1.846654014360876,1.9845463164738264,1.2979486414526862,0.6366201323679207,3.042214599814193,2.8919496426450695,1.814079909629618,-1.1367331974183288,-1.3934507795363622,0.38833691435672935,1.3249108366408955,0.8376730144258402,-0.3502454288142823,0.28677986593896093,0.06938110143228039,0.40975308478573785,0
1.2128164248064663,0.6194597960623787,-0.15484123025532542,1.7718540298733036,0,1,0,1,0,0,-0.8236341047562825,3.6283154526041885,-0.5024513438635544,0.034376624407757565,2.182214136639453,2.763861356580292,-1.0515236106808106,-0.3468240454532825,0.5127291027639466,-0.0635401694899485,0.5504762476568213,0.7892148211009523,-0.4544420461904537,-0.37149738572266744,-0.026714594264017896,0.9940314350651589,0.9601638601703013,1.8953576350476826,1.2994551316290601,-0.21238889143210804,1.0909733669805621,0.44926479266842506,0.29798786820940404,1.0379207174679466,1.1348017471346432,0.21238889143210804,-1.2994551316290608,-0.45320004908148526,-0.18442671521636386,-0.4823339913705056,0.07231224326396513,0.4616029099152932,-0.2140147004052217,-1.0357458890816678,-1.5375038958772762,0.139780294854656,1.1670141561717275,0.5793409677244183,0.42482977999782756,0.5210020119186368,0.9392117013495113,0.3476645205553221,-0.4540570296619595,-0.5986491559356475,1.0283361423219313,1
1.2128164248064663,-0.10203765113855341,2.452269505856255,0.3052077222492148,1,0,0,1,0,0,-0.43244705762817587,-0.026236559872914074,-0.6175899766199587,0.47704360932094336,-0.3544578334460412,-0.3888471438941281,2.68654998832365,1.1292788216575118,-0.742543782473549,2.045241813149594,1.2146574533389127,0.8879942398893731,-1.3492849266258422,2.5927072388402874,-0.08386889918553467,0.8642585858208671,1.8471780630264534,2.0843040105879824,2.001249688097911,-0.7736968421314995,-1.1451106325302427,-1.633988644923991,1.883578755975001,-0.9313595940766538,0.4558030111196685,0.7736968421314995,-2.001249688097912,2.777691531134916,0.11577027848446049,0.6275743551108558,1.0155087793742343,1.8270653287518537,0.16404522527173035,-1.0357458890816678,-1.7036084035718644,1.069946747507413,-1.0257092285706153,-1.4693273852002382,0.4704458620491997,1.4286410075727993,0.8884423578876751,-0.15990635171348128,0.36909507656128593,0.013711913318286572,0.40975308478573785,1
-0.3034990542705592,-0.5658574386248675,0.27967722576327125,0.45187235301162365,1,0,0,1,0,0,1.1323011308842508,-0.6048012778386607,9.591368794447897,-0.7977215772983355,1.0786642079015398,0.15136163178999948,-0.10284786651390071,-0.4718392879722661,-0.19341510193112474,-0.3700237393409696,0.3785986541020587,1.1713227271782989,0.355949942231387,-1.5636710516107075,-0.7981719209177466,0.201556278576142,-2.7995612267127536,-2.377876232736354,-0.9813771768947055,2.5708624326187053,-1.419389228613176,-0.15197687811397448,0.4669495457397364,-2.2761187898935327,-2.8137301177793317,-2.570862432618706,0.9813771768947048,-1.4558905394934718,-0.6847550380510711,0.2636699792153276,0.33072225315718967,-0.8583440949600482,-0.19301137120094664,0.5954383064766764,1.3047287913412295,-0.9970898139431584,-1.3957891247296605,-0.4323471077939307,-0.9284473208595457,-0.5768089637773496,-1.3623318689203594,-1.915255618309758,-0.48149543320273464,1.127095675598167,-0.6624575482769981,1
1.932423770809123,-1.5450325455404195,0.5693561964423357,1.0385308760612593,1,0,0,1,0,0,6.192494869541372,-0.7856390942078538,2.0817713024468554,-0.6802556976416338,-0.5935368608359859,-0.0784954134928164,-0.692189373703887,0.09568694083837301,1.6904172073781631,-1.3641626962529148,-1.0692219325205754,-1.4597694030352308,0.6119776419840005,-1.2853792092417766,-0.22778972290406527,0.5653316338983839,-1.5559545779634896,-1.310113857539701,0.13102875603442848,-2.120904085066952,-0.3218295868202689,-0.35952807311113166,-1.7427531801046703,0.3000378693640576,0.11096968953671252,2.120904085066952,-0.1310287560344292,-1.0659553487776992,0.26586877533487285,1.619213779426171,1.726136306580602,0.8541733553308051,0.4475901695294441,2.3081817118129377,2.4490042887928354,1.4420133285685155,-0.19302946221276363,-0.17942508891434333,0.561678026151944,-0.4903671546674297,-0.3469449996836519,1.9972698554289314,2.2623449208747504,1.127095675598167,0.7809029193074537,0
0.8273124894479005,0.20717554051898904,-0.4445202009343899,-0.13478617003801185,1,0,0,0,1,0,0.1480240445619179,-0.4431520400552661,0.07324181991846762,-0.4100263094658721,-0.054910433565153745,-0.023937904690280336,-0.17896312314837118,-0.9009868982734289,-0.7607399140813338,0.18938532766876018,-0.41742306874076346,0.590726142235166,0.846911572498824,-0.948524558943426,-1.5949871686647557,0.3101236976969168,-0.5665304348239504,-0.6231728315520482,1.1590962203352904,-0.3438975164935092,-0.6989019839890434,-0.3611903382228611,1.3516013554571757,-0.8176092409186925,-0.06573654620017053,0.3438975164935085,-1.159096220335291,-0.8709877534198129,-1.4602639384448675,0.1817914946388332,0.31780175266252825,0.06903246449978255,-0.34003467563087314,1.7372672433675176,1.1755363964676604,-0.29429738304996345,-0.5261013687559044,-0.1035484832504671,0.8353745184601769,1.4805060930387524,0.9899810448113461,-0.09645999267988113,0.6983559190505837,0.5704037944582268,0.5953280020465953,1
0.8273124894479005,-0.3854830768246345,-0.4445202009343899,-2.334755631474145,1,0,0,1,0,0,0.1480240445619179,-0.4431520400552661,-0.5024513438635544,0.10670783109291863,-0.6857077656407555,-0.42328098141704024,0.20345118787812866,-0.7870515207094114,-0.1326927322005945,0.7125414816341876,0.44225092154635715,0.6619487223673605,-0.19995857736900588,-0.9149091203932699,-1.6196746550779904,0.3505048257632204,-0.45977016077967975,-0.5377648564229903,0.9573302853504951,-0.04664941409013511,-1.197070242347196,-0.5423016014984591,0.5336189574865574,-1.4184977934746754,-1.09997057253656,0.04664941409013511,-0.9573302853504958,-0.7317251853070371,-1.3852146900196616,0.9732835122116075,1.0284292798688959,0.76883195415352,0.1325402314653172,1.9003856629233515,1.4523772426253072,0.5118468759157585,-0.9701972441467586,-0.1035484832504671,1.5561086148718575,1.6490676208030963,0.8376730144258402,0.5380035976561225,2.2623449208747504,2.4631561903340238,1.5850608941045057,1
-0.9460056132015023,-1.132748289997029,0.27967722576327125,1.0385308760612593,1,0,0,1,0,0,1.1070632568759857,-0.6024753895252305,1.7235622227602638,-0.6559524121954198,0.16730055313416378,0.043588192270235616,0.36370574333875133,-0.8726690851925052,-0.18721389210524403,1.0362438279089028,1.1851324857136896,0.7097082806958248,-0.29647155565396394,0.4172773718687802,0.6556689260193487,-0.57520129692567,-0.17653447135372954,-0.2442749194877513,-0.007768161614413057,0.9756618166055823,-0.08880305635000393,1.854600442940481,-0.3220941689983121,-1.5749471185230182,-1.779217189059346,-0.9756618166055823,0.007768161614412348,0.18740776423728422,0.340918023760079,-0.646090960523493,-0.8192022908676594,-0.8355863879794388,-0.08799472517957138,-0.13859458152457876,-0.1532996650890431,-0.6043528672675491,0.22331042096616224,2.476256109321323,1.3371514210252706,0.9359226956462544,0.1607484349347019,0.5697267771729232,-0.20711139779498602,0.29205785388825667,-0.45626319576493324,1
-2.076817156919963,-0.35971531085317227,-0.15484123025532542,-0.4281154315628296,0,1,0,1,0,0,-0.19268725454965888,-0.27859544188008395,1.1478690589782419,-0.5992447461542535,0.728880138648709,0.24884963932239998,0.8862556005298916,0.4506319512663874,-1.006964298503351,1.241662726998395,1.011022712917146,1.3825974885579662,-0.13676898871815282,0.11397989234814124,1.0572744174557143,-0.1898308076848519,0.32002802347059117,0.3911205744684717,0.3871222082195544,1.5017549802280383,-1.118472620940031,0.4406478063976838,1.1857922750477943,-1.3600719289094751,-0.9325259270795356,-1.501754980228039,-0.3871222082195551,0.38237535959517033,1.4666567501381707,1.0733572155828786,0.795860270964994,0.9053781960371756,1.109195039464111,0.18764225758709038,0.012804842605544792,0.9459245538203791,-1.1089772052064004,0.19995793940503753,-0.5422311594912614,0.10608132819102022,-0.44848368660732285,-1.206771275767887,-1.0302635040182315,-0.48731077970765985,-0.5799798072721716,1
-2.076817156919963,-0.9523739281967958,-0.15484123025532542,0.3052077222492148,0,1,0,1,0,0,-0.19268725454965888,-0.27859544188008395,1.1094895147261072,-0.5969301475403284,0.7161798638627191,0.24706086854198897,-0.3190466038756161,0.19207937725349586,0.3906352142763987,0.374984468895609,0.6278943768500981,-0.2631512416627191,-1.0847244023625113,0.1500393135911234,0.8225060173178222,0.12591665784352074,0.45994200544350683,0.7836669741277974,0.30418285154596364,-0.6605917564372907,0.5935595834254528,0.5603334988529074,-0.40747732649643104,-0.05050920614035822,-0.05119516980230066,0.6605917564372907,-0.30418285154596436,0.577342954953057,1.4666567501381707,1.6556042170157228,1.4806467971820387,1.6393142461618264,1.518759958947476,-0.05703537174666111,-0.2086678343205727,1.6900577159425842,0.5286263352973745,0.5034643620605421,-0.040454256926167845,-0.24400799870415715,-0.24540631275998087,0.31594134103852145,0.8629863402952329,0.5704037944582268,-0.023255055489598248,1
-1.1259074497021662,-0.35971531085317227,1.0038746524609323,-0.4281154315628296,1,0,0,1,0,0,1.7127722330743445,-0.661785541517699,1.1478690589782419,-0.5992447461542535,-0.17720023108444674,-0.04585034675031531,0.945572389708484,0.5200004292612127,-0.7453640292275028,0.06346584673157539,-0.1298849500698546,0.694068270604225,0.23401548434187663,0.04237377381433661,1.0054280668626379,0.2694886002717045,-1.0429472476509734,-0.8777220907602106,-0.45503125954306645,1.3979208031972914,-1.272502050153431,0.29349885748968146,1.289747651688315,-1.1199069021644608,-0.6880679905527273,-1.3979208031972914,0.4550312595430657,0.8187314063485348,2.3172148989571726,3.0839288924056714,2.8071515146339254,2.0717106787934045,1.7497965801945017,0.5954383064766764,0.9356076631310333,2.00011320016017,-1.192245181842186,0.27583454506891375,0.014285041535478216,0.6765972683164937,0.1438253204474232,-0.9212626601166852,-0.8656330827735822,-0.32030321536567735,0.038603250264021984,0
-0.48340089077122306,0.6194597960623787,-0.4445202009343899,-1.8947617391869185,1,0,0,1,0,0,2.2427675872479083,-0.6931850337490059,-0.3233468040202586,-0.18435294460816953,-1.1695377179317032,-0.3906359146745391,1.4562962795886432,1.9224300049139886,-0.7459737897902333,0.5380904674993772,-0.6996075436491921,-2.497204697632081,-0.6753623797627005,0.9057295173074351,2.44539196364363,-0.9269050901916264,-0.2512561649308419,-1.764080323046697,-3.5663204598883063,0.13114384342216406,-1.1200211651418677,-0.18885552638729566,0.08832093565667995,-0.9760668190572767,-0.8127570143819985,-0.13114384342216406,3.5663204598883063,2.0256736633259265,4.318528190296002,3.2658810803534357,2.0749898199364556,1.8441336089873108,1.3297299961089997,-1.0357458890816678,1.1201682272361313,3.860446105465684,-0.9979532363586869,-0.02767187758659086,0.4978155112800227,0.4691369264526849,0.025363519036474696,0.1890486229713212,0.4514102871836102,0.5704037944582268,0.34789477903211874,0
1.6754211472367457,-0.8493028643109486,-1.168717627632051,-0.4281154315628296,1,0,0,0,1,0,0.9177792018139987,-0.578053562234214,0.6233486208657331,-0.5240202912016859,-0.1303716118972303,-0.039589649018876745,-0.0811385697182053,-0.6877396192439528,-0.10546959170423385,0.9055570063200001,0.31202976828159756,0.7470185663232364,4.163968668469717e-4,-1.0019462846589642,-0.8756817102933836,-0.04644564107156011,-0.36576473430875966,-0.7704954362022391,0.06934332478478145,0.9500703628727513,-0.8883077657333261,0.06670549668007979,0.09750707503555754,-1.5860351432887614,-1.157892809408353,-0.9500703628727513,-0.06934332478478215,-0.9266927806649233,-0.7848207026180125,0.14540105704928116,0.09815324425328795,-0.05044549714841698,-0.34003467563087314,1.0032343553662626,1.0648000580046022,0.015758101167622184,-0.7481493064513315,0.27583454506891375,0.6437869738444144,0.5987996401175653,-0.1269445113490324,0.41111087958892223,0.8629863402952329,1.6281183686241134,0.904619530814692,1
0.6217103905899984,-0.8493028643109486,-1.8929150543297122,-0.4281154315628296,1,0,0,0,1,0,-0.3062576875868511,-0.18788579765630858,0.6233486208657331,-0.5240202912016859,0.6574573305070168,0.2604766493950716,-0.14854908058902516,-0.1998205899163711,-0.36688415774908256,0.547134987189595,0.4455885671802058,1.0720700879922174,-0.2668595513091675,-0.9552775675542861,-0.1586008272283741,-0.14713414669924768,-0.8377501761895952,-0.7222283316055044,0.2507965989744553,1.2134387216766418,-0.7479409771633975,0.1153772035772799,0.3536873064653071,-1.5698428036739638,-1.2844023559385005,-1.2134387216766418,-0.25079659897445594,-0.7874302125521474,0.11577027848446049,0.8732098088403377,0.6537347655237203,0.2567835470898098,0.6681251261743327,1.0032343553662626,0.954063719541543,0.6358690696027934,-0.5261013687559044,0.5034643620605421,1.1638103092300558,1.1952481229760152,0.38074892326932136,0.37938770007212164,0.8629863402952329,1.8507951210800897,1.4613442825972665,1
-0.5091011531284612,-0.2824120129387873,1.0038746524609323,-0.13478617003801185,1,0,0,1,0,0,4.08513238985125,-0.7536581298981894,0.6105554394483548,-0.5234416415482046,-0.8151976589786347,-0.1750890356350114,-0.5666388404403875,-1.8768946941311861,1.3518553977953587,-1.1005079947841334,-0.13326841561644379,0.44612639206613436,1.1545665243346588,-1.0782619812397054,-0.1305254746316701,1.6187770102758823,-1.1086687296136917,-0.38624106054697377,0.6912331826893887,-0.07709346503402185,-0.2894615657302008,2.4453393150829545,-0.22131683514263484,0.38737836789237395,-0.2038337526509916,0.07709346503402185,-0.6912331826893894,-0.20252742647848845,2.067050737539819,7.086877027256483,7.630805032640783,6.281886470206133,3.220029624493761,6.304582990930881,6.103303458073771,6.961000947641541,-0.1375174777889068,2.7038859263129513,0.6711566230752374,0.4432043837197094,0.5838262971166633,0.15732544345452057,0.2044646553166367,0.18071947766026855,0.5334696962929761,1
-0.5091011531284612,2.448971180036173,1.0038746524609323,-0.13478617003801185,1,0,0,1,0,0,4.08513238985125,-0.7536581298981894,2.4911531078029596,-0.7010870851669603,-0.2731641010907638,-0.03780087823846573,0.3574307264539955,-0.48469213675154404,1.728271682193331,0.2228207370105521,1.1613175824101267,1.4769740221575232,-0.20983869100527913,-0.4549735190514515,-0.5294208259656409,1.905355234963699,0.0059676044740112014,0.7675332579602113,1.7556215933338128,0.2732122875090939,-0.9516203054096473,0.13489300738308568,-0.4479070276222097,-0.29509906606244873,-0.7604228956111123,-0.27321228750909315,-1.7556215933338135,0.35452284597261524,0.5660657690356972,4.084665926118374,4.982102431235232,4.745741249015002,1.3297299961089997,3.857806697593365,2.7812133041820113,4.170501589683269,-0.5261013687559044,1.1104772073715516,2.8607285615411007,2.1028871186301776,1.8192136546879905,1.8386539578449304,1.6861384465184783,2.073471873536065,2.203643951640699,0
2.3693282308821653,1.4182605411776974,-0.15484123025532542,-0.4281154315628296,1,0,0,1,0,0,0.3499270366280375,-0.5001363037343045,0.815246342126407,-0.5587392704105633,0.20718388482718758,0.047165733831057655,-0.5199860447636506,-0.07032286342640799,0.7969858398225956,-0.026991069437996788,0.060953848008495674,0.29205874853772684,0.006864127383122693,-0.04149506983927855,0.3540928724599357,-0.35595737385078957,-0.08847334015057089,-0.22541812316580456,0.02218903885575044,0.3763264807979944,0.6815918682457462,0.4512428034288958,-1.4472091745429434,-0.051265456123469486,-0.29931991087833865,-0.3763264807979944,-0.02218903885575115,-0.03541234474315745,0.340918023760079,0.04532735367801011,-0.1473362651452761,-0.1699234587966153,0.19555021907814235,0.02452383803125581,0.012804842605544792,0.139780294854656,0.5008703430854462,0.27583454506891375,-0.3688900476960481,-1.0219842806934394,-0.9731002357129547,0.728342674756924,-0.5363722402842841,-0.4316415915936655,-0.76555472453303,0
1.3927182613071303,1.2636539453489257,-0.4445202009343899,0.5985369837740325,1,0,0,1,0,0,1.7380101070826095,-0.662948485674414,0.86641906779592,-0.5627898179849323,-0.28306655123320534,-0.07491787193199435,-0.21840659566418608,-0.3923916501898036,0.4692426306923656,-0.4274154315496878,0.19758235325946358,1.1474809831398316,-0.049601936029427494,-0.9529122759194585,-1.4738478344121637,1.3849126616681104,-1.2900874037816126,-0.20165703909077623,0.6312676384277316,0.9389436438584764,-0.648439030398781,-0.9378985516924427,0.7502332686308715,-0.7018179125246418,-0.4537455853379608,-0.9389436438584764,-0.6312676384277323,-0.8431352397972577,-1.3101654415944555,0.427426948368315,1.1188727833315248,0.4616029099152932,-0.11949971898598452,0.35076067714292497,0.06817301183707392,-0.046252995675895824,-0.7203933142394032,-1.0140677512169813,-0.642586540004281,-0.1921429132382052,-0.44848368660732285,-0.9847090191502859,-0.4540570296619595,-0.04195727479570725,-0.3944048900113141,0
-1.8969153204192981,0.4648532002336079,1.0038746524609323,1.478524768348486,1,0,0,1,0,0,0.6780193987354818,-0.5361875725924716,-0.3361399854376369,-0.18261699564772566,-0.7182367680685969,-0.27123546508210367,-0.6353939401668028,-3.543439655217419,1.0268554330040243,-1.5323337737444376,-0.6047055389811377,-0.47347062021393643,0.17637771718477824,-0.6774684640538013,-2.224148499052343,-0.6803020541568835,-1.4792260215311455,-2.059109831368873,-1.4375436385994584,0.7799808228191798,0.2066122340902731,2.6353789895199573,-2.0873837331248115,0.6033088686885426,-1.2241731604099428,-0.7799808228191798,1.4375436385994576,-0.6203151308168162,-2.0606579258465163,0.1272058382545045,-0.25070026910256554,-0.801449827508525,-0.24551969421163483,0.18764225758709038,1.1201682272361313,-0.17027518936292965,0.0012624832707351544,2.020996475338066,-0.6608329728248301,-1.5406351353529608,-1.2607931819966884,-0.1916295312302808,0.2044646553166367,0.6817421706862145,-0.5181215015185524,0
0.33900750466038404,-0.3854830768246345,-0.15484123025532542,-1.161438585374874,1,0,0,1,0,0,1.510869241008225,-0.644341379166973,0.3035190854312764,-0.48235751615103317,-0.4818938686892188,-0.1227674903079891,-0.5871707052577267,0.054399019638670505,-1.7600556269582572,-1.1364471089695993,-1.30442537691695,-4.6644124596433025,-2.3742124623043392,-1.9951457808293762,2.4887028915675526,-2.7581387355791196,-3.8952595648329478,-4.221406959124887,-5.695097281177154,-0.7133741297612541,-1.1770509971384107,2.4184635620725277,-0.3656084311069033,-2.327205979064426,-2.425565389906283,0.7133741297612541,5.695097281177153,-1.8736782438317996,1.3165582532877582,-1.5558519002623137,-2.4471853531949743,-3.2763504616497907,-0.5605696322757617,-2.666930084640012,-0.5408768497097485,-2.340663578886029,-0.8869292675109735,3.6144051942794655,2.158240897949969,1.5842362639706562,0.3299795798074865,1.0455744699249259,4.731801239544486,4.467246962437809,0.47161139053935697,1
1.1614159000919912,1.2121184134060021,0.27967722576327125,-0.13478617003801185,1,0,0,1,0,0,0.19849979257844777,-0.4530370653873442,-0.4768649810287978,0.04016312094257045,-0.6732120518127372,-0.3794560972969703,1.1155677529043673,-0.4811675093876784,0.6243886480044815,-0.27472718360070486,0.1384312264589417,0.17701448405571912,0.3166855714853289,0.31832725709632376,-1.3893527734869098,1.0738298209383716,-0.5106878636868128,0.01479855075867612,0.7325686549474255,-0.4851260289008703,-1.2331552717886258,-0.7314056017293729,0.22553521132426727,-0.13525064260395878,-0.16551946968785358,0.4851260289008703,-0.7325686549474262,0.9672781456688292,-0.9349191994684248,2.3379249218198384,2.708094344174856,2.2879088951091933,0.9201650766256344,2.145063292257104,1.839954427246013,2.0621242970036877,-1.1367331974183288,-0.6346847228976005,0.21499580256151593,0.30057539868834077,0.22844089288381547,-0.12818317219668063,0.4514102871836102,0.23638866577426285,-0.023255055489598248,1
1.8039224590229344,1.5986349029779314,0.5693561964423357,-0.4281154315628296,1,0,0,1,0,0,0.2363566035908452,-0.4617591465627072,-0.31055362260288033,-0.18840349218253855,-0.45988369627439407,-0.2095228731579235,0.3586897196279464,0.5059673857954927,-0.24040076799886273,-0.26742577082945607,-0.7959134619081781,0.5483154762415733,0.9432606957042381,-0.09027157606108131,-0.06936901149085457,-0.9081746352033193,-0.8122228960797279,-1.158768608136357,-0.025828483428959336,0.7734532878151856,-0.5889650817812563,-0.7639484686561825,-0.5839920210235557,-0.4441113566846417,-0.09658552872568792,-0.7734532878151856,0.02582848342895863,0.15955525061472892,0.26586877533487285,1.0551619967881019,0.3565632541465125,7.593435579547688e-4,1.0461850518512859,1.247911984700014,1.397009073393778,0.44983577907224165,-0.5538573609678327,-0.7105613285614767,0.023408257945752128,-0.2829068128036209,-0.4315605721200442,0.7600658542737248,-0.28942660841731066,0.06938110143228039,0.40975308478573785,0
0.13340540580248203,0.4133176682906843,1.0038746524609323,-0.13478617003801185,1,0,0,1,0,0,0.22373766658671274,-0.4565258978574894,0.35469181110078946,-0.49566645818110283,0.06970767168789749,0.031961182197564,-0.42589968711724974,1.0822437199547534,1.4611773547043028,-0.40131430918928646,-0.29332418766388313,1.3866848430510972,1.0890840276753782,-0.10006680295406882,2.0226825728724576,0.5857630500490331,0.3151368066297247,-0.47408376615244047,1.0042885975848093,0.895231533445257,0.4922383120239174,0.5408655290758909,-1.4088430190858388,0.854634004048497,-0.08151471493184723,-0.895231533445257,-1.00428859758481,0.15557632009722103,2.495903585683854,1.0824548249802661,1.2628440745577498,1.3564684594028256,-0.6505839002940839,1.9935961883838287,1.5156551503184832,0.6713039820848031,0.3898463742377325,0.4275877563966659,-0.1864257194905595,-0.8663890242955825,-0.5161761445564365,0.47455723862252236,-0.7010026615289333,-0.3759724034796717,-0.08511336124321738,0
0.2105061928741954,0.10410447663314094,-0.4445202009343899,1.0385308760612593,0,1,0,1,0,0,0.8294466427850714,-0.5640982323536332,0.23955317834438508,-0.4568969313978565,-0.29334186988778516,-0.08073137696833017,-1.6568358851601088,1.067955500259745,1.6394256211793707,-0.924961863073102,-0.2857965885805029,-1.1813999849824102,0.32867434474667695,-0.748895956144387,1.2482442762707389,1.0663507510902994,-0.325918495001539,0.07811883219181733,-1.4375436385994584,-0.18555039652161812,1.5555826147648935,-0.21533872572932192,-1.1695700788642611,0.9263886028447763,0.44781739735669424,0.18555039652161812,1.4375436385994576,-0.4114212786476524,2.067050737539819,1.9012396707452048,2.301098578593027,2.014816411341881,0.5421051509486824,-0.01625576685770265,0.8433273810784847,2.1551409422689627,1.5833540393506536,-0.1035484832504671,0.33359761589508324,-0.3477381696360611,0.025363519036474696,1.1407440084753266,-0.20711139779498602,-0.32030321536567735,0.6571863078002155,0
2.343627968524927,-0.2824120129387873,-0.15484123025532542,-0.13478617003801185,1,0,0,1,0,0,2.343719083280968,-0.7007441707676538,0.5849690766135982,-0.5234416415482046,-0.5392654229525663,-0.13439450038066073,-0.052735557277279924,-0.9126118899868301,-0.9018553708195437,-0.22557434291724698,-0.5662997417139081,-0.5895155121642193,0.4175335516417739,-0.39423755932360166,1.2536195969370245,-1.3592531797395773,0.1750416551502345,-0.6679199118549581,-0.9053494332772469,0.09388569754642515,-0.3205874479968161,2.5084370517074,-0.13305185551726126,0.47830469333974024,0.08412360544031994,-0.09388569754642515,0.9053494332772463,-0.3417899945912644,1.2415090048625523,0.17269388524144552,-0.5737127814690962,-0.47715250303484213,0.6051151385615076,-0.30171300108041293,0.12354118106860354,0.07776919801113909,-0.16527347000083534,2.7797625319768278,0.6894030558957865,0.5080357405521495,0.6853649840403343,0.31594134103852145,-0.12479618717266176,-0.09762646290970158,0.8427612250610729,0
0.05630461873076867,1.4182605411776974,-0.8790386569529866,-0.4281154315628296,1,0,0,1,0,0,-0.6848257977108253,0.7500286647343941,0.815246342126407,-0.5587392704105633,1.5621737736108188,1.0086300283019802,-0.5177182191006516,0.37221569266508875,0.503347377097625,0.35714941391192756,0.3483920229893011,-0.37022758818442403,-0.28670575869022463,0.0981962273662195,0.7151302814226288,-0.84597265630888685,0.5684461249164147,0.29210335123307135,-0.7279513648365089,0.21702702713573208,0.8180162996917335,0.20552409767555305,-1.5382136610278765,0.081175630027578,-0.1677446235465929,-0.21702702713573208,0.7279513648365081,0.2152602778598393,0.8662627627365218,0.5002078235474204,-0.04397226118798574,0.18851042614798086,1.0461850518512859,-0.6279498401920818,-0.3747723420151606,0.6978801664463103,0.6118943119331598,0.04820472807728505,-0.39625969692687113,-1.0868156375258795,-0.9900233502002335,0.8235122133073248,-0.6186874509066087,-0.5986491559356475,-0.7036964187794109,1
1.2642169495209417,0.4648532002336079,0.5693561964423357,1.478524768348486,1,0,0,1,0,0,0.8673034537974689,-0.568168536902136,-0.3361399854376369,-0.18261699564772566,-0.7957706499765719,-0.29583106331275516,-0.5499830794230373,-2.7395687258608685,1.8924699478105005,-0.9878070321508303,0.4257211461181438,-0.6577621744912233,-0.8307654129467843,-0.5317900907111985,-1.0479961978809447,0.6894285185755016,-0.6810236014364771,-0.2593802113045257,-1.1598770966922176,0.2532428274968747,0.23340646726320227,2.7102844670512134,-1.894260643839979,0.6591722269490174,-0.8066926321346305,-0.2532428274968747,1.159877096692217,-0.5367575899491508,-1.009968447893631,-0.17301527185930607,0.2015172482105774,-0.08458205761933026,-0.4660546508565234,-0.5463906304141645,-0.04256332662598434,0.07776919801113909,0.029018475482663446,2.096873081001942,-0.642586540004281,-1.436904964421056,-1.1423313805857394,-0.0012904541294803558,0.5337254978059351,0.7374113588002092,-0.45626319576493324,0
1.1614159000919912,0.33601437037629844,0.27967722576327125,-0.13478617003801185,1,0,0,1,0,0,0.19849979257844777,-0.4530370653873442,1.5188713200822117,-0.6385929225909811,0.5278470697900824,0.14510093405856092,0.89323581160485,-0.941579665943869,1.1856710345862465,0.15748322349901603,1.3603849549969858,2.167650471422294,-0.026624924262553366,0.22545524104319264,-1.2739496641884178,1.0714958622651996,-0.714143946683989,-0.24009464204225378,0.773109214277421,2.189656403056746,-1.0167939194148117,0.016132833761599658,-0.5441020175846828,-0.9208825878647366,-2.0029727549858674,-2.189656403056746,-0.7731092142774217,0.744458036688388,-0.8598699510432187,1.9467277177321458,2.3463203303243403,1.8441336089873108,0.5736101447550955,2.2266225020350205,1.8953225964775422,1.4420133285685155,-1.0257092285706153,-0.17942508891434333,-0.5787240251323598,-0.7496925819971905,-1.0238695791747903,-1.175048096251087,-0.6186874509066087,0.5704037944582268,-0.76555472453303,1
0.10770514344524394,-0.7719995663965628,1.0038746524609323,-0.13478617003801185,1,0,0,1,0,0,0.24897554059497767,-0.4617591465627072,-0.579210432367824,0.36420692689209205,-0.9087324130900236,-0.6365918969810542,1.0195488142222597,-1.4012247092684953,0.01642554367765604,0.7557705808079087,0.47135313754323077,0.28465789738879416,-0.7115251556107999,1.3671695323076456,0.12782363218448936,-1.0524161485176715,0.9402951198122343,0.46421094792815487,0.46715141202740545,-0.07507566165750797,-0.05164775693143718,2.0512757967446227,-1.0800310031001379,-0.08861675149052127,-0.1595705244587722,0.07507566165750797,-0.4671514120274062,0.9951306592913848,-0.10937746679115769,-0.6551885699208807,-1.051771299771562,-0.6819718658603261,0.2270552128845555,-0.46483142063624716,-0.7069813574043363,-0.4183195767369984,0.11228645211844858,2.3245028979935705,0.7076494887163344,-0.010615114107371936,-0.0423289389126401,1.4579758036433286,0.8629863402952329,0.9044189231421907,0.904619530814692,1
0.9815140635913272,2.3459001161503257,2.452269505856255,0.5985369837740325,0,1,0,1,0,0,1.4477745559875626,-0.6385266583833976,0.5082099881093286,-0.5118686484785789,-0.3573353427232533,-0.09548873590672108,0.12476729492990037,-0.2853556727645059,1.7752293819933176,-0.3398227614141756,-0.13066490273066753,0.4218914716075251,0.45968967568942964,0.1849541489699917,-0.37236030203441745,2.335044901331851,-0.12295098583581497,0.43132703654513344,1.2994551316290601,-0.7133741297612541,0.011312045629813599,0.018637239807418174,-0.08030310075450481,0.33716253424191117,0.5909776731801826,0.7133741297612541,-1.2994551316290608,0.32667033235006016,-0.18442671521636386,0.5911839175213025,1.8036593095485693,1.6563825263972836,-1.3166894836296663,1.4110304042558486,0.7879592118469556,0.5738579727592754,0.1400424443303771,0.19995793940503753,0.561678026151944,0.4302381123532211,0.549980068142106,0.8235122133073248,0.4514102871836102,0.1250502895462747,0.5334696962929761,1
1.1614159000919912,-0.2566442469673251,0.27967722576327125,-0.13478617003801185,1,0,0,1,0,0,0.19849979257844777,-0.4530370653873442,-0.041896812837936774,-0.3510040448107806,-0.17444486185710617,-0.07715383540750813,0.8673989805382781,-1.471660206136358,0.774317490165218,0.21130492751962396,0.48259824757712133,0.14074595519810246,-0.05685757254118263,0.3110361212505145,-1.2791394117890607,1.0400536344680358,-0.36226047017996027,0.059294092715333924,0.8615353283924961,-0.6624995530634572,-0.8953557697441362,0.7384860354570807,-0.0133643485950855,-0.6446706059141837,-0.5695122166872691,0.6624995530634572,-0.8615353283924969,0.8558680911786088,-0.8598699510432187,1.983118155321699,2.3592408308190027,2.0489529718127955,0.6366201323679207,2.063504082479186,1.6738499195514247,1.4420133285685155,-0.8036612908751883,0.8069707847160468,0.2879815338437111,0.2357440418559006,-0.0423289389126401,0.12560226393772106,1.0276167615398821,0.7374113588002092,-0.2706882785040748,0
0.10770514344524394,0.4133176682906843,1.0038746524609323,-0.13478617003801185,1,0,0,1,0,0,0.24897554059497767,-0.4617591465627072,0.35469181110078946,-0.49566645818110283,0.05421808273927848,0.0279364479416392,0.6185712161205298,-0.3782998798162243,0.18895900624108988,0.17531185527100612,0.28841228513335493,1.7926008143996337,0.23021638481174747,1.5254296187399456,0.098763550434003,-0.7099836529625971,1.28452104651579,0.6356168806181256,0.6152054390719316,1.834740444499059,0.6640529677474547,0.6181676139465825,-0.9717783923606901,1.03687407513021,0.24560607519280922,-1.834740444499059,-0.6152054390719323,1.1622457410267157,-0.10937746679115769,-0.5824076947417753,-0.8321227913623208,-0.34060626115118536,-0.08799472517957138,-0.46483142063624716,-0.762349526635866,-0.5423417704240322,0.6118943119331598,0.5793409677244183,0.014285041535478216,-0.4903671546674297,-0.07617516788719629,0.41111087958892223,-1.277209135885205,-0.6543183440496418,0.47161139053935697,0
0.9044132765196139,0.9802085196628456,0.5693561964423357,2.505177183685348,0,1,0,0,1,0,-0.4955417426488382,0.10982790646274894,1.4549054129953203,-0.6328064260561682,1.2411777488177704,0.5735115359669998,-0.5396088154439479,0.16861352795336826,-1.1465121089094163,-0.0545521192834985,-0.30163622656441785,-0.5235956036920236,-0.5081072766412704,-0.5248115920273174,-0.2376591086871327,0.7849749622739888,0.04175867942178132,0.3499488839093688,0.8615353283924961,-1.5685822038710444,0.225953634322484,-0.4695090365997479,2.35614459565077,0.11510358543653182,0.7337988405729856,1.5685822038710444,-0.8615353283924969,-0.14682239923337803,0.340918023760079,1.9103372801425924,2.126671821915101,2.0489529718127955,0.8256500952063961,0.6769975162545934,0.2896456887631914,1.938102103316653,0.3898463742377325,-0.2553016945782196,0.6894030558957865,1.9083930481328573,1.8530598836625478,-1.175048096251087,1.2745623934068555,0.514734606344233,0.7190446135538346,1
0.46750881644657266,-0.2566442469673251,1.4383931084795292,-0.13478617003801185,1,0,0,1,0,0,-0.3188766245909836,-0.18614138142123599,-0.041896812837936774,-0.3510040448107806,0.2818380938579139,0.12810761164465626,0.9337708729448416,0.758324497716377,-1.052999451423466,0.9677457772253564,-0.22561872889109455,-0.757032947839817,0.13859375260474507,0.5299414254293306,1.7291797676220875,-1.4271956036559819,0.6579498620922979,-0.5663168601992856,0.1039844044028122,-1.1356331163529634,-0.7689199011535148,0.6914301599404199,0.00529158233137051,-0.654950290748694,-0.25958279189827316,1.1356331163529634,-0.10398440440281291,0.4102278732177254,1.4666567501381707,-0.24579614703841146,-0.9225662948249498,-0.6478353053894121,0.1325402314653172,0.9216751455883455,0.954063719541543,-0.046252995675895824,-0.6926373220274746,0.7310941790521709,0.21499580256151593,0.1838789563899486,-0.093098282374475,0.37938770007212164,1.1099319721622063,0.5704037944582268,-0.3944048900113141,1
0.2105061928741954,0.49062096620506923,-0.15484123025532542,-0.13478617003801185,1,0,0,1,0,0,0.2742134146032426,-0.47106269981642773,-0.13144908275958464,-0.3070266711462027,-0.29718023153530504,-0.1250034537835029,0.2621497381748189,-0.537729921389577,0.16092468642222876,0.27857551595864566,0.4607434658933626,1.1406083314581852,0.029600138782394647,-0.40588052820728004,-0.7118664046905224,-0.329147654996526,-0.08771950119284169,0.01937648533652118,0.1590389773671773,1.3979208031972914,-0.7700766338045989,0.0249190556366303,-0.5507510877407635,-0.46331870567577627,-0.5800717044129179,-1.3979208031972914,-0.15903897736717798,-0.4253475354589299,-0.7097714541928067,-0.19121049065408274,-0.3282232720705331,-0.34060626115118536,0.2270552128845555,-0.22015379130249568,-0.319404172783631,-0.5423417704240322,-0.6093693453916895,0.27583454506891375,0.7715120035882557,0.3394742127878045,0.12690220596014448,0.8235122133073248,-0.28942660841731066,0.45906541823023866,1.1520527538291696,0
0.23620645523143258,-1.4677292476260335,1.0038746524609323,0.3052077222492148,1,0,0,1,0,0,-0.15483044353726144,-0.2948766600740949,-0.1442422641769629,-0.303554773225315,0.012640013059901256,0.007812776662015243,0.76499586032363,2.3878264041202213,-1.9790231284891104,0.6266030601211092,-0.9026387527143784,-0.907138498493396,0.4941199818721283,0.7452292117175853,2.6732732469295253,-2.0588771801397754,0.7117172431426084,-0.7855024161618512,-0.1227108960387,-1.1155255455628834,-0.31912111826376427,-0.5993402227667972,0.6364179056297129,-0.1407736739688029,0.4065843623903155,1.1155255455628834,0.1227108960386993,0.6330479821981672,2.367247731240644,-0.16391766246191838,-1.1809763047181743,-0.8867912286858101,0.5421051509486824,-0.13859458152457876,-0.09793149585751397,-0.728375060954584,-0.3040534310604773,-0.5588081172337243,0.014285041535478216,0.3394742127878045,0.2622871218583729,-0.0647368131630805,0.12214944469431245,-0.3759724034796717,-0.023255055489598248,1
1.4698190483788447,1.4955638390920825,-0.4445202009343899,0.3052077222492148,1,0,0,0,1,0,0.7032572727437467,-0.5408393492193319,-0.029103631420558513,-0.3544759427316684,-0.425773507904154,-0.14199677619740755,0.32894996189998743,1.1440275987655284,-1.7431129265228795,0.42800688724344454,-0.5865235151993148,1.1198761143471068,1.3361907214040543,0.3435723166747117,1.4221242143453878,-2.118088384964471,0.9402951198122321,-0.10946097187043531,0.3586118043630053,1.171710631808875,-0.11411951891961278,-0.14556096341835598,0.2544192059613323,0.3541708529648515,0.6556419611321579,-1.171710631808875,-0.35861180436300605,-0.03541234474315745,0.7161642658861095,-1.1919475243667854,-1.9303653334085251,-1.5695224381040902,0.19555021907814235,-0.13859458152457876,-0.319404172783631,-1.3484860293897554,0.19555442875423396,0.27583454506891375,1.3371514210252706,1.2860120225414318,1.3792126780187515,1.109020828958526,-1.1125787146405561,-0.7656567202776299,1.8324941171189824,1
2.2408269190959764,0.5421564981479937,-0.4445202009343899,0.3052077222492148,1,0,0,0,1,0,0.5770679027024219,-0.5286284355738237,1.5060781386648334,-0.6380142729374998,0.3190609926159174,0.08651869100010007,-0.022803469774318644,1.7949728713871598,-0.5135705253243332,0.2088853859845371,-0.5919908858234624,0.15967682925974744,0.47731495595765294,-0.7884361973506083,1.6719534540550844,-0.41540617811700553,-1.3077109321293499,-1.8338254181384297,-0.7133205963053126,0.9252428331319453,-0.7560873787131946,-0.78873033069999,0.28462496544431176,-1.5788944553396225,-1.020756450760906,-0.9252428331319453,0.713320596305312,-0.7038726716844818,1.6918044954137887,0.2727675886127153,0.007709740790658993,-0.5112890635057554,-0.2770246880180474,0.9216751455883455,1.5077454118568363,-0.046252995675895824,-0.782844296716242,-0.8433453884732599,-0.4532797994910863,-0.24724956654577898,-0.8334845411929076,-0.3819686083310823,0.2044646553166367,0.7791632498857044,-0.2242945491888607,1
1.3156174742354179,0.0010334127472937634,1.0038746524609323,-0.13478617003801185,1,0,0,1,0,0,-0.24316300256618875,-0.2559180308241401,0.25234635976176334,-0.4597901796652629,0.3940411063974138,0.15851671491164357,0.33811715802196524,0.26238613563912055,0.25276399999079646,-0.02095650366521265,0.40890354984033345,0.43374615065739286,-0.28062514993065996,0.25847433264018466,0.6496290202525034,-0.36435735123217955,0.06255121750357466,-0.14894796762691756,-0.2611143426240418,0.850548042800631,-0.2118956312498574,0.29065088594181393,-0.711680855130884,0.09033560098195094,-0.6770133412564578,-0.8505480428006302,0.2611143426240411,0.15955525061472892,0.491016520610491,-0.2639913658331881,-0.40574627503850064,-0.3576745413866426,-0.05648973137315825,0.18764225758709038,0.34501385799472056,0.015758101167622184,-0.24854144663662048,0.19995793940503753,-0.1864257194905595,-0.5162996974004062,-0.44848368660732285,-0.2233527107470814,0.12214944469431245,0.6260729825722207,-0.1469716669968365,1
0.33900750466038404,1.830544796721088,-1.6032360836506476,-1.161438585374874,1,0,0,1,0,0,0.526592154685892,-0.5204878264768181,0.07324181991846762,-0.41234090807979723,-0.26912856629453813,-0.08162576235853568,-0.5226974691390537,-0.934906686275911,0.9224276357983933,-0.05279997492609927,0.43190595147767413,0.056937783547136064,-0.682408716220315,-1.0584472036454298,-0.46826774946238103,1.0316401682461982,-0.9710331640443508,-0.35668968400503726,-0.8856385367838302,0.9560218637408522,-0.3307644198744854,0.8140884152567813,-0.2242906015562435,-0.891530503663962,-0.9097369423488317,-0.9560218637408522,0.8856385367838302,-0.7874302125521474,0.04072103005925432,1.792068357976546,2.1783538238937448,1.5539728449845414,0.6366201323679207,0.10608304780917345,0.6218547041523672,1.876091006473136,-0.22078545442469194,0.9587239960437993,0.4704458620491997,0.2746428559553643,-0.11002139686175369,0.28421816152172197,0.28677986593896093,0.9044189231421907,0.40975308478573785,0
0.4932090788038099,1.5213316050635446,-0.15484123025532542,0.3052077222492148,1,0,0,1,0,0,-0.11697363252486404,-0.31115787826810587,-0.630383158037337,0.5638410573431366,-0.7700825676237945,-0.6750504687598912,-1.088537653873429,0.4774251532083688,-0.6088729013000246,-1.607468509841332,-1.5373496862101212,-1.973831394561344,0.8160590112987441,-0.7406031729483128,-0.01084830250477012,-0.6040329099901488,-0.5449075779797375,-0.7043290559541522,-1.2854881513645413,-1.417139107414103,0.7736361415065782,-0.6661485970991449,0.22535483161174122,1.6312652249233472,1.3109896486453936,1.417139107414103,1.2854881513645404,-0.5646101035717058,0.26586877533487285,0.8641121994429487,0.3824042551358344,0.13730558544161034,0.8886600828192224,0.02452383803125581,0.7879592118469556,1.13195784435093,0.6951622885689447,-0.6346847228976005,-0.040454256926167845,0.08014878545804377,0.7361343275021692,-0.1916295312302808,-0.28942660841731066,-0.8769950965056176,-0.023255055489598248,0
1.4698190483788447,-0.30817977891024867,-0.4445202009343899,-2.041426369949327,1,0,0,1,0,0,0.7032572727437467,-0.5408393492193319,-0.15703544559434116,-0.29487502842309565,-0.5357413958970051,-0.1880576237929913,1.3553796625222254,0.8280386889397601,-1.5149371680358668,1.5698636167899491,0.7763302453296188,1.1145204899498717,-0.32878432674534747,0.6982277077125275,1.6551998837955815,-1.5148281755945332,1.0480762318916255,0.01971498352693028,0.7547787594442794,0.7714926362755244,-1.1870275157561625,0.5216338210680125,0.5487136324004099,-1.0815300164474708,-0.9900194962474675,-0.7714926362755244,-0.7547787594442801,0.27096530510494976,0.9413120111617277,-1.110069039790291,-1.6073528210419945,-1.2110885531594928,-0.18250970659880966,0.18764225758709038,-0.1532996650890431,-1.2864749325462383,-1.1089772052064004,0.5034643620605421,0.05077790717657645,0.3265079414213163,-0.14386762583630988,-0.6040308649486834,0.6160407084282594,1.1827648637121608,0.2860364732784985,0
0.2105061928741954,1.3151894772918502,-0.15484123025532542,1.0385308760612593,0,1,0,1,0,0,0.059691485532990585,-0.41465990821574694,-0.2593808969333673,-0.2520549540654803,-0.2828605499304915,-0.12410906839329737,-0.7233463983547542,-0.9051224150413688,1.3063933091298139,-0.828079828691459,-0.22593946420335365,0.2431834956446591,-0.06292123573784587,-0.6059279026632082,-0.7001984049136619,1.377298745985915,-0.5227033670675862,0.09005226984652279,0.4783555005605047,-0.14275387761029457,0.40039475420559895,0.5408655290758909,-0.4018310044842366,0.6003787141056961,0.3816508833206251,0.14275387761029457,-0.4783555005605054,-0.3417899945912644,-0.3345252120667762,1.3371878881071357,1.971625815979166,1.605177685690913,0.06953024385249205,0.758556726032511,0.5664865349208381,1.0079356506638961,0.3065783976019474,0.4275877563966659,-0.1864257194905595,-0.3607044410025493,-0.11002139686175369,0.15732544345452057,0.28677986593896093,0.23638866577426285,0.16231986177126023,0
1.8296227213801723,0.7482986259196881,-1.168717627632051,-0.4281154315628296,1,0,0,1,0,0,0.08492935954125552,-0.41698579652917706,-0.6943490651242283,0.65063850536533,-1.1471638494126535,-0.8235184435340056,0.6891464581067694,0.8284754387898785,-0.21077497195812747,-0.6134342896851858,-1.3485812742981307,-0.40739721283554375,1.0060595098689247,-0.45177548694643094,1.1303801021927022,-0.3005367664001121,-1.1882856106199564,-1.3364626738962284,-0.772300881946693,0.21031740340811067,-1.4096836691309849,-0.004718567954962649,-0.013874018906732368,-0.34957352065328307,0.44842602494967077,-0.21031740340811067,0.7723008819466923,-0.28608496734615396,1.391607501712964,0.74584327727690225,0.459927258103802,-0.06751377738387422,0.3530751881102058,0.8401159358104279,1.4523772426253072,0.5118468759157585,-1.3587811351137562,-0.17942508891434333,-0.5239847266707137,-0.4514683405679659,-0.5500223735309933,0.28421816152172197,-0.37174181903963527,-0.32030321536567735,-0.2706882785040748,0
0.23620645523143258,1.5213316050635446,1.0038746524609323,0.3052077222492148,1,0,0,1,0,0,-0.15483044353726144,-0.2948766600740949,-0.630383158037337,0.5638410573431366,-0.7344913508946546,-0.662529073297014,-0.10656667626620372,2.3358621531914623,-1.4512107506207843,-0.667942118616898,-1.4821963499967792,-0.6223979828763405,0.9837293778429749,0.771121643723402,2.4700507401258625,-1.819837602450476,0.8459543382559302,-0.5379775512515685,0.33643704580791395,-1.1825507815298193,0.9186792180279314,-0.7316015036654421,0.15509242595313913,1.741180551073006,1.4016974770290724,1.1825507815298193,-0.33643704580791395,0.7166055230658329,2.2921984828154374,0.00893691608845806,-0.9354867953196102,-0.596630464683041,0.6051151385615076,0.2692014673650073,0.12354118106860354,-0.4803306735805153,0.8061862574166584,-0.7105613285614767,-0.10431677179808911,-0.010615114107371936,0.6853649840403343,-0.15990635171348128,-0.37174181903963527,-0.8769950965056176,0.10046155601764112,1
0.18480593051695732,0.9802085196628456,-1.6032360836506476,-1.161438585374874,1,0,0,1,0,0,1.3972988079710327,-0.636782242148325,-0.4896581624461761,0.0835618449536671,-1.202027181609687,-0.5543084410821474,-0.35313548900541064,-0.43625822550010934,-0.09186319327984087,0.24015380294248714,0.21003447378221393,-1.076681962868423,-0.9801502612812558,-1.4352167429120202,0.5659244010736689,-0.7285040749215115,-0.8511530395885645,-0.6927395968993225,-1.0117882743416888,-0.4649864905896614,-0.9430081651416814,1.1657087471636838,-0.6064962759822292,-1.1684210784481976,-0.9493804881080138,0.4649864905896614,1.0117882743416882,-1.2887754577581405,0.8662627627365218,0.8732098088403377,0.31780175266252825,-0.05044549714841698,1.2667200084961745,-0.22015379130249568,0.2896456887631914,0.7598912632898273,-0.859173275299045,1.1863538130354276,0.21499580256151593,-0.1402778277722523,-0.5838686025055501,0.6014499566897238,1.0276167615398821,0.848749735028197,-0.5799798072721716,0
0.7502117023761872,1.3151894772918502,-0.4445202009343899,1.0385308760612593,1,0,0,1,0,0,-0.6722068607066928,0.6511784114136133,-0.2593808969333673,-0.2520549540654803,0.8347166706183602,0.6955951417300518,-1.2621487974125138,-0.23316744823982666,0.2216567329879928,-1.0065140753433695,-0.27703709516324965,-0.3253060097290588,0.1868852314513853,-1.309304696517327,-0.10606512694335889,4.192847542948635e-4,-0.48578371938820886,0.40380293222399877,-0.08286747959746427,-0.36149164093482894,0.4468068012169916,0.21377592440951643,-0.3025908387966973,0.8780407603668402,0.7543967613245229,0.36149164093482966,0.08286747959746356,-1.3166279713806959,-0.40957446049198204,-0.982702508226857,-0.8321227913623208,-0.9550643496276378,-0.05648973137315825,-0.22015379130249568,-0.2086678343205727,-0.5423417704240322,0.4731143508735179,0.27583454506891375,0.22411901897178985,0.028283699992091807,0.38074892326932136,0.5380035976561225,0.28677986593896093,0.1250502895462747,0.6571863078002155,1
0.23620645523143258,-0.30817977891024867,1.0038746524609323,-2.041426369949327,1,0,0,1,0,0,-0.15483044353726144,-0.2948766600740949,-0.15703544559434116,-0.29487502842309565,7.788424760609799e-4,0.001104886235473924,1.514885817038837,0.9355786626439049,-1.5826965477756074,1.5749150275891202,0.7036553817030063,0.8591422349642621,-0.734100457550631,0.8226483691700927,1.8444983333713918,-1.5879695085636032,1.0683553604013518,-0.1725979654012559,0.4513710056427588,0.7241032714020105,-1.2845050474973656,0.5636668634622101,0.5678429885466391,-1.0682457098531293,-1.0832947781613764,-0.7241032714020105,-0.4513710056427595,0.8001630639334981,1.7668537438389946,0.10901061945972781,-0.7416792878996918,-0.32353798091572933,0.6681251261743327,0.2692014673650073,0.06817301183707392,-0.17027518936292965,-1.192245181842186,0.5793409677244183,0.14201007127932075,0.4172718409867329,-0.0592520533999176,-0.667477223982284,0.7806711296729086,1.3497724280541432,0.34789477903211874,0
0.9815140635913272,0.7482986259196881,-1.168717627632051,-0.4281154315628296,1,0,0,1,0,0,-0.4703038686405733,0.08133577462322976,-0.6943490651242283,0.65063850536533,-0.5394663315936652,-0.4402743038309449,0.2825861580891818,1.069638981280472,-0.5392465647056536,-0.39609518492399814,-0.8666527659884614,0.27432061340150143,0.6672465670051462,-0.9397399683520575,1.2815016559326533,-0.7893918773100363,-0.8839436622573003,-0.679268124569523,0.6380137621571677,-0.25863368266248993,-1.3319200354918934,-0.18433284339745298,-0.05609458921467235,-0.34140436333415325,0.4635179261110151,0.2586336826624906,-0.6380137621571684,-0.8709877534198129,1.2415090048625523,0.11810822885711679,-0.3153027715758717,-0.6307670251539549,0.7626401075935709,0.8401159358104279,0.5664865349208381,-0.6043528672675491,-1.3310251429018278,-0.482931511569848,-1.0075151964152582,-0.8793552956620708,-0.939254006738398,-0.0647368131630805,-0.12479618717266176,-0.26463402725168356,-0.6418381130257917,1
-0.8175043014153137,-2.2149944607984287,-0.4445202009343899,-0.4281154315628296,0,1,0,1,0,0,0.7537330207602766,-0.5513058466297674,3.2459508114282776,-0.7242330713062118,0.6042939742231156,0.13570988746140308,-0.20825975998570628,0.5456196687428033,0.9127054309029603,-0.34537573864094395,-0.9709998506697396,-2.4345473303630487,-0.2864519105450648,-0.7587562058752965,0.1891563282755266,0.3898842294851032,-1.8216806463434505,-1.5741758322241668,-1.2094604077470812,-2.120904085066952,-0.4685499948941393,-0.559387461285702,-0.8559028495164995,-1.3397670044496284,-0.27452895017695744,2.120904085066952,1.2094604077470805,-0.5089050763265954,0.641115017460903,1.3462854975045246,1.3772827932247493,0.4274663494443799,0.3845801819166189,1.247911984700014,2.3382679503297763,1.6280466190990672,1.4723300705029398,2.096873081001942,10.141055256940096,7.548721092555153,5.914607360609378,10.56252832496498,8.024409664437469,6.137322605857629,6.348150437133195,1
-0.9717058755587404,-0.41125084279609675,0.27967722576327125,1.0385308760612593,1,0,0,1,0,0,-0.25578193957032125,-0.24021828470848666,1.007144063387081,-0.5847785048172213,0.7489872490453452,0.26718453982161294,-1.1355143487012445,-0.23441425577786545,-0.38031643998860065,-0.4088041442379708,0.026125978220360318,1.1639216679686322,0.26831970513789544,-0.832199584907443,-0.7721778767185038,0.6232873626797121,-0.45072367129803237,-0.05253985062155261,1.2554872798984806,0.3422733367180179,0.747436323622239,-0.45180992305603546,1.1462490040295787,0.10533814800451849,-0.08525998931124858,-0.3422733367180179,-1.2554872798984815,-0.7317251853070371,-0.6347222057676005,0.3728412919839863,0.6537347655237203,0.4274663494443799,-0.024984737566746233,1.3294711944779316,0.7325910426154264,0.3258135853852078,0.6118943119331598,-0.482931511569848,-0.21379536872138252,0.39133929825375646,0.4145951522438788,-1.3336639938350878,-0.04248097655033679,0.1250502895462747,-0.1469716669968365,1
0.9815140635913272,0.4133176682906843,0.27967722576327125,-0.13478617003801185,1,0,0,1,0,0,-0.15483044353726144,-0.29429518799573734,-0.016310450003180245,-0.3625770378804064,0.12079695862464822,0.05387362425759897,0.13989656851589816,-0.77742039661295,1.242861935817709,-0.5229446063829833,0.907893218118935,2.0575199712386354,0.32708218289059765,0.9420577330076642,-0.5367810410920927,0.8709408150186457,0.5443936302621396,1.8459723818962805,1.2994551316290601,1.517428063553434,0.7467634029121526,0.5292984287850216,-0.823822376502388,1.24627583054351,0.6219270930501427,-1.5174280635534347,-1.2994551316290608,1.217950768271826,-0.25947596364157,0.9368930746220554,1.2997597902567817,1.5027680042781708,1.2667200084961745,0.5954383064766764,0.012804842605544792,1.752068812786101,0.6951622885689447,0.5034643620605421,0.03253147435602734,-0.39960325510201306,0.09305597698558829,0.506280418139323,-1.3595243465075295,-0.9326642846196119,0.5334696962929761,0
1.958124033166361,-1.9315490351123477,-0.8790386569529866,-0.4281154315628296,1,0,0,1,0,0,-0.0412600105000692,-0.3524423958314908,3.335503081349925,-0.7259690202666557,1.0747776042104016,0.28999136727185343,1.0330330801099148,0.07530002972991783,-1.0037338359226724,0.6862824571999707,0.31671961347341776,-2.025518302370813,-1.5959590555998187,-0.14402391414991458,0.8012617754401269,-0.4278968383154411,0.4323618511062814,0.34079249194574174,-0.8740438917877038,-1.8956992922180391,-1.5803646427428024,0.6993348030608079,0.9421427226955981,-0.4984007139945544,-0.07903347065549561,1.8956992922180391,0.874043891787703,0.1317027369921738,1.2415090048625523,1.1825285283515359,0.7441782689863493,0.9053781960371756,1.2982250023025865,-0.46483142063624716,-0.09793149585751397,1.752068812786101,-1.488309098769422,0.5793409677244183,-0.1681792866700104,0.330830031876813,0.10433805331043995,-0.6463284376377507,1.713576850059253,0.7559677548382072,-0.8686519007890618,1
-0.25209852955608386,1.3151894772918502,-0.15484123025532542,1.0385308760612593,1,0,0,1,0,0,-0.09173575851659908,-0.32162437567854146,-0.24658771551598904,-0.2520549540654803,-0.1471265369607769,-0.05255823717685663,-0.7892935243359698,0.29536343465947884,0.3490951806860338,-0.9637553349375779,-0.3257778931628112,0.8079229293950587,0.19948999403227458,-0.7575413106013433,0.7409732741338042,0.05562758752641923,-0.6059332696514541,-0.1254273093358786,1.0460293195708634,0.06447137185505257,0.3406055074080304,0.3368951764220396,-0.42132444599562635,0.7011382233093418,0.3010718612767025,-0.06447137185505188,-1.046029319570864,-0.7317251853070371,0.641115017460903,-0.10023439668020068,-0.05689276168264715,-0.2894014204448148,0.19555021907814235,0.5954383064766764,0.12354118106860354,-0.6663639641110671,0.27882240539001907,0.27583454506891375,-0.0951935553878152,-0.2958730841701091,-0.008482709938082702,0.09387908442092041,0.28677986593896093,0.3477270420022505,0.22417816752487937,1
-0.12359721776989524,-1.6996391413691911,-1.6032360836506476,1.0385308760612593,1,0,0,1,0,0,1.939913099148729,-0.6809741201034976,0.34189862968341117,-0.48987996164628994,-0.5710546111967577,-0.14512712506312683,-1.0794231653246489,-0.40627627173371256,0.942086008441836,-1.51331931212518,-1.3238787757694044,-0.6359831963679285,1.2813432062511243,-1.3470672718824603,-0.3806721743127599,0.15505429096846068,-1.8178310679179939,-1.610016889241653,-1.0866463603650327,0.21031740340811067,0.15499044140175522,0.17627790555706419,-1.1320485245636056,0.241866589961468,0.14923911875658039,-0.21031740340811067,1.086646360365032,-1.2609229441355856,-0.3345252120667762,0.08171779126756346,0.14983524623193267,-0.596630464683041,-0.2770246880180474,0.4323198869208419,1.1755363964676604,0.015758101167622184,0.27882240539001907,0.35171115073279,0.5434315933313949,-0.16621037050522874,-0.0592520533999176,1.4579758036433286,-0.37174181903963527,-0.32030321536567735,0.47161139053935697,0
0.2105061928741954,-1.4677292476260335,-0.15484123025532542,0.3052077222492148,0,1,0,1,0,0,0.07231042253712305,-0.40303046664859626,-0.15703544559434116,-0.303554773225315,-0.1885956944274601,-0.07536506462709712,-0.23032020105296866,-0.19425516164230183,0.49022822792805026,-0.28521943214330076,-0.2097646768346065,-0.5187524198995618,0.08995219989595254,-0.6093025209907375,-0.7391010000258411,1.3303031891882342,-0.5752478193496652,0.07014710258442361,0.2600885100232926,-0.965469047129439,-0.2885420536018353,-0.4737938511152976,0.666668000863195,-0.1850928386308286,0.3411893459604404,0.965469047129439,-0.2600885100232933,-0.3139374809687093,-0.3345252120667762,1.5191400760548999,2.113751321420439,1.7075873671036554,0.25856020669096863,0.5954383064766764,0.5111183656893089,1.3179911348814817,-0.24854144663662048,-0.4070549059059717,0.14201007127932075,0.4691369264526849,0.36382580878204385,-0.033013633646279864,0.28677986593896093,-0.15329565102369538,0.16231986177126023,1
-0.8175043014153137,0.6452275620338409,-0.4445202009343899,-1.8947617391869185,0,1,0,1,0,0,0.7537330207602766,-0.5513058466297674,-0.31055362260288033,-0.20576298178697722,-0.7190017619460379,-0.26497476735066505,0.12619797460255713,0.28832323403126986,0.7139861709873072,-0.6401492367495121,-0.4788717728281394,-1.1176411359358307,0.39075483410265827,-0.7199078649841637,0.1768463597166843,0.6526812371547149,-1.5538110355592603,-1.1156677990694905,-0.964482122757493,-0.5677675826606664,-0.8948048119607194,-0.21857188618728482,-0.32016131541603116,-0.6759321050165656,-0.4666757007903625,0.5677675826606664,0.9644821227574922,-0.4253475354589299,0.7161642658861095,1.6010185606313942,1.764897808064586,0.8883099158017184,0.5736101447550955,1.247911984700014,2.1167952734036595,1.752068812786101,-0.6926373220274746,0.12408133374116129,1.099947794358136,0.7414286251489338,0.39767203775660004,1.1407440084753266,1.1922471827845313,0.9600881112561845,0.7809029193074537,0
1.1614159000919912,-1.3388904177687242,0.27967722576327125,1.7718540298733036,1,0,0,1,0,0,0.1480240445619179,-0.42687082186125513,-0.4512786181940413,-0.040847830544809956,-0.5978071000732473,-0.29672544870296064,-0.3482178310537045,-1.4405894282367993,1.4954119863686879,-0.7582001803442575,0.31144493967922626,0.8969407920786174,0.2790947096671754,0.18886210780832896,-1.1745146331874046,1.2915542566210172,-0.36020424907959325,-0.1509563729838364,0.6912331826893902,0.5377636082882545,0.6729141634697898,0.8006512241331312,-0.7463908110776398,0.6671071612010133,-0.5522731918441979,-0.5377636082882545,-0.6912331826893908,0.4102278732177254,-0.9349191994684248,0.8823074182377254,1.4935672976767,1.2467438007463156,-0.5290646384693491,1.247911984700014,0.954063719541543,0.2638024885416898,0.7229182807808735,0.8828473903799233,0.32447439948480933,-0.127311556405765,0.1438253204474232,-0.12818317219668063,0.28677986593896093,0.6260729825722207,0.34789477903211874,1
-0.9717058755587404,-1.4419614816545723,0.27967722576327125,0.3052077222492148,1,0,0,1,0,0,-0.25578193957032125,-0.24021828470848666,-0.11865590134220637,-0.3139704669879782,0.1412897312263551,0.05789835851352376,-0.5356604355171467,-0.9320316294253084,1.4824929640119227,-0.8342029987915944,-0.04709557924017007,1.0887079618622981,0.29832229990396547,-0.5462429864160695,-0.8174715471879854,0.5365966406801002,-0.15492484255948058,0.44210341329946196,1.6167883223801918,-0.11864316273067908,0.1990493191652192,0.46031761080731565,-1.4873896709118275,0.9733336111836017,0.4928544942033426,0.11864316273067908,-1.6167883223801924,-0.5367575899491508,-0.7848207026180125,-0.10023439668020068,0.188596747715916,0.12023730520615308,-0.024984737566746233,0.6769975162545934,-0.04256332662598434,-0.046252995675895824,0.3898463742377325,0.7310941790521709,0.7897584364088047,-0.17917664187171697,0.2115177783965368,1.870377137361731,0.12214944469431245,0.06938110143228039,1.0901944480755505,0
1.4698190483788447,0.4133176682906843,-0.4445202009343899,-0.13478617003801185,1,0,0,1,0,0,0.5896868397065544,-0.5292099076521812,-0.016310450003180245,-0.3625770378804064,-0.3652773775569761,-0.1267922245639139,-0.18502822725938936,0.6130356668340764,-0.5467483701923668,-0.24562953952102928,-0.7515522206210203,1.2801663760524409,1.3684736658107797,0.6186140808786613,1.2438800105065007,-1.4561998578790163,1.2254601916395527,-0.1028850956452772,0.6286220997103051,1.122534507594003,0.8753981547972148,0.40468099674510466,-0.7159170835576913,1.5469750099224948,0.8766074238638677,-1.122534507594003,-0.6286220997103059,0.32667033235006016,0.7912135143113154,-0.7461646638947628,-1.3101813096647865,-0.8526546682148961,-0.15100471279239655,0.18764225758709038,-0.09793149585751397,-1.1004416420156866,0.6396503041450882,0.19995793940503753,-0.4601222117987924,-0.7367263106307022,-0.14386762583630988,0.062155904904119784,-1.5241547677521787,-1.32234860141757,-0.08511336124321738,1
1.958124033166361,-1.6996391413691911,-0.8790386569529866,0.3052077222492148,1,0,0,1,0,0,-0.0412600105000692,-0.3524423958314908,-0.38731271110714993,-0.10392064277427042,-0.3616461476699902,-0.1907407799636078,-0.14107438262291166,0.3423025450408364,0.1689536443335557,0.760412203499561,0.7800685467635391,-0.9148089038755679,-1.4678471000085145,-0.2408688548581077,0.8042379683201025,-0.29144885335566284,0.502077417911891,0.4042281105226904,-0.5796783524084306,-0.6727723041274362,-0.044505958534675226,0.33584695615797233,-0.5238432821867327,-0.5294164561324562,-0.6194772420946579,0.6727723041274362,0.5796783524084299,-0.09111737198826762,1.0163612595869336,0.6457695739056325,0.3824042551358344,0.5810808715634928,0.7626401075935709,-0.38327221085833024,-0.1532996650890431,1.069946747507413,0.22331042096616224,0.7310941790521709,1.136440659999233,0.6506647255835172,0.38074892326932136,1.0772976494417266,2.180029710252426,1.9064643091940836,0.8427612250610729,1
-0.25209852955608386,-1.6996391413691911,-0.15484123025532542,1.0385308760612593,1,0,0,1,0,0,-0.09173575851659908,-0.32162437567854146,0.34189862968341117,-0.48987996164628994,0.29529744039281536,0.13123796051037553,-0.7860107069388736,0.3200032047905201,0.924531412393999,-0.9261457894917234,-0.5782371507565939,0.36660555931132066,1.0134946159675102,-0.8703165835926533,0.5953966137503626,0.26463796999794414,-0.9563203241096548,-0.520055565696188,0.6912331826893902,-0.18555039652161812,0.22335694592232452,0.15724081603548373,-0.9979297744688506,0.30289234846697616,0.24400357640622578,0.18555039652161812,-0.6912331826893908,-0.8152827261747027,0.5660657690356972,0.04532735367801011,0.17567624722125458,-0.22112829950298704,0.006520256239666901,0.758556726032511,0.4557501964577793,-0.6043528672675491,0.3620903820258042,0.35171115073279,0.5981708917930423,-0.0495139282068366,0.0761328624983096,1.4262526241265279,-0.20711139779498602,-0.32030321536567735,0.47161139053935697,0
0.2105061928741954,-0.6431607365392533,-0.15484123025532542,-0.13478617003801185,0,1,0,1,0,0,0.07231042253712305,-0.40303046664859626,-0.7711081536284979,1.4607480202391339,-1.5455833909886778,-1.438855591995396,0.054340231514563894,-0.9893094031686556,0.8793811809364873,-0.404731570938402,0.3169602871990017,-0.3625865260270414,-0.8355195223671794,-0.6000873470192667,-0.9593498808502823,1.283706464355517,-0.4310782529646307,0.36811689619914395,0.5791922973583978,-1.068960644785851,-0.6751616212370228,0.3968025527259685,0.08785766271369552,0.11931642474843607,-0.052669395796287585,1.068960644785851,-0.5791922973583985,-0.28608496734615396,-0.5596729573423944,1.619213779426171,2.1783538238937448,1.8441336089873108,0.5736101447550955,0.5954383064766764,0.34501385799472056,1.3800022317249987,-0.4150773999081907,0.8828473903799233,1.3645210702560935,1.2082143943425034,1.1930584186586881,0.6966194952401235,1.933084078385452,1.4054416161681371,0.9664778365683122,1
0.6474106529472365,0.18140777454752677,-1.8929150543297122,-0.8681093238500562,1,0,0,1,0,0,-0.29363875058271866,-0.20940026455553734,0.21396681550962854,-0.44763853694215583,0.4294933903982641,0.18490108392270607,0.1503353594819846,0.6505202581102437,-1.6473316109864968,0.3962962464254579,-0.12811255565954305,1.106744680260359,0.3208102966840535,-0.8217528230211665,-0.026714594264017896,-0.5506691629833301,-0.41202102080887537,-0.12669411898461577,0.6359402782403267,0.87874991804355,-1.0301307152726962,-0.9196215635959027,1.6985880956875654,-0.9439236533188347,0.042860448614327216,-0.87874991804355,-0.6359402782403275,-0.6760201580619267,0.19081952690966666,0.6821600114951846,0.26611975068388355,0.08610074473523979,1.2037100208833493,0.6769975162545934,0.40038202722625016,0.5118468759157585,-1.053465220782544,-1.0140677512169813,-0.7155722712864762,0.1838789563899486,-0.21156008378542468,-1.1433249167342867,-0.7833178721512579,-0.48731077970765985,-0.45626319576493324,1
-1.4343105979890196,1.1605828814630785,0.27967722576327125,0.3052077222492148,1,0,0,1,0,0,-0.10435469552073157,-0.31813554320839627,0.13720772700535894,-0.42217795218897913,0.18372504293285305,0.08159957135396977,-0.09923364502567124,1.3702315518480954,-1.9066311461385754,1.0935185737069881,0.5841834696601186,-0.6699717326726432,-0.9710541442844107,0.24498745019790114,0.7185199379842111,-1.3394796483927385,1.1939352763306421,0.6476304774940551,0.0915777400728132,-1.004587223962434,0.38277537266162176,-1.1608883062196795,1.2603807815830603,-0.2933872627965993,-0.1271820112786829,1.004587223962434,-0.09157774007281391,0.4102278732177254,0.9413120111617277,0.6730624020977969,-0.18609776662925942,0.2909201075607231,1.6132749403667133,0.10608304780917345,0.06817301183707392,1.13195784435093,0.5841383197212315,-0.9381911455531051,0.8080048692293539,1.4027084648398238,1.1761353041714093,-0.5723076854318833,1.439192814651505,0.9600881112561845,0.16231986177126023,0
1.4698190483788447,1.9593836265783975,-0.4445202009343899,-0.8681093238500562,1,0,0,1,0,0,0.5896868397065544,-0.5292099076521812,-0.054689994255315046,-0.34811079654337423,-0.3959004412137455,-0.13797204194148277,0.7726293838728122,0.36923502740963865,-0.6567270576901799,0.6802484301329159,-0.13582428068196656,0.9101148588703322,0.5774946980534685,0.6032786448110058,1.2911917806979167,-1.2212627587899938,1.1691531344975155,0.020804716131885823,0.4407888507730546,0.8041191033027003,-0.47157105248001135,0.7867009183126347,-0.32948340610333515,0.24034049158207788,0.19688997300511663,-0.8041191033027003,-0.4407888507730553,0.438080386840281,1.0163612595869336,-0.3640650692044592,-0.9096457943302884,-0.4600842227993849,0.06953024385249205,0.10608304780917345,-0.09793149585751397,-0.6043528672675491,-0.4150773999081907,0.8069707847160468,0.1785029369204177,-0.02358138547386016,0.0761328624983096,0.4428340591057229,-0.6186874509066087,-0.32030321536567735,0.5334696962929761,1
0.2105061928741954,-1.6996391413691911,-0.15484123025532542,1.0385308760612593,0,1,0,1,0,0,0.07231042253712305,-0.40303046664859626,0.34189862968341117,-0.48987996164628994,0.16421558217395793,0.06863098319598987,-0.81222127320013,-1.169607131651274,1.4603305130986117,-0.7085006052719368,-0.01580079805235857,0.004625814578840549,-0.013111785558457474,-0.6339986969024421,-1.3206048454443418,1.3281208610898194,-0.43484411267299655,0.5284892297830718,0.3586118043630053,-0.34935776200978186,0.49592942427666303,0.2823695502352484,-0.6616873508598797,0.5259546305659438,0.5365086821284455,0.34935776200978186,-0.35861180436300605,-0.3696425082138195,-1.009968447893631,1.3553831069019124,1.9587053154845036,1.6393142461618264,0.5421051509486824,-0.13859458152457876,-0.319404172783631,1.13195784435093,0.5286263352973745,0.35171115073279,0.2514886682026129,-0.1402778277722523,0.0761328624983096,0.9504049313745251,-0.4540570296619595,-0.6543183440496418,0.22417816752487937,1
0.6474106529472365,1.1605828814630785,-1.8929150543297122,0.3052077222492148,1,0,0,1,0,0,-0.29363875058271866,-0.20940026455553734,0.13720772700535894,-0.42217795218897913,0.3807098051443639,0.16522460533818487,-0.8900319114580295,0.8085414519009795,-1.6473190450046509,-0.24029321092396655,0.053753841386281156,-0.7217995975059296,-0.7178798754426909,-0.7443420590992528,-0.19425346940060628,-0.6333430832036898,-0.35797076753953566,0.1080178349393577,0.4513710056427588,-1.4321128303428865,0.493873223524348,-1.3043473784762203,1.6154916007904288,-0.03033705985174294,0.03557576540422872,1.4321128303428865,-0.4513710056427595,-0.7038726716844818,-0.18442671521636386,-1.6069330893092284e-4,-0.3282232720705331,-0.4430159425639276,0.9201650766256344,0.2692014673650073,0.06817301183707392,0.07776919801113909,0.8339422496285867,-1.0140677512169813,1.2459192569225261,2.02508949043125,1.8869061126371052,-0.7626467625326843,2.097714499630101,1.3497724280541432,0.5953280020465953,0
1.4698190483788447,0.20717554051898904,-0.4445202009343899,-0.13478617003801185,1,0,0,0,1,0,0.5896868397065544,-0.5292099076521812,0.06044863850108935,-0.3984533163962463,-0.30799977564623926,-0.09906627746754311,1.0094328556725698,1.985691382430362,-1.620874567095866,1.5484814499864616,0.06918885183111885,0.049479423501147035,0.1939051770168521,0.8362846629534398,1.4512468496623636,-0.9638364316348322,1.6571782532342088,0.6393155637520076,0.454702424768406,-0.3834842964864804,-0.5680351765514714,-1.2715965036567878,1.2472271710775862,-0.4486689507418806,0.5342183193548623,0.3834842964864804,-0.4547024247684067,0.49378541408539117,0.9413120111617277,-0.7916527108817039,-1.1163738022448682,-0.5112890635057554,-0.24551969421163483,-0.6279498401920818,-0.8730858650989243,-0.790386157798101,-0.27629743884854874,-0.9381911455531051,1.4831228835896608,2.02508949043125,1.6669056243024845,0.7600658542737248,-0.12479618717266176,-0.32030321536567735,1.2139110595827887,1
1.0586148506630406,0.20717554051898904,0.27967722576327125,-0.4281154315628296,1,0,0,0,1,0,0.24897554059497767,-0.4565258978574894,0.815246342126407,-0.5587392704105633,0.2657359830846481,0.08070518596376425,0.8781041481236393,0.13096344089030826,-0.4440631075201874,0.2783637908639703,-0.1381726294549918,0.9708172095050195,0.7573075782772967,0.35818930478411226,1.4473999069566421,0.38850880063015075,-0.25909835302245726,-0.42004252270393394,0.5061221547512287,0.8221130942085976,-0.8631266604664973,1.2702220202198562,0.9974630211696613,-0.6329690145606115,-0.23045858334776537,-0.8221130942085976,-0.5061221547512293,0.27096530510494976,1.2415090048625523,-0.19121049065408274,0.03355074177998182,-0.06751377738387422,-0.6865896075014126,1.4110304042558486,1.2309045656991897,-0.23228628620644656,-0.6371253376036178,1.793366658346437,1.2550424733328,1.6620338921695847,1.243827762120523,0.15732544345452057,0.4514102871836102,1.0157572993701793,1.1520527538291696,1
1.8296227213801723,0.10410447663314094,-0.15484123025532542,1.0385308760612593,1,0,0,1,0,0,0.17326191857018283,-0.4390817355067634,0.20117363409225028,-0.44069474110038037,0.012933821213608435,0.0028936570158849427,-1.35243378199749,0.2047619053660002,-0.4996138713736361,-0.5456103137500152,-0.8321878899179954,-0.5485388948152666,0.6605102236401202,-0.434492504932064,0.5028022703212628,-1.4528752806042522,0.42128252852908016,-0.8266442097028579,-0.46081074412575107,-0.29111514316954507,1.4464523042969684,0.22265413553188335,-0.7770106429178258,1.1548208778517652,0.274827836563601,0.29111514316954507,0.46081074412575035,-0.28608496734615396,0.7161642658861095,0.6548671833030202,-0.26362076959722697,-0.08458205761933026,0.7311351137871589,0.5138790966987595,0.8433273810784847,0.44983577907224165,1.055990187324014,-0.02767187758659086,-0.6517097564145549,-0.9182541097615345,-0.4654068010946016,-0.3185222492974822,-0.37174181903963527,-0.5429799678216537,-0.5799798072721716,0
-0.27779879191332196,0.49062096620506923,-0.15484123025532542,-0.13478617003801185,1,0,0,1,0,0,0.5139732176817596,-0.5216507706335333,-0.1442422641769629,-0.3070266711462027,-0.4375193900558659,-0.16390921825744253,0.5800676250777328,1.7693704117941293,0.2736767228410952,0.8592703391828398,0.6144645136800021,0.4361588038129976,-0.717248698355915,-0.21744415597244543,2.208586800677037,-0.042910756108033576,0.5443936302621396,0.21379160660170501,-0.20147967785109497,0.7946936794948511,-1.0238657916635485,-0.21600264518042409,-0.41724641993929373,-0.6210073878436265,-0.5901080690896803,-0.7946936794948504,0.20147967785109425,-0.06326485836571254,2.4422969796658496,0.6639647927004092,0.5374502610717695,0.7517636739180628,0.29006520049738066,-0.46483142063624716,-0.4301405112466897,0.8219023601333442,-0.8314172830871166,0.12408133374116129,1.0908245779478607,0.6765972683164937,0.36382580878204385,1.0455744699249259,0.28677986593896093,0.793080546914203,1.1520527538291696,1
-0.3034990542705592,0.43908543426214564,-2.0377545396692445,-0.4281154315628296,1,0,0,1,0,0,-0.33149556159511606,-0.16520838660036474,1.5700440457517246,-0.6426434701653501,1.0143910336990178,0.36959166700014373,-0.5287305226891632,1.5831934715134723,-0.03708441405000192,-0.47465842472907793,-0.5218839712695234,-0.25368566699647666,0.6058571156101822,-1.4330714209276625,0.5854116313521376,0.2694886002717045,-1.358410361072019,-1.172999231441682,-0.6155407076067343,0.2644887865563884,-0.6966954158981502,-1.5865302038722968,0.3215056902331073,-0.7057435515067366,-0.46673072130621535,-0.2644887865563884,0.6155407076067336,-1.3166279713806959,0.7161642658861095,0.4456221671630917,0.5245297605771081,-0.08458205761933026,-0.05648973137315825,1.166352774922097,1.7292180887829538,0.6358690696027934,-0.3595654154843339,-1.2416975682086098,1.8571747564109133,1.7787303344679768,1.3115202200696365,1.0455744699249259,1.1099319721622063,1.4054416161681371,1.5850608941045057,1
0.18480593051695732,1.8047770307496258,0.27967722576327125,-1.161438585374874,1,0,0,1,0,0,1.9903888471652589,-0.6827185363385703,0.11162136417060241,-0.41639145565416624,-0.7228401235935552,-0.20326217542648495,-0.18284907519809404,1.4293345845354102,0.6490955023796727,-1.0287124230290419,-0.6743548527510633,-0.024444664279880856,0.8039101330231226,-0.8262102594401542,1.2602370235740064,0.6582256358789548,-1.7861696726373988,-1.5324832068655914,-0.40749033797582196,0.37080434932556694,-0.5712834661911036,-0.69932878906693,-0.2258820115610419,-0.38141115539433035,-0.6194772420946579,-0.37080434932556694,0.40749033797582124,-0.8709877534198129,0.8662627627365218,-0.6187981323313287,-0.21193876761858224,-0.8867912286858101,-1.0646495331783645,0.9216751455883455,1.2862727349307197,-0.4803306735805153,-0.6371253376036178,-0.7864379342253526,-0.5422311594912614,-0.5681647828663581,-0.6684841749419423,-0.5088613263982832,0.03983423407198747,0.23638866577426285,-0.5799798072721716,0
0.4161082917320974,1.0575118175772313,-0.4445202009343899,0.3052077222492148,0,1,0,1,0,0,-0.06649788450833415,-0.3344167614024072,0.23955317834438508,-0.4516890845165249,0.21480073816197257,0.09188500334133312,-0.9912950765574957,-0.5777466043585436,-0.439722051167821,-0.6608280585190212,-0.3432085888574764,-1.0254927823506403,-0.38401444351160063,-0.6900678961556254,0.5624517311340952,-0.07094321593507624,-0.6348458394339461,-0.3276960443927659,-0.48326437388376714,-0.9193541232206256,0.6889122237342272,1.3564271429600456,0.5298236844452369,0.26323380683219655,0.12625656799669518,0.9193541232206256,0.4832643738837664,-0.5089050763265954,0.8662627627365218,0.8823074182377254,0.705416767502365,0.39332978897346543,0.8571550890128092,0.5954383064766764,0.954063719541543,1.0079356506638961,0.5286263352973745,1.1104772073715516,-0.3050275328241268,0.002351157259115363,0.10997909147286698,-0.7626467625326843,1.1099319721622063,0.6817421706862145,-0.3944048900113141,1
-1.4343105979890196,2.371667882121788,1.0038746524609323,-0.4281154315628296,1,0,0,1,0,0,5.410120775285159,-0.7763355409541333,-0.3617263482723934,-0.12185878203219036,-1.6839796769947508,-0.5028812811453306,0.8486621252232655,-0.4336854828387292,1.5677748821072433,-0.025260013570051556,0.8418646147028578,2.52785945384449,0.5168903520247898,0.6059430123328106,0.20520332996158783,0.8662193288436534,-0.4120210208088777,0.7177003098983509,2.394254639720468,1.0731061981267456,-0.5746342255354557,0.8008151267798552,-1.2727338969957902,-0.37442834260692315,-0.39377056666041826,-1.0731061981267456,-2.3942546397204683,-0.48105256270404034,-0.9349191994684248,-3.1934215917921907,-2.4471853531949743,-2.4229364498769406,-2.135819322596396,-0.22015379130249568,-1.0945585420250417,-2.9607745473212006,-0.3318094232724056,1.2622304186993043,1.209426391281428,0.2616765845888761,0.09305597698558829,2.028993034945732,-0.12479618717266176,0.45906541823023866,1.2139110595827887,1
-0.27779879191332196,0.10410447663314094,-0.15484123025532542,1.0385308760612593,1,0,0,1,0,0,0.5139732176817596,-0.5216507706335333,0.20117363409225028,-0.44069474110038037,-0.17849462424370457,-0.060607705688706215,-1.0935471927983798,1.5212609300044608,0.3326582353690648,-0.7115933394584727,-0.20042931272580014,-0.2887806889306863,0.008386256291698486,0.0055954425030785215,2.2550010855376263,-0.08190963933967983,0.37807942942097095,0.3237523473347339,-0.4291756706205317,0.031788787753525546,1.526194891696357,0.17103221665519217,-0.5370662400672376,1.3362137837227068,0.5766490766535154,-0.031788787753525546,0.42917567062053097,0.02029268250195297,2.142099985965025,0.09081540066495114,0.03355074177998182,0.18851042614798086,0.16404522527173035,-0.7910682597479163,-0.7069813574043363,0.2638024885416898,1.0837461795359422,-0.1035484832504671,-0.7429419205172992,-0.8793552956620708,-0.36386811417093057,-0.44541496736468245,-0.9479482933959068,-1.0440026608476,-0.5799798072721716,1
-1.5628119097752085,1.8047770307496258,1.7280720791585935,-1.161438585374874,1,0,0,1,0,0,-0.785777293743885,1.689106071281812,0.11162136417060241,-0.41639145565416624,1.926956945129057,1.6208368278976513,0.6974088755098394,1.1477620035818619,0.7047900326546825,0.75667809182603,1.3005100986370934,1.2759634960454451,-1.4193898251516526,0.5312848954223004,0.5817291993948391,0.702432003378446,0.604399406791591,1.044014838184006,1.8657307392625473,-0.11014700605881247,-0.4389104106438205,-0.9925758285013039,-0.2575951641336297,-0.4229111795306687,-0.6714495334785217,0.11014700605881318,-1.865730739262548,0.6330479821981672,0.7161642658861095,0.4547197765604794,0.7700192699756713,1.0077878774499178,0.19555021907814235,0.10608304780917345,-0.6516131881728072,0.2638024885416898,-0.49834537654397587,-1.0140677512169813,-0.41450612974742024,-0.47740088330094144,-0.6007917169928287,-0.4136917878478824,0.7806711296729086,0.793080546914203,-0.5181215015185524,1
-1.4343105979890196,-0.2824120129387873,1.0038746524609323,-0.13478617003801185,1,0,0,1,0,0,5.410120775285159,-0.7763355409541333,0.5082099881093286,-0.5164978457064292,-1.0196021411495992,-0.1978958630852519,0.22245394617828584,-1.7408805564075174,-0.2841014203252731,0.34884117574408824,-0.15694384619155494,1.5416824952070145,0.5547789212586163,0.6355756694701014,-0.09898799198833258,-0.41220373666037274,1.0348626820934306,0.338992842694084,1.7556215933338128,0.3614669270176405,0.32573209288447175,2.290249200318153,-0.025848843528286897,0.5548901978147299,0.5349952178129926,-0.3614669270176405,-1.7556215933338135,0.49378541408539117,-0.18442671521636386,-0.2821865846279648,-0.44450777652248397,-0.03337721691295973,-0.24551969421163483,0.18764225758709038,-0.5408768497097485,-0.4803306735805153,0.41760236644966076,2.400379503657447,0.4339529964081015,0.35244048415429274,0.5669031826293847,0.4428340591057229,-0.8656330827735822,-0.8213259083916238,0.6571863078002155,0
1.521219573093319,0.5936920300909173,-1.6032360836506476,-0.8681093238500562,1,0,0,1,0,0,0.13540510755778543,-0.4257078777045401,-0.1826218084290977,-0.277515538818657,-0.25717538688289354,-0.11292925101572851,-0.788190604791727,0.2521860841819234,1.1633870146860756,0.013578832525002624,-0.0686449410028884,-0.4538373791643567,-0.23360238246291948,-1.099259320161606,0.4210193554132603,-0.07558092476419975,0.3636279745614328,0.18012695040358245,-1.1820904200447964,0.5534028300138731,-0.0023687378784027586,0.07563463297338602,-1.666340563162986,0.34222314832013523,0.2651006934589298,-0.5534028300138731,1.1820904200447957,-1.2052179168904753,-0.18442671521636386,-1.5103638532753727,-1.3101813096647865,-1.1257471519822078,-1.0961545269847772,-1.3619827281933365,-1.0945585420250417,-1.1624527388592034,-0.1375174777889068,-0.1035484832504671,-0.5057382938501646,-1.2294446225572482,-1.0407926936620688,1.0772976494417266,-0.7010026615289333,-0.5429799678216537,-0.5181215015185524,0
-1.5628119097752085,-0.30817977891024867,1.7280720791585935,-2.041426369949327,1,0,0,1,0,0,-0.785777293743885,1.689106071281812,-0.34893316685501513,-0.16178560812239928,1.504439193439837,1.4240720420524393,1.2692922174038472,0.11389073255281722,0.1936505404237604,1.090051840572277,1.2863466934049153,1.6624426472540101,-1.2190131648644797,0.6264329896968894,0.7944589998914797,0.5430775089536192,0.4217524232967091,0.8108632392568836,1.5560487663379834,0.7241032714020105,-1.1390572640281555,0.6395529811383538,0.28101374621229785,-1.0543872289069696,-0.8806635700860319,-0.7241032714020105,-1.5560487663379843,0.8558680911786088,1.0914105080121401,0.8459169806481733,1.0284292798688959,1.178470679804488,0.5421051509486824,0.35076067714292497,-0.319404172783631,0.5738579727592754,-1.053465220782544,0.6552175733882943,0.15113328768959466,0.2746428559553643,-0.1777138548108673,-0.2233527107470814,0.7806711296729086,1.3497724280541432,0.47161139053935697,0
-0.3034990542705592,0.5936920300909173,-2.0377545396692445,-0.8681093238500562,1,0,0,1,0,0,-0.33149556159511606,-0.16520838660036474,-0.1826218084290977,-0.277515538818657,0.1739474175024704,0.08741307639030557,-0.9010657250172954,0.49892563225304665,1.1350037675254057,-1.030513881061701,-0.8305255428505267,-0.32195534837777484,0.9141442197504633,-1.1325462613451767,0.5302269901901739,0.026063604236142998,-0.7397717758677612,-0.6037711515570796,-0.7118242677055338,0.266869946255213,0.1213269450577737,-0.15362132902533407,-1.525396764365605,0.6586127404907177,0.4902588665192704,-0.266869946255213,0.711824267705533,-1.0659553487776992,0.491016520610491,0.00893691608845806,0.020630241285320403,-0.27233314020935756,-0.05648973137315825,0.5138790966987595,1.009431888773073,0.5118468759157585,-0.05424950115312168,-0.3311783002420958,-0.5969704579529088,-1.2294446225572482,-0.939254006738398,0.886958572340925,-0.7833178721512579,-0.7656567202776299,-0.6418381130257917,0
0.9815140635913272,1.0059762856343069,-1.168717627632051,0.5985369837740325,1,0,0,1,0,0,-0.5081606796529707,0.14239034285077085,-0.31055362260288033,-0.18261699564772566,0.3198816166458816,0.250638410102811,-1.4698704338567843,-0.4166450919390915,-0.05078635644066128,-1.4656108099307896,-0.3971209356143665,-0.06877100002129198,0.08900346539560258,-1.0962400949571498,0.7976659263026316,-0.6879758828098632,-1.0631361996264483,-0.5154819452647564,-0.43967950362031105,0.3422733367180179,0.9485404326133406,1.3709426785206895,-0.6219227634753084,0.9257579940001448,0.013008876548246957,-0.3422733367180179,0.4396795036203104,-1.038102835155144,0.7161642658861095,-0.04564874029587195,-0.39282577454383927,-0.767313267037611,0.8256500952063961,-0.46483142063624716,-0.319404172783631,-0.4183195767369984,1.0837461795359422,1.5657368413548085,0.5799244589724931,0.14498014229048395,0.5161338391675497,0.31594134103852145,-0.04248097655033679,0.1250502895462747,0.7809029193074537,1
-1.691313221561397,-0.3854830768246345,0.27967722576327125,-0.13478617003801185,1,0,0,1,0,0,-0.34411449859924853,-0.12973858982055517,-0.5920036137852022,0.4481111266468789,-0.41879934682925535,-0.4460878088672807,-0.06743605918872429,-0.3249690031915462,-0.497394472360973,-0.253294847049174,-0.3012825711369288,0.5504998349632345,1.0113808136575209,-0.23218559879722725,0.28373638366761317,-0.5879984130543731,-0.8038853570115843,-0.9763682426489451,0.05712944868845589,0.6941558255444424,-0.1382256326811131,0.7302710358307711,0.08907320776204644,-0.4549339620418018,-0.56155145620547,-0.6941558255444424,-0.057129448688456604,-0.17467491285593337,0.340918023760079,0.22727954162577424,-0.12149526415595328,-0.42594766232847037,0.3215701943037938,1.247911984700014,1.3416409041622488,0.015758101167622184,-0.27629743884854874,0.4275877563966659,-0.5969704579529088,-0.46443461193445323,-0.6007917169928287,-0.6992004034990842,-0.6186874509066087,-0.3759724034796717,-0.76555472453303,1
1.4184185236643685,-1.4419614816545723,1.4383931084795292,0.3052077222492148,1,0,0,1,0,0,-0.5838743016777656,0.459292625555627,-0.1442422641769629,-0.299504225650946,0.6664749668314865,0.5846913533445687,-0.08415526044410819,-0.06105439686031937,0.25926506494648166,-0.08941913927394932,-0.15067859973272776,0.4751398195684887,0.2870560893026827,0.09976869084655403,0.5751935618582834,-1.0309203661324713,0.8689118631225546,0.30645087520476594,1.1515092521572485,-0.49401881205127574,0.21670763856896239,0.6600153591397382,-1.3903995755949656,0.9823976178441436,0.4950791930967428,0.49401881205127574,-1.1515092521572492,0.15955525061472892,0.641115017460903,0.28186519801010423,-0.3153027715758717,0.03489590402886805,0.8571550890128092,0.758556726032511,0.2342775195316623,0.20179139169817292,0.4731143508735179,1.0346006017076752,1.0269620630759395,0.054216242725068246,0.4484413812184362,1.9655466759121307,0.6160407084282594,0.4033962301162448,1.3994859768436472,1
1.8039224590229344,-0.07626988516709207,-1.168717627632051,0.3052077222492148,1,0,0,1,0,0,0.08492935954125552,-0.41524138029410446,-0.7327286093763631,0.8415928910141551,-1.319872251643361,-0.9697504548326064,0.5418835233589547,0.34789777394523813,-1.373297412487449,0.4295081359946818,-0.7092834605409601,-0.723827757919116,0.6147374871070376,-0.48550659506430077,-1.0937295752826215,0.06604745996634946,-0.6442369237438149,-0.7164805273831094,-0.01001094667634824,-0.9772859963810728,-1.238614699376697,-1.5731748913148493,1.9437148962794184,-1.2190520877763367,0.22259945317473073,0.9772859963810728,0.010010946676347532,-0.45320004908148526,-1.009968447893631,0.04532735367801011,0.07231224326396513,-0.18699173903207253,-0.24551969421163483,0.758556726032511,0.8433273810784847,-0.17027518936292965,-1.053465220782544,-1.317574173872486,1.1638103092300558,2.1417859327296416,1.3622895635314727,0.2524949820049213,1.0276167615398821,0.5704037944582268,0.8427612250610729,1
0.930113538876852,0.23294330649045036,0.5693561964423357,1.0385308760612593,0,1,0,1,0,0,-0.4955417426488382,0.12901648504854757,-0.24658771551598904,-0.2503190051050364,0.36744909743890647,0.29267452344246997,-1.0586687459649071,-1.4959800927597484,1.73672166930504,-0.680209580738455,0.7601131689617906,0.13553251124403312,-0.9380036398761272,-0.6380772533714751,-0.30943566544403034,1.0106834808139542,-0.05252643055099649,0.4855059620616813,0.8018189915875111,-0.6103841330315712,0.8345453887850565,1.7432937688255374,-1.358517274185605,0.8668349507226369,-0.5141822710408548,0.6103841330315712,-0.8018189915875119,-0.23037994010104354,0.340918023760079,2.201460780859015,2.540127837744259,2.3903185765219357,1.0146800580448727,0.758556726032511,0.40038202722625016,2.3721797812212735,0.9727222106882286,1.9451198696741894,0.589047675382767,-0.2569742700706454,0.09305597698558829,0.5697267771729232,0.9453015509175579,0.6817421706862145,0.038603250264021984,1
0.7502117023761872,0.18140777454752677,-0.4445202009343899,0.3052077222492148,1,0,0,1,0,0,-0.6722068607066928,0.6511784114136133,1.966632669690451,-0.6767837997207461,1.8537396502128838,1.0238345799354738,-0.2438392649468461,-1.4178565999153636,-0.4093770357305982,0.9571830045276276,1.5731016569416105,0.6146833708968524,-1.2109609739046323,-1.1509145709371604,-0.9455718554199297,0.1136181946900529,-0.2782277522304676,0.7658366635676649,0.4884925330428311,0.3538738583276802,-0.8109158448532374,0.998799552758538,0.6738074504221856,-1.5689783632559777,-1.2974187542334286,-0.3538738583276802,-0.4884925330428318,-1.1495128896453646,-1.009968447893631,-0.6187981323313287,-0.4703487775118068,-0.5454256239766699,0.3215701943037938,-0.13859458152457876,-0.3747723420151606,-0.29429738304996345,-0.8036612908751883,0.8069707847160468,-0.2685346671830286,0.10608132819102022,-0.5330992590437151,-0.826093121566285,0.8629863402952329,1.1827648637121608,-0.2706882785040748,1
1.341317736592655,0.6452275620338409,-0.8790386569529866,1.7718540298733036,1,0,0,1,0,0,-0.43244705762817587,-0.04658808261542777,-0.5536240695330674,0.24269049966102146,-0.2006745132716574,-0.2233858467061089,-0.7645585620140378,-0.046494685849487676,-0.28779021405624583,-1.1705833813144229,-1.3669677108136427,-0.7283877570953039,1.0148656481014966,-0.03152589915201571,0.4762034012994776,0.12875009833448567,-0.5243835544870734,-0.7951862115132803,-1.175091701728231,0.17200761631813533,1.031636984925153,0.5408655290758909,0.5228002958581393,1.0614128721288099,1.0007804075152584,-0.17200761631813533,1.1750917017282303,-0.14682239923337803,0.26586877533487285,-0.44594355378095224,-0.3153027715758717,-0.4942207832702994,-0.7811045889206503,-0.38327221085833024,0.17890935030013266,-0.4183195767369984,1.1670141561717275,0.7310941790521709,0.5799244589724931,0.7803274392483975,1.209981533145967,0.062155904904119784,-0.4540570296619595,-0.4316415915936655,1.3376276710900281,0
0.9815140635913272,2.371667882121788,0.27967722576327125,-0.4281154315628296,1,0,0,1,0,0,-0.15483044353726144,-0.29429518799573734,-0.3745195296897717,-0.12185878203219036,-0.24261717845049763,-0.13215853690514695,0.8707643861743414,-0.9351583459956102,1.2893145242421198,0.048452543373398195,1.0280626541910016,0.9550597216969507,-0.042841785484676737,0.7523834256595354,-0.5104190935934299,0.6953776304481424,0.09634352345409661,1.3903499782475048,0.6912331826893887,0.617030896486598,-0.45904642187530814,0.7722075348932869,-1.0637486902938622,0.0300763284583566,0.020874343284549058,-0.6170308964865974,-0.6912331826893894,0.8837206048011639,-0.3345252120667762,0.5456958705343614,0.8475422729436388,0.8541733553308051,1.0461850518512859,0.4323198869208419,0.12354118106860354,1.3800022317249987,-0.19302946221276363,1.2622304186993043,1.2824121225636245,0.4432043837197094,0.43151826673115745,2.028993034945732,-0.12479618717266176,0.18071947766026855,1.3376276710900281,1
-1.3315095485600683,-0.12780541711001567,1.7280720791585935,-1.6014324776621007,1,0,0,1,0,0,-0.3062576875868511,-0.17741930024587296,2.0945644838642337,-0.6848848948694842,1.1108967519626614,0.392845687145487,1.3307298518035946,1.0581402681025318,-0.782511516160902,1.7384535557555232,0.4981006030493299,0.1888400874666007,-0.44706995288866275,0.6277523881571049,1.0645156833367646,-0.9961118015327843,0.7741629158047267,-0.7465538106664562,-0.7989105922128035,1.049905154907421,-1.2231694628234,-0.38592228267704726,0.06872316099839751,-1.5808919028853752,-1.3764196701286797,-1.049905154907421,0.7989105922128035,0.5494904413305014,0.9413120111617277,-0.09113678728281299,-0.5866332819637576,-0.27233314020935756,-0.40304466324369825,0.10608304780917345,0.5664865349208381,0.07776919801113909,-1.1367331974183288,-0.3311783002420958,0.11464042204849642,0.13201387092399572,-0.5161761445564365,-0.15990635171348128,0.4514102871836102,1.1827648637121608,0.10046155601764112,1
0.18480593051695732,1.8047770307496258,-0.8790386569529866,-1.161438585374874,1,0,0,1,0,0,0.1480240445619179,-0.4379187913500483,0.07324181991846762,-0.41060495911935335,-0.054910433565153745,-0.01946597773925279,-0.3821529149235458,0.22520256954158788,1.0529377768366097,-0.5384924501439275,-0.07070680506310792,-0.7642426467474116,-0.07539487092884,-1.0098378170912226,-0.8370592275816607,1.7335408358025362,-1.2461649879304306,-0.40894353513000437,-1.0504933074560319,-4.693472038239746e-4,-0.4776251174469043,-1.147645152938913,0.3026401433806996,-0.5082073107969394,-0.30733145813776225,4.693472038232714e-4,1.0504933074560312,-1.1216603760228097,-1.0850176963188372,-1.3738997123145495,-0.43158727602782254,-0.8697229484503528,-1.726254403113031,-0.6279498401920818,-0.2086678343205727,-1.1004416420156866,-0.47058938433204756,-1.0899443568808573,-0.08607033897753999,0.08014878545804377,-0.1269445113490324,-0.2550758902638815,0.36909507656128593,0.4033962301162448,-0.1469716669968365,0
-1.0488066626304537,0.928672987719922,1.0038746524609323,0.5985369837740325,1,0,0,0,1,0,-0.596493238681898,0.4883662294735037,-0.5152445252809326,0.13101111653913275,0.22001722571422538,0.27433962294325703,2.092281510811234,1.444322001501688,-0.4171601500529992,1.6058161721773383,0.9227950460287228,0.15220699988415773,-0.4213771405257117,2.2204119184334785,1.6850910261432661,0.4486081097220385,2.0791165450511984,1.7176085668085062,1.1441644212614832,-0.9271761482887021,-0.6907589459790489,-0.29429007600101237,1.0210797867396784,-0.10773767402524566,0.4772317054921573,0.9271761482887021,-1.1441644212614839,1.6078859589875987,1.0914105080121401,-0.8735311954581982,-0.5349512799851129,0.2567835470898098,-0.9386295579527137,-0.7910682597479163,-1.2606630497196296,-0.6043528672675491,-0.3040534310604773,0.35171115073279,2.158240897949969,2.504841530991306,2.293060860331788,1.0455744699249259,0.9453015509175579,0.514734606344233,2.3273605631479377,1
0.6474106529472365,-0.05050211919562982,1.7280720791585935,0.3052077222492148,1,0,0,1,0,0,-0.5333985536612357,0.24124059617155166,-0.7583149722111197,1.258220641520683,-0.7344913508946546,-0.7868486425355797,0.5058159066941754,-1.3391182571169382,0.4070347310026608,0.004246501937348878,0.2528723932065729,-0.531237656379043,-0.1499349005782463,1.1197093669686788,0.14942449812980005,0.5386514541748537,1.2765924472723582,1.4175833038268708,0.1590389773671773,-0.8822777243979375,0.41545107515942176,1.9876720153946712,-0.015137348927322542,1.2601104679788497,1.0552476901468224,0.8822777243979375,-0.15903897736717798,1.2736557955169365,0.340918023760079,0.6002815269186915,0.8087807714596554,1.349153482159058,0.29006520049738066,-0.6279498401920818,-0.762349526635866,1.3800022317249987,0.3065783976019474,1.717490052682561,-0.23204180154193166,-0.2051091846046925,0.2961333508329291,-0.0647368131630805,-0.7010026615289333,-1.0996718489615938,-0.20882997275045564,0
1.2385166871637046,-1.3388904177687242,-0.15484123025532542,1.7718540298733036,0,1,0,1,0,0,-0.8236341047562825,4.686594635214901,-0.3233468040202586,-0.17393725084550635,2.4491225554509555,3.7387414319042973,-0.7553213991129661,-1.2006593520317514,1.8670430504268263,0.14588577132659336,2.171625583923874,1.4163281893153805,-1.733489388024179,-0.44996366504009216,-0.23446499301712667,1.473314690981751,1.0110014789946482,2.1827957193749694,1.2104470415403286,0.7311960875261709,0.6006943996801748,1.413060757985119,-1.0717712177363863,0.8054094950528365,-0.6921444433034675,-0.7311960875261709,-1.2104470415403292,-0.45320004908148526,-0.25947596364157,-0.12752722487236504,0.6408142650290589,1.0589927181562884,-0.18250970659880966,-1.1173050988595852,-1.592872065108806,0.7598912632898273,0.41760236644966076,1.1104772073715516,-0.40538291333714505,-0.8663890242955825,-0.5330992590437151,-0.5405845059150832,-0.04248097655033679,0.3477270420022505,-0.2706882785040748,1
-1.5628119097752085,-1.6996391413691911,1.7280720791585935,0.3052077222492148,1,0,0,1,0,0,-0.785777293743885,1.689106071281812,-0.3617263482723934,-0.12648797926004068,1.4877730587670175,1.3967932876511713,0.40919685416564666,0.12302693386886099,0.7863027350577014,0.8964037508341144,0.9727921092668756,0.01232064191595342,-1.3735213226352745,0.4359061220826651,1.3263860806994934,0.3152785500560004,0.5059913805133536,0.5283299298141404,0.3242026962602782,-0.30473640080153597,-0.13344592561337676,1.1598861305794694,-0.7580776426626059,-0.7092512448216132,-0.7488660400925009,0.30473640080153597,-0.3242026962602789,0.5494904413305014,1.4666567501381707,0.49111021415003275,0.5891322630504142,0.785900234388976,0.16404522527173035,-0.46483142063624716,-0.6516131881728072,0.3258135853852078,0.029018475482663446,1.413983630027056,0.7076494887163344,0.1709126850234604,-0.1269445113490324,0.9821281108913258,1.3568776040291806,1.2941032399401495,0.40975308478573785,1
0.7502117023761872,-0.05050211919562982,-0.4445202009343899,0.3052077222492148,1,0,0,1,0,0,-0.6722068607066928,0.6511784114136133,-0.7583149722111197,1.258220641520683,-0.33089868126174904,-0.47157779248813775,-0.9751611640408133,-2.1405737170647905,-0.19248604065404534,-0.9096297400521937,-0.23766528354951214,-0.40380277271721665,0.4922989468835855,-0.9335809708469376,-1.319261830214197,-0.04541633120334778,-0.007833906738159526,0.9094816554697435,0.9153149533513734,-1.4585370472760366,0.42316223063228225,1.6163970637027587,0.21749583296953356,1.2210831265717486,1.1969083288264017,1.4585370472760366,-0.915314953351374,-1.0102503215325889,-1.3852146900196616,-0.973604898829468,-0.8450432918569822,-0.801449827508525,0.1010352376589052,-0.30171300108041293,-0.7069813574043363,-0.728375060954584,0.41760236644966076,1.5657368413548085,0.11464042204849642,0.20981149912292413,0.7022880985276131,0.12560226393772106,-0.4540570296619595,-1.0440026608476,-0.023255055489598248,0
1.521219573093319,1.2378861793774645,2.8867879618748513,-0.13478617003801185,1,0,0,0,1,0,-0.6217311126901629,0.5930312035778599,-0.8478672421327675,4.666467100525472,-1.876339602949156,-3.150262036153638,2.7290283739904053,0.20993210748041016,0.14511164457853248,0.5953811048534349,0.08518016452949123,-0.6934417155854734,-0.3018616767040939,3.197242761649763,-0.12159550642800139,1.7235041428174076,1.6448795265318186,2.181579693634824,0.6912331826893902,-1.6313284484388841,-0.6001330904719838,-0.4099501148336048,1.5335829700178762,0.826712919756301,2.0191495751317547,1.6313284484388841,-0.6912331826893908,2.52701890853192,-0.3345252120667762,-0.7006766169078218,0.21443774870523882,0.8883099158017184,-1.2851844898232538,-1.6882195673050053,-2.0358174189610403,-0.4183195767369984,-0.5816133531797613,-0.4070549059059717,-0.07694712256726609,0.7154960824159574,1.0407503882731821,-0.15990635171348128,-0.7010026615289333,-1.32234860141757,0.7190446135538346,0
1.2385166871637046,-1.0554449920826439,-0.15484123025532542,1.0385308760612593,0,1,0,1,0,0,-0.8236341047562825,4.686594635214901,-0.6175899766199587,0.48861660239056914,1.926956945129057,3.226705796011643,-2.134423054361281,-1.3476491860026134,0.5738865816976374,-1.095235312164751,0.03576518276878917,1.2180086086728714,0.08258390277594155,-0.8130000014842033,-0.584942913222147,1.391486892927809,0.6236701555137358,2.2062673105480037,2.394254639720468,-0.7133741297612556,2.1556271925112407,1.2637078314632277,0.6137879504131063,2.0980128983290665,2.107494124428059,0.7133741297612556,-2.3942546397204683,-0.7317251853070371,-0.4846237089171882,0.2454747604205509,0.9509062769009282,1.195538960039945,0.5106001571422693,-0.22015379130249568,-1.0945585420250417,0.9459245538203791,1.3613061016552261,0.5793409677244183,-1.2264723902618437,-0.7756251247301669,0.008440404549195996,-0.9847090191502859,-1.3595243465075295,-1.712032918215528,-0.7036964187794109,1
-1.2544087614883548,0.6194597960623787,1.7280720791585935,-0.8681093238500562,1,0,0,1,0,0,-0.028641073495936725,-0.3408129542643401,-0.2977604411855021,-0.1907180907964637,-0.25795211518239364,-0.11471802179613952,0.09288530108839961,1.2164746446696006,0.6811352881052062,-1.0548202663528732,-1.4694399650803625,0.833525194842632,2.2575417814102594,0.21111766770942744,1.7306278119597094,-0.638869070774664,-0.5446432323318947,-1.2743128505916492,0.6490791862282242,0.4930801176436278,0.08178701380930857,0.06405532416552445,-1.5731365608372692,0.8849352224813483,0.6662254481129173,-0.4930801176436278,-0.649079186228225,0.15955525061472892,1.5417059985633763,-0.10933200607758836,-0.4186667755331612,-0.596630464683041,-0.34003467563087314,1.9819448727012692,1.7292180887829538,-0.6663639641110671,0.0012624832707351544,-0.02767187758659086,-0.25028823436248077,-0.996051737960463,-0.6346379459673855,1.267636726542527,-0.8656330827735822,-0.7656567202776299,-0.08511336124321738,0
-0.4063001036995106,0.5163887321765315,1.0038746524609323,-0.13478617003801185,1,0,0,1,0,0,1.2080147529090457,-0.6164307194058113,-0.11865590134220637,-0.3070266711462027,-0.6874515472100045,-0.23680162755919154,1.299363214847471,-0.12647850729933782,1.0587920422516053,0.7543642993354198,0.760557324433603,0.19521923119308476,-0.2853546607591034,0.8320096876216201,-0.4270526144874286,1.0657816110863287,0.32560596498445704,0.13065931691044314,-0.34274413050805214,0.6061852033378367,-0.975461903652709,-0.2542162138173582,-0.3763964559463065,-0.6962321996872856,-0.8611983786019706,-0.6061852033378367,0.34274413050805214,0.6609004958207222,-0.4846237089171882,-0.30947941282012914,0.26611975068388355,0.39332978897346543,-1.2851844898232538,-0.13859458152457876,0.012804842605544792,-0.10826409251941274,-0.859173275299045,-0.1035484832504671,0.4613226456389258,0.1838789563899486,-0.11002139686175369,0.31594134103852145,0.2044646553166367,0.5704037944582268,0.22417816752487937,1
-0.35489957898503444,0.4133176682906843,-2.327433510348309,-0.4281154315628296,1,0,0,0,1,0,-0.4703038686405733,0.10459465775753113,-0.10586271992482811,-0.30991991941360914,0.45623585434690045,0.319953277843738,-0.4412001890256556,-0.6511277691388812,0.11740105838195898,-0.4184086417032614,-0.5819560397331136,0.49724412244087,0.6125587283277381,-1.137242810453076,-0.35935936572073657,0.32640289771803693,-1.5433393067768972,-1.3509257209707828,-0.6468551049778863,1.3197246945691967,-0.522820013637815,0.5336949736919586,0.16751225426429744,-0.9651057564071752,-0.5623446766600154,-1.3197246945691967,0.6468551049778857,-0.9266927806649233,0.04072103005925432,1.3462854975045246,1.338521291740765,0.529876030857121,0.4475901695294441,1.3294711944779316,1.9506907657090713,1.5040244254120325,-0.38732140769626244,0.7310941790521709,0.5981708917930423,0.5987996401175653,0.1438253204474232,0.4428340591057229,-0.12479618717266176,0.6260729825722207,0.7809029193074537,1
2.4464290179538777,0.0783367106616796,0.27967722576327125,-0.8681093238500562,0,1,0,1,0,0,-0.40720918361991093,-0.0640322449661538,-0.7199354279589849,0.8415928910141551,-0.7541428746183517,-0.6996460669905427,0.8850834660209598,0.48181576113200686,-0.8689512012724729,0.03977721527079479,-0.5262833446851233,0.202874203664869,1.2023530758584737,1.3939956565977896,0.37471031716865183,-0.920596728280556,1.0605337169641744,0.3442646865085117,0.19997699316119485,0.07836147009820059,0.16213393030010637,-0.285930683019323,0.2627744722650954,0.9978706280137609,1.020301584016585,-0.07836147009820059,-0.19997699316119558,1.6357384726101538,0.641115017460903,0.8004289336612322,0.14983524623193267,0.5810808715634928,1.0461850518512859,0.5138790966987595,0.4557501964577793,1.069946747507413,0.5008703430854462,0.12408133374116129,1.3462746374355445,1.298978293907919,1.7007518532770418,0.9504049313745251,-1.1125787146405561,-1.211010225189582,1.5232025883508855,0
0.8530127518051386,3.09316532932272,0.27967722576327125,3.2385003374973924,1,0,0,1,0,0,0.9177792018139987,-0.5734017856073538,-0.23379453409861076,-0.2578414506002932,-0.6976550474363695,-0.24172074720532183,-3.4066861455007804,-0.9384702974592521,0.07320503312452675,-2.9901991282340616,-3.318424891795795,-1.7770814787024467,3.1435009388215267,-0.8851729591319184,0.7292851965596782,0.47396564032916666,-2.1444178689772633,-2.216336618818077,-0.7420026969902317,-1.6878179449728916,3.8526256221646897,2.018661835586115,0.37621602679435645,1.9131980597335931,2.15029354903975,1.6878179449728916,0.742002696990231,-0.8709877534198129,0.5660657690356972,-0.2548937564358004,0.020630241285320403,-0.8355863879794388,-1.0646495331783645,1.0847935651441794,1.7292180887829538,-0.728375060954584,3.7483214318810676,2.020996475338066,0.24236545179233895,0.4043055696202447,1.1930584186586881,0.47455723862252236,-1.1125787146405561,-1.712032918215528,0.5334696962929761,1
0.8787130141623758,1.2121184134060021,1.7280720791585935,-0.13478617003801185,1,0,0,1,0,0,-0.6469689866984278,0.6046606451450106,-0.4768649810287978,-0.020595092672964856,0.44498297934688336,0.4809426480807296,2.2114141396552363,0.7761129129906287,-0.7615600085913811,0.9598802285611219,0.7922588391458634,-1.1807943490104649,-1.0385257910456616,2.0077687424529627,0.39128496827829773,-1.0395458910972681,1.6185728078980552,1.2784061686872767,-0.964482122757493,-0.653901033058197,-1.0688863223379819,-0.6732586382350987,-0.0035653229734727418,0.3082128272682683,0.2181395096216251,0.653901033058197,0.9644821227574922,2.248493772306368,0.641115017460903,0.7549408866742913,0.046471242274642305,0.700558833211691,1.7077899217859516,-1.1173050988595852,-0.8730858650989243,1.6280466190990672,-0.9701972441467586,-0.5588081172337243,0.29710475025398503,0.2487103132223888,0.36382580878204385,0.1890486229713212,0.36909507656128593,0.06938110143228039,0.16231986177126023,0
0.8273124894479005,-0.5916252045963298,0.27967722576327125,1.7718540298733036,0,1,0,0,1,0,-0.5207796166571032,0.20344491107831195,-0.06748317567269331,-0.3330659055528607,0.5865858868567515,0.41386374381531643,-0.5503161718259666,-1.2891310404199134,0.28746731231449746,-0.681098207918103,0.1762567651480002,-0.38077806987811325,-0.70742468743709,-0.4541646050484169,-0.3887441350419644,0.5720151932453755,-0.8623791355917877,-0.30244751990577895,-0.4125770209418648,-0.11014700605881247,0.3114321109988965,1.3799374691214943,0.1818426581307782,0.06499934937122304,-0.5244235635923529,0.11014700605881318,0.4125770209418641,-0.20252742647848845,-0.03432821836595151,1.1916261377489248,1.3514417922354265,0.8712416355662611,0.6681251261743327,0.35076067714292497,0.6218547041523672,1.3179911348814817,0.22331042096616224,1.1863538130354276,-0.19554893590083341,-0.07544647093981212,-0.0423289389126401,-0.857816301083085,0.7806711296729086,0.793080546914203,-0.20882997275045564,0
1.6754211472367457,0.6967630939767645,-1.168717627632051,-0.4281154315628296,1,0,0,0,1,0,0.9682549498305286,-0.578053562234214,-0.46407179961141953,-0.03795458227740351,-1.0177118967568597,-0.4152315129051906,-0.16904259169115962,-0.2213603977168505,-0.5601881468480658,0.09281047585764009,-0.7501651525673173,-0.09023066334679052,1.0460430300411112,-0.9988256461798072,-1.0122319827763102,-0.18552603580880866,-0.37673117439662485,-0.9468688359696448,-0.5252107151899512,0.3978337296906128,-0.7629569781597682,-0.7102076865944985,0.5793601892301478,-0.4989411489365839,0.050818313140288146,-0.3978337296906128,0.52521071518995055,-0.8431352397972577,-0.7848207026180125,0.7913313242638433,0.5632912620610914,0.3762615087380082,0.038025250046078915,0.758556726032511,1.1755363964676604,0.8219023601333442,-0.7481493064513315,-0.7105613285614767,-0.1864257194905595,0.13201387092399572,-0.07617516788719629,-0.2233527107470814,-0.7833178721512579,-0.7099875321636356,-0.08511336124321738,0
0.05630461873076867,1.3151894772918502,1.4383931084795292,1.0385308760612593,1,0,0,1,0,0,-0.6848257977108253,0.8256200349208735,-0.15703544559434116,-0.2925604298091705,0.990878635814077,0.861056438918071,1.5290705045908641,0.6441882313847688,0.6006348095336538,0.8592381602999294,1.5457984150009585,-0.540171297278545,-1.8304369973616177,2.422758687998094,1.0436113791817745,0.3354799984902479,1.6685079473784747,2.127888383334342,-0.5745260083472232,-0.16692132358374867,0.2945821762161108,0.16129840575872675,-0.48396286110275016,0.493688598128438,0.06785519998789805,0.16692132358374867,0.57452600834722245,1.7750010407229295,0.5660657690356972,-0.8735311954581982,-0.5866332819637576,0.0519641842643253,-0.2140147004052217,-1.7697787770829225,-1.814344742034923,-0.17027518936292965,0.3065783976019474,0.19995793940503753,0.15113328768959466,-0.127311556405765,0.0761328624983096,0.2524949820049213,0.8629863402952329,0.848749735028197,0.34789477903211874,1
-1.8969153204192981,0.6452275620338409,1.0038746524609323,1.7718540298733036,1,0,0,1,0,0,0.6149247137148194,-0.5315357959656113,-0.7966945164632545,1.5938374405398303,-2.075324196037846,-1.6405394974867382,-0.9439924382431145,-1.028063469550688,0.2818459757379097,-0.9731095896172133,-0.49744838157026067,-0.6722586671229411,0.43256390545520496,-0.08497119835089534,-0.7533907568375826,-0.5598229443051,-0.2282897569482657,-0.4707447159393697,-1.6435542987241853,0.7131765006161427,1.2277422444937653,0.6563190541882867,-0.9478609606374935,1.0882400606283302,0.18711666696546764,-0.7131765006161427,1.6435542987241847,-0.1328961424221005,-0.7472960784054096,-0.19121049065408274,-0.44450777652248397,-0.5027549233880274,0.06953024385249205,-0.42405181574728873,0.42806611184201476,0.139780294854656,1.2502821328075124,0.7310941790521709,0.29710475025398503,-0.2569742700706454,0.17767154942198057,0.506280418139323,-0.12479618717266176,0.23638866577426285,0.9664778365683122,0
0.31330724230314594,0.6194597960623787,0.27967722576327125,-0.8681093238500562,1,0,0,1,0,0,-0.25578193957032125,-0.2355665080816264,-0.2977604411855021,-0.1907180907964637,-0.04056155627700565,-0.03377614398254093,0.568199844482316,0.1397198323551209,0.7456016268429779,-0.0466711468815991,-0.32803384995376905,0.5955420063447711,0.23748520272727627,0.8752126099173697,0.42697329805779144,-0.6674604710961881,0.870444079490897,0.37077461006536533,0.25295560183580257,0.5613699807042828,0.08440641224333399,0.23596262216820457,-1.6899958055059314,0.9261671575150964,0.7884493120208542,-0.5613699807042828,-0.2529556018358033,1.1900982546492709,0.7912135143113154,1.0551619967881019,0.49868875958778525,0.8541733553308051,1.140700033270523,0.02452383803125581,-0.09793149585751397,1.3179911348814817,0.0012624832707351544,0.12408133374116129,-0.2594114507727547,-1.060883094792903,-0.685407289429221,1.4579758036433286,-1.0302635040182315,-0.9326642846196119,0.038603250264021984,1
0.8530127518051386,0.0783367106616796,0.27967722576327125,-0.8681093238500562,1,0,0,1,0,0,0.9177792018139987,-0.5734017856073538,-0.7199354279589849,0.8415928910141551,-1.6810717665456494,-1.0913868679005556,-0.7909050985464671,0.8295120137505583,0.14403992331755988,-2.0930877603001785,-2.154519649029915,-0.350365429624724,3.0711287405917402,-0.8430404829156538,0.5956071754792361,0.6338109698308911,-1.7340518502526678,-1.7214873012498408,-0.2947266082233409,-0.18555039652161812,0.2574166750073521,-0.5418650780426701,0.44001149964203395,1.1081703980173894,1.1202837740627205,0.18555039652161812,0.2947266082233402,-0.8709877534198129,0.340918023760079,-0.5187244289600577,-0.1344157646506147,-0.801449827508525,-1.1906695084040155,1.0847935651441794,1.397009073393778,-0.9764194483286528,0.5008703430854462,-0.2553016945782196,0.9722227646142934,1.078551680677623,1.5315207084042572,0.506280418139323,-1.4418395571298541,-1.6563637301015341,1.0283361423219313,0
1.2128164248064663,1.9593836265783975,-0.15484123025532542,-0.8681093238500562,1,0,0,1,0,0,-0.4576849316364408,-0.0233291994811264,-0.054689994255315046,-0.333644555206342,0.47710042992796414,0.2399057854203449,-0.4245280289873122,-0.93063822021366,-0.17561305469743782,0.10293414729435264,0.08671126099209622,1.1664084238630805,0.4591358058692311,-1.0797384446850995,-0.7764598413637281,-0.03792474546685776,0.2506438729322876,0.3542885572395179,1.0460293195708634,0.5534028300138731,-0.4885453732944178,0.49948973952369413,0.20195821709787382,0.10947678166591653,0.23316493341462136,-0.5534028300138731,-1.046029319570864,-1.0102503215325889,-0.7097714541928067,0.06352257247278678,0.03355074177998182,0.13730558544161034,0.2270552128845555,0.5954383064766764,0.12354118106860354,-0.10826409251941274,-0.5538573609678327,0.27583454506891375,-0.47836864461934153,-0.30883935553659736,-0.24540631275998087,-0.3819686083310823,-0.7010026615289333,-0.5429799678216537,-0.2706882785040748,1
-0.5862019402001745,0.6967630939767645,1.7280720791585935,-0.4281154315628296,0,1,0,0,1,0,-0.05387894750420167,-0.3373241217941949,-0.46407179961141953,-0.03795458227740351,-0.46758293208315554,-0.23009373713265022,0.6827386093073211,1.6789360538205964,-0.3024563732982092,0.4654856765492796,-0.3515566352624134,0.4661202014444887,1.0164838683357413,0.3292447580421525,1.5354455248665357,0.09081152928286497,-0.005759531305469298,-0.5548416148677819,0.08301123374971872,0.5534028300138731,-0.6203871730792642,-0.7662168037923943,0.5047248237459188,-0.6345521710378594,-0.08465400209414124,-0.5534028300138731,-0.08301123374971872,0.32667033235006016,1.4666567501381707,0.09081540066495114,0.12399424524260985,0.12023730520615308,-0.5605696322757617,0.758556726032511,0.7879592118469556,0.015758101167622184,-0.5816133531797613,-0.7105613285614767,0.03253147435602734,0.28760912732185256,0.008440404549195996,-0.033013633646279864,-0.7010026615289333,-0.5429799678216537,0.038603250264021984,0
-0.35489957898503444,0.6452275620338409,-0.4445202009343899,1.7718540298733036,1,0,0,1,0,0,1.864199477123934,-0.6763223434766373,-0.7966945164632545,1.5938374405398303,-2.4841432004005464,-1.7518904785673242,-0.17531722450860038,-1.8449384824733568,1.0447122928501722,0.2456451950498775,1.6270570801945727,1.5120362211101512,-1.2278574109915315,0.958573842009832,-1.7301884365385785,0.30112397813294317,1.4941908417449548,2.3008617532058175,1.2994551316290601,0.7734532878151856,1.2015785567788109,0.7989711729315633,-1.1255561446573037,1.1497632504605309,0.13108978465949495,-0.7734532878151856,-1.2994551316290608,0.6330479821981672,-1.685411683720486,-0.6915790075104341,-0.44450777652248397,0.13730558544161034,0.2270552128845555,-1.4435419379712537,-1.9250810804979817,-0.17027518936292965,1.1670141561717275,0.8069707847160468,0.15113328768959466,-0.46443461193445323,-0.008482709938082702,0.47455723862252236,-0.28942660841731066,0.06938110143228039,0.7190446135538346,0
0.31330724230314594,-0.35971531085317227,0.27967722576327125,-2.334755631474145,1,0,0,1,0,0,-0.25578193957032125,-0.2355665080816264,-0.4896581624461761,0.10670783109291863,-0.3149932244886644,-0.26363318926535684,1.3283902689092377,0.6490591685925592,-0.7015004242135493,1.417951120240395,0.7164169400551826,0.33142361512282575,-0.7096300439817977,0.7063868429616184,0.4181891787402053,-0.8252826026363963,0.9057342837978211,0.2958241579773578,0.11065768597424898,0.3422733367180179,-1.1413455951378833,-0.4719213392969797,0.1296451546044542,-1.0174498733207775,-0.6425623965181239,-0.3422733367180179,-0.11065768597424969,0.8837206048011639,0.641115017460903,0.6821600114951846,0.11107374474794844,0.47867119015075044,0.9201650766256344,-0.13859458152457876,-0.2086678343205727,0.9459245538203791,-0.9979532363586869,-0.2553016945782196,0.6985262723060605,0.6636309969500054,0.17767154942198057,0.506280418139323,0.5337254978059351,0.793080546914203,0.8427612250610729,0
1.2128164248064663,0.0783367106616796,-0.15484123025532542,-0.8681093238500562,1,0,0,1,0,0,-0.4576849316364408,-0.0233291994811264,-0.7199354279589849,0.8415928910141551,-0.6717508366568004,-0.6683425783333498,-1.1029039563959253,-0.35910301585429094,-0.3690647782648661,-0.6771164577252424,-0.5818217004392048,0.6383299367671342,1.204901582833358,-1.2569140581323788,-0.7764598413637281,-0.06268859831801991,0.02639882037378426,0.15833805198179018,0.6912331826893887,0.1850492459657866,0.27772108190836164,-0.28496026493000937,0.44152791998709706,0.9409172688659853,0.9109829956091695,-0.1850492459657866,-0.6912331826893894,-1.17736540326792,-0.7097714541928067,0.06352257247278678,0.020630241285320403,0.03489590402886805,0.2270552128845555,0.4323198869208419,0.12354118106860354,-0.17027518936292965,0.3343343898138759,-0.17942508891434333,0.3062279666642602,0.4950694691856613,0.8715192434003977,-0.033013633646279864,-1.1948939252628807,-1.266679413303576,0.34789477903211874,0
-0.35489957898503444,0.0783367106616796,-2.327433510348309,-0.8681093238500562,1,0,0,1,0,0,-0.4703038686405733,0.10459465775753113,-0.7199354279589849,0.8415928910141551,-0.6494342195865163,-0.5699601854107438,-1.0951204965329366,-0.2512369010411084,-0.15950117548845044,-1.2891083397173888,-0.8960971222379452,-0.17359514537546938,0.866294012544064,-1.048325759992662,-0.42753336925984997,0.13231969167393123,-0.818947565271423,-0.30192989639693013,-0.47521987007162214,0.23455420748543962,0.47531696127871126,-0.08346301269550482,0.35101197948360413,0.9294478135617498,0.8701943681848467,-0.23455420748543962,0.4752198700716215,-0.9266927806649233,-0.25947596364157,0.5184030423421971,0.5116092600824467,0.13730558544161034,0.5736101447550955,-0.05703537174666111,0.17890935030013266,0.6978801664463103,0.5563823275093027,0.04820472807728505,0.40658334717727845,0.533968283285125,0.9053654723749538,0.09387908442092041,-1.1125787146405561,-1.1553410370755877,0.40975308478573785,0
0.6474106529472365,0.6967630939767645,1.7280720791585935,-0.4281154315628296,1,0,0,0,1,0,-0.7731583567397526,1.598977899136394,-0.46407179961141953,-0.03795458227740351,1.1897591452346847,1.2590579375595228,1.3698015027004422,0.9960760118720409,-0.961738310661802,1.0805730710879289,0.20597177620877172,-0.6883572460028127,-0.06471693714321694,1.4545160394089895,0.7492974322466487,-1.081316585151216,1.1447247703927697,0.11743419238591318,-0.8079054238520522,-0.13756642077256032,-0.45140704563297723,-0.6165158673798438,0.22810960279576856,-0.3246950192399618,-0.15312176458394042,0.13756642077256032,0.8079054238520514,1.3015083091394917,0.641115017460903,-0.11842961547497735,-0.6512357844370638,-0.20406001926752979,0.2270552128845555,-0.30171300108041293,0.06817301183707392,0.5738579727592754,-0.4150773999081907,-0.5588081172337243,0.07814755640739948,0.1838789563899486,0.04228663352375219,-0.0647368131630805,-0.12479618717266176,-0.2089648391376897,-0.20882997275045564,0
-1.691313221561397,-0.30817977891024867,0.27967722576327125,-2.041426369949327,1,0,0,1,0,0,-0.3945902466157784,-0.09194290472731544,-0.38731271110714993,-0.12128013237870908,0.025280387290095564,0.023017328295508902,0.5005483096535625,0.8844984602216875,-0.5573481043081668,-0.12068569586253246,-0.3925050576590343,0.37230607072647637,0.4562666633732303,-0.42393566202858757,1.1231635338218693,-0.5940644848075017,-1.1640681497969756,-1.1432490038930494,-0.07874992288317216,0.5858842905209262,-1.1196161276875716,-0.08884132281153843,0.16493601399025515,-0.9912314618192672,-0.6058843386676854,-0.5858842905209262,0.07874992288317145,-0.28608496734615396,1.3165582532877582,0.6002815269186915,0.17567624722125458,-0.3064697006802721,0.6996301199807459,1.166352774922097,1.3416409041622488,0.2638024885416898,-1.1089772052064004,-0.2553016945782196,-0.5331079430809875,-0.37367071236903754,-0.7192535184037778,-0.3819686083310823,0.12214944469431245,0.45906541823023866,-0.20882997275045564,1
0.6474106529472365,-0.23087648099586283,1.7280720791585935,-0.13478617003801185,1,0,0,1,0,0,-0.5460174906653681,0.26740683969764073,-0.10586271992482811,-0.311655868374053,0.6088255619413917,0.44650881055781755,1.1422311142778057,-0.30212008761415116,0.09121480715195218,1.7749987902540967,1.414442511201476,-0.2085078929041354,-1.5412799939736375,0.8038709811054215,-0.08671751613757711,0.458352871267541,1.0406980670617774,1.182624784010819,-0.16027754582615011,-0.12541857881077315,-0.785081756793873,0.3277975976676013,0.33590673515063896,-1.365970463526319,-0.6842416158990529,0.12541857881077315,0.16027754582614942,0.9672781456688292,0.11577027848446049,0.6366719645082435,0.795860270964994,1.2296755205108585,0.3530751881102058,-0.7910682597479163,-0.8177176958673952,1.3179911348814817,-0.7203933142394032,0.35171115073279,0.13288685486904556,0.28760912732185256,-0.29617565622181696,0.15732544345452057,0.5337254978059351,0.514734606344233,-0.45626319576493324,1
1.521219573093319,0.18140777454752677,2.8867879618748513,-0.8681093238500562,1,0,0,1,0,0,-0.6343500496942954,0.619197447103949,0.07324181991846762,-0.40134656466365276,0.9878796458549773,0.786375258835911,3.0323660196311835,0.23695913649690556,0.049493172002726085,1.9497786797803096,1.7753377550927072,1.1010286442461314,-1.7295772624828352,3.292257519556668,-0.44508740832762245,1.9943339834038643,1.3934685987967963,1.9136316889660918,0.30418285154596364,1.199986903232429,-0.9269938442166719,-0.7711126462410883,1.9364544963259285,-1.252285597839909,-0.43973714441083733,-1.199986903232429,-0.30418285154596436,2.7219865038898057,-0.5596729573423944,-0.5278220383574467,0.5116092600824467,1.0931292786272029,-1.4742144526617298,-1.7697787770829225,-2.0358174189610403,-0.29429738304996345,-1.0812212129944723,-1.0899443568808573,-1.582277830262547,-0.5551985114998699,-0.9731002357129547,-1.9998507636878915,-0.7833178721512579,-0.32030321536567735,-1.198562864808365,1
0.8273124894479005,0.5163887321765315,0.27967722576327125,-0.13478617003801185,0,1,0,1,0,0,-0.5207796166571032,0.20344491107831195,-0.054689994255315046,-0.3330659055528607,0.5971185460765519,0.41386374381531643,0.215224017734715,0.1962534479380549,0.516264847163189,-0.20470253552109596,0.09684930898197176,0.3415514155240397,0.00878936876304487,-0.5376806112178406,-0.16381323894277738,0.3169644263282104,-0.8862097973903065,-0.4986231058478561,-0.2493891336940558,0.7131765006161427,-0.836518367225088,-0.4334685229868433,-0.3872326605197297,-0.6022105458597995,-0.6127172587125779,-0.7131765006161427,0.2493891336940551,-0.2582324537235989,0.26586877533487285,1.3826759350940767,1.3643622927300878,0.8712416355662611,0.8571550890128092,0.6769975162545934,0.8986955503100138,1.3800022317249987,-0.7481493064513315,-0.3311783002420958,0.2788583174334372,0.028283699992091807,-0.21156008378542468,0.37938770007212164,-0.12479618717266176,0.23638866577426285,0.10046155601764112,1
0.23620645523143258,0.928672987719922,1.0038746524609323,0.5985369837740325,1,0,0,0,1,0,-0.10435469552073157,-0.3152281828166086,-0.5152445252809326,0.14547735787616498,-0.5146227357678024,-0.3548604990663188,0.8728558042645974,1.5774202646773632,-2.0570212540103605,0.6692429011397879,-0.7973700966561317,0.025078020316283596,0.9890090284937251,0.5238033662329515,1.693198031759961,-1.7513726065727937,0.8162788868206646,-0.5541128238908797,0.6417267449849983,-0.6022533438160685,-0.6903490917429264,-0.46885019896959174,1.0520563969767285,-0.09469581229637845,0.4956368544034093,0.6022533438160685,-0.6417267449849989,0.6887530094432773,1.9169522406894068,0.6548671833030202,-0.43158727602782254,-0.10165033785478751,1.0461850518512859,1.166352774922097,0.8986955503100138,0.2638024885416898,-0.3595654154843339,0.04820472807728505,1.811558674359541,2.2066172895620815,2.0222910285353324,0.7917890337905242,0.6160407084282594,0.3477270420022505,2.141785645887079,1
-0.12359721776989524,1.0575118175772313,-1.6032360836506476,0.3052077222492148,1,0,0,1,0,0,2.103959280202451,-0.6908591454355757,0.20117363409225028,-0.445902587981712,-0.6907722402093216,-0.18671604570768302,-1.5918142874236194,-1.27334409059738,-0.05751178005531462,-1.4728115881259327,-1.0922496387158096,-1.4312363228272846,0.07032234057173177,-1.2929197202210991,-0.5403480624016175,0.22549023238075117,-1.7828439316828661,-1.4792726762491226,-1.3567040124745664,-0.6064731204975302,0.9215863652821517,1.2063958986924406,0.30521646733919733,0.2218359135634049,-0.0242438269825757,0.6064731204975302,1.3567040124745657,-1.2609229441355856,-0.6347222057676005,-0.5005292101652823,-0.3153027715758717,-0.972132629863095,-0.6235796198885869,-0.22015379130249568,0.5111183656893089,-0.6043528672675491,0.7229182807808735,0.9587239960437993,-0.3415203984652251,-0.1402778277722523,-0.0423289389126401,-0.6992004034990842,0.7806711296729086,0.514734606344233,-0.45626319576493324,1
-0.5862019402001745,-0.978141694168258,1.7280720791585935,0.3052077222492148,0,1,0,1,0,0,-0.05387894750420167,-0.3373241217941949,-0.1826218084290977,-0.2885098822348015,-0.11454579267030884,-0.03645930015315746,0.7395442335520819,1.5292603405967387,0.28158684336786144,-0.017891699819211612,-0.4626303737251046,-1.0700406117817927,0.13620693634264314,0.43800863879369806,1.409503896259324,0.27006064775972766,-0.17887995491403783,-0.5454032852666303,-0.09720267704722074,-1.3630033399023458,-0.5907011882725913,-0.6869477489402612,-0.11355374165001604,-0.15320376906423017,0.06896198968459841,1.3630033399023458,0.09720267704722003,0.4102278732177254,1.3165582532877582,0.02713213488323473,0.1627557467265941,0.08610074473523979,-0.6235796198885869,0.5138790966987595,0.6218547041523672,0.015758101167622184,-0.49834537654397587,-0.5588081172337243,0.3518440487156324,0.2357440418559006,0.1607484349347019,0.5380035976561225,1.1099319721622063,0.45906541823023866,0.038603250264021984,0
-1.7427137462758722,0.49062096620506923,0.27967722576327125,1.478524768348486,1,0,0,1,0,0,0.3246891626197725,-0.4751330043649305,-0.3745195296897717,-0.12185878203219036,-0.5933502302556727,-0.27123546508210367,-0.386649190253286,-0.8456730385811466,0.3221376989165486,-0.5081092719539028,0.2579106795658973,-0.8806808751482998,-1.1991593618075203,0.37364087289894926,0.11547625523733213,-0.7136635542250716,0.1353450361091933,0.13659001891866565,-0.7046860443852642,-0.5022446364654003,0.9109826688565895,1.2763943626955798,-1.1575360726411188,0.8206286669162305,-0.20194294647598293,0.5022446364654003,0.7046860443852634,0.5494904413305014,0.340918023760079,0.7003552302899613,0.188596747715916,0.2397152668543526,1.2352150146897614,-0.709509049969999,-0.4855086804782194,0.7598912632898273,0.6674062963570164,0.9587239960437993,-0.4692454282090663,-0.9571529238609991,-0.6177148314801074,-0.0647368131630805,0.7806711296729086,0.5704037944582268,-0.3944048900113141,1
-0.35489957898503444,2.474738946007635,-2.327433510348309,-0.13478617003801185,1,0,0,1,0,0,-0.5081606796529707,0.18309338833579825,-0.8350740607153893,3.532313779702147,-1.6997475484068099,-2.5890352037996807,-1.1232800573259574,0.14579797639127387,0.46614294173445064,-1.4754151096043404,-1.3167573394285752,-0.8753170705425135,0.49044346268614236,-0.745656437215113,-0.6156996704498259,0.3048000751770993,-0.6980968860214993,-0.12693948383767342,-0.6392523306161405,-0.5598254073642694,0.8168971371166006,-0.8169067119309635,-0.3309383364861872,1.3009697050030236,1.5879173315166288,0.5598254073642694,0.6392523306161398,-0.6481676444393714,-0.4846237089171882,0.36374368258659734,0.47284775859846334,0.15437386567706757,0.3845801819166189,-0.5463906304141645,-0.319404172783631,0.44983577907224165,0.8339422496285867,-0.7105613285614767,0.24236545179233895,0.028283699992091807,0.549980068142106,1.109020828958526,-0.5363722402842841,-0.8213259083916238,0.9664778365683122,0
0.6217103905899984,2.448971180036173,-0.8790386569529866,0.3052077222492148,1,0,0,0,1,0,-0.3188766245909836,-0.16811574699215243,-0.42569225535928473,-0.06110056841665506,-0.13453705813616704,-0.08207295505363843,-0.720296042895213,-0.3139230631534223,-0.08407290006101392,-0.06353806760781376,0.5023709659054167,-0.8277101106216274,-0.9394598230267315,0.485312807432535,-0.31106613614063067,-0.9294234481086932,0.9629415623585207,0.9094816554697435,-1.0117882743416888,-0.12541857881077315,1.4865080205158057,0.11925002948299582,-0.8190504612513678,1.0406721999021975,0.23482496054563531,0.12541857881077315,1.0117882743416882,0.0759977097470634,-0.6347222057676005,-1.1919475243667854,-1.4135453136220761,-1.040405750804923,0.038025250046078915,-1.5251011477491712,-1.3713993881826885,-0.790386157798101,1.5833540393506536,0.27583454506891375,0.48869229486974886,-0.03654765684034838,0.38074892326932136,0.6014499566897238,0.5337254978059351,0.514734606344233,0.7190446135538346,1
1.5983203601650333,0.0783367106616796,-0.4445202009343899,-0.8681093238500562,1,0,0,1,0,0,-0.24316300256618875,-0.24719594964877709,-0.7327286093763631,0.9573228217104129,-1.0300250255853338,-0.9299503049684612,-0.46192691511960304,-0.24129600884481783,-0.9278893862602466,-1.1140615568869292,-1.1609664703865916,-0.47776110121253246,1.3865181780077167,-0.3426471627183371,-0.880827561702701,-1.2200315309468812,-0.26696070098062513,-0.07270335984967495,-0.46991781074089073,-0.18555039652161812,0.2999516123218948,-0.5512073702958148,0.042441846286893604,1.240311628809902,1.4383325906232205,0.18555039652161812,0.46991781074089,-0.5089050763265954,-1.009968447893631,-0.8735311954581982,-1.2972608091701252,-1.3134982345722352,0.4475901695294441,-0.38327221085833024,-0.2086678343205727,-0.728375060954584,0.22331042096616224,-0.5588081172337243,-0.15905607025973648,-0.11434528503927678,0.38074892326932136,0.31594134103852145,-1.4418395571298541,-1.6563637301015341,0.038603250264021984,1
1.3156174742354179,-0.6431607365392533,1.0038746524609323,-0.13478617003801185,1,0,0,1,0,0,-0.15483044353726144,-0.2966210763091675,-0.7711081536284979,1.4607480202391339,-1.3562088540851573,-1.357019328791592,0.5097069393557725,0.18228807251559917,-0.5070985757623266,-0.10429587910727942,-0.1572522091759002,-1.4322501073670364,-0.2943308959216303,0.01734282105458597,0.15310523536545312,-0.3069806602281347,-0.018775908227722973,-0.14248850174925742,-0.3471945350124867,-1.6090750104103344,-0.6914311643633199,-0.09681863650905663,0.3847347825426869,0.12227913487039238,0.06532328468572944,1.6090750104103344,0.347194535012486,-0.007559831120602114,0.11577027848446049,-0.06384395909064733,-0.21193876761858224,-0.20406001926752979,0.1010352376589052,0.4323198869208419,0.6772228733838963,0.20179139169817292,-0.38732140769626244,0.4275877563966659,1.6473407789746017,1.6361013494366081,1.5992131663533709,0.6966194952401235,2.509290552741724,1.6281183686241134,1.0901944480755505,1
-0.07219669305541997,0.8256019238340739,0.27967722576327125,0.3052077222492148,1,0,0,0,1,0,-0.6974447347149578,0.8430641972715996,-0.5408308881156891,0.2050782721847377,0.5291327677719437,0.48988650198278466,-0.7054075308283222,-0.888953006859646,1.168831436117392,-0.5493642040893213,0.05198945774126346,0.49517204164858236,0.43557547998855906,-1.209806337926018,-1.4838459022082573,1.7845251363077372,-1.2506188897149841,0.10847627102220372,0.9848575718326791,-0.3014141428425148,-0.2279378950023957,-0.2663683509307789,0.1954439337838326,-0.4979366853719118,0.03831712416269889,0.30141414284251544,-0.9848575718326797,-1.038102835155144,-1.2351161931692491,1.0278691685959374,1.9199438140005203,1.178470679804488,0.19555021907814235,1.4110304042558486,0.954063719541543,0.6978801664463103,0.05677446769459199,0.12408133374116129,1.2732889061533492,1.1952481229760152,0.8884423578876751,1.1724671879921262,0.7806711296729086,0.6817421706862145,1.3994859768436472,0
-0.27779879191332196,-0.02473435322416849,-0.4445202009343899,0.3052077222492148,1,0,0,1,0,0,-0.25578193957032125,-0.24138122886520175,-0.7455217907937414,1.1887826831029282,-1.0852244026998321,-1.1043554560585356,-0.24564043418276177,-0.8629560931305845,-0.8649677826812574,-0.5895178924375133,-0.8209406093759808,-1.1247154915504554,0.326322989146552,0.21346320206686195,0.16743552550754526,-0.6912367718303389,0.2310384027032562,0.15260413134447864,0.18286856865026183,-1.715344606419548,0.5548589196273165,1.3521675537833566,0.4878136424481825,1.0254943653886468,1.2162512308210243,1.715344606419548,-0.18286856865026252,0.10385022336961848,0.04072103005925432,-0.31857702221751816,-0.6124742829530796,-0.4942207832702994,0.3530751881102058,-0.05703537174666111,-0.1532996650890431,0.015758101167622184,0.5563823275093027,1.33810702436318,0.16025650409986858,0.39133929825375646,0.8038267854512828,0.062155904904119784,0.12214944469431245,-0.5986491559356475,-0.023255055489598248,0
0.9044132765196139,-1.7511746733121147,1.7280720791585935,0.3052077222492148,1,0,0,1,0,0,-0.6217311126901629,0.6046606451450106,0.31631226684865466,-0.4702058734279261,1.1002505281505932,0.8284113721755699,1.1609672544884542,-0.007548897864520415,-0.2659564771474196,1.0160715348099412,0.8477132602484592,0.13660270714191675,-0.47541385801274433,1.9592201885474876,0.026491437815074993,-0.9886536200761638,1.5562622146708383,1.3611944375217249,-0.5609884768922861,0.7426913412446393,0.3432764991666441,0.03689964007792487,-0.6299301289296496,0.170515880069227,0.22687267734225985,-0.7426913412446393,0.5609884768922854,2.0813786905710367,0.19081952690966666,0.5184030423421971,-0.10857476366129187,0.512807750621665,1.5817699465603012,-1.1173050988595852,-1.0391903727935126,1.3179911348814817,0.3898463742377325,0.12408133374116129,0.2788583174334372,-0.10137901367278856,-0.025405824425361403,0.886958572340925,-0.8656330827735822,-0.6543183440496418,0.40975308478573785,1
-0.7404035143436003,0.9802085196628456,-0.15484123025532542,-1.161438585374874,1,0,0,1,0,0,-0.5333985536612357,0.24414795656333935,-0.5024513438635544,0.1443200585692024,0.09017389496787814,0.0762332590127367,0.9081748759357999,-0.1024294360612511,0.09626231817529024,0.556206691557074,0.5374685777262262,0.4620994078229463,-0.6311805340793002,0.17361843361715248,1.3068222163721885,-0.5296454308029217,0.0911134355501561,0.15754486971833906,0.3041828515459622,0.328563629361145,-1.0893617792297723,1.449733423989381,-0.6638363928986805,-0.6610528338091797,-0.544923572427097,-0.328563629361145,-0.3041828515459622,0.4659329004628361,1.7668537438389946,1.1461380907619838,0.6537347655237203,0.6664222727407777,1.4557499713346498,0.5138790966987595,0.40038202722625016,1.3179911348814817,-1.0257092285706153,1.33810702436318,-0.02220782410562002,-0.3607044410025493,-0.5838686025055501,0.506280418139323,0.2044646553166367,0.4033962301162448,-0.3944048900113141,0
0.6217103905899984,2.474738946007635,-0.8790386569529866,-0.13478617003801185,1,0,0,1,0,0,-0.3188766245909836,-0.16811574699215243,-0.8350740607153893,3.532313779702147,-1.9995766847171828,-2.859139591641745,-0.25961029422410764,0.28035195065801,-0.32928431579127043,-0.23407659363042418,-0.5806377019786405,-1.0508311282828635,0.19574804728683612,0.6808169326157394,-0.5302051459721964,-0.7244812176163176,0.7726526230410218,0.7608295480328489,-1.0299055238845727,-0.41176056791003435,1.04125869098231,-0.9159397265047404,-0.2778910642255786,1.0823714914501072,1.4976594200623008,0.41176056791003435,1.029905523884572,0.15955525061472892,-0.8598699510432187,-1.4011925405067138,-1.4910683165900436,-1.176951992688579,-0.30852968182446,-1.4435419379712537,-1.2606630497196296,-1.0384305451721696,1.0837461795359422,-0.7864379342253526,0.33359761589508324,0.13201387092399572,0.5669031826293847,1.2041903675089267,-0.5363722402842841,-0.7656567202776299,1.0283361423219313,0
1.2385166871637046,1.5986349029779314,-0.15484123025532542,-0.4281154315628296,1,0,0,1,0,0,-0.44506599463230834,0.0028370440449626386,-0.2593808969333673,-0.24337520926326098,0.26264890696126464,0.19026739626393913,-0.26778672913115203,0.06147537626931738,0.963671495475651,0.08574000194924629,0.19456615672626837,0.45769305864865295,0.08984439119005143,-0.7273558357177324,-0.8174715471879854,0.30876919444941014,-0.05314189809124614,0.2084142922143212,0.5745878774132874,0.05436948222367098,-0.35440141536813935,-0.9033019337061539,-1.0070879546673517,-0.1685238076194049,-0.0494695410126047,-0.05436948222367098,-0.5745878774132882,-0.7038726716844818,-0.7848207026180125,-0.10023439668020068,0.07231224326396513,0.0519641842643253,-0.11949971898598452,0.4323198869208419,0.17890935030013266,-0.23228628620644656,-0.49834537654397587,-1.0140677512169813,-0.7794347861583975,-1.1257144516253432,-1.1084851516111824,0.31594134103852145,-0.20711139779498602,-0.2089648391376897,-0.76555472453303,1
-1.5628119097752085,0.6452275620338409,1.7280720791585935,1.7718540298733036,1,0,0,1,0,0,-0.785777293743885,1.74143855833399,-0.5664172509504457,0.26872973406767947,1.140158331871535,1.1316080194552376,-0.21829867099397576,0.6237607859287622,-0.05906646613392866,-0.5907442729935195,-0.5476068783041554,0.4173160857623216,0.43947566151551165,0.43273966979747824,0.8707159135871807,0.3061076588626031,0.3432356730579106,0.38297912966043135,0.2654778184316193,0.30587169994287167,0.7359379952416191,0.016132833761599658,0.3883545141902445,1.1384040191024734,1.0858203406448694,-0.30587169994287167,-0.26547781843162,0.49378541408539117,0.9413120111617277,0.3182556355996563,0.4340862571144791,0.5640125913280355,0.038025250046078915,-0.38327221085833024,-0.5408768497097485,0.139780294854656,0.9449662184763004,0.27583454506891375,0.7988816528190786,0.8970238815467907,1.3622895635314727,0.37938770007212164,-0.7010026615289333,-0.6543183440496418,1.5232025883508855,0
0.23620645523143258,0.8256019238340739,1.0038746524609323,0.3052077222492148,1,0,0,0,1,0,-0.10435469552073157,-0.3152281828166086,-0.5408308881156891,0.2050782721847377,-0.5652844311614565,-0.4009213466619025,0.36212323369547983,1.6676429635747727,-1.4197839624746011,0.6766933199060388,-0.969212875169218,-0.22827085699584318,0.7766361585079301,0.34405662359074074,1.6912490637564668,-1.6192011079355932,0.5638995580454451,-0.917901871922361,0.23506672098463585,-0.5444705351245722,-0.15976384711413485,-0.5946361180236127,0.3137512814313611,-0.3550158695983049,0.36387168302642436,0.5444705351245722,-0.23506672098463727,0.4659329004628361,1.841902992264201,0.5184030423421971,-0.4574282770171454,-0.22112829950298704,0.6051151385615076,0.8401159358104279,0.7879592118469556,0.139780294854656,0.11228645211844858,-0.2553016945782196,1.1911799584608802,1.1952481229760152,0.9561348158367899,1.2359135470257274,0.5337254978059351,0.29205785388825667,1.3376276710900281,0
0.31330724230314594,0.6452275620338409,0.27967722576327125,1.7718540298733036,1,0,0,1,0,0,-0.2684008765744537,-0.20940026455553734,-0.7966945164632545,1.5938374405398303,-1.4576827254211728,-1.392794744399812,-0.3525667958250364,-0.4250937649823699,0.3069811040599368,-0.16851530948322876,0.29011652839964325,0.6447146928114696,-0.3677034335454686,0.6427565660179366,0.07565112303587097,-0.6850024967656695,0.8160898885274446,0.13568174839630692,0.20465562353765385,0.6763389906671557,1.132487499417641,0.6592401674742625,-1.1080149010383424,1.03687407513021,-0.24469887665694434,-0.6763389906671557,-0.20465562353765385,0.7166055230658329,0.19081952690966666,0.3728412919839863,-0.05689276168264715,0.2738518273252659,0.4475901695294441,0.10608304780917345,0.012804842605544792,0.5118468759157585,1.0837461795359422,0.6552175733882943,0.10551720563822252,-0.4903671546674297,-0.07617516788719629,0.12560226393772106,0.12214944469431245,0.514734606344233,0.47161139053935697,0
-0.020796168340944693,0.9029052217484598,0.27967722576327125,1.7718540298733036,1,0,0,1,0,0,-0.7226826087232228,1.1919474442861202,-0.6431763394547153,0.6043465330868268,0.40735690115984496,0.4496391594235368,-1.1073402027533987,0.8865391816656645,0.8981202892462515,-0.3593189499199923,-0.19287727325728254,0.7218855202967663,0.4366987173845323,0.6143920246539869,1.4630076680884838,0.409203567497742,0.8986212788069594,1.045419476982643,1.179804912165518,-0.18555039652161812,2.1536767794517693,0.24880611627092608,-0.816550400713794,1.3764741975730432,1.2713985464677464,0.18555039652161812,-1.179804912165519,0.6887530094432773,1.5417059985633763,0.3728412919839863,0.5374502610717695,0.9053781960371756,0.19555021907814235,0.02452383803125581,-0.4855086804782194,0.20179139169817292,2.2772538446488637,0.4275877563966659,0.5525548097416701,0.015317428625603584,0.5669031826293847,1.489698983160128,-0.6186874509066087,-0.7656567202776299,1.0901944480755505,1
0.9815140635913272,1.2378861793774645,-1.168717627632051,-0.13478617003801185,1,0,0,0,1,0,-0.48292280564470574,0.14239034285077085,-0.8478672421327675,4.903713458452802,-2.204814089375725,-3.680185379850402,-0.07346814539697379,1.431633620922786,-1.5214934758796488,-0.8251052353186755,-1.94512641933831,-1.9964585563475008,1.5346207719431888,-0.9386541599030067,1.1510903323763804,-0.5772264297810559,-0.36658747458247704,-0.22557978980094062,0.010024599876957354,-2.732873630852038,-0.8357329321630345,-0.8118250478673125,1.4998756574353553,0.7511620769759884,2.3085248503858633,2.732873630852038,-0.010024599876958064,-0.8988402670423681,1.0163612595869336,-0.10023439668020068,-0.37990527404917784,-0.4942207832702994,0.4790951633358572,0.2692014673650073,0.2896456887631914,-0.4183195767369984,-0.8036612908751883,-0.7864379342253526,-0.11343998820836432,0.6636309969500054,0.9561348158367899,0.1890486229713212,-0.37174181903963527,-1.32234860141757,0.5953280020465953,0
1.2385166871637046,2.474738946007635,-0.15484123025532542,-0.13478617003801185,1,0,0,1,0,0,-0.44506599463230834,0.0028370440449626386,-0.8350740607153893,3.532313779702147,-1.8155323563488843,-2.7276649392815346,-1.2591873354185383,-0.14010322890366853,0.4976550552248481,-0.8213523672454593,-1.0035407356401773,-0.1749981730552117,0.998679638158072,-0.538667924277977,-1.1062688064523398,0.6162929336581361,-0.10741392546102455,0.29257284043781023,0.0915777400728132,-0.3295023237687909,1.2126999989098375,-0.9159397265047404,-0.06099616877292247,1.0030842491261378,1.590292539712796,0.32950232376879157,-0.09157774007281391,-0.5646101035717058,-1.0850176963188372,-0.2912841940253525,0.05939174276930372,0.017827623793410803,-0.40304466324369825,0.10608304780917345,0.06817301183707392,-0.10826409251941274,1.2502821328075124,-0.7864379342253526,0.33359761589508324,0.2487103132223888,0.65151875506577694,1.1407440084753266,-0.6186874509066087,-0.8213259083916238,1.0901944480755505,0
1.3156174742354179,0.6452275620338409,1.0038746524609323,1.7718540298733036,1,0,0,1,0,0,-0.15483044353726144,-0.2966210763091675,-0.5664172509504457,0.26872973406767947,-0.5731328359930006,-0.43580237687991735,-0.5301463239878079,-0.020951316693997826,-0.6415666343786488,-0.6643857977799085,-0.863920753882425,-0.19745528444276797,0.8877851245856606,0.11673580135607786,-0.19720691603570953,-0.09865945026971064,0.5254431799284669,0.4489264533311481,-0.49837739391320257,0.22497917377587734,0.8538224059564715,-0.16880121963916764,0.7778998489651447,1.418562812937032,1.561428596633291,-0.22497917377587734,0.4983773939132019,0.10385022336961848,-0.18442671521636386,0.00893691608845806,-0.04397226118798574,0.17144214591252482,0.1325402314653172,-0.30171300108041293,-0.09793149585751397,0.38782468222872474,1.1115021717478706,0.12408133374116129,0.9266066825629212,1.234146937075479,1.836136769175269,0.31594134103852145,-0.8656330827735822,-0.8769950965056176,1.8324941171189824,0
1.2385166871637046,-0.02473435322416849,-0.15484123025532542,0.3052077222492148,0,1,0,1,0,0,-0.8236341047562825,4.924998187341489,-0.7455217907937414,1.1887826831029282,1.4350827726849007,2.8689516399294392,-0.9946122385171151,-1.6527193510490563,1.0583903388075413,-0.32514000613289473,0.9969707880921901,1.4863795456497026,-0.6316521886635372,-0.7169163551279585,-0.9298414221273721,1.7960609681001658,0.7353987348696404,2.492320455312992,3.1241209784480715,-1.0712207285677868,0.6666981543283405,1.3369144521309606,0.35801301204507324,1.1684519690170219,1.13715498167171,1.0712207285677868,-3.124120978448072,-0.7874302125521474,-1.009968447893631,-0.6824813981130464,0.26611975068388355,0.5640125913280355,-0.37153966943728567,-0.5463906304141645,-1.5375038958772762,-0.046252995675895824,0.7229182807808735,1.413983630027056,0.34272083230535716,0.4821031978191731,0.9561348158367899,0.12560226393772106,-0.12479618717266176,-0.5986491559356475,0.22417816752487937,1
1.2385166871637046,0.6452275620338409,-0.15484123025532542,1.7718540298733036,0,1,0,1,0,0,-0.8236341047562825,4.924998187341489,-0.7966945164632545,1.5938374405398303,1.048156237724814,2.5559167533575113,-1.4338291494363273,-0.7867040448811976,1.9876436598798466,-0.6531795696890506,1.3730853726422034,2.4512286061728372,-0.9183909163387377,-0.6256654244295038,-0.9882416009480088,1.9801262795024288,0.7875321345887615,2.5718486467955413,3.3911452487142704,-0.020113106998745453,1.3686168154635654,0.08977724916833361,-0.7273395212629861,1.6633068427807367,0.7258314012582413,0.020113106998745453,-3.3911452487142713,-0.7317251853070371,-1.0850176963188372,-0.8098479296764806,0.22735824919990022,0.5469443110925782,-0.5920746260821743,-0.5463906304141645,-1.592872065108806,-0.23228628620644656,1.2225261405955843,0.04820472807728505,-0.0951935553878152,-0.4514683405679659,0.19459466390925928,0.12560226393772106,-0.12479618717266176,-0.15329565102369538,0.34789477903211874,1
-0.2263982671988458,2.397435648093248,-0.15484123025532542,-0.13478617003801185,1,0,0,1,0,0,-0.14221150653312897,-0.30127285293602774,0.32910544826603294,-0.47772831892318285,0.3344708357153794,0.1374986582418141,-0.4802344829335037,-0.18872660459867963,0.7755763430621756,-1.1302325605950376,-0.3823216363871941,-0.09116179450125461,0.6261171579175158,-0.7128927118760028,0.0704147753290771,0.7065846994886955,-1.4905739007921341,-0.8094643739663374,0.08301123374971872,-0.20666334585120408,-0.04453625922536607,0.3295731637626698,-0.3501893627097942,0.04884370830741856,-0.2932475598472632,0.20666334585120408,-0.08301123374971872,-0.6481676444393714,0.11577027848446049,0.16359627584405784,0.5116092600824467,-0.15285517856115927,-0.15100471279239655,0.758556726032511,0.7879592118469556,-0.29429738304996345,0.029018475482663446,0.4275877563966659,0.33359761589508324,0.09311505682453199,0.10997909147286698,0.2207718024881207,0.36909507656128593,0.29205785388825667,0.2860364732784985,0
-0.25209852955608386,0.6194597960623787,-0.15484123025532542,-0.8681093238500562,1,0,0,1,0,0,0.3751649106363024,-0.48792539008879626,-0.4001058925245282,-0.09813414623945753,-0.6569574689866768,-0.2994086048735772,-0.11554335714824768,1.8450070543445307,0.3382406904062519,0.49007937634524623,0.4602922435696645,0.9290475737380418,-0.6982250926666862,0.6655326754064002,1.7159525899146097,0.015177124564498067,1.0842338470463766,1.0953316192193423,0.12355936367902995,1.1445654112422656,0.8256582582855704,-0.8133264486133912,-0.4471348084045416,0.41304210276816766,0.470975677269318,-1.1445654112422656,-0.12355936367903066,0.7723105503109431,1.841902992264201,0.47291499535525605,0.4082452561251572,0.8541733553308051,0.5736101447550955,-1.1988643086375024,-1.3713993881826885,0.5118468759157585,0.25106641317809053,-1.0899443568808573,-1.4454295841084306,-1.4109724216880806,-1.1931007240475748,-0.5723076854318833,-1.3595243465075295,-1.0996718489615938,-1.198562864808365,1
0.5189093411610479,0.49062096620506923,-0.15484123025532542,1.478524768348486,1,0,0,1,0,0,-0.06649788450833415,-0.3373241217941949,-0.3617263482723934,-0.14211151990403548,-0.3057553917555664,-0.14959905201415438,-1.450665058686319,-0.699708164545482,0.3433537803289165,-0.9478817207347382,-0.3465408565789122,-0.5659172313873633,-0.1379748524645589,-0.6966587426157558,-0.21967380127507738,-0.3360983228476317,-0.2938760877367138,-0.4654930763387121,-0.4291756706205303,-0.34619240229020387,1.321091870064201,0.7403070230103961,-0.8071225213925374,0.9891245544248448,-0.003943302443595347,0.34619240229020387,0.4291756706205296,-0.5646101035717058,-0.03432821836595151,0.5820863081239148,0.3048812521678669,0.17144214591252482,0.4790951633358572,0.10608304780917345,0.34501385799472056,0.38782468222872474,0.8894542340524437,0.35171115073279,-0.7976812189789466,-1.047916823426415,-0.6515610604546642,-0.5405845059150832,0.12214944469431245,-0.04195727479570725,-0.7036964187794109,1
0.23620645523143258,3.118933095294182,-0.15484123025532542,3.2385003374973924,0,1,0,1,0,0,-0.028641073495936725,-0.3565127003799935,-0.20820817126385424,-0.2838806850069512,-0.16076670955071887,-0.0547942006523704,-3.2304093847288664,-2.341483895694575,0.4328420306885061,-1.8503703366260913,-1.3530388883867108,-0.4387757035982578,1.1325899686062941,-0.5316642431286291,-1.045003983216065,1.1304997667675356,-0.7332959546633931,0.18391879389623955,0.11588809585456382,-0.7133741297612556,3.960730239023544,2.1668980795298127,0.5443336843744389,1.7726072326841322,1.9385777266388784,0.7133741297612556,-0.11588809585456454,-0.2582324537235989,-0.7097714541928067,1.3462854975045246,1.8295003105378922,1.3662217623945152,0.6366201323679207,0.2692014673650073,0.2342775195316623,1.13195784435093,3.581785478609498,1.9451198696741894,-0.12256320461863823,0.1709126850234604,0.8884423578876751,-0.0647368131630805,-1.3595243465075295,-1.712032918215528,0.22417816752487937,0
0.9815140635913272,1.5213316050635446,2.452269505856255,0.3052077222492148,0,1,0,1,0,0,1.1196821938801182,-0.6123604148573085,-0.6431763394547153,0.5117625885298207,-1.4662318995758374,-0.8664489422638701,-0.45968068811173607,-0.10213880142339975,1.9261469006184428,-1.1075596575367481,-0.24161862065838122,0.2292824868336501,0.36626056273904023,0.24410838318500166,-0.7307784858664114,2.572945423697487,0.014571143930949671,0.8871704593265389,1.0345842828972671,-0.7133741297612541,0.8831074069251333,-0.5918891344148184,-0.0475453225433025,1.510690140436018,1.180265320174559,0.7133741297612541,-1.0345842828972678,0.18740776423728422,-0.7097714541928067,-0.11842961547497735,1.2093162867941527,1.1614023995690306,-1.5687294340809674,0.02452383803125581,-0.4301405112466897,-0.046252995675895824,0.8061862574166584,-0.5588081172337243,-0.013084607695344815,-0.03654765684034838,0.5669031826293847,0.062155904904119784,-0.5363722402842841,-0.8769950965056176,0.038603250264021984,0
1.341317736592655,0.5163887321765315,1.0038746524609323,-0.13478617003801185,1,0,0,1,0,0,0.45087853266109723,-0.5065324965962373,-0.08027635709007157,-0.3330659055528607,-0.34971957123807035,-0.13215853690514695,0.5166898070952759,1.1080770991385638,-0.38470100357400994,0.46855433014412834,0.10886570089008071,-0.061547945795175134,-0.29011672182909665,0.052264645438820874,1.167614466276445,-0.7253019814034842,0.6103321102942911,-0.08596593556040683,-0.2859102762628674,0.19961827368027837,-0.6662475364835253,-0.35118005295840404,-0.20295938400848823,-0.027791798455625644,-0.22545974712289366,-0.19961827368027837,0.28591027626286675,0.04814519612450831,1.0914105080121401,0.02713213488323473,-0.354064273059855,-0.10165033785478751,0.16404522527173035,-0.5463906304141645,-0.4855086804782194,-0.10826409251941274,-0.49834537654397587,-0.1035484832504671,0.7988816528190786,0.5599008260181015,0.5161338391675497,0.5380035976561225,0.12214944469431245,0.23638866577426285,0.5953280020465953,0
2.317927706167689,1.8047770307496258,-1.6032360836506476,-1.161438585374874,1,0,0,1,0,0,-0.44506599463230834,0.011559125220325652,-0.029103631420558513,-0.3527399937712245,0.47608847406771776,0.28149470606490107,-0.24779555033733258,2.1522043241979354,-0.38068580806908037,0.3108450340476827,-0.005925924073018356,-0.38167565952472843,-0.10868511211960935,-1.1697013046756952,1.8639969579500877,-0.33439909089334574,-0.05950049346185936,-0.11885929645322763,-0.09720267704722074,-0.4241556457943308,-0.8241860167053139,-1.0866567442827062,0.18437141565806936,-0.4789312577424416,-0.10833897737890118,0.4241556457943308,0.09720267704722003,-1.0659553487776992,1.9169522406894068,0.34554846379182197,0.11107374474794844,0.08610074473523979,0.4790951633358572,0.5138790966987595,0.6218547041523672,0.5738579727592754,-0.8314172830871166,-1.0899443568808573,-0.378013264106322,-0.23104172733766892,-0.39771434314548676,-0.1916295312302808,0.36909507656128593,0.18071947766026855,-0.5181215015185524,1
-1.3572098109173063,-0.35971531085317227,-0.15484123025532542,-2.334755631474145,1,0,0,1,0,0,0.6023057767106869,-0.5338616842790415,-0.5280377066983108,0.18482553431289261,-0.9843007003531734,-0.5534140556919419,0.30528577184725203,0.11043189487918612,-1.1158344025563556,0.1645347774873506,-0.36359343749150386,0.3843115050793848,1.0713848931646652,-0.3127901852519985,-0.5648168640596457,-1.4757049543529044,-0.27025244987048175,-0.4963283914251435,-0.2548898489945435,0.7769517052683067,-0.7370435648427394,-0.7173923767219438,0.042441846286893604,-0.4902535726241659,-0.011878795665424768,-0.7769517052683067,0.25488984899454276,-0.20252742647848845,-0.40957446049198204,0.46381738595786837,-0.4186667755331612,-0.4942207832702994,1.424244977528238,0.4323198869208419,0.6218547041523672,0.3258135853852078,-0.7203933142394032,-0.7105613285614767,-0.15905607025973648,-0.11434528503927678,-0.29617565622181696,0.1890486229713212,-1.1948939252628807,-1.0440026608476,-0.20882997275045564,0
0.08200488108800677,-1.7511746733121147,-0.8790386569529866,0.3052077222492148,1,0,0,1,0,0,-0.7100636717190902,0.8605083596223256,0.15000090842273722,-0.4343295949120862,1.3492685657815835,0.9974502109244113,0.007850767062388013,-0.1360992396354042,0.4974196156663898,1.1207474373906021,0.8927987887808351,1.0100394747586385,-0.0972864332611924,0.4302126166553654,-0.5736003313214886,0.06445021725832115,1.556359418163115,1.6948596859263176,0.3871222082195544,0.9936302841201231,0.41894669481229146,-0.3878197424067837,-0.6152230254823647,0.029201874127878426,0.49401845453898496,-0.9936302841201231,-0.3871222082195551,0.18740776423728422,-0.7097714541928067,-0.6824813981130464,-0.5478717804797735,0.0519641842643253,-0.11949971898598452,-1.2804235184154193,-1.5375038958772762,-0.4183195767369984,0.3343343898138759,-0.4070549059059717,-0.14993285384946126,-0.4385020692014777,-0.39771434314548676,0.886958572340925,-1.4418395571298541,-1.266679413303576,0.038603250264021984,1
1.521219573093319,2.397435648093248,0.27967722576327125,-0.13478617003801185,1,0,0,1,0,0,-0.6217311126901629,0.5116251126078051,0.32910544826603294,-0.47772831892318285,1.1073671072731335,0.7626740459954651,0.5366180554468315,-1.1795972771607435,0.19775473877929953,0.8014152156756944,1.164141712299587,0.27035999720957915,-0.9533133120313403,0.8318186197095023,-0.8241302743328831,-0.090559355216929,1.2086625262858974,1.208830397819185,0.3506288912831737,0.020989325180847843,0.08496289496325064,0.7934386649901538,-0.36134077121635677,0.11582881792252123,-0.33325363722845447,-0.020989325180847843,-0.3506288912831744,0.744458036688388,-0.7848207026180125,-0.07294156848803632,-0.10857476366129187,0.3762615087380082,0.29006520049738066,-0.8726274695258333,-1.0945585420250417,0.015758101167622184,-0.026493508941193386,0.5793409677244183,-0.3688900476960481,-0.4903671546674297,-0.4146374576327655,-0.3502454288142823,-0.04248097655033679,-0.04195727479570725,-0.3944048900113141,1
1.521219573093319,0.8256019238340739,0.27967722576327125,-0.4281154315628296,1,0,0,0,1,0,-0.6217311126901629,0.5116251126078051,0.39307135535292426,-0.49566645818110283,1.1418397559209736,0.7765370195436504,1.0814530451011286,0.8171134660122035,-1.2362255166151808,1.5568234570285113,0.9204917856649969,-0.6209152189450255,-1.4157268728375196,1.0244875159807305,-0.23209583240145923,-0.4206064427639541,1.5037601784043615,1.1040224448623086,0.1590389773671773,-1.004587223962434,-0.480130929899386,-1.3540223853820414,1.267292783165842,-0.6120652008804467,-0.1188213664628231,1.004587223962434,-0.15903897736717798,0.9951306592913848,-0.18442671521636386,0.11810822885711679,-0.12149526415595328,0.47867119015075044,0.4475901695294441,-1.0357458890816678,-1.2052948804881005,0.139780294854656,-0.24854144663662048,-1.0899443568808573,1.1090710107684099,1.6879664349025603,1.2776739910950803,-0.09645999267988113,1.439192814651505,0.9600881112561845,0.5953280020465953,1
-1.8969153204192981,-0.35971531085317227,1.0038746524609323,-2.334755631474145,1,0,0,1,0,0,0.7032572727437467,-0.5460725979245497,-0.5280377066983108,0.18482553431289261,-1.0289467662820815,-0.5628051022890997,0.5345669407965002,-0.19401359108549798,-0.19019596258854213,0.27901166856706394,-1.055632684157148,-0.28866845036336825,2.2683263150726103,-0.06486409748270057,-0.8735928288422327,-0.5997734554988919,0.3343872386248538,-0.9698978868604337,-0.28591027626286886,-0.11014700605881247,-0.8081397859140672,-0.6088563759732922,-0.3427102283838402,-0.04535410208882395,0.42545767882036645,0.11014700605881318,0.28591027626286813,-0.06326485836571254,-0.8098371187597482,0.021067061951641645,-0.29376860408476996,-0.14716575181600602,-0.6130779552864494,1.4110304042558486,1.7661302016039733,-0.06692336129040147,-0.8869292675109735,-0.7864379342253526,-0.8524205174405927,-0.8793552956620708,-0.8377153198147269,0.062155904904119784,-1.3595243465075295,-1.545025353873546,-1.0748462533011267,0
1.521219573093319,-0.35971531085317227,0.27967722576327125,-2.334755631474145,1,0,0,1,0,0,-0.6217311126901629,0.5116251126078051,-0.5280377066983108,0.18482553431289261,0.26839092480453836,0.250638410102811,1.355089527738466,0.14714855097768795,-0.3324267653976345,1.0830328495796309,0.48793033442347156,0.47100593322880563,-0.1347243002164967,1.1686408643209119,-0.11800556946170168,-0.5527391135334797,1.4749254222452235,1.0227193846387845,0.19616880564547262,0.44783808336594555,-0.7165927929027364,-0.3201813931542884,-0.10101097848311957,-5.967072550768453e-4,0.36415309131397944,-0.4478380833659462,-0.19616880564547334,0.9951306592913848,-0.18442671521636386,-0.2276009282436361,-0.4703487775118068,0.10316902497069583,0.25856020669096863,-1.2804235184154193,-1.482135726645747,-0.23228628620644656,-0.859173275299045,-0.6346847228976005,-1.1534866589796486,-1.0219842806934394,-0.9561771212256767,-0.44541496736468245,-1.6064699783745033,-1.6563637301015341,-1.2604211705619852,1
-1.5885121721324456,1.4955638390920825,1.4383931084795292,0.3052077222492148,1,0,0,1,0,0,0.5139732176817596,-0.5146731056932429,2.068978121029477,-0.6831489459090403,0.48957861610677494,0.13213234590058104,0.7258303177899498,0.0184191104382084,0.2066150374219807,0.25428340744871836,-0.6035995528231946,-0.3896639956839323,-0.18742926185842973,0.4089567899217828,1.825810111878393,-0.7684065973526033,0.06545662230453499,-1.9568069067939111,-0.9813771768947055,0.44186272034813867,-0.600659919656946,1.80377568201245,-1.0546242032901918,-0.2786148122684255,-1.1257321023831506,-0.44186272034813867,0.9813771768947048,0.3081019899350232,1.5667224147051118,-0.221535855312043,-0.5737127814690962,-0.5169784902509086,-1.348194477436079,0.5954383064766764,1.3047287913412295,-0.06692336129040147,-0.4150773999081907,2.1727496866658176,0.890113816921823,0.14498014229048395,0.025363519036474696,0.664896315723324,1.5215080252738291,2.017802685422071,0.5953280020465953,1
1.572620097807795,1.4697960731206219,0.5693561964423357,1.478524768348486,1,0,0,1,0,0,2.4446705793140278,-0.7036515311594415,1.7491485855950204,-0.6611602590767514,-0.17097276139222348,-0.030198602421718897,-0.10070817319274986,0.06123035468909019,0.13480699943793054,-0.09763631439777365,-0.8004938958386617,0.05220238147051959,1.2246329557548725,-0.016320205126017107,-0.16128425399986382,0.26657892662890864,-0.44967765371724566,-1.1677549763981763,-0.5047088517425482,0.5717619163874261,0.12373020966646682,-0.24561160847887695,0.08360042819551111,-0.31399230210773255,-0.09940417983789471,-0.5717619163874261,0.5047088517425475,-0.23037994010104354,-0.40957446049198204,-0.8371407578686448,-0.5866332819637576,-0.71610842633123994,-1.5057194464681423,0.6769975162545934,1.0648000580046022,-0.790386157798101,0.08453045990652028,-0.2553016945782196,-0.07694712256726609,-0.02358138547386016,-0.14386762583630988,-0.0012904541294803558,-0.28942660841731066,-0.04195727479570725,-0.08511336124321738,0
0.23620645523143258,1.8563125626925503,-0.15484123025532542,-1.161438585374874,1,0,0,1,0,0,0.08492935954125552,-0.40593782704038395,0.17558727125749374,-0.4354868942190488,0.05715407665474462,0.024358906380817166,-0.06490259628663841,-0.9297291193315225,-0.3314456622807695,0.46546921186777246,0.8711064067691269,0.5293041012115798,-0.9781895041946506,-0.49144131245763234,-0.2520850787030165,-0.5697536148165373,-0.4301157664921204,-0.18813039981154586,-0.16027754582615011,0.8808689828809136,-0.4007937288903704,1.0235490959728366,-0.11945011222824752,-1.0553143070392832,-1.3161537108814496,-0.8808689828809136,0.16027754582614942,-0.48105256270404034,-0.25947596364157,-0.07294156848803632,-0.354064273059855,-0.4942207832702994,0.5736101447550955,-0.30171300108041293,-0.26403600355210183,-0.4803306735805153,-0.24854144663662048,1.2622304186993043,0.6802798394855113,0.5080357405521495,0.025363519036474696,0.030432725387320277,0.8629863402952329,1.5724491805101195,0.47161139053935697,0
-1.4343105979890196,1.547099371035007,0.27967722576327125,-1.6014324776621007,1,0,0,1,0,0,-0.1295925695289965,-0.3018543250143853,0.06044863850108935,-0.3996106157032089,0.15413457110734785,0.07668045170783946,0.5994734261267964,-0.6447368501524494,0.5953471723296162,-0.18376503041835177,0.16241818010265227,2.09696090924643,0.5538786757017857,-0.2617336224011429,-0.4734629102740632,0.88683883413922,0.002714774705273245,0.5731486986840929,0.8355570349801581,2.031309283084856,-1.0951035434205363,0.4106168107321248,0.07732797307587556,0.2509466246905542,0.3484165612020523,-2.031309283084855,-0.8355570349801588,-0.28608496734615396,-0.4846237089171882,-0.1548200530645294,0.31780175266252825,0.3079883877961804,-0.37153966943728567,-0.22015379130249568,-0.5962450189412776,-0.10826409251941274,-1.192245181842186,-0.17942508891434333,-1.4727992333392537,-1.21647835119076,-1.057715808149347,-0.9847090191502859,-2.018046031486126,-1.6563637301015341,-1.136704559054746,0
-0.27779879191332196,0.4648532002336079,-2.0377545396692445,-1.8947617391869185,1,0,0,1,0,0,-0.356733435603381,-0.1303200618989127,0.09882818275322415,-0.4059757618915031,0.4362639491320695,0.21352141640928238,0.2628746484899917,-0.2712656610142474,-0.4614789379268476,0.8614952655061777,0.7936237770345482,1.2762864644580476,-0.053335094562702294,-1.0869942079024644,0.6050487634019792,-0.09481085315924347,-0.7552967034083496,-0.5455908107154895,-0.3305796915292576,2.068567428960595,-1.45164540267786,0.9784452017568215,0.5355814038807181,-1.9127638066660284,-1.5644130146640545,-2.068567428960594,0.3305796915292576,-1.1495128896453646,0.11577027848446049,-1.1009714303929035,-0.9742482968035945,-1.176951992688579,-0.6865896075014126,0.10608304780917345,0.2896456887631914,-0.790386157798101,-1.3865371273256843,0.7310941790521709,-0.39625969692687113,-0.07544647093981212,-0.8207922053274488,-0.794369942049485,-0.37174181903963527,0.848749735028197,0.038603250264021984,1
1.0586148506630406,-0.07626988516709207,0.27967722576327125,0.3052077222492148,1,0,0,1,0,0,0.48873534367349464,-0.5123472173798127,1.8131144926819118,-0.6675254052650456,0.44184083897785725,0.12184691391321768,0.04856972812161176,1.3505299677009766,0.9087369280537002,-0.4558749009918968,-0.43290397083778775,-1.6547096085637794,-0.5743509853640283,-0.5614966272421155,0.9903664191461342,1.2001622943072283,-0.8817476518271049,-0.7145260501523932,-0.6045440128777345,-1.6572471586133108,-0.6285782032987475,-0.8615174265428346,-0.03622646094836944,-0.2584682972406047,-0.13479925278390417,1.6572471586133108,0.6045440128777338,-0.3417899945912644,1.391607501712964,1.0642596061854894,1.609851802128651,1.0931292786272029,-0.4660546508565234,0.758556726032511,1.2309045656991897,1.13195784435093,-0.5014293756786345,-0.6852691266735177,0.5515411190294166,0.44608577735670624,0.3111761192660654,0.48160683407070015,2.2623449208747504,1.3745142894381406,0.024856960096552163,0
0.8273124894479005,-1.596568077483343,0.27967722576327125,1.478524768348486,0,1,0,1,0,0,-0.5460174906653681,0.30229516439909276,0.5082099881093286,-0.5095540498646537,1.000692286372498,0.6262802739891249,-0.47258391967181834,-1.956508089999936,0.7622249538901258,-0.49264848144469076,1.5140654664967408,1.133384748409829,-0.8257337760776492,-0.09432881611383591,-0.9238661322656123,0.4215910927425608,-0.20627532442610613,0.6215032771357052,0.9068055190224368,0.6464429457035722,0.5628872026533933,1.759859944344477,-0.6183286565386245,0.4609972347013237,-1.3615822749373128,-0.6464429457035722,-0.9068055190224374,0.15955525061472892,-0.6347222057676005,1.0733572155828786,1.1576342848155081,1.0077878774499178,1.1722050270769362,0.9216751455883455,0.5111183656893089,1.3179911348814817,0.40174179947141603,1.446502175311575,-0.350643614875499,-0.6015066235230411,-0.39529675536159015,-1.3110045798945162,0.3808543923644751,0.808986029232487,-0.27952517932602033,0
-0.2263982671988458,0.20717554051898904,-0.15484123025532542,-1.6014324776621007,1,0,0,1,0,0,0.13540510755778543,-0.4350114309582606,1.301387235986781,-0.6310704770957244,0.5061672820858342,0.1531504025704105,0.8295232994889875,-0.42103203229941566,1.0687993844250379,-0.21969853227133673,0.1638076365206523,1.3597536946563946,1.5249606145702435,-0.3225551016442389,0.022350249690842507,0.4022804596933483,-1.4464373157008719,-1.0748827895655941,0.6912331826893887,1.1689852080572094,-1.47576559778757,0.600269667063622,-1.056831497288174,-1.1374639389499648,-1.2623717851653948,-1.1689852080572094,-0.6912331826893894,-0.3417899945912644,-0.03432821836595151,-0.1548200530645294,0.07231224326396513,-0.5112890635057554,-0.40304466324369825,2.3897409215908554,2.1167952734036595,-0.4183195767369984,-1.3310251429018278,0.8828473903799233,0.8080048692293539,0.08014878545804377,-0.38079122865820925,1.109020828958526,0.03983423407198747,0.7374113588002092,0.5334696962929761,0
0.6988111776617119,1.4697960731206219,-0.4445202009343899,1.478524768348486,0,1,0,1,0,0,-0.4703038686405733,0.07552105383965442,1.7491485855950204,-0.6611602590767514,1.2728830089052356,0.5690396090159723,-0.5247155451773569,-0.3987520358327011,-0.14628012483191724,-0.14051022279093514,-0.40466560081762837,0.6634483807170963,0.37709321537223883,-0.40056525980386143,-0.9369404293716923,0.11065837164011291,-0.2693341406922254,-0.20090454099070465,0.3871222082195544,0.5209213695068188,0.32938965068219367,-0.39130667083537946,0.3111708227040573,-0.07724687744891269,0.32994091856975194,-0.5209213695068188,-0.3871222082195551,-0.3696425082138195,-0.8598699510432187,0.06352257247278678,0.11107374474794844,7.593435579547688e-4,-0.05648973137315825,0.18764225758709038,0.012804842605544792,-0.23228628620644656,0.3343343898138759,-0.3311783002420958,0.13288685486904556,0.2746428559553643,0.22844089288381547,0.1890486229713212,-0.4540570296619595,-0.26463402725168356,0.22417816752487937,1
1.5469198354505571,1.8563125626925503,-1.6032360836506476,-1.161438585374874,1,0,0,1,0,0,0.07231042253712305,-0.4041934108053113,0.17558727125749374,-0.4354868942190488,0.06623390553984151,0.02570048446612543,-0.41066460359846024,-0.4701736421449826,0.1831583805746304,1.1026708301960966,1.249818946043922,-1.2584460275187686,-1.9792662820740987,-1.0814598818860073,0.35733911113200434,0.19127970424075633,0.439437289952562,0.38401796872480726,-2.445911606578386,0.7094550641890696,-0.50954284353888,1.0033025563628346,-0.05816598626998341,-1.0538986587312433,-1.2499070375189218,-0.7094550641890696,2.445911606578386,-1.17736540326792,-0.18442671521636386,-1.3829973217119373,-1.0905328012555453,-0.8867912286858101,-1.0961545269847772,-2.1775748259725085,-1.7589765728033937,-1.0384305451721696,-0.44283339212011924,1.0346006017076752,0.22411901897178985,0.15794641365697218,-0.2792525417345383,-0.2550758902638815,0.6983559190505837,1.2384340518261547,0.10046155601764112,1
-0.3291993166277972,-0.2824120129387873,-0.4445202009343899,-2.041426369949327,1,0,0,1,0,0,1.006111760842926,-0.6007309732901579,-0.3745195296897717,-0.12706662891352197,-0.8973544999541347,-0.3638043529683739,-0.16808929274905146,-0.17256614534234732,1.0535097693479631,-0.13632305892786264,0.013958319596247519,0.11229036274877807,-0.36638787193817446,-1.1781928329054054,0.07362766480256727,1.6273409297941002,-0.8994282517041194,-0.43504746771871583,-0.34274413050805214,0.4930801176436292,-0.9435041431017618,0.31061102841404764,0.19513754679723044,-0.7076940002867054,-0.442885676205755,-0.4930801176436292,0.34274413050805214,-1.0938078624002545,0.11577027848446049,0.15449866644666885,0.9896677783849125,0.529876030857121,-1.0646495331783645,-0.13859458152457876,0.012804842605544792,0.139780294854656,-1.0257092285706153,-0.1035484832504671,-1.0622544948769042,-0.8145239388296306,-1.0069464646875115,-0.826093121566285,-0.20711139779498602,0.013711913318286572,-0.76555472453303,0
1.8296227213801723,1.9336158606069351,0.5693561964423357,-1.161438585374874,1,0,0,1,0,0,0.2742134146032426,-0.4530370653873442,-0.4512786181940413,-0.03506133400999707,-0.6772137489839177,-0.3213210469336122,0.18747055058704587,0.20787390610559192,-0.2787402429541658,-1.5659851697506575,-1.9139938663890217,-0.6455519119576573,1.7767652357943962,-0.1002525950107232,0.11862063825069427,-0.8673899967165329,-1.0772173657850301,-1.70449808466833,-0.2444928926024105,-0.6379707392984506,-0.3608535758249023,-0.16648190844001023,-0.4905960459559637,1.0473946351802117,0.8241751399564256,0.6379707392984506,0.2444928926024098,-0.14682239923337803,0.04072103005925432,-0.19121049065408274,-0.5995537824584191,-0.9550643496276378,-0.24551969421163483,0.9216751455883455,1.1755363964676604,-0.728375060954584,-0.3595654154843339,-0.17942508891434333,-0.06782390615699217,-0.30883935553659736,0.10997909147286698,0.4428340591057229,-0.4540570296619595,-0.7656567202776299,-0.2706882785040748,1
-0.07219669305541997,-1.2615871198543382,0.27967722576327125,1.7718540298733036,1,0,0,1,0,0,-0.6974447347149578,0.8430641972715996,-0.0035172685858019803,-0.3567905413455935,1.1780734450390493,0.9241106089275596,-1.0187054724242177,-2.7392500351310396,1.4380710489558768,0.01399955415634994,1.432343626824976,0.4753517431861592,-1.9302587692581739,-1.1964552915485953,-1.5718449263958265,1.7143853142393914,-1.270679824684579,0.007159518508450208,0.9750700921945687,-0.3187395628531161,0.22105072753394459,2.185066897542475,-0.24309939346683168,-1.278896857277691,-1.8551269889473299,0.3187395628531161,-0.9750700921945695,-1.0102503215325889,-1.3101654415944555,1.1643333095567605,2.0103873174631492,1.2467438007463156,0.25856020669096863,1.5741488238116832,1.1201682272361313,0.8219023601333442,-0.05424950115312168,1.4898602356909325,-0.9071598159022387,-0.8793552956620708,-1.2607931819966884,-1.238494455284687,2.097714499630101,2.073471873536065,-1.2604211705619852,0
-1.5885121721324456,0.20717554051898904,1.4383931084795292,-1.6014324776621007,1,0,0,1,0,0,0.5139732176817596,-0.5146731056932429,1.301387235986781,-0.6310704770957244,0.2895786852988663,0.09188500334133312,1.7142228173740257,0.9079092951519716,0.49234029211312363,1.4572633026688073,0.3548817745977062,0.7645927911829663,0.23227510744451701,0.940427416382419,1.5763681159947487,-0.625215360003423,0.6037613925880867,-0.8847191794019521,-0.6135009981005489,1.6512761951523172,-1.4440045626376816,0.33303697303009966,-1.3013268140800376,-1.3699892453531763,-1.3251197697244974,-1.6512761951523172,0.6135009981005483,0.7723105503109431,1.3165582532877582,-0.27081457288122956,-0.54141153023244315,-0.2894014204448148,-0.8756195703398886,0.08569324536469386,0.42806611184201476,-0.09276131830853324,-1.3310251429018278,0.4275877563966659,0.32447439948480933,-0.4255357978349895,-0.9054077777638412,1.0455744699249259,-0.5363722402842841,0.29205785388825667,0.22417816752487937,0
1.5469198354505571,0.6967630939767645,-1.6032360836506476,-0.4281154315628296,1,0,0,0,1,0,0.07231042253712305,-0.4041934108053113,-0.4896581624461761,0.07777534841885421,-0.60991766530203,-0.3709594360900179,-0.5304033181377124,0.6866173527751713,0.30968465151066416,-0.056009962558014006,0.1568618172358809,-2.006808956281886,-0.9172919039537248,-0.9116789570897357,0.125858265360522,0.40804407870059656,0.19441331563272218,0.4168557175839954,-2.445911606578386,-0.31122271395962636,-0.1734001466197371,-0.8163218174285873,-0.013304345639149782,0.268442761788328,0.2030504289732704,0.31122271395962636,2.445911606578386,-1.038102835155144,-0.3345252120667762,-1.3102164465328319,-0.9354867953196102,-0.8185181077439823,-1.033144539371952,-2.1775748259725085,-1.7589765728033937,-0.9764194483286528,-0.19302946221276363,-0.7864379342253526,-0.0951935553878152,-0.08841274230630035,0.025363519036474696,-0.0647368131630805,-0.20711139779498602,-0.3759724034796717,-0.2706882785040748,0
0.6988111776617119,0.20717554051898904,-0.4445202009343899,-1.6014324776621007,0,1,0,1,0,0,-0.4703038686405733,0.07552105383965442,1.301387235986781,-0.6310704770957244,1.1489812404450068,0.545785588870629,0.9191815716438764,-0.604165382429818,0.8235425492085434,0.7164546221427657,0.6910445189640588,1.200295112394883,0.29528645834887113,-0.05558389708199574,-0.8651870895412083,0.07601278904545661,-0.005759531305469298,-0.05472672016142798,0.33643704580791395,1.303385209184222,-1.333683125770438,-0.03748948546759807,-1.0494247312615355,-0.9735950253684442,-0.9518217097712215,-1.303385209184222,-0.33643704580791395,-0.03541234474315745,-0.7848207026180125,0.09991301006234013,0.12399424524260985,0.12023730520615308,-0.05648973137315825,0.2692014673650073,0.12354118106860354,-0.23228628620644656,-1.2477571662660425,-0.02767187758659086,0.03253147435602734,-0.5162996974004062,-0.8377153198147269,0.6966194952401235,-0.7010026615289333,-0.15329565102369538,-0.023255055489598248,0
-0.27779879191332196,0.20717554051898904,-2.0377545396692445,-1.6014324776621007,1,0,0,1,0,0,-0.356733435603381,-0.1303200618989127,1.301387235986781,-0.6310704770957244,0.9710552904969962,0.38747937480425393,0.43461231901754216,-0.3076676560997901,1.2772192476808135,0.04812286700661144,0.5083430224255083,1.2223691876708824,0.6096003086589319,-0.6367994110669009,-0.3370487075323956,0.9325824400810644,-0.5628416587975483,-0.020505663134386454,0.271474372857786,1.3979208031972914,-1.2406214775902416,0.08463551734861766,-0.8088460843039404,-0.6231150428944471,-0.6808906146904182,-1.3979208031972914,-0.2714743728577867,-0.7038726716844818,-0.4846237089171882,-0.5915053041391644,-0.05689276168264715,-0.27233314020935756,-0.8126095827270634,0.18764225758709038,0.06817301183707392,-0.4803306735805153,-1.192245181842186,-0.02767187758659086,-0.3050275328241268,-0.6589286824317738,-0.8377153198147269,0.2524949820049213,-1.0302635040182315,-0.5429799678216537,-0.1469716669968365,1
-1.305809286202831,-0.23087648099586283,0.27967722576327125,0.3052077222492148,1,0,0,1,0,0,-0.15483044353726144,-0.2954581321524524,0.4570372624398156,-0.5031889036763596,0.4137791682704857,0.16164706377736285,-0.4964453355595445,-0.15098707043600648,-0.15409935830611637,-0.048822031398386756,-0.4845924883051061,0.03732641387256858,0.19636287037525474,-0.16802226715430724,0.6277453037059629,-0.6601165483523053,0.7714407495703844,-0.07027087081888916,0.2654778184316193,-0.21238889143210804,0.5224334543203505,0.8360959573217622,-0.4526944845333083,0.8309028565135966,0.5613881399418903,0.21238889143210804,-0.26547781843162,-0.3417899945912644,0.26586877533487285,-0.7734574920869285,-0.9613277963089331,-0.6478353053894121,-0.5605696322757617,-0.38327221085833024,-0.5408768497097485,-0.8523972546416179,0.7437352749398196,1.1484155102034896,0.858182559485863,0.46589535861106307,0.7953652282076441,1.0059204955289256,0.30735866859454236,0.22247136874576415,1.3994859768436472,1
0.8787130141623758,0.7740663918911503,-0.15484123025532542,0.5985369837740325,1,0,0,1,0,0,0.6401625877230843,-0.5390949329842593,1.442112231577942,-0.6380142729374998,0.2722745771161816,0.07846922248825047,0.48037502541908167,-0.34008475993897647,-0.4242707745404761,0.28885772581347413,0.10285461267979956,-0.4619139298302364,-0.27301080662071286,0.2767786783308699,-0.34365931751039003,-0.7673626588747609,-0.14301844018127594,-0.5163617334520797,-0.8414861286385814,0.2045801889163758,-0.39141917226539696,0.12250664575571318,-0.1911331060445157,-0.532042789136067,-0.6378427649471052,-0.2045801889163758,0.8414861286385807,0.4659329004628361,-0.10937746679115769,0.7549408866742913,0.2015172482105774,0.13730558544161034,0.8571550890128092,-0.13859458152457876,0.2896456887631914,0.8219023601333442,-0.49834537654397587,-0.1035484832504671,-0.6243401071837319,-0.62002986833231,-0.7700228618656133,-0.5088613263982832,-0.12479618717266176,-0.04195727479570725,-0.5799798072721716,0
0.23620645523143258,0.10410447663314094,1.0038746524609323,1.0385308760612593,1,0,0,1,0,0,-0.21792512855792381,-0.2745251373315812,0.08603500133584588,-0.4036611632775779,0.26007135552051386,0.1008288572433882,-1.0461952583393144,0.7517152416693959,-0.5169883997571741,-0.12047255150299058,-0.5527887203134818,0.17310486627460303,0.7205271984592952,0.094617864959047,1.4341161703723564,-1.4061956480563402,0.9232204210670161,-0.5762969008800543,0.3186972389638403,-0.0799856498736912,1.5493010297559315,0.4049133369172502,-0.7063505516233329,1.0782002107758022,0.1560106531493706,0.0799856498736912,-0.3186972389638417,0.0759977097470634,1.3165582532877582,-0.018355912103706302,-0.7416792878996918,-0.3747428216220998,0.1010352376589052,0.6769975162545934,0.5664865349208381,-0.23228628620644656,1.1392581639597994,0.12408133374116129,-0.6608329728248301,-0.892321567028559,-0.4654068010946016,-0.44541496736468245,-0.4540570296619595,-0.5429799678216537,-0.6418381130257917,1
0.930113538876852,-1.9057812691408853,0.5693561964423357,-0.4281154315628296,0,1,0,1,0,0,-0.4576849316364408,0.030166231727766748,4.218232599149025,-0.7514296050198324,1.688858044523337,0.6039206392339871,0.6095081890251177,-1.028774361724039,0.11119916909252417,0.7648222683449937,1.1728334234271878,-0.15506076640655495,-1.937130905746606,-0.636799411066901,-0.608684681173583,1.1786558073302285,-0.08577023909657741,0.6363385269286709,0.6312676384277316,-0.8375679493470519,-1.4838184422733054,0.8022581459582272,1.0324224278904521,-1.1182738431977792,-0.9034801728025859,0.8375679493470519,-0.6312676384277323,-0.3417899945912644,-0.18442671521636386,1.5373352948496766,2.036228318452472,1.8953384496936814,0.6051151385615076,0.35076067714292497,0.06817301183707392,1.938102103316653,-1.4420491117495413,0.38964945356472797,-0.8296124764149065,-0.23104172733766892,-0.6430995032110249,-1.4129719426270884,1.2334047880956935,0.848749735028197,-1.3841377820692236,1
1.4184185236643685,1.3151894772918502,-0.4445202009343899,1.0385308760612593,1,0,0,1,0,0,1.5613449890247548,-0.6559708207341236,-0.24658771551598904,-0.24048196099585453,-0.9169728702867056,-0.31863789076299565,-0.662546448256888,-0.920639292639114,0.8573512516725191,-0.77542337751079,-0.013688551826802104,1.200664363359583,0.03434853994286491,-0.9564103215992482,-1.6087562242677802,1.514914498023656,-1.1086687296136917,0.11415313412956081,1.0994917511557436,0.5471004570796687,-0.03434695983288795,-0.3480103478445763,0.3503150902432545,-0.05178997733328658,0.12924410515765922,-0.5471004570796687,-1.0994917511557445,-0.7874302125521474,-1.3852146900196616,0.8823074182377254,1.6227723026233125,0.9907195972144606,0.2270552128845555,0.6769975162545934,0.17890935030013266,0.38782468222872474,-0.10976148557697851,-0.4070549059059717,-0.2776578835933038,-0.06248019957332482,-0.07617516788719629,-0.3502454288142823,-0.37174181903963527,-0.15329565102369538,-0.20882997275045564,0
0.10770514344524394,0.0010334127472937634,2.452269505856255,0.3052077222492148,1,0,0,1,0,0,0.9430170758222637,-0.5937533083498675,0.2267599969270068,-0.44243069006082425,-0.34445972924585627,-0.11471802179613952,-0.42037709748341107,1.1051012459336231,-0.0404574756050664,-0.6072350092911591,-0.3648621892976393,0.022769712453770134,0.7913343159434181,0.3547623554187503,2.091074875936482,0.5407673948445061,-0.4811735507270024,-0.5034246192833396,0.2920875286977298,-0.25863368266248993,0.9390189526609456,0.578006765166106,0.5987258048955628,0.34321186579566776,-0.01715744151395185,0.2586336826624906,-0.29208752869773047,0.4659329004628361,2.2171492343902317,0.48201260475264507,0.705416767502365,0.4616029099152932,-0.30852968182446,1.4925896140337656,1.4523772426253072,0.5118468759157585,0.6951622885689447,0.35171115073279,-0.4601222117987924,-0.10137901367278856,0.04228663352375219,-1.1116017372174867,-0.12479618717266176,-0.26463402725168356,-0.7036964187794109,1
1.9067235084518848,0.7740663918911503,0.27967722576327125,0.5985369837740325,0,1,0,1,0,0,-0.29363875058271866,-0.1832340210294483,1.442112231577942,-0.6380142729374998,0.9311927774401818,0.3521511518911363,-0.09900741537411711,0.5902138864337555,0.5386916672897312,-0.015416042122797402,0.44448831529640215,-0.26535494585914254,-0.044143201336543314,-0.5495020865320376,0.7938984060715355,0.8505182632498968,-0.6732639116106821,-0.1564084965234438,-0.8901438845537553,0.5209213695068188,-0.41138378909179635,-0.014777086579494381,0.11827927543478593,-0.6467708915417452,-0.7305590335409027,-0.5209213695068188,0.8901438845537545,-0.5924626171942612,0.5660657690356972,-0.3913578973966235,0.08523274375862654,-0.18699173903207253,-0.655084613695,-0.38327221085833024,0.012804842605544792,-0.17027518936292965,-0.5816133531797613,-0.3311783002420958,-0.9618991143638861,-0.7626588533636787,-0.939254006738398,-0.9847090191502859,-0.4540570296619595,-0.26463402725168356,-0.8274130302866491,1
1.0586148506630406,-0.3854830768246345,0.27967722576327125,-0.13478617003801185,1,0,0,1,0,0,0.22373766658671274,-0.4448964562903387,-0.5920036137852022,0.3497406855550598,-0.923865887798175,-0.6124434914455055,0.5473855404624305,0.055930252481230125,0.2473354661030435,0.7525607921658968,0.5998677607040325,1.3655864386206724,0.8599901915369691,0.7323704357454749,1.1720046684142487,0.19530931086838818,0.22046176744812315,0.01170045608175269,0.3637290563372595,1.5017549802280383,-0.029377008715234413,1.097322521694681,-0.14184884608542764,-0.7980549642831192,-0.7684342499627793,-1.501754980228039,-0.36372905633726016,0.4659329004628361,0.7912135143113154,-0.6187981323313287,-0.43158727602782254,-0.32353798091572933,-0.7495995951142377,0.5954383064766764,0.4557501964577793,-0.6663639641110671,-0.10976148557697851,0.8828473903799233,-0.2959043164138529,-0.32180562690308556,-0.6007917169928287,-0.2550758902638815,-1.0302635040182315,-0.48731077970765985,-0.45626319576493324,0
1.3156174742354179,0.928672987719922,1.0038746524609323,0.5985369837740325,1,0,0,0,1,0,-0.23054406556205628,-0.2442885892569894,-0.4768649810287978,0.032640675447313694,-0.3206926294202451,-0.21310041471874555,0.5072866901375889,0.15530697380196642,-0.5953812690275645,0.11051459811324488,-0.45640646214398906,-0.951628455849012,0.39374276093308685,-0.05465096688298271,-0.5128131610649291,0.5257477146691157,-0.23415352068849934,-0.0920431491808589,-0.8195116582252774,-0.4851260289008703,-0.760001093540328,-0.726888662803437,1.3422318904774087,-0.3814807151420747,0.50348853330428,0.4851260289008703,0.8195116582252766,-0.20252742647848845,-0.6347222057676005,-0.5915053041391644,-0.25070026910256554,-0.32353798091572933,-0.7811045889206503,-0.709509049969999,-0.4301405112466897,-0.6043528672675491,-0.44283339212011924,-0.2553016945782196,1.793312241538992,2.3751788173264257,2.0222910285353324,0.7600658542737248,0.4514102871836102,0.23638866577426285,2.203643951640699,0
0.10770514344524394,-0.02473435322416849,2.452269505856255,0.3052077222492148,1,0,0,1,0,0,0.9430170758222637,-0.5937533083498675,-0.7583149722111197,1.2669003863229022,-1.9001067027747631,-1.4357252431296768,-0.1840841246688528,0.3249602598171242,-0.1255655393012005,-0.7787249039415551,-0.7327793189705791,-0.6101122245882955,0.7071669421258001,0.47766204230640263,1.983441543764155,0.4071492280490267,-0.1575261013561953,-0.06359073995782957,0.08301123374971872,-0.9144498376620688,0.7332477410088784,1.540950042391371,0.5807980075626141,0.8958069204946819,0.8905650226003582,0.9144498376620688,-0.08301123374971872,0.605195468575612,2.142099985965025,0.5365982611369737,0.6795757665130432,0.5810808715634928,0.038025250046078915,0.758556726032511,0.7879592118469556,0.7598912632898273,0.8061862574166584,1.6416134470186852,0.39746013076700454,0.6506647255835172,1.0069041592986248,-0.09645999267988113,0.03983423407198747,-0.3759724034796717,0.40975308478573785,0
-0.25209852955608386,-1.4419614816545723,-0.15484123025532542,0.3052077222492148,1,0,0,1,0,0,0.3499270366280375,-0.4850180296970086,-0.16982862701171944,-0.2977682766905021,-0.3761900718137507,-0.14289116158761306,0.8962525282202666,1.4206213642287924,-0.8426433203224654,1.0722188208355,0.7280546711565237,0.005990631379257548,-0.9481824626751391,0.8573815956718223,1.4118076051163038,-0.2119792540778836,1.3126068436713332,1.3923596862834287,0.594470599903532,-0.5814181964513455,-0.38957536951976146,-0.5355295395008972,0.9389029404521998,-0.14693997604555611,0.412861503148959,0.5814181964513455,-0.5944705999035328,0.8558680911786088,1.391607501712964,0.17269388524144552,0.03355074177998182,0.5640125913280355,0.6996301199807459,-1.1173050988595852,-1.4267675574142176,0.2638024885416898,-0.4150773999081907,-0.5588081172337243,-0.21379536872138252,0.28760912732185256,0.2115177783965368,-0.4771381468814831,-0.04248097655033679,-0.32030321536567735,-0.1469716669968365,0
-1.4086103356317816,-0.2051087150244015,0.27967722576327125,0.3052077222492148,1,0,0,1,0,0,-0.20530619155379135,-0.28906193929051954,0.41865771818768077,-0.49971700575547184,0.444982979346884,0.16388302725287662,-0.11872777735238764,-0.21270180856546017,-0.2658813565714784,0.364511279196802,0.4949188906740756,0.8772191817227042,-0.1225350679728646,0.29064296324571354,0.448721790613044,-0.8495132002528443,1.1475198727655376,0.9189498521523647,1.1515092521572485,0.05436948222367098,0.45550088889659063,0.7414595467783174,-0.49021011800201275,0.6454298408169414,0.25375687454458073,-0.05436948222367098,-1.1515092521572492,0.605195468575612,0.8662627627365218,1.1916261377489248,0.49868875958778525,0.9736513169790033,1.833809897011603,0.758556726032511,0.2342775195316623,1.5040244254120325,0.5779703214519142,0.9165703262305349,0.5414042119068891,0.1867603500269455,0.4428003430560091,0.6225987430342572,0.15873398274867878,0.1992758736982665,0.9870972718195186,0
0.44180855408933456,2.397435648093248,-0.4445202009343899,-0.13478617003801185,0,1,0,1,0,0,-0.10435469552073157,-0.3140652386598935,0.32910544826603294,-0.47772831892318285,0.2995098508749299,0.1276604189495535,-0.45604098224776196,-0.004793716857640024,0.5187867349326011,-0.6684200041474341,-0.14438924361781463,-0.8312558737731143,0.26902310457188006,-0.4561167585569279,1.007695484458786,0.22218394172515657,-0.8905402885006384,-0.6106474423253517,-1.4375436385994584,0.2920044097428146,0.1783895961936531,1.0160667418077125,-0.48592541201523615,0.019947796841904362,-0.40846528624436235,-0.2920044097428146,1.4375436385994576,-0.3974950218363748,1.0163612595869336,0.1908891040362222,0.279040251178545,-0.10165033785478751,0.006520256239666901,-0.30171300108041293,0.4557501964577793,0.38782468222872474,0.029018475482663446,0.7310941790521709,-0.4692454282090663,-0.6329961396987983,-0.5838686025055501,-0.3185222492974822,-0.4540570296619595,-0.3759724034796717,-0.5799798072721716,0
-0.27779879191332196,0.6194597960623787,-0.4445202009343899,-0.8681093238500562,1,0,0,1,0,0,-0.25578193957032125,-0.23382209184655378,-0.38731271110714993,-0.09813414623945753,-0.15462237242413157,-0.10398539711367341,-0.4046233454208455,0.5612104657446338,-0.1706714615832142,-0.560095835379601,-0.6039314334915087,1.068837165313659,0.9518663315205764,0.17285532164866324,-0.003702330143109761,-0.5806556880029183,-0.30775053944763514,-0.2338847163419675,0.3506288912831737,1.1100169487029459,0.7353536121312313,-0.7739878897463223,-0.3501893627097942,0.45149317235409203,0.5567975381219844,-1.1100169487029459,-0.3506288912831744,0.1317027369921738,-0.03432821836595151,-0.082039177885424,-0.3669847735545164,-0.4600842227993849,0.4475901695294441,0.4323198869208419,0.2896456887631914,-0.046252995675895824,0.1400424443303771,-1.0899443568808573,-1.5731546138522732,-1.4758037785205207,-1.2438700675094103,-0.6992004034990842,-1.6064699783745033,-1.4336869776455579,-1.3222794763156045,1
0.8530127518051386,0.7740663918911503,-0.4445202009343899,-0.4281154315628296,1,0,0,1,0,0,0.19849979257844777,-0.44547792836869626,-0.5920036137852022,0.30923520981136965,-0.9080030200431533,-0.5815871954834154,0.1550763653186513,-0.21347553829010735,0.21457966832040318,0.10561289061744068,-0.5832497781484149,-0.7476499881379656,0.1017951016745657,-0.7829506027502051,-1.5707371820107425,0.3231886530716041,-0.26788701209064,-0.34559373263670923,0.44932672572474713,-1.4653421880752575,-0.9979524779953305,-1.2805281516621314,0.03143583308664718,-0.4083083771749061,0.42084826125591707,1.4653421880752575,-0.44932672572474786,-0.5646101035717058,-1.3101654415944555,1.1552357001593716,1.1705547853101694,0.9907195972144606,0.3215701943037938,1.166352774922097,1.009431888773073,0.9459245538203791,-0.9701972441467586,-1.2416975682086098,-0.2594114507727547,-0.2051091846046925,-0.3469449996836519,0.47455723862252236,0.8629863402952329,0.18071947766026855,-0.332546584257695,0
0.2105061928741954,-0.3854830768246345,1.0038746524609323,-0.13478617003801185,1,0,0,1,0,0,0.48873534367349464,-0.5100213290663825,-0.5664172509504457,0.28898247193952453,-1.0108715468954448,-0.6155738403112248,0.5768121594446424,-1.3124160191481775,-0.012298067983476388,1.098142659269085,0.5488110568947848,0.8226863003025254,0.18600891145607495,0.7392452827315678,-0.45785098667039065,-0.7116306054437496,0.8047543777418925,0.3516290769835792,-0.49837739391320257,1.6163306238481758,-0.06342617262867749,1.3426671062788085,-0.6983082581558775,-0.6855392211511745,-0.37018389788634,-1.6163306238481758,0.4983773939132019,0.9951306592913848,-0.18442671521636386,0.9096002464298897,0.3565632541465125,0.683490552976235,1.109195039464111,-0.30171300108041293,-0.09793149585751397,0.8839134569768611,-0.026493508941193386,1.33810702436318,0.1785029369204177,-0.21807545597118072,-0.4654068010946016,0.886958572340925,-1.1948939252628807,-0.6543183440496418,0.16231986177126023,0
1.0329145883058024,2.474738946007635,0.5693561964423357,-0.13478617003801185,1,0,0,1,0,0,-0.2810198135785862,-0.19195610220481132,3.821643975210299,-0.742749860217613,1.3832231203501586,0.4263851392781936,1.2024009852921023,0.6656863899437306,0.033798497728292985,0.5898328104409296,0.3796557001983549,-0.19158702813106626,-0.43050696435178887,0.7279166954822684,0.8829997442450086,-0.515202284591247,0.5363925950793998,-0.1577938983724577,-0.6711839829354725,0.4043702465109161,-0.944642054388921,-0.029105701605550312,-0.5639322887462408,-0.26494835869944144,-0.6476260339325335,-0.4043702465109161,0.6711839829354719,0.7723105503109431,0.9413120111617277,0.2909628074074919,-0.031051760693324323,0.18851042614798086,0.1325402314653172,-0.05703537174666111,0.2896456887631914,0.5738579727592754,-0.5538573609678327,0.8069707847160468,2.5779088528225924,1.791696605834465,1.548443822891536,1.9021003168785307,1.3568776040291806,1.795125932966095,2.141785645887079,1
2.3950284932394013,-1.3131226517972627,-0.4445202009343899,0.3052077222492148,1,0,0,1,0,0,-0.3188766245909836,-0.14543833593620858,-0.13144908275958464,-0.3029761235718337,0.205588655591507,0.12229410660832044,-0.3500299737128675,-0.24577100127660204,-0.12326612541622614,-0.6736487687334262,0.08049900186798313,-1.1801868144931518,-0.5863543380164625,-0.712186949247462,0.3949189006701901,-0.7591001170960595,-0.2535776790951451,0.18183497600614076,-1.0504933074560319,-0.567767582660665,-0.22488360912315467,0.732949497542456,-0.5943134874616987,0.6586127404907177,0.07287381781897884,0.567767582660665,1.0504933074560312,-0.4253475354589299,0.9413120111617277,1.5464329042470641,0.8346217724489774,0.683490552976235,2.3378897979142055,-0.6279498401920818,-0.2086678343205727,1.6900577159425842,-0.47058938433204756,0.19995793940503753,-1.1443634425693747,-1.2294446225572482,-0.939254006738398,-0.6992004034990842,-0.37174181903963527,-0.6543183440496418,-1.198562864808365,0
0.44180855408933456,0.0783367106616796,-0.15484123025532542,-0.8681093238500562,1,0,0,1,0,0,0.03445361152472564,-0.37628275104414965,-0.7327286093763631,0.8329131462119358,-1.2827764007563918,-0.9330806538341805,0.37545632768040454,0.9277646358754638,-0.6057297595119313,0.0517014808006909,-0.771699592662289,-0.994028273173101,-0.03146486022747037,0.8457961940014124,0.9093798090512129,-0.9683599386237486,1.291941618294793,0.5306601595203208,-0.8114328088086202,-0.550966827225982,0.3230284280736487,-0.3623893491231258,-0.14505547672052496,1.2112218283147018,1.521333626345404,0.550966827225982,0.8114328088086196,0.744458036688388,0.7912135143113154,-0.10933200607758836,-0.5866332819637576,-0.08458205761933026,0.41608517572303205,-1.1988643086375024,-1.0391903727935126,0.015758101167622184,0.22331042096616224,-0.4070549059059717,-0.23204180154193166,-0.2699405414371327,0.2115177783965368,0.5380035976561225,-0.7010026615289333,-0.9883334727336057,0.038603250264021984,0
0.72451144001895,0.8256019238340739,-0.4445202009343899,-0.4281154315628296,0,1,0,0,1,0,-0.48292280564470574,0.10168729736574346,0.21396681550962854,-0.4470598872886746,0.7118913981583822,0.42370198310757706,0.15865283035701636,0.6482846732337789,-0.9509641370965819,0.3775098062147805,-0.19049556452892535,-0.422475188916328,0.3627702975767476,-0.23324517984796056,-0.5221457869162133,0.03946620807052701,-0.1071455964482078,-0.4009837968859755,0.13830413819877924,-0.7133741297612541,-0.45366645810949446,-1.412865246080608,1.3396595659024852,-0.6162351326249359,-0.14382906890417013,0.7133741297612541,-0.13830413819877996,-0.28608496734615396,-0.5596729573423944,-0.2730889752305771,-0.21193876761858224,-0.23819657973844427,-0.5290646384693491,0.4323198869208419,0.40038202722625016,-0.5423417704240322,-0.3318094232724056,-1.2416975682086098,0.5251851605108457,1.1822818516095268,0.8207498999385615,-0.5405845059150832,0.6160407084282594,0.29205785388825667,0.10046155601764112,1
-2.0511168945627247,0.6452275620338409,-0.15484123025532542,-1.8947617391869185,0,1,0,1,0,0,-0.21792512855792381,-0.27859544188008395,-0.3745195296897717,-0.10507794208123299,-0.17865650231102798,-0.13305292229535245,0.630631913872636,0.6623347148802997,-0.12043952489454088,0.8211329427542854,0.9149167036396356,0.22049762226426745,-1.104363793926235,0.07605178298200128,0.46660157277234576,0.21227203230624478,0.4816343875898036,0.9281050505975433,0.13286549185952784,0.16895808102739213,-0.8009189820580064,-0.44164396963058855,0.37795778630982735,-0.6317172164158101,-0.28332258274185385,-0.16895808102739213,-0.13286549185952856,0.4102278732177254,0.9413120111617277,1.3371878881071357,1.2609982887727984,1.434494883336343,1.3297299961089997,-0.38327221085833024,-0.4855086804782194,1.5040244254120325,-0.9146852597229018,-0.7105613285614767,-1.0805009276974533,-0.7496925819971905,-0.9223308922511192,-0.8895394805998851,-0.20711139779498602,-0.15329565102369538,-1.0748462533011267,1
-0.27779879191332196,0.7740663918911503,-0.4445202009343899,-0.4281154315628296,1,0,0,1,0,0,-0.25578193957032125,-0.23382209184655378,-0.5920036137852022,0.30923520981136965,-0.5274675756487951,-0.4188090544660127,0.7653652238676598,0.7492970627727031,-0.29724517691150826,-0.1897686928898392,-0.6888791357808873,-0.3577542764150905,0.47850461684885887,0.16499018747407396,-0.06991374422494842,-0.4861473112850731,-0.2670808934736466,-0.25618549872666807,0.5209310369862826,-1.004587223962434,-0.8994027235392812,-1.0984717880094468,-0.08218704936312334,-0.008467580865700408,0.6454613379902936,1.004587223962434,-0.5209310369862833,0.04814519612450831,-0.18442671521636386,-0.3640650692044592,-0.5478717804797735,-0.6136987449184976,0.1010352376589052,0.5138790966987595,0.2896456887631914,-0.29429738304996345,-0.9979532363586869,-1.2416975682086098,-1.1169937933385516,-0.9830854665939747,-0.9223308922511192,-0.1916295312302808,-0.20711139779498602,-0.6543183440496418,-1.0129879475475077,0
0.72451144001895,-2.060387864969657,-0.4445202009343899,-0.13478617003801185,0,1,0,0,1,0,-0.48292280564470574,0.10168729736574346,-0.23379453409861076,-0.27462229055125054,0.35708231377937705,0.29043855996695617,-0.18901172201616806,-0.18266329288324876,-0.3264090694785621,-0.2797582137684112,-1.0552362010615994,0.41338594663887723,1.5932956519502657,-0.05269334285882502,-0.024750958443696666,-0.094884729830692,0.2875974671379611,-0.170346475647867,0.5274811195133241,0.040659774866796713,0.21017483320113195,0.2259161351728158,0.35086212991436694,0.6631120236558253,1.205548564372247,-0.040659774866796713,-0.5274811195133248,-0.11896988561082296,-0.10937746679115769,-0.2548937564358004,-0.26362076959722697,-0.135786898325702,-0.4660546508565234,0.6769975162545934,0.4557501964577793,-0.6043528672675491,0.5286263352973745,0.6552175733882943,1.2550424733328,1.2730457511749436,1.5145975939169787,1.2993599060593275,-0.7010026615289333,-0.7656567202776299,1.5850608941045057,1
0.6474106529472365,0.7740663918911503,1.7280720791585935,-0.4281154315628296,1,0,0,1,0,0,-0.596493238681898,0.47673678790635304,-0.5920036137852022,0.30923520981136965,0.05458267823874147,0.1276604189495535,1.1258062192769343,-0.19726870287791795,0.983465714688141,0.9776040627555118,0.7553893884942092,-0.11603918991069458,-0.8625048360848996,0.6515291045841073,-1.337728289628697,1.3069822320581082,1.0819617609639474,1.4902627921872338,0.7837886966584708,-0.9356157016516281,-0.9144607484994053,-1.069349348603929,-0.031039479942712105,-0.24782525776810083,0.4729083594875017,0.9356157016516281,-0.7837886966584715,0.4659329004628361,-1.3101654415944555,-0.4095531161914002,0.29196075167320634,0.7346953936826055,-0.9071245641463012,-0.9541866793037505,-1.3160312189511594,-0.10826409251941274,-1.0257092285706153,-1.2416975682086098,-1.235595606672119,-1.060883094792903,-1.0746389226366257,-0.3185222492974822,-0.28942660841731066,-0.7099875321636356,-1.198562864808365,1
-0.38059984134227254,0.0783367106616796,-0.15484123025532542,-0.8681093238500562,1,0,0,1,0,0,-0.5460174906653681,0.2877583624401544,-0.7327286093763631,0.8329131462119358,-0.5595850262298758,-0.4223865960268347,-0.1124193886335033,0.9497096411382062,-0.1795265449049315,-1.2214452542164702,-1.0059274217927423,-0.872649428620529,0.24578192620644634,0.01074930179104199,1.1345401539727993,-0.6510360114005096,-0.793877034083026,-0.23971809266038366,-0.8901438845537553,-0.30735587342307225,0.16706247218068207,-0.16694886681690552,-0.40880960472402506,0.862898859879868,1.0737168544546305,0.30735587342307225,0.8901438845537545,0.18740776423728422,1.391607501712964,0.7367456678795146,0.2531992501892221,-0.08458205761933026,1.518759958947476,-0.38327221085833024,0.012804842605544792,0.7598912632898273,-0.1375174777889068,-0.482931511569848,-1.0531312784666302,-1.0738493661593913,-0.7192535184037778,-0.0647368131630805,-0.7833178721512579,-0.9883334727336057,-0.8274130302866491,0
2.4978295426683537,0.7225308599482267,-0.15484123025532542,-0.4281154315628296,1,0,0,0,1,0,-0.81101516775215,4.128381439991668,-0.5024513438635544,0.10381458282551219,1.725931180924437,3.0947839509563306,0.8395701386274036,-0.8246085096137704,0.537183410510197,0.7094467436370849,1.386779044152607,-1.0600795504645062,-1.808673208040136,1.168306586960862,-1.1759148479107593,0.5470651327680868,1.2721079063017917,1.9449154015111794,-0.3979084468072301,-1.0511813190346222,-8.453920994738116e-5,-0.04620462235759,-0.18460001824656824,0.3029836431077921,0.09595066626876769,1.0511813190346222,0.39790844680722937,1.106540713781605,-1.0850176963188372,0.05442496307539909,0.33072225315718967,0.8541733553308051,0.41608517572303205,-1.4435419379712537,-1.482135726645747,1.069946747507413,-0.05424950115312168,-0.1035484832504671,-0.17730250308028428,-0.24400799870415715,-0.11002139686175369,-0.09645999267988113,0.7806711296729086,0.29205785388825667,-0.5799798072721716,1
2.4978295426683537,0.6452275620338409,-0.15484123025532542,1.7718540298733036,1,0,0,1,0,0,-0.81101516775215,4.128381439991668,-0.6175899766199587,0.47704360932094336,1.4706739894140342,2.8063446626150537,0.19675532607747534,0.5159558896064392,-0.8536718117803618,0.3588988743113332,0.1525873780413427,-0.5028910613471724,-0.20089358641931362,1.1877250027560688,-1.1280927510640197,0.46919207078936137,1.2623311206206662,1.7308505189287589,-0.27639264516917894,-0.41176056791003435,0.9131677577506174,-1.8382642043651964,1.6384907473112353,0.7668567057808455,1.4914675844480212,0.41176056791003435,0.27639264516917894,1.1900982546492709,-1.009968447893631,0.21818193222838655,0.4340862571144791,0.9565830367435462,0.41608517572303205,-1.3619827281933365,-1.4267675574142176,1.1939689411944467,0.6396503041450882,-1.772833807855743,-0.5513543759015367,0.31354167005482897,0.6176725260912207,-1.016432198667086,-1.277209135885205,-1.545025353873546,-0.20882997275045564,1
0.4932090788038099,-0.6173929705677911,-1.8929150543297122,-0.4281154315628296,1,0,0,1,0,0,0.07231042253712305,-0.4105896036672442,2.772603098985282,-0.7109241292761421,0.8920591114513321,0.23364508768890632,-0.22727820608746405,0.7108698553557059,-0.22666613831208912,-0.6789118521477272,-0.9806655846712911,-3.158012254352834,-1.0190244783186813,-1.3605085424977281,0.9177942353105216,0.9436981429611692,-1.657093521651524,-1.417832132386374,-1.8222623412420216,-2.4998544576492554,-1.0433682271509626,-0.056265068548429914,1.2581858282072231,-0.7259794575989164,-0.10932382952671643,2.4998544576492554,1.822262341242021,-1.3444804850032512,0.491016520610491,-0.8098479296764806,-0.25070026910256554,-0.8697229484503528,-1.3796994712424915,-0.30171300108041293,0.7325910426154264,-0.29429738304996345,-0.7481493064513315,0.5793409677244183,1.9757765697444807,2.491875259624819,1.93767545609894,0.5697267771729232,5.143377292656109,3.353863200157928,1.3994859768436472,0
2.317927706167689,-0.978141694168258,-1.6032360836506476,0.3052077222492148,1,0,0,1,0,0,-0.4703038686405733,0.03772536874641469,-0.054689994255315046,-0.3434815993155239,0.49941704699825085,0.294463294222881,-0.6925330902612489,1.8897799048022856,-0.3795594140239711,-0.19171040817070834,-0.3363793943462691,-1.142229804205748,-0.0791959919578513,-1.2437201294714113,1.7758644040820926,-0.3213918270397356,-0.3566864777469885,-0.3051335331490728,-0.29127919636700184,-1.2689780594871891,-0.2797263789276833,-0.8147602507476797,0.1959026430211153,-0.09469581229637845,0.13940618145871883,1.2689780594871891,0.2912791963670011,-1.1495128896453646,1.7668537438389946,0.22727954162577424,0.020630241285320403,-0.11871861809024475,0.41608517572303205,0.2692014673650073,0.4557501964577793,0.3258135853852078,-0.22078545442469194,-0.7105613285614767,0.23324223538206504,0.30057539868834077,0.24536400737109418,0.1890486229713212,0.9453015509175579,0.3477270420022505,-0.08511336124321738,0
0.8273124894479005,0.9029052217484598,0.27967722576327125,1.7718540298733036,0,1,0,1,0,0,-0.5586364276695006,0.30229516439909276,-0.68155588370685,0.65063850536533,-0.30883145883640506,-0.27034107969189813,-1.7418180771545455,-0.9138107793746306,0.8949202263954726,-1.0720113050083446,-0.37065647922890466,0.684933317015271,0.9813574011128635,-0.31942876392613584,-0.8282035823569499,0.42587676026892224,-0.22906303667831848,0.46019950011246413,1.0739346337076094,-0.13094794135889734,2.1028709796359877,0.42455780505026486,-0.795420856815584,1.221083126571744,0.9311668175513609,0.13094794135889734,-1.07393463370761,-0.03541234474315745,-0.4846237089171882,1.2916998411201945,1.3514417922354265,1.178470679804488,1.1722050270769362,1.5741488238116832,1.0648000580046022,1.4420133285685155,2.193985868013078,0.5793409677244183,0.48869229486974886,-0.02358138547386016,0.46536449570571364,1.1724671879921262,-0.5363722402842841,-0.6543183440496418,0.904619530814692,1
1.932423770809123,1.5213316050635446,-1.168717627632051,2.9451710759725747,1,0,0,1,0,0,-0.40720918361991093,-0.0640322449661538,-0.6943490651242283,0.6651047467023622,-0.6441749866255013,-0.5632522949842025,-2.7773538687605495,0.15191173938787242,-1.9729143194870757,-0.27204981816374635,-0.8522973317182462,0.42400767877675655,1.0935588070816813,-0.5551680186532907,-0.22635090266334956,-0.6879758828098632,1.0348626820934306,0.7578084278423689,0.9153149533513734,-0.329502323768793,3.307260819907815,-0.4352569950897514,2.005690553677071,1.3936738740375376,1.8478807076636004,0.329502323768793,-0.915314953351374,-0.5089050763265954,-0.18442671521636386,0.09991301006234013,-0.2765412700918884,0.13730558544161034,0.6996301199807459,-0.30171300108041293,-0.7069813574043363,-0.23228628620644656,2.887885673311288,-0.482931511569848,-0.2685346671830286,0.7673611678819103,1.345366449044194,-1.3653871733518879,-1.7711003996191523,-2.046048046899492,0.038603250264021984,1
-0.38059984134227254,0.026801178718756015,1.0038746524609323,0.3052077222492148,1,0,0,1,0,0,0.9934928238387936,-0.5925903641931524,0.20117363409225028,-0.445902587981712,-0.3785482831905143,-0.11114048023531749,0.074217234360599,-1.4406376230994513,0.5356543699348923,0.001640948300013989,0.32934811893623467,-0.046514025432870594,-0.2099564664158194,0.8203357855873908,-1.0918771425212,1.1496595869008677,0.3804481200620292,0.18838379612130998,-0.23432195700141584,0.16895808102739213,0.7164689802109832,0.8835017971513855,0.42303954385886483,0.37502902809286814,-0.24424857377731118,-0.16895808102739213,0.23432195700141514,0.7723105503109431,-1.009968447893631,0.03622974428062242,0.6278937645343975,0.76883195415352,-1.1591645145976028,-0.13859458152457876,-0.04256332662598434,0.20179139169817292,0.5286263352973745,0.6552175733882943,-0.378013264106322,-0.11434528503927678,0.04228663352375219,-1.1433249167342867,-0.20711139779498602,-0.15329565102369538,-0.5799798072721716,0
0.23620645523143258,-0.07626988516709207,-0.15484123025532542,0.3052077222492148,0,1,0,1,0,0,-0.028641073495936725,-0.3565127003799935,-0.7199354279589849,0.722969712050491,-1.1705180266124326,-0.8329094901311636,0.46858428659831713,0.28511408830475365,-0.3308556508805581,0.8556053212307899,0.7496035463392937,-0.4808552008881929,-1.3977970912903084,-0.532099285202856,-1.1395756545947306,1.2954052952658899,-0.2512561649308419,0.7906394626258086,0.416552302523086,-1.068960644785851,-1.183245193361291,-1.5329299082575778,1.754048151815432,-1.4050089020982093,-0.20261577302872577,1.068960644785851,-0.4165523025230867,-0.23037994010104354,-0.7848207026180125,1.5009448572601232,2.0749898199364556,1.8441336089873108,0.7941451013999841,-0.22015379130249568,-0.4301405112466897,1.3179911348814817,-0.9701972441467586,-1.2416975682086098,1.4010139358971918,2.2584823750280347,1.3622895635314727,0.28421816152172197,1.933084078385452,1.4054416161681371,0.7809029193074537,0
-1.305809286202831,1.547099371035007,1.7280720791585935,0.3052077222492148,1,0,0,1,0,0,-0.3062576875868511,-0.17160457946229762,-0.6687627022894718,0.6303857674934848,-0.6890749195677589,-0.6191513818720468,-0.5800622403590754,1.4231783403563343,-0.25959295360604145,-0.7258359248222102,-1.5543950988252104,-0.15365756530992125,1.8894677587707074,0.5885130358837856,1.9157261053987515,-0.8597272436925355,0.6086488781377133,-0.809630509214022,-0.4125770209418648,0.19961827368027837,1.3946259567173418,-0.03422457812743327,-0.5090707041368068,1.5840833161771262,1.230343146017122,-0.19961827368027837,0.4125770209418641,0.4102278732177254,1.5417059985633763,-0.4095531161914002,-0.7675202888890147,-0.5112890635057554,-0.6865896075014126,0.35076067714292497,0.6218547041523672,-0.29429738304996345,1.0004782029001573,-0.2553016945782196,-0.6790794056453779,-0.8145239388296306,-0.21156008378542468,-0.0012904541294803558,-1.6887851889968277,-1.823371294443516,-0.45626319576493324,0
0.2105061928741954,-0.2824120129387873,-1.6032360836506476,-2.041426369949327,1,0,0,1,0,0,0.7537330207602766,-0.5495614303946948,-0.46407179961141953,0.0060227913871744206,-0.9343985470179748,-0.427305715672965,-0.3097165316604425,0.09440929511415974,-1.2563151777644666,0.24973288451183828,-0.1746835047795701,-1.7895450202406615,-1.2468849169287417,-1.1002352313388044,-0.10338537518914677,-0.803564807735728,-0.3727732625663538,-0.5044357158016953,-1.4375436385994584,-1.0149876916124754,-0.6686737028672698,-0.23314891969362117,0.9099197985318405,-0.7070086016190437,-0.2653861845282199,1.0149876916124754,1.4375436385994576,-1.0938078624002545,-0.25947596364157,-0.50962681956267,-0.8192022908676594,-0.9038595089212672,0.1010352376589052,-1.1173050988595852,-0.6516131881728072,-0.29429738304996345,-0.6926373220274746,-0.3311783002420958,-0.3688900476960481,0.13201387092399572,-0.1607907403235886,-0.7626467625326843,1.2745623934068555,0.793080546914203,-0.5181215015185524,0
1.6240206225222695,0.6709953280053031,-0.4445202009343899,0.5985369837740325,1,0,0,1,0,0,0.097548296545388,-0.415822852372462,1.7363554041776421,-0.6611602590767514,0.6529944174298651,0.19116178165414466,-1.0111469602737218,-2.0341582046574334,-0.1489117416527818,-1.3626981172396124,-0.3362112202491506,-0.786956264561412,0.09733070944673942,-0.479102207189463,-1.0442803477358584,-1.1850334543191061,-0.9549964409067456,-0.6720819212674207,0.03622492998512883,-1.109241929690983,0.9273111819721706,1.7458088459278314,-0.9872769979878098,0.8939591191686445,-0.2190661333930783,1.109241929690983,-0.036224929985129536,-0.5646101035717058,-1.0850176963188372,-0.5733100853443877,-1.051771299771562,-1.3134982345722352,0.5736101447550955,0.4323198869208419,0.4557501964577793,-0.790386157798101,1.4168180860790833,2.476256109321323,1.5561086148718575,0.7025298110494701,1.0576735027604598,1.1724671879921262,2.0153992890077768,1.461110804282131,1.0901944480755505,1
-0.7404035143436003,2.01091915852132,-0.15484123025532542,0.3052077222492148,1,0,0,1,0,0,-0.5207796166571032,0.2179817130372503,0.17558727125749374,-0.43722284317949267,0.7625530935520369,0.5055382463113811,1.3304634870791172,-0.28434878875932823,0.6842308917331285,1.0862358096790032,1.5438035998138917,1.368256205619027,-1.0265222676151982,0.4779227922731068,0.7034255392915741,-0.3338514959093182,0.40741711149031024,0.5053209678787286,1.2234273880116,0.6527578856825103,-1.3725070430089905,1.0949538996525208,-1.2708551077430836,-1.0634466671567464,-1.5136727166411956,-0.6527578856825103,-1.223427388011601,0.8280155775560533,1.1664597564373458,1.2553094035306427,0.8604627734383002,1.0077878774499178,1.4557499713346498,0.6769975162545934,0.12354118106860354,1.3800022317249987,-1.3587811351137562,0.5793409677244183,-0.9436526815433369,-1.3720736075886157,-1.6161785862295364,-0.3502454288142823,-0.37174181903963527,-0.09762646290970158,-1.6315710050837011,1
-0.9717058755587404,-0.6173929705677911,0.27967722576327125,-0.4281154315628296,1,0,0,1,0,0,-0.0412600105000692,-0.3477906192046305,2.772603098985282,-0.7109241292761421,0.9799597770188371,0.28194189876000386,0.2660262465221276,-0.6027285893227458,-0.8082304094373196,0.41118701761157156,0.13912355229323914,-0.8827550797476613,-1.3515090839330919,-0.30175164306959523,-0.7652476496134751,-0.06356120066636067,-0.09510341557390004,-0.0652709186798701,0.9245237932415912,-2.120904085066952,-0.6714226579098614,0.06065560790947952,1.0410051687289412,-0.6497900521313689,-0.24459177982882133,2.120904085066952,-0.9245237932415918,-0.28608496734615396,-0.7097714541928067,0.018034525485845748,-0.018131260198663828,-0.05044549714841698,0.06953024385249205,0.5954383064766764,0.17890935030013266,-0.4183195767369984,-0.37806941029228636,0.5793409677244183,1.5652318312821314,1.9732244049652974,1.5145975939169787,0.30536694786625534,4.18303316872899,2.7971713190179877,0.7809029193074537,1
0.23620645523143258,0.8256019238340739,1.0038746524609323,0.3052077222492148,1,0,0,0,1,0,-0.19268725454965888,-0.28906193929051954,-0.579210432367824,0.30344871327655676,-0.564768337714831,-0.45682043354974683,0.46573004595823,1.4633859903530768,-0.6828117987748793,1.0115191238581231,-0.23105072403021168,-0.31731597112214893,-0.09318510764042001,0.24046595273803145,1.2228608175688307,-0.8541000623530755,0.8838309803290973,0.033147451400464135,0.4700615648931452,-0.8989824755158523,-0.40733821937932485,-0.7835080748637563,0.07513840968709194,-0.4901054077952758,0.33273929183605583,0.8989824755158523,-0.4700615648931459,0.32667033235006016,1.3165582532877582,0.391036510778763,-0.1344157646506147,0.22264698661889537,0.4790951633358572,0.5954383064766764,0.40038202722625016,0.2638024885416898,-0.10976148557697851,-0.4070549059059717,1.419260368717741,1.2471132084419672,0.9392117013495113,1.7434844192945298,1.6038232358961542,1.1827648637121608,1.4613442825972665,1
-0.35489957898503444,-0.07626988516709207,-2.327433510348309,0.3052077222492148,1,0,0,1,0,0,-0.5081606796529707,0.18309338833579825,-0.7199354279589849,0.722969712050491,-0.5775508200760066,-0.41791466907580715,0.35156156818626483,0.3363407054562872,-1.5864068261136652,0.9660513871296771,0.581429606606627,-0.8145025670166876,-1.3252844401732737,-0.8042667717225486,-0.902865783972741,-0.26860173092974066,0.182766970781656,0.662530333775074,0.08301123374971872,-1.1932138872518323,-1.2924688004393181,-1.3661092959059227,1.8987524405084408,-1.1238444999332775,-0.1090550447993396,1.1932138872518323,-0.08301123374971872,-0.9823978079100336,-1.1600669447440433,-1.492168634480596,-1.3747838121380926,-1.2452251136304073,-0.4660546508565234,-1.3619827281933365,-1.5375038958772762,-1.534519319920306,-1.1089772052064004,-1.0899443568808573,1.1911799584608802,2.1417859327296416,1.4130589069933075,-0.15990635171348128,1.6038232358961542,1.0157572993701793,0.40975308478573785,1
-1.5371116474179702,1.6244026689493918,1.7280720791585935,-0.4281154315628296,1,0,0,1,0,0,-0.7731583567397526,1.74143855833399,0.08603500133584588,-0.41118360877283466,1.7625115445826682,1.6570594362009743,0.9105259413385447,1.138515566452956,1.2376719236359517,1.0599762624886881,1.1100836670883365,0.4470214317421642,-1.5022361876136214,0.684710446973202,0.7562657746106466,0.4748129264480469,0.4422623009371736,0.7567066852688052,0.6152054390719316,-4.693472038239746e-4,-0.5819538751717032,-0.8050378938096969,-1.2147977815690008,-0.9934198196482676,-0.704386337474116,4.693472038232714e-4,-0.6152054390719323,0.8280155775560533,0.9413120111617277,0.5820863081239148,0.7570987694810098,0.9224464762726329,0.3530751881102058,-0.46483142063624716,-0.762349526635866,0.5118468759157585,-0.6926373220274746,-0.9381911455531051,-0.8068044353892204,-1.2424108939237355,-1.4807936703313085,0.37938770007212164,0.36909507656128593,0.4033962301162448,-1.0129879475475077,1
1.2385166871637046,-0.7462318004251005,-0.15484123025532542,-0.13478617003801185,1,0,0,1,0,0,-0.43244705762817587,-0.01751447869755106,-0.5408308881156891,0.21954451352176993,-0.1738023267573339,-0.18313850414686098,-0.837977775174692,-1.4052093826068257,0.8780529772228532,-0.2937611146432205,0.03372232663109962,-0.3618676380033764,0.466399890831105,-0.6106144208064197,-1.3412355010881427,0.7232504520498215,0.07456879106624179,0.4750853546574339,0.1590389773671773,-0.651277219968356,0.5551097604016934,0.5850736956382065,-0.4735308805101249,0.4707934507564958,0.4199877047578325,0.651277219968356,-0.15903897736717798,-0.5646101035717058,-1.2351161931692491,0.08171779126756346,0.44700675760914055,0.4616029099152932,-0.2140147004052217,0.18764225758709038,0.12354118106860354,0.3258135853852078,0.8339422496285867,0.9587239960437993,1.0360852794862145,0.5987996401175653,0.7699805564767266,1.2993599060593275,0.2044646553166367,-0.09762646290970158,1.3376276710900281,0
-0.9717058755587404,0.23294330649045036,0.27967722576327125,1.0385308760612593,1,0,0,1,0,0,-0.0412600105000692,-0.3477906192046305,-0.20820817126385424,-0.28503798431391375,-0.15039992589118947,-0.047191924835623573,-0.4627528203668073,-1.2111895681070972,0.2708905723845137,-0.7315783452576649,-0.20081004291439297,-0.044749282279440014,-0.23999312464529082,-0.35939064541118426,-0.6724865026543425,-0.23673314159590694,0.06639969487635701,0.30645087520476594,0.9454154897089528,-0.9986842558367333,0.28437016304864116,0.9887134772941325,-0.6082104641842682,1.05415594776012,0.5602525244687077,0.9986842558367333,-0.9454154897089535,-0.28608496734615396,-0.5596729573423944,0.28186519801010423,0.11107374474794844,0.13730558544161034,0.6681251261743327,0.2692014673650073,-0.1532996650890431,-0.17027518936292965,0.27882240539001907,0.9587239960437993,0.0872707728176734,-0.24400799870415715,0.17767154942198057,0.41111087958892223,0.6983559190505837,0.23638866577426285,-0.023255055489598248,1
1.932423770809123,-0.35971531085317227,-1.168717627632051,-2.334755631474145,1,0,0,1,0,0,-0.40720918361991093,-0.0640322449661538,-0.5280377066983108,0.18482553431289261,-0.18789203091048115,-0.19208235804891607,-0.0021767397607077017,0.24590971385263913,-0.03383958822579312,0.8587529083126947,0.19464923813157273,1.0207841487266518,0.5513747247833252,-0.6842940393802743,-0.608684681173583,-0.5356262356363688,0.8573309394060311,0.5627999923214587,0.9454154897089528,0.45457625868389784,-0.680711731733062,-0.9472857511390705,-0.4919928604797298,-0.31000509320207165,0.2964111096664331,-0.45457625868389784,-0.9454154897089535,-0.5924626171942612,-0.4846237089171882,0.33645085439443295,-0.0052107597040024186,0.3421249482670949,0.6681251261743327,0.2692014673650073,-0.1532996650890431,-0.17027518936292965,-0.859173275299045,-1.1658209625447336,-1.3268277707748632,-1.333174793489152,-1.3454087544330806,-0.15990635171348128,-1.277209135885205,-1.266679413303576,-1.198562864808365,1
-1.5371116474179702,1.547099371035007,1.7280720791585935,0.3052077222492148,1,0,0,1,0,0,-0.7731583567397526,1.74143855833399,-0.6687627022894718,0.6303857674934848,0.7118913981583822,0.8521125850160159,-0.2033510113380314,0.4631994827941328,0.5941328940791358,-1.1014561088384152,-0.6554392645329927,-0.13249277996958922,0.7143699613479917,0.8380216184434577,0.6884136604123341,0.4420865297292443,0.3682766943064599,0.491696105441682,0.3242026962602782,-0.5022446364654003,1.1201058584191723,0.053881865948441666,-0.367945242060455,1.8531730089691802,1.3321486907455464,0.5022446364654003,-0.3242026962602789,0.911573118423719,0.7912135143113154,0.381938901381374,0.5632912620610914,0.700558833211691,0.038025250046078915,-0.46483142063624716,-0.6516131881728072,0.139780294854656,0.9449662184763004,-0.02767187758659086,-0.22291858513165644,-0.37367071236903754,0.34690269429476517,0.12560226393772106,-1.3595243465075295,-1.6563637301015341,-0.023255055489598248,0
-0.9717058755587404,-0.7462318004251005,0.27967722576327125,-0.13478617003801185,1,0,0,1,0,0,-0.0412600105000692,-0.3477906192046305,-0.5408308881156891,0.21954451352176993,-0.619718498812824,-0.4371439549652256,-0.6085114542688709,-0.8099718767482318,-0.12284638764548955,-0.13755232570494036,0.0688126012718747,0.1595511664642819,0.261530856086716,-0.17953429649339447,-0.566325606076071,-0.4976497365156586,0.2936740608375577,0.3851685461043917,0.5516412599819246,-0.329502323768793,0.6667614363039597,0.5443792602063774,-0.3321548647508733,0.4770264895349423,0.286582366479445,0.329502323768793,-0.5516412599819253,-0.20252742647848845,-0.5596729573423944,-0.11842961547497735,-0.354064273059855,-0.22112829950298704,0.5106001571422693,-0.22015379130249568,-0.4855086804782194,-0.4803306735805153,0.8616982418405155,0.8069707847160468,0.7623887871779818,0.45617065508619664,0.6345956405784983,0.7917890337905242,-0.04248097655033679,-0.2089648391376897,0.9664778365683122,0
1.5469198354505571,1.9336158606069351,0.27967722576327125,-1.161438585374874,1,0,0,1,0,0,-0.6469689866984278,0.6308268886710996,-0.42569225535928473,-0.06110056841665506,0.5273750173084321,0.5323698080175464,1.2005722449253313,0.24657486460184438,0.03563803075467125,0.34857586316651606,0.20898670378611958,-0.9730146232505615,-1.1469583049219854,1.0650368453021777,-0.16128425399986382,-0.5946844716378129,1.4331539917011729,0.9785523316525463,-0.29127919636700184,-1.0381887348318,-0.605252664857957,-0.500002764994775,-0.6463189247669223,0.9501874626871333,0.6836729418542626,1.0381887348318,0.2912791963670011,0.8558680911786088,-0.25947596364157,-0.3458698504096825,-0.5866332819637576,-0.03337721691295973,0.19555021907814235,-1.6066603575270884,-1.7036084035718644,-0.29429738304996345,-0.5816133531797613,-0.482931511569848,-0.04957747333644305,-0.37367071236903754,0.008440404549195996,0.5380035976561225,0.2044646553166367,-0.26463402725168356,-0.332546584257695,1
-0.7404035143436003,1.547099371035007,-0.15484123025532542,0.3052077222492148,1,0,0,1,0,0,-0.5207796166571032,0.2179817130372503,-0.6687627022894718,0.6303857674934848,-0.34756481593456784,-0.3195322761532011,-0.6458855326046844,0.39339308724494043,0.07929892025312171,-0.9084286477160871,-0.4103210305432732,0.6124366284523056,0.5416059153301889,0.7569540915566811,0.36934113415285347,-0.31748634495249095,0.6116245921288115,0.6958863179850163,0.8518955842960956,-0.009609152108407288,1.6544591650493938,-0.1699465178221492,-0.4274474389264389,1.8337049719621812,1.212834981805374,0.009609152108406583,-0.8518955842960962,0.7723105503109431,0.41596727218528484,0.20908432283099887,0.007709740790658993,0.2567835470898098,0.6681251261743327,-0.5463906304141645,-0.9284540343304539,0.2638024885416898,1.2780381250194413,-0.3311783002420958,-0.5513543759015367,-0.671894953798262,0.025363519036474696,-0.15990635171348128,-1.6887851889968277,-1.8790404825575102,-0.5181215015185524,1
0.030604356373531493,2.474738946007635,0.27967722576327125,0.3052077222492148,1,0,0,0,1,0,0.11016723354952047,-0.4175672686075346,-0.438485436776663,-0.06110056841665506,-0.551732720508216,-0.27391862125272015,-0.6385337006800484,0.5027964653886906,0.4220502048126178,-0.8953038797219621,-1.073176246007995,-0.8284994244867182,0.46584405237271165,0.9052009321583582,0.9372435805784658,0.018172962012302292,0.14172459388213116,-0.8035856443216602,-0.6501878279857761,-0.4851260289008703,1.7923627601847094,0.24880611627092608,-0.5586946945158153,1.350029462580823,0.6106367032270167,0.4851260289008703,0.6501878279857761,0.7166055230658329,0.7161642658861095,-0.3367722410122935,-0.2765412700918884,-0.20406001926752979,-1.0961545269847772,-0.13859458152457876,0.17890935030013266,-0.5423417704240322,1.916425945893794,0.4275877563966659,0.5525548097416701,0.15794641365697218,0.7022880985276131,0.5380035976561225,0.4514102871836102,0.23638866577426285,0.7809029193074537,0
-1.6656129592041589,1.907848094635473,0.27967722576327125,0.3052077222492148,1,0,0,0,1,0,-0.3945902466157784,-0.07042843782808668,-0.3617263482723934,-0.13921827163662903,0.0599345545265514,0.05342643156249622,-0.1294804344162731,1.3170047282942883,-1.0260696935983584,-0.5988833176501618,-1.4761071675800728,0.8914132095319411,1.8862304484191004,-0.5586570862458039,1.281404149169248,-0.7020930975778308,-1.017603669639205,-1.4956489035565539,0.2567889334467663,0.9611011618955224,-0.3781578821620704,-0.5239477743800662,0.697135791221657,-0.19998565416187222,0.45880156174212466,-0.9611011618955224,-0.25678893344676695,-0.5367575899491508,1.1664597564373458,-0.03655113089848297,-0.39282577454383927,-0.7502449868021539,-0.11949971898598452,1.5741488238116832,1.5631135810883663,-0.4183195767369984,-0.47058938433204756,-0.6346847228976005,-0.5422311594912614,-0.127311556405765,-0.194636969298146,-0.4136917878478824,-0.9479482933959068,-0.6543183440496418,-0.08511336124321738,0
-1.4343105979890196,0.2587110724619126,0.27967722576327125,1.0385308760612593,1,0,0,1,0,0,-0.19268725454965888,-0.27568808148829627,-0.24658771551598904,-0.24453250857022354,-0.05120778008907436,-0.023043519300074828,-0.5802504001849076,-1.2532761305699651,1.353328678976192,-0.7177536432177959,0.41169294399636525,-0.5264745623966015,-1.1663696668493102,-0.6481867459032332,-0.3940932187986436,0.9649668090419978,0.17565386203764152,0.8231226303980783,0.1590389773671773,-0.8757814322965277,0.15919174716293588,1.325366885436862,-0.8803470588966625,1.1438142291549942,0.2683980505088947,0.8757814322965277,-0.15903897736717798,-0.5924626171942612,-0.3345252120667762,0.1272058382545045,0.6149732640397371,0.6664222727407777,-0.15100471279239655,-0.6279498401920818,-0.762349526635866,0.44983577907224165,0.11228645211844858,1.1863538130354276,-0.0951935553878152,-0.5292659687668935,-0.07617516788719629,0.1890486229713212,0.8629863402952329,0.45906541823023866,-0.2706882785040748,1
1.0843151130202777,1.6244026689493918,0.27967722576327125,-0.4281154315628296,1,0,0,1,0,0,0.2742134146032426,-0.45943325824927705,0.08603500133584588,-0.41118360877283466,-0.1253607925152621,-0.035564914762951955,1.104726107635821,1.3373934374701968,1.4052624259597155,0.7565367245202539,0.4912838956761827,0.09570458905991673,-0.36940514048272166,0.7953701309652743,1.2596376189873233,0.3985381610348713,0.13699273646114332,-0.07027087081888916,0.1590389773671773,-0.027203276549727037,-0.7414240813826769,-0.5737371496904986,-1.5205483958905552,-0.8861926547003404,-0.7072989537212881,0.027203276549727737,-0.15903897736717798,0.4659329004628361,0.7912135143113154,-0.7734574920869285,-0.4703487775118068,-0.3918111018575571,-1.033144539371952,0.18764225758709038,0.12354118106860354,-0.9144083514851348,-0.8036612908751883,-0.7105613285614767,-0.669956189235104,-1.2813097080232,-1.4807936703313085,0.664896315723324,0.5337254978059351,0.5704037944582268,-0.8892713360402683,1
-2.0511168945627247,2.397435648093248,-0.15484123025532542,-0.13478617003801185,0,1,0,1,0,0,-0.21792512855792381,-0.2524291983539949,0.20117363409225028,-0.4435879893677868,0.3356254550115329,0.14867847561938297,0.024102826683692992,-0.9526492474757969,0.6146274514951315,0.1952834941699713,0.9884848292713135,0.2949873062009563,-0.6236511599319176,0.3431302985122654,0.1405482587192046,0.18325095484206344,0.7586344073889033,1.2093144452196145,0.004530982273630621,0.3978337296906128,0.3093361840609411,1.4483391493313928,-0.6560667793737929,0.488433490156538,-0.10441850825202827,-0.3978337296906128,-0.00453098227363133,0.6887530094432773,0.5660657690356972,1.282602231722807,1.1963957862994923,1.5027680042781708,1.3927399837218248,-0.38327221085833024,-0.4301405112466897,1.6900577159425842,-0.026493508941193386,0.8069707847160468,-1.0622544948769042,-1.1905458084577836,-0.9561771212256767,-0.635754044465484,-0.7833178721512579,-0.7099875321636356,-1.0748462533011267,0
2.317927706167689,0.7225308599482267,-1.6032360836506476,-0.4281154315628296,1,0,0,0,1,0,-0.40720918361991093,-0.06693960535794147,-0.5024513438635544,0.10960107936032508,-0.13910844565658162,-0.13618327116107173,-0.5850030532206792,1.5094909407695436,-0.06956075347324353,-0.40070608989919887,-0.35744383895500853,-0.8539372736895059,-0.2621733225493442,-1.1002729658028578,2.0059931399715314,-0.48069190907724785,-0.39047521538192476,-0.48461249409703444,-0.12752713319093578,-1.0381887348318013,-0.28591879725268143,-0.06226379728460996,-0.38795713057468606,0.15413953659516955,-0.008435281518877206,1.0381887348318013,0.1275271331909351,-1.0102503215325889,1.9920014891146134,0.23637715102316323,-0.05689276168264715,-0.20406001926752979,0.41608517572303205,0.35076067714292497,0.4557501964577793,0.07776919801113909,-0.3040534310604773,-0.1035484832504671,-0.13168642102891215,-0.30883935553659736,-0.2284831982727022,0.12560226393772106,0.9453015509175579,0.45906541823023866,-0.5181215015185524,0
1.0329145883058024,0.33601437037629844,0.5693561964423357,0.3052077222492148,1,0,0,1,0,0,-0.29363875058271866,-0.19195610220481132,-0.3233468040202586,-0.1797237473803192,-0.02678956531675538,-0.008733353056786679,0.32493643392564736,0.10878988569509752,0.09713179996188422,0.047572639272451506,0.05661461843474096,-0.37865810485748946,0.18677462102251918,1.0184155426843235,0.8392554560709705,-0.4714023018551801,0.9457469083251167,0.13065931691044314,-0.09305301462755473,-0.4241556457943308,0.5657567894224294,0.6914301599404199,-0.6064962759822292,0.8735188785688439,0.05396161546979209,0.4241556457943308,0.09305301462755473,0.8280155775560533,0.641115017460903,-0.30947941282012914,-0.4961897785011287,-0.11871861809024475,-0.34003467563087314,0.2692014673650073,0.34501385799472056,-0.10826409251941274,0.5841383197212315,0.7310941790521709,0.21499580256151593,-0.1402778277722523,0.2115177783965368,0.12560226393772106,0.36909507656128593,0.18071947766026855,0.038603250264021984,1
2.3693282308821653,0.20717554051898904,0.5693561964423357,1.0385308760612593,1,0,0,1,0,0,0.5644489656982895,-0.5169989940066729,0.5337963509440852,-0.5037675533298408,-0.023268981690107958,-0.008286160361683923,-0.477174000717518,0.07114031550883654,0.6846876653293521,-0.3663827829240331,0.4953929189309966,1.2841254695161095,0.08335387003249889,0.019376939111811976,-0.2973727586537208,0.2290553024273833,0.3027550670354698,0.9196551580000571,1.0042885975848093,0.7553527801229527,0.6828832729498208,-0.39554381719861226,-0.7058124867474243,0.7951662446259948,0.25382920847821966,-0.7553527801229527,-1.00428859758481,0.15955525061472892,-0.10937746679115769,0.5911839175213025,0.6278937645343975,0.7346953936826055,0.8886600828192224,0.35076067714292497,-0.09793149585751397,0.6358690696027934,0.9449662184763004,-0.1035484832504671,0.9630995482040194,0.4043055696202447,0.7192112130148905,1.0455744699249259,-0.37174181903963527,-0.04195727479570725,1.0283361423219313,1
-0.2263982671988458,0.6709953280053031,-0.15484123025532542,-1.8947617391869185,1,0,0,1,0,0,0.13540510755778543,-0.4210561010776798,-0.3745195296897717,-0.10507794208123299,-0.47618798477929625,-0.24261513259552733,0.43724770031985377,0.482027471933384,-0.17557117339687672,-0.44616379588070326,-0.4509002521684567,0.7462354904119256,1.3106786490149551,-0.27576098382371617,0.0704147753290771,0.3644362105129265,-1.4062658091031257,-1.0995365164336723,0.32630001332558756,0.6941558255444424,-0.8835406969280364,-0.591057856530652,0.6062349211739895,-0.7916905998436538,-0.4872909897856898,-0.6941558255444424,-0.3263000133255883,-0.23037994010104354,0.11577027848446049,0.16359627584405784,0.33072225315718967,-0.27233314020935756,-0.2140147004052217,1.9819448727012692,1.9506907657090713,0.015758101167622184,-0.9979532363586869,-0.8623145398892288,-1.208225957441296,-0.7626588533636787,-0.9900233502002335,-1.206771275767887,-0.6186874509066087,-0.3759724034796717,-1.136704559054746,1
-1.305809286202831,1.3667250092347738,1.7280720791585935,-0.8681093238500562,1,0,0,1,0,0,-0.2810198135785862,-0.20940026455553734,-0.4001058925245282,-0.06978031321887439,-0.14339691136092045,-0.10711574597939269,0.06803726794971433,1.2137875278045882,-0.6802638600607289,0.24441372310818593,-0.32613167000716875,0.5805945610225121,0.5762933949581228,0.23030033467953323,2.1351721862079605,-0.7750701128616448,0.4057828112663389,-0.8407558672206326,-0.611077343275553,1.3979208031972914,0.13550590357090228,0.4730071497876405,0.15107276972800998,0.07218011784190634,-0.3968473208669612,-1.3979208031972914,0.6110773432755515,0.2152602778598393,1.9920014891146134,0.02713213488323473,-0.37990527404917784,-0.20406001926752979,-0.37153966943728567,0.4323198869208419,0.8433273810784847,0.139780294854656,0.05677446769459199,0.35171115073279,-0.22291858513165644,-0.11434528503927678,-0.07617516788719629,-0.7309235830158842,-0.7010026615289333,-0.09762646290970158,-0.20882997275045564,0
-1.305809286202831,0.928672987719922,0.27967722576327125,0.5985369837740325,1,0,0,0,1,0,-0.14221150653312897,-0.3001099087793127,-0.4512786181940413,-0.05705002084228604,-0.36782109593180923,-0.18671604570768302,0.32042336906233354,1.1199424721162128,-1.3971135114061228,0.7582688090069355,-0.16869118570517358,0.6150386741564144,0.6805595936489502,-0.3369047580024583,0.8293881204562303,-0.7711920766441238,0.45743852273821506,-0.10504996482567017,1.3799550954593118,-0.529783266025729,-0.7821877592191996,-0.706293378097816,1.1349273101248603,-0.5707840327833208,0.11674595889463708,0.529783266025729,-1.3799550954593125,-0.5646101035717058,0.26586877533487285,-1.1646546961746211,-1.3231018101594472,-1.1086788717467513,-0.5920746260821743,0.5138790966987595,-0.09793149585751397,-1.4104971262332722,-0.7203933142394032,-0.6346847228976005,0.11464042204849642,0.6895635396829819,0.39767203775660004,-0.3819686083310823,0.2044646553166367,-0.04195727479570725,0.2860364732784985,1
-0.38059984134227254,-0.9523739281967958,-0.15484123025532542,0.3052077222492148,1,0,0,1,0,0,-0.5586364276695006,0.31392460596624344,-0.2210013526812325,-0.2508976547585177,0.5291327677719437,0.43532899318024865,0.01396272720620466,1.0159469757693502,0.27131569809269035,-1.4123470533903026,-0.8334796094170652,-0.7634384880231027,0.5121052932874315,0.06526725195640086,1.4091415150908113,-0.5411039757594592,-0.9437816979439124,-0.4678962781171513,-1.4375436385994584,0.3844992353771891,0.04579875706356973,0.017227928082256018,-0.914654960192165,0.972151975975075,0.6267546657498847,-0.38449923537718983,1.4375436385994576,0.2152602778598393,1.6167552469885829,0.6275743551108558,0.22735824919990022,-0.1699234587966153,1.2037100208833493,-0.6279498401920818,0.012804842605544792,0.7598912632898273,0.0012624832707351544,-0.02767187758659086,-0.12256320461863823,-0.5681647828663581,-0.1777138548108673,0.664896315723324,-1.1125787146405561,-1.0996718489615938,-0.2706882785040748,1
1.2642169495209417,1.907848094635473,2.452269505856255,0.3052077222492148,1,0,0,0,1,0,-0.6343500496942954,0.619197447103949,-0.3617263482723934,-0.13921827163662903,0.5752071473369751,0.5837969679543632,2.077564842801719,0.11484247491942581,0.067986252899691485,1.534010691478501,1.5039491360213382,1.699610333564254,-1.1182591805819915,2.6438496337612207,-0.3233171096001667,1.0741270216306384,1.9009452963761257,2.3178759120096593,0.6912331826893887,1.6325091290815754,-0.24720108492732937,-0.48151688373001855,0.9864545830568914,-0.1874046623732041,0.30774715594969515,-1.6325091290815745,-0.6912331826893894,2.8612490720025816,-0.10937746679115769,0.6821600114951846,1.183475285804831,2.0318846915773383,0.16404522527173035,-1.5251011477491712,-1.8697129112664523,1.6900577159425842,-0.38732140769626244,-0.6346847228976005,-0.6790794056453779,-0.11434528503927678,-0.1777138548108673,-0.8895394805998851,-1.3595243465075295,-0.8769950965056176,-0.332546584257695,0
1.0843151130202777,0.7740663918911503,0.27967722576327125,-0.4281154315628296,1,0,0,1,0,0,0.2742134146032426,-0.45943325824927705,-0.5664172509504457,0.30923520981136965,-0.8946043078893083,-0.5923198201658815,1.0760211366150272,1.5810342489940044,0.430356136532069,0.04016653157343599,-0.5664374087536035,-0.24153947594693134,0.8367135006061944,0.6196709809633886,1.2536195969370245,0.45116134834359145,0.1280766410735058,-0.0670050290645949,0.3871222082195544,-0.7133741297612556,-0.8770656409037396,-0.9141705320583382,-0.13493761040451088,0.07273621205830615,0.6709790037874345,0.7133741297612556,-0.3871222082195551,0.27096530510494976,0.7161642658861095,-0.9190192424451392,-0.5737127814690962,-0.4942207832702994,-1.1591645145976028,0.18764225758709038,0.012804842605544792,-1.0384305451721696,-1.0257092285706153,-1.1658209625447336,-1.4454295841084306,-1.2813097080232,-1.176177609560296,-0.44541496736468245,-0.7010026615289333,-1.0440026608476,-1.2604211705619852,0
1.5469198354505571,-0.3339475448817109,2.8867879618748513,-2.334755631474145,1,0,0,1,0,0,-0.6595879237025604,0.6395489698464626,-0.5408308881156891,0.18482553431289261,0.37038129452519264,0.34902080302541705,2.8798343869485166,0.30189709243330454,1.971843208914054,1.015724974984535,1.0201263150146078,0.8477611287586101,-0.7006414897820691,3.2463543374362347,-0.39912165580596715,2.0831130600750494,1.0691287259750717,1.4121056280639113,0.49320743187182114,0.6670879417885637,-0.7607608146538303,-0.8141945468926881,-0.6022479930062795,-0.31204916865370874,0.05243213055580167,-0.6670879417885637,-0.4932074318718218,2.9448066128702477,-0.40957446049198204,-0.12752722487236504,0.9509062769009282,1.4003583228654286,-1.537224440274555,-1.1988643086375024,-1.482135726645747,0.015758101167622184,-0.8869292675109735,-1.0140677512169813,-1.1078705769282764,-1.2035120798242718,-1.2269469530221315,-0.09645999267988113,-1.1125787146405561,-0.9883334727336057,-1.0129879475475077,1
0.5189093411610479,0.6709953280053031,-0.15484123025532542,1.7718540298733036,1,0,0,1,0,0,-0.10435469552073157,-0.3373241217941949,-0.6431763394547153,0.598560036552014,-0.8191572327663378,-0.7220057017456804,-0.8619929936475756,1.2008300728388719,-1.2394723494326363,0.09511403968825242,-0.388094173359063,-0.3116411386529488,0.4141992922495456,-0.5922634645173115,-0.0546730280866885,-0.19277131950105808,0.4348022419897902,0.2339801478833869,0.1359000988749071,-0.5598254073642694,0.6068395655848284,-1.7029471999140704,1.5006836389405325,0.30264952888355134,0.7329775065209853,0.5598254073642694,-0.1359000988749078,-0.5089050763265954,0.04072103005925432,0.30006041680488094,0.14983524623193267,0.32505666803163763,0.29006520049738066,0.02452383803125581,-0.04256332662598434,0.3258135853852078,0.4731143508735179,-1.6210805965279906,-0.25028823436248077,0.533968283285125,0.6345956405784983,-1.0481553781838862,-0.5363722402842841,-0.8213259083916238,-0.20882997275045564,0
1.0329145883058024,-1.5450325455404195,0.5693561964423357,1.7718540298733036,1,0,0,1,0,0,-0.29363875058271866,-0.19195610220481132,-0.8094876978806327,1.735606605642746,-1.574646185705805,-1.4889411738469045,0.013090937158863784,-0.37753671756334956,-0.6808149269120588,0.46278778245156704,0.001112709048249724,-0.17728828057566617,0.2767272694478281,0.7875535597837765,0.5215449145830452,-0.47493391342854313,0.9128536396859944,0.1372061347481163,-0.05671543019588151,-0.18555039652161812,0.7687109706872663,1.0406532393360113,0.45343403198016424,0.27997360546223043,0.13250850931558542,0.18555039652161812,0.056715430195880795,0.605195468575612,0.340918023760079,-0.3549674598070702,-0.5349512799851129,-0.1699234587966153,-0.34003467563087314,0.18764225758709038,0.2342775195316623,-0.17027518936292965,0.5841383197212315,0.8069707847160468,-0.350643614875499,-0.07544647093981212,0.04228663352375219,-0.7309235830158842,-0.20711139779498602,-0.32030321536567735,-0.5799798072721716,1
-0.04649643069818187,2.371667882121788,0.27967722576327125,0.5985369837740325,1,0,0,1,0,0,-0.6974447347149578,0.7238624212083051,0.5593827137788417,-0.5118686484785789,1.5103964934412935,0.9522837487190331,-1.0510004716338912,-0.749034255083376,1.2073092133039234,-1.5295517500919185,-1.4746008039685896,-0.21708960054200835,1.487872852385053,-1.3074829311371232,-1.3762560390434955,1.7255711256965172,-1.535405457824907,-0.8087593375089472,0.7755411756117203,-1.0652566185876786,0.15502020080435877,-0.3506300657483425,0.08360042819551111,0.5438439668602092,1.1274571843111243,1.0652566185876786,-0.775541175611721,-1.1216603760228097,-1.0850176963188372,1.2644070129280303,2.113751321420439,1.195538960039945,-0.34003467563087314,2.063504082479186,1.7292180887829538,0.2638024885416898,0.41760236644966076,-0.02767187758659086,1.0634549287170376,0.9488889670127426,1.142289075196852,1.4579758036433286,0.6160407084282594,0.1250502895462747,1.2139110595827887,0
0.8273124894479005,1.3667250092347738,0.27967722576327125,-0.8681093238500562,0,1,0,1,0,0,-0.5333985536612357,0.2761289208730037,-0.4001058925245282,-0.06978031321887439,0.2556084424433621,0.2662901544314074,-0.34344181471210905,-0.7768153150730757,0.028287933768635264,-0.8527014097583386,-0.05377323398908725,1.3589263747107962,0.791397478056695,-0.4509204341520358,-0.9053818065624705,0.21829226604200497,-0.6691433612825768,0.14180570472799148,1.1921218465220598,0.6710815639820534,0.02700981888662353,0.15921178021169555,0.18069212223321754,0.488433490156538,0.2083535082078346,-0.6710815639820534,-1.1921218465220604,-0.03541234474315745,-0.40957446049198204,2.0377038117060278,1.8682618120218755,1.434494883336343,1.9913348660436665,2.3897409215908554,1.784586258014483,1.814079909629618,-0.10976148557697851,-0.02767187758659086,-0.49661507743988936,-0.3347718982695729,-0.1269445113490324,-0.667477223982284,-0.7010026615289333,-0.48731077970765985,-0.3944048900113141,0
1.2642169495209417,-1.3131226517972627,-0.15484123025532542,0.3052077222492148,0,1,0,1,0,0,-0.8236341047562825,5.268066713572434,-0.15703544559434116,-0.2960323277300582,2.6266359217706348,4.280291785673733,-0.09853027690815801,-1.5536309856911923,1.8703488703260482,0.16516167321255815,1.7925577615540143,0.7576277390062942,-1.7166365602453784,-0.6422987890821336,-1.0080846576586242,2.0290047702398484,0.7039680272765038,2.3691939213572653,2.9167725867640923,-1.8595056647958936,-0.5047686335414123,1.1225302052633002,-0.5178754451768042,0.4749198802262792,-0.017356144240804422,1.8595056647958936,-2.9167725867640932,-0.7317251853070371,-1.0850176963188372,-0.7279694450999874,0.33072225315718967,0.615217432034406,-0.6865896075014126,-0.46483142063624716,-1.4267675574142176,-0.29429738304996345,-0.6926373220274746,0.5034643620605421,-1.1534866589796486,-1.2035120798242718,-0.9731002357129547,-0.7309235830158842,0.8629863402952329,0.013711913318286572,-1.5078543935764617,1
-0.7404035143436003,-0.3854830768246345,-0.15484123025532542,-0.13478617003801185,1,0,0,1,0,0,-0.6091121756860305,0.48255150868992835,-0.579210432367824,0.31502170634618254,0.12079695862464888,0.1276604189495535,0.376077694088662,-0.5733582180925846,0.16904797874046007,0.8591033041320579,0.6176908562822432,1.5718384473685807,-0.41703983275401535,0.7593743259547829,0.405611730305065,-0.12669845594089793,0.7450719547596355,0.7497447878925617,1.116988546947158,1.0359845289758263,0.23581269068284888,1.1932850752759796,-0.35841397954711063,-0.42179254288578766,-0.07104850577771607,-1.0359845289758263,-1.1169885469471588,0.605195468575612,0.26586877533487285,-0.2821865846279648,-0.3023822710812103,7.593435579547688e-4,0.06953024385249205,-0.6279498401920818,-1.0945585420250417,-0.35630847989348147,0.4731143508735179,1.5657368413548085,0.9539763317937442,0.5987996401175653,0.38074892326932136,1.2993599060593275,-0.4540570296619595,0.013711913318286572,0.9664778365683122,0
1.9067235084518848,-0.6173929705677911,0.27967722576327125,-0.13478617003801185,0,1,0,1,0,0,-0.34411449859924853,-0.14253097554442093,-0.7839013350458762,1.4665345167739468,-1.2434645926917873,-1.2429851915403893,-0.09778972067019862,0.07398903905407127,0.46889763808079027,-0.3231800305298429,-0.0765051569426556,-2.3069922516665766,-0.6889862164622842,-0.2980857918716306,0.025324278927993146,1.140427224391778,0.16920576582709126,0.5387372547764621,-1.2010128806784757,-1.9553123256192222,-0.1618648239427303,-0.07618297139634843,0.5050205987111888,0.6043769123558234,0.6254325235302086,1.9553123256192222,1.201012880678475,-0.3696425082138195,-0.10937746679115769,-0.3913578973966235,0.22735824919990022,0.2909201075607231,-0.9071245641463012,-1.1988643086375024,-0.8730858650989243,-0.046252995675895824,0.25106641317809053,0.5034643620605421,1.811558674359541,1.8565279626669051,2.0561372575098895,0.886958572340925,1.8507688677631275,0.848749735028197,1.5850608941045057,1
0.7759119647334253,0.6452275620338409,-0.4445202009343899,1.7718540298733036,1,0,0,1,0,0,-0.5460174906653681,0.30810988518266813,-0.7966945164632545,1.6111969301442688,-1.0158679819448961,-1.0082090266114432,-1.636364450948031,-0.7168341048488025,-0.19889894295557095,-0.9561513050564582,0.004227207107217159,-0.14659193091649173,-0.4789510225390003,-0.8906959287795133,-0.8626994096857648,-0.3725839157732175,0.05554037944017739,0.7410008472107633,0.7837886966584708,-0.9772859963810728,1.385431725284132,0.11964397499985664,-0.10250938532192676,1.346771616911223,0.7179475269181352,0.9772859963810728,-0.7837886966584715,-1.0659553487776992,-1.1600669447440433,-1.6286327754414192,-1.5298298180740268,-1.4329761962204342,-0.37153966943728567,-0.9541866793037505,-1.3160312189511594,-1.534519319920306,1.1115021717478706,-0.02767187758659086,-0.39625969692687113,-0.38663698373552574,0.1438253204474232,-0.4771381468814831,0.12214944469431245,-0.32030321536567735,-0.5181215015185524,0
0.08200488108800677,2.397435648093248,-0.8790386569529866,-0.13478617003801185,1,0,0,1,0,0,-0.7100636717190902,0.9128408466745037,0.20117363409225028,-0.4435879893677868,1.3817826883586657,1.0448526366053033,-0.3129431742870503,-1.148830800765912,-0.054470872325901934,0.12247298236443549,1.0495589855304768,-0.12059505992934194,-0.5212628785865642,-0.1771465423915868,-0.40399389393097834,-0.5849090278667317,0.996175952069303,1.55234203842453,-0.3471945350124867,0.17986603418274572,0.25815236382402507,1.172094113472632,-0.5133136573399231,0.8223379237562229,0.15108177730636305,-0.17986603418274572,0.347194535012486,-0.5089050763265954,-0.7848207026180125,-1.4739734156858193,-1.4910683165900436,-1.1086788717467513,0.006520256239666901,-1.5251011477491712,-1.592872065108806,-1.0384305451721696,-0.026493508941193386,0.6552175733882943,-0.9162830323125138,-1.0090180093269512,-0.6684841749419423,-0.635754044465484,-0.9479482933959068,-0.9883334727336057,-1.0129879475475077,0
-0.020796168340944693,1.547099371035007,0.27967722576327125,2.9451710759725747,1,0,0,1,0,0,-0.7353015457273552,1.3053344995658394,-0.68155588370685,0.6390655122957042,0.35708231377937705,0.5100101732624086,-1.4672340141798255,0.7220993266425787,-0.7045782669316011,-0.22977761518940104,-0.3063803918315159,-0.23029488361549985,0.7074746927019313,0.9098325941081946,0.667070992351479,1.075713072849755,0.6329505423983446,0.9206372535413487,0.4025854781078499,-0.7133741297612541,2.9493186209555606,-0.32284691111903213,2.044169991247902,0.9380376571640682,1.2971326052376748,0.7133741297612541,-0.40258547810785056,0.8001630639334981,0.5660657690356972,-0.11842961547497735,0.44700675760914055,0.700558833211691,-0.6865896075014126,-0.38327221085833024,-0.5962450189412776,-0.10826409251941274,2.9989096421590014,-0.17942508891434333,0.4339529964081015,1.4805060930387524,1.8530598836625478,-1.175048096251087,-1.0302635040182315,-1.378017789531564,0.34789477903211874,0
1.3670179989498932,1.2636539453489257,-0.8790386569529866,-0.13478617003801185,1,0,0,0,1,0,-0.38197130961164594,-0.0727543261415168,-0.8478672421327675,5.245116754006762,-2.370248636851212,-4.109490367149046,0.45702456627948185,1.0486718153027632,-1.2566252571446848,-0.11812299473959102,-1.4488490658293125,-2.3798317434032326,0.7763998453911508,-0.040368137034138836,0.3289825846606781,0.1902295333395333,0.337203873566111,0.17740261044595657,-0.46991781074089073,-2.779747893933448,-0.675839151504361,-1.1097674455857847,1.9090111590520678,0.49394213403936155,2.0567738648431426,2.779747893933448,0.46991781074089,-0.11896988561082296,0.19081952690966666,-0.30038180342274146,-0.1602567656399366,-0.01630893667750248,-0.4660546508565234,-0.38327221085833024,-0.2086678343205727,-0.17027518936292965,-0.7481493064513315,-1.1658209625447336,-0.669956189235104,0.3265079414213163,0.5161338391675497,-0.6040308649486834,-0.28942660841731066,-1.266679413303576,-0.332546584257695,0
-0.38059984134227254,1.907848094635473,-0.15484123025532542,0.3052077222492148,1,0,0,0,1,0,-0.5586364276695006,0.31392460596624344,-0.3617263482723934,-0.13921827163662903,0.3655763304362131,0.34902080302541705,0.38261098273493316,0.9746817151265483,-1.416999683163265,-0.36259107218406406,-0.5383328977752356,-0.35230096061582844,0.1559237018283472,0.2780652250001495,1.1129605302046386,-0.34023115238072166,-0.18587045862223994,0.07144900811885929,-1.0504933074560319,0.5613699807042828,-0.254190388799391,-0.22284181542972809,1.5951865402791947,0.30553118103726634,0.7696151824879307,-0.5613699807042828,1.0504933074560312,0.5216379277079463,1.4666567501381707,0.9459906840194431,0.6020527635450756,0.4957394703862077,1.2352150146897614,-0.6279498401920818,-0.2086678343205727,0.9459245538203791,-0.38732140769626244,-0.4070549059059717,-0.6517097564145549,0.19684522775643593,0.31305646532020776,-1.3336639938350878,-1.0302635040182315,-0.9326642846196119,-0.332546584257695,1
2.3950284932394013,-0.3854830768246345,-0.15484123025532542,-0.13478617003801185,1,0,0,1,0,0,0.21111872958258027,-0.44838528876048395,-0.579210432367824,0.31502170634618254,-0.8853591711420675,-0.5882950859099567,0.28347626200022646,-0.4821711131535369,0.03717489981201398,0.5964944944157977,-0.18852484411260023,0.0993210359544816,0.1401272374879741,0.6610078447228731,0.801748281093429,-0.14180876327702704,0.9664521051240533,0.05581427323273832,-0.2645441656443792,0.3978337296906128,0.26629060714058295,1.4649688124503453,-0.1933234645179551,0.15249178447156342,0.2995833049774843,-0.3978337296906128,0.2645441656443785,0.29881781872750485,0.340918023760079,-0.9372144612399159,-0.8579637923516437,-0.47715250303484213,-1.1276595207911904,-1.1173050988595852,-1.149926711256571,-1.1624527388592034,0.3898463742377325,1.6416134470186852,0.5434315933313949,0.35244048415429274,0.39767203775660004,0.7600658542737248,-0.7833178721512579,-0.7099875321636356,0.40975308478573785,0
1.5469198354505571,-0.23087648099586283,2.8867879618748513,-0.13478617003801185,1,0,0,1,0,0,-0.6595879237025604,0.6395489698464626,0.12441454558798068,-0.41639145565416624,1.110896751962668,0.813654013237179,2.1491868876087024,-0.03346595844149932,1.0617336763081229,1.086716641060277,1.0406147128222991,0.8752359524364036,-0.9064717681863739,2.9859535028122095,-0.14780833751872727,2.2414346611051625,0.8925708065492052,1.2451515242792561,1.0713719007766844,0.13114384342216406,-0.004967126636507985,-0.10213806955400352,0.8010001674741167,-0.5830261401237243,-0.13720197739937717,-0.13114384342216406,-1.071371900776685,3.306889289963465,0.11577027848446049,0.8368193712507843,1.9974668169684888,2.373250296286478,-1.222174502210428,-0.30171300108041293,-0.762349526635866,0.6978801664463103,-0.1375174777889068,-0.2553016945782196,-0.49661507743988936,-0.03654765684034838,-0.2623294272472596,-0.7309235830158842,-0.04248097655033679,0.013711913318286572,-0.332546584257695,0
-0.2263982671988458,-0.3854830768246345,-0.15484123025532542,-0.13478617003801185,1,0,0,1,0,0,0.13540510755778543,-0.4210561010776798,-0.579210432367824,0.31502170634618254,-0.8359652222306702,-0.5672770292401272,-0.18394390513169737,-1.1044393939543304,0.7707287473324357,-0.3779781505738704,-0.1359676954871477,0.1829136571658652,0.3954681815482991,0.06579353881024155,-0.41583966946077305,1.0551004838258107,-0.1605682975124651,0.4259869221901415,0.21054164239835904,0.040659774866796713,0.321518606534324,1.0992986766073336,0.006662215572867769,0.35140732108699146,0.5926579811742714,-0.040659774866796713,-0.21054164239835974,-0.03541234474315745,-0.4846237089171882,-0.3458698504096825,0.22735824919990022,0.15437386567706757,-0.655084613695,-0.30171300108041293,-0.4301405112466897,-0.17027518936292965,0.3898463742377325,1.1863538130354276,0.3518440487156324,0.30057539868834077,0.43151826673115745,0.5697267771729232,-0.7010026615289333,-0.7656567202776299,0.2860364732784985,0
-1.6656129592041589,-1.3131226517972627,0.27967722576327125,0.3052077222492148,1,0,0,1,0,0,-0.3945902466157784,-0.07042843782808668,-0.15703544559434116,-0.2960323277300582,0.2862315061001328,0.17461565193534273,0.04318275045467439,0.27996568524278725,-0.37283317736889604,-0.37618827407185496,-0.5737206148321593,-0.882877789043028,0.3208854437077267,-0.5054626097521187,1.3379516145425343,-0.7881218877341155,-0.6453400871781859,-1.287240300161247,0.34468811875864686,-1.5459974836040618,-0.5650989496719787,0.9560688670276365,-0.28231104753902364,-0.13170209495204432,-0.5108747143099982,1.5459974836040618,-0.3446881187586476,-0.5924626171942612,0.9413120111617277,-0.600602913536552,-0.8838047933409655,-1.05747403104038,-0.49755964466293656,1.0032343553662626,0.8986955503100138,-0.9764194483286528,-0.7481493064513315,0.35171115073279,-1.1991027410310207,-1.1386807229918314,-1.1084851516111824,-0.9847090191502859,0.7806711296729086,0.06938110143228039,-1.6934293108373202,0
-1.4343105979890196,-1.6738713753977288,0.27967722576327125,0.3052077222492148,1,0,0,1,0,0,-0.19268725454965888,-0.27568808148829627,-0.4128990739419065,-0.06746571460494924,-0.2591265618051687,-0.15988448400151775,0.2987809216466647,-1.4452505304490093,1.629477382876421,0.9421889788949194,1.8117183250181275,-0.20765456195893453,-2.341725465758252,-0.44996366504009216,-0.5637783185948081,1.2192320371928747,0.08972335925659262,0.7754485961112969,0.1590389773671773,-0.440948977121442,-0.8650605370316645,1.4188709660193453,-1.0023395551181107,-1.183868378359437,-1.5982479278964659,0.440948977121442,-0.15903897736717798,-0.45320004908148526,-0.5596729573423944,-0.12752722487236504,0.5116092600824467,0.529876030857121,-0.5290646384693491,-0.6279498401920818,-0.762349526635866,0.139780294854656,-0.9146852597229018,0.9587239960437993,-0.7155722712864762,-1.0738493661593913,-1.396178097894916,-0.3819686083310823,1.439192814651505,1.2941032399401495,-1.2604211705619852,0
-2.0511168945627247,-1.6738713753977288,-0.15484123025532542,0.3052077222492148,0,1,0,1,0,0,-0.21792512855792381,-0.2524291983539949,-0.4128990739419065,-0.06746571460494924,-0.23279196385273812,-0.14199677619740755,0.8003101391981413,-0.6642786114959708,0.6649574230202226,1.0064494652820637,1.616954310153327,-0.5581240684641459,-1.741159336786682,0.46575446049354996,0.11035171964132333,-0.03888957090262013,0.8328084916456286,1.2606656778796956,-0.16027754582615011,-0.6022533438160685,-0.6474743611561439,1.0222911715617127,-0.9480993417353923,-0.5338496525068389,-0.8713251293117411,0.6022533438160685,0.16027754582614942,0.7166055230658329,0.41596727218528484,0.9368930746220554,0.7700192699756713,1.1101975588626602,1.3612349899154128,-0.5463906304141645,-0.5408768497097485,1.4420133285685155,-0.7759052986632599,0.5034643620605421,-0.9801455471844351,-1.2553771652902237,-1.3454087544330806,-0.3819686083310823,0.6160407084282594,0.3477270420022505,-1.3841377820692236,0
-1.6656129592041589,-1.3131226517972627,0.27967722576327125,0.3052077222492148,1,0,0,1,0,0,-0.3945902466157784,-0.07042843782808668,-0.15703544559434116,-0.2960323277300582,0.2862315061001328,0.17461565193534273,-0.05398172282635835,-0.022339250874376985,-0.38093649591258233,-0.47434735199746386,-0.14140330398959103,-0.7979107379157454,-0.38642143874631135,-0.8564543867723464,1.159791392861735,-0.39121810800581763,-0.6556915198527133,-0.7113560296763176,0.8018189915875111,-1.8834893938105675,-0.7806962323178235,1.1925148800419008,0.12761648174531576,-0.009359816815464186,-0.5106694882125135,1.883489393810568,-0.8018189915875119,-0.8709877534198129,0.8662627627365218,-0.43684594438356456,-0.5607922809744348,-0.767313267037611,-0.18250970659880966,0.758556726032511,0.40038202722625016,-0.9764194483286528,-0.8314172830871166,0.8069707847160468,-0.6334633235940058,-0.47740088330094144,-0.44848368660732285,-1.016432198667086,1.6861384465184783,0.7374113588002092,-1.136704559054746,0
-2.0511168945627247,-1.3131226517972627,-0.15484123025532542,0.3052077222492148,0,1,0,1,0,0,-0.21792512855792381,-0.2524291983539949,-0.15703544559434116,-0.2960323277300582,0.06473951861553087,0.034644338368180524,1.266245316030928,-0.5530601536262912,-0.1489640335495281,0.9074412938240715,1.4679232444822443,-1.5548875732008114,-2.256690110849357,0.664824802595603,0.15238769384280984,-0.1443820997017448,0.9058908760718704,1.21654255711537,-0.5566704711695901,-1.5685822038710444,-1.0964598264078464,0.9117510639342058,0.05854873814323059,-0.3276287589614835,-0.720655084556842,1.5685822038710444,0.5566704711695893,0.8837206048011639,0.41596727218528484,0.8095265430586199,0.6020527635450756,0.9736513169790033,1.2667200084961745,-0.7910682597479163,-0.6516131881728072,1.2559800380379649,-1.192245181842186,0.19995793940503753,-1.4636760169289798,-1.21647835119076,-1.2438700675094103,-1.4605567119022886,1.2745623934068555,0.514734606344233,-1.8790042280981787,0
-1.2287084991311177,-2.060387864969657,0.714195681781868,-0.13478617003801185,0,1,0,0,1,0,2.873714437454532,-0.72051422143181,-0.23379453409861076,-0.24858305614459256,-1.1907743066096708,-0.3620155821879628,-0.9780201839163807,-0.33869510703647343,-0.18812725560389504,-0.7934688841865455,-0.9018554126859284,2.069053875551151,2.3672869997488704,-0.5736205101477161,-0.30434834408448286,-0.538960838036882,-0.11345771703538463,-0.1386256982343758,2.626484838406524,0.21702702713573208,0.7868060184114458,0.15998017374279677,-0.2844274043310975,0.9594225421377436,1.0371151927076894,-0.21702702713573208,-2.6264848384065247,-0.48105256270404034,-0.18442671521636386,0.35464607318920965,0.007709740790658993,-0.03337721691295973,0.6996301199807459,3.857806697593365,2.227531611866718,0.139780294854656,1.0004782029001573,0.4275877563966659,0.8080048692293539,0.5210020119186368,0.9053654723749538,1.2041903675089267,-0.6186874509066087,-0.5986491559356475,1.0901944480755505,0
-1.305809286202831,-1.235819353882877,0.27967722576327125,0.7452016145364414,1,0,0,0,1,0,-0.14221150653312897,-0.3001099087793127,2.9005349131590643,-0.7143960271970299,1.0921348588897348,0.3212948559290462,-0.07214774399360893,1.3480620871014288,0.1144620830678904,0.08246410037932905,-0.29160019237193824,-0.009971547002557892,-0.5179671184574218,-1.3058958424632539,0.9266820666792559,0.16003911085667397,-0.30418611748036967,-0.6685885856859574,1.479669042426001,-1.4811177417461807,-1.2045125445939915,-0.9219277692464105,0.004350370241657365,-0.4130294265386661,-0.27365209222889014,1.4811177417461807,-1.4796690424260017,-1.3444804850032512,0.26586877533487285,-1.3375092747249961,-1.0646918002662225,-1.1086788717467513,-1.411204465048904,1.3294711944779316,0.6218547041523672,-1.7825637072943747,-1.1644891896302574,-0.9381911455531051,-0.350643614875499,-0.2958730841701091,-0.4315605721200442,-0.2233527107470814,3.0854970270979956,2.2404794378780473,-0.45626319576493324,1
-1.305809286202831,-1.41619371568311,1.7280720791585935,0.3052077222492148,1,0,0,1,0,0,-0.2810198135785862,-0.20940026455553734,-0.16982862701171944,-0.28503798431391375,0.12351150745057843,0.059239936598832026,0.03831926865186686,1.0991740664362397,0.20008136750137048,-0.5185029176655972,-0.9440513466668208,-1.120294502970816,0.49392948878118564,0.2598165721359978,1.7547567058528046,-0.7403176626998211,0.25184326640512356,-0.6937497511843851,-0.9333596546099943,-0.6022533438160685,0.2063217816981545,0.24922584524555771,-1.0174657871899648,0.9501874626871333,0.5500013818935497,0.6022533438160685,0.9333596546099936,0.0759977097470634,1.3165582532877582,-0.5642124759469986,-0.8321227913623208,-0.6990401460957827,-0.5605696322757617,-0.13859458152457876,0.34501385799472056,-0.29429738304996345,0.3898463742377325,0.5034643620605421,0.7623887871779818,0.06718251409155555,0.4484413812184362,1.4262526241265279,0.6160407084282594,0.3477270420022505,1.0283361423219313,1
-1.4086103356317816,-1.4419614816545723,0.27967722576327125,0.3052077222492148,1,0,0,1,0,0,-0.15483044353726144,-0.28906193929051954,-0.20820817126385424,-0.2717290422838441,-0.0489260545551751,-0.012310894617608715,0.41651660403988655,0.647625012616585,-1.7093629170787157,0.47349027400579496,-0.2210176414832402,0.8464872780423768,0.7086608740246508,0.1819299076940433,0.03253819133395691,-0.9864142327524618,0.6764910241986453,0.29210335123307435,0.18032674558006626,0.9756618166055823,-0.3973942569026343,-0.8562896084242562,1.3455051971530356,0.0311421063537606,0.5725158276554398,-0.9756618166055823,-0.18032674558006695,0.29881781872750485,0.19081952690966666,0.5002078235474204,-0.12149526415595328,0.15437386567706757,1.109195039464111,0.35076067714292497,0.2896456887631914,0.8219023601333442,-0.6371253376036178,-1.0899443568808573,-1.2994581215440402,-0.5292659687668935,-0.48232991558187904,-1.4922798914190887,-1.5241547677521787,-1.378017789531564,-0.9511296417938885,0
-1.4343105979890196,-1.235819353882877,0.27967722576327125,1.7718540298733036,1,0,0,1,0,0,-0.19268725454965888,-0.27568808148829627,-0.054689994255315046,-0.36373433718736903,0.12779997315491726,0.06907817589109264,-0.29323662452595484,-2.1806117534349156,0.9007264227972784,1.0238209586157758,1.8054268506763504,-0.245593558220574,-2.165489938320902,-0.30243722774075305,-0.9865659650480018,1.2481192804467194,0.5228247336294324,1.0204197876771963,-1.1014209826064827,0.7574155988166087,0.10556095012483907,2.0046379393783296,0.022916314206750225,-0.8646920074636006,-1.350902014330624,-0.7574155988166087,1.101420982606482,-0.6203151308168162,-1.2351161931692491,-1.5558519002623137,-0.806281790372998,-0.5795621844475838,-1.5687294340809674,-1.85133798686084,-1.7589765728033937,-1.2864749325462383,-0.08200549336504998,1.4898602356909325,-0.6517097564145549,-0.5422322401333817,-0.8207922053274488,-1.1116017372174867,0.5337254978059351,1.0714264874841732,-0.6418381130257917,1
-1.2287084991311177,-1.41619371568311,1.7280720791585935,0.3052077222492148,1,0,0,1,0,0,-0.0412600105000692,-0.3681421419471442,-0.16982862701171944,-0.28503798431391375,-0.11277384770415039,-0.06284366916421999,-0.17264580220473985,0.734678673729082,0.3794018371839415,-1.084395530306262,-1.2399016388985542,-1.0251211976039412,0.8572776224964342,-0.02005718747001099,1.2644151573838,-0.14180876327702704,-0.9604458128467075,-1.412995781498575,-0.9116105415751553,-0.49401881205127574,0.2200272852370938,0.2582938116088119,-0.6611591525756474,0.5125867748735254,0.23241749262722763,0.49401881205127574,0.9116105415751545,-0.2582324537235989,0.7161642658861095,-0.9372144612399159,-0.8579637923516437,-1.1428154322176651,-1.1276595207911904,0.2692014673650073,0.8433273810784847,-0.8523972546416179,0.22331042096616224,0.27583454506891375,0.10551720563822252,-0.2569742700706454,-0.0423289389126401,0.5380035976561225,0.6160407084282594,0.4033962301162448,0.22417816752487937,1
-1.5371116474179702,-0.35971531085317227,1.7280720791585935,-0.13478617003801185,1,0,0,1,0,0,-0.7983962307480176,1.7472532791175652,-0.7455217907937414,0.7895144222008392,0.7118913981583822,0.733606520813786,0.12743442390312826,-0.03786655153732857,0.3947132735455976,-0.3419220581911604,-0.8125048971875266,0.23740242570471393,0.9150848252087171,0.5397210666801251,0.8656230256941465,0.506100053389377,0.11377862410300195,-0.1906184252291503,0.3735052989149339,-0.04664941409013511,0.3620822619523036,0.9191351749726782,-0.031004522356528414,0.5747355776540709,0.8701943681848467,0.04664941409013511,-0.37350529891493456,0.32667033235006016,0.5660657690356972,-0.5369196477548344,-0.21193876761858224,-0.15285517856115927,-1.0646495331783645,0.02452383803125581,-0.1532996650890431,-0.8523972546416179,0.44535835866158957,1.0346006017076752,0.40658334717727845,0.3265079414213163,0.549980068142106,0.7600658542737248,-0.6186874509066087,-0.7099875321636356,0.5334696962929761,0
2.4978295426683537,0.6709953280053031,-0.15484123025532542,1.7718540298733036,1,0,0,1,0,0,-0.81101516775215,4.419117479170435,-0.7966945164632545,1.3913100618213792,0.5918732820097946,2.323376551904079,0.01290522965916672,-0.8484472189983202,0.3681008134416011,0.029979140412610593,0.7264735249661602,-0.993427883175314,-1.310820768572512,1.1535406529985344,-0.9851924314771106,0.3840313407406232,1.2515584805446947,1.6867007927853852,-0.44411445533132876,-0.9144498376620688,1.1346591927320233,0.1775762843673885,-0.11729168182190206,1.200524080651932,0.7022838722859157,0.9144498376620688,0.4441144553313281,1.3293608227620468,-0.7848207026180125,0.6548671833030202,0.7700192699756713,1.2979486414526862,0.7941451013999841,-1.3619827281933365,-1.3713993881826885,1.6280466190990672,0.8339422496285867,-0.02767187758659086,-0.5422311594912614,-0.5162996974004062,-0.0423289389126401,-0.4771381468814831,0.03983423407198747,-0.3759724034796717,-0.6418381130257917,1
0.10770514344524394,-0.6173929705677911,-0.8790386569529866,-0.13478617003801185,1,0,0,1,0,0,-0.7353015457273552,0.9128408466745037,-0.8094876978806327,1.397096558356192,-0.46758293208315554,-0.37766732651655927,-0.14155088275289715,-0.19134985217691547,-0.6179544551894763,0.28170606979333845,0.6636705866148922,-1.90295201982262,-1.0280823976071154,-0.33494466223079505,-0.4688720476817951,-0.6405118315118012,0.6615016780050981,1.2850534572137216,-0.7279513648365089,-1.8734262907274897,-0.137842811769994,-0.2070720472540959,0.20111182189699725,0.2753670142602803,0.3918003191019693,1.8734262907274897,0.7279513648365081,-0.6481676444393714,-0.8598699510432187,-1.5740471190570904,-1.594432320547333,-1.3134982345722352,-0.05648973137315825,-1.4435419379712537,-1.3713993881826885,-1.1004416420156866,0.27882240539001907,0.35171115073279,1.811558674359541,1.6620338921695847,1.7007518532770418,1.267636726542527,2.180029710252426,1.1827648637121608,1.4613442825972665,1
0.10770514344524394,2.5005067119790976,-0.8790386569529866,-0.13478617003801185,1,0,0,1,0,0,-0.7353015457273552,0.9128408466745037,-0.8350740607153893,4.40028825992408,-0.923865887798175,-2.6985974140998557,-1.1931746484835977,0.8419312050469244,-0.7298655373315008,-0.5090578208852875,-0.5229655188996986,-0.4923487366077628,0.9537245115369333,-0.41771128691166304,0.0570038576453789,-0.24977551243873627,0.5463506890938783,1.2002469213360476,-0.37315522795503414,-0.3014141428425148,1.241766197667666,-1.0984717880094474,0.7467503384300603,1.229456265273632,1.8516882968874648,0.30141414284251544,0.3731552279550334,-0.7595776989295921,-0.5596729573423944,-1.82878018218396,-1.6461143225259778,-1.39883963574952,-0.5605696322757617,-1.1988643086375024,-1.2052948804881005,-1.3484860293897554,1.333550109443298,-0.9381911455531051,0.4704458620491997,0.806259981981374,1.3115202200696365,0.506280418139323,-1.3595243465075295,-1.6006945419875402,1.275769365336409,1
-0.020796168340944693,-0.35971531085317227,0.27967722576327125,-0.13478617003801185,1,0,0,1,0,0,-0.7605394197356201,1.3053344995658394,-0.7455217907937414,0.7895144222008392,0.2556084424433628,0.3937400725356925,0.5751851410988738,-0.37221453552853867,0.7196177875706492,0.39888880330998966,0.5810665576716887,-0.32149141065221265,-0.5617802092371272,1.0090801318569735,0.4494010006095199,1.2234049274923269,0.9722270239591291,1.271346457150072,-0.2094031647789695,-0.23079243079930178,0.2084520378661919,0.9610761881819613,0.2456623444606957,0.4251706353617765,0.4858073846290874,0.2307924307993025,0.2094031647789688,0.939425632046274,0.41596727218528484,0.00893691608845806,0.6408142650290589,1.0419244379208312,-0.6865896075014126,-0.9541866793037505,-0.983822203561983,0.20179139169817292,0.3620903820258042,1.1863538130354276,0.6529101902546883,0.6895635396829819,0.8376730144258402,0.37938770007212164,0.12214944469431245,0.013711913318286572,0.7190446135538346,1
-0.020796168340944693,0.10410447663314094,0.27967722576327125,-0.8681093238500562,1,0,0,1,0,0,-0.7605394197356201,1.3053344995658394,-0.7583149722111197,0.9110308494319098,0.17807456053538515,0.299829606564114,0.943514386803706,0.44296526828574173,1.0947550164387672,0.31639151784827396,0.16417285007645846,-0.42297312001497067,-0.72232440401855,0.9613517591615008,0.5111688668912289,1.1917038560810476,0.8357638772167507,1.1928635228073992,-0.31054414497595056,-0.26889098598050765,-0.3514083720454157,-0.0959059828269676,-0.299019334102244,0.40130462539212786,0.9511663123525304,0.26889098598050765,0.3105441449759499,0.911573118423719,0.491016520610491,0.05442496307539909,0.6666552660183818,1.0077878774499178,-0.5920746260821743,-1.0357458890816678,-1.0391903727935126,0.2638024885416898,-0.6371253376036178,-0.5588081172337243,-1.4727992333392537,-1.3720736075886157,-1.159254495073018,-0.3185222492974822,-0.5363722402842841,-0.7099875321636356,-1.136704559054746,1
0.10770514344524394,1.547099371035007,-0.8790386569529866,0.3052077222492148,1,0,0,1,0,0,-0.7479204827314877,1.378018509360531,-0.6687627022894718,0.5320153264016657,0.49039941067378034,0.6486399087442626,-1.439387525369215,0.0042421346972629885,-0.15490218837329311,-1.0025601734649643,-0.26848163803956154,0.21308183584935378,1.4032665967069187,-0.24369630692360555,0.04318671486606233,-0.6769598709040099,0.3803492739385846,0.6253814959843301,0.5641420291796073,-0.26889098598050765,1.7580049141111842,0.03744103989729005,-0.46852290373713984,1.7315419438193778,0.9596025887958902,0.26889098598050765,-0.564142029179608,-0.48105256270404034,-0.3345252120667762,-1.11916664918768,-1.2455788071914804,-1.05747403104038,0.006520256239666901,0.10608304780917345,-0.1532996650890431,-0.9144083514851348,1.2225261405955843,-0.2553016945782196,-0.8615437338508666,-0.944186652494511,-0.29617565622181696,-0.5088613263982832,-1.5241547677521787,-1.7677021063295222,-0.8274130302866491,1
1.0586148506630406,-0.23087648099586283,0.27967722576327125,-0.4281154315628296,1,0,0,1,0,0,-0.1800683175455264,-0.28848046721216203,-0.2593808969333673,-0.2260157196588223,-0.07784924081167806,-0.047191924835623573,0.3277983503666667,-0.29003546316966256,0.11104818252737758,-0.10711984619747807,0.46967333245707105,-0.623560149200886,-0.6591868821388777,0.479143471599768,-0.45314122471873763,-0.12878841447025202,-0.31176544647903265,0.3896477797152941,-0.19575715951429745,-0.656312104546159,0.0229429255657266,-0.055864156004465614,-0.2812265218863206,-0.16442927854260087,-0.23018311679343553,0.656312104546159,0.19575715951429676,0.7166055230658329,-0.18442671521636386,0.8914050276351143,0.6795757665130432,0.512807750621665,1.424244977528238,0.02452383803125581,0.12354118106860354,1.4420133285685155,-0.026493508941193386,-0.1035484832504671,-0.14993285384946126,-0.2699405414371327,-0.3130987707090945,0.030432725387320277,0.5337254978059351,0.23638866577426285,-0.2706882785040748,0
1.2385166871637046,-0.23087648099586283,0.27967722576327125,-2.041426369949327,1,0,0,1,0,0,-0.0412600105000692,-0.3466276750479154,-0.4768649810287978,-0.005550201682451352,-0.4997003826642363,-0.26229161118004857,1.266193238233773,-1.075072463371797,0.4012903227836359,1.0529985635183103,0.7816352253207739,0.7185475863676463,-0.4957956412250094,0.7629599577736983,-1.4066397113462235,1.63544731121959,0.5150966066982823,0.46978783879386915,1.6035661060988957,-0.6103841330315712,-0.9983319202004978,0.06642991125601942,1.0948895112876373,-0.9117721476804577,-0.5575076864575709,0.6103841330315712,-1.6035661060988964,1.217950768271826,-1.0850176963188372,1.4827496384653478,2.2687973273563737,2.4415234172283062,-0.7180946013078251,1.5741488238116832,0.7879592118469556,1.0079356506638961,-0.9424412519348303,0.04820472807728505,-0.031331040515893936,0.533968283285125,0.10997909147286698,-0.826093121566285,0.9453015509175579,0.6817421706862145,-0.3944048900113141,1
0.18480593051695732,-1.6996391413691911,0.5693561964423357,0.3052077222492148,0,1,0,1,0,0,0.021834674520593164,-0.37802716727922225,1.3781463244910508,-0.6374356232840185,0.6109551153842608,0.20189440633661077,-0.5897400033768755,-0.6146842830627482,-0.6323157005843018,0.681044173593666,0.9290186619755754,0.19394340244778774,-1.4687180542286224,-1.172574081274838,0.5381033047200744,0.14754559560866568,-0.21106495096133585,0.1984222814022631,-0.16027754582615011,0.42347698798565403,-0.35157437543188336,1.3827335471207578,1.0126658397438155,-1.129335133603579,-1.0140490221276768,-0.42347698798565403,0.16027754582614942,-1.0659553487776992,0.641115017460903,0.3728412919839863,0.3953247556304958,0.2909201075607231,0.4790951633358572,-0.30171300108041293,-0.26403600355210183,0.5118468759157585,-0.47058938433204756,0.9587239960437993,-0.6547508285513128,-0.07976856139530882,-0.5161761445564365,-1.3865359596964213,0.6160407084282594,0.9415317152181866,-0.76555472453303,0
-0.3034990542705592,0.6709953280053031,-2.327433510348309,-0.8681093238500562,1,0,0,1,0,0,-0.5081606796529707,0.1569271448097092,-0.3745195296897717,-0.09813414623945753,0.23850937309038542,0.1965280939953777,-1.047263937183992,-0.3264394769000149,-0.18117619909738417,-0.46630781070421384,0.1459172842782328,0.2491392562443254,-0.18963151649034815,-0.7298888825611125,-0.8564756869928738,-0.5212874453141577,-0.34030728607896826,0.35479099443248785,-0.8114328088086202,1.1445654112422656,0.726949626448509,-0.4099501148336048,-0.2761696761664281,0.2925088890599074,0.15668473559799762,-1.1445654112422656,0.8114328088086196,-0.8431352397972577,-1.009968447893631,-0.9645072894320803,-1.051771299771562,-1.1086788717467513,0.2270552128845555,-1.1988643086375024,-1.0391903727935126,-0.790386157798101,0.08453045990652028,-0.8623145398892288,-1.7191260764166634,-1.5665676780859363,-1.3792549834076382,-1.0798785577006862,-1.3595243465075295,-1.0996718489615938,-1.4459960878228426,0
0.9044132765196139,-1.6996391413691911,0.27967722576327125,0.3052077222492148,1,0,0,1,0,0,0.12278617055365294,-0.4274522939396127,0.15000090842273722,-0.42738579907031077,0.014184902662318012,0.0015520789305766788,-0.8811471388176424,0.49793229090815594,1.0828142791190392,-1.160663567178001,-1.4133197556062431,1.0102281853478847,2.274777620974524,-0.8955320529264199,0.6296557868965337,0.8240931799712106,-1.485235058697376,-1.522792870110293,-0.31054414497595056,1.6858246576916383,0.3304514704737959,-0.05265235101742669,-0.65210922342104,0.09524793938757209,0.3506740509067402,-1.6858246576916398,0.3105441449759499,-0.9266927806649233,0.340918023760079,-0.5915053041391644,-0.10857476366129187,-0.6819718658603261,-1.3796994712424915,0.5954383064766764,0.8433273810784847,-1.0384305451721696,0.25106641317809053,-0.1035484832504671,-0.15905607025973648,-0.46443461193445323,-0.39771434314548676,0.728342674756924,-1.7711003996191523,-1.4336869776455579,0.038603250264021984,1
-1.2544087614883548,2.088222456435707,0.27967722576327125,1.0385308760612593,1,0,0,0,1,0,-0.10435469552073157,-0.32627615230540175,-0.5408308881156891,0.1703592929758604,-0.5652844311614565,-0.38258644616268955,-3.0853053718034604,-0.7844302250687428,0.8375809972546496,-2.0718939255633853,-1.3334845649081224,0.5702278270607268,2.348555068231643,-1.6296714212520287,1.0525151112023803,0.1299808397840673,-0.2097684601881235,-0.3435471359989489,1.6737455617457806,-0.8822777243979375,2.6618437418704923,2.1310416348068837,-1.0143830736980244,2.5909922116591293,1.3981883307951595,0.8822777243979375,-1.6737455617457813,-1.5951531076062477,0.340918023760079,-1.3829973217119373,-1.1163738022448682,-1.1257471519822078,-1.222174502210428,1.247911984700014,0.4557501964577793,-1.7825637072943747,2.721349720039717,2.2486262923296945,0.44307621281837667,-0.17917664187171697,0.8376730144258402,0.8552353928241243,-0.7010026615289333,-1.0996718489615938,0.904619530814692,1
-1.9997163698482496,-0.9266061622253344,-0.15484123025532542,0.3052077222492148,0,1,0,1,0,0,-0.19268725454965888,-0.24661447757041954,-0.2210013526812325,-0.23643141342148552,-0.024335593574751038,-0.00694458227637566,0.8029799800922703,0.09985136657321006,0.3156103478344553,0.1713708224449659,0.5671886376731539,0.15485008391264926,-0.09965862526131035,1.0005072400003538,0.24644005594491464,-0.35450907666561343,0.9700381434329318,1.2144967943423315,-0.35307242775419667,0.5613699807042828,-0.11686816342717056,0.10982910383691977,-0.7876973518228607,0.7303622928135508,0.448346729468982,-0.5613699807042828,0.35307242775419595,1.050835686536495,0.340918023760079,0.32735324499704527,0.08523274375862654,0.47867119015075044,1.0461850518512859,-0.9541866793037505,-0.9284540343304539,0.6358690696027934,0.0012624832707351544,0.27583454506891375,0.5160619441005718,0.002351157259115363,0.2961333508329291,1.0455744699249259,-1.0302635040182315,-0.9326642846196119,0.22417816752487937,0
0.13340540580248203,-1.9830845670552713,1.4383931084795292,-0.4281154315628296,1,0,0,1,0,0,-0.5333985536612357,0.22670379421261333,1.8003213112645335,-0.6686827045720081,1.4102391768590359,0.6911232147790243,2.1350668044727485,0.17174911303959028,0.11911489955585057,2.061253471995662,2.4742700802952857,-0.06933745404072048,-2.4564423088981107,2.134227183248549,0.6261404978258824,0.3239576908647866,1.5564726261044837,2.1513724132364924,-0.9813771768947055,0.87874991804355,-0.8363677102379353,0.3915227577812061,0.1627121788929018,-1.2412488471771312,-1.1162758532864792,-0.87874991804355,0.9813771768947048,1.3015083091394917,0.04072103005925432,-1.3284116653276086,-0.9871687972982559,-0.40887938209301433,-0.4660546508565234,-2.259134035750426,-2.312658265118687,-0.728375060954584,-0.7878007238969434,0.3625506658276294,0.001251875235086544,0.08385343441989794,-0.4194726332005599,-0.3139903665093679,0.3808543923644751,0.9680408524153266,-0.19115617110656447,0
-1.691313221561397,0.9802085196628456,0.27967722576327125,0.5985369837740325,1,0,0,0,1,0,1.3720609339627678,-0.6431784350102578,-0.438485436776663,-0.05705002084228604,-1.109489547559248,-0.45055973581830827,0.26205527401433365,1.472505948066642,-0.10781904322792091,0.10948853664264098,-0.003339792207472651,0.4862241695521992,0.7701038877145786,-0.2938372063753813,1.472661242457637,1.1082034739666438,-0.7251929266018674,-0.5061925713823031,-0.1602775458261487,0.8221130942085961,-0.6579929120816899,-0.5457809211063902,1.2610298606527715,-0.8670008416320161,-0.48985663012586567,-0.8221130942085961,0.160277545826148,-0.48105256270404034,0.8877054051437235,-0.9320158272985506,-0.2876159848015975,-0.5454256239766699,-1.4607123124589816,0.36241199282548453,0.4873891503043674,-0.9232670796056371,-0.7481493064513315,-0.7105613285614767,-0.7611883533378483,-0.06248019957332482,-0.39771434314548676,-1.3653871733518879,-0.5363722402842841,-0.2089648391376897,-0.5181215015185524,1
0.6731109153044746,1.572867137006469,-0.8790386569529866,0.3052077222492148,1,0,0,0,1,0,-0.356733435603381,-0.10124645798103599,-0.016310450003180245,-0.36604893580129416,0.3521141607070098,0.20502475520233004,0.678196980981963,0.09444456177681727,-0.20682936498749796,0.16102543342327463,-0.027892938017559418,-0.5110843766514458,0.39511117670455376,0.5485898122351344,-0.042834296184460975,-0.21834710195389795,0.2587564813029212,0.09768670511630259,-0.8350596325743129,0.13114384342216406,-0.39490493465167253,-0.1725385825905202,0.06332489061322384,0.03904352543251621,0.1316342398780685,-0.13114384342216406,0.8350596325743123,-0.007559831120602114,-0.5596729573423944,-1.6104375566466425,-1.4523068151060594,-1.2964299543367779,-1.0646495331783645,-1.1173050988595852,-0.9284540343304539,-1.4104971262332722,-0.38732140769626244,-0.17942508891434333,-0.04957747333644305,-0.010615114107371936,0.008440404549195996,-0.0012904541294803558,-0.7833178721512579,-0.8213259083916238,-0.023255055489598248,1
0.9044132765196139,-1.0039094601397194,0.27967722576327125,1.0385308760612593,1,0,0,1,0,0,0.12278617055365294,-0.4274522939396127,-0.5920036137852022,0.35263393382246627,-0.8579832331912995,-0.6012636740679366,-2.1848260161772535,-0.48711133783246335,0.4226868487631283,-2.154749515947502,-1.8914507884151293,-0.2758167415705778,1.6230675969222705,-0.7643176416976638,0.5417735601302669,0.9736533742655065,-1.2117666992042544,-1.0036351142301865,-6.192842294857107e-4,-0.3755669404878874,2.274356578152443,1.2113124574736132,0.4006006600109284,1.7093604671673388,1.4791243132457872,0.3755669404878874,6.192842294857107e-4,-0.8431352397972577,0.19081952690966666,-0.7825551014843162,-0.21193876761858224,-0.6649035856248688,-1.348194477436079,0.5138790966987595,0.5664865349208381,-1.0384305451721696,1.6666220159864384,0.7310941790521709,-0.8250508682097696,-0.5162996974004062,0.1438253204474232,-0.794369942049485,-0.8656330827735822,-1.0996718489615938,-0.5181215015185524,0
-0.2263982671988458,1.2378861793774645,-0.4445202009343899,0.3052077222492148,1,0,0,1,0,0,-0.24316300256618875,-0.22975178729805104,-0.054689994255315046,-0.34232430000856134,0.18156675523728297,0.08786026908540832,-0.32560492532545804,1.078243798861832,-1.4945502548125265,-0.7555869946737924,-0.6392549465089163,-0.19392814026596789,0.7319575338709271,0.3348524553615041,-0.05739452875144285,-0.3988974811163691,0.17386261713994214,0.039641053119397154,1.5632622420125306,-1.8149193121744094,0.7873422027188421,-1.5374200313820245,1.6422467670631133,1.1931484783895348,0.8697645114555506,1.8149193121744094,-1.5632622420125313,0.32667033235006016,-0.03432821836595151,0.07262018187017576,-0.1473362651452761,-0.06751377738387422,0.3215701943037938,1.4925896140337656,0.7325910426154264,-0.23228628620644656,0.8339422496285867,-1.3934507795363622,0.32447439948480933,1.1563493088765513,1.6499825098152057,-1.4922798914190887,0.7806711296729086,-0.04195727479570725,0.10046155601764112,1
-1.9740161074910114,-1.6996391413691911,-0.4445202009343899,0.3052077222492148,1,0,0,1,0,0,1.7884858550991394,-0.6745779272415647,1.3781463244910508,-0.6374356232840185,-0.12501874150343303,-0.026173868165794107,-0.4707199321827445,-0.7138770992619782,-0.5594430381018934,-0.4162067792571777,-0.40004255521626186,-0.5022909428961952,0.12049345200735487,-0.7726340480431484,0.07709628610363431,0.17705645209729193,-1.1626724279706535,-0.9355148205975411,-0.5796783524084306,-0.11014700605881247,-0.11745931284166217,1.0570520892873443,0.9427020336366384,-0.5906175697124114,-0.39327322487703176,0.11014700605881318,0.5796783524084299,-0.7595776989295921,0.003196405846651406,-0.19121049065408274,-0.07304338730097368,-0.5240902736823486,-0.32428217872766657,0.3915402820318834,0.7741171695390731,-0.4028168025261189,-0.22772445247767412,0.7690324818841089,-0.4646838200039293,0.060699378408311896,-0.1777138548108673,-1.0560861730630862,0.5131466951503537,0.5008173093157343,-0.6109089601489817,1
-0.9974061379159777,0.6709953280053031,1.0038746524609323,-0.8681093238500562,1,0,0,1,0,0,-0.571255364673633,0.35172029105948316,-0.3745195296897717,-0.09813414623945753,0.3791003247400065,0.3463376468548005,0.9663713239644683,0.559660028370198,0.31411893768941784,1.2920294017772258,1.1129752221055416,0.8181071763969925,-0.7697533696662532,1.994775018081289,0.6739410865463755,0.4128678970352356,1.7841904001690114,1.5566811049502278,0.4251360800282837,0.6941558255444445,0.6493928442908175,-0.09301156686377288,-0.014518691175926862,0.023724292201751897,0.07287381781897591,-0.6941558255444438,-0.4251360800282844,1.6078859589875987,0.41596727218528484,-0.5005292101652823,-0.22485926811324272,0.47867119015075044,-0.5920746260821743,-0.9541866793037505,-1.2052948804881005,-0.17027518936292965,0.029018475482663446,-0.6346847228976005,-1.7191260764166634,-1.4628375071540325,-1.3623318689203594,-1.175048096251087,-1.0302635040182315,-0.8769950965056176,-1.569712699330082,1
-0.9203053508442651,0.026801178718756015,0.27967722576327125,0.3052077222492148,1,0,0,1,0,0,-0.20530619155379135,-0.24021828470848666,-0.822280879298011,2.1695938457537123,-1.8633039857425406,-1.8614526888674992,-0.4472196818890815,-0.43718325091617494,-0.9893428395156673,0.20000838102866195,-0.022071865888152492,-0.5797591747001842,-0.4146303390091737,-0.09583871238687812,-0.15051531592784853,-0.21967083400689918,1.2482141730717558,1.1954750624870392,-0.8293216896597884,0.031788787753525546,0.526108942017032,0.44926479266842506,1.131716801596771,0.9675093879088841,1.1958432248234057,-0.031788787753525546,0.8293216896597884,0.10385022336961848,0.11577027848446049,0.8459169806481733,0.5891322630504142,1.1101975588626602,1.0776900456576979,-1.6066603575270884,-1.5375038958772762,0.8839134569768611,0.6118943119331598,0.5793409677244183,0.42482977999782756,0.9748215097457181,1.3622895635314727,-0.3819686083310823,-0.9479482933959068,-1.0440026608476,0.5334696962929761,0
-1.9740161074910114,-0.23087648099586283,-0.4445202009343899,-0.4281154315628296,1,0,0,1,0,0,1.7884858550991394,-0.6745779272415647,-0.2593808969333673,-0.2260157196588223,-0.9904151522417176,-0.34412787438385267,-0.8121930158352326,0.14990630772278196,0.1782464215121643,-0.9669422922512533,-0.8093273238109061,-1.6752874681618377,0.31358854034125366,-0.6407596045647508,-0.0070419784509066965,0.033117911109068233,-1.0237116919545663,-0.6409838584354202,-0.3427441305080507,-1.9449628406537391,0.48913471244807927,-0.21280561127790212,-0.21038852271215375,0.2911816649678298,0.42636917816352454,1.9449628406537391,0.34274413050804997,-0.6976832242128028,-0.18442671521636386,-0.5348979567776366,-0.4373297206921164,-0.7919674495999375,-0.2805252428854266,0.23295292968593312,0.4434461588507728,-0.6870343297255728,0.3898463742377325,-0.2553016945782196,-0.17730250308028428,-0.2569742700706454,-0.1269445113490324,0.2524949820049213,1.0276167615398821,0.1250502895462747,-0.5799798072721716,0
-0.9974061379159777,0.026801178718756015,1.0038746524609323,0.3052077222492148,1,0,0,1,0,0,-0.571255364673633,0.35172029105948316,-0.822280879298011,2.1695938457537123,-1.2922481779456862,-1.406210525252895,1.4265728841766936,0.12643533078071276,-0.6050785445548345,0.40311730061919615,-0.040499518918693696,-0.07457602081239328,0.3295451378143153,2.3767504821147494,0.8979584792094393,0.2982076572069279,1.6416541120886108,1.2198880187654253,0.3506288912831737,-0.44946226314143684,0.39113675525025887,0.72601863270088,1.1268325771138288,1.0832506497008767,1.2436345764846564,0.44946226314143684,-0.3506288912831744,1.8864110952131505,0.5660657690356972,-0.600602913536552,-0.3669847735545164,0.2738518273252659,-0.7495995951142377,-0.8726274695258333,-1.0945585420250417,-0.35630847989348147,0.5008703430854462,0.8828473903799233,0.4978155112800227,1.0396528665781584,1.480751364942421,-0.3819686083310823,-0.9479482933959068,-1.211010225189582,0.5953280020465953,1
-0.9974061379159777,-0.23087648099586283,1.0038746524609323,-0.4281154315628296,1,0,0,1,0,0,-0.571255364673633,0.35172029105948316,-0.2593808969333673,-0.2260157196588223,0.5190246665529625,0.4451672324725093,1.3581336272195694,0.5629933777543991,0.2859201620477364,0.9058482948039218,0.5232705633155406,-1.2469068222409396,-0.9522704607629436,2.571435010901281,0.5663942617924124,0.43730997150563605,1.5988906428419933,1.2251373332000912,0.2567889334467663,-1.9553123256192235,0.680829695311047,-0.20532474162978126,0.04859190744890411,0.36168998597228064,0.5158307922457067,1.9553123256192235,-0.25678893344676695,2.137083717816147,0.340918023760079,-0.45504116317834126,-0.173177266134598,0.4616029099152932,-0.7495995951142377,-0.9541866793037505,-1.149926711256571,-0.17027518936292965,0.6396503041450882,-0.17942508891434333,0.05077790717657645,0.06718251409155555,0.2115177783965368,0.2207718024881207,0.7806711296729086,-0.09762646290970158,-0.5181215015185524,1
-0.020796168340944693,-1.3904259497116478,0.27967722576327125,0.3052077222492148,1,0,0,1,0,0,-0.7100636717190902,0.7035108984657914,-0.24658771551598904,-0.2312235665401539,1.0212840512104937,0.7197435472656005,-0.6621825670910179,-0.18498613301962993,0.19611106441343354,-1.7616198149760223,-1.8225330860522697,0.8925305198726512,2.616873253388011,-1.3086381123101123,-1.1152714499550567,1.4183823504973747,-1.6741295322150032,-1.0859970319820529,0.5274811195133241,0.6941558255444424,-0.38679480375671227,-0.8633551826781232,1.1572470791647305,0.7197965332350283,1.3091175426249464,-0.6941558255444424,-0.5274811195133248,-1.1495128896453646,-0.8598699510432187,0.9550882934168308,1.6356928031179738,0.7176271134471482,-0.40304466324369825,2.063504082479186,1.8953225964775422,-0.10826409251941274,-0.6926373220274746,-1.1658209625447336,-1.6187706959036452,-0.9052878383950472,-0.6007917169928287,-1.4288335323854886,-1.853415610241477,-1.8790404825575102,-1.3222794763156045,0
-0.1749977424843705,0.5421564981479937,-0.15484123025532542,-1.8947617391869185,1,0,0,1,0,0,-0.09173575851659908,-0.33674264971583734,0.07324181991846762,-0.4048184625845405,0.12886171073581823,0.05387362425759897,0.5012993833699346,-0.4850438499164526,-0.0015559879408501673,-0.13567220184136167,0.08869591386157462,1.273574740383291,0.5209922130868794,-0.7147095519759706,0.19462780651987852,0.9195285577860479,-1.7456812259916323,-1.169743780619101,-0.042827790168833695,1.779480128430764,-1.4111983587245356,0.8607117701463647,0.926164609219973,-1.547703229451362,-1.2573361616094885,-1.779480128430764,0.04282779016883299,-0.7038726716844818,0.11577027848446049,-0.17301527185930607,0.31780175266252825,-0.42594766232847037,-0.6865896075014126,0.8401159358104279,0.954063719541543,-0.6663639641110671,-1.3587811351137562,0.5793409677244183,-0.5057382938501646,0.015317428625603584,-0.6007917169928287,-1.1433249167342867,-0.28942660841731066,0.7374113588002092,0.038603250264021984,1
-1.6399126968469209,0.18140777454752677,0.27967722576327125,-0.4281154315628296,1,0,0,0,1,0,-0.34411449859924853,-0.10240940213775106,0.188380452674872,-0.4337509452586049,0.47790369684576184,0.25645191513914684,0.016789370652276047,-0.17724649069059067,0.10433973383579136,0.011583735213154145,0.10027766321881437,1.1130999564013604,0.7819406823547294,-0.9806132225005565,0.13481685859021247,0.11497406383824002,-1.0606240600409451,-0.8483813833983287,0.3637290563372595,1.1573935323539142,-1.0031632062999856,0.3783329403734131,-0.027098065454316346,-1.0673455412338024,-0.9586451702304918,-1.1573935323539142,-0.36372905633726016,-1.038102835155144,-0.18442671521636386,-0.8917264142529749,-0.7029177864157086,-1.040405750804923,-0.7495995951142377,0.5954383064766764,0.4557501964577793,-1.2864749325462383,-0.9424412519348303,0.35171115073279,0.0051618251252043045,-0.010615114107371936,-0.4315605721200442,-0.12818317219668063,-0.12479618717266176,0.514734606344233,0.47161139053935697,1
1.958124033166361,1.5986349029779314,0.27967722576327125,-1.6014324776621007,0,1,0,1,0,0,-0.3945902466157784,-0.0640322449661538,-0.0035172685858019803,-0.37357138129655093,0.4161487134143644,0.23945859272524214,0.5827306502765741,-0.28876436499168223,1.0885519293415853,0.32420737176549297,0.516376407804892,1.865441930541618,0.6629371710619464,-0.1851162735487964,-0.0418326836379485,1.6386842628591451,0.3046381123063085,0.6360070425493699,0.20465562353765385,2.341265347710685,-0.995267153817868,0.35443108909363746,0.15863269595014015,-0.13590930574120494,-0.0503775318560517,-2.341265347710684,-0.20465562353765385,-0.17467491285593337,-0.03432821836595151,0.02713213488323473,0.8733832739329616,0.9736513169790033,-1.1276595207911904,0.10608304780917345,0.012804842605544792,0.2638024885416898,-1.053465220782544,-0.02767187758659086,-0.9527758979536108,-0.7367263106307022,-0.7361766328910565,-0.7626467625326843,-1.853415610241477,-1.266679413303576,-0.76555472453303,1
0.2876069799459088,0.8771374557769975,-0.15484123025532542,0.3052077222492148,0,1,0,0,1,0,-0.028641073495936725,-0.36697919779042915,-0.5664172509504457,0.2571567409980537,-0.6849734909885431,-0.48096883908529564,-0.08878307796975332,-0.23205025832834586,0.8114370058419929,0.11271289828312825,0.38362166467616593,-0.8735579733330894,-1.1738233841567367,-0.44392243409156457,-0.94930373751127906,1.0555751737856611,-0.41527132116099896,0.4465411868548136,-0.08286747959746427,-1.109241929690983,-0.3201070344291103,-0.6324953827462377,-0.048510319913705004,-0.5640437874414092,-0.06276639554623853,1.109241929690983,0.08286747959746356,-0.11896988561082296,-0.5596729573423944,1.5646281230418408,1.9845463164738264,1.673450806632741,0.8571550890128092,-0.22015379130249568,-0.2086678343205727,1.2559800380379649,-0.026493508941193386,-0.2553016945782196,1.3553978538458196,1.1174504947770867,0.7869036709640054,1.4262526241265279,2.0153992890077768,1.461110804282131,1.0283361423219313,1
1.0843151130202777,-0.02473435322416849,0.5693561964423357,0.3052077222492148,1,0,0,1,0,0,4.85488754710333,-0.7699393480922003,0.9047986120480549,-0.5795706579358897,-0.7908407745667748,-0.14423273967292133,0.37726744758385256,1.751386500136571,-0.025647322166226998,0.3185259829778555,0.08430502427333006,-0.917978873453435,-1.0517204857473121,-0.07015668337515123,1.5938818166458046,-0.7045408924873301,0.21758527668836097,-0.05438299201420772,0.06512235289855199,-1.3166012534636966,-0.5946993009707546,-0.807117120784398,-0.6729349026935044,-0.21455421765885926,-0.16269506738658945,1.3166012534636966,-0.0651223528985527,-0.007559831120602114,1.6167552469885829,0.2727675886127153,-0.1473362651452761,-0.05044549714841698,0.6366201323679207,-0.05703537174666111,-0.09793149585751397,0.38782468222872474,-0.47058938433204756,-0.6346847228976005,0.534308376921121,0.08014878545804377,-0.008482709938082702,1.0138512904081252,1.8507688677631275,1.1827648637121608,0.10046155601764112,0
2.4978295426683537,2.0624546904642447,0.27967722576327125,0.3052077222492148,0,1,0,1,0,0,-0.38197130961164594,-0.0640322449661538,0.03486227566633282,-0.39729601708928375,0.42643873453431064,0.2577934932244551,2.2184799385248053,-0.6238732755239829,0.7073749412662792,1.6275276586813578,1.5911592794938236,0.48622416955219827,-0.921117874680162,1.7069236472690312,0.3809043992699833,-0.45194278703272767,1.2912003459934458,0.6955966971884294,-0.16027754582615011,0.8221130942085961,-1.3793123620248873,1.2378673150676383,-1.421164157683476,-0.9183527070996548,-1.3894702040099645,-0.8221130942085961,0.16027754582614942,1.8585585815905954,0.5660657690356972,0.5820863081239148,0.24027874969456073,0.76883195415352,0.5736101447550955,-0.30171300108041293,-0.26403600355210183,0.8219023601333442,-1.3587811351137562,0.7310941790521709,-0.8706669502611417,-1.385039878955104,-1.5823323572549794,-0.15990635171348128,-0.5363722402842841,-0.2089648391376897,-1.4459960878228426,1
2.4464290179538777,1.2378861793774645,-0.4445202009343899,1.0385308760612593,1,0,0,1,0,0,-0.29363875058271866,-0.18032666063766065,-0.2721740783507456,-0.22312247139141586,0.033095078248883976,0.03374995297797501,-1.0737988609043778,-0.22084234986571963,-0.1945590741528775,-0.2570170782411401,-0.1512797501456968,-0.628318967343042,-0.08123545777629045,-0.8043875995440896,0.2541589998043048,-0.7268101065991867,-0.6783072106609085,-0.5245197693708927,-0.871666255725209,0.007555847346540335,0.6894088435955846,0.5577239624785417,-0.4644052916981595,-0.32538432755247765,-0.3154203810402025,-0.007555847346540335,0.8716662557252083,-0.6203151308168162,0.5660657690356972,0.9368930746220554,0.369483754641173,0.06903246449978255,1.3612349899154128,0.02452383803125581,0.5111183656893089,0.8839134569768611,1.0004782029001573,0.9587239960437993,1.1090710107684099,0.6636309969500054,0.4822876101929924,1.1724671879921262,0.6160407084282594,0.6817421706862145,0.9664778365683122,0
-0.5605016778429365,0.28447883843337485,-0.15484123025532542,-0.13478617003801185,1,0,0,1,0,0,-0.7731583567397526,1.5175718081663394,0.06044863850108935,-0.40308251362409664,1.7444754257370056,1.4786295508549754,-0.08992024847534467,0.14267502440169627,0.6332238525458224,0.024305005756902517,-0.25507735955046335,1.3638783618851655,0.9356730007902099,-0.05717929888812464,0.04711399057942614,-0.02146928624328516,0.3659870043527038,0.1167437807788772,0.9573302853504951,0.9106988955914741,0.0679034126806287,-0.14862818706040234,-0.8872127817391996,0.3300719538382219,0.4455906396727883,-0.9106988955914734,-0.9573302853504958,0.15955525061472892,0.340918023760079,0.9096002464298897,0.7570987694810098,0.8883099158017184,0.4790951633358572,1.0032343553662626,0.5664865349208381,0.6978801664463103,0.08453045990652028,-0.1035484832504671,0.12376363845877164,-0.3607044410025493,-0.21156008378542468,1.109020828958526,-1.1948939252628807,-0.9883334727336057,0.10046155601764112,1
-1.3829100732745436,-0.17934094905293926,0.27967722576327125,-0.13478617003801185,1,0,0,1,0,0,-0.23054406556205628,-0.23498503600326887,-0.10586271992482811,-0.33248725589937944,0.12452658422450467,0.0762332590127367,0.325068352140551,-0.4694009905617276,0.08522053777411427,1.7731551210400815,1.7385276084136962,-0.6541563383794281,-2.048819768273428,-0.3411593188244799,-0.6678994435936342,1.2569334192036077,0.5277520628808374,1.0552918843821102,-0.6949470730335814,-0.20295117893611228,-0.792897828304289,-0.024819409843368216,1.1465975380606546,-1.872108262549754,-1.229883907804773,0.2029511789361116,0.6949470730335807,-0.5924626171942612,-0.9349191994684248,-1.2829236183406676,-0.5478717804797735,-0.32353798091572933,-1.3796994712424915,-1.5251011477491712,-1.482135726645747,-1.0384305451721696,-0.7481493064513315,-0.02767187758659086,-0.0039613912850709025,0.585833368751077,-0.2623294272472596,-0.7309235830158842,1.1922471827845313,1.1827648637121608,-0.5799798072721716,1
0.2876069799459088,-0.12780541711001567,-0.15484123025532542,-0.13478617003801185,0,1,0,1,0,0,-0.028641073495936725,-0.36697919779042915,0.8536258863785419,-0.5708909131336704,0.47513835050976916,0.1589639076067463,-0.146364940869249,-2.046299235104974,2.7205343711826573,-0.9215571643715426,0.6404744146391824,2.0818828024449743,0.20549088089617787,-0.5679845068718856,-1.0122319827763102,1.2145589311154825,-0.5349588517744327,0.2741531450305949,0.06512235289855199,2.774852281213735,-0.36399941371268413,1.7945781397160507,-2.498547029693352,0.7145082351075173,-0.5649909203409617,-2.774852281213735,-0.0651223528985527,-0.3974950218363748,-0.7848207026180125,0.7913313242638433,1.3643622927300878,1.0419244379208312,0.1010352376589052,-0.05703537174666111,-0.09793149585751397,0.5738579727592754,0.08453045990652028,2.8556391376407038,2.1430355372661767,0.15794641365697218,0.4428003430560091,3.1604531043782718,-1.0302635040182315,0.3848398340782469,2.4304577394039706,1
-0.020796168340944693,2.5005067119790976,0.27967722576327125,0.3052077222492148,1,0,0,0,1,0,0.9051602648098662,-0.5850312271745045,-0.4001058925245282,-0.06110056841665506,-0.8958498657963117,-0.4027101174423135,-1.78787261237335,-0.5732831990509907,-0.47825453062205875,-0.7465312144091676,-0.7638556533201871,0.01624992859060807,1.0589595441329416,-0.4708169369562745,-0.79947139700078,-0.7423050587345773,0.17912102162906246,-0.0233600266674145,1.0546828838850468,-1.023858678725748,2.0156456532101448,-0.014043713160851403,-0.092155031419319,1.1861288473608262,0.9702432405034221,1.023858678725748,-1.0546828838850475,-0.48105256270404034,-0.7848207026180125,-0.17301527185930607,-0.5220307794904515,-0.42594766232847037,0.3845801819166189,1.166352774922097,0.6772228733838963,-0.4183195767369984,2.193985868013078,0.19995793940503753,0.6620334066649622,0.5080357405521495,0.9899810448113461,0.6331731362065233,0.36909507656128593,-0.09762646290970158,0.8427612250610729,1
-1.3829100732745436,-1.6481036094262664,0.27967722576327125,0.3052077222492148,1,0,0,1,0,0,-0.23054406556205628,-0.23498503600326887,-0.3617263482723934,-0.09929144554642011,-0.1479842271895433,-0.10398539711367341,0.4244700936092637,-1.1736894571280825,0.7938151781907181,1.0434270672402777,1.5444708689545834,-0.6395980444796056,-2.0418324375976966,-0.29917574690628584,-0.7017853480999062,1.3195065642878778,0.6901152887444718,1.2090707227568442,-0.16027754582615011,-0.7133741297612556,-0.8891688791398918,0.9078924579237889,0.2408049028287693,-0.7252961445453965,-0.8274655373411957,0.7133741297612556,0.16027754582614942,-0.5367575899491508,-0.9349191994684248,-1.1737523055720087,-0.4186667755331612,-0.135786898325702,-1.348194477436079,-1.5251011477491712,-1.648240234340335,-1.0384305451721696,-0.9424412519348303,0.5034643620605421,-0.7703115697481222,-0.5422322401333817,-0.7700228618656133,-0.9847090191502859,0.7806711296729086,0.45906541823023866,-1.3841377820692236,0
-0.020796168340944693,0.28447883843337485,0.27967722576327125,-0.13478617003801185,1,0,0,0,1,0,0.9051602648098662,-0.5850312271745045,-0.041896812837936774,-0.3625770378804064,-0.5171007919892664,-0.16972272329377835,0.16851160461010004,0.08534737597139486,-1.564771356501079,0.36074951545418626,-0.48334339794875053,0.6762066681700656,1.0028906412230127,-0.38136939632949896,-0.8844794650477936,-0.6033917515427083,0.16213917875553222,0.15740263030870563,1.4363050701404856,-0.5022446364654003,-0.6153792955115299,-1.0031940635976495,1.5327443450659843,-0.3265748875887106,0.7820431221029839,0.5022446364654003,-1.4363050701404863,-0.3974950218363748,-0.8598699510432187,-0.16391766246191838,-0.44450777652248397,-0.3576745413866426,0.4475901695294441,1.247911984700014,0.5664865349208381,-0.4183195767369984,-0.5816133531797613,-0.9381911455531051,0.0051618251252043045,0.7932937106148858,0.600749411603942,-0.3502454288142823,-0.28942660841731066,-0.5429799678216537,-0.08511336124321738,0
1.2385166871637046,0.49062096620506923,1.0038746524609323,-0.13478617003801185,1,0,0,1,0,0,-0.25578193957032125,-0.22684442690626339,-0.09306953850744984,-0.337695102780711,0.16360634829664183,0.08651869100010007,-0.22470101551553745,0.4498782978596603,0.50915079180065,-0.9532276198531383,-0.14843411754358798,-0.10921909655616902,0.2694253671074667,0.5145608452079589,1.1042198114343715,-0.41810884828660466,0.13351560410077498,-0.006198165925093164,-0.47521987007162214,0.3223554599919946,0.8265953655498466,0.488711084473261,-1.1161852593084052,1.4201408048234097,0.18692031986004617,-0.3223554599919946,0.4752198700716215,0.8280155775560533,1.5417059985633763,1.127942871967207,0.705416767502365,0.7346953936826055,1.109195039464111,-0.05703537174666111,0.17890935030013266,1.3179911348814817,0.6674062963570164,0.35171115073279,-0.2594114507727547,-0.7756251247301669,-0.2284831982727022,0.030432725387320277,-0.9479482933959068,-0.9326642846196119,-0.45626319576493324,1
-1.6399126968469209,0.28447883843337485,0.27967722576327125,-0.13478617003801185,1,0,0,0,1,0,-0.34411449859924853,-0.10240940213775106,-0.041896812837936774,-0.3625770378804064,0.3147588113567917,0.201447213641508,-0.3820754846376173,1.57752266882324,-1.2455462873782925,-0.08574167757965274,-1.193045642163719,-0.4791751938845146,1.0893308150302028,-1.022693266113059,1.2473280284298933,-0.018085522444054994,-0.476864124969706,-0.7549842840774242,0.20465562353765385,-0.8565127692838675,-0.4905777993358333,-0.9156535332854691,1.6845292949986126,-0.3570188285897085,0.8139225577400823,0.8565127692838675,-0.20465562353765385,-1.0938078624002545,0.641115017460903,-1.06458099280335,-0.9096457943302884,-1.0233374705694662,-1.0646495331783645,0.10608304780917345,0.012804842605544792,-1.4725082230767892,-0.47058938433204756,-0.8623145398892288,-0.02220782410562002,0.8451587960808378,0.6345956405784983,-0.44541496736468245,-0.20711139779498602,-0.5986491559356475,-0.1469716669968365,1
-0.7661037767008384,0.8771374557769975,-0.4445202009343899,-0.4281154315628296,0,1,0,0,1,0,0.7284951467520117,-0.5408393492193319,0.6361418022831113,-0.5193910939738356,-0.049550902402235815,-0.014546858093122488,-0.30941175170012913,0.8736366214058574,-0.24970015914525198,-0.8505988353212081,-0.7250970052122172,-0.7125329210857502,0.9459757282395912,-0.6451328243783271,0.027419913903162573,0.6931406528140729,-1.5044912914346085,-1.0812793059216386,-1.19191554383536,0.21031740340811067,-0.21436454409443564,-1.1716250123740082,1.0378879924048243,-0.3427236603985262,-0.11299716919094371,-0.21031740340811067,1.1919155438353592,-0.3696425082138195,0.491016520610491,1.4281639820810177,1.6356928031179738,0.8029685146244333,0.41608517572303205,0.9216751455883455,1.8953225964775422,1.752068812786101,-0.10976148557697851,-1.0140677512169813,0.4521994292286506,0.9488889670127426,0.7361343275021692,-0.5088613263982832,-0.37174181903963527,-0.32030321536567735,0.16231986177126023,1
0.4161082917320974,0.9029052217484598,-1.6032360836506476,-0.4281154315628296,1,0,0,1,0,0,0.26159447759911014,-0.45885178617091954,0.08603500133584588,-0.4094476598123908,-0.11783754311510153,-0.03645930015315746,-0.21980060634609555,0.8778797173686925,0.16624622759950528,-0.3788979369398916,-0.08021893133279774,-0.7179512662838019,-0.3050689857190724,-1.1386088979855225,-0.22397730748917477,0.7295969613723406,-1.2023356484445908,-0.7267674680517843,-0.9116105415751553,-0.07507566165750797,-0.832046501383458,-1.4292930123582004,0.5059104217063654,-0.6803487791882273,-0.6052584392105879,0.07507566165750797,0.9116105415751545,-0.9545452942874786,0.11577027848446049,1.1006500437750428,1.3643622927300878,0.7176271134471482,0.29006520049738066,0.2692014673650073,0.8433273810784847,1.1939689411944467,-0.6926373220274746,-1.2416975682086098,0.6346637574341392,0.8192262533478623,0.46536449570571364,-0.12818317219668063,0.8629863402952329,0.9044189231421907,0.47161139053935697,0
1.3927182613071303,-1.1069805240255675,-0.8790386569529866,1.7718540298733036,1,0,0,1,0,0,20.489750495223465,-0.816457114360803,0.5849690766135982,-0.5078181009042099,-1.7920028747772527,-0.23546004947388327,-0.9451269887969967,0.4122247708905157,0.3089270758513736,-1.0724481792908045,-1.5703488588728431,-1.278274529634938,1.4477401738495255,-1.051349026929273,-0.6985425474274121,1.3572151623264712,-1.03253236799568,-1.004167669701013,-0.8144870079783317,-0.9356157016516281,0.26372652482407394,-1.265576024199261,0.9415566869996924,0.42496688031510216,1.0611561418002429,0.9356157016516281,0.814487007978331,-0.9823978079100336,-0.6347222057676005,0.07262018187017576,0.7700192699756713,0.2738518273252659,-1.3166894836296663,0.18764225758709038,0.6772228733838963,-0.35630847989348147,0.6396503041450882,-0.9381911455531051,1.4435889458118072,1.8003407867454566,1.9094702652868096,0.834086606479591,0.06727263761276221,-0.35741600744167373,1.8118746818677758,0
1.0843151130202777,1.109047349520155,0.5693561964423357,0.3052077222492148,1,0,0,1,0,0,-0.3062576875868511,-0.15997513789514695,0.38027817393554597,-0.47425642100229515,0.5397052309074323,0.24348332698116693,0.9603819568612952,-0.8538414515903578,-1.1262687663664508,1.2338657993057454,1.0334330100160665,-0.23936429251232516,-1.0202211230171423,0.6764566227698491,0.22671030732506325,-0.5656722485522032,0.8236387838595155,0.42326421918708684,-0.7046860443852642,0.3724346929031413,-0.6595270022782158,1.3990375974249758,0.9712010772786772,-0.8501669733689874,-0.9302783980591263,-0.3724346929031413,0.7046860443852634,0.32667033235006016,-0.10937746679115769,-0.8917264142529749,-1.0130097982875779,-0.6819718658603261,-0.34003467563087314,-0.709509049969999,-0.4855086804782194,-0.5423417704240322,-0.38732140769626244,2.020996475338066,1.4283835851280149,1.8046628772009532,1.2607508766078017,-0.3185222492974822,1.5215080252738291,1.9621334973080773,1.3376276710900281,1
1.6754211472367457,-0.02473435322416849,-0.4445202009343899,0.3052077222492148,1,0,0,1,0,0,0.2868323516073751,-0.46234061864106474,0.36748499251816774,-0.4730991216953325,0.038539386429567196,0.010048740137529016,0.10947829139327306,0.613105542256681,-0.9232112695879482,-0.026111524345943934,0.15775525634630483,-0.33703332445855816,0.3681529215979684,-0.8180368221631323,-0.24590262915307706,-1.419522918290976,-1.2359933761315405,-1.2354621146003937,-0.13124877099039398,-0.3295023237687909,-0.9696049832509848,-1.0878464535468573,-0.1644229013267364,-1.1903148893460171,-1.4112778511844855,0.32950232376879157,0.13124877099039328,-0.8988402670423681,-0.4846237089171882,-0.8553359766634215,-1.3747838121380926,-1.689000399752289,0.19555021907814235,0.8401159358104279,1.009431888773073,-1.1004416420156866,-0.6093693453916895,-0.5588081172337243,2.38632130820683,1.9083930481328573,1.1761353041714093,1.2041903675089267,2.2623449208747504,2.2404794378780473,1.3994859768436472,1
-0.4577006284139859,-0.87507063028241,-0.4445202009343899,0.3052077222492148,1,0,0,1,0,0,0.5013542806776271,-0.49722894334251677,1.0327304262218375,-0.5911436510055155,0.20841528356700234,0.07444448823232569,-1.7086080956483358,0.8250147487612687,-0.24996181176991333,-2.1482624472135927,-2.2573481107561175,-0.7759699614769099,2.862046160652938,-1.7204240431246058,1.8570446393737141,-0.932762394560535,-2.6725717493796006,-2.8377965462004937,-0.5252107151899527,-0.5374328853480426,0.6568337163797479,0.7279879190211798,-0.5956300808111962,0.2520875739779752,0.16410710470020012,0.5374328853480426,0.525210715189952,-1.5951531076062477,2.067050737539819,0.6275743551108558,0.007709740790658993,-1.05747403104038,0.3845801819166189,3.042214599814193,3.8885766888125977,0.139780294854656,0.5841383197212315,0.6552175733882943,-0.04957747333644305,-0.3477381696360611,-0.2284831982727022,0.47455723862252236,0.36909507656128593,0.1250502895462747,0.2860364732784985,0
-1.0231064002732158,0.9029052217484598,0.27967722576327125,-0.4281154315628296,1,0,0,1,0,0,0.2742134146032426,-0.46117767448434965,0.08603500133584588,-0.4094476598123908,-0.1253607925152621,-0.03824807093356848,0.40928614779581507,1.802689591601789,-0.10692895309927172,1.2650559087863253,1.078813031197307,0.6657165207087345,-0.626855504816602,-0.333479347916057,0.9257250362935668,0.31982877921788827,1.0476217976393063,0.865725717402486,1.4008254564523381,-0.4813636975680082,-0.9023309868100298,-1.5468770187643897,0.46757253997193227,-0.6702050767137403,-0.5572971132605351,0.4813636975680082,-1.4008254564523388,0.0759977097470634,1.6918044954137887,1.9012396707452048,1.8165798100432309,2.270840614873736,1.0146800580448727,1.8188264531454346,1.1201682272361313,2.3101686843777554,-0.7203933142394032,-1.317574173872486,0.9539763317937442,1.078551680677623,0.7022880985276131,0.15732544345452057,1.3568776040291806,1.1827648637121608,0.5953280020465953,0
-1.100207187344929,1.0832795835486928,1.7280720791585935,0.5985369837740325,1,0,0,1,0,0,0.5896868397065544,-0.5129286894581703,-0.3233468040202586,-0.15657776124106768,-0.6628088600252438,-0.2734714285576174,-0.27086424817121435,-0.8535204351439516,0.9235179794288576,-0.11729933316759926,0.5314866489899427,1.4561633077949838,-0.4703908235628715,0.21643323325626235,-0.7857338451933334,0.7094707330461018,0.5288697094095776,1.158604659641628,1.0187373090415193,0.9756618166055823,0.5929008671636109,0.38435266588091244,-0.5495303503000262,0.6828819822997841,0.4401932722825752,-0.9756618166055823,-1.01873730904152,0.6330479821981672,-0.3720498362793791,1.5828233418366175,1.7842785588065777,1.9721457107532385,1.1722050270769362,0.18764225758709038,-0.26403600355210183,2.00011320016017,0.27882240539001907,0.04820472807728505,-0.8159276517994943,-0.944186652494511,-0.6515610604546642,-0.1916295312302808,-0.8656330827735822,-0.5429799678216537,-0.3944048900113141,0
-0.4063001036995106,-0.6946962684821769,-0.8790386569529866,1.0385308760612593,1,0,0,1,0,0,1.6622964850578146,-0.6658558460662017,2.0817713024468554,-0.6790983983346713,0.0873180242956669,0.012731896308145543,-0.8775430782504328,-2.14042210769812,1.707690856080361,-0.03556586261786367,1.0398911355114393,1.8641326619432976,-1.170653176794419,-1.0782619812397054,-2.621986603455321,2.3876946413044635,-0.37535535192441366,0.7968101149465509,0.6912331826893887,1.856897962536105,0.14285834519296442,0.3111478952132721,0.06493223787342695,-0.3241487557946471,-0.5739794150961016,-1.8568979625361057,-0.6912331826893894,-1.038102835155144,-2.435904167972547,-0.19121049065408274,1.0413497803635572,0.8200367948598906,-1.1906695084040155,-1.85133798686084,-2.2019219266556282,-1.1004416420156866,0.8131252554696405,1.243261267283335,2.6029976979508476,2.248757671503168,1.93767545609894,1.3231522906969275,-0.20711139779498602,0.9183362201706894,2.945943620684131,1
1.3156174742354179,0.9029052217484598,2.452269505856255,-0.4281154315628296,1,0,0,1,0,0,-0.6595879237025604,0.6250121678875242,0.08603500133584588,-0.4094476598123908,1.084736601383045,0.7971078835183771,2.5168146380196417,0.8486354482149989,0.3109689308243639,1.8717185879728324,2.1181785979495937,0.44400583652600684,-2.2145939739083267,2.5171292843901765,-0.4121069183756883,1.1105653571496952,1.9952072007047879,2.29248854772868,1.0460293195708634,-0.4318681387001143,-0.9846060976946432,-1.5776184494593024,0.69090613546294,-0.550157752673807,-0.5155670470084519,0.4318681387001143,-1.046029319570864,2.916954099247692,-0.10937746679115769,1.0096739498011607,1.5064877981713616,2.4244551369928486,0.2270552128845555,-1.4435419379712537,-1.8697129112664523,2.0621242970036877,-0.7759052986632599,-1.317574173872486,1.2003031748711541,1.4286410075727993,1.0745966172477384,0.030432725387320277,1.2745623934068555,1.127095675598167,0.8427612250610729,1
1.0843151130202777,0.5421564981479937,0.5693561964423357,1.478524768348486,1,0,0,1,0,0,-0.3062576875868511,-0.15997513789514695,-0.3361399854376369,-0.14211151990403548,-0.027162844123158253,-0.013205280007814225,-0.46062898771755867,0.06895063499194519,0.7292931548019574,-0.6263414202603387,0.2904653577699475,-1.5902658561447376,-0.7176976023812961,0.5455668622081288,0.06784997287250734,-0.21237455907423636,0.7051835997629016,0.5810463956450543,-1.1128149709452282,-1.0652566185876786,1.1856398008741988,-0.02666629704915463,-1.2103841246247926,1.545394836856141,0.1896595229208869,1.0652566185876786,1.1128149709452275,0.27096530510494976,-0.18442671521636386,-0.7279694450999874,-0.7158382869103699,-0.42594766232847037,-0.30852968182446,-0.9541866793037505,-0.5962450189412776,-0.29429738304996345,1.0004782029001573,-0.1035484832504671,-0.23204180154193166,-0.8015576674631424,-0.21156008378542468,0.062155904904119784,0.6160407084282594,0.1250502895462747,-0.6418381130257917,0
1.6754211472367457,-0.41125084279609675,-0.4445202009343899,-0.8681093238500562,1,0,0,1,0,0,0.2868323516073751,-0.46234061864106474,1.672389497090751,-0.6600029597697887,0.5150786221418278,0.15449198065571876,0.5420515712155666,1.683174546215287,-1.8711856887037133,-0.21149547096327567,-0.9964311138543568,-1.7972369732557856,1.0850555274372449,-0.7585009644271228,-0.3177450970288232,-1.0509524138349158,-0.9054028198828451,-0.8620015250105136,-0.04921092906325296,-2.402410076128092,-1.5116211312848489,-2.6285199506224295,1.5018676991099371,-0.6120652008804467,0.4538325349963361,2.402410076128092,0.049210929063252244,-0.8988402670423681,-0.6347222057676005,-1.1737523055720087,-1.4523068151060594,-1.6548638392813753,-0.2140147004052217,-0.05703537174666111,-0.04256332662598434,-1.5965304167638241,-1.4420491117495413,-2.4557232588306284,-0.44187577897824326,0.35244048415429274,0.0761328624983096,-0.6992004034990842,-0.20711139779498602,-1.0996718489615938,-1.3841377820692236,1
1.6754211472367457,0.6967630939767645,-0.4445202009343899,1.7718540298733036,1,0,0,1,0,0,0.2868323516073751,-0.46234061864106474,-0.7839013350458762,1.3913100618213792,-1.7865924364305081,-1.4308061234835463,-1.3344337505427655,-0.16834146583801288,-0.3947457428287269,-1.2396815901397344,-0.6647973616262258,-0.3767142384921271,0.5643669074871369,-0.7744292194569317,0.012157321292151125,-1.021060612844268,-0.7715811285791045,-0.7185476525305751,-0.04921092906325296,-0.4649864905896614,1.0817620625887083,0.2432328825052369,-0.48643679069083906,0.9096432114405425,0.16274720046272187,0.4649864905896614,0.049210929063252244,-0.9266927806649233,-0.40957446049198204,-1.2738260089432798,-1.5169093175793655,-1.6719321195168326,-0.2770246880180474,-0.05703537174666111,-0.04256332662598434,-1.534519319920306,0.8894542340524437,0.12408133374116129,-0.2776578835933038,-0.47740088330094144,-0.11002139686175369,-0.2550758902638815,0.12214944469431245,-0.09762646290970158,-0.45626319576493324,1
-1.2544087614883548,0.7225308599482267,1.7280720791585935,-1.8947617391869185,1,0,0,1,0,0,-0.23054406556205628,-0.21812234573090036,-0.3361399854376369,-0.11607228549737747,-0.11506350969066491,-0.07804822079771365,0.8198877420160163,1.2977012815533726,-0.8736467818040449,0.7231915177367217,0.19795017977341636,0.2686683616543909,0.043517779331125474,0.26999857419687673,1.179697952787852,-0.4051315226222398,-0.021700673322490704,-0.4659093569114667,-0.6280087910670794,0.9892830742375731,-0.8702944695124775,-0.5993402227667972,0.7871863085663157,-0.9985031002328382,-0.7122147336323488,-0.9892830742375731,0.6280087910670786,0.02029268250195297,0.7161642658861095,-0.7916527108817039,-0.8579637923516437,-0.8185181077439823,-0.6235796198885869,-0.22015379130249568,0.06817301183707392,-0.5423417704240322,-1.0257092285706153,-0.9381911455531051,-1.481922449749529,-0.9312203811280227,-1.2100238385348534,-1.5557262504526888,-0.7833178721512579,-0.4316415915936655,-1.3841377820692236,1
-0.5348014154856993,0.4133176682906843,1.7280720791585935,-1.6014324776621007,0,1,0,1,0,0,-0.028641073495936725,-0.3431388425777702,0.2651395411791416,-0.45400368313045003,0.19833084053262584,0.08696588369520282,1.291366493691811,1.4260871495505383,-0.3055164490285741,0.7584326065937179,-0.18310829699776168,0.2170024826622422,0.4436077535599756,0.6775519345737129,2.0403967955129154,0.3410524358181307,-0.31074624375795584,-1.2435939367143447,-0.5972369986170187,0.888297888345227,-1.1186746351492665,0.08667535049987711,0.760376027709387,-1.3327241775041143,-0.9760776792793084,-0.888297888345227,0.5972369986170181,0.38237535959517033,1.4666567501381707,-0.7279694450999874,-0.4574282770171454,-0.5454256239766699,-1.6632444155002057,0.02452383803125581,0.34501385799472056,-0.9144083514851348,-0.9146852597229018,0.5034643620605421,1.2550424733328,1.519404907138216,0.7699805564767266,0.1890486229713212,0.36909507656128593,0.9600881112561845,1.2139110595827887,1
1.0843151130202777,-1.9315490351123477,0.5693561964423357,-0.4281154315628296,1,0,0,1,0,0,-0.29363875058271866,-0.15997513789514695,0.8920054306306766,-0.5697336138267077,0.7514989614374197,0.31727012167312146,0.5830449062065789,0.10413052430341922,-1.364319678388821,1.0592154606903013,0.713947450965544,-0.5052653425614336,-0.6253646464627598,0.3539295379208856,-0.014774235899673957,-0.37409656116761414,0.4249351258348448,0.4825800134332899,-1.3255027532684673,0.625495827724652,-0.45709591090092877,-0.15772291772536307,1.4891397390986694,-1.0095733557281228,-0.4570211959810846,-0.625495827724652,1.3255027532684667,0.10385022336961848,-0.25947596364157,-0.7461646638947628,-0.806281790372998,-0.6136987449184976,-0.08799472517957138,-1.1173050988595852,-0.7069813574043363,-0.35630847989348147,-0.6093693453916895,-0.4323471077939307,-0.9132419601757559,-0.10137901367278856,-0.4879709537443061,-1.4922798914190887,-0.3443034154988601,-0.07907006687170363,-0.6624575482769981,1
0.9044132765196139,0.49062096620506923,-1.6032360836506476,-0.13478617003801185,1,0,0,1,0,0,0.8673034537974689,-0.5675870648237784,-0.029103631420558513,-0.35794784065255614,-0.49242652790901914,-0.15988448400151775,-0.7829066570328818,-0.5370638674632517,0.6309188369772055,-1.694518966004626,-1.003205963804832,-1.7264663100958237,0.5013453787621545,-0.5133133774521309,-0.43361494880125806,-0.5512118772909447,-1.1570470427251385,-1.4419244076229802,-2.940209630097468,0.5613699807042828,0.5757540861022333,0.3027510759379346,-1.4164019640605965,1.1418777604728028,-0.10354165030395808,-0.5613699807042828,2.940209630097468,-0.5924626171942612,-0.5596729573423944,-0.5642124759469986,-0.7416792878996918,-1.1086788717467513,-0.4660546508565234,-1.3619827281933365,-0.09793149585751397,-0.23228628620644656,0.3898463742377325,0.12408133374116129,-0.42362934615769415,-1.047916823426415,-0.6007917169928287,0.09387908442092041,-1.0302635040182315,-0.9326642846196119,-0.7036964187794109,0
1.4184185236643685,-1.2615871198543382,-0.8790386569529866,1.7718540298733036,1,0,0,1,0,0,-0.4198281206240434,-0.02042183908933873,-0.24658771551598904,-0.21444272658919655,0.23535216244612203,0.1500200537046912,-0.19187262244863681,-0.6857165739970074,-0.1799956788705499,-0.07712996199668992,-0.0384616245376005,0.21649903265181453,0.3288976579086636,-0.11202211790400685,0.10159823302270682,-0.4284860818623309,0.0799958275262736,-0.08706662841240893,-0.0632699944762795,0.3580292690535297,0.15487237191900524,1.0429463971469126,-0.18452706632445953,0.18352009586188203,-0.0350016209064927,-0.3580292690535297,0.06326999447627879,-0.14682239923337803,0.04072103005925432,-0.1457224436671417,-0.3411437725651945,-0.2894014204448148,0.1325402314653172,0.4323198869208419,0.5111183656893089,-0.17027518936292965,-0.1375174777889068,0.5034643620605421,-1.0166384128255321,-0.944186652494511,-0.8207922053274488,-0.7309235830158842,-0.28942660841731066,-0.15329565102369538,-0.6418381130257917,0
-1.2544087614883548,1.5986349029779314,0.27967722576327125,2.9451710759725747,1,0,0,1,0,0,-0.05387894750420167,-0.33325381724569214,-0.6559695208720935,0.5001895954601949,-0.9029664449188455,-0.6428525947124928,-3.2624302166471773,0.4810547053743482,-1.3453800214897096,-0.6987073766124432,-1.0247792458195508,0.39637489670158454,1.6534575413670334,-1.125374587542732,0.26666398068804187,0.7455135083699014,0.15400524259503415,0.23256172821577986,1.8374976249218467,-1.2817996886347096,3.4120276046164624,-0.3931245581158127,2.588348738737038,1.0966175512734107,1.559314472252933,1.2817996886347096,-1.8374976249218473,-1.1216603760228097,0.04072103005925432,-0.5642124759469986,-0.12149526415595328,-0.05044549714841698,-0.9386295579527137,1.3294711944779316,0.4557501964577793,-0.728375060954584,3.8038334163049243,-0.1035484832504671,0.9539763317937442,2.3103474604939858,2.7669080659755845,-1.3653871733518879,-0.4540570296619595,-0.9883334727336057,0.904619530814692,1
1.0843151130202777,0.928672987719922,0.5693561964423357,-0.13478617003801185,1,0,0,1,0,0,-0.29363875058271866,-0.15997513789514695,0.29072590401389814,-0.4603688293187442,0.474909821725161,0.23275070229870082,0.24146385028664633,0.2831217124820493,0.14919882773368012,0.37351097381984916,0.6389462011155989,-0.47933394107037164,-0.4297744046953635,0.6715683800446558,-0.5266710680451543,-0.20466585191804634,0.7032401094302194,0.7555021519952093,-1.6929968571541203,1.0253393444399002,0.3352618507863443,-0.9162009498458201,-0.4096292389803779,0.19273162580588168,-0.09306054959586106,-1.0253393444399008,1.6929968571541196,0.438080386840281,-0.6347222057676005,-0.5460172571522233,-0.5607922809744348,-0.27233314020935756,-0.024984737566746233,-1.5251011477491712,-1.0945585420250417,-0.10826409251941274,0.5008703430854462,-0.7105613285614767,0.6894030558957865,0.35244048415429274,0.4145951522438788,0.6331731362065233,-0.5363722402842841,-0.09762646290970158,0.904619530814692,1
-0.3291993166277972,0.49062096620506923,-0.15484123025532542,-0.13478617003801185,1,0,0,1,0,0,-0.7353015457273552,1.0233205415624351,-0.029103631420558513,-0.35794784065255614,1.3677549426184266,1.063634729799619,-0.15258478148083776,0.5512887783824816,1.4430192916657687,-0.41029352894652116,0.3831105122892335,0.47029272312722065,0.4447237836141237,0.10223039997895818,0.969308717371563,0.7170381198334332,0.21457272845131942,0.23159882647004315,-0.16027754582615011,0.8003845014165709,0.3143202640894364,0.2143710449863659,-1.2521015535995952,0.7670467321735909,-0.2719512521889205,-0.8003845014165709,0.16027754582614942,0.15955525061472892,1.0163612595869336,0.2727675886127153,0.6149732640397371,0.683490552976235,-0.43454965705011084,-0.05703537174666111,0.012804842605544792,0.3258135853852078,0.22331042096616224,0.12408133374116129,-0.2046721523111086,-0.8015576674631424,-0.48232991558187904,0.1890486229713212,-1.1125787146405561,-0.9326642846196119,-0.5181215015185524,0
2.3693282308821653,-1.2615871198543382,-1.6032360836506476,0.3052077222492148,1,0,0,1,0,0,-0.356733435603381,-0.07856904692509216,-0.06748317567269331,-0.3290153579784917,0.3109584378304393,0.19384493782476117,-0.2979044561273362,1.5670737610264078,-1.1334865167229178,-0.6121491427685306,-0.7182253577545279,-1.284600354601992,0.0650174701717731,-1.1296507487683303,1.9136695602691516,-0.634511319337584,-0.5476101721869966,-0.5377280180013544,-0.19575715951429745,-1.5578921029446724,-0.7144903198569663,-0.23378576062704798,0.9118913564874063,0.2839731265057844,0.40874139154879285,1.5578921029446724,0.19575715951429676,-1.0938078624002545,1.6167552469885829,-0.2730889752305771,-0.5478717804797735,-0.71610842633123994,0.2270552128845555,0.02452383803125581,0.12354118106860354,-0.6043528672675491,-0.6926373220274746,-0.2553016945782196,-0.11343998820836432,0.36540675552078095,0.46536449570571364,-0.7309235830158842,1.0276167615398821,0.29205785388825667,-0.1469716669968365,1
2.3693282308821653,0.6967630939767645,-1.6032360836506476,1.7718540298733036,1,0,0,1,0,0,-0.356733435603381,-0.07856904692509216,-0.7071422465416066,0.6911439811090201,-0.7700825676237945,-0.5945557836413953,-1.2643565848839744,2.290243454535724,-1.0286373911404032,-1.0951265786963995,-1.3555369525601642,-0.5430989975625937,1.2721555569598233,-1.0962400949571498,1.5304486112507638,-0.3864395569163006,-0.9311788674978155,-0.8468688291564962,-0.02757457514840374,-0.7133741297612556,0.66276842285487,-1.6102611942798541,1.0178472866334338,0.5561043309584376,0.9354618450300194,0.7133741297612556,0.027574575148402326,-1.038102835155144,1.391607501712964,-0.04564874029587195,-0.23777976860790415,-0.5795621844475838,0.16404522527173035,0.35076067714292497,0.40038202722625016,-0.6043528672675491,0.3065783976019474,-1.6210805965279906,-0.9071598159022387,-0.30883935553659736,-0.07617516788719629,-1.0481553781838862,-0.8656330827735822,-1.211010225189582,-0.76555472453303,0
0.6988111776617119,0.8256019238340739,1.7280720791585935,-0.4281154315628296,1,0,0,1,0,0,-0.6848257977108253,0.6918814568986407,-0.5920036137852022,0.2629432375328666,0.35708231377937705,0.32889713174579305,1.1042579015124183,-0.6676760217036914,0.1455398677676701,0.38847747440181757,0.14220839185277306,1.0058344221822617,-0.22198875300462312,0.35907213650311215,-1.5253324614696702,0.5829769185922606,0.5178655684768446,0.8102935042526251,1.0187373090415193,0.3614669270176405,-1.176716844694819,-0.6116382817234981,0.38687770625268575,-0.011301372508961545,0.6062160218672825,-0.3614669270176405,-1.01873730904152,0.0759977097470634,-1.535313186870074,-0.8553359766634215,-0.4574282770171454,-0.23819657973844427,-0.7495995951142377,-0.5463906304141645,-0.983822203561983,-0.790386157798101,-1.2200011740541141,-0.8623145398892288,-1.1443634425693747,-0.8015576674631424,-0.7530997473783346,-0.6040308649486834,-0.8656330827735822,-0.8213259083916238,-1.0129879475475077,0
0.544609603518286,0.49062096620506923,1.4383931084795292,-0.7214446930876474,1,0,0,1,0,0,-0.3062576875868511,-0.14543833593620858,-0.20820817126385424,-0.2503190051050364,0.11650849292030875,0.08159957135396977,-0.1137724261439654,0.7459775552142611,-0.9658239203828589,0.9017951502253764,0.2226639859665094,1.1840279991639846,0.20741956190039243,0.9529466721285622,0.31779053969942933,-1.6519581635979086,1.3729518639828573,-0.21723374976218496,0.4316262532639202,1.1867913099014362,1.1103764146438362,-0.7055220191200776,-0.3397449857217051,0.14312849729127994,-0.5015605624641849,-1.1867913099014362,-0.4316262532639209,1.1622457410267157,0.5660657690356972,0.7549408866742913,-0.3023822710812103,0.2397152668543526,0.9831750642384596,0.8401159358104279,0.6772228733838963,0.139780294854656,0.3343343898138759,-1.0899443568808573,-1.7829885912885848,-1.6443653062848649,-1.4977167848185873,-1.4922798914190887,-0.9479482933959068,-0.5429799678216537,-1.6315710050837011,1
0.9815140635913272,1.0575118175772313,0.5693561964423357,0.3052077222492148,0,1,0,1,0,0,-0.40720918361991093,-0.05996194041765106,-0.19541498984647596,-0.28445933466043244,0.26839092480453836,0.17372126654513723,-0.7328220344680202,7.18690013442414e-4,0.8627125499454961,-0.49173207838335226,-0.7320150020934855,-0.8474124874121878,0.23122429169459813,-0.4732096588221648,-0.37438973487286636,0.929976642561508,-0.8882105939159638,-0.6517586354064344,-1.4375436385994584,0.26996871572628706,0.5461813623582575,-0.37604184223421205,-0.24482011764818803,-0.21643610664025315,0.31533990091330066,-0.26996871572628706,1.4375436385994576,-0.5924626171942612,-0.5596729573423944,-0.7461646638947628,-0.19901826712392082,-0.5283573437412127,-1.222174502210428,-0.8726274695258333,-0.319404172783631,-0.35630847989348147,0.77843026520473,-0.1035484832504671,0.890113816921823,0.6117659114840535,0.4822876101929924,1.3945294446097283,0.03983423407198747,0.18071947766026855,1.4613442825972665,0
1.958124033166361,-1.9830845670552713,0.27967722576327125,-0.4281154315628296,0,1,0,1,0,0,-0.33149556159511606,-0.1047352904511812,1.2758008731520245,-0.6235480316004676,0.929453361089594,0.4013423483524393,0.378176928699209,0.2347428213557689,0.9865084028381481,0.6031547544535326,0.635278430944469,0.8312192781534536,-0.15473287886229894,0.01042232120834361,0.4234664852555343,1.5303530285814004,0.1442947754309373,0.4963073693533309,0.5209310369862826,0.617030896486598,-0.5154503646545047,0.10202753957920051,0.18926717213398508,-0.6717429316728668,-0.341345525819639,-0.6170308964865974,-0.5209310369862833,0.02029268250195297,0.41596727218528484,0.07262018187017576,0.8604627734383002,0.8883099158017184,-1.0016395455655394,0.5138790966987595,0.2896456887631914,0.20179139169817292,-0.5538573609678327,-0.02767187758659086,-0.350643614875499,-0.2051091846046925,-0.44848368660732285,-0.2550758902638815,-0.12479618717266176,0.18071947766026855,-0.3944048900113141,0
0.31330724230314594,-0.23087648099586283,1.0038746524609323,-2.041426369949327,1,0,0,1,0,0,-0.16744938054139394,-0.2948766600740949,-0.4768649810287978,-0.005550201682451352,-0.3859219071422638,-0.2224914613159034,0.7364317568650198,0.8857406442118079,-0.8117394523211785,1.5699014697163347,1.1787746591479604,0.13268832955102253,-0.9132574396415326,0.14961164511137445,1.540855717052032,-0.7361536792402232,1.2290752596642065,0.7061645898639802,0.8111642712127044,-0.6235317921885499,-0.8745360916824024,0.3278886004856853,0.3699115715094352,-0.902105615692728,-0.8430325103013964,0.6235317921885499,-0.8111642712127051,0.0759977097470634,1.3165582532877582,-0.20940570944885942,-0.5478717804797735,-0.06751377738387422,0.3215701943037938,0.4323198869208419,0.06817301183707392,-0.17027518936292965,-0.7481493064513315,0.5034643620605421,0.5434315933313949,0.6636309969500054,0.22844089288381547,-0.12818317219668063,1.6038232358961542,1.3497724280541432,-0.023255055489598248,0
0.7759119647334253,0.28447883843337485,-0.4445202009343899,-0.13478617003801185,0,1,0,1,0,0,-0.48292280564470574,0.12785354089183248,0.047655457083711085,-0.40308251362409664,0.6012107032117973,0.4098390095593917,-0.38959583639532364,0.0894758467911617,0.27316899448824783,-0.19527298123381912,-0.32055864163810827,1.1434005492509223,1.1681285247040716,-0.4938155826708508,-0.20753805756105617,-0.350731307797327,-0.1586945812434914,-0.07321749495810395,0.6359402782403267,0.92874415142872635,0.04832778256871154,-0.3307154778411471,-0.7258823066188546,0.106442369441425,0.34525930060078985,-0.92874415142872635,-0.6359402782403275,-0.5089050763265954,-0.25947596364157,-0.20940570944885942,-0.354064273059855,-0.3918111018575571,0.19555021907814235,0.6769975162545934,0.40038202722625016,-0.35630847989348147,0.08453045990652028,-0.2553016945782196,0.19674936974096682,-0.21807545597118072,-0.1607907403235886,1.0772976494417266,-1.1125787146405561,-0.8769950965056176,0.16231986177126023,1
-0.38059984134227254,0.2587110724619126,-0.4445202009343899,-1.6014324776621007,0,1,0,1,0,0,1.5487260520206223,-0.6577152369691962,0.9047986120480549,-0.5749414607080393,-0.21832375161399545,-0.06150209107891172,1.4577763161251285,0.4344251777072361,0.9021434534885224,-0.2550400698351493,-0.3226928841596553,-0.7531404554043477,0.20884123141146183,1.1026215058687574,0.6849301286183025,0.48917554327461493,-1.1595189273366708,-1.4561108695420908,-2.3498765620089648,1.303385209184222,-0.925347036910998,0.08988577702395642,-0.7416860778219636,-0.8052164392851674,-1.0020923015206191,-1.303385209184222,2.3498765620089634,0.7258896942733513,0.3159016076183434,-0.7673924191553354,-0.4229736090313822,-0.8298969612342869,-1.4007028004467665,-1.0357458890816678,0.012804842605544792,-0.6870343297255728,-0.9424412519348303,-0.1035484832504671,-0.5422311594912614,-0.8145239388296306,-1.0407926936620688,-0.15990635171348128,-0.7010026615289333,-0.15329565102369538,-0.5181215015185524,0
-1.3572098109173063,1.6759382008923163,0.27967722576327125,-0.4281154315628296,1,0,0,1,0,0,-0.14221150653312897,-0.3065061016412456,-0.13144908275958464,-0.3128131676810156,0.01221242151680402,0.006024005881604224,0.8620617963703593,0.6089052692404103,-0.3932273518300346,0.8924761638352826,0.2860479405807459,0.15455000529848037,-0.043549042546775045,0.045255696805346086,0.5730979181855695,-0.6209085741157155,0.05821618263437115,-0.32719607361084835,0.39961991949913633,-0.18555039652161812,-1.1534989537475728,-0.26162467773250253,-0.08639827364575667,-1.147951549419181,-0.6913196145615506,0.18555039652161812,-0.39961991949913706,-0.23037994010104354,0.11577027848446049,-1.0372881646111858,-1.1551353037288514,-1.0745423112758372,-0.5605696322757617,0.35076067714292497,0.17890935030013266,-1.2864749325462383,-1.192245181842186,-0.5588081172337243,-1.0531312784666302,-0.9312203811280227,-1.2607931819966884,-0.5405845059150832,0.2044646553166367,0.1250502895462747,-1.4459960878228426,1
-0.7147032519863632,2.448971180036173,-0.4445202009343899,-0.4281154315628296,1,0,0,1,0,0,0.4130217216486998,-0.48792539008879626,-0.2849672597681238,-0.1768304991129128,-0.5303234463210064,-0.23859039833960255,0.3779485538275198,0.6112120922051495,0.45882322034400225,-0.06112743451705746,-0.4505951253048081,1.063208054243499,1.4965490121387404,-0.40509853775986887,0.7778750648754605,0.34763101896637283,-1.0480906679784894,-1.406410989825734,0.3719166594960627,1.0812265632535092,-0.9303163501842594,-0.05964961444589591,-0.2778910642255786,-0.9566895448379958,-0.7872908646499025,-1.0812265632535092,-0.3719166594960634,-0.17467491285593337,1.1664597564373458,1.0642596061854894,1.1059522828368633,0.5640125913280355,-0.24551969421163483,2.7975369704804414,2.7812133041820113,0.6358690696027934,-0.8314172830871166,0.04820472807728505,0.33359761589508324,0.13201387092399572,-0.2623294272472596,0.41111087958892223,-0.04248097655033679,0.5704037944582268,0.47161139053935697,0
1.0586148506630406,0.5421564981479937,0.27967722576327125,1.478524768348486,1,0,0,1,0,0,-0.1800683175455264,-0.28848046721216203,-0.3233468040202586,-0.14211151990403548,-0.1518909280177572,-0.11203486562552299,-0.3511975065605054,-0.4701377331401834,1.0226251030190916,-1.5658911618284461,0.06298463647475776,-0.8070702112829167,-0.770283077357597,0.36384394191362884,-0.13335346683237798,-0.35195625971564687,-0.49397957478591437,-0.1136424355467625,-0.6501878279857761,-0.45589913793704195,0.8518972616852958,0.511688217410084,-1.7516448724527738,1.6255962462913376,-0.19283283175662502,0.45589913793704195,0.6501878279857761,0.49378541408539117,0.04072103005925432,0.5456958705343614,0.26611975068388355,0.0519641842643253,0.9831750642384596,-0.13859458152457876,0.17890935030013266,0.9459245538203791,0.9449662184763004,0.6552175733882943,0.4613226456389258,-0.5681647828663581,0.05920974801103089,0.6966194952401235,0.8629863402952329,0.6817421706862145,-0.1469716669968365,0
2.52352980502559,-0.30817977891024867,0.27967722576327125,-2.334755631474145,0,1,0,1,0,0,-0.38197130961164594,-0.0640322449661538,-0.5280377066983108,0.1587862999062346,-0.2255181090975203,-0.1719586867692921,1.9043148640650263,0.4809460199327436,0.5880688353435728,1.3629849573044133,0.89390885807958,1.9594747529115042,0.26706383844845,1.7894673785756496,-0.10648019276477505,-0.0058254974504319285,1.3263428880779016,1.1905331596701356,1.5307508023525969,1.1543098493943817,-0.8599814546242481,-0.7667830254849545,-0.8097638614661161,-0.5261258412468545,1.9861638822076962e-4,-1.1543098493943817,-1.5307508023525975,1.9978211497033713,0.11577027848446049,0.7003552302899613,0.5891322630504142,1.1443341193335734,0.6681251261743327,0.758556726032511,0.06817301183707392,0.8839134569768611,-0.9424412519348303,-0.9381911455531051,-0.9436526815433369,-1.164613265724808,-1.2607931819966884,0.28421816152172197,-1.277209135885205,-0.9883334727336057,-0.76555472453303,1
1.0586148506630406,0.6709953280053031,-1.168717627632051,-0.8681093238500562,1,0,0,1,0,0,-0.4955417426488382,0.15401978441792155,-0.38731271110714993,-0.07209491183279954,0.1961106793810435,0.17416845924023996,-0.9120226959437158,0.7248880254620795,-0.11103326212257847,-0.28047361836663476,1.7778121100402045e-4,0.2273159278332456,0.27883497374814714,-0.6603127303836948,1.2705758348310758,-0.37228622071423917,-0.017146973882645758,-0.05070191223789226,-0.1227108960387,0.43173498641965286,0.6084130598319505,0.2779034150397857,-0.2223255597136885,0.361899117982485,-0.04973167325513529,-0.43173498641965286,0.1227108960386993,-0.7317251853070371,0.8662627627365218,-0.6369933511261053,-0.7158382869103699,-0.6819718658603261,-0.18250970659880966,-0.13859458152457876,-0.09793149585751397,-0.790386157798101,0.16779843654230542,-0.17942508891434333,-1.1991027410310207,-1.112748180258855,-0.9223308922511192,-0.9529858396334858,-0.7010026615289333,-0.5986491559356475,-1.136704559054746,1
-1.1773079744166424,-1.3646581837401863,1.7280720791585935,0.3052077222492148,1,0,0,1,0,0,0.22373766658671274,-0.44373351213362366,-0.15703544559434116,-0.3023974739183524,-0.29006956576347437,-0.10756293867449544,0.2065318574502681,-0.4359842827413957,0.5382920804307568,-0.14951574240634707,0.16904962111077002,-0.31426093314977616,-0.23417899015081842,0.21443098065091679,0.5277124038476652,0.050564755387958134,-0.09128717467596789,-0.21222612573893215,-0.2682155254971324,-0.1626015385546773,-0.07293066602423005,1.1270528121548917,-0.6850506041218064,0.11146732227557786,-0.42697029213269805,0.1626015385546773,0.2682155254971317,-0.17467491285593337,-0.03432821836595151,-1.3284116653276086,-1.1034533017502068,-1.0745423112758372,-1.0961545269847772,-0.05703537174666111,0.06817301183707392,-1.1624527388592034,-0.47058938433204756,0.27583454506891375,-1.6461403451344683,-1.6702978490178413,-1.531563013793144,-1.0798785577006862,0.03983423407198747,-0.04195727479570725,-1.7552876165909395,1
2.4464290179538777,0.8771374557769975,-0.4445202009343899,0.3052077222492148,1,0,0,0,1,0,-0.2684008765744537,-0.18032666063766065,-0.579210432367824,0.2571567409980537,-0.4823762997532824,-0.3374199839573113,-0.4722865634548018,0.6883994606643766,-0.015182620577149726,-0.4130016059001921,-0.8137562397068849,-1.4236019045585337,0.06877371380901123,-0.7067844699305416,0.10092173405686519,-0.12074156483795903,-0.6525303488486318,-0.6842797139918135,-1.0228468552315015,-0.9271761482887021,-0.04948475135362788,-0.8437486860772302,-0.10057847744026119,-0.08909939904032468,0.3898570096424187,0.9271761482887021,1.0228468552315009,-0.6203151308168162,0.19081952690966666,0.30006041680488094,0.188596747715916,-0.08458205761933026,0.1325402314653172,-0.13859458152457876,0.40038202722625016,0.2638024885416898,0.11228645211844858,-0.6346847228976005,0.6985262723060605,0.533968283285125,0.46536449570571364,1.0772976494417266,0.9453015509175579,0.514734606344233,0.6571863078002155,1
0.7759119647334253,1.0575118175772313,-0.4445202009343899,-1.161438585374874,0,1,0,1,0,0,-0.48292280564470574,0.12785354089183248,-0.5152445252809326,0.15589305163882816,-0.035239965796173216,-0.022149133909869317,0.09138171135747186,-0.7756105445549085,-0.009436937078330921,0.11600889200378497,0.05464998596116359,0.5332258605074685,0.4000152596352694,-0.47861223889203025,-0.014888038272766786,-0.334338660100516,0.06255121750357466,0.27053418516100436,0.20465562353765385,0.5242815205937548,-0.6052922039049882,1.0496353034485173,-0.3230775007782137,-0.09469581229637845,0.19307631831783287,-0.5242815205937548,-0.20465562353765385,-0.5089050763265954,-0.10937746679115769,-0.2821865846279648,-0.40574627503850064,-0.3576745413866426,0.29006520049738066,0.10608304780917345,0.012804842605544792,-0.17027518936292965,-0.6648813298155464,0.7310941790521709,-0.5331079430809875,-0.6070635969658218,-0.6007917169928287,0.12560226393772106,-0.7833178721512579,-0.6543183440496418,-0.5181215015185524,0
-1.1773079744166424,2.448971180036173,1.7280720791585935,-0.4281154315628296,1,0,0,1,0,0,0.22373766658671274,-0.44373351213362366,-0.2849672597681238,-0.1768304991129128,-0.4221665007562593,-0.2046037535117932,0.5700378940090867,0.24456024874544158,0.13563766174473138,0.5744075338209037,0.8317449409169102,0.3477013441390694,-0.19982698783411912,0.3035942295378893,0.12264294016807395,0.30876919444940787,0.40154658317996134,0.5627999923214587,-0.20147967785109497,0.6740482547543618,-0.48930379086797404,-0.21280561127790212,0.12486203534044658,-0.3778208022607261,-0.5318445063312662,-0.674048254754361,0.20147967785109425,-0.03541234474315745,-0.25947596364157,-1.0827762115981268,-0.7804407893836761,-0.596630464683041,-0.8126095827270634,-0.46483142063624716,-0.4301405112466897,-0.6663639641110671,-0.49834537654397587,-0.2553016945782196,-0.17730250308028428,-0.08841274230630035,-0.2284831982727022,-0.4771381468814831,-0.28942660841731066,0.013711913318286572,-0.2706882785040748,1
-1.9740161074910114,0.5421564981479937,-0.4445202009343899,1.478524768348486,1,0,0,1,0,0,1.2711094379297079,-0.629223105129677,-0.3233468040202586,-0.14211151990403548,-0.9199358632447868,-0.3740897849557372,-0.6009988097554273,-0.4637117475955943,1.640230314095187,-1.3412476965667364,0.05462610795310462,-0.1846949226738862,-0.3123509467893692,-0.2622038915705479,0.03214724511970217,0.38216721192063763,-0.18856798213563544,-0.04299940874693575,-0.007768161614413057,-0.24419747799268982,0.5737124358950065,0.6686633306766304,-1.8582085954940835,1.6249583247778498,-0.11299716919094371,0.24419747799268912,0.007768161614412348,-0.3417899945912644,-0.10937746679115769,-0.4095531161914002,-0.1602567656399366,-0.22112829950298704,-0.5290646384693491,-0.13859458152457876,-0.1532996650890431,-0.6663639641110671,0.6674062963570164,0.8069707847160468,0.4521994292286506,-0.6329961396987983,-0.008482709938082702,0.886958572340925,0.6983559190505837,0.6260729825722207,0.038603250264021984,1
-1.1773079744166424,1.0575118175772313,1.7280720791585935,-1.161438585374874,1,0,0,1,0,0,0.22373766658671274,-0.44373351213362366,-0.5152445252809326,0.15589305163882816,-0.7584313403226886,-0.4617395531958772,0.5975579832632318,-0.5029960177016218,0.2222416509068074,0.5171438097264465,0.4968411949895548,0.174058071659022,0.10872227371805573,0.29816627201636153,0.1582874796956508,0.11644732425467122,0.6955987176505734,0.9485021024041832,-0.06904425348519842,0.30587169994287167,-0.5329946960889519,0.8489467421692879,-0.18679345119017726,-0.008884142370194704,0.2801098052798586,-0.30587169994287167,0.06904425348519772,-0.06326485836571254,-0.25947596364157,-1.1646546961746211,-0.9354867953196102,-0.6478353053894121,-0.5920746260821743,-0.709509049969999,-0.762349526635866,-0.6663639641110671,-0.49834537654397587,0.8069707847160468,0.041654690766301246,-0.06248019957332482,-0.0592520533999176,0.47455723862252236,-0.7010026615289333,-0.6543183440496418,-0.08511336124321738,1
2.8062326909552056,1.3151894772918502,-1.8929150543297122,-0.13478617003801185,1,0,0,0,1,0,0.16064298156605036,-0.42338198939110994,-0.8478672421327675,5.323234457226736,-2.8876076883258217,-4.43951857613488,-0.06855774885641061,0.5783466830964753,-0.8886496168777978,-1.2108018495107886,-2.305382200365298,-1.7983907662080538,1.9976131005662898,-0.8604387581327669,0.0943025093689911,0.5114223372291952,-1.2822108634796592,-1.2816996850917992,0.20465562353765243,-2.6557654680831164,-0.7644090502201372,-0.69932878906693,1.7287439237435005,0.36429684079715263,1.7457794889021638,2.6557654680831164,-0.20465562353765313,-0.7038726716844818,0.340918023760079,0.764038496071679,0.9379857764062678,0.3079883877961804,-0.24551969421163483,1.9003856629233515,1.9506907657090713,0.38782468222872474,-0.8036612908751883,-0.7864379342253526,-0.5422311594912614,0.36540675552078095,0.49921072468027106,-0.5405845059150832,-0.12479618717266176,-1.0996718489615938,-0.3944048900113141,0
0.2619067175886707,-0.2824120129387873,-0.8790386569529866,-2.334755631474145,1,0,0,1,0,0,0.11016723354952047,-0.4175672686075346,-0.5280377066983108,0.1587862999062346,-0.7086732513268645,-0.4438518453917669,0.2805631401204472,-0.13397655965772953,2.4256749559590163,-0.3146672774389559,0.06863366843407277,0.6375065295627225,0.5506862458274617,-0.46478174852056153,-0.9779365621160852,2.253758964672118,-0.7782997130670777,0.31906310250977904,-0.7989105922128049,1.6618326698171102,-0.8545343227670189,-0.7957883471447048,-1.0511685175785144,-0.34665348144134084,0.22227588864244568,-1.6618326698171102,0.7989105922128042,-0.6760201580619267,-1.1600669447440433,-1.21924035255895,-0.05689276168264715,-0.3576745413866426,-1.757759396919444,-0.7910682597479163,-0.5408768497097485,-0.790386157798101,-0.9701972441467586,-1.0140677512169813,-1.1717330918001976,-1.4498712357875443,-1.4638705558440304,0.3476645205553221,-1.6064699783745033,-1.211010225189582,-0.8274130302866491,0
-1.922615582776536,-1.3646581837401863,-0.4445202009343899,0.7452016145364414,1,0,0,1,0,0,0.9051602648098662,-0.5716573693722812,0.8536258863785419,-0.558160620757082,-0.030662465111361153,-0.008286160361683923,-0.6839625647115061,-1.11681714452729,0.8836007413512011,-0.7032260454532598,-0.1711640419404073,-1.069136425007621,-0.25294932339145365,-0.12908090495215976,-0.1516533250391762,1.5816603079300806,-0.5213785099817252,-0.025405490945789377,-0.6949470730335828,-0.7689345227338477,0.8220904764119418,1.3809436080320727,0.3815042605039745,0.43302301345286903,0.19771812031565314,0.7689345227338477,0.6949470730335822,-0.32189534200372505,-0.3988531392883812,-0.8280431484712572,0.026167598640175427,-0.17967676178830497,-1.5057194464681423,-0.6862064186048799,-0.46177946509327783,-0.5689179547855394,1.055990187324014,1.717490052682561,0.8627441676909999,0.9488889670127426,1.0915197317350172,0.062155904904119784,0.6983559190505837,0.3477270420022505,0.40975308478573785,1
0.930113538876852,1.5986349029779314,0.27967722576327125,2.9451710759725747,1,0,0,1,0,0,0.1480240445619179,-0.4193116848426072,-0.6559695208720935,0.5001895954601949,-1.0540900557882669,-0.7090371135877005,-3.0392814717987284,0.4482808506197387,-0.8997108934156539,-1.2382183215474054,-1.4441995107139523,-0.9338651361543099,1.6660232604542005,-0.517045952775499,0.22300679301836906,1.4651226054187827,-0.8457828017628185,-0.4300893049067559,0.3186972389638403,-1.5897607057063121,3.709568647003709,-0.3918762261510075,2.702241854353002,0.8340893210222968,1.4576315988419746,1.5897607057063121,-0.3186972389638417,-0.5367575899491508,0.11577027848446049,-0.24579614703841146,0.5245297605771081,0.13730558544161034,-1.1906695084040155,0.6769975162545934,0.5664865349208381,-0.4803306735805153,4.497733221603134,0.04820472807728505,1.492246099999936,2.932728486085413,3.2407552716193817,-1.0798785577006862,-0.28942660841731066,-0.9326642846196119,1.275769365336409,1
1.6754211472367457,0.18140777454752677,-0.4445202009343899,1.0385308760612593,1,0,0,1,0,0,-0.11697363252486404,-0.3169725990516812,0.31631226684865466,-0.46789127481400095,0.3038418587079016,0.11782217965729289,-1.7927362487178924,-0.7641831104878216,0.8485400762511672,-1.881160038766919,-1.1315038663583261,-0.03879100735117952,1.3441726903585602,-1.256361712095253,0.05469106012500404,-0.21408659941814612,-1.485235058697376,-1.3212527295649834,0.02438743144227863,-0.07709346503402185,1.237501574414152,1.1036536049101724,-1.375119096478466,1.0685921899479578,0.18106431331642703,0.07709346503402185,-0.02438743144227934,-1.2887754577581405,-0.3345252120667762,-1.1464594773798444,-1.0646918002662225,-1.5012493171622625,-0.8126095827270634,0.6769975162545934,0.7325910426154264,-1.534519319920306,1.2780381250194413,1.1863538130354276,0.34272083230535716,-0.4514683405679659,-0.025405824425361403,0.9821281108913258,0.2044646553166367,0.18071947766026855,0.22417816752487937,1
2.08662534495255,0.18140777454752677,1.0038746524609323,0.5985369837740325,0,1,0,0,1,0,-0.48292280564470574,0.049354810313565374,-0.0035172685858019803,-0.37357138129655093,0.5630390160772756,0.3266611682702793,3.0332155067156963,1.3826242332264653,-0.7917374447947779,1.7215793587197186,0.676072816023009,0.7572801788796869,-0.5866578369823576,3.0762238638689956,2.0741626080778643,-0.5795730495439573,2.3177006136916214,1.33771184424851,0.6060821098378343,0.43173498641965286,-1.144033360002697,0.18015541693631268,0.49991658941601247,-0.027550392220121015,0.4270874792763371,-0.43173498641965286,-0.606082109837835,3.111921694605578,2.142099985965025,0.381938901381374,0.007709740790658993,0.9395147565080901,0.4475901695294441,-0.7910682597479163,-1.0945585420250417,0.9459245538203791,-1.1089772052064004,0.04820472807728505,-0.33239718205494984,-0.03654765684034838,-0.0423289389126401,-0.2550758902638815,-0.7010026615289333,-0.5986491559356475,0.038603250264021984,1
1.4184185236643685,2.3201323501788633,-0.8790386569529866,-0.4281154315628296,1,0,0,1,0,0,-0.40720918361991093,-0.03495864104827709,0.29072590401389814,-0.4609474789722255,0.6294993601968331,0.32934432444089584,0.49432639584307086,-1.475695354610294,0.05169971044809598,1.1312687932988528,1.1232069375072606,0.26340518969173793,-0.5694696124452113,-0.16532176788482908,-0.47879423457476106,-0.527578011390998,0.13647084042206237,-0.020967195302430883,-0.19575715951429745,0.5534028300138731,-0.85256044920203,1.5457926323948723,-0.6008402581515947,-1.3929490071017108,-1.4806944141823513,-0.5534028300138731,0.19575715951429676,-0.2582324537235989,-0.5596729573423944,-0.4186507255887879,-0.6124742829530796,-0.5283573437412127,0.038025250046078915,0.02452383803125581,0.12354118106860354,-0.4183195767369984,-0.7481493064513315,1.6416134470186852,0.38833691435672935,0.002351157259115363,-0.5500223735309933,0.3476645205553221,0.6983559190505837,1.127095675598167,0.038603250264021984,1
1.5983203601650333,-0.23087648099586283,-1.6032360836506476,-0.4281154315628296,1,0,0,1,0,0,0.36254597363216995,-0.4768774206000031,-0.2849672597681238,-0.165257506043287,-0.5031741488122929,-0.23903759103470532,-1.588305431516471,0.33799999700734196,0.02334757328289561,-0.6488892750913821,-0.7924116765749182,-3.0756699273418433,-0.5982109885538531,-1.2321126775978095,0.4430402036004593,0.04755590806550868,-0.5873677230250555,-0.680455958426061,-2.4459116065783864,-1.7690215962405276,0.9774648962499008,-0.020087653171599183,0.01587218650549366,0.29418376815299146,0.3658411852766129,1.7690215962405276,2.445911606578386,-1.2330704305130304,0.11577027848446049,-0.7643598826895395,-0.625394783447741,-0.801449827508525,-0.7811045889206503,-1.5251011477491712,-0.7069813574043363,-0.6043528672675491,0.8061862574166584,-0.1035484832504671,-0.25028823436248077,-0.2051091846046925,-0.07617516788719629,-0.0647368131630805,0.6983559190505837,-0.09762646290970158,-0.8274130302866491,0
0.2619067175886707,0.6967630939767645,1.0038746524609323,1.7718540298733036,1,0,0,1,0,0,0.48873534367349464,-0.5024621920477346,-0.7839013350458762,1.3913100618213792,-1.8954214363236201,-1.4616624194456365,-0.423826887586133,-0.325973031779334,-0.34279681221253,0.2647766325727466,0.40322980102078254,-0.7203635511384084,-0.724632632816214,0.438814230147729,-0.14179905440010332,-1.064896290176816,1.0348626820934281,0.4710313167822039,-1.0117882743416888,0.020989325180847843,1.0277996126521478,0.30535703625196087,-0.6015033473652622,0.6684559722471326,-0.06434808786455687,-0.020989325180847843,1.0117882743416882,0.577342954953057,0.04072103005925432,0.5729886987265271,-0.10857476366129187,0.3079883877961804,1.1722050270769362,-0.8726274695258333,-0.5408768497097485,0.7598912632898273,0.8616982418405155,0.19995793940503753,-0.22291858513165644,-0.4903671546674297,-0.21156008378542468,-0.15990635171348128,-0.04248097655033679,-0.04195727479570725,-0.332546584257695,0
-0.9717058755587404,-1.235819353882877,-1.168717627632051,-0.4281154315628296,1,0,0,1,0,0,1.510869241008225,-0.6559708207341236,0.9303849748828115,-0.5801493075893709,-0.1983193152049011,-0.056135778737678665,-0.4879572890125029,-0.4639938453458793,-1.3558565489186807,-0.4552309510360498,-0.7131719390766501,-0.7900435960989447,0.47546287140284077,-1.4548091033548005,-0.7866561218172726,-1.5730099885057442,-1.2568916463806736,-2.476889507216277,-2.2705432643211814,1.1743719279428564,-0.7751116260100004,-0.15120871959272417,0.27277798589180896,-0.6313245954090929,-1.4910420672882774,-1.1743719279428564,2.2705432643211814,-1.3166279713806959,-0.5596729573423944,0.764038496071679,-0.25070026910256554,-0.71610842633123994,0.3845801819166189,0.5954383064766764,2.5043724580243647,1.3800022317249987,-0.7481493064513315,-0.17942508891434333,-0.11343998820836432,0.04124997135858002,-0.21156008378542468,-1.3019408143182878,0.12214944469431245,0.848749735028197,-0.1469716669968365,1
-0.25209852955608386,1.547099371035007,-0.4445202009343899,-0.4281154315628296,1,0,0,1,0,0,0.6654004617313493,-0.5338616842790415,0.712900890787381,-0.536171933924793,0.010463234063880136,0.0037880424060904513,-1.3652376880504362,-1.2492224829959606,1.7932736232146107,-1.1438858586286318,-0.10317637761098772,-0.5367325235609302,-0.41321314561900685,-1.1587637515571565,-0.5007882269578002,1.3855591199068926,-0.49820424251668943,-0.09775309675583461,-0.38904162214375715,-0.34619240229020387,0.740573151545218,1.212918409965497,-1.0591118252620688,1.0513051989758588,0.03869747117131999,0.34619240229020387,0.3890416221437564,-1.038102835155144,-0.3345252120667762,0.5093054329448095,1.1963957862994923,0.9053781960371756,-0.655084613695,-0.30171300108041293,-0.1532996650890431,0.6978801664463103,0.6118943119331598,1.0346006017076752,-0.19554893590083341,-0.6978274965312384,-0.2792525417345383,0.12560226393772106,0.12214944469431245,-0.04195727479570725,-0.2706882785040748,0
-1.6142124344896835,2.371667882121788,0.27967722576327125,-1.6014324776621007,1,0,0,1,0,0,-0.43244705762817587,-0.01867742285426613,-0.438485436776663,-0.023488340940371298,0.008956303629104406,0.0037880424060904513,-0.014157381103156974,0.10532101292108191,0.44401699895797536,0.5282601244064875,0.4050244592040229,0.5028512527645695,-0.12915076427936925,-1.0919708858949602,1.672880426003216,0.3027579161847473,-0.281117455655485,-0.6007331884822843,0.39961991949913633,0.28949096339405445,-1.0713982598329543,1.531298491481617,-0.3027436043295259,-0.992396604459633,-1.1130506687541408,-0.28949096339405445,-0.39961991949913706,-1.0938078624002545,1.2415090048625523,-0.5733100853443877,-0.3411437725651945,-0.42594766232847037,-1.0016395455655394,0.35076067714292497,0.17890935030013266,-1.1004416420156866,-1.0257092285706153,1.33810702436318,-0.1681792866700104,-0.2958730841701091,-0.6515610604546642,-0.2233527107470814,0.36909507656128593,0.5704037944582268,-0.7036964187794109,1
-0.9717058755587404,1.907848094635473,1.0038746524609323,-1.161438585374874,1,0,0,1,0,0,-0.6217311126901629,0.4970883106488667,0.39307135535292426,-0.48293616580451443,1.1418397559209736,0.7555189628738209,2.510590272278208,-0.38555927261713596,0.5672727370576063,2.066963886901771,2.0701647967601726,0.8188503567421889,-1.7500796310867015,2.8487686320971863,0.4223863841459048,0.7109982437246158,1.4367748217885143,1.286065780129471,0.4407888507730546,0.679645207448506,-0.6445808369717132,0.9523296088963753,-0.06099616877292247,-1.3676535430948307,-1.435722702203365,-0.679645207448506,-0.4407888507730553,2.2206412586838127,0.11577027848446049,-0.7188718357025985,-0.2765412700918884,0.2909201075607231,-1.0016395455655394,-0.7910682597479163,-1.0391903727935126,-0.35630847989348147,-0.5538573609678327,1.0346006017076752,0.33359761589508324,0.2487103132223888,-0.33002188519637315,-0.12818317219668063,0.9453015509175579,1.5167799923961247,0.16231986177126023,1
-1.9997163698482496,-1.8284779712265005,-0.15484123025532542,1.0385308760612593,0,1,0,1,0,0,-0.20530619155379135,-0.24370711717863186,0.188380452674872,-0.4314363466446798,0.3143472595100311,0.14599531944876643,0.7188043816382829,1.1473097833170702,-0.1480664780583819,0.5700276041068549,1.4739571753398828,0.5409688211685809,-1.34781844143974,1.1293879282768637,0.5103714741393436,-0.41767812169559776,1.173453075091735,1.1666970829668597,-0.2094031647789695,0.9455004604204603,0.12895612045542046,-1.0634397446822934,-0.21731439581739037,0.393505464175833,-0.7771638940610471,-0.9455004604204603,0.2094031647789688,0.9951306592913848,0.41596727218528484,-0.13662483426975403,-0.3282232720705331,0.13730558544161034,0.5421051509486824,-0.9541866793037505,-0.983822203561983,0.07776919801113909,0.08453045990652028,-1.0140677512169813,-0.0951935553878152,-0.1921429132382052,-0.025405824425361403,-0.9212626601166852,0.2044646553166367,0.793080546914203,0.038603250264021984,1
1.5983203601650333,0.0783367106616796,0.27967722576327125,0.5985369837740325,1,0,0,0,0,1,-0.6469689866984278,0.5319766353503188,1.877080399768803,-0.6669467556115642,1.7383518731377559,0.9245578016226623,1.260675098204627,-1.3194723170911564,-0.7280196609100842,1.9244568688075097,0.7288027375231242,-1.0087105792974682,-2.163174570823,1.721289886840756,0.12415721853696983,-0.4385048291872569,1.9785635762266691,0.8734267625023256,0.22845561284398783,-1.6023404173227471,-0.033106838696864004,1.9353951401431533,0.5545722011784162,-0.6379073008199169,-0.09474801773906164,1.6023404173227471,-0.22845561284398855,1.3015083091394917,-0.10937746679115769,-0.646090960523493,-0.7545997883943533,-0.01630893667750248,-0.6235796198885869,-1.1173050988595852,-1.3160312189511594,-0.5423417704240322,0.08453045990652028,2.096873081001942,0.5160619441005718,0.7414286251489338,0.4145951522438788,0.2524949820049213,2.2623449208747504,1.4054416161681371,-0.45626319576493324,1
-0.894605088487027,1.3151894772918502,0.27967722576327125,2.505177183685348,1,0,0,1,0,0,-0.21792512855792381,-0.24021828470848666,-0.7071422465416066,0.6998237259112394,-0.9374390935666858,-0.7255832433065024,-2.297163717638738,0.05098912889610206,-1.2736255850205611,-0.16579574563428648,-0.5922798407421599,-0.9265454136657604,0.11328495055452277,-0.3893040979322128,-0.29943809353496903,-0.3621633272892776,1.3028041085568196,1.272322209696975,-1.2817794809441767,0.007555847346540335,2.805274000918133,-0.36995468831355194,1.377149624405185,1.5158176088782067,2.0121678007863117,-0.007555847346540335,1.281779480944176,-0.14682239923337803,0.04072103005925432,1.1188452625698195,0.7312577684916879,1.2808803612172301,1.487254965141063,-1.7697787770829225,-1.592872065108806,1.2559800380379649,3.276469564278285,-0.02767187758659086,1.136440659999233,1.7787303344679768,2.445368890717294,0.1890486229713212,-1.4418395571298541,-1.6006945419875402,1.9562107286262216,1
0.08200488108800677,1.2378861793774645,0.27967722576327125,0.3052077222492148,1,0,0,1,0,0,0.097548296545388,-0.415822852372462,-0.09306953850744984,-0.3197569635227911,-0.14935421136238286,-0.07268190845648059,0.21447525017070923,2.011289874439424,-1.2986122215560747,-0.6169707493189269,-0.9741229636971858,-1.2056481921298683,0.5207660222549233,1.0425204005152091,1.1005375354285747,-0.083893212878759435,0.35343139997665707,-0.35309833577675415,0.07500831336893375,-1.7187526692653243,0.743441044282769,-1.6580641293782294,1.6909418223215527,1.1839442049101445,0.9216757615469513,1.7187526692653243,-0.07500831336893446,0.9672781456688292,1.0163612595869336,-1.6069330893092284e-4,-0.04397226118798574,0.10316902497069583,-0.5290646384693491,0.35076067714292497,0.34501385799472056,-0.10826409251941274,0.6951622885689447,-1.5452039908641146,0.041654690766301246,0.9099901529132779,1.396135792506029,-1.6191726094862895,0.36909507656128593,-0.3759724034796717,-0.20882997275045564,0
0.9044132765196139,-0.6946962684821769,-0.4445202009343899,-0.13478617003801185,0,1,0,1,0,0,0.6401625877230843,-0.5332802122006839,-0.630383158037337,0.48283010585575625,-1.2434645926917873,-0.7832711009747577,-0.6526573337374362,-1.0361836958193638,1.0291323439702094,-0.9476847990514223,-0.6866451212538229,-2.254481001036728,0.19397079153465543,-0.14109955101140031,-1.047603583661545,1.0915886187017814,-0.28235301661527884,-0.0410175963372861,-1.1128149709452282,-1.9711668557791118,0.7665509011576747,0.37272836834919004,-0.3099171009546609,1.0002846060082606,0.8526265873412824,1.9711668557791118,1.1128149709452275,-0.09111737198826762,-0.9349191994684248,0.20908432283099887,0.7570987694810098,0.59814915179895,-0.6865896075014126,-0.9541866793037505,-0.5962450189412776,0.139780294854656,0.5008703430854462,0.12408133374116129,-0.5878472415426337,-0.6459624110652865,-0.24540631275998087,-0.0647368131630805,-0.5363722402842841,-1.266679413303576,-0.9511296417938885,1
3.166036363956533,-1.0039094601397194,3.176466932553916,0.3052077222492148,1,0,0,1,0,0,0.2868323516073751,-0.45943325824927705,0.2267599969270068,-0.4493744859025997,-0.041570925998081674,-0.00605019688617015,2.986295938808762,0.6920626152870172,0.7142056110041222,0.7673095920110211,1.411191067104706,-0.2869967816126991,-1.6422767949410126,3.870587473869388,1.7967568079183749,0.6118175789842943,2.011043970157393,2.2155080634345476,0.7976720237538321,-1.1825507815298206,-0.2850717992677046,0.8500738685586547,-0.36152533285540334,0.9575310198406299,0.32839490860867,1.1825507815298206,-0.7976720237538328,3.7525295079243475,1.7668537438389946,0.1908891040362222,0.48576825909312477,1.3320852019236007,0.1325402314653172,-1.2804235184154193,-1.648240234340335,0.5738579727592754,-0.007989514133240944,1.33810702436318,1.2611246176063187,0.8494808865363345,1.2325456857956714,0.834086606479591,1.713576850059253,1.127095675598167,1.3994859768436472,1
0.72451144001895,-0.30817977891024867,-1.8929150543297122,-0.13478617003801185,1,0,0,1,0,0,-0.3188766245909836,-0.11927209241011955,-0.7455217907937414,0.9023511046296905,-1.009476891379169,-0.7890846060110935,-0.7913518274392624,-0.8620571084279931,-0.028777063049769,-0.8398261436807865,-0.6381270097138264,-0.1044504264522695,0.5593907109327698,-0.9258935364099349,-0.49129098308135316,0.7803653659473424,-0.964534720895454,-0.9169141617575226,-1.0618771407249559,0.9106988955914741,0.17525206758363626,0.6910359134007494,0.8235311438544386,0.17813482061598404,-0.0655918505815215,-0.9106988955914734,1.0618771407249543,-1.038102835155144,-0.7848207026180125,-1.2283379619563388,-0.7029177864157086,-1.0062691903340089,-1.5687294340809674,-0.5463906304141645,-0.09793149585751397,-1.1004416420156866,0.11228645211844858,0.5793409677244183,-0.14993285384946126,0.28760912732185256,0.34690269429476517,-1.0481553781838862,-0.6186874509066087,-0.26463402725168356,-0.08511336124321738,1
-0.27779879191332196,0.38754990231922204,-0.8790386569529866,0.3052077222492148,1,0,0,1,0,0,1.5613449890247548,-0.6588781811259113,-0.24658771551598904,-0.2260157196588223,-0.9169728702867056,-0.3320536716160783,-0.2727995814588563,1.0830591015054842,-0.2531082071113118,-0.8387507726827393,-1.253512505787717,-0.817329229846792,0.8366253998344668,-0.1840172878127426,1.4791839789704415,-0.49284589414005964,-0.9583131090083348,-2.1692797810487816,-1.3641375413136354,0.23819541748766626,0.19546655292372697,-0.004718567954962649,-0.14925519543762622,0.18285130762111793,-0.4882518406358187,-0.23819541748766626,1.3641375413136347,-0.3696425082138195,0.9413120111617277,-0.8371407578686448,-0.9354867953196102,-1.2110885531594928,-1.442709458855317,0.10608304780917345,0.954063719541543,-0.9764194483286528,0.029018475482663446,-0.17942508891434333,-0.5239847266707137,-0.5162996974004062,-0.4146374576327655,-0.826093121566285,-0.04248097655033679,0.06938110143228039,-0.8274130302866491,1
-0.5091011531284612,-0.7462318004251005,1.7280720791585935,-0.13478617003801185,0,1,0,1,0,0,-0.028641073495936725,-0.3431388425777702,2.017805395359964,-0.6738905514533396,0.8162974665806839,0.2568991078342496,0.9358605995422536,0.2874292185363697,0.40416364786993947,1.8282949545194886,1.5648929202512518,-1.2588002621970964,-3.847482053406145,0.3427252619490676,1.9660958648520668,0.8488382402950705,-0.2813995754079755,-0.7783469993796792,-1.0117882743416888,-0.7133741297612541,-0.9588899015055142,1.5750860540300808,0.30049532364816495,-2.7489395338062175,-2.794341790410624,0.7133741297612541,1.0117882743416882,0.1317027369921738,1.4666567501381707,-0.6187981323313287,-0.12149526415595328,-0.22112829950298704,-1.6317394216937933,-0.8726274695258333,-0.5408768497097485,-0.9144083514851348,-0.7481493064513315,2.096873081001942,1.2003031748711541,1.1952481229760152,-0.1777138548108673,-0.2233527107470814,4.731801239544486,4.467246962437809,-0.45626319576493324,1
0.7759119647334253,-1.235819353882877,-0.4445202009343899,1.478524768348486,0,1,0,1,0,0,-0.4955417426488382,0.12785354089183248,0.8024531607090287,-0.5546887228361942,1.023312641898949,0.5270034956763133,-1.1534237468879018,1.1296215356185448,0.058042314906180933,-1.661293705229786,-0.6066981673285148,2.0848917134773606,1.4055848313686776,-0.5380400206550882,0.3079796028688772,-0.3931783007905621,-0.18748167664864815,0.12521252953953235,0.18032674558006626,2.664697762972419,1.066260548388408,-1.2419138032544144,-0.4744520632295447,2.0583969967605538,0.9109829956091665,-2.664697762972419,-0.18032674558006695,-0.48105256270404034,0.340918023760079,0.16359627584405784,-0.06981326217730856,-0.135786898325702,0.7311351137871589,0.35076067714292497,0.2896456887631914,0.20179139169817292,1.4723300705029398,-0.9381911455531051,1.2915353389738984,0.806259981981374,1.6838287387897632,0.728342674756924,-1.853415610241477,-1.0996718489615938,2.018069034379841,1
0.18480593051695732,-1.0296772261111817,-0.4445202009343899,0.7452016145364414,0,1,0,0,1,0,0.21111872958258027,-0.44198909589855107,0.34189862968341117,-0.4707845230814074,0.07062536383727991,0.02391171368571441,-0.6459639559556448,0.3018043493553078,-1.3520167110423427,-0.7461499179371627,-0.6913288723433044,-0.8828560585829043,0.13362796242845718,-0.9320921001456998,0.4472046421970029,-0.2979452004040604,-1.3690977796341808,-1.429677501044367,-1.9849433926451614,0.7645323233097284,-0.033106838696864004,0.03376385232416026,1.5488459441423237,-0.34957352065328307,-0.4970404230783541,-0.7645323233097284,1.9849433926451607,-0.9823978079100336,0.11577027848446049,-0.7734574920869285,-0.7933612898783374,-1.2281568333949502,-0.655084613695,-0.8726274695258333,0.012804842605544792,-0.4183195767369984,-0.19302946221276363,-0.17942508891434333,-0.6243401071837319,0.2011673182119326,0.04792767168617923,-1.915255618309758,-0.48149543320273464,-0.17185204706169332,-0.45626319576493324,0
-0.020796168340944693,1.1348151154916164,0.27967722576327125,0.3052077222492148,1,0,0,1,0,0,0.3877838476404349,-0.4780403647567182,0.21396681550962854,-0.4401160914468991,-0.10602222792868503,-0.027515446251102374,-1.0144399357159217,-2.2852155190166084,-0.6800646074613094,-0.9707144780709825,-1.360382134185153,-0.3940187865413645,0.7209612384799514,-0.8308488924615405,-1.3192618302141963,-0.5623357470208797,-1.3488920774774205,-2.1203412829690564,-0.3979084468072301,-0.14275387761029457,0.5804290010653708,1.814922476170529,0.3645779063955397,-0.026165659230331297,-0.30153717140689695,0.14275387761029457,0.39790844680722937,-0.6899464148732042,-1.1225423205314402,0.6503183786043264,0.23381849944723046,-0.33207212103345735,-0.16675720969560312,1.6149284287006416,2.0891111887878946,0.2948080369634488,0.19555442875423396,1.1104772073715516,-1.0440080620563552,-0.723760039264214,-0.685407289429221,-1.2702176348014877,0.28677986593896093,0.23638866577426285,-1.136704559054746,1
1.6240206225222695,0.2587110724619126,-0.4445202009343899,-1.6014324776621007,1,0,0,1,0,0,-0.7353015457273552,0.9622659733348942,0.8792122492132983,-0.5598965697175259,1.8537396502128838,1.172749747404691,0.45405570088596586,-0.5260806371102087,0.6184788031929321,0.37097691740351496,0.6056857902005026,1.2461541640236675,-0.11901289530226376,-0.14984505209544724,-0.42824724474267234,0.013238309008654666,-0.17246232252421734,0.2929769997768018,0.30418285154596364,1.3979208031972914,-0.7810989155065965,0.2930534956838416,-0.8321780192712479,-0.6721765687996107,-0.5013861743705986,-1.3979208031972914,-0.30418285154596436,-0.09111737198826762,-0.3345252120667762,0.2454747604205509,0.21443774870523882,0.13730558544161034,0.5736101447550955,-0.05703537174666111,-0.2086678343205727,0.38782468222872474,-0.859173275299045,-0.02767187758659086,-0.8159276517994943,-1.0738493661593913,-1.2269469530221315,0.062155904904119784,-0.9479482933959068,-0.4316415915936655,-0.45626319576493324,1
1.0072143259485644,-1.2615871198543382,0.5693561964423357,0.3052077222492148,0,1,0,1,0,0,-0.3945902466157784,-0.05996194041765106,-0.11865590134220637,-0.31454911664145946,0.3211924909405824,0.19697528669048045,0.09372710459236941,-0.12936908586945953,-0.17306326419867962,-0.9346471972381062,-1.109850081737858,-2.0637631452298373,-0.16921011766193053,-0.49000137657820664,-0.3497922315231268,0.8495087556125415,-1.093719207965518,-1.026434280195513,-1.4375436385994584,-1.3889885083079905,-0.6199334224732264,-0.17285104841342477,1.0902576528917967,0.17813482061598404,0.4407461668490245,1.3889885083079905,1.4375436385994576,-0.6203151308168162,-0.5596729573423944,-0.8189455390738695,-0.3023822710812103,-0.6990401460957827,-1.3796994712424915,-0.709509049969999,-0.09793149585751397,-0.6043528672675491,-0.6371253376036178,-0.2553016945782196,-0.2959043164138529,0.28760912732185256,0.34690269429476517,-0.8895394805998851,0.9453015509175579,0.29205785388825667,-0.2706882785040748,0
-1.2287084991311177,-1.1842838219399534,1.4383931084795292,1.7718540298733036,1,0,0,1,0,0,1.8894373511321991,-0.6745779272415647,-0.1826218084290977,-0.29892557599746467,-0.936170491984132,-0.28778159480090554,0.22584335765627217,0.5240157847881791,-0.23481104667216332,-0.4682315622524786,-0.9219500949238586,0.6086447578704544,1.0051569714600794,0.4814420393135282,0.8748009457708555,-0.3710932444018577,0.1840795960034893,-0.25415689611040154,0.5119677661598024,0.3223554599919946,0.16701052656562693,0.1571282736864079,-0.05191835551033128,0.8150808091628153,0.9504455353705872,-0.3223554599919946,-0.5119677661598031,0.9672781456688292,1.5417059985633763,1.6919946546052762,1.1963957862994923,1.2296755205108585,1.140700033270523,1.5741488238116832,1.397009073393778,1.1939689411944467,-0.22078545442469194,-0.3311783002420958,-1.3633206364159602,-1.1775795370912954,-0.8377153198147269,-0.667477223982284,-0.9479482933959068,-0.9326642846196119,-0.76555472453303,0
-0.4063001036995106,2.448971180036173,0.714195681781868,-0.13478617003801185,1,0,0,1,0,0,0.3751649106363024,-0.4768774206000031,-0.10586271992482811,-0.315706415948422,-0.33175637149051485,-0.1227674903079891,-1.3854121756601114,-0.07003446450332396,0.4681778035553556,-1.8693321604724387,-1.0711432592140402,0.20403992852707453,1.744110582991861,-1.1114023595381273,0.9437408974532994,0.5795170358078985,-1.2919970740360096,-1.2723724917920862,-0.1354762624713289,0.4126498344833025,0.815949212531106,1.0415434140952986,-0.05765600893237044,1.2442249672051058,0.1503146062287997,-0.4126498344833025,0.13547626247132818,-0.9545452942874786,1.2415090048625523,0.8368193712507843,1.0413497803635572,0.39332978897346543,-0.24551969421163483,1.5741488238116832,1.839954427246013,0.38782468222872474,0.27882240539001907,0.35171115073279,-1.3450742035954124,-1.164613265724808,-0.685407289429221,-1.5557262504526888,-1.3595243465075295,-1.378017789531564,-1.6315710050837011,0
1.9838242955235992,0.28447883843337485,0.5693561964423357,-0.13478617003801185,1,0,0,1,0,0,0.021834674520593164,-0.390819553003088,0.06044863850108935,-0.3996106157032089,0.026326101818902607,0.008259969357117997,-0.4072571345117849,-0.4882058727447816,-0.07446231135251324,-0.11976948940085644,-0.41641065858674847,1.032440242183002,1.3199131104934365,-0.3883395602998326,-1.0938176744944834,-0.5658586248699461,-0.06168373372206089,-0.3245987445652256,0.9226219676120906,0.4930801176436278,0.17827664629037507,-0.42568465267607875,-0.46684087267546526,0.10063631883455897,0.22444675422784208,-0.4930801176436278,-0.9226219676120913,-0.20252742647848845,-0.8598699510432187,0.8368193712507843,0.3824042551358344,0.3421249482670949,0.8571550890128092,1.6557080335896,1.2309045656991897,0.5738579727592754,0.22331042096616224,-0.3311783002420958,0.2514886682026129,-0.03654765684034838,0.008440404549195996,0.7600658542737248,-0.8656330827735822,-0.7656567202776299,0.22417816752487937,0
1.0586148506630406,1.5986349029779314,-1.168717627632051,0.3052077222492148,1,0,0,0,1,0,-0.5207796166571032,0.1801860279440106,-0.016310450003180245,-0.36604893580129416,0.6277416097333219,0.42146601963206326,-0.21756855673115547,0.7356526086565246,-0.22737749483789946,-0.016356557155956315,0.2420971520064184,0.4862241695521992,0.29964430957564814,-0.6270969369971691,0.7790555723991865,-0.45608008932505145,-0.21256586766558902,-0.056274406157624184,-0.16027754582615011,0.8221130942085976,-0.32405349624917495,-0.22926552206575687,-0.14748385294096095,-0.18868002221552954,-0.36967915923846395,-0.8221130942085976,0.16027754582614942,-0.5646101035717058,0.7912135143113154,0.17269388524144552,-0.09565426316663046,-0.1699234587966153,0.6366201323679207,-0.30171300108041293,-0.26403600355210183,-0.17027518936292965,-0.44283339212011924,-0.4070549059059717,-0.6334633235940058,-0.6070635969658218,-0.6346379459673855,-0.5405845059150832,-1.0302635040182315,-0.8213259083916238,-0.5799798072721716,1
1.495519310736081,-1.95731680108381,1.4383931084795292,-0.4281154315628296,1,0,0,1,0,0,-0.5838743016777656,0.37497917419378457,0.764073616456894,-0.5483235766479001,1.2054956035495743,0.7121412714488538,0.2909587620684816,0.42543797887858925,-1.1162757014683395,0.6498698654272428,-0.4000213860420824,-0.05125308013673856,0.4448028857443053,0.013361994832553192,0.5071212034644886,-0.8353587803235555,0.9111974083410961,-0.2653628853635481,0.34468811875864686,-0.41176056791003435,-0.39123409358070305,-0.07590408842221917,0.6865312668330694,0.025595490241227474,0.2609721844252991,0.41176056791003435,-0.3446881187586476,0.2152602778598393,0.7912135143113154,0.8368193712507843,0.22735824919990022,0.59814915179895,0.4475901695294441,1.0032343553662626,0.8986955503100138,0.7598912632898273,-0.5816133531797613,-0.4070549059059717,-1.0440080620563552,-0.5811310542328463,-0.5330992590437151,-1.0798785577006862,-0.5363722402842841,-0.7656567202776299,-1.3841377820692236,1
0.544609603518286,2.088222456435707,1.4383931084795292,0.3052077222492148,1,0,0,1,0,0,-0.3062576875868511,-0.12508681319369488,0.047655457083711085,-0.393824119168396,0.3343022844002984,0.20815510406804932,1.2521295398021584,-0.19178945190994504,-0.5285682191835974,1.8043787892327174,0.5728374163447664,0.3511987244696113,0.44201756209957405,0.5517536624752647,0.7291014645530982,-1.9470222961899961,1.6504830273594229,-0.21723374976218496,0.04764949253229553,0.43173498641965286,-1.1898108468772863,0.9936348833185088,-1.2339991747923755,-0.8010086183131505,-0.9568031720375451,-0.43173498641965286,-0.04764949253229624,0.7723105503109431,1.0163612595869336,0.8277217618533966,-0.4186667755331612,0.22264698661889537,1.1722050270769362,0.8401159358104279,0.8986955503100138,0.44983577907224165,-1.192245181842186,0.5793409677244183,-0.7611883533378483,-1.21647835119076,-1.396178097894916,0.09387908442092041,-0.7010026615289333,-0.5986491559356475,-1.3222794763156045,0
0.7759119647334253,-1.2615871198543382,-0.8790386569529866,1.7718540298733036,1,0,0,1,0,0,0.9177792018139987,-0.5838682830177894,-0.2593808969333673,-0.21444272658919655,-0.7250872315662995,-0.28330966784987804,-0.7438191361176935,-1.0429096467016825,0.021544377833091707,-1.3287511620110424,-1.0205174164785091,0.2552800527393766,1.3274236671065667,-0.7412875933563221,-0.3505690501118222,-0.05425256053355973,-1.6247040694691097,-1.1045737209155357,0.5119677661598024,-0.1595918522639314,0.2936127863806862,1.0802338411329853,-0.0839704774780007,0.18402835223484745,0.24832137160336876,0.1595918522639314,-0.5119677661598031,-0.7038726716844818,-0.3345252120667762,-0.018355912103706302,-0.04397226118798574,-0.6819718658603261,0.16404522527173035,1.5741488238116832,1.397009073393778,-0.6043528672675491,-0.1375174777889068,0.35171115073279,-1.4089367184673323,-1.2294446225572482,-1.0915620371239039,-0.857816301083085,-0.37174181903963527,-0.48731077970765985,-1.136704559054746,0
0.72451144001895,-1.6996391413691911,1.7280720791585935,0.3052077222492148,1,0,0,1,0,0,-0.7100636717190902,0.7674728270851201,0.17558727125749374,-0.43085769699119847,1.3657263519299647,0.923216223537354,0.4285805984986409,-1.180663584190873,0.7692434237456145,0.3414790334571884,0.5027563233784748,1.6437101333536477,0.2809823741374271,0.6119397588300146,-1.4731860829602663,0.5123038005921016,0.4753562231211528,0.7666128432789507,0.4251360800282837,1.8201797897890004,0.015491241735817807,0.14469234411360082,-0.5367656168626159,0.010038949936637794,0.09484038901105526,-1.8201797897890004,-0.4251360800282844,0.18740776423728422,-1.535313186870074,-1.155557086777232,-0.7545997883943533,-0.5454256239766699,-0.9071245641463012,-0.9541866793037505,-1.2052948804881005,-0.9764194483286528,-0.16527347000083534,-0.1035484832504671,-0.6790794056453779,-0.8274902101961188,-0.7700228618656133,0.030432725387320277,-1.7711003996191523,-1.378017789531564,-0.5181215015185524,1
0.4161082917320974,-0.1535731830814779,-1.6032360836506476,0.3052077222492148,1,0,0,1,0,0,0.26159447759911014,-0.45768884201420446,0.16279408984011548,-0.4204420032285353,-0.06651724120582667,-0.02706825355599962,-0.858087926466049,-0.4100885418836981,1.1405076977334836,-1.5547754441630088,-0.7090699439844985,-0.5754945890819949,0.2871624189414133,-1.1156409370982772,-0.09553064548409551,0.9280945750045752,-1.4770881910008518,-0.8877046846329834,-0.270149897892672,-0.5169746011139472,0.07845687077479147,0.46715889001314037,-0.6264666872557203,0.6357459537668605,0.05515480771770634,0.5169746011139472,0.27014989789267135,-0.8988402670423681,0.340918023760079,1.3826759350940767,1.7390568070752632,0.9053781960371756,0.3530751881102058,1.0032343553662626,1.2862727349307197,1.1939689411944467,0.3620903820258042,0.8828473903799233,1.1638103092300558,0.6117659114840535,0.854596128913119,1.0138512904081252,1.1099319721622063,0.9044189231421907,1.275769365336409,0
-0.27779879191332196,-0.7204640344536393,-1.168717627632051,-0.4281154315628296,1,0,0,1,0,0,0.33730809962390496,-0.4739700602082154,0.40586453677030254,-0.48409346511147705,0.029855746508434002,0.0096015474424262625,-0.8328878138338485,0.15547651516600614,-0.43072483541060486,-1.258799504699752,-0.9339790129487158,0.792307083992096,2.149531446305952,-1.451807232924386,1.174525592847385,-0.11433891997901643,-2.6817442011084345,-2.524317674760898,0.9573302853504951,0.13114384342216406,-0.29247790114184746,0.9632175588594782,0.4739156915981943,-0.9586147241154868,-1.2502864314786442,-0.13114384342216406,-0.9573302853504958,-1.223786259305512,2.067050737539819,2.083191858692969,1.6873748050966186,0.2510941203446566,1.0146800580448727,5.488990893151709,4.995940073443184,0.5531876071447698,-0.10976148557697851,1.2622304186993043,0.8171280856396278,0.9618552383792308,0.46536449570571364,-0.44541496736468245,1.6861384465184783,1.9621334973080773,0.5334696962929761,1
1.110015375377516,1.289421711320388,0.27967722576327125,-0.13478617003801185,1,0,0,1,0,0,0.5013542806776271,-0.5030436641260921,-0.46407179961141953,-0.01480859613815197,-0.8206200714960024,-0.37543136304104546,-0.093610544574988,1.9664144399527441,0.10992138193661391,-0.9468945290288394,-1.3045393777813157,-0.3710966058747615,1.1042061989916288,-0.8647831736300504,1.3176102233613065,0.8640270407905398,-1.0538145793140987,-1.1650335429070329,-0.22931895624632825,-0.2786957612109654,-0.7339134166969877,-1.3790125337200883,0.7179976380488907,0.23424892242065157,0.5585365829214262,0.2786957612109654,0.22931895624632756,-0.5924626171942612,1.9920014891146134,1.5828233418366175,1.881182312516537,1.2467438007463156,-0.18250970659880966,1.9003856629233515,2.282899781098247,1.4420133285685155,-0.7203933142394032,-1.317574173872486,-0.17730250308028428,0.20981149912292413,0.2961333508329291,-0.4136917878478824,0.03983423407198747,-0.09762646290970158,0.038603250264021984,0
0.31330724230314594,-1.6481036094262664,1.0038746524609323,-0.8681093238500562,1,0,0,1,0,0,-0.14221150653312897,-0.31115787826810587,1.3653531430736725,-0.636278323977056,0.7468523829988329,0.252427180883222,0.7518845497787818,1.0913056888446142,-0.03206854075418526,0.9946293172562469,0.4702419639802131,0.14351064263369462,0.2939956392124861,0.3699749571099923,1.5467326709162779,-0.4283196021792974,1.1554363240019556,0.5913502469336704,0.06512235289855199,0.13114384342216406,-0.675839151504361,0.051631528854002455,-0.3865811236917824,-0.19796915924242264,-0.03399916458379975,-0.13114384342216406,-0.0651223528985527,0.18740776423728422,1.1664597564373458,-0.50962681956267,-0.6383152839424023,-0.18699173903207253,-0.24551969421163483,-0.05703537174666111,-0.09793149585751397,-0.29429738304996345,0.3620903820258042,2.096873081001942,6.126840036419346,4.825804105592665,4.391527056754317,5.169587807108949,1.439192814651505,1.6837875567381073,4.492401264524615,1
0.4932090788038099,2.55204224392202,-0.7341991716134544,-0.13478617003801185,1,0,0,1,0,0,-0.19268725454965888,-0.2541736145890675,-0.8350740607153893,4.747478052012854,-2.1432480217606513,-3.864428770232737,-0.11103506968252629,0.01757360409358946,-0.6938537416036769,-0.5312028027193492,-1.5912353480918764,-0.8750238876742756,1.8400869941406832,1.1890708254975426,-0.8708821408195766,-0.20516713774540693,0.43943728995256426,-0.18054999238254246,-0.83882515761197,-0.36149164093482894,1.342502525729812,-0.8965509338356149,0.7423481218193674,1.153359210600593,1.8924119584489811,0.36149164093482966,0.8388251576119693,0.4659329004628361,-1.1600669447440433,-1.6013399472492547,-1.4393863146113988,-1.2281568333949502,-1.3796994712424915,-0.6279498401920818,-0.319404172783631,-1.3484860293897554,1.194770148383656,-0.8623145398892288,-0.10431677179808911,0.28760912732185256,0.7530574419894479,0.1890486229713212,-1.6064699783745033,-1.8790404825575102,0.5953280020465953,0
1.3156174742354179,1.0575118175772313,-0.15484123025532542,0.3052077222492148,0,1,0,1,0,0,-0.8236341047562825,5.346565444150702,-0.19541498984647596,-0.2728863415908067,2.5897135071005772,4.322775091708495,-0.8116486315917624,-0.47312713721561006,1.2905992369223251,0.6597175517352285,1.5404282309933837,2.639534697892291,-0.4615608445332241,-0.7777067108347926,-1.1516914236977034,1.703148792749281,0.19665895287190624,1.7697125042775266,2.7381339723902034,0.8843625762614299,0.35154179791925977,-0.504357341888448,-0.05279210653357837,-0.6962321996872856,-0.2748523304131233,-0.8843625762614299,-2.7381339723902043,-0.8709877534198129,-1.2351161931692491,-0.8917264142529749,0.020630241285320403,0.10316902497069583,-0.655084613695,0.02452383803125581,-0.983822203561983,-0.790386157798101,0.3898463742377325,-0.4070549059059717,0.2514886682026129,0.1838789563899486,-0.11002139686175369,0.47455723862252236,-0.20711139779498602,0.23638866577426285,0.5953280020465953,1
-0.2263982671988458,0.5163887321765315,-2.0377545396692445,-0.4281154315628296,1,0,0,1,0,0,-0.4576849316364408,-0.008210925443830511,0.7001077093700027,-0.5350146346178304,0.9121467969650147,0.40715585338877514,-0.21915491531422115,1.4585859324126382,-0.43391892910792196,0.028784652775824145,-0.4789475128151062,-0.08531684213323747,0.6437300264766005,-0.8494776426754259,0.26336266573473566,0.15124278876990285,-0.27744134978976526,-0.3678916953760571,0.5444209881177456,-0.656312104546159,-0.5440478069049579,-1.7381240299045067,0.745166129375511,-0.3139923021077349,0.2634805873498538,0.656312104546159,-0.5444209881177463,-0.7317251853070371,0.41596727218528484,0.49111021415003275,0.49868875958778525,0.3591932285025509,0.038025250046078915,1.166352774922097,0.954063719541543,0.07776919801113909,-0.38732140769626244,-1.5452039908641146,0.7167727051266096,1.026686595211671,0.8207498999385615,0.31594134103852145,0.5337254978059351,0.23638866577426285,0.34789477903211874,1
-0.27779879191332196,-1.9315490351123477,-2.327433510348309,-0.4281154315628296,1,0,0,1,0,0,-0.5081606796529707,0.1569271448097092,0.9047986120480549,-0.56626171590582,1.0874680457894184,0.5583069843335061,-0.23912828408324566,-0.1969458216263589,-1.8619371170678858,-0.0713214474634277,-0.19458842614348826,-1.5036278339799924,-0.20380152414128017,-0.7273558357177324,-0.8174715471879854,-0.9063105187809404,-0.7813845711147854,-0.15881146949090127,-1.637116465595288,-0.42709685071602743,-0.3942516808311563,-0.5486107295704064,1.6345757471728404,-0.6784568908082922,0.09792599432901099,0.42709685071602743,1.637116465595287,-0.7038726716844818,-0.7848207026180125,-0.10023439668020068,-0.5478717804797735,-0.801449827508525,1.109195039464111,-0.9541866793037505,-0.319404172783631,0.38782468222872474,-0.19302946221276363,-0.27427084599418855,0.9266066825629212,1.7301068168436466,1.2819047697168997,-0.2630066851430816,0.41025268187244807,0.22247136874576415,0.9355486836915021,1
0.930113538876852,0.6709953280053031,0.27967722576327125,-0.8681093238500562,1,0,0,1,0,0,0.1480240445619179,-0.4193116848426072,-0.38731271110714993,-0.06052191876317377,-0.5022370993196112,-0.2757073920331312,-0.5290697861996203,-0.03281193695151123,1.5911932740320411,-0.32374902553126744,0.3863370487350807,0.2404402722763915,-0.0175452376469342,-0.20380468137397814,0.36691277988067844,1.5357576259488896,-0.06770088887086642,0.3649508169514856,0.03622492998512883,0.2920044097428146,0.5320451804255912,0.4126005814640801,-0.6319262047142203,0.37023300443993423,-0.14595364374504105,-0.2920044097428146,-0.036224929985129536,-0.28608496734615396,0.19081952690966666,-0.3913578973966235,0.42116575661981864,0.3762615087380082,-1.222174502210428,-0.22015379130249568,-0.26403600355210183,-0.23228628620644656,0.3343343898138759,0.19995793940503753,-0.47836864461934153,-0.7107937678977266,-0.5330992590437151,-0.1916295312302808,-0.4540570296619595,-0.3759724034796717,-0.5181215015185524,0
1.6754211472367457,0.0010334127472937634,-0.4445202009343899,0.3052077222492148,1,0,0,1,0,0,-0.11697363252486404,-0.3169725990516812,-0.7199354279589849,0.7027169741786459,-1.094268588346027,-0.7868486425355797,-0.17009034948324822,1.0773133615496011,-0.9581111531884116,0.6808962284549932,0.45298455733728776,-0.12431616736890487,-0.707217262468539,-1.3517185530471512,0.38913600837833107,0.038973534439378434,-0.9383392164584774,-0.909076542448459,-0.088318892712161,-0.08195882270823099,-1.1141064799761782,-1.0888184872989548,1.3489346868404322,-1.850287981525431,-1.4764384162032693,0.08195882270823099,0.0883188927121603,-1.3723329986258064,-0.10937746679115769,-1.2465331807511142,-1.0388507992769007,-1.2964299543367779,-1.0646495331783645,0.02452383803125581,0.06817301183707392,-1.534519319920306,-0.9146852597229018,-0.7864379342253526,1.209426391281428,1.8305954199339287,0.7699805564767266,-0.4771381468814831,1.933084078385452,2.073471873536065,0.16231986177126023,0
2.08662534495255,1.907848094635473,1.0038746524609323,-0.13478617003801185,0,1,0,1,0,0,-0.48292280564470574,0.049354810313565374,0.41865771818768077,-0.4864080637254022,0.826664250240214,0.41386374381531643,2.644583577360199,0.8900906050135978,0.785982045189763,1.7028983879865875,2.1199474037910204,1.386881940777643,-1.6409728528420084,2.9288598095595963,1.6842425080917296,-0.47438765196859134,2.1001328382145457,1.316351107359054,0.6912331826893902,1.20598490020106,-0.7508756286120416,0.4655598823475227,-1.5511776267864683,-0.2180500878152647,-1.4708748020156404,-1.20598490020106,-0.6912331826893908,2.972659126492802,1.7668537438389946,0.391036510778763,0.07231224326396513,0.9224464762726329,0.4790951633358572,-0.709509049969999,-1.0391903727935126,0.9459245538203791,-0.49834537654397587,0.9587239960437993,1.3645210702560935,0.20981149912292413,0.10997909147286698,1.0772976494417266,0.6983559190505837,1.6281183686241134,1.3376276710900281,1
-0.9717058755587404,0.026801178718756015,-1.168717627632051,0.3052077222492148,1,0,0,1,0,0,1.510869241008225,-0.6559708207341236,-0.822280879298011,2.077009901196706,-2.7280982677789236,-2.109644634649528,-1.1112078097913898,-0.7582938214908004,-0.9579550667758812,-1.022580275255602,-1.8959505772843173,-1.304911065644143,1.5096362111890171,-1.4169307720791333,0.07148488716484144,-0.6533399534842523,-0.2743600963145119,-1.2221420841582302,-1.4375436385994584,-0.3540047794704373,0.1293809770367905,1.112394058201818,0.6530130225805783,1.109389205455141,1.2716447319533035,0.3540047794704373,1.4375436385994576,-1.223786259305512,0.5660657690356972,1.5070099301917175,0.8690764404347405,0.7062482599568443,0.5946134739593706,0.5954383064766764,1.6738499195514247,2.00011320016017,0.19555442875423396,1.1863538130354276,0.32447439948480933,0.6247321828505417,1.0745966172477384,-0.0012904541294803558,-1.0302635040182315,-1.266679413303576,0.5334696962929761,0
-1.6142124344896835,1.547099371035007,0.27967722576327125,-0.4281154315628296,1,0,0,1,0,0,-0.43244705762817587,-0.01867742285426613,0.712900890787381,-0.536171933924793,0.8750362836473511,0.40000077026713104,-1.349568502207682,1.0359194353719892,0.46362915316052994,-0.7650291656655532,-0.616436445348958,-0.11292518598818882,0.5824302659243987,-0.9608232807047181,2.2965265533293246,-0.029893225623238703,-0.2550687702085845,-0.8487769322482376,-0.03566621970192337,-0.11864316273067908,0.916564553414923,0.8787779515437273,-0.6638363928986805,0.7805832209506773,-0.02726790379198109,0.11864316273067908,0.035666219701922665,-0.8709877534198129,2.2921984828154374,0.2727675886127153,0.21443774870523882,0.10316902497069583,-0.43454965705011084,0.5954383064766764,0.6772228733838963,-0.23228628620644656,0.8339422496285867,0.8069707847160468,-0.02220782410562002,-0.3607044410025493,-0.0423289389126401,-0.0012904541294803558,0.12214944469431245,0.06938110143228039,0.038603250264021984,1
1.5983203601650333,-2.0088523330267334,0.27967722576327125,-0.13478617003801185,1,0,0,0,1,0,-0.6469689866984278,0.5319766353503188,-0.2210013526812325,-0.23990331134237325,0.7812478189133183,0.5945295926368293,-0.02828352242928051,-0.6877517102873179,0.09165610003766111,0.3698381341511159,-0.18053186415063832,1.0786881096864345,0.19736591132108727,1.2521510093840413,-0.28624179518314774,-0.20740236341699977,1.7708084667795425,0.9094816554697465,0.6060821098378343,0.8700970699576539,1.2904634613664168,0.6572100593432978,-0.3337163326754164,1.2562759038668014,1.122632085443527,-0.8700970699576539,-0.606082109837835,0.9672781456688292,-0.40957446049198204,-0.4823339913705056,-0.5091102789957901,0.17144214591252482,-0.5605696322757617,-0.7910682597479163,-1.0945585420250417,-0.35630847989348147,1.0837461795359422,0.5034643620605421,-0.2594114507727547,-0.38663698373552574,0.10997909147286698,0.28421816152172197,-1.3595243465075295,-1.211010225189582,0.038603250264021984,1
-0.1749977424843705,0.9029052217484598,-0.15484123025532542,-0.4281154315628296,1,0,0,0,1,0,-0.06649788450833415,-0.33092792893226203,0.6361418022831113,-0.528070838776055,0.417435982770952,0.15359759526551325,-0.5147023382400167,0.7638197193845665,0.1631124813898378,-1.1961848905964887,-0.9908254659171467,-0.22020105365716827,1.1925265098425575,-0.8088810266432792,-0.11485590778372262,1.2636793801333004,-1.8509982553893118,-1.0098825927959667,-0.5972369986170187,0.2920044097428146,-0.09251826050068013,-1.1634266628373566,1.046895681898752,-0.21944956906102214,0.30216783815780274,-0.2920044097428146,0.5972369986170181,-0.8709877534198129,-0.3345252120667762,-0.7188718357025985,-0.018131260198663828,-0.7502449868021539,-1.0646495331783645,0.02452383803125581,0.34501385799472056,-0.790386157798101,0.19555442875423396,-0.8623145398892288,1.2367960405122524,1.675000163536073,1.4638282504551436,0.31594134103852145,-0.4540570296619595,-0.3759724034796717,0.9664778365683122,1
1.9067235084518848,-1.0812127580541053,0.5693561964423357,-2.334755631474145,1,0,0,0,1,0,0.12278617055365294,-0.41814874068589214,1.2885940545694028,-0.626441279867874,0.5108656339537611,0.16254144916756835,0.7772194560729733,0.7036645461483044,-1.315326521118776,0.6863959223517765,-0.4247516189479875,-0.4676593548613806,-0.04573730625735323,-0.387964407985413,-0.33098786430713667,-0.7321665512597804,-0.6531683046259279,-1.2662446442884654,0.2696932180777363,-0.90531003275748545,-1.4683920385026359,-1.2973780491491347,1.0623386439256082,-1.5749471185230204,-0.6840435333727903,0.90531003275748545,-0.269693218077737,-0.17467491285593337,-0.03432821836595151,0.9732835122116075,0.3953247556304958,0.10316902497069583,0.5736101447550955,1.7372672433675176,1.7292180887829538,0.44983577907224165,-1.3865371273256843,-1.2416975682086098,-0.1681792866700104,0.39133929825375646,-0.29617565622181696,-0.4771381468814831,1.439192814651505,1.0157572993701793,-0.7036964187794109,1
3.166036363956533,0.7225308599482267,3.176466932553916,-1.8947617391869185,1,0,0,1,0,0,0.2868323516073751,-0.45943325824927705,-0.3361399854376369,-0.11607228549737747,-0.5215071026079814,-0.26363318926535684,3.0894285748043013,1.3866796906215204,0.07658383820524167,2.2241748921220763,2.328031961009758,2.0000529680628203,-1.7365098917425943,3.6991141665855047,1.5579481822090824,0.7236867289755041,2.204061633933678,2.4018199405451512,1.7556215933338115,0.9866295824910817,-0.5998143483759301,-0.3425431052918047,0.6225426981379677,-0.819207000154143,-0.6816458713012543,-0.9866295824910817,-1.7556215933338122,4.003202130527344,1.841902992264201,0.7731361054690666,1.06719078135288,2.0489529718127955,0.4475901695294441,-0.7910682597479163,-1.4267675574142176,1.0079356506638961,-0.6648813298155464,-0.482931511569848,-0.5604775923118106,-0.17917664187171697,-0.48232991558187904,-0.9529858396334858,-0.12479618717266176,0.4033962301162448,-0.332546584257695,1
1.6240206225222695,-0.02473435322416849,-0.4445202009343899,0.3052077222492148,1,0,0,1,0,0,-0.7353015457273552,0.9622659733348942,0.38027817393554597,-0.4730991216953325,1.631278895581466,1.1056708431392779,0.35923271148940533,0.8495579063620441,-0.32261523892017274,0.2593885661911868,0.843317846380703,0.060369679896690245,-0.8574950345067073,0.10058861823272854,-0.2681490417476432,-0.15339505361856468,-0.1482417912614211,0.09567121420508215,-0.04921092906325296,0.13114384342216265,-0.39901486788119983,-1.4346707116329278,0.2868786037542759,-0.4974112411962741,-1.0029501828197784,-0.13114384342216265,0.049210929063252244,0.2152602778598393,-0.10937746679115769,0.49111021415003275,0.33072225315718967,0.2567835470898098,0.6996301199807459,-0.05703537174666111,-0.04256332662598434,0.6358690696027934,-0.24854144663662048,-1.2416975682086098,0.6711566230752374,0.7284623537824456,0.46536449570571364,-0.4771381468814831,0.9453015509175579,1.127095675598167,0.5334696962929761,0
1.2385166871637046,1.0575118175772313,1.0038746524609323,0.3052077222492148,1,0,0,1,0,0,-0.34411449859924853,-0.08147640731687983,-0.68155588370685,0.540695071203885,-0.6857077656407555,-0.48052164639019285,0.8226580671245913,1.777561310346261,-0.6086442634682651,0.1663795781861468,-0.4953004013097013,-0.40284425535232793,0.19011967154117695,0.5491034029088716,1.5261276588941501,-0.017206600105429196,0.26757586994826676,0.21539682727276044,-0.6862106428504532,0.13114384342216406,-0.5952684177559996,-0.9109174971085011,0.8147461241568749,0.04055557608981277,0.8542078577588622,-0.13114384342216406,0.6862106428504524,0.911573118423719,2.067050737539819,1.273504622325418,1.06719078135288,1.1443341193335734,0.9201650766256344,-0.38327221085833024,-0.09793149585751397,1.5660355222555504,-0.38732140769626244,-0.6346847228976005,1.0178388466656656,1.3378771080073837,1.2776739910950803,0.7917890337905242,-0.5363722402842841,-0.5429799678216537,1.1520527538291696,0
0.8787130141623758,0.9029052217484598,0.27967722576327125,-1.6014324776621007,0,1,0,1,0,0,-0.5586364276695006,0.25577739813049005,0.815246342126407,-0.5552673724896755,1.1631684198065395,0.625833081294022,0.03206292277553006,-0.28289712268765094,0.27672455299614307,0.6102591369203958,0.9154570329684558,2.447887023898319,0.44218070715745045,-0.2624519863292109,-1.0525622703380608,0.07171588987866585,-0.14146553164828268,0.40252309293569316,1.409374760955505,1.9408252145294884,-0.30682320698017534,-0.6661485970991449,-0.3062241811991228,-0.9646955229327538,-0.7971535227617513,-1.9408252145294884,-1.4093747609555056,-0.11896988561082296,-0.8598699510432187,0.6184767457134681,0.5632912620610914,0.47867119015075044,0.8886600828192224,1.4110304042558486,0.7325910426154264,0.44983577907224165,-0.3040534310604773,-0.6346847228976005,-0.040454256926167845,-0.1921429132382052,-0.5500223735309933,0.15732544345452057,-0.8656330827735822,0.013711913318286572,0.22417816752487937,1
-1.2544087614883548,-1.1842838219399534,0.27967722576327125,1.7718540298733036,1,0,0,1,0,0,-0.10435469552073157,-0.3187170152867538,-0.1826218084290977,-0.29892557599746467,-0.07064438423874114,-0.014099665398019734,-0.34315576272315595,-0.1390526027566551,0.48220866518556876,-0.5748635857875384,-0.3983829812862103,0.9450768965155361,0.7243361589878548,-0.47731744862515274,-0.11147246554934817,0.9221507804551163,0.1379640124580826,0.544553588997866,1.4316772944420317,-0.13094794135889734,2.364707977023581e-4,0.0791833922694432,0.26747720308056905,0.9134063703924526,1.0495679777634508,0.13094794135889734,-1.4316772944420324,-0.5924626171942612,-0.3345252120667762,-0.7279694450999874,-0.18609776662925942,-0.11871861809024475,-0.9071245641463012,0.5954383064766764,-0.04256332662598434,-0.6663639641110671,-0.1375174777889068,-0.1035484832504671,-0.5148615102604385,-0.30883935553659736,0.05920974801103089,-0.28679906978068154,-0.5363722402842841,-0.6543183440496418,-0.023255055489598248,1
-1.485711122703495,0.5163887321765315,1.7280720791585935,-0.13478617003801185,1,0,0,1,0,0,-0.785777293743885,1.8635476947890721,-0.06748317567269331,-0.33190860624589813,1.7929324036126122,1.6897045029434754,0.40806258207908025,0.5741699745915567,1.3815288712216023,-0.5697035890540436,-0.06027787222320054,1.403837094603422,1.1512215653540978,0.6214072738854991,0.8540114835281322,0.8465069837097206,-0.18587045862223994,-0.3337905158206569,1.1015997988414552,0.8221130942085976,0.053481872522229135,0.06746364729816771,-1.0379383666451059,0.5853268295432378,-0.24751728558942548,-0.8221130942085976,-1.1015997988414559,0.6330479821981672,0.8662627627365218,0.1817914946388332,0.6020527635450756,0.4957394703862077,-0.844114576533476,1.247911984700014,0.7325910426154264,-0.29429738304996345,-0.026493508941193386,-0.02767187758659086,-0.2594114507727547,-0.7367263106307022,-0.48232991558187904,0.09387908442092041,-1.0302635040182315,-0.8213259083916238,-0.5181215015185524,1
1.495519310736081,2.088222456435707,1.4383931084795292,0.3052077222492148,1,0,0,1,0,0,-0.5838743016777656,0.37497917419378457,0.047655457083711085,-0.393824119168396,0.8227026906963959,0.5927408218564183,0.7392919284203929,-0.13484000696298457,0.3572343373298577,1.2725814763159187,0.4608704430875544,0.4503427013272098,0.38627027331924463,-0.07695057579463205,0.5347818249621226,-0.6214213180615321,1.041142559276163,-0.11638960852043113,0.2181716668474233,0.3978337296906128,-1.1048915314825056,0.7208048337297318,-1.112819801559445,-0.6867963347870348,-0.7127859469095036,-0.3978337296906128,-0.21817166684742473,0.10385022336961848,0.7912135143113154,0.764038496071679,0.29196075167320634,0.7176271134471482,0.2270552128845555,0.6769975162545934,0.6218547041523672,0.8219023601333442,-1.0812212129944723,0.5034643620605421,-0.39625969692687113,-0.8793552956620708,-1.057715808149347,0.4428340591057229,-0.7833178721512579,-0.7099875321636356,-0.8892713360402683,1
0.72451144001895,-1.2615871198543382,1.7280720791585935,1.7718540298733036,1,0,0,1,0,0,-0.7100636717190902,0.7674728270851201,-0.2593808969333673,-0.21444272658919655,1.0074250728490615,0.7559661555689237,-0.028506568188432394,-1.4680978254351018,0.1021526100306577,0.33644657074810774,0.09415475241299329,-0.21389651979882918,-0.7893581406171316,0.6654169434161337,-1.5238219185743727,0.6006142701994674,0.7020015267512463,0.7977412847029439,0.4251360800282837,-0.7133741297612556,0.7045158464855407,0.48847899222137353,0.463913378486458,0.24157508577737943,0.6564333073133873,0.7133741297612556,-0.4251360800282844,0.32667033235006016,-1.535313186870074,-0.8644335860608106,-0.4574282770171454,-0.1699234587966153,-0.9071245641463012,-0.9541866793037505,-1.2052948804881005,-0.6663639641110671,0.3620903820258042,0.12408133374116129,-0.8432973010303187,-0.5033334260339178,-0.38079122865820925,-0.5723076854318833,0.12214944469431245,-0.2089648391376897,-0.5799798072721716,1
0.9558138012340891,-0.1535731830814779,1.7280720791585935,0.3052077222492148,1,0,0,1,0,0,-0.6722068607066928,0.6569931321971887,0.16279408984011548,-0.4204420032285353,1.1848404885462178,0.830200142955981,1.785147955309671,0.31780295226966176,0.16670709368733616,0.5063001900285905,0.7176761231766838,0.2675795453409966,-0.9741101760374302,2.532675451712207,0.6823851229562937,-0.17943247604492787,1.5272955739720926,1.1097866163998675,1.179804912165518,-0.8051695616290189,0.04832778256871154,0.24740391058530567,-0.4082065158144153,0.8304612540952708,0.15047651946621626,0.8051695616290189,-1.179804912165519,3.0005116401153575,1.0914105080121401,1.127942871967207,0.8475422729436388,1.5027680042781708,0.9201650766256344,0.02452383803125581,-0.4855086804782194,1.13195784435093,0.3898463742377325,0.7310941790521709,1.4010139358971918,0.9359226956462544,1.2607508766078017,0.886958572340925,1.6038232358961542,1.2384340518261547,1.5850608941045057,0
0.9558138012340891,-0.2824120129387873,-0.15484123025532542,-1.161438585374874,1,0,0,1,0,0,0.24897554059497767,-0.45594442577913186,0.32910544826603294,-0.4690485741209635,0.040211657371421815,0.011837510917940035,1.2697382744425887,-0.713747585789614,-0.5361473183699972,2.164644605962527,1.5109835407671155,-2.165042665125156,-3.638264502612365,0.44987768474307943,-0.5115724708046991,-0.3773934671394952,0.5371792178681503,0.12475751441409598,-1.8132101364739617,-1.154540235155578,-1.3160894976209023,0.4671588900131394,0.35368730646530483,-2.3916374943722003,-1.8425511741285827,1.154540235155578,1.8132101364739601,0.49378541408539117,-0.40957446049198204,0.2636699792153276,0.020630241285320403,0.2397152668543526,0.25856020669096863,-1.5251011477491712,-1.0391903727935126,0.3258135853852078,-0.9563192480407944,1.717490052682561,3.321450990259959,3.0753574711167806,1.4722898076987825,1.917961906636931,6.172317425435166,5.4414577544327045,1.8634232699957924,0
1.2899172118781799,-1.0039094601397194,-0.15484123025532542,0.7452016145364414,1,0,0,1,0,0,-0.44506599463230834,-0.01751447869755106,1.9410463068556945,-0.6698400038789707,1.2756875075458027,0.5041966682260728,-0.5283483559676959,-0.3708078251929188,0.35064872383727946,-0.6828787593420168,-0.8784785024352375,-0.12966680635931666,1.6080847526766702,-0.5621649951458859,-1.3240337158304645,0.6717909494323778,0.014083888460087074,0.31517023292982377,-0.31054414497595056,0.13114384342216406,0.17297261103642958,-0.8174425336519608,0.19573656462001265,0.9364904909176849,1.4497674670457183,-0.13114384342216406,0.3105441449759499,-0.5367575899491508,-1.2351161931692491,-0.018355912103706302,0.33072225315718967,0.32505666803163763,-0.34003467563087314,-0.22015379130249568,-0.09793149585751397,0.2638024885416898,1.7498899926222238,0.5793409677244183,5.944375708213857,5.214792246587306,5.5761450708638085,5.169587807108949,-1.0302635040182315,-1.0996718489615938,6.348150437133195,1
0.31330724230314594,2.55204224392202,1.0038746524609323,-0.13478617003801185,1,0,0,1,0,0,-0.14221150653312897,-0.31115787826810587,-0.8350740607153893,4.747478052012854,-2.1929529187918906,-3.908253654352807,-0.2769377008717161,1.3926928593031365,-0.822185886306768,0.2002131159292347,-0.7939343201603816,-0.31556637546218846,1.3860193572471293,0.9402166335004484,1.184884425579453,-0.02535700568427807,1.3040331976690378,0.884887594782554,-0.24687185720061178,-0.18555039652161812,1.3245419964322112,-0.7245234497588867,1.0984743046791943,1.0225819935528464,1.8960740068177862,0.18555039652161812,0.24687185720061106,0.577342954953057,0.7161642658861095,-0.8007503202790929,-0.6899972859210471,-0.18699173903207253,-0.655084613695,-0.6279498401920818,-0.5962450189412776,-0.4803306735805153,1.1670141561717275,-0.7105613285614767,-0.13168642102891215,0.4432043837197094,0.854596128913119,-0.0647368131630805,-1.853415610241477,-2.1017172350134863,0.5334696962929761,0
1.3156174742354179,-0.23087648099586283,-0.15484123025532542,-2.041426369949327,0,1,0,1,0,0,-0.8236341047562825,5.346565444150702,-0.4768649810287978,-0.005550201682451352,2.2276305679663553,4.116172066571022,0.002532075633776195,-1.0408060981610971,1.4868954622343753,0.46835039679538126,1.7564816595921118,1.5861477423158348,-1.1610005360040088,-0.8016646696660406,-1.1319306952758288,1.9258030476434949,0.42315701632423885,1.9321468253900196,2.4443435061037344,-0.2609537869844238,-0.8045348050099528,0.2945957113966303,-0.09738956902342509,-0.2131159167945088,-0.3971468697255213,0.26095378698442306,-2.4443435061037353,-0.8431352397972577,-1.1600669447440433,-0.5733100853443877,0.4340862571144791,0.59814915179895,-0.655084613695,-0.13859458152457876,-1.0391903727935126,-0.35630847989348147,-0.6648813298155464,0.5034643620605421,0.6346637574341392,0.4821031978191731,0.36382580878204385,0.28421816152172197,0.8629863402952329,0.793080546914203,0.2860364732784985,1
-0.27779879191332196,0.6709953280053031,-2.327433510348309,-0.8681093238500562,1,0,0,1,0,0,-0.5081606796529707,0.1569271448097092,-0.38731271110714993,-0.06052191876317377,0.2209542752069064,0.16746056881369864,-0.9979752248679492,-1.1596797103461514,-0.22181291236220388,-0.6989642014780311,0.07290389519396358,-1.2960250289513746,-0.5123891847692669,-0.6647218878334814,-0.6938909293959061,-1.0149440814133102,-0.43051609272404934,-0.04965697244232077,-1.643554298724186,-0.13756642077256032,0.7235265654453326,0.8965720961542657,-0.7166952390106197,0.5173631547726144,-0.1432590029352395,0.13756642077256032,1.6435542987241847,-0.6203151308168162,-0.6347222057676005,0.05442496307539909,-0.4832692780064673,-0.6136987449184976,1.2037100208833493,-1.0357458890816678,-0.4301405112466897,0.5738579727592754,0.5841383197212315,0.7310941790521709,-0.23204180154193166,-0.5551985114998699,-0.33002188519637315,-0.033013633646279864,-0.12479618717266176,-0.2089648391376897,-0.45626319576493324,1
0.6988111776617119,-0.23087648099586283,1.7280720791585935,-0.4281154315628296,1,0,0,1,0,0,-0.7605394197356201,1.395462671711257,-0.2849672597681238,-0.165257506043287,1.3150646565363096,1.2009228871961646,0.18901294217874973,0.25672710647087216,-0.6583738331890122,0.6329695331944961,0.08920858324578068,-0.9890108734788249,-0.4237138815238577,1.1356769494768169,0.29484593760651456,-0.7192326970793167,1.0418524584359528,0.29391031212352003,-0.40749033797582196,-0.9447489169347935,0.8719279294591936,-0.056995822776292254,0.17725958759552218,0.17798205990326668,0.17097068749214775,0.9447489169347935,0.40749033797582124,1.050835686536495,0.26586877533487285,-0.009258302706318612,-0.37990527404917784,0.03489590402886805,0.19555021907814235,-0.5463906304141645,-0.4301405112466897,0.07776919801113909,1.0004782029001573,0.12408133374116129,0.561678026151944,0.5728670973845897,0.6176725260912207,0.2524949820049213,0.6160407084282594,0.18071947766026855,0.16231986177126023,1
0.030604356373531493,-1.6223358434548052,0.27967722576327125,0.3052077222492148,1,0,0,1,0,0,-0.7983962307480176,2.0845070845649354,-0.4512786181940413,-0.015965895445114547,1.5469234276804464,1.6154705155564182,0.5595070413362861,-1.1205507790664975,0.6599266767438713,0.5064546053884655,1.0759776480318015,0.16204768381536314,-1.2111753322870162,-0.0841531364312045,1.290372057081461,0.7966223983695161,0.9237099149602196,0.7454203116672333,-0.06904425348519842,0.28949096339405445,-0.8620929832655337,2.830657510475915,-0.10161319039326996,0.23174744154827773,-0.6710657894329891,-0.28949096339405445,0.06904425348519772,0.15955525061472892,1.6918044954137887,1.0278691685959374,1.338521291740765,1.7246556473391115,-0.11949971898598452,-0.709509049969999,-0.762349526635866,1.2559800380379649,-0.7203933142394032,3.0832689546323317,0.6529101902546883,0.4950694691856613,0.5669031826293847,-0.3502454288142823,0.36909507656128593,0.5704037944582268,0.2860364732784985,1
1.5983203601650333,-0.978141694168258,0.27967722576327125,1.0385308760612593,1,0,0,1,0,0,-0.6469689866984278,0.5319766353503188,-0.6431763394547153,0.4972963471927884,0.07109206159341248,0.024806099075919918,-1.406031479488854,0.07829842749685421,-1.3171152320699029,0.12211742474961577,-0.9297971021615569,0.0401971209176052,0.7063949774943373,0.931004281535818,-0.09898799198833304,-0.6363607752417759,2.0695204103512457,0.8368739883892062,0.5444209881177442,-0.4851260289008703,2.885369507252178,-0.20663104632465568,1.161059437142248,1.887128250585571,2.025826335877252,0.4851260289008703,-0.544420988117745,1.0229831729139398,0.04072103005925432,0.43652455776570404,0.020630241285320403,0.8541733553308051,0.2270552128845555,-0.38327221085833024,-0.6516131881728072,0.5738579727592754,2.2494978524369347,-0.4070549059059717,-0.6973258384659271,-0.0495139282068366,0.7022880985276131,-1.0481553781838862,-1.5241547677521787,-1.823371294443516,-0.08511336124321738,0
-0.894605088487027,-0.17934094905293926,0.27967722576327125,-0.13478617003801185,1,0,0,1,0,0,-0.21792512855792381,-0.24021828470848666,-0.08027635709007157,-0.32670075936456655,0.1328979824293797,0.06773659780578437,0.33153105221198315,-0.03105269748771457,-0.8724385761779456,2.078810349176721,1.4376380419893418,-0.17519638119148498,-1.6943735990181072,-0.33830509747921256,-0.24227542523073006,-0.2723782603597581,1.3446421386025988,1.3370445197978347,-0.37315522795503414,0.13114384342216406,-0.7990324657352517,-0.20008540063736444,0.9189388768982975,-1.475014540887466,-0.563636125313571,-0.13114384342216406,0.3731552279550334,0.0759977097470634,0.340918023760079,1.9285324989373691,1.4548057961927168,2.0489529718127955,2.0543448536564917,-1.1988643086375024,-1.2052948804881005,2.1241353938472036,-0.859173275299045,-0.4070549059059717,-0.7155722712864762,-0.17917664187171697,-0.7361766328910565,-0.6992004034990842,-0.04248097655033679,0.013711913318286572,-0.8274130302866491,1
0.7759119647334253,-0.5658574386248675,-0.4445202009343899,-0.13478617003801185,0,1,0,1,0,0,-0.4955417426488382,0.12785354089183248,-0.7966945164632545,1.5388657234591079,-1.121417885854741,-1.0909396752054528,-0.9616632363491658,-0.17944099580381828,0.011714476061956398,-0.9391250108772486,0.047311481475156424,0.01986336893344,0.5825750362945374,-0.5716732152563714,0.7151302814226288,-0.37783406816363063,0.03405379668669478,0.4773168425040742,-0.05671543019588151,0.08334093927970501,0.7660069987581376,0.9626902152227903,-0.39570088153978855,1.3024644642668128,0.4044997514769652,-0.08334093927970501,0.056715430195880795,-0.45320004908148526,0.8662627627365218,0.5002078235474204,0.21443774870523882,0.22264698661889537,1.1722050270769362,0.18764225758709038,0.2342775195316623,0.9459245538203791,0.7506742729928018,0.9587239960437993,0.14201007127932075,-0.08841274230630035,0.43151826673115745,-0.09645999267988113,-0.8656330827735822,-0.9326642846196119,0.10046155601764112,0
-1.0231064002732158,-0.02473435322416849,0.714195681781868,0.3052077222492148,0,1,0,1,0,0,0.3499270366280375,-0.475714476443288,0.38027817393554597,-0.4730991216953325,0.009380587986333675,-2.3669184983433978e-4,0.2592556156218931,0.33169819015883034,0.46643293662390944,0.14689535682811364,0.517494599874288,-0.17849001000913198,-0.8978613010280985,0.281816204847855,-1.0015240806431907,1.1902745019273584,0.04847492229939135,0.3898435084891653,-0.16027754582615011,-0.08447776675232606,-0.07891381315875004,-1.4585710137806664,0.5584816348408713,-0.15037924701336736,-0.2921620154763601,0.08447776675232606,0.16027754582614942,0.4659329004628361,-0.7848207026180125,0.7367456678795146,1.2997597902567817,1.263812080981773,-0.30852968182446,-0.5463906304141645,-0.5408768497097485,1.13195784435093,-0.007989514133240944,-1.317574173872486,0.3183922552112921,0.568545006929093,0.4710055338681407,-0.4877125400537498,0.47884869072438496,0.4776218142682366,0.47161139053935697,0
1.0586148506630406,0.8771374557769975,0.27967722576327125,0.3052077222492148,1,0,0,0,1,0,-0.6595879237025604,0.5406987165256818,-0.579210432367824,0.2571567409980537,0.2862315061001328,0.21709895797010442,-0.15351962104414862,0.34391713475172897,0.6889376983121215,-0.12646266777609336,0.1522223540681405,-1.162971347550342,-1.0019929592439598,-0.5584058640186993,-0.3213719199665354,0.9028418113258703,-0.035146030799715955,0.758149470926527,-0.11972941589683889,-1.4674080343893063,-0.3444797896880621,-0.7939803951189918,-0.034531962492042094,0.13599270295972307,0.5422888810134818,1.4674080343893063,0.11972941589683818,-0.3139374809687093,0.04072103005925432,1.2007237471463126,1.5581698001500064,1.4686314438072563,0.7626401075935709,-0.38327221085833024,-0.3747723420151606,1.3800022317249987,-0.16527347000083534,-0.5588081172337243,0.8080048692293539,0.6636309969500054,0.6853649840403343,1.0772976494417266,1.5215080252738291,0.793080546914203,0.6571863078002155,1
-1.2544087614883548,-1.4934970135974959,0.27967722576327125,1.7718540298733036,1,0,0,1,0,0,-0.10435469552073157,-0.3187170152867538,-0.8094876978806327,1.8571230328738166,-1.7716309479173185,-1.6803396473508834,-1.0757719843781641,-0.5490293848072455,0.02125443314259934,0.35931003979915493,0.8745465984054515,0.13510865743109737,-0.6399102432356862,-0.40918461397156713,-0.287644644917846,0.9676215389543795,0.4573250695904065,1.1165536758907475,1.2685285918524662,-1.0738391183151534,1.087034686466361,0.4654039700354548,0.9433108074500183,-0.03192897245638011,-0.04685606472247906,1.0738391183151534,-1.2685285918524671,-0.5367575899491508,-0.4846237089171882,-0.7370670544973751,-0.173177266134598,0.017827623793410803,-0.6865896075014126,-0.05703537174666111,-0.5962450189412776,-0.6043528672675491,1.2225261405955843,0.6552175733882943,0.5799244589724931,1.0137203238451828,0.9392117013495113,-0.5405845059150832,1.1922471827845313,0.6817421706862145,0.2860364732784985,1
1.0586148506630406,2.448971180036173,-1.168717627632051,-0.13478617003801185,1,0,0,1,0,0,-0.5207796166571032,0.1801860279440106,-0.10586271992482811,-0.315706415948422,0.5539373534252008,0.38256025515812364,-0.7354527534202914,-0.7571600126510587,-0.4750020314622632,-0.9253607744402664,0.25048414081578574,0.5421645131133255,0.08236246001312489,-0.4965830116075487,0.5213622042361673,-0.4041102340788802,-0.38082783981761587,0.06626238445746215,-0.1227108960387,0.8611509049874916,0.5264850623968497,1.5615150903346733,0.24325187666429515,0.8724803399791948,-0.2609493292669422,-0.8611509049874916,0.1227108960386993,-0.28608496734615396,0.8662627627365218,0.9914787310063841,0.6020527635450756,0.4103980692089227,1.487254965141063,-0.13859458152457876,-0.09793149585751397,0.6978801664463103,0.5008703430854462,1.4898602356909325,0.06902433999712428,0.1838789563899486,0.5330569536548284,-1.1116017372174867,-0.8656330827735822,-0.5986491559356475,-0.20882997275045564,1
1.2899172118781799,2.55204224392202,-0.15484123025532542,-0.13478617003801185,1,0,0,1,0,0,-0.44506599463230834,-0.01751447869755106,-0.8350740607153893,4.747478052012854,-1.8155323563488843,-3.682421343325916,-1.4082269996157248,-0.1051448801495563,-0.20499192842877428,-0.7162882388141463,-1.3459446329978115,-0.5908892493358804,1.3663144563959086,-0.4376188135776919,-1.1047506596204053,0.7660670733018781,0.3454346473982522,0.5302985864013056,-0.24010667662448304,-0.567767582660665,1.5209103607900902,-0.9624003110972257,1.0500543628738679,1.310186282818925,2.2675272972102865,0.567767582660665,0.24010667662448232,-0.3974950218363748,-1.009968447893631,0.09991301006234013,0.48576825909312477,0.615217432034406,-0.40304466324369825,-0.38327221085833024,-0.319404172783631,0.44983577907224165,1.1670141561717275,-1.0140677512169813,-0.5422311594912614,0.04124997135858002,0.5669031826293847,-0.1916295312302808,-1.9357308208638015,-2.2687247993554687,0.22417816752487937,0
-0.27779879191332196,1.3151894772918502,-2.327433510348309,-0.13478617003801185,1,0,0,0,1,0,-0.5081606796529707,0.1569271448097092,-0.8478672421327675,5.323234457226736,-2.1560305041218264,-3.9932202664223304,0.23920437837374958,0.2915047702315913,-2.271437971745317,-0.5296704881699661,-1.2767986461452956,-2.355672762153797,0.4018553448577678,-0.5116483972236165,-0.75572358560989,-1.070994777666798,-0.40338489218733065,0.018237110207632624,-1.0726104692356557,-2.149054684173066,-0.8438525609455607,-1.1571667435323123,2.0288853357858216,0.315561104036101,1.6777057609867985,2.149054684173066,1.072610469235655,-0.3696425082138195,-0.5596729573423944,0.6275743551108558,-0.06981326217730856,-0.22112829950298704,1.8023049032051899,-0.46483142063624716,0.012804842605544792,1.13195784435093,-0.859173275299045,-1.1658209625447336,-0.4509989953885172,0.5987996401175653,0.7022880985276131,-0.7626467625326843,-0.28942660841731066,-1.0996718489615938,-0.2706882785040748,0
0.6988111776617119,0.0010334127472937634,1.7280720791585935,0.3052077222492148,1,0,0,1,0,0,-0.7605394197356201,1.395462671711257,-0.7199354279589849,0.7027169741786459,0.3877053774361472,0.5301338445420326,1.3859280177127902,0.6677392692754717,-1.4195091137641889,1.6572658994518346,1.061593722539291,-0.004931235910027956,-1.244381001545148,1.1828121193877492,-0.13247040915846442,-0.4808903381534543,0.9428091858851474,0.36063668055582876,-0.08286747959746427,0.07546133969578361,-0.7453147128161361,-1.049199050569368,1.4572680993956475,-1.3039858624679712,-1.0280323055494947,-0.07546133969578361,0.08286747959746356,1.217950768271826,-0.03432821836595151,0.30006041680488094,-0.0052107597040024186,0.3762615087380082,0.3215701943037938,-0.22015379130249568,-0.2086678343205727,0.2638024885416898,-0.6093693453916895,-0.8623145398892288,0.6072941082033162,1.3249108366408955,0.6176725260912207,-0.9212626601166852,1.0276167615398821,1.1827648637121608,-0.20882997275045564,1
-0.894605088487027,1.907848094635473,0.27967722576327125,0.5985369837740325,1,0,0,1,0,0,-0.21792512855792381,-0.24021828470848666,0.11162136417060241,-0.4134982073867598,0.27762645340399217,0.13481550207119755,-0.06699329564708638,-0.00954892858100767,0.4407603145781213,0.6140277867586748,1.0601366791500553,-0.8217163438082791,-1.4156040091863145,-0.0631108897775721,-0.389251229153775,-0.15371431356657023,1.2457425084766538,1.3761321775276552,-0.8114328088086202,-0.31595390708670573,0.03009615094209027,-0.37683713220989096,-0.7570021765687496,0.4057450207695674,-0.03470437515110636,0.31595390708670573,0.8114328088086196,0.5494904413305014,0.340918023760079,2.547169937959767,2.0491488189471325,2.6122062195828764,2.526919760752682,-1.1988643086375024,-1.0391903727935126,2.992290749656445,0.44535835866158957,0.12408133374116129,1.7020800774362477,0.9618552383792308,1.0915197317350172,1.648314880744129,0.9453015509175579,0.848749735028197,1.5850608941045057,1
-0.020796168340944693,-0.5658574386248675,0.27967722576327125,-0.13478617003801185,1,0,0,1,0,0,0.3877838476404349,-0.4780403647567182,-0.7966945164632545,1.5388657234591079,-1.963271501369843,-1.5569144635025232,-0.5535715997657883,-1.6826263454490487,0.9549542132357187,-0.6038719669580228,-0.07224853002180291,0.28230165531247525,0.7258014196320999,0.020192378973736113,-1.6920477684356068,1.1396484501429858,0.2713255384244852,0.37678883557781945,0.3041828515459622,0.08334093927970501,0.7899307720522029,0.6144011550549704,-0.16021761553258757,1.0848338281682408,0.4617875894153523,-0.08334093927970501,-0.3041828515459622,0.23515493044737867,-1.4709852596484685,0.8875060521790906,1.4105069373538777,1.478384746798946,-0.38054109623911786,0.5954383064766764,0.4873891503043674,1.2914149505199743,0.8616982418405155,0.7310941790521709,0.39746013076700454,0.2487103132223888,0.6853649840403343,0.062155904904119784,-0.8656330827735822,-0.9326642846196119,0.40975308478573785,1
1.0586148506630406,-1.2615871198543382,0.27967722576327125,0.3052077222492148,1,0,0,1,0,0,-0.6595879237025604,0.5406987165256818,-0.11865590134220637,-0.31454911664145946,0.9243657493185123,0.6589253407316259,-0.15854607144603758,-0.04476108152132355,-0.24346916398302934,-0.37740324949645904,-0.35210765832246776,-0.5812965369672438,-0.061974061139810695,-0.7368880909441359,-0.5239140739196153,1.160124388258831,0.1273191408464637,0.9094816554697435,0.07195265285990604,-0.8641809106868654,-0.515827726198831,-0.4634096289489983,1.4986436316607123,0.6360949226695662,1.345689020956971,0.8641809106868654,-0.07195265285990675,-0.6481676444393714,-0.40957446049198204,0.3091580262022686,0.8863037744276221,0.9053781960371756,-0.08799472517957138,-0.709509049969999,-0.8177176958673952,0.5118468759157585,-0.47058938433204756,-0.4070549059059717,0.10551720563822252,0.8710913388138142,1.1084428462222957,-0.5088613263982832,-0.37174181903963527,-0.7656567202776299,0.40975308478573785,0
1.495519310736081,1.0575118175772313,1.4383931084795292,-1.161438585374874,1,0,0,1,0,0,-0.5838743016777656,0.37497917419378457,-0.5408308881156891,0.18193228604548617,0.13559032629477505,0.14778409022917743,0.8013951334702623,0.0013634152536246323,-0.16278122608081452,1.1779476108431053,-0.045094369958659355,0.12968263283265893,0.3739534594252582,0.45492938611822864,0.39796627996728673,-0.48674399590155604,1.1045081070225415,-0.1334284716870823,0.34468811875864686,-0.16498583548630744,-0.6597993588710771,0.39680255272596754,-0.26660338521321963,-0.4961198953408907,-0.07164204337112937,0.16498583548630744,-0.3446881187586476,0.8280155775560533,0.8662627627365218,1.3371878881071357,0.8346217724489774,1.2979486414526862,0.3845801819166189,1.0032343553662626,0.8986955503100138,1.2559800380379649,-0.3318094232724056,1.0346006017076752,1.765942592308169,1.3249108366408955,1.0069041592986248,1.9021003168785307,0.4514102871836102,0.4033962301162448,1.3994859768436472,1
0.6988111776617119,1.3151894772918502,1.7280720791585935,-0.13478617003801185,1,0,0,0,1,0,-0.7605394197356201,1.395462671711257,-0.8478672421327675,5.323234457226736,-1.1907743066096708,-3.040699825853463,1.541427205109718,0.5656773500458913,-1.6953773314857403,0.7668143203817521,-0.6242139708617502,-1.7158304705123897,0.18464967032907736,1.4007201435768115,-0.2381812024203463,-0.2845314467763504,1.1211579327635472,0.6591004543070914,-0.11972941589683889,-2.2214419390173603,-0.7438089879237064,-1.0150146155032844,2.0317109437157037,0.07580433815904546,1.4549920437384363,2.2214419390173603,0.11972941589683818,1.4686233908748227,-0.10937746679115769,0.391036510778763,0.17567624722125458,0.6322857122698633,0.3530751881102058,-0.38327221085833024,-0.3747723420151606,0.5118468759157585,-0.6926373220274746,-0.9381911455531051,0.05990112358685037,1.1044842234105985,1.0745966172477384,-0.44541496736468245,0.12214944469431245,-0.7656567202776299,0.16231986177126023,1
-0.894605088487027,0.026801178718756015,0.27967722576327125,0.3052077222492148,1,0,0,1,0,0,-0.21792512855792381,-0.24021828470848666,-0.822280879298011,2.077009901196706,-1.8500050049967245,-1.7899018576510584,0.24595388422445422,-1.6615592693531136,-0.6425340296225993,-0.012337625232947382,0.46938538498731947,-0.42694273738470956,-0.4417989782817979,0.3135544339647592,-0.4710849095068453,0.040375350418648155,1.3322172275520503,1.4606805587486755,-0.2548898489945435,-0.329502323768793,-0.0287049672771032,1.80861972095522,0.9189388768982952,1.337671133813228,0.815846278130281,0.329502323768793,0.25488984899454276,1.050835686536495,0.26586877533487285,2.647243641331038,2.2687973273563737,2.8852987033501885,2.3693947917206186,-0.8726274695258333,-0.8730858650989243,3.1783240401869945,0.6118943119331598,3.159145560296209,2.660017800515063,2.893829671985947,3.494601988928559,0.37938770007212164,-0.04248097655033679,-0.2089648391376897,2.6985103976696543,1
-0.020796168340944693,-1.2615871198543382,0.27967722576327125,0.3052077222492148,1,0,0,1,0,0,0.3877838476404349,-0.4780403647567182,-0.11865590134220637,-0.31454911664145946,-0.34983083248357433,-0.12455626108840012,0.5427673931971619,-0.7535855914316382,0.049096523306129944,-0.019204248947357803,-0.2243074723876155,-0.10879588380159848,0.15007896468408224,0.1578905640052349,-1.5801210731068704,1.5550870094749605,0.2671166917243619,0.5941644371177461,0.7547787594442807,-0.8969649934967807,-0.5969688814777031,-0.5486107295704064,1.495595880400116,0.29081204041039144,0.8716966279002515,0.8969649934967807,-0.7547787594442815,0.6678636242263611,-1.2163538810629477,1.9580997294788811,2.672562967814537,2.697547620760161,0.030149001594476192,1.105183367588659,0.7741171695390731,2.1551409422689627,-0.44283339212011924,-0.3311783002420958,0.7076494887163344,1.4416072789392878,1.4976744794297,-0.3185222492974822,0.36909507656128593,-0.04195727479570725,0.8427612250610729,0
1.495519310736081,2.55204224392202,1.4383931084795292,-0.13478617003801185,1,0,0,1,0,0,-0.5838743016777656,0.37497917419378457,-0.8350740607153893,4.747478052012854,-1.5270391461761088,-3.3805662741315565,-0.597042646213254,0.9056908734586833,-1.3140511779367674,-0.2584812932289127,-1.7990748494169957,0.2800038505396423,2.211096503990128,0.5297467336711578,0.3184100923112635,-0.7487438726171812,1.0954144168874151,-0.13531239785385735,0.44932672572474713,-0.06374491962016399,1.3595190276578475,-0.9241129064824875,1.0439365978181423,1.4353857359220479,2.2067791955856784,0.06374491962016399,-0.44932672572474786,0.8558680911786088,0.7161642658861095,1.1643333095567605,0.5374502610717695,0.9907195972144606,0.5736101447550955,1.166352774922097,1.009431888773073,1.13195784435093,1.1115021717478706,-0.9381911455531051,-0.3415203984652251,0.22277777048941236,0.8038267854512828,-0.1916295312302808,-2.182676452730775,-2.43573236369745,0.47161139053935697,0
0.6988111776617119,2.55204224392202,1.7280720791585935,-0.13478617003801185,1,0,0,1,0,0,-0.7605394197356201,1.395462671711257,-0.8350740607153893,4.747478052012854,-0.7344913508946546,-2.595743094226222,-0.056455700723545776,0.10585307294070609,-0.23160968764423676,-0.31002135204240555,-0.8883326869431741,0.007715654066464806,1.032230437057109,1.4165148688066083,-0.5852741937051905,0.06793679885671303,1.3240693011332785,1.090518380200458,-0.030386078764458365,0.040659774866796713,1.4938679927661984,-0.7316015036654421,0.38488813303122965,1.7317432994187492,2.2195549460622517,-0.040659774866796713,0.030386078764457654,1.8028535543454847,-0.25947596364157,1.137040481364595,1.002588278879574,1.5710411252199985,0.7941451013999841,-0.5463906304141645,-0.5962450189412776,1.3800022317249987,1.333550109443298,-0.7105613285614767,-0.10431677179808911,0.10608132819102022,0.8038267854512828,0.41111087958892223,-2.1003612421084505,-2.3243939874694624,0.6571863078002155,0
-0.04649643069818187,1.0832795835486928,-1.6032360836506476,-0.4281154315628296,1,0,0,1,0,0,2.3563380202851008,-0.6972553382975085,3.07963945300236,-0.7190252244248803,0.1181899169697456,0.019439786734686864,-0.33441852897297436,-0.715475124960806,-0.16436126416448768,-0.5139319554412803,-0.2000236379326435,-0.5205206949185488,-0.26729537667139014,-1.1170986799331906,-0.8784226458991751,0.8059616876047828,-1.9567615925065072,-1.5057977767401396,-1.4375436385994584,0.7158101325491454,-0.6511747334304642,0.10202753957920051,1.0346011236417607,-1.2460023838059882,-1.2100779235675452,-0.7158101325491454,1.4375436385994576,-1.1495128896453646,-1.009968447893631,-0.8826288048555859,-0.37990527404917784,-1.091610591511294,-1.1906695084040155,-0.38327221085833024,0.34501385799472056,-0.9764194483286528,-0.7481493064513315,-0.17942508891434333,-0.7954004148763775,-0.19862604892144883,-0.6642533963201229,-1.5715878402110892,0.2044646553166367,0.6399902796007193,-0.9975233711091026,0
1.0843151130202777,-2.137691162884043,-0.4445202009343899,-0.4281154315628296,1,0,0,1,0,0,3.0503795555123867,-0.7251659980586702,3.092432634419738,-0.7196038740783615,-0.009166174961833643,-0.0015782699351426037,0.06881819570616145,0.35722089643246,1.5617558271643925,-0.2875225246190586,-0.30576943035378407,-1.344228356813697,-0.14034014663087974,-0.4485947935696903,-0.02046092677199058,0.8097150852578563,-1.1251769691588278,-1.1539007733887252,-0.8251557858999259,-1.0149876916124754,-0.5439240084536571,-0.510794198278552,-1.3212869628046273,-0.7272818405983615,-0.729044281839366,1.0149876916124754,0.8251557858999251,-0.5738942747792242,-0.26781476902214846,-0.7572839642693495,-0.2650563807633007,-0.6781789146968912,-1.4007028004467665,0.14233158548824765,0.6280067229558705,-0.8248367671556104,-0.05424950115312168,0.19995793940503753,2.5687856364123185,1.2600794798084554,0.8376730144258402,3.1075811385169376,2.4681329474305618,1.9621334973080773,0.9355486836915021,0
-0.2006980048416086,0.6194597960623787,0.27967722576327125,0.5985369837740325,1,0,0,1,0,0,1.296347311937973,-0.6315489934431072,3.335503081349925,-0.7277049692270995,0.4252134107636477,0.07668045170783946,-0.35171491516891823,-0.4436808617199091,0.952866722852195,-0.43934857724856424,0.11043245810870508,0.6793875014802583,0.5175071932280987,-1.5682369217611696,-0.9346478495430075,0.9922515331414825,-2.3269442794940316,-1.8804803003426522,-0.4752198700716236,1.3979208031972914,-1.0778957030190375,-0.32734379116061696,-0.3054836329289938,-1.7138265316930252,-1.979490611570168,-1.3979208031972914,0.47521987007162286,-1.4359958869059324,-0.7204927753964075,0.7185504490847379,1.1705547853101694,0.015389298045488687,-0.4255482302482787,1.4110304042558486,1.9111420734008362,-0.12598154876041756,-1.0812212129944723,-0.482931511569848,-0.6060936743631827,-0.6589286824317738,-1.2269469530221315,-0.826093121566285,0.03983423407198747,0.9044189231421907,-0.6418381130257917,0
-0.5348014154856993,-0.7462318004251005,1.0038746524609323,-0.4281154315628296,1,0,0,0,1,0,5.069409476173583,-0.7734281805623455,0.6361418022831113,-0.5240202912016859,-0.923865887798175,-0.1898463945734023,-0.6504677147559363,3.5057574752071554,-1.2395929071735436,-1.2143389305981345,-2.4445364036028328,-1.0421816645797557,2.2832960879268867,-1.5910096708174,5.065166190711316,-1.376400759075122,-2.632585592624222,-3.9326010777583837,-2.147135912362408,0.7080917656959851,-0.6852269252776635,0.26241014142223895,0.3114150074271241,-0.9699332566888667,-0.6614024855263293,-0.7080917656959851,2.147135912362407,-1.3166279713806959,8.070990611556308,3.538809362275082,1.9457848149898431,0.47867119015075044,1.3297299961089997,3.042214599814193,6.103303458073771,2.620224168595341,-0.3595654154843339,0.8828473903799233,1.775065808718443,1.7009327062690485,1.1084428462222957,1.0138512904081252,1.1099319721622063,1.739456744852101,1.9562107286262216,0
-0.7404035143436003,0.33601437037629844,-0.4445202009343899,-0.4281154315628296,0,1,0,0,0,1,0.6401625877230843,-0.5292099076521812,2.772603098985282,-0.7103454796226609,0.5724604065577198,0.14197058519284164,-0.02801668992468696,0.16496739954082992,-0.7735752009859065,0.22184350341826525,-0.24786454956448564,1.0701020060601911,0.8518686847933716,-0.7412875933563221,-0.06664185594388441,0.5177233611106927,-0.9096265270980289,-0.5039128173655775,-0.4291756706205303,1.8851427108031094,-0.7017279396142225,-0.29318328137103516,1.5777652635360113,-1.201666354344128,-0.16973673364660413,-1.8851427108031087,0.4291756706205296,-0.4253475354589299,0.491016520610491,1.7556779203869939,1.8165798100432309,1.263812080981773,0.9201650766256344,1.0032343553662626,1.397009073393778,1.814079909629618,-0.6093693453916895,-0.17942508891434333,0.33359761589508324,1.130416766143575,0.49921072468027106,-0.3819686083310823,-1.0302635040182315,-0.26463402725168356,1.0901944480755505,0
-1.4343105979890196,1.6244026689493918,1.0038746524609323,-1.6014324776621007,1,0,0,1,0,0,2.8106197524338694,-0.7181883331183798,0.38027817393554597,-0.4921945602602151,-0.729951490435512,-0.1719586867692921,1.3152824189570675,0.27906252632545225,-0.7302457051853835,1.618116357922962,1.1475447844305497,2.2369125675485595,-0.43516284437664304,0.6209287090835395,0.38553849032357146,-0.9991291079860369,1.143650930431949,0.5756400539195436,0.9153149533513734,2.1430837207120725,-1.2085075711474438,0.0032019209127832245,-0.00575805551776243,-1.0519461216763488,-0.9298639484657172,-2.1430837207120725,-0.915314953351374,0.540206270122983,0.3159016076183434,-0.10023439668020068,-0.595246948960198,-0.14716575181600602,0.5946134739593706,0.051710241290561454,-0.3563162856046509,0.7598912632898273,-1.1644891896302574,-0.1035484832504671,-0.31415074923440073,-0.2699405414371327,-0.6515610604546642,-0.3502454288142823,-1.0302635040182315,-0.09762646290970158,-0.023255055489598248,0
1.4184185236643685,-1.8542457371979617,1.0038746524609323,-0.4281154315628296,1,0,0,1,0,0,0.5896868397065544,-0.5245581310253209,4.205439417731647,-0.752586904326795,0.8141969526845624,0.17819319349616475,1.2892049686560858,0.41155170970980254,-1.518532625917943,1.5127164846060246,0.589899299764361,-0.4955975287313502,-1.426733738828775,0.31040603187573307,0.8585178838419786,-0.6685813752363835,0.3738666837519269,-0.30773824680642414,-0.16027754582615011,-0.5169746011139472,-1.4825168419973431,0.2951767322000525,1.4040251664033925,-1.6728625745769223,-1.067344482197913,0.5169746011139472,0.16027754582614942,0.38237535959517033,0.9413120111617277,0.34554846379182197,-0.06981326217730856,0.08610074473523979,0.29006520049738066,-0.30171300108041293,-0.26403600355210183,0.139780294854656,-1.4142931195376127,0.12408133374116129,-0.40538291333714505,0.3394742127878045,-0.38079122865820925,-1.175048096251087,1.1099319721622063,0.9044189231421907,-0.9511296417938885,0
-1.2030082367738797,0.8771374557769975,-0.4445202009343899,0.3052077222492148,1,0,0,0,0,1,0.8673034537974689,-0.5640982323536332,5.599896192225878,-0.7722609925451588,0.8571543151779819,0.1629886418626711,-1.2254050364163787,0.58356262898532,0.16885221063346828,-0.4597492389169189,-0.5739601649594428,4.7767202555547215,2.2919871779583927,-0.8733114848608378,-0.1207550388323618,-0.1602873124961304,-0.7882107835634754,-1.9112835002167823,-1.2270052716588025,7.73180560207293,0.8313529870454016,-0.9219277692464105,-0.39189991952761366,-0.16048475923978445,-1.1198200121132171,-7.73180560207293,1.2270052716588018,-0.7874302125521474,-0.03432821836595151,0.2636699792153276,0.13691474573727128,-0.18699173903207253,-0.9701345517591269,0.35076067714292497,1.1755363964676604,0.015758101167622184,0.6396503041450882,-0.9381911455531051,-0.350643614875499,-0.4903671546674297,-0.5161761445564365,-0.857816301083085,-3.4997198226879678,-1.6563637301015341,0.7809029193074537,1
1.4184185236643685,-1.2100515879114147,1.0038746524609323,-0.4281154315628296,1,0,0,1,0,0,0.5896868397065544,-0.5245581310253209,0.86641906779592,-0.5587392704105633,0.10579894582817084,0.028383640636741956,0.8571667663362617,0.7071425389823798,-0.26435516688688004,1.0416767057698912,1.3099088455627454,0.9619647684141127,-1.146230169378772,0.3125168158906943,0.6626363079526387,-0.6102201673125908,0.42561491477786256,-0.19444624718446182,0.3210111268130686,0.9936302841201231,-0.8796481341785464,-0.30676082014575246,-0.2518300496556829,-0.985205562257424,-1.8927845677656903,-0.9936302841201231,-0.32101112681306926,0.4659329004628361,0.8662627627365218,0.6275743551108558,0.188596747715916,0.3591932285025509,0.5106001571422693,0.10608304780917345,-0.04256332662598434,0.3258135853852078,-0.7759052986632599,-0.17942508891434333,0.37921369794645543,0.1838789563899486,-0.2284831982727022,-0.6992004034990842,0.6160407084282594,1.3497724280541432,0.038603250264021984,1
-1.485711122703495,-1.95731680108381,1.7280720791585935,-0.4281154315628296,1,0,0,1,0,0,-0.7731583567397526,1.8635476947890721,0.9175917934654332,-0.5743628110545581,2.177495283762248,1.8770782421915297,1.0486578486558626,0.288457331970697,0.027485062846412157,0.14694819232200923,-0.1854746534487158,0.44306384532258264,0.2527307533654311,1.1671874080813713,0.31222629274077707,0.8873215421330252,-0.05453074918535234,-0.028855464344857387,0.741322049072657,-0.13094794135889734,-0.2919443601132264,-0.08313529483071826,0.8540995752142858,-0.2525892849605538,0.21295438861110735,0.13094794135889734,-0.7413220490726576,1.5521809317424884,0.7161642658861095,1.1825285283515359,1.5323287991606835,1.434494883336343,-0.08799472517957138,1.166352774922097,0.8433273810784847,1.13195784435093,-0.49834537654397587,-0.4070549059059717,-1.0257616292358074,-0.4903671546674297,-0.5500223735309933,-1.0481553781838862,-0.5363722402842841,-0.6543183440496418,-1.198562864808365,1
-0.9717058755587404,0.3102466044048362,1.0038746524609323,1.0385308760612593,1,0,0,1,0,0,-0.6595879237025604,0.5755870412271339,-0.11865590134220637,-0.28677393327435763,0.9243657493185123,0.664291653072859,1.5811556870577819,-0.9622504188711275,1.090318473821684,0.0982548006209685,0.6288566061278771,0.27383367663090735,-1.0781364466308048,3.02164102758063,-0.03904634031201068,1.1526656745479738,1.6364000567364063,1.805013554228603,0.7781220325379118,-0.39825548305102343,0.8205526393974467,1.2816031316107481,-0.3321840393324982,1.489890387761215,0.944700031497279,0.39825548305102343,-0.7781220325379125,3.4182993444536853,0.26586877533487285,0.9550882934168308,1.4806467971820387,2.2196357741673656,-0.05648973137315825,-0.7910682597479163,-1.149926711256571,1.3179911348814817,0.6396503041450882,1.0346006017076752,-0.323273965644676,-0.4385020692014777,0.1438253204474232,-0.09645999267988113,0.03983423407198747,-0.15329565102369538,-0.08511336124321738,1
0.7759119647334253,0.7225308599482267,-0.4445202009343899,1.0385308760612593,0,1,0,1,0,0,-0.5207796166571032,0.17437130716043522,3.860023519462434,-0.7439071595245756,1.76073000856307,0.7090109225831345,-1.0052276961596034,0.7567508767364194,-0.2333177074243018,-0.06996412895862375,0.8690134113424485,0.4764059525693627,-0.6837090183267297,-0.601892185922167,0.4215860231895855,-0.3772587023011068,-0.4484030094698624,0.22464011307179232,-0.16027754582615011,0.8087222172553705,0.7963900011710936,-0.6163287042093096,-0.06015549088357137,-0.3501117239590158,-0.9104426477511441,-0.8087222172553705,0.16027754582614942,-0.45320004908148526,0.641115017460903,0.6730624020977969,0.3565632541465125,0.15437386567706757,1.424244977528238,0.18764225758709038,0.2896456887631914,1.069946747507413,0.8616982418405155,-0.482931511569848,0.37921369794645543,0.28760912732185256,0.12690220596014448,-0.3502454288142823,0.36909507656128593,0.9044189231421907,0.34789477903211874,0
1.3156174742354179,1.109047349520155,-0.15484123025532542,0.5985369837740325,1,0,0,1,0,0,-0.4198281206240434,-0.01751447869755106,-0.3233468040202586,-0.1305385268344097,0.14745149687861508,0.08741307639030557,-0.7846192140870983,-0.35159121672839205,0.5010026622333161,0.03967573721202859,0.16504932422814445,0.0015928883556956127,-0.06619687523127911,-0.5535712519947494,-1.0090175489567725,0.9343069803429236,0.24697005508757072,0.5447645300767486,-0.43967950362031105,0.43824128821613356,0.5379102444754646,-0.5282416512358385,0.2540009880614686,0.19129191770805484,0.31728432886116525,-0.43824128821613356,0.4396795036203104,-0.45320004908148526,-0.8598699510432187,0.4001341201761507,0.8475422729436388,0.9224464762726329,-0.2770246880180474,-0.46483142063624716,-0.319404172783631,0.7598912632898273,0.77843026520473,-0.2553016945782196,0.9174834661526473,0.9229564242797662,0.9561348158367899,0.5697267771729232,-0.37174181903963527,-0.2089648391376897,0.7809029193074537,1
1.110015375377516,0.7740663918911503,0.5693561964423357,-0.4281154315628296,1,0,0,0,1,0,-0.3062576875868511,-0.1338088943690579,-0.5408308881156891,0.17614578951067328,-0.35281008000132574,-0.23903759103470532,0.8461084525078187,-0.725340047811614,0.5918676400585063,0.6048950068808243,0.12599292371328613,-0.008333445897486644,-0.2985920685399056,0.5239693049119418,-0.8771249374778153,0.49517346863815614,0.24151168321648622,0.22662383411706058,-0.34274413050805214,0.328563629361145,-0.6529904440495407,0.11686747159116621,-0.31150131000921033,-0.5776952788194674,0.057457093812801376,-0.328563629361145,0.34274413050805214,0.9672781456688292,-0.4846237089171882,1.5373352948496766,1.609851802128651,1.6563825263972836,0.5736101447550955,-0.13859458152457876,0.012804842605544792,1.3179911348814817,-0.49834537654397587,0.35171115073279,0.7167727051266096,0.4302381123532211,0.1607484349347019,1.331083085576127,0.2044646553166367,0.4033962301162448,1.1520527538291696,0
0.9044132765196139,-0.1535731830814779,-0.4445202009343899,0.3052077222492148,0,1,0,1,0,0,0.6780193987354818,-0.5390949329842593,-0.054689994255315046,-0.3220715621367162,-0.43546548150207487,-0.16569798903785354,-0.1342620943045772,-1.1449564068511233,1.324431822141554,-0.8495962698916687,-0.0029979475675400956,-1.0944052238206676,-0.9255464732633126,-0.23631431116732612,-1.1410775907131308,1.0116411030334562,-0.4087401053827937,-0.04942507238721913,-0.604544012877736,-0.8930588049066626,-0.04942776487952629,0.42838211956676586,-0.7939409233436157,0.7424500575171884,-0.04435648471117625,0.8930588049066626,0.6045440128777353,0.10385022336961848,-0.7848207026180125,1.510042466657512,1.9070233135058599,1.605177685690913,0.29006520049738066,-0.30171300108041293,-0.04256332662598434,1.1939689411944467,0.25106641317809053,0.8828473903799233,1.2732889061533492,0.5987996401175653,0.8884423578876751,1.0772976494417266,1.7684536571408034,1.3497724280541432,1.1520527538291696,1
0.15910566815972013,-0.1535731830814779,-0.8790386569529866,0.3052077222492148,1,0,0,1,0,0,-0.7479204827314877,1.1948548046779077,-0.054689994255315046,-0.3220715621367162,1.4350827726849007,1.1678306277585608,-0.029841316122692474,-0.4380070096174754,0.18787847255035992,-0.6775526580766968,0.254434764268814,0.04227042177797144,-0.0707442335868688,-0.08140077857056151,-0.21590264727048644,-0.4604145901378521,-0.1438613121243354,0.2250283719176371,0.9477123177844309,-0.8822777243979375,-0.03983962234480541,0.384891834208848,-0.7195084268171666,0.7726795145101091,-0.11108124777867343,0.8822777243979375,-0.9477123177844317,-0.007559831120602114,-0.10937746679115769,0.3182556355996563,0.020630241285320403,-0.03337721691295973,0.9831750642384596,1.166352774922097,0.7325910426154264,0.139780294854656,0.3898463742377325,1.0346006017076752,1.8024354579492659,1.0655854093111348,1.3622895635314727,1.267636726542527,2.097714499630101,1.6837875567381073,1.5850608941045057,1
1.9067235084518848,0.7225308599482267,0.5693561964423357,-1.8947617391869185,1,0,0,1,0,0,0.1480240445619179,-0.41814874068589214,-0.3361399854376369,-0.09581954762553238,-0.43466221458427784,-0.24753425224165765,0.4440593826106971,-0.6097113393540896,-0.7358102016254144,0.2862230627008764,-0.027134805583619196,0.14120914764217732,-0.13407209600732864,0.10733816541167253,-0.6320273121565595,-0.45395747336638154,0.43943728995256426,0.09955290040447547,-0.06904425348519984,0.2610696854503818,-0.5102243509717712,0.20369686102287862,0.5496937141682348,0.04906960233714295,0.13247060705713962,-0.2610696854503818,0.06904425348519913,0.605195468575612,-0.10937746679115769,1.9467277177321458,1.3514417922354265,1.5027680042781708,1.6132749403667133,0.6769975162545934,0.7879592118469556,2.1241353938472036,-0.3595654154843339,0.4275877563966659,0.6802798394855113,0.8840576101803024,0.854596128913119,0.030432725387320277,0.28677986593896093,0.45906541823023866,0.9664778365683122,0
-0.9203053508442651,-1.3646581837401863,-0.8790386569529866,0.7452016145364414,1,0,0,1,0,0,5.283931405243834,-0.7751725967974181,2.0945644838642337,-0.6790983983346713,-0.4995646694058543,-0.07134033037117232,0.00635150486662716,1.7112313006275384,-1.9235429703564122,0.29918169698398955,-1.1272198735854655,0.2376050972868426,1.904158085471638,-0.8215345173545975,0.03557193395657343,-1.2313443420700603,-1.6285550794680306,-2.191239139728524,-0.01835909107355938,0.3422733367180179,-0.8296995320245809,-2.313083481078995,1.3921653661634135,-2.019022510391011,-0.6738774875106706,-0.3422733367180179,0.01835909107355796,-0.20252742647848845,1.3165582532877582,3.9027137381706103,2.33339982982968,1.3320852019236007,2.904979686429634,5.488990893151709,6.103303458073771,2.620224168595341,-0.47058938433204756,-2.0763402305112475,2.158240897949969,2.7512006869545798,1.4299820214805863,1.2041903675089267,2.2623449208747504,2.7971713190179877,2.636652091916034,0
0.5189093411610479,-1.4419614816545723,-0.7341991716134544,1.478524768348486,1,0,0,1,0,0,-0.1800683175455264,-0.2541736145890675,2.0050122139425857,-0.6733119017998584,0.9500495203158017,0.3248723974898683,0.11982921458309695,-2.5269630256014266,-0.2974912717505189,0.2920368456345795,0.48622221466475285,-1.112443374372962,-0.7687205221771165,0.4097953328484488,-0.4436599334455709,-0.3040900312531188,0.07027354682522506,-0.715943847159921,-0.5008818372323651,-1.020471574555225,0.24283722826674228,3.0238872743172514,0.10109937942099056,-0.32484089170970804,-1.3310925118550374,1.020471574555225,0.5008818372323643,-0.03541234474315745,-0.7848207026180125,-1.364802102917162,-1.2843403086754637,-1.1940202729240363,-1.348194477436079,0.02452383803125581,0.2896456887631914,-1.2864749325462383,1.1253801678538349,5.131937307556989,3.2758349082085867,2.84844772220324,2.48767667693549,0.6490347259649236,4.320225186432864,3.771382111012883,2.1727147987638893,1
-1.1516077120594044,0.20717554051898904,-0.4445202009343899,1.0385308760612593,1,0,0,0,1,0,1.8515805401198018,-0.6722520389281346,1.634009952838616,-0.6536378135814946,-0.06942098282403883,-0.011863701922505961,-0.2010500310330631,-0.41224138076777717,-0.3915554708519311,-0.15797738669790898,0.41812854637446534,-1.4493240214947878,-0.637553854351082,-0.708291325264926,-0.2907949039712032,0.7284513322427862,-0.5281289722763464,0.435075169056301,-1.4375436385994584,-0.5509668272259833,-0.4281513844107204,0.274502281314011,1.267292783165842,-0.31026639087307356,-0.11882136646282017,0.5509668272259833,1.4375436385994576,-1.038102835155144,-0.9349191994684248,-2.28366065205337,-1.6719553235153006,-1.7402052404586603,-1.5057194464681423,-1.85133798686084,-1.648240234340335,-2.340663578886029,-0.007989514133240944,1.0008776658570637,2.0619402802859614,2.57831706873474,2.2479325550323788,0.16437503890269836,1.1648087792437567,0.9415317152181866,1.605680329355712,1
-1.9740161074910114,1.9336158606069351,0.27967722576327125,-0.13478617003801185,1,0,0,1,0,0,6.873917467764525,-0.7908723429130716,0.5337963509440852,-0.5124472981320601,-1.1460046188986956,-0.21220602932854002,-0.3728909876015982,1.1404132527105657,0.8929294891601146,-0.7152029438042616,-0.3818562522969634,-0.3487606391880554,-0.9882205416115366,-1.2542295791407534,2.4112682022490244,-0.1054625259700281,-1.1086687296136917,-1.5488065013999186,-1.4375436385994584,0.9500703628727513,-0.7346974219079778,0.8503025729517629,-1.3266441928294819,-0.13314389817239575,-1.0156762681274534,-0.9500703628727513,1.4375436385994576,-1.3166279713806959,1.3165582532877582,-1.4648758062884317,-1.2843403086754637,-1.5695224381040902,-1.5057194464681423,-1.85133798686084,-1.648240234340335,-2.340663578886029,-0.4150773999081907,1.5657368413548085,1.7841890251287182,0.6636309969500054,0.5669031826293847,1.6165917012273294,0.8629863402952329,1.6281183686241134,1.8324941171189824,0
0.5703098658755232,1.0059762856343069,1.4383931084795292,0.5985369837740325,1,0,0,0,1,0,-0.2810198135785862,-0.17160457946229762,-0.1826218084290977,-0.25957739956073705,0.11120690326461959,0.06863098319598987,0.6595771829368637,0.8494498468433203,-2.1455908788744273,2.1219463644885264,0.7234436237779222,1.4255130951806942,0.37774543651818737,0.2591311732445188,1.0802859284001547,-2.0214416157824284,1.1756547147361072,-0.542577103856512,0.17516607449815386,1.7705022619546806,-0.6582373137061365,-0.08368984486465975,0.9017407323661801,-1.700853551466435,-1.4702330801123726,-1.7705022619546813,-0.17516607449815458,0.6609004958207222,1.6918044954137887,1.510042466657512,0.020630241285320403,0.4957394703862077,1.7707999093987767,1.5741488238116832,1.6184817503198954,0.9459245538203791,-0.8314172830871166,-0.482931511569848,-1.262965255902942,-0.6848612251647502,-1.2438700675094103,-1.6508957890030895,-0.8656330827735822,-0.09762646290970158,-1.136704559054746,1
0.72451144001895,0.5421564981479937,-1.8929150543297122,-0.4281154315628296,1,0,0,1,0,0,-0.3188766245909836,-0.09892056966760585,0.5337963509440852,-0.5089754002111725,0.6323475081010766,0.31727012167312146,-0.059050316197667936,1.2991523206925635,-0.5504776326118721,0.35151026693818965,0.030464374488007352,-0.19013327679431946,-0.00889257535464464,-0.37377743495904747,0.19770415241936737,0.14258206523604117,-0.0871911507210032,0.02484568743618515,-0.4291756706205303,0.16633209230480636,-0.2913631068089697,-1.5850716515952112,0.8958025898905548,-0.561324945607754,-0.015348200895781003,-0.16633209230480636,0.4291756706205296,0.2152602778598393,1.1664597564373458,2.820098219881413,2.488445835765615,2.3220454555801067,1.9283248784308402,1.0032343553662626,1.397009073393778,3.1163129433434786,-0.1375174777889068,-1.3934507795363622,0.6802798394855113,1.078551680677623,0.7530574419894479,0.062155904904119784,0.03983423407198747,0.1250502895462747,0.40975308478573785,0
2.08662534495255,-1.6223358434548052,0.27967722576327125,0.3052077222492148,1,0,0,1,0,0,0.03445361152472564,-0.37802716727922225,-0.4001058925245282,-0.05242082361443573,-0.4395669100812888,-0.2502174084122742,0.032613364694236736,-1.647799242974487,-0.7993092047565951,-0.45193788222678966,0.19330723813290202,-0.6478773141042573,-1.099172096273827,-0.9637463040370252,0.9225238527702202,-1.231751378698561,-0.7216422247221289,-0.7456437040769097,-0.9971070548845234,0.10529125240634482,-1.0083136290221346,3.1858203178888793,-0.14510888602280636,-0.10502915474822358,-0.9792848262413718,-0.10529125240634482,0.9971070548845228,-0.9266927806649233,0.7912135143113154,-0.13662483426975403,-0.7416792878996918,-0.9550643496276378,0.7626401075935709,-0.9541866793037505,-0.6516131881728072,-0.4803306735805153,-0.7759052986632599,3.9937882225988464,1.4101371523074657,1.1044842234105985,0.9899810448113461,0.09387908442092041,1.3568776040291806,1.5724491805101195,0.904619530814692,0
1.0586148506630406,0.0783367106616796,2.452269505856255,0.3052077222492148,0,1,0,1,0,0,1.006111760842926,-0.5891015317230072,0.11162136417060241,-0.41118360877283466,-0.4410715442391151,-0.13528888577086623,-0.683826395972379,-0.9309975413223704,1.8081417615142867,-0.24993956425570504,0.7527617624539156,0.8420644050586809,-0.27454352574286967,0.0020268519402038697,-0.2374198464953912,2.3953076871562327,-0.05644041943975388,0.48556892874881813,1.1169885469471594,0.04065977486679812,0.9529024563567429,1.0399813526504302,-0.06473713809831658,0.28168687277832627,-0.5045636078238727,-0.04065977486679812,-1.1169885469471603,-0.03541234474315745,-0.25947596364157,-0.11842961547497735,1.1188727833315248,1.0419244379208312,-1.726254403113031,0.5138790966987595,0.012804842605544792,-0.29429738304996345,1.1115021717478706,1.2622304186993043,0.6437869738444144,0.5080357405521495,0.600749411603942,-0.2550758902638815,0.6983559190505837,0.793080546914203,0.47161139053935697,0
-0.894605088487027,0.9029052217484598,0.27967722576327125,-0.4281154315628296,1,0,0,0,1,0,1.031349634851191,-0.5954977245849401,0.6873145279526244,-0.5338573353108679,-0.14389129903526762,-0.04540315405521256,-0.6506669537004285,1.536589516044419,-1.0201325659828917,0.05529272555781864,-0.871041649946135,1.7564453197315604,3.0475271399963657,-1.0300049391560386,0.8748009457708555,-0.08093564778729981,-0.17980511787393813,-0.7509410469773096,2.394254639720468,0.020989325180847843,-0.12440056091642292,-1.2326609500307957,1.3132228717197527,-0.2529885820373792,0.3992490314770262,-0.020989325180847843,-2.3942546397204683,-1.038102835155144,0.5660657690356972,-0.555114866549611,-0.5091102789957901,-0.5454256239766699,-0.8756195703398886,3.042214599814193,1.6738499195514247,-1.720552610450858,0.3620903820258042,-0.7864379342253526,2.103501599488323,2.6474705160226755,2.343830203793623,0.728342674756924,-0.04248097655033679,-0.04195727479570725,1.9562107286262216,0
-1.2287084991311177,2.397435648093248,1.7280720791585935,-1.6014324776621007,1,0,0,1,0,0,-0.21792512855792381,-0.21812234573090036,-0.3617263482723934,-0.06978031321887439,-0.16155743295805058,-0.11382363640593401,1.638277060231311,-0.9532776857755674,0.7200671943891318,1.391671733618648,1.5587339013621906,1.4052092791456006,-0.4043694956741597,1.0868165707325423,0.010049162888991962,0.8243210985848861,0.337203873566111,0.6714241388781229,1.116988546947158,0.8087222172553705,-1.192129820430174,1.3184705711879208,-0.15599277026962713,-1.5456931401390923,-1.370915422757959,-0.8087222172553705,-1.1169885469471588,1.050835686536495,0.04072103005925432,0.10901061945972781,0.5245297605771081,0.6493539925053206,-0.30852968182446,1.0847935651441794,0.5664865349208381,0.20179139169817292,-1.0812212129944723,1.413983630027056,0.37921369794645543,0.2357440418559006,-0.4146374576327655,0.1890486229713212,0.36909507656128593,0.9044189231421907,-0.1469716669968365,1
2.4721292803111155,0.28447883843337485,-0.15484123025532542,-1.6014324776621007,1,0,0,1,0,0,-0.14221150653312897,-0.28033985811515655,0.6361418022831113,-0.5222843422412421,0.48559444658480083,0.18803143278842535,0.7611383806103372,1.3242664161288231,0.942828243811876,0.8507145575543495,-0.15638977447157432,-0.1590231889376709,-0.17686713958291062,0.5140003069872827,1.5446530646648091,0.6607716911912412,0.5855380395305037,-0.3752565488996146,-1.1515885432024495,0.9252428331319453,-0.5447983959404027,-0.27019768423273394,-0.6248659691557409,-0.5686509869118692,-0.16305061608652965,-0.9252428331319453,1.1515885432024489,0.6330479821981672,1.6918044954137887,0.5093054329448095,0.795860270964994,1.0248561576853752,-1.1591645145976028,-0.6279498401920818,-0.1532996650890431,0.5118468759157585,-0.6093693453916895,-0.4070549059059717,-0.5148615102604385,-0.7367263106307022,-0.8884846632765624,0.37938770007212164,-0.5363722402842841,-0.15329565102369538,-0.023255055489598248,0
1.7011214095939837,0.43908543426214564,-0.4445202009343899,-0.13478617003801185,1,0,0,1,0,0,-0.028641073495936725,-0.3431388425777702,0.9559713377175679,-0.5795706579358897,0.5133100376442903,0.18400669853250057,-0.11804347102287971,0.9256891516192346,0.03324248741645882,1.5935194777290883e-4,0.13427221474364925,1.175790275646679,0.8469203899581698,-1.3323382148609397,0.37977379271775197,-0.0858114729682046,-1.0023103007885283,-1.276074732992192,-0.37315522795503414,1.9737285121859853,-1.1671143258727168,-0.8900883628774547,-0.13167584863435983,-0.9940890110163623,-1.4203990642512307,-1.9737285121859853,0.3731552279550334,-1.3723329986258064,-0.18442671521636386,-1.4284853686988783,-1.2455788071914804,-1.5012493171622625,-1.348194477436079,-0.05703537174666111,0.12354118106860354,-1.720552610450858,-1.0257092285706153,-0.6852691266735177,0.6833209116222693,0.5037136500966528,0.04792767168617923,-0.11760877902441451,-0.7558794686104828,0.1992758736982665,0.16231986177126023,1
0.5703098658755232,0.5421564981479937,1.4383931084795292,-0.4281154315628296,1,0,0,1,0,0,-0.2810198135785862,-0.17160457946229762,0.5337963509440852,-0.5089754002111725,0.5858615766892841,0.2613710347852771,0.3614588629490738,1.83599913614716,-1.573220587865962,1.237455326585032,-0.3010087191735798,0.42841625788484217,0.6556298382118257,0.2443692469040154,1.0292926370620983,-1.8369332625077432,1.233253355304621,-0.36292970733527935,0.3169427525726682,0.26996871572628706,-0.2584464756235253,-1.4888436651144714,0.3047044711626576,-0.4488493958421934,0.036995856440974466,-0.26996871572628706,-0.31694275257266885,0.49378541408539117,1.391607501712964,0.9732835122116075,-0.25070026910256554,0.2397152668543526,1.2982250023025865,1.247911984700014,1.1755363964676604,0.5118468759157585,-0.1375174777889068,-1.317574173872486,0.5251851605108457,0.6117659114840535,0.38074892326932136,0.47455723862252236,0.03983423407198747,0.18071947766026855,0.34789477903211874,1
2.4464290179538777,1.6244026689493918,0.5693561964423357,0.3052077222492148,1,0,0,1,0,0,0.48873534367349464,-0.5106028011447401,-0.6175899766199587,0.37577991996171783,-1.1366388450679619,-0.6830999372717407,-0.8323826509844426,0.1987415578512212,0.042964303377401515,-1.6972755620806736,-0.7109207179945393,-0.07977699182099972,1.0544909548444037,0.07780889650379251,0.12223145148087364,-0.14193292744173927,0.07383291632805954,0.3412251902223379,0.5335460107420674,-0.6379707392984506,1.23519407122657,-0.15033024043278495,-0.20136254614919677,2.3661212412491777,1.2573717355788356,0.6379707392984506,-0.5335460107420681,0.29881781872750485,0.41596727218528484,0.900502637032502,0.6795757665130432,0.683490552976235,1.0776900456576979,0.8401159358104279,0.6218547041523672,0.8839134569768611,1.5833540393506536,0.19995793940503753,1.1090710107684099,0.8192262533478623,1.836136769175269,0.41111087958892223,-0.4540570296619595,-0.7656567202776299,1.3376276710900281,0
-1.6142124344896835,1.1348151154916164,0.27967722576327125,0.3052077222492148,1,0,0,1,0,0,-0.38197130961164594,-0.05531016379079078,0.3035190854312764,-0.4603688293187442,0.5991471367650124,0.31324538741719665,-1.074952527475183,1.3650777936856746,-0.6845400139565068,-0.18642978958079706,-0.7926134865173597,-0.526414664333441,0.3473077906834904,-0.9114056501432067,3.267737722700769,-0.36239814714911295,0.1544121629856907,-0.8932629929013431,-0.2444928926024105,-0.4754817429490244,0.5840818698422359,1.3999358038362257,0.5716139429639799,0.4049670758813896,0.15833889844889867,0.4754817429490244,0.2444928926024098,-0.7317251853070371,3.7181342028943525,0.9459906840194431,0.5891322630504142,0.6322857122698633,-0.05648973137315825,0.9216751455883455,1.1755363964676604,0.6358690696027934,0.3620903820258042,1.0346006017076752,-0.5331079430809875,-0.17917664187171697,-0.008482709938082702,-1.016432198667086,0.28677986593896093,0.06938110143228039,-0.5181215015185524,1
1.3156174742354179,0.0783367106616796,-0.15484123025532542,0.3052077222492148,1,0,0,1,0,0,-0.4198281206240434,-0.01751447869755106,0.11162136417060241,-0.41118360877283466,0.5378517979867578,0.30430153351514155,-0.893903740700391,-1.1159110320225925,0.8336682934923465,-0.06661754498154795,0.48875202727338,-0.7727612773015261,-0.7104119585096667,-0.3242869205292927,-0.8058873751556209,1.0898177287938051,0.5412863701871845,0.7144238632200242,-0.8963291925090734,-0.16498583548630744,0.918971241437005,0.7243026307947654,-0.04449076944051427,0.6267263044566768,0.06209427855479596,0.16498583548630744,0.8963291925090727,-0.20252742647848845,-0.6347222057676005,0.5184030423421971,1.0413497803635572,1.2467438007463156,-0.43454965705011084,-0.8726274695258333,-0.5962450189412776,1.13195784435093,1.2225261405955843,1.1104772073715516,1.0452084958964885,0.858125067447326,1.0915197317350172,0.31594134103852145,0.4514102871836102,0.4033962301162448,0.9664778365683122,1
-0.2006980048416086,0.9029052217484598,-2.0377545396692445,-0.4281154315628296,1,0,0,0,1,0,-0.4576849316364408,0.038306840824772224,0.6873145279526244,-0.5338573353108679,0.90672884738902,0.44203688360679,-0.5706386036694711,1.3361880222566436,-1.1480255350981383,-0.33083021437126475,-1.1065483693466276,-0.07746515558400129,1.6692799463638457,-0.8107053476800898,0.5965098951403988,-0.3021867599754556,-0.5281289722763464,-0.8995008636569516,0.004530982273632039,-0.11014700605881247,-0.016560361866010072,-1.2363894759740635,1.2657208145669432,-0.07675337222090325,0.5603795547009168,0.11014700605881318,-0.004530982273632748,-0.7038726716844818,0.7161642658861095,0.41832933897092733,0.188596747715916,-0.03337721691295973,0.06953024385249205,1.166352774922097,1.2862727349307197,0.07776919801113909,0.3898463742377325,-0.8623145398892288,1.6929568610259738,2.232549832295058,2.0561372575098895,0.5380035976561225,-0.28942660841731066,-0.3759724034796717,1.5850608941045057,1
-1.2287084991311177,0.28447883843337485,1.7280720791585935,-1.6014324776621007,1,0,0,1,0,0,-0.21792512855792381,-0.21812234573090036,0.6361418022831113,-0.5222843422412421,0.5616339415684678,0.2358810511644201,0.8932720156079885,0.2794889201844814,0.8974115380336898,0.34938746982939445,0.4021431554480655,1.06336270015202,0.21418647187793302,1.0026895144169417,-0.0810138736464232,0.7867199112325788,0.29944897967263573,0.7066982304561209,1.133576418281877,0.3260326064644921,-0.24024093387952491,-0.464765234313433,-0.4362139961468027,-0.17507144883357362,0.16714747695922383,-0.3260326064644921,-1.1335764182818777,1.1622457410267157,0.11577027848446049,0.6184767457134681,0.9638267773955896,1.0589927181562884,0.1325402314653172,0.9216751455883455,0.40038202722625016,0.6358690696027934,-0.3318094232724056,-0.5588081172337243,-0.4509989953885172,-0.5940973255993336,-0.6177148314801074,0.31594134103852145,-0.37174181903963527,-0.26463402725168356,-0.1469716669968365,1
0.15910566815972013,1.7017059668637786,-0.8790386569529866,-0.4281154315628296,1,0,0,1,0,0,-0.7479204827314877,1.1948548046779077,-0.041896812837936774,-0.3388524020876736,1.4454495563444307,1.1807992159165408,0.7735390334854595,-0.23209188331089764,-0.4479502295789345,0.6000485243749607,0.8443250782904388,0.905887002320024,-0.12106845032303733,-0.12045176294984751,-0.3977880435263595,-0.5080635501357896,-0.06830636674827935,0.19889656188934968,0.8847583482611019,0.3580292690535297,-1.1959788383890908,-0.0799419360196566,0.10180809983144577,-0.8783582685340111,-0.9034801728025859,-0.3580292690535297,-0.8847583482611027,0.10385022336961848,-0.10937746679115769,0.9550882934168308,0.5116092600824467,0.4616029099152932,1.4557499713346498,1.4110304042558486,1.009431888773073,0.8839134569768611,-1.2477571662660425,-0.482931511569848,-1.272088472313216,-1.0349505520599276,-1.2607931819966884,-1.175048096251087,-0.28942660841731066,-0.15329565102369538,-1.4459960878228426,1
1.3156174742354179,0.15564000857606544,-0.15484123025532542,-0.8681093238500562,1,0,0,1,0,0,-0.4198281206240434,-0.01751447869755106,-0.7711081536284979,1.1916759313703347,-1.0320228333629249,-0.9344222319194887,-0.33872282490028854,-0.20930800784486142,0.8003645659585804,0.7078049372666122,0.6999936697050759,-1.2451914222472615,-1.4736206849821196,-0.4363350707831826,-0.7394185722308392,0.7297254557847461,0.8575705980410187,0.9520494157618601,-0.946287449071263,-0.7597762161999033,0.03502147190440195,-0.45345148416279774,-0.36082146542806093,-0.10584648126983955,0.019464899626464922,0.7597762161999033,0.946287449071263,-0.3696425082138195,-0.6347222057676005,0.23637715102316323,0.5891322630504142,0.9395147565080901,-0.2770246880180474,-1.1988643086375024,-0.983822203561983,0.8219023601333442,0.25106641317809053,-0.17942508891434333,0.9083602497423721,0.5599008260181015,0.4822876101929924,1.109020828958526,1.5215080252738291,1.1827648637121608,0.8427612250610729,1
-0.35489957898503444,1.572867137006469,-0.15484123025532542,-0.4281154315628296,1,0,0,1,0,0,1.4982503040040924,-0.6507375720289058,0.712900890787381,-0.536171933924793,-0.27998993119923443,-0.08609768930956323,-1.3310548357858205,-0.8555525835841299,-0.2959271353862588,-1.4288907477195132,-1.5100750710139066,-0.3673625866900185,1.8030696604755967,-0.744849690479825,-0.3570219408883657,-1.0374838969137647,-1.3263711386151955,-2.3682358870231424,-0.37315522795503414,-0.13094794135889876,1.1066191161962375,0.8166160278602174,-0.638028954142005,0.6151322994614246,-0.348949854262649,0.13094794135889876,0.3731552279550334,0.6330479821981672,2.067050737539819,8.542494530838596,6.080344973281436,4.745741249015002,5.110329252878522,7.935767186489225,9.42539361196553,7.581111916076711,1.333550109443298,1.1104772073715516,0.8171280856396278,0.3265079414213163,0.5669031826293847,0.3476645205553221,0.9453015509175579,0.9600881112561845,0.7190446135538346,0
0.44180855408933456,-0.3339475448817109,-1.6032360836506476,-0.4281154315628296,1,0,0,1,0,0,0.2868323516073751,-0.45768884201420446,1.53166450149959,-0.6461153680862378,0.47745254395478864,0.1473368975340747,-0.09627884017825877,0.3823640531391967,0.45886543349865255,-0.3512334153084065,-0.7176310976763276,-0.552471126923667,0.5639002310551078,-1.2117887481702398,0.022671164357485982,0.9170463567158177,-1.6786532186358114,-1.2608128726663208,-0.08996932053587697,-0.6642742475994289,-1.076926968145713,-0.5020951878855369,0.2942587292102276,-1.190030112191833,-0.29798279919042364,0.6642742475994289,0.08996932053587625,-0.9545452942874786,0.641115017460903,1.9012396707452048,2.204194824883068,1.195538960039945,0.4475901695294441,1.9003856629233515,2.172163442635189,1.4420133285685155,-0.8869292675109735,-0.17942508891434333,1.099947794358136,1.1044842234105985,0.4822876101929924,1.1724671879921262,1.1922471827845313,0.9044189231421907,0.7190446135538346,0
-0.9974061379159777,1.1348151154916164,0.27967722576327125,0.3052077222492148,1,0,0,1,0,0,0.2742134146032426,-0.4530370653873442,0.5593827137788417,-0.5136045974390228,0.14154762629623613,0.04850731191636592,0.5249793229867419,-0.7127733430771138,-0.24177407222517372,1.2800879886738619,1.2801721815761749,1.1955737457120927,-0.7783584904093279,-0.1955092198750308,0.07604236853644973,0.216250434558773,0.7859798508178127,0.5891970732718346,1.4008254564523381,0.24129836166347887,-0.9253470369109976,1.054481357801706,0.5478240878303395,-0.9499521225606611,-1.0890502695719715,-0.24129836166347887,-1.4008254564523388,0.14562899380345135,0.5660657690356972,1.4918472478627354,1.396663543966741,1.7161215072213833,0.7783926044967775,1.8188264531454346,1.1201682272361313,1.5350299738337914,-0.6371253376036178,1.793366658346437,1.765942592308169,1.843561691300417,1.243827762120523,0.2207718024881207,2.097714499630101,2.5188253784480175,1.770635811365363,0
-0.5091011531284612,0.5936920300909173,-0.4445202009343899,-0.13478617003801185,1,0,0,1,0,0,3.4541855396446257,-0.739121327939251,0.009275912831576286,-0.37357138129655093,-1.0707561904610863,-0.27973212628905597,-0.5776944975551445,0.03605674241807432,0.8736150784274288,-2.1582785708328323,-1.6193282248280272,-1.1053470327948223,0.6424666693261196,-1.301522102652793,0.048137222549537576,1.0116411030334562,-1.491442195989962,-1.072258915434643,-1.9553542167507993,0.43173498641965286,-0.49716728810978605,-0.001266197714611322,-0.17765933223609254,1.4368065574859716,1.0583538677804125,-0.43173498641965286,1.9553542167507993,-1.038102835155144,0.7536888900987124,2.1514239291733803,2.4949060860129455,1.5454387048668132,0.5421051509486824,-0.01625576685770265,1.2585886503149546,2.775251910704134,-0.44283339212011924,0.04820472807728505,0.16025650409986858,0.04124997135858002,0.6176725260912207,0.2524949820049213,-0.7010026615289333,-0.5986491559356475,0.8427612250610729,0
1.932423770809123,-1.0039094601397194,-0.15484123025532542,0.7452016145364414,1,0,0,0,1,0,0.551830028694157,-0.5175804660850305,0.188380452674872,-0.4233352514959417,-0.20467621044283918,-0.07089313767606957,-0.5189196137480336,1.298806146444921,-1.9185620569147732,0.012901540344466878,-1.1016386214050093,-0.4522078996440482,1.2238505434636204,-0.628665600469521,0.6270245825023344,-1.1714270879475936,0.013708134571842133,-0.8716732366334254,-0.966971920209292,0.3422733367180179,0.09341509417231005,-1.1545127343402466,1.4455673526222244,-0.0038363970804227085,0.5811649034975269,-0.3422733367180179,0.9669719202092913,-0.3139374809687093,1.2415090048625523,1.6465066076183352,0.6537347655237203,0.6322857122698633,1.424244977528238,0.6769975162545934,1.397009073393778,1.814079909629618,0.45461035606556566,-0.8117301361133116,1.4587943064955946,2.1244975709076583,1.994085837723202,0.14675105028225444,-0.6186874509066087,-0.5429799678216537,1.9149718581238089,0
0.8016122270906633,1.572867137006469,-0.4445202009343899,-0.4281154315628296,0,1,0,1,0,0,-0.5207796166571032,0.15401978441792155,0.712900890787381,-0.536171933924793,1.0375386340365516,0.5328170007126491,-1.1787857830663522,-0.2832269327222237,0.3129529086769264,-0.7483294332942181,0.32183076946846734,-0.7225935224567989,-0.6549612555918675,-0.3387598132524851,-0.20358146324227253,-0.0932114867159655,-0.35843273551619753,0.2988451972247344,-0.47959406901947754,-0.5098758229700693,1.300645512264578,0.1847944128917639,-0.5214856650138937,0.6555290212687803,-0.12663159268947846,0.5098758229700693,0.4795940690194761,-0.007559831120602114,0.26586877533487285,1.5282376854522888,1.2351572877834756,1.0077878774499178,1.833809897011603,0.2692014673650073,0.5664865349208381,2.1861464906907218,1.5000860627148682,0.4275877563966659,0.7350191379471587,0.3265079414213163,0.5838262971166633,0.37938770007212164,0.9453015509175579,0.7374113588002092,0.47161139053935697,0
0.9558138012340891,-0.3339475448817109,-0.15484123025532542,-0.4281154315628296,1,0,0,1,0,0,0.3751649106363024,-0.49664747126415926,1.53166450149959,-0.6461153680862378,0.42761318115708563,0.11737498696219013,1.0974900792004165,0.13740237523322296,-0.4488757514286138,0.9966765682996428,0.06258021231249643,-1.955562741166512,-1.054158012838672,0.44987768474307943,-0.4837211135836818,-0.2725835993806284,0.2928710395794258,0.008109331284200126,-1.7622723062536898,-0.9193541232206256,-1.0765741891506817,-0.6731702648424484,0.339707960114182,-1.0560398340524244,-0.07344015728676843,0.9193541232206256,1.7622723062536891,0.5494904413305014,-0.3345252120667762,0.4456221671630917,0.22735824919990022,0.3421249482670949,0.3530751881102058,-1.1988643086375024,-0.5962450189412776,0.6358690696027934,-0.9424412519348303,-0.482931511569848,0.6072941082033162,0.7025298110494701,0.19459466390925928,0.886958572340925,1.1099319721622063,0.6817421706862145,0.22417816752487937,0
1.135715637734753,0.20717554051898904,0.27967722576327125,1.0385308760612593,1,0,0,1,0,0,0.5644489656982895,-0.5187434102417455,0.32910544826603294,-0.4655766762000758,-0.1277694200011018,-0.03914245632377399,-1.6787887911204533,0.22138831867109227,1.1154537005258383,-1.4575777605062525,-0.9818894912824832,-0.3542575545033912,0.8051688041366529,-1.0110806089271496,1.149058792768987,0.3475633416403931,-1.1086687296136895,-1.1555818736240702,-0.42289300415337133,-0.06374491962016399,1.3241368490627305,0.8472394587800625,-1.1755949370712808,0.8697565851626273,0.14830364382009398,0.06374491962016399,0.4228930041533706,-0.7874302125521474,1.6918044954137887,1.3462854975045246,1.3514417922354265,0.7517636739180628,0.25856020669096863,1.5741488238116832,2.0614271041721297,1.3800022317249987,1.5278420549267964,1.1104772073715516,0.7441423543574326,-0.03654765684034838,0.31305646532020776,1.2041903675089267,0.4514102871836102,0.45906541823023866,0.6571863078002155,0
-0.9974061379159777,0.5936920300909173,0.714195681781868,-0.13478617003801185,0,1,0,1,0,0,0.19849979257844777,-0.4280337660179702,0.009275912831576286,-0.37357138129655093,-0.13453705813616704,-0.040484034409082256,0.5905571577649912,-0.5940666934352534,1.1750700894641801,-0.8961086517895716,-0.32375374096760745,0.6345031928637054,-0.08408328473379625,0.32468070006015237,-1.1211064053687845,1.3037987035894743,0.17965237571028025,0.76015792706551,0.27586209560863856,0.5917900106131198,-0.4967669737232801,-0.3077246055880429,-0.29616821813877064,1.3887251969414545,1.1630419824539147,-0.5917900106131198,-0.2758620956086392,0.6330479821981672,-0.8277059874324162,1.1604343341007368,1.7612062364946826,1.7709838365496378,0.11453737786165287,-0.4531801049536876,-0.6199742343262191,1.4685895129300228,-0.49834537654397587,-0.3311783002420958,-0.14080963743918734,-0.2699405414371327,0.27921023634565156,0.28421816152172197,-0.9479482933959068,-0.8213259083916238,0.5334696962929761,1
2.0095245578808356,0.0010334127472937634,-1.168717627632051,0.3052077222492148,1,0,0,1,0,0,-0.3945902466157784,-0.04077336183185243,0.7896599792916505,-0.5512168249153065,0.8473991032555899,0.394634457925898,-0.3664275045570948,0.23576931001393545,0.01499924030646607,0.027601857436587763,-0.2227546257846902,-0.794398598908979,-0.44449864075159523,-0.6879643411551593,-0.603792088409836,-0.3625328190492844,0.4573250695904065,0.3947246781098355,0.6912331826893887,-1.7690215962405291,-0.17787949872455427,-0.9284664366080043,-0.3848149845892081,0.4161873818880354,0.6749637443923916,1.7690215962405291,-0.6912331826893894,-0.6481676444393714,-0.5596729573423944,0.018034525485845748,-0.173177266134598,0.017827623793410803,0.3845801819166189,0.2692014673650073,-0.04256332662598434,-0.046252995675895824,-0.24854144663662048,-0.9381911455531051,-0.323273965644676,-0.46443461193445323,-0.2792525417345383,0.4428340591057229,1.1922471827845313,0.3477270420022505,-0.3944048900113141,0
-0.3291993166277972,1.572867137006469,-0.4445202009343899,-0.4281154315628296,1,0,0,1,0,0,1.5234881780123575,-0.651900516185621,0.712900890787381,-0.536171933924793,-0.28706824840438844,-0.08699207469976873,-1.481412606218126,-0.39642564594442325,0.9827475617297925,-1.0077244637632468,0.12526690357171377,0.7120401298435313,0.2690530690649878,-1.0012338029543941,-0.3070401422951339,0.6143913784174105,-0.9277212727812716,-0.0641260814554061,1.0066075265840329,-0.027203276549727037,1.0595192717935757,0.23652056579360234,-0.7260447554919867,0.44145820413216846,-0.22545974712289366,0.027203276549727737,-1.0066075265840335,-0.8988402670423681,-0.18442671521636386,0.36374368258659734,0.6408142650290589,0.20557870638343811,0.3530751881102058,1.0847935651441794,0.6218547041523672,0.07776919801113909,1.2780381250194413,0.5034643620605421,0.7988816528190786,0.2616765845888761,0.43151826673115745,0.6966194952401235,0.5337254978059351,0.5704037944582268,0.6571863078002155,1
2.1123256073097876,0.20717554051898904,1.0038746524609323,1.0385308760612593,0,1,0,1,0,0,-0.48292280564470574,0.07552105383965442,0.32910544826603294,-0.4655766762000758,0.7788926208465575,0.41788847807124124,1.2988516721307584,0.4267169546945817,0.9144940549155894,1.0456007697875864,0.8859516563660127,0.5409688211685809,-1.313196992253663,3.211848636593446,1.1921020382006384,0.04297050718026877,2.363785794150245,1.5354346583763707,1.2994551316290601,-0.550966827225982,1.4031564459728625,0.6085392403861754,-1.2069627931455433,0.931350346986549,0.3472725521844523,0.550966827225982,-1.2994551316290608,4.532399889355893,2.2171492343902317,2.356120140614615,2.02330781795781,3.175459467352957,1.2352150146897614,0.18764225758709038,-0.3747723420151606,2.992290749656445,1.3890620938671545,0.6552175733882943,0.22411901897178985,-0.4514683405679659,-0.07617516788719629,0.9821281108913258,0.6983559190505837,0.45906541823023866,0.10046155601764112,0
1.3927182613071303,1.6244026689493918,1.0038746524609323,-0.4281154315628296,1,0,0,1,0,0,0.009215737516460692,-0.37802716727922225,-0.6687627022894718,0.5696275538779495,-0.9965054932016737,-0.7309495556477354,0.17269162562391674,-0.10894353609577903,1.1741876793812678,-0.2653060674850801,-0.17298052479735443,-0.6314506468780585,-0.36559079482147055,0.5262846680422184,-0.26893998178854,1.405188779434608,-0.23512928283649379,-0.1890658646313853,-0.2611143426240418,-0.6022533438160685,0.2857255300743651,-0.11988974761033103,-0.19307468579179615,0.1252612091107931,0.04029713599674198,0.6022533438160685,0.2611143426240411,0.8837206048011639,0.11577027848446049,1.2644070129280303,1.9199438140005203,1.7075873671036554,-0.5920746260821743,0.18764225758709038,0.34501385799472056,1.3179911348814817,0.3343343898138759,-0.02767187758659086,0.2788583174334372,0.13201387092399572,0.17767154942198057,0.31594134103852145,0.6160407084282594,0.3477270420022505,0.22417816752487937,0
0.004904094016293398,1.6244026689493918,0.27967722576327125,-0.4281154315628296,1,0,0,1,0,0,0.791589831772674,-0.5565390953349852,-0.6687627022894718,0.5696275538779495,-1.4277558830428938,-0.8682377130442811,0.009174353789649337,-0.6533263060806825,-0.3461393415787397,0.2900172011563489,0.5888491564889078,0.9572918854234002,0.19948999403227458,0.12259107911527027,-1.0525622703380608,-0.677885100250433,0.35282996018661933,0.6610719598280577,1.7556215933338128,-0.43557216489828954,0.10973439953231273,-0.15772291772536307,-0.20802507508711582,-0.04193437959918991,-0.12012464133572388,0.43557216489828954,-1.7556215933338135,-0.03541234474315745,-1.0850176963188372,-0.5369196477548344,-0.7804407893836761,-0.6136987449184976,0.5421051509486824,0.9216751455883455,0.12354118106860354,-0.6663639641110671,0.19555442875423396,-0.02767187758659086,0.39746013076700454,0.22277777048941236,0.19459466390925928,0.37938770007212164,0.5337254978059351,0.3477270420022505,0.22417816752487937,1
0.2105061928741954,0.0010334127472937634,1.0038746524609323,0.3052077222492148,1,0,0,1,0,0,0.33730809962390496,-0.4704812277380702,0.7896599792916505,-0.5512168249153065,0.20409680870380478,0.06415905624496233,1.0329032041594894,1.4601788104396205,-0.38941163298399845,0.2666795592575507,-0.4665698127052503,-1.113742400004537,0.28374888768416573,1.7851897519759166,0.6088358079868191,-1.0491051110153071,1.1709793792899332,0.6847005272439222,0.4977080171176754,-2.012632550043436,0.34746351688947846,-1.394222895048048,-0.5219107136031215,0.80085622797074,1.2750404059331553,2.012632550043436,-0.49770801711767615,1.5800334453650435,0.491016520610491,-0.17301527185930607,-0.6770767854263857,-0.22112829950298704,0.6681251261743327,0.02452383803125581,-0.2086678343205727,-0.17027518936292965,0.0012624832707351544,-1.4693273852002382,-1.0713777112871794,-1.1386807229918314,-0.8038690908401701,0.2207718024881207,-0.20711139779498602,-0.9883334727336057,-1.136704559054746,0
0.9558138012340891,2.3459001161503257,0.27967722576327125,-0.4281154315628296,1,0,0,1,0,0,0.16064298156605036,-0.41175254782395926,0.34189862968341117,-0.46789127481400095,0.10313948641436604,0.04492977035554388,0.3294267918123321,-0.45189650615444404,1.3648230312585745,0.7903640324722425,1.0849560463719712,0.3299839447724009,-0.8053535470284197,-0.14519107800028005,0.22659442655742842,1.6892368856706828,-0.4353289367168439,0.034252538669153974,-0.1227108960387,0.5717619163874247,-0.6031491875558942,0.8472394587800625,-0.16823864485784773,-1.4993955395662706,-1.377055059758051,-0.5717619163874247,0.1227108960386993,-0.20252742647848845,0.11577027848446049,-0.2548937564358004,0.6278937645343975,0.4103980692089227,-1.2851844898232538,-0.13859458152457876,-0.09793149585751397,-0.10826409251941274,-0.44283339212011924,1.1104772073715516,0.7441423543574326,0.533968283285125,-0.14386762583630988,0.41111087958892223,0.7806711296729086,1.2384340518261547,0.34789477903211874,0
-0.2006980048416086,0.5163887321765315,-0.4445202009343899,-0.4281154315628296,1,0,0,0,1,0,-0.2810198135785862,-0.1745119398540853,-0.029103631420558513,-0.3585264903060374,0.24555821428762603,0.14286497058304715,0.9355414640864523,-0.7836639937694109,0.3301050020355339,1.0375398518867651,0.8921302819137459,0.5103489312814522,-1.490626902801162,0.8829961272159144,-0.040358309969481414,0.12780910858617528,0.22646255291545805,0.28109637803753484,0.6912331826893902,0.010498418681674735,-0.41861385312839694,1.0351733561848033,-0.3228287680999413,-1.1770930125016306,-0.8853771572461834,-0.010498418681674735,-0.6912331826893908,0.9951306592913848,0.11577027848446049,0.49111021415003275,0.48576825909312477,0.5640125913280355,0.3215701943037938,0.10608304780917345,-0.2086678343205727,0.20179139169817292,-0.3040534310604773,1.1863538130354276,0.48869229486974886,0.2357440418559006,-0.2623294272472596,0.6331731362065233,1.7684536571408034,1.9621334973080773,0.40975308478573785,1
-0.09789695541265715,1.1605828814630785,-0.15484123025532542,0.3052077222492148,1,0,0,1,0,0,0.8294466427850714,-0.5588649836484154,0.35469181110078946,-0.4748350706557764,-0.2278238107803708,-0.06284366916421999,-0.3397367708301771,-0.11396139097764346,-1.9554885671208309,0.2929992979010449,-0.5558448488856867,-1.778999600784443,-0.5683483821489882,-0.13816593355915677,1.2466112674607275,-2.2550105485769727,0.5240993378975916,-0.9617216504344228,-2.467596939223094,0.020989325180847843,0.3343584770965606,1.405243387175434,0.4071502515773631,0.12386478325386245,-0.2163084811292906,-0.020989325180847843,2.4675969392230925,0.2152602778598393,1.879427616476804,1.514591271356206,-0.12149526415595328,0.09463488485296781,2.038592356753285,-0.8318478646368748,0.42806611184201476,1.5350299738337914,0.05677446769459199,0.8828473903799233,-0.8432973010303187,-0.5292659687668935,-0.44848368660732285,-1.206771275767887,-0.04248097655033679,-0.04195727479570725,-0.9511296417938885,0
-1.1773079744166424,0.4133176682906843,-1.6032360836506476,-1.161438585374874,1,0,0,1,0,0,2.091340343198319,-0.6873703129654305,-0.5152445252809326,0.14721330683660885,-1.4271886471978412,-0.64240540201739,0.009994199140430258,-0.08555225185258347,-0.35533981991046915,-0.3366007357833641,-0.34354684733078666,-0.03689908416396424,0.46963038433277093,-1.145417894812043,-0.1640428889207777,-0.17651348249937343,-0.802888246741349,-0.47491305768518377,-0.22109974072011698,0.16895808102739213,-1.158385241639365,-0.04691141443179707,0.30838241075553263,-0.34140436333415325,-0.017032439434881072,-0.16895808102739213,0.22109974072011698,-0.9143138857215654,0.3159016076183434,1.5474437497356637,1.1992670086316388,0.7631425274083669,1.4347466421303747,1.0485450274651051,1.3047287913412295,1.517804669155035,-1.0812212129944723,-0.02767187758659086,0.05990112358685037,0.20981149912292413,0.05920974801103089,-0.0012904541294803558,-0.20711139779498602,-0.15329565102369538,-0.023255055489598248,0
1.6240206225222695,-0.1535731830814779,-1.6032360836506476,-0.13478617003801185,1,0,0,1,0,0,0.4256406586528323,-0.49722894334251677,-0.08027635709007157,-0.32670075936456655,-0.33668395403145596,-0.12992257342963318,-0.2820461283456147,-0.5762868655688405,-0.47393091020029465,0.3023759481281814,0.11928771079591922,-1.699660827346185,-0.9003354431222714,-1.201306993305852,-0.2060242967172353,0.02768338416479012,-1.0480906679784894,-0.9283813951423369,-2.1674099773270625,-0.16852382448162845,-0.8081397859140672,0.584581190864834,0.6756985623335015,-1.4477591635090297,-1.0614636038453331,0.16852382448162845,2.1674099773270625,-1.17736540326792,-0.3345252120667762,-0.46413877257572894,-0.37990527404917784,-0.7502449868021539,-0.4660546508565234,-0.9541866793037505,0.012804842605544792,-0.046252995675895824,-0.6926373220274746,0.7310941790521709,0.4704458620491997,0.7673611678819103,0.0761328624983096,-0.2233527107470814,1.2745623934068555,1.2941032399401495,0.10046155601764112,1
-1.2544087614883548,-0.9523739281967958,-0.15484123025532542,-1.161438585374874,1,0,0,1,0,0,0.816827705780939,-0.5588649836484154,1.007144063387081,-0.5836212055102586,0.06006338849456255,0.021228557515097883,1.0006261500177331,-0.47111694384286407,-0.511776052990187,-0.2507842275117278,0.22938889507005716,0.4218914716075251,0.21238041381670061,0.005056565853829178,-0.5939352165414824,-1.3561236818517952,-0.354234574917233,-0.5762969008800543,-0.5252107151899512,1.0963072413460702,-1.3863425585194509,0.051631528854002455,-0.663158507154899,-0.012459628617120943,-0.8608585547526464,-1.0963072413460702,0.52521071518995055,-0.007559831120602114,-0.5596729573423944,-0.018355912103706302,-0.7158382869103699,-0.801449827508525,0.8886600828192224,0.10608304780917345,0.40038202722625016,-0.23228628620644656,-1.0950992091004363,0.9587239960437993,2.728441923592121,1.843561691300417,1.7261365250079592,1.6007301114689292,1.0276167615398821,1.9621334973080773,3.255235149452228,1
2.343627968524927,0.9802085196628456,-0.4445202009343899,1.7718540298733036,1,0,0,1,0,0,0.3499270366280375,-0.4728071160515004,-0.7071422465416066,0.6303857674934848,-1.3662898651517652,-0.8507971979352736,-2.1692395224878624,-0.14184635709850546,-0.059214291464534045,-1.9280025235256666,-1.5862012827663612,-1.6616974798504862,0.8072635933263893,-0.5270640056494085,0.42434141432032224,-0.06679788394397926,-1.147157553304563,-0.9995383324341359,-0.5464277599204057,-1.7244167737132345,2.489744216925114,0.619784490223758,0.013822488722196095,1.4671052320028468,1.08628471606329,1.7244167737132345,0.546427759920405,-0.3417899945912644,0.7161642658861095,0.8641121994429487,0.6924962670077037,0.15437386567706757,0.5421051509486824,0.5138790966987595,0.8986955503100138,0.6978801664463103,3.2487135720663565,1.2622304186993043,1.6929568610259738,1.4416072789392878,2.073060371997167,1.1407440084753266,0.8629863402952329,0.06938110143228039,1.4613442825972665,0
3.191736626313771,-0.2051087150244015,3.176466932553916,-0.4281154315628296,1,0,0,1,0,0,0.2868323516073751,-0.4478038166821264,-0.2977604411855021,-0.1710440025780999,-0.4750211711961895,-0.21220602932854002,2.4885455320058703,1.020350007470741,0.6483796700244443,1.6632526322576735,1.9067347486581327,0.84206440505868,-1.250949842121853,4.360149869756069,1.2156430534571618,1.0839582488625021,2.340657895344774,2.6992100969933834,1.7556215933338128,-0.5927287050207662,0.8962272356122893,-0.18265788221381474,0.2029167738008688,0.07400929981033363,0.15640474366777618,0.5927287050207662,-1.7556215933338135,6.147845679464094,2.367247731240644,2.6108532037414847,2.9665043540680807,4.199556281480377,1.4557499713346498,-0.30171300108041293,-0.983822203561983,3.3023462338740304,1.0837461795359422,0.04820472807728505,0.7258959215368835,0.7284623537824456,0.7192112130148905,0.41111087958892223,0.28677986593896093,0.013711913318286572,0.40975308478573785,1
0.8016122270906633,0.5163887321765315,-0.4445202009343899,-0.13478617003801185,0,1,0,1,0,0,-0.5207796166571032,0.15401978441792155,-0.054689994255315046,-0.3382737524341923,0.5971185460765519,0.3798770989875071,-0.03948013551751366,-0.19782108967146053,0.6294351875525445,-0.563130045476743,0.502374985122556,0.22364584245065902,-0.008516952426753533,-0.2329667065429218,-0.09477878509566239,-0.05041822077915861,-0.30981469590834,0.1515709924909071,-0.21768276347888266,0.5209213695068188,-0.17787949872455427,0.17656834750137204,-0.9111244371563093,0.4535454122320057,-0.5051325116914978,-0.5209213695068188,0.21768276347888196,0.1317027369921738,0.41596727218528484,1.619213779426171,1.338521291740765,1.1272658390981163,1.6447799341731264,0.8401159358104279,1.0648000580046022,2.2481575875342377,-0.24854144663662048,0.04820472807728505,-0.323273965644676,-0.723760039264214,-0.5161761445564365,-0.2233527107470814,-0.4540570296619595,-0.26463402725168356,-0.5181215015185524,1
0.44180855408933456,1.5986349029779314,-1.6032360836506476,2.9451710759725747,1,0,0,1,0,0,0.31207022561564,-0.4635035627977798,-0.630383158037337,0.4799368575883498,-1.0780300452163074,-0.7273720140869134,-3.5294544317664935,0.33157341010829106,-1.250287582591503,-1.7037101547910316,-2.03399455936027,-0.528793437098579,2.315096306200918,-1.1785367648228586,0.11911011980842091,0.8503629271392655,-1.6775798015190102,-1.4192110877600974,-0.09305301462755473,-0.6289223324429117,3.730212254682507,-0.33577300786194236,2.5637177433714413,0.6381430903643487,1.2587091438412659,0.6289223324429117,0.09305301462755473,-0.9266927806649233,0.7161642658861095,1.792068357976546,2.062069319441795,1.0760609983917457,0.25856020669096863,2.145063292257104,2.4490042887928354,1.3179911348814817,4.5532452060269915,0.12408133374116129,1.5378621820513083,2.893829671985947,3.0884472412338746,-0.9212626601166852,-0.7833178721512579,-1.0996718489615938,1.3376276710900281,1
-1.6656129592041589,1.6244026689493918,0.27967722576327125,-1.6014324776621007,1,0,0,1,0,0,0.40040278464456736,-0.48618097385372366,0.41865771818768077,-0.4921945602602151,0.0019990043776797386,0.006471198576706979,0.7684047488396512,-0.03009521887980142,-0.7238914011781724,0.8693390772686616,0.48850275236479324,-0.3212869300007909,-0.7322327746868846,-0.043097276515778514,-0.1945819853862704,-0.6238127065625535,-0.042031089338375655,-0.17606823428009996,-2.31409880030663,1.856897962536105,-1.1115477992019382,-0.15362132902533407,0.36271218608876665,-1.2160983170135324,-0.8069738648412427,-1.8568979625361057,2.31409880030663,-0.23037994010104354,-0.40957446049198204,-0.7461646638947628,-0.9225662948249498,-0.8867912286858101,-0.15100471279239655,-1.6882195673050053,-1.0391903727935126,-0.35630847989348147,-1.1089772052064004,-0.3311783002420958,-0.5969704579529088,-0.3347718982695729,-0.7700228618656133,-0.6040308649486834,-0.8656330827735822,-0.04195727479570725,-0.20882997275045564,1
-1.2544087614883548,1.3409572432633117,-0.15484123025532542,2.505177183685348,1,0,0,1,0,0,0.816827705780939,-0.5588649836484154,-0.7199354279589849,0.7056102224460523,-1.642051328257828,-0.9751167671738393,-2.1887251920742,-0.12584832313785416,-1.8409115574424382,-1.3038959364333573,-1.7024386755067389,-0.6209371557264741,1.3907246224373964,0.03048626182691691,-0.6838604822389457,-1.0962110311389237,-0.2547134736594027,-0.3631677170676076,-0.47521987007162214,-0.3755669404878874,3.073937172666639,-0.5123456457161664,1.4150014018202592,1.5089097694491476,1.8586910658796125,0.3755669404878874,0.4752198700716215,0.10385022336961848,-0.5596729573423944,0.32735324499704527,-0.3153027715758717,-0.3918111018575571,1.0776900456576979,-0.05703537174666111,0.17890935030013266,0.07776919801113909,3.7483214318810676,-0.1035484832504671,1.4283835851280149,2.0769545758972012,2.7499849514883055,0.15732544345452057,-0.8656330827735822,-1.0996718489615938,2.141785645887079,0
0.44180855408933456,0.4133176682906843,-1.6032360836506476,-1.161438585374874,1,0,0,1,0,0,0.31207022561564,-0.4635035627977798,-0.5152445252809326,0.14721330683660885,-0.8111216264048052,-0.4702362144028295,-0.08868938932230665,0.0031758867191661916,0.7286828649604095,-0.8484500643756908,-0.7762244982424579,0.22546387733159765,1.014627037808941,-1.2857579281487799,-0.051813936712676804,1.104182232063329,-1.5751738917597733,-1.1129398069194858,-0.16027754582615011,0.4664671563038157,-1.1613894173909276,-0.05626506854842945,0.11346276887377554,-0.4157141678636014,-0.07743924124122284,-0.4664671563038157,0.16027754582614942,-1.038102835155144,0.5660657690356972,1.937630108334758,2.3592408308190027,1.3832900426299712,0.3530751881102058,1.9003856629233515,2.227531611866718,1.6280466190990672,-1.0812212129944723,-0.02767187758659086,0.0872707728176734,0.13201387092399572,-0.0423289389126401,0.1890486229713212,-0.28942660841731066,-0.09762646290970158,0.10046155601764112,0
1.341317736592655,-1.6738713753977288,2.452269505856255,0.3052077222492148,1,0,0,1,0,0,-0.6974447347149578,0.706418258857579,0.39307135535292426,-0.4812002168440706,1.4283996984561667,0.9151667550255044,2.596582504585774,-0.19118984812634737,1.4026701637419854,1.1838106925645508,1.6381852079678947,1.19230587510724,-0.6172636629197228,3.4925735530110242,-0.48117555942907275,1.4251236809797945,1.5662723893363477,2.051219932771433,0.3506288912831737,1.2784135428411474,-0.12087283802330197,-0.21961704581150743,-0.4853852425830963,-0.04616298258402953,-0.12710397527305328,-1.2784135428411474,-0.3506288912831744,3.7525295079243475,-0.25947596364157,0.7185504490847379,1.4160442947087326,2.117226092754623,-0.18250970659880966,-0.8726274695258333,-1.0945585420250417,1.6280466190990672,-0.27629743884854874,-0.4070549059059717,-0.6608329728248301,-0.7885913960966542,-0.7530997473783346,-0.15990635171348128,-1.277209135885205,-0.9326642846196119,-0.45626319576493324,1
0.8016122270906633,0.9802085196628456,-0.4445202009343899,1.7718540298733036,0,1,0,1,0,0,-0.5207796166571032,0.15401978441792155,-0.7071422465416066,0.6303857674934848,-0.49445511859747904,-0.36872347261450417,-1.8199243608818112,-0.511234021308924,0.2781691698366863,-1.2082982140636702,-0.6197437773997018,-1.4472531110676372,0.2832535393450462,-0.13903612092901177,-0.3803720920488499,0.40378626433943615,-0.28159839039336443,0.21676815422124893,-0.1602775458261487,-1.8149193121744094,2.3917258718575596,0.3206363265590896,0.025499680773149024,1.3531047907583456,1.0173291752683449,1.8149193121744094,0.160277545826148,0.38237535959517033,0.26586877533487285,2.2378512184485686,2.1654333233990846,1.9124067299291387,1.6447799341731264,0.9216751455883455,1.1201682272361313,2.806257459125893,3.0821776187947867,0.8828473903799233,1.5926014805129542,1.3638096507403592,1.93767545609894,1.0772976494417266,0.7806711296729086,-0.04195727479570725,1.2139110595827887,0
1.341317736592655,0.4133176682906843,2.452269505856255,-1.161438585374874,1,0,0,1,0,0,-0.6974447347149578,0.706418258857579,-0.5152445252809326,0.14721330683660885,0.5797944631655974,0.4295154881439129,3.249855223657003,-0.2947668050726296,0.9139630783540061,1.1561963802434583,1.44571250410576,0.6481581396923777,-1.2103688409183464,3.3954571353933605,-0.5294208259656409,1.432529995036113,1.444921689485036,1.8625637530337626,0.5174554829923397,0.37080434932556694,-1.1263020365087757,-0.12578547076664562,0.19013634629094067,-0.1291871048686483,-0.061066074283800634,-0.37080434932556694,-0.5174554829923405,3.585414426189017,-0.3345252120667762,0.6184767457134681,1.3256007912461045,1.9636115706355104,-0.34003467563087314,-0.8726274695258333,-1.149926711256571,1.3179911348814817,-1.0257092285706153,-0.02767187758659086,0.29710475025398503,0.35244048415429274,0.27921023634565156,0.062155904904119784,0.03983423407198747,0.23638866577426285,0.34789477903211874,1
1.341317736592655,0.9802085196628456,2.452269505856255,1.7718540298733036,1,0,0,1,0,0,-0.6974447347149578,0.706418258857579,-0.7071422465416066,0.6303857674934848,0.045977625542600604,0.05610958773311275,0.6291344796432164,-0.8086854642279055,1.1049254328762674,0.10610633716144376,0.7480006018736265,-1.0153604861903571,-0.9090535419399878,3.3499167279893323,-0.834391174702926,1.8233619704000787,1.4453261439096867,1.9199887453638524,0.6060821098378343,-1.9859354592157201,2.4723705149669333,0.2740714166874933,0.32183285393103306,1.289817847258889,0.90205789787408,1.9859354592157201,-0.606082109837835,3.5575619125664613,-0.6347222057676005,0.6457695739056325,1.5710903006446677,2.2196357741673656,-0.6865896075014126,-0.7910682597479163,-1.0945585420250417,1.3179911348814817,3.137689603218643,0.8069707847160468,1.528738965641033,1.4934723644052397,2.039214143022611,0.6014499566897238,1.1099319721622063,0.18071947766026855,1.0283361423219313,1
0.7502117023761872,0.05256894469021735,-1.8929150543297122,0.3052077222492148,1,0,0,1,0,0,-0.3188766245909836,-0.09892056966760585,-0.7966945164632545,1.7500728469797782,-1.3964034263392555,-1.4285701600080325,-0.1650709731200563,-1.1622248739769772,-0.7461525337370126,-0.7582294322608686,-0.39967489667080225,-0.7369542892373173,0.3936780135949912,-0.42395992707242863,0.18529354169808848,-0.16453430300167404,-0.11792722757091524,-0.02680297704692653,-0.5636247330177211,-0.4461216066019436,-0.19408055736686514,1.780813116030383,0.8546744029873522,0.9073844259076098,0.4934290498255997,0.4461216066019436,0.5636247330177203,0.15955525061472892,1.1664597564373458,2.865586266868354,2.307558828840357,2.1342943729900803,2.3063848041077932,0.9216751455883455,1.397009073393778,3.1783240401869945,0.41760236644966076,3.159145560296209,2.723880315386984,2.9067959433524364,3.2576783861066594,0.5380035976561225,0.6983559190505837,0.514734606344233,2.7603687034232727,0
0.2105061928741954,-0.2051087150244015,1.0038746524609323,-2.041426369949327,1,0,0,1,0,0,0.097548296545388,-0.3919824971598031,-0.4896581624461761,0.05173611401219622,-0.6279537841476891,-0.34144471821323613,1.858841252460707,-0.09046553606882213,-0.23203057228780044,1.4000760439674624,1.484339755688669,1.37018965331738,-0.6356556018170226,1.7077221265693716,0.7575676059702096,-0.9620602021553113,1.1499364736692834,0.5760259979675753,0.39961991949913633,1.4724370949487693,-0.878428183367748,0.8830813845525202,-0.6495841570462799,-0.7511550872316726,-1.367337106714965,-1.47243709494877,-0.39961991949913706,1.7750010407229295,0.8662627627365218,0.4001341201761507,-0.18609776662925942,0.2738518273252659,0.9516700704320475,0.35076067714292497,0.17890935030013266,0.3258135853852078,-0.8314172830871166,0.8069707847160468,-0.031331040515893936,-0.3607044410025493,-0.6177148314801074,-0.2550758902638815,-0.04248097655033679,0.848749735028197,-0.023255055489598248,0
0.15910566815972013,2.448971180036173,-0.8790386569529866,0.5985369837740325,1,0,0,1,0,0,-0.7479204827314877,1.1599664799764557,0.43145089960505906,-0.49393050922065895,1.745780237179987,1.2738152964979137,0.034673605346685794,-0.5658190039029677,-0.16918793684550334,-0.3834378308891022,-0.588682649768293,0.39023301235580327,0.9065024828914385,-0.01198907449526085,-0.7075234094819711,-0.44862941281697516,-0.3187893571770059,-0.1486928980031458,0.9153149533513734,-0.3755669404878874,-0.060193834256415786,0.06782292016569447,-0.21954371672818512,0.20189370261242126,0.6201466018237665,0.3755669404878874,-0.915314953351374,0.24311279148239442,-0.40957446049198204,1.0551619967881019,0.6278937645343975,0.4616029099152932,1.2982250023025865,1.8188264531454346,1.397009073393778,0.8219023601333442,0.19555442875423396,0.4275877563966659,1.0908245779478607,0.7932937106148858,0.8376730144258402,1.5214221626769286,0.4514102871836102,0.29205785388825667,1.275769365336409,1
2.52352980502559,0.5163887321765315,0.27967722576327125,0.5985369837740325,0,1,0,0,1,0,-0.36935237260751347,-0.0640322449661538,1.058316789056594,-0.5928795999659593,0.9101020027305673,0.40894462416918614,1.8912459751972106,-0.27753165186404366,-0.920801768845499,1.4593544032088415,1.0085582825512482,0.7254613900339566,-0.13525588839210526,1.7756370424525014,-0.18236738306496506,0.27670045966785506,1.325401578258553,0.9536124914151812,1.078283513832815,-0.0799856498736912,-0.8556279554178913,0.1982292610003973,1.536824142129246,-0.6572481321291523,-0.3801581701757212,0.0799856498736912,-1.078283513832816,1.6357384726101538,-0.18442671521636386,-0.03655113089848297,0.11107374474794844,0.6493539925053206,-0.37153966943728567,0.2692014673650073,-0.2086678343205727,0.20179139169817292,-0.859173275299045,0.04820472807728505,-0.378013264106322,0.4302381123532211,0.12690220596014448,-1.4288335323854886,-0.4540570296619595,-0.5429799678216537,-0.8892713360402683,1
1.521219573093319,1.0059762856343069,1.4383931084795292,0.5985369837740325,1,0,0,0,1,0,-0.6217311126901629,0.5319766353503188,-0.1826218084290977,-0.25957739956073705,0.7372128721594652,0.6097341442703229,0.7034790548533411,0.26127760867986227,-1.1957980453416595,2.0337135256237997,1.0576472477512138,0.9181371075864798,-0.5821551244535277,0.31632598284206276,0.16956648206137453,-0.8279748912604471,1.1169165782882662,-0.10361538957073028,0.2905222516232541,0.9640930772469049,-0.6621355554520736,-0.18874373824469,0.8026610713310645,-1.639900409096475,-1.476153482187675,-0.9640930772469049,-0.29052225162325485,0.6330479821981672,0.5660657690356972,1.1916261377489248,0.5116092600824467,0.9736513169790033,0.6996301199807459,0.9216751455883455,0.8433273810784847,1.1939689411944467,-0.8314172830871166,-0.5588081172337243,-1.244718823082393,-0.7107937678977266,-1.2438700675094103,-1.6191726094862895,-0.28942660841731066,0.18071947766026855,-1.3222794763156045,1
2.3950284932394013,-1.4677292476260335,-1.6032360836506476,1.7718540298733036,1,0,0,1,0,0,-0.34411449859924853,-0.0727543261415168,-0.8094876978806327,1.7645390883168104,-1.5103730115032894,-1.4196263061059775,-1.632361990466832,0.9743883200996596,-0.8338686234516816,-1.2748204970942896,-1.3329691338250986,-1.1497917729420957,0.9019254980083343,-1.2248350040445886,1.7969409529180154,-0.23487972916991678,-1.650969341258156,-1.5937460359673539,-0.5448307780589747,-1.027822311265718,1.0459983795901013,0.4627574509032311,0.9038948669216583,0.08512730934893069,0.1769423507957695,1.027822311265718,0.544830778058974,-1.1216603760228097,1.841902992264201,0.32735324499704527,0.14983524623193267,-0.5283573437412127,0.1010352376589052,0.8401159358104279,1.2862727349307197,-0.23228628620644656,1.7776459848341521,1.2622304186993043,2.158240897949969,2.4270439027923785,2.326907089306344,0.6014499566897238,1.8507688677631275,1.3497724280541432,2.079927340133461,0
1.6240206225222695,-1.2615871198543382,-0.4445202009343899,0.3052077222492148,1,0,0,1,0,0,-0.6722068607066928,0.6221048074957366,2.452773563550825,-0.6964578879391099,1.9581854324994783,1.0166794968138297,1.155441792544131,0.5858651317789952,0.4339973781213048,0.8302620857750725,1.1061785887245088,3.667499734643539,0.20056914171896723,0.26224998474711103,-0.07276978099786853,-0.2976779645819274,0.04044089315713637,0.03404810320320781,0.4407888507730546,4.56486320263511,-1.3446328443424516,-0.8770174486838838,-0.8924266013414265,-1.081530016447473,-1.404844995653201,-4.56486320263511,-0.4407888507730553,0.27096530510494976,-0.03432821836595151,0.11810822885711679,-0.05689276168264715,-0.03337721691295973,0.3530751881102058,0.10608304780917345,-0.09793149585751397,-0.046252995675895824,-1.5808290728091832,-1.6969572021918669,-3.999930178985271,-3.6022722826245586,-3.562336752266559,-2.761207072091096,-2.676567716464722,-1.6563637301015341,-2.9305954259097073,0
-0.14929748012713334,0.05256894469021735,-0.15484123025532542,0.3052077222492148,1,0,0,1,0,0,-0.356733435603381,-0.07100990990644421,-0.7966945164632545,1.7500728469797782,-1.3463836394874016,-1.4071049106431004,0.02663287213266257,-1.9968266152451768,0.44458293564087364,-0.7456731105307577,-0.21290832094950324,-0.379321721100488,0.08302026201145238,0.00393000863237977,-0.9505661396742556,1.3963228528713854,0.039216699666970486,0.2972287560229623,-0.20509389995854704,-0.31393995325558316,-0.033106838696864004,1.7884509042662307,0.7954100396355819,1.046242873591777,0.5669772739980132,0.31393995325558316,0.20509389995854635,-0.06326485836571254,-0.9349191994684248,-0.23669853764102378,0.49868875958778525,0.4957394703862077,-1.1591645145976028,-0.709509049969999,-0.7069813574043363,-0.046252995675895824,0.5841383197212315,3.0832689546323317,2.5687856364123185,2.725268144221603,3.1561396991829898,0.47455723862252236,0.36909507656128593,0.23638866577426285,2.636652091916034,0
-0.2006980048416086,-1.596568077483343,-2.0377545396692445,0.3052077222492148,1,0,0,1,0,0,-0.4703038686405733,0.049354810313565374,-0.42569225535928473,-0.026381589207777743,0.09340867866369926,0.05834555120862652,-0.08416848817469634,-2.0694424909347684,-0.06235972609809585,-0.9188323991678548,-0.5705864816768161,-1.403719930173531,0.07706243275798015,-0.8168212191077109,0.7399850402585213,-0.3884376891963207,-0.7741614790393523,-1.3167993861933436,-1.4375436385994584,-0.48876828582949433,-0.699119806126481,3.581675532924382,-0.30509458221507474,0.47363802255503684,-0.5438079352102141,0.48876828582949433,1.4375436385994576,-0.7595776989295921,0.7161642658861095,0.08171779126756346,-0.1344157646506147,-0.42594766232847037,-0.30852968182446,-0.05703537174666111,0.7879592118469556,0.015758101167622184,-0.4150773999081907,4.52492446224598,1.528738965641033,1.1044842234105985,1.2607508766078017,0.3476645205553221,1.5215080252738291,1.3497724280541432,1.1520527538291696,0
1.4184185236643685,1.5213316050635446,1.0038746524609323,1.478524768348486,1,0,0,1,0,0,0.009215737516460692,-0.37802716727922225,-0.6431763394547153,0.5320153264016657,-0.9141134552401224,-0.7018820304660564,0.3689492350506385,-0.061794486032075706,1.6418310939466483,-1.0281833134370753,-0.19808615906438404,-0.6699305855502249,-0.21467267990635275,0.8516171225030802,-0.09166699492930702,1.4776553848495237,-0.06483177179540289,-0.2576925183940191,-0.5745260083472232,-0.3438975164935092,0.33789290194849375,-0.007015111834759903,-0.7595369498605898,1.3247232484688918,0.005935119811661071,0.3438975164935085,0.57452600834722245,1.106540713781605,0.19081952690966666,0.8914050276351143,1.609851802128651,1.5027680042781708,-1.0961545269847772,-0.05703537174666111,0.2342775195316623,0.9459245538203791,0.5563823275093027,0.27583454506891375,0.8718673841012752,0.30057539868834077,0.8376730144258402,0.3476645205553221,0.6983559190505837,0.5704037944582268,0.9664778365683122,0
1.9067235084518848,-1.4677292476260335,0.5693561964423357,1.7718540298733036,1,0,0,1,0,0,0.1858808555743153,-0.41814874068589214,-0.8094876978806327,1.7645390883168104,-1.9914995630441705,-1.6852587669970138,-0.6848041335422601,-0.46809685876736856,-1.2539526653846673,0.8272707864504106,0.677847069984854,-0.2661172131601299,-1.0563881288461614,0.08432807082132435,-0.48071293857554914,-0.675355629241802,1.1396537646212437,0.9659687303963224,0.9068055190224368,-1.262310812330476,1.0364964324287675,0.16090995987229154,1.0355280249043792,0.012471703086547659,0.06184606547963056,1.262310812330476,-0.9068055190224374,0.7723105503109431,0.26586877533487285,2.692731688317979,1.8036593095485693,2.3049771753446504,2.904979686429634,0.9216751455883455,0.5111183656893089,3.0543018464999605,1.6666220159864384,0.8069707847160468,1.8936676220520103,2.271448646394522,2.140752829946282,0.2207718024881207,2.3446601314970748,1.6837875567381073,1.708777505611744,1
1.9067235084518848,-1.158516055968491,0.5693561964423357,1.7718540298733036,1,0,0,1,0,0,0.1858808555743153,-0.41814874068589214,-0.13144908275958464,-0.2931390794626518,-0.24261717845049763,-0.09504154321161831,-0.24026089714529422,-0.19955199402711088,-0.8601334596933843,0.12387130542317128,-0.18445731913458085,-0.46341057134617264,-0.2736026605684288,0.025155298704671793,-0.6880825034607498,-0.6121671022859181,1.005535759793953,0.9094816554697435,0.7472536253548848,-1.373153796310799,0.35922350414911136,-0.4154145725572225,0.5606623534152626,0.8297299046356722,1.127735369175595,1.373153796310799,-0.7472536253548856,0.577342954953057,-0.10937746679115769,2.219655999653792,1.4677262966873774,1.8953384496936814,2.495414766946269,0.6769975162545934,0.34501385799472056,2.620224168595341,0.3065783976019474,-0.4070549059059717,-0.058700689746716966,0.2357440418559006,0.5669031826293847,-0.09645999267988113,0.28677986593896093,-0.32030321536567735,0.038603250264021984,1
1.9067235084518848,2.5778100098934824,0.5693561964423357,-0.13478617003801185,1,0,0,1,0,0,0.1858808555743153,-0.41814874068589214,-0.8350740607153893,4.747478052012854,-2.447782518759187,-3.9905371102517138,-0.9751868239493487,-0.10536683236775952,-0.38318146149351034,-0.2617916725422683,-0.9081877136453899,0.24539844793378976,1.0778653803217,0.19072773217088332,-0.7849645729862699,-0.2403264478485231,1.1109343804584293,0.9759422876677541,0.8063022000563537,-0.4649864905896614,1.5465939200897798,-0.6417409931996012,0.2823169914230866,1.4552471750143765,2.1335061992629423,0.4649864905896614,-0.8063022000563543,0.8280155775560533,-0.18442671521636386,2.401608187601556,1.8682618120218755,2.356182016051021,2.1488598350757298,0.5954383064766764,0.2342775195316623,2.744246362282375,1.63886602377451,-0.482931511569848,0.4795690784594736,0.5599008260181015,1.1592121896841308,1.109020828958526,-1.6887851889968277,-1.9903788587854983,1.2139110595827887,0
1.1614159000919912,0.7482986259196881,0.27967722576327125,1.7718540298733036,1,0,0,1,0,0,0.3751649106363024,-0.4797847809917908,-0.7327286093763631,0.8184469048749037,-1.5001669596617824,-1.001501136184902,-0.01752184956511718,1.6394412709383153,0.3504241645682419,-0.1690231599735244,-0.20168526795239164,-0.5621977672649183,0.19292344890714952,0.3334479959062959,0.9139806381991592,0.9884225004317208,0.04231444145513359,-0.1130835862533515,-0.5860329100839196,-0.18555039652161812,0.3575418669610861,-1.3345788556301628,0.5142277175875365,0.27029766047183307,0.15179661402643835,0.18555039652161812,0.5860329100839188,0.02029268250195297,0.41596727218528484,-0.973604898829468,-0.37990527404917784,-0.34060626115118536,-1.6002344278873806,-0.709509049969999,-0.5408768497097485,-0.8523972546416179,0.3343343898138759,-1.2416975682086098,0.041654690766301246,0.30057539868834077,0.39767203775660004,-0.5088613263982832,-0.20711139779498602,-0.32030321536567735,0.16231986177126023,0
0.9558138012340891,-1.6738713753977288,0.27967722576327125,0.3052077222492148,1,0,0,1,0,0,0.2742134146032426,-0.4448964562903387,0.3035190854312764,-0.4551609824374126,0.010767246057207818,0.0096015474424262625,0.1782820600329369,0.3770469157724422,1.479571591574869,-0.2530705257393876,0.28461990630422773,0.44523767117663676,0.18392634866768917,7.917420869138495e-4,0.25929497409583946,1.587392617172671,-0.3170236059718558,0.26564428105150034,-0.35678002163742906,0.9611011618955224,-0.2471144449779019,-0.25775271185073007,-0.4274474389264389,0.027526772621415167,-0.11066988074721341,-0.9611011618955224,0.3567800216374284,-0.09111737198826762,0.11577027848446049,-0.3367722410122935,0.49868875958778525,0.3421249482670949,-1.1276595207911904,-0.38327221085833024,-0.26403600355210183,0.07776919801113909,-0.3595654154843339,-0.4070549059059717,-0.5513543759015367,-0.671894953798262,-0.6177148314801074,-0.15990635171348128,-0.9479482933959068,-0.6543183440496418,-0.2706882785040748,0
-1.5114113850607322,1.0059762856343069,1.4383931084795292,1.0385308760612593,1,0,0,1,0,0,0.816827705780939,-0.5577020394917004,3.015673545915469,-0.7172892754644363,0.5406887773485418,0.12542445547403971,1.1441016998926277,1.526481250879275,-0.2667536127992427,0.49486392857737344,-0.22433379775214865,-1.1294147241665762,-0.24109126993831337,1.043260572586687,1.6518648455988956,-0.5605723766940173,0.5926560091127204,-0.909076542448456,-0.9609518129377761,-0.5873266710771624,-0.5484875924598226,-0.44034148244715055,-0.19866005218807745,-0.08086168793911996,-0.5958913822670316,0.5873266710771624,0.9609518129377754,0.7568369316317458,1.233170199481974,-0.555114866549611,-0.7388080655675454,-0.4885313565251461,-1.1206584110564326,-0.22015379130249568,0.25888559474567524,-0.2736270174354578,-0.15337804476715156,0.1457603639308401,2.047458984396636,1.6027595087799253,1.4662458382390402,1.000255642043783,1.674379130715289,1.445205321963847,1.2227479604047344,0
-1.2287084991311177,-1.0554449920826439,0.27967722576327125,0.3052077222492148,1,0,0,0,1,0,-0.4576849316364408,0.03888831290312976,0.6105554394483548,-0.5193910939738356,0.8732499130600327,0.4313042589243239,-0.00862545855779628,-1.9502723205463768,1.8093698255283603,0.16696288185526803,0.7809814833915264,1.257198622452459,-0.4611108209417588,-0.6428097932339916,-0.7846258889836025,1.88642385529468,-0.25745931049527,0.4707606127245657,0.74512626677265,0.9756618166055823,-0.6302940613110859,1.8907889741325836,-0.5777951171971475,-0.4808483269641984,-0.5557080655236649,-0.9756618166055823,-0.7451262667726507,-0.48105256270404034,-0.5596729573423944,0.7549408866742913,1.7132158060859415,1.5027680042781708,-0.6235796198885869,0.8401159358104279,0.5111183656893089,0.7598912632898273,-0.6093693453916895,1.717490052682561,-0.07694712256726609,-0.3607044410025493,-0.5161761445564365,0.2524949820049213,-0.20711139779498602,0.29205785388825667,-0.76555472453303,1
-1.5885121721324456,0.9802085196628456,1.0038746524609323,1.7718540298733036,1,0,0,1,0,0,0.2363566035908452,-0.4309411264097579,-0.7071422465416066,0.6911439811090201,-1.3000385310855487,-0.8655545568736646,-1.4367935219373527,0.31035996463828225,-0.8640139449330789,-0.45933571505292004,-0.33833341917050536,-0.9495738218847704,-0.14351310083673688,0.4640107683591049,0.45033540511334236,-0.5353775860932085,0.4739792092532313,0.20088838327764122,0.5641420291796073,-1.8546146340631706,2.461530460158509,0.0251573314094624,0.643133164955913,1.0905225875345723,0.6359784216467612,1.8546146340631706,-0.564142029179608,0.5494904413305014,0.5660657690356972,0.4001341201761507,0.046471242274642305,0.2397152668543526,0.6366201323679207,0.10608304780917345,-0.1532996650890431,0.20179139169817292,2.8323736888874302,0.35171115073279,0.9995924138451164,1.2211806657089916,1.6669056243024845,-0.2233527107470814,1.1099319721622063,0.23638866577426285,0.5953280020465953,1
1.6240206225222695,2.3459001161503257,-1.6032360836506476,-0.4281154315628296,1,0,0,1,0,0,0.3877838476404349,-0.4855995017753661,0.32910544826603294,-0.4609474789722255,-0.03902100524050808,-0.017230014263739015,-0.41211688701174903,-0.11144186428809262,-0.0621736248646862,-0.23748929960509085,-0.31285110741264066,-1.1900000157840416,0.027642463743289818,-1.143331154113811,0.2070273234670181,0.1603138907765076,-1.3766101560770785,-1.102613984325081,-1.8632990028572278,0.22497917377587734,-0.5693444543032617,0.3603528840109264,0.24609342763649156,-1.0441903438579703,-0.669766187473753,-0.22497917377587734,1.863299002857227,-1.1216603760228097,0.04072103005925432,-0.4186507255887879,-0.2765412700918884,-0.7843815472730677,-0.4660546508565234,-0.6279498401920818,0.2896456887631914,0.015758101167622184,-0.38732140769626244,0.6552175733882943,0.8627441676909999,0.8710913388138142,0.34690269429476517,0.506280418139323,0.4514102871836102,0.6260729825722207,0.7190446135538346,0
-1.9740161074910114,3.1962363932085673,-0.15484123025532542,3.2385003374973924,0,1,0,1,0,0,-0.25578193957032125,-0.21754087365254282,0.13720772700535894,-0.41697010530764755,0.3363147505273443,0.15493917335082152,-2.490332381266217,-0.2853058295651239,-1.1896531698082382,-0.6603580120553202,-1.0361820218846216,-1.41360081662647,0.3680101842345668,1.149670032363469,0.6114276077642496,-0.3894968487489432,1.4093350371507005,1.33771184424851,-0.16027754582615011,-1.7690215962405276,4.611604547751181,1.0041059599661177,1.2348889666851748,2.289573569524245,2.653102627889053,1.7690215962405276,0.16027754582614942,1.217950768271826,0.7161642658861095,0.381938901381374,0.11107374474794844,0.683490552976235,0.9201650766256344,-1.0357458890816678,-1.0945585420250417,0.7598912632898273,6.246360730954623,2.020996475338066,2.395444524617104,2.8678971292529725,4.01921853803419,1.1724671879921262,-0.28942660841731066,-0.9883334727336057,3.1933768436986076,1
0.15910566815972013,-0.3854830768246345,1.4383931084795292,0.7452016145364414,1,0,0,1,0,0,-0.43244705762817587,-0.0029776767386127034,0.48262362527457214,-0.4985597064485092,0.7708810352537885,0.3830074478532264,2.419557184299154,0.0516557551198388,0.023261373082692872,2.5602439345879278,2.789690405839144,-0.13465337884093606,-2.7960076031024,2.4774581196080425,0.8890155293042952,0.05871468029377366,1.8386869614836003,1.8987927429904659,-0.47959406901947754,0.2920044097428146,-0.8890062012066099,0.8196970962047764,0.0272035150084097,-1.6355138659136346,-1.7729326118597144,-0.2920044097428146,0.4795940690194761,1.8864110952131505,0.491016520610491,-0.7552622732921518,-0.6124742829530796,0.08610074473523979,-0.18250970659880966,-1.6066603575270884,-1.648240234340335,-0.23228628620644656,-0.5816133531797613,1.5657368413548085,1.8662979728211873,1.5972025353371444,0.6853649840403343,0.6331731362065233,2.591605763364049,3.1311864477019515,1.3376276710900281,1
0.4161082917320974,-0.1535731830814779,0.27967722576327125,-0.13478617003801185,1,0,0,1,0,0,-0.19268725454965888,-0.25010331004056474,0.12441454558798068,-0.4134982073867598,0.2598969081477016,0.12721322625445072,0.9949246979621191,-0.44882354230669574,-0.9070473109075105,1.2221384435170972,0.5338212328077542,-0.1730562813606647,-0.619896054886621,0.5867492273451,-0.0016203610962644702,-0.5608012110112405,0.06020326502525735,-0.6042733927807862,-0.34274413050805214,0.10390132815818369,-0.7971940971608739,0.6144011550549704,0.676412926671673,-1.591333664348407,-1.2839491028378822,-0.10390132815818369,0.34274413050805214,0.438080386840281,-0.10937746679115769,-0.31857702221751816,-0.5478717804797735,-0.4942207832702994,-0.34003467563087314,-0.13859458152457876,0.012804842605544792,-0.728375060954584,-0.6926373220274746,0.7310941790521709,0.39746013076700454,0.7025298110494701,-0.0423289389126401,-0.3819686083310823,1.1099319721622063,1.2941032399401495,0.10046155601764112,1
0.5189093411610479,-0.8493028643109486,-0.4445202009343899,0.3052077222492148,0,1,0,1,0,0,0.11016723354952047,-0.40942665951052915,0.9303849748828115,-0.5760987600150019,0.39956654801998714,0.13034357512017,-0.923855316756054,0.3867085580795724,-0.2683097180113596,-1.329941915123012,-1.1927683162225202,-0.46934658725408,1.9354284961840085,-0.4670061148465915,0.9921699723073824,-0.3082634724253791,-1.3862176175837393,-1.062270303686135,0.2181716668474219,-0.8565127692838675,0.8180162996917335,0.4631644657026427,0.0570133119787333,0.4221160661706808,0.5135570306570448,0.8565127692838675,-0.2181716668474226,-0.3696425082138195,1.0914105080121401,0.391036510778763,0.1627557467265941,-0.40887938209301433,0.5421051509486824,2.063504082479186,2.1167952734036595,0.139780294854656,0.6118943119331598,0.27583454506891375,-0.39625969692687113,-0.30883935553659736,-0.1269445113490324,-0.15990635171348128,-0.20711139779498602,-0.5986491559356475,-0.1469716669968365,1
-0.2006980048416086,-1.5708003115118816,-0.4445202009343899,3.678494229784619,1,0,0,1,0,0,-0.10435469552073157,-0.3082505178763182,2.056184939612099,-0.6767837997207461,0.8898173481063927,0.2859666330159286,-1.2765887736101642,-0.8626314588937721,0.3232020893829776,-0.607453183528379,-0.47987939616913,0.14148710597448774,0.6928424060471591,1.0050550312836133,-0.5648168640596457,0.38192479645008925,0.12606135129036203,0.4339870807847084,0.4407888507730546,-0.2441974779926877,2.779366910377653,0.6181676139465825,-0.05803049577523397,0.945630339369446,1.047570633231292,0.2441974779926877,-0.4407888507730553,1.106540713781605,-0.40957446049198204,0.46381738595786837,0.6020527635450756,0.6322857122698633,0.29006520049738066,0.10608304780917345,-0.09793149585751397,0.38782468222872474,3.02666563437093,0.8828473903799233,0.7623887871779818,0.6117659114840535,0.9899810448113461,0.9504049313745251,-0.7010026615289333,-0.8769950965056176,0.904619530814692,0
0.6474106529472365,-0.2824120129387873,0.27967722576327125,-0.13478617003801185,0,1,0,1,0,0,2.0030077841693914,-0.6815555921818551,-0.7583149722111197,0.8560591323511874,-2.207746286462011,-1.1857445265672368,-0.6323855232322586,-1.5232455037089836,0.034778526708662806,-1.3743588226704697,-0.5564135655502549,0.09323529732494859,0.5987588512040907,-0.6997691103274132,-1.1260099433227981,0.7598977138068682,-1.8373797220873451,-1.0723435871103926,-1.1887255685786846,1.3061253713295295,0.18014641411370838,0.9626902152227903,0.716080507021473,0.03475582284891672,-0.32356991196307294,-1.3061253713295295,1.188725568578684,-0.7595776989295921,-1.1600669447440433,-0.600602913536552,-0.1473362651452761,-0.8526546682148961,-0.6865896075014126,-0.22015379130249568,0.40038202722625016,-0.4183195767369984,0.19555442875423396,0.9587239960437993,0.14201007127932075,0.4950694691856613,0.4822876101929924,-0.9212626601166852,-0.6186874509066087,-0.04195727479570725,0.22417816752487937,0
-1.2287084991311177,1.0059762856343069,0.27967722576327125,1.0385308760612593,1,0,0,1,0,0,-0.4576849316364408,0.03888831290312976,3.015673545915469,-0.7172892754644363,1.510989268949564,0.5842441606494659,-0.23315728983667455,-0.2439353501783075,1.4984855402271182,-0.05482667244997672,0.8423545796720321,0.11381939694288482,-0.30046790625867975,-0.8735753837777912,-0.7933912795480546,1.7927828350346433,-0.20863729374170056,0.4960081122653662,0.6359402782403267,-0.4754817429490244,-0.5486553432503584,-0.45999304346042047,-0.24690607916091178,-0.13281387168419004,-0.6108468272203886,0.4754817429490244,-0.6359402782403275,-0.7595776989295921,-0.6347222057676005,0.46381738595786837,1.3772827932247493,1.2126072402754011,-0.7180946013078251,0.6769975162545934,0.40038202722625016,0.44983577907224165,-0.22772445247767412,0.010266425245347094,1.6336559543591895,1.2276638013922352,1.0915197317350172,0.8076506235489245,1.2334047880956935,1.0575091904556744,0.8582258014994779,1
2.343627968524927,-1.596568077483343,-0.4445202009343899,1.0385308760612593,1,0,0,1,0,0,0.33730809962390496,-0.46582945111120994,0.2267599969270068,-0.42622849976334815,-0.07051084591645532,-0.028857024336410634,-0.7098623419893768,-0.07207213631395762,0.2949154076563244,-1.0729819653941113,-0.4890169406491025,-0.4082477653324095,0.13326105854990666,-0.5739265435752041,0.23867920646060378,0.22661397971605846,-1.034557271230202,-0.43918091785415864,0.03622492998512883,-0.5927287050207662,0.4136202265314368,0.3380248583751988,-0.17543404694508596,0.4236801315183988,0.2069712862654077,0.5927287050207662,-0.036224929985129536,-0.3696425082138195,0.5660657690356972,0.9823811216089964,0.9638267773955896,0.4445346296798359,0.8571550890128092,0.4323198869208419,0.4557501964577793,0.8219023601333442,0.5286263352973745,0.5034643620605421,0.5160619441005718,0.3394742127878045,0.49921072468027106,0.41111087958892223,0.28677986593896093,0.013711913318286572,0.2860364732784985,0
-1.9740161074910114,-1.3388904177687242,-0.15484123025532542,0.3052077222492148,0,1,0,1,0,0,-0.25578193957032125,-0.21754087365254282,-0.13144908275958464,-0.3023974739183524,0.12984114427084567,0.06639501972047611,0.9718024611180937,-0.05622512964707657,0.5452130757967677,1.382803168568786,1.6588169302583657,0.5949303207349247,-1.7064608962713945,0.8696728969295331,1.0776308500183136,-0.39955743652303893,1.5265378952415414,1.3904924085153945,0.2181716668474219,0.595033997706013,-0.4823480669107507,1.1567176838987885,-1.1468412298937098,-0.3543890239150884,-0.7989980519675012,-0.595033997706013,-0.2181716668474226,0.939425632046274,1.1664597564373458,0.3728412919839863,0.09815324425328795,0.7176271134471482,0.8886600828192224,-0.709509049969999,-0.8730858650989243,0.8219023601333442,-0.7759052986632599,0.27583454506891375,-1.6917564271858405,-1.8907244622481374,-1.870025303538713,-0.826093121566285,-0.20711139779498602,0.06938110143228039,-1.6315710050837011,1
0.4161082917320974,0.15564000857606544,0.27967722576327125,1.478524768348486,1,0,0,1,0,0,-0.19268725454965888,-0.25010331004056474,-0.4512786181940413,-3.423548011197542e-4,-0.31811619890057286,-0.19208235804891607,-1.277295010015526,-0.4680053483602713,-0.26463448450605626,-1.3496304944946416,-1.9057016381631764,0.494872021551874,1.7463822331423122,0.6604976836500702,0.19814417906666426,-0.6255793209910635,-0.09368531281197515,-0.6772037092014359,-0.05671543019588151,0.7311960875261709,2.4360713073309617,0.8408485168662668,-0.26688268132880444,1.7303669746748205,1.8163478481602993,-0.7311960875261709,0.056715430195880795,0.5494904413305014,0.11577027848446049,-0.18211288125669506,-0.4703487775118068,-0.47715250303484213,-0.15100471279239655,0.18764225758709038,0.2342775195316623,-0.6663639641110671,1.8054019770460803,0.4275877563966659,-0.8159276517994943,-0.8145239388296306,-0.1607907403235886,0.09387908442092041,-1.7711003996191523,-1.7677021063295222,-0.2706882785040748,1
0.31330724230314594,0.5163887321765315,-0.15484123025532542,-0.4281154315628296,1,0,0,0,1,0,0.12278617055365294,-0.41349696405903186,0.09882818275322415,-0.4048184625845405,-0.02001900658294994,-0.0051558114959646415,0.47892480712128355,-0.9831526583006747,0.3168826892761926,1.1565269639990068,0.9066701225758379,-0.39913116381261704,-1.9121835117555808,0.10487437365003353,-0.33942098850031993,0.05578288912575829,-0.009450008753634742,0.06893813843782641,-0.16027754582615011,-0.38540598483565447,-0.5611673641705351,1.0093833825965128,-0.37713282798341663,-1.5717637823805974,-1.1114108899280317,0.38540598483565447,0.16027754582614942,0.0759977097470634,-0.3345252120667762,-0.054746349693259644,-0.018131260198663828,-0.01630893667750248,-0.024984737566746233,-0.30171300108041293,-0.26403600355210183,0.139780294854656,-0.5538573609678327,0.8828473903799233,-0.12256320461863823,-0.2958730841701091,-0.8715615487892844,0.28421816152172197,1.933084078385452,1.8507951210800897,-0.45626319576493324,1
-0.27779879191332196,-1.5708003115118816,-0.15484123025532542,3.678494229784619,1,0,0,1,0,0,-0.7353015457273552,0.857600999230538,2.056184939612099,-0.6767837997207461,2.193865363940559,1.1825879866969518,-1.9831389602467027,0.17861046707312828,0.53910082564412,-0.47119736496537473,-0.9243703200605439,-0.682325799322101,0.8794802465228965,0.03995103950441557,1.0910113530951855,0.6514585160687012,0.3162924929416111,-0.14086897199973442,-0.8740438917877038,-0.06374491962016399,2.7975216071220155,0.8478027518105486,-0.08231590641081642,0.9501874626871333,1.0641955547699398,0.06374491962016399,0.874043891787703,0.0759977097470634,1.0914105080121401,0.1817914946388332,0.49868875958778525,0.615217432034406,-0.8756195703398886,-0.46483142063624716,-0.09793149585751397,0.139780294854656,3.137689603218643,1.1863538130354276,0.9174834661526473,0.7284623537824456,1.1084428462222957,1.109020828958526,-0.8656330827735822,-0.9883334727336057,1.0283361423219313,0
-1.6656129592041589,-1.235819353882877,0.27967722576327125,0.3052077222492148,1,0,0,1,0,0,0.31207022561564,-0.4600147303276346,-0.4768649810287978,0.04132042024953302,-0.7417652056498691,-0.38571679502840883,0.9704992406936198,0.3596475380020612,-0.934601988602557,0.22614290892427866,-0.381588979091748,-0.06810832641500111,-0.14153154127353523,0.48858518024026865,-0.16777687233615773,0.27570716399376893,0.1127266040051376,0.041405406583931034,0.1590389773671773,-0.2506245554141756,-0.8613142634829317,-0.6617027203131877,1.5546913384878558,-0.19372670954393573,0.5365086821284425,0.2506245554141756,-0.15903897736717798,0.27096530510494976,-0.3345252120667762,-0.5733100853443877,-0.354064273059855,-0.2894014204448148,-0.6865896075014126,-0.22015379130249568,-0.319404172783631,-0.4183195767369984,-0.7759052986632599,-0.5588081172337243,0.2514886682026129,1.0396528665781584,0.8884423578876751,-0.5723076854318833,0.28677986593896093,0.18071947766026855,0.22417816752487937,1
-1.9740161074910114,-1.596568077483343,-0.15484123025532542,1.0385308760612593,0,1,0,1,0,0,-0.25578193957032125,-0.21754087365254282,0.2267599969270068,-0.42622849976334815,0.39288868892110235,0.1620942564724656,0.18882323534061546,0.7618879544820819,-0.27871286407792767,0.8494959955895187,1.0430436425868592,-0.2947940290028582,-1.0300496301830624,0.8400708669641718,1.3445186762639245,-0.30984379101050263,1.562273078847456,1.4165682672388824,0.3699083794759778,-0.7689345227338477,0.5768256068091865,0.30119416661563464,0.06964669338648243,0.4015089570225336,0.026995380885767074,0.7689345227338477,-0.36990837947597854,0.939425632046274,1.4666567501381707,0.4547197765604794,0.21443774870523882,0.8541733553308051,0.8571550890128092,-0.709509049969999,-0.9284540343304539,0.8839134569768611,0.7229182807808735,0.5034643620605421,0.6164173246135901,0.5599008260181015,0.7022880985276131,0.062155904904119784,0.6983559190505837,0.3477270420022505,0.40975308478573785,1
0.31330724230314594,0.4133176682906843,-0.15484123025532542,0.3052077222492148,1,0,0,1,0,0,0.12278617055365294,-0.41349696405903186,-0.20820817126385424,-0.24626845753066742,-0.2738918081878332,-0.1276866099541194,-0.4601369488774211,-0.6367642000636711,0.683033217072287,-0.0017351481113237327,0.4709809644192066,0.645179832907281,-0.007890492248167673,0.11523205628618349,-0.4100852313800697,0.19218671579868676,0.23922398599643732,0.4204510480201282,0.3586118043630053,0.5242815205937548,0.7549701412925779,0.4631644657026427,-0.7406001745245716,0.23955448265802393,-0.20180970625677608,-0.5242815205937548,-0.35861180436300605,0.0759977097470634,-0.40957446049198204,-0.09113678728281299,0.020630241285320403,0.12023730520615308,-0.024984737566746233,-0.13859458152457876,-0.319404172783631,0.139780294854656,0.5563823275093027,0.27583454506891375,-0.39625969692687113,-0.6978274965312384,-0.5669454880182719,-0.0012904541294803558,-0.7833178721512579,-0.6543183440496418,-0.6418381130257917,0
-1.6656129592041589,-1.9830845670552713,0.27967722576327125,-0.13478617003801185,1,0,0,0,1,0,0.31207022561564,-0.4600147303276346,-0.2721740783507456,-0.21386407693571524,-0.46038857459963073,-0.18850481648809403,-0.2508068534589295,-1.197256416274664,0.24364276824900888,-1.3014494261783287,-1.3112457236848891,-0.24720307148888965,1.3316087701460297,0.5467102972409982,-0.07296696670505151,0.13677075113168652,0.06433151929790698,0.05050060395629656,0.74955583532744,-1.0805558572323073,0.8950195223626646,1.5701752993517488,-0.19562641151105747,1.8219642455668,1.7539876709331808,1.0805558572323073,-0.7495558353274407,0.4659329004628361,-0.10937746679115769,-0.11842961547497735,-0.031051760693324323,7.593435579547688e-4,-0.2140147004052217,0.5138790966987595,0.17890935030013266,-0.046252995675895824,0.9449662184763004,1.6416134470186852,0.34272083230535716,0.1838789563899486,0.9222885868622325,0.8235122133073248,-0.8656330827735822,-1.32234860141757,0.7809029193074537,1
0.5189093411610479,0.4133176682906843,-0.15484123025532542,0.3052077222492148,1,0,0,1,0,0,-0.028641073495936725,-0.339650010107625,-0.20820817126385424,-0.24626845753066742,-0.16076670955071887,-0.07089313767606957,-0.6233593474496976,-0.5191788087798562,0.3599050959405254,0.09444150222600832,0.3914134248960692,-0.0774651555840023,-0.3299935589033899,-0.08036836803167002,0.1796564329728807,-0.5119585937792246,0.4345382202703924,0.27960701929189735,0.004530982273630621,-0.11014700605881247,0.7864932204921561,0.8925650790811237,-1.0064713366923383,0.3032962841890865,-0.2358747889669593,0.11014700605881318,-0.00453098227363133,-0.06326485836571254,0.19081952690966666,0.08171779126756346,-0.19901826712392082,-0.01630893667750248,0.4790951633358572,-0.38327221085833024,-0.4301405112466897,0.015758101167622184,0.5841383197212315,0.6552175733882943,-0.39625969692687113,-0.8274902101961188,-0.6684841749419423,0.15732544345452057,-0.28942660841731066,-0.3759724034796717,-0.76555472453303,1
-1.6656129592041589,0.5163887321765315,0.27967722576327125,-0.13478617003801185,1,0,0,1,0,0,0.31207022561564,-0.4600147303276346,-0.041896812837936774,-0.3353805041667859,-0.24299801569424206,-0.09459435051651556,0.4092712914447971,-0.10999942705446067,0.7364723208978227,-0.09463929808940244,-0.3098715638548155,0.24559949211652868,0.48717290170355115,0.46789997073009953,-0.09175580923638006,0.39833280967523377,0.22622508366499464,0.1564924903024587,0.6312676384277316,-0.29111514316954507,-0.10158155586554306,0.05905871030940068,-0.6064962759822292,0.35217250656449267,0.5556326672586935,0.29111514316954507,-0.6312676384277323,0.4102278732177254,-0.10937746679115769,-0.06384395909064733,0.14983524623193267,0.2397152668543526,-0.43454965705011084,0.35076067714292497,0.06817301183707392,0.07776919801113909,-0.05424950115312168,0.12408133374116129,0.21499580256151593,-0.1402778277722523,0.008440404549195996,1.0138512904081252,-0.37174181903963527,-0.5429799678216537,0.16231986177126023,1
-0.9717058755587404,-0.6689285025107157,0.27967722576327125,1.0385308760612593,1,0,0,1,0,0,0.29945128861150755,-0.4530370653873442,1.6084235900038595,-0.6513232149675694,0.49088684287483897,0.15493917335082152,-0.16102931293619038,-0.1315402414048895,-0.06216241222013192,0.6425219249445867,0.6975658414155245,2.4440585031349333,0.8754821209102078,-0.10187539819583775,0.17080168254169162,-0.018858770262867867,0.6523738056549838,0.41093501598658555,1.339121780472951,2.0052796195278315,0.12212248200979832,0.35164848551181255,0.06602685457674652,-0.22112297012356408,-0.5056716967003723,-2.0052796195278315,-1.3391217804729518,0.0759977097470634,0.41596727218528484,0.7549408866742913,0.6278937645343975,0.8883099158017184,0.4475901695294441,1.9003856629233515,1.2309045656991897,0.8839134569768611,0.6396503041450882,1.0851850054835932,2.0416664660409087,1.7715268503754833,1.5522045149998194,0.939830538202259,-0.48149543320273464,0.63225844791822,2.4304577394039706,0
0.930113538876852,-0.2051087150244015,-0.4445202009343899,-2.041426369949327,1,0,0,1,0,0,0.2868323516073751,-0.4460594004470538,-0.4896581624461761,0.05173611401219622,-0.749452839407851,-0.3830336388577923,-0.09819205862610303,-1.3391442612941846,0.782129186721446,0.38468767930843106,0.910291216653205,0.17975546292562153,-1.170672554376618,-0.9412563560136625,-1.4048935232828483,0.6377441706876921,-0.6418429453630424,-0.36292970733527935,-0.6187833227191311,0.8588667777610675,-0.8039538126641769,0.430626034129863,-0.42832541200329854,-1.1561287143854597,-1.5377533847169544,-0.8588667777610675,0.6187833227191303,-0.7595776989295921,-1.1600669447440433,0.9732835122116075,1.1963957862994923,0.8371050750953478,0.19555021907814235,0.10608304780917345,0.4557501964577793,1.069946747507413,-0.7759052986632599,0.35171115073279,-0.12256320461863823,-0.32180562690308556,-0.7361766328910565,-0.3819686083310823,0.6983559190505837,1.3497724280541432,-0.20882997275045564,0
0.5703098658755232,-2.318065524684276,-1.8929150543297122,1.0385308760612593,1,0,0,1,0,0,0.1858808555743153,-0.4239634614694675,1.2758008731520245,-0.6212334329865424,0.46499294422152976,0.15404478796061602,-1.8481661566814227,1.1402531400677103,-0.41544363028645825,-0.9744304017338845,-0.9019188585046845,-2.569904553153568,-0.8071465286458778,-1.3318841748787718,0.8187488642172922,0.36916734603954293,-1.9060365890890798,-1.7135006935781978,-1.504768169798053,-2.0126325500434374,1.2391170557917526,-0.74482858061305,0.9389029404521998,-0.5736006466638215,-0.5003612330280882,2.0126325500434374,1.504768169798053,-1.2609229441355856,0.7161642658861095,-0.09113678728281299,0.11107374474794844,-0.6649035856248688,-0.5920746260821743,0.35076067714292497,1.397009073393778,0.3258135853852078,2.0274499147415077,-0.17942508891434333,2.2038569800013414,2.491875259624819,2.0222910285353324,0.41111087958892223,4.731801239544486,3.353863200157928,1.3994859768436472,1
0.9044132765196139,-1.235819353882877,-0.4445202009343899,1.7718540298733036,0,1,0,1,0,0,0.5896868397065544,-0.5158360498499579,-0.2593808969333673,-0.21444272658919655,-0.5887671728191647,-0.23098812252285572,-0.8831941483065954,-0.1216475741954279,0.1530969329779786,-0.5454947496509605,-0.3639574666406656,-0.9587924271339741,-0.2724217787678548,0.06165629325891455,-0.875431308100501,1.0598091985852844,-0.28309595781577923,0.1986202010647421,-0.088318892712161,-1.2200849136713057,1.2897092043000473,-0.7100227533771046,0.8557174008102221,0.4562151086297106,0.6670764998553684,1.2200849136713057,0.0883188927121603,0.35452284597261524,-0.5596729573423944,1.1825285283515359,1.6356928031179738,1.4174266031008858,0.19555021907814235,0.02452383803125581,0.06817301183707392,1.1939689411944467,1.5000860627148682,-0.482931511569848,0.7623887871779818,1.130416766143575,1.2776739910950803,-0.0012904541294803558,0.8629863402952329,0.29205785388825667,0.7809029193074537,0
1.0072143259485644,1.1348151154916164,0.5693561964423357,0.3052077222492148,0,1,0,1,0,0,-0.16744938054139394,-0.263477167842788,0.5337963509440852,-0.506082151943766,0.46335469705652843,0.18847862548352812,0.38261657794669407,-1.2279449908330629,0.464529742933386,-0.16452766011384262,-0.04427052672163768,-0.2179892545753068,-0.1573293236971253,-0.6328159906277151,-0.47879423457476106,0.8265588449737062,-1.7025849790555843,-1.5752397073877644,-0.9333596546099943,0.6283833977264187,-1.1643399471469265,1.205747482969126,0.195584205739001,-1.4659878661795873,-1.4803611258030611,-0.6283833977264187,0.9333596546099936,-0.8152827261747027,-0.7848207026180125,-1.264728399545891,-0.7158382869103699,-1.2793616741013212,-1.6632444155002057,-0.13859458152457876,0.34501385799472056,-1.3484860293897554,-0.9979532363586869,1.5657368413548085,0.9266066825629212,0.8970238815467907,0.17767154942198057,0.062155904904119784,1.439192814651505,2.073471873536065,0.9664778365683122,1
1.932423770809123,2.474738946007635,-0.15484123025532542,-0.13478617003801185,1,0,0,1,0,0,0.6275436507189519,-0.5257210751820359,-0.1442422641769629,-0.30008287530442723,-0.49068274633976505,-0.17240587946439487,-0.8378496389009045,-0.8241732955088302,-1.3031063151152176,-0.2950303684577236,-0.1937686492122731,0.3477998653589021,0.552648588450533,-0.5727650285404855,0.576679640169827,-1.1365754368536194,0.0804145581422085,-0.763074813680965,-0.7433772838313556,1.2116300738185948,0.5927502505801445,1.7089087170995427,0.639241283961859,0.47830469333974024,-0.4930853011157477,-1.2116300738185954,0.7433772838313549,-0.2582324537235989,1.1664597564373458,1.6010185606313942,0.6408142650290589,0.6493539925053206,1.424244977528238,0.6769975162545934,1.2309045656991897,1.6280466190990672,0.7506742729928018,1.9451198696741894,0.6529101902546883,0.9099901529132779,1.0745966172477384,-1.1116017372174867,-0.6186874509066087,-0.09762646290970158,0.5953280020465953,0
-0.6633027272718879,1.6244026689493918,1.0038746524609323,-0.4281154315628296,1,0,0,1,0,0,1.5992018000371522,-0.6571337648908387,-0.6943490651242283,0.6217060226912655,-1.7871611424334461,-0.9858493918563055,-0.2389886356159279,0.09104664445008652,0.637454667636764,-0.3795268286833806,-0.4011484759354968,-1.4159205052542825,-0.187275023985917,0.00977346094003706,0.16844986082716826,0.12195068854024226,-0.21760770672381152,-0.4606042772922819,-1.6863617086202327,-0.25863368266248993,0.3420850424664911,0.04378499587351982,-0.748873204413857,0.29694018352143203,0.071822237922126,0.2586336826624906,1.6863617086202314,0.4102278732177254,0.7161642658861095,1.6283113888235585,1.4548057961927168,1.2808803612172301,0.6681251261743327,-0.46483142063624716,0.40038202722625016,1.876091006473136,0.25106641317809053,-0.02767187758659086,-0.19554893590083341,-0.5422322401333817,-0.39771434314548676,0.37938770007212164,-0.12479618717266176,-0.26463402725168356,-0.20882997275045564,1
-0.2006980048416086,0.5679242641194551,-2.0377545396692445,-1.8947617391869185,1,0,0,1,0,0,-0.4703038686405733,0.049354810313565374,0.17558727125749374,-0.4192847039215727,0.6648515944737322,0.3619893911833969,0.42091257600709653,-0.11809315597069812,-0.6888876248811051,0.4262260534440437,0.11160782341961616,0.6105337056848766,0.2107649952174883,-0.8409732132299564,0.4317297283533774,-0.17377216682180652,-1.2559515433144968,-1.3299526903328485,-0.7118242677055338,1.5386737987278607,-1.4255797088602917,0.5945839270368805,0.7671081919524815,-1.8211839514899735,-1.4435355843692064,-1.5386737987278598,0.711824267705533,-0.8152827261747027,0.340918023760079,-0.1457224436671417,-0.21193876761858224,-0.6819718658603261,-0.30852968182446,0.5138790966987595,1.009431888773073,-0.17027518936292965,-1.3310251429018278,0.5793409677244183,0.06902433999712428,0.45617065508619664,-0.3469449996836519,-0.635754044465484,0.12214944469431245,1.127095675598167,0.47161139053935697,1
-0.09789695541265715,1.5213316050635446,-0.15484123025532542,1.478524768348486,1,0,0,1,0,0,0.791589831772674,-0.5565390953349852,-0.6431763394547153,0.4799368575883498,-1.3453638450813492,-0.7989228453033541,-0.10370659617781147,1.353812081846748,-1.1159516107013805,-0.38923058552798423,-0.7556388940219274,-1.8029476656458026,-0.14358033185748634,0.2908517682830814,1.15909261643965,-1.8861537631389544,0.8857662431742827,-0.5744849758113356,-2.147135912362407,-0.329502323768793,0.43482220635031354,-0.6969960307095477,-0.36985939555012143,1.4041360542594674,0.42149480592033706,0.329502323768793,2.147135912362407,0.6887530094432773,1.7668537438389946,1.4827496384653478,0.08523274375862654,0.4445346296798359,1.7707999093987767,-0.8726274695258333,0.12354118106860354,1.6280466190990672,0.41760236644966076,-0.6346847228976005,0.07814755640739948,-0.127311556405765,0.43151826673115745,-0.2233527107470814,-0.04248097655033679,-0.2089648391376897,0.34789477903211874,0
1.0072143259485644,-1.235819353882877,0.5693561964423357,1.7718540298733036,0,1,0,1,0,0,-0.16744938054139394,-0.263477167842788,-0.2593808969333673,-0.21444272658919655,-0.09038823245158278,-0.03690649284826022,-1.4015131871384268,0.02164651925154743,-0.27646951598623914,-1.3025450726866783,-1.6200534933837254,-2.1700008501425696,0.7412950956306853,-0.4427499296722617,-0.7237305053039679,0.7969708649437459,-1.1957496932142933,-1.1937204342965233,-1.3392924006938196,-1.6313284484388828,1.506447690364493,-0.754727859584571,1.1788219498280528,0.5739694329301379,0.9407132198213197,1.6313284484388828,1.339292400693819,-0.7595776989295921,-1.0850176963188372,-1.7378040882100778,-1.1551353037288514,-1.4841810369268051,-1.94678935975792,-0.7910682597479163,-0.26403600355210183,-1.658541513607341,1.6666220159864384,-0.5588081172337243,0.6346637574341392,1.1952481229760152,1.396135792506029,-0.2233527107470814,0.6983559190505837,-0.04195727479570725,0.5334696962929761,0
-0.6633027272718879,-0.1535731830814779,-0.15484123025532542,-0.13478617003801185,1,0,0,1,0,0,-0.6343500496942954,0.5406987165256818,-0.4001058925245282,-0.046634327079622846,0.5225168612548611,0.4518751228990506,0.7933846360301406,1.3186972971656292,-1.3106857201832824,0.7869115828596299,0.05913014893439319,0.4246305389703088,0.36482409476419403,0.6157461107995023,0.9670528786021999,-0.6300172674056975,0.841944855039789,0.34329300962455583,0.4025854781078499,0.17986603418274572,-0.487974390727599,-0.8411810803577757,1.15864469261301,-0.22820867521093768,0.25828671776489004,-0.17986603418274572,-0.40258547810785056,0.49378541408539117,0.7912135143113154,-0.2276009282436361,-0.5091102789957901,-0.1699234587966153,0.1325402314653172,-0.38327221085833024,-0.5962450189412776,-0.5423417704240322,-0.5261013687559044,-0.8623145398892288,-0.33239718205494984,0.28760912732185256,0.17767154942198057,-0.826093121566285,-0.9479482933959068,-0.9883334727336057,-0.3944048900113141,1
2.4721292803111155,-1.235819353882877,-0.15484123025532542,1.7718540298733036,1,0,0,1,0,0,-0.1295925695289965,-0.3041802133278154,-0.2593808969333673,-0.21444272658919655,-0.12663282606557827,-0.06820998150545304,-0.4562191215058963,1.6475731580686341,-0.4137788931177212,-0.2575873807610251,-1.1835118541923264,-1.8600545895459655,0.06747769992247825,0.7856748988989529,1.4413405594330366,0.5385522410769306,0.2726155206027503,-0.5508962517407391,-0.7279513648365089,-1.8149193121744094,1.4194208957136096,-0.8174425336519608,1.1068426730690815,0.6183048168808503,1.0007804075152584,1.8149193121744094,0.7279513648365081,1.07868820015905,1.841902992264201,1.0096739498011607,1.1705547853101694,1.2467438007463156,-0.6865896075014126,-0.22015379130249568,0.12354118106860354,0.6358690696027934,1.5555980471387252,-0.6346847228976005,0.5799244589724931,1.1044842234105985,1.3284433345569153,-0.15990635171348128,0.7806711296729086,-0.04195727479570725,0.47161139053935697,0
-0.6633027272718879,-0.6689285025107157,-0.15484123025532542,1.0385308760612593,1,0,0,1,0,0,-0.6343500496942954,0.5406987165256818,1.6084235900038595,-0.6513232149675694,1.6278769388757635,0.9191914892814292,0.4129321307850798,0.40706682863707444,-0.4015902367636518,0.31388085978424163,0.2712974391242057,1.7823662341157689,0.3955888201895002,0.9938804607017432,0.7080836909788983,-0.3401769543495034,0.8754544916658437,0.6670587809944143,0.8355570349801581,1.6022396676771504,0.41888146605767984,0.15063070020511257,0.20714227442764424,0.4440528963302769,0.29855310926890144,-1.602239667677151,-0.8355570349801588,0.911573118423719,0.641115017460903,-0.027453521501095285,-0.19901826712392082,0.15437386567706757,0.29006520049738066,-0.22015379130249568,-0.5962450189412776,-0.29429738304996345,0.6951622885689447,0.5034643620605421,1.0543317123067637,1.0137203238451828,1.1592121896841308,0.47455723862252236,-1.0302635040182315,-0.4316415915936655,1.5232025883508855,1
-0.6633027272718879,-1.235819353882877,-0.15484123025532542,1.7718540298733036,1,0,0,1,0,0,-0.6343500496942954,0.5406987165256818,-0.2593808969333673,-0.21444272658919655,0.6980324197969563,0.5815610044788494,-0.8108566190449976,1.1862466384980588,-1.3531720199513784,0.1041835265817312,-0.6184008276624592,-0.6285408620203636,0.2384867322504134,0.9377208465200062,0.7709770874209096,-0.6057875374505136,1.0820473358102511,0.5133916792836967,0.6912331826893887,-1.5428114248521114,2.06447548823581,-0.855812817909809,1.2410734295941754,0.9321943927612163,1.3051784139765878,1.5428114248521114,-0.6912331826893894,0.939425632046274,0.7912135143113154,0.1908891040362222,-0.1602567656399366,0.2738518273252659,0.41608517572303205,-0.22015379130249568,-0.5408768497097485,-0.17027518936292965,1.9441819381057224,-0.7864379342253526,0.06902433999712428,0.7025298110494701,1.0745966172477384,-0.5723076854318833,-0.12479618717266176,-0.7656567202776299,0.038603250264021984,0
-0.9460056132015023,-1.4677292476260335,-1.168717627632051,1.7718540298733036,1,0,0,1,0,0,0.9303981388181312,-0.5891015317230072,-0.7966945164632545,1.7645390883168104,-2.204814089375725,-1.8167334193572235,-1.476110047506519,-0.1940384780941605,-1.119946432826441,0.11951621534122728,-0.35679910849161356,-1.5570523568014907,-0.5373428008934543,-1.0245315506399324,-0.11011653028717884,-0.20588826915300118,0.1273191408464637,-0.35141724792780427,-1.14725589024189,-0.9857992824010663,1.0288670998480924,0.15601157796966608,1.324106437391554,-0.03521121575558868,0.12076577083555848,0.9857992824010663,1.1472558902418892,-0.7038726716844818,0.5660657690356972,2.1559727338720744,1.6873748050966186,1.673450806632741,1.2037100208833493,0.2692014673650073,1.009431888773073,2.8682685559694088,1.5000860627148682,0.6552175733882943,1.473999667179387,2.063988304530714,1.9207523416116614,-0.2233527107470814,1.7684536571408034,1.2941032399401495,1.5850608941045057,0
0.544609603518286,-1.0296772261111817,-0.15484123025532542,-1.161438585374874,1,0,0,0,0,1,-0.19268725454965888,-0.2524291983539949,9.732093790039057,-0.7994575262587793,1.8234419026771116,0.42370198310757706,1.050007864574969,-0.04753295801327454,-1.0420063228173737,0.45219038706702325,0.021953564867764147,3.3852163706840943,0.9357530033205015,0.007501800996473729,0.2207563308177931,-0.6159094381739321,0.48624827110575497,0.5017704574885092,0.05260013630273529,4.56486320263511,-1.4525657845523003,0.286389322676756,0.8055279634247805,-0.12872457795676095,0.4613404805173495,-4.56486320263511,-0.052600136302735995,-0.007559831120602114,0.19081952690966666,-0.027453521501095285,-0.3411437725651945,-0.135786898325702,0.6681251261743327,-0.46483142063624716,-0.5408768497097485,0.015758101167622184,-1.4420491117495413,-0.17942508891434333,-1.2173491738515698,-0.6848612251647502,-0.685407289429221,-1.016432198667086,-2.676567716464722,-1.6563637301015341,0.47161139053935697,1
1.9838242955235992,-0.2566442469673251,0.27967722576327125,-2.334755631474145,0,1,0,1,0,0,-0.4955417426488382,0.07842841423144209,-0.630383158037337,0.4741503610535369,-0.278208395179635,-0.30611649530011853,0.5045841140890156,1.4330089241878268,2.033041703293768,0.48981255177373273,0.4426995712477379,0.6762066681700656,0.18116268648357012,0.33475326147621476,1.1021705397788355,1.5934912286874976,0.32867429687211563,0.464858535916337,0.1590389773671773,0.7645323233097278,-0.36715497899034794,-0.8627194690762219,-1.1779311065801237,-0.3357973508105644,-0.12168724131088951,-0.764532323309727,-0.15903897736717798,0.49378541408539117,1.3165582532877582,0.6457695739056325,1.4418852956980555,1.5369045647490853,-0.9386295579527137,0.5954383064766764,0.5664865349208381,1.13195784435093,-0.05424950115312168,-0.482931511569848,1.473999667179387,0.5210020119186368,0.34690269429476517,2.4413943686641333,0.12214944469431245,0.5704037944582268,1.708777505611744,0
-0.1749977424843705,1.6244026689493918,-0.4445202009343899,2.9451710759725747,1,0,0,1,0,0,-0.07911682151246661,-0.3082505178763182,-0.6175899766199587,0.4654706162513176,-0.7682565549204506,-0.5967917471169091,-2.3129746915957914,0.3284452877005463,-1.4093109858579278,-0.5532961192217174,-0.8922825780409103,-0.2622716930580096,0.8668542306505038,0.9676799362289787,-0.3647171775675282,0.4571279504886485,0.26931574934088554,0.5828235085395373,0.3586118043630053,-0.7133741297612556,4.1831420031659,-0.8161671270202915,2.3859448348548957,1.014516248306171,1.7290247705508646,0.7133741297612556,-0.35861180436300605,1.106540713781605,-0.18442671521636386,0.5638910893291381,0.7312577684916879,0.8200367948598906,0.3215701943037938,-0.13859458152457876,-0.319404172783631,0.5118468759157585,5.60797291008027,-0.2553016945782196,2.2494730620527137,3.5032444262108853,3.91767985111052,-0.1916295312302808,-0.7010026615289333,-1.0440026608476,2.265502257394317,1
-1.0231064002732158,-0.5400896726534062,0.27967722576327125,-0.13478617003801185,0,1,0,1,0,0,0.5896868397065544,-0.5210692985551757,-0.7839013350458762,1.3942033100887856,-1.943757061602799,-1.4782085491644383,-1.161617230466374,0.6947124720408331,0.14720368229798594,-1.5353600201089999,-1.430886840859154,-1.2174560147408056,1.3662176846298795,-0.6259326401088009,1.3643512026625202,0.1629596288617689,-0.924126290195197,-1.109592350705871,-1.7152101805067,0.040659774866796713,0.9898325170047743,0.41326241400642705,-0.03747365381451267,1.1578245237415459,0.7769220063434878,-0.040659774866796713,1.7152101805067,-0.5738942747792242,1.3165582532877582,0.1120431559255237,0.17998308071947566,-0.20406001926752979,-0.4555529862543859,-0.49201782389555315,0.3819259708157405,-0.4803306735805153,1.2502821328075124,0.7310941790521709,0.9174834661526473,0.754394896515422,1.2269046476332444,0.5697267771729232,-0.7010026615289333,-0.7656567202776299,1.0901944480755505,0
-1.5885121721324456,2.4232034140647105,0.27967722576327125,-1.6014324776621007,1,0,0,1,0,0,-0.43244705762817587,0.016210901847185925,-0.3617263482723934,-0.06978031321887439,0.1189241916219556,0.06639501972047611,0.4622907203868995,0.6732700774287143,0.05387781449205421,1.4240601990171258,0.8772544521617338,0.964193983794948,-0.45529287966904447,-0.562914462084005,2.7987656433576436,0.025176452802421024,0.18458270879804828,-0.7405199839912374,0.47177165472146704,0.8471482119907131,-1.2052839979974166,1.8796576713622515,-0.04835287026952624,-1.7407844017932244,-1.8634473860411194,-0.8471482119907131,-0.47177165472146776,-0.3139374809687093,3.4179372091935294,1.2280165753384769,1.0542702808582185,1.0931292786272029,-0.15100471279239655,1.6557080335896,1.5077454118568363,0.7598912632898273,-1.1367331974183288,1.717490052682561,-0.058700689746716966,-0.07544647093981212,-0.7530997473783346,-0.5405845059150832,0.6160407084282594,1.2384340518261547,-0.5799798072721716,0
1.0329145883058024,0.7482986259196881,0.5693561964423357,1.7718540298733036,0,1,0,1,0,0,-0.15483044353726144,-0.263477167842788,-0.7455217907937414,0.7779414291312134,-1.1907743066096708,-0.8038419649494845,-0.5887831113301226,0.3053427049268811,-0.1401086850883167,-1.298465586307276,-1.3360899437403904,-2.17546236881809,0.6815987079954321,-0.38657771137381347,-0.8735928288422327,0.5261045872352659,-1.4404057338064569,-1.4625507765974748,-2.147135912362408,-0.8375679493470506,0.4324533545761447,-1.2942385635324527,0.7202176390229337,0.32586156816427264,0.3090861922197498,0.8375679493470506,2.147135912362407,-0.7595776989295921,-1.2351161931692491,-1.9379514949526186,-1.4393863146113988,-1.808478361400488,-1.94678935975792,-1.1988643086375024,-0.3747723420151606,-1.7825637072943747,0.4731143508735179,-1.1658209625447336,0.269735101023162,0.6117659114840535,0.7192112130148905,-0.44541496736468245,0.28677986593896093,-0.09762646290970158,0.34789477903211874,0
0.5189093411610479,-1.235819353882877,-0.4445202009343899,0.3052077222492148,0,1,0,1,0,0,0.2868323516073751,-0.45012970499555655,-0.4896581624461761,0.05578666158656524,-0.749452839407851,-0.38929433658923085,0.4646137156543873,1.53508591778593,-1.5967809327308498,-0.6896670997097685,-1.1474775750871957,0.11589596572461848,1.435011201192032,-0.41992057891995127,1.751446563854169,-0.7059244736368608,-1.2302780553402166,-1.2113944014374192,0.5061221547512287,-0.3438975164935092,-1.0656363762528427,-0.35239287852776263,1.473467010612632,-0.28822690180304406,0.3090861922197498,0.3438975164935085,-0.5061221547512293,-0.5924626171942612,1.0914105080121401,-0.973604898829468,-1.1422148032341901,-1.4841810369268051,-0.40304466324369825,1.4110304042558486,1.2309045656991897,-1.4104971262332722,-0.9701972441467586,-0.2553016945782196,0.269735101023162,1.0137203238451828,0.8207498999385615,-0.635754044465484,0.6983559190505837,0.5704037944582268,0.22417816752487937,0
-0.27779879191332196,-1.2615871198543382,-0.15484123025532542,-0.13478617003801185,1,0,0,1,0,0,-0.7100636717190902,0.7238624212083051,0.712900890787381,-0.5436943794200497,1.6407118924144788,0.9768793469496846,-0.2912023146555602,1.504832490869561,1.3274523094177084,0.1285472624014018,-0.21816253726681933,-0.19492586361875902,0.24340169178346094,-0.16137818165003465,1.2813024983683985,0.7985982038453946,0.26268502787610376,-0.28483667407609925,-0.5505532963957722,0.28017642692511974,0.2436767295352663,-0.7818491046479167,-1.0121575985421696,0.08681491869970147,0.005534409892483666,-0.28017642692511974,0.5505532963957714,-0.20252742647848845,1.0914105080121401,-0.19121049065408274,0.24027874969456073,0.3421249482670949,-1.3166894836296663,-0.13859458152457876,0.12354118106860354,0.015758101167622184,0.3343343898138759,-0.6346847228976005,0.42482977999782756,-0.1921429132382052,-0.14386762583630988,1.2041903675089267,-0.20711139779498602,-0.09762646290970158,0.22417816752487937,0
0.9815140635913272,0.9544407536913834,1.7280720791585935,0.3052077222492148,1,0,0,1,0,0,-0.6974447347149578,0.6918814568986407,0.25234635976176334,-0.4401160914468991,1.3500256413767604,0.87223625629563994,1.5839947511640418,-0.1078932341430631,-0.7094683035423369,1.1363772903762945,0.4000591305596084,1.6585948020487797,0.0663065511612272,2.3561671663758412,0.2636039694760254,0.5283909911336546,1.1581066090868104,0.6994160714434531,1.7556215933338128,0.5209213695068188,0.1516712105707116,0.4121595197480409,1.5008489265276341,-0.3868137171304808,0.16274720046272187,-0.5209213695068188,-1.7556215933338135,2.8055440447574718,0.641115017460903,1.1188452625698195,1.2609982887727984,1.7587922078100258,-0.024984737566746233,0.9216751455883455,0.12354118106860354,0.7598912632898273,0.05677446769459199,0.27583454506891375,-0.2776578835933038,0.5080357405521495,0.31305646532020776,-1.0481553781838862,-0.4540570296619595,-0.26463402725168356,0.10046155601764112,0
-0.12359721776989524,-1.3388904177687242,-0.15484123025532542,0.3052077222492148,1,0,0,1,0,0,0.22373766658671274,-0.4297781822530428,-0.10586271992482811,-0.3023974739183524,-0.24385570592300848,-0.09683031399202933,-0.19514791612682444,-0.3954958096325504,1.2145639677888869,-0.8850694476668066,-0.29064846759180224,0.25560870996441615,-0.01627316273445646,-0.8182391788691089,0.6559887284907573,0.6829983931315914,-1.734719251866583,-1.3683545428330726,-0.21768276347888266,0.5645149086083918,-0.5462170187065093,1.199985518216693,-0.9740021151178664,-0.5244461915234692,-0.9580746398167455,-0.5645149086083918,0.21768276347888196,-0.7595776989295921,0.641115017460903,0.09081540066495114,0.4340862571144791,-0.32353798091572933,-0.5290646384693491,0.8401159358104279,1.0648000580046022,-0.17027518936292965,-0.7481493064513315,0.5034643620605421,-1.281211688723491,-1.5017363212534962,-1.5654092427677009,-0.667477223982284,0.03983423407198747,0.3477270420022505,-1.3222794763156045,0
-1.2030082367738797,-1.5192647795689571,1.4383931084795292,1.478524768348486,1,0,0,1,0,0,1.674915422061947,-0.6577152369691962,0.9559713377175679,-0.5917223006589967,-0.23345388161333802,-0.04853350292093184,-0.3791134401619496,-0.5223015254352846,0.20709589566684683,-0.27887613915136794,0.7004382467630568,1.0215720430521498,-0.2442271692940929,0.34235275222268446,1.1255266304668057,-0.22486105723815497,0.08656018255142874,-0.13321481897051218,0.2507965989744553,1.1445654112422656,0.8692413033910469,1.8444031054034267,-0.5090707041368068,0.46257526769482765,-1.0406623679950056,-1.1445654112422656,-0.25079659897445594,0.911573118423719,1.9920014891146134,2.0468014211034156,1.584010801139329,1.5539728449845414,1.4557499713346498,1.0032343553662626,0.954063719541543,1.5040244254120325,0.5563823275093027,1.33810702436318,-0.6790794056453779,-0.8145239388296306,-0.6007917169928287,-1.3019408143182878,-0.28942660841731066,0.29205785388825667,-0.3944048900113141,1
0.544609603518286,-1.4677292476260335,-0.15484123025532542,1.7718540298733036,1,0,0,1,0,0,-0.19268725454965888,-0.2524291983539949,-0.7966945164632545,1.7645390883168104,-1.540074763382724,-1.5578088488927286,-0.49453219625201467,0.6582219012017488,-1.4643155348413817,0.6399705347753718,0.18247982796674783,-0.20135480821311635,-0.01985565522262908,0.2756775396132351,0.5900752420170705,-0.8216723326494373,0.884030666281084,0.6686569887026136,0.7577574583546642,-1.0261585642736313,0.9631128065090324,-0.31230579248056545,1.1760669384539606,0.012030770911185354,0.4155806924629675,1.0261585642736313,-0.7577574583546649,0.15955525061472892,0.41596727218528484,-0.31857702221751816,-0.6770767854263857,-0.32353798091572933,0.5106001571422693,0.02452383803125581,-0.319404172783631,-0.29429738304996345,1.4168180860790833,0.12408133374116129,1.446630017948564,1.947291862232321,1.836136769175269,0.2207718024881207,1.1099319721622063,0.6260729825722207,1.646919199858125,0
-0.25209852955608386,-0.17934094905293926,-2.327433510348309,-0.4281154315628296,1,0,0,1,0,0,-0.6091121756860305,0.47382942751456536,-0.09306953850744984,-0.3041334228787963,0.7812478189133183,0.5994487122829596,-0.9519136155118826,-0.27671058589372066,-1.154895581031031,-0.5546270762020443,-0.6181766696597684,-0.43426305776663204,0.41771247225739366,-0.3451299451669829,-0.7198485909928203,-1.1308766314255079,-0.46338068176046043,-0.16884719861725625,-0.28338753067176975,-0.31122271395962636,0.9788092798471965,-0.34133455290199144,0.4423589952443451,0.28978504646378767,0.6388135203474046,0.31122271395962636,0.2833875306717691,-0.03541234474315745,-0.3345252120667762,1.4281639820810177,0.5116092600824467,0.2909201075607231,2.4008997855270304,0.5138790966987595,0.7325910426154264,1.5040244254120325,1.0837461795359422,-0.17942508891434333,0.4978155112800227,0.6636309969500054,0.7530574419894479,0.3476645205553221,-0.20711139779498602,-0.3759724034796717,0.40975308478573785,0
2.549230067382828,-1.2100515879114147,0.27967722576327125,1.478524768348486,0,1,0,1,0,0,-0.356733435603381,-0.0640322449661538,1.6851826785081292,-0.6519018646210507,1.0786217999674,0.4545582790696671,1.4599438512190648,-1.0439877746688562,0.5743234029915187,1.0453540850440648,1.1198509737935232,0.6430351207923429,-0.6728025914863793,2.40716330873761,-0.21228326642381073,0.5005928214571148,1.5383016879745381,1.5166236354910951,1.2994551316290601,-0.41176056791003435,0.37512175125659014,1.2202452679942757,-0.28207182326055746,0.11314769302996358,0.024826681504984183,0.41176056791003435,-1.2994551316290608,1.9978211497033713,-0.3345252120667762,-0.44594355378095224,-0.1344157646506147,0.47867119015075044,-0.49755964466293656,-0.22015379130249568,-0.762349526635866,-0.17027518936292965,0.8339422496285867,1.9451198696741894,1.6838336446156987,1.2471132084419672,1.2269046476332444,1.4262526241265279,0.9453015509175579,0.793080546914203,1.1520527538291696,1
-0.1749977424843705,-1.4677292476260335,-0.4445202009343899,1.7718540298733036,1,0,0,1,0,0,-0.07911682151246661,-0.3082505178763182,-0.7966945164632545,1.7645390883168104,-1.6470572623246933,-1.600739347622593,-0.2796388833825151,-0.12653344615979922,-0.4957532321658511,-0.17442829135853277,-0.2244930727845171,-1.0619929117477274,-0.23455037835386425,0.6274492213489004,-0.39498224249563296,0.49332215368656007,-0.016626375271009568,0.3454945029067224,-0.04053384962865217,-1.408230689975459,1.0157845434717292,-0.22201341386802267,1.1734524648501663,0.21915493934028235,0.6291601264245544,1.408230689975459,0.04053384962865146,0.8001630639334981,-0.18442671521636386,0.6730624020977969,0.8475422729436388,0.8029685146244333,0.3530751881102058,-0.30171300108041293,-0.319404172783631,0.44983577907224165,1.4445740782910115,0.19995793940503753,1.3645210702560935,1.8694942340333933,1.8699829981498264,0.2207718024881207,1.1922471827845313,0.514734606344233,1.5232025883508855,0
-1.2287084991311177,1.3409572432633117,0.27967722576327125,2.505177183685348,1,0,0,1,0,0,-0.4703038686405733,0.053425114862068114,-0.7583149722111197,0.8242334014097165,-0.8590650364872796,-0.5958973617267036,-3.3363677132810508,0.5132722493648597,-0.3614224883934028,-0.918695093529984,-1.2740066385860331,-0.11863464014998355,1.3136415900455338,-1.0612826516176745,-0.3150781508408297,1.139390092165469,0.06684694243706327,0.40871925314444224,0.6380137621571677,-0.7945777810288902,3.5788794007281646,-1.020120645044801,1.639053809623515,1.3073820859353271,2.0553058258140697,0.7945777810288902,-0.6380137621571684,-0.9545452942874786,-0.18442671521636386,0.391036510778763,0.9509062769009282,0.9395147565080901,-0.4660546508565234,0.8401159358104279,0.5664865349208381,0.3258135853852078,3.6372974630333545,-0.8623145398892288,0.4613226456389258,1.2860120225414318,1.836136769175269,-0.28679906978068154,-0.6186874509066087,-0.9883334727336057,1.0901944480755505,0
-1.460010860346257,0.7482986259196881,1.7280720791585935,1.7718540298733036,1,0,0,1,0,0,-0.7731583567397526,1.7705121622518667,-0.7455217907937414,0.7779414291312134,0.3756265585919498,0.7604380825199513,0.42393312507896036,0.2925631406776578,0.2617625579762364,-0.18116428589558917,0.2721792144599444,0.6379861790301328,0.13239621369332283,1.0808514823101636,-0.47879423457476106,1.0069500780595904,0.4239562297569001,0.8222520757098534,1.799363582812351,-0.9144498376620688,0.4904847357409901,-0.8811976455858848,0.654049532703445,0.6651290026868761,0.4489228045124287,0.9144498376620688,-1.7993635828123518,1.3850658500071569,-0.18442671521636386,0.9914787310063841,1.428964795203394,1.5710411252199985,0.16404522527173035,1.0032343553662626,0.17890935030013266,1.13195784435093,0.5008703430854462,-0.7864379342253526,0.1785029369204177,0.4950694691856613,0.7530574419894479,-0.5723076854318833,0.03983423407198747,-0.3759724034796717,0.2860364732784985,0
0.7502117023761872,-0.6431607365392533,0.5693561964423357,-0.13478617003801185,1,0,0,1,0,0,1.6244396740454172,-0.6565522928124812,-0.6687627022894718,0.540695071203885,-1.6997475484068099,-0.9227952218468171,-0.01572377140349893,0.44627139997370724,-0.45171721207163124,-0.17047194587768888,-0.6225560257509368,0.11363062728929292,0.7632358434517469,0.9148821475206623,1.372503222715931,-1.05120691096447,0.7741629158047267,-0.4619314512665427,0.4700615648931452,-0.31122271395962636,0.9360037489707214,0.762422096969494,-0.4388490059931667,0.9979432962173073,0.3583671692581689,0.31122271395962636,-0.4700615648931459,0.8280155775560533,1.2415090048625523,-0.054746349693259644,-0.5866332819637576,-0.27233314020935756,-0.05648973137315825,0.5954383064766764,0.40038202722625016,-0.4183195767369984,0.9449662184763004,0.8069707847160468,0.23324223538206504,-0.03654765684034838,0.36382580878204385,0.1890486229713212,-0.20711139779498602,-0.3759724034796717,-0.023255055489598248,0
1.2642169495209417,-1.235819353882877,0.27967722576327125,1.7718540298733036,1,0,0,1,0,0,0.1858808555743153,-0.4228005173127524,-0.3361399854376369,-0.09581954762553238,-0.4595058104101407,-0.25111179380247967,-1.2679147592810536,-0.5785720399630472,0.23946395577582996,-0.014269396053738866,-0.2663221450728454,0.4550916398199149,0.22655236689171634,0.36458616850218006,-1.6949312997069859,1.6068558066940424,0.9212185598348176,1.0562166849883194,2.0173564484103115,-1.3800988454323733,2.127356541027314,-0.9038366860516117,1.2873798715087035,0.9327415880899143,1.3774218489729657,1.3800988454323733,-2.0173564484103124,0.438080386840281,-1.535313186870074,0.35464607318920965,1.1705547853101694,1.5539728449845414,-1.033144539371952,0.35076067714292497,-0.4855086804782194,0.20179139169817292,2.110717891377293,-0.7864379342253526,0.2788583174334372,0.9229564242797662,1.294597105582359,-0.4136917878478824,-0.12479618717266176,-0.7099875321636356,0.40975308478573785,0
0.33900750466038404,1.1348151154916164,1.0038746524609323,0.5985369837740325,1,0,0,1,0,0,-0.1295925695289965,-0.29080635552559214,4.474096227496591,-0.7577947512081266,1.310345803659104,0.3619893911833969,0.5072206922830617,-0.1478992697483957,0.1432382263282069,1.247186833488504,0.821994971243795,0.47292462141940617,-0.20270733392568768,0.771121643723402,1.4193128755773647,-0.5227178355896103,1.4462013325276322,0.4489264533311451,0.3871222082195544,0.2610696854503818,0.06519294081897872,1.6248328706531878,-0.7210924679513135,-0.25084046485193096,-0.6303444153801318,-0.2610696854503818,-0.3871222082195551,0.7166055230658329,1.3165582532877582,0.00893691608845806,-0.26362076959722697,0.3079883877961804,-0.11949971898598452,0.18764225758709038,0.012804842605544792,-0.046252995675895824,0.11228645211844858,1.6416134470186852,0.24236545179233895,-0.17917664187171697,-0.2623294272472596,0.37938770007212164,0.28677986593896093,0.45906541823023866,0.2860364732784985,1
0.46750881644657266,-0.2051087150244015,-0.15484123025532542,-2.041426369949327,1,0,0,1,0,0,0.9051602648098662,-0.5867756434095771,-0.4768649810287978,0.05173611401219622,-1.0158679819448961,-0.49125427107265895,-0.3188520209453058,-0.49065843837024165,-0.3195142639837461,0.1605439052311496,-0.32749112553191473,-0.5943754106013602,-0.31365257474511127,-1.388941615811412,-0.608684681173583,-0.19019174151036738,-1.2067881252200028,-1.5488065013999186,-1.4375436385994584,0.6150811089542358,-0.9444426002756664,0.0636771534808633,0.2456623444606957,-1.4135149058291707,-1.0863535955065553,-0.6150811089542358,1.4375436385994576,-1.246996687324308,-0.3720498362793791,0.7867825195651494,0.5568310118137612,0.009293483675682786,0.06953024385249205,-0.22015379130249568,0.5664865349208381,0.2948080369634488,-0.8036612908751883,0.27583454506891375,0.6529101902546883,0.6895635396829819,0.025363519036474696,0.2207718024881207,0.6160407084282594,1.0714264874841732,0.40975308478573785,0
0.33900750466038404,1.1348151154916164,-0.15484123025532542,0.3052077222492148,1,0,0,1,0,0,0.097548296545388,-0.3943083854732332,0.6233486208657331,-0.5303854373899801,0.2846121272823499,0.10664236227972403,0.8873124612585832,-1.4507977959733853,0.13217489397097312,1.2163815929477328,1.4662072049005557,0.46121541143767925,-1.489984759901372,0.026579048584540584,-0.733540614338342,0.3352607579646053,-0.09456130540415054,0.10593268429658406,-0.04053384962865217,0.6692437909372625,-1.20727210478598,1.2564206208580018,0.1562172213867088,-1.737018429423746,-1.8027185271916717,-0.6692437909372625,0.04053384962865146,-0.09111737198826762,-0.7848207026180125,-0.4277483349861756,-0.19901826712392082,-0.22112829950298704,-0.43454965705011084,-0.30171300108041293,-0.319404172783631,-0.23228628620644656,-1.053465220782544,1.5657368413548085,0.8171280856396278,0.7803274392483975,-0.0423289389126401,-0.09645999267988113,1.6861384465184783,2.40748700222003,0.904619530814692,1
1.572620097807795,1.4182605411776974,-0.4445202009343899,1.0385308760612593,1,0,0,1,0,0,0.5770679027024219,-0.5152545777716003,-0.016310450003180245,-0.3533186434247058,-0.3594259865184085,-0.12321468300309187,0.2900063291301726,0.14883322472545038,-1.3627429843721064,0.44137525572220887,0.36795004106489554,0.3998906592688549,-0.15499549234438206,1.1667574745374554,0.26666398068804187,-0.4036678029609446,0.4813589229775661,-0.025051523451721458,0.07500831336893375,0.471010832630124,0.7625494608815476,0.0628598501705705,1.4572680993956475,-0.1189622271525529,-0.5028110108598581,-0.471010832630124,-0.07500831336893446,1.357213336384602,0.491016520610491,0.6912576208925736,0.3565632541465125,0.5469443110925782,0.4790951633358572,0.35076067714292497,0.34501385799472056,0.6358690696027934,1.0004782029001573,0.35171115073279,0.8809906005115491,1.5842362639706562,1.4299820214805863,-1.3019408143182878,0.36909507656128593,0.6817421706862145,0.8427612250610729,1
-0.14929748012713334,0.5679242641194551,-0.15484123025532542,-1.8947617391869185,1,0,0,1,0,0,-0.40720918361991093,-0.042517778066925034,0.13720772700535894,-0.41234090807979723,0.5352993436160366,0.2859666330159286,0.7028210535027243,-1.056205545060664,0.4804773550320824,1.4091989475906728,1.4947880600716885,0.876211158085506,-1.2902832718817219,-0.47631269015708355,-0.922573409617021,1.364656445250602,-0.09699282895964066,0.4373865283080116,-0.35307242775419667,1.5452204496827715,-1.453215811240658,0.5254614684212217,0.7145194800954537,-1.9999132931429986,-1.5162748722680137,-1.5452204496827708,0.35307242775419595,-0.45320004908148526,-0.8598699510432187,-1.6069330893092284e-4,0.705416767502365,0.6322857122698633,-0.7495995951142377,-0.9541866793037505,-0.9284540343304539,0.015758101167622184,-1.3587811351137562,0.5034643620605421,0.041654690766301246,0.4043055696202447,-0.4654068010946016,-0.5405845059150832,-0.04248097655033679,0.9044189231421907,0.22417816752487937,1
1.3156174742354179,-1.3646581837401863,-0.15484123025532542,0.3052077222492148,1,0,0,1,0,0,-0.36935237260751347,-0.05821752418257845,-0.2210013526812325,-0.2427965596097797,0.18691062820405024,0.14286497058304715,-0.07727316833993003,0.08458648653507071,-0.5768624059020383,0.6568155070702164,0.36764071965263423,-0.2314874918930745,-0.36180104055933127,-0.2527809280265751,-0.6039807047196537,0.6654149630815651,1.0019925442745001,1.0147821606316083,-1.4375436385994584,1.1100169487029459,-0.14512550324317608,-0.7211522184962907,1.4572680993956497,0.10624327904660369,0.5127863274283081,-1.1100169487029459,1.4375436385994576,-0.17467491285593337,-0.4846237089171882,0.3182556355996563,0.6278937645343975,1.0419244379208312,-0.2140147004052217,-1.5251011477491712,-1.2052948804881005,0.8839134569768611,-0.47058938433204756,-1.0140677512169813,-1.4180599348776075,-0.5940973255993336,-0.5161761445564365,-1.7460653275534903,-1.6064699783745033,-1.4336869776455579,-1.198562864808365,0
0.5960101282327613,-1.0554449920826439,1.4383931084795292,-2.334755631474145,1,0,0,0,1,0,-0.25578193957032125,-0.19195610220481132,1.4293190501605637,-0.6328064260561682,0.8831304311239667,0.3414185272086702,1.4449551741722853,1.7308907391475423,-2.442282196306985,2.309292191033946,0.308305997950125,-0.3828798836456477,-0.45688814873583655,0.5125705941167319,1.0814115813438623,-2.1638062671512324,1.3454311536759949,-0.5676836918577369,-0.10086982058087872,-0.4221610355600758,-1.4970908455891712,-1.2923674773744551,1.1642649574834467,-1.78559826594758,-0.9550455313528075,0.4221610355600758,0.10086982058087801,0.6887530094432773,1.3165582532877582,0.6912576208925736,-0.6383152839424023,-0.11871861809024475,1.140700033270523,0.758556726032511,0.8986955503100138,0.20179139169817292,-1.4142931195376127,-1.2416975682086098,-0.19554893590083341,0.4172718409867329,-0.36386811417093057,-0.667477223982284,1.1099319721622063,0.9600881112561845,-0.6418381130257917,1
0.6217103905899984,0.10410447663314094,-0.15484123025532542,0.3052077222492148,1,0,0,1,0,0,0.07231042253712305,-0.3925639692381606,0.40586453677030254,-0.47772831892318285,0.19833084053262517,0.06728940511068161,-0.8479887141459291,-0.5029804330050659,-0.13010876651295017,-0.13814134203513614,-0.18526610929178203,-2.121449505683859,-0.09527099956264874,-0.11933412734786249,-0.6885776145974614,-0.0980655309625363,0.7615264618086264,0.4802567391909147,-1.6740743965204417,-1.2330774978741266,1.059911695379137,5.544909568422978e-4,0.07931664127908715,0.9417366447496569,0.7097322470961408,1.2330774978741266,1.6740743965204417,-0.2582324537235989,-0.7848207026180125,-0.5915053041391644,-0.5478717804797735,-0.23819657973844427,-0.43454965705011084,-1.3619827281933365,-0.8730858650989243,-0.10826409251941274,1.4723300705029398,0.4275877563966659,1.3097817717944475,1.1563493088765513,1.5315207084042572,0.8235122133073248,0.28677986593896093,-0.26463402725168356,1.0901944480755505,0
2.0095245578808356,0.8513696898055362,0.5693561964423357,-0.4281154315628296,1,0,0,1,0,0,0.04707254852885811,-0.3873307205329428,-0.5664172509504457,0.2571567409980537,-0.7439631280839492,-0.49662058341389204,0.4181124736966751,-0.00969292433823543,-1.0964477524471425,-0.17464694680477785,-0.6784865095819743,1.7974727530310985,1.6306050119265012,-0.4716888717392866,-0.8575197502196409,-0.555764986088911,-0.2206617758409483,-0.5452356808051876,1.2825600774918462,1.179510982546407,-1.0527015355627969,-0.8457406182921243,0.9403905955639619,0.017132318193905947,0.349749171196094,-1.179510982546407,-1.2825600774918469,-0.17467491285593337,-0.4846237089171882,1.4372615914784068,0.8733832739329616,0.7346953936826055,1.1722050270769362,2.7975369704804414,2.1167952734036595,0.8219023601333442,-1.0257092285706153,-0.8623145398892288,-0.31415074923440073,0.19684522775643593,0.19459466390925928,-0.7309235830158842,-1.0302635040182315,-0.6543183440496418,-0.1469716669968365,0
-1.7941142709903475,0.928672987719922,1.0038746524609323,-0.4281154315628296,1,0,0,1,0,0,0.19849979257844777,-0.4228005173127524,0.2651395411791416,-0.4412733907538617,0.035185955043656104,0.015862245173864826,0.99675009917775,0.749599874129203,-0.8243422332375386,1.4061465931575245,0.25661308761737317,-0.49845636249988257,0.04660123742934454,0.44987768474307943,-0.6208130060066055,-0.3884376891963207,0.7093054582903144,-0.4371468770484155,-1.118227115406131,0.42920901042807535,-0.9364927946461467,-1.6507661929820243,0.7365610316096377,-1.1962781797208577,-0.7603984234781952,-0.42920901042807535,1.1182271154061303,0.438080386840281,-0.5596729573423944,0.08171779126756346,-0.1344157646506147,0.15437386567706757,-0.5290646384693491,-0.05703537174666111,0.5664865349208381,0.38782468222872474,-0.7203933142394032,-1.3934507795363622,1.2276728241019772,1.4805060930387524,0.8038267854512828,0.31594134103852145,0.5337254978059351,0.848749735028197,1.0283361423219313,1
1.110015375377516,-1.3388904177687242,0.5693561964423357,0.7452016145364414,1,0,0,1,0,0,-0.29363875058271866,-0.10764265084296887,0.6105554394483548,-0.5303854373899801,0.6362683366268149,0.32710836096538204,-0.4281382305708482,-1.997652397174382,0.21558404859734212,-0.6030326292242955,-0.3397792888415013,-0.09478510921100959,0.24334296137669242,0.4521648909784134,-1.130372831287747,0.7446037384547989,0.07645681051284386,-0.018029622925109973,0.6449554257048498,-0.7689345227338477,1.0471344630181005,1.609457919412591,0.4535443312953408,0.890471442185541,0.42412729890745543,0.7689345227338477,-0.6449554257048504,1.106540713781605,-0.6347222057676005,2.256046437243345,2.4109228327976466,2.339113735815564,0.6051151385615076,1.4925896140337656,1.2309045656991897,1.938102103316653,1.4445740782910115,2.1727496866658176,1.2732889061533492,1.3508433793738719,1.7007518532770418,0.09387908442092041,0.6983559190505837,0.3477270420022505,0.904619530814692,1
-0.6376024649146498,-1.235819353882877,-0.15484123025532542,1.7718540298733036,1,0,0,1,0,0,-0.6469689866984278,0.5406987165256818,-0.3361399854376369,-0.09581954762553238,0.650612099076465,0.48988650198278466,-0.7866342961176183,1.0529410087028397,-1.2684563345630424,-0.045715477723833865,-0.9289544359091877,-0.4184543952947856,0.8650593388751349,0.9762369030260385,0.6845821786254498,-0.45065562631956035,0.9279021933036072,0.15833805198179018,0.569588792901455,-1.1356331163529634,2.069278548408548,-0.7593951805439326,1.2811568594981924,0.9818505922320853,1.3622725528808062,1.1356331163529634,-0.5695887929014557,1.050835686536495,0.7912135143113154,0.391036510778763,0.08523274375862654,0.4616029099152932,0.16404522527173035,0.2692014673650073,0.012804842605544792,0.015758101167622184,1.916425945893794,-0.7105613285614767,0.0051618251252043045,0.6636309969500054,1.0576735027604598,-0.635754044465484,-0.6186874509066087,-1.0996718489615938,0.10046155601764112,1
0.33900750466038404,0.7482986259196881,1.0038746524609323,-1.8947617391869185,1,0,0,1,0,0,-0.1295925695289965,-0.29080635552559214,-0.3233468040202586,-0.09871279589293881,-0.2006745132716574,-0.1473630885386406,0.9227499372859236,1.0623762643021386,-0.28187427690017464,1.0793610025794456,0.04676137466426923,0.3701457742055877,0.1870294893708165,0.8405773106850694,1.573257221711652,-0.5954943807961144,1.3929298610945058,0.06154119586220896,-0.007768161614413057,0.5125390571179019,-0.44321130540392467,0.11790978463853827,-0.21308284407422848,-0.076941673690962,-7.090775093983883e-4,-0.5125390571179019,0.007768161614412348,0.6330479821981672,1.2415090048625523,-0.4095531161914002,-0.6383152839424023,-0.10165033785478751,-0.655084613695,-0.13859458152457876,-0.1532996650890431,-0.4803306735805153,0.1400424443303771,1.1104772073715516,2.924591076413022,2.3233137318604746,2.140752829946282,2.409671189147334,0.8629863402952329,1.2941032399401495,3.069660232191369,0
-0.14929748012713334,1.572867137006469,-0.15484123025532542,-0.4281154315628296,1,0,0,1,0,0,-0.40720918361991093,-0.042517778066925034,0.57217589519622,-0.510132699518135,0.773457465773456,0.36154219848829416,-1.145129361232593,-0.7236702652183403,1.442626227662756,-0.28363310777818346,0.254019889952199,-0.3493289713091486,-0.608044402711347,-0.3399636248005167,-0.8860516918442265,1.391084853502572,-0.12413976725983879,0.19223764453825257,-0.33645217931212407,-0.14275387761029457,1.2526426041018734,0.10563301601872706,-0.5742122594214556,0.2600751619232294,-0.142555653936954,0.14275387761029457,0.33645217931212335,-0.28608496734615396,-0.7848207026180125,0.1908891040362222,0.8992242749222835,0.8029685146244333,-0.8756195703398886,-0.709509049969999,-0.6516131881728072,0.07776919801113909,1.2780381250194413,0.19995793940503753,0.3062279666642602,-0.0495139282068366,0.05920974801103089,0.41111087958892223,0.28677986593896093,0.23638866577426285,0.22417816752487937,1
0.5960101282327613,-1.3646581837401863,1.4383931084795292,0.3052077222492148,1,0,0,1,0,0,-0.25578193957032125,-0.19195610220481132,-0.2210013526812325,-0.2427965596097797,0.04358823214805472,0.04001065070941358,0.7732747978087402,1.469720939662401,-2.149473939930268,0.9024231133289684,-0.5343083187110613,0.5193692643403063,0.7868558265213734,0.788507695233161,1.1990335941145978,-1.6807099134805674,1.1339643055798887,-0.29657990506020854,-0.4291756706205303,1.1340089365774726,-0.28738983157454673,-0.8160725809916197,1.2494515076860984,-0.09469581229637845,0.40507442989315223,-1.1340089365774726,0.4291756706205296,0.8280155775560533,1.2415090048625523,0.28186519801010423,-0.6641562849317252,-0.22112829950298704,0.7311351137871589,0.10608304780917345,0.34501385799472056,0.07776919801113909,-0.5816133531797613,-1.0899443568808573,-1.4363063676981567,-0.6978274965312384,-0.685407289429221,-1.5557262504526888,-1.4418395571298541,-1.211010225189582,-1.198562864808365,0
0.8530127518051386,0.10410447663314094,-0.4445202009343899,0.3052077222492148,1,0,0,1,0,0,-0.5460174906653681,0.25577739813049005,0.40586453677030254,-0.47772831892318285,0.9495382370610109,0.565909260150253,-1.2703812762479918,-0.7085234911424588,0.651741972072118,-0.9200468814685556,-0.40072542815089535,-1.670307692153549,0.21607903767805986,-0.9472785812983239,-0.9825836095973345,0.9863339371354896,-0.2519044103174481,0.3358810855334908,-0.9971070548845234,-1.2891818387499494,0.8199864921417074,-0.011859962847303547,0.10021737583099755,0.9931398791923274,0.8488851885853982,1.2891818387499494,0.9971070548845228,-0.9545452942874786,-1.009968447893631,-0.46413877257572894,0.08523274375862654,-0.01630893667750248,-0.6865896075014126,-0.9541866793037505,-0.6516131881728072,-0.35630847989348147,1.3057941172313696,0.5034643620605421,1.5834782641026803,1.4027084648398238,1.8022905402007128,1.109020828958526,0.36909507656128593,-0.2089648391376897,1.4613442825972665,1
2.0095245578808356,-1.8027102052550381,-1.168717627632051,1.0385308760612593,1,0,0,1,0,0,-0.4198281206240434,-0.04077336183185243,0.188380452674872,-0.4181274046146101,0.5878715848386128,0.29178013805226444,-1.0706267537702625,-0.3865367511316572,0.6671990237886425,-0.9421293572200812,0.02881342397821348,0.5227640133409507,0.14279835075046246,-0.7907007238971322,-1.231023083258209,0.530423975880745,-0.3499435022025081,0.032530748934547486,-0.01835909107355938,0.7311960875261709,0.6986737162868503,-0.7026780792779641,-0.379058474951757,0.9257579940001448,-0.005698917598854191,-0.7311960875261709,0.01835909107355796,-0.7595776989295921,-1.1600669447440433,-0.082039177885424,0.2015172482105774,0.0519641842643253,-0.24551969421163483,0.10608304780917345,0.12354118106860354,-0.10826409251941274,0.77843026520473,-0.5588081172337243,0.41570656358755365,0.14498014229048395,0.5161338391675497,-0.0647368131630805,-0.04248097655033679,0.3477270420022505,0.7190446135538346,0
1.110015375377516,1.9593836265783975,0.5693561964423357,-0.13478617003801185,1,0,0,1,0,0,-0.29363875058271866,-0.10764265084296887,0.6361418022831113,-0.5321213863504239,0.6476182239558601,0.3284499390506903,0.6736987084224112,-1.0198501101098856,1.3190121646039281,0.05038515599022834,0.24644593947712432,0.8139188497078857,0.1110561668571269,0.3097746765494632,-1.2096981015959507,0.7404200861064483,0.1746296813425443,-0.023546998031002804,1.0782835138328166,0.04065977486679812,-0.6272712468617325,0.18792727966627837,-1.0590830354865624,0.1050927075624324,-0.3433808517739243,-0.04065977486679812,-1.0782835138328173,0.9672781456688292,-0.7097714541928067,2.3743153594093918,2.514286836754938,2.492728257934677,0.5736101447550955,2.145063292257104,1.6184817503198954,2.00011320016017,-0.47058938433204756,0.4275877563966659,0.7258959215368835,0.015317428625603584,0.05920974801103089,1.109020828958526,0.6983559190505837,0.793080546914203,0.7809029193074537,0
-0.6376024649146498,0.7482986259196881,-0.15484123025532542,-1.8947617391869185,1,0,0,1,0,0,-0.6469689866984278,0.5406987165256818,-0.3233468040202586,-0.09871279589293881,0.6664749668314865,0.49212246545829846,0.8881964291324494,0.167412582837375,0.020309074995897562,0.586175662956752,0.19722392107782655,0.9081231142272987,0.1232618972305318,0.8368194717258758,0.34948079789398717,-0.2999899221991114,0.9111974083410961,0.3719660493040536,0.8111642712127044,0.4340687685857812,-0.39891859960162934,0.12032316753419874,-0.3292241267697309,0.11164224857157716,0.10675169319538363,-0.4340687685857812,-0.8111642712127051,0.939425632046274,0.491016520610491,0.46381738595786837,0.22735824919990022,0.59814915179895,0.29006520049738066,0.4323198869208419,0.06817301183707392,0.2638024885416898,0.19555442875423396,1.1104772073715516,2.915467860002747,2.232549832295058,2.1576759444335596,2.5048407276977347,0.8629863402952329,1.2384340518261547,3.1315185379449897,1
-0.14929748012713334,0.33601437037629844,-0.15484123025532542,-0.13478617003801185,1,0,0,1,0,0,-0.40720918361991093,-0.042517778066925034,0.08603500133584588,-0.389773571594027,0.5006451763795815,0.2685261179069212,-0.2801283821683116,0.10197286375601988,0.9427113509149035,0.22199387497283807,0.15431548891511687,-0.1449745143803866,-0.35918700806905635,-0.454524227259801,-0.6838604822389457,1.3920793967715375,-0.055738976411336995,0.17323821681177384,0.13286549185952784,-0.329502323768793,-0.06462991789644185,-0.8250373744328041,0.11018754441228894,-0.3551692181130821,-0.031484292705863004,0.329502323768793,-0.13286549185952856,-0.3696425082138195,-0.5596729573423944,0.32735324499704527,1.0284292798688959,0.9565830367435462,-0.8756195703398886,-0.38327221085833024,-0.4855086804782194,0.015758101167622184,-0.16527347000083534,-0.8623145398892288,-0.39625969692687113,-0.2829068128036209,-0.39771434314548676,-0.15990635171348128,-0.04248097655033679,-0.2089648391376897,-0.3944048900113141,1
0.8530127518051386,-1.3646581837401863,-0.4445202009343899,0.3052077222492148,1,0,0,1,0,0,-0.5460174906653681,0.25577739813049005,-0.2210013526812325,-0.2427965596097797,0.4998711878630743,0.38434902593853465,-0.4401129280994274,-0.2915229046959968,-0.0025157977094494594,-0.13627477770687632,0.025783567991407377,0.3568193173646358,0.18517650309793343,-0.9915913733182938,-0.8866405435781516,1.0908634128532728,-0.02766366422691124,0.5395154030055272,-0.7768887630270574,1.2571678076667228,-0.3787986765960614,-0.4880926971048803,1.0996517071995948,0.1566676170628633,0.4932118817183459,-1.257167807666722,0.7768887630270568,-0.9545452942874786,-0.8598699510432187,-0.1548200530645294,0.42116575661981864,0.39332978897346543,-0.5605696322757617,-0.8726274695258333,-0.6516131881728072,0.015758101167622184,-0.6648813298155464,-0.8623145398892288,-1.5092920989803518,-0.8274902101961188,-0.7192535184037778,-1.5874494299694895,-1.6064699783745033,-1.378017789531564,-1.2604211705619852,1
1.958124033166361,-1.8027102052550381,-0.15484123025532542,1.0385308760612593,1,0,0,1,0,0,0.6401625877230843,-0.5373505167491867,0.188380452674872,-0.4181274046146101,-0.24528767768075663,-0.09012242356548801,-0.8778694293413452,0.6342864945335476,-0.42329464662489946,-0.25519045565806725,0.01082907929003121,0.6841587514455479,0.24087673432940088,-0.5777408732511413,-0.10367583779187592,-0.9294234481086932,0.4848776488264726,-0.05519775502983526,0.3186972389638403,0.617030896486598,0.6434269379709954,-0.9744382979041343,-0.3553229697027569,0.8255422185684467,-0.0679681978570074,-0.6170308964865974,-0.3186972389638417,-0.4253475354589299,0.11577027848446049,0.6912576208925736,0.05939174276930372,0.2567835470898098,0.9831750642384596,0.6769975162545934,0.5664865349208381,0.6358690696027934,0.6674062963570164,-0.8623145398892288,0.24236545179233895,0.015317428625603584,0.34690269429476517,-0.1916295312302808,-0.12479618717266176,0.18071947766026855,0.5334696962929761,1
-0.14929748012713334,-0.6431607365392533,-0.15484123025532542,-0.13478617003801185,1,0,0,1,0,0,-0.40720918361991093,-0.042517778066925034,-0.6687627022894718,0.540695071203885,-0.5499749700447042,-0.45055973581830827,-1.1205213538434322,-0.7503239905528772,1.3782065270013695,-1.0869575349103193,-0.27331556488118813,-0.9817887437445354,-0.4512739584402062,-0.5732610853005149,-0.6901330522393424,1.4392656880719927,-0.2494258250157254,-0.09330929937637152,-0.20509389995854704,-1.1356331163529647,0.985316497130456,0.33848308278190253,-0.43773127834429754,1.2210831265717463,0.2642252505795069,1.1356331163529647,0.20509389995854635,-0.5924626171942612,-0.7097714541928067,-0.2730889752305771,0.48576825909312477,0.3591932285025509,-1.348194477436079,-0.709509049969999,-0.7069813574043363,-0.6043528672675491,0.9449662184763004,0.35171115073279,0.10551720563822252,-0.1402778277722523,0.34690269429476517,-0.15990635171348128,0.5337254978059351,0.013711913318286572,-0.2706882785040748,0
1.958124033166361,0.8513696898055362,-0.15484123025532542,-0.4281154315628296,1,0,0,1,0,0,0.6401625877230843,-0.5373505167491867,-0.5664172509504457,0.2571567409980537,-1.0821060777901368,-0.6119962987504027,0.36636317179304456,0.7658972603715868,-1.5677166226282915,0.35845750826417244,-0.4243214778505969,0.9515537082914421,0.7367309245055812,-0.47699395580072734,-0.08891065548646751,-0.6740158677221969,0.643056650359727,0.379262641242955,0.6359402782403267,0.6670879417885637,-0.9860436490344084,-1.1402867688510439,1.4658001967322967,0.15339099880305837,0.9219148544499113,-0.6670879417885637,-0.6359402782403275,-0.28608496734615396,0.19081952690966666,0.8823074182377254,0.3565632541465125,0.615217432034406,1.2037100208833493,0.6769975162545934,0.40038202722625016,0.9459245538203791,-0.9424412519348303,-1.0899443568808573,-0.12256320461863823,0.6376984542170299,0.6684418695530556,-0.635754044465484,-1.1125787146405561,-0.9883334727336057,0.10046155601764112,0
1.4184185236643685,-0.12780541711001567,1.0038746524609323,0.3052077222492148,1,0,0,1,0,0,0.021834674520593164,-0.3576756445367086,-0.029103631420558513,-0.3330659055528607,-0.04100172824757078,-0.01767720695884177,0.5586212971532982,-0.15087439749362916,1.5657491049907055,-0.5727120875499782,-0.3863744313313048,-0.5959363496405498,0.005450294052360014,0.7072485758559692,0.17544343592561992,1.4407118746692622,-0.05214139872487314,-0.580154711868471,-0.01835909107355938,-0.7945777810288902,-0.07010206830227793,0.38283522814910587,-0.6926549871087215,0.7219945635528014,-0.064102474396038,0.7945777810288902,0.01835909107355796,1.050835686536495,0.5660657690356972,1.1734309189541483,1.8553413115272142,1.7417239275745686,-1.2851844898232538,1.0032343553662626,1.1201682272361313,0.9459245538203791,0.5008703430854462,1.2622304186993043,2.413690957437653,1.571269992604168,1.836136769175269,1.7752075988113303,2.2623449208747504,1.9064643091940836,2.3273605631479377,0
1.7011214095939837,0.10410447663314094,-0.4445202009343899,0.3052077222492148,1,0,0,1,0,0,0.04707254852885811,-0.37221244649564694,0.32910544826603294,-0.45747558105133773,0.17571936246862818,0.06728940511068161,-1.190488441511029,0.05352755585879435,0.11973981815333389,-1.2996819765054661,-1.3758834454059765,-1.8550690644435706,0.8169761665862919,-1.0000780913522143,-0.11121182247024605,0.32532642164640885,-0.8439095053648296,-1.0819223165680858,-0.7279513648365089,-1.808119650554575,0.6561369123045301,-0.18487781265212982,0.16323333667088216,0.9189802822076266,0.7324293012103901,1.808119650554575,0.7279513648365081,-1.0938078624002545,-0.4846237089171882,-1.2101427431615621,-0.8838047933409655,-1.1257471519822078,-1.442709458855317,-0.22015379130249568,0.12354118106860354,-1.2864749325462383,1.2502821328075124,0.4275877563966659,1.9757765697444807,1.7787303344679768,2.140752829946282,1.2359135470257274,1.5215080252738291,0.6260729825722207,1.708777505611744,0
1.2899172118781799,0.9544407536913834,1.0038746524609323,0.3052077222492148,1,0,0,1,0,0,-0.3062576875868511,-0.10764265084296887,0.13720772700535894,-0.4140768570402411,0.39619939409298316,0.23722262924972837,0.07351522897093693,1.291315991987786,-0.9031555817265471,0.18444657683990923,-0.11914274597743801,-0.1547615882921289,-0.1350501724976479,0.303176276808732,2.1616187638860893,-0.3906610654788103,-0.15485297579080876,-0.29835725893888393,-0.7099870034754222,0.4930801176436292,0.2007054481269974,0.3930905005746203,0.8420672405146051,-0.40272498584643257,-0.136396387923729,-0.4930801176436292,0.7099870034754215,0.744458036688388,2.9676417186422928,1.6283113888235585,1.1317932838261862,1.0077878774499178,1.3612349899154128,0.10608304780917345,0.5111183656893089,1.814079909629618,0.16779843654230542,0.35171115073279,-0.031331040515893936,0.4043055696202447,0.2115177783965368,-0.6040308649486834,-0.20711139779498602,0.013711913318286572,0.2860364732784985,1
-0.35489957898503444,-1.0296772261111817,0.714195681781868,0.3052077222492148,1,0,0,0,1,0,0.5392110916900246,-0.5036251362044497,0.5593827137788417,-0.5043462029833221,6.690289538357388e-4,0.002446464320782188,-0.1343322030787688,0.0668122685606872,-0.32316797239508116,-0.5997462262875427,-0.9011779445615025,0.3893703467274038,1.399610028180513,-0.9636881347585415,0.9452060642116507,-0.2886498519944442,-1.7169443237925242,-2.0547629005766717,-0.1227108960387,0.6527578856825103,-0.7761136310703813,0.8551847502029979,0.1517161804864272,-0.8922741416787703,-0.8345005812761893,-0.6527578856825103,0.1227108960386993,-0.6481676444393714,1.7668537438389946,2.0195085929112513,1.519408298666023,0.59814915179895,0.8256500952063961,3.2053330193700265,3.6671040118864804,1.3179911348814817,-0.6093693453916895,1.1484155102034896,0.8125664774344908,0.7738443035651539,0.3299795798074865,0.2524949820049213,0.41025268187244807,0.848749735028197,0.16231986177126023,1
1.110015375377516,2.835487669608101,0.27967722576327125,-1.8947617391869185,1,0,0,1,0,0,-0.24316300256618875,-0.20998173663389488,1.096696333308729,-0.6038739433821038,0.7656581802407499,0.3051959189053471,0.8058389811248393,-0.23505445993799431,-0.23515740133090507,0.5713685654010769,0.9391240170350257,-0.5645309342058591,-1.454629601522406,0.24367088644178775,-0.22057828651686232,0.03153338638555675,-0.7153998617400067,-0.40456715448749425,-1.0726104692356557,0.29384914100795956,-0.8770656409037396,0.10164913776514883,0.35315605768822045,-1.481260326989689,-1.615888300400172,-0.29384914100795956,1.072610469235655,0.24311279148239442,-0.18442671521636386,0.08171779126756346,0.08523274375862654,-0.20406001926752979,0.16404522527173035,-0.46483142063624716,0.012804842605544792,0.20179139169817292,-0.7203933142394032,0.35171115073279,0.7623887871779818,0.8451587960808378,0.12690220596014448,-0.3185222492974822,1.7684536571408034,2.1848102497640536,0.47161139053935697,1
0.33900750466038404,-1.9315490351123477,1.0038746524609323,-0.4281154315628296,1,0,0,1,0,0,-0.1295925695289965,-0.2762695535666538,0.9431781563001896,-0.5784133586289271,0.5965585484609401,0.23453947307911185,0.9400730775002418,1.2756307345902536,-1.3270232773900745,0.9141883137915929,-0.4440845467770078,-0.663491726115666,0.25324893795196085,1.0031762945249625,1.157726866315072,-0.6863557445228231,1.3022019929917326,0.11180703229669685,-0.11972941589683889,-0.7861774033115495,-0.30483256475648923,-0.591057856530652,1.1243639443854103,0.056231771867905914,0.6864894658439352,0.7861774033115495,0.11972941589683818,0.8280155775560533,0.9413120111617277,-0.2730889752305771,-0.5737127814690962,-0.06751377738387422,-0.37153966943728567,-0.38327221085833024,-0.3747723420151606,-0.4183195767369984,-0.3595654154843339,-0.6346847228976005,-0.31415074923440073,0.28760912732185256,0.2961333508329291,-0.6040308649486834,-0.28942660841731066,-0.6543183440496418,-0.332546584257695,0
0.6217103905899984,2.3459001161503257,-0.15484123025532542,-0.4281154315628296,1,0,0,1,0,0,0.2363566035908452,-0.433267014723188,0.35469181110078946,-0.4609474789722255,0.061917318548039696,0.023017328295508902,0.3109927935086745,-1.071391059881826,0.2697236312765225,1.1099350689589862,1.069656429229513,-1.0879318021180924,-0.932094751706029,-0.16295765417301444,-1.162732884592201,0.49421013905578526,0.6329505423983446,0.874544743679605,-1.6929968571541203,0.1952844489803987,-0.5952684177559996,0.3057175741305321,0.12791228855680672,-0.8718277480653664,-0.5367830195735653,-0.1952844489803987,1.6929968571541196,-0.2582324537235989,-1.1600669447440433,-0.4277483349861756,-0.12149526415595328,0.13730558544161034,-0.40304466324369825,-1.5251011477491712,-1.0945585420250417,0.139780294854656,-0.38732140769626244,0.6552175733882943,1.0178388466656656,0.9359226956462544,0.4822876101929924,0.728342674756924,0.36909507656128593,0.514734606344233,0.8427612250610729,1
0.544609603518286,1.6501704349208541,-0.15484123025532542,-1.6014324776621007,1,0,0,1,0,0,-0.20530619155379135,-0.22626295482790584,0.38027817393554597,-0.46615532585355707,0.4249323788256025,0.18624266200801434,0.8324940140253945,-0.013009279097958132,-0.6076740888520782,1.7493497811417078,1.508977553408495,1.479978777707195,-0.8116795910416293,0.08312416490721079,0.7830102726036684,-0.9442817598193896,0.7754466646538728,0.5263984176908876,0.6257323574189628,1.3979208031972914,-1.074546505500438,0.8022581459582272,-0.11820126576945669,-1.5943390570325373,-1.44781912332611,-1.3979208031972914,-0.6257323574189636,0.02029268250195297,0.641115017460903,-0.19121049065408274,-0.6383152839424023,-0.32353798091572933,0.6681251261743327,0.02452383803125581,-0.26403600355210183,-0.23228628620644656,-1.053465220782544,0.5793409677244183,-0.3871364805165972,-0.38663698373552574,-0.9561771212256767,-0.4136917878478824,-0.04248097655033679,0.793080546914203,-0.20882997275045564,0
0.930113538876852,1.0317440516057692,-0.4445202009343899,0.5985369837740325,1,0,0,0,1,0,0.2868323516073751,-0.4460594004470538,-0.1826218084290977,-0.25957739956073705,-0.35251429156343383,-0.14244396889251032,-0.593130471406723,-0.43407584903328356,0.18857660244051871,0.23506603576525695,0.5543402348222015,1.3614426888259616,-0.3510520611368179,-1.052792986806659,-1.5838777997787996,0.7217064407425359,-1.5225188536561536,-1.0059345334245358,-0.4215365193479638,2.274920236887764,-0.2271759888482186,-0.990911284486566,0.4674548389526693,-1.8272626820843796,-1.702768737235636,-2.274920236887765,0.42153651934796316,-0.8431352397972577,-1.3101654415944555,1.2644070129280303,1.5064877981713616,0.683490552976235,0.3845801819166189,0.6769975162545934,1.009431888773073,0.8219023601333442,-0.7203933142394032,-1.3934507795363622,-2.2756422774434037,-1.761061748583257,-2.1746413643097253,-2.0950203022382925,-1.1948939252628807,-0.26463402725168356,-2.064579145359036,0
-1.2544087614883548,-1.6481036094262664,-0.15484123025532542,0.3052077222492148,1,0,0,1,0,0,0.6401625877230843,-0.5373505167491867,-0.041896812837936774,-0.3220715621367162,-0.4084325631697267,-0.16435641095254527,-0.2734734455762602,-0.5007586331593259,-0.9586482626100452,-0.17549399771311666,-0.0799777671636905,-0.7935830006243128,-0.3872874514220629,0.42111270279516855,-0.5897359571991663,-0.9563432128551324,0.26374217424161706,0.379262641242955,0.03622492998512883,-1.1182800073149486,0.8010423339688839,0.09652240351024592,0.3494715903632802,0.49860329424790367,0.474251165991454,1.1182800073149486,-0.036224929985129536,0.4659329004628361,-0.4846237089171882,0.2636699792153276,-0.28946177058654887,-0.1699234587966153,1.2667200084961745,-0.22015379130249568,-0.26403600355210183,0.20179139169817292,0.6951622885689447,0.04820472807728505,-0.11343998820836432,0.08014878545804377,0.27921023634565156,-0.3185222492974822,0.6983559190505837,0.18071947766026855,0.038603250264021984,1
0.2619067175886707,0.5679242641194551,0.5693561964423357,-1.8947617391869185,0,1,0,1,0,0,1.2584905009255756,-0.6222454401893867,0.12441454558798068,-0.41234090807979723,-0.5169768809945562,-0.15988448400151775,1.0264933450388092,-0.24741702796218734,-0.45080319829332705,1.5098325181940546,1.1506663975672518,0.3790754834913259,-0.825791114519311,-0.06417740887247415,0.07244307695161552,0.22974686784858198,-0.01900886874148533,-0.11983359199934081,-0.591162492785821,1.103321510226331,-1.4914892946610827,0.4121595197480409,0.8471365195478734,-2.0585351946608057,-1.612916850705709,-1.103321510226331,0.5911624927858203,0.18740776423728422,0.41596727218528484,1.0551619967881019,1.0284292798688959,0.9736513169790033,0.3845801819166189,0.35076067714292497,0.7325910426154264,1.2559800380379649,-1.4142931195376127,0.27583454506891375,-0.2776578835933038,0.1838789563899486,-0.6684841749419423,-0.8895394805998851,0.2044646553166367,0.9044189231421907,-0.45626319576493324,0
-1.2287084991311177,0.33601437037629844,1.7280720791585935,-0.13478617003801185,1,0,0,1,0,0,-0.3188766245909836,-0.09892056966760585,0.11162136417060241,-0.40134656466365276,0.3949631924950283,0.2340922803840091,1.509816717504779,-0.12281273104302845,0.5211571808120996,1.2422765689174198,1.4225010736533732,-0.46687321532683146,-1.8656855420258363,1.779051515020723,-0.749210452930161,1.0717617828327295,1.011563427618354,1.3571430782196126,-0.09305301462755473,-0.5444705351245722,-0.3218295868202689,-0.5819782571808672,0.3645779063955397,-0.6751865206205514,-0.5243349946972953,0.5444705351245722,0.09305301462755473,1.3293608227620468,-0.8598699510432187,-0.6915790075104341,-0.08273376267196997,0.32505666803163763,-0.9386295579527137,-1.6066603575270884,-1.7589765728033937,-0.4183195767369984,-0.44283339212011924,-0.7105613285614767,-0.642586540004281,-0.37367071236903754,-0.6007917169928287,-0.7626467625326843,0.5337254978059351,0.29205785388825667,-0.8892713360402683,0
0.4161082917320974,-1.158516055968491,0.27967722576327125,1.7718540298733036,1,0,0,1,0,0,-0.1800683175455264,-0.25010331004056474,-0.13144908275958464,-0.27577958985821316,0.04913483618686395,0.020781364819995127,0.6780883153446339,0.46859252760507714,-1.1567015963394809,-0.23466445188796692,-0.6888009373454945,-0.9174451934554022,-0.09009650520035267,1.2693269661202238,0.4555675611224856,-0.9079659407335721,0.439437289952562,0.1972255954866149,-0.018359091073560794,-1.2330774978741266,0.32539823953738667,-0.1867803680382789,0.6688316253932041,0.7527550296864812,1.0880273603849664,1.2330774978741266,0.018359091073560086,0.8558680911786088,0.11577027848446049,-0.7916527108817039,-1.0905328012555453,-0.8867912286858101,0.06953024385249205,-0.7910682597479163,-0.8730858650989243,-0.8523972546416179,0.3620903820258042,-0.1035484832504671,0.24236545179233895,0.5599008260181015,0.854596128913119,0.030432725387320277,0.28677986593896093,-0.26463402725168356,0.2860364732784985,0
0.7502117023761872,1.6244026689493918,-1.8929150543297122,0.3052077222492148,1,0,0,0,1,0,-0.33149556159511606,-0.09601320927581818,-0.016310450003180245,-0.34000970139463615,0.31834895668121294,0.18892581817863088,0.016990759690373405,0.3729773803383171,-0.39000870239126284,0.5748682424276446,0.4201120682596709,0.08904682758701257,0.030695647628249625,-0.4184080335962556,0.1952132595254855,-0.4117451673048961,0.1521354059533022,-0.061962015472271315,-0.4291756706205303,0.5471004570796687,-0.44169444216831333,-0.3163628016613718,0.11939077694886649,-0.6257550438086168,-0.606660112312402,-0.5471004570796687,0.4291756706205296,0.15955525061472892,1.1664597564373458,2.829195829278802,2.100830820925778,2.083089532283709,2.27487981030138,1.0032343553662626,1.397009073393778,2.992290749656445,-0.44283339212011924,-0.3311783002420958,-0.11343998820836432,-0.03654765684034838,-0.2792525417345383,-0.3185222492974822,-0.37174181903963527,-0.15329565102369538,-0.1469716669968365,0
-1.5371116474179702,-1.596568077483343,3.6109853885725127,1.0385308760612593,1,0,0,1,0,0,1.674915422061947,-0.6565522928124812,0.08603500133584588,-0.39729601708928375,-0.6624938948721284,-0.1978958630852519,1.7536483583727684,0.26285209834632695,-0.23295584002961636,0.2579074109629381,0.5505670306813054,-0.6403691555851057,-0.8415680403227055,2.8462170547621004,0.6117682540149039,-0.018858770262867867,0.9242994912479431,1.009190983366375,0.07195265285990604,-0.9447489169347935,0.4054158143141176,0.25208325302137474,0.29950719200601256,0.5681032800439065,0.2695144677333047,0.9447489169347935,-0.07195265285990675,3.111921694605578,0.8662627627365218,0.7549408866742913,0.6278937645343975,1.0077878774499178,0.8571550890128092,-0.709509049969999,-0.8177176958673952,1.0079356506638961,0.5286263352973745,0.4275877563966659,0.5434315933313949,0.6247321828505417,0.8376730144258402,-0.09645999267988113,0.6160407084282594,0.18071947766026855,0.47161139053935697,0
2.0095245578808356,0.33601437037629844,0.27967722576327125,-0.13478617003801185,0,1,0,0,1,0,-0.34411449859924853,-0.0843837677086675,-0.09306953850744984,-0.30124017461138985,0.2722745771161816,0.1679077615088014,0.7112735819714321,2.0970565365099567,-0.1348423511570868,0.7648735953339237,0.07272478017346333,-0.1970505771109266,0.07606379192075487,0.3852256219514996,1.6901576579702289,1.4561213575582972,0.47290985253778073,0.49779718048115534,0.010024599876957354,-0.2786957612109654,-0.604130327571142,-1.185113069506809,1.647595547814944,-0.5643655672132112,0.39145628238862124,0.2786957612109654,-0.010024599876958064,0.38237535959517033,1.6167552469885829,0.09991301006234013,0.8475422729436388,1.0248561576853752,-1.1906695084040155,0.2692014673650073,0.2896456887631914,0.6358690696027934,-0.5538573609678327,-1.0899443568808573,0.10551720563822252,0.9488889670127426,0.6345956405784983,-0.5723076854318833,0.03983423407198747,-0.09762646290970158,0.038603250264021984,1
0.46750881644657266,-1.8027102052550381,-1.6032360836506476,1.0385308760612593,1,0,0,1,0,0,0.2742134146032426,-0.4431520400552661,0.047655457083711085,-0.3729927316430696,-0.15260373497149118,-0.05255823717685663,-1.4940916991116402,0.7466751398926003,1.564339048082427,-2.0786660303901296,-1.468435765085492,0.5511754511309571,1.862479183650643,-1.3517185530471512,0.07345379907319037,1.605287227275379,-1.9922219212685772,-1.610802803601677,-0.16027754582615011,0.9106988955914741,0.726949626448509,-0.9512506589607753,-0.5253450342952712,0.832690548231155,0.3364029922787801,-0.9106988955914734,0.16027754582614942,-1.2052179168904753,0.340918023760079,0.8277217618533966,1.6227723026233125,0.5469443110925782,-0.9071245641463012,1.9003856629233515,2.227531611866718,0.5738579727592754,0.8339422496285867,-0.7864379342253526,0.4978155112800227,0.13201387092399572,0.46536449570571364,0.5697267771729232,-0.6186874509066087,-0.26463402725168356,0.904619530814692,0
-1.9740161074910114,0.3102466044048362,-0.15484123025532542,-1.6014324776621007,0,1,0,1,0,0,-0.2810198135785862,-0.1390421430742757,0.4954168066919504,-0.49335185956717764,0.5674898589796391,0.27433962294325703,0.8678414056170324,1.8311981747273833,-0.41361476425321975,1.7764369687286234,1.248793214403526,1.87121735550986,-0.7975454908833225,0.9222117633195765,2.285436832106416,-0.6646753485362705,1.7706211958900753,1.5957537659291916,1.8116420359993077,0.7553527801229527,-0.28529147229348534,-0.22387651570292938,-0.10250938532192676,-0.6441340700660926,-0.06554937541604913,-0.7553527801229527,-1.8116420359993084,1.050835686536495,2.4422969796658496,0.5365982611369737,0.08523274375862654,0.8029685146244333,1.3297299961089997,0.02452383803125581,-0.7069813574043363,0.8839134569768611,-0.3595654154843339,-0.3311783002420958,-0.39625969692687113,-0.38663698373552574,-0.6007917169928287,0.1890486229713212,-0.37174181903963527,-0.04195727479570725,-0.1469716669968365,1
0.2876069799459088,0.9802085196628456,-0.8790386569529866,-0.13478617003801185,1,0,0,1,0,0,0.31207022561564,-0.45594442577913186,0.4570372624398156,-0.4858294140719209,0.07024047394883609,0.024806099075919918,-0.7463181721860799,-0.33344236327698507,1.9984367875249982,-0.9659768820230965,0.05173151351753618,-0.009707641185860748,0.3002032370626287,-0.538667924277977,-0.6852360850626225,2.175568231054499,-1.0835189928337328,-0.2215178387554639,-0.8569681418843186,0.8366905045627424,0.49954294281540634,-0.2287943594192471,-0.5456937753659491,0.23057356225621645,-0.28352255576942664,-0.8366905045627424,0.8569681418843179,-0.5646101035717058,-0.7097714541928067,-0.2912841940253525,0.8346217724489774,0.3079883877961804,-1.411204465048904,-0.05703537174666111,0.40038202722625016,0.20179139169817292,0.8061862574166584,0.12408133374116129,1.136440659999233,0.6376984542170299,0.7022880985276131,0.8552353928241243,0.03983423407198747,0.514734606344233,1.275769365336409,1
-0.9717058755587404,3.2220041591800292,0.714195681781868,3.2385003374973924,0,1,0,1,0,0,0.08492935954125552,-0.3902380809247305,0.16279408984011548,-0.41697010530764755,0.04897661550170073,0.02212294290530339,-2.771891125330825,-1.7985925091652348,-0.036075704056004014,-1.443044861116662,-1.0696003088498371,-1.3407534968950006,0.20352970314731078,0.3217660873273541,-1.1406273295356475,0.9450097215484959,0.23382945922891998,0.9094816554697435,-0.060099813059615065,-1.7690215962405291,4.175886968287334,1.325969244796408,0.9989603297539189,2.1813217989797598,2.2784646065374003,1.7690215962405291,0.06009981305961435,0.49378541408539117,-0.9349191994684248,0.6912576208925736,1.1188727833315248,1.178470679804488,0.29006520049738066,-0.9541866793037505,-1.0391903727935126,1.0079356506638961,5.802264855563769,2.476256109321323,2.5140463379506723,2.8160320437870197,3.9007567366232414,1.2041903675089267,-0.04248097655033679,-0.7656567202776299,3.007801926437751,1
0.2105061928741954,0.8256019238340739,1.0038746524609323,-0.8681093238500562,1,0,0,1,0,0,0.1858808555743153,-0.42338198939110994,0.8536258863785419,-0.5720482124406329,0.3200705866938139,0.11648060157198462,1.6547551877599724,0.9269859278169112,-0.6902882697559284,1.6894813119486618,1.1117427910728959,-0.24011274272638308,-1.1144173162151056,1.7165765885938693,0.9801258719523671,-1.1295631166937488,0.8773202843510381,0.34476646441374287,-0.16027754582615011,-0.16852382448162845,-0.5857942682697876,-0.2904486951072748,-0.19145480807524207,-1.4124444801149052,-1.1087227279180136,0.16852382448162845,0.16027754582614942,1.6357384726101538,0.9413120111617277,0.08171779126756346,-0.5220307794904515,-0.1699234587966153,0.8256500952063961,-0.05703537174666111,0.012804842605544792,0.20179139169817292,-0.49834537654397587,-0.17942508891434333,0.32447439948480933,0.1709126850234604,-0.4146374576327655,0.3476645205553221,1.2745623934068555,1.2941032399401495,-0.1469716669968365,0
-0.12359721776989524,0.7482986259196881,0.27967722576327125,1.7718540298733036,1,0,0,1,0,0,-0.016022136491804253,-0.3373241217941949,-0.822280879298011,2.007571942778952,-2.036012387973242,-1.8109199143208878,-1.196947402364884,0.508037709921786,-0.6525550153464631,-0.5534675897720168,-0.8809958866247202,0.6373006777616198,1.2308613971366116,-0.26836359941177707,0.03013169130066365,-0.6997811688543142,0.33792214112854624,-0.15149907412429442,0.46476756340334147,0.40825130337297294,1.3962387534183685,-0.6671124337167892,0.18885197864110262,1.08277681765663,0.9974284412555044,-0.40825130337297294,-0.4647675634033422,0.04814519612450831,0.491016520610491,1.4190663726836301,0.7700192699756713,0.8883099158017184,1.2982250023025865,1.4925896140337656,1.3416409041622488,1.4420133285685155,2.055205906953436,-0.17942508891434333,1.820681890769815,1.6620338921695847,2.1069066009717248,1.267636726542527,-0.4540570296619595,-0.32030321536567735,2.141785645887079,0
0.930113538876852,2.01091915852132,-1.6032360836506476,-1.161438585374874,1,0,0,1,0,0,0.7537330207602766,-0.5553761511782702,-0.38731271110714993,-0.0639938166840615,-0.8179291033850079,-0.37766732651655927,0.3594827916857544,0.16665422554290452,-0.8056111584482422,-0.04814942229291769,-0.6419237899084116,-0.7802908433271779,0.0676923306194612,-0.3589558354336673,-0.8603474214588004,-0.31257838617974837,-0.36658747458247704,-0.5928055515061631,-1.1676986894219978,0.09388569754642515,-0.8585340139381807,-1.0906153147739506,0.7871863085663111,-0.29845510141259673,0.2557731249105438,-0.09388569754642515,1.1676986894219978,-0.3974950218363748,-0.8598699510432187,-0.2639913658331881,-0.37990527404917784,-0.4942207832702994,-0.2140147004052217,-0.46483142063624716,0.06817301183707392,-0.046252995675895824,-0.859173275299045,-1.0899443568808573,-0.3597668312857729,0.08014878545804377,-0.0423289389126401,-0.4771381468814831,-0.12479618717266176,-0.09762646290970158,-0.20882997275045564,0
2.138025869667024,0.10410447663314094,1.0038746524609323,0.3052077222492148,0,1,0,1,0,0,-0.4955417426488382,0.07552105383965442,0.32910544826603294,-0.45747558105133773,0.8028326102745981,0.4116277803398027,1.675197219028167,0.02630503787614664,0.6145458354339913,0.513789263100117,0.5621357613182884,0.004486007474525191,-0.25962228811062826,3.014934319383127,0.001537032730380701,0.9737724659979026,1.664058469609453,1.4674282382099977,1.7079624107676439,-1.6878179449728916,0.6830843361597008,-0.0345647243674357,0.1384426736236537,0.9559557457509216,0.7018540420255885,1.6878179449728916,-1.7079624107676445,3.4740043716987956,0.340918023760079,1.0551619967881019,1.4677262966873774,2.2196357741673656,-0.18250970659880966,0.5954383064766764,-0.1532996650890431,1.3179911348814817,1.333550109443298,0.6552175733882943,2.130871248719146,1.8954267767663688,2.276137745844509,1.2993599060593275,1.2745623934068555,0.45906541823023866,1.770635811365363,0
1.6240206225222695,1.289421711320388,2.8867879618748513,1.0385308760612593,1,0,0,1,0,0,-0.6091121756860305,0.46510734633920237,-0.3233468040202586,-0.1044992924277517,0.5464568506828983,0.438459342045968,2.653756780311246,-2.5095365996425527,2.0815042974423053,0.5796169996057408,1.3973098574871021,0.8826074074092298,-0.754331197867819,4.159320728985718,-0.865030665401424,2.3382409118520875,0.8707716567834375,1.659889564928819,0.6912331826893887,0.5182145811312309,0.46583086199581747,2.5778490086283017,-0.4957794880929174,0.08041709638847422,-0.19601216046783168,-0.5182145811312309,-0.6912331826893894,5.284417757164882,-0.40957446049198204,1.8193611861687105,3.0440273570360477,3.414415390649356,-0.34003467563087314,-0.5463906304141645,-0.8730858650989243,1.814079909629618,0.77843026520473,3.159145560296209,1.1638103092300558,0.6895635396829819,0.6853649840403343,1.0455744699249259,-0.12479618717266176,0.1250502895462747,1.275769365336409,0
1.0843151130202777,-0.35971531085317227,0.27967722576327125,0.7452016145364414,1,0,0,1,0,0,-0.6722068607066928,0.5668649600517709,0.5337963509440852,-0.4985597064485092,1.3884596001264746,0.8212562890539259,0.05510820498735915,-0.6641277075538409,0.8319584390150552,1.2310134415802616,1.9308313594812965,-0.3567272021352289,-2.5002190588446833,-0.8295273295916561,-0.13335346683237798,1.02121484072132,0.23810188494746237,0.8071692463680962,-0.5609884768922861,0.06984818407820576,-0.90548323422297206,0.7779455452737979,-0.11109262756513645,-1.4269219879003547,-1.7221316653222192,-0.06984818407820576,0.5609884768922854,-0.7038726716844818,0.04072103005925432,0.5456958705343614,1.0284292798688959,1.0931292786272029,0.006520256239666901,-1.1173050988595852,-1.0391903727935126,0.7598912632898273,-0.6093693453916895,1.4898602356909325,1.8024354579492659,1.454573550305776,0.6684418695530556,0.6014499566897238,2.673920973986373,3.0198480714739637,1.3376276710900281,0
0.030604356373531493,2.4232034140647105,0.27967722576327125,-1.6014324776621007,1,0,0,1,0,0,-0.09173575851659908,-0.29778402046588254,-0.438485436776663,-0.0437410788122164,-0.3937786757750344,-0.19521270691463535,1.1790480388666045,-1.7907827727221943,0.85511592143623,1.2542461217317376,1.2199130005770498,1.4286549327381581,-0.5036519560800226,0.23236755865249636,-1.3402059584013528,1.2720910330132629,0.24151168321648392,0.41677009562555356,0.7976720237538307,1.1573935323539142,-1.407316072553454,1.1153166472712124,0.10935669703051541,-1.4549267423424823,-1.17905176650512,-1.1573935323539142,-0.7976720237538314,0.7568369316317458,-0.9349191994684248,1.961890400061128,2.4913170580977626,2.507900062588416,0.1745468898738673,1.4110304042558486,1.058648039201099,2.069014418875189,-1.3310251429018278,0.9587239960437993,-0.1681792866700104,-0.08841274230630035,-0.6515610604546642,-0.28679906978068154,-0.12479618717266176,0.514734606344233,-0.332546584257695,0
-1.460010860346257,0.6194597960623787,1.7280720791585935,-0.13478617003801185,1,0,0,1,0,0,-0.7731583567397526,1.8228446493040447,0.2267599969270068,-0.42854309837727333,1.8537396502128838,1.7330821943684427,0.945763976482211,0.359119480334526,0.31009248447294396,0.053305818937673194,0.09355475784429025,2.2031030459507,0.3721559572954586,1.0821148737812654,-0.569524346300826,0.9161352696410664,0.48366889051159917,0.7341575191865162,1.2718086794045298,1.7434054285905087,-0.2338714000347686,-1.0634397446822934,0.49672077980644364,0.4075850700559737,0.5951361581869986,-1.743405428590508,-1.2718086794045305,1.1900982546492709,-0.40957446049198204,0.48201260475264507,0.9121447754169449,1.0931292786272029,-0.2140147004052217,0.35076067714292497,-0.2086678343205727,0.6978801664463103,-0.24854144663662048,-1.0140677512169813,-0.0951935553878152,0.1709126850234604,0.3299795798074865,-0.2550758902638815,-1.3595243465075295,-0.8213259083916238,0.47161139053935697,0
0.15910566815972013,-2.318065524684276,1.4383931084795292,1.0385308760612593,1,0,0,1,0,0,-0.356733435603381,-0.07856904692509216,1.301387235986781,-0.6212334329865424,0.9710552904969962,0.41967724885165225,0.7788493843718631,1.7161476327352332,-0.4046306633166352,1.0804422070870876,0.7567845334180915,-1.4980374826788558,-1.4435454768171299,2.572103108512431,1.203852583127813,-0.5583830236477433,1.2650938337212334,1.3399122597156485,-0.5666803935267488,-1.4811177417461807,1.4870060915938823,-1.14947339342988,-0.007977416551165245,-0.20516232768642556,0.3243065711560352,1.4811177417461807,0.566680393526748,1.8307060679680403,0.641115017460903,-0.9918001176242447,-1.0905328012555453,-0.6136987449184976,0.06953024385249205,-1.4435419379712537,-1.4267675574142176,-0.6663639641110671,1.1022501743438944,-1.1911131644326922,-0.6243401071837319,-0.53358805922239,-0.5725865261806978,-0.011864847301746482,0.8904247438360077,0.1992758736982665,-0.8686519007890618,1
1.6497208848795075,-0.87507063028241,-1.6032360836506476,0.3052077222492148,1,0,0,1,0,0,0.3877838476404349,-0.47106269981642773,-0.5536240695330674,0.13969086134135208,-0.9306874737912196,-0.4702362144028295,-1.0598384027455172,0.8571892945973569,-0.3559613551360703,-1.8180968160142863,-1.8744227566694358,-1.0915825509953143,1.7845288719794885,-1.0375647890908166,0.6739410865463755,-0.14926509692821766,-1.5102838167295483,-1.373367311788681,-1.362410339024558,-0.13756642077256032,0.43700858633838546,-0.501379822111698,0.33661406990520754,0.9585599248264242,1.0960155096292863,0.13756642077256032,1.3624103390245568,-1.038102835155144,0.41596727218528484,-0.5005292101652823,-0.4961897785011287,-1.0233374705694662,-0.43454965705011084,0.02452383803125581,0.8433273810784847,-0.23228628620644656,1.4168180860790833,0.4275877563966659,3.380751896926743,3.114256285216244,3.494601988928559,2.4413943686641333,-0.12479618717266176,-0.2089648391376897,3.626384983973945,1
-0.2263982671988458,-0.6431607365392533,-0.4445202009343899,-0.13478617003801185,1,0,0,1,0,0,0.551830028694157,-0.5042066082828072,-0.7071422465416066,0.6101330296216397,-1.4697615442653722,-0.859293859142226,-1.6120702896898704,-0.44530945109469366,1.4359347795470307,-1.4500135552136668,-0.5580240183559069,-1.7271401000597406,-0.43612609511630485,-1.1247490778747804,-0.5435292791579925,1.3815489169919826,-0.7348577639135464,-0.2865139850353465,-1.0726104692356557,-1.2918110976951038,1.1177869538573462,0.06670549668007979,-0.5746475222333511,1.2302023865440976,0.4457334126626407,1.2918110976951038,1.072610469235655,-0.9545452942874786,-0.25947596364157,0.9641859028142197,1.6227723026233125,1.178470679804488,-0.37153966943728567,-0.46483142063624716,0.012804842605544792,1.3179911348814817,1.2780381250194413,0.27583454506891375,0.6437869738444144,0.22277777048941236,0.7192112130148905,0.5380035976561225,0.7806711296729086,0.18071947766026855,0.2860364732784985,1
1.0072143259485644,1.0317440516057692,1.7280720791585935,0.5985369837740325,1,0,0,0,1,0,-0.571255364673633,0.4011454177198736,-0.1826218084290977,-0.25957739956073705,0.5981129226364091,0.5091157878722031,1.519276498598106,0.8410156334417739,0.008811315726965422,1.7540604145388081,1.222147420368443,2.1820973557440406,-0.8720399248648755,1.946778246911253,0.17839120203666453,0.3531823425554964,1.2613698673511387,0.605541567230151,1.1921218465220598,1.7937886031270187,-0.1673930684659258,-0.9756119603824115,0.34286882971341853,-1.1188696890369714,-0.9976580210305772,-1.7937886031270187,-1.1921218465220604,2.387756340419144,0.5660657690356972,1.1643333095567605,1.1963957862994923,1.7417239275745686,0.006520256239666901,0.4323198869208419,-0.09793149585751397,0.9459245538203791,-0.6093693453916895,-1.317574173872486,-1.9563297030837987,-1.5276688639864726,-1.7684866166150421,-1.7143421480366898,-1.0302635040182315,-0.32030321536567735,-1.6934293108373202,1
-0.27779879191332196,0.5679242641194551,-0.15484123025532542,-1.8947617391869185,1,0,0,1,0,0,-0.7100636717190902,0.7238624212083051,0.12441454558798068,-0.41234090807979723,1.3323887394472682,0.8753666051613592,1.0154141563021355,0.4589603686027348,-0.2395399889063564,1.2967308867218195,0.6710485003879102,0.028063477233168432,-0.5887013020363667,-0.09788101405225201,1.0367297809665612,0.6609180005756957,0.15417871065001415,-0.2299251623367636,-0.604544012877736,0.6378546273322141,-1.5097596582035482,0.40863562640268924,0.9916180413617025,-1.5989187995955152,-1.0968730854722888,-0.6378546273322141,0.6045440128777353,-0.14682239923337803,0.8662627627365218,-0.20030810005147043,0.1627557467265941,0.22264698661889537,-1.0646495331783645,-0.30171300108041293,-0.04256332662598434,0.07776919801113909,-1.4420491117495413,0.19995793940503753,-0.4692454282090663,0.08014878545804377,-0.5669454880182719,-0.9847090191502859,-0.04248097655033679,0.29205785388825667,-0.7036964187794109,1
-0.25209852955608386,-0.2051087150244015,-1.168717627632051,-2.041426369949327,1,0,0,1,0,0,0.3499270366280375,-0.46292209071942225,-0.4768649810287978,0.025696879605538233,-0.763116606773838,-0.3758785557361482,-0.26598672641398774,-0.06647656147698718,0.14193166223302972,0.19497664207870624,0.17177391080808968,0.6128791686307775,0.13305057354586336,-1.3352204190014532,0.06784997287250734,0.5070805342858399,-2.0930622311857094,-1.6815076164806046,0.3041828515459622,0.5342092397142506,-0.9642754923304627,0.15921178021169555,0.31554169728558684,-2.3388455442202782,-1.864979405435439,-0.5342092397142506,-0.3041828515459622,-1.0778921403302228,0.7804921931077146,2.1611713678134397,2.167279109184035,0.9419530822560122,0.924665790026551,3.042214599814193,3.097602842647893,1.4685895129300228,-0.9701972441467586,-0.02767187758659086,-0.49661507743988936,-0.2699405414371327,-1.1423313805857394,-0.667477223982284,0.6160407084282594,1.0157572993701793,-1.136704559054746,1
-1.1516077120594044,-1.2100515879114147,1.7280720791585935,1.478524768348486,1,0,0,1,0,0,-0.11697363252486404,-0.279758386036799,0.5210031695267069,-0.49798105679502797,0.4093917626177467,0.16969653228921242,-0.6505792956120683,0.8627852202918771,0.5271667249800505,-0.47082279664691645,0.02164269851996206,3.278632382388461,0.9322382149271015,0.4586412097092889,0.0768482314313099,0.5659937305163182,0.9732669518719589,1.1679396695731266,0.9704170281043213,3.5092157361558383,1.3629152401415767,-1.107214920367236,-0.1518854582959414,1.6011260725069563,1.1121291982788128,-3.509215736155838,-0.970417028104322,0.4659329004628361,0.11577027848446049,0.14540105704928116,0.42116575661981864,0.8200367948598906,-0.05648973137315825,-0.05703537174666111,-0.4855086804782194,0.2638024885416898,1.4723300705029398,-0.9381911455531051,0.5160619441005718,0.35244048415429274,1.0069041592986248,0.41111087958892223,-2.2649916633530998,-1.378017789531564,1.708777505611744,1
-1.305809286202831,0.8513696898055362,0.27967722576327125,-0.4281154315628296,1,0,0,1,0,0,-0.23054406556205628,-0.21347056910404008,-0.6559695208720935,0.49440309892538203,-0.7344913508946546,-0.5462589725702978,0.3125622920527873,2.1248383912347975,-2.1427798549290578,-0.04976119405921864,-0.9069864007611683,-0.06113281476984341,0.6652972707951881,-0.41104607074017974,1.4953576094363468,-1.0742396692890088,0.22687351006393067,0.13506317976103607,-0.4291756706205317,0.3422733367180179,-0.8453378663846841,-1.4183909492830706,1.8497445768814016,0.2921880518310401,1.3109896486453936,-0.3422733367180179,0.42917567062053097,-0.5924626171942612,0.8662627627365218,-1.0099953364190213,-1.3360223106541085,-1.1940202729240363,0.1010352376589052,-0.7910682597479163,-0.7069813574043363,-0.8523972546416179,-0.859173275299045,-1.3934507795363622,-0.44187577897824326,0.5210020119186368,0.6176725260912207,-0.9212626601166852,-1.1948939252628807,-1.211010225189582,-0.023255055489598248,0
-1.5885121721324456,-1.596568077483343,0.27967722576327125,1.0385308760612593,1,0,0,1,0,0,-0.44506599463230834,0.016210901847185925,0.08603500133584588,-0.39729601708928375,0.5614524229798498,0.3195060851486352,-0.46328803557948073,2.000511080542016,-0.4987009705643387,-0.24963505860058469,-1.0083629142567174,-0.48958513606351156,1.1327794954563644,-0.4635874578757131,2.5058528563159514,-0.18052464980442381,0.04577604497714237,-0.7843723765567798,0.47177165472146704,-1.1356331163529647,0.1810021655294812,-0.23545585808616937,0.5003310700202731,0.38263160166801,0.5451342140681679,1.1356331163529647,-0.47177165472146776,-0.3139374809687093,2.7424939733666744,0.6639647927004092,0.459927258103802,0.4616029099152932,-0.2140147004052217,1.6557080335896,1.5077454118568363,0.38782468222872474,0.3343343898138759,-0.02767187758659086,0.6529101902546883,0.8321925247143505,0.9561348158367899,0.2207718024881207,0.5337254978059351,0.013711913318286572,0.5334696962929761,0
-0.5091011531284612,-1.8027102052550381,-0.15484123025532542,1.0385308760612593,1,0,0,1,0,0,-0.7605394197356201,1.3983700321030448,0.047655457083711085,-0.3729927316430696,1.6152504859778507,1.3637010282135673,0.2113520248468657,0.9530926575679607,0.31680481879168254,0.4715536695632418,0.04778778202285229,0.655097501656971,-0.13816816509551794,0.9717299303744695,0.4732197104317715,-0.0034753553683845324,1.2599334803226778,0.665339639168137,-0.3925077445122049,1.282759261399553,0.6770509614573476,-0.8340884657932329,-0.43657519729571526,0.6122898861999291,0.587448202712222,-1.282759261399553,0.39250774451220416,1.245803281894381,0.7912135143113154,0.9277954652246664,0.7829397704703327,1.3150169216881435,0.3215701943037938,-0.8726274695258333,-0.8177176958673952,1.13195784435093,0.6118943119331598,-0.7864379342253526,-0.02220782410562002,-0.24400799870415715,0.008440404549195996,0.506280418139323,-1.1948939252628807,-0.8213259083916238,0.5334696962929761,1
1.4441187860216065,-1.9830845670552713,-0.8790386569529866,-0.13478617003801185,1,0,0,0,1,0,-0.40720918361991093,-0.05531016379079078,-0.2977604411855021,-0.13574637371574128,0.15842303681168668,0.06237028546455131,-0.596214906446015,-2.4476004070326565,0.3526212486779599,-1.18680298134589,-1.038388020164464,-1.1296618317640374,0.8148794815641545,0.0055954425030785215,-0.7831223928514232,-0.27930526062259015,0.20114411132097948,0.4864549329277926,-0.08286747959746427,-1.4585370472760366,0.8346422411132148,2.574893549885783,-0.7627199106535817,1.8027453192759766,1.824883843502906,1.4585370472760366,0.08286747959746356,0.02029268250195297,-0.7097714541928067,0.09081540066495114,-0.06981326217730856,0.017827623793410803,0.6366201323679207,-0.22015379130249568,-0.2086678343205727,0.07776919801113909,0.8894542340524437,2.6280093206490753,0.3518440487156324,-0.11434528503927678,0.600749411603942,1.5214221626769286,-0.4540570296619595,-1.0440026608476,0.8427612250610729,1
0.2876069799459088,-1.235819353882877,-0.8790386569529866,0.3052077222492148,1,0,0,1,0,0,0.31207022561564,-0.45594442577913186,-0.5280377066983108,0.09629213733025545,-0.8359652222306702,-0.42506975219745124,0.3366216934463207,-0.34392115572483783,0.7578533742898445,-0.9340389316137051,-0.42994702601778395,-0.8330987375163201,0.15183642199130715,-0.6503828747645255,-0.8779638132787653,2.1313887642949347,-1.1584292802426046,-0.25103521191914213,-0.7989105922128035,-0.3438975164935092,-1.1179355642547448,-0.4074822952164871,1.105829206875034,0.11314769302996358,0.31386516649390755,0.3438975164935085,0.7989105922128035,-0.6481676444393714,-0.8598699510432187,-0.19121049065408274,0.9121447754169449,0.3421249482670949,-1.2851844898232538,0.10608304780917345,0.5664865349208381,0.2638024885416898,-0.9701972441467586,-0.17942508891434333,0.7350191379471587,1.2471132084419672,1.2269046476332444,-0.3502454288142823,0.6983559190505837,0.5704037944582268,0.6571863078002155,0
1.1614159000919912,1.0832795835486928,0.27967722576327125,-1.161438585374874,1,0,0,1,0,0,0.4256406586528323,-0.4797847809917908,-0.6175899766199587,0.45679087144909825,-1.1045213944868826,-0.7220057017456804,0.6506834443275002,-0.06628216995942757,1.0078264469531097,0.7643076129638983,0.5112117509489105,-1.0555768742393232,-1.0352875723734734,0.37325301773083697,0.785139726559928,1.0681940152183784,0.11620636279037748,-0.20760370356362348,-1.2094604077470812,-0.2401528516843389,-0.5318411513181618,0.8775101007536923,-0.3043005463143717,-0.9173020359646743,-0.8672849230700179,0.2401528516843389,1.2094604077470805,0.02029268250195297,0.26586877533487285,-1.0827762115981268,-0.44450777652248397,-0.3747428216220998,-1.852274378338682,-1.1173050988595852,-0.762349526635866,-0.9144083514851348,0.05677446769459199,2.1727496866658176,3.0979321882082353,2.401111360059402,1.7515211967388769,2.314501650596933,2.509290552741724,2.5744945665620116,2.512935480408796,1
0.8016122270906633,0.8256019238340739,-0.4445202009343899,-0.8681093238500562,0,1,0,1,0,0,-0.5460174906653681,0.1801860279440106,0.8536258863785419,-0.5720482124406329,1.148811865130176,0.5806666190886439,0.5091946887473614,-0.6596508547714202,0.9621725033229006,0.2738364905051357,0.541906735476627,-0.18214395165676062,-0.6679727956686324,-0.03912700837141175,-0.9610125175728869,0.8806160844884434,-0.6507782167842344,-0.13611024058548596,-0.13280945780952072,-0.11670382262079637,-0.7471428556215145,-0.057329743582400616,-0.430387806392618,-1.015235972022736,-0.837390454747851,0.11670382262079708,0.13280945780952,0.35452284597261524,-0.5596729573423944,1.6283113888235585,1.9328643144951818,1.5027680042781708,0.6366201323679207,1.0847935651441794,1.2862727349307197,2.00011320016017,-0.5816133531797613,0.19995793940503753,0.7988816528190786,0.4302381123532211,-0.025405824425361403,0.886958572340925,1.1922471827845313,1.2384340518261547,0.16231986177126023,1
-0.6119022025574117,-0.12780541711001567,0.27967722576327125,-0.13478617003801185,1,0,0,1,0,0,2.078721406194186,-0.6844629525736429,-0.5024513438635544,0.05925855950745297,-1.4004051235104358,-0.5721961488862576,0.18160254613044632,0.2690617272425559,-0.9360661472685904,-0.8027306743596556,-0.9102066350757148,-1.211169322372674,0.4085724270969128,-0.2836293549286572,-0.407354488945409,0.012593514349511314,-0.914074397545307,-0.8031257604827867,-0.946287449071263,-0.7133741297612541,-0.5359218706324792,-0.777374449205711,1.2922890491250894,0.17805682762254119,0.39921721448064545,0.7133741297612541,0.946287449071263,-0.4114212786476524,-0.5596729573423944,-0.646090960523493,-0.54141153023244315,-0.8441205280971675,-0.5605696322757617,-0.6279498401920818,-0.26403600355210183,-0.6353584156893081,-0.5538573609678327,-0.7864379342253526,-0.25028823436248077,0.4302381123532211,0.4822876101929924,-1.0798785577006862,-0.37174181903963527,-0.7099875321636356,-0.5181215015185524,0
2.0095245578808356,0.7482986259196881,-1.168717627632051,1.7718540298733036,1,0,0,1,0,0,-0.36935237260751347,-0.06693960535794147,-0.822280879298011,2.007571942778952,-1.665093381170349,-1.6029753110981069,-1.621829314205068,-0.47085866009744315,0.5144699516646151,-1.1454758941464387,-0.9168369145907255,-0.06252345437001022,1.0676301306435334,-0.9763860035075199,-1.2797853219341622,0.6971114323426305,-0.34082055357631985,0.0900522698465258,-0.088318892712161,0.002319067851812721,1.2795997508057098,-0.6357925532073178,-0.0027678984368327947,1.209512206255064,1.279851406193473,-0.002319067851812721,0.0883188927121603,-0.9545452942874786,-1.2351161931692491,-0.2639913658331881,0.12399424524260985,-0.01630893667750248,-0.4660546508565234,0.02452383803125581,0.06817301183707392,-0.10826409251941274,1.8609139614699375,-0.17942508891434333,1.6747104282054248,1.4156747362063122,1.9207523416116614,1.6165917012273294,-0.5363722402842841,-0.5986491559356475,2.079927340133461,1
0.10770514344524394,1.289421711320388,0.27967722576327125,1.0385308760612593,1,0,0,1,0,0,0.33730809962390496,-0.46234061864106474,-0.3233468040202586,-0.1044992924277517,-0.5345841547713328,-0.2748130066429257,0.15472651346899532,-1.7900374129409018,0.5039003178549138,0.3351549806900545,0.3743805369542894,1.4303979226196903,0.17391976448323776,0.5522496506823348,0.09508882427835874,0.2366719013384314,0.900891968861736,0.681286130359479,1.4967163042581422,0.4664671563038157,0.3366503605630479,2.552140422679042,-0.4510161789742709,0.4405362984296371,0.1784302710217391,-0.4664671563038157,-1.4967163042581428,1.106540713781605,0.7161642658861095,1.8739468425530403,1.7390568070752632,2.117226092754623,1.0146800580448727,0.9216751455883455,0.2342775195316623,1.5040244254120325,0.5841383197212315,3.007392348968456,0.9722227646142934,0.5599008260181015,0.7192112130148905,0.9821281108913258,-0.28942660841731066,-0.09762646290970158,1.3376276710900281,1
1.6497208848795075,1.5986349029779314,-1.6032360836506476,-0.4281154315628296,1,0,0,1,0,0,0.3877838476404349,-0.47106269981642773,0.44424408102243734,-0.48409346511147705,0.021786241359759772,0.011837510917940035,-1.5667063195815578,0.3379295871698931,0.32987839961566195,-1.2865865117881734,-0.6237224051128005,-0.843653320772869,0.3327081199957528,-1.0246499110118843,0.6106390182364841,-0.2236060800333177,-1.5964745651006518,-1.5372652424474775,-1.2923997644206735,0.13114384342216406,1.1547251572371646,0.14790579984330723,-0.6756573692117465,0.15505852332210723,-0.6899706307953855,-0.13114384342216406,1.2923997644206735,-1.0102503215325889,0.41596727218528484,-0.3640650692044592,-0.4186667755331612,-0.9892009100985523,-0.37153966943728567,0.18764225758709038,1.009431888773073,-0.17027518936292965,1.2225261405955843,0.27583454506891375,0.40658334717727845,-0.02358138547386016,0.04228663352375219,0.09387908442092041,0.6983559190505837,0.848749735028197,0.2860364732784985,0
1.0072143259485644,-0.23087648099586283,1.7280720791585935,-0.4281154315628296,1,0,0,1,0,0,-0.571255364673633,0.4011454177198736,0.5465895323614635,-0.49913835610199053,1.078779301381582,0.6942535636447436,2.2177844385032497,0.6041203632462149,-0.9045736274916503,1.5419043427650154,0.7706565331659556,1.707162970390874,-0.11982802730103607,1.9158824664743446,-0.01653705697307257,0.32640289771803693,1.2761455180655203,0.7420440720297055,1.5677883443965623,0.7734532878151856,-1.1695560622512822,-0.8457406182921243,1.5645858862081612,-0.8176092409186925,-0.2774296275855144,-0.7734532878151856,-1.567788344396563,2.443461367664254,0.41596727218528484,1.3462854975045246,1.338521291740765,1.8953384496936814,0.29006520049738066,0.5954383064766764,-0.09793149585751397,1.0079356506638961,-1.0257092285706153,-0.6346847228976005,0.7076494887163344,1.4805060930387524,0.9899810448113461,-0.6040308649486834,-0.28942660841731066,0.06938110143228039,0.9664778365683122,1
2.549230067382828,-0.2824120129387873,0.27967722576327125,-0.13478617003801185,0,1,0,1,0,0,-0.43244705762817587,-0.03786600144006476,-0.7327286093763631,0.722969712050491,-0.776975585135264,-0.587847893214854,1.782563360014023,-0.6569478724883714,0.18373115559780925,1.015200116489627,1.4036103048660677,1.786548826758932,-0.7162105496765663,2.4330985293924052,-0.2154006057990132,0.6698152767684221,1.6005168046272529,1.8073557688240374,1.627894984056482,0.8221130942085961,-0.047574362259523204,0.6858979736381299,0.42193311168087516,0.21557520385593085,-0.06023100449494276,-0.8221130942085961,-1.6278949840564827,2.0256736633259265,-0.3345252120667762,-0.43684594438356456,-0.04397226118798574,0.59814915179895,-0.43454965705011084,-0.46483142063624716,-1.0945585420250417,-0.10826409251941274,-0.22078545442469194,0.35171115073279,-0.6882026220556532,-0.38663698373552574,-0.2792525417345383,-1.0481553781838862,-0.5363722402842841,-0.2089648391376897,-0.20882997275045564,1
-1.1516077120594044,0.026801178718756015,1.7280720791585935,0.3052077222492148,1,0,0,1,0,0,-0.11697363252486404,-0.279758386036799,-0.68155588370685,0.5291220781342594,-0.9355171150992746,-0.6240705015181771,0.5492050283113628,0.8513131893559499,-0.9229824189997404,1.2173416508614294,1.1460288418422948,0.6999006305827266,-1.0097471381030994,0.21778936461147766,0.16463658698761452,0.2710494185834031,0.5572279653543427,0.9094816554697465,1.1169885469471594,-0.15323465775184336,-0.5460703940136951,-1.0035247504515716,1.5341264126367569,-1.0920123221061349,-0.6019618019378259,0.15323465775184336,-1.1169885469471603,0.4102278732177254,0.41596727218528484,0.7731361054690666,0.8087807714596554,1.0248561576853752,0.7626401075935709,0.5138790966987595,0.012804842605544792,0.7598912632898273,-0.24854144663662048,-0.6346847228976005,1.50136931641021,2.219583560928571,1.4976744794297,-0.2233527107470814,1.5215080252738291,1.5724491805101195,0.904619530814692,0
2.0095245578808356,-1.596568077483343,0.27967722576327125,1.0385308760612593,0,1,0,1,0,0,-0.34411449859924853,-0.0843837677086675,0.08603500133584588,-0.39729601708928375,0.4103288121104284,0.24214174889585868,0.1980784000070881,1.4682312310505956,0.49367166407668367,0.037900019519828465,-0.0315223453080183,-0.932941161738202,0.3059061369889317,0.4839654643644953,1.504134066163906,1.4219185039795887,0.36424356900220334,0.42966368822268597,-0.1934532884955867,-1.080555857232306,0.20813975262914178,-0.5083849539641672,0.7540252643102542,0.30997720667205275,0.46046355703594033,1.080555857232306,0.19345328849558602,0.35452284597261524,1.2415090048625523,-0.2912841940253525,0.459927258103802,0.59814915179895,-1.348194477436079,0.2692014673650073,0.40038202722625016,0.5118468759157585,0.3343343898138759,-0.3311783002420958,0.5525548097416701,0.8840576101803024,0.9730579303240674,-0.12818317219668063,0.4514102871836102,-0.04195727479570725,0.47161139053935697,0
-0.5091011531284612,1.4440283071491598,-0.15484123025532542,-0.8681093238500562,1,0,0,1,0,0,-0.7605394197356201,1.3983700321030448,-0.42569225535928473,-0.05242082361443573,1.1305482756863652,1.1159562751266412,0.8404199575288099,0.7876893303890182,-0.010620594229357695,0.9079812282865196,0.3502065242254445,0.02296567307804881,-0.8061085603813959,1.1588823570625975,0.14040100206343914,0.1727528086400431,1.397788635398338,1.0728433773370611,-0.060099813059615065,0.09092870184200141,-0.01068281255127077,-0.9404776842613674,0.18811862056943549,0.15939922230539963,0.5921371127542042,-0.09092870184200141,0.06009981305961435,1.4964759044973779,0.491016520610491,1.0642596061854894,1.002588278879574,1.605177685690913,0.5421051509486824,-0.9541866793037505,-1.0391903727935126,1.3800022317249987,0.0012624832707351544,-0.8623145398892288,0.0872707728176734,0.1709126850234604,0.22844089288381547,0.3476645205553221,-0.37174181903963527,-0.3759724034796717,0.038603250264021984,0
1.521219573093319,-1.235819353882877,1.4383931084795292,0.3052077222492148,1,0,0,1,0,0,-0.6469689866984278,0.5058103918242297,-0.5280377066983108,0.09629213733025545,0.35078296276608695,0.3145869655025049,1.2895596491717123,-0.8584296456614776,-0.6803206603416355,0.8862156620237824,0.5567731611664525,0.49662578783401345,-0.5144042926971529,0.6610969893605955,-1.4045186871017044,0.09704473525596571,0.9402951198122343,0.5083473750730334,1.078283513832815,-0.3920901182240855,-1.1326037612348383,-0.2287943594192471,1.0275417335377048,-0.2648396405982909,-0.22753010804855772,0.3920901182240855,-1.078283513832816,0.438080386840281,-1.3852146900196616,-0.5187244289600577,-0.39282577454383927,-0.01630893667750248,-0.655084613695,0.2692014673650073,-0.2086678343205727,-0.6043528672675491,-0.9424412519348303,0.12408133374116129,1.136440659999233,1.571269992604168,1.345366449044194,-0.28679906978068154,1.3568776040291806,1.2384340518261547,0.7809029193074537,0
0.8016122270906633,1.1605828814630785,-0.4445202009343899,0.3052077222492148,0,1,0,1,0,0,-0.5460174906653681,0.1801860279440106,0.41865771818768077,-0.4748350706557764,0.956154143578093,0.5055382463113811,-0.49253013162789416,-1.7301260632716178,0.22387456101300268,-0.8038273134886312,0.01679347660033781,0.4306634347077187,0.10921774859941577,-0.2524724684343214,-1.2587681312407966,0.9312351112568041,-0.7568264524395424,-0.23913534511226542,-0.12950004961474557,0.7158101325491454,0.4326076218741387,1.1136460374551063,0.6297574540943591,0.3354626869489708,-0.2553014626410384,-0.7158101325491454,0.12950004961474487,-0.03541234474315745,-1.009968447893631,0.9550882934168308,1.3514417922354265,0.9224464762726329,0.1325402314653172,0.5954383064766764,0.7325910426154264,1.1939689411944467,0.19555442875423396,0.7310941790521709,-0.6517097564145549,-0.2569742700706454,-0.11002139686175369,-1.4605567119022886,-0.5363722402842841,-0.26463402725168356,-0.5181215015185524,0
-0.12359721776989524,2.5778100098934824,-0.15484123025532542,-0.13478617003801185,1,0,0,1,0,0,-0.48292280564470574,0.05691394733221332,-0.8478672421327675,5.01076364434684,-2.204814089375725,-3.8286533546245165,-1.3887695631491674,-0.19225987088984633,0.5880407115841152,-0.7927717897388609,-1.0377484106706156,0.28146525437516456,1.011608910869371,-0.4881501856966676,-1.117708186052362,1.2157803483112153,0.40229463113379416,0.7734254555926803,1.37244176550182,-0.9772859963810728,1.4433639701085375,-0.855812817909809,0.41787064842702165,1.46989201235968,2.104223180937577,0.9772859963810728,-1.3724417655018208,-0.5089050763265954,-1.0850176963188372,-0.23669853764102378,0.4082452561251572,0.5640125913280355,-0.844114576533476,-0.5463906304141645,-1.0945585420250417,-0.5423417704240322,1.3613061016552261,-0.7864379342253526,0.06902433999712428,0.2746428559553643,0.8715192434003977,0.6014499566897238,-1.6887851889968277,-2.1017172350134863,0.5953280020465953,0
0.7502117023761872,1.109047349520155,1.7280720791585935,0.3052077222492148,1,0,0,1,0,0,-0.7353015457273552,1.0436720643049489,-0.2593808969333673,-0.2063416314404585,1.1543153755119726,0.9621219880112937,0.12489972150492651,-0.6609283416039109,0.8524295110034328,0.699208498541056,0.5913074306626468,2.480228514020067,0.08305414785148026,0.4688313550188344,-0.8193790683891138,0.8650920282685376,0.8233299769907534,0.6649232729387806,1.0187373090415193,2.3723646184089273,0.2947746627145332,0.08630892738231671,-0.2959656388466308,-0.12818566085354444,-0.11956046050258647,-2.372364618408928,-1.01873730904152,0.29881781872750485,-0.8598699510432187,-0.4277483349861756,0.05939174276930372,0.39332978897346543,-1.0646495331783645,-0.5463906304141645,-0.983822203561983,-0.35630847989348147,0.11228645211844858,-0.1035484832504671,-0.5331079430809875,-0.5940973255993336,-0.6007917169928287,-0.15990635171348128,-1.6887851889968277,-0.9883334727336057,-0.08511336124321738,1
0.030604356373531493,1.3409572432633117,0.27967722576327125,2.505177183685348,1,0,0,1,0,0,-0.6595879237025604,0.5290692749585311,-0.7455217907937414,0.9717890630474451,-0.3021483846076716,-0.34412787438385267,-2.8694140642517274,0.24933420473976703,-0.08539870442631768,-1.7387040976572399,-2.0711693364169976,-0.3350516476022255,1.8979437251446942,-0.43607211351090747,-0.9408387432504287,1.4963312876559456,-0.9084220357061032,-0.4225057871526175,0.6060821098378343,-1.0580753433055055,3.554271987885955,-1.2847306201565145,1.620411528279273,1.4481013237708227,2.2801269077830466,1.0580753433055055,-0.606082109837835,-0.11896988561082296,-0.5596729573423944,1.5191400760548999,2.217115325377728,1.6222459659263704,-0.15100471279239655,1.9003856629233515,1.6738499195514247,0.9459245538203791,3.4430055175498557,-1.1658209625447336,0.21499580256151593,1.0396528665781584,1.6499825098152057,-0.3185222492974822,-0.7010026615289333,-1.1553410370755877,0.8427612250610729,0
-1.3315095485600683,-1.596568077483343,0.27967722576327125,1.0385308760612593,1,0,0,1,0,0,-0.21792512855792381,-0.2204482340443305,0.08603500133584588,-0.39729601708928375,0.26007135552051386,0.1374986582418141,-0.2601794343588464,0.2622300108994686,-0.1497379394995175,-0.5866274922592967,-0.3332966244184759,-0.9309873234054842,0.13771168323493918,-0.20795911081529492,-0.348802784518242,0.8207608893224246,-0.22295526120659123,0.20857005034879605,-0.5609884768922861,-0.7133741297612556,0.1539955437264654,-0.7093418919815777,1.0294823194371276,0.5714172755056074,0.6369299945670441,0.7133741297612556,0.5609884768922854,-0.5646101035717058,-0.7848207026180125,-1.6195351660440314,-1.0388507992769007,-1.05747403104038,-1.442709458855317,-1.1173050988595852,-1.0391903727935126,-1.4725082230767892,0.25106641317809053,-0.5588081172337243,0.44307621281837667,0.9359226956462544,1.142289075196852,-0.5088613263982832,-0.04248097655033679,-0.3759724034796717,0.47161139053935697,1
-1.2287084991311177,1.4440283071491598,0.27967722576327125,-0.8681093238500562,1,0,0,1,0,0,-0.5081606796529707,0.09412816034709551,-0.42569225535928473,-0.05242082361443573,0.1652920781742089,0.11290306001116258,-0.7116392496633814,0.7464927699798458,0.24947352044157647,-0.7945415595922618,-1.3508433742749968,-0.004518846820638499,1.6109043402905905,-1.0012338029543941,0.07878426789823059,0.6143913784174105,-0.5399767224260876,-0.535226599322417,0.5493147279367994,-0.550966827225982,-0.010869318856959513,-0.9456604038799585,0.2763654237748,0.5379427127714366,1.2336179445814994,0.550966827225982,-0.5493147279368,-0.8988402670423681,0.19081952690966666,0.36374368258659734,0.6408142650290589,0.3762615087380082,-0.43454965705011084,1.3294711944779316,1.1201682272361313,-0.10826409251941274,-0.08200549336504998,-0.9381911455531051,-0.25028823436248077,-0.07544647093981212,0.1438253204474232,0.3476645205553221,-0.7010026615289333,-0.9883334727336057,-0.1469716669968365,1
0.7502117023761872,2.01091915852132,1.7280720791585935,-1.161438585374874,1,0,0,1,0,0,-0.7353015457273552,1.0436720643049489,-0.38731271110714993,-0.0639938166840615,0.9968359358155401,0.8521125850160159,1.004095274155148,0.729015670635112,0.03712379743431412,0.8003102654163402,0.32036245576526307,0.6257067005203989,-0.2529633837949789,0.4125749689021683,-0.686871163592291,0.8601684921922056,0.6329505423983446,0.5844375441129616,1.0713719007766844,-0.20918429502488586,-0.9839788733973475,-1.6886893398261373,0.8136369055727338,-0.45354461380586636,0.1541026277331742,0.20918429502488586,-1.071371900776685,0.10385022336961848,-0.8598699510432187,-0.9099216330477515,-0.37990527404917784,-0.11871861809024475,-1.2851844898232538,-0.30171300108041293,-0.762349526635866,-0.8523972546416179,-0.9701972441467586,-1.6210805965279906,-0.3597668312857729,0.09311505682453199,-0.093098282374475,-0.4771381468814831,-0.04248097655033679,-0.15329565102369538,-0.20882997275045564,1
0.15910566815972013,1.0059762856343069,1.4383931084795292,1.7718540298733036,1,0,0,1,0,0,-0.356733435603381,-0.07856904692509216,-0.5920036137852022,0.40181915436837584,-0.4017002774762786,-0.3709594360900179,0.41576195502015983,1.5095301148341043,-0.6348696958675931,0.026743960052829054,0.08996862411663868,-1.086475116700248,0.1680411270900463,2.6194055485608927,1.8696616287901338,-0.6988057085989976,1.5103076192765894,1.3919062796817248,-0.37315522795503414,-1.1117316642817359,2.039152041384224,-0.19889148001298732,0.16565579793534263,1.461465817326499,1.2419619518825062,1.1117316642817359,0.3731552279550334,1.8585585815905954,1.1664597564373458,-1.0099953364190213,-1.168055804223513,-0.6136987449184976,0.06953024385249205,-1.1988643086375024,-1.2052948804881005,-0.4803306735805153,2.2772538446488637,0.04820472807728505,0.7806352199985308,0.754394896515422,1.3622895635314727,0.506280418139323,-0.4540570296619595,-0.9326642846196119,0.9664778365683122,1
1.341317736592655,-1.3388904177687242,2.452269505856255,0.3052077222492148,1,0,0,1,0,0,-0.7226826087232228,0.9738954149020448,-0.23379453409861076,-0.2167573252031217,1.104213677733934,0.9165083331108127,2.379488004233344,-0.432231901686129,0.28559942899554025,1.157381949420925,1.7438296014651662,1.7116713523714213,-0.7424735141357853,3.3349433963374464,-1.190475350730283,1.4219185039795887,1.4390714625867729,2.6231172527806614,1.2104470415403286,1.1340089365774726,0.02350015413408535,-0.5993402227667972,1.0384669801273143,-0.1365897171895854,0.293899561352064,-1.1340089365774726,-1.2104470415403292,2.916954099247692,-1.1600669447440433,-0.2912841940253525,0.459927258103802,1.0589927181562884,-0.18250970659880966,-1.1173050988595852,-1.592872065108806,0.3258135853852078,-0.3595654154843339,-0.9381911455531051,-1.481922449749529,-0.8274902101961188,-0.8207922053274488,-1.4922798914190887,-1.4418395571298541,-1.211010225189582,-1.2604211705619852,0
2.574930329740066,-1.235819353882877,-0.15484123025532542,0.3052077222492148,1,0,0,1,0,0,-0.8236341047562825,5.032570521837633,-0.5280377066983108,0.09629213733025545,2.1334305513855543,3.7959820968774496,1.7187216239572254,-1.0049159035872617,0.04530161091275034,1.4412052307029357,1.96981774790159,0.834877236460172,-2.157891899958222,1.559565957992778,-0.9421139502240353,0.4542216095524424,1.6693742809576542,2.2997145701427715,1.3564759393421526,-0.20666334585120408,-0.8316243270145551,0.43548954125983497,0.3945200929044935,-0.29165232705418576,-0.3156358713740474,0.20666334585120408,-1.3564759393421533,1.3293608227620468,-0.9349191994684248,-0.2730889752305771,-0.0052107597040024186,0.6664222727407777,0.29006520049738066,-1.6066603575270884,-2.0911855881925696,0.2638024885416898,-0.8314172830871166,0.27583454506891375,-0.33239718205494984,-0.08841274230630035,-0.194636969298146,-0.667477223982284,0.36909507656128593,0.29205785388825667,-0.7036964187794109,1
-1.3315095485600683,2.5778100098934824,0.27967722576327125,-0.13478617003801185,1,0,0,1,0,0,-0.21792512855792381,-0.2204482340443305,-0.8478672421327675,5.01076364434684,-2.573196379523243,-4.04196427018853,-1.3645546008164746,0.46954434477223034,0.292291828536426,-1.374603808647573,-1.248800918869409,-1.8824894525067444,0.8298303589463691,-0.2786706489922387,-0.4453590962146898,0.7335021090292476,-0.3346157198305637,0.4735605626499055,-1.1598770966922176,-1.417139107414103,1.6190019603803607,-1.0906153147739506,0.3375261594571549,1.525201843574283,2.0858420741032466,1.417139107414103,1.159877096692217,-0.6203151308168162,-0.8598699510432187,-1.637730384838808,-1.0905328012555453,-1.1428154322176651,-1.1276595207911904,-1.5251011477491712,-1.3160312189511594,-1.3484860293897554,1.333550109443298,-1.0899443568808573,-0.3597668312857729,-0.1402778277722523,0.46536449570571364,0.28421816152172197,-1.3595243465075295,-1.8790404825575102,0.038603250264021984,0
0.7502117023761872,2.5778100098934824,1.7280720791585935,-0.13478617003801185,1,0,0,1,0,0,-0.7353015457273552,1.0436720643049489,-0.8478672421327675,5.01076364434684,-1.3801488435131979,-3.069767351035142,-0.6532528220363683,0.08908410027362383,0.4693356568135139,-0.16796216881733908,-0.4105561831091038,0.5988063909553784,0.47519556853874356,0.35126060476866855,-0.9587024006245112,1.0391478642153917,0.9588018900651131,1.2354299229081875,1.5427439112049275,-0.7133741297612556,1.2593394084858212,-1.0826777424598937,0.40264582279683353,1.177637595571383,1.7399000082235963,0.7133741297612556,-1.5427439112049282,0.04814519612450831,-1.0850176963188372,-0.9281168518425269,-0.3153027715758717,0.06903246449978255,-1.1276595207911904,-0.7910682597479163,-1.3713993881826885,-0.790386157798101,1.0004782029001573,-1.0899443568808573,-0.39625969692687113,-0.1402778277722523,0.3299795798074865,0.12560226393772106,-1.3595243465075295,-1.712032918215528,0.038603250264021984,1
0.31330724230314594,3.2220041591800292,1.0038746524609323,3.2385003374973924,1,0,0,1,0,0,0.13540510755778543,-0.4175672686075346,0.15000090842273722,-0.41697010530764755,0.005579849966177353,0.001104886235473924,-2.777688956278836,-0.8736441925444594,-1.8855132979040525,-0.9428856794618159,-1.6550297313039175,-1.521984413205956,0.8800687428799034,0.306986702988845,0.03844807955983281,-1.4813035973631634,1.0215763303679746,0.32417495145315856,-0.4194329849395745,-1.659816685915086,4.169181606664533,1.2376205138889265,1.0889925843285848,2.2867553249938646,2.468113451932498,1.659816685915086,0.41943298493957376,0.5494904413305014,0.340918023760079,0.9368930746220554,-0.06981326217730856,0.3421249482670949,1.7707999093987767,-0.22015379130249568,-0.04256332662598434,0.9459245538203791,5.968800808835339,2.476256109321323,2.742126748207533,3.0883237424832677,4.256142140856089,1.3628062650929278,0.03983423407198747,-0.6543183440496418,3.317093455205848,1
0.33900750466038404,2.371667882121788,-0.15484123025532542,-0.4281154315628296,0,1,0,1,0,0,-0.06649788450833415,-0.3140652386598935,0.44424408102243734,-0.4696272237744448,0.32711961850179816,0.12139972121811492,0.3058032470761848,-1.1772964686011713,1.3658532349914256,0.29702832585716665,0.7374190696902063,0.297281832762512,-0.05694579315556251,-0.3451299451669829,-1.0731027933072845,1.7414264483540591,-0.5814758688965358,0.2680142345769637,-0.23432195700141584,0.6378546273322141,-0.7700766338045989,0.5408655290758909,-0.1172014905181293,-0.9778476235160263,-0.6970171710813163,-0.6378546273322141,0.23432195700141514,-0.3417899945912644,-1.009968447893631,-0.054746349693259644,0.8475422729436388,0.5469443110925782,-0.8756195703398886,-0.13859458152457876,-0.04256332662598434,0.07776919801113909,-0.6093693453916895,0.8069707847160468,0.7715120035882557,0.585833368751077,0.12690220596014448,0.6966194952401235,-0.04248097655033679,0.29205785388825667,0.5953280020465953,0
-1.6399126968469209,-1.2100515879114147,0.27967722576327125,2.2118479221605303,1,0,0,1,0,0,1.3846798709669002,-0.6315489934431072,2.772603098985282,-0.7120814285831047,0.30367922074352893,0.06460624894006509,-0.3699570926835041,0.711610380640346,0.12028779279798327,-0.73270786901131435,-1.459088763465477,-0.16328864623537948,1.9041580854716382,-0.15678227288016164,1.2744338085395612,0.8209527013890834,-0.7134076182350731,-0.649282514174428,-0.1602775458261487,-0.06374491962016399,0.35777934337789935,0.299992232618819,0.6605408500995713,0.28243827846200215,1.262988850281049,0.06374491962016399,0.160277545826148,-0.32631637591206714,0.8162299304530506,-0.7471755093833623,-0.25070026910256554,-0.5074961123423212,-1.2606806057515985,0.3235742738836193,0.4434461588507728,-0.8937379858706291,0.3620903820258042,0.326418948844831,0.13592792700580353,0.46049274554169334,0.555621106304533,0.5168548113115892,-1.30464753942598,-1.4707997697215542,0.16231986177126023,1
0.9815140635913272,1.7274737328352407,0.27967722576327125,-0.4281154315628296,1,0,0,1,0,0,0.12278617055365294,-0.415822852372462,0.06044863850108935,-0.37357138129655093,-0.04689119309727327,-0.031092987811924405,0.9042753475127229,0.6334841000856933,-0.11670517181137086,0.19978923415725808,0.4237758110949797,-0.19115635183561006,-0.5992625349762641,0.10905623196631276,0.4382323184129209,0.6774354256227076,-0.7462508464204348,-0.5982684140769846,-1.0001237438140784,0.7311960875261709,-1.1484491812087385,-0.43046529165067476,0.8402971506399739,-1.0098719310838047,-1.1350219721005725,-0.7311960875261709,1.0001237438140778,0.10385022336961848,0.41596727218528484,0.03622974428062242,0.3824042551358344,0.0519641842643253,-0.5920746260821743,-0.30171300108041293,0.17890935030013266,0.2638024885416898,-1.1367331974183288,-0.5588081172337243,-0.5604775923118106,-0.07544647093981212,-0.4654068010946016,-1.397110352868688,-0.04248097655033679,0.3477270420022505,-0.8274130302866491,1
-0.1749977424843705,0.6194597960623787,-0.4445202009343899,-0.13478617003801185,1,0,0,1,0,0,-0.16744938054139394,-0.2675474723912908,0.16279408984011548,-0.41697010530764755,0.25973558547627684,0.11648060157198462,0.4412071010065945,0.24842748993451888,0.050643603888475455,-0.3121612100597733,-0.3155203747352091,0.7108525065423535,0.6661248904280406,0.19146057049558438,-0.3070401422951339,0.44768836898031883,-0.2705962979688025,-0.09553278264653976,-0.3305796915292576,1.2973829492468834,-0.4222040679932535,-0.648560600604943,0.38065213283718796,0.15339099880305837,0.3169227717636028,-1.2973829492468834,0.3305796915292576,0.27096530510494976,-0.18442671521636386,0.36374368258659734,0.5503707615664309,0.4103980692089227,-0.05648973137315825,0.10608304780917345,0.2896456887631914,0.38782468222872474,-0.3040534310604773,-0.482931511569848,0.5069387276902979,0.6376984542170299,0.6684418695530556,0.1890486229713212,-0.8656330827735822,-0.3759724034796717,1.0283361423219313,0
-0.09789695541265715,-0.978141694168258,0.27967722576327125,0.7452016145364414,1,0,0,0,1,0,-0.07911682151246661,-0.3105764061897483,0.07324181991846762,-0.38109382679180764,0.11779796866554852,0.055662395038009994,-0.673366484455857,1.0078494111654852,-0.7434626187495116,-0.27048317877800365,-1.1588770173921947,0.8812775057388745,1.7060052585403562,-0.3370833092367191,0.13509588728070276,-0.8073085785835301,0.3859572638220918,-0.03933131735714141,0.8668024050637274,0.3422733367180179,0.5995228173357087,-1.247968851932877,0.2050710410418118,0.7481139404380677,1.4681975035504622,-0.3422733367180179,-0.8668024050637281,-0.007559831120602114,0.641115017460903,1.5191400760548999,0.7829397704703327,0.9224464762726329,1.5817699465603012,1.9003856629233515,1.5077454118568363,1.5040244254120325,0.8339422496285867,-1.0140677512169813,0.890113816921823,0.8710913388138142,1.1592121896841308,1.3945294446097283,-1.1948939252628807,-1.211010225189582,1.3376276710900281,0
1.1614159000919912,1.9593836265783975,0.27967722576327125,-1.161438585374874,1,0,0,1,0,0,0.29945128861150755,-0.4448964562903387,0.6105554394483548,-0.5234416415482046,0.1500585385335177,0.06237028546455131,1.0237982349519263,-0.037085743118114856,0.3201404084401147,1.6681143995432162,1.3162082742455576,-0.1684659223032518,-1.5140999169707776,0.5735559145191182,1.1696014525149565,0.57028318915001,0.6438130326603736,0.032660328441007726,-1.2246659564705729,0.984841359792358,-0.8505260559286804,1.2225824058411905,0.13543694408985588,-1.6151209535563102,-1.6792487651839128,-0.984841359792358,1.2246659564705722,0.38237535959517033,0.8662627627365218,-0.45504116317834126,-0.10857476366129187,0.15437386567706757,-1.2536794960168407,-0.9541866793037505,-0.5408768497097485,-0.10826409251941274,-0.8314172830871166,1.0346006017076752,-0.21379536872138252,-0.11434528503927678,-0.7361766328910565,-0.6992004034990842,0.5337254978059351,1.2384340518261547,-0.3944048900113141,1
-1.7941142709903475,0.33601437037629844,-0.4445202009343899,1.0385308760612593,1,0,0,1,0,0,4.299654318921501,-0.7635431552302675,-0.1442422641769629,-0.28098743673954474,-1.316967371020076,-0.37006505069981244,-1.8543801713597463,-0.6611982705168603,1.2971820257983782,-1.981044084643569,-0.675494170988647,0.4218914716075241,1.0386321428594218,-1.6253879788524455,0.39225748434644925,0.9956969387555573,-1.3742529001257908,-0.6581223865920693,0.6912331826893887,-0.11014700605881247,0.9544922517871897,1.300470313466398,-0.77271188631886,1.3135771006042323,0.2356470878856644,0.11014700605881318,-0.6912331826893894,-1.555363802431169,0.13721292089166215,-0.5941046211098463,-0.029205974908372956,-0.5698088814558941,-0.8306124363307278,0.47892514965108013,0.17099961183848567,-1.277616204425736,0.9727222106882286,1.33810702436318,0.2606118846128881,-0.1921429132382052,0.3299795798074865,0.1890486229713212,-0.28942660841731066,-0.3759724034796717,0.10046155601764112,1
-1.0231064002732158,-1.0554449920826439,0.27967722576327125,1.7718540298733036,0,1,0,1,0,0,0.48873534367349464,-0.49432158295072914,-0.029103631420558513,-0.33017265728545425,-0.32699198043353456,-0.1250034537835029,-0.8774607318222879,1.406016733776055,-0.4145058053491105,-0.9488278429579069,-1.6999043969220946,-1.0048417489396932,1.5339894133052288,-0.8862916014314374,1.1443945436703788,0.006549112714818433,-0.6583641269641913,-0.9913715451936478,-0.5252107151899527,-0.8495867060811616,0.33455838206652694,-0.783372760461427,0.573224548623283,0.6289826040810899,1.2420776113896472,0.8495867060811616,0.525210715189952,-0.7595776989295921,1.3165582532877582,0.5547934799317504,0.47284775859846334,0.17144214591252482,-0.11949971898598452,0.4323198869208419,0.7879592118469556,-0.10826409251941274,0.8061862574166584,-0.3311783002420958,1.74769615948762,1.843561691300417,2.0561372575098895,1.489698983160128,-0.04248097655033679,-0.4316415915936655,2.141785645887079,0
0.5703098658755232,0.5421564981479937,-0.4445202009343899,-0.13478617003801185,1,0,0,1,0,0,0.3751649106363024,-0.46059620240599214,-0.2210013526812325,-0.24048196099585453,-0.4407107455688321,-0.16838114520847008,-0.29459678760878416,-1.9154808114164896,0.7666252025008305,-1.046472970635356,-0.5515728420504971,-0.6937537705813449,0.18782763657947857,-0.29721281862628235,-1.4685323771480752,0.04771691231007633,-0.5696763050064865,-0.15463844947152344,-0.30025191215747105,-0.6484112087471453,0.11267245803139815,1.1579140295481307,-1.0000514388447979,0.8488361981390791,0.5660973605008168,0.6484112087471453,0.3002519121574703,-0.20252742647848845,-1.3101654415944555,0.391036510778763,0.3565632541465125,0.10316902497069583,0.5106001571422693,0.02452383803125581,0.17890935030013266,0.20179139169817292,0.029018475482663446,0.9587239960437993,-0.25028823436248077,-0.7107937678977266,-0.36386811417093057,0.664896315723324,0.03983423407198747,-0.26463402725168356,-0.20882997275045564,1
1.135715637734753,0.7482986259196881,0.5693561964423357,-1.8947617391869185,1,0,0,1,0,0,-0.2810198135785862,-0.16578985867872228,-0.31055362260288033,-0.13921827163662903,-0.026433451076286654,-0.019913170434355545,0.3943195171655452,-1.0288622417519362,0.9449732932016797,-0.014396844719128474,0.11019648217981742,1.1741152978951297,0.25739295001666773,0.16087866348404617,-1.1885005255830519,0.7041545373450736,0.35304744511069464,0.08082792404213573,1.2800437928331125,0.33182138160436125,-0.3875628224422415,0.22153197948412084,-0.5842027469723144,0.36952501154984546,-0.06434808786455394,-0.33182138160436125,-1.2800437928331134,0.744458036688388,-0.7097714541928067,2.2287536090511795,2.3592408308190027,2.4415234172283062,0.4790951633358572,1.9819448727012692,1.3416409041622488,1.876091006473136,0.3065783976019474,1.413983630027056,3.398998329747291,2.440010174158866,2.4961382341791287,2.6951798047985354,1.3568776040291806,1.739456744852101,3.5026683724667045,1
-0.2006980048416086,0.026801178718756015,-0.4445202009343899,0.3052077222492148,1,0,0,1,0,0,0.5139732176817596,-0.5001363037343045,0.09882818275322415,-0.4042398129310592,-0.2452126560660591,-0.07223471576137783,-1.096656012437668,0.6121751042759557,1.2945301870473553,-1.074124873161348,-1.348639211078952,-1.8737272056840888,0.3451069251183973,-1.2055795379103917,-0.6195205365141736,1.5509069933282553,-0.7402492682265294,-0.35185744188354573,-0.38662849897585155,-2.172086992532613,0.320326011492193,-1.4608516159967322,-0.21115417331706884,0.7170549040214588,1.409776716804143,2.1720869925326127,0.3866284989758509,-1.038102835155144,-0.3345252120667762,0.9823811216089964,1.7390568070752632,1.2808803612172301,-0.5920746260821743,0.2692014673650073,0.5111183656893089,1.069946747507413,0.08453045990652028,-1.4693273852002382,-0.7064490548762022,-0.6978274965312384,-0.39771434314548676,0.4428340591057229,0.03983423407198747,-0.8213259083916238,-0.8274130302866491,1
0.544609603518286,1.109047349520155,-0.4445202009343899,0.3052077222492148,0,1,0,1,0,0,0.551830028694157,-0.5228137147902483,-0.2849672597681238,-0.1855102439151321,-0.5996798670759406,-0.2587140696192265,-0.6100647249795332,1.3867411665583482,-0.2511246775439225,-1.1977112966624293,-1.4183704171450433,1.272268596823374,2.7905564856011487,-0.5671406228739538,1.9208485032316773,-0.7135334488934357,-1.5153412499819836,-1.8254514649222886,0.34009473794071404,1.3979208031972914,0.2816296227445168,0.020918092116938458,-0.37373645630537866,0.11544424787775999,0.06175294814986624,-1.3979208031972914,-0.34009473794071476,-0.7317251853070371,1.1664597564373458,-1.0827762115981268,-1.232658306696819,-1.6548638392813753,-0.8126095827270634,1.5741488238116832,1.5077454118568363,-1.5965304167638241,0.27882240539001907,0.04820472807728505,0.0963939892279486,-0.11434528503927678,-0.0592520533999176,0.37938770007212164,-1.1125787146405561,-0.6543183440496418,0.40975308478573785,0
1.4441187860216065,-1.95731680108381,1.0038746524609323,-0.13478617003801185,1,0,0,0,1,0,0.021834674520593164,-0.3576756445367086,-0.2721740783507456,-0.18782484252905726,-0.26859833899446334,-0.12992257342963318,-0.06845715721582891,-1.6095370069192572,1.5350962593979276,-1.2310350974594697,-1.7991914195555105,-0.9488262896986167,1.6076949676910821,0.7301988464010679,0.26973048873914984,1.3608386117567386,-0.13738105868390152,-0.8128858429739699,0.05712944868845589,-1.3507461849940225,0.8247974271939683,2.47935013642626,-0.731016446585964,1.5268242907900647,1.5454121522852329,1.3507461849940225,-0.057129448688456604,1.050835686536495,0.641115017460903,1.1006500437750428,1.7390568070752632,1.5881094054554559,-1.411204465048904,1.247911984700014,1.3416409041622488,0.6978801664463103,0.8894542340524437,2.5521327149851984,0.37921369794645543,-0.07544647093981212,0.5330569536548284,1.4262526241265279,-0.37174181903963527,-0.9326642846196119,0.7809029193074537,0
0.31330724230314594,0.4648532002336079,-1.6032360836506476,-1.6014324776621007,1,0,0,1,0,0,0.4634974696652297,-0.483273613461936,0.32910544826603294,-0.44763853694215583,-0.07852949007904578,-0.025726675470691355,0.755597313338934,-0.07663362270401784,-1.1740671582075153,1.3020306905561991,1.3944060422012832,-0.3378703026221893,-1.3217627401357193,-0.40056525980386176,0.2666639806880428,-0.1865078625738307,-0.38299403294201056,-0.10701159055471386,-0.7896550408158974,0.3223554599919946,-1.4509165453553265,0.3723201740861542,1.4175667216152963,-2.1387297899380346,-1.9172721373036279,-0.3223554599919946,0.7896550408158968,-0.5367575899491508,-0.03432821836595151,-0.7734574920869285,-0.7416792878996918,-0.8355863879794388,-0.24551969421163483,-0.38327221085833024,-0.04256332662598434,-0.5423417704240322,-1.3310251429018278,0.5034643620605421,0.42482977999782756,1.130416766143575,0.05920974801103089,-1.175048096251087,1.6038232358961542,2.017802685422071,0.038603250264021984,0
-2.2053184687061513,-0.17934094905293926,-0.15484123025532542,0.3052077222492148,1,0,0,1,0,0,1.8263426661115367,-0.6652743739878442,1.339766780238916,-0.6247053309074302,-0.14582790336254256,-0.028857024336410634,1.1520769634828256,1.5114322576404795,0.015400505417701063,0.7441629720269642,1.258997504350864,-2.847188559820229,-2.8143726925527783,0.06692220218353793,1.3803605914421098,1.1185173467151173,-1.4956952345052545,-0.502306322170264,-4.63070887053273,0.7094550641890696,-1.5351231864841495,-0.6916732685845668,1.102949057221011,-2.488421957192413,-2.1271627738802756,-0.7094550641890696,4.630708870532729,0.0759977097470634,1.3165582532877582,0.08171779126756346,0.6537347655237203,-0.03337721691295973,-0.24551969421163483,-2.666930084640012,-1.648240234340335,-0.4803306735805153,-1.4266291160762479,-0.6009617870469885,0.19674936974096682,0.7486321092414274,-0.4033553813079138,-0.9635602328057525,1.1648087792437567,1.8074968636580926,-0.5249946466022879,1
1.6240206225222695,0.3102466044048362,0.27967722576327125,-0.8681093238500562,0,1,0,1,0,0,-0.00340319948767178,-0.3443017867344853,0.5210031695267069,-0.49798105679502797,0.31288604435409967,0.12005814313280666,0.10956207747102255,0.5794914049742893,-1.808361393971707,0.5290885911447814,-0.1642759363937963,0.10118841436865127,-0.5126652434670619,-0.546874041640117,-0.22987526025646163,-0.14767952186643388,-0.5727858766869112,-0.62944670289581806,-0.12752713319093578,0.2644887865563884,-0.6987788345466618,-1.0256541288942649,2.323686928707659,-1.2827292231190528,-0.4009654306335072,-0.2644887865563884,0.1275271331909351,-0.45320004908148526,-0.10937746679115769,0.36374368258659734,0.22735824919990022,-0.01630893667750248,0.19555021907814235,0.35076067714292497,0.4557501964577793,0.2638024885416898,-0.5816133531797613,-0.8623145398892288,0.48869229486974886,1.6879664349025603,0.9392117013495113,-1.1116017372174867,1.1099319721622063,1.4054416161681371,0.6571863078002155,0
-1.1516077120594044,-1.776942439283576,1.7280720791585935,1.0385308760612593,1,0,0,1,0,0,-0.1800683175455264,-0.2594068632942853,0.03486227566633282,-0.36547028614781285,0.18437391154867525,0.08294114943927802,-0.18920024330673513,0.9002161110209442,0.6061478489121473,-0.10266366416232323,-0.11850653920250762,1.3197346872978877,0.8362267130354026,0.3151126118375112,0.5915965548324023,0.32542699423005533,0.32560596498445704,0.46335812043977753,0.8615353283924961,0.9455004604204603,0.5779443528519908,-0.6429264221718106,-0.5016016703945219,0.46155728816457314,0.606443324204498,-0.9455004604204603,-0.8615353283924969,0.4659329004628361,0.7912135143113154,0.6184767457134681,0.705416767502365,0.8200367948598906,0.3215701943037938,0.6769975162545934,0.2896456887631914,0.38782468222872474,0.5841383197212315,-0.5588081172337243,0.1785029369204177,-0.11434528503927678,0.0761328624983096,0.8552353928241243,-1.0302635040182315,-0.7656567202776299,0.6571863078002155,1
-0.12359721776989524,0.5936920300909173,-0.15484123025532542,-1.8947617391869185,1,0,0,1,0,0,0.2868323516073751,-0.4448964562903387,0.23955317834438508,-0.43085769699119847,-0.033871690189320396,-0.009180545751889433,0.4451640156436579,0.40372791760204696,-0.45127290729419545,-0.01598149029768857,-0.10909024350488772,0.21180500488194817,0.2693148099355852,-0.9227670678590009,0.7915440993607085,0.49719790937704805,-1.7419848285271586,-1.5303231317993968,-0.1602775458261487,0.44783808336594555,-1.541029381818177,0.23882226534485054,1.1165411313433955,-1.70573237449485,-1.3522400256166915,-0.4478380833659462,0.160277545826148,-0.8988402670423681,0.641115017460903,-0.20940570944885942,0.07231224326396513,-0.6307670251539549,-0.7180946013078251,0.9216751455883455,1.1201682272361313,-0.4803306735805153,-1.46980510396147,0.04820472807728505,-0.47836864461934153,0.13201387092399572,-0.5669454880182719,-1.238494455284687,0.28677986593896093,0.5704037944582268,-0.8274130302866491,1
0.9558138012340891,0.23294330649045036,-0.4445202009343899,1.0385308760612593,1,0,0,1,0,0,0.21111872958258027,-0.4303596543314004,0.21396681550962854,-0.427964448723792,-0.0034163233687997986,-2.3669184983433978e-4,-2.246908495329465,-1.657087667052435,1.4107410746006241,-2.080111370752306,-1.5385225346265716,-0.49766359401688903,0.9605092234657181,-1.224431862333711,-1.466526369797976,0.6158409698038195,-1.870627161118958,-1.4223293570972055,-0.38485180389618157,-0.2970624528398517,1.9009430687696522,0.8052709038915589,-1.3096695259086872,0.9552143925324148,0.6115268623811719,0.2970624528398517,0.3848518038961809,-1.0659553487776992,-1.2351161931692491,0.900502637032502,1.1188727833315248,0.18851042614798086,0.1010352376589052,0.8401159358104279,1.1755363964676604,0.3258135853852078,2.16622987580115,1.1104772073715516,0.8444977348704508,-0.03654765684034838,0.34690269429476517,1.870377137361731,0.2044646553166367,0.06938110143228039,0.7809029193074537,0
-0.25209852955608386,-1.6481036094262664,-1.168717627632051,0.3052077222492148,1,0,0,1,0,0,0.26159447759911014,-0.44024467966347847,-0.054689994255315046,-0.3220715621367162,-0.2237743275282669,-0.08967523087038526,-1.5232607808506413,0.15333765130981414,0.0346997333230721,-1.6113818414542491,-1.4150889169299472,-0.5993074892171656,1.093319493728176,-1.3189777870316841,-0.049681603194914534,0.4574618861265202,-1.7317883260401805,-1.2940944910457977,0.4783555005605047,-1.2918110976951038,0.8002241322907447,-0.26023067806258054,0.4122693802004522,0.4596612505932795,0.5762535019027785,1.2918110976951038,-0.4783555005605054,-1.0999973098719333,0.4826777152299126,1.668745208367506,1.7017309167573538,0.744177771591193,0.7696412173283294,2.4078651904303925,2.2890517999017503,1.1043973568649224,0.7229182807808735,-0.2553016945782196,-0.031331040515893936,0.1838789563899486,0.36382580878204385,-0.1916295312302808,0.7806711296729086,0.18071947766026855,0.16231986177126023,0
2.1123256073097876,0.026801178718756015,0.27967722576327125,0.3052077222492148,1,0,0,1,0,0,0.03445361152472564,-0.36407183739864146,-0.11865590134220637,-0.2879312325813202,-0.12561868758514377,-0.05747735682298693,-0.8081260099685815,1.8898159412944247,-1.9144555015313456,-0.6627103074528096,-0.9741639665685415,-1.314369691992256,-0.22270502649675575,-0.9813555633968948,1.348146577434399,-1.2693526282217191,-0.9178063436397678,-1.0251711379041057,-0.946287449071263,-0.8541271252918234,0.14315997284329185,-1.2432880412597342,1.3415478297702648,-0.014802188572003256,0.26558078436736376,0.8541271252918234,0.946287449071263,-0.9266927806649233,1.2415090048625523,-0.009258302706318612,-0.6641562849317252,-0.9550643496276378,0.7626401075935709,-0.6279498401920818,-0.26403600355210183,-0.4183195767369984,0.5841383197212315,-0.8623145398892288,1.738572943077346,2.3233137318604746,2.174599058920838,0.062155904904119784,1.5215080252738291,1.127095675598167,1.708777505611744,1
-0.8689048261297889,-1.1842838219399534,0.27967722576327125,1.478524768348486,1,0,0,1,0,0,1.0565875088594558,-0.5995680291334429,1.3781463244910508,-0.6258626302143927,0.09017389496787881,0.022570135600406147,-1.1563199897169107,1.7071031073603515,-0.12600806151656102,-1.2197343023670415,-1.4947377161866895,-0.9441604372809745,1.422897359396384,-0.9591188886376578,3.571476089665618,-0.4056050013586888,-1.2111169220849876,-1.764080323046697,-0.5252107151899527,-0.7668246343931154,0.6495508010772897,1.234773755282754,-0.23533666858008118,0.4468595436401974,0.2209511521841483,0.7668246343931154,0.525210715189952,-1.17736540326792,1.6918044954137887,-2.1017084641056063,-1.9303653334085251,-2.1669122463450856,-1.8207693845322692,-0.22015379130249568,0.012804842605544792,-2.650719063103615,1.0837461795359422,1.8692432640103136,1.492246099999936,1.1174504947770867,1.2607508766078017,1.1724671879921262,0.8629863402952329,0.514734606344233,0.8427612250610729,0
0.7502117023761872,0.1298722426046032,1.7280720791585935,0.3052077222492148,1,0,0,1,0,0,-0.7983962307480176,2.035081957904545,0.17558727125749374,-0.419863353575054,2.158274147211419,1.8895996376544069,0.6972232243871306,-0.8464010442849313,-0.3939655210843021,0.2650950460493638,0.5330287809472144,-1.5530365517576414,-0.8113523089238114,1.2803603386611497,-0.659654350092108,0.10689677373867013,1.3845967545298545,1.508494908884187,-0.45503125954306783,-1.6668621640005967,0.3098150985590918,0.5008847489420822,0.645985013767128,1.0148161356979937,0.7797881529849003,1.6668621640005967,0.4550312595430671,1.6635909862327087,-0.3345252120667762,1.1552357001593716,1.0413497803635572,1.6393142461618264,1.1722050270769362,-1.0357458890816678,-0.983822203561983,1.814079909629618,0.41760236644966076,0.6552175733882943,0.48869229486974886,0.7673611678819103,1.1761353041714093,-0.3185222492974822,0.28677986593896093,-0.4316415915936655,0.038603250264021984,1
0.31330724230314594,-1.5708003115118816,1.0038746524609323,0.3052077222492148,1,0,0,1,0,0,0.13540510755778543,-0.4175672686075346,-0.42569225535928473,-0.004392902375488774,-0.5494052796954727,-0.3177435053727901,0.6671055992045007,-1.7351497348989957,-0.8756698351199829,0.7774929632379628,0.9629132402119718,-0.5129430454010263,-1.4096634706815003,0.30794313526296946,0.07050150947567789,-1.1497756283527678,1.1098645418336914,0.5639391434599547,-0.08286747959746427,-0.6174061782631385,-0.6199334224732264,2.452174329809994,0.041656377166501224,0.05017984746197297,-0.7012575601399024,0.6174061782631385,0.08286747959746356,0.5216379277079463,0.340918023760079,0.8368193712507843,0.046471242274642305,0.4957394703862077,1.518759958947476,-0.22015379130249568,-0.2086678343205727,0.6978801664463103,-0.6371253376036178,2.096873081001942,-0.2959043164138529,-0.23104172733766892,-0.194636969298146,-0.9529858396334858,1.2745623934068555,1.0157572993701793,-0.5181215015185524,1
2.138025869667024,2.371667882121788,1.0038746524609323,-0.4281154315628296,0,1,0,1,0,0,-0.48292280564470574,0.05516953109714072,0.44424408102243734,-0.4696272237744448,0.839699867446829,0.4053670826083641,2.5196151991979097,-0.5637402662199311,0.7141542848014174,1.7919748145081182,1.3593637652350339,1.019546359404444,-0.6990769846017175,2.762019440230074,-0.09441734232987781,0.9055780481624149,1.564376808414967,1.3993579186140628,1.4117422606640757,-0.009609152108407288,-0.7438089879237064,0.6791659863718179,-0.06625422684450474,-0.8696331014457027,-0.401038826349656,0.009609152108406583,-1.4117422606640766,3.111921694605578,0.19081952690966666,0.900502637032502,1.2868392897621204,1.9806798508709664,-0.18250970659880966,0.35076067714292497,-0.26403600355210183,1.2559800380379649,-0.6926373220274746,0.6552175733882943,0.05990112358685037,0.015317428625603584,-0.33002188519637315,0.3476645205553221,0.12214944469431245,0.1250502895462747,-0.08511336124321738,0
1.6240206225222695,-0.4885541407104817,2.8867879618748513,1.7718540298733036,1,0,0,0,1,0,-0.6217311126901629,0.44475582359668864,-0.041896812837936774,-0.3272794090180478,0.8613581313409676,0.594976785331932,2.369667978065026,-2.1610138170681377,0.9220154585815845,0.6738356565280158,1.559292359434532,0.5472062061455875,-1.1778840139684736,3.8823144729505645,-1.0887797549484592,2.190536274374056,0.997475506307841,1.9928618528081392,0.4073962731842086,0.3422733367180179,0.5840818698422359,1.8753436257909748,0.9408516816512374,0.07877113765205564,-0.08151471493184723,-0.3422733367180179,-0.40739627318420935,5.0894501618069965,-0.6347222057676005,1.9922157647190868,3.121550360004014,3.568029912768469,0.19555021907814235,-1.1173050988595852,-1.3713993881826885,2.2481575875342377,0.4731143508735179,1.6416134470186852,-0.1864257194905595,0.31354167005482897,0.3299795798074865,-1.1116017372174867,-0.6186874509066087,-0.5429799678216537,-0.3944048900113141,1
0.9815140635913272,-1.2100515879114147,0.27967722576327125,0.3052077222492148,1,0,0,1,0,0,0.12278617055365294,-0.415822852372462,-0.5664172509504457,0.18887608188726163,-0.798098589625658,-0.465764287451802,0.8144577582326793,-0.17076865171880598,0.644457649823323,0.1084525898052954,0.34651101608769713,-0.06545212119062048,-0.48549549609746057,0.14498267224963154,0.4052083732129036,0.6857498608742927,-0.39211680055731213,-0.29018654578439873,-0.29127919636700184,0.19961827368027837,-0.9876583610895332,0.6403141866926193,-0.19188272005335627,-0.5353287592661687,-0.7337919733556193,-0.19961827368027837,0.2912791963670011,0.15955525061472892,0.41596727218528484,0.11810822885711679,0.459927258103802,0.2738518273252659,-0.5290646384693491,0.2692014673650073,0.4557501964577793,0.3258135853852078,-1.0257092285706153,0.27583454506891375,-0.7794347861583975,-0.7496925819971905,-0.8884846632765624,-0.6992004034990842,0.12214944469431245,0.23638866577426285,-1.136704559054746,0
0.18480593051695732,0.6194597960623787,-0.8790386569529866,-0.13478617003801185,1,0,0,1,0,0,-0.7226826087232228,1.0378573435213736,0.16279408984011548,-0.41697010530764755,1.4269053115318553,1.1204282020776688,0.45920735121521766,-0.17760860368890202,-0.4060876791216724,-0.4236037979694365,-0.5569868978435976,1.366189784555753,1.1308671929637655,0.1984201292028047,-1.095489631747176,-0.28697215838576745,-0.23131165273544688,0.07122511766043019,1.0872846843245239,0.7849642097577141,-0.4402799450247424,-0.8536640819913701,0.26675611768886154,0.3428967271355846,0.7936477107185391,-0.7849642097577141,-1.0872846843245245,0.4102278732177254,-0.8598699510432187,0.8459169806481733,0.5503707615664309,0.4274663494443799,1.140700033270523,1.4110304042558486,0.8986955503100138,0.5738579727592754,-0.27629743884854874,-0.6346847228976005,0.7441423543574326,0.7803274392483975,0.8884423578876751,0.8235122133073248,-0.7010026615289333,-0.4316415915936655,1.275769365336409,0
-0.9717058755587404,0.0783367106616796,0.714195681781868,0.3052077222492148,0,1,0,1,0,0,0.08492935954125552,-0.3855863042978702,-0.8094876978806327,1.8513365363390037,-1.9230455100212887,-1.7272948803366728,0.1383125293512656,-2.1151514659559028,-0.5250885369031851,-0.04326586336652733,0.8813035867267115,-0.7280555041535327,-0.8367944281547702,0.5274974773009345,-1.416744636375097,0.3785122902343156,0.7679099693808263,1.5839779524793336,-0.22109974072011698,-0.7736968421314995,0.33474232504269447,1.4838480910013427,1.0981819686161443,0.8198957707601977,0.4007083488652322,0.7736968421314995,0.22109974072011698,0.6609004958207222,-1.2351161931692491,0.5547934799317504,0.6795757665130432,0.9907195972144606,1.0146800580448727,-1.4435419379712537,-1.5375038958772762,0.9459245538203791,0.917210226264372,2.476256109321323,2.130871248719146,2.5307740737242828,2.834600523924698,-0.12818317219668063,0.36909507656128593,0.013711913318286572,1.708777505611744,0
1.1614159000919912,1.3409572432633117,0.27967722576327125,-0.13478617003801185,1,0,0,1,0,0,0.29945128861150755,-0.4448964562903387,-0.38731271110714993,-0.055314071881842175,-0.5964371159004084,-0.2994086048735772,0.6210414990528013,0.8219345024630899,0.05028077866566047,0.13522124910845015,-0.14876538744926646,0.4745970086525655,0.29028837183645223,0.7215469586955742,0.6872337975365017,0.6361074792636209,0.8351344497398631,0.4605222602815429,-0.8773392119444982,1.517428063553434,-0.1426121028590997,-0.4396751674446605,0.5704911618364873,0.6454298408169391,0.6430126433924502,-1.5174280635534347,0.8773392119444975,0.5494904413305014,0.491016520610491,-0.3458698504096825,0.020630241285320403,0.3591932285025509,-1.0016395455655394,-0.9541866793037505,-0.7069813574043363,0.07776919801113909,-0.1375174777889068,-0.4070549059059717,0.023408257945752128,0.31354167005482897,0.5669031826293847,-0.3819686083310823,-1.3595243465075295,-0.9326642846196119,0.5334696962929761,1
0.18480593051695732,-1.8027102052550381,1.4383931084795292,-0.4281154315628296,1,0,0,1,0,0,-0.5207796166571032,0.13076090128362017,4.346164413322808,-0.7572161015546452,1.8252520588205157,0.6857569024377912,2.7258833985193527,0.8093253244822192,-1.0542688112839496,1.7919797092373146,1.109806078072199,-0.5586511238345961,-1.053627942538212,2.2437992010923566,1.5246893391083143,-0.4195834595890669,1.1743213522526899,0.9969935316042672,-0.35307242775419667,-0.41176056791003435,-1.5484294971484591,0.4165759024210553,1.019579870826978,-1.2564120273096924,-0.46943212075114554,0.41176056791003435,0.35307242775419595,1.6078859589875987,0.9413120111617277,-0.9099216330477515,-0.9613277963089331,-0.5112890635057554,-0.2140147004052217,-0.9541866793037505,-0.9284540343304539,-0.29429738304996345,-1.4767441020144518,0.19995793940503753,-0.48749186102961545,0.07690721761642194,-0.4315605721200442,-0.6992004034990842,0.2044646553166367,0.013711913318286572,-0.9975233711091026,1
-1.0488066626304537,-0.2566442469673251,1.7280720791585935,-2.334755631474145,1,0,0,1,0,0,-0.016022136491804253,-0.3344167614024072,-0.6559695208720935,0.4741503610535369,-0.9340719396396825,-0.6236233088230744,0.48489506601831306,-0.10492252501497809,1.3198701813608984,0.6564505713426205,1.1499761622841513,1.1456343234851136,-0.9895803799625009,0.394405948176863,-0.6508480722161326,0.6606492815596384,0.6910045181320789,1.3342120700074331,1.0782835138328166,0.4930801176436292,-0.2801726166783436,-0.5079958526947759,-1.140417938639553,-0.20163411959032063,-0.19242692910741613,-0.4930801176436292,-1.0782835138328173,0.7258896942733513,-0.3095087959250406,1.2189189659410893,1.428964795203394,1.7018979403585022,1.0146800580448727,-0.35608580759902425,-0.8177176958673952,1.4833540597975268,0.029018475482663446,-0.1035484832504671,1.4101371523074657,0.4950694691856613,0.38074892326932136,2.1558857530129325,0.4514102871836102,0.793080546914203,1.5850608941045057,0
0.5960101282327613,1.109047349520155,1.4383931084795292,0.3052077222492148,1,0,0,1,0,0,-0.24316300256618875,-0.19195610220481132,-0.7071422465416066,0.52044233333204,-0.9100069094367493,-0.5498365141311198,1.3361547533569744,1.7450474668233622,-1.8650118844357222,0.6096068356238149,-0.9614680459713638,-0.5765070622121712,0.9497278243866147,1.0371940263427295,2.4953748099683666,-1.6482864141640954,0.9371827696612057,-0.6673315487190672,-1.0618771407249559,0.266869946255213,-0.821603659918709,0.10467929213627772,0.8931648381924855,0.10575488542181287,0.5984361768106061,-0.266869946255213,1.0618771407249543,0.7723105503109431,1.9920014891146134,-0.5005292101652823,-1.2197378062021575,-0.8526546682148961,-0.11949971898598452,-0.5463906304141645,-0.09793149585751397,-0.4803306735805153,-0.6648813298155464,0.35171115073279,0.7532655707677065,1.143383037510063,1.1253659607095745,0.1890486229713212,-0.7833178721512579,-0.7656567202776299,0.9664778365683122,1
0.44180855408933456,0.5679242641194551,-1.168717627632051,-0.4281154315628296,1,0,0,1,0,0,-0.4198281206240434,0.00574440443675031,0.36748499251816774,-0.4557396320908939,0.6916351181611442,0.3566230788421639,-0.6449946551631384,0.8824013587780307,-0.4008162808376755,0.10694203254171149,-0.08881602532673687,-0.6525883007953569,-0.09133309829141441,-1.2045393907640314,0.003744885604334889,-0.23828952374524345,-0.3092369326245598,-0.05126249845257077,-1.3392924006938196,0.43824128821613356,-0.30668079768157386,-1.207372013106457,0.30847129252008976,-0.45110583554318284,0.06541733047209077,-0.43824128821613356,1.339292400693819,-1.1216603760228097,0.04072103005925432,0.1272058382545045,-0.018131260198663828,-0.135786898325702,0.4790951633358572,-0.7910682597479163,-0.26403600355210183,0.3258135853852078,-0.24854144663662048,-1.0899443568808573,0.22411901897178985,0.35244048415429274,0.1438253204474232,0.28421816152172197,-0.37174181903963527,-0.2089648391376897,0.16231986177126023,1
-0.2006980048416086,-0.2824120129387873,-0.4445202009343899,-0.13478617003801185,1,0,0,1,0,0,0.5139732176817596,-0.5001363037343045,-0.7199354279589849,0.540695071203885,-1.5088367747326599,-0.8025003868641762,-0.937456139913476,-1.1738402624065474,0.8431723919877441,-1.0109128382863288,-0.3544063554810117,0.35092746477956027,0.44162481849110247,-1.2791410783298502,-0.7484366584252441,1.5220368311009183,-1.1086687296136895,-0.51785412903231,-0.06904425348519984,0.5471004570796687,0.02545288895478607,0.8613651843262834,0.3768553242944183,0.26634109166133807,-0.0448381453538002,-0.5471004570796687,0.06904425348519913,-1.1216603760228097,-0.4846237089171882,0.9186978558272787,1.6615338041072958,1.0248561576853752,-0.43454965705011084,0.6769975162545934,0.7879592118469556,0.8219023601333442,-0.026493508941193386,0.7310941790521709,-0.15905607025973648,0.054216242725068246,0.1607484349347019,-0.6992004034990842,-0.37174181903963527,-0.15329565102369538,0.16231986177126023,0
-1.3315095485600683,1.109047349520155,0.27967722576327125,0.3052077222492148,1,0,0,1,0,0,-0.38197130961164594,-0.022747727402768866,-0.2849672597681238,-0.1855102439151321,0.13559032629477505,0.12587164816914248,-0.390789561456217,-0.29714567956910054,0.33944382174640214,-0.3725084410486964,0.16081459361216952,-0.07678947136297751,0.053566769029511255,-0.38186050295898777,-0.47879423457476106,0.6161024063735082,-0.5539609521110288,0.209001696791829,-1.2010128806784757,1.0864182721050466,0.1618518828460011,-0.07180378298475035,0.15509242595313913,-0.04606332584950955,-0.005017369707994529,-1.0864182721050466,1.201012880678475,-0.6203151308168162,-0.7848207026180125,-1.264728399545891,-0.806281790372998,-0.9550643496276378,-0.844114576533476,-1.1988643086375024,-0.8730858650989243,-0.8523972546416179,0.11228645211844858,-0.1035484832504671,-0.10431677179808911,-0.010615114107371936,-0.025405824425361403,-0.1916295312302808,-0.8656330827735822,-0.48731077970765985,0.22417816752487937,1
-0.1749977424843705,-1.95731680108381,-2.0377545396692445,-0.13478617003801185,1,0,0,0,1,0,-0.4576849316364408,0.014466485612113323,-0.2721740783507456,-0.18782484252905726,0.2700766546821054,0.1562807514361298,-1.129927325530594,-2.0543104671182184,0.8618354580072749,-2.593803846595294,-2.3493758667824154,-1.941069372459887,1.5086114790480232,-1.1276604513884265,-0.17745181214346026,0.38810463893184377,-2.448375861930642,-1.8384602526911764,-0.8856385367838302,-1.7690215962405262,0.4444464154216253,2.6418382565682172,-0.7881502092968847,1.0762940648403154,1.2594050802674206,1.7690215962405262,0.8856385367838302,-1.1216603760228097,-0.3345252120667762,-0.5460172571522233,-0.2765412700918884,-1.1940202729240363,-0.6235796198885869,0.10608304780917345,0.6218547041523672,-1.1004416420156866,0.5841383197212315,2.8556391376407038,0.5981708917930423,0.06718251409155555,0.49921072468027106,1.7117612397777302,0.4514102871836102,-0.32030321536567735,0.7809029193074537,0
0.46750881644657266,1.0059762856343069,-1.6032360836506476,1.7718540298733036,1,0,0,1,0,0,0.33730809962390496,-0.45245559330898666,-0.68155588370685,0.5001895954601949,-1.2577755292978527,-0.7345270972085575,-2.2558451031818008,0.5248814959279102,1.2066213108524602,-2.2358369586185027,-1.9815885372845143,-0.8430263158269349,2.03933668187251,-1.3582767014616925,0.3124636501988087,1.455646882439694,-1.8419821073029674,-1.5914947819646614,-0.36261672883974233,-0.7901484909597473,1.7796334533184368,-0.40739710006284685,-0.1867070191867938,1.193993560183285,1.0223772534167221,0.7901484909597473,0.3626167288397416,-1.2330704305130304,0.491016520610491,0.5638910893291381,1.2868392897621204,0.3421249482670949,-1.033144539371952,1.3294711944779316,1.7292180887829538,0.20179139169817292,1.8609139614699375,-0.2553016945782196,0.4613226456389258,0.28760912732185256,0.7699805564767266,0.6331731362065233,-0.4540570296619595,-0.8213259083916238,0.7809029193074537,0
0.33900750466038404,2.4232034140647105,-0.15484123025532542,-1.6014324776621007,1,0,0,1,0,0,0.2742134146032426,-0.4443149842119812,-0.4128990739419065,-0.01770184440555841,-0.6182241118885133,-0.3280289373601535,0.5944067252381391,-0.37998078799969043,-0.05977386464803682,0.4733201466873986,0.43285468238415786,0.5133991885115868,-0.27269289837496014,-0.5884199513219363,-0.43769191517157235,0.3056482705284417,-0.6556915198527133,-0.22649442432573538,0.6912331826893887,0.01465860574169185,-1.414479303127741,0.08306540423057829,0.3888599106844308,-1.2895974691299306,-0.78386000836655,-0.01465860574169185,-0.6912331826893894,-0.7038726716844818,-0.6347222057676005,-0.8280431484712572,-0.5607922809744348,-0.767313267037611,-0.5920746260821743,0.4323198869208419,0.12354118106860354,-1.1004416420156866,-1.3310251429018278,0.04820472807728505,-0.07694712256726609,0.13201387092399572,-0.39771434314548676,-0.1916295312302808,0.8629863402952329,0.9600881112561845,-0.2706882785040748,0
1.3670179989498932,-0.12780541711001567,2.452269505856255,-0.13478617003801185,1,0,0,1,0,0,-0.7353015457273552,1.0640235870474626,0.27793272259651985,-0.4401160914468991,1.5746179467907158,1.158439581161403,2.9096857250455366,-1.6067766258788794,0.8932945051896155,1.949822594282915,2.7077080946131766,1.1844084883316124,-2.019426224749799,3.0467659618417757,-0.9713291268019709,1.303568540413234,1.3315661825839624,2.1971564043062357,1.2589070016997488,0.36682327779893126,-1.0016961801557667,1.232295148228236,0.08879715330724076,-1.3137262997771413,-1.3750575486029153,-0.36682327779893126,-1.2589070016997495,2.7498390175123615,-0.9349191994684248,-0.1457224436671417,0.5374502610717695,1.0931292786272029,-0.2770246880180474,-0.8726274695258333,-1.3713993881826885,0.3258135853852078,-0.9701972441467586,1.0346006017076752,-0.23204180154193166,-0.1532440991387405,-0.6515610604546642,-0.6040308649486834,0.6160407084282594,0.9044189231421907,-0.45626319576493324,1
-1.2030082367738797,0.23294330649045036,1.7280720791585935,1.0385308760612593,1,0,0,1,0,0,-0.3188766245909836,-0.10764265084296887,0.21396681550962854,-0.427964448723792,0.4608458471019052,0.24795525393219447,-0.06918295304350186,-1.4666619716333953,1.6409954349091895,-0.02187484613928712,0.47239653928559483,-0.8213539193320023,-0.9903736219866727,1.8455642913180994,-1.2242524498375649,0.9781920553937242,1.1224252397612056,1.5415800595269302,-0.7279513648365089,-0.39825548305102343,1.9402666745711117,0.7866103553238799,-1.2603070540048509,1.1425291600721557,0.8909142467681251,0.39825548305102343,0.7279513648365081,1.245803281894381,-1.3101654415944555,-0.982702508226857,-0.39282577454383927,0.0519641842643253,-0.9701345517591269,-1.85133798686084,-1.8697129112664523,-0.5423417704240322,2.055205906953436,0.9587239960437993,0.534308376921121,-0.24400799870415715,0.2115177783965368,1.7117612397777302,0.03983423407198747,-0.15329565102369538,0.5953280020465953,1
-0.8689048261297889,-1.6481036094262664,0.27967722576327125,0.3052077222492148,1,0,0,1,0,0,-0.5081606796529707,0.12901648504854757,-0.054689994255315046,-0.3220715621367162,0.5713004465087606,0.3481264176352115,-0.2803186750326609,-0.22169665112820108,-0.22140275716935476,-0.003177805583636901,-0.049075124249131144,-1.047271554281182,-0.806420478750153,0.347646738447367,-0.5964084499401576,0.3524295064448391,0.5735771581252053,0.9016299801719615,0.20465562353765385,-1.6313284484388828,0.7371544662060999,-0.29318328137103516,0.6568226518918102,0.5730423018896897,0.9440662526271997,1.6313284484388828,-0.20465562353765385,1.1900982546492709,0.19081952690966666,2.974757579637013,2.7726968466481625,2.9706401045274737,2.243374816494967,0.10608304780917345,0.012804842605544792,3.1783240401869945,0.6118943119331598,-0.3311783002420958,-0.1864257194905595,0.1709126850234604,0.39767203775660004,-0.2550758902638815,0.6983559190505837,-0.04195727479570725,-0.023255055489598248,0
0.44180855408933456,0.8256019238340739,0.27967722576327125,-0.4281154315628296,1,0,0,0,1,0,-0.15483044353726144,-0.27045483278307847,-0.579210432367824,0.19350527911511192,-0.6023944159018695,-0.35754365523693526,1.06179229880842,1.0003962050545459,-1.540695857192552,0.9924184491955313,0.57216664826098,0.21973381376735196,-0.6702205057376488,1.3189939097114354,0.5942841022644678,-1.0477967198287716,0.8716496304406045,0.7598762904596953,0.6060821098378343,-0.3014141428425148,-0.15852486503101287,-0.7777344191622336,1.053248196101491,-0.4763804466291991,-0.0019733654382221417,0.30141414284251544,-0.606082109837835,0.8558680911786088,0.19081952690966666,-0.8917264142529749,-1.232658306696819,-0.8867912286858101,0.3215701943037938,-0.7910682597479163,-1.0945585420250417,-0.790386157798101,0.08453045990652028,-0.482931511569848,1.0634549287170376,1.519404907138216,1.1930584186586881,0.09387908442092041,0.7806711296729086,0.6817421706862145,1.1520527538291696,1
2.1123256073097876,2.01091915852132,0.27967722576327125,0.3052077222492148,1,0,0,0,1,0,0.03445361152472564,-0.36407183739864146,-0.3617263482723934,-0.08135330628850015,-0.3868766239991741,-0.21712514897467033,-1.0724850554550032,-0.3036934573615289,-1.6454924695522013,-0.709921253134815,-0.7208385034477707,-0.0944883998223257,-0.25929481167543345,-1.0307513744550898,1.694233758930586,-1.1845313521902703,-0.628222033886232,-0.6799451806810994,-0.35678002163742906,0.22497917377587734,0.4614019484085888,2.114074988201508,1.0591035570187968,0.3361235977248067,0.27329122989924187,-0.22497917377587734,0.3567800216374284,-0.9266927806649233,1.7668537438389946,0.3728412919839863,-0.3282232720705331,-0.5454256239766699,1.140700033270523,-0.38327221085833024,-0.26403600355210183,-0.23228628620644656,0.44535835866158957,2.020996475338066,0.0872707728176734,0.6247321828505417,0.7361343275021692,-0.9212626601166852,0.4514102871836102,0.6260729825722207,0.8427612250610729,0
-1.1773079744166424,2.6035777758649448,1.4383931084795292,-0.13478617003801185,1,0,0,1,0,0,1.3720609339627678,-0.6315489934431072,-0.8478672421327675,4.779303782954324,-3.411160606131587,-4.179252427585077,-0.3280110413643485,1.2382615393446144,-0.2620713423133933,-0.1202219388531006,-0.847938414104155,0.11421335100256022,0.9793155217406372,0.6567234876873869,0.9089344467936709,-0.05694080600766489,0.8526429185753656,0.5966409355788839,0.8763442106275502,-0.7133741297612541,1.1122977086516102,-0.7890022475814441,0.30104028569704144,1.007878205921816,1.6848652137948354,0.7133741297612541,-0.8763442106275509,0.911573118423719,1.2415090048625523,0.9186978558272787,0.7441782689863493,1.0931292786272029,0.6366201323679207,0.35076067714292497,-0.04256332662598434,0.5738579727592754,0.9449662184763004,-0.7864379342253526,-0.2046721523111086,-0.02358138547386016,0.38074892326932136,0.4428340591057229,-1.1948939252628807,-1.545025353873546,0.16231986177126023,1
0.31330724230314594,0.7482986259196881,1.0038746524609323,1.7718540298733036,1,0,0,1,0,0,0.13540510755778543,-0.4175672686075346,-0.822280879298011,2.027824680650797,-2.1475364874649885,-1.8882842505736643,-0.8183815656852562,0.7195143820710294,-1.1375345172105145,-0.31246211077349545,-0.8289332269379177,0.07572216455024319,0.90825722812828,0.07223595443481955,0.4490365091119748,-1.3569139947343918,0.9664521051240533,0.32008374337547807,-0.1227108960387,0.22497917377587734,1.210156803242501,-0.537721152496836,0.19148008823740564,1.380433517092108,1.3901532689845026,-0.22497917377587734,0.1227108960386993,0.2152602778598393,0.641115017460903,0.6002815269186915,-0.25070026910256554,0.13730558544161034,1.3927399837218248,-0.13859458152457876,-0.09793149585751397,0.3258135853852078,1.611110031562582,-0.17942508891434333,1.2459192569225261,1.1693155802430386,1.7515211967388769,1.0455744699249259,-0.8656330827735822,-0.8769950965056176,1.8324941171189824,0
2.3693282308821653,1.6244026689493918,-0.4445202009343899,2.9451710759725747,1,0,0,1,0,0,0.45087853266109723,-0.474551532286573,-0.6431763394547153,0.44521787837947246,-1.1907743066096708,-0.7090371135877005,-3.327080477598941,1.2683351116135098,-1.517421712155657,-1.528381076341099,-1.9016531063201316,-0.04452058849136647,1.7134411699823264,-0.8504169073920921,0.6481184395785218,0.08586479027412489,-0.9972050962049198,-0.5946090175409438,-0.1934532884955867,0.13114384342216265,3.776659840510733,-1.0915589198048707,2.1606521479017435,1.0759327278713944,1.8917221991377486,-0.13114384342216265,0.19345328849558602,-0.7874302125521474,0.641115017460903,0.10901061945972781,0.13691474573727128,-0.27233314020935756,0.16404522527173035,0.2692014673650073,0.40038202722625016,0.07776919801113909,4.664269174874705,-0.7105613285614767,1.6199711297437773,2.725268144221603,3.173062813670267,-0.12818317219668063,-1.277209135885205,-1.378017789531564,2.079927340133461,0
-1.6399126968469209,-1.2100515879114147,0.27967722576327125,0.3052077222492148,1,0,0,1,0,0,1.3846798709669002,-0.6315489934431072,-0.5664172509504457,0.18887608188726163,-1.3508872636043243,-0.6316727773349239,0.380647915074282,0.8281802022833921,0.8516200587200855,-0.38170180533563386,-0.47858178795361334,-0.15264951711350536,0.5958438211912037,-0.3314603121531004,1.575857987839288,0.9579251621419603,-0.7399327022689858,-0.8538347988907957,-0.18963998474047816,-0.020113106998745453,-0.8604914303340837,0.441956619940123,-0.20157074370899447,-0.2180500878152647,-0.21142373231338266,0.020113106998745453,0.18963998474047747,-0.3139374809687093,1.4666567501381707,0.018034525485845748,0.5116092600824467,0.17144214591252482,-1.0961545269847772,0.758556726032511,0.954063719541543,-0.29429738304996345,-0.9146852597229018,0.12408133374116129,-0.7429419205172992,-0.723760039264214,-0.7530997473783346,-0.4136917878478824,-0.12479618717266176,-0.15329565102369538,-0.9511296417938885,0
1.1614159000919912,0.0783367106616796,0.27967722576327125,0.3052077222492148,1,0,0,1,0,0,0.29945128861150755,-0.4448964562903387,-0.8094876978806327,1.8513365363390037,-2.0608559837991,-1.7729085352371536,0.4018727905119495,-0.4826752524271548,-0.011211329054359866,-0.012760710955176191,-0.15172649777948358,-1.617733415873994,0.011655037277567736,0.9506656234747867,0.7577732500136205,0.679331908198122,0.8775183550638642,0.4750853546574309,-0.9813771768947055,-1.2330774978741266,0.39107999174938013,1.4216075386472307,0.6979893156186964,0.8873710768588146,0.6610802590266981,1.2330774978741266,0.9813771768947048,0.6330479821981672,0.41596727218528484,-0.6733837887156574,-0.25070026910256554,0.10316902497069583,-1.2536794960168407,-1.0357458890816678,-0.762349526635866,-0.23228628620644656,0.8061862574166584,2.096873081001942,1.528738965641033,1.7268652490020249,2.073060371997167,0.2524949820049213,0.28677986593896093,-0.26463402725168356,1.0283361423219313,1
-0.25209852955608386,0.18140777454752677,-2.327433510348309,1.478524768348486,1,0,0,1,0,0,-0.6343500496942954,0.47382942751456536,-0.5408308881156891,0.13274706549957663,0.28248062895768555,0.26181822748037986,-2.1197831048535885,-1.2626859838695463,-0.7533251086245467,-1.2402457166990783,-1.2675554041174706,-0.33426729574304753,1.0126038598200693,-0.3143562878472368,-0.1956442223596067,-1.209672592727214,-0.37022215828058647,-0.5040560387417404,-0.3364521793121226,-0.12221154853286169,2.6335089096713062,1.5370840525971998,-0.1857836352804541,1.3083859945535166,1.1557714898177067,0.12221154853286169,0.33645217931212196,-0.09111737198826762,0.11577027848446049,1.0005763404037717,0.13691474573727128,-0.01630893667750248,1.6762849279795395,0.6769975162545934,0.954063719541543,1.069946747507413,1.916425945893794,0.9587239960437993,-0.9071598159022387,-0.8534227529290943,-0.3469449996836519,-0.3502454288142823,-0.9479482933959068,-1.0996718489615938,-0.3944048900113141,0
0.7502117023761872,0.43908543426214564,1.7280720791585935,-1.161438585374874,1,0,0,1,0,0,-0.7605394197356201,1.598977899136394,-0.438485436776663,0.008337390001099575,1.110896751962668,1.2232825219513024,0.867901469885917,-0.8091083876931253,0.7389603368362392,1.3934525763956003,1.2548649378388064,1.467841163697884,-1.0682303367329444,0.007383345531155524,-1.1299623255160145,0.6443406641286954,1.2379340789919986,1.4929326975449306,1.2994551316290601,0.7131765006161427,-1.1994607690812387,-0.021444797967359142,-0.3626833083003832,-0.654950290748694,-0.17382767403055555,-0.7131765006161427,-1.2994551316290608,-0.14682239923337803,-1.1600669447440433,-0.5824076947417753,-0.18609776662925942,0.3079883877961804,-0.5290646384693491,-1.0357458890816678,-1.5375038958772762,-0.4183195767369984,-1.0812212129944723,0.12408133374116129,0.4521994292286506,0.1838789563899486,-0.093098282374475,0.9821281108913258,-0.12479618717266176,0.23638866577426285,0.47161139053935697,1
-1.3315095485600683,-0.2824120129387873,0.27967722576327125,-0.13478617003801185,1,0,0,1,0,0,-0.38197130961164594,-0.022747727402768866,-0.7199354279589849,0.540695071203885,-0.7917689528053914,-0.4353551841848146,-0.29631126577909583,-1.0925738919191648,0.09454158594095939,-0.0677418112247996,0.5733341474529906,0.10508730505241183,-0.26662345470841586,-0.5254595446929274,-0.44365993344557225,0.4955130028352195,-0.12661028548355652,0.5400667685084547,-0.24687185720061178,0.38817105265189955,-0.11300495767441009,1.055143172951468,0.3687012656144073,-0.034029775155941154,-0.21809238730063726,-0.38817105265189955,0.24687185720061106,-0.6481676444393714,-0.6347222057676005,-0.8098479296764806,-0.4574282770171454,-0.47715250303484213,-0.43454965705011084,-0.6279498401920818,-0.5962450189412776,-0.4803306735805153,-0.16527347000083534,0.8828473903799233,-0.21379536872138252,0.002351157259115363,-0.008482709938082702,-0.667477223982284,-0.20711139779498602,-0.04195727479570725,-0.023255055489598248,1
1.0072143259485644,-1.95731680108381,1.7280720791585935,-0.13478617003801185,1,0,0,0,1,0,-0.6595879237025604,0.4999956710406544,-0.2721740783507456,-0.18782484252905726,0.7717760417240237,0.5296866518469299,0.9669225734417843,-2.3373078622793724,0.24820521888478023,0.19885832322281388,0.1473444325508533,-0.9808854075499057,-0.8993750488536318,1.8213248570565639,-0.5141514690867505,-0.38223029348377674,1.310459577884345,1.2755211779816413,0.3871222082195544,-1.7217537992339922,0.47531696127871126,2.692962737770233,-0.7234094319417639,1.0307845197106558,1.0537431915942872,1.7217537992339922,-0.3871222082195551,1.5521809317424884,-0.5596729573423944,-0.30038180342274146,-0.44450777652248397,0.06903246449978255,0.3845801819166189,-1.2804235184154193,-1.5375038958772762,0.139780294854656,0.5563823275093027,2.7797625319768278,0.40658334717727845,-0.0495139282068366,0.36382580878204385,1.2993599060593275,0.6160407084282594,-0.15329565102369538,0.5334696962929761,0
-1.4343105979890196,2.4232034140647105,1.7280720791585935,-1.6014324776621007,1,0,0,1,0,0,-0.7731583567397526,1.8024931265615312,-0.4128990739419065,-0.01770184440555841,1.269648225209414,1.3999236365168906,1.4234796087833004,-0.2953466852032531,0.4162959128259134,1.1623314331007688,1.056263048115919,0.8492090460323442,-0.8396673302235632,0.49082305378376645,-0.47623060733925776,0.7775050886082474,0.25833809521084905,0.41351123785568933,1.3724417655018215,-0.20295117893611228,-1.4889584351998093,-0.07170477372294332,0.212227172917733,-1.3140711457424818,-0.9694804537184013,0.2029511789361116,-1.3724417655018222,0.49378541408539117,-0.40957446049198204,0.13630344765189217,0.5245297605771081,0.615217432034406,-0.43454965705011084,0.9216751455883455,0.2896456887631914,0.07776919801113909,-1.3865371273256843,-0.02767187758659086,0.13288685486904556,0.22277777048941236,-0.33002188519637315,-0.0647368131630805,1.1922471827845313,1.1827648637121608,-0.2706882785040748,1
-1.2030082367738797,1.3667250092347738,1.7280720791585935,2.505177183685348,1,0,0,1,0,0,-0.3188766245909836,-0.10764265084296887,-0.7583149722111197,1.0614797593370449,-1.087010773287144,-0.903118743262296,-1.317416337754324,-0.36496706305891746,-0.08574455202910565,-0.18105090399468177,-0.27700429938216375,-1.220001146253161,-0.412731161955864,1.4485492411036598,-1.3119225357170636,1.005086882224899,1.2489818132846997,1.887026288741392,-0.31054414497595056,-1.3559421528355944,3.2792728210925275,-0.8133264486133912,1.1272310615099022,1.4830570769751303,2.202433046840418,1.3559421528355944,0.3105441449759499,0.911573118423719,-1.3852146900196616,-1.0099953364190213,-0.40574627503850064,0.08610074473523979,-0.8126095827270634,-1.85133798686084,-1.980449249729511,-0.4803306735805153,2.7491057122516462,-0.8623145398892288,-0.44187577897824326,0.1709126850234604,0.7699805564767266,-0.3819686083310823,-0.7833178721512579,-1.32234860141757,-0.023255055489598248,0
1.5469198354505571,-1.6481036094262664,1.4383931084795292,0.3052077222492148,1,0,0,1,0,0,-0.6722068607066928,0.5058103918242297,-0.054689994255315046,-0.3220715621367162,1.0275834022237833,0.6379072840617964,-0.01443916860512496,-0.8116439529103612,-0.628460393995416,0.19357563922517781,-0.473109546442026,-0.8235277354951489,0.035737484572478356,0.8550922478576156,-1.4089156418557907,0.07518206558929062,0.8654383609104889,0.46639132756954466,0.8285736227725414,-1.9449628406537391,0.8744761142484649,-0.29741396374286755,0.9346771375260324,0.5966456640580603,1.070405937036652,1.9449628406537391,-0.8285736227725421,0.438080386840281,-1.4602639384448675,-0.9918001176242447,-0.806281790372998,-0.4600842227993849,-0.9386295579527137,-0.05703537174666111,-0.4301405112466897,-1.0384305451721696,0.8339422496285867,-0.2553016945782196,0.0872707728176734,0.5599008260181015,0.7869036709640054,-0.2233527107470814,1.0276167615398821,0.1250502895462747,0.16231986177126023,0
0.44180855408933456,0.026801178718756015,0.27967722576327125,0.3052077222492148,1,0,0,1,0,0,-0.15483044353726144,-0.27045483278307847,-0.6175899766199587,0.3728866716943114,-0.6989001341655146,-0.4961733907187893,1.112219170236297,1.1456517972354885,-1.7982615061272023,0.9110907984866448,0.19766068360992237,-0.08626840311503833,-0.7061017620806255,1.2532425377168863,0.6999615683095471,-0.9735738600490501,0.8506529513998482,0.6905769481675383,0.6006469349749696,-0.7133741297612556,-0.29434265344980015,-0.8712369123738557,1.4799358827487845,-0.3873319848617768,0.4172454106733601,0.7133741297612556,-0.6006469349749702,0.7166055230658329,0.19081952690966666,-1.1009714303929035,-1.3618633116434313,-1.0233374705694662,0.038025250046078915,-0.9541866793037505,-1.2606630497196296,-0.9764194483286528,-0.10976148557697851,-0.6346847228976005,0.826251302049903,1.5453374498711925,1.2607508766078017,-0.09645999267988113,0.7806711296729086,0.45906541823023866,0.8427612250610729,0
-1.1773079744166424,2.01091915852132,1.4383931084795292,0.3052077222492148,1,0,0,0,1,0,1.3720609339627678,-0.6315489934431072,-0.3617263482723934,-0.08135330628850015,-0.9995216595664007,-0.42283378872193744,0.07127533809843527,-0.7393144241227843,-0.7193567248446896,0.4123640431096179,0.04608570588626928,1.2741390994361124,0.030304878190368794,0.545811797390143,0.9712129036498381,-0.08866044399119181,0.9138568765938362,0.4602292775617854,0.6286220997103051,1.1143140211580842,0.446258624188013,1.9876720153946712,0.8942895456251013,0.34908761678931743,0.3894106384345668,-1.1143140211580842,-0.6286220997103059,0.8558680911786088,1.391607501712964,1.1097476531724306,0.8863037744276221,1.263812080981773,0.6051151385615076,0.18764225758709038,-0.09793149585751397,0.7598912632898273,0.3343343898138759,1.717490052682561,-0.23204180154193166,0.2487103132223888,0.38074892326932136,-0.857816301083085,-0.6186874509066087,-0.15329565102369538,0.7190446135538346,0
0.6217103905899984,-1.2100515879114147,-0.15484123025532542,0.3052077222492148,1,0,0,1,0,0,0.17326191857018283,-0.42163757315603734,-0.5664172509504457,0.18887608188726163,-0.8318637936514541,-0.4702362144028295,0.18226212049107898,-0.9631805976393165,0.23669351784262005,0.08520491003183717,0.22068811187152249,-0.7575413240448418,-0.6447727728218603,-0.4905159558617112,-0.1845808442905655,-0.06465212274527374,0.10107878867011684,0.06677853581698608,-0.9306920144830665,-0.11014700605881247,-0.743557678818605,1.1370865599102287,-0.38853711650269784,-0.014878339901802687,-0.22170911100826843,0.11014700605881318,0.9306920144830657,-0.4253475354589299,-0.10937746679115769,0.21818193222838655,0.14983524623193267,0.18851042614798086,0.19555021907814235,-0.709509049969999,-0.3747723420151606,0.44983577907224165,-0.859173275299045,0.5793409677244183,-1.0166384128255321,-1.0349505520599276,-0.9731002357129547,-0.6040308649486834,-0.28942660841731066,-0.3759724034796717,-1.2604211705619852,0
0.7502117023761872,-0.12780541711001567,1.7280720791585935,-0.13478617003801185,1,0,0,1,0,0,-0.7605394197356201,1.598977899136394,-0.5152445252809326,0.08008994703277936,0.9787998169698778,1.1678306277585608,0.4625348843337055,-0.3190780227954285,-0.13785762527200496,0.9304062329755713,1.0726119745584273,0.7694029203265261,-0.7046857355421444,0.08020570188464428,-1.1240258893968926,0.8043089979219972,1.2328820244066656,1.6387086020919999,1.6035661060988957,-0.5410235229891278,-0.5630254237253333,-0.6880798610112124,0.9967089676521641,-0.03441408489348611,0.20543190206130452,0.5410235229891278,-1.6035661060988964,-0.09111737198826762,-1.1600669447440433,-0.6097005229339397,-0.1344157646506147,0.3591932285025509,-0.5605696322757617,-0.9541866793037505,-1.5375038958772762,-0.4183195767369984,-0.7481493064513315,-0.9381911455531051,-1.208225957441296,-0.5940973255993336,-0.5669454880182719,-1.4288335323854886,-0.8656330827735822,-1.1553410370755877,-1.569712699330082,1
-1.3315095485600683,-1.95731680108381,0.27967722576327125,-0.13478617003801185,1,0,0,0,1,0,-0.38197130961164594,-0.022747727402768866,-0.2721740783507456,-0.18782484252905726,0.1500585385335177,0.1276604189495535,-0.6454805298288473,-2.591271640110697,1.0928004421954356,-0.4976787177067037,0.19215632667084237,-1.202112735222961,-0.37419290602694594,-0.5222400786772947,-0.3095193352923605,0.3499428293103766,0.38197483944464394,0.9818810389384627,0.2654778184316193,-1.9028360638224084,0.375740256218094,3.246531972445921,-1.142236018413557,1.0510915522548903,0.7088030911724758,1.9028360638224084,-0.26547781843162,-0.6203151308168162,-0.4846237089171882,-0.6733837887156574,-0.40574627503850064,-0.23819657973844427,-0.18250970659880966,-0.38327221085833024,-0.5408768497097485,-0.35630847989348147,0.3620903820258042,3.0832689546323317,0.07814755640739948,-0.5292659687668935,-0.11002139686175369,1.0772976494417266,0.9453015509175579,0.06938110143228039,-0.08511336124321738,1
-0.9460056132015023,-1.4419614816545723,1.0038746524609323,1.7718540298733036,1,0,0,1,0,0,-0.5838743016777656,0.31392460596624344,-0.7966945164632545,1.7963648192582813,-0.923865887798175,-1.1468387620932972,1.8955746917040124,0.1559413565981822,0.4495039609618044,1.2815515390878311,1.5762458412453826,-0.08509574889203703,-1.8552087474361036,3.1770192424969728,-0.4215508486538058,1.4479064256028649,1.9056723180994475,2.2962083080628912,0.9153149533513734,-1.023858678725748,0.538597441208402,-0.6363347919549133,0.8405193490608924,0.1583385990244162,0.1926037003604338,1.023858678725748,-0.915314953351374,3.6411194534341274,-0.10937746679115769,1.0460643873907127,1.7390568070752632,2.6292744998183335,-0.05648973137315825,-1.3619827281933365,-1.7589765728033937,1.752068812786101,0.25106641317809053,-0.7864379342253526,-0.7611883533378483,-0.2569742700706454,-0.1777138548108673,-1.175048096251087,0.36909507656128593,-0.09762646290970158,-0.76555472453303,0
-1.6399126968469209,1.3667250092347738,0.27967722576327125,2.505177183685348,1,0,0,1,0,0,-0.0412600105000692,-0.32627615230540175,-0.7583149722111197,1.0614797593370449,-1.3697820598536676,-1.0712631966209316,-1.5068122583750776,0.5066236864797895,-0.05711092728246883,-0.7618598292425159,-1.0490132109756816,0.33544440874436915,0.9544123958717782,0.7845792728376848,-0.00142424057816308,0.5519260976190562,0.5259236597607333,0.9513086774737133,1.6643883009928626,-1.1932138872518323,2.8792014901517198,-0.6967836819936373,0.6327050513797352,1.5507203765197624,2.2925363170456357,1.1932138872518323,-1.6643883009928633,0.8558680911786088,0.11577027848446049,0.3728412919839863,0.6149732640397371,0.8200367948598906,0.25856020669096863,0.758556726032511,0.012804842605544792,0.38782468222872474,2.33276582907272,-0.7864379342253526,-0.5513543759015367,-0.16621037050522874,0.4484413812184362,0.030432725387320277,-0.9479482933959068,-1.4336869776455579,-0.023255055489598248,0
0.030604356373531493,2.01091915852132,0.27967722576327125,0.3052077222492148,1,0,0,0,1,0,-0.596493238681898,0.3720718138019969,-0.3617263482723934,-0.08135330628850015,0.4620820486998608,0.34902080302541705,-0.604668780241876,-2.1658348706205905,0.64919608783439,-0.7796425135447405,-0.02601840107343699,1.6566101795560957,0.5204210863626219,-0.2506175123089634,-0.9446033334093945,1.620465084109095,-0.25909835302245493,0.7214896229831878,0.8686312511301267,1.3979208031972914,0.5903925928334334,2.02639344716762,0.7409383322053932,0.7963292458206279,0.7382193859542561,-1.3979208031972914,-0.8686312511301275,-0.06326485836571254,-0.7097714541928067,0.8186241524560076,1.6227723026233125,1.4174266031008858,-0.05648973137315825,0.5138790966987595,0.12354118106860354,0.9459245538203791,0.5286263352973745,1.8692432640103136,-0.031331040515893936,0.35244048415429274,0.6684418695530556,-0.6040308649486834,-1.1125787146405561,-0.6543183440496418,0.904619530814692,1
1.6240206225222695,-1.2100515879114147,2.8867879618748513,0.3052077222492148,1,0,0,1,0,0,-0.6217311126901629,0.44475582359668864,-0.5664172509504457,0.18887608188726163,0.1876846167205568,0.19608090130027495,3.2608113595287627,-1.5196578689680393,1.477063669837797,0.7634885892135412,1.3826636664314857,-1.0892567978220695,-1.5886755748438315,3.7998773680923517,-1.1120101617440177,1.7807712009399115,1.2208505502249107,1.9045030522979416,-1.0827475017179835,-0.41176056791003435,-0.7374448787657908,0.9717907478068031,-0.22969219856943252,0.17915067935555043,0.06184606547963349,0.41176056791003435,1.0827475017179828,4.2260222395077855,-0.8598699510432187,0.9368930746220554,1.8295003105378922,2.373250296286478,-0.2770246880180474,-1.9328971966387571,-1.8697129112664523,1.5660355222555504,-0.8869292675109735,0.35171115073279,-1.2264723902618437,-1.1386807229918314,-1.0069464646875115,-0.7626467625326843,-0.5363722402842841,-0.7656567202776299,-1.3841377820692236,1
-1.4343105979890196,-1.3388904177687242,1.7280720791585935,0.3052077222492148,1,0,0,1,0,0,-0.7731583567397526,1.8024931265615312,-0.4001058925245282,-0.020016443019483566,1.2881924700219896,1.4017124072973015,0.7620757709786102,-0.14647707675518204,0.1919691684370924,-0.35846186754502596,-0.6946172439543659,0.3753629329971409,0.6501738623154479,0.3300926734614317,-0.515852315881053,0.8668479532277559,0.055031732046721495,0.18214952068025414,0.7547787594442794,-0.2366301126415829,-0.7298602005675813,-0.3157251411128439,0.608670310237262,0.5388273804919786,1.0808699911071797,0.2366301126415829,-0.7547787594442801,-0.03541234474315745,-0.7848207026180125,-1.155557086777232,-0.5995537824584191,-0.5454256239766699,-1.3796994712424915,0.18764225758709038,-0.1532996650890431,-1.0384305451721696,-0.7481493064513315,-0.4070549059059717,-0.378013264106322,-0.02358138547386016,0.19459466390925928,-0.1916295312302808,-0.28942660841731066,-0.4316415915936655,0.038603250264021984,1
1.3670179989498932,0.026801178718756015,2.452269505856255,0.3052077222492148,1,0,0,1,0,0,-0.7353015457273552,1.0640235870474626,-0.6175899766199587,0.3728866716943114,0.5581080779839983,0.5301338445420326,2.1537261053647936,0.3674074162003905,-1.035373076011142,1.5155028742209316,1.0878081773908996,0.09798106780152417,-0.7130909260109358,2.8213163127743672,-0.3497922315231268,0.17631137687342766,1.933254523764794,2.339839926407133,1.5427439112049275,-1.3964401374831386,-0.17578255984813887,-0.8546923878248758,1.5925656104640273,-0.1303645184705161,0.8701943681848467,1.3964401374831386,-1.5427439112049282,2.137083717816147,-0.5596729573423944,-0.8189455390738695,-0.6124742829530796,0.12023730520615308,-0.024984737566746233,-0.7910682597479163,-1.3713993881826885,-0.35630847989348147,-0.08200549336504998,-0.7105613285614767,0.40658334717727845,1.2082143943425034,1.0745966172477384,-0.2233527107470814,0.5337254978059351,-0.09762646290970158,0.47161139053935697,0
-1.5628119097752085,-0.514321906681944,0.27967722576327125,-0.4281154315628296,1,0,0,1,0,0,-0.3945902466157784,-0.015770062462478456,1.634009952838616,-0.6403288715514249,1.1193907686194995,0.4827314188611406,0.1243732033400804,1.3276684347259222,-0.33869966892502107,0.5087014197137502,0.09334272355231538,-0.42368502588491297,-0.04509877903948429,-0.6788478182062507,2.027846638315154,0.4728172210085214,-0.502888113261679,-0.7768003507454708,0.9304215895757753,-1.500636647135627,-0.8512407081556712,0.2091856532935091,0.9381495027211786,-1.1858780440767436,-0.8797444627506888,1.500636647135627,-0.9304215895757759,-0.7595776989295921,1.4666567501381707,-0.7097742263052108,-0.37990527404917784,-0.5454256239766699,-1.222174502210428,1.4925896140337656,1.0648000580046022,-1.1004416420156866,-0.5261013687559044,0.8828473903799233,1.9484069205136576,2.2584823750280347,1.480751364942421,0.41111087958892223,3.5793882908319428,2.68583294279,1.0283361423219313,0
-0.6890029896291251,-1.235819353882877,-0.4445202009343899,0.7452016145364414,0,1,0,1,0,0,0.7411140837561441,-0.5553761511782702,2.4271872007160686,-0.6958792382856287,0.4631614130039177,0.11066709653564881,-0.7627221133685356,1.8664488361277758,-1.581329981625932,1.074969919170314,0.9982195005769118,0.7536069453847529,-0.6014018880425496,-0.5103137167165489,-0.06664185594388441,0.5416697214666149,-0.4969780584680007,-0.31302736721105245,-0.37315522795503414,1.3979208031972914,0.5506842124537568,-2.6285199506224295,2.7060568913957725,-1.9450099450796792,-1.6033445377614053,-1.3979208031972914,0.3731552279550334,-0.20252742647848845,0.41596727218528484,1.5191400760548999,1.6227723026233125,1.2979486414526862,0.5736101447550955,0.5138790966987595,0.7879592118469556,1.5040244254120325,0.3620903820258042,-2.4557232588306284,-0.44187577897824326,0.9359226956462544,-0.008482709938082702,-2.4439752769230942,-0.20711139779498602,0.5704037944582268,-0.45626319576493324,0
-2.076817156919963,-0.8235350983394863,-0.4445202009343899,0.3052077222492148,1,0,0,1,0,0,3.353234043611566,-0.7362139675474634,0.8280395235437853,-0.5668403655593013,-0.6184507523305706,-0.12813380264922217,-0.9491554063635247,-0.7550502035704415,-0.9238525520018875,-0.8321730454263895,-0.8344954290547922,0.18904021746586402,1.3646024555003582,-0.5899598810750915,-0.5855432797680457,-1.30173516683651,-0.7578389482011952,-0.6964115657803643,1.1921218465220598,-0.924503623057108,0.7303427356679082,0.4497456965345648,-0.04518091597950123,0.37275196861729626,0.404974579518339,0.924503623057108,-1.1921218465220604,-0.20252742647848845,-0.03432821836595151,2.02860620230864,0.8604627734383002,0.47867119015075044,2.7159497235911574,2.3897409215908554,1.784586258014483,0.7598912632898273,0.6118943119331598,0.35171115073279,-0.1681792866700104,-0.16621037050522874,-0.008482709938082702,0.030432725387320277,-0.12479618717266176,-0.5429799678216537,-0.08511336124321738,1
0.31330724230314594,-1.5192647795689571,0.27967722576327125,-1.161438585374874,1,0,0,1,0,0,2.2806243982603056,-0.6978368103758661,1.8642872183514247,-0.6600029597697887,-0.10878830278995827,-0.026621060860896863,0.2762972089608412,0.9016796225621867,1.4048445364795907,2.3238010312274193,1.4748615521547457,0.47364849588482283,-0.44813644016559445,-0.8747846240980627,1.586411349993433,1.014972868749394,-1.690420469742972,-1.8116423420715193,-0.7581467807413153,1.3979208031972914,-1.2582724840058241,0.35164848551181255,-0.9005196944553318,-4.815497275397555,-3.686108390031058,-1.3979208031972914,0.7581467807413146,-0.9266927806649233,1.0914105080121401,-0.7188718357025985,-0.1344157646506147,-0.7843815472730677,-1.6947494093066184,0.758556726032511,1.3416409041622488,-0.6663639641110671,-1.3032691506898992,-0.17942508891434333,-1.3541974200056863,-1.5276688639864726,-2.8854121727754207,-0.5405845059150832,-0.20711139779498602,0.5704037944582268,-2.3120123683735136,1
-2.076817156919963,0.4648532002336079,-0.4445202009343899,0.3052077222492148,1,0,0,0,1,0,3.353234043611566,-0.7362139675474634,2.503946289220338,-0.6987724865530351,-0.16466600514505758,-0.026173868165794107,-0.6171537714199432,0.013837619334173228,-2.0902515175671397,-2.74333183753664,-3.0918032794104,3.401511165887187,2.9813489214758904,-0.6252684571639939,-0.5915938329368959,-1.1862275452477393,-0.6691433612825768,-0.4525240635882094,1.139396724013358,3.5092157361558383,0.23340646726320227,-0.6116382817234981,1.6653995647290027,3.0425532247809772,3.577694015850682,-3.509215736155838,-1.1393967240133587,-0.3417899945912644,-0.18442671521636386,1.4615218832047765,0.5029955930860064,0.19419985289313407,2.3273881333120685,1.9547584694419635,1.397009073393778,0.44983577907224165,0.6396503041450882,-0.17942508891434333,1.5652318312821314,2.3622125459599386,3.883833622135963,0.41111087958892223,-2.676567716464722,-2.213055611241474,4.492401264524615,0
-1.1773079744166424,0.20717554051898904,-0.4445202009343899,-1.161438585374874,1,0,0,1,0,0,0.8420655797892039,-0.5739832576857113,0.4954168066919504,-0.49161591060673376,-0.16066966861924656,-0.06150209107891172,-0.05804190575710836,0.11535571080417652,1.0002784800029605,-0.35313461996472284,-0.9328770033039948,-0.5755426426467604,0.26724752545598934,-0.6752102338622409,-0.14546997154835042,-0.04556398027955537,-1.018195001197483,-1.9985447374681908,-0.9237009575987005,0.13114384342216265,-0.5939534270637392,-0.3040579573628931,-1.4132015976989334,-0.5325626446018311,-0.738404158121123,-0.13114384342216265,0.9237009575986999,-0.7038726716844818,-0.25947596364157,-0.3913578973966235,-0.354064273059855,-0.71610842633123994,-1.348194477436079,0.35076067714292497,0.954063719541543,-0.790386157798101,-0.49834537654397587,-0.17942508891434333,0.3700904815361815,-0.4514683405679659,-0.6177148314801074,1.2041903675089267,0.9453015509175579,1.127095675598167,-0.023255055489598248,1
-1.1773079744166424,0.6452275620338409,-0.4445202009343899,-0.13478617003801185,1,0,0,1,0,0,0.8420655797892039,-0.5739832576857113,0.03486227566633282,-0.3706781330291445,-0.43381772805735874,-0.15496536435538744,-0.22386326124156028,-0.08800217223207112,-0.16119316961420382,-0.547861833533722,-1.2025782961519593,0.18107254187023353,1.2935365654592406,-0.724217741794189,-0.31964628639056125,-0.06624380491546619,-0.6432673375102651,-1.5893723125693873,-0.7613439424253534,1.002053003267564,-0.4123425202110051,-0.19942888953977486,0.15378782745391353,0.10227311151603641,0.011697965425532383,-1.002053003267564,0.7613439424253534,-0.7038726716844818,-0.3345252120667762,-0.11842961547497735,-0.1344157646506147,-0.3747428216220998,-1.0646495331783645,0.35076067714292497,0.8433273810784847,-0.6043528672675491,-0.38732140769626244,-0.17942508891434333,0.03253147435602734,0.10608132819102022,0.1438253204474232,-0.1916295312302808,-0.7010026615289333,-0.32030321536567735,0.34789477903211874,0
-1.7941142709903475,0.20717554051898904,-0.4445202009343899,-1.161438585374874,1,0,0,1,0,0,3.643469594706613,-0.7443545766444688,0.4954168066919504,-0.49161591060673376,-0.8069455522249768,-0.19252955074401884,-0.6269606180273893,0.8074472639617455,1.579975045994214,-0.627555492876571,0.05970200458133371,0.08853789672522303,-0.451145833099217,-1.4469342414633548,0.6552716825907373,0.8655672132643268,-1.239188206673142,-0.5860688375735323,0.05260013630273387,0.06858695651968806,-0.5739556440833292,-0.45180992305603546,-1.2900672430046252,-0.3809708290666256,-0.6497976807661505,-0.06858695651968806,-0.05260013630273458,-1.4094696834558798,0.3159016076183434,-0.7067416898394149,-0.19327582245962696,-0.6592141588797168,-0.8406140216660969,-0.1295324471048102,-0.17175572149955282,-1.1693428607307055,-0.5816133531797613,-0.482931511569848,-0.21379536872138252,-0.8274902101961188,-0.9054077777638412,0.6014499566897238,0.5337254978059351,0.6260729825722207,-0.7036964187794109,1
1.6497208848795075,-0.41125084279609675,2.8867879618748513,0.7452016145364414,1,0,0,1,0,0,-0.7226826087232228,1.0000616584281339,3.220364448593521,-0.724811720959693,2.337410885888846,1.3292671906906552,1.6335350555457715,-0.6320418590694394,0.7133336762547416,-0.2444962311016328,0.12714794789888298,0.26105972674583805,-0.24394549898442464,3.403328927035041,-1.3025212081281539,1.407983391800757,1.780766407081144,2.215207919476841,-0.46991781074089073,0.8221130942085961,1.129095904303204,-0.43733986589272633,0.43973649109925,2.0960761209190477,1.997420818670523,-0.8221130942085961,0.46991781074089,3.39044683083113,-1.1600669447440433,0.3182556355996563,1.0284292798688959,1.8099970485163963,-0.43454965705011084,-1.9328971966387571,-2.0358174189610403,1.069946747507413,1.0097302003041335,-0.4323471077939307,-0.07694712256726609,0.15794641365697218,1.0069041592986248,-0.11760877902441451,-1.853415610241477,-1.8419276904815143,0.3685142142833251,1
0.9558138012340891,-0.1535731830814779,-0.4445202009343899,-0.4281154315628296,0,1,0,1,0,0,0.551830028694157,-0.5129286894581703,-0.16982862701171944,-0.26362794713510607,-0.4796617509273529,-0.1907407799636078,-0.024668325153231647,-0.11723483448700123,0.36223091064856255,-0.09834040093261172,-0.19978134110759538,-0.5648796463303748,-0.27914146052237476,0.12175765256668909,-0.39297376092911074,0.9818957401309953,-0.2890831898433204,-0.14407041176011295,-0.8740438917877038,0.0964376253461319,0.1559607184371608,-0.23276399746464374,0.4915287355035379,-0.15379840528546324,0.11906881187040497,-0.0964376253461319,0.874043891787703,0.35452284597261524,-0.10937746679115769,0.9368930746220554,1.3643622927300878,1.1614023995690306,-0.24551969421163483,-0.46483142063624716,-0.09793149585751397,0.8839134569768611,0.3065783976019474,-0.02767187758659086,0.6437869738444144,0.8192262533478623,0.7022880985276131,0.2207718024881207,0.12214944469431245,0.18071947766026855,0.5953280020465953,0
-1.922615582776536,0.3102466044048362,0.27967722576327125,-1.6014324776621007,1,0,0,1,0,0,6.6341576646860085,-0.789127926677999,0.21396681550962854,-0.423913901149423,-1.2967110910228379,-0.27928493359395323,-0.5386445550319341,1.5315817013034123,-0.012967130889046944,-0.7327605676982513,-1.8819411193346127,-1.902417901423712,-0.10917612457709136,-1.3460245067835916,2.0816568255922796,-0.06422264229995125,-1.6285550794680306,-2.9991239980781867,-3.179270128744878,0.5584902876836534,-0.5959334616209697,-0.016785840136851395,-0.04681105957665444,-0.6249350861686097,-0.48144522698529346,-0.5584902876836534,3.179270128744878,-1.4558905394934718,0.5660657690356972,-2.3291486990403114,-1.9949678358818312,-2.3375950486996553,-2.76591919872465,-1.85133798686084,-0.8177176958673952,-2.650719063103615,-0.6093693453916895,-0.1035484832504671,-0.2594114507727547,-0.24400799870415715,-0.4654068010946016,-0.15990635171348128,0.36909507656128593,0.7374113588002092,-0.20882997275045564,0
0.5960101282327613,0.3102466044048362,0.27967722576327125,-1.6014324776621007,1,0,0,1,0,0,4.880125421111595,-0.7705208201705579,0.21396681550962854,-0.423913901149423,-1.1205465724813979,-0.26497476735066505,0.2553820757873587,0.31668898160789705,1.1352889703192388,0.4577039950113251,0.12396884819025641,0.7822737147235248,0.060442195967018116,-0.16553638482277686,0.08980782247518325,1.5873926171726733,-0.05314189809124614,-0.1942395578186754,0.6912331826893887,0.38137139103206524,-0.5205169983305303,-0.3446980608398156,0.04319843786609548,-0.6710231651305213,-0.3508026966889315,-0.38137139103206524,-0.6912331826893894,-0.3417899945912644,-0.18442671521636386,-0.7825551014843162,0.07231224326396513,0.0519641842643253,-1.9782943535643327,0.5954383064766764,0.2896456887631914,-0.790386157798101,-0.49834537654397587,-0.3311783002420958,-0.02220782410562002,0.002351157259115363,-0.2623294272472596,0.09387908442092041,0.36909507656128593,0.6260729825722207,-0.08511336124321738,0
-1.922615582776536,0.026801178718756015,0.27967722576327125,-0.4281154315628296,1,0,0,1,0,0,6.6341576646860085,-0.789127926677999,2.350428112211799,-0.6929859900182223,-0.5761371241492785,-0.07134033037117232,-0.37343343610520796,1.139534041288218,-0.5145349378032805,-0.6644482139793979,-1.472372191942408,-1.4918516463380214,0.5450797205594071,-0.5979895147879731,2.1236536419230614,0.3738627505153216,-1.270679824684579,-2.052170266854184,-1.7416546130692934,-0.3073558734230737,-0.07823579399856836,0.5633833655213498,1.0790825060812241,-0.3623576923264036,-0.0893888826768155,0.3073558734230737,1.7416546130692918,-0.7595776989295921,1.3165582532877582,-1.1009714303929035,-0.7675202888890147,-1.171262565943427,-1.925786030553645,-0.7638818564886103,0.012804842605544792,-1.5138489543058005,0.1770504339462815,0.9587239960437993,1.0938656500846173,1.5626258116931764,1.288956067419932,-0.11760877902441451,1.0276167615398821,0.9415317152181866,1.3994859768436472,1
-0.38059984134227254,1.9593836265783975,1.7280720791585935,-0.13478617003801185,1,0,0,1,0,0,5.119885224190112,-0.7728467084839881,13.7107732108437,-0.8069799717540361,0.5685941305415881,0.029278026026947467,-0.5401839991916099,-2.0409655445372943,0.06226372567422786,0.28707972478253074,0.3572200767866803,0.24497655225966986,-0.4636293296615628,-0.20610422065440887,-2.621986603455321,0.5310398736988635,0.5305023499270487,1.0194051096387142,-0.16027754582615011,0.4930801176436292,0.5452020915865331,0.17464064103299737,0.44852726093334655,0.13821086176026035,0.5308470834365125,-0.4930801176436292,0.16027754582614942,-0.20252742647848845,-2.435904167972547,-0.009258302706318612,0.26611975068388355,0.47867119015075044,0.06953024385249205,-1.0357458890816678,-1.0945585420250417,0.139780294854656,0.8061862574166584,0.5034643620605421,0.9813459810245673,1.0915179520441112,1.0915197317350172,0.6966194952401235,-0.20711139779498602,0.013711913318286572,1.275769365336409,1
-0.38059984134227254,-1.1069805240255675,1.7280720791585935,-0.4281154315628296,1,0,0,1,0,0,5.119885224190112,-0.7728467084839881,2.0305985767773422,-0.670418653532452,-0.4960842303012145,-0.07625945001730262,-0.19034839430095218,-0.7836250688484716,0.3083871448433719,-0.6841670052898557,-1.295585924716493,0.5988063909553794,1.0954759147198838,-0.13816593355915677,-1.7809870662996585,1.0153226669369946,0.12070958004186301,0.681286130359479,0.6912331826893887,0.13114384342216406,0.12663030301638054,-0.7086037465744085,0.5987258048955628,1.0439590386471915,2.3494684594125235,-0.13114384342216406,-0.6912331826893894,-0.20252742647848845,-1.685411683720486,-0.2821865846279648,0.26611975068388355,0.3079883877961804,-0.5605696322757617,-0.22015379130249568,-0.5408768497097485,-0.17027518936292965,-0.6093693453916895,-1.317574173872486,-2.722679881546851,-2.111151075478434,-1.7007941586659285,-1.3336639938350878,-2.2649916633530998,-2.4914015518114443,-2.3120123683735136,0
1.7011214095939837,1.7274737328352407,-1.168717627632051,-0.13478617003801185,1,0,0,1,0,0,5.914878255450458,-0.7827317338160661,6.444246165772843,-0.7797834380404155,0.03156865330380734,6.576935403711695e-4,0.6559135016335164,-0.51606691723663,1.708501046706872,0.4055558600068232,2.7002675842197434,0.4104923144330499,-3.2041031726008615,-1.07634781881885,0.3601380601331827,0.6417111826779758,-1.4795959622551897,-1.4803781602205264,-0.8449975130860671,1.3979208031972914,-1.9875377490706807,1.0690964423589449,-1.6907203137713325,-2.0150218311849937,-4.955781248922168,-1.3979208031972914,0.8449975130860656,-0.8709877534198129,0.7912135143113154,1.2462117941332536,1.4418852956980555,0.6493539925053206,-0.11949971898598452,0.8401159358104279,1.5077454118568363,1.0079356506638961,-1.858388994928467,0.5793409677244183,-0.8980365994919648,-1.5276688639864726,-2.0392564484114977,-2.4439752769230942,2.2623449208747504,3.910555081297868,-1.0748462533011267,1
-1.100207187344929,-1.0554449920826439,1.4383931084795292,-1.6014324776621007,1,0,0,1,0,0,1.3342041229503703,-0.6257342726595319,1.2374213288998899,-0.6131323378378044,-0.04265243307177719,-0.0073917749714784145,1.106554358940516,0.5932756116434081,-0.0909198944581365,1.1902155903673528,0.7126555281944589,0.7088516830497299,-0.7631258317568572,0.44987768474307943,0.6999615683095461,-0.13264648262255402,0.6144881472886762,0.2616202974613848,0.8686312511301267,0.10529125240634482,-1.0891782907783238,-0.11308326244511044,-0.009006381098881713,-0.9985885481740522,-0.6710657894329891,-0.10529125240634482,-0.8686312511301275,0.8001630639334981,1.1664597564373458,1.2644070129280303,0.9896677783849125,1.2296755205108585,0.7941451013999841,0.5138790966987595,0.12354118106860354,0.6978801664463103,-0.859173275299045,0.35171115073279,1.464876450769113,1.234146937075479,0.6853649840403343,1.1407440084753266,1.3568776040291806,1.5724491805101195,1.275769365336409,0
2.0609250825953116,-0.9266061622253344,-0.15484123025532542,0.3052077222492148,1,0,0,0,1,0,-0.07911682151246661,-0.2948766600740949,0.07324181991846762,-0.3747286806035135,0.11779796866554852,0.06281747815965406,0.31731049079926577,-1.3691401921879098,-0.2956543872741654,0.9064178446697927,1.2221243238117472,0.9218684175905927,-0.7633669716593433,-0.4449084333585203,-0.33098786430713667,-0.680848355640523,0.777511825845983,0.5986636126471426,0.6912331826893887,0.5717619163874261,-0.8857752260658333,1.5476115049800643,-0.2800174847692296,-0.45354461380586636,-1.0043429783407682,-0.5717619163874261,-0.6912331826893894,-0.28608496734615396,-0.10937746679115769,0.7094528396873502,0.21443774870523882,0.529876030857121,1.2037100208833493,0.2692014673650073,-0.04256332662598434,0.8839134569768611,-0.794409293471212,1.5910290432427672,0.2879815338437111,0.09311505682453199,-0.093098282374475,-0.2233527107470814,0.06727263761276221,0.3848398340782469,-0.35316601950890136,0
3.294537675742722,0.6194597960623787,3.176466932553916,-0.4281154315628296,1,0,0,0,1,0,0.6401625877230843,-0.5321172680439689,2.0817713024468554,-0.670418653532452,0.43363309201783545,0.10887832575523779,3.5149222824532926,-0.5388546610310404,1.369614692561387,3.0692639845397602,3.4064800044398496,0.768783470328808,-3.6241265636160165,3.978617273112409,1.4814189493150878,1.038189492326964,2.4528448378715937,2.5059176519836512,1.4008254564523381,-0.340792671003865,-0.9121974957700939,2.223647915820805,-0.8290288499195739,-1.7141786770294851,-1.982049991549682,0.340792671003865,-1.4008254564523388,5.618647920635545,2.667444724941468,2.547169937959767,2.8760608506054517,4.165419721009464,1.109195039464111,-0.30171300108041293,-0.8730858650989243,3.1163129433434786,-0.9701972441467586,1.5657368413548085,-0.8341740846200435,-1.0868156375258795,-1.5823323572549794,-0.6040308649486834,1.8507688677631275,1.795125932966095,-1.4459960878228426,0
-1.305809286202831,-1.8284779712265005,1.4383931084795292,-0.4281154315628296,1,0,0,1,0,0,0.7411140837561441,-0.5414208212976894,0.009275912831576286,-0.35042539515729937,-0.41206308063593106,-0.1455743177582296,0.6880850232650123,2.4133535836021514,-0.6624998377759327,0.5693517257152177,-0.7919283561184044,0.9750100851618337,1.3857148140459292,0.07301316561349018,2.872965259614385,0.07323330078985825,-0.1696138243282037,-1.3100629773931538,0.6190712565440033,0.7158101325491454,-0.8838450799035379,-0.4343300031389764,0.979251876816847,-0.9373436147024367,-0.2494758659464809,-0.7158101325491454,-0.619071256544004,0.6330479821981672,4.1684296934455904,2.2105583902564043,1.9199438140005203,1.7417239275745686,0.006520256239666901,2.879096180258358,2.670476965718953,1.5040244254120325,-0.8314172830871166,-0.4070549059059717,0.0051618251252043045,0.5080357405521495,0.0761328624983096,-0.3819686083310823,-0.5363722402842841,-0.26463402725168356,-0.1469716669968365,0
-0.8432045637725518,-1.0554449920826439,1.0038746524609323,-1.6014324776621007,1,0,0,1,0,0,-0.6091121756860305,0.30810988518266813,1.2374213288998899,-0.6131323378378044,1.4431598943579127,0.7107996933635454,3.0290297713959555,-0.307514253427102,1.195426680961689,1.7245602225338987,1.8089060226892746,-0.045098042894458894,-2.037070091269873,3.323662201991948,-0.4098124602156755,1.478249703680204,1.5182254547499778,1.9399072868916207,0.1590389773671773,-0.21924127311138097,-0.8909755211730539,0.011531837268238927,-0.14868992956484645,-0.8243232291953254,-0.4577245290805549,0.21924127311138167,-0.15903897736717798,3.585414426189017,-0.18442671521636386,0.7276480584821255,1.4548057961927168,2.1342943729900803,-0.30852968182446,-1.4435419379712537,-1.648240234340335,1.3800022317249987,-0.6648813298155464,0.4275877563966659,1.2732889061533492,0.9877877811122063,0.549980068142106,1.2359135470257274,1.3568776040291806,1.3497724280541432,1.0901944480755505,1
1.2642169495209417,-0.9266061622253344,0.27967722576327125,0.3052077222492148,1,0,0,0,1,0,-0.29363875058271866,-0.22102970612268805,0.07324181991846762,-0.3747286806035135,0.33709934794734675,0.11961095043770391,1.4450576456291888,-0.48048356233031364,0.590194042286676,1.005036291454089,1.0910186892984441,-0.22109762602228347,-0.8569522276752997,1.0567984031475899,1.0533603099866602,0.5172070707881264,1.0385331125929314,0.5259189643269614,-1.0618771407249543,0.7516060278018174,-0.9534473203014658,1.7147120030382326,-0.2870718005410316,-0.3279475332775469,-0.9049202229362451,-0.7516060278018174,1.0618771407249536,0.577342954953057,0.491016520610491,-1.0554833834059623,-0.6641562849317252,-0.2552648599739003,-1.411204465048904,-1.2804235184154193,-1.0391903727935126,-0.6663639641110671,-0.9067549762337794,1.554897326259969,-0.07694712256726609,-0.21251848252839992,-0.32276912184468215,-0.4499468501527968,-0.3247045558268782,0.013711913318286572,-0.6330012122038462,0
-1.1259074497021662,-1.4934970135974959,0.27967722576327125,1.0385308760612593,1,0,0,1,0,0,-0.5460174906653681,0.16274186559328455,-0.029103631420558513,-0.3191783138693098,0.672579590093778,0.37182763047565753,-0.674079795272407,1.285866892910831,-0.9359254657086135,-0.37569664498550476,-0.37060405045528755,0.08515000580336891,0.4314337293315938,-0.8561596943825803,1.0919927190147172,-0.34570405947416016,-0.08144020456637711,-0.15424965878648805,0.3041828515459622,-0.18555039652161812,0.08185968544277214,-0.6709583308087609,0.9320422251132441,0.42678721668621716,0.33120864673783434,0.18555039652161812,-0.3041828515459622,-1.038102835155144,0.26586877533487285,-1.6104375566466425,-1.5039888170847049,-1.4500444764558913,-0.9701345517591269,-0.6279498401920818,-0.8177176958673952,-1.9065859009814097,0.1400424443303771,-0.5588081172337243,0.2879815338437111,0.7414286251489338,0.8884423578876751,-0.6992004034990842,-0.20711139779498602,-0.32030321536567735,0.22417816752487937,1
-0.07219669305541997,1.0832795835486928,-0.4445202009343899,-0.13478617003801185,1,0,0,1,0,0,-0.16744938054139394,-0.28208427435022915,0.047655457083711085,-0.3643129868408503,0.18117234111077257,0.06460624894006509,-0.4815564695513911,-0.1710989659482759,0.5408941248485142,-0.2466923417794347,0.6382822061950183,0.621200041768353,0.03804163984006991,-0.06569647423274257,-0.2154006057990132,0.13929858438130227,0.16204061048092583,0.5479998695738614,0.7547787594442794,0.0986623829151082,0.6039728503200155,0.019055102031637867,-0.5994387453294192,0.49394213403936155,-0.29478291542158164,-0.0986623829151082,-0.7547787594442801,-0.17467491285593337,-0.3345252120667762,-0.43684594438356456,-0.3023822710812103,-0.22112829950298704,-0.05648973137315825,0.18764225758709038,-0.1532996650890431,-0.4803306735805153,0.8061862574166584,0.27583454506891375,0.7897584364088047,0.3265079414213163,0.5161338391675497,0.4428340591057229,0.36909507656128593,0.45906541823023866,0.8427612250610729,1
1.6754211472367457,-1.5450325455404195,-0.4445202009343899,0.3052077222492148,1,0,0,1,0,0,0.36254597363216995,-0.4687368115029976,-0.3233468040202586,-0.21444272658919655,-0.5485905801391892,-0.1947655142195326,0.09111944509708698,0.3818831571398736,-1.2055540062599266,-0.040233348627838735,-1.3328826385119987,-1.4102355871823533,0.6242233973523583,0.9127704767689326,0.28068655633922346,-0.9492585729652081,0.22926395617039072,-0.9063897743215186,-0.47959406901947754,-1.4477375847033576,0.7853256990403196,-0.24296098740864003,0.6941193931733505,0.28168687277832627,0.84789950910883,1.4477375847033576,0.4795940690194761,0.8558680911786088,0.26586877533487285,0.02713213488323473,-0.4703487775118068,-0.3576745413866426,-0.15100471279239655,0.2692014673650073,0.5664865349208381,-0.23228628620644656,0.77843026520473,-0.17942508891434333,0.16937972051014377,0.5080357405521495,0.600749411603942,0.09387908442092041,0.6160407084282594,-0.04195727479570725,0.16231986177126023,1
1.0586148506630406,0.6194597960623787,0.27967722576327125,-0.4281154315628296,1,0,0,0,1,0,-0.14221150653312897,-0.28382869058530175,2.0817713024468554,-0.670418653532452,0.9305275149707697,0.299829606564114,0.6972057400431123,-0.8565197524152617,0.8735371638373198,0.6340969796069434,0.6482991488918112,-0.6354283325757835,-1.5556921244533573,0.03998512251932648,0.6493339877316535,0.5665106781687742,-0.3884502336688671,-0.4748064391176668,-0.4125770209418648,-0.4574595924329467,-0.9295288901084768,1.8260887747803285,-0.6248659691557409,-1.24180471317735,-1.3063767188593693,0.4574595924329467,0.4125770209418641,0.10385022336961848,0.7161642658861095,0.2909628074074919,0.5503707615664309,0.3591932285025509,-0.49755964466293656,0.35076067714292497,0.6218547041523672,0.44983577907224165,-0.9424412519348303,1.413983630027056,-0.5148615102604385,-0.7367263106307022,-1.1254082660984612,-0.2233527107470814,1.7684536571408034,1.6281183686241134,-1.0129879475475077,1
2.4464290179538777,1.1348151154916164,-0.4445202009343899,0.5985369837740325,1,0,0,0,1,0,0.48873534367349464,-0.5053695524395223,-0.2849672597681238,-0.22890896792622875,-0.5690568034191699,-0.21175883663343728,-0.7008922640996983,1.2942420239340384,-0.05187154236158606,-0.09331425485307976,-0.01600507762539386,0.8237999093365338,0.09987804708578539,-1.0039200515432456,1.2386558664335787,0.025524261297739582,-0.7619210012493058,-0.49129965914292323,0.41113096936191074,0.7158101325491454,-0.028497331832774947,-0.5355295395008972,0.09655955716909731,-0.6294462841793017,-0.4588511086564028,-0.7158101325491454,-0.4111309693619114,-1.038102835155144,0.7912135143113154,-0.7370670544973751,-0.6124742829530796,-0.8526546682148961,-0.4660546508565234,0.5138790966987595,0.34501385799472056,-0.8523972546416179,-0.44283339212011924,-0.9381911455531051,-1.6643867779550168,-1.3720736075886157,-1.4807936703313085,-1.238494455284687,-0.5363722402842841,-0.26463402725168356,-1.6934293108373202,0
-0.8432045637725518,-0.9266061622253344,1.0038746524609323,0.3052077222492148,1,0,0,0,1,0,-0.6091121756860305,0.30810988518266813,0.07324181991846762,-0.3747286806035135,0.9103457639470024,0.5265563029812106,3.061609621847887,-1.4418738837323208,0.9847079576746199,0.8794060510313899,1.6909964023585786,0.9179336877790102,-1.3035462964507316,3.3794502198025596,-0.6545457727973127,1.4868291100386317,1.4429370181381829,2.1003608081522382,0.3637290563372595,0.8912100192872406,-0.8805358662417612,1.3233075693764145,0.14799110028301843,0.24277080673974735,-0.14778461414609623,-0.8912100192872399,-0.36372905633726016,3.5018568853213514,-0.4846237089171882,0.5184030423421971,1.2609982887727984,1.8953384496936814,-0.2140147004052217,-1.4435419379712537,-1.7036084035718644,1.1939689411944467,-0.8522342772460629,1.1484155102034896,-0.1681792866700104,-0.06896333525656848,0.03382507628011344,-0.5802384803110835,-0.7215814641845144,-0.4038069975366686,-0.30161743138088487,0
1.6754211472367457,1.0575118175772313,-0.4445202009343899,0.3052077222492148,1,0,0,1,0,0,0.36254597363216995,-0.4687368115029976,-0.15703544559434116,-0.27983013743258217,-0.3710772138195086,-0.14423273967292133,0.44189506889210856,-0.5870596016131223,-0.6657004381394772,0.5466163893425701,0.07836468431843102,-0.11565770641095818,-0.3848644870279803,0.7215469586955735,0.20326424221576,-0.7459875010630506,0.42805415745575287,-0.4629782620144192,-0.5860329100839196,0.42347698798565403,0.10649536918698004,1.0093833825965128,0.16038930422533393,-0.31399230210773255,-0.553886089050207,-0.42347698798565403,0.5860329100839188,0.38237535959517033,-0.10937746679115769,-0.8371407578686448,-1.051771299771562,-0.8526546682148961,-0.655084613695,-0.709509049969999,-0.5408768497097485,-0.9144083514851348,0.05677446769459199,0.8828473903799233,-0.12256320461863823,-0.02358138547386016,-0.14386762583630988,-0.5405845059150832,0.2044646553166367,0.45906541823023866,0.10046155601764112,0
-0.07219669305541997,-0.9266061622253344,-0.4445202009343899,0.3052077222492148,1,0,0,0,1,0,-0.16744938054139394,-0.28208427435022915,0.07324181991846762,-0.3747286806035135,0.1994589936064402,0.07265571745191467,0.6699382228616524,-0.7703238304386727,-0.36536591437830745,0.07846247258276076,0.35770962689294666,1.3383601381956312,0.3877146311978145,0.04967671128617783,0.3943582120062076,-0.14443594052562236,0.5587639202639574,0.5541018860775914,1.2744597090698961,0.5613699807042828,-0.881929022399361,1.4523530319964302,0.3543232539064857,0.4480629999867234,0.07593261043864911,-0.5613699807042828,-1.274459709069897,0.0759977097470634,0.41596727218528484,0.14540105704928116,0.046471242274642305,0.2738518273252659,0.3530751881102058,0.758556726032511,0.17890935030013266,0.015758101167622184,-0.9023492631842669,1.0851850054835932,-0.5229710359584602,-0.27426263189262934,-0.08369655210376448,-0.9283122555648624,-0.7558794686104828,-0.6048346212816468,-0.5937260974396413,1
-0.07219669305541997,1.7274737328352407,-0.4445202009343899,2.9451710759725747,1,0,0,1,0,0,-0.16744938054139394,-0.28208427435022915,-0.7455217907937414,1.2090354209747733,-1.1784697024237138,-1.1513106890443248,-2.666410702013582,0.44715830354986624,-1.011491873433839,-1.541356103882611,-1.861098812628815,0.6346549404021825,2.2590218045700827,0.12969604044192434,-0.011884468497210964,-0.16315908702845,0.23103840270326084,0.4266036246560611,1.2514376093443502,-0.3755669404878874,3.837299744230915,-0.6256444044241851,1.2187841287011794,2.3113663815702457,2.83601501334601,0.3755669404878874,-1.251437609344351,0.15955525061472892,0.04072103005925432,0.17269388524144552,0.05939174276930372,0.15437386567706757,0.5106001571422693,0.9216751455883455,0.34501385799472056,0.07776919801113909,3.8593454007287815,-0.482931511569848,0.41570656358755365,1.0137203238451828,2.0222910285353324,0.062155904904119784,-2.182676452730775,-2.4914015518114443,1.2139110595827887,0
-1.2287084991311177,2.2428290522644785,0.714195681781868,1.0385308760612593,1,0,0,0,1,0,1.0565875088594558,-0.5978236128983703,0.46983044385719386,-0.5037675533298408,-0.25239029561184373,-0.07044594498096682,-1.1361708314907262,1.0467557640453329,-0.17956225760079886,-0.683384012315046,-0.4342673979794911,-0.3495060465900397,0.0845010791013498,1.1116505648876907,1.4961309648482344,0.29700124784658405,0.8362868025824904,0.537013752913736,0.74955583532744,-1.2200849136713057,2.6906213449092005,0.06208602044061302,0.5439252329061964,1.7524553903454123,1.0888582945125111,1.2200849136713057,-0.7495558353274407,1.5521809317424884,2.067050737539819,1.3371878881071357,1.3126802907514432,1.6563825263972836,0.4790951633358572,0.5138790966987595,0.17890935030013266,0.9459245538203791,3.137689603218643,0.4275877563966659,1.1090710107684099,1.2600794798084554,2.0222910285353324,-0.12818317219668063,0.8629863402952329,0.29205785388825667,1.4613442825972665,1
0.2876069799459088,-0.9523739281967958,-1.168717627632051,-2.334755631474145,1,0,0,0,1,0,0.766351957764409,-0.55072437455141,2.299255386542286,-0.6790983983346713,0.4265868117270287,0.10127604993849096,0.608524201246022,0.7969380657611526,-1.8933823111466817,1.3605085939269084,0.43917676690183993,-0.08164855089903789,-0.29328863341398853,-0.6384743141122305,-0.08239613922077302,-1.2995071676599677,-0.23785909360767243,-0.5798388308540862,0.02438743144227863,-0.1355460428462847,-1.4841237267016676,-1.1763651490151987,1.2824376685156311,-2.0738163432734322,-1.1370510679363162,0.1355460428462847,-0.02438743144227934,-0.6203151308168162,-0.10937746679115769,-0.09113678728281299,-0.7416792878996918,-0.7843815472730677,0.6996301199807459,0.6769975162545934,0.7325910426154264,-0.6043528672675491,-1.3865371273256843,-1.0899443568808573,0.05990112358685037,0.7154960824159574,-0.24540631275998087,-0.5405845059150832,1.3568776040291806,1.4054416161681371,-0.1469716669968365,0
-1.1259074497021662,0.928672987719922,0.714195681781868,-0.8681093238500562,1,0,0,1,0,0,1.3846798709669002,-0.6303860492863921,0.7001077093700027,-0.5396438318456808,-0.25253416560639563,-0.06776278881035029,0.5055136636424216,-1.6222600538109275,1.630110071851672,-0.024650059856752816,0.36756308557552964,-0.8203221367320784,-1.1926093404684055,-0.08497119835089534,-2.621986603455321,2.0352740604163633,-0.9521186826912612,-0.4284928882431717,-0.8569681418843186,-0.26889098598050765,-0.7878312750688958,-0.40004578520954803,-0.18316092759558475,-0.9108039469080258,-0.8961899190009286,0.26889098598050765,0.8569681418843179,-0.48105256270404034,-2.435904167972547,-1.6468279942361959,-0.5737127814690962,-0.8867912286858101,-2.2933442916284594,-1.0357458890816678,-0.8177176958673952,-1.4104971262332722,-0.6371253376036178,-0.17942508891434333,0.7076494887163344,0.4950694691856613,0.0761328624983096,0.4428340591057229,1.439192814651505,1.4054416161681371,-0.023255055489598248,0
-0.2006980048416086,-0.2051087150244015,1.0038746524609323,1.478524768348486,1,0,0,1,0,0,1.0944443198718534,-0.6013124453685155,2.9900871830807123,-0.7149746768505112,0.4341379703430721,0.0900962325609221,-0.43957321823322754,-0.6691906926275621,0.7035418384410204,-0.7604764910761012,-0.5049235564351897,-1.2057257863927404,0.10125381567302714,0.5632616504473908,-0.8049876034412436,0.9196501590751031,0.0804145581422085,-0.26948333454701906,-0.3305796915292576,-1.3166012534636966,1.1740416647693173,0.11206631711670646,-0.0376055427927358,1.1070923769173295,0.3933273269740506,1.3166012534636966,0.3305796915292576,0.577342954953057,-0.7097714541928067,0.1817914946388332,0.6408142650290589,0.6493539925053206,-1.0646495331783645,0.10608304780917345,0.2896456887631914,0.139780294854656,1.194770148383656,0.19995793940503753,0.2879815338437111,0.22277777048941236,0.6684418695530556,-0.2233527107470814,0.6160407084282594,0.013711913318286572,-0.1469716669968365,0
-0.38059984134227254,0.3102466044048362,-0.8790386569529866,0.7452016145364414,1,0,0,1,0,0,4.7917928620826675,-0.7693578760138429,0.9943508819697028,-0.5818852565498148,-0.7509304542986424,-0.14199677619740755,-0.7369513276506057,3.222679311889448,0.17143753618654733,-0.7124127142006138,-1.891612777932053,0.4559135714821114,2.434177817266497,-1.6895178476328194,4.852396783015632,0.8498593792472989,-1.5184614994988752,-2.2453214791796565,0.6912331826893887,-0.06374491962016399,-0.6633975658905881,0.4377960825816373,0.6196658608589788,-0.5432568141832401,0.26706984681914436,0.06374491962016399,-0.6912331826893894,-1.5951531076062477,4.318528190296002,-0.19121049065408274,0.26611975068388355,-0.3747428216220998,-1.8207693845322692,1.4110304042558486,1.1201682272361313,-1.720552610450858,-0.47058938433204756,0.7690324818841089,0.9494147235886072,1.162832444559795,0.8376730144258402,0.8076506235489245,-0.20711139779498602,-0.26463402725168356,1.0901944480755505,1
1.1871161624492292,-1.235819353882877,-1.168717627632051,0.7452016145364414,1,0,0,1,0,0,-0.6469689866984278,0.36334973262663384,1.058316789056594,-0.592300950312478,1.504439193439837,0.737184062374608,-1.1707356735815113,-0.5311320643146449,-0.36932608220362256,-1.4806999651191664,-1.1598596049265792,-0.46496217338855095,1.2932754055308504,-0.5120292939136755,1.0050971889395952,-0.2637607830800573,-1.0051549541597797,-0.879203459248534,0.37970486737882536,-1.0107396132765438,1.1163228155598677,1.7358797263391932,0.23982697686683846,1.0036356796761723,0.6495032367596648,1.0107396132765438,-0.3797048673788261,0.0759977097470634,2.2921984828154374,3.029343236021343,2.3721613313136634,1.7075873671036554,2.3063848041077932,2.9606553900362758,2.9473178118765997,2.4962019749083075,1.5833540393506536,2.400379503657447,1.4375068015382888,1.3638096507403592,1.7684443112261554,0.6014499566897238,0.5337254978059351,0.06938110143228039,1.0283361423219313,1
-1.485711122703495,-0.9523739281967958,1.0038746524609323,-2.334755631474145,1,0,0,0,1,0,-0.016022136491804253,-0.32162437567854146,2.299255386542286,-0.6790983983346713,0.8675007310361066,0.2774699718089763,1.3193781372902094,0.35868140831572626,-0.7136047637453246,2.061478061559377,1.3888125669791844,0.4053056979186638,-1.6011615418540943,0.29259547350742415,-0.6793268538852231,0.512614804234765,0.7805453959586869,0.6248377636216792,0.4783555005605047,0.07836147009820059,-1.5422694675456619,-1.172836218756129,1.4906500598136354,-2.0109484123570476,-1.1954918941344617,-0.07836147009820059,-0.4783555005605054,0.35452284597261524,-0.5596729573423944,0.3091580262022686,0.5374502610717695,0.8541733553308051,-0.2770246880180474,-0.30171300108041293,-0.5408768497097485,0.139780294854656,-1.4420491117495413,-1.0899443568808573,0.041654690766301246,0.806259981981374,-0.14386762583630988,-0.826093121566285,1.2745623934068555,1.461110804282131,-0.08511336124321738,0
0.9044132765196139,-1.0812127580541053,-0.4445202009343899,-0.4281154315628296,0,1,0,1,0,0,-0.5207796166571032,0.10168729736574346,0.5210031695267069,-0.5153405463994666,0.9519276304555576,0.47647072112970207,0.2441502956177626,-0.18870737246122077,0.6591973670364032,0.04050166645338704,0.9245796248874473,0.2642280819448023,-0.8260313024210623,-0.1647930188924541,-0.988850072084883,1.2035328519922894,-0.597476724859306,-0.04728226405681162,0.19997699316119485,0.16204084244106823,-0.5041561721140974,-0.7316015036654421,0.3082895640051972,-0.6471628312531781,-1.2481607226384233,-0.16204084244106823,-0.19997699316119558,-0.007559831120602114,-0.7848207026180125,0.6730624020977969,1.248077788278137,0.9053781960371756,-0.24551969421163483,0.5138790966987595,0.4557501964577793,0.7598912632898273,-0.49834537654397587,-0.7105613285614767,-0.10431677179808911,0.06718251409155555,-0.194636969298146,-1.0798785577006862,0.5337254978059351,0.6817421706862145,-0.76555472453303,1
-0.9203053508442651,2.6551133078078673,0.27967722576327125,0.3052077222492148,0,1,0,0,1,0,0.097548296545388,-0.373375390652362,0.022069094248954552,-0.3388524020876736,-0.05735211721566223,-0.0252794827755886,-2.155572320896681,1.2662466961132663,-0.1887385394835582,-0.6806800295943003,-1.171713494154097,-1.7133964995307949,0.3257223207555813,-0.9667098590824816,1.4346665235302707,0.3257712426755799,0.4823448847298981,-0.020020334192416892,-0.7532939460423284,-1.5897607057063121,2.0314506838547515,-0.3007459001186113,0.585380587882608,1.3978397371354592,1.50373896850223,1.5897607057063121,0.7532939460423277,-1.0102503215325889,0.9413120111617277,-0.7643598826895395,-0.4961897785011287,-0.2894014204448148,-1.1591645145976028,-0.9541866793037505,-0.762349526635866,-0.728375060954584,1.6666220159864384,-0.4070549059059717,-0.42362934615769415,-0.07544647093981212,0.4822876101929924,-0.44541496736468245,-0.28942660841731066,-0.9326642846196119,-0.1469716669968365,1
-1.5371116474179702,0.928672987719922,0.27967722576327125,-0.8681093238500562,1,0,0,1,0,0,0.6906383357396142,-0.544328181689477,0.7001077093700027,-0.5396438318456808,-0.005882026792137816,-0.0015782699351426037,0.3602913322908996,1.5560245191598703,0.8807523225529824,-0.08643062129137692,-0.2163038083399066,-0.6510269581883003,-0.201741727083277,-0.28104202851006227,1.772124734857997,0.9054601250535999,-0.5329268215105384,-0.7001117805758643,-0.7471295343976714,-0.14692914774798616,-0.7818077514840135,-0.3604168282531259,-0.29411782687009397,-0.4116789202964258,-0.4023173435015471,0.14692914774798616,0.7471295343976706,-0.3974950218363748,1.3165582532877582,-0.5915053041391644,-0.06981326217730856,-0.27233314020935756,-1.411204465048904,-0.13859458152457876,0.2342775195316623,-0.6043528672675491,-0.6926373220274746,-0.2553016945782196,0.29710475025398503,0.09311505682453199,-0.07617516788719629,0.37938770007212164,0.6983559190505837,0.6817421706862145,-0.2706882785040748,1
0.6731109153044746,-0.10203765113855341,-1.8929150543297122,-2.041426369949327,1,0,0,1,0,0,0.5013542806776271,-0.5181619381633881,-0.5536240695330674,0.15299980337142172,-0.9890951655201933,-0.516744254693516,-0.33191368019850975,-0.12608703889038683,0.6705639460088996,0.5186591308394026,0.46195578471061977,0.4326789666897113,-0.3661169963790413,-1.5406804526560571,-0.23446499301712667,1.3716816294662,-1.6425482821556998,-1.26855555910499,-0.19143037735720503,0.7799808228191798,-1.0778957030190375,-0.06182346506886894,0.4617243749221446,-2.3293977842772424,-1.8390627440148986,-0.7799808228191798,0.19143037735720433,-1.4558905394934718,-0.25947596364157,-0.12752722487236504,0.5891322630504142,-0.15285517856115927,-1.1906695084040155,0.5138790966987595,0.6772228733838963,-0.5423417704240322,-1.0812212129944723,-0.2553016945782196,-0.6060936743631827,-0.2958730841701091,-1.159254495073018,-0.826093121566285,0.2044646553166367,0.6817421706862145,-1.198562864808365,0
-0.38059984134227254,0.8513696898055362,-0.8790386569529866,1.7718540298733036,1,0,0,1,0,0,4.7917928620826675,-0.7693578760138429,-0.8094876978806327,2.311363010856628,-3.114434684225752,-2.3779602517111806,-0.6459639559556448,2.674760639400539,-0.2576735756119332,-1.569276455852861,-1.778871206888378,0.5154522462626393,1.5284962812766745,-0.9320921001457001,2.192431036783618,0.8535739571749731,-1.0295042172495084,-0.4621718813343446,1.7556215933338128,-1.0381887348318013,-0.033106838696864004,-1.474863636012241,1.2100079185796249,1.099152491707183,1.8613988032232436,1.0381887348318013,-1.7556215933338135,-1.038102835155144,1.3165582532877582,-1.1919475243667854,-0.6383152839424023,-0.972132629863095,-1.1906695084040155,0.18764225758709038,-0.5408768497097485,-1.720552610450858,-0.19302946221276363,-1.4693273852002382,-0.6243401071837319,0.04124997135858002,0.4822876101929924,-0.6040308649486834,-1.277209135885205,-1.712032918215528,-0.2706882785040748,0
1.1871161624492292,-0.9266061622253344,-1.168717627632051,0.3052077222492148,1,0,0,0,1,0,-0.6469689866984278,0.36334973262663384,0.08603500133584588,-0.3689421840687006,1.0393201700561494,0.5645676820649447,0.2196278403004862,-0.004911458056770232,-0.6248115869582325,-1.5256696244681678,-1.300073827789757,-0.10626362274758798,1.7051050708973594,-0.5555939215702315,0.9286464062208966,-0.2236536418505762,-0.9684764662319149,-0.8785667050070145,0.18609969967169646,-0.3295023237687902,-0.8605407583417315,0.9370387140381815,0.6293880296991372,1.100756549026799,0.8324102601913365,0.3295023237687902,-0.18609969967169718,-0.06326485836571254,1.9920014891146134,2.5744627661519326,2.02330781795781,1.4174266031008858,1.8968198846244282,2.5528593411466898,2.670476965718953,2.2481575875342377,-0.9979532363586869,0.27583454506891375,-1.3359509871851372,-0.8663890242955825,-0.4315605721200442,-1.4605567119022886,-1.1948939252628807,-1.4336869776455579,-1.136704559054746,1
0.8530127518051386,-0.10203765113855341,1.7280720791585935,-2.041426369949327,1,0,0,1,0,0,-0.785777293743885,2.3200032762997367,-0.5536240695330674,0.15299980337142172,1.168174353873405,1.6660032901030295,0.9174330051402603,-1.0292545783837015,0.5528356254142427,2.3266117270606212,2.444399319514936,0.6785521311159655,-2.350365806792145,0.06925397902071842,-1.5701824329756793,1.249534242869015,1.0736012015821135,1.8251237262123134,0.9750700921945687,-0.04159846927444537,-1.2065151666003255,-0.16029008216171656,0.49991658941601247,-2.0785377690949685,-1.3959607450473377,0.04159846927444466,-0.9750700921945695,-0.09111737198826762,-1.535313186870074,-0.5733100853443877,0.11107374474794844,0.5469443110925782,-0.655084613695,-0.9541866793037505,-1.3713993881826885,-0.17027518936292965,-1.1644891896302574,-0.2553016945782196,-0.33239718205494984,-0.03654765684034838,-0.8546384343020056,-0.44541496736468245,0.9453015509175579,1.0157572993701793,-1.0748462533011267,1
0.8530127518051386,1.1863506474345409,1.7280720791585935,-1.161438585374874,1,0,0,1,0,0,-0.785777293743885,2.3200032762997367,-0.6687627022894718,0.36420692689209205,0.8587817008212933,1.502777956390524,0.44524854131059016,-1.5264855984554724,0.9919525538125225,1.6416844319844126,1.9035098718114896,0.5413508660253286,-1.618619009127181,0.12134739996331775,-1.162732884592201,1.2094823539660926,1.323414987515542,1.8527782738034535,0.872405678118227,-0.12690331505054644,-0.4978800429930764,0.9303491105397568,-0.14061924796661288,-0.905534107426896,-0.6657786892484562,0.12690331505054714,-0.8724056781182278,-0.007559831120602114,-1.1600669447440433,-0.4277483349861756,0.22735824919990022,0.76883195415352,-0.6865896075014126,-0.8726274695258333,-1.2606630497196296,0.015758101167622184,-0.05424950115312168,1.8692432640103136,2.2585962784629876,1.8176291485674405,1.243827762120523,1.7752075988113303,2.0153992890077768,2.12914106165006,2.079927340133461,0
-1.0488066626304537,2.448971180036173,-1.6032360836506476,-0.4281154315628296,1,0,0,1,0,0,1.081825382867721,-0.6001495012118003,0.44424408102243734,-0.49798105679502797,-0.2738918081878338,-0.07670664271240538,0.2211803485511222,-0.8284499912529509,0.058797869638829665,0.09515999138440898,0.3406324951406007,0.17571013876347,-0.3170185888932391,-0.7660965521458958,0.14926427780307144,0.05901183360827649,-0.7105843245823684,-0.22807913868955026,0.34468811875864686,-0.1022098070627286,-1.0730313070508468,1.2866032890049088,-0.021077455839791998,-0.8331582616948386,-0.6655138134159644,0.1022098070627286,-0.3446881187586476,-0.5646101035717058,0.491016520610491,1.0369667779933252,0.9121447754169449,0.5469443110925782,1.0146800580448727,1.0032343553662626,0.8986955503100138,0.8839134569768611,-1.0812212129944723,0.8828473903799233,-0.642586540004281,-0.5551985114998699,-0.8207922053274488,-0.4771381468814831,0.36909507656128593,0.3477270420022505,-0.8274130302866491,1
-1.3572098109173063,-0.2566442469673251,-0.15484123025532542,-0.4281154315628296,1,0,0,0,1,0,2.394194831297498,-0.6914406175139333,1.2630076917346462,-0.6148682867982482,-0.29645883183850064,-0.05658297143278142,-1.1213675919005,0.05627259307553513,0.5762935396485999,-0.12143943291535626,0.45663737562031415,1.1255303553774019,-0.0036666413224249097,-0.2861102130109743,-0.07528451010683203,0.7235846687025841,-0.15077813000707097,0.2591115455726207,0.13830413819877924,1.3979208031972914,1.2734109799447133,-0.15265426954518568,-0.060679764840825816,0.01454782653953383,-0.34067896028099753,-1.3979208031972914,-0.13830413819877996,-0.14682239923337803,0.11577027848446049,0.6002815269186915,0.9121447754169449,0.8029685146244333,0.1010352376589052,0.4323198869208419,0.40038202722625016,0.7598912632898273,1.5278420549267964,0.12408133374116129,0.8718673841012752,0.7025298110494701,0.6684418695530556,0.28421816152172197,-0.04248097655033679,0.793080546914203,1.5232025883508855,1
-0.14929748012713334,1.0832795835486928,-0.8790386569529866,-0.13478617003801185,1,0,0,1,0,0,0.2363566035908452,-0.41989315692096474,0.09882818275322415,-0.3787792281778825,-0.09369201432968538,-0.030198602421718897,-0.5975963162785585,0.7496338942527294,0.12578192157640186,-0.9317874456575062,-0.7759948905879147,-0.9784538931364675,0.399257254874742,-0.212034745163276,1.268914017617342,-0.644078191167347,-0.767843040374547,-1.460978158410471,-1.5109497358852806,0.1640471410786609,0.619109605854671,0.24227416152201972,-0.8191845679734764,0.4974047101942779,-0.4175294524998022,-0.1640471410786609,1.5109497358852806,-0.03541234474315745,1.5417059985633763,0.764038496071679,0.279040251178545,-0.05044549714841698,0.2270552128845555,0.02452383803125581,0.954063719541543,0.6358690696027934,0.7506742729928018,0.4275877563966659,0.5708012425622179,0.028283699992091807,0.22844089288381547,0.37938770007212164,0.28677986593896093,0.4033962301162448,0.6571863078002155,1
1.2128164248064663,-0.8493028643109486,0.5693561964423357,-1.161438585374874,1,0,0,1,0,0,9.662702545677801,-0.80540914487201,0.16279408984011548,-0.39556006812883987,-1.552857245743899,-0.31371877111686536,0.8170855443950334,-0.17214230860087198,0.24203902889744083,0.16657791867388838,0.5676955750621019,-0.7083982908926593,-0.8806274382178657,0.04745486996058042,0.02894460593310225,-0.026438270079537824,0.424832516183068,0.3475288349051901,-1.4375436385994584,0.45956749966015986,-1.0887609926278723,0.2652667917108196,-0.35744337259115544,0.1962206293897834,-0.3987377847335322,-0.45956749966015986,1.4375436385994576,-0.007559831120602114,-0.03432821836595151,-0.17301527185930607,-0.1602567656399366,0.017827623793410803,-0.08799472517957138,-1.4435419379712537,-1.0945585420250417,0.015758101167622184,-0.8406692804910928,0.8322629866040054,1.626053274017296,1.1520272184210547,1.1761353041714093,0.886958572340925,0.7532327261321339,1.127095675598167,2.1211662106358737,1
0.31330724230314594,0.1298722426046032,1.0038746524609323,0.3052077222492148,1,0,0,1,0,0,0.33730809962390496,-0.458270314092562,0.20117363409225028,-0.4082903605054282,-0.08618485205564962,-0.03690649284826022,1.1811307746594222,1.5324320179473785,-0.682663918638578,0.5673485953634989,-0.09883396338175657,-1.0364980792569176,-0.15343663705572985,1.8197844491418311,0.8334677596097902,-1.0242637356237794,1.0627007523753402,0.9734087706602106,0.30418285154596364,-1.715344606419548,0.17591608564147987,-1.2683613319508071,-0.09606182852821284,0.2873045247943681,1.0788331987905833,1.715344606419548,-0.30418285154596436,1.8028535543454847,0.8662627627365218,0.22727954162577424,-0.354064273059855,0.06903246449978255,1.3297299961089997,-0.05703537174666111,-0.2086678343205727,0.3258135853852078,-0.05424950115312168,-1.317574173872486,-0.7703115697481222,-0.6978274965312384,-0.5500223735309933,0.28421816152172197,0.12214944469431245,-0.5986491559356475,-0.9511296417938885,1
0.4161082917320974,-1.8284779712265005,1.0038746524609323,-0.4281154315628296,1,0,0,1,0,0,0.3246891626197725,-0.45710736993584694,0.06044863850108935,-0.34579619792944905,-0.17265849126978994,-0.0843089185291522,0.7528974516644099,1.032615367470432,-1.5180071326398092,1.5693852556808536,0.46342265309626446,0.8212703007323462,4.6767174959262095e-4,-0.03581546417424817,0.6774653052953385,-1.2983657253494807,0.7215074545345495,0.2482039909995404,0.3871222082195544,0.7361716451058063,-1.0827086238976178,-0.7386271275430605,0.7704342637955792,-1.4047037909063107,-0.36014925737262304,-0.7361716451058063,-0.3871222082195551,0.10385022336961848,0.8662627627365218,0.5911839175213025,-0.22485926811324272,0.06903246449978255,1.424244977528238,0.18764225758709038,0.012804842605544792,0.139780294854656,-1.0257092285706153,-0.7105613285614767,-0.07694712256726609,0.3265079414213163,-0.2792525417345383,-0.0012904541294803558,-0.4540570296619595,-0.15329565102369538,-0.20882997275045564,0
0.6988111776617119,1.7017059668637786,1.4383931084795292,-0.4281154315628296,1,0,0,1,0,0,-0.14221150653312897,-0.28208427435022915,0.3035190854312764,-0.4378014928329739,0.32015989910931686,0.12139972121811492,0.4901605700448754,1.3676697134192752,-0.6218728802568354,0.27301517363230104,-0.13735304331587037,-0.06005061774496802,0.21398073197787976,1.2648855066005644,2.6045451867880716,-1.5047372775468886,0.6329505423983423,-0.8932629929013431,-0.8740438917877038,0.7849642097577141,0.5822784900253268,0.7320065888613447,-0.6619947874488815,0.25879703695177186,-0.6935317697254868,-0.7849642097577141,0.874043891787703,0.911573118423719,1.9920014891146134,-0.646090960523493,-1.258499307686141,-0.9892009100985523,-0.37153966943728567,-0.46483142063624716,-0.09793149585751397,-0.8523972546416179,0.22331042096616224,0.27583454506891375,-0.9618991143638861,-1.112748180258855,-0.9561771212256767,-0.9212626601166852,-0.7010026615289333,-0.4316415915936655,-1.0129879475475077,0
0.004904094016293398,-0.7977673323680251,-0.4445202009343899,0.3052077222492148,1,0,0,1,0,0,7.416531758942221,-0.7949426474615743,4.167059873479512,-0.752586904326795,-0.3465590446809236,-0.029751409726616142,1.2701154156533925,-0.657807249031818,-1.8309861684202011,0.8698171846352025,-0.35790315916349347,0.7670678631612203,1.1521623450807883,0.5193249722079191,0.5014906197516066,-1.5377265132479137,0.5543812519316356,-0.035149477614028174,0.9226219676120906,0.13114384342216406,-1.24722301029272,1.405243387175434,0.9577525825955991,-0.6253519409436659,0.43097501196569354,-0.13114384342216406,-0.9226219676120913,1.050835686536495,1.1664597564373458,1.8193611861687105,0.5503707615664309,0.76883195415352,2.526919760752682,1.6557080335896,1.2309045656991897,1.6280466190990672,-0.47058938433204756,5.131937307556989,7.586554662063255,7.419058378890273,6.422300795227732,5.4868196022769515,1.439192814651505,1.6837875567381073,8.203899609741775,1
-0.5862019402001745,-1.2100515879114147,-0.4445202009343899,0.3052077222492148,1,0,0,1,0,0,0.3877838476404349,-0.474551532286573,-0.06748317567269331,-0.2896671815417641,-0.3059294240520066,-0.14110239080720205,0.1368202239614438,-0.009171272444389904,1.5113225471070741,-0.882131415335686,-0.9639195882631779,-0.013474788561098029,1.330449428879374,-0.4226203154197058,0.7550976375504576,0.6254587981310747,-1.304745071495839,-1.3532994903072413,-0.2763926451691775,0.2557448558590603,-0.6125290915760127,0.7690280963316602,-1.4375027783952161,-0.10206024665571707,-0.06809088027793539,-0.2557448558590603,0.2763926451691768,-0.14682239923337803,1.2415090048625523,1.3007974505175837,1.4806467971820387,0.76883195415352,-0.08799472517957138,1.8188264531454346,2.227531611866718,1.069946747507413,-0.6648813298155464,0.5034643620605421,-0.49661507743988936,-1.112748180258855,-1.0746389226366257,0.8552353928241243,-0.5363722402842841,-0.48731077970765985,-0.5181215015185524,0
0.6474106529472365,1.7532414988067013,-0.4445202009343899,-0.4281154315628296,0,1,0,1,0,0,2.1165782172065835,-0.6763223434766373,1.672389497090751,-0.6426434701653501,-0.12126786436098777,-0.02349071199517758,-0.9622067373858532,1.349765413833797,0.14355454888663968,-1.0755439872166965,-0.9122327103047079,-0.4331973052404402,1.2497696793256385,-0.9845360817260946,1.8072776255645027,-0.6298798840210367,-1.2894028050111677,-1.1456472436732945,0.12355936367902995,-0.7133741297612541,0.35423503861815425,-0.042104338951520326,-0.8292124154905901,0.17444078883573808,0.06744564956903835,0.7133741297612541,-0.12355936367903066,-1.0102503215325889,1.3165582532877582,-0.646090960523493,-0.8450432918569822,-1.2452251136304073,-0.11949971898598452,1.0847935651441794,1.1201682272361313,-1.0384305451721696,0.19555442875423396,-0.17942508891434333,-0.42362934615769415,-0.7626588533636787,-0.6515610604546642,0.3476645205553221,0.28677986593896093,-0.04195727479570725,-0.5181215015185524,1
1.0329145883058024,0.4133176682906843,-1.6032360836506476,-1.6014324776621007,1,0,0,1,0,0,0.43825959565696476,-0.500717775812662,0.34189862968341117,-0.46384072723963193,-0.05858121675361991,-0.026621060860896863,-0.06098656615028837,-0.5085920926504333,-0.31202409062781183,-0.14662213143912475,-0.2656089490874097,-0.29020071465644515,-0.11943609313852806,-0.5004947580457529,-0.9361074851432775,-0.183937220409352,-0.793877034083026,-0.6811753872106249,-0.31054414497595056,-0.08780526073650123,-0.41528516027986284,-0.23971332050327435,0.2417082170836458,-0.589117837186744,-0.3197305433117005,0.08780526073650123,0.3105441449759499,-0.3974950218363748,-0.7848207026180125,0.41832933897092733,0.2531992501892221,-0.08458205761933026,0.3845801819166189,0.5954383064766764,0.8433273810784847,0.38782468222872474,-0.4150773999081907,-0.2553016945782196,-0.0951935553878152,0.04124997135858002,-0.194636969298146,-0.15990635171348128,0.6160407084282594,0.6260729825722207,-0.2706882785040748,1
2.0609250825953116,0.43908543426214564,-0.15484123025532542,-0.13478617003801185,1,0,0,1,0,0,-0.028641073495936725,-0.3030172691711004,0.11162136417060241,-0.38745897298010185,0.10182512226897887,0.06639501972047611,0.08371625043572056,0.11627936394282115,-0.6867802339257528,1.1554789316772516,0.5312823261178297,0.06667948510441096,-0.8827125539052979,-0.4956945941829392,-0.5431704759428883,-0.5452273029985502,0.6214673384070565,0.4469501749740342,0.4783555005605047,-0.3834842964864804,-0.6117016820267079,-0.7037333350978785,0.3909507290576419,-0.9447411168621713,-0.25433318994842874,0.3834842964864804,-0.4783555005605054,-0.5089050763265954,-0.5596729573423944,-0.20030810005147043,-0.44450777652248397,-0.18699173903207253,0.3215701943037938,-0.30171300108041293,-0.5408768497097485,-0.17027518936292965,-0.8314172830871166,-1.0140677512169813,-1.4727992333392537,-1.0868156375258795,-1.3284856399458025,-0.9529858396334858,-0.12479618717266176,-0.32030321536567735,-1.7552876165909395,1
-0.5348014154856993,1.5213316050635446,-0.15484123025532542,-1.8947617391869185,1,0,0,0,1,0,-0.596493238681898,0.24996267734691469,2.8621553689069295,-0.7097668299691796,1.7850622157558464,0.74076160393543,1.2408152305268765,0.22835215217397534,-1.0814188198991277,1.3733167137527524,1.0116836943461573,0.4458962096465822,-1.094522414800899,1.0328346684328076,-0.08438730557938044,-0.545583728915682,1.0152572118643992,0.5652075038710975,0.9454154897089528,-0.3295023237687909,-0.6933875516609912,-0.39795784545096263,0.9300767228810012,-0.8485506090593538,-0.7634232320192336,0.32950232376879157,-0.9454154897089535,1.106540713781605,0.04072103005925432,0.391036510778763,0.03355074177998182,0.4445346296798359,0.6051151385615076,0.2692014673650073,-0.1532996650890431,0.20179139169817292,-0.49834537654397587,-0.1035484832504671,0.9722227646142934,1.3638096507403592,0.8715192434003977,-0.3502454288142823,1.6861384465184783,1.6281183686241134,0.6571863078002155,1
1.2128164248064663,-0.7719995663965628,0.5693561964423357,0.3052077222492148,1,0,0,1,0,0,9.662702545677801,-0.80540914487201,-0.630383158037337,0.317914954613589,-2.5347795779288678,-0.8651073641785618,-0.33019452020198076,0.5924566491672393,-0.601833751968567,-0.39114835518745816,-0.6895357580336575,-1.1333252786378845,0.27139690605349315,-0.1302973748842829,0.11278913116950973,-0.25666211883499107,0.22103229134155752,0.10195681297906639,-1.2094604077470812,-0.34619240229020387,0.3289519164294534,-0.7001756684179206,0.5648062234622836,0.7475880295565263,0.9959712397134394,0.34619240229020387,1.2094604077470805,-0.11896988561082296,0.11577027848446049,0.04532735367801011,-0.09565426316663046,7.593435579547688e-4,0.19555021907814235,-1.1173050988595852,-0.762349526635866,0.07776919801113909,1.1392581639597994,0.04820472807728505,2.924591076413022,2.88086340061946,3.1392165846957107,1.9021003168785307,0.12214944469431245,-0.04195727479570725,3.1933768436986076,1
-1.8198145333475857,0.5163887321765315,-0.4445202009343899,0.3052077222492148,1,0,0,1,0,0,0.07231042253712305,-0.3501165075180606,-0.42569225535928473,-0.09581954762553238,-0.5052090102701947,-0.19521270691463535,-1.5991903102518652,-1.247670657358976,1.4370759509529765,-1.7852815289711155,-0.8029798158311886,-1.5503395356042344,0.2975053454963539,-1.0970921382612944,-0.8114461306924784,0.75146707575075,-1.4609063351891582,-0.26529270069624994,-1.2315329784747313,-0.8930588049066626,1.127511517105353,0.8995782123082234,-1.2093790273610632,0.9631904545535931,0.7849064000963197,0.8930588049066626,1.2315329784747306,-1.0102503215325889,-0.7097714541928067,0.20908432283099887,0.5762117625557528,-0.08458205761933026,0.3530751881102058,-0.8726274695258333,-0.4301405112466897,0.139780294854656,0.6118943119331598,0.35171115073279,-1.0987473605180025,-1.4628375071540325,-1.0746389226366257,0.2524949820049213,-0.8656330827735822,-1.266679413303576,-1.0129879475475077,1
-1.1259074497021662,1.7017059668637786,0.27967722576327125,-0.4281154315628296,1,0,0,1,0,0,-0.5460174906653681,0.16274186559328455,0.3035190854312764,-0.4378014928329739,0.8940715775783781,0.46350213297172216,-1.045137463974735,0.23206135961179716,0.2730671026933838,-0.007221904686777642,0.7738865373483629,0.7048934842006838,-0.5000505557877347,-0.8772146977505247,0.709760825453396,-0.1851929677321782,-0.023438630470510684,0.39099315040726584,0.5274811195133241,0.43824128821613356,0.5767864950368092,0.39251131513256615,-0.5593929498130621,-0.013485017441051675,-0.6243616896617991,-0.43824128821613356,-0.5274811195133248,-1.0102503215325889,0.11577027848446049,-1.301118837135444,-1.1809763047181743,-1.1257471519822078,-0.4660546508565234,-0.709509049969999,-0.983822203561983,-1.534519319920306,0.19555442875423396,-0.02767187758659086,-1.0348848456460813,-1.1257144516253432,-1.057715808149347,-0.826093121566285,-0.37174181903963527,-0.2089648391376897,-1.0748462533011267,1
-1.2030082367738797,-1.6996391413691911,0.27967722576327125,1.0385308760612593,1,0,0,1,0,0,-0.05387894750420167,-0.2937137159173798,-0.4512786181940413,-9.210044546010428e-4,-0.44668348920382583,-0.22517461748651993,-0.649437127079023,1.5349735106797542,-0.9916154181257589,-0.09413192611705322,-0.5216628481749096,-0.11350894220835296,0.18930300525651306,-0.43033076286300465,1.63010705640371,-1.9148266807621326,0.14788416690427506,-0.2803298124551721,-0.653257441282515,0.4930801176436278,0.47307670643592264,-0.4737938511152976,-0.5686446530937638,0.27380556773472686,0.4044997514769652,-0.4930801176436278,0.6532574412825142,-0.5367575899491508,1.1664597564373458,-0.646090960523493,-1.4523068151060594,-1.3305665148076924,0.7941451013999841,-0.8726274695258333,-0.7069813574043363,-0.8523972546416179,0.4731143508735179,-0.4070549059059717,0.14201007127932075,-0.17917664187171697,-0.0592520533999176,0.8235122133073248,-0.5363722402842841,-0.3759724034796717,0.47161139053935697,0
-1.5371116474179702,-1.3131226517972627,0.27967722576327125,1.478524768348486,1,0,0,1,0,0,-0.3188766245909836,-0.21230762494732502,0.6745213465352461,-0.536171933924793,0.6956368153323247,0.25108560279791375,0.4012552322183241,-1.5202573312834922,0.254015517006696,0.20527475662257386,1.0555233522298604,0.3269131094576354,-0.5073568710808817,0.532162128295998,0.2527762374950454,0.5442639105051692,0.1286206373755565,0.49779718048115534,1.34624143539365,-0.8893153741744657,-0.026225039716674788,2.339826583045502,0.19968502012791686,-0.14977493066760308,-0.8862299947930377,0.8893153741744657,-1.3462414353936507,0.5216379277079463,0.26586877533487285,0.09991301006234013,0.369483754641173,0.4103980692089227,-0.05648973137315825,1.0847935651441794,0.4557501964577793,0.015758101167622184,0.40174179947141603,3.289219741434282,1.7867956583887976,1.6398059983984623,1.4662458382390402,0.09387908442092041,2.2623449208747504,1.8428423799209477,1.1343789521852785,1
0.2876069799459088,0.20717554051898904,-0.8790386569529866,0.3052077222492148,1,0,0,1,0,0,-0.6974447347149578,0.9971542980363461,0.13720772700535894,-0.39093087090098955,1.278142241866252,1.069001042140852,0.062417471806498766,-1.1683834085087568,-0.9827005179224244,-0.5332242190585504,-0.6455068923607667,-0.6421041555724841,0.5119171266691377,0.16635601996372462,-0.8675708066564239,-0.5452567664497928,-0.4625841609640639,-0.4772449971233985,0.594470599903532,-1.4653421880752575,0.07942796107789171,0.7345295066837797,0.795454062742234,0.2616609836470723,0.37325372290241815,1.4653421880752575,-0.5944705999035328,0.27096530510494976,-0.7097714541928067,0.4547197765604794,0.08523274375862654,-0.10165033785478751,0.6996301199807459,1.247911984700014,1.009431888773073,0.07776919801113909,0.1400424443303771,0.8069707847160468,0.29710475025398503,0.6765972683164937,0.7530574419894479,-0.3819686083310823,0.8629863402952329,0.18071947766026855,-0.20882997275045564,1
0.6474106529472365,0.5163887321765315,-0.4445202009343899,-1.161438585374874,0,1,0,1,0,0,2.1165782172065835,-0.6763223434766373,-0.6047967952025805,0.23111750659139568,-1.6303911276518739,-0.6987516816003371,0.14611456532037903,1.0028113155860083,0.03458317783017298,-0.23360654206451015,-0.25762760852572447,0.29675652865416513,0.5044045698932135,-0.9763860035075199,1.4046172411081548,-0.23490993860110385,-0.9582048616212888,-0.4903768783032575,0.27586209560863995,0.13114384342216406,-1.1787692502002374,0.030724715562805503,-0.28333819630315515,-0.6345521710378594,-0.14382906890417013,-0.13114384342216406,-0.27586209560863995,-0.9545452942874786,1.1664597564373458,-0.2639913658331881,-0.3411437725651945,-0.6819718658603261,0.2270552128845555,0.758556726032511,0.6772228733838963,-0.5423417704240322,-1.053465220782544,0.19995793940503753,0.5251851605108457,0.28760912732185256,0.008440404549195996,0.9821281108913258,0.4514102871836102,0.5704037944582268,0.40975308478573785,0
-1.0488066626304537,-1.880013503169424,1.7280720791585935,-0.13478617003801185,1,0,0,0,1,0,-0.0412600105000692,-0.2983654925442401,-0.5280377066983108,0.07488210015144776,-0.5939003992450327,-0.2873344021058028,-0.1524653031921797,-1.7113873889466453,0.8295216448871278,-0.7020395881594065,-0.6197691299067308,-0.5975326764281448,0.3899790247489492,0.18547715390636987,0.48886787177599367,-0.10650156874700104,-0.09655790738782982,-0.08534398660794607,0.6380137621571677,-1.4477375847033576,0.3973333022783215,2.8386700018571744,-1.241007683318906,0.8526650236886713,0.7224084306063773,1.4477375847033576,-0.6380137621571684,0.35452284597261524,0.7161642658861095,0.6912576208925736,0.5245297605771081,0.4616029099152932,0.5736101447550955,0.8401159358104279,0.5664865349208381,0.3258135853852078,0.41760236644966076,2.7797625319768278,0.19674936974096682,-0.4903671546674297,-0.14386762583630988,1.4262526241265279,0.6160407084282594,-0.04195727479570725,0.16231986177126023,0
1.135715637734753,1.0317440516057692,0.5693561964423357,-1.6014324776621007,0,1,0,1,0,0,-0.3062576875868511,-0.21812234573090036,0.43145089960505906,-0.49566645818110283,0.5663059069384464,0.21531018718969339,0.8843464359297121,0.8077537747341849,-0.12186698658550917,0.6725636365577333,0.39802509547416604,-0.5641219120874152,-0.471729285120813,0.5548786924670497,-0.07448033676447127,-0.0825908358855194,0.06444269713016512,-0.030599909631742236,-0.9971070548845234,0.21952363131345246,-0.6752769949625469,-1.1832801718799955,0.08360042819551111,-0.8446898074512101,-0.5473269737457642,-0.21952363131345246,0.9971070548845228,0.02029268250195297,-0.5596729573423944,-1.537656681467537,-1.3360223106541085,-1.2452251136304073,-1.0961545269847772,-0.9541866793037505,-0.6516131881728072,-1.3484860293897554,-0.5538573609678327,-1.0140677512169813,0.5160619441005718,0.4821031978191731,0.09305597698558829,0.37938770007212164,0.6983559190505837,0.9044189231421907,0.47161139053935697,1
2.0609250825953116,-1.3646581837401863,-0.15484123025532542,1.7718540298733036,1,0,0,1,0,0,-0.028641073495936725,-0.3030172691711004,-0.822280879298011,2.467598417296576,-2.0258063361317347,-2.140053737916515,-0.7449183499089403,-0.6094683405580569,-0.8946893295798733,-0.1152863917360217,-0.4902222108861648,-0.8257917183387117,-0.7343374123761534,-0.4538702437922979,-1.0990304215573874,-0.38319955341458106,0.5162663728094495,0.3541949801118892,0.3041828515459608,-1.4279662609164547,0.5823252990642898,-0.2644701256015508,0.8379916902480464,0.6676653754598302,0.9831153428779945,1.4279662609164547,-0.30418285154596153,-0.6481676444393714,-1.2351161931692491,-1.11916664918768,-1.1163738022448682,-0.8867912286858101,-0.5290646384693491,-1.1988643086375024,-1.4267675574142176,-1.2244638357027204,0.27882240539001907,-0.482931511569848,-0.7885580025686714,-0.2829068128036209,-0.008482709938082702,-0.857816301083085,0.36909507656128593,-0.26463402725168356,-0.5181215015185524,0
-1.0488066626304537,-1.4934970135974959,-1.6032360836506476,0.3052077222492148,1,0,0,1,0,0,1.081825382867721,-0.6001495012118003,-0.2721740783507456,-0.2318022161936352,-0.798098589625658,-0.2824152824596725,0.025546667257813082,-0.5955069568492843,-0.5345143215739302,-0.1629544643488658,0.2265781302529997,-0.08623504991182135,-0.5588696323186517,-0.4815598259511894,0.4626795560406279,-0.08992883645429965,-0.6601229211276926,-0.31380935592492143,0.2600885100232926,-0.3755669404878874,-0.5166921667408994,1.280854209357879,0.640329175994688,-0.4344256202828209,-0.6009364242370115,0.3755669404878874,-0.2600885100232933,-0.4253475354589299,0.491016520610491,0.17269388524144552,0.09815324425328795,-0.1699234587966153,0.3845801819166189,0.5954383064766764,0.5111183656893089,-0.046252995675895824,-0.7203933142394032,0.5793409677244183,-1.2538420394926681,-0.7885913960966542,-0.8884846632765624,-1.5874494299694895,0.4514102871836102,0.29205785388825667,-1.5078543935764617,0
-0.14929748012713334,-0.5400896726534062,-0.8790386569529866,-0.13478617003801185,1,0,0,1,0,0,0.2363566035908452,-0.41989315692096474,-0.6175899766199587,0.2513702444632408,-0.9975388955449132,-0.5171914473886188,-0.7653758908718862,1.2311277176712354,-0.09262359691291609,-0.998646386644988,-1.2377583366580729,-1.567378234542761,0.620389624264313,-0.06908790860599792,1.3032913237941948,-0.7580814290378521,-0.645145792248451,-1.2601235012131824,-0.9352479841380451,-1.2101494081044426,0.99524198333122,-0.3841527911616424,-0.6351791671999082,0.7093913170119199,0.37888112226795506,1.2101494081044426,0.9352479841380443,0.1317027369921738,1.6167552469885829,0.8459169806481733,0.279040251178545,7.593435579547688e-4,0.5106001571422693,0.4323198869208419,1.0648000580046022,0.6358690696027934,1.055990187324014,-0.2553016945782196,0.37921369794645543,-0.02358138547386016,0.2622871218583729,0.728342674756924,0.4514102871836102,-0.09762646290970158,0.038603250264021984,1
1.2128164248064663,0.3102466044048362,0.5693561964423357,1.0385308760612593,1,0,0,1,0,0,9.662702545677801,-0.80540914487201,0.32910544826603294,-0.4534250334769687,-1.4537385724746377,-0.26899950160658986,-1.5492663331434042,-0.0807509119893531,0.14940307832837366,-0.8358937386927402,-0.8140530583202635,-1.3472577218710247,-0.12755708275000097,-0.08639140250143693,0.17717666395497614,0.1012683605218285,0.04044089315713637,0.17229982899829485,-1.2094604077470812,-0.6379707392984506,2.0679712780994244,0.2883248534027183,-0.1024740770666577,1.1693390109982804,1.2265260924265915,0.6379707392984506,1.2094604077470805,-0.11896988561082296,0.11577027848446049,-0.12752722487236504,-0.05689276168264715,-0.03337721691295973,-0.05648973137315825,-1.1173050988595852,-0.762349526635866,-0.046252995675895824,1.611110031562582,0.04820472807728505,-0.5969704579529088,-0.5551985114998699,-0.093098282374475,-0.033013633646279864,-0.4540570296619595,-0.7656567202776299,-0.45626319576493324,1
-1.1259074497021662,-1.8284779712265005,0.27967722576327125,-0.4281154315628296,1,0,0,1,0,0,-0.5460174906653681,0.16274186559328455,0.06044863850108935,-0.34579619792944905,0.7399074201602523,0.3923984944503842,0.12038326479416667,0.9329811549818589,-0.9761633119888478,1.1435438956227004,0.6848906128763885,1.2373586779765429,-0.3266141434817442,-0.9304959234479766,0.47051770059005193,-0.39934313842976515,0.3063969288960879,0.7876745846338634,0.6912331826893887,1.002053003267564,-1.097136423160058,-0.8091916114789741,0.9331466075368255,-1.2410360778644334,-0.12138041644105071,-1.002053003267564,-0.6912331826893894,-1.0659553487776992,-0.10937746679115769,-1.410290149904103,-1.3618633116434313,-1.1940202729240363,-0.2770246880180474,-1.1988643086375024,-1.5375038958772762,-1.534519319920306,-0.9701972441467586,-0.6346847228976005,0.5434315933313949,0.9748215097457181,0.34690269429476517,0.41111087958892223,-0.7010026615289333,-0.32030321536567735,0.5334696962929761,0
-0.14929748012713334,-1.4934970135974959,-0.8790386569529866,0.3052077222492148,1,0,0,1,0,0,0.2363566035908452,-0.41989315692096474,-0.2721740783507456,-0.2318022161936352,-0.4154886416573745,-0.14378554697781856,0.5387850504849104,0.3276324175461564,-1.1452821496322436,-0.08614300711271448,-0.2866872357745458,-0.9649869367633004,-0.759433829169449,0.12098506007274913,1.3269403160566176,-0.8683788723629717,-0.7544410810688719,-1.0455281821798197,-0.9352479841380451,-0.38855952469070976,-0.6283068816803984,0.8796139039191969,0.6930020451408152,-0.6317172164158101,-0.6480473270591157,0.38855952469070976,0.9352479841380443,0.438080386840281,1.841902992264201,1.2553094035306427,0.5374502610717695,0.18851042614798086,1.2352150146897614,0.4323198869208419,1.0648000580046022,1.069946747507413,-0.8036612908751883,0.27583454506891375,-1.235595606672119,-0.7496925819971905,-0.9223308922511192,-1.5240030709358887,0.6160407084282594,0.45906541823023866,-1.5078543935764617,0
-1.3572098109173063,0.5163887321765315,1.7280720791585935,-1.161438585374874,1,0,0,1,0,0,-0.7983962307480176,2.4770007374562706,-0.6047967952025805,0.23111750659139568,1.2375307746283346,1.7263743039419013,1.0607057741354102,-0.003911942091014335,0.5413751642986946,0.6406003794430254,0.45234866505721266,0.5326605697496075,-0.3978817049160886,0.5081741769096038,-0.01288285003550892,0.604337760737473,0.6563803980756354,0.7072101661714467,0.8355570349801581,-0.1022098070627286,-0.9671755494423458,-0.0075364930676127505,-0.13277681834197957,-0.21455421765885926,0.10237766118987093,0.1022098070627286,-0.8355570349801588,0.15955525061472892,-0.3345252120667762,-0.982702508226857,-0.5607922809744348,-0.2894014204448148,-1.033144539371952,-0.22015379130249568,-0.5962450189412776,-0.790386157798101,-0.8869292675109735,0.04820472807728505,0.1785029369204177,0.08014878545804377,-0.008482709938082702,0.506280418139323,0.36909507656128593,0.3477270420022505,0.10046155601764112,1
-1.8198145333475857,-1.4934970135974959,-0.4445202009343899,0.3052077222492148,1,0,0,1,0,0,0.07231042253712305,-0.3501165075180606,-0.2721740783507456,-0.2318022161936352,-0.3062244171815018,-0.09012242356548801,-0.614975851949784,-0.8878037273807692,0.17646102148208062,-0.6365221403361717,0.1053902025444772,-1.102459403743551,-1.2282090213406331,-1.1199695962844258,-0.9870232974412921,0.8515795529185041,-1.2919970740360096,-0.23991929483397212,-1.1515885432024495,-0.36149164093482894,-0.26392153209990693,0.2297602059153194,0.614527196818876,-0.4212218357287244,-0.37124691979837154,0.36149164093482966,1.1515885432024489,-0.9823978079100336,-0.7848207026180125,0.6639647927004092,1.0413497803635572,0.39332978897346543,0.4790951633358572,-0.6279498401920818,-0.1532996650890431,0.6978801664463103,-0.5816133531797613,-0.3311783002420958,-1.5184153153906257,-1.0349505520599276,-1.1084851516111824,-1.5557262504526888,0.28677986593896093,0.1250502895462747,-1.6315710050837011,1
2.52352980502559,0.3617821363477598,-1.6032360836506476,0.5985369837740325,1,0,0,0,1,0,0.03445361152472564,-0.34023148218598254,0.6233486208657331,-0.5303854373899801,0.3306642681298764,0.1482312829242802,-1.2462371372736651,0.06645939320376643,-0.13503736499609406,-0.6246730525287596,-0.31113986850713976,0.28722573536480106,0.5438342370593571,-1.5900531356457743,0.36580110132728205,-0.16171470338793406,-1.1647369556744425,-1.085271298645009,-0.18804420001687264,0.5782415939310317,0.14416071804197808,0.27523391022631927,0.02209292052983501,-0.3110402339756559,-0.6550591247737642,-0.5782415939310325,0.18804420001687194,-1.4837430531160272,0.41596727218528484,0.21818193222838655,0.09815324425328795,-0.3747428216220998,0.1010352376589052,1.0032343553662626,1.2309045656991897,-0.046252995675895824,0.25106641317809053,0.4275877563966659,0.4795690784594736,0.4172718409867329,0.2622871218583729,-0.12818317219668063,0.4514102871836102,0.848749735028197,0.5334696962929761,0
-0.5348014154856993,-2.2149944607984287,-0.15484123025532542,1.0385308760612593,1,0,0,1,0,0,-0.6091121756860305,0.27031420008942836,0.8408327049611636,-0.5552673724896755,1.305239441938554,0.6370128986715909,-0.08995080577259659,0.307009136570332,-0.2601175006980335,1.0772271671693647,0.1683566640278895,0.28920528209663443,-0.4149515524869793,0.8440584689334526,-0.07528451010683203,-0.8252310029671641,0.9826874753175975,0.2591115455726207,1.1169885469471594,-0.7133741297612541,0.9684520619929213,-0.49679804434846975,-0.4736882355653971,-0.4808483269641984,0.0341000836151591,0.7133741297612541,-1.1169885469471603,0.9951306592913848,0.11577027848446049,0.6002815269186915,0.046471242274642305,0.4445346296798359,0.7626401075935709,0.5138790966987595,0.012804842605544792,0.20179139169817292,0.5008703430854462,-0.7484996313934147,-1.0576928866717672,-1.1062650445756115,-1.1931007240475748,-0.0647368131630805,0.2044646553166367,-0.1254610569666985,-1.0748462533011267,0
-1.0488066626304537,-0.17934094905293926,1.7280720791585935,-0.13478617003801185,1,0,0,1,0,0,0.021834674520593164,-0.3390685380292675,-0.6175899766199587,0.26004998926546014,-0.850648592882002,-0.4617395531958772,0.14638130858010306,-0.07917693929180471,-0.5745050267663513,0.2890277353267807,0.2661116873031665,0.8196704064425987,0.16720211161688966,-0.08710071293559836,1.007343617647879,-0.4036678029609446,0.07711460452216161,0.03524093970450015,0.8549852458654548,0.26996871572628706,-0.2905767789856302,1.1178075565179815,0.37972040522068895,-0.31399230210773255,-0.31155230804167455,-0.26996871572628706,-0.8549852458654554,0.0759977097470634,1.2415090048625523,0.6912576208925736,0.3565632541465125,0.3762615087380082,0.8571550890128092,0.8401159358104279,0.4557501964577793,0.3258135853852078,-0.24854144663662048,1.1104772073715516,0.15113328768959466,0.3265079414213163,0.17767154942198057,-0.3185222492974822,0.03983423407198747,0.18071947766026855,0.22417816752487937,1
-1.691313221561397,-0.07626988516709207,1.0038746524609323,-2.041426369949327,1,0,0,1,0,0,-0.4955417426488382,0.07493958176129688,-0.5536240695330674,0.15299980337142172,-0.08883385827611308,-0.060607705688706215,1.042043225034797,0.08247222200516671,-0.9389876492066798,1.8120451972281897,1.3974313436454677,0.026632189773393378,-1.29491429233348,0.28767711085989417,-0.09175580923638006,-0.9115350630024499,0.551493961747449,0.5551338130380802,-0.16027754582615011,0.1952844489803987,-1.1615428909803163,-0.20511466835635359,0.36762274252687943,-1.9011041859966857,-1.2747490668852746,-0.1952844489803987,0.16027754582614942,0.24311279148239442,-0.10937746679115769,-0.06384395909064733,-0.5220307794904515,-0.2894014204448148,0.9201650766256344,-0.30171300108041293,-0.26403600355210183,0.44983577907224165,-1.1367331974183288,-0.3311783002420958,-0.4509989953885172,-0.2051091846046925,-0.9223308922511192,-0.44541496736468245,0.36909507656128593,0.514734606344233,-1.136704559054746,1
-1.485711122703495,0.43908543426214564,0.27967722576327125,-0.13478617003801185,1,0,0,1,0,0,-0.36935237260751347,-0.13090153397727022,0.25234635976176334,-0.41234090807979723,0.5515205460938488,0.21799334336030993,0.314839843227406,0.8538784996487521,0.2425983849543434,0.5423739548733946,-0.14971579367473112,0.19394340244778874,0.36300198942792095,-0.3583099879775233,0.06522391205879777,0.6757715659925728,-0.3517787577414982,-0.5990912720374433,0.5274811195133241,-0.25863368266248993,-0.7958115842085972,-1.1066351547307052,0.3474451333345643,-1.081530016447473,-0.39025815923733914,0.2586336826624906,-0.5274811195133248,-0.5367575899491508,-0.25947596364157,-0.9463120706373036,-0.4961897785011287,-0.596630464683041,-1.4742144526617298,0.6769975162545934,0.4557501964577793,-1.2864749325462383,-0.9701972441467586,-1.317574173872486,-1.481922449749529,-1.112748180258855,-1.396178097894916,-0.9529858396334858,-0.12479618717266176,-0.26463402725168356,-1.8171459223445585,0
0.2876069799459088,0.28447883843337485,-0.8790386569529866,1.478524768348486,1,0,0,1,0,0,-0.6974447347149578,0.9971542980363461,-0.4896581624461761,-0.023488340940371298,0.6268342668502441,0.7850336807506028,-1.681908914676587,-1.4376826860420957,0.06448810595609397,-1.2480202546800963,-1.3487193678357141,-1.122280596643999,0.9959666582999337,0.3319300077858683,-0.6296839189548793,-0.004604933025660483,-0.27025244987048175,-0.4419892347693393,-0.9878020566370264,-0.550966827225982,2.6703958408280073,1.342461078415934,-0.09278491479905833,1.4180171453825992,1.32188477149074,0.550966827225982,0.9878020566370257,0.15955525061472892,-0.7097714541928067,-0.4914316007678933,-0.4186667755331612,-0.4942207832702994,-0.5605696322757617,-0.38327221085833024,0.06817301183707392,-0.4183195767369984,2.221741860225006,1.0346006017076752,-0.43275256256796935,-0.41256952646850126,0.1438253204474232,-0.0012904541294803558,-0.7010026615289333,-0.9883334727336057,0.10046155601764112,0
-1.5371116474179702,-0.17934094905293926,0.27967722576327125,-0.13478617003801185,1,0,0,1,0,0,-0.3188766245909836,-0.19777082298838666,-0.5920036137852022,0.18482553431289261,-0.4517200643281338,-0.29493667792254963,0.7812152459484314,0.4138097080062052,-0.2694429755079113,0.8400990954430853,1.7004493268798475,2.818164446356455,0.3234404425126043,0.5564639124364624,0.2742958184268618,0.2922163416849606,0.24843719662945093,0.6356168806181226,0.9454154897089528,2.905988612453396,-0.5302866316866945,-0.2931832813710347,0.6619868160692524,-0.8885736078145745,-1.590111234954191,-2.9059886124533953,-0.9454154897089535,0.32667033235006016,0.04072103005925432,-0.5824076947417753,-0.354064273059855,-0.23819657973844427,-0.2770246880180474,0.2692014673650073,-0.1532996650890431,-0.4803306735805153,-0.2855494362525249,0.07349692996524401,1.2003031748711541,1.4113526457508154,0.8940833960501021,-0.857816301083085,-1.30464753942598,0.013711913318286572,0.7809029193074537,1
-0.9460056132015023,0.1298722426046032,-2.327433510348309,0.3052077222492148,0,1,0,1,0,0,1.7632479810908743,-0.6588781811259113,-0.6943490651242283,0.5146558367972272,-1.8300715839776773,-0.9044603213476042,-0.9874677776794623,-0.2890930468877813,-0.04492960689350175,-1.3578451077880775,-1.6258698629331925,-0.9360081286501334,1.6276987929415516,-1.6293068582998318,-1.2136793984677217,1.5586953333709037,-2.013406013775785,-1.1360266113852284,0.2430696413654208,-1.5176769613645098,-0.25488623278183603,-0.8190480987379273,1.6277587678070133,-0.16209779821913317,1.004601573979349,1.5176769613645098,-0.24306964136542153,-1.5394480803611372,-1.1600669447440433,-0.17301527185930607,0.6408142650290589,-0.27233314020935756,-0.9386295579527137,1.4110304042558486,1.397009073393778,-0.35630847989348147,-0.19302946221276363,-0.7105613285614767,0.2514886682026129,1.078551680677623,0.9392117013495113,-0.1916295312302808,0.28677986593896093,-0.3759724034796717,0.2860364732784985,0
0.544609603518286,1.2378861793774645,-1.168717627632051,0.5985369837740325,1,0,0,1,0,0,-0.5586364276695006,0.1772786675522229,-0.3617263482723934,-0.16815075431069346,0.3655763304362131,0.2662901544314074,-0.7908067712085262,0.3357365555128203,-0.3841327009308931,-0.828310989058147,-0.24107684905900198,-0.7580488252477899,0.22318643840100807,-1.0558468941717394,-0.3016502785904545,-0.024086969717665694,-0.645145792248451,-0.27625842174756055,0.02438743144227863,-1.0580753433055055,0.044646289744770654,-0.7629955859898735,0.5009171890664387,0.4792791839955851,0.04369913125032969,1.0580753433055055,-0.02438743144227934,-0.9545452942874786,-0.18442671521636386,0.34554846379182197,0.279040251178545,7.593435579547688e-4,0.4790951633358572,0.6769975162545934,0.7325910426154264,0.20179139169817292,0.6951622885689447,-0.1035484832504671,2.6235249348739647,2.5696728878237463,2.682292493539192,0.7917890337905242,2.097714499630101,1.5724491805101195,2.3273605631479377,0
0.72451144001895,-0.02473435322416849,-0.15484123025532542,0.3052077222492148,1,0,0,1,0,0,-0.0412600105000692,-0.313483766581536,-0.20820817126385424,-0.24221790995629838,-0.15039992589118947,-0.05389981526216489,-0.2672934256416553,-0.3822160006638617,0.8171407794518901,-0.1698430909302566,0.27127528851587196,-1.0420794859959746,-0.9747747380775705,-0.7001774888490088,-0.3598781384451968,0.13782678523470443,0.08641729804310445,0.20475171726667046,-0.7989105922128049,-0.6289223324429117,-0.3279310819200871,0.1640854370837836,-0.9785561926925068,0.3151369719412331,-0.15277096081684385,0.6289223324429117,0.7989105922128042,-0.7038726716844818,-0.40957446049198204,-0.2548937564358004,-0.1473362651452761,-0.10165033785478751,-0.18250970659880966,-0.7910682597479163,-0.5408768497097485,0.139780294854656,0.029018475482663446,0.7310941790521709,1.6655872117951496,0.7932937106148858,0.8884423578876751,1.8069307783281299,1.933084078385452,1.6837875567381073,1.708777505611744,0
1.4698190483788447,0.43908543426214564,2.452269505856255,-0.13478617003801185,1,0,0,1,0,0,-0.7605394197356201,1.715272314807901,0.25234635976176334,-0.41234090807979723,1.7490309951810465,1.637830150311556,2.3333656079427962,0.6900742268165219,-0.03233299418777426,1.8934225201674093,1.8847049532640558,0.9036280658866317,-1.415573167126148,2.5315349425856226,-0.1953745888159973,0.27720619812022,1.5397440476608097,1.9538929127124394,1.57487639152627,-0.329502323768793,-0.7151217917960606,-1.1428705070138419,0.3227657816633935,-1.0311078308339137,-0.5426126096206932,0.329502323768793,-1.5748763915262707,2.2206412586838127,-0.25947596364157,-0.24579614703841146,-0.06981326217730856,0.5469443110925782,0.25856020669096863,-0.30171300108041293,-0.9284540343304539,0.139780294854656,-0.8869292675109735,-1.317574173872486,-1.3359509871851372,-0.996051737960463,-1.277716296483967,-0.9847090191502859,-0.04248097655033679,-0.2089648391376897,-1.8171459223445585,1
-1.5371116474179702,0.28447883843337485,0.27967722576327125,1.478524768348486,1,0,0,1,0,0,-0.3188766245909836,-0.19777082298838666,-0.4896581624461761,-0.023488340940371298,-0.23924571316800303,-0.13394730768555796,-1.7371104017842576,-0.4671836344831944,0.35352122288758236,-1.0048415581812657,-0.8405399891870402,0.17310486627460406,1.1509770352295983,0.47696935749180436,0.6907594958115835,0.3308577280174825,0.514741089546847,0.6722784122630208,0.9573302853504951,-0.7133741297612541,2.8920764616840544,1.3332118990004722,-0.1507952458584781,1.8678845712400654,1.7490921733993572,0.7133741297612541,-0.9573302853504958,0.15955525061472892,0.26586877533487285,-0.9008240236503626,-0.6124742829530796,-0.3918111018575571,-0.6865896075014126,0.10608304780917345,-0.319404172783631,-0.8523972546416179,2.33276582907272,0.9587239960437993,-0.5696008087220858,-0.5551985114998699,0.1607484349347019,0.030432725387320277,-1.0302635040182315,-1.378017789531564,0.10046155601764112,1
0.18480593051695732,2.113990222407169,0.27967722576327125,0.3052077222492148,1,0,0,0,1,0,-0.7731583567397526,1.8635476947890721,-0.46407179961141953,-0.055314071881842175,1.1897591452346847,1.4759463946843587,-0.022633593905655204,-0.9583988408715419,0.07522237683592911,0.026032306868288595,0.2633922231459012,1.6323619724086365,-0.21110725520943038,0.30794313526296946,0.7254310504588938,0.7816421523981055,0.6239266083464694,0.7416467210649871,1.1393967240133565,1.0963072413460702,0.33916571566005366,2.0421533878803593,0.6826434727790303,0.5835069774090541,0.381650883320628,-1.0963072413460702,-1.1393967240133573,0.5216379277079463,1.0163612595869336,0.8368193712507843,1.1576342848155081,1.4003583228654286,0.038025250046078915,-0.22015379130249568,-0.7069813574043363,0.38782468222872474,0.25106641317809053,1.793366658346437,-0.1864257194905595,0.1838789563899486,0.4145951522438788,-0.826093121566285,-0.7833178721512579,-0.3759724034796717,0.47161139053935697,1
2.4721292803111155,1.2378861793774645,-0.4445202009343899,0.5985369837740325,1,0,0,1,0,0,0.47611640666936217,-0.5030436641260921,-0.3617263482723934,-0.16815075431069346,-0.6569574689866768,-0.2569252988388155,-0.8501043159843645,1.802837142133688,-0.2603602955696725,-1.0871618774312848,-0.7346897316921219,-0.8777527436017172,0.5388732962875379,-1.180137958971891,1.7150012874599234,-0.004493544117790892,-0.9625188606336611,-0.8932629929013401,-0.16027754582615011,-1.0381887348318,0.002910801746494591,-0.7563999146027618,0.3514056676826384,0.5142683326702764,0.0830351803043108,1.0381887348318,0.16027754582614942,-1.2052179168904753,1.0914105080121401,-0.9190192424451392,-0.7804407893836761,-1.0745423112758372,-0.7811045889206503,0.18764225758709038,0.2896456887631914,-1.1004416420156866,0.4731143508735179,-0.2553016945782196,1.9392837041033824,1.8694942340333933,2.0222910285353324,0.5697267771729232,1.6861384465184783,1.1827648637121608,1.770635811365363,0
0.8530127518051386,-1.235819353882877,1.7280720791585935,0.3052077222492148,1,0,0,1,0,0,-0.7479204827314877,1.4536098795470105,-0.6047967952025805,0.1992917756499248,0.6797739475773028,0.9639107587917047,1.3176787600377384,0.1524927052507775,-0.48057955992862855,1.0598383580820894,0.5091655156715191,-0.004863998558496595,-1.0602804376779038,1.1023917352644925,-0.41425365441117157,0.17036934393543945,1.5486472730438468,1.667645292635157,0.5274811195133241,-0.529783266025729,-0.7307675588993122,-0.6242912407504679,0.8281731182312184,0.10383887966301351,0.9661909401938413,0.529783266025729,-0.5274811195133248,1.5243284181199328,-0.03432821836595151,1.2916998411201945,1.1963957862994923,1.8782701694582253,1.2352150146897614,-0.709509049969999,-0.983822203561983,1.814079909629618,-0.7203933142394032,-0.6346847228976005,-0.19554893590083341,0.2487103132223888,0.27921023634565156,-0.033013633646279864,0.2044646553166367,-0.04195727479570725,0.16231986177126023,1
1.7525219343084582,-0.02473435322416849,-0.4445202009343899,0.3052077222492148,1,0,0,1,0,0,1.6244396740454172,-0.6484116837154758,-0.20820817126385424,-0.24221790995629838,-0.8941641359187406,-0.31148280764135156,0.506162355689191,-0.15133561460714984,-0.04296790576798605,-0.08931849000150531,0.13165956995066164,-0.5667507247481351,-0.9022460405889406,0.40932042346581116,0.054464530194098665,-0.827668659379037,0.06478903148610286,0.05510030553083782,0.06512235289855199,-0.8375679493470519,-0.29484293269211675,0.2622742511292968,-0.7729886159965081,0.18490721221309706,-0.11736916514374103,0.8375679493470519,-0.0651223528985527,0.438080386840281,0.11577027848446049,0.20908432283099887,-0.26362076959722697,-0.22112829950298704,0.9201650766256344,-0.05703537174666111,-0.09793149585751397,0.20179139169817292,0.0012624832707351544,0.7310941790521709,1.3553978538458196,0.6765972683164937,0.7192112130148905,1.489698983160128,2.180029710252426,1.795125932966095,1.275769365336409,1
1.2128164248064663,-1.6996391413691911,0.27967722576327125,1.0385308760612593,1,0,0,1,0,0,-0.7100636717190902,1.1338002364503668,-0.5152445252809326,0.07719669876537293,0.6425349774034481,0.8123124351518708,-0.8889574121368106,0.7835912130315108,1.1793839314708336,-0.7776746763976897,-0.5074527505950028,-0.5682380792798587,-0.11475372046797705,-0.7097946599092768,0.5602534676278468,0.9528608064567369,-0.03203136146079709,0.509339735854668,-0.4291756706205317,-0.34935776200978186,0.526898460273016,-0.5142539063509954,-0.6547241269730507,1.0188265667119505,1.1569845458881187,0.34935776200978186,0.42917567062053097,-0.6203151308168162,0.641115017460903,0.3182556355996563,0.7829397704703327,0.7346953936826055,-0.15100471279239655,-0.7910682597479163,-0.7069813574043363,0.5738579727592754,0.3898463742377325,-0.5588081172337243,-0.2867811000035777,-0.5681647828663581,-0.1607907403235886,0.7600658542737248,-0.4540570296619595,-0.6543183440496418,0.2860364732784985,0
-0.5348014154856993,1.4697960731206219,1.0038746524609323,2.505177183685348,1,0,0,1,0,0,0.7411140837561441,-0.5501429024730524,-0.7839013350458762,1.709567371236088,-2.010194288405452,-1.7442882027505773,-1.3086117777432578,-0.339778202666203,-0.1956558382303125,-0.7558403558212811,-1.0899965691202216,-1.791671401482823,0.08994194062237142,0.7142045458860473,-0.6467741770005345,0.05323300475822872,0.5739792352196095,0.6415060996308009,-1.171446535938352,-1.2817996886347096,2.5332812991285594,-0.18156792585534332,0.3209621213808303,1.5902395422862525,2.0433547707484916,1.2817996886347096,1.1714465359383512,0.4102278732177254,-0.7848207026180125,-0.7370670544973751,-0.5995537824584191,-0.3576745413866426,-0.40304466324369825,-1.4435419379712537,-1.2052948804881005,-0.4803306735805153,2.33276582907272,-0.17942508891434333,-0.02220782410562002,0.14498014229048395,0.7869036709640054,0.47455723862252236,-0.4540570296619595,-0.9883334727336057,0.47161139053935697,0
0.18480593051695732,-1.5450325455404195,0.27967722576327125,0.3052077222492148,1,0,0,1,0,0,-0.7731583567397526,1.8635476947890721,-0.3361399854376369,-0.19418998871735144,1.3738034736029834,1.58327264150902,-0.05972025793162789,0.16495911541576946,0.07678185549680001,0.09330619137586921,-0.10510238821491183,0.30793213628526084,-0.6088093332841673,0.3792122666629507,0.7575676059702096,0.43651059493713806,0.4176942278800037,0.6385489337492344,1.5875602653373244,-1.154540235155578,0.46194690113397074,0.5325030344065032,0.3336876823190187,0.2881278013829264,0.7600570025110672,1.154540235155578,-1.587560265337325,0.4659329004628361,0.8662627627365218,0.4001341201761507,0.5762117625557528,0.7346953936826055,0.16404522527173035,-0.05703537174666111,-0.7069813574043363,-0.10826409251941274,0.25106641317809053,0.27583454506891375,-0.5513543759015367,-0.30883935553659736,-0.1777138548108673,-0.1916295312302808,0.36909507656128593,-0.15329565102369538,-0.5799798072721716,1
-1.100207187344929,1.7274737328352407,1.7280720791585935,2.9451710759725747,1,0,0,1,0,0,-0.356733435603381,-0.1338088943690579,-0.7455217907937414,1.2090354209747733,-0.9594571045273151,-1.0372765517931222,-1.5769529350995686,-0.6538929505051105,-0.2490165362119849,-0.722508399473875,-0.8991244885416156,-1.6939153341066857,0.6047348622168366,1.1585801385321968,-0.9850846057740822,0.5266910995396344,1.1810125510734588,1.340572767036742,-1.6101471646499057,-0.7133741297612541,3.350431066834685,-0.08934753740747481,0.8696877082464571,2.1471340645251247,2.4777142562874768,0.7133741297612541,1.6101471646499057,0.605195468575612,-1.1600669447440433,-1.1919475243667854,-0.7804407893836761,-0.32353798091572933,-0.9386295579527137,-2.0144564064166746,-1.814344742034923,-0.6663639641110671,3.387493533125998,0.04820472807728505,0.42482977999782756,0.8321925247143505,1.7515211967388769,0.2207718024881207,-1.853415610241477,-2.213055611241474,1.1520527538291696,1
1.2385166871637046,-1.8542457371979617,0.5693561964423357,-0.13478617003801185,1,0,0,0,1,0,-0.34411449859924853,-0.17160457946229762,-0.5280377066983108,0.10092133455810576,-0.27820839517963436,-0.20997006585302627,-0.2552692665101794,-2.4086057727481984,0.835518969555193,-0.30470314237353696,-0.52414334549682,-0.5084728689629577,-0.04171147001786573,0.03808425896245537,-0.6637855758886622,0.08094174821871787,0.5046207013027205,-0.039331317357144416,1.0418552473722593,-1.7267956975813556,0.3930114718474884,2.6409211940647923,-1.060843770465745,0.9120075369047362,0.6430126433924531,1.7267956975813556,-1.04185524737226,0.32667033235006016,-0.3345252120667762,1.1734309189541483,1.0413497803635572,1.2296755205108585,0.25856020669096863,1.3294711944779316,0.8433273810784847,1.0079356506638961,0.3620903820258042,2.476256109321323,0.023408257945752128,-0.5292659687668935,-0.1607907403235886,0.9821281108913258,1.1099319721622063,0.29205785388825667,-0.1469716669968365,1
-0.14929748012713334,0.8513696898055362,-2.327433510348309,1.7718540298733036,1,0,0,1,0,0,-0.6848257977108253,0.619197447103949,-0.7711081536284979,1.449175027169508,-0.36610906074714133,-0.6437469801026983,-0.9728644923414003,0.24165352106465862,-0.598400989487846,-1.2932310200180355,-1.4411818473556754,-0.8239359674364598,1.3551887002831733,-0.3651301371144059,0.049633090239176024,-0.7001809245722216,-0.006627156363135979,-0.2637331156923904,-0.10413398130864084,-1.020471574555225,0.9879580279407393,-0.2819557012304038,0.11441989517756536,1.7405003009295459,1.6161229288461092,1.020471574555225,0.10413398130864013,-0.11896988561082296,0.41596727218528484,1.127942871967207,0.5374502610717695,0.512807750621665,1.2352150146897614,1.0032343553662626,1.1755363964676604,1.2559800380379649,1.3057941172313696,0.04820472807728505,1.0725781451273115,0.9748215097457181,1.7176749677643206,0.9504049313745251,-0.37174181903963527,-0.8213259083916238,1.4613442825972665,0
1.7525219343084582,1.4440283071491598,-0.4445202009343899,-0.13478617003801185,1,0,0,0,1,0,1.6244396740454172,-0.6484116837154758,-0.8478672421327675,4.576776404235873,-3.482395137026279,-4.035703572457092,0.9445037316515121,0.6329943226272904,-1.9795065781556673,0.3117626816989607,-0.4192518320298858,-1.0824370525769373,-0.14386244434974405,0.2656635880218671,-0.19499250536226642,-0.5416825740144714,0.11988835204610285,0.23036552080940473,0.03622492998512883,-1.5122424827725962,-1.0479075036986536,-1.064143784361079,2.1617130589854607,-0.3022920320720647,0.7699550089617822,1.5122424827725962,-0.036224929985129536,0.38237535959517033,-0.03432821836595151,0.5002078235474204,0.12399424524260985,0.17144214591252482,1.0146800580448727,-0.22015379130249568,-0.26403600355210183,0.3258135853852078,-0.859173275299045,-0.7864379342253526,1.0725781451273115,2.180684746829105,1.8869061126371052,-0.3185222492974822,0.9453015509175579,0.23638866577426285,0.9664778365683122,0
-1.691313221561397,-1.3646581837401863,1.0038746524609323,1.7718540298733036,1,0,0,1,0,0,-0.4955417426488382,0.07493958176129688,-0.822280879298011,2.467598417296576,-1.4576827254211728,-1.8493784860997247,-0.19268521925190665,-0.13055614757360684,-1.1001137998303843,0.3401587665586163,0.49859201735912895,0.30550007729972534,-0.3264264290792468,0.3841344161425397,-0.4101901254556649,-0.5386555575354256,1.1143419366848177,1.5096271209966121,0.6912331826893887,-0.26889098598050765,0.6517560703399445,-0.2317270532328407,0.9625955308194211,0.6454298408169414,0.8256630169837117,0.26889098598050765,-0.6912331826893894,0.24311279148239442,-0.4846237089171882,-0.3640650692044592,-0.5737127814690962,-0.135786898325702,0.8256500952063961,-0.5463906304141645,-0.8730858650989243,0.20179139169817292,0.3065783976019474,-0.482931511569848,-0.8797901666714156,-0.30883935553659736,-0.0423289389126401,-1.1433249167342867,-0.5363722402842841,-0.7099875321636356,-0.45626319576493324,1
1.4441187860216065,0.8513696898055362,-0.15484123025532542,1.7718540298733036,0,1,0,1,0,0,-0.8236341047562825,4.596466463069483,-0.7711081536284979,1.449175027169508,1.269648225209414,2.4150510544001436,-1.4395745801166253,-0.694565641717737,1.4733126014243696,-1.5174886961063365,-0.5865174070850924,0.6040097709361987,1.0691380593198263,-1.137242810453076,-1.1649917912777477,1.9200488306204124,-0.35553607144632343,0.6426280068621827,1.2994551316290601,-0.4649864905896614,0.865443880301529,-0.213750061328471,-0.08460377644124004,1.697485845817099,1.3899025257749893,0.4649864905896614,-1.2994551316290608,-0.9823978079100336,-0.9349191994684248,0.8277217618533966,1.8036593095485693,1.5369045647490853,-0.34003467563087314,1.0032343553662626,0.40038202722625016,0.6978801664463103,1.0004782029001573,-0.02767187758659086,0.5799244589724931,0.4432043837197094,1.142289075196852,0.6014499566897238,-0.7833178721512579,-1.0440026608476,0.9664778365683122,1
-1.691313221561397,1.4697960731206219,1.0038746524609323,2.505177183685348,1,0,0,1,0,0,-0.4955417426488382,0.07493958176129688,-0.7839013350458762,1.709567371236088,-1.00139976970615,-1.2635560555151162,-1.8053489974971153,-0.12489016854207843,-0.9415575218728884,-0.7297572546897504,-0.9179303567061222,-0.5205206949185477,0.645467411764835,-0.04512706595563874,-0.09486038689799796,-1.05120691096447,0.7270921246692668,0.8652425229943816,0.4292298816076853,-1.1356331163529634,2.465291295500207,0.07638662256837894,0.2307791072526681,1.7068270756062278,2.038095338154597,1.1356331163529634,-0.42922988160768605,-0.06326485836571254,-0.10937746679115769,-0.054746349693259644,-0.5866332819637576,-0.2894014204448148,1.2352150146897614,-0.05703537174666111,-0.26403600355210183,0.3258135853852078,2.2494978524369347,0.04820472807728505,-0.058700689746716966,0.06718251409155555,0.7530574419894479,0.4428340591057229,-0.6186874509066087,-1.0996718489615938,0.47161139053935697,1
-1.100207187344929,1.4440283071491598,1.7280720791585935,-0.13478617003801185,1,0,0,0,1,0,-0.356733435603381,-0.1338088943690579,-0.8478672421327675,4.576776404235873,-2.4058398535803516,-3.639938037291154,1.6037355213016138,0.17780641697441635,-0.8876182862932508,1.3488791700060372,0.9626710204483295,-2.180403562985922,-1.638944137062456,1.078598004461711,-0.8186433102115357,0.46173905120430114,1.4172825471150834,1.6949632522600042,-1.4375436385994584,-1.5480721265123074,-1.1523108642955453,-1.064143784361079,1.6774071492674656,-0.4168956234308844,0.40328224367857207,1.5480721265123074,1.4375436385994576,0.577342954953057,-1.009968447893631,-1.1009714303929035,-0.7287587874050313,-0.18699173903207253,-0.6865896075014126,-2.0144564064166746,-1.8697129112664523,-0.5423417704240322,-0.9701972441467586,-0.7864379342253526,1.0725781451273115,1.8954267767663688,1.5653669373788135,-0.12818317219668063,1.6861384465184783,0.9044189231421907,0.8427612250610729,0
-1.691313221561397,1.4440283071491598,1.0038746524609323,-0.13478617003801185,1,0,0,0,1,0,-0.4955417426488382,0.07493958176129688,-0.8478672421327675,4.576776404235873,-2.180874099947691,-3.4793958597492654,0.728632845132829,0.6152104023581799,-1.8545167465589487,0.6798126175819942,0.2509660430345401,-0.5621977672649172,-0.41066869991730354,-0.16709085329856815,-0.2935182587603198,-0.7957680740755507,0.5124611588000273,0.8252412513402534,0.6912331826893902,-1.4523273562967454,-1.180136919891732,-1.1384357325553083,1.7355163483594294,-0.4102352756926512,0.47941931450825026,1.4523273562967454,-0.6912331826893908,-0.09111737198826762,-0.18442671521636386,0.3182556355996563,-0.1602567656399366,0.0519641842643253,1.424244977528238,0.10608304780917345,-0.2086678343205727,0.44983577907224165,-0.9979532363586869,-0.8623145398892288,1.0908245779478607,1.947291862232321,1.6161362808406496,-0.09645999267988113,1.2745623934068555,0.5704037944582268,0.8427612250610729,0
0.6474106529472365,0.7225308599482267,-0.15484123025532542,-0.13478617003801185,1,0,0,1,0,0,-0.24316300256618875,-0.22800737106297844,-0.08027635709007157,-0.303554773225315,0.1603301665593148,0.059239936598832026,0.6556153491156518,1.2137961448787011,-0.9008286935716044,0.5656077052959633,0.3351863651530455,0.7447721742882872,0.18113505632123408,0.0890345269741167,1.3508267317342157,-1.3695016880896478,0.8841456297077719,0.4966393695832373,0.23272740579640636,0.7849642097577141,-0.8226868521017502,-0.3127447354304856,-0.1447541202385291,0.11260415181413425,0.04911299061358692,-0.7849642097577141,-0.23272740579640636,-0.007559831120602114,1.0914105080121401,-0.31857702221751816,-0.9484072958142716,-0.596630464683041,0.8571550890128092,-0.13859458152457876,-0.26403600355210183,-0.17027518936292965,-0.8314172830871166,-0.4070549059059717,-0.3871364805165972,-0.39960325510201306,-0.33002188519637315,-0.1916295312302808,-0.7010026615289333,-0.4316415915936655,-0.023255055489598248,1
1.7525219343084582,-0.1535731830814779,-0.4445202009343899,-2.334755631474145,1,0,0,1,0,0,1.0692064458635884,-0.5960791966632976,-0.7071422465416066,0.566734305610543,-1.6783033995324295,-0.8964108528357546,0.4257293019815148,-0.23329579374848078,0.20355205188641085,-0.04233971298315287,0.24306122082532874,0.1565190925857427,-0.47908468209955213,0.11819983167022535,-0.30898547545577315,-0.3818242049893597,0.12241350008296584,0.18448830948617345,0.08301123374971872,0.13114384342216406,-0.47388307870682034,0.010670932100336036,-0.6619589769911797,0.17858135193007957,-0.1358745647533016,-0.13114384342216406,-0.08301123374971872,0.1317027369921738,-0.25947596364157,0.10901061945972781,-0.10857476366129187,-0.05044549714841698,0.5106001571422693,-0.30171300108041293,-0.3747723420151606,-0.17027518936292965,-0.47058938433204756,-0.02767187758659086,-0.10431677179808911,-0.4255357978349895,-0.33002188519637315,0.2524949820049213,0.2044646553166367,0.29205785388825667,-0.08511336124321738,1
0.544609603518286,-1.4677292476260335,-1.168717627632051,0.3052077222492148,1,0,0,1,0,0,-0.5460174906653681,0.1772786675522229,-0.38731271110714993,-0.12764527856700325,0.3016605832908886,0.2349866657742146,-0.6126443255067581,0.0782934517530269,-0.2785677310044973,-0.5519983274385588,-0.07533413091500767,-0.8039669592729707,-0.15828826517656874,-1.0369191381903609,-0.01818399094682807,-0.09014485489257196,-0.8407273031503003,-0.4351698521648218,-0.5029586926677684,-0.5976867361744845,-0.18418053720068983,-0.12567654255982816,0.29022453472700854,-0.08793667391178134,-0.326920601948626,0.5976867361744845,0.5029586926677676,-1.0102503215325889,-0.10937746679115769,-0.2730889752305771,-0.2765412700918884,-0.5795621844475838,0.06953024385249205,0.35076067714292497,0.6772228733838963,-0.10826409251941274,-0.38732140769626244,-0.4070549059059717,-0.9162830323125138,-0.6459624110652865,-0.6346379459673855,-1.1116017372174867,0.4514102871836102,0.18071947766026855,-1.2604211705619852,1
-1.280109023845593,0.0010334127472937634,1.4383931084795292,0.3052077222492148,1,0,0,1,0,0,0.6023057767106869,-0.5332802122006839,-0.24658771551598904,-0.22775166861926618,-0.5807080307202706,-0.234118471388575,0.2116147426481407,1.3811923820014156,0.777626000946639,-0.5576481417153035,-0.9429797182051946,0.23632514939999355,0.919993204010598,0.055519061263651144,2.1787643028371337,0.05448436736612281,-0.3129288898150878,-1.102613984325081,0.7938248367274053,-0.4649864905896614,-0.2387814590727409,0.2869083592282695,-1.0082892591686985,0.4430517325437656,0.14943186771327482,0.4649864905896614,-0.793824836727406,0.3893384880008092,2.81754322179188,1.3440110951551771,1.1705547853101694,0.9693842469201394,-0.08799472517957138,2.2266225020350205,1.8814805541696595,0.6823773922354309,0.0012624832707351544,0.6552175733882943,1.0725781451273115,0.31354167005482897,0.4822876101929924,1.6165917012273294,1.0276167615398821,0.848749735028197,1.2139110595827887,0
-1.100207187344929,-0.17934094905293926,0.27967722576327125,-0.13478617003801185,1,0,0,1,0,0,-0.5207796166571032,0.11040937854110647,-0.6047967952025805,0.23979725139361502,-0.1581902790310473,-0.10040785555285138,-0.7079597647155536,-0.3405946230373355,-1.0053406855473115,0.19621084678426504,0.3781410038221424,-0.5167464988268092,-0.7702896848225099,-1.1632590987559077,0.7196180663673272,-0.7258909533734021,0.012584838647356754,0.4027930708684028,-0.5666803935267488,-0.14275387761029457,-0.17787949872455427,1.1883743905196342,0.6448839927719099,-0.2525892849605538,-0.09835278839622415,0.14275387761029457,0.566680393526748,-1.2330704305130304,0.11577027848446049,-1.3193140559302208,-1.4264658141167375,-1.347634795043149,-0.08799472517957138,-1.4435419379712537,-1.4267675574142176,-1.3484860293897554,-0.1375174777889068,1.1863538130354276,0.16937972051014377,0.4821031978191731,0.34690269429476517,-0.3819686083310823,0.28677986593896093,0.23638866577426285,0.2860364732784985,1
-1.6656129592041589,0.28447883843337485,1.0038746524609323,-0.8681093238500562,1,0,0,1,0,0,-0.6469689866984278,0.39765658524972836,-0.7199354279589849,0.9746823113148515,-0.21546788094178354,-0.447429386952589,-0.31756676084201024,0.25130302806719745,-0.5065278815086327,0.6322067184839065,0.9616439921847026,1.3196686742682808,-0.4315209236400567,-0.27780787048681815,-0.48644849303504845,-0.6757708410475048,0.46725737698493897,0.5875629682606219,0.6912331826893887,1.1143140211580842,0.16400196050276783,-0.8322347142593188,0.013356058645503967,-0.39074607354170776,-0.676543408628359,-1.1143140211580842,-0.6912331826893894,-0.23037994010104354,-0.40957446049198204,0.17269388524144552,-0.21193876761858224,-0.01630893667750248,0.9831750642384596,0.2692014673650073,-0.04256332662598434,0.20179139169817292,-0.1375174777889068,-1.0140677512169813,-1.0440080620563552,-0.8793552956620708,-0.9561771212256767,-1.0798785577006862,-0.6186874509066087,-0.15329565102369538,-1.0748462533011267,0
2.52352980502559,0.6967630939767645,-1.6032360836506476,1.478524768348486,1,0,0,1,0,0,0.16064298156605036,-0.3867492484545853,-0.13144908275958464,-0.2780941884721383,-0.22615939230211124,-0.08252014774874118,-1.8537167262417968,-1.9345468397018422,1.2339878922962226,-1.6978895203582005,0.22865207710940075,1.5966254400296078,0.8804482597977235,-1.5590536050435637,0.3800117443940244,-0.22625958831588697,-1.2361042861023774,-1.009015919193896,-0.18804420001687264,2.3641066199749314,1.0198502399163853,3.035913672668187,-1.9142718534739862,1.068039352715482,-1.2823665547779282,-2.3641066199749314,0.18804420001687194,-1.4558905394934718,0.41596727218528484,0.1817914946388332,0.03355074177998182,-0.4600842227993849,0.25856020669096863,1.0032343553662626,1.2309045656991897,0.015758101167622184,0.3898463742377325,1.793366658346437,-1.4636760169289798,-2.033353447279506,-1.6161785862295364,-1.206771275767887,-1.4418395571298541,-0.5986491559356475,-1.3222794763156045,0
1.2642169495209417,2.113990222407169,0.27967722576327125,0.3052077222492148,1,0,0,0,1,0,-0.25578193957032125,-0.22684442690626339,-0.4768649810287978,-0.040847830544809956,-0.29267660741837764,-0.14289116158761306,0.6407810919497988,0.945442414523635,-0.40690110440762545,0.629131763872389,0.11434631575326502,-0.06251842660684058,-0.12043670679337923,1.2816897915873167,2.9553637880203034,0.15945665605079662,1.3720767700327212,0.6838066994880913,-0.7858772647355261,0.6941558255444424,0.3896276313664057,1.662969180739307,0.7164860023826778,0.5106114132981595,0.5189483391750707,-0.6941558255444424,0.7858772647355247,0.6609004958207222,1.841902992264201,-1.2920212277380552,-1.0259302987822392,-0.5112890635057554,-1.348194477436079,-1.2804235184154193,-1.149926711256571,-0.728375060954584,0.44535835866158957,1.717490052682561,0.31535118307453414,0.6506647255835172,0.8376730144258402,-0.3502454288142823,-0.6186874509066087,-0.3759724034796717,0.8427612250610729,1
1.0329145883058024,-1.1069805240255675,0.27967722576327125,1.7718540298733036,0,1,0,1,0,0,-0.3188766245909836,-0.19777082298838666,-0.5152445252809326,0.07198885188404132,-0.28628551685264986,-0.2077341023775125,-1.058323283476086,0.2941384522513105,-0.7019268208487279,-1.0392226350058391,-1.1517376938607888,1.5276097175316172,1.5172285779784904,-0.5736205101477161,-0.30434834408448286,-0.3872364288134816,-0.4196764901364008,-0.16721044424448547,0.6912331826893887,1.3979208031972914,0.8984694331434026,-0.7086037465744085,0.5704222127691865,0.9877787111997539,1.3340669555513316,-1.3979208031972914,-0.6912331826893894,-0.3417899945912644,0.04072103005925432,1.137040481364595,0.7312577684916879,0.512807750621665,1.3612349899154128,1.0847935651441794,0.7879592118469556,0.6358690696027934,0.5286263352973745,-0.8623145398892288,-0.8250508682097696,-0.4385020692014777,-0.0423289389126401,-0.5723076854318833,-1.853415610241477,-1.6563637301015341,-0.332546584257695,0
1.726821671951222,1.109047349520155,2.8867879618748513,1.7718540298733036,1,0,0,1,0,0,-0.7226826087232228,1.2588167332972366,-0.42569225535928473,-0.10160604416034526,0.863639856874863,1.0466414073857142,0.9166622455702332,-0.06451775939025162,1.7472994016041667,0.2073260650212632,0.8352895327801735,1.6826730912384604,-0.32303145658729154,3.635994181646566,0.07362766480256727,0.9177590268560298,2.160516049135158,2.469135438368361,1.2405949430219954,1.0645584453617318,2.3584013781900297,0.16231122781586332,-1.466357503222178,1.8622465925456204,1.324712875623766,-1.0645584453617318,-1.2405949430219962,3.5018568853213514,0.11577027848446049,0.15449866644666885,0.6149732640397371,1.5369045647490853,-0.08799472517957138,-1.6882195673050053,-2.146553757424099,0.7598912632898273,2.0274499147415077,0.04820472807728505,-0.2867811000035777,-0.9701191952274875,-0.2792525417345383,1.1407440084753266,-1.853415610241477,-1.7677021063295222,0.40975308478573785,0
0.13340540580248203,1.4440283071491598,0.27967722576327125,-0.13478617003801185,1,0,0,1,0,0,-0.6722068607066928,0.5145324729995927,-0.5280377066983108,0.09802808629069931,0.44498297934688336,0.319953277843738,-0.2613932309567123,-0.27535997848923055,0.5237801406882004,-0.5712680726142273,0.10456944217274854,1.5615892779648495,0.26879185696382646,-0.4488858816531199,-0.7837544135459078,1.3938762012003267,-0.48666184675224805,0.6600901033235481,1.0520428134163116,1.0864182721050466,-0.08504783322472229,-0.4072077540971539,0.6846861582385856,0.2891807543478566,0.5085041135677689,-1.0864182721050466,-1.0520428134163122,-0.5367575899491508,-0.8598699510432187,-0.5642124759469986,0.188596747715916,-0.01630893667750248,-0.6235796198885869,-0.13859458152457876,-0.5962450189412776,-0.6043528672675491,-0.10976148557697851,-0.4070549059059717,-0.08607033897753999,0.2746428559553643,0.38074892326932136,-0.4136917878478824,-0.8656330827735822,-0.48731077970765985,0.47161139053935697,1
0.3647077670176212,-0.87507063028241,0.5693561964423357,0.7452016145364414,0,1,0,0,1,0,0.45087853266109723,-0.49490305502908666,-0.2849672597681238,-0.21907192381704685,-0.5499749700447042,-0.21131164393833451,-0.2659467650529523,1.4693048176217158,-0.6392832087313401,-0.7293015974910063,-1.603520139435834,0.094271250592978,1.798852196432352,-0.03066462802085201,0.7451302084695132,-0.5121418139096316,-0.29440517386780474,-0.7729314588938765,-0.5702641928891875,0.6941558255444424,0.33916571566005366,-1.2702118878945778,0.35926843023907595,0.6933122767854574,1.3300375845042633,-0.6941558255444424,0.5702641928891868,-0.06326485836571254,0.641115017460903,-0.10933200607758836,-0.354064273059855,-0.4430159425639276,-0.15100471279239655,0.2692014673650073,0.6218547041523672,-0.17027518936292965,0.4731143508735179,-1.0899443568808573,0.5799244589724931,0.6895635396829819,0.9561348158367899,0.886958572340925,-1.4418395571298541,-1.378017789531564,0.9664778365683122,1
1.2385166871637046,-0.02473435322416849,0.5693561964423357,-0.13478617003801185,1,0,0,1,0,0,-0.14221150653312897,-0.2762695535666538,-0.46407179961141953,-0.05126352430747315,-0.38872053881113894,-0.17285307215949763,0.40556289068733,0.2995776082169239,-1.0343827498888754,0.41693280075013445,-0.12768344293580308,0.7398421902029335,0.7971237735748404,-0.02245639383341797,-0.3570219408883657,-0.2685662658851837,0.3579580257648644,-0.12504794387957233,1.2358039974376995,-0.21659885141806862,-0.5863832361188639,-0.7688364117994445,1.144152674342674,-0.20830426469300575,0.04390975064534442,0.21659885141806862,-1.2358039974377002,0.10385022336961848,-0.18442671521636386,0.5365982611369737,0.3048812521678669,0.4445346296798359,0.2270552128845555,1.4925896140337656,0.8986955503100138,0.3258135853852078,-0.7759052986632599,-1.0140677512169813,-1.262965255902942,-0.5811310542328463,-0.6177148314801074,-1.5874494299694895,-0.8656330827735822,-1.0440026608476,-1.569712699330082,1
-0.07219669305541997,1.1348151154916164,-2.0377545396692445,0.5985369837740325,1,0,0,0,1,0,-0.5333985536612357,0.13076090128362017,-0.2977604411855021,-0.21444272658919655,0.3877053774361465,0.2662901544314074,-1.183628846436317,-0.3304469658099097,0.9376260380479061,-1.3546804210795744,-0.8936259372964632,0.3041515425242971,0.9815304877721232,-1.2237392004704397,-0.43469562616158103,0.7728621404748905,-1.787221692735263,-1.279035510248243,-0.3305796915292576,0.7426913412446393,0.42311893345961593,0.018080295311219432,-0.5051142880331213,0.057907415149668705,-0.08697174701729701,-0.7426913412446393,0.3305796915292576,-1.2330704305130304,-0.6347222057676005,-0.8371407578686448,-0.354064273059855,-1.0062691903340089,-1.0646495331783645,0.10608304780917345,0.2896456887631914,-1.534519319920306,0.0012624832707351544,-0.4070549059059717,-1.272088472313216,-1.2942759793896883,-1.1931007240475748,-0.635754044465484,-0.8656330827735822,-0.6543183440496418,-1.3222794763156045,0
0.930113538876852,-0.17934094905293926,-0.4445202009343899,-0.13478617003801185,0,1,0,1,0,0,-0.48292280564470574,0.0028370440449626386,-0.579210432367824,0.19061203084770548,-0.17005144961488727,-0.14512712506312683,-0.1598554112819571,-0.7696789330380578,0.4314629128345466,-0.218416971549655,0.6566904242908113,1.7147312668418493,0.37626052708781266,-0.5302244462495881,-0.44210620543557877,1.0579022380467598,-1.0012560872869574,-0.7235323983328785,-0.5252107151899512,2.8595865260147466,-0.30751117854877524,0.6135161990976297,0.4732654695961231,-0.6977611592776017,-1.5601182764427137,-2.859586526014746,0.52521071518995055,-0.7038726716844818,-0.7097714541928067,-1.0918738209955157,-0.4574282770171454,-0.801449827508525,-1.5057194464681423,-0.5463906304141645,-0.3747723420151606,-1.1624527388592034,-0.19302946221276363,0.7690324818841089,0.49325390307488576,0.6765972683164937,0.3299795798074865,-1.175048096251087,-1.4418395571298541,-0.26463402725168356,0.007674097387211866,1
0.544609603518286,1.2121184134060021,0.27967722576327125,0.3052077222492148,1,0,0,1,0,0,-0.4198281206240434,-0.09892056966760585,-0.7327286093763631,1.1829961865681156,-0.7972318651325021,-0.990321318807333,0.6209619525095524,-0.11223444291839936,-1.2783459709204754,0.5562656291811084,0.024404009810951817,0.893586170134717,0.1309030325735888,0.35430673494871656,0.4078032600435813,-0.9676581915987605,0.8345029210584917,0.7186373523034231,1.4159231644047408,-0.18555039652161812,-0.5094435959626288,0.5625736487998529,0.7751386051353082,0.07599983382705484,0.6698830951489777,0.18555039652161812,-1.4159231644047414,-0.23037994010104354,-0.3345252120667762,-1.8833658385682892,-1.9691268348925084,-1.6377955590459181,-0.5920746260821743,-0.709509049969999,-1.2606630497196296,-1.8445748041378918,-0.38732140769626244,0.7310941790521709,0.5251851605108457,0.8710913388138142,0.854596128913119,0.2524949820049213,-0.20711139779498602,-0.32030321536567735,0.7809029193074537,0
-1.8455147957048228,-1.5450325455404195,-0.15484123025532542,0.3052077222492148,0,1,0,1,0,0,-0.43244705762817587,-0.05821752418257845,-0.3745195296897717,-0.14789801643884834,0.1018251222689782,0.06952536858619539,0.14049069973895198,1.66344844507875,-1.0173850403022815,0.5923731398837487,-0.14863286289658909,0.007263593326518966,0.3092401392375592,0.3963829628450975,2.5084352834402277,-0.8479608896948326,0.9117712611195273,0.4918574126038524,1.0994917511557436,-1.080555857232306,0.2007054481269974,0.22976020591532031,0.5386805155869694,0.10383887966301351,0.673433032333665,1.080555857232306,-1.0994917511557445,0.24311279148239442,2.067050737539819,-0.4004555067940112,-0.7545997883943533,-0.3918111018575571,0.29006520049738066,0.6769975162545934,0.17890935030013266,-0.4183195767369984,0.16779843654230542,0.19995793940503753,-0.031331040515893936,0.2487103132223888,0.27921023634565156,0.062155904904119784,0.4514102871836102,-0.04195727479570725,-0.08511336124321738,1
2.703431641526255,0.6452275620338409,-0.15484123025532542,-0.13478617003801185,1,0,0,1,0,0,-0.81101516775215,2.950900481317661,-0.2593808969333673,-0.22427977069837846,2.0668812869420115,2.4427770014965144,0.4535673123151876,-1.6442188539523934,1.5799923341531026,-0.27005795010676725,0.4704059795190407,0.7119298730383834,-0.594167161450835,0.967573979749492,-0.9271150872487558,0.358170553963716,0.9479627599971936,1.7142783734925473,0.7976720237538321,0.17986603418274572,0.33609213116239056,1.327978435526729,-1.7999755859468152,1.3048145135906275,1.0621083625422756,-0.17986603418274572,-0.7976720237538328,0.7723105503109431,-0.9349191994684248,-0.3367722410122935,-0.10857476366129187,0.2738518273252659,0.3215701943037938,-1.2804235184154193,-1.648240234340335,0.07776919801113909,0.1400424443303771,0.9587239960437993,-0.5604775923118106,-1.333174793489152,-0.8377153198147269,1.2993599060593275,-0.9479482933959068,-0.9883334727336057,-0.2706882785040748,1
-0.5348014154856993,1.2121184134060021,-0.15484123025532542,0.3052077222492148,1,0,0,1,0,0,-0.6217311126901629,0.27031420008942836,-0.2210013526812325,-0.23932466168889194,0.6988557809517671,0.392845687145487,0.16661618349999077,-0.08394392532055808,-0.6793254643680711,0.4339594259611269,0.02014485649449725,1.0723139692099315,0.2700739352171699,0.6504800856045533,0.1430118748269706,-0.8601671081491993,0.7002233898151187,-0.012254609452449751,0.8164553486475558,0.6527578856825103,0.41826817811866007,0.25848182865728414,0.06427567783865268,0.10807833924151633,-0.038153541020756666,-0.6527578856825103,-0.8164553486475564,0.6609004958207222,0.19081952690966666,0.1817914946388332,-0.3023822710812103,-0.01630893667750248,0.41608517572303205,0.2692014673650073,-0.09793149585751397,-0.23228628620644656,0.4731143508735179,0.35171115073279,0.31535118307453414,0.30057539868834077,0.3299795798074865,0.030432725387320277,-0.37174181903963527,-0.09762646290970158,0.5334696962929761,0
1.7525219343084582,0.5421564981479937,-0.4445202009343899,-1.161438585374874,1,0,0,1,0,0,1.0692064458635884,-0.5960791966632976,-0.5664172509504457,0.17903903777807972,-1.2500364658192769,-0.5967917471169091,0.8172661148092311,-0.11420788651651641,-0.28237206614326327,0.9061032585048037,0.5492661954752188,0.12466203543044586,-1.164345381170968,0.19002011835373642,-0.21477778333585182,-0.5084379496389387,0.5998119093156639,0.45226380986838177,0.07195265285990604,0.0986623829151082,-0.946562563785026,-0.05840576002818487,-0.12491903188014146,-0.6293238235746219,-0.272525370631172,-0.0986623829151082,-0.07195265285990675,0.18740776423728422,-0.18442671521636386,0.06352257247278678,-0.21193876761858224,0.03489590402886805,0.5106001571422693,-0.709509049969999,-0.8177176958673952,-0.10826409251941274,-0.9701972441467586,-0.2553016945782196,-0.615216890773458,-0.5811310542328463,-0.7700228618656133,-0.15990635171348128,0.36909507656128593,0.45906541823023866,-0.5181215015185524,1
2.215126656738738,0.0010334127472937634,0.27967722576327125,0.3052077222492148,1,0,0,1,0,0,0.059691485532990585,-0.3489535633613456,-0.24658771551598904,-0.22775166861926618,-0.26900157156906357,-0.09235838704100179,-0.5138992036909172,1.3038551684226647,-0.2653903532405961,-0.7241344475739153,-1.1114406945168591,-0.8302187938435788,0.31800679671438814,-1.0292787233233274,1.9522535427671834,-1.2520802396592734,-0.7118440853577828,-1.094698343001496,-0.8251557858999272,-0.31393995325558316,-0.3138538202975226,0.16614260495686317,-0.8954223871902205,0.2724065116478277,0.37616747055520644,0.31393995325558316,0.8251557858999266,-0.8988402670423681,2.142099985965025,0.5911839175213025,-0.19901826712392082,-0.4600842227993849,1.0146800580448727,-0.22015379130249568,0.17890935030013266,-0.046252995675895824,-0.1375174777889068,0.4275877563966659,0.7897584364088047,0.15794641365697218,0.2622871218583729,1.648314880744129,0.36909507656128593,0.23638866577426285,0.9664778365683122,0
0.8530127518051386,-1.1069805240255675,1.7280720791585935,0.3052077222492148,1,0,0,1,0,0,-0.7983962307480176,2.3287253574750997,-0.5408308881156891,0.11249432762773152,1.384421077291246,1.7040146691867637,0.9391746436293427,-1.155962682932064,1.1298910113175704,0.8222892541950235,0.8211410756273564,0.46089316973648403,-0.006580236450794399,0.12816407085196654,-1.0484322063035414,1.1061652562568276,1.0771692231139651,1.4550491148452056,0.09517567272851181,0.5342092397142506,-1.1778851745282137,0.5362986912088903,-0.4330094596765863,-0.04275716997263553,0.3530486438237639,-0.5342092397142506,-0.09517567272851252,-0.03541234474315745,-1.0850176963188372,-0.555114866549611,0.05939174276930372,0.4957394703862077,-0.844114576533476,-0.9541866793037505,-1.0945585420250417,-0.10826409251941274,-1.2200011740541141,0.04820472807728505,-1.1352402261590995,-1.1516469943583196,-1.0915620371239039,-0.15990635171348128,-1.4418395571298541,-1.4336869776455579,-1.0748462533011267,1
-1.2287084991311177,-0.8493028643109486,0.27967722576327125,1.0385308760612593,1,0,0,1,0,0,-0.571255364673633,0.1976301902947366,-0.630383158037337,0.2629432375328666,-0.11277384770415039,-0.051216659091548364,-3.014759965513897,-0.4279702054788211,-0.01702564912655081,-1.019693163623114,-0.6310060789473374,0.5625500039248483,1.3456970463868658,-0.6180987726846893,-0.46001783084239056,0.7122433326426846,0.342680663729673,1.123825512284829,0.18286856865026183,0.5858842905209262,3.5745001086107973,0.12656677355977125,0.7390104935393687,1.7173359591189912,1.917535684621899,-0.5858842905209262,-0.18286856865026252,-0.6203151308168162,-0.4846237089171882,-0.20030810005147043,0.188596747715916,0.32505666803163763,0.006520256239666901,-0.05703537174666111,-0.1532996650890431,0.3258135853852078,3.942613377364566,0.4275877563966659,0.9083602497423721,1.1952481229760152,1.93767545609894,0.47455723862252236,-1.6887851889968277,-1.712032918215528,1.5850608941045057,0
0.2876069799459088,0.6967630939767645,-0.8790386569529866,1.478524768348486,1,0,0,1,0,0,-0.6974447347149578,0.9768027752938324,-0.13144908275958464,-0.2780941884721383,1.0716686356097547,0.9661467222672184,-0.766792385416928,-3.394342796294184,1.6197974094732783,-1.0015621257656047,0.6153113125583987,0.4492963250491549,0.026333214672346613,-0.14984505209544757,-1.0550299186605725,0.19055684027310796,-0.16774195408511045,-0.3235276559161398,-0.8963291925090734,1.5017549802280383,0.9165200672351392,3.6019362004041358,-2.0228260750415474,1.186715766228176,-1.115796628244525,-1.501754980228039,0.8963291925090727,-0.5367575899491508,-1.3101654415944555,-1.6832184318257484,-1.3489428111487698,-1.3305665148076924,-1.4742144526617298,-0.8726274695258333,-0.5962450189412776,-1.5965304167638241,0.3620903820258042,2.3245028979935705,-1.3268277707748632,-1.981488361813554,-1.531563013793144,-0.9529858396334858,-1.0302635040182315,-0.48731077970765985,-1.3222794763156045,1
1.4698190483788447,1.2636539453489257,2.452269505856255,0.3052077222492148,1,0,0,1,0,0,-0.7605394197356201,1.8199372889122571,-0.2721740783507456,-0.22312247139141586,1.3295328687750558,1.572092824131451,0.5314353388251002,-2.0229492169602787,-0.11423713453539282,0.24662395058505737,0.9222825802665906,0.9281692727200013,-0.2617098272567206,2.1141373545865156,0.010049162888991962,0.0612495799970989,1.878958718968078,2.294543570184625,1.1441644212614832,0.13114384342216265,1.373447359375417,2.786628317205324,0.21771591088665124,1.5299702555133492,1.0411626755913714,-0.13114384342216265,-1.1441644212614839,2.0256736633259265,0.04072103005925432,0.10901061945972781,0.12399424524260985,0.8883099158017184,0.8256500952063961,-0.7910682597479163,-1.2606630497196296,0.6358690696027934,0.7229182807808735,1.717490052682561,-1.2994581215440402,-1.0090180093269512,-0.4315605721200442,-1.206771275767887,-1.277209135885205,-1.378017789531564,-0.76555472453303,1
0.33900750466038404,0.8513696898055362,1.0038746524609323,1.7718540298733036,1,0,0,1,0,0,0.3246891626197725,-0.44373351213362366,-0.7711081536284979,1.55333196479614,-1.706941905890335,-1.5417099118690294,1.1280543148529185,0.6061892440509892,-0.2099589967302179,0.07395841309266146,0.04422861338752978,0.039142848018414216,0.27042072687586166,2.1792845262455476,0.533650940968302,-0.27176672437975974,1.5766473285546472,1.3838881418831859,0.773109214277421,-0.7133741297612556,0.6089284362085451,-0.29741396374286755,0.013921633279562308,1.4634634574158745,1.293598055035125,0.7133741297612556,-0.7731092142774217,1.8307060679680403,0.340918023760079,-0.38226028799923456,-0.4574282770171454,0.15437386567706757,0.1325402314653172,-0.6279498401920818,-0.983822203561983,-0.35630847989348147,0.5841383197212315,-0.2553016945782196,0.0872707728176734,0.08014878545804377,0.6684418695530556,0.2207718024881207,-0.7010026615289333,-1.0440026608476,0.47161139053935697,0
1.110015375377516,-1.1069805240255675,1.7280720791585935,1.7718540298733036,1,0,0,1,0,0,-0.40720918361991093,-0.1047352904511812,-0.5152445252809326,0.07198885188404132,-0.16304843508461828,-0.13618327116107173,1.32174110087135,0.4799820258716773,-1.1777647556375304,0.8028413166364812,0.250329247307662,-0.4995403999958865,-0.5035525530074418,2.5370928382805404,0.1327996853253009,-1.344368982468408,2.11032413176028,1.514060653399071,-1.7923397754809332,1.0963072413460702,0.6971200948493967,-0.5257545842841205,0.25908269937904443,1.0079744609650014,1.152745258433262,-1.0963072413460702,1.7923397754809325,2.359903826796588,0.11577027848446049,-0.009258302706318612,-0.7029177864157086,0.08610074473523979,1.2667200084961745,-2.0960156161945913,-1.8697129112664523,0.7598912632898273,0.3620903820258042,-0.7105613285614767,-0.8250508682097696,-0.5811310542328463,-0.1777138548108673,-0.4771381468814831,-1.6887851889968277,-1.545025353873546,-0.5181215015185524,0
0.3647077670176212,0.1298722426046032,0.5693561964423357,0.3052077222492148,0,1,0,1,0,0,0.45087853266109723,-0.49490305502908666,-0.6943490651242283,0.5146558367972272,-1.3673663611520162,-0.7783519813286275,0.24163987160760722,1.221661305193634,-1.5192937419536485,-0.08352106168197687,-1.1431026684254908,-1.5281800411241597,0.7109485945857561,-0.13136820371342173,1.0690669207278654,-0.9628258542800293,-0.2890831898433204,-0.7325531986667138,-0.7099870034754222,-1.3800988454323733,-0.46726768492317505,-0.6058007081521548,1.109378312912257,-0.17381837654902696,0.7708938349220967,1.3800988454323733,0.7099870034754215,-0.23037994010104354,0.7912135143113154,-0.4277483349861756,-0.8321227913623208,-0.8867912286858101,0.038025250046078915,0.10608304780917345,0.5111183656893089,-0.4803306735805153,-0.6648813298155464,-0.8623145398892288,-1.1626098753899237,-0.5033334260339178,-0.5330992590437151,-0.9212626601166852,-0.12479618717266176,-0.7099875321636356,-1.198562864808365,0
1.2385166871637046,-1.3388904177687242,0.5693561964423357,1.7718540298733036,1,0,0,1,0,0,-0.14221150653312897,-0.2762695535666538,-0.8094876978806327,1.9931057014419193,-1.7366699630768676,-1.7527848639575296,-0.25290841166546696,0.04755956723008699,-1.430412592784642,-0.22769860649126686,-0.8690510808515941,0.3488996135432545,0.8029357690721091,0.045072475211215914,0.10597083560986886,-0.7881218877341155,0.2978646492083782,-0.2843889725905792,0.25295560183580257,0.22497917377587734,0.396711189052458,0.040882258214391315,1.1634354424544413,0.6029636148186367,0.852158487809725,-0.22497917377587734,-0.2529556018358033,-0.11896988561082296,-0.10937746679115769,-0.600602913536552,-0.8838047933409655,-0.7331767065666972,-0.2140147004052217,0.02452383803125581,-0.09793149585751397,-0.6043528672675491,0.16779843654230542,-0.17942508891434333,-0.642586540004281,0.002351157259115363,0.24536400737109418,-1.1116017372174867,-0.8656330827735822,-0.8769950965056176,-0.08511336124321738,1
1.135715637734753,0.18140777454752677,0.5693561964423357,0.3052077222492148,0,1,0,1,0,0,-0.2810198135785862,-0.21812234573090036,-0.7966945164632545,1.9092015016871324,-1.4428893577510453,-1.6432226536573549,-0.1274984305161859,-0.1531456298413203,-0.7676728945780275,-0.21021693751599377,-0.44476577231887665,-1.440310374255284,0.5803395979108774,0.3300926734614317,0.4414814511981593,-0.5808740033678425,0.3942514543560869,0.18214952068025714,-0.3925077445122049,-1.5751271636218847,0.5071143812480111,0.6524636093469595,0.46571220997301416,0.6749225139011542,0.7560508412641481,1.5751271636218847,0.39250774451220416,-0.03541234474315745,-0.03432821836595151,-1.155557086777232,-1.232658306696819,-1.040405750804923,-0.4660546508565234,-0.8726274695258333,-0.8177176958673952,-1.1624527388592034,0.5563823275093027,0.7310941790521709,0.3062279666642602,0.5080357405521495,0.7699805564767266,-0.0012904541294803558,-0.5363722402842841,-1.1553410370755877,-0.2706882785040748,0
0.930113538876852,1.2121184134060021,-0.4445202009343899,0.3052077222492148,0,1,0,1,0,0,-0.48292280564470574,0.0028370440449626386,-0.7327286093763631,1.1829961865681156,-0.6890749195677589,-0.9120625971643511,-0.17372493067408748,-0.9488103192661933,0.006452025868032898,-0.3656499882098599,-0.5178879969693504,-0.3032676025996847,0.3633708382733299,-0.6406583496173629,-0.4513954684953225,0.7683075092897235,-0.37453325172520907,-0.10200149240892217,-0.030386078764458365,-0.3834842964864804,-0.39856952925456945,0.8500738685586547,0.7632548160366945,0.122588783113036,0.5736951557667725,0.3834842964864804,0.030386078764457654,-0.7874302125521474,-0.7097714541928067,-1.06458099280335,-0.5607922809744348,-0.6649035856248688,-1.1906695084040155,-0.5463906304141645,-0.5962450189412776,-1.1004416420156866,-0.3040534310604773,0.9587239960437993,0.38833691435672935,0.7414286251489338,0.7530574419894479,0.030432725387320277,-0.12479618717266176,-0.32030321536567735,0.5334696962929761,0
-0.7661037767008384,-1.8542457371979617,0.27967722576327125,-0.13478617003801185,1,0,0,0,1,0,-0.6343500496942954,0.3168319663580311,-0.4512786181940413,-0.055314071881842175,0.44498297934688336,0.28641382571103136,0.11497339574205666,-2.333882091539032,0.9069256870130431,-0.23067534089433658,0.33513700966167853,-0.5684370052974744,-1.2527374631140673,0.5389121526770905,-0.5128131610649291,0.43321275751659377,0.6092371181198166,0.8337360820087737,0.25295560183580257,-1.0261585642736313,0.3786013676046424,2.6896014475154315,-0.8044607539120819,0.9157366010844156,0.3782864843018452,1.0261585642736313,-0.2529556018358033,1.217950768271826,0.11577027848446049,2.2742416560381207,2.217115325377728,2.4415234172283062,1.518759958947476,0.02452383803125581,-0.09793149585751397,2.558213071751823,0.3620903820258042,2.5521327149851984,0.06902433999712428,-0.3607044410025493,0.008440404549195996,0.506280418139323,1.1099319721622063,0.6260729825722207,-0.023255055489598248,0
0.8530127518051386,-0.8493028643109486,1.7280720791585935,1.0385308760612593,1,0,0,1,0,0,-0.7983962307480176,2.3287253574750997,-0.630383158037337,0.2629432375328666,1.1681743538733984,1.5877445684600473,-2.341301546011211,-0.6955481237571747,0.3896973575598871,-0.30109577708906804,-0.24393722052543163,0.1394525718334348,0.4934956728852025,0.3350561407797321,-0.8784226458991751,1.1174936928097328,1.021209615776825,1.3701277327468855,-0.10705812529392912,0.29637562078413626,3.5904209413485555,0.07467710505879518,0.5902440478697655,1.4193749438089014,1.6547933910464565,-0.29637562078413626,0.10705812529392841,0.04814519612450831,-1.009968447893631,-0.8826288048555859,-0.23777976860790415,0.17144214591252482,-1.0961545269847772,-1.1173050988595852,-1.2052948804881005,-0.4183195767369984,3.9148573851526383,0.35171115073279,0.8444977348704508,1.0526191379446466,1.6499825098152057,0.5697267771729232,-1.277209135885205,-1.32234860141757,1.3994859768436472,1
-1.100207187344929,0.8513696898055362,1.7280720791585935,1.7718540298733036,1,0,0,1,0,0,-0.4955417426488382,0.06970633305607908,-0.7711081536284979,1.55333196479614,-0.899925898370141,-1.1468387620932972,0.0571167012238615,-0.11307112655882429,0.19901926240065046,-0.5140041374679835,-0.37328961722378656,-0.7661127833155723,0.15901260022468955,0.46353703371275795,-0.48777409086895324,0.14967181579669497,0.9232204210670161,1.1612616342925222,-0.8293216896597884,-0.2223753081429896,0.3837385789690712,-0.3334477067029552,-0.12166025830565633,1.6098359948736898,1.6190407492595003,0.2223753081429896,0.8293216896597884,0.1317027369921738,-0.7097714541928067,-0.9554096800346926,-0.7416792878996918,-0.3747428216220998,-0.43454965705011084,-1.6066603575270884,-1.5375038958772762,-0.6043528672675491,0.25106641317809053,-0.4070549059059717,-0.323273965644676,-0.3347718982695729,0.2961333508329291,0.2524949820049213,-1.277209135885205,-1.4893561657595522,0.22417816752487937,0
-1.8455147957048228,0.28447883843337485,-0.15484123025532542,1.478524768348486,0,1,0,1,0,0,-0.43244705762817587,-0.05821752418257845,-0.4896581624461761,-0.0032356030685261974,-0.0761008276790332,-0.04227280518949327,-1.9606579725625368,0.8858710364924066,-0.5477023389131321,-0.6663320212043443,-1.1579031409421634,0.37560559154558654,1.73747259358723,0.15789056400523455,2.9079150576249173,-0.8193751563069075,1.006964225541925,0.4963073693533309,1.2358039974376995,-0.7133741297612541,2.8841050297414546,1.697199670117968,-0.07466556641838858,1.89866006142528,1.9898783404306604,0.7133741297612541,-1.2358039974377002,0.15955525061472892,2.7424939733666744,0.07262018187017576,-0.3669847735545164,0.03489590402886805,0.5736101447550955,1.4925896140337656,0.8986955503100138,0.015758101167622184,1.8886699536818656,0.8828473903799233,-1.290334905133765,-1.1257144516253432,-0.4315605721200442,-0.4136917878478824,-1.1948939252628807,-1.545025353873546,-0.45626319576493324,0
0.13340540580248203,0.8513696898055362,0.27967722576327125,1.7718540298733036,1,0,0,1,0,0,-0.6722068607066928,0.5145324729995927,-0.7711081536284979,1.55333196479614,-0.418799346829256,-0.8047363503396899,-0.7448270584387217,-0.5384826410126747,0.9641944786500501,-1.3302450554519079,-0.4801665753174366,0.5675226552170407,0.45996892143101403,-0.8820267776645221,-0.7445904624265107,1.2333122847262308,-0.242025646889998,0.9236319274349787,0.5873904109192033,0.1914665557924087,0.1543893922220981,-0.006830055725851475,-0.07872624705431341,1.5570867611754076,1.525986871306541,-0.191466555792408,-0.587390410919204,-1.0659553487776992,-1.0850176963188372,-1.6741208224283601,-0.9225662948249498,-0.9550643496276378,-1.222174502210428,-1.2804235184154193,-1.592872065108806,-1.5965304167638241,0.05677446769459199,-0.1035484832504671,-0.2867811000035777,-0.2829068128036209,0.3299795798074865,0.1890486229713212,-1.4418395571298541,-1.545025353873546,0.2860364732784985,0
0.2876069799459088,1.2121184134060021,1.4383931084795292,0.3052077222492148,1,0,0,1,0,0,-0.4703038686405733,-0.005885037130400375,-0.7327286093763631,1.1829961865681156,-0.7121747338243685,-0.9187704875908923,2.512362100193524,0.9548864669453104,-0.13895665510531988,1.5834584914453476,1.6062475387525879,0.318893059658431,-1.0071525058254867,2.901998460810664,2.1029904768488454,0.36663538180843713,1.9546048835705998,2.0738087505715326,0.6912331826893887,-0.2506245554141756,-0.5938579891564661,0.7961180509307895,0.5583916031405246,-0.2009975218997289,-0.0635298570898304,0.2506245554141756,-0.6912331826893894,1.9699686360808162,1.2415090048625523,-1.2010451337641732,-0.8579637923516437,-0.135786898325702,-0.7180946013078251,-1.1988643086375024,-1.5375038958772762,-0.4183195767369984,-0.44283339212011924,1.0346006017076752,0.6894030558957865,0.8970238815467907,0.7530574419894479,0.030432725387320277,0.28677986593896093,0.18071947766026855,0.5334696962929761,0
1.2128164248064663,0.8513696898055362,0.27967722576327125,1.7718540298733036,1,0,0,1,0,0,-0.7100636717190902,1.1861327235025447,-0.7711081536284979,1.55333196479614,-0.2460909445985543,-0.28822878749600833,-0.4665913699770625,0.09806484010251067,0.6021903254537162,-1.8839280432009216,-1.4753565237258155,0.4392858903237845,1.5588164019069173,-0.5635017309534264,0.047776565586478505,0.49056032548308437,-0.4120210208088777,-0.011553210804808457,0.2246519615849838,0.3763264807979944,0.08576236801611213,-0.08673555601288487,-0.3302485307374872,2.1365122541623145,1.9067562761519685,-0.3763264807979944,-0.2246519615849845,-0.45320004908148526,0.19081952690966666,0.4547197765604794,0.6537347655237203,0.4445346296798359,0.16404522527173035,0.2692014673650073,0.17890935030013266,0.38782468222872474,-0.19302946221276363,-0.4070549059059717,-1.0166384128255321,-1.0090180093269512,-0.2284831982727022,-0.1916295312302808,-2.018046031486126,-2.1573864231274804,-0.3944048900113141,1
2.703431641526255,1.2121184134060021,-0.15484123025532542,0.3052077222492148,1,0,0,1,0,0,-0.81101516775215,2.950900481317661,-0.7327286093763631,1.1829961865681156,1.048156237724814,1.355204367006615,0.9886056748075125,-0.6020613863064245,0.04820373889157125,1.0544465240469292,1.414835958096395,0.7625137666982948,-1.3408573901092666,0.9703529769193944,-0.7307784858664114,0.5681766827318789,0.8817532955429201,1.6903735204819745,1.1750460966186718,-0.12541857881077315,-0.40511499493278935,0.09427030239112814,0.505066645495554,-0.550157752673807,-0.18903530024045775,0.12541857881077315,-1.1750460966186724,0.8558680911786088,-0.7097714541928067,-0.11842961547497735,0.188596747715916,0.5469443110925782,0.3215701943037938,-0.9541866793037505,-1.4267675574142176,0.2638024885416898,-0.27629743884854874,0.27583454506891375,0.561678026151944,0.754394896515422,0.46536449570571364,0.15732544345452057,0.5337254978059351,0.514734606344233,0.47161139053935697,0
1.0843151130202777,1.7532414988067013,-0.15484123025532542,0.3052077222492148,1,0,0,0,1,0,0.13540510755778543,-0.3890751367680154,1.0455236076392158,-0.5859358041241838,0.42325568832979127,0.15359759526551325,0.7731038720317145,0.5828713738188473,-0.5960615434468348,0.44210408031585,-0.01691655640991822,-0.21304071377502837,-0.053797616325253934,0.5564268724629795,0.4256722697234566,-0.8173045363467812,-0.002650717696769511,-0.7444125173477687,-0.5483077512256369,0.2532428274968747,-0.5190445787078406,-0.37358011752559095,-0.0064761404077761705,-0.5998824966232681,-0.7047815832125747,-0.2532428274968747,0.5483077512256362,0.6609004958207222,0.5660657690356972,0.46381738595786837,-0.05689276168264715,-0.05044549714841698,0.3530751881102058,0.18764225758709038,0.5111183656893089,0.5118468759157585,-0.3318094232724056,-0.1035484832504671,0.8809906005115491,0.7414286251489338,0.43151826673115745,0.3476645205553221,0.5337254978059351,0.7374113588002092,0.7809029193074537,0
2.6006305920973043,-1.0812127580541053,-0.15484123025532542,1.478524768348486,1,0,0,1,0,0,-0.10435469552073157,-0.28731752305544694,-0.09306953850744984,-0.29024583119524533,0.011016640702150832,0.0033408497109876974,-0.11199029414194946,1.405963409334087,0.4711624706716691,-0.9963843503960151,-1.1758664457661927,1.0435584482632994,1.24004626376256,0.5332899991336104,1.4153491276874826,0.3039114663847893,-0.19682617882204723,-0.8874972850707292,-0.31054414497595056,1.731283161032851,0.6885823137203231,-0.511863216830971,-0.33869316683774575,1.1508815063577458,0.662215607148475,-1.731283161032851,0.3105441449759499,0.8280155775560533,1.841902992264201,1.0642596061854894,1.0801112818475405,0.9395147565080901,-0.37153966943728567,0.5954383064766764,0.8433273810784847,0.5118468759157585,1.0097302003041335,-0.17942508891434333,1.1394817321359896,0.7630390774264136,1.2325456857956714,0.939830538202259,-1.0302635040182315,-0.35741600744167373,2.018069034379841,0
2.2408269190959764,1.7017059668637786,0.27967722576327125,-0.4281154315628296,1,0,0,1,0,0,0.03445361152472564,-0.3431388425777702,0.31631226684865466,-0.44300933971430556,0.17807456053538515,0.07846922248825047,-1.0712337653663755,0.8172272371836738,-0.4491420494733516,-0.2817270887624695,-0.19994895238883084,0.00453179874986387,-0.036543969393644654,-1.0646928763831986,1.7323640656656478,-1.2325581373438466,-0.40789884501713414,-0.967583332527635,-0.5702641928891875,0.5717619163874261,0.42574805027452606,0.6137742613558258,-0.6246098325991469,-0.02387039094582014,-0.6847133686003049,-0.5717619163874261,0.5702641928891868,-0.8709877534198129,2.2171492343902317,1.137040481364595,0.22735824919990022,0.0519641842643253,1.3297299961089997,0.2692014673650073,0.6218547041523672,0.5738579727592754,0.16779843654230542,0.27583454506891375,-0.7246954876967501,-0.9052878383950472,-0.8546384343020056,-0.6040308649486834,-0.28942660841731066,-0.04195727479570725,-0.76555472453303,1
1.2128164248064663,0.8771374557769975,0.27967722576327125,-1.8947617391869185,1,0,0,1,0,0,-0.3188766245909836,-0.2000967113018168,0.32910544826603294,-0.44879583624911845,0.5278470697900824,0.19295055243455567,0.8471533650122117,-0.12918599305833517,0.6883996420170668,0.08182039844728087,0.4102068007017658,0.01751451309814145,-0.28240057526977985,0.5529465896149859,0.25651649620041933,0.23940720847753397,0.2604654957830538,0.10732361521094505,-0.34274413050805214,0.3638171625645344,-0.6254896588765386,0.4342844244488684,-0.7004842159850977,0.1477390473060941,-0.4285083097794044,-0.3638171625645344,0.34274413050805214,0.605195468575612,0.340918023760079,0.30006041680488094,0.3824042551358344,0.47867119015075044,-0.11949971898598452,-0.13859458152457876,0.012804842605544792,0.44983577907224165,-0.10976148557697851,1.4898602356909325,2.8424821287205515,1.9083930481328573,1.8699829981498264,2.1558857530129325,1.1922471827845313,1.5724491805101195,2.6985103976696543,1
0.44180855408933456,-0.2824120129387873,-0.15484123025532542,-0.4281154315628296,0,1,0,1,0,0,-0.016022136491804253,-0.3373241217941949,0.27793272259651985,-0.4401160914468991,0.19556302780415516,0.08070518596376425,0.9742632765597005,-1.695715195960757,1.491651689372461,0.5025032954458915,1.4039572756296974,-0.09023066334679257,-1.5548546754142356,-0.3314603121531004,-0.8459754302152941,1.580782700439718,-0.6308237307945037,0.1318700513728613,-0.5252107151899527,0.39783372969061137,-1.68592804067966,1.4799427082457643,-0.45060366616009717,-1.3043635464170746,-1.6964677797380932,-0.39783372969061137,0.525210715189952,-0.3139374809687093,-0.7848207026180125,0.018034525485845748,0.8346217724489774,0.512807750621665,-0.7811045889206503,-0.22015379130249568,0.012804842605544792,0.20179139169817292,-1.5808290728091832,1.33810702436318,-0.07694712256726609,-0.2958730841701091,-0.7700228618656133,-0.3819686083310823,1.0276167615398821,1.4054416161681371,-0.76555472453303,0
-0.8689048261297889,-1.3646581837401863,1.0038746524609323,-0.4281154315628296,1,0,0,1,0,0,2.4825273903264256,-0.6966738662191511,0.2267599969270068,-0.43085769699119847,-0.7548258528820603,-0.20281498273138218,0.3903929630226558,0.5507184528152502,0.7421450617503199,1.191516276737088,1.456183391674912,1.6777342615728226,-0.2166579159629794,-0.13602655585492837,0.898972288277027,0.6289874944510704,-0.9037723446710978,-0.6689583592330498,-0.22931895624632825,2.515665179469463,-0.6787670501596429,0.14469234411360082,-0.3824653888188216,-2.5058268059438964,-2.5462173627753697,-2.515665179469463,0.22931895624632756,0.4241541300290032,1.879427616476804,2.401608187601556,2.4626048347762923,1.8441336089873108,1.0146800580448727,1.0032343553662626,1.2585886503149546,1.8450854580513771,-0.6093693453916895,0.19995793940503753,0.19674936974096682,-0.03654765684034838,-1.0238695791747903,-0.2233527107470814,-0.6186874509066087,0.848749735028197,0.47161139053935697,0
0.13340540580248203,0.4133176682906843,0.27967722576327125,-1.6014324776621007,1,0,0,1,0,0,-0.06649788450833415,-0.3099949341113908,0.46983044385719386,-0.49798105679502797,0.3399021008629744,0.1464425121438692,0.524768717182991,-0.792031295579733,0.8661989160782353,0.2927620030546775,0.5703520162677119,0.5839671221211907,-0.5520587447395171,0.2674132470137922,-1.4320350195395473,1.4071015098600534,0.038505641172681425,0.4789754707841133,0.8915886482224574,-0.08780526073650123,-0.4625075099479047,-0.3474934364699049,0.2298783809426492,-0.35732104404626797,-0.27385923247855815,0.08780526073650123,-0.8915886482224581,0.7166055230658329,-1.0850176963188372,1.6737994358104995,2.307558828840357,2.2196357741673656,0.1325402314653172,1.247911984700014,0.8433273810784847,1.6900577159425842,-0.44283339212011924,-0.3311783002420958,-0.013084607695344815,0.10608132819102022,-0.0423289389126401,-0.2233527107470814,0.6160407084282594,0.6260729825722207,-0.20882997275045564,1
0.6988111776617119,0.4648532002336079,1.4383931084795292,1.0385308760612593,1,0,0,1,0,0,-0.14221150653312897,-0.2617327516077154,-0.19541498984647596,-0.24626845753066742,-0.04822239103819603,-0.010969316532300452,-0.014921227206295634,1.6510977254210824,-0.9705720278677108,-0.1991966680805857,-1.185778445149997,-0.8165129638274587,0.8501609014879267,0.9147515221741261,3.4529839283643207,-2.281982679596258,0.9145297061368189,-1.497666496201375,-1.2550770539175564,0.13114384342216406,0.9347572724212708,1.1929400536071253,-0.9663680429730126,1.1759338492576457,0.07939021692859133,-0.13114384342216406,1.2550770539175558,0.4102278732177254,2.2921984828154374,-1.2010451337641732,-2.0078883363764928,-1.6548638392813753,-0.7811045889206503,-0.5463906304141645,0.012804842605544792,-1.3484860293897554,0.917210226264372,1.1863538130354276,0.16025650409986858,-0.37367071236903754,0.09305597698558829,0.2524949820049213,-0.28942660841731066,-0.26463402725168356,0.10046155601764112,0
0.6474106529472365,1.7532414988067013,-0.15484123025532542,0.3052077222492148,1,0,0,0,1,0,-0.2684008765744537,-0.21347056910404008,1.0455236076392158,-0.5859358041241838,0.7768446108071783,0.28864978918654516,0.5591005268039206,1.3984187959296301,-1.5559869108480633,1.6608063195472562,1.061964730623852,-0.5732549497241591,-1.1392963732800083,0.45659478217597077,1.4848174550452022,-2.22299459676802,1.6779221056055644,1.0085335592263962,-0.37315522795503414,-0.41176056791003435,-0.32121876607870276,-0.43191615281171214,-0.1068089519708431,-0.5798433540019444,-0.39596943510325777,0.41176056791003435,0.3731552279550334,0.15955525061472892,0.9413120111617277,-0.8462383672660339,-1.7365578259886068,-1.1598837124531223,1.140700033270523,-1.1988643086375024,-1.2052948804881005,-0.5423417704240322,-0.1375174777889068,-0.17942508891434333,0.826251302049903,0.6376984542170299,0.34690269429476517,0.728342674756924,0.9453015509175579,0.793080546914203,0.5334696962929761,1
-0.020796168340944693,-1.0812127580541053,-0.15484123025532542,1.478524768348486,1,0,0,1,0,0,-0.38197130961164594,-0.14718275217128118,-0.09306953850744984,-0.29024583119524533,0.3249648631982956,0.11111428923075156,-1.3738503375188724,1.2623120455057526,0.007180076538957339,-2.193156311271865,-1.8849795792184982,0.38302379993261765,1.8338720152825216,-0.9641117893229191,1.300313647544162,-0.01787497544760664,-1.3343036150565464,-1.4145385538761135,-0.30219600057873947,0.8221130942085976,0.9470431974365515,-0.4299372304713421,-0.027778031631525847,1.63974006166615,1.069544191407313,-0.8221130942085976,0.30219600057873874,-0.8988402670423681,1.2415090048625523,0.08171779126756346,0.05939174276930372,-0.47715250303484213,-0.30852968182446,0.8401159358104279,1.1201682272361313,-0.23228628620644656,0.917210226264372,-0.36911660307403377,0.1283252466639086,0.09311505682453199,0.7530574419894479,-0.0647368131630805,-1.0302635040182315,-0.8213259083916238,0.9355486836915021,0
2.2408269190959764,-1.1069805240255675,0.27967722576327125,0.3052077222492148,1,0,0,1,0,0,0.03445361152472564,-0.3431388425777702,-0.5664172509504457,0.13274706549957663,-0.7344913508946546,-0.36648750913899036,0.14410396712816734,0.8612720537100724,-0.5839699309647357,-0.15446530589787605,-0.6174890499827564,0.07199687773289788,0.8032306031664127,-0.9852447841798839,1.7832055373633076,-1.0334316300835724,-0.2621446213050537,-0.6875149623807297,-0.3593320018427697,0.45457625868389784,-1.1848250537385776,0.604253238669858,-0.24019266573023468,-0.051265456123469486,0.13154146026428964,-0.45457625868389784,0.359332001842769,-0.8152827261747027,2.142099985965025,0.900502637032502,0.1627557467265941,0.0519641842643253,1.140700033270523,0.18764225758709038,0.40038202722625016,0.3258135853852078,-1.2200011740541141,0.12408133374116129,-1.0805009276974533,-1.0219842806934394,-0.9731002357129547,-0.44541496736468245,-1.277209135885205,-1.266679413303576,-1.136704559054746,0
-1.3572098109173063,-1.4677292476260335,-0.4445202009343899,0.3052077222492148,1,0,0,1,0,0,0.2363566035908452,-0.4355929030366182,-0.38731271110714993,-0.14789801643884834,-0.5588110377133693,-0.22070269053549238,-0.4857050007147375,0.03284523088968213,-0.12000009777837106,-1.3156855883941798,-0.9454391862301142,-2.4704346769412884,-0.8761533339742043,-0.8262102594401545,0.2896811168166745,-0.13145515384495296,-1.9088721789165177,-1.8197731906697514,-2.9580985109486346,-0.43557216489828954,-0.15015492942955774,0.2451150734494466,0.03194440156263677,-0.115398627768079,-0.547537084681698,0.43557216489828954,2.9580985109486346,-0.7595776989295921,0.3159016076183434,0.14236852058348526,0.05077807577286339,-0.71610842633123994,-0.14050304819025958,-1.3076099216747252,0.012804842605544792,0.139780294854656,-0.3595654154843339,-0.1035484832504671,-0.9162830323125138,-0.7626588533636787,-0.7530997473783346,-1.0798785577006862,0.5337254978059351,0.3477270420022505,-1.198562864808365,1
0.544609603518286,-1.3646581837401863,0.27967722576327125,-0.13478617003801185,1,0,0,1,0,0,-0.40720918361991093,-0.09892056966760585,4.154266692062134,-0.7520082546733137,1.5981227116359902,0.5050910536162784,0.32005198574675947,0.28592501022404654,-1.4627947949881273,0.4918403680473982,-0.20642088748101534,0.6142785524383768,-0.05819637392307583,0.01394326840070349,0.2621854526506104,-0.9363342907648319,0.26500280887467553,0.19676865495094273,1.3338827891162104,-0.4851260289008703,-0.43110812761257883,-0.1297894188466203,1.05876382618059,-0.40167235734865325,0.46046355703594033,0.4851260289008703,-1.333882789116211,-0.3974950218363748,-0.3345252120667762,-1.6013399472492547,-1.7365578259886068,-1.5695224381040902,-0.4660546508565234,-0.38327221085833024,-0.9284540343304539,-1.7825637072943747,-0.3040534310604773,0.04820472807728505,0.5525548097416701,1.0526191379446466,0.8038267854512828,0.1890486229713212,0.4514102871836102,0.23638866577426285,0.47161139053935697,1
-0.25209852955608386,1.109047349520155,0.714195681781868,1.7718540298733036,1,0,0,1,0,0,0.12278617055365294,-0.38093452767100994,-0.4128990739419065,-0.10160604416034526,-0.5217183936248664,-0.2144419928040538,-2.4349420732459515,0.9333037693589541,0.5259396085607406,-2.5863965546910785,-2.5488437699058544,1.0471125837523716,2.817619167143979,-0.8260077411585556,1.2455622035890155,-0.41355275046078577,-1.5362142548729638,-1.8827111990759107,-0.3243300715034551,1.7498032920237159,2.5605090234973207,-0.03321184083172896,-1.1345576953215908,1.9707711266245147,1.4755206870640714,-1.7498032920237159,0.3243300715034544,-0.5924626171942612,1.7668537438389946,1.282602231722807,0.8346217724489774,0.10316902497069583,0.5106001571422693,1.7372672433675176,2.172163442635189,0.6358690696027934,2.2494978524369347,-0.1035484832504671,-0.21379536872138252,-0.7496925819971905,-0.008482709938082702,0.9504049313745251,-2.1003612421084505,-1.8790404825575102,0.47161139053935697,1
-0.1749977424843705,0.4648532002336079,-0.15484123025532542,1.0385308760612593,1,0,0,1,0,0,-0.5586364276695006,0.19123399743280373,-0.19541498984647596,-0.24626845753066742,0.5549508673397344,0.3373937929527454,-0.8172114980922914,-0.3760049388388733,1.4016953947942161,-0.9481253073018938,-0.5007505641004737,-1.8904002996241718,-0.28654412790298817,-0.2447934117394752,0.49930698075327984,0.9891934466148943,-0.020156684606168776,-0.6028880159825126,-2.979071681601727,0.3763264807979944,0.8917577885336024,1.0162733510306388,-0.9221205453617327,1.2608690988053401,0.06239745309659856,-0.3763264807979944,2.9790716816017255,-0.09111737198826762,0.7161642658861095,0.6639647927004092,1.1188727833315248,1.0589927181562884,-1.1276595207911904,-1.6882195673050053,-0.6516131881728072,0.38782468222872474,0.8894542340524437,1.0346006017076752,0.19674936974096682,-0.32180562690308556,0.17767154942198057,0.15732544345452057,-0.5363722402842841,-0.4316415915936655,-0.023255055489598248,0
-1.7941142709903475,-1.0296772261111817,-0.4445202009343899,1.7718540298733036,1,0,0,1,0,0,-0.29363875058271866,-0.21056320871225243,-0.13144908275958464,-0.25957739956073705,0.17423619888786593,0.038669072624105315,-0.5909962129273917,-1.512686773422097,1.1724341720024114,-0.534441857975414,0.17003550408499085,-1.386283071727169,-0.9912450859430892,-0.8983628258132857,-0.950108967774972,0.677680157711358,-1.2661716898652144,-0.3133867055697253,-1.4375436385994584,-0.4649864905896614,-0.0758389299478453,1.124411762392038,-0.9217535866299067,-0.533517702660015,-0.5270156051792948,0.4649864905896614,1.4375436385994576,-0.7317251853070371,-0.7097714541928067,0.8459169806481733,1.1059522828368633,0.4616029099152932,0.6681251261743327,-0.709509049969999,-0.09793149585751397,1.0079356506638961,0.029018475482663446,1.2622304186993043,0.4613226456389258,-0.11434528503927678,-0.3130987707090945,1.0455744699249259,1.0276167615398821,0.848749735028197,0.10046155601764112,0
0.5703098658755232,0.1298722426046032,-1.6032360836506476,-0.4281154315628296,1,0,0,1,0,0,0.3751649106363024,-0.46931828358135513,0.6489349837004895,-0.5355932842713117,0.12452658422450467,0.05297923886739346,-0.7418861993925008,-2.0284038514512734,1.69788473247432,-0.9956733056567442,-0.39998540577095304,-1.626059877159091,-1.235381798420716,-1.4773761057669739,0.19189890674550772,1.7454222671511768,-1.8666791899712596,-1.4022732465590613,-0.6980737954149119,-1.525410642437618,-0.44456597772293066,2.9762880555809175,-0.567084258162448,-0.5058767306926683,-0.8490462777502336,1.525410642437618,0.6980737954149111,-1.3723329986258064,0.26586877533487285,0.2636699792153276,1.1576342848155081,0.22264698661889537,-1.222174502210428,0.8401159358104279,1.397009073393778,0.139780294854656,-0.19302946221276363,3.6144051942794655,1.2003031748711541,0.6765972683164937,0.4145951522438788,0.886958572340925,4.320225186432864,3.353863200157928,0.47161139053935697,0
0.46750881644657266,-0.9523739281967958,1.0038746524609323,1.7718540298733036,1,0,0,1,0,0,-0.1800683175455264,-0.25010331004056474,-0.2593808969333673,-0.21791462451008428,-0.07784924081167806,-0.023937904690280336,0.27125970641273145,1.110782242318451,-1.1704934267163056,0.7115737050481414,-0.37366989523569394,-0.6425257145397345,-0.0785097247689984,0.8049401242536004,0.8293881204562303,-1.0859005915082438,1.314453735794359,0.4093104720373889,-0.2548898489945435,-0.6235317921885499,0.4270934628737148,-0.6937206752251989,0.5088783554711351,0.3420996551147618,0.8854011747754543,0.6235317921885499,0.25488984899454276,0.8280155775560533,0.8662627627365218,0.23637715102316323,-0.37990527404917784,0.13730558544161034,0.6681251261743327,-0.8726274695258333,-0.8730858650989243,0.07776919801113909,0.5008703430854462,-0.5588081172337243,0.37921369794645543,0.5955580722759434,0.7107496557712518,0.41111087958892223,-0.3100054110728917,-0.6125664529641461,0.47161139053935697,0
-0.07219669305541997,-0.02473435322416849,-0.4445202009343899,-0.13478617003801185,1,0,0,1,0,0,-0.1295925695289965,-0.2617327516077154,-0.4512786181940413,-0.050106225000510575,-0.37968226651564924,-0.16256764017213426,1.0847954416050474,0.48294802625507577,-0.30204306292842875,1.1173472793346384,1.3361195694084762,1.436734898129758,-0.8883776894198141,0.7392107606430705,-0.20288260321042415,0.1769314654862644,0.7790218361800009,1.4486640600540746,2.246877782862007,-0.26889098598050765,-0.7698237862209508,-0.8661046605098118,0.59070204513388,-0.7369993716066923,-0.3226823829137778,0.26889098598050765,-2.2468777828620077,0.5216379277079463,-0.3345252120667762,-0.4732363819731166,-0.3153027715758717,7.593435579547688e-4,0.25856020669096863,-0.13859458152457876,-0.983822203561983,-0.35630847989348147,-0.9701972441467586,-1.1658209625447336,-1.60964747949337,-1.1257144516253432,-1.2946394109712458,-1.3653871733518879,-0.5363722402842841,-0.7099875321636356,-1.940862533851798,1
0.13340540580248203,-1.0296772261111817,-0.4445202009343899,1.7718540298733036,1,0,0,1,0,0,0.6527815247272168,-0.5408393492193319,-0.13144908275958464,-0.25957739956073705,-0.490284394038682,-0.21533637819425933,-0.4592748456161356,1.1025968412686744,0.1988779407817019,0.11197615399210455,-0.14884448902716893,1.4597147375187345,2.0058860398321157,-0.5299631797372684,3.101219984604002,-0.6255793209910635,-0.23209214237584622,-0.8122407615138802,2.110417730215288,-0.1022098070627286,0.10909988799078302,1.5933853339010797,-0.900519694455334,-0.38141115539433035,-0.5994898882440507,0.1022098070627286,-2.1104177302152882,-0.38821085062885646,3.317871544626588,0.6275743551108558,0.17998308071947566,0.08041131799008658,0.3845801819166189,4.129670730186422,2.7812133041820113,-0.4803306735805153,0.05677446769459199,1.413983630027056,-0.13168642102891215,-0.5681647828663581,-0.6684841749419423,0.37938770007212164,0.36909507656128593,0.3477270420022505,-0.3944048900113141,0
0.15910566815972013,-1.1069805240255675,0.27967722576327125,0.3052077222492148,1,0,0,1,0,0,-0.6848257977108253,0.5668649600517709,-0.5664172509504457,0.13274706549957663,0.41696695734501593,0.3333690586968206,0.31327662750342317,-0.9226963372316355,1.133245747958958,-0.43035524004177256,0.18098739663242266,1.3341090244949008,0.025871185151390478,-0.8292159374988927,-0.7583410652983126,1.40956239538171,-0.5795692039391488,0.25209931525027474,0.6912331826893887,1.1340089365774726,-1.2641615709377068,0.5067402480024232,-0.13271063173775352,0.00669126347257124,0.01083343453706653,-1.1340089365774726,-0.6912331826893894,-0.9266927806649233,-0.9349191994684248,-0.982702508226857,-0.19901826712392082,-0.40887938209301433,-1.1906695084040155,-1.0357458890816678,-1.3713993881826885,-1.2244638357027204,-1.2477571662660425,0.19995793940503753,-0.6882026220556532,-0.6459624110652865,-0.6007917169928287,-0.3819686083310823,-1.4418395571298541,-1.211010225189582,-0.7036964187794109,1
0.544609603518286,-0.7462318004251005,0.27967722576327125,0.3052077222492148,1,0,0,1,0,0,-0.40720918361991093,-0.09892056966760585,-0.6559695208720935,0.3381676924854341,-0.5074907358040941,-0.3374199839573113,-0.31838260589270495,0.42499908298556693,-1.1248948538338268,-0.11448621142251658,-0.3072725747321488,0.5660039512649748,0.3177497633562854,0.11514232933732643,0.24517104479411808,-0.9320767180570334,0.15282847281664852,0.10468493744693659,1.3338827891162104,-0.550966827225982,0.5577676225789407,-0.33771760855210825,0.6011217368802159,0.3062055831400019,0.5016738622697733,0.550966827225982,-1.333882789116211,-0.2582324537235989,-0.25947596364157,-1.3557044935197728,-1.5427503185686884,-1.4159079159849774,-0.2770246880180474,-0.38327221085833024,-0.9284540343304539,-1.720552610450858,1.2502821328075124,0.35171115073279,2.3407052261554577,2.388145088692915,2.4115226617427363,1.267636726542527,0.6983559190505837,0.45906541823023866,2.3273605631479377,1
-0.25209852955608386,-0.9523739281967958,0.714195681781868,1.7718540298733036,1,0,0,1,0,0,0.12278617055365294,-0.38093452767100994,-0.2593808969333673,-0.21791462451008428,-0.3276585902701996,-0.12455626108840012,-0.839881137958632,1.3986070745741899,-0.7640350120686441,-1.2508714876855092,-1.9761933729016394,-0.7123116994042288,1.9666381165057751,-0.7096444845241944,1.360159469953669,-0.5788235377111682,-1.224776681081158,-1.6496195803882627,-0.08996932053587697,-0.882277724397939,0.4588067598545969,-0.5570542040807671,0.4627996229517051,0.4753790890075332,0.9586157228990018,0.882277724397939,0.08996932053587625,-0.48105256270404034,1.841902992264201,1.1825285283515359,0.6537347655237203,0.08610074473523979,0.6051151385615076,1.9003856629233515,2.172163442635189,0.5738579727592754,0.42377036471897817,-0.5166544474204599,0.02442194865800565,0.25879519095187925,0.4428003430560091,0.16437503890269836,-0.39003408806681844,-0.7903985816616271,0.09358841093390566,1
-1.0231064002732158,-0.07626988516709207,1.7280720791585935,-0.4281154315628296,1,0,0,1,0,0,-0.11697363252486404,-0.263477167842788,-0.1442422641769629,-0.2578414506002932,-0.0229512036692359,-0.0033670407155536224,-0.48397873782378653,1.3351466364268452,-0.9988196793592007,-0.8874345658129451,-1.5548680383303561,-1.3711065467831138,0.9416551326763519,0.006982615296952022,1.4171067071272734,-1.1554320108545335,-0.33995401644975654,-0.4772449971233985,0.33643704580791395,-2.2036999647908173,0.6799611632238095,-0.4129042690756674,0.2043222208708899,0.8617742624962211,1.555467749502427,2.2036999647908178,-0.33643704580791395,-0.03541234474315745,1.2415090048625523,-0.13662483426975403,-0.7029177864157086,-0.7843815472730677,0.6996301199807459,0.2692014673650073,0.12354118106860354,-0.4183195767369984,0.41760236644966076,-0.5588081172337243,-0.615216890773458,-0.4255357978349895,-0.07617516788719629,0.1890486229713212,-0.20711139779498602,-1.0440026608476,-0.3944048900113141,1
0.544609603518286,0.15564000857606544,0.27967722576327125,0.3052077222492148,1,0,0,1,0,0,-0.40720918361991093,-0.09892056966760585,-0.7071422465416066,0.566734305610543,-0.6968652727076148,-0.5140610985228995,0.6632384101515653,0.704706676519253,-1.8587384174158665,0.4321887749461153,-0.13243231483367543,0.5912551443978477,0.7020856539163475,0.1113359741253546,0.03557193395657343,-0.8654184130472276,0.16851873652846774,0.2715873952768959,1.116988546947158,-0.3014141428425148,-0.8110035608144879,-0.9315968467612886,1.6712956402341956,-0.4167588580025936,0.4373207265747684,0.30141414284251544,-1.1169885469471588,-0.3139374809687093,-0.4846237089171882,-1.5558519002623137,-1.6719553235153006,-1.5353858776331764,-0.37153966943728567,-0.6279498401920818,-1.0945585420250417,-1.7825637072943747,-0.9146852597229018,-1.0899443568808573,-1.0257616292358074,-0.127311556405765,-0.2792525417345383,-1.3653871733518879,-1.3595243465075295,-1.6006945419875402,-1.136704559054746,1
-1.0231064002732158,-0.2566442469673251,1.7280720791585935,0.7452016145364414,1,0,0,1,0,0,-0.11697363252486404,-0.263477167842788,0.11162136417060241,-0.3764646295639574,0.17807456053538515,0.08830746178051108,0.5778642125481364,-0.07613045895111345,-0.2625182610315382,0.7520857970999834,0.8548635372518556,0.14621136998098952,-1.0872226611010547,0.10580838012329441,1.183981414008786,-0.9608794006718113,-0.06606671643641686,-0.28037471269547987,0.3735052989149339,-0.17102313780859965,-0.6978117676057256,1.2905780334106216,-0.6067198735751153,-1.0815300164474708,-1.3850958026312679,0.17102313780859965,-0.37350529891493456,0.04814519612450831,1.0163612595869336,-0.16391766246191838,-0.625394783447741,-0.6136987449184976,0.5106001571422693,0.02452383803125581,-0.1532996650890431,-0.5423417704240322,-0.4150773999081907,1.9451198696741894,1.5196157492307591,0.9099901529132779,0.36382580878204385,1.0138512904081252,2.097714499630101,2.1848102497640536,0.904619530814692,1
-1.7684140086331095,0.43908543426214564,-0.4445202009343899,-0.13478617003801185,1,0,0,0,1,0,0.9682549498305286,-0.5838682830177894,-0.016310450003180245,-0.3330659055528607,-0.5202732181652703,-0.1916351653538133,0.0014525493787596012,0.11145526301355628,-0.01647697450978819,-0.3771218866874362,-0.34982460947524185,0.16613403385464906,-0.01704508572244053,-0.32006960850209315,-0.625623519462011,1.5054109492908985,-0.8960473463159914,-0.24973515568233814,0.02218903885575186,0.2045801889163758,-0.3218295868202686,-0.7797117541317421,1.535317398895655,-0.37903787111957554,0.21097135279576926,-0.2045801889163758,-0.02218903885575257,-0.10968571440330459,-0.351202822827933,0.9409364565764494,1.6730186934358835,1.1424376437518557,-0.31553079155921776,0.4141956180813048,0.4434461588507728,0.8976937007198638,-0.3595654154843339,-0.7864379342253526,-0.24116501795220557,0.5599008260181015,0.36382580878204385,-1.016432198667086,-0.12479618717266176,-0.04195727479570725,-0.1469716669968365,0
2.6006305920973043,-0.7462318004251005,-0.4445202009343899,0.3052077222492148,1,0,0,1,0,0,0.3499270366280375,-0.4664109231895675,-0.6559695208720935,0.30923520981136965,-1.1769153282482447,-0.5976861325071146,-0.6945728980251225,0.064315413816357,-0.5166922509381818,-0.05751091784041041,-0.5782839624777486,-0.23851919293008395,0.522301686702895,-0.30698228331099503,-0.25189699874390775,-0.23523765356979168,-0.14872109937083536,-0.6256518770902171,-0.2249492467260648,-0.1022098070627286,0.6590874420605295,-0.3406198074652047,0.46994446072055046,-0.06977575663599725,0.1409701885144316,0.1022098070627286,0.22494924672606412,-0.20252742647848845,-0.10937746679115769,0.43652455776570404,0.24027874969456073,0.17144214591252482,0.006520256239666901,0.35076067714292497,0.5111183656893089,0.07776919801113909,1.0282341951120857,0.04820472807728505,1.2915353389738984,1.3767759221068474,1.2607508766078017,0.6331731362065233,0.36909507656128593,0.3477270420022505,1.2139110595827887,1
-0.4063001036995106,0.15564000857606544,-0.15484123025532542,0.3052077222492148,1,0,0,1,0,0,-0.7226826087232228,1.2093916066368462,0.17558727125749374,-0.397874666742765,1.4350827726849007,1.2375926881945905,0.792856918200603,0.5503734096721847,0.44805795137381255,0.8049794616097283,0.5826079441754312,-0.4334453830520251,-1.1781882539528143,0.9192809239141629,0.1813451870635548,-0.022878353861091168,1.1146750218910353,0.9950549773860929,-0.2094031647789695,-0.3834842964864804,-0.18395217741699074,-0.5737371496904986,-0.6355007688085857,0.01781735112227228,0.2140586524668554,0.3834842964864804,0.2094031647789688,1.2736557955169365,0.5660657690356972,1.1552357001593716,0.9638267773955896,1.434494883336343,0.9831750642384596,-0.9541866793037505,-0.983822203561983,1.5660355222555504,-0.3318094232724056,-0.7105613285614767,-0.669956189235104,-0.8663890242955825,-0.8038690908401701,0.2207718024881207,-0.12479618717266176,-0.32030321536567735,-0.8274130302866491,1
1.1614159000919912,-1.4677292476260335,0.5693561964423357,1.0385308760612593,0,1,0,1,0,0,-0.23054406556205628,-0.21812234573090036,0.08603500133584588,-0.3591051399595187,0.2736445612890211,0.1097727111454433,-0.13966105595654252,1.230162891523431,-0.5126683907223072,0.2897560127421889,0.19449372867672007,-0.40428698355596504,-0.5886382900877627,0.2003854943785429,0.7225598551923014,-0.5885919713163724,0.7958357980541454,0.5047838772639923,0.03622492998512883,-0.5873266710771624,0.39442492294740844,-0.9645925737808109,0.10935669703051541,0.3976954745981375,0.23997183514089576,0.5873266710771624,-0.036224929985129536,-0.03541234474315745,0.340918023760079,-0.7825551014843162,-0.9354867953196102,-0.6136987449184976,-0.15100471279239655,-0.8726274695258333,-0.983822203561983,-0.8523972546416179,0.3065783976019474,-0.9381911455531051,-0.1681792866700104,-0.08841274230630035,0.0761328624983096,-0.28679906978068154,0.12214944469431245,-0.15329565102369538,-0.5799798072721716,0
-2.1796182063489136,-1.8542457371979617,1.0038746524609323,-0.13478617003801185,1,0,0,0,1,0,0.6401625877230843,-0.5379319888275442,-0.5024513438635544,-0.009022099603339084,-0.9526161844522513,-0.4067348516982383,0.3827806011219254,-2.643616545620681,0.6864961626746078,-0.97772193637259,-0.16953180612022295,-0.07358227403441021,-0.1979714393944774,0.6481228306003056,-0.527064332972972,0.10865049167920701,-0.1693684480791085,0.23954276587238085,0.9953441571592244,-1.0875276621842873,0.11533095196443852,3.10044519495884,-0.8292799862096433,1.1528964047966894,0.4542665385981844,1.0875276621842873,-0.9953441571592251,0.35452284597261524,-0.6847550380510711,-0.7370670544973751,-0.5737127814690962,-0.6023198914281931,-0.29802801722232247,0.4595062901801475,0.012804842605544792,-0.790386157798101,0.029018475482663446,2.7038859263129513,-0.2594114507727547,-0.6329961396987983,-0.1777138548108673,0.1890486229713212,1.0276167615398821,0.514734606344233,-0.332546584257695,0
-0.04649643069818187,1.4697960731206219,-0.4445202009343899,2.505177183685348,1,0,0,1,0,0,-0.16744938054139394,-0.24719594964877709,-0.7966945164632545,1.860016281141223,-1.5653962373838004,-1.6275709093287585,-0.6844915271211449,-0.22887650402904836,0.2348519044333898,-0.8525845296969402,-0.7184419993233524,0.5945941309709064,0.39009954826571186,0.8738517667784592,-0.2831964955634979,0.18252843219641743,1.083369319642837,1.4618219323500612,1.8207882307202055,-0.9948801208223941,1.824944519916946,0.03044015219563811,-0.1376269495633097,2.226037167804708,2.361194381897812,0.9948801208223941,-1.8207882307202063,0.6330479821981672,-0.40957446049198204,-0.4914316007678933,-0.3282232720705331,0.10316902497069583,0.038025250046078915,-0.46483142063624716,-1.149926711256571,-0.35630847989348147,1.611110031562582,-0.02767187758659086,-0.15905607025973648,-0.2051091846046925,0.6684418695530556,0.664896315723324,-0.9479482933959068,-1.378017789531564,0.5334696962929761,0
0.8787130141623758,0.6452275620338409,1.7280720791585935,-0.4281154315628296,1,0,0,0,1,0,-0.7983962307480176,2.3810578445272776,2.2864622051249075,-0.6819916466020778,2.8895426434109495,2.3582575821220937,1.4987581405228068,-1.5072144851056304,0.878395075550234,1.5770853234006459,1.6899857720024003,-0.278043324887714,-1.636940545782517,0.9430798430345185,-0.5309176541326578,1.1252323601259173,1.40232520981465,1.6831918049852281,-0.47959406901947754,0.0964376253461319,-1.1417454110260863,1.5368375306854842,-0.07004548975496803,-0.7400188536626013,-0.5537550814209582,-0.0964376253461319,0.4795940690194761,0.4659329004628361,-0.7848207026180125,-1.110069039790291,-0.44450777652248397,0.10316902497069583,-1.2536794960168407,-1.6066603575270884,-1.648240234340335,-0.6043528672675491,-1.1367331974183288,1.1104772073715516,-0.615216890773458,-0.5551985114998699,-0.7869459763528921,-0.3819686083310823,0.12214944469431245,0.18071947766026855,-0.8892713360402683,1
1.2128164248064663,0.0010334127472937634,0.5693561964423357,-0.4281154315628296,1,0,0,1,0,0,3.9841808938181895,-0.7530766578198319,4.870684851435317,-0.7624239484359768,0.0936113814081656,0.010048740137529016,-0.647852706712316,-0.03857555903706206,1.043751495489476,-0.4386079633490173,0.15304403544029926,-0.7729223843655024,-0.5812614070328068,-0.3067664056258901,0.43658460328471094,-0.10784621234072751,0.20320033242134883,0.3101036393872885,-0.5940660301642549,-0.4649864905896614,0.5943375811838627,0.49030703687731453,-1.5352183029695554,0.7940210331245879,0.10379110553406921,0.4649864905896614,0.5940660301642541,-0.3696425082138195,0.26586877533487285,-0.3549674598070702,-0.354064273059855,-0.2552648599739003,-0.024984737566746233,-1.0357458890816678,-0.9284540343304539,-0.4803306735805153,1.0837461795359422,1.1104772073715516,1.6838336446156987,0.45617065508619664,0.7699805564767266,2.377948009630533,1.0276167615398821,0.848749735028197,1.646919199858125,1
2.138025869667024,-1.235819353882877,0.5693561964423357,0.3052077222492148,1,0,0,1,0,0,1.5992018000371522,-0.6495746278721908,-0.6047967952025805,0.19350527911511192,-1.5035865889491242,-0.6491132924439313,-0.002115744330638989,-0.22609656911598344,-0.8750533959587266,-0.8484470685307988,-1.7146839521379287,0.6110274873576989,2.019655793594956,-0.5434130981457308,-0.6841835032591483,-0.5171052981368457,-0.6255918512453894,-1.0341024185553354,1.0273558386823656,-0.18555039652161812,-0.5400299708313061,-0.37507537739073415,0.6765863515551838,0.525871081467867,1.2195733760651695,0.18555039652161812,-1.0273558386823665,-0.28608496734615396,-0.3345252120667762,1.2644070129280303,0.7570987694810098,0.4445346296798359,0.7941451013999841,2.9606553900362758,2.4490042887928354,0.5118468759157585,-0.49834537654397587,-0.3311783002420958,0.07814755640739948,0.4172718409867329,0.6176725260912207,0.2207718024881207,-0.20711139779498602,-0.32030321536567735,0.6571863078002155,0
-0.27779879191332196,-0.4885541407104817,-0.4445202009343899,0.3052077222492148,1,0,0,1,0,0,0.3877838476404349,-0.4797847809917908,2.555119014889851,-0.6947219389786661,0.6552304493676386,0.1679077615088014,-0.702866231288769,0.688783834155768,-0.06528583928339647,0.8077748158833089,0.7563247693290862,1.0477279988005612,0.06204441093663165,-1.4243231818630444,0.7387391734274248,-0.4137186214183468,0.06810104877282064,-0.07255823080244356,0.3506288912831737,1.0812265632535092,-0.44581433676123833,-0.20532474162978126,-0.32649938626472413,-1.023723828756614,-1.0540982319280252,-1.0812265632535092,-0.3506288912831744,-1.4558905394934718,0.003196405846651406,-1.6240839707427253,-1.5427503185686884,-1.4415103363381627,-0.9543820548559203,-0.22015379130249568,-0.4024564266309252,-1.720552610450858,-0.6556293324115703,-0.5588081172337243,-1.2021438131677786,-1.1602911752693112,-1.4187422505446208,-0.857816301083085,-0.6186874509066087,-0.17185204706169332,-1.1779434295571587,1
-0.9460056132015023,0.6709953280053031,1.7280720791585935,-0.13478617003801185,1,0,0,1,0,0,-0.3062576875868511,-0.19893376714510175,-0.2593808969333673,-0.20981352936134623,0.06274171083794301,0.009154354747323507,-0.25369158059687574,-1.7614166717768487,1.8890477923813707,-0.7240778958493657,0.2215512291248793,0.8155271671565025,0.13021865789371095,0.5486362824957003,-0.588970586463358,0.42728408385949956,0.4670820403019608,0.6888274757425603,0.4783555005605047,0.6378546273322155,0.900955227443329,1.8275818563038426,-2.1530123185021472,1.4413330793822783,0.38447851212558515,-0.6378546273322155,-0.4783555005605054,0.49378541408539117,-0.5596729573423944,-0.03655113089848297,0.188596747715916,0.3762615087380082,-0.11949971898598452,-0.30171300108041293,-0.5408768497097485,0.015758101167622184,0.44535835866158957,1.1104772073715516,-1.0622544948769042,-1.8518256481486735,-1.3284856399458025,0.47455723862252236,-1.1948939252628807,-1.0996718489615938,-0.9511296417938885,1
-0.894605088487027,-0.5658574386248675,0.27967722576327125,-0.4281154315628296,0,1,0,1,0,0,0.009215737516460692,-0.3379055938725524,0.5210031695267069,-0.5095540498646537,0.3029869531884546,0.13392111668099205,-0.289834035681995,0.3333193653234747,-0.16228045059300208,1.706198194224315,1.425445749175341,-0.49670522500633657,-2.2085311672541312,-0.8158740128683849,1.436985439215578,0.6347602348759593,1.0884509673861085,0.663125875547653,-0.6187833227191311,-0.06374491962016399,-0.4121904185493086,0.9820491782457703,0.859715632394565,-1.2256743384021247,-1.2057359360154962,0.06374491962016399,0.6187833227191303,-1.038102835155144,0.41596727218528484,-1.8105849633891833,-1.2843403086754637,-0.8697229484503528,-1.8837793721450944,-1.6882195673050053,-1.7036084035718644,-1.5965304167638241,-0.10976148557697851,1.5657368413548085,1.446630017948564,1.7527977917350004,1.0238272737859035,-0.15990635171348128,2.4269753421193996,2.6301637546760053,1.2139110595827887,1
-0.07219669305541997,0.4133176682906843,-2.0377545396692445,-0.8681093238500562,1,0,0,1,0,0,-0.4955417426488382,0.040632729138202366,-0.06748317567269331,-0.30991991941360914,0.535924191463098,0.27076208138243496,-0.6164009390563536,0.5803391773533655,-1.0501525645464416,-0.7437924457822346,-1.1152706959699799,0.15659936251285045,0.9902538704642193,-1.4369212453105509,-0.2961172594494775,0.6364662061510871,-1.9541149781632239,-1.5188730078611743,-0.09305301462755473,0.3058716999428703,-0.578634266967295,-1.093177503709748,2.075180892669065,-0.9328513532392766,-0.032977341313693134,-0.3058716999428703,0.09305301462755473,-1.4558905394934718,-0.7097714541928067,-1.492168634480596,-1.0000892977929163,-1.603658998575004,-1.4742144526617298,0.2692014673650073,0.34501385799472056,-2.0926191915119605,-0.47058938433204756,-0.9381911455531051,0.44307621281837667,1.5064386357717279,0.9561348158367899,-0.857816301083085,0.6983559190505837,0.9600881112561845,0.7190446135538346,0
2.317927706167689,0.28447883843337485,-0.4445202009343899,1.478524768348486,1,0,0,1,0,0,1.3342041229503703,-0.6251528005811743,-0.5536240695330674,0.10092133455810576,-1.3077377668943095,-0.5587803680331749,-2.7316810924225,-1.4173142487167274,-0.1935265718803705,-2.730687310437499,-3.1870116249776403,-0.9471623039379637,2.837046254941425,-0.9072599229550914,0.1863344316295503,0.16305086120953363,-1.686001084976796,-2.288936269059602,-0.317134785289538,-0.9772859963810728,2.8919456304051105,2.1319740290054137,0.42840769788947397,2.017172572079482,1.9085704379991109,0.9772859963810728,0.31713478528953726,-0.7595776989295921,0.41596727218528484,0.7094528396873502,0.6924962670077037,-0.08458205761933026,-0.6865896075014126,1.9819448727012692,2.4490042887928354,-0.10826409251941274,2.2494978524369347,1.5657368413548085,-0.7064490548762022,-0.39960325510201306,0.38074892326932136,-0.5723076854318833,-0.7833178721512579,-1.211010225189582,-0.023255055489598248,0
-1.280109023845593,1.830544796721088,1.0038746524609323,-0.4281154315628296,1,0,0,1,0,0,0.9934928238387936,-0.5838682830177894,-0.34893316685501513,-0.1855102439151321,-0.8590650364872796,-0.30566930260501574,0.7896651055675137,0.8230483718374355,-1.0352127427667934,0.5728794716405892,0.4577024181972214,1.226050195915956,-0.01896888137042465,0.05502917477485682,0.4729961652697106,-0.7596141714150118,-0.29591306934140676,-0.49016481065687456,0.6912331826893887,0.9866295824910817,-1.0430640488256018,-0.6558225450885524,0.6518315138337145,-1.0673455412338024,-1.073586094841187,-0.9866295824910817,-0.6912331826893894,0.006366425690675429,0.3784426479726819,-0.1457224436671417,-0.5091102789957901,-0.5880963245653125,0.30581769740058723,1.0032343553662626,0.7049069579996614,-0.015247447254136822,-1.0257092285706153,-0.7105613285614767,-0.3871364805165972,-0.010615114107371936,-0.4315605721200442,-1.0481553781838862,-0.12479618717266176,0.4033962301162448,-0.5799798072721716,0
0.33900750466038404,0.8771374557769975,1.0038746524609323,1.7718540298733036,1,0,0,1,0,0,0.19849979257844777,-0.41000813158888666,-0.7711081536284979,1.761645840049404,-1.6311943945696714,-1.6767621057900615,1.2190525154393042,0.1782863277876529,-0.4459933083775594,-0.25616259324695745,-0.21497144255339645,0.8696122748711383,0.6794760390012693,2.045484071805441,0.34332298292103897,-0.4730994237970514,1.5459256976214977,1.3117829340567773,0.3041828515459622,0.8843625762614299,0.3487013855974744,0.09922984747858388,0.1342684980348598,1.8789725960058086,1.5601741210286182,-0.8843625762614299,-0.3041828515459622,1.9421161224582606,0.340918023760079,0.07262018187017576,-0.18609776662925942,0.4274663494443799,0.6366201323679207,-0.6279498401920818,-0.8177176958673952,0.139780294854656,0.08453045990652028,-0.17942508891434333,-0.7885580025686714,-0.6070635969658218,0.10997909147286698,-0.5723076854318833,-1.853415610241477,-1.823371294443516,-0.20882997275045564,0
0.030604356373531493,-1.2873548858258006,-0.15484123025532542,1.478524768348486,1,0,0,1,0,0,0.9430170758222637,-0.5792165063909291,0.5337963509440852,-0.5124472981320601,-0.18074842138654332,-0.04942788831113735,0.38981412738881743,-0.638144255321407,-1.1553582606733546,0.7766360254321109,0.37152757017457,-1.8576158900446111,-1.295190252445118,0.6347954258367946,0.9512013460060492,-1.6421229711730623,0.8882367549082522,-0.39334220805894266,-1.8831015779389846,-0.6659292998071294,0.09223407666763186,1.8287656445492162,-0.0707617732219831,-0.1684248045605409,-0.8670261454690014,0.6659292998071294,1.8831015779389846,1.0972565425740868,1.5667224147051118,1.5524979771786585,0.28765391817498526,0.6493539925053206,1.7497965801945017,-0.7638818564886103,0.10508512465809383,1.7934095440151123,0.45461035606556566,2.518409779134587,1.4638627600568597,1.1952481229760152,1.0445110803814657,0.23487099338447628,1.8964995403310856,1.621932903278114,0.8496343701448084,0
1.0586148506630406,0.4648532002336079,-1.6032360836506476,1.0385308760612593,1,0,0,1,0,0,0.4634974696652297,-0.5001363037343045,-0.11865590134220637,-0.28677393327435763,-0.38933931732211174,-0.16301483286723703,-0.8414970699934796,-1.7366715444084937,1.043314914293295,-1.2956129165478807,-0.3806939339415624,0.4600196869842184,1.0641305694541634,-0.7683545437276776,-1.0714857064822205,0.21971179131372373,-0.773741946534453,-0.5209341682085971,0.1039844044028122,0.5242815205937548,0.4023913532886061,1.3102453375533831,-1.205457277749543,0.9830601949338058,-0.013670064670226858,-0.5242815205937548,-0.10398440440281291,-0.6760201580619267,-0.9349191994684248,0.32735324499704527,0.3953247556304958,0.0519641842643253,0.1010352376589052,0.9216751455883455,0.954063719541543,0.20179139169817292,0.3898463742377325,1.2622304186993043,0.0872707728176734,-0.5551985114998699,-0.1607907403235886,0.47455723862252236,-0.7833178721512579,-0.6543183440496418,-0.20882997275045564,0
-0.8175043014153137,1.2378861793774645,-1.168717627632051,0.5985369837740325,1,0,0,1,0,0,0.16064298156605036,-0.3989601621000935,-0.23379453409861076,-0.2260157196588223,-0.3257112851707183,-0.13215853690514695,-0.60122948268204,0.07969604469856134,0.9053962270620729,-0.3870090385903336,-0.2613187620262314,-1.2214989237803795,-0.46149333323878067,-1.1499524840882807,0.41287962753974344,-0.02031489455047669,-0.3426453153677346,-0.8932629929013431,-1.0117882743416888,-0.6624995530634572,-0.31299474140645606,0.3042284247165308,-1.2581214832092718,0.1830630140436313,-0.5323702640613324,0.6624995530634572,1.0117882743416882,-1.0071555977967495,0.6494538228414815,0.7185504490847379,0.5963103188807818,0.4217769226992267,-0.14050304819025958,0.14233158548824765,0.7510470990259361,0.9665949194348847,-0.3040534310604773,0.27583454506891375,-0.013084607695344815,-0.6589286824317738,-0.5500223735309933,0.47455723862252236,1.0276167615398821,0.7374113588002092,-0.20882997275045564,0
-0.020796168340944693,0.3102466044048362,-0.8790386569529866,-0.8681093238500562,1,0,0,1,0,0,2.217529713239643,-0.6821370642602127,-0.7327286093763631,1.1772096900333027,-2.1088031303668267,-1.4343836650443684,-0.9936224594129704,2.0005399448180747,-0.410870656014335,-1.8471905812376668,-3.009198402144768,-0.39061813176103216,3.0807099861100324,-1.786169416250534,1.9208485032316782,-0.1293605098403806,-2.9260105786697275,-4.175182737371783,-0.2763926451691775,-0.25863368266248993,-0.4030632176590268,-0.821539993871351,0.43167911411047893,-0.40594669820222257,-0.1641480084791541,0.2586336826624906,0.2763926451691768,-1.7344156757190237,0.5660657690356972,-2.147196511092547,-1.865762830935219,-2.5936192522315107,-2.76591919872465,1.8188264531454346,2.227531611866718,-2.340663578886029,-0.6648813298155464,-1.0899443568808573,-1.4180599348776075,-1.0219842806934394,-1.0915620371239039,-1.206771275767887,-0.12479618717266176,-0.26463402725168356,-1.6934293108373202,0
-0.12359721776989524,0.33601437037629844,-2.327433510348309,0.5985369837740325,1,0,0,0,1,0,-0.6722068607066928,0.5668649600517709,0.5593827137788417,-0.5153405463994666,1.4004286054484463,0.8342248772119057,0.4281311550383579,-0.136181731855155,-0.3769179967842025,-0.09061568635562353,-0.3745203411286559,0.15576945309698104,0.8765373294661979,-0.6005328817771264,0.1194269363506377,-0.15296846963463853,-0.43356682623583065,-0.5125863317161903,-0.22109974072011698,0.43173498641965286,-1.1953721725572986,0.3065529838841871,0.36154096867180463,-0.30750149691247125,-0.013546000124370296,-0.43173498641965286,0.22109974072011698,-0.5646101035717058,0.11577027848446049,0.02713213488323473,-0.05689276168264715,-0.22112829950298704,-0.024984737566746233,0.5954383064766764,0.7879592118469556,-0.046252995675895824,-1.1644891896302574,0.12408133374116129,-0.43275256256796935,-0.1921429132382052,-0.29617565622181696,-0.4136917878478824,-0.7010026615289333,-0.5986491559356475,-0.5799798072721716,1
-1.3315095485600683,1.0575118175772313,-0.4445202009343899,-0.4281154315628296,1,0,0,0,1,0,0.2363566035908452,-0.4274522939396127,0.7768667978742723,-0.5529527738757504,0.25818487296303366,0.09859289376787443,-0.4202315277210697,0.34755325276120025,-0.665356978151752,-0.7552040167750211,-0.7841306953853094,-1.3499582549004183,-0.06196853213870004,-0.3918517050441594,0.20983806755735315,0.14816951923761168,-1.297975172223694,-1.0705821386427623,-2.5986946320297384,0.7361716451058063,0.19280856223344275,-0.26681657704077777,1.0584613561439962,-0.2668180572064529,-0.02580677892083491,-0.7361716451058063,2.598694632029737,-0.48105256270404034,0.003196405846651406,-0.5323708430561405,-0.37990527404917784,-0.8441205280971675,-0.5605696322757617,-1.647439962416047,-0.8177176958673952,-0.4803306735805153,0.44535835866158957,0.04820472807728505,1.0178388466656656,1.4805060930387524,1.2607508766078017,-0.15990635171348128,-0.4540570296619595,-0.15329565102369538,0.904619530814692,1
1.3927182613071303,0.49062096620506923,1.0038746524609323,-0.4281154315628296,1,0,0,0,1,0,-0.34411449859924853,-0.16869721907050997,1.0455236076392158,-0.5870931034311464,0.8710446273879727,0.32397801209966276,0.01868048225453134,0.38447929126048197,-0.195070507497865,0.41754196796843496,0.681250943023602,-0.046933064664290085,-0.4812463213761971,-0.014223991592433108,2.837696734398975,-0.18960334418022654,0.004318734157314243,-0.21723374976218496,-0.7076772998718532,0.6378546273322155,-0.040188110111262096,2.315032400863539,0.07613484302594559,-0.5597898783011235,-1.097746066377106,-0.6378546273322155,0.7076772998718532,0.0759977097470634,2.892592470217086,0.391036510778763,0.22735824919990022,0.22264698661889537,0.2270552128845555,-0.30171300108041293,0.012804842605544792,0.6978801664463103,0.1770504339462815,2.7291781282009095,0.9266066825629212,0.8278704342588538,0.5274159154924014,-0.17048074488574738,0.34165667302051117,0.7559677548382072,0.7809029193074537,1
1.0843151130202777,-0.02473435322416849,0.27967722576327125,-0.13478617003801185,1,0,0,1,0,0,-0.15483044353726144,-0.25359214251070994,-0.438485436776663,-0.050106225000510575,-0.33548599709037125,-0.1563069424406957,0.640501551214504,2.6169442829669807,-1.0575516938626313,0.9399264294917958,-0.3420584800235218,0.31778384599128695,0.5727866931556963,0.20991516955427053,2.5768182276886367,-0.963317740074741,0.15337422111966828,-0.7641539597288788,0.010024599876957354,0.4234769879856554,-0.6808882344366463,-1.0104382227375495,0.47766716693525935,-1.1176967150289288,-0.3013548345006322,-0.4234769879856554,-0.010024599876958064,0.02029268250195297,1.9920014891146134,-0.6097005229339397,-0.9742482968035945,-0.8697229484503528,-0.40304466324369825,0.2692014673650073,0.2896456887631914,-0.790386157798101,-0.9424412519348303,-1.317574173872486,-1.8377278897502307,-1.3720736075886157,-1.633101700716815,-1.206771275767887,-1.0302635040182315,-0.9883334727336057,-2.002720839605417,1
2.574930329740066,-1.8542457371979617,0.5693561964423357,-1.161438585374874,1,0,0,0,1,0,0.816827705780939,-0.5652611765103484,0.57217589519622,-0.519969743627317,-0.1144509878660183,-0.03288175859233543,0.2927232099433594,-0.2935768155602316,-0.24523444243325532,2.143825551965114,2.49464562437396,1.4833809876946549,-1.6948995289517546,-0.37137540777998046,0.2629747717683192,0.03380503520547063,-0.30484445022351975,0.14970421745894208,0.20465562353765385,1.8201797897890004,-0.7781126807700516,0.6663857460936471,0.3692144984450447,-3.198448551158688,-3.0970044585756056,-1.8201797897890004,-0.20465562353765385,-0.4253475354589299,0.11577027848446049,-0.3458698504096825,-0.2765412700918884,-0.3747428216220998,0.06953024385249205,0.10608304780917345,0.012804842605544792,-0.23228628620644656,-0.47058938433204756,1.33810702436318,1.74769615948762,1.7138989776355367,-0.008482709938082702,0.09387908442092041,2.2623449208747504,4.467246962437809,2.636652091916034,1
1.5469198354505571,0.1298722426046032,1.0038746524609323,0.3052077222492148,1,0,0,1,0,0,0.45087853266109723,-0.49606599918580174,-0.08027635709007157,-0.303554773225315,-0.34971957123807035,-0.14691589584353787,0.11071999822324081,1.2944839881555792,-0.5662227064832182,-0.38610207479286096,-1.2713212741788291,-1.087581467146427,0.7793160386254968,0.7096446903953558,0.3615813054682181,0.8265588449737062,-0.041514752270686586,-0.7984856181786544,-0.4215365193479638,-1.0652566185876786,0.5551097604016934,-1.4144956842573007,1.6046573345029582,0.4804336761101515,0.873214127082142,1.0652566185876786,0.42153651934796316,0.939425632046274,0.641115017460903,0.8368193712507843,1.183475285804831,1.1101975588626602,-1.0646495331783645,0.6769975162545934,1.009431888773073,0.6978801664463103,0.8339422496285867,-1.1658209625447336,1.0360852794862145,1.8176291485674405,1.9545985705862188,-0.4136917878478824,0.6160407084282594,0.1250502895462747,1.2139110595827887,0
1.7011214095939837,2.474738946007635,-0.4445202009343899,-0.4281154315628296,1,0,0,1,0,0,0.33730809962390496,-0.45943325824927705,0.4954168066919504,-0.5089754002111725,0.07482874423321241,0.04001065070941358,1.1621190988478167,-0.9471770175757647,-0.20517160353807656,0.8531488315927381,0.25876537341855704,-0.259133523923692,-0.6312730787593133,0.5421427211797758,0.6910075301107199,-0.8365089382196966,-0.02649753147028997,-0.9005517178947577,-0.4291756706205303,0.07222398482797085,-1.0742522769333835,1.9922663562274592,-0.5601343549703749,-1.1788235295327913,-1.215621133082767,-0.07222398482797085,0.4291756706205296,0.27096530510494976,0.340918023760079,-0.7188718357025985,-1.0000892977929163,-0.9550643496276378,-0.5920746260821743,0.10608304780917345,0.34501385799472056,-0.728375060954584,-1.0812212129944723,1.4898602356909325,-0.6334633235940058,-0.8015576674631424,-1.159254495073018,-0.3185222492974822,0.7806711296729086,0.9044189231421907,-1.0129879475475077,1
0.15910566815972013,2.088222456435707,0.27967722576327125,-0.13478617003801185,1,0,0,1,0,0,-0.6848257977108253,0.5930312035778599,-0.10586271992482811,-0.2873525829278389,1.0370924956545442,0.6781546266210444,-0.06994787332040057,-0.13178136330769855,1.7305818165460924,-0.38495558549144016,0.5379307953027972,0.31675760560162664,-0.846041886876683,-0.8308488924615401,-1.193191690868281,1.9518565370808916,-0.597793743156827,0.28641322861338264,0.3871222082195544,0.048076501797563044,-0.73291020318164,-1.0144391856405457,-0.4043357346130954,-0.07271188200588476,-0.41970960764401527,-0.048076501797563745,-0.3871222082195551,-1.0102503215325889,-1.3852146900196616,-1.546754290864926,-0.5091102789957901,-0.6990401460957827,-1.8837793721450944,-1.2804235184154193,-1.5375038958772762,-1.658541513607341,-0.859173275299045,-1.1658209625447336,-1.0713777112871794,-1.0868156375258795,-1.0407926936620688,-0.7626467625326843,-0.4540570296619595,-0.48731077970765985,-1.3222794763156045,1
-1.5114113850607322,1.2121184134060021,0.27967722576327125,-1.161438585374874,1,0,0,1,0,0,0.6780193987354818,-0.5472355420812648,-0.68155588370685,0.45679087144909825,-1.4255652748400933,-0.7738800543775999,0.10360415248044734,0.29051772078740207,1.0282277299102742,0.4820075047453388,0.2968711985675286,-0.3805256045877468,-0.5465983096446755,-0.5683416364634872,1.6956648664777962,1.0490573154907774,-0.3520636360346913,-0.5848358581004562,-0.9609518129377761,0.4340687685857812,-0.7119443626178492,1.2999351502068175,-0.3514203212537931,-1.000261317282087,-0.9569254840628406,-0.4340687685857812,0.9609518129377754,-0.6481676444393714,1.2415090048625523,-0.6097005229339397,-0.018131260198663828,-0.15285517856115927,-1.5687294340809674,-0.5463906304141645,-0.1532996650890431,-0.6663639641110671,-0.5816133531797613,1.4898602356909325,0.5708012425622179,0.28760912732185256,-0.14386762583630988,0.506280418139323,0.8629863402952329,1.2384340518261547,0.5334696962929761,0
-1.100207187344929,0.4133176682906843,0.27967722576327125,-1.6014324776621007,1,0,0,1,0,0,-0.5460174906653681,0.13076090128362017,0.46983044385719386,-0.49798105679502797,0.9819722431458829,0.48541457503175717,-0.5405848880602231,0.8054271812172783,-0.4131466668671315,0.37900581070381056,0.1284591677119388,-1.1516306475921474,-1.2127158791673045,-1.280796295535963,0.3779134719764323,-0.18591589796384314,-0.14723184642152845,-0.3474120236734406,-1.6831717333635567,0.0986623829151082,-0.5280601211941295,-0.726888662803437,0.3779577863098251,-0.6580049774566222,-0.5061834322906099,-0.0986623829151082,1.683171733363556,-1.2609229441355856,0.11577027848446049,-0.6187981323313287,-0.6124742829530796,-0.6307670251539549,-0.49755964466293656,-1.4435419379712537,-0.983822203561983,-0.6663639641110671,-0.5816133531797613,-0.7864379342253526,-0.44187577897824326,-0.1921429132382052,-0.4315605721200442,-0.635754044465484,0.36909507656128593,0.45906541823023866,-0.7036964187794109,1
0.23620645523143258,-0.10203765113855341,0.27967722576327125,-0.4281154315628296,1,0,0,1,0,0,0.11016723354952047,-0.37279391857400446,0.36748499251816774,-0.47367777134881384,0.1512023740210617,0.07936360787845599,0.9043134225681846,1.0715494777523809,-0.2765366521065915,0.7904971066223017,0.5192839171852166,0.46452157265520133,-0.33241600357861767,0.07637602568900705,0.8748009457708551,0.9653450824954949,-0.2326446646495542,-0.039331317357144416,0.6912331826893887,-0.05200463268990121,-1.1811558025533664,-0.5943789031387882,1.3481135778455167,-1.2985970595047374,-0.7134939009511597,0.05200463268990121,-0.6912331826893894,-0.03541234474315745,0.641115017460903,-0.38226028799923456,0.14983524623193267,0.0519641842643253,-0.9701345517591269,0.2692014673650073,-0.04256332662598434,-0.728375060954584,-1.1089772052064004,-0.5588081172337243,-0.0039613912850709025,0.6895635396829819,0.0761328624983096,-0.857816301083085,0.6983559190505837,0.7374113588002092,-0.08511336124321738,1
-0.4063001036995106,0.7225308599482267,-0.4445202009343899,1.478524768348486,1,0,0,1,0,0,0.9303981388181312,-0.5792165063909291,-0.1442422641769629,-0.2578414506002932,-0.6144732347460661,-0.24619267415634938,-1.4047963377951538,-2.0570463217547688,2.550776631241889,-1.4082311600694386,0.3584257234430004,2.0212071434597405,0.9483975966361415,-0.774668177382227,0.14169739967684852,1.1522235502951443,-0.9131808521429511,-0.7852782885064018,1.465333844976243,1.303385209184222,1.1793641890350406,2.9653099772211884,-2.3291235583996013,0.9969349445079292,-1.232642401431127,-1.303385209184222,-1.4653338449762439,-0.48105256270404034,0.6911478497443743,1.6434740711525406,2.118058154918659,1.531215138003932,-0.14050304819025958,3.042214599814193,2.227531611866718,0.6565394352172991,0.6674062963570164,2.020996475338066,-1.0622544948769042,-1.929623276347602,-1.531563013793144,-0.5088613263982832,-0.7010026615289333,-0.15329565102369538,-1.198562864808365,0
-0.14929748012713334,0.0010334127472937634,-0.15484123025532542,-0.13478617003801185,1,0,0,1,0,0,-0.6091121756860305,0.238333235779764,-0.38731271110714993,-0.14384746886447933,0.46301909819254244,0.294463294222881,0.607307329466226,-0.2659566645012008,0.8434806712300654,0.7925722205971474,1.261076716026575,0.8028038339157316,-0.8175782832772067,-0.10298735523521484,1.0735301051585582,0.9933534796770572,-0.023832710274112746,0.4081137363338881,1.0994917511557436,0.004466147444651183,-0.9473793770103798,1.4404727613046726,-0.1548418859101876,-1.0943460450728122,-1.24101786264687,-0.004466147444651183,-1.0994917511557445,-0.09111737198826762,1.0163612595869336,0.05442496307539909,0.5632912620610914,0.529876030857121,-0.4660546508565234,0.6769975162545934,0.17890935030013266,0.015758101167622184,-0.7759052986632599,1.793366658346437,0.890113816921823,0.6636309969500054,0.1438253204474232,0.31594134103852145,1.5215080252738291,1.6837875567381073,0.6571863078002155,0
0.44180855408933456,2.6035777758649448,-0.15484123025532542,-0.4281154315628296,0,1,0,1,0,0,-0.00340319948767178,-0.3373241217941949,0.34189862968341117,-0.4615261286257068,0.22149318408469482,0.09725131568256618,-0.28162626812343566,-0.5412686987554557,1.3156274701582131,-0.4636162912949936,0.5130344031085291,-0.22503621854507969,-0.4573287340048422,-0.21635886804518215,-0.9522242948962604,1.5563956857127164,-0.4778460011683871,0.1941067950050279,-0.1984048918790851,-0.11014700605881247,0.17542494969716402,-0.2110091193428925,-0.23447925957387167,0.15249178447156342,-0.47746234489569406,0.11014700605881318,0.1984048918790844,-0.3417899945912644,-1.009968447893631,-0.5915053041391644,0.24027874969456073,0.03489590402886805,-1.1906695084040155,-0.22015379130249568,-0.1532996650890431,-0.35630847989348147,0.3065783976019474,-0.02767187758659086,0.5708012425622179,0.35244048415429274,0.39767203775660004,-0.0012904541294803558,0.7806711296729086,0.793080546914203,0.2860364732784985,1
-0.4063001036995106,0.5421564981479937,-0.15484123025532542,0.3052077222492148,1,0,0,1,0,0,-0.7226826087232228,1.2093916066368462,-0.46407179961141953,-0.03506133400999707,0.8028326102745981,0.9572028683651633,0.5922143413559204,0.10636561495595546,0.5281395248444548,0.619487090887262,0.5943775181760198,-1.3713824836002766,-1.0962639802574052,1.0256329464354317,0.11414811035312333,0.054959315068862216,1.3609289682658094,1.2426182061190991,-0.16027754582615011,-1.711440825341657,0.2013118976630012,-0.031639073470770385,-0.6667556118531175,0.5125867748735254,0.4404549384249339,1.711440825341657,0.16027754582614942,1.3850658500071569,0.491016520610491,1.1461380907619838,1.002588278879574,1.5881094054554559,0.9516700704320475,-1.0357458890816678,-1.0945585420250417,1.6900577159425842,-0.1375174777889068,-0.4070549059059717,-1.1534866589796486,-1.268343436656712,-1.0238695791747903,-0.2550758902638815,-0.12479618717266176,-0.8213259083916238,-1.4459960878228426,1
-1.460010860346257,-0.3339475448817109,1.0038746524609323,-1.161438585374874,1,0,0,1,0,0,0.097548296545388,-0.36349036532028395,0.39307135535292426,-0.47599236996273897,0.17361164745823407,0.08830746178051108,0.7964672914162423,-2.415617407237424,0.0016498706409734287,0.8594437164674362,1.1661952551998755,1.450209440316931,0.03685809624893448,0.6010868372230557,-0.29623525799567024,-0.16310212067250107,0.2597464126814788,-0.3000611366112094,0.1590389773671773,1.8201797897890004,-0.5069082715147589,3.0187487222945792,-0.16615733020451304,-0.9034929177604207,-1.8090622450371796,-1.8201797897890004,-0.15903897736717798,0.6609004958207222,-0.18442671521636386,0.32735324499704527,0.188596747715916,0.2909201075607231,-0.11949971898598452,0.5954383064766764,0.5664865349208381,-0.046252995675895824,-0.007989514133240944,4.626093269797815,2.5687856364123185,2.059666214075218,1.4581872122927166,0.5168548113115892,0.34165667302051117,1.6837875567381073,2.018069034379841,1
1.2128164248064663,2.113990222407169,0.5693561964423357,0.3052077222492148,1,0,0,0,1,0,3.9841808938181895,-0.7530766578198319,-0.4512786181940413,-0.040847830544809956,-1.6436197758844073,-0.5476005506556061,-0.3610044912317965,-1.1765253020439392,-0.07405479527325216,0.0896298888140506,0.3454592197062185,-0.16572778397887922,-0.9180708670039923,-0.2833440546409594,0.6340652801881895,0.052230704819750666,0.19499949738946928,0.4256645386373605,-0.4291756706205317,0.19961827368027837,0.2188714920254143,2.2500105783372897,0.15372220722274277,0.07227396628016068,-0.033535331717215976,-0.19961827368027837,0.42917567062053097,-0.20252742647848845,0.7161642658861095,0.32735324499704527,0.3048812521678669,0.3762615087380082,0.4475901695294441,-0.7910682597479163,-0.7069813574043363,0.3258135853852078,0.05677446769459199,1.793366658346437,-0.49661507743988936,-0.3477381696360611,-0.29617565622181696,-0.5723076854318833,0.12214944469431245,0.23638866577426285,-0.2706882785040748,0
-0.27779879191332196,-1.235819353882877,-0.4445202009343899,0.3052077222492148,1,0,0,1,0,0,0.3877838476404349,-0.4797847809917908,-0.6047967952025805,0.19350527911511192,-1.0507055899398041,-0.518533025473927,-0.7185954687432993,0.4607379766338381,-0.3610290141296093,0.038575817652741574,-0.6106807708128602,0.35791386468690745,0.6364277961101502,-1.3761524984059699,0.23741182287393198,0.08094174821871787,0.654996355968118,0.338992842694084,1.1515092521572485,-0.653901033058197,-0.37581086985616174,-0.39454337986284926,0.5748774078261153,0.5973697334719192,1.1248754420243716,0.653901033058197,-1.1515092521572492,-1.3166279713806959,0.11577027848446049,-0.2821865846279648,-0.19901826712392082,0.06903246449978255,-0.43454965705011084,0.758556726032511,0.2342775195316623,-0.4803306735805153,-0.27629743884854874,-0.2553016945782196,0.41570656358755365,0.6636309969500054,0.8884423578876751,0.41111087958892223,0.36909507656128593,0.06938110143228039,0.904619530814692,0
-1.0231064002732158,-1.6738713753977288,1.7280720791585935,1.0385308760612593,1,0,0,1,0,0,-0.38197130961164594,-0.12973858982055517,-0.6687627022894718,0.3711507227338675,-0.5876010482317433,-0.38661118041861436,0.3206669121861906,1.689960434973124,-0.19278936946165062,-0.3670279956339629,-0.6345381171044515,-2.8564029123902875e-4,0.24371943878511781,0.28089862999970777,1.7822888287858292,-1.0585168192481798,0.17272990575267783,-0.0694417431520724,0.3699083794759778,-0.36726020632542794,-0.1652245459249309,-0.5340659098427696,-0.8001577938353454,0.6671071612010133,0.7571342829029291,0.36726020632542794,-0.36990837947597854,-0.03541234474315745,1.0914105080121401,-1.019092945816409,-1.3360223106541085,-1.2110885531594928,-0.05648973137315825,-0.709509049969999,-0.9284540343304539,-1.2864749325462383,-0.08200549336504998,-0.4070549059059717,0.36096726512590627,-0.127311556405765,0.1438253204474232,1.2993599060593275,-0.28942660841731066,-0.48731077970765985,0.47161139053935697,1
1.7525219343084582,-0.9523739281967958,2.8867879618748513,1.7718540298733036,1,0,0,1,0,0,-0.6974447347149578,1.0436720643049489,-0.3233468040202586,-0.195347288024314,0.8706428714051347,0.9536253268043413,2.5576872661834025,0.14701798656522042,0.6218134280354214,1.205202807328661,1.6678947347648012,0.148477505342658,-1.5012856200149025,4.368613924085236,-0.19499250536226642,1.237244060937499,2.3321651712657374,3.03943680508627,1.1169885469471594,-0.9053100327574869,0.8085411544987969,-0.3971260117365597,0.3932711748822481,0.6843838225597468,0.7990736198464297,0.9053100327574869,-1.1169885469471603,4.476694862110783,-0.03432821836595151,0.5002078235474204,1.1059522828368633,2.1513626532255365,0.2270552128845555,-1.7697787770829225,-2.2019219266556282,1.3800022317249987,0.8894542340524437,-0.2553016945782196,0.42482977999782756,0.5728670973845897,0.8376730144258402,0.1890486229713212,0.2044646553166367,-0.2089648391376897,0.5953280020465953,1
0.4161082917320974,-0.9008383962538722,-0.8790386569529866,0.3052077222492148,1,0,0,0,1,0,-0.05387894750420167,-0.3140652386598935,-0.0035172685858019803,-0.333644555206342,0.03975483767407883,0.01630943786896758,-0.07035616843412898,-1.984964243976225,0.8494956150187841,-1.3673562028265274,-0.6777807378641146,0.21180500488194817,1.3844389327081668,-0.4133871791980726,-1.0921420506688688,1.9650147739554185,-0.8326593362678851,-0.009680911956303327,-0.1602775458261487,0.44783808336594555,-0.31521963379546575,1.630341787722189,0.8133613785205834,1.021559271087642,0.8716966279002486,-0.4478380833659462,0.160277545826148,-0.23037994010104354,-0.8598699510432187,0.8277217618533966,1.8295003105378922,1.3150169216881435,-0.6235796198885869,0.9216751455883455,1.1201682272361313,1.13195784435093,-0.5816133531797613,0.8069707847160468,-1.3359509871851372,-0.7885913960966542,-0.38079122865820925,-1.5240030709358887,-1.6064699783745033,-1.6563637301015341,-1.0129879475475077,1
1.7782221966656961,-1.6481036094262664,-0.4445202009343899,0.3052077222492148,1,0,0,0,1,0,0.43825959565696476,-0.49141422255894146,0.9175917934654332,-0.5726268620941142,0.19892308272952583,0.06460624894006509,-0.1373780640385297,-1.7314473860571435,0.3522879262766665,-0.5576328313396645,-1.1201970280383078,-0.40739721283554475,1.3032422479816368,-0.0016014683722184128,-0.3914218838050509,-0.3714350514911434,0.26439210724226964,0.4231296819883321,0.1590389773671773,-0.7133741297612541,0.18942737387045164,1.984348024780078,-0.8548458026243827,1.0154926673736024,1.8694147781316122,0.7133741297612541,-0.15903897736717798,0.02029268250195297,-0.3345252120667762,0.11810822885711679,-0.09565426316663046,0.017827623793410803,0.6366201323679207,-0.6279498401920818,-0.762349526635866,-0.046252995675895824,0.6396503041450882,2.8556391376407038,1.74769615948762,0.9359226956462544,1.345366449044194,3.5834288312689404,-1.853415610241477,-2.213055611241474,1.3994859768436472,1
0.8787130141623758,-1.2873548858258006,1.7280720791585935,1.478524768348486,1,0,0,1,0,0,-0.7479204827314877,1.767604801860079,0.5337963509440852,-0.5124472981320601,1.7959589705875922,1.7554418291235805,0.22524930164247414,-0.9367833385861297,0.19435799698180575,1.3344944702490174,1.484519117638365,-0.5129430454010273,-1.7029040956617643,0.5109229486667014,0.3463770717090815,0.17255173316824718,1.768789198058368,1.2885081255609052,0.013895103188392356,-0.7133741297612556,0.1972935531764721,1.6327574778743987,-0.09229604189718946,-0.048914844062564994,-0.6719701618329766,0.7133741297612556,-0.013895103188393775,0.29881781872750485,0.11577027848446049,-0.5460172571522233,-0.37990527404917784,0.3079883877961804,-0.6235796198885869,-1.2804235184154193,-1.4267675574142176,-0.17027518936292965,0.5841383197212315,2.3245028979935705,1.5104925328204852,1.2211806657089916,1.1253659607095745,0.41111087958892223,1.7684536571408034,1.461110804282131,0.9664778365683122,1
-1.5371116474179702,-1.8027102052550381,0.27967722576327125,-0.4281154315628296,1,0,0,1,0,0,-0.2810198135785862,-0.203585543771962,-0.2849672597681238,-0.20692028109393978,0.0034933913019904545,0.0033408497109876974,0.5894757636203656,0.6126500563554425,0.32509415926119317,0.7103375157384585,0.44885029680102956,1.4557124756548894,0.3668535449353938,0.1098413087363142,0.16463658698761452,0.38420874618142664,-0.03305467293121306,0.6110139984546643,1.133576418281877,0.8611509049874916,-0.7099282572765726,-0.6759521104511432,-0.05832186946674902,-0.992396604459633,0.013008876548246957,-0.8611509049874916,-1.1335764182818777,0.29881781872750485,0.41596727218528484,0.7731361054690666,0.8733832739329616,0.8200367948598906,0.8256500952063961,0.9216751455883455,0.40038202722625016,0.8219023601333442,-0.7203933142394032,-0.7105613285614767,-0.31415074923440073,-0.2958730841701091,-0.6515610604546642,0.5380035976561225,-0.8656330827735822,-0.5986491559356475,-0.2706882785040748,0
0.46750881644657266,2.6035777758649448,1.0038746524609323,-0.13478617003801185,1,0,0,1,0,0,-0.10435469552073157,-0.29080635552559214,-0.09306953850744984,-0.29487502842309565,0.011016640702150832,0.004235235101193206,-0.06859553719143786,-0.06441604132185165,-0.6122449692108928,0.991857039207584,0.8202086378924975,-1.1354408858593719,-1.75999163336193,0.558011400665202,1.6222715029764512,-1.1130531972605542,1.355663301532591,0.3225930414423,-0.5609884768922861,-0.9922244039255904,0.6529421809621047,1.713569017182378,-0.28155173756655016,0.004317653003063626,-0.7513620824420688,0.9922244039255904,0.5609884768922854,0.49378541408539117,1.4666567501381707,-0.06384395909064733,-0.625394783447741,-0.10165033785478751,0.3530751881102058,-1.1173050988595852,-1.0391903727935126,-0.23228628620644656,1.2225261405955843,2.6280093206490753,1.9027908384622854,1.4286410075727993,1.345366449044194,0.728342674756924,2.509290552741724,2.017802685422071,0.9664778365683122,1
1.3927182613071303,0.5421564981479937,1.0038746524609323,-1.161438585374874,1,0,0,1,0,0,-0.34411449859924853,-0.16869721907050997,-0.6175899766199587,0.2050782721847377,-0.484682001436133,-0.28822878749600833,0.6525126553937397,1.8731527747267704,0.22345067016370634,0.528565507269558,0.22782397771956986,-0.8398273330438448,-1.286779577755561,-0.12349962856856586,2.54459135506112,0.2104961161846509,-0.047642159089325904,-0.16384140370623732,-0.9306920144830665,-0.2223753081429896,-1.0307341049581726,-0.021845208833993015,-0.09393625515803063,-0.7612990495375139,-0.4561415705120373,0.2223753081429896,0.9306920144830657,-0.11896988561082296,2.367247731240644,0.018034525485845748,0.12399424524260985,0.10316902497069583,-0.30852968182446,-0.709509049969999,-0.3747723420151606,0.20179139169817292,-1.0257092285706153,-0.17942508891434333,-0.47836864461934153,-0.4514683405679659,-0.7023304039164997,-0.15990635171348128,0.9453015509175579,0.9044189231421907,-0.5181215015185524,0
1.0843151130202777,2.1397579883786295,0.27967722576327125,-1.161438585374874,1,0,0,1,0,0,-0.15483044353726144,-0.25359214251070994,-0.42569225535928473,-0.09581954762553238,-0.3158344733666735,-0.12097871952757809,0.6778303995581706,2.943543104741756,-1.354105088079862,0.3284749531567009,-0.8059637277674754,-0.3650898115962167,0.7301110856223411,0.18075332202198904,2.6682353094254982,-1.0091085390161785,0.17423711529453104,-0.6526155808237031,0.594470599903532,-1.0875276621842873,-0.7619330811941234,-1.367125729605372,0.8370502545393989,-0.2709779293251217,0.41064022559060726,1.0875276621842873,-0.5944705999035328,0.24311279148239442,2.667444724941468,0.30006041680488094,-0.28946177058654887,-0.20406001926752979,0.3845801819166189,1.247911984700014,1.009431888773073,-0.10826409251941274,-0.6093693453916895,-1.1658209625447336,0.7167727051266096,1.078551680677623,0.8884423578876751,0.3476645205553221,1.0276167615398821,0.514734606344233,0.7809029193074537,0
-1.3315095485600683,2.5778100098934824,1.7280720791585935,0.5985369837740325,1,0,0,1,0,0,-0.785777293743885,2.0001936332030925,0.815246342126407,-0.5598965697175259,2.285365148137337,1.9709887081631081,0.4131859534443032,-0.08954001970649961,0.9035958030893189,0.7529901183260678,0.5511131499558236,-0.8471170539778037,-0.8609159064798757,0.19442747192207638,0.3528923563341128,1.0769526461227683,0.7422571912693939,0.7504878940801639,-1.0618771407249543,-0.1022098070627286,-0.38027548725010757,0.47641630281408365,-0.15301218502556307,-0.28123154600786526,0.016231271712346042,0.1022098070627286,1.0618771407249536,-0.03541234474315745,0.04072103005925432,-0.7643598826895395,-0.1473362651452761,0.15437386567706757,-1.3166894836296663,-1.2804235184154193,-1.0391903727935126,-0.10826409251941274,-0.3318094232724056,0.5034643620605421,0.16025650409986858,0.054216242725068246,-0.0592520533999176,0.47455723862252236,0.36909507656128593,0.3477270420022505,0.40975308478573785,1
0.13340540580248203,1.2121184134060021,0.27967722576327125,0.3052077222492148,1,0,0,1,0,0,-0.06649788450833415,-0.3076690457979606,-0.7839013350458762,1.761645840049404,-1.5379200080792208,-1.5980561914519766,0.5812315843363096,-0.6606109936110848,0.78785123118156,0.5410796551360998,0.558080069059685,0.890545897379967,-0.35156288051213985,0.5919122429091137,-1.2435848724325542,1.4975368858813323,0.5762466591235345,1.2554440620554799,1.4117422606640757,-0.18555039652161812,-0.2167849279396121,-0.3390867048452644,0.42786112220635536,-0.15956738348559338,0.5001653519503394,0.18555039652161812,-1.4117422606640766,0.9672781456688292,-0.9349191994684248,1.3007974505175837,2.0103873174631492,2.2196357741673656,0.16404522527173035,0.35076067714292497,-0.26403600355210183,1.5660355222555504,-0.22078545442469194,-0.3311783002420958,-0.040454256926167845,0.1838789563899486,0.10997909147286698,0.1890486229713212,-0.20711139779498602,-0.32030321536567735,0.16231986177126023,0
1.7011214095939837,-0.514321906681944,-0.4445202009343899,-0.13478617003801185,1,0,0,1,0,0,0.33730809962390496,-0.45943325824927705,-0.6431763394547153,0.29766221674174387,-1.1299670600094058,-0.5833759662638264,-0.2313225829751912,0.22536989371666102,-0.08837945462587954,-0.5345074999186956,-0.7621860604662984,-0.7192432225466712,0.8920748213849742,0.41812413324213776,0.7431037523584406,-1.0374838969137647,-0.26273936892213234,-0.9634997973833336,-0.6187833227191311,-0.36726020632542794,0.7394443899721873,0.4350977742873397,-0.9217535866299067,0.46155728816457314,0.05020918527804501,0.36726020632542794,0.6187833227191303,0.24311279148239442,0.491016520610491,-0.46413877257572894,-0.8967252938356269,-0.9379960693921812,-0.15100471279239655,0.10608304780917345,0.4557501964577793,-0.4183195767369984,0.8339422496285867,0.5793409677244183,0.4613226456389258,-0.11434528503927678,0.0761328624983096,0.9186817518577256,-0.28942660841731066,-0.48731077970765985,-0.023255055489598248,0
0.7502117023761872,0.15564000857606544,-0.15484123025532542,0.3052077222492148,1,0,0,1,0,0,0.021834674520593164,-0.3425573704994127,-0.7071422465416066,0.5927735400172011,-1.1531482284226375,-0.7215585090505776,0.10531646773709291,0.7256171446735722,-1.2859523764454912,0.440551925351981,-0.07857265396440989,-0.2661109925230226,0.4747749871092199,-0.7421559162008324,-0.3214684789644155,0.0468622964279791,0.19754572439533488,0.4101064066134854,-0.2548898489945435,-0.11014700605881247,-0.8879985589869581,-1.317972368299917,1.8050320667880897,-0.3992742703677055,0.5025373836481254,0.11014700605881318,0.25488984899454276,-0.8431352397972577,-0.5596729573423944,-0.9008240236503626,-0.7416792878996918,-0.6307670251539549,-0.4660546508565234,-0.8726274695258333,-0.8730858650989243,-0.6663639641110671,-0.9701972441467586,-1.3934507795363622,-0.9801455471844351,-0.02358138547386016,-0.1777138548108673,-1.397110352868688,-1.3595243465075295,-1.545025353873546,-0.9511296417938885,1
1.2128164248064663,0.6967630939767645,-1.168717627632051,-0.4281154315628296,1,0,0,1,0,0,-0.6595879237025604,0.4563852651638393,-0.15703544559434116,-0.25321225337244285,0.8894047644780616,0.5466799742608345,-0.29691736096749005,1.2918711468999287,-0.3914043890996495,-0.19252712810855072,-0.4479159176478046,0.04713118310132831,0.583366746368497,-0.5881290199679198,1.3455953606503843,-0.5335244585533071,-0.39211680055731213,-0.558551445809641,-0.21768276347888266,0.28017642692511974,-0.17478076884382426,-0.4251457986403781,-0.0010777159195643042,-0.12872457795676095,0.036995856440974466,-0.28017642692511974,0.21768276347888196,-0.3974950218363748,1.6918044954137887,0.9096002464298897,0.459927258103802,0.2738518273252659,0.8886600828192224,0.8401159358104279,1.0648000580046022,1.0079356506638961,-0.05424950115312168,-0.2553016945782196,0.5251851605108457,0.4432043837197094,0.36382580878204385,0.506280418139323,-0.20711139779498602,-0.09762646290970158,0.34789477903211874,0
0.23620645523143258,-0.8235350983394863,0.27967722576327125,1.0385308760612593,1,0,0,1,0,0,0.11016723354952047,-0.37279391857400446,-0.4768649810287978,-0.03216808574259063,-0.6144732347460667,-0.2618444184849458,-2.651800414303585,-0.2260693638843771,0.4432656129775911,-1.1419509348812442,-1.0801173858442716,0.35153591130348916,1.3258718174522155,0.11823886361490032,0.64695175705798,0.7844195808618882,-0.2323823034441151,-0.07339774058364282,0.4513710056427588,0.031788787753525546,3.805535907426561,0.9583893647247723,0.18230708720390448,1.31227572629528,1.3325468934198037,-0.031788787753525546,-0.4513710056427595,-0.06326485836571254,0.340918023760079,-0.6278957417287164,-0.1602567656399366,-0.23819657973844427,-1.0016395455655394,0.2692014673650073,0.06817301183707392,-0.728375060954584,3.6372974630333545,0.9587239960437993,0.15113328768959466,0.22277777048941236,0.7530574419894479,0.2524949820049213,-0.9479482933959068,-1.0440026608476,0.7190446135538346,0
0.72451144001895,2.706648839750792,1.4383931084795292,-0.13478617003801185,1,0,0,1,0,0,-0.1295925695289965,-0.2617327516077154,-0.8350740607153893,3.2863876769725993,-2.204814089375725,-2.7410807201346175,0.10483733069971489,1.8617548640446835,-2.026004053248672,0.049743252476659706,-1.8040238440621352,-2.14337485893637,1.02966831729681,1.1213755879029252,2.0924733512175524,-2.0099214376881736,0.7294518740929448,-1.198853084412342,-1.6200102232813596,-1.316601253463695,0.9746864143055408,-0.45912310989020183,0.749838203536386,0.6561120667381646,1.174872651979873,1.316601253463695,1.6200102232813582,0.8280155775560533,1.6167552469885829,-0.5460172571522233,-1.4264658141167375,-1.1257471519822078,-0.18250970659880966,-0.709509049969999,0.012804842605544792,-0.6663639641110671,0.7229182807808735,-0.5588081172337243,-0.4692454282090663,-0.03654765684034838,0.22844089288381547,-0.3819686083310823,-0.6186874509066087,-1.1553410370755877,-0.45626319576493324,0
0.44180855408933456,0.0010334127472937634,-0.15484123025532542,-0.13478617003801185,0,1,0,1,0,0,-0.00340319948767178,-0.3373241217941949,-0.38731271110714993,-0.14384746886447933,-0.39226921132676024,-0.1482574739288461,0.4189558102997771,-1.8979882955653262,1.55767091287705,0.43684397460906227,1.2050483087351627,0.36642844197215585,-0.6428437969892169,-0.20063314554683995,-0.8804672473531622,1.5912316866654221,-0.4038889463870293,0.5668892911004036,0.5061221547512287,-0.0022010997120603167,-0.7830385277792075,1.7230157401530792,-0.5303539328875069,-0.9906373923809247,-1.0131647630474092,0.0022010997120603167,-0.5061221547512293,-0.3139374809687093,-0.9349191994684248,-0.5278220383574467,0.31780175266252825,0.13730558544161034,-0.9071245641463012,0.18764225758709038,-0.04256332662598434,-0.17027518936292965,-0.5816133531797613,2.1727496866658176,1.0452084958964885,0.5728670973845897,0.10997909147286698,0.9504049313745251,1.2745623934068555,1.4054416161681371,0.8427612250610729,0
0.8787130141623758,2.113990222407169,1.7280720791585935,0.3052077222492148,1,0,0,0,1,0,-0.7983962307480176,2.3810578445272776,-0.4512786181940413,-0.040847830544809956,1.5469234276804464,1.8627680759482415,0.8344853906510168,-1.6688212892984933,0.7247260054471663,1.198348513377712,1.4813833827670158,-0.6819282437830274,-1.681625442812575,1.2456806094728476,-0.3714767963686658,1.2767841905842294,1.4160947788064413,1.7590814897536167,-0.9197330604481181,-0.01788874008079301,0.08429713825138624,1.9183722923369995,0.292320251028039,-0.21471618847691432,-0.2084702524639495,0.01788874008079301,0.9197330604481174,0.6330479821981672,-0.7097714541928067,-1.2920212277380552,-0.5478717804797735,7.593435579547688e-4,-1.442709458855317,-1.85133798686084,-1.814344742034923,-0.728375060954584,0.1400424443303771,1.9451198696741894,0.2788583174334372,0.39133929825375646,0.27921023634565156,-0.12818317219668063,0.7806711296729086,0.848749735028197,0.40975308478573785,1
-1.2287084991311177,-1.0296772261111817,0.27967722576327125,1.7718540298733036,1,0,0,1,0,0,-0.5838743016777656,0.19181546951116127,-0.4001058925245282,-0.12648797926004068,0.3756265585919498,0.24527209776157796,-0.6152854746295262,-1.3413139295771765,0.8802582610923381,0.12708963973134502,0.4590220022223891,0.11409153274213861,0.04489446006644194,-0.35190868925113244,-0.6973352872531962,0.2757698540336086,0.8912134762708522,1.2123761792400887,0.6257323574189628,-0.4649864905896614,0.5039464142953748,1.142420280180106,-0.9262204235790928,0.7120221232307363,0.586898285217213,0.4649864905896614,-0.6257323574189636,-0.2582324537235989,-0.5596729573423944,0.381938901381374,0.47284775859846334,0.8371050750953478,0.5106001571422693,0.02452383803125581,-0.26403600355210183,0.8839134569768611,0.1400424443303771,0.5793409677244183,-1.0257616292358074,-1.2813097080232,-0.9731002357129547,0.062155904904119784,-0.7833178721512579,-1.0440026608476,-0.8892713360402683,1
1.7525219343084582,0.4133176682906843,2.8867879618748513,-0.8681093238500562,1,0,0,1,0,0,-0.6974447347149578,1.0436720643049489,-0.06748317567269331,-0.30991991941360914,1.1270186309968306,1.0421694804346868,3.591275747451659,0.39716244414481294,-0.011929063534785537,2.323237758592974,2.5259160475978533,0.674482732812344,-2.5221646497407666,4.336388884368487,-0.3778865078925654,1.4199235253493487,2.2245226155908835,3.1144763891477876,1.1921218465220598,-0.2624179304885547,-0.6608876690269784,-0.9236763268092962,1.4431936355513855,-0.9327457825908477,-0.243134560692078,0.2624179304885547,-1.1921218465220604,5.173007702674663,0.04072103005925432,1.4190663726836301,2.0749898199364556,3.158391187117501,0.8256500952063961,-1.5251011477491712,-1.980449249729511,2.558213071751823,-0.38732140769626244,-0.5588081172337243,1.4375068015382888,2.1028871186301776,1.480751364942421,0.09387908442092041,1.8507688677631275,1.8507951210800897,1.5850608941045057,1
1.7782221966656961,0.28447883843337485,-0.4445202009343899,1.478524768348486,1,0,0,1,0,0,0.43825959565696476,-0.49141422255894146,-0.5536240695330674,0.10092133455810576,-0.9572881498222291,-0.4559260481595413,-2.3620357026372303,-2.1778597715094983,-0.5415082574669159,-1.2808838248460477,-1.1912329737676497,-0.39401684576385815,0.6445469419287196,-0.08710071293559836,-0.5480836199677785,-0.5408214495212267,0.29553311005159044,0.4271419502199556,0.3586118043630053,-0.8930588049066626,3.197438136752492,2.4401227453745116,0.1967865284442127,2.023436984654731,1.9656821856372744,0.8930588049066626,-0.35861180436300605,0.0759977097470634,-0.3345252120667762,0.6912576208925736,0.279040251178545,0.39332978897346543,1.2352150146897614,-0.13859458152457876,-0.319404172783631,0.6358690696027934,2.8601296810993593,2.1727496866658176,-0.15905607025973648,-0.03654765684034838,0.7699805564767266,0.09387908442092041,-0.8656330827735822,-1.266679413303576,0.5334696962929761,0
-1.7941142709903475,0.8771374557769975,-0.4445202009343899,1.7718540298733036,1,0,0,1,0,0,-0.2684008765744537,-0.21056320871225243,-0.7711081536284979,1.761645840049404,-1.2361907379365729,-1.5233750113698166,-0.8208829441175024,-0.42545795872597814,-0.1520780165879492,-1.8778279311811172,-1.170132857687261,-0.5653823940555057,0.9547806471979398,-0.40056525980386176,-0.4130185096986311,0.07569763820317689,-0.8264447111213347,-0.13942987267456167,-0.5532824974487066,-0.2223753081429896,0.741217628422329,0.170201524222869,0.2839645694612355,1.7173359591189934,1.3851038905351574,0.2223753081429896,0.553282497448706,-0.45320004908148526,-0.4846237089171882,-0.3549674598070702,-0.26362076959722697,-0.5624939042121272,0.1325402314653172,-0.46483142063624716,-0.26403600355210183,-0.17027518936292965,0.5008703430854462,-0.02767187758659086,-0.5239847266707137,-0.30883935553659736,0.36382580878204385,-0.5723076854318833,-1.277209135885205,-1.4893561657595522,-0.1469716669968365,0
0.31330724230314594,0.4648532002336079,-0.8790386569529866,1.0385308760612593,1,0,0,1,0,0,-0.7100636717190902,1.1803180027189695,-0.11865590134220637,-0.28677393327435763,1.1458577368031124,1.129372055979724,-0.9255972224923021,-1.694308880493304,0.9662358059211335,-1.0824949744347416,-0.3745869966352514,0.7852485681454737,1.2584033597323834,-0.5511050763302079,-0.39249118616346323,0.02589619074016268,-0.10674842931013767,-0.13102867848940877,0.513835114248652,0.5613699807042828,0.7364077706140809,1.9323030567483257,-1.2948535415105475,1.3565309585140528,0.35905743950343283,-0.5613699807042828,-0.5138351142486527,-0.6481676444393714,-0.5596729573423944,-0.6915790075104341,-0.5737127814690962,-0.5795621844475838,-0.5605696322757617,0.35076067714292497,0.12354118106860354,-0.9144083514851348,0.8061862574166584,2.020996475338066,0.38833691435672935,-0.37367071236903754,0.1607484349347019,0.9186817518577256,-1.0302635040182315,-0.9326642846196119,0.22417816752487937,1
-0.12359721776989524,0.5421564981479937,-2.327433510348309,-1.161438585374874,1,0,0,1,0,0,-0.6722068607066928,0.5668649600517709,-0.6175899766199587,0.2050782721847377,0.23850937309038542,0.2774699718089763,-0.09649946617346088,0.5612068395672056,0.21699194477170614,0.5493792119710228,0.23242890828940585,-0.44425448769968207,-0.7503786561129655,-1.1716922820614508,0.8204467351611222,0.07562970931696462,-0.32625661605320777,-0.2697748826486482,-0.19575715951429745,-0.41176056791003435,-1.036556265835099,0.051631528854002455,-0.22063469361391422,-1.0656863480322014,-0.5655516296923427,0.41176056791003435,0.19575715951429676,-1.1495128896453646,0.5660657690356972,-0.44594355378095224,-0.3411437725651945,-0.4430159425639276,-0.40304466324369825,0.02452383803125581,0.12354118106860354,-0.4183195767369984,-1.053465220782544,-0.17942508891434333,-0.669956189235104,-0.671894953798262,-1.0069464646875115,-0.09645999267988113,0.9453015509175579,0.793080546914203,-0.8274130302866491,0
-1.3315095485600683,2.1397579883786295,1.7280720791585935,-1.161438585374874,1,0,0,1,0,0,-0.785777293743885,2.0001936332030925,-0.42569225535928473,-0.09581954762553238,1.3974566944978608,1.612340166690699,0.713720849659252,1.2277498470304138,0.025948195915774113,0.6969706420933979,0.015497816822216005,-2.1890303219938825,-0.5942912325272705,0.384355194128303,0.2829610220654376,0.8791411508097402,0.9674337138443675,1.1510341824024024,-1.741654613069294,-1.2582244350408798,-0.6084030340891567,-1.4016610552553377,0.8479800194278454,0.017728337543619823,1.1036129276012692,1.2582244350408798,1.7416546130692934,0.04814519612450831,-0.10937746679115769,-1.019092945816409,-0.4703487775118068,-0.08458205761933026,-1.1276595207911904,-1.85133798686084,-1.5375038958772762,-0.10826409251941274,-0.49834537654397587,-1.2416975682086098,0.4521994292286506,0.8451587960808378,0.8038267854512828,0.6331731362065233,0.12214944469431245,-0.4316415915936655,0.7190446135538346,0
1.4441187860216065,1.2121184134060021,-0.15484123025532542,0.3052077222492148,1,0,0,1,0,0,-0.5207796166571032,0.07552105383965442,-0.7839013350458762,1.761645840049404,-0.9507380743125019,-1.3033562053792613,0.12377661042296023,0.4275783063981517,0.014925082912459036,0.005396437733045809,-0.5310411942465871,-0.2586036379937518,0.7535880730420618,-0.0524483620998426,0.09288590922425366,0.6953776304481424,0.058686890545728655,0.00913245537521846,0.07500831336893375,-0.42709685071602743,-0.22452017527986687,-0.49381357941668813,0.6783843683027869,0.05090267684066831,0.6992956259611295,0.42709685071602743,-0.07500831336893446,0.0759977097470634,0.26586877533487285,0.5456958705343614,0.8475422729436388,0.8371050750953478,-0.34003467563087314,0.35076067714292497,0.34501385799472056,0.44983577907224165,-0.10976148557697851,-0.3311783002420958,0.4978155112800227,0.7932937106148858,0.7699805564767266,0.37938770007212164,-0.37174181903963527,-0.5986491559356475,0.7190446135538346,0
0.7502117023761872,-0.514321906681944,-0.15484123025532542,-0.13478617003801185,1,0,0,1,0,0,0.021834674520593164,-0.3425573704994127,-0.6431763394547153,0.29766221674174387,-0.923865887798175,-0.49349023454817276,-0.9269263336897943,-0.7766843875209913,0.6974900762242571,-0.050596112880283366,0.44476687364059625,-0.737695099117998,-0.24379114964095944,-0.7693210081168984,-0.4613699063724802,-0.1357721640494989,0.2846266879959364,0.6896347471318048,-0.70065935430716475,-0.31122271395962636,0.5202171442069814,0.603833452513607,-1.0899302313065897,0.35058303591814033,0.09507538544255877,0.31122271395962636,0.7006593543071641,-0.8431352397972577,-0.6347222057676005,-0.7552622732921518,-0.7029177864157086,-0.5624939042121272,-0.024984737566746233,-1.1173050988595852,-0.983822203561983,-0.29429738304996345,0.7229182807808735,0.8828473903799233,0.7988816528190786,0.054216242725068246,0.19459466390925928,1.489698983160128,-0.20711139779498602,-0.3759724034796717,0.40975308478573785,1
0.6988111776617119,1.0575118175772313,-0.4445202009343899,-0.4281154315628296,1,0,0,1,0,0,-0.14221150653312897,-0.25708097498085514,0.21396681550962854,-0.41639145565416624,0.2674696130272021,0.12408287738873144,0.5494061980230508,0.6000693749943053,-0.3188712921548333,0.6556184096783193,0.758356360411123,-0.02455713198870827,-0.6910374853779843,-0.3089227011242345,-0.1878004431103753,0.15164681773858757,-0.41202102080887537,-0.10067698370370701,-0.5505532963957722,0.5125390571179019,-1.07263461541897,-1.0117484103714645,0.588298165691109,-1.2942511658025704,-1.084191889170719,-0.5125390571179019,0.5505532963957714,-0.09111737198826762,0.11577027848446049,0.9732835122116075,0.9121447754169449,0.683490552976235,0.7626401075935709,-0.13859458152457876,0.12354118106860354,0.8219023601333442,-0.8314172830871166,-0.6346847228976005,1.5469853984615822,1.675000163536073,0.9222885868622325,0.37938770007212164,0.8629863402952329,1.2941032399401495,1.0901944480755505,1
2.703431641526255,-0.8235350983394863,-0.15484123025532542,1.0385308760612593,1,0,0,1,0,0,-0.81101516775215,3.299783728332182,-0.4768649810287978,-0.03216808574259063,1.7713476122513325,2.5626246437840523,-1.8725444751755935,-1.3942366038276535,0.5170771309583548,-0.4579879310262484,0.011023936010748886,0.9492340196636302,0.13820302915895508,0.7420503001259514,-0.2819979541618291,0.622569261899228,0.6119671776753077,1.2156081051931356,1.2643654038056176,0.040659774866796713,3.345266592092163,1.6311341340921142,-0.08123969234850542,1.2255283256895437,1.1724730590797048,-0.040659774866796713,-1.2643654038056185,0.605195468575612,-0.3345252120667762,-0.23669853764102378,0.11107374474794844,0.3591932285025509,-0.05648973137315825,-0.46483142063624716,-0.983822203561983,-0.10826409251941274,3.4430055175498557,1.793366658346437,0.5160619441005718,0.39133929825375646,0.8884423578876751,0.6966194952401235,-0.7010026615289333,-0.7656567202776299,1.0283361423219313,1
1.4698190483788447,0.0010334127472937634,-0.15484123025532542,-0.13478617003801185,0,1,0,1,0,0,-0.8236341047562825,5.020941080270482,-0.38731271110714993,-0.14384746886447933,2.3656848029605952,3.9726232114430378,-0.22852632336311676,-1.7395018914257443,1.1880023346680126,0.6993735772521303,1.2572902631405987,0.7663652328377232,-0.6816715873378318,-1.2210662993708479,-1.0262909750966505,1.34344405942722,-0.2119934608550184,0.4469871223177731,0.9953441571592244,0.05806055728129157,-0.9023036433620791,1.3594051674277308,-0.27400727133179553,-1.1550176699480854,-1.1981429931273058,-0.05806055728129157,-0.9953441571592251,-1.0659553487776992,-0.7848207026180125,0.8641121994429487,1.5064877981713616,1.3320852019236007,-0.08799472517957138,1.247911984700014,0.7879592118469556,1.0079356506638961,-0.6648813298155464,1.9451198696741894,1.3645210702560935,0.9877877811122063,0.39767203775660004,0.8552353928241243,1.6861384465184783,1.9064643091940836,1.1520527538291696,1
0.8787130141623758,-1.235819353882877,1.7280720791585935,0.3052077222492148,1,0,0,1,0,0,-0.7983962307480176,2.3810578445272776,-0.6047967952025805,0.19350527911511192,1.2375307746283346,1.681655034431626,1.0131675704091228,0.16589373302975713,0.792113926940212,0.24831477077230085,0.10553838146542743,-1.723201925485215,-0.654571422709196,1.189688041354554,-0.45843826906300594,1.2995249138108258,1.4715079696633977,1.6310687263916814,-1.4375436385994584,-0.924503623057108,-0.2201118966322819,-0.6869477489402612,0.22305093857405406,1.1236648782132412,1.455216084804317,0.924503623057108,1.4375436385994576,0.8001630639334981,-0.6347222057676005,-0.7643598826895395,-0.04397226118798574,0.5469443110925782,-1.2851844898232538,-1.9328971966387571,-1.7589765728033937,-0.10826409251941274,-0.1375174777889068,-0.5588081172337243,0.3518440487156324,0.4172718409867329,0.8715192434003977,0.6331731362065233,-0.12479618717266176,-0.5429799678216537,0.8427612250610729,1
0.8787130141623758,0.3102466044048362,1.7280720791585935,-0.8681093238500562,1,0,0,1,0,0,-0.7479204827314877,1.767604801860079,-0.7327286093763631,1.1772096900333027,0.22349099186228205,0.4496391594235368,0.8696678147071737,0.2976362300610591,0.30279796935282705,1.0749118528033008,0.6376641727168645,-0.7942089388324899,-1.315305378619603,0.686306840612114,0.35523109765470195,0.35175550505897296,1.3563923938494975,0.8031877493157886,-0.5940660301642549,-0.49401881205127574,-0.5235445577794323,-0.05265235101742669,-0.06045460848465246,-0.10716108645407638,-0.0448381453538002,0.49401881205127574,0.5940660301642541,0.7166055230658329,0.41596727218528484,0.2454747604205509,0.3953247556304958,0.9565830367435462,-0.43454965705011084,-1.0357458890816678,-0.9284540343304539,0.6358690696027934,-0.5261013687559044,-0.1035484832504671,-0.15905607025973648,-0.16621037050522874,-0.194636969298146,-0.033013633646279864,0.6160407084282594,0.4033962301162448,-0.332546584257695,1
2.138025869667024,0.5421564981479937,-1.168717627632051,-1.161438585374874,1,0,0,1,0,0,-0.40720918361991093,-0.09892056966760585,-0.6175899766199587,0.2050782721847377,-0.39436563716697975,-0.23456566408367777,0.2884824833302204,-1.1058170333522213,0.8376410876956173,0.519645536273262,1.2092258248881707,0.6653979617211452,-1.4298991785245843,-0.6412239920758993,-1.3956430872771939,0.9581145216541481,-0.21432369803994364,0.8801209934441557,1.2994551316290601,-0.38126032008238236,-1.0418453730833501,0.11964397499985664,-0.18227073397225793,-0.9145273049757502,-0.7127859469095066,0.38126032008238236,-1.2994551316290608,-0.45320004908148526,-1.1600669447440433,0.9096002464298897,1.3256007912461045,1.1614023995690306,0.7941451013999841,0.5954383064766764,0.012804842605544792,1.13195784435093,-1.0257092285706153,-0.02767187758659086,-0.39625969692687113,-0.4255357978349895,-0.7361766328910565,-0.15990635171348128,1.1922471827845313,1.0714264874841732,-0.5181215015185524,0
0.7502117023761872,1.2121184134060021,-0.15484123025532542,0.3052077222492148,1,0,0,1,0,0,0.021834674520593164,-0.3425573704994127,-0.7839013350458762,1.761645840049404,-1.6094311841376534,-1.6248877531581418,-0.16040413166399842,0.18814048667695113,-0.20273722196942404,0.02093330055598078,-0.220840584564829,-1.5573441885966006,-0.07954127805905462,-0.6517262942511042,-0.431691105588375,0.27121521979599744,0.07800572426224624,0.44723943793869714,-1.2094604077470812,-0.924503623057108,-0.4281513844107204,-0.6906873952861662,0.5496937141682348,0.04906960233714295,0.7237458388688075,0.924503623057108,1.2094604077470805,-0.6203151308168162,-0.40957446049198204,-0.018355912103706302,0.12399424524260985,0.15437386567706757,0.1010352376589052,-1.1173050988595852,-0.762349526635866,0.5738579727592754,-0.27629743884854874,-0.482931511569848,0.6802798394855113,0.8840576101803024,0.854596128913119,0.664896315723324,-0.12479618717266176,-0.5429799678216537,0.8427612250610729,0
2.703431641526255,0.6967630939767645,-0.15484123025532542,-0.4281154315628296,1,0,0,1,0,0,-0.81101516775215,3.299783728332182,-0.15703544559434116,-0.25321225337244285,2.1703529660556184,2.7334522533133048,1.0267323806577138,-0.10606029324161842,0.2792248033839154,1.1912278560289848,1.2205766988814417,1.6768488149783891,-0.4485702410714818,1.0421504496954128,-0.31106613614063067,0.666783752811923,0.9427247212147151,1.4245515550043408,1.3338827891162104,0.9640930772469049,-0.38639191869043965,-0.1660481455714082,0.28834370688390454,-0.674482285792429,-0.19601216046783168,-0.9640930772469049,-1.333882789116211,0.911573118423719,-0.3345252120667762,-0.1457224436671417,0.21443774870523882,0.59814915179895,-0.08799472517957138,-0.38327221085833024,-0.9284540343304539,0.139780294854656,-0.1375174777889068,0.19995793940503753,1.1638103092300558,1.1563493088765513,0.7699805564767266,0.886958572340925,-0.28942660841731066,0.18071947766026855,1.275769365336409,0
-0.4063001036995106,1.4697960731206219,-0.15484123025532542,-0.13478617003801185,1,0,0,0,1,0,-0.7226826087232228,1.2093916066368462,-0.8478672421327675,4.999190651277214,-1.4576827254211728,-2.933373579028802,1.582209475279578,0.8110464018255772,-1.1664923014473154,0.8878982390164335,0.4087310503396886,-1.0454643727638018,-1.0752378543933414,1.0112231297688403,0.05854794436647494,-0.34451123494406916,1.4214448396774269,1.3251000182065957,-0.8350596325743129,-0.5976867361744845,-1.189698554239027,-1.0545345941506281,1.248433487219952,0.20998713238148992,0.7623318745484093,0.5976867361744845,0.8350596325743123,1.6914434998552643,0.7161642658861095,2.0013133741164744,1.4677262966873774,2.100157812519166,2.1173548412693166,-1.1173050988595852,-0.9284540343304539,2.8682685559694088,-1.053465220782544,-0.8623145398892288,0.6346637574341392,1.234146937075479,1.2607508766078017,-0.15990635171348128,0.4514102871836102,0.18071947766026855,1.0283361423219313,0
0.8787130141623758,0.5421564981479937,1.7280720791585935,-1.161438585374874,1,0,0,1,0,0,-0.7479204827314877,1.767604801860079,-0.6175899766199587,0.2050782721847377,0.6460087435515047,1.2009228871961646,1.102482432043148,0.18653048569060512,0.035120735974963006,1.4165049156749798,0.8438077478800328,-1.1383220026412049,-1.797208565536074,0.655054479056852,0.4754009692858144,0.06182336112243722,1.2631863100914158,0.6888660516481099,-0.946287449071263,-0.614019074092617,-0.8785059419519455,0.22022730933987425,0.014115293076438306,-0.6610528338091797,-0.4244477760059409,0.614019074092617,0.946287449071263,0.7166055230658329,0.5660657690356972,0.33645085439443295,0.31780175266252825,0.8371050750953478,-0.11949971898598452,-1.1988643086375024,-0.983822203561983,0.7598912632898273,-0.8869292675109735,0.04820472807728505,-0.43275256256796935,-0.3607044410025493,-0.5838686025055501,-0.2550758902638815,1.1099319721622063,0.848749735028197,-0.45626319576493324,0
0.6988111776617119,1.2121184134060021,-0.4445202009343899,0.3052077222492148,1,0,0,1,0,0,-0.14221150653312897,-0.25708097498085514,-0.7839013350458762,1.761645840049404,-1.4697615442653722,-1.559150426978037,-0.0402533745170408,0.3998137401435389,-0.3253949405187735,-0.5649972728289973,-0.5637789127667194,-0.9640997414652429,0.7012272609887085,-0.5012414230457986,-0.32165589388290766,0.28556884350941963,-0.6318313997139012,0.03748195284625296,-0.8569681418843186,-0.4649864905896614,-0.4448612268180985,-0.8709847190560815,0.731794932056886,0.13676166467724152,0.7695340298971614,0.4649864905896614,0.8569681418843179,-0.20252742647848845,0.11577027848446049,1.464554419670571,1.4160442947087326,1.0419244379208312,1.3297299961089997,-0.05703537174666111,0.40038202722625016,1.814079909629618,-0.3318094232724056,-0.7105613285614767,0.4795690784594736,0.806259981981374,0.8207498999385615,0.31594134103852145,-0.7833178721512579,-1.0440026608476,0.8427612250610729,0
0.544609603518286,1.2121184134060021,-1.168717627632051,0.3052077222492148,1,0,0,1,0,0,-0.596493238681898,0.20344491107831195,-0.7839013350458762,1.761645840049404,-0.7700825676237945,-1.2049738124566554,-0.15587184188690598,0.4708484238179046,-0.5645079258885206,-0.4559325078131353,-1.0647826837422278,-0.25402931659856387,1.774283298351474,-0.8523303848668511,-0.2520850787030165,0.010323646804039745,-0.5197500479436401,-0.4542181707888245,0.19616880564547262,-0.5410235229891278,-0.6348948873712879,-0.8987875362786002,0.7820755152464285,0.10056015323084383,0.9408140002423783,0.5410235229891278,-0.19616880564547334,-0.8152827261747027,-0.25947596364157,-0.07294156848803632,-0.05689276168264715,-0.2552648599739003,-0.11949971898598452,0.9216751455883455,0.8986955503100138,0.07776919801113909,-0.49834537654397587,-0.7105613285614767,0.6072941082033162,0.9488889670127426,0.9392117013495113,0.5697267771729232,-0.8656330827735822,-1.1553410370755877,1.0901944480755505,0
1.2128164248064663,0.8771374557769975,0.27967722576327125,1.7718540298733036,1,0,0,1,0,0,-0.7605394197356201,1.767604801860079,-0.822280879298011,2.3721212244721634,-0.46758293208315554,-0.47381375596365155,-1.3117596437128203,-0.36126351829618875,-0.2015624449323003,-1.1765812915132192,-0.6313450241783681,2.317248909317813,0.5463446292920816,-0.6742710350603487,-0.9419208614133188,1.0236760084836465,0.24248074119991733,1.344626915421387,0.594470599903532,2.5708624326187053,1.1503100428138875,-0.4477501251419334,1.3042382801924877,1.8299251703521773,2.133545924679265,-2.5708624326187053,-0.5944705999035328,-0.5646101035717058,-0.7848207026180125,0.4456221671630917,0.9379857764062678,1.0077878774499178,0.4790951633358572,-1.1173050988595852,-1.4267675574142176,1.13195784435093,0.8616982418405155,-0.5588081172337243,-0.5057382938501646,0.19684522775643593,0.9392117013495113,-0.9212626601166852,-2.5942525058423977,-2.3800631755834565,0.40975308478573785,1
0.8787130141623758,0.3102466044048362,1.0038746524609323,1.478524768348486,1,0,0,1,0,0,2.1418160912148485,-0.6769038155549949,-0.6047967952025805,0.2050782721847377,-1.6359935202544238,-0.6790752030158159,-1.2892869776380598,-2.056020033871849,0.1797277075655409,-1.9198247535244946,-2.2991904518815818,-1.226053991067806,1.5302548977000816,0.9552409577944949,-0.7169267200059347,0.37001313160819593,-0.3225682021685688,-0.8674171914910022,-0.6392523306161405,-1.0381887348318,2.747250436897998,2.1037505706702477,0.12613371617992003,2.273706277666247,2.14219613408306,1.0381887348318,0.6392523306161398,0.939425632046274,-0.6347222057676005,0.14540105704928116,0.31780175266252825,0.17144214591252482,-0.844114576533476,0.18764225758709038,0.5664865349208381,-0.046252995675895824,2.8323736888874302,2.2486262923296945,0.48869229486974886,0.4821031978191731,1.4299820214805863,0.6331731362065233,-0.5363722402842841,-0.9883334727336057,1.3994859768436472,0
-0.6119022025574117,-0.9008383962538722,0.27967722576327125,0.3052077222492148,0,0,1,0,1,0,5.675118452371941,-0.7792429013459209,0.03486227566633282,-0.34811079654337423,-1.3262820117068783,-0.33026490083566723,0.030031479005976407,0.3464484976059661,-1.8587319340089417,-0.2790274060400224,-1.1753958823624469,-0.09075971513910128,1.251246060559961,-0.21305870679697414,1.6394046372926145,-1.4015972021804117,0.31541774694863667,-0.7198210879560153,-0.4699178107408922,0.3422733367180179,-0.2546452520424361,1.166808141199899,1.1324788030061843,0.6897108627980824,0.8253070226361773,-0.3422733367180179,0.46991781074089145,0.4473645580477994,3.067707383209234,2.9323020691158663,1.4720331301855984,1.5596622717296946,2.589929748365507,1.6828944368489056,2.227531611866718,2.8269278247403977,-0.44283339212011924,0.6552175733882943,-0.9071598159022387,-0.2569742700706454,0.025363519036474696,-1.3336639938350878,-1.1948939252628807,-1.211010225189582,-0.5181215015185524,0
0.5189093411610479,-0.23087648099586283,-0.15484123025532542,0.7452016145364414,1,0,0,1,0,0,2.1922918392313786,-0.6798111759467825,0.06044863850108935,-0.3544759427316684,-0.8038477716495906,-0.24887583032696592,0.4284520115589618,-2.580616244966536,1.947339367833063,1.5106340078950993,2.480878279542771,-0.10885328643604071,-2.592412318883037,-0.37413574840564884,-1.5207883144724923,1.259099149721075,1.11592059262017,1.5568761424538369,-0.16027754582615011,0.010498418681674735,-0.9696049832509844,2.018484435151461,-1.3968049336722035,-0.9342413292607398,-1.7052767350602092,-0.010498418681674735,0.16027754582614942,-0.20252742647848845,-1.3101654415944555,0.764038496071679,1.3643622927300878,1.8441336089873108,-0.08799472517957138,-1.0357458890816678,-1.0945585420250417,1.6900577159425842,-0.8314172830871166,2.2486262923296945,0.6346637574341392,-0.24400799870415715,-0.5838686025055501,0.664896315723324,1.7684536571408034,1.9621334973080773,0.16231986177126023,0
-0.8432045637725518,0.43908543426214564,0.714195681781868,-1.6014324776621007,0,1,0,1,0,0,-0.11697363252486404,-0.28673605097708943,0.4570372624398156,-0.49798105679502797,0.37818795154134904,0.16433021994797936,0.5942092968825946,-0.9450954349429912,-0.21442100663311747,1.00526095884777,1.7805153634045698,-0.08705635259294382,-1.8003280408210995,0.22479986256553944,-1.113914293448571,-0.094884729830692,0.6886526513113091,1.330046296010286,-0.8569681418843186,0.7311960875261709,-0.6016451180338384,0.18127825829217742,0.19777069638233125,-0.6751865206205514,-1.0162258393358212,-0.7311960875261709,0.8569681418843179,0.1317027369921738,-1.0850176963188372,-0.2548937564358004,-0.26362076959722697,0.017827623793410803,0.6366201323679207,-1.5251011477491712,-1.4267675574142176,0.07776919801113909,-0.6648813298155464,-0.02767187758659086,-0.5513543759015367,-0.37367071236903754,-0.6007917169928287,-1.016432198667086,-0.04248097655033679,0.3477270420022505,-0.9511296417938885,0
0.2619067175886707,0.5936920300909173,0.27967722576327125,-1.6014324776621007,1,0,0,1,0,0,0.021834674520593164,-0.3524423958314908,0.5082099881093286,-0.5251775905086485,0.28711096803114877,0.13481550207119755,1.1511245705207465,-0.03851070083328779,-0.6497754810644182,0.6395083466365253,0.41815149407165014,1.4840362281366835,0.3245309907829786,0.2848761011768397,0.8018618189771805,0.5841189300779117,-0.424338956720946,-0.36239340319697405,0.3758588387947461,1.6512761951523172,-1.316021893084913,0.8561447129202268,1.475248042735963,-1.2847017643609329,-0.8974240457352425,-1.6512761951523172,-0.37585883879474674,0.24311279148239442,0.7161642658861095,-0.054746349693259644,0.2531992501892221,0.06903246449978255,-0.5920746260821743,0.758556726032511,0.6218547041523672,-0.29429738304996345,-1.2755131584779709,0.5793409677244183,-0.49661507743988936,0.28760912732185256,-0.2623294272472596,-1.4288335323854886,-0.5363722402842841,0.29205785388825667,-0.1469716669968365,0
0.030604356373531493,0.9544407536913834,0.27967722576327125,-0.4281154315628296,1,0,0,0,1,0,-0.29363875058271866,-0.20823732039882228,-0.4512786181940413,-0.06688706495146794,-0.2057973185607473,-0.10845732406470096,-0.3183072208875615,0.4523981227448627,-1.205820691718245,-0.14519386041600246,-0.07707001147253945,-0.4385934029983267,0.005608083441412279,-1.0645140119263659,0.44324815711203125,-1.2718329844174943,-0.7776482200304096,-0.7435540947667207,-0.8856385367838302,0.28017642692511974,-0.6210359188297789,-0.17689434763614265,0.3703277865769875,-0.5749551249832441,-0.6257410629856698,-0.28017642692511974,0.8856385367838302,-0.9545452942874786,0.5660657690356972,0.41832933897092733,-0.3411437725651945,-0.6136987449184976,1.2982250023025865,0.10608304780917345,0.6218547041523672,0.5118468759157585,-0.7203933142394032,-0.4070549059059717,-0.7794347861583975,-0.4903671546674297,-0.6684841749419423,-1.016432198667086,-0.20711139779498602,-0.09762646290970158,-0.8274130302866491,1
0.44180855408933456,-1.6738713753977288,-1.6032360836506476,1.0385308760612593,1,0,0,1,0,0,0.4634974696652297,-0.5030436641260921,-0.6687627022894718,0.32485875045536444,-1.2795886116818667,-0.6379334750663624,-0.30708089284092493,0.6066974989204256,0.845954658438861,-0.9826194529845559,-1.209416568320696,-0.5766627371050412,1.099483322389802,-0.7132281070637667,0.5215449145830452,0.12813873835857978,-0.7093165398529703,-0.900178893086911,-0.8414861286385814,0.048076501797563044,-0.2856456641946045,-0.3102391109779274,-1.0276812833371822,0.624109348751947,0.6934512876658705,-0.048076501797563745,0.8414861286385807,-0.7317251853070371,0.340918023760079,-0.3549674598070702,-0.23777976860790415,-0.4942207832702994,-0.6865896075014126,-0.13859458152457876,0.2896456887631914,-0.6043528672675491,-0.1375174777889068,-0.1035484832504671,0.6529101902546883,-0.02358138547386016,0.22844089288381547,1.7434844192945298,-0.4540570296619595,-0.48731077970765985,0.8427612250610729,1
-0.04649643069818187,1.4697960731206219,-0.8790386569529866,-0.13478617003801185,1,0,0,1,0,0,1.2711094379297079,-0.6205010239543141,-0.5408308881156891,0.10381458282551219,-1.2614459668779712,-0.5574387899478667,0.005006623696073266,-0.26711221654865885,1.51997716253918,1.06100443374947,1.7967062800386573,-6.097750926581942,-3.153919762473858,0.008971813902144556,-0.44365993344557136,2.568369275917737,1.1079376165834447,1.9438433389613519,-7.823874102466001,-0.5569819125050662,0.00200269861524047,-0.0778288819310861,0.5031037289811813,-0.33473656465745477,-0.4380214773848654,0.5569819125050662,7.823874102465999,-0.48105256270404034,-0.9349191994684248,-1.919756276157842,-0.6383152839424023,-0.20406001926752979,-2.450869260660523,-3.482522182419184,-3.309285311286215,-1.1004416420156866,0.029018475482663446,-0.02767187758659086,0.15113328768959466,0.39133929825375646,0.22844089288381547,-0.5405845059150832,0.8629863402952329,0.6260729825722207,-0.5181215015185524,0
1.8553229837374106,0.0010334127472937634,-0.4445202009343899,-0.13478617003801185,1,0,0,1,0,0,-0.34411449859924853,-0.16869721907050997,-0.438485436776663,-0.0686230139119118,-0.12126786436098712,-0.07670664271240538,-0.10631877093574683,-0.4733481496393385,0.5009629958867853,0.25955775257453756,0.03624228070008834,-0.726735243561384,-0.43457440003821535,-0.7486632297532226,-0.9718685573498964,0.6170063275850496,-0.94868700107814,-0.7165233214924137,-1.7416546130692934,0.7361716451058063,-0.6002166388676603,-0.32391139544013264,-0.06480134237735861,-1.2913475691992216,-0.7466623033996859,-0.7361716451058063,1.7416546130692918,-0.7874302125521474,-1.009968447893631,-0.50962681956267,-0.1344157646506147,-0.4942207832702994,-0.844114576533476,-1.0357458890816678,-0.3747723420151606,-0.4183195767369984,-0.7203933142394032,-0.5588081172337243,-0.8797901666714156,-0.7756251247301669,-1.176177609560296,-0.3819686083310823,-0.4540570296619595,-0.15329565102369538,-1.0129879475475077,1
0.72451144001895,0.5936920300909173,1.4383931084795292,-0.13478617003801185,1,0,0,1,0,0,-0.16744938054139394,-0.2617327516077154,0.6745213465352461,-0.5384865325387181,0.5266440042877758,0.21486299449459065,1.6929768538787477,2.4553830629216518,-1.6930101822596,1.8841102252191397,0.35533691146873775,-0.33913270604619966,-0.34025083644842313,0.877903375358881,2.5561100671613795,-1.6990626158570405,0.9747636705502388,-1.1007731682534108,-1.3523925657479052,0.87874991804355,-1.476934818305817,-0.8094353585769303,0.6070075633634087,-1.5787523918038069,-1.5366461385642771,-0.87874991804355,1.3523925657479046,0.8558680911786088,2.4422969796658496,0.11810822885711679,-0.7933612898783374,-0.40887938209301433,-0.05648973137315825,-0.38327221085833024,0.2896456887631914,-0.046252995675895824,-1.3429205681355114,-0.6130056927079216,0.6398770239542967,0.8803529612184483,0.11239667925676361,-0.4499468501527968,0.3808543923644751,0.9680408524153266,0.33905787821017314,0
-0.5091011531284612,1.2636539453489257,-0.4445202009343899,0.3052077222492148,1,0,0,1,0,0,1.1196821938801182,-0.6001495012118003,1.2630076917346462,-0.6137109874912857,0.03383326409293803,0.012731896308145543,-0.49537811121634434,0.06161732820409895,0.22737322193356646,-2.5496957277721504,-2.8388331953597823,-1.1283329052867228,2.2460770431832433,-0.3846512825481179,-0.6327960814404302,1.2841980810059592,-3.2619434659194813,-3.3544952074439043,-1.1598770966922176,-0.38855952469070976,0.304496293172344,-0.7184929396784082,0.9796684123889773,0.20998713238148992,0.41561051800801413,0.38855952469070976,1.159877096692217,-0.3417899945912644,-0.5596729573423944,0.1272058382545045,0.7829397704703327,-0.71610842633123994,-1.6632444155002057,1.4110304042558486,2.5043724580243647,-0.4803306735805153,0.5008703430854462,-0.482931511569848,0.7988816528190786,1.234146937075479,1.2607508766078017,-0.15990635171348128,0.6160407084282594,0.45906541823023866,1.0283361423219313,0
1.4698190483788447,1.8563125626925503,-0.15484123025532542,-0.4281154315628296,1,0,0,1,0,0,-0.5207796166571032,0.10168729736574346,-0.3617263482723934,-0.165257506043287,0.2814265420111534,0.20591914059253555,0.3140418321093795,0.998906779299232,-0.30469350868941963,0.08597473282391768,-0.38173040743058356,1.4302404988606907,1.3474331146371128,0.034799351678114716,0.34183332674381756,0.30453448355292573,-0.41626025635941194,-0.7994398513504315,0.8432886699243073,1.1143140211580842,-0.4019117100053846,-1.0285897805824122,0.7225540204484582,-0.5289028621228594,-0.2842291912274428,-1.1143140211580842,-0.843288669924308,-0.007559831120602114,0.26586877533487285,-0.12752722487236504,0.046471242274642305,-0.11871861809024475,-0.8126095827270634,1.166352774922097,0.7879592118469556,-1.0384305451721696,-0.3595654154843339,-0.9381911455531051,0.12376363845877164,0.4821031978191731,0.22844089288381547,-0.44541496736468245,-0.6186874509066087,-0.15329565102369538,0.2860364732784985,0
1.2642169495209417,0.5936920300909173,0.27967722576327125,-0.13478617003801185,1,0,0,1,0,0,1.2584905009255756,-0.619338079797599,0.6745213465352461,-0.5384865325387181,-0.22490831085340188,-0.060160512993603456,1.2918924969396917,0.2483008083917961,0.13284700105178382,1.5600785132126331,1.6215834919175658,0.7658193558621226,-0.8946975441742625,0.39579683975369967,-0.6883729994012651,0.9068493938093699,0.6139510594309415,0.7625758051950338,0.3735052989149339,0.6740482547543618,-1.4009324263949237,-1.0303976112830218,0.7296898837176093,-1.4987820624979349,-1.3636311076731082,-0.674048254754361,-0.37350529891493456,0.4659329004628361,-0.5596729573423944,0.34554846379182197,0.7829397704703327,1.0248561576853752,-0.37153966943728567,0.02452383803125581,-0.1532996650890431,0.6358690696027934,-1.2685741604249887,-0.8433453884732599,0.6072941082033162,0.9197148564381443,0.18190232804379997,-0.4612765571230828,0.5131466951503537,0.9879227053131819,0.3942885083473328,1
0.004904094016293398,0.5679242641194551,-0.15484123025532542,-1.161438585374874,1,0,0,1,0,0,-0.44506599463230834,-0.04833249885050037,-0.7071422465416066,0.6217060226912655,-0.6360580261073471,-0.5176386400837215,0.21229135547302017,1.0346187993050553,-0.35993030064500986,-0.02035117210870068,-0.14702543434545687,-0.6155914391748399,-0.40139518972954413,-0.7123422836769862,1.0032244129512506,-0.6462891976719025,-0.6295615692832414,-0.5754654053605861,-0.36119580761071546,-0.4813636975680082,-1.0069603141067534,-0.41503857775972625,-0.15742153704946657,-0.5967693547592167,-0.37068969772021276,0.4813636975680082,0.36119580761071474,-0.48105256270404034,1.4666567501381707,1.2007237471463126,0.6278937645343975,0.32505666803163763,1.3927399837218248,0.758556726032511,1.0648000580046022,1.3179911348814817,-0.8869292675109735,-0.2553016945782196,0.48869229486974886,0.3265079414213163,0.05920974801103089,0.5697267771729232,1.3568776040291806,1.1827648637121608,0.47161139053935697,0
1.2642169495209417,0.5679242641194551,0.27967722576327125,-1.161438585374874,1,0,0,1,0,0,1.2584905009255756,-0.619338079797599,-0.7071422465416066,0.6217060226912655,-1.7406474806613694,-0.9567818666746264,0.8801259307827715,-0.30598164705944036,0.5919114994136775,0.38038107651420655,0.5132101152332096,-0.29978185414132813,-0.7981727672788098,0.4441381930398575,-0.828446510718421,0.6055866420034778,0.32906575384840403,0.5286201100392326,0.06512235289855199,-0.47345425101596506,-0.780058882029386,-0.4099501148336048,-0.20060667619072461,-0.18757432562824575,-0.15110363486633388,0.47345425101596506,-0.0651223528985527,0.49378541408539117,-0.7097714541928067,0.28186519801010423,0.5632912620610914,0.683490552976235,-0.11949971898598452,-0.05703537174666111,-0.09793149585751397,0.5738579727592754,-0.6648813298155464,-0.2553016945782196,0.4704458620491997,0.28760912732185256,0.19459466390925928,0.506280418139323,1.1922471827845313,1.0157572993701793,0.5334696962929761,1
1.8553229837374106,1.2636539453489257,-0.4445202009343899,0.3052077222492148,1,0,0,1,0,0,-0.34411449859924853,-0.16869721907050997,1.2630076917346462,-0.6137109874912857,0.9421658673164688,0.3445488760743895,-0.5751829626265588,0.13343870768806715,0.2683669972447749,-0.6135125018472206,-0.36123152408832077,-0.9852844177154675,-0.2267616732666082,-0.42161582773819195,-0.8130049257615807,0.8980753363084983,-0.4888274413154038,-0.28416733819180456,-1.0383979846077995,-0.31393995325558316,0.37853234370975725,-0.9975993012094081,0.5356124273535474,0.3441028863599255,0.19218457591746332,0.31393995325558316,1.0383979846077986,-0.4253475354589299,-0.7848207026180125,-0.11842961547497735,0.3565632541465125,0.13730558544161034,-0.7811045889206503,-0.709509049969999,-0.319404172783631,-0.046252995675895824,0.44535835866158957,-0.8623145398892288,0.3518440487156324,0.585833368751077,0.7022880985276131,-0.3502454288142823,0.36909507656128593,0.23638866577426285,0.47161139053935697,1
0.6731109153044746,0.4648532002336079,0.5693561964423357,-0.13478617003801185,0,1,0,1,0,0,-0.016022136491804253,-0.33848706595090994,0.21396681550962854,-0.41639145565416624,0.1575017250343518,0.0614759000743458,0.05214509927949349,1.0000071263863703,0.8093700279378394,6.859517165068742e-4,-0.06917765415534914,-0.12276680190713983,-0.35397042483331975,-0.7571592159825633,0.3215117765894987,1.378693024216324,-0.7231194251224781,-0.5167403764694053,0.23272740579640636,-0.39825548305102343,-0.8290535971754617,-1.0504577243291238,0.2790175864415557,-0.717959520181282,-0.41456206382468913,0.39825548305102343,-0.23272740579640636,-0.7595776989295921,0.19081952690966666,-0.2821865846279648,0.44700675760914055,0.12023730520615308,-1.3166894836296663,-0.13859458152457876,-0.26403600355210183,-0.8523972546416179,-0.9146852597229018,-1.1658209625447336,-0.9254062487227878,-0.6589286824317738,-0.8715615487892844,-0.7626467625326843,0.03983423407198747,-0.15329565102369538,-1.3841377820692236,1
0.6731109153044746,1.7790092647781635,-0.7341991716134544,-0.4281154315628296,1,0,0,1,0,0,0.12278617055365294,-0.3954713296299483,0.2651395411791416,-0.4343295949120862,0.08520574189551154,0.03151398950246124,0.5334591690578667,0.1767121238033251,-0.1789876848044126,0.1503055488996468,-0.5918633523263807,0.09424913543823353,1.5061170019818018,0.5990435725631493,-0.4191032004282204,-0.5282096199524657,0.4628388925739119,-0.19033603451792128,0.2905222516232541,-0.1595918522639314,-0.1432306810209905,-0.6623913215316767,-0.28611756646010544,0.2558900233888776,0.5836252532994294,0.1595918522639314,-0.29052225162325485,0.35452284597261524,-0.5596729573423944,-0.6097005229339397,-0.7675202888890147,-0.5624939042121272,-0.4660546508565234,0.9216751455883455,0.8433273810784847,-0.4803306735805153,0.05677446769459199,-0.4070549059059717,0.8718673841012752,0.5728670973845897,0.65151875506577694,1.331083085576127,-0.37174181903963527,-0.48731077970765985,0.904619530814692,0
-0.5091011531284612,0.4648532002336079,1.0038746524609323,-0.13478617003801185,1,0,0,0,1,0,0.4256406586528323,-0.4821106693052209,-0.09306953850744984,-0.3070266711462027,-0.34756481593456856,-0.13350011499045522,0.1884870582599341,-0.03601606302705014,-1.3133777138245815,0.6456574969733038,0.14886462158539468,-0.07452189474441048,-0.13018103333634196,0.3911383822668643,-0.7265807396855762,-0.21461818202650193,0.6597446850446834,0.7064698707432727,0.03622492998512883,-0.13756642077256032,0.12872502012389772,-0.6784394580182402,1.5797607579740036,-0.2180500878152647,0.49619902672828886,0.13756642077256032,-0.036224929985129536,-0.06326485836571254,-1.009968447893631,-1.410290149904103,-1.2843403086754637,-1.0062691903340089,-0.6865896075014126,-0.8726274695258333,-0.983822203561983,-1.2244638357027204,0.029018475482663446,-0.7105613285614767,-0.3050275328241268,0.5210020119186368,0.39767203775660004,-0.9529858396334858,-0.12479618717266176,-0.2089648391376897,0.16231986177126023,0
2.4978295426683537,0.15564000857606544,-0.4445202009343899,0.3052077222492148,1,0,0,1,0,0,0.551830028694157,-0.534443156357399,0.13720772700535894,-0.39671736743580244,-0.23759692794171755,-0.10443258980877616,-0.5624618502901458,1.9114161177767677,-0.024978443712912028,-0.41686865749858276,-0.7814257362627044,-0.4159027378041916,0.7579820774056215,-1.0918887043758576,2.0329726181260224,-0.7810296088579084,-1.1086687296136895,-1.4788679423722058,-0.38485180389618157,-0.18555039652161812,-0.3088854334121881,-0.5868912673811798,-0.7507130653554919,-0.5361742720481829,-0.42793497921638873,0.18555039652161812,0.3848518038961809,-1.0659553487776992,1.6918044954137887,-0.32767463161490584,-0.6641562849317252,-1.0233374705694662,-0.18250970659880966,0.8401159358104279,1.1755363964676604,-0.728375060954584,-0.3040534310604773,-0.5588081172337243,-0.031331040515893936,-0.41256952646850126,-0.5838686025055501,0.6014499566897238,0.6160407084282594,0.5704037944582268,-0.20882997275045564,1
1.110015375377516,1.0575118175772313,-0.15484123025532542,-0.4281154315628296,1,0,0,0,1,0,0.13540510755778543,-0.398378690021736,0.5337963509440852,-0.5292281380830175,0.21747928654177093,0.10261762802379923,0.2917746829700339,0.4597017598442312,-1.5223345031643525,0.04909549043140943,-1.0602386916397792,-0.4241039551083787,1.011715134042408,0.37291568703740907,0.5953966137503626,-1.1254956002232188,-0.2670808934736466,-1.338492906058364,-0.648221895874381,0.06447137185505257,-0.033106838696864004,-0.03449983493088091,0.950067728490982,-0.33115768230063386,0.07158441908391584,-0.06447137185505188,0.6482218958743803,0.35452284597261524,0.5660657690356972,0.04532735367801011,-0.5478717804797735,-0.6136987449184976,-0.05648973137315825,0.5954383064766764,1.0648000580046022,0.07776919801113909,0.3065783976019474,0.4275877563966659,1.4283835851280149,1.791696605834465,1.5145975939169787,0.37938770007212164,0.28677986593896093,0.3477270420022505,1.4613442825972665,1
1.0843151130202777,1.4182605411776974,-0.4445202009343899,0.3052077222492148,1,0,0,1,0,0,0.26159447759911014,-0.4355929030366182,-0.08027635709007157,-0.30876262010664657,-0.24501091620623505,-0.09638312129692658,-0.5909597755608689,0.38543088846386836,-0.6903107488265317,-0.9573832488123396,-1.0637939293203327,-0.7203635511384084,1.0640866300455407,-1.0592516313279579,-0.9053818065624705,0.2967782762267414,-1.3488920774774205,-1.4625507765974748,-0.27134416258904587,-0.7133741297612556,-0.23664779576826936,-1.4360076088770366,1.2419114656128727,-0.04417528989956502,-0.04491196248636278,0.7133741297612556,0.27134416258904515,-0.7595776989295921,-0.40957446049198204,2.0377038117060278,1.9199438140005203,1.1272658390981163,0.6051151385615076,2.063504082479186,2.5043724580243647,1.4420133285685155,-0.08200549336504998,-1.2416975682086098,0.6802798394855113,1.2730457511749436,1.1761353041714093,-0.7626467625326843,0.7806711296729086,0.45906541823023866,0.6571863078002155,1
1.2385166871637046,0.6709953280053031,-1.168717627632051,0.5985369837740325,1,0,0,0,1,0,-0.6722068607066928,0.47673678790635304,-0.029103631420558513,-0.33422320485982326,1.048156237724814,0.6249386959038166,-0.04082297533502526,0.5661585281194805,-0.9940679649220987,0.12060482669519454,0.07007745711624222,-0.9981808213070472,-0.2269220860919072,-0.6946013842482829,1.2261330281399165,-0.3941027141346359,-0.48054374626508806,-0.5608419939109295,-1.3523925657479052,-0.020113106998745453,-0.637272177957665,0.4512428034288958,0.9628889889380159,-0.6394282929877836,-0.6386571743795089,0.020113106998745453,1.3523925657479046,-0.6203151308168162,1.2415090048625523,0.22727954162577424,-0.018131260198663828,-0.20406001926752979,0.3215701943037938,-0.38327221085833024,0.2896456887631914,0.6358690696027934,-0.6648813298155464,0.27583454506891375,-0.3688900476960481,0.15794641365697218,-0.11002139686175369,-1.206771275767887,-0.12479618717266176,-0.15329565102369538,-0.8274130302866491,0
-1.8198145333475857,-1.0554449920826439,-0.15484123025532542,1.478524768348486,0,1,0,1,0,0,-0.40720918361991093,-0.07856904692509216,-0.06748317567269331,-0.31049856906709045,0.38417573274661515,0.17953477158147302,-0.5468428395144274,1.596915745542309,-0.368275723102452,-0.3484010447758202,-0.43854865164136403,0.9949755768542405,1.0693248526704335,-0.04969488975502556,2.142300558407849,-0.47900350764492455,0.8032289274835717,0.20113405296637202,0.9805814884956392,0.3844992353771891,0.7107437316692898,-0.04570730597275304,0.022092920529832725,1.2671353894321309,0.7665029806319033,-0.38449923537718983,-0.9805814884956399,0.38237535959517033,3.042690967067499,1.792068357976546,1.2093162867941527,1.5369045647490853,1.3297299961089997,2.3081817118129377,1.839954427246013,1.938102103316653,0.7090402846749091,0.010266425245347094,0.17394132871528073,0.15794641365697218,0.6684418695530556,-0.10439078755908072,-0.5157934376287031,-0.4038069975366686,0.7035800371154296,1
-1.074506924987691,1.7790092647781635,1.7280720791585935,-0.4281154315628296,1,0,0,1,0,0,-0.5333985536612357,0.1162240993246818,0.2651395411791416,-0.4343295949120862,0.843988333151166,0.42504356119288533,0.7058716109832042,0.5273431115202843,0.6024504866370696,0.5407055515620773,0.30059909509132765,0.5790198539230538,0.186308946552128,0.8205099139544156,0.2666639806880428,0.4279034054631087,1.1206039385617141,1.1530957971415154,0.8432886699243073,-0.04664941409013511,-0.1616878196425099,-0.45665684821863267,-0.39356834180032685,0.38071336634575365,0.7349800682732283,0.04664941409013511,-0.843288669924308,0.8558680911786088,0.340918023760079,0.2727675886127153,0.459927258103802,0.9224464762726329,0.038025250046078915,-0.38327221085833024,-0.762349526635866,0.38782468222872474,0.11228645211844858,-0.1035484832504671,1.2003031748711541,0.7803274392483975,0.9053654723749538,1.7752075988113303,-0.6186874509066087,-0.7099875321636356,1.275769365336409,0
-0.04649643069818187,0.4648532002336079,-2.0377545396692445,-0.13478617003801185,1,0,0,0,1,0,-0.48292280564470574,-0.005885037130400375,-0.09306953850744984,-0.3070266711462027,0.49039941067378034,0.23275070229870082,-1.0167205804855401,0.3866547373507397,-0.22564962889596904,-0.9148778404443552,-1.3147774271082235,-0.5656815370808433,1.361013673111956,-1.3083414365674506,-0.19584468025626017,0.9967312862977029,-1.7461241494350896,-1.622463075388525,-0.5252107151899527,-0.2506245554141756,0.10649536918698004,-0.726888662803437,1.3100894203384905,-0.4954858771591876,0.12525564143086265,0.2506245554141756,0.525210715189952,-1.3166279713806959,-0.4846237089171882,-0.9918001176242447,-0.39282577454383927,-1.0233374705694662,-1.6317394216937933,0.4323198869208419,0.7879592118469556,-1.3484860293897554,0.1400424443303771,-0.6346847228976005,0.19674936974096682,0.858125067447326,0.5838262971166633,-0.5405845059150832,0.28677986593896093,0.18071947766026855,0.47161139053935697,1
2.4978295426683537,1.0059762856343069,-0.4445202009343899,-0.4281154315628296,1,0,0,1,0,0,0.551830028694157,-0.534443156357399,-0.5280377066983108,0.09802808629069931,-0.9607883024682327,-0.4867823441216314,-0.04976373591096001,2.2597333427286643,-0.879113446258591,-0.7442290170745205,-1.1999133159404969,-0.11468187874013622,1.3753603452051073,-1.1094969187850199,2.0192863920247013,-0.7095281234380891,-1.0284097769864073,-1.1661234377388787,-0.2493891336940558,0.09092870184200141,-1.0393985622787256,-1.0786781507182053,0.4887701940863677,-0.014348142229796374,0.421453508193551,-0.09092870184200141,0.2493891336940551,-1.0938078624002545,1.6167552469885829,-0.43684594438356456,-0.7158382869103699,-1.040405750804923,-0.08799472517957138,0.6769975162545934,0.8986955503100138,-0.8523972546416179,-1.0257092285706153,-1.0899443568808573,-0.41450612974742024,-0.11434528503927678,-0.11002139686175369,-0.3185222492974822,-0.37174181903963527,-0.3759724034796717,-0.08511336124321738,0
-0.14929748012713334,1.109047349520155,-0.15484123025532542,-0.13478617003801185,1,0,0,1,0,0,-0.5586364276695006,0.16913805845521743,0.12441454558798068,-0.393824119168396,0.8133652694943978,0.43443460779004317,-0.2115456685123432,0.0390503187948695,1.3997048296151433,0.09345452950997023,0.4489383190613167,-1.1295464574850822,-1.0298332188371535,0.25226089117066275,0.7473427625185547,0.7113485962675068,0.08158363718850699,-0.3618675814956011,-2.2163644268758653,0.6575966059261134,0.5462155118172701,0.6950737854504576,-1.1986066554215171,-0.04535410208882395,-0.93693506348776745,-0.6575966059261134,2.2163644268758644,0.43410145632277314,0.9949186171797318,0.7315470339381492,1.0228919225140407,1.0151028546936853,-0.6505839002940839,-1.3852853595584558,-0.6199742343262191,0.5827167008797779,0.3898463742377325,0.5034643620605421,-0.3415203984652251,-0.8793552956620708,-0.8377153198147269,-0.0647368131630805,0.03983423407198747,0.4033962301162448,-0.20882997275045564,1
-1.0231064002732158,1.0832795835486928,1.7280720791585935,-0.4281154315628296,1,0,0,1,0,0,-0.3945902466157784,-0.08322082355195243,0.25234635976176334,-0.43085769699119847,0.5881009097520806,0.26897331060202395,1.1125108038822613,1.965053664718173,-1.1101940367856882,1.7312976157134556,1.335617768742055,0.42553870056604315,-1.3674010811559667,0.5509736013900264,1.7530140515489456,-1.2315955453798402,1.1405081588132822,0.39875001695726237,0.19034451885672046,0.391602657581535,-0.9964470237289887,-0.9409668300934046,0.28003769152129343,-1.2079630176448655,-1.3470667313681537,-0.391602657581535,-0.19034451885672118,0.02029268250195297,0.7912135143113154,-1.5285590720701494,-1.8011603284619129,-1.381771355514063,-0.49755964466293656,-0.8726274695258333,-1.0391903727935126,-1.3484860293897554,-0.7481493064513315,-0.5588081172337243,1.528738965641033,1.4675398216722642,0.7869036709640054,0.28421816152172197,1.6038232358961542,2.073471873536065,1.0901944480755505,1
-1.0231064002732158,-0.3854830768246345,1.7280720791585935,-0.13478617003801185,1,0,0,1,0,0,-0.3945902466157784,-0.08322082355195243,-0.7583149722111197,1.3102991103339987,-0.9828555248935813,-1.0766295089621647,-0.3140039012599284,1.5695088144282476,-0.4243961213387596,0.0029951398604556733,-0.5740884854542543,0.4218914716075251,0.6125811405979558,0.5191108380156226,2.130726131111405,-0.9763677414420433,1.2008698702283587,0.5736499400503938,0.6912331826893902,-0.11014700605881247,0.9553195012531829,-0.019685440086813475,-0.40099170437891546,1.186715766228176,1.3064006621860897,0.11014700605881318,-0.6912331826893908,0.04814519612450831,1.1664597564373458,-1.364802102917162,-1.5685913195580112,-1.1257471519822078,-0.4660546508565234,-0.709509049969999,-1.0391903727935126,-1.2244638357027204,1.63886602377451,0.6552175733882943,2.0761319502574986,1.4934723644052397,1.988444799560775,2.473117548180934,-0.28942660841731066,-0.3759724034796717,2.945943620684131,0
0.6731109153044746,1.7790092647781635,0.5693561964423357,-0.4281154315628296,0,1,0,1,0,0,-0.016022136491804253,-0.33848706595090994,0.2651395411791416,-0.4343295949120862,0.18812478869112187,0.0753388736225312,0.012649577656755895,0.5370458559572555,0.8130149232847456,-0.02889506594964112,-0.2549656915909761,0.2896666846433674,0.20485517189490074,-0.3651301371144059,0.03557193395657343,0.7370847933631081,0.03771357601448577,0.3326033679909991,0.7686432489180746,-0.36726020632542794,-0.3824232764641216,-0.7014771088459446,-0.37071950314796454,0.07643150634253976,0.6561903391094767,0.36726020632542794,-0.7686432489180752,-0.48105256270404034,-0.18442671521636386,-0.646090960523493,-0.19901826712392082,-0.1699234587966153,-0.8126095827270634,-0.46483142063624716,-0.8177176958673952,-0.790386157798101,-0.22078545442469194,-0.482931511569848,0.7258959215368835,0.4043055696202447,0.4145951522438788,1.5214221626769286,-0.28942660841731066,-0.48731077970765985,0.6571863078002155,1
0.6731109153044746,-0.3854830768246345,0.5693561964423357,-0.13478617003801185,0,1,0,1,0,0,-0.016022136491804253,-0.33848706595090994,-0.7583149722111197,1.3102991103339987,-1.3903548953546985,-1.272947102112274,-0.98737277867122,0.06368196186295344,0.573279197375486,-0.6524357974988706,-0.7686495884528233,-0.08070773108524545,0.6188874768609192,-0.14678586653720177,0.021473480177199824,0.3148123627844411,0.19093437141047526,0.27589102971597845,0.3041828515459622,-0.41176056791003435,1.226299175741879,-0.06589383013908141,-0.4673358035692495,1.0707259250686236,1.2686360030297934,0.41176056791003435,-0.3041828515459622,-0.28608496734615396,-0.18442671521636386,-0.6097005229339397,-0.3669847735545164,-0.27233314020935756,-0.5920746260821743,-0.6279498401920818,-0.8177176958673952,-0.6663639641110671,1.5555980471387252,0.27583454506891375,1.0634549287170376,0.6247321828505417,1.0576735027604598,1.7752075988113303,-0.5363722402842841,-0.7656567202776299,1.8324941171189824,0
-1.9483158451337743,-2.1634589288555044,-0.4445202009343899,1.0385308760612593,1,0,0,1,0,0,4.501557310987621,-0.764124627308625,1.0199372448044592,-0.5778347089754458,-0.707059166764718,-0.14110239080720205,-0.7447557319799438,-0.28614633099024306,-1.0338519241927961,0.04390093446010494,-0.28103119278475724,0.2960097020715498,0.30853628281748313,-0.6683888615264933,-0.2528452716540198,-1.2224431767289543,-0.7261165195763671,-0.5997929338641914,0.8222348332302404,-0.41176056791003435,0.3677546996312255,0.13944997682676596,0.1848727139739716,-0.7793120414261995,-0.22022674530235742,0.41176056791003435,-0.822234833230241,-0.48105256270404034,0.02999970885565349,0.9134992218859134,0.06308331433920737,-0.2284432767467546,1.7798013362006089,1.6440567179070404,1.2783629964690728,0.051193013649631844,0.16383329479774422,-0.07102993796594885,-0.5722074419821639,-0.3977509306210864,-0.6612314115902519,-0.2233527107470814,0.7336338664601519,0.5704037944582268,-0.45626319576493324,0
0.3904080293748593,-0.1535731830814779,0.5693561964423357,1.0385308760612593,0,1,0,1,0,0,0.36254597363216995,-0.46234061864106474,0.712900890787381,-0.5483235766479001,0.15873792663230607,0.06818379050088712,-0.0897658188576998,1.488316000499821,-1.1251517886848754,0.04145202960898973,0.14072115179769637,-0.06574584834142268,-0.08914388586606685,-0.10721626943798662,1.4148111748918595,-0.9313042470594134,-0.19582000773152114,-0.48251104770286846,-0.3305796915292576,0.23819541748766626,0.017692323132277882,-0.6254336419758844,0.6022492342847567,-0.250170785379267,-0.65402251421793145,-0.23819541748766626,0.3305796915292576,-0.17467491285593337,1.1664597564373458,-0.2821865846279648,-0.7029177864157086,-0.7331767065666972,0.29006520049738066,0.10608304780917345,0.2896456887631914,-0.29429738304996345,-0.19302946221276363,-0.7864379342253526,-0.7976812189789466,-0.39960325510201306,-0.4654068010946016,-1.4605567119022886,-0.04248097655033679,0.06938110143228039,-0.8892713360402683,0
1.4184185236643685,-1.2873548858258006,1.0038746524609323,1.0385308760612593,1,0,0,1,0,0,-0.356733435603381,-0.12217945280190722,0.7896599792916505,-0.5564246717966381,0.7932636417138811,0.33605221486743714,-0.15517501827542424,1.3987993389726314,1.1038300013227273,0.31538310211058473,0.8255252192595713,-1.623687283352048,-2.1785242586737388,-0.03792256331447957,2.6145819431691013,0.606179407509176,-0.23100232482022273,-0.20058278318240538,-1.1334326641296226,-1.0903910820752818,0.17788286185485486,0.6993348030608079,-0.8998207455045867,-0.6551201751476176,-1.2690532634382714,1.0903910820752818,1.133432664129622,-0.06326485836571254,2.367247731240644,-0.082039177885424,0.24027874969456073,0.13730558544161034,-0.6235796198885869,-0.7910682597479163,-0.3747723420151606,0.20179139169817292,0.3065783976019474,0.8828473903799233,0.561678026151944,-0.02358138547386016,-0.2792525417345383,0.41111087958892223,2.9208666058533463,2.351817814106035,-0.08511336124321738,0
1.726821671951222,2.088222456435707,-0.4445202009343899,-0.13478617003801185,1,0,0,1,0,0,0.3246891626197725,-0.45071117707391406,-0.054689994255315046,-0.333644555206342,-0.2605591568372969,-0.08878084548017975,0.9140230057991346,0.9463793706311068,-0.6916896148408249,0.43958752640194276,-0.11153943509342676,0.25348207722831667,0.3878428206447341,0.5156362620567639,0.6268624642853813,-1.2425741741385474,0.17965237571028025,-0.9197091246622866,-0.37315522795503414,0.7158101325491454,-0.7557535618602924,-0.6709583308087609,-0.30310433638604084,-0.4157141678636014,-0.752910225003712,-0.7158101325491454,0.3731552279550334,0.4659329004628361,0.5660657690356972,-0.027453521501095285,-0.6641562849317252,-0.5624939042121272,0.1010352376589052,0.5138790966987595,0.7879592118469556,-0.10826409251941274,-0.859173275299045,-0.8623145398892288,-0.9527758979536108,-0.944186652494511,-1.0238695791747903,-0.826093121566285,-0.5363722402842841,-0.26463402725168356,-1.136704559054746,0
0.5960101282327613,0.43908543426214564,-1.6032360836506476,1.0385308760612593,1,0,0,1,0,0,0.45087853266109723,-0.4815291972268634,0.23955317834438508,-0.41870605426809143,-0.1236188567079617,-0.04674473214052082,-1.0389728686652706,-0.10187531368466297,1.6847200933691453,-1.0814139946520283,-0.3895997119683612,-1.4107959748292165,-0.10789873095027526,-1.0211666530601289,0.4809320185228519,1.325856007979281,-0.529335915638795,-0.21723374976218496,-1.3328496965688592,-0.6022533438160685,0.42437937758490496,0.6216142037178863,-0.97071138313962535,0.9360401069330023,0.2944122310565105,0.6022533438160685,1.3328496965688585,-1.0659553487776992,0.11577027848446049,-0.8462383672660339,-0.10857476366129187,-0.3064697006802721,-1.4742144526617298,-0.9541866793037505,-0.4855086804782194,-0.6043528672675491,0.7229182807808735,1.0346006017076752,1.127317443588959,0.37837302688726915,0.7530574419894479,1.3945294446097283,0.6160407084282594,0.3477270420022505,0.8427612250610729,0
1.0843151130202777,0.7482986259196881,-1.6032360836506476,-0.13478617003801185,1,0,0,1,0,0,0.5392110916900246,-0.5204878264768181,-0.2210013526812325,-0.25147630441199903,-0.5243117410004959,-0.20594533159710146,0.1731395006692711,0.11298042955185282,-0.18654157416957515,-0.3806317954058784,-0.38188962757033945,2.3731589644147473,1.87293692995287,-0.5286649672363004,-0.4484109185491913,0.09883005370248099,-0.7799420430633247,-0.3978522498375316,0.9416775146057242,2.3027614887509538,-0.768990496556592,-0.6042773997202173,0.3543232539064857,-0.25916817965489347,0.10804993294520601,-2.3027614887509538,-0.9416775146057249,-0.3417899945912644,-0.18442671521636386,0.8732098088403377,0.795860270964994,0.4103980692089227,0.7311351137871589,2.2266225020350205,1.784586258014483,0.5118468759157585,-0.7203933142394032,-0.5588081172337243,0.03253147435602734,0.20981149912292413,0.09305597698558829,-0.0012904541294803558,-1.5241547677521787,-0.7656567202776299,0.7190446135538346,0
0.15910566815972013,1.0832795835486928,0.27967722576327125,-0.4281154315628296,1,0,0,1,0,0,-0.14221150653312897,-0.28731752305544694,0.25234635976176334,-0.4192847039215727,0.29056942728381224,0.10306482071890198,1.1442744446613256,-3.664691351039525e-4,0.9776208768355381,1.1105951431549799,1.7038130246331993,1.1883945895646446,-1.3948654574190704,0.6017729300992838,-1.0242560198409556,1.584876834158389,0.4463484775399105,1.1443081126723942,1.2465662665038717,0.3844992353771891,-0.9898570487489682,-1.0255742053928079,0.25620788426254554,-1.0577508789980494,-1.0978462273874274,-0.38449923537718983,-1.2465662665038724,1.07868820015905,-0.6347222057676005,1.6101161700287818,2.3592408308190027,2.492728257934677,0.25856020669096863,0.5138790966987595,-0.04256332662598434,1.752068812786101,-0.7759052986632599,-0.7105613285614767,1.2459192569225261,1.2082143943425034,0.6345956405784983,0.28421816152172197,1.2745623934068555,1.6837875567381073,0.904619530814692,0
0.5960101282327613,-1.0554449920826439,0.27967722576327125,1.478524768348486,0,1,0,1,0,0,1.2332526269173105,-0.6141048310923812,-0.09306953850744984,-0.307605320799684,-0.6732120518127372,-0.23456566408367777,-0.4059755892308143,0.05790486664841919,0.5548238448869789,-0.24557150509503192,0.2540135823878971,-2.369093893966393,-0.3329387504605348,-0.018318298026114163,-0.07751566338010299,0.9534723933575351,0.45994200544350683,0.8327691172411864,-3.5663204598883063,0.30587169994287167,0.5462155118172701,-0.15712973661951313,0.19968502012791917,0.7878218797880034,0.4828068599647573,-0.30587169994287167,3.5663204598883063,-0.5506838467604283,-0.7472960784054096,-2.1244524875990765,-1.445846564858729,-1.2281568333949502,-1.8207693845322692,-2.259134035750426,-1.3713993881826885,-0.9454138999068937,0.6396503041450882,-0.010810409661285101,0.4501720478041448,0.48930668191166665,0.8000660933429994,-0.011864847301746482,-0.39003408806681844,-0.2955613539816801,0.7121714684700992,0
-2.1539179439916754,-1.0812127580541053,1.0038746524609323,0.3052077222492148,1,0,0,1,0,0,1.0187306978470585,-0.5832868109394319,-0.5664172509504457,0.13274706549957663,-1.2323635343800512,-0.5511780922164281,1.0254709189454485,0.033132887755211095,0.3821739278038389,0.046573651698126356,0.5884617827670325,1.899857385074391,0.6255253875382438,0.15095632061353145,0.0855573609925336,0.4087561614472055,-0.6832350143130403,-0.07948484442035147,0.6225629626478131,1.9737285121859853,-1.2751084986306505,0.04023355779912106,-0.11168404024970686,-0.7404021434075881,-0.8426306181875609,-1.9737285121859853,-0.6225629626478137,0.0759977097470634,0.003196405846651406,-0.21395451414755326,0.023860366408985527,-0.2467307198561723,-0.08799472517957138,0.697387318699073,0.42806611184201476,-0.24778906041732607,-1.192245181842186,0.04820472807728505,0.041654690766301246,-0.02358138547386016,-0.3130987707090945,-0.15990635171348128,-1.0302635040182315,-0.2089648391376897,0.10046155601764112,1
2.08662534495255,0.9544407536913834,-0.15484123025532542,-0.4281154315628296,1,0,0,0,1,0,-0.0412600105000692,-0.3379055938725524,-0.438485436776663,-0.06688706495146794,-0.4369598684263855,-0.20818129507261524,-0.14755892448840524,-0.17816352365404853,-0.8351445339735358,0.27985608969211545,0.03194225712330404,-0.2594260946309976,-0.15234329511256084,-0.8510839988101792,-0.31261086907332764,-0.6811227844940999,-0.19855889625823459,-0.5968223622199977,-0.6392523306161405,0.28017642692511974,-0.645208827110642,-0.06863167855840126,0.4572078442636811,-0.5749551249832441,-0.6242073733238274,-0.28017642692511974,0.6392523306161398,-0.8988402670423681,-0.4846237089171882,-0.6642861793182697,-0.8838047933409655,-0.9038595089212672,-0.30852968182446,-0.5463906304141645,-0.319404172783631,-0.9764194483286528,-0.7481493064513315,-0.3311783002420958,-0.8250508682097696,-0.4903671546674297,-0.6684841749419423,-1.1116017372174867,-0.20711139779498602,-0.09762646290970158,-0.8892713360402683,1
-1.4343105979890196,1.0832795835486928,1.0038746524609323,-0.4281154315628296,1,0,0,1,0,0,-0.05387894750420167,-0.3373241217941949,0.25234635976176334,-0.4192847039215727,0.211707034011795,0.06460624894006509,1.3960114660276908,0.9748799005928617,-0.6809523076740838,1.0099134105928418,0.783797191558133,0.7536069453847518,-0.16615560040457283,0.859176767085605,0.231669315021107,-0.6823303789109753,0.17283586192549907,-0.26190528565243576,0.6912331826893887,0.3422733367180179,-1.0827086238976178,-1.1059720241006872,0.24520838951317367,-1.1929467814322738,-1.2746742719613309,-0.3422733367180179,-0.6912331826893894,1.07868820015905,0.491016520610491,0.7913313242638433,0.279040251178545,0.3421249482670949,0.8256500952063961,1.5741488238116832,1.2862727349307197,0.44983577907224165,-0.9146852597229018,-0.8623145398892288,0.9083602497423721,0.9099901529132779,0.31305646532020776,-0.0012904541294803558,1.1099319721622063,1.461110804282131,0.34789477903211874,1
1.110015375377516,-1.0554449920826439,0.27967722576327125,1.478524768348486,1,0,0,1,0,0,-0.24316300256618875,-0.2390553405517716,-0.09306953850744984,-0.307605320799684,0.1494493046562023,0.05387362425759897,-0.1371848038964863,2.448224254911851,-1.037837172052302,-0.3775059106726756,-0.736270981186224,0.7876290452593392,1.3529651835901007,0.3321441919999488,3.0323932633784962,-1.0395712908016554,0.27890473556222317,-0.40270649843978,0.7380194864539785,0.3422733367180179,0.5226333723771717,-0.32247961951576587,0.37408929056399814,0.7865432921887412,0.5640238198573141,-0.3422733367180179,-0.7380194864539793,0.49378541408539117,3.2678387123431163,0.6548671833030202,-0.031051760693324323,0.08610074473523979,0.8571550890128092,1.4925896140337656,1.1755363964676604,0.20179139169817292,0.5286263352973745,-0.2553016945782196,0.16937972051014377,0.3394742127878045,0.65151875506577694,-0.28679906978068154,-0.6186874509066087,-0.5429799678216537,0.47161139053935697,1
0.7502117023761872,2.088222456435707,-0.15484123025532542,-0.13478617003801185,1,0,0,1,0,0,-0.20530619155379135,-0.25533655874578254,-0.054689994255315046,-0.333644555206342,0.14083559036153231,0.0614759000743458,-0.03706317937136637,-0.19583011152387123,0.7271570695144522,0.27835806131033675,0.7739032034238177,-0.9311584872206412,-0.8839603648064558,-0.8283233026820005,-0.6043174318844685,0.32112426203241873,0.2253375212891459,0.36201039566073623,-2.5779597928613414,1.286800017252106,-0.776113631070381,-0.3366089632372799,-0.6713491596954732,-0.15260295386025477,-0.6526793753506281,-1.286800017252106,2.5779597928613405,-0.6481676444393714,-0.3345252120667762,0.9186978558272787,0.9638267773955896,1.0248561576853752,0.5106001571422693,-1.6066603575270884,-0.762349526635866,1.5660355222555504,-0.859173275299045,-0.5588081172337243,-0.8432973010303187,-1.0219842806934394,-1.0069464646875115,-0.5405845059150832,-1.1125787146405561,-0.7099875321636356,-1.2604211705619852,1
1.2385166871637046,1.109047349520155,-1.168717627632051,0.3052077222492148,1,0,0,1,0,0,-0.6722068607066928,0.4156822196788119,-0.2593808969333673,-0.23527411411452293,0.8347166706183602,0.5015135120554564,-0.6137294264124618,-1.127142187330598,0.6496765929860479,-0.25745114927200063,0.0766307100614419,-2.4271965817244148,-1.273932329393312,-0.5033903926080866,1.3327136010266643,-0.04721119028604527,0.09606039087583768,0.10468493744693659,-2.2358349465827754,-1.092932769394252,0.35042395823133127,2.8821212544014254,-0.9355723601142671,0.4430517325437656,0.0025807900043143405,1.092932769394252,2.2358349465827754,-0.7317251853070371,0.5660657690356972,-1.3557044935197728,-1.168055804223513,-1.0745423112758372,-0.9071245641463012,-1.7697787770829225,-1.2052948804881005,-0.6663639641110671,0.6118943119331598,3.3867753772878366,1.0178388466656656,0.31354167005482897,0.4822876101929924,1.331083085576127,1.6038232358961542,1.0714264874841732,0.5953280020465953,1
-0.14929748012713334,0.7482986259196881,1.0038746524609323,-0.13478617003801185,1,0,0,1,0,0,0.7158762097478791,-0.5536317349431976,-0.2210013526812325,-0.25147630441199903,-0.6038556310578015,-0.2314353152179585,0.7578702705638313,-0.32662526698787936,0.35754100784276877,-0.10872162276719165,-0.2734454252398506,2.0516578721139522,1.0715596029876266,0.30922150006510496,-0.914253149182072,1.0045213099274668,0.26611991774305765,0.1592574443973213,0.271474372857786,2.5289716601393697,-0.7448665804076753,-0.4675753053735749,0.5206765053955528,0.41075585324442604,0.5109763425729396,-2.5289716601393697,-0.2714743728577867,0.27096530510494976,-0.8598699510432187,-0.03655113089848297,0.48576825909312477,0.5810808715634928,-1.0016395455655394,0.18764225758709038,0.06817301183707392,-0.046252995675895824,-0.5538573609678327,-0.17942508891434333,0.9630995482040194,1.1174504947770867,1.243827762120523,0.3476645205553221,-1.6064699783745033,-0.7656567202776299,1.708777505611744,1
1.2385166871637046,-1.4419614816545723,-1.168717627632051,1.0385308760612593,1,0,0,1,0,0,-0.6722068607066928,0.4156822196788119,-0.06748317567269331,-0.3330659055528607,1.017050743003977,0.5770890775278218,-1.024222342734347,1.0160545788825472,0.2897777839062045,-0.21529609588989185,0.12329377257793296,-2.1012953512653976,-1.2583112748747491,-0.47829222759387935,1.3035060662815976,-0.31884998903691114,0.2739908451134235,0.21714249952220693,-2.270543264321181,-0.614019074092617,0.9463021416419789,-0.0887430342311828,-0.7165494274193828,0.5625357676682494,0.05170944464245687,0.614019074092617,2.27054326432118,-0.7038726716844818,0.5660657690356972,-1.3102164465328319,-1.2455788071914804,-1.091610591511294,-0.6865896075014126,-1.85133798686084,-1.3160312189511594,-0.6663639641110671,1.1115021717478706,0.12408133374116129,0.6620334066649622,0.15794641365697218,0.38074892326932136,0.7917890337905242,1.1099319721622063,0.848749735028197,0.47161139053935697,1
0.44180855408933456,0.2587110724619126,-0.8790386569529866,0.3052077222492148,1,0,0,1,0,0,-0.16744938054139394,-0.2675474723912908,-0.0035172685858019803,-0.34811079654337423,0.1430006539762515,0.06326467085475682,-0.9210314396809834,-1.4650220300595103,0.7074931847340717,-0.3917058877244902,0.19013001579959735,0.46698543551494703,0.18053135267290019,-0.7930470454366106,-1.1428260074932282,1.5113092399527777,-0.8867449442603573,-0.035370595299889326,0.7686432489180746,-0.12541857881077315,0.48831337365561334,0.8659307064808472,0.5515531513516022,-0.3501117239590158,-0.2817108343230295,0.12541857881077315,-0.7686432489180752,-0.3974950218363748,-0.6347222057676005,2.3379249218198384,3.005265855552064,2.339113735815564,0.7626401075935709,2.5528593411466898,2.227531611866718,2.4341908780647894,0.44535835866158957,0.8069707847160468,0.0051618251252043045,0.28760912732185256,0.12690220596014448,-0.5088613263982832,0.5337254978059351,0.514734606344233,-0.08511336124321738,0
2.266527181453213,1.572867137006469,0.27967722576327125,1.0385308760612593,1,0,0,1,0,0,0.1858808555743153,-0.4053563549620264,0.815246342126407,-0.5633684676384135,0.30516556146130397,0.12363568469362869,-0.9020595357617207,1.106157602246067,-1.2100044205806986,-0.03770907655264665,0.2835198652807154,-0.4913383585472478,-0.759584496363575,-0.7263768473431291,1.6875677815369403,-0.6727360739065936,-0.038960155633171366,-0.3962901438909345,-0.8079054238520522,0.13114384342216265,0.5285485558125549,0.1723323337621329,0.9780817024653686,0.01231030622602766,-0.7554899044155141,-0.13114384342216265,0.8079054238520514,-0.5367575899491508,2.067050737539819,0.9459906840194431,0.4082452561251572,0.3762615087380082,0.9516700704320475,-0.30171300108041293,0.06817301183707392,0.5738579727592754,0.7229182807808735,0.4275877563966659,0.7715120035882557,1.2082143943425034,1.142289075196852,-1.2702176348014877,0.9453015509175579,1.127095675598167,0.5334696962929761,0
2.0609250825953116,1.0575118175772313,0.5693561964423357,0.3052077222492148,1,0,0,0,1,0,-0.25578193957032125,-0.2233555944361182,-0.19541498984647596,-0.2607346988676996,0.0694063317158454,0.029725218722050223,0.5886042305558474,-0.5697373972134743,-0.08176155532634112,1.1589984447358888,0.39280029938218514,0.26035909058845624,-0.7515074705815007,0.01658238704669465,-0.5194877605661639,-0.5203496763268375,1.1061816569746257,0.2819439614165186,0.46109514795545875,-0.1022098070627286,-0.8018995850508048,0.26157102320209324,-0.4111304572175642,-0.46886133094346866,-0.23539622458661044,0.1022098070627286,-0.4610951479554595,0.29881781872750485,-0.18442671521636386,1.1552357001593716,0.6666552660183818,1.1272658390981163,0.7626401075935709,0.4323198869208419,0.2342775195316623,1.3179911348814817,-0.8036612908751883,0.12408133374116129,-0.323273965644676,-0.47740088330094144,-0.6177148314801074,0.2207718024881207,0.36909507656128593,0.3477270420022505,-0.5181215015185524,0
1.110015375377516,-0.7977673323680251,-0.15484123025532542,-1.161438585374874,1,0,0,1,0,0,0.13540510755778543,-0.3925639692381606,0.16279408984011548,-0.39729601708928375,0.013860174961519488,0.005129620491398716,1.193341906191006,0.010563229509501438,-0.7185805374044928,0.37505228543732155,-0.09281467665492944,0.3698576717993327,0.404547425946801,0.7323704357454749,0.5543781822959475,-1.002827059747196,0.17640956818159526,-0.8501694953307184,-0.5252107151899512,1.0253393444399002,-0.9275950595822353,0.5408655290758909,-0.02542081555053032,-0.33174673322235293,-0.7093614147852003,-1.0253393444399008,0.52521071518995055,0.4659329004628361,0.26586877533487285,-0.6187981323313287,-1.0000892977929163,-0.8867912286858101,-0.4660546508565234,0.10608304780917345,0.40038202722625016,-0.4183195767369984,-0.7203933142394032,0.9587239960437993,1.1546870928197819,0.9618552383792308,0.7530574419894479,0.31594134103852145,0.2044646553166367,0.848749735028197,1.4613442825972665,0
0.13340540580248203,-0.9008383962538722,-1.6032360836506476,0.3052077222492148,1,0,0,0,1,0,2.785381878425605,-0.714118028569877,0.07324181991846762,-0.37183543233610705,-0.9124963969265644,-0.2618444184849458,-0.5899831385446662,-1.303673401982767,-0.23369327112377178,-1.7947983453357315,-1.8695405979016395,-1.3347401568228265,1.4998068163987168,-1.0614027317422998,-0.5545789718053322,0.8001933182143353,-1.7292902964776677,-1.665867842203235,-1.4375436385994584,-0.39468810214486993,-0.24015518750164738,1.2337676177548764,1.1235836448531078,0.7099221176442406,0.8040986267816715,0.39468810214486993,1.4375436385994576,-1.1216603760228097,-0.7848207026180125,-1.0372881646111858,-0.5220307794904515,-1.1257471519822078,-1.5687294340809674,-0.30171300108041293,0.4557501964577793,-1.1624527388592034,-0.38732140769626244,0.8069707847160468,-0.7064490548762022,-0.07544647093981212,0.2115177783965368,-1.238494455284687,-0.7010026615289333,-0.9326642846196119,-0.3944048900113141,0
-0.2263982671988458,0.9802085196628456,0.714195681781868,-0.8681093238500562,1,0,0,1,0,0,0.097548296545388,-0.3850048322195127,1.4932849572474551,-0.634542375016612,0.5883053754028789,0.19429213051986394,0.29867321558810844,0.9478448065120839,-0.7337153575467413,0.5812229130801887,0.32000788987141593,0.8278023330721148,0.12626573966075502,-0.5868602062962216,1.7747095062334757,-1.0648962901768135,-0.4026068625817834,-0.8800075175456705,0.19616880564547262,0.9344658179137063,-1.0016961801557667,0.47691828106180173,-0.06710460004460306,-1.1844127313483308,-1.2751819908460769,-0.9344658179137063,-0.19616880564547334,-0.5646101035717058,1.6167552469885829,-0.04564874029587195,-0.5866332819637576,-0.6990401460957827,0.3530751881102058,0.9216751455883455,0.8986955503100138,-0.35630847989348147,-0.9701972441467586,0.35171115073279,-0.23204180154193166,-0.23104172733766892,-0.6684841749419423,-0.4771381468814831,0.12214944469431245,0.6817421706862145,-0.45626319576493324,1
1.2385166871637046,-1.1842838219399534,0.5693561964423357,1.0385308760612593,1,0,0,1,0,0,3.088236366524784,-0.7269104142937428,3.489021258358464,-0.7323341664549499,0.04738721314213999,0.006918391271809734,-0.19266818404662375,1.1571348519961089,0.3627706731576779,-0.5843519183658709,0.016976232333208788,-1.7292331159175296,-0.5291913955038232,-0.4210963394737182,0.7997625863454013,-0.05546137946017284,-7.924724798240837e-5,0.029386360395873574,-1.0504933074560319,-1.3166012534636966,-0.15284470079486476,-0.7870192964103616,-0.5516530007784637,0.7893431622556444,0.006620127875088581,1.3166012534636966,1.0504933074560312,-0.20252742647848845,1.1664597564373458,1.0096739498011607,0.821701271954316,0.785900234388976,0.7941451013999841,-0.6279498401920818,-0.2086678343205727,1.13195784435093,-0.10050948817300241,-0.6852691266735177,0.22716009110854782,-0.10137901367278856,0.21715881655896382,0.09387908442092041,0.6160407084282594,0.013711913318286572,-0.04387449074080463,1
0.2619067175886707,-1.6481036094262664,0.27967722576327125,1.0385308760612593,1,0,0,1,0,0,0.009215737516460692,-0.3524423958314908,-0.6687627022894718,0.32485875045536444,-0.9965054932016737,-0.522110567034749,0.36361596186718237,0.6816070971156086,0.9527240846610674,-0.6721600024194065,-0.5993112247431756,-0.348060500995249,0.8016951243993795,0.5435683243385627,0.49875580759696486,0.4509853382646101,-0.24482557069572214,-0.10442293663018945,0.3041828515459622,-0.7763978591033001,0.037510218638640486,-0.4358845124889473,-0.8492089680817313,0.6652799541188313,0.6771852706676968,0.7763978591033001,-0.3041828515459622,0.4659329004628361,0.41596727218528484,-0.10933200607758836,0.13691474573727128,0.03489590402886805,-0.40304466324369825,0.5138790966987595,0.40038202722625016,-0.17027518936292965,0.3065783976019474,-0.1035484832504671,1.1181942271786838,0.4432043837197094,0.7022880985276131,1.9021003168785307,0.2044646553166367,-0.15329565102369538,0.9664778365683122,1
1.0586148506630406,1.572867137006469,0.27967722576327125,1.0385308760612593,0,1,0,1,0,0,-0.1800683175455264,-0.2646401119995031,0.815246342126407,-0.5633684676384135,0.5969175760986658,0.2318563169084953,-0.7863696265310817,0.014584707573738715,-0.8726655152351566,-0.15425254779087016,0.7271047517831325,0.31713921673050494,-0.48198862447522445,-0.8352095549647907,0.28108920208201693,-0.5487835525986956,-0.42118743802999487,-0.170814763029781,0.2430696413654208,0.1914665557924087,0.2589345617038215,0.26157102320209324,0.6414884479166406,-0.2092570131856111,-1.1120391576775002,-0.191466555792408,-0.24306964136542153,-0.8152827261747027,0.19081952690966666,-0.18211288125669506,-0.43158727602782254,-0.5624939042121272,0.4790951633358572,0.4323198869208419,0.34501385799472056,-0.5423417704240322,0.1400424443303771,0.12408133374116129,-0.323273965644676,0.04124997135858002,-0.0423289389126401,-1.6826189685198898,0.6160407084282594,0.793080546914203,-0.76555472453303,1
-0.9203053508442651,-1.8284779712265005,-2.327433510348309,-0.13478617003801185,0,1,0,0,1,0,1.3215851859462378,-0.6234083843461017,-0.46407179961141953,-0.06110056841665506,-1.1354243112225948,-0.43222483531909534,-0.9634758346470993,-1.8355144221227337,1.527594942615134,-2.2122694882010725,-1.0543516740625574,-1.3638383141248074,0.2213512561616298,-1.5771930516716917,-0.9184234384476964,1.5063237195081691,-2.2796297720728482,-0.9780073994487026,-1.244018473027745,-0.6263104211856457,-0.23617611205240127,1.5992447092292328,-0.5745633924884022,0.7281914953184314,0.4158749423048003,0.6263104211856457,1.2440184730277444,-1.5394480803611372,-1.0850176963188372,-1.0827762115981268,-0.25070026910256554,-1.1086788717467513,-1.1276595207911904,-0.709509049969999,-0.2086678343205727,-1.1004416420156866,0.3343343898138759,2.8556391376407038,2.5870320692328677,1.791696605834465,2.0561372575098895,2.377948009630533,1.7684536571408034,1.5167799923961247,2.822227009176893,1
-1.2030082367738797,-0.9008383962538722,0.27967722576327125,0.3052077222492148,1,0,0,0,1,0,-0.6091121756860305,0.24414795656333935,0.07324181991846762,-0.37183543233610705,0.9103457639470024,0.4751291430443938,0.043710966877959584,-1.7415742721299867,-0.41980050695306503,0.1568648833894465,0.5780354623636842,-0.515369386379543,-0.17741157888493042,-0.12349962856856586,-0.8459754302152941,0.26032471924847306,0.6016639686496257,1.1504317299786397,0.30418285154596364,-1.004587223962434,-0.18418053720068983,1.5428857294819067,0.8354825936295707,0.38468535470918463,0.37169826003943807,1.004587223962434,-0.30418285154596436,-0.11896988561082296,-0.7848207026180125,0.018034525485845748,0.14983524623193267,0.39332978897346543,0.41608517572303205,-0.05703537174666111,-0.2086678343205727,0.6358690696027934,-0.38732140769626244,0.9587239960437993,-0.9162830323125138,-0.39960325510201306,-0.2284831982727022,-1.2702176348014877,-0.20711139779498602,-0.6543183440496418,-0.8892713360402683,0
2.138025869667024,-0.23087648099586283,0.27967722576327125,0.7452016145364414,0,1,0,1,0,0,-0.48292280564470574,-0.01751447869755106,0.08603500133584588,-0.3805151771383264,0.6284536456680264,0.2806003206746956,0.5977994032308954,-0.03091044575224575,0.7676963283072173,0.15677310901552924,0.33595774190950445,-0.38877304609385194,-0.4162492378423695,0.1606226765391952,1.7529004977528757,0.15874888945375434,-0.284538353208734,-0.4284928882431687,-0.18963998474047816,-0.3421574382520592,-0.6707623364048352,1.798442795102977,-0.8899392745587145,-0.4939337164653902,-0.8551014243328918,0.3421574382520592,0.18963998474047747,0.32667033235006016,1.9920014891146134,0.6821600114951846,0.6666552660183818,0.512807750621665,0.1010352376589052,0.758556726032511,0.954063719541543,0.6978801664463103,-0.5538573609678327,1.9451198696741894,0.48869229486974886,-0.07544647093981212,-0.2623294272472596,0.664896315723324,1.2745623934068555,1.1827648637121608,0.10046155601764112,1
1.2385166871637046,0.3102466044048362,0.5693561964423357,-0.8681093238500562,1,0,0,1,0,0,3.088236366524784,-0.7269104142937428,-0.7199354279589849,1.1772096900333027,-2.211194854916044,-1.4688175025672805,0.007571295011576254,0.8125280462791606,-0.43548345240688624,0.030385300545063627,-0.3834973913318493,-0.794398598908977,-0.2334331606414712,-0.5318564379949361,0.8481660025232126,-0.21803529221024223,-0.16340325112388698,-0.22826795938905098,-0.7279513648365089,-0.36149164093482894,-0.5419527561906389,-0.2655461610248646,0.37621602679435645,-0.20307644743435982,0.2757061572960093,0.36149164093482966,0.7279513648365081,-0.3417899945912644,1.1664597564373458,0.8914050276351143,0.6278937645343975,0.529876030857121,0.7311351137871589,-0.22015379130249568,0.12354118106860354,1.0079356506638961,-0.47058938433204756,-0.17942508891434333,0.24236545179233895,0.4043055696202447,0.2961333508329291,0.2524949820049213,0.28677986593896093,0.1250502895462747,0.2860364732784985,1
0.2619067175886707,1.0575118175772313,0.27967722576327125,0.3052077222492148,1,0,0,0,1,0,0.009215737516460692,-0.3524423958314908,-0.19541498984647596,-0.2607346988676996,-0.17813959835242782,-0.0695515595907613,1.0751581969149298,0.11304985377330684,0.5157348629573834,-0.289230615054425,-0.2774745111687431,0.36887936298977586,0.24857897752968114,0.6157461107995023,0.2993246028705681,0.09124550206834738,-0.26336397834425085,-0.13230545288540485,0.11588809585456382,0.38817105265189955,-0.8797873862668938,0.14469234411360177,-0.6133339049869087,0.12958468864705006,0.23155993052557688,-0.38817105265189955,-0.11588809585456454,0.49378541408539117,0.19081952690966666,-0.2276009282436361,-0.1473362651452761,-0.23819657973844427,-0.18250970659880966,0.2692014673650073,0.2342775195316623,-0.17027518936292965,-0.8314172830871166,0.12408133374116129,-0.02220782410562002,-0.3347718982695729,-0.2623294272472596,0.664896315723324,-0.20711139779498602,-0.04195727479570725,-0.08511336124321738,1
-1.7684140086331095,-0.05050211919562982,-0.4445202009343899,-2.041426369949327,1,0,0,1,0,0,-0.33149556159511606,-0.15823072166007435,-0.3617263482723934,-0.12185878203219036,-0.027966111040955588,-0.027515446251102374,0.6147892327505374,-0.05670970463673676,-1.0798114663387604,0.7060389649577409,0.548818593006792,0.18080383284105128,-0.5794821584172829,-0.3705454714789073,-0.2675604352055803,-0.028052113100947528,-0.05785933644441887,0.22072539446417913,1.1316697664043236,-0.8757814322965277,-1.225124062866512,-0.19020032105805001,1.447948780052363,-1.0111854194102257,-0.49799566284679797,0.8757814322965277,-1.1316697664043243,-0.20252742647848845,-0.03432821836595151,0.74584327727690225,0.6149732640397371,0.5640125913280355,0.8256500952063961,1.4925896140337656,0.954063719541543,0.6978801664463103,-1.2200011740541141,-0.4070549059059717,-0.7429419205172992,0.04124997135858002,-0.36386811417093057,-1.397110352868688,0.8629863402952329,0.45906541823023866,-1.3222794763156045,1
-1.7684140086331095,0.2587110724619126,-0.4445202009343899,0.3052077222492148,1,0,0,1,0,0,-0.33149556159511606,-0.15823072166007435,-0.0035172685858019803,-0.34811079654337423,0.32824804784685735,0.1473368975340747,-0.6840679942003126,-0.31807513746468985,0.1680758519813222,-0.32213262818932537,-0.3970010464424806,0.6924788065388947,0.9288223794419173,-0.3375027533226267,-0.29474607634321004,0.08094174821871787,-0.12470303921141312,0.08449681638467071,0.9848575718326791,-0.032311248161722386,0.6139844235505254,0.14129795941992207,-0.1484266692654672,0.3115269993915948,0.5986154991133132,0.032311248161722386,-0.9848575718326797,-0.20252742647848845,-0.10937746679115769,0.5820863081239148,0.5374502610717695,0.4616029099152932,0.5106001571422693,1.4110304042558486,0.954063719541543,0.44983577907224165,0.5563823275093027,0.12408133374116129,-0.013084607695344815,-0.08841274230630035,0.04228663352375219,0.47455723862252236,-0.37174181903963527,-0.4316415915936655,0.22417816752487937,0
-0.9203053508442651,2.1397579883786295,-2.327433510348309,0.3052077222492148,0,1,0,0,1,0,1.3215851859462378,-0.6234083843461017,-0.5024513438635544,-0.01480859613815197,-1.2024255339107768,-0.46800025092731573,-1.5017051780031558,-1.4443693625382878,1.015396736081594,-1.3770935131961732,-0.37724522585986764,-0.1135867959838086,0.20556208856028177,-1.660211059518081,-0.8017410298855303,1.6257990890980591,-1.9423850545525152,-0.7080495016303403,-0.4194329849395745,0.2610696854503818,0.4292942765703618,1.1792757150937887,0.2456899388615581,-0.06567127688016992,-0.20083525812204003,-0.2610696854503818,0.41943298493957376,-1.5951531076062477,-0.9349191994684248,-0.8280431484712572,0.046471242274642305,-0.7331767065666972,-1.0646495331783645,-0.22015379130249568,-0.04256332662598434,-1.1004416420156866,0.44535835866158957,1.1863538130354276,0.1876261533306929,0.28760912732185256,0.24536400737109418,-0.2550758902638815,0.28677986593896093,0.45906541823023866,0.2860364732784985,1
0.2619067175886707,-0.9266061622253344,0.27967722576327125,-2.334755631474145,1,0,0,0,1,0,0.009215737516460692,-0.3524423958314908,1.3269735988215376,-0.6177615350656547,0.6054865887290909,0.20636633328763831,1.6055907609837987,0.9859786256415991,-1.5379156258375053,1.3909543207080195,0.5536268749775725,0.2511293392732791,-0.5447999193345557,0.5517536624752647,0.3000974365230342,-0.1184072672331359,0.24364741100741802,0.44001690328977155,-0.24010667662448304,0.5806453452778549,-1.6813072791304935,-1.0526555825830142,1.983394296582332,-1.637492948363582,-0.29015118815978114,-0.5806453452778549,0.24010667662448232,0.6330479821981672,0.41596727218528484,0.391036510778763,0.26611975068388355,0.3591932285025509,0.6366201323679207,-0.38327221085833024,-0.319404172783631,0.5118468759157585,-1.6085850650211115,-1.1658209625447336,-0.9162830323125138,0.11904759955750843,-0.5500223735309933,-1.238494455284687,-0.6186874509066087,-0.4316415915936655,-1.198562864808365,0
0.030604356373531493,-0.12780541711001567,-0.15484123025532542,-0.13478617003801185,1,0,0,1,0,0,-0.40720918361991093,-0.0861281839437401,-0.6431763394547153,0.26004998926546014,-0.46758293208315554,-0.26721073082617885,-0.39339271890455835,0.2825784914297622,-1.245939090058969,-0.3625983973212302,-0.6484971530647118,-0.6574403161751969,0.31795534677361764,-0.5952310621403099,1.0508484926716797,-0.5829739687338978,-0.6846222981672817,-0.5942885596078151,-0.24010667662448162,-0.6585353003337585,-0.04772571201956795,0.6648691036555726,1.117407858534855,-0.18901270968426967,0.2628709501833798,0.6585353003337585,0.2401066766244809,-0.2582324537235989,1.7668537438389946,1.746580310989605,1.1059522828368633,0.7346953936826055,1.7707999093987767,1.166352774922097,1.4523772426253072,1.6900577159425842,0.05677446769459199,0.8069707847160468,0.4613226456389258,1.0007540524786946,0.854596128913119,-0.3185222492974822,0.6983559190505837,0.4033962301162448,0.5953280020465953,1
0.15910566815972013,0.20717554051898904,0.27967722576327125,0.3052077222492148,1,0,0,1,0,0,-0.09173575851659908,-0.3158096548949661,-0.7583149722111197,1.3623775791473147,-1.326600867202312,-1.2957539295625145,0.27843219417547804,-1.2090763544465826,0.6211751034392933,0.09547770465168649,0.27639104205413045,0.15338027950053815,0.09666905043496501,0.5548786924670497,-0.8557155918829987,1.2382492664948677,0.3236910454990105,0.743584908687129,0.8615353283924961,-0.6452678416013011,0.1672615077847588,0.8022581459582272,0.3951539206326567,0.19198228052963626,0.3666440450856426,0.6452678416013011,-0.8615353283924969,0.9672781456688292,-0.4846237089171882,1.4281639820810177,1.971625815979166,2.0489529718127955,0.19555021907814235,0.6769975162545934,0.2896456887631914,1.4420133285685155,0.27882240539001907,0.9587239960437993,0.4978155112800227,0.6376984542170299,0.6853649840403343,0.1890486229713212,-0.12479618717266176,-0.4316415915936655,0.10046155601764112,0
1.2385166871637046,-1.0554449920826439,0.27967722576327125,1.478524768348486,1,0,0,1,0,0,-0.1800683175455264,-0.2559180308241401,-0.11865590134220637,-0.3018188242648711,0.06058342314237359,0.03643310914859154,0.042478113856027594,0.7457072114067443,-0.1468846418836483,-0.21635411317919007,-0.42180574697891954,-0.14065049475103167,0.46785605068819835,0.5564268724629795,0.7304381570413349,0.24083899259163363,0.3766367627437443,0.1859029548620832,-0.19575715951429745,0.002319067851812721,0.49690832343840846,-0.2917696393194306,0.44281618725026894,0.6657470156082874,0.7298661817646772,-0.002319067851812721,0.19575715951429676,0.6609004958207222,0.8662627627365218,0.46381738595786837,0.5245297605771081,0.6664222727407777,-0.024984737566746233,0.02452383803125581,0.12354118106860354,0.5738579727592754,0.4731143508735179,-0.2553016945782196,0.06902433999712428,0.28760912732185256,0.549980068142106,-0.15990635171348128,-0.5363722402842841,-0.5986491559356475,0.40975308478573785,0
2.08662534495255,0.026801178718756015,0.5693561964423357,0.3052077222492148,1,0,0,1,0,0,-0.25578193957032125,-0.2233555944361182,-0.2849672597681238,-0.21907192381704685,-0.025768188606879024,-0.002472655325348113,0.6335676485195986,-0.8439814845305876,0.7633780392089254,1.3196322078666887,1.0200294504560217,1.147750530654346,-0.4026521646600124,-0.0899326907729174,-0.608684681173583,-0.2386084361048486,1.0586796977790645,0.3827056218548137,0.9153149533513734,0.6575966059261134,-0.97085092298883,0.5486241226614442,-1.283341819889814,-0.7329693113115354,-0.9524506903833437,-0.6575966059261134,-0.915314953351374,0.1317027369921738,-0.3345252120667762,0.9368930746220554,0.6537347655237203,1.0931292786272029,0.4475901695294441,0.758556726032511,0.34501385799472056,0.8219023601333442,-0.9146852597229018,0.5034643620605421,-0.013084607695344815,-0.671894953798262,-0.8884846632765624,0.6966194952401235,0.03983423407198747,0.4033962301162448,-0.1469716669968365,0
-1.4343105979890196,0.7740663918911503,0.27967722576327125,-0.13478617003801185,1,0,0,1,0,0,0.021834674520593164,-0.3547682841449209,-0.31055362260288033,-0.19939783559868304,-0.31299339361148365,-0.11874275605206432,0.5309260127426577,1.1974936278172363,-0.6241292108584482,-0.12132839933448157,-0.8636181778123082,1.253391592542442,1.3181150436169158,-0.04691991184733998,1.1720046684142487,-0.4309892464988513,0.21061792447394867,-0.6706132554531203,0.010024599876957354,1.699534365048511,-0.7851473679682209,-0.4695090365997479,0.42010291140896744,0.37275196861729626,0.4680226080187126,-1.699534365048512,-0.010024599876958064,-0.20252742647848845,0.7912135143113154,-0.6187981323313287,-0.7287587874050313,-0.6136987449184976,-0.8126095827270634,0.2692014673650073,0.2896456887631914,-0.9144083514851348,-0.6371253376036178,-0.2553016945782196,0.6894030558957865,0.8192262533478623,0.9392117013495113,0.2524949820049213,-1.0302635040182315,-0.3759724034796717,1.3994859768436472,1
1.2385166871637046,0.5936920300909173,-1.168717627632051,-1.6014324776621007,1,0,0,1,0,0,-0.6722068607066928,0.47673678790635304,0.44424408102243734,-0.4765710196162203,1.3447664084157442,0.7349480988990942,0.33063820989689746,0.636015991100555,-0.9878207442865372,0.5166257312675044,0.29293452280119453,0.1342666361824886,-0.34961629911108494,-0.5281317014859029,1.4529364872429167,-0.4931834162826235,0.060530222226558045,-0.10005534761806219,-1.5495845239304507,1.719982742123172,-0.9874634528267692,0.5825679695982373,0.8547822786938343,-0.6379073008199169,-0.47851379914825626,-1.719982742123172,1.54958452393045,-0.6203151308168162,1.0163612595869336,-0.646090960523493,-0.7804407893836761,-0.71610842633123994,-0.18250970659880966,-1.1988643086375024,-0.7069813574043363,-0.23228628620644656,-1.0812212129944723,0.04820472807728505,-1.2264723902618437,-0.671894953798262,-0.8546384343020056,-1.4922798914190887,-1.1948939252628807,-0.5986491559356475,-0.9511296417938885,1
2.703431641526255,-1.2100515879114147,0.27967722576327125,0.3052077222492148,0,1,0,1,0,0,0.059691485532990585,-0.36930508610385926,-0.630383158037337,0.2455837479284279,-0.9146590641876045,-0.47381375596365155,1.0224590739061181,0.975259367288342,-0.024838608521252588,0.6817718883057099,-0.187035725256842,-0.5892710137217249,-0.2616059399819038,1.3671695323076456,0.5713414121263946,0.3437493764474439,1.2590228297229311,0.716932160316622,-0.35307242775419667,-0.45352244570481864,-0.05569454386541787,-0.7662168037923943,0.37939018221305865,0.32739564928111836,0.9431003181157264,0.45352244570481864,0.35307242775419595,0.9951306592913848,0.26586877533487285,-0.6551885699208807,-0.39282577454383927,0.10316902497069583,-1.0016395455655394,-0.9541866793037505,-0.9284540343304539,-0.4183195767369984,-0.05424950115312168,-0.7105613285614767,0.03253147435602734,0.22277777048941236,0.34690269429476517,0.3476645205553221,-0.04248097655033679,-0.26463402725168356,0.34789477903211874,1
1.135715637734753,-1.0812127580541053,1.7280720791585935,1.7718540298733036,1,0,0,1,0,0,-0.15483044353726144,-0.28208427435022915,-0.5536240695330674,0.11828082416254442,-0.5451168139911332,-0.3083524587756323,1.2347518849264933,0.5287264982431051,-1.1831927983884105,0.8416868143320445,-0.07797696856409528,-2.6713309202689053,-0.944986827668599,2.6439798877388867,0.9457381633565894,-0.9663032671519497,2.0868240216431753,1.0170439853248225,-2.256303954479784,-1.4056019766329109,0.9248809975801168,0.2217260189673798,0.6464225990344555,0.9321943927612163,1.09431937825077,1.4056019766329109,2.2563039544797836,2.5548714221544753,0.9413120111617277,0.15449866644666885,-0.37990527404917784,0.4274663494443799,0.5421051509486824,-2.0960156161945913,-1.7036084035718644,0.6978801664463103,1.0004782029001573,0.35171115073279,0.41570656358755365,0.7025298110494701,1.0745966172477384,0.030432725387320277,0.12214944469431245,-0.48731077970765985,0.34789477903211874,0
-1.305809286202831,2.088222456435707,1.7280720791585935,-0.13478617003801185,1,0,0,1,0,0,-0.7731583567397526,2.026359876729182,-0.08027635709007157,-0.31628506560190334,1.6353381714915332,1.8028442548044723,0.7328763336349404,0.5195428145995324,1.0090046855840553,0.7413736406133163,1.5265233277077144,0.29531583029779357,-1.0514930087780114,0.28003988176098216,0.5127482375285652,0.6775331473916155,0.37170765159653785,0.5314487016828849,-2.2358349465827754,2.6202494485943455,-0.7392698318611265,-0.19942888953977486,-0.6984877349695301,-0.6329690145606115,-1.4656988698761553,-2.6202494485943446,2.2358349465827754,0.10385022336961848,0.26586877533487285,-0.5278220383574467,-0.12149526415595328,0.03489590402886805,-0.7495995951142377,-1.7697787770829225,-1.2052948804881005,0.3258135853852078,-0.8869292675109735,-0.5588081172337243,-1.2173491738515698,-1.333174793489152,-1.4469474413567518,-1.175048096251087,-1.6064699783745033,-0.7099875321636356,-1.569712699330082,0
2.138025869667024,0.026801178718756015,0.27967722576327125,-0.13478617003801185,0,1,0,1,0,0,-0.48292280564470574,0.00865176482853798,-0.42569225535928473,-0.08308925524894402,0.11650849292030942,0.07086694667150364,0.47728322315639826,-0.09827657713435502,0.4737376606444464,0.08165937013323948,-0.008121766467282326,-0.06996204431135972,0.24044483608513062,0.25833206762449995,1.0520574574827815,0.10928894198935737,-0.18781256280272962,-0.29511730311923157,0.14025565247345223,-0.23452373259539866,-0.4055515820243443,1.1888157520299427,-0.5377904054926156,-0.29654826314546756,-0.27756591239486517,0.23452373259539866,-0.14025565247345292,0.35452284597261524,1.1664597564373458,0.427426948368315,0.42116575661981864,0.32505666803163763,0.038025250046078915,0.8401159358104279,0.8433273810784847,0.38782468222872474,0.08453045990652028,2.2486262923296945,2.395444524617104,1.6620338921695847,1.4130589069933075,2.251055291563333,1.5215080252738291,1.5167799923961247,2.265502257394317,0
1.2385166871637046,-1.4419614816545723,-1.168717627632051,0.3052077222492148,1,0,0,1,0,0,-0.6722068607066928,0.47673678790635304,0.009275912831576286,-0.35042539515729937,1.0778579896042486,0.6374600913666937,-0.46842188772600635,0.3236955015377032,0.5171186524888682,-0.6406047464048942,-0.011781583417933377,-1.129414724166575,-0.4491200625930266,-0.5587335277472185,1.1963446284583201,0.05999209799060849,-0.33626615268724513,-0.5064672062776611,-1.532862003731795,-0.020113106998745453,0.09307207996737969,0.7541895517478945,-0.6466322486650008,0.5319799231864321,-0.4791500156293689,0.020113106998745453,1.5328620037317944,-0.5924626171942612,0.9413120111617277,-0.3458698504096825,-0.26362076959722697,-0.3747428216220998,-0.5290646384693491,-0.7910682597479163,-0.1532996650890431,0.015758101167622184,-0.1375174777889068,0.35171115073279,-0.8250508682097696,-0.996051737960463,-0.7530997473783346,-0.826093121566285,-0.12479618717266176,-0.15329565102369538,-1.0748462533011267,1
0.004904094016293398,2.706648839750792,-0.15484123025532542,0.3052077222492148,1,0,0,0,1,0,-0.38197130961164594,-0.1064797066862538,0.047655457083711085,-0.3648916364943316,0.43577615573631334,0.20010563555619973,-1.5758246090570724,-0.9554744250861122,0.3076810879010096,-2.3361385277359576,-1.2139853833593144,-0.19987473044834086,0.9501427007519051,-0.5884199513219363,-0.6197164725285513,0.3618249011058698,-1.6995752683320589,-0.9673483894097438,-0.974766068754056,0.6941558255444445,1.6032801964980115,0.6906002761482527,-0.05701122318717917,1.4707026929609988,0.6338130313006011,-0.6941558255444438,0.9747660687540554,-0.7038726716844818,-0.7848207026180125,-0.8280431484712572,-0.5349512799851129,-1.1257471519822078,-0.5605696322757617,-0.46483142063624716,-0.04256332662598434,-0.9144083514851348,1.2502821328075124,0.4275877563966659,-0.5148615102604385,-0.46443461193445323,0.10997909147286698,-0.7626467625326843,-1.0302635040182315,-0.8769950965056176,-0.20882997275045564,1
0.9044132765196139,-1.0812127580541053,1.7280720791585935,1.7718540298733036,1,0,0,1,0,0,-0.785777293743885,2.660164442138894,-0.5536240695330674,0.11828082416254442,1.168174353873405,1.9544425784443062,0.12145512629880119,-0.8870109159757092,0.5885252404829693,0.3168143325932422,0.5286311528383415,-2.543279635792547,-1.1274471034602844,1.107208113929644,-1.0361319485926956,1.5337710410164418,1.5918195797982304,2.1098015846615494,-1.6577619304569258,-1.8245819892131196,0.9374229919391647,0.1794760787112026,0.7367582604537296,1.1504253225440808,1.3725642189531364,1.8245819892131196,1.657761930456925,0.939425632046274,-1.009968447893631,-0.2276009282436361,0.5762117625557528,1.2467438007463156,-0.844114576533476,-2.3406932455283433,-2.2572900958871576,0.6358690696027934,1.055990187324014,0.35171115073279,0.534308376921121,0.858125067447326,1.3284433345569153,0.12560226393772106,0.03983423407198747,-0.7099875321636356,0.47161139053935697,1
0.030604356373531493,2.088222456435707,-0.15484123025532542,-0.13478617003801185,1,0,0,1,0,0,-0.40720918361991093,-0.0861281839437401,-0.08027635709007157,-0.31628506560190334,0.37347180328844737,0.17819319349616475,0.24638787831729678,0.835288436460805,0.43527946838583437,-0.16923465812277289,0.7802068085707122,1.3683825147254765,-0.21758364016764523,-0.3167437729224957,1.0759148864499117,-0.504900256374485,-0.4866618467522504,-0.3113008986219918,0.5622164056415804,1.3087111581427058,-0.6590949883722976,-0.06863167855840126,-1.1024176804932007,-0.25394045159704465,-1.3182318002240272,-1.3087111581427051,-0.562216405641581,0.18740776423728422,2.067050737539819,2.3379249218198384,1.6356928031179738,1.3150169216881435,2.3063848041077932,1.8188264531454346,1.6184817503198954,2.0621242970036877,-0.7203933142394032,-0.2553016945782196,-0.5878472415426337,-1.0219842806934394,-1.0407926936620688,-0.5405845059150832,-0.5363722402842841,0.06938110143228039,-1.198562864808365,1
1.2385166871637046,0.026801178718756015,-1.168717627632051,0.3052077222492148,1,0,0,1,0,0,-0.6722068607066928,0.47673678790635304,-0.2849672597681238,-0.21907192381704685,0.8060914147391767,0.5359473495783684,0.310783122821821,0.437340974195877,0.9770614811085538,0.21161087058677724,0.3770846364539583,-0.009332058726659936,-0.23315439810070207,-0.4397873421700534,0.9281870152246908,0.24789926606716456,-0.4382546165379285,-0.5010628213091604,-1.1598770966922176,1.13762416762706,-0.8715818280239027,0.3295731637626698,-1.0865609213453462,-0.7204384099285497,-0.9794188165175948,-1.13762416762706,1.159877096692217,-0.48105256270404034,0.7161642658861095,-0.31857702221751816,-0.1473362651452761,-0.3064697006802721,-0.5920746260821743,-0.5463906304141645,-0.04256332662598434,-0.046252995675895824,-0.8314172830871166,0.27583454506891375,-0.07694712256726609,-0.62002986833231,-0.8377153198147269,0.4428340591057229,-0.37174181903963527,0.18071947766026855,-0.20882997275045564,1
0.004904094016293398,0.9029052217484598,-0.15484123025532542,1.7718540298733036,1,0,0,1,0,0,-0.38197130961164594,-0.1064797066862538,-0.8094876978806327,2.6498730581431817,-1.4576827254211728,-2.1297683059291517,-1.168168549434981,0.2577394445664866,-0.7482376965890843,-2.3129698651418535,-2.1499359006017764,0.7573460892115488,2.139946323596006,-0.517207812152202,-0.9631951379222728,0.6844898843567911,-1.5158949477041868,-0.6658471108466462,-0.604544012877736,1.6325091290815754,1.107578852536071,-1.3186632210054112,1.7107123191742715,1.6215375862272619,2.1449518588500753,-1.6325091290815745,0.6045440128777353,-0.5924626171942612,-1.009968447893631,-0.5460172571522233,-0.1344157646506147,-0.71610842633123994,-0.4660546508565234,-0.30171300108041293,-0.04256332662598434,-0.6663639641110671,1.0004782029001573,-1.2416975682086098,-0.04957747333644305,0.8321925247143505,1.5145975939169787,-0.857816301083085,-2.429622084597749,-2.3800631755834565,0.7809029193074537,0
0.9044132765196139,0.026801178718756015,1.7280720791585935,-0.13478617003801185,1,0,0,1,0,0,-0.785777293743885,2.660164442138894,-0.42569225535928473,-0.08308925524894402,1.3974566944978608,2.1100656363400647,0.9043951762866217,-1.5730000322078774,1.7045403105774584,1.0856952726375058,1.3547033474706371,-1.2590575128068668,-1.5678289474735225,1.1055444793417692,-1.3054945935088742,1.7548866041435558,1.4835087915205005,1.9573120983802814,-1.2173253467419909,-0.5098758229700693,-0.15293649052111413,0.8511760845976851,-0.5666719104524635,0.004317653003063626,0.1497536045649368,0.5098758229700693,1.2173253467419902,0.8001630639334981,-1.3101654415944555,-0.5824076947417753,0.3436427536518511,0.9565830367435462,-1.3166894836296663,-2.259134035750426,-2.2572900958871576,0.20179139169817292,0.3343343898138759,1.717490052682561,2.130871248719146,1.4286410075727993,1.345366449044194,2.3462248301137336,0.9453015509175579,0.7374113588002092,2.079927340133461,0
1.495519310736081,1.109047349520155,2.452269505856255,0.3052077222492148,1,0,0,1,0,0,-0.7226826087232228,1.273353535256175,-0.24658771551598904,-0.22080787277749073,1.0906404719654235,1.1499429199544506,0.708384696548694,-2.7115135068810807,0.9819872222337491,0.8701158888031428,1.5515755893347736,0.7024162858512291,-1.456884905914599,1.3737800798758864,-0.26402756712952735,0.12802925798247425,1.656189594758969,1.9350514188958856,1.5275383624814358,-0.5569819125050662,0.38763870450861043,3.457140362826084,-1.2137523723823964,0.46677882109993385,-0.12792317269325754,0.5569819125050662,-1.5275383624814365,1.8028535543454847,0.11577027848446049,1.2462117941332536,1.1317932838261862,1.8612018892227682,1.4557499713346498,-0.13859458152457876,-0.762349526635866,1.876091006473136,0.4731143508735179,3.53852858861559,0.41570656358755365,-0.30883935553659736,-0.11002139686175369,0.9821281108913258,0.8629863402952329,0.6260729825722207,0.10046155601764112,1
-0.8432045637725518,-1.5192647795689571,0.714195681781868,0.3052077222492148,0,1,0,1,0,0,-0.11697363252486404,-0.2919692996823072,-0.3361399854376369,-0.1797237473803192,-0.22818860832777924,-0.08565049661446048,0.38340033005241336,-1.2355550116758416,-0.3471483409739525,0.7004058201374519,0.9290435582237038,-0.4497874355811782,-1.0164509627728722,0.5231965109597237,-1.149415054041951,-0.325404987692085,0.6446917959175261,1.3207988829338093,-0.21462929445480164,-0.4005896952488784,-0.010355702822224238,0.5443792602063774,0.1475627809564921,-0.3069377275274056,0.0817009100462571,0.4005896952488784,0.21462929445480092,0.32667033235006016,-1.1600669447440433,-0.4914316007678933,-0.5737127814690962,-0.3064697006802721,0.6681251261743327,-1.1988643086375024,-1.2606630497196296,-0.23228628620644656,0.16779843654230542,0.8069707847160468,0.7623887871779818,0.7284623537824456,0.549980068142106,0.728342674756924,0.7806711296729086,0.6260729825722207,0.904619530814692,0
-0.894605088487027,-0.7977673323680251,-2.327433510348309,1.0385308760612593,0,1,0,1,0,0,0.36254597363216995,-0.47106269981642773,-0.5152445252809326,0.01412388653591246,-0.8394389883787242,-0.3731953995655317,-3.5712316462403155,-1.6880861835368157,1.659690590421509,-2.0532172151381327,-1.3300673972256438,-0.7657014622298036,0.8242986512144412,-1.70598400434906,-1.0504999518976965,2.193360224701972,-1.75974135466492,-0.5237121845624565,-0.83882515761197,-0.21238889143210804,3.2612854213651885,1.2645834732589725,-0.06473713809831658,1.028834590911696,1.2178497418079348,0.21238889143210804,0.8388251576119693,-1.6230056212288029,-1.0850176963188372,-0.5460172571522233,0.5891322630504142,-0.20406001926752979,-1.2851844898232538,-0.6279498401920818,-0.319404172783631,-0.8523972546416179,3.4430055175498557,1.4898602356909325,0.6437869738444144,0.5080357405521495,0.9222885868622325,0.9821281108913258,-0.4540570296619595,-0.5986491559356475,1.0283361423219313,0
-0.09789695541265715,1.4697960731206219,-0.8790386569529866,-0.13478617003801185,1,0,0,1,0,0,-0.016022136491804253,-0.3431388425777702,-0.5408308881156891,0.10381458282551219,-0.6402913343138573,-0.34412787438385267,0.4651757115953701,-0.03627731453070486,-0.614613552911403,0.37582300151670484,0.86948327550715,-0.7304384135149714,-1.5528027588063036,0.8642473701869741,0.4069453271925259,-0.5165125855041838,0.30639692889608555,0.32881563889828114,-0.38904162214375715,-0.6103841330315712,0.21670763856896239,0.45746064803119924,0.3211519803579405,-0.20389467914916237,-0.8093463693285932,0.6103841330315712,0.3890416221437564,1.4129183636297125,1.0163612595869336,1.710189873400053,1.1188727833315248,1.2126072402754011,1.8968198846244282,-0.30171300108041293,-0.1532996650890431,1.5040244254120325,0.1400424443303771,0.35171115073279,-0.1864257194905595,0.002351157259115363,-0.07617516788719629,-1.0481553781838862,0.9453015509175579,0.6817421706862145,-0.9511296417938885,0
0.5703098658755232,0.9029052217484598,-1.168717627632051,-1.8947617391869185,1,0,0,1,0,0,-0.6848257977108253,0.6482710510218256,0.5465895323614635,-0.5153405463994666,1.4471615915291,0.8968318545262914,0.11968077732002919,-0.6744913326185036,1.0405057023514939,-0.1708000627284714,0.912289375254878,1.4622010325614598,-0.049065977625195906,-0.7793882565115808,-0.7132429025517506,-0.032342617310354635,-0.08571019809732752,0.09276861035135311,0.6912331826893887,1.3087111581427058,-0.9451745968713118,0.21124943918726657,-1.4549073635486418,0.14575110039018346,-1.0954503760205487,-1.3087111581427051,-0.6912331826893894,-0.6203151308168162,-0.4846237089171882,0.764038496071679,0.6278937645343975,0.5640125913280355,0.7311351137871589,1.0847935651441794,0.7879592118469556,0.8219023601333442,-0.9701972441467586,-0.02767187758659086,-0.6243401071837319,-1.21647835119076,-1.0915620371239039,-0.3185222492974822,-0.5363722402842841,0.06938110143228039,-0.6418381130257917,1
1.8553229837374106,-1.776942439283576,-0.4445202009343899,-0.4281154315628296,1,0,0,1,0,0,-0.4703038686405733,-0.03495864104827709,-0.3745195296897717,-0.11144308826952717,0.1666259735798757,0.059239936598832026,0.1508688280130955,-0.3996869080488291,0.8872506050647415,0.09197694805823568,0.1939406497861423,-1.1740285300095818,-1.0913901456885475,-0.1828796442869779,-0.7857338451933334,1.1473802716553456,0.018853573654216624,0.3772643283752667,-0.7532939460423284,-0.8541271252918234,-0.39251796367311564,-0.23854809269975671,-0.05989478011266454,-0.10556004206684987,0.11619284496264709,0.8541271252918234,0.7532939460423277,-0.23037994010104354,-0.7848207026180125,-0.2276009282436361,0.3824042551358344,0.3762615087380082,-0.844114576533476,-0.9541866793037505,-0.762349526635866,0.015758101167622184,-0.19302946221276363,0.04820472807728505,0.9174834661526473,0.7414286251489338,0.65151875506577694,0.9186817518577256,1.5215080252738291,1.127095675598167,0.7809029193074537,0
-1.6399126968469209,-0.23087648099586283,1.0038746524609323,0.7452016145364414,1,0,0,1,0,0,-0.6469689866984278,0.3238096312983215,0.06044863850108935,-0.3689421840687006,1.0212840512104937,0.5341585787979574,0.4412381451933149,-1.533661253163729,-0.35813676317417503,0.7447658764092099,0.937492950222336,0.6462713693169984,-0.7474703327836941,-0.11831388822381078,-0.456258037215344,-0.9453598076722166,0.46311768795739955,0.4545303246505415,0.569588792901455,0.3165258375355961,-0.7317702248818966,1.6479289150920113,-0.4604104836465976,-0.5469110789643952,-0.775026355038856,-0.3165258375355961,-0.5695887929014557,0.15955525061472892,-0.10937746679115769,1.1825285283515359,0.4340862571144791,0.615217432034406,1.9598298722372534,0.2692014673650073,0.012804842605544792,0.9459245538203791,-0.6371253376036178,1.717490052682561,0.34272083230535716,0.04124997135858002,-0.1777138548108673,0.28421816152172197,0.4514102871836102,0.6817421706862145,0.16231986177126023,1
0.6988111776617119,0.5679242641194551,0.5693561964423357,0.3052077222492148,0,1,0,1,0,0,-0.19268725454965888,-0.254755086667425,-0.4768649810287978,-0.03506133400999707,-0.36060043314118295,-0.16882833790357282,-0.09164489880257808,-0.187092567409899,0.36769326458956,-0.18018449166443906,-0.12773702464187095,-0.5821515333120543,-0.07707604728941968,-0.03779999427883524,-0.09784687999761983,-0.035908692317512,0.37051476168420194,0.23681574189844237,0.3242026962602782,-1.1155255455628834,0.08966515376951163,0.15876956388383515,-0.5387337832492212,0.6108137189564081,0.3972688675981749,1.1155255455628834,-0.3242026962602789,-0.23037994010104354,-0.3345252120667762,-0.7643598826895395,-0.6641562849317252,-0.4942207832702994,-0.5605696322757617,-0.46483142063624716,-0.6516131881728072,-0.790386157798101,0.0012624832707351544,0.04820472807728505,-0.2776578835933038,-0.5033334260339178,-0.24540631275998087,0.2207718024881207,0.12214944469431245,-0.3759724034796717,-0.3944048900113141,1
-0.09789695541265715,-1.0039094601397194,-2.327433510348309,1.7718540298733036,1,0,0,1,0,0,-0.6595879237025604,0.4098674988952366,-0.4512786181940413,-0.06572976564450536,0.5328836449143904,0.3660141254393217,-1.120850562727805,-0.5738475748428888,0.6177989313898887,-1.3948752243285492,-1.000441933482235,-1.2032370537890622,0.8334792526102494,-1.3450239344921915,0.9879917566128592,0.05723715843748879,-0.8800391726700242,-0.830740057119687,-0.4215365193479638,-1.2229970446133172,0.21463792458995792,1.7773722584793217,-0.787034011297532,1.0117546590245432,0.4895675357907201,1.2229970446133172,0.42153651934796316,-1.2330704305130304,1.0914105080121401,0.4001341201761507,0.369483754641173,-0.01630893667750248,0.06953024385249205,0.6769975162545934,1.009431888773073,0.2638024885416898,-0.08200549336504998,1.1104772073715516,-0.989268763594709,-1.1905458084577836,-0.7869459763528921,-0.28679906978068154,-0.12479618717266176,-0.6543183440496418,-0.8892713360402683,0
-1.8198145333475857,-1.0812127580541053,-0.15484123025532542,0.3052077222492148,0,1,0,1,0,0,-0.44506599463230834,-0.0640322449661538,-0.5664172509504457,0.13274706549957663,-0.20779109239419508,-0.15183501548966816,0.6464493502498982,1.1654820604745626,-0.44846131623334173,1.077326483369496,0.9055615499484663,1.6212847438188431,0.19200682791352033,-0.3389801535253957,1.4046172411081548,-0.5075109604947775,0.44547514494307267,0.13825399841259284,0.7325686549474255,1.484686348387369,-1.2376085331657334,-0.1925459868873565,0.10306207170720012,-1.0136730475962177,-1.0422962451911102,-1.4846863483873682,-0.7325686549474262,0.24311279148239442,2.667444724941468,2.73821973530492,1.9587053154845036,2.100157812519166,2.3063848041077932,2.145063292257104,1.839954427246013,2.806257459125893,-1.1367331974183288,-0.1035484832504671,0.2606118846128881,0.2746428559553643,-0.1607907403235886,-0.1916295312302808,-0.5363722402842841,0.18071947766026855,0.16231986177126023,1
1.3156174742354179,-0.05050211919562982,0.27967722576327125,-2.041426369949327,1,0,0,1,0,0,-0.3062576875868511,-0.19195610220481132,-0.34893316685501513,-0.14789801643884834,-0.04341742694921697,-0.03332895128743818,1.6441815091234928,2.4767673313639986,-0.6942403231158295,2.0050673084016304,1.473131554766489,-0.6838267743165681,-1.9162159369250829,1.0565922742684883,3.2025287645722336,0.17843700009752955,1.5957621792600334,1.244315356875965,-0.22109974072011698,-0.7133741297612541,-1.2305398612498364,-0.19121787750231264,1.1283617555871652,-1.1263861166361588,-0.7003114095790167,0.7133741297612541,0.22109974072011698,0.4659329004628361,1.9920014891146134,-1.3466068841223853,-1.0646918002662225,-0.47715250303484213,-1.0961545269847772,-1.4435419379712537,-1.5375038958772762,-0.728375060954584,-1.2477571662660425,-0.482931511569848,-0.989268763594709,-0.3347718982695729,-0.7361766328910565,-1.397110352868688,0.6160407084282594,0.29205785388825667,-1.4459960878228426,1
0.4932090788038099,0.9029052217484598,1.0038746524609323,1.7718540298733036,1,0,0,1,0,0,-0.1295925695289965,-0.28789899513380446,-0.7839013350458762,1.9178812464893518,-1.4816227148492067,-1.7035936674962266,-0.42673247094066946,0.9235860554142388,-1.2550951331636644,-0.08314176421659925,-0.6148711113027348,0.2290611292674896,0.577507317655127,0.18249631364890997,1.8721935612773073,-1.6805471201579205,0.9537751451374036,-0.07623554234308398,-0.5532824974487066,0.8611509049874916,0.7757300549726385,0.6078715645874837,0.02696930855829646,1.0580662668889689,0.7249333895458068,-0.8611509049874916,0.553282497448706,0.32667033235006016,2.067050737539819,0.6002815269186915,-0.43158727602782254,-0.05044549714841698,1.3297299961089997,-0.46483142063624716,-0.26403600355210183,0.44983577907224165,1.1115021717478706,1.0346006017076752,1.1638103092300558,1.0007540524786946,1.4299820214805863,0.6966194952401235,-0.8656330827735822,-0.5986491559356475,1.8324941171189824,1
-1.6399126968469209,-1.776942439283576,1.0038746524609323,-0.4281154315628296,1,0,0,1,0,0,-0.6469689866984278,0.3238096312983215,-0.3745195296897717,-0.11144308826952717,0.6005923122246085,0.33515782947723166,0.17882926323232592,-0.1306839334253662,-0.5662420352333668,0.29157692352375997,0.10454044298506987,-0.3991043259911151,-0.9088104671057052,-0.24122102501187598,-0.2745714071332518,-1.0035559240956833,0.3773312754689854,0.22428427841221318,0.569588792901455,-1.109241929690983,-0.4896916496827134,-0.09569180828423629,-0.23440508976731161,-0.0197463790697114,0.08306224862721089,1.109241929690983,-0.5695887929014557,-0.007559831120602114,0.04072103005925432,1.0278691685959374,0.279040251178545,0.4274663494443799,1.7077899217859516,0.2692014673650073,0.012804842605544792,0.7598912632898273,-0.24854144663662048,0.27583454506891375,1.1638103092300558,0.8451587960808378,0.7869036709640054,1.1724671879921262,2.0153992890077768,1.461110804282131,0.9664778365683122,1
0.31330724230314594,-1.5708003115118816,1.4383931084795292,-0.8681093238500562,1,0,0,1,0,0,-0.5838743016777656,0.20344491107831195,2.6318781033941208,-0.7016657348204416,1.7092650462516172,0.698725490595771,2.1456609949752394,0.9796786515030615,0.6330524553533565,2.022564316855626,1.5687698757298079,1.5276097175316172,-1.1618404803818716,3.0104140699488786,2.2357553800028658,-0.020542693521838386,2.1836172288211606,2.0146513217939765,0.6912331826893887,1.3979208031972914,0.02437642337295407,0.895090965042174,-0.8860473397104665,-0.5671164419431778,-0.07256277479755667,-1.3979208031972914,-0.6912331826893894,3.1954792354732438,2.4422969796658496,0.6184767457134681,0.5116092600824467,1.434494883336343,0.7941451013999841,-0.5463906304141645,-0.8730858650989243,1.5660355222555504,0.08453045990652028,0.9587239960437993,0.2879815338437111,-0.23104172733766892,-0.4315605721200442,1.3628062650929278,-0.20711139779498602,0.5704037944582268,0.7809029193074537,1
-0.9974061379159777,0.6967630939767645,1.7280720791585935,0.5985369837740325,1,0,0,0,1,0,-0.43244705762817587,-0.06868402159301407,-0.20820817126385424,-0.2508976547585177,0.2955162461643006,0.14107619980263614,0.04917367491258741,1.2404302271825562,-0.5274069243154162,0.4732287640948202,0.1229375206108774,0.7394770773333897,0.36078610582188925,0.09164522819405686,1.5363553469758087,-0.7299035867303406,1.0307823558021096,0.6145803260776039,0.9848575718326791,0.031788787753525546,0.02319364020279323,-0.16344235530151371,-0.012499779254706203,0.38280460906705416,0.4401932722825752,-0.031788787753525546,-0.9848575718326797,-0.20252742647848845,0.8662627627365218,-1.073678602200739,-1.232658306696819,-0.8355863879794388,-0.30852968182446,-0.22015379130249568,-0.6516131881728072,-0.8523972546416179,-0.19302946221276363,-0.4070549059059717,-0.8159276517994943,-0.6978274965312384,-0.5161761445564365,-0.44541496736468245,-0.9479482933959068,-1.0440026608476,-0.76555472453303,1
1.8039224590229344,-1.8284779712265005,-0.4445202009343899,-0.13478617003801185,1,0,0,0,1,0,0.097548296545388,-0.3867492484545853,-0.46407179961141953,-0.06110056841665506,-0.584052375716122,-0.2502174084122742,0.01692387505884743,-1.5910041778603776,0.09178831040812224,-0.03981232150776159,0.6929228541798124,-0.17043328720904358,-1.0040317306688236,-0.09638203815064726,-0.7169267200059347,-0.36491411429725845,0.46022796996739945,1.1033251660472785,0.5274811195133241,-0.7556000284204261,-0.11983685712733684,1.4655017147172291,-0.49218118794022386,0.5101380547639697,0.1763486328273439,0.7556000284204261,-0.5274811195133248,-0.06326485836571254,-0.6347222057676005,0.14540105704928116,-0.06981326217730856,0.12023730520615308,1.1722050270769362,-0.709509049969999,-0.983822203561983,0.5118468759157585,0.5563823275093027,2.8556391376407038,2.915467860002747,2.115853389996665,2.2592146313572306,2.409671189147334,2.0153992890077768,1.6837875567381073,2.945943620684131,0
-1.8198145333475857,0.49062096620506923,-0.15484123025532542,1.0385308760612593,0,1,0,1,0,0,-0.44506599463230834,-0.0640322449661538,-0.1442422641769629,-0.2838806850069512,0.3779817566587068,0.17014372498431518,-0.21841622406714467,-0.0021117028697261284,0.6198361546931775,-0.314466314179389,0.07147421271936333,0.6506534666015803,0.3264150096686347,-0.02369828886911413,1.3375659939156,-0.4330178018231726,0.6010916532761743,0.3011935839334896,0.6464168285569918,0.24630538521990228,0.2800340253961782,1.3428426283586712,-1.2824779188543496,1.0208558967439896,0.20113693508300073,-0.24630538521990228,-0.6464168285569925,0.6887530094432773,2.667444724941468,2.9110743138552952,2.152512822904422,2.373250296286478,2.4008997855270304,1.6557080335896,1.397009073393778,3.1163129433434786,0.4731143508735179,1.6416134470186852,0.7897584364088047,-0.06248019957332482,0.34690269429476517,1.2993599060593275,-0.28942660841731066,-0.2089648391376897,0.7190446135538346,1
-0.9974061379159777,-1.8284779712265005,1.7280720791585935,-0.13478617003801185,1,0,0,0,1,0,-0.43244705762817587,-0.06868402159301407,-0.46407179961141953,-0.06110056841665506,-0.032199419247466034,-0.005603004191067395,-0.04735066680384572,0.3069482089280103,-0.24945371455256438,0.1524097836314868,-0.03125120597311844,-0.05681948662784823,0.1361664359086898,0.17354456059397472,1.46510270658443,-0.7521440208308461,0.9937463506668224,0.6386831031393222,0.6912331826893887,-0.7630516575955741,0.23924593496609575,1.04641167921182,-0.4148206198998915,0.7794860854447728,0.6641778389592962,0.7630516575955741,-0.6912331826893894,-0.14682239923337803,0.7912135143113154,-1.110069039790291,-1.2714198081808024,-0.8867912286858101,-0.2770246880180474,-0.38327221085833024,-0.7069813574043363,-0.790386157798101,1.0282341951120857,2.3245028979935705,2.94283750923357,2.1936510181955944,2.479215119691851,2.726902984315336,1.1922471827845313,0.848749735028197,3.255235149452228,1
-0.9974061379159777,0.5679242641194551,1.7280720791585935,-1.161438585374874,1,0,0,1,0,0,-0.43244705762817587,-0.06868402159301407,-0.7071422465416066,0.6477452570979235,-0.6569574689866768,-0.5534140556919419,0.6429224547799217,1.7761959939195753,-0.6081794005574058,0.621242163505683,0.3409909241903187,0.3378568849172937,-0.20491296078814752,0.3454510566111186,1.389791748307847,-0.7162865466916224,0.9757889817707911,0.7236316917201445,0.8432886699243073,-0.3755669404878874,-0.5488286983991282,-1.0456218797878207,0.11160271367864194,0.12831756717279527,0.2631806016773395,0.3755669404878874,-0.843288669924308,-0.06326485836571254,0.641115017460903,-1.2920212277380552,-1.4006248131274146,-1.0233374705694662,-0.37153966943728567,-0.38327221085833024,-0.762349526635866,-0.9144083514851348,-0.4150773999081907,-0.8623145398892288,0.589047675382767,0.5599008260181015,0.5838262971166633,0.47455723862252236,0.4514102871836102,0.29205785388825667,0.7809029193074537,1
1.3156174742354179,-0.8235350983394863,0.27967722576327125,0.7452016145364414,1,0,0,0,1,0,-0.3188766245909836,-0.17741930024587296,-0.041896812837936774,-0.34232430000856134,0.2818380938579139,0.12810761164465626,0.43608309183065663,2.9200537601695435,0.2416978058089429,1.0047497804784693,0.0589639434608551,0.40025785375248785,-0.026737776119955058,0.9674871092096713,2.930015912029138,0.17232657344774147,1.5238249165611832,1.0350209763869531,-0.32687747097049374,0.8700970699576539,0.3603175653394242,-1.0726398060432543,-0.1572374102616569,0.15364657020522188,0.9338405186398091,-0.8700970699576539,0.326877470970493,0.5494904413305014,2.067050737539819,-0.9372144612399159,-0.7158382869103699,-0.135786898325702,-0.9386295579527137,-1.2804235184154193,-1.3160312189511594,-0.4183195767369984,0.19555442875423396,-1.0899443568808573,-0.44187577897824326,-0.4514683405679659,-0.36386811417093057,0.5697267771729232,-1.3595243465075295,-1.211010225189582,-0.20882997275045564,1
-1.2544087614883548,-1.0812127580541053,1.4383931084795292,0.3052077222492148,1,0,0,1,0,0,0.33730809962390496,-0.4698997556597127,-0.5280377066983108,0.13274706549957663,-0.8502761588367287,-0.4639755166713909,0.7751734995606451,1.6499776778087831,-0.5692103583718046,0.6192648199059994,0.05494228256831161,1.5297735497154217,0.7333115356390927,-0.035000386488589275,1.933427556137852,-0.2607994211273172,-0.3024218333477209,-1.0301803079675025,0.2567889334467663,1.8317485291476778,-1.1128695947367195,-0.3277808616562411,0.5160513617214788,-1.1364631331795403,-1.0771982205931185,-1.8317485291476778,-0.25678893344676695,0.24311279148239442,2.4422969796658496,1.1552357001593716,0.821701271954316,0.6493539925053206,0.19555021907814235,1.5741488238116832,1.5631135810883663,0.6978801664463103,-1.053465220782544,-0.3311783002420958,-0.07694712256726609,0.19684522775643593,-0.2792525417345383,-0.6992004034990842,-0.7010026615289333,0.18071947766026855,0.038603250264021984,0
-0.12359721776989524,1.8563125626925503,-0.15484123025532542,-0.4281154315628296,1,0,0,1,0,0,-0.571255364673633,0.21100404809695988,-0.46407179961141953,-0.03216808574259063,0.24507578322356172,0.18713704739821985,0.26226310023655625,1.0527982160134128,-0.09568100829896868,0.3470800979778658,-0.18910021277506064,-0.829271251280429,-0.3724911099500184,0.16557263060674723,0.6227069596638523,0.8438987774563802,0.28971170776823635,-0.17006891884549705,-1.6656268694518341,0.5209213695068188,-0.199245003451191,-0.8211844291415695,0.9788360297332626,-0.18160965046014285,0.07980033994947454,-0.5209213695068188,1.6656268694518332,0.24311279148239442,0.7161642658861095,0.35464607318920965,0.7570987694810098,0.8541733553308051,-0.9701345517591269,-1.2804235184154193,-0.762349526635866,0.3258135853852078,-0.1375174777889068,-0.7105613285614767,0.2606118846128881,0.7414286251489338,0.6176725260912207,-0.5088613263982832,-0.4540570296619595,-0.26463402725168356,0.2860364732784985,1
1.4441187860216065,-1.6481036094262664,1.0038746524609323,1.0385308760612593,1,0,0,1,0,0,-0.36935237260751347,-0.12217945280190722,-0.6687627022894718,0.33932499179239667,-0.6056371670774016,-0.35620207715162705,0.183829218986855,2.090322070106516,1.1659567628558776,-0.7633841608679129,-0.30326627446867604,-0.8651022726624346,-0.052225056645271266,-0.06562196229752106,2.6211353637589574,0.6026102470084275,-0.6757238258366887,-0.49194527965972146,-0.8901438845537553,-0.2970624528398517,-0.3211876954282646,-0.24323677457201703,-0.9883367718739603,0.36124657316583536,-0.08602780664066575,0.2970624528398517,0.8901438845537545,-0.007559831120602114,2.5923954765162622,0.2545723698179399,0.5374502610717695,0.22264698661889537,-0.34003467563087314,-0.38327221085833024,0.012804842605544792,0.2638024885416898,-0.22078545442469194,-0.1035484832504671,0.42482977999782756,-0.17917664187171697,-0.025405824425361403,0.886958572340925,0.2044646553166367,0.06938110143228039,0.22417816752487937,0
0.44180855408933456,-1.776942439283576,1.0038746524609323,-0.4281154315628296,1,0,0,1,0,0,0.19849979257844777,-0.41524138029410446,-0.438485436776663,-0.0940835986650885,-0.6104715375748849,-0.24663986685145214,0.7904929726075787,0.471976335877455,0.07349422063048577,0.5746563321085604,0.12741026655467647,-0.13763765946502465,-0.8626379089393199,0.3881913129052421,0.5018637415529261,-0.20593271962680842,0.25463402734289176,-0.031170655320217577,0.9676977049346941,-1.147472153360209,-0.711323535207181,-0.1450462538438941,-0.3074115848220104,-0.5238328882299751,-0.19607166460623415,1.147472153360209,-0.9676977049346949,0.49378541408539117,0.641115017460903,0.46381738595786837,0.279040251178545,0.3762615087380082,0.29006520049738066,0.8401159358104279,0.40038202722625016,0.015758101167622184,-0.49834537654397587,0.19995793940503753,1.0908245779478607,0.7414286251489338,0.46536449570571364,1.2993599060593275,2.673920973986373,2.073471873536065,0.7809029193074537,0
0.7502117023761872,0.18140777454752677,1.4383931084795292,0.3052077222492148,1,0,0,1,0,0,-0.05387894750420167,-0.32278731983525655,-0.5536240695330674,0.20218502391733126,-0.6360580261073471,-0.4044988882227245,1.392821926515589,2.6129677377968887,-2.430681678922266,1.4591925148592666,-0.6033595061445811,-0.3302239159059454,0.8425830431907586,0.9744059878000532,2.053627168381724,-1.3527419769832667,0.4875048216093321,-1.0958415629226101,-0.4215365193479638,-0.032311248161722386,-0.9631378119306562,-1.5291016076012842,1.963448054475748,-1.4878735122743925,-0.28547908983845466,0.032311248161722386,0.42153651934796316,1.106540713781605,2.2171492343902317,0.5456958705343614,-0.28946177058654887,-0.08458205761933026,0.2270552128845555,0.6769975162545934,1.009431888773073,0.20179139169817292,-0.9424412519348303,-1.4693273852002382,-0.2867811000035777,0.7284623537824456,0.025363519036474696,-0.9529858396334858,-0.37174181903963527,-0.4316415915936655,-0.45626319576493324,1
-0.7147032519863632,0.026801178718756015,0.27967722576327125,-0.13478617003801185,1,0,0,1,0,0,-0.6595879237025604,0.3400908494923325,-0.4128990739419065,-0.09755549658597625,0.5918732820097946,0.33694660025764267,0.34231005799709235,0.29176029180522195,-0.8651061978376654,0.9676120792573645,0.48964720075372004,1.011607869433708,-0.319731372023012,-0.017149269355029955,-0.45712150275462043,-0.47198778420633,-0.12516608188924702,-0.22482958395476232,0.513835114248652,0.8700970699576553,-0.4931258162715525,-0.8583844433441121,0.7083269488742956,-1.4312940381719093,-0.8560676711279958,-0.8700970699576553,-0.5138351142486527,0.1317027369921738,-0.25947596364157,0.6275743551108558,0.26611975068388355,0.20557870638343811,0.7626401075935709,0.35076067714292497,0.12354118106860354,0.139780294854656,-0.5816133531797613,-0.9381911455531051,-0.6060936743631827,-0.17917664187171697,-0.7192535184037778,-0.7626467625326843,-0.28942660841731066,0.1250502895462747,-0.6418381130257917,1
2.08662534495255,0.9544407536913834,0.5693561964423357,-0.4281154315628296,1,0,0,0,1,0,-0.24316300256618875,-0.2233555944361182,-0.2721740783507456,-0.21444272658919655,-0.025457020008575935,-0.00605019688617015,0.318451706458862,-0.09177100880459249,-0.7632578770454462,1.117932963291717,0.43492700846528165,0.4034628341754569,-0.18181557814854296,-0.20039451354746715,-0.4309144050572166,-0.37713684047916174,0.7003059838573727,-0.14531574517291387,0.3871222082195544,0.16633209230480636,-0.6430466865652029,-0.3057220017428548,0.6644129334680507,-0.8158438845606388,-0.7072989537212881,-0.16633209230480636,-0.3871222082195551,0.04814519612450831,-0.10937746679115769,1.0824548249802661,0.6924962670077037,0.9736513169790033,0.41608517572303205,0.9216751455883455,0.7879592118469556,0.8219023601333442,-0.7203933142394032,-0.482931511569848,-0.669956189235104,-0.2569742700706454,-0.5500223735309933,-1.0798785577006862,0.03983423407198747,0.1250502895462747,-0.8274130302866491,1
1.1871161624492292,-0.9266061622253344,0.5693561964423357,1.7718540298733036,0,1,0,1,0,0,0.059691485532990585,-0.37221244649564694,-0.24658771551598904,-0.22022922312400942,-0.26900157156906357,-0.11605959988144779,-0.4331859061146407,1.0549040057566206,-1.0168449480656108,-0.3238211027381747,-1.2253301330585589,-1.2870402023746887,0.17849339492818345,0.28775840218144155,1.1539761357632023,-1.040006282220785,0.41254711095265467,-0.6883502047238472,-0.9306920144830665,-0.8323203231673697,0.8898803522724246,-0.29186089367610246,0.3449550927047123,0.8465360718847004,0.920949186285043,0.8323203231673697,0.9306920144830657,0.04814519612450831,0.7161642658861095,-0.7461646638947628,-1.1163738022448682,-0.9209277891567239,-0.5290646384693491,-0.709509049969999,-0.3747723420151606,-0.6663639641110671,1.0282341951120857,-0.1035484832504671,0.589047675382767,0.6895635396829819,1.0238272737859035,0.3476645205553221,0.4514102871836102,0.06938110143228039,0.7809029193074537,0
-1.485711122703495,1.109047349520155,0.27967722576327125,0.3052077222492148,1,0,0,1,0,0,-0.33149556159511606,-0.16869721907050997,-0.20820817126385424,-0.2468471071841487,0.14862594350138947,0.06102870737924305,-0.13666989274741184,-2.026605597270405,0.9960326923865167,-0.6284507910347304,-0.08726330643854804,0.018304311845230535,0.025545092457692296,0.12152270213013024,0.47505719708018324,0.3176193172219679,-0.32478201553205094,-0.010898520169209927,0.6912331826893887,-0.6605917564372907,0.3114668648894495,3.2574816545315954,-1.0424332750671852,0.5269481874079469,0.10280628845433892,0.6605917564372907,-0.6912331826893894,0.29881781872750485,0.7161642658861095,0.7276480584821255,0.795860270964994,0.615217432034406,0.4475901695294441,1.0847935651441794,0.7879592118469556,0.6978801664463103,0.44535835866158957,3.4626519829517126,0.5799244589724931,-0.08841274230630035,0.12690220596014448,1.1407440084753266,0.8629863402952329,0.5704037944582268,0.34789477903211874,0
0.030604356373531493,-0.05050211919562982,0.27967722576327125,-2.041426369949327,1,0,0,1,0,0,-0.3062576875868511,-0.18207107687273325,-0.3617263482723934,-0.14789801643884834,-0.060083561622036374,-0.025726675470691355,0.15983903656793305,0.36467712447411227,-1.6488164184577208,0.3153350002509735,-0.09856501198432524,-0.7400826148986712,-0.6151775743450758,-0.9282264503977592,0.5187643953041904,-1.186607316264761,-0.7791731916654675,-1.0899260454509145,-1.0827475017179835,0.06447137185505257,-1.149733003540067,0.019155985092628496,1.0615613628359384,-1.1986120406687906,-0.935961303595143,-0.06447137185505188,1.0827475017179828,-0.8709877534198129,0.491016520610491,0.03622974428062242,-0.5866332819637576,-0.8355863879794388,0.5736101447550955,-0.38327221085833024,0.12354118106860354,-0.23228628620644656,-1.1644891896302574,-0.2553016945782196,-0.8159276517994943,-0.2051091846046925,-0.6515610604546642,-1.397110352868688,0.28677986593896093,0.3477270420022505,-1.136704559054746,1
0.6988111776617119,-0.12780541711001567,-0.15484123025532542,-0.13478617003801185,1,0,0,1,0,0,0.021834674520593164,-0.3600015328501387,-0.6431763394547153,0.26004998926546014,-0.923865887798175,-0.4778384902195763,0.7414740580136643,0.962120021618469,-1.546621869975007,1.2506402146425406,-0.17569875213731717,-1.4055846774442813,-0.8254758678982627,1.1124380003538403,1.9188058615470158,-1.5023770507657956,1.5437055745514277,0.09889503300072852,-1.321428539256431,-0.6064731204975302,0.0804972153485667,0.6016776658195389,0.6045398610659928,-0.1588222226744281,0.32496873416331645,0.6064731204975302,1.3214285392564302,1.07868820015905,1.841902992264201,0.11810822885711679,-0.6899972859210471,-0.10165033785478751,0.5421051509486824,-1.1988643086375024,-0.8177176958673952,0.2638024885416898,0.22331042096616224,0.8069707847160468,0.6164173246135901,0.858125067447326,0.7361343275021692,0.31594134103852145,0.7806711296729086,0.514734606344233,0.6571863078002155,1
1.8039224590229344,-1.2100515879114147,-0.4445202009343899,0.3052077222492148,1,0,0,1,0,0,0.03445361152472564,-0.36058300492849626,-0.6175899766199587,0.23979725139361502,-0.8602586490671718,-0.46263393858608265,-0.032487984953133195,-0.10081105614728891,-0.5236950777687559,0.07647697647597847,0.22951994821049035,0.05892743870635569,-0.522589799004572,-0.04958079040948877,-0.8860516918442265,-0.5327312304644249,0.3281671697962371,0.9630073279273155,0.6152054390719316,-0.529783266025729,-0.004365207661954966,-0.749260795601308,0.18056520498611003,0.22208948670154186,0.6418020479189068,0.529783266025729,-0.6152054390719323,-0.007559831120602114,-0.7848207026180125,0.1908891040362222,-0.12149526415595328,0.017827623793410803,1.3297299961089997,-0.46483142063624716,-0.762349526635866,0.5118468759157585,0.05677446769459199,-0.6346847228976005,0.2879815338437111,0.3394742127878045,0.4145951522438788,0.506280418139323,0.2044646553166367,-0.04195727479570725,0.47161139053935697,0
-0.7918040390580765,0.4133176682906843,1.0038746524609323,0.5985369837740325,1,0,0,0,1,0,-0.356733435603381,-0.13671625476084556,0.46983044385719386,-0.4864080637254022,0.6514565856033839,0.27076208138243496,2.229399804751145,-0.045217442141742135,0.5840103827597013,1.12251393741287,1.4109151032583631,0.7574197669224209,-1.06070920073749,3.450340779465625,1.5212004259173424,0.03984147395438507,1.4210575872752969,1.551885093642071,0.5444209881177442,0.4930801176436278,0.3475051546017404,1.5859675510552658,-0.7583249186690894,-0.10734753286241806,-0.3191449911474035,-0.4930801176436278,-0.544420988117745,3.696824480679237,1.7668537438389946,0.7003552302899613,0.6149732640397371,1.2126072402754011,0.9201650766256344,-0.38327221085833024,-0.6516131881728072,1.13195784435093,0.3620903820258042,1.5657368413548085,0.16937972051014377,-0.2569742700706454,-0.2792525417345383,0.5697267771729232,0.12214944469431245,0.4033962301162448,0.10046155601764112,0
1.495519310736081,1.2636539453489257,-0.15484123025532542,0.3052077222492148,1,0,0,1,0,0,-0.5207796166571032,0.15401978441792155,-0.1826218084290977,-0.26883579401643765,0.4833400705545787,0.32621397557517656,-0.2506215342073015,-0.24280008836878117,0.021993187182551773,-0.27802592091236655,-0.32121701545596437,0.6071739884921021,0.5302839533796165,0.1835880003738022,0.584844552456309,0.21290120964936565,-0.028153915957243095,-0.3511009266214242,0.8063022000563537,0.02843219803499119,0.5319343109419163,0.9191351749726782,0.18387975992854658,0.3476781412885917,0.07481613341060962,-0.02843219803499119,-0.8063022000563543,0.1317027369921738,0.491016520610491,-0.11842961547497735,0.007709740790658993,7.593435579547688e-4,-0.5920746260821743,0.5954383064766764,0.2342775195316623,-0.8523972546416179,0.6118943119331598,1.0346006017076752,0.40658334717727845,0.4432043837197094,0.5669031826293847,-0.09645999267988113,0.2044646553166367,0.23638866577426285,0.40975308478573785,1
1.4184185236643685,-1.95731680108381,-0.15484123025532542,-0.4281154315628296,1,0,0,1,0,0,2.368956957289233,-0.6926035616706483,4.448509864661834,-0.7577947512081266,0.3118774111038669,0.05297923886739346,0.039245564425880106,-0.09110353770257827,1.5761504413760254,-0.7136728178925834,-1.0755290217124842,-1.7674306553221788,0.04606479792109996,-0.5382665137784313,-0.5565266002854551,1.2177180731936161,-1.7419848285271586,-1.986118556939774,-1.8632990028572278,-0.5625673488356429,-0.592401471043686,-0.4324736664659785,-0.9309612274370781,-0.7631964022051855,-0.5408178009436374,0.5625673488356429,1.863299002857227,-0.5924626171942612,-0.6347222057676005,-0.44594355378095224,0.21443774870523882,-0.5112890635057554,-1.8207693845322692,-0.05703537174666111,1.1201682272361313,-0.4803306735805153,-0.47058938433204756,-0.2637324285408725,0.5211303976618356,-0.07256507730281525,-0.3657484602250729,1.2570623333702609,1.5306541597874206,1.3126596359781475,-0.11260594157815922,0
1.1614159000919912,-0.10203765113855341,1.7280720791585935,-2.334755631474145,1,0,0,1,0,0,-0.11697363252486404,-0.28208427435022915,-0.6559695208720935,0.3323811959506212,-0.8476164495317695,-0.47381375596365155,3.102496891892227,0.22458257527987557,-0.7986679787008939,2.2631784427032478,1.5430869042471698,-1.3264054671091792,-2.345270633046156,2.815734761641956,1.2667198491710503,-0.7821355761072609,1.9391649964073712,1.0329573163170798,-1.9287998281276528,0.10390132815818369,-1.5006484542823617,0.9607255046982947,0.3058350572994038,-1.1345652519872624,-0.9976067791357859,-0.10390132815818369,1.9287998281276528,2.52701890853192,1.0914105080121401,-0.16391766246191838,-0.5349512799851129,0.20557870638343811,0.2270552128845555,-2.0144564064166746,-1.7036084035718644,0.3258135853852078,-1.3865371273256843,1.0346006017076752,0.31535118307453414,0.4302381123532211,-0.07617516788719629,-0.1916295312302808,1.1099319721622063,1.2941032399401495,-0.023255055489598248,1
0.31330724230314594,-0.7977673323680251,1.4383931084795292,-1.161438585374874,1,0,0,1,0,0,-0.5838743016777656,0.22961115460440099,0.13720772700535894,-0.4048184625845405,0.8845998003890834,0.4894393092876819,2.9172165275886255,1.098211269910565,-0.47544727106338763,2.0756493889873715,2.0834639700567,0.8839891066129979,-1.0018188513793724,3.215082794616689,2.2027476460127007,-0.23638933760260036,2.4951707415965494,2.4224994853526205,1.0187373090415193,0.1952844489803987,-0.8439877483200432,0.6993348030608079,0.41240386013171393,-0.32989981950337327,-0.3435059545512546,-0.1952844489803987,-1.01873730904152,3.111921694605578,2.142099985965025,0.17269388524144552,0.020630241285320403,1.0248561576853752,0.8571550890128092,-0.5463906304141645,-0.983822203561983,1.13195784435093,-0.6371253376036178,1.1104772073715516,1.1090710107684099,1.1822818516095268,0.9561348158367899,0.2524949820049213,0.36909507656128593,0.514734606344233,1.0901944480755505,0
-1.4343105979890196,1.0059762856343069,0.27967722576327125,-0.4281154315628296,1,0,0,1,0,0,0.08492935954125552,-0.38093452767100994,-0.5024513438635544,0.09802808629069931,-0.6420973084437365,-0.36872347261450417,0.8902871951654749,1.4185057344597933,-0.9266448709708505,1.0765738147300026,-0.19816832454872196,-0.32645117246937155,-0.2793822250533323,0.1520419651407691,0.9540482556683323,-0.8949083897438989,0.7669212556300391,-0.49492281564087354,-0.3224700655433951,-0.12541857881077315,-1.0860474767580348,-0.9911990386011569,0.3674579543475696,-0.6939157799472405,-0.22556727316535036,0.12541857881077315,0.32247006554339436,-0.14682239923337803,0.41596727218528484,-1.0463857740085747,-1.2843403086754637,-0.972132629863095,-0.9071245641463012,-0.46483142063624716,-0.3747723420151606,-1.1624527388592034,-1.0257092285706153,-0.9381911455531051,-0.04957747333644305,0.14498014229048395,-0.14386762583630988,-0.0647368131630805,0.5337254978059351,0.514734606344233,-0.1469716669968365,0
0.44180855408933456,-1.0039094601397194,0.27967722576327125,1.7718540298733036,1,0,0,1,0,0,1.8894373511321991,-0.6676002623012743,-0.579210432367824,0.20912881975910672,-1.5149603273319097,-0.6750504687598912,-0.8573619106932405,0.21474119526240418,1.1930666601831972,-2.0230398296345733,-2.048038459812312,-1.1296809057375743,1.6625717141160556,-0.7480197178528217,1.6586445977450452,0.9616706678756167,-1.6031577087235784,-1.7280910515429875,-0.682171218142126,-0.8641809106868654,0.4447701188908775,1.3668547170499779,-0.6645758143907992,1.1433325529113576,0.9754057362152961,0.8641809106868654,0.6821712181421253,-0.8152827261747027,1.1664597564373458,-0.6915790075104341,-0.1344157646506147,-0.7502449868021539,-1.6317394216937933,0.758556726032511,1.2862727349307197,-0.6663639641110671,0.029018475482663446,0.6552175733882943,-1.235595606672119,-1.333174793489152,-0.8884846632765624,-0.2550758902638815,-0.37174181903963527,-0.7656567202776299,-0.76555472453303,0
0.9044132765196139,-0.9266061622253344,1.7280720791585935,1.7718540298733036,1,0,0,1,0,0,-0.7605394197356201,1.8199372889122571,-0.24658771551598904,-0.22022922312400942,1.357548890776926,1.5698568606559373,-0.1933452070588287,0.8371426533587938,-0.44483836709478775,0.1850568618276071,-0.2715187056188671,-0.8286999846780582,-0.4010924527894378,0.9065848542669327,0.8062364840213226,-0.11796642465142029,1.1444750838284505,0.602512752496339,-0.35678002163742906,-0.7763978591033001,1.1747001213795099,-0.34133455290199144,0.48956406985603346,0.8848420206595122,0.9412240484160319,0.7763978591033001,0.3567800216374284,1.3293608227620468,1.3165582532877582,1.3462854975045246,1.06719078135288,1.5539728449845414,0.7626401075935709,-0.38327221085833024,-0.26403600355210183,1.938102103316653,1.2780381250194413,-0.17942508891434333,0.4978155112800227,0.6895635396829819,1.0407503882731821,0.12560226393772106,0.2044646553166367,-0.15329565102369538,0.6571863078002155,0
-0.38059984134227254,1.109047349520155,-0.15484123025532542,0.3052077222492148,1,0,0,1,0,0,-0.7479204827314877,1.4070921132784078,-0.20820817126385424,-0.2468471071841487,1.2959828231618453,1.2729209111077082,0.7544900913671936,-2.3517746414942198,0.1407771708298722,0.5931764942443631,1.2305789379748742,0.2684770027285965,-1.3618104792277828,1.165823782396892,-0.2727635869586186,-0.7120488104847918,1.250059733268752,1.6166356335600618,0.773109214277421,-0.4005896952488784,0.11574054851703615,2.954635927521633,-0.9079874933992881,0.43819465794521156,-0.02148284458124025,0.4005896952488784,-0.7731092142774217,1.3850658500071569,-0.03432821836595151,0.764038496071679,0.24027874969456073,0.7517636739180628,1.9913348660436665,-0.6279498401920818,-0.983822203561983,1.6900577159425842,0.3065783976019474,3.3108987716239606,0.7988816528190786,0.15794641365697218,0.3299795798074865,1.109020828958526,0.7806711296729086,0.6260729825722207,0.5953280020465953,0
0.6988111776617119,0.026801178718756015,-0.15484123025532542,0.3052077222492148,1,0,0,1,0,0,0.021834674520593164,-0.3600015328501387,-0.3233468040202586,-0.17856644807335664,-0.3284829825601029,-0.13886642733168827,1.5561385723356111,0.7935786823356112,-0.08873492611819095,1.6322905813967337,0.8382909783559479,0.08583984784627922,-0.8562957103218957,1.2168895759815503,1.2906137347501863,-1.3309175788190406,1.6690097681794926,0.3684540996165873,-0.7279513648365102,0.8390486150612049,-0.947946839297374,0.20369686102287862,-1.2161401968699501,-0.550157752673807,-0.7300956134681215,-0.8390486150612049,0.7279513648365102,1.357213336384602,1.4666567501381707,0.5638910893291381,-0.26362076959722697,0.39332978897346543,0.8886600828192224,-1.0357458890816678,-0.8730858650989243,0.6358690696027934,-0.9146852597229018,0.12408133374116129,-0.17730250308028428,-0.7626588533636787,-0.9054077777638412,0.6014499566897238,-0.4540570296619595,-0.09762646290970158,-0.2706882785040748,1
-0.12359721776989524,1.2378861793774645,-0.15484123025532542,0.3052077222492148,1,0,0,1,0,0,-0.571255364673633,0.21100404809695988,-0.822280879298011,2.918945147011981,-1.2922481779456862,-2.093545697625829,0.653906495397224,1.094186198628747,0.04716324840404008,0.22749834095580593,-0.9831121036502374,-1.7748021102950067,0.597084900761869,0.11355349624730503,0.5694046532620198,1.074826546404134,0.4042530622351484,0.033694135245799534,-1.4375436385994584,-0.9948801208223941,-0.7958115842085973,-0.9313878145977194,1.015623282712678,0.09351483488707688,1.3109896486453936,0.9948801208223941,1.4375436385994576,0.32667033235006016,0.8662627627365218,0.8641121994429487,1.3514417922354265,1.4856997240427134,-0.8126095827270634,-1.1173050988595852,-0.6516131881728072,0.8219023601333442,-0.6371253376036178,-0.7105613285614767,0.7623887871779818,1.2211806657089916,1.1930584186586881,0.8552353928241243,-0.9479482933959068,-1.378017789531564,1.3376276710900281,0
1.495519310736081,-1.6481036094262664,2.452269505856255,1.0385308760612593,1,0,0,1,0,0,-0.7353015457273552,1.2995197787822639,-0.6687627022894718,0.33932499179239667,0.4024987451062733,0.737184062374608,1.68703476855042,-0.024357912279974653,1.1595970065691357,0.7429958385367034,1.5252563762570153,0.8041586503870863,-1.464235791839023,1.9101000322377406,-0.3150781508408297,0.6342369747789673,1.2612562291368623,1.7142783734925473,1.3338827891162104,-0.2261522221554376,-0.43731346645925123,-0.28220637575763247,-0.9478609606374935,0.24690064298669348,-0.30924881553306893,0.2261522221554376,-1.333882789116211,2.6105764493995856,0.19081952690966666,1.701092264002664,1.8424208110325537,2.4073868567573915,1.2982250023025865,-0.38327221085833024,-0.9284540343304539,2.1861464906907218,-0.3595654154843339,-0.17942508891434333,0.29710475025398503,-0.2569742700706454,-0.14386762583630988,0.6014499566897238,0.5337254978059351,0.45906541823023866,0.16231986177126023,1
-1.305809286202831,-1.776942439283576,1.7280720791585935,-0.4281154315628296,1,0,0,1,0,0,-0.7731583567397526,1.9478611461509145,-0.438485436776663,-0.0940835986650885,1.2309148681112525,1.5707512460461428,0.6426998786621371,0.7343262936382715,0.5197289927988955,0.4712661430431035,0.18689032846485473,-3.0258650383637433,-1.7495702764292025,0.22479986256553944,0.5617216065589281,0.5515361453509655,0.31565148474432986,0.40935073158369145,-2.8712096611001114,-1.2792882355027224,-0.6690724523899316,-0.44516550905247476,-0.15624630804578096,-0.3236555467127305,0.15668473559799467,1.2792882355027224,2.87120966110011,0.1317027369921738,0.41596727218528484,-0.2548937564358004,0.05939174276930372,0.18851042614798086,-0.5290646384693491,-1.9328971966387571,-1.149926711256571,0.6358690696027934,-0.44283339212011924,-0.1035484832504671,1.1546870928197819,0.8840576101803024,0.6853649840403343,1.4262526241265279,2.180029710252426,1.5167799923961247,0.904619530814692,1
-0.7147032519863632,-0.9266061622253344,0.27967722576327125,1.7718540298733036,1,0,0,1,0,0,-0.6595879237025604,0.3400908494923325,-0.24658771551598904,-0.22022922312400942,0.7997920637258873,0.43175145161942663,-0.7911644217277042,-0.027230228829464295,-0.8932458054454756,-0.8573660158771523,-0.891349940235488,-0.14944677820421298,0.42767831758304997,0.20392857873874942,-0.5777108054461713,-0.5984963162799112,-0.29421629343269917,-0.2852366913797357,0.5745878774132874,-0.7736968421314995,1.3038964205484067,-0.5413636591137787,0.619665860858981,0.866506334604038,0.8803204647144037,0.7736968421314995,-0.5745878774132882,0.24311279148239442,-0.4846237089171882,0.21818193222838655,-0.1344157646506147,-0.23819657973844427,0.6366201323679207,0.4323198869208419,0.17890935030013266,-0.23228628620644656,1.3613061016552261,-0.4070549059059717,0.38833691435672935,0.6636309969500054,1.0069041592986248,-0.12818317219668063,0.36909507656128593,0.013711913318286572,0.5953280020465953,1
0.5703098658755232,1.1605828814630785,-1.168717627632051,1.7718540298733036,1,0,0,1,0,0,-0.6848257977108253,0.7703801874769078,-0.13144908275958464,-0.2780941884721383,1.0143910336990178,0.8073933155057404,-2.3871687774870676,-1.6508159930603625,0.581088178084531,-1.42797380576769,-0.5791532302021596,1.34492583342242,1.0838775716694347,-0.49144131245763234,-1.0692925010313976,0.16164814983549514,0.06896385349831534,0.2442622280265409,0.1359000988749071,1.6995343650485126,2.828373926295611,1.1946030040006113,-0.6319262047142203,1.997483863017024,0.9914020877339432,-1.6995343650485126,-0.1359000988749078,-0.48105256270404034,-1.009968447893631,-0.07294156848803632,0.020630241285320403,0.0519641842643253,-0.024984737566746233,0.02452383803125581,-0.04256332662598434,0.139780294854656,2.33276582907272,0.8828473903799233,-0.47836864461934153,-0.7107937678977266,0.04228663352375219,-0.2233527107470814,-1.853415610241477,-1.545025353873546,-0.023255055489598248,1
1.2385166871637046,1.4955638390920825,0.27967722576327125,2.505177183685348,1,0,0,1,0,0,-0.7983962307480176,2.9305489585751476,-0.7583149722111197,1.2958328689969667,0.6343575162504046,1.2523500471329814,-1.914875588968182,-0.34649754972240054,0.31996220422646837,-0.8199895772536588,-0.29733384153672554,-0.01521855069424022,-0.077529726685901107,-0.6719566112254591,-0.8242264163825691,1.1905954275070254,0.40741711149031024,1.5563488528264307,1.34624143539365,-1.3559421528355944,1.9912699911872185,-0.35011316905506823,0.7590345320843749,1.5117408511823671,1.9060202922698257,1.3559421528355944,-1.3462414353936507,-0.5924626171942612,-0.7097714541928067,0.2636699792153276,0.8604627734383002,1.0077878774499178,0.25856020669096863,-1.1988643086375024,-1.7036084035718644,0.8219023601333442,2.49930178234429,0.04820472807728505,1.3280282046149967,1.5842362639706562,2.242291516869952,0.9186817518577256,-0.7833178721512579,-1.32234860141757,1.8324941171189824,1
-1.2030082367738797,1.109047349520155,0.27967722576327125,0.3052077222492148,1,0,0,1,0,0,-0.596493238681898,0.238333235779764,-0.20820817126385424,-0.2468471071841487,0.6386741032422059,0.3740635939511713,-0.10367049695175841,-2.1740096702276905,0.7194370655858986,0.23063669653851201,0.6487648567476836,0.0325869040538182,-0.7917284324095454,0.0025143579007081245,-0.4812605088772705,0.30745833457466337,0.5837522578782312,0.8057564167832596,0.4292298816076853,-0.38126032008238236,0.14666866641974105,2.5017802862993137,-0.6745285948615021,0.26726344871524654,-0.05676177442914617,0.38126032008238236,-0.42922988160768605,0.10385022336961848,-0.3345252120667762,0.43652455776570404,0.5374502610717695,0.76883195415352,0.3530751881102058,-0.05703537174666111,-0.26403600355210183,0.7598912632898273,0.5008703430854462,3.2350221659600846,1.4101371523074657,0.7803274392483975,0.854596128913119,1.4262526241265279,1.1922471827845313,1.0714264874841732,1.0901944480755505,1
0.5703098658755232,2.732416605722254,-1.168717627632051,-0.13478617003801185,1,0,0,1,0,0,-0.6848257977108253,0.7703801874769078,-0.8350740607153893,3.1822307393459677,-1.1907743066096708,-1.866819001208732,-0.810987715282451,-0.9786138750789432,-0.07823978213988371,-0.7692493491672233,-0.6348057128123517,-0.5086129599624422,0.6177654446606505,-0.4612540207462801,-1.3715669654007911,0.024342206997041732,-0.11345771703538463,0.2874555848272715,0.23272740579640636,-0.924503623057108,0.666818576990806,-0.030827421376021093,0.13141797371197259,0.9267035128407433,1.1059229467723932,0.924503623057108,-0.23272740579640636,-0.48105256270404034,-1.3101654415944555,-0.2185033188462471,-0.173177266134598,-0.20406001926752979,0.16404522527173035,-0.13859458152457876,-0.26403600355210183,-0.10826409251941274,1.0004782029001573,0.35171115073279,1.182056742050605,1.078551680677623,1.446905135967865,1.1407440084753266,-0.12479618717266176,-0.5429799678216537,1.3376276710900281,0
-0.8689048261297889,1.547099371035007,0.27967722576327125,0.5985369837740325,0,1,0,1,0,0,0.26159447759911014,-0.44896676083884146,0.35469181110078946,-0.4655766762000758,0.046607857431288056,0.014520667088556562,0.21015135518474465,0.7401335432996833,0.13241870667732514,0.886643468165838,0.5964097537507485,1.775795389035232,0.19199247768269997,0.11823886361490032,1.0887001841543718,0.5390203369165952,0.49897982916664996,0.250233280068083,1.4316772944420317,1.002053003267564,-0.17407769567760886,0.0747794291202553,0.36064264759721837,-0.7030182669100651,-0.5310577955886594,-1.002053003267564,-1.4316772944420324,-0.06326485836571254,0.7161642658861095,-0.6278957417287164,-0.2765412700918884,-0.06751377738387422,-1.033144539371952,0.5954383064766764,-0.04256332662598434,-0.8523972546416179,-0.38732140769626244,-0.2553016945782196,-0.9527758979536108,-0.6459624110652865,-0.8546384343020056,-0.9529858396334858,-0.7010026615289333,-0.32030321536567735,-0.9511296417938885,1
0.46750881644657266,1.2636539453489257,1.0038746524609323,0.3052077222492148,1,0,0,1,0,0,0.16064298156605036,-0.40651929911874146,-0.1826218084290977,-0.2723076919373254,-0.2740552132172074,-0.10219662633326239,0.027632512472804512,-0.2873128749918351,0.04025395887636098,0.06475998967028031,-0.04306706951464371,1.2900948370041616,0.364633513584093,0.5332307574330497,0.39796627996728584,0.05764121394512519,0.38509201222585177,0.059323667885652916,1.0318374740956051,0.7361716451058063,0.494374208717367,0.7930198206063572,0.0028953508177798357,0.2943640792785912,0.11390731489560757,-0.7361716451058063,-1.0318374740956058,0.6609004958207222,0.5660657690356972,0.5365982611369737,0.48576825909312477,0.6322857122698633,0.06953024385249205,0.758556726032511,0.2896456887631914,0.07776919801113909,0.44535835866158957,0.7310941790521709,-0.013084607695344815,-0.010615114107371936,0.10997909147286698,-0.12818317219668063,-0.4540570296619595,-0.15329565102369538,0.16231986177126023,1
1.7782221966656961,0.49062096620506923,0.27967722576327125,-0.13478617003801185,1,0,0,0,1,0,0.11016723354952047,-0.3867492484545853,-0.029103631420558513,-0.3492680958503368,-0.10549999294893256,-0.027515446251102374,0.9665877438374777,-0.14518524525655957,-0.5154150961113264,1.7891640805786821,1.2563960052547196,1.4464743542079805,-0.7009515683291936,1.4569574136625194,-0.5060960481910739,0.07658835752641167,1.8258826809269422,1.4836041549509813,1.3891927962267179,0.595033997706013,0.11171089376545514,-0.3077246055880429,0.7815536160531148,-0.6065312344886942,-0.18492564284624846,-0.595033997706013,-1.3891927962267185,1.8307060679680403,-0.18442671521636386,1.1006500437750428,0.9767472778902511,1.7758604880454831,0.7626401075935709,0.10608304780917345,-0.4855086804782194,1.3179911348814817,0.05677446769459199,-0.3311783002420958,-0.14080963743918734,0.2746428559553643,0.008440404549195996,-0.5088613263982832,-0.20711139779498602,0.06938110143228039,0.22417816752487937,1
1.4441187860216065,1.0832795835486928,1.0038746524609323,-0.4281154315628296,1,0,0,0,1,0,-0.356733435603381,-0.14253097554442093,0.5465895323614635,-0.5072394512507286,0.6883790002734415,0.2823890914551066,0.035237598436592917,1.405870209795964,-0.20346910568124033,0.001431249997042418,-0.11505337226808492,-0.3919171573926071,0.058655200000908125,-0.05024075139674117,2.511933298363111,0.4304497623226194,-0.6083140216323324,-0.4937911674100228,-0.6711839829354725,0.13114384342216406,-0.09919870523124406,0.5867986519700701,0.7107095824390527,-0.6051272972021182,-0.33251594752519215,-0.13114384342216406,0.6711839829354719,0.0759977097470634,2.667444724941468,0.5365982611369737,0.6924962670077037,0.39332978897346543,-0.05648973137315825,-0.05703537174666111,0.2896456887631914,0.5738579727592754,-0.08200549336504998,0.5793409677244183,0.0872707728176734,0.4432043837197094,0.1607484349347019,-0.44541496736468245,-0.04248097655033679,0.013711913318286572,0.16231986177126023,1
-0.04649643069818187,0.49062096620506923,-0.8790386569529866,1.0385308760612593,1,0,0,1,0,0,1.1070632568759857,-0.5989865570550853,-0.11865590134220637,-0.2838806850069512,-0.654113934727308,-0.2412735545102191,-0.571913166532283,-0.6455022620055992,0.2593282849811963,-0.786738397912885,-0.23362293819811997,-0.5525227326130809,0.7943484669222853,-0.5197005860873771,0.24176182047991018,-0.5554038774601072,-0.1586945812434891,0.13243654841324287,-0.37315522795503414,-0.3834842964864804,0.2759804777999532,1.128163796879414,-0.9126377870199247,0.9054739892081086,0.43301977440933,0.3834842964864804,0.3731552279550334,-0.8988402670423681,-0.5596729573423944,-2.1926845580794883,-2.0595703383551376,-1.9962294439905155,-1.033144539371952,-0.6279498401920818,-0.5408768497097485,-1.720552610450858,0.5563823275093027,1.5657368413548085,1.099947794358136,0.39133929825375646,0.7530574419894479,1.489698983160128,-0.12479618717266176,-0.32030321536567735,0.8427612250610729,0
-0.3291993166277972,-1.3131226517972627,1.7280720791585935,-0.4281154315628296,0,1,0,1,0,0,0.33730809962390496,-0.4681553394246401,0.16279408984011548,-0.40655441154498434,-0.11041864963739408,-0.04585034675031531,0.7093547555347123,0.43086237391984206,0.6839367842280377,1.084899985084181,1.2861044522783516,0.2269679273068471,-1.5675117906942801,0.5602231618116703,1.7178506755724159,1.0501554209008246,0.3357567950641804,0.4491608723346109,0.07195265285990604,0.23819541748766765,-0.42660667280630243,1.1295329658697848,0.12034042534499458,-1.1326991974034528,-1.2334806064037684,-0.23819541748766765,-0.07195265285990675,0.577342954953057,1.6918044954137887,0.1908891040362222,0.7183372679970265,0.8371050750953478,-0.6865896075014126,-0.709509049969999,-0.8177176958673952,0.139780294854656,-0.15337804476715156,1.663292477208364,1.3045685052742901,1.176724878166746,0.5717383581971791,0.3657920517077793,1.439192814651505,1.763314968329527,0.8692719275269096,1
1.2899172118781799,-0.4885541407104817,0.5693561964423357,1.0385308760612593,1,0,0,1,0,0,-0.23054406556205628,-0.20940026455553734,0.38027817393554597,-0.4702058734279261,0.45180456533992597,0.2023415990317135,-0.22061311018923868,0.7444411579050869,0.021479080347951127,-0.9089097673578775,-0.5937738293583151,-0.45566894666508967,0.24898544606655734,-0.3089227011242345,0.710375198942038,-0.6732456599932242,-0.3848789022840136,-0.616352372932116,-0.4657107419241149,-0.1595918522639314,-0.001904023001491449,-0.3101305721493472,-0.7059095831183555,0.8462391265453596,0.17018692989911316,0.1595918522639314,0.46571074192411416,-0.03541234474315745,1.1664597564373458,1.237114184735866,0.6408142650290589,0.4445346296798359,1.2037100208833493,0.8401159358104279,1.2309045656991897,1.4420133285685155,-0.3040534310604773,-0.6346847228976005,-1.1808563082104715,-1.3072422507561756,-0.9561771212256767,-0.667477223982284,-0.37174181903963527,-0.48731077970765985,-1.198562864808365,0
-0.07219669305541997,-0.17934094905293926,-0.4445202009343899,-0.13478617003801185,1,0,0,1,0,0,0.4256406586528323,-0.4786218368350757,1.2758008731520245,-0.6194974840260986,0.32628010271166263,0.11066709653564881,-0.5505145672259542,-0.4641158870815531,2.1508049122446136,-0.454348699982377,0.4923836378422036,-0.1637728463013664,-1.252293039584976,-1.3860652022170206,-0.3364232112564794,1.204674276602126,-1.6008654803997016,-1.0793113729823451,-0.4372750117287954,0.21031740340810925,-0.619436111809009,0.299992232618819,-1.7296408977886686,-0.9735950253684464,-1.6938603289627465,-0.21031740340810925,0.4372750117287947,-1.2887754577581405,-0.25947596364157,0.19998671343360988,0.8087807714596554,0.0519641842643253,-0.7180946013078251,0.4323198869208419,0.7325910426154264,-0.046252995675895824,0.08453045990652028,1.717490052682561,3.937268097953483,1.9732244049652974,1.345366449044194,3.5834288312689404,4.320225186432864,5.023938843577749,3.255235149452228,0
-0.09789695541265715,-0.87507063028241,-2.327433510348309,0.3052077222492148,1,0,0,0,1,0,-0.6217311126901629,0.31101724557445576,0.25234635976176334,-0.44416663902126813,1.0634656988415676,0.5824553898690549,-1.2492612754903376,-0.11127499599894043,-0.12617899028633103,-1.307355179459521,-0.9861659059878769,-0.9005327583003541,0.69723676766624465,-1.5616309819690117,1.1475999744338907,0.5996127428290159,-1.1745144487823878,-0.9124411274584809,0.03622492998512883,-1.2641467209678323,0.17676493691374687,1.302368885943005,0.7750438868532993,0.6015240817339457,0.3912428075030335,1.2641467209678323,-0.036224929985129536,-1.4558905394934718,1.1664597564373458,0.22727954162577424,0.5116092600824467,-0.01630893667750248,-0.37153966943728567,1.0847935651441794,1.1755363964676604,-0.17027518936292965,-0.026493508941193386,0.8828473903799233,-0.669956189235104,-0.2051091846046925,0.04228663352375219,-1.206771275767887,0.5337254978059351,-0.04195727479570725,-0.76555472453303,1
2.703431641526255,0.49062096620506923,0.27967722576327125,1.0385308760612593,0,1,0,1,0,0,0.04707254852885811,-0.36930508610385926,-0.11865590134220637,-0.2838806850069512,-0.13509046477443779,-0.064632439944631,0.5941054673041414,-0.5309881434836295,0.5382747912230514,-0.05215946994643622,-0.2694700865317015,-0.4702633098280999,0.5348577392161127,1.4085267319087806,0.432678382075592,-0.1233173415053474,0.9722270239591291,0.08063354127614222,-0.2763926451691775,-0.36726020632542794,0.5812651999420028,1.1622455957418272,-0.8597617074479555,1.0345077533231533,0.42904726905949675,0.36726020632542794,0.2763926451691768,1.1622457410267157,0.26586877533487285,-0.3458698504096825,-0.354064273059855,0.03489590402886805,-0.7495995951142377,-0.30171300108041293,-0.2086678343205727,-0.29429738304996345,0.8061862574166584,1.4898602356909325,0.8627441676909999,0.2357440418559006,0.65151875506577694,1.1407440084753266,-0.28942660841731066,-0.48731077970765985,0.7190446135538346,0
1.495519310736081,-0.3339475448817109,-0.15484123025532542,1.7718540298733036,1,0,0,0,1,0,-0.48292280564470574,0.07552105383965442,0.32910544826603294,-0.4632620775861506,0.7788926208465575,0.41609970729083023,-0.1957433063855249,-0.7685120053348424,-0.5391756976263595,-0.32149263895447905,-0.5857416174846187,0.7982609514701487,1.0358750893714368,0.263677395854291,0.19814417906666426,0.5007586154303298,0.09679813069242556,0.06550007851698829,1.0187373090415193,0.07836147009820059,0.5356491795710935,1.253303334354372,1.2402853566787373,0.5302991836659809,0.8254408681068883,-0.07836147009820059,-1.01873730904152,0.18740776423728422,0.11577027848446049,-0.18211288125669506,0.09815324425328795,0.13730558544161034,-0.5920746260821743,0.18764225758709038,-0.26403600355210183,-0.728375060954584,0.5008703430854462,1.1863538130354276,0.041654690766301246,0.6765972683164937,0.8715192434003977,-0.7309235830158842,-1.1125787146405561,-1.211010225189582,0.16231986177126023,1
-0.48340089077122306,-0.17934094905293926,1.0038746524609323,-0.13478617003801185,1,0,0,1,0,0,0.3877838476404349,-0.4751330043649305,1.2758008731520245,-0.6194974840260986,0.3463307032329442,0.11335025270626534,0.740649357890919,-0.5154152508742214,0.16041274865922095,1.4402709419920052,1.3214170369728593,0.3892637200884535,-1.432779658460638,0.016798214551026678,-0.490750677357917,-0.6683150414771956,0.9433381354301927,0.381481130842227,0.3422533759207262,0.1914665557924087,-1.0131063834996896,0.21580035167093517,-0.8908817659037291,-1.0103151769726522,-1.345464790749037,-0.191466555792408,-0.3422533759207269,-0.23037994010104354,-0.7097714541928067,-0.9463120706373036,-1.1034533017502068,-0.7331767065666972,-0.40304466324369825,-0.30171300108041293,-0.4855086804782194,-1.1004416420156866,-0.5631093583718088,1.33810702436318,3.2074107851315286,2.059666214075218,1.401776830668456,2.5259895140422683,3.3598810625057447,3.910555081297868,2.636652091916034,1
-0.09789695541265715,1.8563125626925503,-2.327433510348309,-0.4281154315628296,1,0,0,1,0,0,-0.6217311126901629,0.31101724557445576,-0.4512786181940413,-0.07846005802109372,0.4050751756259449,0.299829606564114,-1.250654038293034,1.3268032191512897,-0.20572240971532504,-1.2329353456845586,-1.3438881100884392,-0.37856181544183914,1.3627329441797165,-1.5333080151101346,0.7737826387932104,0.7188585976646518,-0.986019485105799,-0.773080016343267,-0.30219600057873947,-0.21659885141806862,0.20700158226055312,-1.045920596162766,1.0036129900164728,0.6878960668152484,0.992358193188532,0.21659885141806862,0.30219600057873874,-1.4001855122483615,1.0163612595869336,0.7185504490847379,1.0155087793742343,0.512807750621665,-0.18250970659880966,0.8401159358104279,1.1201682272361313,0.44983577907224165,0.029018475482663446,-1.0899443568808573,-0.5604775923118106,0.002351157259115363,0.27921023634565156,-0.857816301083085,-0.8656330827735822,-1.0440026608476,-0.2706882785040748,1
1.4441187860216065,0.4648532002336079,1.0038746524609323,1.0385308760612593,1,0,0,1,0,0,-0.356733435603381,-0.14253097554442093,0.15000090842273722,-0.40192521431713407,0.4704678583773379,0.20100002094640523,-0.3140676298686352,0.7612362263060676,0.7436604790999026,-0.5307479641079561,0.04664991367564289,-0.7973870266006646,-0.40872640251022624,0.29993256607843555,1.119882426067058,0.866219328843651,-0.37104174382035937,0.21004380691525257,0.08301123374971872,-1.1698703314820218,0.7364077706140809,0.07705301985174744,-0.14614190008883085,0.34908761678931743,0.14441972324009014,1.1698703314820218,-0.08301123374971872,0.2152602778598393,0.9413120111617277,-0.20030810005147043,0.26611975068388355,0.10316902497069583,-0.43454965705011084,-0.30171300108041293,-0.3747723420151606,-0.10826409251941274,0.8061862574166584,0.19995793940503753,0.38833691435672935,0.2487103132223888,0.38074892326932136,0.28421816152172197,0.7806711296729086,0.23638866577426285,0.038603250264021984,1
1.495519310736081,-0.7204640344536393,-0.15484123025532542,0.3052077222492148,1,0,0,1,0,0,-0.48292280564470574,0.07552105383965442,-0.6687627022894718,0.4191786439728145,-0.4221665007562593,-0.2658691527408706,0.18646925905156994,0.4699664583890458,0.9215191759922782,0.2018993449393095,0.34600169031449673,0.410449605726419,-0.009807054073179916,0.4286693027616572,-0.3167933244115471,0.8126997911306757,0.39869765785871436,0.5743990070736316,0.8355570349801581,-0.26889098598050765,0.16903127258685732,-0.9624003110972257,-0.4430626710393239,0.122588783113036,0.11096968953670958,0.26889098598050765,-0.8355570349801588,0.35452284597261524,-0.3345252120667762,-0.12752722487236504,0.3048812521678669,0.4616029099152932,-0.5920746260821743,-0.22015379130249568,-0.5962450189412776,-0.4183195767369984,0.0012624832707351544,-1.0140677512169813,-0.5422311594912614,-0.671894953798262,-0.5838686025055501,-0.0012904541294803558,-0.5363722402842841,-0.7099875321636356,-0.7036964187794109,0
-0.7147032519863632,1.4440283071491598,0.27967722576327125,1.0385308760612593,1,0,0,1,0,0,-0.6469689866984278,0.4185895800705996,-0.3745195296897717,-0.13921827163662903,0.6005923122246085,0.4295154881439129,-0.08676973364445363,-1.4041284704062977,-0.9073034552584899,0.7453056968032135,0.26307323541657907,0.8437478017375767,-0.19319534523844703,0.5484416996101092,-0.980451746146284,-0.4629999829640488,0.6921892931470537,0.5695623134491882,0.8518955842960956,0.30587169994287167,0.6686519110011172,0.9450153553461468,0.7750438868532993,-0.3204968590089169,0.2140586524668554,-0.30587169994287167,-0.8518955842960962,0.35452284597261524,-1.009968447893631,-0.4732363819731166,-0.625394783447741,-0.34060626115118536,0.1010352376589052,-0.5463906304141645,-0.9284540343304539,-0.5423417704240322,0.3898463742377325,0.5793409677244183,-0.669956189235104,-0.2051091846046925,-0.3130987707090945,-0.6992004034990842,-0.7010026615289333,-0.6543183440496418,-0.45626319576493324,1
-1.0231064002732158,1.7274737328352407,1.4383931084795292,1.478524768348486,1,0,0,1,0,0,-0.1800683175455264,-0.2751066094099387,1.339766780238916,-0.6212334329865424,0.7761645723609044,0.2685261179069212,-0.06384852634573984,-0.10247920202592983,0.24886888412844055,0.2089278388526658,0.5191810854745924,1.0079221419472955,-0.4415317540130748,0.43144785962569965,-0.36840367286106324,0.6321925791738839,0.4130667465330968,0.8868341096359382,0.6152054390719316,0.7645323233097284,0.5198805478721492,-0.2284027912392346,0.29508047188929254,0.1273418836376168,0.1908600612942933,-0.7645323233097284,-0.6152054390719323,0.32667033235006016,-0.40957446049198204,-0.2276009282436361,0.12399424524260985,0.2909201075607231,-0.2140147004052217,-0.46483142063624716,-0.762349526635866,0.015758101167622184,0.19555442875423396,-0.482931511569848,-0.8889133830816909,-0.62002986833231,-0.5330992590437151,-0.794369942049485,-0.7833178721512579,-0.5429799678216537,-0.76555472453303,0
0.18480593051695732,2.113990222407169,0.27967722576327125,-0.13478617003801185,1,0,0,1,0,0,0.12278617055365294,-0.3931454413165182,-0.16982862701171944,-0.2763582395116944,-0.2362657300007947,-0.08878084548017975,0.167915498780951,-0.5648800844091753,0.2061174480247257,-0.5875046239356151,0.36972672615574015,0.6906350545605429,0.15803382681249778,-0.36109544492699247,-0.40187272628573084,-0.9798093071276431,-0.8885091828130719,-0.7861692514139518,-0.01001094667634824,0.9518725779243598,-0.5942929024845716,0.37272836834919004,-1.2663833176391064,-0.08734965196770887,-1.2482041103025643,-0.9518725779243598,0.010010946676347532,-0.3696425082138195,-0.40957446049198204,-0.11842961547497735,-0.5995537824584191,-0.8867912286858101,0.6366201323679207,0.758556726032511,0.8433273810784847,-0.29429738304996345,-0.6648813298155464,0.12408133374116129,-0.5878472415426337,-1.0997819088923677,-1.057715808149347,-0.44541496736468245,-0.37174181903963527,0.06938110143228039,-1.2604211705619852,1
-0.7918040390580765,-1.4419614816545723,1.0038746524609323,0.3052077222492148,1,0,0,1,0,0,-0.36935237260751347,-0.13671625476084556,0.13720772700535894,-0.39671736743580244,0.4796371465833391,0.201447213641508,2.190222790231884,0.5115413640113309,0.9154936591583764,0.3136578123413836,1.6272531755574717,0.4156620730389383,-1.2963213465592345,3.2142725237628995,1.6460410262211687,0.18192736143018115,1.012099516659372,1.2376043430747579,0.6912331826893902,-0.11864316273067908,0.16610512737429675,0.9468611896984039,-1.0686910480591485,0.5798490867436089,-0.9072290636464103,0.11864316273067908,-0.6912331826893908,3.668971967056682,2.067050737539819,1.0278691685959374,0.9767472778902511,1.4003583228654286,1.0146800580448727,-0.05703537174666111,-0.3747723420151606,1.3800022317249987,-0.08200549336504998,0.5034643620605421,-0.8432973010303187,-1.2035120798242718,-0.939254006738398,-0.8895394805998851,0.12214944469431245,0.06938110143228039,-1.2604211705619852,1
0.2619067175886707,-1.3388904177687242,0.27967722576327125,1.478524768348486,1,0,0,1,0,0,-0.19268725454965888,-0.2658030561562182,1.9410463068556945,-0.6634748576906765,0.9479718421340421,0.30832626777106636,-0.19499475003653471,-1.0206092354483058,0.27082640159233035,-0.23912099101798276,0.8494286245425858,0.9092003323592175,-0.5018657919704685,0.625517910890245,0.5598109612909608,-0.15753669606836845,0.34943112602429177,0.42642009062686487,0.11065768597424898,1.1302918680335317,0.8961550729331274,1.9616245372165182,-0.5285379504825335,0.66952695510435,-0.6879825909308734,-1.130291868033531,-0.11065768597424969,0.744458036688388,0.7161642658861095,0.5093054329448095,0.3436427536518511,0.47867119015075044,0.6681251261743327,-0.13859458152457876,-0.2086678343205727,0.5738579727592754,0.6118943119331598,1.4898602356909325,-0.5878472415426337,-0.7496925819971905,-0.4654068010946016,-1.0481553781838862,-0.4540570296619595,0.06938110143228039,-0.2706882785040748,1
-0.14929748012713334,-0.02473435322416849,1.4383931084795292,-2.041426369949327,1,0,0,1,0,0,1.9020562881363317,-0.6687632064579894,-0.3617263482723934,-0.14789801643884834,-1.1411245670762649,-0.40002696127169696,1.5982567866222304,0.3212112278638861,-0.8909340409777324,1.6264487330508641,1.5593099821999825,1.3473624966207032,-1.1865665293660612,1.026003903642336,0.432678382075592,0.15164681773858757,1.080795498058583,1.2980042089979953,1.7556215933338128,0.0964376253461319,-1.1972439561980053,-0.007424785977404313,1.370327107547541,-1.1255289937026174,-0.7599308715041855,-0.0964376253461319,-1.7556215933338135,1.120466970592883,0.5660657690356972,0.4456221671630917,0.459927258103802,0.9053781960371756,0.6208676354647141,0.18764225758709038,-0.5408768497097485,0.2948080369634488,-1.2200011740541141,-0.3311783002420958,-0.9801455471844351,-0.21807545597118072,-0.6346379459673855,-1.6191726094862895,0.12214944469431245,0.18071947766026855,-1.198562864808365,1
0.7502117023761872,1.1863506474345409,1.4383931084795292,0.5985369837740325,1,0,0,0,1,0,-0.11697363252486404,-0.28789899513380446,0.047655457083711085,-0.36778488476173804,0.13327652019567707,0.06281747815965406,0.6593100088857022,0.3934374085225053,-0.1556854150909742,0.08227328837650104,-0.36759032692818744,0.03216515009780478,0.503016950195005,1.0099109924998984,1.460854724970773,-1.2020195132367912,0.556913110564139,-0.9536901878188098,-0.591162492785821,0.6301771912123648,0.0923045475469449,0.9234470037535792,-0.9950865105613935,0.4410796024863474,-0.45320741957410493,-0.6301771912123648,0.5911624927858203,1.1900982546492709,1.6918044954137887,0.6730624020977969,-0.10857476366129187,0.12023730520615308,0.25856020669096863,0.35076067714292497,0.7325910426154264,0.3258135853852078,0.0012624832707351544,0.7310941790521709,-0.2867811000035777,-0.7367263106307022,-0.5330992590437151,-0.0647368131630805,-0.4540570296619595,-0.2089648391376897,-0.20882997275045564,1
0.44180855408933456,-1.0039094601397194,-0.8790386569529866,1.7718540298733036,1,0,0,1,0,0,-0.20530619155379135,-0.2646401119995031,-0.5920036137852022,0.22938155763095183,-0.582355784164986,-0.38079767538227854,-1.0331993976114904,-1.7426778286804976,1.2737323435056844,-1.549497273952388,-0.7908493124172695,-0.5417770044713083,0.49334786303698636,-0.9480265236248987,-1.4127121083803158,1.103969916839187,-0.9594690555698281,-0.007331736367802737,0.04764949253229553,-0.7861774033115495,0.4894319810905797,0.9766560325344109,-0.6318514838878931,1.1418777604728028,1.0209848251941287,0.7861774033115495,-0.04764949253229624,-0.7595776989295921,-1.1600669447440433,1.0278691685959374,1.519408298666023,0.9736513169790033,0.4475901695294441,0.8401159358104279,0.8986955503100138,1.3800022317249987,0.16779843654230542,0.5034643620605421,-0.8980365994919648,-1.047916823426415,-0.6007917169928287,0.030432725387320277,-0.28942660841731066,-0.6543183440496418,-0.45626319576493324,0
0.46750881644657266,0.6967630939767645,-1.6032360836506476,-0.7214446930876474,1,0,0,1,0,0,0.5139732176817596,-0.5001363037343045,0.06044863850108935,-0.3706781330291445,-0.27208484258038196,-0.0981718920773376,-0.4060650519883516,0.4946275620797949,0.37991609141423593,-0.12199577375417006,-0.07991289559849614,-0.6098911914556767,-0.591137957929969,-0.3884995370242981,-0.3200392442873122,0.19853010756359213,0.12798400790964642,0.10180036139667616,0.3210111268130686,-1.1501937710630232,0.17645917966489716,-0.999500141127139,-0.3198544122968363,0.2917151712567605,0.20327891716045857,1.1501937710630232,-0.32101112681306926,-0.3417899945912644,-0.25947596364157,0.14540105704928116,0.22735824919990022,0.2738518273252659,-0.08799472517957138,0.10608304780917345,-0.04256332662598434,-0.17027518936292965,0.25106641317809053,-0.8623145398892288,0.36096726512590627,0.13201387092399572,0.24536400737109418,0.5380035976561225,1.5215080252738291,0.9600881112561845,0.22417816752487937,1
-1.0488066626304537,1.7274737328352407,1.7280720791585935,1.478524768348486,1,0,0,1,0,0,-0.5081606796529707,0.1365756220671955,1.339766780238916,-0.6212334329865424,1.2324475280759204,0.5851385460396714,0.22374592210139785,-0.008735343741487586,0.2756078468720067,0.35240957933825323,0.4558671410224229,1.218008608672872,-0.44876215150519916,0.8924647138312503,-0.12869216990111515,0.9500053841715534,0.7586344073889033,0.9691751868727628,1.5427439112049288,0.13114384342216406,0.5806160752075825,-0.11693145727659025,0.5778986333308694,0.27616628602390214,0.3535613254751252,-0.13114384342216406,-1.5427439112049297,1.106540713781605,0.11577027848446049,0.7731361054690666,1.1963957862994923,1.5027680042781708,-0.05648973137315825,0.10608304780917345,-0.5408768497097485,0.6978801664463103,0.3065783976019474,-0.3311783002420958,-0.6973258384659271,-0.32180562690308556,-0.194636969298146,-0.857816301083085,-0.5363722402842841,-0.5429799678216537,-0.7036964187794109,1
2.08662534495255,0.2587110724619126,0.5693561964423357,0.3052077222492148,1,0,0,1,0,0,-0.25578193957032125,-0.20591143208539214,-0.20820817126385424,-0.2618919981746622,0.056623849354669846,0.04403538496533837,-0.6123450414928734,-0.8919959096424807,-0.016653555336421405,0.14435722185967242,-0.6069626933388553,-0.08130096293104744,0.6027925932451024,-0.3059609509842373,-0.599254695589125,-0.14475148305899432,0.4148153254266606,-0.27264598280637753,-0.16027754582615011,0.048076501797563044,0.5457681091313759,0.623972180510173,-0.12269531265218504,0.21630648234517866,0.522895491948273,-0.048076501797563745,0.16027754582614942,-0.23037994010104354,-0.4846237089171882,0.30006041680488094,0.17567624722125458,0.3421249482670949,-0.24551969421163483,0.18764225758709038,0.2896456887631914,0.20179139169817292,0.5563823275093027,0.6552175733882943,0.1876261533306929,0.09311505682453199,0.17767154942198057,0.6014499566897238,-0.4540570296619595,-0.48731077970765985,0.2860364732784985,1
0.7502117023761872,-0.1535731830814779,1.4383931084795292,1.478524768348486,1,0,0,1,0,0,-0.11697363252486404,-0.28789899513380446,1.9154599440209379,-0.6628962080371952,0.8687152648814737,0.2908857526620589,-0.1960853411712934,0.8728405307003508,-1.0248668409876487,-0.26852154429312913,-1.7029603576730494,-1.787246229708595,0.9362501456893462,0.8946849664289143,1.53526023954127,-1.3398778527240138,0.8382942993604622,-0.6363248796340868,-0.9197330604481181,-1.525410642437618,1.1666201168495047,0.3399889845879697,0.05457928021240968,1.193993560183285,1.5926844747272453,1.525410642437618,0.9197330604481174,0.9672781456688292,1.6167552469885829,0.381938901381374,-0.40574627503850064,-0.06751377738387422,0.3215701943037938,-0.22015379130249568,0.2342775195316623,0.2638024885416898,1.194770148383656,0.4275877563966659,0.3062279666642602,0.28760912732185256,0.7699805564767266,0.8552353928241243,-0.37174181903963527,-0.9883334727336057,0.40975308478573785,0
0.46750881644657266,-1.0039094601397194,-1.6032360836506476,1.7718540298733036,1,0,0,1,0,0,0.5139732176817596,-0.5001363037343045,-0.5920036137852022,0.22938155763095183,-1.0831768826744055,-0.5619107168988942,-0.5570926647942394,-1.1626776106579544,0.11840883587533671,-0.10346273471698504,-0.3925743894554999,-0.5562438997868645,0.17543290709987203,-0.2363435237548505,-0.1932037420234605,-0.3978182861953031,0.6863744464477917,0.1973124842382422,0.03622492998512883,-0.7945777810288902,0.5384992473504265,1.4022642414311215,-0.5616378575380823,0.8203686315528177,0.7030031701014098,0.7945777810288902,-0.036224929985129536,-0.17467491285593337,-0.10937746679115769,0.2454747604205509,-0.0052107597040024186,0.2738518273252659,0.2270552128845555,-0.22015379130249568,-0.26403600355210183,0.015758101167622184,0.08453045990652028,0.6552175733882943,-1.290334905133765,-1.333174793489152,-0.9900233502002335,-0.4136917878478824,-0.6186874509066087,-0.9883334727336057,-1.136704559054746,0
2.08662534495255,0.026801178718756015,0.5693561964423357,-0.13478617003801185,1,0,0,1,0,0,-0.25578193957032125,-0.20591143208539214,-0.42569225535928473,-0.10334199312078912,-0.21028456945682905,-0.0784954134928164,-0.16920986793748763,0.18185802137335477,-0.6686615214085675,1.5763042223892965,0.5380372516364633,0.5556810805738093,-0.15158762476272616,-0.4042058546007234,-0.49836676762389864,-0.28420635053458077,0.571481626915567,-0.20179929215626755,-0.12752713319093578,0.8843625762614299,-0.1685872869127643,-0.7488587290298442,0.628482726527784,-1.562813911094932,-0.896492509766344,-0.8843625762614299,0.1275271331909351,-0.28608496734615396,-0.3345252120667762,0.5002078235474204,0.26611975068388355,0.4957394703862077,-0.024984737566746233,0.35076067714292497,0.4557501964577793,0.3258135853852078,-0.24854144663662048,-0.7864379342253526,-0.3597668312857729,0.002351157259115363,-0.6177148314801074,-0.4771381468814831,-0.20711139779498602,0.23638866577426285,-0.45626319576493324,1
0.9558138012340891,-0.1535731830814779,-0.4445202009343899,1.478524768348486,0,1,0,1,0,0,-0.21792512855792381,-0.21812234573090036,1.9154599440209379,-0.6628962080371952,0.9682671577500781,0.3445488760743895,-1.230617315424301,-0.7870265463943263,0.2827116471168591,-1.2122037678298423,-1.233256377742183,-1.6381313505285326,0.3213410553827219,-0.5645469445901735,-0.5899438388119179,0.48448717159542,-0.7349306884093925,-0.3970287612353656,-0.7279513648365089,-1.5122424827725962,1.1471146784636996,0.4892258471256135,0.10038659118370043,0.9088643953149044,1.2156723810176178,1.5122424827725962,0.7279513648365081,-0.6481676444393714,-0.7097714541928067,-0.6278957417287164,-0.3023822710812103,-0.5624939042121272,-0.6865896075014126,-0.6279498401920818,-0.3747723420151606,-0.6663639641110671,1.055990187324014,0.4528799582846249,-9.203191483129325e-4,0.04989415226957156,0.4145951522438788,0.41111087958892223,0.2044646553166367,-0.45019798763166347,0.05922268551522836,1
2.08662534495255,0.9544407536913834,0.5693561964423357,-0.4281154315628296,1,0,0,0,1,0,-0.25578193957032125,-0.20591143208539214,-0.23379453409861076,-0.21444272658919655,0.030289251402238874,0.007365583966912489,-0.036750060146778195,0.05552449597893412,-0.725777153167652,0.7451944325237039,-0.030130079999283195,0.30917954718429486,0.4050360977856358,-0.5856616653817251,-0.27708201162129653,-0.6186225278543435,0.5134631495160205,-0.2251870349755886,-0.16027754582615011,0.5806453452778549,-0.5340843821787602,-0.35378378987692555,0.37050570129427535,-0.49756833275393686,-0.180680730904888,-0.5806453452778549,0.16027754582614942,-0.5089050763265954,-0.18442671521636386,0.2636699792153276,-0.10857476366129187,0.10316902497069583,0.16404522527173035,0.18764225758709038,0.2896456887631914,0.015758101167622184,-0.5538573609678327,-0.4070549059059717,-0.2594114507727547,-0.03654765684034838,-0.2284831982727022,-0.3185222492974822,-0.6186874509066087,-0.4316415915936655,-0.3944048900113141,0
-1.0488066626304537,0.9544407536913834,1.7280720791585935,-0.4281154315628296,1,0,0,0,1,0,-0.5081606796529707,0.1365756220671955,-0.23379453409861076,-0.21444272658919655,0.40586589903327663,0.27076208138243496,1.0841027844644797,0.13477285753481544,0.4328933117207083,0.7914128699787415,0.8180839886190671,1.6138622258646993,-0.14646033128274352,0.9774457271502796,-0.2933482355149969,1.0286839615639156,0.8986212788069594,1.126679805875901,2.0459093416913827,0.17200761631813533,-0.5308190581088298,-0.47884979917487264,0.4419485163346774,-0.17809025208379764,0.03643428834983744,-0.17200761631813533,-2.0459093416913836,1.217950768271826,-0.03432821836595151,0.8368193712507843,1.2997597902567817,1.673450806632741,-0.05648973137315825,0.6769975162545934,-0.2086678343205727,0.6978801664463103,-0.5261013687559044,-0.482931511569848,-0.12256320461863823,0.11904759955750843,0.04228663352375219,-0.3185222492974822,-0.4540570296619595,-0.4316415915936655,-0.2706882785040748,1
-0.09789695541265715,2.268596818235939,-0.8790386569529866,0.3052077222492148,1,0,0,1,0,0,-0.0412600105000692,-0.3361611776374798,0.34189862968341117,-0.46384072723963193,0.25211624774146424,0.0999344718531827,1.2921888896138876,-1.2589448682130826,0.05419671399206749,0.3184849746974988,0.8853859857026589,0.29311476671554015,-0.9302279226864285,0.994067860466102,0.3632541778589801,-0.6089683240660697,0.3823116065737342,0.5138950555137055,-0.5566704711695901,0.9518725779243598,-0.8035592129399702,2.0918414021197513,-0.686043160632933,-0.05115900917206565,-0.6493266438938444,-0.9518725779243598,0.5566704711695893,1.3850658500071569,0.7912135143113154,1.237114184735866,0.6795757665130432,0.8200367948598906,1.7707999093987767,-0.7910682597479163,-0.6516131881728072,1.13195784435093,-0.7203933142394032,2.096873081001942,0.2514886682026129,-0.1532440991387405,-0.1607907403235886,0.1890486229713212,-0.37174181903963527,0.06938110143228039,-0.20882997275045564,1
-1.8969153204192981,0.7225308599482267,1.4383931084795292,-0.4281154315628296,1,0,0,1,0,0,1.43515561898343,-0.63794518630504,-0.438485436776663,-0.09697684693249495,-1.128033792371823,-0.4156787056002934,0.8850869920782085,2.0789179630807286,-1.3360818693260743,0.09915071121627213,-1.5212022433000063,-0.4340728120876918,1.5232813286454085,0.495155897068495,2.6070058891375267,-1.4948647548768934,-0.43051609272404934,-1.9699021579007405,-0.604544012877736,0.007555847346540335,-0.735981069784169,-0.2417388772840419,0.32427375993242186,-0.5608386021968962,0.05441137179183627,-0.007555847346540335,0.6045440128777353,1.1900982546492709,3.9432819481699712,2.356120140614615,0.9767472778902511,0.7346953936826055,1.3297299961089997,1.8188264531454346,2.5043724580243647,0.7598912632898273,-0.47058938433204756,0.19995793940503753,1.4375068015382888,1.4156747362063122,1.0576735027604598,1.2359135470257274,0.6160407084282594,0.6817421706862145,1.5232025883508855,0
-1.7684140086331095,2.165525754350092,-0.4445202009343899,-1.161438585374874,1,0,0,1,0,0,-0.44506599463230834,-0.05647310794750585,-0.4128990739419065,-0.10739254069515815,0.0685891036065978,0.039563458014310826,-0.20753680977279992,0.5857965102195488,-0.7986248486059941,-0.3295863064331804,-0.7569716334443024,-0.021704000461515924,1.2250348798969701,-0.8730965917192846,-0.3529931883757952,-0.1422659312260783,-0.6164719788276819,-0.26413012201836883,0.9892619376698285,-1.0107396132765438,-0.5838028410673871,-1.1576449213701703,0.9487833813270903,-0.16603322464465148,0.7262285414996149,1.0107396132765438,-0.9892619376698293,-0.6760201580619267,-0.03432821836595151,1.0551619967881019,0.8087807714596554,0.4957394703862077,1.109195039464111,2.145063292257104,1.6738499195514247,0.6978801664463103,-0.4150773999081907,-0.9381911455531051,0.7897584364088047,1.2082143943425034,1.0576735027604598,0.5380035976561225,0.5337254978059351,0.06938110143228039,1.0283361423219313,0
1.110015375377516,2.165525754350092,0.27967722576327125,0.3052077222492148,1,0,0,0,1,0,-0.33149556159511606,-0.1576492495817168,-0.4896581624461761,0.03148337614035112,-0.22299113034194412,-0.1455743177582296,-0.05857155674250922,0.64232004665467,-0.5529283360460808,-0.06640557198653615,-0.1670237471287217,-0.11831184010599424,0.03619082947858721,0.22760282423649283,1.9430584528811783,-0.4089113444168245,-0.009371427646460382,-0.16721044424448547,0.02438743144227863,-0.18555039652161812,0.3088632356550669,1.0649088813249912,0.3449550927047123,0.08041709638847422,0.053890597483978495,0.18555039652161812,-0.02438743144227934,0.5216379277079463,2.4422969796658496,1.137040481364595,0.7183372679970265,0.683490552976235,1.0461850518512859,0.6769975162545934,0.7325910426154264,0.8839134569768611,0.44535835866158957,1.2622304186993043,0.589047675382767,0.6895635396829819,0.6853649840403343,0.062155904904119784,0.6160407084282594,0.5704037944582268,0.6571863078002155,0
-1.7941142709903475,0.9802085196628456,-0.15484123025532542,-0.8681093238500562,0,1,0,1,0,0,-0.4576849316364408,0.020281206395688665,0.8024531607090287,-0.5471662773409375,0.9539562211440196,0.438459342045968,0.5950788988341237,0.709630260798419,0.12767611038225396,0.047497928059772966,0.3050670992225609,0.3363342565130702,-0.3841831395340211,0.1664663203643468,1.0328090275630013,-0.3178681822165378,0.5887470075757038,0.5198904740928895,0.20465562353765385,0.2557448558590603,-0.6611405087601676,0.06065560790947952,-0.4939643881045472,0.5196248181023181,0.11096968953671545,-0.2557448558590603,-0.20465562353765385,0.6330479821981672,1.7668537438389946,1.792068357976546,1.3126802907514432,1.5369045647490853,1.7077899217859516,0.10608304780917345,0.012804842605544792,2.0621242970036877,-0.6648813298155464,-0.02767187758659086,-0.24116501795220557,-0.4514683405679659,-0.2284831982727022,-0.0012904541294803558,-0.5363722402842841,-0.48731077970765985,-0.45626319576493324,1
0.930113538876852,-1.6738713753977288,0.5693561964423357,-0.4281154315628296,1,0,0,1,0,0,0.9934928238387936,-0.5821238667827168,2.836569006072173,-0.7115027789296234,0.4427091354367468,0.10217043532869648,1.5374837042473612,0.6359913430803805,-1.5243601362319519,1.3464327838335994,-0.07930258783182412,-0.1734260317611055,0.09626491746272609,0.8086419170527246,1.5560493215757085,-1.0466776958873134,0.6565924329686436,-0.7132108147039804,-0.02757457514840374,-0.20918429502488586,-1.3299230416770684,0.6858979736381299,1.0320412294413677,-1.1678780093106935,-0.5932142972350036,0.20918429502488586,0.027574575148402326,0.7166055230658329,1.391607501712964,-0.09113678728281299,-0.6124742829530796,-0.34060626115118536,-0.24551969421163483,0.35076067714292497,0.40038202722625016,-0.4183195767369984,-1.3032691506898992,0.35171115073279,-0.6882026220556532,-0.10137901367278856,-0.5500223735309933,-1.016432198667086,-0.04248097655033679,-0.15329565102369538,-1.198562864808365,1
-1.0231064002732158,-0.8235350983394863,-0.4445202009343899,0.7452016145364414,1,0,0,0,1,0,0.8673034537974689,-0.5640982323536332,-0.0035172685858019803,-0.35563324203863095,-0.472477208587638,-0.15899009861131222,-0.6903490583070414,0.1373281362939377,0.27551635369457694,-0.7088442954690191,-1.6926841745802235,0.30689677403141946,1.7650031741629792,-0.5496602099877987,-0.7834240932961491,0.31306782551036505,-0.764645169710079,-1.40347374244033,-0.22109974072011698,0.6378546273322155,0.41073316516420544,-0.9733042354396682,-0.062037112861048536,0.1993938511923589,0.8303533823008163,-0.6378546273322155,0.22109974072011698,-0.5646101035717058,-0.7848207026180125,-0.23669853764102378,-0.04397226118798574,-0.34060626115118536,-1.1906695084040155,0.5954383064766764,0.7879592118469556,-0.8523972546416179,0.22331042096616224,-1.0140677512169813,-0.49661507743988936,-0.4514683405679659,-0.3469449996836519,0.31594134103852145,-1.1948939252628807,-1.0996718489615938,-0.332546584257695,1
0.3647077670176212,0.4133176682906843,1.0038746524609323,0.5985369837740325,1,0,0,0,1,0,0.29945128861150755,-0.4635035627977798,0.44424408102243734,-0.47772831892318285,0.07109206159341248,0.012731896308145543,0.8377770914815104,-0.6886586168184955,-0.3358870985005482,0.9087540890896197,0.6473055218496219,0.053823617142380924,-0.4804461569871865,1.8419348403244773,0.36857501102886625,-0.7721639446013152,1.4411529496719044,0.8765848553169879,-0.37315522795503414,0.4434998061064408,0.6754901501353489,1.3144359186705048,-0.31678138118272847,0.20135444894895088,0.014285617001891049,-0.4434998061064408,0.3731552279550334,1.7192960134778195,0.340918023760079,0.00893691608845806,-0.39282577454383927,0.17144214591252482,0.5421051509486824,-0.6279498401920818,-0.5408768497097485,0.139780294854656,0.6951622885689447,1.33810702436318,0.23324223538206504,0.028283699992091807,0.10997909147286698,0.31594134103852145,-0.04248097655033679,0.18071947766026855,0.2860364732784985,0
1.135715637734753,1.2378861793774645,-0.15484123025532542,-1.161438585374874,1,0,0,1,0,0,0.1858808555743153,-0.41175254782395926,-0.68155588370685,0.5291220781342594,-1.1668343171816367,-0.7255832433065024,0.6431265884820563,-0.1118441399599158,-1.1720280782299513,0.3704433325071657,-0.49046583566954954,-0.4184543952947856,0.23601450749596664,0.46651049743404893,0.6321667076612846,-1.3418174057933503,0.23103840270325854,-0.8932629929013431,-1.0726104692356557,0.4930801176436292,-0.42815138441072076,0.7868003222439706,0.2538045576683696,-0.27135131797774836,-0.23446784562598916,-0.4930801176436292,1.072610469235655,0.18740776423728422,0.26586877533487285,-0.7825551014843162,-1.2843403086754637,-1.1428154322176651,-0.37153966943728567,-0.46483142063624716,0.012804842605544792,-0.6043528672675491,-0.44283339212011924,0.6552175733882943,-0.17730250308028428,-0.02358138547386016,-0.1269445113490324,-0.3819686083310823,-0.20711139779498602,0.013711913318286572,-0.023255055489598248,0
0.72451144001895,-1.6481036094262664,-0.4445202009343899,1.0385308760612593,1,0,0,1,0,0,-0.4198281206240434,-0.10008351382432092,-0.6559695208720935,0.35089798486202245,-0.48783921208039627,-0.34815260863977743,-0.15328738317906188,-0.09926042854232099,1.2210972241835762,-0.6129731359789821,0.26215532146050713,-0.08150130877370679,-0.24075595388515278,-0.6159017746090166,-0.373283225645257,0.7749391998137456,-0.5675831305419908,0.0497111308619961,0.1590389773671773,-0.26889098598050765,-0.402251958500957,-0.23770888772137846,-0.8905416514968215,0.26528144456376596,-0.2922815134082684,0.26889098598050765,-0.15903897736717798,-0.3417899945912644,0.04072103005925432,1.4008711538888534,1.6615338041072958,1.2979486414526862,0.7311351137871589,0.5954383064766764,0.5664865349208381,1.3800022317249987,-0.3040534310604773,-0.1035484832504671,0.40658334717727845,-0.1402778277722523,-0.025405824425361403,0.6331731362065233,0.4514102871836102,0.3477270420022505,0.22417816752487937,0
2.1637261320242622,2.165525754350092,-1.168717627632051,0.3052077222492148,1,0,0,0,1,0,-0.3945902466157784,-0.11055001123475654,-0.4896581624461761,0.03148337614035112,-0.13509046477443712,-0.10935170945490646,-0.7779997045647118,-1.667371508280745,0.211951954576332,-0.26704750546118394,0.34947683718616346,0.33553539427716106,-0.6067998583621177,-0.6707580703109628,-1.1686342783081913,0.7644240869107902,0.014217379973014794,0.5996349190309624,0.74955583532744,-0.28577009270635834,0.4116139672564592,1.1178075565179815,0.4784270642290846,0.3748616620192289,0.13108978465949495,0.28577009270635834,-0.7495558353274407,-0.4253475354589299,-0.8598699510432187,1.2644070129280303,1.5323287991606835,1.4686314438072563,0.7311351137871589,0.5138790966987595,0.17890935030013266,1.4420133285685155,0.41760236644966076,1.1104772073715516,0.15113328768959466,0.37837302688726915,0.5161338391675497,-0.5088613263982832,0.6160407084282594,0.514734606344233,0.2860364732784985,1
-1.7941142709903475,0.928672987719922,-0.15484123025532542,0.5985369837740325,0,1,0,1,0,0,-0.4576849316364408,0.020281206395688665,0.9943508819697028,-0.5766774096684832,1.025839620654528,0.4612661694962084,-0.3752641857045086,-0.543612933008441,0.49983751623521144,-0.24186721818312454,0.9405843441800246,0.046553780111351556,-1.0132884776758013,0.15267871395337296,0.9748112127558738,-0.4929320846769764,0.5209893034832855,0.5596129290238744,0.513835114248652,-0.4461216066019436,0.6743687571890582,1.7226702842176387,-1.1786438362607867,0.8433510828854452,-0.6764526080866597,0.4461216066019436,-0.5138351142486527,0.5216379277079463,1.5417059985633763,1.4372615914784068,0.9121447754169449,1.1101975588626602,1.7392949155923647,0.35076067714292497,0.12354118106860354,1.6280466190990672,0.6396503041450882,1.6416134470186852,0.06902433999712428,-0.5551985114998699,-0.21156008378542468,-0.12818317219668063,0.6983559190505837,0.514734606344233,-0.45626319576493324,0
-0.12359721776989524,-1.0296772261111817,-0.15484123025532542,-0.4281154315628296,1,0,0,1,0,0,-0.6091121756860305,0.2586847585222777,0.86641906779592,-0.5587392704105633,1.3150646565363162,0.6307522009401524,0.3664027193685033,1.4447681967235253,0.13060871522455916,0.2811564601529616,0.8401584245180012,0.5570348127760253,-0.3554188187733373,7.917420869141889e-4,0.8034379345621584,0.6183306546876743,-0.09297309928077077,0.16398574824861878,0.5391776954544716,0.22497917377587734,-0.5087008011486039,-1.17812320567574,0.44281618725026894,-0.47201477270709163,-0.9321469335141752,-0.22497917377587734,-0.53917769545447225,0.24311279148239442,1.1664597564373458,1.0005763404037717,1.2093162867941527,1.1101975588626602,0.3215701943037938,1.0032343553662626,0.7879592118469556,0.8219023601333442,-0.47058938433204756,-1.0899443568808573,0.06902433999712428,0.28760912732185256,0.0761328624983096,-0.9212626601166852,0.4514102871836102,0.6260729825722207,-0.332546584257695,1
-1.0488066626304537,1.2378861793774645,0.27967722576327125,-1.161438585374874,1,0,0,1,0,0,-0.4955417426488382,0.13076090128362017,-0.68155588370685,0.5291220781342594,-0.44364294265511894,-0.3083524587756323,-0.37286774618480817,-1.0984501979237382,0.22029553606553404,-0.458344509845426,-0.5187405904451935,-0.6606353547044918,0.12226463721161025,-1.0292105845538382,-0.7354481355394702,0.8403665689876884,-1.06816595584597,-0.9934154733664052,-1.2694823106029698,0.3580292690535297,-0.5098934115904767,0.7709015719572211,0.5433359794439422,-0.43998121418077873,-0.29548868370977915,-0.3580292690535297,1.2694823106029691,-0.9823978079100336,-0.7097714541928067,-0.10023439668020068,0.3436427536518511,-0.11871861809024475,-0.9386295579527137,-0.30171300108041293,0.34501385799472056,-0.046252995675895824,-0.6093693453916895,0.4275877563966659,-0.6790794056453779,-0.32180562690308556,-0.4654068010946016,-0.8895394805998851,-0.28942660841731066,-0.15329565102369538,-0.7036964187794109,0
0.930113538876852,-0.12780541711001567,0.5693561964423357,-0.13478617003801185,1,0,0,1,0,0,0.9934928238387936,-0.5821238667827168,-0.630383158037337,0.26004998926546014,-1.384704412957232,-0.6486660997488286,0.28186326836232123,1.2284154809261059,-1.401325452900305,0.6518973039077792,-0.9354906740705421,-0.2426735459427499,0.43964038815910744,0.35405502047917786,2.5016249889001005,-1.3344110593383158,0.9315138461718376,-1.0505188471840268,0.5274811195133241,-0.8541271252918234,-0.038170131210785906,0.8200341982721165,0.5747044142722461,0.04300198363167972,0.19055650547760022,0.8541271252918234,-0.5274811195133248,0.24311279148239442,2.142099985965025,-0.2730889752305771,-0.8967252938356269,-0.5283573437412127,-0.5920746260821743,0.6769975162545934,0.4557501964577793,-0.9764194483286528,0.27882240539001907,1.33810702436318,1.3371514210252706,1.4805060930387524,1.4130589069933075,0.506280418139323,1.5215080252738291,1.127095675598167,1.1520527538291696,1
-1.6399126968469209,1.2378861793774645,1.0038746524609323,-1.161438585374874,1,0,0,1,0,0,-0.6343500496942954,0.34997587482441056,-0.68155588370685,0.5291220781342594,-0.09920064193564308,-0.13976081272189378,-0.18763642559872518,-0.835463020698911,-1.079819328584758,0.535269505625189,-0.21458530623454292,-0.14423627030560965,0.12123819249539856,-0.48873321910227113,-0.41785037574403444,-0.9248462430793326,0.5093517553523301,-0.0410175963372891,0.5209310369862826,-0.7133741297612541,-0.22742345658705618,0.7281058816229099,0.5467679138739446,-0.2180500878152647,0.23892570823129647,0.7133741297612541,-0.5209310369862833,-0.4253475354589299,-0.3345252120667762,0.20908432283099887,-0.3153027715758717,-0.10165033785478751,0.6051151385615076,0.5138790966987595,0.2896456887631914,0.07776919801113909,-0.47058938433204756,0.19995793940503753,-1.1352402261590995,-0.723760039264214,-0.7530997473783346,-0.8895394805998851,-0.20711139779498602,-0.5429799678216537,-1.2604211705619852,1
1.7782221966656961,0.928672987719922,2.8867879618748513,0.5985369837740325,1,0,0,1,0,0,-0.7100636717190902,1.096004551357127,0.9943508819697028,-0.5766774096684832,1.7490309951810465,1.2885726554363046,2.3809820830788997,-2.5191801372611806,2.0710624482359745,0.6744033577493304,2.619958818918389,0.4909442316296624,-2.2241761494669117,3.3795003957443095,-1.0657586310970046,1.5217964081641693,1.8970290462780466,2.6391420613393004,1.339121780472951,-0.6585353003337585,0.0659434299376555,2.390000197082822,-1.3019531190224272,0.9699861016949402,-0.8294662240292994,0.6585353003337585,-1.3391217804729518,4.922335080071665,-0.4846237089171882,2.629048422536261,3.2895168664346115,4.284897682657662,1.2667200084961745,-0.7910682597479163,-1.3160312189511594,3.612401718091616,0.029018475482663446,2.1727496866658176,-0.08607033897753999,-0.7367263106307022,-0.3469449996836519,-0.3502454288142823,0.6983559190505837,0.4033962301162448,-0.7036964187794109,0
-1.6399126968469209,0.928672987719922,1.0038746524609323,0.5985369837740325,1,0,0,1,0,0,-0.6343500496942954,0.34997587482441056,0.9943508819697028,-0.5766774096684832,1.4396383421289347,0.7148244276194703,-0.43241074901878457,-1.9806426980284066,0.33708679674577924,-0.44417251221226645,0.5264268750803753,0.22265214588334634,-0.4698510234077058,-0.39588514925997137,-0.5327110237289894,-0.4348939790960537,0.5529198975137641,0.22920065608442775,1.1360522199736263,-0.8230517886162441,0.20571389598721834,2.18483605221118,-0.8978354516020931,1.148314313925541,-0.4606108894901169,0.8230517886162441,-1.136052219973627,-0.4253475354589299,-0.5596729573423944,-0.23669853764102378,-0.4186667755331612,-0.18699173903207253,0.038025250046078915,0.35076067714292497,-0.1532996650890431,-0.5423417704240322,0.1400424443303771,1.9451198696741894,-0.14993285384946126,-0.5811310542328463,-0.1269445113490324,-0.5405845059150832,0.7806711296729086,0.4033962301162448,-0.5799798072721716,1
-1.8712150580620608,1.1348151154916164,1.4383931084795292,0.3052077222492148,1,0,0,1,0,0,1.3594419969586353,-0.6338748817565374,-0.3617263482723934,-0.15426316262714251,-0.9957492873086835,-0.3682762799194014,0.5504398658021614,-0.271789393472875,-0.3848201994209305,0.020468672161555228,-0.9108694677125931,0.2527816222308977,1.202266555824579,0.7944783074076539,1.8370042311283943,-1.1438219056791554,-0.11345771703538231,-1.6010519991409975,0.06512235289855058,0.28017642692511974,0.028433331119466658,2.2133099841609996,-0.6233686012820826,-0.14015458561619878,-0.378940738937623,-0.28017642692511974,-0.06512235289855128,1.282939966724455,2.567379060374527,1.5676606595076354,0.6106664305415159,0.5355654576022743,0.5946134739593706,2.2266225020350205,2.412092175971816,0.5531876071447698,0.25106641317809053,2.6280093206490753,0.9357298989731951,0.4302381123532211,0.34690269429476517,0.9821281108913258,0.6160407084282594,0.848749735028197,0.7809029193074537,1
0.46750881644657266,0.9802085196628456,-0.8790386569529866,-0.4281154315628296,1,0,0,0,1,0,-0.21792512855792381,-0.2646401119995031,-0.2977604411855021,-0.1797237473803192,-0.0821507840473803,-0.064632439944631,-0.3111587745511511,-0.6490144714417152,0.30364470042379876,-0.5662353074407966,-0.001220644661308944,0.020756292270949994,0.1016371924624424,-0.8940382155022888,-1.394476886405947,1.0611785434329846,-0.8851454005854082,0.14966433831565007,-0.22931895624632825,0.2557448558590603,-0.46063860034113646,-0.5061636026101609,0.6512896188445471,-0.11274765749426531,0.14770499440738635,-0.2557448558590603,0.22931895624632756,-0.7874302125521474,-1.2351161931692491,0.40923172957353837,0.9250652759116064,0.47867119015075044,0.16404522527173035,0.10608304780917345,0.2342775195316623,0.8839134569768611,-0.49834537654397587,-0.5588081172337243,-0.31415074923440073,0.054216242725068246,0.008440404549195996,-0.5723076854318833,-0.5363722402842841,-0.48731077970765985,-0.3944048900113141,1
0.7759119647334253,1.0317440516057692,-0.15484123025532542,-0.4281154315628296,1,0,0,1,0,0,-0.23054406556205628,-0.2256814827495483,-0.5280377066983108,0.1443200585692024,-0.41489264600104153,-0.28509843863028905,-0.018880947954842648,0.2561299343955941,-0.09233468357795131,0.5915611933879424,0.08591023163343421,-1.6616753369640889,-0.8616457397946371,-0.8268751829449266,-0.5811993306987471,0.3515354386224053,0.15796346821324436,0.17115620221196137,-1.7234987339964678,-0.5569819125050662,-0.7999495222810352,-0.9337791038392996,0.47948381954832764,-0.6425271368438099,0.05541320994834602,0.5569819125050662,1.7234987339964665,-0.7038726716844818,-0.40957446049198204,0.527500651739586,0.6408142650290589,0.683490552976235,0.06953024385249205,-0.8726274695258333,-0.1532996650890431,1.1939689411944467,-0.6926373220274746,-0.7864379342253526,0.41570656358755365,0.6117659114840535,0.2961333508329291,0.41111087958892223,0.8629863402952329,0.6260729825722207,0.22417816752487937,0
-1.7941142709903475,0.9029052217484598,-0.15484123025532542,1.7718540298733036,0,1,0,1,0,0,-0.4703038686405733,0.020281206395688665,-0.7839013350458762,1.6111969301442688,-1.0484395733908003,-1.2295694106873067,-0.6623658348209377,0.3738188324468241,-0.35191056641139934,-0.3600622187192029,0.06621004154595259,-0.010639489298076519,-0.1069217536388085,0.22760282423649283,1.3271825517896267,-0.5356262356363688,0.6436353232082358,0.6573495368164471,-0.2971274843375756,0.28017642692511974,1.1484538773055264,0.8164642664409627,-0.05717917785916176,1.1246385970212016,0.5556975832850658,-0.28017642692511974,0.29712748433757485,0.29881781872750485,1.391607501712964,0.33645085439443295,-0.0052107597040024186,0.2567835470898098,0.9201650766256344,-0.7910682597479163,-0.762349526635866,0.6358690696027934,1.5833540393506536,1.33810702436318,1.3462746374355445,1.1044842234105985,1.5653669373788135,0.664896315723324,-0.20711139779498602,-0.09762646290970158,1.9562107286262216,0
0.3904080293748593,-0.02473435322416849,1.0038746524609323,-0.4281154315628296,1,0,0,1,0,0,0.33730809962390496,-0.4635035627977798,-0.10586271992482811,-0.30991991941360914,-0.31085692861118575,-0.1169539852716533,0.6404438996519506,0.09290817512957726,-0.6271418317757473,0.1813819847725048,-0.7144475774393412,-2.2061902762691434,0.04734127826507085,1.8242250616781726,0.015155351082730237,-0.6699261731613044,1.4879272759315254,0.8171515838502275,-1.0760532349843712,-1.9417639089371364,0.932191354841424,-0.11233708808144541,0.18411269681991144,1.2303678569871455,1.726606317409867,1.9417639089371364,1.0760532349843703,1.5243284181199328,-0.10937746679115769,-0.3640650692044592,-0.6383152839424023,-0.06751377738387422,0.06953024385249205,-1.1988643086375024,-0.9284540343304539,-0.046252995675895824,0.8616982418405155,-0.1035484832504671,0.014285041535478216,0.10608132819102022,0.600749411603942,0.6014499566897238,-0.04248097655033679,-0.8213259083916238,0.40975308478573785,1
-0.8175043014153137,-1.4419614816545723,0.27967722576327125,1.0385308760612593,1,0,0,1,0,0,0.26159447759911014,-0.4530370653873442,-0.13144908275958464,-0.2821447360465073,-0.2896569821351438,-0.13036976612473594,-0.8451236417806933,-0.12441179814395294,0.2568128611039015,-0.15006616413012386,0.07850153509023075,0.36660555931132066,0.021316734728637172,-0.3461764668386506,0.0046700904982954995,-0.2766943592364347,-0.06578293798971867,-0.20151213945662433,0.6912331826893902,-0.18555039652161812,0.8292695496942432,0.1754374915053526,-0.6291229311411443,0.1375004710332898,-0.2987932233296663,0.18555039652161812,-0.6912331826893908,-0.2582324537235989,0.11577027848446049,0.35464607318920965,0.14983524623193267,0.12023730520615308,0.3530751881102058,1.247911984700014,0.954063719541543,0.5118468759157585,1.0282341951120857,0.4275877563966659,0.7623887871779818,0.28760912732185256,0.3299795798074865,0.728342674756924,1.0276167615398821,1.0157572993701793,0.6571863078002155,0
0.004904094016293398,-0.12780541711001567,-0.15484123025532542,-0.13478617003801185,1,0,0,1,0,0,1.3720609339627678,-0.6338748817565374,-0.5920036137852022,0.2531061934236847,-1.407021030027518,-0.6830999372717407,0.8649881937605431,0.6088963376265369,-0.9917851396566667,1.1963443765981607,0.8176280706280366,0.37465003967421495,-0.34192452585186983,1.3518701001166769,1.5400830317025178,-0.11411237628041292,1.7518297210779814,1.1709005429945523,-0.35307242775419667,0.8611509049874916,0.14798553586574476,0.7070920402488807,1.2411315777033198,0.12090029269577741,0.08019994699546383,-0.8611509049874916,0.35307242775419595,1.4129183636297125,1.6167552469885829,0.3728412919839863,0.2531992501892221,0.9736513169790033,0.19555021907814235,-0.9541866793037505,-0.9284540343304539,0.6978801664463103,0.22331042096616224,0.8069707847160468,0.36096726512590627,0.9748215097457181,0.9730579303240674,-0.9529858396334858,-0.8656330827735822,-0.5986491559356475,0.2860364732784985,1
-0.9974061379159777,-0.8235350983394863,1.7280720791585935,0.7452016145364414,1,0,0,0,1,0,-0.5838743016777656,0.2540329818954174,-0.0035172685858019803,-0.35563324203863095,0.7845310035618741,0.4702100233982635,0.5927206919040189,1.8443859371356317,-0.25265165863119043,1.078513573893658,0.6059590895713535,0.9211400129490086,-0.48738484644137964,0.9057295173074351,1.3704934797135488,-0.31082316702542767,1.422915782488683,1.1316997939438356,1.1750460966186718,0.09092870184200141,0.08080171129424825,-1.1585472986887302,0.03303597404090516,-0.04606332584950955,0.3171080874204113,-0.09092870184200141,-1.1750460966186724,0.27096530510494976,0.491016520610491,-1.5649495096597015,-1.4523068151060594,-0.9379960693921812,-0.844114576533476,-0.9541866793037505,-1.4267675574142176,-1.2864749325462383,0.05677446769459199,-1.0899443568808573,-0.031331040515893936,-0.010615114107371936,-0.025405824425361403,0.28421816152172197,-0.37174181903963527,-0.3759724034796717,-0.1469716669968365,1
-0.2006980048416086,2.088222456435707,0.714195681781868,0.5985369837740325,1,0,0,1,0,0,0.097548296545388,-0.3989601621000935,-0.31055362260288033,-0.17625184945943148,-0.3686555906441811,-0.17061710868398386,-0.07882420086077131,0.9589036451456397,0.457975063412374,-1.1955666589259164,-0.796339196877217,-0.09133850152998016,1.080686514433007,-0.7197518611287315,1.2662987884323103,0.0652894809204277,-1.0642962640847227,-1.1547297739627964,-0.32687747097049374,0.19961827368027837,-0.6095606089716326,-0.047575018271153124,-0.5604576221086645,0.5597954677294501,-0.092088916939961,-0.19961827368027837,0.326877470970493,-0.7317251853070371,1.0163612595869336,-0.31857702221751816,-0.23777976860790415,-0.6307670251539549,-0.5920746260821743,0.9216751455883455,1.2309045656991897,-0.5423417704240322,-0.5261013687559044,0.04820472807728505,0.29710475025398503,-0.0495139282068366,0.17767154942198057,0.2207718024881207,0.12214944469431245,0.23638866577426285,0.10046155601764112,0
-0.894605088487027,0.6967630939767645,1.7280720791585935,-0.13478617003801185,1,0,0,1,0,0,-0.3062576875868511,-0.17160457946229762,-0.09306953850744984,-0.31512776629494077,0.22349099186228139,0.11156148192585431,0.29028952343568093,-0.9363071812581257,1.1555049298252957,-0.5771563341638483,0.1670601203972788,0.5324632961999339,0.912147856779007,1.513785713964619,-0.4098971205349727,0.5847255156588009,0.7866228311052906,0.6714614091291328,0.6912331826893902,0.040659774866796713,1.1089022002326272,0.8744850532546621,-0.9920211961921344,1.5597027064275124,0.43836503820868394,-0.040659774866796713,-0.6912331826893908,1.6078859589875987,-0.25947596364157,0.4547197765604794,0.705416767502365,1.0248561576853752,-0.2140147004052217,0.758556726032511,0.4557501964577793,0.6358690696027934,1.4168180860790833,1.2622304186993043,1.0269620630759395,0.28760912732185256,0.9222885868622325,1.0138512904081252,-0.7010026615289333,-0.7656567202776299,0.8427612250610729,0
1.2642169495209417,1.8820803286640106,0.27967722576327125,-0.4281154315628296,1,0,0,1,0,0,-0.15483044353726144,-0.2762695535666538,-0.4512786181940413,-0.0639938166840615,-0.3557422770876119,-0.16301483286723703,0.20865056127035117,1.0999257528165027,-0.6483136972804979,-0.38170529274573367,-0.2712500933818329,-0.45251560103129806,0.09987804708578571,0.5149543549294182,0.40944899055064177,0.2264741093090442,0.05483475064487136,0.12120928070672086,-0.9306920144830665,0.30587169994287167,0.22440263935914606,-1.099505604335537,1.1138511815956145,0.5700324250112183,0.47097567726931505,-0.30587169994287167,0.9306920144830657,0.38237535959517033,0.26586877533487285,-0.2912841940253525,-0.1344157646506147,-0.10165033785478751,-0.34003467563087314,-0.709509049969999,-0.3747723420151606,-0.10826409251941274,0.0012624832707351544,-1.1658209625447336,-0.7155722712864762,-0.08841274230630035,0.1438253204474232,-1.4288335323854886,-0.7010026615289333,-0.6543183440496418,-0.45626319576493324,0
0.4932090788038099,0.7225308599482267,1.0038746524609323,-0.4281154315628296,1,0,0,1,0,0,-0.1800683175455264,-0.2733621931748661,-0.4001058925245282,-0.09697684693249495,-0.2533647993537721,-0.13528888577086623,1.315211424510407,0.46383504304804757,-0.8260694892997563,1.0225977391674153,0.49968836617726275,0.29615060464221404,-0.5015024894668922,1.2037185909642016,0.3428352942658593,-0.1602873124961304,1.029319066373497,0.8729148269023793,0.3422533759207262,0.06447137185505257,-0.6260920684697249,-0.29318328137103516,0.9681913743553507,-0.36080840667419944,0.20261208063479352,-0.06447137185505188,-0.3422533759207269,1.7192960134778195,0.8662627627365218,1.5009448572601232,1.1705547853101694,1.605177685690913,1.3297299961089997,-0.30171300108041293,-0.4855086804782194,1.5040244254120325,-0.3595654154843339,0.12408133374116129,1.3736442866663687,1.7527977917350004,1.4638282504551436,0.506280418139323,0.28677986593896093,0.3477270420022505,1.5850608941045057,1
0.030604356373531493,2.758184371693716,-0.15484123025532542,-0.13478617003801185,1,0,0,1,0,0,-0.3945902466157784,-0.09892056966760585,-0.822280879298011,2.8118949611179427,-1.6285130175121179,-2.249168755521587,-0.6765854474427692,-0.3608262888322893,0.08474529034116898,-1.7419874523663372,-1.466783567470704,-1.1773262861816367,1.2305732809054912,-0.1334527867386739,-0.5141514690867505,0.45043854553194634,-1.5235102810580365,-0.8863997518542461,-0.2611143426240418,-1.3467626096488186,0.8074640825020448,-0.019820249641925844,0.3367976472514674,0.8426259490858878,1.0414936408794617,1.3467626096488186,0.2611143426240411,-0.20252742647848845,-0.5596729573423944,-0.30038180342274146,-0.031051760693324323,-0.6307670251539549,-0.30852968182446,0.18764225758709038,0.34501385799472056,-0.6043528672675491,1.1392581639597994,0.35171115073279,1.145563876409508,1.1693155802430386,1.4976744794297,0.886958572340925,0.03983423407198747,-0.5429799678216537,1.0283361423219313,0
0.46750881644657266,1.0317440516057692,-0.8790386569529866,-0.4281154315628296,1,0,0,1,0,0,-0.21792512855792381,-0.2646401119995031,-0.5280377066983108,0.1443200585692024,-0.42846585176954877,-0.3150603492021736,-0.01751253859107898,-0.5055467672026935,0.7139976539428964,-0.02778114044792527,0.18092809947836516,-0.48877720107379613,-0.6453299376702752,-0.8927652587793674,-1.3930578000278557,1.242466647498888,-0.9492247117534356,0.07584251171432889,-0.05671543019588151,-0.6103841330315712,-0.8676889162268174,-0.7016559195392527,0.27250044570674886,-0.9037044469865813,-0.16116993930819887,0.6103841330315712,0.056715430195880795,-0.7874302125521474,-1.2351161931692491,0.4001341201761507,1.0155087793742343,0.529876030857121,-0.024984737566746233,0.18764225758709038,0.2342775195316623,0.7598912632898273,-0.8036612908751883,-0.6346847228976005,0.0963939892279486,0.22277777048941236,-0.1607907403235886,0.3476645205553221,0.9453015509175579,0.6817421706862145,-0.08511336124321738,0
0.3904080293748593,0.9029052217484598,1.0038746524609323,1.7718540298733036,1,0,0,1,0,0,0.33730809962390496,-0.4635035627977798,-0.7839013350458762,1.6111969301442688,-1.8155323563488843,-1.6016337330127985,0.41727662337870014,-0.6518270677256094,-0.2930314592463942,0.3658541265423808,0.4100403589436947,-0.30408010071639346,-0.17731585212583859,1.7807132419534029,-0.2671878994194656,-0.5160238387401795,1.4091489319203376,1.057808746791417,-0.70065935430716475,0.28017642692511974,1.1990343874083682,0.6269901345024765,-0.11797037138276978,0.9030426372044517,0.4996718067262631,-0.28017642692511974,0.7006593543071641,1.5243284181199328,-0.3345252120667762,-0.2821865846279648,-0.4961897785011287,0.0519641842643253,0.25856020669096863,-1.1173050988595852,-0.983822203561983,-0.046252995675895824,1.4723300705029398,0.9587239960437993,0.9266066825629212,0.7154960824159574,1.0745966172477384,0.5697267771729232,-0.20711139779498602,-0.09762646290970158,1.5850608941045057,1
0.004904094016293398,-1.4419614816545723,-0.15484123025532542,1.0385308760612593,1,0,0,1,0,0,1.3720609339627678,-0.6338748817565374,-0.13144908275958464,-0.2821447360465073,-0.7497123101078753,-0.2694466943016926,0.12428800951736445,1.1685526234077925,0.2053585366083946,1.1165118521345738,0.852574268777279,0.005584685869390064,-0.8837964927922153,1.1743290819497325,1.7611394565122132,-0.2133353698292575,1.8926988695849154,1.1598628566323925,0.07195265285990604,-0.06374491962016399,1.0005502792471592,0.16039569799092934,-0.4951134717891438,0.36843231915671076,0.023992025456358007,0.06374491962016399,-0.07195265285990675,1.245803281894381,1.841902992264201,0.391036510778763,0.21443774870523882,0.9907195972144606,0.19555021907814235,-0.709509049969999,-0.8177176958673952,0.6358690696027934,1.1392581639597994,0.35171115073279,0.589047675382767,0.22277777048941236,0.36382580878204385,0.6331731362065233,0.4514102871836102,0.45906541823023866,0.6571863078002155,0
-1.6399126968469209,0.6967630939767645,1.0038746524609323,-0.13478617003801185,1,0,0,1,0,0,-0.6343500496942954,0.43603374242132564,-0.09306953850744984,-0.31512776629494077,0.8587817008212933,0.5788778483082329,-0.9844075132072494,-1.2664171784264908,0.24661281407506463,-0.3936452378090423,0.6654621570288577,0.6505663286593183,0.2691467179089483,-0.3907081286705609,-0.8212158398737948,-0.5508650356221704,0.8293737685651158,1.1280740878685214,0.9416775146057242,-0.04664941409013511,0.9784516516563573,0.9155213206057248,-0.8906942139975573,1.3541821521797939,0.23621138920939644,0.04664941409013511,-0.9416775146057249,-0.5924626171942612,-1.009968447893631,-1.0918738209955157,-1.168055804223513,-0.8355863879794388,0.06953024385249205,-0.6279498401920818,-1.0391903727935126,-0.9764194483286528,1.3057941172313696,1.33810702436318,1.099947794358136,0.4043055696202447,0.9561348158367899,0.886958572340925,-0.6186874509066087,-0.7099875321636356,0.7809029193074537,1
1.8810232460946468,0.928672987719922,-0.4445202009343899,0.5985369837740325,1,0,0,1,0,0,-0.43244705762817587,-0.06693960535794147,0.46983044385719386,-0.48293616580451443,0.7645816842404989,0.321742048624149,-0.002555267166509343,-1.9956675565846251,1.0135869715401764,-0.25997071379044917,0.5952549401986615,-0.4887667350356006,-0.35238795587971466,0.3665246120531088,-1.1120101617440177,0.5935535022377727,1.0129402017464229,0.7430350615150249,-0.018359091073560794,-0.6484112087471453,0.36978023493282614,1.625128982656896,-0.7891433177925441,1.3556178270627552,-0.04843145791381411,0.6484112087471453,0.018359091073560086,0.02029268250195297,-1.2351161931692491,-1.06458099280335,-0.6383152839424023,-0.23819657973844427,-1.2851844898232538,-0.7910682597479163,-0.8730858650989243,-0.790386157798101,0.27882240539001907,1.413983630027056,-0.1864257194905595,-0.5551985114998699,-0.025405824425361403,-0.4136917878478824,0.03983423407198747,-0.26463402725168356,-0.3944048900113141,1
0.4932090788038099,2.758184371693716,1.0038746524609323,-0.13478617003801185,1,0,0,1,0,0,-0.1800683175455264,-0.2733621931748661,-0.822280879298011,2.8118949611179427,-1.8891220853103308,-2.3833265640524135,0.4032280137027364,-0.1321459532688204,-0.09484793106436458,-0.05706024965416557,-0.22026241177367759,-1.1171296193693587,-0.3734669442690906,1.4360202051610762,-0.06664185594388441,-0.0725220617163005,0.7246147146095046,0.5909093163605081,-0.07652239220166908,-1.4477375847033576,0.8741561001751463,0.1146141196587631,0.05678262116557446,0.7956002631877583,0.8632598591297901,1.4477375847033576,0.07652239220166766,1.8864110952131505,0.340918023760079,1.282602231722807,1.0413497803635572,1.3320852019236007,1.0146800580448727,-0.46483142063624716,-0.4855086804782194,1.13195784435093,1.1392581639597994,0.4275877563966659,0.9448531153834703,0.8321925247143505,1.142289075196852,0.886958572340925,0.6160407084282594,-0.04195727479570725,0.8427612250610729,0
-1.280109023845593,1.0317440516057692,1.7280720791585935,-0.4281154315628296,1,0,0,1,0,0,-0.7731583567397526,2.104858607307449,-0.5280377066983108,0.1443200585692024,1.073974337292604,1.5072498833415515,0.7310406479985202,0.8479023935039884,0.11728697156071759,0.6590771038342087,0.5201847618007985,-2.3122481910411423,-1.280633538335366,0.27241630417733625,0.5035022678288289,0.7037925891235884,0.37672084139870715,0.6550620478367274,-2.3498765620089648,-0.8230517886162441,-0.744334655193845,-0.6593751259577928,0.546908459310351,-0.5168207095092991,-0.03672507466127941,0.8230517886162441,2.3498765620089634,0.04814519612450831,0.19081952690966666,-0.7006766169078218,-0.26362076959722697,-0.10165033785478751,-0.7811045889206503,-1.7697787770829225,-1.149926711256571,0.38782468222872474,-0.6648813298155464,-0.5588081172337243,0.24236545179233895,0.4950694691856613,0.24536400737109418,0.030432725387320277,0.7806711296729086,0.4033962301162448,-0.023255055489598248,1
-0.9974061379159777,-1.6481036094262664,1.7280720791585935,1.0385308760612593,1,0,0,1,0,0,-0.5838743016777656,0.2540329818954174,-0.6559695208720935,0.43653813357725313,-0.1581902790310473,-0.14199677619740755,0.8420294369746351,1.4688111732827505,-0.2003665240371346,0.38102676164475247,0.023831518967234906,-0.0374068766994062,-0.41323134593052446,0.9640354180480291,1.096987144057542,-0.7752206972230908,1.3267663499478555,1.2094845470292284,0.9953441571592244,-1.0381887348318,-0.20760959855166913,-0.9170517915853365,-0.5051142880331191,0.80085622797074,1.1498441112793718,1.0381887348318,-0.9953441571592251,0.35452284597261524,0.340918023760079,-1.455778196891044,-1.5556708190633497,-1.0745423112758372,-0.2770246880180474,-1.1173050988595852,-1.5375038958772762,-1.1624527388592034,-0.44283339212011924,-1.0899443568808573,-1.0805009276974533,-1.1386807229918314,-0.8038690908401701,0.09387908442092041,-0.5363722402842841,-0.9883334727336057,-0.9511296417938885,1
0.3904080293748593,-1.2873548858258006,1.0038746524609323,1.7718540298733036,1,0,0,1,0,0,0.33730809962390496,-0.4635035627977798,-0.7966945164632545,2.097262639068551,-1.9355504724974755,-1.9772755968991125,1.160956323994089,-0.9299084123351299,-0.7304034842860496,0.8182157422943369,0.4219632186449559,1.1154572979817157,0.12963414316587143,1.9999906008249628,-0.3639303298373712,-0.6159422049575127,1.5620823018320174,1.0155254583151012,-0.11207882534413707,1.6325091290815754,0.3840290138496752,0.9117510639342058,0.379523516938095,0.44357738996785456,0.442890103758263,-1.6325091290815745,0.11207882534413637,1.6078859589875987,-0.4846237089171882,-0.50962681956267,-0.7287587874050313,-0.135786898325702,0.038025250046078915,-0.8726274695258333,-0.9284540343304539,-0.35630847989348147,0.16779843654230542,0.5793409677244183,-0.6060936743631827,-0.3347718982695729,-0.14386762583630988,-0.667477223982284,-1.3595243465075295,-0.8769950965056176,0.22417816752487937,1
2.754832166240731,-1.0039094601397194,-0.15484123025532542,1.7718540298733036,1,0,0,1,0,0,-0.7983962307480176,2.8229766240790037,-0.6047967952025805,0.2554207920376098,1.2375307746283346,1.9736718643337245,-0.26415730984961455,-0.60645915573588,0.4581514899052589,-0.9996518014379036,-0.9400151390064796,0.17934682411449757,1.1718658129428035,0.8190839736310003,0.1843054107071858,-0.2048650164297102,0.5105664854461464,0.4430904845606461,0.6912331826893887,-0.440948977121442,1.1857362251278092,1.0170173382324463,-0.8321780192712457,1.8567340787291646,1.6546573364652533,0.440948977121442,-0.6912331826893894,1.1622457410267157,0.5660657690356972,1.1461380907619838,0.8475422729436388,1.0419244379208312,1.0776900456576979,0.4323198869208419,0.12354118106860354,0.9459245538203791,0.44535835866158957,0.19995793940503753,-1.6370171287241937,-1.7221629344837932,-1.0746389226366257,-0.3185222492974822,-1.853415610241477,-2.1573864231274804,-1.198562864808365,1
0.3904080293748593,2.758184371693716,1.0038746524609323,-0.13478617003801185,1,0,0,1,0,0,0.33730809962390496,-0.4635035627977798,-0.822280879298011,2.8118949611179427,-2.271815312063907,-2.5295585753510146,1.1007971342922656,-0.5062050844861357,-0.3441038353921253,0.7327642054321726,0.33103444180351377,-0.40268589161378165,-0.5008278118938103,2.2917756521573955,-0.37254165038600373,-0.7174185168073306,1.804039363234023,1.0620718917284808,0.3506288912831737,-0.8969649934967807,0.7592300168600888,0.3215783175075752,-0.25053495128560205,0.7989373836848895,0.6065454996767299,0.8969649934967807,-0.3506288912831744,2.1649362314387024,-0.3345252120667762,0.05442496307539909,-0.3282232720705331,0.3762615087380082,0.4475901695294441,-0.8726274695258333,-1.0945585420250417,0.015758101167622184,1.0282341951120857,0.6552175733882943,0.9722227646142934,0.6765972683164937,0.9899810448113461,0.9504049313745251,0.36909507656128593,-0.04195727479570725,0.904619530814692,0
1.521219573093319,0.026801178718756015,2.452269505856255,-0.13478617003801185,1,0,0,1,0,0,-0.7353015457273552,1.351852265834442,-0.5536240695330674,0.21202206802651316,0.7118913981583822,0.875813797856462,1.5385177364869858,-1.0251790166460653,1.1564340689401587,0.8819019794713573,1.0464988645841686,0.4897021100303298,-1.102541754301324,2.084169340115224,-0.46080311290524956,0.9458732282424757,1.3842372871878497,1.7512669319913967,1.6167883223801933,-0.9356157016516281,-0.0568689166345397,0.945467930739507,-0.6303727382945309,0.18119332004693964,0.3492715253880834,0.9356157016516281,-1.616788322380194,2.5548714221544753,-0.10937746679115769,1.2007237471463126,1.584010801139329,2.2025674939319084,0.5106001571422693,-0.709509049969999,-1.3160312189511594,1.5040244254120325,0.3065783976019474,1.5657368413548085,1.5378621820513083,0.9099901529132779,0.9392117013495113,2.028993034945732,0.7806711296729086,0.3477270420022505,1.3376276710900281,1
0.33900750466038404,2.8097199036366387,1.4383931084795292,-0.4281154315628296,1,0,0,0,1,0,-0.5586364276695006,0.23542587538797632,4.589234860252995,-0.7595307001685704,1.9394365067000832,0.768040358336698,2.7532986903711127,1.7045382183666649,-1.0198090219363403,2.16168197781537,2.075850376291299,1.2471714732532144,-1.1278397699192835,3.256097798638738,2.0589403658497196,-0.1054625259700281,2.1602166732396673,2.0566827953422546,0.5364130502320184,1.1689852080572094,-0.5750742967127299,-0.2769309383837397,1.2881334289588,-0.7782590171229904,-0.6907567071269058,-1.1689852080572094,-0.5364130502320191,3.39044683083113,2.2171492343902317,0.5365982611369737,0.3953247556304958,1.2979486414526862,0.8886600828192224,-0.5463906304141645,-0.8177176958673952,1.4420133285685155,-0.3595654154843339,0.04820472807728505,1.0543317123067637,1.6490676208030963,1.1592121896841308,-0.635754044465484,0.03983423407198747,0.7374113588002092,1.0283361423219313,0
-0.48340089077122306,2.1912935203215542,-0.15484123025532542,-1.161438585374874,1,0,0,1,0,0,-0.5460174906653681,0.2179817130372503,-0.42569225535928473,-0.08135330628850015,0.2459983862581911,0.23051473882318704,0.6427703623443767,1.4279393498009723,-1.1292898065038284,0.17813556762989713,-0.46855423089908305,-0.3420593164854845,-0.042846555027759525,0.4819886871051944,0.5566129605223197,-0.9115823233528839,0.31306128835531843,0.10619487500420616,0.6912331826893902,-1.1520847651812123,-0.4121904185493086,-1.4022889257237956,0.6277246746176735,0.06977655506213656,0.7128220743506899,1.1520847651812123,-0.6912331826893908,1.1343932274041606,1.391607501712964,2.2287536090511795,1.2739187892674588,1.3662217623945152,2.495414766946269,0.758556726032511,0.4557501964577793,1.752068812786101,-0.10976148557697851,-1.0899443568808573,1.446630017948564,1.6101688067036326,1.548443822891536,1.109020828958526,0.9453015509175579,0.4033962301162448,1.4613442825972665,1
-0.020796168340944693,1.2636539453489257,-2.0377545396692445,-1.161438585374874,1,0,0,1,0,0,-0.19268725454965888,-0.27045483278307847,-0.6687627022894718,0.5291220781342594,-0.8168833888562058,-0.6169154183965331,-0.6657597946454893,-0.5150826296179646,0.3927059199567461,-0.5224845684795733,-0.8337701383674558,-1.2183465872777248,0.24895004517865094,-1.2740012193543542,-0.10253152936398884,0.9103360468562897,-1.1545008157192707,-1.052775510945414,-0.8251557858999272,-0.8432999717894734,-0.34721180643551314,0.604253238669858,0.37795778630982735,-0.43894030211652735,0.05611163426317157,0.8432999717894734,0.8251557858999266,-1.2887754577581405,-0.40957446049198204,-0.9918001176242447,-0.43158727602782254,-0.8355863879794388,-1.5057194464681423,-0.22015379130249568,0.17890935030013266,-1.0384305451721696,-0.5538573609678327,0.12408133374116129,-1.0805009276974533,-0.7496925819971905,-0.8546384343020056,-0.7309235830158842,0.12214944469431245,-0.26463402725168356,-1.3222794763156045,0
0.05630461873076867,-2.137691162884043,0.27967722576327125,1.0385308760612593,1,0,0,1,0,0,-0.33149556159511606,-0.16753427491379488,0.5337963509440852,-0.5014529547159157,0.6486020909271369,0.2586878786146606,-0.572450844992686,-0.41441287269984994,-0.9811151205333578,-0.03325539990594954,-0.49085528043221527,-0.8935843088408435,-0.26612965267879096,-0.6076797537075541,0.1428126315570534,-0.8964466150559471,-0.5837971681854042,-0.6818440114404195,-0.7896550408158974,-0.43557216489828954,0.18882038512851906,0.7118612324975071,0.4403748421709543,-0.5339573787782675,-0.027552062330289097,0.43557216489828954,0.7896550408158968,-0.6203151308168162,0.04072103005925432,-0.2548937564358004,-0.6641562849317252,-0.8355863879794388,0.3530751881102058,-0.38327221085833024,-0.04256332662598434,-0.23228628620644656,0.11228645211844858,0.5793409677244183,-0.19554893590083341,0.054216242725068246,-0.1607907403235886,-0.15990635171348128,0.5337254978059351,0.3477270420022505,-0.1469716669968365,1
0.23620645523143258,1.109047349520155,0.27967722576327125,-0.4281154315628296,1,0,0,1,0,0,-0.7100636717190902,1.122170794883216,0.047655457083711085,-0.3764646295639574,1.2789856464114187,1.1539676542103754,0.6779048032186087,1.0723611519579173,-0.21423627965708375,0.9465311000360406,1.2192475663976745,0.7293373669360799,-1.0991182791083076,-0.08808440488811298,0.47179516303116803,0.23848482512329433,0.21255968363681751,0.41629772954750127,-0.24687185720061178,1.2395736832254003,-1.0306560304054095,-0.999215297656341,0.5325224211091409,-1.0679319073351534,-1.1786478430182723,-1.239573683225401,0.24687185720061106,-0.007559831120602114,0.5660657690356972,0.34554846379182197,0.42116575661981864,0.4957394703862077,0.25856020669096863,-0.6279498401920818,-0.5962450189412776,0.3258135853852078,-0.9701972441467586,-0.9381911455531051,-0.013084607695344815,0.2616765845888761,-0.194636969298146,-0.826093121566285,-0.12479618717266176,0.5704037944582268,-0.2706882785040748,0
-1.485711122703495,0.5936920300909173,0.27967722576327125,-1.161438585374874,1,0,0,1,0,0,-0.2684008765744537,-0.203585543771962,-0.7199354279589849,0.873418621955626,-0.9386592554683026,-0.8315679120458552,0.5051180501554196,0.9005778823275653,0.08103745860890968,0.03352468540041479,-0.035265656986864354,0.05602470010808357,0.10023538957597823,0.20590571203953736,-0.09990013899175537,0.4323198702795001,-0.2393895147605837,0.18603749072212702,0.5834470145228646,-0.5022446364654003,-0.4966403833208897,-1.336149172493017,0.3236588561722357,-0.28266423213468295,0.22747648168318804,0.5022446364654003,-0.5834470145228654,0.438080386840281,0.19081952690966666,0.9186978558272787,1.0284292798688959,0.8712416355662611,0.6051151385615076,0.758556726032511,0.5111183656893089,0.9459245538203791,-0.6371253376036178,-1.3934507795363622,-0.8889133830816909,-0.6070635969658218,-0.6684841749419423,-0.5088613263982832,-0.28942660841731066,-0.5429799678216537,-0.9511296417938885,0
-1.0488066626304537,-0.35971531085317227,1.7280720791585935,-0.4281154315628296,1,0,0,1,0,0,-0.596493238681898,0.25577739813049005,0.8920054306306766,-0.5633684676384135,1.2891541607079346,0.6320937790254607,1.3209890992262259,-0.8272434805163946,0.40546635523025576,1.368356143357533,1.5526102131346413,0.9346237227416814,-1.5950013840007728,0.9811626471143409,-0.505614616892948,1.3779252987743216,0.8749250896247178,1.2478808215462285,2.2706482436456317,-0.9772859963810728,-0.8565013426043518,0.628904014623067,0.8303959478559018,-0.9810001287065067,-0.8001565757124716,0.9772859963810728,-2.2706482436456326,1.106540713781605,-0.3345252120667762,0.527500651739586,1.2093162867941527,1.5710411252199985,-0.4660546508565234,0.5138790966987595,-0.4301405112466897,0.38782468222872474,-0.47058938433204756,1.554897326259969,2.38632130820683,2.584491483671161,1.8772357615015174,0.6830238468757811,2.9679038690661033,2.479061672652308,1.3994859768436472,1
-0.35489957898503444,1.0832795835486928,-0.15484123025532542,-0.4281154315628296,1,0,0,0,1,0,-0.7479204827314877,1.4070921132784078,0.8536258863785419,-0.5593179200640446,1.931887883222336,1.5144049664631956,0.878969033834957,-0.7563275369765003,-0.9858484999726637,1.6620191613688269,1.781421422352517,0.8812058908166159,-1.4088844872559858,1.0356645567031468,-0.338147235366975,-0.880205290567009,1.2922075549678709,1.3601678175625136,0.7646392799752116,0.4434998061064408,-0.1874040158316392,0.699334803060807,0.4631664952376553,-0.9639497708464893,-0.9879959572259731,-0.4434998061064408,-0.7646392799752123,1.4407708772522676,0.04072103005925432,1.2644070129280303,0.5374502610717695,1.0760609983917457,2.3063848041077932,-0.30171300108041293,-0.6516131881728072,1.938102103316653,-0.3040534310604773,0.4275877563966659,-0.5331079430809875,-0.23104172733766892,-0.5838686025055501,-0.9847090191502859,-0.04248097655033679,0.18071947766026855,-0.7036964187794109,1
-1.1773079744166424,-0.4885541407104817,0.27967722576327125,-0.13478617003801185,1,0,0,1,0,0,-0.6722068607066928,0.5872164827942845,-0.5664172509504457,0.21954451352176993,0.3642766712629019,0.28194189876000386,-0.5039937915495226,-1.082729343520323,1.0845550356739162,-0.4721249722701853,0.11841388784579572,-0.20101348090844834,0.09668429857968859,-0.1627456444383862,-0.7640737557121062,0.7369013081715126,-0.060614654420607574,0.4557707540340663,0.8063022000563537,-1.0738391183151534,0.5382021053694073,0.7206476880340761,-0.7421083183538826,0.5777059248457882,0.2910275791010567,1.0738391183151534,-0.8063022000563543,-0.007559831120602114,-0.5596729573423944,0.6639647927004092,0.9767472778902511,0.9053781960371756,0.25856020669096863,0.5954383064766764,0.2342775195316623,0.7598912632898273,1.2780381250194413,1.717490052682561,2.5049231215403975,1.6101688067036326,1.8022905402007128,2.5048407276977347,1.1922471827845313,0.6817421706862145,2.018069034379841,1
1.7782221966656961,1.4440283071491598,2.8867879618748513,1.0385308760612593,1,0,0,1,0,0,-0.7226826087232228,1.148337038409305,-0.438485436776663,-0.07846005802109372,0.843988333151166,0.9437870875120807,1.4714274572552735,-1.3180055905650718,0.5162200752948968,1.168950386633406,1.3503863920712051,0.3924056517162161,-1.1201841774954882,3.3144226028534374,-1.1970222402317854,1.7410891982321708,1.798601236264667,2.673561539264509,1.2589070016997488,-0.7133741297612541,1.2656763142916263,0.6098534332434609,1.0439365978181423,0.20428563965434818,0.8546440303927991,0.7133741297612541,-1.2589070016997495,4.894482566449111,-0.6347222057676005,2.7109269071127557,3.5220858753385134,4.47264876524769,1.1722050270769362,-0.8726274695258333,-1.3713993881826885,3.7984350086221657,1.0282341951120857,0.4275877563966659,-0.3415203984652251,0.22277777048941236,0.2961333508329291,-0.5088613263982832,-0.37174181903963527,-0.7099875321636356,-0.023255055489598248,0
1.2642169495209417,0.05256894469021735,-1.168717627632051,0.3052077222492148,1,0,0,1,0,0,-0.6469689866984278,0.5290692749585311,-0.34893316685501513,-0.16410020673632444,0.6343575162504046,0.5337113861028546,-0.017309836178475715,0.3270245838234664,0.8023201826870805,-0.10678237782389458,0.5663931863668029,1.3064660683467995,0.4834446032065084,-0.4713351223989506,0.3894111726488087,0.32490428270937605,-0.9151554771679115,-0.2268092347924822,0.7520553775833569,1.0359845289758263,-0.4468827521543836,-0.05874794005622328,-0.7703010971451147,-0.7631964022051831,-0.9577739548689616,-1.0359845289758263,-0.7520553775833577,-0.6481676444393714,-0.03432821836595151,-1.0463857740085747,-0.7416792878996918,-1.0233374705694662,-0.5920746260821743,0.35076067714292497,0.012804842605544792,-1.4104971262332722,-0.49834537654397587,-0.17942508891434333,-0.378013264106322,-0.6978274965312384,-0.9223308922511192,-0.0012904541294803558,-0.4540570296619595,0.013711913318286572,-0.3944048900113141,0
1.110015375377516,-1.41619371568311,-0.4445202009343899,0.3052077222492148,1,0,0,1,0,0,0.059691485532990585,-0.38093452767100994,0.11162136417060241,-0.39671736743580244,0.033498063971571714,0.013626281698351053,-0.947239390383407,-1.5938312544284148,1.5495817612177154,-1.20299549549832,0.08314400614865591,-0.5912293169463768,-0.2072056765298692,-1.0292105845538382,-1.1455651937820464,0.8403665689876884,-0.7441437657041976,-0.6595738718162024,-0.7099870034754222,-0.1022098070627286,0.2887843414237578,1.0399813526504302,-1.2738428216912372,0.8872890837262076,-0.7520367902422355,0.1022098070627286,0.7099870034754215,-0.9823978079100336,-1.0850176963188372,-0.10023439668020068,0.3436427536518511,0.017827623793410803,-0.8756195703398886,0.10608304780917345,0.5111183656893089,-0.17027518936292965,0.11228645211844858,0.7310941790521709,-0.5148615102604385,-1.047916823426415,-0.685407289429221,-0.5405845059150832,0.36909507656128593,0.3477270420022505,-0.8892713360402683,1
-1.0488066626304537,0.5936920300909173,1.7280720791585935,-1.161438585374874,1,0,0,1,0,0,-0.596493238681898,0.25577739813049005,-0.7199354279589849,0.873418621955626,-0.3710772138195086,-0.4782856829146791,0.9636682728581204,0.5304930542259965,0.7351661656908686,0.43723962076353723,0.20488969639283833,1.2972517496307654,0.29352573392272097,1.0959431107257787,-0.5032041704390046,1.370061056731329,0.7586344073889033,0.9916112522064682,1.704936430922174,0.07836147009820059,-0.2449507485625576,-1.232217256769323,0.37178245711861607,0.1615663728362502,0.7017487463286772,-0.07836147009820059,-1.7049364309221746,1.217950768271826,-0.3345252120667762,0.5184030423421971,1.1963957862994923,1.5027680042781708,-0.6235796198885869,0.35076067714292497,-0.3747723420151606,0.38782468222872474,-0.44283339212011924,-1.317574173872486,-0.9436526815433369,-0.6329961396987983,-0.5330992590437151,-0.4771381468814831,-1.1125787146405561,-1.211010225189582,-0.76555472453303,0
-0.35489957898503444,1.1605828814630785,-0.15484123025532542,1.7718540298733036,1,0,0,1,0,0,-0.7479204827314877,1.4070921132784078,-0.1442422641769629,-0.2780941884721383,1.357548890776926,1.297069316643257,-1.338882421651779,-0.7682215988452152,-0.32670927182799403,-0.5793666598963665,0.24601585246431196,1.9173079773755968,0.13807261884837468,1.083395731493903,-0.47879423457476056,-0.6573045239585653,1.2691878410300448,1.4534940883808953,1.0713719007766844,1.5524057982918193,2.944264848964853,0.5747626999817563,-0.213905136957459,2.0411919172361253,1.099221420567393,-1.5524057982918187,-1.071371900776685,1.4964759044973779,-0.10937746679115769,1.273504622325418,0.6795757665130432,1.2126072402754011,2.180364828882142,-0.30171300108041293,-0.762349526635866,1.876091006473136,2.33276582907272,0.27583454506891375,-0.642586540004281,-0.6459624110652865,0.12690220596014448,-0.667477223982284,-1.853415610241477,-1.6006945419875402,-0.20882997275045564,1
0.05630461873076867,1.109047349520155,0.27967722576327125,-0.4281154315628296,1,0,0,1,0,0,-0.33149556159511606,-0.16753427491379488,0.047655457083711085,-0.3764646295639574,0.36641973498137914,0.1620942564724656,0.47414216384759894,0.8263914476583762,-1.030385568788202,0.0687883244794485,-0.23641031248897396,0.5176498460153046,0.27936998876795405,-0.38657771137381347,-0.08681563026634322,-0.5126087038033447,-0.7394775475281908,-0.9288434793823501,-0.1934532884955867,0.8978772664439514,-1.0455701150285739,-1.2212181891145932,0.8934492791269337,-0.8261818663461187,-0.5994898882440507,-0.8978772664439514,0.19345328849558602,-0.48105256270404034,-0.25947596364157,-0.555114866549611,-0.7158382869103699,-0.9379960693921812,-0.30852968182446,0.2692014673650073,0.40038202722625016,-0.6663639641110671,-0.9979532363586869,-1.1658209625447336,-0.13168642102891215,0.3394742127878045,-0.025405824425361403,-0.826093121566285,-0.12479618717266176,0.3477270420022505,-0.1469716669968365,0
-0.35489957898503444,0.5936920300909173,-0.15484123025532542,-1.161438585374874,1,0,0,1,0,0,-0.7479204827314877,1.4070921132784078,-0.7199354279589849,0.873418621955626,0.2862315061001322,0.40715585338877514,0.8740079817578548,0.6100830671360223,-1.04474970195785,0.6906378538520254,0.3981009078953395,0.9724629016469684,-0.13759260796436013,0.9429701913841279,-0.33098786430713667,-0.9303550037018399,1.098924579122628,1.3050682554257813,1.205075863690145,0.13114384342216265,-0.27312466979540306,-1.1689345323403086,0.4932907862727446,0.1566676170628633,0.7565944628583434,-0.13114384342216265,-1.2050758636901457,1.3293608227620468,0.04072103005925432,1.237114184735866,0.48576825909312477,0.9395147565080901,2.4324047793334436,-0.13859458152457876,-0.6516131881728072,1.6900577159425842,-0.5261013687559044,-1.317574173872486,-1.2264723902618437,-0.8274902101961188,-0.7192535184037778,-0.7309235830158842,-1.277209135885205,-1.378017789531564,-0.9511296417938885,0
1.110015375377516,0.5936920300909173,-0.4445202009343899,-1.161438585374874,1,0,0,1,0,0,0.059691485532990585,-0.38093452767100994,-0.7199354279589849,0.873418621955626,-1.238845084909837,-0.9679616840521953,-0.5508860244047123,-0.35199540754811603,0.11510796357532037,-0.693021316528296,-1.0230932114120828,-0.4441948129832419,1.2800158866909161,-1.3351394465644189,-1.4807037959778209,0.760230943728631,-1.1491715033814136,-0.5946488486926372,-0.38662849897585155,-0.2223753081429896,-0.5680351765514715,-1.0002118142636596,0.6066023397074877,-0.2032717027286497,0.7495124200716088,0.2223753081429896,0.3866284989758509,-1.2609229441355856,-1.3852146900196616,-0.054746349693259644,0.3436427536518511,-0.15285517856115927,-0.40304466324369825,0.2692014673650073,0.5111183656893089,-0.29429738304996345,-0.8036612908751883,-1.2416975682086098,-1.5001688825700765,-1.0219842806934394,-1.0238695791747903,-0.794369942049485,-1.277209135885205,-1.4893561657595522,-1.3222794763156045,0
0.6988111776617119,-0.02473435322416849,-0.15484123025532542,-2.041426369949327,1,0,0,1,0,0,-0.06649788450833415,-0.304761685406173,-0.19541498984647596,-0.2665211954025125,-0.11638085485204512,-0.028409831641307882,1.4419449068005714,0.8751890827521718,-1.4369091442887627,1.8655043283739088,0.9806457172007964,0.7164373207336311,-1.1759250282970595,0.7772890343445744,1.1089271099739046,-1.0837830146928258,1.2042570630384763,0.02368379908870605,-0.24687185720061178,1.2219795587840785,-1.2284014491373478,-0.09032564696572352,0.8752055268532197,-1.3260553059716367,-1.2517648402985675,-1.2219795587840785,0.24687185720061106,1.050835686536495,1.4666567501381707,0.9550882934168308,0.17567624722125458,0.6664222727407777,0.8886600828192224,-0.6279498401920818,-0.5962450189412776,0.6358690696027934,-1.2477571662660425,-0.4070549059059717,-1.0075151964152582,-0.46443461193445323,-0.9223308922511192,-1.5557262504526888,-0.4540570296619595,0.1250502895462747,-1.0129879475475077,0
0.5960101282327613,1.0317440516057692,0.27967722576327125,-0.4281154315628296,1,0,0,1,0,0,-0.38197130961164594,-0.12508681319369488,-0.5408308881156891,0.1443200585692024,-0.2513362086653109,-0.2077341023775125,0.8315663365119468,-0.35163482199794316,-0.2241530445675184,0.5781606076754582,0.6835557743536181,0.008138837648831236,-1.3643051419592815,0.37473511960728284,-0.34452804598058917,0.01792564606980443,0.2294466714569419,0.46199184913649727,1.0345842828972671,-1.0149876916124754,-0.7818823173465733,0.13748919529610526,0.32443826665267916,-0.5535422893857417,-0.4376108631986823,1.0149876916124754,-1.0345842828972678,0.4102278732177254,-0.25947596364157,0.22727954162577424,0.2015172482105774,0.2909201075607231,0.41608517572303205,0.02452383803125581,-0.4301405112466897,0.07776919801113909,-0.8036612908751883,-0.02767187758659086,-0.44187577897824326,-0.21807545597118072,-0.4146374576327655,-0.6040308649486834,1.2745623934068555,0.793080546914203,-0.8274130302866491,0
1.8039224590229344,0.33601437037629844,0.27967722576327125,1.478524768348486,1,0,0,1,0,0,2.394194831297498,-0.6949294499840785,-0.5920036137852022,0.23690400312620857,-1.6574240459842235,-0.7175337747946529,-1.603834716958111,-1.922998357153513,0.2327027165798331,-0.28979849002712504,-0.05184061302000377,0.3673823585607632,-0.31205201539066735,1.0360820812020488,-0.6478780587589856,0.32044068247352353,1.6919250746267671,1.9715494554834512,1.1441644212614832,-0.6337026228571595,3.2654122233504137,1.9903455778116417,0.003899573552499204,2.06918300558455,1.9922296481849089,0.6337026228571595,-1.1441644212614839,1.4964759044973779,-0.25947596364157,1.409968763286241,1.3902032937194106,2.1513626532255365,1.3612349899154128,-0.7910682597479163,-1.2606630497196296,1.938102103316653,3.387493533125998,2.1727496866658176,0.5525548097416701,0.4691369264526849,1.3284433345569153,0.8235122133073248,-0.6186874509066087,-0.9326642846196119,1.3376276710900281,0
0.05630461873076867,0.7482986259196881,0.27967722576327125,1.478524768348486,1,0,0,1,0,0,-0.3062576875868511,-0.17916371648094556,-0.1442422641769629,-0.2838806850069512,0.17807456053538515,0.08159957135396977,-0.8136393784872518,-1.3115709989676867,0.5486152693523072,-0.7243421484413759,0.20346493005898972,0.5415513913719125,-0.21951598759707414,-0.32877291086054056,-0.3167933244115471,-0.43230521243480974,-0.22284513436618983,-0.497865467793932,0.39961991949913633,0.3422733367180179,0.8028793432462492,1.4828157590561617,-1.1844004990661512,0.7575700912886545,-0.7505831016182389,-0.3422733367180179,-0.39961991949913706,-0.3417899945912644,-0.3345252120667762,-0.12752722487236504,-0.3282232720705331,-0.3918111018575571,-0.024984737566746233,0.35076067714292497,0.17890935030013266,-0.35630847989348147,0.8616982418405155,1.5657368413548085,0.36096726512590627,-0.3347718982695729,-0.025405824425361403,0.062155904904119784,0.5337254978059351,0.793080546914203,0.22417816752487937,1
0.030604356373531493,0.7225308599482267,-0.15484123025532542,-0.4281154315628296,1,0,0,1,0,0,-0.5586364276695006,0.21042257601860237,-0.4128990739419065,-0.11317903722997104,0.29434179954152556,0.24929683201750275,0.306347370750869,1.2476725280731822,-0.8785419916291521,0.37751163967904666,0.07067519878824119,0.802594462609238,0.10923065736426804,-0.041131125966143184,1.2581577774995454,-0.3938543846022082,0.1410900375139514,0.1429457650250727,1.068484771272222,0.03493293508481349,-0.4670812127830332,-0.4520748585511139,0.8052106605348242,-0.3700914041524971,0.04767749760060309,-0.03493293508481349,-1.0684847712722227,0.29881781872750485,1.841902992264201,1.409968763286241,0.9509062769009282,0.9736513169790033,1.4557499713346498,1.0032343553662626,0.5111183656893089,1.0079356506638961,-0.22078545442469194,-0.1035484832504671,1.182056742050605,1.4805060930387524,1.209981533145967,0.37938770007212164,0.4514102871836102,0.514734606344233,1.3376276710900281,1
1.110015375377516,0.28447883843337485,-0.4445202009343899,0.3052077222492148,1,0,0,1,0,0,-0.15483044353726144,-0.2762695535666538,-0.13144908275958464,-0.2879312325813202,0.024291240361001047,0.010048740137529016,-1.3237677076462506,-1.35696918518521,0.7866992251218372,-1.1107123048270575,-0.9689439193786628,-0.25649101197672214,1.1741671194768668,-1.3575907702498575,-1.6691461891290227,0.9845285688624741,-1.0804643689333346,-0.4419892347693393,-0.19575715951429745,-0.15567358143258175,0.48424251993149897,0.19036878190925313,-0.0860879311880364,0.4291306936844228,0.8281580886275498,0.15567358143258175,0.19575715951429676,-1.3166279713806959,-1.6103624352952797,-0.4914316007678933,0.05939174276930372,-0.3747428216220998,-0.7811045889206503,0.02452383803125581,0.12354118106860354,-0.6663639641110671,0.5286263352973745,0.27583454506891375,0.2879815338437111,0.19684522775643593,0.36382580878204385,0.7917890337905242,-0.7833178721512579,-0.9326642846196119,0.34789477903211874,1
-1.0488066626304537,0.026801178718756015,1.7280720791585935,-0.13478617003801185,1,0,0,1,0,0,-0.6091121756860305,0.25577739813049005,-0.42569225535928473,-0.09581954762553238,0.40735690115984496,0.27076208138243496,1.0035036208794959,-0.14615734267435493,0.8653063371958192,1.5659874331068577,1.4854994088357445,0.99180601013636,-1.199737205223357,1.191425605483081,-0.5988756584097256,1.5644563980960318,0.4057828112663389,0.7008814830029305,0.9704170281043213,0.3902573124670771,-0.20493778596059062,-0.3993349481551893,0.3892250536060692,-1.7131807035402915,-1.2469476326125832,-0.3902573124670771,-0.970417028104322,1.106540713781605,-0.5596729573423944,-1.6069330893092284e-4,0.8087807714596554,0.9565830367435462,-1.0961545269847772,-0.05703537174666111,-0.4855086804782194,-0.10826409251941274,-0.16527347000083534,-0.3311783002420958,0.16025650409986858,0.3394742127878045,-0.39771434314548676,-0.15990635171348128,0.6983559190505837,1.0157572993701793,-0.20882997275045564,1
1.8810232460946468,-0.4885541407104817,-0.4445202009343899,-0.13478617003801185,1,0,0,1,0,0,-0.44506599463230834,-0.04077336183185243,-0.4512786181940413,-0.0437410788122164,0.009599466511193814,0.002446464320782188,-0.4452156332688235,-1.0844591414293119,0.21452227034718155,0.004725868770690805,0.18464469586938523,-0.8496845112051825,-0.28453639441951545,-0.19390066294516592,-1.081110234560294,-0.3610372811674241,0.287912762094074,0.33152122932076067,-0.2971274843375756,-0.8641809106868654,0.4253399180574882,0.40542170515715964,-0.6560667793737929,0.27910502260933956,0.08361880727782642,0.8641809106868654,0.29712748433757485,-0.3696425082138195,-1.1600669447440433,-0.8007503202790929,-0.8450432918569822,-0.6990401460957827,-0.18250970659880966,-0.7910682597479163,-0.762349526635866,-0.790386157798101,1.0282341951120857,1.1863538130354276,2.13999446512942,1.3767759221068474,1.4299820214805863,2.1241625734961316,1.1922471827845313,0.793080546914203,1.708777505611744,1
0.7759119647334253,1.2636539453489257,-0.15484123025532542,0.3052077222492148,1,0,0,1,0,0,-0.23054406556205628,-0.2256814827495483,-0.8350740607153893,3.4975948004932698,-2.1033402180397163,-2.876580106750752,-0.21377353692716464,0.3425311177321898,-0.6081436233600902,-0.6905373141080264,-1.8502421310617714,-3.027586925103212,1.401311628052656,-0.8220284614890568,-0.6925722612686559,0.46410608960669697,-0.028153915957243095,-0.28551953189745233,-2.3797891168748495,-1.7690215962405291,-0.5241038461318509,-1.163938396434208,1.2977345678993,0.9049544204800554,2.1266511367437175,1.7690215962405291,2.3797891168748486,-0.8152827261747027,-0.7097714541928067,-0.2639913658331881,0.007709740790658993,7.593435579547688e-4,-0.844114576533476,-1.3619827281933365,-0.4855086804782194,0.2638024885416898,-0.49834537654397587,-1.0899443568808573,-0.0039613912850709025,0.6636309969500054,1.0238272737859035,0.15732544345452057,-1.7711003996191523,-2.3243939874694624,0.6571863078002155,0
0.9044132765196139,2.1912935203215542,1.7280720791585935,-1.161438585374874,1,0,0,1,0,0,-0.7479204827314877,1.537923330908853,-0.31055362260288033,-0.1855102439151321,1.1836639428220217,1.326136841824936,0.852670946290669,1.4712691959118074,-0.5759081443408862,0.3855977374818061,-0.18214435232997264,-0.6122802995803045,-0.21979976780911822,1.0709608158692014,0.9385151883612577,-0.35420134844054346,0.7490584938658131,0.4457531285575663,-0.1227108960387,-0.7133741297612556,-0.11556827865928983,-1.0791792311578772,0.4313475302161105,0.2218359135634049,0.6719877499541572,0.7133741297612556,0.1227108960386993,1.3850658500071569,1.3165582532877582,1.0187715591985484,0.6537347655237203,0.9565830367435462,0.9516700704320475,-0.13859458152457876,-0.09793149585751397,1.6280466190990672,0.3343343898138759,-0.6346847228976005,1.9392837041033824,1.9213593194993455,1.9207523416116614,1.489698983160128,0.7806711296729086,0.45906541823023866,2.079927340133461,1
0.030604356373531493,1.5213316050635446,-0.15484123025532542,2.505177183685348,1,0,0,1,0,0,-0.5586364276695006,0.21042257601860237,-0.7839013350458762,1.6372361645509268,-0.8665882858874382,-1.1034610706683299,-1.7642121819873953,1.6885410078676295,-1.2849104383461822,-0.7015276879995416,-1.0698559833860388,-0.3526719464105125,1.1987955400509378,0.13698113705373913,1.5163406773389654,-0.5413909814623993,0.20706749973933994,0.12346048941893269,1.1709575367826512,-1.6423439002630147,2.590049922884287,-0.7985387215094478,1.2124698891512227,1.1530432358759997,1.511400313914052,1.6423439002630147,-1.1709575367826521,0.27096530510494976,1.6918044954137887,0.5638910893291381,0.17567624722125458,0.2567835470898098,0.8886600828192224,0.5954383064766764,0.06817301183707392,0.139780294854656,3.2487135720663565,-0.4070549059059717,1.492246099999936,2.012123219064761,2.4961382341791287,0.37938770007212164,-0.4540570296619595,-1.0996718489615938,1.646919199858125,0
-0.07219669305541997,2.732416605722254,-2.327433510348309,0.3052077222492148,1,0,0,0,1,0,-0.596493238681898,0.24996267734691469,0.047655457083711085,-0.3648916364943316,0.8564678947221988,0.47423475765418827,-2.1361826830350936,0.02013358295037564,0.7241263587480753,-1.81286604748953,-0.7852403994121897,-0.6676455316932888,0.5450627223342721,-1.3845837349429515,0.7716040373941472,0.7186517168962272,-1.0961390945632454,-0.8809855038091412,-0.5029586926677684,-0.41176056791003435,1.5869542673100039,0.7453420116370738,-0.2677293218118949,1.3621523112231215,0.16074010258730506,0.41176056791003435,0.5029586926677676,-1.2609229441355856,0.9413120111617277,0.5456958705343614,0.8604627734383002,0.32505666803163763,-0.30852968182446,0.35076067714292497,0.6772228733838963,0.20179139169817292,1.6666220159864384,0.8828473903799233,0.4521994292286506,0.2357440418559006,0.7869036709640054,-0.3185222492974822,0.2044646553166367,0.013711913318286572,0.34789477903211874,1
-0.35489957898503444,1.8820803286640106,-0.15484123025532542,-0.4281154315628296,1,0,0,1,0,0,-0.7353015457273552,1.4070921132784078,-0.46407179961141953,-0.03795458227740351,0.8803664921825731,1.1114843481756138,0.6534675005133408,0.6158941970336929,-0.476069795273124,0.416463271662375,0.2329385589302855,0.5814603186424108,-0.23838157729913972,0.9831310623853314,-0.30972569503429925,-0.8990862919476419,0.8963887516102481,0.7944573449588272,0.6225629626478131,0.17559215780023885,0.07367050702895285,-1.1556105160738326,-0.2526916572850191,0.32622872975858846,0.4728014337769522,-0.17559215780023885,-0.6225629626478137,1.050835686536495,-0.18442671521636386,0.3728412919839863,-0.173177266134598,0.18851042614798086,1.2667200084961745,-0.13859458152457876,-0.4301405112466897,0.6358690696027934,-0.16527347000083534,-1.2416975682086098,-0.8706669502611417,-0.8534227529290943,-0.685407289429221,-0.2233527107470814,-0.7010026615289333,-0.7099875321636356,-0.76555472453303,1
1.495519310736081,-0.12780541711001567,-0.15484123025532542,-0.13478617003801185,1,0,0,1,0,0,-0.48292280564470574,0.07552105383965442,-0.5664172509504457,0.20797152045214415,-0.1407898697060178,-0.10264381902836514,0.45401643292327715,-1.008507830956129,0.08736251917092609,0.471016580143528,0.8123051972715244,-0.17163388471525662,-1.1446192874568366,0.4777412000202578,-0.6344962442797593,0.6008556639759343,0.5258350063064912,0.9094816554697465,0.2567889334467663,-0.48876828582949433,-0.1539675239578241,0.748584239161828,0.48437450562810996,-0.1149040212551052,-0.16810471955833006,0.48876828582949433,-0.25678893344676695,0.10385022336961848,-0.8598699510432187,-1.0827762115981268,-0.6512357844370638,-0.42594766232847037,-0.844114576533476,-0.9541866793037505,-1.149926711256571,-0.9764194483286528,0.11228645211844858,1.1863538130354276,1.1638103092300558,1.2730457511749436,1.142289075196852,0.2207718024881207,1.5215080252738291,1.3497724280541432,1.0283361423219313,0
2.1123256073097876,2.165525754350092,-0.15484123025532542,0.3052077222492148,1,0,0,0,1,0,-0.14221150653312897,-0.28033985811515655,-0.5152445252809326,0.0835618449536671,-0.4796617509273529,-0.2801793189841587,-0.8177698783968166,-0.038512360635928423,-0.9679202422759746,-0.7052042166767581,-1.568672236623391,-1.9844483946331457,0.637523114932888,-0.749691468607482,0.6732434864991059,-1.474759339045543,-0.07527826642496402,-1.4587351748300736,-1.3500596596423822,-1.3675781934948876,0.3880460405493543,0.7272999690581459,-0.1588115137809827,0.8780407603668402,0.6151797563891003,1.3675781934948876,1.3500596596423813,-0.8152827261747027,0.340918023760079,-0.6824813981130464,-1.2714198081808024,-1.2281568333949502,-0.49755964466293656,-0.46483142063624716,0.17890935030013266,-1.2244638357027204,0.3898463742377325,0.7310941790521709,0.13288685486904556,0.028283699992091807,0.38074892326932136,0.1890486229713212,0.6983559190505837,0.06938110143228039,-0.023255055489598248,1
0.9044132765196139,0.23294330649045036,1.7280720791585935,0.3052077222492148,1,0,0,1,0,0,-0.7479204827314877,1.537923330908853,-0.7327286093763631,1.1193447246851738,0.22349099186228205,0.3177173143682242,0.5332595773000393,-0.20961713786345665,-0.5173414107132067,0.5050287188243885,0.3392708963908878,-0.5786929083106696,-0.756553651547761,1.0815541257372998,0.8553310819110223,-0.46249521149858597,0.9880379667891478,0.6183925975479099,-0.07652239220166908,-0.7133741297612541,0.33916571566005366,1.1445580013993806,0.24245995479688887,0.29746031733828926,0.16267122972506787,0.7133741297612541,0.07652239220166766,1.2736557955169365,1.0914105080121401,0.7003552302899613,0.33072225315718967,0.7346953936826055,0.8256500952063961,-0.46483142063624716,-0.4855086804782194,1.3800022317249987,0.4731143508735179,1.33810702436318,0.5799244589724931,0.6247321828505417,0.7192112130148905,0.09387908442092041,0.4514102871836102,0.1250502895462747,0.22417816752487937,1
2.754832166240731,1.2636539453489257,-0.15484123025532542,-1.161438585374874,1,0,0,1,0,0,-0.7983962307480176,2.8229766240790037,-0.68155588370685,0.5291220781342594,1.0027398063979185,1.7621497195501217,0.8574043903473101,-0.230348835620107,-0.6821646593816804,1.479030948419748,1.0738597937729328,0.11497631800203614,-1.2054940695882088,0.5899010550181539,0.3780106441737446,-0.5016742541465493,0.9853012621695654,0.720868503933121,0.4292298816076853,-0.26889098598050765,-0.6028194927329563,0.6948437710045554,0.42840769788947397,-1.0210675269152392,-0.6922825368032374,0.26889098598050765,-0.42922988160768605,0.8001630639334981,0.641115017460903,0.7913313242638433,0.3824042551358344,0.785900234388976,1.0461850518512859,-0.05703537174666111,-0.26403600355210183,0.7598912632898273,-0.6926373220274746,0.35171115073279,-0.7064490548762022,-0.39960325510201306,-0.7530997473783346,-0.7626467625326843,0.4514102871836102,0.3477270420022505,-1.0748462533011267,1
-1.280109023845593,-0.07626988516709207,1.7280720791585935,-2.334755631474145,1,0,0,1,0,0,-0.7731583567397526,2.157191094359627,-0.6175899766199587,0.2513702444632408,0.8675007310361066,1.46476657730679,1.3224676547656489,0.5369800646544408,-0.2720919874115828,1.1262401666939466,0.9999851309615094,0.19069583836885143,-0.6962925482406909,0.4367323972937649,1.2178997241223481,0.15259715469449822,0.7376804318066411,0.7640990225365913,-0.06904425348519842,0.328563629361145,-1.4025456008687118,0.48304321701754077,0.5253042859816439,-0.7900065176065074,-0.5540356697869114,-0.328563629361145,0.06904425348519772,0.18740776423728422,0.7912135143113154,-0.7006766169078218,-0.5220307794904515,-0.22112829950298704,-0.4660546508565234,-0.709509049969999,-0.762349526635866,-0.23228628620644656,-1.2755131584779709,0.6552175733882943,0.534308376921121,0.7414286251489338,0.34690269429476517,-0.0647368131630805,0.2044646553166367,0.4033962301162448,0.2860364732784985,1
-1.1773079744166424,-0.35971531085317227,0.27967722576327125,-0.13478617003801185,1,0,0,1,0,0,-0.6722068607066928,0.6133827263203736,-0.7583149722111197,1.402883054891005,-0.33089868126174904,-0.6124434914455055,-0.7140543026289038,-0.22832012673461485,1.5959895153541874,-0.7454610917167364,-0.25651873689982296,0.32851970861837915,0.6405707212918367,-0.16288003881561974,-0.663098246640657,1.204405346707651,-0.06304365073216629,0.4886935925821443,0.9345219622652575,-0.4787858038769716,0.8301620741868809,-0.3509007275692638,-0.9714599124220847,0.9445568368789089,0.8106010978890478,0.4787858038769716,-0.9345219622652582,-0.17467491285593337,-0.6347222057676005,-0.06384395909064733,0.5632912620610914,0.512807750621665,-0.6235796198885869,0.4323198869208419,0.012804842605544792,0.07776919801113909,0.6674062963570164,-0.4070549059059717,-0.2685346671830286,-0.7107937678977266,-0.33002188519637315,0.7917890337905242,-0.6186874509066087,-0.8769950965056176,-0.023255055489598248,0
1.2642169495209417,0.9029052217484598,0.27967722576327125,1.7718540298733036,1,0,0,1,0,0,-0.81101516775215,3.5120210369326816,-0.7711081536284979,1.533079226924295,0.8133652694943978,1.5161937372436067,-0.9858505198036248,-1.219332629461132,1.2651736727281238,-0.16366401576751638,0.9771841434470138,2.038673748901319,-0.6768220857894328,-0.4106960127964003,-1.1024169187852422,1.3002672927214747,0.9047639547932879,2.1235282420474775,2.626484838406524,0.17559215780023885,0.9604865291468084,0.5691952316877196,-0.42289156230286273,1.1182479764951578,0.8028247721066352,-0.17559215780023885,-2.6264848384065247,-0.45320004908148526,-1.0850176963188372,-0.30947941282012914,0.3824042551358344,0.7517636739180628,-0.11949971898598452,-1.2804235184154193,-2.0358174189610403,0.20179139169817292,1.1392581639597994,0.8069707847160468,0.6985262723060605,0.35244048415429274,0.8038267854512828,0.886958572340925,-0.7010026615289333,-0.7099875321636356,1.3994859768436472,1
-1.0488066626304537,-1.2873548858258006,1.7280720791585935,1.7718540298733036,1,0,0,1,0,0,-0.6091121756860305,0.25577739813049005,-0.7966945164632545,2.149341107881867,-0.8545094670432389,-1.464345575616253,0.48410828057989463,-1.8096551974129464,0.9806945435646582,-0.3261904488201122,0.1283532757005915,0.3096855806418266,-0.02712042292138124,1.065857321355614,-1.1843583374674342,1.6591838100517258,0.37051476168420194,0.7701659948537397,0.7781220325379118,-0.34935776200978186,0.39182772823626305,1.297344367851622,0.32667742351076035,0.8080583475548452,0.5850516486907577,0.34935776200978186,-0.7781220325379125,0.38237535959517033,-1.3852146900196616,-1.583144728454478,-0.6641562849317252,-0.4942207832702994,-1.9782943535643327,-0.7910682597479163,-1.149926711256571,-1.5965304167638241,0.11228645211844858,0.8069707847160468,-0.8159276517994943,-0.5422322401333817,-0.21156008378542468,-0.8895394805998851,-0.4540570296619595,-0.6543183440496418,-0.5181215015185524,1
-1.0488066626304537,1.2636539453489257,1.7280720791585935,0.3052077222492148,1,0,0,1,0,0,-0.6091121756860305,0.25577739813049005,-0.8350740607153893,3.4975948004932698,-1.4576827254211728,-2.5063045552056713,0.7860549272359997,-0.2629839379322908,0.4564839232558841,-0.5224964822879168,-0.9811047897018225,-0.9383991146572311,1.1283908142828176,0.8113159361755288,-1.466526369797976,1.8282792053967114,0.18207448720741187,0.9878618575728357,0.49320743187182114,-1.7690215962405262,-0.2823711870376871,-1.1081802154371945,1.2132154674565392,0.8864009836910438,2.239939109376737,1.7690215962405262,-0.4932074318718218,-0.03541234474315745,-1.685411683720486,-2.238172605066429,-1.232658306696819,-1.1086788717467513,-2.1988293102092213,-1.1988643086375024,-1.482135726645747,-2.0306080946684437,-0.3318094232724056,-1.0899443568808573,-0.2776578835933038,0.36540675552078095,0.7192112130148905,0.15732544345452057,-1.5241547677521787,-2.1017172350134863,0.22417816752487937,1
-1.4086103356317816,-1.4934970135974959,0.27967722576327125,-1.161438585374874,1,0,0,1,0,0,0.021834674520593164,-0.3751198068874346,7.096698418059135,-0.7844126352682658,1.4457520039295566,0.3177173143682242,0.23819233078344662,2.612483004477437,0.09373251001569227,-0.1242503816321516,-1.053589859548679,0.5425152802537898,1.5315131250900473,0.5365806445151521,1.8072776255645027,-1.5768664775450325,1.0041153052861547,-0.8165504546727862,-0.663442976312604,1.3979208031972914,0.20493282346404953,-1.7752238599344201,-1.7127342187585142,1.1635177979962659,0.5725158276554368,-1.3979208031972914,0.6634429763126033,0.15955525061472892,1.0914105080121401,-1.0554833834059623,-1.594432320547333,-1.2110885531594928,-0.7495995951142377,-0.46483142063624716,-0.2086678343205727,-1.2864749325462383,0.08453045990652028,-1.6969572021918669,-0.350643614875499,-1.1386807229918314,-0.685407289429221,1.0455744699249259,-1.853415610241477,-1.6563637301015341,-0.45626319576493324,1
-1.485711122703495,-1.7511746733121147,-1.168717627632051,-0.4281154315628296,1,0,0,1,0,0,7.012725774809982,-0.7908723429130716,-0.46407179961141953,-0.059364619456211194,-1.9854421589811162,-0.562357909593997,1.0844329327231612,-0.008400119164375084,0.06359348832790472,1.0522724624261552,0.4281656529105266,-1.4453069542806787,-0.8725282268936866,0.44987768474307943,-0.6288177003964003,0.18346409902252883,0.8488537579370271,0.32358964474913865,-1.0117882743416888,-0.9677470132502359,-1.058417909127871,-0.6184063410151055,0.09742929736866661,-0.5798433540019444,-0.2407140121260114,0.9677470132502359,1.0117882743416882,-0.016844002328120476,-0.9349191994684248,-1.4042250769725098,-1.1120669687466471,-0.7730026937827631,-1.4007028004467665,-1.3076099216747252,-1.0945585420250417,-1.5138489543058005,-0.9146852597229018,-0.4070549059059717,0.6894030558957865,0.6376984542170299,0.34690269429476517,0.6014499566897238,1.1922471827845313,0.7374113588002092,0.038603250264021984,0
-1.7427137462758722,-1.41619371568311,-0.4445202009343899,0.3052077222492148,1,0,0,1,0,0,-0.44506599463230834,-0.06228782873108119,0.009275912831576286,-0.3706781330291445,0.5057902259471523,0.23856420733503664,-1.1448601710727282,-1.9176835227162663,1.078119694735404,-1.5650762752658096,0.012863791493686067,1.0662757481574958,0.32598092427881703,-0.9639483147721809,-0.6310298745396401,0.2265894829899483,-0.5992371326814702,-0.34103488751796696,1.0546828838850468,0.40825130337297294,0.6287901385994145,1.999928941843825,-1.2461251617284037,1.5201237944963206,-0.34967774956481457,-0.40825130337297294,-1.0546828838850475,-0.8152827261747027,-0.40957446049198204,0.7276480584821255,0.7441782689863493,0.4445346296798359,0.41608517572303205,1.166352774922097,0.6772228733838963,0.015758101167622184,0.27882240539001907,1.33810702436318,-0.9071598159022387,-1.333174793489152,-0.7700228618656133,-0.857816301083085,-0.4540570296619595,-0.32030321536567735,-1.0748462533011267,1
-1.280109023845593,-1.235819353882877,-0.4445202009343899,1.478524768348486,1,0,0,1,0,0,0.12278617055365294,-0.40826371535381406,0.2267599969270068,-0.4297003976842359,0.06237303137859926,0.0180982086493786,-0.27551075467101005,-0.3776014424320293,0.18840255546768897,-0.18229200856615482,0.10047161504056482,0.41758487668669086,0.3090590946794275,-0.5042778140169034,0.9790412250160807,0.25320152463704626,-1.1707308863000891,-1.17906397374066,-0.06326999447627808,0.6322863769595761,-0.12076403899602191,1.499051836891663,-0.003109491249015735,-0.91461196332897865,-1.281744504423309,-0.6322863769595768,0.06326999447627736,-0.30697435256307043,1.3165582532877582,0.9232466605259726,0.9282954010352714,0.3506590883848229,0.10891148611050791,1.4110304042558486,1.604639708012013,0.527349650126638,0.05677446769459199,1.793366658346437,0.7715120035882557,0.6506647255835172,0.2115177783965368,-0.09645999267988113,0.6983559190505837,1.1827648637121608,0.5334696962929761,0
-1.485711122703495,-1.2873548858258006,0.27967722576327125,-0.4281154315628296,1,0,0,1,0,0,-0.33149556159511606,-0.18904874181302367,0.11162136417060241,-0.4036611632775779,0.4112177753210872,0.16656618342349314,0.4515480280496996,-0.6542996840809312,-0.22810236819094767,0.6601626117060769,0.7726281552808197,0.24472761006546542,-0.8928484073567718,0.1893208245798143,-0.26193731027468353,0.02797002767423017,-0.20490953981285165,-0.1189948392952477,0.12009793795335687,0.2146675990117326,-0.43872138767994656,0.635643802990315,0.33993075918501026,-1.0950218903323505,-1.1206297421800926,-0.2146675990117326,-0.12009793795335758,0.438080386840281,0.04072103005925432,0.9823811216089964,0.8475422729436388,0.7176271134471482,0.6996301199807459,0.6769975162545934,0.6772228733838963,1.069946747507413,-0.22386945355935062,1.0008776658570637,1.0077019395431381,1.0511784411261476,0.48040726413885,0.05863110718003145,1.439192814651505,1.7456422101981004,0.6434400176327457,0
-1.485711122703495,-1.235819353882877,0.27967722576327125,1.478524768348486,1,0,0,1,0,0,-0.33149556159511606,-0.18904874181302367,0.2267599969270068,-0.4297003976842359,0.4848907830678219,0.1866898547031171,0.21005579751634687,-0.9305116743216555,-0.10260874667480167,0.25268636651022003,0.45645876359863796,0.11494643012785993,-0.34544017895632084,0.23788143050269323,-0.3177450970288232,-0.03758120068742068,-0.2412474579501083,-0.2680336350847815,-0.0632699944762795,0.21952363131345246,-0.054399377284652245,0.958846412292987,0.10250411174413628,-0.5805798288440527,-0.8551014243328918,-0.21952363131345246,0.06326999447627879,0.32667033235006016,-0.18442671521636386,0.4001341201761507,0.31780175266252825,0.20557870638343811,0.2270552128845555,0.4323198869208419,0.5111183656893089,0.44983577907224165,0.05677446769459199,1.1104772073715516,0.48869229486974886,0.4691369264526849,0.19459466390925928,-0.1916295312302808,0.6983559190505837,0.9044189231421907,0.2860364732784985,1
-1.280109023845593,-1.6223358434548052,-0.4445202009343899,1.0385308760612593,1,0,0,1,0,0,0.12278617055365294,-0.40826371535381406,-0.6687627022894718,0.40181915436837584,-1.0794752206758995,-0.6245176942132799,-0.015591571596201765,1.2005374872074521,0.5841503275077574,-1.0250886338148455,-1.5224998772585254,-0.6196237793919451,1.4627681990561945,-0.3318645117324679,0.5417735601302669,0.30876919444940787,-0.8501723627102334,-0.7461001644628863,-0.13280945780952072,-0.7133741297612556,-0.309914650037362,-1.105038518321091,-0.4882698040208555,0.5418122493810765,1.2509028123523964,0.7133741297612556,0.13280945780952,-0.20252742647848845,0.7161642658861095,0.5547934799317504,0.6408142650290589,0.2397152668543526,0.006520256239666901,1.0847935651441794,1.2862727349307197,0.3258135853852078,-0.5261013687559044,-1.2416975682086098,-1.0896241441077272,-1.1386807229918314,-0.8884846632765624,0.31594134103852145,-0.8656330827735822,-1.211010225189582,-0.9511296417938885,0
-1.485711122703495,-1.6223358434548052,0.27967722576327125,1.0385308760612593,1,0,0,1,0,0,-0.33149556159511606,-0.18904874181302367,-0.6687627022894718,0.40181915436837584,-0.6569574689866768,-0.4559260481595413,0.36387862125468395,0.3119036898047192,0.4728626334183982,-0.757736480166445,-1.319520397440036,-0.6114524891288092,1.1637624913897804,0.4672593681476225,-0.260412073764657,0.2169903653991318,-0.06097588629395086,-0.10509619758270304,0.3041828515459622,-1.1356331163529634,-0.039102025538501575,-0.6889727015432429,-0.42836467011987656,0.9631904545535931,1.6128351598322412,1.1356331163529634,-0.3041828515459622,0.49378541408539117,-0.18442671521636386,0.20908432283099887,0.29196075167320634,0.2567835470898098,-0.11949971898598452,0.5138790966987595,0.40038202722625016,0.139780294854656,-0.4150773999081907,-1.0140677512169813,-1.5184153153906257,-1.4628375071540325,-1.0746389226366257,-0.0647368131630805,-1.1948939252628807,-1.6563637301015341,-1.3222794763156045,0
-1.7427137462758722,-1.6223358434548052,-0.4445202009343899,1.0385308760612593,1,0,0,1,0,0,-0.44506599463230834,-0.06228782873108119,-0.6687627022894718,0.40181915436837584,-0.48916772344443593,-0.3584380406271408,-0.6771603746933158,0.2151254501119888,-0.1195667089903861,-0.8371038402242665,-1.4147484131898915,0.6071739884921021,1.303564611842884,-0.6915195254886122,-0.5752886777234123,0.2898735531743507,-0.1482417912614211,-0.0410175963372861,1.6693198303085888,-0.827498180191446,0.2506498229800793,-0.8715779999200995,0.4547466623396456,0.9838792600798173,1.7991965264194214,0.827498180191446,-1.6693198303085894,-0.6203151308168162,-0.4846237089171882,0.20908432283099887,0.33072225315718967,0.2567835470898098,-0.05648973137315825,1.0032343553662626,0.2342775195316623,-0.23228628620644656,-0.22078545442469194,-1.1658209625447336,-1.591401046672821,-1.164613265724808,-0.7700228618656133,-0.667477223982284,-1.4418395571298541,-1.823371294443516,-1.4459960878228426,0
-1.280109023845593,-1.41619371568311,-0.4445202009343899,0.3052077222492148,1,0,0,1,0,0,0.12278617055365294,-0.40826371535381406,0.009275912831576286,-0.3706781330291445,-0.08451727128431191,-0.027515446251102374,-0.7694219694277492,-0.6888473469812504,0.7898672727850212,-1.3254505363867963,-0.22717764871124857,0.5172207217511708,0.9162630280172136,-0.385141489883228,-0.026714594264017896,0.5020156890200848,-0.41953880183914494,-0.36813313439145995,0.7755411756117203,-0.06374491962016399,0.6850711395891668,0.9187025077215539,-0.5752976693506967,1.3745906694396943,-0.06406828486343133,0.06374491962016399,-0.775541175611721,-0.23037994010104354,0.19081952690966666,0.6821600114951846,0.8604627734383002,0.6322857122698633,-0.05648973137315825,2.063504082479186,1.7292180887829538,0.2638024885416898,0.3065783976019474,0.4275877563966659,-0.9618991143638861,-1.0738493661593913,-0.5500223735309933,-1.1433249167342867,-0.20711139779498602,-0.26463402725168356,-1.136704559054746,0
0.5960101282327613,-0.35971531085317227,-1.168717627632051,-0.13478617003801185,1,0,0,1,0,0,-0.7226826087232228,1.1541517591928805,-0.7583149722111197,1.4433885306346952,-0.08883385827611373,-0.22785777365713644,-0.960190340787114,-0.6446260785648072,1.054650246167457,-0.849553944934663,0.16829302632822984,0.5988063909553805,-0.29132153772919167,-0.6241045851812705,-0.9661868916722094,0.42587676026892224,-0.31702360597185814,0.8252412513402504,0.6912331826893902,0.13114384342216406,0.7115700945758794,-0.08313529483071826,-1.0137771448312243,0.8333373900529664,0.586898285217213,-0.13114384342216406,-0.6912331826893908,-0.8709877534198129,-1.2351161931692491,-1.6286327754414192,-1.2068173057074962,-1.2452251136304073,-0.655084613695,-1.3619827281933365,-1.7036084035718644,-1.5965304167638241,0.3065783976019474,-0.4070549059059717,-1.0257616292358074,-1.3202085221226638,-0.9731002357129547,0.062155904904119784,-1.0302635040182315,-1.0996718489615938,-0.8274130302866491,0
2.754832166240731,1.5213316050635446,-0.15484123025532542,2.505177183685348,1,0,0,1,0,0,-0.7983962307480176,2.6834233252731954,-0.7839013350458762,1.68352813682943,0.44498297934688336,0.7626740459954651,-1.3415102656230564,0.8482013844822314,-1.442477680693856,-0.2758948339176317,-0.6611340581740962,-0.4214529532498355,1.0947773451851348,0.8552701764442114,0.3040817343686557,-0.3758935973319427,1.0312580889123055,0.9211574627778454,1.0520428134163116,-1.6182148153149178,2.719978563291502,-0.8595606131163903,1.5941784985185854,1.3952939893659637,1.7588376289550578,1.6182148153149178,-1.0520428134163122,0.6330479821981672,0.11577027848446049,-0.44594355378095224,-0.5607922809744348,-0.15285517856115927,0.1325402314653172,-0.13859458152457876,-0.5962450189412776,-0.5423417704240322,2.9711536499470723,-0.6346847228976005,0.7715120035882557,1.5583037212376798,2.1576759444335596,-0.44541496736468245,-0.9479482933959068,-1.545025353873546,0.9664778365683122,1
1.8039224590229344,0.928672987719922,2.8867879618748513,1.7718540298733036,1,0,0,1,0,0,-0.7100636717190902,1.0175058207788599,-0.7711081536284979,1.533079226924295,-0.2460909445985543,-0.40226292474721076,1.6857482113282127,-1.2808689539403972,1.702482011675733,0.6294505954060137,1.6126586181605942,0.7926322952408972,-1.1691274644956058,3.091216903025733,-1.3489772675600247,1.940562490900982,1.744181861264674,2.6694604636422463,0.9953441571592244,0.09388569754642515,0.7446335832922826,0.40665702342091425,-0.377271787223426,0.8791537312737787,0.5096733893057229,-0.09388569754642515,-0.9953441571592251,4.476694862110783,-0.8598699510432187,2.501681890972826,3.457483372865207,4.370239083834948,0.8256500952063961,-1.1173050988595852,-1.5375038958772762,3.674412814935132,1.0004782029001573,0.7310941790521709,0.9357298989731951,0.5728670973845897,0.9222885868622325,0.886958572340925,-0.12479618717266176,-0.09762646290970158,1.5850608941045057,0
-1.280109023845593,1.8047770307496258,1.7280720791585935,2.9451710759725747,1,0,0,1,0,0,-0.7731583567397526,2.139746932008901,-0.7327286093763631,1.0151877870585417,0.444982979346884,0.861056438918071,-1.815400029537693,1.9380361860898545,-1.0279583298167316,-0.4656078285502934,-1.418110239550949,-0.38463242541946163,1.3895716153287823,0.4139214573081902,1.5793007902473057,0.3824780741122782,0.9079430590318247,0.49856191944397943,0.6912331826893887,-1.2101494081044426,2.9379433758633335,-1.077906624533466,1.78960705210536,1.5293069331176248,2.330361441866752,1.2101494081044426,-0.6912331826893894,-0.007559831120602114,0.7912135143113154,-1.2829236183406676,-0.9225662948249498,-0.5624939042121272,-1.3796994712424915,-0.38327221085833024,-0.7069813574043363,-1.2864749325462383,4.386709252755421,-0.482931511569848,2.714757098976709,3.555109511676838,4.289988369830645,1.0455744699249259,-0.5363722402842841,-1.0440026608476,3.5645266782203247,1
-1.280109023845593,1.2636539453489257,1.7280720791585935,0.3052077222492148,1,0,0,1,0,0,-0.7731583567397526,2.139746932008901,-0.8478672421327675,3.8447845925820427,-1.0707561904610863,-1.325715840134399,0.886859304644977,1.9758041281266665,-0.29877339907736017,0.2275745636705173,-1.0476684182238072,-0.24601606803569379,1.2883517099172834,0.8355615599202104,1.6085696789659294,0.6862835590429579,1.0533414011598692,0.6877258014733032,1.3634784946753398,-1.6878179449728916,-0.39831618610727776,-1.1004233800535967,1.098082037410917,0.7370367487661343,2.0334506444353115,1.6878179449728916,-1.3634784946753404,0.35452284597261524,0.8662627627365218,-1.1828499149693978,-0.7029177864157086,-0.2894014204448148,-1.5057194464681423,-0.13859458152457876,-0.7069813574043363,-1.4104971262332722,-0.44283339212011924,-1.0899443568808573,-0.31415074923440073,0.2746428559553643,0.5669031826293847,0.15732544345452057,-1.1125787146405561,-1.712032918215528,0.038603250264021984,0
-1.280109023845593,2.758184371693716,1.7280720791585935,-0.13478617003801185,1,0,0,1,0,0,-0.7731583567397526,2.139746932008901,-0.822280879298011,2.6730190442824333,-0.34756481593456784,-0.42015063255132096,0.13621736134491624,0.8640500603028429,0.9511517490267306,-0.46189685727394086,-0.6917483979059695,-0.3462917308239505,0.33719812838502383,0.9502380746497792,1.6208499584504605,0.6047134097998714,0.8147901415643345,0.268447636818198,0.6912331826893887,-1.1578572735420007,0.7600531310280122,0.4377960825816373,-0.6925776461818013,1.4319248119566406,1.1613936645830678,1.1578572735420007,-0.6912331826893894,0.438080386840281,0.8662627627365218,-1.2010451337641732,-0.7545997883943533,-0.42594766232847037,-1.6317394216937933,-0.38327221085833024,-0.7069813574043363,-1.4725082230767892,0.44535835866158957,0.12408133374116129,-0.7338187041070253,-0.944186652494511,-0.39771434314548676,0.15732544345452057,-0.20711139779498602,-0.7099875321636356,-0.6418381130257917,1
1.8553229837374106,-0.9523739281967958,0.27967722576327125,1.7718540298733036,1,0,0,1,0,0,2.179672902227246,-0.7007441707676538,-0.6559695208720935,0.3335384952575838,-1.7911990133642064,-0.7966868818278404,0.40565484768699417,-1.6880287437554962,0.9319579821587991,0.46881277775105823,1.1779771363854183,0.5409688211685798,-0.9000073454599479,1.1712429331057415,-0.5518338966106126,0.25663730558454817,1.577604835537673,1.971468522329049,1.2994551316290586,-0.550966827225982,0.606219197982089,1.7640573426179982,-1.0161220402832205,0.9309901321756234,0.3933273269740506,0.550966827225982,-1.2994551316290595,1.8307060679680403,-0.03432821836595151,1.8739468425530403,1.7519773075699248,2.4756599776992205,1.8968198846244282,-0.6279498401920818,-1.149926711256571,2.2481575875342377,0.19555442875423396,1.0346006017076752,-1.1078705769282764,-1.385039878955104,-1.0069464646875115,-0.2233527107470814,-0.7010026615289333,-0.9883334727336057,-1.0129879475475077,0
1.3670179989498932,0.6452275620338409,0.27967722576327125,-1.161438585374874,1,0,0,1,0,0,-0.33149556159511606,-0.20649290416374969,-0.7455217907937414,1.2669003863229022,-0.9932223085531113,-1.1378949081912422,1.468297427899494,2.2539748453968667,-0.22829366247318716,1.2188393834277003,0.13295397095988734,-0.49248685143698034,-0.041968438288471355,0.989071486443524,2.906914653296193,-0.10675520470920027,1.2461967649377943,0.6594477236568377,0.12891477706591967,-0.799549433147316,-1.053434740436136,-0.18156792585534332,0.2048063991837603,-0.4108659942088646,0.470975677269318,0.799549433147316,-0.12891477706592036,0.577342954953057,2.067050737539819,-0.9099216330477515,-0.8192022908676594,-0.34060626115118536,-0.8126095827270634,-0.7910682597479163,-0.9284540343304539,-0.728375060954584,-1.1367331974183288,-0.5588081172337243,-1.262965255902942,-0.9830854665939747,-1.057715808149347,-0.4136917878478824,-0.7833178721512579,-1.1553410370755877,-1.3841377820692236,0
-1.7170134839186342,1.8563125626925503,-0.4445202009343899,0.3052077222492148,1,0,0,1,0,0,-0.44506599463230834,-0.06228782873108119,2.19690993520326,-0.6947219389786661,1.3332155477922414,0.4889921165925792,-1.627671267076009,0.04214437361733588,-0.1901056530288125,-1.1677961581966736,-1.434781302467883,0.12324677552529308,1.3874471506969144,-0.6100339653572957,-0.7400947820121698,0.5051721653379339,-0.3207933446558643,0.032530748934547486,1.8905440679225438,-1.7069246864476295,1.6537777684069639,-0.7992551811559567,0.7675301038141856,1.2595240805453578,1.8970459077449833,1.7069246864476295,-1.8905440679225447,-0.5924626171942612,-0.7097714541928067,-0.082039177885424,0.188596747715916,0.0519641842643253,-0.24551969421163483,0.9216751455883455,0.06817301183707392,-0.5423417704240322,2.055205906953436,-0.482931511569848,1.1638103092300558,1.4416072789392878,1.9715216850734973,1.0138512904081252,-0.37174181903963527,-1.0440026608476,1.3994859768436472,0
-0.020796168340944693,1.3667250092347738,-0.4445202009343899,0.3052077222492148,1,0,0,1,0,0,1.4982503040040924,-0.6571337648908387,-0.34893316685501513,-0.20286973351957077,-1.0194358885518124,-0.34859980133488017,-0.11448033793838217,-3.314589026785315,0.3726034634990425,0.082021001134929,1.214116729525089,-0.4331973052404402,-1.157885373872773,0.8307607371689396,-1.9542583277236893,0.3488393483090782,1.061217576499664,1.9059736721572813,-0.7279513648365089,0.13114384342216406,0.9892740366877582,2.5916443688806865,-0.15881151378098501,0.9414801020622707,0.28240111226652576,-0.13114384342216406,0.7279513648365081,0.26168113389743136,-1.9355758451378398,-1.4345504416304713,-1.0689986337644437,-0.6592141588797168,-0.4555529862543859,-2.123202019453897,-2.2019219266556282,-0.8937379858706291,0.5563823275093027,1.793366658346437,-0.9527758979536108,-0.8793552956620708,-0.4992530300691578,-0.9212626601166852,-0.7833178721512579,-0.8213259083916238,-0.8274130302866491,0
1.3670179989498932,-0.7462318004251005,0.27967722576327125,1.0385308760612593,1,0,0,1,0,0,-0.33149556159511606,-0.20649290416374969,-0.4128990739419065,-0.15947100950847412,-0.09920064193564308,-0.035564914762951955,-1.8090959776325635,0.42330609360369476,-0.4657984423525448,-0.012335905785727963,-0.6312643500155415,-0.8352182177240264,0.2520619196647725,1.0126211807875338,2.299418095455594,-0.0980655309625363,1.088810620307535,0.5160254822141495,-0.11623388745465664,-1.023858678725748,3.5273911476685105,1.7225056721707714,0.5382156738225226,1.0963109858170113,1.3244730189724563,1.023858678725748,0.11623388745465593,0.7166055230658329,1.7668537438389946,-0.5915053041391644,-0.5478717804797735,-0.11871861809024475,-0.6235796198885869,-0.6279498401920818,-0.6516131881728072,-0.35630847989348147,4.275685283907707,2.400379503657447,1.464876450769113,1.571269992604168,2.0222910285353324,0.9821281108913258,0.36909507656128593,-0.09762646290970158,1.8943524228726025,1
-0.020796168340944693,-0.6689285025107157,-0.4445202009343899,0.3052077222492148,1,0,0,1,0,0,1.4982503040040924,-0.6571337648908387,-0.68155588370685,0.4336448853098467,-1.7105098124972513,-0.8405117659479103,0.39410033485477,0.44442350718847407,0.01783850879573288,-0.39701164414081663,-0.06785037265258878,-1.1555998925775137,-0.19374951827016576,0.9659553020438397,-0.7828457471149095,0.26541102994183835,0.8704440794908946,1.408511315918487,-0.01835909107355938,-1.5578921029446724,0.41716504721664743,-1.394222895048048,0.24232664983204888,1.3994545672281649,1.4633459629972831,1.5578921029446724,0.01835909107355796,0.5634166981417792,-0.9349191994684248,-0.8962752189516687,-0.6383152839424023,-0.2894014204448148,-0.24551969421163483,-1.2396439135264608,-1.3713993881826885,-0.32530293147172246,0.05677446769459199,-1.4693273852002382,-1.0713777112871794,-0.8015576674631424,-0.2623294272472596,-0.635754044465484,-0.7833178721512579,-1.378017789531564,-1.0129879475475077,1
-0.9717058755587404,1.8563125626925503,1.4383931084795292,0.3052077222492148,1,0,0,1,0,0,1.006111760842926,-0.6036383336819455,2.19690993520326,-0.6947219389786661,0.3131364826898014,0.07265571745191467,-0.8212744088914111,1.0674750354870064,-0.6319795370194679,-0.029393018617764933,-0.8584536171265429,-0.1934647696024057,0.441527246250873,0.37766180179368175,0.6018449556413861,-0.21754104526073081,0.8118195487130946,0.22489508013895027,1.0614552385657101,-1.3166012534636966,1.5193572800982602,-0.8622279221295176,0.6453294276368213,0.8446944397320654,1.3355980193388182,1.3166012534636966,-1.061455238565711,0.6887530094432773,1.0163612595869336,1.1552357001593716,0.8475422729436388,1.178470679804488,0.6051151385615076,0.4323198869208419,-0.04256332662598434,0.44983577907224165,1.4445740782910115,-0.7864379342253526,0.0963939892279486,0.4172718409867329,0.7530574419894479,0.12560226393772106,-0.20711139779498602,-0.7656567202776299,0.16231986177126023,0
-0.48340089077122306,-0.1535731830814779,-0.4445202009343899,-0.4281154315628296,1,0,0,0,1,0,0.07231042253712305,-0.40128605041352367,1.1094895147261072,-0.6067671916495102,0.4891792487721614,0.16030548569205458,-0.9583281678708673,0.4922410770145485,0.8625484148129161,-0.7670026805391312,-0.6612017396548399,0.013610702357382994,0.630499945284937,-0.5248115920273174,0.8578427132333869,1.0832941207719817,-1.2648677674623037,-1.4073337267724366,-0.38241077935194306,0.39783372969061137,0.8081930866313018,0.18375167220847508,-0.09052645970309751,-0.218050087815267,-0.5143928243649959,-0.39783372969061137,0.38241077935194234,-0.14682239923337803,1.6167552469885829,1.9103372801425924,2.3204793293350194,1.519836284513628,-0.30852968182446,1.9819448727012692,2.5043724580243647,1.6900577159425842,1.1485101613637754,0.5793409677244183,1.1698924535035744,0.9359226956462544,0.7812626328015783,0.5168548113115892,1.0276167615398821,1.4054416161681371,1.5025831530996792,1
-1.7170134839186342,-1.8284779712265005,-0.4445202009343899,1.478524768348486,1,0,0,1,0,0,-0.44506599463230834,-0.06228782873108119,1.0199372448044592,-0.5980874468472909,1.013272465617718,0.4143109365104192,-1.1933238319699333,-1.7698783412524859,1.4978305851903166,-0.14987535259051224,1.0457209429837144,1.5276097175316183,-1.273992928311702,-0.6264303548091721,-0.7623718508134103,0.9522512944902927,-0.018863402968536655,0.2902182266399797,2.0357238066612937,0.06447137185505257,1.0334240075555146,1.6654861831623926,-1.0906638713787995,0.18376730471655314,-1.076146829151445,-0.06447137185505188,-2.0357238066612946,-0.6481676444393714,-0.7848207026180125,-0.31857702221751816,0.2015172482105774,0.18851042614798086,-0.7811045889206503,0.10608304780917345,-0.7069813574043363,-0.728375060954584,1.333550109443298,2.096873081001942,1.0178388466656656,0.22277777048941236,0.28767179358929035,0.4904188283809227,1.2334047880956935,1.4054416161681371,0.16231986177126023,1
0.10770514344524394,1.3151894772918502,-0.4445202009343899,0.5985369837740325,1,0,0,1,0,0,2.1165782172065835,-0.6972553382975085,2.209703116620638,-0.6947219389786661,0.005366158304683035,6.576935403711695e-4,0.39440379327826625,0.3868031003986759,-1.1430671579152527,0.601065436761734,0.34810330251484123,0.6375065295627236,0.13255945750159345,0.4006189702352086,0.7242981849525131,-1.706627445283626,0.7449117813134035,-0.05627440615762118,0.4251360800282837,0.44783808336594555,-0.14813432069659552,0.19468662726366745,-0.1523848981400362,-0.07335885653094928,-0.5074923466529142,-0.4478380833659462,-0.4251360800282844,1.106540713781605,1.6918044954137887,2.4652914533832737,0.9121447754169449,1.2126072402754011,3.0940096492681106,1.5741488238116832,1.4523772426253072,2.3721797812212735,0.11228645211844858,0.5793409677244183,1.136440659999233,0.8710913388138142,0.7869036709640054,0.4428340591057229,0.28677986593896093,0.5704037944582268,1.0283361423219313,0
1.3156174742354179,-1.8542457371979617,0.27967722576327125,-0.4281154315628296,1,0,0,1,0,0,-0.1295925695289965,-0.2966210763091675,0.815246342126407,-0.5598965697175259,0.5481339908447656,0.20457756250722728,1.6742967038920464,1.3287944589139213,0.608981861323662,1.0817826529122618,1.1383219994885538,-1.452803554436505,-2.830104405919812,0.6066527227811495,0.6410457071459136,0.19842984463781851,0.1151718399082829,-4.985899563122883e-4,-1.6656268694518341,-0.3295023237687909,-1.7219900710307603,-1.1816265794558052,-0.6330957480828214,-1.347216148334305,-1.4803611258030611,0.32950232376879157,1.6656268694518332,0.29881781872750485,0.26586877533487285,-0.8007503202790929,-0.5866332819637576,-0.5112890635057554,-0.8126095827270634,-1.2804235184154193,-0.762349526635866,-0.5423417704240322,-1.5808290728091832,-0.9381911455531051,0.9266066825629212,0.4172718409867329,-0.1777138548108673,0.728342674756924,2.2623449208747504,2.2404794378780473,-1.0748462533011267,0
-0.7404035143436003,0.026801178718756015,1.0038746524609323,-0.4281154315628296,1,0,0,1,0,0,-0.3945902466157784,-0.16288249828693463,-0.06748317567269331,-0.34174565035508003,0.36509389937214953,0.13884023632712236,1.8211661153862708,1.4039691934309115,0.47371427767953767,-0.07743509927791667,-0.2523496448953766,-0.5176256466683496,0.3767120925796642,3.2586236493263137,1.8393074288735303,0.7630119333184513,1.0165045419442273,1.3750665336647565,0.8763442106275502,-1.5751271636218847,0.7236025396722836,-0.08441397370059563,0.11917012128454217,1.1125583267983004,1.6705517325706867,1.5751271636218847,-0.8763442106275509,3.919644589659679,2.4422969796658496,1.3371878881071357,1.5969313016339897,2.0318846915773383,0.7311351137871589,0.35076067714292497,-0.04256332662598434,1.752068812786101,0.6396503041450882,-0.1035484832504671,-0.06782390615699217,0.002351157259115363,0.4484413812184362,0.6331731362065233,-0.5363722402842841,-1.1553410370755877,0.22417816752487937,1
1.3670179989498932,0.5421564981479937,0.27967722576327125,1.0385308760612593,1,0,0,1,0,0,-0.33149556159511606,-0.20649290416374969,-0.13144908275958464,-0.3041334228787963,0.22184323841756592,0.0762332590127367,-0.16325418305747932,2.1585125098909197,-0.18195503935918664,0.5496745136224317,0.15752286590059014,0.17357339095507915,0.22214285452573573,1.1686408643209119,2.3859754645319176,0.013967348196129494,1.2819328816533573,0.7509488346330919,-0.030386078764458365,0.266869946255213,1.3947010975430467,-0.5724083179119628,0.2627744722650954,0.5285678955885227,0.5283679361832112,-0.266869946255213,0.030386078764457654,0.9951306592913848,2.067050737539819,-0.2276009282436361,-0.18609776662925942,0.32505666803163763,-0.40304466324369825,-0.5463906304141645,-0.5962450189412776,0.07776919801113909,1.5000860627148682,-0.4070549059059717,0.5069387276902979,0.5728670973845897,0.7699805564767266,0.2207718024881207,-0.7833178721512579,-0.7656567202776299,0.40975308478573785,1
-0.8432045637725518,0.28447883843337485,-2.327433510348309,0.3052077222492148,0,1,0,1,0,0,0.11016723354952047,-0.40942665951052915,-0.6175899766199587,0.2513702444632408,-0.9151468575833619,-0.5091419788767692,-1.3808684944119909,-1.6080451977363865,1.5164074345221108,-1.3494764491827314,-0.235381662069362,-1.2976106576095885,-0.5163945410142473,-1.61311086433368,-1.064823397940539,2.1954652335473175,-1.689208486951037,-0.49891260107016633,-0.7497849732599842,-1.0261585642736313,0.30832988660940547,1.1403757945128024,0.13325106691358987,0.14806540192478979,-0.18108336075238865,1.0261585642736313,0.7497849732599834,-1.5394480803611372,-1.0850176963188372,-0.4823339913705056,0.6537347655237203,-0.11871861809024475,-1.2851844898232538,-0.5463906304141645,-0.26403600355210183,-0.728375060954584,0.3065783976019474,1.1104772073715516,0.10551720563822252,0.15794641365697218,0.2115177783965368,-0.3502454288142823,1.1099319721622063,0.6260729825722207,-0.2706882785040748,0
1.0843151130202777,1.7274737328352407,-0.4445202009343899,1.478524768348486,1,0,0,1,0,0,-0.5333985536612357,0.1162240993246818,0.047655457083711085,-0.39671736743580244,0.7026845745478114,0.3959760360112063,-0.8754271626296067,1.3575366804387006,0.22959664399174567,-1.1266269799766302,-0.6939997341674039,-0.15442228081351697,0.7673215115549278,-0.7759292279158876,0.15376523818109156,0.18595116413636714,-0.7983579461817002,-0.4267845933228406,0.3041828515459622,-0.5122984218604396,0.4420034378580965,-1.709223057339768,-0.12700331697467585,0.7303622928135531,0.48556155522533245,0.5122984218604396,-0.3041828515459622,-0.8431352397972577,-0.10937746679115769,-0.7188718357025985,-0.5220307794904515,-0.7843815472730677,-0.49755964466293656,0.5138790966987595,0.40038202722625016,-1.0384305451721696,0.1400424443303771,-1.6969572021918669,-0.8615437338508666,-0.7885913960966542,-0.48232991558187904,-0.5723076854318833,-0.12479618717266176,-0.3759724034796717,-0.8274130302866491,1
1.3156174742354179,1.0832795835486928,0.27967722576327125,-0.4281154315628296,1,0,0,1,0,0,-0.8236341047562825,4.442376362304737,-0.5536240695330674,0.11828082416254442,2.080740265303444,3.325088188934249,0.2543457189285077,-0.7798399108006057,0.5163033802941438,1.2541185113975817,1.685343633527036,0.4969393594445771,-1.8466504135064703,-0.35171437049946774,-1.1637926185928276,0.9416232117568829,0.6329505423983469,1.6513518811368582,1.0872846843245239,-0.4005896952488784,-0.7051027685104336,-0.09550714598164538,0.24043650089158927,-1.066610276859874,-0.5788055625493794,0.4005896952488784,-1.0872846843245245,-0.5089050763265954,-1.2351161931692491,-0.8371407578686448,-0.2765412700918884,-0.01630893667750248,-0.40304466324369825,-1.0357458890816678,-1.482135726645747,-0.6043528672675491,-0.7481493064513315,-0.2553016945782196,-0.5148615102604385,-0.32180562690308556,-0.7023304039164997,-0.3502454288142823,0.7806711296729086,0.6260729825722207,-0.8274130302866491,0
1.726821671951222,-0.07626988516709207,1.4383931084795292,-0.13478617003801185,1,0,0,1,0,0,0.059691485532990585,-0.40128605041352367,-0.6047967952025805,0.24211185000754018,-0.8453026434326681,-0.4957261980236865,0.12433811471000114,-1.4384758407714873,-0.66925408142838,0.7010237015878819,0.3959804608891364,0.3990637400787692,0.18240990860514358,0.2214026886575085,-1.5100374246218928,0.2468077550979667,0.7288194931513,0.4946241004052678,0.416552302523086,0.13114384342216406,0.04832778256871154,0.46163089208343366,1.1629107412813335,-0.22435286101695992,-0.03188982940479756,-0.13114384342216406,-0.4165523025230867,-0.06326485836571254,-1.535313186870074,-0.9463120706373036,-0.6899972859210471,-0.3918111018575571,-0.9386295579527137,-0.22015379130249568,-0.4301405112466897,-0.8523972546416179,0.08453045990652028,0.5034643620605421,0.19674936974096682,0.7803274392483975,0.6345956405784983,-0.794369942049485,-0.28942660841731066,-0.26463402725168356,-0.023255055489598248,1
-0.07219669305541997,0.5163887321765315,-0.15484123025532542,-0.8681093238500562,1,0,0,1,0,0,-0.5838743016777656,0.24065912409319415,-0.24658771551598904,-0.24048196099585453,0.5650010954954711,0.370933245085452,0.7247802487836009,1.671897879132359,-0.31604947823461155,0.2701095721976355,-0.2683916655956849,0.6336910229394638,0.37814357265257237,-0.007080584308083699,0.5225759863221016,0.8921622909867363,-0.685656838119307,-0.4797693781657412,0.271474372857786,0.595033997706013,-1.0148994154537347,-1.7712271569335394,1.3285872871052364,-1.0447861896971646,-0.11947910823123298,-0.595033997706013,-0.2714743728577867,-0.007559831120602114,0.491016520610491,0.02713213488323473,0.48576825909312477,0.17144214591252482,-0.7180946013078251,0.18764225758709038,0.06817301183707392,-0.4183195767369984,-0.9146852597229018,-1.6210805965279906,0.32447439948480933,0.9877877811122063,0.4484413812184362,-0.2550758902638815,-0.20711139779498602,0.06938110143228039,0.5953280020465953,1
1.3156174742354179,0.0783367106616796,0.27967722576327125,0.3052077222492148,1,0,0,1,0,0,-0.8236341047562825,4.442376362304737,-0.4001058925245282,-0.161206958468918,2.3476486841149398,3.5410822606688797,0.10838050443633454,-0.5054060426098703,1.0260453020249634,0.2286442959581286,1.206910627383669,-0.1420484098957666,-0.9952954939335568,-0.18283970101624297,-0.8940551747089658,0.8168629139365798,0.38720058377088007,1.4134999901898797,0.7781220325379118,-0.965469047129439,-0.3333970046136742,-0.20195919272840274,-0.5817698500420538,0.07505777786722559,-0.18903530024045775,0.965469047129439,-0.7781220325379125,-0.28608496734615396,-0.9349191994684248,-0.4732363819731166,-0.0052107597040024186,0.15437386567706757,-0.05648973137315825,-0.7910682597479163,-1.149926711256571,-0.23228628620644656,-0.4150773999081907,-0.3311783002420958,-0.4601222117987924,-0.671894953798262,-0.6007917169928287,-0.0647368131630805,0.28677986593896093,-0.15329565102369538,-0.76555472453303,1
2.317927706167689,1.0832795835486928,0.27967722576327125,-0.4281154315628296,1,0,0,1,0,0,0.48873534367349464,-0.5012992478910195,-0.5536240695330674,0.11828082416254442,-0.9828555248935813,-0.47694410482937083,-0.145558410418197,2.1918452661554064,-1.2412850392611916,-0.03440060830005295,-0.9266068554869282,-1.271767247112233,0.321147494867201,-0.7756827057308948,2.4313510144413604,-0.8190050718047586,-0.2808138290160433,-1.1360266113852313,-1.2694823106029698,-0.4754817429490244,-0.5726505070046939,-0.5727023421694651,0.8738571193492578,-0.23197718343836596,0.09552541721871237,0.4754817429490244,1.2694823106029691,-0.7595776989295921,2.142099985965025,-0.17301527185930607,-0.5607922809744348,-0.6307670251539549,-0.2770246880180474,-0.30171300108041293,0.34501385799472056,-0.6663639641110671,-0.6093693453916895,-0.6346847228976005,-0.378013264106322,0.10608132819102022,0.008440404549195996,-0.7626467625326843,0.28677986593896093,0.06938110143228039,-0.45626319576493324,0
0.5189093411610479,0.5163887321765315,-1.6032360836506476,-0.8681093238500562,1,0,0,1,0,0,0.6275436507189519,-0.5222322427118907,-0.24658771551598904,-0.24048196099585453,-0.5921566176757793,-0.21578357088936206,0.43181013126950407,1.4205219591166827,-1.6939438358267604,1.3417086204275022,0.06489407242719718,0.9896777908895464,0.5422493517908126,-0.24453232099229585,-0.005655107793253227,-0.5258731205007359,0.6985345317209751,0.01671431767260705,0.3506288912831737,1.002053003267564,-0.8447763128533731,-1.955376131925441,1.7872261999367682,-1.1199069021644608,-0.06804719437583327,-1.002053003267564,-0.3506288912831744,-0.20252742647848845,0.04072103005925432,0.15449866644666885,-0.1473362651452761,0.13730558544161034,0.1010352376589052,0.4323198869208419,0.2896456887631914,-0.10826409251941274,-0.8314172830871166,-1.848710413519619,-0.25028823436248077,0.6765972683164937,0.1438253204474232,-0.8895394805998851,-0.7010026615289333,-0.32030321536567735,0.10046155601764112,0
2.215126656738738,1.7274737328352407,0.27967722576327125,1.478524768348486,0,1,0,1,0,0,-0.48292280564470574,0.0028370440449626386,0.047655457083711085,-0.39671736743580244,0.6012107032117973,0.3087734604661691,-0.36486128788108446,1.7414022019759607,-0.28935707161529506,-0.08673966886738334,-0.17457777319031587,0.5001106840480001,0.2080016623018364,0.1630974233639641,0.7521808261486562,-0.023192199393375107,0.8878216553757158,0.7677907218009156,1.3266889502382984,-0.6337026228571595,0.6703135262141298,-1.6366109331311516,0.37225488667423057,0.99752845249221,0.97655785676265106,0.6337026228571595,-1.326688950238299,0.15955525061472892,0.7161642658861095,0.05442496307539909,0.03355074177998182,0.39332978897346543,0.1325402314653172,0.4323198869208419,-0.1532996650890431,-0.046252995675895824,0.16779843654230542,-1.6969572021918669,-1.3450742035954124,-0.9830854665939747,-0.5838686025055501,-1.0798785577006862,-0.6186874509066087,-0.9326642846196119,-1.198562864808365,0
0.31330724230314594,-0.7719995663965628,0.27967722576327125,0.7452016145364414,1,0,0,0,1,0,-0.14221150653312897,-0.2919692996823072,0.08603500133584588,-0.40192521431713407,0.1840318605368469,0.0860714983049973,0.0737450798352396,0.6994202919283831,0.0048590596438079815,0.21957765318524453,0.3885278618458806,0.2166193761919509,-0.516030060690462,0.22494721061036815,-0.00252926371241453,0.0025495086554698826,0.20365360761381374,0.6833308931292844,0.2430696413654208,0.05436948222367098,0.12222027370455954,-0.9625100614193075,-0.004080486987476451,-0.09469581229637845,0.16203436864771847,-0.05436948222367098,-0.24306964136542153,0.24311279148239442,0.04072103005925432,0.14540105704928116,0.12399424524260985,0.20557870638343811,0.6051151385615076,-0.5463906304141645,-0.7069813574043363,0.139780294854656,0.05677446769459199,-0.9381911455531051,-0.17730250308028428,-0.1532440991387405,-0.1777138548108673,0.09387908442092041,-0.20711139779498602,-0.2089648391376897,-0.2706882785040748,1
2.138025869667024,-1.3904259497116478,0.5693561964423357,0.3052077222492148,1,0,0,1,0,0,-0.36935237260751347,-0.17393046777572777,0.009275912831576286,-0.3706781330291445,0.38932078231418654,0.15270320987530775,-1.2576086533045043,-1.329259537762783,-0.17958794199818146,-0.9592091075969434,-0.024091413218646118,-0.14762915916981686,-0.3167660562710616,-0.89169101014347,-0.1758965007305965,-0.6057875374505136,0.11813226702371742,-0.2573780041053662,-0.30025191215747105,0.0964376253461319,0.8577682951482286,1.6482411786090396,-0.363255320267184,1.4129675551566796,-0.21995950936072872,-0.0964376253461319,0.3002519121574703,-0.8152827261747027,-0.10937746679115769,0.1908891040362222,-0.1602567656399366,-0.10165033785478751,0.3530751881102058,0.02452383803125581,0.17890935030013266,-0.10826409251941274,0.5563823275093027,1.1863538130354276,-0.6517097564145549,-0.723760039264214,-0.1777138548108673,-1.3019408143182878,0.12214944469431245,0.18071947766026855,-0.8274130302866491,0
1.135715637734753,0.0783367106616796,0.27967722576327125,-0.13478617003801185,0,1,0,1,0,0,-0.016022136491804253,-0.3576756445367086,-0.5920036137852022,0.22822425832398924,-0.7550641863956853,-0.45145412120851375,-0.5003081761422887,-1.5155955933516776,0.04919028426701775,-0.489599753020748,-0.5480951763040326,-1.4501900385825033,0.8416466103737421,-0.6241045851812705,0.03912007619610825,-0.4775244617673279,0.35282996018661933,-0.07733450718999595,-0.5008818372323651,-1.4811177417461807,0.07209274986411326,2.119392149314745,-0.5471107982699213,1.0112778288023436,0.6370484783547891,1.4811177417461807,0.5008818372323643,-0.7038726716844818,-0.18442671521636386,-0.6551885699208807,-0.7804407893836761,-0.6136987449184976,-0.37153966943728567,0.02452383803125581,0.2896456887631914,-0.4803306735805153,-0.05424950115312168,1.717490052682561,-0.43275256256796935,-0.6329961396987983,-0.2284831982727022,0.062155904904119784,-0.20711139779498602,-0.8213259083916238,-0.6418381130257917,0
1.8553229837374106,-1.0039094601397194,-0.4445202009343899,1.7718540298733036,1,0,0,1,0,0,-0.00340319948767178,-0.36058300492849626,-0.7199354279589849,0.8300198979445294,-1.1907743066096708,-0.9187704875908923,-0.5398434468381768,0.024079199225809193,-1.7046214037309497,-0.12623816454099268,-0.2741169018705553,0.10809475201325662,0.2677459510203091,0.14605820085537788,-1.2067187432951407,-0.47716809047658404,0.20114411132097948,0.8028103745010425,1.0614552385657101,-0.90531003275748545,0.8966050874184588,-1.2419138032544144,1.8507666510415197,0.3699906737089471,1.1401534739111754,0.90531003275748545,-1.061455238565711,0.18740776423728422,-1.0850176963188372,0.21818193222838655,-0.06981326217730856,0.017827623793410803,1.2352150146897614,0.4323198869208419,-0.04256332662598434,0.44983577907224165,0.029018475482663446,-1.5452039908641146,-2.2117797625714823,-1.2035120798242718,-1.0069464646875115,-2.1901898407886926,-1.0302635040182315,-1.4336869776455579,-2.002720839605417,1
0.3904080293748593,0.5163887321765315,-0.8790386569529866,-1.6014324776621007,1,0,0,1,0,0,-0.5586364276695006,0.22088907342903796,0.6233486208657331,-0.5170764953599105,1.0831172225652648,0.569486801711075,-0.11637283205687708,-0.10241058112348117,0.6050413013651614,-0.7160155564896256,0.11685347342356611,0.3320731279386142,-0.016221969630187138,-0.5673948520279426,-0.19720691603570953,0.3004543241490196,-0.3870416208915718,0.054164851498060856,0.5209310369862826,-0.06374491962016399,-0.40511499493278935,-0.056995822776292254,-0.5251841079045493,0.5835069774090541,-0.09903380330730638,0.06374491962016399,-0.5209310369862833,-0.5367575899491508,-0.18442671521636386,0.00893691608845806,0.1627557467265941,7.593435579547688e-4,0.06953024385249205,0.5138790966987595,0.2896456887631914,0.015758101167622184,-0.27629743884854874,0.12408133374116129,0.561678026151944,0.1838789563899486,0.4145951522438788,0.3476645205553221,0.4514102871836102,0.45906541823023866,0.2860364732784985,0
0.544609603518286,-0.8235350983394863,-0.15484123025532542,-0.13478617003801185,0,1,0,1,0,0,-0.10435469552073157,-0.3169725990516812,2.3248417493770424,-0.704558983087848,0.9478163497139354,0.30072399195431954,0.7529971839778076,-0.4928159802361792,1.3051200283053694,0.1360357526221063,1.1778559609407009,0.6034273030278978,-0.5072703531259953,0.3177142541715954,-0.4182372020388245,1.0028872124495467,-0.43192524106044095,0.1564924903024587,-0.5796783524084306,1.3979208031972914,-0.7296045750495929,0.25742455121669217,-0.7763378700354674,-0.6120652008804467,-1.3784859778664742,-1.3979208031972914,0.5796783524084299,0.27096530510494976,-0.40957446049198204,-0.06384395909064733,0.459927258103802,0.2567835470898098,-0.4660546508565234,-0.38327221085833024,-0.1532996650890431,0.38782468222872474,-0.10050948817300241,1.5910290432427672,3.7548037697479946,2.57831706873474,2.0787014101595944,2.314501650596933,1.1648087792437567,2.426043398258028,3.873818206988421,1
-0.07219669305541997,1.6501704349208541,-0.15484123025532542,1.0385308760612593,1,0,0,1,0,0,-0.5838743016777656,0.24065912409319415,0.8536258863785419,-0.5651044165988575,1.240813959276897,0.6218083470380973,-0.7114934926442851,0.6764306008749973,0.9122391791596569,-0.302454920262801,-0.0289676340018869,0.2510292365994393,0.12275785195733663,0.015272546364420358,0.2701569076338024,1.1917038560810476,-0.5549561329666113,-0.24584441906069857,0.5061221547512287,-0.1595918522639314,1.0046091695702566,-0.6577849686296644,-0.04951407022495784,-0.14168791725595514,-0.2023598825589584,0.1595918522639314,-0.5061221547512293,0.02029268250195297,0.26586877533487285,0.05442496307539909,0.6666552660183818,0.39332978897346543,-0.844114576533476,0.18764225758709038,-0.04256332662598434,-0.35630847989348147,0.6674062963570164,-0.7864379342253526,-0.6882026220556532,-0.6070635969658218,-0.6177148314801074,-0.5405845059150832,-0.37174181903963527,-0.48731077970765985,-0.9511296417938885,1
2.215126656738738,2.706648839750792,0.27967722576327125,-0.4281154315628296,0,1,0,1,0,0,-0.48292280564470574,0.0028370440449626386,0.5337963509440852,-0.5066608015972472,0.8833930591575531,0.3937400725356925,0.19258526855238398,0.3809756338137809,0.42761561974410334,0.5786592690455629,1.0166118847156043,1.3461194123385585,-0.2030851323685347,0.37383628509608885,0.636383612869071,0.2379137685881908,0.7152317678477319,0.4782030314575244,1.5427439112049275,0.3058716999428703,0.10573830732210028,0.1146141196587631,-0.34548448428349143,-0.07251976276489183,-0.854773054127758,-0.3058716999428703,-1.5427439112049282,0.38237535959517033,0.641115017460903,0.13630344765189217,0.24027874969456073,0.529876030857121,-0.2140147004052217,1.0032343553662626,0.2896456887631914,-0.10826409251941274,0.3343343898138759,0.4275877563966659,0.9448531153834703,0.5987996401175653,0.5330569536548284,0.12560226393772106,0.6983559190505837,0.9600881112561845,0.5953280020465953,1
-0.7661037767008384,0.7482986259196881,0.714195681781868,-0.13478617003801185,0,1,0,1,0,0,0.097548296545388,-0.40651929911874146,-0.10586271992482811,-0.315706415948422,-0.16041795343265255,-0.0686571742005558,-0.388256950244723,-1.4886940476765609,1.1651875029964458,-1.1471534041456892,-0.06797636350731649,0.08280454285746906,0.5664325817259674,-0.05758001565875117,-0.8669951164852021,0.3388596118761059,-0.36481491323072773,-0.24699604348529328,0.02218903885575044,0.09092870184200141,0.48234746733579065,1.1747426250155562,-1.2523291201694566,1.1879860177398445,-0.15277096081684385,-0.09092870184200141,-0.02218903885575115,-0.11896988561082296,-0.8598699510432187,-0.23669853764102378,-0.031051760693324323,-0.1699234587966153,-0.43454965705011084,0.02452383803125581,0.012804842605544792,-0.35630847989348147,0.6951622885689447,1.4898602356909325,0.8353745184601769,-0.010615114107371936,0.46536449570571364,0.7917890337905242,-0.37174181903963527,-0.3759724034796717,0.40975308478573785,1
-0.3034990542705592,0.3102466044048362,-0.15484123025532542,0.3052077222492148,1,0,0,1,0,0,-0.7353015457273552,1.5640895744349421,-0.15703544559434116,-0.2879312325813202,1.2577870546255794,1.4254136201377474,0.09425829883879486,0.06763105994106422,-0.7507681209355767,0.31675602029248484,-0.23316752065176352,-0.162405444033041,0.25548937375468456,0.26812979740038617,-0.01288285003550892,-0.9198374405534044,0.646245346001492,0.4417288364674275,0.12891477706591967,-0.34935776200978186,0.13684367524868518,-0.10573150858831439,0.1019772532282887,0.21288887471175308,0.7343914297202636,0.34935776200978186,-0.12891477706592036,-0.03541234474315745,-0.3345252120667762,-0.982702508226857,-1.2455788071914804,-0.972132629863095,0.006520256239666901,-0.7910682597479163,-0.9284540343304539,-0.9144083514851348,0.3065783976019474,0.12408133374116129,0.7167727051266096,0.6636309969500054,0.7192112130148905,1.0138512904081252,-0.4540570296619595,-0.6543183440496418,0.5953280020465953,0
1.572620097807795,-1.2615871198543382,2.452269505856255,-0.4281154315628296,1,0,0,1,0,0,-0.7605394197356201,1.9216949026248256,0.17558727125749374,-0.42680714941682946,1.7019911914963965,1.8077633744506028,2.3992669665901505,-0.2600566524937914,0.43459332691435876,1.3689024505781677,1.2118873108605164,-0.10164382417970504,-2.461073263968379,3.261654670151403,-0.7118664046905224,1.3112099578644472,1.5037601784043615,1.4052364337717917,1.0872846843245239,-1.2169857651458618,-0.07723220616675755,-0.35619622013387586,0.7235359181929313,-0.358196044818397,-0.20357298696974735,1.2169857651458618,-1.0872846843245245,2.916954099247692,-0.7097714541928067,-0.19121049065408274,0.49868875958778525,1.1272658390981163,-1.1906695084040155,-1.0357458890816678,-1.482135726645747,-0.23228628620644656,0.11228645211844858,-0.1035484832504671,0.8171280856396278,1.1044842234105985,0.8715192434003977,-0.0647368131630805,2.8385513952310224,2.1848102497640536,0.47161139053935697,1
-0.7661037767008384,1.572867137006469,0.27967722576327125,2.505177183685348,1,0,0,1,0,0,0.33730809962390496,-0.45594442577913186,-0.7839013350458762,1.9149879982219453,-1.8155323563488843,-1.830596392905409,-2.6055923407760977,0.569806930674805,-1.3523704078792336,-1.449145804187126,-1.5718845809922521,-0.7506841566282577,1.5816288074728384,-0.3354934890468611,0.03557193395657343,-0.5652597356356048,-0.4253895269479889,-0.6965999403517718,0.08301123374971872,-1.106173187055868,3.287918435742963,-0.7464427120355087,1.2807041313750664,1.5358935172189048,1.3634326802773964,1.106173187055868,-0.08301123374971872,-0.3139374809687093,0.04072103005925432,0.03622974428062242,-0.26362076959722697,-0.40887938209301433,0.16404522527173035,0.758556726032511,0.7879592118469556,0.07776919801113909,2.8046176966755025,-0.7864379342253526,-0.3688900476960481,0.31354167005482897,0.9392117013495113,-1.3019408143182878,-1.0302635040182315,-1.4893561657595522,-0.45626319576493324,0
1.726821671951222,-1.2615871198543382,-0.4445202009343899,-0.4281154315628296,1,0,0,1,0,0,0.9430170758222637,-0.5937533083498675,0.17558727125749374,-0.42680714941682946,-0.3761900718137507,-0.1267922245639139,-0.6212848261865584,-0.9469469255531606,0.7314008491346287,-0.7278475391473996,0.11338706597759213,0.09017599783029633,-1.0774764187805568,-1.0547521402245856,-1.6992232224095243,1.6450647925332695,-1.5378829577872721,-0.33279430414494654,0.9953441571592244,-0.8641809106868654,-0.18998423618506355,-0.4025301488276226,0.6532820042116207,-0.5416633470362162,-0.4723176038539074,0.8641809106868654,-0.9953441571592251,-0.8709877534198129,-1.4602639384448675,1.0460643873907127,1.8553413115272142,0.9736513169790033,0.1325402314653172,1.247911984700014,0.7879592118469556,0.38782468222872474,-0.026493508941193386,-0.17942508891434333,0.7167727051266096,0.9748215097457181,0.6684418695530556,-0.1916295312302808,2.756236184608697,2.351817814106035,0.47161139053935697,0
0.8016122270906633,-0.2824120129387873,1.4383931084795292,1.7718540298733036,1,0,0,0,1,0,-0.1800683175455264,-0.2733621931748661,0.27793272259651985,-0.44648123763519326,0.3424533304670657,0.13481550207119755,0.12462059892297722,0.7832334358344795,-2.0145259623875007,0.6726449238517137,-0.999263601647546,0.24115189491234948,1.4690009725080169,0.7146254485311794,2.286879484757732,-1.512399245165349,1.2701283248417727,-0.7554735930258462,0.4316262532639202,-0.09917924017331377,0.5407573515934028,1.2159331944267977,1.2341090914389479,0.3507376082929219,0.5615186994547728,0.09917924017331377,-0.4316262532639209,0.5494904413305014,1.9169522406894068,-0.32767463161490584,-1.0259302987822392,-0.5454256239766699,-0.40304466324369825,0.8401159358104279,0.6772228733838963,-0.6043528672675491,0.5286263352973745,1.1863538130354276,0.11464042204849642,0.7414286251489338,0.854596128913119,-0.794369942049485,-0.7010026615289333,-0.8213259083916238,0.16231986177126023,1
2.1637261320242622,-0.6173929705677911,-0.15484123025532542,0.3052077222492148,1,0,0,1,0,0,-0.2684008765744537,-0.22742589898462093,0.8280395235437853,-0.5598965697175259,0.6970980304882548,0.2577934932244551,-0.9886443774144958,0.14774850084267743,-1.1544084464688213,0.07932006567221513,-0.715281525787588,-0.882118913085622,0.47438708243236505,-0.6903047953904548,0.5015733039220643,-1.3311831345173817,0.2579607469890555,-1.0375741909285072,-0.6711839829354725,-0.5374328853480426,0.6849896551265711,0.29967567093000264,0.24040434785688303,0.14863316954909667,-0.08308823488514092,0.5374328853480426,0.6711839829354719,-0.7038726716844818,0.340918023760079,-0.30947941282012914,-0.9225662948249498,-0.7843815472730677,-0.18250970659880966,-0.05703537174666111,0.2896456887631914,-0.8523972546416179,0.6951622885689447,0.35171115073279,0.20587258615124074,0.30057539868834077,0.34690269429476517,-0.28679906978068154,0.36909507656128593,0.1250502895462747,-0.08511336124321738,1
1.726821671951222,1.4955638390920825,-0.4445202009343899,0.3052077222492148,1,0,0,1,0,0,0.9430170758222637,-0.5937533083498675,0.31631226684865466,-0.4505317852095623,-0.2923654388200746,-0.10845732406470096,-0.7397781095704588,-0.3585835404971185,0.25415163282087583,-1.2069530091509237,-0.2935243826316633,0.41985536639763943,0.7898748049261325,-1.1160362201741114,-1.7261803548895138,1.4863043097990465,-1.7292120668684003,-0.6198129619686508,0.741322049072657,-0.1626015385546773,-0.08645077179069031,-1.2370824229499964,1.1461586965106016,-0.0841414357813929,-0.22353064749706372,0.1626015385546773,-0.7413220490726576,-0.9823978079100336,-1.535313186870074,0.6275743551108558,1.3643622927300878,0.4616029099152932,-0.11949971898598452,1.166352774922097,0.8433273810784847,0.015758101167622184,0.0012624832707351544,-1.0899443568808573,0.38833691435672935,0.9488889670127426,0.854596128913119,-0.9847090191502859,0.03983423407198747,-0.04195727479570725,0.34789477903211874,1
-1.2030082367738797,-0.4370186087675581,1.4383931084795292,1.0385308760612593,1,0,0,1,0,0,0.24897554059497767,-0.44722234460376886,0.3035190854312764,-0.4505317852095623,0.02590072076535895,0.004235235101193206,6.994634765426767e-4,0.3329724576250564,0.5487918001436006,-1.2070739404920747,-0.6827390049330315,-0.13115021353051357,0.56971980162601,0.08638626737080815,0.24831168981038418,0.25810870767638333,-0.9050556205684419,-0.7626957184958166,-0.38662849897585155,0.2045801889163758,0.08534351950760982,-0.20826194794371172,-0.4908424161245451,0.7332413589829283,0.1429702217796109,-0.2045801889163758,0.3866284989758509,-0.007559831120602114,0.11577027848446049,-0.30947941282012914,-0.1344157646506147,-0.47715250303484213,-0.49755964466293656,0.2692014673650073,0.5111183656893089,-0.35630847989348147,0.08453045990652028,-0.17942508891434333,0.05990112358685037,-0.2051091846046925,0.09305597698558829,0.09387908442092041,-0.12479618717266176,-0.04195727479570725,-0.023255055489598248,0
0.6731109153044746,-1.4419614816545723,0.27967722576327125,0.3052077222492148,0,1,0,1,0,0,0.551830028694157,-0.5140916336148853,0.4570372624398156,-0.4846721147649583,-0.05458260628873089,-0.020807555824561053,0.3465827093205182,-0.9251948232660512,-0.4340806869132365,0.7377448391822198,0.8778463280092832,-1.306913948033253,-0.7312342281964869,-0.12062779055716046,0.03557193395657343,0.4226829175647552,0.4352532196294105,0.18838379612130998,-3.034126254566094,1.2267347275520042,-0.6024615610795864,1.3054941128390571,1.0181584095668936,-0.5650560404431624,-0.9573231088012953,-1.2267347275520042,3.034126254566093,-0.5924626171942612,-0.6347222057676005,-2.010732370131724,-1.5427503185686884,-1.3305665148076924,-1.8207693845322692,-2.0144564064166746,-1.2052948804881005,-1.2244638357027204,-0.5538573609678327,1.2622304186993043,0.0963939892279486,0.6117659114840535,0.3299795798074865,-1.3653871733518879,-0.37174181903963527,0.23638866577426285,-0.023255055489598248,0
-0.6119022025574117,1.5986349029779314,0.27967722576327125,0.5985369837740325,1,0,0,1,0,0,0.8294466427850714,-0.5652611765103484,0.36748499251816774,-0.46441937689311324,-0.22093079326889742,-0.07581225732219987,0.669063832802248,0.5088041213088692,-0.27595413491825044,0.5481949457662372,-0.01636530604864938,0.6254054872209657,0.00890057228014985,0.7845792728376848,0.7693293955621778,0.2426939490228736,-0.0052000305526290445,-0.4603533151602573,0.13830413819877924,0.7158101325491454,-0.14640718132723013,0.07234767555527001,0.6211225604042617,-0.7457322664238367,-0.4281697123816817,-0.7158101325491454,-0.13830413819877996,0.8558680911786088,0.8662627627365218,0.3728412919839863,0.44700675760914055,0.4274663494443799,-0.43454965705011084,0.4323198869208419,0.40038202722625016,0.015758101167622184,-0.4150773999081907,-0.3311783002420958,-1.1717330918001976,-0.723760039264214,-0.939254006738398,-1.175048096251087,-0.5363722402842841,-0.26463402725168356,-1.198562864808365,1
0.544609603518286,1.6501704349208541,-0.15484123025532542,-0.8681093238500562,1,0,0,1,0,0,0.3877838476404349,-0.4716441718947853,0.188380452674872,-0.4297003976842359,-0.12188509568370681,-0.030645795116821653,-0.013158952925749715,-0.6293179656107012,-0.5161848021634665,-0.07846855188087012,-0.06441437317402511,0.5184471494206148,0.07692415106326204,-1.02383508902662,-1.3478147019564675,0.41800153168330245,-1.0622255490267039,-0.8932629929013431,-0.088318892712161,0.7946936794948511,-1.0047061131068364,-0.48645252296425395,1.125693144278374,-0.94727872012303,-0.7883556131516324,-0.7946936794948504,0.0883188927121603,-1.0659553487776992,-1.3852146900196616,-0.8280431484712572,-0.5091102789957901,-0.8697229484503528,-0.9701345517591269,0.02452383803125581,0.06817301183707392,-1.2864749325462383,-0.8869292675109735,-0.3311783002420958,0.4704458620491997,1.0137203238451828,0.5161338391675497,-0.7626467625326843,0.28677986593896093,0.793080546914203,0.10046155601764112,1
-0.8175043014153137,0.23294330649045036,0.27967722576327125,0.3052077222492148,0,1,0,1,0,0,0.33730809962390496,-0.45885178617091954,-0.054689994255315046,-0.3394310517411549,-0.2676757359598346,-0.09056961626059078,-0.5063821757639652,1.2763031345057814,1.1963872820626158,-0.45309141989513585,-0.12443715792702977,0.7145815955286076,0.6868806004077226,0.1174897020961326,0.8224297036741501,1.1486860469127855,0.17139066465664038,0.3591045450799557,1.4515106188639773,-0.4649864905896614,0.8215310681042304,-0.9278740834672325,-0.4811827955035001,0.782045326482889,0.512370093977247,0.4649864905896614,-1.451510618863978,0.2152602778598393,0.9413120111617277,0.427426948368315,0.9896677783849125,1.0248561576853752,-0.5920746260821743,1.4925896140337656,0.7879592118469556,0.20179139169817292,0.8894542340524437,-0.7864379342253526,0.38833691435672935,0.06718251409155555,0.38074892326932136,0.664896315723324,0.12214944469431245,-0.09762646290970158,0.2860364732784985,0
2.2408269190959764,0.23294330649045036,-1.168717627632051,0.3052077222492148,1,0,0,1,0,0,-0.40720918361991093,-0.16288249828693463,-0.054689994255315046,-0.3394310517411549,0.39470839196641555,0.13705146554671133,-0.6173548760536656,-0.20849824934151284,0.6853574089631345,-0.376982926101191,0.09172711972005104,-0.6355772508580622,-0.45883073327358637,-0.06062172015666424,-1.015769905019561,0.3287979809312291,0.19207385056046875,0.5627999923214587,-0.2763926451691775,-0.5927287050207662,0.7978744747399842,-0.7314056017293729,-0.6064962759822292,0.6997367545673927,0.43021490431146747,0.5927287050207662,0.2763926451691768,0.1317027369921738,-0.7848207026180125,0.8095265430586199,0.8733832739329616,0.9224464762726329,0.6681251261743327,-0.30171300108041293,-0.2086678343205727,1.069946747507413,0.8061862574166584,-0.6346847228976005,0.21499580256151593,-0.1402778277722523,0.1438253204474232,0.6331731362065233,0.28677986593896093,0.013711913318286572,0.10046155601764112,0
-0.8175043014153137,-1.3904259497116478,0.27967722576327125,1.0385308760612593,0,1,0,1,0,0,0.33730809962390496,-0.45885178617091954,-0.2210013526812325,-0.2705717429768815,-0.4198113026895024,-0.14378554697781856,-0.8124323772400965,0.37263845356795633,1.0362145900106923,-0.6345016426838235,-0.030360680735699006,0.627139549539462,0.984010341772501,0.27793920504251357,0.149603051175677,1.5375167441441346,0.1410900375139514,0.5119753861626497,1.8608907768041416,-0.9902652685099177,1.4074205761699403,-0.36158891950305844,0.12851599237644268,0.9970732506671601,0.5393146885646054,0.9902652685099177,-1.8608907768041423,0.29881781872750485,0.19081952690966666,0.16359627584405784,0.9509062769009282,0.9736513169790033,-0.9386295579527137,2.145063292257104,1.1755363964676604,-0.046252995675895824,0.9727222106882286,-0.5588081172337243,-0.7703115697481222,-0.5940973255993336,-0.194636969298146,-0.857816301083085,-0.04248097655033679,-0.48731077970765985,-0.8274130302866491,1
0.5703098658755232,0.23294330649045036,1.0038746524609323,0.3052077222492148,1,0,0,1,0,0,-0.10435469552073157,-0.31987995944346886,-0.5536240695330674,0.17614578951067328,-0.5921566176757793,-0.3821392534675868,1.9502432456511194,0.5649721310643949,-1.053248003653923,1.8675226866354069,1.216641833189268,0.0014583691573279724,-1.0829361055253475,1.8548324140790737,-0.8263389430418792,0.6929435603025739,0.7889164473546467,1.1530957971415154,0.09517567272851181,-0.09240503183227083,-0.8585340139381807,-1.6032501933901109,2.136166755893789,-1.7406266225226974,-0.4559203553310581,0.09240503183227083,-0.09517567272851252,1.8585585815905954,-0.7097714541928067,0.2727675886127153,0.6020527635450756,0.9224464762726329,0.038025250046078915,-0.9541866793037505,-1.0945585420250417,0.5118468759157585,-0.859173275299045,-1.5452039908641146,-0.3597668312857729,0.7414286251489338,-0.07617516788719629,-1.0798785577006862,-0.04248097655033679,-0.09762646290970158,-0.5181215015185524,1
1.3156174742354179,2.2428290522644785,-1.168717627632051,-1.161438585374874,1,0,0,1,0,0,-0.6722068607066928,0.5290692749585311,-0.42569225535928473,-0.15947100950847412,0.6215750338892292,0.5301338445420326,-0.18987440834151545,1.380539902245428,-0.11393508631217894,-1.0617016929462693,-1.062447223473416,0.0192966230915726,1.1180918604858885,-0.5787183938770573,0.8603314800499196,0.3354799984902479,-1.3440226852909913,-1.1916483140110385,0.03622492998512883,-0.009609152108407288,-0.31422361347665934,-1.0329731509112883,0.4928781247517174,0.10158060399886716,0.21782078178611614,0.009609152108406583,-0.036224929985129536,-0.7038726716844818,0.41596727218528484,-0.8735311954581982,-0.5866332819637576,-1.040405750804923,-1.0016395455655394,0.4323198869208419,0.4557501964577793,-1.3484860293897554,-0.19302946221276363,-0.8623145398892288,0.5251851605108457,0.7154960824159574,0.7192112130148905,0.030432725387320277,0.12214944469431245,0.1250502895462747,0.5334696962929761,0
-1.3829100732745436,1.8563125626925503,1.0038746524609323,2.9451710759725747,1,0,0,1,0,0,-0.20530619155379135,-0.2745251373315812,-0.7327286093763631,1.0151877870585417,-1.0707561904610863,-0.9956876311485661,-0.9644648196031327,0.4334430219877291,-0.9033513218559888,-0.12421815091741574,-0.947282083000352,0.5796434596527099,1.1589827345581925,1.345050210389825,-0.3528963221951655,0.32744357528798834,1.1461062207590353,0.8355986780774857,1.6975640436622979,-0.8930588049066626,2.685070131313323,-0.9484379390541934,1.5639607340519697,1.3042700175767747,2.047312575011109,0.8930588049066626,-1.6975640436622985,0.911573118423719,-0.5596729573423944,-0.8098479296764806,-0.5349512799851129,-0.08458205761933026,-0.9071245641463012,-0.13859458152457876,-0.8177176958673952,-1.0384305451721696,3.6095414708214255,-0.482931511569848,1.9301604876931084,2.6474705160226755,3.223832157132103,0.728342674756924,-0.8656330827735822,-1.266679413303576,2.451077174655176,1
-0.8175043014153137,0.8256019238340739,0.27967722576327125,-0.13478617003801185,0,1,0,1,0,0,0.33730809962390496,-0.45885178617091954,-0.2977604411855021,-0.2219651720844533,-0.5039610911145628,-0.18134973336644997,1.0095874034950008,0.27144889837077707,0.9090572941506323,0.3106295509503542,1.0823318146946306,3.3404547645840332,0.9221988580905186,0.48044047806273515,-0.1305254746316701,1.5162546594720714,0.4769846374420424,0.8306115771035081,2.3326996472976558,2.2424387763807094,-0.9238053958193292,-0.5033296870221041,0.2809779310239772,0.05332931832628506,-0.596153827731975,-2.2424387763807094,-2.3326996472976567,0.38237535959517033,-0.18442671521636386,-0.19121049065408274,0.6020527635450756,0.785900234388976,-1.0961545269847772,1.9003856629233515,0.7325910426154264,-0.4803306735805153,-1.0257092285706153,-0.7864379342253526,-1.1808563082104715,-0.8793552956620708,-0.8038690908401701,-1.5874494299694895,-1.3595243465075295,-0.5429799678216537,-0.76555472453303,1
-0.9717058755587404,1.3151894772918502,1.4383931084795292,0.3052077222492148,1,0,0,1,0,0,-0.1800683175455264,-0.28441016266365926,-0.16982862701171944,-0.2925604298091705,0.013543619457726792,0.007365583966912489,-0.0845042290477559,-1.0677122569811535,0.6488360685333904,0.00660162058382887,0.608095908820475,1.5547677095367711,-0.20102567533620586,0.6571864075098205,-0.7166297967073921,0.8172618736924728,0.16168885703038366,0.6847005272439222,0.01898787070343759,2.1016857808501404,0.774158102544495,0.7475645820996949,-0.06571127519580874,0.15140953935010337,-0.12207766484091621,-2.1016857808501404,-0.0189878707034383,0.5494904413305014,-0.7097714541928067,-0.17301527185930607,0.26611975068388355,0.32505666803163763,-0.34003467563087314,-0.6279498401920818,-0.7069813574043363,0.139780294854656,0.3065783976019474,0.19995793940503753,-1.1717330918001976,-1.0219842806934394,-0.9054077777638412,-0.9847090191502859,-1.5241547677521787,-0.8769950965056176,-0.8892713360402683,0
0.7502117023761872,1.3151894772918502,-0.15484123025532542,-1.161438585374874,1,0,0,1,0,0,-0.07911682151246661,-0.3344167614024072,-0.6943490651242283,0.5291220781342594,-1.0180659043789695,-0.6661066148578361,0.8946834393055836,-0.12815582944618012,-0.9363652765085999,1.8170447605047448,0.8044748500150106,-0.05984868436316071,-1.238244508814371,0.5312848954223004,0.9631239378293819,-1.086706609960161,1.0416603504180835,-0.10469156806852527,-0.3224700655433951,0.23819541748766626,-0.7132254937971415,1.1407343158444265,0.18800735998568663,-1.4218176730512981,-1.1480676446101008,-0.23819541748766626,0.32247006554339436,0.6330479821981672,1.0914105080121401,0.4547197765604794,-0.21193876761858224,0.20557870638343811,0.5106001571422693,-0.46483142063624716,-0.3747723420151606,0.2638024885416898,-0.8869292675109735,0.4275877563966659,-1.3450742035954124,-1.060883094792903,-1.4638705558440304,-1.1433249167342867,-0.04248097655033679,0.06938110143228039,-1.6934293108373202,0
0.44180855408933456,-1.3904259497116478,1.0038746524609323,1.0385308760612593,1,0,0,1,0,0,-0.06649788450833415,-0.33848706595090994,-0.2210013526812325,-0.2705717429768815,-0.14219895441983574,-0.051216659091548364,0.5665788165833556,0.1526084950798304,-0.956021882419092,-0.16364626951128775,-0.4883594007378808,-1.4253845933787388,-0.033647905789941486,2.2132582447620015,-0.2060242967172353,-0.8137987678872669,1.167957769748449,0.4506011995207395,-0.11623388745465664,-1.8287752264186004,1.4236199236229818,-0.41585056652453256,0.48912466091682777,1.379202484032293,1.0748155077569836,1.8287752264186004,0.11623388745465593,2.0813786905710367,-0.18442671521636386,0.03622974428062242,-0.39282577454383927,0.06903246449978255,0.3845801819166189,-0.6279498401920818,-0.6516131881728072,-0.046252995675895824,1.055990187324014,-0.5588081172337243,-0.6060936743631827,-0.2829068128036209,0.2622871218583729,-0.857816301083085,-0.20711139779498602,-0.9326642846196119,-0.8274130302866491,0
-0.8175043014153137,0.7998341578626126,0.27967722576327125,1.478524768348486,0,1,0,1,0,0,0.33730809962390496,-0.45885178617091954,-0.15703544559434116,-0.29545367807657696,-0.3570707884516516,-0.12455626108840012,-0.33886422050044895,-1.9127757455764591,2.6015614893191907,-0.5486370432613348,1.2301780128002262,1.2409420241438893,-0.1801632692909661,0.591528918264909,-0.5300796942834902,1.8008381118292458,0.5078618654030047,1.1024706921341556,2.425792074109932,-0.7133741297612556,1.0622476728332713,2.0943225381790103,-1.7467530785021723,1.244760382541096,-0.5229436134352831,0.7133741297612556,-2.4257920741099324,0.4659329004628361,-0.5596729573423944,-0.24579614703841146,0.6924962670077037,0.8883099158017184,-1.1591645145976028,1.8188264531454346,0.6218547041523672,-0.4803306735805153,0.77843026520473,1.6416134470186852,-0.5239847266707137,-1.2813097080232,-0.8038690908401701,-0.12818317219668063,0.9453015509175579,0.6260729825722207,-0.8274130302866491,1
-1.7427137462758722,0.8256019238340739,-0.15484123025532542,-0.13478617003801185,0,1,0,1,0,0,-0.4955417426488382,0.020281206395688665,-0.2977604411855021,-0.2219651720844533,0.31017149552816947,0.18713704739821985,0.7666431760153716,2.130266811169338,-0.8252399519134185,0.23547192082015245,0.061505634965830905,1.3305908300760518,0.07915581840668845,0.34179421015982836,2.0612856100244215,-0.5608947132053784,0.5012314377923881,-0.15665765270670692,-0.16027754582615011,1.9737285121859853,-0.7245192508601271,-0.8589073785013583,0.5644855656762087,0.17890514003934901,-0.2329060446835013,-1.9737285121859853,0.16027754582614942,0.35452284597261524,1.9920014891146134,0.14540105704928116,-0.173177266134598,0.03489590402886805,0.1010352376589052,-0.30171300108041293,-0.26403600355210183,0.07776919801113909,-0.8869292675109735,-1.0899443568808573,-1.290334905133765,-0.8534227529290943,-0.7361766328910565,-1.6508957890030895,-1.4418395571298541,-0.8213259083916238,-0.9511296417938885,0
1.341317736592655,2.6293455418364067,0.5693561964423357,-1.6014324776621007,1,0,0,1,0,0,-0.21792512855792381,-0.27045483278307847,0.7256940722047591,-0.544273029073531,0.5998848676025677,0.21262703101907687,1.1985700544756441,0.5669180385740438,-0.11575206416374788,0.8243402527102939,0.3714128640156919,-0.8312558737731143,-0.8324324548075257,0.03422369559576197,0.5670836414389523,-0.24712977435347722,-0.1901434971141926,-0.40652193784114926,-1.1334326641296226,-0.009609152108407288,-1.6324449237847403,-0.2100208563758912,-0.09010464069171394,-1.3021735362945241,-0.8797444627506859,0.009609152108406583,1.133432664129622,0.438080386840281,1.1664597564373458,1.6283113888235585,1.2222367872888142,1.0760609983917457,1.109195039464111,0.10608304780917345,0.7879592118469556,1.6900577159425842,-1.5808290728091832,-0.5588081172337243,-1.1899795246207467,-1.047916823426415,-1.4131012123821949,-0.6992004034990842,0.12214944469431245,0.1250502895462747,-1.5078543935764617,0
0.5703098658755232,-0.7462318004251005,1.0038746524609323,0.3052077222492148,1,0,0,1,0,0,-0.10435469552073157,-0.31987995944346886,0.3035190854312764,-0.4511104348630436,0.28519891426886734,0.10261762802379923,1.8488240468658623,-0.41265985496922514,0.7480376784830792,0.9284493772296184,1.1673711934755753,-0.4436479755816622,-1.5506004612861009,2.2596744656324947,-0.9935806369039148,0.8197057466579452,0.9450326084814278,1.2408685393614922,-0.1602775458261487,-0.4461216066019436,-0.31299474140645606,-0.4289586691182097,-0.1988673426265495,-0.31719705248075813,-0.30617311142640385,0.4461216066019436,0.160277545826148,2.0813786905710367,-0.9349191994684248,-0.04564874029587195,0.3824042551358344,0.76883195415352,-0.34003467563087314,-1.2804235184154193,-1.3713993881826885,0.139780294854656,-0.3040534310604773,-0.4070549059059717,-0.013084607695344815,-0.11434528503927678,-0.2284831982727022,0.09387908442092041,0.6983559190505837,0.514734606344233,-0.20882997275045564,1
-0.9974061379159777,1.3409572432633117,0.27967722576327125,-0.4281154315628296,1,0,0,1,0,0,-0.5207796166571032,0.10459465775753113,3.7448848867060294,-0.7780474890799717,1.7444754257370125,0.6817321681818664,-0.41393516853168383,-0.618045233107608,-0.029562170546354252,-0.33135300174902843,0.06171054672825438,-0.2748624915775197,-0.23675110821608325,-1.0413004756645692,-0.8940551747089658,0.5768886207677113,-1.3263711386151955,-0.9073286208470229,-1.5250276175565338,1.13762416762706,-0.46486823787224335,-0.04735836881825729,0.620129906420496,-0.8675703881138294,-0.9660565341508586,-1.13762416762706,1.5250276175565338,-1.038102835155144,-0.9349191994684248,-0.4732363819731166,-0.12149526415595328,-0.6307670251539549,-0.6865896075014126,-0.5463906304141645,0.17890935030013266,-0.23228628620644656,-0.6093693453916895,-0.3311783002420958,-0.8797901666714156,-0.46443461193445323,-0.7530997473783346,-1.3653871733518879,-0.37174181903963527,0.18071947766026855,-0.76555472453303,0
-0.9717058755587404,-0.7204640344536393,1.4383931084795292,-1.161438585374874,1,0,0,1,0,0,-0.1800683175455264,-0.28441016266365926,0.15000090842273722,-0.41234090807979723,0.26399425212083927,0.0999344718531827,0.9851277645546662,-1.1048259528779576,0.09102477845988868,1.0316984639405804,1.1781198926466212,0.20664498640096726,-1.0303727400194227,0.7517324335791851,-0.9815183704850163,0.9163090510645843,0.502077417911891,0.9428658156247661,-0.018359091073560794,0.30004743805884815,-0.6187219470427336,0.5331447361899027,0.7963683063091029,-0.8959066920582074,-0.6110886049817865,-0.3000474380588474,0.018359091073560086,0.6609004958207222,-0.9349191994684248,-0.10023439668020068,0.3824042551358344,0.5810808715634928,-0.40304466324369825,-0.7910682597479163,-0.8730858650989243,0.3258135853852078,-0.5816133531797613,0.5034643620605421,0.023408257945752128,0.4302381123532211,0.025363519036474696,-0.6040308649486834,0.12214944469431245,0.29205785388825667,-0.1469716669968365,1
0.23620645523143258,-0.7719995663965628,0.27967722576327125,0.7452016145364414,1,0,0,0,1,0,-0.0412600105000692,-0.34372031465612773,0.03486227566633282,-0.38688032332662053,0.05805644438679809,0.034644338368180524,0.5273488740327401,0.2496972195620846,-0.9056976095754917,0.6880816502984709,0.24786214357920702,0.17012793253557662,0.19311992420282473,0.8588527289242722,-0.7831223928514232,-0.5013753345658614,0.841944855039789,0.5515359671650149,0.6912331826893887,-0.45352244570481864,0.12486408075064392,-1.1272320918179615,0.7342851145534703,-0.09469581229637845,0.21623459823045663,0.45352244570481864,-0.6912331826893894,0.8280155775560533,-0.7097714541928067,0.09081540066495114,-0.18609776662925942,0.15437386567706757,0.4475901695294441,0.4323198869208419,0.12354118106860354,0.015758101167622184,0.05677446769459199,-1.0899443568808573,-0.1864257194905595,0.20981149912292413,0.1607484349347019,-0.5088613263982832,-0.04248097655033679,-0.26463402725168356,-0.2706882785040748,1
1.6754211472367457,-1.5450325455404195,-0.8790386569529866,0.3052077222492148,1,0,0,0,1,0,0.29945128861150755,-0.45071117707391406,0.39307135535292426,-0.47252047204185127,0.04475746364098211,0.018545401344481353,-0.671806462359178,-0.18366715606443026,0.2207109919078124,-0.1925766624369949,-0.20174521138586587,-0.17874918080133995,0.7491810042384585,-0.15821105280861975,-0.470465766820044,0.23499087636952096,0.1093507186164759,0.7460203531563043,0.13286549185952784,-0.3755669404878874,0.776080619670576,-0.21921334162099065,-0.06557615148233124,0.3685889476676832,0.9906223292453382,0.3755669404878874,-0.13286549185952856,-0.2582324537235989,-0.5596729573423944,-0.44594355378095224,-0.26362076959722697,-0.20406001926752979,0.06953024385249205,-0.38327221085833024,-0.4855086804782194,-0.35630847989348147,1.611110031562582,0.5793409677244183,2.6144017184636907,2.167718475462618,2.233829959626313,2.8696572921409365,-0.20711139779498602,-0.4038069975366686,2.7912978563000825,0
2.2408269190959764,0.4648532002336079,-1.168717627632051,0.5985369837740325,1,0,0,0,1,0,-0.40720918361991093,-0.16288249828693463,0.11162136417060241,-0.4059757618915031,0.5182002742630593,0.18847862548352812,-0.7139850074928559,-1.4382003715974616,0.27831466442742536,-0.024984535695807927,-0.1144857212904626,0.4967727863965053,0.2712487851075069,-0.14752099576202965,-1.03213735248473,0.328854737567983,0.35343139997665707,0.38727602684839546,-0.2859102762628674,0.9611011618955224,0.8454122924624388,0.9400026032024881,-0.04999817324290561,0.3842090220710646,0.5269367077813671,-0.9611011618955224,0.28591027626286675,-0.20252742647848845,-1.009968447893631,-0.24579614703841146,-0.04397226118798574,0.10316902497069583,-0.37153966943728567,-0.5463906304141645,-0.4855086804782194,-0.17027518936292965,0.7229182807808735,0.8069707847160468,-0.14993285384946126,-0.1532440991387405,0.008440404549195996,0.15732544345452057,-0.9479482933959068,-0.6543183440496418,0.2860364732784985,1
0.7502117023761872,0.5421564981479937,-0.15484123025532542,-0.13478617003801185,1,0,0,0,1,0,-0.07911682151246661,-0.3344167614024072,-0.016310450003180245,-0.3533186434247058,0.05144053786971456,0.015862245173864826,0.25045956318055274,0.5754341851910528,-1.6126063080253081,0.6569646830134716,-0.38113499996620487,0.18277990092643925,0.17468032249838458,0.5602231618116703,0.37644642569111547,-1.1902379933392238,0.736755664571249,-0.09680098673264416,-0.16027754582615011,0.40825130337297294,0.21149826290972365,-0.4126857126582518,1.0084124485102772,-0.156962597644342,0.40098684364929343,-0.40825130337297294,0.16027754582614942,0.577342954953057,0.41596727218528484,0.1908891040362222,-0.4703487775118068,-0.1699234587966153,0.6366201323679207,-0.30171300108041293,-0.26403600355210183,-0.046252995675895824,0.16779843654230542,-0.4070549059059717,-0.06782390615699217,0.45617065508619664,0.36382580878204385,-0.44541496736468245,-0.4540570296619595,-0.32030321536567735,0.34789477903211874,1
1.932423770809123,-1.7254069073406524,-0.4445202009343899,-0.4281154315628296,1,0,0,1,0,0,-0.44506599463230834,-0.1134573716265442,-0.4896581624461761,-0.08540385386286918,-0.05520138479970328,-0.02125474851966381,0.2241461407493903,-0.5171048859490345,-1.243464283108213,-0.4251994630380137,-0.21002547000758723,-1.6684744567475573,0.1926494693876417,-0.2684342938431788,-1.1205411020926686,-0.521449465543787,-0.19474970568658395,0.1456068044650496,-0.3925077445122049,-1.8863157591826683,-0.5798970485773748,-0.41279079324050466,1.1758509068322405,0.3813065685294438,0.41520010170511173,1.8863157591826683,0.39250774451220416,-0.48105256270404034,-1.2351161931692491,-1.028190555213798,-1.1034533017502068,-1.1086788717467513,-0.08799472517957138,-0.8726274695258333,-0.8177176958673952,-1.0384305451721696,-0.6093693453916895,-0.482931511569848,-0.3415203984652251,0.28760912732185256,0.43151826673115745,-1.175048096251087,-0.12479618717266176,-0.8769950965056176,-0.6418381130257917,0
-1.5628119097752085,2.1397579883786295,1.0038746524609323,0.5985369837740325,1,0,0,1,0,0,-0.6469689866984278,0.4011454177198736,-0.38731271110714993,-0.17393725084550635,0.5830372143411294,0.4429312689969955,0.7661517289034079,-0.3733992111472085,0.5604760810276728,0.9290430848553196,1.7086168935202917,0.5205738526953729,-1.382994767555478,0.4275146652408923,-1.2040818959947068,0.3747558023515919,1.0348626820934306,1.8850523112193451,0.33643704580791395,0.3763264807979944,-0.6381850129841069,-0.6937206752251989,-0.3895961387731396,-0.22892514988871987,-0.3808989564932997,-0.3763264807979944,-0.33643704580791395,-0.06326485836571254,-1.3852146900196616,-1.501266243877985,-1.1163738022448682,-0.71610842633123994,-0.5290646384693491,-1.6066603575270884,-1.8697129112664523,-1.2864749325462383,-0.8036612908751883,-0.9381911455531051,-1.1899795246207467,-1.1775795370912954,-1.176177609560296,-0.7309235830158842,-0.5363722402842841,-0.4316415915936655,-1.4459960878228426,0
-0.04649643069818187,-0.8493028643109486,-2.327433510348309,-2.334755631474145,1,0,0,0,1,0,-0.596493238681898,0.2761289208730037,0.09882818275322415,-0.4048184625845405,0.8925469048470897,0.5252147248959023,0.3250166523587053,0.7494170025763182,-1.092290111924481,0.3332293582663869,-0.41847395977688806,0.4462798919349111,0.6072674836631743,-1.168917575942564,0.03889803976059334,0.7122433326426846,-1.2330701061859795,-1.0421755671097197,-0.6910894285371356,1.2940866261665431,-1.6199122358334719,-0.989631152638893,2.2089330357568735,-1.6728625745769223,-0.473444955391728,-1.2940866261665431,0.691089428537135,-1.1216603760228097,-0.03432821836595151,-0.20030810005147043,0.188596747715916,-0.32353798091572933,-0.8126095827270634,0.02452383803125581,0.40038202722625016,-0.4803306735805153,-1.5530730805972546,-1.0899443568808573,-0.7976812189789466,0.3394742127878045,-0.38079122865820925,-1.4605567119022886,-0.9479482933959068,-0.48731077970765985,-0.76555472453303,1
1.932423770809123,0.7740663918911503,-0.4445202009343899,-0.4281154315628296,1,0,0,1,0,0,-0.44506599463230834,-0.1134573716265442,-0.3745195296897717,-0.18377429495468825,0.12272456514830793,0.05476800964780448,0.14740343386687813,0.16959860734361842,-1.208574356127759,0.24486824442291377,0.021797305809987785,-0.5593985982823863,-0.3536342407800453,-0.47963536828446574,-0.8832258523938202,-0.38789324443782724,-0.576622746755598,-0.24516884245388484,-0.7768887630270574,0.007555847346540335,-0.684214071608005,-1.1175756810727195,1.2623663299291148,-0.9025704457464961,-0.2676972215100682,-0.007555847346540335,0.7768887630270568,-0.6203151308168162,-1.009968447893631,-0.8644335860608106,-0.9096457943302884,-1.05747403104038,-0.15100471279239655,-0.8726274695258333,-0.6516131881728072,-0.9764194483286528,-0.5538573609678327,-0.9381911455531051,0.5708012425622179,1.1822818516095268,0.6853649840403343,-0.3185222492974822,0.6160407084282594,0.6817421706862145,0.7809029193074537,1
2.138025869667024,0.7482986259196881,0.5693561964423357,0.5985369837740325,1,0,0,0,1,0,-0.36935237260751347,-0.17741930024587296,-0.34893316685501513,-0.20286973351957077,0.04002032554113901,0.020334172124892372,-0.6481735529077953,-0.25760177040537824,-0.3891084375500094,-0.24412165091553725,-0.19681911467950533,0.46832436531442995,0.4820437513521018,-0.75889796115791,-0.75572358560989,-0.5295846105006048,-0.26788701209064,-0.14127540783643522,-0.007768161614413057,0.6464429457035722,0.1430192026449625,-0.4035007839156142,-2.5719126728623756e-4,0.06416042544501856,0.11794654976408939,-0.6464429457035722,0.007768161614412348,-0.8709877534198129,-0.9349191994684248,-0.9918001176242447,-1.077612300760884,-1.1086788717467513,-0.24551969421163483,-0.13859458152457876,-0.1532996650890431,-1.1624527388592034,-0.19302946221276363,-0.7105613285614767,-1.1899795246207467,-1.0090180093269512,-0.9223308922511192,-0.794369942049485,-0.7833178721512579,-0.5986491559356475,-0.9511296417938885,1
2.317927706167689,-0.05050211919562982,0.27967722576327125,-2.334755631474145,1,0,0,1,0,0,0.43825959565696476,-0.4885068621671538,-0.6175899766199587,0.27740947886989875,-1.1110714699966164,-0.5900838566903678,-0.023183785828377566,2.3173075373106298,-1.074892402732978,0.10635226069341719,-0.7717743529615217,-0.18053433134422286,0.7582758385299135,-0.8747846240980627,2.7504363158409606,-0.6154364836562237,-0.3124999195510451,-1.3378752174996051,-1.4375436385994584,1.179510982546407,-0.8418368705756848,-0.4252505964597345,0.8509596100383471,-0.45354461380586636,-0.30283029636283226,-1.179510982546407,1.4375436385994576,-0.9266927806649233,2.067050737539819,-0.7188718357025985,-0.8967252938356269,-0.9550643496276378,-0.9701345517591269,-0.6279498401920818,0.012804842605544792,-1.2244638357027204,-0.9146852597229018,-0.6346847228976005,-0.8524205174405927,-0.3347718982695729,-0.48232991558187904,-1.238494455284687,-1.0302635040182315,-0.6543183440496418,-0.8274130302866491,0
-1.3572098109173063,-0.8493028643109486,0.27967722576327125,-2.334755631474145,1,0,0,0,1,0,0.22373766658671274,-0.4361743751149757,0.09882818275322415,-0.4048184625845405,-0.08590166118982692,-0.022596326604972072,1.827444288616949,1.9885513835168698,-1.9354006141522275,2.1635934222736375,0.346761611443714,0.5337197942066662,0.3644500247793039,1.0442480299651125,1.59927350431219,-0.41184524183274945,1.4974953608791384,0.17493791062240788,-0.2763926451691775,1.002053003267564,-1.4977054407063157,-1.1272320918179615,2.231892726012267,-1.4379843642102346,-0.2800142570400488,-1.002053003267564,0.2763926451691768,0.6330479821981672,1.0163612595869336,-0.8826288048555859,-0.9354867953196102,-0.3747428216220998,-1.0961545269847772,-0.30171300108041293,-0.2086678343205727,-0.790386157798101,-1.4142931195376127,-1.0899443568808573,-0.1864257194905595,0.9618552383792308,0.24536400737109418,-1.1433249167342867,-0.7010026615289333,-0.32030321536567735,-0.08511336124321738,0
1.932423770809123,1.2121184134060021,-0.4445202009343899,1.7718540298733036,1,0,0,1,0,0,-0.44506599463230834,-0.1134573716265442,-0.24658771551598904,-0.2578414506002932,0.2765078853226925,0.11200867462095708,-2.3501895989775536,-1.0197324115982493,-0.07879419403895116,-1.7584230235719331,-0.7587718968734442,0.712869957377022,0.9172289289457286,-0.6026158600397657,-1.0380113162561784,-0.163482399393017,-0.4026068625817834,0.21703669119476063,-0.4291756706205317,1.3979208031972914,2.665869180390788,0.359757787378844,-0.05656974233511522,1.9762979876996078,1.198334713708659,-1.3979208031972914,0.42917567062053097,-0.6760201580619267,-1.0850176963188372,-0.600602913536552,-0.5866332819637576,-0.6990401460957827,0.16404522527173035,-0.7910682597479163,-0.7069813574043363,-0.6043528672675491,2.0274499147415077,0.04820472807728505,-0.7611883533378483,-0.671894953798262,0.0761328624983096,-0.7626467625326843,-1.9357308208638015,-1.7677021063295222,-0.3944048900113141,1
-0.14929748012713334,-0.46278637473902035,0.714195681781868,-0.4281154315628296,1,0,0,1,0,0,0.1480240445619179,-0.41524138029410446,0.06044863850108935,-0.39671736743580244,-0.06399026245025044,-0.012758087312711469,-0.20008550008495618,0.20128407458550218,-0.8174199159813053,-0.2173302800728883,-0.18801203639975375,-0.2936238173738084,0.4130519392320281,-0.8641145178434785,1.2649187403784015,0.2762224164164522,-1.746225784546668,-1.8498213777513082,-0.7581467807413153,0.35145287990479507,-0.5851892861891658,0.9908991168276173,1.3950172985859763,-1.4379284088419504,-1.5615656814667283,-0.35145287990479507,0.7581467807413146,-0.9266927806649233,0.7912135143113154,-0.7825551014843162,-0.5349512799851129,-1.1428154322176651,-1.1906695084040155,0.758556726032511,1.3416409041622488,-1.0384305451721696,-0.27629743884854874,1.6416134470186852,1.5926014805129542,2.219583560928571,1.3115202200696365,-0.826093121566285,2.0153992890077768,2.5188253784480175,1.3376276710900281,0
0.23620645523143258,1.1863506474345409,-0.4445202009343899,0.3052077222492148,1,0,0,1,0,0,0.17326191857018283,-0.42047462899932225,-0.2593808969333673,-0.2427965596097797,-0.36142379429599575,-0.135736078465969,-0.22599397634938248,0.7763077649123413,-0.3822073699165008,-0.4794858525924588,-0.9290980627100381,1.7001428432114147,2.66169528955394,-0.4411054425417986,2.304631447890881,-0.8400217420528038,-0.7630038359319136,-1.4776272539199362,0.8164553486475572,1.5090415891424784,-0.1264972353837017,1.2432224220838297,-0.3216505606765507,-0.1088270896827919,-0.23474243164695363,-1.5090415891424784,-0.8164553486475579,-0.48105256270404034,1.941968656831142,-0.3125119492859251,-0.6813836189246067,-0.9152383624115719,-0.35053634023301067,2.7703505672211355,2.412092175971816,-0.790386157798101,-0.3318094232724056,0.7310941790521709,-0.8797901666714156,-0.892321567028559,-0.8715615487892844,-0.5088613263982832,-1.1948939252628807,-0.7099875321636356,-0.7036964187794109,1
-1.8198145333475857,0.7482986259196881,1.4383931084795292,0.5985369837740325,1,0,0,0,1,0,1.0439685718553235,-0.6036383336819455,-0.34893316685501513,-0.20286973351957077,-0.8769784454514256,-0.30745807338542674,0.8102025400177545,1.9196234074085408,-1.0525745897774532,0.1299571720318294,-1.088820025084789,0.5868295588912124,1.5060650040089667,0.9667591299591087,1.9545690726102922,-0.8736606630661724,-0.24159647401971648,-1.5741095465616841,-0.4863880375980577,1.282759261399553,-0.1606320227315195,-0.6766989807202383,0.5609600148149139,-0.4151266832913216,-0.12129223803271257,-1.282759261399553,0.48638803759805704,0.9672781456688292,1.9169522406894068,0.1908891040362222,-0.3023822710812103,-0.3747428216220998,-0.43454965705011084,0.9216751455883455,1.3416409041622488,-0.4803306735805153,-0.44283339212011924,-0.9381911455531051,-1.244718823082393,-0.8145239388296306,-0.9054077777638412,-1.1433249167342867,-1.1948939252628807,-0.8213259083916238,-1.136704559054746,0
-0.8432045637725518,0.026801178718756015,-2.327433510348309,-0.4281154315628296,0,1,0,1,0,0,0.11016723354952047,-0.40942665951052915,0.17558727125749374,-0.42854309837727333,0.03936171902551806,0.01630943786896758,-1.8376101357659052,-0.7471463383354187,1.672830868787327,-1.4352561984205845,-1.2978696349730818,-1.7780570384648264,0.47255335123269304,-1.4416784184494598,-1.294976681312231,2.5491229766247123,-0.9798983583004173,0.12933250670729,-0.8569681418843186,-1.5751271636218847,1.1147335372369647,-0.2717974144364985,0.27480691722703127,0.9672880907680266,1.8135621101524515,1.5751271636218847,0.8569681418843179,-1.4001855122483615,-1.3101654415944555,-0.6369933511261053,0.6666552660183818,0.20557870638343811,-1.6632444155002057,-1.0357458890816678,-0.8177176958673952,-0.4183195767369984,1.0282341951120857,-0.2553016945782196,0.0051618251252043045,0.14498014229048395,0.5330569536548284,0.7917890337905242,-0.5363722402842841,-1.1553410370755877,0.34789477903211874,1
0.10770514344524394,0.10410447663314094,0.27967722576327125,-0.4281154315628296,1,0,0,1,0,0,-0.3945902466157784,-0.16462691452200723,2.1841167537858817,-0.6912500410577783,1.2505663918349497,0.4076030460838779,-0.6640814202236184,-0.5380355190871743,1.0146853898975454,-0.3386079108803852,0.25086913085992263,0.5747184328290699,-0.0444369109851315,-0.5605656862332928,-0.1644229049558018,-0.3741319517777899,0.04472151675189826,0.12767912939044612,1.0614552385657101,-0.26889098598050765,0.36331075161480614,0.5737553783935154,-1.76307545054052,0.5017825329114003,-0.2014883375519637,0.26889098598050765,-1.061455238565711,-0.5924626171942612,-0.25947596364157,-0.3367722410122935,-0.4703487775118068,-0.42594766232847037,0.16404522527173035,0.4323198869208419,-0.04256332662598434,-0.5423417704240322,0.9727222106882286,1.413983630027056,2.2038569800013414,0.6895635396829819,0.8715192434003977,2.948965240932937,1.439192814651505,1.4054416161681371,2.079927340133461,1
-1.4343105979890196,0.7740663918911503,0.27967722576327125,-0.4281154315628296,1,0,0,1,0,0,-0.34411449859924853,-0.18904874181302367,-0.3745195296897717,-0.18377429495468825,-0.02839904572111322,-0.0033670407155536224,0.986144705739815,0.8973464434171396,-0.7195108538627168,0.49511035985241764,0.10353170330311272,-0.38094126098786013,-0.14807297329668562,0.5885130358837856,-0.2247044176456222,0.30289735305171195,-0.006378051125058892,-0.008152540543886517,0.0915777400728132,-0.6103841330315712,-0.783222927537519,-1.4567401077762194,1.287978069494223,-0.6751865206205514,-0.142555653936954,0.6103841330315712,-0.09157774007281391,0.4102278732177254,-0.3345252120667762,-0.4095531161914002,-0.19901826712392082,-0.18699173903207253,-0.5605696322757617,0.10608304780917345,0.06817301183707392,-0.4803306735805153,-0.6926373220274746,-1.317574173872486,0.3062279666642602,0.9488889670127426,0.5838262971166633,-0.5723076854318833,0.9453015509175579,0.6817421706862145,0.2860364732784985,0
0.5189093411610479,-1.7254069073406524,-0.8790386569529866,-0.4281154315628296,1,0,0,1,0,0,-0.2684008765744537,-0.22975178729805104,-0.4896581624461761,-0.08540385386286918,-0.30052501224992106,-0.11069328754021474,-0.0789469316422804,-0.7117574809629632,0.47860609526391046,-1.318444376220299,-1.0463669787887437,-2.5086860686767145,0.6261454838466166,-0.5888577744870488,-1.8403517395106461,2.09118392084246,-1.2260812648055146,-0.4337398472381266,-1.2497103896622064,-2.182101039645461,-0.47860211973795475,-0.866714492790128,1.4471676018132935,0.5653720990894527,0.9368657790409224,2.182101039645461,1.2497103896622048,-0.6481676444393714,-1.760460932145692,-0.50962681956267,0.5762117625557528,0.017827623793410803,-1.537224440274555,-0.6279498401920818,-0.09793149585751397,-0.29429738304996345,-0.6926373220274746,-1.0899443568808573,-1.262965255902942,-0.4514683405679659,-0.21156008378542468,-1.6191726094862895,-0.5363722402842841,-1.32234860141757,-1.3841377820692236,0
1.3156174742354179,1.572867137006469,0.27967722576327125,-0.13478617003801185,1,0,0,0,1,0,-0.8236341047562825,4.494708849356915,-0.8350740607153893,3.517847538365115,0.44498297934688336,0.7380784477648135,0.5785523900759042,0.024749523744099732,-0.1643082077503108,-0.010817520008319712,0.2007808049039742,0.15339273746213203,-0.42209940208544605,-0.3002643027688807,-0.9162365794425521,0.8074159156603559,0.15796346821324436,1.210324793195342,0.5274811195133241,-0.31393995325558316,-1.1045117353475709,-0.9518351897305468,1.0359899526968126,0.17124764272061027,0.9206217101401623,0.31393995325558316,-0.5274811195133248,-0.3696425082138195,-0.9349191994684248,-0.38226028799923456,0.07231224326396513,0.13730558544161034,0.006520256239666901,-0.709509049969999,-0.983822203561983,-0.046252995675895824,-0.9424412519348303,-0.7105613285614767,0.8627441676909999,1.3249108366408955,1.3284433345569153,0.41111087958892223,0.36909507656128593,0.23638866577426285,1.4613442825972665,1
2.8062326909552056,-1.5708003115118816,-0.15484123025532542,1.0385308760612593,1,0,0,1,0,0,-0.7983962307480176,2.916012156616209,-0.6687627022894718,0.40181915436837584,1.048156237724814,1.9320829436891684,0.009923739911336035,0.5400153847088148,-0.9047111429689964,0.5984633119950503,0.24803059260073856,0.4559135714821114,0.2416527090303705,0.622062435839731,-0.0018584679788061409,-0.4388898896597591,1.6062083708756596,1.544250897853929,0.6912331826893887,-0.06374491962016399,0.6077582544356269,-0.7430498352211617,0.7957284277128626,0.7842034007756896,1.1852085197869768,0.06374491962016399,-0.6912331826893894,0.24311279148239442,-0.3345252120667762,-1.0099953364190213,-1.051771299771562,-0.4600842227993849,-0.08799472517957138,-1.0357458890816678,-1.3713993881826885,-0.790386157798101,0.22331042096616224,-0.9381911455531051,-1.0257616292358074,-0.5162996974004062,-0.194636969298146,-0.8895394805998851,-1.5241547677521787,-1.712032918215528,-0.9511296417938885,0
-1.2287084991311177,0.38754990231922204,1.7280720791585935,1.478524768348486,1,0,0,1,0,0,-0.785777293743885,2.895660633873695,-0.6431763394547153,0.28898247193952453,0.9411737387828446,2.0036337749056092,-1.6784070070943127,0.2585207598607203,0.6723512335315098,-0.8474450979240317,-1.3738610920122383,-0.383473490787369,1.0766737440275769,1.2575760194090175,1.4497585398140231,0.8042683488076378,1.1861707817433444,0.666959953895157,0.09517567272851181,-0.6174061782631385,3.5904209413485555,1.0975084234246637,-0.11091453292942514,2.32103029712182,2.4372432875454204,0.6174061782631385,-0.09517567272851252,0.605195468575612,0.641115017460903,-1.3829973217119373,-0.8321227913623208,-0.3747428216220998,-1.8207693845322692,-0.9541866793037505,-1.0945585420250417,-1.4725082230767892,3.9148573851526383,1.413983630027056,0.8444977348704508,0.6506647255835172,1.6330593953279282,1.4579758036433286,-1.1125787146405561,-1.4336869776455579,1.770635811365363,0
1.0843151130202777,0.9544407536913834,-0.4445202009343899,1.7718540298733036,1,0,0,1,0,0,-0.5333985536612357,0.1162240993246818,-0.7711081536284979,1.5967306888072368,-0.8223920164621596,-1.1446027986177834,-1.060564771617562,-0.4902358586868713,1.0190114606909746,-0.5394845301634529,-0.2527517698348601,0.29487685413391496,0.7893850094845025,-0.8131592988537417,-0.6031230736534675,1.1174936928097328,0.3112501673133201,0.5857844119776997,0.7577574583546642,-0.34935776200978186,0.6622419416923898,0.06866864592655864,-0.2700494132576823,1.0374391335702149,0.9004941441588741,0.34935776200978186,-0.7577574583546649,-0.8988402670423681,-0.7848207026180125,-0.8826288048555859,-0.23777976860790415,-0.10165033785478751,-1.2536794960168407,0.02452383803125581,-0.319404172783631,-0.790386157798101,0.6674062963570164,0.12408133374116129,0.1876261533306929,0.015317428625603584,0.43151826673115745,0.506280418139323,-0.4540570296619595,-0.6543183440496418,0.8427612250610729,1
-0.3034990542705592,-1.8284779712265005,-0.15484123025532542,1.478524768348486,1,0,0,1,0,0,-0.7353015457273552,1.5640895744349421,1.0455236076392158,-0.6021379944216599,1.9138347068081034,1.6682392535785433,-0.23005951338613126,-0.7934714844091347,-0.1455827032474986,0.33572441416875665,0.7920323757843342,-0.053472868306851586,-1.0935487662203356,0.26439314597551394,0.03557193395657343,-0.7392370582117676,0.4013065998154627,0.2256819612600204,-0.2548898489945435,0.1798660341827443,0.5840818698422359,1.1246996963887401,-0.5438455193639491,-0.05561326955772146,-0.8093463693285932,-0.1798660341827443,0.25488984899454276,-0.007559831120602114,-0.25947596364157,-0.8735311954581982,-1.077612300760884,-0.8867912286858101,-0.08799472517957138,-0.8726274695258333,-0.8730858650989243,-0.790386157798101,0.7321702781848496,1.33810702436318,0.6224994688871073,0.22277777048941236,0.18895362574683225,0.14675105028225444,0.7532327261321339,0.9415317152181866,0.05922268551522836,0
-1.1259074497021662,-0.4370186087675581,0.27967722576327125,-0.13478617003801185,1,0,0,1,0,0,-0.6848257977108253,0.5988459243614352,-0.46407179961141953,-0.09003305109071949,0.6134580733710749,0.5301338445420326,-0.3538113715565186,-0.9091909255364254,1.4392656821038585,-0.17485907414168247,0.17210212604604333,-0.2509126878301882,0.08101670355101714,-0.14421226598820122,-0.7561793274945894,1.1725106114778503,-0.15810269703889795,0.21611832917317098,0.5745878774132874,-0.9120842410985298,0.34788812789896884,0.49036922808725825,-0.7892643150788019,0.07945140020087274,-0.012743708309541605,0.9120842410985298,-0.5745878774132882,-0.14682239923337803,-0.7097714541928067,-0.018355912103706302,0.5891322630504142,0.4957394703862077,-0.7495995951142377,0.4323198869208419,0.17890935030013266,0.139780294854656,0.9727222106882286,1.33810702436318,2.267719494873263,1.3897421934733356,1.345366449044194,2.4413943686641333,1.2745623934068555,0.848749735028197,1.708777505611744,0
0.2619067175886707,1.3151894772918502,0.27967722576327125,-1.161438585374874,1,0,0,1,0,0,-0.5460174906653681,0.17437130716043522,-0.6943490651242283,0.5291220781342594,-0.3868766239991741,-0.2748130066429257,-0.14415829850900758,-2.0809091385136194,1.5214248922109728,-0.3733266266463337,0.2243844027484595,0.47265615434722485,-0.16468923324481385,-0.8748601150458913,-1.708736246956388,2.129040027735858,-1.63314981971224,-0.48439307265222914,0.7431545685744835,-0.09240503183227083,-0.6736942955127009,1.144338636402171,0.0596411083489989,-1.1150632175594042,-0.7646262689989807,0.09240503183227083,-0.7431545685744843,-0.7595776989295921,-1.535313186870074,0.47291499535525605,1.5710903006446677,0.683490552976235,-0.7180946013078251,1.0032343553662626,0.6772228733838963,0.015758101167622184,-0.8314172830871166,0.5034643620605421,-1.1899795246207467,-0.9830854665939747,-1.2946394109712458,-0.826093121566285,-0.04248097655033679,-0.09762646290970158,-1.6315710050837011,1
1.7525219343084582,-0.6431607365392533,1.4383931084795292,0.3052077222492148,1,0,0,1,0,0,-0.11697363252486404,-0.3140652386598935,-0.68155588370685,0.4336448853098467,-0.9355171150992746,-0.5766680758372851,-0.1740293264817604,0.07506868724001312,-0.09172648118251324,-0.16972326311718616,-0.4269671108900368,-0.7771985373057151,0.4454934259618403,0.3368130158148731,-1.3738557874743011,0.4009537102652944,0.9518385781188592,0.8573792089850295,0.2181716668474219,-1.276386111883534,0.5785316116719202,-1.4793326975519594,0.5283129836200176,1.1731120194255111,1.3921420775347586,1.276386111883534,-0.2181716668474226,-0.03541234474315745,-1.4602639384448675,-1.1737523055720087,-0.8192022908676594,-0.4430159425639276,-1.0646495331783645,-0.709509049969999,-0.8730858650989243,-1.0384305451721696,0.16779843654230542,-1.5452039908641146,-1.1261170097488256,-0.723760039264214,-0.2623294272472596,-0.826093121566285,-0.8656330827735822,-1.378017789531564,-1.0129879475475077,1
-0.9203053508442651,1.3151894772918502,1.7280720791585935,0.3052077222492148,1,0,0,1,0,0,-0.596493238681898,0.26740683969764073,-0.8478672421327675,4.475512714876648,-1.9495568978653288,-3.2531163560272716,0.8949591065467056,1.6314600014648744,-1.2200789061652708,0.35040096980207563,-0.5843034854141244,0.20925334739135312,0.47701808806667917,0.9457216043346962,1.2807217381985097,-0.6646753485362705,0.568126003737848,0.5060702656244674,0.8432886699243073,-0.550966827225982,-0.29950853941992805,-0.9562311296760792,0.9999541133805271,0.08997491596581449,1.2537022636628203,0.550966827225982,-0.843288669924308,0.5216379277079463,0.7161642658861095,-0.9645072894320803,-1.1163738022448682,-0.8697229484503528,-0.08799472517957138,-0.38327221085833024,-0.762349526635866,-0.790386157798101,-0.3318094232724056,-0.9381911455531051,-0.2046721523111086,0.3265079414213163,0.34690269429476517,0.09387908442092041,-0.7010026615289333,-0.9883334727336057,0.16231986177126023,0
-1.5628119097752085,0.0783367106616796,1.0038746524609323,-0.13478617003801185,1,0,0,1,0,0,-0.6469689866984278,0.4011454177198736,-0.6047967952025805,0.24269049966102146,0.17807456053538515,0.12095252852301216,0.3289570601669837,-2.0720292371907654,1.0949142091697375,-0.28191958769086306,0.3248484126835216,-0.1961619479323827,0.005130174738229067,0.5770070789626871,-0.9349028886533323,0.8197969003235712,0.6925496809843077,1.12746770726794,0.5364130502320184,-0.799549433147316,0.11911587476757787,1.9073599639945005,-0.6729675798646486,1.0675755837037981,0.6784339261110515,0.799549433147316,-0.5364130502320191,0.5494904413305014,-0.8598699510432187,0.05442496307539909,0.47284775859846334,0.7517636739180628,-0.18250970659880966,-0.5463906304141645,-0.8177176958673952,-0.10826409251941274,-0.1375174777889068,1.2622304186993043,-0.9071598159022387,-1.0738493661593913,-0.6515610604546642,-0.1916295312302808,-0.7833178721512579,-1.1553410370755877,-0.9511296417938885,1
0.4161082917320974,-0.9266061622253344,-0.8790386569529866,1.7718540298733036,1,0,0,1,0,0,-0.5586364276695006,0.22088907342903796,-0.6175899766199587,0.26872973406767947,-0.10780569463178374,-0.03780087823846573,-0.8855336887098308,-0.9790293485735272,0.4992293923265481,-0.6324428654840966,-0.1581169503792491,0.01879418701747506,0.11567808523252626,-0.4704712841572101,-0.43748553812241525,0.33201689304437787,-0.6442369237438126,-0.04094494486195216,0.74512626677265,-0.7133741297612541,0.7612667866952754,0.9054850975367609,-0.3488183456715343,0.21557520385593085,0.16558501005240608,0.7133741297612541,-0.7451262667726507,-0.3417899945912644,-0.25947596364157,0.5547934799317504,0.6537347655237203,0.3421249482670949,0.5421051509486824,0.8401159358104279,0.5111183656893089,0.44983577907224165,0.6118943119331598,0.7310941790521709,-0.25028823436248077,-0.38663698373552574,-0.2792525417345383,0.12560226393772106,0.28677986593896093,-0.04195727479570725,-0.332546584257695,0
-1.5628119097752085,1.0832795835486928,1.0038746524609323,-0.4281154315628296,1,0,0,1,0,0,-0.6469689866984278,0.4011454177198736,-0.5536240695330674,0.11828082416254442,0.2980926766839729,0.21709895797010442,1.0958472880880086,-0.07511889782594092,-0.4217690671778505,0.3006039126078455,-0.03172058669520586,0.10218379778603404,-0.12198773061901079,0.7968433206558004,-1.222496242844845,1.0311489020101343,0.9824693328364383,1.4690919676026766,0.9416775146057242,-0.7945777810288902,-0.7276058728863022,-1.1215668546149262,1.612777647078684,0.5681032800439065,1.4755206870640714,0.7945777810288902,-0.9416775146057249,0.9951306592913848,-1.009968447893631,0.7367456678795146,1.2093162867941527,1.6222459659263704,0.16404522527173035,-0.6279498401920818,-1.0391903727935126,0.5738579727592754,-0.7203933142394032,-1.0899443568808573,-0.21379536872138252,0.6247321828505417,0.8376730144258402,-0.635754044465484,-0.6186874509066087,-0.9883334727336057,0.22417816752487937,1
0.2619067175886707,0.6452275620338409,0.27967722576327125,-1.161438585374874,1,0,0,1,0,0,-0.5460174906653681,0.17437130716043522,-0.7455217907937414,1.3594843308799083,-0.6289414469848094,-0.9165345241153785,0.15920641870365126,-1.2416777104846286,1.213753350403256,-1.2790688986874839,-1.1608144881338904,-0.2933371673290281,1.4124579886710886,-0.8024514073793979,-1.8117553420492556,2.2132247871095077,-1.7120643829091997,-0.44957195971023134,0.6433955013121125,-1.0381887348318013,-1.0231803919783373,-0.11073510408576986,0.5648359774810848,0.03028582833489539,1.0701961700084561,1.0381887348318013,-0.6433955013121132,-0.6481676444393714,-1.6103624352952797,0.7367456678795146,1.881182312516537,0.9053781960371756,-0.5290646384693491,1.3294711944779316,1.0648000580046022,0.44983577907224165,-1.192245181842186,-0.7105613285614767,-1.9198368374427013,-1.4109724216880806,-1.311562525458524,-0.9847090191502859,-1.277209135885205,-1.712032918215528,-1.8171459223445585,0
0.33900750466038404,-1.0039094601397194,0.27967722576327125,0.3052077222492148,1,0,0,1,0,0,-0.14221150653312897,-0.2919692996823072,-0.5408308881156891,0.10670783109291863,-0.530323446321007,-0.307010880690324,0.9232667642558681,0.7731242296629148,-0.3275429070177575,1.1508823119885105,1.393100626058388,1.5504224308159462,-1.0024472201979249,0.19770037663470935,-0.1640428889207777,0.329202149268305,0.23103840270325854,0.8286410882782167,0.46715141202740545,1.6512761951523172,-1.086285023601859,-1.2254718331275207,0.7785785385260148,-1.3256740295326706,-1.0020923015206162,-1.6512761951523172,-0.4671514120274062,0.35452284597261524,0.04072103005925432,0.6457695739056325,0.7312577684916879,0.8029685146244333,0.7941451013999841,-0.46483142063624716,-0.7069813574043363,0.5738579727592754,-1.0812212129944723,-1.2416975682086098,-0.5422311594912614,-0.08841274230630035,-0.6007917169928287,-0.9847090191502859,-0.5363722402842841,0.29205785388825667,-0.20882997275045564,1
1.3156174742354179,-1.7511746733121147,0.27967722576327125,-0.13478617003801185,1,0,0,0,1,0,-0.8236341047562825,4.494708849356915,-0.5152445252809326,0.02280363133813179,2.158274147211419,3.4391223261854518,-0.5643790861827462,-2.3577190446256453,1.132227395636984,-0.04115471960354187,1.1844319328022737,-0.05873652135762161,-1.1960411141790408,-0.40934046707365623,-0.8983342501810967,1.198048495184772,0.058686890545728655,1.2496221551624043,0.19034451885672046,-0.26889098598050765,0.37577468625896426,2.3361118497441713,-0.3438695813737598,0.11379028717216151,-0.3198067060407603,0.26889098598050765,-0.19034451885672118,-0.3417899945912644,-0.7848207026180125,0.2454747604205509,0.8475422729436388,0.8371050750953478,0.2270552128845555,-0.8726274695258333,-1.0391903727935126,0.7598912632898273,0.44535835866158957,2.400379503657447,0.36096726512590627,0.11904759955750843,0.1607484349347019,0.15732544345452057,0.4514102871836102,0.3477270420022505,0.10046155601764112,1
-1.3572098109173063,1.4955638390920825,1.0038746524609323,1.0385308760612593,1,0,0,1,0,0,-0.20530619155379135,-0.2564995029024976,-0.438485436776663,-0.11896553376478392,-0.28482430169671774,-0.10532697519898168,-0.20407825132210414,-0.5337010024836775,-0.39103178182208664,0.4515529812353816,-0.3239196893241844,0.3625440754994559,0.6411226988334585,1.2669969258281746,-0.2983440998892221,0.26155107087828033,1.5000546054851884,1.0262397285507747,1.8657307392625473,-1.3559421528355944,1.5497441759969501,0.4336468051348111,0.7973871477365824,0.8774095231360436,1.4230348139748912,1.3559421528355944,-1.865730739262548,0.9951306592913848,-0.40957446049198204,-0.44594355378095224,-0.25070026910256554,0.3421249482670949,-0.6865896075014126,0.10608304780917345,-0.6516131881728072,-0.6043528672675491,1.1115021717478706,0.12408133374116129,-0.7246954876967501,-0.24400799870415715,0.10997909147286698,-0.5405845059150832,-0.7833178721512579,-1.32234860141757,-0.2706882785040748,1
2.2408269190959764,0.8256019238340739,-1.168717627632051,-0.13478617003801185,1,0,0,1,0,0,-0.43244705762817587,-0.11055001123475654,-0.2977604411855021,-0.2219651720844533,0.19833084053262517,0.08651869100010007,0.2985739464702581,-0.18048929512494985,-0.21903824901332752,0.3743549911435962,0.8516046121480818,0.7601111703607769,-0.5871505370474688,-0.30782489964005133,-1.1513324649135828,0.19307556941038648,0.6441867957661632,0.8390619426427488,-0.060099813059615065,1.0963072413460702,-0.7227493533928022,-0.9056523669717077,0.4934549513465059,0.13303515789233464,-0.2879470271152208,-1.0963072413460702,0.06009981305961435,-0.3974950218363748,-1.1600669447440433,-0.4823339913705056,-0.3153027715758717,-0.05044549714841698,-0.2140147004052217,-0.9541866793037505,-1.0391903727935126,-0.35630847989348147,-0.8036612908751883,-1.0140677512169813,-0.7703115697481222,-0.4255357978349895,-0.3469449996836519,-1.3019408143182878,-0.7833178721512579,-0.3759724034796717,-0.5181215015185524,0
-0.38059984134227254,1.3151894772918502,0.27967722576327125,0.3052077222492148,1,0,0,1,0,0,2.066102469190054,-0.6914406175139333,-0.8478672421327675,4.475512714876648,-3.591063365845819,-3.9905371102517138,0.1202312035492988,0.3082601992771375,-0.9342858340946372,-0.6754352745336769,-1.5635201976697206,-0.7256198794816598,1.1122963235186638,-0.2453224108839051,-0.5658484700612056,-0.12529276790500277,-0.7203732853618268,-0.6945077802182631,-1.0299055238845727,0.031788787753525546,-0.41230767769670756,-0.9899513731934031,1.1512928854120317,0.19815966195709372,1.3546011594688043,-0.031788787753525546,1.029905523884572,-0.40147395235388267,-0.7204927753964075,-0.7500636393507865,-0.6936888574909508,-0.9111744861650343,-0.5605696322757617,-0.5696932617792836,-0.14538992662739608,-0.4803306735805153,-0.3318094232724056,-0.8623145398892288,0.31535118307453414,0.8840576101803024,0.9222885868622325,0.3476645205553221,-0.9479482933959068,-1.0440026608476,1.0283361423219313,0
2.8062326909552056,0.5421564981479937,-0.15484123025532542,-1.6014324776621007,1,0,0,1,0,0,-0.7983962307480176,2.916012156616209,1.5572508643343463,-0.6565310618489011,2.7160309742624507,2.7499983830321066,0.6661906574103917,-0.6875497329100136,0.13494579753533897,0.8126322325942718,1.3139308137354417,0.48559242456419893,-0.9431175026565919,0.46201179623475414,-0.7260856617532874,0.01479829608722795,1.599712175718952,1.7034944968738823,0.872405678118227,-0.20295117893611228,-0.4647175829290158,0.21630690916021317,-0.16960456551635547,0.4884334901565403,-0.04504359098854922,0.2029511789361116,-0.8724056781182278,0.38237535959517033,-0.7097714541928067,-0.13662483426975403,-0.10857476366129187,0.529876030857121,0.3215701943037938,-0.8726274695258333,-1.2606630497196296,0.015758101167622184,0.08453045990652028,1.1863538130354276,2.77861961384863,2.232549832295058,2.3607533182809015,1.6165917012273294,1.1922471827845313,1.1827648637121608,2.451077174655176,1
-0.9203053508442651,-1.2100515879114147,1.7280720791585935,1.0385308760612593,1,0,0,1,0,0,-0.596493238681898,0.26740683969764073,0.6617281651178678,-0.5373292332317556,1.1964309302932408,0.6209139616478918,-0.04689894140864282,0.15134446026269155,0.42798981565981525,0.578641486297631,0.591121479478987,-0.28991464920611076,-0.7822516684957846,0.6710508111207611,0.588818320927079,-0.076589497130385,0.43619857443045745,0.20580809383790724,0.3871222082195544,-0.7793520964162106,0.7357201833968751,0.3821402465708054,-0.6620414741037555,-0.3491802775502416,-0.5675553277299106,0.7793520964162106,-0.3871222082195551,0.577342954953057,0.491016520610491,-0.12752722487236504,-0.1473362651452761,0.03489590402886805,-0.15100471279239655,0.18764225758709038,0.012804842605544792,-0.10826409251941274,0.8775588088187601,0.5793409677244183,0.6007775250531203,0.13942316884770314,-0.008482709938082702,0.728342674756924,1.5567859726833975,1.2066230871895867,0.16231986177126023,1
-0.9974061379159777,0.0783367106616796,2.1625905351771904,-0.13478617003801185,1,0,0,1,0,0,1.3089662489421054,-0.63561929799161,-0.6047967952025805,0.24269049966102146,-1.420056647234133,-0.6763920468451994,0.40079775783092675,-1.111372429368349,0.8618872717675186,-0.40762198344628897,0.30580225114947435,-1.304911065644143,-0.28516660751709855,0.7798808518755579,0.23122041523843073,0.6092777891708736,0.42805415745575287,1.1306773178465646,-1.4375436385994584,-0.3540047794704373,0.22192871937517122,1.7570250736112933,-0.5659633543099799,0.9751221772037856,0.7063284289394685,0.3540047794704373,1.4375436385994576,0.7026792662545551,0.19081952690966666,-0.054746349693259644,0.26611975068388355,0.4360004895621079,0.14829272836852378,-1.647439962416047,-1.3713993881826885,0.44983577907224165,0.08453045990652028,1.413983630027056,-0.40538291333714505,-0.62002986833231,-0.2284831982727022,0.1890486229713212,-1.0302635040182315,-1.266679413303576,-0.3944048900113141,0
0.2619067175886707,1.830544796721088,0.27967722576327125,1.7718540298733036,1,0,0,1,0,0,-0.5460174906653681,0.17437130716043522,1.2246281474825116,-0.6223907322935051,1.2777752069208894,0.615100456611556,-1.2898353338063258,-0.6664515425667943,2.078237455381173,-1.9919119256898112,-0.7369241088765691,1.698747782036396,1.6003155031383447,-0.8584879877343673,-1.8333935656476374,2.2794428020531607,-1.8589047237111835,-0.6953355389258784,0.7708136246067302,1.5524057982918193,0.9357563476422931,-0.9219277692464105,-0.5504000354353212,0.8476864006767371,0.2791776154288712,-1.5524057982918193,-0.770813624606731,-0.5646101035717058,-1.535313186870074,1.7283850921948283,2.914822352089435,1.690519086868198,-0.15100471279239655,2.3897409215908554,2.0614271041721297,1.1939689411944467,0.5702603236152671,-1.0330369026329502,-0.7954004148763775,-0.927978813286401,-0.5796378238837306,-0.42162258272708253,-1.4418395571298541,-1.0300853638191014,-0.5335860779569574,1
2.215126656738738,-1.8542457371979617,0.27967722576327125,-0.4281154315628296,0,1,0,1,0,0,-0.48292280564470574,0.0028370440449626386,0.7384872536221374,-0.5454303283804937,0.9735545529031251,0.42370198310757706,1.1720748630561793,0.6712190691206767,0.7811465323493633,0.22128020550059443,0.23154740690493306,0.6430351207923439,-0.135823253113545,0.712783433729365,0.23560322171875872,0.36756337412184614,0.47739435523089374,0.3861041769103973,1.6035661060988957,-0.7133741297612541,-0.91759382003392,-0.685247101756306,-0.6984877349695301,0.17444078883573808,0.07593261043864911,0.7133741297612541,-1.6035661060988964,0.9951306592913848,0.5660657690356972,0.9914787310063841,1.0542702808582185,1.2296755205108585,0.3215701943037938,1.5741488238116832,0.7879592118469556,0.6978801664463103,-1.0257092285706153,-0.9381911455531051,-1.2173491738515698,-1.333174793489152,-1.1931007240475748,-0.3819686083310823,-0.20711139779498602,-0.5429799678216537,-2.002720839605417,1
1.932423770809123,-0.2824120129387873,-0.4445202009343899,-0.4281154315628296,1,0,0,1,0,0,-0.4576849316364408,-0.0727543261415168,0.8408327049611636,-0.5668403655593013,0.9689746023721222,0.38211306246302085,0.0311370720608687,-0.8133790523162681,0.9000675057113078,0.11505984336755902,0.3592856797550776,0.475381455991713,-0.032704639698512304,-0.5045967162557936,-1.0587168755659715,0.4976101258170948,-0.48408802516799654,-0.2570001758291941,-0.0632699944762795,0.7111140177770428,-0.5474839500620515,0.05578895100417324,-0.7303722456386962,-0.6354518245341574,-0.7179996307162334,-0.7111140177770428,0.06326999447627879,-0.28608496734615396,-0.7848207026180125,1.0369667779933252,1.1705547853101694,0.8883099158017184,0.3530751881102058,0.4323198869208419,0.5111183656893089,0.6978801664463103,-0.27629743884854874,0.5034643620605421,1.3553978538458196,0.7025298110494701,0.38074892326932136,1.4262526241265279,0.28677986593896093,0.7374113588002092,1.0283361423219313,1
-0.14929748012713334,-0.978141694168258,0.714195681781868,1.478524768348486,1,0,0,1,0,0,0.19849979257844777,-0.41524138029410446,0.9815577005523245,-0.5911436510055155,0.35937197576589097,0.1374986582418141,-0.7990384082489584,0.5317877086754199,-0.06657205032195634,-1.8052356141172603,-1.8438987088886063,-1.4194038769242276,2.012656277545569,-0.8807919225255763,0.7623037592005766,0.03696433232432357,-1.6866051696535602,-2.0387066434749275,-1.0299055238845727,-0.9144498376620688,0.2310054464887866,0.03376385232416026,0.1281518121263282,0.7663480354907515,0.40675839297107025,0.9144498376620688,1.029905523884572,-0.9266927806649233,0.41596727218528484,-0.6824813981130464,-0.5607922809744348,-1.1428154322176651,-1.1591645145976028,0.5954383064766764,1.3416409041622488,-1.0384305451721696,0.4731143508735179,0.35171115073279,0.9722227646142934,0.8970238815467907,1.1930584186586881,0.3476645205553221,0.03983423407198747,-0.3759724034796717,0.34789477903211874,1
1.0329145883058024,-0.7719995663965628,-0.15484123025532542,0.7452016145364414,1,0,0,0,1,0,2.343719083280968,-0.7088847798646593,0.047655457083711085,-0.3799365274848451,-0.8451720458412408,-0.25155898649758246,0.5377838531830337,0.8050820605492996,-0.853716299763645,0.3231457018420477,-1.3700461013045278,-0.3703796889502609,2.9375323208421458,0.8813524139617476,-0.016537056973071645,-0.5623357470208797,0.09244800970495429,-1.7416134156642076,-0.16027754582615011,-0.34619240229020387,0.13283540841034702,-1.1215668546149262,0.6019655871389611,-0.34487913165862916,0.08078050817548728,0.34619240229020387,0.16027754582614942,-0.20252742647848845,-0.9349191994684248,-2.8295172158966624,-2.5763903581415866,-2.4229364498769406,-2.76591919872465,1.4110304042558486,1.6738499195514247,-2.340663578886029,0.05677446769459199,-1.0899443568808573,-0.21379536872138252,0.11904759955750843,-0.025405824425361403,-0.3502454288142823,0.12214944469431245,-0.04195727479570725,-0.332546584257695,0
1.3156174742354179,1.8563125626925503,0.27967722576327125,0.3052077222492148,1,0,0,1,0,0,-0.8236341047562825,4.494708849356915,1.4037326873258074,-0.6426434701653501,3.3960411561376196,3.9533939255536192,-1.3422317079695847,0.09216022284402953,0.46410419819784526,-0.41834730096741185,-0.06747970225762286,-0.910751956813407,-0.24965625261529242,-0.3853787786512379,-0.7237305053039679,1.2271543659010753,0.3954570053057945,1.3573685246302618,-0.060099813059615065,-1.1825507815298193,1.4813399286255653,-0.8515101306944874,0.5987258048955628,0.9572886111578941,1.412933091773559,1.1825507815298193,0.06009981305961435,-0.3974950218363748,-0.7097714541928067,-0.1457224436671417,0.49868875958778525,0.6493539925053206,-0.24551969421163483,-0.9541866793037505,-1.0391903727935126,0.6978801664463103,1.3890620938671545,-0.7864379342253526,0.05077790717657645,0.35244048415429274,0.7361343275021692,0.12560226393772106,-0.37174181903963527,-0.8769950965056176,0.16231986177126023,1
0.10770514344524394,1.572867137006469,-0.4445202009343899,-0.13478617003801185,1,0,0,0,1,0,2.1544350282189813,-0.6972553382975085,-0.8350740607153893,3.517847538365115,-3.154516107137324,-3.2549051268076825,0.9488912405713834,0.8437237487269751,-2.157856857977453,0.032122503177728995,-1.0790575956924957,0.15138155680325405,0.9362367348193777,0.3932457212907462,0.4557498698817166,-1.5462004961599913,0.2388123319043225,-0.3431807890177184,0.22845561284398783,-0.020113106998745453,-0.9265298773477014,-0.7014771088459446,1.3960802298544412,0.19340679092894056,1.067778476532055,0.020113106998745453,-0.22845561284398855,0.8280155775560533,1.0163612595869336,1.5646281230418408,0.3565632541465125,0.4445346296798359,2.211869822688555,1.247911984700014,1.2309045656991897,1.3800022317249987,-0.7759052986632599,-0.482931511569848,0.7258959215368835,1.4027084648398238,1.4130589069933075,0.09387908442092041,-0.12479618717266176,-0.15329565102369538,1.5232025883508855,0
-1.8198145333475857,-0.4370186087675581,1.4383931084795292,-0.13478617003801185,1,0,0,1,0,0,1.0439685718553235,-0.6077086382304483,-0.46407179961141953,-0.09003305109071949,-1.0447681909936664,-0.3977909977961832,0.07927969231535366,0.6669130430006293,-0.03679680535857389,-0.46122973354539903,-0.7849585960987716,-0.38548174460353707,1.0520128759502296,0.7303246412142335,0.9199936766170743,-0.42918561927035737,0.04588786643923234,-0.43019934331975573,0.24306964136542222,-0.7668246343931154,0.6194914343023106,0.006270387921957542,-0.38098769123792675,0.6685932368160171,0.6004786917893071,0.7668246343931154,-0.24306964136542294,0.8717838132486403,1.102131829215741,0.5755880156972091,0.2476618928343671,0.25922187283773196,0.3395730479074581,0.7119514633022728,0.6455839195373082,-0.037394267555393414,1.5833540393506536,1.0346006017076752,3.1344250538493337,2.3751788173264257,2.5976769211027997,2.853795702382536,0.8629863402952329,0.514734606344233,3.069660232191369,0
2.2408269190959764,1.4955638390920825,-1.168717627632051,-0.13478617003801185,1,0,0,1,0,0,-0.43244705762817587,-0.11055001123475654,2.478359926385582,-0.7103454796226609,1.3702819213740052,0.4639493256668249,0.43382870283890557,-0.23728900880051457,-1.1374604284764624,1.816801377291476,2.17820394684617,1.4151314821703744,-1.9595653925773842,-0.041425502816133046,-0.9824822178604388,0.23514692921622643,0.5217833548231074,0.8988897362666275,0.7646392799752116,1.1717106318088766,-0.6446412461711238,-0.6585425065816127,1.791246497256148,-1.9369900076620448,-1.9541809377666008,-1.1717106318088766,-0.7646392799752123,0.02029268250195297,-0.8598699510432187,0.2727675886127153,0.3565632541465125,0.5640125913280355,0.4475901695294441,-0.30171300108041293,-0.6516131881728072,0.38782468222872474,-0.6556293324115703,-0.6852691266735177,-0.2746168114565458,0.6549868160390139,-0.23412423643512922,-2.0209995500324247,0.47884869072438496,1.3126596359781475,-0.6624575482769981,1
-0.12359721776989524,-0.05050211919562982,-0.4445202009343899,-0.13478617003801185,0,1,0,1,0,0,1.1196821938801182,-0.6175936635625264,0.48262362527457214,-0.49798105679502797,-0.2676757359598346,-0.09012242356548801,0.24008613105075016,-0.5929399196098348,-0.3058383364325134,-0.8211453124780532,-0.8488219838286727,-0.86088110652443,0.5696449628982516,0.29881216169855696,-0.265455863759419,-0.20996835474861686,-0.7549023149862463,-0.9675179212095347,-0.6222674091696871,-0.5569819125050662,-0.035276018397611734,0.5479007909620146,0.20709330429674477,0.36076612808105,0.15891721287512958,0.5569819125050662,0.6222674091696865,0.6639952195565616,0.14912550000677452,1.3654915617878995,1.026993668702822,0.6303892366881455,0.7346356686545376,1.320409060058163,1.9199306716915552,1.4489034504400173,0.1400424443303771,0.8069707847160468,0.7532655707677065,0.754394896515422,0.8715192434003977,0.1890486229713212,0.8629863402952329,0.6260729825722207,0.6571863078002155,1
-0.2263982671988458,0.7998341578626126,-1.168717627632051,-1.8947617391869185,1,0,0,1,0,0,0.8042087687768065,-0.5652611765103484,0.44424408102243734,-0.4788856182301454,-0.17097276139222348,-0.064632439944631,0.7437851421320555,1.636266426001861,-0.6162733210447718,0.48349131987896005,-0.43551801113137584,-0.7250983507051305,0.2156906978314821,-0.5979895147879731,2.4400296582816208,0.08094174821871787,-1.0257344785654998,-1.9877865294123593,-1.2890243254862828,0.28949096339405445,-1.6317554231531173,0.19854112653565997,0.9238049261140404,-1.670266331423976,-1.3744919103308315,-0.28949096339405445,1.2890243254862819,-0.20252742647848845,3.568035706043941,2.083191858692969,1.8165798100432309,1.2040731001576732,-0.08799472517957138,1.0032343553662626,2.0891111887878946,1.5350299738337914,-1.5253170883853264,0.19995793940503753,0.05077790717657645,0.5210020119186368,-0.2284831982727022,-0.826093121566285,0.36909507656128593,0.5704037944582268,-0.45626319576493324,0
-1.2287084991311177,-0.02473435322416849,0.27967722576327125,-0.8681093238500562,1,0,0,1,0,0,1.296347311937973,-0.6327119375998222,-0.06748317567269331,-0.3371164531272297,-0.6713968290346904,-0.22606900287672543,-1.9318846068635072,1.5694380449198035,-1.5739841396148595,-2.075898337027391,-2.7616666424805336,-0.6838267743165686,2.2797315973335164,-1.5157294150308556,2.5889124895091773,-2.572577919644623,-1.9794783656197088,-2.8020514441177875,-2.3498765620089648,1.3979208031972914,1.1718336009254058,0.43941272882946614,-0.43350366313974986,0.8415878646933013,0.8546440303928021,-1.3979208031972914,2.3498765620089634,-1.5951531076062477,0.5660657690356972,-2.8295172158966624,-3.222415382874648,-3.447033264004361,-1.5057194464681423,-1.0357458890816678,0.012804842605544792,-2.340663578886029,0.9449662184763004,0.27583454506891375,-0.3415203984652251,-0.5033334260339178,-0.1607907403235886,0.3476645205553221,-1.6887851889968277,-1.4336869776455579,-0.20882997275045564,0
1.572620097807795,1.1863506474345409,-0.15484123025532542,0.3052077222492148,0,1,0,1,0,0,-0.81101516775215,3.5323725596751956,-0.24658771551598904,-0.2427965596097797,2.080740265303444,2.9042798628425572,-0.5618588868619301,-1.613318921634338,1.154415380298365,0.05558304831121732,0.9307674069298449,0.8806820273790135,-0.4864780077551865,-0.9078793807375035,-0.7484366584252441,1.5220368311009183,-0.02649753147028997,0.9192579279663347,-0.1984048918790851,1.3979208031972914,-0.12586392067316152,1.4645634362606963,-0.04862426742803014,-0.10136361097307463,-0.3125667666192917,-1.3979208031972914,0.1984048918790844,-0.7317251853070371,-0.4846237089171882,0.9186978558272787,1.6615338041072958,1.5710411252199985,0.1010352376589052,-0.22015379130249568,-0.1532996650890431,1.876091006473136,-0.27629743884854874,1.0346006017076752,-0.642586540004281,-0.5681647828663581,-0.5669454880182719,-0.635754044465484,-0.9479482933959068,-0.4316415915936655,-0.45626319576493324,1
-1.4343105979890196,1.572867137006469,0.27967722576327125,-0.13478617003801185,1,0,0,0,1,0,-0.34411449859924853,-0.18904874181302367,-0.8350740607153893,3.517847538365115,-1.9666559672183057,-2.864058711287875,0.9246999029405574,0.03452787069585611,-0.517147630116725,0.23782331921465705,-0.27564512752424297,0.531049701909371,0.5594053538086485,0.4390589968423159,-0.7846258889836025,0.7750089903861085,0.42322675571626783,0.7998013947834475,0.9910609039976785,-0.25863368266248993,-0.8471151483598179,-0.8334115772663266,1.4857674286736606,0.09838044503753038,1.139202559063445,0.2586336826624906,-0.9910609039976793,0.6330479821981672,-0.5596729573423944,0.7549408866742913,1.0801112818475405,1.2296755205108585,0.2270552128845555,0.5138790966987595,0.06817301183707392,0.8219023601333442,-0.6093693453916895,-0.482931511569848,1.3280282046149967,2.02508949043125,1.9545985705862188,0.5697267771729232,-0.12479618717266176,-0.26463402725168356,2.141785645887079,0
-1.2287084991311177,0.7482986259196881,1.7280720791585935,-0.7214446930876474,1,0,0,1,0,0,-0.785777293743885,2.895660633873695,-0.0035172685858019803,-0.3706781330291445,1.8439872176548244,2.5134334473227495,0.7747412462387067,1.6529439722597132,1.1086443287494347,0.3156855312312341,0.3393229347558124,-0.156484226260462,-0.1550663988792069,1.1597232070060501,1.3721446294584494,0.9768848725452763,0.5734419112362005,0.32795112373713525,0.6912331826893902,-0.8989824755158523,0.0814852016507867,-0.894133108311948,-0.5338788507152984,0.14214439669988455,-0.12095599202826446,0.8989824755158523,-0.6912331826893908,0.577342954953057,0.641115017460903,-1.264728399545891,-0.6512357844370638,-0.40887938209301433,-1.757759396919444,0.10608304780917345,-0.2086678343205727,-1.4104971262332722,0.3065783976019474,-0.6346847228976005,0.9357298989731951,0.4821031978191731,0.5161338391675497,0.9504049313745251,1.6038232358961542,1.1827648637121608,0.6571863078002155,1
-1.2287084991311177,1.3924927752062353,1.7280720791585935,0.3052077222492148,1,0,0,1,0,0,-0.785777293743885,2.895660633873695,-0.4001058925245282,-0.16236425777588057,1.4350827726849007,2.352444077085758,-0.12662027398964368,-0.39983063100529254,0.8018635092397969,-0.2578968455307259,-0.24717681582860962,0.6244382950134372,0.784897400659028,1.3858910347366105,1.4397840869122027,1.1792889125797767,0.6911338142918414,0.47650804996577056,0.18609969967169646,0.6670879417885637,1.5608345657146876,1.9911241804545583,0.08889734723613119,1.0337184596879536,0.7865593323254065,-0.6670879417885637,-0.18609969967169718,0.7723105503109431,0.7161642658861095,-1.21924035255895,-0.5220307794904515,-0.23819657973844427,-1.852274378338682,-0.46483142063624716,-0.5962450189412776,-1.1624527388592034,1.2780381250194413,1.6416134470186852,-0.3688900476960481,-0.2699405414371327,0.1438253204474232,-0.3502454288142823,-1.1125787146405561,-0.9883334727336057,0.22417816752487937,1
0.9558138012340891,-0.07626988516709207,1.7280720791585935,1.0385308760612593,1,0,0,1,0,0,-0.7479204827314877,1.6018852595281818,0.2651395411791416,-0.4314363466446798,1.6550803732451893,1.5653849337049097,-0.18610368087253665,0.8165101213664656,-1.2039557350183059,0.6984504701929631,0.42331057046610554,-0.0895671068615245,-0.7150953521913901,0.23726694860634406,-0.2388498715370465,-0.2310827977059244,1.312764756380738,0.9584692817841753,0.4025854781078499,-0.5214382267650228,0.49585603793543953,-1.3599603240595692,1.4136318963714993,0.3581535356888269,0.3854342291041346,0.5214382267650228,-0.40258547810785056,0.4659329004628361,0.04072103005925432,0.900502637032502,0.6278937645343975,1.178470679804488,0.8256500952063961,-0.38327221085833024,-0.5962450189412776,1.1939689411944467,0.3620903820258042,-1.317574173872486,-0.2867811000035777,0.45617065508619664,0.5838262971166633,-1.3653871733518879,0.03983423407198747,-0.2089648391376897,-0.2706882785040748,1
-0.7147032519863632,0.9544407536913834,-1.168717627632051,1.7718540298733036,1,0,0,1,0,0,0.1858808555743153,-0.41465990821574694,-0.7711081536284979,1.5967306888072368,-1.6231172728966594,-1.5528897292465984,-0.8966950616570067,0.9176326812796711,0.6192225643337422,-1.7809291759666228,-1.5543952840440134,-0.8041961023538754,1.3674230424162992,-0.8264553192978883,0.7208543241068099,0.5967774755334917,-1.1647369556744425,-1.0293191927784064,-0.38662849897585155,-0.7133741297612541,0.4210918939956425,-0.5373436156968853,-0.2467941796121042,1.250987193364204,1.0158601462427166,0.7133741297612541,0.3866284989758509,-0.8152827261747027,0.5660657690356972,-0.23669853764102378,0.09815324425328795,-0.3747428216220998,-0.7811045889206503,0.2692014673650073,0.5111183656893089,-0.5423417704240322,0.6674062963570164,-0.2553016945782196,0.9539763317937442,0.6636309969500054,1.1761353041714093,1.0138512904081252,-0.20711139779498602,-0.5429799678216537,1.1520527538291696,0
0.8016122270906633,-0.30817977891024867,1.4383931084795292,-0.13478617003801185,1,0,0,1,0,0,-0.06649788450833415,-0.34023148218598254,-0.7583149722111197,1.559118461330953,-1.3485454711757003,-1.4665815390917667,0.7199034235207306,1.5293246891761558,-1.3627046516803465,0.8521920895688575,-0.5217612866183535,0.4691230726301963,1.2524663968418277,1.002839394940664,2.1753772413277304,-1.9136347769562412,1.0435762244174416,-0.6132726796665986,0.74512626677265,-0.09917924017331377,9.820725305860532e-4,0.08019903493369349,-0.06015549088357366,-0.11646421385853255,0.079573818513521,0.09917924017331377,-0.7451262667726507,0.6330479821981672,1.5417059985633763,-0.7916527108817039,-1.5556708190633497,-1.1598837124531223,-0.11949971898598452,0.8401159358104279,0.5111183656893089,-1.2244638357027204,-0.3040534310604773,-0.3311783002420958,-1.1899795246207467,-1.0349505520599276,-1.0069464646875115,-0.667477223982284,-0.7010026615289333,-0.8213259083916238,-1.0748462533011267,0
0.8273124894479005,0.6452275620338409,-0.15484123025532542,-1.161438585374874,1,0,0,1,0,0,-0.2810198135785862,-0.2256814827495483,-0.7455217907937414,1.3594843308799083,-1.0559628227909588,-1.2242030983460737,0.4186078603893728,-0.2802646233653684,-0.10170384186271107,-0.1771603390971373,-0.9098408636633052,-0.1898616968742684,1.0394908092372537,-0.1696080647960865,-1.076894430541429,0.9292294978316457,0.1144532018756772,-0.17172382519345192,0.010024599876957354,-0.26889098598050765,-0.7515547998299733,-0.6941372089766298,1.0728185896948574,0.3528220244698123,1.0151827911256,0.26889098598050765,-0.010024599876958064,-0.17467491285593337,-1.009968447893631,-0.03655113089848297,0.44700675760914055,0.47867119015075044,-1.1276595207911904,0.2692014673650073,0.2896456887631914,0.139780294854656,-0.5538573609678327,-0.4070549059059717,1.0087156302553917,1.4805060930387524,1.5653669373788135,0.41111087958892223,-0.5363722402842841,-0.7099875321636356,1.275769365336409,0
0.7759119647334253,-1.0039094601397194,-0.15484123025532542,1.7718540298733036,1,0,0,1,0,0,-0.0412600105000692,-0.3489535633613456,-0.7199354279589849,0.8300198979445294,-1.1601512429529026,-0.9098266336888373,-0.10244242403064534,1.289734884928242,-1.8492301626184038,0.1082807210227556,-0.9508414370603366,0.010197168184403294,0.5352937933522409,0.2568495164084123,0.7953285014702611,-1.405387069654712,0.3130612883553161,-0.5892115629727278,-0.23432195700141584,0.2463053852199044,0.3990896947694593,-0.9734589718812104,1.1156811118858474,0.16414594616948244,0.660890026037674,-0.24630538521990367,0.23432195700141514,0.27096530510494976,0.7912135143113154,0.13630344765189217,-0.625394783447741,-0.47715250303484213,0.6051151385615076,-0.13859458152457876,-0.04256332662598434,-0.29429738304996345,-0.3318094232724056,-1.3934507795363622,-2.3303815759050504,-1.5795339494524245,-1.430024326869473,-1.9998507636878915,-1.3595243465075295,-1.4336869776455579,-2.002720839605417,0
-0.8432045637725518,-1.0039094601397194,-2.327433510348309,1.7718540298733036,0,1,0,1,0,0,0.03445361152472564,-0.37628275104414965,-0.7199354279589849,0.8300198979445294,-1.220035886518544,-0.9308446903586667,-1.467176490328939,-0.5484934461300477,1.3439960822870105,-1.1928376083281356,-0.33723695701028855,0.03729382085131844,0.27226981745655043,-1.4906705128295574,-1.4339446163041993,2.557272532420807,-1.121963533216837,0.10357792683067488,-0.5252107151899512,0.5717619163874247,0.5506842124537568,-0.6836697698984598,0.7325246040384321,0.49892681950659296,0.5395482463612428,-0.5717619163874247,0.52521071518995055,-1.4558905394934718,-1.4602639384448675,-0.8553359766634215,0.44700675760914055,-0.05044549714841698,-1.6947494093066184,-0.8726274695258333,-0.762349526635866,-0.728375060954584,-0.08200549336504998,-1.0899443568808573,-1.8468511061605053,-1.2813097080232,-1.0407926936620688,-1.7143421480366898,-1.3595243465075295,-1.32234860141757,-1.3222794763156045,0
0.10770514344524394,-1.132748289997029,0.27967722576327125,0.3052077222492148,1,0,0,1,0,0,-0.356733435603381,-0.1809081327160182,-0.7071422465416066,0.598560036552014,-0.7700825676237945,-0.6017108667630394,-0.8347334948965899,0.4004737574149427,-1.3344490225929544,-0.30530873030738526,-0.3501324511509662,-0.11112142642767882,0.3197722346940712,-0.6281695103695535,-0.3426320764502017,-0.13270076171552647,0.18253176515385228,0.40553778934313683,0.8939738323359463,-1.0381887348318,0.5330576710542808,-0.8929040926923968,1.690885050280024,0.5934477715347362,0.8511180543384406,1.0381887348318,-0.893973832335947,-0.6481676444393714,-0.40957446049198204,-0.30947941282012914,-0.3282232720705331,-0.23819657973844427,0.1325402314653172,0.02452383803125581,-0.3747723420151606,-0.29429738304996345,0.6674062963570164,-0.7105613285614767,0.5799244589724931,1.4286410075727993,1.6330593953279282,-0.8895394805998851,0.2044646553166367,-0.26463402725168356,0.9664778365683122,0
1.3156174742354179,-1.2615871198543382,-1.168717627632051,-0.4281154315628296,1,0,0,1,0,0,-0.6722068607066928,0.5290692749585311,0.15000090842273722,-0.4042398129310592,1.1765601635508756,0.7192963545704978,-0.5108481380641329,2.3668640005993042,-1.0878206904758982,-0.7734061927172511,-1.2420579962355494,-1.0048546372253329,0.16412300898961496,-0.756333891605999,1.4529364872429167,-0.0010761324243286294,-1.1554236093992505,-1.3619766014778252,-0.3471945350124867,-1.0261585642736313,-0.04537314148163697,-1.7930752425847971,1.4860059167847706,-0.10087640230149908,0.2850311619876223,1.0261585642736313,0.347194535012486,-0.8152827261747027,1.0163612595869336,-0.646090960523493,-0.5478717804797735,-0.9379960693921812,-0.8756195703398886,0.4323198869208419,0.6772228733838963,-1.1004416420156866,-0.27629743884854874,-1.772833807855743,-0.9254062487227878,-0.11434528503927678,-0.14386762583630988,-1.5240030709358887,1.1099319721622063,0.6260729825722207,-0.8892713360402683,1
0.3904080293748593,1.8563125626925503,1.4383931084795292,-0.4281154315628296,1,0,0,1,0,0,-0.6217311126901629,0.2877583624401544,-0.10586271992482811,-0.33017265728545425,0.8078101550300818,0.47647072112970207,2.1414792105923537,0.9810432788930443,0.38488283785560917,1.115176964577608,0.8972038497503044,-0.27761159888152076,-0.8494022781111664,3.2976716472841754,-0.026166490355001598,0.2714795913176699,1.7648521489919549,2.1278096121302483,1.0928891867061536,-1.462543299520739,0.3172156829739146,-1.3727257039495104,-0.25333692511772987,0.2434650464536733,0.9109829956091665,1.462543299520739,-1.0928891867061543,3.836087048792013,0.340918023760079,1.1461380907619838,1.1317932838261862,1.9124067299291387,1.3297299961089997,-0.46483142063624716,-0.9284540343304539,1.752068812786101,0.22331042096616224,-1.317574173872486,-0.21379536872138252,-0.30883935553659736,-0.194636969298146,0.7600658542737248,0.2044646553166367,-0.4316415915936655,-0.20882997275045564,1
0.33900750466038404,0.38754990231922204,0.27967722576327125,1.478524768348486,1,0,0,1,0,0,-0.14221150653312897,-0.2919692996823072,-0.6431763394547153,0.28898247193952453,-0.7841962479258935,-0.44787657964769173,-2.3040173623092333,-4.7773521120756665e-4,-0.002125806886085609,-1.123626735912802,-1.2595353237853772,-0.6638614542647729,0.49347841042117707,0.35583832068260035,-0.06664185594388441,0.48917554327461493,0.25157405947600264,0.5016208752952908,-0.11623388745465664,-0.7901484909597473,3.5593416856032816,-0.06610464176465568,0.4944802943096697,1.7674037608231208,2.1271927600233638,0.7901484909597473,0.11623388745465593,0.49378541408539117,0.11577027848446049,0.5729886987265271,0.7570987694810098,0.8371050750953478,0.2270552128845555,-0.6279498401920818,-0.6516131881728072,0.5738579727592754,4.525489213815063,0.5034643620605421,1.775065808718443,1.8176291485674405,2.6146000355900783,1.5848685217105287,-0.4540570296619595,-0.8213259083916238,2.3273605631479377,0
-0.020796168340944693,-0.02473435322416849,-2.327433510348309,-0.8681093238500562,1,0,0,1,0,0,-0.6343500496942954,0.30229516439909276,-0.06748317567269331,-0.3371164531272297,0.8803664921825731,0.493016850848504,-1.1885572960903505,-1.0779276597659502,0.544458282451215,-0.5813339279315313,-0.08580173342402377,-0.7874205717529477,-0.3956699921215696,-0.49615319294435606,-0.8116606242919053,0.6005373136004294,0.16624211002910638,0.5287930716856571,-1.3016642670278302,0.21702702713573208,1.1569674285109552,0.6663857460936471,-0.14081062700054872,0.950187462687131,0.6278099689548092,-0.21702702713573208,1.3016642670278296,-0.6203151308168162,-0.9349191994684248,-0.7916527108817039,-0.39282577454383927,-0.3064697006802721,-0.7180946013078251,-1.5251011477491712,-1.2606630497196296,-0.35630847989348147,1.0282341951120857,0.5793409677244183,-0.0951935553878152,-0.1532440991387405,0.22844089288381547,-0.033013633646279864,-0.6186874509066087,-0.5986491559356475,0.038603250264021984,1
0.2876069799459088,1.6759382008923163,0.27967722576327125,-0.8681093238500562,1,0,0,1,0,0,-0.571255364673633,0.22379643382082565,0.34189862968341117,-0.45400368313045003,0.9753076222679818,0.5229787614203886,0.6135781259580213,1.2942487702494712,-0.20501761569112284,0.6242501527039915,-0.3899301336107593,1.1464183608953522,1.0259388787352162,0.46079296807152786,1.4562979824167264,-0.13874900350373323,0.5142037738520684,-0.18705387283633057,1.3186621405429442,0.2557448558590603,-0.3927764159531566,-0.3175097050090708,0.14083658116218328,-0.3334460229780947,0.32430657115603223,-0.2557448558590603,-1.318662140542945,0.6330479821981672,1.6918044954137887,0.6821600114951846,0.49868875958778525,0.700558833211691,0.006520256239666901,2.063504082479186,1.397009073393778,0.2638024885416898,-0.5538573609678327,-0.5588081172337243,-0.8980365994919648,-0.6978274965312384,-0.7700228618656133,-0.2550758902638815,-0.5363722402842841,-0.48731077970765985,-0.76555472453303,1
0.2876069799459088,0.7998341578626126,0.27967722576327125,-1.8947617391869185,1,0,0,1,0,0,-0.571255364673633,0.22379643382082565,0.44424408102243734,-0.4788856182301454,1.0290744043503497,0.542208047309807,1.439445408770554,0.6678768841234095,-0.6417220643200277,1.9281543619630224,1.2126839159330405,1.2398565354598063,-0.22627777494742238,0.4004043664833594,0.9157643781899054,0.39975459629872584,0.7595041919217113,0.3911205744684747,1.6035661060988957,0.10061909740348675,-1.6015045557124212,7.106674117304385e-4,1.2789703768358107,-1.8517007932720804,-1.194695367552191,-0.10061909740348675,-1.6035661060988964,0.6887530094432773,1.3165582532877582,1.0733572155828786,1.1447137843208466,1.4515631635718003,0.1010352376589052,1.5741488238116832,0.7879592118469556,0.6978801664463103,-1.46980510396147,0.19995793940503753,0.6164173246135901,1.234146937075479,0.27921023634565156,-0.44541496736468245,0.6160407084282594,0.7374113588002092,0.038603250264021984,1
1.3156174742354179,1.0832795835486928,0.5693561964423357,-0.4281154315628296,1,0,0,1,0,0,2.053483532185921,-0.6891147292005031,-0.5536240695330674,0.11828082416254442,-1.4961548095818087,-0.6213873453475606,0.45359752497976025,1.35131135106851,-1.4654686478149226,-0.4382280694991915,-1.7089596377104788,-0.35814249097165274,1.2639358155090261,-0.014161174982658504,0.18010064464822984,0.0445298145259114,-0.03590880696434645,-0.34103488751796696,-0.16027754582615011,-0.3295023237687902,-0.6448880794590386,-1.6742963653369138,2.0480929042129112,0.556411291473413,1.8887770363643874,0.3295023237687902,0.16027754582614942,0.15955525061472892,0.41596727218528484,0.7276480584821255,0.6408142650290589,0.59814915179895,0.1325402314653172,0.18764225758709038,0.2896456887631914,0.6358690696027934,-0.5816133531797613,-1.5452039908641146,0.16937972051014377,1.2211806657089916,1.4130589069933075,-0.3819686083310823,-1.1948939252628807,-1.4336869776455579,0.904619530814692,0
0.2619067175886707,-0.4370186087675581,0.27967722576327125,1.0385308760612593,1,0,0,1,0,0,-0.5460174906653681,0.17437130716043522,0.21396681550962854,-0.4297003976842359,0.8413812914962613,0.4661852891423387,-0.23696996184653815,-1.3847120688702521,1.9911022413427315,-1.602872503617438,-0.5398475734838375,0.1388064442029883,0.47625706326038925,-0.6157876837821312,-1.7756303813496221,2.1817637137344783,-1.5869372343631087,-0.5094210932481736,0.4904051806810083,-0.2970624528398517,-0.28577529759406944,0.12177323423975003,-0.5294413424227314,0.59179754711308,0.20447773829842936,0.2970624528398517,-0.490405180681009,-0.14682239923337803,-1.3852146900196616,2.5289747191649914,3.6512908802851256,2.4756599776992205,0.3215701943037938,2.145063292257104,2.0060589349406004,2.1861464906907218,-0.22078545442469194,0.19995793940503753,0.2606118846128881,-0.06248019957332482,0.17767154942198057,0.4428340591057229,0.2044646553166367,0.06938110143228039,-0.08511336124321738,1
0.4932090788038099,-1.0039094601397194,0.5693561964423357,0.3052077222492148,0,1,0,1,0,0,0.1480240445619179,-0.40768224327545655,-0.5408308881156891,0.10670783109291863,-0.7603094504624445,-0.3960022270157722,1.2962908358928742,1.7048935117558706,-0.6270364713491946,1.5149367499957653,1.368207231512281,0.6803801375912817,-1.0630946545380355,0.6677510628633975,0.9137503120369883,-0.09162062442136,0.305030595785201,0.519035722963631,-0.7046860443852642,1.6268563983373747,-1.1353149683844235,-1.4246448459308194,0.7651099704963533,-1.744118696377491,-1.2719990488676083,-1.6268563983373754,0.7046860443852634,0.577342954953057,0.7912135143113154,-0.11842961547497735,-0.1473362651452761,-0.01630893667750248,0.25856020669096863,-0.709509049969999,-0.4855086804782194,0.3258135853852078,-1.1089772052064004,-1.3934507795363622,-0.40538291333714505,0.028283699992091807,-0.6684841749419423,-0.826093121566285,-0.20711139779498602,0.7374113588002092,-0.08511336124321738,0
-1.7427137462758722,-0.1535731830814779,-0.15484123025532542,0.7452016145364414,0,1,0,1,0,0,-0.4955417426488382,0.020281206395688665,0.188380452674872,-0.41060495911935335,0.7199685198313944,0.33292186600171786,0.866566530248662,0.8633320749456627,-0.38182344020960274,1.2314882868697203,1.072876874421925,0.14508919611102164,-1.370130134975737,0.41503174461615616,1.6389445432264576,-0.19180179786267967,0.31565148474432986,-0.1931471971562774,-0.7076772998718532,0.899750088678983,-0.7902870258284421,0.45690829782560455,0.3292231243703703,-1.3506666175795896,-1.583363126900181,-0.899750088678983,0.7076772998718532,0.438080386840281,1.6167552469885829,0.1908891040362222,0.05939174276930372,0.18851042614798086,-0.11949971898598452,-0.30171300108041293,0.012804842605544792,0.2638024885416898,-0.8314172830871166,0.19995793940503753,-0.5787240251323598,-0.3347718982695729,-0.8207922053274488,-1.175048096251087,0.4514102871836102,1.0714264874841732,-0.8892713360402683,1
0.6731109153044746,2.217061286293016,-1.6032360836506476,0.3052077222492148,1,0,0,0,1,0,0.40040278464456736,-0.4768774206000031,-0.5024513438635544,0.005444141733693132,-0.8359652222306702,-0.3709594360900179,-1.4816778210355384,-0.10329906627691184,0.16556072277899198,-1.0363645388964045,-0.8250775946132468,-1.6305606670429265,0.4069048819577761,-0.9502639579351646,0.2172853382240529,0.8929421335024608,-0.7983579461817002,-0.4387248123291467,-0.8901438845537553,-1.3410564071273077,1.1108165280370816,0.3594528921908023,0.6709936748029779,0.6084235581612755,0.6443118935850162,1.3410564071273077,0.8901438845537545,-1.038102835155144,-0.18442671521636386,-1.0827762115981268,-0.5220307794904515,-0.7843815472730677,-1.2851844898232538,-0.38327221085833024,0.012804842605544792,-0.8523972546416179,1.2780381250194413,0.5793409677244183,0.6620334066649622,0.9359226956462544,1.1592121896841308,-0.033013633646279864,0.8629863402952329,0.23638866577426285,0.5953280020465953,0
1.0586148506630406,-1.6996391413691911,-0.8790386569529866,-0.4281154315628296,1,0,0,1,0,0,0.4634974696652297,-0.49722894334251677,-0.4896581624461761,-0.027538888514740317,-0.8456222730371299,-0.36112119679775734,-0.4837492402721225,-0.019296095428974386,0.35096895674106504,-0.4229270267034464,-0.5067774128355935,0.2092126510996362,1.3790911682353373,-1.6914161577768974,-0.9713291268019709,1.5328110639497055,-0.7216422247221266,-0.49016481065687456,1.5875602653373244,-1.2891818387499494,-1.0173780011414397,-0.9465716996633928,1.0605409741392922,-0.14422094893593146,0.1802849218317985,1.2891818387499494,-1.587560265337325,-1.5951531076062477,-0.9349191994684248,-0.1457224436671417,0.6537347655237203,0.3079883877961804,-1.348194477436079,2.2266225020350205,1.397009073393778,-0.4803306735805153,-0.9424412519348303,-0.8623145398892288,0.11464042204849642,0.6506647255835172,0.549980068142106,-0.6040308649486834,0.36909507656128593,-0.2089648391376897,-0.2706882785040748,0
-0.4320003660567478,1.1605828814630785,-0.15484123025532542,-0.4281154315628296,1,0,0,1,0,0,-0.44506599463230834,-0.0931058488840305,-0.1442422641769629,-0.29545367807657696,0.3779817566587068,0.15672794413123253,1.438693224153653,1.5183201971613098,-1.2227640988030613,1.5062560200974826,0.623363983315998,0.23499902734695438,-0.5920894099893077,0.5038561259290618,0.03991790049363318,-0.40191086063651477,0.788584605003675,0.8357799118732172,0.8489203546367114,-0.5214382267650228,-1.4970908455891712,-2.0439532435764405,1.267677831099518,-1.2529077122065349,0.005572704420516911,0.5214382267650228,-0.8489203546367121,1.6078859589875987,1.2415090048625523,3.6570782844411283,2.7856173471428227,3.107186346411129,3.4720695749450625,1.0032343553662626,0.6218547041523672,3.674412814935132,-1.4142931195376127,-1.9245870191834955,-0.19554893590083341,0.4691369264526849,-0.093098282374475,-0.2550758902638815,0.03983423407198747,-0.2089648391376897,-0.3944048900113141,1
-0.7661037767008384,-0.4370186087675581,0.714195681781868,-0.13478617003801185,0,1,0,1,0,0,0.059691485532990585,-0.38442336014115513,-0.46407179961141953,-0.09003305109071949,-0.5568094332598922,-0.22606900287672543,-0.2487028301510761,-0.7018421102984893,0.8451085459741919,-0.9291742101591787,-0.5449922267825883,-0.10081169919295498,0.6194823537550959,0.46201179623475414,-1.2206685161103392,1.0069500780595926,-0.4120210208088777,0.2608514469987567,0.6912331826893902,-0.8230517886162441,0.8074640825020448,-0.2595386005428369,-0.14340397509603672,0.8467014213038732,0.963187253717287,0.8230517886162441,-0.6912331826893908,0.38237535959517033,-1.1600669447440433,-0.13662483426975403,0.3953247556304958,0.20557870638343811,-0.43454965705011084,0.10608304780917345,-0.2086678343205727,-0.29429738304996345,1.8886699536818656,0.7310941790521709,3.298642949234273,2.6863693301221394,3.0038316687974826,2.9806884204497375,0.7806711296729086,0.4033962301162448,3.378951760959466,0
1.495519310736081,0.026801178718756015,1.0038746524609323,-2.041426369949327,1,0,0,1,0,0,-0.4198281206240434,-0.12217945280190722,-0.2593808969333673,-0.24048196099585453,0.22149318408469418,0.09188500334133312,2.167538062345833,0.2478500916921054,0.31703320708567373,1.1515736626564381,1.501407982573,2.3438308227046756,-0.5670031774391533,1.7475501137733784,-0.12114732734626166,1.1820600956222578,0.6830931318036817,1.339245122459089,1.465333844976243,1.7434054285905087,-1.2678829564911747,-0.46154476217753093,0.7544613838979037,-0.8783582685340111,-0.6443917110805354,-1.743405428590508,-1.4653338449762439,1.5243284181199328,-0.18442671521636386,-0.2185033188462471,0.4082452561251572,0.683490552976235,-0.49755964466293656,-0.22015379130249568,-0.8177176958673952,0.07776919801113909,-1.3310251429018278,-0.8623145398892288,-1.582277830262547,-1.0349505520599276,-1.2607931819966884,-1.6191726094862895,-1.3595243465075295,-0.8213259083916238,-1.5078543935764617,1
1.6497208848795075,-0.17934094905293926,1.0038746524609323,-0.4281154315628296,1,0,0,1,0,0,1.6875343590660796,-0.670507622693062,0.09882818275322415,-0.39729601708928375,-0.6569574689866768,-0.208628487767718,0.9869177877867258,-0.44747796277968843,0.5952308813777172,-0.6444150499671701,-0.9885499444471203,-0.26725385375912,0.9090406796812036,0.11105420824052968,-0.13363591299474564,0.9103360468562897,-0.1716571914551686,-1.0147963399825362,0.04764949253229553,-0.41176056791003435,-1.2613691517980314,0.4803040230943948,0.10109937942099056,0.7003508256769408,0.2944122310565105,0.41176056791003435,-0.04764949253229624,0.04814519612450831,-0.18442671521636386,-0.18211288125669506,0.3048812521678669,0.22264698661889537,-1.757759396919444,0.8401159358104279,0.8986955503100138,-0.6663639641110671,-1.2107491766501381,0.326418948844831,-0.3050275328241268,-0.2094312750601892,0.0761328624983096,-0.5405845059150832,0.2044646553166367,0.013711913318286572,-0.2500688432528684,1
-1.8198145333475857,1.2378861793774645,1.4383931084795292,0.5985369837740325,1,0,0,0,1,0,1.0439685718553235,-0.6077086382304483,0.03486227566633282,-0.3787792281778825,-0.5085961553039142,-0.17464184293990864,0.44138382365347795,-0.049617301947482935,0.6147237846647415,-0.2114760068574183,0.2835430822780557,0.8153291280676798,0.3537387183721458,0.6092025220986778,0.8748009457708555,-0.2222571839830282,0.21898964476807406,-0.140989850160023,0.569588792901455,0.5471004570796687,-0.005046969197115016,0.9444576875393482,-1.063695042507222,0.5028368250795124,-0.5062690409911003,-0.5471004570796687,-0.5695887929014557,1.085651328564689,1.5041813743507735,1.605567365330088,1.219006662165149,1.268079151040637,1.0146800580448727,1.2071323798110556,0.981747804157308,0.9924328764530166,-0.05424950115312168,0.8069707847160468,-0.15905607025973648,-0.671894953798262,-0.44848368660732285,-0.0012904541294803558,-0.37174181903963527,-0.15329565102369538,-0.2706882785040748,1
1.5983203601650333,0.43908543426214564,0.5693561964423357,1.0385308760612593,1,0,0,1,0,0,0.526592154685892,-0.5117657453014551,-0.09306953850744984,-0.33422320485982326,-0.3982265113282227,-0.13528888577086623,-1.6402142791649532,0.3208048393814142,1.070879452821065,-1.1969368003173204,-0.5651957144109659,-0.7280555041535316,0.5329651991568085,-0.19172421757025984,0.016724001067126515,1.0116411030334562,-0.7565171405475208,-0.39463149441572265,-1.1334326641296226,0.13114384342216406,2.089189303242802,-0.42356097272188004,-0.4473263404278538,0.8668349507226369,0.34950126423070976,-0.13114384342216406,1.133432664129622,-0.4253475354589299,-0.3345252120667762,-1.0554833834059623,-0.44450777652248397,-0.6990401460957827,-1.348194477436079,-0.7910682597479163,-0.3747723420151606,-0.9764194483286528,1.916425945893794,-0.4070549059059717,-0.031331040515893936,-0.2569742700706454,0.09305597698558829,0.09387908442092041,-0.5363722402842841,-0.5429799678216537,0.10046155601764112,0
-1.5371116474179702,1.3924927752062353,0.27967722576327125,0.3052077222492148,0,1,0,1,0,0,0.36254597363216995,-0.46059620240599214,-0.4001058925245282,-0.16236425777588057,-0.6500644514752041,-0.22875215904734195,-0.40475457159657807,-1.1168627303565632,-0.42091436646518643,-0.26845175622206013,0.19357684919923537,0.47519916858616257,-0.36950601458099513,0.743280500611774,-0.0973059929140214,-0.0830940130673774,0.42113198228877136,1.1077835667905651,0.2181716668474219,0.43173498641965286,1.30549820302806,1.4354501402810629,0.49190257009601374,0.7802482683357256,0.8298756558230204,-0.43173498641965286,-0.2181716668474226,1.245803281894381,0.41596727218528484,1.6283113888235585,1.3256007912461045,1.4686314438072563,2.1488598350757298,-0.709509049969999,-0.8730858650989243,1.876091006473136,1.3890620938671545,1.5657368413548085,0.4521994292286506,0.6506647255835172,0.9561348158367899,0.062155904904119784,-0.7010026615289333,-0.5986491559356475,0.9664778365683122,0
1.2128164248064663,0.33601437037629844,1.7280720791585935,0.3052077222492148,1,0,0,1,0,0,-0.21792512855792381,-0.25010331004056474,-0.15703544559434116,-0.2879312325813202,0.06473951861553087,0.03017241141715298,1.5864806516577965,0.659218567536163,-0.6447331024206766,1.259651160057737,0.2507150646633266,-1.3140861744933015,-0.4090247868981624,2.6040684835946064,0.5942841022644678,0.0015330117731661573,1.9300730164490705,0.9842843379747676,-2.0761766849861125,0.266869946255213,0.3959145806534864,-0.30945740450170645,0.8829122786847914,0.2121199129942346,0.6350202175563011,-0.266869946255213,2.0761766849861125,1.9142636088357055,0.19081952690966666,-0.8917264142529749,-0.7545997883943533,-0.03337721691295973,-1.0646495331783645,-2.0144564064166746,-1.648240234340335,-0.4183195767369984,0.4731143508735179,-0.17942508891434333,0.38833691435672935,0.806259981981374,0.854596128913119,-0.09645999267988113,-0.7833178721512579,-0.7656567202776299,0.5953280020465953,0
0.544609603518286,-0.7462318004251005,-0.15484123025532542,0.3052077222492148,1,0,0,1,0,0,0.3751649106363024,-0.4687368115029976,0.31631226684865466,-0.44763853694215583,-0.03931599837000328,-0.014546858093122488,-0.3531905525116142,-1.085340624314554,0.6481372179623198,-0.3550466753522522,-0.3167014114392722,-0.29220147557836285,0.199995119820405,-0.8721035066163063,-1.5757037147104809,0.4522825464057501,-1.0642962640847227,-1.0423088102863554,-0.1934532884955867,-0.20666334585120408,-0.3802754872501079,-0.08884132281153843,-0.43152494850453826,-0.5756928042510332,-0.6058843386676854,0.20666334585120408,0.19345328849558602,-0.8988402670423681,-1.535313186870074,-0.5369196477548344,-0.23777976860790415,-0.6307670251539549,-0.9386295579527137,0.2692014673650073,0.40038202722625016,-0.9764194483286528,-0.47058938433204756,-0.2553016945782196,-0.5331079430809875,-0.6589286824317738,-0.8207922053274488,-0.1916295312302808,0.36909507656128593,0.29205785388825667,-0.76555472453303,1
0.6731109153044746,-1.41619371568311,-1.6032360836506476,0.3052077222492148,1,0,0,1,0,0,0.40040278464456736,-0.4768774206000031,0.5082099881093286,-0.506082151943766,0.04653714717208083,0.024358906380817166,-0.23326990496445302,-0.9400457784148607,-0.3743233008449333,-0.5810965307361242,-0.0017629678727642528,0.5031942838078253,0.43857199499862154,-1.0370088639867594,0.07800029957563066,0.8427914377913034,-1.1404066662335002,-0.7519738622597786,-0.9053494332772469,1.584211532575986,-0.7117995569206698,1.3683813201198398,1.3586366086436807,-0.34578380506854983,-0.7318641720827019,-1.5842115325759867,0.9053494332772463,-1.1216603760228097,-0.3345252120667762,-1.2010451337641732,-0.6512357844370638,-1.0233374705694662,-1.348194477436079,-0.30171300108041293,0.12354118106860354,-0.9144083514851348,-0.7481493064513315,1.0346006017076752,-0.47836864461934153,0.2487103132223888,0.09305597698558829,-1.9046812251374914,-0.7833178721512579,-0.09762646290970158,-0.332546584257695,1
0.44180855408933456,0.7740663918911503,0.5693561964423357,-0.4281154315628296,0,1,0,1,0,0,0.17326191857018283,-0.4123340199023168,-0.38731271110714993,-0.16930805361765602,-0.5189032339924308,-0.18626885301258025,-0.5381594769627586,1.169449962219673,-0.46333564778926284,-0.08827164293599254,-0.15717795424979028,0.1265497120749547,0.21000180888497094,-1.1959250354243363,0.2736582920297942,0.38875703876769,-0.8892521284153239,-0.6510055401541377,-0.4481121582821066,0.617030896486598,-0.44663035127022327,-1.3309619044615348,1.0240586847396405,-0.7625178936135482,-0.4312411635467958,-0.6170308964865974,0.4481121582821059,-1.1216603760228097,0.26586877533487285,0.04532735367801011,0.24027874969456073,-0.135786898325702,-0.2770246880180474,-0.13859458152457876,0.06817301183707392,-0.35630847989348147,-0.3318094232724056,-1.1658209625447336,0.48869229486974886,0.9748215097457181,0.5669031826293847,-0.44541496736468245,-0.12479618717266176,0.18071947766026855,0.40975308478573785,0
-1.3572098109173063,-0.8235350983394863,1.0038746524609323,0.3052077222492148,1,0,0,0,1,0,-0.20530619155379135,-0.2564995029024976,0.009275912831576286,-0.3706781330291445,0.1911101777420002,0.0892018471707166,0.37457882819449284,0.055116331461896005,-1.0939066884510449,0.47304302644091595,-0.2085030177982432,-0.023803654047293517,-0.6879484439059115,1.0170362910745374,-0.6310298745396401,0.5451939028020145,1.201072337011897,0.9494981848453528,2.357232434132835,-2.3703397733489733,0.4953496998044625,-0.7078007703284663,2.043274383220046,0.5519121590156181,1.1980643074494717,2.3703397733489733,-2.3572324341328357,1.217950768271826,-0.40957446049198204,0.7276480584821255,0.9250652759116064,1.434494883336343,-0.05648973137315825,1.0032343553662626,-0.04256332662598434,0.2638024885416898,0.3898463742377325,-0.7105613285614767,-0.19554893590083341,0.858125067447326,1.0576735027604598,-1.2702176348014877,1.6861384465184783,0.514734606344233,-0.3944048900113141,1
1.341317736592655,2.3459001161503257,0.5693561964423357,0.3052077222492148,1,0,0,1,0,0,-0.10435469552073157,-0.3169725990516812,0.41865771818768077,-0.47367777134881384,0.3472814802685838,0.12229410660832044,0.6484361128610707,-0.5855631505956956,0.03254917359939009,0.5120107290351622,0.9218122740079718,-0.1351328550565693,-1.0965669764574357,0.046473410745209526,0.5863335624342897,-0.051078985210736276,-0.37659825595439617,-0.5232832059117054,-1.5144873791279718,1.3177450462494995,-0.855230515181356,1.3910798923095702,-0.09582526481237084,-1.0651218467822523,-1.7092853046169048,-1.3177450462494995,1.5144873791279712,0.438080386840281,1.1664597564373458,1.5737257324392298,1.2997597902567817,1.0589927181562884,0.8886600828192224,-0.13859458152457876,0.7325910426154264,1.6280466190990672,-0.9424412519348303,0.8069707847160468,-0.97102233077416,-0.8663890242955825,-1.176177609560296,-1.397110352868688,-0.20711139779498602,0.514734606344233,-1.3222794763156045,1
0.5703098658755232,1.1863506474345409,1.0038746524609323,0.3052077222492148,1,0,0,1,0,0,-0.19268725454965888,-0.2675474723912908,-0.24658771551598904,-0.2427965596097797,-0.05120778008907436,-0.018124399653944526,1.6773792735137225,-1.4541825085573912,0.40705982186380696,1.0128133775688795,1.50443273077568,1.0319118770250764,-1.1110067594730848,2.3349224072017374,-0.6757053843121227,0.6652235876865114,1.1200135591474718,1.2455459041674195,-0.27639264516917894,1.6815275852364984,5.902459647536642e-4,1.3190043089190653,0.11202113863413561,-0.25765925885344043,-0.7398030814727526,-1.6815275852364993,0.27639264516917894,1.8307060679680403,-0.7848207026180125,-0.6369933511261053,-0.22485926811324272,0.22264698661889537,-0.7180946013078251,-1.3619827281933365,-1.4267675574142176,-0.4183195767369984,-0.22078545442469194,0.8069707847160468,-0.8524205174405927,-0.671894953798262,-0.7192535184037778,-1.175048096251087,-0.8656330827735822,-0.15329565102369538,-0.6418381130257917,0
0.08200488108800677,0.5421564981479937,-0.15484123025532542,-0.13478617003801185,1,0,0,1,0,0,0.33730809962390496,-0.4565258978574894,0.36748499251816774,-0.46384072723963193,0.009599466511193486,0.007365583966912489,0.6626609543988183,0.5881137954714885,0.10465594781195507,-0.30563868705190544,-0.42392225569479747,-0.8473478081582407,0.1821490086028551,0.2961215851818029,-0.7377743235393661,0.5208650291031346,-0.9013331019932097,-1.0132977783662478,-0.7613439424253534,-0.4005896952488784,-0.6255649892282998,-1.5462907624327593,0.3803509355627897,-0.4808483269641984,-0.4381683637604064,0.4005896952488784,0.7613439424253534,0.24311279148239442,-0.7097714541928067,-0.09113678728281299,0.188596747715916,-0.18699173903207253,-0.8126095827270634,0.35076067714292497,0.8433273810784847,-0.17027518936292965,-0.5261013687559044,-1.3934507795363622,0.38833691435672935,0.533968283285125,0.2961333508329291,-0.15990635171348128,0.7806711296729086,0.6260729825722207,-0.1469716669968365,1
-1.3315095485600683,0.7998341578626126,3.6109853885725127,-1.8947617391869185,1,0,0,1,0,0,0.3877838476404349,-0.4722256439731428,0.44424408102243734,-0.4788856182301454,0.021786241359759772,0.006918391271809734,3.5198071751328293,0.8277991648839128,-0.9389124746927726,2.2171859334662396,1.9697976325849176,0.32996289642740606,-1.316688482495557,3.356622319779861,1.0849083521621279,-0.14346339731752072,1.365763022971716,1.5961494131647385,0.09517567272851181,0.3556359628759853,-1.5404800865793613,-0.049342961761363054,1.1393579279123,-1.641007920619084,-1.0025041584198908,-0.3556359628759853,-0.09517567272851252,3.8082345351694578,1.4666567501381707,1.0096739498011607,0.7700192699756713,1.349153482159058,1.4557499713346498,-0.9541866793037505,-1.0945585420250417,1.2559800380379649,-1.3865371273256843,0.27583454506891375,1.0087156302553917,1.519404907138216,0.6176725260912207,-0.0647368131630805,0.28677986593896093,0.514734606344233,0.47161139053935697,0
-1.4343105979890196,2.1397579883786295,0.27967722576327125,0.5985369837740325,1,0,0,1,0,0,-0.34411449859924853,-0.18904874181302367,-0.4128990739419065,-0.13343177510181614,-0.08253450726282362,-0.04227280518949327,0.3846348176712404,-0.3221926668138228,1.0504591596332296,0.10609048497203773,0.3392468960802366,0.028188762831522,-0.49530337016529896,0.5626402967661059,-0.7536243021252497,0.9943017238837127,0.35027935165293717,0.6762807167040787,0.8686312511301267,-0.8230517886162441,0.027339478118821314,-0.3127447354304856,-0.43683551939835324,0.20400960824262923,0.21921891265218815,0.8230517886162441,-0.8686312511301275,0.7166055230658329,-0.5596729573423944,0.6184767457134681,1.0801112818475405,1.195538960039945,-0.15100471279239655,0.5138790966987595,0.12354118106860354,0.6358690696027934,-0.08200549336504998,-0.4070549059059717,-0.3871364805165972,-0.5422322401333817,-0.4315605721200442,0.15732544345452057,0.7806711296729086,0.4033962301162448,-0.1469716669968365,1
0.030604356373531493,0.7998341578626126,-2.0377545396692445,-0.4281154315628296,1,0,0,1,0,0,-0.1800683175455264,-0.29080635552559214,-0.4001058925245282,-0.16930805361765602,-0.2533647993537721,-0.09280557973610455,-0.6808063191344889,0.6723533873842411,-0.35389181058536123,-0.5912840265453424,-0.7164382858525128,-0.6515896367241332,0.5853808429540316,-1.364411351167286,-0.3031760434980547,0.597442817518645,-1.3961204541205332,-1.3200128641394173,-1.3475953222069719,0.44783808336594555,-0.4166259862979345,-1.2265412295585387,1.0841543749565867,-0.5855825702587178,-0.3573307823105801,-0.4478380833659462,1.3475953222069719,-1.4001855122483615,-0.7097714541928067,-1.4739734156858193,-1.0000892977929163,-1.4159079159849774,-1.6317394216937933,-0.5463906304141645,0.06817301183707392,-1.4725082230767892,-0.24854144663662048,-1.0140677512169813,0.7623887871779818,1.2600794798084554,0.9053654723749538,-0.4136917878478824,0.28677986593896093,0.5704037944582268,0.7190446135538346,0
0.2619067175886707,-1.6996391413691911,0.27967722576327125,-0.4281154315628296,1,0,0,1,0,0,0.4130217216486998,-0.474551532286573,-0.5024513438635544,0.024539580298575656,-0.8426482964594042,-0.3839280242479978,0.4575173826190099,0.7154718467404136,-1.1970110711762052,-0.8469665394103123,-0.9105935799039866,-0.8072185206008504,1.193059433378838,-0.531575396507836,0.029333533634010246,-0.6699261731613044,-1.2828306568148946,-1.0900414580404414,-0.18804420001687264,-0.9144498376620688,-1.1673329305684799,-0.9526218732279939,0.9631430378128653,-0.12783576691339305,0.11960292665260067,0.9144498376620688,0.18804420001687194,-0.45320004908148526,0.11577027848446049,0.28186519801010423,-0.12149526415595328,-0.6136987449184976,0.6681251261743327,1.0032343553662626,1.2309045656991897,-0.046252995675895824,-1.0812212129944723,-0.8623145398892288,0.14201007127932075,0.6247321828505417,0.5330569536548284,-0.5723076854318833,0.03983423407198747,-0.3759724034796717,-0.1469716669968365,0
-1.0231064002732158,-0.2566442469673251,0.27967722576327125,1.7718540298733036,1,0,0,0,1,0,1.8263426661115367,-0.6751593993199223,0.38027817393554597,-0.46441937689311324,-0.5228781964656324,-0.1603316766966205,-1.2953596554596634,-2.024784690034924,0.17763370896496627,-0.4789306697726147,-0.44109168158425804,-2.2157491441241306,-0.09516694042044621,-1.2262704771902395,-1.7862763715647887,1.061029630116786,-0.6352188304259526,-0.2810100934545591,-2.7148097313727666,-0.329502323768793,0.5759541213627396,0.989628074873884,0.8234012220403397,0.017132318193905947,0.29908912686854494,0.329502323768793,2.7148097313727657,-1.4094696834558798,-1.9355758451378398,-2.6475650279488985,-1.8872969984263208,-1.9677823102647536,-2.345852614639147,-1.85133798686084,-1.0945585420250417,-1.720552610450858,0.44535835866158957,0.8069707847160468,-0.25028823436248077,0.19684522775643593,0.19459466390925928,-0.635754044465484,-0.04248097655033679,-0.2089648391376897,-0.023255055489598248,0
-0.12359721776989524,0.5163887321765315,0.714195681781868,0.3052077222492148,1,0,0,1,0,0,0.03445361152472564,-0.3948898575515908,1.8003213112645335,-0.6675254052650456,0.7150638243343874,0.2121798383239741,-0.10168745465355684,-0.7708972757931088,-0.05349924783646406,0.17870271212541963,0.29552664868882367,-0.16782492621865874,-0.30858455012693703,-0.6562802586123864,0.40977835121926526,0.6904618520849198,-0.8057784214376842,-1.0060814324343434,-0.7279513648365089,0.4930801176436278,-0.5143486206482057,1.4685876606961294,0.7669828374860334,-1.040411924607842,-1.3664418179086464,-0.4930801176436278,0.7279513648365081,-0.7038726716844818,0.19081952690966666,-0.4914316007678933,-0.08273376267196997,-0.3918111018575571,-1.2536794960168407,0.18764225758709038,0.6218547041523672,-0.6043528672675491,-0.5261013687559044,1.2622304186993043,-0.2046721523111086,0.20981149912292413,-0.2284831982727022,-1.3336639938350878,0.7806711296729086,1.1827648637121608,-0.332546584257695,1
-1.8712150580620608,-0.8235350983394863,-0.4445202009343899,-2.334755631474145,1,0,0,0,1,0,3.062998492516519,-0.7559840182116195,-0.016310450003180245,-0.37183543233610705,-1.0274735605404919,-0.29404229253234415,0.4398755224222813,0.8770287273185868,-2.2850182781359885,0.8746434796383459,0.20877771527052097,0.32607313293634005,0.14131888136002593,-0.5518025307866045,-0.4256572336934256,-0.7954004239413656,-0.5625677714404247,-0.3888350334397734,0.4407888507730546,0.007555847346540335,-1.1630122087567267,-1.6301635245174584,2.324395816840734,-1.7394194858815355,-0.6510429844972994,-0.007555847346540335,-0.4407888507730553,-0.48105256270404034,-0.3345252120667762,0.23637715102316323,-0.22485926811324272,-0.42594766232847037,0.9201650766256344,1.0032343553662626,0.8433273810784847,-0.29429738304996345,-1.1089772052064004,-1.5452039908641146,-0.1681792866700104,1.026686595211671,0.1607484349347019,-1.3019408143182878,0.6160407084282594,0.6817421706862145,-0.2706882785040748,0
0.5189093411610479,-0.514321906681944,-0.8790386569529866,0.3052077222492148,1,0,0,0,0,1,-0.3062576875868511,-0.22975178729805104,6.725696156955165,-0.8081372710609986,1.7315051105648183,0.4478503886431258,0.07935123233332425,-2.183732512469861,2.3228685551912975,0.0027205164129277663,0.5287349078717427,-0.3140554151105158,-0.8599787073230146,-0.4571977729596673,-1.5985365890476602,1.8602770278946132,-1.0565829196095944,-1.045998739746648,-0.65872285032305,0.22497917377587734,-0.5671664479269186,1.3958625422038107,-1.3060401229023006,-1.0513647787659979,-1.7085954577629643,-0.22497917377587734,0.6587228503230493,-0.5089050763265954,-1.535313186870074,-0.38226028799923456,0.5891322630504142,0.10316902497069583,-1.9782943535643327,0.2692014673650073,0.6772228733838963,-0.6043528672675491,-0.12363948168294266,2.476256109321323,2.3407052261554577,1.098001087727355,0.5415185108984673,1.917961906636931,3.0854970270979956,3.632209140727898,1.8634232699957924,1
1.495519310736081,0.10410447663314094,0.27967722576327125,-0.13478617003801185,1,0,0,1,0,0,0.48873534367349464,-0.5018807199693771,0.06044863850108935,-0.3996106157032089,-0.25966415036706153,-0.07715383540750813,-0.19417004571483934,-0.23766403088765403,0.4182128920598435,0.7020089405736694,0.60178807990835,0.17266149316453536,-1.179036338980387,0.051984715109825816,-1.1333777529003095,1.077149496595372,-0.03203136146079709,-0.1853455779159964,-0.35678002163742906,0.5893397650429548,0.32194069000999714,-0.8091916114789741,0.5107203305162827,-0.9801305385897445,-0.9633078592781207,-0.5893397650429548,0.3567800216374284,0.10385022336961848,-1.009968447893631,0.2454747604205509,0.7829397704703327,0.7346953936826055,-1.0016395455655394,-0.38327221085833024,-0.26403600355210183,0.38782468222872474,0.44535835866158957,-0.6346847228976005,0.5434315933313949,0.7414286251489338,0.2622871218583729,-0.3185222492974822,0.8629863402952329,1.3497724280541432,0.34789477903211874,0
1.495519310736081,0.5163887321765315,0.27967722576327125,-0.8681093238500562,1,0,0,1,0,0,0.48873534367349464,-0.5018807199693771,-0.3233468040202586,-0.2260157196588223,-0.6144732347460667,-0.21131164393833451,0.5263771761793591,0.40037557070560964,-0.7364741429648105,0.8200969380549337,0.39236748783240427,-0.05536583152778357,-0.9400651178350801,0.137882502938261,-1.064823397940539,0.9940314350651589,0.11574239495234627,-0.4637027446566705,-0.6392523306161405,0.5584902876836534,-0.5941697046026557,-1.616244740376578,2.005690553677071,-0.9931298775015791,-0.9628124284997013,-0.5584902876836534,0.6392523306161398,-0.007559831120602114,-1.0850176963188372,-0.4823339913705056,0.07231224326396513,0.12023730520615308,-1.6947494093066184,-0.5463906304141645,-0.319404172783631,-0.29429738304996345,-0.6093693453916895,-1.5452039908641146,-0.2685346671830286,0.7673611678819103,0.27921023634565156,-2.0315739432046915,0.36909507656128593,0.7374113588002092,-0.5181215015185524,1
0.10770514344524394,-0.514321906681944,-0.15484123025532542,0.3052077222492148,1,0,0,0,0,1,0.07231042253712305,-0.4041934108053113,6.725696156955165,-0.8081372710609986,1.376696026185811,0.3136925801122994,0.7323405003190158,-1.6708658601851503,1.1801089854885185,-0.26136449235473536,0.6020335958733896,-0.31592415794546136,-0.7952411907032485,0.3663609821499089,-0.7438533614681169,0.38524837251271604,-0.868445381749963,-0.74675017695599,-0.5666803935267488,0.13114384342216406,-0.6522737161735893,1.5481398616925652,-1.2261110558839707,-0.5080490072426868,-1.511729364480696,-0.13114384342216406,0.566680393526748,0.4102278732177254,-0.6347222057676005,0.2545723698179399,0.42116575661981864,0.03489590402886805,-0.24551969421163483,0.5954383064766764,1.009431888773073,0.20179139169817292,-0.3595654154843339,2.2486262923296945,1.5469853984615822,0.5469345546516133,0.2961333508329291,1.0455744699249259,2.4269753421193996,2.7971713190179877,1.1520527538291696,1
0.08200488108800677,-0.9266061622253344,-0.15484123025532542,1.7718540298733036,1,0,0,1,0,0,0.9556360128263961,-0.5908459479580798,-0.6559695208720935,0.34684743728765344,-1.4484759018106022,-0.7224528944407831,-0.019375899082571375,0.10578939484373398,-0.14574503802545424,0.4354585908954245,0.05290922578770636,-0.8290010757814256,-0.31549834338868965,0.6703902074062046,0.8020234051031156,-0.08975948998782544,1.0617914686726635,0.4360155188807068,-0.6711839829354725,-0.4649864905896614,0.6967886556094073,0.6582501764721256,0.109038718402923,0.4645777818426381,0.3568997058478725,0.4649864905896614,0.6711839829354719,1.1900982546492709,1.4666567501381707,1.710189873400053,1.3902032937194106,1.8441336089873108,0.8571550890128092,-0.05703537174666111,0.2896456887631914,1.876091006473136,0.6118943119331598,0.5793409677244183,-0.07694712256726609,-0.010615114107371936,0.17767154942198057,-0.15990635171348128,0.12214944469431245,-0.09762646290970158,-0.023255055489598248,0
0.08200488108800677,-1.0039094601397194,-0.15484123025532542,1.7718540298733036,1,0,0,1,0,0,0.9556360128263961,-0.5908459479580798,-0.7199354279589849,0.8560591323511874,-1.6951280406248597,-1.115982466131207,-0.00906540276280773,0.9779310122455285,-0.5095168345049274,0.48259761481720004,-0.07083997117146293,-0.34126406458249053,0.3475015200499803,0.6435429097389174,0.667070992351479,0.08094174821871787,0.926094380261756,0.3650884695755058,-0.5483077512256369,0.07836147009820059,0.6556261559943727,-0.6739839283664326,0.7778652326506037,0.26634109166133807,0.44853326381458014,-0.07836147009820059,0.5483077512256362,1.1622457410267157,1.3165582532877582,1.7192874827974407,1.5064877981713616,1.8953384496936814,0.6996301199807459,0.18764225758709038,0.5111183656893089,1.814079909629618,0.08453045990652028,-1.0140677512169813,-1.564031397441998,-1.0090180093269512,-0.8546384343020056,-1.4922798914190887,-1.1125787146405561,-1.211010225189582,-1.136704559054746,0
1.8296227213801723,0.6967630939767645,-0.4445202009343899,-1.6014324776621007,1,0,0,1,0,0,0.7789708947685415,-0.5623538161185606,0.29072590401389814,-0.4516890845165249,-0.24315874751226746,-0.0834145331389467,0.9986208352823078,0.6502501096319707,-1.1903989657958853,1.2845528582678045,0.4421310318718554,0.2892052820966333,-0.6399102432356857,0.6132614333217776,0.49355681672274976,-0.755582942982363,0.2495752309491517,-0.4114039309686244,-0.37315522795503414,0.7645323233097278,-0.7758429822504525,-0.3980542980197236,0.8680272752883529,-1.4878735122743925,-0.976447860540322,-0.764532323309727,0.3731552279550334,0.6609004958207222,0.5660657690356972,0.2909628074074919,-0.1602567656399366,-0.05044549714841698,0.3215701943037938,-0.05703537174666111,0.12354118106860354,0.2638024885416898,-0.8314172830871166,-0.5588081172337243,-0.6608329728248301,-0.1532440991387405,-0.7192535184037778,-0.9847090191502859,0.12214944469431245,0.5704037944582268,-0.45626319576493324,0
1.3927182613071303,1.8820803286640106,0.27967722576327125,0.3052077222492148,1,0,0,1,0,0,-0.3945902466157784,-0.14543833593620858,1.8259076740992901,-0.6686827045720081,1.1681743538733984,0.40491988991326133,0.12795447723141934,1.3172412594628031,0.23847579020636425,-0.2227030533753814,-0.33414322295182075,-0.7329698074687495,-0.040592870294448,1.3950128058887339,1.216398889130135,0.5935535022377727,0.694419457881122,0.720117721817319,-0.5252107151899512,-0.4787858038769716,1.2159565433618928,-0.5893932633165248,0.2704596334690607,0.9894319049400344,1.1374573506370327,0.4787858038769716,0.52521071518995055,1.8028535543454847,1.6918044954137887,1.1916261377489248,1.3643622927300878,1.6393142461618264,0.3845801819166189,-0.5463906304141645,-0.3747723420151606,1.6280466190990672,1.1115021717478706,-0.5588081172337243,-0.02220782410562002,0.11904759955750843,0.5161338391675497,0.09387908442092041,-0.6186874509066087,-0.8769950965056176,0.10046155601764112,0
0.33900750466038404,-1.7254069073406524,0.27967722576327125,-0.13478617003801185,1,0,0,0,1,0,-0.2810198135785862,-0.2454515334137045,-0.5408308881156891,0.04884286574478978,-0.3834331436580952,-0.22651619557182817,-0.029734612268978475,-1.5677087862393253,0.5944867386536179,0.07552696192356492,0.8583565749438224,0.014653355372840769,-1.0125881301025927,0.6065382271596211,-0.7215585875715294,0.7284513322427862,0.5572279653543427,1.1673112676509636,-0.11207882534413707,0.13114384342216406,0.6473925521366919,1.428887955392303,-0.0806599498377994,0.4505056589078886,0.02374666788989114,-0.13114384342216406,0.11207882534413637,0.7166055230658329,-0.5596729573423944,0.48201260475264507,0.8087807714596554,1.0248561576853752,0.3530751881102058,-0.8726274695258333,-0.9284540343304539,0.8839134569768611,0.6951622885689447,1.4898602356909325,0.31535118307453414,0.22277777048941236,0.39767203775660004,-0.033013633646279864,0.2044646553166367,0.29205785388825667,0.34789477903211874,1
0.10770514344524394,1.7532414988067013,-0.15484123025532542,1.478524768348486,1,0,0,1,0,0,0.07231042253712305,-0.4041934108053113,0.15000090842273722,-0.4140768570402411,0.04977611939145524,0.009154354747323507,0.026604782202616063,0.23146432528599314,0.46209389503434145,-1.359029919996556,-1.2933053656769875,-0.5660141137531615,1.1373244572363812,0.34380881360033627,-0.8483101602438233,0.43674790451225515,-0.5814758688965358,-0.5142655084273334,-0.13124877099039398,-0.6418048099999468,0.30653511828882973,-1.1675105465663744,-0.19280831052158978,1.2593802266635414,1.1792801409383455,0.6418048099999468,0.13124877099039328,0.5216379277079463,-0.6347222057676005,0.7094528396873502,0.8475422729436388,0.5469443110925782,0.006520256239666901,0.8401159358104279,1.009431888773073,0.5118468759157585,0.27882240539001907,-1.0899443568808573,0.014285041535478216,-0.08841274230630035,0.4145951522438788,0.41111087958892223,-0.28942660841731066,-0.5986491559356475,0.47161139053935697,0
0.6988111776617119,1.0059762856343069,-1.6032360836506476,0.5985369837740325,1,0,0,1,0,0,0.29945128861150755,-0.4565258978574894,0.20117363409225028,-0.4291217480307546,-0.06460006069436913,-0.01946597773925279,-0.9150459604562824,-0.9098918673590473,0.9615839802388203,-1.7263746448215314,-0.7741470171654258,-1.1791368189819798,1.0259906748856296,-0.8900504291582098,-0.5574990390816739,0.694917408399733,-1.45230661288064,-0.9238179869415296,-0.4291756706205303,-1.1825507815298193,0.3830657810323314,0.6903648441560012,-0.6161925363781432,0.8921383918547139,0.10450057924502139,1.1825507815298193,0.4291756706205296,-0.9823978079100336,-0.7848207026180125,-1.028190555213798,-0.5607922809744348,-1.05747403104038,-1.0646495331783645,0.10608304780917345,0.34501385799472056,-1.0384305451721696,0.1400424443303771,0.35171115073279,-0.6973258384659271,-0.8793552956620708,-0.5161761445564365,-0.4771381468814831,-0.37174181903963527,-0.8769950965056176,-1.136704559054746,1
1.958124033166361,1.8820803286640106,-0.4445202009343899,0.3052077222492148,1,0,0,1,0,0,-0.44506599463230834,-0.0727543261415168,1.8259076740992901,-0.6686827045720081,1.2480634338481342,0.4608189768011056,-1.3183268983460048,-0.34268837538115204,0.5129186148665617,-0.875720783637405,-0.8404347102495002,-0.4159758238842467,0.5432362975816877,-0.42543539487970394,-0.886910300466054,0.785992082364619,0.014571143930949671,0.21310042568548246,0.2246519615849838,-0.7901484909597473,1.4080756099736196,-0.4181367193937115,0.08866931259108352,1.1974907787949098,1.300657373474717,0.7901484909597473,-0.2246519615849845,-0.23037994010104354,-0.6347222057676005,0.8914050276351143,1.2093162867941527,1.1614023995690306,0.038025250046078915,0.2692014673650073,0.17890935030013266,0.6358690696027934,1.2780381250194413,-0.4070549059059717,-0.04957747333644305,0.002351157259115363,0.4822876101929924,0.2524949820049213,-0.4540570296619595,-0.8213259083916238,0.038603250264021984,0
-0.8432045637725518,1.3924927752062353,-0.4445202009343899,0.3052077222492148,1,0,0,1,0,0,1.0565875088594558,-0.5954977245849401,-0.4128990739419065,-0.14211151990403548,-0.9692823191250707,-0.34815260863977743,-1.2578504088193134,-1.5376576364311563,1.6839859671867716,-1.6485677198182183,-0.5336338903508413,0.059125005992702075,0.42404352045467253,-0.6111702342789297,-0.741638581701622,2.8664546757184843,-1.64455158254047,-0.02590471868506566,0.1590389773671773,-0.07709346503402185,1.1383975160449216,1.3675261118712208,0.5784452782538285,0.5963994347747343,0.6684592768391728,0.07709346503402185,-0.15903897736717798,-0.20252742647848845,-0.18442671521636386,2.174167952666851,3.754654884242415,2.526864818405591,0.06953024385249205,0.5954383064766764,0.5664865349208381,1.3800022317249987,1.7498899926222238,2.1727496866658176,1.8024354579492659,1.8954267767663688,2.0899834864844458,0.8552353928241243,0.2044646553166367,0.18071947766026855,2.018069034379841,0
1.7525219343084582,0.8256019238340739,1.4383931084795292,1.478524768348486,1,0,0,1,0,0,0.16064298156605036,-0.41873021276424965,-0.11865590134220637,-0.33595915382026714,-0.2147108053466018,-0.06239647646911723,-0.4974794455361723,-2.24738404820225,1.151144149733922,0.22013130660549993,1.4146779978639277,-0.07881113032036544,-1.66969174562109,0.35975196841401114,-1.1209874295306486,-0.2750217052261412,1.2940550007539322,1.2738890160203789,0.6109019818860374,-0.7133741297612541,1.0512172070216141,1.9616245372165182,-1.850022907003695,0.9857795937084672,-0.5954460006775113,0.7133741297612541,-0.6109019818860381,0.38237535959517033,-1.009968447893631,0.1817914946388332,0.007709740790658993,0.529876030857121,0.6681251261743327,-0.6279498401920818,-0.9284540343304539,0.5738579727592754,0.9449662184763004,1.793366658346437,-0.058700689746716966,-0.996051737960463,-0.6007917169928287,0.41111087958892223,1.1099319721622063,0.793080546914203,-0.45626319576493324,1
1.1614159000919912,1.830544796721088,-0.4445202009343899,-0.4281154315628296,0,1,0,1,0,0,0.8294466427850714,-0.569331481058851,0.7768667978742723,-0.5570033214501194,-0.03155625636537663,-0.0073917749714784145,-0.7403532021420814,-0.20466491391363678,1.2792199242039937,-0.9492678165663634,-0.40159180129917454,0.11748320957174112,0.44045395160834294,-0.28789747569150215,0.4431526074000429,0.8172618736924728,-1.0267101756366528,-1.1023094421513557,-0.4291756706205303,0.5858842905209262,0.7418153842552954,0.7248495711613359,-0.927467123881697,0.26433134348821424,-0.5541016131018343,-0.5858842905209262,0.4291756706205296,-0.3139374809687093,0.340918023760079,-0.17301527185930607,0.26611975068388355,-0.1699234587966153,-1.0961545269847772,0.10608304780917345,0.34501385799472056,-0.4803306735805153,0.9727222106882286,1.0346006017076752,0.8627441676909999,0.19684522775643593,0.2961333508329291,0.728342674756924,0.12214944469431245,0.45906541823023866,0.8427612250610729,0
1.0072143259485644,-1.1842838219399534,0.5693561964423357,1.478524768348486,1,0,0,1,0,0,0.21111872958258027,-0.4338484868015456,0.07324181991846762,-0.3996106157032089,-0.09581036581971723,-0.024832290080485844,0.23378455280269955,0.7278808917647362,-0.85078078729414,0.7087434166909967,0.09916959463206006,1.4037692739881202,-0.21736654203970215,0.5719723264297963,0.8658463041595206,-0.27611432628367016,0.6674001543722112,0.12467604670384579,1.1169885469471594,0.8067582219688989,0.2464248976051356,-0.13165354692105552,0.8855775680052053,-0.2956840630500892,-0.007203436565432762,-0.8067582219688989,-1.1169885469471603,0.4102278732177254,0.641115017460903,-0.3640650692044592,-0.44450777652248397,-0.1699234587966153,-0.37153966943728567,-0.05703537174666111,-0.5408768497097485,-0.728375060954584,0.3065783976019474,-0.02767187758659086,0.31535118307453414,0.7414286251489338,0.5669031826293847,-0.3819686083310823,-0.12479618717266176,0.29205785388825667,0.40975308478573785,1
2.138025869667024,-0.8493028643109486,-1.168717627632051,-0.4281154315628296,1,0,0,1,0,0,3.088236366524784,-0.7588913786034072,1.058316789056594,-0.5899863516985528,-0.4912877805344284,-0.1276866099541194,0.036601887819025854,-0.1198086165196688,-1.744140096866585,1.3175510498288976,0.41748233705163784,1.7356364125479202,0.8621193572077006,-0.8009951260931342,-1.242911660353911,0.07092735497780842,-0.8249018421168234,-0.34517579211453114,0.48604987461335547,1.8851427108031094,-0.8512407081556712,-1.0806805303046452,2.4555730930003996,-2.597885013069884,-0.8797444627506888,-1.8851427108031087,-0.4860498746133562,-0.7595776989295921,-1.1600669447440433,-0.018355912103706302,0.020630241285320403,-0.3064697006802721,0.19555021907814235,0.9216751455883455,0.7325910426154264,-0.10826409251941274,-0.7481493064513315,-0.9381911455531051,0.37921369794645543,1.6490676208030963,0.24536400737109418,-0.5405845059150832,-1.0302635040182315,-0.26463402725168356,0.16231986177126023,0
1.3670179989498932,1.7532414988067013,0.27967722576327125,1.478524768348486,1,0,0,1,0,0,0.9556360128263961,-0.5873571154879346,0.15000090842273722,-0.4140768570402411,-0.39730001271299364,-0.13171134421004418,-0.25858936237441743,0.23841155378327777,0.7290218543636854,-1.0465320260676922,-1.1258191848914862,-0.23597880391713844,1.2486448174328224,0.08081753899629379,-0.9766820844208348,0.6419131016735331,-0.03488842656867569,-0.1853455779159964,0.3041828515459622,-0.6235317921885499,0.44032673586573773,-1.3056460112700867,-0.35153653597347567,1.379202484032293,1.282666196194383,0.6235317921885499,-0.3041828515459622,0.1317027369921738,-0.8598699510432187,0.2454747604205509,0.5503707615664309,0.512807750621665,-0.5920746260821743,0.5138790966987595,0.40038202722625016,0.139780294854656,0.3620903820258042,-1.2416975682086098,-0.12256320461863823,-0.2829068128036209,0.2622871218583729,0.47455723862252236,-0.9479482933959068,-1.266679413303576,0.16231986177126023,0
2.703431641526255,0.10410447663314094,0.5693561964423357,-0.13478617003801185,1,0,0,1,0,0,1.6244396740454172,-0.6635299577527716,0.06044863850108935,-0.3996106157032089,-0.6671635208281809,-0.2014734046460739,-0.7205706286714783,0.8387447115145213,-0.15416981372101293,-0.41681936720774443,-0.28850839219819213,-0.6213862145467371,-0.35050437763193376,-0.7382181730687506,0.3055564610131058,0.42728408385949956,-0.6939974743727301,-0.4365088408660729,-0.6862106428504532,-0.16692132358374867,0.2643520994307695,-0.8451036839111555,0.6401345972347965,-0.12505994165487352,-0.05109088371912129,0.16692132358374867,0.6862106428504524,-0.7038726716844818,0.26586877533487285,-0.03655113089848297,0.188596747715916,-0.10165033785478751,-0.30852968182446,-0.38327221085833024,-0.09793149585751397,0.07776919801113909,0.5286263352973745,-0.5588081172337243,1.0452084958964885,1.2600794798084554,1.1253659607095745,0.12560226393772106,0.8629863402952329,0.848749735028197,0.9664778365683122,0
-0.9203053508442651,0.10410447663314094,1.7280720791585935,0.3052077222492148,1,0,0,1,0,0,-0.6343500496942954,0.34590557027590785,-0.2593808969333673,-0.25552685198636804,0.6980324197969563,0.46350213297172216,0.7683475891078586,0.443738941436113,0.03364505983500152,0.14714108316148017,0.1439953275786342,0.17260226707190993,0.19794155219966028,0.6010868372230557,0.4014901456422246,0.10008244381802933,0.2981538279727287,0.26789808749636806,0.569588792901455,-0.329502323768793,-0.46780714094550063,-0.20684160874026225,0.05457928021240968,0.09686612145059785,0.07434936214606945,0.329502323768793,-0.5695887929014557,0.6609004958207222,0.491016520610491,0.32735324499704527,0.33072225315718967,0.4445346296798359,0.16404522527173035,0.2692014673650073,0.012804842605544792,0.07776919801113909,-0.38732140769626244,-0.1035484832504671,0.3062279666642602,0.28760912732185256,0.31305646532020776,0.15732544345452057,-0.04248097655033679,-0.2089648391376897,0.16231986177126023,1
-0.9460056132015023,0.10410447663314094,1.4383931084795292,0.3052077222492148,1,0,0,1,0,0,-0.16744938054139394,-0.29138782760394966,-0.2593808969333673,-0.25552685198636804,-0.09038823245158278,-0.026621060860896863,0.7718551908801288,-0.5318746297678892,0.6087071513067986,0.2602578418428008,1.0540240711737443,-0.5049888667149317,-1.0800392298226598,0.6040138982711323,-0.7331161967657798,0.8818580116057197,0.7239055140508097,1.399721238463117,-0.1602775458261487,-0.529783266025729,-0.4697598616836069,-0.0044050910872606135,0.05405918795464815,0.36622076209754356,-0.003727558645717849,0.529783266025729,0.160277545826148,0.5216379277079463,-0.7097714541928067,-0.10933200607758836,0.3565632541465125,0.6493539925053206,-0.11949971898598452,-1.2804235184154193,-1.3713993881826885,0.38782468222872474,-0.4150773999081907,0.04820472807728505,0.16937972051014377,0.1709126850234604,0.31305646532020776,-0.2233527107470814,0.2044646553166367,-0.04195727479570725,0.038603250264021984,0
-0.9203053508442651,1.5213316050635446,1.7280720791585935,1.0385308760612593,1,0,0,1,0,0,-0.6343500496942954,0.34590557027590785,-0.438485436776663,-0.11896553376478392,0.4652392593441241,0.35796465692747215,-0.7935211050031936,0.10755874221557324,-0.7598029836282348,-0.12600923552802065,-0.7340436422667254,-0.7460234256497996,0.40188144180131924,0.7437369810720903,-0.0636601234497053,0.12400831331716866,0.5519449948629009,0.5518776995501599,0.7577574583546642,-1.7690215962405276,1.8465436412540894,-0.2114010633816864,1.1632925277380317,0.7175295565277809,1.493093844774728,1.7690215962405276,-0.7577574583546649,0.8001630639334981,0.04072103005925432,0.32735324499704527,0.3436427536518511,0.5640125913280355,0.2270552128845555,0.02452383803125581,-0.319404172783631,0.139780294854656,1.5000860627148682,-0.3311783002420958,-0.43275256256796935,0.19684522775643593,0.4822876101929924,-0.4771381468814831,-0.28942660841731066,-0.9883334727336057,-0.20882997275045564,1
2.2408269190959764,-0.9523739281967958,0.27967722576327125,1.478524768348486,0,1,0,1,0,0,-0.5081606796529707,0.029003287571051677,-0.1826218084290977,-0.2873525829278389,0.45752197098678815,0.24437771237137246,0.05377063757802864,0.9124079708407088,-0.049542764123117804,-0.5910714857107426,-1.1134904786593152,1.2255598552304021,1.6519563243561552,0.8542156385391905,0.40131805897219464,0.7044961127080466,0.41218190228414314,0.379262641242955,1.36621119919561,0.3165258375355961,0.7787528206378069,-0.8502769524710813,0.7756772701742075,1.2072119630595843,1.817868308218021,-0.3165258375355961,-1.366211199195611,1.050835686536495,0.641115017460903,0.7276480584821255,1.0155087793742343,1.1614023995690306,-0.15100471279239655,1.3294711944779316,0.6772228733838963,0.44983577907224165,0.6118943119331598,-0.8623145398892288,-0.2959043164138529,0.13201387092399572,0.6176725260912207,-0.09645999267988113,-1.5241547677521787,-1.6006945419875402,0.5334696962929761,0
0.46750881644657266,2.2428290522644785,1.0038746524609323,0.3052077222492148,1,0,0,0,1,0,-0.1295925695289965,-0.31813554320839627,-0.5280377066983108,0.03148337614035112,-0.5163665173370564,-0.26899950160658986,0.9464222594377296,-0.5704039284976011,-0.7149707102884422,0.6002824800171168,0.3081894848074649,-0.4831853135593401,-0.8777562406878633,2.103949049292096,-0.5040975683277792,-0.14177504691588844,1.2088366744263723,0.792420314666424,0.6190712565440033,-1.2729944734370133,0.7862179097567891,0.27790341503978666,0.8349186632078125,0.3877188501102468,0.37298278104516036,1.2729944734370133,-0.619071256544004,2.0813786905710367,-0.40957446049198204,0.23637715102316323,0.12399424524260985,0.615217432034406,0.16404522527173035,-0.30171300108041293,-0.5962450189412776,0.38782468222872474,1.0282341951120857,0.5793409677244183,0.890113816921823,1.234146937075479,1.345366449044194,-0.15990635171348128,1.3568776040291806,0.7374113588002092,0.5953280020465953,0
0.10770514344524394,0.6967630939767645,0.27967722576327125,-0.13478617003801185,1,0,0,1,0,0,-0.24316300256618875,-0.2594068632942853,0.6873145279526244,-0.5396438318456808,0.6111951726983363,0.21754615066520716,0.7123485755319382,0.7866084109763936,-0.6407038281344354,1.4962203891884978,1.190440587479983,0.6061778459282056,-1.184589533911935,-0.4149308500833707,-0.045622568949078277,-0.15036602327754042,0.5599485369846656,0.19982306886068027,0.4884925330428311,0.3422733367180179,-1.4051320511863878,-1.1253484182184585,0.724760244615147,-1.4660618335719529,-1.352542732362459,-0.3422733367180179,-0.4884925330428318,-0.3417899945912644,0.04072103005925432,0.2727675886127153,0.14983524623193267,0.3762615087380082,0.1010352376589052,-0.13859458152457876,-0.3747723420151606,0.2638024885416898,-1.2724291593433121,-0.9381911455531051,0.6123625617645799,0.9215157274612673,0.19835535601754278,-0.47008855143330586,0.9818860889719242,1.3126596359781475,0.3685142142833251,1
1.1871161624492292,1.5213316050635446,-0.4445202009343899,1.0385308760612593,1,0,0,1,0,0,-0.14221150653312897,-0.29952843670095514,-0.438485436776663,-0.11896553376478392,-0.34756481593456856,-0.1384192346365855,-2.0255256716238446,-1.4324864303070584,0.13696954198137265,-1.4717737008330114,-1.016138302591936,-0.8121917660847682,0.5868608192955189,-1.3682166870928492,-1.8918881041663396,1.2726545438869448,-1.3542402781719747,-0.18008928585344317,0.33643704580791395,-1.4414068652642016,1.4494367606171137,0.0708806100331746,1.0916531298746985,0.6454298408169391,1.145207423622775,1.4414068652642016,-0.33643704580791395,-1.2887754577581405,-1.760460932145692,-0.018355912103706302,0.6408142650290589,0.017827623793410803,-0.24551969421163483,0.2692014673650073,0.12354118106860354,-0.10826409251941274,1.2225261405955843,-0.02767187758659086,-0.2685346671830286,0.31354167005482897,0.5669031826293847,-0.5723076854318833,-0.04248097655033679,-0.6543183440496418,-0.1469716669968365,0
-1.5628119097752085,0.5679242641194551,1.0038746524609323,1.0385308760612593,1,0,0,1,0,0,-0.6848257977108253,0.8139905933537229,-0.20820817126385424,-0.2838806850069512,0.9411737387828446,0.8454046945894746,-0.5497754126341815,-0.8159038486275755,0.5721950285012861,0.211024671613378,0.7068814844406206,0.36329785515684654,-0.5600677039406644,1.153051726533654,-1.2482486376878947,0.9211625179642355,1.169226271317006,1.6888637402918307,0.03622492998512883,0.45956749966015986,1.916591793443602,-0.1306144454364644,0.1434697213713037,0.8743040387676474,0.7298661817646772,-0.45956749966015986,-0.036224929985129536,1.9421161224582606,-0.7848207026180125,2.2105583902564043,2.488445835765615,3.021844945233844,1.3612349899154128,-0.8726274695258333,-0.983822203561983,2.620224168595341,1.8054019770460803,-0.1035484832504671,0.06902433999712428,0.13201387092399572,0.4822876101929924,-0.033013633646279864,-0.9479482933959068,-0.8769950965056176,0.22417816752487937,1
1.521219573093319,-0.9523739281967958,0.27967722576327125,1.478524768348486,1,0,0,1,0,0,0.5013542806776271,-0.5018807199693771,-0.1826218084290977,-0.2873525829278389,-0.46758293208315554,-0.16390921825744253,-0.3143457855927247,-0.2424393072603973,0.1729670153329687,-0.7893813902468311,-1.6303717588908853,-0.5912914884874597,1.1115979157915388,0.20337668140198661,-0.9926932222082473,0.7402135408535764,0.18253176515385228,-0.5027501876002511,-0.7279513648365089,-0.08447776675232606,0.6403170506340666,-0.6617027203131877,0.5073915182466189,1.2473987053491074,1.6287254297805558,0.08447776675232606,0.7279513648365081,-0.03541234474315745,-1.0850176963188372,-0.7916527108817039,-0.3282232720705331,-0.23819657973844427,-1.726254403113031,-0.6279498401920818,-0.3747723420151606,-0.6043528672675491,0.6674062963570164,-0.5588081172337243,0.2514886682026129,0.4821031978191731,0.9899810448113461,0.3476645205553221,-1.1125787146405561,-1.266679413303576,0.9664778365683122,0
1.8810232460946468,0.4648532002336079,-0.4445202009343899,1.0385308760612593,1,0,0,1,0,0,-0.11697363252486404,-0.3344167614024072,-0.1442422641769629,-0.3139704669879782,-0.0229512036692359,-0.014546858093122488,-0.8973735436404706,-0.900592859973059,-0.03878923573834145,-0.22890806371993266,0.2802587046579052,0.5209453978048919,0.09174850543390105,0.8033750532595787,-1.6614232766799377,-0.2649167846134145,0.6761311855060796,1.0615203607540526,1.5021957812756164,-0.7793520964162078,2.0505426442636514,-0.42828540273268684,-0.21318963535776567,0.9796801357713437,0.6720179821070048,0.7793520964162078,-1.502195781275617,0.7723105503109431,-1.535313186870074,0.08171779126756346,-0.06981326217730856,0.20557870638343811,0.8256500952063961,0.2692014673650073,-0.3747723420151606,-0.10826409251941274,2.0274499147415077,-0.3311783002420958,0.2606118846128881,0.10608132819102022,0.49921072468027106,0.31594134103852145,0.03983423407198747,-0.32030321536567735,0.2860364732784985,0
0.10770514344524394,2.165525754350092,0.27967722576327125,0.5985369837740325,1,0,0,1,0,0,-0.24316300256618875,-0.2594068632942853,-0.38731271110714993,-0.1855102439151321,-0.16877941606457111,-0.056135778737678665,-0.5144245407162674,0.401760093154981,-0.044377855363773686,0.014094415840135165,-0.22094380230697053,-0.5473068048409514,-0.535845816929553,-0.4596237976196215,0.18642368668405968,-0.2607994211273172,0.2759726791909098,-0.0049540357329799205,-0.08286747959746427,-0.6642742475994289,0.25606916334824126,-0.3646731794093433,-0.20141225188342712,0.25460913810913166,0.2824011122665228,0.6642742475994289,0.08286747959746356,-0.4253475354589299,0.19081952690966666,0.06352257247278678,-0.08273376267196997,0.03489590402886805,0.06953024385249205,-0.22015379130249568,-0.2086678343205727,0.20179139169817292,0.3898463742377325,-0.17942508891434333,0.5799244589724931,0.37837302688726915,0.46536449570571364,0.6966194952401235,1.1922471827845313,0.9044189231421907,0.904619530814692,1
1.2899172118781799,0.10410447663314094,1.4383931084795292,-0.13478617003801185,1,0,0,1,0,0,1.43515561898343,-0.6513190441072634,-0.579210432367824,0.24269049966102146,-1.3949422111833185,-0.6884662496129738,0.2862049854492516,-1.020917752792076,0.8222640727100102,-0.44559482469396344,-0.6664219983076042,0.1308047147735541,0.8485068927125732,0.41839669591596607,0.6571897034370378,0.9785623303636722,0.005967604474013522,-0.5218821211339093,0.04764949253229553,0.13114384342216406,0.020082049472327272,2.0595998731362393,-0.14070176357996458,0.6078872352242343,0.3568649212857697,-0.13114384342216406,-0.04764949253229624,0.6887530094432773,1.0163612595869336,1.0096739498011607,1.428964795203394,1.3662217623945152,-0.8756195703398886,0.8401159358104279,0.8986955503100138,0.9459245538203791,0.27882240539001907,2.5521327149851984,1.0817013615375868,0.8321925247143505,1.0576735027604598,0.7917890337905242,-0.28942660841731066,-0.26463402725168356,1.1520527538291696,1
-0.25209852955608386,1.3667250092347738,-0.4445202009343899,0.5985369837740325,1,0,0,1,0,0,3.403709791628096,-0.7728467084839881,-0.16982862701171944,-0.2925604298091705,-1.2147142960377113,-0.3682762799194014,-0.8333495569196253,0.4028232585028736,0.4267219327591959,-0.7499147085964174,-0.4290867543297762,-0.10927652786988747,0.18555090910949024,-1.2158554332365616,0.5543781822959462,0.562919333670897,-1.4870396896674243,-1.2272375990736775,-1.7278313869570296,1.5646019821150705,-0.05607557802818001,0.0024763289989330767,-0.017663534745521944,-0.46143671042793494,-0.6403248575120973,-1.5646019821150712,1.7278313869570274,-0.9823978079100336,1.1664597564373458,1.664701826413112,1.764897808064586,0.9224464762726329,0.5106001571422693,-0.05703537174666111,1.009431888773073,1.752068812786101,0.19555442875423396,0.35171115073279,1.0725781451273115,0.8970238815467907,0.6345956405784983,0.4428340591057229,-0.4540570296619595,0.3477270420022505,0.9664778365683122,0
-1.305809286202831,1.8563125626925503,3.6109853885725127,2.9451710759725747,1,0,0,1,0,0,0.2868323516073751,-0.44896676083884146,-0.7455217907937414,1.0151877870585417,-1.5196840176190127,-1.1298454396793924,0.5105643853013689,1.4878787386424561,-1.3689011233623345,0.26042922892074505,-0.3959809608736162,-0.7549948214178647,0.15260491175844798,4.0291661266446255,1.15077455408322,0.013843385806212997,1.6779221056055669,1.6468892354097917,-0.4157307643808121,-0.6174061782631385,3.31594311325023,-0.8893395768382252,1.8852449617796116,1.3119757506382923,2.122661440082726,0.6174061782631385,0.41573076438081064,5.256565243542328,1.9920014891146134,1.983118155321699,1.6873748050966186,2.4585916974637634,1.8023049032051899,-1.1173050988595852,-1.0945585420250417,2.1861464906907218,4.136905322848065,-0.482931511569848,1.6108479133335034,2.5437403450907716,3.122293470208432,0.2207718024881207,-1.1125787146405561,-1.4336869776455579,1.8324941171189824,1
1.2385166871637046,-0.7462318004251005,1.7280720791585935,1.0385308760612593,1,0,0,1,0,0,-0.21792512855792381,-0.27045483278307847,1.1094895147261072,-0.5980874468472909,0.7425144618151502,0.25421595166363303,1.862918112223329,-0.2788429634405325,-0.469627535382321,1.873544640637934,1.1376657383937672,-0.5977825100988616,-0.9195664760605065,2.495085992423183,0.7208543241068099,-0.04801718360997275,1.8284688562371139,0.7394114056234146,-1.19191554383536,0.36682327779893126,-0.09737245857375958,1.1048567556372944,0.5937439347147103,-0.7179595201812773,-0.7571298553504181,-0.36682327779893126,1.1919155438353592,2.1927887450612573,0.5660657690356972,-0.23669853764102378,-0.22485926811324272,0.4957394703862077,-0.7495995951142377,-1.2804235184154193,-0.983822203561983,0.139780294854656,0.3620903820258042,1.9451198696741894,1.9666533533342068,2.051022033164225,1.548443822891536,0.47455723862252236,0.6160407084282594,0.9044189231421907,1.3994859768436472,0
1.8553229837374106,-0.4370186087675581,2.8867879618748513,-0.4281154315628296,1,0,0,1,0,0,-0.7226826087232228,1.0175058207788599,-0.09306953850744984,-0.36199838822692515,1.2375307746283346,1.0622931517143108,2.812022230961676,-0.7529895208095444,0.8486056895655947,2.1595481758401958,3.019075109633506,0.6486813416225938,-2.6798580205340974,3.72244755404775,-1.054708491648307,2.6045688449279085,1.6779221056055644,2.739960836892694,0.569588792901455,0.3198127523248422,-0.19075962862025617,-0.0230820651764788,1.4572680993956497,-1.253611425712254,-1.2499070375189218,-0.3198127523248422,-0.5695887929014557,4.476694862110783,-0.7097714541928067,1.4008711538888534,2.7856173471428227,3.6192347534748395,-0.49755964466293656,-1.6066603575270884,-1.9250810804979817,1.6280466190990672,-0.1375174777889068,0.04820472807728505,0.22411901897178985,0.9618552383792308,0.3299795798074865,-1.397110352868688,1.0276167615398821,1.3497724280541432,0.10046155601764112,1
-1.305809286202831,2.3459001161503257,3.6109853885725127,0.3052077222492148,1,0,0,1,0,0,0.2868323516073751,-0.44896676083884146,0.44424408102243734,-0.49393050922065895,0.07844719015050539,0.03643310914859154,3.750205254143876,-0.04292171802740572,0.06028847637967949,2.1255301579077326,2.485904408739905,0.3697067033279358,-2.2368313032369342,4.435600868347494,0.9578296912319343,0.19329500937357863,2.1066283879469894,2.1442382639430906,-0.4863880375980577,0.9866295824910817,-0.7827515714429858,1.0184441630030356,0.11182647623387111,-0.7825574671260708,-1.1383661583024625,-0.9866295824910817,0.48638803759805704,6.147845679464094,1.9920014891146134,2.492584281575438,2.242956326367051,3.2778691487656992,2.1488598350757298,-1.2804235184154193,-1.2606630497196296,2.6822352654388593,-0.859173275299045,0.5793409677244183,-0.8068044353892204,-0.6329961396987983,-0.8715615487892844,-1.1433249167342867,-0.12479618717266176,0.4033962301162448,-1.0129879475475077,1
1.2385166871637046,0.7998341578626126,1.7280720791585935,-1.161438585374874,1,0,0,1,0,0,-0.21792512855792381,-0.27045483278307847,0.9687645191349462,-0.58419985516374,0.6937308765612514,0.24348332698116693,2.3162674852325273,0.08969015429859538,0.4984535876448139,2.7265953036804507,1.3978287899805204,-1.307451865017757,-2.5884597579217066,2.555924854703435,0.19250093616574798,0.28098535954322706,1.5899245002828517,0.967336105032356,-0.9266372014901345,-0.8641809106868654,-0.6669763231424262,0.06974066047208724,-0.3990395643883203,-2.106912431698218,-0.8728304571199549,0.8641809106868654,0.9266372014901345,2.1649362314387024,0.04072103005925432,-0.38226028799923456,-0.18609776662925942,0.4445346296798359,-0.7811045889206503,-1.2804235184154193,-1.0945585420250417,0.015758101167622184,-0.19302946221276363,0.9587239960437993,2.660017800515063,1.9732244049652974,0.7530574419894479,3.2661970361009387,4.320225186432864,3.910555081297868,2.018069034379841,1
-0.4320003660567478,-0.978141694168258,-0.4445202009343899,2.2118479221605303,1,0,0,1,0,0,-0.07911682151246661,-0.3663977257120716,1.2630076917346462,-0.6142896371447669,0.6585913138321471,0.19295055243455567,-0.9461126431019556,-0.7142955064078937,0.827061788021998,-1.3006555410047678,-1.3375587370235829,0.9886489440455909,1.806127396777426,-0.17532039228805255,-0.22922681586958188,1.488931776064574,-1.1586972903896198,-1.1464696241851546,-0.270149897892672,1.6163306238481758,1.140414590931565,0.7507586072016084,0.36561167195183153,0.6081573259119543,0.6195874205496675,-1.6163306238481758,0.27014989789267135,-0.14682239923337803,-0.18442671521636386,0.10901061945972781,0.8733832739329616,0.3079883877961804,-1.442709458855317,1.0032343553662626,1.2862727349307197,0.015758101167622184,1.3613061016552261,1.0346006017076752,0.7988816528190786,0.8840576101803024,1.1084428462222957,0.3476645205553221,-1.1948939252628807,-0.6543183440496418,1.275769365336409,1
0.05630461873076867,2.732416605722254,-0.4445202009343899,-0.4281154315628296,1,0,0,1,0,0,0.3246891626197725,-0.45943325824927705,0.5593827137788417,-0.5251775905086485,0.11228604638736664,0.05253204617229071,0.7053531488943066,0.15164332847266906,0.16558008679794997,0.8470651075695328,1.8644251829592051,1.3961752845255464,-1.0044162038131967,1.1028963743059086,0.10159823302270682,0.15735592273087654,1.1274844097597874,1.726875191687691,1.57487639152627,0.3422733367180179,0.12119033843791088,-0.10635634783092376,-0.0682259986213461,-0.0263360716891098,-0.7378865341696407,-0.3422733367180179,-1.5748763915262707,0.9672781456688292,0.04072103005925432,-0.1457224436671417,-0.04397226118798574,0.4103980692089227,0.5421051509486824,-0.30171300108041293,-0.9284540343304539,0.07776919801113909,0.41760236644966076,0.27583454506891375,1.2003031748711541,0.9748215097457181,0.9053654723749538,0.09387908442092041,0.5337254978059351,0.793080546914203,0.7809029193074537,0
-0.7404035143436003,0.6709953280053031,1.0038746524609323,0.3052077222492148,1,0,0,1,0,0,1.1070632568759857,-0.6036383336819455,-0.42569225535928473,-0.12185878203219036,-1.0056882354104935,-0.37006505069981244,0.179959066796151,0.7556010458116571,1.0376041807284422,-0.1817746488210217,-0.3545299178979217,0.025992796651795533,0.03174890171386512,0.4991063451237327,0.5884867974449544,1.402035127704065,0.11574239495234627,-0.05843493425969886,0.12891477706592108,-0.09240503183227083,0.2484637161874994,-0.4475529934062968,-0.009529583411275574,0.3603340010028891,0.4038559168445947,0.09240503183227083,-0.12891477706592108,1.150308949474192,1.4237714653237672,2.2131577072270874,2.813304133917096,2.7463141357186096,-0.2905268282207957,0.36241199282548453,0.3291943810714265,1.7343513565450963,0.3898463742377325,-0.2553016945782196,0.6072941082033162,0.5080357405521495,0.6345956405784983,0.5697267771729232,-0.04248097655033679,-0.09762646290970158,0.8427612250610729,1
0.8016122270906633,-1.41619371568311,-1.168717627632051,0.3052077222492148,1,0,0,1,0,0,0.9682549498305286,-0.5896830038013647,-0.4896581624461761,0.017017134803318904,-1.0616133051884253,-0.46665867284200746,-0.7542265076669243,0.3679327584096878,-0.5241838645380622,-1.7586119870009551,-0.9950101902627604,0.23389220227595822,1.7218013080254495,-0.5330055024139544,-0.1939846174477765,0.3125537035230088,-1.9794783656197088,-0.5878145641075702,1.1515092521572472,-0.8230517886162441,0.5161975010200006,-0.69932878906693,1.0306632325633076,0.4129544754159635,0.7196754658961904,0.8230517886162441,-1.1515092521572479,-0.20252742647848845,0.3159016076183434,1.6586367534815174,1.6012381351322107,0.5355654576022743,1.9598298722372534,3.585942665000307,2.9657738682871093,1.3800022317249987,0.8894542340524437,-0.3311783002420958,1.3462746374355445,1.7657640631014886,1.8699829981498264,0.28421816152172197,0.7806711296729086,0.4033962301162448,1.5850608941045057,1
1.2128164248064663,-0.05050211919562982,-0.15484123025532542,1.0385308760612593,1,0,0,1,0,0,0.8042087687768065,-0.5710758972939236,0.25234635976176334,-0.4349082445655675,-0.2756814164240582,-0.1030910117234679,-0.05929931773486011,1.3379351688543046,-1.994027598705161,0.11135033804711181,-0.7763725265683846,-1.598009793108862,-0.23596669740559034,0.45659478217597077,0.2984073937006071,-1.124540838155762,0.2351187289945818,-0.737256244484612,-1.535794876505097,-0.656312104546159,0.5386812712737861,-1.5374200313820239,1.5958474357083985,0.08271258395550529,0.2895350806777283,0.656312104546159,1.5357948765050964,0.15955525061472892,-0.03432821836595151,-0.8462383672660339,-1.232658306696819,-1.091610591511294,-0.4660546508565234,-0.8726274695258333,-0.26403600355210183,-0.6043528672675491,0.41760236644966076,-1.4693273852002382,-0.23204180154193166,0.5987996401175653,0.600749411603942,-1.3653871733518879,0.5337254978059351,0.23638866577426285,-0.20882997275045564,0
-0.4320003660567478,-0.9266061622253344,-0.4445202009343899,-1.6014324776621007,1,0,0,1,0,0,-0.07911682151246661,-0.3663977257120716,1.0839031518913507,-0.5951941985798844,0.6005923122246085,0.17819319349616475,0.1841966818763739,-0.524177108815301,1.2694204787031924,-0.13186235575454808,-0.4445193645815275,0.1498928920968103,0.455183569050896,-0.21171690005887933,-0.4334089844102318,1.6730535489367218,-0.9998175251129388,-0.9568892746085572,-0.04921092906325296,0.2532428274968747,-0.467675001948185,0.2852699258744139,-0.054082852212796795,-0.8132644075520288,-0.3563191885493851,-0.2532428274968747,0.049210929063252244,-0.14682239923337803,-0.3345252120667762,0.2636699792153276,1.1188727833315248,0.59814915179895,-1.4742144526617298,1.0847935651441794,1.2309045656991897,0.20179139169817292,-0.3595654154843339,0.4275877563966659,0.4521994292286506,0.35244048415429274,-0.008482709938082702,0.6331731362065233,0.5337254978059351,0.7374113588002092,0.40975308478573785,1
-0.6890029896291251,1.5213316050635446,-1.168717627632051,0.3052077222492148,1,0,0,1,0,0,0.19849979257844777,-0.4257078777045401,0.4954168066919504,-0.5083967505576912,0.1576928346764115,0.06550063433027059,-0.49013814618420326,0.6411505749758658,0.21144418659785888,-1.0895475799188155,-0.308744457771095,-0.004743596789476177,0.2642059616730193,-0.6003337367108617,-0.020908616614820724,0.8974508508173016,-1.2669977543420585,-0.8448671634148709,-0.3979084468072301,0.38817105265189955,0.08170262734968523,-0.9009450784917877,0.6128002687398247,0.21557520385593085,-0.42346542886415234,-0.38817105265189955,0.39790844680722937,-0.45320004908148526,0.19081952690966666,0.6639647927004092,1.06719078135288,0.4274663494443799,-0.2140147004052217,0.5954383064766764,0.8986955503100138,0.44983577907224165,-0.1375174777889068,-1.0140677512169813,-0.7885580025686714,-0.38663698373552574,-0.2792525417345383,-1.5874494299694895,-0.20711139779498602,-0.04195727479570725,-0.6418381130257917,0
0.2619067175886707,2.732416605722254,0.27967722576327125,-0.4281154315628296,1,0,0,1,0,0,0.12278617055365294,-0.4053563549620264,0.5593827137788417,-0.5251775905086485,0.23805334455988378,0.0941209668168469,0.7122823304061812,-0.49199971789415653,-0.7468333009685666,0.7701300778246616,0.7725080504251074,0.666050070707504,-0.022993253707850984,1.0501529068297302,-1.0306341858434083,-0.8521958159836323,1.1633356770715564,0.6288148239868183,0.8164553486475558,0.0986623829151082,0.058854491625792295,-0.3571816492460735,0.16457153187535245,0.11314769302996358,-0.3903830131312389,-0.0986623829151082,-0.8164553486475564,1.0229831729139398,-0.9349191994684248,0.1272058382545045,-0.3411437725651945,0.12023730520615308,0.6681251261743327,0.2692014673650073,-0.09793149585751397,-0.046252995675895824,0.3898463742377325,0.04820472807728505,1.3553978538458196,1.2471132084419672,1.2269046476332444,0.2207718024881207,0.36909507656128593,0.45906541823023866,1.0283361423219313,0
0.05630461873076867,1.0575118175772313,-0.4445202009343899,-0.8681093238500562,1,0,0,1,0,0,0.3246891626197725,-0.45943325824927705,0.6489349837004895,-0.5396438318456808,0.1525426062263721,0.06371186354985958,1.507786979713862,0.1868452329504692,0.5108028641840494,0.6407773325077806,1.2750839439109862,1.3026442613695282,-0.5897236436088319,1.274885602574276,0.23122041523843073,0.15641832549759888,1.1426927683530872,1.595188208837891,1.8116420359993077,-0.020113106998745453,-0.822763826323449,-0.024819409843368216,-0.5410992951375575,0.2674257518878212,-0.10028076781249119,0.020113106998745453,-1.8116420359993084,1.1622457410267157,0.19081952690966666,-0.054746349693259644,0.03355074177998182,0.4957394703862077,0.4790951633358572,0.02452383803125581,-0.7069813574043363,0.07776919801113909,-0.7759052986632599,-0.02767187758659086,-0.0039613912850709025,-0.2829068128036209,-0.1607907403235886,0.1890486229713212,-0.12479618717266176,-0.15329565102369538,-0.3944048900113141,1
-1.1773079744166424,1.2378861793774645,1.0038746524609323,1.7718540298733036,1,0,0,1,0,0,0.40040278464456736,-0.4815291972268634,-0.23379453409861076,-0.2665211954025125,-0.4675829320831562,-0.16435641095254527,-1.5504182627937109,0.3496508144393252,-0.9090836109611228,-1.8199353508841192,-1.738338937936318,0.9390633919233444,2.2945270979197048,0.6509835109157055,0.4459020400216128,-0.5344882364044454,-0.6501158073624207,-1.0415406912522103,0.5335460107420674,0.7516060278018181,2.806349389582077,-0.03321184083172896,0.7056386189276483,1.8139715406425625,1.2430639905826382,-0.7516060278018188,-0.5335460107420681,0.7374949082827491,0.5660657690356972,0.41150613192288593,0.056161617645638595,-0.20406001926752979,0.2270552128845555,1.920775465367831,1.7430601310908362,-0.015247447254136822,2.471545790132362,-0.1035484832504671,-0.21379536872138252,0.1709126850234604,0.9053654723749538,-0.9847090191502859,-1.277209135885205,-1.1553410370755877,0.34789477903211874,0
0.8016122270906633,-0.5916252045963298,-1.168717627632051,0.3052077222492148,1,0,0,1,0,0,0.9682549498305286,-0.5896830038013647,0.7768667978742723,-0.5645257669453762,-0.0842465424474909,-0.017230014263739015,-0.9473743201930953,-0.6966214056336111,-0.10184338917917747,-1.0102638202153522,0.24546825901775274,0.8627611824823873,0.752442567424665,-0.6253847356907458,-0.20264059600751827,0.3566321033214039,-1.2995311155876135,5.347739381031489e-4,1.0187373090415193,0.16633209230480636,0.6924699946578502,0.7531338406492206,0.49760419515075077,0.076208435349898,-0.31859865610265453,-0.16633209230480636,-1.01873730904152,-0.48105256270404034,0.003196405846651406,0.6503183786043264,0.7506385192336795,0.13730558544161034,1.1722050270769362,2.0227244775902276,1.5354294964726014,0.7598912632898273,0.77843026520473,0.8828473903799233,0.4339529964081015,0.6376984542170299,0.6345956405784983,-0.5723076854318833,0.03983423407198747,0.1250502895462747,0.10046155601764112,1
1.8810232460946468,0.6709953280053031,-0.4445202009343899,-1.161438585374874,1,0,0,1,0,0,0.021834674520593164,-0.3867492484545853,-0.7711081536284979,1.5620117095983594,-1.507957312801638,-1.504592918175501,1.1226693610545275,-0.889697448400022,-0.9489642173174485,0.24024819415787071,-0.04332892838637063,1.1729663068823852,0.9795800279423197,0.8338069892544567,-1.91602359174614,-0.14177504691588844,0.8318930243716629,1.1755301572954653,1.4316772944420317,0.17986603418274572,-0.7279689561337419,-0.6982927035881137,1.1547956261453516,0.5003310719199304,1.2040061291974682,-0.17986603418274572,-1.4316772944420324,0.8558680911786088,-1.760460932145692,0.23637715102316323,0.12399424524260985,0.4616029099152932,0.8256500952063961,0.5954383064766764,-0.04256332662598434,0.2638024885416898,-0.5261013687559044,-0.4070549059059717,1.0269620630759395,1.5453374498711925,1.7007518532770418,0.41111087958892223,-0.9479482933959068,-0.9883334727336057,1.5232025883508855,1
0.13340540580248203,0.6709953280053031,0.27967722576327125,-1.161438585374874,1,0,0,1,0,0,-0.356733435603381,-0.18904874181302367,-0.7711081536284979,1.5620117095983594,-1.1248916520027952,-1.3525474018405643,0.3773295589709913,0.3796101583203972,-1.0402125571297234,0.01989780002732854,-0.763224378006866,-0.46268312513174925,0.4239713188589681,-0.3274074851892116,-0.11332903159878276,-0.18379318930147426,0.30775192314298405,0.0750809656024947,-0.5252107151899512,-0.11014700605881247,-0.8518276384453998,-0.6345573915973496,1.2373109826229003,0.27828089478435014,1.065531020645892,0.11014700605881318,0.52521071518995055,-0.3139374809687093,-0.10937746679115769,-1.6069330893092284e-4,-0.09565426316663046,0.03489590402886805,0.006520256239666901,-0.5463906304141645,-0.3747723420151606,0.20179139169817292,-0.6093693453916895,-0.2553016945782196,1.3645210702560935,1.9083930481328573,1.93767545609894,0.6014499566897238,-0.28942660841731066,-0.3759724034796717,1.770635811365363,0
-1.7170134839186342,1.8820803286640106,-0.15484123025532542,-0.4281154315628296,0,1,0,1,0,0,-0.5207796166571032,0.046447449921777705,0.009275912831576286,-0.3822511260987702,0.6473931334570223,0.33113309522130685,-0.4111838676467681,2.493059919102648,0.12309971503233604,-0.4762323967251599,-1.0505230535569157,-1.1684999387799615,0.38891767311355646,0.3390054989533975,1.5800003441231512,-0.012037949407649873,0.32930149096538586,-0.2091665750230514,-6.192842294857107e-4,-1.5930803518273147,0.9104914774622623,-1.8389933186691114,-0.18037841253334036,0.9698889655151026,1.1615209704645995,1.5930803518273147,6.192842294857107e-4,0.35452284597261524,1.5417059985633763,0.15449866644666885,0.12399424524260985,0.2567835470898098,-0.34003467563087314,0.5138790966987595,0.5664865349208381,0.07776919801113909,0.917210226264372,-1.6969572021918669,0.22411901897178985,0.09311505682453199,0.4822876101929924,0.7600658542737248,0.8629863402952329,0.1250502895462747,0.22417816752487937,0
0.05630461873076867,1.5213316050635446,-2.0377545396692445,1.0385308760612593,1,0,0,1,0,0,-0.1295925695289965,-0.29080635552559214,-0.438485436776663,-0.09292629935812594,-0.3594259865184085,-0.15183501548966816,-1.613752612299205,-0.8683163980127779,-0.7157510976701059,-1.21865385137644,-1.5552873836222934,-1.7370234035592669,0.8189586081863055,-1.3436505000342078,-0.22685155798221862,0.24806282162931817,-1.5216300002969565,-1.647703151388928,-1.802476807963261,-0.5814181964513455,0.9014025426129813,0.9645365957707828,1.227734940968891,0.1375004710332898,0.41328834247411755,0.5814181964513455,1.8024768079632603,-1.4001855122483615,-0.7097714541928067,-1.6650232130309723,-1.3101813096647865,-1.723136960223203,-1.6947494093066184,-0.7910682597479163,0.012804842605544792,-1.534519319920306,0.6951622885689447,0.7310941790521709,-0.3688900476960481,0.28760912732185256,0.3299795798074865,-1.0481553781838862,-0.04248097655033679,-0.32030321536567735,-0.3944048900113141,0
1.8810232460946468,-0.9008383962538722,0.27967722576327125,1.7718540298733036,1,0,0,1,0,0,0.9303981388181312,-0.5815423947043593,-0.6559695208720935,0.4394313818446596,-1.4391384806085974,-0.7868486425355797,0.8013564115356119,-0.030346796725028373,0.05353723651694657,0.488904952719,0.6221163161115428,0.20765856145973338,-0.12861231458535782,1.7355962032093013,-0.2760963434448222,0.008542610198371554,1.3067694150795357,1.3641461317297934,1.0713719007766844,-0.7793520964162078,0.6198816789222301,-0.23493532500339595,-0.06460269642352877,0.6352911332400446,0.5230415084417804,0.7793520964162078,-1.071371900776685,1.4964759044973779,-0.3345252120667762,-0.2548937564358004,-0.21193876761858224,0.3079883877961804,0.1325402314653172,-0.30171300108041293,-0.762349526635866,-0.29429738304996345,0.6951622885689447,-0.1035484832504671,0.39746013076700454,0.30057539868834077,0.549980068142106,0.37938770007212164,0.03983423407198747,-0.32030321536567735,0.34789477903211874,0
0.10770514344524394,0.1298722426046032,-0.15484123025532542,0.3052077222492148,1,0,0,1,0,0,-0.5838743016777656,0.24124059617155166,-0.3745195296897717,-0.1855102439151321,0.4112177753210872,0.32889713174579305,0.3357793065644528,1.8431685490252498,-0.06007152254634141,0.40427607516834774,0.2857333073470622,-0.1005024073759132,-0.3647404292787277,0.089558437185033,2.3434517164458497,-0.2428130437933152,0.6611930170796229,0.2168481853061179,-0.663442976312604,0.5209213695068188,-0.37742356435207375,-0.18218819252828863,-0.16188390848283996,0.10947678166591653,-0.15975724673875707,-0.5209213695068188,0.6634429763126033,0.38237535959517033,2.892592470217086,1.1734309189541483,0.8475422729436388,1.1101975588626602,0.7626401075935709,-0.46483142063624716,-0.2086678343205727,1.2559800380379649,-0.4150773999081907,-0.2553016945782196,-0.2685346671830286,-0.30883935553659736,-0.24540631275998087,-0.28679906978068154,-0.4540570296619595,-0.26463402725168356,-0.08511336124321738,0
1.8810232460946468,0.4133176682906843,-0.4445202009343899,1.478524768348486,1,0,0,1,0,0,0.021834674520593164,-0.3867492484545853,-0.68155588370685,0.4915098506579756,-1.051674357086622,-0.6772864322354049,-2.3431038053987163,-1.3422347348223704,-0.6409496432644111,-0.8986580148706486,-1.10047135187342,0.6686554216125339,1.5447754437200591,0.6674675950282157,-1.9996075548811068,-0.3368308288272562,0.7068374206049151,0.9622552107499246,1.2234273880116,-0.3014141428425148,3.9250686352991306,-0.160903655409319,0.5377171351525094,1.914916888209988,2.3701215795991937,0.30141414284251544,-1.223427388011601,0.7166055230658329,-1.835510180570898,0.30006041680488094,0.07231224326396513,0.3591932285025509,0.9516700704320475,0.6769975162545934,0.12354118106860354,0.2638024885416898,4.664269174874705,0.27583454506891375,1.3918907194869166,1.5064386357717279,2.3607533182809015,1.3945294446097283,-1.3595243465075295,-1.6006945419875402,1.8943524228726025,1
1.521219573093319,2.165525754350092,1.0038746524609323,0.5985369837740325,1,0,0,1,0,0,-0.4198281206240434,-0.09601320927581818,-0.34893316685501513,-0.19708323698475788,0.11533404629753435,0.07846922248825047,0.1793955679991271,1.0481698136894793,0.7609906071734639,-0.3031540739879148,-0.051166382892768654,-0.02382441047040458,-0.2997140654505265,0.5208414264879265,1.0593279932234247,0.9519759687682463,-0.1502416969664092,0.1841028721542008,0.4884925330428311,-0.5169746011139472,0.2709647121842932,-0.3774344351658999,-0.08365561294272439,0.2605645011980149,0.24625942562562797,0.5169746011139472,-0.4884925330428318,0.29881781872750485,0.7161642658861095,-0.5733100853443877,-0.031051760693324323,-0.08458205761933026,-0.9386295579527137,-0.13859458152457876,-0.3747723420151606,-0.790386157798101,0.41760236644966076,-0.17942508891434333,0.6255405410238652,0.4821031978191731,0.5669031826293847,0.5697267771729232,1.1099319721622063,0.9044189231421907,0.904619530814692,1
0.6731109153044746,0.3617821363477598,-1.168717627632051,0.3052077222492148,1,0,0,1,0,0,-0.7479204827314877,1.5669969348267296,-0.4001058925245282,-0.16641480535024958,1.0667004825373894,1.3337391176416828,-0.9132328855454654,-0.5410504938278057,0.5582689372020956,-0.34730772856089404,-0.1291200128167386,-0.6265304652095924,-0.14396914496109148,-0.7726340480431484,-1.1377118884114439,1.4115509820554124,0.2066021446097988,1.177975539269693,-0.2971274843375756,-0.5598254073642694,0.4978657207688551,-0.3971260117365597,0.6553002682325619,0.6740534848599973,1.3179261802009363,0.5598254073642694,0.29712748433757485,-0.5646101035717058,-0.8598699510432187,1.0824548249802661,1.7519773075699248,1.7758604880454831,0.3845801819166189,-0.7910682597479163,-0.762349526635866,1.6900577159425842,0.5841383197212315,-0.2553016945782196,0.42482977999782756,0.7154960824159574,0.9730579303240674,0.47455723862252236,-0.5363722402842841,-0.8213259083916238,0.8427612250610729,1
0.10770514344524394,-0.978141694168258,-0.15484123025532542,0.3052077222492148,1,0,0,1,0,0,-0.5838743016777656,0.24124059617155166,-0.19541498984647596,-0.2838806850069512,0.6176913815775859,0.40491988991326133,0.6879841444809018,2.5079740755097015,-1.022819923884247,1.200807971748563,0.3386175574380337,0.26105972674583805,-0.5185396213906531,0.01777145207879255,2.045514669715953,-0.33770056241813873,0.3954570053057945,-0.0799500944595009,-1.0504933074560319,1.3979208031972914,-0.9389016747691842,-1.3931214341738964,1.0588726031079037,-1.2300857030938734,-0.5182751150075157,-1.3979208031972914,1.0504933074560312,0.2152602778598393,2.367247731240644,0.8186241524560076,0.49868875958778525,0.6493539925053206,0.5106001571422693,-0.6279498401920818,-0.2086678343205727,0.8839134569768611,-0.8314172830871166,-1.2416975682086098,0.39746013076700454,0.9099901529132779,0.2961333508329291,-0.2233527107470814,-0.20711139779498602,0.5704037944582268,0.904619530814692,1
2.266527181453213,0.4133176682906843,-1.168717627632051,1.478524768348486,1,0,0,1,0,0,-0.43244705762817587,-0.09019848849224284,-0.68155588370685,0.4915098506579756,-0.5554835976506626,-0.449218157733,-2.8035201442022846,-0.544543508020247,-0.5713921156495534,-1.5199773949356687,-1.353600889646988,0.5085171978628388,1.2211294456879829,-0.15700164800044172,-1.0363311515389162,-0.012037949407649873,-0.047642159089325904,0.629819597846544,0.9704170281043213,-0.26889098598050765,3.7414888089724023,-0.29077074348957693,0.7690151856228519,2.006150250374384,2.37464370330991,0.26889098598050765,-0.970417028104322,-0.11896988561082296,-0.9349191994684248,0.15449866644666885,0.12399424524260985,0.10316902497069583,0.7626401075935709,-0.05703537174666111,-0.4855086804782194,0.139780294854656,4.442221237179277,0.12408133374116129,1.3645210702560935,1.62313507807012,2.5299844631536863,1.0138512904081252,-1.5241547677521787,-1.7677021063295222,1.770635811365363,0
0.8273124894479005,1.8820803286640106,1.4383931084795292,-0.4281154315628296,1,0,0,1,0,0,-0.10435469552073157,-0.3547682841449209,0.009275912831576286,-0.3822511260987702,0.09340867866369991,0.022570135600406147,0.33995479303669246,3.46295818513223,-1.0949949799846481,0.07451775448356464,-1.4444461628855412,-0.46772389948816684,1.2339544070944755,1.2104119760908094,2.7580322865494775,-1.7850177471308466,1.1079376165834447,-0.5039813721733968,0.741322049072657,-1.373153796310799,0.7367139695259163,-1.9900825878055024,-0.2968758692232326,0.9979432962173073,1.3858110369831056,1.373153796310799,-0.7413220490726576,0.9672781456688292,2.2921984828154374,-0.3913578973966235,-1.2068173057074962,-0.7843815472730677,0.1325402314653172,1.166352774922097,0.8433273810784847,-0.6043528672675491,0.7229182807808735,-1.848710413519619,0.14201007127932075,-0.03654765684034838,0.36382580878204385,1.0138512904081252,0.28677986593896093,-0.32030321536567735,0.16231986177126023,0
1.521219573093319,0.4133176682906843,1.0038746524609323,-0.8681093238500562,1,0,0,1,0,0,-0.4198281206240434,-0.09601320927581818,-0.5920036137852022,0.19639852738251837,-0.3088314588364044,-0.22562181018162267,0.37800363184944313,1.040122217551389,0.3462683287469523,0.15427025401240638,0.17325792240791968,0.3173508374474297,0.23623673549456828,0.49398893283330436,1.059553896181002,0.7520932199756263,-0.22899137837339756,0.0963880640652612,0.30418285154596364,0.13114384342216406,-0.03203533052231702,-0.366162552285141,0.28242074902711045,-0.43547309142769414,-0.1311396004588998,-0.13114384342216406,-0.30418285154596436,0.32667033235006016,0.7912135143113154,-0.4095531161914002,0.020630241285320403,-0.06751377738387422,-0.6865896075014126,-0.05703537174666111,-0.2086678343205727,-0.6043528672675491,0.16779843654230542,-0.1035484832504671,0.853620951280726,0.8840576101803024,0.6345956405784983,0.5380035976561225,0.2044646553166367,0.29205785388825667,1.0901944480755505,1
0.7759119647334253,2.165525754350092,-0.15484123025532542,0.5985369837740325,1,0,0,1,0,0,-0.06649788450833415,-0.36930508610385926,-0.34893316685501513,-0.19708323698475788,-0.2890892570827469,-0.13171134421004418,-0.028508418522817797,0.9906075929798048,-1.039582076419943,-0.05771100357543017,-0.7929021456894906,-0.2535960880976102,0.24526023099044908,0.051469843254710636,0.7889423229103915,-1.5575851083779,0.07234348059189678,-0.7302916575017216,0.12009793795335687,-0.4649864905896614,0.09106971085727367,-0.5692949096692665,-0.14407929631279823,0.1496983996134615,0.31782395873113983,0.4649864905896614,-0.12009793795335758,0.2152602778598393,1.0163612595869336,0.6821600114951846,-0.3023822710812103,-0.2552648599739003,1.2037100208833493,0.6769975162545934,0.6772228733838963,0.20179139169817292,0.27882240539001907,-0.3311783002420958,0.7897584364088047,0.585833368751077,0.6176725260912207,0.9186817518577256,1.0276167615398821,0.848749735028197,1.1520527538291696,0
-1.5371116474179702,0.05256894469021735,1.0038746524609323,-2.041426369949327,1,0,0,1,0,0,-0.6848257977108253,0.8139905933537229,-0.1442422641769629,-0.28677393327435763,1.0027398063979185,0.8476406580649883,1.7925097196238342,-0.3408996008110471,0.2968410888270509,2.1623744800883964,2.564714972509753,2.6123823055370377,-1.7408775466229633,1.2257024382420316,-1.0248961362606728,0.8695752159403417,1.1365512957512216,1.8108539796552867,0.328888191831712,3.236790583516025,-1.2678209653814685,-0.5588230498047048,0.46804751784399434,-1.7942436083343722,-1.5663086166479272,-3.236790583516025,-0.3288881918317127,1.9421161224582606,-0.5596729573423944,1.9922157647190868,2.255876826861713,2.765820741701989,1.4557499713346498,-1.0357458890816678,-1.2606630497196296,2.4341908780647894,-1.3587811351137562,-1.0140677512169813,-1.8924671882118775,-1.4239386930545688,-1.886948418025992,-1.7777885070702906,-1.6887851889968277,-0.4316415915936655,-1.569712699330082,0
1.2128164248064663,2.2428290522644785,0.27967722576327125,0.3052077222492148,1,0,0,0,1,0,-0.2684008765744537,-0.23498503600326887,-0.5280377066983108,0.03148337614035112,-0.37240841176043077,-0.20505094620689596,-0.20754336407641724,1.0282618521041895,-0.6576692003517922,-0.22166972707368934,-1.022460719729798,-1.9459636989323628,0.15633527874195915,0.3659950499648628,1.3457786842943305,0.10178491991961942,-0.32806981699941756,-0.9688545728203346,-1.4375436385994584,-1.2283241134096814,0.6542920414506721,-0.06315011908931312,1.0013398573484933,-0.025846914332348214,0.38335109353140284,1.2283241134096814,1.4375436385994576,0.24311279148239442,1.0914105080121401,-0.30947941282012914,-0.21193876761858224,-0.32353798091572933,-0.9701345517591269,-0.38327221085833024,0.34501385799472056,-0.23228628620644656,0.9449662184763004,0.27583454506891375,1.0543317123067637,1.4805060930387524,1.3792126780187515,0.15732544345452057,1.2745623934068555,0.6817421706862145,0.7809029193074537,0
1.8810232460946468,0.8256019238340739,0.27967722576327125,-1.8947617391869185,1,0,0,1,0,0,0.9303981388181312,-0.5815423947043593,0.23955317834438508,-0.43259364595164235,-0.3320752269859493,-0.11292925101572851,2.2837634733031145,0.04462599669106644,-1.3470653012688214,1.6032783518908333,0.9360336648687633,1.2168132375961975,0.20403182189639757,1.5550776855952748,-0.4409095209834377,-0.1572414910224593,1.103860474315761,1.0460532197402812,1.2994551316290601,0.37080434932556694,-1.6218134020695925,-0.5029440600463098,1.6834708596232162,-1.0713564679510723,-0.19562223614374982,-0.37080434932556694,-1.2994551316290608,1.3293608227620468,-0.4846237089171882,-0.2639913658331881,-0.3023822710812103,0.13730558544161034,0.1325402314653172,0.18764225758709038,-0.3747723420151606,-0.5423417704240322,-1.4420491117495413,-0.02767187758659086,1.6747104282054248,2.4789089882583317,1.734598082251598,0.1890486229713212,0.03983423407198747,0.23638866577426285,1.3994859768436472,1
-0.9717058755587404,-1.0039094601397194,1.7280720791585935,0.3052077222492148,1,0,0,1,0,0,-0.6974447347149578,0.857600999230538,1.8387008555166684,-0.6692613542254894,1.933226298778201,1.1767744816606158,0.9844825875832132,1.0690559937128123,-0.7936679138502607,0.7727325293514431,0.8251979025503522,1.7324928042763765,-0.5642184344302315,0.6924135244915532,-0.3954797859185461,0.9989703050142386,0.3831132663716697,0.7886542661687331,0.4407888507730546,1.9257445364369288,-0.6770955677855546,-1.8634958693159387,2.088839442476171,-0.6640232377681635,-0.30283029636283226,-1.9257445364369281,-0.4407888507730553,0.4102278732177254,-0.5596729573423944,-0.6824813981130464,-0.10857476366129187,0.0519641842643253,-0.9071245641463012,-0.7910682597479163,-1.0391903727935126,-0.29429738304996345,-0.8869292675109735,-1.8866487163515573,-1.5138537071854887,-0.4255357978349895,-0.6430995032110249,-2.3646673281310937,-1.2360515305740427,-0.5429799678216537,-0.76555472453303,0
0.6988111776617119,-0.6946962684821769,-1.6032360836506476,-1.161438585374874,1,0,0,1,0,0,0.19849979257844777,-0.42163757315603734,0.21396681550962854,-0.42102065288201657,0.004562891386885699,0.001104886235473924,-0.3696415544843628,-0.07581622851295637,-0.17443218143944375,-0.44298716833902474,-0.07945556975819938,-0.4097656423708784,0.03323383070639878,-1.0621763005451499,-0.2616550077276521,0.5935535022377727,-1.7539845019802571,-0.7865215334583194,-0.9333596546099943,0.36682327779893126,-0.5473184646794947,-0.15806008980954583,0.8349186632078125,-1.140773922357055,-0.6645890613282849,-0.36682327779893126,0.9333596546099936,-1.0659553487776992,-0.40957446049198204,-0.555114866549611,-0.18609776662925942,-0.8526546682148961,-0.34003467563087314,-0.13859458152457876,0.34501385799472056,-0.35630847989348147,-0.3595654154843339,0.12408133374116129,0.890113816921823,1.234146937075479,0.6176725260912207,0.062155904904119784,0.6160407084282594,0.9044189231421907,0.7190446135538346,1
1.0072143259485644,-0.6946962684821769,1.7280720791585935,-1.161438585374874,1,0,0,1,0,0,-0.785777293743885,2.1252101300499624,0.21396681550962854,-0.42102065288201657,1.9928395997359325,1.9598088907855393,1.3004411681497507,-1.1340034494273545,0.7329810463484915,2.075125713593477,2.0016163016768065,-0.14743579544275345,-2.085599975840019,1.2125155260796014,-1.4657529693738407,1.7498464145832955,1.464411216463032,1.7782742570943655,-0.5252107151899527,0.3198127523248422,-0.596763873536144,0.08809617483327453,0.756417246742518,-1.3512758685159363,-0.8660605242166491,-0.3198127523248422,0.525210715189952,0.8558680911786088,-1.4602639384448675,-0.6733837887156574,0.2531992501892221,0.8541733553308051,-1.5057194464681423,-1.85133798686084,-1.9250810804979817,0.07776919801113909,-0.38732140769626244,0.4275877563966659,1.0269620630759395,1.3119445652744073,0.5838262971166633,0.1890486229713212,1.0276167615398821,1.3497724280541432,0.904619530814692,0
0.6988111776617119,0.6709953280053031,-1.6032360836506476,0.3052077222492148,1,0,0,1,0,0,0.19849979257844777,-0.42163757315603734,-0.42569225535928473,-0.12185878203219036,-0.5908200138511871,-0.23009373713265022,-0.8828268653032431,0.2096729419870942,0.4471536993218484,-1.4862223595863517,-0.9034250838175332,-0.5798294906458702,0.6834771643463162,-0.8750434078577015,-0.3609747587986049,0.7411642167458754,-1.4980991258399838,-0.5180844600597168,-0.7471295343976714,-0.04982429368856782,0.3532591837834223,-0.6493992821323987,0.1335244735144608,0.5223010758565899,0.6686882167876657,0.04982429368856782,0.7471295343976706,-0.8988402670423681,-0.4846237089171882,-0.5187244289600577,-0.08273376267196997,-0.6649035856248688,-0.37153966943728567,-0.13859458152457876,0.2342775195316623,-0.29429738304996345,0.5563823275093027,-0.4070549059059717,0.8171280856396278,0.7673611678819103,0.9561348158367899,0.728342674756924,0.03983423407198747,0.013711913318286572,1.2139110595827887,1
1.8810232460946468,1.0575118175772313,2.8867879618748513,-0.4281154315628296,1,0,0,0,1,0,-0.7226826087232228,1.0582088662638873,-0.20820817126385424,-0.2780941884721383,1.1305482756863652,1.028753699581604,3.329023523724969,-0.4694545491202148,1.6683694870614136,2.0012067077949935,2.6163919469895256,1.0564775953552668,-1.7540734216417084,4.303897723696272,-0.9703965519564036,2.8843777814980665,1.8830698971554471,3.048331238282899,0.6912331826893902,0.7553527801229527,-0.3286843529200648,-0.3277808616562411,0.6178045225511217,-0.8362812793211669,-0.42533552675630365,-0.7553527801229527,-0.6912331826893908,4.476694862110783,-0.7848207026180125,0.5820863081239148,2.100830820925778,3.0047766649983867,-1.1276595207911904,-1.6882195673050053,-2.0358174189610403,1.069946747507413,-0.3318094232724056,-0.3311783002420958,-0.07694712256726609,0.2487103132223888,-0.11002139686175369,-0.3819686083310823,-0.37174181903963527,-0.04195727479570725,-0.20882997275045564,1
2.3693282308821653,-0.6946962684821769,0.27967722576327125,-1.161438585374874,1,0,0,1,0,0,0.43825959565696476,-0.4989733595775894,0.21396681550962854,-0.42102065288201657,-0.13262290395969908,-0.05837174221319244,0.07801172798221878,0.26849497510064435,-0.3360736251692063,0.5621480107889931,0.40814241616282354,-0.3649362457115007,-0.16839682742639633,-0.5359614709535296,0.2792781753786242,0.16451164115923378,-0.43720105847652,-0.19263297672218807,-0.663442976312604,0.16026515284228104,-0.6440035935106776,-0.0887430342311828,0.6247422380622328,-1.1929467814322738,-0.7186737389828693,-0.16026515284228104,0.6634429763126033,-0.7317251853070371,-0.18442671521636386,-1.21924035255895,-0.9613277963089331,-1.05747403104038,-0.8756195703398886,-0.46483142063624716,-0.2086678343205727,-1.2244638357027204,-0.49834537654397587,0.12408133374116129,0.6620334066649622,0.9099901529132779,0.31305646532020776,0.09387908442092041,0.7806711296729086,0.9600881112561845,0.47161139053935697,0
2.7291319038834927,0.6709953280053031,-0.4445202009343899,0.3052077222492148,1,0,0,1,0,0,0.48873534367349464,-0.5082769128313099,-0.42569225535928473,-0.12185878203219036,-0.7535731842691189,-0.29672544870296064,-0.17872616053861043,0.006529211981729347,-0.06074029760127617,-0.1294114364147592,-0.5530930329035415,0.3439541705872206,0.3297675090894896,0.11814083263023344,-0.5520289486872627,0.10154925591797688,0.33588504784110906,0.0035798221174384815,0.2246519615849838,0.24630538521990228,0.36656800485923746,-0.5619720307763083,0.18508123045762048,0.5078843654595997,0.722543030581394,-0.24630538521990228,-0.2246519615849845,0.5216379277079463,-0.10937746679115769,1.5828233418366175,1.4031237942140713,1.5027680042781708,0.6996301199807459,0.2692014673650073,0.17890935030013266,1.1939689411944467,0.6396503041450882,-0.2553016945782196,1.0543317123067637,1.0007540524786946,1.1761353041714093,0.9186817518577256,-0.28942660841731066,-0.2089648391376897,1.4613442825972665,0
0.6988111776617119,-0.6946962684821769,-1.6032360836506476,1.0385308760612593,1,0,0,1,0,0,0.19849979257844777,-0.42163757315603734,-0.041896812837936774,-0.3764646295639574,-0.17444486185710617,-0.03332895128743818,-3.020603931759138,-1.1454660001638592,-0.13924075392463678,-1.535713450189612,-1.1600914725284737,-1.3472577218710236,0.3414630110054737,-0.8293485098734374,-0.2247044176456222,0.831363078844552,-1.249690533015475,-0.14754001335608347,-1.1334326641296226,-0.7133741297612541,3.3715480376134472,1.3470840805542492,1.0257864930969456,0.8354780547742701,1.3641316241775008,0.7133741297612541,1.133432664129622,-0.8431352397972577,-0.3345252120667762,-0.4095531161914002,0.05939174276930372,-0.4430159425639276,-0.2140147004052217,-0.7910682597479163,-0.3747723420151606,-0.17027518936292965,4.05363734621228,1.9451198696741894,1.3918907194869166,1.8046628772009532,2.1238297154590033,0.664896315723324,0.28677986593896093,-0.04195727479570725,1.770635811365363,1
-1.1773079744166424,0.5679242641194551,1.0038746524609323,-1.6014324776621007,1,0,0,1,0,0,0.40040278464456736,-0.4815291972268634,1.0327304262218375,-0.588250402738109,0.2600713555205125,0.08428272752458629,1.0662626122033119,0.7022381303133532,-0.25421797059068635,-0.8976727378702783,-0.82771439235626,0.9786969782628887,1.857856819147363,0.841974016249483,0.2365346395235743,-0.325404987692085,-0.6703285982308868,-1.0060814324343463,0.49988245718027974,0.8390486150612049,-0.6413736016193274,-0.726888662803437,0.020523851456730868,0.5480115924584363,0.0938265472637306,-0.8390486150612049,-0.49988245718028046,0.8806258810653245,0.3159016076183434,0.28388688898730197,0.06513418743359758,-0.20406001926752979,-4.808534950914491e-4,1.7735157810465918,1.6123297315163923,-0.20472579872043903,-0.3595654154843339,-0.3311783002420958,1.473999667179387,1.2600794798084554,1.446905135967865,0.6331731362065233,-0.4540570296619595,-0.09762646290970158,1.4613442825972665,0
1.0586148506630406,1.5213316050635446,-0.4445202009343899,0.3052077222492148,0,1,0,1,0,0,-0.19268725454965888,-0.28208427435022915,0.44424408102243734,-0.4968237574880654,0.44498297934688336,0.1670133761185959,-0.32328073652234784,0.460680105666262,0.0034397837342601922,-0.6918822754157091,-0.16314587842127354,-0.285768205783895,0.03675454720056628,-0.36093986553673224,-0.3162642220246926,0.6923861026270507,-0.7105843245823684,-0.46922408460839665,-0.5252107151899527,0.13114384342216406,0.0888828728404129,-0.9491244573958295,0.6910789600808309,0.2300850650191726,-0.24600835938804494,-0.13114384342216406,0.525210715189952,-0.4253475354589299,-0.40957446049198204,-0.3913578973966235,0.007709740790658993,-0.27233314020935756,-0.7811045889206503,-0.22015379130249568,0.012804842605544792,-0.5423417704240322,-0.08200549336504998,-1.0140677512169813,-0.5969704579529088,-0.17917664187171697,-0.07617516788719629,-1.397110352868688,-0.04248097655033679,0.013711913318286572,-0.45626319576493324,1
1.2128164248064663,1.8820803286640106,-0.15484123025532542,2.9451710759725747,1,0,0,1,0,0,0.8420655797892039,-0.5710758972939236,-0.7455217907937414,1.055693262802232,-1.7841223503898425,-1.2550593943081638,-3.0610395077645176,0.9690086404146355,-3.0989617862020347,-1.393672706114334,-2.90762034959014,-1.7453162904036976,1.8156035352729494,0.49977612281598627,0.18020097000620006,-1.0628450226537285,-0.0985295518467087,-0.8196815786821162,-1.4375436385994584,-0.9546649792422314,4.755820362745412,-1.14947339342988,3.168327830188799,1.7850616967028206,2.979789334470219,0.9546649792422314,1.4375436385994576,0.2152602778598393,-0.10937746679115769,-0.7825551014843162,-1.1551353037288514,-1.1257471519822078,-0.34003467563087314,-0.6279498401920818,0.012804842605544792,-0.5423417704240322,4.6920251670866335,-1.0140677512169813,0.33359761589508324,1.9861906763317847,2.8007542949501416,-1.4605567119022886,-1.5241547677521787,-1.9347096706715041,0.7190446135538346,0
0.2619067175886707,-1.3131226517972627,0.27967722576327125,3.678494229784619,1,0,0,1,0,0,0.16064298156605036,-0.4053563549620264,-0.1442422641769629,-0.299504225650946,-0.23781061960321132,-0.08028418427322742,-2.1677335187612745,-1.1396939669004817,-0.7242586536609886,-0.8224735694101817,-1.0352304626040671,1.1561594778560838,1.4476399166588914,1.3134868904727997,-1.2505401105248712,-0.5821615299160227,1.21349029973569,1.1472289428122595,1.3266889502382984,0.2610696854503818,4.326706850938713,0.31150210620298613,0.40506964824140795,2.3143849395167484,2.465896075456758,-0.2610696854503818,-1.326688950238299,1.4129183636297125,-1.0850176963188372,0.46381738595786837,0.07231224326396513,0.5640125913280355,1.140700033270523,0.4323198869208419,-0.1532996650890431,0.38782468222872474,5.774508863351841,1.1104772073715516,2.2403498456424398,2.167718475462618,3.274601500593938,1.9338234963953311,-1.6064699783745033,-1.712032918215528,2.512935480408796,0
-1.074506924987691,2.371667882121788,0.27967722576327125,0.3052077222492148,1,0,0,1,0,0,0.6780193987354818,-0.5437467096111195,0.43145089960505906,-0.49393050922065895,-0.12476801700699063,-0.03645930015315746,-0.05223158351759503,2.0125233921085064,-2.035641343974023,0.5811576602613616,-0.25070257856630207,-0.49546943338746824,-0.8118345998474884,-0.7136162402534686,2.509850572236612,-2.521004810112481,0.008404855933387006,-0.7440703323464956,-1.1014209826064827,0.41661470759684033,-0.6404076506386536,-0.24793830864336272,0.24942320221519976,-0.7767723945772812,-0.40051422746042964,-0.41661470759684033,1.101420982606482,-0.8152827261747027,1.7668537438389946,-0.8735311954581982,-1.8916038319245418,-1.7914100811650315,0.7626401075935709,-1.0357458890816678,-0.7069813574043363,-1.1624527388592034,-0.8314172830871166,-0.6346847228976005,-1.3450742035954124,-1.0349505520599276,-1.2269469530221315,-0.9847090191502859,-0.12479618717266176,0.06938110143228039,-1.3841377820692236,0
-0.6890029896291251,-1.3388904177687242,-1.168717627632051,1.0385308760612593,1,0,0,1,0,0,0.22373766658671274,-0.4257078777045401,-0.3233468040202586,-0.2109708286683088,-0.46758293208315554,-0.16435641095254527,-1.2262374151803779,0.46400219356819705,0.016681759796112798,-1.7611053473212193,-1.3497210921792353,-1.9041659539026525,0.608070003210917,-0.5649858234641605,-0.2304828577528291,0.6483320361318213,-1.183577085399154,-0.6925074021378582,-0.16027754582615011,-2.438093934149926,1.1405857979561953,-0.8677502396789182,0.6287066469257252,1.2055249296594528,1.078604831167207,2.4380939341499266,0.16027754582614942,-0.4253475354589299,-0.03432821836595151,0.6184767457134681,0.8863037744276221,0.3079883877961804,0.06953024385249205,0.6769975162545934,0.8433273810784847,0.44983577907224165,1.5000860627148682,-0.5588081172337243,1.1546870928197819,1.3508433793738719,1.8530598836625478,0.28421816152172197,1.1922471827845313,0.06938110143228039,0.5953280020465953,1
0.8016122270906633,0.6709953280053031,-1.168717627632051,0.3052077222492148,1,0,0,1,0,0,0.816827705780939,-0.5675870648237784,-0.42569225535928473,-0.12185878203219036,-0.8992084300076125,-0.3423391036034416,-0.6670292139476652,0.07390807832611998,0.6264960333612202,-1.254787740492678,-0.4180932949498682,1.2583708610614013,1.391758700142099,-0.7482380267680355,-0.41226498143877927,0.9174877592121188,-1.3738287571864571,0.09005226984652279,1.5601216811746321,0.16895808102739213,0.17988973915877107,-0.5144391651500553,0.06554565047984841,0.33287220668681905,0.6314602742103592,-0.16895808102739213,-1.5601216811746328,-0.5924626171942612,-0.18442671521636386,0.7367456678795146,1.1447137843208466,0.4445346296798359,0.8886600828192224,2.3897409215908554,1.5631135810883663,0.6358690696027934,0.3898463742377325,-0.2553016945782196,0.8627441676909999,0.7673611678819103,0.8715192434003977,0.9504049313745251,-0.20711139779498602,-0.15329565102369538,1.275769365336409,0
3.4487392498861484,0.6967630939767645,3.176466932553916,-1.6014324776621007,1,0,0,1,0,0,0.2742134146032426,-0.4512926491522716,0.188380452674872,-0.41697010530764755,-0.05778590777992833,-0.024832290080485844,3.5476367480170627,1.0274851223700006,0.4626345382276581,2.451649178468584,1.8583579726163786,2.5112964860227978,-0.9557661709682477,4.257764586390759,0.9024873079975083,1.5128453651460534,2.3745698144103806,2.7293545190272552,2.5674432624693897,0.87874991804355,-0.6787670501596429,-0.5061636026101609,0.8878267816149776,-0.9574370925721849,0.2487270828017402,-0.87874991804355,-2.56744326246939,7.122683656253525,2.5923954765162622,4.0209826603366565,4.607407916890055,6.025862266674277,1.7077899217859516,0.4323198869208419,-0.5962450189412776,4.418545977057337,-0.6926373220274746,-0.5588081172337243,-0.31415074923440073,0.1709126850234604,-0.2284831982727022,-0.033013633646279864,-0.7833178721512579,-0.48731077970765985,0.038603250264021984,0
-0.6890029896291251,0.7998341578626126,1.0038746524609323,-0.4281154315628296,1,0,0,1,0,0,-0.028641073495936725,-0.38093452767100994,-0.38731271110714993,-0.1808810466872818,-0.3720129313295196,-0.15317659357497643,2.836049234163209,2.0949813753550846,-0.02773286994492983,1.081615947723137,1.0735434734310152,0.32107598447915126,-0.7460845656232693,3.56406546720905,1.5042227046315677,1.009038818653215,0.9824108530957021,1.4692813094376067,0.6286220997103051,-0.18555039652161812,-0.3824232764641216,-1.3685304002301126,1.0518984636851412,-0.4870515802118744,0.03880813297561051,0.18555039652161812,-0.6286220997103059,4.14246469864012,1.9920014891146134,1.1734309189541483,1.5969313016339897,2.014816411341881,0.4790951633358572,0.18764225758709038,-0.09793149585751397,1.6900577159425842,-0.22078545442469194,-1.1658209625447336,0.7258959215368835,1.2082143943425034,0.9053654723749538,-0.0647368131630805,0.6160407084282594,0.5704037944582268,0.6571863078002155,1
-0.04649643069818187,2.165525754350092,1.0038746524609323,0.5985369837740325,1,0,0,1,0,0,0.2363566035908452,-0.4280337660179702,-0.19541498984647596,-0.28098743673954474,-0.3347823335733923,-0.11203486562552299,0.10735182374984009,-1.0332385537778694,1.144212629887918,-0.050252680796695495,0.28728272763473234,1.2096410111361495,0.2956329555197891,0.6943800313003249,-1.5423534476317386,1.6444075979768344,0.2949283177010009,0.627802804161762,1.1169885469471594,0.5419904249708541,0.5445410214876526,-0.12694348430017854,0.08829405349574006,0.3603340010028891,0.23944563048912215,-0.5419904249708541,-1.1169885469471603,0.577342954953057,-1.4602639384448675,-0.19121049065408274,0.6666552660183818,0.76883195415352,-1.2536794960168407,0.5138790966987595,0.012804842605544792,-0.17027518936292965,0.6674062963570164,0.04820472807728505,0.5434315933313949,0.5080357405521495,0.6345956405784983,0.2524949820049213,-0.04248097655033679,0.23638866577426285,1.1520527538291696,0
-1.1773079744166424,0.0783367106616796,1.0038746524609323,0.3052077222492148,1,0,0,1,0,0,0.40040278464456736,-0.4815291972268634,1.2118349660651333,-0.6131323378378044,0.31956911858283116,0.10351201341400473,1.614683314413689,0.775142422718286,-1.0622280219494356,1.0649308696298285,0.5067110167002439,0.6369805082612626,0.10750738050613447,0.7281249072174265,0.43452745289007816,-0.4056050013586888,-0.9476787128730817,-1.4039678932873387,0.3605494046251014,0.5111769313547013,-1.517722626384667,-0.6286072380724074,1.0445073808859902,-2.378354890675768,-2.0294505259888687,-0.5111769313547013,-0.3605494046251021,0.6887530094432773,0.41596727218528484,0.04532735367801011,-0.173177266134598,-0.5283573437412127,-0.2770246880180474,1.9003856629233515,1.839954427246013,-0.5423417704240322,-1.4142931195376127,-0.5588081172337243,0.12376363845877164,0.6506647255835172,-0.4315605721200442,-0.9529858396334858,1.1922471827845313,1.6837875567381073,-0.5799798072721716,1
-0.7404035143436003,1.0575118175772313,1.0038746524609323,-0.4281154315628296,1,0,0,0,1,0,0.5139732176817596,-0.509439856988025,-0.20820817126385424,-0.2780941884721383,-0.4990854576709423,-0.17687780641542242,0.6829964250676994,0.722812316192949,0.5246214326931594,0.7429778524994641,0.40949515758753174,1.0987250645671214,-0.286377145121471,0.6960978463815233,0.41211125834397305,1.55995271063435,0.21423371393552063,0.1389877483790585,0.4884925330428325,1.0140489972048288,-0.254190388799391,-0.5792385761990173,0.8504269595080385,-0.7912846622853879,-0.3966692757622772,-1.0140489972048288,-0.4884925330428332,1.3989921068184348,1.2227466927562505,2.2424000231472623,2.947123603326088,2.932236473997695,-0.32428217872766657,0.697387318699073,0.4972763233814264,1.7675715869969806,-0.38732140769626244,-0.7105613285614767,-0.6517097564145549,-0.1532440991387405,-0.44848368660732285,-0.9529858396334858,-0.6186874509066087,-0.2089648391376897,-0.5799798072721716,0
1.0586148506630406,1.8820803286640106,-0.8790386569529866,2.9451710759725747,1,0,0,1,0,0,0.7032572727437467,-0.5449096537678346,-0.7455217907937414,1.055693262802232,-1.7272945449827413,-1.2349357230285398,-4.266617223097936,0.9408664489968871,-2.7424447172499304,-1.5416605562160104,-2.9503437639742502,-1.0993087818759242,1.9466978353942863,-0.7269188927761124,0.022748973583053417,-0.5225673855841737,0.06959377999276185,-0.449644285702667,-0.01835909107355938,-1.4811177417461807,5.206506317058904,-1.2685793060884147,3.2238839746169776,2.1516919527440495,3.3966012602693763,1.4811177417461807,0.01835909107355796,-0.6760201580619267,0.04072103005925432,0.07262018187017576,-0.21193876761858224,-0.1699234587966153,0.038025250046078915,0.10608304780917345,0.12354118106860354,-0.4803306735805153,4.941829096993988,-1.1658209625447336,0.12376363845877164,1.791696605834465,2.783831180462863,-1.5557262504526888,-1.5241547677521787,-2.046048046899492,0.6571863078002155,0
0.4161082917320974,-1.5450325455404195,-0.8790386569529866,1.0385308760612593,1,0,0,1,0,0,-0.5333985536612357,0.09005785579859277,-0.7071422465416066,0.8126604083400908,-0.46758293208315554,-0.5587803680331749,-0.949863233265113,0.6860610152038482,-0.5409807987383705,-1.0856617282804089,-1.5041719820865835,-0.3754394899473445,1.21709043881256,-0.12703796443693827,-0.45712150275462043,0.19613540080726968,-0.3848789022840136,-0.2552129207250598,-0.3593320018427697,-0.15567358143258175,1.1938731108672622,-1.3995745605353256,0.9366360374247509,1.0850196226660653,1.7063315010631235,0.15567358143258175,0.359332001842769,0.02029268250195297,-0.25947596364157,0.6275743551108558,0.6408142650290589,0.4445346296798359,0.29006520049738066,0.18764225758709038,0.40038202722625016,0.8839134569768611,1.8609139614699375,-1.0140677512169813,1.9210372712828345,2.232549832295058,2.682292493539192,1.2993599060593275,-0.7833178721512579,-0.9326642846196119,2.451077174655176,0
-1.5114113850607322,1.1863506474345409,0.27967722576327125,-0.4281154315628296,0,1,0,1,0,0,0.11016723354952047,-0.3989601621000935,-0.2210013526812325,-0.26362794713510607,-0.27820839517963436,-0.1030910117234679,1.456378283815255,1.3922852971225306,-0.42997312154343675,1.566599966639656,1.0545687923014269,0.1142133510025592,-1.1797165285385995,0.7096836716234127,-0.10755712846590201,0.1048188604874354,0.7974133792227261,1.263732787245722,0.6912331826893887,-0.529783266025729,-1.316021893084913,-2.018703634502465,0.69312050743222,-1.3256740295326706,-0.13720197739937717,0.529783266025729,-0.6912331826893894,1.6543068150251905,0.8162299304530506,2.9474647514448487,2.570275672231802,2.8966775568404923,2.799963040408259,0.051710241290561454,-0.26403600355210183,3.033631480885456,-1.2755131584779709,-1.9245870191834955,-0.49661507743988936,-0.08841274230630035,-0.6007917169928287,-0.09645999267988113,0.2044646553166367,-0.04195727479570725,-0.6418381130257917,0
1.1871161624492292,-1.3388904177687242,-0.4445202009343899,0.3052077222492148,1,0,0,1,0,0,-0.20530619155379135,-0.2675474723912908,0.6105554394483548,-0.5257562401621299,0.5369850734936037,0.2005528282513025,-1.2511527276169196,-3.3064782046620542,0.8067653219440072,-1.3068415337705275,0.5544171528604513,1.0103400516251138,-0.32503379304149504,-1.311450803771832,-2.091182634598085,0.6379206979917529,-1.0199237985557537,0.23735315807440055,0.4977080171176754,0.8843625762614299,0.42937213341030966,2.443344246167531,-0.46182644125160227,0.7541196220433722,-0.489040290017628,-0.8843625762614299,-0.49770801711767615,-1.2887754577581405,-1.9856086774213102,-0.6369933511261053,-0.23777976860790415,-0.6136987449184976,-0.05648973137315825,0.02452383803125581,-0.2086678343205727,-0.6043528672675491,0.19555442875423396,1.8692432640103136,-0.642586540004281,-0.7626588533636787,-0.44848368660732285,-1.016432198667086,-0.20711139779498602,0.23638866577426285,-0.5181215015185524,1
-0.38059984134227254,1.7017059668637786,-0.4445202009343899,1.0385308760612593,1,0,0,1,0,0,0.8042087687768065,-0.5675870648237784,0.9431781563001896,-0.5732055117475955,0.04216887533690979,0.006471198576706979,-1.2592487249792672,0.21319099329645425,0.5171239836150414,-2.23763840377132,-2.638023266590049,-1.004841748939692,3.0163384837156544,-0.6853117814155608,-0.5457689961022785,1.0512425683262148,-3.2226341908145084,-3.5973799654579763,-0.5252107151899512,-0.8495867060811616,1.066260548388408,-0.8393507282120874,0.3494715903632802,-0.17260377578199168,-0.0825819167711422,0.8495867060811616,0.52521071518995055,-0.7595776989295921,-0.6847550380510711,-0.6764163251814533,-0.07842692917374888,-1.341945368297997,-2.135819322596396,1.9547584694419635,2.5966527400769133,-1.5138489543058005,0.7229182807808735,-0.9381911455531051,-0.6790794056453779,-0.41256952646850126,-0.44848368660732285,-0.7309235830158842,-0.04248097655033679,-0.4316415915936655,-1.136704559054746,0
0.8273124894479005,0.4133176682906843,1.4383931084795292,-0.8681093238500562,1,0,0,1,0,0,-0.09173575851659908,-0.3547682841449209,-0.5536240695330674,0.09224158975588642,-0.6034094926757964,-0.34412787438385267,0.8378885396760202,2.361351722135834,-1.5389585445140588,0.7756134224720036,-0.3386416849863109,1.3854487167123688,1.3081235345504252,1.1126661468762098,2.634533201412563,-1.4509097190444475,0.439437289952562,-0.8792338516688835,0.5910554499228551,1.303385209184222,-0.053341507074668185,-0.6018118180504217,0.6457835433273591,-0.6120652008804467,-0.41814995138575106,-1.303385209184222,-0.5910554499228557,0.8558680911786088,2.142099985965025,-0.45504116317834126,-1.0905328012555453,-0.8867912286858101,-0.15100471279239655,1.0847935651441794,0.8433273810784847,-0.8523972546416179,-0.05424950115312168,-0.5588081172337243,0.023408257945752128,0.35244048415429274,0.0761328624983096,-0.5088613263982832,-0.7010026615289333,-0.15329565102369538,0.34789477903211874,0
-1.3315095485600683,-0.9523739281967958,0.27967722576327125,1.478524768348486,1,0,0,1,0,0,0.6149247137148194,-0.5309543238872538,-0.24658771551598904,-0.2520549540654803,-0.5864572127441994,-0.2135476074138483,-0.29754372674705004,2.0590708278683776,-0.5750495131936015,-0.5054301420732475,-1.7786498990270547,-0.13821443055613877,1.991784058682639,0.35452858023607564,1.8196154089322463,-0.484501857885865,0.5693877952446201,-0.6597598559953376,-0.8569681418843186,0.6614225707698917,0.7679825751482177,-1.0032885592887557,0.29923430681413715,1.2473987053491074,1.6682048922870483,-0.6614225707698917,0.8569681418843179,0.04814519612450831,1.1664597564373458,-0.9372144612399159,-1.0130097982875779,-0.767313267037611,-1.1906695084040155,-0.05703537174666111,0.40038202722625016,-0.728375060954584,0.8339422496285867,-0.8623145398892288,0.37921369794645543,0.4821031978191731,0.9899810448113461,0.6966194952401235,-1.5241547677521787,-1.4893561657595522,1.1520527538291696,1
-1.7170134839186342,1.1863506474345409,-0.15484123025532542,-0.4281154315628296,0,1,0,1,0,0,-0.5207796166571032,0.07261369344786675,-0.2210013526812325,-0.26362794713510607,0.44498297934688336,0.2595822640048661,1.1361241677284517,2.442694767638636,-0.4618557120103625,1.0463977442194985,-0.43743334080131213,-0.03362664338000589,0.771587232888192,0.4528630613799197,1.1907500039426953,0.3212871860005447,0.5182331053197056,-0.08103738209679039,0.19997699316119485,-0.2441974779926877,-1.127312876546994,-2.1598080134839455,0.9542348676885566,-0.8997447683143763,0.4895675357907201,0.2441974779926877,-0.19997699316119558,0.4102278732177254,1.0914105080121401,-0.018355912103706302,0.14983524623193267,0.3591932285025509,-0.7811045889206503,0.5138790966987595,0.4557501964577793,-0.17027518936292965,-1.1644891896302574,-2.0763402305112475,-0.989268763594709,-0.41256952646850126,-0.7192535184037778,-0.4136917878478824,-0.7010026615289333,-0.8769950965056176,-0.9511296417938885,0
2.2408269190959764,1.3667250092347738,0.27967722576327125,0.3052077222492148,0,1,0,1,0,0,-0.5081606796529707,0.029003287571051677,0.9687645191349462,-0.5749414607080393,1.1108967519626614,0.46663248183744144,0.44239485295695713,0.44809532121566076,0.3397966217464419,0.035169160928802005,0.5784516846776755,0.6209207558738612,-0.3087392038251689,0.4944279515327165,-0.3432654566927106,1.0083679441288622,-0.009307727346960056,0.38778706269354685,1.116988546947158,-0.2609537869844238,-0.12113422861677925,-0.958900689937567,0.5487991720340991,-0.0567406505982596,-0.37341693021753297,0.26095378698442306,-1.1169885469471588,0.7723105503109431,-0.03432821836595151,1.0187715591985484,1.4548057961927168,1.3832900426299712,0.1010352376589052,1.0847935651441794,0.5664865349208381,0.8219023601333442,0.0012624832707351544,-0.7864379342253526,0.534308376921121,0.754394896515422,0.6853649840403343,-0.5088613263982832,0.8629863402952329,0.793080546914203,0.40975308478573785,0
0.10770514344524394,-1.158516055968491,-0.15484123025532542,1.478524768348486,1,0,0,1,0,0,0.13540510755778543,-0.4041934108053113,0.13720772700535894,-0.3996106157032089,-0.002805959711299659,-0.002025462630245358,0.08119108761228089,-0.5220406105080432,-0.03687123659916989,0.22521264828626766,0.05032164278295439,0.5856573091119583,0.025351117734122113,0.20590571203953736,-0.892555884966019,0.943819668216086,0.1740103288276061,0.27402394319143014,-0.05671543019588151,0.8550163918650944,0.09284037762181684,-0.1776257706946139,0.9988519605601583,-0.13170209495204432,0.2021104459247123,-0.8550163918650944,0.056715430195880795,0.438080386840281,-0.6347222057676005,0.9186978558272787,1.3256007912461045,1.349153482159058,-0.18250970659880966,0.18764225758709038,0.2342775195316623,0.9459245538203791,0.19555442875423396,-0.02767187758659086,0.4613226456389258,0.9359226956462544,0.8207498999385615,-0.3185222492974822,-0.37174181903963527,0.013711913318286572,0.5334696962929761,0
0.05630461873076867,1.7017059668637786,-0.8790386569529866,1.0385308760612593,1,0,0,1,0,0,1.2837283749338404,-0.6245713285028168,0.9431781563001896,-0.5732055117475955,-0.1266328260655776,-0.03735368554336297,-1.3805607443912211,0.22529171295149875,-0.20231197428103803,-0.6134679332911201,-1.1390996620234373,-1.9101688288869259,1.0582906292842578,-0.7658043735583091,-0.39498224249563296,-0.07942840946321962,-0.8457828017628185,-1.1047581751124746,-1.1334326641296226,-1.4811177417461807,1.1545206147889604,-0.7049044860656454,0.1967493548695093,-0.009908147977906958,0.4023040148694537,1.4811177417461807,1.133432664129622,-1.038102835155144,-0.9349191994684248,-2.041057734789685,-1.7580919934797083,-1.9108880428132304,-1.7157527385108935,-0.49201782389555315,0.012804842605544792,-1.9272562665959154,0.6118943119331598,-0.9381911455531051,-1.1534866589796486,-0.892321567028559,-0.8377153198147269,-0.635754044465484,-0.20711139779498602,-0.8213259083916238,-1.4459960878228426,0
0.8273124894479005,1.7532414988067013,1.4383931084795292,-0.4281154315628296,1,0,0,1,0,0,-0.09173575851659908,-0.3547682841449209,0.8792122492132983,-0.570312263480189,0.538438759378703,0.1679077615088014,1.5005555357187281,3.327091710935528,-2.276549789918646,1.5804878185472249,-0.129889469835202,0.05329706132945046,0.3181434937707838,1.0131291637231212,2.9435810141612118,-1.566930591926305,0.382894374880244,-0.8720264721744586,0.5873904109192033,-0.5098758229700693,-1.074252276933383,-1.6177229459990168,1.5375056970124796,-1.7554655705018776,-0.6825014516496355,0.5098758229700693,-0.587390410919204,0.744458036688388,2.367247731240644,-0.5187244289600577,-1.1938968052128347,-1.0062691903340089,-0.05648973137315825,0.9216751455883455,0.6772228733838963,-0.9764194483286528,-0.9701972441467586,-1.4693273852002382,0.34272083230535716,1.1174504947770867,0.22844089288381547,-0.3819686083310823,0.9453015509175579,0.7374113588002092,-0.2706882785040748,1
1.958124033166361,-0.8493028643109486,-0.4445202009343899,-0.4281154315628296,1,0,0,1,0,0,-0.43244705762817587,-0.0727543261415168,0.9175917934654332,-0.5714695627871517,0.9555367192800969,0.3856906040238429,0.3995288474678495,0.3492054574207118,-0.998354518442818,1.3217682401805795,0.3421303572114088,0.9098063000047517,0.5016128970497359,-0.43290969227902415,-0.9374287070228321,0.7755150782080258,-0.19466693566177407,0.07758630556219671,0.6399373556703797,0.6061852033378367,-0.9881128517204336,-1.4183909492830706,2.1441019349957178,-1.9786520202211941,-0.3690382941067576,-0.6061852033378367,-0.6399373556703803,-0.11896988561082296,-0.5596729573423944,1.5009448572601232,1.7519773075699248,1.5710411252199985,0.4790951633358572,1.0032343553662626,0.7325910426154264,1.0079356506638961,-1.0257092285706153,-1.4440351833122795,-0.7763937140216395,0.330830031876813,-0.5161761445564365,-1.0693041645284194,-1.0302635040182315,-0.914107888581614,-1.0748462533011267,1
1.1871161624492292,0.0010334127472937634,-0.4445202009343899,-0.8681093238500562,1,0,0,1,0,0,-0.20530619155379135,-0.2675474723912908,-0.08027635709007157,-0.3648916364943316,0.11959900168356351,0.0762332590127367,-1.4701122783132887,-1.9902508721440793,0.7732702429766665,-1.0259135625052582,0.20963571204523665,0.018304311845230535,-0.3388434766705126,-1.080092088624116,-2.224148499052343,1.0693308787225233,-0.8029803585446028,0.6531032997882273,-0.10705812529392912,0.13114384342216406,0.9650116208790693,0.5035786410794412,0.017488080383740487,0.5897214583245433,0.3650915632303162,-0.13114384342216406,0.10705812529392841,-1.17736540326792,-2.1357071742717224,-1.3920949311093263,-0.7287587874050313,-0.972132629863095,-0.7495995951142377,-1.1173050988595852,-1.2052948804881005,-1.2864749325462383,1.2780381250194413,0.8828473903799233,1.0634549287170376,0.9099901529132779,1.1253659607095745,0.6331731362065233,0.2044646553166367,0.29205785388825667,1.1520527538291696,1
-0.07219669305541997,2.2428290522644785,1.4383931084795292,0.3052077222492148,1,0,0,0,1,0,1.1953958159049132,-0.6158492473274538,-0.5280377066983108,0.03148337614035112,-1.2115418698617062,-0.4979621614992003,0.5836633668422544,0.6280663871292645,-0.5838529061624645,0.7705127780827105,0.7459593282772834,0.2991535163637599,-0.7010467050498066,1.4154847780307516,0.3870244216940159,0.2592414887470836,0.9439539838290664,1.252395039670764,1.34624143539365,-0.9271761482887021,0.6027375925240822,-0.47432825738997675,1.0586591769491807,-0.10490444199449389,0.2529363364848402,0.9271761482887021,-1.3462414353936507,1.1900982546492709,0.24442613292767115,-0.2951831694813762,-0.12149526415595328,0.25922187283773196,0.02452310984333123,-0.22015379130249568,-0.7781690035591601,-0.21456882996544172,0.77843026520473,-0.2553016945782196,0.7076494887163344,1.1952481229760152,1.0745966172477384,-0.1916295312302808,0.9453015509175579,0.514734606344233,0.5334696962929761,0
-1.2030082367738797,-0.6946962684821769,1.7280720791585935,1.0385308760612593,1,0,0,1,0,0,-0.7983962307480176,2.9479931209258736,0.06044863850108935,-0.3764646295639574,2.080740265303444,2.558152716833025,-1.1724219028727065,-0.1473694622700912,0.3089886104247282,-0.19088816386298682,-0.4875152887568056,-0.43436473023613786,0.6476939325726041,1.5986701170597857,1.7182471888002855,1.353455348647931,0.8213230253294357,0.7509488346330919,0.25295560183580257,-0.8432999717894734,3.2276535402687796,1.9235715259183714,0.9376943170246124,1.0722874468936066,1.3669491286038304,0.8432999717894734,-0.2529556018358033,1.3850658500071569,1.4666567501381707,-0.2276009282436361,0.48576825909312477,0.8200367948598906,-1.3166894836296663,0.02452383803125581,-0.09793149585751397,-0.046252995675895824,3.8593454007287815,2.5521327149851984,1.3371514210252706,1.7009327062690485,2.140752829946282,0.506280418139323,0.12214944469431245,-0.26463402725168356,1.770635811365363,0
1.8810232460946468,-0.6946962684821769,2.8867879618748513,1.0385308760612593,1,0,0,1,0,0,-0.7226826087232228,1.0843751097899763,0.06044863850108935,-0.3764646295639574,1.357548890776926,1.1249001290286964,1.2851685182447348,-1.801197704560878,1.3397142090181577,0.6823841707332772,1.2020033769813405,0.7002274438573824,-0.6432284235017611,5.0290658867687545,-0.9163408428914522,2.9184796726664906,2.0862222528189838,3.0802683041806524,1.7556215933338128,-0.7861774033115495,3.237925269293713,1.5542302359254099,1.10135640950366,1.1468052832485471,1.4446192141029215,0.7861774033115495,-1.7556215933338135,4.671662457468669,-0.8598699510432187,-0.027453521501095285,1.4806467971820387,2.4415234172283062,-1.6317394216937933,-1.2804235184154193,-1.8697129112664523,0.2638024885416898,3.52627349418564,1.8692432640103136,0.8080048692293539,1.3119445652744073,1.7853674257134342,-0.0012904541294803558,-0.28942660841731066,-0.6543183440496418,1.2139110595827887,0
-1.2030082367738797,-0.7719995663965628,1.7280720791585935,0.3052077222492148,1,0,0,0,1,0,-0.7983962307480176,2.9479931209258736,-0.041896812837936774,-0.3492680958503368,2.0032063833954625,2.5371346601631957,1.077570081877548,1.6880215307417024,-0.4453377384031641,0.5893529135981336,0.1926930853126101,-1.226342081429648,-0.8522453482763337,1.7494847520293393,1.3113368431645995,1.3951278666305027,1.159486601378726,1.2226998376191625,0.416552302523086,-2.0857158361843093,0.249677120862717,-1.0031940635976495,2.010760567644785,0.3535493015609845,0.9432179639857093,2.08571583618431,-0.4165523025230867,1.4407708772522676,1.0163612595869336,-0.4004555067940112,0.3436427536518511,0.8200367948598906,-1.2851844898232538,-0.22015379130249568,-0.4301405112466897,0.015758101167622184,0.22331042096616224,-0.9381911455531051,0.0051618251252043045,1.0396528665781584,1.142289075196852,-1.206771275767887,1.6038232358961542,0.5704037944582268,-0.20882997275045564,1
-0.6890029896291251,1.907848094635473,1.0038746524609323,-0.4281154315628296,1,0,0,1,0,0,0.07231042253712305,-0.38093452767100994,-0.3233468040202586,-0.20865623005438366,-0.36610906074714133,-0.13171134421004418,2.2463934759799407,2.0266693985294326,1.26633952096148,0.1421711832649312,0.1714276061991563,-0.28348051286129267,-0.4069456123949297,3.624022497672342,0.8042379683201025,1.3636204869749164,1.1545522533055006,1.5258909803051481,0.8432886699243073,-1.2229970446133172,0.4974157674891662,-1.97599941068454,-0.36082146542806093,0.9527701543978956,1.2668712677958116,1.2229970446133172,-0.843288669924308,3.836087048792013,1.0163612595869336,0.6457695739056325,1.3126802907514432,1.8099970485163963,-0.34003467563087314,-0.38327221085833024,-0.762349526635866,1.069946747507413,0.44535835866158957,-1.848710413519619,-0.02220782410562002,-0.2051091846046925,0.17767154942198057,0.8552353928241243,-0.12479618717266176,-0.6543183440496418,-0.1469716669968365,1
0.8273124894479005,1.8820803286640106,-0.4445202009343899,2.9451710759725747,1,0,0,1,0,0,-0.2810198135785862,-0.23091473145476613,-0.7455217907937414,1.08173249720889,-1.0559628227909588,-1.0135753389526763,-4.003485502190244,-0.4348246218208088,-1.3434435943040104,-1.9138873447090652,-2.262932839345685,-1.4183616910870196,1.504843501012547,-0.3448184156973968,-1.5181201289332467,1.2562758633527487,-0.28325675235680053,0.4040392306928061,-0.05671543019588151,-1.8782265065659707,5.222405548344923,-0.9240089792236986,3.0989684869275185,2.3046657821102006,3.336389189384924,1.8782265065659707,0.056715430195880795,-0.06326485836571254,-1.2351161931692491,1.2916998411201945,1.8553413115272142,1.6222459659263704,0.29006520049738066,0.18764225758709038,0.2342775195316623,1.3800022317249987,4.858561120358203,-0.8623145398892288,0.014285041535478216,1.6101688067036326,2.665369379051913,-1.6826189685198898,-1.6887851889968277,-2.2687247993554687,0.47161139053935697,0
0.6731109153044746,1.907848094635473,0.27967722576327125,-0.4281154315628296,1,0,0,1,0,0,-0.38197130961164594,-0.15125305671978392,-0.3233468040202586,-0.20865623005438366,0.09017389496787814,0.04492977035554388,-0.23458584621607367,0.7956074901014311,0.3946996097116532,-0.9156851706916681,-0.7589219451513918,-0.1827740307090065,0.5593499613505549,0.34583413301659216,-0.5801272070986648,0.114873495529673,0.10943826613539537,0.49395540673172783,0.30418285154596364,-0.550966827225982,0.6717507204869945,-1.673154949565041,-0.42413080434138034,1.3455487018700818,1.468887011686011,0.550966827225982,-0.30418285154596436,0.38237535959517033,-0.4846237089171882,0.22727954162577424,0.2531992501892221,0.2909201075607231,0.4475901695294441,-0.05703537174666111,-0.2086678343205727,0.3258135853852078,0.6674062963570164,-1.5452039908641146,0.16025650409986858,-0.08841274230630035,0.4484413812184362,0.9821281108913258,-0.7010026615289333,-0.9883334727336057,0.2860364732784985,0
0.8016122270906633,0.8256019238340739,-0.15484123025532542,-0.4281154315628296,1,0,0,1,0,0,0.26159447759911014,-0.4448964562903387,-0.2977604411855021,-0.2271730189657849,-0.4600596826829957,-0.16659237442805905,0.010961179128439183,1.885176351431088,-2.175656748939271,-0.419586030504471,-1.2876296796173872,-0.49194213102389517,0.8820686499164411,-0.2675244099458446,1.3563944405744603,-1.908114638633661,-0.5613026726956231,-1.0228015305088438,-0.12752713319093578,-0.5444705351245722,-0.2825490246766962,-1.228657530335026,1.05672446677993,0.010255535855584344,0.6754150240314316,0.5444705351245722,0.1275271331909351,-0.23037994010104354,1.3165582532877582,0.1272058382545045,-0.8967252938356269,-1.040405750804923,1.2037100208833493,0.35076067714292497,0.4557501964577793,-0.29429738304996345,0.16779843654230542,-0.7864379342253526,2.0761319502574986,2.452976445525355,2.3099839748190667,1.0772976494417266,0.5337254978059351,0.29205785388825667,1.9562107286262216,0
0.004904094016293398,-0.7719995663965628,-2.327433510348309,0.3052077222492148,1,0,0,0,1,0,-0.5207796166571032,0.046447449921777705,-0.041896812837936774,-0.3492680958503368,0.6074853297360813,0.3056431116004498,-0.45754975621287486,0.026610726476600313,-1.0071121348255205,-0.08280172061244556,-0.3035462015775582,-2.529371046604419,-1.2405615698148036,-0.411208317855465,-0.8221089132175841,0.6992155245620757,0.0762834479795447,0.46357308520127655,-1.321428539256431,-2.1391836948761176,0.22535956792865883,-0.860094719196555,2.07940019685948,0.1875011438300164,0.8472138190381764,2.139183694876117,1.3214285392564302,-0.3417899945912644,-0.7097714541928067,0.2545723698179399,0.5891322630504142,0.59814915179895,-0.08799472517957138,-1.1988643086375024,-0.8177176958673952,0.7598912632898273,0.22331042096616224,-0.7864379342253526,0.0872707728176734,1.1563493088765513,1.1761353041714093,-1.175048096251087,1.439192814651505,0.4033962301162448,-0.2706882785040748,0
2.6777313791690167,-1.2100515879114147,-1.6032360836506476,1.7718540298733036,1,0,0,1,0,0,0.9934928238387936,-0.5844497550961469,-0.822280879298011,2.93630463661642,-2.5641787431987666,-2.71872108537948,-2.176692883271013,-1.3953557818181086,-1.0902289587165226,-1.4627568120606518,-1.2089379661331137,0.03936174020510989,0.9762426371589138,-1.5164514276299497,-0.42069564626173356,-0.20933237755110853,-0.9116732335506326,-0.42085701576795786,0.4407888507730546,-0.3834842964864804,1.5115240420824425,1.4937259378109997,1.2800206579504696,1.0720905114352068,1.1607936021505023,0.3834842964864804,-0.4407888507730553,-1.5115955667385823,-0.7848207026180125,-1.4284853686988783,-1.2972608091701252,-1.5183175973977192,-0.655084613695,0.10608304780917345,-0.09793149585751397,-1.720552610450858,1.2225261405955843,1.1863538130354276,-0.39625969692687113,0.28760912732185256,0.7192112130148905,-1.1433249167342867,-0.12479618717266176,-0.32030321536567735,0.038603250264021984,0
1.5983203601650333,1.289421711320388,-0.15484123025532542,0.5985369837740325,0,1,0,0,1,0,-0.81101516775215,4.020809105495524,0.11162136417060241,-0.3903522212475083,2.38323990084408,3.3939558639800733,-0.33727118291127345,-1.0732491184918995,1.780852045988028,0.1870145378324639,1.56177752925228,0.5368861691836297,-1.2600270860379756,-0.41860350099193333,-0.8933710389622902,1.6721257448570483,0.5544468356465503,1.572255423253232,0.6060821098378343,0.13114384342216406,0.05072010399249463,0.5781086016927924,-0.7541592913730778,0.29713541582243674,-0.49538587147002233,-0.13114384342216406,-0.606082109837835,-0.28608496734615396,-0.7097714541928067,0.5729886987265271,1.4160442947087326,1.6222459659263704,-0.11949971898598452,-0.7910682597479163,-1.0945585420250417,1.1939689411944467,0.11228645211844858,0.6552175733882943,0.29710475025398503,-0.1532440991387405,-0.025405824425361403,0.1890486229713212,0.2044646553166367,0.29205785388825667,0.16231986177126023,1
-0.6890029896291251,2.1912935203215542,1.0038746524609323,0.5985369837740325,1,0,0,1,0,0,0.07231042253712305,-0.38093452767100994,-0.23379453409861076,-0.25494820233288673,-0.26463518941112707,-0.09593592860182383,2.0112113748396867,0.6437603477136218,1.1356002134894176,0.740705602038936,0.9054211666863468,1.1650138242736263,-0.7843820656099351,3.1795070563610057,0.6823851229562937,1.2960214614490684,1.4967713370238966,1.624856515934462,1.4008254564523381,0.19961827368027837,0.3802876126991941,-0.19998284417172094,-0.2500269537493331,0.4835273541984026,0.409264274583111,-0.19961827368027837,-1.4008254564523388,3.696824480679237,1.0914105080121401,1.127942871967207,1.726136306580602,2.4073868567573915,-0.18250970659880966,-0.30171300108041293,-0.8730858650989243,1.5040244254120325,0.5008703430854462,-0.02767187758659086,0.534308376921121,0.31354167005482897,0.49921072468027106,0.664896315723324,0.12214944469431245,0.23638866577426285,1.2139110595827887,1
-0.7147032519863632,0.6709953280053031,0.714195681781868,0.3052077222492148,0,0,1,1,0,0,6.12940018452071,-0.8129682818906578,-0.4001058925245282,-0.14789801643884834,-1.8084157772263505,-0.5109307496571802,-0.9584774675612825,0.4021255718050944,-2.315070440789281,0.5910622787643918,0.10214659224966861,1.7694855838275143,0.35519455445361087,-1.0425392358011467,-0.033455560521657705,-2.9015266388012337,1.080795498058583,0.792420314666427,2.820010003978237,-0.3834842964864804,0.29109333002512067,-0.5854450132962394,0.2490243980448791,0.2732113084745159,0.6408486325197669,0.3834842964864804,-2.8200100039782376,-1.038102835155144,-0.18442671521636386,-0.46413877257572894,-1.8011603284619129,-1.39883963574952,2.27487981030138,0.5954383064766764,-0.5408768497097485,-1.1004416420156866,0.3343343898138759,-0.482931511569848,0.2606118846128881,0.35244048415429274,0.4484413812184362,0.37938770007212164,-0.12479618717266176,-0.32030321536567735,0.34789477903211874,0
1.8810232460946468,1.0575118175772313,2.8867879618748513,-0.4281154315628296,1,0,0,0,1,0,-0.7226826087232228,1.0843751097899763,-0.20820817126385424,-0.2780941884721383,1.1305482756863652,1.048877370861228,4.2156307491536005,-0.3022734478851511,1.8730117398956996,2.442584339801554,2.890218628166898,2.1661620045527807,-1.8761271843076481,5.619114146558894,-1.0893692231716448,3.3871988744869443,2.3745698144103806,3.5605767266036947,1.9684992754626969,1.002053003267564,-0.24738452928952426,-0.676426380026117,0.8433384139430753,-0.9451910803476516,-0.2812156043619326,-1.002053003267564,-1.9684992754626975,5.6465004342581,-0.9349191994684248,0.41832933897092733,2.204194824883068,3.380278830178441,-1.726254403113031,-1.6066603575270884,-2.2019219266556282,0.9459245538203791,-0.44283339212011924,-0.8623145398892288,-0.934529465133063,-0.41256952646850126,-0.7361766328910565,-0.9212626601166852,-0.7010026615289333,-0.32030321536567735,-0.8274130302866491,1
-0.7918040390580765,-0.7719995663965628,-2.327433510348309,0.3052077222492148,0,1,0,0,1,0,0.11016723354952047,-0.3931454413165182,-0.041896812837936774,-0.3492680958503368,-0.11570604479043718,-0.03243456589723267,-0.7396127401605143,-0.9474000988733741,0.09886047000465054,-1.274480285865306,-0.8791848495296222,-0.8807716059849549,0.6062166615930127,-0.9834119330062914,-1.8888670069279014,1.919273555735328,-1.665986896657542,-0.5575795066529344,0.5274811195133241,-1.7244167737132345,0.04583590309302084,-0.5918891344148184,1.7935392551361948,0.06977655506213656,0.5986154991133132,1.7244167737132345,-0.5274811195133248,-1.038102835155144,-1.835510180570898,-0.8735311954581982,0.13691474573727128,-0.5454256239766699,-1.3796994712424915,0.6769975162545934,0.4557501964577793,-1.0384305451721696,0.029018475482663446,-0.5588081172337243,-0.013084607695344815,0.9099901529132779,0.8884423578876751,-1.1116017372174867,0.8629863402952329,0.06938110143228039,-0.45626319576493324,0
0.46750881644657266,0.0010334127472937634,1.0038746524609323,-2.334755631474145,1,0,0,1,0,0,0.097548296545388,-0.3879121926113004,-0.5408308881156891,0.04884286574478978,-0.7256552832259902,-0.33607840587200305,1.7702435320716563,0.19349272832622422,-0.8299220132329738,0.7384225259735412,0.2923543395905313,1.5467401769692959,0.3296281221000172,1.9629289452982503,-0.48617606822188114,-0.356926386098362,1.0061546721152104,0.7025075282170384,0.8222348332302418,1.2940866261665431,-0.5002312501954538,-0.7526153544086545,0.7758545984620966,1.2455607400904692e-4,0.30578690950474996,-1.2940866261665431,-0.8222348332302425,2.0535261769484814,-0.3345252120667762,0.4547197765604794,0.188596747715916,0.59814915179895,0.6051151385615076,0.10608304780917345,-0.26403600355210183,0.5738579727592754,-0.3595654154843339,-0.5588081172337243,0.6255405410238652,0.9618552383792308,0.9053654723749538,-0.0012904541294803558,-0.9479482933959068,-0.48731077970765985,1.2139110595827887,0
-0.8175043014153137,-1.6738713753977288,1.7280720791585935,-0.4281154315628296,1,0,0,1,0,0,0.009215737516460692,-0.3576756445367086,-0.5280377066983108,0.024539580298575656,-0.634422554067448,-0.29404229253234415,2.1110484013909336,0.4323999828000311,-0.4526532996362772,0.5864782295112881,0.4969790590568035,0.06150922849152335,-0.05978615095722206,1.7968506500774772,-0.2830316585399998,0.6545206471020764,0.822945372072386,0.9695159682128348,1.0066075265840329,-0.9144498376620688,-1.1400721928380153,-0.8770174486838838,1.2765223531851049,0.023724292201751897,0.30044652518545134,0.9144498376620688,-1.0066075265840335,2.666281476644696,0.340918023760079,2.0922894680903568,2.204194824883068,2.543933098641048,1.0776900456576979,1.0847935651441794,0.6218547041523672,2.3101686843777554,-1.053465220782544,-0.7864379342253526,0.16025650409986858,0.806259981981374,0.7699805564767266,-0.794369942049485,0.03983423407198747,-0.3759724034796717,-0.1469716669968365,0
0.544609603518286,2.8097199036366387,-0.8790386569529866,0.3052077222492148,1,0,0,0,1,0,-0.29363875058271866,-0.22975178729805104,0.07324181991846762,-0.37935787783136377,0.33709934794734675,0.11648060157198462,-1.5336284891149345,-1.8045391766472254,1.8384015919671286,-1.5974070623136625,-0.6374332152082428,-0.7641481232417633,0.6335476521313608,-0.5998016500227866,-1.5879171336452451,1.7404475044204823,-0.9494349676011624,-1.1948895293992283,-0.591162492785821,-0.45589913793704195,1.5332330053155947,0.8860461258747182,-0.7641746692118344,1.2165504235343079,-0.337882660404929,0.45589913793704195,0.5911624927858203,-0.6481676444393714,-1.535313186870074,-0.45504116317834126,0.459927258103802,0.03489590402886805,-2.135819322596396,0.35076067714292497,0.7325910426154264,-0.8523972546416179,1.7776459848341521,1.1863538130354276,0.826251302049903,0.2616765845888761,0.7530574419894479,0.030432725387320277,0.8629863402952329,0.6817421706862145,0.40975308478573785,0
2.8319329533124433,-1.5450325455404195,-0.15484123025532542,1.0385308760612593,1,0,0,1,0,0,-0.7479204827314877,1.5669969348267296,-0.7199354279589849,0.9052443528970969,0.2862315061001322,0.5055382463113811,-0.5502575935155489,0.2741798115754766,-0.5361491991255856,0.4950783275020036,0.28919287056863885,0.9303132386484708,-0.02864931585531962,0.37299015437916544,-0.9505661396742556,0.10673353458445645,1.9664916586251329,2.3040577042096406,1.4363050701404856,-0.15567358143258175,1.1378339459851052,-1.328576687464915,0.8401908252237118,1.2811205858222456,1.8734990044775897,0.15567358143258175,-1.4363050701404863,0.27096530510494976,-0.9349191994684248,-0.23669853764102378,-0.1473362651452761,0.6322857122698633,0.4475901695294441,-1.1173050988595852,-1.648240234340335,0.07776919801113909,1.7776459848341521,-0.9381911455531051,1.8754211892314625,2.128819661363154,2.682292493539192,1.3945294446097283,-0.7833178721512579,-0.9326642846196119,2.451077174655176,1
-1.5371116474179702,1.5213316050635446,1.0038746524609323,1.0385308760612593,1,0,0,1,0,0,-0.6974447347149578,0.9070261258909283,-0.5664172509504457,0.09224158975588642,0.4742445592557529,0.6262802739891249,0.33046316689096267,-1.4660142715463198,0.15835387566910283,0.9443231992933347,1.00703000794628,-1.6764017578670325,-1.4915098622833851,1.164154202775483,-1.0543256684651583,1.0716071604802617,1.1853185264160242,1.6893206325740908,-1.5860629517126332,-0.7133741297612541,0.7036920846753949,0.9559502859029668,0.8603867979561772,-0.10037815896135513,0.34010446753053614,0.7133741297612541,1.5860629517126332,1.3293608227620468,-0.8598699510432187,0.6275743551108558,1.1317932838261862,1.6393142461618264,0.1010352376589052,-1.7697787770829225,-1.482135726645747,1.5660355222555504,0.6396503041450882,0.8828473903799233,-0.013084607695344815,0.4302381123532211,0.36382580878204385,-0.3819686083310823,0.28677986593896093,-0.04195727479570725,-0.2706882785040748,1
1.521219573093319,0.5421564981479937,1.0038746524609323,-1.6014324776621007,1,0,0,1,0,0,-0.5460174906653681,0.09005785579859277,0.5849690766135982,-0.5118686484785789,1.0366072194383515,0.46484371105703043,0.592169379077293,0.8073981281749251,0.7403396587958695,-0.41406300056160883,0.011812884323166236,0.2698552127929618,0.10072992408431905,0.3933090184444876,0.9646926565478782,0.6396753824194353,-0.05227671216376623,0.15640709156151505,0.5581846313588362,-0.18555039652161812,-0.4304361995970357,-0.14177134347451611,-0.3692570458265103,0.5075357077273869,0.13734375457206727,0.18555039652161812,-0.5581846313588369,0.24311279148239442,0.7161642658861095,-0.3913578973966235,-0.018131260198663828,-0.03337721691295973,-0.655084613695,-0.05703537174666111,-0.319404172783631,-0.6043528672675491,-0.24854144663662048,0.12408133374116129,0.8353745184601769,0.4950694691856613,0.6853649840403343,0.6966194952401235,0.2044646553166367,0.1250502895462747,0.5953280020465953,1
0.13340540580248203,-1.1069805240255675,-0.15484123025532542,0.3052077222492148,1,0,0,1,0,0,-0.596493238681898,0.24124059617155166,-0.6943490651242283,0.696930477643833,-0.26110932582665763,-0.3530717282859077,-0.5547766207637068,1.9323755918080743,-1.5686557134188979,-0.09155368339323551,-0.6443018232839619,-1.6541455733305999,-0.038365127331559536,0.1586286432985125,2.0999016887429893,-0.6456430803007835,0.4476718964396177,-0.14617962510792037,-1.0001237438140784,-1.2641467209678323,0.9299302672518416,-0.5486107295704064,1.495595880400116,0.5675869090203821,0.6949079732101352,1.2641467209678323,1.0001237438140778,0.577342954953057,2.892592470217086,1.619213779426171,0.9638267773955896,1.1272658390981163,1.2982250023025865,-0.30171300108041293,0.17890935030013266,1.5040244254120325,1.1115021717478706,-0.3311783002420958,0.7076494887163344,1.4416072789392878,1.6330593953279282,-0.7626467625326843,0.5337254978059351,-0.04195727479570725,0.8427612250610729,0
0.13340540580248203,2.835487669608101,0.27967722576327125,-0.13478617003801185,1,0,0,1,0,0,-0.3945902466157784,-0.14834569632799627,-0.7711081536284979,1.5620117095983594,-1.0707561904610863,-1.3212439131833715,-0.4745940287029475,0.6036943528849765,-0.4065903051912492,-1.236722093197369,-1.92158605488046,-2.117007731533566,0.730012054660911,-0.2814872818048768,-0.5431704759428883,-0.1346246464626371,0.2668777017843487,0.006981205722015023,-1.2094604077470812,-1.6878179449728916,0.3786757744951035,-1.3727257039495104,0.4205377815087521,1.9353631219572989,2.5049717714818307,1.6878179449728916,1.2094604077470805,-0.3139374809687093,-0.5596729573423944,-0.20030810005147043,-0.23777976860790415,-0.11871861809024475,-0.2140147004052217,-1.1173050988595852,-0.762349526635866,0.07776919801113909,0.27882240539001907,-1.317574173872486,-0.21379536872138252,0.028283699992091807,0.8038267854512828,0.41111087958892223,-1.1125787146405561,-1.712032918215528,0.16231986177126023,0
-1.1516077120594044,0.6709953280053031,1.4383931084795292,-1.161438585374874,1,0,0,1,0,0,0.13540510755778543,-0.40128605041352367,-0.7839013350458762,1.6140901784116752,-1.6912535317499722,-1.5560200781123177,0.6655609860790149,0.5278675959019299,-0.1371054652938298,-0.550480861876447,-1.0191020220020837,-0.5216547649143674,1.075439435516846,0.09386343765009847,-0.5432705392943931,1.3738830676217728,-0.32478201553205094,0.12850924462306404,-0.7076772998718532,-0.009609152108405178,-0.8316915117528321,-1.2687513415905698,1.568047750298884,0.421615843315475,1.4503468051870492,0.009609152108405178,0.7076772998718532,0.10385022336961848,-0.4846237089171882,0.09081540066495114,0.795860270964994,0.615217432034406,-0.8126095827270634,-0.30171300108041293,0.012804842605544792,0.015758101167622184,-0.6371253376036178,-1.0140677512169813,1.0178388466656656,1.7787303344679768,1.8869061126371052,0.31594134103852145,-0.7833178721512579,-0.8769950965056176,1.708777505611744,1
1.521219573093319,1.830544796721088,1.0038746524609323,-0.4281154315628296,1,0,0,1,0,0,-0.5460174906653681,0.09005785579859277,0.7768667978742723,-0.5500595256083439,1.1186564939672936,0.4943584289338122,-0.38111680719059393,0.24299951313109758,1.0249431023290243,-0.333594065912909,0.3392525586748154,0.4006832750858761,-0.036388060167501735,0.2902154609989117,0.8658463041595206,0.616525859972301,-0.08292977186427102,0.0900522698465258,0.004530982273630621,0.5419904249708541,0.8199320669359066,0.5338613622699285,-0.7815825249360658,0.36843231915671076,-0.35312642724565113,-0.5419904249708541,-0.00453098227363133,0.15955525061472892,0.641115017460903,-0.3640650692044592,-0.0052107597040024186,-0.03337721691295973,-0.655084613695,-0.38327221085833024,-0.4301405112466897,-0.4183195767369984,1.0282341951120857,0.8069707847160468,0.7897584364088047,0.22277777048941236,0.36382580878204385,0.664896315723324,-0.04248097655033679,0.23638866577426285,0.904619530814692,1
0.004904094016293398,0.5421564981479937,-0.8790386569529866,-1.6014324776621007,1,0,0,1,0,0,0.021834674520593164,-0.36930508610385926,0.5849690766135982,-0.5118686484785789,0.3230259010970054,0.11156148192585431,0.8416751375096078,0.42147910792648585,0.17471371625125248,0.24161597488923744,0.09764944200676,-0.1580388019879843,-0.015934148315004965,0.6547679192882571,0.644286459285555,-0.07942840946321962,0.29777098438848004,-0.22856384880921124,-0.2249492467260648,0.007555847346540335,-0.5161333772939238,0.06693872837333827,-0.318657394523531,-0.031142983406504385,-0.3500971691031756,-0.007555847346540335,0.22494924672606412,0.8280155775560533,0.8662627627365218,0.6730624020977969,0.5245297605771081,0.6322857122698633,0.06953024385249205,0.35076067714292497,0.5111183656893089,0.5738579727592754,-0.24854144663662048,0.5034643620605421,1.3189049882047215,0.9229564242797662,0.854596128913119,0.886958572340925,0.6160407084282594,0.6817421706862145,0.8427612250610729,0
1.7782221966656961,-1.1069805240255675,1.4383931084795292,0.3052077222492148,1,0,0,1,0,0,0.2742134146032426,-0.4448964562903387,-0.6943490651242283,0.696930477643833,-1.2701809555203443,-0.8807591085071582,-0.6521173500064206,-0.4065057976023487,-1.6252166151448681,-0.12169918259123981,-0.520540978565223,-0.794398598908977,0.023930005688040715,0.10691059228721417,-0.8182138405060717,-1.0185060861931912,0.751943163467491,0.1039566146251965,0.1590389773671773,-1.2411978630008902,1.0136088536046308,-0.26172669908047197,1.198225165710279,0.9100217135114881,0.7782221667997301,1.2411978630008902,-0.15903897736717798,0.24311279148239442,-0.6347222057676005,0.5729886987265271,-0.08273376267196997,0.22264698661889537,0.9516700704320475,-0.22015379130249568,-0.319404172783631,0.139780294854656,1.3057941172313696,0.04820472807728505,0.9995924138451164,1.5453374498711925,1.9038292271243826,-0.5088613263982832,0.6983559190505837,0.1250502895462747,1.2139110595827887,0
1.110015375377516,0.1298722426046032,-0.4445202009343899,-0.13478617003801185,1,0,0,1,0,0,-0.6091121756860305,0.3197393267498188,-0.6175899766199587,0.24269049966102146,0.024291240361001047,0.05834555120862652,-0.6653588554427176,-2.545563608733835,1.9857298376635035,0.3568626110248172,1.758736238415433,1.2203062050280384,-1.1699185130375187,-0.6721871922430775,-1.4902607733951456,2.139606988808269,0.6553748248706018,1.9029782051732502,0.5174554829923397,1.151146070773566,0.25355616277429527,2.0009554123643323,-0.5644605295884251,0.1677600930629545,-0.4285554130464236,-1.151146070773566,-0.5174554829923405,-0.3696425082138195,-1.1600669447440433,1.6101161700287818,2.708094344174856,2.953571824292016,0.29006520049738066,-0.8726274695258333,-1.149926711256571,2.558213071751823,0.6674062963570164,2.7797625319768278,1.5834782641026803,0.9877877811122063,1.0069041592986248,1.0772976494417266,-0.20711139779498602,0.4033962301162448,1.4613442825972665,0
0.13340540580248203,0.5936920300909173,0.27967722576327125,1.0385308760612593,1,0,0,1,0,0,-0.3945902466157784,-0.14834569632799627,-0.16982862701171944,-0.2838806850069512,0.27415268725593556,0.10530078419441576,-1.279015367879097,-1.0517257104883497,0.13422730724100665,-0.7824663161873314,-0.5027365597918454,-0.5591720313334484,0.30220157503679385,-0.2942598917354941,-0.888796252969303,-0.30112912434206873,0.18638149829269599,-0.12065814359944849,-0.7046860443852642,-0.06374491962016399,1.4844809870585154,0.5531499689196834,-0.48609895482160204,1.2418742158992349,0.535782956714721,0.06374491962016399,0.7046860443852634,-0.3139374809687093,-0.8598699510432187,-0.1457224436671417,-0.2765412700918884,-0.18699173903207253,-0.08799472517957138,-0.709509049969999,-0.4855086804782194,-0.10826409251941274,1.194770148383656,0.35171115073279,-0.40538291333714505,-0.5811310542328463,-0.093098282374475,-0.2233527107470814,-0.8656330827735822,-0.9883334727336057,-0.3944048900113141,1
2.8319329533124433,2.2428290522644785,-0.15484123025532542,0.3052077222492148,1,0,0,0,1,0,-0.7479204827314877,1.5669969348267296,-0.4512786181940413,-0.11607228549737747,0.9891666006294079,1.2948333531677432,-0.39256399065171893,-0.8846672883912815,-0.3663789257693528,1.228651266205638,1.4363694532793556,0.6071739884921021,-1.3605957082830789,0.2083938856741948,-1.4736588403761073,0.5872249620646974,1.6448795265318186,2.2448480616705484,1.8419233563590356,-0.9986842558367333,0.7540945002037011,-0.26204545911435023,1.0909567204089443,-0.02879421304656184,0.3243065711560352,0.9986842558367333,-1.8419233563590363,0.15955525061472892,-1.3852146900196616,-0.10023439668020068,0.21443774870523882,0.8883099158017184,0.25856020669096863,-1.1988643086375024,-1.814344742034923,0.139780294854656,0.9449662184763004,-0.02767187758659086,0.7441423543574326,1.2471132084419672,1.1592121896841308,-0.1916295312302808,0.6983559190505837,0.23638866577426285,0.5953280020465953,1
0.6731109153044746,0.8513696898055362,-1.168717627632051,1.478524768348486,1,0,0,1,0,0,-0.7605394197356201,1.6193294218789078,-0.029103631420558513,-0.35042539515729937,1.557129479521947,1.5161937372436067,-1.536799799430363,-2.485777293714604,2.1757640740097637,-0.2661982414332302,1.2796031608509215,-1.0557632898946856,-1.751052059220199,-0.9123856467447669,-1.185098619787716,1.4197506135043219,0.13149360030200113,1.122989003114106,-0.8963291925090734,-0.550966827225982,1.2253125430477352,2.2246015651656252,-1.5476299313546498,0.49000345366314285,-0.5671665894387655,0.550966827225982,0.8963291925090727,-0.6760201580619267,-0.8598699510432187,1.3644807162993,2.02330781795781,1.9977481311064238,0.5736101447550955,-0.8726274695258333,-0.5962450189412776,2.1861464906907218,0.9449662184763004,1.793366658346437,-0.4601222117987924,-1.1386807229918314,-0.9054077777638412,0.15732544345452057,0.6983559190505837,0.45906541823023866,-0.8892713360402683,1
-1.5371116474179702,1.2121184134060021,1.0038746524609323,0.3052077222492148,1,0,0,1,0,0,-0.6974447347149578,0.9070261258909283,-0.2593808969333673,-0.2312235665401539,0.9446845586112138,0.8762609905515647,0.05514167247521343,-1.5575766183478703,0.6912595399256319,1.1318289570614848,2.04059219229125,0.9870180568661251,-1.715754781322714,0.5799321244011882,-0.6429536500634848,0.9970989256144748,1.201994462956733,1.638250768641035,0.19034451885672046,1.1573935323539142,0.5027855076959572,1.4937259378109997,0.0570133119787333,-0.3371507676266023,-1.053436774011324,-1.1573935323539142,-0.19034451885672118,0.8837206048011639,-0.3345252120667762,1.0824548249802661,1.5064877981713616,2.0318846915773383,0.41608517572303205,-0.8726274695258333,-1.0391903727935126,1.6280466190990672,0.3343343898138759,1.1863538130354276,-0.39625969692687113,-0.30883935553659736,-0.4146374576327655,-1.0798785577006862,-0.12479618717266176,0.514734606344233,-0.3944048900113141,1
1.521219573093319,1.0059762856343069,1.0038746524609323,1.7718540298733036,1,0,0,1,0,0,-0.5460174906653681,0.09005785579859277,-0.7327286093763631,0.9804688078496644,-0.5595850262298758,-0.6884662496129738,-0.27231893836093884,0.703357090560675,0.562106070118857,-0.9141045796750076,-0.4174331140358583,-0.12190438704366874,0.4881856738096663,0.43724190455924233,0.6398746504740058,0.6531595201469652,0.009407840073046656,0.35049106682754694,0.5516412599819246,-0.7133741297612556,0.8155530719402339,-0.3243673021770623,-0.11205550123358651,1.2442249672051036,0.8848698016424099,0.7133741297612556,-0.5516412599819253,0.27096530510494976,0.41596727218528484,-0.4277483349861756,-0.04397226118798574,-0.03337721691295973,-0.5605696322757617,-0.22015379130249568,-0.4855086804782194,-0.4183195767369984,1.3613061016552261,0.19995793940503753,1.7568193758978938,1.4156747362063122,1.93767545609894,1.2993599060593275,0.12214944469431245,-0.2089648391376897,1.9562107286262216,1
1.8296227213801723,0.49062096620506923,-0.4445202009343899,-0.4281154315628296,1,0,0,1,0,0,0.7789708947685415,-0.5553761511782702,1.9282531254383162,-0.6756265004137836,0.3392094378750266,0.0950153522070524,0.4934809740347357,0.9488304714738364,-0.5905847526470398,0.5114557019220908,-0.609331951466586,-1.5599191488953286,-1.2578649590313615,0.6935398170509869,0.5743896442909434,-0.9712922302488012,0.6220426972709207,-0.5773180545270271,-1.0001237438140784,-1.1356331163529634,0.006779506412805529,-0.726888662803437,-0.16870587875961676,-0.07413676637656408,0.22852266512287,1.1356331163529634,1.0001237438140778,0.8001630639334981,0.7161642658861095,0.47291499535525605,-0.1344157646506147,0.12023730520615308,0.2270552128845555,-0.30171300108041293,0.17890935030013266,0.5738579727592754,-0.007989514133240944,-0.6852691266735177,-0.016125679832102783,-0.10137901367278856,-0.12130347318660537,0.41111087958892223,2.2623449208747504,1.6837875567381073,0.16231986177126023,1
0.004904094016293398,-0.9523739281967958,-0.8790386569529866,1.478524768348486,1,0,0,1,0,0,0.021834674520593164,-0.36930508610385926,-0.1442422641769629,-0.2925604298091705,-0.13910844565658095,-0.05792454951808968,-0.2634461377126904,1.0445854349359873,-0.14414587747813093,-0.9693950342397978,-1.572995297324422,-0.6012095011911616,1.538770134212965,0.4121726965432672,0.6093271579292473,0.012836746498511119,0.08241880432694615,-0.5981517693245801,-0.5702641928891875,-0.2543969704224406,0.7781663693828336,-0.8233157210301076,0.20995193568797704,1.3913152266393143,1.46099214353398,0.2543969704224406,0.5702641928891868,0.438080386840281,0.641115017460903,0.19998671343360988,0.17567624722125458,0.20557870638343811,-0.5290646384693491,0.2692014673650073,0.6218547041523672,0.139780294854656,0.8061862574166584,-0.7105613285614767,0.269735101023162,0.3394742127878045,0.9053654723749538,0.37938770007212164,-1.1125787146405561,-1.32234860141757,0.5334696962929761,1
0.544609603518286,-0.9008383962538722,-1.6032360836506476,1.7718540298733036,1,0,0,1,0,0,0.5896868397065544,-0.5169989940066729,-0.6687627022894718,0.4799368575883498,-1.3405838032248651,-0.7685137420363668,-0.43731582489031895,-0.062468385246881586,0.04812459149810443,-0.6770319214143726,-0.5753842312615621,-0.16657880442202702,0.7564253895529209,-0.5711211250564076,-0.577710805446172,-0.2570440236619761,-0.006627156363135979,-0.001795859091465152,0.39961991949913633,-0.6235317921885499,0.03744080111609488,-0.4929981835529723,-0.32409238331041157,0.9080550725668309,0.7462743737707233,0.6235317921885499,-0.39961991949913706,-0.3974950218363748,-0.3345252120667762,0.8095265430586199,0.5374502610717695,0.512807750621665,0.8256500952063961,0.35076067714292497,0.17890935030013266,0.44983577907224165,-0.1375174777889068,-0.6346847228976005,-0.642586540004281,-0.6978274965312384,-0.33002188519637315,-0.12818317219668063,-0.9479482933959068,-1.266679413303576,-0.6418381130257917,1
-1.100207187344929,-0.23087648099586283,0.27967722576327125,1.7718540298733036,1,0,0,0,1,0,-0.6722068607066928,0.697696177682216,0.36748499251816774,-0.46441937689311324,1.304858604694809,0.8954902764409831,0.48202924375582057,-0.9052142614179769,0.3662135078730305,0.3842870315126447,0.3367332277997892,0.3689001903062351,-0.30253426468248756,1.0710458084290544,-0.39538350454265286,1.3444604500170365,0.7353987348696404,0.8022914331341664,1.0994917511557436,-0.5873266710771624,0.39990295469920867,0.8463484668781392,0.8504269595080385,0.21006180957381343,0.3455117431242204,0.5873266710771624,-1.0994917511557445,1.357213336384602,-0.10937746679115769,0.9459906840194431,1.584010801139329,1.8782701694582253,-0.5290646384693491,0.6769975162545934,0.17890935030013266,1.13195784435093,0.16779843654230542,0.5034643620605421,-0.6517097564145549,-0.1532440991387405,-0.0592520533999176,-1.016432198667086,0.12214944469431245,-0.15329565102369538,-0.45626319576493324,1
-0.5862019402001745,1.109047349520155,0.27967722576327125,-0.4281154315628296,1,0,0,1,0,0,0.8925413278057338,-0.5699129531372086,-0.630383158037337,0.32080820288099543,-1.347345330173347,-0.68623028613746,1.1428870378897857,1.7765800336698139,-1.0487909007136942,-0.30228144746620084,-1.7656818067029307,-1.1680064943897046,1.1035147194061212,0.7633422316113432,1.1258523595614536,0.4226829175647552,0.03551357798673121,-0.6505858286975439,-1.1234618125076608,-0.4787858038769716,-0.826489683502077,-1.3105576719359993,1.858487864746182,0.44357738996785456,1.660302389217621,0.4787858038769716,1.12346181250766,0.577342954953057,0.8662627627365218,-0.3731626786018469,-0.10857476366129187,-0.08458205761933026,-1.2536794960168407,-0.8726274695258333,-0.4855086804782194,-0.6663639641110671,-0.5261013687559044,-0.9381911455531051,1.74769615948762,2.660436787389163,2.7499849514883055,0.6966194952401235,-0.6186874509066087,-0.8769950965056176,2.636652091916034,0
0.5960101282327613,0.4133176682906843,1.0038746524609323,1.478524768348486,1,0,0,1,0,0,-0.15483044353726144,-0.28789899513380446,-0.68155588370685,0.5059760919950078,-0.899925898370141,-0.6124434914455055,-1.9810643255898286,0.6569089766249981,-0.9930393425680281,-0.7129699515721962,-1.55863012894778,-0.14482880831299597,1.1709839951116,1.0611335511361932,0.5788488745472858,-0.5277847096789088,1.0862487090864088,0.34612395285377773,0.07195265285990604,-0.26889098598050765,3.8149903105253866,-0.32175009078083855,0.827145314441457,2.0402820332228138,2.3642181754472036,0.26889098598050765,-0.07195265285990675,0.8001630639334981,0.340918023760079,-0.4823339913705056,-0.6641562849317252,-0.23819657973844427,-0.30852968182446,-0.709509049969999,-0.8177176958673952,-0.4803306735805153,4.608757190450848,0.12408133374116129,1.4831228835896608,1.7657640631014886,2.6992156080264706,0.9821281108913258,-1.5241547677521787,-1.7677021063295222,1.8324941171189824,1
0.13340540580248203,0.05256894469021735,0.27967722576327125,-2.041426369949327,1,0,0,1,0,0,-0.3945902466157784,-0.14834569632799627,-0.2210013526812325,-0.2607346988676996,0.22349099186228139,0.08741307639030557,0.6522515400498172,-0.45093502183705036,-0.4798479613610853,1.6964794997434143,1.5873533487833342,1.297667249413716,-1.5206830446644357,-0.5065952253642803,-1.1589524345433329,-0.40245379184070207,0.26897168330369425,0.15055418044305455,-0.11623388745465664,1.8851427108031094,-1.4131556241567458,-0.5420906379683625,0.25154098987828594,-2.0251266394888505,-1.9166502413710582,-1.8851427108031087,0.11623388745465593,-0.5646101035717058,-1.1600669447440433,-0.44594355378095224,-0.5737127814690962,-0.4430159425639276,-0.024984737566746233,-0.6279498401920818,-0.6516131881728072,-0.4183195767369984,-1.4420491117495413,-0.9381911455531051,-1.6461403451344683,-1.2942759793896883,-1.8531021890514345,-1.6191726094862895,-0.5363722402842841,0.45906541823023866,-1.569712699330082,1
2.266527181453213,2.835487669608101,-1.168717627632051,-0.13478617003801185,1,0,0,1,0,0,-0.44506599463230834,-0.11636473201833188,-0.7711081536284979,1.5620117095983594,-0.9908671104863503,-1.29664831495272,-0.42144726866993987,0.2960723911931178,-0.6016485349016628,-1.278024987957948,-1.2601574996137634,-0.4184543952947856,1.154278888089192,-0.3768992031340085,-1.1029248642607965,0.09081152928286497,-0.13140741465703681,0.6816980356394654,1.1169885469471594,-1.6785375276851617,0.20943944334592968,-1.511254565692806,0.913730531654585,1.5962279644793727,2.303811916972721,1.6785375276851617,-1.1169885469471603,-0.3417899945912644,-1.009968447893631,0.09081540066495114,0.12399424524260985,0.06903246449978255,0.7311351137871589,-0.05703537174666111,-0.5408768497097485,-0.046252995675895824,0.22331042096616224,-1.3934507795363622,0.14201007127932075,0.5987996401175653,1.2607508766078017,0.2524949820049213,-1.3595243465075295,-1.9347096706715041,0.47161139053935697,0
0.4161082917320974,-0.2824120129387873,1.4383931084795292,-0.13478617003801185,1,0,0,1,0,0,-0.6595879237025604,0.5058103918242297,-0.7583149722111197,1.3884168135539727,-0.37968226651564924,-0.6839943226619463,2.9384430466343434,-0.5365758431733368,0.45321834959421853,1.9807427403539652,2.2770645487962184,0.3165100740585729,-1.825463674167413,3.6356656803149683,-0.3098834746936934,0.8532697952156967,2.1341536709223643,2.5609212258813314,0.5791922973583978,-0.14275387761029457,-0.4532622759511386,0.4260327218404453,0.2378891883665421,-0.5596654074928195,-0.46005430066717823,0.14275387761029457,-0.5791922973583985,4.393137321243117,0.11577027848446049,1.4190663726836301,1.726136306580602,2.7316841812310755,0.9831750642384596,-1.4435419379712537,-1.7589765728033937,1.876091006473136,-0.4150773999081907,0.4275877563966659,0.0872707728176734,0.19684522775643593,-0.0423289389126401,-0.1916295312302808,0.28677986593896093,0.23638866577426285,-0.023255055489598248,0
-1.7941142709903475,0.4133176682906843,-0.4445202009343899,1.478524768348486,1,0,0,1,0,0,0.8042087687768065,-0.5553761511782702,-0.68155588370685,0.5059760919950078,-1.4782555609222032,-0.8181521311927726,-3.2954815445762593,-0.5041990490275527,-0.7145114656921357,-2.4753660663141184,-2.416668829457744,0.5892434223419828,3.2111630677576213,-1.2064285338705196,-1.0145923267949013,-0.1505603342415014,-1.299531115587611,-0.6533816485616442,1.2994551316290601,-0.4851260289008703,3.376998132519172,-0.3243673021770623,0.8254624939475151,2.055467049314326,2.5038878275813254,0.4851260289008703,-1.2994551316290608,-1.130944547230328,-0.9349191994684248,0.05139242660960319,-0.035358594191545405,-0.5454256239766699,0.4895968279379942,1.9547584694419635,1.3047287913412295,-0.8937379858706291,4.303441276119635,0.19995793940503753,1.7568193758978938,2.012123219064761,2.9699854398229264,1.331083085576127,-1.5241547677521787,-1.823371294443516,2.203643951640699,0
2.8319329533124433,-1.158516055968491,-0.15484123025532542,1.478524768348486,1,0,0,1,0,0,-0.785777293743885,1.8577329740054969,-0.0035172685858019803,-0.3486894461968555,1.8439872176548244,1.6982011641504278,-0.23180553529871398,-0.2703298749421956,-0.424441642796395,1.085129587636748,1.1895799367333182,-0.5858849210676883,-1.399584228310938,-0.10721626943798662,-1.3604872977218267,1.2489178966165626,1.38798779905096,2.2216059248537645,-1.2173253467419909,0.40825130337297294,0.21520200647358032,-0.9918700717618212,1.83526798549873,-0.0896351240699649,0.6224536065338547,-0.40825130337297294,1.2173253467419902,-0.17467491285593337,-1.3101654415944555,-0.2821865846279648,0.3824042551358344,0.9565830367435462,-0.34003467563087314,-2.259134035750426,-2.2572900958871576,0.44983577907224165,0.27882240539001907,-0.8623145398892288,0.32447439948480933,1.2600794798084554,1.142289075196852,-0.794369942049485,-0.4540570296619595,-0.32030321536567735,0.40975308478573785,1
-0.9717058755587404,1.5986349029779314,1.7280720791585935,-0.13478617003801185,1,0,0,0,1,0,-0.6722068607066928,0.7383992231672435,-0.8350740607153893,4.029952481696055,-1.2434645926917873,-2.5465518977649193,0.5959616950333215,0.5055060119871261,-0.5333410476086277,-0.3433809760829878,-1.0341144306060728,-0.5751948062959575,1.0028825198027815,0.6431480465135496,0.04557529106100942,0.8218811969388563,0.3340927974968683,0.5588851429258033,0.4884925330428311,-1.2689780594871891,-0.18607329416596585,-0.648166539633699,1.5550064201149325,0.7951662446259948,1.8900419704404006,1.2689780594871891,-0.4884925330428318,0.5216379277079463,-0.03432821836595151,-0.2185033188462471,0.22735824919990022,0.3591932285025509,-0.6235796198885869,-0.13859458152457876,-0.3747723420151606,0.2638024885416898,-0.27629743884854874,-0.7105613285614767,-0.41450612974742024,0.4043055696202447,0.7192112130148905,-0.5088613263982832,-1.277209135885205,-1.7677021063295222,0.16231986177126023,0
-0.7918040390580765,-1.8027102052550381,-2.327433510348309,-0.4281154315628296,0,1,0,1,0,0,0.097548296545388,-0.3931454413165182,0.8024531607090287,-0.5500595256083439,0.3596190304347514,0.12274129930342319,0.04731204281761882,-0.38833693587974316,1.210538838330888,-0.8910864202270682,-0.6200886181959803,-0.4017227057083694,0.39603147549657397,-1.0859737086377592,-1.5631983415382316,1.8563620064945412,-2.1866535788281047,-1.0656369831838362,0.3041828515459608,-0.8495867060811603,-1.1508806812736703,-1.032973150911289,0.21061764436812655,-0.9644479922261557,-0.23424153157674243,0.8495867060811603,-0.30418285154596153,-1.0938078624002545,-1.535313186870074,-0.6187981323313287,0.3565632541465125,-0.5795621844475838,-1.222174502210428,1.0847935651441794,1.009431888773073,-1.0384305451721696,-1.1644891896302574,-1.1278826597127956,-0.8068044353892204,-0.5876141899160899,-0.8969462205202018,-0.3026606595390819,0.8218287349840708,0.4312308241732417,-1.2294920176851751,0
1.5983203601650333,0.1298722426046032,-0.15484123025532542,-0.13478617003801185,0,1,0,1,0,0,-0.81101516775215,4.046975349021613,0.5849690766135982,-0.5124472981320601,2.644348483393045,3.5084371939263788,-0.48005884372171653,0.3825776305095458,0.11419216556088019,0.6064239192632176,1.349968104912723,1.0262670128455786,-1.2736584537621416,-0.3153586670773075,-0.5087880209076955,1.2392095282923088,1.1189838276110042,2.2168155607770244,1.3564759393421526,0.05436948222367098,0.3524308437371957,-1.0347924745141517,1.0891815512405376,0.2903256170912192,0.40926427458311393,-0.05436948222367098,-1.3564759393421533,-0.3696425082138195,-0.5596729573423944,-0.31857702221751816,0.3436427536518511,0.8029685146244333,-0.15100471279239655,-1.6066603575270884,-2.0911855881925696,0.2638024885416898,0.4731143508735179,-0.8623145398892288,0.534308376921121,1.0526191379446466,1.1253659607095745,-0.5088613263982832,-0.20711139779498602,-0.2089648391376897,0.5953280020465953,1
1.1871161624492292,1.547099371035007,0.27967722576327125,1.0385308760612593,0,1,0,1,0,0,0.31207022561564,-0.45361853746570174,-0.6175899766199587,0.19639852738251837,-1.0424388284871673,-0.5006453176698168,-0.5736984030255374,-0.4885077569013636,-0.5186355111927595,0.03135779260827471,-0.3737538052205308,-0.18625356365072693,1.1796308522367502,-0.6022233216547652,-0.3670884504997749,-0.04332776790711202,-0.028153915957243095,-0.008279256428261404,0.1590389773671773,-0.41176056791003435,0.1960071475580976,0.3027510759379346,0.6654518899603366,-0.07027929590501127,0.4778151692642368,0.41176056791003435,-0.15903897736717798,-0.5646101035717058,-0.3345252120667762,0.03622974428062242,0.007709740790658993,7.593435579547688e-4,0.06953024385249205,1.0032343553662626,1.009431888773073,0.139780294854656,0.05677446769459199,0.12408133374116129,-0.42362934615769415,-0.03654765684034838,-0.0592520533999176,-0.3819686083310823,-0.5363722402842841,-0.7656567202776299,-0.332546584257695,0
3.4744395122433867,0.7225308599482267,3.176466932553916,0.3052077222492148,1,0,0,0,1,0,0.2868323516073751,-0.4512926491522716,0.38027817393554597,-0.46268342793266937,0.045360972422609565,0.01049593283263177,3.2797824970178966,0.6121343775100724,0.8100447678220949,1.692876182073465,2.185055178823267,4.301468300955248,-0.8030591924748617,4.3023390242018875,0.8547866261922923,1.3752549914001073,2.275784997502178,2.6488428043478174,2.607132321849353,3.2809676352954544,-0.26177094079357993,0.01613283376160058,0.27464030299818193,-0.03033705985174294,-0.25459930462884417,-3.280967635295454,-2.607132321849354,6.899863547273084,2.367247731240644,3.6570782844411283,4.155190399576912,5.462609018904197,1.7077899217859516,0.5138790966987595,-0.5408768497097485,4.0464793959962355,-0.5895436366688835,-0.5046105417595268,-1.5627280808119595,-1.2127737022289058,-1.1447489683696366,-1.4922798914190887,-1.971008768273369,-0.9406170257787538,-0.8097392286427579,1
1.958124033166361,-0.2824120129387873,-0.4445202009343899,-0.13478617003801185,1,0,0,1,0,0,-0.4703038686405733,-0.05821752418257845,-0.7583149722111197,1.3884168135539727,-0.8590650364872796,-1.1177712369116182,0.15640994377780276,-0.8796569742336358,0.0011726306486183422,-0.06587735831267523,-0.05336011035105862,0.13282659411885972,0.5386740428156785,-0.3332348773506733,-1.0482521451527058,0.7017774049915401,-0.2549337923528907,0.14828154647680433,0.6399373556703797,-0.45352244570481864,-0.5504561973252275,0.15724081603548373,0.7036155874815457,-0.16379192353855693,0.2141388262926614,0.45352244570481864,-0.6399373556703803,-0.03541234474315745,-0.7097714541928067,1.3644807162993,1.584010801139329,1.3832900426299712,0.6051151385615076,1.0032343553662626,0.7325910426154264,1.0079356506638961,-0.4150773999081907,0.35171115073279,0.5981708917930423,0.8970238815467907,0.7699805564767266,0.09387908442092041,-0.04248097655033679,-0.26463402725168356,0.5334696962929761,0
0.4161082917320974,-0.23087648099586283,1.4383931084795292,-0.8681093238500562,1,0,0,1,0,0,-0.6595879237025604,0.5058103918242297,1.9154599440209379,-0.6756265004137836,1.7929324036126122,0.9111420207695795,2.904444514243197,-0.9448636663929014,-0.11844245477991132,2.7736047671035675,2.8100010600078584,0.17358029795282637,-2.600755689670181,3.131516324403192,-0.3359147433160575,0.7864719042879542,1.9967269892959052,2.421461037974529,1.1515092521572485,-0.9053100327574869,-0.9097265852615906,0.9603430190359628,0.9522432202779496,-1.767040799483727,-1.289053596090082,0.9053100327574869,-1.1515092521572492,3.5575619125664613,-0.03432821836595151,0.9914787310063841,1.2997597902567817,2.2025674939319084,0.7311351137871589,-1.3619827281933365,-1.814344742034923,1.3800022317249987,-1.0257092285706153,0.326418948844831,-1.262965255902942,-0.6632507728872705,-1.2495111056718362,-1.4922798914190887,0.6160407084282594,0.1992758736982665,-1.6934293108373202,1
0.6731109153044746,-1.158516055968491,-1.168717627632051,1.478524768348486,1,0,0,1,0,0,-0.7479204827314877,1.6193294218789078,-0.0035172685858019803,-0.3486894461968555,1.4756049275073133,1.5148521591582984,-0.8419755720146763,-0.5329546054876045,-0.3490140239059973,-0.1616289675058453,0.09480156719920492,0.0038675830230558467,-0.15184297066578484,-0.9951361834582287,-1.2633165945535343,1.2382492664948677,0.0632619954785192,0.9647805710639502,-0.08286747959746427,0.08746187929198715,0.17645917966489716,-0.5340659098427696,1.7214349592418288,0.2810798194729936,0.8186737679854263,-0.08746187929198715,0.08286747959746356,-0.7595776989295921,-0.9349191994684248,1.4281639820810177,1.971625815979166,1.9124067299291387,0.6996301199807459,-0.22015379130249568,-0.2086678343205727,2.00011320016017,0.25106641317809053,-0.4070549059059717,0.36096726512590627,1.234146937075479,1.294597105582359,-0.794369942049485,-0.6186874509066087,-0.6543183440496418,0.22417816752487937,0
-1.7170134839186342,1.0059762856343069,-0.15484123025532542,1.7718540298733036,0,1,0,1,0,0,-0.5207796166571032,0.046447449921777705,-0.7199354279589849,0.9804688078496644,-0.551732720508216,-0.7220057017456804,0.07585922377474999,1.0705135150233318,0.16655835582832468,-0.2759887397595132,-0.018070416533984734,-0.4884882185237368,0.17249316102022214,0.8145388862098759,0.7893049176724163,0.4619539076852041,0.6949053781616181,0.6009434515920529,-0.007768161614413057,-0.6585353003337585,0.708393560404921,-0.6786050558861578,0.2365282744033393,1.0618992597713812,0.6101967428377827,0.6585353003337585,0.007768161614412348,0.744458036688388,0.7161642658861095,-0.027453521501095285,0.21443774870523882,0.4957394703862077,-0.40304466324369825,-0.13859458152457876,-0.1532996650890431,0.20179139169817292,1.2780381250194413,-0.17942508891434333,1.8754211892314625,1.739831520368513,2.174599058920838,0.7917890337905242,0.6983559190505837,0.4033962301162448,2.018069034379841,1
0.72451144001895,-0.6173929705677911,-1.6032360836506476,0.3052077222492148,1,0,0,1,0,0,-0.16744938054139394,-0.28208427435022915,-0.5664172509504457,0.06909560361663487,-0.5608282318070418,-0.27034107969189813,-0.7844672880168673,0.5810767932822306,0.25711588980536704,-1.0236475651648747,-0.3503913836252057,-0.6149706835476585,0.029963988879580766,-0.6575375235823586,-0.25520419100198044,0.900077070162652,-0.5823742378724804,0.5998499410548631,-0.3925077445122049,-0.44946226314143684,0.4338171140033897,-1.0532040908907194,0.5530046176144958,0.8054094950528365,1.0411626755913714,0.44946226314143684,0.39250774451220416,-0.6760201580619267,-0.3345252120667762,-0.31857702221751816,0.17567624722125458,-0.06751377738387422,-0.024984737566746233,-0.8726274695258333,-0.8177176958673952,-0.17027518936292965,0.0012624832707351544,-1.2416975682086098,-1.2994581215440402,-0.8663890242955825,-0.5330992590437151,-1.016432198667086,-0.9479482933959068,-1.211010225189582,-1.0748462533011267,0
-1.3315095485600683,-0.978141694168258,0.27967722576327125,1.7718540298733036,1,0,0,1,0,0,0.45087853266109723,-0.49141422255894146,-0.6943490651242283,0.7374359533875232,-1.3673663611520162,-0.9478380127725713,-0.47171852255208896,0.9684008063254751,-0.7126708022949072,-0.1322757681911222,-0.8099696044884964,-1.4819243022701365,0.6049567408512834,0.07107123233044532,1.4017816045978986,-0.3522512833466796,0.11173601573780842,-0.4362291383847302,-1.2550770539175564,-0.7763978591033001,0.7269496264485094,0.07511354101986571,0.6202662925711919,0.2894915496250393,0.6271073063576506,0.7763978591033001,1.2550770539175558,-0.20252742647848845,0.7912135143113154,-1.0099953364190213,-1.0130097982875779,-0.9209277891567239,-0.8756195703398886,-0.5463906304141645,0.012804842605544792,-0.728375060954584,0.7229182807808735,0.12408133374116129,0.16937972051014377,0.4691369264526849,0.5669031826293847,-0.0647368131630805,0.2044646553166367,-0.15329565102369538,0.5334696962929761,0
-0.894605088487027,0.1298722426046032,1.7280720791585935,-0.13478617003801185,1,0,0,1,0,0,-0.6469689866984278,0.4796441482981407,0.5849690766135982,-0.5124472981320601,1.317983850488593,0.7649100094709788,-0.27876602500296027,0.670538485933055,-1.2939713154572288,0.031235199540911262,-0.09411136065196855,0.7455983957033795,0.12632167541608014,0.01998344903803215,-0.24916648076612924,-0.6175621803347163,0.4807702176594289,0.3399332088689899,0.8518955842960956,0.17200761631813533,0.40759817050507535,-1.1699446260553825,1.1483117027589398,0.43452677860234734,0.4542279938722968,-0.17200761631813533,-0.8518955842960962,-0.20252742647848845,-0.4846237089171882,-0.8462383672660339,-1.0000892977929163,-0.7843815472730677,-0.11949971898598452,-0.5463906304141645,-0.9284540343304539,-1.0384305451721696,0.5008703430854462,-1.0140677512169813,0.44307621281837667,1.0007540524786946,1.142289075196852,-0.6992004034990842,-0.4540570296619595,-0.4316415915936655,0.5334696962929761,0
1.341317736592655,-0.23087648099586283,0.27967722576327125,-0.4281154315628296,1,0,0,1,0,0,-0.8236341047562825,5.552988031967626,0.7768667978742723,-0.5489022263013813,3.1826807136370032,4.694839414033987,0.26359982992293446,-0.6170707917757352,1.899297173779575,0.775691445493061,1.4423250944649604,-0.32311691097955336,-1.3586738568712504,-0.1873102487091366,-0.7697488349561223,1.4727603288280289,0.3579580257648644,1.3683621114187503,-0.671183982935474,0.22497917377587734,-0.5537001737400026,0.07583154221270717,-1.1164207653811304,-0.6929640485629791,-0.539153990341577,-0.22497917377587734,0.6711839829354733,-0.17467491285593337,-0.7097714541928067,0.03622974428062242,0.795860270964994,0.9224464762726329,-0.30852968182446,-1.1988643086375024,-1.0945585420250417,1.069946747507413,-0.4150773999081907,0.27583454506891375,0.6164173246135901,-0.10137901367278856,-0.36386811417093057,1.4579758036433286,0.4514102871836102,0.6260729825722207,0.47161139053935697,1
-0.6890029896291251,2.268596818235939,1.0038746524609323,-1.161438585374874,1,0,0,1,0,0,-0.4198281206240434,-0.11636473201833188,-0.3617263482723934,-0.13921827163662903,0.09866791162471487,0.0180982086493786,2.737640296277949,1.186696269868981,0.7850655420855324,1.4640360689630392,0.8383716051109134,0.09123918845137816,-0.7458478047201164,3.2706515097433355,0.46986992004877637,1.2703785454231027,1.7329206089322604,1.7874417114946224,1.5099934985697145,-1.373153796310799,-0.5387590219040437,-1.1580725013205344,0.20339702742808138,-0.2594838655807274,0.655164787272044,1.373153796310799,-1.5099934985697152,3.668971967056682,0.7912135143113154,0.9368930746220554,1.5323287991606835,2.3220454555801067,-0.30852968182446,-0.38327221085833024,-0.983822203561983,1.2559800380379649,-0.44283339212011924,-1.0140677512169813,0.37921369794645543,0.4302381123532211,0.2961333508329291,0.9504049313745251,0.28677986593896093,-0.32030321536567735,0.16231986177126023,0
1.5469198354505571,1.3667250092347738,1.0038746524609323,0.3052077222492148,1,0,0,1,0,0,-0.596493238681898,0.19472282990294892,-0.1442422641769629,-0.2925604298091705,0.7002401708572829,0.3758523647315823,-0.183394713605978,-0.2797859878495547,0.35409592502899556,-0.1454420723035171,-0.007560375769812755,2.029888112222668,0.5442083079965871,0.09324482708402237,-0.0028421841926130104,0.8192104504590393,-0.23066231975638557,0.32909737314265203,0.1590389773671773,2.610792360428796,0.34818394614350573,0.381167811106596,0.33916650655832725,-0.03223795127415744,0.3311283900450229,-2.610792360428797,-0.15903897736717798,-0.06326485836571254,-0.18442671521636386,-0.5460172571522233,-0.06981326217730856,-0.15285517856115927,-0.6235796198885869,-0.6279498401920818,-0.762349526635866,-0.4803306735805153,0.19555442875423396,0.19995793940503753,-0.40538291333714505,-0.17917664187171697,-0.1777138548108673,-0.2550758902638815,-1.9357308208638015,-1.266679413303576,0.038603250264021984,1
0.13340540580248203,0.7225308599482267,-0.15484123025532542,0.3052077222492148,1,0,0,0,1,0,-0.6091121756860305,0.26740683969764073,0.38027817393554597,-0.46268342793266937,1.097462057958468,0.5632261039796365,0.5814879749357426,1.1811902137445942,-0.8797381459278423,0.2155182868335865,-0.08755233439989724,1.8620050142441718,0.2793201816932719,0.5358835352908542,1.5847015336539585,-0.8257885905486558,0.2644705155892879,-0.13230545288540485,-0.6501878279857761,3.1844011310852913,-0.27312466979540306,-0.03370142923199134,0.3727936221323829,-0.028906865352972443,-0.015348200895781003,-3.1844011310852918,0.6501878279857761,0.9951306592913848,2.2921984828154374,1.5828233418366175,0.821701271954316,0.9053781960371756,1.6447799341731264,-0.13859458152457876,0.17890935030013266,1.4420133285685155,-0.6093693453916895,-0.5588081172337243,-1.6164898918010762,-1.2197199190323817,-1.1507929378293786,-1.4129719426270884,-2.0592036367972884,-1.1692583341040863,-0.9202004889170784,0
0.5960101282327613,0.5679242641194551,1.0038746524609323,-1.6014324776621007,1,0,0,1,0,0,-0.14221150653312897,-0.28789899513380446,0.35469181110078946,-0.4597901796652629,0.34847726108323646,0.13392111668099205,1.1502325977123875,0.8249684382222187,-0.5795361564234217,1.1039979710808756,0.5608970543953697,0.4757597964089551,-0.583983848117046,0.9324481055797481,0.26286312465627415,-0.9173021938183877,1.2689117562834098,0.5299564663389901,1.0187373090415193,-0.36149164093482894,-0.6677352664906611,-0.8689645636174999,-0.12955490009416568,-0.23319885849302316,-0.211794299464935,0.36149164093482966,-1.01873730904152,0.6609004958207222,0.04072103005925432,-0.555114866549611,-0.9096457943302884,-0.42594766232847037,0.038025250046078915,-0.5463906304141645,-0.983822203561983,-0.8523972546416179,-0.5538573609678327,-0.7105613285614767,0.4704458620491997,0.3265079414213163,0.2115177783965368,0.41111087958892223,0.28677986593896093,0.1250502895462747,-0.023255055489598248,1
-1.6656129592041589,-0.23087648099586283,-0.4445202009343899,-0.8681093238500562,1,0,0,1,0,0,-0.5333985536612357,0.059821307724000995,1.9154599440209379,-0.6756265004137836,1.438123319233605,0.5681452236257667,0.011334688861108512,-0.7846785306245602,0.38680872673327876,1.6633576526621394,1.4695640181077512,-0.33125292389209116,-1.5736461701092554,-1.0536204992611622,-0.7831223928514232,0.9050684670748649,0.3579580257648644,0.7142385527580766,0.7646392799752116,-1.2101494081044426,-1.0685263492083845,0.29248108709326454,0.38072603732657534,-1.892143827000157,-1.2131902653418343,1.2101494081044426,-0.7646392799752123,-0.9823978079100336,-0.7097714541928067,0.09081540066495114,0.5503707615664309,0.683490552976235,-0.37153966943728567,-0.30171300108041293,-0.6516131881728072,-0.10826409251941274,-1.0257092285706153,0.19995793940503753,-0.19098732769569646,0.028283699992091807,-0.7277150756474172,-0.2233527107470814,1.439192814651505,0.848749735028197,-0.9202004889170784,0
-1.5371116474179702,-2.060387864969657,1.0038746524609323,1.0385308760612593,1,0,0,1,0,0,-0.7100636717190902,1.0291352623460106,-0.11865590134220637,-0.3058693718392401,1.1458577368031124,1.0278593141913985,0.29304918686860104,-1.2051460405981462,0.4787411385656021,1.5626162925208094,1.638229562046536,0.4166880916267059,-1.3919374764790635,0.3334479959062959,-0.5128131610649291,1.0062001522984623,1.2298147920333993,1.767931488027404,0.4407888507730546,0.13114384342216406,-0.07431471933727578,1.1403757945128024,0.35667894114493515,-0.891530503663962,-0.403737666418335,-0.13114384342216406,-0.4407888507730553,0.4659329004628361,-0.3345252120667762,0.5547934799317504,1.0284292798688959,1.5539728449845414,0.16404522527173035,-0.7910682597479163,-1.0391903727935126,1.13195784435093,-0.05424950115312168,1.1104772073715516,0.10551720563822252,0.2746428559553643,-0.11002139686175369,0.030432725387320277,0.4514102871836102,0.5704037944582268,0.22417816752487937,0
1.110015375377516,-0.7977673323680251,-0.4445202009343899,-2.334755631474145,1,0,0,0,1,0,-0.5586364276695006,0.08133577462322976,0.08603500133584588,-0.3886162722870644,0.7872051189147748,0.36288377657360243,0.31781481864969907,0.23770535138432117,0.056628394137847135,2.1468658074510945,2.2385277018806424,-0.28597468108365975,-3.038269341931827,-0.8625065117827201,-1.283840310700087,1.840237677420064,0.4564869157187131,1.7808990081566776,0.3699083794759778,-0.7569059840490605,-1.3037355857719535,-1.6123810945359451,1.7718484821132388,-2.4476325901043965,-1.1714943889000444,0.7569059840490605,-0.36990837947597854,-0.5924626171942612,-0.9349191994684248,1.5646281230418408,2.4755253352709525,2.6122062195828764,0.6681251261743327,-0.709509049969999,-0.9284540343304539,2.558213071751823,-1.2477571662660425,-1.5452039908641146,-0.2959043164138529,0.6247321828505417,-0.48232991558187904,-0.857816301083085,1.8507688677631275,1.5167799923961247,-1.0748462533011267,0
-0.7147032519863632,0.2587110724619126,0.27967722576327125,-0.4281154315628296,1,0,0,1,0,0,-0.43244705762817587,-0.11287589954818668,0.2651395411791416,-0.4412733907538617,0.6546137962476455,0.25421595166363303,0.27184009505020285,-1.1761408440877141,0.39688902951680266,0.050703348319220284,0.6979498851661826,-0.7033394492446413,-1.69849668292035,0.016759242270244227,0.18743242180868175,-0.15339505361856468,-0.26998605105255685,-0.2442749194877543,-0.49837739391320257,-0.4649864905896614,-0.3612546320806334,1.8020559048730052,-0.6967078347347438,-0.33621049910177875,-1.1458559481096582,0.4649864905896614,0.4983773939132019,0.1317027369921738,0.340918023760079,0.49111021415003275,0.33072225315718967,0.20557870638343811,0.4475901695294441,-0.30171300108041293,-0.09793149585751397,0.139780294854656,-0.2971144330074951,1.8123358097624063,0.24236545179233895,-0.16621037050522874,-0.28348332035635765,-0.10439078755908072,2.1594509075968444,2.03171998245057,-0.06964878480481232,1
0.6731109153044746,1.0575118175772313,-1.168717627632051,-0.4281154315628296,1,0,0,0,1,0,-0.7479204827314877,1.6193294218789078,-0.19541498984647596,-0.2780941884721383,1.3087653055230202,1.4602946503557623,-0.6036727365187431,-0.39504402327166627,0.5797181527469333,0.7818254910967809,1.1445234625072214,0.7530027277640295,-0.5646841420596884,-1.1906727251768643,-0.9824822178604388,1.3675912271666628,0.07711460452216161,1.3437503427976778,0.13286549185952784,0.895231533445257,-0.3502845225748751,-0.4420187983995404,0.5818031578292011,-0.9797302774929385,-0.17602588544066047,-0.895231533445257,-0.13286549185952856,-1.0938078624002545,-0.8598699510432187,0.2727675886127153,0.9638267773955896,0.9565830367435462,0.16404522527173035,-0.38327221085833024,-0.4855086804782194,1.13195784435093,-0.44283339212011924,-0.5588081172337243,-0.5239847266707137,-0.16621037050522874,-0.5330992590437151,-0.3185222492974822,-0.7010026615289333,-0.3759724034796717,-0.45626319576493324,1
-1.1516077120594044,-0.3854830768246345,1.4383931084795292,-0.13478617003801185,1,0,0,1,0,0,0.009215737516460692,-0.3530238679098483,-0.4768649810287978,-0.07846005802109372,-0.5402225374866508,-0.21086445124323178,-0.3981818513248086,-0.3835640223276283,0.6842736399638644,-0.48479271253819073,-0.25361664121985733,-0.9971136106617277,0.015935078687976174,0.15647486887438486,-0.7237305053039679,1.346360478140041,0.4434479273089514,0.8682760635069768,-0.2971274843375756,-1.0652566185876786,0.7100294023802685,-0.19856367455808893,0.4175374488879762,1.0946390522440994,1.1774166344970554,1.0652566185876786,0.29712748433757485,0.27096530510494976,-0.5596729573423944,0.49111021415003275,1.1576342848155081,1.3150169216881435,-0.4660546508565234,-0.7910682597479163,-0.762349526635866,0.44983577907224165,1.5833540393506536,0.6552175733882943,2.77861961384863,2.6474705160226755,3.1053703557211536,1.870377137361731,0.6160407084282594,0.1250502895462747,2.884085314930511,1
0.544609603518286,1.0059762856343069,-0.8790386569529866,1.7718540298733036,1,0,0,1,0,0,-0.2684008765744537,-0.22975178729805104,-0.7199354279589849,0.9804688078496644,-0.9386592554683026,-0.9344222319194887,-0.9221330181548696,-0.8717892917931344,0.8370344921624484,-1.22937164599285,-1.1913779057237481,-0.6710348611926862,1.1594382854758996,-0.6688358820518651,-1.7601604268182085,1.4640262920814509,-0.825578671265446,-1.1419907333015988,-0.36119580761071546,-0.5569819125050662,0.6139554762574877,-0.5667319134905114,0.3269510417769498,0.8421721030369367,0.4339179457150407,0.5569819125050662,0.36119580761071474,-0.5924626171942612,-1.6103624352952797,0.2454747604205509,0.9896677783849125,0.5640125913280355,-1.6317394216937933,0.758556726032511,1.0648000580046022,-0.29429738304996345,1.194770148383656,-0.02767187758659086,1.9575301369239315,1.8694942340333933,2.1915221734081167,0.728342674756924,0.8629863402952329,0.6260729825722207,1.9562107286262216,0
0.72451144001895,1.3409572432633117,-1.6032360836506476,-1.161438585374874,1,0,0,1,0,0,-0.16744938054139394,-0.28208427435022915,-0.6431763394547153,0.2803027271373052,-0.7598128248957374,-0.43356641340440355,-0.2228122241460715,-0.8907976498023558,0.013182368055720737,0.19878049472297907,1.105870445552855,-0.11035787823772264,-1.311043407506449,-0.8292159374988927,-0.01288285003550892,0.40303160207641214,-0.23587547256893368,0.669284261928018,-0.5609884768922861,0.4058665575902641,-0.5187169728694995,1.2097419738711201,0.3869871531231492,-0.5024297050294669,-0.7842599241296424,-0.4058665575902641,0.5609884768922854,-0.9266927806649233,-0.3345252120667762,-0.982702508226857,-0.6512357844370638,-0.6990401460957827,-0.30852968182446,-1.1173050988595852,-1.0391903727935126,-0.728375060954584,-0.49834537654397587,1.1104772073715516,-0.031331040515893936,0.1709126850234604,-0.0423289389126401,-0.7626467625326843,0.4514102871836102,0.7374113588002092,-0.3944048900113141,1
1.9067235084518848,0.1298722426046032,-0.4445202009343899,0.3052077222492148,1,0,0,1,0,0,-0.33149556159511606,-0.15997513789514695,-0.46407179961141953,-0.1044992924277517,-0.179089721910377,-0.04227280518949327,0.7779890572596289,-0.31862626640859093,-0.03531861439358423,1.0239122199391553,0.976738046683393,0.320598401526367,-0.5420824815088093,0.5212900530004112,-1.6055351461698264,-0.44379017244612806,1.5564726261044837,1.5363052466975184,0.013895103188392356,0.4234769879856554,-0.560945843688333,-1.1710653139728369,-0.39768459529066846,0.16013226067428307,0.2300957584701281,-0.4234769879856554,-0.013895103188393775,0.18740776423728422,-1.6103624352952797,-0.9281168518425269,-0.9871687972982559,-0.40887938209301433,0.006520256239666901,-1.2804235184154193,-1.4267675574142176,-0.5423417704240322,-0.7481493064513315,-1.317574173872486,-1.2173491738515698,-1.2035120798242718,-1.0746389226366257,-0.4771381468814831,-1.0302635040182315,-0.9883334727336057,-1.0748462533011267,1
2.8319329533124433,0.7998341578626126,-0.15484123025532542,-0.13478617003801185,1,0,0,1,0,0,-0.785777293743885,1.8577329740054969,0.2267599969270068,-0.4401160914468991,2.0006299528757947,1.768857609976663,0.19618090254385842,-2.3886335816209914,2.331777623694341,1.435310413179225,2.5857910368816004,0.6379784824725677,-2.294723610597025,-0.058493530870995576,-1.5530428848181108,1.3041044484027993,1.466183027132059,2.259309022133741,0.5581846313588362,0.3165258375355961,-0.33124036739795476,1.7226702842176387,-1.877118923311704,-0.4851697779676747,-1.155879468263251,-0.3165258375355961,-0.5581846313588369,-0.09111737198826762,-1.4602639384448675,-0.11842961547497735,0.5632912620610914,1.178470679804488,-0.30852968182446,-1.7697787770829225,-2.0911855881925696,0.44983577907224165,-0.3040534310604773,1.6416134470186852,0.06902433999712428,-0.9182541097615345,-1.0238695791747903,0.9186817518577256,0.4514102871836102,0.6817421706862145,-0.2706882785040748,1
1.3927182613071303,-1.3388904177687242,0.5693561964423357,0.3052077222492148,1,0,0,1,0,0,0.021834674520593164,-0.36349036532028395,0.44424408102243734,-0.4864080637254022,0.2556084424433621,0.09635693029236066,0.05344798205936974,-0.8319666698294866,0.18713255405905047,0.1657530227787677,-0.041725533339950605,0.5601062523480362,-0.29519525087399334,0.09717258824240738,0.2207563308177931,-0.2399105965951647,0.39247591488203865,-0.29161349533984265,-0.6392523306161405,1.3979208031972914,0.022772985100434923,1.3630492100018157,-0.4969034830647985,0.16525075855317714,-0.23045858334776537,-1.3979208031972914,0.6392523306161398,0.0759977097470634,0.19081952690966666,-0.027453521501095285,-0.1473362651452761,0.017827623793410803,-0.37153966943728567,-0.5463906304141645,-0.319404172783631,-0.17027518936292965,-0.22078545442469194,0.8069707847160468,-0.9254062487227878,-1.0090180093269512,-0.8884846632765624,-0.5723076854318833,-0.7833178721512579,-0.2089648391376897,-0.7036964187794109,0
-0.9717058755587404,2.8097199036366387,1.7280720791585935,0.3052077222492148,1,0,0,0,1,0,-0.6722068607066928,0.7383992231672435,0.13720772700535894,-0.4053971122380218,1.1681743538733984,0.881180110197695,-0.5371306676281555,-0.6355485832699622,1.0971972820544662,-0.7034825986929717,0.7621212948935028,0.32266422546166806,-0.7503264059702341,0.7409519068350388,0.06720953559242938,0.4226829175647529,0.2496598145810236,0.4587954933769703,0.8164553486475558,-0.3696749546284684,1.4872436834867064,0.9396394132830105,-1.0751498721275794,1.1979180044085744,-0.5428705070017164,0.3696749546284684,-0.8164553486475564,0.744458036688388,0.11577027848446049,0.17269388524144552,0.369483754641173,0.4616029099152932,-0.024984737566746233,0.2692014673650073,-0.09793149585751397,0.5118468759157585,1.7498899926222238,1.2622304186993043,0.8718673841012752,0.11904759955750843,0.600749411603942,0.1890486229713212,1.0276167615398821,0.9044189231421907,0.40975308478573785,1
-0.894605088487027,-0.6946962684821769,1.7280720791585935,-1.161438585374874,1,0,0,1,0,0,-0.6469689866984278,0.4796441482981407,-0.06748317567269331,-0.3284367083250104,0.9228507264231826,0.6227027324283028,0.28608512372669265,0.06613202714934649,-0.8573717723382694,0.605523200872633,0.04515627721801255,0.5965372119623688,0.08515259434144509,-0.09576314514455893,-0.27597800757617685,-0.637293929728883,0.2672104952758179,-0.007168165735894592,0.6190712565440033,0.19961827368027837,-0.4934937349117608,-0.3672369922872738,0.5316369959255677,-0.5530614262463389,-0.06570369062651225,-0.19961827368027837,-0.619071256544004,-0.3417899945912644,-0.5596729573423944,-1.028190555213798,-1.1551353037288514,-1.0062691903340089,-0.40304466324369825,-0.30171300108041293,-0.5962450189412776,-1.2244638357027204,-0.3595654154843339,-0.17942508891434333,0.589047675382767,0.7932937106148858,0.49921072468027106,0.28421816152172197,0.12214944469431245,0.23638866577426285,0.7190446135538346,1
0.44180855408933456,0.1298722426046032,-0.8790386569529866,-0.13478617003801185,1,0,0,1,0,0,-0.571255364673633,0.14239034285077085,0.5849690766135982,-0.5124472981320601,1.096491863003993,0.5055382463113811,-0.12029434434274407,0.2616669687658439,-0.31672017952439263,-0.7258912373465739,-0.8056818486770468,-1.6445327912670091,0.06061719198726412,-0.15748483218256223,-0.8446385370333532,0.8645520728338326,-0.8166607079589785,-0.479894793274852,-1.5422375806300568,-0.7133741297612541,0.009915225367968298,-1.205286471059788,1.3017585517126131,0.17084545256107347,0.5789020006356949,0.7133741297612541,1.5422375806300554,-0.23037994010104354,-0.8598699510432187,-0.32767463161490584,0.14983524623193267,-0.18699173903207253,-0.8126095827270634,-1.0357458890816678,-0.4855086804782194,0.015758101167622184,-0.05424950115312168,-1.1658209625447336,-0.21379536872138252,0.4691369264526849,0.5161338391675497,-0.8895394805998851,-0.37174181903963527,-0.7099875321636356,-0.332546584257695,0
-0.2263982671988458,-0.9523739281967958,-0.4445202009343899,-0.4281154315628296,1,0,0,1,0,0,0.7789708947685415,-0.5542132070215552,0.6361418022831113,-0.5234416415482046,-0.07045034528156541,-0.02170194121476656,-0.01324586106079036,0.7656145360718829,-1.212631205840891,-0.34254202701675573,-0.029633272031172626,-0.46733878090406145,-0.263800779893422,-0.45061367504463096,0.0704147753290771,-1.1263536343100695,-0.8171201290125581,-0.5838527076028494,-0.7076772998718532,0.06447137185505257,-0.43182918244057905,-0.9802900018642229,0.5258307044191407,-0.3474901530181971,-0.53149382630685,-0.06447137185505188,0.7076772998718532,-0.3974950218363748,0.11577027848446049,0.16359627584405784,-0.4574282770171454,-0.7331767065666972,1.140700033270523,-0.30171300108041293,0.012804842605544792,0.07776919801113909,-0.3595654154843339,-0.8623145398892288,0.269735101023162,0.5080357405521495,0.3299795798074865,-0.5723076854318833,0.28677986593896093,0.3477270420022505,0.038603250264021984,1
2.266527181453213,0.3617821363477598,-1.168717627632051,0.3052077222492148,1,0,0,1,0,0,-0.34411449859924853,-0.14253097554442093,-0.2977604411855021,-0.20923487970786495,0.06810667254253416,0.052084853477187956,-0.5994301980090095,-0.4175866405629434,-0.2835631983652174,-0.4843406537271358,-0.25567829029136474,0.7321339807098081,0.5016543803773107,-0.4616815863936895,-1.2330187267592092,0.2333559282754872,-0.05637104327372157,0.9408883566608801,1.8079685643491117,-0.7945777810288902,0.37221548078406913,-0.6620603234459715,0.6221405947455644,0.5984164145756238,1.2509886506899612,0.7945777810288902,-1.8079685643491121,-0.3696425082138195,-1.0850176963188372,0.36374368258659734,0.4340862571144791,0.39332978897346543,1.0146800580448727,0.2692014673650073,-0.4855086804782194,0.20179139169817292,0.5008703430854462,-0.482931511569848,0.561678026151944,0.8192262533478623,1.0407503882731821,0.6014499566897238,-0.6186874509066087,-0.9883334727336057,0.7190446135538346,1
3.4744395122433867,1.2121184134060021,3.176466932553916,0.3052077222492148,1,0,0,1,0,0,0.2868323516073751,-0.4512926491522716,-0.23379453409861076,-0.2572628009468119,-0.40417036351694463,-0.1482574739288461,2.792089576187695,-0.47517079837170106,1.1139908591055758,1.8725607644727198,2.813183042681481,2.6952481852274586,-1.9074307092307357,4.244229452892865,1.099698070306149,1.3061051105215202,2.3088483324476603,2.6018923471459194,2.2117880550385642,1.4823726005156324,0.3583155384150388,1.753840218836977,-0.2103531475345596,-0.2402943014334275,-1.1170342741053696,-1.482372600515633,-2.211788055038565,4.978040107316776,1.6167552469885829,1.3007974505175837,1.8941028130111983,3.0047766649983867,0.2270552128845555,-0.7910682597479163,-1.5375038958772762,1.4420133285685155,0.08453045990652028,1.1863538130354276,-0.8159276517994943,-0.7885913960966542,-0.8207922053274488,-1.238494455284687,-0.4540570296619595,0.29205785388825667,-0.5799798072721716,1
0.72451144001895,0.8513696898055362,0.27967722576327125,1.478524768348486,0,1,0,1,0,0,0.3877838476404349,-0.46757386734628253,0.022069094248954552,-0.3648916364943316,-0.2355121212665667,-0.0776010281026109,-1.06090303865135,-1.7510525761288398,1.4016348174903601,-0.4851507825483575,0.5849358542236414,-2.0854229856519715,-1.2431678200203726,-0.18692906995585615,-0.3788704746108762,0.3051063737704592,-0.08203000084870152,0.2718549309654988,-2.8889823803873096,0.020989325180847843,1.288434176306259,2.0238304896194723,-1.6094792692608628,0.5740678632440339,-0.4950318304696687,-0.020989325180847843,2.8889823803873096,-0.4501053253456458,-0.6847550380510711,-1.1818390694807983,-0.8680130705141577,-0.8488617170514613,-0.8056084729923056,-1.9419593310585257,-1.1560787300600741,-0.549231892295534,0.7506742729928018,1.2622304186993043,-1.0713777112871794,-1.6184327635518894,-1.3454087544330806,-0.2550758902638815,-0.04248097655033679,-0.04195727479570725,-1.2604211705619852,1
2.215126656738738,0.5163887321765315,-0.15484123025532542,0.5985369837740325,1,0,0,0,1,0,-0.07911682151246661,-0.32453173607032915,0.29072590401389814,-0.44763853694215583,0.2556084424433628,0.09635693029236066,-1.254649460580765,-0.3852082039544846,-1.0117684940155174,-0.819665476503781,-1.699244442454848,0.8024913309940287,2.002893992671836,-0.766233463054739,0.09122761013273824,-1.2931798122930915,-0.424338956720946,-1.2330473245314943,0.4783555005605047,0.6200753015809853,0.9790091684610046,0.6201001660683492,0.08360042819551111,0.6865479326565701,1.0052702781105627,-0.6200753015809853,-0.4783555005605054,-0.5367575899491508,0.491016520610491,1.2189189659410893,0.2531992501892221,0.06903246449978255,1.1722050270769362,1.8188264531454346,1.6738499195514247,-0.046252995675895824,0.9727222106882286,0.6552175733882943,0.19674936974096682,0.20981149912292413,0.4822876101929924,0.5380035976561225,-0.8656330827735822,-0.7099875321636356,0.5953280020465953,1
0.5960101282327613,0.8256019238340739,1.0038746524609323,-0.4281154315628296,1,0,0,1,0,0,-0.14221150653312897,-0.28789899513380446,-0.3233468040202586,-0.17914509772683793,-0.18881334268781735,-0.08296734044384395,0.8456734490665905,1.0475441845895495,-1.3824877305771912,0.620533644578151,-0.25087089621242303,0.5343645311929257,0.09898926692048016,0.8874813163654224,0.303592752360329,-1.0957352325977476,1.1527007963495788,0.5893920517106725,1.1921218465220598,-0.45352244570481864,-0.2891686424624176,-1.1336547136738098,0.7887988048544039,0.3046974575118212,0.901571074361255,0.45352244570481864,-1.1921218465220604,0.438080386840281,-0.10937746679115769,-1.06458099280335,-1.3877043126327533,-0.9550643496276378,-0.08799472517957138,-0.5463906304141645,-1.0391903727935126,-1.1624527388592034,-0.05424950115312168,-0.8623145398892288,1.0634549287170376,1.3638096507403592,1.4299820214805863,0.664896315723324,-0.04248097655033679,-0.26463402725168356,1.0283361423219313,1
-0.2263982671988458,1.4182605411776974,-0.8790386569529866,0.3052077222492148,1,0,0,1,0,0,1.9020562881363317,-0.6815555921818551,-0.38731271110714993,-0.12764527856700325,-1.175778734312726,-0.425516944892554,-1.5917191789831089,0.33272770673285085,-0.3457090181639697,-1.9745801550971684,-1.8921117977709245,-0.14423627030561068,1.5102439470672444,-1.1219231145534994,1.1067307321991224,0.3320168930443756,-1.8053164384185059,-1.3899375388811355,0.6912331826893887,-0.8822777243979375,1.092311908271945,0.6520193326292926,0.8062407670733087,0.8774095231360413,1.102834527776305,0.8822777243979375,-0.6912331826893894,-1.0938078624002545,0.8662627627365218,-0.3367722410122935,-0.12149526415595328,-0.8185181077439823,-0.49755964466293656,1.0847935651441794,0.7879592118469556,-0.8523972546416179,1.8331579692580091,1.4898602356909325,2.158240897949969,2.3622125459599386,2.6992156080264706,1.0772976494417266,0.6983559190505837,0.29205785388825667,2.265502257394317,1
-0.7661037767008384,-2.060387864969657,0.27967722576327125,1.0385308760612593,0,1,0,1,0,0,-0.23054406556205628,-0.2605698074510004,-0.11865590134220637,-0.3058693718392401,0.11327370922448765,0.03598591645348879,0.17937640894947882,-1.5239911966628306,0.7492374596201765,0.3607008635874298,0.3737544156079432,1.0560142246917024,0.41600574202377527,-0.026825003513185362,-0.6998530701070956,1.6026571437972963,-0.30284488733946596,0.05913040623809881,1.5632622420125306,-0.11014700605881247,-0.27623049059119137,1.390628302618195,0.5862831629462885,-0.7875794024450192,-0.4281697123816788,0.11014700605881318,-1.5632622420125313,-0.09111737198826762,-0.7097714541928067,-0.23669853764102378,0.6020527635450756,0.4445346296798359,-1.2851844898232538,1.4925896140337656,0.7325910426154264,-0.790386157798101,-0.24854144663662048,1.33810702436318,0.0872707728176734,0.37837302688726915,0.025363519036474696,-0.28679906978068154,0.7806711296729086,0.793080546914203,0.16231986177126023,0
0.2619067175886707,-0.3854830768246345,-0.4445202009343899,1.0385308760612593,1,0,0,1,0,0,0.2742134146032426,-0.4460594004470538,0.36748499251816774,-0.46210477827918806,0.04597762554260028,0.014073474393453808,-0.38690688346916985,0.03791287196352662,-0.23935240115990847,-0.8538229086434302,-1.1613981644755842,-0.3895830859666338,1.3201881642362039,-0.4941081825925347,1.6380833576074019,-0.6687442003603095,-0.46768536558020446,-1.2916867760338349,0.2792118624399347,-0.8082637896695036,0.04429636567437634,1.5889593411741483,-0.3448206771787893,0.68971086279808,0.24879376404820538,0.8082637896695036,-0.2792118624399354,-0.48105256270404034,1.4833343608993275,-0.05980057713625324,-0.3942613857099129,-0.5454256239766699,-0.35053634023301067,1.8641371252442773,1.8584104836565227,-0.34252823615047884,0.4731143508735179,2.400379503657447,1.74769615948762,1.2600794798084554,1.5145975939169787,1.2993599060593275,1.439192814651505,1.0714264874841732,1.275769365336409,1
1.0586148506630406,0.28447883843337485,-0.4445202009343899,0.3052077222492148,0,1,0,1,0,0,-0.1800683175455264,-0.28208427435022915,0.21396681550962854,-0.42680714941682946,0.3043920276972623,0.11290306001116258,-1.1221444619259624,0.5848674330469633,0.8697117096080245,-1.302165547882017,-0.8279217132162647,-1.4415274548413821,-0.3177520426144034,-0.5363769168043054,-0.3815027522001568,0.5968778326788843,-0.7762434743748812,-0.10763108388358998,-0.67984341407292,-1.2918110976951038,1.0244276949985576,-1.1849299889790168,-0.5891203833853748,0.9894319049400344,0.9712579707242167,1.2918110976951038,0.6798434140729193,-0.5924626171942612,-0.4846237089171882,-0.45504116317834126,-0.09565426316663046,-0.3918111018575571,-0.37153966943728567,-0.7910682597479163,-0.5962450189412776,-0.35630847989348147,1.1392581639597994,-1.0140677512169813,0.5251851605108457,0.11904759955750843,0.5161338391675497,1.2041903675089267,0.7806711296729086,0.18071947766026855,0.40975308478573785,1
-1.3315095485600683,0.6709953280053031,1.0038746524609323,0.3052077222492148,1,0,0,1,0,0,-0.25578193957032125,-0.2530106704323524,-0.3745195296897717,-0.13343177510181614,-0.13706727454065257,-0.09146400165079628,0.7254619870859755,-1.0099422759569074,0.7657406159021815,0.4163228888954387,0.1562982621908728,1.24102243583909,0.033736051645360726,1.2769088042886616,-1.151788255572029,0.7204910809463889,1.2522575623291707,1.061451699589541,2.357232434132835,-0.6452678416013011,0.26709967914184507,0.23234127883977218,-0.32276902194460505,0.679291798802518,0.8331055941330887,0.6452678416013011,-2.3572324341328357,1.6635909862327087,-0.8598699510432187,1.1643333095567605,1.4160442947087326,1.9636115706355104,0.1010352376589052,1.0032343553662626,-0.04256332662598434,0.6978801664463103,0.16779843654230542,0.12408133374116129,-0.25028823436248077,-0.37367071236903754,-0.093098282374475,0.41111087958892223,-0.12479618717266176,-0.4316415915936655,-0.08511336124321738,0
-0.12359721776989524,0.5421564981479937,0.714195681781868,-0.8681093238500562,1,0,0,1,0,0,0.059691485532990585,-0.37453833480907706,-0.2849672597681238,-0.2260157196588223,-0.31148580580967433,-0.11337644371083126,-0.18538006000153195,1.4401400141921281,-0.6243851922109369,-0.1334805207335956,-0.006060275432075155,-0.25841182192433987,-0.5074628583100663,-1.0158306410807292,0.3052307441612512,0.4532525548760794,-1.183900663609891,-1.3770435994735573,-0.31054414497595056,-0.04444900248725973,-0.7572305213173791,-1.6708639063970379,1.3090305809208134,-0.9936120600776478,-1.3365364002274787,0.04444900248725973,0.3105441449759499,-1.038102835155144,0.04072103005925432,-0.6551885699208807,-0.3411437725651945,-0.767313267037611,-1.222174502210428,0.5954383064766764,0.8433273810784847,-0.9144083514851348,-0.6926373220274746,-1.5452039908641146,0.14201007127932075,0.806259981981374,0.31305646532020776,-1.6191726094862895,1.6038232358961542,1.739456744852101,-0.5181215015185524,0
0.46750881644657266,0.7225308599482267,1.0038746524609323,-1.6014324776621007,1,0,0,1,0,0,0.12278617055365294,-0.4024489945702387,-0.1826218084290977,-0.2780941884721383,-0.2485703341867529,-0.09459435051651556,1.5939750688048089,-0.061513278371649376,-0.6337222528200416,0.20518285236393322,-0.7651752799576849,0.21709565674219036,0.7890583545932977,1.4820992373979682,-0.31559481566784264,-0.5573833026986253,0.46838809149957217,0.051512477913515986,0.42176776227307794,-0.12221154853286169,-0.7355650398630765,-0.2317270532328407,0.3062030840548123,0.18725681746107717,1.0450572477348843,0.12221154853286169,-0.4217677622730786,1.6635909862327087,-0.10937746679115769,0.6548671833030202,0.24027874969456073,0.4274663494443799,0.6996301199807459,0.6769975162545934,0.5111183656893089,0.6358690696027934,-0.8314172830871166,-0.482931511569848,-0.8797901666714156,-0.6070635969658218,-0.4992530300691578,-0.09645999267988113,-0.9479482933959068,-1.0996718489615938,-0.6418381130257917,0
-1.3829100732745436,-0.8235350983394863,0.27967722576327125,1.7718540298733036,1,0,0,1,0,0,-0.3945902466157784,-0.11927209241011955,0.23955317834438508,-0.4401160914468991,0.5804906844440905,0.24840244662729724,-1.1899729247788497,-0.3961296662873014,0.18355383315768656,-0.40201282995638954,-0.5647572670059392,-0.8384873644110138,0.11928556559577522,0.1468132663636417,-0.7644200582000362,0.9064712085588184,0.22986835280603862,0.4726562979893367,0.09840925777350726,-1.2411978630008902,1.801380404960387,-0.22207883473350432,0.6599919058351515,0.7710269213452609,1.1956689865426602,1.2411978630008902,-0.09840925777350797,0.744458036688388,-0.18442671521636386,2.292436874832897,2.5530483382389213,2.561001378876506,0.8886600828192224,0.5138790966987595,0.5111183656893089,2.806257459125893,2.6658377356158605,0.4275877563966659,2.121748032308871,2.232549832295058,2.5130613486664073,1.4579758036433286,0.6983559190505837,0.1250502895462747,2.3273605631479377,0
-1.7941142709903475,-1.2100515879114147,1.4383931084795292,-0.4281154315628296,1,0,0,1,0,0,0.816827705780939,-0.5559576232566278,-0.08027635709007157,-0.3232288614436788,-0.514436650351029,-0.17777219180562792,0.6525322382758407,2.0479196699434183,-1.0068578170018425,0.7035503407517635,0.28485876200030996,-0.3009963254239623,-0.7785146713272203,0.80724704511592,0.8012617754401269,0.08956613104133208,0.660401634251423,0.5682681573553442,0.5209310369862826,-0.9271761482887021,-0.10077022574043142,-2.0081475597893363,1.466413689749844,-0.2956081652373207,0.18447290940222702,0.9271761482887021,-0.5209310369862833,1.1622457410267157,1.2415090048625523,1.1825285283515359,1.0542702808582185,1.3150169216881435,0.7941451013999841,0.5138790966987595,0.2896456887631914,0.8839134569768611,-0.24854144663662048,-1.9245870191834955,-0.615216890773458,0.1709126850234604,0.04228663352375219,-1.2702176348014877,0.9453015509175579,0.514734606344233,-0.6418381130257917,1
1.0329145883058024,-0.10203765113855341,0.5693561964423357,-0.4281154315628296,1,0,0,0,1,0,0.16064298156605036,-0.41349696405903186,0.7384872536221374,-0.5454303283804937,0.2907609539530286,0.10351201341400473,0.26904863354703623,0.8085334434642224,-0.10167639201464797,0.4957678800874485,0.49081452042759705,0.3530740423157454,-0.7916935845152848,1.0015403608193156,0.61668153057728,-0.3702708263495849,0.570000448229234,0.13113786578306416,0.3041828515459622,0.17986603418274572,0.6266086534234813,-0.49195950565070207,-0.23309143763564766,-0.10454773446760597,-0.5100523126479348,-0.17986603418274572,-0.3041828515459622,0.577342954953057,0.19081952690966666,-0.9372144612399159,-0.9613277963089331,-0.71610842633123994,-0.6235796198885869,-0.6279498401920818,-0.8177176958673952,-1.1624527388592034,1.194770148383656,0.04820472807728505,1.9119140548725593,1.4675398216722642,1.3284433345569153,1.0772976494417266,1.6038232358961542,1.9064643091940836,1.9562107286262216,0
0.8787130141623758,-0.6946962684821769,-0.15484123025532542,-1.161438585374874,1,0,0,1,0,0,-0.3188766245909836,-0.17334899569737022,-0.06748317567269331,-0.3284367083250104,0.2609386509785842,0.12050533582790941,0.50484179205674,-0.7657998908936391,0.09817930910912358,0.2619233030187554,-0.1562915274790783,0.2715913088704233,0.3283098988059489,0.16149030162427674,-1.3272785980495265,0.7118485223960156,-0.3270639831497547,-0.39404139796781257,0.1765838412788985,0.1952844489803987,-0.5406355944659189,-0.2785541792287997,0.5811247100197077,-0.6781525315389951,-0.18151809092940993,-0.1952844489803987,-0.17658384127889992,0.5216379277079463,-1.009968447893631,1.4008711538888534,1.6227723026233125,1.3832900426299712,0.06953024385249205,1.166352774922097,1.1755363964676604,1.069946747507413,-0.4150773999081907,-0.1035484832504671,0.5434315933313949,0.7803274392483975,0.43151826673115745,0.1890486229713212,0.36909507656128593,0.514734606344233,0.7190446135538346,0
0.13340540580248203,1.1863506474345409,-0.15484123025532542,-0.4281154315628296,1,0,0,1,0,0,0.5896868397065544,-0.5175804660850305,-0.31055362260288033,-0.18840349218253855,-0.6473192710766245,-0.25245337188778794,0.5394117903686079,0.755496984970433,-0.3575601040438683,0.37363256632002273,-0.5681196007865222,-0.255384661530542,0.21248552955064168,-0.21814353128815658,-1.2806885529446068,1.079948235189906,0.09095284363941193,0.49700979783436894,0.8518955842960956,-1.1932138872518323,-0.9680316714027315,-2.319908999739904,1.5740404671174517,-0.4145662095039748,1.2238166377055044,1.1932138872518323,-0.8518955842960962,-0.3696425082138195,-1.3101654415944555,-0.7097742263052108,-0.09565426316663046,-0.05044549714841698,-1.033144539371952,-0.5463906304141645,-0.9284540343304539,-0.9144083514851348,-1.1089772052064004,-2.2280934418390004,-1.564031397441998,-0.6848612251647502,-0.7869459763528921,-1.016432198667086,-0.9479482933959068,-1.4336869776455579,-1.569712699330082,1
0.08200488108800677,-0.1535731830814779,-0.4445202009343899,-0.4281154315628296,1,0,0,1,0,0,0.47611640666936217,-0.5001363037343045,0.5593827137788417,-0.5112899988250976,0.03157973830338541,0.01049593283263177,1.7699466881883892,-0.008244527709073133,-0.16822763790217218,0.9448935751692771,1.4140680774388368,1.2424508014775082,-0.8244068785310773,1.3513105037395825,0.1633706798986989,0.09105492708962641,1.351770816883804,1.6207989026691885,1.3634784946753398,0.3422733367180179,-1.1109404218749361,0.17497703375970486,0.3214742370928824,0.06390254194219092,-0.25596309047155963,-0.3422733367180179,-1.3634784946753404,1.217950768271826,0.11577027848446049,-0.09113678728281299,-0.031051760693324323,0.512807750621665,0.3845801819166189,-0.13859458152457876,-0.7069813574043363,0.139780294854656,-1.0604042188355258,0.10511218232519232,-0.15677526615716733,0.028283699992091807,0.05497896938921152,-0.6992004034990842,0.10157064203873102,0.29205785388825667,-0.06964878480481232,0
1.0843151130202777,-1.0812127580541053,-0.8790386569529866,0.3052077222492148,1,0,0,1,0,0,1.031349634851191,-0.594334780428225,1.5956304085864812,-0.6542164632349758,0.1600384416897268,0.04850731191636592,-0.20396234002447386,-1.582446925487461,1.543184798700024,-0.5732472725942765,0.07705000767711472,0.1089178952478546,0.3449899212057107,-1.031868865076613,0.6884136604123341,-0.6746111499414621,-1.0656657846257394,-1.1376675396677574,-0.6300765684554116,0.7734532878151856,-0.7474166130466856,2.8615957597686976,-2.787504463259597,-0.28227586763088147,-1.210879707044931,-0.7734532878151856,0.6300765684554109,-0.9266927806649233,0.7912135143113154,0.381938901381374,-0.04397226118798574,-0.4600842227993849,0.5421051509486824,0.5138790966987595,0.954063719541543,0.07776919801113909,-0.7481493064513315,2.476256109321323,-0.2776578835933038,-1.6184327635518894,-1.5992554717422576,1.2359135470257274,-0.28942660841731066,0.06938110143228039,-0.7036964187794109,0
-2.0254166322054865,1.8820803286640106,1.0038746524609323,2.9451710759725747,1,0,0,1,0,0,-0.11697363252486404,-0.3076690457979606,-0.7455217907937414,1.206142172707367,-1.2263655233388107,-1.1687512041533321,-3.7791443726617517,1.784882322304566,-1.520320563466465,-1.9418794813316136,-2.6421159191409584,-0.9377324456028405,2.2819982737380804,-0.15096749779419066,1.0960089172547498,0.9989034293817936,-0.5697525775193993,-0.1761127495712398,0.3758588387947461,-1.6517274332983856,5.104147299760144,-1.3518493290048195,3.0821307539482374,2.0583969967605538,3.2629402726687236,1.6517274332983856,-0.37585883879474674,-0.14682239923337803,1.0163612595869336,0.00893691608845806,0.5245297605771081,0.2567835470898098,-0.6235796198885869,0.758556726032511,0.6218547041523672,0.07776919801113909,4.442221237179277,-1.317574173872486,-0.33239718205494984,1.234146937075479,2.140752829946282,-1.6826189685198898,-1.853415610241477,-2.3800631755834565,0.2860364732784985,0
-1.691313221561397,2.8612554355795634,-0.15484123025532542,-0.13478617003801185,0,1,0,1,0,0,-0.5460174906653681,0.08424313501501743,-0.7966945164632545,1.8513365363390037,-1.0158679819448961,-1.365963182693647,0.834671592306692,1.2348577994085328,-0.43210417145390456,0.2103154389353097,-0.4233692579845043,-0.38498400514789455,0.4275492363661381,1.0954737683492894,0.6439736777741837,0.7087471548263222,1.8082526346470034,1.7197039693443912,0.9953441571592244,-1.5122424827725962,-0.06604668550091719,-1.0497623895742023,1.3029234172383306,1.5089097694491476,2.229356983144301,1.5122424827725962,-0.9953441571592251,0.6330479821981672,0.19081952690966666,-0.9918001176242447,-0.5220307794904515,0.17144214591252482,-1.0646495331783645,-1.1173050988595852,-1.5375038958772762,-0.6043528672675491,-0.10976148557697851,-1.0140677512169813,-0.15905607025973648,0.5210020119186368,1.142289075196852,-0.3502454288142823,-1.277209135885205,-1.823371294443516,0.34789477903211874,0
1.135715637734753,1.8820803286640106,-0.4445202009343899,2.9451710759725747,1,0,0,1,0,0,-0.5207796166571032,0.06098425188071606,-0.7455217907937414,1.206142172707367,-0.6838296555009996,-0.8852310354581858,-4.245912211024582,-0.051949715329133075,-0.6135200318427136,-1.14604983948996,-1.0290151819428839,-0.8068825145887661,0.4474923581704925,-0.9122121592667728,-1.2487403119777178,1.7035395837750955,0.28462668799593865,1.5127623448852656,0.1590389773671773,-1.2582244350408798,4.9925726451215215,-1.179658017046054,2.550595429534531,1.8304703477866628,2.814688128018317,1.2582244350408798,-0.15903897736717798,-0.6203151308168162,-0.8598699510432187,1.7738731391817693,2.5918098397229046,2.6292744998183335,0.8256500952063961,-0.6279498401920818,-0.762349526635866,2.6822352654388593,3.970369369576495,-1.2416975682086098,-0.7611883533378483,0.533968283285125,1.294597105582359,-1.6191726094862895,-1.6887851889968277,-2.1573864231274804,-0.08511336124321738,0
2.8576332156696815,1.6244026689493918,-0.15484123025532542,2.505177183685348,1,0,0,1,0,0,-0.7731583567397526,1.8577329740054969,-0.7711081536284979,1.5706914544005788,0.21019201111646588,0.21486299449459065,-1.9851576819711407,-0.024163424637923873,-0.04988130813019479,0.054435027990465026,0.6409380705155643,0.26476308929199643,-0.5687992193536918,-0.11708427828821494,-0.6962195473597456,1.002157074281946,1.6309570915288358,2.3595153943769236,1.7556215933338128,-1.3800988454323733,2.6434208495732947,-0.6642924002078063,1.0752606312412416,1.5436909224413367,1.4703566579708365,1.3800988454323733,-1.7556215933338135,-0.3974950218363748,-0.9349191994684248,-1.1919475243667854,-0.5737127814690962,0.0519641842643253,-0.8126095827270634,-1.2804235184154193,-1.8697129112664523,-0.6043528672675491,2.776861704463574,-0.482931511569848,0.5708012425622179,1.078551680677623,1.734598082251598,-0.44541496736468245,-0.12479618717266176,-0.7099875321636356,0.6571863078002155,1
-1.074506924987691,-0.6946962684821769,0.27967722576327125,1.0385308760612593,1,0,0,1,0,0,-0.6722068607066928,0.5465134373092572,-0.438485436776663,-0.10739254069515815,0.6019235101655307,0.5033022828358673,-1.6301159415052506,-0.3657547247482501,0.11341982645578069,-0.93238502283327,-0.8226270121257191,-0.14939628878659067,0.8921956834655873,0.7243976331336903,-0.18194072702782085,1.3546716889502204,0.32658011578449936,0.6162755479172607,1.0460293195708634,-1.2411978630008915,2.990525477795076,0.31974561188763684,1.206265701003598,1.5834232658285767,1.6711285289537583,1.2411978630008915,-1.046029319570864,1.07868820015905,0.19081952690966666,1.2007237471463126,1.8295003105378922,1.9124067299291387,-0.2140147004052217,0.5954383064766764,0.12354118106860354,1.0079356506638961,3.2487135720663565,0.5793409677244183,0.7715120035882557,1.3378771080073837,2.0222910285353324,-0.28679906978068154,-0.7010026615289333,-1.211010225189582,0.9664778365683122,1
1.6240206225222695,-0.41125084279609675,2.452269505856255,-0.4281154315628296,1,0,0,1,0,0,-0.7479204827314877,1.5757190160020926,0.12441454558798068,-0.40076791501017145,1.5671797076776843,1.5215600495848398,1.7461631906304536,0.18313967966987316,-0.06579968027725937,1.2527423697723783,0.7795866478881857,0.08784325891484598,-0.8001875700689277,2.141278622108961,-0.620349234605111,0.8935175066174057,1.2387311587503549,0.8363691842148334,0.8939738323359463,-0.7668246343931154,-0.2885420536018353,-0.8728172028758778,0.9878492908920042,-0.4640695088222085,-0.1969491009300263,0.7668246343931154,-0.893973832335947,2.1927887450612573,-0.4846237089171882,0.381938901381374,0.8087807714596554,1.3320852019236007,-0.7811045889206503,0.02452383803125581,-0.3747723420151606,0.20179139169817292,-0.24854144663662048,-0.7864379342253526,0.14201007127932075,0.6376984542170299,0.39767203775660004,-0.635754044465484,0.8629863402952329,0.514734606344233,-0.1469716669968365,1
-1.691313221561397,-1.5450325455404195,-0.15484123025532542,1.0385308760612593,0,1,0,1,0,0,-0.5460174906653681,0.08424313501501743,-0.7327286093763631,1.0180810353259482,-0.5595850262298758,-0.7220057017456804,0.22797942655038697,0.8998307389425095,-0.5541230534644435,0.26827183018164485,-0.26670181983154917,0.4762296254072216,0.3852488694835483,0.47855831190521975,0.6902197848146351,0.4657763788019381,1.4005836812472516,1.1209473033725101,0.7781220325379118,-0.12221154853286169,0.16115888432222003,-0.543598900122088,1.2255651187112881,1.0263768681546783,1.441112294813806,0.12221154853286169,-0.7781220325379125,0.04814519612450831,0.11577027848446049,-1.264728399545891,-0.8708842928463041,-0.34060626115118536,-1.2536794960168407,-0.7910682597479163,-1.149926711256571,-0.9764194483286528,0.16779843654230542,-0.482931511569848,0.10551720563822252,0.7284623537824456,1.142289075196852,-0.4771381468814831,-0.9479482933959068,-1.0996718489615938,0.5334696962929761,1
-1.3829100732745436,0.43908543426214564,0.27967722576327125,-0.8681093238500562,1,0,0,1,0,0,-0.40720918361991093,-0.11927209241011955,-0.6047967952025805,0.1645727964410475,-0.3606004331411836,-0.21891391975508134,0.049072811279504275,-0.21595436260393777,0.14234046872039097,0.38826885225658087,0.7402288277388183,0.8537720100155232,-0.25747452149589367,-0.0025571463743550476,-0.7109905314908717,0.8712386805894173,-0.35553607144632343,0.2526811124390523,0.14025565247345223,1.0253393444399002,-0.07079200917614653,-0.41585056652453256,0.6809266628796123,-0.8770696527967172,-0.7156398035727265,-1.0253393444399008,-0.14025565247345292,0.49378541408539117,-0.18442671521636386,2.0195085929112513,2.2817178278510344,1.9806798508709664,1.0776900456576979,0.8401159358104279,0.8433273810784847,2.3721797812212735,-0.22078545442469194,-0.5588081172337243,-0.6060936743631827,-0.1921429132382052,-0.5161761445564365,-1.016432198667086,-0.5363722402842841,-0.09762646290970158,-0.3944048900113141,1
1.135715637734753,1.3667250092347738,-0.4445202009343899,-1.161438585374874,1,0,0,1,0,0,-0.5207796166571032,0.06098425188071606,-0.6431763394547153,0.2803027271373052,-0.2651727779730193,-0.16972272329377835,-0.18544384527034904,-1.650280125902705,0.8207239229799821,0.7537511635343095,1.7176675433446542,0.8093567954065205,-1.7201262584862664,-1.0969738955170456,-1.198294529841806,1.4618550447598446,0.36132184859830124,1.1762142820144492,0.4292298816076853,0.678161166961424,-0.8382192100993473,1.0646361089536593,0.34706624209276243,-0.6599886339656076,-1.0847076159201905,-0.678161166961424,-0.42922988160768605,-0.8709877534198129,-0.8598699510432187,1.4463592008757944,2.126671821915101,2.2196357741673656,0.41608517572303205,-0.05703537174666111,-0.26403600355210183,2.1861464906907218,-0.7759052986632599,1.0346006017076752,0.0963939892279486,0.2616765845888761,-0.025405824425361403,-0.826093121566285,0.5337254978059351,1.0157572993701793,-0.332546584257695,1
1.8810232460946468,1.1863506474345409,2.8867879618748513,0.3052077222492148,1,0,0,0,1,0,-0.7226826087232228,1.2093916066368462,0.23955317834438508,-0.42854309837727333,1.4745123510615579,1.2612939010350366,4.175278037558909,-0.7605924821929931,1.7384300485886413,1.8116703369552205,2.8090002068986144,0.5749909210431682,-3.3950970495292814,4.9498625065943305,-1.1570548545577137,2.591476097344465,1.8430163561661321,2.90863428109527,1.5099934985697145,-0.7133741297612541,-0.8599814546242481,-0.11517510168683777,0.2276914426570636,-0.6199462757961552,-0.8121225867007362,0.7133741297612541,-1.5099934985697152,4.2260222395077855,-1.1600669447440433,-0.45504116317834126,0.8733832739329616,1.673450806632741,-1.4742144526617298,-1.9328971966387571,-2.423394603581746,0.015758101167622184,-0.9424412519348303,-0.4070549059059717,-0.9436526815433369,-0.6978274965312384,-0.8715615487892844,-1.1433249167342867,1.6038232358961542,1.2941032399401495,-1.0129879475475077,1
-2.0254166322054865,-1.158516055968491,1.0038746524609323,1.478524768348486,1,0,0,1,0,0,-0.11697363252486404,-0.3076690457979606,-0.16982862701171944,-0.2873525829278389,-0.04689119309727327,-0.014546858093122488,0.04381939045760216,1.5313094151096198,-0.04627716243764382,-0.2849006934247897,-0.44578299009568784,0.029400155781601264,0.3487070893245842,0.2136583536902826,1.2126336199119032,1.1306059672389144,-0.18248969478648064,0.18566950054032247,0.4977080171176754,-0.45352244570481864,0.1525529804342093,-0.8869804890817145,1.1994123931976688,0.20392879904673317,0.7608098494180902,0.45352244570481864,-0.49770801711767615,0.1317027369921738,1.0163612595869336,-0.2185033188462471,0.3824042551358344,0.2909201075607231,-0.844114576533476,0.02452383803125581,-0.2086678343205727,-0.35630847989348147,0.27882240539001907,-0.7105613285614767,0.5525548097416701,1.130416766143575,1.1592121896841308,-0.15990635171348128,-0.04248097655033679,-0.26463402725168356,0.5334696962929761,1
1.3927182613071303,0.1298722426046032,0.5693561964423357,-0.13478617003801185,1,0,0,1,0,0,-0.016022136491804253,-0.3489535633613456,-0.6175899766199587,0.26872973406767947,-0.8209468410025674,-0.4760497194391653,-0.2166592431978214,-1.4286528169783246,0.39470518980559227,0.23275365332686968,-0.17316561669341016,0.3650387520802532,0.4449133721791114,0.04978293583122322,0.35770024152165175,-0.49069802596010553,0.5001151741940371,-0.4999368878021944,0.07500831336893375,0.42347698798565403,0.35101247464544466,2.3192070762385955,-1.0326794105190595,0.18147047617873935,-0.26296728346456855,-0.42347698798565403,-0.07500831336893446,0.04814519612450831,0.340918023760079,0.03622974428062242,-0.22485926811324272,-0.01630893667750248,-0.37153966943728567,0.35076067714292497,0.34501385799472056,-0.17027518936292965,0.7506742729928018,3.0832689546323317,1.492246099999936,0.6247321828505417,0.6684418695530556,1.7117612397777302,0.2044646553166367,0.45906541823023866,1.275769365336409,0
-1.074506924987691,1.4182605411776974,0.27967722576327125,0.3052077222492148,1,0,0,1,0,0,-0.6722068607066928,0.5465134373092572,-0.34893316685501513,-0.17393725084550635,0.7285575328312016,0.5547294427726841,-0.27580691929222656,-0.5709720122523216,0.021436991475389782,-0.3898175243679028,-0.23400061799562102,-0.37762787544528187,-0.021839257091037702,0.6345133240197178,-0.037404501853364705,0.7284513322427862,0.33006023422233705,0.6722784122630208,1.0187373090415193,-1.5254106424376193,1.0175144722787322,0.7462059967746562,0.7027182518350077,0.853900404808623,0.960561284999574,1.5254106424376193,-1.01873730904152,0.744458036688388,0.11577027848446049,0.48201260475264507,0.8087807714596554,0.9224464762726329,0.038025250046078915,0.18764225758709038,-0.26403600355210183,0.44983577907224165,1.7776459848341521,1.6416134470186852,2.2494730620527137,2.3751788173264257,2.6992156080264706,1.109020828958526,1.1922471827845313,0.45906541823023866,2.018069034379841,1
0.5703098658755232,-0.6946962684821769,-0.8790386569529866,1.0385308760612593,1,0,0,1,0,0,-0.2810198135785862,-0.22975178729805104,-0.438485436776663,-0.10739254069515815,-0.2006745132716574,-0.09369996512631006,-2.7993376114351975,-1.156940376898533,0.28768001264612836,-1.846993775221497,-1.9530961698907032,-0.6242254668043115,2.684659094615793,-0.7560115152116921,-1.5543641996742759,1.4394579418118594,-1.1215935479588648,-1.2074619983652806,0.20841782115995966,-1.0580753433055055,3.1371492939461247,0.030809042331988855,1.053248196101491,1.38301646939128,1.3602690476321002,1.0580753433055055,-0.20841782115996035,-0.7317251853070371,-1.4602639384448675,-0.10933200607758836,0.6408142650290589,0.12023730520615308,-1.6002344278873806,1.4925896140337656,1.5077454118568363,-0.790386157798101,3.387493533125998,0.27583454506891375,0.7532655707677065,1.234146937075479,1.8192136546879905,-0.28679906978068154,-0.7010026615289333,-1.1553410370755877,0.904619530814692,0
-0.4063001036995106,0.33601437037629844,-0.4445202009343899,0.3052077222492148,1,0,0,1,0,0,0.13540510755778543,-0.4053563549620264,-0.4896581624461761,-0.05820732014924861,-0.654113934727308,-0.2667635381310761,-0.6773488688107253,-1.224149585821903,0.3365476132873886,-1.106918682226614,-0.6690671426689399,-0.9459181289288973,0.11757673672374228,-0.30490309902720225,-0.8006562589835223,0.9265372995445471,-0.5518685162566842,-0.35824104123936423,0.2600885100232926,-1.5480721265123074,0.6372145065966351,0.8781038600768492,0.47100876935009484,0.9481523533591162,0.5200674028692172,1.5480721265123074,-0.2600885100232933,-0.2582324537235989,-0.7097714541928067,0.16359627584405784,0.6278937645343975,0.3591932285025509,-0.655084613695,0.5954383064766764,0.5111183656893089,0.015758101167622184,1.0282341951120857,1.413983630027056,1.3645210702560935,1.4416072789392878,1.8192136546879905,0.1890486229713212,1.6861384465184783,0.9044189231421907,1.0283361423219313,1
-1.280109023845593,-0.9008383962538722,3.6109853885725127,1.7718540298733036,1,0,0,1,0,0,-0.10435469552073157,-0.31813554320839627,-0.6687627022894718,0.4799368575883498,-0.901549270727889,-0.6155738403112248,3.339393872432545,0.17217582941182252,0.7847925536352789,1.6535744641053565,2.139149669510067,0.24057062514947458,-1.8607965118014194,4.529916842017362,0.3670874161286089,0.5883120732600732,2.5398953754197056,2.789644785672718,0.10398440440281079,0.22497917377587734,-0.1172689353158323,0.1314233857655821,-0.4816408144992824,0.28464435531602017,-0.05745416437327982,-0.22497917377587734,-0.1039844044028115,5.395827811655104,0.8662627627365218,1.4281639820810177,1.5710903006446677,2.765820741701989,1.2037100208833493,-2.0144564064166746,-2.2572900958871576,1.752068812786101,-0.5261013687559044,-0.482931511569848,-1.7464957256474865,-1.6702978490178413,-1.4807936703313085,-1.1116017372174867,-0.8656330827735822,-0.8769950965056176,-1.6315710050837011,0
-1.691313221561397,-1.3131226517972627,-0.15484123025532542,0.3052077222492148,0,1,0,1,0,0,-0.5460174906653681,0.08424313501501743,0.40586453677030254,-0.4615261286257068,0.9495382370610109,0.42146601963206326,0.36794190202014304,-0.7722327739155068,0.8940628159738021,1.0887415920183208,1.2884806825293573,1.1885227887815613,-1.1459041288098646,0.4325370927886648,0.4879223233032786,0.7789662643297717,1.322585019235324,1.177975539269696,0.4073962731842086,1.2169526660865582,-0.07944620477267292,1.5487035895657342,-0.43942784828654763,-0.15936698586938697,-0.5250241521108457,-1.2169526660865582,-0.40739627318420935,0.0759977097470634,0.04072103005925432,-1.0554833834059623,-0.5478717804797735,-0.03337721691295973,-1.2851844898232538,-1.1173050988595852,-1.3713993881826885,-0.728375060954584,-0.3040534310604773,0.9587239960437993,-0.9254062487227878,-0.9830854665939747,-0.9731002357129547,-0.667477223982284,-0.5363722402842841,0.013711913318286572,-0.7036964187794109,1
1.3670179989498932,-0.02473435322416849,0.27967722576327125,1.0385308760612593,1,0,0,1,0,0,-0.8236341047562825,5.57333955471014,0.17558727125749374,-0.41754875496112887,2.8814655217379372,4.608978416574257,-0.9065668926721233,0.9148889133358787,-0.42290667558069744,0.1665659521227249,0.6493825206796011,-1.7418565377526025,-1.2319748771880545,-0.2993539699027047,-0.6950053184466969,1.4306685355980193,0.5142037738520684,1.5687451460468114,-1.2890243254862828,-1.0972459357537168,0.9614923729990871,-1.951954816455571,2.0158114981047257,0.28485580468481003,0.6873452226283016,1.0972459357537168,1.2890243254862819,-0.3417899945912644,-0.7097714541928067,-0.2548937564358004,0.49868875958778525,0.700558833211691,-0.40304466324369825,-1.6882195673050053,-1.482135726645747,0.9459245538203791,0.77843026520473,-1.848710413519619,-0.2867811000035777,0.754394896515422,0.8376730144258402,-1.5557262504526888,0.28677986593896093,-0.2089648391376897,-0.20882997275045564,1
1.135715637734753,2.113990222407169,-0.4445202009343899,-0.8681093238500562,1,0,0,1,0,0,-0.5207796166571032,0.06098425188071606,4.934650758522208,-0.8006148255657419,1.895739679093333,0.6656332311581673,-0.6182266800331618,-0.5749895500320151,1.7241842571709576,-0.49624858232321883,0.5427099647465844,0.13786090925851605,-0.6856682905148856,-1.1947685112122048,-1.0083686953118796,1.4190370554363543,0.15193188631882937,1.0141817142452572,0.5061221547512287,-0.31393995325558316,-0.3341393709831463,-0.2209704205365405,-0.9310222507656167,0.821052877148913,0.28460151559210906,0.31393995325558316,-0.5061221547512293,-1.0102503215325889,-0.7097714541928067,1.1461380907619838,1.8165798100432309,1.8099970485163963,0.29006520049738066,0.18764225758709038,-0.04256332662598434,1.814079909629618,-0.24854144663662048,-0.1035484832504671,0.3518440487156324,-0.2051091846046925,0.12690220596014448,0.8235122133073248,0.36909507656128593,0.23638866577426285,0.16231986177126023,1
0.2876069799459088,1.3667250092347738,-0.4445202009343899,-1.161438585374874,1,0,0,1,0,0,0.17326191857018283,-0.41814874068589214,-0.6431763394547153,0.2803027271373052,-1.030848386740151,-0.5382095040584483,0.18337651185502024,0.34687531098053676,-0.7902734312055669,0.07766309442717603,-0.022559015136266906,1.0063425444531164,0.7213707782381964,-0.5305229224791277,1.5202959579140733,-0.7161757959282707,-0.5622783697667759,-1.2502857716740996,0.12645565867397954,1.2471140222716814,-0.785081756793873,1.0469018661705811,0.36064264759722064,-0.6624634366024871,-1.1913328831334509,-1.2471140222716814,-0.12645565867398026,-0.5089050763265954,1.391607501712964,-0.027453521501095285,-0.39282577454383927,-0.5795621844475838,-0.18250970659880966,1.4925896140337656,1.5631135810883663,-0.4183195767369984,-0.7203933142394032,1.0346006017076752,0.13288685486904556,0.30057539868834077,0.008440404549195996,-0.9212626601166852,0.03983423407198747,0.793080546914203,-0.20882997275045564,0
-0.38059984134227254,1.1863506474345409,-0.15484123025532542,0.3052077222492148,1,0,0,0,1,0,-0.4576849316364408,-0.08147640731687983,0.23955317834438508,-0.42854309837727333,0.6819645557801033,0.2685261179069212,1.1266322760852494,0.16451603265059567,0.308988242326678,1.3845926692865167,1.587959364510337,0.037637510992579615,-2.4664116100473197,0.601899869131004,-0.0975354884699295,0.5094462196267028,0.8291552169921899,0.9795364993183611,0.633698674005907,-0.5771615534413467,-0.9651983479011157,-0.32351232902365057,0.08954704149075082,-1.0483192499616192,-1.1080982054308384,0.5771615534413467,-0.6336986740059076,1.5521809317424884,0.8662627627365218,3.065733673610895,2.9665043540680807,3.3120057092366135,1.9283248784308402,0.5138790966987595,0.2342775195316623,3.1163129433434786,-1.053465220782544,-0.6346847228976005,-1.1443634425693747,-0.9312203811280227,-1.2269469530221315,-1.1433249167342867,1.5215080252738291,1.2941032399401495,-1.3222794763156045,0
-1.1516077120594044,-0.2566442469673251,1.4383931084795292,-0.13478617003801185,1,0,0,1,0,0,-0.15483044353726144,-0.29138782760394966,-0.8094876978806327,1.9410272326286033,-1.7245911442326685,-1.7241645314709533,0.7196662467820286,-0.7125039816903347,-0.19626824549414687,0.09684594188445378,-0.019245260218753918,-0.5597659059006432,-0.08450849893603277,0.0902265198442879,-0.9794905976383284,0.8818580116057197,-0.16543198655108202,0.19640589838847122,0.4292298816076853,-1.1891589033857164,-0.910560159247522,-0.0032981031692959116,1.1544875222169646,-0.2948721455227582,0.2167719133096368,1.1891589033857164,-0.42922988160768605,0.04814519612450831,-0.9349191994684248,-0.10933200607758836,0.3565632541465125,0.2738518273252659,-0.5605696322757617,-0.05703537174666111,-0.26403600355210183,-0.29429738304996345,-0.8036612908751883,0.12408133374116129,0.39746013076700454,0.9618552383792308,0.7699805564767266,-0.3502454288142823,0.6160407084282594,0.06938110143228039,0.16231986177126023,1
1.2899172118781799,0.1298722426046032,0.5693561964423357,-0.13478617003801185,0,1,0,1,0,0,0.11016723354952047,-0.4036119387269538,-0.6175899766199587,0.26872973406767947,-0.9151468575833619,-0.5180858327788243,-0.38415022810844585,-1.1020798346425384,0.4001689902774625,0.018763921104049466,-0.28466010608514003,0.4135759434736206,0.6524320606159324,0.07107123233044532,0.8091335739544014,-0.5255284959728386,0.2244225650128043,-0.5504876020138835,0.09840925777350726,0.4664671563038157,0.6051837813759845,2.3232114115320583,-1.0751498721275794,0.19718472695957842,-0.16737192023466677,-0.4664671563038157,-0.09840925777350797,0.1317027369921738,0.8662627627365218,0.28186519801010423,-0.04397226118798574,0.0519641842643253,-0.024984737566746233,0.5138790966987595,0.5111183656893089,0.07776919801113909,0.8339422496285867,2.7038859263129513,0.8718673841012752,0.11904759955750843,0.19459466390925928,1.3628062650929278,-0.28942660841731066,-0.09762646290970158,0.6571863078002155,0
-0.14929748012713334,-1.0812127580541053,-0.4445202009343899,0.3052077222492148,1,0,0,1,0,0,0.5896868397065544,-0.5135101615365277,-0.6943490651242283,0.5464815677386979,-1.4347838198056597,-0.817257745802567,-1.130595256415353,0.24489052398304736,-0.17496070190149043,-0.20237377025188766,-0.6690065994458917,-1.1929522651637072,0.40852921431734207,-1.1256495270696125,0.21324654456590325,0.34927905330977266,-0.10653049421001339,-0.3470544436793796,-0.38904162214375854,-1.2411978630008902,0.44738448146148296,-0.1224942224888732,0.5901689049503789,0.1677600930629545,0.5309102289368722,1.2411978630008902,0.38904162214375787,-1.0999973098719333,0.06573744620098994,-0.36305422371585966,-0.13585137581668838,-0.16613050763318102,-0.8056084729923056,0.051710241290561454,0.25888559474567524,-0.2736270174354578,0.6396503041450882,0.12408133374116129,0.7715120035882557,0.9877877811122063,1.0069041592986248,0.37938770007212164,0.6983559190505837,0.1250502895462747,0.5334696962929761,0
-0.6890029896291251,-1.235819353882877,1.0038746524609323,1.478524768348486,1,0,0,1,0,0,-0.4198281206240434,-0.11055001123475654,0.815246342126407,-0.5593179200640446,0.8962600009950373,0.347232032245006,0.8141102876389713,-1.2627855265358006,1.1811214782078565,0.4073221153377095,1.0931566080856736,2.0436115656295275,-0.3495694699541039,2.5910989514869374,0.1562257265750343,1.0314476529231065,1.3379683253385202,1.2002469213360505,1.4008254564523381,1.3979208031972914,1.456955369734349,1.8897162684775275,-0.5781272097586011,0.7764405886094125,-0.24934961933403882,-1.3979208031972914,-1.4008254564523388,2.499166394909364,0.19081952690966666,0.14540105704928116,0.6666552660183818,1.2296755205108585,-0.7811045889206503,-0.30171300108041293,-0.8730858650989243,0.2638024885416898,1.1392581639597994,1.4898602356909325,-0.47836864461934153,-0.6848612251647502,-0.36386811417093057,-0.6040308649486834,-1.0302635040182315,-0.5429799678216537,-0.08511336124321738,1
0.5703098658755232,0.6967630939767645,-0.8790386569529866,-1.161438585374874,1,0,0,1,0,0,-0.2810198135785862,-0.22975178729805104,-0.7839013350458762,1.6401294128183332,-1.3228712416024608,-1.444221904336629,0.24814803836474758,-0.41714640805298314,0.028707657712123122,-0.8194754831479719,-1.9744170531663645,0.07635451975624523,2.317494153474302,-0.9187203557345845,-1.6191343251866814,1.3189474937741696,-1.2280940511230876,-1.4715018423788615,-0.24010667662448162,0.3422733367180179,-1.263030442437445,-1.0494666867157927,1.2861707026269478,-0.11069852912044974,1.1302037236076705,-0.3422733367180179,0.2401066766244809,-0.8988402670423681,-1.535313186870074,-0.23669853764102378,0.459927258103802,-0.08458205761933026,-1.726254403113031,1.166352774922097,1.4523772426253072,-0.9144083514851348,-1.1644891896302574,-0.9381911455531051,0.22411901897178985,0.8710913388138142,0.7699805564767266,0.1890486229713212,-0.6186874509066087,-0.5429799678216537,0.9664778365683122,1
-1.2030082367738797,1.6244026689493918,-0.4445202009343899,2.505177183685348,1,0,0,1,0,0,-0.06649788450833415,-0.3256946802270442,-0.7711081536284979,1.5706914544005788,-1.4364461367432053,-1.464345575616253,-1.4352712633643374,-1.1820728161640737,0.17265180785827744,-0.904290676040548,-0.7442561938037571,-0.3290302952274535,1.0122100109537147,-0.042967359364457856,-2.100214639303771,1.1705772044058167,-0.29893792579246325,-0.05795984431055173,0.41113096936191074,-0.8565127692838675,1.9528471508765304,-0.48151688373001855,0.9402963951805442,0.9252166333346391,0.9109829956091665,0.8565127692838675,-0.4111309693619114,-0.17467491285593337,-1.9856086774213102,-0.5187244289600577,0.12399424524260985,7.593435579547688e-4,-1.1906695084040155,0.5138790966987595,0.34501385799472056,-0.6043528672675491,1.8886699536818656,-0.4070549059059717,0.16937972051014377,0.6376984542170299,1.0069041592986248,-0.6040308649486834,-0.20711139779498602,-0.5986491559356475,0.10046155601764112,0
0.8787130141623758,0.6967630939767645,-0.15484123025532542,0.3052077222492148,1,0,0,1,0,0,-0.3188766245909836,-0.19370051843988392,-0.3745195296897717,-0.13921827163662903,-0.06131976321999142,-0.04137841979928776,-0.28043958502506017,-1.0335802080617307,1.1139198764689173,-1.0429500935125526,-0.9833902033699972,-0.21744916410182757,0.5999013017665419,-0.06613318471698526,-1.5081183801811053,1.043479006258439,-0.38653390951113825,-0.21056679470164172,0.19616880564547262,-0.4911325578708816,0.32387857068810394,-0.09217861404387802,-0.47417001911176965,1.0256778827834179,1.0728779353399962,0.4911325578708816,-0.19616880564547334,0.35452284597261524,-1.1600669447440433,1.7556779203869939,2.152512822904422,1.8441336089873108,0.19555021907814235,0.9216751455883455,0.8986955503100138,1.4420133285685155,0.1400424443303771,-0.2553016945782196,-0.5239847266707137,-0.671894953798262,-0.2623294272472596,0.31594134103852145,-0.4540570296619595,-0.7099875321636356,-0.20882997275045564,1
1.0843151130202777,-0.9008383962538722,-0.4445202009343899,1.7718540298733036,0,1,0,1,0,0,-0.14221150653312897,-0.2937137159173798,-0.6687627022894718,0.4799368575883498,-0.8665882858874382,-0.5967917471169091,-0.5728596498769026,-0.4469418361401559,0.47797354716760676,-1.2175388420746818,-0.47929207997881423,0.24497655225966986,0.1753666481389971,-0.5372435901774772,-0.4761318838059653,0.386598446267348,-0.7286790702656112,0.08089094752278582,-0.16027754582615011,0.4930801176436292,0.25976782294669004,0.1364632275120098,-0.2649116961000747,0.9222707339661996,0.7020774438751107,-0.4930801176436292,0.16027754582614942,-0.5367575899491508,-0.4846237089171882,-0.1457224436671417,0.07231224326396513,-0.22112829950298704,0.16404522527173035,-0.5463906304141645,-0.5408768497097485,-0.10826409251941274,-0.1375174777889068,-0.3311783002420958,-1.317704554364588,-1.2294446225572482,-0.8546384343020056,-0.7309235830158842,-1.1948939252628807,-1.1553410370755877,-1.0748462533011267,0
2.8576332156696815,0.7225308599482267,-0.15484123025532542,-1.6014324776621007,1,0,0,1,0,0,-0.7731583567397526,1.8577329740054969,-0.2721740783507456,-0.24858305614459256,1.44955098492364,1.6208368278976513,0.7434729925177281,0.14964541317766805,0.6347128198530254,1.0471008092747158,0.9439270822467706,1.1975202999983965,-0.539920808232317,0.2680164352376896,-0.42565723369342473,1.0638006484866591,1.4859885531797483,2.2801635368758597,1.5677883443965623,0.07836147009820059,-0.7660184300870453,-0.6318070984124873,0.20134337144123624,0.05891517231204629,0.9989844592771386,-0.07836147009820059,-1.567788344396563,-0.3139374809687093,-0.9349191994684248,-1.965244323144783,-1.258499307686141,-0.71610842633123994,-1.3796994712424915,-1.4435419379712537,-1.980449249729511,-1.2244638357027204,-0.8869292675109735,-0.8623145398892288,-1.0805009276974533,-0.8274902101961188,-0.7530997473783346,-0.12818317219668063,-1.1125787146405561,-1.211010225189582,-0.76555472453303,1
-1.5371116474179702,-0.6689285025107157,1.0038746524609323,-1.161438585374874,1,0,0,1,0,0,-0.7100636717190902,1.0204131811706476,-0.09306953850744984,-0.3197569635227911,1.1681743538733984,1.0318840484473235,0.37195833079812957,-0.5080174909840036,0.7995473806161346,0.799825022038143,0.8701967181488648,0.05735787637592737,-0.7334584218039698,0.00393000863237977,-0.7834240932961491,1.2415721346769562,0.6529691547203221,1.1815940552238728,-0.018359091073560794,0.0964376253461319,-0.5132902951249138,-0.08754710914015518,0.15465220429207005,-0.43303896800532427,0.022298263986811732,-0.0964376253461319,0.018359091073560086,-0.06326485836571254,-0.7848207026180125,-0.23669853764102378,0.42116575661981864,0.683490552976235,-0.6865896075014126,-0.7910682597479163,-0.8730858650989243,0.07776919801113909,-0.49834537654397587,-0.1035484832504671,-0.058700689746716966,0.028283699992091807,-0.14386762583630988,0.15732544345452057,0.12214944469431245,0.18071947766026855,0.22417816752487937,1
1.3670179989498932,0.5936920300909173,0.27967722576327125,-0.13478617003801185,1,0,0,0,1,0,-0.05387894750420167,-0.3344167614024072,-0.4512786181940413,-0.09292629935812594,-0.44668348920382583,-0.18537446762237475,-0.05488020350735149,0.620458000709802,-0.9340989609515573,0.6206729236378938,0.2802416089551597,-0.18138494123716575,-0.5454057300854895,0.35818930478411226,0.03557193395657343,-0.0215806025850931,0.4134187013884249,0.8644130392604682,-1.046543814281098,0.7905619868667512,0.4342107918336942,-0.8159628952394031,1.2552581477485691,-0.42855016991963346,0.4796032717465699,-0.7905619868667512,1.0465438142810974,0.27096530510494976,-0.03432821836595151,-0.19121049065408274,-0.173177266134598,7.593435579547688e-4,0.3845801819166189,-1.3619827281933365,-1.149926711256571,0.07776919801113909,0.6674062963570164,-0.5588081172337243,0.9083602497423721,1.4934723644052397,1.1930584186586881,0.28421816152172197,-0.20711139779498602,0.18071947766026855,1.4613442825972665,1
0.5960101282327613,-1.6996391413691911,-1.6032360836506476,-0.13478617003801185,1,0,0,0,1,0,0.3877838476404349,-0.45536295370077434,-0.5664172509504457,0.08645509322107353,-0.9587034957930832,-0.4170202836856017,-0.9140175352008,-0.40557129235065936,-0.07013901500820158,-0.5435108788520212,-0.5846045797667038,-0.6620033878838557,0.6047890178060054,-0.7605565446456996,-0.7258142112294906,0.6751437375097399,0.49617415977959844,0.6027578129916814,-0.6392523306161405,-0.26889098598050765,0.5110244943049373,-0.17044541665185697,0.7743367287705807,1.2262459363094578,1.348490272367541,0.26889098598050765,0.6392523306161398,-0.5924626171942612,-0.4846237089171882,0.8186241524560076,1.0801112818475405,1.263812080981773,0.1010352376589052,-0.5463906304141645,-0.319404172783631,1.13195784435093,0.1400424443303771,-0.482931511569848,-1.0440080620563552,-0.5422322401333817,-0.0592520533999176,-1.0481553781838862,-1.5241547677521787,-1.7677021063295222,-0.7036964187794109,0
-1.305809286202831,1.0059762856343069,0.27967722576327125,1.7718540298733036,1,0,0,1,0,0,0.4130217216486998,-0.4664109231895675,-0.7199354279589849,0.9804688078496644,-1.4576827254211728,-1.1164296588263098,-0.6800924431148083,1.2144505671413377,-0.31633331005235366,-1.0885828904813728,-0.8970747332187358,-0.8775643549142123,0.77088865093648,-0.33044895320557666,1.0533603099866602,-0.12264873564700388,-0.7235029290725675,-0.8165504546727862,-0.7471295343976714,-0.45589913793704195,0.6155043969550531,-0.6116382817234981,0.30918808094392136,0.7531921359102427,0.3690384979471816,0.45589913793704195,0.7471295343976706,-0.5367575899491508,0.491016520610491,-1.0554833834059623,-0.9484072958142716,-1.1428154322176651,-0.8756195703398886,-0.13859458152457876,0.2342775195316623,-0.9764194483286528,1.1670141561717275,-0.1035484832504671,1.8662979728211873,1.7787303344679768,2.0561372575098895,0.6966194952401235,0.8629863402952329,0.6817421706862145,1.8943524228726025,1
1.7011214095939837,0.43908543426214564,-0.8790386569529866,-0.8681093238500562,1,0,0,1,0,0,0.2742134146032426,-0.4379187913500483,-0.6047967952025805,0.1645727964410475,-0.9866064020360292,-0.4639755166713909,-0.8017723366769073,0.3116673331398479,0.1817894053598561,-0.0076064636986554615,-0.2682239042631287,-0.6065170622597769,-0.009975604550619502,-1.0619307176337824,0.13120926409244218,0.5460376907965294,-0.5474464072840688,-0.8696720051363983,-1.6800625169741377,0.8390486150612049,0.05381529074024639,-0.29633063537272153,0.3002030124683079,-0.5325626446018311,-0.5003612330280882,-0.8390486150612049,1.6800625169741377,-0.8988402670423681,0.41596727218528484,0.8732098088403377,1.0542702808582185,0.7517636739180628,-0.40304466324369825,-0.38327221085833024,0.5111183656893089,0.6358690696027934,-0.1375174777889068,-0.482931511569848,-0.6973258384659271,-0.4514683405679659,-0.6177148314801074,-0.826093121566285,-0.4540570296619595,-0.09762646290970158,-0.5799798072721716,0
-1.1773079744166424,2.6808810737793296,1.7280720791585935,-1.6014324776621007,1,0,0,1,0,0,-0.7983962307480176,3.038121293071291,1.1222826961434853,-0.6050312426890664,2.5854801988940666,2.80410869913954,1.9225021913159968,1.3324157272339487,0.4349983446741031,1.2856462084419917,1.209354845640235,0.624331429070244,-0.2826203034091744,1.5219004213771992,2.064579282022086,1.1075832694076408,0.8775183550638642,0.9094816554697435,0.5641420291796073,0.2920044097428146,-1.1526211268827578,0.23946780143741822,0.5183570611310677,-0.8666929050174489,-0.6842887083272887,-0.2920044097428146,-0.564142029179608,1.0229831729139398,1.391607501712964,-0.8917264142529749,-0.25070026910256554,0.10316902497069583,-1.3796994712424915,0.10608304780917345,-0.1532996650890431,-0.5423417704240322,-1.2200011740541141,-0.2553016945782196,-1.3268277707748632,-0.9052878383950472,-1.1423313805857394,-1.3336639938350878,-0.4540570296619595,-0.3759724034796717,-1.569712699330082,0
0.4932090788038099,0.7998341578626126,0.5693561964423357,-0.13478617003801185,0,1,0,1,0,0,0.21111872958258027,-0.4239634614694675,0.25234635976176334,-0.4314363466446798,0.019683490887809896,0.007365583966912489,-0.34313226381701595,-1.2005005103984843,1.3541285059069326,-0.4478157387400309,0.16260378063576747,-0.5159270133075754,-0.44070621392462533,-0.9530879628619059,0.0024215156104782846,0.2898230450747168,-1.3341594701126949,-1.0394314779044027,-0.9919856992599327,0.28017642692511974,-0.47518049699570347,1.6501504469703046,-1.5598948212760797,-0.717959520181282,-1.226195407755818,-0.28017642692511974,0.9919856992599321,-0.7317251853070371,0.41596727218528484,1.282602231722807,1.2609982887727984,0.5640125913280355,0.6051151385615076,0.2692014673650073,0.8986955503100138,0.9459245538203791,-0.4150773999081907,1.6416134470186852,0.19674936974096682,-0.6589286824317738,-0.8715615487892844,0.8235122133073248,0.6160407084282594,0.848749735028197,-0.20882997275045564,1
0.2876069799459088,1.2121184134060021,-0.4445202009343899,-0.4281154315628296,1,0,0,1,0,0,0.17326191857018283,-0.41814874068589214,-0.31055362260288033,-0.21733597485660297,-0.4199758925534556,-0.15362378627007917,0.2889253925422008,2.6202803420884013,-1.5273532892311432,0.21793980533319457,-1.7299139254398328,-0.5667507247481351,1.9349500366351589,-0.5482116043432611,1.470268390747777,-0.7313126252993959,-0.5381382784373316,-1.5072412427088835,-0.060099813059615065,-0.7133741297612556,-0.9495243672332973,-2.1235344037812713,1.3530444521118732,-0.828031321803154,0.7774451144741581,0.7133741297612556,0.06009981305961435,-0.5089050763265954,1.391607501712964,0.06352257247278678,-0.3282232720705331,-0.5112890635057554,-0.37153966943728567,1.5741488238116832,1.784586258014483,-0.29429738304996345,-1.0812212129944723,-2.0763402305112475,-1.4545528005187045,-0.671894953798262,-0.9223308922511192,-0.857816301083085,-0.8656330827735822,-1.211010225189582,-1.569712699330082,1
-1.3315095485600683,-0.7204640344536393,1.0038746524609323,0.7452016145364414,1,0,0,0,1,0,-0.1295925695289965,-0.29952843670095514,0.43145089960505906,-0.4667339755070384,0.37693137003492516,0.13034357512017,0.4931120144419822,0.04053241606654923,-0.38442610416080747,0.7637419886257669,0.09735080992322778,0.9980288734311321,0.45205274441416127,1.212304356803307,-0.9788724539802252,0.6982806347793002,1.0430929648175613,0.7931755491232224,2.0917442493267897,-0.7133741297612541,0.5256359694123972,-1.0362449488601153,1.2272280587640458,0.00254697424405881,0.6478207238748077,0.7133741297612541,-2.0917442493267906,1.5243284181199328,-0.7097714541928067,0.9914787310063841,1.248077788278137,1.690519086868198,-0.08799472517957138,1.3294711944779316,0.34501385799472056,0.5738579727592754,0.5286263352973745,-0.9381911455531051,0.16025650409986858,0.7803274392483975,0.7361343275021692,-0.3819686083310823,-0.20711139779498602,-0.5429799678216537,-0.023255055489598248,0
0.8530127518051386,-0.3854830768246345,-1.8929150543297122,1.0385308760612593,1,0,0,1,0,0,0.29945128861150755,-0.44024467966347847,0.5465895323614635,-0.5066608015972472,0.12079695862464888,0.05297923886739346,-1.2577070596986262,-1.97867171556518,1.4701508535599477,-0.8937112071009379,0.04514623805517034,-0.7941501228986576,-0.7074655893569786,-1.6242863169288957,-0.7504665066863814,1.7959418526725002,-0.9982649722753686,-0.21357161951765816,-0.7076772998718532,-0.38126032008238236,0.12590453300193288,1.963988154357527,-0.20499710519772066,0.21748372504491756,-0.26720343866849355,0.38126032008238236,0.7076772998718532,-1.4837430531160272,-0.4846237089171882,0.9277954652246664,1.8295003105378922,1.2296755205108585,-0.4660546508565234,-0.30171300108041293,0.012804842605544792,0.8839134569768611,0.4731143508735179,2.6280093206490753,1.3918907194869166,1.0526191379446466,1.0915197317350172,0.6966194952401235,1.1922471827845313,1.0714264874841732,0.904619530814692,0
0.4932090788038099,1.1863506474345409,1.0038746524609323,0.3052077222492148,1,0,0,0,1,0,0.08492935954125552,-0.4024489945702387,0.23955317834438508,-0.42854309837727333,0.09658365503140051,0.021675750210200635,1.6252039451194835,0.2515066379269395,-0.4045839218193259,0.9182152935364662,0.3869889293638201,-1.0298734750957632,-1.505281751612386,1.2532839717698527,-0.2576106804910019,-0.5465971962031835,0.24108620619563795,-0.30945600712992,-0.6501878279857761,-0.7597762161999033,-1.0076190699413468,-0.6032694781181079,0.0038023062170802297,-1.0013926680825358,-0.8052281215670121,0.7597762161999033,0.6501878279857761,1.245803281894381,-0.18442671521636386,0.19998671343360988,-0.12149526415595328,-0.01630893667750248,0.16404522527173035,-0.13859458152457876,0.17890935030013266,0.38782468222872474,-1.053465220782544,-0.7864379342253526,-0.8706669502611417,-0.7367263106307022,-1.0407926936620688,-0.667477223982284,1.5215080252738291,1.1827648637121608,-1.0748462533011267,0
-0.6890029896291251,0.7998341578626126,0.714195681781868,0.5985369837740325,1,0,0,0,1,0,0.5013542806776271,-0.49955483165594694,-0.24658771551598904,-0.25147630441199903,-0.5328122098051744,-0.1898463945734023,0.8834110158635298,-0.07162547917043763,-0.02674324516653473,0.8741683031849014,0.8026927635066962,1.6764564044829384,0.06996192183879746,0.622852576188932,-0.8435057466787185,0.2848102851899679,0.3545098437381123,0.5130846486577458,0.1590389773671773,2.1287536646060192,-0.6060575668868076,-0.7466973220515516,0.3227657816633935,-0.8294190883796758,-0.5426126096206961,-2.1287536646060197,-0.15903897736717798,2.0256736633259265,0.19081952690966666,4.425826278520432,3.9807636428989865,4.020339339008079,3.0625046554616975,1.6149284287006416,1.6738499195514247,4.325529331792063,-0.8036612908751883,-1.0140677512169813,-1.3359509871851372,-0.996051737960463,-1.2100238385348534,-1.1116017372174867,-1.6064699783745033,-0.9883334727336057,-1.3841377820692236,1
-1.1516077120594044,-0.9266061622253344,1.4383931084795292,1.478524768348486,1,0,0,1,0,0,-0.15483044353726144,-0.29138782760394966,-0.19541498984647596,-0.2682571443629564,-0.03614357219399901,-0.016782821568636263,-0.5641058692482374,-0.029171057801987945,0.2870968352706675,-0.8354358033355375,-1.0504514161274436,-0.028801286731128268,0.9555507495546732,0.1201416957473031,-1.0159556807191255,0.7696415093435559,-0.01753376401579033,0.2558147028161074,0.4292298816076853,-0.4649864905896614,0.9044471098533717,-0.9777239059543075,0.3809445013301513,1.1112336922258748,1.615391554845454,0.4649864905896614,-0.42922988160768605,0.02029268250195297,-1.009968447893631,-0.31857702221751816,0.11107374474794844,0.10316902497069583,-0.655084613695,-0.05703537174666111,-0.26403600355210183,-0.35630847989348147,1.055990187324014,-0.7864379342253526,0.6255405410238652,0.7414286251489338,1.1930584186586881,0.8552353928241243,-0.7833178721512579,-1.0440026608476,0.9664778365683122,1
-2.0254166322054865,-1.6223358434548052,1.0038746524609323,-0.4281154315628296,1,0,0,1,0,0,-0.11697363252486404,-0.3076690457979606,0.39307135535292426,-0.45226773417000615,0.345431086478277,0.11290306001116258,0.41603156594456697,1.3049177416710422,-0.15157209488214504,0.5020265770920679,0.3589360072598973,0.4943256197276138,-0.03961687646608794,0.27241630417733625,1.307199406159039,1.0896293932239516,-0.1567277610605292,0.07353151610411615,0.416552302523086,0.2610696854503818,-0.3063068584265374,-0.48151688373001855,1.3021765881311151,-0.8336140826150595,-0.39484517494780447,-0.2610696854503818,-0.4165523025230867,0.04814519612450831,0.8662627627365218,-0.7006766169078218,-0.08273376267196997,-0.135786898325702,-1.222174502210428,-0.22015379130249568,-0.4301405112466897,-0.8523972546416179,-0.08200549336504998,-0.17942508891434333,1.0178388466656656,1.62313507807012,1.1084428462222957,-0.28679906978068154,0.28677986593896093,0.45906541823023866,0.8427612250610729,1
1.2899172118781799,-1.95731680108381,0.5693561964423357,-0.13478617003801185,0,1,0,1,0,0,0.11016723354952047,-0.4036119387269538,2.401600837881312,-0.7039803334343667,0.7942834361199336,0.23364508768890632,0.6854192139944925,-0.025547703286798347,0.5904868022736646,1.029097202166039,0.19808313125714375,0.9747505945695707,0.5411937363259701,0.12349281931537445,0.48990863941574897,-0.2407911559431241,-0.1732900424408934,-0.8109362466642553,-0.06904425348519984,1.3979208031972914,-0.8296995320245809,0.5258447448119183,-1.0491871300453577,-1.5620753680340929,-1.0492391808811568,-1.3979208031972914,0.06904425348519913,0.18740776423728422,0.5660657690356972,0.30006041680488094,0.12399424524260985,0.0519641842643253,-0.24551969421163483,0.6769975162545934,0.7879592118469556,-0.046252995675895824,-0.933189254530854,0.07349692996524401,-1.0500902063298723,-1.3547852457666318,-1.75720454029019,0.09387908442092041,-1.0302635040182315,-0.5429799678216537,-1.2810406058131916,1
1.2385166871637046,1.3924927752062353,-0.15484123025532542,0.5985369837740325,1,0,0,1,0,0,0.8042087687768065,-0.5635167602752758,-0.029103631420558513,-0.3446388986224865,-0.46758293208315554,-0.16703956712316181,0.42620451461157277,-0.37499713294697234,-0.04384008076486748,-0.40855613195770574,0.028247652970200703,-0.4485187966204667,0.08309691697296608,0.40924017561999154,0.0466144209541296,-0.8051239983405333,0.19104714502215553,-0.48876904132777726,-0.30025191215747105,-0.31393995325558316,-0.18373979098603777,0.5613926371050261,-0.7491411134128616,0.7413720551094093,-0.5139111699991565,0.31393995325558316,0.3002519121574703,0.10385022336961848,-0.25947596364157,-0.9008240236503626,-1.1292943027395286,-1.0062691903340089,-0.5290646384693491,0.02452383803125581,0.17890935030013266,-0.9144083514851348,-0.27629743884854874,0.35171115073279,-0.42362934615769415,-0.723760039264214,-0.4146374576327655,-0.635754044465484,0.36909507656128593,0.23638866577426285,-0.6418381130257917,0
-0.7918040390580765,1.4182605411776974,1.7280720791585935,0.3052077222492148,1,0,0,1,0,0,0.16064298156605036,-0.415822852372462,-0.34893316685501513,-0.17393725084550635,-0.45930260708781323,-0.18537446762237475,0.6075541432417457,-0.8330922692104158,0.1033020290961394,0.047127674808701704,0.45655741728054955,-0.1850199327544182,-0.7297137830029478,1.5313303714385882,-0.32217633069502766,0.6527010123168941,0.48092558297309895,0.9528168633632791,0.9910609039976785,-1.235267259256625,0.6852684383407285,0.8206961088573174,0.5146842367199311,0.4132111273980764,0.3366932135149271,1.235267259256625,-0.9910609039976793,2.304198799551478,0.26586877533487285,1.9922157647190868,2.113751321420439,2.270840614873736,1.3297299961089997,0.5138790966987595,0.06817301183707392,2.00011320016017,1.3057941172313696,1.6416134470186852,2.039639084616402,2.063988304530714,2.1576759444335596,0.8552353928241243,1.6861384465184783,1.0714264874841732,1.5850608941045057,0
0.2876069799459088,-1.235819353882877,0.27967722576327125,1.478524768348486,1,0,0,1,0,0,0.31207022561564,-0.44024467966347847,0.815246342126407,-0.5593179200640446,0.2285352859511526,0.09367377412174413,-0.7428893310063519,-1.887989929956464,0.07508911863983887,-0.05593514518936222,0.48104392513797883,1.967797550877347,0.7384165913792444,0.7464137114601048,-0.8735928288422333,-0.3272708156225431,0.49897982916664996,0.6722784122630208,1.068484771272222,1.6241309745857062,1.7788134844621954,1.716179311130686,-0.43152494850454054,0.5703446296315318,0.030968358929466522,-1.6241309745857062,-1.0684847712722227,0.8558680911786088,-0.7097714541928067,0.48201260475264507,0.22735824919990022,0.4274663494443799,0.9516700704320475,1.0032343553662626,0.5111183656893089,0.2638024885416898,1.2225261405955843,1.1104772073715516,-0.8980365994919648,-0.9571529238609991,-0.7023304039164997,-0.635754044465484,-1.277209135885205,-0.7656567202776299,-0.3944048900113141,0
-1.2030082367738797,0.7225308599482267,-0.4445202009343899,0.3052077222492148,1,0,0,0,1,0,-0.06649788450833415,-0.3256946802270442,0.21396681550962854,-0.42738579907031077,0.1993111492133533,0.07981080057355874,0.16433873660000772,-1.3535488475751039,0.6791370577299933,-0.19155213757439254,0.014550046952511839,2.1984680249178497,0.9019822242633789,-0.10935640578679083,-2.091888490939651,1.1661517381101216,-0.3141214446224574,0.21427427777344746,0.6312676384277316,2.3723646184089273,-0.33778464584565554,-0.2378196965396439,0.24346692441276815,-0.052702867438884714,0.19028135350079262,-2.372364618408928,-0.6312676384277323,-0.2582324537235989,-1.9856086774213102,-0.6278957417287164,0.020630241285320403,-0.10165033785478751,-1.0016395455655394,0.35076067714292497,0.06817301183707392,-0.6663639641110671,-0.5538573609678327,-0.5588081172337243,-1.1169937933385516,-0.840456481562607,-0.8038690908401701,-0.794369942049485,-1.6887851889968277,-0.9883334727336057,-0.5799798072721716,1
2.8062326909552056,0.8513696898055362,0.27967722576327125,1.478524768348486,0,1,0,1,0,0,0.3499270366280375,-0.4478038166821264,-0.0035172685858019803,-0.3648916364943316,-0.23419404565532198,-0.06239647646911723,0.2531989903730875,-0.6835787746080205,0.41093218988481073,0.49260920506277245,0.193349230242258,0.6735050050952117,0.0924943349432485,1.4237429634032943,0.9674065482397685,-1.1658342975733895,1.0948731391009474,-0.5896227396269786,0.5061221547512287,0.41661470759684033,1.0705078339203398,1.9073599639945005,-1.7333091063125983,0.4201742072607148,-0.8270153132714639,-0.41661470759684033,-0.5061221547512293,1.8028535543454847,1.391607501712964,1.1188452625698195,0.2531992501892221,0.700558833211691,0.5106001571422693,1.4110304042558486,1.2309045656991897,0.6358690696027934,0.6396503041450882,1.2622304186993043,-0.9071598159022387,-1.553601406719449,-1.3284856399458025,-0.2233527107470814,-0.12479618717266176,0.06938110143228039,-1.136704559054746,1
0.5960101282327613,-1.2873548858258006,1.0038746524609323,3.678494229784619,1,0,0,1,0,0,-0.2684008765744537,-0.24138122886520175,-0.11865590134220637,-0.3139704669879782,0.15575794346509772,0.05700397312331826,-2.5784243391428276,0.26252813472539366,-1.2198651780521481,-1.1328306013256042,-1.7224809470414213,0.25017993224048907,1.3545027194986274,0.6677510628633975,0.29117869568784477,-0.9979356067747082,1.0514792046648027,0.3995114579107366,0.9416775146057242,-0.5927287050207662,4.252570803528167,-0.06863167855840126,0.6647675198571076,2.5730098384856976,2.6293547713742615,0.5927287050207662,-0.9416775146057249,0.27096530510494976,-0.10937746679115769,-1.0372881646111858,-1.3231018101594472,-0.9209277891567239,-0.24551969421163483,-0.6279498401920818,-1.0391903727935126,-1.1624527388592034,5.330412987960986,0.5034643620605421,1.7841890251287182,1.9343255908658337,3.1561396991829898,1.2041903675089267,-1.6064699783745033,-1.9347096706715041,2.079927340133461,0
0.13340540580248203,0.38754990231922204,-0.15484123025532542,0.3052077222492148,1,0,0,1,0,0,0.4634974696652297,-0.4821106693052209,-0.23379453409861076,-0.25552685198636804,-0.5003397971462276,-0.17330026485460037,-0.6646427780850832,-0.5173122529012976,0.35823368583418924,-0.47757378700268815,-0.7203930764523323,-0.5642252013367969,0.39925725487474256,-0.6253847356907458,-1.13315829117975,0.9309870097853283,-0.028712674479588987,0.18989870759052757,0.3041828515459622,-1.0712207285677868,0.2993249029078144,-0.4251457986403781,0.445834711354453,0.6167003792358313,1.1219454085118363,1.0712207285677868,-0.3041828515459622,-0.7595776989295921,-1.2351161931692491,-0.973604898829468,-0.40574627503850064,-0.3918111018575571,-1.2536794960168407,-0.6279498401920818,-0.8177176958673952,-1.1004416420156866,0.41760236644966076,-0.2553016945782196,0.5251851605108457,0.6895635396829819,0.9222885868622325,0.6014499566897238,-0.12479618717266176,-0.5986491559356475,0.6571863078002155,1
-1.485711122703495,-0.6689285025107157,0.27967722576327125,-1.161438585374874,0,1,0,1,0,0,-0.0412600105000692,-0.3408129542643401,-0.09306953850744984,-0.3197569635227911,-0.04341742694921697,-0.014994050788225242,0.8538627829422666,-0.1457070672086849,-0.26092056044125345,1.1371918207704859,0.9572736857186777,0.9696472795883836,-0.6628880319634546,0.5663073735798629,-0.23159003541287634,0.037546044174777665,0.7531685098469647,1.0239416331441018,1.0187373090415193,0.312111980532898,-0.6214693299212316,-0.03201429105163353,0.3944173004826661,-0.7894437826606783,-0.24482296413920132,-0.31211198053289735,-1.01873730904152,0.8837206048011639,0.11577027848446049,1.127942871967207,0.9767472778902511,1.2808803612172301,1.2352150146897614,0.18764225758709038,-0.26403600355210183,1.069946747507413,-0.6648813298155464,-0.17942508891434333,-0.4509989953885172,-0.1921429132382052,-0.48232991558187904,-0.3185222492974822,-0.12479618717266176,0.013711913318286572,-0.332546584257695,0
2.215126656738738,0.5936920300909173,-0.15484123025532542,-1.6014324776621007,1,0,0,1,0,0,-0.09173575851659908,-0.32162437567854146,0.38027817393554597,-0.4505317852095623,0.31597800474728516,0.1008288572433882,0.053112888839025145,0.6947921918489017,-1.4803215810820258,-0.4770671186338382,-1.4134964856357604,0.9027783887439652,1.8773522156573672,-0.8730965917192846,0.14334912117285079,-1.2583043284500592,-0.4412218229743474,-1.274205832151583,0.6060821098378343,0.6301771912123648,-0.946242591904303,-0.8100200852217536,0.7591746927201692,0.20697889259955288,0.5936006676263258,-0.6301771912123648,-0.606082109837835,-0.6760201580619267,0.491016520610491,1.0551619967881019,0.14983524623193267,-0.03337721691295973,0.9831750642384596,1.9003856629233515,1.6738499195514247,-0.17027518936292965,-0.7759052986632599,-0.5588081172337243,0.8809906005115491,1.1822818516095268,1.209981533145967,0.31594134103852145,-0.4540570296619595,-0.2089648391376897,1.1520527538291696,0
-0.09789695541265715,-1.3131226517972627,0.714195681781868,0.3052077222492148,1,0,0,1,0,0,0.07231042253712305,-0.4018675224918812,0.40586453677030254,-0.4615261286257068,0.19833084053262517,0.04761292652616041,-0.4753030305115783,-0.6258697049329727,0.45108817539237483,-0.497522574704126,-0.7071887196235036,0.32602114429238377,0.9727315622403979,-1.0433916801367427,0.1425877139865826,0.4387378718293334,-1.3206919453368957,-1.5466066909687173,-0.0741697193470499,0.5182145811312309,-0.3816242387984888,1.0018670533956473,-0.1757633978352838,-0.6374546245794803,-0.5905804404037498,-0.5182145811312309,0.07416971934704919,-1.0659553487776992,-0.10937746679115769,-0.6915790075104341,-0.37990527404917784,-0.8526546682148961,-1.2851844898232538,0.9216751455883455,1.0648000580046022,-1.1624527388592034,-0.5538573609678327,0.5034643620605421,-0.9436526815433369,-0.8793552956620708,-1.0407926936620688,-0.635754044465484,-0.12479618717266176,0.1250502895462747,-0.8892713360402683,0
-0.9460056132015023,0.0783367106616796,2.1625905351771904,-2.041426369949327,1,0,0,1,0,0,1.0565875088594558,-0.6013124453685155,-0.1826218084290977,-0.28098743673954474,-0.6961342596869565,-0.24529828876614387,1.972437569975773,0.8265563642289743,0.09965569560562193,2.03843358827805,2.011548260985409,-0.1680269392351781,-2.617545681816522,1.2676389114041378,0.969308717371563,0.6281894315633858,0.6188673676920493,0.6506416299434913,-1.2817794809441767,1.0420845785413573,-1.4761125913641668,-0.16344235530151371,0.495037121984924,-2.140133980900464,-1.9798863422758373,-1.0420845785413573,1.281779480944176,1.2696768649994288,0.9949186171797318,0.22468022465509221,0.5245297605771081,0.7712702799014421,-0.2905268282207957,-1.0357458890816678,-0.6199742343262191,0.7598912632898273,-1.497561096173398,-0.7105613285614767,-1.8012350241091333,-1.333174793489152,-1.9207946470005486,-1.8412348661038906,0.36909507656128593,1.0714264874841732,-1.8171459223445585,0
3.4744395122433867,1.7017059668637786,3.176466932553916,-0.8681093238500562,1,0,0,1,0,0,0.12278617055365294,-0.40477488288366886,0.2651395411791416,-0.43317229560512366,0.08520574189551154,0.023464520990611654,3.6737263660903885,0.9942029960383212,0.3102411172289213,2.151663416748464,2.464431824878103,2.6647950439721284,-1.5062643388825732,4.056409303621412,1.4227007913082896,0.9977084779613772,2.2667296118090183,2.3937773988890516,2.172121406194675,1.4801790473385341,-1.055289559498434,0.06065560790947952,0.5784908013214877,-0.6591081808576146,-0.8668243512185084,-1.4801790473385341,-2.1721214061946754,5.033745134561887,2.142099985965025,1.6465066076183352,2.02330781795781,3.1242546266465863,0.6366201323679207,-0.5463906304141645,-1.3160312189511594,1.5660355222555504,-0.9146852597229018,0.27583454506891375,0.6620334066649622,0.8840576101803024,0.5330569536548284,-0.4771381468814831,-0.37174181903963527,0.4033962301162448,0.2860364732784985,0
-1.7941142709903475,1.0317440516057692,-0.4445202009343899,0.5985369837740325,1,0,0,1,0,0,0.36254597363216995,-0.45071117707391406,0.13720772700535894,-0.40308251362409664,-0.1410912096780699,-0.035117722067849196,-1.4161704688629022,-1.348597445184254,0.5849689239834922,-0.9946417703571058,-0.29591870037405166,0.4815797478825445,1.2714467468623314,-1.0585440500657342,-1.2824913729049712,0.3868552143268627,-0.994464187186673,-0.32627072446204897,1.0928891867061523,-0.42709685071602743,0.9115347679838145,0.5662206129134782,-0.4109199334365362,0.3576031979395378,0.06616894439665652,0.42709685071602743,-1.092889186706153,-1.1176814455053017,-1.3637720476124597,-1.0229919212724328,-0.6936888574909508,-1.0087075160819317,-0.6505839002940839,0.8284646201278684,0.3291943810714265,-1.720552610450858,0.6118943119331598,0.27583454506891375,-0.6243401071837319,-0.723760039264214,-0.5500223735309933,-0.28679906978068154,-0.37174181903963527,-0.5986491559356475,-0.8892713360402683,1
1.2642169495209417,2.6808810737793296,1.7280720791585935,-1.6014324776621007,1,0,0,1,0,0,0.021834674520593164,-0.36930508610385926,1.1222826961434853,-0.6050312426890664,0.5310660354095263,0.18355950583739783,2.7791768050567702,-0.27882421985868155,0.10491189165496681,1.9497256667274596,1.5752411257576917,1.038069502669498,-0.7124064269759519,2.5677501232318964,-0.04864647039802911,0.8221831577861766,1.3848673498721757,1.1316508903042102,-0.45503125954306783,1.8670974549658579,-1.298847331839551,0.3339620259501845,0.6827967120721282,-1.2607428318239695,-0.9430537760305585,-1.8670974549658579,0.4550312595430671,2.5548714221544753,0.04072103005925432,0.28186519801010423,0.6795757665130432,1.263812080981773,-0.5920746260821743,-1.0357458890816678,-0.983822203561983,0.5738579727592754,-1.3310251429018278,-0.17942508891434333,-1.317704554364588,-0.8274902101961188,-1.2100238385348534,-1.397110352868688,-1.4418395571298541,-0.8769950965056176,-1.3841377820692236,0
-1.691313221561397,-0.6689285025107157,1.4383931084795292,0.3052077222492148,1,0,0,0,1,0,0.36254597363216995,-0.4751330043649305,-0.16982862701171944,-0.2607346988676996,-0.38315603266370524,-0.16390921825744253,1.090431292480159,0.7966156546473727,-1.0060892306506142,0.9704481028736502,0.8072384292216609,0.14695612397234503,-0.7406186789499996,0.7272008457705482,0.6965048064242555,0.1961593745122836,0.5790860288309622,0.6937525872463579,0.6912331826893887,-0.4851260289008703,-0.7896607394867289,-0.39563676105432216,1.5724789363350142,-0.7368009854388373,-0.3721351198076833,0.4851260289008703,-0.6912331826893894,1.106540713781605,1.1664597564373458,1.273504622325418,1.1963957862994923,1.4174266031008858,0.9516700704320475,0.4323198869208419,0.12354118106860354,0.9459245538203791,-0.8036612908751883,-0.482931511569848,-0.39625969692687113,0.4302381123532211,0.09305597698558829,-1.397110352868688,0.4514102871836102,0.23638866577426285,-0.76555472453303,0
1.9838242955235992,-1.2100515879114147,2.8867879618748513,3.678494229784619,1,0,0,1,0,0,-0.6595879237025604,0.5145324729995927,-0.13144908275958464,-0.2682571443629564,0.9129171623630022,0.6030262538437816,0.1168896753883604,-0.42743462318485415,1.1262776331654767,-0.44193107170298046,0.14566969560124196,0.9212480987990517,0.1354920565898252,4.678851001004882,-1.07489560496198,2.4470461962652714,1.965147562400319,2.8918011265116923,1.2994551316290601,-0.032311248161722386,4.512514851946658,-0.49013938600669504,0.919386179949811,2.5456270505342142,2.6339032180242463,0.032311248161722386,-1.2994551316290608,4.003202130527344,-1.0850176963188372,-0.43684594438356456,0.821701271954316,1.673450806632741,-1.442709458855317,-1.85133798686084,-2.312658265118687,0.07776919801113909,5.4969489412325565,-0.02767187758659086,1.6199711297437773,1.947291862232321,3.1561396991829898,0.7917890337905242,-1.9357308208638015,-2.1573864231274804,2.018069034379841,0
0.6731109153044746,0.7998341578626126,-1.6032360836506476,-1.6014324776621007,1,0,0,1,0,0,-0.14221150653312897,-0.2692918886263634,-0.3233468040202586,-0.20518433213349593,-0.18881334268781735,-0.04853350292093184,-0.12585659704799765,-0.21628883393244888,0.5266148071382664,0.2242826910561833,-0.010829719795530147,-0.31279687401759454,-0.016021405280222886,-0.9573081050557996,-1.0460311661636232,0.9615332257845349,0.21699098811197462,0.7406853400791978,0.05260013630273529,-0.4787858038769716,-0.7815243170699127,-0.751027846992959,0.24634807894418667,-0.0878268967222407,0.7372142380137365,0.4787858038769716,-0.052600136302735995,-0.9266927806649233,-1.009968447893631,-0.18211288125669506,0.33072225315718967,0.4103980692089227,-0.4660546508565234,-0.46483142063624716,-0.5408768497097485,0.015758101167622184,-0.8869292675109735,-0.9381911455531051,-0.998391980004983,-0.7367263106307022,-0.7192535184037778,-0.2233527107470814,-0.6186874509066087,-0.8769950965056176,-0.8274130302866491,1
1.3156174742354179,0.05256894469021735,0.27967722576327125,1.0385308760612593,1,0,0,1,0,0,0.4256406586528323,-0.4850180296970086,0.4954168066919504,-0.49971700575547184,0.027057114839558638,0.013179089003248299,-0.8142011446626353,2.6919721677327617,-1.3013661207185159,-0.49807797442314594,-1.1370476910969658,-1.881688207401002,0.10062951732251423,0.06692220218353793,1.9140068840951001,-0.17158987892855385,-0.23587547256893368,-0.9729023147169332,-1.2601455701587203,-1.3166012534636966,1.1990343874083682,-1.7774062028773563,1.6065798027869673,0.4389811292274565,0.5283679361832112,1.3166012534636966,1.2601455701587196,-0.11896988561082296,1.391607501712964,-0.6733837887156574,-0.6512357844370638,-0.6990401460957827,-1.033144539371952,-0.46483142063624716,0.12354118106860354,-0.5423417704240322,0.9727222106882286,-1.6969572021918669,-0.33239718205494984,0.5080357405521495,0.6684418695530556,-1.4922798914190887,0.6160407084282594,0.013711913318286572,-0.5181215015185524,0
-1.7170134839186342,-1.41619371568311,-0.4445202009343899,0.3052077222492148,1,0,0,0,1,0,-0.00340319948767178,-0.3204614315218264,-0.2721740783507456,-0.22080787277749073,-0.24894681527076487,-0.07581225732219987,-1.1364702642386957,-0.5642327572566604,0.317422855146163,-1.1238319514681807,-0.7439652246247569,0.06054563960618809,1.1501650558052474,-1.0530266473060446,-1.2810166992566585,0.5324163205657749,-0.677117051593009,-1.6013957988717916e-4,0.9277639406103728,-0.8375679493470506,0.5281177486238545,-0.5088672412700492,0.10109937942099056,0.8468067853036036,0.9670348832957717,0.8375679493470506,-0.9277639406103735,-1.142549761239726,-1.403977002125963,-1.2715516065939323,-0.8482734169806473,-1.0361386807460589,-0.8756195703398886,0.2895912698094869,-0.12561558047327853,-1.720552610450858,0.8339422496285867,-0.17942508891434333,1.127317443588959,1.0137203238451828,1.345366449044194,1.0455744699249259,0.28677986593896093,-0.09762646290970158,1.2139110595827887,1
0.46750881644657266,-1.235819353882877,0.5693561964423357,1.0385308760612593,0,0,1,1,0,0,4.2744164449132365,-0.79726853577500445,-0.4512786181940413,-0.046634327079622846,-1.682106909992059,-0.5771152685323878,-1.1130881098592897,1.6748501088101704,0.24415779656780176,-1.6143389323037733,-1.5713713772695062,-0.39080592709161993,2.58183494765673,-0.2610865853879183,1.6187982966700418,0.8662193288436534,-1.1086687296136917,-1.0083318002441788,1.1921218465220584,-1.715344606419548,1.2869014724980177,-0.6771077390385425,0.5366950003714722,1.08153081487361,1.0584200028015744,1.715344606419548,-1.192121846522059,-0.016844002328120476,2.067050737539819,1.0824548249802661,1.428964795203394,0.8200367948598906,-0.24551969421163483,3.042214599814193,2.412092175971816,-0.06692336129040147,1.6943780081983673,-0.3311783002420958,1.2459192569225261,1.3767759221068474,1.8192136546879905,0.5380035976561225,0.12214944469431245,-0.5986491559356475,0.904619530814692,0
-1.1516077120594044,-1.2100515879114147,1.4383931084795292,3.678494229784619,1,0,0,1,0,0,0.059691485532990585,-0.3408129542643401,-0.13144908275958464,-0.2682571443629564,-0.15587647293194926,-0.0547942006523704,-2.0878171185705003,1.3981845993352173,-0.6737660675287305,-1.8629020745048173,-2.149573562896908,-1.5531250005529444,1.4230929240087211,1.6526714863553351,1.307199406159039,0.09747761125159149,0.15371302459637476,-0.0718511168290359,-1.5495845239304507,-0.5814181964513455,4.554490402808205,-0.6095285728648173,1.0190163842115065,2.6690797221818854,2.7244022783068775,0.5814181964513455,1.54958452393045,1.217950768271826,0.8662627627365218,-0.7006766169078218,-0.5478717804797735,-0.4600842227993849,-0.7495995951142377,-1.1988643086375024,-0.7069813574043363,-0.4183195767369984,5.247145011325201,-0.2553016945782196,1.2550424733328,1.675000163536073,2.9192160963610903,0.41111087958892223,-1.7711003996191523,-2.1017172350134863,1.646919199858125,0
-0.7661037767008384,1.3151894772918502,-0.4445202009343899,0.3052077222492148,1,0,0,1,0,0,0.45087853266109723,-0.4902512784022264,0.41865771818768077,-0.48004291753710804,-0.024335593574750448,-0.00605019688617015,0.0927805824919838,-1.0599319499992106,0.029046774546054328,-0.5224806555563767,-0.043641902226953494,-0.40807025872436853,-0.13317952446013148,0.1801419999290363,0.6881396886947253,0.037159961398584795,-0.735464599896826,-0.7585383038771675,-1.6929968571541203,1.122534507594003,0.05098210529575122,2.144153098988471,-0.0023657363646007296,-0.02343644963339093,-0.68382840593553,-1.122534507594003,1.6929968571541196,-0.1328961424221005,0.19081952690966666,-1.0782274068994329,-0.8967252938356269,-1.1001447316290225,-0.9543820548559203,-1.0357458890816678,-0.4024564266309252,-0.790386157798101,-0.08200549336504998,1.717490052682561,-0.4692454282090663,-0.39960325510201306,-0.38079122865820925,-0.9529858396334858,-0.5363722402842841,-0.04195727479570725,-0.3944048900113141,0
0.05630461873076867,-1.2873548858258006,1.0038746524609323,0.3052077222492148,1,0,0,1,0,0,0.5013542806776271,-0.5047880803611647,-0.3361399854376369,-0.1855102439151321,-0.6365757431277032,-0.2448510960710411,1.16004316807223,-0.8846676966770314,0.5955401649876074,0.7949607733574906,0.13149546993945277,1.62332861046236,0.6259994986144921,1.3569025187457642,-1.728989783088421,1.530585740767226,0.6224798854523799,0.5460250731368603,1.2994551316290601,0.9252428331319453,-0.2572672549500975,-0.5178298320072686,0.7239677040932505,-0.4567003193467803,0.36213665772225345,-0.9252428331319453,-1.2994551316290608,0.9672781456688292,-1.685411683720486,-0.7006766169078218,0.12399424524260985,0.3762615087380082,-1.757759396919444,0.18764225758709038,-0.3747723420151606,-0.8523972546416179,0.0012624832707351544,-0.17942508891434333,1.1638103092300558,1.4156747362063122,1.1084428462222957,0.886958572340925,-0.5363722402842841,-0.15329565102369538,1.5850608941045057,1
-0.3291993166277972,-0.6689285025107157,-0.4445202009343899,0.3052077222492148,1,0,0,0,1,0,-0.29363875058271866,-0.21405204118239762,-0.16982862701171944,-0.2607346988676996,0.13864498215872859,0.0368803018436943,0.3613013403420706,-0.43140665971867465,-0.38213380910424427,0.35979925337978585,0.47753478082044437,0.12876569454468806,-0.5497894139724745,-0.2859469127159298,-0.8114461306924784,0.8243502635259712,-0.3692102677538327,-0.07305689695999608,0.3210111268130686,-0.14275387761029457,-0.7881130947715042,-0.22076974123920903,1.3507822334111421,-0.8521681604045424,-0.6921444433034646,0.14275387761029457,-0.32101112681306926,-0.23037994010104354,-0.7097714541928067,0.20908432283099887,0.6149732640397371,0.4274663494443799,-0.40304466324369825,0.10608304780917345,-0.04256332662598434,0.015758101167622184,-0.8036612908751883,-0.3311783002420958,-0.40538291333714505,0.31354167005482897,-0.0592520533999176,-1.4288335323854886,0.28677986593896093,0.23638866577426285,-0.76555472453303,0
0.46750881644657266,0.4133176682906843,0.5693561964423357,0.3052077222492148,0,0,1,1,0,0,4.2744164449132365,-0.79726853577500445,-0.1826218084290977,-0.25957739956073705,-1.349969213458545,-0.41254835673457413,-0.6369837592336626,1.4646074464151793,0.1477846017556499,-1.339156864552181,-1.3915320144573502,-0.7923455411579245,1.2721499880293017,-0.3114469871716972,2.5499087537833955,0.7316824179914109,-1.0756522505234152,-1.3304555573266663,0.3637290563372595,-1.4414068652642016,0.5745472632043173,0.5442229289484533,0.5332437654845383,0.7425161701009698,0.5101288708504054,1.4414068652642016,-0.36372905633726016,-0.27215871053487645,2.4422969796658496,0.1272058382545045,0.49222850934045503,0.009293483675682786,-1.033144539371952,1.6149284287006416,1.5354294964726014,-0.790386157798101,0.8894542340524437,0.9587239960437993,1.145563876409508,1.2860120225414318,1.5653669373788135,0.15732544345452057,1.6861384465184783,0.9600881112561845,0.904619530814692,1
0.10770514344524394,-1.235819353882877,-2.327433510348309,1.0385308760612593,1,0,0,1,0,0,-0.4955417426488382,0.046447449921777705,-0.5024513438635544,0.028590127872944675,0.012640013059900992,0.013626281698351053,-1.3567364386475558,0.11312362467451374,0.49199937879924127,-0.9942345465183032,-0.714987715549514,-1.5456365836397592,0.5786027828194376,-0.708291325264926,-0.5387940209375985,1.2336006531126285,-0.3478248155606511,0.051512477913515986,-0.9053494332772469,-1.2101494081044426,1.1788586979036593,-0.6950177473651297,0.5670700554894146,0.9982495966021446,0.9798109560198708,1.2101494081044426,0.9053494332772463,-0.5646101035717058,-0.3345252120667762,0.6548671833030202,1.248077788278137,1.0248561576853752,-0.40304466324369825,-0.30171300108041293,0.12354118106860354,1.2559800380379649,1.3613061016552261,-0.482931511569848,0.6985262723060605,0.9099901529132779,1.3115202200696365,0.12560226393772106,-0.5363722402842841,-1.0440026608476,0.40975308478573785,1
0.8273124894479005,-1.235819353882877,-1.6032360836506476,1.0385308760612593,1,0,0,1,0,0,-0.3188766245909836,-0.20881879247717983,-0.5024513438635544,0.028590127872944675,-0.26234552742461253,-0.18269131145175824,-1.4102099745324628,-0.06341027051591502,-0.1278864063330697,-0.8730471691585104,-0.25071009352988216,-0.44725785103606763,0.6573227683229709,-0.770933753560831,-0.6814883668193759,0.15508865005179204,-0.06530234545901403,0.5584604443821866,0.18609969967169646,-0.7945777810288902,1.190623374981764,-0.5956674992774662,0.33067413828693754,1.114677713308379,0.8711633287910807,0.7945777810288902,-0.18609969967169718,-0.8709877534198129,-0.8598699510432187,-0.9281168518425269,-0.7158382869103699,-0.6990401460957827,-0.2770246880180474,-0.46483142063624716,-0.5962450189412776,-0.728375060954584,1.333550109443298,-0.4070549059059717,0.5981708917930423,0.6895635396829819,1.142289075196852,0.09387908442092041,-0.6186874509066087,-0.9883334727336057,0.40975308478573785,0
0.10770514344524394,0.6709953280053031,-2.327433510348309,-0.13478617003801185,1,0,0,0,1,0,-0.4955417426488382,0.046447449921777705,-0.5536240695330674,0.09224158975588642,-0.08883385827611308,-0.035564914762951955,-0.8154092047340381,0.30133381520802177,-0.20097496113682864,0.3109737571112866,0.11290345670745275,0.02461305706112082,-0.37107038127279424,-0.7863701349283868,-0.5317720234684385,1.0716071604802617,-0.22729467861280153,0.2613038043700276,-0.9609518129377761,0.9866295824910817,0.3481145751397869,-0.9463076575517824,1.3516013554571757,-0.645486996008618,0.10833228303317616,-0.9866295824910817,0.9609518129377754,-0.6481676444393714,-0.3345252120667762,0.6275743551108558,1.1317932838261862,0.9736513169790033,-0.15100471279239655,-0.5463906304141645,-0.1532996650890431,1.2559800380379649,0.5563823275093027,-0.7105613285614767,0.8353745184601769,1.4805060930387524,1.0745966172477384,-0.0647368131630805,-0.12479618717266176,0.4033962301162448,1.2139110595827887,1
-1.2287084991311177,1.4440283071491598,1.0038746524609323,-1.161438585374874,1,0,0,1,0,0,-0.48292280564470574,0.026095927179264008,-0.7455217907937414,0.7085034707134588,-0.7584313403226886,-0.5274768793759821,1.503400604101278,-1.112458625810472,0.010056637235665503,1.3391207462388972,1.7228114966205832,1.5907936172987074,-1.6146341720759407,1.2455953806394406,-0.5777108054461713,0.20226997402204497,1.2044193660272913,0.9948186802447054,0.7781220325379118,1.3979208031972914,-0.8459309088990588,0.9481463734296474,0.18951405704972854,-0.6147841090787105,-1.2684925064480337,-1.3979208031972914,-0.7781220325379125,1.245803281894381,-0.4846237089171882,0.21818193222838655,0.29196075167320634,0.785900234388976,0.006520256239666901,-0.7910682597479163,-1.149926711256571,0.20179139169817292,-0.7481493064513315,1.0346006017076752,0.34272083230535716,0.39133929825375646,0.10997909147286698,-0.7626467625326843,0.12214944469431245,1.0157572993701793,0.16231986177126023,1
0.10770514344524394,1.289421711320388,-2.327433510348309,-0.4281154315628296,1,0,0,1,0,0,-0.4955417426488382,0.046447449921777705,-0.2849672597681238,-0.22022922312400942,0.3249648631982956,0.20591914059253555,0.012908044600045,1.4082451182762108,-0.18215424205447073,0.258281770844187,-0.5369707053327284,-0.4816166567400383,0.5912634968477796,-0.9144724258802246,-0.1993503676930972,1.1005010379803726,-0.36226047017996255,0.0031293736920157164,-0.47521987007162214,-0.18555039652161812,-0.9316790232726055,-2.1325654418767903,1.3549083623464588,-0.708133290552464,0.701143439918035,0.18555039652161812,0.4752198700716215,-0.7595776989295921,0.04072103005925432,0.764038496071679,1.2739187892674588,1.0419244379208312,-0.24551969421163483,-0.05703537174666111,0.17890935030013266,1.1939689411944467,-1.053465220782544,-2.0763402305112475,-1.3450742035954124,-0.5681647828663581,-0.7869459763528921,-0.9212626601166852,-1.4418395571298541,-1.6563637301015341,-1.5078543935764617,1
0.6731109153044746,-1.2615871198543382,-0.15484123025532542,-0.8681093238500562,0,1,0,1,0,0,-0.5333985536612357,0.09005785579859277,0.57217589519622,-0.5089754002111725,1.0027398063979185,0.4626077475815167,0.16634011147489,-1.6887652313425803,1.2819942312594521,-0.557296996911611,-0.1217828700118781,0.5591530469636192,0.9956993903150237,0.15250996595724023,-1.200432205628013,1.3786345669516409,-1.096841094489671,-0.1867819820532157,-0.3364521793121226,1.0963072413460702,-0.07891381315875037,1.1153166472712115,-0.3671342764170332,-0.33473656465745477,-0.024032555863011618,-1.0963072413460702,0.33645217931212196,0.29881781872750485,-1.009968447893631,0.6093791363160792,1.2868392897621204,0.700558833211691,-0.15100471279239655,0.6769975162545934,0.954063719541543,0.6358690696027934,0.45461035606556566,2.096873081001942,2.2646784227365058,1.6706780730805761,1.401776830668456,2.314501650596933,-0.48149543320273464,0.013711913318286572,1.8118746818677758,1
0.8273124894479005,-0.02473435322416849,-1.6032360836506476,0.7452016145364414,1,0,0,1,0,0,-0.3188766245909836,-0.20881879247717983,0.6489349837004895,-0.5251775905086485,0.684573073262055,0.24527209776157796,-0.02817611572692256,-0.6855972714678121,-0.3784708620447967,0.6375908319612329,1.249149459237837,0.6260723977014621,-0.9449350561367016,-1.045280549599789,-0.8056696174543865,-0.15508092989077468,-0.32515296909971847,0.3517980592110647,0.7577574583546642,0.10235345797273021,-1.005252434194087,0.13390163479556277,0.36154096867180463,-1.1837601982728487,-1.2804931424258827,-0.10235345797273021,-0.7577574583546649,-1.1216603760228097,-1.009968447893631,-1.1464594773798444,-1.0388507992769007,-1.091610591511294,-0.2140147004052217,0.02452383803125581,-0.319404172783631,-1.1624527388592034,-0.9979532363586869,-0.02767187758659086,-0.43275256256796935,-0.1921429132382052,-0.6346379459673855,-0.9529858396334858,0.8629863402952329,1.0157572993701793,-0.76555472453303,1
-0.14929748012713334,-1.2615871198543382,-0.8790386569529866,-0.8681093238500562,1,0,0,1,0,0,-0.09173575851659908,-0.2733621931748661,0.57217589519622,-0.5089754002111725,0.41063029009025687,0.18311231314229506,-0.8409346773059778,-1.8216524096609605,-0.9082887724657881,-2.451867605079422,-0.933848224473145,-0.6838267743165686,0.8562009983941409,-1.5661942956412265,-1.4563907537132625,-1.4299139478374425,-3.8952595648329478,-1.9369572630109202,-2.3498765620089648,1.3979208031972914,-0.3955827468864943,1.0412948153440473,-0.1952644373864717,-0.550157752673807,-0.6770133412564578,-1.3979208031972914,2.3498765620089634,-1.5951531076062477,-1.685411683720486,-2.28366065205337,-2.4471853531949743,-3.2763504616497907,-0.24551969421163483,-1.0357458890816678,0.012804842605544792,-1.720552610450858,-0.05424950115312168,1.717490052682561,1.6336559543591895,1.2600794798084554,0.9222885868622325,1.0455744699249259,-0.20711139779498602,0.5704037944582268,1.244840212459599,0
0.6731109153044746,0.43908543426214564,-0.15484123025532542,0.3052077222492148,0,1,0,1,0,0,-0.5333985536612357,0.09005785579859277,-0.13144908275958464,-0.25957739956073705,0.5581080779839983,0.2698676959922295,-0.3001240291352529,-1.161695377070002,0.6404352182477684,-1.0259821342557718,-0.15435855240180182,-1.0092867441357138,-0.29201368136828376,0.196551621371777,-1.152440264374239,1.50360347299337,-0.9390501570351291,-0.02441982127663088,-0.4372750117287954,-0.9428627094306623,0.6137218325190588,0.43997400447517654,0.6354800853406821,0.45488961138146256,0.17683247543729966,0.9428627094306623,0.4372750117287947,0.27096530510494976,-1.009968447893631,0.34554846379182197,1.1059522828368633,0.615217432034406,-0.40304466324369825,0.4323198869208419,0.7325910426154264,0.5118468759157585,0.8339422496285867,0.7310941790521709,0.8444977348704508,1.078551680677623,1.2269046476332444,-0.2550758902638815,1.6861384465184783,1.2384340518261547,0.6571863078002155,1
0.15910566815972013,1.289421711320388,-2.0377545396692445,-0.4281154315628296,1,0,0,1,0,0,0.3246891626197725,-0.4664109231895675,-0.2849672597681238,-0.22022922312400942,-0.48205114432189883,-0.18850481648809403,-0.39304944006155274,1.0524533508092748,-0.45607887456344387,-1.1208058923542954,-1.7940486634099757,0.009246832596703287,2.879134915381957,-1.4247670563567971,-0.348802784518242,1.0439821818968182,-2.2306734529291385,-1.9362194613213177,-0.7581467807413153,0.7645323233097278,-0.8770656409037396,-1.793948225560803,1.6725765118094646,-0.697761159277604,0.4420096782563536,-0.764532323309727,0.7581467807413146,-1.4558905394934718,-0.7848207026180125,-1.6195351660440314,-0.9484072958142716,-1.6548638392813753,-1.94678935975792,0.758556726032511,1.3416409041622488,-1.658541513607341,-1.053465220782544,-1.848710413519619,-1.6461403451344683,-0.723760039264214,-0.9223308922511192,-1.5557262504526888,-1.6887851889968277,-1.6563637301015341,-1.6315710050837011,0
-0.6633027272718879,-0.2824120129387873,0.27967722576327125,-0.4281154315628296,0,1,0,1,0,0,-0.10435469552073157,-0.2646401119995031,0.5593827137788417,-0.5078181009042099,0.41597929450789567,0.18892581817863088,-0.6906265520679581,0.956085242385765,0.10941148662761298,0.43591522320376846,0.7165550188622986,0.25496558584709694,-0.5350391559263787,-0.5476415412369317,0.7982946544750447,1.2631814691995993,-1.054136619335426,-0.9002233969491088,-0.38662849897585155,0.7311960875261709,0.41313605702432515,-0.5125429396099672,1.119806388262665,-1.6341571707720846,-1.8104495513482863,-0.7311960875261709,0.3866284989758509,-0.5924626171942612,0.5660657690356972,-0.4004555067940112,0.279040251178545,-0.1699234587966153,-1.3796994712424915,0.2692014673650073,0.5111183656893089,-0.4803306735805153,0.029018475482663446,-0.7864379342253526,-1.1534866589796486,-0.4903671546674297,-1.057715808149347,-2.063297122721492,-0.04248097655033679,0.3477270420022505,-1.6934293108373202,1
0.930113538876852,1.1348151154916164,-1.168717627632051,0.5985369837740325,1,0,0,1,0,0,0.8546845167933363,-0.5844497550961469,0.7896599792916505,-0.56626171590582,-0.03633254224193148,-0.011863701922505961,-1.1256672685791445,-1.3906253174711682,1.0130176508382207,-1.2687438372821376,0.15646465226061468,0.7871550531558245,0.4860872127634919,-0.8352674764781163,-0.6048643739206765,0.7345946869299238,-1.547996113544655,-0.1338525338152278,1.363478494675341,-0.2786957612109654,0.730678317898398,1.3027370386187567,-0.6466322486650008,0.17902462389151347,-0.33409265793491627,0.2786957612109654,-1.363478494675342,-0.7131568428920001,-0.43459087663371765,0.521435578807993,0.8475422729436388,0.10885845171584906,0.804646766002121,2.0906904857384916,1.397009073393778,0.34648395099971346,0.3898463742377325,0.8069707847160468,-0.8250508682097696,-0.996051737960463,-0.8715615487892844,-0.4771381468814831,0.03983423407198747,-0.09762646290970158,-1.136704559054746,0
-0.8689048261297889,-0.1535731830814779,-0.15484123025532542,-0.8681093238500562,1,0,0,1,0,0,-0.36935237260751347,-0.10008351382432092,-0.10586271992482811,-0.26941444366991896,0.29586500228236695,0.13123796051037553,-0.15535016157274956,-0.14523564664219918,0.0852080705530157,0.26629849555902513,-0.4628217455743203,-1.9413299794538774,-1.2702941933606136,-0.8563677283709722,-0.07364280045761439,-0.6493544492878794,-1.2439401293816152,-1.4859461649685504,-1.7568601617927857,-0.90531003275748545,-0.6396543626059796,0.12556674208093865,-0.7690208849631938,-1.5932218260072994,-0.8490462777502336,0.90531003275748545,1.756860161792785,-0.6899464148732042,0.19081952690966666,0.8322705665520905,0.33072225315718967,-0.20406001926752979,0.6208676354647141,0.3915402820318834,1.6738499195514247,1.2249744896162058,-0.7481493064513315,-0.17942508891434333,-0.8524205174405927,-1.0738493661593913,-1.531563013793144,0.2524949820049213,2.673920973986373,2.2404794378780473,-0.45626319576493324,0
-0.7918040390580765,0.9029052217484598,1.7280720791585935,-0.13478617003801185,1,0,0,1,0,0,-0.7100636717190902,0.7093256192493668,0.7001077093700027,-0.5413797808061246,1.6353381714915332,0.9639107587917047,0.7452336044686038,-1.470654572689613,1.1123855821953899,1.3292501815300648,1.6453855423957364,-0.23781233579213085,-1.560021730589111,0.39301667391581285,-0.2528452716540198,-0.07800763287245979,0.9338585841595846,0.699860184728919,-0.37315522795503414,0.04574314950473895,-0.6435678382084901,1.7652247119422366,-1.5990585040080798,-0.8697330528207037,-1.4558045358032263,-0.04574314950473895,0.3731552279550334,-0.11896988561082296,-0.7097714541928067,-1.6013399472492547,-1.3877043126327533,-1.0233374705694662,-1.0961545269847772,-1.1988643086375024,-1.2052948804881005,-1.4725082230767892,-0.6093693453916895,1.6416134470186852,-0.0039613912850709025,-0.8274902101961188,-1.0746389226366257,0.5697267771729232,0.9453015509175579,1.0714264874841732,-0.5799798072721716,1
-1.4343105979890196,0.9544407536913834,1.0038746524609323,1.478524768348486,1,0,0,1,0,0,-0.7605394197356201,1.5350159705170654,-0.4768649810287978,-0.01885914371252099,1.048156237724814,1.1951093821598289,-0.5873479080225452,-2.228631817504187,2.014531850815878,0.6034798442509669,1.914267572863225,0.43110579032355817,-1.3367533461352483,-0.01778405642546515,-0.8309490782419136,1.0179881381072065,1.1211579327635472,1.5574514905710326,-0.10705812529392912,0.6941558255444424,0.7989519441015376,2.2264405653610724,-1.7309526228858372,0.2964586779500379,-0.9680933506167159,-0.6941558255444424,0.10705812529392841,-0.11896988561082296,-0.8598699510432187,-0.38226028799923456,0.17567624722125458,0.6322857122698633,-0.5920746260821743,-1.1173050988595852,-1.2052948804881005,0.015758101167622184,0.5286263352973745,1.717490052682561,-0.5878472415426337,-1.3202085221226638,-1.1423313805857394,-0.033013633646279864,-0.20711139779498602,0.1250502895462747,-0.76555472453303,1
0.6217103905899984,-0.5916252045963298,1.0038746524609323,1.0385308760612593,1,0,0,1,0,0,0.8925413278057338,-0.5885200596446497,-0.19541498984647596,-0.24626845753066742,-0.6489975514726921,-0.26229161118004857,-1.730723938027926,1.5300203969529733,-0.611532319690145,-0.7497851622167061,-1.2939761144126714,-0.8386273287459406,0.8339079120705064,-0.019908483314510204,1.6573789453247496,0.5599763131098878,0.36758998781857755,-0.43864070712216896,0.8432886699243073,-1.9801510895363814,2.3867214443664553,-0.4396751674446605,1.3987073582360825,1.3774073216024072,1.2539850464465667,1.9801510895363814,-0.843288669924308,0.18740776423728422,1.9920014891146134,0.8641121994429487,1.0542702808582185,1.178470679804488,-0.7495995951142377,1.166352774922097,0.7879592118469556,0.44983577907224165,2.221741860225006,-0.4070549059059717,0.023408257945752128,0.7414286251489338,1.3115202200696365,-1.175048096251087,0.28677986593896093,-0.5429799678216537,0.038603250264021984,0
0.9044132765196139,-0.514321906681944,-0.15484123025532542,0.3052077222492148,1,0,0,1,0,0,0.7032572727437467,-0.5466540700029072,-0.42569225535928473,-0.06978031321887439,-0.8523547117397424,-0.36648750913899036,-0.7301574209185504,1.9635187853014056,-1.4631747471246173,-1.2208584928414374,-2.1406837008361124,-0.621225564884138,2.045207071352379,-0.6597623535986464,1.6114453969732492,-1.6628714488083893,-0.950339704885325,-1.7864303674519093,-0.6300765684554116,-0.2223753081429896,0.3560748978165269,-1.0806805303046452,0.329183456622282,0.7069604770615158,1.038892099777731,0.2223753081429896,0.6300765684554109,-0.7038726716844818,1.2415090048625523,-0.4732363819731166,-1.2068173057074962,-1.4500444764558913,0.038025250046078915,0.5138790966987595,0.954063719541543,-0.8523972546416179,-0.026493508941193386,-1.2416975682086098,-1.1899795246207467,-0.8663890242955825,-0.5669454880182719,-0.6992004034990842,-1.277209135885205,-1.4893561657595522,-0.9511296417938885,1
-1.691313221561397,0.6194597960623787,-0.4445202009343899,1.0385308760612593,1,0,0,1,0,0,-0.06649788450833415,-0.3001099087793127,0.8920054306306766,-0.5830425558567773,0.521316720252511,0.21978211414072094,-0.6384644119448784,-1.989734681989352,-0.15219700561340507,-0.5672128498135145,0.686038820974344,-0.024491079524794266,-0.3279859835464641,-0.9415695475217802,-1.141177611583909,0.3307733311581692,-0.3308581809481236,0.52107456183853,0.8432886699243073,-0.8697663470174435,-0.053004890951801185,1.587766615130088,0.5404537034589056,0.43819465794521384,-0.3831561759786262,0.8697663470174435,-0.843288669924308,-1.0659553487776992,-1.3101654415944555,-1.3466068841223853,-1.0000892977929163,-1.05747403104038,-0.5920746260821743,-0.38327221085833024,-0.762349526635866,-1.720552610450858,0.08453045990652028,1.793366658346437,0.5981708917930423,0.806259981981374,0.9561348158367899,-0.8895394805998851,1.0276167615398821,0.6260729825722207,0.16231986177126023,0
-1.9483158451337743,1.109047349520155,1.0038746524609323,1.7718540298733036,1,0,0,1,0,0,-0.5586364276695006,0.1755342513171503,-0.6431763394547153,0.3121284580787761,-0.1810229895479596,-0.10622136058918719,-0.21253511945169665,1.0115908381952958,0.5779116396301048,-0.5375911024097648,-0.11797313249723113,-0.3562268771370732,-0.2963580992505138,0.34412961873535897,1.0352040443592128,1.0537619576808297,-0.022800843419950877,0.14160221809018778,0.416552302523086,-0.8989824755158523,0.6393855175607938,-0.35139548573653917,0.26890457152456254,0.7036419708370915,0.29161785542404084,0.8989824755158523,-0.4165523025230867,0.15955525061472892,0.7161642658861095,-0.5278220383574467,0.05939174276930372,0.0519641842643253,-1.1276595207911904,-0.22015379130249568,-0.4301405112466897,-0.6663639641110671,1.194770148383656,0.19995793940503753,1.8662979728211873,1.7527977917350004,2.005367914048054,0.6966194952401235,1.6038232358961542,1.1827648637121608,1.708777505611744,0
-1.280109023845593,-0.7977673323680251,0.27967722576327125,1.7718540298733036,1,0,0,1,0,0,-0.33149556159511606,-0.20067818338017435,-0.7327286093763631,0.7085034707134588,-0.923865887798175,-0.7018820304660564,-0.7130201329357222,-0.15107274037604043,0.6466813501070302,-1.461376789162259,-0.976510256166188,-0.8990863352747408,0.24208759595069476,-0.3237956720587893,-0.4976978056343469,0.9354830625261159,-0.7854816482093954,0.05481770971498538,-1.244018473027745,0.007555847346540335,0.6679390313285267,-0.2912306587378819,0.0560351906463436,1.1953556054206957,1.3230299826832743,-0.007555847346540335,1.2440184730277444,-0.14682239923337803,-0.25947596364157,0.7822337148664557,1.1963957862994923,0.76883195415352,0.3530751881102058,-0.709509049969999,-0.2086678343205727,0.9459245538203791,-0.05424950115312168,-0.8623145398892288,-2.0110690015454455,-1.6832641203843295,-1.2269469530221315,-1.175048096251087,-1.4418395571298541,-1.6006945419875402,-1.8171459223445585,0
0.9044132765196139,0.5163887321765315,-0.15484123025532542,1.478524768348486,1,0,0,1,0,0,0.7032572727437467,-0.5466540700029072,-0.6047967952025805,0.2108647687195506,-1.2016551685127892,-0.5833759662638264,-2.8035195180049155,1.1302581749907912,-1.655872965716859,-2.197510454161732,-3.3062367734350726,-1.2313672525513863,2.7303000241102677,-0.3273262272328854,1.6380833576074019,-1.6478116705194845,-0.6663527240233312,-1.5868155042801237,-0.5483077512256369,-1.1356331163529647,3.5713016255339616,0.08968113173260635,0.60774200168728,2.30795089743716,2.7490532402493812,1.1356331163529647,0.5483077512256362,-0.48105256270404034,1.0914105080121401,-0.8007503202790929,-1.4393863146113988,-1.5695224381040902,-0.2140147004052217,0.18764225758709038,0.5111183656893089,-1.1004416420156866,3.5540294863975688,0.19995793940503753,0.3518440487156324,0.6247321828505417,1.5992131663533709,0.6014499566897238,-1.7711003996191523,-2.213055611241474,0.904619530814692,1
1.9838242955235992,-0.514321906681944,0.27967722576327125,0.3052077222492148,1,0,0,1,0,0,0.04707254852885811,-0.3169725990516812,-0.42569225535928473,-0.06978031321887439,-0.4866647654576219,-0.1898463945734023,1.2564467233740892,0.005124044144343284,-0.2988967818167482,0.8126758992393686,0.4566725398926949,0.9401227353557519,0.4881411855823097,1.7126151254750626,-0.8160634199493844,-0.16546390178185713,1.586391749704204,1.4897642676063592,0.3506288912831737,0.9344658179137063,-0.03589489990995091,-0.8245473309367946,0.24232664983204888,0.475166192917634,0.8607681803920672,-0.9344658179137063,-0.3506288912831744,1.07868820015905,-1.009968447893631,-1.110069039790291,-1.0130097982875779,-0.42594766232847037,-0.43454965705011084,-0.8726274695258333,-1.0945585420250417,-0.9144083514851348,-0.3040534310604773,-1.0140677512169813,-1.0713777112871794,-0.8015576674631424,-0.5838686025055501,-0.5405845059150832,-1.6887851889968277,-1.6006945419875402,-0.7036964187794109,0
0.6988111776617119,-0.3339475448817109,1.0038746524609323,-0.4281154315628296,1,0,0,1,0,0,-0.3945902466157784,-0.08147640731687983,-0.2721740783507456,-0.2265943693123036,0.16860278334609116,0.11245586731605983,0.7988946617850583,0.5557051342642279,-1.5606550998623632,1.4154567421712136,0.7746740402232036,0.13664271656981863,-0.8432160634981887,0.8793631344356133,-0.14086348761434037,-0.962715930779964,1.2778322375766027,0.7224749492071862,0.8518955842960956,-0.6585353003337585,-0.2322331917561517,-0.9038366860516117,1.166031137303746,-0.6451141680413027,-0.3017580231367099,0.6585353003337585,-0.8518955842960962,0.49378541408539117,-0.40957446049198204,-0.8917264142529749,-1.1938968052128347,-0.71610842633123994,-0.024984737566746233,-0.5463906304141645,-0.9284540343304539,-0.728375060954584,-0.16527347000083534,-0.7864379342253526,0.2788583174334372,0.858125067447326,0.5161338391675497,-0.667477223982284,0.6983559190505837,0.4033962301162448,-0.1469716669968365,0
0.6217103905899984,1.1605828814630785,1.0038746524609323,-0.4281154315628296,1,0,0,0,1,0,0.8925413278057338,-0.5885200596446497,-0.016310450003180245,-0.3122345180275343,-0.49205702065404483,-0.21131164393833451,0.32593174059245955,1.0700778632202246,0.48084767697889375,0.7522010101197012,-0.3666817071706344,0.19102159711133682,0.39217753722592436,-0.07538907939844053,1.2904496293757124,0.5236773089418272,0.5046207013027205,-0.3683635151313558,0.8489203546367114,-0.5814181964513455,-0.5285438992045851,-0.17597133926756672,-0.131089690683291,-0.5158017873436098,0.11706890152710123,0.5814181964513455,-0.8489203546367121,0.1317027369921738,1.6167552469885829,0.8732098088403377,1.0413497803635572,1.2296755205108585,-0.7495995951142377,1.0032343553662626,0.6218547041523672,0.38782468222872474,-0.5538573609678327,-0.2553016945782196,-0.2867811000035777,-0.30883935553659736,-0.48232991558187904,0.37938770007212164,-0.04248097655033679,-0.32030321536567735,-0.45626319576493324,1
2.0609250825953116,-0.5916252045963298,-0.4445202009343899,1.0385308760612593,1,0,0,1,0,0,-0.4198281206240434,-0.05531016379079078,-0.19541498984647596,-0.24626845753066742,0.28804244852823613,0.14778409022917743,-2.1773640634339073,-0.2821422403428813,-0.7314555078759911,-1.4698726453513251,-1.402146367648445,-1.1543998882796116,0.9855262680258972,-0.31352483835050377,-0.9537593556258026,0.6942850696214319,-0.48084063848976816,-0.29103606888217864,0.19616880564547262,-1.7690215962405276,2.7144074087936505,-0.5682061058118117,1.6976137215437215,1.5089097694491476,1.5387188737252397,1.7690215962405276,-0.19616880564547334,-0.11896988561082296,-0.7097714541928067,0.8641121994429487,1.1317932838261862,0.8541733553308051,0.006520256239666901,0.9216751455883455,0.8986955503100138,0.6978801664463103,2.110717891377293,-0.7105613285614767,-0.6882026220556532,0.20981149912292413,0.8207498999385615,-1.6826189685198898,-0.28942660841731066,-0.9883334727336057,-0.5181215015185524,0
-0.6890029896291251,0.5421564981479937,-2.327433510348309,-0.8681093238500562,0,1,0,1,0,0,0.13540510755778543,-0.36581625363371406,-0.630383158037337,0.265836485800273,-0.9680621572234538,-0.4867823441216314,-1.1777918545990065,-0.7798864622447581,0.7101588661472302,-1.5994616211990655,-0.7498456682903267,0.5236548565651121,1.442002139836297,-1.4085871211592167,-1.2797853219341622,1.3184590129717868,-2.2542079830977064,-1.1732346996559433,0.47177165472146704,0.24630538521990228,0.2303045898660872,-0.21164219655080502,0.35411319584805256,-0.07446458715433003,-0.1705992394161622,-0.24630538521990228,-0.47177165472146776,-1.3444804850032512,-1.2351161931692491,-0.2639913658331881,0.4340862571144791,-0.5454256239766699,-0.655084613695,1.6557080335896,1.5077454118568363,-0.8523972546416179,-0.05424950115312168,-0.482931511569848,-0.934529465133063,-0.6329961396987983,-0.6177148314801074,-1.0481553781838862,-0.28942660841731066,-0.2089648391376897,-0.8892713360402683,1
-1.1773079744166424,-1.95731680108381,3.6109853885725127,1.0385308760612593,1,0,0,1,0,0,-0.29363875058271866,-0.21986676196597296,-0.579210432367824,0.17730308881763585,-0.45244945737500475,-0.30611649530011853,2.3248462929377522,-1.9955657387808767,-0.012648565153717635,1.5190089809218197,1.9513590693076763,0.31131964701511516,-1.5521303906997572,3.9444159397829566,-0.741638581701622,1.0046100974417327,2.6101819279915337,3.0034716067026697,0.8432886699243073,-0.41176056791003435,0.7084585680321657,1.9960193528610872,1.0268272759950579,0.5361285840280546,0.3954430858376798,0.41176056791003435,-0.843288669924308,3.863939562414569,-0.6347222057676005,0.2454747604205509,0.7441782689863493,1.8782701694582253,0.038025250046078915,-1.9328971966387571,-2.312658265118687,0.7598912632898273,0.3898463742377325,1.413983630027056,-0.7703115697481222,-0.17917664187171697,0.04228663352375219,-1.4288335323854886,-0.5363722402842841,-0.7656567202776299,-0.8274130302866491,0
-1.280109023845593,-1.132748289997029,0.27967722576327125,1.478524768348486,1,0,0,1,0,0,-0.33149556159511606,-0.20067818338017435,0.06044863850108935,-0.33653780347374845,0.3756265585919498,0.10574797688951851,-1.2830124400400058,-1.3050515405793814,0.30466994247151036,-0.6846614040659961,-0.17452674916714972,-0.9166095629321666,-0.12712376980913798,-0.320102080658191,-0.49300324475518503,0.9645597993454874,-0.8573009996325741,0.03300911924512818,-1.4375436385994584,0.17559215780023885,1.4642178025154493,1.297344367851622,0.5527955586877373,0.07484839017891826,0.2591203017723516,-0.17559215780023885,1.4375436385994576,-0.14682239923337803,-0.25947596364157,0.764038496071679,1.1963957862994923,0.7346953936826055,0.3530751881102058,-0.7910682597479163,-0.2086678343205727,0.9459245538203791,1.0004782029001573,0.8069707847160468,-0.8159276517994943,-0.4385020692014777,-0.38079122865820925,-0.857816301083085,-0.7010026615289333,-0.7099875321636356,-0.6418381130257917,1
-0.7918040390580765,-0.12780541711001567,1.7280720791585935,-0.4281154315628296,1,0,0,1,0,0,-0.7100636717190902,0.7093256192493668,0.7256940722047591,-0.5489022263013813,1.6460421009497008,0.9697242638280406,1.0365671577167284,0.18137521941427193,0.6329305056146527,1.4798545360283666,1.3680196972793675,0.406317975186058,-0.5561880978655342,0.8260351409849961,0.2666639806880428,-0.015065804373478178,1.2200132183574568,1.3315288975633097,-0.22109974072011698,0.7734532878151856,-0.6160072856504587,0.018194941195816872,-0.8803768849273917,-0.7894437826606783,-0.4785137991482533,-0.7734532878151856,0.22109974072011698,0.04814519612450831,-0.4846237089171882,-2.028927588926501,-1.7236373254939452,-1.2793616741013212,-1.1591645145976028,-1.4435419379712537,-1.5375038958772762,-1.7825637072943747,-0.5261013687559044,0.12408133374116129,0.33359761589508324,-0.1921429132382052,-0.48232991558187904,1.1407440084753266,-0.28942660841731066,0.06938110143228039,0.40975308478573785,1
1.2899172118781799,0.5163887321765315,-1.6032360836506476,1.478524768348486,1,0,0,1,0,0,2.7096682564008097,-0.7385398558608935,-0.6047967952025805,0.2108647687195506,-1.7508779352815986,-0.7309495556477354,-2.5054329738946564,-0.41271200329279056,-0.15583377888723024,-2.3108927784221303,-2.4620097134760677,0.49935195126754217,3.325697111098587,-0.16199748850554935,-0.2659949922745643,0.035237762044780144,-0.8016714342081791,-0.542577103856512,1.6996011506683169,-1.004587223962434,3.3219995574448546,0.299992232618819,0.24844054873952764,2.3269433860480806,2.6710122689685667,1.004587223962434,-1.6996011506683175,0.18740776423728422,0.19081952690966666,1.510042466657512,1.2997597902567817,0.8541733553308051,1.109195039464111,3.450010648703779,2.4490042887928354,0.44983577907224165,2.6658377356158605,0.04820472807728505,-0.6243401071837319,-0.41256952646850126,0.4822876101929924,0.12560226393772106,-1.853415610241477,-2.2687247993554687,0.038603250264021984,0
0.9044132765196139,-1.5708003115118816,-0.15484123025532542,-0.4281154315628296,1,0,0,1,0,0,0.7032572727437467,-0.5466540700029072,-0.5408308881156891,0.06620235534922844,-1.054764865849878,-0.47157779248813775,0.5104752463578712,1.577378558403825,-1.658405434576219,-0.33748146405999124,-1.318552950787657,-0.5973853882495697,1.0119920126304207,-0.3029685235829024,1.506988525291973,-1.5930107592559333,-0.3493796736956385,-1.3057554124438795,-0.22931895624632825,-0.5873266710771624,-1.0125508354007324,-0.6553335516312289,0.6662736022963685,0.10947678166591653,0.43936739784467604,0.5873266710771624,0.22931895624632756,-0.5089050763265954,0.8662627627365218,-1.028190555213798,-1.5815118200526717,-1.603658998575004,-0.37153966943728567,0.10608304780917345,0.2342775195316623,-1.3484860293897554,-0.8869292675109735,-0.482931511569848,0.534308376921121,0.8192262533478623,0.8207498999385615,0.09387908442092041,0.12214944469431245,-0.15329565102369538,0.22417816752487937,1
-0.5091011531284612,-1.0554449920826439,0.27967722576327125,1.0385308760612593,1,0,0,1,0,0,-0.40720918361991093,-0.0727543261415168,0.2267599969270068,-0.4360655438725301,0.5918732820097946,0.28104751336979833,-0.6116751067669092,-0.6511577268268409,0.29795291980714944,1.216985419299404,1.683047764012117,-0.7079515360458211,-3.253024568867608,-0.030707989264706217,-0.4295961314153795,0.19273082513535603,0.5091387458098093,0.6508382338956975,-0.5252107151899527,-0.4446638655665298,0.8198660647303396,0.4633744415527052,-0.21363573048715845,-1.1392155231619407,-1.5526276620882817,0.4446638655665298,0.525210715189952,-0.3139374809687093,-0.7097714541928067,-1.1282642585850677,-0.8708842928463041,-0.6478353053894121,-0.7495995951142377,-1.5251011477491712,-1.5375038958772762,-0.790386157798101,0.7506742729928018,0.4275877563966659,-0.0039613912850709025,-0.11434528503927678,-0.5500223735309933,-0.5088613263982832,2.3446601314970748,2.2404794378780473,-0.8892713360402683,1
-0.8689048261297889,1.9851513925498596,1.7280720791585935,0.3052077222492148,1,0,0,1,0,0,-0.7353015457273552,0.8634157200141133,0.03486227566633282,-0.3128131676810156,1.4165385278723253,0.9057757084283465,-0.8380631575985038,0.38508199427767764,0.8083153830847758,-1.2394537613563292,-0.683489655305594,0.03423966303648837,0.2902536222530892,0.6745203200619867,-0.14490141545488716,0.6379206979917529,-0.043729556918434595,0.4894013445976545,0.2654778184316193,-0.21659885141806862,1.8393199775353937,-0.6736961792280806,-0.4639454267583888,1.6310605886215102,1.3663751852196453,0.21659885141806862,-0.26547781843162,0.4102278732177254,-0.3345252120667762,-0.6369933511261053,-0.23777976860790415,-0.23819657973844427,-0.5290646384693491,-0.38327221085833024,-0.5408768497097485,-0.35630847989348147,1.2502821328075124,-0.8623145398892288,-0.9436526815433369,-1.0090180093269512,-0.39771434314548676,-0.15990635171348128,-0.8656330827735822,-1.0440026608476,-0.7036964187794109,0
-1.1259074497021662,0.10410447663314094,-0.15484123025532542,-0.8681093238500562,1,0,0,1,0,0,0.7789708947685415,-0.5687500089804935,0.39307135535292426,-0.48351481545799574,-0.18710130750314943,-0.0637380545544255,-0.14746579175593463,-0.4070256269196288,0.47125772947270117,0.2020496447347072,1.0957329758906047,1.119322241600819,-0.19278545238204853,-0.40533231666791425,0.05940653967327188,0.6969953360084348,-0.38970846074039595,0.3435976851290408,1.1015997988414552,0.4340687685857812,-0.19994850177755583,0.6181676139465825,0.05618799129794718,-0.6593842735606141,-1.0890502695719715,-0.4340687685857812,-1.1015997988414559,-0.2582324537235989,0.26586877533487285,0.6457695739056325,0.9379857764062678,0.7176271134471482,0.4475901695294441,1.247911984700014,0.7325910426154264,0.2638024885416898,-0.026493508941193386,0.8828473903799233,0.7623887871779818,0.6765972683164937,0.34690269429476517,-0.15990635171348128,0.8629863402952329,1.2384340518261547,0.6571863078002155,1
2.317927706167689,-1.1069805240255675,-0.15484123025532542,0.3052077222492148,1,0,0,1,0,0,0.43825959565696476,-0.49315863879401406,1.339766780238916,-0.636278323977056,0.33914964070393966,0.11245586731605983,0.10417934646818408,-0.19068287570429704,-1.067753170646966,0.616368729153929,-0.02516390075924206,1.1510678283790892,0.4352216402260131,-0.9355473125422883,0.25727508388150927,-1.2030868273956394,-0.7153998617400067,-1.4147503397215804,0.6912331826893902,0.8843625762614284,-1.079651768745006,0.5194507623211734,0.25066811793606886,-1.5420526450513174,-1.3485140445143884,-0.8843625762614284,-0.6912331826893908,-0.7595776989295921,0.5660657690356972,0.9277954652246664,0.08523274375862654,-0.20406001926752979,0.8886600828192224,2.063504082479186,1.784586258014483,-0.4803306735805153,-0.8406692804910928,1.0851850054835932,1.5348211099145517,1.454573550305776,0.6120314879287937,0.6225987430342572,1.9879608854670021,2.9827352793979682,2.018069034379841,0
1.1614159000919912,-0.2824120129387873,-0.4445202009343899,1.0385308760612593,0,1,0,1,0,0,-0.00340319948767178,-0.31639112697332367,0.7512804350395157,-0.5593179200640446,0.414359915690114,0.18892581817863088,-0.41970400699969784,-1.6803404922637148,0.17516253224597772,-0.29108197833346156,0.618978332447378,-0.038601166377826616,-0.8390840137068517,-0.5142681663718321,-0.31032163856739686,-0.06702865500327668,-0.27572038212967337,0.4100098778927044,0.3422533759207262,-0.3920901182240855,0.06975794605965259,1.9954466544953315,-0.30681038361926394,0.11983336251907631,-0.404407303427859,0.3920901182240855,-0.3422533759207269,-0.5646101035717058,-0.40957446049198204,-0.4095531161914002,-0.37990527404917784,-0.4600842227993849,0.3215701943037938,-0.30171300108041293,-0.4855086804782194,-0.4803306735805153,0.3620903820258042,2.5521327149851984,1.2003031748711541,0.8321925247143505,0.8376730144258402,0.6014499566897238,1.3568776040291806,1.2384340518261547,0.6571863078002155,1
-1.691313221561397,-1.6996391413691911,1.4383931084795292,-0.4281154315628296,1,0,0,1,0,0,0.26159447759911014,-0.4530370653873442,-0.08027635709007157,-0.2960323277300582,-0.24501091620623505,-0.11963714144226982,1.0987006634150371,1.20068521808933,0.13616512332271816,0.5196341801006561,0.42890579103682774,0.6205459361294798,-0.3228581188121977,0.5488092700552597,0.7575676059702096,0.4602151847183648,0.5450557380164277,1.1074709521116541,1.2685285918524662,-0.41176056791003435,-0.9794062616013806,-0.8890635456710818,0.27632959251794964,-0.16152431370615772,0.5236312985837145,0.41176056791003435,-1.2685285918524671,0.6330479821981672,0.8662627627365218,0.4001341201761507,0.5891322630504142,0.8029685146244333,0.5106001571422693,-0.05703537174666111,-0.5962450189412776,0.2638024885416898,-1.0257092285706153,-1.0140677512169813,-0.8341740846200435,-0.5811310542328463,-0.6007917169928287,-0.2550758902638815,-0.5363722402842841,-0.7656567202776299,-1.0748462533011267,0
-0.5348014154856993,-0.5916252045963298,0.27967722576327125,1.0385308760612593,1,0,0,1,0,0,1.7632479810908743,-0.6751593993199223,-0.19541498984647596,-0.24626845753066742,-0.9175056725476384,-0.328923322750359,-2.560550061253495,0.4809833236081738,-0.14835639001458958,-1.7198969933465809,-1.0318497123289245,-1.653808573499635,-0.5078951199506618,-0.1640709387707091,0.5975226379027004,1.4177970714754582,-0.6473126310674572,0.15502904932325343,-0.16027754582615011,-2.096636327216854,3.3965694420417627,-0.06157964475106195,1.6275574801229389,1.6816057551755905,1.4928108545709549,2.096636327216854,0.16027754582614942,0.49378541408539117,1.6918044954137887,2.8564886574709663,3.4316423718758844,2.8682304231147313,1.1722050270769362,0.18764225758709038,0.2896456887631914,3.2403351370305127,2.582569758980075,-0.3311783002420958,-0.8432973010303187,0.028283699992091807,0.7022880985276131,-1.8729580456206907,0.2044646553166367,-0.6543183440496418,-0.8892713360402683,0
-0.6890029896291251,0.6709953280053031,-2.327433510348309,-1.6014324776621007,0,1,0,1,0,0,0.13540510755778543,-0.36581625363371406,-0.20820817126385424,-0.24337520926326098,-0.28249686088397385,-0.0932527724312073,-0.46647586147276876,-0.7748556881970261,0.26473831295009354,-2.29194445952046,-1.6362830597892137,-0.7525606112253631,1.0434036521887415,-1.5991905637326223,-1.277068315291407,1.0328361794335883,-2.6066794604465895,-1.4260579699502864,-0.37315522795503414,-0.656312104546159,-0.949246327934591,-0.21582525420208276,0.6759946114005688,0.5115303687825248,0.7349800682732254,0.656312104546159,0.3731552279550334,-1.5394480803611372,-1.3101654415944555,-0.7279694450999874,-0.1344157646506147,-1.1428154322176651,-0.7180946013078251,0.5138790966987595,0.7879592118469556,-1.1624527388592034,-0.9146852597229018,-0.2553016945782196,-0.1681792866700104,0.19684522775643593,0.39767203775660004,-0.4136917878478824,0.5337254978059351,0.23638866577426285,0.038603250264021984,1
-1.1773079744166424,-0.8493028643109486,3.6109853885725127,2.2118479221605303,1,0,0,1,0,0,-0.29363875058271866,-0.21986676196597296,1.4165258687431854,-0.64148617085838755,0.9238376488830856,0.3266611682702793,1.750703277077209,-1.2752283762986316,0.13396132700473704,0.9779224999135894,1.1294441081804363,1.0182659577962612,-0.9121587784726153,3.575412607482254,-0.6582733984711631,0.8081938918516625,2.2530614931072153,2.4635718695827507,0.416552302523086,0.9756618166055823,1.1381146259756802,1.0908471270235416,0.62902729764262455,0.9129870018015693,0.9368657790409224,-0.9756618166055823,-0.4165523025230867,3.2790367763409094,-0.6347222057676005,-0.082039177885424,0.3436427536518511,1.2808803612172301,-0.2140147004052217,-1.85133798686084,-2.146553757424099,0.5738579727592754,1.1600751581187454,1.1484155102034896,0.2879815338437111,0.5793502330678334,0.9434424799713306,-0.1836987363510812,-1.0302635040182315,-0.7517394232491312,0.8582258014994779,1
0.6217103905899984,-1.132748289997029,0.5693561964423357,1.478524768348486,0,1,0,1,0,0,0.33730809962390496,-0.46757386734628253,0.06044863850108935,-0.33653780347374845,-0.17977507039232765,-0.09951347016264586,-0.2682339862725641,-0.8880523490571691,-0.12438759357613412,0.397749210080861,0.6505438220556709,-0.17265866718444678,-0.36855593349149857,0.9471207240712928,0.6559887284907573,0.21418379258468334,0.21827928715738287,0.6166170014022402,-0.9140739284464625,0.6710815639820534,1.3193377553601553,1.876034826462615,0.38527606316902135,-0.3208915175175286,-0.24373234257552223,-0.6710815639820534,0.9140739284464617,0.911573118423719,0.641115017460903,0.09081540066495114,0.188596747715916,0.2738518273252659,0.29006520049738066,-0.7910682597479163,-0.4855086804782194,0.38782468222872474,0.8616982418405155,1.2622304186993043,-0.8615437338508666,-0.5551985114998699,-0.6346379459673855,-0.9212626601166852,-0.7010026615289333,-0.48731077970765985,-0.7036964187794109,0
-0.12359721776989524,3.5827528827804955,-0.4445202009343899,3.2385003374973924,1,0,0,1,0,0,0.7284951467520117,-0.5542132070215552,0.16279408984011548,-0.4291217480307546,-0.29979318654091536,-0.09459435051651556,-3.5834161042701953,-0.9221692206864753,-1.5254722100978064,-2.2134033210562403,-2.2182904113318918,-2.6908729237363604,1.0180883831354555,-0.8139750245141804,-0.054297195327886474,-0.9294234481086932,-0.7420120407690516,-0.3968550462484324,-1.3361733137761789,-2.3448293052292213,4.16951306928813,1.2113124574736132,1.1513906827316511,2.2543986519328523,2.496434466550329,2.3448293052292213,1.3361733137761782,-0.7595776989295921,-0.03432821836595151,0.06352257247278678,-0.43158727602782254,-0.6819718658603261,1.0146800580448727,-0.8726274695258333,-0.3747723420151606,0.2638024885416898,5.052853065841702,1.8692432640103136,1.5469853984615822,2.02508949043125,3.0884472412338746,0.5697267771729232,-0.6186874509066087,-1.4336869776455579,1.5232025883508855,1
1.3156174742354179,1.289421711320388,0.27967722576327125,-1.6014324776621007,1,0,0,1,0,0,0.6275436507189519,-0.5257210751820359,2.734223554733147,-0.7323341664549499,0.5711202693740786,0.16164706377736285,0.34041146595545363,1.845448211011441,0.07193572234718888,0.8707756431895959,0.02961135512224277,-1.554455375161305,-1.638888510081425,0.12553783726918177,2.2083972177333897,0.1489412666089997,0.06959377999276185,-0.8725682201521858,-0.7279513648365089,-1.3981184323424056,-0.34791450211278085,-0.3206117321843906,0.05133306679148012,-1.1073537152476882,-0.890389247258677,1.3981184323424056,0.7279513648365081,0.02029268250195297,1.841902992264201,-0.3367722410122935,-0.21193876761858224,-0.1699234587966153,-1.222174502210428,-0.22015379130249568,0.12354118106860354,-0.4183195767369984,-0.19302946221276363,-0.1035484832504671,0.6894030558957865,0.6117659114840535,0.09305597698558829,0.37938770007212164,3.0854970270979956,2.2961486259920414,-0.2706882785040748,0
1.2385166871637046,1.6501704349208541,-0.4445202009343899,1.0385308760612593,1,0,0,1,0,0,-0.6722068607066928,0.4709220671227777,-0.6047967952025805,0.21375801698695704,0.2722745771161816,0.19697528669048045,-1.0561627944257836,-0.7040069066793401,0.23103692067135154,0.12096397671095703,0.40206633986844215,0.32492848696495014,-0.0714812989889541,-1.2449681266196455,-0.8855136954873221,1.1993673933512006,0.16126198956174978,1.042638930633516,0.2654778184316193,0.17986603418274572,0.22466259239574546,0.0791833922694432,0.889413353427088,-0.0035099002084955163,0.4952280491463168,-0.17986603418274572,-0.26547781843162,-1.1216603760228097,-0.7097714541928067,0.5365982611369737,1.1188727833315248,1.1443341193335734,0.1325402314653172,-0.38327221085833024,-0.5408768497097485,1.13195784435093,0.05677446769459199,-0.1035484832504671,-0.5148615102604385,-0.010615114107371936,-0.008482709938082702,-0.667477223982284,-0.9479482933959068,-0.9883334727336057,-0.332546584257695,0
-1.100207187344929,-0.8493028643109486,1.7280720791585935,1.7718540298733036,1,0,0,1,0,0,-0.7479204827314877,1.511757087382764,-0.7583149722111197,0.8618456288860002,0.07660068919937087,0.496594392409326,0.6575357266497501,1.6929811218429387,0.4768280193706784,0.39033105337443125,0.04766491622596449,0.47303094048151373,0.45835548810061466,1.2460050165189238,2.5084352834402277,0.7617851589621741,0.6754290612279049,0.4570553923650304,0.6380137621571677,0.012383503443245562,0.33067409717563456,0.18922568023344974,0.1136807421633982,0.14243182413798386,0.38425890650161,-0.012383503443245562,-0.6380137621571684,0.9951306592913848,2.067050737539819,-0.4004555067940112,0.03355074177998182,0.3079883877961804,-1.033144539371952,0.8401159358104279,0.5664865349208381,-0.17027518936292965,-0.05424950115312168,-0.2553016945782196,-1.2173491738515698,-0.9830854665939747,-0.8715615487892844,-0.7309235830158842,-0.28942660841731066,-0.32030321536567735,-0.76555472453303,0
1.7011214095939837,0.6967630939767645,-0.15484123025532542,-0.13478617003801185,0,1,0,0,1,0,-0.81101516775215,3.802757076111449,-0.5536240695330674,0.13853356203438952,1.6244573095884214,2.8175244799926227,-0.2978128480819133,0.233840580774647,-0.3969884605754935,1.8040023024697356,1.754825071793603,1.262993385173715,-2.083821737921976,-0.19390066294516592,-0.8998306617491139,0.8138436830235892,1.5523461237609202,2.5080956001371497,1.5099934985697145,0.22497917377587734,0.22037275707344905,-1.2223841392069772,1.3605309394519767,-0.8978108826959378,0.16730865475308285,-0.22497917377587734,-1.5099934985697152,-0.3696425082138195,-1.009968447893631,-0.8007503202790929,-0.3023822710812103,0.3079883877961804,-0.18250970659880966,-1.9328971966387571,-2.423394603581746,-0.23228628620644656,0.27882240539001907,-1.0899443568808573,0.3062279666642602,0.9877877811122063,0.5161338391675497,-0.12818317219668063,0.4514102871836102,0.6260729825722207,0.47161139053935697,1
1.6497208848795075,-1.0554449920826439,1.0038746524609323,1.478524768348486,1,0,0,1,0,0,-0.5838743016777656,0.21216699225367497,-0.24658771551598904,-0.21849327416356557,0.5650010954954711,0.3320274806115123,0.17923479778688972,0.2688592254304556,0.07722780741713613,0.08659199074915323,0.15821074519343775,-0.27007414035787525,-0.4796606605629648,0.21909740865588334,-0.1644229049558018,0.6458608240764512,0.4205579482505336,0.679539736034654,0.6912331826893887,-1.0539055705610194,-0.030310800198475523,-0.533732981208089,0.5434548417303195,0.3000378693640576,0.4577565732848571,1.0539055705610194,-0.6912331826893894,0.10385022336961848,-0.25947596364157,-0.3367722410122935,0.03355074177998182,0.20557870638343811,-0.49755964466293656,-0.38327221085833024,-0.7069813574043363,-0.35630847989348147,-0.3040534310604773,-0.7864379342253526,-1.0896241441077272,-0.6848612251647502,-0.5330992590437151,-1.016432198667086,0.03983423407198747,-0.4316415915936655,-1.0129879475475077,1
1.7011214095939837,1.2378861793774645,-0.15484123025532542,-0.4281154315628296,1,0,0,1,0,0,-0.00340319948767178,-0.3169725990516812,-0.6943490651242283,0.47125711278613047,-1.0808064186168236,-0.607971564494478,1.311180327283776,0.38216107926038523,-0.41447264226550984,0.20317274361618434,-0.1477593283767438,-0.5525227326130809,-0.23533753010703515,0.4883544488651059,-0.24577188831593114,0.4798842291720289,0.11408475466265706,0.5613120881877758,-0.37315522795503414,-0.3834842964864804,-1.3352701515551473,-0.7707369570613999,1.0488353573519158,-0.1613487791808813,0.7401063671276704,0.3834842964864804,0.3731552279550334,0.10385022336961848,-0.5596729573423944,-1.110069039790291,-0.7287587874050313,-0.6478353053894121,-0.7811045889206503,-1.1988643086375024,-1.2052948804881005,-0.9144083514851348,-1.2477571662660425,-0.7105613285614767,0.05077790717657645,0.585833368751077,0.4822876101929924,-0.0647368131630805,-0.12479618717266176,-0.32030321536567735,0.5334696962929761,0
-0.8432045637725518,-1.95731680108381,1.7280720791585935,1.0385308760612593,1,0,0,1,0,0,-0.7353015457273552,0.8634157200141133,-0.5920036137852022,0.19639852738251837,0.6239907325908753,0.5122461367379224,-0.3372554703494062,-1.6089182480846198,-1.030073539598533,-0.690440042231311,-0.4414304028514062,-0.38771917625554075,0.5944980673968233,0.3478442480035795,-0.15748100461894307,-0.14723782698605503,0.09812257697732671,0.4358084093753321,0.18609969967169646,-0.7133741297612556,0.8165238153106918,2.050529774785852,1.2601852197399592,1.0300366212557437,0.999363231717603,0.7133741297612556,-0.18609969967169718,-0.14682239923337803,-0.6347222057676005,-1.583144728454478,-1.4006248131274146,-1.2964299543367779,-0.7495995951142377,-0.46483142063624716,-0.5962450189412776,-1.1624527388592034,0.3620903820258042,1.2622304186993043,-1.1078705769282764,-0.38663698373552574,0.025363519036474696,-1.6508957890030895,-0.8656330827735822,-1.211010225189582,-1.0129879475475077,1
-1.100207187344929,0.23294330649045036,1.7280720791585935,-0.13478617003801185,1,0,0,1,0,0,-0.7479204827314877,1.511757087382764,-0.6431763394547153,0.3323811959506212,0.5727914486353289,0.9057757084283465,0.41544097434745264,0.37980716721193614,1.6024978064380553,0.43076234705597677,0.4661191926634676,0.35578295545777094,0.3862953884515869,1.308939983457726,2.5853916117436615,0.8013690781914424,0.788584605003675,0.6049639783800329,0.4407888507730546,0.048076501797563044,0.7301966209168341,2.0686913045763986,-1.385369545552002,0.20001485500666202,-0.01534820089577807,-0.048076501797563745,-0.4407888507730553,0.911573118423719,1.9169522406894068,-0.7370670544973751,-0.25070026910256554,0.06903246449978255,-1.222174502210428,0.10608304780917345,-0.09793149585751397,-0.4183195767369984,0.7229182807808735,2.020996475338066,0.16025650409986858,-0.5940973255993336,-0.48232991558187904,1.2359135470257274,-0.4540570296619595,-0.48731077970765985,-0.20882997275045564,1
-0.7918040390580765,-0.87507063028241,1.7280720791585935,-0.13478617003801185,1,0,0,1,0,0,-0.7226826087232228,0.7791022686522708,-0.4001058925245282,-0.09697684693249495,0.9012659350619028,0.6741298923651196,1.383052049708622,0.8569686548611816,0.7336455663066617,2.1267753207238047,2.176936533157731,0.4764716062999482,-1.5560201903814461,1.03446444701782,1.0883918082890345,0.15966746262304096,1.7504056822442169,1.6645579479811954,-0.8901438845537553,1.5326843095563485,-0.8895428556022444,-0.08588935230265327,-0.8424676647484012,-1.1374639389499648,-1.2050072543847192,-1.5326843095563485,0.8901438845537545,0.10385022336961848,-0.03432821836595151,-2.256367823861206,-1.8528423304405577,-1.262293393865864,-1.5057194464681423,-1.9328971966387571,-1.9250810804979817,-1.9065859009814097,-0.7481493064513315,0.12408133374116129,0.6529101902546883,0.08014878545804377,-0.38079122865820925,0.8552353928241243,0.28677986593896093,1.3497724280541432,1.0283361423219313,1
-0.14929748012713334,1.109047349520155,-0.15484123025532542,1.7718540298733036,1,0,0,1,0,0,-0.785777293743885,1.9478611461509145,-0.6559695208720935,0.36420692689209205,0.9012659350619028,1.216574631524761,-1.3726193098764141,-0.13700044615807352,0.7478241683685825,-0.9145301851542682,-0.32469229924215565,-0.14670225291138292,-0.09598678021572056,-1.0685476459547294,-0.42901348273034656,1.2139515908427412,-0.4978022685348442,0.038963151671970384,0.8111642712127044,-1.004587223962434,0.8409803461168363,-0.2417388772840419,0.19760358533404793,0.7418590714256136,0.4601558251789969,1.004587223962434,-0.8111642712127051,-1.0102503215325889,-0.40957446049198204,-0.027453521501095285,0.6020527635450756,0.3591932285025509,-0.6865896075014126,0.4323198869208419,0.06817301183707392,-0.17027518936292965,1.2780381250194413,0.19995793940503753,1.4375068015382888,1.3378771080073837,1.6161362808406496,0.664896315723324,1.439192814651505,0.9600881112561845,1.275769365336409,1
1.7011214095939837,0.6967630939767645,-0.15484123025532542,-1.6014324776621007,0,1,0,1,0,0,-0.81101516775215,3.802757076111449,-0.1826218084290977,-0.24337520926326098,2.1459695430254624,3.1126716587604406,0.6947328080516675,-0.5751175330165682,0.052501414384257136,1.103598410360706,1.6873545219970871,1.2342728320275507,-2.44344091663831,-0.11435849961979494,-0.8564756869928738,0.7692036836848598,1.6594678616637182,2.5105206089181937,2.00124968809791,-0.3014141428425148,-1.0803085466425166,-0.06863167855840126,0.7012043281117515,0.15460967085758248,0.2573912230088586,0.30141414284251544,-2.0012496880979107,-0.3417899945912644,-1.009968447893631,-0.9645072894320803,-0.4703487775118068,0.17144214591252482,-0.34003467563087314,-1.85133798686084,-2.423394603581746,-0.6043528672675491,-1.0812212129944723,-0.2553016945782196,-0.5878472415426337,-0.16621037050522874,-0.093098282374475,-0.8895394805998851,0.7806711296729086,0.6817421706862145,-0.3944048900113141,1
0.8273124894479005,0.6967630939767645,-1.6032360836506476,-0.13478617003801185,1,0,0,0,1,0,-0.34411449859924853,-0.16811574699215243,-0.5536240695330674,0.13853356203438952,-0.33089868126174904,-0.23635443486408877,-1.0360005331241504,0.6173094154455534,-1.5424888637570948,0.1314850649917666,-0.35934549843717384,0.049849802978947144,0.18396420178363398,-1.2160032500703237,-0.6056295947968279,-0.6160235501137152,-0.6417466727740029,-0.1710709031138396,0.3871222082195544,-0.31595390708670573,0.22556784061731733,-1.4539829787342282,1.4895896916591804,-0.8139728554628429,0.30014930661972916,0.31595390708670573,-0.3871222082195551,-1.2887754577581405,-0.9349191994684248,-1.4739734156858193,-1.5039888170847049,-1.6207272788104614,-0.37153966943728567,0.18764225758709038,0.012804842605544792,-1.4104971262332722,0.27882240539001907,-1.317574173872486,0.2879815338437111,1.0396528665781584,0.600749411603942,-0.1916295312302808,0.9453015509175579,0.848749735028197,0.40975308478573785,0
1.4441187860216065,-1.1069805240255675,-1.168717627632051,-0.13478617003801185,1,0,0,1,0,0,-0.6974447347149578,0.59012384318607225,0.7768667978742723,-0.5633684676384135,1.6042010295911835,0.8892295787095446,-0.299766261262621,0.22049071672628848,-0.23793613019030777,-0.05825124471337991,-0.944691192395027,-1.5267960320525826,0.19307237122591897,-0.6598781115240304,0.28068655633922346,0.5437853707796099,-0.5790535123936564,-0.9063897743215216,-1.052824935956895,-1.0381887348318013,-0.2425101505226299,-0.021444797967359142,0.871718516049967,-0.4954858771591876,0.34323161710613465,1.0381887348318013,1.0528249359568944,-0.6203151308168162,0.26586877533487285,0.02713213488323473,0.3048812521678669,0.0519641842643253,-0.9071245641463012,0.10608304780917345,0.7325910426154264,0.07776919801113909,-0.1375174777889068,0.12408133374116129,0.4521994292286506,0.858125067447326,0.5838262971166633,0.2524949820049213,0.9453015509175579,0.45906541823023866,0.038603250264021984,1
1.6497208848795075,-0.2824120129387873,1.0038746524609323,1.0385308760612593,1,0,0,1,0,0,-0.5838743016777656,0.21216699225367497,0.7384872536221374,-0.5570033214501194,1.195046540387725,0.5936352072466238,0.08421128586052533,-1.4713841995101369,0.9033230196628425,0.23115111105359534,0.899483841660382,0.2602864972032341,-1.1434383567706115,0.3364487610825013,-0.13908719672384803,0.8049397925549078,0.6435486312746859,0.793325428126246,0.8432886699243073,-0.4813636975680082,0.21907779489975768,1.8801864898516334,-0.4259859659593769,0.32586156816427264,-0.3948451749478074,0.4813636975680082,-0.843288669924308,0.18740776423728422,-0.25947596364157,-0.4095531161914002,0.046471242274642305,0.3079883877961804,-0.7495995951142377,-0.38327221085833024,-0.762349526635866,-0.35630847989348147,0.4731143508735179,2.3245028979935705,1.0178388466656656,0.6117659114840535,0.7192112130148905,0.4428340591057229,1.3568776040291806,1.1827648637121608,0.47161139053935697,1
0.10770514344524394,1.2378861793774645,-2.327433510348309,-0.4281154315628296,1,0,0,1,0,0,-0.5460174906653681,0.16564922598507223,-0.6943490651242283,0.47125711278613047,-0.3868766239991741,-0.23680162755919154,0.23130296870143927,0.4118795713825375,0.25641283747520976,-0.3684617646530948,-0.77658586540108,-0.0927872055458069,0.42377980939603255,-1.0019462846589642,-0.16128425399986382,1.1294379523771665,-0.5462375518630168,-0.027428645655013885,0.2246519615849838,-0.34935776200978186,-1.3227653305761855,-0.726888662803437,0.7844512808486428,-0.043871733112632746,0.9828209251340418,0.34935776200978186,-0.2246519615849845,-0.9266927806649233,-0.10937746679115769,0.14540105704928116,0.7183372679970265,0.4445346296798359,-0.5290646384693491,0.2692014673650073,0.17890935030013266,0.38782468222872474,-1.3032691506898992,-0.8623145398892288,-0.7611883533378483,-0.2829068128036209,-0.2792525417345383,-0.28679906978068154,-0.4540570296619595,-0.6543183440496418,-0.20882997275045564,0
0.7759119647334253,1.7017059668637786,-1.168717627632051,-0.13478617003801185,1,0,0,1,0,0,-0.7605394197356201,1.5321086101252777,-0.016310450003180245,-0.3128131676810156,1.5671797076776843,1.4200473077965143,-1.321069282110364,-0.2276432168371413,0.15274320539390476,-0.48644704291453206,-0.17037834523499287,-0.22850034568839217,0.26284853832714433,-1.3894685207788333,-0.9761713423462601,0.7171951899737878,-0.792010680156956,0.26312601231192256,-0.6392523306161405,0.3223554599919946,0.4486384208124123,-0.6654595622137784,0.5119069211820714,-0.12818566085354444,0.4783915309491998,-0.3223554599919946,0.6392523306161398,-1.3444804850032512,-1.009968447893631,-0.4914316007678933,-0.06981326217730856,-0.3747428216220998,-0.15100471279239655,-0.5463906304141645,-0.319404172783631,-0.046252995675895824,0.11228645211844858,-0.8623145398892288,-0.97102233077416,-0.5940973255993336,-0.6007917169928287,-0.6040308649486834,-0.9479482933959068,-0.9326642846196119,-0.7036964187794109,0
-0.8432045637725518,2.01091915852132,1.7280720791585935,-0.4281154315628296,1,0,0,1,0,0,-0.7353015457273552,0.8634157200141133,-0.579210432367824,0.18193228604548617,0.6546137962476455,0.5234259541154913,0.10035766410543696,0.5837630191320994,0.20254119727804126,-0.9622568065478138,-0.28118605450570033,-0.7861469702080517,0.278440192041333,0.4355793019034738,-0.5821938664067179,0.008996238882707735,-0.08418680490072868,0.31647354745293965,0.08301123374971872,-1.154540235155578,0.2956759312725633,-1.3844620987782286,-0.26784024936620454,1.2164686713753148,0.6745304647256047,1.154540235155578,-0.08301123374971872,0.02029268250195297,-0.8598699510432187,-1.2465331807511142,-1.051771299771562,-1.0233374705694662,-0.5920746260821743,-0.30171300108041293,-0.3747723420151606,-0.9144083514851348,0.3620903820258042,-1.2416975682086098,0.34272083230535716,0.14498014229048395,0.6345956405784983,0.2524949820049213,0.36909507656128593,-0.15329565102369538,0.2860364732784985,1
-0.6633027272718879,-1.1069805240255675,0.27967722576327125,1.7718540298733036,0,1,0,1,0,0,-0.05387894750420167,-0.3053431574845305,-0.7711081536284979,1.507039992517637,-1.447150066201373,-1.3995026348263535,-1.2816944319809573,-1.713265558747118,0.3091839319629868,-1.414999036952775,-0.9756899509380184,0.05069512819971198,0.6742517980254997,-0.5020016797164262,1.0127149585265953,1.2913837526199472,-1.0817711346791399,-0.8795015833717913,-0.29127919636700184,0.3580292690535297,1.2806331441040792,3.3660263606480374,0.8750513380922794,0.838906671298846,0.40978260650682286,-0.3580292690535297,0.2912791963670011,-0.5367575899491508,0.7912135143113154,-0.31857702221751816,0.369483754641173,-0.10165033785478751,-1.3166894836296663,0.2692014673650073,0.4557501964577793,-0.5423417704240322,0.9449662184763004,2.7038859263129513,-0.5787240251323598,-0.07544647093981212,0.2622871218583729,-1.397110352868688,-0.28942660841731066,-0.15329565102369538,-0.08511336124321738,0
-0.5091011531284612,-0.7977673323680251,0.27967722576327125,1.7718540298733036,1,0,0,1,0,0,-0.4198281206240434,-0.04658808261542777,-0.7455217907937414,0.7779414291312134,-0.8665882858874382,-0.637039089676157,-1.0544149612747402,-1.0090976246308392,-0.1677374298219119,-1.279428009962334,-1.2192045517893861,1.0002671694755116,0.5812094591071306,-0.15596883769965322,-0.46615003180850356,0.11723284584838457,0.37683006122010493,0.590411806200529,-0.5252107151899527,1.8851427108031107,1.3103474460538767,0.9180392895373262,0.3471103899887898,2.102082937813882,2.161447843466647,-1.88514271080311,0.525210715189952,-0.45320004908148526,-0.7848207026180125,-1.301118837135444,-1.051771299771562,-0.8697229484503528,-0.7811045889206503,-1.5251011477491712,-1.5375038958772762,-0.9144083514851348,0.25106641317809053,-0.17942508891434333,-2.3303815759050504,-1.8518256481486735,-1.1423313805857394,-1.5240030709358887,-2.511937295220073,-2.43573236369745,-1.8171459223445585,0
1.110015375377516,0.928672987719922,1.7280720791585935,-0.4281154315628296,1,0,0,1,0,0,-0.6343500496942954,0.36334973262663384,-0.029103631420558513,-0.3128131676810156,0.9114719869034101,0.5211899906399775,0.8695678031712002,0.3796558988898011,-0.16823394745693485,0.6318945956155828,0.19332586328191934,0.21775887235999997,-0.06000293873460607,0.7649149157689489,-0.3492740572079768,0.16978665883547542,0.7709656545200542,0.6730898258657814,1.1824893722175853,-0.8757814322965277,-0.4448612268180985,-0.8709847190560815,0.4006006600109284,-0.08917248652687794,0.40580811806628764,0.8757814322965277,-1.182489372217586,0.8837206048011639,-0.18442671521636386,0.5093054329448095,0.5245297605771081,0.8371050750953478,0.25856020669096863,1.0032343553662626,0.4557501964577793,0.44983577907224165,-0.3318094232724056,-0.7105613285614767,0.4795690784594736,0.6247321828505417,0.549980068142106,0.4428340591057229,0.8629863402952329,0.45906541823023866,0.2860364732784985,1
-1.5628119097752085,0.6967630939767645,-0.4445202009343899,-1.6014324776621007,1,0,0,1,0,0,-0.356733435603381,-0.11055001123475654,-0.1826218084290977,-0.24337520926326098,0.20771262152826656,0.10306482071890198,-0.07856149491626532,-0.45310207382801804,-0.1742311052863735,-0.2533426902358256,0.06257590539614898,0.6371335853063139,-0.5217240622738859,-0.8965753297081118,-0.6318794037805155,0.41638354117127974,-0.07997398203275195,0.42141138776559056,0.8111642712127044,0.06447137185505257,-0.7866058343395786,-0.011106099410894753,0.6566050607045586,0.26294879860401865,0.330074457351503,-0.06447137185505188,-0.8111642712127051,-0.7874302125521474,-0.4846237089171882,0.427426948368315,0.5891322630504142,0.529876030857121,0.3845801819166189,0.4323198869208419,0.06817301183707392,0.07776919801113909,-0.8869292675109735,-0.3311783002420958,-0.97102233077416,-0.5292659687668935,-0.39771434314548676,-1.1116017372174867,0.28677986593896093,0.3477270420022505,-0.6418381130257917,0
0.8273124894479005,2.088222456435707,-1.6032360836506476,-0.4281154315628296,1,0,0,1,0,0,-0.34411449859924853,-0.16811574699215243,-0.42569225535928473,-0.05242082361443573,-0.1016163406372893,-0.08878084548017975,-0.5909730862240544,0.04623737774689458,-0.5701511097388433,-0.021857716428907752,0.1415067537597283,0.43733384470462705,0.23106251630636762,-1.0972558075965535,-0.6513393829168401,-0.17391607298849462,-0.7235029290725675,-0.12174939338659597,0.74955583532744,-0.14692914774798616,-0.2746026121051232,-0.7159597473562018,0.6046467862369426,-0.6878847548651426,-0.30283029636283226,0.14692914774798616,-0.7495558353274407,-1.1495128896453646,-0.8598699510432187,-1.028190555213798,-0.9484072958142716,-1.1428154322176651,-0.24551969421163483,0.5138790966987595,0.17890935030013266,-1.0384305451721696,-0.16527347000083534,-0.5588081172337243,0.4704458620491997,0.7284623537824456,0.38074892326932136,-0.0012904541294803558,0.6983559190505837,0.6817421706862145,0.34789477903211874,1
0.6988111776617119,0.5421564981479937,-0.15484123025532542,-0.8681093238500562,0,1,0,1,0,0,-0.5333985536612357,0.1365756220671955,-0.630383158037337,0.23979725139361502,-0.2006745132716574,-0.08028418427322742,-0.007834531759053907,-0.7733679760628003,1.0128459505056981,-0.5598366787692728,0.40355299427677754,0.21180500488194715,0.0048567421194982245,0.03746408814049641,-1.2611885571901944,1.439671698630668,-1.0204854753346,-0.07876992887826058,0.1590389773671773,0.13114384342216406,0.04832778256871188,-0.20195919272840274,0.062136870833010206,-0.25559269340796953,-0.6015421611840672,-0.13114384342216406,-0.15903897736717798,0.04814519612450831,-1.1600669447440433,0.08171779126756346,0.821701271954316,0.32505666803163763,-0.49755964466293656,1.0032343553662626,1.009431888773073,0.139780294854656,-0.08200549336504998,-0.3311783002420958,-0.4601222117987924,-0.3607044410025493,-0.4315605721200442,-0.7626467625326843,0.4514102871836102,0.5704037944582268,-0.5799798072721716,1
0.9044132765196139,-0.978141694168258,-0.15484123025532542,0.3052077222492148,1,0,0,1,0,0,0.2363566035908452,-0.4512926491522716,-0.68155588370685,0.4596841197165047,-1.1985646597495332,-0.7023292231611592,-0.11961454742015201,1.1456578364933423,-1.6526022916072252,-0.214063755841329,-1.005131385509477,-0.7978277251146906,0.7142372494277215,0.12387455600008532,1.4529364872429167,-1.7234516259283528,-0.23785909360767243,-1.1456472436732945,-6.192842294857107e-4,-1.0875276621842873,0.29010093671456644,-0.11693145727659025,0.527260020114758,0.05332931832628506,0.18821847713749215,1.0875276621842873,6.192842294857107e-4,-0.06326485836571254,1.0163612595869336,-0.646090960523493,-1.3618633116434313,-1.3647030752786062,0.1010352376589052,0.5138790966987595,0.5664865349208381,-1.0384305451721696,0.4731143508735179,0.12408133374116129,0.7532655707677065,0.9359226956462544,0.9053654723749538,0.15732544345452057,1.0276167615398821,0.514734606344233,0.40975308478573785,0
-1.100207187344929,-0.6431607365392533,-0.15484123025532542,1.0385308760612593,1,0,0,1,0,0,0.7789708947685415,-0.5687500089804935,0.39307135535292426,-0.48004291753710804,-0.18710130750314943,-0.06642121072504202,-0.7865782291518649,-0.5382513107651767,-0.6219390101169264,-0.6149431645695861,-0.06916082544542944,0.4440058365260059,0.707614769390795,-0.41502857518731306,-0.21150266929487296,0.6342369747789673,-0.7559357124973298,-0.13292171263598732,0.8432886699243073,-0.23079243079930178,0.6790645128781598,0.5268880848434847,1.4875584559822006,0.081175630027578,-0.03985972097970145,0.2307924307993025,-0.843288669924308,-0.28608496734615396,-0.03432821836595151,0.5547934799317504,0.821701271954316,0.4445346296798359,0.25856020669096863,1.166352774922097,0.7879592118469556,0.015758101167622184,1.194770148383656,1.1694923451101218,1.7274223452425637,2.4054334505148978,2.3043429366566395,-0.5758324831559722,0.5245793632923436,0.44669448753824004,1.2620230751689392,1
-0.27779879191332196,-1.2615871198543382,1.0038746524609323,-0.8681093238500562,1,0,0,1,0,0,0.7411140837561441,-0.5623538161185606,0.38027817393554597,-0.48004291753710804,-0.17824087955232884,-0.06150209107891172,0.6541949816964198,0.7126143318087761,-0.15279223284714435,0.197121142240379,-0.22906199606146224,0.5081167044415845,1.0417699854253273,0.2894145207066224,1.5904949491719858,-0.361535138454015,-0.010108881113791683,-0.7548988319028972,0.328888191831712,0.36682327779893126,-0.6204944678976593,0.6152373905128562,-0.15443584695830198,-0.2763217394407511,-0.43921996680553266,-0.36682327779893126,-0.3288881918317127,0.4659329004628361,1.841902992264201,0.7094528396873502,0.3953247556304958,0.3762615087380082,0.06953024385249205,1.4110304042558486,1.3416409041622488,0.139780294854656,-0.4243293973121668,0.9587239960437993,0.9570174039305009,0.7198181728714541,0.555621106304533,0.5697267771729232,-0.06991938009111154,0.10649389350827677,0.47161139053935697,1
1.1871161624492292,1.6501704349208541,-0.8790386569529866,1.0385308760612593,1,0,0,1,0,0,1.3342041229503703,-0.6396896025401126,-0.6047967952025805,0.21375801698695704,-1.4277558830428938,-0.657162760955781,-0.5667249081300321,-0.0726120312359515,-1.0739527089333216,-0.3596542192781924,-0.5747402102176808,-0.7127593612788823,0.3834205973832135,-0.6625500531477063,-0.1029737717852792,-0.5847247001283012,0.09846613115456941,-0.07305689695999608,0.25295560183580257,-1.2229970446133172,0.12603257385265818,-0.0034945723990105313,0.8805373977467379,0.5835069774090541,0.675864581229097,1.2229970446133172,-0.2529556018358033,-0.5924626171942612,-0.03432821836595151,0.20908432283099887,-0.1344157646506147,-0.08458205761933026,0.5421051509486824,0.02452383803125581,-0.09793149585751397,-0.29429738304996345,0.029018475482663446,-0.1035484832504671,-0.2959043164138529,0.1838789563899486,0.4145951522438788,-0.794369942049485,-0.12479618717266176,-0.6543183440496418,-0.45626319576493324,0
1.2385166871637046,0.05256894469021735,-0.4445202009343899,1.0385308760612593,1,0,0,1,0,0,-0.6722068607066928,0.4709220671227777,0.35469181110078946,-0.47367777134881384,1.2979655871833329,0.7282402084725529,-2.1414001454998477,0.1799699683420111,-0.3402803833522758,-0.5300986968253802,0.31544649428562904,-0.658948113783275,-0.3411787605252961,-1.313130867141104,-1.046725266774631,0.7043691533855455,-0.06061465442060989,0.8717673322820652,0.4783555005605047,-1.373153796310799,1.665604139478509,-1.2956008236465004,1.1729977535531622,0.6560246865670313,0.44101523236233187,1.373153796310799,-0.4783555005605054,-1.3166279713806959,-1.1600669447440433,-0.9463120706373036,-0.4832692780064673,-0.47715250303484213,-0.4660546508565234,-0.30171300108041293,-0.5408768497097485,-0.4183195767369984,1.2502821328075124,-1.317574173872486,-0.6334633235940058,0.015317428625603584,0.27921023634565156,-1.5240030709358887,0.28677986593896093,-0.32030321536567735,-0.8274130302866491,1
0.10770514344524394,0.0783367106616796,-2.327433510348309,-0.13478617003801185,1,0,0,1,0,0,-0.5460174906653681,0.16564922598507223,-0.08027635709007157,-0.30124017461138985,0.6307701659147746,0.3602006204029859,-0.5363092028517716,0.07987514677945813,-0.3014316535314275,0.07891352259888419,-0.3156582321519745,0.23733150139707812,0.2284264244562059,-1.2073697239026902,-0.005655107793253227,1.0401007342591468,-1.1600818446546368,-0.7900031562404691,0.12009793795335687,0.2045801889163758,-0.46063860034113646,-0.11529630851790208,1.4572680993956497,-1.2569243769508893,-0.36091315896696075,-0.2045801889163758,-0.12009793795335758,-1.1216603760228097,0.04072103005925432,0.15449866644666885,0.6795757665130432,0.13730558544161034,-0.6865896075014126,0.6769975162545934,0.6772228733838963,0.015758101167622184,-0.5261013687559044,-0.2553016945782196,-0.4601222117987924,0.31354167005482897,-0.2284831982727022,-0.9212626601166852,-0.12479618717266176,-0.04195727479570725,-0.76555472453303,1
2.0095245578808356,0.43908543426214564,-0.4445202009343899,0.3052077222492148,1,0,0,1,0,0,-0.5586364276695006,0.1801860279440106,-0.16982862701171944,-0.24800440649111127,0.5797944631655974,0.3302387098311013,0.012888442516792852,-1.991935472634493,-0.5462015061466915,0.49536905182371976,0.2922068489071245,0.5786724169251198,-0.4605833846009835,0.3226799321988477,-1.3930578000278557,-0.08499038024987654,1.041142559276163,0.5760259979675753,0.7547787594442794,0.04065977486679812,0.304496293172344,1.3384592259536152,0.6612686210511979,0.3631675091375208,0.18249405796041024,-0.04065977486679812,-0.7547787594442801,0.4102278732177254,-1.2351161931692491,0.4001341201761507,0.29196075167320634,0.7176271134471482,0.1325402314653172,0.18764225758709038,-0.1532996650890431,0.3258135853852078,0.5008703430854462,1.6416134470186852,0.7988816528190786,1.0526191379446466,1.1592121896841308,-0.2233527107470814,0.6983559190505837,0.793080546914203,0.904619530814692,1
-1.9483158451337743,0.6709953280053031,1.0038746524609323,1.0385308760612593,1,0,0,1,0,0,-0.571255364673633,0.19472282990294892,1.7619417670123987,-0.670418653532452,1.488576325684815,0.667869194633681,0.09481313308281449,2.0624762343518417,0.4766603476067324,0.2551374200694044,0.225293878031089,-1.274222484307122,-0.5486897242234147,1.0733749903830514,2.7002267558475372,0.6448831171261955,0.6996508549434859,0.4281079175869414,-0.6247379431982625,-1.1182800073149486,0.9406636736397969,-0.12578547076664562,-0.0035653229734727418,0.34908761678931743,0.12507098165314692,1.1182800073149486,0.6247379431982617,0.744458036688388,2.067050737539819,-0.6551885699208807,-0.25070026910256554,0.03489590402886805,-1.1276595207911904,-0.9541866793037505,-0.8177176958673952,-0.6043528672675491,0.9727222106882286,-0.02767187758659086,0.29710475025398503,0.2487103132223888,0.38074892326932136,0.062155904904119784,0.6983559190505837,0.18071947766026855,0.038603250264021984,1
0.23620645523143258,0.6452275620338409,-0.15484123025532542,-0.8681093238500562,1,0,0,1,0,0,-0.6217311126901629,0.3313687683169695,-0.5024513438635544,0.03206202579383241,0.31717451005843855,0.2300675461280843,0.9628198354837949,2.0881113511127105,-1.3111585154217602,0.7615611918936558,0.8936762680117064,0.5059411829244708,-1.3583714424305253,0.34240412581681734,1.2475354427762835,-0.7752888738790426,-0.2721429375449187,-0.001795859091465152,0.5061221547512287,0.1880776393671132,-0.9966982507823073,-1.616244740376578,1.0133070649773515,-1.2986723167714855,-1.1635762239399359,-0.1880776393671132,-0.5061221547512293,0.5494904413305014,1.5417059985633763,0.8095265430586199,0.24027874969456073,0.12023730520615308,1.550264952753888,0.18764225758709038,-0.04256332662598434,0.3258135853852078,-0.9701972441467586,-1.5452039908641146,-0.2685346671830286,0.2746428559553643,-0.2792525417345383,-1.175048096251087,0.8629863402952329,1.0714264874841732,-0.76555472453303,1
-0.6119022025574117,-0.87507063028241,0.27967722576327125,-0.13478617003801185,1,0,0,1,0,0,-0.36935237260751347,-0.1047352904511812,-0.4001058925245282,-0.09697684693249495,-0.02933609521379473,-0.005603004191067395,0.5846143248066601,-0.33324884316826686,0.7186495595467012,0.10628308625116055,0.6096743434791533,0.41869362128560855,-0.7047548316999261,-0.021452139945586635,-0.06048439872096474,0.22916683371820348,-0.4451947212281521,-0.20908881912195162,-0.6135009981005504,1.179510982546409,-0.8343551752050108,0.3968025527259685,-0.7521274556814938,-0.5850290574839525,-0.9967410419482254,-1.1795109825464083,0.6135009981005497,-0.007559831120602114,-0.03432821836595151,0.08171779126756346,0.188596747715916,7.593435579547688e-4,-0.024984737566746233,-0.6279498401920818,-0.4301405112466897,-0.29429738304996345,-0.7878007238969434,0.3625506658276294,-0.011781291065306424,-0.3977509306210864,-0.5887037780733438,0.09387908442092041,0.028074918268798287,0.7294586176410672,0.16231986177126023,0
-0.3291993166277972,1.9851513925498596,-0.4445202009343899,2.9451710759725747,1,0,0,1,0,0,-0.25578193957032125,-0.21579645741747022,-0.6687627022894718,0.39603265783356295,-0.7489595631334004,-0.47202498518324054,-3.1748828885627636,-0.15841575742658282,-0.24686472464258816,-2.082338612385883,-2.118771517696241,-0.6675620156023303,1.7438415222941577,-0.4285403566639588,-1.025627070112936,1.3384241287871967,-1.0484050869835158,-0.41060595889809937,0.3506288912831737,-1.2582244350408798,3.986559466723601,-0.8100200852217536,1.6824595209038669,1.7735245862880482,2.353629940985723,1.2582244350408798,-0.3506288912831744,-0.3139374809687093,-0.8598699510432187,0.48201260475264507,1.1447137843208466,0.59814915179895,-0.4660546508565234,0.4323198869208419,0.2896456887631914,0.07776919801113909,3.1099336110067144,-0.9381911455531051,-0.7885580025686714,0.10608132819102022,0.8207498999385615,-1.206771275767887,-1.6887851889968277,-2.1573864231274804,-0.45626319576493324,0
0.544609603518286,-0.7977673323680251,-0.8790386569529866,1.7718540298733036,1,0,0,1,0,0,-0.596493238681898,0.238333235779764,-0.7583149722111197,1.0585865110696384,-0.5807080307202706,-0.6348031262006432,-0.7936316541935555,-0.5884693806717112,-0.551817572279867,-1.9267090833087221,-2.4034878268650575,0.6005074959491098,2.3205978416588486,0.17820841079058433,0.05402720157748902,-0.2892778519061557,-0.476864124969706,-0.9308201730757407,-0.12752713319093578,0.9455004604204603,1.2816278785889585,0.8618159573997721,0.46365676398867867,2.1300093672372253,2.215887158497694,-0.9455004604204603,0.1275271331909351,-0.09111737198826762,-0.25947596364157,-0.9190192424451392,-0.9096457943302884,-1.0233374705694662,-0.9071245641463012,0.35076067714292497,0.4557501964577793,-1.2244638357027204,0.19555442875423396,-0.2553016945782196,-2.421613740007795,-1.8907244622481374,-1.176177609560296,-1.6508957890030895,-2.2649916633530998,-2.3243939874694624,-1.940862533851798,0
1.4698190483788447,-0.2824120129387873,0.27967722576327125,-0.13478617003801185,1,0,0,1,0,0,-0.8236341047562825,6.349604779317448,-0.46407179961141953,-0.03506133400999707,2.2492153593276347,4.910386293073515,-0.3294255889288014,-0.35059660254181224,0.44616884271286483,-0.06141990911716747,0.4397185509655165,-1.4946868213275708,-0.5502112555710752,-0.13617175416990598,-0.3959388594891724,1.2805589457684663,0.45912944088637814,1.385722187578086,-2.0457655875391296,-0.009609152108407288,0.3220130882097398,0.0845619821288649,0.6769104891301758,0.5382392289867374,0.7812323553354922,0.009609152108406583,2.045765587539129,-0.23037994010104354,-0.4846237089171882,-0.4095531161914002,0.279040251178545,0.4616029099152932,-0.49755964466293656,-1.9328971966387571,-1.5375038958772762,0.7598912632898273,1.1670141561717275,1.1104772073715516,3.052316106156863,3.0753574711167806,3.2069090426448246,1.7752075988113303,0.12214944469431245,0.1250502895462747,3.1315185379449897,1
1.7011214095939837,1.2378861793774645,-0.15484123025532542,-0.4281154315628296,1,0,0,1,0,0,-0.1295925695289965,-0.2762695535666538,-0.7199354279589849,0.5754140504127624,-1.0826173610449277,-0.657162760955781,0.9127136028660022,0.07839679412707008,-0.23500508924823707,-0.17150001455233288,-0.6784423490571379,-0.22066227829661572,0.5388553185306785,0.2663370492577473,-0.9298414221273721,0.5591961460702775,-0.11987843324556738,0.24493101431418543,0.4977080171176754,-0.7945777810288902,-1.0030296412331239,-1.0390967846841672,0.8831980278493211,0.11281605306249655,1.1211357446670085,0.7945777810288902,-0.49770801711767615,0.04814519612450831,-1.009968447893631,-0.6824813981130464,-0.3153027715758717,-0.34060626115118536,-0.655084613695,0.02452383803125581,-0.2086678343205727,-0.5423417704240322,-1.1089772052064004,-1.2416975682086098,-1.3541974200056863,-0.7756251247301669,-0.685407289429221,-0.794369942049485,-0.6186874509066087,-0.9883334727336057,-0.8274130302866491,1
1.4698190483788447,0.38754990231922204,0.27967722576327125,0.3052077222492148,1,0,0,1,0,0,-0.8236341047562825,6.349604779317448,-0.1826218084290977,-0.25379090302592416,2.6022524987404787,5.079425131822355,0.4106769514722522,1.1055541623956497,-0.41123662921111165,1.6192031871834942,1.5748265383617086,-2.1704035271700715,-1.9325554696820484,-0.006206636324433488,-0.10606512694335889,1.3520463500499798,0.8100643666707521,1.6932836765006514,-2.5019320492438823,-0.4787858038769716,-0.5772578958924159,-1.6236614992438325,1.9208504395875237,-1.3841930842154622,-0.39418968934207554,0.4787858038769716,2.501932049243882,-0.2582324537235989,-0.40957446049198204,-0.982702508226857,-0.22485926811324272,0.10316902497069583,-0.9386295579527137,-2.259134035750426,-1.8697129112664523,0.139780294854656,-0.05424950115312168,-1.1658209625447336,2.805989263079453,3.73663731080767,2.6315231500773573,0.6966194952401235,2.2623449208747504,2.12914106165006,2.574793786162414,1
2.960434265098632,-1.2100515879114147,-0.15484123025532542,0.3052077222492148,1,0,0,1,0,0,-0.7983962307480176,3.5207431181080446,0.03486227566633282,-0.32670075936456655,2.0621960204908687,2.9601789497304014,0.5285649383075747,-0.5434113215790467,0.28105259141017713,1.4879242943143889,2.144469920109723,1.5523257724405097,-1.454985158420261,0.37866340904679413,-0.471858336940843,0.8175100937994942,1.4439335621902096,2.265915735554785,1.6643883009928626,0.4664671563038157,-0.35662639674920565,0.27315176921036527,0.43731049612034145,-0.5783099255889659,-0.575690232569075,-0.4664671563038157,-1.6643883009928633,-0.20252742647848845,-0.9349191994684248,-1.8469754009787365,-1.2455788071914804,-0.71610842633123994,-1.0961545269847772,-1.3619827281933365,-1.9250810804979817,-1.1004416420156866,-0.49834537654397587,-0.02767187758659086,-0.7703115697481222,-0.4514683405679659,-0.6346379459673855,-1.016432198667086,-0.28942660841731066,-0.09762646290970158,-0.76555472453303,0
-0.7918040390580765,0.6967630939767645,1.7280720791585935,1.0385308760612593,1,0,0,1,0,0,-0.7353015457273552,1.0611162266556748,-0.4001058925245282,-0.09581954762553238,0.9787998169698778,0.89012396409975,0.3060232725472886,1.5043651874919328,0.736007856902567,0.390977842763965,0.5180456255549543,-0.926031723423751,-0.7546159821088577,1.5686338092116567,1.1780279103716493,0.45168678064578255,1.8650811915531285,1.741005939773748,-0.7279513648365102,-0.5410235229891278,1.141827609606464,-0.8846659312251004,-0.5522457427530226,1.3211967414856258,1.026268755872883,0.5410235229891278,0.7279513648365102,0.32667033235006016,-0.10937746679115769,-2.5383937151802396,-1.9949678358818312,-1.381771355514063,-1.9152843659515075,-2.259134035750426,-2.368026434350216,-2.0926191915119605,0.5841383197212315,-1.0899443568808573,-1.1991027410310207,-1.2553771652902237,-0.7530997473783346,-0.3819686083310823,-0.8656330827735822,-1.1553410370755877,-0.8274130302866491,1
0.10770514344524394,1.7017059668637786,-2.327433510348309,-0.13478617003801185,1,0,0,1,0,0,-0.5333985536612357,0.1394829824589832,-0.1442422641769629,-0.2723076919373254,0.5464568506828983,0.3177173143682242,-1.1756755053795613,0.6383643588073522,0.6424670086326941,-0.919951472115356,-0.8258426036505778,0.1112124284678466,0.741872532321555,-1.3625394507976931,0.3002963936987674,1.094228630678119,-1.1780559516062055,-0.6763739213638121,0.74512626677265,-0.5873266710771624,0.2733720444208813,-0.5753447812548801,0.22132032325156867,0.07465497273802421,0.4132883424741205,0.5873266710771624,-0.7451262667726507,-1.3166279713806959,0.11577027848446049,-0.43684594438356456,0.1627557467265941,-0.32353798091572933,-0.9701345517591269,0.8401159358104279,0.5111183656893089,-0.728375060954584,0.1400424443303771,-0.6346847228976005,-0.3688900476960481,-0.2051091846046925,-0.1607907403235886,-0.12818317219668063,0.12214944469431245,-0.15329565102369538,-0.2706882785040748,0
0.544609603518286,1.1863506474345409,-0.8790386569529866,-0.4281154315628296,1,0,0,0,1,0,-0.596493238681898,0.238333235779764,-0.10586271992482811,-0.2804087870860634,0.7345928601139088,0.40000077026713104,0.4705024658125362,0.6393853642740913,0.1719497449917075,0.06094773025059812,-0.31905111671225955,-0.26205703920328777,-0.11270966705052754,0.14162257733566352,0.5191105217091675,-0.11881526767409284,-0.5337652806000088,-0.7692920142167976,-0.38904162214375715,0.02843219803499119,-0.5127375214263967,-0.35754295335827824,-0.3544589472659499,-0.6116089668517153,-0.33628184377938275,-0.02843219803499119,0.3890416221437564,-0.17467491285593337,0.04072103005925432,-1.11916664918768,-1.0000892977929163,-1.1257471519822078,-1.0016395455655394,-0.30171300108041293,-0.1532996650890431,-1.2864749325462383,-0.5816133531797613,-0.482931511569848,-0.5148615102604385,-0.6070635969658218,-0.7869459763528921,0.030432725387320277,0.2044646553166367,0.23638866577426285,-0.8274130302866491,1
1.3670179989498932,1.4697960731206219,1.7280720791585935,0.3052077222492148,1,0,0,1,0,0,-0.2684008765744537,-0.2152149853391127,-0.8478672421327675,6.321405109481959,-2.517138939514123,-5.050830990340345,1.6179121322206023,0.6299553286289504,-0.6306088333453101,0.3617844045234929,-0.7147927443254121,0.752844381077219,0.793550532744354,2.439741650757893,0.4700415277816679,0.722012295011043,1.472483461799231,0.8234317915856832,-0.5566704711695901,1.5788889403080233,0.18801490663739967,-0.3937561744263874,1.5876161265898217,0.9713420047692265,1.7331864517770612,-1.578888940308024,0.5566704711695893,2.359903826796588,0.491016520610491,0.15449866644666885,0.5116092600824467,1.1272658390981163,-0.9386295579527137,-0.7910682597479163,-0.6516131881728072,0.38782468222872474,-0.16527347000083534,-0.7105613285614767,-1.2173491738515698,-0.3477381696360611,0.04228663352375219,-1.3336639938350878,-2.1003612421084505,-1.9347096706715041,-0.332546584257695,0
1.9838242955235992,0.38754990231922204,2.8867879618748513,0.3052077222492148,1,0,0,1,0,0,-0.6343500496942954,0.3691644534102092,-0.1826218084290977,-0.25379090302592416,0.7771206758804003,0.4800482626905241,3.3671377897367765,0.5973109612882698,0.04017451337162587,2.316298079009318,2.04583538201051,0.5993228231636508,-1.9868165524236194,4.028825076378123,-0.6962195473597456,1.799102884219342,1.750405682244219,2.334576239162302,1.465333844976243,-0.6358954166251617,-0.656532515731746,-1.5172854986016653,1.7530049881865393,-1.3934969584049148,-0.38042688422835286,0.6358954166251617,-1.4653338449762439,3.3347418035860197,-0.7848207026180125,-0.5642124759469986,0.3824042551358344,1.1101975588626602,-1.222174502210428,-1.5251011477491712,-2.0358174189610403,-0.4183195767369984,-0.1375174777889068,-1.0140677512169813,2.915467860002747,3.7236710394411823,2.6146000355900783,0.9821281108913258,2.4269753421193996,2.1848102497640536,2.574793786162414,0
-0.8432045637725518,-0.5916252045963298,1.7280720791585935,1.0385308760612593,1,0,0,1,0,0,-0.7226826087232228,0.8634157200141133,-0.5152445252809326,0.043056369209976894,0.7118913981583822,0.6307522009401524,-2.263747987348945,-0.46290992372440515,-1.1824352785218102,-1.1635942516379667,-0.5836036417743748,-1.49618204545999,0.006817928013809405,0.48039808861291605,-0.7790195178714833,0.03543945659983,0.18441286445556967,0.7344579032007049,-0.33645217931212407,-1.7069246864476295,3.627804791928718,-0.14504625384389455,1.652041873670293,1.7548014047550085,1.475768508702108,1.7069246864476295,0.33645217931212335,0.15955525061472892,-0.9349191994684248,-0.9099216330477515,-0.7545997883943533,-0.6478353053894121,-0.18250970659880966,-0.709509049969999,-0.6516131881728072,-0.29429738304996345,2.4160338057085053,-0.5588081172337243,-1.3541974200056863,-0.4514683405679659,0.22844089288381547,-2.221913020305493,-0.37174181903963527,-1.0440026608476,-1.198562864808365,1
-0.14929748012713334,2.9643264994654106,-0.8790386569529866,-0.13478617003801185,1,0,0,1,0,0,-0.14221150653312897,-0.27045483278307847,-0.822280879298011,3.506274545295489,-1.926044499980388,-2.9177218347002056,-0.6424518739961689,-0.07109622523550888,-0.8315244667168954,-1.629460802095145,-1.817374836825819,-0.5363976748600229,1.668531354640528,-0.5197005860873771,-0.6173627067006592,-0.4670225405602684,-1.056289202635885,-0.4503472818791318,0.6912331826893887,-1.417139107414103,0.3740662676310144,-0.5208786066230463,0.6674091884555712,1.1538981277038094,1.9229998277908218,1.417139107414103,-0.6912331826893894,-0.5738942747792242,-0.6847550380510711,-0.4338134079177687,-0.595246948960198,-0.9436854961373332,0.3845801819166189,0.8673023390697335,0.5664865349208381,-0.2736270174354578,-0.24854144663662048,-1.0140677512169813,-1.9928225687248964,-1.436904964421056,-0.9900233502002335,-1.1433249167342867,-1.3595243465075295,-1.8790404825575102,-1.3222794763156045,0
2.0095245578808356,-1.2100515879114147,-0.4445202009343899,0.3052077222492148,1,0,0,1,0,0,-0.5460174906653681,0.15401978441792155,0.03486227566633282,-0.32670075936456655,0.7213631753476768,0.370933245085452,0.7010592330159454,-0.9930591640891625,-0.33657022670234704,1.156795797729757,0.6111721326417742,0.8416930817671391,-0.20112344381987968,0.5860274832900371,-1.234630058402708,0.05239724219445549,1.159486601378726,0.5434952129350086,0.9454154897089528,0.21031740340811067,-0.38928817283041023,0.12617957846115777,0.5127569503061018,-0.4130294265386661,-0.26393641250792166,-0.21031740340811067,-0.9454154897089535,0.6609004958207222,-1.0850176963188372,0.3728412919839863,0.3436427536518511,0.8200367948598906,-0.15100471279239655,0.2692014673650073,-0.1532996650890431,0.2638024885416898,-0.49834537654397587,-0.1035484832504671,-0.6334633235940058,-0.2958730841701091,-0.4315605721200442,-0.826093121566285,-0.37174181903963527,-0.32030321536567735,-0.6418381130257917,0
-1.4343105979890196,0.6967630939767645,1.0038746524609323,1.0385308760612593,1,0,0,1,0,0,-0.7479204827314877,1.1919474442861202,-0.4001058925245282,-0.09581954762553238,1.0667004825373894,0.9907423204978699,-0.9106140766798038,-0.2221792137939636,1.1799941516152581,0.13658222785807708,0.7640181046205058,0.16172247256656191,-0.3557977478325636,-0.11435849961979494,-1.1617896048773568,1.0160357170886425,1.5445214805152818,1.937145156945019,0.6912331826893902,-0.4649864905896614,1.1519653750526953,-0.8589073785013583,-0.5920736257330652,1.347007282830611,0.8979842565149317,0.4649864905896614,-0.6912331826893908,-0.3139374809687093,-1.2351161931692491,-0.8462383672660339,-0.25070026910256554,0.3591932285025509,-0.8756195703398886,-0.8726274695258333,-1.2052948804881005,-0.23228628620644656,0.5563823275093027,-1.0899443568808573,-1.290334905133765,-1.3461410648556402,-0.8377153198147269,-0.5405845059150832,-0.7833178721512579,-1.0440026608476,-0.9511296417938885,0
-1.074506924987691,-1.6996391413691911,1.7280720791585935,-0.4281154315628296,1,0,0,1,0,0,-0.7605394197356201,1.511757087382764,-0.11865590134220637,-0.2769368891651757,1.4821225763695443,1.3766696163715473,1.5438201886675866,2.9412054018189173,0.9382855158322309,0.4552492170341679,-0.2510801264186633,-0.1921073661291475,0.4328308228640384,1.2177628467296981,3.2274359328980604,0.9808751297817362,0.7395802937460192,0.36463110471370325,0.20465562353765385,-0.4649864905896614,-0.9299452651021652,-0.8037222501900634,-0.29698282269976367,0.1183428372350001,0.6824077653027498,0.4649864905896614,-0.20465562353765385,0.911573118423719,2.5923954765162622,-0.5460172571522233,0.007709740790658993,0.3079883877961804,-1.442709458855317,0.10608304780917345,0.012804842605544792,-0.29429738304996345,-1.0257092285706153,-1.0140677512169813,-1.1443634425693747,-1.0997819088923677,-0.9900233502002335,-0.09645999267988113,-0.7833178721512579,-1.0440026608476,-1.4459960878228426,0
-1.280109023845593,1.2378861793774645,0.27967722576327125,-0.4281154315628296,1,0,0,1,0,0,-0.1800683175455264,-0.2530106704323524,-0.7199354279589849,0.5754140504127624,-1.0338337757910288,-0.6392750531516708,0.22150940013942502,0.09131882134260555,0.10256056724770461,-1.016889386659328,-0.8306001123839041,-1.2743532221397642,0.30838512501124415,-0.31855826157969236,-0.6478002613779139,1.0885899961190306,-0.9492247117534356,0.15747960214923204,-0.946287449071263,-0.799549433147316,-0.6263138745434628,-0.774290029215348,0.9537242316536623,0.43251698170215214,1.2335690061222528,0.799549433147316,0.946287449071263,-0.20252742647848845,-0.4846237089171882,0.49111021415003275,1.0155087793742343,0.529876030857121,0.25856020669096863,-0.6279498401920818,-0.26403600355210183,0.5118468759157585,-0.8036612908751883,-1.0140677512169813,-1.244718823082393,-0.6459624110652865,-0.44848368660732285,-0.8895394805998851,-0.7833178721512579,-1.1553410370755877,-0.7036964187794109,0
0.8273124894479005,0.10410447663314094,-1.6032360836506476,-2.334755631474145,1,0,0,1,0,0,-0.34411449859924853,-0.1588121937384319,-0.5536240695330674,0.14142681030179596,-0.33089868126174904,-0.2314353152179585,0.0476222225253985,-0.5713018944423761,-0.8598259261729937,0.30872619508508314,0.23028666673344952,-0.27839675081106774,-0.1661996540069677,-1.2008584968157254,-0.4636586952465085,-0.2607994211273172,-0.6701011647486756,-0.23633062103730035,0.6912331826893887,-1.0652566185876786,-1.2661035204092048,0.319646676801646,0.9133325785848565,-1.081530016447473,-0.5301147986851071,1.0652566185876786,-0.6912331826893894,-1.2330704305130304,-0.7097714541928067,-1.028190555213798,-0.9871687972982559,-1.1598837124531223,-0.30852968182446,0.2692014673650073,-0.04256332662598434,-1.0384305451721696,-1.2477571662660425,0.04820472807728505,-0.669956189235104,-0.1402778277722523,-0.5500223735309933,-0.9212626601166852,0.6160407084282594,0.1250502895462747,-1.0748462533011267,0
1.7011214095939837,0.5936920300909173,-0.15484123025532542,0.5985369837740325,1,0,0,0,1,0,-0.1295925695289965,-0.2762695535666538,-0.016310450003180245,-0.303554773225315,0.09685696919661095,0.02212294290530339,0.8233946028312149,-0.36476810326721154,-0.19124425392695005,0.8477197617023174,0.8700531376680505,1.1262749467887987,-0.1878370357243806,0.27051302896749363,-0.3132967543523239,-0.0035039461370598686,-0.010282493269167218,0.2830452911709114,0.6912331826893902,0.850548042800631,-0.8746568076973035,0.18680185835037402,0.2579161738901051,-1.1554106520523673,-0.854773054127758,-0.8505480428006302,-0.6912331826893908,0.1317027369921738,-0.40957446049198204,-0.4004555067940112,-0.3411437725651945,-0.32353798091572933,-0.024984737566746233,0.10608304780917345,-0.2086678343205727,-0.4803306735805153,-0.6926373220274746,0.5034643620605421,0.9448531153834703,0.9488889670127426,0.36382580878204385,0.4428340591057229,0.12214944469431245,0.6260729825722207,0.6571863078002155,1
-0.6890029896291251,0.7998341578626126,-2.327433510348309,-1.161438585374874,0,1,0,1,0,0,0.13540510755778543,-0.3768642231225072,-0.7966945164632545,1.527292730389482,-1.8112716478985564,-1.4701590806525888,-0.09209657726060147,-0.19493668461007907,0.31014500462619615,-0.8966890755234844,-0.5550099471934489,-0.04046876064922044,0.488581839023535,-1.427312462322112,-1.2605324346992277,1.0837559992505297,-2.3259689365778944,-1.011475756728958,-0.0632699944762795,0.007555847346540335,-1.2980912622823715,-0.9952170040294301,0.6650916509734842,-1.0950218903323505,-0.2659690951649082,-0.007555847346540335,0.06326999447627879,-1.4001855122483615,-1.3101654415944555,-0.8098479296764806,-0.18609776662925942,-1.0745423112758372,-0.655084613695,0.4323198869208419,0.5111183656893089,-1.1624527388592034,-1.2200011740541141,-0.9381911455531051,-0.031331040515893936,0.31354167005482897,-0.1607907403235886,-0.033013633646279864,0.6160407084282594,0.6817421706862145,0.10046155601764112,1
-1.1773079744166424,-1.5708003115118816,3.6109853885725127,-0.4281154315628296,1,0,0,1,0,0,-0.3062576875868511,-0.20823732039882228,-0.3745195296897717,-0.10160604416034526,-0.07718263097501368,-0.08162576235853568,3.022373685893309,0.10632783405118869,0.22172732021795738,1.8742025632419856,1.6504202990145547,0.29831119706306813,-1.4916368988116306,3.5536332005061713,-0.28372211362082667,0.6930897651540916,2.314166833878171,2.4737564413742668,0.6912331826893902,-0.2786957612109654,-0.6519357602047468,-0.43016487415742083,0.3933796980105776,-0.23723853067375736,0.2695144677333076,0.2786957612109654,-0.6912331826893908,3.3347418035860197,-0.25947596364157,0.02713213488323473,0.3824042551358344,1.349153482159058,-0.05648973137315825,-1.6882195673050053,-2.0358174189610403,0.6358690696027934,-0.5261013687559044,-0.2553016945782196,0.5434315933313949,0.6765972683164937,0.5330569536548284,0.47455723862252236,0.03983423407198747,-0.09762646290970158,0.22417816752487937,0
1.9838242955235992,0.6709953280053031,2.8867879618748513,-0.8681093238500562,1,0,0,1,0,0,-0.6343500496942954,0.3691644534102092,-0.5024513438635544,0.037848522328645294,0.35708231377937705,0.2546631443587358,3.938636318956844,0.5685020110334946,0.6355982931579961,2.6661697303139427,3.053130738428897,1.431757981042842,-2.8008000252316267,4.363143884666833,-0.70226781072688,1.920161810377538,2.01292209672482,2.5514287284207993,1.5677883443965623,0.39783372969061137,-1.1171677183452404,-1.4838033277338474,1.0606932803145277,-1.6058442046112438,-1.4782459319855985,-0.39783372969061137,-1.567788344396563,3.8917920760371234,-0.7097714541928067,-0.2276009282436361,0.7700192699756713,1.6393142461618264,-1.1591645145976028,-1.4435419379712537,-1.980449249729511,-0.046252995675895824,-1.053465220782544,-1.3934507795363622,-0.040454256926167845,0.5080357405521495,-0.21156008378542468,-1.1433249167342867,1.0276167615398821,1.4054416161681371,-0.45626319576493324,1
-0.14929748012713334,-0.8235350983394863,-0.8790386569529866,1.478524768348486,1,0,0,1,0,0,-0.14221150653312897,-0.27045483278307847,-0.5280377066983108,0.0835618449536671,-0.5045053467532158,-0.2725770431674119,-0.8331588478253137,0.5605856865844437,-0.4245060228227296,-1.1927326181220739,-1.2787345726847417,0.3048154220390911,1.3493632097198869,-0.515950089913656,-0.2576106804910019,-0.25471861740229934,-0.6414050224885118,-0.18114677948785318,0.3871222082195544,0.031788787753525546,0.642996408648947,-1.0274901722181233,0.3243463087151241,0.9752985775977842,1.485562998939556,-0.031788787753525546,-0.3871222082195551,-0.6899464148732042,-0.5596729573423944,-1.0782274068994329,-1.0259302987822392,-1.1854861328063075,-0.32428217872766657,0.18764225758709038,0.012804842605544792,-0.790386157798101,0.7506742729928018,-0.8623145398892288,0.4978155112800227,0.5987996401175653,0.9899810448113461,0.7917890337905242,-0.9479482933959068,-1.0440026608476,0.904619530814692,1
2.0095245578808356,0.43908543426214564,-0.4445202009343899,0.3052077222492148,1,0,0,1,0,0,-0.5460174906653681,0.15401978441792155,0.08603500133584588,-0.34637484758293036,0.757943539005908,0.38613779671894566,0.39874319104142947,-1.9910633305871615,-0.345719011961303,0.6007361238362827,0.15958881180037873,0.40207627458754425,-0.5003516339838182,0.7119473377078536,-1.2916422237143845,0.022978581686528925,1.0760844400108731,0.30432002439111167,0.6286220997103051,-0.07507566165750797,0.1569072775894795,1.4388580816570824,0.49570072955555244,0.25547116337013864,0.08963600137478026,0.07507566165750797,-0.6286220997103059,0.744458036688388,-1.1600669447440433,0.2545723698179399,0.22735824919990022,0.6664222727407777,-0.37153966943728567,0.18764225758709038,-0.09793149585751397,0.20179139169817292,0.3343343898138759,1.717490052682561,0.7441423543574326,0.9099901529132779,0.9730579303240674,-0.09645999267988113,0.8629863402952329,0.9044189231421907,0.7809029193074537,1
-1.2030082367738797,0.23294330649045036,0.27967722576327125,-0.13478617003801185,1,0,0,1,0,0,0.04707254852885811,-0.33092792893226203,-0.6431763394547153,0.35842043035727916,-0.9429477211726396,-0.5315016136319068,-0.38759631729840377,-1.0606586072779967,0.6249853470778124,-0.061992874550959136,-0.15971273789148846,-0.10329027060349501,0.11826383703377358,-0.5163009427815202,-0.03229582439131148,0.23527646985886405,-0.6617044916636993,-0.32627072446204897,0.11065768597424898,-0.2506245554141756,0.0230802957050888,1.4234339771993252,-0.6179457443565304,-0.5723864728715087,-0.11090547764910978,0.2506245554141756,-0.11065768597424969,-0.6203151308168162,-0.25947596364157,-0.7006766169078218,-0.4832692780064673,-0.6990401460957827,-0.5290646384693491,-0.13859458152457876,-0.2086678343205727,-0.728375060954584,0.16779843654230542,1.6416134470186852,0.6255405410238652,0.1838789563899486,-0.0592520533999176,1.3628062650929278,0.28677986593896093,0.18071947766026855,0.34789477903211874,1
1.6497208848795075,-1.2873548858258006,1.0038746524609323,0.3052077222492148,1,0,0,1,0,0,-0.6469689866984278,0.4214969404623873,-0.19541498984647596,-0.24916170579807387,0.8070659184811083,0.51671806368895,0.16962866522267542,0.45168505497324557,-0.23136563892389594,1.1264161475296826,0.375893378875862,1.8150964614718816,-0.0041985519693657205,-0.17276804251450248,0.10159823302270682,0.7686693188281324,0.6534401808926037,0.7191297360765223,1.2994551316290601,1.1867913099014362,-0.40850058062842026,-0.5181730336525718,1.0887231144395144,-0.8737754471525061,0.21341041775330796,-1.1867913099014362,-1.2994551316290608,-0.20252742647848845,0.04072103005925432,-0.1457224436671417,0.26611975068388355,0.529876030857121,-0.6235796198885869,-0.22015379130249568,-0.762349526635866,-0.29429738304996345,-0.38732140769626244,-0.482931511569848,0.014285041535478216,0.5728670973845897,0.1607484349347019,-0.0647368131630805,-0.9479482933959068,-0.5429799678216537,0.22417816752487937,0
1.110015375377516,0.8256019238340739,1.7280720791585935,-1.6014324776621007,1,0,0,1,0,0,-0.6091121756860305,0.31101724557445576,-0.3617263482723934,-0.1554204619341051,0.49767326542899815,0.35930623501278036,1.6267340506492212,-0.24087879074933194,0.385642459877947,1.0101736159042718,0.7245731673640582,0.17012793253557765,-0.6222258506812627,1.0807502349100417,-0.4897990734393596,0.35994994296079436,0.6110892126241352,0.5854967379190974,1.1169885469471594,-0.8757814322965277,-1.1821403958946575,-0.1600562597035448,-0.16547118251660067,-0.7587337814447767,-0.37035699735852723,0.8757814322965277,-1.1169885469471603,0.8558680911786088,-0.5596729573423944,-0.38226028799923456,-0.1473362651452761,0.10316902497069583,-0.49755964466293656,0.5138790966987595,0.012804842605544792,-0.4183195767369984,-1.192245181842186,-0.4070549059059717,-0.8250508682097696,-0.7756251247301669,-0.9900233502002335,-0.28679906978068154,0.8629863402952329,0.45906541823023866,-0.9511296417938885,0
0.10770514344524394,-0.6173929705677911,-2.327433510348309,0.3052077222492148,1,0,0,1,0,0,-0.5333985536612357,0.1394829824589832,-0.38731271110714993,-0.09581954762553238,0.2736445612890211,0.18132354236188405,-0.8546043901526075,0.1402782564439475,0.6356733223572583,-0.12462652311388099,0.1472533681152936,1.5220060775522746,0.4968996954018101,-1.1879853520296662,0.39381228700521903,0.9778360413579694,-0.7960703987397354,-0.30557319693992946,1.5677883443965623,0.5209213695068188,0.0013272417410709928,0.2019761946731549,0.11364419257169973,-0.6210073878436287,-0.48976934224065727,-0.5209213695068188,-1.567788344396563,-1.2052179168904753,0.04072103005925432,-0.8553359766634215,-0.2765412700918884,-0.5624939042121272,-1.0961545269847772,0.5954383064766764,-0.09793149585751397,-1.3484860293897554,0.0012624832707351544,0.19995793940503753,0.041654690766301246,0.09311505682453199,-0.1607907403235886,-0.09645999267988113,-0.4540570296619595,-0.26463402725168356,-0.5799798072721716,1
1.7011214095939837,1.4697960731206219,-0.15484123025532542,0.5985369837740325,1,0,0,1,0,0,-0.1295925695289965,-0.2762695535666538,3.284330355680412,-0.7410139112571692,1.1442343644453645,0.3602006204029859,-0.030735724406149807,-0.17571446261152288,-0.05412465049833006,-0.18265013782017034,0.20382715904039805,0.5988063909553805,0.2281834218524817,0.04786574026890197,-0.3834770537485368,-0.06275534724753928,-0.07953006887930572,0.11986978118321585,0.6912331826893902,0.13114384342216406,0.09056565666911373,-0.14298527982167153,0.010927138536582988,0.16788789767773737,-0.14795577881868766,-0.13114384342216406,-0.6912331826893908,-0.14682239923337803,-0.5596729573423944,-0.7188718357025985,-0.6383152839424023,-0.6307670251539549,-0.30852968182446,0.10608304780917345,-0.2086678343205727,-0.790386157798101,0.41760236644966076,0.27583454506891375,1.3280282046149967,1.130416766143575,1.142289075196852,0.6014499566897238,0.4514102871836102,0.5704037944582268,1.3994859768436472,1
-0.6890029896291251,-0.30817977891024867,-2.327433510348309,-0.4281154315628296,0,1,0,1,0,0,0.13540510755778543,-0.3768642231225072,-0.23379453409861076,-0.22543707000534102,-0.30883145883640506,-0.11561240718634504,-0.6844642124085332,-0.14024845686653314,-0.4115848764884525,-1.1936395248119354,-0.834041696074546,-0.4391799353633158,1.0729137004637355,-1.3525640553175613,-1.2251095798485432,1.0617074694430846,-2.2815238985954243,-1.0922518896992004,-0.2548898489945435,-0.34619240229020387,-0.3997019182367647,-1.0347924745141517,1.6295639304469758,-0.6497900521313689,0.017923672182789025,0.34619240229020387,0.25488984899454276,-1.3166279713806959,-1.2351161931692491,-0.5460172571522233,0.046471242274642305,-0.8697229484503528,-0.5605696322757617,0.4323198869208419,0.6218547041523672,-0.9144083514851348,-0.27629743884854874,-0.8623145398892288,0.534308376921121,1.3508433793738719,0.9561348158367899,-0.6040308649486834,0.12214944469431245,-0.04195727479570725,0.34789477903211874,1
-0.9717058755587404,-1.1842838219399534,0.27967722576327125,3.678494229784619,1,0,0,1,0,0,-0.6722068607066928,0.459292625555627,-0.3233468040202586,-0.20460568248001462,0.760674983412281,0.5113517513477169,-2.0646934094992915,0.061978691432033904,0.037740289041476305,-1.5692154528272364,-1.7046185886266962,0.26476308929199643,1.9459746864288956,0.39430896961643236,-0.1305254746316701,0.57025296796418,-0.004691486152510311,0.274423881611748,1.0833762813478618,-0.7133741297612541,3.2649953225589514,-0.21582525420208276,0.5214569983905568,2.115256842070153,2.48400915867413,0.7133741297612541,-1.0833762813478625,0.5216379277079463,0.04072103005925432,0.5365982611369737,0.7700192699756713,0.7346953936826055,0.1010352376589052,0.8401159358104279,0.34501385799472056,0.139780294854656,2.9156416655232156,-0.2553016945782196,-0.1681792866700104,0.11904759955750843,0.9730579303240674,0.1890486229713212,-1.853415610241477,-2.213055611241474,0.40975308478573785,0
0.544609603518286,-1.235819353882877,-0.8790386569529866,1.0385308760612593,1,0,0,1,0,0,-0.596493238681898,0.238333235779764,-0.5408308881156891,0.0835618449536671,0.16935553032057127,0.11871656504749839,-0.6757259990283309,0.2568259314287732,0.19174396723678283,-0.8430099405897213,-0.7550099410402364,0.5257666927387044,1.6215217797686383,0.22760282423649283,0.4923398075742422,-0.33846786870596396,0.018261387570567167,-0.4861090169198061,0.271474372857786,0.44783808336594555,1.1670315108583633,0.14071356033349214,-0.6022479930062795,1.1569597225889328,0.506959059113466,-0.4478380833659462,-0.2714743728577867,-0.09111737198826762,0.04072103005925432,-1.06458099280335,-1.051771299771562,-0.9892009100985523,-0.9071245641463012,0.18764225758709038,0.06817301183707392,-1.2244638357027204,0.6396503041450882,-0.2553016945782196,-1.1078705769282764,-1.2035120798242718,-0.7530997473783346,-0.6040308649486834,-1.6064699783745033,-1.6563637301015341,-0.9511296417938885,1
-1.5114113850607322,0.6967630939767645,-0.4445202009343899,-0.13478617003801185,1,0,0,0,1,0,-0.15483044353726144,-0.2640586399211456,-0.579210432367824,0.17903903777807972,-0.6023944159018695,-0.34144471821323613,-0.14758925351312646,0.3464979011051528,-0.05140573454765512,0.2693053407096821,-0.172509372777554,-0.5830051856638261,-0.7137557363442757,-0.41687666548630964,-0.7237305053039679,1.2743236094270995,-0.7614648876048619,-0.4354230822039249,-0.03566621970192337,-0.7597762161999033,-0.211311802515216,-1.2005965759788477,1.3508456934027875,-1.1188696890369736,-0.20083525812204003,0.7597762161999033,0.035666219701922665,-0.17467491285593337,-0.40957446049198204,1.127942871967207,1.7132158060859415,1.2467438007463156,-0.30852968182446,0.5954383064766764,0.6772228733838963,0.8219023601333442,-0.16527347000083534,-1.0899443568808573,0.1876261533306929,0.8710913388138142,0.31305646532020776,-0.3819686083310823,1.5215080252738291,1.1827648637121608,-0.023255055489598248,0
-0.8432045637725518,1.1863506474345409,-0.15484123025532542,-0.4281154315628296,1,0,0,0,1,0,-0.43244705762817587,-0.05123985924228804,-0.10586271992482811,-0.2804087870860634,0.391435003036003,0.17729880810595924,-0.39466779093250853,0.4433527053266514,0.018871106058641497,0.19005655324039192,-0.05072887950303599,-0.8173039396218609,-0.5048471650984405,-0.9170251975848289,0.09834890728126375,-0.5002873272044613,-0.47535263070022254,-0.8080939543956233,-1.1234618125076608,-4.693472038239746e-4,-0.3674856018775305,-0.509991725465993,-0.5285379504825335,-0.7281056735654539,-0.7229964358916063,4.693472038232714e-4,1.12346181250766,-0.8988402670423681,0.003196405846651406,-0.24807054938775902,-0.4606584021408105,-0.6094316748596337,-0.16675720969560312,-0.22015379130249568,0.3588559003026031,-0.09276131830853324,-0.47058938433204756,-0.6346847228976005,-0.5878472415426337,-0.7496925819971905,-0.9561771212256767,-0.15990635171348128,0.36909507656128593,0.4033962301162448,-1.0748462533011267,0
-1.0231064002732158,0.9544407536913834,1.4383931084795292,1.478524768348486,1,0,0,1,0,0,-0.3188766245909836,-0.19021168596973873,-0.4768649810287978,0.0013935941593241116,-0.21692909609771563,-0.1473630885386406,-0.38686786842676857,-2.4421339387232126,2.1432733775743222,-0.42144074735840326,1.1506321879183696,1.5355482075023543,-0.022277413860721497,0.5726870825572208,-0.49836676762389864,1.042186315876976,0.6452443254949005,0.662530333775074,1.4117422606640757,0.6941558255444424,1.11017137358063,2.8526525848558433,-1.8826297678360568,1.209152488525014,-0.8490462777502336,-0.6941558255444424,-1.4117422606640766,0.04814519612450831,-0.8598699510432187,-1.492168634480596,-0.8321227913623208,-0.5624939042121272,-1.726254403113031,0.35076067714292497,-0.26403600355210183,-1.534519319920306,0.8339422496285867,2.3245028979935705,-0.48749186102961545,-1.3202085221226638,-0.8546384343020056,-0.2550758902638815,-0.20711139779498602,0.1250502895462747,-0.8892713360402683,1
0.9558138012340891,0.7998341578626126,1.4383931084795292,0.3052077222492148,1,0,0,1,0,0,-0.4576849316364408,-0.0012332605035401008,0.188380452674872,-0.42275660184246044,0.650612099076465,0.32576678288007377,0.6212113608707419,2.0639974086429533,-0.8539325043660745,0.09618116531398384,-1.6526418412891353,-1.575437759893542,0.8654441449458247,1.1873628602161228,2.6997826829765073,-1.8540232707067736,1.0468006664408087,-0.9406442665130995,-0.9053494332772469,-1.2507946581507028,0.32258946040614217,-0.12831819267388384,-0.6957602453610426,0.9080550725668309,1.230159288705434,1.2507946581507028,0.9053494332772463,1.0229831729139398,2.367247731240644,-0.20030810005147043,-1.1034533017502068,-0.6990401460957827,-0.024984737566746233,-0.30171300108041293,0.12354118106860354,-0.6043528672675491,0.16779843654230542,-0.2553016945782196,-0.42362934615769415,-0.6978274965312384,-0.33002188519637315,0.8235122133073248,-0.28942660841731066,-0.8213259083916238,-0.332546584257695,1
-1.5885121721324456,-1.0296772261111817,-0.15484123025532542,1.478524768348486,0,1,0,1,0,0,-0.356733435603381,-0.09601320927581818,-0.3361399854376369,-0.1866675432220947,0.0387198104837192,0.07041975397640089,-0.5140110015414727,0.7119637074187835,-0.21062057526550734,0.48391412089637914,0.5018126238367717,0.05331872296615996,-1.2414963254751246,-0.11181689518572793,0.6999615683095471,0.6905341043494858,1.4178004289273742,1.33580640339534,0.9953441571592244,-0.9144498376620688,0.6030186858872504,-0.2759863986814082,0.9818455622350694,0.7521298777646263,0.6517739715503457,0.9144498376620688,-0.9953441571592251,-0.28608496734615396,0.340918023760079,-0.7370670544973751,-0.3023822710812103,0.2567835470898098,-0.9386295579527137,-1.1173050988595852,-1.5375038958772762,-0.4803306735805153,0.1400424443303771,-0.6346847228976005,-1.272088472313216,-0.6589286824317738,-0.3469449996836519,-1.6191726094862895,0.03983423407198747,-0.3759724034796717,-1.198562864808365,0
0.4161082917320974,0.9544407536913834,0.27967722576327125,1.478524768348486,1,0,0,1,0,0,-0.028641073495936725,-0.2954581321524524,-0.4768649810287978,0.0013935941593241116,-0.5100671663237657,-0.2283049663522392,-1.3352211136494956,-3.2708410739458014,2.678243144297699,-1.3783041966119332,0.7891385969950951,1.0876022505968757,-0.3776316748872577,-0.7987375014122496,-1.4989080400472696,1.9343707236043362,-0.9829848646231306,-0.03679889839052312,0.9984793218444818,0.4930801176436278,1.0585683612411552,2.987758852822832,-1.717392072710462,0.8872890837262076,-1.0618457868717728,-0.4930801176436278,-0.9984793218444825,-0.3417899945912644,-1.009968447893631,2.7564149540996965,3.7029728822637695,2.9023669835856456,0.6366201323679207,1.9819448727012692,1.5077454118568363,2.2481575875342377,0.8894542340524437,2.6280093206490753,-0.22291858513165644,-1.047916823426415,-0.685407289429221,-0.2233527107470814,0.12214944469431245,0.4033962301162448,-0.7036964187794109,0
0.930113538876852,0.7998341578626126,-0.4445202009343899,0.3052077222492148,1,0,0,1,0,0,-0.06649788450833415,-0.28731752305544694,0.188380452674872,-0.42275660184246044,0.18344828145833147,0.10574797688951851,-0.4860568703260718,-0.34843880884538436,0.5595027514449298,-0.48809747197379194,-0.15135439945787327,-0.08070773108524441,0.144234723950311,-0.5840014956344372,-0.587342257969183,-0.09777801525553421,-0.3454092876960673,0.46357308520127655,0.30418285154596364,-0.41176056791003435,0.09234649676631992,-0.11014338026754768,-0.8631164803343122,0.3168862582154185,0.6493570225422314,0.41176056791003435,-0.30418285154596436,-0.5089050763265954,-0.4846237089171882,0.2545723698179399,0.1627557467265941,0.017827623793410803,0.9831750642384596,-0.05703537174666111,-0.2086678343205727,0.139780294854656,-0.10976148557697851,-0.3311783002420958,-0.7155722712864762,-1.0090180093269512,-0.8377153198147269,0.5697267771729232,-0.5363722402842841,-0.7656567202776299,-0.7036964187794109,0
-1.0231064002732158,-1.2873548858258006,1.4383931084795292,0.3052077222492148,1,0,0,1,0,0,-0.3188766245909836,-0.19021168596973873,-0.19541498984647596,-0.22312247139141586,0.1451538430365074,0.026147677161228185,0.7766447504105931,0.1456418335905352,-0.43204035526899165,1.2524693430279406,0.5076916472298224,1.7875237840258513,0.7465636163805819,0.6311275331743206,-0.20967930777130228,0.5586555764724834,0.7344040922242883,0.8412991801153203,1.1569031123463245,1.2905668235553318,-0.44932823627647334,-0.4099501148336048,1.1520086169067276,-0.9637827534521711,0.1613408976968307,-1.2905668235553318,-1.1569031123463254,0.10385022336961848,-0.6347222057676005,-1.455778196891044,-1.0000892977929163,-0.6990401460957827,-1.2536794960168407,0.18764225758709038,-0.319404172783631,-1.2864749325462383,-0.44283339212011924,-0.4070549059059717,-0.07694712256726609,0.5210020119186368,0.0761328624983096,-0.15990635171348128,-1.0302635040182315,-0.5986491559356475,0.038603250264021984,1
-1.5885121721324456,-1.2100515879114147,-0.15484123025532542,0.3052077222492148,0,1,0,1,0,0,-0.356733435603381,-0.09601320927581818,-0.2593808969333673,-0.21386407693571524,0.12862436544482056,0.09143781064623036,0.06196409839788608,0.5911066546972713,0.2440326255558301,1.160234383011164,1.012719425543955,0.026127416787322357,-1.0224809618196993,-0.14735476771119108,0.8748009457708555,0.4794091845412236,1.2590228297229311,1.1284384953528734,0.49320743187182114,-0.45352244570481864,-0.23339773486441548,0.06504394922562151,0.1481592221422569,-0.31897631323980924,-0.2148842941377072,0.45352244570481864,-0.4932074318718218,-0.3139374809687093,0.491016520610491,-0.7279694450999874,-0.39282577454383927,0.10316902497069583,-0.8126095827270634,-1.1988643086375024,-1.482135726645747,-0.4803306735805153,-0.3318094232724056,-0.1035484832504671,-0.47836864461934153,-0.3347718982695729,-0.4315605721200442,-0.44541496736468245,-0.04248097655033679,-0.26463402725168356,-0.5799798072721716,1
0.4161082917320974,-0.5916252045963298,0.27967722576327125,0.7452016145364414,1,0,0,1,0,0,-0.028641073495936725,-0.2954581321524524,-0.24658771551598904,-0.2167573252031217,-0.20067451327165672,-0.059713320298500704,-1.0283613490355406,-0.4781481701711374,1.2609501374360859,-0.9395653062334781,-0.3134469949396184,0.9644456979515871,0.609323087656886,-0.708291325264926,-1.436634891853227,1.8625076658442636,-0.6291579690077785,0.25013704723411,1.3186621405429442,0.007555847346540335,0.7222451422621673,-0.7829159277825061,0.1478795046641469,0.6454298408169437,0.6517065861888084,-0.007555847346540335,-1.318662140542945,-0.23037994010104354,-0.9349191994684248,2.729122125907531,3.6254498792958025,3.0559815057047586,0.6681251261743327,2.063504082479186,1.397009073393778,2.3721797812212735,1.6943780081983673,-0.02767187758659086,3.0614393225671384,2.6993356014886265,2.9022929818738126,2.187608932529733,0.6160407084282594,0.6817421706862145,3.1315185379449897,1
0.930113538876852,1.4955638390920825,-0.4445202009343899,0.5985369837740325,1,0,0,1,0,0,-0.06649788450833415,-0.28731752305544694,1.1094895147261072,-0.6044525930355851,0.5983165030176365,0.24616648315178347,-0.2859639068874322,-0.6141971542727381,0.11910777273075485,-1.0580046331903796,0.4224676992434202,-0.6384428164614746,-0.540013333106599,-0.3783669230842489,-0.30972569503429925,-0.4233445248765932,-0.2940403604467726,0.512124946432035,0.3735052989149339,-1.2411978630008902,0.019580002275985817,0.5327284675105558,-0.5882447357675848,1.13773061460725,-0.04923836662157088,1.2411978630008902,-0.37350529891493456,-0.28608496734615396,-0.18442671521636386,0.3728412919839863,0.08523274375862654,-0.03337721691295973,1.3927399837218248,0.02452383803125581,-0.1532996650890431,0.2638024885416898,-0.08200549336504998,0.35171115073279,-0.3597668312857729,-0.5940973255993336,-0.14386762583630988,-0.5723076854318833,0.6983559190505837,0.1250502895462747,-0.5799798072721716,1
-1.5885121721324456,-1.6996391413691911,-0.15484123025532542,-0.4281154315628296,0,1,0,1,0,0,-0.356733435603381,-0.09601320927581818,-0.23379453409861076,-0.21907192381704685,0.15605654957475573,0.09546254490215515,0.7637582421229004,1.1401066691478152,0.3337877844880178,0.6479692116136546,0.4643467002077371,-0.15925346694792827,-0.7184828467610752,-0.09418919901701107,0.8513640319020476,0.3118231816642993,0.9996072312429825,1.1148882172814636,0.19616880564547262,-0.41176056791003435,-1.1561371654692536,-0.7119543856739688,-0.14294685789247055,0.11582881792252123,0.4847978966936046,0.41176056791003435,-0.19616880564547334,-0.2582324537235989,0.491016520610491,-0.6824813981130464,-0.43158727602782254,-0.03337721691295973,-0.4660546508565234,-1.2804235184154193,-1.482135726645747,-0.4183195767369984,-1.1367331974183288,-0.7864379342253526,-0.49661507743988936,-0.4903671546674297,-0.4146374576327655,0.12560226393772106,-0.5363722402842841,-0.7656567202776299,-0.8274130302866491,1
0.8273124894479005,0.9544407536913834,0.27967722576327125,1.478524768348486,0,1,0,1,0,0,0.2868323516073751,-0.4681553394246401,-0.4768649810287978,0.0013935941593241116,-0.7271362223375584,-0.36112119679775734,-0.9330848682359616,-2.0981863710373605,0.7978892027287503,-0.8402404193475221,0.4979691803728082,-0.7325217994526361,-1.0607467444046301,-0.3591811749110665,0.20692303186755903,-0.5227178355896103,-0.4253895269479889,-0.6037711515570826,-0.974766068754056,-0.032311248161723795,0.9385876252178017,3.087117592426746,-1.6160222836283866,0.7133016256002597,-1.2368493379819676,0.032311248161723795,0.9747660687540554,-0.3417899945912644,0.19081952690966666,0.00893691608845806,-0.26362076959722697,-0.40887938209301433,0.19555021907814235,-0.46483142063624716,-0.04256332662598434,-0.23228628620644656,1.0837461795359422,3.3108987716239606,0.6072941082033162,-0.38663698373552574,-0.093098282374475,0.1890486229713212,1.1922471827845313,1.2941032399401495,-0.2706882785040748,0
-0.12359721776989524,-1.3904259497116478,-0.4445202009343899,0.3052077222492148,1,0,0,0,1,0,0.6654004617313493,-0.5454911258461922,-0.06748317567269331,-0.28445933466043244,-0.44048951311591744,-0.1996846338656629,-0.5406345336735996,0.1355447172907568,-0.81239471677633035,-0.6150533261188988,-0.3208158114113527,-1.00796883545048,-0.3737135974164664,-0.6481867459032332,-0.3145255979180473,-0.7785270609150259,-0.4209907337977792,-0.0188778640506971,-1.1334326641296226,-0.2506245554141756,0.10410492042184592,-0.5011242176742415,0.32822617786129094,0.4134501584978415,0.39864570713126074,0.2506245554141756,1.133432664129622,-0.5924626171942612,-0.25947596364157,0.1272058382545045,-0.3023822710812103,-0.4430159425639276,1.0776900456576979,-0.7910682597479163,-0.3747723420151606,0.2638024885416898,0.22331042096616224,-0.3311783002420958,0.5251851605108457,0.6247321828505417,0.7699805564767266,0.12560226393772106,0.28677986593896093,0.18071947766026855,0.34789477903211874,0
0.4161082917320974,0.5936920300909173,0.27967722576327125,1.0385308760612593,1,0,0,1,0,0,-0.028641073495936725,-0.2954581321524524,0.36748499251816774,-0.4910372609532525,0.2556084424433628,0.15225601718020498,-1.3537683503567135,-0.9173866705781707,1.951360374500856,-0.8031421696598197,0.24851208415490597,1.1664084238630805,0.014827532017893103,-0.7618153601423856,-1.3284846604672305,1.6596044951092586,-0.5349588517744327,0.27931870316303886,1.2589070016997488,0.3422733367180179,1.1212509138888715,-0.07170477372294332,-0.9998325369647385,0.554537216750393,-0.0503775318560517,-0.3422733367180179,-1.2589070016997495,-0.28608496734615396,-0.7848207026180125,2.8110006104840255,3.5608473768224966,3.0559815057047586,0.8886600828192224,1.7372672433675176,1.1201682272361313,2.3721797812212735,1.0837461795359422,-0.02767187758659086,0.13288685486904556,-0.41256952646850126,-0.1777138548108673,0.5697267771729232,-0.04248097655033679,0.1250502895462747,0.34789477903211874,1
0.18480593051695732,-0.5916252045963298,-2.0377545396692445,0.7452016145364414,1,0,0,1,0,0,0.48873534367349464,-0.5146731056932429,-0.24658771551598904,-0.2167573252031217,-0.5265725691785598,-0.2283049663522392,-1.50196280978311,0.7230372842286019,0.3963429797209036,-2.0218255860331786,-1.8724824639412305,-0.27563375849451927,2.640598917465864,-1.430909596466502,0.03557193395657343,0.6803031836871517,-2.266909419069127,-2.182918779812967,-0.6155407076067343,0.23455420748543962,0.6587678399362532,-0.9567561811112278,0.1418249605697707,0.4835273541984026,0.3031235919371581,-0.23455420748543962,0.6155407076067336,-1.4558905394934718,-0.4846237089171882,-1.5558519002623137,-1.0388507992769007,-1.7402052404586603,-1.852274378338682,1.166352774922097,1.7292180887829538,-1.5965304167638241,1.333550109443298,-0.4323471077939307,2.219062340685134,1.9732244049652974,2.1069066009717248,1.3099342992315937,0.47884869072438496,0.6631857746482165,2.2242633868919044,0
1.495519310736081,0.9802085196628456,0.5693561964423357,-0.13478617003801185,1,0,0,1,0,0,1.1070632568759857,-0.6100345265438785,-0.31055362260288033,-0.1965045873312766,-0.8510986969388216,-0.3172963126776874,0.16018766276431645,1.5902210805825003,-1.211828601645858,0.8986836971960565,-0.49860879154715276,0.510683997416581,0.7681263708706759,0.02580857418308682,0.8890155293042952,-0.7748003668916805,0.9880379667891478,-0.40959979455787937,0.8686312511301267,-0.16498583548630744,-0.19695722124326312,-1.2920320977375956,0.8780106476847483,-0.23434216194040242,0.24832137160336876,0.16498583548630744,-0.8686312511301275,-0.17467491285593337,0.491016520610491,-0.7552622732921518,-1.0000892977929163,-0.6136987449184976,-0.8756195703398886,0.5138790966987595,0.12354118106860354,-1.1004416420156866,0.16779843654230542,-0.9381911455531051,1.6199711297437773,1.9213593194993455,1.6838287387897632,0.6966194952401235,0.4514102871836102,0.4033962301162448,1.3994859768436472,1
1.9067235084518848,0.23294330649045036,1.4383931084795292,-0.13478617003801185,1,0,0,1,0,0,0.43825959565696476,-0.5088583849096675,-0.20820817126385424,-0.221386522430972,-0.4610973903862737,-0.2202554978403896,0.4704609472023941,0.8247361976483436,-1.3824091419760958,0.2575620803559784,-0.49192188181994495,-0.44924520960712105,0.16041065705034246,-0.19464824481550827,-0.49480527681826575,-0.9957070585150054,0.27647876157716916,-0.26413012201836883,0.41113096936191074,-1.020471574555225,-0.848677632123532,-1.6276613780861182,0.8892100398767951,-0.07379814679671015,0.3816508833206251,1.020471574555225,-0.4111309693619114,0.04814519612450831,-0.18442671521636386,1.0551619967881019,0.3048812521678669,0.4103980692089227,1.2667200084961745,0.5138790966987595,0.34501385799472056,0.38782468222872474,-0.9979532363586869,-1.6969572021918669,-1.3998135020570583,-0.8145239388296306,-0.7869459763528921,-1.3019408143182878,-0.37174181903963527,-0.8213259083916238,-1.569712699330082,0
-1.280109023845593,1.547099371035007,0.27967722576327125,0.3052077222492148,1,0,0,1,0,0,-0.1800683175455264,-0.22684442690626339,0.08603500133584588,-0.3388524020876736,0.22095427520690705,0.08741307639030557,-0.7877587352156618,-0.6721605408816103,0.38700885576437066,-1.151392933345643,-0.5635052120285184,-2.138596961639656,-0.36648696383035323,-0.5323112287774797,-0.10720288368216103,0.9221507804551141,-0.8698180865948978,-0.11405468334900497,-1.2315329784747313,-1.6953717729977889,0.563518589728633,0.8151679412416916,0.39761853177183876,0.6929608460627495,0.6212321745010825,1.6953717729977889,1.2315329784747306,-0.5089050763265954,-0.10937746679115769,-0.018355912103706302,0.459927258103802,0.06903246449978255,-0.2770246880180474,-0.8726274695258333,-0.4301405112466897,-0.046252995675895824,1.2225261405955843,1.717490052682561,2.2312266292321645,2.1547522040961304,2.394599547255459,1.2041903675089267,1.7684536571408034,0.9044189231421907,1.646919199858125,1
1.8039224590229344,2.9385587334939482,-0.8790386569529866,0.3052077222492148,1,0,0,0,1,0,0.059691485532990585,-0.32453173607032915,-0.054689994255315046,-0.2879312325813202,-0.089993818325072375,-0.02706825355599962,-1.7851067977656592,-0.23300333006476254,1.1096458710130161,-0.9465628097558407,-0.25562598089806593,-2.112754969049242,-0.647965888257136,-1.1755848426486648,0.3473525444909298,0.6766023338944899,-0.4899762706396093,-0.651554213231477,-1.4375436385994584,-1.4558075127796442,1.307603933329853,0.6677745366928949,-0.8370029847478889,0.7928932062380007,-0.30378957978641524,1.4558075127796442,1.4375436385994576,-1.038102835155144,0.5660657690356972,0.6730624020977969,0.9509062769009282,0.683490552976235,-0.4660546508565234,-0.46483142063624716,0.2342775195316623,0.3258135853852078,1.6943780081983673,1.1104772073715516,1.1911799584608802,0.5080357405521495,0.8207498999385615,0.728342674756924,1.933084078385452,1.1827648637121608,0.40975308478573785,0
-1.3572098109173063,-1.0296772261111817,-1.6032360836506476,1.478524768348486,1,0,0,1,0,0,1.8389616031156693,-0.6856258967303579,-0.3361399854376369,-0.1866675432220947,-1.09285869884272,-0.3830336388577923,-1.9105705583846582,0.2948922194500374,-1.8519077359486569,-0.6983135393693786,-1.656692775086519,-1.7158304705123886,-0.9732214509629423,-1.4636189404875382,0.26666398068804187,-1.9695052678574991,-0.1999978050856715,-1.2459739023652494,-1.4375436385994584,-0.9144498376620688,1.1942640698387887,-0.13761070385353966,0.5524570584853791,0.7450621402745033,0.9373307392223319,0.9144498376620688,1.4375436385994576,-1.038102835155144,2.067050737539819,5.085402959831077,2.5918098397229046,2.356182016051021,4.795279314814395,-0.22015379130249568,0.5664865349208381,4.480557073900855,0.5563823275093027,-0.5588081172337243,-1.3724438528262355,-0.9312203811280227,-0.6177148314801074,-1.1116017372174867,0.03983423407198747,-0.3759724034796717,-1.198562864808365,0
-0.020796168340944693,1.3667250092347738,-0.4445202009343899,1.7718540298733036,1,0,0,1,0,0,0.12278617055365294,-0.3594200607717812,-0.2721740783507456,-0.2115494783217901,-0.34181563391063907,-0.11292925101572851,-2.413796609575932,-1.004489572893337,0.2304505793952091,-0.8169472629313157,-0.16857043686715842,0.21566366972842665,0.34610979465392244,-1.113762155055594,-0.138287035780654,0.42587676026892224,0.02225287558892639,0.06707761417483986,-0.08286747959746427,0.3763264807979944,2.243584921667416,1.2401605459488312,0.11293141049871862,1.1257086176892945,0.28463805847059187,-0.3763264807979944,0.08286747959746356,-1.1216603760228097,-0.3345252120667762,-0.6551885699208807,-0.354064273059855,-0.32353798091572933,-0.7811045889206503,-0.22015379130249568,-0.2086678343205727,-0.5423417704240322,2.193985868013078,1.2622304186993043,0.22411901897178985,0.2487103132223888,0.7022880985276131,-0.5405845059150832,-0.5363722402842841,-0.4316415915936655,-0.08511336124321738,0
-1.2030082367738797,1.289421711320388,0.27967722576327125,0.3052077222492148,1,0,0,0,1,0,-0.24316300256618875,-0.21754087365254282,-0.2210013526812325,-0.22080787277749073,0.029431188507614895,0.0033408497109876974,0.7628219551155588,0.6581589943389463,-0.35925087799490124,1.2594300344559979,0.9719078924859954,-0.2833025592199509,-1.9653264361224616,0.018020950452061518,0.11321640649716026,-0.07699440972606278,0.32836241859354703,0.3349016878614294,0.28185302474922574,-0.6659292998071308,-1.0427161763761563,-0.7899261640571055,0.41373602873255944,-1.3758101714970137,-0.9365615454863349,0.6659292998071308,-0.28185302474922647,-0.14682239923337803,-0.10937746679115769,-0.6187981323313287,-0.5607922809744348,-0.40887938209301433,-0.30852968182446,-0.7910682597479163,-0.983822203561983,-0.728375060954584,-1.0812212129944723,-0.9381911455531051,-0.8615437338508666,-0.5422322401333817,-1.0069464646875115,-0.826093121566285,1.3568776040291806,1.0714264874841732,-1.136704559054746,1
-1.6656129592041589,-1.6996391413691911,1.4383931084795292,-0.4281154315628296,1,0,0,1,0,0,0.5013542806776271,-0.5158360498499579,-0.23379453409861076,-0.21907192381704685,-0.5192390040366665,-0.22741058096203368,1.225670217092028,0.8211288217337265,0.43743771724552877,0.7299163497337825,1.0486072610039878,1.0301310126987597,-0.9412362980138184,0.5552188317858832,0.6924288060152952,0.33201689304437787,0.8651664453332841,1.4613422621139545,1.8738869722943035,-0.45352244570481864,-1.1495561582111946,-0.4333650999078936,-0.2643470558024121,-0.12818566085354444,0.0634754959044433,0.45352244570481864,-1.8738869722943043,0.6887530094432773,0.8662627627365218,0.5547934799317504,0.6537347655237203,1.0077878774499178,0.8571550890128092,-0.13859458152457876,-0.8730858650989243,0.38782468222872474,-1.1367331974183288,-0.5588081172337243,-0.5513543759015367,-0.5940973255993336,-0.6007917169928287,-0.033013633646279864,-0.04248097655033679,-0.26463402725168356,-0.9511296417938885,0
0.3904080293748593,-1.596568077483343,0.27967722576327125,-0.13478617003801185,1,0,0,0,1,0,0.08492935954125552,-0.33674264971583734,-0.3745195296897717,-0.09292629935812594,-0.4410715442391151,-0.18716323840278576,0.33605902579598895,-0.9771173597370025,-0.3072227253502692,-0.2656726169185631,-0.6823918679506747,0.05056537815457702,0.9447975467722842,0.5944110915749485,-0.4946306313891492,-0.07561947714670776,0.6872629937084921,0.5320597463280123,0.004530982273630621,0.06447137185505257,0.12663030301638054,0.845614132893038,0.34399347575817574,1.0403847857518498,1.4065956343985593,-0.06447137185505188,-0.00453098227363133,0.5216379277079463,-0.4846237089171882,-0.082039177885424,-0.10857476366129187,0.17144214591252482,0.006520256239666901,-0.38327221085833024,-0.4301405112466897,-0.046252995675895824,-0.10976148557697851,0.4275877563966659,-0.8250508682097696,-0.5422322401333817,-0.1269445113490324,-0.3502454288142823,-1.6064699783745033,-1.7677021063295222,-0.3944048900113141,0
0.5960101282327613,0.928672987719922,1.0038746524609323,0.5985369837740325,1,0,0,0,1,0,0.3751649106363024,-0.49606599918580174,0.21396681550962854,-0.45226773417000615,-0.09920064193564308,-0.031987373202129916,1.30297438029542,0.3497063158645533,-1.0556275814402187,0.9777960175622101,0.376040200058926,-0.13833910632734975,-0.39636485496435137,1.04664881496574,0.1331836811837869,-1.264967786030364,0.3896644800108525,-0.13713549820541301,-0.8901438845537553,0.6941558255444424,-0.7660184300870453,-0.3465624052396382,0.17190763562980438,-0.9345547094462439,-0.6227567997468823,-0.6941558255444424,0.8901438845537545,1.050835686536495,0.19081952690966666,0.20908432283099887,-0.4961897785011287,-0.32353798091572933,0.9201650766256344,-0.38327221085833024,0.012804842605544792,0.44983577907224165,-0.8869292675109735,-0.6346847228976005,-1.0805009276974533,-0.840456481562607,-1.1084851516111824,-0.826093121566285,-0.6186874509066087,-0.3759724034796717,-1.3222794763156045,1
0.18480593051695732,-0.7204640344536393,-2.0377545396692445,-0.4281154315628296,1,0,0,1,0,0,0.48873534367349464,-0.5146731056932429,0.39307135535292426,-0.5002956554089532,-0.05671640769503222,-0.009180545751889433,-0.24873388815777,0.6849141003560273,-1.0483885095179446,0.32519426667881773,-0.675700380590287,0.022871408947960897,1.8666984327619742,-1.5000475712897825,-0.03479955379420904,0.8730147388525211,-1.8392992534821546,-1.7862112766739384,-0.4657107419241149,0.4930801176436292,-1.1529593323737872,-0.9749275264320018,2.3104778330603293,-2.2631341293125975,-0.8654440660113463,-0.4930801176436292,0.46571074192411416,-1.5115955667385823,-0.5596729573423944,-1.6286327754414192,-1.0259302987822392,-1.5865907183395476,-1.9782943535643327,0.8401159358104279,1.2309045656991897,-1.7825637072943747,-1.0950992091004363,-0.9381911455531051,-0.12256320461863823,1.0655854093111348,-0.05079049615627885,-1.016432198667086,-0.20711139779498602,0.013711913318286572,-0.45626319576493324,1
0.13340540580248203,1.4955638390920825,-0.8790386569529866,0.5985369837740325,1,0,0,1,0,0,0.5644489656982895,-0.5315357959656113,1.1094895147261072,-0.6044525930355851,0.2042347111150048,0.05834555120862652,-0.37467313116553846,-0.4392007671973004,0.6100084278637787,-1.868708413949044,-1.5604016114495574,-1.616733797475616,0.692847089820904,-0.1914399455710074,0.6455034015593031,-0.19277131950105808,-1.2338150246085673,-1.950845040716229,-0.7133205963053126,-1.4975693905744285,0.32970757149448143,1.2494679737238896,-1.0276185415964683,1.3010746501505783,0.1239780359769159,1.4975693905744285,0.713320596305312,-0.11896988561082296,0.7161642658861095,0.30006041680488094,0.14983524623193267,-0.3576745413866426,-0.6235796198885869,0.9216751455883455,1.5077454118568363,0.015758101167622184,0.08453045990652028,0.8069707847160468,-0.7338187041070253,-1.0997819088923677,-0.6007917169928287,-0.3819686083310823,0.6983559190505837,0.013711913318286572,-1.0129879475475077,0
0.08200488108800677,-1.132748289997029,-0.15484123025532542,1.478524768348486,1,0,0,1,0,0,0.009215737516460692,-0.3053431574845305,0.09882818275322415,-0.3429029496620426,0.06295072089127916,0.03017241141715298,-1.0040154471769973,-1.8331759484513837,0.5987411963557157,-0.782750007009741,0.039609359663967975,0.09834323487405452,0.05079517530786678,-0.43313600490955445,-0.2831964955634979,1.0647285825290802,-1.4170439729478153,-0.40673347241527413,-0.2763926451691775,0.40825130337297294,0.9633235271257414,2.2323914873418493,0.2514502700415948,-0.3476717861087842,-0.4485901790364396,-0.40825130337297294,0.2763926451691768,-0.5089050763265954,-0.40957446049198204,-0.4914316007678933,0.09815324425328795,-0.47715250303484213,-0.5605696322757617,-0.30171300108041293,-0.2086678343205727,-0.8523972546416179,0.5286263352973745,1.4898602356909325,-0.97102233077416,-0.7107937678977266,-0.7869459763528921,-1.0481553781838862,-0.4540570296619595,-0.32030321536567735,-0.9511296417938885,1
-1.0488066626304537,-1.1069805240255675,1.0038746524609323,-0.4281154315628296,1,0,0,1,0,0,0.4130217216486998,-0.5059510245178798,0.38027817393554597,-0.4921945602602151,-0.024734670372334254,-0.008733353056786679,0.9924954947350783,1.9730733486553618,-0.8051083812074111,-0.4105612018922746,-1.116543378188077,-0.06893065405845003,1.5177441795326703,1.1067496605685145,0.6834344629773831,-0.13328405943103727,-0.9323022210555107,-1.478482337708376,0.2696932180777363,-0.36149164093482894,-0.27423792504168537,-2.02345544995275,0.9666725025384575,-0.36981322678698514,0.008110835898826904,0.36149164093482966,-0.269693218077737,0.9672781456688292,0.5660657690356972,-0.1548200530645294,-0.19901826712392082,-0.5454256239766699,-0.7180946013078251,1.7372672433675176,1.7292180887829538,-0.8523972546416179,-0.3595654154843339,-1.9245870191834955,-0.44187577897824326,0.09311505682453199,-0.0592520533999176,-0.857816301083085,0.28677986593896093,0.1250502895462747,-0.5181215015185524,1
0.8016122270906633,-1.596568077483343,0.27967722576327125,-1.161438585374874,1,0,0,0,1,0,0.19849979257844777,-0.4274522939396127,0.20117363409225028,-0.4343295949120862,-0.0033207616124506126,0.006918391271809734,0.9724657233319148,-2.028574784925808,-1.0215750073332748,1.7585583286826976,2.4279612065570135,2.268535448133745,-1.3327955841198547,0.42263508345536405,0.06148127902883423,-0.827194952494703,0.7246147146095046,0.7713884024608173,0.5274811195133241,2.5708624326187053,-0.9299452651021652,2.845873150674671,0.5652761051098449,-1.657183302202278,-2.4033578438338594,-2.570862432618706,-0.5274811195133248,0.10385022336961848,-0.25947596364157,-0.9372144612399159,-1.168055804223513,-0.8697229484503528,0.19555021907814235,-0.709509049969999,-0.983822203561983,-0.9144083514851348,-0.47058938433204756,4.752554279237608,3.0705625389774123,3.0105261142843402,1.8530598836625478,-0.0647368131630805,1.0276167615398821,3.632209140727898,3.873818206988421,1
2.2922274438104506,1.907848094635473,0.5693561964423357,1.478524768348486,1,0,0,1,0,0,0.13540510755778543,-0.3838418880627976,0.43145089960505906,-0.5037675533298408,0.16730055313416378,0.0941209668168469,0.4348624674687457,-0.218111465326025,0.6826203613288749,0.15432018188848023,0.47023551020821525,-0.6021737346175584,-0.5081735341646403,0.2856596907867205,-0.30819185695242823,-0.18429020410954877,0.057330613513009984,-0.09951721488720816,-1.2550770539175564,0.42347698798565403,-0.31925904953284534,-0.009375005593956673,-1.1183587841046088,-0.15162855484355672,-0.7084883843916727,-0.42347698798565403,1.2550770539175558,0.2152602778598393,-0.3345252120667762,-0.1548200530645294,-0.22485926811324272,-0.18699173903207253,-0.08799472517957138,-0.5463906304141645,0.012804842605544792,0.38782468222872474,-0.22078545442469194,0.12408133374116129,0.41570656358755365,-0.2569742700706454,-0.29617565622181696,0.728342674756924,0.2044646553166367,0.45906541823023866,-0.08511336124321738,0
1.8039224590229344,-0.6946962684821769,-0.8790386569529866,1.7718540298733036,1,0,0,1,0,0,0.059691485532990585,-0.32453173607032915,0.022069094248954552,-0.30991991941360914,-0.03010917475943268,-0.010074931142094942,-2.1694627175780643,0.10279158872604235,0.015507406988047387,-0.515590557200094,-0.7374874708255268,-1.6376018638503578,0.3686724695869392,-1.4630100895822211,0.041660269666566475,0.5553865331527345,-0.40433740637352816,-0.39146809077743117,-1.3475953222069719,-0.8969649934967807,1.554868275981862,-0.09935033782316935,0.5369107596915565,0.29559552889521135,0.5765774336708821,0.8969649934967807,1.3475953222069719,-1.3444804850032512,0.19081952690966666,0.47291499535525605,0.705416767502365,0.4957394703862077,-0.2770246880180474,-0.5463906304141645,0.06817301183707392,0.38782468222872474,2.16622987580115,0.4275877563966659,1.6564639953848757,1.739831520368513,1.7853674257134342,0.9821281108913258,0.36909507656128593,-0.04195727479570725,1.3376276710900281,1
0.2105061928741954,-1.3646581837401863,-0.15484123025532542,-1.6014324776621007,1,0,0,1,0,0,0.6780193987354818,-0.5483984862379798,1.8514940369340465,-0.6796770479881525,0.36332195440599163,0.10351201341400473,1.4684483982844405,-2.0380835121622356,1.739631794194137,1.5001477628243973,1.8678041647082997,1.5545315530845527,-0.3330696162529795,0.4833711568742092,0.4117560191609966,0.3992759881574938,0.5864384550152327,0.2180179547246708,0.08962234189036815,2.031309283084856,-1.5589344792518618,3.2098217225060566,-1.9769010786046932,-1.4451005127136642,-2.2153847925950294,-2.031309283084855,-0.08962234189036815,1.217950768271826,1.3165582532877582,2.492584281575438,2.385081831808326,2.5951379393474188,0.9516700704320475,1.166352774922097,1.2309045656991897,2.2481575875342377,-1.3032691506898992,5.131937307556989,2.933714292823296,1.0655854093111348,0.3299795798074865,2.790349343348936,0.2044646553166367,1.6837875567381073,2.018069034379841,0
-0.12359721776989524,-0.02473435322416849,-0.8790386569529866,-0.4281154315628296,1,0,0,1,0,0,1.1196821938801182,-0.6100345265438785,0.11162136417060241,-0.3550545923851497,-0.48044869322962275,-0.1947655142195326,0.012167107681742778,0.6728366374027765,-0.16191210858829244,-0.7270867806935757,-0.5508800167396085,0.41566207303893726,0.3084273740875224,-1.0666558571942666,1.0223447242192174,0.06363839787208378,-1.2803776719247364,-0.8019847828572351,0.6912331826893887,-0.11864316273067908,-1.0827086238976178,0.10067310134001396,0.2852897291256922,-0.28735324911546384,-0.0668110451460544,0.11864316273067908,-0.6912331826893894,-1.038102835155144,0.8162299304530506,-0.2821865846279648,-0.20763193412036116,-0.687661292605478,-0.08799472517957138,0.5954383064766764,0.2896456887631914,-0.790386157798101,-1.0812212129944723,-0.1035484832504671,-0.5696008087220858,-0.3477381696360611,-0.4315605721200442,-0.5088613263982832,0.12214944469431245,0.06938110143228039,-0.5181215015185524,0
-1.2030082367738797,0.9544407536913834,0.27967722576327125,-1.8947617391869185,1,0,0,1,0,0,-0.24316300256618875,-0.21754087365254282,0.25234635976176334,-0.45747558105133773,0.3940411063974138,0.18624266200801434,1.2226603702402745,0.7450275539354166,-1.4513331578297055,1.2896830854355057,0.7661513669419926,0.2687920221718799,-0.9978904049410742,0.07690800355406058,0.2365346395235743,-0.21847163613661091,0.6445871967770462,0.6861951605606779,-0.22109974072011698,0.5858842905209262,-1.6232934367006935,-0.7856184895837894,1.764478121708778,-1.1031170146632772,-0.3260982827904125,-0.5858842905209262,0.22109974072011698,-0.06326485836571254,0.04072103005925432,-0.4914316007678933,-0.5220307794904515,-0.2552648599739003,0.006520256239666901,-1.4435419379712537,-1.5375038958772762,-0.4803306735805153,-1.46980510396147,-0.482931511569848,1.099947794358136,1.9732244049652974,1.2776739910950803,-0.3502454288142823,0.12214944469431245,0.45906541823023866,1.0901944480755505,1
0.3904080293748593,1.4697960731206219,0.27967722576327125,0.5985369837740325,1,0,0,1,0,0,0.08492935954125552,-0.33674264971583734,3.3482962627673034,-0.7410139112571692,0.979800999151393,0.3136925801122994,0.1304945861733577,-0.38000894790862616,0.04823055159167063,0.048140017941251605,0.28060173004831507,0.10922782590016283,-0.09252643968705858,0.47701111407742236,-0.4100852313800697,-0.11120865032849658,0.36025441421274385,0.1537070803203367,-0.23432195700141584,0.38137139103206524,0.29516798607115197,0.11075982437823247,-0.1776867484176424,0.2921880518310401,-0.21473094452615685,-0.38137139103206524,0.23432195700141514,0.4102278732177254,-0.40957446049198204,-0.09113678728281299,-0.1344157646506147,0.017827623793410803,-0.08799472517957138,-0.13859458152457876,-0.04256332662598434,-0.046252995675895824,0.4731143508735179,0.35171115073279,0.7350191379471587,0.5210020119186368,0.6176725260912207,0.2207718024881207,0.36909507656128593,0.6260729825722207,1.0283361423219313,1
2.215126656738738,0.1298722426046032,-0.8790386569529866,-0.8681093238500562,1,0,0,1,0,0,2.4446705793140278,-0.7181883331183798,0.5593827137788417,-0.526334889815611,-0.5715935200745454,-0.1455743177582296,-0.3330573915378045,-0.08315964752618256,-0.48306100046644934,1.2404778744465017,1.1869577456366416,1.075383378749179,-0.1399216171323192,-0.6727510411066443,-0.022533488610545452,-1.0138884191683526,0.1379640124580826,-0.5945343054842704,0.06934332478478145,1.3979208031972914,-0.20908050304086662,0.09156567180065082,-0.3584995119608543,-1.5390028263188387,-2.1235502343208306,-1.3979208031972914,-0.06934332478478215,-0.5646101035717058,0.11577027848446049,0.43652455776570404,-0.18609776662925942,-0.11871861809024475,0.5736101447550955,1.0032343553662626,1.0648000580046022,0.07776919801113909,-0.27629743884854874,-0.02767187758659086,-0.323273965644676,-0.4514683405679659,-0.9900233502002335,-0.857816301083085,-0.04248097655033679,0.793080546914203,-0.6418381130257917,0
0.6731109153044746,2.2943645842074014,-0.8790386569529866,-1.161438585374874,1,0,0,1,0,0,-0.4703038686405733,0.0208626784740462,1.5188713200822117,-0.6565310618489011,1.2120757623049707,0.5234259541154913,-0.0967121938196191,-0.3580335811026881,0.7980213013460089,-0.0954635670977173,-0.03953282839125899,-0.3674212454829046,-0.3543179555036268,-0.9850510319902088,-1.6532532362334884,1.306725383588704,-1.3396016717589312,-0.9852621122592843,-0.16027754582615011,-0.3421574382520592,-0.8497707249203347,-1.1647804729351066,0.22221113757922478,-1.1993609661968565,-0.9105220738442849,0.3421574382520592,0.16027754582614942,-0.9266927806649233,-1.535313186870074,0.018034525485845748,0.6924962670077037,0.06903246449978255,-1.033144539371952,0.6769975162545934,0.8433273810784847,-0.35630847989348147,-0.859173275299045,-1.1658209625447336,-0.41450612974742024,-0.24400799870415715,-0.685407289429221,-0.4771381468814831,1.2745623934068555,1.1827648637121608,-0.5181215015185524,1
1.5469198354505571,-1.0296772261111817,0.27967722576327125,1.478524768348486,1,0,0,1,0,0,0.097548296545388,-0.3431388425777702,-0.4128990739419065,-0.053578122921398304,-0.5041632957413881,-0.2224914613159034,-0.6107380292815955,0.8149386074922416,-0.3653931965098882,-0.10109467961585712,-0.20750343315707304,0.5526546728646348,0.028579769625340406,0.32587779507165465,1.6114453969732492,-0.1163704483867962,0.6099335476140455,0.32341382439981814,1.6643883009928626,-0.8969649934967807,1.1748593498627706,0.495781809592274,0.3825636624680899,0.7413720551094093,0.5855152779182415,0.8969649934967807,-1.6643883009928633,0.15955525061472892,1.2415090048625523,-0.4732363819731166,-0.4574282770171454,-0.20406001926752979,-0.37153966943728567,0.758556726032511,0.012804842605544792,-0.9764194483286528,0.6674062963570164,0.04820472807728505,-1.0531312784666302,-0.723760039264214,-0.4146374576327655,-1.0481553781838862,0.36909507656128593,-0.04195727479570725,-1.0129879475475077,1
-1.691313221561397,-0.5916252045963298,-0.4445202009343899,0.3052077222492148,1,0,0,1,0,0,-0.20530619155379135,-0.2204482340443305,-0.3617263482723934,-0.09003305109071949,-0.17485641370386676,-0.09996066285774861,-0.7428636968433916,-0.22668208004659074,-0.6327947023865773,0.7590019474057464,1.0568371900978144,0.4582609143346256,-0.6662763242688248,-1.0769867603779675,-0.03465562127406135,-0.47230821161269554,0.27786311800753904,0.5584604443821866,-0.11207882534413707,0.7361716451058063,-0.04314242745359756,0.27641102820247526,0.39042735346999574,-0.749838352839274,-0.8287121783147584,-0.7361716451058063,0.11207882534413637,-1.1216603760228097,-0.3345252120667762,-0.9281168518425269,-1.0000892977929163,-0.8526546682148961,0.006520256239666901,-0.8726274695258333,-0.9284540343304539,-1.0384305451721696,-0.1375174777889068,0.12408133374116129,-0.3597668312857729,-0.11434528503927678,-0.39771434314548676,-0.826093121566285,-0.4540570296619595,-0.15329565102369538,-1.0129879475475077,1
-1.1773079744166424,1.4697960731206219,3.6109853885725127,-1.161438585374874,1,0,0,1,0,0,-0.3062576875868511,-0.19137463012645378,-0.7199354279589849,0.6419587605631106,-0.893242824141407,-0.6432997874075955,2.926164315458486,-0.24727312382907735,0.017071255881761706,1.7110033860669673,2.1270872958085354,1.8040392790126405,-1.5821459798919832,3.441402320734523,-0.3016502785904545,0.5726671094663321,1.9196692582878332,2.3680468831972235,1.4363050701404856,1.0359845289758263,-0.6302940613110859,0.037203495480421296,0.5521382385273402,-0.4079440140289859,-0.4533807821888188,-1.0359845289758263,-1.4363050701404863,3.446151858076241,-0.18442671521636386,0.34554846379182197,0.6020527635450756,1.4174266031008858,0.5106001571422693,-1.1173050988595852,-1.648240234340335,0.8839134569768611,-0.6648813298155464,-0.1035484832504671,-0.40538291333714505,-0.07544647093981212,-0.2284831982727022,-0.8895394805998851,-0.4540570296619595,0.013711913318286572,-0.3944048900113141,1
-1.9740161074910114,1.907848094635473,0.27967722576327125,1.478524768348486,1,0,0,1,0,0,4.135608137867779,-0.7658690435436976,0.39307135535292426,-0.49798105679502797,-0.9272159060076293,-0.20415656081669045,-1.265058642308063,-1.963020534972624,1.3440447735415983,-4.149593312787188,-3.1145565026066224,0.09935319197454931,4.527469676830147,-1.9951457808293762,-2.621986603455321,0.9765392954703993,-5.711519662788356,-4.6852431153370775,-0.31054414497595056,0.4434998061064408,-0.23443131904787065,0.06765866925982278,-0.8560264163406931,-0.05761227226565003,-0.5251520017500663,-0.4434998061064408,0.3105441449759499,-1.8736782438317996,-2.435904167972547,0.4456221671630917,0.9121447754169449,-1.7402052404586603,-0.5605696322757617,4.673398795372537,5.549621765758477,-0.4803306735805153,-0.1375174777889068,0.19995793940503753,0.41570656358755365,-0.11434528503927678,-0.1269445113490324,0.6014499566897238,-0.04248097655033679,0.18071947766026855,-0.023255055489598248,1
0.2619067175886707,0.2587110724619126,-0.15484123025532542,0.3052077222492148,1,0,0,1,0,0,-0.6091121756860305,0.3371834891005448,-0.041896812837936774,-0.2983469263439834,0.8237320531539278,0.48988650198278466,0.6506273573134093,1.5746661141227454,0.03889653444220995,0.25023399592746265,0.370486640664595,0.39535252702080725,-0.653919288797154,-0.14201713610817138,1.3613449147242709,-0.461823638389693,-0.5315641187694663,-0.04899117794022324,0.271474372857786,0.26996871572628706,-1.0466150274326673,-0.7975132085683794,-0.5172610841038597,-0.865139865657714,-0.5294811277042363,-0.26996871572628706,-0.2714743728577867,-0.007559831120602114,1.5417059985633763,0.5729886987265271,0.22735824919990022,7.593435579547688e-4,1.2037100208833493,0.18764225758709038,0.06817301183707392,0.3258135853852078,-1.0812212129944723,-0.9381911455531051,-0.8341740846200435,-0.944186652494511,-1.176177609560296,-0.09645999267988113,0.03983423407198747,0.18071947766026855,-1.0129879475475077,1
-1.2030082367738797,2.9385587334939482,1.0038746524609323,0.3052077222492148,1,0,0,0,1,0,-0.48292280564470574,0.03481800835462702,-0.08027635709007157,-0.2763582395116944,0.5012802725768929,0.24035297811544765,-0.4137180547658656,-0.5080510242262649,0.09623415169002573,-0.09177954913671517,0.29232476263650864,-1.1526291685459125,-1.0627152240303004,0.7329138739237122,0.2505487751977025,-0.9828885027999064,0.9121414180643971,0.30605248446687056,-0.21462929445480164,-1.3591819916073982,1.307603933329853,0.948310237741007,-1.1192634651314797,1.0284520659689718,-0.08123582551546872,1.3591819916073982,0.21462929445480092,0.35452284597261524,-0.10937746679115769,-0.9463120706373036,-1.2455788071914804,-0.8867912286858101,-0.18250970659880966,-1.1988643086375024,-1.2606630497196296,-0.9144083514851348,1.6943780081983673,1.413983630027056,1.1911799584608802,0.3394742127878045,0.7530574419894479,1.109020828958526,1.5215080252738291,0.848749735028197,0.6571863078002155,0
-1.2287084991311177,-0.10203765113855341,-0.8790386569529866,-0.8681093238500562,1,0,0,1,0,0,0.29945128861150755,-0.4687368115029976,0.21396681550962854,-0.45284638382348746,-0.05671640769503281,-0.010522123837197696,0.6847171928365935,1.5667707040957932,-3.092461717100886,2.2225330301015958,1.293371685752604,1.16028636803819,-1.556427699902469,-0.829057666479436,0.6488546733593172,-0.266056977578796,-0.7594258149094311,-0.9348647924791391,0.18609969967169646,1.3979208031972914,-1.78050057636159,-1.5004335934416713,3.9601371613281007,-3.7555323760826944,-2.594160048793028,-1.3979208031972914,-0.18609969967169718,-0.6402097834043556,0.9949186171797318,0.9784821461529727,0.6721926233732368,0.3079883877961804,0.5646087179532634,0.8284646201278684,0.8037786887702496,0.22836757605968017,-1.5808290728091832,-0.9381911455531051,3.298642949234273,5.733443101246828,2.5299844631536863,-1.175048096251087,2.2623449208747504,3.910555081297868,1.3994859768436472,0
0.8273124894479005,-0.7719995663965628,0.27967722576327125,1.7718540298733036,0,1,0,1,0,0,0.2742134146032426,-0.46234061864106474,-0.7966945164632545,1.5764779509353917,-1.899172313466068,-1.5739077859164279,-1.3009257703194101,-0.32668973995548245,-0.6690845310656252,-1.47882797362582,-1.628823986988207,0.18754521650122388,1.3863281872734499,-0.3711449549878928,0.23823937469401177,-0.41842911178508424,-0.6174427810974761,-0.4542181707888275,-1.1515885432024495,1.3979208031972914,1.438125285717374,0.687054896220648,0.49418006423688166,1.385555493930259,1.6740953189292032,-1.3979208031972914,1.1515885432024489,-0.3696425082138195,0.19081952690966666,-0.07294156848803632,-0.2765412700918884,-0.4942207832702994,0.3215701943037938,-0.6279498401920818,-0.1532996650890431,-0.17027518936292965,0.25106641317809053,-0.4070549059059717,-2.5219691205208132,-1.9685220904470657,-1.4638705558440304,-1.7143421480366898,-2.429622084597749,-2.43573236369745,-2.1264374511126554,0
1.1871161624492292,0.6967630939767645,-0.4445202009343899,-1.6014324776621007,0,1,0,1,0,0,-0.11697363252486404,-0.2582439191375702,-0.11865590134220637,-0.2578414506002932,1.4861058737320346e-4,6.576935403711695e-4,0.4999911083390873,-0.4995796300273979,-0.8622207794767427,-0.39719669536215513,-0.12270338278150339,-0.2252789135068712,-0.6257172467268551,-0.09814481616109136,-0.6173627067006592,-0.820547888159617,-0.5686317460440682,-0.4891995372319618,-0.1227108960387,-0.18555039652161812,-0.7933149511816517,0.06722831353438218,0.35411319584805256,-0.027258395156211684,-0.31808772601052376,0.18555039652161812,0.1227108960386993,-0.3696425082138195,-0.8598699510432187,-1.1373618679824566,-1.3231018101594472,-1.4329761962204342,-0.24551969421163483,-0.13859458152457876,-0.09793149585751397,-1.534519319920306,-0.8869292675109735,-0.2553016945782196,-0.934529465133063,-0.6329961396987983,-0.6007917169928287,-1.206771275767887,1.0276167615398821,1.0157572993701793,-0.8892713360402683,0
2.3950284932394013,-0.2566442469673251,-1.168717627632051,-0.13478617003801185,1,0,0,1,0,0,0.059691485532990585,-0.33383528932404966,-0.5152445252809326,0.043056369209976894,-0.647750645376106,-0.29001755827641934,-0.4456177970269143,-1.2114000521576782,-0.27025398857901556,0.09207004999749638,0.5757757233547162,1.1896648451858027,0.07201888180805531,-0.5011243917604258,-1.2947687674975594,0.307430607808807,-0.010108881113791683,1.057768524313433,1.7556215933338128,-0.11864316273067908,0.1189248066274344,0.36561366093887065,0.6783843683027846,-0.13440449115193748,0.2841684465214683,0.11864316273067908,-1.7556215933338135,-0.4253475354589299,-1.1600669447440433,0.2727675886127153,0.3953247556304958,0.3762615087380082,0.9516700704320475,0.18764225758709038,-0.5408768497097485,0.20179139169817292,0.6951622885689447,1.1863538130354276,2.267719494873263,2.3751788173264257,2.1576759444335596,1.2993599060593275,0.12214944469431245,0.06938110143228039,1.9562107286262216,0
0.6731109153044746,-0.10203765113855341,-1.6032360836506476,1.7718540298733036,1,0,0,0,1,0,0.021834674520593164,-0.3187170152867538,0.9303849748828115,-0.5876717530846277,0.4640648127213491,0.20904948945825483,-0.9418519777510296,-0.6035044222285589,-1.006893190969268,-0.6032733813460674,-0.8143569253431692,-0.33750591773870114,0.5865013758940967,-0.8335471471275145,-0.3893910766608556,-0.4132563738483171,-0.5760205820365698,-0.6676587958861876,0.3186972389638403,-0.7763978591033001,0.4767976142586962,0.43824532674443933,0.9611739217517635,0.24381126936010258,0.40686502191967644,0.7763978591033001,-0.3186972389638417,-0.7317251853070371,-0.25947596364157,0.381938901381374,0.09815324425328795,-0.135786898325702,0.41608517572303205,0.6769975162545934,0.5664865349208381,-0.10826409251941274,0.3898463742377325,0.35171115073279,-0.14080963743918734,0.36540675552078095,0.4484413812184362,-0.7626467625326843,0.2044646553166367,-0.15329565102369538,-0.023255055489598248,1
-0.25209852955608386,-0.6431607365392533,-0.4445202009343899,0.3052077222492148,1,0,0,0,1,0,0.5392110916900246,-0.5286284355738237,-0.06748317567269331,-0.28098743673954474,-0.3827088334906285,-0.18939920187829953,0.5249001519367144,-1.294416220572027,-0.6303647450283874,-0.6550617892882941,-1.1266440194685623,-0.5453716200443341,0.6753633086007111,0.13848318676922872,-0.42824724474267234,0.6902727011092912,-1.9696939876870574,-2.194300404225761,-0.8822105547849768,0.13114384342216406,-0.5915156702322402,1.3476181966354637,1.5553872187670876,-1.068168624901906,-0.6776148550204203,-0.13114384342216406,0.882210554784976,-0.1561065704408964,-0.6847550380510711,-1.0403207010769815,-0.5737127814690962,-1.256603967120712,-1.7682610615215817,-0.08422177500596675,0.3819259708157405,-1.823904438523386,-0.6371253376036178,1.0346006017076752,-0.44187577897824326,0.37837302688726915,-0.093098282374475,-1.4288335323854886,0.4514102871836102,0.5704037944582268,-0.332546584257695,1
-1.5885121721324456,0.5679242641194551,-1.168717627632051,-0.8681093238500562,0,1,0,1,0,0,0.19849979257844777,-0.4390817355067634,-0.6687627022894718,0.3786731682291243,-1.1294950075277532,-0.6303311992496157,-0.8708519972056517,2.413958607428992,0.2840932684687659,-1.187099474971541,-1.6817895508054346,-2.1394140771599264,0.8526299066259396,-1.058028773118679,3.8598634877932017,0.06665291883839546,-1.432690919755464,-2.419628670790452,-2.349876562008964,-0.5873266710771624,0.1537710172751345,0.5534925628595506,-0.32138525972803383,0.1830630140436313,-0.1758876712063985,0.5873266710771624,2.3498765620089634,-0.8524194110047761,4.568692351713356,1.2340816482700714,1.0844181153457615,0.36488265524770414,-0.6655862782971376,0.5954383064766764,2.5966527400769133,1.7934095440151123,-0.026493508941193386,0.27583454506891375,-0.5969704579529088,-0.6589286824317738,-0.5500223735309933,-0.44541496736468245,0.12214944469431245,-0.15329565102369538,-0.8274130302866491,0
0.44180855408933456,2.3201323501788633,0.27967722576327125,0.5985369837740325,1,0,0,1,0,0,0.1480240445619179,-0.3972157458650209,0.12441454558798068,-0.38514437436617666,-0.01979399302497256,-0.00783896766658117,0.11145472485039427,1.3261245010893543,0.9180238886970207,0.3335971449362466,0.3575690380974033,0.6633066219676189,0.0188118636311257,0.1377470295636166,1.8308375416763103,0.6044601353020082,0.31306128835531843,0.05605466767705051,-0.01835909107355938,0.9228794432816189,-0.017345299097074912,0.013945362475922561,-0.6475452677658503,-0.14024200633412107,-0.41013078898442445,-0.9228794432816189,0.01835909107355796,0.4102278732177254,2.2921984828154374,1.0824548249802661,1.2739187892674588,1.3662217623945152,-0.08799472517957138,1.0032343553662626,1.1201682272361313,1.1939689411944467,-0.05424950115312168,-0.02767187758659086,-0.11343998820836432,-0.4255357978349895,-0.44848368660732285,0.1890486229713212,0.03983423407198747,0.5704037944582268,0.22417816752487937,1
1.8296227213801723,0.10410447663314094,-0.8790386569529866,-0.13478617003801185,1,0,0,1,0,0,-0.16744938054139394,-0.22800737106297844,1.4165258687431854,-0.648429966700163,0.786197294542179,0.32576678288007377,-0.46594820769251893,-0.8367134056601347,0.5936178025121713,-0.32664063593294923,0.05100508288863499,-0.3664643739239324,-0.4088741917303781,-0.34887062944642616,-0.05389699436028588,0.6894285185755016,-0.3499435022025081,0.0440743118003307,-0.43967950362031105,-0.06374491962016399,0.2993249029078144,1.0944225820369005,-0.11868624941272639,0.0942724395623399,-0.023279118674075686,0.06374491962016399,0.4396795036203104,-0.3696425082138195,-0.10937746679115769,-0.17301527185930607,0.2015172482105774,0.0519641842643253,-0.43454965705011084,-0.46483142063624716,-0.319404172783631,-0.046252995675895824,0.41760236644966076,1.2622304186993043,0.5251851605108457,0.37837302688726915,0.39767203775660004,0.37938770007212164,0.4514102871836102,0.45906541823023866,0.40975308478573785,1
-0.7404035143436003,-0.6946962684821769,-0.4445202009343899,1.7718540298733036,1,0,0,1,0,0,0.3499270366280375,-0.49315863879401406,0.07324181991846762,-0.33595915382026714,-0.17773570602513325,-0.11963714144226982,-1.086830147734684,0.8454353707527251,-0.3470980072293033,-0.9243799906591227,-1.0711830025829474,-1.8878528024235723,0.31614044592723883,0.20821838872719692,1.240743828829409,-0.12171871267253473,-0.8341277606265709,-0.9247062135124644,-1.643554298724186,-0.9447489169347935,1.7193131374580704,0.08256335176717314,0.3521790360065355,0.42167092243384485,0.4897947275445439,0.9447489169347935,1.6435542987241847,-0.14682239923337803,0.5660657690356972,-1.2101427431615621,-1.077612300760884,-1.2964299543367779,-1.0016395455655394,-1.0357458890816678,-0.4301405112466897,-0.9764194483286528,2.2772538446488637,0.5793409677244183,1.492246099999936,1.4805060930387524,1.5992131663533709,0.8552353928241243,0.6160407084282594,0.18071947766026855,1.2139110595827887,1
-0.8175043014153137,-0.8493028643109486,2.1625905351771904,-0.13478617003801185,1,0,0,1,0,0,1.5361071150164898,-0.662948485674414,-0.4512786181940413,-0.046055677426141556,-1.1769153282482447,-0.4742609486587543,1.4171138048355838,0.36673217482704284,0.8830409789940792,1.16756217913373,1.6315222420397357,0.3474771765626824,-1.1554588768178196,1.0943539786575582,0.8985562959694031,0.6771315056104444,1.0730573562761156,1.2156543199349423,-1.0299055238845727,1.4953651847184546,-0.8770656409037393,0.3968025527259685,-0.5266947395077739,-0.51327587318309,-0.9342089845256871,-1.4953651847184555,1.029905523884572,1.0044148304989031,0.8162299304530506,-0.02947521247829298,0.3235441973268221,0.7631425274083669,-0.31553079155921776,-1.2169885774770395,-0.9715181659549765,0.6220888258597909,-0.9023492631842669,0.15780426959177313,-0.5533817573260424,-0.7208786456272172,-0.8546384343020056,-0.47008855143330586,-0.5729567783386508,0.13742122023827333,-0.3875317449275787,0
0.4932090788038099,-1.5450325455404195,0.27967722576327125,-0.4281154315628296,1,0,0,1,0,0,-0.23054406556205628,-0.21347056910404008,-0.3745195296897717,-0.07556680975368728,-0.16508329654252002,-0.10577416789408443,0.06142655246988189,1.0181442107527916,-0.8471461117085358,0.1716776855596233,-0.6222700642379103,0.2508737162379318,0.8991709872398312,-0.5736205101477161,1.1549053747786369,-0.9363342907648319,0.16688341326836229,-0.2084995218146526,0.8615353283924961,-0.5122984218604396,-0.6585699714727441,-0.2404760301552918,0.21715145178441206,-0.06644674156686277,0.6054223578731597,0.5122984218604396,-0.8615353283924969,-0.6203151308168162,0.8662627627365218,-0.4277483349861756,-0.8192022908676594,-0.71610842633123994,0.19555021907814235,0.6769975162545934,0.2896456887631914,-0.728375060954584,-0.5538573609678327,-0.1035484832504671,0.41570656358755365,0.4691369264526849,0.4145951522438788,0.7600658542737248,-0.12479618717266176,-0.3759724034796717,0.22417816752487937,0
-1.2030082367738797,-1.41619371568311,0.27967722576327125,1.0385308760612593,1,0,0,1,0,0,-0.29363875058271866,-0.19718935091002915,-0.7583149722111197,1.1887826831029282,-1.1183632299907889,-1.0703688112307261,-0.11110508766083219,1.1663517027657737,-0.7804017557851396,-0.6339257017805023,-0.9285223181867402,0.12645054898116734,0.19585582572078786,0.10604625989695275,0.2328126066551124,-0.07390971914120284,0.6214673384070565,0.7334323734022585,0.5061221547512287,-0.3295023237687902,0.26045450237416956,-1.3676277570753306,0.992563203861096,1.472629100178887,1.923178450518159,0.3295023237687902,-0.5061221547512293,-0.03541234474315745,0.04072103005925432,-0.4823339913705056,-0.44450777652248397,-0.18699173903207253,-0.05648973137315825,-1.0357458890816678,-1.3160312189511594,-0.5423417704240322,0.029018475482663446,-1.3934507795363622,-0.7246954876967501,-0.1532440991387405,0.43151826673115745,-0.6992004034990842,-1.1948939252628807,-1.4336869776455579,-0.1469716669968365,1
2.08662534495255,-0.10203765113855341,-0.4445202009343899,-0.4281154315628296,1,0,0,1,0,0,-0.33149556159511606,-0.09601320927581818,0.6361418022831113,-0.536171933924793,0.6952252634855628,0.3405241418184647,0.13912979272524353,-0.2895043795484883,0.7886770844573514,-0.41223814968304656,-0.21341354509725713,0.9716696458967182,0.884830457695504,-0.4754488754321319,-0.6031230736534675,0.3811453168707603,-1.186943753074907,-0.6841047740295589,-0.2611143426240418,1.584211532575986,-0.6685262778676943,-0.20684160874026225,-0.6951337093510457,-0.62004596273172,-0.39044710088897994,-1.5842115325759867,0.2611143426240411,-0.6203151308168162,-0.7848207026180125,-0.8826288048555859,-0.5737127814690962,-0.972132629863095,-0.7180946013078251,0.18764225758709038,0.34501385799472056,-0.8523972546416179,-0.5816133531797613,-0.1035484832504671,0.3062279666642602,-0.11434528503927678,-0.3469449996836519,0.9186817518577256,-0.7833178721512579,-0.09762646290970158,0.47161139053935697,1
1.4698190483788447,-0.6946962684821769,0.27967722576327125,-0.4281154315628296,1,0,0,1,0,0,0.36254597363216995,-0.49432158295072914,0.46983044385719386,-0.5072394512507286,0.04828332722545116,0.011837510917940035,0.8479830094781955,0.5485959515645401,-1.4673865394732208,2.335083565713689,1.664272825677373,1.3728091631022448,-0.8931254750156892,0.21472479060343397,1.0733439236527587,-0.17566112285455054,0.7875321345887615,0.7737013517106227,0.4783555005605047,1.3979208031972914,-0.9645905361287201,0.3222872201311799,1.8294440694252405,-2.373643866487033,-1.4082674015516183,-1.3979208031972914,-0.4783555005605054,0.29881781872750485,1.1664597564373458,0.381938901381374,0.22735824919990022,0.5469443110925782,0.6051151385615076,-0.30171300108041293,-0.5408768497097485,0.2638024885416898,-0.9146852597229018,0.27583454506891375,-0.058700689746716966,0.8840576101803024,-0.24540631275998087,-1.0481553781838862,-0.37174181903963527,0.3477270420022505,-0.332546584257695,0
0.8016122270906633,-0.5658574386248675,0.27967722576327125,1.0385308760612593,1,0,0,1,0,0,0.24897554059497767,-0.46234061864106474,-0.4768649810287978,0.017017134803318904,-0.7045645085163756,-0.36872347261450417,-2.2233904817545307,-0.060744848022776306,-1.8608800079663772,-0.8051775687285863,-0.5089067258557534,-0.7023842833390708,-0.06459772946435699,0.3800198714410091,0.2253975437717087,-1.0907422609676924,0.7979460523784326,0.6905769481675414,0.5274811195133241,-1.4811177417461807,3.471389966111359,0.3091725215944973,1.4477945292494385,1.8789725960058108,1.3358176477993684,1.4811177417461807,-0.5274811195133248,0.02029268250195297,-0.18442671521636386,-1.1009714303929035,-1.4135453136220761,-1.091610591511294,0.16404522527173035,-0.709509049969999,-0.983822203561983,-1.0384305451721696,2.638081743403932,-0.02767187758659086,-0.8524205174405927,-0.06248019957332482,0.6853649840403343,-1.9998507636878915,-0.20711139779498602,-0.8213259083916238,-0.8274130302866491,0
1.0072143259485644,-0.30817977891024867,-0.15484123025532542,-0.4281154315628296,1,0,0,1,0,0,-0.2810198135785862,-0.2000967113018168,-0.15703544559434116,-0.2456898078771861,0.13559032629477505,0.03598591645348879,-0.3349666317773077,0.2435571755601242,-0.8895474312315872,0.04426033767334977,-0.1644421632535295,-0.4191128875504231,0.07363591539791439,-0.5410569356651406,-0.7927199890473541,0.28869629169780575,-0.1781284687552748,-0.0236570942377558,-0.7497849732599842,0.17200761631813533,-0.07483845955893847,-1.128419349911125,1.5061530699009902,-0.2364220011904201,0.1906863178998057,-0.17200761631813533,0.7497849732599834,-0.3696425082138195,-0.5596729573423944,0.7913313242638433,0.8346217724489774,0.7176271134471482,0.3845801819166189,-0.5463906304141645,-0.26403600355210183,0.5118468759157585,-0.026493508941193386,-1.0140677512169813,0.22411901897178985,0.9877877811122063,0.8207498999385615,-0.857816301083085,-0.4540570296619595,-0.4316415915936655,0.34789477903211874,0
-1.6656129592041589,0.5936920300909173,1.4383931084795292,0.5985369837740325,1,0,0,0,1,0,0.48873534367349464,-0.5140916336148853,-0.0035172685858019803,-0.307605320799684,-0.3070426611121534,-0.15764852052600398,1.1550917626122599,0.5604420990096689,-0.06129352278236032,1.6022521763610513,1.714669056146342,1.365272057455871,-1.1813031234569178,0.6680315744870878,0.9963578710046738,0.08569365323859447,0.8145093082065498,1.2437100954921925,1.4008254564523381,0.47274661909186166,-0.9386939359119572,0.22890507348254885,0.16990415622902946,-1.3568858342435306,-1.0149129108416932,-0.47274661909186166,-1.4008254564523388,0.744458036688388,1.0914105080121401,0.381938901381374,0.369483754641173,0.700558833211691,0.7941451013999841,-0.30171300108041293,-0.8730858650989243,0.2638024885416898,-0.7203933142394032,0.6552175733882943,1.2459192569225261,1.1563493088765513,0.4484413812184362,0.728342674756924,0.6983559190505837,1.0714264874841732,0.8427612250610729,1
1.3156174742354179,1.2378861793774645,-0.4445202009343899,-0.4281154315628296,1,0,0,1,0,0,-0.24316300256618875,-0.21172615286896748,-0.7327286093763631,0.6795709880393943,-1.0300250255853338,-0.688019056917871,-0.5142806312593272,-0.4532134679500009,0.12716970809361647,-1.454933417643944,-1.6504007699412542,-1.30175926773252,1.0741540328343577,-1.0577565927504797,-1.454528779512396,1.3059691987179274,-1.6315762107989018,-0.8327875334511944,-0.8773392119444982,-0.90531003275748545,-0.3417781875657826,-0.8350652929488287,1.1385278463477133,0.347678141288594,1.3325468934198037,0.90531003275748545,0.8773392119444975,-1.2052179168904753,-1.6103624352952797,-1.7741945257996306,-0.9871687972982559,-1.4841810369268051,-1.757759396919444,-0.9541866793037505,-0.7069813574043363,-1.9065859009814097,-0.6093693453916895,-1.0899443568808573,-1.3724438528262355,-0.6848612251647502,-0.5161761445564365,-0.9847090191502859,-1.0302635040182315,-1.4336869776455579,-0.8892713360402683,1
1.3156174742354179,1.6501704349208541,0.27967722576327125,1.0385308760612593,0,1,0,1,0,0,-0.19268725454965888,-0.22451853859283324,-0.6943490651242283,0.4278583887750338,-0.9110834054370003,-0.5033284738404333,-0.6028588855960992,-0.9042050460844592,-0.3774097991202757,-1.3378264007690297,-1.0741951948978943,-0.31308595068319595,1.5368446163119567,-1.051121276747347,-0.911845974490138,0.15483173078002224,-1.1829382081643096,-0.6914112755161618,0.5391776954544716,-0.9617617689328484,-0.21197803910792642,0.32758252236671803,0.6715227962192599,0.6343358802777694,0.7214778248571476,0.9617617689328484,-0.53917769545447225,-1.038102835155144,-0.9349191994684248,-0.4004555067940112,-0.26362076959722697,-0.6990401460957827,-0.2140147004052217,1.0032343553662626,0.7879592118469556,-0.728375060954584,-0.3595654154843339,0.04820472807728505,-0.6882026220556532,-0.2699405414371327,-0.008482709938082702,-0.857816301083085,-0.6186874509066087,-1.0440026608476,-0.7036964187794109,0
0.5960101282327613,-1.3904259497116478,1.0038746524609323,0.3052077222492148,1,0,0,0,1,0,0.33730809962390496,-0.4902512784022264,-0.054689994255315046,-0.28445933466043244,-0.2676757359598346,-0.1572013278309012,0.8006936290562542,0.4950072088777836,-1.0532586758058373,0.18387575737247297,-0.23815055531175006,-0.4189494930168414,-0.15270446697816792,1.208469637596832,0.3345062070152661,-1.3738871605918508,0.6329505423983469,0.029278767822547964,-0.38904162214375715,-0.18555039652161812,0.09410464067657964,-0.34431195401145037,0.05921579497894144,0.3792186375232168,0.33819240368746817,0.18555039652161812,0.3890416221437564,1.07868820015905,0.26586877533487285,-0.10933200607758836,-0.7933612898783374,-0.5283573437412127,0.7626401075935709,-0.30171300108041293,-0.1532996650890431,0.015758101167622184,0.1400424443303771,-0.2553016945782196,0.24236545179233895,0.2357440418559006,0.38074892326932136,0.15732544345452057,0.2044646553166367,0.1250502895462747,0.16231986177126023,1
1.7525219343084582,-0.5916252045963298,0.5693561964423357,0.7452016145364414,1,0,0,1,0,0,0.31207022561564,-0.4821106693052209,-0.23379453409861076,-0.21502137624267784,-0.41879934682925535,-0.2046037535117932,-0.4312728691728711,0.7208153615650699,0.5414697765221892,-1.2259374150728022,-1.1515367643729313,-1.5221713412262572,0.5123413194748223,0.18667402555964235,0.20119881164230008,0.9928969366718802,-0.8943155884429781,-0.9545460970952574,-2.1253023039389327,0.031788787753525546,0.7862179097567881,-0.7877851523696933,0.2575583428889789,0.7693743281804173,0.5651257148180172,-0.031788787753525546,2.125302303938932,-0.11896988561082296,-0.18442671521636386,-1.0463857740085747,-0.44450777652248397,-0.7502449868021539,-1.6947494093066184,-1.1173050988595852,-0.26403600355210183,-0.8523972546416179,1.2344215658292679,-0.39621539081113233,1.4870328334797787,1.4175270606872388,1.7080046166287328,0.728342674756924,0.1456680763006908,0.17276673650112656,1.5762239932825601,0
0.9558138012340891,-0.1535731830814779,-1.8929150543297122,-0.13478617003801185,1,0,0,1,0,0,0.26159447759911014,-0.46234061864106474,-0.8094876978806327,2.0393976737204222,-2.038539366728814,-1.9316619419986316,-0.6102428096400591,-0.7416349708760364,0.47880627388630953,-0.7435473684194124,-0.8174388002083763,-1.4076990295208118,0.1357835227149414,-1.5515449386230609,-0.9202415421456772,1.7177980641472255,-1.0977323448600846,-0.40842665203739986,-0.28338753067176975,-1.6388732784554128,-0.7017279396142225,0.09603949683753057,1.0716771741464859,-0.08400807723336941,0.6639613432078484,1.6388732784554128,0.2833875306717691,-1.4001855122483615,-0.6347222057676005,1.0551619967881019,1.9070233135058599,1.2467438007463156,-0.43454965705011084,0.5138790966987595,0.7325910426154264,1.0079356506638961,-0.6093693453916895,0.19995793940503753,0.33359761589508324,0.858125067447326,0.7699805564767266,-0.033013633646279864,0.9453015509175579,0.18071947766026855,0.2860364732784985,1
-1.074506924987691,0.8256019238340739,1.7280720791585935,-1.6014324776621007,1,0,0,1,0,0,-0.7605394197356201,1.511757087382764,-0.3361399854376369,-0.15252721366669866,1.2537853574543922,1.2805231869244549,1.3476992857361623,3.0376708214206447,0.6290042843574586,0.8802499702773393,0.009795500400380136,-1.3534354189535154,-0.6233093774000059,0.8479047605339441,4.524064696271429,0.4147354485101953,0.5343683194542682,-0.25653777552608653,-0.7497849732599842,-1.1022968805694087,-1.026792217285799,0.3628101650478959,-0.4431007996663388,-0.6592904425441903,-0.26319383703931054,1.1022968805694087,0.7497849732599834,0.35452284597261524,3.1177402154927045,-1.2101427431615621,-0.8450432918569822,-0.6136987449184976,-1.726254403113031,-0.5463906304141645,-0.26403600355210183,-1.0384305451721696,-1.0812212129944723,-0.02767187758659086,-0.97102233077416,-1.0219842806934394,-1.176177609560296,-0.15990635171348128,0.8629863402952329,0.3477270420022505,-1.198562864808365,1
-1.280109023845593,3.5827528827804955,0.27967722576327125,3.2385003374973924,1,0,0,1,0,0,-0.2684008765744537,-0.20067818338017435,0.15000090842273722,-0.40886901015890953,0.3591687724435641,0.16164706377736285,-3.360709578936396,-1.1538512299206214,0.0461820122171317,-2.198937613419679,-1.8746987609047414,-2.899021521383459,0.9286408094676931,-0.4187932035741581,-0.34355850210767575,1.054130592611546,-0.6954031396447345,-0.05494963789750438,-1.6831717333635567,-2.284570358939707,4.254695243731466,1.2395276588691089,0.9961672278004127,2.281073002673905,2.3835525780291067,2.284570358939707,1.683171733363556,-0.5646101035717058,-0.5596729573423944,-0.8371407578686448,-0.22485926811324272,-0.47715250303484213,-1.0016395455655394,-1.4435419379712537,-0.983822203561983,-0.790386157798101,5.219389019113272,1.9451198696741894,1.6382175625643265,2.012123219064761,3.0884472412338746,0.664896315723324,-0.7010026615289333,-1.4893561657595522,1.5850608941045057,1
0.930113538876852,0.0783367106616796,-0.7341991716134544,-0.4281154315628296,1,0,0,1,0,0,0.17326191857018283,-0.41873021276424965,3.770471249540786,-0.7514296050198324,0.9824467911593135,0.2586878786146606,0.6866077042194089,0.2572641944792664,-1.0116262488308556,0.6381391644923634,-0.44108410457006053,-0.3408570090195845,0.38684736328452124,0.0232121479085966,-0.33098786430713667,-0.780374553205149,-0.09109342461789323,-0.5598400015098236,0.19300882026008395,-0.656312104546159,-0.9315514219119305,-0.684679557115866,0.5987258048955628,-0.9524115224463955,0.02685614100105861,0.656312104546159,-0.19300882026008395,0.32667033235006016,0.04072103005925432,1.237114184735866,0.5762117625557528,0.512807750621665,1.140700033270523,1.3294711944779316,1.3416409041622488,1.069946747507413,-0.8314172830871166,-0.5588081172337243,0.34272083230535716,0.6117659114840535,0.1607484349347019,0.47455723862252236,0.5337254978059351,0.23638866577426285,0.038603250264021984,1
0.9558138012340891,-0.6173929705677911,1.4383931084795292,1.0385308760612593,1,0,0,1,0,0,-0.5081606796529707,0.059821307724000995,0.31631226684865466,-0.48177886649755186,0.8205596269779227,0.418335670766344,0.3544892884119065,2.0627525987113255,-2.320525890966948,0.688849185849082,-0.7407131422755341,0.05898907294525787,1.1346341353743283,1.0939184307401142,3.237945809193075,-1.6640155455577041,0.7780854817326803,-1.2606877066933047,-0.01835909107355938,0.0986623829151082,0.6001044219849956,0.4125103538856174,1.5000614847912934,-0.15905456474101856,-0.26785281053497934,-0.0986623829151082,0.01835909107355796,1.07868820015905,3.1177402154927045,0.16359627584405784,-0.7416792878996918,-0.42594766232847037,-0.08799472517957138,1.0032343553662626,1.1201682272361313,-0.6043528672675491,0.9727222106882286,0.8828473903799233,1.3189049882047215,2.02508949043125,1.8192136546879905,-0.826093121566285,0.36909507656128593,0.45906541823023866,0.8427612250610729,1
0.13340540580248203,1.4955638390920825,-2.327433510348309,0.5985369837740325,1,0,0,1,0,0,-0.571255364673633,0.18600074872758593,0.9687645191349462,-0.5928795999659593,1.2514877036122831,0.6012374830633705,-1.3324170455455515,-0.4989728813228436,1.5053458841608023,-1.6462362600554727,-0.3932974133879039,0.12712108037725395,0.3275824363939391,-1.2423273108405346,0.5798911524626241,0.8440264476419969,-0.8159596082671322,-0.3937072469671851,1.4494276669840473,-1.2641467209678323,0.6114395253625862,1.2657781653898694,-1.209693070753555,1.4148674009842552,0.12692740175890407,1.2641467209678323,-1.449427666984048,-1.2330704305130304,0.26586877533487285,-0.6733837887156574,-0.173177266134598,-0.47715250303484213,-0.9386295579527137,0.8401159358104279,0.17890935030013266,-1.1624527388592034,0.3620903820258042,0.8828473903799233,-0.6060936743631827,-1.0868156375258795,-0.5500223735309933,-0.1916295312302808,0.5337254978059351,-0.04195727479570725,-0.8892713360402683,1
0.05630461873076867,-1.0554449920826439,1.4383931084795292,1.0385308760612593,1,0,0,1,0,0,0.791589831772674,-0.5809609226260017,0.41865771818768077,-0.5008743050624344,-0.17892513204642316,-0.059713320298500704,-0.027911325806102835,-0.12650909008128536,0.31696463663157215,0.9594885041437548,1.6209823602031928,1.1836913773294921,-1.4425516295404859,1.17495360901629,0.21885183308842848,0.3920440541061455,0.7032401094302217,1.2327324200052499,1.37244176550182,0.2532428274968747,1.2128111800433838,0.3928786584284995,-0.03933481086131001,-0.5988862135438796,-0.9038331812011067,-0.2532428274968747,-1.3724417655018208,1.0353620678572977,0.14912550000677452,-0.14066821622414813,0.07949029909433268,0.36488265524770414,0.1745468898738673,-0.22015379130249568,-0.786957601849879,-0.06692336129040147,0.9449662184763004,0.19995793940503753,-0.43275256256796935,-0.38663698373552574,-0.5838686025055501,-0.6992004034990842,0.5337254978059351,0.7374113588002092,-0.6418381130257917,1
2.0095245578808356,0.38754990231922204,0.27967722576327125,0.3052077222492148,1,0,0,1,0,0,-0.016022136491804253,-0.3024357970927428,0.06044863850108935,-0.33248725589937944,0.056027853698337536,0.024358906380817166,0.9337780093327885,-0.1478648746765423,-0.17657175942990055,0.8144395131965072,0.7462979621100262,0.5972812623403126,-0.24138251688516482,1.7124717694239375,-0.26213271094475915,-0.37284570615880686,1.2628979386580172,0.9464231441658708,0.3242026962602782,0.4930801176436292,0.4126405619147082,-0.05964961444589591,-0.1332944672571427,0.15201273874139637,-0.04622590744594211,-0.4930801176436292,-0.3242026962602789,1.217950768271826,-0.4846237089171882,-0.8098479296764806,-0.8579637923516437,-0.3747428216220998,-0.2770246880180474,-0.46483142063624716,-0.6516131881728072,-0.6043528672675491,0.4731143508735179,0.04820472807728505,0.33359761589508324,0.20981149912292413,0.2622871218583729,0.1890486229713212,-0.20711139779498602,0.013711913318286572,0.16231986177126023,0
0.6731109153044746,-0.8493028643109486,1.0038746524609323,1.7718540298733036,1,0,0,1,0,0,1.8894373511321991,-0.6926035616706483,-0.7455217907937414,0.8618456288860002,-2.1033402180397163,-1.1987131147252168,0.09845919425910368,0.2941734087951167,-0.07654940163683593,-0.04416340606079953,-0.4924157172526935,0.5377448471434869,0.22004283462770066,0.9115254719490674,-0.45381530253652613,0.3008031998259578,0.3537596667322943,0.12156878467818559,0.30418285154596364,0.43173498641965286,0.7738756050146648,-0.8583844433441121,0.4069238029327759,0.410443942312283,0.7588528057576248,-0.43173498641965286,-0.30418285154596436,0.9672781456688292,-0.3345252120667762,0.33645085439443295,0.44700675760914055,0.5810808715634928,-0.2140147004052217,-0.05703537174666111,-0.2086678343205727,0.2638024885416898,0.5008703430854462,-0.9381911455531051,-0.6060936743631827,-0.32180562690308556,-0.14386762583630988,-0.3819686083310823,-0.7010026615289333,-0.5986491559356475,0.038603250264021984,1
0.72451144001895,-1.5192647795689571,1.0038746524609323,-0.4281154315628296,1,0,0,1,0,0,-0.36935237260751347,-0.0727543261415168,-0.16982862701171944,-0.24337520926326098,0.23757232359770375,0.13213234590058104,1.5666574286549446,-0.35763047026801703,-1.0924686688553273,1.8002050294779146,1.5319805703489577,9.559738488357727e-4,-1.0944991044112964,1.5345121544331155,-0.9235469366883207,-0.16572856950473502,1.688612351776484,1.343224728762037,-0.1602775458261487,0.16026515284228104,-0.6452088271106416,-0.4343300031389764,1.3269000386923375,-0.7575617527549021,-0.6802522615239537,-0.16026515284228104,0.160277545826148,0.8001630639334981,-1.1600669447440433,-1.4193877593014905,-1.2714198081808024,-0.6649035856248688,-0.844114576533476,-1.2804235184154193,-1.3713993881826885,-0.9144083514851348,-0.3318094232724056,0.04820472807728505,1.6655872117951496,2.2455161036615454,1.7007518532770418,-0.3502454288142823,0.7806711296729086,0.9600881112561845,1.0283361423219313,1
1.726821671951222,2.371667882121788,-0.8790386569529866,0.3052077222492148,1,0,0,0,1,0,2.078721406194186,-0.7001626986892963,-0.42569225535928473,-0.05242082361443573,-1.272596654221989,-0.4979621614992003,-1.408845655139396,0.18007323020910612,-0.584910773882519,-1.6096202992911073,-1.5692002963666511,-1.7226841978784289,1.029897612061351,-1.5636710516107075,0.5045528523233778,0.20155627857614428,-1.903388203250252,-1.6885915142415289,-1.7152101805067,-0.6484112087471453,0.39663248798171585,0.2582938116088119,1.0021372444799408,0.2871260199639512,0.39145628238862124,0.6484112087471453,1.7152101805067,-1.5394480803611372,-0.03432821836595151,-1.2829236183406676,-1.0000892977929163,-1.5865907183395476,-1.222174502210428,-0.7910682597479163,-0.04256332662598434,-1.720552610450858,0.3898463742377325,0.27583454506891375,0.10551720563822252,0.6117659114840535,0.7022880985276131,-0.6992004034990842,0.03983423407198747,-0.26463402725168356,0.16231986177126023,0
-0.25209852955608386,-0.8235350983394863,1.0038746524609323,1.478524768348486,1,0,0,1,0,0,0.980873886834661,-0.5984050849767277,1.7363554041776421,-0.6721546024928958,0.21474758056050192,0.059239936598832026,0.15401369195272469,1.0806522375350096,-0.4621928825979348,-0.36437449775499997,-0.7844567254049308,-0.7227576889643487,0.9307746418276726,0.22243364143401348,1.3952530461207981,-0.20516713774540465,-0.11345771703538463,-0.6102740074012308,0.39760879354609974,-1.3800988454323733,0.008093285895996285,-0.08549523766290727,0.42565996687380403,0.37974370893010945,0.42401837452158725,1.3800988454323733,-0.39760879354610046,0.29881781872750485,1.4666567501381707,0.35464607318920965,0.188596747715916,0.13730558544161034,-0.08799472517957138,1.0847935651441794,0.954063719541543,-0.046252995675895824,-0.1375174777889068,-0.2553016945782196,-0.5422311594912614,-0.2569742700706454,-0.093098282374475,-0.635754044465484,-0.12479618717266176,-0.7099875321636356,-1.0129879475475077,0
0.930113538876852,1.7274737328352407,-0.4445202009343899,-0.13478617003801185,1,0,0,0,1,0,-0.07911682151246661,-0.2727807210965086,-0.8350740607153893,3.786919627233914,-2.2502305207026274,-3.1363990626054523,-0.2547276100322767,0.8620157658827653,-0.9512766463110349,-1.4857614463089528,-1.74508507291086,-0.0203958267621136,1.990876714279471,-0.39041677597871915,0.07362766480256727,-0.672683169384473,-0.3854539471680148,0.1780578124552241,0.6912331826893887,-0.7133741297612556,-0.03589489990995091,-1.109385112992421,0.6244453315496318,1.6249583247778498,2.4425348597307575,0.7133741297612556,-0.6912331826893894,-0.3417899945912644,0.11577027848446049,0.15449866644666885,-0.22485926811324272,-0.3576745413866426,1.1722050270769362,0.4323198869208419,0.12354118106860354,-0.17027518936292965,-0.3040534310604773,-1.2416975682086098,-1.0713777112871794,-0.6329961396987983,-0.008482709938082702,-0.28679906978068154,-2.182676452730775,-2.547070739925439,-0.7036964187794109,0
2.8576332156696815,-1.6996391413691911,-0.4445202009343899,-0.4281154315628296,1,0,0,1,0,0,0.8673034537974689,-0.5867756434095771,-0.2210013526812325,-0.2167573252031217,-0.6651349301397209,-0.2837568605449808,0.5321075855561849,-0.4233356205533316,0.41786631341953223,-0.09063805589760944,-0.2983585424951036,0.13266705724495687,0.06942706259771958,-0.33826174738284054,-0.5533741888032058,-0.03547557320685451,0.06135592770101825,0.09230344947735498,0.09840925777350726,0.08334093927970501,-1.0778957030190375,0.02668331029504661,-0.6068867788705157,0.18328565366167482,0.4779970706470803,-0.08334093927970501,-0.09840925777350797,0.18740776423728422,0.11577027848446049,2.4652914533832737,2.062069319441795,1.9977481311064238,1.833809897011603,0.5138790966987595,0.5111183656893089,2.3721797812212735,-1.0812212129944723,-0.17942508891434333,-0.6060936743631827,-0.8015576674631424,-0.685407289429221,0.37938770007212164,-0.8656330827735822,-0.9326642846196119,-0.8274130302866491,1
-1.9740161074910114,0.2587110724619126,0.27967722576327125,-0.13478617003801185,1,0,0,1,0,0,4.135608137867779,-0.7658690435436976,-0.630383158037337,0.3381676924854341,-2.042729560109699,-0.8503500052401709,-0.32655833805664775,-2.4616095234863926,0.7984237450878806,-0.9548501528265024,-0.9221584752877026,-0.4527288329945311,1.0313278865207212,-1.1890940888824129,-1.8918881041663387,0.39639513530736786,-2.3526824953365746,-1.814445697838217,-0.604544012877736,-0.01788874008079301,-0.7340414845639136,1.4833843523579051,-0.6931331241061358,-1.0429387347208952,-0.5726018892644635,0.01788874008079301,0.6045440128777353,-1.038102835155144,-1.685411683720486,0.8095265430586199,0.9121447754169449,-0.20406001926752979,0.2270552128845555,1.8188264531454346,2.5043724580243647,1.069946747507413,-0.49834537654397587,2.020996475338066,1.2459192569225261,0.6376984542170299,0.1438253204474232,1.8069307783281299,0.7806711296729086,0.848749735028197,0.8427612250610729,0
2.934734002741394,-0.6689285025107157,0.27967722576327125,-2.334755631474145,0,1,0,0,1,0,-0.06649788450833415,-0.28033985811515655,-0.10586271992482811,-0.26304929748162476,-0.033244580341518795,-0.012310894617608715,1.9734184111867519,1.9327648611996622,-1.5163650722547684,1.878295315232901,0.2471573704885454,1.2444379716242284,0.06907959121230038,1.271586495886135,0.9287082563961306,-1.1371038584534843,0.9706789943854681,0.0016246383044474545,1.36621119919561,0.3422733367180179,-1.4735320950429134,-1.7224208840255086,0.9302421364352,-1.5749471185230204,-0.3197305433117005,-0.3422733367180179,-1.366211199195611,1.7471485271003746,1.4666567501381707,1.3826759350940767,0.47284775859846334,0.8712416355662611,1.424244977528238,1.3294711944779316,0.6772228733838963,0.9459245538203791,-1.3865371273256843,-1.6210805965279906,-0.0951935553878152,0.39133929825375646,-0.29617565622181696,0.030432725387320277,-0.04248097655033679,0.1250502895462747,0.038603250264021984,1
-0.7661037767008384,-0.10203765113855341,1.7280720791585935,-0.8681093238500562,1,0,0,1,0,0,-0.7731583567397526,1.581533736785668,0.21396681550962854,-0.45284638382348746,1.8459492970730216,1.5662793190951152,2.0708378794395856,1.518454251979079,-1.1718810815503424,3.8512371145364286,3.5672337338057827,-0.3797542566874425,-4.378375503334926,1.4915186977053199,0.8124696169076437,0.4976101258170925,1.834067281716993,2.1145248696215426,-1.1334326641296226,0.6061852033378367,-1.3892425724256352,-1.2702118878945778,2.1020508838365295,-3.38414315946669,-2.5731565863471975,-0.6061852033378367,1.133432664129622,0.35452284597261524,-0.25947596364157,-2.365539136629864,-1.8270013294512357,-1.2110885531594928,-1.5687294340809674,-2.585370874862095,-2.7002354497393926,-1.8445748041378918,-1.0257092285706153,-0.5588081172337243,3.7091876876966223,4.760972748760225,2.1069066009717248,0.41111087958892223,3.908649133321241,5.023938843577749,1.708777505611744,1
2.960434265098632,0.18140777454752677,-0.15484123025532542,-2.041426369949327,1,0,0,1,0,0,-0.7983962307480176,3.2241923581457024,0.40586453677030254,-0.5008743050624344,2.2903710822042025,2.8667156764539254,1.560810396013996,-0.715329460749742,-0.15835418622044495,1.2092518398500607,1.7894994432901654,1.2082051006293348,-2.0495808179910218,0.7469366104668352,-0.44874948173998697,0.5855688954773516,0.9586898077372528,1.836126100894134,2.0459093416913814,-0.38126032008238236,-1.4240145897023824,0.5322647543684333,0.8049157453657302,-0.6830008186172206,-0.5338171541634749,0.38126032008238236,-2.0459093416913823,0.1317027369921738,-0.8598699510432187,-1.6286327754414192,-1.1422148032341901,-0.767313267037611,-0.7811045889206503,-0.709509049969999,-1.4267675574142176,-1.1624527388592034,-1.3865371273256843,0.19995793940503753,-0.7429419205172992,-0.2569742700706454,-0.4992530300691578,-1.175048096251087,1.1922471827845313,1.0714264874841732,-0.8892713360402683,1
0.6731109153044746,0.4133176682906843,-1.6032360836506476,0.3052077222492148,1,0,0,1,0,0,0.021834674520593164,-0.3187170152867538,0.022069094248954552,-0.3174423649088659,-0.0016899201829646338,2.1050084526841485e-4,0.04946859254373151,0.5743810632966305,-1.3183090303672433,-0.18956962677820186,-0.859239161860257,-0.7789185434660404,0.8734352027304697,-0.7676237540563194,-0.5117326418833765,-0.3308283492719974,-0.7148043006074359,-0.6605316141157315,0.1590389773671773,-1.2200849136713057,-0.8357878925493926,-1.300998562027122,1.4697220220719867,-0.4526913727696692,0.47217243334820824,1.2200849136713057,-0.15903897736717798,-0.5089050763265954,-0.10937746679115769,1.409968763286241,0.9896677783849125,0.615217432034406,1.2037100208833493,1.0032343553662626,1.009431888773073,0.9459245538203791,-0.4150773999081907,-0.7864379342253526,2.5961552856431416,3.2179864561481484,2.7499849514883055,1.1724671879921262,0.8629863402952329,0.29205785388825667,2.3273605631479377,0
1.8296227213801723,-0.7462318004251005,-0.8790386569529866,-0.4281154315628296,1,0,0,1,0,0,-0.16744938054139394,-0.22800737106297844,0.34189862968341117,-0.48814401268584606,0.36589472326343736,0.20189440633661077,-0.14190212237644206,-0.8476409171031543,0.995356649785036,0.08421857583346275,0.25444537619194973,0.12000467609243486,-0.31919185492997654,-0.1926314542480176,-0.17298795126243346,0.9196501590751031,-0.15223217207090373,0.3092812969157574,-0.7989105922128049,0.9560218637408522,0.004843276067676153,0.9901182281399259,-0.43652616575405356,-0.26472467855214027,-0.02883846103905462,-0.9560218637408522,0.7989105922128042,-0.14682239923337803,-0.10937746679115769,0.1817914946388332,0.6408142650290589,0.5469443110925782,-0.30852968182446,-0.7910682597479163,-0.5408768497097485,0.44983577907224165,0.08453045990652028,1.0851850054835932,0.36400833726266424,0.07150460454705224,-0.03668790075021307,0.834086606479591,-0.3443034154988601,0.10649389350827677,0.8840000955634856,0
0.8016122270906633,0.6452275620338409,-1.168717627632051,0.5985369837740325,1,0,0,0,1,0,-0.7479204827314877,1.511757087382764,0.5210031695267069,-0.5193910939738356,1.789891857063908,1.5640433556196014,-1.687135391247373,-1.1970982227449198,0.15218562737560723,-0.7388761820286059,-0.6769475416228763,1.0591343554427264,1.1683434786746865,-1.2262704771902395,-0.8669951164852021,0.5194021164362737,-0.7420120407690516,-0.24699604348529328,0.1590389773671773,1.286800017252106,1.1207278188543843,0.7745182041547215,0.31390618519815094,0.2624076156649133,0.6389213956844122,-1.286800017252106,-0.15903897736717798,-1.17736540326792,-0.8598699510432187,-0.23669853764102378,0.05939174276930372,-0.23819657973844427,-0.30852968182446,0.5954383064766764,0.5664865349208381,-0.10826409251941274,1.1115021717478706,0.8069707847160468,0.20587258615124074,0.3394742127878045,0.43151826673115745,0.28421816152172197,-1.1125787146405561,-0.7099875321636356,0.5334696962929761,1
-1.2030082367738797,2.088222456435707,0.27967722576327125,-0.4281154315628296,1,0,0,1,0,0,-0.29363875058271866,-0.19718935091002915,-0.34893316685501513,-0.09292629935812594,-0.058907015897836174,-0.07983699157812466,0.502822222881299,0.2937728378311407,-0.3329559363712582,1.3605492018167542,1.0338016713801983,0.6172441741132213,-1.7250799837224962,0.2725335332568487,0.06401191830461991,-0.15311641295050443,0.7068374206049151,0.7594315658312462,1.0187373090415193,-0.16852382448162845,-0.42687424570092536,-0.3390867048452644,0.3012946905847218,-1.1371263096390851,-0.6025556915549378,0.16852382448162845,-1.01873730904152,0.29881781872750485,0.11577027848446049,0.1817914946388332,0.07231224326396513,0.3591932285025509,0.4790951633358572,-0.5463906304141645,-0.983822203561983,0.07776919801113909,-0.4150773999081907,-0.3311783002420958,-0.040454256926167845,0.11904759955750843,-0.3469449996836519,-0.033013633646279864,1.2745623934068555,1.2941032399401495,0.038603250264021984,1
0.5960101282327613,1.6501704349208541,1.0038746524609323,1.0385308760612593,1,0,0,1,0,0,0.33730809962390496,-0.4902512784022264,-0.6943490651242283,0.4278583887750338,-1.3065591145517514,-0.7076955355023922,0.8994847272780933,0.27656652553852584,-1.3151629779477292,-0.11555366838822664,-0.5302572748993237,-1.3313194408486952,0.4115078336436712,1.0273997836752047,0.45796534387634513,-1.2000218401909257,0.49347795182653936,0.014078684424505973,-0.4019224822967764,-1.417139107414103,-0.22418965080034106,0.0791833922694432,0.5919656293483173,0.6454298408169414,0.7031055223777417,1.417139107414103,0.40192248229677574,1.245803281894381,0.7161642658861095,0.7731361054690666,-0.031051760693324323,0.17144214591252482,1.3927399837218248,0.02452383803125581,0.2342775195316623,0.6978801664463103,-0.3318094232724056,-0.1035484832504671,-0.5148615102604385,-0.1532440991387405,0.10997909147286698,-0.6992004034990842,-0.28942660841731066,-0.8769950965056176,-0.5799798072721716,0
-0.5862019402001745,1.8047770307496258,0.714195681781868,-0.8681093238500562,1,0,0,1,0,0,-0.21792512855792381,-0.2187038178092579,0.03486227566633282,-0.31859966421582847,0.22349099186228205,0.07802202979314772,1.477767366130283,-0.786891876624573,-0.15680236036024045,0.7215300416618466,0.6680963351295601,0.5632554498838965,-0.37148957542509314,0.7775612419847486,-0.7384077431762726,0.32932063934135386,0.7979460523784326,0.6539379553140491,-0.06904425348519984,0.8366905045627424,-1.2779414641839217,0.34031312838958666,0.5452895624992922,-0.18351089066997564,-0.23011482166222785,-0.8366905045627424,0.06904425348519913,1.1900982546492709,-0.3720498362793791,1.3553831069019124,1.3482116671117614,1.673450806632741,0.6208676354647141,-0.01625576685770265,0.012804842605544792,1.5350299738337914,-1.0812212129944723,0.8069707847160468,1.3280282046149967,1.454573550305776,1.2776739910950803,0.2524949820049213,0.03983423407198747,0.514734606344233,1.3376276710900281,0
0.930113538876852,0.9544407536913834,-0.7341991716134544,1.478524768348486,1,0,0,1,0,0,0.17326191857018283,-0.41873021276424965,-0.5280377066983108,0.062151807774859416,-0.751157485567474,-0.37006505069981244,-0.6908562876043427,-2.391264525732792,0.3625016617042677,-0.7327300415951361,0.04749739704607687,0.18309199881843374,-0.03798229633468761,0.21835100902289883,-0.1331180460456381,-0.9986900833469067,-0.062372741104557775,-0.6006218220939644,0.2792118624399347,-0.027203276549727037,1.17882624068476,3.148730870278315,-1.4991391358864528,0.9280232720056644,-0.6481392501134876,0.027203276549727737,-0.2792118624399354,0.5494904413305014,0.26586877533487285,1.273504622325418,0.47284775859846334,0.4274663494443799,1.3297299961089997,1.3294711944779316,1.2862727349307197,1.069946747507413,1.1670141561717275,3.0832689546323317,0.20587258615124074,-0.62002986833231,-0.24540631275998087,0.2524949820049213,0.5337254978059351,0.5704037944582268,-0.2706882785040748,1
0.3904080293748593,0.6709953280053031,0.27967722576327125,1.0385308760612593,1,0,0,1,0,0,0.07231042253712305,-0.33674264971583734,1.9026667626035596,-0.686620843829928,0.7118913981583822,0.2716564667726405,-0.28527024505295595,0.20493637668142886,-0.05921999213280857,-0.08766636412801448,-0.0960389952632341,-0.8309808194830836,0.14146523639351416,0.35932126009224763,-0.16128425399986382,0.18943100832857176,0.34065080443828327,0.1941067950050279,-0.5505532963957722,-0.5873266710771624,0.7557047893247713,-0.4428526335847105,0.2713156078404452,0.4562151086297106,0.31436290294496266,0.5873266710771624,0.5505532963957714,0.6609004958207222,0.19081952690966666,1.127942871967207,1.06719078135288,1.178470679804488,0.5106001571422693,-0.13859458152457876,0.12354118106860354,1.2559800380379649,1.0837461795359422,-0.1035484832504671,1.145563876409508,1.130416766143575,1.2776739910950803,0.47455723862252236,0.12214944469431245,-0.15329565102369538,1.0901944480755505,1
2.0095245578808356,0.7225308599482267,2.8867879618748513,1.0385308760612593,1,0,0,1,0,0,-0.6595879237025604,0.3895159761527229,-0.38731271110714993,-0.06978031321887439,0.6284536456680264,0.3534927299764446,1.9127763388808925,-0.03181407581282889,1.8769628776629952,0.2103992434244193,0.7556450890458025,1.4044051684350687,-0.30921702349801916,4.5690797794513545,-0.8219161655531758,1.9950289873637568,2.294139794743751,2.7299873348592656,1.9236829213303015,0.007555847346540335,1.9056086184502627,-0.7797117541317428,-0.5610593999554306,1.990593945575599,1.682925659363291,-0.007555847346540335,-1.9236829213303022,4.198169725885231,-0.7848207026180125,-0.082039177885424,0.9509062769009282,1.9636115706355104,-1.222174502210428,-1.1173050988595852,-1.7589765728033937,0.2638024885416898,1.1670141561717275,-1.0140677512169813,-1.2264723902618437,-1.2813097080232,-0.5669454880182719,-0.2550758902638815,-1.4418395571298541,-1.6006945419875402,-0.5799798072721716,1
-0.8432045637725518,2.371667882121788,0.27967722576327125,0.3052077222492148,1,0,0,0,1,0,1.3089662489421054,-0.6350378259132524,-0.42569225535928473,-0.05242082361443573,-1.0707561904610863,-0.44787657964769173,-0.5334637137920335,-1.3247569904987486,0.05169515863499101,-0.718920055780298,-0.1921705407719437,-0.9878992919456937,0.048408895965246404,-0.6383070097014873,-1.5158995318354982,1.11413036675213,-0.597476724859306,0.1091510679576089,-0.6392523306161405,-0.7133741297612541,0.1040054368228214,0.29967567093000264,1.048924558610828,0.3787669216805255,0.356395888070236,0.7133741297612541,0.6392523306161398,-0.48105256270404034,-1.3101654415944555,0.7276480584821255,1.248077788278137,0.9053781960371756,0.038025250046078915,0.18764225758709038,0.5664865349208381,1.4420133285685155,0.1400424443303771,0.35171115073279,0.20587258615124074,0.7284623537824456,0.854596128913119,-0.794369942049485,0.28677986593896093,-0.04195727479570725,0.2860364732784985,1
2.8576332156696815,2.0366869244927823,-0.4445202009343899,-0.4281154315628296,1,0,0,1,0,0,0.8673034537974689,-0.5867756434095771,-0.5536240695330674,0.07777534841885421,-1.1482900723690614,-0.511377942352283,-0.7610499513384357,0.932270063412043,0.11083180301024531,-0.45291308874615904,-0.28286546754677666,-0.6008979058722614,-0.4055475653935886,-0.3066542395820302,-0.059766488910221294,-0.029396207803320605,0.21527714232305917,0.1980846641842956,-0.16027754582615011,-0.6605917564372907,0.7518531803523552,-1.33944267600507,-0.181051141485248,0.8253214926153183,0.5611300819444538,0.6605917564372907,0.16027754582614942,0.27096530510494976,0.7912135143113154,2.6745364695232023,2.242956326367051,2.253772334638279,1.9598298722372534,0.18764225758709038,0.2896456887631914,2.6822352654388593,1.194770148383656,-1.0140677512169813,1.4831228835896608,1.143383037510063,1.4638282504551436,1.1724671879921262,0.8629863402952329,0.5704037944582268,1.708777505611744,0
2.960434265098632,0.6967630939767645,-0.15484123025532542,-1.6014324776621007,1,0,0,1,0,0,-0.7983962307480176,3.2241923581457024,-0.11865590134220637,-0.2578414506002932,1.938405532084567,2.6788947445107687,1.2270019017955753,-0.10854989106939171,0.40790307944231563,0.8994695771526052,1.527053948319501,0.5988063909553784,-2.2190134264960313,0.8854853136669074,-0.23552958350929482,0.7408557304041677,0.9179427869094056,1.6865267625262501,1.5427439112049275,-0.7133741297612556,-0.8214095209240121,-0.08696023420563731,0.18687138677022497,-0.3049090155474984,-0.33867979394792375,0.7133741297612556,-1.5427439112049282,0.4102278732177254,-0.5596729573423944,-1.1373618679824566,-0.6383152839424023,-0.27233314020935756,-0.6235796198885869,-0.7910682597479163,-1.3713993881826885,-0.6043528672675491,-0.7481493064513315,-0.02767187758659086,0.1785029369204177,0.2487103132223888,0.10997909147286698,-0.15990635171348128,2.097714499630101,1.795125932966095,0.038603250264021984,1
0.4161082917320974,0.5679242641194551,0.27967722576327125,-0.8681093238500562,1,0,0,1,0,0,0.03445361152472564,-0.32162437567854146,-0.6687627022894718,0.3786731682291243,-1.0158679819448961,-0.5399982748388592,-0.5233468410158673,-1.3214240874444234,1.2675287554285881,-0.15663639615937394,0.597973947565128,0.9476460921587329,-0.2865016642106631,-0.7375669459157491,-0.8476522683880326,1.2856554253198784,-0.04173079720992076,0.8024938425100383,1.5173256805029718,-0.21238889143210804,-0.00924167976556434,0.9645365957707828,-0.4407945568256188,0.17022612170391452,0.006083626272715683,0.21238889143210804,-1.5173256805029725,-0.4253475354589299,-0.40957446049198204,1.7283850921948283,2.2817178278510344,2.1513626532255365,0.7626401075935709,0.5138790966987595,-0.1532996650890431,1.6900577159425842,-0.10976148557697851,0.7310941790521709,-0.3688900476960481,-0.5292659687668935,-0.4315605721200442,-0.0012904541294803558,-0.4540570296619595,-0.5986491559356475,-0.3944048900113141,0
0.8016122270906633,-1.5450325455404195,-1.168717627632051,-0.4281154315628296,1,0,0,1,0,0,-0.7479204827314877,1.511757087382764,-0.3745195296897717,-0.07556680975368728,1.1022916992665228,1.2210465584757886,-0.5964391705755756,-0.5483459719513889,0.03796379279665279,-0.7967927562275612,-0.7422405914927315,-0.2788885558511909,1.1615922563424312,-1.3007012462289156,-0.5777108054461713,0.17800432886138046,-0.7269439576658484,-0.0932283856360668,0.19616880564547262,-0.5749285603869245,-0.47028217391205984,0.17388405247924335,0.1269794072860437,0.3555904242131243,0.8739297477489709,0.5749285603869245,-0.19616880564547334,-1.2052179168904753,-0.4846237089171882,0.21818193222838655,0.279040251178545,-0.03337721691295973,0.4475901695294441,0.9216751455883455,0.8986955503100138,0.5118468759157585,-0.22078545442469194,0.5793409677244183,1.2003031748711541,1.0915179520441112,1.1930584186586881,1.3945294446097283,-0.20711139779498602,-0.48731077970765985,1.1520527538291696,0
-1.2030082367738797,-0.5658574386248675,0.27967722576327125,1.0385308760612593,1,0,0,1,0,0,-0.29363875058271866,-0.19718935091002915,-0.4768649810287978,0.017017134803318904,-0.24828155280135736,-0.16480360364764804,-2.752003323014499,-0.44782016283459036,-1.2294379919593126,-0.9378606433681684,-0.742423571352393,-0.525418912134536,-0.21011488286255525,0.13809616899894067,0.0534078972949076,-0.4144682690882879,0.9374294361067419,1.0304712291859257,1.4159231644047408,-2.120904085066952,3.9647116767665787,0.6681500864934943,1.2641822821586803,2.1965282054882374,1.9712415940184425,2.120904085066952,-1.4159231644047414,-0.06326485836571254,-0.18442671521636386,-0.6915790075104341,-0.7804407893836761,-0.40887938209301433,0.1325402314653172,-0.709509049969999,-1.2606630497196296,-0.728375060954584,3.1932015876424997,0.35171115073279,-0.6517097564145549,0.04124997135858002,0.9222885868622325,-1.397110352868688,-0.04248097655033679,-0.8769950965056176,-0.3944048900113141,1
-1.6656129592041589,-0.8235350983394863,1.4383931084795292,1.478524768348486,1,0,0,1,0,0,0.48873534367349464,-0.5140916336148853,-0.5408308881156891,0.07777534841885421,-0.9559833383792545,-0.45547885546443856,-0.46133509258020616,1.3680297659238885,-0.3371271782225153,-0.5319022954461149,-0.6488919138720631,0.6381896117414279,0.6325397544505533,0.5754167868873863,1.195411051140004,-0.26497718603374765,0.38101819487459065,0.5017704574885092,1.0345842828972671,-0.15567358143258175,1.2164473499027888,-0.6801272376931344,0.19458762879599112,1.096376805479794,1.3334724581837274,0.15567358143258175,-1.0345842828972678,0.5216379277079463,1.0914105080121401,-0.027453521501095285,-0.1602567656399366,7.593435579547688e-4,0.41608517572303205,0.02452383803125581,-0.4301405112466897,-0.23228628620644656,1.2502821328075124,-0.5588081172337243,0.32447439948480933,0.37837302688726915,0.8207498999385615,0.5380035976561225,-0.7833178721512579,-0.9326642846196119,0.6571863078002155,0
1.8039224590229344,-1.132748289997029,-0.8790386569529866,1.478524768348486,1,0,0,1,0,0,0.04707254852885811,-0.32278731983525655,0.09882818275322415,-0.3429029496620426,0.03411645495876,0.016756630564070337,-2.287319144359061,-2.152846770926107,0.6855561289704174,-0.41764836201840483,0.12280225224210709,-1.3293569283504603,-0.3163078590723353,-1.3021119187056645,0.4664459371877529,0.40175998882928105,-0.30040343210534354,-0.04094494486195216,-1.0504933074560319,-0.7712178265546397,1.8795180628989032,3.4221250560743663,-0.5334481513810201,0.26634109166133807,-0.19962371164435705,0.7712178265546397,1.0504933074560312,-1.17736540326792,0.641115017460903,0.5547934799317504,0.6924962670077037,0.529876030857121,0.19555021907814235,-0.6279498401920818,-0.2086678343205727,0.8219023601333442,2.2494978524369347,3.9937882225988464,1.0634549287170376,0.585833368751077,0.6684418695530556,0.8552353928241243,0.5337254978059351,0.18071947766026855,0.6571863078002155,1
-1.074506924987691,0.928672987719922,1.7280720791585935,-0.7214446930876474,1,0,0,1,0,0,-0.7605394197356201,1.511757087382764,0.16279408984011548,-0.4140768570402411,1.6938137303433574,1.4826542851109001,0.3035380846088714,3.0391503898529817,0.8897972164664137,0.28071065597485706,-0.03687961240742939,-0.8176186820733835,-0.22601561207709334,0.7119473377078536,4.2645019504977615,0.3610970531243034,0.3220664880852552,-0.4600946674976909,-0.6711839829354725,-0.44946226314143684,0.28929229563320596,0.10075515025478289,-0.8535148889699128,-0.059866369796928214,-0.4012475903065067,0.44946226314143684,0.6711839829354719,0.744458036688388,4.1684296934455904,0.2545723698179399,0.4082452561251572,0.529876030857121,-0.8756195703398886,-0.05703537174666111,0.2896456887631914,0.38782468222872474,0.917210226264372,0.8828473903799233,2.3224587933349086,1.3897421934733356,1.2776739910950803,2.187608932529733,1.6038232358961542,1.461110804282131,1.9562107286262216,1
2.0352248202380734,1.4697960731206219,-0.4445202009343899,0.3052077222492148,1,0,0,1,0,0,-0.5333985536612357,0.07552105383965442,-0.8478672421327675,5.951069331253934,-2.1033402180397163,-4.5410313179232045,0.40783351128491974,-1.5985550886901037,-0.8365727833449219,-0.3035487017270799,-0.7780371011720363,0.9524614125371108,1.0877420440113832,0.9379437891951625,-1.2830055745289826,-0.3952657161675045,0.745967433593801,0.4769613463595978,1.0614552385657117,0.2463053852199044,0.3700799574991331,0.9087802071387733,0.7464190947186558,1.1497632504605309,1.477146258368137,-0.24630538521990367,-1.0614552385657123,1.6078859589875987,-0.8598699510432187,2.0104109835138635,1.4418852956980555,1.7417239275745686,1.7707999093987767,1.7372672433675176,1.2309045656991897,2.1861464906907218,0.05677446769459199,0.4275877563966659,-0.9436526815433369,-0.46443461193445323,-0.008482709938082702,-0.794369942049485,-1.3595243465075295,-1.4336869776455579,-0.3944048900113141,1
-0.3034990542705592,-0.7719995663965628,-0.8790386569529866,1.7718540298733036,0,1,0,1,0,0,0.6527815247272168,-0.5414208212976894,-0.7966945164632545,1.5764779509353917,-2.09227647596944,-1.6347259924504025,-1.8946638718804945,-0.3261088870368658,0.06036953141955815,-1.7315170404884983,-2.0310783051858228,0.4108572770536046,1.5669628929953467,-0.7026223629056111,0.4511813087500629,0.28869629169780575,-0.7817221514742467,-0.7384016684817987,0.3637290563372595,0.19961827368027837,1.932524248813765,0.8995782123082234,0.2075847595502519,1.564025509574609,1.9195957597119768,-0.19961827368027837,-0.36372905633726016,-0.20252742647848845,1.5041813743507735,2.8564886574709663,2.6241110909595577,2.0574871119305236,1.487254965141063,1.6149284287006416,1.5354294964726014,2.3101686843777554,1.2502821328075124,0.35171115073279,-1.0987473605180025,-0.840456481562607,-0.24540631275998087,-0.3502454288142823,-1.6887851889968277,-1.823371294443516,-0.2706882785040748,0
-1.5371116474179702,0.43908543426214564,-0.4445202009343899,0.3052077222492148,1,0,0,1,0,0,-0.356733435603381,-0.07856904692509216,0.13720772700535894,-0.3926668198614334,0.4620820486998608,0.2430361342860642,-0.21063290923284134,-0.8278954377906536,-0.3863886769152002,0.20172312162989015,0.344673826303371,0.04361944010717765,-0.7982073878024324,-0.3651301371144059,0.3809043992699833,-0.08124050164041693,0.5531817207794737,0.878926661429557,0.01898787070343759,0.04065977486679812,-0.07194354314575295,1.5178941355994342,0.44656739609587065,0.27601060178472703,0.410007960764656,-0.04065977486679812,-0.0189878707034383,-0.23037994010104354,0.5660657690356972,0.5820863081239148,0.44700675760914055,0.6664222727407777,0.9516700704320475,-0.6279498401920818,-0.7069813574043363,0.6358690696027934,0.16779843654230542,1.9451198696741894,1.0269620630759395,1.130416766143575,1.1930584186586881,0.47455723862252236,0.6983559190505837,0.793080546914203,1.3376276710900281,0
-0.8175043014153137,-1.2100515879114147,1.4383931084795292,0.3052077222492148,1,0,0,1,0,0,-0.5207796166571032,0.07552105383965442,-0.31055362260288033,-0.19361133906387015,0.3456997162136729,0.20770791137294656,0.6459226162264421,-0.3653161133620951,0.3079808829418517,-0.1163009622086099,-0.2935155137801905,-1.1261140726862047,0.4269528940937886,1.1492302946296575,-0.7068945310409849,0.008198616827987455,1.1185321238143406,1.3791545960098848,0.6912331826893887,-2.221441939017357,0.2501262480637076,-0.20674359286047564,-0.41278136516162856,1.2662324038858468,1.7280605754623384,2.221441939017357,-0.6912331826893894,1.357213336384602,-0.4846237089171882,0.7367456678795146,0.6278937645343975,1.0931292786272029,1.0461850518512859,-0.22015379130249568,-0.5408768497097485,1.13195784435093,0.16779843654230542,-0.2553016945782196,-0.19554893590083341,-0.37367071236903754,0.12690220596014448,0.9821281108913258,-0.7833178721512579,-1.545025353873546,-0.08511336124321738,1
0.13340540580248203,-1.0812127580541053,-2.327433510348309,1.7718540298733036,1,0,0,1,0,0,-0.571255364673633,0.18600074872758593,-0.7839013350458762,1.507039992517637,-0.8359652222306702,-1.0216248074645258,-1.6205460790005632,-2.3823254211354143,-0.20141845239984768,-0.4970909908532028,0.23515176179782424,1.6839018566915622,0.2896135703666856,-1.3648140868554732,0.4430402036004593,0.43705737651960747,-0.15939053300053704,0.1267431378595027,1.652616263271448,0.6575966059261134,0.8897026168436637,3.7136443551122187,0.7145462857381865,0.5134889349138883,-0.18196880155191766,-0.6575966059261134,-1.6526162632714487,-1.3444804850032512,0.11577027848446049,-0.7643598826895395,-0.44450777652248397,-0.47715250303484213,-0.6865896075014126,0.2692014673650073,-0.4301405112466897,-1.1624527388592034,1.194770148383656,4.297294645254351,1.0543317123067637,1.3119445652744073,1.480751364942421,-0.667477223982284,0.03983423407198747,0.4033962301162448,1.3376276710900281,1
2.0352248202380734,-0.7719995663965628,-0.4445202009343899,1.7718540298733036,1,0,0,1,0,0,-0.5333985536612357,0.07552105383965442,-0.7966945164632545,1.5764779509353917,-1.043884003946766,-1.1602545429463798,-0.4824877115933155,-1.4422034592901432,-0.4405599652854079,-0.1737394147293522,-0.661370524913092,0.4311057903235592,0.547757478936644,1.2564833641071884,-1.2521110687069221,-0.5532171227326896,1.1251472931843545,0.8908966590947839,0.513835114248652,0.07836147009820059,1.9263742807476858,0.7251321267327703,0.04633037510093172,1.3503875363309235,1.729601262287956,-0.07836147009820059,-0.5138351142486527,1.7192960134778195,-0.9349191994684248,1.3553831069019124,0.8087807714596554,1.2808803612172301,1.6132749403667133,0.35076067714292497,0.12354118106860354,1.876091006473136,1.5833540393506536,0.5034643620605421,-0.40538291333714505,-0.32180562690308556,0.2115177783965368,0.31594134103852145,-1.1125787146405561,-1.211010225189582,0.47161139053935697,0
0.44180855408933456,2.9643264994654106,0.27967722576327125,-0.13478617003801185,1,0,0,1,0,0,0.1480240445619179,-0.3972157458650209,-0.822280879298011,3.2111632220200317,-2.1560305041218264,-2.787141567730201,-1.0333644718732458,1.7658904455456066,-0.8336317817240708,-0.647114661773936,-1.137748509397303,-0.868652523391359,1.0867288832922553,-0.08069787713729722,1.8370042311283943,0.048831839689559155,0.03721909047647053,0.12304942631457139,-0.19143037735720503,-0.9948801208223941,1.3562860850186012,-0.5834695433310544,1.1886738620101474,0.9111159727037756,1.5992625997161969,0.9948801208223941,0.19143037735720433,0.0759977097470634,2.067050737539819,0.6639647927004092,0.5891322630504142,0.5810808715634928,0.5106001571422693,0.5138790966987595,0.6772228733838963,1.0079356506638961,0.8616982418405155,-0.7864379342253526,-0.934529465133063,-0.2569742700706454,0.10997909147286698,-0.8895394805998851,-0.9479482933959068,-1.378017789531564,-0.332546584257695,1
1.6497208848795075,-0.8235350983394863,1.0038746524609323,1.478524768348486,1,0,0,1,0,0,-0.6722068607066928,0.42731166124596265,-0.5408308881156891,0.07777534841885421,0.41916487977909284,0.2685261179069212,-0.9785722460141063,0.708105767297126,0.5178512561870063,-0.4142920083428932,-0.4580716787777769,0.17459104671267375,0.23924532550413122,-0.38334260240731055,0.2731190657922727,0.9286125816803946,0.6875657808934962,0.7684848673289912,1.0967144819825039,-0.8495867060811616,0.9776971176350296,-0.6982927035881137,0.2252460742054073,1.2414602340320928,1.3457915164176137,0.8495867060811616,-1.0967144819825045,-0.23037994010104354,0.491016520610491,0.6730624020977969,1.093031782342202,1.3662217623945152,-0.24551969421163483,0.10608304780917345,-0.3747723420151606,0.6978801664463103,1.2780381250194413,-0.4070549059059717,1.0269620630759395,1.0007540524786946,1.5145975939169787,0.9186817518577256,-0.04248097655033679,-0.4316415915936655,1.4613442825972665,0
1.726821671951222,0.1298722426046032,-0.15484123025532542,-2.334755631474145,0,1,0,1,0,0,-0.81101516775215,3.802757076111449,-0.5920036137852022,0.18771878258029903,1.5365566440209162,2.7795131009088885,1.039958011587695,-0.3551843648445623,-0.45949156999401475,1.430827947606314,1.6479349281426647,-1.0262860691068239,-2.215401752275652,-0.04049869054003561,-0.3856119576669111,-0.057096760577437476,1.5593437721919812,1.9966909104481023,0.03622492998512883,-1.435659238404968,-1.4865527449036893,0.10120409341207137,0.5707636312508078,-0.3867376560780376,-0.19301606608792415,1.435659238404968,-0.036224929985129536,-0.28608496734615396,-0.6347222057676005,-0.982702508226857,-0.8579637923516437,-0.27233314020935756,0.006520256239666901,-2.1775748259725085,-2.423394603581746,-0.5423417704240322,-1.3865371273256843,0.12408133374116129,0.0963939892279486,0.37837302688726915,0.19459466390925928,-0.3502454288142823,1.0276167615398821,0.3477270420022505,-0.45626319576493324,1
0.44180855408933456,-0.7719995663965628,0.27967722576327125,1.7718540298733036,1,0,0,1,0,0,0.1480240445619179,-0.3972157458650209,-0.7966945164632545,1.5764779509353917,-1.8197656645553943,-1.5238222040649194,-1.423968886379458,0.4334823262352417,0.09013570366192103,-0.8544391992445323,-1.1475704730050247,-0.04896852958951833,1.3046967578043112,-0.35820127146630804,1.8967101657891332,0.2639784637876897,-0.1238787747587189,-0.019669411969125715,0.08962234189036815,-0.15567358143258175,1.6221529098644127,1.3051145099960544,0.14205437165083845,1.031456161852517,1.4726944658302557,0.15567358143258175,-0.08962234189036815,-0.11896988561082296,2.367247731240644,1.091552434377654,1.0801112818475405,0.9736513169790033,0.5736101447550955,1.166352774922097,1.2309045656991897,1.4420133285685155,1.611110031562582,1.33810702436318,0.2514886682026129,0.28760912732185256,0.7022880985276131,0.728342674756924,-0.7833178721512579,-0.9326642846196119,1.0283361423219313,0
1.726821671951222,-0.7719995663965628,-0.15484123025532542,1.7718540298733036,0,1,0,1,0,0,-0.81101516775215,3.802757076111449,-0.7966945164632545,1.5764779509353917,0.5918732820097946,1.7062506326622773,-1.017476371245349,-1.441326524912788,0.25314528762220795,0.12998174935799175,0.16478200405771473,-0.32999693562085847,-0.5744825349123056,-0.10628645120258672,-0.5309176541326578,-0.018793872019609897,1.1353407170172014,1.4897642676063592,-0.16027754582615011,-0.29111514316954507,1.3086254926311924,1.4464042375611266,-0.3649441175024927,0.950187462687131,1.2402401725981713,0.29111514316954507,0.16027754582614942,-0.3696425082138195,-0.7848207026180125,-1.110069039790291,-0.9484072958142716,-0.5112890635057554,-0.2770246880180474,-1.7697787770829225,-1.9250810804979817,-0.6663639641110671,1.4445740782910115,1.6416134470186852,0.5799244589724931,0.28760912732185256,0.6684418695530556,1.331083085576127,-0.37174181903963527,-0.5429799678216537,1.2139110595827887,1
0.930113538876852,2.0366869244927823,-0.7341991716134544,0.3052077222492148,1,0,0,1,0,0,0.12278617055365294,-0.37221244649564694,-0.08027635709007157,-0.2578414506002932,-0.1560284473427486,-0.08699207469976873,-0.702522393866361,0.15126360846412204,-0.45652265507959383,-1.2632449180685816,-1.3925673224103183,-0.6459164344563151,0.6090331058203318,0.41395253442783997,-0.0379301172078005,-0.790985591374626,-0.10419994017419133,-0.45387319960778644,0.2567889334467663,-1.1356331163529647,1.3904909849087552,-0.24561160847887695,-0.17078247387858708,1.6032395095518253,1.3672868812949368,1.1356331163529647,-0.25678893344676695,1.3015083091394917,0.9413120111617277,3.056636064213507,2.0103873174631492,1.8612018892227682,2.6529397359783324,1.5741488238116832,1.5631135810883663,2.6822352654388593,1.2502821328075124,-0.2553016945782196,-0.07694712256726609,-0.1532440991387405,0.4822876101929924,0.2524949820049213,-0.04248097655033679,-0.5429799678216537,0.16231986177126023,0
0.9815140635913272,0.928672987719922,1.4383931084795292,-0.7214446930876474,1,0,0,1,0,0,-0.5460174906653681,0.059821307724000995,0.11162136417060241,-0.36778488476173804,0.7754986368893857,0.3302387098311013,0.35247151536409527,2.658831730568703,-0.3594052033576656,0.6569610327792421,-0.376865728851669,-0.4319867437199777,0.5565840834577153,0.9039901227350257,3.652417078786822,-1.3132761598792755,0.7463103766713144,-0.9159628205828263,-0.13280945780952072,-0.4574595924329467,0.4131360570243258,0.009581257912589068,-0.8283969356731181,-0.14748337745156306,-0.40431551173208463,0.4574595924329467,0.13280945780952,1.2736557955169365,4.318528190296002,1.2007237471463126,0.22735824919990022,0.529876030857121,0.6366201323679207,1.0847935651441794,1.2862727349307197,0.7598912632898273,1.4445740782910115,1.1863538130354276,3.58146265795278,2.401111360059402,2.174599058920838,3.2027506770673386,1.7684536571408034,1.6281183686241134,3.007801926437751,0
0.4161082917320974,0.928672987719922,0.27967722576327125,-0.7214446930876474,1,0,0,1,0,0,-0.05387894750420167,-0.2954581321524524,0.11162136417060241,-0.36778488476173804,0.12272456514830793,0.05700397312331826,-0.8892995874832146,-0.4286528988221606,1.269894490832033,-0.05422266752658631,0.56475490832538,0.8214154074237415,-0.10612209122172896,-0.9784524533600996,-0.802664075308233,1.1290404258073743,-0.09950616078428903,0.6809389769237163,1.799363582812351,-0.6642742475994289,0.2589345617038215,-0.21575169419426535,-0.6014115669918259,-0.02541728002368001,-0.06940466329129247,0.6642742475994289,-1.7993635828123518,-0.7317251853070371,-0.40957446049198204,1.5009448572601232,1.971625815979166,1.8270653287518537,0.6996301199807459,1.0032343553662626,0.17890935030013266,1.2559800380379649,1.0282341951120857,0.6552175733882943,2.8516053451308254,1.9861906763317847,1.8530598836625478,2.6951798047985354,1.1922471827845313,0.9044189231421907,2.451077174655176,0
-0.25209852955608386,0.2587110724619126,-0.15484123025532542,-0.13478617003801185,1,0,0,1,0,0,-0.5081606796529707,0.014466485612113323,-0.23379453409861076,-0.221386522430972,0.40586589903327663,0.18221792775208956,0.5705703446244896,1.6206328133828967,-0.3844140141613471,0.10470093811936189,-0.05131090747468333,0.3408054669064242,-0.273299182203596,-0.1023680524718285,0.5244852532254284,-0.027369660645052092,-0.3832162916546205,-0.46966725585239916,0.12355936367902995,0.3422733367180179,-0.8956769052864256,-1.698951583671805,0.4980029658760011,-0.5214349276049594,-0.391831969307706,-0.3422733367180179,-0.12355936367903066,0.49378541408539117,1.4666567501381707,2.5198771097676027,2.113751321420439,1.8099970485163963,1.5817699465603012,1.0847935651441794,1.1201682272361313,2.00011320016017,-0.9701972441467586,-1.6969572021918669,-0.934529465133063,-0.5681647828663581,-0.7192535184037778,-1.0481553781838862,-0.04248097655033679,0.1250502895462747,-0.6418381130257917,1
0.2619067175886707,2.0366869244927823,-0.15484123025532542,0.3052077222492148,1,0,0,1,0,0,-0.6217311126901629,0.2848510020483667,-0.08027635709007157,-0.2578414506002932,0.8297547590034702,0.418335670766344,-1.7545637446933022,1.9279006751521117,-0.4638878965714407,-2.4082536813255255,-2.009911611329641,-1.5061619728832072,1.0739776077931193,-0.9258935364099352,2.091370374947698,-0.903432232288232,-1.427556765334204,-0.9826118530246928,-0.7133205963053126,-1.3467626096488186,1.5146216857032109,-0.5510152489011024,-0.2737119718276468,1.837854504166182,1.6536543074891468,1.3467626096488186,0.713320596305312,-0.6203151308168162,3.042690967067499,1.892142061347817,1.0155087793742343,0.3079883877961804,2.4008997855270304,0.9216751455883455,1.5077454118568363,1.6280466190990672,1.5833540393506536,-0.4070549059059717,0.42482977999782756,0.20981149912292413,0.9561348158367899,0.8552353928241243,0.03983423407198747,-0.5429799678216537,0.7190446135538346,0
0.4161082917320974,0.5679242641194551,0.27967722576327125,-0.8681093238500562,1,0,0,1,0,0,-0.05387894750420167,-0.2954581321524524,-0.68155588370685,0.3786731682291243,-0.9908671104863503,-0.5198746035592353,-0.7320144877281983,-1.3268288067025495,1.387731016071548,-0.13782298368593027,0.3522126302120233,2.0421137373331626,0.6598486184881975,-0.9910293678632754,-0.9848868884171931,1.3777337008911494,-0.2567311290629107,0.5670712243109652,2.001249688097911,0.8003845014165709,0.02765909696831167,0.8344761128550501,-0.5125852869700301,-0.06838023351901512,0.09574100985259366,-0.8003845014165709,-2.001249688097912,-0.7595776989295921,-0.6347222057676005,1.3917735444914656,2.02330781795781,1.7929287682809403,0.3845801819166189,1.4110304042558486,0.4557501964577793,1.0079356506638961,-0.05424950115312168,0.6552175733882943,-0.2776578835933038,-0.4903671546674297,-0.48232991558187904,0.37938770007212164,-1.1125787146405561,-0.9326642846196119,-0.08511336124321738,1
1.726821671951222,0.9802085196628456,-0.15484123025532542,1.478524768348486,1,0,0,1,0,0,-0.3188766245909836,-0.11927209241011955,-0.5664172509504457,0.062151807774859416,-0.3918354207624942,-0.13976081272189378,-0.5711334600748955,-2.217854225879311,0.7832144230462504,-0.6218966355227927,0.5065501679698889,0.6404834633017499,-0.28705520972429494,-0.06727996942681438,0.28835597506208505,-0.1346246464626371,0.22250523625537968,0.0746687394530942,0.4292298816076853,0.44783808336594555,0.7269496264485094,3.3329432135720323,-1.2059651406862508,1.0607746166147125,-0.5856405361590308,-0.4478380833659462,-0.42922988160768605,-0.11896988561082296,0.19081952690966666,-0.20030810005147043,-0.23777976860790415,-0.135786898325702,-0.11949971898598452,-0.05703537174666111,-0.26403600355210183,-0.35630847989348147,0.8616982418405155,3.53852858861559,0.5799244589724931,-0.17917664187171697,0.24536400737109418,0.1890486229713212,0.28677986593896093,0.5704037944582268,0.5334696962929761,0
-0.25209852955608386,-0.6946962684821769,-0.4445202009343899,-0.4281154315628296,1,0,0,1,0,0,0.40040278464456736,-0.49257716671565654,0.5337963509440852,-0.5089754002111725,0.058727813295019755,0.014520667088556562,0.6790380896681864,-0.9013479557904378,-0.4595109079187189,0.563625288446505,-0.4107748444939116,0.359569170473621,0.8351859157334134,-0.08907910067880605,-0.12159550642800093,0.48331441535195463,-0.9424404259943209,-1.4166404714606924,-0.7989105922128035,1.2827592613995524,-1.0332257811147156,1.1153166472712124,1.1138511815956145,-1.6959291964357743,-0.8490462777502336,-1.2827592613995518,0.7989105922128035,-0.0787384770449098,-0.10103866141057925,0.05139242660960319,0.2948319740053528,-0.10923624018165726,-1.050647313708848,0.504816962278991,1.058648039201099,-0.2736270174354578,-0.8671035587881674,1.446502175311575,0.8744740173613545,1.3804805710687016,0.4750348468413013,0.09387908442092041,-0.20711139779498602,0.49087638286680657,0.6925339110879979,1
2.3950284932394013,0.2587110724619126,0.27967722576327125,-0.13478617003801185,0,1,0,1,0,0,-0.3945902466157784,-0.08147640731687983,-0.23379453409861076,-0.221386522430972,0.21019201111646588,0.10843113306013503,0.5859254213512297,1.540287492368669,0.3072981523410039,0.4547014170677794,0.4032228005295282,0.6653434713680046,-0.5575436921966035,0.14527880182664554,0.3606829110361427,1.1487390719666033,0.13834265964105505,0.2721476888739075,0.513835114248652,0.39783372969061137,-0.6695826943778113,-1.752768699653157,0.7342851145534703,-0.47709406640492813,-0.25851013997832906,-0.39783372969061137,-0.5138351142486527,0.29881781872750485,0.5660657690356972,0.6366719645082435,1.183475285804831,1.195538960039945,-0.5290646384693491,0.35076067714292497,0.12354118106860354,0.8839134569768611,-0.7203933142394032,-1.6969572021918669,-0.5331079430809875,-0.10137901367278856,-0.2792525417345383,-0.8895394805998851,0.12214944469431245,0.3477270420022505,-0.20882997275045564,0
2.0352248202380734,0.49062096620506923,0.27967722576327125,0.3052077222492148,1,0,0,1,0,0,-0.06649788450833415,-0.2617327516077154,-0.15703544559434116,-0.23006626723319132,-0.07945844018198493,-0.02349071199517758,1.6991498470689015,-1.1261956321409683,0.5894017964644996,1.474049202679938,1.6247615672130402,0.7355443927464168,-1.156217931419051,1.737041480320886,-0.5457689961022785,-0.09650078201864648,1.69491351313739,1.5053407640058594,1.179804912165518,-0.16692132358374867,-0.6270778440415133,0.9989994491270703,-0.9027059802728333,-0.3106981488273069,-0.642597346396465,0.16692132358374867,-1.179804912165519,1.6635909862327087,-0.4846237089171882,0.09991301006234013,0.03355074177998182,0.7176271134471482,0.3530751881102058,0.02452383803125581,-0.4855086804782194,0.44983577907224165,-0.5538573609678327,1.0346006017076752,0.23324223538206504,-0.2829068128036209,-0.38079122865820925,0.5697267771729232,0.8629863402952329,0.848749735028197,-0.023255055489598248,1
0.2619067175886707,0.8513696898055362,-0.15484123025532542,-0.13478617003801185,1,0,0,1,0,0,-0.6217311126901629,0.2848510020483667,0.7896599792916505,-0.562211168331451,1.3227638923450773,0.6535590283903929,0.37333657466343834,2.4618121956948817,-0.9808998504979299,0.14607554078420054,0.09500151409228838,-0.7815128701828924,-0.6327438308867486,-0.8440047895052448,1.8823499006326354,-0.6566013404263994,-1.399423199064781,-1.0256679670754905,-0.43576631093411766,-0.6337026228571595,-1.3624532361579462,-1.493217689237956,0.6811019312335236,-1.5849827205991325,-1.1248717608886454,0.6337026228571595,0.43576631093411694,-0.48105256270404034,2.9676417186422928,2.1923631714616274,1.4160442947087326,0.6664222727407777,2.3063848041077932,1.3294711944779316,1.784586258014483,1.752068812786101,-1.192245181842186,-1.2416975682086098,1.0908245779478607,1.3249108366408955,0.4822876101929924,0.2207718024881207,2.2623449208747504,2.017802685422071,0.5953280020465953,1
1.7782221966656961,1.7274737328352407,0.5693561964423357,-0.13478617003801185,1,0,0,1,0,0,0.4256406586528323,-0.49664747126415926,-0.3361399854376369,-0.11607228549737747,-0.5982186519200084,-0.2922535217519331,-0.07524002930715513,0.2802895557873477,0.41769939666135003,-1.5177696555234368,-1.5867028947275763,-1.9212997930324347,0.6769909169001901,-0.26384303786622115,0.45033540511334236,0.7268918197571805,-1.4593838232911738,-1.7216918920082882,-2.0499314912989903,-0.5873266710771624,-0.15900576237125105,0.06642991125601942,0.15944710942742235,0.603308868688538,0.3818944410410024,0.5873266710771624,2.0499314912989886,-0.5089050763265954,-0.03432821836595151,-1.1737523055720087,-0.6770767854263857,-1.1598837124531223,-1.8207693845322692,-0.7910682597479163,0.17890935030013266,-0.9764194483286528,-0.16527347000083534,0.04820472807728505,-0.031331040515893936,0.054216242725068246,0.2961333508329291,-0.2550758902638815,0.12214944469431245,-0.15329565102369538,-0.023255055489598248,0
0.6217103905899984,-0.6946962684821769,-0.4445202009343899,-0.4281154315628296,0,1,0,1,0,0,1.965150973156994,-0.6908591454355757,0.5337963509440852,-0.5089754002111725,-0.47955193740512775,-0.13797204194148277,0.0956042982637081,-0.0696442921429614,-1.0436010471899235,0.5540652629857263,-0.5337349256985269,-0.2165544963515308,0.7003027662320981,-0.8662163556561892,0.6878524012192738,-0.16321840679400268,-1.0510945388033759,-1.6752555074438427,-1.507723094246343,1.1999869032324277,-0.9984532802580205,0.7846644121296085,1.2626188342458309,-1.790753777131009,-0.9416793974007286,-1.1999869032324277,1.5077230942463424,-0.8152827261747027,0.641115017460903,0.018034525485845748,-0.06981326217730856,-0.47715250303484213,-0.6865896075014126,0.18764225758709038,1.1755363964676604,0.139780294854656,-0.8175392869811524,1.1484155102034896,0.9836267851271364,1.5680284247625462,0.5838262971166633,0.01457113562891996,-0.10421738451708033,0.5704037944582268,0.7809029193074537,0
-1.0231064002732158,-0.2566442469673251,1.4383931084795292,-0.4281154315628296,1,0,0,1,0,0,-0.38197130961164594,-0.09426879304074558,0.39307135535292426,-0.48756536303236475,0.6479307220189112,0.30430153351514155,0.8248502003563427,0.3824197916527374,0.20175177203693312,0.7009977547627789,1.0393131908287632,0.968814176226111,-0.3329387504605345,1.1300721826842886,0.4585167137201207,0.9597047551085245,0.3172183936710191,0.2995304586524629,0.5834470145228646,0.7426913412446393,-0.017819472971918122,-0.06555118725627808,0.6886092942114568,-0.6324544130288104,-1.0587248554428668,-0.7426913412446393,-0.5834470145228654,0.9672781456688292,0.340918023760079,-0.20940570944885942,0.3048812521678669,0.4274663494443799,-0.9701345517591269,0.758556726032511,0.5111183656893089,-0.17027518936292965,0.0012624832707351544,-0.02767187758659086,0.11464042204849642,0.45617065508619664,0.1607484349347019,-1.1116017372174867,0.4514102871836102,0.9600881112561845,-0.1469716669968365,0
2.317927706167689,2.397435648093248,-1.168717627632051,0.3052077222492148,1,0,0,0,1,0,1.460393492991695,-0.6565522928124812,-0.4128990739419065,-0.07846005802109372,-1.0965742900288764,-0.44429903808686966,-0.7978196694214201,-0.951378191971568,-0.9668844085616359,-0.7840196849992591,-0.8223612256840537,-0.02039582676211463,1.288776684516885,-0.8485568299272109,-1.0220622621743964,-0.08538095017022652,-0.7655660036498652,-0.7013358060025214,0.3041828515459608,-0.329502323768793,0.2615196851914786,0.28191688804185105,1.2359637565095491,0.3000378693640576,0.38439195870071485,0.329502323768793,-0.30418285154596153,-0.8431352397972577,-1.009968447893631,-0.2912841940253525,-0.28946177058654887,-0.5624939042121272,-0.24551969421163483,1.0847935651441794,1.009431888773073,-0.23228628620644656,0.3620903820258042,0.4275877563966659,0.4613226456389258,1.0655854093111348,1.142289075196852,-0.7309235830158842,-0.04248097655033679,-0.2089648391376897,0.7809029193074537,0
0.930113538876852,0.2587110724619126,-0.15484123025532542,-0.13478617003801185,1,0,0,1,0,0,0.2868323516073751,-0.46582945111120994,-0.23379453409861076,-0.221386522430972,-0.40417036351694463,-0.18716323840278576,0.8789926274821045,1.9873238936239073,-1.6925728817719967,0.3331915716378623,-0.4958506802001194,0.34623706530745624,0.33466522110231134,0.5078744960363086,1.0275944092201894,-1.5471285416994758,0.24453185583450937,-0.6434444461233255,0.41113096936191074,0.06447137185505257,-0.7147984332300442,-1.6982428911429985,0.7590888510093003,-0.20764671518114391,0.016431903685709327,-0.06447137185505188,-0.4111309693619114,0.4102278732177254,0.8662627627365218,-0.18211288125669506,-0.9354867953196102,-0.801449827508525,0.4790951633358572,0.5138790966987595,0.34501385799472056,-0.6663639641110671,-0.7203933142394032,-1.6210805965279906,-0.2867811000035777,0.13201387092399572,0.04228663352375219,-0.6992004034990842,0.28677986593896093,0.3477270420022505,0.10046155601764112,0
-0.5605016778429365,-0.10203765113855341,0.714195681781868,1.478524768348486,1,0,0,1,0,0,-0.19268725454965888,-0.22800737106297844,1.1478690589782419,-0.6171828854121734,0.728880138648709,0.301618377344525,-0.44212076652353605,-0.5724165470981751,-0.07868398967371978,0.3409268634719791,0.09329513290017416,-1.4049473694844556,0.09550060158092481,0.7065376065435024,-0.6398296832862285,0.48876546412338023,0.41874068541290693,0.21228759256379995,-0.604544012877736,-1.3166012534636966,1.3207437398433317,0.14469234411360082,0.5987258048955628,-0.04535410208882395,0.0859692737219476,1.3166012534636966,0.6045440128777353,0.911573118423719,-0.40957446049198204,0.764038496071679,0.9250652759116064,1.0760609983917457,-0.08799472517957138,-0.30171300108041293,-0.04256332662598434,0.9459245538203791,1.7498899926222238,0.5793409677244183,1.2915353389738984,1.454573550305776,1.345366449044194,0.41111087958892223,0.6160407084282594,0.013711913318286572,1.3994859768436472,1
0.72451144001895,0.49062096620506923,1.0038746524609323,0.3052077222492148,1,0,0,1,0,0,-0.34411449859924853,-0.09892056966760585,-0.15703544559434116,-0.23006626723319132,0.2149969752054453,0.10172324263359372,1.786686340215452,-0.8580458080576082,0.12310941763851967,1.661860829884841,1.8410774680433426,-0.4253972773040765,-1.9662368466867346,1.9355458940691215,-0.4495954284592222,-0.852095449832312,1.80116199512386,1.523495500282781,-0.3979084468072301,-0.18555039652161812,-0.5504561973252271,0.7272999690581459,-1.02456844941132,-0.4590653645983217,-0.9060940453141026,0.18555039652161812,0.39790844680722937,1.4129183636297125,-0.6347222057676005,-0.7916527108817039,-1.0646918002662225,-0.40887938209301433,0.3215701943037938,-1.4435419379712537,-1.482135726645747,-0.10826409251941274,-0.49834537654397587,0.7310941790521709,0.13288685486904556,-0.4255357978349895,-0.5669454880182719,0.4428340591057229,1.0276167615398821,1.0157572993701793,-0.20882997275045564,0
1.8296227213801723,2.0366869244927823,-0.8790386569529866,0.3052077222492148,1,0,0,1,0,0,-0.1800683175455264,-0.22858884314133598,-0.08027635709007157,-0.2578414506002932,0.09378090211577289,0.023464520990611654,-2.177947768227199,0.907986195345717,0.2483984494344955,-1.4036333783581718,-1.0279440340452413,-1.4880746166061807,0.07075497641715794,-1.3716919037987059,0.6189384421689405,0.25825313098362396,-0.1569642093885339,0.15001051757505068,-0.7497849732599842,-1.2859286878517078,1.6579110007240436,-0.6262006042426241,-0.08004951097273395,1.740575116155348,1.482833662043631,1.2859286878517078,0.7497849732599834,-1.2330704305130304,0.8662627627365218,0.7367456678795146,0.7700192699756713,0.6664222727407777,0.5421051509486824,-0.5463906304141645,-0.26403600355210183,1.069946747507413,1.5833540393506536,-0.5588081172337243,0.11464042204849642,0.054216242725068246,0.7530574419894479,0.31594134103852145,-0.04248097655033679,-0.5986491559356475,0.47161139053935697,0
0.08200488108800677,-0.7719995663965628,1.4383931084795292,1.7718540298733036,1,0,0,1,0,0,0.6654004617313493,-0.5449096537678346,-0.8094876978806327,2.218779066299622,-2.244721893096667,-2.1337930401850764,-0.03694304549229376,-0.4523839948254082,0.43039366538454943,-0.13160166156641587,-0.06995358630732706,0.24595218600607444,0.05630387750891515,0.9523566747975795,0.42917130402102127,0.49056032548308437,0.32332933848509565,0.8577381236565694,1.0042885975848093,-0.6605917564372907,1.002953772231803,1.050845621070784,-0.0953967412007557,0.49839319186788505,0.9283574208150829,0.6605917564372907,-1.00428859758481,1.050835686536495,0.5660657690356972,0.4547197765604794,0.6537347655237203,0.76883195415352,0.4475901695294441,0.35076067714292497,-0.09793149585751397,0.5738579727592754,1.5833540393506536,1.793366658346437,1.775065808718443,1.4416072789392878,1.5992131663533709,2.028993034945732,0.8629863402952329,0.5704037944582268,2.265502257394317,0
-0.7661037767008384,-1.1842838219399534,1.7280720791585935,0.3052077222492148,1,0,0,1,0,0,-0.785777293743885,2.2269677437625313,-0.3745195296897717,-0.09524089797205108,1.4706739894140342,1.7862981250856704,0.46925837792959013,0.9855191120006299,0.2952747616602568,-0.3288849999202739,-0.3199566475715399,-0.9564536010893864,0.5750095556082764,0.8577745599060833,1.1580508533263032,-0.10096869100887448,0.505099209216386,0.9007895404824187,0.5335460107420674,-1.8336530737800742,0.20456303588224223,-0.1925459868873565,-0.5051142880331191,0.9451501466231621,1.295404973851776,1.8336530737800742,-0.5335460107420681,1.4964759044973779,1.9920014891146134,1.9649229365269225,1.5969313016339897,1.7758604880454831,2.1173548412693166,0.8401159358104279,0.6218547041523672,2.4962019749083075,0.25106641317809053,-0.1035484832504671,0.2606118846128881,-0.0495139282068366,0.3299795798074865,1.267636726542527,-0.4540570296619595,-1.1553410370755877,0.16231986177126023,1
0.08200488108800677,-0.7977673323680251,1.4383931084795292,1.478524768348486,1,0,0,1,0,0,0.6654004617313493,-0.5449096537678346,-0.6943490651242283,0.48861660239056914,-1.468840232488032,-0.7966868818278404,-0.0016669800960765625,0.7116986829693654,0.3855822437299696,-0.5781055620999401,-0.3472359065473738,-0.2550365061788692,0.24321470252690364,0.8260351409849953,0.49233980757424267,0.519619114638872,0.36008562744094663,0.8228112396826722,0.4884925330428311,-0.8323203231673697,0.8276825563994166,-0.48361356641253106,-0.004936745924809729,1.1380380623972832,1.2547387130621726,0.8323203231673697,-0.4884925330428318,0.8001630639334981,0.491016520610491,0.09991301006234013,0.3565632541465125,0.4957394703862077,0.1010352376589052,-0.13859458152457876,-0.3747723420151606,0.3258135853852078,1.4168180860790833,0.04820472807728505,1.8754211892314625,1.5842362639706562,2.0561372575098895,1.8069307783281299,0.4514102871836102,0.06938110143228039,2.3273605631479377,1
-0.9460056132015023,-1.4934970135974959,0.27967722576327125,-0.4281154315628296,1,0,0,1,0,0,-0.6469689866984278,0.3604423722348462,-0.09306953850744984,-0.2578414506002932,0.9012659350619028,0.47647072112970207,0.5641925884603012,-0.26371777209400543,-0.4031487090786996,0.7835938690029229,1.3175874045726976,1.2284153686345098,-0.6574534705566055,0.1849541489699917,-0.447347845415114,0.5067682165686345,0.27196036601766693,0.7365321124544612,1.1921218465220598,0.4930801176436278,-0.5997195218218883,-0.0861823327253434,1.0603709759832667,-0.788913520209022,-0.9938479025907705,-0.4930801176436278,-1.1921218465220604,0.32667033235006016,-0.25947596364157,0.5911839175213025,0.7829397704703327,0.8712416355662611,0.4475901695294441,0.4323198869208419,-0.09793149585751397,0.38782468222872474,-0.24854144663662048,0.5034643620605421,1.848051540000638,2.2455161036615454,1.6838287387897632,-0.3185222492974822,0.7806711296729086,1.1827648637121608,1.0283361423219313,1
1.0072143259485644,1.3409572432633117,-0.15484123025532542,-0.4281154315628296,1,0,0,1,0,0,-0.028641073495936725,-0.2989469646225976,-0.13144908275958464,-0.23411681480756036,-0.0875494146345424,-0.04898069561603459,0.23725261665430628,0.5412540567591216,-0.3855919992257678,1.2450393080552566,0.9033251129490243,1.3875414436968216,-0.07502799930557551,-0.8079667570832127,-0.5481692476714729,0.29428305624976814,-0.435770374518132,-0.36181803875726726,0.41113096936191074,1.484686348387369,-1.1372164025225007,-1.2920320977375956,0.8228432713313285,-2.1140702258434594,-1.5276117807321725,-1.4846863483873682,-0.4111309693619114,-0.7038726716844818,-0.40957446049198204,0.4001341201761507,0.49868875958778525,0.2909201075607231,-0.024984737566746233,0.5138790966987595,0.34501385799472056,-0.17027518936292965,-1.1367331974183288,-1.317574173872486,-0.6517097564145549,-0.16621037050522874,-0.9731002357129547,-0.9847090191502859,-0.5363722402842841,0.18071947766026855,-0.6418381130257917,1
-0.7661037767008384,0.7225308599482267,1.7280720791585935,-0.13478617003801185,1,0,0,1,0,0,-0.785777293743885,2.2269677437625313,0.6489349837004895,-0.5396438318456808,2.216566825896079,2.129742114924586,1.1367075171600158,1.9741562497140046,-0.22994268050944308,0.9247773405007851,1.0075637005596232,0.09671302640664801,-0.6747500930451091,0.971328186879385,1.2824832856332438,-0.0551068689616938,0.44932934119579704,0.6446234369886845,0.49320743187182114,-0.3572520928766799,-0.6100797936210494,-1.424827805673174,0.25896225856148625,-0.8037672422021486,-0.6805328366839062,0.3572520928766799,-0.4932074318718218,1.6914434998552643,2.2171492343902317,2.1286799056799097,1.764897808064586,1.9124067299291387,1.9283248784308402,1.0847935651441794,0.8986955503100138,2.620224168595341,-0.38732140769626244,-1.1658209625447336,1.1090710107684099,1.0915179520441112,0.65151875506577694,0.4428340591057229,0.8629863402952329,0.7374113588002092,0.22417816752487937,1
0.08200488108800677,1.2121184134060021,1.4383931084795292,-0.4281154315628296,1,0,0,0,1,0,0.6654004617313493,-0.5449096537678346,-0.10586271992482811,-0.2543695526794055,-0.4731380465474682,-0.2224914613159034,0.441998368896571,0.5191967579392187,1.284439744301423,0.6985657493891689,1.2759756409366356,0.5229041836222674,-1.2862552349645238,0.6831484747446921,0.1952132595254855,0.6992155245620757,0.5841200955195018,0.941332267631777,0.416552302523086,0.30004743805884815,0.06798441528798832,-0.5170534862165138,-1.0532279893494294,-0.3645137719123748,-0.7398030814727526,-0.3000474380588474,-0.4165523025230867,0.7166055230658329,0.26586877533487285,0.2545723698179399,0.5891322630504142,0.8200367948598906,-0.024984737566746233,-0.22015379130249568,-0.4301405112466897,0.44983577907224165,-0.16527347000083534,-0.7105613285614767,-0.8524205174405927,-1.2035120798242718,-1.2438700675094103,-0.1916295312302808,0.12214944469431245,0.29205785388825667,-1.2604211705619852,1
2.0352248202380734,0.6967630939767645,-1.6032360836506476,-1.6014324776621007,1,0,0,1,0,0,1.006111760842926,-0.6001495012118003,-0.054689994255315046,-0.29429637876961434,-0.5645634265357594,-0.234118471388575,-0.2525092595444912,0.9165527686399098,-0.07855257617768695,-0.46385149438343504,-0.8499601235396806,-0.8647624872859648,0.8644526894495971,-1.1890940888824129,1.0285058929895883,-0.20446845914720377,-1.8053164384185059,-1.996040854725417,-1.4375436385994584,0.2463053852199044,-0.837008530789501,-0.2276628136966476,-0.09808707941813301,-1.163487433402394,-0.8437556085918353,-0.24630538521990367,1.4375436385994576,-1.1216603760228097,0.9413120111617277,-0.018355912103706302,-0.12149526415595328,-0.8185181077439823,-0.43454965705011084,0.4323198869208419,1.4523772426253072,-0.10826409251941274,-0.5538573609678327,0.27583454506891375,1.6382175625643265,1.3249108366408955,0.6853649840403343,1.2993599060593275,0.7806711296729086,1.0157572993701793,1.1520527538291696,0
-0.25209852955608386,-1.1842838219399534,1.0038746524609323,0.3052077222492148,1,0,0,1,0,0,0.8673034537974689,-0.578053562234214,-0.3745195296897717,-0.09524089797205108,-0.8457904368284257,-0.3709594360900179,-0.19375686315590576,0.6347796944126083,0.05464094465886321,-0.8570840819508465,-1.1296501274349393,-1.1489193703864982,0.9676911040319706,0.0981962273662195,0.7151302814226288,-0.21398556231279223,-0.13091755936131866,-0.6339641051219368,-0.28338753067176975,-1.2859286878517078,0.36754014815677005,-0.15485323476032478,-0.2897308552665443,1.02804968943241,0.8496579338196438,1.2859286878517078,0.2833875306717691,0.2152602778598393,0.8662627627365218,0.5002078235474204,0.3048812521678669,0.2397152668543526,0.006520256239666901,0.5138790966987595,0.7325910426154264,0.2638024885416898,0.44535835866158957,-0.02767187758659086,0.38833691435672935,0.1709126850234604,0.5838262971166633,0.6331731362065233,-0.04248097655033679,-0.5986491559356475,0.22417816752487937,0
0.930113538876852,-0.02473435322416849,0.5693561964423357,-0.4281154315628296,0,1,0,1,0,0,0.29945128861150755,-0.46582945111120994,0.12441454558798068,-0.3724140819895883,-0.11399400960576929,-0.07044594498096682,0.25733775153869476,-0.015607989714393469,-0.31826553270980357,-0.31114498015890013,-0.46468611717430475,-0.2342953421141949,0.07359009404201655,-0.8263361138244557,0.38235928832169097,-0.16807894882412963,-0.848382772477828,-0.8723008458272613,-0.4194329849395745,0.0964376253461319,-1.1834997163219587,0.40446159703824236,0.2661765110765429,-0.4209050398639952,-0.24751728558942548,-0.0964376253461319,0.41943298493957376,-0.8431352397972577,0.19081952690966666,-0.4277483349861756,-0.44450777652248397,-0.7331767065666972,-0.37153966943728567,-0.22015379130249568,-0.04256332662598434,-0.8523972546416179,-1.1367331974183288,0.27583454506891375,-0.2594114507727547,-0.08841274230630035,-0.24540631275998087,-0.3502454288142823,0.12214944469431245,0.18071947766026855,-0.2706882785040748,0
0.08200488108800677,1.9593836265783975,1.4383931084795292,1.478524768348486,1,0,0,1,0,0,0.6654004617313493,-0.5449096537678346,0.9943508819697028,-0.5940368992729219,0.11878233683044605,0.04001065070941358,0.20145473583101114,0.033801853237922626,0.18989369180992238,0.46200231603418423,0.5598421706311534,0.7667256364380892,-0.20976559068450684,0.7524184670992671,0.06241595958699678,0.7488903973950618,0.47651767365475023,0.8070529822668409,0.6190712565440033,0.43173498641965286,0.4716799527241874,0.016132833761599658,0.49297158848694234,-0.15162855484355672,0.06010791643541701,-0.43173498641965286,-0.619071256544004,0.605195468575612,-0.03432821836595151,-0.2639913658331881,0.14983524623193267,0.3421249482670949,-0.4660546508565234,-0.30171300108041293,-0.5962450189412776,-0.17027518936292965,0.25106641317809053,-0.17942508891434333,-0.5787240251323598,-0.2569742700706454,-0.29617565622181696,-0.667477223982284,-0.7010026615289333,-0.5986491559356475,-0.76555472453303,1
1.2128164248064663,0.3102466044048362,-0.4445202009343899,-0.13478617003801185,0,1,0,1,0,0,-0.09173575851659908,-0.2582439191375702,0.16279408984011548,-0.4250712004563856,0.18913830260565487,0.12989638242506726,-0.48097770473788243,-1.1527422459739225,0.28644094625183214,-0.5163542917227993,-0.24418782546496687,0.2914203698320016,0.7891954329851423,0.1161558189685659,-0.4011855972615377,-1.1698880471035409,0.025408935882517122,-0.6597598559953376,-0.604544012877736,0.9970420184583276,0.7848727324246706,1.1802759847279298,-1.5671990331206553,0.7227564015899739,-0.3266709551042808,-0.9970420184583276,0.6045440128777353,-0.14682239923337803,-0.6347222057676005,-0.9372144612399159,-1.3231018101594472,-1.2452251136304073,-0.30852968182446,-0.30171300108041293,-0.04256332662598434,-1.2244638357027204,1.3890620938671545,2.020996475338066,1.9392837041033824,0.6247321828505417,0.9053654723749538,2.1558857530129325,-0.04248097655033679,0.514734606344233,2.018069034379841,1
-1.485711122703495,-1.1069805240255675,-0.4445202009343899,1.478524768348486,1,0,0,1,0,0,-0.07911682151246661,-0.2617327516077154,0.03486227566633282,-0.3128131676810156,0.09017389496787881,0.04045784340451634,-1.7903659622698413,-2.387071522452462,1.140883584896018,-0.7824025966707135,-0.23257194220387878,-0.7219479223688173,0.15582112537803666,-0.5868899615324307,0.08307546292719302,0.9524326348926216,-0.7964155061926773,-0.7375144483052308,-0.4372750117287954,-0.550966827225982,1.9031339184263172,3.359553753006146,-0.6025231345652603,0.26726344871524654,-0.41768439792998574,0.550966827225982,0.4372750117287947,-0.2582324537235989,0.641115017460903,1.6919946546052762,2.036228318452472,1.519836284513628,0.038025250046078915,0.4323198869208419,0.7325910426154264,1.0079356506638961,2.4160338057085053,4.145541433926598,1.3553978538458196,0.7803274392483975,0.854596128913119,0.886958572340925,0.6983559190505837,0.45906541823023866,0.904619530814692,1
0.05630461873076867,0.9802085196628456,-0.15484123025532542,-1.8947617391869185,1,0,0,1,0,0,0.6023057767106869,-0.5326987401223264,0.31631226684865466,-0.46384072723963193,-0.15244109700711786,-0.051216659091548364,0.1836905873256779,0.7561061536618411,-1.7611246937822516,-0.009519174019296885,-1.242488234434366,-0.6437921481710418,1.1001844164459762,-1.0437747825521564,0.22170443852238747,-0.453610586711656,-0.730825904499216,-1.3877902213455502,-0.7532939460423284,-0.13094794135889876,-1.2983536975040384,-0.8156807851918726,1.9516815608198217,-0.7118146667232603,0.26038851713001304,0.13094794135889876,0.7532939460423277,-0.7595776989295921,0.8662627627365218,1.8830444519504281,1.2997597902567817,0.8883099158017184,0.8256500952063961,1.5741488238116832,2.3382679503297763,1.5040244254120325,-1.053465220782544,-0.3311783002420958,1.9119140548725593,2.88086340061946,2.293060860331788,0.2207718024881207,0.9453015509175579,0.9600881112561845,2.203643951640699,1
0.2105061928741954,2.2428290522644785,-2.0377545396692445,-0.8681093238500562,1,0,0,1,0,0,0.24897554059497767,-0.4652479790328524,2.3376349307944206,-0.7062949320482919,0.6911565451430064,0.18803143278842535,-0.5283069148347976,0.9212256185470513,1.2960257897568799,-0.5073575566591143,0.06770260910863607,0.2070662123994147,0.37020866776281286,-1.3393923609440432,1.0266410181510475,0.8456039815447146,-1.0109425981180256,-0.9208912633744631,0.5174554829923397,-0.2307924307993011,-0.6036814399824664,-0.23594463751683437,-0.9219602200032796,-0.31702604801421314,-0.9870877893862644,0.2307924307993011,-0.5174554829923405,-1.2887754577581405,0.7912135143113154,-0.3458698504096825,0.12399424524260985,-0.2894014204448148,-1.0646495331783645,1.7372672433675176,1.5631135810883663,-0.728375060954584,-0.4150773999081907,0.04820472807728505,0.9083602497423721,0.2357440418559006,0.09305597698558829,0.728342674756924,1.933084078385452,1.9621334973080773,0.47161139053935697,1
0.08200488108800677,1.0059762856343069,-0.4445202009343899,-0.13478617003801185,1,0,0,1,0,0,1.7632479810908743,-0.679229703868425,-0.041896812837936774,-0.29487502842309565,-0.7808214217262345,-0.2944894852274469,-0.2025962075050733,0.006167652804665494,0.016709001660946896,-1.0288607719046166,-0.31143948905865226,-0.010668100258382347,0.41359839214374755,-0.8554012130819496,-0.8522472888636042,0.590708819918022,-1.3066503164853949,-0.22098529939114814,0.6359402782403267,-0.6452678416013011,-0.5729918549521164,-0.8622279221295176,0.5707636312508078,0.0942724395623399,0.18913745526876144,0.6452678416013011,-0.6359402782403275,-0.7038726716844818,-0.6347222057676005,0.7276480584821255,0.9509062769009282,0.3079883877961804,0.7941451013999841,0.6769975162545934,0.40038202722625016,0.2638024885416898,-0.5261013687559044,-0.7864379342253526,0.0963939892279486,0.37837302688726915,0.39767203775660004,-0.3502454288142823,-0.12479618717266176,-0.4316415915936655,-0.332546584257695,0
-1.100207187344929,0.4133176682906843,1.4383931084795292,0.3052077222492148,1,0,0,1,0,0,0.059691485532990585,-0.3169725990516812,-0.054689994255315046,-0.26536389609554994,-0.089993818325072375,-0.038695263628671234,1.8050787046465329,3.34518632873452,-1.463452130264634,0.3639182006798014,-0.8833791632665521,-1.2867192027705097,0.329929360563417,1.6318081151961543,3.6497412726982663,-0.7145636293876149,0.2949283177010009,-0.6520243418226405,0.06048449490010199,-1.8149193121744094,-0.879522437603224,-0.9351425317128181,1.2825205527274892,-0.19918413979472915,0.5118613130442603,1.8149193121744094,-0.0604844949001027,2.109231204193592,4.393577438721207,1.3007974505175837,0.6666552660183818,0.76883195415352,0.6996301199807459,0.5954383064766764,0.6218547041523672,0.8219023601333442,-0.7203933142394032,-0.7105613285614767,0.7806352199985308,1.3897421934733356,1.209981533145967,-0.0012904541294803558,0.7806711296729086,-0.04195727479570725,0.40975308478573785,0
-1.5628119097752085,0.4133176682906843,-0.15484123025532542,0.3052077222492148,0,1,0,1,0,0,-0.40720918361991093,-0.06984696574972914,-0.054689994255315046,-0.26536389609554994,0.39470839196641555,0.15136163178999948,0.48771141745863583,2.4028365367769666,-1.3220516480324844,0.5263120110844265,-0.011174164329500075,-1.0155422480937948,-0.13078358586019162,-0.1216862422738584,2.20993801002085,-0.26523761813181135,0.8773202843510381,0.9680123258714016,0.3871222082195544,-1.7690215962405262,-0.7997620576832782,-1.0841011699075573,1.540750665048695,0.1589222039269668,0.9596025887958902,1.7690215962405262,-0.3871222082195551,-0.23037994010104354,1.7668537438389946,-0.46413877257572894,-0.5220307794904515,-0.1699234587966153,0.16404522527173035,-0.5463906304141645,-0.762349526635866,0.07776919801113909,-0.6371253376036178,-0.8623145398892288,0.7897584364088047,1.5453374498711925,1.5315207084042572,-0.09645999267988113,0.4514102871836102,-0.32030321536567735,0.7190446135538346,0
-1.0231064002732158,-1.1069805240255675,1.0038746524609323,1.478524768348486,1,0,0,1,0,0,0.5644489656982895,-0.5204878264768181,0.047655457083711085,-0.3128131676810156,-0.30545133763586346,-0.15854290591620948,-0.5619768636962827,-2.4296807571300283,0.5277139846614551,-0.6106161043434286,-0.3876629592888136,-0.10885328643604071,0.8911445029365924,1.1484558177637811,0.5417735601302669,-0.016698585880149285,-0.24482557069572214,-0.9576467303431675,0.2654778184316193,-0.41176056791003435,1.9289660302707896,3.8775499490515433,-0.73818316395941,0.5821381182993969,-0.4309748081252725,0.41176056791003435,-0.26547781843162,1.1343932274041606,0.5660657690356972,0.17269388524144552,0.13691474573727128,0.03489590402886805,-0.6235796198885869,1.166352774922097,1.1201682272361313,-0.29429738304996345,2.6935937278277886,5.131937307556989,1.8662979728211873,1.1044842234105985,1.3115202200696365,1.109020828958526,0.9453015509175579,0.793080546914203,1.275769365336409,0
-1.5628119097752085,0.0783367106616796,-0.15484123025532542,1.478524768348486,0,1,0,1,0,0,-0.40720918361991093,-0.06984696574972914,0.39307135535292426,-0.48351481545799574,0.685556800205951,0.319953277843738,-0.33597587425930314,1.5623923247930884,-0.8787975836524686,0.3287241724156586,0.17958368299996444,-0.5897771763873934,-0.2435433542594504,0.24584699883347697,2.1950654650409307,-0.21638709405772263,0.8771027767925558,1.0081270534654283,-0.018359091073560794,-0.7861774033115495,0.7128300562247425,0.05453589760072626,0.9838975755100343,0.4256349498923794,0.7507722685153309,0.7861774033115495,0.018359091073560086,-0.007559831120602114,1.5417059985633763,-0.8189455390738695,-0.7933612898783374,-0.4430159425639276,-0.11949971898598452,-0.7910682597479163,-0.8730858650989243,-0.17027518936292965,0.5008703430854462,-0.1035484832504671,-0.4509989953885172,0.09311505682453199,0.2622871218583729,-0.794369942049485,-0.28942660841731066,-0.6543183440496418,-0.3944048900113141,1
0.4161082917320974,-0.8235350983394863,0.27967722576327125,-0.13478617003801185,1,0,0,1,0,0,-0.0412600105000692,-0.2692918886263634,-0.438485436776663,-0.05994326910969248,-0.4369598684263855,-0.16077886939172326,-0.11101780877953635,-1.5224032839143034,1.4934218670257533,0.6323196383543466,1.559991425672921,2.1570185652114864,-0.9105418019193001,-0.8415673908584824,-1.0928965358995706,1.6052096105722695,0.32980179539283794,1.303637562478382,2.2117880550385673,0.7482915930561997,-0.686511255478643,0.9947065267605026,-0.4284768693524682,-0.5271972227576603,-0.7553169081630466,-0.7482915930561997,-2.211788055038568,-0.7317251853070371,-0.9349191994684248,0.43652455776570404,1.248077788278137,1.349153482159058,-0.2140147004052217,0.10608304780917345,-0.762349526635866,0.44983577907224165,-0.6093693453916895,1.0346006017076752,0.24236545179233895,-0.02358138547386016,-0.2284831982727022,0.1890486229713212,0.03983423407198747,0.45906541823023866,0.34789477903211874,1
0.46750881644657266,-1.1069805240255675,0.27967722576327125,1.478524768348486,1,0,0,1,0,0,-0.5081606796529707,0.01562942976882839,0.047655457083711085,-0.3128131676810156,0.6499942884656948,0.2537687589685303,-1.9285480066376284,-1.9365931018573663,0.9934653237794723,-0.7616366791422046,0.22850851918184295,-0.2585505258842251,0.21327425710600334,-0.4479836293779262,1.7199788492663937,0.3276760364602535,-0.09321613711853706,-0.006851205216804692,0.03622492998512883,-0.38855952469070976,2.2340729852490404,4.381071861839196,-1.028817563205827,0.9364904909176849,-0.30376113477692157,0.38855952469070976,-0.036224929985129536,-0.17467491285593337,2.2921984828154374,1.3007974505175837,1.2997597902567817,1.195538960039945,0.6366201323679207,1.0847935651441794,1.1755363964676604,1.6900577159425842,2.8323736888874302,5.359567124548618,1.455753234358838,0.5987996401175653,0.9730579303240674,1.0138512904081252,0.6160407084282594,0.45906541823023866,0.904619530814692,0
-1.0231064002732158,1.0059762856343069,1.0038746524609323,-0.13478617003801185,1,0,0,1,0,0,0.5644489656982895,-0.5204878264768181,-0.06748317567269331,-0.2543695526794055,-0.39467783881260005,-0.20370936812158769,0.9219956254601447,1.061245494947717,-0.15619724447196226,-0.3813756623566679,-1.0456794930800226,-0.5823836241437614,1.510189602479653,0.8009420451111701,0.5015733039220643,0.20600077842412945,-0.18856798213563544,-1.0375741909285072,0.2792118624399347,-1.0712207285677868,-0.48176550680154506,-0.9541276217252037,0.4205377815087521,0.328233132339805,0.34644530415426467,1.0712207285677868,-0.2792118624399354,0.6330479821981672,0.340918023760079,-0.30947941282012914,-0.1602567656399366,-0.22112829950298704,-1.222174502210428,1.3294711944779316,1.2862727349307197,-0.6043528672675491,-0.49834537654397587,-0.9381911455531051,-0.21379536872138252,0.028283699992091807,0.1607484349347019,-0.44541496736468245,-0.12479618717266176,-0.5986491559356475,-0.7036964187794109,1
0.6474106529472365,-1.5708003115118816,0.5693561964423357,-0.13478617003801185,0,1,0,0,1,0,0.3877838476404349,-0.48792539008879626,-0.42569225535928473,-0.06688706495146794,-0.7014051331667572,-0.32355701040912593,0.7586707730427971,-1.1314421588346948,0.1516596946163594,-0.41580273153224406,-0.54964879811463,-0.9019410584440614,0.38459189263190596,1.2741998817075069,0.6430138853650061,0.1043754284024477,0.37468760852583693,0.3738089599537627,-0.8251557858999272,-0.41176056791003435,0.21821533035257337,2.1970970656624287,-0.1024366435538892,0.9332564836943427,1.0795220505136256,0.41176056791003435,0.8251557858999266,1.3850658500071569,0.7912135143113154,0.49111021415003275,0.47284775859846334,0.615217432034406,0.3215701943037938,-0.22015379130249568,0.17890935030013266,0.8219023601333442,-0.026493508941193386,1.5657368413548085,-0.7976812189789466,-0.723760039264214,-0.3469449996836519,-0.15990635171348128,-0.5363722402842841,-0.7656567202776299,-0.1469716669968365,0
-1.100207187344929,-0.2824120129387873,1.4383931084795292,-0.4281154315628296,1,0,0,1,0,0,0.059691485532990585,-0.3169725990516812,-0.16982862701171944,-0.2271730189657849,-0.19146768966108663,-0.06820998150545304,2.1661050584268313,4.4216304718810795,-1.9222012271444266,0.9965890742590042,-0.4200477476101954,0.01677379788900812,0.3875283292016258,2.7040700505635384,4.83214100148048,-1.119319919728335,1.4896389410637247,-0.07543249388421817,-0.19575715951429745,0.21702702713573208,-0.3101468791485235,-1.2280938084301485,1.5029048991032943,0.13077292971165105,0.4724374956026715,-0.21702702713573208,0.19575715951429676,3.6132669398115715,6.194759400926155,1.8557516237582636,0.8475422729436388,1.4856997240427134,1.2352150146897614,0.02452383803125581,0.12354118106860354,1.3800022317249987,-0.1375174777889068,-1.0140677512169813,0.7715120035882557,1.5064386357717279,1.480751364942421,-0.5723076854318833,-0.6186874509066087,-0.5986491559356475,1.0283361423219313,1
0.08200488108800677,1.6759382008923163,1.4383931084795292,-0.13478617003801185,1,0,0,1,0,0,0.40040278464456736,-0.4885068621671538,2.1329440281163685,-0.6918286907112596,0.5616339415684671,0.1589639076067463,0.9206197667568135,0.7528711035075545,-0.4849837476435995,1.9852972247800615,2.0707249402372567,1.3372623691221663,-1.9050796599382795,0.4189280206219093,-0.014888038272766786,1.0672327179768992,0.4696737356472162,0.9208914317252577,0.3506288912831737,1.476116911825386,-0.8615562539181678,-1.0482537268063676,1.7354549881163472,-2.216288033541131,-1.7929725919541568,-1.4761169118253854,-0.3506288912831744,0.29881781872750485,-0.10937746679115769,-0.2821865846279648,0.29196075167320634,0.47867119015075044,-0.655084613695,-0.8726274695258333,-1.0945585420250417,-0.17027518936292965,-0.8406692804910928,-1.0224984851796342,-0.20872691516011882,0.6910042365014808,-0.3281415391422308,-1.562775845900866,0.15873398274867878,1.127095675598167,-0.5249946466022879,1
2.3950284932394013,-1.6481036094262664,0.27967722576327125,1.478524768348486,0,1,0,1,0,0,-0.3945902466157784,-0.08147640731687983,0.29072590401389814,-0.46789127481400095,0.6104175268223679,0.2989352211739085,0.16686196401425693,-0.5026527258332825,1.2130046186685866,0.2982223742961773,0.369367090445193,-0.7265408216248689,-0.5367315975899678,0.34179421015982836,0.3943582120062076,1.3989112758758326,0.5577727320956672,0.7479453966551294,0.4783555005605047,-1.4653421880752575,0.10949112472096807,1.0849660406120838,-0.2524470278491588,0.15019870527788104,0.2500277963862161,1.4653421880752575,-0.4783555005605054,0.35452284597261524,0.41596727218528484,0.14540105704928116,0.8604627734383002,1.0760609983917457,-0.9386295579527137,-0.30171300108041293,-0.5408768497097485,0.6358690696027934,0.3620903820258042,1.4898602356909325,1.0360852794862145,0.7284623537824456,0.7530574419894479,1.1407440084753266,0.8629863402952329,0.18071947766026855,0.5334696962929761,1
-0.8175043014153137,-0.46278637473902035,-0.15484123025532542,0.3052077222492148,1,0,0,1,0,0,-0.4198281206240434,-0.06286930080943873,-0.4512786181940413,-0.0437410788122164,-0.03155625636537663,-0.014546858093122488,-0.29780470081473415,0.6650837577658218,0.011592456771225945,-0.42102937286405295,-0.5503851158484229,0.8067388610979886,1.047223697706929,-0.5937298920256516,0.6999615683095461,-0.3191454744302983,-0.6403341354591965,-0.7943318841492713,-0.6910894285371356,1.7857096684345772,-0.17914322655300804,-0.21164219655080502,-0.3365577002860936,-0.06616084735707016,-0.05998287447038884,-1.7857096684345766,0.691089428537135,-0.5646101035717058,0.641115017460903,-0.009258302706318612,-0.173177266134598,-0.40887938209301433,-0.024984737566746233,0.02452383803125581,0.40038202722625016,0.015758101167622184,-0.38732140769626244,-0.482931511569848,-0.934529465133063,-0.944186652494511,-0.9054077777638412,-0.4136917878478824,-1.6064699783745033,-1.1553410370755877,-0.45626319576493324,1
-1.100207187344929,-1.1842838219399534,1.4383931084795292,1.0385308760612593,1,0,0,1,0,0,0.059691485532990585,-0.3169725990516812,-0.4768649810287978,-0.009022099603339084,-0.5783942246211725,-0.23680162755919154,1.5221209721926436,3.224566006180566,0.06923450533339454,0.4888739796231889,-0.1249816509668528,0.12033194999186374,0.4208436222402836,2.9430789525928245,4.512838041320455,-0.9291306734937033,1.7452190220196275,0.3056066008429773,-0.08286747959746427,0.2463053852199044,0.8241435478225977,0.09504404216180572,-1.0283326100010182,1.0700921007999933,0.4608476315786294,-0.24630538521990367,0.08286747959746356,3.836087048792013,5.744463910374918,1.7647755297843817,0.8992242749222835,1.6563825263972836,1.1722050270769362,-0.22015379130249568,-0.2086678343205727,1.5040244254120325,0.6396503041450882,-0.02767187758659086,-0.33239718205494984,-0.7885913960966542,-0.36386811417093057,0.37938770007212164,-1.3595243465075295,-1.4336869776455579,-0.2706882785040748,1
-0.27779879191332196,0.6967630939767645,-0.4445202009343899,1.0385308760612593,1,0,0,1,0,0,-0.15483044353726144,-0.23091473145476613,1.9922190325252074,-0.686620843829928,0.9222606079099248,0.3530455372813418,-0.7579408759759468,-0.4372621440050188,0.9126357729958032,-0.36634832771350057,-0.07278995254382387,-0.4928640201817879,-0.05170124442783914,-0.4568859846082949,-1.1553428190116704,1.3800108290440494,-0.019069983729288805,0.31254634143958515,-0.6135009981005504,-0.06374491962016399,0.5974201458739417,-0.5572410582884652,0.13917412028763262,0.4760034864897967,0.3997711734715832,0.06374491962016399,0.6135009981005497,-0.28608496734615396,-0.9349191994684248,0.7731361054690666,1.4418852956980555,1.3662217623945152,-0.49755964466293656,-0.6279498401920818,-0.4301405112466897,1.13195784435093,0.9727222106882286,-0.17942508891434333,1.3280282046149967,1.2082143943425034,1.3622895635314727,0.8235122133073248,-0.20711139779498602,-0.26463402725168356,1.3376276710900281,1
0.9815140635913272,0.7225308599482267,-0.15484123025532542,-1.6014324776621007,1,0,0,1,0,0,1.965150973156994,-0.6920220895922907,-0.24658771551598904,-0.20981352936134623,-1.0194358885518124,-0.37006505069981244,-0.3064324176509798,0.1696672693377481,-0.5773089405225139,-1.4801836553750694,-0.9677667460474474,0.2216882540528318,1.3501055431543258,-1.2890018196532158,0.25623563922904097,-0.7481198611695005,-2.3671291068094846,-2.0842459194425293,0.8989187262297652,-0.5891803101754591,-0.861853694216521,0.023817586559727558,0.03741234958728899,-0.3475720771100953,-0.7767163076121734,0.5891803101754591,-0.8989187262297659,-1.3166279713806959,-0.18442671521636386,-1.1692035008733148,-1.3166415599121168,-1.9962294439905155,-0.5605696322757617,2.2266225020350205,1.812270342630248,-2.0306080946684437,-0.8314172830871166,-0.02767187758659086,-0.14080963743918734,-0.10137901367278856,-0.2284831982727022,-0.635754044465484,2.0153992890077768,1.795125932966095,-0.2706882785040748,0
-0.09789695541265715,0.6967630939767645,-0.8790386569529866,-0.8681093238500562,1,0,0,1,0,0,-0.11697363252486404,-0.237310924316699,-0.4896581624461761,-0.0026569534150449087,-0.4561343451276461,-0.18045534797624446,0.39613681211203283,1.454022488418282,-1.2780224630347914,0.6296160752821124,0.6255011771391562,-0.2672471862454253,-0.532644044405911,-0.33898015352539534,0.33875151754723554,0.09556169129234772,-0.5298516421794242,-0.006351187285620285,-0.70065935430716475,0.33041212922948743,-0.8895428556022444,-1.6563376630295743,1.843129804788945,-1.375962516702389,-0.8193828630306919,-0.33041212922948743,0.7006593543071641,-0.3616846471788037,0.24442613292767115,-0.1782139058006714,-0.10303740630643685,-0.3015930491844266,0.1595445118708137,-0.10364063447689935,0.2500969964549563,0.4055421384697296,-0.7481493064513315,-1.4693273852002382,0.6529101902546883,1.5842362639706562,0.8038267854512828,-0.9529858396334858,0.7806711296729086,1.0714264874841732,0.5334696962929761,0
-0.8175043014153137,1.0059762856343069,0.27967722576327125,-0.13478617003801185,1,0,0,1,0,0,0.9934928238387936,-0.594334780428225,-0.06748317567269331,-0.2543695526794055,-0.5705718263144997,-0.26050284039963756,-0.19490924888129782,0.055857446346825504,0.6355484308316953,-0.7735732176899185,-0.39432683600200774,-1.2285952759669736,0.22895369425674109,-0.6161737612006595,-0.892555884966019,1.0550152764631695,-0.338505433447566,0.1273798557425916,-0.9702511656336119,-0.7133741297612541,-0.34464750685109624,-0.9708089898835818,0.19137261161470218,0.7093913170119199,0.637005835995315,0.7133741297612541,0.9702511656336112,-0.4253475354589299,-0.6347222057676005,0.9186978558272787,1.3902032937194106,1.1614023995690306,0.006520256239666901,0.10608304780917345,0.6772228733838963,1.938102103316653,-0.3595654154843339,-0.9381911455531051,-0.14080963743918734,-0.02358138547386016,0.2622871218583729,-0.1916295312302808,-0.37174181903963527,-0.7099875321636356,-0.45626319576493324,0
1.2128164248064663,0.20717554051898904,-0.4445202009343899,-2.041426369949327,0,1,0,1,0,0,-0.06649788450833415,-0.2524291983539949,0.32910544826603294,-0.4713631727348887,0.26631237190153056,0.17014372498431518,1.1467259066328213,-1.2140772969987184,-1.2111762385290699,0.8529150338361199,0.33884413883203557,-0.18164640429271095,-0.7432715585239293,0.19548217965461565,-0.41375515979659433,-0.8731679904757068,0.182766970781656,-0.43215634151162785,-0.24010667662448304,-0.009609152108407288,-1.3992267969619592,1.2518683553200014,0.7782688702853132,-0.971004585582549,-0.8624305307795854,0.009609152108406583,0.24010667662448232,-0.14682239923337803,-0.7097714541928067,-1.1737523055720087,-1.3747838121380926,-1.2452251136304073,-0.6235796198885869,-0.38327221085833024,-0.319404172783631,-1.4104971262332722,-1.3310251429018278,1.0346006017076752,-0.2685346671830286,0.15794641365697218,-0.24540631275998087,-0.9529858396334858,1.0276167615398821,1.127095675598167,-0.45626319576493324,1
1.6754211472367457,1.3151894772918502,1.0038746524609323,0.3052077222492148,1,0,0,0,1,0,-0.6848257977108253,0.5377913561338942,-0.2721740783507456,-0.20286973351957077,0.8732499130600327,0.5703811871012805,0.6411009654843389,1.0190788353591969,0.44478622819781194,1.3689720970955914,0.9582774405430885,0.36369577445362467,-1.1461323283367026,-0.4412083250534363,0.8088238222005505,0.8506229518699705,0.5841200955195018,0.5514390242143149,0.9153149533513734,-0.41176056791003435,-1.3323166584281176,-0.5884557338051195,0.24675635849131294,-1.2701894966528287,-0.7074347270201633,0.41176056791003435,-0.915314953351374,-0.09111737198826762,1.4666567501381707,1.6919946546052762,1.971625815979166,2.185499213696451,0.3215701943037938,0.758556726032511,0.34501385799472056,1.6900577159425842,-1.2755131584779709,-0.6346847228976005,-0.323273965644676,-0.1532440991387405,-0.6346379459673855,-0.1916295312302808,0.9453015509175579,0.793080546914203,-0.5181215015185524,0
-0.9460056132015023,-1.5450325455404195,0.27967722576327125,-0.4281154315628296,1,0,0,1,0,0,-0.6595879237025604,0.4214969404623873,-0.46407179961141953,-0.023488340940371298,0.5119842020350607,0.3423129125988757,0.4058864900296841,-0.7571401317369808,0.6447014651160505,-0.2355587832290282,-0.08701214986459169,0.8675510484984551,0.290740271241219,0.11992642122292078,-0.5529531400723581,0.3127108457682793,0.1794723168555894,0.7223455328014646,0.8285736227725414,0.3614669270176405,-0.44456597772293066,0.4852622750460963,-0.567084258162448,0.4961863963619922,0.8183498759586745,-0.3614669270176405,-0.8285736227725421,0.2152602778598393,-0.40957446049198204,0.41832933897092733,0.5245297605771081,0.5810808715634928,0.5736101447550955,-0.05703537174666111,-0.4301405112466897,0.38782468222872474,-0.3595654154843339,0.5793409677244183,0.33359761589508324,-0.02358138547386016,0.17767154942198057,1.2359135470257274,-0.8656330827735822,-0.8213259083916238,0.40975308478573785,0
1.2642169495209417,2.3201323501788633,-0.4445202009343899,0.5985369837740325,1,0,0,1,0,0,-0.7100636717190902,0.654085771805401,0.08603500133584588,-0.35042539515729937,1.306228588867645,0.7738538633730339,0.1584057907996978,-0.827554600918073,1.326618496190172,0.6084781227116897,1.2879360410277094,0.31782387199113915,-1.652675215109971,-0.15113366992277524,-1.1373170294821955,1.0374351886788526,-0.055421653666885305,0.8591256597051895,-0.060099813059615065,0.4930801176436278,-0.371278090364598,-0.0034945723990105313,-0.7710096115206034,-0.8769698511223029,-0.8356109397856564,-0.4930801176436278,0.06009981305961435,-0.3696425082138195,-1.2351161931692491,-0.9554096800346926,-0.3411437725651945,-0.34060626115118536,-0.7495995951142377,-0.9541866793037505,-1.0391903727935126,-0.35630847989348147,-0.4150773999081907,-0.1035484832504671,-0.2959043164138529,-0.6329961396987983,-0.9054077777638412,0.2524949820049213,0.7806711296729086,1.1827648637121608,-0.1469716669968365,1
-1.3829100732745436,1.2121184134060021,1.0038746524609323,-0.4281154315628296,1,0,0,0,1,0,-0.7479204827314877,1.1715959215436065,-0.08027635709007157,-0.24858305614459256,1.4138461840069334,1.0931494476764008,0.13662340838267628,-0.6461946404295675,1.2206624799853332,0.44465040539751394,1.2188481299388514,0.974000955080809,-0.6487693591383809,0.3239045787885264,-1.2216337441633391,0.7676254093402604,0.8743949886107335,1.2472324092629217,0.9041108648182726,0.43173498641965286,0.1336634635356324,-0.3368834435950506,-0.8972969957003945,0.26634109166133807,-0.36688256962932037,-0.43173498641965286,-0.9041108648182734,0.38237535959517033,-1.0850176963188372,0.30006041680488094,0.6666552660183818,1.0248561576853752,0.006520256239666901,-0.13859458152457876,-0.5408768497097485,0.44983577907224165,-0.24854144663662048,-0.7105613285614767,-1.3724438528262355,-1.5406351353529608,-1.3623318689203594,-0.7626467625326843,-0.7010026615289333,-0.5986491559356475,-1.4459960878228426,0
-0.6376024649146498,1.6759382008923163,0.27967722576327125,1.0385308760612593,0,1,0,1,0,0,0.021834674520593164,-0.3053431574845305,-0.7071422465416066,0.5378018229364786,-1.1531482284226375,-0.6504548705292397,-0.16170051100050678,0.46420853730240486,0.22231809519537346,-0.91009174837662965,-0.7765040436913586,-0.7475883046722469,0.3261299149387912,-0.6383377421764848,1.2906137347501863,1.1537690658033304,-0.74583138127785,-0.6727687437234493,-0.2548898489945435,-0.7668246343931154,-0.41297105390547095,0.6557677216933534,0.855510358235468,0.4899216072244129,0.3526655523984794,0.7668246343931154,0.25488984899454276,-0.5089050763265954,1.4666567501381707,0.5638910893291381,1.1188727833315248,0.7176271134471482,-0.7811045889206503,0.4323198869208419,0.6218547041523672,0.7598912632898273,-0.08200549336504998,1.2622304186993043,1.5926014805129542,1.8824605053998806,2.0222910285353324,0.12560226393772106,0.8629863402952329,0.514734606344233,1.5232025883508855,0
1.3156174742354179,-1.6738713753977288,0.27967722576327125,-0.4281154315628296,0,1,0,1,0,0,-0.25578193957032125,-0.20649290416374969,-0.2210013526812325,-0.21502137624267784,0.04358823214805472,0.007365583966912489,-0.3709149569472248,-0.42973604197990106,0.34320634113410775,-0.9779826398647676,-0.8589169807698632,0.23847672203025091,1.0573439153696524,-1.4162405034654246,-0.4011855972615377,-0.08469324750888585,-1.2234107051815413,-0.7727452448208219,0.11588809585456382,0.21031740340811067,-0.8993245473035224,0.18792727966627837,-0.5542831117715898,0.10807833924151633,0.36219881237906687,-0.21031740340811067,-0.11588809585456454,-1.4001855122483615,-0.6347222057676005,-0.9372144612399159,-0.8321227913623208,-1.2110885531594928,-0.4660546508565234,0.2692014673650073,0.2342775195316623,-1.1004416420156866,-0.7481493064513315,0.4275877563966659,0.7258959215368835,0.30057539868834077,0.3299795798074865,1.3628062650929278,-0.37174181903963527,-0.32030321536567735,0.40975308478573785,1
1.495519310736081,-1.5450325455404195,0.5693561964423357,-0.4281154315628296,1,0,0,1,0,0,4.375367940946297,-0.7693578760138429,-0.46407179961141953,-0.023488340940371298,-1.7158826002291596,-0.5735377269715658,0.4571002179041206,-0.6097870724815806,0.061074822427238724,-0.07981415904607088,-0.5921866178057067,0.002481102463903629,0.5912769593866947,0.25970919297633305,-0.407354488945409,-0.37471314424266444,0.23103840270325854,-0.14211938941338992,-0.5252107151899512,0.5242815205937548,-0.3761106144868508,0.4288731092985653,-0.4600419010427057,0.3369175049196006,0.6311196835908853,-0.5242815205937548,0.52521071518995055,0.438080386840281,-0.18442671521636386,0.7185504490847379,0.3953247556304958,0.47867119015075044,0.5421051509486824,0.10608304780917345,0.40038202722625016,1.0079356506638961,-0.3040534310604773,0.5034643620605421,0.2788583174334372,-0.010615114107371936,0.12690220596014448,1.0138512904081252,-0.7833178721512579,-0.6543183440496418,0.5334696962929761,0
2.317927706167689,-0.9266061622253344,0.5693561964423357,1.0385308760612593,1,0,0,1,0,0,0.097548296545388,-0.3547682841449209,2.0050122139425857,-0.6871994934834094,0.7177952687407605,0.25824068591955784,-0.1877776555003155,0.4436135505569771,-0.09084885732484026,-1.011381404482904,-0.37258505161581584,-0.9944217872165948,0.7366299371881095,-0.24870044827762203,-0.07340202723359703,-0.5320225714019496,-1.1248322495395564,-0.9862617247617571,-0.648221895874381,-0.7133741297612541,0.012610843417143257,-0.6824060595796011,-0.4104379447799751,0.25094662469055184,-0.4785137991482533,0.7133741297612541,0.6482218958743803,-0.3696425082138195,-0.25947596364157,-0.5915053041391644,-0.7545997883943533,-1.1086788717467513,-0.11949971898598452,0.5954383064766764,1.0648000580046022,-0.29429738304996345,0.08453045990652028,-0.5588081172337243,0.33359761589508324,0.060699378408311896,0.1607484349347019,-0.0647368131630805,0.6160407084282594,0.29205785388825667,0.007674097387211866,1
1.2642169495209417,1.830544796721088,-0.4445202009343899,-0.8681093238500562,1,0,0,1,0,0,-0.7100636717190902,0.654085771805401,-0.1826218084290977,-0.22485842035185974,1.086513328932512,0.6768130485357361,1.084320263314711,-0.9808475963592678,0.45519423507720014,0.1967114550155055,0.7096133086652177,0.6989219669178548,-0.27732046068698196,0.10265541744284913,-0.9511842685439967,0.8513759820698433,-0.10653049421001339,0.76280864413778,-0.04921092906325296,1.002053003267564,-1.4052016378639534,0.3933685884769912,0.23328498714581158,-0.3713782994415459,-0.17779788291622603,-1.002053003267564,0.049210929063252244,-0.2582324537235989,-1.1600669447440433,-1.3193140559302208,-0.7545997883943533,-0.7502449868021539,-0.9071245641463012,-1.1988643086375024,-1.3160312189511594,-0.8523972546416179,-1.2755131584779709,0.5793409677244183,0.5708012425622179,0.6117659114840535,0.4145951522438788,0.28421816152172197,-0.7010026615289333,-0.32030321536567735,0.7809029193074537,1
1.2128164248064663,0.6967630939767645,-0.4445202009343899,0.3052077222492148,0,1,0,1,0,0,-0.06649788450833415,-0.2524291983539949,3.3994689884368166,-0.7404352616036879,1.1059731900610126,0.3780883282070961,0.2919757221253189,-1.4125393896623173,-1.4604284925395787,1.1586232690550422,1.0756981427798422,0.09153184684221274,-1.19968020131027,-0.016729846854717508,-0.3904489002850279,-0.8581942896787879,0.44583442226482106,-0.10886264971697457,-0.3925077445122049,0.5141229242844115,-0.4227156149478535,1.5476115049800643,1.13405217676032,-1.1231435069839633,-1.5047434580213832,-0.5141229242844115,0.39250774451220416,-0.3974950218363748,-0.7848207026180125,-1.5103638532753727,-1.6331938220313174,-1.4159079159849774,-0.7811045889206503,-0.8726274695258333,-0.8177176958673952,-1.4725082230767892,-0.49834537654397587,1.1863538130354276,-0.48749186102961545,0.13201387092399572,-0.33002188519637315,-1.8412348661038906,0.5337254978059351,0.9044189231421907,-0.8274130302866491,1
-0.25209852955608386,-1.2100515879114147,-0.15484123025532542,-0.8681093238500562,1,0,0,1,0,0,-0.5333985536612357,0.0667989726642914,0.3035190854312764,-0.46789127481400095,0.8660555555765079,0.41296935842511096,0.5496639001491793,-0.23855980812726832,-0.18648090563206648,0.3326071879497523,0.3749740675828576,0.19131669620747138,-0.46003839298601473,-0.1507855723445472,0.2902207642488445,-0.37053282412833694,-0.6663527240233336,-0.6341529058265997,0.2905222516232541,-0.027203276549727037,-0.9149842006948058,0.6181676139465825,-0.11742410905328954,-1.110074807476636,-1.1066115372662435,0.027203276549727737,-0.29052225162325485,0.18740776423728422,0.7912135143113154,1.4554568102731822,1.002588278879574,0.6493539925053206,1.2667200084961745,0.9216751455883455,0.8433273810784847,1.0079356506638961,-0.7481493064513315,0.9165703262305349,0.8455114255827043,0.6477833319465204,0.12314151385186099,0.41111087958892223,0.9818860889719242,1.0652410221381738,0.23105131260861483,0
-1.485711122703495,-1.6738713753977288,-0.4445202009343899,-0.4281154315628296,1,0,0,1,0,0,-0.09173575851659908,-0.2454515334137045,-0.2210013526812325,-0.21502137624267784,-0.12025435044645343,-0.022596326604972072,0.2422742788303173,0.25924867684283415,0.9347546227765211,-0.5717798996505039,-0.5002567532122849,0.07066332290222514,0.35418977023461257,-0.696903232737807,0.2524621587404346,0.8833782402524778,-0.9264685596185862,-0.739045899087888,-0.37315522795503414,0.4664671563038157,-1.0332257811147156,-0.1029158964878301,-0.39013094501971346,-0.14623260825785,-0.0711761971137126,-0.4664671563038157,0.3731552279550334,-0.3696425082138195,0.8662627627365218,1.7829707485791584,2.0749898199364556,1.4856997240427134,0.29006520049738066,0.5138790966987595,0.7879592118469556,1.13195784435093,-0.8869292675109735,0.12408133374116129,0.7076494887163344,0.37837302688726915,0.2961333508329291,0.9186817518577256,-0.28942660841731066,-0.09762646290970158,0.34789477903211874,0
-0.5348014154856993,2.3201323501788633,1.0038746524609323,0.5985369837740325,1,0,0,1,0,0,-0.4955417426488382,0.014466485612113323,0.08603500133584588,-0.35042539515729937,0.652393635096063,0.28194189876000386,3.1006470395380394,0.3613728962706331,1.1490461742781404,2.3340973065770703,2.117333780365958,2.046537160799467,-1.3912059465435025,4.140421259503008,0.6291044554864568,1.1820600956222578,2.4079982073472705,2.017819017705417,1.943454842271065,0.8637377478704314,-0.17446504919559894,0.13422739205799364,-0.3829282148535918,-0.765485075248755,-0.7826300787555363,-0.8637377478704308,-1.9434548422710656,3.696824480679237,0.491016520610491,-0.2185033188462471,0.4082452561251572,1.4174266031008858,-1.222174502210428,-0.30171300108041293,-1.0391903727935126,0.139780294854656,-0.22078545442469194,0.04820472807728505,-0.21379536872138252,-0.37367071236903754,-0.6346379459673855,-0.033013633646279864,0.2044646553166367,0.7374113588002092,-0.023255055489598248,0
-0.27779879191332196,-0.9266061622253344,-0.8790386569529866,1.0385308760612593,0,1,0,1,0,0,0.2363566035908452,-0.4600147303276346,2.0050122139425857,-0.6871994934834094,0.6265671631105468,0.17729880810595924,-0.7055330250327816,1.0435207951631282,0.06445423309988493,-0.5818027305834711,-0.32055864163810827,-1.003419755696622,-0.32534925059061404,-0.8798719193401859,0.4085626058740324,0.18886001222272963,-0.8663564830728867,-0.7983816956186541,-0.2645441656443792,-1.106173187055868,0.10190319129606415,-1.0229759905120959,0.10167500281656561,-0.07308630417627923,-0.3627223995851345,1.106173187055868,0.2645441656443785,-0.4253475354589299,1.4666567501381707,2.9019767044579075,2.5918098397229046,1.9806798508709664,1.6447799341731264,1.247911984700014,1.5631135810883663,2.744246362282375,0.3065783976019474,-0.7864379342253526,0.853620951280726,0.7803274392483975,0.7022880985276131,0.15732544345452057,1.439192814651505,0.9044189231421907,0.5334696962929761,0
0.8273124894479005,1.830544796721088,0.27967722576327125,-0.8681093238500562,1,0,0,1,0,0,0.3499270366280375,-0.48269214138357847,-0.1826218084290977,-0.22485842035185974,-0.38849467599970955,-0.19744867039014913,1.1433448581763777,-0.05774067675413296,-0.9962084366581531,0.7998890757572997,0.6111754295456064,0.49864132632460795,-0.3593428733754856,0.2060526300045519,-0.04540630402550713,-0.8619230846584358,0.5807019642379823,0.4850126939419262,-0.16027754582615011,0.8390486150612049,-1.3839634973375903,0.03376385232416026,0.49570072955555244,-0.5047844094673273,-0.3210374957424129,-0.8390486150612049,0.16027754582614942,-0.06326485836571254,-0.3345252120667762,-0.9008240236503626,-1.1551353037288514,-0.9038595089212672,0.1010352376589052,-1.0357458890816678,-1.0945585420250417,-0.790386157798101,-1.2755131584779709,0.12408133374116129,0.2879815338437111,0.5080357405521495,0.2622871218583729,-0.1916295312302808,-0.4540570296619595,-0.09762646290970158,0.47161139053935697,0
-1.3829100732745436,-0.12780541711001567,1.0038746524609323,-0.13478617003801185,1,0,0,1,0,0,-0.7479204827314877,1.1715959215436065,-0.7966945164632545,1.7442863504449653,-0.23279196385273812,-0.4469821942574862,0.6315254408139516,-0.8452158293194408,-0.36653184706842984,0.6709458507894857,0.3471895877324119,-0.040809086686866,-0.23740044478441324,0.3888907048761925,-1.115434144605041,0.47150308461418877,0.95830798881817425,1.1240941136091578,1.4819217163109606,-1.5254106424376193,-0.4895764883326663,0.0426678115313395,0.9748764422852318,0.043837238892943324,0.6460956467758151,1.5254106424376193,-1.4819217163109613,0.5216379277079463,-0.9349191994684248,0.5547934799317504,0.7312577684916879,1.1272658390981163,0.29006520049738066,0.6769975162545934,0.012804842605544792,0.5738579727592754,-0.3318094232724056,0.27583454506891375,0.7167727051266096,1.1563493088765513,1.1084428462222957,0.1890486229713212,1.1922471827845313,0.45906541823023866,0.7809029193074537,0
-1.0488066626304537,-1.3904259497116478,1.7280720791585935,1.0385308760612593,1,0,0,1,0,0,-0.7605394197356201,1.5640895744349421,-0.7711081536284979,1.1685299452310833,0.09017389496787814,0.299829606564114,0.31950076442708425,3.7779049663383213,0.3263560744400539,-0.44125132178395055,-0.9214774704908077,-1.5047088352441151,-0.18751914552579696,0.8585908060900083,4.146770304393965,0.7380582993648072,0.26500280887467553,-0.42786600652661105,-0.6949470730335814,-1.3630033399023458,0.4136202265314368,-1.0311496688544757,0.2955377260378191,0.8588743175574886,0.7802379638739003,1.3630033399023458,0.6949470730335807,1.4129183636297125,5.294168419823682,1.7283850921948283,1.9328643144951818,1.9806798508709664,-0.37153966943728567,0.4323198869208419,0.8986955503100138,1.938102103316653,0.5286263352973745,-0.8623145398892288,0.5160619441005718,0.5987996401175653,0.9392117013495113,0.1890486229713212,1.1099319721622063,0.45906541823023866,0.47161139053935697,0
1.495519310736081,-0.12780541711001567,0.5693561964423357,-0.13478617003801185,1,0,0,1,0,0,5.511072271318219,-0.7838946779727811,-0.7966945164632545,1.7442863504449653,-3.046716177123648,-1.95089122788805,0.6001888996161372,0.16742033262382094,-1.053116151316095,-0.10370118525296573,-1.0752608661020695,-1.164814211293549,0.3426820356793709,0.41304650855253244,-0.466377129308941,-0.4370158989476956,0.1273191408464637,-0.5423231308777692,-0.6392523306161405,-0.9546649792422314,-0.4218660705668674,-0.6969960307095477,1.000486225659204,0.26634109166133807,0.868418805201444,0.9546649792422314,0.6392523306161398,0.49378541408539117,-0.3345252120667762,0.381938901381374,0.08523274375862654,0.13730558544161034,0.038025250046078915,0.18764225758709038,0.5664865349208381,0.5118468759157585,-0.38732140769626244,-0.6346847228976005,0.07814755640739948,0.585833368751077,0.6684418695530556,-0.2233527107470814,0.4514102871836102,0.013711913318286572,0.34789477903211874,0
-0.8175043014153137,1.4955638390920825,1.7280720791585935,-1.161438585374874,1,0,0,1,0,0,-0.7226826087232228,0.8168979537455106,-0.7071422465416066,0.5609478090757302,0.17807456053538515,0.19473932321496668,0.6710870101611244,-0.2064030506385838,0.10935292620415968,0.6006002724722663,1.005794979819257,0.3743455870327885,-0.8786521998964881,0.4142838380998072,-0.01799587530816808,0.3840313407406232,0.4901948643645698,0.8085441051690113,-0.6392523306161405,1.1445654112422656,-0.5192152940264131,0.2652667917108196,0.23642534813721394,-0.32530338421379246,-0.5181967851877897,-1.1445654112422656,0.6392523306161398,0.577342954953057,0.19081952690966666,0.6548671833030202,0.7700192699756713,0.9565830367435462,0.5106001571422693,-0.5463906304141645,-0.319404172783631,1.3179911348814817,-0.5538573609678327,0.12408133374116129,-0.33239718205494984,-0.16621037050522874,-0.2792525417345383,-0.6992004034990842,-0.28942660841731066,0.29205785388825667,-0.08511336124321738,1
-1.3829100732745436,2.0366869244927823,1.0038746524609323,2.9451710759725747,1,0,0,1,0,0,-0.7479204827314877,1.1715959215436065,-0.6175899766199587,0.23401075485880213,0.6460087435515047,0.7201907399607034,-3.1116989798152606,-0.3176219583895696,-1.0555816984654638,-1.1259374503719919,-1.5704234396404688,-0.3245452015445699,1.8660536078036993,0.36837690255733074,-1.2932073347493738,0.4910311514339617,0.6516776313447112,0.5188869816560099,1.2554872798984806,-1.6878179449728916,4.694971039167591,-0.8595606131163903,1.9364544963259285,2.167261239915116,2.548219528966748,1.6878179449728916,-1.2554872798984815,0.5494904413305014,-1.0850176963188372,0.7185504490847379,0.8863037744276221,1.1443341193335734,0.006520256239666901,1.3294711944779316,0.7325910426154264,0.5738579727592754,4.997341081417845,-0.6346847228976005,0.7715120035882557,1.7527977917350004,2.7499849514883055,-0.6992004034990842,-1.1125787146405561,-1.712032918215528,1.3994859768436472,1
1.495519310736081,-1.1842838219399534,-1.168717627632051,0.3052077222492148,1,0,0,1,0,0,-0.6848257977108253,0.5610502392681955,-0.4128990739419065,-0.08077465663501887,0.6933471533458069,0.4939112362387095,-0.7037276696691391,0.823422017901774,0.13615389230623967,-1.3832603631627824,-1.5224026423905213,-2.235234528597757,0.9261454058822574,-0.5933323272345017,0.47849835685855585,-0.24712977435347722,-0.8700907471462879,-1.07353745773845,-1.4375436385994584,-1.6228550239587813,0.3856997849546681,-0.6508234112906774,-0.43446852208568304,1.0059284193711437,0.9310976158761335,1.6228550239587813,1.4375436385994576,-0.6760201580619267,0.19081952690966666,-0.646090960523493,-0.6641562849317252,-0.9379960693921812,-0.6235796198885869,-0.22015379130249568,0.5664865349208381,-0.35630847989348147,0.5008703430854462,-0.482931511569848,0.5160619441005718,0.19684522775643593,0.600749411603942,0.9821281108913258,0.4514102871836102,-0.26463402725168356,0.40975308478573785,1
0.72451144001895,2.0366869244927823,-1.6032360836506476,2.9451710759725747,1,0,0,1,0,0,-0.23054406556205628,-0.2047484879286771,-0.6175899766199587,0.23401075485880213,-0.6213662522575402,-0.33831436934751685,-3.871439273486577,0.9219171922657894,-1.5320514035515989,-1.8669734016739907,-2.413960796799487,-0.737172105673325,2.7555041379769203,-0.9547102635645014,-0.030395831156487776,0.06639957079973871,-0.5315641187694663,-0.7206597818870885,0.3605494046251014,-1.3630033399023458,4.4293953047185,-1.2958101552722523,2.1610907577844105,1.9950707376706427,2.434683249930908,1.3630033399023458,-0.3605494046251021,-0.8709877534198129,0.04072103005925432,0.22727954162577424,0.22735824919990022,7.593435579547688e-4,-0.2140147004052217,1.9003856629233515,1.839954427246013,0.20179139169817292,4.3311972683315645,-1.1658209625447336,0.2788583174334372,1.3897421934733356,2.276137745844509,-1.175048096251087,-1.1948939252628807,-1.712032918215528,0.904619530814692,0
-0.9203053508442651,-0.46278637473902035,1.0038746524609323,0.3052077222492148,1,0,0,1,0,0,1.8515805401198018,-0.6815555921818551,-0.42569225535928473,-0.0437410788122164,-1.2191935611861398,-0.4903598856824535,0.2513236654948226,-0.5200905154943188,0.36423637653978,0.027131591307811592,0.0026612091096850365,2.4437762641544376,1.1901746524750385,0.12890935335518955,-1.2111205845590451,0.16802637052311395,-0.15161277183071856,-0.2041829921726237,1.2994551316290601,2.044235578592764,-0.22066696778698017,-0.4994334600879527,-0.3290730307463923,-0.18698965872777545,-0.20280465303968875,-2.044235578592765,-1.2994551316290608,0.2152602778598393,-1.0600012801771017,0.3849714378471699,0.41685892312159756,0.33643552152194167,0.017021920841803866,1.2750983879593196,0.6587668169733866,0.139780294854656,-0.4150773999081907,-0.7105613285614767,-0.9071598159022387,-0.9182541097615345,-0.9223308922511192,-0.44541496736468245,-1.6887851889968277,-1.1553410370755877,-0.45626319576493324,1
-0.6119022025574117,-0.8235350983394863,0.27967722576327125,-0.13478617003801185,0,1,0,1,0,0,0.03445361152472564,-0.31987995944346886,-0.438485436776663,-0.03737593262392223,-0.49684451199202506,-0.21712514897467033,0.059584813477671354,0.43389011401762256,1.1809969488570107,-0.49048799297894496,-0.3319692010985662,0.8197015641298789,0.7262027541171621,-0.41687666548630964,1.1745255928473854,1.2526257574051283,-0.7048149853790151,-0.5498830598782772,0.356369413048447,0.7645323233097284,-0.4993923858418863,0.5810861569908444,-0.355694309294886,-0.03626483968216796,-0.10527756197779678,-0.7645323233097284,-0.3563694130484477,-0.17467491285593337,1.6167552469885829,1.127942871967207,1.70029530559128,1.263812080981773,-0.4660546508565234,1.166352774922097,1.0648000580046022,1.13195784435093,-0.5261013687559044,0.4275877563966659,-0.2776578835933038,-0.41256952646850126,-0.39771434314548676,0.030432725387320277,-0.7833178721512579,-0.5429799678216537,-0.08511336124321738,1
1.495519310736081,-0.7977673323680251,0.5693561964423357,1.478524768348486,1,0,0,1,0,0,5.511072271318219,-0.7838946779727811,-0.6943490651242283,0.5030828437276014,-2.4177248191779244,-0.9916628968926413,-0.1706119500405722,-0.07537388660168189,-0.19064706404096415,-0.5981001654533706,-1.2259494211491258,-1.1003139802813104,0.7522737646495015,0.44689958064372154,-0.679800096211549,-0.20876818340715353,0.165863461131082,-0.28722459710302217,-0.5505532963957722,-0.9546649792422314,0.6837768650088407,-0.5775557883126812,0.05082903246111655,0.9724621061460821,1.3133753742102217,0.9546649792422314,0.5505532963957714,0.4102278732177254,-0.6347222057676005,-1.6069330893092284e-4,-0.10857476366129187,-0.03337721691295973,-0.2140147004052217,-0.13859458152457876,0.12354118106860354,0.015758101167622184,1.194770148383656,-0.1035484832504671,1.7112032938465216,1.4805060930387524,1.8699829981498264,1.8386539578449304,0.4514102871836102,0.013711913318286572,2.3273605631479377,1
0.10770514344524394,1.572867137006469,-0.15484123025532542,0.3052077222492148,1,0,0,1,0,0,-0.016022136491804253,-0.3053431574845305,0.06044863850108935,-0.3388524020876736,0.056027853698337536,0.027042062551433693,-0.3646544063980225,-0.8036551267547526,0.6529658045338242,-0.43197489743156664,0.158843151082102,-0.5332829755757305,-0.43875135212859534,-0.23271467864328152,-0.3414729843947713,1.056898222689779,-0.19785723753672435,0.4247619845690508,0.2857518833962749,-1.0107396132765438,0.2745350638619777,0.7609617429438309,0.16945465764551934,0.38737836789237395,0.208193528816348,1.0107396132765438,-0.2857518833962756,-0.11896988561082296,-0.18442671521636386,0.48201260475264507,0.9896677783849125,0.8541733553308051,-0.08799472517957138,-0.22015379130249568,-0.3747723420151606,0.44983577907224165,0.3620903820258042,0.8828473903799233,0.41570656358755365,0.4432043837197094,0.5838262971166633,0.030432725387320277,0.5337254978059351,0.06938110143228039,0.10046155601764112,0
0.46750881644657266,-1.1842838219399534,0.27967722576327125,0.3052077222492148,1,0,0,1,0,0,-0.5081606796529707,0.03481800835462702,-0.4128990739419065,-0.08077465663501887,0.18437391154867458,0.0892018471707166,-0.4495995576035043,1.1126271287170126,0.5707634815954798,-0.1312777565574431,0.27435337341342697,-0.8750509886116763,-0.49841898395098205,-0.33086554400328055,0.9693087173715634,0.4421816629628759,0.4720554070584962,1.0177546073238632,0.20465562353765385,-1.3964401374831386,0.2945821762161108,-0.5560834573107132,-0.335902872590159,0.6454298408169414,0.6369664620322525,1.3964401374831386,-0.20465562353765385,0.02029268250195297,1.6167552469885829,1.619213779426171,1.6486133036126354,1.8099970485163963,1.3927399837218248,0.10608304780917345,0.012804842605544792,2.3101686843777554,0.3065783976019474,-0.482931511569848,0.15113328768959466,-0.0495139282068366,0.2115177783965368,0.5697267771729232,0.5337254978059351,-0.09762646290970158,0.22417816752487937,0
1.495519310736081,1.3409572432633117,-1.168717627632051,-0.4281154315628296,1,0,0,1,0,0,-0.6848257977108253,0.5610502392681955,-0.09306953850744984,-0.23411681480756036,1.048156237724814,0.6124173004409394,0.6229291511270896,1.3897784211484872,-0.4723828043605633,0.8190248705996284,0.32833982623189273,0.11653934979398989,0.20436906707580793,-0.41040834943982146,0.5417735601302678,0.03754604417477995,-0.6617044916636993,-0.8431867526688122,-0.7450499738428467,0.8978772664439514,-1.2762733354852727,-1.3647776390971496,0.6834932719474704,-1.7625846080447074,-1.250065605857438,-0.8978772664439514,0.7450499738428459,-0.5089050763265954,0.26586877533487285,-0.5915053041391644,-0.4832692780064673,-0.6990401460957827,-0.7495995951142377,0.2692014673650073,0.7325910426154264,-0.29429738304996345,-1.2200011740541141,-1.317574173872486,-0.2594114507727547,0.11904759955750843,-0.6007917169928287,-0.635754044465484,-0.12479618717266176,0.3477270420022505,-0.5181215015185524,1
2.0352248202380734,1.6759382008923163,2.8867879618748513,1.0385308760612593,1,0,0,1,0,0,-0.596493238681898,0.23251851499618867,-0.7199354279589849,0.5638410573431366,-0.3710772138195086,-0.2569252988388155,3.5889922334131272,-1.5870342329173759,0.8254829825426984,1.1065831731999973,1.6251121125612917,0.7603964433860403,-1.098591735457198,4.582110325388925,-1.534097143696066,2.167361518962939,2.0262459600079725,2.617345006558141,1.5875602653373244,-0.5374328853480426,-0.4121904185493086,0.6414294491072609,1.0495264160302038,0.5142683326702764,0.442602636270942,0.5374328853480426,-1.587560265337325,4.532399889355893,-1.3852146900196616,0.3091580262022686,1.428964795203394,2.356182016051021,-1.0646495331783645,-1.1988643086375024,-1.7589765728033937,1.0079356506638961,-0.10976148557697851,1.1863538130354276,1.446630017948564,1.8694942340333933,2.0222910285353324,-0.09645999267988113,0.36909507656128593,0.1250502895462747,1.5850608941045057,1
0.72451144001895,0.28447883843337485,-0.15484123025532542,-0.13478617003801185,0,1,0,1,0,0,-0.5586364276695006,0.14529770324255853,-0.6431763394547153,0.2860892236721181,-0.1810229895479596,-0.10935170945490646,0.14051958022825822,-2.2765093108196925,1.3316864679243499,-0.19246611374412906,0.30657537520308226,0.8030292003162072,0.6947163648496242,-0.6014521077645318,-0.9754199755669108,1.1175989756773261,-1.4669446941418816,-0.6654067919919849,0.9492667367850068,0.15376486056100414,-0.7963597563175496,2.1474261540195667,-0.6973808236919634,-1.1945879449099561,-1.0482032240457313,-0.15376486056100414,-0.9492667367850075,-0.5924626171942612,-0.9349191994684248,-0.12752722487236504,0.459927258103802,-0.18699173903207253,-0.5605696322757617,2.063504082479186,1.6184817503198954,-0.5423417704240322,-0.38732140769626244,3.4626519829517126,2.4501838230787514,1.5972025353371444,0.9053654723749538,2.314501650596933,2.0153992890077768,2.351817814106035,1.9562107286262216,0
1.3927182613071303,1.2636539453489257,1.7280720791585935,-0.4281154315628296,1,0,0,1,0,0,-0.14221150653312897,-0.22975178729805104,-0.7327286093763631,0.6795709880393943,-1.1334967046989404,-0.7018820304660564,1.5898901701483217,1.6642025071753264,-0.813234767022445,0.9645859275810554,-0.15929584342871225,-0.803117028132159,0.11734822178640038,2.263927352748449,1.4072150500401317,-0.23654682201243873,1.1981117631174836,0.15349196421735217,-1.5627658045576254,0.45457625868389784,0.051308552014743034,-0.8744530233516163,0.874012426411696,-0.11506624311601149,0.35694742639647314,-0.45457625868389784,1.5627658045576247,1.8864110952131505,1.0914105080121401,-0.4186507255887879,-0.4703487775118068,7.593435579547688e-4,-0.7811045889206503,-1.4435419379712537,-1.0391903727935126,-0.6043528672675491,-0.27629743884854874,-1.0899443568808573,-1.235595606672119,-0.671894953798262,-0.6684841749419423,-1.175048096251087,-1.277209135885205,-1.266679413303576,-0.8274130302866491,1
2.3950284932394013,0.15564000857606544,0.27967722576327125,-2.334755631474145,0,1,0,1,0,0,-0.356733435603381,-0.12217945280190722,-0.6559695208720935,0.343954189020247,-0.5807080307202706,-0.35977961871244907,1.3467894396370248,0.27773219394627363,0.7692729431186813,0.9313603450697086,0.9902435804442813,0.09017599783029734,-1.0991996767071066,0.45571306294253655,0.4700415277816679,1.6273409297941002,0.5037137766306661,0.7266256947161136,0.6912331826893902,-0.5625673488356443,-1.4174003773163586,0.08968113173260635,0.5836988102427032,-0.7587337814447789,-0.5779565880379336,0.5625673488356443,-0.6912331826893908,0.4659329004628361,0.491016520610491,0.15449866644666885,0.9896677783849125,1.178470679804488,-1.1276595207911904,-0.05703537174666111,-0.3747723420151606,0.5738579727592754,-1.3032691506898992,0.19995793940503753,0.3518440487156324,0.6117659114840535,0.24536400737109418,-0.28679906978068154,1.0276167615398821,0.793080546914203,-0.08511336124321738,0
1.341317736592655,-1.9057812691408853,0.27967722576327125,1.0385308760612593,0,1,0,1,0,0,-0.2810198135785862,-0.18032666063766065,-0.6047967952025805,0.1842468846594113,-0.5303234463210064,-0.28107370437436424,-1.4746160133892128,-2.5380584791194583,-0.3965187066946293,-1.30256267818605,-0.47821320541371826,0.9968649594880535,0.7380041331245161,-1.1967707716628602,-0.5429442102419345,0.05304450990475615,-0.8395093875754669,-0.3046116791475158,0.3871222082195544,0.9756618166055823,0.8546902088258829,2.9396553235142293,0.5953589723681115,0.9272350058098808,0.32430657115603223,-0.9756618166055823,-0.3871222082195551,-1.2052179168904753,-0.7097714541928067,-0.7825551014843162,-0.6383152839424023,-0.9038595089212672,-0.30852968182446,0.18764225758709038,0.012804842605544792,-0.9144083514851348,0.6118943119331598,2.400379503657447,-0.48749186102961545,-0.127311556405765,0.24536400737109418,-1.238494455284687,-0.8656330827735822,-0.5429799678216537,-0.20882997275045564,0
1.495519310736081,0.5936920300909173,0.27967722576327125,-0.8681093238500562,1,0,0,1,0,0,-0.8236341047562825,4.919183466557914,-0.6687627022894718,0.3786731682291243,1.7713476122513325,3.4905494861222683,0.362926936500684,0.3537324172637872,0.9910760459863288,1.0181095868657095,0.9740884887099482,0.1101151793141729,-0.530247779332022,0.2918087674364692,1.3076907386599281,0.7239980338657286,1.031360179786719,1.1078579579039771,-0.5252107151899527,0.6710815639820534,-0.21308685768070437,0.8245070311500606,-0.6272859541765414,-0.352721269345059,-0.18475507340835512,-0.6710815639820534,0.525210715189952,0.02029268250195297,0.7912135143113154,-0.8553359766634215,-0.39282577454383927,0.017827623793410803,-0.9701345517591269,-1.1988643086375024,-1.149926711256571,-0.23228628620644656,-0.3040534310604773,0.5793409677244183,-0.43275256256796935,-0.671894953798262,-0.7530997473783346,0.28421816152172197,-0.7010026615289333,-0.48731077970765985,-0.2706882785040748,1
-1.1516077120594044,0.9544407536913834,3.6109853885725127,-0.4281154315628296,1,0,0,1,0,0,-0.16744938054139394,-0.22742589898462093,0.16279408984011548,-0.41060495911935335,0.25973558547627684,0.14241777788794438,2.887593667154749,-0.22466066300606685,0.5910252320842705,1.8688076242376086,1.8971287354584079,0.886026696764096,-1.9121835117555812,3.555571942784726,-0.5618637062367987,0.3125537035230088,1.5794827554483635,1.8976971603907717,1.116988546947158,0.10061909740348675,-0.4625836947981166,-0.25450891614776405,-0.4938649622453105,-0.958450472054462,-0.6136283494664921,-0.10061909740348675,-1.1169885469471588,3.836087048792013,-0.3345252120667762,0.74584327727690225,0.8087807714596554,1.4856997240427134,0.8886600828192224,-0.6279498401920818,-1.0945585420250417,1.3800022317249987,-0.49834537654397587,-0.3311783002420958,-0.3050275328241268,-0.5033334260339178,-0.8207922053274488,0.28421816152172197,0.6160407084282594,0.7374113588002092,-0.45626319576493324,0
0.9558138012340891,0.026801178718756015,-0.4445202009343899,0.7452016145364414,1,0,0,1,0,0,0.17326191857018283,-0.41524138029410446,0.764073616456894,-0.5651044165988575,0.29292969211953535,0.11737498696219013,0.31329813728183264,-0.38398721149599996,-0.529450873647416,0.3624837045749229,0.8197644723751781,0.3906018999375972,-0.550196091883667,-0.4403303600788124,-0.38526339553383887,-0.4610716774772389,-0.7754893906200854,-0.4954003959416399,0.06048449490010199,0.47274661909186166,-0.8756215939490363,0.14108608625308652,0.26044451070371905,-1.2586541043720254,-1.5493960276175618,-0.47274661909186166,-0.0604844949001027,-0.45320004908148526,-0.40957446049198204,-0.17301527185930607,-0.37990527404917784,-0.6478353053894121,0.3530751881102058,0.5954383064766764,0.6218547041523672,-0.4183195767369984,-0.8869292675109735,-0.02767187758659086,-0.4509989953885172,-0.2569742700706454,-0.7192535184037778,-1.0798785577006862,0.6983559190505837,1.0714264874841732,-0.76555472453303,1
1.495519310736081,2.1912935203215542,0.27967722576327125,-1.161438585374874,1,0,0,1,0,0,-0.8236341047562825,4.919183466557914,0.8408327049611636,-0.5720482124406329,3.207905146706607,4.225287084176094,1.254912786658197,1.5230284258587108,0.7595340033401721,1.6736601816658745,2.1435399450173183,1.091986093984199,-1.2396922202480902,0.7748959097738589,0.9910083869838097,0.6942174418487658,1.5977324412827105,1.7536672158852071,0.594470599903532,0.899750088678983,-0.9707199150864936,-1.0976338645907102,-0.34068684812260275,-0.6767227909261353,-1.074592197775478,-0.899750088678983,-0.5944705999035328,0.2152602778598393,0.26586877533487285,-1.446680587493655,-0.9354867953196102,-0.34060626115118536,-1.1906695084040155,-1.1173050988595852,-1.4267675574142176,-0.9144083514851348,-0.8036612908751883,-0.8623145398892288,0.8627441676909999,0.533968283285125,0.2115177783965368,0.31594134103852145,0.4514102871836102,1.0714264874841732,0.9664778365683122,1
-1.5628119097752085,0.5936920300909173,-0.15484123025532542,-0.8681093238500562,0,1,0,1,0,0,-0.43244705762817587,-0.029143920264701743,-0.6687627022894718,0.3786731682291243,-0.5100671663237657,-0.3150603492021736,0.6398725665594612,1.18390105394636,0.39972498675154605,0.9316846987087897,0.9671708846599053,1.1418997710112675,-0.28842540732028765,0.7721910310702073,1.9783144599740572,0.03725712470710799,1.0635067544102303,1.2815527879564552,0.9848575718326791,0.5806453452778549,-0.11819420023028887,0.3568906463493396,-0.5089976304884523,-0.20409082799904052,-0.006182654756219969,-0.5806453452778549,-0.9848575718326797,0.49378541408539117,1.4666567501381707,-0.6369933511261053,-0.5220307794904515,-0.10165033785478751,-0.08799472517957138,-0.22015379130249568,-0.6516131881728072,-0.046252995675895824,-0.24854144663662048,0.12408133374116129,-0.5513543759015367,-0.7107937678977266,-0.7361766328910565,0.15732544345452057,-0.6186874509066087,-0.4316415915936655,-0.3944048900113141,0
-0.8175043014153137,1.1605828814630785,0.27967722576327125,1.7718540298733036,1,0,0,1,0,0,0.9682549498305286,-0.594334780428225,-0.4768649810287978,0.005444141733693132,-1.0392966881181394,-0.46129236050077443,-1.1266900039898187,-1.7645258951260034,0.9243384880985684,-0.9307923289868286,-0.4091510969772058,-1.698466917030984,0.1451860308870475,-0.6806170358979486,-0.7645532170921688,0.9628544433052623,-0.25824594127336653,0.008109331284200126,-0.7768887630270574,-1.5459974836040618,0.8866253544202258,1.6559545380263558,-0.29602582056012994,1.001368132008846,0.5398336482858781,1.5459974836040618,0.7768887630270568,-0.48105256270404034,-0.4846237089171882,0.9914787310063841,1.4031237942140713,1.2126072402754011,-0.05648973137315825,0.4323198869208419,0.954063719541543,1.938102103316653,1.0837461795359422,1.9451198696741894,0.7532655707677065,0.4691369264526849,0.8715192434003977,0.6014499566897238,0.7806711296729086,0.06938110143228039,0.5334696962929761,1
2.1123256073097876,-1.158516055968491,-0.4445202009343899,3.678494229784619,1,0,0,1,0,0,-0.20530619155379135,-0.2152149853391127,-0.1826218084290977,-0.22370112104489714,0.027057114839559228,0.007365583966912489,-3.105470848101826,-0.0757347084877068,0.06829669191640558,-1.877563215470831,-2.1344003592493657,-0.884398921251636,2.2327996413003848,-0.38869146704983903,-0.3520614400943075,0.5497693182545429,-0.9323022210555107,-0.630313379275598,0.19616880564547262,-1.4007724800268284,3.9298568757635395,-0.24873915790777307,0.4591012794924347,1.6120118504798606,2.1594466670232775,1.4007724800268284,-0.19616880564547334,-0.48105256270404034,-0.4846237089171882,-0.5460172571522233,-0.19901826712392082,-0.5454256239766699,-0.7495995951142377,0.9216751455883455,0.8986955503100138,-0.4183195767369984,3.970369369576495,-0.1035484832504671,0.44307621281837667,0.6247321828505417,1.294597105582359,0.7917890337905242,-0.9479482933959068,-1.4893561657595522,1.0901944480755505,0
0.15910566815972013,0.8513696898055362,-0.4445202009343899,-1.6014324776621007,1,0,0,1,0,0,0.8799223908016013,-0.5803794505476442,-0.2849672597681238,-0.1814596963407631,-0.7393495069482242,-0.30611649530011853,1.7905715547978303,-1.398579636734238,0.5682425404975071,1.6175727284373769,1.9972988777439784,-0.29868895832053666,-2.3752770451397045,1.363402935616304,-1.1617896048773568,0.39639513530736786,1.2860577694028579,1.6771339095838085,0.6912331826893887,-1.092932769394252,-1.1275371855098424,0.7557391209198453,-0.3784677063150952,-0.9100035294957008,-0.9591915256267006,1.092932769394252,-0.6912331826893894,0.911573118423719,-1.2351161931692491,-0.8462383672660339,-0.5349512799851129,-0.03337721691295973,-0.37153966943728567,-1.1988643086375024,-1.5375038958772762,-0.4803306735805153,-1.1089772052064004,0.5034643620605421,-0.4692454282090663,-0.5811310542328463,-0.8715615487892844,-0.28679906978068154,1.6038232358961542,1.0714264874841732,-0.9511296417938885,1
-1.0231064002732158,0.9544407536913834,1.0038746524609323,-0.4281154315628296,1,0,0,1,0,0,0.4130217216486998,-0.483273613461936,0.16279408984011548,-0.41060495911935335,-0.15157437251396452,-0.05434700795726765,1.1277871193090099,0.6505682260218616,0.38151805209822204,0.8713494089501611,-0.01671133393771528,0.24244145202748704,-0.01573369521771109,1.2708782111730466,0.3091441363372097,0.16637704055522662,0.7283333422854167,-0.1509563729838334,0.41113096936191074,-0.07709346503402185,-0.2983689084787133,-0.5832314976544992,-0.35435507773129177,-0.4549339620418018,-0.12565396437204113,0.07709346503402185,-0.4111309693619114,1.1622457410267157,0.26586877533487285,-0.04564874029587195,0.046471242274642305,0.3421249482670949,-0.8756195703398886,0.5138790966987595,0.34501385799472056,-0.046252995675895824,-0.3595654154843339,-0.6346847228976005,-0.3415203984652251,-0.46443461193445323,-0.6007917169928287,0.2524949820049213,0.2044646553166367,0.18071947766026855,-0.3944048900113141,0
0.7502117023761872,2.1912935203215542,1.0038746524609323,-1.161438585374874,1,0,0,1,0,0,-0.36935237260751347,-0.09892056966760585,0.8408327049611636,-0.5720482124406329,0.8309203673778756,0.3660141254393217,2.067202819243423,0.5083994829603217,-0.3145107944621231,1.6760827214503442,1.742775160728381,0.279823430313036,-1.344235173199807,1.9355458940691215,-0.5401117274173934,-0.9079659407335721,1.7811291735766512,1.3024505161500892,-0.44411445533132876,0.8221130942085976,-0.9405211899418504,-1.238866317216243,-0.48247141433201796,-0.4981424255097801,-0.994103635444689,-0.8221130942085976,0.4441144553313281,1.4129183636297125,-0.7097714541928067,-0.7916527108817039,-1.0905328012555453,-0.4430159425639276,0.19555021907814235,-1.3619827281933365,-1.3713993881826885,-0.23228628620644656,-0.7759052986632599,-1.0140677512169813,0.8353745184601769,0.4302381123532211,0.19459466390925928,0.37938770007212164,0.4514102871836102,1.0157572993701793,0.9664778365683122,0
1.0329145883058024,-0.6431607365392533,-0.15484123025532542,-2.334755631474145,1,0,0,0,1,0,-0.05387894750420167,-0.28441016266365926,0.12441454558798068,-0.3944027688218773,0.1313296178444486,0.0860714983049973,0.8106381920089929,0.2670742149398045,-0.7339288782078142,1.7417670877498053,0.6841199681661037,0.025675766818056764,-0.846217775666673,-0.25957495221630056,-1.04995633537232,-0.01609061368775404,0.6110892126241352,0.3594537116952542,0.4884925330428311,-0.44946226314143684,-1.3865763728862184,-1.4183909492830706,0.9871358482897203,-1.7470693634330925,-0.538452876569161,0.44946226314143684,-0.4884925330428318,-0.28608496734615396,-1.009968447893631,-0.16391766246191838,-0.1473362651452761,0.10316902497069583,-0.2140147004052217,-0.13859458152457876,-0.3747723420151606,-0.35630847989348147,-1.2200011740541141,-1.1658209625447336,1.0634549287170376,1.4805060930387524,0.5330569536548284,0.728342674756924,1.6038232358961542,1.461110804282131,0.904619530814692,0
0.44180855408933456,0.5936920300909173,0.27967722576327125,-0.8681093238500562,1,0,0,1,0,0,-0.34411449859924853,-0.12392386903697983,-0.6687627022894718,0.3786731682291243,-0.6402913343138573,-0.3879527585039226,-0.09291854679859148,-1.058624263418584,1.4751238328274088,0.9418492421358189,1.5557041094609108,2.133079628001342,-0.6337555853606985,-0.35656238077424834,-1.0504999518976965,1.7891985263952275,1.1554363240019534,2.0702502201239295,2.5539129013171307,0.3763264807979944,-0.22706742841158525,0.40062723351401947,-0.21857172703688343,-0.12666668284122884,-0.0012951359677653045,-0.3763264807979944,-2.5539129013171316,-0.45320004908148526,-1.0850176963188372,-0.5460172571522233,0.3953247556304958,0.8712416355662611,-0.9701345517591269,-0.30171300108041293,-1.2052948804881005,-0.17027518936292965,-0.27629743884854874,0.27583454506891375,-0.25028823436248077,-0.32180562690308556,-0.3469449996836519,0.09387908442092041,-0.5363722402842841,-0.4316415915936655,-0.2706882785040748,0
-1.5628119097752085,-1.6738713753977288,-0.15484123025532542,-0.4281154315628296,0,1,0,1,0,0,-0.43244705762817587,-0.029143920264701743,-0.20820817126385424,-0.21270677762875267,0.2955162461643006,0.14197058519284164,1.2995256591684983,1.5568602279395976,0.2219472604934126,0.8355582954681806,0.9450312281801081,1.4414011763239754,-0.3026181530109776,0.8356065775305915,2.027050278149456,0.03920236875660847,1.0553858551842448,1.2879204175323773,1.4850143702886198,0.4930801176436278,-0.972093816419248,-0.10618505174271471,-0.2640147404333728,-0.08228280343913177,0.028816733900909934,-0.4930801176436278,-1.4850143702886205,0.6609004958207222,1.6918044954137887,-0.31857702221751816,-0.25070026910256554,0.17144214591252482,0.16404522527173035,0.02452383803125581,-0.5962450189412776,0.139780294854656,-0.9146852597229018,-0.1035484832504671,-0.0039613912850709025,-0.1402778277722523,-0.1607907403235886,0.31594134103852145,-0.5363722402842841,-0.3759724034796717,-0.2706882785040748,1
-0.8175043014153137,-0.5658574386248675,0.27967722576327125,0.7452016145364414,1,0,0,1,0,0,0.9682549498305286,-0.594334780428225,-0.16982862701171944,-0.22427977069837846,-0.652370153158054,-0.2837568605449808,-0.8797447671703714,-0.11394744055605634,0.20275828960246375,-0.21570452506819823,0.07197568608418219,-0.19901185110369615,0.010453088915058356,-0.4901097383063742,-0.8282780873835778,0.9312351112568041,0.12277924049583083,0.34490719755655375,-0.7989105922128035,0.5209213695068188,0.7335946383836848,-0.6733543670631231,0.6586241045118456,0.41314869042465213,0.24316283068699615,-0.5209213695068188,0.7989105922128035,-0.28608496734615396,-0.5596729573423944,0.9550882934168308,1.3514417922354265,1.349153482159058,-0.024984737566746233,0.10608304780917345,0.5664865349208381,2.00011320016017,0.6674062963570164,-0.6346847228976005,-0.013084607695344815,0.3265079414213163,0.4822876101929924,-0.6992004034990842,-0.4540570296619595,-0.26463402725168356,0.16231986177126023,1
-1.1773079744166424,-1.158516055968491,1.0038746524609323,3.678494229784619,1,0,0,1,0,0,-0.44506599463230834,-0.011699757913975716,-0.1826218084290977,-0.22370112104489714,0.34173716304471136,0.16388302725287662,-2.2258420058713133,0.030280794714883482,-0.8337695708271602,-0.4362570276503182,-1.2312763957275925,-1.3432369282494823,0.18378516746194112,0.6332544446610134,-0.2966228832199141,-0.5854535320060522,0.9321714745942461,0.49259695553393046,-0.27639264516917894,-1.5578921029446724,3.7278278718619258,-0.33871163386790887,0.5514665960239976,1.5136803767896596,2.081644668256474,1.5578921029446724,0.27639264516917894,0.5216379277079463,-0.3345252120667762,-0.19121049065408274,-0.4574282770171454,-0.08458205761933026,0.19555021907814235,-1.3619827281933365,-1.4267675574142176,-0.10826409251941274,3.8038334163049243,-0.17942508891434333,0.48869229486974886,0.7154960824159574,1.345366449044194,0.728342674756924,-0.7833178721512579,-1.378017789531564,0.904619530814692,0
1.8296227213801723,2.113990222407169,-0.8790386569529866,-0.4281154315628296,1,0,0,1,0,0,-0.1800683175455264,-0.22102970612268805,-0.2210013526812325,-0.2115494783217901,-0.037118075935927114,-0.006497389581272905,-0.4191666604317164,-0.2888696240278846,-0.043633136584196035,0.25766146075227186,0.3322565898222959,-0.6423830619505984,-1.1286175857054404,-1.3547824922270664,-0.407354488945409,0.5935535022377727,-0.7105843245823684,-0.31380935592492143,-0.604544012877736,-0.27655448845948655,-0.77082125833993,-0.0115961600458345,0.656111987096748,-1.0526872630902382,-0.7383235973816203,0.27655448845948655,0.6045440128777353,-1.2609229441355856,-0.3345252120667762,0.17269388524144552,0.459927258103802,0.13730558544161034,-0.18250970659880966,-0.30171300108041293,-0.04256332662598434,0.3258135853852078,-0.8036612908751883,-0.17942508891434333,-0.5057382938501646,-0.11434528503927678,-0.5161761445564365,-0.826093121566285,1.0276167615398821,0.9600881112561845,-0.5181215015185524,0
0.8530127518051386,0.2587110724619126,-1.6032360836506476,-0.13478617003801185,1,0,0,1,0,0,-0.2684008765744537,-0.18497843726452093,-0.23379453409861076,-0.20692028109393978,0.04475746364098178,0.017651015954275845,-0.4057331278492546,1.9344476562170494,-0.7200753108616534,-0.33983932821789736,-0.7321206101766344,0.5743076019124947,0.7342738100634566,-1.0794066551468087,0.9446493862048367,-0.16480471063685617,-0.5761991432660631,-0.8797592876700978,0.7902460580981725,-4.693472038239746e-4,-0.5143486206482057,-1.708761099101937,0.8187542321292537,-0.11224819932673442,0.09287893638432144,4.693472038232714e-4,-0.7902460580981732,-1.038102835155144,0.7912135143113154,-0.18211288125669506,-0.23777976860790415,-0.4430159425639276,-0.40304466324369825,1.247911984700014,0.8986955503100138,-0.5423417704240322,-0.5261013687559044,-1.6210805965279906,-0.2046721523111086,0.2357440418559006,0.17767154942198057,-0.6992004034990842,0.36909507656128593,0.4033962301162448,0.22417816752487937,1
-1.0231064002732158,-1.5192647795689571,1.0038746524609323,-0.4281154315628296,1,0,0,1,0,0,0.4130217216486998,-0.483273613461936,-0.5408308881156891,0.06909560361663487,-0.917249981281093,-0.42506975219745124,1.423918954196064,-0.12335306495155368,0.40724449238819094,0.4357171120545866,-0.5078422586894122,0.6209773143519145,0.8758258612130349,1.5020892756486381,0.022350249690842507,0.2747650979970661,1.0381435975195121,0.16954915054131406,0.3210111268130686,0.5285640660967139,-0.47912406219016246,0.1916959423294667,-0.2806044386238934,0.4407797122014088,0.8257515537999967,-0.5285640660967139,-0.32101112681306926,1.3293608227620468,-0.03432821836595151,-0.1548200530645294,0.007709740790658993,0.4274663494443799,-0.9701345517591269,0.10608304780917345,-0.04256332662598434,0.015758101167622184,-0.44283339212011924,0.19995793940503753,0.06902433999712428,-0.08841274230630035,0.09305597698558829,0.7917890337905242,-1.1125787146405561,-1.0440026608476,0.47161139053935697,1
0.9558138012340891,1.2121184134060021,-0.4445202009343899,-0.4281154315628296,1,0,0,0,1,0,0.17326191857018283,-0.41524138029410446,-0.31055362260288033,-0.17335860119202504,-0.4199758925534556,-0.18537446762237475,-0.0740045505966274,0.08733604385823367,0.34015090373277795,-0.6230122017540506,-0.20221483505727264,0.21234626556177005,0.5121526371762766,-0.20280492778179462,-0.6922241800234475,-0.16862856632444465,-0.2399080574570988,0.04925080666196638,0.11065768597424898,0.17986603418274572,-0.09973516518688057,-0.8133264486133912,-0.6344531272045615,0.6037605681215545,0.310973016054826,-0.17986603418274572,-0.11065768597424969,-0.3974950218363748,-0.8598699510432187,-0.8917264142529749,-0.8321227913623208,-0.8697229484503528,-0.30852968182446,-0.13859458152457876,-0.2086678343205727,-0.9144083514851348,-0.44283339212011924,-1.0899443568808573,-1.4454295841084306,-1.488770049887009,-1.2100238385348534,-0.667477223982284,-0.9479482933959068,-0.9883334727336057,-1.3222794763156045,1
-0.09789695541265715,-0.2824120129387873,-0.8790386569529866,-0.4281154315628296,1,0,0,1,0,0,-0.09173575851659908,-0.237310924316699,-0.1442422641769629,-0.2271730189657849,-0.045652665624762036,-0.00694458227637566,0.13271600456622623,1.0492530935899174,-0.9045153934308533,-0.517435459938721,-0.47179226041606664,-0.047108605783574425,0.9462165400927608,-0.28666665115918233,0.16349788839720822,0.22740224936701858,-0.7701442675346256,-0.1122602648026871,-0.9140739284464625,0.8423168734713579,-0.47097877516323255,-1.2763442042048612,1.4650201742895554,-0.06463994821056022,0.5037527461298472,-0.8423168734713579,0.9140739284464617,-0.30697435256307043,0.09700796637815903,-0.1457224436671417,-0.008440884827667541,-0.3107367707391361,0.14829272836852378,-0.11820477908009916,0.3588559003026031,0.44983577907224165,-0.3318094232724056,-1.0899443568808573,0.6164173246135901,1.3378771080073837,1.2269046476332444,-0.4136917878478824,-0.9479482933959068,-0.7099875321636356,1.1520527538291696,0
-0.7404035143436003,-1.3904259497116478,1.7280720791585935,1.0385308760612593,1,0,0,1,0,0,-0.785777293743885,2.069970282605997,-0.7711081536284979,1.2900463724621538,0.35708231377937705,0.594976785331932,0.34339477124825984,1.3774739676004844,-0.4678998782273681,-0.1043204153089617,0.01735822753690034,-0.2611966892078048,-0.18026850616431128,0.8566024294941377,0.998492283554191,-0.20525831329861197,0.5732865869134297,0.6423445421833963,0.8331516374419781,-1.1825507815298206,0.37840826593570775,-0.8903585994059405,0.43336999844668816,0.7093913170119199,0.6045578772876172,1.1825507815298206,-0.8331516374419787,1.5243284181199328,1.841902992264201,2.0468014211034156,1.5969313016339897,1.8099970485163963,1.9283248784308402,1.4925896140337656,1.1201682272361313,2.4341908780647894,0.6118943119331598,-0.6346847228976005,0.9174834661526473,1.026686595211671,1.294597105582359,0.2524949820049213,1.1922471827845313,0.6260729825722207,0.8427612250610729,1
1.495519310736081,-1.3904259497116478,0.27967722576327125,1.0385308760612593,1,0,0,1,0,0,-0.8236341047562825,5.209919505736681,-0.7711081536284979,1.2900463724621538,1.269648225209414,3.009817338886807,0.2375073953843932,1.318466476350933,0.23223521827190785,0.6815098006433503,0.8006838155612558,-0.04541072917461553,-0.7429101072409264,0.7545766576563641,0.9120008133158151,0.7727339025787799,1.5977324412827105,1.745100375459385,0.872405678118227,-0.9271761482887021,0.4237042905716364,-0.8960142220237814,0.45904972661463805,0.663608365630251,0.662822685916407,0.9271761482887021,-0.8724056781182278,0.18740776423728422,0.19081952690966666,-1.4830710250832082,-0.9354867953196102,-0.34060626115118536,-1.2851844898232538,-0.8726274695258333,-1.2606630497196296,-0.9144083514851348,0.6674062963570164,-0.6346847228976005,0.9448531153834703,1.0655854093111348,1.3115202200696365,0.3476645205553221,0.9453015509175579,0.514734606344233,0.904619530814692,0
-0.7918040390580765,-0.12780541711001567,1.4383931084795292,-0.13478617003801185,1,0,0,1,0,0,-0.6722068607066928,0.4744108995929229,-0.7966945164632545,2.03361117718561,-0.6402913343138573,-1.2067625832370663,0.5005891083423872,0.030012426382723428,-0.7095509347021078,0.1969492500853495,0.0917615244051854,0.33911365756839773,-0.14706467028512615,0.5106991639861751,-0.5065171209383897,-0.06187545688111662,0.8784136612725231,1.044014838184006,1.0460293195708634,-0.5749285603869245,-0.18579675356981823,-0.5486107295704064,0.9078010309155938,0.6049542191623044,0.8999828126506715,0.5749285603869245,-1.046029319570864,0.9951306592913848,-0.03432821836595151,1.6737994358104995,1.3772827932247493,1.7417239275745686,1.6762849279795395,0.5954383064766764,0.12354118106860354,2.0621242970036877,-0.22078545442469194,-0.5588081172337243,-0.1681792866700104,0.31354167005482897,0.549980068142106,-0.5405845059150832,-0.20711139779498602,-0.48731077970765985,0.038603250264021984,1
-1.0488066626304537,2.990094265436873,1.7280720791585935,-0.13478617003801185,1,0,0,1,0,0,-0.7605394197356201,1.61642206148712,-0.822280879298011,3.3153201596466637,-0.46758293208315554,-1.3190079497078577,-0.12053777525239784,2.5676307518901784,0.1585427322463244,-0.4701545757660451,-1.1518484958683657,-1.3729143973314724,0.23943320078579658,0.8620171106875574,2.599689943682837,1.3065450318713072,0.15796346821324436,-0.11586431826769009,-0.8079054238520522,-1.0712207285677868,1.028928050864458,-0.9198414707361708,1.0962185281144403,0.791782371093587,1.3843405018916481,1.0712207285677868,0.8079054238520514,1.2736557955169365,3.2678387123431163,1.328090278709748,1.9199438140005203,1.9124067299291387,-0.7495995951142377,-0.30171300108041293,0.06817301183707392,1.3800022317249987,0.9449662184763004,-0.8623145398892288,-0.0039613912850709025,0.5599008260181015,0.8715192434003977,-0.28679906978068154,-0.12479618717266176,-0.5986491559356475,0.5953280020465953,1
-0.7404035143436003,0.6967630939767645,1.7280720791585935,1.0385308760612593,1,0,0,1,0,0,-0.785777293743885,2.069970282605997,2.312048567959664,-0.7039803334343667,2.705498315042651,2.1360028126560247,0.1803889132038713,1.014156361743364,-0.18343806206296162,0.05735610648817132,0.32304098920783164,0.3691349801353297,0.34486899837906576,0.7487683288310952,0.8397629943758042,-0.01767694594125926,0.6857268839744683,0.9275452291007172,1.1642946985313556,-0.651277219968356,0.49732531673691616,-0.5507053007899956,0.2330023501387276,0.6024706403874791,0.4855982769724531,0.651277219968356,-1.1642946985313563,1.245803281894381,1.4666567501381707,1.6101161700287818,1.3514417922354265,1.6222459659263704,1.6132749403667133,1.166352774922097,0.6218547041523672,1.876091006473136,0.9449662184763004,-0.1035484832504671,1.5926014805129542,1.4934723644052397,1.7007518532770418,0.886958572340925,0.2044646553166367,-0.09762646290970158,1.4613442825972665,1
-0.8175043014153137,1.4955638390920825,1.7280720791585935,-1.161438585374874,1,0,0,1,0,0,-0.7226826087232228,0.8953966843237777,-0.7071422465416066,0.5088693402624143,0.17807456053538515,0.29535767961308645,0.6845181073842345,-0.5219412009669786,0.5358924886825764,0.8028551772223828,1.4001194690977754,0.16165756939502665,-1.589604302179589,0.5048220322840334,-0.38247098204080376,0.7260262027146085,0.46560634188473254,1.081653897168108,-0.07652239220166908,0.29637562078413626,-0.44742686481442856,0.33322964474460487,-0.0029966685056105977,-0.6229182701199932,-0.7641993782928572,-0.29637562078413626,0.07652239220166766,0.6609004958207222,-0.18442671521636386,0.6275743551108558,0.9379857764062678,1.1101975588626602,0.4475901695294441,-0.46483142063624716,-0.4855086804782194,1.1939689411944467,-0.44283339212011924,0.27583454506891375,-0.08607033897753999,-0.07544647093981212,-0.3130987707090945,-0.3502454288142823,0.9453015509175579,1.2384340518261547,0.10046155601764112,0
1.2642169495209417,-0.7977673323680251,-0.4445202009343899,1.478524768348486,1,0,0,1,0,0,-0.7100636717190902,0.68025201533149,-0.6943490651242283,0.4747290107070182,0.16140842586256568,0.1562807514361298,-0.36453169666231966,-0.20787908052599882,0.7885686117695099,-0.9366133854747785,-0.6039892544198516,-1.397217582914813,-0.1714074948079403,0.030317445088634442,-0.7546192879661944,0.8817080385206739,-0.09272415427333898,0.4027930708684028,-0.5666803935267488,-1.3436114231817156,0.5371830318073493,-0.47064047508314694,-0.191968162379593,1.1733605743848194,1.178464648095397,1.3436114231817156,0.566680393526748,-0.3139374809687093,-1.009968447893631,-1.3193140559302208,-0.7416792878996918,-0.7331767065666972,-1.222174502210428,-1.4435419379712537,-1.4267675574142176,-0.9764194483286528,0.9727222106882286,-0.02767187758659086,1.5378621820513083,1.1822818516095268,1.6669056243024845,1.648314880744129,0.4514102871836102,-0.15329565102369538,1.8324941171189824,0
-1.0488066626304537,-1.1842838219399534,1.7280720791585935,0.3052077222492148,1,0,0,1,0,0,-0.7605394197356201,1.61642206148712,-0.438485436776663,-0.08077465663501887,1.110896751962668,1.3055659778502093,0.44513539834626165,2.1294166152701295,1.4602531203845732,-0.3449357778483967,-0.40447466965432133,-1.9722289043498598,-0.5507640476057271,1.0172034580689264,2.2893125416590627,1.5461482401992601,0.16958394709239022,0.06733708153869276,-1.4375436385994584,-1.2641467209678323,0.39740610276219884,-0.6293080835786828,-0.4424850629024143,0.6341425214884151,0.5915784341109,1.2641467209678323,1.4375436385994576,1.4686233908748227,2.9676417186422928,1.3917735444914656,2.126671821915101,2.117226092754623,-0.7811045889206503,-0.709509049969999,-0.09793149585751397,1.6900577159425842,0.3065783976019474,-0.6346847228976005,-0.17730250308028428,-0.37367071236903754,-0.11002139686175369,0.37938770007212164,0.5337254978059351,-0.04195727479570725,-0.023255055489598248,1
0.5960101282327613,2.990094265436873,-0.8790386569529866,-0.13478617003801185,1,0,0,1,0,0,-0.6595879237025604,0.4563852651638393,-0.822280879298011,3.3153201596466637,-1.0253397591341906,-2.2111573764378534,-0.6345106877970373,1.11792867942418,-1.0602171302752421,-0.550629947629771,-1.1714871745096884,-0.5428476979612468,0.8114991930922778,-0.06408229040155586,0.5263968400156351,-0.4123614221131066,-0.3150194411018785,-0.4595528587853329,-0.16027754582615011,-0.5814181964513455,0.8182722875738648,-1.0070593977837297,1.0349688733306417,0.4314976502402014,1.0743267796796456,0.5814181964513455,0.16027754582614942,-0.06326485836571254,0.491016520610491,0.018034525485845748,-0.19901826712392082,-0.3064697006802721,0.16404522527173035,0.18764225758709038,0.2896456887631914,-0.17027518936292965,0.8894542340524437,-0.8623145398892288,0.39746013076700454,0.8970238815467907,1.0407503882731821,0.030432725387320277,-0.04248097655033679,-0.32030321536567735,0.904619530814692,0
-1.5628119097752085,1.4955638390920825,-0.15484123025532542,0.3052077222492148,0,1,0,1,0,0,-0.38197130961164594,-0.10764265084296887,-0.8478672421327675,5.187251788658633,-2.370248636851212,-4.091602659344937,0.1693148747971199,0.9663096299725535,-0.6241051038926534,-0.24765151769440463,-0.4231925595032205,0.28215554147745814,0.18886518416387835,0.9993905343288075,2.2434930420588794,0.02398488666104536,1.1742148827488106,1.2509105661460864,1.8586269233961765,-1.4585370472760366,0.763142791455432,0.9211917866396904,0.877275082666701,1.4988926009035306,1.771441751473763,1.4585370472760366,-1.8586269233961772,0.8280155775560533,1.9169522406894068,-0.2639913658331881,-0.21193876761858224,0.2567835470898098,0.1010352376589052,0.35076067714292497,-0.4301405112466897,0.07776919801113909,0.25106641317809053,0.27583454506891375,-1.308581337954314,-0.7367263106307022,-0.1607907403235886,-1.1433249167342867,-0.4540570296619595,-1.0440026608476,-0.8274130302866491,0
-1.3829100732745436,-1.9057812691408853,1.0038746524609323,1.0385308760612593,1,0,0,1,0,0,-0.7479204827314877,1.2937050579986886,-0.6175899766199587,0.1842468846594113,0.6460087435515047,0.8525597777111187,-0.3919750189570879,-2.770795107442126,-0.11528076573342011,-0.3799474662907875,0.1850049094438199,1.649176700612308,0.4945950816222605,0.3283019323113001,-0.7866561218172726,0.5114223372291952,0.614356742341276,0.8397622491791497,0.9789057261068004,1.2784135428411474,0.873086228091534,3.014948406902307,0.6715227962192599,1.1224701440013287,0.579348946793132,-1.2784135428411474,-0.9789057261068012,0.5216379277079463,-0.5596729573423944,0.764038496071679,0.9379857764062678,1.178470679804488,0.3845801819166189,0.6769975162545934,0.2342775195316623,0.8839134569768611,0.5563823275093027,2.3245028979935705,-0.6882026220556532,-0.2699405414371327,0.17767154942198057,-1.3336639938350878,-1.277209135885205,-0.9326642846196119,-0.2706882785040748,1
0.6988111776617119,1.0317440516057692,1.0038746524609323,-0.13478617003801185,1,0,0,1,0,0,2.2932433352644384,-0.7100477240213743,-0.054689994255315046,-0.2804087870860634,-0.9133332285783754,-0.32937051544546175,0.3371486129718156,0.4613881008076893,-0.060691025666437734,-0.1304352389178203,0.044273583015551794,-0.014277227772808978,-0.49644774349655113,0.2865558815417761,-0.46826774946238103,0.10511204703297827,0.4622035549461825,0.36051226352962923,0.5061221547512287,-0.5214382267650228,-0.18249009299295202,-1.102369999888716,0.18859413554838778,0.6345227259289551,0.2944122310565105,0.5214382267650228,-0.5061221547512293,0.7723105503109431,0.04072103005925432,1.792068357976546,1.584010801139329,1.7417239275745686,1.140700033270523,0.18764225758709038,-0.04256332662598434,1.5660355222555504,-0.24854144663662048,-1.0899443568808573,-0.3050275328241268,-0.16621037050522874,0.09305597698558829,-0.5723076854318833,0.03983423407198747,-0.2089648391376897,-0.3944048900113141,1
1.495519310736081,1.4955638390920825,-1.168717627632051,0.5985369837740325,1,0,0,1,0,0,-0.6848257977108253,0.5087177522160174,2.836569006072173,-0.7253903706131744,2.0830219908373397,0.9518365560239304,-0.4335205368658518,0.9857003225679662,-0.014557850054241886,-0.4948123042231518,-0.4534235944900174,0.5348670315171606,0.9703845257551742,-0.38576324652851934,0.405611730305065,-0.07478840490099568,-0.39415825904465174,-0.5167403764694053,0.1590389773671773,0.5717619163874261,0.217370768950322,-0.9465716996633928,-0.05525406564421433,0.2776189178701608,0.08497647742605637,-0.5717619163874261,-0.15903897736717798,-0.4253475354589299,0.26586877533487285,-0.2821865846279648,-0.2765412700918884,-0.40887938209301433,-0.34003467563087314,1.0032343553662626,1.009431888773073,-0.23228628620644656,0.22331042096616224,-0.8623145398892288,0.11464042204849642,0.06718251409155555,0.17767154942198057,-0.0012904541294803558,-0.28942660841731066,-0.04195727479570725,0.16231986177126023,1
-0.7918040390580765,-0.8235350983394863,1.4383931084795292,-0.13478617003801185,1,0,0,1,0,0,-0.6722068607066928,0.4744108995929229,-0.4512786181940413,-0.08019600698153759,0.5816672301682906,0.42683233197329634,0.8215476330520973,-0.7054848670927738,0.004046401407513942,1.0292921487770412,1.08664217068153,1.4266528342081126,-0.3664163241462914,0.7161673691123563,-0.3854274383066973,-0.26418299706143783,1.3869622815546583,1.2753852722183296,1.6167883223801918,0.3422733367180179,-0.42679598557138115,0.5821873736612668,-0.2710100006149543,-0.015219232096291477,-0.16752255651458442,-0.3422733367180179,-1.6167883223801924,1.245803281894381,0.11577027848446049,1.7192874827974407,1.2868392897621204,1.8953384496936814,1.7707999093987767,0.6769975162545934,-0.04256332662598434,1.938102103316653,-0.49834537654397587,0.35171115073279,-0.4692454282090663,-0.5292659687668935,-0.4992530300691578,-0.2550758902638815,-0.6186874509066087,-0.5429799678216537,-0.5181215015185524,1
0.44180855408933456,-0.12780541711001567,0.27967722576327125,-0.13478617003801185,1,0,0,1,0,0,-0.36935237260751347,-0.12392386903697983,-0.7966945164632545,2.03361117718561,-1.3288285416039172,-1.6669238664978008,-0.23174130797428968,-0.7671716826455371,0.6344247211911376,0.3995468183353145,0.6974414601602055,0.5094810710302919,-0.8361993376368282,-0.3696454159058603,-1.4257171787200502,1.7792344291239495,0.8979027643068713,1.720966434861159,1.0872846843245239,-0.3834842964864804,-0.04710341422688498,-0.3752849611494041,0.9206791653330971,0.35058303591814033,0.7734807086279654,0.3834842964864804,-1.0872846843245245,-0.5367575899491508,-1.4602639384448675,-0.9008240236503626,0.046471242274642305,0.4103980692089227,-1.2851844898232538,-1.0357458890816678,-1.482135726645747,-0.4803306735805153,-0.16527347000083534,-0.482931511569848,-0.4601222117987924,0.054216242725068246,0.19459466390925928,-0.667477223982284,-0.12479618717266176,-0.32030321536567735,-0.20882997275045564,0
1.572620097807795,-1.0554449920826439,0.27967722576327125,1.7718540298733036,1,0,0,1,0,0,0.059691485532990585,-0.33150940101061954,-0.7839013350458762,1.6111969301442688,-1.6378504387141226,-1.5001209912244733,-0.6081253159812492,-0.6278473590104352,-1.1235764150840866,0.3123597649038633,0.275525545890955,1.5663542879858114,0.16217190365595888,0.4904029355536723,0.6816082634931658,0.2848536061710502,0.5572279653543427,0.600724284754256,1.4117422606640757,0.7361716451058063,1.3356178902471803,1.5445603993735537,1.822217002477515,0.13055982125984814,0.2282936387800732,-0.7361716451058063,-1.4117422606640766,0.6887530094432773,0.9413120111617277,0.764038496071679,0.8087807714596554,1.0248561576853752,0.41608517572303205,0.35076067714292497,-0.26403600355210183,0.5118468759157585,1.6943780081983673,2.020996475338066,1.1181942271786838,2.02508949043125,1.9715216850734973,-0.9847090191502859,-0.4540570296619595,-0.15329565102369538,1.3376276710900281,0
0.5960101282327613,1.3409572432633117,-0.8790386569529866,-0.4281154315628296,1,0,0,1,0,0,-0.6595879237025604,0.4563852651638393,-0.13144908275958464,-0.23411681480756036,0.9129171623630022,0.5319226153224437,0.7440606534641321,1.458643722705296,-1.0021395146752254,0.6625101498020598,0.38959127010692723,0.163385653382349,-0.30305398228715386,-0.1914399455710074,0.48990863941574897,-0.5769300110375863,-0.64902488050536,-0.5259590481512643,-0.47521987007162214,0.6941558255444424,-1.2259189890329225,-1.511254565692806,0.79019926625889,-1.5385704323586584,-1.0199843726448516,-0.6941558255444424,0.4752198700716215,-0.11896988561082296,0.5660657690356972,0.30006041680488094,-0.05689276168264715,-0.3064697006802721,0.6996301199807459,-0.05703537174666111,0.17890935030013266,-0.10826409251941274,-1.1367331974183288,-1.3934507795363622,0.14201007127932075,0.533968283285125,-0.1607907403235886,-0.4136917878478824,0.2044646553166367,0.6260729825722207,-0.023255055489598248,1
1.6754211472367457,-0.23087648099586283,-0.15484123025532542,-0.13478617003801185,1,0,0,1,0,0,2.078721406194186,-0.6978368103758661,-0.579210432367824,0.11538757589513797,-1.5591565967571883,-0.6258592722985881,-0.6362280692690598,-0.958370899179737,1.5317338027935228,-1.5153894157781467,-0.9553700564962052,-1.11335385303765,1.1243710489156926,-0.9151354156685371,-1.2361431943754988,1.4143612801455847,-2.3939966056373354,-1.6895673774578954,-1.2315329784747313,-0.2970624528398517,-0.029701906797257902,0.07705301985174744,-0.6726347357404514,-0.3266527180143666,-0.40750583286564357,0.2970624528398517,1.2315329784747306,-0.8709877534198129,-1.1600669447440433,-0.054746349693259644,0.6795757665130432,-0.40887938209301433,-0.9701345517591269,0.4323198869208419,1.2862727349307197,-0.35630847989348147,0.05677446769459199,0.19995793940503753,0.38833691435672935,-0.03654765684034838,-0.1607907403235886,0.728342674756924,0.2044646553166367,0.06938110143228039,0.038603250264021984,0
-0.5348014154856993,1.6759382008923163,0.714195681781868,1.0385308760612593,1,0,0,1,0,0,-0.14221150653312897,-0.2355665080816264,-0.7199354279589849,0.5638410573431366,-1.0707561904610863,-0.6169154183965331,0.8726346860096074,-1.234037223660333,-0.22452801481980109,0.3624213279626516,0.25079473057468316,-0.9343365254709965,-0.4846492288269495,0.7623994810944457,-0.7903359824320856,0.7284513322427862,0.7158847934465364,0.6383922346620612,-0.8350596325743129,-0.4461216066019436,-0.45163919474941006,0.9020135798077242,1.038960655317021,0.2202512741348211,0.2972203315201828,0.4461216066019436,0.8350596325743123,0.6330479821981672,-0.7848207026180125,-0.20940570944885942,0.188596747715916,0.47867119015075044,-0.7495995951142377,-1.1173050988595852,-0.9284540343304539,0.20179139169817292,-0.08200549336504998,1.6416134470186852,1.820681890769815,2.2066172895620815,2.1915221734081167,0.2524949820049213,0.6983559190505837,0.514734606344233,1.9562107286262216,0
-0.9974061379159777,-0.9266061622253344,1.4383931084795292,1.0385308760612593,1,0,0,1,0,0,-0.40720918361991093,-0.09426879304074558,1.4293190501605637,-0.6495872660071256,1.082115024212657,0.4295154881439129,0.2625874707558684,1.4513457920170174,0.48191234379717673,0.1984850858011812,0.31442907326074837,-0.990894658710969,-0.359246996219148,0.6132982762723437,0.5377070303570212,1.0086504238727405,0.23744337704103005,0.4692226796464709,0.25295560183580257,-1.6023404173227487,0.24766614120435074,-1.4533545480376588,0.35480608398622854,-0.03269575758531459,0.04933142518442245,1.6023404173227487,-0.2529556018358033,0.438080386840281,0.340918023760079,-0.3913578973966235,0.1627557467265941,0.2567835470898098,-0.9071245641463012,0.02452383803125581,-0.09793149585751397,-0.17027518936292965,0.40174179947141603,-1.2633765983982888,0.6529101902546883,0.7506902475535678,0.6926177473920254,0.18451674018320632,1.439192814651505,0.6499312060496465,0.33905787821017314,1
-1.8969153204192981,-1.0812127580541053,1.0038746524609323,1.478524768348486,1,0,0,1,0,0,-0.596493238681898,0.1825119162574407,-0.16982862701171944,-0.22948761757971003,0.6763001814292423,0.3177173143682242,-1.6718599033159147,-1.1464469889546454,1.0806635847134456,-0.5694884945685872,-0.018359849478003027,-0.7833414164497361,0.2262560708623831,0.9675324530866484,2.9514550695456565,0.774435146465536,1.0281078562162023,0.4894013445976575,-1.2094604077470812,0.13114384342216406,3.291508920180302,4.530237368347325,-0.6990706867906128,1.7887963670057947,0.5016738622697733,-0.13114384342216406,1.2094604077470805,0.6609004958207222,2.2921984828154374,-0.6369933511261053,-0.173177266134598,0.2397152668543526,-1.411204465048904,-1.1173050988595852,-0.762349526635866,-0.23228628620644656,4.3311972683315645,5.966579969859627,1.9484069205136576,1.1952481229760152,1.9715216850734973,1.2041903675089267,-0.28942660841731066,-0.26463402725168356,1.8943524228726025,1
-0.6119022025574117,2.113990222407169,0.27967722576327125,-0.4281154315628296,0,1,0,1,0,0,-0.028641073495936725,-0.28789899513380446,-0.23379453409861076,-0.2115494783217901,-0.18710130750314943,-0.05792454951808968,0.424841005476303,0.8030614842771643,0.6126370324936827,0.5128092530581764,0.4714040032013595,0.35384727185834935,-0.5297660732865243,-0.3005750621157934,1.1787021739214252,1.2674490424498395,-0.5028881132616767,-0.3101970670255472,0.3871222082195544,0.0986623829151082,-0.8910828203897178,0.07857087285061044,0.43616870846146494,-1.191427461909753,-0.9156953526179792,-0.0986623829151082,-0.3871222082195551,-0.11896988561082296,1.4666567501381707,0.8004289336612322,1.4031237942140713,1.0931292786272029,-0.5920746260821743,0.9216751455883455,0.7879592118469556,0.8219023601333442,-0.9701972441467586,-0.2553016945782196,-0.9618991143638861,-0.62002986833231,-1.0069464646875115,-1.016432198667086,0.36909507656128593,0.45906541823023866,-0.9511296417938885,1
0.2876069799459088,1.0317440516057692,-0.15484123025532542,-0.13478617003801185,1,0,0,1,0,0,-0.07911682151246661,-0.25708097498085514,-0.054689994255315046,-0.2804087870860634,0.020817474212944748,0.01899259403958411,-0.14377341815063735,-0.32578727892859366,0.4142487692060258,-0.6336720838134327,-0.159192718296407,-0.9696081816586408,-0.08382226805637269,-0.3978942706564152,-1.7038602243243273,0.9155458100386873,-0.2890831898433204,0.03755114086815232,-0.5505532963957722,-0.7763978591033001,-0.19765082922319432,-1.2597365043773965,0.3537432992670039,0.5694001615663072,0.2436197107235354,0.7763978591033001,0.5505532963957714,-0.4253475354589299,-1.6103624352952797,-0.2276009282436361,0.26611975068388355,0.13730558544161034,-0.7180946013078251,-0.13859458152457876,0.12354118106860354,0.2638024885416898,-0.27629743884854874,-1.2416975682086098,-0.3688900476960481,-0.1402778277722523,0.09305597698558829,-0.7626467625326843,0.2044646553166367,-0.15329565102369538,-0.5181215015185524,0
0.15910566815972013,0.6967630939767645,-2.327433510348309,1.0385308760612593,1,0,0,1,0,0,-0.6343500496942954,0.34299820988412016,2.312048567959664,-0.7039803334343667,1.7929324036126122,0.8078405082008432,-1.326260663931218,0.3581015303969474,0.6722416813453763,-1.0223738562503557,-0.6724681304230075,0.4692059267819522,1.3699370683896641,-1.433716741662337,-0.02850238210042949,0.820138491098091,-0.5553745204546334,-0.22887604442014767,0.9387653712113495,-0.29111514316954507,0.4116448626606415,-0.5200586494503682,-0.09481680892974309,0.8304612540952708,0.650788594056564,0.29111514316954507,-0.9387653712113503,-1.3166279713806959,0.11577027848446049,0.4547197765604794,0.8346217724489774,0.5469443110925782,-0.24551969421163483,1.3294711944779316,0.8986955503100138,0.139780294854656,0.7229182807808735,-0.17942508891434333,1.172933525640331,0.9359226956462544,1.2607508766078017,0.9504049313745251,-0.37174181903963527,-0.5429799678216537,1.2139110595827887,0
1.495519310736081,-0.10203765113855341,0.5693561964423357,-0.8681093238500562,1,0,0,1,0,0,2.8106197524338694,-0.731562190920603,-0.1442422641769629,-0.23353816515407907,-1.091582160807557,-0.3821392534675868,0.4879792981270357,-0.7405724363123484,-0.21362751681983813,0.7249983225923105,0.05060584837479544,0.03592831862885594,-0.29733918325254016,0.31095589692646314,-0.8855136954873221,-0.1054625259700281,0.23103840270325854,-0.03286213799695971,-0.5505532963957722,0.595033997706013,-0.3678436244514957,0.12937072922555695,0.1860563042242501,-0.7503322356022425,-0.09787356301535129,-0.595033997706013,0.5505532963957714,0.438080386840281,-0.7097714541928067,0.5365982611369737,0.3953247556304958,0.47867119015075044,0.25856020669096863,-0.13859458152457876,0.12354118106860354,0.5118468759157585,-0.37806941029228636,0.07349692996524401,-0.12763165817990194,-0.014937204562868624,-0.309338078600811,0.19962301614358732,0.15873398274867878,0.5085491409982337,0.4372456651206797,1
-1.1773079744166424,2.397435648093248,1.0038746524609323,0.3052077222492148,1,0,0,0,1,0,-0.4703038686405733,-0.011699757913975716,-0.3361399854376369,-0.13343177510181614,0.21664576043173078,0.0941209668168469,-0.01639312570972757,-0.47040719597038144,-1.4727867554161873,0.43089676734961324,-0.2178583279667187,-0.8518054541321456,-0.535883644679365,0.5231965109597237,-0.2831964955634979,-0.5927383665807691,0.9572520620143782,0.40414906172817433,-0.32687747097049374,-0.8375679493470506,0.5455668294668127,0.36194860683485686,1.4177039383587797,0.36708102500136003,0.6777993937239952,0.8375679493470506,0.326877470970493,0.32667033235006016,-0.40957446049198204,-0.4914316007678933,-0.7029177864157086,-0.32353798091572933,-0.11949971898598452,-1.2804235184154193,-1.3160312189511594,-0.35630847989348147,0.6396503041450882,0.5034643620605421,0.4521994292286506,1.1563493088765513,1.2607508766078017,-0.667477223982284,0.28677986593896093,-0.09762646290970158,0.904619530814692,1
-0.7918040390580765,0.7482986259196881,1.4383931084795292,1.0385308760612593,1,0,0,1,0,0,-0.6722068607066928,0.4744108995929229,-0.3745195296897717,-0.12185878203219036,0.6947923288054055,0.4590302060206946,-0.9056914580389175,-0.013644659839984545,0.7565457340759869,-0.3731645233264411,-0.06340892040628605,1.731594394605775,0.3479834258540524,0.672597539965395,-0.49381159852087103,-0.23514317718242184,1.4202578845407723,1.3967099388132815,1.8047472122866337,0.5717619163874247,1.9314375563360668,-0.47596189519989573,-1.2705195788607677,1.9124246029261849,1.4460501097611211,-0.5717619163874247,-1.8047472122866342,1.1622457410267157,-0.03432821836595151,1.619213779426171,1.2222367872888142,1.8441336089873108,1.7707999093987767,0.5138790966987595,-0.26403600355210183,1.876091006473136,1.5833540393506536,-0.5588081172337243,-0.41450612974742024,-0.9701191952274875,-0.2623294272472596,0.9186817518577256,-1.3595243465075295,-1.32234860141757,0.2860364732784985,1
0.2876069799459088,0.8771374557769975,-0.15484123025532542,-1.6014324776621007,1,0,0,1,0,0,-0.5081606796529707,0.020281206395688665,-0.2593808969333673,-0.17856644807335664,0.37843371490334143,0.15359759526551325,0.21999629532748483,1.0611354236438035,-0.4060861785018112,-0.19652186290495155,0.06417329637053039,-0.6791215902913604,-0.3690614386080165,-0.5688820925787773,2.430142907770415,-0.7520523520622436,-0.7583989318906,-0.7242556821165513,-0.21462929445480164,-0.7133741297612556,-0.8743304879279589,0.978022146965315,-0.20060667619072461,-0.4865270404151959,-0.7905231368872954,0.7133741297612556,0.21462929445480092,-0.3139374809687093,3.042690967067499,1.2644070129280303,0.6149732640397371,0.2567835470898098,1.487254965141063,1.0847935651441794,1.3416409041622488,1.069946747507413,-0.8314172830871166,0.8828473903799233,-0.058700689746716966,-0.1532440991387405,-0.33002188519637315,-0.28679906978068154,1.2745623934068555,0.9600881112561845,-0.3944048900113141,1
-0.4577006284139859,1.572867137006469,0.27967722576327125,0.3052077222492148,1,0,0,1,0,0,-0.3062576875868511,-0.13962361515263325,0.047655457083711085,-0.3272794090180478,0.3343022844002984,0.14554812675366366,-0.29828675192781134,-1.0341789652749978,-0.3070951722922388,-0.493202290453248,-0.5501263721663747,-1.9966957089931898,-0.23868592145869114,-0.0899326907729174,-0.6374461372061797,-0.07883334394306536,-0.1920270075020936,-0.12065814359944849,-1.6831717333635567,-1.0539055705610194,0.32491530468453106,0.7808635386744277,0.3405894802685884,0.4758737821037081,0.5973920337633953,1.0539055705610194,1.683171733363556,-0.20252742647848845,-0.7097714541928067,-0.46413877257572894,-0.43158727602782254,-0.47715250303484213,-0.24551969421163483,-1.4435419379712537,-0.983822203561983,-0.046252995675895824,0.5008703430854462,1.0346006017076752,0.7258959215368835,0.806259981981374,0.9730579303240674,0.41111087958892223,0.03983423407198747,-0.4316415915936655,0.5334696962929761,0
0.72451144001895,0.9802085196628456,-0.15484123025532542,-0.4281154315628296,0,1,0,1,0,0,-0.571255364673633,0.14529770324255853,-0.11865590134220637,-0.2370100630749668,0.6574573305070168,0.2949104869179837,-0.1834828802509059,-0.13659008449677357,0.8025369511831855,-1.0521299269002968,-0.7039462862293613,0.7491094597359149,1.745612176669021,-0.5851322485360583,-1.1546229938413919,1.1124549710300673,-1.2795445827167593,-0.42875210191001983,1.1301562386252348,-0.09917924017331377,-0.32951983687682646,-0.9692017908911758,0.020815063722374363,0.15258514837257356,0.4965716708569542,0.09917924017331377,-1.1301562386252355,-0.5646101035717058,-1.0850176963188372,-0.054746349693259644,0.5245297605771081,-0.05044549714841698,-0.43454965705011084,2.063504082479186,1.5077454118568363,-0.4183195767369984,-0.49834537654397587,-1.0899443568808573,-0.8797901666714156,-0.7367263106307022,-0.6346379459673855,-0.3185222492974822,-0.7010026615289333,-0.8213259083916238,-0.76555472453303,0
-1.1773079744166424,-0.9523739281967958,0.27967722576327125,0.3052077222492148,1,0,0,1,0,0,-0.4198281206240434,-0.08380229563030996,-0.6687627022894718,0.42207189224022096,-0.5303234463210064,-0.3906359146745391,0.008227189473227052,0.10667585583583382,-0.4705617293686936,-0.1983310609051518,-0.49056767216040364,-0.06904386562388085,0.5431325655358001,0.3017860286082825,-0.48674179589323074,-0.638869070774664,0.5071881004368624,0.22983132450165708,0.74955583532744,-0.8375679493470506,0.29010093671456644,-0.6340232059066162,0.0012718441280250635,0.770851506428323,0.8621475551718956,0.8375679493470506,-0.7495558353274407,0.24311279148239442,-0.4846237089171882,-0.10933200607758836,-0.4186667755331612,-0.20406001926752979,0.3530751881102058,0.5138790966987595,0.17890935030013266,-0.046252995675895824,0.4731143508735179,-0.4070549059059717,0.7532655707677065,0.6376984542170299,0.9392117013495113,0.8235122133073248,0.28677986593896093,-0.09762646290970158,0.9664778365683122,1
1.7525219343084582,0.5936920300909173,-0.15484123025532542,-0.8681093238500562,1,0,0,1,0,0,-0.1800683175455264,-0.22684442690626339,-0.68155588370685,0.45679087144909825,-0.8750823025442762,-0.5274768793759821,-0.1823980299124964,0.2962904952510084,0.652915200776972,0.8502571563192318,0.6236422818739027,0.5797842889280412,-0.5332996180456687,-0.3019957283789669,0.4192335537942056,0.220526169500903,0.7643299458963512,0.5286201100392326,0.18609969967169646,0.6061852033378367,-0.04812167283545908,0.013310967794480736,-0.6709494193651263,-0.3907460735417055,-0.2946708600211492,-0.6061852033378367,-0.18609969967169718,-0.23037994010104354,0.491016520610491,0.28186519801010423,0.3565632541465125,0.6664222727407777,-0.08799472517957138,-0.46483142063624716,-0.5962450189412776,0.20179139169817292,-0.1375174777889068,-0.1035484832504671,-0.3415203984652251,-0.62002986833231,-0.7192535184037778,0.31594134103852145,-0.5363722402842841,-0.32030321536567735,-0.7036964187794109,0
1.341317736592655,-1.6481036094262664,-0.4445202009343899,-0.4281154315628296,1,0,0,1,0,0,-0.11697363252486404,-0.23789239639505652,-0.2210013526812325,-0.21270677762875267,-0.09755288849092697,-0.01857159234904728,-0.24529889517700965,-0.7677561447280246,0.4687587104665419,-1.0608422711330532,-1.1041446234744017,-0.34540997783677047,1.048003065841989,-1.2769014335375903,-1.402176993260143,0.5025758959553207,-1.726995098375362,-1.4625507765974777,-0.5666803935267488,0.09092870184200141,-0.934770782139284,-0.3509007275692638,-0.1357685535170592,-0.27932930855690696,0.007545916128103623,-0.09092870184200141,0.566680393526748,-1.2052179168904753,-1.3101654415944555,-0.03655113089848297,0.22735824919990022,-0.4942207832702994,-0.5605696322757617,0.5954383064766764,1.009431888773073,-0.4183195767369984,-0.9146852597229018,-0.4070549059059717,-0.2685346671830286,-0.2958730841701091,-0.38079122865820925,0.12560226393772106,-0.37174181903963527,-0.3759724034796717,-0.5799798072721716,1
2.0609250825953116,1.5213316050635446,-0.4445202009343899,0.5985369837740325,1,0,0,1,0,0,-0.6091121756860305,0.15401978441792155,2.2480826608727726,-0.6993511362065163,1.7019911914963965,0.6589253407316259,0.6549173592545611,-0.19617738963731549,-0.20643078392229164,0.6577094824195359,0.6100862202888468,0.11386410554505365,-0.5570491479769699,1.2369235833481382,-1.0129703345883816,-0.4073584493534169,1.0264161922924815,0.754856736083728,0.0915777400728132,0.06447137185505257,0.32524093975578916,-0.7455118201378996,-0.12715815900712016,0.1292536473172447,-0.0561712840932235,-0.06447137185505188,-0.09157774007281391,1.7750010407229295,-0.6347222057676005,1.5464329042470641,1.0542702808582185,1.4856997240427134,1.518759958947476,0.10608304780917345,0.06817301183707392,2.0621242970036877,0.5563823275093027,-0.482931511569848,0.9174834661526473,0.7025298110494701,0.7192112130148905,0.6014499566897238,0.28677986593896093,0.3477270420022505,0.7190446135538346,0
2.0609250825953116,-2.1634589288555044,-0.4445202009343899,0.3052077222492148,1,0,0,1,0,0,-0.6091121756860305,0.15401978441792155,0.6617281651178678,-0.5408011311526433,1.2320221470223809,0.5363945422734712,1.606239427160743,-0.7593468350963578,-0.770056583343481,1.725895393653369,0.8491903212814556,1.2703355566489973,-0.3838647223291407,1.3150398340994867,-1.1228510182486116,-0.3817232195113006,0.9577640833597371,0.8817471224178824,-0.088318892712161,1.8201797897890004,-0.9195427160795241,-0.08262013906148301,0.669098124116882,-1.3818708611891093,-0.243134560692078,-1.8201797897890004,0.0883188927121603,1.8028535543454847,-0.7848207026180125,1.4008711538888534,0.9509062769009282,1.349153482159058,1.5817699465603012,0.02452383803125581,0.06817301183707392,2.00011320016017,-0.7481493064513315,0.19995793940503753,0.8809906005115491,1.130416766143575,0.4145951522438788,0.886958572340925,-0.6186874509066087,0.29205785388825667,1.0901944480755505,1
-2.1539179439916754,-1.235819353882877,0.27967722576327125,0.3052077222492148,1,0,0,1,0,0,0.6654004617313493,-0.5460725979245497,-0.1826218084290977,-0.22312247139141586,-0.5437353294180902,-0.24753425224165765,-0.49694767501326453,-0.12380446396420473,-0.6706694902808675,-1.08531096793937,-0.7780249200340715,-0.5713808510022534,0.738042290294748,-1.0507161160159815,-0.6259662427382331,0.4505502232195804,-1.6892084869510349,-0.8700516884158769,-1.4375436385994584,0.6464429457035722,-0.35884532375916683,-0.45715372836102713,1.3695871842126621,-0.2088051206992885,0.16203436864772142,-0.6464429457035722,1.4375436385994576,-1.038102835155144,-0.6847550380510711,-0.40348804325980714,-0.12149526415595328,-0.7730026937827631,-0.24551969421163483,-0.22015379130249568,0.5664865349208381,-0.2736270174354578,-0.5538573609678327,-0.7105613285614767,-1.0348848456460813,-0.2699405414371327,-0.33002188519637315,-1.5240030709358887,-0.7833178721512579,-0.5986491559356475,-0.76555472453303,1
2.1123256073097876,2.0624546904642447,-0.4445202009343899,-0.4281154315628296,1,0,0,1,0,0,-0.24316300256618875,-0.2152149853391127,-0.630383158037337,0.15589305163882816,-0.6430984906252496,-0.28599282402049453,-1.6633532790978496,1.0475818512897312,0.9067096222177795,-1.7138756181098933,-1.4758693058753727,-0.07065574703139063,1.6644786310202413,-0.8898612005021019,0.3814185929348332,0.642708053993024,-1.1695113242691335,-0.8191775963929426,0.23506672098463585,-0.329502323768793,1.423794398466862,-1.0557421937796538,-0.593642816789303,1.1556679804632461,1.1189348968653814,0.329502323768793,-0.23506672098463727,-0.9545452942874786,0.04072103005925432,-0.8280431484712572,-0.40574627503850064,-0.8185181077439823,-1.0016395455655394,0.8401159358104279,0.7879592118469556,-0.8523972546416179,1.7498899926222238,-0.7864379342253526,1.0269620630759395,0.5210020119186368,0.9899810448113461,1.648314880744129,-0.04248097655033679,-0.2089648391376897,1.646919199858125,0
0.7502117023761872,-1.3388904177687242,-0.15484123025532542,0.3052077222492148,0,1,0,0,1,0,-0.5838743016777656,0.12494618050004483,0.03486227566633282,-0.329594007631973,0.8133652694943978,0.35080957380582806,-0.35583406087270725,-0.22853077543581823,0.8636692941591191,-0.730144215403486,-0.2686689080538213,1.289901000992131,1.244053654503389,-0.631634595972747,-1.1062688064523398,1.0320996796304993,-0.9447516216596183,-0.2215178387554639,1.0739346337076094,0.6941558255444424,-0.1363259223675823,-0.7945701437705884,-0.14350421549314493,0.04957819415846093,0.1330136841931309,-0.6941558255444424,-1.07393463370761,-0.6481676444393714,-1.0850176963188372,-0.2912841940253525,0.26611975068388355,-0.135786898325702,-0.5920746260821743,1.5741488238116832,1.0648000580046022,-0.5423417704240322,-0.026493508941193386,-0.6346847228976005,0.4795690784594736,0.3265079414213163,0.3299795798074865,0.5697267771729232,-0.20711139779498602,0.1250502895462747,0.7190446135538346,0
-2.1539179439916754,1.7017059668637786,0.27967722576327125,1.0385308760612593,1,0,0,1,0,0,0.6654004617313493,-0.5460725979245497,-0.6943490651242283,0.5840937952149817,-1.468840232488032,-0.8713680619100004,-0.0305449671626141,-1.0548216892811195,-0.4547130190984612,-0.7587645986172675,-0.4448382289746567,-0.9641454137660153,0.5619668974360225,-0.5109462330377899,-0.7116010733668985,0.5526100714055796,-0.7871390178576225,-0.1848361821996047,-0.7768887630270574,-0.5444705351245722,-0.46805793536897705,0.7349095380370132,1.1769277583343947,0.24452844538055876,0.39785492757435326,0.5444705351245722,0.7768887630270568,-0.5506838467604283,-0.7472960784054096,-0.35041865510837633,-0.024591510445994075,-0.33207212103345735,-0.32428217872766657,-0.22015379130249568,0.15122526568436812,-0.015247447254136822,-0.08200549336504998,1.4898602356909325,1.9210372712828345,2.388145088692915,2.37767643276818,0.2524949820049213,0.5337254978059351,0.29205785388825667,2.079927340133461,1
0.6217103905899984,0.15564000857606544,1.0038746524609323,-2.334755631474145,1,0,0,1,0,0,0.3246891626197725,-0.46408503487613734,-0.6687627022894718,0.343954189020247,-1.2052425188484166,-0.6227289234328688,1.8171730179281849,0.5630453984017354,-1.1949330772906623,0.744594585931798,-0.12539990530007616,-0.9581552829763521,-0.2133648063922478,1.074479749092375,0.5694046532620198,-1.1636527287882437,0.4848776488264726,-0.43864070712216896,-0.5464277599204057,-0.7648691281260978,-1.453215811240658,-0.2023803975119283,0.46415477696055546,-0.5251028718671904,-0.2652212575471769,0.7648691281260978,0.546427759920405,1.3293608227620468,0.8662627627365218,0.8641121994429487,0.05939174276930372,0.2567835470898098,0.9516700704320475,0.5138790966987595,0.8986955503100138,0.7598912632898273,-1.3587811351137562,-0.17942508891434333,0.041654690766301246,0.2746428559553643,0.04228663352375219,-0.2550758902638815,1.0276167615398821,0.6817421706862145,-0.1469716669968365,1
0.5960101282327613,-1.3388904177687242,-0.8790386569529866,0.3052077222492148,1,0,0,0,1,0,-0.6595879237025604,0.5087177522160174,0.03486227566633282,-0.329594007631973,1.048156237724814,0.645956752573646,0.27766702842188873,0.5603877873391899,-0.37051939812859674,-0.15321173582990416,-0.11380063134077248,0.15894830409362898,0.06574979202152528,0.3565033798343711,-0.17868667514169861,-0.5919064946804073,-0.18791240625570876,-0.05946171989236683,-0.4633576356367666,0.6763389906671557,-0.029888785606237336,-0.9481542133070742,-0.08829651419396797,0.020648445331671157,0.08989359804852522,-0.6763389906671557,0.4633576356367659,0.02029268250195297,-0.4846237089171882,-1.0372881646111858,-1.1422148032341901,-1.1428154322176651,-0.2140147004052217,-0.709509049969999,-0.5962450189412776,-1.2864749325462383,0.16779843654230542,-0.7105613285614767,0.8444977348704508,0.6636309969500054,0.6345956405784983,0.7600658542737248,0.12214944469431245,0.514734606344233,1.1520527538291696,0
-2.1539179439916754,-0.7204640344536393,0.27967722576327125,-0.4281154315628296,1,0,0,1,0,0,0.6654004617313493,-0.5460725979245497,0.3035190854312764,-0.45747558105133773,-0.18789203091048182,-0.06642121072504202,-0.42321119064116863,-1.2265628517555096,0.29541042165605175,-0.26263776556327334,0.12288400630116506,0.36266995199531843,0.20615733635580955,-0.5568966834338144,-0.7609512131108574,0.18432563138222427,-0.5281289722763464,0.30351706778198223,-0.5860329100839196,1.0758588642714109,0.032040858315596506,0.9211917866396904,-0.21860645946851767,-0.16887697115056213,0.13657011533103064,-1.0758588642714109,0.5860329100839188,-0.7038726716844818,-0.9349191994684248,-0.973604898829468,-0.7416792878996918,-0.8867912286858101,-0.24551969421163483,-0.709509049969999,-0.5408768497097485,-0.6043528672675491,0.2927004014959832,1.33810702436318,1.0862629697427237,0.790052142773264,0.6684418695530556,1.2834983163009273,-0.3100054110728917,0.22247136874576415,1.7861003878037682,1
-1.2287084991311177,0.8771374557769975,0.27967722576327125,-0.13478617003801185,1,0,0,1,0,0,-0.16744938054139394,-0.22684442690626339,0.6489349837004895,-0.5396438318456808,0.5155802622175054,0.24258894159096142,0.8153985870335799,0.6978297903099396,0.4233212840820986,1.0708498219022222,1.1105301066595075,-0.47877832591987757,-1.3275594431131177,-0.23845736714828633,-0.5762120695238777,1.2474717221741025,-0.020156684606166455,0.526200168645979,0.18609969967169646,-0.8375679493470519,-1.3720953758697254,-1.5350298891712015,0.6748943983835217,-1.4666360473357016,-0.9300114798105779,0.8375679493470519,-0.18609969967169718,-0.5089050763265954,-0.8598699510432187,-1.264728399545891,-0.5349512799851129,-0.5112890635057554,-1.411204465048904,-0.46483142063624716,-0.5962450189412776,-0.8523972546416179,-1.2200011740541141,-1.317574173872486,0.8627441676909999,1.1174504947770867,0.36382580878204385,0.1890486229713212,2.180029710252426,1.795125932966095,0.34789477903211874,1
-0.6119022025574117,2.9643264994654106,0.27967722576327125,0.3052077222492148,0,1,0,0,1,0,-0.06649788450833415,-0.25882539121592774,-0.06748317567269331,-0.2561055016398493,-5.960469099681215e-4,-0.001131077240039849,-1.2052892085238534,-0.12941195088700208,1.6825234020095423,-1.1772687611695294,-0.6504625142455829,-0.5511405848056774,0.8823464310796503,-0.3579730980640658,1.0244987662097367,1.4629115263425359,-0.6732639116106821,-0.287730761944643,0.3871222082195544,-1.1356331163529647,1.3183014827276411,1.2039423376884,-0.8299808540901841,0.922817175403456,0.5647200387582281,1.1356331163529647,-0.3871222082195551,-0.17467491285593337,1.3165582532877582,0.8186241524560076,1.5323287991606835,1.1272658390981163,-0.5920746260821743,0.9216751455883455,0.7879592118469556,0.7598912632898273,2.055205906953436,2.096873081001942,2.039639084616402,1.1822818516095268,1.548443822891536,2.2827784710801327,0.5337254978059351,0.013711913318286572,2.018069034379841,0
2.317927706167689,2.113990222407169,-1.168717627632051,-0.4281154315628296,1,0,0,1,0,0,1.4225366819792977,-0.6536449324206935,-0.2593808969333673,-0.2115494783217901,-0.8915733402198014,-0.33920875473772233,-0.009993909878679668,-0.9893585879095811,-0.6440480489493434,-0.1323368812146167,-0.3063749241690239,-0.08579427723297857,0.16000862240748198,-0.9547102635645015,-0.8549928950697531,-0.3335103082222197,-0.8530181942724739,-1.0083318002441788,-0.28338753067176975,0.1640471410786609,-0.9400384713807031,0.5014125977933398,0.5452895624992922,-0.6670596507040134,-0.586137340650905,-0.1640471410786609,0.2833875306717691,-0.9823978079100336,-0.9349191994684248,-0.6278957417287164,-0.6899972859210471,-0.9550643496276378,-0.49755964466293656,0.5138790966987595,0.7325910426154264,-0.4803306735805153,-0.9979532363586869,0.12408133374116129,-0.8706669502611417,-0.4903671546674297,-0.7023304039164997,-1.1116017372174867,0.28677986593896093,0.4033962301162448,-0.7036964187794109,0
2.0352248202380734,-0.5400896726534062,0.27967722576327125,0.7452016145364414,1,0,0,1,0,0,-0.38197130961164594,-0.10182793005939353,-0.1442422641769629,-0.2375887127284481,0.27954843187140005,0.10530078419441576,0.983960355668746,0.14018404269962811,-0.7057628135542531,0.9594067309629883,0.8279772638774306,0.9944078078304429,-0.124811553696126,1.672389417529307,-0.5361121700215669,-0.25285195207275724,1.7778397052747812,1.2763192292661862,0.9041108648182726,0.45956749966015986,0.3028109740236357,-0.7294724009662348,0.7107095824390527,0.46677882109993385,0.1696663179713767,-0.45956749966015986,-0.9041108648182734,1.7192960134778195,-0.40957446049198204,0.35464607318920965,0.1627557467265941,0.8883099158017184,0.41608517572303205,-0.13859458152457876,-0.5408768497097485,0.7598912632898273,0.05677446769459199,-0.8623145398892288,-0.7520651369275744,-0.30883935553659736,-0.11002139686175369,-1.3019408143182878,-0.9479482933959068,-0.8769950965056176,-0.5181215015185524,1
1.521219573093319,-0.23087648099586283,0.5693561964423357,-0.8681093238500562,1,0,0,1,0,0,2.230148650243776,-0.7053959473945141,1.1606622403956202,-0.6189188343726173,-0.29466618132802014,-0.06418524724952825,0.5933943136177212,-1.566958604556952,1.0898104947988698,0.5648524943110589,1.619035588374366,4.101964143247493,-0.047383948707800154,0.4666627428591372,-0.3414729843947713,-0.2568893390981869,0.2846266879959364,0.08442689648983756,0.39961991949913633,5.198251682522675,-0.35884532375916683,1.80861972095522,-1.7479564667380048,-0.4808483269641984,-2.022399126656499,-5.198251682522674,-0.39961991949913706,0.577342954953057,-0.18442671521636386,0.48201260475264507,0.26611975068388355,0.3762615087380082,0.4475901695294441,0.35076067714292497,0.17890935030013266,0.38782468222872474,-1.0257092285706153,-0.17942508891434333,-3.361305030266061,-3.3429468552947976,-3.22387446252099,-2.4439752769230942,-2.676567716464722,-1.0996718489615938,-2.3120123683735136,1
0.6474106529472365,0.6194597960623787,0.5693561964423357,1.0385308760612593,0,1,0,1,0,0,0.13540510755778543,-0.4105896036672442,0.31631226684865466,-0.4592115300117816,0.1058622691082397,0.03911626531920807,-1.4742694751412444,-0.1658130888497614,0.6917900714902704,-1.6517654528505314,-0.7986907934957249,-0.2991450768709498,0.429238984573747,-0.8766775997696362,0.3465628266324335,0.015501949833307145,-1.4066998349847333,-1.1234006075870142,-1.0021120160631036,0.5858842905209262,1.1740416647693166,0.5747626999817559,-0.9301222382516484,0.8365690871549439,-0.058444892925688004,-0.5858842905209262,1.002112016063103,-0.6760201580619267,0.7161642658861095,1.0824548249802661,0.9250652759116064,0.2397152668543526,0.6996301199807459,0.35076067714292497,1.009431888773073,0.8839134569768611,1.5000860627148682,0.9587239960437993,1.0634549287170376,0.35244048415429274,0.6853649840403343,0.9821281108913258,0.12214944469431245,0.45906541823023866,1.0283361423219313,0
0.9558138012340891,0.7482986259196881,-0.15484123025532542,-0.13478617003801185,1,0,0,0,1,0,0.5644489656982895,-0.5263025472603935,-0.6047967952025805,0.12696056896476374,-1.139454004700397,-0.5028812811453306,0.7184119510310357,1.2638866359711818,-1.7764121885383413,0.4430336190561755,-0.48648649074694517,-0.5570377487839383,-0.29153420345617703,0.5851878636615033,0.8838016859233038,-1.4813035973631612,0.10661351424728596,-0.6566092552773397,0.5209310369862826,-1.276386111883534,-0.41425648768228046,-0.849350945008062,0.9398477129168603,-0.4927937014709655,-0.008594875040336286,1.276386111883534,-0.5209310369862833,0.4102278732177254,0.641115017460903,-0.4004555067940112,-1.0646918002662225,-0.972132629863095,0.3215701943037938,0.5138790966987595,0.2896456887631914,-0.9144083514851348,-0.38732140769626244,-0.7864379342253526,0.041654690766301246,0.5210020119186368,0.27921023634565156,-0.44541496736468245,1.7684536571408034,1.127095675598167,-0.1469716669968365,0
-1.2030082367738797,1.7532414988067013,-0.8790386569529866,-0.13478617003801185,1,0,0,1,0,0,0.2742134146032426,-0.458270314092562,-0.13144908275958464,-0.24337520926326098,-0.29718023153530504,-0.16435641095254527,-0.40844624857876727,-0.13055719606488306,-0.09024771340435413,-1.2168337987528806,-0.9639321046623497,0.7322628921615454,1.204708981904773,-0.965024370303187,0.5064899895326584,0.2537179527951537,-0.952596941490412,-0.7994398513504315,0.19997699316119485,0.8003845014165709,-0.396286528938742,0.6865844017056998,0.3783337216330888,0.69928513782103,0.4726615290637261,-0.8003845014165709,-0.19997699316119558,-0.9266927806649233,0.41596727218528484,-0.12752722487236504,0.020630241285320403,-0.3576745413866426,-0.37153966943728567,0.5138790966987595,0.4557501964577793,-0.4803306735805153,-0.44283339212011924,0.5034643620605421,-0.323273965644676,-0.08841274230630035,0.19459466390925928,-0.635754044465484,-1.1125787146405561,-0.9326642846196119,-0.20882997275045564,1
-1.3315095485600683,0.10410447663314094,0.27967722576327125,-0.4281154315628296,0,1,0,1,0,0,0.04707254852885811,-0.33383528932404966,1.390939505908429,-0.6455367184327565,0.5956241591522405,0.24214174889585868,0.5884531313959956,-0.1859729883043202,-0.3193506212880439,0.8956476105779241,0.3993142145080736,-1.0022175250456622,-0.5961357881870785,-0.038024404779270896,-0.9741205430533572,-0.03926484122430589,-0.17011109536052624,-0.04574944344165382,-0.8569681418843186,-0.5169746011139472,-0.8562519409711727,-0.7205988128988536,0.39710561886632384,-1.3786413897402736,-0.5637934627735726,0.5169746011139472,0.8569681418843179,0.10385022336961848,-0.7848207026180125,0.6002815269186915,0.48576825909312477,0.39332978897346543,0.5421051509486824,-0.05703537174666111,0.40038202722625016,0.9459245538203791,-0.6926373220274746,-0.482931511569848,0.8080048692293539,0.9099901529132779,0.22844089288381547,0.728342674756924,1.1099319721622063,0.9044189231421907,0.2860364732784985,1
1.2128164248064663,-1.1842838219399534,-0.4445202009343899,0.3052077222492148,0,1,0,1,0,0,-0.2810198135785862,-0.17102310738394008,-0.46407179961141953,-0.03448268435651578,-0.24183023614822785,-0.10487978250387892,-0.42510782541678166,-0.21120704358656678,0.17223684822854107,-0.04803336787411892,0.038005870100061415,-0.1755315509660008,-0.2753644807406636,0.06344118427594096,-0.9536522188171306,-0.3794244946817031,0.7799414272484659,0.616568935645787,0.12891477706591967,-0.36726020632542794,0.6545124633377443,-0.6654595622137784,-0.616738567093324,0.8382665494444826,0.5525500677480526,0.36726020632542794,-0.12891477706592036,-0.28608496734615396,-1.1600669447440433,-1.3102164465328319,-1.2714198081808024,-0.9550643496276378,-0.6235796198885869,-0.7910682597479163,-0.9284540343304539,-1.1004416420156866,0.27882240539001907,-0.8623145398892288,-0.97102233077416,-1.0997819088923677,-0.7530997473783346,-0.2550758902638815,-0.28942660841731066,-0.48731077970765985,-0.8274130302866491,0
1.1614159000919912,-1.1842838219399534,1.7280720791585935,0.3052077222492148,1,0,0,1,0,0,-0.5207796166571032,0.029003287571051677,-0.46407179961141953,-0.03448268435651578,0.13030293114173197,0.04895450461146867,0.04525690510218746,1.748741605687015,0.08171438966136065,0.1936444649049771,0.04286293328537465,0.7325360895186849,-0.44230136032220774,0.812790160131407,1.7688874697333452,-0.2034106007062596,1.222074991156574,0.6946366811243274,1.1393967240133565,-0.13094794135889734,0.7491995229691576,-0.6281700986816857,-0.3161143449815789,0.950187462687131,0.6224536065338547,0.13094794135889734,-1.1393967240133573,1.07868820015905,2.142099985965025,0.9277954652246664,0.6666552660183818,1.178470679804488,0.6051151385615076,-0.22015379130249568,-0.7069813574043363,0.7598912632898273,0.41760236644966076,-0.7864379342253526,-0.7885580025686714,-0.8145239388296306,-0.4315605721200442,-0.3819686083310823,-0.5363722402842841,-0.6543183440496418,-0.5799798072721716,0
1.572620097807795,1.1605828814630785,0.27967722576327125,1.7718540298733036,1,0,0,1,0,0,-0.00340319948767178,-0.3169725990516812,-0.5408308881156891,0.03148337614035112,-0.6503415624695941,-0.2681051162163844,-0.17623661845486738,-1.1782123873612718,0.5711114886081587,-0.30487323045611164,0.5049350797809776,-0.21953890707434182,-0.4307386311726549,0.5205431028232085,0.2967193046849097,0.5313289540620498,0.6523738056549838,0.9511636126575153,0.6109019818860374,-0.9053100327574869,0.7651818430051172,1.9143803631813399,-0.2467941796121042,1.05874676398412,0.27218580538663295,0.9053100327574869,-0.6109019818860381,0.605195468575612,0.41596727218528484,0.4001341201761507,0.6278937645343975,0.8883099158017184,0.19555021907814235,-0.6279498401920818,-0.9284540343304539,0.44983577907224165,1.0282341951120857,2.3245028979935705,0.9539763317937442,0.6636309969500054,1.0915197317350172,0.3476645205553221,0.2044646553166367,-0.2089648391376897,0.7190446135538346,0
0.10770514344524394,-1.1842838219399534,1.4383931084795292,0.3052077222492148,1,0,0,1,0,0,0.40040278464456736,-0.4855995017753661,-0.46407179961141953,-0.03448268435651578,-0.7689639995424948,-0.34681103055446916,-0.27551926065732774,-0.3041508795220137,1.0177056770872537,-0.26041870074499934,0.6021471501330453,0.5742761710458025,-0.5575885058438473,0.25524895116517266,-0.14292080363079288,1.1418695575317843,0.39364407754172975,0.9767482468268748,0.2567889334467663,0.5285640660967139,0.6381579833240493,0.2742817036807056,-0.2437689700811563,0.7421395928237494,0.17078376849539992,-0.5285640660967139,-0.25678893344676695,0.18740776423728422,-0.18442671521636386,-0.1548200530645294,0.44700675760914055,0.59814915179895,-0.5290646384693491,-0.9541866793037505,-1.149926711256571,0.07776919801113909,0.05677446769459199,-0.3311783002420958,-1.60964747949337,-1.4628375071540325,-1.1423313805857394,-1.2702176348014877,-1.1125787146405561,-1.0440026608476,-1.3841377820692236,0
3.6286410863868133,1.1605828814630785,3.176466932553916,1.7718540298733036,1,0,0,1,0,0,0.26159447759911014,-0.45594442577913186,-0.5408308881156891,0.03148337614035112,-0.8321928499729528,-0.3749841703459427,2.2819050508291605,-0.8082704960006633,0.9594096104075693,0.7865090704859562,1.4654321342683285,0.9473498170110018,-0.8531985490472643,4.117412883101763,1.15909261643965,1.0519867781897723,2.0519464641789518,2.173601378412884,1.9594406506912556,-0.651277219968356,0.9410259178932403,2.2705301599522625,-0.25439981897676106,0.9721519759750726,0.21696514333811098,0.651277219968356,-1.9594406506912565,4.978040107316776,1.7668537438389946,1.4827496384653478,1.9070233135058599,2.8852987033501885,0.41608517572303205,-0.5463906304141645,-1.2606630497196296,1.4420133285685155,1.3057941172313696,2.8556391376407038,1.209426391281428,0.8710913388138142,1.2607508766078017,0.5380035976561225,0.2044646553166367,-0.09762646290970158,1.0283361423219313,0
1.3670179989498932,1.2121184134060021,-0.4445202009343899,-0.4281154315628296,1,0,0,0,1,0,-0.10435469552073157,-0.2524291983539949,-0.2977604411855021,-0.16757210465721217,-0.1931512638714968,-0.064632439944631,-0.8685238056943753,-0.21454980907157967,0.6614132136755867,-1.697334901571549,-1.3100413039863297,-0.1763430519650352,1.1339290909705453,-1.2432935466435042,-1.3144547277299115,0.7417254114560722,-1.4203982491177904,-1.2192205123485125,-0.8856385367838302,0.6378546273322155,-0.034580768493525864,-1.022315544621471,-0.1588115137809827,0.8845473595150901,0.5127863274283081,-0.6378546273322155,0.8856385367838302,-1.17736540326792,-1.2351161931692491,-0.07294156848803632,0.31780175266252825,-0.2894014204448148,-0.7811045889206503,0.10608304780917345,0.6218547041523672,-0.35630847989348147,-0.38732140769626244,-1.2416975682086098,-1.4180599348776075,-1.268343436656712,-0.9054077777638412,-1.016432198667086,-1.1948939252628807,-1.0996718489615938,-1.0748462533011267,0
0.6988111776617119,1.9851513925498596,-0.8790386569529866,1.478524768348486,1,0,0,1,0,0,-0.43244705762817587,-0.05182133132064558,1.0839031518913507,-0.6079244909564728,1.0143910336990178,0.4299626808390156,-0.5620292344257278,-0.7596790552089924,1.1642294528245347,-0.5000724525588206,-0.2737375377787178,-0.43768427783259634,-0.10618816087284683,-0.5485541712679468,-1.3887807856307761,2.169448105660618,-1.1547280822619426,-0.42898304865728065,-1.1598770966922176,0.5534028300138731,0.23340646726320227,-0.34856675969320305,0.5885454614825172,-0.4694429784297045,-0.06294624656599794,-0.5534028300138731,1.159877096692217,-0.45320004908148526,-1.2351161931692491,0.3728412919839863,1.4935672976767,0.8541733553308051,-1.1906695084040155,-0.5463906304141645,-0.04256332662598434,0.6358690696027934,0.05677446769459199,-0.482931511569848,-0.5422311594912614,-0.17917664187171697,-0.3469449996836519,-0.6040308649486834,-0.7010026615289333,-0.5429799678216537,-0.76555472453303,1
0.004904094016293398,2.3459001161503257,-0.4445202009343899,0.5985369837740325,1,0,0,1,0,0,0.17326191857018283,-0.4193116848426072,0.06044863850108935,-0.35042539515729937,-0.08065639712306966,-0.051663851786651116,-0.6931655772092548,-0.10731179561910822,0.43314666965770005,-0.15785756019475097,0.1438090044769371,0.22753298914078773,-0.26242078344590325,-1.2395761066722517,0.3345062070152661,0.34960353277258516,-0.6311279614813575,-0.43867719776203296,-0.22931895624632825,0.5377636082882545,-0.274706231676653,0.48238978221798845,-0.24080817312112648,-0.412560303317678,-0.6152416510309038,-0.5377636082882545,0.22931895624632756,-1.17736540326792,0.26586877533487285,-0.10933200607758836,0.08523274375862654,-0.1699234587966153,-0.34003467563087314,0.10608304780917345,0.2342775195316623,-0.17027518936292965,-0.27629743884854874,0.4275877563966659,-0.04957747333644305,-0.16621037050522874,-0.3130987707090945,-0.12818317219668063,0.28677986593896093,0.6260729825722207,-0.08511336124321738,0
0.10770514344524394,0.9802085196628456,1.4383931084795292,-1.8947617391869185,1,0,0,1,0,0,0.40040278464456736,-0.4855995017753661,0.27793272259651985,-0.4545823327839313,-0.07471254493434748,-0.022149133909869317,1.148575374986957,0.026224014894368687,-0.5387273686109258,0.727010201886664,0.6771882943212005,-0.02927752245014692,-1.1107983096871392,0.3035942295378896,-0.431691105588375,1.0222947128642086,0.36627537976512264,0.9755162579741786,0.05712944868845589,-0.09659134035763388,-1.2937742413314963,-0.4684519563452772,1.7637659570670803,-0.6189514832516496,0.07202380851087187,0.09659134035763388,-0.057129448688456604,0.27096530510494976,-0.40957446049198204,-0.018355912103706302,0.5116092600824467,0.6493539925053206,-0.30852968182446,-1.1173050988595852,-1.2606630497196296,0.139780294854656,-1.0812212129944723,-0.02767187758659086,1.528738965641033,2.388145088692915,1.9038292271243826,-0.12818317219668063,1.0276167615398821,1.0714264874841732,1.770635811365363,1
-1.1773079744166424,-1.0812127580541053,0.27967722576327125,1.478524768348486,1,0,0,1,0,0,-0.44506599463230834,-0.037284529361707223,-0.24658771551598904,-0.21328542728223396,0.2765078853226925,0.13615708015650582,-1.6519435391108428,-2.9817533891520607,0.32597013733228003,-0.29141776883264575,0.39035757414917144,0.11229036274878011,-0.1567393714727509,0.8359340214124144,0.47516808300214985,-0.25822993865103216,1.0638666509374057,0.8146003581870543,-0.1602775458261487,0.312111980532898,3.1323231285832165,4.5685630573432325,-0.705108282541409,1.4485985648939164,0.2878147361421993,-0.31211198053289735,0.160277545826148,0.27096530510494976,-0.10937746679115769,-1.4193877593014905,-1.3101813096647865,-0.9038595089212672,-0.8126095827270634,-1.2804235184154193,-1.3713993881826885,-1.1004416420156866,4.22017329948385,6.11833318118738,2.0670087338472247,1.2860120225414318,1.9038292271243826,1.331083085576127,-0.12479618717266176,0.013711913318286572,1.9562107286262216,1
1.3670179989498932,0.7482986259196881,-0.4445202009343899,-0.13478617003801185,1,0,0,1,0,0,-0.10435469552073157,-0.2524291983539949,0.5849690766135982,-0.5269135394690924,0.42773455612884154,0.2130742237141796,-0.35251466451385427,0.03642424485602176,0.27752473104155856,-0.4857000671370595,-0.2884945389670609,-0.40186862160592535,0.21497558421156462,-1.1356829868705738,-1.2529412963037394,0.6525815223975413,-1.444888666295548,-1.2538119225755568,-0.5252107151899527,-0.027203276549727037,-0.6445808369717132,-1.3051625047133064,0.276395890820093,-0.776577412093681,-0.8490462777502336,0.027203276549727737,0.525210715189952,-1.0659553487776992,-1.1600669447440433,0.03622974428062242,0.369483754641173,-0.2552648599739003,-0.655084613695,0.4323198869208419,0.7879592118469556,-0.35630847989348147,-0.5538573609678327,-1.1658209625447336,0.33359761589508324,0.4302381123532211,0.0761328624983096,-0.28679906978068154,0.5337254978059351,0.5704037944582268,-0.2706882785040748,1
1.9838242955235992,-0.10203765113855341,1.4383931084795292,-0.8681093238500562,1,0,0,1,0,0,1.081825382867721,-0.6135233590140237,-0.20820817126385424,-0.2219651720844533,-0.7301747639028527,-0.3003029902637827,0.30048110516876986,-0.15185031355955278,0.19661098817316164,0.5352816389456885,0.40284341863785905,-0.22408076680076186,-0.87145137345889645,0.006447736326915984,-0.11169831244912377,0.7678673228739743,-0.24997771677276598,0.2169915827327393,-0.653257441282515,0.3422733367180179,-0.411383789091796,0.09652240351024592,0.5028587993062249,-0.971004585582549,-0.3118661273204386,-0.3422733367180179,0.6532574412825142,-0.06326485836571254,-0.18442671521636386,-0.24579614703841146,0.17567624722125458,0.06903246449978255,-0.4660546508565234,-0.8726274695258333,-0.7069813574043363,-0.35630847989348147,-0.4150773999081907,0.04820472807728505,-0.11343998820836432,0.15794641365697218,-0.24540631275998087,-0.09645999267988113,0.5337254978059351,0.793080546914203,0.34789477903211874,1
0.72451144001895,0.0010334127472937634,-1.6032360836506476,-0.4281154315628296,1,0,0,1,0,0,0.009215737516460692,-0.3169725990516812,0.16279408984011548,-0.4146555066937224,0.10543495513188927,0.07668045170783946,0.14792248880755732,-0.6053247225786855,-0.18224315452439355,0.043005988271599856,0.2833266200700665,0.3216261116779284,-0.2743145797400665,-0.7285795711859872,-0.15297107038683835,-0.19152756247609318,-1.001697872215639,-0.704462033105723,-0.38662849897585155,0.8221130942085976,-0.9336779444573484,0.6775841183962111,0.05666576797590069,-1.0513647787659954,-1.05610854520428,-0.8221130942085976,0.3866284989758509,-0.5924626171942612,0.04072103005925432,0.6093791363160792,0.4082452561251572,-0.03337721691295973,0.6681251261743327,0.2692014673650073,0.5111183656893089,0.3258135853852078,-0.9424412519348303,0.4275877563966659,-0.48749186102961545,-0.38663698373552574,-0.7530997473783346,-0.635754044465484,-0.04248097655033679,0.4033962301162448,-0.5181215015185524,0
-1.5628119097752085,0.28447883843337485,-0.15484123025532542,-0.13478617003801185,0,1,0,1,0,0,-0.40720918361991093,-0.08729112810045517,-0.09306953850744984,-0.25321225337244285,0.36259094138533476,0.128554804339759,0.9173517105586095,2.689624107283071,-0.7044692942849452,0.9705982326095229,0.7231294950372714,1.4934432114606173,-0.3872610350151838,0.8705924456520554,2.0171430129744192,0.02469507196724973,0.9710937413484911,0.9881550503487815,1.652616263271448,0.39783372969061137,-0.4057141705307212,-1.6708639063970379,0.9878492908920042,-0.3482956636424703,0.024637318377816388,-0.39783372969061137,-1.6526162632714487,0.744458036688388,1.7668537438389946,-0.17301527185930607,-0.1344157646506147,0.2567835470898098,0.06953024385249205,0.2692014673650073,-0.4301405112466897,0.07776919801113909,-0.3595654154843339,-1.5452039908641146,0.14201007127932075,0.6376984542170299,0.4484413812184362,-0.5088613263982832,0.12214944469431245,0.3477270420022505,0.5953280020465953,1
-1.5628119097752085,1.1605828814630785,-0.15484123025532542,-1.8947617391869185,0,1,0,1,0,0,-0.40720918361991093,-0.08729112810045517,0.7896599792916505,-0.562211168331451,0.8664809366300542,0.36735570352463,1.4676668248429032,1.062317901708931,0.7603484937415476,0.8653401283245613,1.9032843853212698,2.9565379122642916,-0.6836846982842941,1.2243882235269004,1.917321457341393,0.0045275737065614595,1.3295982512031586,1.256593979069146,1.9684992754626969,2.0800314738454375,-0.8174321604941942,0.46266588734168046,-1.0348720878324655,0.14938817968780144,-1.2475434717184024,-2.0800314738454375,-1.9684992754626975,1.07868820015905,1.6918044954137887,-0.1457224436671417,-0.12149526415595328,0.4103980692089227,0.1010352376589052,0.2692014673650073,-0.5408768497097485,0.139780294854656,-0.9424412519348303,-0.02767187758659086,-1.1808563082104715,-1.4498712357875443,-1.311562525458524,-1.175048096251087,-1.1125787146405561,-0.26463402725168356,-1.0748462533011267,1
0.2876069799459088,0.43908543426214564,-0.15484123025532542,0.3052077222492148,1,0,0,1,0,0,-0.07911682151246661,-0.25708097498085514,-0.4128990739419065,-0.08598250351635046,-0.36610906074714133,-0.13126415151494145,-0.12026487096115665,-0.2857124766511402,-0.4598428679326606,-0.8830388316810399,-1.4186480964337946,-0.5338620392428353,1.3554346918286109,-0.44135389023776794,-1.825356346437367,1.2020494692388068,-0.38139914349877607,0.06647156810196816,-0.4019224822967764,-0.329502323768793,-0.27376437616826677,-1.4364525761687326,1.8365643966673282,0.8147396307448245,1.9092085536339007,0.329502323768793,0.40192248229677574,-0.3974950218363748,-1.685411683720486,0.11810822885711679,0.7312577684916879,0.529876030857121,-0.655084613695,0.02452383803125581,0.2342775195316623,0.5738579727592754,-0.5538573609678327,-1.5452039908641146,-1.3541974200056863,-0.37367071236903754,-0.0423289389126401,-1.3653871733518879,-1.7711003996191523,-2.046048046899492,-0.8274130302866491,1
2.266527181453213,1.1605828814630785,-0.8790386569529866,-1.8947617391869185,1,0,0,1,0,0,2.3311001462768357,-0.7123736123348045,0.7896599792916505,-0.562211168331451,-0.44947593548157927,-0.11337644371083126,0.15022311747008568,-0.28226068923904263,0.2743865742152304,-0.42283036477778585,0.09516523152195124,1.8842818413735898,1.2717480713310618,-0.7419433769271759,-0.18959777475719555,-0.7684065973526011,-0.8738436592300436,-1.4476635437602323,0.21409355033154379,2.3576003181784477,-0.950229981851781,0.19747676553610286,-1.147270164446484,-0.29527187005066485,-1.5370811474236732,-2.3576003181784486,-0.2140935503315445,-0.5089050763265954,0.19081952690966666,1.2280165753384769,0.5762117625557528,0.17144214591252482,0.7626401075935709,2.471300131368772,2.5597406272558936,0.6358690696027934,-1.053465220782544,-0.2553016945782196,-1.235595606672119,-1.5406351353529608,-1.531563013793144,-1.1116017372174867,-1.1948939252628807,-0.2089648391376897,-1.136704559054746,0
0.2876069799459088,-0.6431607365392533,-0.15484123025532542,-2.334755631474145,1,0,0,0,1,0,-0.07911682151246661,-0.25708097498085514,0.08603500133584588,-0.3591051399595187,0.12675425862611062,0.07981080057355874,0.7019320384364522,-0.24520332489871258,0.465208611372,0.7098390206785777,0.19584798549607574,-0.6166171402540266,-0.48109194259854754,-0.282448184172342,-1.7393433694115157,1.5964895427098356,-0.47194770543724845,-0.03761245327593454,-0.47521987007162214,-0.3696749546284684,-1.2582724840058237,-1.405886746054535,0.9683622692325696,-1.4269219879003547,-0.2913332129428934,0.3696749546284684,0.4752198700716215,-0.2582324537235989,-1.6103624352952797,0.06352257247278678,0.8863037744276221,0.6322857122698633,-1.0646495331783645,-0.05703537174666111,0.17890935030013266,0.44983577907224165,-1.1367331974183288,-1.2416975682086098,0.4795690784594736,0.9359226956462544,0.22844089288381547,0.31594134103852145,1.0276167615398821,0.9044189231421907,0.5334696962929761,1
0.44180855408933456,1.4182605411776974,0.27967722576327125,1.7718540298733036,1,0,0,1,0,0,-0.3945902466157784,-0.08903554433552777,-0.2210013526812325,-0.22022922312400942,0.22349099186228139,0.10172324263359372,-1.7634507465754015,-1.7560625923657134,1.6241343027762747,-0.3796406645608932,0.9976030192933754,0.7297914754725408,-0.5706838941552151,-0.2018986692670676,-1.216366784654954,1.602147856055234,0.6985345317209751,1.3417335457702855,-0.16027754582615011,1.1543098493943817,2.2503864188317273,1.1917214757996533,-0.6102419159310899,1.2055249296594552,0.013008876548246957,-1.1543098493943817,0.16027754582614942,-0.4253475354589299,-1.3101654415944555,-1.019092945816409,-0.1473362651452761,0.13730558544161034,-1.3796994712424915,-1.5251011477491712,-1.648240234340335,-0.5423417704240322,1.916425945893794,0.9587239960437993,-0.31415074923440073,-0.5681647828663581,-0.093098282374475,-0.5088613263982832,-1.277209135885205,-0.9883334727336057,-0.6418381130257917,1
1.495519310736081,2.268596818235939,-1.168717627632051,-0.8681093238500562,1,0,0,1,0,0,-0.6848257977108253,0.5872164827942845,2.350428112211799,-0.7062949320482919,1.9902221920829748,0.9974502109244113,0.12031916027129323,0.7676188096196823,0.5537962179335122,0.2963170402310054,0.5526056767740432,-0.3874229477478854,-0.682968649401274,-0.3594899445755999,0.9030333711971338,0.05256185872285283,-0.5046389242915976,-0.7435540947667207,-0.13280945780952072,-0.3966798898174734,-0.5265048381294698,-0.14894189885844894,-0.7042383832280962,-0.9006965235402018,-1.4443502966806168,0.3966798898174734,0.13280945780952,-0.2582324537235989,1.0163612595869336,0.41832933897092733,0.3824042551358344,0.15437386567706757,-0.11949971898598452,1.0847935651441794,1.2862727349307197,0.20179139169817292,-0.16527347000083534,0.4275877563966659,1.8389283235903642,1.1044842234105985,0.6176725260912207,1.109020828958526,2.8385513952310224,2.7971713190179877,0.9664778365683122,0
1.1614159000919912,0.3102466044048362,-1.8929150543297122,-0.13478617003801185,1,0,0,1,0,0,0.791589831772674,-0.5675870648237784,0.20117363409225028,-0.43722284317949267,-0.3015816371275905,-0.09861908477244036,-1.3264562254811267,-0.9207965201751773,0.3529498834709919,-0.7999240908345724,-0.5579518881075481,-0.757331907710386,0.3680248744053122,-0.9850933520316383,0.12264294016807395,-1.1516631531832242,-0.42856410624223695,-1.2476486930084778,-2.0362621195869473,0.9866295824910817,0.8601760007071199,1.3866831264186954,-1.6398047175739838,0.6556890082858389,-0.4927213328369798,-0.9866295824910817,2.036262119586946,-1.0659553487776992,-0.25947596364157,-1.0827762115981268,-1.4264658141167375,-1.4841810369268051,-0.655084613695,-1.1173050988595852,-0.319404172783631,-1.0384305451721696,1.3057941172313696,2.020996475338066,1.455753234358838,0.22277777048941236,0.4822876101929924,1.7117612397777302,-0.12479618717266176,0.4033962301162448,1.4613442825972665,1
-1.6399126968469209,-1.5708003115118816,1.4383931084795292,-0.13478617003801185,1,0,0,0,1,0,0.29945128861150755,-0.46234061864106474,-0.42569225535928473,-0.0842465545559066,-0.6520993129331052,-0.2904647509715221,-0.9470917855169495,-0.47852776403755437,-0.1192743938199533,-0.8866186675976814,-0.753211532938939,-0.3835211951184724,0.4962081466255355,0.23004004858415253,1.0205004269886129,-0.12590159112230356,0.18621548749563174,0.2275223312504194,1.2021396197987126,-1.715344606419548,1.5468074885977066,1.6791092990690704,0.03653313489296857,1.3824127098406072,1.201343154919728,1.715344606419548,-1.2021396197987133,0.438080386840281,1.3165582532877582,0.8277217618533966,0.6278937645343975,0.683490552976235,0.7941451013999841,0.8401159358104279,0.2896456887631914,0.5118468759157585,1.3057941172313696,1.413983630027056,-0.2776578835933038,-0.21807545597118072,0.3299795798074865,-0.09645999267988113,0.12214944469431245,-0.5986491559356475,0.038603250264021984,0
0.2876069799459088,0.7225308599482267,-0.15484123025532542,-1.6014324776621007,1,0,0,1,0,0,-0.07911682151246661,-0.25708097498085514,-0.31055362260288033,-0.16236425777588057,-0.23060135564993434,-0.07223471576137783,0.4730225508842165,-0.6692030975942377,1.0315839690840771,0.08098007285561301,0.014660236390500193,-0.7826896367846914,-0.5897816259456768,-0.21262563581908037,-1.7339810168353076,1.7551828111630918,-0.5871142952143666,-0.2952687170747259,-0.9878020566370264,-0.08780526073650123,-0.8702024016690859,-0.8185618645647974,0.3535796120284176,-0.6915713390006704,-0.3073314581377593,0.08780526073650123,0.9878020566370257,-0.20252742647848845,-1.6103624352952797,0.018034525485845748,0.9250652759116064,0.615217432034406,-1.3796994712424915,-0.38327221085833024,0.06817301183707392,0.44983577907224165,-0.8314172830871166,-0.7864379342253526,-0.08607033897753999,0.10608132819102022,-0.1777138548108673,-0.15990635171348128,0.6160407084282594,0.6260729825722207,-0.023255055489598248,1
-1.5628119097752085,2.268596818235939,-1.168717627632051,-0.8681093238500562,0,1,0,1,0,0,0.3499270366280375,-0.4768774206000031,2.350428112211799,-0.7062949320482919,0.6352323032993455,0.17908757888637028,-0.5997754390293865,2.7522712189000496,0.7199672066976224,-0.8593203394965492,-0.9268903721756325,-2.1325050863493202,-0.5203065549040072,-1.3142531701636293,3.769609878927716,0.1328517992586224,-2.0453379179226845,-2.673188088761404,-2.501932049243882,-0.42709685071602743,-0.47918393413137383,-0.001266197714611322,-0.8507160445236094,-0.8672357275898425,-1.404844995653201,0.42709685071602743,2.5019320492438806,-1.107734119211532,4.693774432422033,1.514591271356206,1.3643622927300878,0.3079883877961804,-0.32428217872766657,0.5954383064766764,2.7812133041820113,2.00011320016017,-0.16527347000083534,0.5034643620605421,1.5469853984615822,0.7803274392483975,0.34690269429476517,1.0772976494417266,2.756236184608697,2.68583294279,0.7190446135538346,0
-0.7661037767008384,1.1605828814630785,-0.4445202009343899,-1.8947617391869185,1,0,0,1,0,0,0.7158762097478791,-0.5524687907864826,0.7896599792916505,-0.562211168331451,0.020052480335505562,0.0096015474424262625,0.4265056303278856,-0.505122718394539,0.8847472532991687,-0.15219343084490458,0.0399177059180718,1.1162516008661514,0.5214528498906434,-0.5499570014198428,-0.6183990450929161,0.39258990747758765,-0.6578966827399877,-0.7758345115840461,-0.45503125954306645,1.9737285121859853,-1.142577017142151,0.0737981952256129,-0.8149641386797664,-0.4467555824259585,-0.8093463693285932,-1.9737285121859853,0.4550312595430657,-0.5089050763265954,-0.5596729573423944,0.07262018187017576,0.26611975068388355,-0.01630893667750248,-0.5605696322757617,0.18764225758709038,0.4557501964577793,-0.10826409251941274,-1.2200011740541141,-0.4070549059059717,-1.3998135020570583,-1.5276688639864726,-1.5654092427677009,-0.794369942049485,-1.4418395571298541,-0.8213259083916238,-1.3841377820692236,0
0.31330724230314594,-1.132748289997029,-0.15484123025532542,3.678494229784619,1,0,0,1,0,0,0.21111872958258027,-0.44198909589855107,-0.38731271110714993,-0.1143363365369336,-0.5431370315741753,-0.25155898649758246,-1.804355742747718,1.125557723309142,-1.6572353419435075,-0.15411986028591718,-1.3456813472817597,-1.3397501649898231,0.833064644430126,1.083395731493903,0.8347752818359047,-1.5107684224294164,0.7786637085826184,-0.26295893270083703,-0.47521987007162214,-1.3559421528355944,3.5915168328257305,-0.7086037465744085,0.7473196635590386,0.980315592605857,1.4927234405296408,1.3559421528355944,0.4752198700716215,1.4964759044973779,1.3165582532877582,1.273504622325418,0.1627557467265941,0.47867119015075044,1.6132749403667133,-0.05703537174666111,0.17890935030013266,1.1939689411944467,3.415249525337927,-0.6346847228976005,0.12376363845877164,0.4950694691856613,0.8884423578876751,0.09387908442092041,-0.7833178721512579,-1.32234860141757,0.40975308478573785,1
-1.6399126968469209,-0.07626988516709207,1.4383931084795292,1.478524768348486,1,0,0,1,0,0,0.29945128861150755,-0.46234061864106474,1.1222826961434853,-0.6137109874912857,0.3465496545595767,0.11871656504749839,-0.3489511607106093,0.8717744391723795,-0.46556214498177495,1.0270221907159516,0.6102424891279971,0.016980564649405217,-0.19312019821477405,0.06918324163859607,0.8748009457708555,-0.17086753445730735,0.04807839881221443,0.2868231420520986,1.3508541695676228,-1.3166012534636966,0.5543521632652081,-0.3201813931542884,0.4647336548868783,-1.3397670044496284,-0.5133181504620229,1.3166012534636966,-1.3508541695676235,0.27096530510494976,1.1664597564373458,0.8277217618533966,0.6020527635450756,0.59814915179895,1.0146800580448727,0.6769975162545934,0.06817301183707392,0.5118468759157585,0.6396503041450882,-0.17942508891434333,0.42482977999782756,0.6117659114840535,-0.008482709938082702,0.41111087958892223,0.6160407084282594,0.013711913318286572,-0.1469716669968365,1
1.0329145883058024,-1.41619371568311,-0.15484123025532542,-0.4281154315628296,1,0,0,1,0,0,-0.028641073495936725,-0.2698733607047209,0.09882818275322415,-0.3747286806035135,0.09310609205416498,0.08204676404907252,0.7615299053193915,-1.3607141193847718,-0.6463766120019176,1.3583890078190182,0.8792915406753758,1.0552403786478695,-0.1583678601549134,-0.17705140899344776,-1.5146705462003653,0.5804096111090791,0.32181937881508366,0.11211383022868555,0.4407888507730546,1.002053003267564,-1.2358335527730588,0.3502591295975306,1.4668741670264183,-1.5159853264510998,-1.0336647329977227,-1.002053003267564,-0.4407888507730553,-0.2582324537235989,-1.4602639384448675,-0.3731626786018469,-0.031051760693324323,0.10316902497069583,-0.9071245641463012,0.10608304780917345,-0.09793149585751397,-0.4803306735805153,-1.2477571662660425,-0.02767187758659086,-0.9436526815433369,-0.1402778277722523,-0.7192535184037778,-1.6191726094862895,-0.7010026615289333,-0.32030321536567735,-1.2604211705619852,0
0.6474106529472365,-0.5916252045963298,-0.4445202009343899,1.0385308760612593,0,1,0,1,0,0,1.8515805401198018,-0.6833000084169277,0.38027817393554597,-0.48004291753710804,-0.5290884043875206,-0.1545181716602847,-0.9235929591103743,0.3940322203541067,-1.2128458291867847,-0.6572065605287098,-1.0190911380555148,-1.7292331159175285,0.3534529284740127,-0.7341902828611917,0.6372833009177566,-0.022225397244236448,-1.0792121668735293,-1.6755861421944533,-2.0457655875391296,-0.3295023237687902,0.5506842124537568,0.09759483261458798,1.6356664982528089,-0.18228464698434413,-0.3110153510289753,0.3295023237687902,2.045765587539129,-0.7317251853070371,0.491016520610491,-0.23669853764102378,-0.21193876761858224,-0.6136987449184976,-0.9386295579527137,-0.38327221085833024,0.7879592118469556,-0.10826409251941274,1.0282341951120857,0.6552175733882943,1.6655872117951496,2.440010174158866,2.1915221734081167,-0.826093121566285,1.1099319721622063,1.0157572993701793,1.1520527538291696,1
0.2876069799459088,-1.4677292476260335,-0.15484123025532542,-0.4281154315628296,1,0,0,1,0,0,-0.07911682151246661,-0.25708097498085514,-0.10586271992482811,-0.2508976547585177,-0.02236371843840629,-0.003814233410656377,0.12693502390085926,-1.8069943239441386,0.7487644916950377,0.22381919440076872,0.5654020285926018,0.24661496941743558,-0.4798812405504841,-0.4307942744204593,-1.8347950935584334,1.7718317046038443,-0.636980176777097,-0.32937130194166686,-0.8079054238520522,1.13762416762706,-0.6069508037820514,0.6420989719163783,0.7569338444226053,-0.9339839315549766,-1.0566172977041683,-1.13762416762706,0.8079054238520514,-0.3696425082138195,-1.685411683720486,0.20908432283099887,1.1188727833315248,0.76883195415352,-1.2851844898232538,-0.30171300108041293,0.06817301183707392,0.5118468759157585,-0.5816133531797613,0.5793409677244183,-0.040454256926167845,0.35244048415429274,-0.0592520533999176,-1.016432198667086,-0.37174181903963527,0.18071947766026855,-0.5181215015185524,1
-0.6376024649146498,0.8771374557769975,-2.327433510348309,-1.6014324776621007,0,1,0,1,0,0,0.097548296545388,-0.36349036532028395,-0.2721740783507456,-0.19881918594520176,-0.3242605360271608,-0.1258978391737084,-0.3916092056320967,-1.8083548095007858,1.0277768863062262,-0.5564418870011417,0.37037614576117783,-0.09648700837908718,-0.21166903338445842,-1.3312078858097014,-1.68070258784308,1.2138924017295447,-1.5228916916057438,-0.3888350334397764,0.34468811875864686,-0.47345425101596506,-0.7855851011005135,0.7983327705616812,-0.18516063790886417,-0.7583562419886332,-0.8611288585742116,0.47345425101596506,-0.3446881187586476,-1.2330704305130304,-1.535313186870074,0.23637715102316323,0.8475422729436388,0.12023730520615308,-0.08799472517957138,1.0032343553662626,0.8986955503100138,0.2638024885416898,-0.6648813298155464,0.9587239960437993,0.5069387276902979,0.3265079414213163,-0.008482709938082702,0.2207718024881207,1.1922471827845313,1.0157572993701793,-0.023255055489598248,1
0.44180855408933456,0.9802085196628456,0.27967722576327125,-0.4281154315628296,1,0,0,1,0,0,-0.3945902466157784,-0.08903554433552777,-0.19541498984647596,-0.22254382173793458,0.24930909143007265,0.10351201341400473,-0.0017242652846557478,0.04729541137064183,0.6371182512631534,0.06825658067661869,0.12284743488118673,-0.6209152189450255,-0.5031671836552735,-0.21511496111316533,-0.9792649800551118,1.269525045999163,0.2729916531933524,0.8228112396826722,0.1590389773671773,-1.004587223962434,-0.21254270167041786,-1.045920596162766,0.40478824563596605,0.1784836133162616,0.6436073464198261,1.004587223962434,-0.15903897736717798,-0.3974950218363748,-1.0850176963188372,-0.8462383672660339,-0.1344157646506147,-0.01630893667750248,-1.1276595207911904,-1.0357458890816678,-1.2052948804881005,-0.4803306735805153,-0.3318094232724056,-1.0899443568808573,-0.5604775923118106,-0.2829068128036209,-0.194636969298146,-0.28679906978068154,-0.20711139779498602,-0.6543183440496418,-0.6418381130257917,1
1.8553229837374106,-0.4370186087675581,-0.8790386569529866,-0.13478617003801185,1,0,0,1,0,0,-0.0412600105000692,-0.2617327516077154,0.7256940722047591,-0.5471662773409375,0.43445032012708307,0.22157088492113197,-1.1241363409680043,-0.07869847194761213,-0.30290084284508556,-0.912016584604601,-1.1488534315275587,0.32617257867678223,1.6402733791845558,-1.370504749478749,-0.35885889519701675,0.5499004331607246,-0.5916255082351203,-0.2748031500295094,-0.9609518129377761,1.3979208031972914,0.19374674911438258,-0.2514808408486888,0.9666725025384575,0.6454298408169414,1.22527393728049,-1.3979208031972914,0.9609518129377754,-1.2887754577581405,-0.3345252120667762,0.00893691608845806,0.29196075167320634,0.03489590402886805,-0.30852968182446,-0.5463906304141645,-0.1532996650890431,0.3258135853852078,-0.47058938433204756,-0.9381911455531051,-2.3577512251358734,-1.657331577651353,-1.3623318689203594,-1.8095116865870906,-2.676567716464722,-2.7697474923814145,-1.6934293108373202,0
1.4184185236643685,-0.10203765113855341,1.7280720791585935,-0.4281154315628296,1,0,0,1,0,0,-0.20530619155379135,-0.2239370665144757,0.7512804350395157,-0.5546887228361942,0.5971185460765519,0.25645191513914684,2.3596950740093985,0.3482215382433241,-1.0145746556512194,1.8352069761677885,0.7070205750983513,-1.5964014713402261,-1.5672423367875665,2.4333405981411427,1.1914743080094499,-0.5833612391325063,1.3961320211451922,-0.11375988601639803,-1.6740743965204417,-0.5169746011139487,-0.8498481872721968,0.715647816559255,0.800735756542641,-1.0948656138008654,-1.0302257617725241,0.5169746011139487,1.6740743965204417,2.0813786905710367,0.9413120111617277,-0.3367722410122935,-0.5737127814690962,-0.03337721691295973,-0.7811045889206503,-1.3619827281933365,-0.8730858650989243,-0.5423417704240322,-0.5399793648618685,1.4329527814430254,1.8389283235903642,2.0704714402139577,1.366520342153292,0.2128410076089211,2.2623449208747504,2.101306467593062,1.0128715658835263,1
3.011834789813108,-1.3904259497116478,-0.15484123025532542,1.0385308760612593,1,0,0,1,0,0,-0.7983962307480176,3.2241923581457024,-0.7711081536284979,1.3536978343450954,0.5464568506828977,1.4334630886495972,0.2883554023726549,-0.05554658428047785,-0.060223823032210695,-0.47709375754326316,-0.22150380383413035,-0.06802676658653486,0.11392638829353817,0.5713009719724117,-1.0472481924606885,1.0621940448511298,0.3598743499225886,1.0417371883637858,0.6257323574189628,-0.7133741297612541,0.16987199341285417,-0.9728708194367396,1.1497305610672577,1.001368132008846,1.3050194000926156,0.7133741297612541,-0.6257323574189636,0.7166055230658329,-0.8598699510432187,0.5911839175213025,1.093031782342202,1.2126072402754011,0.1325402314653172,0.02452383803125581,-0.26403600355210183,0.8839134569768611,0.11228645211844858,-0.9381911455531051,-0.13168642102891215,0.4691369264526849,0.8715192434003977,-0.667477223982284,-0.37174181903963527,-0.7099875321636356,0.16231986177126023,1
-1.5114113850607322,-1.132748289997029,-0.4445202009343899,3.678494229784619,1,0,0,1,0,0,-0.48292280564470574,0.020281206395688665,-0.38731271110714993,-0.1143363365369336,0.17217068995300686,0.10395920610910749,-3.270400613558337,0.38847471205136375,-0.70113342845123094,-0.4602437005071966,-0.48948028708850305,-1.3293711031869584,0.05729473367115348,-0.7908386901121303,0.1177644660414768,-0.2666712625250154,0.4379165571239135,0.8165566735949484,-0.31054414497595056,-1.5051097296207103,3.7573749625388166,-0.41521987691386325,0.6904939836426025,1.055990108770367,1.4335570078892734,1.5051097296207103,0.3105441449759499,-0.6760201580619267,0.26586877533487285,0.47291499535525605,0.2531992501892221,0.4274663494443799,1.0776900456576979,-1.0357458890816678,-1.0391903727935126,0.7598912632898273,3.6372974630333545,-0.3311783002420958,0.21499580256151593,0.5469345546516133,0.9730579303240674,0.09387908442092041,-0.6186874509066087,-1.211010225189582,0.47161139053935697,1
-1.3829100732745436,0.28447883843337485,1.0038746524609323,-0.13478617003801185,1,0,0,1,0,0,-0.7479204827314877,1.3576669866180173,-0.2721740783507456,-0.19245403975690759,1.22805899743904,1.192873418684315,0.1959736957413201,0.6009142365024506,-0.3599078660407539,1.0432308738551714,1.1270607116156832,0.39265372952780103,-0.5959997406898745,0.0680352291624941,-0.8647847997509828,1.2843527173516112,1.0625277624548513,1.545210246834862,0.5274811195133241,0.012383503443245562,-0.20452619511249318,-1.6910960763454614,1.7826567282970893,-0.35575326592734297,0.043362931277069874,-0.012383503443245562,-0.5274811195133248,-0.007559831120602114,-0.8598699510432187,-0.24579614703841146,0.4340862571144791,0.8712416355662611,-0.7180946013078251,-0.709509049969999,-0.983822203561983,0.07776919801113909,-0.27629743884854874,-1.6210805965279906,-0.3415203984652251,0.585833368751077,0.39767203775660004,-1.4605567119022886,-0.28942660841731066,-0.32030321536567735,-0.20882997275045564,1
-1.1259074497021662,1.289421711320388,3.6109853885725127,-0.4281154315628296,1,0,0,1,0,0,-0.36935237260751347,-0.11752767617504695,-0.7327286093763631,0.6795709880393943,-0.8725455858889013,-0.6155738403112248,2.8195384892695388,0.2598294372505055,-0.23451022207123234,0.892789582983415,0.6814504298398755,1.34097075119833,-0.3888444974353918,3.725494048631487,-0.6788898100720467,0.6713966819819468,0.8853139789510723,1.3150485054969854,1.1441644212614832,0.6941558255444424,-0.19816714727103557,-1.0367209653030933,0.9952722458530016,-0.32823894181705493,0.3979699787106861,-0.6941558255444424,-1.1441644212614839,3.919644589659679,-0.4846237089171882,0.6184767457134681,0.8992242749222835,1.263812080981773,0.3845801819166189,-0.7910682597479163,-1.2606630497196296,0.8839134569768611,-0.49834537654397587,-1.2416975682086098,-1.3633206364159602,-0.7367263106307022,-0.8038690908401701,-1.175048096251087,-1.4418395571298541,-1.378017789531564,-1.0129879475475077,1
0.7502117023761872,-1.5192647795689571,1.0038746524609323,-0.4281154315628296,1,0,0,1,0,0,-0.3188766245909836,-0.14543833593620858,-0.5024513438635544,0.02280363133813179,-0.26234552742461253,-0.12947538073453044,1.7229328791760758,-0.08672248596249237,-0.743061490071343,0.61835298344636,-0.10237675517432557,-0.6578098744124719,0.14964793905973953,1.9017181346810255,-0.2792869054547093,-1.289878964926737,1.4346483025308714,0.8459152010137814,-1.4375436385994584,0.5285640660967139,-0.4956057564189125,-0.1607541572695382,-0.28041401466341354,0.5872177107967936,0.9589663454826501,-0.5285640660967139,1.4375436385994576,1.2736557955169365,-0.5596729573423944,-1.019092945816409,-1.4393863146113988,-0.9209277891567239,0.16404522527173035,-1.6882195673050053,-1.4267675574142176,-0.6043528672675491,-0.3040534310604773,0.12408133374116129,0.8992370333320981,0.5987996401175653,0.8207498999385615,1.489698983160128,-1.1125787146405561,-1.0440026608476,1.2139110595827887,0
0.8787130141623758,3.0158620314083353,-1.6032360836506476,-0.13478617003801185,1,0,0,1,0,0,-0.21792512855792381,-0.20242259961524695,-0.822280879298011,3.2111632220200317,-1.8500050049967245,-2.637332014870778,-0.8396372783652881,1.141959530472585,-0.743787146719101,-0.8264493873823652,-1.6351626535045476,-0.17020281491957018,1.4934825596435877,-0.703953613616956,0.5879857872388207,0.03486428718329759,-0.7420120407690539,-1.1059463502934377,0.416552302523086,-0.6452678416013011,0.4641539183108776,-0.9783440397051223,1.0518171929020999,0.38071336634575365,1.0460501771538664,0.6452678416013011,-0.4165523025230867,-0.5646101035717058,0.7912135143113154,0.6275743551108558,0.5503707615664309,0.20557870638343811,-0.15100471279239655,1.4110304042558486,1.2862727349307197,-0.046252995675895824,0.5008703430854462,-0.8623145398892288,0.2606118846128881,0.7803274392483975,0.9053654723749538,-0.0647368131630805,-0.12479618717266176,-0.4316415915936655,0.5334696962929761,0
0.72451144001895,-1.3904259497116478,-1.6032360836506476,1.0385308760612593,1,0,0,1,0,0,0.04707254852885811,-0.3466276750479154,-0.7711081536284979,1.3536978343450954,-1.5270391461761088,-1.3127472519764192,-0.6795986220252332,0.4947324538649942,-1.2463334918663989,-1.3777996969255413,-1.797299036148483,-0.5871624893055187,1.1312961615323216,-0.7008870993986176,-0.17544249536612017,-0.30602408680602367,-0.5568685642237402,-0.4078288758485995,-0.47521987007162214,-0.3295023237687902,0.24468029577251085,-0.8547902595729884,1.3962549414108698,1.3091371664577591,1.9384112516311527,0.3295023237687902,0.4752198700716215,-0.5924626171942612,-0.03432821836595151,0.43652455776570404,0.2015172482105774,-0.03337721691295973,0.6051151385615076,-0.05703537174666111,0.17890935030013266,0.38782468222872474,0.1400424443303771,-0.8623145398892288,-0.2776578835933038,0.45617065508619664,0.9899810448113461,-0.635754044465484,-1.1948939252628807,-1.4336869776455579,0.22417816752487937,0
0.5960101282327613,-1.132748289997029,-0.8790386569529866,3.678494229784619,1,0,0,1,0,0,-0.6722068607066928,0.5087177522160174,-0.38731271110714993,-0.1143363365369336,0.6772372309219279,0.47960106999542135,-2.957716122028114,0.22274104728229427,-1.0063476280012198,-1.4046957046494357,-1.4260895690058153,-1.3521358906030427,1.4571794627490822,0.15703937645662344,-0.3210701208476202,-0.504900256374485,-0.6336816554285916,-0.5342748811045019,-0.6392523306161405,-1.2101494081044426,4.269688161090481,-0.6273600764699259,0.8683348550615136,1.2693053913470196,1.3323708505894272,1.2101494081044426,0.6392523306161398,-0.17467491285593337,-0.6347222057676005,-1.1646546961746211,-1.2068173057074962,-1.347634795043149,-0.49755964466293656,-0.5463906304141645,-0.319404172783631,-1.534519319920306,4.525489213815063,-0.4070549059059717,0.7258959215368835,1.1044842234105985,1.6330593953279282,-0.033013633646279864,-0.5363722402842841,-1.0440026608476,1.0901944480755505,0
0.9558138012340891,3.0158620314083353,-0.15484123025532542,-0.13478617003801185,1,0,0,1,0,0,0.5770679027024219,-0.5263025472603935,-0.822280879298011,3.2111632220200317,-2.394188626279246,-2.886418346043013,-0.04901077900565107,1.181727856454931,-1.7922244758464185,0.11934337650845417,-1.1290947310429942,-0.37360272560096425,0.756341293121865,0.42267717647342246,0.5808806078878145,-1.297850806472831,0.7178090220091394,-0.204699214969741,0.6312676384277316,-1.1356331163529647,0.4904847357409901,-1.0400451278619345,1.1458160021068362,0.5505419365716443,1.2680295069111944,1.1356331163529647,-0.6312676384277323,0.35452284597261524,0.491016520610491,-0.10933200607758836,-0.7545997883943533,-0.4600842227993849,0.41608517572303205,0.35076067714292497,0.06817301183707392,-0.4183195767369984,0.5008703430854462,-0.9381911455531051,0.1785029369204177,0.754394896515422,0.9561348158367899,-0.12818317219668063,-0.04248097655033679,-0.5429799678216537,0.40975308478573785,0
0.8787130141623758,0.7225308599482267,-1.6032360836506476,-0.8681093238500562,1,0,0,1,0,0,-0.21792512855792381,-0.20242259961524695,-0.438485436776663,-0.03448268435651578,-0.2715253209509016,-0.12902818803942767,-0.29395414987483426,1.6076745179620162,-1.7291817796017919,-0.03185815921186307,-1.0176732824357233,0.5511754511309571,1.6905398030404362,-0.8130000014842033,0.7469702688533896,-0.08348088986286387,-0.9282619524331623,-1.3333197643787182,0.03622492998512883,0.7158101325491454,-0.40358962115783464,-1.4582853119645882,2.279959177202322,-0.8774103443602315,0.021297868416502816,-0.7158101325491454,-0.036224929985129536,-0.7317251853070371,0.7912135143113154,0.2454747604205509,0.1627557467265941,-0.22112829950298704,-0.37153966943728567,1.0847935651441794,1.1755363964676604,-0.4803306735805153,-0.22078545442469194,-1.2416975682086098,0.8353745184601769,2.012123219064761,1.4299820214805863,-0.826093121566285,-0.5363722402842841,-0.26463402725168356,1.1520527538291696,1
0.7502117023761872,-1.235819353882877,-1.6032360836506476,0.3052077222492148,1,0,0,1,0,0,-0.29363875058271866,-0.16346397036529214,-0.24658771551598904,-0.19708323698475788,0.06111110025075161,0.026594869856330937,-0.49228087381476654,0.1971618269268496,-0.9237477689936281,-0.7615631919652507,-0.7175430763604799,-0.9491991533383514,0.28258605099084666,-0.9578630984653042,-0.7697488349561223,0.4288963933710456,-0.9581161795772875,-0.4999368878021974,-0.16027754582615011,-1.1356331163529647,-0.272556983345312,-1.0417282799920118,1.6937936586751419,0.07877113765205564,0.4447500755139617,1.1356331163529647,0.16027754582614942,-0.8988402670423681,-0.7097714541928067,0.03622974428062242,0.2531992501892221,-0.15285517856115927,-0.11949971898598452,0.6769975162545934,0.8433273810784847,0.2638024885416898,-0.38732140769626244,-1.0899443568808573,-0.5787240251323598,0.31354167005482897,0.3299795798074865,-1.4922798914190887,0.5337254978059351,0.013711913318286572,-0.5799798072721716,0
1.1614159000919912,0.5936920300909173,1.7280720791585935,-0.8681093238500562,1,0,0,1,0,0,-0.5460174906653681,0.08133577462322976,-0.6943490651242283,0.5088693402624143,-0.3868766239991741,-0.33071209353077,0.7540960004224209,2.182438306356318,0.17086550662284247,1.0245402745460326,0.4562825029026688,1.7045246368794726,-0.32708229241562864,0.9915288458533338,2.7426501956680682,-0.3138648200940929,1.0893106724977528,0.2376513517289674,0.9345219622652575,1.3979208031972914,-0.05786490537074972,-0.24793830864336272,-0.5489827467684846,-0.30394599694621927,-0.36116931076834247,-1.3979208031972914,-0.9345219622652582,1.4129183636297125,3.4179372091935294,1.318992669312359,0.9250652759116064,1.3832900426299712,0.6051151385615076,0.4323198869208419,0.012804842605544792,1.0079356506638961,-0.38732140769626244,-0.6346847228976005,-1.3450742035954124,-1.3720736075886157,-1.3792549834076382,-0.667477223982284,-1.1948939252628807,-0.7656567202776299,-1.569712699330082,0
-0.09789695541265715,1.7532414988067013,-0.8790386569529866,-0.13478617003801185,1,0,0,1,0,0,-0.1800683175455264,-0.2256814827495483,-0.041896812837936774,-0.29545367807657696,0.1253842744532704,0.05476800964780448,-0.09085431596076954,-0.3171404989843264,0.10229579227187562,-0.9777921672469243,-0.3795271063204863,0.9877604234117981,1.2584434570110203,-0.3089227011242345,0.05084525888422744,0.6465823043776755,-0.7641726098750485,-0.11621788584483961,0.06934332478478145,1.2784135428411474,-0.18233678505545614,0.4862209518397131,0.5099110847748625,0.5631936571376839,0.3799396803714178,-1.2784135428411474,-0.06934332478478215,-0.20252742647848845,0.19081952690966666,0.4456221671630917,0.7312577684916879,0.3591932285025509,0.19555021907814235,1.0032343553662626,1.0648000580046022,0.6978801664463103,-0.19302946221276363,0.4275877563966659,-0.058700689746716966,0.20981149912292413,0.43151826673115745,-0.5723076854318833,-1.277209135885205,-0.9326642846196119,0.16231986177126023,0
1.0072143259485644,0.2587110724619126,1.4383931084795292,-0.13478617003801185,1,0,0,1,0,0,-0.5207796166571032,0.07145074929115168,0.48262362527457214,-0.49740240714154665,0.9333833856429823,0.43935372743617346,0.6317025029045205,2.5764871256293587,-0.9481091141189285,1.1166813599254988,-0.18624150853900626,-0.8396991133277693,-0.4416628443287699,1.2069937190324416,3.42462272139971,-1.1843729476063394,1.591738883897755,-0.16096050532773723,-0.7703150826731027,-0.38126032008238236,0.32761619485137167,-0.10559757418387399,0.10591632899118153,0.06977655506213887,0.08497647742605637,0.38126032008238236,0.7703150826731019,1.4129183636297125,3.7181342028943525,0.7276480584821255,-0.05689276168264715,0.5810808715634928,0.3530751881102058,-0.46483142063624716,-0.1532996650890431,0.9459245538203791,1.055990187324014,0.7310941790521709,2.641771367694514,2.3103474604939858,2.2084452878953957,1.7752075988113303,1.1922471827845313,1.0714264874841732,2.079927340133461,0
0.7502117023761872,-1.6481036094262664,1.0038746524609323,-0.4281154315628296,1,0,0,1,0,0,-0.3188766245909836,-0.14543833593620858,-0.16982862701171944,-0.23006626723319132,0.16999743886237031,0.06594782702537334,1.945053729715508,-0.21439647923828076,-1.1864174394934104,1.1666681686178368,0.6685374937248344,-0.9150224075552439,-0.8225516684988182,1.902234947671676,-0.3590791295010515,-1.3269946224930176,1.463568964434853,0.8603605478846995,-1.14725589024189,-0.11014700605881247,-0.8039538126641769,-0.06545169312726565,0.28837076427503633,-0.12484349674091336,-0.029156864694613566,0.11014700605881318,1.1472558902418892,1.3850658500071569,-0.5596729573423944,-0.7916527108817039,-1.2843403086754637,-0.7502449868021539,0.3845801819166189,-1.6066603575270884,-1.4267675574142176,-0.5423417704240322,-0.7759052986632599,-0.1035484832504671,-0.12256320461863823,0.04124997135858002,-0.008482709938082702,-0.28679906978068154,-0.28942660841731066,-0.3759724034796717,-0.45626319576493324,1
-1.5114113850607322,-0.05050211919562982,-0.4445202009343899,-0.8681093238500562,1,0,0,1,0,0,-0.48292280564470574,0.020281206395688665,0.13720772700535894,-0.4094476598123908,0.6631078129044833,0.3320274806115123,0.6871985862177991,0.8259877141179555,-2.037623500638985,2.765326107816541,2.8694266939846433,-0.8621495046937158,-4.364491018514373,-0.6537363982210466,-0.6337881964140037,-0.10313828314972144,0.3463549659913007,1.19045806575202,-1.2737915754233924,0.08746187929198715,-1.608772068765678,-1.7686091615569939,2.6818555582174755,-3.3923375122888233,-2.568144637775695,-0.08746187929198715,1.2737915754233915,-0.6481676444393714,-0.6347222057676005,-0.17301527185930607,-0.19901826712392082,-0.05044549714841698,0.8256500952063961,-1.85133798686084,-1.7036084035718644,0.139780294854656,-1.3032691506898992,-1.1911131644326922,4.30219675436446,5.819884910356751,2.8684467528992554,0.09387908442092041,6.1037214165832285,6.879578447377549,2.842846444428098,1
-1.1773079744166424,-1.0296772261111817,1.0038746524609323,1.7718540298733036,1,0,0,1,0,0,-0.44506599463230834,-0.026236559872914074,-0.7839013350458762,1.7500728469797782,-1.092340981822366,-1.3726710731201883,-1.0851647671887226,-1.5044432588635488,-1.9351480537949286,0.13255747654392863,-0.34317081350249207,0.21501515462817766,0.13537497704668514,0.2998220929931453,-0.7031717749990795,-0.6740965031884085,0.5882936379877797,0.09596872750445291,-0.20147967785109497,0.4930801176436278,1.8085267272380647,1.3604735388091977,1.9680102412958098,0.40426530216204054,0.5398336482858752,-0.4930801176436278,0.20147967785109425,0.29881781872750485,-0.6347222057676005,0.09081540066495114,-0.2765412700918884,-0.03337721691295973,0.3530751881102058,-0.46483142063624716,-0.4301405112466897,0.20179139169817292,2.0274499147415077,1.6416134470186852,0.7532655707677065,1.7527977917350004,1.8530598836625478,-1.238494455284687,-0.5363722402842841,-0.3759724034796717,0.7809029193074537,1
0.15910566815972013,1.7017059668637786,-2.327433510348309,1.0385308760612593,1,0,0,1,0,0,-0.6469689866984278,0.3168319663580311,-0.68155588370685,0.4972963471927884,-0.05671640769503281,-0.14065519811209928,-0.9539729783580987,-1.0138911043233947,-0.37217733556711113,-0.6440762168815156,-0.5529676250718184,-0.2525966584061723,0.7741552864314899,-1.6164917043026685,-0.5641426032469962,0.7296451183490251,-0.8036565979128089,-0.45653613671409954,0.1590389773671773,-0.5022446364654003,-0.28865681571440016,0.8264516839556622,1.2420018629685952,0.07321329109649428,0.27316631476393904,0.5022446364654003,-0.15903897736717798,-1.4837430531160272,-0.3345252120667762,0.7549408866742913,1.0542702808582185,0.6322857122698633,0.006520256239666901,1.0032343553662626,1.009431888773073,0.5738579727592754,0.11228645211844858,1.5657368413548085,1.848051540000638,2.3622125459599386,2.2592146313572306,0.15732544345452057,0.7806711296729086,0.5704037944582268,2.018069034379841,1
-0.7661037767008384,-1.158516055968491,1.4383931084795292,0.3052077222492148,1,0,0,1,0,0,-0.6974447347149578,0.662807852980764,-0.579210432367824,0.0986067359441806,0.44498297934688336,0.43354022239983764,0.18560646433327543,-1.0829806345029225,0.33523792345661607,0.23138081751959605,0.547874027274865,1.770710892167411,0.07281801246201944,0.6030335170384459,-0.9870232974412921,-0.019975107158634823,1.1043662851985936,1.211955589760196,1.704936430922174,0.7241032714020105,0.34445367807989613,0.4976466361709143,-0.4783545282045461,0.7824901469490403,0.47097567726932094,-0.7241032714020105,-1.7049364309221746,0.7723105503109431,-0.7848207026180125,0.6639647927004092,0.5503707615664309,1.0077878774499178,0.8571550890128092,0.35076067714292497,-0.3747723420151606,0.8219023601333442,-0.10976148557697851,-0.1035484832504671,-1.4454295841084306,-1.4239386930545688,-1.0915620371239039,-0.7626467625326843,-1.3595243465075295,-1.266679413303576,-1.198562864808365,1
-0.7918040390580765,0.15564000857606544,1.7280720791585935,-2.334755631474145,1,0,0,1,0,0,-0.7226826087232228,0.8023611517865722,-0.6687627022894718,0.317914954613589,0.3249648631982956,0.37138043778055474,1.4743673277345983,1.084366798299035,-0.5930692712465007,0.9660657093758168,0.601857171286291,0.033395871688247494,-0.5957235554014392,0.44987768474307943,0.5904467934161998,0.14853890259485666,0.6424675876005981,0.5925155634484546,0.46109514795545875,-0.41176056791003435,-1.6006311774469049,-0.8968308254026457,0.9600128338028373,-0.6680325858348645,-0.20396767529723994,0.41176056791003435,-0.4610951479554595,0.6609004958207222,0.8662627627365218,0.8095265430586199,0.7700192699756713,1.0248561576853752,0.5106001571422693,0.4323198869208419,0.2342775195316623,1.0079356506638961,-1.46980510396147,-0.7105613285614767,0.5981708917930423,1.0396528665781584,0.6684418695530556,-0.15990635171348128,0.9453015509175579,0.793080546914203,0.40975308478573785,0
1.7011214095939837,-2.1634589288555044,1.0038746524609323,0.3052077222492148,1,0,0,1,0,0,-0.6595879237025604,0.4970883106488667,0.43145089960505906,-0.48987996164628994,1.289497281464964,0.760885275215054,0.19605202874575517,1.5548348874856481,0.9494252355204252,0.20563208965085028,-0.3026530417172845,0.6018793548150204,0.3544761632895039,-0.2815833101875925,1.1308418751075011,1.5051016003888125,-0.24874421405774935,0.023195060559273225,0.03622492998512883,0.7849642097577141,-0.5539698441510111,-1.0012071126355169,0.21458585405567168,-0.5244461915234692,0.41610923904112207,-0.7849642097577141,-0.036224929985129536,-0.007559831120602114,1.6167552469885829,1.2280165753384769,1.9457848149898431,1.7246556473391115,-0.4660546508565234,0.4323198869208419,0.4557501964577793,1.3800022317249987,-0.7481493064513315,-1.1911131644326922,-1.2477598952191509,-0.9657971047719908,-1.0802799607990516,-0.3819686083310823,-1.1674555217221056,-1.0068898687716037,-0.8686519007890618,1
0.15910566815972013,1.4182605411776974,-2.327433510348309,1.7718540298733036,1,0,0,1,0,0,-0.6469689866984278,0.3168319663580311,-0.2593808969333673,-0.19418998871735144,0.7405166540375657,0.3937400725356925,-3.337758575829472,-1.5401295126583323,0.9787864775977768,-1.9416959671620049,-0.5485352314148141,0.9104310364733321,0.9485692780489289,-1.6012409647417543,-0.9399875291439954,1.0389181446824045,-0.8731472622241634,-0.4078288758485995,0.2181716668474233,1.0253393444398995,3.041293444620249,1.1722172182588235,-0.2940213618953618,1.7573081050830721,0.314957146065147,-1.0253393444398995,-0.21817166684742473,-1.4837430531160272,-0.7848207026180125,0.43652455776570404,0.9379857764062678,0.4957394703862077,-0.37153966943728567,0.6769975162545934,0.6218547041523672,0.20179139169817292,2.4437897979204335,0.8069707847160468,-0.5969704579529088,-0.6459624110652865,0.025363519036474696,-1.0798785577006862,-1.277209135885205,-1.0440026608476,-0.76555472453303,1
-0.7918040390580765,0.28447883843337485,1.7280720791585935,0.3052077222492148,1,0,0,1,0,0,-0.7226826087232228,0.8023611517865722,-0.0035172685858019803,-0.32438616075064136,1.3101703800318332,0.8677643293446123,1.059720828418035,0.3546933255332059,0.488076540604816,1.2548225726561753,1.0448400848737662,0.6269561831803803,-0.8988733570672521,0.24267230630473563,0.681193499542514,-0.12757828731445578,0.5328574807884566,0.29838177466598476,0.2246519615849838,0.6322863769595761,-1.2310922992413653,0.1955769733748132,-0.795420856815584,-1.1668119847074414,-1.0670315547259384,-0.6322863769595768,-0.2246519615849845,0.38237535959517033,0.8662627627365218,0.5820863081239148,0.42116575661981864,0.6322857122698633,0.41608517572303205,0.2692014673650073,0.17890935030013266,0.6978801664463103,-1.1089772052064004,0.35171115073279,0.48869229486974886,-0.02358138547386016,-0.48232991558187904,0.8552353928241243,0.6983559190505837,1.1827648637121608,0.22417816752487937,1
2.4207287555966395,0.28447883843337485,0.27967722576327125,-0.13478617003801185,0,1,0,1,0,0,-0.33149556159511606,-0.14253097554442093,-0.5280377066983108,0.04884286574478978,-0.2948745298524538,-0.1473630885386406,0.6912709430833892,-1.6483351094273695,1.2243666851948887,0.703083537670891,0.8576862125467971,0.24791519680348298,-0.9650919093110589,0.40193604816322753,0.06009381204111164,0.9512583594252335,0.34215953288825507,0.6287774714673238,0.3735052989149339,-0.032311248161723795,-0.5596193103012876,2.3225923290338217,-0.7178273629722624,-0.6105409644662675,-0.5011552630373199,0.032311248161723795,-0.37350529891493456,0.49378541408539117,0.19081952690966666,0.41832933897092733,0.8733832739329616,0.9907195972144606,-0.2770246880180474,0.02452383803125581,-0.1532996650890431,0.9459245538203791,-0.3318094232724056,2.8556391376407038,1.1181942271786838,0.5210020119186368,0.22844089288381547,1.4579758036433286,1.1922471827845313,1.2941032399401495,0.9664778365683122,1
-0.9203053508442651,1.3667250092347738,0.27967722576327125,-0.4281154315628296,1,0,0,1,0,0,-0.5333985536612357,0.07842841423144209,-0.13144908275958464,-0.24858305614459256,0.5581080779839983,0.252427180883222,0.9129508018712749,0.5729395200060989,-0.2245200750397181,1.4232122830528027,1.138702707830762,1.4189777495110056,-0.3786928829048107,0.15905991571023229,-0.6463786598947168,0.1983682293155951,0.6899489913005559,0.7506495278599578,1.2514376093443502,0.6941558255444424,-1.110549520056789,-1.4339054236592168,0.5062674039494001,-1.2385263671078741,-0.7475061273641146,-0.6941558255444424,-1.251437609344351,0.35452284597261524,-0.40957446049198204,0.7913313242638433,0.7829397704703327,1.0589927181562884,0.5736101447550955,0.9216751455883455,0.34501385799472056,0.7598912632898273,-1.0812212129944723,-1.3934507795363622,-0.350643614875499,-0.0495139282068366,-0.5330992590437151,-0.4771381468814831,-0.20711139779498602,0.1250502895462747,-0.6418381130257917,0
-0.4577006284139859,-0.7719995663965628,0.27967722576327125,1.478524768348486,1,0,0,1,0,0,0.11016723354952047,-0.37802716727922225,-0.7199354279589849,0.6622114984349557,-1.2749240950347343,-0.8025003868641762,-0.5358737600330892,0.332424000342272,-0.18759157254057032,-0.8290657085714989,-1.022227745985346,-2.355162430655678,-0.10442282634301837,-0.0480644309609718,-0.6270830016121889,0.11841728114961657,0.009594403825708895,-0.031899361956406365,-1.6831717333635567,-1.5428114248521114,0.6971200948493967,-1.0844603579488892,0.3754419114541472,1.1295279320182978,1.2978026161277147,1.5428114248521114,1.683171733363556,-0.17467491285593337,-0.7097714541928067,-0.5005292101652823,-0.3669847735545164,-0.34060626115118536,-0.49755964466293656,-1.4435419379712537,-0.983822203561983,-0.10826409251941274,0.6396503041450882,-1.0140677512169813,0.0051618251252043045,0.19684522775643593,0.65151875506577694,0.062155904904119784,-0.12479618717266176,-0.7656567202776299,0.10046155601764112,0
0.23620645523143258,0.49062096620506923,-2.0377545396692445,0.3052077222492148,1,0,0,1,0,0,0.3246891626197725,-0.46582945111120994,-0.4896581624461761,0.01817443411028148,-0.7712761802036866,-0.3723010141753262,-0.7782719651419395,0.04693585274780372,-0.07029988323021878,-1.1756221026882934,-1.0119117938979512,-0.056582969355991455,1.0761948372408794,-1.301969025125845,0.717085012493902,0.2500507804724282,-1.0939092442576568,-0.5657024317926773,-0.02757457514840374,-0.04982429368856782,-0.2187059965025623,0.6539390928846459,0.34737921500519053,0.5034879347404136,0.76323657182244,0.04982429368856782,0.027574575148402326,-1.2609229441355856,0.491016520610491,-0.4095531161914002,-0.22485926811324272,-0.6307670251539549,-0.24551969421163483,0.35076067714292497,0.40038202722625016,-0.4803306735805153,0.05677446769459199,1.1104772073715516,1.2276728241019772,1.2471132084419672,1.4130589069933075,0.9186817518577256,0.03983423407198747,0.013711913318286572,1.8943524228726025,0
-0.7918040390580765,0.5936920300909173,0.27967722576327125,1.478524768348486,1,0,0,1,0,0,0.9177792018139987,-0.594334780428225,-0.4512786181940413,-0.029274837475184185,-0.9781366720163692,-0.4344607987946091,-2.777560933723319,-1.0994074347905056,0.8295311260482078,-1.3719018638910976,-1.478539530339435,-1.6485334227604593,0.9016243588092261,-0.40946110650414347,-0.8845660115280888,1.0761377894942064,0.4644067418810509,0.6737671355467462,-0.6711839829354725,-1.582730866861833,3.4531373785863164,0.6228323949301587,-0.05258214265622702,2.3138486859706973,2.5799762720706694,1.582730866861833,0.6711839829354719,-0.14682239923337803,-0.5596729573423944,1.2280165753384769,1.6873748050966186,1.8441336089873108,0.038025250046078915,-0.05703537174666111,0.2896456887631914,2.3721797812212735,2.4437897979204335,0.12408133374116129,-1.1169937933385516,-0.9701191952274875,-0.1269445113490324,-0.0647368131630805,-1.4418395571298541,-1.9903788587854983,-0.5181215015185524,1
-1.1516077120594044,-1.0812127580541053,0.27967722576327125,1.478524768348486,1,0,0,1,0,0,-0.5586364276695006,0.09645404866052565,-0.20820817126385424,-0.2167573252031217,0.5421683849785588,0.24169455620075592,-2.2495317010161147,-2.8143241295419106,0.29323710061362845,-0.32315148267801785,0.4229828578014548,-0.05625695906235434,-0.3876969117628341,0.2578214608612549,0.6899254711138818,0.04377352436235215,1.0551612750073232,0.9775611361484088,-0.5745260083472232,0.4930801176436278,3.385640755811087,4.5539003810680105,-0.3568767695582828,1.4828366632559926,0.4044997514769652,-0.4930801176436278,0.57452600834722245,-0.17467491285593337,0.04072103005925432,-1.446680587493655,-1.2068173057074962,-0.801449827508525,-0.9386295579527137,-1.7697787770829225,-1.814344742034923,-1.2864749325462383,4.081393338424208,5.51132033587637,1.4101371523074657,0.9748215097457181,1.5992131663533709,0.5697267771729232,-0.5363722402842841,-0.3759724034796717,1.3994859768436472,1
2.138025869667024,2.9643264994654106,-0.4445202009343899,0.3052077222492148,1,0,0,0,1,0,-0.20530619155379135,-0.2152149853391127,-0.10586271992482811,-0.2561055016398493,0.09765439771018122,0.03240837489266675,-1.5470309213702984,-0.2839463148288704,0.6015099185356937,-1.0745497203266652,-0.911233875205631,-1.2403166139070225,0.901300232180766,-0.7536670112862395,0.564084985825511,0.2718155184035272,-0.38299403294201056,-0.29828097919353885,-0.16027754582615011,-1.5326826112078547,1.3981289575838622,0.9548131839517443,-0.5491358271329644,1.0718770209820583,0.8934353458249255,1.5326826112078547,0.16027754582614942,-0.8709877534198129,0.11577027848446049,-1.019092945816409,-0.7416792878996918,-0.8355863879794388,-0.9386295579527137,-0.05703537174666111,0.012804842605544792,-0.6663639641110671,1.9996939225295793,1.6416134470186852,1.6838336446156987,1.078551680677623,1.5145975939169787,1.9338234963953311,0.5337254978059351,-0.15329565102369538,1.708777505611744,1
0.15910566815972013,0.5163887321765315,-2.327433510348309,0.3052077222492148,1,0,0,1,0,0,-0.6469689866984278,0.3168319663580311,-0.016310450003180245,-0.3214929124832349,0.9640064492997569,0.49212246545829846,-0.7712997086660537,-1.0443523907557817,1.3952195043549438,-0.46336969776191356,0.5076566493762296,0.2820385897619397,-0.4251512284746782,-1.594322261883072,-0.8793252674475214,1.1117675705084002,-0.9564599865134784,-0.21353960089257013,0.3186972389638403,0.06858695651968806,-0.5205169983305303,0.5525176815747828,-0.7900926126781044,-0.32242678248509155,-0.8684583653240504,-0.06858695651968806,-0.3186972389638417,-1.4558905394934718,-0.6347222057676005,0.855014590045561,1.3643622927300878,0.8371050750953478,0.1010352376589052,0.6769975162545934,0.5664865349208381,0.5118468759157585,-0.49834537654397587,0.5034643620605421,-0.02220782410562002,-0.4255357978349895,-0.5161761445564365,0.062155904904119784,0.5337254978059351,0.6260729825722207,-0.3944048900113141,1
0.2876069799459088,-0.5400896726534062,0.27967722576327125,0.7452016145364414,1,0,0,1,0,0,0.009215737516460692,-0.32860204061883186,-0.1442422641769629,-0.2375887127284481,-0.12935601309852757,-0.06910436689565855,-1.1508169394728673,0.7012696518732622,-1.1324599057290043,-1.2249936445186578,-1.1656850399753325,0.4520061933176794,2.1349253453765065,-1.230222238527379,0.3473525444909298,-0.789639107768949,-1.2203557370373086,-1.3464669547823407,-0.23257562654916758,0.8471482119907131,0.37101540285737583,-0.6145444512752255,0.7545994779604174,0.4448035248249488,0.20088472970047302,-0.8471482119907131,0.23257562654916686,-1.0938078624002545,0.5660657690356972,0.6730624020977969,0.12399424524260985,-0.3747428216220998,0.7626401075935709,1.6557080335896,2.0060589349406004,0.2638024885416898,0.0012624832707351544,-0.8623145398892288,-1.1352402261590995,-0.6329961396987983,-0.4315605721200442,-1.5240030709358887,-1.4418395571298541,-1.32234860141757,-0.8892713360402683,1
-0.9974061379159777,-0.7977673323680251,1.4383931084795292,1.7718540298733036,1,0,0,1,0,0,-0.3945902466157784,-0.06228782873108119,-0.7455217907937414,0.801087415270465,-0.9053216429855997,-0.6670010002480415,0.4863120792521207,-0.34862029856530435,0.9482975467661793,0.25975168943109583,0.7254242416284293,0.5233411206710595,-0.15569164211252254,0.7251452272247464,0.28196808974310583,1.0314801000421303,0.5901238389882131,0.8975429491891408,0.7577574583546642,-0.037759751214519306,0.04832778256871154,0.7609617429438309,-0.2598164896045241,0.23424892242065157,-0.06681104514605733,0.037759751214519306,-0.7577574583546649,0.4659329004628361,0.04072103005925432,-0.600602913536552,-0.018131260198663828,0.22264698661889537,-0.9386295579527137,0.02452383803125581,-0.319404172783631,-0.35630847989348147,0.1400424443303771,0.8828473903799233,0.41570656358755365,0.20981149912292413,0.2961333508329291,0.28421816152172197,0.28677986593896093,0.29205785388825667,0.47161139053935697,0
-1.5371116474179702,1.5213316050635446,-0.15484123025532542,0.3052077222492148,0,1,0,1,0,0,-0.48292280564470574,0.03191064796283935,-0.8478672421327675,4.712759072803975,-2.204814089375725,-3.6175784025360165,1.08058997661208,1.0838594911054973,-0.8939748003204171,0.4974053028223817,-0.20875842885733153,0.6893210008542825,-0.21875681996019325,2.260204793470768,1.8856716827152962,-0.3364058745224584,2.135263349553764,1.6672725474841386,2.2754391892299264,-1.316601253463695,0.7557833314995476,0.40139333042452374,0.8840380393348922,1.4453281119964219,1.8991633160082237,1.316601253463695,-2.2754391892299273,1.4129183636297125,1.0163612595869336,-1.301118837135444,-1.2455788071914804,-0.4942207832702994,-0.6235796198885869,-0.709509049969999,-1.482135726645747,-1.1004416420156866,0.19555442875423396,-0.17942508891434333,-1.4545528005187045,-0.8663890242955825,-0.3130987707090945,-1.1116017372174867,-0.6186874509066087,-1.1553410370755877,-0.8892713360402683,0
0.4932090788038099,-0.7977673323680251,0.27967722576327125,-0.13478617003801185,1,0,0,1,0,0,-0.4955417426488382,0.04179567329491743,-0.3233468040202586,-0.16410020673632444,0.27954843187139944,0.1589639076067463,0.17861181677601204,-0.12628046370450646,0.32978052158299176,0.81069609483267,0.8038510125421771,0.06982198036801172,-0.45463289256325284,-0.10439670257949034,0.4747447431051487,0.267740946717187,0.7329043440964265,0.842642606006832,-0.1984048918790851,0.2920044097428146,-0.35267603426935046,0.6489127613383342,-0.18176719010451411,-0.36846272054474716,-0.22236918799347472,-0.2920044097428146,0.1984048918790844,0.15955525061472892,0.8662627627365218,1.1188452625698195,1.1059522828368633,1.4003583228654286,0.7941451013999841,-0.22015379130249568,-0.1532996650890431,1.938102103316653,-0.38732140769626244,0.5034643620605421,-0.24116501795220557,-0.2958730841701091,-0.4146374576327655,0.030432725387320277,-0.4540570296619595,-0.3759724034796717,-0.20882997275045564,1
-1.5114113850607322,-1.3646581837401863,-0.4445202009343899,1.0385308760612593,1,0,0,1,0,0,-0.6091121756860305,0.16855658637685988,-0.7711081536284979,1.4057763031584114,-0.6330174795586395,-0.9567818666746264,-0.6217452229696876,-0.06870567737779858,-0.7114709214577755,-0.8653921989496325,-0.776826869051685,-0.6925561288896528,0.07830942573837435,-0.6898598161357479,-0.9783143309674959,-0.02051266143088543,0.23279731797544706,1.1911605067777278,-0.7652983266135058,-0.18555039652161812,0.17525206758363626,-0.8857531220102607,0.9519913375452245,1.3999268658353743,2.1728493699005074,0.18555039652161812,0.7652983266135052,-0.7317251853070371,-1.009968447893631,-0.4823339913705056,-0.4186667755331612,-0.3064697006802721,0.5736101447550955,-1.7697787770829225,-1.7589765728033937,-0.29429738304996345,0.11228645211844858,-0.8623145398892288,-0.14993285384946126,0.35244048415429274,0.9222885868622325,0.030432725387320277,-1.4418395571298541,-1.6563637301015341,0.47161139053935697,0
-0.7918040390580765,1.5986349029779314,-0.15484123025532542,0.3052077222492148,1,0,0,1,0,0,-0.3062576875868511,-0.16753427491379488,-0.029103631420558513,-0.2983469263439834,0.27618127794439545,0.10172324263359372,-0.8731339486556833,0.15113729406142937,-0.49237755387709403,-1.0529282900332206,-0.9869150487962349,-0.9437530783957409,0.6703390332892476,-0.4383892671690112,0.36403422509736966,-0.06241035278036794,-0.4340204221395547,-0.23833328918600166,-0.1984048918790851,-1.0903910820752818,0.7760806196705756,0.15724081603548373,0.6103802251828919,0.9920709694902684,1.050351829472467,1.0903910820752818,0.1984048918790844,-0.45320004908148526,0.26586877533487285,-0.18211288125669506,-0.18609776662925942,-0.34060626115118536,0.006520256239666901,-0.22015379130249568,-0.1532996650890431,-0.10826409251941274,0.917210226264372,0.35171115073279,0.5981708917930423,0.8451587960808378,1.243827762120523,0.09387908442092041,-0.28942660841731066,-0.7656567202776299,0.5953280020465953,1
-1.5371116474179702,-1.0296772261111817,-0.15484123025532542,1.7718540298733036,0,1,0,1,0,0,-0.48292280564470574,0.03191064796283935,-0.7839013350458762,1.6979943781664621,-1.0253397591341906,-1.287704461050665,0.2619273074613113,0.6519570444831048,-1.8110644723583713,1.3550719441917176,0.5639604736763438,2.343830822704676,-0.08218587409478581,2.150763573836961,2.0961426839788393,-0.33509097968080365,2.3049050435299003,1.4189529691398373,2.394254639720468,0.8221130942085976,1.784801324261135,1.2050382215126725,2.139051686204541,0.45488961138146256,0.6521551612916086,-0.8221130942085976,-2.3942546397204683,1.3850658500071569,1.2415090048625523,-1.1919475243667854,-1.1551353037288514,-0.34060626115118536,-0.844114576533476,-0.5463906304141645,-1.3713993881826885,-1.1004416420156866,1.63886602377451,1.1104772073715516,-0.02220782410562002,1.078551680677623,1.2269046476332444,-1.7143421480366898,-1.0302635040182315,-0.8213259083916238,0.10046155601764112,1
1.7011214095939837,0.8771374557769975,1.0038746524609323,-1.6014324776621007,1,0,0,1,0,0,-0.6722068607066928,0.5494207977010448,-0.2210013526812325,-0.21907192381704685,0.875447835494113,0.5918464364662127,0.8372533736696974,0.178662352355004,0.9521258761724207,0.7505465825392793,1.0117793626624472,0.20843977543782952,-1.3212372150049247,0.334927407454412,0.923675994108197,1.3784291865998566,0.012373560417043936,0.16501912596452797,0.2654778184316193,0.020989325180847843,-0.8295656778954428,0.680098648415239,0.08360042819551111,-1.001670601082644,-1.1542536661940601,-0.020989325180847843,-0.26547781843162,0.2152602778598393,0.7161642658861095,-0.30947941282012914,0.42116575661981864,0.4103980692089227,-1.2851844898232538,-0.38327221085833024,-0.5408768497097485,-0.29429738304996345,-0.7203933142394032,0.8069707847160468,0.42482977999782756,0.4043055696202447,-0.0423289389126401,-0.1916295312302808,1.1099319721622063,1.2384340518261547,-0.1469716669968365,1
1.521219573093319,-1.5450325455404195,0.27967722576327125,-1.161438585374874,1,0,0,0,1,0,-0.8236341047562825,4.7331124014835035,0.38027817393554597,-0.47252047204185127,3.000127762726521,4.005268278185539,1.251119720837868,-2.224938395002791,0.31900789088500336,2.6097179269922623,3.6096855481610675,2.5567580675324306,-1.847860201135383,0.5706195842775218,0.5564205979246455,0.8466951091607613,1.404660776728135,2.07792726089545,1.0614552385657117,2.434374679376941,-1.1695560622512822,3.6112077125336404,0.4147524560741166,-2.132722973043203,-2.6640764659021148,-2.4343746793769414,-1.0614552385657123,0.02029268250195297,-0.10937746679115769,-1.5740471190570904,-0.9871687972982559,-0.4600842227993849,-1.033144539371952,-0.8726274695258333,-1.3160312189511594,-0.9144083514851348,-1.0257092285706153,3.917911616934971,0.7076494887163344,0.8321925247143505,-0.1777138548108673,-0.9847090191502859,0.28677986593896093,2.2404794378780473,1.1520527538291696,1
-1.5114113850607322,1.289421711320388,-0.4445202009343899,-0.4281154315628296,1,0,0,1,0,0,-0.6091121756860305,0.16855658637685988,-0.7327286093763631,0.6795709880393943,-0.398226511328222,-0.3955550343206694,-0.2408275143989725,-0.04647950886182294,-0.7337375772565737,-0.06025038787775927,0.11190953749474772,0.9515328101956965,-0.06610804432976206,-0.6572396437172253,-1.076894430541429,-0.07613764015374089,0.21061792447394867,1.082111101962189,-0.9197330604481181,2.209957315873655,-0.3218295868202689,-1.0150146155032844,0.9265328627955947,0.2902395155639781,0.9109829956091665,-2.209957315873655,0.9197330604481174,-0.7595776989295921,-1.1600669447440433,-0.8189455390738695,-0.7287587874050313,-0.6136987449184976,0.25856020669096863,-1.85133798686084,-1.814344742034923,-0.6663639641110671,-0.6093693453916895,-1.2416975682086098,-1.4454295841084306,-0.840456481562607,-0.685407289429221,-1.175048096251087,-2.1003612421084505,-1.712032918215528,-0.5799798072721716,1
1.5983203601650333,-0.7204640344536393,0.27967722576327125,1.7718540298733036,1,0,0,1,0,0,-0.016022136491804253,-0.3024357970927428,-0.8094876978806327,2.510997141307673,-1.8466378510697212,-2.173145997354119,0.44582224591267283,-0.5677533586398784,0.27241646565420413,0.4424992121390338,0.5046543865396222,-0.2687389622103045,-1.056856756669415,1.083965947426224,-0.06936901149085457,0.49234413778363806,1.2174871311115072,1.2942724021871586,1.0008734476041308,-1.3591819916073982,0.4631593172287755,0.7097669496240774,0.12235594242999885,0.6094515104572674,0.6075296726161669,1.3591819916073982,-1.0008734476041314,1.4129183636297125,0.26586877533487285,1.0551619967881019,1.183475285804831,1.7075873671036554,0.5736101447550955,-0.38327221085833024,-0.8177176958673952,1.069946747507413,0.8061862574166584,1.1863538130354276,1.2641656897430753,1.143383037510063,1.3622895635314727,0.9186817518577256,1.5215080252738291,0.848749735028197,1.2139110595827887,1
2.0609250825953116,-0.7977673323680251,2.8867879618748513,-0.13478617003801185,1,0,0,1,0,0,-0.6217311126901629,0.2586847585222777,-0.3233468040202586,-0.16410020673632444,0.5840829288699368,0.32576678288007377,3.5089617545009033,-1.0899110617578878,1.7467902042274044,1.4977161831806594,1.8927177600664011,0.88026194446333,-1.6085274581410671,4.528571537626279,-1.579222603349757,2.6049224922228498,1.9047376387048072,2.6172386373907837,1.078283513832815,0.13114384342216406,-0.35440141536813935,-0.08609339937739163,0.2297751599194004,-0.1346127014530516,0.0945983394806623,-0.13114384342216406,-1.078283513832816,4.755219998336335,-1.3852146900196616,0.6457695739056325,2.0103873174631492,2.919435263821102,-1.2536794960168407,-1.6066603575270884,-2.0358174189610403,1.3800022317249987,-0.49834537654397587,-0.3311783002420958,-0.7794347861583975,-0.5551985114998699,-0.5669454880182719,-0.5723076854318833,-0.5363722402842841,-0.5429799678216537,-0.76555472453303,0
0.5960101282327613,0.49062096620506923,-0.8790386569529866,0.3052077222492148,1,0,0,1,0,0,-0.6595879237025604,0.5348839957421064,-0.5152445252809326,0.04421366851693947,0.4210429899188468,0.37719394281689056,0.3419295124061862,-0.2156497348613336,-0.3260689667170025,-0.12275349206199897,-0.2638796722701027,-0.06625510885113056,0.42495804093622563,0.37578606457421665,-0.2060242967172353,-0.2607994211273172,0.48366889051159917,0.5817099012204557,-0.2645441656443792,0.17200761631813533,-0.09998030251760155,0.08959541110560132,0.18366893404452775,0.6454298408169437,0.9109829956091695,-0.17200761631813533,0.2645441656443785,-0.09111737198826762,-0.6347222057676005,-1.4648758062884317,-1.3489428111487698,-1.1257471519822078,-0.6865896075014126,-1.1173050988595852,-1.149926711256571,-1.658541513607341,0.08453045990652028,0.35171115073279,0.7988816528190786,0.7803274392483975,1.0238272737859035,0.8235122133073248,-0.4540570296619595,-0.4316415915936655,1.5232025883508855,0
0.5960101282327613,-0.10203765113855341,1.4383931084795292,-0.13478617003801185,1,0,0,1,0,0,-0.43244705762817587,-0.03205128065648941,-0.7966945164632545,2.369227976204757,-1.2332585408502867,-1.8556391838311632,2.1756016759340944,1.0879821876557059,-0.9330285769393205,0.8429437351272333,0.5705060663953875,1.3809565607037908,-0.36121733413792817,3.1372649923839426,0.7677564289578096,0.09289770749613198,2.104027014874527,2.1183191747856345,0.9153149533513734,0.9756618166055823,0.10949112472096807,-0.7241681602457564,1.368834558331259,0.9475545674657925,1.3264405494064515,-0.9756618166055823,-0.915314953351374,2.137083717816147,0.19081952690966666,-1.2283379619563388,-1.0000892977929163,-0.23819657973844427,-0.5605696322757617,-1.3619827281933365,-1.7589765728033937,-0.6043528672675491,-0.19302946221276363,-0.9381911455531051,-1.0896241441077272,-0.32180562690308556,0.05920974801103089,-1.397110352868688,-1.5241547677521787,-1.378017789531564,-0.76555472453303,0
-1.0231064002732158,2.4232034140647105,1.7280720791585935,0.3052077222492148,1,0,0,0,1,0,-0.7605394197356201,1.7036428732407503,-0.23379453409861076,-0.21733597485660297,1.3711220965454298,1.4781823581598725,0.8535940453390685,1.1813195788315953,0.7184131883892175,-0.2949310262757894,-0.6871260329634568,-0.7173333878294185,0.6476734854095624,1.4060679639302065,1.30157422933783,1.905355234963699,-0.03384083602911997,-0.013182928342227595,-0.46991781074089073,-0.5122984218604396,0.217983243538661,-0.3175097050090708,0.9326033638678163,0.3648767954129736,0.880426931835565,0.5122984218604396,0.46991781074089,1.07868820015905,0.9413120111617277,-0.5369196477548344,0.459927258103802,0.4274663494443799,-1.9782943535643327,-0.38327221085833024,-0.2086678343205727,-0.6043528672675491,0.3065783976019474,-0.17942508891434333,0.41570656358755365,0.858125067447326,0.9730579303240674,-0.0012904541294803558,-0.12479618717266176,-0.3759724034796717,0.9664778365683122,1
1.7011214095939837,1.0059762856343069,1.0038746524609323,1.478524768348486,1,0,0,1,0,0,-0.6722068607066928,0.5494207977010448,-0.5664172509504457,0.07372480084448518,0.3642766712629019,0.365566932744219,-0.6779117674991993,-1.6430386138049025,1.6288262511100289,-0.9535108737925008,0.3563702583018062,1.3921592324059153,0.11265304111017527,0.49853486813755554,0.7660699896382003,1.1673726298710414,0.32443512849906986,0.47224881164839594,0.9041108648182726,1.002053003267564,1.440782981095655,3.02255415940571,-1.0535631392366755,1.6098359948736898,-0.0022397405678806492,-1.002053003267564,-0.9041108648182734,0.4102278732177254,0.641115017460903,-0.1548200530645294,0.459927258103802,0.5810808715634928,-0.9701345517591269,-0.13859458152457876,-0.5408768497097485,-0.10826409251941274,1.4445740782910115,3.007392348968456,0.269735101023162,-0.3347718982695729,0.2961333508329291,0.030432725387320277,-0.7010026615289333,-0.32030321536567735,0.7809029193074537,1
0.8787130141623758,2.3459001161503257,-1.6032360836506476,0.5985369837740325,1,0,0,1,0,0,-0.20530619155379135,-0.22277412235776065,0.08603500133584588,-0.3706781330291445,0.24677237477469768,0.11513902348667636,-0.32009982691524974,0.23209902445080893,0.5713963648817982,-0.09619014104608409,-0.14797062532378893,0.1687532764761773,-0.08242752859396774,-0.8786967097917252,0.4875995847264045,0.3711876728687775,-1.0568733609293173,-1.1896045789349454,-0.48326437388376714,0.7094550641890696,-0.4328767976369631,0.16990336497483763,-0.40811015865453665,-0.9180308583632675,-0.9690482736610981,-0.7094550641890696,0.4832643738837664,-0.7595776989295921,0.641115017460903,0.5002078235474204,0.6278937645343975,0.13730558544161034,-0.37153966943728567,0.5954383064766764,0.954063719541543,0.07776919801113909,-0.3040534310604773,0.35171115073279,0.561678026151944,0.2487103132223888,-0.14386762583630988,0.47455723862252236,0.6983559190505837,1.2384340518261547,0.34789477903211874,1
-1.2287084991311177,-1.1842838219399534,0.27967722576327125,1.0385308760612593,1,0,0,1,0,0,-0.25578193957032125,-0.18614138142123599,-0.438485436776663,-0.049527575347029285,-0.22993609318052685,-0.10487978250387892,-0.5651802978327763,-0.005857267384712627,1.6025536769543793,-0.4449832739911343,0.03531752079387093,1.2794182651711936,1.0350556660749601,-0.23002188857118613,-1.0231880181139406,1.950466968758801,0.07711460452216161,0.27080875196928994,1.324112778207694,0.43173498641965286,0.5560618013552915,-1.0169680117927746,-0.2307133609774011,0.6776092170392591,0.21847753090964614,-0.43173498641965286,-1.3241127782076947,-0.3696425082138195,-1.0850176963188372,-0.6642861793182697,0.3565632541465125,0.3762615087380082,-1.9152843659515075,0.8401159358104279,0.2342775195316623,-0.728375060954584,0.5286263352973745,-0.9381911455531051,0.06902433999712428,-0.06248019957332482,0.2115177783965368,-0.033013633646279864,-0.7010026615289333,-0.5986491559356475,0.2860364732784985,0
1.5983203601650333,1.4182605411776974,0.27967722576327125,1.7718540298733036,1,0,0,1,0,0,-0.016022136491804253,-0.3024357970927428,-0.2593808969333673,-0.19418998871735144,-0.22473954347458858,-0.08252014774874118,-1.5752536193528195,-0.8310233516472109,0.5874928508597338,-0.658850394102671,0.1900847429103074,1.00401960696168,0.5015274326374971,0.8430603719650608,-0.4285809948352803,0.9019940145069593,0.9893884300147842,1.0246730068033587,1.5677883443965623,-0.18555039652161812,3.032804493825024,0.7112625978768767,0.10329458835608643,1.8711250079012296,0.7532742793583267,0.18555039652161812,-1.567788344396563,1.1622457410267157,-0.10937746679115769,1.0733572155828786,1.4418852956980555,1.8612018892227682,0.038025250046078915,0.5954383064766764,-0.09793149585751397,0.9459245538203791,2.9156416655232156,0.7310941790521709,0.16937972051014377,0.19684522775643593,0.9561348158367899,-0.667477223982284,-1.0302635040182315,-1.211010225189582,-0.1469716669968365,1
-1.3315095485600683,0.49062096620506923,0.27967722576327125,0.3052077222492148,0,1,0,1,0,0,-0.1295925695289965,-0.25184772627563734,-0.5152445252809326,0.04421366851693947,-0.4915229215111935,-0.22785777365713644,0.14784164153632576,-0.7314108014625532,-0.12143577981071475,-0.47582712316509057,-0.4269135144306558,-0.5800866185204856,0.4249950218482784,0.0863157392379812,-0.8120715950022714,0.183347728590289,0.1330110515581177,0.4388445736021533,-0.974766068754056,0.17559215780023885,-0.11933173180159111,0.19036878190925313,0.35025356436965527,0.7747032274451798,0.9834547892180846,-0.17559215780023885,0.9747660687540554,0.2152602778598393,-0.6347222057676005,0.5456958705343614,0.5632912620610914,0.59814915179895,0.5421051509486824,-0.46483142063624716,-0.04256332662598434,1.069946747507413,-0.05424950115312168,0.27583454506891375,0.2879815338437111,0.4302381123532211,0.7361343275021692,0.2524949820049213,-0.7010026615289333,-0.7099875321636356,0.9664778365683122,0
-1.5371116474179702,2.1397579883786295,-0.15484123025532542,-0.4281154315628296,0,1,0,1,0,0,-0.48292280564470574,0.03191064796283935,-0.1826218084290977,-0.2375887127284481,0.40873838573288795,0.20815510406804932,2.0614980110623056,0.9722834131442479,-0.6634304568089553,1.9154518622574963,0.8964291342463165,1.7192456892862888,-0.4703680629884177,2.003888294855844,1.66747301575326,-0.7780690533512322,2.1507112961569055,0.9612103397845533,2.4838873479852603,-0.11864316273067908,-0.8643015936834296,0.3359483644402248,0.12504729758517144,-0.45504338564988,-0.22696696561458163,0.11864316273067908,-2.483887347985261,1.3015083091394917,0.9413120111617277,-1.1282642585850677,-1.2972608091701252,-0.5454256239766699,-0.6865896075014126,0.2692014673650073,-0.7069813574043363,-1.2244638357027204,-0.9701972441467586,-0.1035484832504671,-1.1169937933385516,-0.892321567028559,-0.9900233502002335,-0.794369942049485,0.12214944469431245,0.06938110143228039,-0.76555472453303,1
1.0072143259485644,0.23294330649045036,1.4383931084795292,-2.041426369949327,1,0,0,1,0,0,-0.5460174906653681,0.07145074929115168,0.3035190854312764,-0.45805423070481904,0.8940715775783781,0.40894462416918614,1.8671631301535645,1.6479087748839474,-0.6757845957526172,2.1906024414065848,0.71695221343817,-0.730170520770208,-1.3490588095641705,1.2945221546681096,2.9347267020422767,-0.8883604775627661,1.6412564367211004,0.18838379612130998,-1.2010128806784757,0.1952844489803987,-1.3028645002136112,0.6781382759672836,0.031103574519072787,-1.331920784664915,-0.7481528799143443,-0.1952844489803987,1.201012880678475,1.217950768271826,2.7424939733666744,0.03622974428062242,-0.43158727602782254,0.20557870638343811,-0.11949971898598452,-1.1988643086375024,-0.8730858650989243,0.5738579727592754,-1.2477571662660425,0.5034643620605421,-0.3050275328241268,-0.24400799870415715,-0.7361766328910565,-0.0012904541294803558,0.36909507656128593,0.514734606344233,-0.332546584257695,1
0.2876069799459088,0.8771374557769975,-0.15484123025532542,-1.6014324776621007,1,0,0,1,0,0,-0.5081606796529707,0.046447449921777705,-0.2210013526812325,-0.21907192381704685,0.41916487977909284,0.20502475520233004,0.28830485917730175,1.7723150165101698,-0.9249706032557524,0.49445533730485874,0.6160041053390737,0.5296640095013916,-0.24531479844037876,-0.31888855856930026,2.6397279948483705,-0.6122353754193414,-0.2505849129230011,-0.3051335331490728,-0.2249492467260648,0.9455004604204603,-0.7195246151776337,0.21186357616603108,0.6492282928073323,-0.9164529712677848,-1.098739012033054,-0.9455004604204603,0.22494924672606412,-0.2582324537235989,2.5923954765162622,0.22727954162577424,-0.1344157646506147,-0.22112829950298704,0.6051151385615076,0.35076067714292497,0.5111183656893089,0.2638024885416898,-0.6093693453916895,0.35171115073279,0.44307621281837667,0.7284623537824456,0.27921023634565156,-0.6992004034990842,0.2044646553166367,0.793080546914203,0.16231986177126023,0
-0.6376024649146498,0.7740663918911503,-2.327433510348309,1.0385308760612593,0,1,0,1,0,0,0.07231042253712305,-0.3594200607717812,-0.4001058925245282,-0.11607228549737747,-0.46758293208315554,-0.18671604570768302,-2.5629516536073247,-0.965463953655403,1.6412333852125789,-2.3866651302126636,-1.1695780144522858,1.458356837918477,2.0124553664194966,-1.3036798686199715,-1.8704146188931339,1.4633698269307374,-1.5455494961523026,-0.3548867630710657,0.9153149533513734,1.0812265632535092,2.261225099568052,-0.5486107295704064,-0.7730754700121821,1.6916901922982996,1.1740308489645144,-1.0812265632535092,-0.915314953351374,-1.17736540326792,-1.685411683720486,0.5729886987265271,1.2997597902567817,0.4957394703862077,-0.024984737566746233,1.8188264531454346,1.397009073393778,0.44983577907224165,1.6943780081983673,-0.7105613285614767,-0.7520651369275744,-0.996051737960463,-0.36386811417093057,0.062155904904119784,-1.7711003996191523,-1.6563637301015341,-0.3944048900113141,0
1.1614159000919912,-0.978141694168258,1.7280720791585935,1.478524768348486,1,0,0,1,0,0,-0.5333985536612357,0.05516953109714072,-0.38731271110714993,-0.11722958480434005,0.2736445612890211,0.13302673129078654,0.210394245810604,1.6000803350420245,-1.1801631118655649,0.4283369574935225,-0.23891181561411104,0.07604059909914551,-0.24876788125171032,0.8362125613378607,2.6269791224934953,-0.5049002563744873,1.0287731042192636,0.11931760504735339,0.5061221547512287,-0.39825548305102343,0.5429754181332698,0.43548954125983497,1.1059464443572493,0.44145820413216846,0.42708747927634,0.39825548305102343,-0.5061221547512293,1.106540713781605,3.042690967067499,0.9368930746220554,0.49868875958778525,0.9224464762726329,0.4790951633358572,0.18764225758709038,-0.04256332662598434,0.6978801664463103,0.3898463742377325,0.27583454506891375,-0.33239718205494984,0.2616765845888761,0.43151826673115745,-1.1433249167342867,0.03983423407198747,-0.15329565102369538,-0.2706882785040748,1
1.2385166871637046,-1.4677292476260335,-0.4445202009343899,-0.4281154315628296,0,1,0,1,0,0,-0.29363875058271866,-0.17102310738394008,-0.054689994255315046,-0.2717290422838441,0.24011885349474285,0.07846922248825047,0.7836679284423655,-1.6454095496349856,-0.2748172802421097,1.3390339921652605,1.514937084501111,-0.0013108269009562954,-1.2619933240010723,0.2642818441220677,-1.635269324713281,0.26365484866115324,0.817024123993113,0.9987264400425706,-0.7989105922128035,0.7905619868667512,-0.8256420263828677,0.6201993333236585,0.6406321246521364,-0.9988014005306151,-0.9944304229839276,-0.7905619868667512,0.7989105922128035,-0.3139374809687093,-1.760460932145692,-1.9561467137473947,-1.5556708190633497,-1.2281568333949502,-1.3166894836296663,-1.6882195673050053,-1.648240234340335,-1.5965304167638241,-0.8036612908751883,0.5034643620605421,-0.17730250308028428,0.1709126850234604,-0.24540631275998087,-0.8895394805998851,-0.20711139779498602,0.18071947766026855,-0.7036964187794109,1
-2.128217681634438,-1.4934970135974959,0.27967722576327125,-0.4281154315628296,1,0,0,1,0,0,0.36254597363216995,-0.4704812277380702,-0.630383158037337,0.21665126525436348,-1.1063474071902264,-0.5292656501563932,0.11552245782883871,-0.34646653089839596,0.1415488360766527,-0.3460639267248987,-0.2888775903676561,0.8889221153404973,0.8892845743859998,-0.45045586575652535,-1.1828754821131402,0.06613707662249949,-0.12245058763097218,0.45391441580918146,0.3041828515459622,0.910698895591472,-0.6107269832437785,-0.7094425041995926,-0.12704061706060438,0.3460901322244445,0.8187140953019928,-0.910698895591472,-0.3041828515459622,-0.6551307728450102,-1.3101654415944555,-1.1692035008733148,-0.9613277963089331,-0.9507972795687738,-0.4424259055017141,-0.6279498401920818,-0.8177176958673952,-1.1004416420156866,-0.6648813298155464,-0.7864379342253526,-0.5057382938501646,-0.4903671546674297,-0.33002188519637315,0.2524949820049213,-1.7711003996191523,-1.712032918215528,-0.7036964187794109,1
-1.2287084991311177,-1.4934970135974959,0.27967722576327125,-0.4281154315628296,1,0,0,1,0,0,-0.24316300256618875,-0.20649290416374969,-0.630383158037337,0.21665126525436348,-0.6430984906252496,-0.3262401665797425,0.27685833622728745,-0.25722383211502947,1.5497016137068342,-0.07945871597607033,0.02694415298235796,2.1283282869590354,1.2294674371258136,-0.26270936805744904,-1.2008323053740941,2.0875289350740545,0.3326713575686807,0.7407756054884923,1.5173256805029718,1.3979208031972914,-0.6474743611561439,-0.8499196603275913,-0.020728762022219044,0.437214822565205,0.6881944799940553,-1.3979208031972914,-1.5173256805029725,-0.3974950218363748,-1.2351161931692491,-0.6642861793182697,0.42116575661981864,0.5469443110925782,-1.8207693845322692,0.5138790966987595,-0.1532996650890431,-0.6663639641110671,-0.7759052986632599,-1.0140677512169813,-0.9801455471844351,-0.840456481562607,-0.6346379459673855,-0.3819686083310823,-1.9357308208638015,-1.7677021063295222,-1.0748462533011267,0
-1.485711122703495,-1.4677292476260335,-0.4445202009343899,-0.4281154315628296,1,0,0,1,0,0,-0.6091121756860305,0.21507435264546262,-0.1442422641769629,-0.2572628009468119,0.7358313875864229,0.3642253546589107,0.37054433948400534,-1.1077671701385576,-0.5005176908790753,1.1336778879157945,1.2814778829711702,-0.3591792719921595,-1.5225461940116967,-0.4330474556025298,-0.9610125175728869,0.02398488666104536,0.36563223553138,0.7216957545977559,-1.2737915754233924,0.7734532878151856,-0.947946839297374,0.5577239624785417,0.7083269488742956,-1.1689710218785816,-0.9613885717944507,-0.7734532878151856,1.2737915754233915,-0.5924626171942612,-1.0850176963188372,-0.9190192424451392,-0.7675202888890147,-0.596630464683041,-0.30852968182446,-1.85133798686084,-1.7036084035718644,-0.9764194483286528,-0.9701972441467586,0.27583454506891375,-0.6060936743631827,-0.17917664187171697,-0.6177148314801074,-1.0481553781838862,-0.28942660841731066,0.06938110143228039,-0.9511296417938885,1
-1.485711122703495,-1.6481036094262664,-0.4445202009343899,-0.4281154315628296,1,0,0,1,0,0,-0.6091121756860305,0.21507435264546262,-0.09306953850744984,-0.28908853188828276,0.7812478189133183,0.3888209528895622,0.3361508417265238,-0.5433061679633208,-0.0646847341943293,0.5214675848653353,0.46019489276868714,-0.7841333101537136,-0.6177700426701865,-0.18828881727740443,-1.1594936976468886,0.12607737435875924,0.6738763216362272,0.9945167803929079,-0.9462874490712617,-0.13094794135889734,-0.6555618959236318,-0.41585056652453256,0.21512180096999362,-0.03626483968216796,0.3726761699806283,0.13094794135889734,0.9462874490712609,-0.5646101035717058,-1.3852146900196616,-1.6832184318257484,-1.3747838121380926,-1.091610591511294,-0.9386295579527137,-1.7697787770829225,-1.7036084035718644,-1.534519319920306,-0.7203933142394032,-0.5588081172337243,-0.6060936743631827,-0.41256952646850126,-0.39771434314548676,-0.2550758902638815,-0.5363722402842841,-0.6543183440496418,-0.6418381130257917,1
-1.5628119097752085,-1.4677292476260335,-0.4445202009343899,-0.4281154315628296,1,0,0,1,0,0,0.26159447759911014,-0.45245559330898666,-0.1442422641769629,-0.2572628009468119,-0.30130820943624387,-0.14915185931905162,-0.5278750560107628,0.5607517121467471,-3.174858190842169,-2.6892140047458692,-0.814371239243426,-3.6471516733931386,-0.5405491786015448,-1.635583506480486,1.2861877162680524,-3.4771868973253066,-4.952242295433355,-2.006722922777602,-5.695097281177154,0.6740482547543618,-0.9002326528960958,0.5188252962546228,0.8459000120743057,-1.2776040613770558,-0.9004518615340282,-0.674048254754361,5.695097281177153,-1.5951531076062477,0.5660657690356972,-1.2829236183406676,-2.5763903581415866,-3.617716066358931,2.27487981030138,-2.666930084640012,-0.5408768497097485,-1.1004416420156866,-0.9701972441467586,0.12408133374116129,-0.9071598159022387,-0.38663698373552574,-0.8377153198147269,-1.206771275767887,-0.28942660841731066,0.013711913318286572,-1.198562864808365,0
-1.3829100732745436,-1.235819353882877,-0.4445202009343899,0.3052077222492148,1,0,0,1,0,0,0.097548296545388,-0.37221244649564694,-0.2593808969333673,-0.20286973351957077,-0.31010349238672125,-0.12947538073453044,-0.6216177665816177,1.041013243200219,-0.444556332304962,-1.1969572287405144,-1.0246385264518607,-1.6176337145817687,0.011227330977142413,-1.2603026627611518,0.19168534530727196,1.4759179968607332,-1.5787990852488405,-0.8637098019444395,-1.0255223183500044,-1.1891589033857164,-0.39490493465167253,-1.2367971754043479,2.0908786488422075,0.05150184757785532,0.48883575292148734,1.1891589033857164,1.0255223183500037,-1.2609229441355856,-0.10937746679115769,-0.8098479296764806,-0.0052107597040024186,-0.6307670251539549,-1.348194477436079,-0.7910682597479163,-0.4301405112466897,-1.1004416420156866,-0.38732140769626244,-1.1658209625447336,-0.04957747333644305,1.026686595211671,0.9899810448113461,-1.4922798914190887,0.6160407084282594,0.06938110143228039,-0.08511336124321738,0
-1.3315095485600683,-1.3904259497116478,0.27967722576327125,-0.4281154315628296,0,1,0,1,0,0,-0.14221150653312897,-0.25184772627563734,0.08603500133584588,-0.36778488476173804,0.1840318605368469,0.09054342525602485,0.9523052681520735,-0.5642911301713093,-1.0089996201026898,1.0377543008355326,0.7611083321558183,0.18878439770479072,-0.28443635648126897,0.2682473701576965,-0.5718700174518593,0.0575080680349903,0.15433761268511492,0.3738089599537657,-0.8251557858999272,1.0758588642714124,-1.0561740454467945,0.20162045573574852,1.437126344685968,-1.2489005753012918,-0.6245264144331243,-1.0758588642714124,0.8251557858999266,0.38237535959517033,-0.40957446049198204,0.49111021415003275,0.44700675760914055,0.4957394703862077,0.5421051509486824,-0.22015379130249568,0.17890935030013266,1.0079356506638961,-1.1367331974183288,-0.2553016945782196,-1.244718823082393,-0.4385020692014777,-0.8715615487892844,-1.6191726094862895,-0.9479482933959068,-0.5986491559356475,-1.3841377820692236,0
-2.128217681634438,-1.3388904177687242,0.27967722576327125,0.3052077222492148,1,0,0,0,1,0,0.36254597363216995,-0.4704812277380702,-0.15703544559434116,-0.24800440649111127,-0.3710772138195086,-0.1701699159888811,-0.20774935893543173,-0.42085641928128853,0.18481726876036217,0.1498818882998286,0.3061793708017755,2.2111446331937845,0.4085701265604468,0.13439078595953666,-1.121751945238929,0.14708520035020778,0.7167717907839509,1.1130173415761575,2.2117880550385673,0.8221130942085961,0.42316223063228225,-0.5461078303874318,-0.10484495630125587,0.5082578765943104,0.6885966253291016,-0.8221130942085961,-2.211788055038568,-0.3696425082138195,-1.3852146900196616,-1.82878018218396,-1.4910683165900436,-1.1940202729240363,-1.0016395455655394,0.10608304780917345,-0.762349526635866,-1.5965304167638241,0.41760236644966076,-0.482931511569848,0.11464042204849642,0.04124997135858002,0.24536400737109418,0.47455723862252236,-0.5363722402842841,-0.2089648391376897,0.7190446135538346,0
-1.3829100732745436,-2.137691162884043,-0.4445202009343899,0.3052077222492148,1,0,0,1,0,0,0.097548296545388,-0.37221244649564694,0.35469181110078946,-0.4655766762000758,0.15314542417825341,0.07355010284212017,-0.6527176643233094,1.1982279372764104,1.075366922250464,-1.4741453959961124,-1.4857823577275941,-2.6379324743860555,0.2100044288098236,-0.8921276760598477,0.275351651617797,1.4684622854131517,-1.1086687296136895,-0.68994592729558,-1.4375436385994584,-2.172086992532613,0.016216338852002084,-1.3687642079032232,0.005600371155755297,0.8921383918547162,1.2579919217446958,2.1720869925326127,1.4375436385994576,-1.038102835155144,-0.25947596364157,-1.4193877593014905,-0.5866332819637576,-0.9550643496276378,-1.8837793721450944,-1.0357458890816678,-0.5408768497097485,-1.3484860293897554,-0.4150773999081907,-1.5452039908641146,-1.682633210775566,-1.4239386930545688,-1.057715808149347,-0.7626467625326843,0.03983423407198747,-0.8213259083916238,-1.4459960878228426,0
-1.3572098109173063,-0.10203765113855341,1.0038746524609323,-0.13478617003801185,1,0,0,1,0,0,-0.7605394197356201,1.5088497269909762,-0.7966945164632545,2.097262639068551,-0.13131809251672383,-0.4603979751105689,0.3005754544450754,-0.10264858199398412,-0.29040567894040836,0.3642359642880466,0.7653195834884096,-0.24624465997214007,-0.6751631148546084,0.39181644149729583,-0.956630000195889,1.222483490678039,1.6106402343326662,2.4672623212785347,-0.5252107151899527,0.1850492459657866,-0.02645911451191908,-0.8174425336519608,1.6254723040324008,1.1050239963792434,1.413848502283282,-0.1850492459657866,0.525210715189952,0.18740776423728422,-1.009968447893631,-0.5733100853443877,0.09815324425328795,0.7517636739180628,-0.4660546508565234,-1.85133798686084,-1.9250810804979817,0.20179139169817292,-0.22078545442469194,-0.9381911455531051,-0.7611883533378483,0.10608132819102022,0.549980068142106,-1.4605567119022886,-1.1948939252628807,-1.266679413303576,-0.5181215015185524,1
3.011834789813108,-1.3646581837401863,-0.15484123025532542,1.0385308760612593,1,0,0,1,0,0,-0.7983962307480176,2.7822735785939763,-0.7839013350458762,1.5041467442502305,0.44498297934688336,0.9773265396447873,0.07225283522217647,0.3992195208979845,-0.07955756724088679,-0.7599755004794283,-1.2091520612708588,0.6504065757651691,0.9859980871411754,0.5785631302995249,-0.8735928288422327,1.1208813831664663,0.5945324702216109,1.0604291738740255,0.9041108648182726,-0.009609152108407288,0.477624136588402,-1.4230874395858113,1.2351355523063652,1.616206091941907,2.6072595915376993,0.009609152108406583,-0.9041108648182734,0.577342954953057,-0.7848207026180125,0.13630344765189217,0.705416767502365,0.9395147565080901,-0.40304466324369825,-0.13859458152457876,-0.5408768497097485,0.2638024885416898,0.3065783976019474,-1.3934507795363622,-0.41450612974742024,0.2487103132223888,0.9053654723749538,-0.1916295312302808,-1.6887851889968277,-1.8790404825575102,0.2860364732784985,0
3.011834789813108,1.5213316050635446,-0.15484123025532542,0.3052077222492148,1,0,0,1,0,0,-0.7983962307480176,2.7822735785939763,-0.8350740607153893,4.365569280715203,-0.27820839517963436,-1.2340413376383343,0.31173952530298976,-1.1665233121321195,0.0618209031097292,-0.35606885342015876,-0.6481406752232353,-0.5163775781253092,0.023080489940449415,0.5530976727355846,-1.3072313903557689,1.1413312341050994,0.654103812908613,1.1473107647535314,0.19034451885672046,-0.8930588049066626,0.11916727913105082,0.29153414489387575,1.0624165751474999,1.1296241933209838,1.9627402769661502,0.8930588049066626,-0.19034451885672118,0.32667033235006016,-1.3101654415944555,-0.5733100853443877,0.05939174276930372,0.32505666803163763,-0.844114576533476,-0.8726274695258333,-1.0391903727935126,-0.29429738304996345,-0.27629743884854874,-0.2553016945782196,-1.4363063676981567,-0.7756251247301669,-0.33002188519637315,-0.9847090191502859,-0.8656330827735822,-1.266679413303576,-0.8274130302866491,1
-0.09789695541265715,1.5213316050635446,-0.15484123025532542,0.3052077222492148,1,0,0,1,0,0,-0.7731583567397526,2.104858607307449,-0.8350740607153893,4.365569280715203,-0.6144732347460667,-1.7550208274330434,0.07840596241958475,-0.4929440395520127,-0.03609332623412663,0.19922785931619832,-0.11272964570824395,-0.12729135028111616,0.047036026348537804,0.10344384220965214,-0.8116606242919053,1.550335658921836,1.0674721863283259,1.7813813151042603,1.1921218465220598,-1.3559421528355944,-0.005665531062909889,-0.13652263117164343,1.6072786095111105,0.789343162255642,1.885726196923657,1.3559421528355944,-1.1921218465220604,-0.11896988561082296,-0.9349191994684248,-0.7916527108817039,0.046471242274642305,0.47867119015075044,-1.0961545269847772,-0.5463906304141645,-1.0391903727935126,-0.4803306735805153,-0.4150773999081907,-0.6346847228976005,-1.6187706959036452,-0.723760039264214,-0.39771434314548676,-1.3653871733518879,-0.7833178721512579,-1.32234860141757,-1.0748462533011267,1
-0.7661037767008384,-0.10203765113855341,1.4383931084795292,-0.13478617003801185,1,0,0,1,0,0,-0.7353015457273552,0.7354918627754558,-0.7966945164632545,2.097262639068551,-0.32069262942024446,-1.0551642595972324,0.7852891451928962,-0.27740202599467856,0.22638531330836112,-0.20346025121216418,-0.37066475573486696,-0.8251591816903244,0.10140712950733745,0.9314732158406843,-1.2126752578581044,1.2304347723826574,0.4036842640965296,0.7046243090639382,0.2567889334467663,-1.3800988454323733,-0.16124661039416702,-0.8340884657932329,0.9269919763220672,0.6751480792784702,1.1698108299267274,1.3800988454323733,-0.25678893344676695,0.32667033235006016,-1.3852146900196616,-1.4648758062884317,-0.7287587874050313,-0.5454256239766699,-1.6632444155002057,-0.9541866793037505,-1.149926711256571,-1.3484860293897554,-0.16527347000083534,-0.7864379342253526,-0.02220782410562002,0.45617065508619664,0.7192112130148905,-0.2550758902638815,-0.12479618717266176,-0.7099875321636356,0.038603250264021984,1
-0.894605088487027,-0.7977673323680251,0.27967722576327125,1.7718540298733036,1,0,0,1,0,0,-0.48292280564470574,0.00574440443675031,-0.6431763394547153,0.25426349273064724,-0.3397744627947108,-0.19208235804891607,-0.03822207210199268,-0.8908008233193346,0.5604698765827616,0.3561650048948944,0.6950582580614544,-0.09816644023141495,-0.6220343603316828,0.3635827388993455,-0.9023899027770363,0.9011205546492056,0.5176963258681367,0.761020331486245,0.30418285154596364,-0.43557216489828954,0.4164363104297088,0.31865769101586194,0.13935815654680972,0.03218287109447566,-0.16062154352109587,0.43557216489828954,-0.30418285154596436,0.4102278732177254,-0.7848207026180125,0.2636699792153276,0.705416767502365,0.9053781960371756,-0.34003467563087314,-0.05703537174666111,-0.2086678343205727,0.5118468759157585,0.3620903820258042,0.27583454506891375,-0.04957747333644305,0.028283699992091807,0.04228663352375219,-0.3502454288142823,0.5337254978059351,0.3477270420022505,-0.08511336124321738,0
0.6217103905899984,-0.7977673323680251,-0.8790386569529866,0.7452016145364414,1,0,0,1,0,0,-0.6974447347149578,0.5406987165256818,1.6212167714212378,-0.6582670108093449,1.8779310343957236,0.9245578016226623,0.12966899969672888,1.6610674058529438,-0.6070432278251388,1.2947885034206141,1.2908013232210962,1.3385900931757513,-0.2976351164886682,0.2970637181448008,-0.34803398587817946,-0.29131202553321317,0.5661365038301073,0.6680426400629023,0.09517567272851181,1.731283161032851,0.11651466640352363,-2.6285199506224295,0.5371079368692414,-1.1878044692022058,-1.0258913243557233,-1.731283161032851,-0.09517567272851252,-0.11896988561082296,-0.7097714541928067,-1.3557044935197728,-1.2714198081808024,-1.0233374705694662,-0.5605696322757617,-0.9541866793037505,-1.0945585420250417,-1.534519319920306,-0.19302946221276363,-2.4557232588306284,-1.1109116490650344,-0.7064716774422299,-1.0802799607990516,-1.2807920279737544,-1.0302635040182315,-0.35741600744167373,-0.6624575482769981,1
1.521219573093319,0.7482986259196881,-1.168717627632051,1.0385308760612593,1,0,0,1,0,0,-0.6848257977108253,0.5145324729995927,1.058316789056594,-0.6021379944216599,1.651329496102748,0.861056438918071,-0.6942729431519074,1.3004997692274856,-0.08411920848007699,-1.4056775308880227,-1.4362877354982824,-0.20615649207736028,2.212183107988464,-0.34150672198810206,1.2295475087358299,-0.1865078625738307,-0.6356363347462239,-0.7887560567638878,-0.16027754582615011,-0.12221154853286169,0.6241739351705001,-0.5532430440939079,-0.07242863913457027,1.2686935487018425,1.0971776292050959,0.12221154853286169,0.16027754582614942,-0.3139374809687093,1.1664597564373458,0.06352257247278678,-0.04397226118798574,-0.2894014204448148,-0.08799472517957138,1.166352774922097,1.397009073393778,-0.17027518936292965,0.8061862574166584,-0.3311783002420958,0.7258959215368835,0.5728670973845897,1.0915197317350172,0.728342674756924,-0.9479482933959068,-1.0996718489615938,0.9664778365683122,0
2.0609250825953116,0.18140777454752677,0.27967722576327125,-0.4281154315628296,1,0,0,1,0,0,-0.4703038686405733,0.0028370440449626386,0.17558727125749374,-0.4337509452586049,0.6648515944737322,0.3373937929527454,0.25866620258731704,-0.06222113966880494,-0.120983912439249,0.7513947483482492,0.33194382046389886,0.7290354288086617,0.08856223490964676,1.3880843633929751,-1.1541490391871236,0.22399619120078026,2.0542720172587416,1.8737404208775383,1.8738869722943035,-0.8641809106868641,1.0272758892719085,-1.0708007042175105,0.39048363133596875,1.0218951384212946,1.3977996031341107,0.8641809106868641,-1.8738869722943043,1.4407708772522676,-1.009968447893631,0.35464607318920965,0.42116575661981864,1.2808803612172301,0.29006520049738066,-0.13859458152457876,-0.8730858650989243,0.8219023601333442,0.8246902522246106,-1.0646521549928987,-0.320232893507918,-0.07976856139530882,0.3299795798074865,-0.011864847301746482,-0.8930714863143573,-1.2852358093415737,-0.04387449074080463,1
-0.6119022025574117,1.7274737328352407,-2.327433510348309,1.0385308760612593,0,1,0,1,0,0,0.08492935954125552,-0.37279391857400446,-0.7327286093763631,0.6535317536327364,-1.319872251643361,-0.7917677621817101,-1.444179091998813,-1.9511400470149307,0.2893597390805586,-1.177887296790505,-0.5899810823698686,-0.29597483574627215,0.9936091912657342,-1.3420036239401025,-1.7731729010299189,1.5431652881383444,-1.40998694276456,-0.28397298979334173,0.7380194864539785,-1.1356331163529647,0.6672519739467939,0.9016752602705258,1.1551678353542216,0.19313083058102512,0.48975994829805936,1.1356331163529647,-0.7380194864539793,-1.2330704305130304,-1.6103624352952797,0.36374368258659734,1.1447137843208466,0.4274663494443799,-0.2770246880180474,1.4925896140337656,1.1755363964676604,0.38782468222872474,0.4731143508735179,0.6552175733882943,-0.41450612974742024,0.20981149912292413,0.27921023634565156,-0.9847090191502859,-0.04248097655033679,-0.5429799678216537,-0.3944048900113141,1
1.2899172118781799,-1.158516055968491,-0.4445202009343899,0.3052077222492148,1,0,0,1,0,0,-0.7226826087232228,0.6599004925889763,-0.5664172509504457,0.10612918143943735,0.6063414942485372,0.42549075388798807,-0.02841236883905162,-1.2928854081274286,0.6456616782531843,-0.5562316117088849,0.03477581183877743,-1.4709744486877059,-0.13858850803615427,-0.469451138312164,-1.2400561640011358,1.261999229478621,0.3659870043527038,0.9671694842176178,-1.631068804171171,-0.38855952469070976,-0.4295619555230317,0.5322647543684333,0.3855463749179292,1.1143394709350947,0.8990424985036076,0.38855952469070976,1.631068804171171,-0.7874302125521474,-1.4602639384448675,-1.7832921351970188,-1.0130097982875779,-0.8355863879794388,-1.6632444155002057,-2.1775748259725085,-2.0358174189610403,-1.2244638357027204,-0.5538573609678327,0.19995793940503753,-0.7429419205172992,-0.4514683405679659,-0.008482709938082702,-0.826093121566285,-1.4418395571298541,-1.712032918215528,-0.6418381130257917,0
1.7782221966656961,-0.7977673323680251,-0.15484123025532542,1.7718540298733036,0,1,0,1,0,0,-0.8236341047562825,4.988960115960818,-0.6431763394547153,0.25426349273064724,1.8537396502128838,3.6403590389816913,-0.6201276473258636,-0.7161425302244916,0.1584913278374971,0.6634853973544496,0.6203757453003468,-0.3591358635134457,-0.9551771548469584,-0.35536956439754985,-0.7919313232016217,0.2528355100454666,1.250059733268752,1.2765075120243368,0.3506288912831737,-0.8375679493470506,0.5072215076331325,0.1895886826336121,0.03741234958728899,0.34321186579566776,0.4397422810733361,0.8375679493470506,-0.3506288912831744,-0.3139374809687093,-0.7097714541928067,0.1272058382545045,0.24027874969456073,0.7517636739180628,0.1325402314653172,-0.8726274695258333,-1.0945585420250417,0.6978801664463103,0.41760236644966076,0.12408133374116129,-0.14080963743918734,-0.10137901367278856,0.04228663352375219,0.030432725387320277,0.28677986593896093,-0.09762646290970158,-0.08511336124321738,1
0.7759119647334253,-0.6173929705677911,-0.15484123025532542,1.7718540298733036,0,1,0,1,0,0,-0.5207796166571032,0.07261369344786675,0.12441454558798068,-0.4082903605054282,0.7292154810693341,0.37138043778055474,-1.4176479072218386,-0.38011971096102787,0.1370391198207668,-0.5793393850835284,-0.20272748099235952,0.3229642100896202,1.0230648297559515,-0.2249930455733,-0.6678994435936342,0.6747363592091159,-0.3819498966878063,0.2263148486775323,1.2784819609759694,-0.827498180191446,1.746463524243694,-0.14736076800678227,0.49070790204606585,0.4039151540115434,0.48450805518657164,0.827498180191446,-1.2784819609759701,-0.09111737198826762,-0.4846237089171882,0.5729886987265271,0.8604627734383002,0.6493539925053206,0.29006520049738066,1.5741488238116832,0.954063719541543,0.3258135853852078,2.6935937278277886,0.5793409677244183,2.3224587933349086,2.2973811891274982,2.37767643276818,1.267636726542527,0.6160407084282594,0.23638866577426285,1.9562107286262216,1
-1.485711122703495,-0.7977673323680251,-0.4445202009343899,0.7452016145364414,1,0,0,1,0,0,-0.6091121756860305,0.21507435264546262,1.6212167714212378,-0.6582670108093449,1.5537450136734845,0.6741298923651196,0.00625690409295634,1.1267841273684016,-0.4753225809786787,1.4850525403626489,1.5280240164433103,1.03560795539175,-0.553209546363197,-0.31338360874250215,-0.8643420681299943,0.1821983909879124,0.43492386132409006,0.4802567391909117,-0.6949470730335814,2.1016857808501404,-0.3218295868202689,-2.4124254860975447,0.8328737033955859,-1.5749471185230182,-1.5176288263964988,-2.1016857808501404,0.6949470730335807,-0.7874302125521474,-1.3101654415944555,-2.3109534802455345,-1.8916038319245418,-1.6719321195168326,-1.6632444155002057,-1.5251011477491712,-1.482135726645747,-2.0926191915119605,-0.4011994038022266,-2.266031744670938,-0.44187577897824326,0.028283699992091807,-0.6007917169928287,-1.2543560450430873,-1.0302635040182315,-0.1254610569666985,-0.45626319576493324,1
-1.0488066626304537,1.572867137006469,1.4383931084795292,0.5985369837740325,1,0,0,1,0,0,-0.11697363252486404,-0.28266574642858666,1.2246281474825116,-0.6275985791748366,0.6803511305668882,0.2676317325167157,1.8618644777139581,2.3057630514192935,1.008234646674034,0.05493586335663617,0.3709793880420558,-1.387864744301984,-1.1429882079145404,3.103221535274623,4.528395111554259,0.007383110870693736,1.1043662851985936,0.3435976851290439,-1.0255223183500044,-0.8757814322965277,0.5117345148344556,1.3717146637794158,-1.3708712236634564,1.0208558967439896,-0.14683510986259454,0.8757814322965277,1.0255223183500037,3.306889289963465,4.768823680847238,0.6457695739056325,0.5503707615664309,1.0077878774499178,-0.08799472517957138,-0.7910682597479163,-0.4301405112466897,0.6978801664463103,0.3620903820258042,1.1104772073715516,-0.33239718205494984,-0.9571529238609991,-0.5500223735309933,0.15732544345452057,0.8629863402952329,0.45906541823023866,-0.5799798072721716,0
0.7502117023761872,-1.1069805240255675,1.0038746524609323,3.678494229784619,1,0,0,1,0,0,1.0565875088594558,-0.6077086382304483,-0.4001058925245282,-0.09119035039768207,-0.9507380743125019,-0.3968966124059777,-2.6267403771477906,-0.10246295815236395,-0.7833027473794609,-0.04707665223276272,-0.3247100264476475,-0.2540570409951284,0.4522549655918659,0.6371214351587278,-0.4098124602156755,-0.20580222961214018,1.3850134098580877,1.1295725670355825,0.3699083794759778,-0.7133741297612541,4.28915066741223,-0.26990750061437624,0.8639897031962551,1.436953108729797,1.524946695618261,0.7133741297612541,-0.36990837947597854,0.8280155775560533,-0.18442671521636386,0.7276480584821255,0.49868875958778525,1.0760609983917457,0.7941451013999841,-0.709509049969999,-0.9284540343304539,1.0079356506638961,4.581001198238919,-0.02767187758659086,0.7715120035882557,1.143383037510063,1.7515211967388769,0.062155904904119784,-1.1948939252628807,-1.545025353873546,1.2139110595827887,1
-1.1516077120594044,-1.5450325455404195,1.0038746524609323,-0.13478617003801185,1,0,0,0,1,0,-0.43244705762817587,-0.05240280339900311,-0.6687627022894718,0.37577991996171783,-0.5100671663237657,-0.33071209353077,-0.8063793833844759,-2.2518084019950058,0.30889984868787207,-1.2348757197327682,-0.6348905538833581,-1.9350342631254103,-0.11970722755985495,0.6140519222395515,-1.1880521408230045,-0.27309226894552213,0.7834608498561724,0.26101235749453033,-0.8773392119444982,-1.7690215962405276,1.734843607595428,1.9005131461062366,-0.6967078347347415,2.445103797334595,1.0802165795860343,1.7690215962405276,0.8773392119444975,0.605195468575612,-1.0850176963188372,0.11810822885711679,-0.04397226118798574,0.2738518273252659,0.006520256239666901,-0.9541866793037505,-0.7069813574043363,0.3258135853852078,1.0004782029001573,1.0346006017076752,-1.2994581215440402,-1.3980061503215924,-0.5500223735309933,-0.9529858396334858,-0.5363722402842841,-1.211010225189582,-1.3222794763156045,0
1.521219573093319,-0.6173929705677911,0.27967722576327125,-2.334755631474145,1,0,0,0,1,0,-0.81101516775215,4.50052357014049,0.07324181991846762,-0.3683635344152193,2.3567285130000393,3.745896515025941,1.2577823624804922,0.6384070435172807,0.059307358259405314,1.3789876407252069,1.6159464288245498,-0.43877570359825674,-1.6848848344040914,0.2970637181448008,-0.982867439755551,1.6727361422778881,0.6329505423983423,1.9620710471995721,0.11588809585456382,-0.7133741297612541,-1.4521544258713943,-1.8608487271660892,1.5998633593818206,-1.235300414697043,-0.18522900855931737,0.7133741297612541,-0.11588809585456454,-0.28608496734615396,-1.3101654415944555,-1.9379514949526186,-1.0000892977929163,-0.7331767065666972,-1.5057194464681423,-1.6066603575270884,-1.814344742034923,-1.2864749325462383,-1.3310251429018278,-1.6969572021918669,0.44307621281837667,1.2471132084419672,0.5838262971166633,-0.3185222492974822,1.439192814651505,1.127095675598167,0.5334696962929761,1
0.7759119647334253,0.18140777454752677,1.0038746524609323,-2.334755631474145,1,0,0,1,0,0,-0.3945902466157784,-0.0931058488840305,-0.68155588370685,0.4191786439728145,-0.6144732347460667,-0.3955550343206694,2.650533244226824,-0.05309163353102273,-1.2811427472336685,1.8356437646754844,0.8824403217922677,-0.43651496418169916,-1.033201605833552,2.294369071052125,-0.9184234384476964,-0.26771725856347123,1.6005168046272504,1.0554528820584967,-0.6949470730335814,0.09388569754642515,-1.3931244551613693,-0.8471865058284828,1.482335027702218,-0.8927912342327814,-0.11677132460070107,-0.09388569754642515,0.6949470730335807,1.7471485271003746,-1.009968447893631,-0.7279694450999874,-0.7416792878996918,-0.135786898325702,-0.43454965705011084,-1.5251011477491712,-1.482135726645747,-0.4803306735805153,-1.3032691506898992,-0.7864379342253526,0.03253147435602734,0.7932937106148858,0.34690269429476517,-0.6992004034990842,-0.12479618717266176,-0.09762646290970158,-0.2706882785040748,1
1.572620097807795,0.7482986259196881,0.5693561964423357,-1.6014324776621007,1,0,0,1,0,0,1.220633689913178,-0.6332934096781798,-0.3233468040202586,-0.1600496591619554,-0.9039768475077804,-0.3633571602732711,1.0612239539493877,1.3914407518568925,-1.3469752034603977,1.6659019629875427,0.45928339027132564,0.47627404914265914,-0.15353913219392337,0.6379564128640376,1.1258523595614536,-1.3385984936802013,1.314453735794359,0.2507864954879994,0.39961991949913633,0.2532428274968747,-0.8382192100993473,-0.7819419208343851,0.49619783486479185,-0.9471362532362329,-0.3522466999865446,-0.2532428274968747,-0.39961991949913706,0.4659329004628361,0.8662627627365218,-0.3731626786018469,-0.9742482968035945,-0.47715250303484213,0.29006520049738066,0.35076067714292497,0.17890935030013266,-0.29429738304996345,-0.7759052986632599,-0.7105613285614767,0.0963939892279486,0.3394742127878045,-0.07617516788719629,-0.0012904541294803558,0.5337254978059351,0.7374113588002092,0.34789477903211874,1
-0.7404035143436003,-1.158516055968491,1.4383931084795292,1.0385308760612593,1,0,0,1,0,0,-0.7353015457273552,0.8517862784469626,-0.4512786181940413,-0.049527575347029285,0.9012659350619028,0.6933591782545381,0.25402842040586776,-0.06481736525554427,1.3666730660834556,-0.42741407979654,0.49791687522404643,0.903668707331593,0.07792790597913787,0.8152260186791936,-1.2855706722855467,1.5068273168694233,0.2517377403699595,1.0260384215282214,0.5174554829923397,0.7192902890320441,0.4613315300373238,-1.1988926101379844,-0.3540717295735063,0.8270276814777348,0.354410492697183,-0.7192902890320441,-0.5174554829923405,0.35452284597261524,-1.3852146900196616,-1.1373618679824566,-0.3023822710812103,-0.18699173903207253,-1.3166894836296663,-0.8726274695258333,-1.149926711256571,-0.9144083514851348,0.4731143508735179,-1.0899443568808573,0.1785029369204177,-0.03654765684034838,0.2961333508329291,0.1890486229713212,-0.9479482933959068,-0.7656567202776299,0.34789477903211874,0
1.521219573093319,1.0317440516057692,0.27967722576327125,1.478524768348486,1,0,0,1,0,0,-0.81101516775215,4.50052357014049,-0.5536240695330674,0.07951129737929807,1.6244573095884214,3.399769369016409,-0.5496545215547345,-2.782890570275586,1.9482399458763298,-0.8853877450538659,1.3848979609730703,-0.15922371067659433,-0.6411648544603774,0.28411338199240405,-0.9328604144223374,1.7143486932285876,0.48962526564922465,1.902518961775852,-0.6862106428504532,0.4634132099205562,1.0481907359774072,2.8850855584385555,-0.9405541669004476,1.6816057551755905,0.057004294925907494,-0.46341320992055685,0.6862106428504524,-0.3417899945912644,-1.3101654415944555,-2.1017084641056063,-1.1422148032341901,-0.9209277891567239,-1.6002344278873806,-1.9328971966387571,-1.980449249729511,-1.4104971262332722,1.055990187324014,2.8556391376407038,0.24236545179233895,-0.2958730841701091,0.36382580878204385,-0.09645999267988113,-0.6186874509066087,-0.48731077970765985,0.5953280020465953,1
-0.7918040390580765,0.7740663918911503,-0.15484123025532542,1.0385308760612593,1,0,0,1,0,0,-0.4198281206240434,-0.06286930080943873,-0.4128990739419065,-0.09003305109071949,0.027433380730027556,0.021228557515097883,-1.7495570182660818,0.11150817790271625,0.6973417195899787,-1.3073039745678146,-0.3362952284577016,0.10477982371986029,0.717723212628993,-0.2787252964017209,-0.623106614714283,0.7330896530452531,-0.1608487176343524,0.5091587034675698,-0.35307242775419667,0.4930801176436292,2.1543025907943614,-0.777263001553609,-0.21660508935153647,1.606588494407544,0.9342946416139287,-0.4930801176436292,0.35307242775419595,-0.5089050763265954,-0.8598699510432187,-1.11916664918768,-0.625394783447741,-0.6478353053894121,-0.844114576533476,-0.9541866793037505,-0.9284540343304539,-1.1004416420156866,1.6943780081983673,-0.8623145398892288,-0.5787240251323598,-0.5940973255993336,0.025363519036474696,-0.4771381468814831,-1.5241547677521787,-1.545025353873546,-0.45626319576493324,1
1.3670179989498932,-0.4370186087675581,-0.4445202009343899,0.3052077222492148,1,0,0,1,0,0,0.009215737516460692,-0.3425573704994127,0.022069094248954552,-0.3475321468898929,0.008062512375088933,0.005129620491398716,-0.7958207276977521,-0.19259364186746344,0.2439592892900501,-0.596250136415718,-0.3173687186136019,0.7988408736271015,0.9118812796497987,-1.0304426447531694,-1.356482538021086,0.5830920378700356,-0.7444084897157495,-0.3781930933667457,-0.08286747959746427,1.171710631808875,0.07700194498616784,-1.094553610896482,0.2524507437335571,0.06735275175369465,0.043362931277069874,-1.171710631808875,0.08286747959746356,-1.0659553487776992,-1.3852146900196616,-0.7825551014843162,-0.39282577454383927,-0.6478353053894121,-0.844114576533476,-0.22015379130249568,-0.2086678343205727,-1.1624527388592034,-0.026493508941193386,-1.0899443568808573,-0.3415203984652251,-0.16621037050522874,-0.1269445113490324,-0.4771381468814831,-1.1125787146405561,-0.7656567202776299,0.038603250264021984,0
-1.0488066626304537,0.7482986259196881,1.4383931084795292,-1.6014324776621007,1,0,0,1,0,0,-0.11697363252486404,-0.28266574642858666,-0.3233468040202586,-0.1600496591619554,-0.21232574057275744,-0.09369996512631006,2.769880619904501,4.003009763923779,-0.16621269974217512,1.548989911619768,0.79795725924143,-0.19254471918788077,-1.0998502920562698,3.192086322926552,4.499095665300307,0.39813797170012266,1.2801950474369288,0.8397622491791497,-0.5566704711695901,0.28949096339405445,-0.6620913856852314,-0.9871612558341498,0.6273085939849625,-0.8231659433134259,-0.2175191278765141,-0.28949096339405445,0.5566704711695893,3.4740043716987956,4.843872929272444,0.764038496071679,0.8733832739329616,1.4174266031008858,-0.05648973137315825,-0.7910682597479163,-0.6516131881728072,0.8839134569768611,-0.6371253376036178,-0.9381911455531051,-0.06782390615699217,0.2616765845888761,-0.093098282374475,-0.1916295312302808,0.36909507656128593,0.5704037944582268,0.16231986177126023,1
0.7502117023761872,1.0059762856343069,1.0038746524609323,-0.4281154315628296,1,0,0,1,0,0,1.0565875088594558,-0.6077086382304483,-0.24658771551598904,-0.2167573252031217,-0.7613635374089747,-0.2998557975686799,0.5116642451178117,0.8051909591413438,-0.33705891490042866,1.0155480462914366,0.7484091319734719,-0.2804071476218388,-1.0273249523013455,0.5078416031079437,-0.33098786430713667,-0.02511585606108556,1.4280376013603597,1.0357514853664258,0.5364130502320184,-0.9144498376620688,-0.20405224201468405,-1.4367262371821519,0.4355318150319106,0.04407774766236744,0.03824120716649155,0.9144498376620688,-0.5364130502320191,0.7723105503109431,-0.03432821836595151,0.9732835122116075,0.8087807714596554,1.4174266031008858,0.6366201323679207,-0.5463906304141645,-0.8177176958673952,1.069946747507413,-0.38732140769626244,-1.4693273852002382,-0.8432973010303187,-0.5162996974004062,-0.4654068010946016,-0.9529858396334858,0.03983423407198747,-0.3759724034796717,-1.0748462533011267,1
2.4464290179538777,-0.4370186087675581,-1.168717627632051,0.3052077222492148,1,0,0,1,0,0,0.16064298156605036,-0.4303596543314004,0.022069094248954552,-0.3475321468898929,-0.10039209412959477,-0.06239647646911723,-0.6416020592276477,0.2910264713934581,-0.2526936698843624,-0.05229404125223431,0.14458081803816458,0.9239849140963262,0.13493740134499543,-0.4770995076205863,-0.9544300575231554,0.23804336900130696,0.04231444145513359,0.349844941642526,-0.018359091073560794,1.2784135428411474,0.41545107515942176,-1.355570044841957,0.5846513410512986,0.11260415181413425,0.15359334928647436,-1.2784135428411474,0.018359091073560086,-0.5646101035717058,-1.009968447893631,-0.5824076947417753,-0.37990527404917784,-0.34060626115118536,-0.34003467563087314,-0.7910682597479163,-0.8730858650989243,-0.6043528672675491,0.1400424443303771,-1.3934507795363622,-0.7885580025686714,-0.39960325510201306,-0.33002188519637315,-0.9847090191502859,-1.277209135885205,-0.9326642846196119,-0.332546584257695,0
0.7502117023761872,0.7740663918911503,-1.6032360836506476,1.0385308760612593,1,0,0,1,0,0,-0.3062576875868511,-0.16346397036529214,-0.4128990739419065,-0.09003305109071949,-0.13131809251672383,-0.056135778737678665,-1.8938998107126097,-0.16383876192563157,0.6036070341102554,-2.013422972307596,-1.072189780625085,0.10817606229882805,1.7540269692718637,-0.6524125877308374,-0.8400986952289549,0.6099204164784829,-1.1371033299730715,-0.4719318681862596,-0.22109974072011698,0.36682327779893126,1.9816308189114087,-0.6167185881942766,-0.21223983852391526,1.592472343187748,0.933149611142659,-0.36682327779893126,0.22109974072011698,-0.6760201580619267,-0.8598699510432187,-0.3458698504096825,0.007709740790658993,-0.4430159425639276,-0.37153966943728567,0.5954383064766764,0.7879592118469556,-0.23228628620644656,1.7221340004102954,-0.6346847228976005,-0.22291858513165644,-0.2958730841701091,0.3299795798074865,-0.2233527107470814,-1.4418395571298541,-1.4893561657595522,-0.332546584257695,1
-1.1516077120594044,0.3102466044048362,0.27967722576327125,-0.13478617003801185,1,0,0,1,0,0,-0.5460174906653681,0.1040131856791736,-0.34893316685501513,-0.1461620674784045,0.3529808852001638,0.19295055243455567,0.16820977500097667,1.5236281361138955,-1.218531225568688,0.9822790460698138,0.30431254299165555,0.13192508491896388,-0.5266688272636912,-0.25092521940189205,0.5941670405463343,0.15930278068022935,1.1400042545031164,0.7602098056046246,0.22845561284398783,-0.04664941409013511,-0.4846213094834854,-1.4960039349710663,1.8258569378721237,-0.19658691559304942,0.3465757024507181,0.04664941409013511,-0.22845561284398855,-0.3139374809687093,0.41596727218528484,-0.32767463161490584,-0.19901826712392082,0.2567835470898098,-0.49755964466293656,-1.1173050988595852,-1.3160312189511594,-0.23228628620644656,-0.5538573609678327,-1.4693273852002382,-0.49661507743988936,0.45617065508619664,0.34690269429476517,-1.4288335323854886,-0.6186874509066087,-0.7099875321636356,-0.3944048900113141,1
-0.7918040390580765,1.5213316050635446,1.7280720791585935,0.3052077222492148,1,0,0,1,0,0,-0.6217311126901629,0.25287003773870237,-0.8350740607153893,4.481299211411461,-1.420056647234133,-3.2687681003558677,0.22359517617460692,0.5063060701675854,-1.1776343745021525,-0.06941420145251247,-1.0368498983969678,0.8488051473065599,1.1452737692922137,0.3493972683496909,-0.05709511342516177,0.18818804295745128,0.35343139997665707,0.4941544326196169,0.8847583482611033,0.28017642692511974,0.03819909833169969,-0.7521176019453145,1.7989764753160824,0.4442306341453593,1.8304012727372132,-0.28017642692511974,-0.884758348261104,0.27096530510494976,-0.10937746679115769,-0.16391766246191838,-0.04397226118798574,0.10316902497069583,-0.08799472517957138,0.18764225758709038,-0.2086678343205727,-0.23228628620644656,-0.47058938433204756,-1.1658209625447336,-1.9654529194940733,-0.9830854665939747,-0.7700228618656133,-1.5557262504526888,-1.853415610241477,-1.9903788587854983,-1.3222794763156045,0
0.7502117023761872,-1.158516055968491,1.0038746524609323,0.3052077222492148,1,0,0,1,0,0,1.0565875088594558,-0.6077086382304483,-0.5664172509504457,0.10612918143943735,-1.2456625151258676,-0.549389321436017,0.42989942668476655,-0.3601654132813395,-0.27980849047867795,0.2805312603187589,0.13944610342378666,-0.4036199144799054,-0.2161546990741428,0.6653802970514241,-0.2362566868450787,-0.017229817295267708,1.6932050535135317,1.2135354318544187,0.2567889334467663,-0.8051695616290189,0.06705453515935034,0.25766157031178394,0.36519327537977364,1.299973512628077,1.0034943897410704,0.8051695616290189,-0.25678893344676695,0.911573118423719,0.04072103005925432,0.8914050276351143,0.7441782689863493,1.4686314438072563,0.5421051509486824,-0.9541866793037505,-1.149926711256571,1.069946747507413,-0.08200549336504998,0.04820472807728505,-0.5239847266707137,-0.2699405414371327,0.24536400737109418,-0.6992004034990842,-0.9479482933959068,-1.32234860141757,-0.3944048900113141,0
-1.5371116474179702,-0.7977673323680251,-0.15484123025532542,1.7718540298733036,0,1,0,1,0,0,-0.6469689866984278,0.37497917419378457,-0.6431763394547153,0.25426349273064724,0.07109206159341248,0.09188500334133312,0.8532320289741754,1.358525740167101,-0.4681155689488436,1.609280794061031,0.8998766056153878,1.223612248652216,-0.4033762016483771,1.4490295332963974,1.9184725434478456,-0.4967295171193526,2.340586999346732,1.3243392105342222,1.943454842271065,-0.25863368266248993,0.26141333001646616,0.05726446596933863,0.1407644044245213,0.14685147198328521,0.12307581774966218,0.2586336826624906,-1.9434548422710656,0.939425632046274,1.2415090048625523,-0.9463120706373036,-1.0259302987822392,-0.18699173903207253,-0.6235796198885869,-0.30171300108041293,-1.0391903727935126,-0.9144083514851348,0.16779843654230542,-0.02767187758659086,-0.23204180154193166,-0.127311556405765,-0.0592520533999176,-0.28679906978068154,-0.12479618717266176,-0.26463402725168356,-0.2706882785040748,1
1.7782221966656961,-1.5450325455404195,-0.15484123025532542,-0.13478617003801185,0,1,0,0,1,0,-0.8236341047562825,4.988960115960818,-0.6687627022894718,0.37577991996171783,1.7713476122513325,3.5464485730101125,-0.883838682195546,-2.0535739449324435,0.4374295895489674,-0.7485344251887125,0.04934554939455329,-1.0172538862453802,-0.6543101475223853,-0.11435849961979494,-0.8675708066564239,0.25514735004379424,1.0864287679410998,1.1061070763598202,0.4407888507730546,-1.8245819892131196,1.1147335372369647,1.9494812978307017,-0.34158242241405345,2.0885058859283006,1.015746642832943,1.8245819892131196,-0.4407888507730553,-0.007559831120602114,-0.7097714541928067,0.4547197765604794,0.5245297605771081,0.9736513169790033,0.3215701943037938,-0.7910682597479163,-1.0391903727935126,0.8839134569768611,0.8061862574166584,1.4898602356909325,-0.5696008087220858,-0.6459624110652865,0.1438253204474232,-0.6040308649486834,0.03983423407198747,-0.7099875321636356,-0.5799798072721716,1
1.572620097807795,1.8047770307496258,0.27967722576327125,-0.13478617003801185,1,0,0,0,1,0,-0.81101516775215,4.448191083088312,-0.8478672421327675,4.9673649203357435,-0.46758293208315554,-0.41791466907580715,0.1363468339508075,-0.06701509672247515,1.0275377497964937,-0.4335082801046156,0.3618382866710828,-0.6317756760376955,-0.1428468393776172,0.07278451343588477,-0.9692760702389689,1.855955583030966,0.4562645292956735,1.80636954023148,-0.24010667662448304,-0.6235317921885499,-0.11686816342717056,-0.8790191658289567,0.4603778465818356,1.0380658157587574,1.2931607806814949,0.6235317921885499,0.24010667662448232,-0.45320004908148526,-1.3101654415944555,-1.9834395419395596,-0.9742482968035945,-0.767313267037611,-1.6632444155002057,-1.9328971966387571,-2.0911855881925696,-1.4104971262332722,0.0012624832707351544,-0.7105613285614767,0.5160619441005718,0.6895635396829819,1.1084428462222957,0.41111087958892223,-0.9479482933959068,-1.266679413303576,0.8427612250610729,1
0.7759119647334253,1.3409572432633117,-0.8790386569529866,-0.4281154315628296,1,0,0,1,0,0,-0.40720918361991093,-0.08961701641388531,-0.7327286093763631,0.540695071203885,-0.8168833888562058,-0.4867823441216314,0.13639755093347153,-0.4211760994749,0.6220219231535775,-0.5794193065872214,-0.6821942763324205,-0.6053564471864716,0.4108444976738238,-0.32684117904056453,-1.4329223808996638,2.4112036814775943,-0.6609797631403781,0.0625546394564803,-1.0255223183500044,0.1914665557924087,-0.5162399699027168,-0.8573927707910156,1.5727023574796921,0.1273418836376168,0.9479584005116719,-0.191466555792408,1.0255223183500037,-0.17467491285593337,-1.2351161931692491,0.6639647927004092,1.9199438140005203,1.4856997240427134,-1.222174502210428,-0.7910682597479163,-0.4301405112466897,1.0079356506638961,-0.6648813298155464,-1.0140677512169813,-0.9527758979536108,-0.10137901367278856,-0.0423289389126401,-1.206771275767887,-1.4418395571298541,-1.545025353873546,-0.5799798072721716,0
-0.6633027272718879,1.572867137006469,1.7280720791585935,0.3052077222492148,1,0,0,1,0,0,-0.7731583567397526,2.500259620590572,-0.8350740607153893,4.429220742598145,-0.6144732347460667,-1.5001209912244733,0.33035139855820855,0.6415284328701352,-1.1444991393410857,-0.045383565903068045,-1.116603669334272,0.36962115452747685,1.3730578472287316,0.7851484609587005,-0.029607874095892446,0.304959370933845,0.7855011355672817,0.5477268765324018,0.8018189915875111,-0.29111514316954507,0.32514942972794103,-0.9101784254847859,1.8710234220462916,0.8401997495309733,1.986388145424292,0.29111514316954507,-0.8018189915875119,0.9672781456688292,0.19081952690966666,0.6912576208925736,0.7570987694810098,1.0760609983917457,0.1010352376589052,0.758556726032511,0.40038202722625016,0.6978801664463103,-0.3318094232724056,-1.317574173872486,-2.1661636805201105,-1.1516469943583196,-0.8038690908401701,-1.8729580456206907,-1.9357308208638015,-2.213055611241474,-1.6934293108373202,0
-1.460010860346257,1.8047770307496258,-0.4445202009343899,-0.13478617003801185,1,0,0,0,1,0,-0.6091121756860305,0.21507435264546262,-0.8478672421327675,4.9673649203357435,-1.913965681136189,-3.6734774894238607,0.06403865243057143,-0.3984727485129457,0.4054252593019141,0.14148835779572494,0.14883652156807564,-0.6502523336508566,0.07057710334473874,-0.09814481616109169,-1.3619372969238193,1.1415177910167613,1.21349029973569,1.4378723282681645,-0.09305301462755473,-0.7945777810288902,-0.18711244898142232,-0.8174425336519608,0.5928853811234525,1.0121345654992195,1.2103077019628055,0.7945777810288902,0.09305301462755473,-0.6203151308168162,-1.6103624352952797,-2.1926845580794883,-1.4393863146113988,-0.9892009100985523,-2.009799347370745,-1.6066603575270884,-1.7589765728033937,-1.720552610450858,-0.05424950115312168,-0.6346847228976005,0.5799244589724931,0.8192262533478623,1.2269046476332444,0.2524949820049213,-0.6186874509066087,-0.9883334727336057,0.8427612250610729,0
-0.48340089077122306,1.3409572432633117,1.0038746524609323,-0.4281154315628296,1,0,0,1,0,0,-0.4703038686405733,-0.01751447869755106,-0.7327286093763631,0.540695071203885,-0.7121747338243685,-0.4313304499288898,3.393575766053811,1.0336713761926568,-0.4560894493256491,1.5730958384089906,0.46593912504924667,0.6492065714672669,0.11741613155461361,4.047687879330684,0.5778620791065285,1.110063444500316,2.1097622058003656,1.7320267421789857,1.116988546947158,-0.2223753081429896,-0.6744476749157122,-0.839856858119417,1.7389962639274998,-0.03314690143456454,1.0852433197041589,0.2223753081429896,-1.1169885469471588,3.5575619125664613,0.41596727218528484,-0.2912841940253525,0.3048812521678669,1.178470679804488,-1.222174502210428,-0.6279498401920818,-1.0945585420250417,0.015758101167622184,-0.8036612908751883,-1.0140677512169813,-1.0166384128255321,-0.08841274230630035,-0.093098282374475,-1.1433249167342867,-1.277209135885205,-1.4893561657595522,-0.7036964187794109,0
1.572620097807795,-1.4934970135974959,0.27967722576327125,-0.13478617003801185,1,0,0,0,1,0,-0.81101516775215,4.448191083088312,-0.68155588370685,0.37577991996171783,1.269648225209414,3.130559366564551,-0.49394262316010656,-1.5570106234736585,1.3999840784850257,-1.0699871861328853,0.3634866526849135,-1.0672673728183804,-0.647579622152558,0.1276652900552363,-0.5618637062367987,1.7340153115669874,0.43062119644706104,1.3706488910995591,0.4783555005605047,-1.930052565703467,0.8144008949897203,1.574183217688876,-0.1713069747076061,1.8724802657153388,0.8656214163988729,1.930052565703467,-0.4783555005605054,-0.3139374809687093,-0.9349191994684248,-1.6013399472492547,-0.6512357844370638,-0.4600842227993849,-1.6317394216937933,-1.3619827281933365,-1.648240234340335,-1.3484860293897554,0.6118943119331598,1.2622304186993043,-0.3871364805165972,-0.41256952646850126,0.31305646532020776,-0.635754044465484,0.2044646553166367,-0.5986491559356475,-0.5799798072721716,1
0.7759119647334253,-1.8284779712265005,-0.8790386569529866,1.0385308760612593,1,0,0,1,0,0,-0.40720918361991093,-0.08961701641388531,-0.5920036137852022,0.13621896342046436,-0.3284829825601029,-0.17419465024480588,-0.8464591246483759,-3.2566202870692167,1.0950492011582436,-1.2106318632768704,-0.35901563521399327,-0.5256770241067585,-0.5553606106340928,-0.24668609379947712,-1.5491544372567478,2.3702528342184626,-0.5441243950879102,0.19212651857467322,-0.8963291925090734,0.17200761631813533,0.9305361796124482,2.9179046388496324,0.8849065697289236,1.0959411079293968,0.6543120599109216,-0.17200761631813533,0.8963291925090727,-0.14682239923337803,-1.3852146900196616,0.41832933897092733,1.6486133036126354,1.2979486414526862,-1.2851844898232538,-0.8726274695258333,-0.5962450189412776,0.6978801664463103,0.5286263352973745,2.096873081001942,-0.8980365994919648,-0.3607044410025493,0.0761328624983096,-1.5557262504526888,-0.4540570296619595,-0.4316415915936655,-0.6418381130257917,1
0.2105061928741954,-0.6689285025107157,-2.327433510348309,1.7718540298733036,1,0,0,1,0,0,-0.6722068607066928,0.4185895800705996,-0.7966945164632545,2.4907444034358277,-0.6402913343138573,-1.6029753110981069,-1.569436168610496,-0.4108989238280756,0.9816401549319445,-0.9321609346358041,-0.2050584213111805,-0.1519148560563235,-0.4007711712860971,-1.4749280221969387,-0.7926284112443798,1.8157379720829527,-0.7520666117611375,0.14235627318417338,0.4025854781078499,-0.6064731204975302,0.7086084955328389,-0.2300660740939708,0.4827065759090648,0.5135529062622046,0.40556918400258274,0.6064731204975302,-0.40258547810785056,-1.4001855122483615,-0.7848207026180125,-0.20030810005147043,0.7441782689863493,0.3762615087380082,-1.0016395455655394,-0.38327221085833024,-0.5962450189412776,-0.6043528672675491,0.8616982418405155,-0.02767187758659086,0.6346637574341392,0.806259981981374,0.9899810448113461,-0.033013633646279864,0.7806711296729086,0.514734606344233,0.5953280020465953,0
-0.7404035143436003,0.7998341578626126,1.7280720791585935,-0.13478617003801185,1,0,0,0,1,0,-0.6217311126901629,0.25287003773870237,-0.5408308881156891,0.07488210015144776,0.24257282523674706,0.1366042728516086,0.0438981348734397,0.4819023756734253,-0.04020112748627751,-0.0939459465339622,-0.22139669207597104,-1.0153897352322903,-0.4743371055159231,0.05512420907493548,-0.044254605339904364,0.5069420043747269,0.08518319071713915,0.27773134064633176,-0.33645217931212407,-1.0511813190346222,-0.005961964941672266,-0.7057594262721146,0.5643841131155586,0.21138110663818405,0.5589771409372871,1.0511813190346222,0.33645217931212335,-0.007559831120602114,-0.10937746679115769,-0.20030810005147043,0.08523274375862654,0.12023730520615308,-0.40304466324369825,-0.709509049969999,-0.6516131881728072,0.015758101167622184,0.16779843654230542,-0.482931511569848,0.7441423543574326,0.9488889670127426,0.9899810448113461,0.37938770007212164,0.7806711296729086,0.29205785388825667,0.6571863078002155,1
0.8016122270906633,-1.4677292476260335,-1.6032360836506476,-0.4281154315628296,1,0,0,1,0,0,-0.3062576875868511,-0.16346397036529214,-0.630383158037337,0.21665126525436348,-0.5690568034191705,-0.2931479071421386,-0.218511326528169,0.3115289959474876,-0.6519724560766055,-1.1986907877492532,-0.8446014690380144,0.580749996270873,1.2008975546991298,-0.4224971925364133,-1.251279833552342,0.8672782252576549,-0.7775624041361175,0.20938664639359245,-0.09305301462755473,0.8843625762614299,-0.11830889795693282,-1.681087992278448,1.7627991650540387,0.848336351461588,1.3024485813207742,-0.8843625762614299,0.09305301462755473,-0.3974950218363748,-1.1600669447440433,0.02713213488323473,0.47284775859846334,0.12023730520615308,0.038025250046078915,0.2692014673650073,0.34501385799472056,0.139780294854656,-0.6648813298155464,-1.848710413519619,-2.3395047923153243,-1.3591073362221284,-1.0069464646875115,-2.380528917889494,-1.853415610241477,-1.823371294443516,-1.569712699330082,1
-0.5605016778429365,-0.4885541407104817,0.27967722576327125,1.0385308760612593,0,1,0,1,0,0,-0.1800683175455264,-0.25010331004056474,-0.4896581624461761,-0.01480859613815197,-0.39569953257264584,-0.1809025406713472,-3.357159949855072,-0.0052153395491031295,0.2583391658770184,-1.8094394277561783,-1.1636311865589943,-0.16505370254466134,0.8582246850166092,-0.5242463066484437,0.5453646613375159,1.556518829027258,-0.7438700983138732,-0.1136424355467625,0.5791922973583978,-0.799549433147316,4.144391900010517,0.5534925628595506,1.2109930189015992,1.7068270756062278,1.401827812880715,0.799549433147316,-0.5791922973583985,-0.3974950218363748,0.7161642658861095,0.5456958705343614,1.3256007912461045,0.9053781960371756,-0.5920746260821743,0.5954383064766764,0.34501385799472056,0.44983577907224165,3.387493533125998,0.27583454506891375,-0.5969704579529088,0.06718251409155555,0.7530574419894479,-1.4605567119022886,-0.7833178721512579,-1.1553410370755877,-0.3944048900113141,0
1.8039224590229344,0.6452275620338409,-0.15484123025532542,-0.8681093238500562,0,1,0,1,0,0,-0.8236341047562825,4.988960115960818,-0.7199354279589849,0.540695071203885,1.5671797076776843,3.4189986549058276,-0.412886336109524,-0.6795614224722192,1.2985812622027062,0.5086490399376555,0.9000740465274644,0.8437478017375767,-0.9921636834818657,-0.28172555467737753,-0.7005037899761988,0.8472934694663363,1.0068059882229174,1.170167755901601,0.8518955842960956,0.30587169994287167,0.29263164636543887,0.2309700599498333,-0.923755864017922,0.31117954586253904,-0.027699283515844275,-0.30587169994287167,-0.8518955842960962,-0.11896988561082296,-0.4846237089171882,0.7094528396873502,1.0801112818475405,1.5027680042781708,0.006520256239666901,-0.5463906304141645,-0.9284540343304539,1.069946747507413,-0.10976148557697851,-0.2553016945782196,-1.308581337954314,-1.5017363212534962,-1.311562525458524,-0.44541496736468245,-0.7010026615289333,-0.6543183440496418,-1.3841377820692236,0
1.572620097807795,1.7532414988067013,0.27967722576327125,1.0385308760612593,1,0,0,1,0,0,-0.81101516775215,4.448191083088312,-0.7455217907937414,0.6535317536327364,0.9787998169698778,2.9159068729152287,-0.5599430342481965,-0.2685686520630387,0.11640333395285966,0.2774363409266125,0.5924873033323561,0.1264505489811663,-0.3099932896184429,0.03073080493065822,-0.05934087095099443,1.4576704590127503,0.26374217424161706,1.038249130353392,0.5061221547512287,-0.3295023237687909,0.809320277843575,0.3091725215944973,1.305690977056323,-0.11327637262558228,0.24338568502456603,0.32950232376879157,-0.5061221547512293,-0.2582324537235989,-0.40957446049198204,-1.1009714303929035,-0.28946177058654887,-0.1699234587966153,-1.2536794960168407,-1.0357458890816678,-1.3160312189511594,-1.0384305451721696,0.44535835866158957,-0.02767187758659086,-0.8524205174405927,-0.127311556405765,-0.1607907403235886,-1.3653871733518879,-0.6186874509066087,-0.8213259083916238,-0.7036964187794109,1
1.8296227213801723,1.572867137006469,2.452269505856255,0.3052077222492148,1,0,0,1,0,0,1.0187306978470585,-0.6077086382304483,-0.8350740607153893,4.429220742598145,-2.8401047983347385,-3.890365946548697,1.5032066157814057,-0.6631601812510541,-0.1899630129101001,0.1305620355525842,-0.28436867561876666,-0.5126187878509018,0.23860588739345415,2.0052589125370344,-0.7561793274945894,0.8470428311482932,0.4928202561445014,0.6453432454519997,0.6225629626478131,-1.316601253463695,-0.08661431318836611,0.1526843103808521,1.1108821592515208,0.312291243074138,0.9997452788477537,1.316601253463695,-0.6225629626478137,1.8585585815905954,-0.7097714541928067,-0.018355912103706302,0.42116575661981864,0.615217432034406,-0.5605696322757617,-0.13859458152457876,-0.4301405112466897,-0.10826409251941274,-0.3595654154843339,-0.2553016945782196,-1.1352402261590995,-0.47740088330094144,-0.33002188519637315,-1.0481553781838862,-0.6186874509066087,-1.1553410370755877,-1.136704559054746,0
1.572620097807795,-0.7462318004251005,0.27967722576327125,-0.13478617003801185,1,0,0,1,0,0,-0.81101516775215,4.448191083088312,-0.438485436776663,-0.06341516703058021,1.83408812648918,3.4699786221475417,0.28365464632561277,0.48346043248316073,0.12949282730022468,0.49689788290776993,0.6359290033497782,1.1773977041947175,-0.5428876906619892,0.1520419651407691,-0.081119729867461507,1.138112731011557,0.7692511810775465,1.5733819509038556,1.6167883223801933,0.002319067851812721,-0.24251015052263022,-0.74482858061305,0.9666725025384575,0.09149932056231709,0.709362391518131,-0.002319067851812721,-1.616788322380194,-0.14682239923337803,-0.40957446049198204,-1.0463857740085747,-0.37990527404917784,-0.06751377738387422,-0.8756195703398886,-0.709509049969999,-1.3160312189511594,-1.0384305451721696,-0.38732140769626244,-0.8623145398892288,-0.6973258384659271,-0.1402778277722523,-0.093098282374475,-0.7309235830158842,-0.5363722402842841,-0.5986491559356475,-0.8274130302866491,1
-0.5862019402001745,0.7740663918911503,1.7280720791585935,-0.8681093238500562,1,0,0,1,0,0,0.13540510755778543,-0.424544933547825,-0.42569225535928473,-0.08656115316983176,-0.5494052796954727,-0.259608455009432,1.6141968928545802,1.3544766176330054,-1.3071578545390063,0.8341502226402798,0.022966253603680174,1.072723530602725,0.03371233446130046,1.722433757467925,0.2272476959141567,0.3887086492671964,0.3928223701874932,0.35600742132072777,0.5061221547512287,0.9611011618955224,-0.5235445577794323,-1.6314099120656542,2.17754328279647,-0.7373671979179114,0.3177147012183589,-0.9611011618955224,-0.5061221547512293,2.4713138812868096,0.8662627627365218,1.8648492331556514,1.8295003105378922,1.9465432904000532,0.9201650766256344,0.18764225758709038,-0.04256332662598434,1.5040244254120325,-0.5261013687559044,-1.5452039908641146,-0.15905607025973648,0.9618552383792308,0.5669031826293847,-1.1116017372174867,-0.9479482933959068,-0.6543183440496418,0.10046155601764112,0
-0.9460056132015023,2.1912935203215542,1.0038746524609323,-0.4281154315628296,1,0,0,1,0,0,0.4130217216486998,-0.48618097385372366,-0.13144908275958464,-0.2838806850069512,-0.3747141134432819,-0.1545181716602847,1.998607054502657,-0.40658782778130137,0.17646838178258412,1.186922659978147,0.4699950705242386,0.4133859466388783,-0.7473125653000603,1.8018318362949073,-0.19891852522682962,0.6840144000058408,1.0528923855563872,0.47470206380377755,0.3871222082195544,0.17986603418274572,-0.9787426202870682,0.35878234173236145,0.44613031628603195,-0.5594258735535796,-0.1475624380989125,-0.17986603418274572,-0.3871222082195551,1.8028535543454847,-0.10937746679115769,0.2636699792153276,0.5891322630504142,1.0248561576853752,-0.844114576533476,-0.5463906304141645,-0.762349526635866,0.38782468222872474,-1.2200011740541141,-0.5588081172337243,-2.3851208743666965,-1.8647919195151619,-1.90387153251327,-1.7777885070702906,-0.9479482933959068,-0.9883334727336057,-2.1264374511126554,0
1.0586148506630406,-0.5916252045963298,1.4383931084795292,1.7718540298733036,1,0,0,1,0,0,-0.5333985536612357,0.07726547007472702,0.12441454558798068,-0.419863353575054,0.7560876675836609,0.3839018332434319,-0.07267469528599252,1.834666943053905,-0.738695918837031,0.9413996070678219,-0.22022095067165343,-0.42694273738470956,0.02085301944048613,1.4573905633679292,2.4952634685829858,-0.6402681136617494,1.5829246907685448,0.03009402211799189,-0.2548898489945435,-0.329502323768793,1.5572634119014381,-0.018437790870871006,0.3664143605014229,0.29783089191068396,0.3156789766787832,0.329502323768793,0.25488984899454276,1.1900982546492709,2.067050737539819,-0.38226028799923456,-0.6383152839424023,-0.03337721691295973,-0.7495995951142377,-0.8726274695258333,-0.8730858650989243,-0.29429738304996345,2.2494978524369347,0.5793409677244183,1.8389283235903642,1.791696605834465,1.836136769175269,0.9821281108913258,-0.04248097655033679,-0.2089648391376897,1.4613442825972665,1
-0.9460056132015023,-0.5916252045963298,1.0038746524609323,1.7718540298733036,1,0,0,1,0,0,0.4130217216486998,-0.48618097385372366,0.12441454558798068,-0.419863353575054,-0.17673452384362007,-0.04942788831113735,0.3009857322137782,0.028642571490094353,0.20437439008951652,0.44615155467637857,0.02975527432126984,0.5502712508036101,0.18694971688359915,1.672389417529307,-0.3335334184617457,0.9011205546492056,0.6692342772319273,0.2484752844003436,0.8763442106275502,-0.11864316273067908,1.2525038133834927,-0.3734392850093939,0.6261526158524889,0.06087928634877075,0.20390443951608797,0.11864316273067908,-0.8763442106275509,1.8864110952131505,-0.10937746679115769,0.7185504490847379,1.1188727833315248,1.3832900426299712,-0.7180946013078251,0.35076067714292497,-0.04256332662598434,0.6358690696027934,1.9441819381057224,0.19995793940503753,1.9575301369239315,2.063988304530714,1.9715216850734973,0.8552353928241243,0.12214944469431245,0.06938110143228039,1.5232025883508855,1
-0.5862019402001745,1.8047770307496258,-2.327433510348309,-0.13478617003801185,0,1,0,0,1,0,0.07231042253712305,-0.37279391857400446,-0.8478672421327675,4.9673649203357435,-2.8265315925662344,-4.125589304172745,-0.8674677494619214,-0.8908627413710186,0.42237108437184834,-1.8000846502840941,-1.2439653450211379,-0.18293640891295387,1.673882380762155,-1.5465176220087422,-1.8600718851606264,1.510611227317732,-1.6573980892887157,-0.7134020016074383,0.7338087191151667,-0.9772859963810728,-0.33902716371665964,-0.6406421110328854,0.9406231788115259,0.7883506565905484,0.9207176707936748,0.9772859963810728,-0.7338087191151673,-1.4280380258709164,-1.685411683720486,0.46381738595786837,1.2222367872888142,0.3762615087380082,-0.40304466324369825,1.9819448727012692,1.6738499195514247,0.2638024885416898,-0.16527347000083534,-0.4070549059059717,0.7806352199985308,1.1952481229760152,1.4976744794297,-0.09645999267988113,0.12214944469431245,-0.32030321536567735,0.9664778365683122,0
0.33900750466038404,1.8047770307496258,-0.15484123025532542,-0.13478617003801185,1,0,0,0,1,0,-0.5081606796529707,0.026095927179264008,-0.8478672421327675,4.9673649203357435,-2.1560305041218264,-3.818815115332256,0.14442920713439727,2.1530153511082784,-1.0225809528427219,-0.6900505456487555,-0.9946942319820637,-0.8263027222103453,0.7509831257376147,-0.21694689677668139,2.1236536419230614,-0.3184959821857391,-0.40734553283032043,-0.4016053615274102,0.13830413819877924,-1.2641467209678323,-0.4176031113690525,-0.8276515382572055,1.077844672739466,0.5282969113677022,0.9010617482959786,1.2641467209678323,-0.13830413819877996,-0.3139374809687093,1.6918044954137887,-0.46413877257572894,-0.5478717804797735,-0.6649035856248688,-0.15100471279239655,0.4323198869208419,0.40038202722625016,-0.4803306735805153,-0.27629743884854874,-0.6346847228976005,0.6255405410238652,1.130416766143575,1.3115202200696365,-0.12818317219668063,0.5337254978059351,-0.04195727479570725,0.5953280020465953,0
-0.5862019402001745,0.33601437037629844,-2.327433510348309,-0.13478617003801185,0,1,0,1,0,0,0.07231042253712305,-0.37279391857400446,-0.5280377066983108,0.028590127872944675,-0.6818010648125379,-0.308799651470735,-0.997370302572229,-2.3784004381734425,1.4442304388601321,-0.9514921265307208,-0.2844586598495449,0.3462550666278282,0.4420407248741673,-1.558534447691438,-1.6728585543796446,1.6920072608500327,-1.6953194317651137,-0.8610711241804311,0.5538927426062359,-0.07709346503402185,-0.17040157207023093,1.5885962661662458,-0.27400727133179553,-0.3956452504417452,-0.47085816942506986,0.07709346503402185,-0.5538927426062367,-1.4558905394934718,-1.535313186870074,0.17269388524144552,1.0413497803635572,0.20557870638343811,-0.844114576533476,1.4925896140337656,1.2862727349307197,-0.10826409251941274,-0.3595654154843339,1.0346006017076752,-0.8432973010303187,-0.840456481562607,-0.9223308922511192,-0.5405845059150832,0.2044646553166367,0.18071947766026855,-1.0129879475475077,1
0.8016122270906633,0.6452275620338409,-1.6032360836506476,-0.8681093238500562,1,0,0,1,0,0,-0.3062576875868511,-0.16346397036529214,-0.7199354279589849,0.540695071203885,-0.893242824141407,-0.5435758163996812,-0.4062126817562752,-0.9870906510557276,1.2221112939711618,-1.0416240642805736,-0.1287019056485808,-0.053054171578436254,0.36433134218896257,-0.4618723869653503,-1.2827913718367856,1.0499099909781398,-0.9760887158273079,0.11207500809395525,-0.0632699944762795,-0.009609152108405178,0.1033511753157226,0.06974066047208771,-0.6156087918297818,0.4392940488357771,0.2767382124165924,0.009609152108405178,0.06326999447627879,-0.3139374809687093,-1.0850176963188372,0.6548671833030202,1.1447137843208466,0.6322857122698633,0.3845801819166189,0.4323198869208419,0.5111183656893089,0.44983577907224165,-0.27629743884854874,-0.4070549059059717,-1.3906902856467844,-1.436904964421056,-1.2100238385348534,-0.5723076854318833,-0.7833178721512579,-0.8769950965056176,-1.4459960878228426,1
2.3950284932394013,-0.5658574386248675,-1.168717627632051,0.3052077222492148,1,0,0,0,1,0,1.6875343590660796,-0.6763223434766373,-0.19541498984647596,-0.24626845753066742,-0.8980477882303852,-0.3298177081405645,-0.25819600645874685,-1.029810494495523,-1.3247400580418753,-0.19802583512388414,-0.7553789923340097,-0.4551097124884334,1.117808365527452,-0.9569952610401931,-0.8710329550873085,-0.42341417960090905,-1.0554895152011088,-1.360445720224451,-0.37315522795503414,-0.2506245554141756,-0.5971905567315833,0.5408655290758909,1.385473621806793,-0.7790852078197289,-0.34618077107611794,0.2506245554141756,0.3731552279550334,-1.0659553487776992,-1.0850176963188372,-1.255630790148503,-1.2455788071914804,-1.5183175973977192,-1.033144539371952,0.5138790966987595,0.7879592118469556,-1.1004416420156866,-0.49834537654397587,0.6552175733882943,0.38833691435672935,1.078551680677623,0.65151875506577694,-0.7309235830158842,0.28677986593896093,0.18071947766026855,0.22417816752487937,1
0.544609603518286,0.6452275620338409,0.27967722576327125,-0.8681093238500562,1,0,0,1,0,0,-0.5838743016777656,0.17262689092536262,-0.7199354279589849,0.540695071203885,-0.4048424178453047,-0.28509843863028905,-0.22257912332395952,0.2401859226374521,0.7958473787606325,0.1407929947677634,0.5752371596277354,-0.09828289817311713,-0.771302127936668,-0.019973825776964424,0.22423582033342696,0.42728408385949956,0.7988190444947306,0.887416237497026,-0.8350596325743129,0.6941558255444445,0.28954407778664903,-0.10502819427495139,-0.6585707306519546,0.6018930376926263,0.11855275404924655,-0.6941558255444438,0.8350596325743123,-0.03541234474315745,0.19081952690966666,-0.03655113089848297,0.188596747715916,0.512807750621665,-0.18250970659880966,-1.1173050988595852,-0.9284540343304539,0.7598912632898273,-0.22078545442469194,-0.6346847228976005,-1.6917564271858405,-1.6962303917508168,-1.4131012123821949,-0.9847090191502859,-1.0302635040182315,-0.8769950965056176,-1.5078543935764617,0
0.6474106529472365,0.928672987719922,-0.8790386569529866,-1.6014324776621007,1,0,0,1,0,0,-0.6974447347149578,0.5406987165256818,-0.2721740783507456,-0.19303268941038887,0.9305275149707697,0.5650148747600474,0.5951804953371721,0.16745253987580955,-1.088105867219356,0.8437325106582664,0.371623410143799,-0.29947288263478533,-0.34526365391236685,0.23086677226155244,0.012157321292151125,-0.569420300933208,0.5654459194521407,-0.12292717399387369,-1.0117882743416888,0.595033997706013,-0.5969336084424798,-0.21765492854919197,0.9152646844977932,-0.5791416943341882,-0.6031430933740162,-0.595033997706013,1.0117882743416882,-0.14682239923337803,-0.40957446049198204,-1.2738260089432798,-1.3231018101594472,-1.0745423112758372,-0.9071245641463012,-0.8726274695258333,-0.5408768497097485,-1.0384305451721696,-0.6371253376036178,-0.3311783002420958,-0.41450612974742024,0.09311505682453199,-0.14386762583630988,-1.206771275767887,-0.20711139779498602,0.06938110143228039,-0.6418381130257917,1
0.544609603518286,0.7998341578626126,0.27967722576327125,-1.6014324776621007,1,0,0,1,0,0,-0.5838743016777656,0.17262689092536262,-0.3233468040202586,-0.1600496591619554,0.4771004299279648,0.25645191513914684,0.19247388212705785,1.352309190202087,-0.4467044985434708,1.0567811447582736,0.17568043302367287,-0.2308702648020504,-0.30647579147440274,-0.1212226867774945,0.4494010006095199,0.4501219895560403,0.38610686605018246,0.15285525195633043,-0.5505532963957722,0.23115255077283092,-0.3887638987361865,-1.405886746054535,1.0629892041028437,-1.0447861896971646,-0.07915976437487832,-0.23115255077283092,0.5505532963957714,-0.11896988561082296,0.41596727218528484,0.00893691608845806,0.24027874969456073,0.39332978897346543,-0.5605696322757617,-0.13859458152457876,0.12354118106860354,0.5738579727592754,-0.27629743884854874,-1.2416975682086098,0.4795690784594736,0.9877877811122063,0.4484413812184362,0.12560226393772106,0.2044646553166367,0.3477270420022505,0.16231986177126023,1
0.930113538876852,0.7998341578626126,-1.6032360836506476,-1.6014324776621007,1,0,0,1,0,0,-0.25578193957032125,-0.1966078788316716,-0.3233468040202586,-0.1600496591619554,-0.07118461993377546,-0.027515446251102374,-0.16240161568549014,0.6272658894845498,-0.09534740856003841,0.3099198915583225,-0.2776681437473222,-0.36077053981464974,-0.11336608393671814,-0.6350421712612574,-0.5591986054642002,0.855496119103912,-0.840183811413052,-0.8163023546138307,-0.9053494332772469,0.4058665575902641,-0.40870325514625394,-1.4211350059754506,0.9900341976268922,-1.2517936643467804,-0.43597818298221286,-0.4058665575902641,0.9053494332772463,-0.6760201580619267,-0.6347222057676005,-0.43684594438356456,0.046471242274642305,-0.2894014204448148,-1.1591645145976028,-0.30171300108041293,0.12354118106860354,-0.6663639641110671,-0.27629743884854874,-1.2416975682086098,0.5799244589724931,1.0396528665781584,0.39767203775660004,0.062155904904119784,0.4514102871836102,0.7374113588002092,0.16231986177126023,0
0.544609603518286,0.928672987719922,0.27967722576327125,-1.6014324776621007,1,0,0,1,0,0,-0.5838743016777656,0.17262689092536262,-0.2721740783507456,-0.19303268941038887,0.5369850734936037,0.28194189876000386,0.30510297610897735,0.9411670686780497,-0.541081233883807,0.9497132651558101,0.7568934972314039,-0.348863736460402,-0.9992743915323679,-0.09486847598031756,0.39014256783406714,0.18187048735200445,-0.004773002599638657,-0.16469261687572173,-1.1427899248825406,0.6575966059261134,-0.5190445787078403,-0.9009450784917877,0.9224384733136276,-1.2877341785088947,-1.1447889015524262,-0.6575966059261134,1.14278992488254,-0.20252742647848845,0.19081952690966666,-0.44594355378095224,-0.28946177058654887,-0.27233314020935756,-0.6235796198885869,-0.709509049969999,-0.26403600355210183,-0.046252995675895824,-0.6371253376036178,-1.0140677512169813,-0.7885580025686714,-0.24400799870415715,-0.7192535184037778,-1.397110352868688,0.03983423407198747,0.4033962301162448,-1.0748462533011267,1
-0.020796168340944693,-0.4885541407104817,-0.4445202009343899,0.3052077222492148,1,0,0,1,0,0,4.425843688962826,-0.7705208201705579,9.57857561303052,-0.8000361759122606,0.4306199988496246,0.02570048446612543,0.34627983982154426,1.1771281329957577,0.26008016402803974,0.8753536782900184,1.3316787913877592,0.57158871105571,-1.1789573024406947,-1.0856949924905515,0.13442246610637223,0.8612263065538736,-1.6397454582989761,-1.33427777812517,-1.535794876505097,2.3027614887509538,-1.566324190800462,-1.480983828662693,0.5099110847748647,-2.8084898737118853,-3.0339102032998326,-2.302761488750954,1.5357948765050964,-0.968471551098756,0.28463108744117427,0.4797382024032975,0.8798435241802919,0.09463488485296781,-0.48180714775973,-0.22015379130249568,0.6356967464602498,0.44983577907224165,-1.3032691506898992,-0.9381911455531051,3.1161786210287845,3.0105261142843402,1.1761353041714093,0.41111087958892223,1.439192814651505,3.910555081297868,2.636652091916034,1
-0.6633027272718879,1.572867137006469,1.7280720791585935,-1.161438585374874,1,0,0,1,0,0,-0.7731583567397526,2.500259620590572,-0.7071422465416066,0.5146558367972272,0.5650010954954711,1.5251375911456617,1.0141225336362074,-1.2679699477755975,0.5117635274048555,1.2457528085204324,0.990465250487368,0.5145766775158679,-1.1496907253733435,0.9666873418665527,-0.3224921953115311,0.47633078963761755,1.0605337169641744,0.5975110117466865,0.6286220997103051,0.07836147009820059,-0.44425946763724405,1.4172629442010527,-0.22093137972251656,-0.6313245954090929,-0.7043001277361709,-0.07836147009820059,-0.6286220997103059,0.8558680911786088,-0.3345252120667762,-0.10933200607758836,0.14983524623193267,0.5810808715634928,-0.7495995951142377,0.18764225758709038,-0.09793149585751397,-0.10826409251941274,-0.38732140769626244,1.413983630027056,0.1876261533306929,0.04124997135858002,-0.21156008378542468,0.09387908442092041,1.2745623934068555,1.461110804282131,-0.023255055489598248,1
-0.6633027272718879,2.088222456435707,1.7280720791585935,2.9451710759725747,1,0,0,1,0,0,-0.7731583567397526,2.500259620590572,-0.6175899766199587,0.21375801698695704,0.8675007310361066,1.757677792599094,-2.733682936926815,0.9106371251769263,-1.5195201447184845,-0.7827374235360492,-1.7004260031421115,-0.6114524891288092,1.7913774323433798,1.0417654945331163,-0.348409907950849,0.30443787417886303,1.0448687934551315,0.6010272479537784,0.30418285154596364,-1.1356331163529647,4.842172476406884,-1.5989074301458484,2.383165645729443,2.093501770821261,2.7974232112540487,1.1356331163529647,-0.30418285154596436,0.8558680911786088,-0.40957446049198204,-0.2912841940253525,-0.09565426316663046,0.32505666803163763,-0.6865896075014126,-0.05703537174666111,-0.2086678343205727,-0.17027518936292965,5.163877034689416,-1.3934507795363622,0.7897584364088047,2.02508949043125,3.0038316687974826,-0.857816301083085,-1.7711003996191523,-2.213055611241474,1.5850608941045057,1
-1.1259074497021662,-0.7462318004251005,1.0038746524609323,1.7718540298733036,1,0,0,1,0,0,-0.44506599463230834,-0.05240280339900311,-0.6431763394547153,0.25426349273064724,-0.40677568548288734,-0.23680162755919154,0.3053057866590028,0.04481522613420464,-0.9830969306695019,0.4753749286263057,-0.10264788413856143,-0.04641272666620876,-0.12025935148498132,0.604699959146114,-0.955059205437108,0.0025495086554698826,0.8737756521555194,0.6510236413663634,-0.5609884768922861,0.4930801176436292,0.17967394590028513,-1.0182676504531216,1.3464884484924107,0.2242201195329369,0.7690451509834085,-0.4930801176436292,0.5609884768922854,0.605195468575612,-0.8598699510432187,0.14540105704928116,0.12399424524260985,0.47867119015075044,0.06953024385249205,-1.1173050988595852,-1.0391903727935126,0.38782468222872474,-0.026493508941193386,-1.0899443568808573,-0.6790794056453779,0.054216242725068246,0.1438253204474232,-1.0798785577006862,-1.1948939252628807,-1.1553410370755877,-0.3944048900113141,0
-0.6633027272718879,-1.41619371568311,1.7280720791585935,-0.4281154315628296,1,0,0,1,0,0,-0.7731583567397526,2.500259620590572,-0.1826218084290977,-0.26131334852118093,1.5427962846475285,2.1248229952784556,1.2177709702757094,-0.6595419201847594,-0.4902531420054954,1.988604056730531,1.3504720260493646,0.7036712826655993,-0.774780671952193,0.9414359271688729,-0.7138179408227594,0.27902670799631846,1.203545293186011,0.9212489181875699,0.6225629626478131,0.3422733367180179,-0.752668492174656,0.19015484074861824,0.9505874010021539,-1.4930608760509085,-0.8562595124771172,-0.3422733367180179,-0.6225629626478137,0.6887530094432773,-0.7848207026180125,-0.5005292101652823,-0.28946177058654887,0.18851042614798086,-0.6235796198885869,-0.13859458152457876,-0.4301405112466897,-0.35630847989348147,-0.8314172830871166,-0.1035484832504671,-0.7885580025686714,-0.23104172733766892,-0.7869459763528921,-1.016432198667086,-0.04248097655033679,0.1250502895462747,-1.0748462533011267,1
2.08662534495255,1.572867137006469,2.8867879618748513,-1.161438585374874,1,0,0,1,0,0,-0.596493238681898,0.21216699225367497,-0.7071422465416066,0.5146558367972272,-0.3137996119087717,-0.23456566408367777,3.89512183248376,-2.02629144114797,1.7542921126215678,2.1907706628663512,2.8027305340154234,0.17275994525314786,-3.166582924999757,4.649565049138121,-1.6058612803272438,2.3002491067953303,1.8653920870447356,2.606182500995472,0.4407888507730546,-0.20154505510463788,-0.7704711129022956,1.1724320159173556,-0.0866475699362175,-1.1098989668748143,-1.0992570006944016,0.20154505510463788,-0.4407888507730553,4.560252402978448,-1.4602639384448675,0.2636699792153276,1.4548057961927168,2.3049771753446504,-1.0961545269847772,-1.6882195673050053,-1.980449249729511,1.13195784435093,-0.7203933142394032,1.1104772073715516,0.041654690766301246,-0.010615114107371936,-0.44848368660732285,-0.15990635171348128,1.6038232358961542,1.6281183686241134,-0.45626319576493324,0
0.3904080293748593,-1.132748289997029,-0.15484123025532542,1.0385308760612593,1,0,0,1,0,0,0.19849979257844777,-0.4466408725254113,-0.46407179961141953,-0.049527575347029285,-0.6516272604514554,-0.305222109909913,0.4581542618890045,0.9613711284706163,-1.0390279808544314,0.0671636581465985,-0.2506423505753479,-0.1336316459673429,0.19477277013984556,1.2648855066005644,0.572892512558978,-1.3756599571906163,1.1079376165834447,0.20020507250406966,-0.7497849732599842,0.5613699807042828,0.6267840406359928,-0.7456009017979663,0.037980468635359595,1.007878205921816,0.521308617743619,-0.5613699807042828,0.7497849732599834,1.5243284181199328,0.8662627627365218,0.855014590045561,-0.06981326217730856,0.3762615087380082,1.3927399837218248,-0.5463906304141645,-0.26403600355210183,1.13195784435093,0.5563823275093027,-0.7105613285614767,-0.04957747333644305,-0.02358138547386016,0.38074892326932136,-0.3185222492974822,-1.0302635040182315,-0.9326642846196119,0.10046155601764112,1
-1.4086103356317816,2.088222456435707,-0.4445202009343899,2.9451710759725747,1,0,0,1,0,0,-0.16744938054139394,-0.2652215840778606,-0.6175899766199587,0.21375801698695704,-0.6865955299795576,-0.3691706653096069,-3.669504676333098,0.9807887737112618,-0.6272012129649743,-2.263608221013707,-2.372795663581988,-0.5769406772105728,2.181040709968168,-0.6993174448216594,-0.3054258142190113,1.3907112508169148,-1.5184614994988752,-0.7499485647881623,-0.19575715951429745,-0.5927287050207662,4.403785827029514,-1.6521322478302825,2.254935756877391,1.552308240732222,2.352571764742174,0.5927287050207662,0.19575715951429676,-0.8152827261747027,-0.5596729573423944,-0.9463120706373036,-0.173177266134598,-0.7502449868021539,-1.3166894836296663,0.02452383803125581,0.12354118106860354,-1.1004416420156866,4.081393338424208,-1.5452039908641146,-0.0039613912850709025,1.1563493088765513,1.8192136546879905,-1.1116017372174867,-1.6064699783745033,-1.9347096706715041,0.7809029193074537,1
-0.9460056132015023,-1.132748289997029,-0.15484123025532542,1.0385308760612593,1,0,0,1,0,0,3.3153772325991686,-0.7490063532713291,-0.46407179961141953,-0.049527575347029285,-1.5661970612750922,-0.5377623113633454,-0.9198528844065885,0.6680959257288965,0.5155249416277958,-0.7029936601466839,-0.8970193864312778,-0.21955443479990286,0.993303435630196,-0.6176677720561616,0.3022635477461475,0.7379511794262386,-0.1966229827104514,-0.6933106815503235,-0.2548898489945435,-0.04664941409013511,0.6619114673881503,-0.6141816381786038,0.03682990218995797,0.7547310976058281,0.4892861961914024,0.04664941409013511,0.25488984899454276,-0.09111737198826762,1.3165582532877582,2.865586266868354,2.9535838535734187,2.697547620760161,0.3845801819166189,1.7372672433675176,2.1167952734036595,2.4962019749083075,0.5286263352973745,-0.6346847228976005,-0.23204180154193166,-0.17917664187171697,0.12690220596014448,-0.28679906978068154,-0.6186874509066087,-0.7099875321636356,-0.20882997275045564,0
-0.8689048261297889,-0.05050211919562982,0.27967722576327125,-0.13478617003801185,1,0,0,1,0,0,-0.48292280564470574,0.00574440443675031,-0.8094876978806327,2.5601823618535824,-1.2922481779456862,-1.9741452480333932,0.20166445271157035,-0.3675467234627236,-0.01351447625097542,0.2504595041256532,-0.11252028837170525,-0.16514439713763024,0.4084416052517426,-0.037992426716853725,-1.3117054220167423,0.9563065996294466,0.6895374501532491,0.7944573449588272,0.569588792901455,-0.7901484909597473,-0.3183809156768931,-0.8095682840129584,0.9794706485434257,0.34537890036559715,0.9219148544499113,0.7901484909597473,-0.5695887929014557,0.04814519612450831,-1.1600669447440433,0.3728412919839863,0.8346217724489774,1.1101975588626602,-0.43454965705011084,0.2692014673650073,0.012804842605544792,0.6358690696027934,-0.3318094232724056,-0.7864379342253526,-0.12256320461863823,0.39133929825375646,0.5161338391675497,-0.3502454288142823,-0.4540570296619595,-0.8213259083916238,-0.023255055489598248,1
-0.04649643069818187,1.2121184134060021,-0.4445202009343899,1.7718540298733036,1,0,0,1,0,0,0.48873534367349464,-0.5123472173798127,-0.3745195296897717,-0.1363250233692226,-0.6803558893529458,-0.28867598019111107,-1.2267040856997184,-1.4288563822976077,0.8834921718990965,-1.4167805190610174,-0.6753753366710428,-0.27007414035787525,1.0157468494497195,-0.7713592704281474,0.3570284410887724,0.8421087322887219,-0.880633473049105,-0.594372065799152,0.2792118624399347,-0.6452678416013011,0.9350287980910955,2.31881348110178,-0.36152533285540334,1.0407580009136148,0.2977323777139072,0.6452678416013011,-0.2792118624399354,-0.5367575899491508,0.7912135143113154,1.2553094035306427,1.5710903006446677,1.0589927181562884,0.1325402314653172,1.3294711944779316,1.2862727349307197,0.7598912632898273,1.0004782029001573,2.400379503657447,0.38833691435672935,0.13201387092399572,0.549980068142106,0.12560226393772106,-0.12479618717266176,-0.4316415915936655,0.16231986177126023,0
0.8016122270906633,-0.05050211919562982,-0.15484123025532542,-0.4281154315628296,0,1,0,1,0,0,-0.5207796166571032,0.07261369344786675,0.48262362527457214,-0.5072394512507286,0.9333833856429823,0.4478503886431258,0.3769359633961952,-0.6286994870739676,-0.29794739605348475,0.7075476898982603,0.6409160337751537,0.42337069334120175,-0.6115944142346621,-0.0993465144790119,-0.6523023967076231,0.2399273777434413,0.21143293247423176,0.39558637372199845,0.5061221547512287,0.07546133969578361,-0.6234044994442859,0.20944755505667612,0.648407947826024,-0.7461980053281666,-0.44700913408945553,-0.07546133969578361,-0.5061221547512293,0.02029268250195297,-0.4846237089171882,0.5093054329448095,0.5632912620610914,0.6322857122698633,0.3530751881102058,0.18764225758709038,-0.04256332662598434,0.5118468759157585,-0.3318094232724056,0.7310941790521709,1.5196157492307591,1.6879664349025603,1.209981533145967,0.5380035976561225,1.0276167615398821,1.1827648637121608,1.1520527538291696,0
-0.9460056132015023,-0.05050211919562982,1.4383931084795292,-0.13478617003801185,1,0,0,1,0,0,-0.36935237260751347,-0.12043503656683462,-0.8094876978806327,2.5601823618535824,-1.4757188442668285,-2.071186062870691,0.3231560123547944,0.9188249670825951,0.15069454277980687,-0.2048468415470199,-0.42983871522047756,-0.4630305621296832,0.4993583930123957,0.15850183133289014,0.6483250682302995,1.1114772951585785,0.27907571023653455,0.3607187119889074,0.7547787594442794,-1.3800988454323733,-0.290983139371187,-0.6116382817234981,0.9109230028955936,0.5534615643945745,0.9109829956091665,1.3800988454323733,-0.7547787594442801,0.02029268250195297,0.41596727218528484,-0.44594355378095224,0.1627557467265941,0.2738518273252659,-1.1591645145976028,0.18764225758709038,-0.1532996650890431,-0.4803306735805153,-0.3318094232724056,-0.6346847228976005,-0.24116501795220557,0.2487103132223888,0.46536449570571364,-0.5405845059150832,-0.12479618717266176,-0.7099875321636356,-0.332546584257695,1
1.2128164248064663,0.7998341578626126,1.7280720791585935,-0.13478617003801185,1,0,0,0,1,0,-0.356733435603381,-0.13962361515263325,-0.5408308881156891,0.07488210015144776,-0.2869274253944482,-0.1652507963427508,0.7213829220959608,1.6235256356909427,-0.004172843889014427,0.34865462464056235,-0.08423170306875045,-0.5871232802662572,-0.3165069143966635,0.9731555478380605,1.5356456515695442,-0.03197398232865942,1.0619388683465731,0.5146377087051134,-0.16027754582615011,-0.6418048099999468,-0.030734956524080474,-0.6899637834283114,-0.02642635129382062,0.5819904991215155,0.6119488957665491,0.6418048099999468,0.16027754582614942,0.8280155775560533,1.3165582532877582,-0.20030810005147043,-0.18609776662925942,0.2397152668543526,-0.40304466324369825,-1.0357458890816678,-1.0945585420250417,-0.17027518936292965,-0.026493508941193386,-0.6346847228976005,0.05077790717657645,0.028283699992091807,0.2622871218583729,0.2207718024881207,-0.28942660841731066,-0.5986491559356475,0.038603250264021984,0
0.2105061928741954,-0.9523739281967958,-2.327433510348309,1.478524768348486,1,0,0,1,0,0,-0.6722068607066928,0.4185895800705996,-0.38731271110714993,-0.11722958480434005,0.6772372309219279,0.41252216573000816,-1.1793664857454071,-0.7480785867037608,0.6066628112364864,-0.8594994399756353,0.07385782737329599,-0.9268024773783567,-0.8164914502789408,-1.4906705128295574,-0.7028418549804316,1.9085754021628574,-0.8583761396239384,0.3267512670691858,-0.21462929445480164,-1.0511813190346222,0.15047739500802776,0.3226697959344665,1.0886058305788082,0.30997720667205275,0.22299022247567957,1.0511813190346222,0.21462929445480092,-1.4558905394934718,-0.8598699510432187,-0.8553359766634215,0.14983524623193267,-0.20406001926752979,-1.222174502210428,-1.1988643086375024,-1.2606630497196296,-1.1004416420156866,0.22331042096616224,0.4275877563966659,0.3518440487156324,0.8840576101803024,0.9730579303240674,-0.826093121566285,0.7806711296729086,0.29205785388825667,0.10046155601764112,0
0.8016122270906633,-0.6689285025107157,-0.15484123025532542,-0.4281154315628296,0,1,0,1,0,0,-0.5207796166571032,0.07261369344786675,0.38027817393554597,-0.47772831892318285,0.8812153345406206,0.42504356119288533,-0.04325959999572565,-0.9175114433440954,0.03820164550226033,0.733783211135821,0.5450187877389416,1.2643827619720773,-0.32489050422516963,-0.05465096688298305,-0.431691105588375,-0.20446845914720377,0.6764910241986453,0.6783605467042203,0.6152054390719316,1.1143140211580842,0.005546924672704791,0.8268545773057775,-0.25769401174420054,-0.3204968590089169,-0.046264075191990744,-1.1143140211580842,-0.6152054390719323,-0.06326485836571254,-0.40957446049198204,-0.018355912103706302,-0.12149526415595328,0.15437386567706757,0.3215701943037938,-0.46483142063624716,-0.762349526635866,0.015758101167622184,0.1770504339462815,1.0851850054835932,0.7340054472349051,0.47489971372667955,0.3111761192660654,0.9750785154431479,-0.2985727429309022,0.26113052715826013,1.3307545260062927,1
-0.9717058755587404,-1.4934970135974959,1.7280720791585935,-0.13478617003801185,1,0,0,0,1,0,-0.7479204827314877,1.1279855156667913,-0.68155588370685,0.37577991996171783,0.44498297934688336,0.5770890775278218,0.587871006452255,-0.07514970512336348,1.3754993964827225,-0.9460915570615933,-0.34534729124657115,-1.4372144605224761,0.4381067747633077,1.7345510310608097,1.4728647638973662,1.6795953539730568,0.4429557127243054,0.25671587370209414,-0.4633576356367666,-1.500636647135627,0.9156940078057223,1.5786289162337495,-0.19252240330995188,1.7173359591189934,0.6996014773169528,1.500636647135627,0.4633576356367659,0.8837206048011639,0.5660657690356972,-1.5649495096597015,-0.6383152839424023,-0.4430159425639276,-2.41936426685411,-0.709509049969999,-0.5962450189412776,-1.4725082230767892,0.7506742729928018,1.33810702436318,-0.25028823436248077,-0.30883935553659736,0.36382580878204385,-0.5723076854318833,0.03983423407198747,-0.5986491559356475,-0.3944048900113141,0
-1.485711122703495,-1.3131226517972627,-0.15484123025532542,1.0385308760612593,0,1,0,1,0,0,-0.6595879237025604,0.37497917419378457,-0.7839013350458762,2.2563912937759056,-0.5690568034191699,-1.455401721714198,0.4411130519779421,2.300340189678289,-1.1335599299435,0.3242278518092144,-1.1662453093640492,0.41678160551596105,0.6788473275501108,0.9450723106818049,1.7512109897541255,-0.2564735835406592,1.8229940796733795,0.886662102958718,1.8116420359993077,-1.2283241134096814,0.33092668072828796,-1.4029643756116055,1.2918831814749523,1.3696388132181465,2.381828988926516,1.2283241134096814,-1.8116420359993084,0.7723105503109431,1.4666567501381707,-0.2821865846279648,-0.3669847735545164,0.3421249482670949,-0.43454965705011084,0.02452383803125581,-0.7069813574043363,-0.4803306735805153,0.0012624832707351544,-1.4693273852002382,-1.0257616292358074,-0.2958730841701091,0.24536400737109418,-0.6992004034990842,-1.1125787146405561,-1.6006945419875402,-0.6418381130257917,1
1.0329145883058024,-0.7719995663965628,-0.4445202009343899,1.0385308760612593,1,0,0,1,0,0,-0.23054406556205628,-0.2204482340443305,5.356825745295691,-0.7745755911590839,1.5126166545928756,0.4290682954488101,-0.013633154450876624,-3.3265060590217077,2.1342655550529703,3.9081454156556363,2.2694414947128796,1.3728091631022448,-2.2890458354750747,-0.511172001146672,-1.7578960385453841,0.7268918197571805,-0.12028982924988298,-0.2758490020574889,0.4783555005605047,1.3979208031972914,-0.4917998074580661,2.8047123002889776,-2.187156334400633,-5.398929659608507,-3.2196979520710576,-1.3979208031972914,-0.4783555005605054,-0.7038726716844818,-1.760460932145692,-1.1737523055720087,-0.6770767854263857,-0.6819718658603261,-1.537224440274555,-0.30171300108041293,-0.5408768497097485,-1.4104971262332722,-1.0257092285706153,0.5793409677244183,-2.9963763738550835,-3.2132841416299174,-4.070030186884913,-0.857816301083085,-0.20711139779498602,0.5704037944582268,-2.9305954259097073,1
1.0329145883058024,-1.8284779712265005,-0.4445202009343899,1.0385308760612593,1,0,0,1,0,0,-0.23054406556205628,-0.2204482340443305,-0.5920036137852022,0.13621896342046436,-0.5554835976506626,-0.2748130066429257,-0.8040452477549618,-2.848946751505231,-0.19038491937449667,-0.3441521349922592,-0.0435056963689725,0.07494564624523488,-0.5748739100206114,-0.33044895320557666,-1.8680692878774787,0.7789662643297717,-0.03330649454585774,0.10400000406989789,0.4025854781078499,-0.2970624528398517,0.7878637891530067,2.038878020882812,1.0430485351487628,0.4319011816757875,0.15809529802906108,0.2970624528398517,-0.40258547810785056,-0.5367575899491508,-1.835510180570898,-1.0554833834059623,-0.5478717804797735,-0.5283573437412127,-1.2536794960168407,-0.38327221085833024,-0.5962450189412776,-1.1004416420156866,0.3898463742377325,1.33810702436318,-0.9618991143638861,-0.3477381696360611,-0.1607907403235886,-1.6826189685198898,0.2044646553166367,0.06938110143228039,-1.0748462533011267,1
-1.100207187344929,-1.4934970135974959,0.27967722576327125,-1.161438585374874,1,0,0,0,1,0,-0.5460174906653681,0.1040131856791736,0.17558727125749374,-0.4412733907538617,0.8174413020682272,0.4210188269369605,0.957005560112826,-1.9598578263803799,-0.3124189924453929,2.544849200660004,2.5296118520797273,2.6659891793353148,-1.4038868328698937,0.03197826588248092,0.08980782247518325,0.5150925194797538,1.5663440331481226,1.1624177668483393,1.37244176550182,2.274920236887764,-1.2987872209538716,2.779933877917492,0.9447055355149995,-1.884767159361153,-2.153744594817648,-2.274920236887765,-1.3724417655018208,-0.06326485836571254,-0.03432821836595151,-0.3367722410122935,-0.031051760693324323,0.59814915179895,-0.7811045889206503,-0.5463906304141645,-1.0945585420250417,-0.29429738304996345,-1.1843148983530636,2.8556391376407038,0.39224686424684707,0.8433064715999111,-0.056834465616020985,-1.2656857520133733,-0.20711139779498602,1.2861504987810075,0.6925339110879979,1
-1.485711122703495,2.113990222407169,-1.168717627632051,-0.4281154315628296,0,1,0,1,0,0,0.1858808555743153,-0.4460594004470538,-0.6687627022894718,0.32080820288099543,-1.121417885854741,-0.5909782420805733,-1.8870069686043087,2.6280914342827253,0.6660027781204472,-2.5861114740276374,-2.8822569478584974,-2.4666806446460083,1.2875460489114077,-1.370102188126643,2.5732406125378557,1.190958177974265,-2.1176067906413536,-2.2758190390205213,-2.247078486131837,-1.1356331163529647,1.2549391617325618,-1.0293220140698442,0.286350004379513,1.3938871147908236,1.5251808541613596,1.1356331163529647,2.2470784861318367,-1.2818123293525019,2.4422969796658496,0.09308980301429871,0.7021866423787,-0.26806607015049355,-1.5057194464681423,-0.3221028035248922,1.0509580156967198,0.37232190801784526,1.3613061016552261,-0.8623145398892288,0.5069387276902979,0.585833368751077,1.1592121896841308,0.5380035976561225,-0.04248097655033679,-0.5429799678216537,0.8427612250610729,1
2.1123256073097876,1.0059762856343069,-0.4445202009343899,-0.7214446930876474,1,0,0,1,0,0,-0.6469689866984278,0.3197393267498188,-0.11865590134220637,-0.28677393327435763,0.8789493179916167,0.46752686722764697,-0.3732224552856951,-0.8016247255432657,0.8241883921403295,0.22734609077137916,0.5761105037076716,0.05851300158269544,-0.046445865326611054,1.0284266379522577,-0.8839875599635943,0.6270774576135753,1.2178966736054222,1.4989641504781261,0.9848575718326791,-0.8969649934967807,1.546566688377119,0.2146957612622779,-0.4965407727482347,0.9005155922295114,0.7144748728554509,0.8969649934967807,-0.9848575718326797,1.0229831729139398,-0.7848207026180125,0.1817914946388332,0.48576825909312477,0.9907195972144606,0.038025250046078915,-0.22015379130249568,-0.6516131881728072,0.5738579727592754,2.2772538446488637,0.8828473903799233,1.9301604876931084,1.3119445652744073,1.6669056243024845,1.9972698554289314,0.36909507656128593,-0.04195727479570725,1.9562107286262216,1
1.6240206225222695,2.113990222407169,0.27967722576327125,-0.4281154315628296,1,0,0,1,0,0,-0.15483044353726144,-0.28208427435022915,-0.6687627022894718,0.32080820288099543,-0.8545094670432389,-0.46486990206159645,-0.06766082047594284,0.34379016203475676,0.2010543200745088,-0.1299326774205684,-0.3603920862345049,0.4937856620345016,0.1289220505942274,0.8660518916490292,-0.6301027867297719,0.866219328843651,1.1396034215291195,1.0838283332619172,1.7079624107676439,-1.020471574555225,0.9594328636763282,-1.1030859260149146,0.5956188967128114,1.3055419098099024,1.526674780017161,1.020471574555225,-1.7079624107676445,1.4964759044973779,-0.10937746679115769,1.937630108334758,2.204194824883068,2.7146159009956183,0.5421051509486824,0.5954383064766764,-0.1532996650890431,1.752068812786101,0.917210226264372,-1.0140677512169813,0.0963939892279486,0.39133929825375646,0.9222885868622325,-0.0012904541294803558,-0.37174181903963527,-0.8213259083916238,0.47161139053935697,0
1.0072143259485644,-1.0296772261111817,-0.7341991716134544,1.478524768348486,1,0,0,1,0,0,-0.10435469552073157,-0.29080635552559214,-0.15703544559434116,-0.27867283812561955,-0.04626096120858556,-0.008286160361683923,-0.9285028133026717,-3.4440777328469223,-0.4948775123739393,0.037237176651954446,0.10447361576044169,0.803270561515241,-0.04990507747418305,1.7932697825448667,-0.11613375217499221,-0.3078280224134698,1.1646027412230728,0.9921763641106225,0.8355570349801581,0.266869946255213,3.0829198014274293,4.610764530197931,0.36717666220575024,1.104495119330269,0.8328462909095301,-0.266869946255213,-0.8355570349801588,2.359903826796588,0.340918023760079,1.4554568102731822,1.0413497803635572,1.5369045647490853,1.487254965141063,-0.22015379130249568,-0.5962450189412776,1.6280466190990672,3.331981548702142,4.980184096229237,0.7532655707677065,0.8451587960808378,1.294597105582359,0.12560226393772106,-0.7833178721512579,-0.7656567202776299,0.904619530814692,1
-1.485711122703495,0.6452275620338409,-1.168717627632051,1.478524768348486,0,1,0,1,0,0,0.1858808555743153,-0.4460594004470538,-0.4512786181940413,-0.055314071881842175,-0.6226506958991108,-0.3003029902637827,-3.5871434294239593,0.5860237626286935,1.07934435125484,-2.677613413252299,-2.684867920576384,-2.302711693349022,1.4420861676465706,-1.435441614011585,1.7805953109318535,1.5631926032135741,-1.445756330648279,-1.3819588313151923,-2.092551891303719,-1.0652566185876786,3.5537339119392497,0.9794252887488405,0.09535792609451578,2.183695746931326,2.1412459684281497,1.0652566185876786,2.092551891303719,-1.3444804850032512,1.6918044954137887,0.08171779126756346,0.8863037744276221,0.18851042614798086,-1.5057194464681423,-0.6279498401920818,0.4557501964577793,0.5738579727592754,2.5548137667681474,0.4275877563966659,-1.0713777112871794,-0.8663890242955825,-0.0592520533999176,-0.44541496736468245,-1.4418395571298541,-1.8790404825575102,-0.5181215015185524,1
-0.5605016778429365,0.3617821363477598,-0.15484123025532542,0.3052077222492148,1,0,0,1,0,0,2.684430382392545,-0.7333066071556756,0.03486227566633282,-0.3533186434247058,-0.9215106897314208,-0.2909119436666249,0.32914194417009207,-0.4187539157137551,0.3526579315836615,0.4859268687027515,0.34735704742906603,-0.5338402886513802,-1.5428941963429,-0.8024514073793979,-0.11763543183657381,-0.4464459543640793,-1.001078349875496,-1.6487369142808013,-0.9919856992599327,0.2557448558590603,-1.259479876828779,0.4569082978256055,-0.9307303356377011,-1.6491080056085228,-2.0612518699977658,-0.2557448558590603,0.9919856992599321,-0.3417899945912644,0.7536888900987124,2.788256586990555,2.0426885686998024,1.4174266031008858,1.3297299961089997,1.2071323798110556,2.0891111887878946,2.4651964264865485,-1.1089772052064004,0.7310941790521709,0.7988816528190786,0.14498014229048395,-0.5330992590437151,0.506280418139323,2.4269753421193996,2.9085096952459755,0.22417816752487937,0
-0.5091011531284612,0.5936920300909173,0.27967722576327125,0.3052077222492148,1,0,0,1,0,0,-0.34411449859924853,-0.14776422424963873,-0.029103631420558513,-0.32438616075064136,0.3249648631982956,0.13705146554671133,0.24287798714747227,-0.013687330201755867,0.7064722004976772,-0.669668602192605,-0.33451656169810084,-0.7766571737520017,0.023228082939448516,0.12816407085196654,0.5251221908482382,0.21583957822373373,-0.9877754178905142,-1.355809317154451,-1.2649401125490116,0.1952844489803987,-0.20966772395020786,0.5448421733415098,-0.748873204413857,-0.07478211759377916,-0.8887959978511983,-0.1952844489803987,1.264940112549011,-0.03541234474315745,0.26586877533487285,-0.555114866549611,-0.3669847735545164,-0.71610842633123994,-1.0961545269847772,-0.38327221085833024,0.2342775195316623,-0.9764194483286528,-0.24854144663662048,0.4275877563966659,-0.19554893590083341,-0.5422322401333817,-0.5330992590437151,-0.28679906978068154,0.36909507656128593,0.514734606344233,-0.45626319576493324,0
-1.100207187344929,1.4182605411776974,0.27967722576327125,-0.4281154315628296,1,0,0,1,0,0,-0.5460174906653681,0.1040131856791736,-0.016310450003180245,-0.3382737524341923,0.6826298182495153,0.3414185272086702,0.6687178469987364,0.86333335106759,0.3804211027146139,1.618575676263493,1.0584967567787318,1.1910867731199375,-1.2333188219255893,-0.12741952240597254,-0.22280181273624988,0.8783378100261352,1.450754374473559,1.1348247365161286,1.6167883223801933,0.020989325180847843,-1.0571845300986595,-1.408150083263274,0.3625964009075267,-0.7480481129757228,-0.2681621452169491,-0.020989325180847843,-1.616788322380194,-0.3417899945912644,-0.4846237089171882,-0.9190192424451392,-0.37990527404917784,0.18851042614798086,-1.411204465048904,-0.709509049969999,-1.3160312189511594,-0.9144083514851348,-1.1089772052064004,-1.4693273852002382,-0.998391980004983,-0.6848612251647502,-0.9054077777638412,-0.7309235830158842,-0.04248097655033679,-0.04195727479570725,-1.198562864808365,1
1.6240206225222695,-0.17934094905293926,0.27967722576327125,-0.4281154315628296,1,0,0,1,0,0,-0.15483044353726144,-0.28208427435022915,0.20117363409225028,-0.44243069006082425,0.2716647788720632,0.12497726277893696,0.6111638705232437,-0.43136661822695094,0.22342203968526758,0.9443020115267732,1.265503444759371,1.540539934239717,-1.2392033778297216,0.8098524588330969,-0.6529542263097966,0.8140843715576339,1.0179400656852167,0.9267163079398302,1.799363582812351,0.3165258375355961,-0.040643204675169,-0.062050988912992634,0.5126508704855279,-0.26631915214874136,-0.7404583534298593,-0.3165258375355961,-1.7993635828123518,1.4686233908748227,-0.10937746679115769,2.0468014211034156,2.2687973273563737,2.7146159009956183,0.6051151385615076,1.0032343553662626,0.17890935030013266,1.752068812786101,-0.1375174777889068,-0.17942508891434333,-0.3688900476960481,-0.06248019957332482,-0.1607907403235886,-1.206771275767887,0.4514102871836102,0.6817421706862145,-0.6418381130257917,1
1.2899172118781799,-1.0296772261111817,-0.4445202009343899,1.478524768348486,0,1,0,1,0,0,-0.29363875058271866,-0.17102310738394008,-0.15703544559434116,-0.27867283812561955,0.15072380100292587,0.08383553482948353,-1.7335637895610458,-4.49665545941597,-0.05047328256889069,-0.11109963585000789,0.30016949981414476,-0.2542204404456399,-0.06180950354613545,0.34538950245365796,-1.7134195821179214,0.3262943826209994,0.8372745910701495,1.0481543207290573,-0.9462874490712617,0.5917900106131198,2.755671770257589,4.455334612773467,0.39689305496045474,0.980315592605857,0.6330836366576814,-0.5917900106131198,0.9462874490712609,-0.3139374809687093,-1.835510180570898,-2.147196511092547,-1.6977963245046235,-1.3647030752786062,-1.4742144526617298,-1.7697787770829225,-1.7036084035718644,-1.7825637072943747,2.7491057122516462,4.449047856582103,0.33359761589508324,0.4950694691856613,0.8884423578876751,-0.28679906978068154,-0.9479482933959068,-0.8213259083916238,0.47161139053935697,0
0.4932090788038099,-1.4934970135974959,0.27967722576327125,-1.161438585374874,1,0,0,0,1,0,0.021834674520593164,-0.3501165075180606,0.17558727125749374,-0.4412733907538617,0.10385998372687996,0.07176133206170916,0.9068621100701688,-1.2128044980892725,-1.2231471688856708,0.959471634296518,0.5361274378511728,0.8596482982909172,-0.04505205753573803,-0.2506175123089634,0.003482862703521248,0.20248306421006457,0.2164763686563342,-0.10963304695738048,-0.8079054238520522,1.9737285121859853,-1.511427904887047,1.6681012904302273,1.8755591076782716,-1.0815300164474708,-0.8040272585778221,-1.9737285121859853,0.8079054238520514,-0.06326485836571254,0.26586877533487285,0.8186241524560076,0.8087807714596554,0.8712416355662611,0.06953024385249205,-0.30171300108041293,0.06817301183707392,1.069946747507413,-1.4142931195376127,1.5657368413548085,0.023408257945752128,0.9877877811122063,0.43151826673115745,-1.5557262504526888,-1.0302635040182315,-0.2089648391376897,0.2860364732784985,0
0.33900750466038404,-0.41125084279609675,-0.15484123025532542,0.3052077222492148,1,0,0,1,0,0,-0.33149556159511606,-0.14950864048471132,0.022069094248954552,-0.3475321468898929,0.3476105365900824,0.15359759526551325,-1.0911529289543602,0.2319573106293889,0.9274952488922334,-0.5776899217069635,-0.738576289802311,0.6457936694308231,1.0949351091334978,-0.7694913443598933,-1.2556325996445783,2.03650946792123,-0.5163250215726285,-0.1216512089584467,0.46109514795545875,0.4234769879856554,0.7484080246739568,-1.5762338625012484,0.7785785385260148,0.268442761788328,0.8414166211680859,-0.4234769879856554,-0.4610951479554595,-0.7874302125521474,-1.2351161931692491,-0.3913578973966235,0.6666552660183818,0.4103980692089227,-1.726254403113031,0.4323198869208419,0.2342775195316623,-0.4183195767369984,0.5008703430854462,-1.5452039908641146,-0.5422311594912614,-0.08841274230630035,0.025363519036474696,-0.4771381468814831,-1.0302635040182315,-0.9883334727336057,-0.023255055489598248,1
-1.1773079744166424,0.3617821363477598,0.27967722576327125,0.3052077222492148,1,0,0,1,0,0,-0.24316300256618875,-0.20649290416374969,0.03486227566633282,-0.3533186434247058,0.2509231759922172,0.11424463809647085,0.6276283749965953,-1.2405886557382386,2.1724080325979176,1.2894223806173366,2.003377402799763,1.4058733591939556,-1.754386722193055,-0.25100750948310685,-1.5687929954981636,2.1882703856127708,0.24010409006480213,0.742781357733977,1.3298662290760435,0.5984984499411432,-1.1235362795456705,0.13116447926123023,-0.7707538551118917,-1.5038433439881136,-1.8793073158142708,-0.5984984499411432,-1.3298662290760441,-0.3696425082138195,-1.535313186870074,-0.5824076947417753,0.5503707615664309,0.6322857122698633,-1.7892643907258567,0.02452383803125581,-0.5408768497097485,-0.6043528672675491,-1.053465220782544,0.12408133374116129,0.014285041535478216,-0.38663698373552574,-0.9223308922511192,-0.09645999267988113,1.2745623934068555,1.8507951210800897,-0.2706882785040748,0
0.7759119647334253,-0.5658574386248675,-1.6032360836506476,-0.13478617003801185,1,0,0,1,0,0,0.009215737516460692,-0.3495350354397031,2.7086371918983905,-0.7271263195736183,0.9277450029276655,0.2931217161375727,0.08677776170496994,-0.021688177649834495,-0.19085588926887695,0.6514568420568023,1.0242149378201182,0.09342811031830733,-0.7551313290958254,-0.7368880909441359,0.02003065596001189,-0.6385133451413584,-0.3730779811862476,-0.38722940739366907,-0.9053494332772469,1.0253393444398995,-0.8569564880395498,0.04983397588319394,-0.3807379395341119,-1.2500139049610755,-1.7095837293122753,-1.0253393444398995,0.9053494332772463,-0.6481676444393714,0.11577027848446049,0.3091580262022686,-0.08273376267196997,-0.22112829950298704,0.6996301199807459,-0.30171300108041293,0.12354118106860354,0.38782468222872474,-0.5816133531797613,0.5793409677244183,1.6017246969232295,1.1174504947770867,0.46536449570571364,0.6014499566897238,0.9453015509175579,1.795125932966095,1.3994859768436472,0
-0.5091011531284612,-0.4885541407104817,0.27967722576327125,0.7452016145364414,1,0,0,1,0,0,-0.34411449859924853,-0.14776422424963873,-0.20820817126385424,-0.2375887127284481,0.1652920781742089,0.06997256128129814,-0.18925110294933664,0.929684207915705,-0.34953340582507647,-1.255761681790543,-1.3910248121164417,-0.5775879530100735,1.3689738398862856,-0.004624641964419446,0.6233358981331519,0.29794970921457303,-1.5731005354835663,-1.9646363388803634,-1.601295701775523,0.8003845014165709,0.2585373777733444,-0.6515765325927838,0.777234598801519,0.13659345430153444,-0.10968461694720534,-0.8003845014165709,1.6012957017755223,-0.20252742647848845,0.26586877533487285,-0.7643598826895395,-0.5091102789957901,-1.05747403104038,-1.411204465048904,-0.38327221085833024,0.4557501964577793,-1.2244638357027204,-0.05424950115312168,-0.8623145398892288,-1.0166384128255321,-0.5162996974004062,-0.4315605721200442,-1.5240030709358887,-1.1125787146405561,-0.9326642846196119,-0.8892713360402683,1
1.4184185236643685,2.4232034140647105,-0.4445202009343899,-0.13478617003801185,1,0,0,1,0,0,-0.00340319948767178,-0.3425573704994127,2.068978121029477,-0.6912500410577783,0.807641084229755,0.27076208138243496,0.014086532232309004,-1.4767346260569738,1.2444694255240447,-0.06303489530302356,0.914789223088936,-0.822858686421227,-1.4261964727249452,-1.0630253980598183,-1.5503904190150413,0.22525473468742377,-1.0077052935550204,-0.4650450558982396,-0.30025191215747105,-0.8244949157064412,-1.0817501184684088,0.4737175316246556,-1.474872109786847,-0.9140672424097107,-1.643296776109456,0.8244949157064412,0.3002519121574703,-1.1495128896453646,-1.6103624352952797,-1.264728399545891,-0.9742482968035945,-1.262293393865864,-0.8126095827270634,0.02452383803125581,0.17890935030013266,-1.2864749325462383,-0.8869292675109735,0.8828473903799233,1.145563876409508,0.09311505682453199,-0.2792525417345383,1.1724671879921262,2.8385513952310224,2.4631561903340238,-0.45626319576493324,1
-1.100207187344929,-0.9523739281967958,0.27967722576327125,1.0385308760612593,1,0,0,1,0,0,-0.6091121756860305,0.22902968252604344,0.3035190854312764,-0.4667339755070384,1.055430092480035,0.5368417349685739,-1.086769342782345,0.0981751830352334,-0.1506835001486097,0.637757497166923,0.6276213609469206,0.36560036090593456,-0.6254577247434473,0.007244126320479871,-0.5219044259028185,0.7703161760374481,1.640009305126393,1.1425951875866964,1.465333844976243,-0.9546649792422314,1.518417471702396,-0.657580916550353,0.980082860539108,0.7646359194599736,0.2995833049774843,0.9546649792422314,-1.4653338449762439,-0.28608496734615396,-0.7848207026180125,-1.1373618679824566,-0.625394783447741,7.593435579547688e-4,-1.5687294340809674,-0.8726274695258333,-1.4267675574142176,-1.1004416420156866,1.63886602377451,-0.482931511569848,0.5434315933313949,1.0007540524786946,1.294597105582359,-0.9212626601166852,0.4514102871836102,0.013711913318286572,0.47161139053935697,1
-0.9974061379159777,1.3924927752062353,-0.4445202009343899,0.3052077222492148,1,0,0,0,1,0,0.2742134146032426,-0.4635035627977798,-0.3233468040202586,-0.15657776124106768,-0.49820599573992563,-0.23546004947388327,0.6040467247782846,-0.7345976520161637,0.4270100209571928,0.32543996590411894,0.0864197154682829,-0.2896141822914561,-0.35499110050335264,-0.16790404499230993,-1.6762362342695938,0.6695635488005026,-0.5697525775193993,-0.2773787002194056,-0.604544012877736,0.2045801889163758,-1.0077094183351445,-0.6709583308087609,0.08910979051315829,-1.0046053012018397,-0.3831561759786262,-0.2045801889163758,0.6045440128777353,-0.11896988561082296,-1.535313186870074,0.19998671343360988,0.5245297605771081,0.2567835470898098,-0.30852968182446,-0.30171300108041293,-0.04256332662598434,0.20179139169817292,-1.0257092285706153,-0.7864379342253526,-0.642586540004281,-0.5033334260339178,-0.8377153198147269,-0.1916295312302808,-0.12479618717266176,-0.04195727479570725,-0.7036964187794109,0
-0.9460056132015023,-0.4885541407104817,1.0038746524609323,0.3052077222492148,1,0,0,1,0,0,0.31207022561564,-0.4716441718947853,-0.34893316685501513,-0.1363250233692226,-0.5523906687463503,-0.2573724915339182,1.261965477531322,-1.010364447779892,0.5129446382802456,1.4390295909947959,1.4840454911289829,1.401834267057751,-1.0409944900579966,1.761691282140895,-0.9484610761178563,1.0777585595605568,0.5416423475549956,0.2169915827327393,0.3586118043630053,1.5562679231691818,0.005467455586829803,0.43660942777002515,0.38183090944291126,-1.4069528589298474,-1.717481774473623,-1.5562679231691825,-0.35861180436300605,1.5243284181199328,-0.9349191994684248,-0.24579614703841146,0.33072225315718967,0.5469443110925782,-1.348194477436079,-0.13859458152457876,-0.319404172783631,-0.17027518936292965,-0.1375174777889068,0.19995793940503753,-0.5331079430809875,-0.2699405414371327,-0.7869459763528921,-1.2702176348014877,-0.28942660841731066,0.5704037944582268,-0.8892713360402683,1
0.8016122270906633,-1.0296772261111817,-1.6032360836506476,1.478524768348486,1,0,0,1,0,0,-0.4198281206240434,-0.0471695546937853,-0.15703544559434116,-0.26999309332340027,0.32496486319829637,0.17237968845982896,-2.1953428195157207,-4.343517906871213,0.4213007963328072,-1.5067476719233612,-0.6527672404797874,0.1077149769035757,1.0155138822396514,-0.5487155167819622,-1.6393853239799332,1.074673749183984,-1.2919970740360096,-0.32106076662655997,-0.16027754582615011,0.30587169994287167,2.5044075520553815,4.319314410566774,0.5040111745414608,0.7543967151758828,0.5351760333260218,-0.30587169994287167,0.16027754582614942,-0.4253475354589299,-1.4602639384448675,0.527500651739586,1.0413497803635572,0.39332978897346543,0.1010352376589052,0.4323198869208419,0.5664865349208381,0.07776919801113909,2.4437897979204335,4.221418039590476,0.22411901897178985,0.45617065508619664,0.7530574419894479,-0.3819686083310823,-0.7010026615289333,-0.6543183440496418,0.40975308478573785,1
-1.100207187344929,1.4697960731206219,0.27967722576327125,1.7718540298733036,1,0,0,1,0,0,-0.6091121756860305,0.22902968252604344,-0.2849672597681238,-0.1855102439151321,0.5918732820097946,0.3195060851486352,-1.7310221804741817,-0.5502738668471056,-0.2022702439201855,0.044165083594426745,0.5231443099277082,1.6514501610751164,0.40803758889782626,0.5767088731589408,-0.22865218575728927,0.1873049940094146,1.6779221056055669,1.3900403873842246,2.394254639720468,-0.12221154853286169,2.983269190608391,0.5262094112506964,0.4647336548868783,1.604134658774943,0.676990664468902,0.12221154853286169,-2.3942546397204683,0.15955525061472892,-0.5596729573423944,-1.155557086777232,-0.8967252938356269,-0.27233314020935756,-0.9071245641463012,-0.22015379130249568,-1.0945585420250417,-1.1624527388592034,3.02666563437093,0.6552175733882943,0.42482977999782756,0.6117659114840535,1.2776739910950803,-0.7626467625326843,-0.9479482933959068,-1.0996718489615938,0.16231986177126023,1
-1.8198145333475857,0.3617821363477598,1.0038746524609323,-0.4281154315628296,1,0,0,1,0,0,-0.5586364276695006,0.14587917532091607,0.36748499251816774,-0.4771496692697016,0.9585435369726397,0.4809426480807296,0.1395730052703496,-0.16902845698982316,1.8791602688138485,0.16886507364331296,0.46701020752066663,1.1161145728459432,0.5875271433081638,0.7141141468227287,0.8317488418816141,1.1580575542013023,0.424832516183068,0.12031847150428812,0.6912331826893887,0.8366905045627424,0.5194547799428544,1.0652245927327866,-1.4051388803826474,0.19313083058102512,-0.4896685727187322,-0.8366905045627424,-0.6912331826893894,0.38237535959517033,0.41596727218528484,-0.8189455390738695,-0.1602567656399366,0.017827623793410803,-1.726254403113031,0.4323198869208419,0.12354118106860354,-1.0384305451721696,0.8616982418405155,1.5657368413548085,1.2459192569225261,0.20981149912292413,0.27921023634565156,1.648314880744129,0.03983423407198747,0.514734606344233,1.1520527538291696,1
2.1894263943815004,1.6501704349208541,-0.4445202009343899,0.3052077222492148,1,0,0,1,0,0,-0.07911682151246661,-0.29952843670095514,-0.1442422641769629,-0.2780941884721383,-0.05671640769503222,-0.015441243483327998,-1.442752125891141,0.8576749761015385,-0.25373303322483653,-1.0544646172163081,-0.7648878970064729,-1.3767435417623337,0.40967401197367764,-0.9780811112900852,0.6944342003032824,0.3675266889015842,-0.3157363781285354,-0.06538025920680025,-0.16027754582615011,-1.7187526692653243,1.0288948295095979,-0.48151688373001855,0.7161904347326159,1.111434881666068,0.9305606293506503,1.7187526692653243,0.16027754582614942,-1.17736540326792,-0.18442671521636386,-2.0016347607343357,-1.5556708190633497,-1.5695224381040902,-1.537224440274555,-0.7910682597479163,-0.8177176958673952,-1.658541513607341,1.2225261405955843,-0.2553016945782196,0.7350191379471587,1.026686595211671,1.480751364942421,-0.15990635171348128,0.36909507656128593,-0.3759724034796717,0.40975308478573785,0
-1.5628119097752085,-0.4885541407104817,1.4383931084795292,0.3052077222492148,1,0,0,1,0,0,0.36254597363216995,-0.4768774206000031,-0.34893316685501513,-0.1363250233692226,-0.5807080307202706,-0.26139722578984304,0.364216121342899,-0.1801863422708492,-0.12208613703735695,1.089826798743853,1.4767818296642263,1.2728746279642946,-0.988108587060468,0.3144855058677316,0.47994111393641237,0.11211032392454666,0.04821916226434081,0.14610444280446494,0.74512626677265,0.9970420184583276,-0.1922211707373841,0.7281058816229099,0.27955590290561594,-1.4244723994503337,-1.777246153902308,-0.9970420184583276,-0.7451262667726507,0.5494904413305014,0.7912135143113154,0.9096002464298897,0.8346217724489774,0.8200367948598906,0.6366201323679207,0.8401159358104279,0.5111183656893089,0.5118468759157585,-0.44283339212011924,0.19995793940503753,-1.1352402261590995,-0.840456481562607,-1.277716296483967,-1.5874494299694895,-0.04248097655033679,0.514734606344233,-1.5078543935764617,0
0.8016122270906633,-0.02473435322416849,-1.6032360836506476,-0.8681093238500562,1,0,0,1,0,0,-0.4198281206240434,-0.0471695546937853,-0.20820817126385424,-0.2219651720844533,0.2752599661670599,0.13526269476630032,-0.19527764514090548,-1.2088716741064163,0.2674957370855771,-0.30935522065285753,-0.039001329081733524,-0.047947672309859024,-0.12174585422290317,-0.665700397657592,-1.7581230126890433,1.0843519901283565,-1.1848050912317036,-0.14531574517291387,-0.22931895624632825,0.16204084244106823,-0.3936216744775622,-0.1020347283718104,0.7239935418155057,-0.7569135019240874,-0.09116890381255582,-0.16204084244106823,0.22931895624632756,-0.5924626171942612,-1.6103624352952797,0.22727954162577424,0.7700192699756713,0.20557870638343811,-0.024984737566746233,0.10608304780917345,0.2342775195316623,-0.10826409251941274,-0.3318094232724056,-0.02767187758659086,0.22411901897178985,0.5728670973845897,0.2115177783965368,-0.0012904541294803558,0.5337254978059351,0.6817421706862145,0.40975308478573785,1
0.13340540580248203,0.8256019238340739,-0.15484123025532542,1.0385308760612593,1,0,0,1,0,0,0.3499270366280375,-0.4762959485216456,-0.38731271110714993,-0.07556680975368728,-0.6250623717795906,-0.30790526608052954,-2.2423210821952706,0.6176100867665084,0.07522400797227403,-2.0792400870994836,-2.25791337267863,-1.711074693110565,2.2810871655007854,-1.0787826421139755,-0.018756349602102766,-0.10069921402312687,-0.9480583068344841,-1.4552770825979475,-1.0255223183500044,-1.3166012534636966,2.040095143847684,-0.8664789258082003,-0.2040267376153458,1.8688408279960413,1.5146031435122118,1.3166012534636966,1.0255223183500037,-0.8524194110047761,0.44098368832702045,1.4311965185468123,1.1490206178190678,0.6493539925053206,0.2795635358952437,1.0032343553662626,1.8584104836565227,1.2766504036524704,1.9441819381057224,-0.7864379342253526,0.11464042204849642,-0.010615114107371936,0.7361343275021692,0.37938770007212164,-1.4418395571298541,-1.9347096706715041,0.038603250264021984,0
0.13340540580248203,3.376610755008801,-0.4445202009343899,-0.13478617003801185,0,1,0,1,0,0,1.1449200678883833,-0.6239898564244593,7.595632493336888,-0.7930923800704851,0.9349787263994729,0.13302673129078654,0.8537840004432966,-1.4781692635816726,0.9874940571855366,0.9977441360664707,1.143893179542153,0.19212894748590756,-0.5681048671661143,0.3369549142447532,-0.5541072194249815,-0.5078412302931273,0.1646416696077614,-0.2308086341625668,-0.054936012401546316,0.3165258375355961,-0.8505260559286804,1.4737412551757754,-1.8602689178424177,-1.1846320974781839,-1.71245686468126,-0.3165258375355961,0.054936012401546316,0.7723105503109431,-0.10937746679115769,1.5919209512340051,1.0284292798688959,1.0589927181562884,1.2667200084961745,1.3294711944779316,1.5077454118568363,1.814079909629618,-0.8314172830871166,1.2622304186993043,-0.21379536872138252,-1.112748180258855,-1.430024326869473,0.5697267771729232,0.4514102871836102,0.6817421706862145,-0.8892713360402683,1
0.6988111776617119,0.3617821363477598,0.5693561964423357,-0.4281154315628296,0,1,0,1,0,0,0.08492935954125552,-0.40477488288366886,0.36748499251816774,-0.4771496692697016,0.16899473165028822,0.05745116581842101,-0.7790897507477877,-0.7686529137849543,1.0652599620956258,-1.202956786621641,-0.43937541462103397,-0.3288492021311148,0.2693801185860821,-0.8385340204375658,0.08234964198582548,0.18470474353170535,-1.5519899988531172,-1.1134001281809827,-1.206712417013922,0.7482915930561997,0.24548995048591035,1.1374963103466305,-1.2706356002128933,0.08619029437082638,-0.515808961575549,-0.7482915930561997,1.2067124170139214,-0.6760201580619267,0.340918023760079,0.8004289336612322,0.7829397704703327,0.0519641842643253,0.4790951633358572,0.02452383803125581,0.7325910426154264,0.6358690696027934,0.4731143508735179,1.4898602356909325,0.9174834661526473,0.04124997135858002,0.0761328624983096,1.2993599060593275,0.03983423407198747,0.45906541823023866,0.8427612250610729,0
-0.9203053508442651,1.0575118175772313,1.4383931084795292,1.478524768348486,1,0,0,1,0,0,-0.40720918361991093,-0.05065838716393051,-0.5536240695330674,0.11423027658817539,-0.24058231699259588,-0.12723941725901666,-0.593320487332948,-1.879407901667657,1.765347093160562,-0.6967883408887766,0.5326829280422236,0.42703749651200945,-0.07209302631945894,0.2872565207551793,-0.14118516829836028,1.3920793967715375,0.38502231562685973,0.45721782886556256,1.2465662665038717,-0.653901033058197,1.1120499115567677,2.4381101241894187,-1.0143830736980244,1.3230976329080426,-0.24612967545756648,0.653901033058197,-1.2465662665038724,0.35452284597261524,-0.03432821836595151,0.32735324499704527,1.0284292798688959,1.1614023995690306,-0.9701345517591269,0.5138790966987595,-0.04256332662598434,0.139780294854656,1.194770148383656,2.5521327149851984,0.44307621281837667,-0.17917664187171697,0.34690269429476517,0.062155904904119784,0.36909507656128593,0.06938110143228039,0.16231986177126023,0
-0.9203053508442651,3.0416297973797954,1.4383931084795292,0.3052077222492148,1,0,0,0,1,0,-0.40720918361991093,-0.05065838716393051,-0.08027635709007157,-0.29661097738353953,0.37347180328844737,0.19026739626393913,-1.005990151007692,-0.5509816029737512,0.9320062759858286,-0.5096486134864708,-0.39627984471262073,-0.13722643387862146,0.6880405051504627,0.23605433984510765,0.07262281343886831,0.8761721498908617,0.6329505423983446,0.46393640016890264,0.6912331826893887,-0.8727171435694476,1.6347165085214843,0.8289914817757383,-0.39361528874739343,1.3161253200922407,0.9681268031857729,0.8727171435694476,-0.6912331826893894,0.1317027369921738,-0.03432821836595151,-0.2912841940253525,0.188596747715916,0.4445346296798359,-1.033144539371952,-0.22015379130249568,-0.5408768497097485,-0.35630847989348147,1.9441819381057224,1.1863538130354276,0.9630995482040194,0.585833368751077,1.1253659607095745,1.0772976494417266,-0.5363722402842841,-0.9326642846196119,1.0901944480755505,1
1.0329145883058024,1.0575118175772313,-0.4445202009343899,1.478524768348486,1,0,0,1,0,0,-0.24316300256618875,-0.19428199051824147,-0.5536240695330674,0.11423027658817539,-0.45372395372172836,-0.23769601294939705,-0.9513962267882118,-3.0799959721244354,1.2507001533180286,-0.7959885021248901,0.5863654251895324,0.05569779234666651,-0.4210964118578659,-0.39126741420021427,-1.7503383951205158,0.6010259767861557,0.011813599233213727,0.42331874009270265,0.8518955842960956,-0.7689345227338477,0.9319898227955051,2.4739405510790387,-1.1057758643430518,1.0870432762504607,-0.34901541316560064,0.7689345227338477,-0.8518955842960962,-0.6203151308168162,-1.760460932145692,-1.2283379619563388,-0.7804407893836761,-0.7331767065666972,-1.0016395455655394,-0.5463906304141645,-0.9284540343304539,-1.2864749325462383,1.0837461795359422,2.7038859263129513,0.6255405410238652,-0.08841274230630035,0.34690269429476517,0.3476645205553221,0.6983559190505837,0.3477270420022505,0.2860364732784985,0
2.1123256073097876,-0.3854830768246345,2.8867879618748513,0.3052077222492148,1,0,0,1,0,0,-0.5838743016777656,0.21216699225367497,0.022069094248954552,-0.3475321468898929,0.8038934923051031,0.43175145161942663,2.6332899374334167,-0.04122048913581624,0.9701853430440982,1.3516704101825447,1.4715241135904131,0.46203345713478533,-1.2429188759227245,4.4161195639374915,-1.5925390174495218,2.27069207766364,1.7343118021024146,2.574710621485945,0.416552302523086,0.21702702713573208,0.7508808753510716,-1.5387942126405132,0.9555506880001303,-0.10630562646286186,0.6006503781402547,-0.21702702713573208,-0.4165523025230867,4.253874753130341,-1.4602639384448675,0.16359627584405784,1.338521291740765,2.117226092754623,-1.033144539371952,-1.85133798686084,-2.146553757424099,0.9459245538203791,0.6118943119331598,-1.4693273852002382,-0.22291858513165644,0.28760912732185256,0.22844089288381547,-0.3502454288142823,-0.6186874509066087,-0.5986491559356475,0.22417816752487937,1
-1.485711122703495,-1.2873548858258006,-0.15484123025532542,0.3052077222492148,0,1,0,0,1,0,-0.6722068607066928,0.4621999859474147,-0.13144908275958464,-0.2896671815417641,0.961700747616901,0.5793250410033356,0.25544403127102583,1.6003115193786082,0.13558717223873898,0.6497376233960811,0.17370822364982966,1.6028348113116984,-0.022821314125212246,0.9042096734558092,2.0076233180751797,0.08595506610643673,1.345914847234229,0.7992894397991431,1.5275383624814358,0.6710815639820534,0.5482745080599039,-0.18528481500688823,-0.09897565468551837,0.456832511651019,0.5545213706249862,-0.6710815639820534,-1.5275383624814365,0.8280155775560533,1.841902992264201,-0.027453521501095285,0.020630241285320403,0.5640125913280355,-0.34003467563087314,-0.13859458152457876,-0.762349526635866,-0.4803306735805153,0.41760236644966076,-0.2553016945782196,-0.2594114507727547,-0.2699405414371327,-0.07617516788719629,0.09387908442092041,-0.7010026615289333,-0.48731077970765985,0.10046155601764112,0
1.572620097807795,3.0416297973797954,-1.168717627632051,0.3052077222492148,1,0,0,0,1,0,-0.6848257977108253,0.5261619145667434,-0.08027635709007157,-0.29661097738353953,1.059037099627926,0.6338825498058717,-1.6684216987625942,0.24781580041757695,0.41572020857914105,-1.3793773802924592,-1.3760933364616668,-0.2832151042313381,2.1299970711802123,-0.5885839340496283,1.281404149169248,0.2265059182706402,-0.546856061222713,-0.8005882374159282,0.5538927426062359,-0.9356157016516281,1.7318748541872675,0.9435475834515819,-0.34068684812260275,1.3211967414856258,1.007370140919103,0.9356157016516281,-0.5538927426062367,-0.5646101035717058,1.1664597564373458,-0.03655113089848297,0.08523274375862654,-0.135786898325702,-0.5920746260821743,1.4925896140337656,1.2862727349307197,-0.6043528672675491,1.9996939225295793,1.2622304186993043,0.8627441676909999,0.533968283285125,1.0745966172477384,0.9821281108913258,-0.28942660841731066,-0.7099875321636356,1.0901944480755505,0
-0.2263982671988458,1.0575118175772313,-0.4445202009343899,1.478524768348486,0,1,0,1,0,0,0.24897554059497767,-0.45885178617091954,-0.5536240695330674,0.11423027658817539,-0.8514548111792868,-0.4411686892211504,-1.0203734266739832,-1.7843155978915457,0.9993161803443749,-0.870162632175173,0.11315109233668076,-1.3731447733636215,-0.44042905312222247,-0.46301619404768063,-0.2801432447699047,0.5467090860741527,0.2057609096406744,0.1093077906575116,-0.7768887630270574,-1.1022968805694087,0.9562137628943864,2.168387802434489,-0.8167087887397135,1.3795625736621369,-0.04038417917969763,1.1022968805694087,0.7768887630270568,-0.5367575899491508,-0.40957446049198204,-0.5005292101652823,-0.1602567656399366,-0.06751377738387422,-0.8756195703398886,-0.8726274695258333,-0.6516131881728072,-0.5423417704240322,1.1115021717478706,2.400379503657447,0.6346637574341392,0.08014878545804377,0.6345956405784983,0.15732544345452057,0.8629863402952329,0.3477270420022505,0.34789477903211874,0
0.4932090788038099,2.113990222407169,0.27967722576327125,2.9451710759725747,1,0,0,1,0,0,0.43825959565696476,-0.4954845271074442,-0.6047967952025805,0.21375801698695704,-1.0773062659708201,-0.5462589725702978,-3.0378656666409793,0.867445174188778,-1.3013571156607797,-0.813728731750206,-1.5829474788731712,-1.3617671468175399,0.9916078916163109,-0.11836870704241662,-0.2845817064779091,0.5006494530019119,0.3277182988498422,0.06384450698010644,-0.49837739391320257,-1.3630033399023458,4.105953541933137,-1.4756834308707312,2.282103190647463,1.424254874485206,2.1202409836563336,1.3630033399023458,0.4983773939132019,0.1317027369921738,0.04072103005925432,1.0642596061854894,1.1963957862994923,1.2979486414526862,0.006520256239666901,-0.30171300108041293,-0.09793149585751397,1.2559800380379649,4.136905322848065,-1.317574173872486,0.4339529964081015,1.6101688067036326,2.2253684023826743,-1.016432198667086,-1.1948939252628807,-1.712032918215528,0.8427612250610729,0
1.9067235084518848,3.0416297973797954,-0.8790386569529866,0.3052077222492148,1,0,0,0,1,0,-0.0412600105000692,-0.31290229450317847,-0.08027635709007157,-0.29661097738353953,-0.0325365650461044,-0.011416509227403206,-2.405879617273815,-0.6917902866321962,0.4880575857270129,-2.118257090054509,-1.8929853149247968,-1.569131562350322,1.5316576421419754,-1.373792930620366,-0.00494992430129555,0.4665404246854034,-1.437680994552311,-1.312452663361201,-1.2778853770027954,-0.8727171435694476,1.9727564640552115,0.9445451533322033,-0.19836293589293702,1.4360488059918515,1.1796190425956028,0.8727171435694476,1.277885377002794,-1.3166279713806959,-0.10937746679115769,-0.30947941282012914,-0.031051760693324323,-0.596630464683041,-0.7811045889206503,-0.13859458152457876,0.5664865349208381,-0.046252995675895824,2.4160338057085053,1.413983630027056,1.2003031748711541,0.8970238815467907,1.4976744794297,1.1724671879921262,-0.5363722402842841,-0.9326642846196119,1.5850608941045057,0
-1.1773079744166424,-1.3388904177687242,0.27967722576327125,-0.4281154315628296,1,0,0,1,0,0,-0.21792512855792381,-0.20649290416374969,0.12441454558798068,-0.4140768570402411,0.2862315061001328,0.16119987108226008,0.24247366036796777,-0.9662096161683659,-0.023662044424166306,1.1306164534901997,1.0765836065570429,1.6683374942855937,-0.38632319607774923,-0.4571977729596673,-1.5132490878470208,1.9918846669238965,-0.024994515917314847,0.4813587287063899,1.2718086794045298,1.0140489972048288,-0.793992154949266,-0.18978669601486634,2.0339988010445613,-1.5521740215041469,-0.9296583055376848,-1.0140489972048288,-1.2718086794045305,-0.5089050763265954,-1.4602639384448675,-0.38226028799923456,0.6537347655237203,0.615217432034406,-1.537224440274555,0.35076067714292497,-0.2086678343205727,-0.5423417704240322,-0.9701972441467586,-0.6346847228976005,-1.4910456661598026,-0.4255357978349895,-0.9731002357129547,-2.1901898407886926,-0.6186874509066087,-0.2089648391376897,-1.3841377820692236,0
-0.48340089077122306,-0.9266061622253344,0.714195681781868,1.478524768348486,1,0,0,1,0,0,-0.1800683175455264,-0.24138122886520175,-0.42569225535928473,-0.04779162638658542,-0.2909908775408106,-0.14870466662394888,-0.22722034509877678,-0.16151063887315115,-0.10012134442845301,-0.7202389207069554,-1.022743606368364,-1.5678269719670503,0.5474971585821142,0.2060526300045519,-0.41348920394405175,0.8136499617196365,-0.06142053990710815,-0.22659703567824194,-1.089198340570375,-1.0580753433055055,0.5218407810727963,-0.1925459868873565,0.9545089753436502,0.9120927599533596,1.1083888763283454,1.0580753433055055,1.089198340570374,-0.06326485836571254,-0.6347222057676005,-0.9008240236503626,-0.39282577454383927,-0.3918111018575571,-1.442709458855317,-1.1173050988595852,-0.8177176958673952,-0.728375060954584,0.5563823275093027,-0.1035484832504671,0.2606118846128881,0.7284623537824456,1.0915197317350172,-0.3502454288142823,-0.7010026615289333,-1.1553410370755877,0.22417816752487937,0
1.0329145883058024,-1.158516055968491,-0.4445202009343899,0.3052077222492148,1,0,0,1,0,0,-0.24316300256618875,-0.19428199051824147,2.0433917581947205,-0.6906713914042971,1.0253564814347067,0.38434902593853465,0.2945111084200331,-2.3328548966024254,-0.3343083111581198,0.4931256885647558,1.119356535111354,1.7657644166537299,-0.7339301597313919,-0.38304239693544945,-1.6181011669329706,0.7343809071880618,0.17861508013433558,0.5627999923214587,1.0187373090415193,1.3979208031972914,-0.7922563152203457,1.580938329692882,1.194992649047174,-0.4890693354881477,-0.9057536648393774,-1.3979208031972914,-1.01873730904152,-0.5367575899491508,-1.6103624352952797,-0.8462383672660339,-0.37990527404917784,-0.2894014204448148,-0.844114576533476,-0.5463906304141645,-0.983822203561983,-0.790386157798101,-0.7203933142394032,1.5657368413548085,0.1785029369204177,0.7803274392483975,0.5161338391675497,-1.4922798914190887,-0.28942660841731066,0.45906541823023866,0.2860364732784985,1
-0.2263982671988458,-0.5658574386248675,-0.4445202009343899,0.3052077222492148,0,1,0,0,1,0,0.24897554059497767,-0.45885178617091954,-0.06748317567269331,-0.2983469263439834,-0.22669676144007703,-0.12232029761288635,-0.04430864471887711,-0.5735450323200098,-0.6082810545333107,0.7543873614921316,0.5982956127032626,-0.23413275085461668,-0.6530224071903387,-0.4383892671690112,-0.3824709820408028,0.47516002596620727,0.25372699123443276,0.3355741831418709,-0.653257441282515,0.328563629361145,-0.3764211412984999,0.40405752275797807,1.3090305809208134,-0.7675373151266709,-0.4501907229961255,-0.328563629361145,0.6532574412825142,-0.45320004908148526,-0.40957446049198204,-0.18211288125669506,0.08523274375862654,0.18851042614798086,-0.43454965705011084,-0.8726274695258333,-0.7069813574043363,-0.23228628620644656,-0.3318094232724056,0.4275877563966659,0.14201007127932075,0.806259981981374,0.4145951522438788,-0.9212626601166852,0.2044646553166367,0.4033962301162448,0.2860364732784985,1
1.2899172118781799,2.397435648093248,-0.4445202009343899,0.5985369837740325,0,1,0,1,0,0,-0.29363875058271866,-0.17102310738394008,0.21396681550962854,-0.44243069006082425,0.4294933903982641,0.2103910675435631,0.5105687120994381,-1.1256129869578644,0.3894837524983538,1.1534515841309194,1.2565020755914103,-0.4352154942869121,-1.2091819067786627,0.2695414771622637,-1.4823817417864127,0.2638289606303206,0.4416177209660367,0.7857942010360535,-0.9919856992599327,0.3902573124670771,-0.440635554724592,0.05992166261511995,-0.26731467558268984,-1.12033810312757,-0.8663391417897893,-0.3902573124670771,0.9919856992599321,-0.3696425082138195,-1.685411683720486,-2.165391729887324,-1.7365578259886068,-1.5183175973977192,-1.411204465048904,-1.6066603575270884,-1.482135726645747,-1.7825637072943747,-0.24854144663662048,0.35171115073279,0.890113816921823,0.5987996401175653,0.0761328624983096,0.8552353928241243,0.6983559190505837,1.0157572993701793,0.34789477903211874,0
-1.5114113850607322,-0.3854830768246345,-0.4445202009343899,0.3052077222492148,1,0,0,1,0,0,0.2363566035908452,-0.45245559330898666,0.022069094248954552,-0.3475321468898929,-0.1485802228458756,-0.0793897988830219,-1.5123928109319755,1.4140314116121098,-2.3146057252481267,-2.2208801844596247,-2.2002434720071373,-2.72940552927614,1.2833280591279979,-1.2674602255994787,0.14630353968206836,-1.6033540149867451,-2.3097854689323354,-1.3439491549941134,-3.034126254566094,-0.7133741297612541,0.836587695933268,-1.7942388146015622,1.5529274079750466,0.7099221176442406,1.5483195012824853,0.7133741297612541,3.034126254566093,-1.17736540326792,0.19081952690966666,0.17269388524144552,-0.7029177864157086,-1.4841810369268051,1.8023049032051899,-1.0357458890816678,0.5664865349208381,0.139780294854656,0.44535835866158957,-1.772833807855743,-0.9162830323125138,-0.07544647093981212,0.2115177783965368,-1.0798785577006862,-1.0302635040182315,-1.378017789531564,-0.5181215015185524,0
0.18480593051695732,1.572867137006469,-0.15484123025532542,0.3052077222492148,1,0,0,1,0,0,0.12278617055365294,-0.415822852372462,0.41865771818768077,-0.48756536303236475,0.1693555303205719,0.05700397312331826,-0.15191709670518982,-1.3526843341693064,0.9526740806513833,-0.6569921011580205,-0.2443399570955742,-0.5405589800866186,-0.24139679328005145,-0.11645291752760059,-0.4024221234342508,0.8846804449434711,-0.14986787603215163,0.31726598590463184,-0.20147967785109497,-0.5374328853480426,0.0948860379700281,1.4534640507769672,-0.41331885410973584,0.7389475226182625,0.6274023954317162,0.5374328853480426,0.20147967785109425,0.04814519612450831,-0.18442671521636386,0.7003552302899613,1.093031782342202,0.9736513169790033,0.06953024385249205,-0.46483142063624716,-0.4301405112466897,0.7598912632898273,0.41760236644966076,2.020996475338066,1.3097817717944475,0.858125067447326,1.142289075196852,1.4579758036433286,0.36909507656128593,0.1250502895462747,1.2139110595827887,1
-1.4086103356317816,-1.2873548858258006,-0.4445202009343899,0.3052077222492148,1,0,0,0,1,0,-0.25578193957032125,-0.18963021389138118,-0.13144908275958464,-0.2896671815417641,0.12984114427084567,0.07802202979314772,-0.7833407822699406,-0.7611185636883229,1.266621297058511,-1.0535895891140497,-0.248939174833372,-0.2407898364581697,0.19112490593231793,-0.6828450507198662,-1.026700758257503,1.9692065144358,-0.7958881256605099,0.37476925976645536,-0.4633576356367666,0.13114384342216406,0.4069636974137966,0.016132833761599658,0.24734889231208315,0.6341425214884151,0.6895223585639452,-0.13114384342216406,0.4633576356367659,-0.8152827261747027,-1.1600669447440433,-1.028190555213798,0.007709740790658993,-0.3064697006802721,-1.3796994712424915,-0.709509049969999,-0.5962450189412776,-0.8523972546416179,0.19555442875423396,-0.17942508891434333,-0.5787240251323598,-0.37367071236903754,-0.11002139686175369,-0.44541496736468245,-0.5363722402842841,-0.5429799678216537,-0.20882997275045564,0
0.7759119647334253,1.0832795835486928,1.0038746524609323,-0.13478617003801185,1,0,0,1,0,0,1.006111760842926,-0.6077086382304483,-0.11865590134220637,-0.29487502842309565,-0.6189974941871269,-0.23948478372980805,1.012914627824953,0.8902522362397582,-0.05694448091691452,0.8502012819631721,0.8254057344256855,0.5949363770946455,-0.7185507040269606,1.2732660497559118,-0.14546997154835042,0.24434498086232345,1.4393239474102582,1.1296111433813827,0.6060821098378343,0.21031740340811067,-0.13625001258668687,-1.3676277570753306,0.32338815429133927,0.27864190653069365,0.029777540747219982,-0.21031740340811067,-0.606082109837835,1.0229831729139398,-0.25947596364157,-0.3913578973966235,-0.21193876761858224,0.3591932285025509,-0.49755964466293656,-0.7910682597479163,-1.0945585420250417,-0.29429738304996345,-0.3040534310604773,-1.3934507795363622,-0.7246954876967501,-0.46443461193445323,-0.33002188519637315,-0.9529858396334858,-0.37174181903963527,-0.32030321536567735,-0.5799798072721716,1
0.004904094016293398,1.830544796721088,-0.8790386569529866,-0.13478617003801185,1,0,0,0,1,0,0.08492935954125552,-0.3850048322195127,-0.8478672421327675,5.112027333706066,-2.8356114214513277,-4.246778524545593,-1.0774827375515386,-0.8330525326783114,1.09635843242496,-3.0930303643150494,-3.187306639571189,-1.5636382770734,3.3744981072444062,-1.6639913611130168,-1.872111169648353,2.8210425010790354,-3.530859224842737,-2.9564493060483885,-0.7497849732599842,-1.388988508307989,-0.16437458640853847,-0.7320491276279123,1.3361169479329493,0.6773449100477014,1.2572574116703796,1.388988508307989,0.7497849732599834,-1.4558905394934718,-1.4977885626574707,2.6063043990427905,4.174571150318905,1.6307801060440983,-1.1119070238879838,3.857806697593365,5.1343604965220075,1.5350299738337914,-0.3318094232724056,-0.8623145398892288,-0.7429419205172992,-0.010615114107371936,0.2622871218583729,-1.016432198667086,-0.5363722402842841,-1.0996718489615938,-0.8274130302866491,0
1.110015375377516,0.6967630939767645,-0.15484123025532542,0.5985369837740325,1,0,0,0,1,0,-0.09173575851659908,-0.2989469646225976,0.11162136417060241,-0.3990319660497276,0.15537309857985868,0.07846922248825047,0.31950472906814986,-1.3623851712085302,0.07252672126776961,1.1159911640743547,0.811896620453839,-0.046530985302136646,-0.6206593876159292,-0.32890756725407344,-1.6377056636731382,0.5062196478493405,0.07180829485270117,0.028139827377211334,-1.321428539256431,1.2471140222716814,-0.7729196691773483,0.22929882090215822,0.4095554688192725,-1.4364281889495185,-1.0280323055494947,-1.2471140222716814,1.3214285392564302,-0.5924626171942612,-1.685411683720486,-1.3284116653276086,-0.9096457943302884,-0.8355863879794388,-1.348194477436079,-1.1988643086375024,-0.8177176958673952,-0.9764194483286528,-0.6371253376036178,0.4275877563966659,0.6072941082033162,0.7414286251489338,0.05920974801103089,0.12560226393772106,0.03983423407198747,0.793080546914203,0.6571863078002155,0
-0.7147032519863632,1.0317440516057692,2.1625905351771904,-0.13478617003801185,1,0,0,1,0,0,1.9525320361528615,-0.6920220895922907,0.6745213465352461,-0.5425370801130872,-0.41329071922329763,-0.11292925101572851,0.23069301382111845,0.4664269797345016,1.3814680453135983,0.3442253259508844,1.061255376503316,-1.166650385876163,-1.4001683025370313,0.8428278845672247,1.0855448382465407,0.6622068621510392,0.9948856308981835,1.0503210811237387,-0.9971070548845234,-0.6022533438160685,0.5213594401126521,0.4472893210745291,-1.2230590639216932,0.5214853534534678,-0.3542498581536885,0.6022533438160685,0.9971070548845228,1.0229831729139398,1.3165582532877582,0.6821600114951846,0.9509062769009282,1.3662217623945152,0.06953024385249205,-0.9541866793037505,-0.6516131881728072,1.3800022317249987,0.3620903820258042,0.27583454506891375,-0.3597668312857729,-0.9052878383950472,-0.6684841749419423,0.12560226393772106,0.6160407084282594,0.3477270420022505,-0.6418381130257917,0
0.18480593051695732,0.5163887321765315,-0.4445202009343899,0.3052077222492148,1,0,0,1,0,0,0.9177792018139987,-0.5966606687416551,-0.4768649810287978,0.012387937575468595,-1.0206209062569853,-0.46844744362241847,-0.21615309989565662,0.2926403819841366,-1.2155258431913607,-0.957973846043537,-0.8598387251356083,-0.23391383287159234,0.9827606590497165,-0.9072599229550914,-0.8483101602438233,0.5507883392217227,-1.4943129969877862,-0.6345821701651139,0.39760879354609974,-0.7133741297612541,-0.6059572779443622,-1.2514766042707455,2.2151537110922743,-0.18757432562824575,0.49828647633868894,0.7133741297612541,-0.39760879354610046,-0.7595776989295921,-0.6347222057676005,0.7094528396873502,0.9121447754169449,0.18851042614798086,0.5421051509486824,1.0847935651441794,0.954063719541543,0.2638024885416898,-0.7203933142394032,-1.317574173872486,-0.8524205174405927,0.28760912732185256,0.19459466390925928,-1.8095116865870906,-0.5363722402842841,-0.8769950965056176,-0.8892713360402683,0
2.1894263943815004,1.9336158606069351,-0.4445202009343899,-0.8681093238500562,1,0,0,1,0,0,-0.06649788450833415,-0.29952843670095514,-0.2721740783507456,-0.1756731998059502,-0.19708716293602663,-0.09459435051651556,-0.7909125668946209,0.7709731431373315,-0.11313582522250207,0.10293915561123974,0.20969165349910035,-0.5423976963495332,-0.4035774260801206,-1.0305567635366408,0.7968279815514038,0.2989995784017829,-0.4824685419239696,-0.32739288886719203,-0.37315522795503414,-0.3696749546284684,0.07006300176770855,-0.25994005476247406,0.4551262040361181,-0.6174717054743111,-0.5922448535234156,0.3696749546284684,0.3731552279550334,-1.2330704305130304,-0.18442671521636386,-2.165391729887324,-1.7236373254939452,-1.7743418009295742,-1.6947494093066184,-0.6279498401920818,-0.5408768497097485,-1.720552610450858,0.11228645211844858,-0.17942508891434333,0.22411901897178985,0.4302381123532211,0.1438253204474232,-0.3819686083310823,1.0276167615398821,0.9044189231421907,-0.023255055489598248,1
-1.3315095485600683,0.23294330649045036,-0.4445202009343899,-0.4281154315628296,1,0,0,1,0,0,0.1480240445619179,-0.40477488288366886,0.32910544826603294,-0.4667339755070384,0.10448483157394135,0.04940169730657143,-1.346174339081576,0.3009074373940182,1.0613058742051384,-1.5442573261694426,-1.245561338172637,-0.9317757143116674,0.9501497468449145,-0.9208172883808731,-0.5080195850594956,1.8828497320432729,-1.3695280038357585,-0.5654912386520555,-1.3361733137761789,0.05436948222367098,0.9518184031187377,-0.9219277692464105,0.4412417153718794,0.7281914953184314,1.0671986115878123,-0.05436948222367098,1.3361733137761782,-1.0659553487776992,-0.8598699510432187,-1.4648758062884317,-0.4574282770171454,-0.9379960693921812,-1.9152843659515075,-0.8726274695258333,-0.3747723420151606,-1.1004416420156866,0.5603474692538639,-1.0465862965014996,-0.8589371005907884,-0.5274136442859668,-0.22606561048880558,-0.5405845059150832,-1.1478566620501236,-1.258726672144434,-0.5446322039843892,1
0.7759119647334253,3.6858239466663427,1.0038746524609323,3.2385003374973924,1,0,0,1,0,0,0.9051602648098662,-0.5891015317230072,0.7256940722047591,-0.558160620757082,-0.08171727915357603,-0.02170194121476656,-1.6385848741440614,-0.8985386378821808,-0.06132559786591908,-0.6972257116074143,-0.8065016622455635,-0.11991046889528155,0.7234012882640873,1.4054431838054713,0.057749056660983976,0.41175100255090197,1.4231660585934227,1.1602110919608517,1.2994551316290586,-1.4523273562967454,3.682794424502316,1.2911242165333465,0.49760419515075077,2.3530940572180645,2.1812119746503074,1.4523273562967454,-1.2994551316290595,0.911573118423719,-0.25947596364157,-0.9281168518425269,-0.5995537824584191,-0.05044549714841698,-0.9701345517591269,-0.6279498401920818,-1.149926711256571,-0.9144083514851348,3.72056543966914,1.413983630027056,0.4339529964081015,0.6376984542170299,1.6330593953279282,0.15732544345452057,-1.1125787146405561,-1.6563637301015341,0.34789477903211874,0
1.8296227213801723,-0.1535731830814779,2.452269505856255,1.0385308760612593,1,0,0,1,0,0,0.7032572727437467,-0.5582835115700578,1.0455236076392158,-0.6056098923425476,0.12030625628552427,0.038669072624105315,1.1768357553474806,-1.3193976586450544,0.6219874981265332,0.6126034518452452,1.0946686628687978,0.7625337073430278,-0.8909307803349649,1.5716479161638492,-0.6243785714363578,1.0445148448603272,0.3901430363174924,0.6183925975479099,0.9454154897089528,0.10235345797273021,-0.06604668550091719,1.1854259468572355,0.19935893981350045,-0.44072858518052727,-0.8193828630306919,-0.10235345797273021,-0.9454154897089535,1.7750010407229295,-0.40957446049198204,0.7003552302899613,1.183475285804831,1.3150169216881435,-0.24551969421163483,0.2692014673650073,-0.1532996650890431,0.3258135853852078,0.08453045990652028,1.413983630027056,0.6529101902546883,0.6636309969500054,0.43151826673115745,-0.2550758902638815,0.8629863402952329,1.0157572993701793,0.22417816752487937,1
1.4184185236643685,0.1298722426046032,0.27967722576327125,-0.4281154315628296,0,1,0,0,1,0,-0.3062576875868511,-0.15997513789514695,0.9303849748828115,-0.592300950312478,0.7812478189133183,0.33471063678212887,-1.0632668789779802,0.15910691059031395,0.451332426244011,-0.8066658175100475,-0.37168095937172557,-0.005730511079330256,0.14229757852574626,-1.0670609575099888,-0.44793675282386336,0.258074605628442,-0.7940536353147418,-0.48269025884824435,0.2430696413654208,-0.24888924451037456,0.41230374205630427,-0.6671124337167892,-0.3576464563648458,0.3023834854690026,0.011950360887274598,0.24888924451037456,-0.24306964136542153,-1.0659553487776992,-0.5596729573423944,-0.5187244289600577,-0.3153027715758717,-0.596630464683041,-0.4660546508565234,0.4323198869208419,0.34501385799472056,-0.6663639641110671,0.917210226264372,-0.17942508891434333,1.820681890769815,1.3119445652744073,1.3792126780187515,1.4262526241265279,1.6861384465184783,1.6837875567381073,2.018069034379841,0
-0.04649643069818187,1.289421711320388,-0.15484123025532542,-0.4281154315628296,1,0,0,0,1,0,-0.7731583567397526,2.607831955086716,-0.2977604411855021,-0.16757210465721217,1.4202894050147734,2.135108427265819,-0.5656995399633017,0.4557001118429756,0.8105522707301608,0.01847473666539873,-0.010806710165641376,1.9636333090793403,0.33882693747293996,-0.4285403566639588,-0.569524346300826,0.7988328087671425,0.6611930170796229,0.8888552864952459,1.4466056031467225,1.2434358081027634,0.358426505931003,-1.1959996924144136,-0.30530217408134774,0.6306695001565626,0.881843438103219,-1.2434358081027634,-1.4466056031467232,-0.3139374809687093,-0.40957446049198204,0.48201260475264507,0.8475422729436388,1.1101975588626602,-0.08799472517957138,0.18764225758709038,-0.4301405112466897,0.44983577907224165,-0.24854144663662048,-1.4693273852002382,-1.9563297030837987,-1.7740280199497451,-1.4807936703313085,-0.8895394805998851,-1.7711003996191523,-1.6006945419875402,-1.5078543935764617,1
-0.6633027272718879,-1.1842838219399534,1.7280720791585935,0.3052077222492148,1,0,0,1,0,0,-0.785777293743885,2.6485350005717434,-0.2210013526812325,-0.20286973351957077,1.651329496102748,2.19369067032428,1.2484754952280661,0.832550232574968,-1.4149531243558235,1.2150818258992437,0.5653947897936453,-0.022700549656842813,-0.12041270352990861,1.0847038287606068,-0.6578527229773791,0.3234110611737476,1.4232651700340577,1.0253392806863975,0.6225629626478131,-0.6484112087471453,-0.6522122823556508,-1.8017237385272158,2.2592852490404476,-0.2302117769509292,0.26600332400541304,0.6484112087471453,-0.6225629626478137,0.8558680911786088,-0.7097714541928067,-0.3913578973966235,-0.173177266134598,0.39332978897346543,-0.655084613695,-0.13859458152457876,-0.4301405112466897,-0.29429738304996345,-0.6371253376036178,-1.6969572021918669,-0.12256320461863823,1.0396528665781584,0.8715192434003977,-1.6508957890030895,0.03983423407198747,-0.26463402725168356,-0.2706882785040748,1
-1.5628119097752085,2.113990222407169,1.4383931084795292,0.3052077222492148,1,0,0,1,0,0,0.3751649106363024,-0.4768774206000031,-0.438485436776663,-0.03506133400999707,-0.7142350708974166,-0.3396559474328251,-1.1169833471487138,0.9879632345300878,-0.31909059139611823,-1.1561858474697657,-0.89970326129628,-1.0132095091783457,0.5402703533635574,0.22057622169149965,0.38841953744856317,0.11551198242021367,0.11137979718983519,0.2351145846881453,0.74512626677265,-2.120904085066952,1.7735896963435647,-0.9669003787417566,0.5522859304357812,1.672374789346114,1.399201934127726,2.120904085066952,-0.7451262667726507,0.5216379277079463,0.7912135143113154,1.1643333095567605,1.0542702808582185,1.0589927181562884,0.8571550890128092,0.8401159358104279,0.5111183656893089,0.8219023601333442,1.2225261405955843,-1.0899443568808573,-0.8889133830816909,-0.5033334260339178,0.1438253204474232,-1.016432198667086,-0.04248097655033679,-0.8769950965056176,-0.6418381130257917,1
2.1123256073097876,-0.23087648099586283,2.8867879618748513,-0.4281154315628296,1,0,0,0,1,0,-0.596493238681898,0.26449947930585305,0.23955317834438508,-0.4401160914468991,0.9826381786174017,0.5435496253951152,3.208460530864377,-0.4588013684641716,1.308940380443581,1.2003432917910264,1.527745107915811,1.9165326596431502,-0.9426155845656039,4.0101750118047255,-1.3009779737476543,2.4551435563069703,1.5208348771495774,2.2694469165216162,1.5875602653373244,1.0393990221288592,-0.45452284941164556,-0.6735718977243996,0.6778171511178669,-0.11355251683429644,0.22952973890125317,-1.0393990221288592,-1.587560265337325,3.975349616904789,-1.1600669447440433,0.3091580262022686,1.584010801139329,2.270840614873736,-1.2536794960168407,-1.1988643086375024,-1.7589765728033937,0.6358690696027934,-0.5538573609678327,-0.7864379342253526,-0.6334633235940058,-0.21807545597118072,-0.24540631275998087,-0.7309235830158842,-1.1948939252628807,-0.9326642846196119,-0.6418381130257917,1
-1.5885121721324456,2.4232034140647105,-0.4445202009343899,0.5985369837740325,1,0,0,1,0,0,-0.15483044353726144,-0.2594068632942853,0.2267599969270068,-0.43664419352601136,0.2873387850112572,0.13794585093691683,-0.15242386732958388,-0.1112735168118896,0.241221958380861,0.4618609917752901,0.3631919807045748,0.5821326470266353,0.29123892736845525,-0.6633592562857203,-0.5805659392422732,0.3501345128991157,-0.4739099972175032,-0.23611724817389043,0.5791922973583978,0.21952363131345246,-0.4508716548268749,-0.42887181919001266,0.02209292052983501,-1.0938654439993618,-0.7026898989420968,-0.21952363131345246,-0.5791922973583985,-0.7874302125521474,-0.7848207026180125,-0.9554096800346926,-0.6512357844370638,-0.7843815472730677,-0.844114576533476,0.5954383064766764,0.34501385799472056,-1.0384305451721696,-0.22078545442469194,-0.1035484832504671,1.0908245779478607,0.9359226956462544,0.38074892326932136,0.886958572340925,0.6983559190505837,0.9044189231421907,0.5334696962929761,0
2.138025869667024,0.28447883843337485,-0.4445202009343899,-2.041426369949327,1,0,0,1,0,0,-0.6469689866984278,0.3720718138019969,0.31631226684865466,-0.4667339755070384,1.1826425661121442,0.6468511379638515,1.7869003018657243,-1.1110048834270247,-0.008588508659215635,2.1658210965145948,1.9637403479969107,1.4029092709079554,-1.285152604267133,1.2062970110626703,-1.2573865842451057,0.43891452637836614,1.2955624483821344,1.7310148392588764,1.637356214373321,0.28949096339405445,-1.2794106076308922,0.2652667917108196,0.4528075493085907,-1.6412270277570473,-0.862959552638452,-0.28949096339405445,-1.6373562143733216,0.9672781456688292,-1.2351161931692491,-0.38226028799923456,-0.10857476366129187,0.4103980692089227,-0.024984737566746233,-0.22015379130249568,-0.8730858650989243,-0.046252995675895824,-1.2477571662660425,0.04820472807728505,-0.5422311594912614,-0.24400799870415715,-0.8546384343020056,-0.3819686083310823,0.36909507656128593,0.5704037944582268,-0.45626319576493324,1
-1.100207187344929,-0.23087648099586283,0.27967722576327125,-0.4281154315628296,1,0,0,1,0,0,-0.6343500496942954,0.34823145858933796,0.6105554394483548,-0.5321213863504239,1.287048634534446,0.6790490120112499,1.5683131340946617,-1.3709524627221348,-0.8278347800231443,2.9983973425769888,2.3354537977399197,2.343830822704676,-1.4630076897512387,0.6824015301721599,-0.515852315881053,0.1873049940094146,1.7276826562344818,1.429004608890805,2.394254639720468,0.8221130942085976,-1.4989300214772265,1.364905753797455,1.3199013322756352,-2.337500821730682,-1.6410594507619645,-0.8221130942085976,-2.3942546397204683,0.24311279148239442,-0.7848207026180125,-1.155557086777232,-0.8967252938356269,-0.2552648599739003,-0.9071245641463012,-0.22015379130249568,-1.0945585420250417,-1.1624527388592034,-1.3032691506898992,2.096873081001942,1.6564639953848757,2.232549832295058,0.8376730144258402,0.09387908442092041,1.439192814651505,2.2404794378780473,1.3994859768436472,1
0.3647077670176212,-1.132748289997029,-0.15484123025532542,-0.8681093238500562,1,0,0,1,0,0,-0.4703038686405733,0.046447449921777705,0.25234635976176334,-0.44185204040734294,0.7118913981583822,0.37719394281689056,0.3038144917259991,1.0303820377590296,-0.5522792532213064,-0.10545109879920767,-0.21136983458569186,-0.649595693484519,0.23867691877529695,-0.726339774852085,1.4780335804900984,-0.11461280590916754,-0.8935518599114934,-0.8856778120526568,-0.22931895624632825,-0.6585353003337585,-1.1482115912414343,0.06642991125601942,0.6398094238961813,-0.7435730972176477,-0.5899008632678664,0.6585353003337585,0.22931895624632756,-0.8431352397972577,0.8662627627365218,-0.982702508226857,-0.8838047933409655,-1.1428154322176651,-0.7811045889206503,0.10608304780917345,0.2342775195316623,-1.1624527388592034,-1.0812212129944723,0.04820472807728505,-0.031331040515893936,0.30057539868834077,-0.025405824425361403,-0.6040308649486834,0.6983559190505837,0.4033962301162448,-0.3944048900113141,1
-1.4086103356317816,0.15564000857606544,-0.4445202009343899,1.478524768348486,1,0,0,1,0,0,-0.23054406556205628,-0.18963021389138118,0.39307135535292426,-0.47772831892318285,0.45855618511539137,0.22335965570154298,-1.007500881506935,-0.6275986433136993,0.5902933716067644,-0.8267925156406404,-0.35409264418166425,0.17392827347901577,0.8892461996995706,-0.8126308757160976,-1.204370029444709,2.1576391528364516,-0.5858296783808665,0.5761149352873259,0.05260013630273529,0.1850492459657866,0.5889833049481692,-0.3451126228092806,1.3612684527425265,0.5360446675161226,1.022801882099599,-0.1850492459657866,-0.052600136302735995,-0.9266927806649233,-1.3101654415944555,-1.073678602200739,0.046471242274642305,-0.18699173903207253,-1.537224440274555,-0.46483142063624716,-0.5408768497097485,-0.9144083514851348,0.44535835866158957,-0.4070549059059717,-0.2867811000035777,0.4302381123532211,0.6345956405784983,-0.857816301083085,-1.1948939252628807,-1.266679413303576,0.038603250264021984,0
-0.9717058755587404,0.20717554051898904,1.7280720791585935,-0.13478617003801185,1,0,0,1,0,0,-0.7479204827314877,1.1279855156667913,0.12441454558798068,-0.3996106157032089,1.5671797076776843,1.1763272889655132,0.9497491983737,2.5943398737211605,0.1484477928052977,0.5861774559634179,-0.4753810425827286,0.03464739057230026,1.1400499085525904,1.1844811474935477,3.038732254260597,1.1414121033194218,0.44121264089243123,-0.26270656880742216,-0.1227108960387,0.16895808102739213,-0.13712977353764033,-0.5166776299636712,0.9440759806770711,-0.3543890239150884,0.36153680484702144,-0.16895808102739213,0.1227108960386993,0.5494904413305014,1.841902992264201,-1.3829973217119373,-0.6899972859210471,-0.4942207832702994,-2.324849285434872,-0.13859458152457876,-0.09793149585751397,-1.534519319920306,0.19555442875423396,-0.1035484832504671,1.446630017948564,1.8046628772009532,1.5145975939169787,0.7600658542737248,-0.20711139779498602,-0.15329565102369538,1.3376276710900281,1
1.4698190483788447,-0.87507063028241,1.7280720791585935,0.3052077222492148,1,0,0,1,0,0,-0.2684008765744537,-0.17741930024587296,-0.5024513438635544,0.05173611401219622,-0.32362482650653124,-0.17643061372031965,2.2052547727155876,1.2759823287055958,-0.12427148778655142,0.7447195195019313,0.29040631554163343,-0.22721438126289467,-0.858648866759952,2.9782880650975434,0.4531420330139842,0.5654566338688858,1.2860577694028579,0.5032602669817405,-0.2094031647789695,-0.1022098070627286,-0.09059010076668242,-1.2973780491491347,0.7381126715320486,0.26916484398279433,0.11379326591108331,0.1022098070627286,0.2094031647789688,2.777691531134916,0.41596727218528484,-1.6069330893092284e-4,0.29196075167320634,0.8200367948598906,-1.033144539371952,-0.9541866793037505,-0.983822203561983,-0.046252995675895824,-0.026493508941193386,-1.1658209625447336,0.2879815338437111,0.6376984542170299,0.7192112130148905,-0.6040308649486834,0.36909507656128593,0.3477270420022505,0.34789477903211874,1
0.8016122270906633,1.1348151154916164,-0.15484123025532542,0.3052077222492148,0,1,0,0,1,0,-0.5207796166571032,0.10459465775753113,3.07963945300236,-0.7352274147223563,1.6417813924993732,0.6486399087442626,0.39077651672490404,0.5839589134465427,-1.0704049285910828,1.7975086935852824,1.106489201323098,1.5831042559119588,-0.5302939202059762,0.032434654035587006,-0.2723159453777316,-0.49418363433924606,0.8223377127024258,0.7226117833824984,0.12891477706591967,2.031309283084856,-0.5109759349146378,-1.0743020711549838,0.9666725025384553,-1.612902280221137,-0.7330003915946661,-2.031309283084855,-0.12891477706592036,0.02029268250195297,-0.25947596364157,-0.009258302706318612,-0.26362076959722697,0.06903246449978255,0.5421051509486824,-0.7910682597479163,-0.9284540343304539,0.139780294854656,-0.6371253376036178,-1.1658209625447336,-0.8250508682097696,-0.2569742700706454,-0.8546384343020056,-0.857816301083085,-1.277209135885205,-0.5429799678216537,-0.5799798072721716,1
-0.14929748012713334,0.7225308599482267,-0.4445202009343899,-0.4281154315628296,1,0,0,1,0,0,0.22373766658671274,-0.4396632075851209,1.3525599616562942,-0.6420648205118689,0.46428867844615745,0.1580695222165408,0.3916029270184595,0.336863085138255,0.43398238253088245,0.15755417479538503,-0.2716999675892877,-0.8288683579924412,-0.5953021179946009,0.06509704022300263,-0.3167933244115471,0.838108056509564,0.04337514681450582,-0.26330761391665125,-0.09305301462755473,-1.0381887348318,-0.47948920711557536,-0.7797117541317428,0.2489493145436769,-0.16983547251092862,0.09615462831315007,1.0381887348318,0.09305301462755473,0.02029268250195297,-0.3345252120667762,-0.12752722487236504,0.31780175266252825,0.32505666803163763,-1.1276595207911904,0.2692014673650073,0.34501385799472056,-0.35630847989348147,-0.47058938433204756,-0.7484996313934147,-0.07694712256726609,0.060699378408311896,-0.008482709938082702,-0.0647368131630805,2.056556894318939,1.5446145864531222,0.3169656261553086,1
1.572620097807795,-1.0812127580541053,-1.168717627632051,3.678494229784619,1,0,0,1,0,0,-0.6848257977108253,0.5261619145667434,-0.3745195296897717,-0.10044874485338269,0.7474826148875222,0.48228422616603783,-3.8614075284495457,0.9007143814749285,-0.836523587128055,-1.680106451994926,-1.849799143498174,-0.41367291098808734,2.519531010642013,-0.6868692534719385,1.0910113530951855,-0.0068300622197393565,-0.6080835496341829,-0.7517871940993268,0.2654778184316193,-0.827498180191446,4.683069500454889,-0.1433075324692538,1.1366922134679596,1.6667501865109517,1.6708556107118249,0.827498180191446,-0.26547781843162,-0.6203151308168162,1.0914105080121401,0.1817914946388332,0.14983524623193267,-0.10165033785478751,-0.15100471279239655,1.166352774922097,1.1201682272361313,-0.35630847989348147,4.6365131826627755,-0.02767187758659086,0.3518440487156324,0.9099901529132779,1.6161362808406496,-0.5405845059150832,-1.4418395571298541,-1.823371294443516,0.5953280020465953,1
0.3647077670176212,-1.4934970135974959,0.27967722576327125,-0.13478617003801185,1,0,0,0,1,0,0.009215737516460692,-0.3361611776374798,-0.6943490651242283,0.46257736798391114,-1.0907055097824683,-0.6160210330063275,-1.360569546443681,-1.3066185682165603,-0.42433583360081734,-1.936935304343535,-1.874091956081233,-1.278626934192977,1.6661928390190965,-0.9270717757977252,-0.033455560521657705,-0.5291086036717267,-1.4548290818148415,-1.793571123079585,-0.5252107151899527,-1.2229970446133172,0.9655858792414049,1.759859944344477,0.04837818021602056,1.1740910216121696,0.68533821697334385,1.2229970446133172,0.525210715189952,-0.8431352397972577,0.04072103005925432,0.23637715102316323,-0.08273376267196997,-0.6478353053894121,-0.05648973137315825,1.0847935651441794,1.5631135810883663,-0.17027518936292965,0.8894542340524437,1.6416134470186852,0.0051618251252043045,0.028283699992091807,0.49921072468027106,-0.2550758902638815,-0.12479618717266176,-0.6543183440496418,-0.332546584257695,1
1.572620097807795,-1.0039094601397194,0.27967722576327125,-0.13478617003801185,1,0,0,1,0,0,0.43825959565696476,-0.4890883342455113,0.16279408984011548,-0.40771171085194696,-0.16474035454077982,-0.06105489838380897,0.3301124207606764,1.4244199139267795,-0.4788069265149695,0.9454639360813367,0.6532556315213781,0.13202318067603913,-0.7798470987402553,0.05792735820093031,1.2451668026068343,-0.3847132039054596,0.676131185506082,0.8664772506899009,1.0318374740956051,-0.8432999717894734,-0.4011490231179073,-0.7076802659567804,0.26794544034791223,-0.6068206717965917,-0.0033179256164943705,0.8432999717894734,-1.0318374740956058,0.577342954953057,2.142099985965025,2.064996639898192,1.4935672976767,1.7587922078100258,2.3378897979142055,0.758556726032511,0.2896456887631914,1.814079909629618,-0.6093693453916895,-0.9381911455531051,-1.1443634425693747,-0.8534227529290943,-1.0069464646875115,-0.635754044465484,0.12214944469431245,-0.26463402725168356,-1.4459960878228426,0
-0.04649643069818187,-0.9266061622253344,-0.4445202009343899,1.478524768348486,1,0,0,1,0,0,0.4130217216486998,-0.483273613461936,-0.46407179961141953,-0.0014996541080823315,-0.7756470737712223,-0.3705122433949152,-0.7330952862780938,0.2572858083726752,-0.0317243849057534,-1.31268015903063,-1.0167362536916906,-1.295223922062832,1.0106118378656497,-0.5850395596959314,-0.021903585390130972,0.8284785594349711,-0.9395794799037839,-0.464391711980926,-0.31054414497595056,-1.4585370472760366,0.43482220635031354,-0.37507537739073415,0.8759093510038114,0.8416752791424439,0.868418805201444,1.4585370472760366,0.3105441449759499,-0.3139374809687093,0.41596727218528484,1.3644807162993,1.6615338041072958,1.1101975588626602,0.41608517572303205,0.5954383064766764,0.8433273810784847,0.9459245538203791,0.41760236644966076,-0.3311783002420958,0.07814755640739948,0.5210020119186368,0.854596128913119,-0.5723076854318833,-0.4540570296619595,-1.0440026608476,-0.1469716669968365,0
1.0586148506630406,-1.2873548858258006,-0.4445202009343899,0.3052077222492148,1,0,0,0,1,0,-0.24316300256618875,-0.1797451885593031,-0.31055362260288033,-0.15657776124106768,-0.06985207462559596,-0.017230014263739015,-0.6809560486911531,-1.0249932489913904,0.3189609593685878,-0.4191869977770534,-0.364917299678604,0.7780491381893898,0.006052735587904086,-0.42082055332542967,-1.6616336497256612,0.6036575446954426,0.19388686037850522,0.5422997625689352,1.3634784946753398,-0.29111514316954507,0.5264070235077776,-0.25775271185073007,0.1705872991949919,0.7585494821224726,1.0038605298233843,0.29111514316954507,-1.3634784946753404,-0.5089050763265954,-1.6103624352952797,-0.5460172571522233,-0.173177266134598,-0.08458205761933026,-0.5605696322757617,-0.13859458152457876,-0.7069813574043363,-0.6043528672675491,0.3065783976019474,-0.4070549059059717,-0.5513543759015367,-0.38663698373552574,-0.07617516788719629,-0.15990635171348128,-0.37174181903963527,-0.5429799678216537,-0.20882997275045564,1
2.4978295426683537,-0.02473435322416849,-1.168717627632051,-0.8681093238500562,1,0,0,1,0,0,0.16064298156605036,-0.41000813158888666,0.5082099881093286,-0.5089754002111725,0.18840879408451847,0.07802202979314772,0.28360823939065194,-0.7824045715388824,0.47441807399286073,0.7903683740048221,0.8136758825600731,-0.31064686631718696,-0.8985253094321004,-0.509398364497369,-1.0421961915195845,0.3463893143686119,0.09244800970495429,0.349844941642526,0.1590389773671773,-0.5814181964513455,-0.9033490044106494,0.02982556267483111,-0.3004575449654728,-0.976066819057279,-0.7162630041683837,0.5814181964513455,-0.15903897736717798,-0.5924626171942612,-1.0850176963188372,-0.5824076947417753,-0.3282232720705331,-0.27233314020935756,-0.4660546508565234,-0.6279498401920818,-0.762349526635866,-0.5423417704240322,-0.8175392869811524,0.10511218232519232,0.24236545179233895,0.04449153920020185,-0.3469449996836519,0.4507648539849225,0.8218287349840708,0.5704037944582268,-0.1469716669968365,1
1.0843151130202777,0.6967630939767645,1.4383931084795292,-0.4281154315628296,1,0,0,0,1,0,-0.571255364673633,0.17320836300372017,1.1094895147261072,-0.6137109874912857,1.3002712888661887,0.6074981807948091,1.2647598118466132,1.2530603788033106,-0.6350918716473744,1.74543743752411,1.449909736743993,2.7924013960687963,-0.43028420492638336,1.0097675119434943,2.1934424690609795,-0.6987450373060619,1.2872785305748276,0.12362133081217903,1.5632622420125306,2.2580779981063284,-0.7497315058339304,0.4774778194819253,0.16602048846751938,-1.0815300164474708,-1.7642614998971207,-2.2580779981063284,-1.5632622420125313,1.3850658500071569,2.7424939733666744,1.1916261377489248,0.5891322630504142,1.1272658390981163,0.6681251261743327,1.4925896140337656,0.7325910426154264,0.7598912632898273,-0.8036612908751883,0.19995793940503753,-0.6243401071837319,-0.4514683405679659,-0.8207922053274488,-1.4288335323854886,-0.6186874509066087,0.6260729825722207,-0.45626319576493324,1
1.2385166871637046,-1.4934970135974959,1.7280720791585935,-1.161438585374874,1,0,0,0,1,0,-0.34411449859924853,-0.11636473201833188,0.03486227566633282,-0.3475321468898929,0.3737484484521965,0.17908757888637028,1.9847055913726566,0.24564503508459917,-1.759412668705612,2.0412338790869744,1.1348246742730976,1.1469526164757826,-0.8837964927922153,1.1910987902184054,1.2969097308626296,-0.07094321593507624,1.987543309518818,1.3175102795866553,0.6912331826893902,0.87874991804355,-1.569649560997332,0.9620601783515887,2.3338849685167866,-0.7867613580646761,-0.18903530024045775,-0.87874991804355,-0.6912331826893908,0.7723105503109431,0.7912135143113154,-0.8371407578686448,-0.7416792878996918,7.593435579547688e-4,-0.7180946013078251,-1.3619827281933365,-1.7036084035718644,-0.6663639641110671,-1.497561096173398,0.6552175733882943,-0.5331079430809875,0.6636309969500054,0.27921023634565156,-1.8729580456206907,-0.7833178721512579,-0.48731077970765985,-0.332546584257695,1
3.0375350521703446,1.3409572432633117,0.27967722576327125,-0.4281154315628296,0,1,0,1,0,0,-0.11697363252486404,-0.2745251373315812,-0.7455217907937414,0.7113967189808652,-1.2263655233388107,-0.76091146621962,1.8942610368504682,1.2276096087991322,-1.397375637545577,0.770434719291417,-0.1664694878683689,0.5425152802537888,0.024389446032574272,2.0053499301174265,0.7539769857366179,0.07260659774686408,1.3945399867697077,1.23925201797665,1.465333844976243,-0.7133741297612556,-0.6302940613110858,-0.9296151214147714,1.9832219374677749,0.3419943778268802,1.4263068819531397,0.7133741297612556,-1.4653338449762439,2.6105764493995856,1.3165582532877582,1.4827496384653478,1.2997597902567817,1.9124067299291387,1.140700033270523,-0.22015379130249568,-0.8177176958673952,1.6280466190990672,-0.8314172830871166,-1.1658209625447336,-1.3906902856467844,-0.3477381696360611,-0.194636969298146,-1.5557262504526888,-1.3595243465075295,-1.712032918215528,-1.0748462533011267,0
0.23620645523143258,-0.9266061622253344,-2.327433510348309,1.0385308760612593,1,0,0,1,0,0,-0.6595879237025604,0.4214969404623873,0.06044863850108935,-0.3787792281778825,1.0667004825373894,0.616889227391967,-2.383169478711805,-0.005378561280701911,0.17652476421815935,-0.9566314871265211,0.16864663957512568,-0.16573762898343328,-0.4420207911796164,-1.4533123258548708,-0.6895513788829603,1.4384399112165458,-0.7031357598312643,0.44755955027770433,-0.27639264516917894,0.048076501797563044,1.8617226207888056,-0.6833951898927104,1.204178121855596,0.5951300391490458,0.21770589936848728,-0.048076501797563745,0.27639264516917894,-1.4280380258709164,-0.8598699510432187,-0.9008240236503626,-0.10857476366129187,-0.3747428216220998,-0.9071245641463012,-1.3619827281933365,-1.4267675574142176,-1.1624527388592034,1.5833540393506536,-0.7105613285614767,-0.2867811000035777,0.35244048415429274,0.5838262971166633,-1.5240030709358887,-0.4540570296619595,-0.48731077970765985,-0.1469716669968365,1
-1.5114113850607322,0.7482986259196881,-0.4445202009343899,1.0385308760612593,1,0,0,1,0,0,0.2742134146032426,-0.45245559330898666,0.5849690766135982,-0.5222843422412421,0.153302887917182,0.055662395038009994,-0.8426320915340069,-0.84199427626879,-0.8611400607483711,-1.4468137965975314,-0.2926695647227765,-2.6741196169799357,-0.36638787193817446,-1.2849729899992026,0.13481685859021247,-0.8209146156986217,-1.4725891745117285,-0.7361773596407896,-2.9580985109486346,-0.7133741297612541,-0.11222943601483644,1.2907201378373236,0.35226729133244605,0.49435788074749776,-0.33824913847873406,0.7133741297612541,2.9580985109486346,-1.223786259305512,0.06573744620098994,-0.16088512599612248,-0.5521786139779945,-1.05747403104038,0.9096634120234974,-1.3076099216747252,0.012804842605544792,0.139780294854656,0.16779843654230542,1.793366658346437,1.209426391281428,1.234146937075479,1.396135792506029,-0.3502454288142823,1.1099319721622063,0.793080546914203,0.6571863078002155,1
1.4184185236643685,-0.978141694168258,-0.4445202009343899,0.3052077222492148,1,0,0,1,0,0,0.021834674520593164,-0.3425573704994127,0.8408327049611636,-0.5726268620941142,0.43029960869555284,0.17908757888637028,0.21228552204469983,-1.377207271024804,-0.14136136095395202,0.12648773504141914,0.5301514990835591,-0.04080908668686498,-0.5570778157760168,-0.7932909283206423,-1.4993620292797891,0.2510249108425527,-0.950339704885325,-0.3781930933667457,-0.5532824974487066,0.4930801176436292,-1.0878351345218278,0.38823223401959867,0.44550154270432984,-1.1132173532780119,-1.0584548598496513,-0.4930801176436292,0.553282497448706,-0.9823978079100336,-1.6103624352952797,-1.546754290864926,-1.2068173057074962,-1.4500444764558913,-1.0016395455655394,-0.46483142063624716,-0.26403600355210183,-1.534519319920306,-0.9563192480407944,0.5793409677244183,0.5844860671776301,0.7414286251489338,0.20305622115289804,-0.2233527107470814,1.439192814651505,1.9621334973080773,0.9355486836915021,0
-0.38059984134227254,0.7740663918911503,0.27967722576327125,-0.8681093238500562,1,0,0,1,0,0,-0.016022136491804253,-0.3256946802270442,-0.5152445252809326,0.06678100500270973,-0.5896296389202038,-0.3020917610441937,1.0218367285046905,0.07497504034705928,-0.6695537653992656,1.0159018140226224,0.8937937170614131,1.0973410957481124,-0.28377795294308855,0.6677510628633975,-1.6822558617962353,1.2642265891792501,0.6441867957661632,1.5086966376015774,0.7837886966584708,0.7192902890320441,-0.7536798511074129,-1.7881525885812084,2.1857282280623864,-0.733653210667591,0.310973016054826,-0.7192902890320441,-0.7837886966584715,0.27096530510494976,-1.685411683720486,-1.0372881646111858,-0.3153027715758717,-0.05044549714841698,-0.9386295579527137,-0.9541866793037505,-1.3160312189511594,-0.6663639641110671,-0.7481493064513315,-1.6969572021918669,-0.24116501795220557,0.8840576101803024,0.49921072468027106,-1.175048096251087,-0.9479482933959068,-0.7656567202776299,-0.1469716669968365,0
-0.48340089077122306,-0.5658574386248675,0.27967722576327125,-2.334755631474145,1,0,0,0,1,0,-0.33149556159511606,-0.12799417358548257,0.047655457083711085,-0.3492680958503368,0.36641973498137914,0.17148530306962345,0.7398853970545172,1.2593657893664878,-1.2437410044353507,0.3148271547960427,-0.5051096723166557,-1.6640962592485464,-0.8825004789056835,-0.3766091205208491,0.18529354169808848,0.1098212836564133,-1.2881330105704356,-1.6168999292193138,-1.1820904200447964,-1.097245935753718,-1.405132051186388,-1.54289606610845,1.8105954175838892,-1.7026018183260485,-0.9219207646020015,1.097245935753718,1.1820904200447957,-0.5646101035717058,-0.18442671521636386,-1.0099953364190213,-0.806281790372998,-1.2110885531594928,-1.3166894836296663,-0.30171300108041293,0.2896456887631914,-1.2244638357027204,-1.3310251429018278,-1.4693273852002382,-0.19554893590083341,0.7414286251489338,-0.0592520533999176,-1.206771275767887,2.180029710252426,1.6281183686241134,-0.76555472453303,0
1.3156174742354179,0.928672987719922,-0.8790386569529866,0.3052077222492148,1,0,0,0,1,0,1.006111760842926,-0.6065456940737333,0.712900890787381,-0.5546887228361942,-0.12414333857576182,-0.03780087823846573,-0.42896468147816214,-0.05543069513974246,-0.1620372061205653,-0.40975180163823416,-0.4047542996141992,0.4017875034998134,0.6573959250891738,-0.9122682552844659,0.6302703479228714,-0.5834222033770715,-1.2660224215408575,-1.170608323419971,-0.8569681418843186,1.3979208031972914,-0.31504185999773254,0.7074713672507419,-0.36477276032580386,-0.7018179125246418,-0.6166707746661074,-1.3979208031972914,0.8569681418843179,-0.8152827261747027,0.7161642658861095,0.33645085439443295,-0.031051760693324323,-0.5283573437412127,0.5421051509486824,0.4323198869208419,1.009431888773073,0.20179139169817292,-0.3040534310604773,0.6552175733882943,-0.0039613912850709025,-0.1921429132382052,-0.44848368660732285,0.2207718024881207,-0.6186874509066087,0.013711913318286572,-0.023255055489598248,1
-1.3315095485600683,-0.7462318004251005,-0.4445202009343899,1.7718540298733036,1,0,0,1,0,0,0.1480240445619179,-0.40477488288366886,-0.6431763394547153,0.343954189020247,-1.0141822520673316,-0.5771152685323878,-0.824326675413242,0.6985023590519499,0.4330769184540401,-1.2675897740095718,-1.333730547173861,0.1557999262469288,1.3961038198752085,-0.8308488924615405,-0.5128131610649282,2.1580179463219,-0.9796598946498367,-0.18309085869454675,-0.7279513648365089,0.9344658179137063,0.31607188474461195,-1.4724413761419006,1.576569261906829,0.7410180247983641,1.555162444295304,-0.9344658179137063,0.7279513648365081,-0.9545452942874786,-0.7848207026180125,-1.1646546961746211,-0.04397226118798574,-0.42594766232847037,-1.9152843659515075,-0.6279498401920818,-0.3747723420151606,-0.9144083514851348,0.25106641317809053,-1.3934507795363622,-0.11343998820836432,0.7025298110494701,0.9899810448113461,-0.6040308649486834,-1.6887851889968277,-1.6006945419875402,0.5953280020465953,0
-0.9717058755587404,-0.6689285025107157,-0.15484123025532542,1.7718540298733036,1,0,0,1,0,0,1.2837283749338404,-0.6425969629319004,-0.8094876978806327,2.638300065073556,-2.4717225081872276,-2.5331361169118365,-2.050709621361467,-0.33715770827736785,0.6539608815756455,-0.6478055542998349,0.5558149325898025,2.118426332517923,-0.34506154742157413,-1.7322400318430906,-0.47879423457476106,1.0069500780595904,0.2846266879959364,1.4910121872023547,3.1241209784480715,-0.20918429502488586,1.1207278188543843,-0.016886017886476753,0.11790128562143723,1.1573744625356428,0.7330965648891338,0.20918429502488586,-3.124120978448072,-1.5951531076062477,-0.18442671521636386,0.9914787310063841,1.428964795203394,1.5027680042781708,1.0146800580448727,1.4110304042558486,0.012804842605544792,2.00011320016017,1.1115021717478706,0.04820472807728505,0.20587258615124074,0.2357440418559006,0.7022880985276131,-0.12818317219668063,-0.04248097655033679,-0.15329565102369538,0.34789477903211874,0
2.4207287555966395,2.1397579883786295,0.5693561964423357,-0.4281154315628296,1,0,0,1,0,0,0.2363566035908452,-0.4414076238201935,-0.6687627022894718,0.3728866716943114,-1.1531482284226375,-0.6276480430789991,-1.1970472448469784,0.6000699940427218,-0.32682743210216036,-1.5966385656558224,-2.058548074271942,-2.2842774528043273,0.831143592697135,-0.28362935492865754,-0.48117555942907275,-0.055754719519697515,-0.5216060536545772,-0.3524395983900166,-0.663442976312604,-2.457487335248751,1.3811242237785997,-1.3056460112700867,0.3907559323147978,1.63974006166615,2.3321246449055786,2.457487335248751,0.6634429763126033,-0.11896988561082296,-0.25947596364157,0.7185504490847379,0.5762117625557528,0.32505666803163763,0.6051151385615076,-0.46483142063624716,-0.2086678343205727,0.3258135853852078,1.2225261405955843,-1.2416975682086098,-0.12256320461863823,0.09311505682453199,0.7530574419894479,0.5697267771729232,-0.4540570296619595,-1.32234860141757,0.40975308478573785,0
0.6731109153044746,0.5936920300909173,-0.8790386569529866,0.3052077222492148,1,0,0,1,0,0,-0.6974447347149578,0.6686225737643393,-0.041896812837936774,-0.30991991941360914,1.1479180738761603,0.75373019209341,0.1843353810286367,0.3668157568936611,-0.03753262272288492,0.7492928519444106,0.6385415933585231,0.06463407113607526,-0.3957173838108209,0.19997197141108783,-0.05252392916205352,-0.581771790126357,0.9253391793054737,0.17493791062240788,-0.07652239220166908,0.1640471410786609,-0.05651319690493387,-0.5560834573107132,-0.5333161906069457,-0.09469581229637845,-0.6593425237354458,-0.1640471410786609,0.07652239220166766,-0.06326485836571254,-0.3345252120667762,-0.8826288048555859,-1.0130097982875779,-0.6478353053894121,-0.5920746260821743,-0.46483142063624716,-0.4855086804782194,-0.728375060954584,-0.026493508941193386,-0.482931511569848,0.15113328768959466,-0.1532440991387405,-0.1777138548108673,-0.0012904541294803558,0.28677986593896093,0.4033962301162448,0.038603250264021984,1
-0.9717058755587404,0.15564000857606544,1.7280720791585935,1.478524768348486,1,0,0,1,0,0,-0.7479204827314877,1.1279855156667913,0.39307135535292426,-0.47772831892318285,1.725931180924437,1.236698302804385,-0.03565828376877965,2.2393862713118473,0.001001974794340088,0.009272168025495808,-0.7659899406823892,0.4543258734879657,1.505310762888612,0.6647123825548849,2.381784701295108,1.7338822995325984,0.290336915117288,-0.10880507059760813,-0.01835909107355938,0.6378546273322155,0.7137564921811013,-0.6876083081340288,1.7410147629485315,0.2753670142602803,0.889597463733597,-0.6378546273322155,0.01835909107355796,0.29881781872750485,1.6167552469885829,-0.9463120706373036,-0.018131260198663828,0.10316902497069583,-2.356354279241285,0.10608304780917345,0.12354118106860354,-1.1004416420156866,0.6674062963570164,-0.6346847228976005,0.041654690766301246,0.9359226956462544,1.0069041592986248,-0.9212626601166852,-1.1948939252628807,-1.0996718489615938,0.34789477903211874,1
0.4932090788038099,-0.7204640344536393,0.27967722576327125,1.478524768348486,1,0,0,1,0,0,0.4256406586528323,-0.4838550855402935,-0.7583149722111197,0.8502726358163745,-1.6739294488390202,-1.0292270832812727,-0.4416881599511483,0.4121134724819848,-0.439858168255474,0.19465112003114332,-0.26122339169129505,-0.8260829229149899,-0.3159274035790252,0.04027971466259601,-0.3686610193188225,0.5909193205624422,0.5298283486607892,0.5852470064821369,-0.653257441282515,-0.4787858038769716,0.6544251545834925,-0.9349551904782886,1.1951177804643247,0.2624076156649133,0.9109829956091695,0.4787858038769716,0.6532574412825142,0.38237535959517033,0.04072103005925432,1.3826759350940767,1.5323287991606835,1.7246556473391115,0.5106001571422693,-0.8726274695258333,-0.7069813574043363,1.6900577159425842,0.5008703430854462,-0.9381911455531051,-0.2959043164138529,0.3394742127878045,0.43151826673115745,-0.6040308649486834,-0.6186874509066087,-0.8769950965056176,-0.08511336124321738,1
0.8016122270906633,-0.1535731830814779,-0.15484123025532542,-0.4281154315628296,0,1,0,1,0,0,-0.5207796166571032,0.10459465775753113,0.21396681550962854,-0.4349082445655675,0.786493082980071,0.416546899985933,-0.08863393332123874,-0.23445738435660793,-0.6223384265178051,0.5974474123212916,0.7302331670266247,0.17958575073037833,-1.1284440372191546,0.14692734295124804,-0.46001783084239056,-0.18594997852962594,1.0897078354846594,1.1915130460159082,0.013895103188392356,0.23115255077283092,0.2700557117571602,-0.13903564643694963,0.6638956820358336,0.2734227262048165,0.21394169922920342,-0.23115255077283092,-0.013895103188393775,0.0759977097470634,-0.4846237089171882,-0.20030810005147043,-0.26362076959722697,0.17144214591252482,0.3530751881102058,-1.2804235184154193,-1.4267675574142176,0.139780294854656,0.4731143508735179,0.12408133374116129,0.826251302049903,1.078551680677623,1.142289075196852,-0.09645999267988113,0.2044646553166367,0.3477270420022505,0.6571863078002155,1
-2.076817156919963,0.3617821363477598,0.27967722576327125,0.3052077222492148,1,0,0,1,0,0,0.19849979257844777,-0.42687082186125513,-0.0035172685858019803,-0.33190860624589813,-0.14428949069422106,-0.07178752306627507,0.5128624994886611,-0.8143643054987785,0.39447847688772414,1.383878806457188,1.7308089896523946,1.7779255076727305,-0.9393296316603589,-0.22081815704675253,-1.175565048260168,0.3963951353073656,1.076570545646696,1.1711281936948637,2.3942546397204665,0.05028573960672956,-0.9337866906966027,-0.059914692387921915,-0.14092641022993502,-0.8020220626705735,-1.1067577150525747,-0.05028573960672956,-2.394254639720467,-0.48105256270404034,-1.3101654415944555,-1.2010451337641732,-0.8450432918569822,-0.42594766232847037,-0.9071245641463012,0.4323198869208419,-0.5408768497097485,-1.0384305451721696,-0.8036612908751883,0.12408133374116129,0.5708012425622179,0.4043055696202447,0.04228663352375219,-0.0012904541294803558,1.1922471827845313,1.3497724280541432,0.22417816752487937,0
0.544609603518286,-1.0039094601397194,0.27967722576327125,-0.13478617003801185,1,0,0,1,0,0,-0.5838743016777656,0.21332993641039003,0.16279408984011548,-0.40771171085194696,0.9012659350619028,0.47915387730031855,0.5439414504034981,1.4664723202838,-0.007873652126224009,1.139712261676493,0.05441420915013911,-0.6786386535145779,-0.4133761245999854,0.40924017561999154,1.1508631207097635,0.3592572711764303,0.6683333267055874,0.1104812572997342,-0.40749033797582196,-0.5214382267650228,-0.3474558662395059,-0.8598698717418282,0.37178245711861607,-0.8769698511223029,0.03712230743771509,0.5214382267650228,0.40749033797582124,0.10385022336961848,0.641115017460903,-0.9008240236503626,-0.5995537824584191,-0.32353798091572933,-1.2851844898232538,-0.5463906304141645,-0.4301405112466897,-0.5423417704240322,-0.5261013687559044,-1.0140677512169813,-0.9436526815433369,-0.6329961396987983,-0.9054077777638412,-0.3502454288142823,0.03983423407198747,-0.2089648391376897,-1.0748462533011267,0
-0.9203053508442651,1.0575118175772313,1.4383931084795292,-0.4281154315628296,1,0,0,1,0,0,-0.44506599463230834,-0.004140620895327772,-0.2593808969333673,-0.17625184945943148,0.26264890696126464,0.13302673129078654,0.6638725031551559,1.1431952508406487,0.1429218335398666,0.6275434722560806,0.12890062278608808,-0.06892264633244949,-0.47962099934110153,0.4340352000849422,-0.03904634031201068,0.8869489985985726,0.7035567291015357,0.5201199603572003,1.205075863690145,-1.2891818387499494,-0.4894480182416937,-1.6081871252006825,0.6959192721974604,-0.15013593612509038,0.34021878549851464,1.2891818387499494,-1.2050758636901457,0.6887530094432773,0.26586877533487285,0.9550882934168308,1.3256007912461045,1.605177685690913,-0.30852968182446,-0.13859458152457876,-0.6516131881728072,0.6358690696027934,-0.4150773999081907,-1.4693273852002382,0.269735101023162,0.5987996401175653,0.49921072468027106,-0.0012904541294803558,0.36909507656128593,-0.2089648391376897,0.10046155601764112,0
0.33900750466038404,3.067397563351258,-0.15484123025532542,-0.13478617003801185,1,0,0,1,0,0,-0.3188766245909836,-0.14369391970113599,-0.822280879298011,3.002849346766768,-1.7326682659056873,-2.4311761824284086,-1.2231212205605382,0.16564000204857973,0.24099791780533353,-0.9230720752378397,-1.5177325699875976,0.3669159052504341,1.8434948655172203,-0.8217528230211665,-1.435576542110725,1.9208517938942538,-0.6690366803679346,-0.24741362668803935,0.19616880564547262,0.30587169994287167,0.8796940929166306,-1.665475166598342,1.6008185795049859,0.5836055022513912,1.7315754220950592,-0.30587169994287167,-0.19616880564547334,-0.6760201580619267,-1.2351161931692491,0.6821600114951846,1.6615338041072958,1.2467438007463156,-1.0646495331783645,0.9216751455883455,0.8986955503100138,0.6358690696027934,0.16779843654230542,-1.772833807855743,-1.7921118076988587,-0.892321567028559,-0.6346379459673855,-1.4605567119022886,-2.1003612421084505,-2.2687247993554687,-1.5078543935764617,0
0.6474106529472365,-0.7462318004251005,1.4383931084795292,-0.13478617003801185,1,0,0,1,0,0,-0.3945902466157784,-0.05821752418257845,-0.4001058925245282,-0.06688706495146794,0.007244268444436941,0.006918391271809734,2.8394052155381915,1.1303313602755314,-0.5708353239145985,1.4353365225002064,1.0298265918205214,0.9412439810567194,-1.0192010853260294,3.7319362106016007,1.1688251240841683,-0.18383068929262433,2.223124660322375,2.0869500068832934,1.0460293195708634,0.24630538521990228,-0.21935538142247527,-0.38051191435872334,0.5956188967128114,0.26536531624523607,0.6986754837443393,-0.24630538521990228,-1.046029319570864,2.4713138812868096,0.41596727218528484,-1.410290149904103,-1.2714198081808024,-0.4942207832702994,-0.5605696322757617,-1.4435419379712537,-1.8697129112664523,-0.8523972546416179,-0.19302946221276363,-0.3311783002420958,0.0963939892279486,0.39133929825375646,0.4822876101929924,-0.0012904541294803558,-0.28942660841731066,-0.2089648391376897,0.16231986177126023,1
1.0843151130202777,1.2378861793774645,1.4383931084795292,1.7718540298733036,1,0,0,1,0,0,-0.571255364673633,0.17320836300372017,-0.3617263482723934,-0.11317903722997104,0.39619939409298316,0.22067649953092644,-0.278115926255256,0.8132260348751721,-0.44300001990949417,-0.689732600932912,-1.0853437438208735,0.6526500620612493,1.3955869560136236,0.9037158595966641,2.091370374947698,-0.7639460407184211,0.9873322029642716,0.14738843677059715,1.6167883223801933,-0.7133741297612541,1.2897092043000487,0.9789106766764728,-0.16209622844191166,1.910805957430038,1.5548961443991918,0.7133741297612541,-1.616788322380194,1.5243284181199328,3.042690967067499,1.892142061347817,1.1059522828368633,1.519836284513628,1.518759958947476,2.063504082479186,1.2309045656991897,1.5040244254120325,0.8894542340524437,0.5793409677244183,-0.7338187041070253,-0.6978274965312384,0.025363519036474696,-0.28679906978068154,-1.1948939252628807,-1.545025353873546,-0.3944048900113141,0
1.341317736592655,-1.158516055968491,-0.4445202009343899,0.3052077222492148,1,0,0,1,0,0,-0.7226826087232228,0.7122329796411544,1.9154599440209379,-0.6837275955625216,2.0837808118521486,1.076156125262496,-0.1233781102850695,-1.0672583239966271,0.464825054525588,0.541548664210684,1.6551544062347274,2.569536526190859,-0.8021550647112574,-0.6988152247084869,-0.9585663112608364,2.2129234762744012,0.17386261713994214,1.520131536361273,1.4363050701404856,2.0800314738454375,-0.5266876729324907,0.5045748556442318,1.58834325886131,-0.5591981125489718,-0.6676692152284609,-2.0800314738454375,-1.4363050701404863,-0.8709877534198129,-1.1600669447440433,-1.2920212277380552,-0.1473362651452761,-0.06751377738387422,-1.5057194464681423,-1.1173050988595852,-1.648240234340335,-1.0384305451721696,-0.5538573609678327,0.35171115073279,-0.2959043164138529,0.533968283285125,0.2622871218583729,-1.7777885070702906,-1.1125787146405561,-0.26463402725168356,-0.023255055489598248,1
-1.5114113850607322,0.23294330649045036,-0.4445202009343899,-2.334755631474145,1,0,0,1,0,0,0.2742134146032426,-0.45245559330898666,-0.68155588370685,0.42207189224022096,-1.2213973702664453,-0.6741560833696856,-0.02725673802760639,-0.009471754978745691,-0.770206206493984,-0.7523452765262589,-0.8401325166563021,-0.4348837977672221,1.188615525935168,-1.3698200863095666,-0.5829391322953001,0.15435928843628008,-1.7580860852791964,-0.6581223865920693,-1.2649401125490116,0.6614225707698917,-1.3308069324128124,-0.570975344850536,1.2080138848633648,-0.7269181361057064,0.4496850005754502,-0.6614225707698917,1.264940112549011,-1.17736540326792,-0.18442671521636386,1.4236151773823238,1.2997597902567817,0.39332978897346543,1.6447799341731264,0.3915402820318834,1.2585886503149546,1.6900577159425842,-1.3032691506898992,-0.7105613285614767,-0.6790794056453779,-0.010615114107371936,-0.29617565622181696,-0.5405845059150832,-1.5241547677521787,-1.4893561657595522,-0.8274130302866491,0
0.7759119647334253,-0.978141694168258,-0.8790386569529866,0.3052077222492148,1,0,0,1,0,0,-0.4955417426488382,0.06447308435086127,0.8408327049611636,-0.5726268620941142,1.0383310231270517,0.49212246545829846,-0.2210831119172187,-1.12426377521084,0.8054707913629512,0.48354163407036305,1.2479237767444071,-0.10127855476584897,-1.235974603660366,-0.6636973589829894,-1.8819486443987907,2.1415394920972948,-0.3086316081947368,0.7198364882524898,-0.946287449071263,0.8003845014165709,-0.355737132107809,-0.342207524427839,1.0509351050520963,-0.959267371685389,-0.9195818020642527,-0.8003845014165709,0.946287449071263,-0.6481676444393714,-1.760460932145692,-0.11842961547497735,0.9896677783849125,0.8029685146244333,-1.0646495331783645,-1.1988643086375024,-0.983822203561983,0.015758101167622184,0.08453045990652028,0.27583454506891375,2.094378383078048,2.4659427168918424,1.7853674257134342,0.09387908442092041,1.2745623934068555,2.017802685422071,2.389218868901558,1
-0.5605016778429365,0.7998341578626126,-2.327433510348309,-1.6014324776621007,0,1,0,1,0,0,0.059691485532990585,-0.35360533998820587,-0.4512786181940413,-0.029853487128665472,-0.5359099903805625,-0.24887583032696592,-0.362056321291774,0.022034530217411523,0.6737930105720207,-0.1742972866639752,-0.4901295888156031,0.5201775379118889,0.9331044268471551,-1.50937952939114,-1.82999895985575,1.6832778270067559,-1.5304671470541058,-0.7141823986922939,0.2181716668474233,0.4930801176436292,-1.0047061131068364,-1.8634958693159387,0.7704342637955792,-1.282120635077096,-0.06006763796843075,-0.4930801176436292,-0.21817166684742473,-1.4558905394934718,-1.760460932145692,-0.600602913536552,0.29196075167320634,-0.3576745413866426,-1.2851844898232538,0.6769975162545934,0.6218547041523672,-0.728375060954584,-0.8869292675109735,-1.6969572021918669,0.4704458620491997,0.8192262533478623,0.19459466390925928,0.6014499566897238,-0.20711139779498602,0.013711913318286572,0.34789477903211874,1
-0.4577006284139859,-0.7462318004251005,1.0038746524609323,1.7718540298733036,1,0,0,1,0,0,-0.5081606796529707,0.0667989726642914,-0.6431763394547153,0.343954189020247,-0.2909908775408106,-0.2144419928040538,2.6791387970392546,1.2148039375951318,-0.07775217081371558,0.808964841812229,0.5889739438059729,0.8020139653676046,-0.38064511622334163,3.5877532330655746,0.33431387727219575,1.367873364866086,1.2422095810173954,1.5005454746078024,0.5174554829923397,0.5806453452778549,-0.14056695748030426,-1.332448225247515,1.4808706367014917,0.13889444528998623,0.6992956259611295,-0.5806453452778549,-0.5174554829923405,3.5575619125664613,0.41596727218528484,0.30006041680488094,0.9896677783849125,1.519836284513628,-0.655084613695,-0.8726274695258333,-1.149926711256571,0.5738579727592754,-0.026493508941193386,-1.1658209625447336,0.4978155112800227,1.234146937075479,1.2269046476332444,-0.4771381468814831,-0.6186874509066087,-0.4316415915936655,1.0283361423219313,1
-0.6633027272718879,-1.5708003115118816,1.7280720791585935,1.478524768348486,1,0,0,1,0,0,-0.785777293743885,2.6485350005717434,0.36748499251816774,-0.47194182238836996,2.080740265303444,2.4016352735470607,0.8557236978723981,-0.3324855607168023,-0.3775143015432021,0.6596819868981663,0.10996687201829673,-0.7642426467474116,-0.27587471142501746,1.4244674577334988,0.010792833374643655,-0.009870590488620322,1.1135147642255405,0.6888660516481099,0.11065768597424898,-1.1520847651812123,0.23340646726320227,0.46715889001314037,0.5061557054885775,0.2129543740062599,0.5295813031792749,1.1520847651812123,-0.11065768597424969,1.4686233908748227,0.11577027848446049,0.33645085439443295,0.279040251178545,0.7346953936826055,0.06953024385249205,-0.13859458152457876,-0.2086678343205727,0.44983577907224165,0.5286263352973745,0.8828473903799233,1.1638103092300558,1.2860120225414318,1.3115202200696365,0.6966194952401235,0.9453015509175579,0.4033962301162448,0.904619530814692,1
2.1123256073097876,2.1397579883786295,2.8867879618748513,-0.4281154315628296,1,0,0,1,0,0,-0.596493238681898,0.26449947930585305,-0.6687627022894718,0.3728866716943114,-0.1669093092458605,-0.08475611122425496,1.9136694960715912,-0.09006685262715983,1.6381518230447591,0.02166532012294008,0.24581782766948632,0.43555285534095023,-0.3140501405908043,3.9994633969646123,-1.3399634724677445,2.6271268056391297,1.6648190139039092,2.5567114420063226,2.1871304084599306,-1.5751271636218847,1.3352126838390963,-1.2187264094857186,0.4006006600109284,1.6215375862272619,2.1765558844796367,1.5751271636218847,-2.187130408459931,4.14246469864012,-1.1600669447440433,0.5456958705343614,1.9199438140005203,2.697547620760161,-1.1591645145976028,-1.1173050988595852,-1.814344742034923,0.6978801664463103,1.5278420549267964,-1.0140677512169813,0.7167727051266096,0.8321925247143505,1.5145975939169787,1.0772976494417266,-0.5363722402842841,-1.1553410370755877,1.3994859768436472,0
-1.100207187344929,0.6709953280053031,0.27967722576327125,-0.8681093238500562,1,0,0,1,0,0,-0.6343500496942954,0.34823145858933796,-0.7199354279589849,0.6679979949697686,-0.25795211518239364,-0.24842863763186315,0.3141749436145585,-1.2169811168119085,0.4959925038321658,1.0580788038905369,1.6487607406878775,1.4461357415161575,-1.1085459451859023,0.37663161801409006,-0.9159932484833486,0.29739407231235726,1.5118985862175038,1.5138254391604788,1.7556215933338128,0.23115255077283092,-0.060542031957458824,0.7527228472375442,-0.37918600648688555,0.06977655506213656,-0.6655138134159644,-0.23115255077283092,-1.7556215933338135,0.02029268250195297,-1.0850176963188372,-1.0918738209955157,-0.7933612898783374,-0.22112829950298704,-0.7495995951142377,-0.5463906304141645,-1.2052948804881005,-0.9144083514851348,-0.22078545442469194,0.4275877563966659,-0.642586540004281,-0.723760039264214,-0.6515610604546642,-0.794369942049485,0.2044646553166367,0.3477270420022505,-0.45626319576493324,1
-0.9717058755587404,2.474738946007635,1.7280720791585935,0.3052077222492148,1,0,0,0,1,0,-0.7479204827314877,1.1279855156667913,-0.20820817126385424,-0.20286973351957077,1.2959828231618453,1.0242817726305766,-0.24125670965956486,2.0106778803351886,0.7230352394719954,-0.08384074272971175,-0.5164395073561806,0.19270988878582065,0.9967649717369822,0.23682584749402705,2.064579282022086,1.8449501078306234,0.4222707917517287,0.1614548304195025,0.0915777400728132,0.17200761631813533,0.5721069240032934,-0.6914682895728154,0.8655835378775432,0.5319799231864321,0.8290258699579728,-0.17200761631813533,-0.09157774007281391,-0.03541234474315745,1.391607501712964,-0.8917264142529749,0.08523274375862654,0.2567835470898098,-2.2933442916284594,0.10608304780917345,0.06817301183707392,-0.790386157798101,0.6396503041450882,-0.5588081172337243,0.3700904815361815,0.7803274392483975,0.9730579303240674,-0.15990635171348128,-0.4540570296619595,-0.4316415915936655,0.9664778365683122,1
0.4932090788038099,1.4697960731206219,0.27967722576327125,1.7718540298733036,1,0,0,1,0,0,0.4256406586528323,-0.4838550855402935,-0.2849672597681238,-0.17393725084550635,-0.5369393528380897,-0.23769601294939705,-1.9577458806432586,-0.3810063303379411,0.02815681512450251,-0.5501772622397618,-0.11758699187778072,-0.31241885068565506,-0.04209150956663304,0.3288369191206802,-0.5169897421389694,0.7508897831743143,0.7555997869062326,0.873783741640612,-0.11972941589683889,-0.30735587342307225,3.050863278871412,0.005034170997397772,0.716080507021473,1.492493801224201,1.0059486038839567,0.30735587342307225,0.11972941589683818,0.8001630639334981,-0.03432821836595151,1.7192874827974407,1.9328643144951818,2.2367040544028214,0.6681251261743327,-0.38327221085833024,-0.3747723420151606,2.2481575875342377,2.9156416655232156,0.04820472807728505,0.14201007127932075,0.4950694691856613,1.1084428462222957,-0.7626467625326843,-0.7833178721512579,-0.9883334727336057,0.2860364732784985,1
0.8016122270906633,1.572867137006469,-0.15484123025532542,-1.161438585374874,0,1,0,1,0,0,-0.5207796166571032,0.10459465775753113,-0.7071422465416066,0.5262288298668529,-0.49445511859747904,-0.3262401665797425,0.2905453816078379,-0.9546505951853709,-0.0075241437821088495,0.6524165447183485,0.6362858086780399,-0.05697983174773803,-0.9882817380360148,-0.13005040780628746,-0.3255266039039228,0.12004443267309146,0.6432967954994061,1.0276591949934728,0.28185302474922574,-0.3572520928766799,-0.533955260927315,0.9841824959648006,0.13091883440595614,-0.2434905709812074,0.17610647228582707,0.3572520928766799,-0.28185302474922647,-0.09111737198826762,-0.25947596364157,0.16359627584405784,0.2015172482105774,0.4616029099152932,0.5106001571422693,-0.7910682597479163,-0.983822203561983,0.5118468759157585,-0.27629743884854874,1.4898602356909325,1.2732889061533492,1.1563493088765513,0.9730579303240674,1.1724671879921262,0.8629863402952329,0.7374113588002092,1.1520527538291696,0
1.0586148506630406,3.067397563351258,-0.4445202009343899,-0.13478617003801185,1,0,0,1,0,0,-0.24316300256618875,-0.1797451885593031,-0.822280879298011,3.002849346766768,-1.8225728208667882,-2.458902129524779,-1.4493557573655411,0.2126064632204105,-0.93436726277927,-1.0082301742407336,-1.7109334643376348,0.45381713927153,1.6658704790884775,-0.5716732152563714,-1.3326459888433857,0.46481539049782966,-0.42744495532116117,-0.10919254652076914,0.8111642712127044,-0.18555039652161812,1.4441553209836802,-1.626824539814767,1.7444059905328027,0.9382068190755262,2.1176920291833405,0.18555039652161812,-0.8111642712127051,-0.45320004908148526,-1.1600669447440433,0.5002078235474204,0.6795757665130432,0.4616029099152932,0.1325402314653172,0.4323198869208419,0.06817301183707392,0.139780294854656,0.4731143508735179,-1.772833807855743,-2.0110690015454455,-1.047916823426415,-0.6684841749419423,-1.6508957890030895,-2.2649916633530998,-2.547070739925439,-1.6315710050837011,0
1.572620097807795,-0.5658574386248675,0.27967722576327125,-2.334755631474145,1,0,0,0,1,0,-0.81101516775215,4.8348700151960715,0.047655457083711085,-0.3492680958503368,2.338441860504369,3.9882749557716344,1.2945335092932202,1.404207452235965,-0.36765150922193374,1.78375353875474,1.694959684092237,1.0245079156361558,-1.3073883999167135,0.2523688254071428,0.15401465428690853,1.1432903415061186,1.0348626820934306,1.6376097167895418,1.7556215933338128,-0.3438975164935092,-1.5479164003362105,-1.7730302967192841,1.6514884642182899,-1.383583831786496,-0.60472344802939,0.3438975164935085,-1.7556215933338135,-0.03541234474315745,-0.18442671521636386,-0.9372144612399159,-0.2765412700918884,0.13730558544161034,-0.9386295579527137,-0.5463906304141645,-1.2052948804881005,-0.8523972546416179,-1.46980510396147,-1.6969572021918669,-0.3688900476960481,0.4950694691856613,-0.1269445113490324,-1.1433249167342867,0.6983559190505837,0.5704037944582268,-0.45626319576493324,1
0.4932090788038099,1.572867137006469,0.27967722576327125,-1.161438585374874,1,0,0,1,0,0,0.4256406586528323,-0.4838550855402935,-0.7071422465416066,0.5262288298668529,-1.407021030027518,-0.7787991740237302,0.5969399006280318,-0.933556042027319,0.5967548295580438,0.5073202920095367,0.2700229956473485,-0.051386928749975316,-0.6234509249158614,0.40788300689927753,-0.6567119216860292,0.9261641823264735,0.7573519189706324,0.9696878221615266,0.8063022000563537,-0.8697663470174435,-0.4225075683967501,0.6234553787097237,0.11492184089388695,0.06562021364874569,0.5956683049421728,0.8697663470174435,-0.8063022000563543,0.9951306592913848,-0.10937746679115769,2.064996639898192,2.3592408308190027,2.663411060289247,0.7941451013999841,0.5954383064766764,0.2342775195316623,2.4962019749083075,-0.22078545442469194,0.9587239960437993,0.9357298989731951,0.858125067447326,0.8376730144258402,1.1407440084753266,1.0276167615398821,0.6260729825722207,1.0901944480755505,1
3.063235314527583,0.3617821363477598,-0.15484123025532542,0.3052077222492148,1,0,0,1,0,0,-0.7983962307480176,3.01486240993699,-0.0035172685858019803,-0.33190860624589813,2.0333617545583516,2.5751460392469294,1.4454793146707583,-0.5621758368299564,0.7091505130434024,1.1876750591839214,1.9156327740688601,-0.7677088481452928,-2.32387946521012,1.2886813554139211,-1.2641099785003387,1.4878178030447358,1.0664540293183702,2.027972860663485,-0.33645217931212407,-0.7133741297612541,-0.7223389476572974,-0.49475364739766553,0.5256808994448771,-0.546994822532297,-0.5104956407045272,0.7133741297612541,0.33645217931212335,0.6887530094432773,-1.3852146900196616,-1.2374355713537264,-0.40574627503850064,0.017827623793410803,-1.1276595207911904,-2.0960156161945913,-2.2572900958871576,-0.6663639641110671,-0.6926373220274746,-0.482931511569848,-0.06782390615699217,0.20981149912292413,-0.025405824425361403,-0.6040308649486834,1.1099319721622063,0.793080546914203,-0.2706882785040748,1
1.2385166871637046,0.6452275620338409,1.7280720791585935,1.478524768348486,1,0,0,1,0,0,-0.34411449859924853,-0.11636473201833188,-0.4128990739419065,-0.055314071881842175,-0.08253450726282362,-0.04674473214052082,-1.873082018156207,-1.205935536830813,0.5657380641752773,-0.29402941109050024,-0.25474323123061854,0.28451435620483473,0.02444395590395992,1.2462567563866789,0.03557193395657343,0.5261816717095531,1.9391649964073736,1.94992285252963,1.465333844976243,-1.0652566185876786,3.8498112089042142,1.690819552683248,-0.2446210507638127,2.320057581194554,2.234898820702519,1.0652566185876786,-1.4653338449762439,1.357213336384602,0.19081952690966666,0.49111021415003275,0.705416767502365,1.5369045647490853,0.2270552128845555,-0.8726274695258333,-1.4267675574142176,0.9459245538203791,2.638081743403932,0.8828473903799233,-1.281211688723491,-1.1905458084577836,-0.36386811417093057,-0.3185222492974822,-1.4418395571298541,-1.8790404825575102,-0.5799798072721716,0
1.8296227213801723,-0.05050211919562982,-0.15484123025532542,-0.13478617003801185,0,1,0,1,0,0,-0.8236341047562825,5.134328135550201,-0.7966945164632545,2.597794589329866,1.048156237724814,1.9410267975912237,0.15533350710768645,0.10490866009975598,0.5763037144759451,0.06056175254408618,0.4481800772319896,-0.4737777895654288,0.08865248834288914,0.06653408473896581,-0.2585452164289325,1.312830864596524,0.9353874219692944,1.5864015827237101,0.8615353283924961,-1.500636647135627,-0.14951494934608814,-0.402995350458091,0.5314419260162455,0.8456991351887826,0.9661563270624406,1.500636647135627,-0.8615353283924969,-0.09111737198826762,-0.40957446049198204,-0.5642124759469986,0.14983524623193267,0.529876030857121,-0.8126095827270634,-0.709509049969999,-1.0945585420250417,-0.4183195767369984,0.1400424443303771,-0.02767187758659086,1.2641656897430753,1.3897421934733356,1.7176749677643206,0.664896315723324,0.03983423407198747,-0.5986491559356475,1.275769365336409,0
2.138025869667024,-0.978141694168258,-0.4445202009343899,1.7718540298733036,1,0,0,1,0,0,-0.6469689866984278,0.3720718138019969,-0.7711081536284979,1.1251312212199867,-0.5129993634100525,-0.5833759662638264,0.7767804110918144,-2.460020383598305,-1.291686298598475,0.8456310269985796,1.390596211269877,0.8348949077563413,-1.4056713768859987,1.513657825800799,-1.4869245857680085,0.2957949663041546,1.568745972136155,2.0387636105996982,1.4008254564523381,-0.2506245554141756,0.4322969940990718,1.8868867707930888,2.06302385670914,0.41314869042465213,0.1826126721700634,0.2506245554141756,-1.4008254564523388,1.6357384726101538,-1.3101654415944555,0.5184030423421971,0.6020527635450756,1.263812080981773,0.8886600828192224,-0.30171300108041293,-0.8730858650989243,1.3800022317249987,0.16779843654230542,1.33810702436318,-0.7429419205172992,0.3265079414213163,0.4822876101929924,-2.380528917889494,0.28677986593896093,0.18071947766026855,-0.6418381130257917,0
0.4932090788038099,3.067397563351258,0.27967722576327125,-0.13478617003801185,1,0,0,1,0,0,0.4256406586528323,-0.4838550855402935,-0.822280879298011,3.002849346766768,-2.319586941457557,-2.69278390906352,-0.2919458609243873,0.5004161053441402,-0.27572909166542015,-0.09794597717350922,-0.3999011466993902,0.5748989694218869,0.4731107509149755,0.6276187522758284,-0.8549928950697531,1.0843519901283565,0.8899107628591358,1.2211263420232574,0.9345219622652575,-0.14275387761029457,1.033067088633418,-1.5433499222474614,1.4666000808576065,1.01473897526249,1.7120832762822675,0.14275387761029457,-0.9345219622652582,1.4964759044973779,-0.18442671521636386,2.7928053916892486,3.1344708604986766,3.516825072062097,1.2352150146897614,0.4323198869208419,0.012804842605544792,3.3643573307175463,0.6674062963570164,-1.5452039908641146,-0.7520651369275744,0.04124997135858002,0.4484413812184362,-0.9847090191502859,-1.6064699783745033,-1.823371294443516,-0.20882997275045564,0
1.572620097807795,0.6452275620338409,0.27967722576327125,1.478524768348486,1,0,0,1,0,0,-0.81101516775215,4.8348700151960715,-0.4128990739419065,-0.055314071881842175,1.872821483587348,3.761101066659435,-2.686839951950081,-0.9841323190914392,0.7585592318370928,-0.6965302537143806,-0.2765978377190297,0.46629096874115533,0.5127328862275439,0.6335711575451548,0.0458992339724225,1.2708384622111326,1.250059733268752,1.9719801205071066,1.8207882307202055,-1.1698703314820218,4.369173193600841,1.3967333379395734,0.24009421352211208,2.18050526949642,2.2848455085690387,1.1698703314820218,-1.8207882307202063,0.438080386840281,-0.10937746679115769,-0.44594355378095224,0.24027874969456073,0.7517636739180628,-0.5920746260821743,-0.46483142063624716,-1.149926711256571,-0.17027518936292965,3.276469564278285,0.8069707847160468,-0.9801455471844351,-0.723760039264214,0.09305597698558829,-0.3819686083310823,-1.3595243465075295,-1.823371294443516,-0.20882997275045564,1
-0.9717058755587404,-0.05050211919562982,1.7280720791585935,-0.13478617003801185,1,0,0,1,0,0,-0.7479204827314877,1.1279855156667913,-0.7966945164632545,2.597794589329866,-0.23279196385273812,-1.1401308716667558,0.5567182537173574,1.4210602358160314,1.4533957385593264,-0.1288460636932405,-0.18020803191806878,-0.8630601351478122,0.6364277961101502,0.692057756638315,1.5248143707966162,2.46802931917312,0.6725327985804374,0.6404152900412242,-0.20147967785109497,-0.9772859963810728,-0.08263432765370517,-0.4229242074405571,0.49329078627274686,0.8409347303185708,0.8595201513588903,0.9772859963810728,0.20147967785109425,0.38237535959517033,1.0163612595869336,-0.7643598826895395,0.49868875958778525,0.76883195415352,-2.5453842420797614,-0.46483142063624716,-0.4301405112466897,-0.4803306735805153,0.3620903820258042,0.12408133374116129,1.8936676220520103,1.9213593194993455,2.242291516869952,1.0138512904081252,0.12214944469431245,-0.32030321536567735,2.018069034379841,0
1.572620097807795,3.067397563351258,0.27967722576327125,-0.13478617003801185,1,0,0,1,0,0,-0.81101516775215,4.8348700151960715,-0.822280879298011,3.002849346766768,0.2556084424433621,1.3976876730413768,-0.2180100942034594,1.1130186570466871,-0.025152920716290193,0.44119229530997106,0.4753416172269622,1.116914369045526,0.12426667204143876,0.2737404631694837,-0.026080828205607323,1.2976905269892207,1.4070035521814725,2.0650871992973623,1.8207882307202055,-0.28249761283093816,0.5766665883574812,-1.5537802377835528,1.3384387160738351,0.7991383097881193,1.3981883307951595,0.28249761283093816,-1.8207882307202063,0.24311279148239442,-0.03432821836595151,-0.018355912103706302,0.6537347655237203,1.2467438007463156,-0.37153966943728567,-0.46483142063624716,-1.149926711256571,0.2638024885416898,0.6674062963570164,-1.3934507795363622,0.44307621281837667,1.1044842234105985,1.4130589069933075,-0.2233527107470814,-0.9479482933959068,-1.1553410370755877,0.7809029193074537,1
-0.04649643069818187,1.572867137006469,-0.15484123025532542,0.3052077222492148,1,0,0,1,0,0,-0.7731583567397526,2.607831955086716,-0.8350740607153893,4.8140227621632015,-0.6144732347460667,-1.7147734848737954,-0.12960671823599634,-0.17499359245711138,-0.4047110026242858,-0.09257940642060379,-0.6516662398214326,-0.43214154698346335,0.2713053384407377,-0.029768066876397672,-0.4603361184791391,0.7480728347889698,1.051887704652376,0.9698606628314574,0.8763442106275502,-1.4585370472760366,0.15047739500802776,-0.2209704205365405,1.304994553579997,1.1681026471748428,1.7940781969446897,1.4585370472760366,-0.8763442106275509,0.4659329004628361,0.11577027848446049,2.0377038117060278,2.217115325377728,2.680479340524704,0.6996301199807459,0.35076067714292497,-0.04256332662598434,2.3101686843777554,0.22331042096616224,-0.1035484832504671,0.3518440487156324,1.0007540524786946,1.480751364942421,-0.15990635171348128,-0.4540570296619595,-1.0440026608476,0.6571863078002155,0
0.8016122270906633,0.6709953280053031,1.0038746524609323,-0.8681093238500562,1,0,0,1,0,0,0.8294466427850714,-0.5832868109394319,-0.7327286093763631,0.6679979949697686,-1.7097977765625407,-0.964831335186476,1.3739442105536395,0.2127897347944423,0.8116055788428573,1.6073438722403859,1.9980151043973051,1.323261788538052,-1.2309728993362745,1.6546718561845792,0.4592406862976,0.6752742166466074,1.9572232607485094,1.7324737775521946,1.2994551316290601,0.5159874767715705,-0.25717424798942023,0.16799664911138346,-0.4309065506933741,-0.23066879240905544,-0.9060940453141026,-0.5159874767715705,-1.2994551316290608,0.9951306592913848,-0.03432821836595151,-1.1919475243667854,-0.7158382869103699,0.017827623793410803,-1.2536794960168407,-1.0357458890816678,-1.5375038958772762,-0.9144083514851348,-0.22078545442469194,0.19995793940503753,0.13288685486904556,-0.11434528503927678,-0.194636969298146,-0.2550758902638815,0.2044646553166367,0.514734606344233,0.22417816752487937,1
0.7502117023761872,1.7790092647781635,1.0038746524609323,1.0385308760612593,1,0,0,1,0,0,0.47611640666936217,-0.5106028011447401,-0.7455217907937414,0.7519021947245554,-1.6222136664988283,-0.9737751890885311,-0.6427490849611291,0.007898729596486822,-1.2814541779005544,-0.5013327476592134,-1.0796162072403468,-0.0936698161883998,1.3564850113806945,-0.26505633588736793,0.6965048064242555,0.2601691668975979,0.4275287821097439,-0.34737465504911963,0.49988245718027835,-0.6235317921885499,0.6289170811308792,0.6869019708552666,2.013235712272418,1.1011984207413015,1.0644102049929265,0.6235317921885499,-0.499882457180279,0.02029268250195297,1.1664597564373458,1.273504622325418,1.2351572877834756,1.3832900426299712,-0.15100471279239655,1.247911984700014,1.0648000580046022,1.0079356506638961,0.5286263352973745,0.5793409677244183,-0.14080963743918734,0.8970238815467907,1.345366449044194,-1.8095116865870906,-0.9479482933959068,-1.266679413303576,0.038603250264021984,0
1.8296227213801723,0.7998341578626126,-0.15484123025532542,1.0385308760612593,1,0,0,1,0,0,-0.10435469552073157,-0.29952843670095514,0.8280395235437853,-0.5778347089754458,0.530040110655021,0.2162045725798989,-0.9095262603803044,0.08387980873085364,-0.019267565871501413,-0.5893428929370496,-0.6472788572408935,-1.5409301102875432,-0.013969175523291669,0.018773161212285925,0.4562665286820082,0.709006599989812,0.7822321942850899,0.5614614530815024,-1.3072103638266717,-0.8051695616290189,1.2834763268687612,0.3419501224002642,0.7388226646675418,1.5718122808064627,1.3896520448491707,0.8051695616290189,1.307210363826671,-0.09111737198826762,0.26586877533487285,-0.4004555067940112,0.007709740790658993,0.32505666803163763,-0.9701345517591269,-1.4435419379712537,-1.149926711256571,-0.17027518936292965,0.8061862574166584,-0.02767187758659086,-0.9254062487227878,-0.4514683405679659,0.1607484349347019,-1.1433249167342867,-0.9479482933959068,-1.32234860141757,-0.7036964187794109,0
0.5960101282327613,0.6709953280053031,0.27967722576327125,-0.8681093238500562,1,0,0,1,0,0,0.009215737516460692,-0.34023148218598254,-0.7327286093763631,0.6679979949697686,-1.2634139120131693,-0.7779047886335246,0.1495658257966693,-0.5191170213257493,-0.12698410159537846,-0.3533660825597168,-0.09831052087893602,0.0836942012162599,0.21349526447178205,0.015564305990077144,-0.43649438518896055,-0.5980439961398534,-0.5292518731609451,-0.9881442901840323,-0.3364521793121226,0.44783808336594555,-0.19242325044949396,0.27523391022631927,-0.4273850201039644,-0.04742231748674661,-0.836922080689204,-0.4478380833659462,0.33645217931212196,0.2152602778598393,-0.18442671521636386,0.8277217618533966,0.3565632541465125,0.12023730520615308,0.5421051509486824,0.6769975162545934,0.954063719541543,0.6358690696027934,-0.08200549336504998,0.4275877563966659,0.4795690784594736,0.1709126850234604,0.1438253204474232,-0.09645999267988113,0.28677986593896093,0.5704037944582268,0.47161139053935697,0
1.7782221966656961,1.289421711320388,1.0038746524609323,-0.4281154315628296,1,0,0,0,1,0,-0.7226826087232228,0.7529360251261817,-0.2849672597681238,-0.16757210465721217,1.048156237724814,0.7085637298880317,0.2561949729135661,1.1103745783339147,2.1030654394886006,0.6828291572822164,0.6735620233009628,1.7020522234103261,-0.4868369223758162,0.5686895667018428,0.606505225881379,2.2782238447300593,0.9447413343136989,1.1054321607274682,1.0614552385657117,1.2686578481181965,0.21198256807027024,-0.9164403345796066,-0.5855656560064867,0.014331196094252895,0.20357573139718813,-1.2686578481181965,-1.0614552385657123,0.4102278732177254,0.41596727218528484,-0.3549674598070702,0.821701271954316,1.2126072402754011,-2.009799347370745,-0.8726274695258333,-1.3160312189511594,-0.29429738304996345,-0.3040534310604773,-1.2416975682086098,-1.7921118076988587,-1.7480954772167696,-1.633101700716815,-0.7309235830158842,-1.4418395571298541,-1.1553410370755877,-1.3841377820692236,1
-1.460010860346257,0.7482986259196881,0.27967722576327125,1.0385308760612593,1,0,0,1,0,0,0.43825959565696476,-0.5030436641260921,0.46983044385719386,-0.5055035022902847,0.00796804768992184,0.0037880424060904513,-0.39980349975960017,0.2274343753595817,0.33087050606151996,-0.5187695965713183,-0.2483263224341096,-1.5324012421187798,-0.4542153045489543,-0.7726340480431484,1.211030517811834,0.7907118691681775,-0.22202619113483624,-0.6852539950123724,-1.4375436385994584,-0.6642742475994289,-0.21607033842341722,0.901022969950701,0.3422781065383937,0.48066688623694315,-0.34618077107611794,0.6642742475994289,1.4375436385994576,-0.968471551098756,0.3784426479726819,-1.5558519002623137,-0.9936290475455861,-1.0148033304517377,-2.0570568380803644,-1.2396439135264608,-0.8177176958673952,-1.565524868342065,0.0012624832707351544,1.2622304186993043,0.9630995482040194,1.0137203238451828,1.1761353041714093,-0.4771381468814831,1.1922471827845313,0.9044189231421907,0.6571863078002155,0
0.3647077670176212,-1.3131226517972627,-0.15484123025532542,-0.4281154315628296,1,0,0,1,0,0,-0.2810198135785862,-0.16986016322722503,0.11162136417060241,-0.3828297757522515,0.34847726108323646,0.16522460533818487,0.06399245471923788,-0.5329321959391246,0.3821381129881454,0.3763642493802105,0.3775679836522848,0.34608982318212517,-0.10839224405617487,-0.8517894839789475,-1.4270412179283904,2.185477294695027,-0.8114640756867242,-0.2577630808856354,0.02438743144227863,0.44783808336594555,-0.9400810820985848,-0.698112401197097,1.6737983123843228,-1.3130777068069472,-0.7425123494762705,-0.4478380833659462,-0.02438743144227934,-0.7874302125521474,-1.3101654415944555,0.11810822885711679,1.248077788278137,0.8029685146244333,-1.4742144526617298,0.6769975162545934,0.7325910426154264,0.20179139169817292,-0.9146852597229018,-0.7105613285614767,-0.23204180154193166,0.6376984542170299,0.025363519036474696,-1.2702176348014877,0.28677986593896093,0.5704037944582268,-0.332546584257695,1
1.8296227213801723,3.0416297973797954,-0.15484123025532542,0.3052077222492148,1,0,0,0,1,0,-0.10435469552073157,-0.29952843670095514,-0.15703544559434116,-0.2705717429768815,-0.04626096120858556,-0.02125474851966381,-1.4791692121138122,-0.3417409548090996,0.6921869620212702,-0.46524937372304165,-0.37828339470248123,-1.6682726964941486,0.14228649329369852,-0.22966562176479666,0.2745349632061437,0.9357602590079858,0.488740029429194,0.2709072568641809,-1.4375436385994584,-0.8495867060811616,1.8273416132153366,0.7440732847545847,-0.005893949555893056,1.1131481354927195,0.7562751484162521,0.8495867060811616,1.4375436385994576,-0.3974950218363748,-0.03432821836595151,-0.7916527108817039,-0.23777976860790415,-0.03337721691295973,-1.442709458855317,-1.3619827281933365,-0.983822203561983,-0.6043528672675491,2.33276582907272,1.2622304186993043,1.3553978538458196,1.143383037510063,1.5992131663533709,0.8552353928241243,-0.04248097655033679,-0.4316415915936655,1.3376276710900281,1
0.6731109153044746,-1.0039094601397194,-0.8790386569529866,1.478524768348486,1,0,0,1,0,0,-0.7100636717190902,0.6686225737643393,-0.16982862701171944,-0.25957739956073705,1.0988179331184689,0.7148244276194703,-1.1836706512841737,-2.6665321611570323,-0.21593864595071108,-0.2592759358130881,-0.22241882636717744,-0.24045277496813625,-0.11415545935562774,-0.2628991908186934,0.618938442168941,-0.3143825313035256,-0.03583125805427769,-0.7550735076603526,-0.3593320018427697,0.02843219803499119,1.3832370805297314,4.2799380190491,-0.02072876202222133,0.31473540006418144,-0.4480269496430262,-0.02843219803499119,0.359332001842769,-0.17467491285593337,0.7161642658861095,0.36374368258659734,0.13691474573727128,0.12023730520615308,-0.18250970659880966,0.18764225758709038,0.40038202722625016,0.2638024885416898,1.1670141561717275,3.7661584056072175,-0.2594114507727547,-0.23104172733766892,-0.093098282374475,-0.826093121566285,0.2044646553166367,0.23638866577426285,-0.332546584257695,1
1.2899172118781799,-1.5708003115118816,-0.4445202009343899,1.478524768348486,0,1,0,1,0,0,-0.2684008765744537,-0.17102310738394008,0.40586453677030254,-0.47194182238836996,0.5077234935847342,0.23319789499380358,-0.158779816591224,-1.0623661183846265,-1.0209841088832798,-0.1493198512434516,-0.39447804957457444,-1.214030653235329,0.004885680063809239,0.029395942256096742,-0.9292741592439236,-0.8593906413194199,-0.26788701209063764,-0.2818225309538235,-0.8963291925090734,-0.7668246343931154,0.25015927923985853,0.5272043847668474,0.5321147648050398,-0.06391068980986378,0.23769593521844892,0.7668246343931154,0.8963291925090727,-0.4253475354589299,-1.2351161931692491,-1.7559993070048545,-1.8270013294512357,-1.808478361400488,-0.7180946013078251,-0.8726274695258333,-0.5962450189412776,-1.4725082230767892,0.5008703430854462,0.8828473903799233,0.9995924138451164,1.1563493088765513,1.0576735027604598,0.47455723862252236,0.8629863402952329,0.514734606344233,0.7190446135538346,1
-0.020796168340944693,-1.4677292476260335,-0.4445202009343899,0.3052077222492148,1,0,0,1,0,0,0.33730809962390496,-0.46292209071942225,0.43145089960505906,-0.49798105679502797,0.04302172853524987,0.028830833331844715,0.20195860622940118,-0.669413240269134,0.43666064052844894,-0.6371958117968903,-0.12290438336740746,0.9285502225591514,0.4399159857432922,-0.38855952008361483,-0.16633703089812907,0.8724900829668264,-0.7614648876048619,-0.43239706123357974,-0.8989374548998709,2.1579869790623674,-0.6690724523899316,0.7521578943891125,0.2798386669383871,0.10575488542181287,-0.26236985329709916,-2.1579869790623674,0.8989374548998709,-0.09111737198826762,0.26586877533487285,1.3917735444914656,1.7132158060859415,1.2467438007463156,0.25856020669096863,0.18764225758709038,0.7325910426154264,1.2559800380379649,-0.9146852597229018,-0.02767187758659086,-1.7191260764166634,-1.3461410648556402,-1.2269469530221315,-1.6826189685198898,-1.6887851889968277,-1.0996718489615938,-1.4459960878228426,0
0.7502117023761872,0.5163887321765315,1.0038746524609323,0.3052077222492148,1,0,0,1,0,0,0.47611640666936217,-0.5106028011447401,-0.4896581624461761,-0.03969053123784738,-0.8519824882876667,-0.3620155821879628,0.0898850138042444,1.309072550414918,-1.0891063560175738,0.16411475925518892,-0.7887291366855799,0.0047977535247640144,0.7006832186088836,-0.22141223995650097,0.7147916940763545,0.5249001423245084,0.41720237405215055,-0.18705387283632754,0.42176776227307794,-0.41176056791003435,-0.3462198010823333,-1.0806805303046452,2.0163188958143086,0.19198228052963626,0.8427648067192681,0.41176056791003435,-0.4217677622730786,-0.06326485836571254,0.9413120111617277,0.6821600114951846,0.8733832739329616,1.0248561576853752,-0.5920746260821743,0.6769975162545934,0.5111183656893089,0.5738579727592754,-0.4150773999081907,-1.0899443568808573,-0.40538291333714505,0.6376984542170299,0.6853649840403343,-1.397110352868688,-0.5363722402842841,-0.7656567202776299,-0.1469716669968365,1
1.110015375377516,-0.1535731830814779,-0.15484123025532542,-0.4281154315628296,1,0,0,1,0,0,0.03445361152472564,-0.3454647308912004,0.3035190854312764,-0.45631828174437516,0.17088020305185966,0.08696588369520282,-0.30308371017439,-0.5831248819853005,-0.516327737294553,-0.07501425003315611,-0.1563546774995186,-0.8406504832308156,-0.4323538135154166,-0.6098633640744437,-1.2103938959065106,0.09255901176589347,-0.007833906738159526,-0.11190341442888846,-1.1234618125076608,-0.032311248161723795,-0.18792301070932066,-0.4121888331340983,0.798850194430902,0.09357144445740637,0.09401683441307888,0.032311248161723795,1.12346181250766,-0.7595776989295921,-1.3101654415944555,-1.0463857740085747,-0.8450432918569822,-0.801449827508525,-0.9071245641463012,-0.8726274695258333,-0.4855086804782194,-0.6663639641110671,0.16779843654230542,0.04820472807728505,1.5743550476924053,1.8305954199339287,1.7684443112261554,0.2524949820049213,1.1922471827845313,1.2941032399401495,1.646919199858125,0
1.0329145883058024,0.7998341578626126,-0.7341991716134544,1.0385308760612593,1,0,0,1,0,0,-0.19268725454965888,-0.2442885892569894,0.8280395235437853,-0.5778347089754458,0.6147059925267069,0.2586878786146606,0.37359318507293154,-0.6284934850690694,-0.834379057961378,0.21426439061444807,0.18397353956948062,-0.5649424579462897,-0.4802314848195709,2.0236506305883357,-0.7046764917717088,-0.3358366916863597,1.5603062586644938,1.3731738172214045,0.12355936367902995,-0.8930588049066626,1.502517448025421,0.1566975921427618,0.8031406369193942,1.2577156083925038,1.1014623541978465,0.8930588049066626,-0.12355936367903066,1.7750010407229295,-0.7097714541928067,-0.2185033188462471,-0.354064273059855,0.2567835470898098,0.3215701943037938,-1.1988643086375024,-1.3713993881826885,0.38782468222872474,0.8894542340524437,-0.2553016945782196,-1.1443634425693747,-0.62002986833231,-0.1269445113490324,-1.3653871733518879,-0.8656330827735822,-1.266679413303576,-1.0748462533011267,0
0.31330724230314594,-1.8284779712265005,-2.0377545396692445,1.0385308760612593,1,0,0,1,0,0,0.3877838476404349,-0.4716441718947853,-0.5920036137852022,0.15357845302490303,-1.0185881393587246,-0.4814160317803984,-1.5927709055995336,-0.283323650969402,-0.06901074323619344,-1.8352906613826765,-1.1653251453764348,-1.5331191934081234,-0.08698330618621826,-1.4401593699806472,-0.10853275344407169,0.7325339904018301,-1.8178310679179939,-0.9546426971964495,-0.5702641928891875,-1.5254106424376193,0.7757964429745616,0.2801448726482659,0.8304660129225784,0.676829110949023,0.5829569742247056,1.5254106424376193,0.5702641928891868,-1.3723329986258064,-0.18442671521636386,-0.2548937564358004,0.14983524623193267,-0.596630464683041,-0.34003467563087314,0.2692014673650073,0.6218547041523672,-0.10826409251941274,0.5841383197212315,0.12408133374116129,-0.3688900476960481,0.09311505682453199,0.36382580878204385,-0.9529858396334858,1.1922471827845313,0.45906541823023866,-0.5799798072721716,0
0.5960101282327613,1.9336158606069351,0.27967722576327125,1.0385308760612593,1,0,0,1,0,0,0.009215737516460692,-0.34023148218598254,1.096696333308729,-0.6125536881843231,0.5322692938129144,0.21173264562887137,-0.59638184943544,0.2278380735026281,-0.8077453579995533,0.01467619308384205,-0.4063956930499087,-0.28515815433786723,0.29926391282367226,0.30434057369709977,-0.48644849303504845,-0.7001809245722216,-0.07550475469129977,-0.4747686995294852,0.18032674558006626,-0.567767582660665,1.1333769944864103,-0.8000283277195522,0.4006006600109284,-0.09469581229637845,0.06481507572484242,0.567767582660665,-0.18032674558006695,0.32667033235006016,-0.40957446049198204,0.17269388524144552,-0.22485926811324272,-0.23819657973844427,0.3530751881102058,0.35076067714292497,0.2896456887631914,0.015758101167622184,0.7229182807808735,-0.9381911455531051,-0.8250508682097696,-0.5162996974004062,-0.5161761445564365,-0.794369942049485,-0.37174181903963527,-0.6543183440496418,-1.136704559054746,1
-0.9974061379159777,0.33601437037629844,1.4383931084795292,-0.13478617003801185,1,0,0,1,0,0,-0.15483044353726144,-0.263477167842788,0.57217589519622,-0.5327000360039053,0.4689229687749207,0.20904948945825483,0.7980213650915143,3.5604914880512792,-0.02941041387455655,0.4144317277125337,-0.3227292217903249,-0.020395826762111536,0.22956177073886372,1.2747048779482448,4.582238347360055,0.03153338638555675,0.46440674188104863,-0.46972659960934277,0.3041828515459622,-0.3295023237687902,0.16400196050276816,-0.29650052095803964,0.07189303327051146,-0.09937275165254263,-0.03903280535187409,0.3295023237687902,-0.3041828515459622,1.217950768271826,4.318528190296002,0.08171779126756346,0.08523274375862654,0.2738518273252659,-0.7811045889206503,0.5138790966987595,0.40038202722625016,-0.17027518936292965,0.7229182807808735,0.35171115073279,2.167364114360243,1.8824605053998806,1.7176749677643206,1.489698983160128,1.1099319721622063,1.0157572993701793,1.5850608941045057,1
0.004904094016293398,0.18140777454752677,1.7280720791585935,1.478524768348486,0,1,0,1,0,0,0.5139732176817596,-0.5146731056932429,0.29072590401389814,-0.4516890845165249,-0.1251945399174714,-0.04674473214052082,-0.21761826527170017,0.7175012135351303,-0.4257936129491339,-0.30922816179302465,-0.763915351415925,0.2430944786495865,0.7363102456411723,0.3650178681505427,-0.02784052572136814,1.2106891280090837,0.07932322414286487,0.33268157817096855,0.6912331826893887,-0.3540047794704373,0.6673250482579143,-1.012682960394731,1.7986999483066657,0.4964028480580827,1.3179261802009363,0.3540047794704373,-0.6912331826893894,0.605195468575612,0.26586877533487285,0.9186978558272787,1.4806467971820387,1.4515631635718003,-0.30852968182446,0.2692014673650073,-0.04256332662598434,1.069946747507413,0.7506742729928018,-0.8623145398892288,0.42482977999782756,1.3378771080073837,1.4976744794297,-0.5088613263982832,-1.0302635040182315,-1.266679413303576,0.6571863078002155,1
0.8016122270906633,0.0010334127472937634,-1.6032360836506476,1.7718540298733036,1,0,0,0,1,0,0.08492935954125552,-0.3803530555926524,0.5082099881093286,-0.5095540498646537,0.24040506095901343,0.10127604993849096,-1.2002782954574553,0.25588524198654033,-1.2170108121513794,-0.49169200798420626,-0.5080038731784727,-0.5419164112033158,0.4242719461058994,-0.8017050404373144,-0.044254605339904364,-0.4939019709315613,-0.27025244987048175,-0.09455009487460525,-0.2763926451691775,-0.4649864905896614,0.8679619576443112,-0.39554381719861226,1.1673707012527603,0.39626647832605755,0.568120150149543,0.4649864905896614,0.2763926451691768,-0.7874302125521474,-0.10937746679115769,-0.20030810005147043,-0.4186667755331612,-0.4942207832702994,0.3845801819166189,-0.30171300108041293,-0.2086678343205727,-0.29429738304996345,1.1392581639597994,-0.1035484832504671,0.9630995482040194,1.4934723644052397,1.5992131663533709,-0.2550758902638815,0.12214944469431245,-0.09762646290970158,1.275769365336409,0
-1.1259074497021662,0.18140777454752677,-0.8790386569529866,1.478524768348486,1,0,0,1,0,0,0.2742134146032426,-0.4466408725254113,0.29072590401389814,-0.4516890845165249,0.003493391301990192,0.00557681318650147,-1.2881363411678142,0.6034067292561934,-0.8726678684950102,-1.2290836393340925,-1.808705671687407,-0.0495611486111235,2.04970853708491,-1.0589881476146976,-0.15297107038683835,0.6397347413385902,-1.0836544492257265,-1.0089797101954305,0.36728888379760893,-0.4318681387001143,0.7330564596892724,-0.9814377328264521,1.835837930041353,0.5858795009112715,1.3663336512589543,0.4318681387001143,-0.36728888379760966,-0.9266927806649233,0.04072103005925432,0.6093791363160792,0.8733832739329616,0.3421249482670949,-0.34003467563087314,1.3294711944779316,1.2309045656991897,0.2638024885416898,0.8894542340524437,-0.7864379342253526,0.6437869738444144,1.571269992604168,1.7684443112261554,-0.44541496736468245,-1.1125787146405561,-1.378017789531564,0.904619530814692,0
-0.14929748012713334,0.0010334127472937634,1.0038746524609323,1.7718540298733036,1,0,0,0,1,0,1.081825382867721,-0.6170121914841689,0.5082099881093286,-0.5095540498646537,-0.24238928260004716,-0.08073137696833017,-1.1196992337174148,1.051925504766934,-0.543420245020602,-0.8817503751034343,-1.1730915258743724,-0.7363653796452879,0.9405604689068299,-0.3322180252859418,1.1200591585752424,0.460089230468732,-0.5341139182282777,-0.7668218167137854,-0.611077343275553,-0.39825548305102343,1.2250207045254247,-0.32175009078083855,1.205218985413974,0.6615696525670756,0.7764241826612033,0.39825548305102343,0.6110773432755515,-0.09111737198826762,1.5417059985633763,1.091552434377654,1.1963957862994923,0.8883099158017184,-0.08799472517957138,0.4323198869208419,0.8433273810784847,0.8219023601333442,1.7221340004102954,0.12408133374116129,1.4831228835896608,1.9991569476982738,2.2253684023826743,-0.0012904541294803558,0.03983423407198747,-0.15329565102369538,1.770635811365363,0
1.0072143259485644,1.0832795835486928,1.1487141378004646,1.478524768348486,1,0,0,1,0,0,1.3594419969586353,-0.644341379166973,-0.6175899766199587,0.1952412280755558,-1.469131312376683,-0.6464301362733148,-0.6912586398481991,-3.366751663582334,2.3298923336747297,-0.24623928064449077,0.7902525419985342,-2.0521531036476346,-0.9277057536904167,0.22760282423649283,-2.621986603455321,2.3799277965465993,0.9664521051240533,1.3191963482813538,-1.4375436385994584,-1.3731537963108016,1.1886300260247915,1.9943236965243654,-0.7934429558209609,1.290970745928559,0.2605714653828512,1.3731537963108016,1.4375436385994576,-0.20252742647848845,-2.435904167972547,-1.4648758062884317,-0.25070026910256554,0.13730558544161034,-2.450869260660523,-1.85133798686084,-1.648240234340335,-1.720552610450858,2.193985868013078,3.4626519829517126,2.77861961384863,1.791696605834465,2.343830203793623,2.0607162144625315,2.180029710252426,1.461110804282131,2.451077174655176,1
0.13340540580248203,0.38754990231922204,0.714195681781868,-0.4281154315628296,1,0,0,1,0,0,0.45087853266109723,-0.5053695524395223,0.36748499251816774,-0.46441937689311324,-0.05120778008907436,-0.029751409726616142,-0.9586059699629613,-0.9203891113392921,1.001743397625645,-1.2556317171028475,-0.7838118471413339,0.4900456565933637,1.4650356532027404,-0.750859029901918,-0.0016203610962644702,0.4305090512139014,-1.0799409890444212,-1.1547297739627964,-0.3364521793121226,1.002053003267564,0.5827154407142273,1.2616396976789104,-0.936796704821381,0.6254264447868505,-0.10837508513564967,-1.002053003267564,0.33645217931212196,-0.7595776989295921,-0.10937746679115769,-0.31857702221751816,-0.05689276168264715,-0.47715250303484213,-0.8756195703398886,0.6769975162545934,0.954063719541543,-0.4803306735805153,0.8894542340524437,1.717490052682561,1.1181942271786838,0.39133929825375646,0.6345956405784983,1.1407440084753266,-0.7010026615289333,-0.32030321536567735,0.8427612250610729,0
-1.1259074497021662,0.9544407536913834,-0.8790386569529866,0.3052077222492148,1,0,0,0,1,0,0.2742134146032426,-0.4466408725254113,0.7001077093700027,-0.5598965697175259,0.20374879010862387,0.0892018471707166,-0.5774403714127849,-0.5869979687499449,0.7969281499191935,-0.31077955416378916,0.07868840710463809,1.2447083307008513,0.3981407260053821,-0.9552775675542861,-0.4484109185491913,0.7696415093435536,-1.0487162589764454,-0.6337621274869679,0.739614474082317,0.9640930772469049,-0.15155719690133784,0.3564649193479896,-0.3160119852445289,-0.62004596273172,-0.72104414877864,-0.9640930772469049,-0.7396144740823177,-0.7874302125521474,-0.18442671521636386,0.8732098088403377,1.183475285804831,0.6322857122698633,0.06953024385249205,1.3294711944779316,1.009431888773073,0.5118468759157585,-0.1375174777889068,0.35171115073279,0.05990112358685037,-0.11434528503927678,-0.3469449996836519,0.062155904904119784,-0.28942660841731066,0.18071947766026855,-0.023255055489598248,1
-0.14929748012713334,0.4133176682906843,1.0038746524609323,-0.13478617003801185,1,0,0,1,0,0,1.081825382867721,-0.6170121914841689,0.188380452674872,-0.42275660184246044,-0.41756314523130045,-0.14781028123374337,-1.1027334963760078,0.3481172108980638,1.263289590333514,-1.3727232872422164,-0.9117439898824441,-0.043304999722062656,0.7824671162882441,-0.43945746763375215,0.9007580113536584,0.4331924551162247,-0.7136622967862212,-0.9735549072508516,-0.6949470730335814,0.6301771912123648,1.0942770465302343,0.42455780505026486,-1.2916425499670106,1.146805283248545,0.23482496054563531,-0.6301771912123648,0.6949470730335807,-0.20252742647848845,1.3165582532877582,1.1097476531724306,1.1963957862994923,0.8029685146244333,-0.11949971898598452,0.4323198869208419,0.8986955503100138,0.6978801664463103,1.194770148383656,0.5793409677244183,0.48869229486974886,-0.2958730841701091,0.1607484349347019,1.0138512904081252,-0.4540570296619595,-0.2089648391376897,0.7190446135538346,1
0.8016122270906633,0.7225308599482267,-1.6032360836506476,-0.4281154315628296,1,0,0,0,1,0,0.08492935954125552,-0.3803530555926524,1.0455236076392158,-0.6079244909564728,0.4583721288699724,0.17729880810595924,-0.22642713995335703,0.05521834130301505,-0.5183188922170745,0.4180128085435546,0.8371501381989815,0.6979596872565464,-0.6888460903868805,-0.9185421691056994,0.380469449819994,-0.27069922325205764,-0.2084281516353014,-0.040980470844095514,-0.6862106428504532,1.6325091290815739,-0.6029440625653006,0.30535703625196087,0.43653267621166764,-0.7713821237142724,-1.128345633472256,-1.6325091290815739,0.6862106428504524,-0.8152827261747027,0.491016520610491,0.381938901381374,0.17567624722125458,0.08610074473523979,0.6366201323679207,-0.38327221085833024,-0.09793149585751397,0.38782468222872474,-0.6093693453916895,0.19995793940503753,-0.22291858513165644,0.028283699992091807,-0.2792525417345383,-1.0481553781838862,-0.28942660841731066,0.6260729825722207,-0.023255055489598248,1
1.0329145883058024,0.38754990231922204,-0.15484123025532542,-0.4281154315628296,1,0,0,1,0,0,0.5013542806776271,-0.5129286894581703,0.36748499251816774,-0.46441937689311324,-0.07652925409015478,-0.035564914762951955,0.12529053495645484,-1.0721565144873293,0.19962516006880998,0.11221876861907057,0.3326700566859963,1.2745075452051104,0.49917712501618244,0.6642582105812859,-0.2623341839996988,-0.6154364836562237,0.6534401808926037,0.22920065608442775,1.2301640235220075,0.5182145811312309,0.4894994385303296,1.208767836924842,-0.8913485949027948,0.4963397811969906,-0.20871753615029262,-0.5182145811312309,-1.2301640235220082,0.8558680911786088,-0.03432821836595151,0.7276480584821255,0.26611975068388355,0.529876030857121,0.8571550890128092,1.0847935651441794,0.5111183656893089,0.5118468759157585,0.9727222106882286,1.9451198696741894,1.7112032938465216,0.8840576101803024,1.0576735027604598,1.5214221626769286,-0.12479618717266176,0.1250502895462747,1.2139110595827887,0
0.9558138012340891,0.9544407536913834,0.27967722576327125,-0.13478617003801185,0,1,0,1,0,0,0.7032572727437467,-0.5652611765103484,0.815246342126407,-0.5766774096684832,0.03555374189973688,0.010943125527734526,0.7523890051525276,1.3526361841976442,-0.870064031212542,0.4888160647512364,-0.0608360489856016,-1.031550963438826,-0.6851653368480805,-0.14984505209544724,0.12018759493549012,-0.25273948788802414,-0.813121216787405,-0.9506617022244765,-0.5702641928891875,-0.8413313984254093,-1.1959386373270957,-1.7361343183498301,0.9354278667609592,-1.4666360473357016,-0.8490462777502336,0.8413313984254093,0.5702641928891868,-0.09111737198826762,0.19081952690966666,0.2454747604205509,0.07231224326396513,-0.2552648599739003,0.06953024385249205,0.2692014673650073,0.6218547041523672,-0.046252995675895824,-1.053465220782544,-1.5452039908641146,0.6985262723060605,1.1174504947770867,0.36382580878204385,-0.0647368131630805,2.0153992890077768,1.6281183686241134,0.10046155601764112,1
-0.48340089077122306,-0.5916252045963298,0.27967722576327125,-0.4281154315628296,1,0,0,1,0,0,1.031349634851191,-0.6094530544655209,0.7512804350395157,-0.570312263480189,-0.11723676078130148,-0.027962638946205126,0.018177755615629374,-0.48623814009394917,-0.8513133437420323,-0.04240045993618472,-1.3216894180738281,-0.5750288292630745,1.4273160625291808,-1.0092492221308054,0.0570038576453789,0.18015692641595502,-1.665986896657542,-2.5070102184593326,-1.8132101364739617,1.0140489972048288,-1.0337065428114187,0.7244823200911593,1.3448141968414795,-1.5946838026060417,-0.7293465538693684,-1.0140489972048288,1.8132101364739601,-1.17736540326792,-0.5596729573423944,-1.82878018218396,-1.4781478160953823,-1.9108880428132304,-2.2933442916284594,-0.22015379130249568,0.8433273810784847,-1.4104971262332722,-0.9023492631842669,0.9165703262305349,0.5819518403969989,1.2384690275309755,0.40519342197316827,-0.25860068798797037,-0.2985727429309022,0.1992758736982665,0.4372456651206797,1
2.9861345274558704,0.18140777454752677,-0.4445202009343899,1.478524768348486,1,0,0,1,0,0,0.6149247137148194,-0.5425837654544045,0.29072590401389814,-0.4516890845165249,-0.17265849126978994,-0.06820998150545304,-1.1157258190250456,0.30766409081434853,-1.3101708025939796,-0.27138810893246607,-0.8019668132602138,-0.17519638119148498,0.5332972152112694,-0.645404320196618,-0.21695625285632134,0.025273503438368268,0.12629766326756964,0.13454617313828043,-0.37315522795503414,0.13114384342216406,0.9065635189588507,-0.6396206314520854,1.8164448117158518,0.4918624276124627,1.1739542851185771,-0.13114384342216406,0.3731552279550334,-0.17467491285593337,0.5660657690356972,2.5835603755493204,2.204194824883068,2.1684309334609937,1.833809897011603,-0.05703537174666111,0.12354118106860354,2.4962019749083075,1.2225261405955843,-0.3311783002420958,1.0817013615375868,1.9861906763317847,2.1238297154590033,-0.28679906978068154,-1.0302635040182315,-1.0996718489615938,1.4613442825972665,0
3.7057418734585257,0.7225308599482267,3.176466932553916,-0.4281154315628296,1,0,0,0,1,0,0.6906383357396142,-0.5635167602752758,1.0455236076392158,-0.6079244909564728,0.12572420586152297,0.03643310914859154,2.664357288999633,0.7071709764785212,0.10549230224647065,2.5017487743762143,2.714274193739693,1.5131230346304725,-2.4052951728259684,3.082107123317602,1.3088569408604154,0.5519260976190562,2.471866980444572,2.268859870598754,0.8164553486475558,1.2539688759501186,-0.6252485457432065,0.3405697924406816,0.41042098937324045,-0.9286402101705429,-1.3135893201610798,-1.253968875950118,-0.8164553486475564,3.111921694605578,1.391607501712964,0.3728412919839863,0.6149732640397371,1.673450806632741,0.006520256239666901,-1.6066603575270884,-1.980449249729511,0.5738579727592754,-0.6093693453916895,0.27583454506891375,-0.10431677179808911,0.11904759955750843,-0.2623294272472596,-1.016432198667086,0.2044646553166367,1.0157572993701793,-0.08511336124321738,0
2.4207287555966395,1.0575118175772313,0.5693561964423357,-1.161438585374874,1,0,0,1,0,0,0.40040278464456736,-0.46757386734628253,0.815246342126407,-0.5789920082824084,0.1797517006972524,0.08786026908540832,0.270707005823036,0.17876167601895507,-0.7264086095461064,0.6802885390154864,-0.1292242653549408,-0.9159417434566295,-0.3587201346274919,-0.439663655614295,-0.6407053876909862,-0.09434497482556947,-0.46470866265125843,-0.12987410601656743,-0.2611143426240418,-0.9902652685099163,-0.815731425627077,-0.8872006027649216,0.8982173029769884,-1.3798230827022357,0.0412010872629526,0.9902652685099163,0.2611143426240411,-0.09111737198826762,-0.18442671521636386,1.6828970452078873,1.3643622927300878,1.0760609983917457,1.550264952753888,0.18764225758709038,0.34501385799472056,1.3800022317249987,-0.713454316186421,-0.7484996313934147,0.37921369794645543,0.806259981981374,0.13959454182560382,0.6093807515689234,0.8218287349840708,0.3616443390307492,0.3169656261553086,1
-0.1749977424843705,2.4232034140647105,-0.4445202009343899,0.5985369837740325,1,0,0,1,0,0,-0.0412600105000692,-0.32685762438375926,0.39307135535292426,-0.46268342793266937,0.27954843187140005,0.10619516958462126,-0.05429213935535362,-0.5637791396401747,0.7313277352752499,0.5182633978588546,0.5204208210762554,0.12876569454468806,-0.5059828397304803,-0.4485947935696906,-1.5546940181493394,0.9949964421322133,0.22603015174132512,0.665133736262822,0.3210111268130686,-0.14275387761029457,-0.37273609071278313,-0.7836537758726605,1.2595350637697265e-4,-0.47601278563562055,-0.027198919827612314,0.14275387761029457,-0.32101112681306926,-0.11896988561082296,-1.2351161931692491,1.5919209512340051,1.971625815979166,1.9977481311064238,0.5736101447550955,0.10608304780917345,-0.04256332662598434,2.0621242970036877,-0.1375174777889068,-0.482931511569848,1.0908245779478607,0.9229564242797662,0.65151875506577694,1.1407440084753266,0.28677986593896093,0.23638866577426285,0.8427612250610729,0
-1.0488066626304537,1.0575118175772313,3.6109853885725127,-1.161438585374874,1,0,0,1,0,0,-0.33149556159511606,-0.14718275217128118,0.815246342126407,-0.5789920082824084,0.7696259783293643,0.33426344408702613,3.8107782265061827,0.6442369941775938,0.36665918882951165,2.2766521251084044,1.7267170082873524,-0.0203958267621136,-2.09162853651432,4.530243642539379,-0.08891065548646751,1.4032343773223366,1.5408766546931436,1.9110064601203458,0.8063022000563537,-0.8274981801914475,-0.7724138191916716,-0.9733042354396675,0.9088798275160135,-1.5477032294513644,-0.3790908173244248,0.8274981801914475,-0.8063022000563543,4.950187593694221,0.19081952690966666,0.8823074182377254,1.5581698001500064,2.253772334638279,-0.18250970659880966,-1.4435419379712537,-1.814344742034923,1.1939689411944467,-0.6864693237581573,-0.853883805926576,0.2778446267211837,0.7198181728714541,-0.008482709938082702,0.23487099338447628,1.07334743410784,0.694113101378213,0.024856960096552163,0
-1.5628119097752085,-1.2615871198543382,-0.4445202009343899,0.3052077222492148,1,0,0,0,1,0,-0.15483044353726144,-0.2815028022718716,-0.31055362260288033,-0.16178560812239928,-0.1612449348950008,-0.09146400165079628,-0.7331814937139417,-0.8314157588746156,0.32606756116744823,-1.0710287460203127,-0.7826031390603927,0.8357218018085629,1.3596261496885325,-0.6142355178814779,-0.6354395239946027,0.3806748668477983,-0.9203855650718497,-0.45305790434561244,0.9789057261068004,0.16895808102739213,0.4057698224748649,0.5045748556442318,-0.06320375040602923,0.5342521676024954,0.5750995464947815,-0.16895808102739213,-0.9789057261068012,-0.9266927806649233,-1.0850176963188372,-1.9925371513369474,-1.5427503185686884,-1.7402052404586603,-1.4742144526617298,0.6769975162545934,0.2342775195316623,-1.9685969978249267,0.27882240539001907,0.35171115073279,-0.2959043164138529,-0.2829068128036209,-0.0592520533999176,-0.0012904541294803558,-0.20711139779498602,-0.15329565102369538,0.10046155601764112,1
-1.1259074497021662,-0.3854830768246345,-0.8790386569529866,0.3052077222492148,1,0,0,1,0,0,0.22373766658671274,-0.4262893497828976,-0.06748317567269331,-0.3214929124832349,-0.21120717249145773,-0.0793897988830219,-0.8999316214883037,0.8167943520994743,-0.11727176538341505,-1.073616928477594,-1.2448230821174338,-0.4744678886425266,0.9741807082988372,-0.8098469192779041,-0.5996055293256379,0.8622845795983825,-1.0102026223621272,-0.44206872916021284,0.6399373556703797,-1.2817996886347096,0.44218732683682294,-1.7217475381746816,1.0268272759950579,0.44868757859694613,1.1867369008357753,1.2817996886347096,-0.6399373556703803,-0.6760201580619267,-0.40957446049198204,0.6002815269186915,0.9896677783849125,0.47867119015075044,-0.024984737566746233,1.0032343553662626,0.7325910426154264,0.3258135853852078,0.16779843654230542,-1.6969572021918669,-0.7703115697481222,-0.17917664187171697,0.008440404549195996,-0.667477223982284,-0.4540570296619595,-0.9883334727336057,-0.6418381130257917,0
2.4207287555966395,0.928672987719922,0.5693561964423357,0.3052077222492148,1,0,0,1,0,0,0.40040278464456736,-0.46757386734628253,0.09882818275322415,-0.37935787783136377,-0.18737553252584188,-0.06642121072504202,-0.4601663956049659,-0.7005027324035311,0.48570635372218046,-0.17263082268811605,0.183654555444712,0.6687938719916093,0.07599055825935856,-0.4447670760485055,-0.9644656861506057,0.1619365367955337,-0.5091440232412181,0.028722835579503867,0.2430696413654208,0.6710815639820534,0.19546655292372697,-0.004718567954962649,-0.5012462544179498,-0.2716453937303679,-0.21071765824012184,-0.6710815639820534,-0.24306964136542153,-0.17467491285593337,-0.6347222057676005,1.282602231722807,1.183475285804831,0.8883099158017184,1.2037100208833493,0.4323198869208419,0.34501385799472056,1.13195784435093,0.029018475482663446,-0.17942508891434333,-0.5239847266707137,-0.6848612251647502,-0.7361766328910565,0.030432725387320277,-0.7010026615289333,-0.48731077970765985,-0.45626319576493324,1
1.0586148506630406,-0.5400896726534062,-1.168717627632051,0.3052077222492148,1,0,0,0,1,0,0.816827705780939,-0.5844497550961469,-0.10586271992482811,-0.2983469263439834,-0.5363812543244113,-0.21891391975508134,-0.37312617605584647,-0.7543401889769394,-0.876822187596381,-0.31025688032805837,0.028836003231418487,1.1003321691066514,0.2388854899767568,-0.7870165390171041,-1.0587168755659715,0.7563831182202957,-1.2899525200089956,-0.09793447156115756,0.8549852458654548,0.6527578856825103,-0.2675366219490038,-0.025243741743756293,1.9587373926629734,-0.8599578083456239,-0.13310216655319176,-0.6527578856825103,-0.8549852458654554,-0.7038726716844818,-0.9349191994684248,0.2636699792153276,0.6278937645343975,0.03489590402886805,0.41608517572303205,0.8401159358104279,0.4557501964577793,0.20179139169817292,-0.3595654154843339,-0.17942508891434333,-0.4692454282090663,0.5469345546516133,0.1438253204474232,-1.4288335323854886,-0.37174181903963527,-0.09762646290970158,-0.2706882785040748,1
2.9861345274558704,-1.5708003115118816,-0.4445202009343899,-0.4281154315628296,1,0,0,1,0,0,0.6275436507189519,-0.5425837654544045,-0.16982862701171944,-0.277515538818657,-0.5146227357678024,-0.20281498273138218,0.14708152429009927,0.27483749845204825,-0.1818760549801282,0.7807105787607411,0.5680732022832571,-0.7969872369429142,-1.704060833033086,-0.5582383337112354,-0.3288507386176321,0.15362550438560046,0.33415650964202814,0.3881655724519878,-0.04921092906325296,-1.0381887348318013,-0.7623056054092835,-0.7066585427202565,0.40300947636211015,-0.723345749755595,-0.3595548537004289,1.0381887348318013,0.049210929063252244,-0.11896988561082296,0.340918023760079,2.28333926543551,2.036228318452472,2.117226092754623,1.5817699465603012,-0.05703537174666111,-0.04256332662598434,2.1861464906907218,-0.9424412519348303,-1.0140677512169813,-1.4636760169289798,-1.0738493661593913,-1.2438700675094103,-1.175048096251087,0.9453015509175579,0.45906541823023866,-1.3841377820692236,0
-0.38059984134227254,-0.2051087150244015,0.27967722576327125,-0.8681093238500562,1,0,0,0,1,0,-0.05387894750420167,-0.3256946802270442,0.34189862968341117,-0.44821718659563714,0.26264890696126464,0.0959097375972579,0.7080576345195254,-1.036449522720186,0.4687545955692419,0.848084768235004,1.435340371640594,0.9903236683724096,-0.809308711949961,0.30605277500352274,-1.579806784862421,1.2334805938563307,0.27907571023653455,1.086221326878676,1.0008734476041308,0.3580292690535297,-0.6787670501596429,-0.1600562597035448,0.5987258048955628,-0.8689811109380052,-0.8055290704418968,-0.3580292690535297,-1.0008734476041314,0.1317027369921738,-1.535313186870074,-0.50962681956267,0.1627557467265941,0.2738518273252659,-0.655084613695,-0.38327221085833024,-0.8177176958673952,-0.35630847989348147,-0.31198371454959967,0.47094581677602393,2.021392651795853,2.1028871186301776,1.5145975939169787,0.5923861911134952,1.086413340555828,1.445205321963847,1.929700026160385,1
0.6731109153044746,-1.132748289997029,1.4383931084795292,-0.8681093238500562,1,0,0,1,0,0,-0.43244705762817587,-0.05821752418257845,0.21396681550962854,-0.4215993025354979,0.6239907325908753,0.28104751336979833,3.271862413482405,1.4322558537446086,-0.45299382023436924,2.069965891548764,1.6399168854774724,1.2425474720707868,-1.188970317322395,3.7973836336812847,1.3782651217065613,0.2043979821709499,1.8855622434350807,1.7825386186861052,2.0814547802657777,-0.3696749546284684,-0.7553033483415749,-0.5851003650274594,0.8246579876587428,-0.9266991326927303,-0.39167024947591494,0.3696749546284684,-2.081454780265778,3.1676267218506893,1.0163612595869336,-0.5187244289600577,-0.3411437725651945,0.39332978897346543,-0.2770246880180474,-0.38327221085833024,-1.149926711256571,-0.23228628620644656,-0.5816133531797613,-0.3311783002420958,0.853620951280726,1.1952481229760152,0.6853649840403343,0.15732544345452057,1.0276167615398821,0.9044189231421907,0.7190446135538346,0
3.7057418734585257,-0.17934094905293926,3.176466932553916,-0.4281154315628296,1,0,0,1,0,0,0.7032572727437467,-0.5635167602752758,-0.054689994255315046,-0.3226502117901975,-0.44634634340518736,-0.18403288953706648,2.506413747434249,1.9344256473925752,-0.21353030213270865,1.5145316854740487,1.0195653776414506,-0.4480411940213395,-1.0067558102769656,2.9357487977117334,1.2628692537398705,0.6241389290885531,2.314857153655682,2.1141797498466044,0.33643704580791395,-0.9447489169347935,-0.5518637208822749,-1.389945213698208,0.9191025083280157,0.2493381304351933,0.738600108894243,0.9447489169347935,-0.33643704580791395,2.8333965583800262,1.2415090048625523,0.15449866644666885,0.459927258103802,1.434494883336343,-0.24551969421163483,-1.6066603575270884,-1.8697129112664523,0.44983577907224165,-0.19302946221276363,-1.0140677512169813,1.848051540000638,2.1547522040961304,2.1576759444335596,0.9186817518577256,0.6160407084282594,0.18071947766026855,2.018069034379841,0
0.31330724230314594,2.4232034140647105,-2.0377545396692445,0.5985369837740325,1,0,0,1,0,0,0.4256406586528323,-0.4716441718947853,0.39307135535292426,-0.46268342793266937,-0.024598957113951957,-0.0051558114959646415,-0.6770788588847978,0.542578436304397,0.4217489136892642,-1.174940728829422,-0.9813729178812463,-0.2186431121415585,1.0536588373334033,-1.4366378826021655,-0.42983806371200695,0.7106475577243594,-2.0478115161312482,-1.160929393738166,-0.3979084468072301,0.0964376253461319,-0.4939770097020436,-1.1753082677913216,0.1375873672383132,-0.4433057213714936,0.14241126051772743,-0.0964376253461319,0.39790844680722937,-1.3723329986258064,-0.4846237089171882,-0.30038180342274146,0.09815324425328795,-0.7331767065666972,-0.37153966943728567,0.5954383064766764,0.8986955503100138,-0.35630847989348147,-0.3040534310604773,-0.9381911455531051,0.890113816921823,0.8321925247143505,0.5838262971166633,1.0138512904081252,0.12214944469431245,0.18071947766026855,0.9664778365683122,0
0.33900750466038404,-0.5658574386248675,-0.15484123025532542,-2.334755631474145,1,0,0,0,1,0,0.6023057767106869,-0.5379319888275442,-0.041896812837936774,-0.3232288614436788,-0.39133349381674926,-0.16390921825744253,1.1575422136259599,0.6594052221717827,-1.1573236133243137,0.611868683135604,0.2690132645914602,-0.10400332751774766,-0.2478918258126233,0.05724617932268486,-0.6215433613341415,0.03229975696143591,-0.4279747851326528,-0.29125155010589165,-0.07874992288317216,-0.06374491962016399,-1.552390917880582,-1.527702856528738,1.6145582907544442,-1.2509675873488872,-0.6340808703170224,0.06374491962016399,0.07874992288317145,0.6887530094432773,0.04072103005925432,2.501681890972826,2.1395923224097615,1.8099970485163963,1.7707999093987767,1.166352774922097,1.3416409041622488,1.938102103316653,-1.46980510396147,-1.4693273852002382,-0.2959043164138529,0.5469345546516133,-0.025405824425361403,-1.206771275767887,0.4514102871836102,0.45906541823023866,-0.332546584257695,0
-1.5628119097752085,-0.978141694168258,-0.4445202009343899,-0.13478617003801185,1,0,0,1,0,0,-0.15483044353726144,-0.2815028022718716,0.03486227566633282,-0.36026243926648127,0.15953031572281234,0.06192309276944856,-0.16466533228092656,0.3447989388916736,-0.004374254030691821,-0.1607464500761544,-0.38186569708300927,0.7711789002118707,0.8019199593080345,-0.7201335441811633,-0.6858818407702758,0.13754918117787693,-0.6300557999004575,-0.40386758989262767,1.0318374740956051,0.02843219803499119,-0.4905777993358333,-1.1603487357621782,0.14420341368963685,-0.4075944623930687,0.10214601336679789,-0.02843219803499119,-1.0318374740956058,-0.9266927806649233,-1.009968447893631,-1.537656681467537,-1.2455788071914804,-1.381771355514063,-1.1276595207911904,0.758556726032511,0.2896456887631914,-1.4725082230767892,-0.47058938433204756,-1.0899443568808573,-0.02220782410562002,0.054216242725068246,-0.11002139686175369,0.2524949820049213,0.2044646553166367,0.23638866577426285,0.10046155601764112,1
0.2619067175886707,-0.3854830768246345,-0.4445202009343899,0.3052077222492148,1,0,0,1,0,0,0.3877838476404349,-0.46582945111120994,-0.06748317567269331,-0.3214929124832349,-0.3059294240520066,-0.10979890215000922,0.6021959647287924,0.39614092786303917,-0.38059530330174884,0.15914130413054867,-0.22606876783527136,-1.1673442445681206,-0.21222200105967806,0.8147439651972884,-0.9125793109519588,0.5803645205734747,0.23103840270325854,0.5074974285602406,-0.5252107151899527,-1.0712207285677868,-0.02328557784071384,-1.4579177759599846,1.1034969026669723,0.014104090288946327,0.7893729327514232,1.0712207285677868,0.525210715189952,0.4589697720571972,-1.0287307599999325,-0.8394151602179925,-0.44450777652248397,-0.33207212103345735,-0.7968570858238568,-1.0357458890816678,-0.9561381189462185,-0.5578445446349117,-0.08200549336504998,-1.3934507795363622,-0.2046721523111086,0.37837302688726915,0.36382580878204385,-0.3819686083310823,-0.12479618717266176,-0.5986491559356475,-0.332546584257695,0
-0.2006980048416086,-0.4885541407104817,-0.8790386569529866,1.0385308760612593,0,1,0,1,0,0,0.3499270366280375,-0.4530370653873442,0.6873145279526244,-0.5558460221431568,0.1549122169833168,0.081152378658867,-0.8387043650356915,-0.18475195019023308,-0.8579659129932447,-0.6378197895544993,-0.45339540747562784,-0.6312304469428818,-0.057709991089202196,-0.6420439916451345,-0.22778972290406527,0.5770602025589109,-0.9506661564827013,-0.9002233969491088,-0.5745260083472232,-0.29111514316954507,0.5247160444318641,0.025383105830099607,1.7527579971879148,-0.08101090037440775,-0.2894566976579975,0.29111514316954507,0.57452600834722245,-0.3766056366194584,0.19081952690966666,1.3667551186486475,1.5097179232950266,0.9693842469201394,0.18767397062653962,0.7993363309214695,1.2585886503149546,1.3800022317249987,0.8616982418405155,0.4275877563966659,1.2276728241019772,2.0899208472636905,1.9207523416116614,-1.238494455284687,1.1922471827845313,1.127095675598167,0.9664778365683122,1
2.2922274438104506,-1.132748289997029,-1.168717627632051,-0.8681093238500562,1,0,0,1,0,0,0.5770679027024219,-0.5263025472603935,0.21396681550962854,-0.4215993025354979,-0.2006745132716574,-0.07894260618791915,-0.09673277794535498,-0.32336208169911834,-1.2530328336568826,0.28176839676471854,-0.7177788880820634,-1.1631476981477782,0.053230104855860855,-0.7698492832759815,-1.3355829834097,-0.5215814068469575,-0.024067506324758632,-0.609915884159644,-1.1014209826064827,-0.49401881205127574,-0.6347150505220293,-0.894133108311948,1.188798847695297,-0.4045158531345134,0.3376835580328173,0.49401881205127574,1.101420982606482,-0.6481676444393714,-1.1600669447440433,0.5184030423421971,0.14983524623193267,0.13730558544161034,0.25856020669096863,-0.22015379130249568,0.34501385799472056,0.8219023601333442,-0.44283339212011924,-0.6346847228976005,0.9357298989731951,1.4805060930387524,1.1930584186586881,0.1890486229713212,0.6160407084282594,0.4033962301162448,1.0901944480755505,0
-1.7941142709903475,0.5163887321765315,1.0038746524609323,0.3052077222492148,1,0,0,1,0,0,-0.571255364673633,0.1516938961044914,-0.4768649810287978,-0.03969053123784738,0.22349099186228139,0.1473368975340747,0.7085714602872746,1.4028985289643825,-1.1638693185646498,0.1916227975154784,-0.5305977962046646,0.10344461678138553,0.8895078182257194,0.6312221361538242,0.6914655371797129,0.547667539601796,0.5793072383322649,0.34468314031511876,0.8615353283924961,-0.7133741297612541,-0.35457614308993624,-1.2328272623149124,2.1414014087744837,0.315561104036101,1.0263191209931417,0.7133741297612541,-0.8615353283924969,0.4659329004628361,0.491016520610491,-0.3549674598070702,-0.031051760693324323,0.20557870638343811,-0.844114576533476,0.6769975162545934,0.2896456887631914,-0.4183195767369984,-0.44283339212011924,-1.2416975682086098,-0.5057382938501646,0.5987996401175653,0.7022880985276131,-1.4922798914190887,-0.37174181903963527,-0.7099875321636356,-0.1469716669968365,1
-1.074506924987691,0.3617821363477598,0.27967722576327125,-0.13478617003801185,1,0,0,1,0,0,-0.6469689866984278,0.4470817119101188,-0.3617263482723934,-0.1403755709435916,0.6176913815775852,0.45232231559415337,0.7618402515476538,0.5831600639454522,-1.5703067724613478,2.0456967946397757,1.5703257411131177,0.2517809722345883,-1.787393631102701,0.1458011623749316,-0.8514050905857212,0.1902295333395333,1.4325619062780837,1.2412049727461503,0.6912331826893902,-0.3421574382520592,-0.9136746115026497,-1.6533244184075617,2.3378242988829134,-1.343100528391137,-0.8297052967243062,0.3421574382520592,-0.6912331826893908,0.04814519612450831,-0.8598699510432187,-0.30038180342274146,-0.1602567656399366,0.4103980692089227,-0.2770246880180474,-0.709509049969999,-1.0391903727935126,-0.10826409251941274,-0.859173275299045,-1.5452039908641146,0.0051618251252043045,1.2082143943425034,0.49921072468027106,-1.7460653275534903,1.2745623934068555,1.1827648637121608,-0.2706882785040748,0
1.7782221966656961,0.8256019238340739,1.0038746524609323,-1.6014324776621007,1,0,0,1,0,0,-0.7226826087232228,0.8459715576633873,-0.438485436776663,-0.06052191876317377,0.843988333151166,0.6973839125104628,1.0636802333363102,2.092058157750437,1.0149462413843755,1.6003036563494089,0.894981005008185,0.7384033195032972,-1.0321583733515634,0.5752635034903844,0.785139726559928,2.1051009820375475,1.1410559813890127,1.3254996512476882,0.20465562353765385,0.8041191033027003,-0.9042767427374686,-2.0848797341514227,0.7279579589101615,-1.0304554180810566,0.13057328280103087,-0.8041191033027003,-0.20465562353765385,0.4102278732177254,0.5660657690356972,-0.3731626786018469,0.7183372679970265,1.195538960039945,-1.8207693845322692,-1.6882195673050053,-1.9250810804979817,-0.35630847989348147,-0.8036612908751883,-1.9245870191834955,0.3518440487156324,0.6895635396829819,0.19459466390925928,0.5380035976561225,-0.6186874509066087,-0.32030321536567735,0.34789477903211874,1
-2.076817156919963,0.5163887321765315,0.27967722576327125,0.3052077222492148,1,0,0,1,0,0,0.16064298156605036,-0.4041934108053113,-0.4768649810287978,-0.03969053123784738,-0.6486771439913345,-0.2801793189841587,-0.06515346336905989,0.45681073486350543,-1.2331870919664945,0.4100426982884029,-0.48373442661287774,0.36660555931131966,0.9948287510595443,-0.46488074674369473,-0.6814883668193759,0.26916080671806436,0.7999551301255274,0.40802278248752094,1.2234273880116,-0.7133741297612541,-0.3739058877977147,-1.3096871552393767,1.9562887197127379,0.23928058184271156,1.0272332778654039,0.7133741297612541,-1.223427388011601,-0.6203151308168162,-0.8598699510432187,-0.9281168518425269,-0.6641562849317252,-0.34060626115118536,-1.0646495331783645,0.6769975162545934,0.12354118106860354,-0.790386157798101,-0.47058938433204756,-1.317574173872486,-0.5604775923118106,0.45617065508619664,0.5330569536548284,-1.3019408143182878,-0.5363722402842841,-0.8769950965056176,-0.332546584257695,0
0.8016122270906633,0.3617821363477598,1.0038746524609323,-0.13478617003801185,1,0,0,1,0,0,0.47611640666936217,-0.49606599918580174,-0.3617263482723934,-0.1403755709435916,-0.6569574689866768,-0.2730242358625147,1.7022143331852153,1.518751360155688,-0.8632533267601437,1.642232987826623,1.1904980279470418,0.3089670550025103,-1.4568829482607883,1.502896640417352,0.31779053969942933,1.024510286590075,1.1816799020733708,1.148784042421658,1.1441644212614832,-0.7133741297612541,-0.8652938517712279,-1.766178318337021,2.2096302514663946,-1.046817255497436,-0.42614171736705714,0.7133741297612541,-1.1441644212614839,0.8280155775560533,-0.18442671521636386,-1.301118837135444,-0.6641562849317252,-0.20406001926752979,-1.5687294340809674,-0.7910682597479163,-1.2606630497196296,-1.2244638357027204,-0.7759052986632599,-1.6210805965279906,0.2788583174334372,1.4156747362063122,0.8207498999385615,-1.3653871733518879,1.439192814651505,1.127095675598167,-0.023255055489598248,0
2.215126656738738,1.7790092647781635,-0.4445202009343899,1.0385308760612593,1,0,0,1,0,0,-0.11697363252486404,-0.29952843670095514,-0.7455217907937414,0.8444861392815616,-1.2263655233388107,-0.882995071982672,-0.9974906836306119,-0.4390433029806543,-1.2937043578879186,-0.9290321618536751,-1.1755811741338686,-0.20820532294480704,1.6610122875266662,-0.7298368336533719,-0.09386775127505631,0.3867922924736176,0.012175356334650486,0.045152029538401896,0.5581846313588362,-0.8375679493470506,0.657790712422543,0.5085660592190937,2.157226148414825,1.2671353894321309,1.5723952703111068,0.8375679493470506,-0.5581846313588369,-0.9266927806649233,-0.5596729573423944,-1.492168634480596,-1.1034533017502068,-1.040405750804923,-1.3166894836296663,-0.05703537174666111,-0.319404172783631,-1.1004416420156866,0.5008703430854462,0.35171115073279,-0.3050275328241268,0.806259981981374,1.3284433345569153,-1.6826189685198898,-1.6064699783745033,-1.9903788587854983,-0.20882997275045564,0
0.8273124894479005,-0.7204640344536393,-1.6032360836506476,1.7718540298733036,1,0,0,1,0,0,-0.4198281206240434,-0.06345077288779627,-0.6431763394547153,0.343954189020247,-0.4479314083594577,-0.31461315650707083,-0.8174727216295572,-0.4717813088616517,-0.806526992928421,-0.9990569168483868,-0.6931421918802992,-0.07021503504395403,0.4313727638212297,-1.108196518832113,-1.8989507256830402,0.5222713357175894,-1.0137945280254854,-0.21314651129096743,-0.83882515761197,0.7361716451058063,0.029418814782587278,-1.2547924981216092,1.6273817428879256,0.3444001409268141,0.6930227140785891,-0.7361716451058063,0.8388251576119693,-1.038102835155144,-1.760460932145692,0.05442496307539909,0.31780175266252825,-0.11871861809024475,0.1325402314653172,-0.6279498401920818,-0.319404172783631,-0.10826409251941274,0.3620903820258042,-0.9381911455531051,1.3736442866663687,2.1547522040961304,2.2084452878953957,-0.3185222492974822,-0.4540570296619595,-0.15329565102369538,1.770635811365363,1
0.5189093411610479,1.3667250092347738,0.27967722576327125,-0.4281154315628296,1,0,0,1,0,0,-0.4576849316364408,-0.042517778066925034,-0.7071422465416066,0.5551613125409173,-0.6144732347460667,-0.4617395531958772,0.31608173658450794,0.01586614538492786,-0.2055027484636594,0.2944934898168214,-0.10129422949820215,0.004240866250519146,0.3441796312185604,-0.40786462964625886,-1.3778112582250337,1.959878214885315,0.12366837260421346,0.8757223923916361,1.0187373090415193,-1.004587223962434,-0.8470528812235519,-1.4020378546703771,2.250417737557887,-0.2752142642752378,0.9866599299673702,1.004587223962434,-1.01873730904152,-0.4253475354589299,-1.3101654415944555,-0.18211288125669506,0.8346217724489774,0.8541733553308051,-1.1591645145976028,0.18764225758709038,-0.26403600355210183,-0.046252995675895824,-0.8036612908751883,-1.317574173872486,-0.040454256926167845,1.1174504947770867,0.9222885868622325,-0.857816301083085,-0.20711139779498602,-0.6543183440496418,0.10046155601764112,1
0.6731109153044746,-2.086155630941119,-0.8790386569529866,0.3052077222492148,1,0,0,1,0,0,-0.7100636717190902,0.6947888172904284,0.15000090842273722,-0.3996106157032089,1.3492685657815835,0.8431687311139608,0.0708972332180864,0.5421805404905006,-0.3515387886961089,-0.6069648791678366,-0.7162151922815417,-0.8321803278985893,-0.16711822578116015,-0.37444451222134867,-0.040358309969481414,-0.2002624139860198,0.07278060110792409,-0.46060427729227893,-0.12528395424331848,-1.0107396132765438,-0.47272487328622503,-0.7845898760222189,0.2793208879443446,0.8921383918547162,0.48142439986842,1.0107396132765438,0.12528395424331776,-0.2582324537235989,0.11577027848446049,0.49111021415003275,0.3048812521678669,0.32505666803163763,0.006520256239666901,0.10608304780917345,0.17890935030013266,0.3258135853852078,-0.5538573609678327,-0.8623145398892288,-0.5513543759015367,-0.3347718982695729,0.025363519036474696,-0.826093121566285,0.5337254978059351,0.06938110143228039,-0.332546584257695,0
-1.305809286202831,1.0317440516057692,1.0038746524609323,-0.7214446930876474,1,0,0,1,0,0,-0.7605394197356201,1.9420464253673393,-0.19541498984647596,-0.2665211954025125,1.4102391768590359,1.699542742235736,-0.3105917776790975,-0.5644414192541672,1.296647309481637,0.5795966647765086,1.6141223829145561,1.495359602025497,-0.5322286572410131,0.5666162056457429,-1.476487233881229,1.1034458305060626,1.8911816083009183,2.786344452513912,1.3564759393421526,0.6941558255444424,0.998041663951083,-0.7043989366662872,-0.6637036662550215,1.092265608081162,0.6218848889469835,-0.6941558255444424,-1.3564759393421533,0.32667033235006016,-1.4602639384448675,-0.6097005229339397,0.007709740790658993,0.76883195415352,-0.30852968182446,-1.6066603575270884,-2.0911855881925696,-0.17027518936292965,0.7229182807808735,-0.7864379342253526,-0.5239847266707137,-0.7626588533636787,-0.33002188519637315,0.030432725387320277,-1.4418395571298541,-1.378017789531564,-0.08511336124321738,0
1.7782221966656961,1.109047349520155,1.0038746524609323,-0.13478617003801185,1,0,0,1,0,0,-0.7226826087232228,0.8459715576633873,0.009275912831576286,-0.3411670007015987,1.319922812589886,0.9142723696352988,0.8095970664474657,0.8529085036229814,1.7801268698373502,0.9419094796300622,1.4551460388861959,1.3824841977540812,-1.3534750277270988,0.49398893283330436,0.20338168696325237,2.2317972521955762,1.0818871371948666,1.4205690557811383,0.6912331826893887,1.199986903232429,-0.6321765074799618,-0.9669003787417566,-0.19075206092074395,-0.19967817444011163,-0.5048519260946481,-1.199986903232429,-0.6912331826893894,0.32667033235006016,0.04072103005925432,-0.4095531161914002,0.7441782689863493,1.195538960039945,-1.8207693845322692,-1.5251011477491712,-1.8697129112664523,-0.4183195767369984,-0.7481493064513315,-1.0899443568808573,-0.8889133830816909,-0.840456481562607,-0.8546384343020056,-0.794369942049485,-0.7833178721512579,-0.32030321536567735,-0.7036964187794109,1
1.4441187860216065,2.217061286293016,-0.4445202009343899,-0.4281154315628296,1,0,0,1,0,0,0.009215737516460692,-0.3425573704994127,-0.13144908275958464,-0.29545367807657696,-0.11770478579742755,-0.035117722067849196,-0.17566311690738717,-0.9620431999428818,0.32639598454366847,-0.7815573784612186,-0.11745133445714064,-0.4362779132887855,-0.10842532770078893,-0.8625736033162498,-1.3547584180409304,0.26531436819287296,-1.3424431285414806,-0.6132726796665986,-0.7703150826731027,0.16895808102739213,-0.6176095408647346,-0.03673275928034468,-0.17957889198769197,-0.2753100300322553,-0.4460489207660708,-0.16895808102739213,0.7703150826731019,-0.9266927806649233,-1.3852146900196616,-0.7916527108817039,-0.5478717804797735,-1.0062691903340089,-0.40304466324369825,-0.46483142063624716,-0.1532996650890431,-0.9764194483286528,-0.859173275299045,-0.5588081172337243,-1.60964747949337,-1.436904964421056,-1.430024326869473,-1.206771275767887,-0.20711139779498602,-0.15329565102369538,-1.198562864808365,0
0.8273124894479005,2.5262744779505577,-1.6032360836506476,-1.161438585374874,1,0,0,1,0,0,-0.4198281206240434,-0.06345077288779627,0.17558727125749374,-0.4053971122380218,0.5797944631655979,0.2645013836509964,-0.5027465903432159,-0.33124876235014655,0.03302058971927929,-0.6560581834297736,-0.3507839427222809,-1.0570819353726149,-0.09504023017464286,-1.0802337743571027,-1.6789819611478747,0.42488769930246956,-0.656867914280025,-0.0558590272063857,-1.1014209826064827,-0.34935776200978186,-0.3802754872501079,-1.2273179490715933,0.38183090944291126,0.23495330086758315,0.4015008375314467,0.34935776200978186,1.101420982606482,-1.0659553487776992,-1.6103624352952797,-0.4186507255887879,-0.1473362651452761,-0.3918111018575571,-0.24551969421163483,-1.0357458890816678,-0.7069813574043363,-0.23228628620644656,-0.47058938433204756,-1.2416975682086098,-0.5331079430809875,-0.2699405414371327,-0.1607907403235886,-0.5088613263982832,-0.4540570296619595,-0.6543183440496418,-0.3944048900113141,1
-0.7147032519863632,1.5986349029779314,1.7280720791585935,-1.161438585374874,1,0,0,1,0,0,-0.6217311126901629,0.34299820988412016,-0.7199354279589849,0.5783072986801688,-0.29785991890333213,-0.18313850414686098,0.32840690062334416,-0.8152721551463197,1.0075302692165158,0.0035108433451489836,-0.29247970742166396,-1.0574552667237416,-0.041827185543448726,0.06512779929766772,-1.003169220260259,1.3507617277176958,0.4085701453906603,0.5617441090834435,-0.974766068754056,-0.4754817429490244,-0.3915828599463328,0.11403371572958498,-0.0199423610909295,0.4003882394483418,0.9286717320248423,0.4754817429490244,0.9747660687540554,0.438080386840281,-0.6347222057676005,1.4918472478627354,2.100830820925778,2.2196357741673656,-0.18250970659880966,-0.46483142063624716,-0.04256332662598434,2.00011320016017,-0.05424950115312168,0.6552175733882943,1.6108479133335034,1.3508433793738719,1.4638282504551436,1.9021003168785307,0.28677986593896093,0.06938110143228039,2.079927340133461,1
1.3670179989498932,0.38754990231922204,-0.4445202009343899,0.3052077222492148,1,0,0,1,0,0,-0.6848257977108253,0.5552355184846202,-0.016310450003180245,-0.3290153579784917,1.1108967519626614,0.6812849754867637,-0.06914592818426661,-0.4987271507347112,1.4965108907490696,0.43193863471754307,1.4817738793396749,0.6151011861584713,-1.387202725851205,-0.8322687667156473,-1.4066397113462235,2.2314105699571893,-0.03597589079658932,1.316198435894927,1.1393967240133565,-0.29111514316954507,-0.7354440490397792,-0.7246221177643206,0.19657190532639235,-0.6191943066286529,-0.6413670190344045,0.29111514316954507,-1.1393967240133573,-0.7874302125521474,-1.3101654415944555,-0.009258302706318612,1.1447137843208466,1.0760609983917457,-0.7495995951142377,-0.22015379130249568,-0.7069813574043363,0.2638024885416898,-0.6648813298155464,-0.6346847228976005,0.1876261533306929,0.2616765845888761,-0.008482709938082702,-0.2233527107470814,1.1922471827845313,1.127095675598167,0.16231986177126023,1
0.6731109153044746,1.6244026689493918,-0.8790386569529866,0.5985369837740325,1,0,0,1,0,0,-0.7100636717190902,0.6947888172904284,1.2758008731520245,-0.6339637253631308,1.8420192725196332,1.0242817726305766,-0.8214352218974583,-0.33805098255579963,0.6827592621955291,-1.052817891907654,-0.8829836839658233,-0.8012748965596863,0.08545056627217115,-0.4088889463416535,0.20204092511436517,-0.2263959477032213,-0.2561744014395388,-0.6331354094115551,-0.4481121582821066,-0.6484112087471453,0.7336686546057353,0.6663857460936471,-1.1608608778917402,1.1682708985208445,0.5297885366513773,0.6484112087471453,0.4481121582821059,-0.2582324537235989,0.41596727218528484,0.6639647927004092,0.4340862571144791,0.3079883877961804,0.2270552128845555,-0.13859458152457876,0.06817301183707392,0.38782468222872474,0.6396503041450882,0.5793409677244183,-0.0951935553878152,-0.671894953798262,-0.21156008378542468,0.6966194952401235,0.03983423407198747,-0.26463402725168356,-0.08511336124321738,1
-0.5605016778429365,-1.0554449920826439,-2.327433510348309,3.678494229784619,0,1,0,1,0,0,-0.0412600105000692,-0.3158096548949661,-0.16982862701171944,-0.2624706478281435,-0.11277384770415039,-0.0400368417139795,-4.5283403192634,-0.8193175850277274,0.07456932172886589,-2.164173260240728,-1.9686481642770841,-1.3843727399160288,1.55129734108015,-1.548857273423713,-1.322658765737641,1.4122619750843703,-1.3545443915448017,-0.6535238088937124,-0.8569681418843172,-1.0381887348318013,4.749167507984991,-0.2004714178921715,1.317248326043702,1.5805154220674273,1.9213002287071062,1.0381887348318013,0.8569681418843165,-1.4837430531160272,-1.3101654415944555,-0.4914316007678933,0.26611975068388355,-0.3064697006802721,-1.0961545269847772,-0.5463906304141645,-0.2086678343205727,-0.4183195767369984,5.274901003537129,0.12408133374116129,1.0360852794862145,1.6490676208030963,2.343830203793623,0.030432725387320277,-1.277209135885205,-1.712032918215528,1.4613442825972665,0
-1.2544087614883548,-0.5658574386248675,0.27967722576327125,-2.334755631474145,0,1,0,0,1,0,-0.2810198135785862,-0.18555990934287844,-0.054689994255315046,-0.311655868374053,0.2249853787865927,0.09814570107277168,1.3022619778505702,1.3472858790702888,-1.2134025640091606,1.2749974319199098,0.6290747224235539,0.002900417199862042,-0.31406222128720884,0.3177142541715954,0.39796627996728584,-0.1054625259700281,0.25276338322731895,0.28937293121433355,-0.2682155254971324,0.26996871572628706,-1.4933706415172505,-1.4505182679027,1.5527822863943956,-1.4718034305185266,-0.535311603232312,-0.26996871572628706,0.2682155254971317,0.27096530510494976,0.340918023760079,-0.06384395909064733,-0.10857476366129187,7.593435579547688e-4,0.1325402314653172,-0.05703537174666111,0.06817301183707392,0.2638024885416898,-1.4142931195376127,-1.3934507795363622,-0.25028823436248077,0.5599008260181015,-0.11002139686175369,-0.857816301083085,0.03983423407198747,0.18071947766026855,-0.332546584257695,0
0.6731109153044746,-1.0554449920826439,1.4383931084795292,3.678494229784619,1,0,0,1,0,0,-0.36935237260751347,-0.0843837677086675,-0.16982862701171944,-0.2624706478281435,0.23757232359770375,0.13794585093691683,-0.43433861726130013,0.8272294333909436,-0.5367008063653885,0.22853317058407094,0.012679933318084048,0.4830588639352401,0.5149307804279222,4.140892621887671,1.0359844947748793,0.6427799830974773,2.10444111099627,1.959736220141763,1.687681907547998,-1.0149876916124754,4.741489537416768,-0.09757183374103631,1.3796198754326405,1.777994212325232,1.896816452937917,1.0149876916124754,-1.687681907547999,3.585414426189017,0.7912135143113154,-0.3640650692044592,0.007709740790658993,0.8541733553308051,-0.5920746260821743,-0.6279498401920818,-1.2606630497196296,0.139780294854656,5.580216917868341,0.35171115073279,1.4101371523074657,2.0380557617977377,2.8515236384119764,-0.033013633646279864,-1.1125787146405561,-1.545025353873546,1.8324941171189824,0
0.6731109153044746,0.928672987719922,1.4383931084795292,0.3052077222492148,1,0,0,1,0,0,-0.36935237260751347,-0.0843837677086675,0.11162136417060241,-0.37935787783136377,0.46253807723036244,0.22827877534767327,2.857289334975106,0.648711592910096,0.8069137365937613,1.424825922139108,1.5629279412377934,2.222900343358463,-0.7560465525483192,4.043767597994158,0.6599380963605724,0.8961797184658888,1.9613042244414236,1.8108539796552898,1.7556215933338128,1.2905668235553318,0.06735456323823857,-0.22926552206575687,-0.20250391987821673,0.019947796841904362,-0.26393641250792166,-1.2905668235553318,-1.7556215933338135,3.836087048792013,0.641115017460903,0.08171779126756346,0.5374502610717695,1.3662217623945152,-0.5920746260821743,-0.5463906304141645,-1.2052948804881005,0.5118468759157585,-0.10976148557697851,-0.4070549059059717,-0.6334633235940058,-0.6329961396987983,-0.5838686025055501,-0.5405845059150832,-1.0302635040182315,-0.5986491559356475,-0.5181215015185524,1
-1.1516077120594044,-0.978141694168258,0.27967722576327125,-0.13478617003801185,1,0,0,1,0,0,0.22373766658671274,-0.41000813158888666,0.03486227566633282,-0.36026243926648127,-0.1313180925167232,-0.03690649284826022,-0.18510412587198083,-0.728591950050401,1.4871208104768043,-0.39345840228139406,-0.1363139439020285,-0.6359320267658448,-0.22662383656317603,-0.8293485098734374,-1.9370488360811213,1.8882945304302297,-0.9129811709606512,-0.39146809077743117,-0.8740438917877038,-4.693472038239746e-4,-0.5712834661911036,-0.9404776842613674,-0.13539007011175755,-0.37375958314238356,-0.2049775943832031,4.693472038232714e-4,0.874043891787703,-0.8431352397972577,-1.835510180570898,-0.4095531161914002,0.5762117625557528,0.15437386567706757,-1.537224440274555,-0.46483142063624716,-0.09793149585751397,-0.35630847989348147,-0.5261013687559044,-0.8623145398892288,0.0872707728176734,0.002351157259115363,-0.14386762583630988,0.2524949820049213,0.36909507656128593,0.4033962301162448,0.038603250264021984,1
-1.5628119097752085,-1.2615871198543382,-0.4445202009343899,0.3052077222492148,1,0,0,0,1,0,-0.20530619155379135,-0.23614798015998392,-0.2977604411855021,-0.18203834599424437,-0.09544976479319649,-0.04093122710418501,-0.7693857069156856,-0.6187278901984605,-0.2069021906324336,-0.3756482479470336,-0.6255600396744339,0.5117310790888568,0.9573055871933486,-0.7372558950043188,-0.9129457433833631,-0.024547487335043285,-0.4120210208088777,-0.2933142112087139,0.6912331826893887,0.012383503443245562,0.3331921509239027,-0.06534555754163099,0.25817436843788905,0.09892355687250529,0.5268944507168687,-0.012383503443245562,-0.6912331826893894,-0.9823978079100336,-1.2351161931692491,-1.8105849633891833,-1.5427503185686884,-1.5865907183395476,-1.2536794960168407,0.2692014673650073,-0.04256332662598434,-1.5965304167638241,0.19555442875423396,-0.17942508891434333,-0.3597668312857729,-0.17917664187171697,-0.1269445113490324,-0.0647368131630805,-0.28942660841731066,-0.32030321536567735,0.038603250264021984,0
-2.0511168945627247,-0.5400896726534062,-0.15484123025532542,0.3052077222492148,1,0,0,0,1,0,2.873714437454532,-0.7362139675474634,-0.09306953850744984,-0.2983469263439834,-1.0574572097152701,-0.3356312131769003,0.3851609118729695,-0.43987699833211485,-0.6652248748345612,0.21860641714381365,-0.22734461020963076,1.830480367502131,0.8971242843366773,0.2792946522612797,-0.5618637062367987,1.130007663420505,-0.8598659764691138,-0.7674901104568491,1.7556215933338128,0.7553527801229527,-0.2565076981045662,0.040882258214391315,2.0449334132780597,-1.147951549419181,-0.4537455853379608,-0.7553527801229527,-1.7556215933338135,1.4686233908748227,0.5660657690356972,4.266618114066138,4.529884913922088,3.7216444348875815,1.3297299961089997,3.857806697593365,2.7812133041820113,2.00011320016017,-0.38732140769626244,-0.17942508891434333,-0.642586540004281,0.4172718409867329,-0.093098282374475,-1.6508957890030895,-0.37174181903963527,-0.04195727479570725,-0.5799798072721716,1
0.31330724230314594,-1.1069805240255675,-0.4445202009343899,-0.8681093238500562,1,0,0,1,0,0,4.627746681028945,-0.7745911247190607,0.188380452674872,-0.4042398129310592,-1.1066853318164622,-0.28330966784987804,0.9891011632060863,0.928293537756537,-0.8419954076635903,0.6248000126062807,0.10082337306538453,-0.20523230966285563,0.1967550851040737,0.9577811099586141,0.2666639806880428,-0.013160892615697875,0.8979027643068713,1.0074569080986073,0.6912331826893902,-0.965469047129439,-0.4183656449499532,-1.0069738912418935,1.1378105014421267,0.04628050258234936,0.8525102622749687,0.965469047129439,-0.6912331826893908,0.911573118423719,0.26586877533487285,0.06352257247278678,0.046471242274642305,0.4103980692089227,0.3530751881102058,0.10608304780917345,-0.2086678343205727,0.2638024885416898,-0.24854144663662048,-0.7864379342253526,0.7715120035882557,1.298978293907919,1.243827762120523,0.28421816152172197,0.28677986593896093,-0.15329565102369538,1.0283361423219313,0
-0.4320003660567478,-1.0554449920826439,-1.168717627632051,3.678494229784619,1,0,0,1,0,0,1.1701579418966481,-0.6268972168162469,-0.16982862701171944,-0.2624706478281435,-0.7221867467086976,-0.27928493359395323,-3.916083323293354,-0.35234128555860805,-0.4962502208945766,-2.222614563070269,-1.8255469726595543,-0.6739981676861314,1.8730374158853693,-0.7887197287377042,-0.21794516336232525,0.7059683605752832,-0.9753969940162469,-0.2765345605638641,0.2181716668474233,-1.1356331163529634,4.657329729323615,0.2652667917108196,1.3878207954927078,2.0354219210541538,2.1033182970761035,1.1356331163529634,-0.21817166684742473,-0.6203151308168162,0.04072103005925432,0.8277217618533966,1.1059522828368633,0.59814915179895,0.41608517572303205,0.6769975162545934,0.6218547041523672,0.5118468759157585,5.60797291008027,0.8069707847160468,1.5561086148718575,2.180684746829105,3.1392165846957107,0.030432725387320277,-1.1948939252628807,-1.6563637301015341,2.079927340133461,0
0.72451144001895,0.6709953280053031,-0.4445202009343899,1.478524768348486,0,1,0,1,0,0,1.0187306978470585,-0.6018939174468729,-0.38731271110714993,-0.08135330628850015,-0.9194029747210233,-0.40002696127169696,-2.963946874760789,-0.006573140656417015,-0.4455512108844915,-1.8135697696424142,-2.106015798832146,-1.6932405278537248,1.9108076246931236,-0.5518025307866045,0.4371864472844628,0.4634336355151074,-0.6832350143130403,-0.9634997973833336,-0.5448307780589747,-1.7690215962405276,3.5700856927505984,0.4469856274260597,1.0747895416562736,1.7725316123770793,1.7972536605117089,1.7690215962405276,0.544830778058974,-0.48105256270404034,0.491016520610491,0.23637715102316323,0.44700675760914055,0.13730558544161034,-0.6865896075014126,0.8401159358104279,1.2862727349307197,0.2638024885416898,3.4707615097617834,0.5034643620605421,0.23324223538206504,0.7673611678819103,1.5145975939169787,-0.5088613263982832,-0.5363722402842841,-1.211010225189582,0.5953280020465953,0
-0.9717058755587404,-0.7462318004251005,-0.15484123025532542,0.7452016145364414,1,0,0,1,0,0,0.04707254852885811,-0.364653309476999,1.007144063387081,-0.5928795999659593,0.4726070530445531,0.177746000801062,-0.18751360283864382,0.8522549206293889,-1.1735674065693174,0.6573278036972704,0.5929506618224166,0.8814188843714427,0.04713516710039055,-0.727564491074071,-1.091134911397778,-0.22142831866809676,-0.2721429375449187,-0.3574241458048664,0.17827491249930566,1.0253393444399002,-0.4662316375159699,-2.2628216260418546,1.3817918537253104,-1.1578597338956238,-1.1198200121132171,-1.0253393444399008,-0.17827491249930708,-0.6203151308168162,-0.9349191994684248,0.427426948368315,0.24027874969456073,0.12023730520615308,0.3530751881102058,0.758556726032511,0.7325910426154264,0.2638024885416898,-0.2855494362525249,-2.0763402305112475,0.8353745184601769,1.4977944548607363,0.8376730144258402,-0.9635602328057525,0.2044646553166367,0.848749735028197,0.5747085667953888,1
-1.1516077120594044,0.43908543426214564,0.27967722576327125,-0.13478617003801185,1,0,0,1,0,0,0.22373766658671274,-0.41000813158888666,1.0327304262218375,-0.600402045461216,0.3615452268565275,0.14867847561938297,0.03820913194282325,-0.6842784600129626,0.4261292301878869,-0.4003461745755697,-0.16421675354381757,-2.298235506748676,-0.8720134394803081,-0.8471017678067767,-1.9474793604573781,1.7254627052747717,-0.7707426022083701,-0.2343918523799275,-1.2379708116036303,-1.9067147440421726,-0.8995448333767547,-1.0117484103714645,1.1513906827316511,-0.22341331718565177,-0.015348200895781003,1.9067147440421726,1.2379708116036297,-0.8431352397972577,-1.835510180570898,-0.30038180342274146,0.6020527635450756,0.2397152668543526,-1.3166894836296663,-0.7910682597479163,-0.319404172783631,-0.17027518936292965,-0.3318094232724056,-0.17942508891434333,3.800419851799367,4.1126591804358235,3.714602477263178,1.3628062650929278,3.70286110676543,2.5188253784480175,2.636652091916034,1
-1.2544087614883548,-1.158516055968491,0.27967722576327125,-0.4281154315628296,0,1,0,1,0,0,-0.2810198135785862,-0.18555990934287844,3.8344371566276774,-0.7543228532872388,1.3850192392201404,0.440248112826379,0.9676230905293528,-1.972649680007421,0.9900339414260101,2.010122779542783,2.75375492542897,1.7045246368794726,-1.9330154622385338,0.3947267795046027,0.04223248166938545,0.3944186103256086,0.23922398599643732,0.5028475242582231,0.569588792901455,1.7598570774187565,-0.9510971147815355,2.7498311664413886,-0.9570568984712589,-2.4783357833525135,-3.0890835347531067,-1.7598570774187565,-0.5695887929014557,0.29881781872750485,-0.03432821836595151,-0.20940570944885942,0.020630241285320403,0.12023730520615308,-0.2140147004052217,0.2692014673650073,0.012804842605544792,0.015758101167622184,-1.1297941993653469,1.33810702436318,-1.8217622610322508,-1.9166570049811138,-2.4834882037025574,-1.6508957890030895,-0.10421738451708033,0.9879227053131819,-1.9253979574133928,1
-2.0511168945627247,0.026801178718756015,-0.15484123025532542,1.7718540298733036,1,0,0,0,1,0,2.873714437454532,-0.7362139675474634,0.08603500133584588,-0.3706781330291445,-0.9194029747210233,-0.27973212628905597,-1.0264250149628107,-0.79642208550831906,-0.6734592089084107,-1.0119749839438006,-0.6363328025715707,0.4218914716075251,0.5263663091307929,-0.0019201295474830951,-1.1776613113836396,0.25924148874708586,-0.4866618467522504,0.07669200812440663,1.2994551316290601,-0.7133741297612541,1.4253503984413862,-0.08664094278397728,1.1811539946318028,0.8845473595150901,0.9021386274013301,0.7133741297612541,-1.2994551316290608,0.2152602778598393,-0.9349191994684248,0.900502637032502,0.9121447754169449,0.6493539925053206,0.8571550890128092,0.5954383064766764,0.012804842605544792,0.139780294854656,1.9996939225295793,0.4275877563966659,1.6108479133335034,2.1028871186301776,2.445368890717294,0.030432725387320277,0.28677986593896093,-0.04195727479570725,1.770635811365363,1
1.0586148506630406,-0.5658574386248675,-0.4445202009343899,-2.334755631474145,1,0,0,0,1,0,-0.33149556159511606,-0.15357894503321406,-0.054689994255315046,-0.311655868374053,0.28772589302444285,0.12274129930342319,0.5412617910897617,-0.06239269529537158,-0.9282680714876504,0.504739134607599,0.013666868942606361,0.35614606239041563,-0.3009398951992597,-0.6768727017313075,-1.2702274287798914,0.33542245621597006,-0.5647743390185694,-0.09000545883568817,0.46109514795545875,0.02843219803499119,-1.4289609245053603,-1.1868500212289697,1.6060407713667835,-1.2418905746220252,-0.10564041138543083,-0.02843219803499119,-0.4610951479554595,-0.3974950218363748,-0.9349191994684248,1.4736520290679587,1.4548057961927168,1.1101975588626602,1.0776900456576979,0.4323198869208419,0.2342775195316623,1.13195784435093,-1.3310251429018278,-1.0899443568808573,0.11464042204849642,0.9359226956462544,0.31305646532020776,-0.44541496736468245,0.2044646553166367,0.23638866577426285,0.22417816752487937,0
1.3156174742354179,-1.1069805240255675,-0.4445202009343899,-0.8681093238500562,0,1,0,1,0,0,-0.3062576875868511,-0.17102310738394008,0.188380452674872,-0.4042398129310592,0.42912011159186164,0.1808763496667813,0.4877797338984925,0.1524626108483427,-1.1281349772043303,-0.2658206636517955,-0.7842230400637281,-0.35947086127259875,1.020597085284696,0.19146057049558401,-0.9114983849314056,-0.496962017829861,-0.23373203372139018,-0.04318828066131799,0.288491621905012,-0.7763978591033001,-0.48696444773302505,-1.1223787905502753,1.0427994054990555,0.1273418836376168,0.9773634100138877,0.7763978591033001,-0.2884916219050127,-0.03541234474315745,-1.009968447893631,-0.7552622732921518,-0.8708842928463041,-0.9038595089212672,-0.024984737566746233,0.35076067714292497,0.2342775195316623,-0.728375060954584,-0.27629743884854874,-0.8623145398892288,0.9995924138451164,1.454573550305776,1.4299820214805863,0.6014499566897238,0.2044646553166367,-0.15329565102369538,1.3376276710900281,0
0.31330724230314594,0.3102466044048362,-2.0377545396692445,-0.4281154315628296,1,0,0,1,0,0,0.526592154685892,-0.5146731056932429,4.678787130174643,-0.7682104449707897,0.9027879638496814,0.19786967208068595,-1.7172386017018197,-0.7745110316470675,0.39482495917966653,-1.8586324968364145,-1.3407204087879936,-0.9418159790412416,0.7318828001220737,-1.4237380828481137,-0.5789680476343689,0.615621658929859,-1.8614314797957088,-1.11943759823203,-0.46081074412575107,-0.827498180191446,0.9652797609011632,0.48304321701754077,0.07890145098501962,0.6651290026868761,0.6500892606756196,0.827498180191446,0.46081074412575035,-1.3444804850032512,-0.5596729573423944,-0.07294156848803632,0.2531992501892221,-0.5283573437412127,-0.24551969421163483,0.5138790966987595,0.8433273810784847,-0.10826409251941274,1.0837461795359422,0.6552175733882943,0.534308376921121,0.4950694691856613,0.7530574419894479,0.4428340591057229,0.6160407084282594,0.23638866577426285,0.5953280020465953,0
-0.4320003660567478,0.2587110724619126,-1.168717627632051,-0.4281154315628296,1,0,0,1,0,0,1.1701579418966481,-0.6268972168162469,0.36748499251816774,-0.4609474789722255,-0.3434376729016531,-0.1258978391737084,-1.2389874447430116,0.2228743109376059,0.2520039151528792,-0.9263078898563832,-0.5776993001552009,0.3258987468502626,0.8226757133452647,-0.922271742818368,-0.3971252413033309,0.9191152397787428,-1.1463253625220597,-0.41239230725039433,0.06048449490010199,0.3844992353771884,0.8013191435860214,-0.7037333350978785,0.579124382646704,0.1147055919990967,0.3484165612020552,-0.3844992353771884,-0.0604844949001027,-0.8152827261747027,-0.25947596364157,0.40923172957353837,0.8475422729436388,0.2909201075607231,-0.05648973137315825,0.5954383064766764,0.6218547041523672,0.139780294854656,0.45461035606556566,-0.853883805926576,-0.8068044353892204,-0.4183323137424959,-0.3469449996836519,-0.8225683238421961,-0.847340813746399,-0.7903985816616271,-0.5937260974396413,1
-1.0488066626304537,1.2636539453489257,3.6109853885725127,0.5985369837740325,1,0,0,1,0,0,-0.15483044353726144,-0.2663845282345757,2.0050122139425857,-0.6895140920973345,0.9252059244899433,0.32800274635558757,2.7585827678456427,-0.4815148649453002,1.614362682975227,1.1906078537883036,1.427155509610136,0.6777243206644712,-1.6621974835273472,4.600491808069977,0.03837231176206468,1.4335021613522394,2.121042958357994,2.3152045635778626,1.4008254564523381,-0.4649864905896614,0.7608807186424991,0.6993348030608079,-0.7663564433595713,0.49475549085427445,0.40497457951834187,0.4649864905896614,-1.4008254564523388,5.256565243542328,0.41596727218528484,1.1643333095567605,1.8424208110325537,2.851162142879274,-0.15100471279239655,-1.3619827281933365,-1.8697129112664523,1.6900577159425842,0.6396503041450882,0.5793409677244183,-0.1681792866700104,-0.5292659687668935,-0.3130987707090945,0.6014499566897238,0.12214944469431245,-0.09762646290970158,-0.1469716669968365,1
0.2105061928741954,0.7225308599482267,1.0038746524609323,-0.4281154315628296,1,0,0,0,1,0,1.649677548053682,-0.6722520389281346,1.0199372448044592,-0.596351497886847,-0.20402453148111216,-0.056135778737678665,1.2733797394815098,-0.7999003615671587,0.6102116290378445,0.3830643543873175,0.10028128208480971,1.1223849750506765,0.1936774418631006,1.393088984196124,-1.0460311661636232,1.0383289941769027,0.04792785257190791,-0.37337034149844595,0.8615353283924961,0.6763389906671557,-0.37870742650686817,0.04999729014700533,0.20924076397601152,-0.4699707913397522,-0.49489404591571967,-0.6763389906671557,-0.8615353283924969,1.217950768271826,-1.009968447893631,-0.18211288125669506,0.369483754641173,0.3762615087380082,-1.442709458855317,0.6769975162545934,0.2896456887631914,-0.728375060954584,-0.3595654154843339,0.04820472807728505,0.014285041535478216,0.11904759955750843,-0.07617516788719629,-0.3185222492974822,0.12214944469431245,0.514734606344233,0.10046155601764112,0
0.6731109153044746,1.7790092647781635,1.4383931084795292,0.3052077222492148,1,0,0,1,0,0,-0.36935237260751347,-0.0843837677086675,1.2374213288998899,-0.6339637253631308,0.9688408197972342,0.42504356119288533,2.323464511381214,1.1374603650394441,-0.12226521009306797,0.9478775159225084,1.214468974303075,2.245212287677083,-0.5144407620489657,3.435047344825079,0.4228072555066029,0.9338891556111772,1.762132268208344,1.9157139797661795,1.8265808207101075,1.250621156711811,0.20142487054799396,-1.1376410209723393,1.1056091755684145,0.46677882109993385,0.2914526913866584,-1.250621156711811,-1.826580820710108,3.39044683083113,0.491016520610491,0.2727675886127153,0.7312577684916879,1.4856997240427134,-0.24551969421163483,-0.709509049969999,-1.3713993881826885,0.6978801664463103,-0.3040534310604773,-1.3934507795363622,-1.7647421584680356,-1.060883094792903,-0.8377153198147269,-2.0950203022382925,-1.6887851889968277,-1.4893561657595522,-1.569712699330082,1
-1.280109023845593,-1.8027102052550381,1.0038746524609323,1.0385308760612593,1,0,0,1,0,0,-0.7605394197356201,1.9420464253673393,-0.630383158037337,0.3011341146626316,0.7118913981583822,1.2608467083399337,-0.5869950308691955,-1.243931676079482,-0.23919559915396163,0.6136160281682196,0.9171973018369337,-0.6848511144311654,-1.479616272232062,0.2949588425718222,-1.2492807473541356,0.8830449886672666,2.1193325073051694,2.660080797482993,0.9848575718326791,-1.9108249872601313,1.110950279570736,0.4558332357181313,1.214363450220015,1.2725381688738493,1.4046497430148543,1.9108249872601313,-0.9848575718326797,0.02029268250195297,-1.3101654415944555,-0.8644335860608106,-0.3282232720705331,0.4957394703862077,-0.5605696322757617,-1.85133798686084,-2.2572900958871576,-0.4803306735805153,1.0282341951120857,0.4275877563966659,0.014285041535478216,0.6376984542170299,1.1592121896841308,-0.7626467625326843,0.6983559190505837,-0.15329565102369538,0.10046155601764112,1
-0.9974061379159777,-1.2873548858258006,1.4383931084795292,1.0385308760612593,1,0,0,1,0,0,-0.14221150653312897,-0.2762695535666538,-0.7839013350458762,1.9352407360937904,-1.4697615442653722,-1.7080655944472543,0.6603224640628808,3.6397521546355573,-1.1156565394928455,-0.7331643720709627,-1.8726896722542177,-0.3288219788509972,1.4855832465252177,1.255124933883708,3.6638554461117336,-0.28740202712431356,0.9554726298079822,0.07827603915493292,0.8164553486475558,-1.2582244350408798,0.3359115849401502,-1.325304103026197,1.2363285438879332,1.9378880708805015,2.5110096077540778,1.2582244350408798,-0.8164553486475564,1.217950768271826,3.492986457618735,0.1272058382545045,-0.04397226118798574,0.3421249482670949,-0.2770246880180474,0.2692014673650073,-0.09793149585751397,-0.046252995675895824,0.029018475482663446,-1.3934507795363622,-0.9436526815433369,-0.24400799870415715,0.5161338391675497,-0.8895394805998851,-1.6887851889968277,-2.1573864231274804,-0.5181215015185524,0
-0.9974061379159777,-1.4677292476260335,1.4383931084795292,-0.13478617003801185,1,0,0,0,1,0,-0.14221150653312897,-0.2762695535666538,-0.6687627022894718,0.39024616129875006,-0.8665882858874382,-0.5140610985228995,0.44053502825482,1.359088048775369,-0.518134792183867,-0.19526772493470737,-0.5096233256534194,0.15804422120080944,0.6446277234040425,1.3022141091283885,3.4640253142818422,-0.5347140988474236,1.0061546721152104,-0.191431106894277,0.569588792901455,-0.34935776200978186,0.6885823137203231,1.6047935169604868,0.17097151682308134,1.261479848379102,0.47564006580295426,0.34935776200978186,-0.5695887929014557,1.07868820015905,2.9676417186422928,-0.31857702221751816,-0.5349512799851129,-0.135786898325702,-0.6235796198885869,0.2692014673650073,0.012804842605544792,-0.4183195767369984,0.7229182807808735,1.6416134470186852,0.2788583174334372,0.3265079414213163,0.8376730144258402,-0.4771381468814831,-0.4540570296619595,-0.6543183440496418,-0.08511336124321738,1
-2.0511168945627247,-0.6431607365392533,0.27967722576327125,1.7718540298733036,1,0,0,1,0,0,0.021834674520593164,-0.355931228301636,-0.7966945164632545,2.597794589329866,-1.7294493002862446,-2.2813666295689856,-1.1715109811032012,-0.5412294641152728,0.09425037479647187,0.1627916591876765,-0.2676054792463309,0.6792222633862218,0.779507729183314,-0.44373495242045785,-0.9357184959604645,0.26829223699725696,0.8071124695995475,0.41761604709438216,0.569588792901455,0.3614669270176405,1.1856398008741988,-0.19452782308614022,0.1407644044245213,0.580397879664728,0.7556210168763099,-0.3614669270176405,-0.5695887929014557,-0.48105256270404034,-0.9349191994684248,-0.30038180342274146,-0.12149526415595328,0.20557870638343811,-0.655084613695,0.2692014673650073,0.012804842605544792,-0.17027518936292965,1.0004782029001573,-0.2553016945782196,-0.23204180154193166,-0.127311556405765,0.10997909147286698,-0.0012904541294803558,-0.8656330827735822,-0.8213259083916238,0.2860364732784985,0
1.0329145883058024,2.217061286293016,-0.7341991716134544,-0.4281154315628296,1,0,0,1,0,0,-0.24316300256618875,-0.22975178729805104,-0.11865590134220637,-0.29545367807657696,0.12713268758591553,0.0516376607820852,0.9887638398215183,-0.34309211224629016,-0.38994453386633604,1.2270707024964018,1.2981656431036945,0.649945859829369,-1.2381995528236698,0.7653645835266215,-0.925292644758211,-0.398598279734592,1.4733122890335224,1.1639012631027594,0.08301123374971872,0.8041191033027003,-0.6101569146084215,-0.45603316780251235,0.13251441055278496,-0.19678210927752593,-0.5513558665292064,-0.8041191033027003,-0.08301123374971872,0.4659329004628361,-1.009968447893631,-0.7006766169078218,-0.7804407893836761,-0.22112829950298704,-0.11949971898598452,-1.3619827281933365,-1.5375038958772762,-0.23228628620644656,-0.8036612908751883,-0.7864379342253526,-1.317704554364588,-1.060883094792903,-1.057715808149347,-1.3653871733518879,-0.6186874509066087,-0.32030321536567735,-0.9511296417938885,0
-0.9974061379159777,1.0832795835486928,1.4383931084795292,1.478524768348486,1,0,0,1,0,0,-0.14221150653312897,-0.2762695535666538,-0.6047967952025805,0.1952412280755558,-0.6772137489839177,-0.3633571602732711,0.27457078193980305,1.147722594445977,0.3756189406014477,0.11581365865510661,-0.03460942837759253,-0.3884449954240998,-0.3950094131239772,1.4143718658859825,3.053703740263549,-0.5012203442853321,1.1267283140237354,-0.09833413413469402,0.8615353283924961,-1.3842528935050926,1.0314263472767073,1.4838480910013427,-1.0171617836122029,0.9607877277956609,-0.05101019087529776,1.3842528935050926,-0.8615353283924969,1.217950768271826,2.667444724941468,-0.2276009282436361,-0.44450777652248397,7.593435579547688e-4,-0.5920746260821743,0.6769975162545934,0.2896456887631914,-0.35630847989348147,1.7498899926222238,2.476256109321323,2.130871248719146,1.130416766143575,1.5145975939169787,1.7752075988113303,2.8385513952310224,2.073471873536065,1.708777505611744,1
-1.460010860346257,1.2378861793774645,-0.15484123025532542,1.7718540298733036,0,1,0,1,0,0,-0.6469689866984278,0.3895159761527229,-0.3617263482723934,-0.11317903722997104,0.6176913815775852,0.3870321821091512,-0.35365044812149166,1.36389099363083,-0.26840040122111297,-0.5460357026523464,-1.1450520508908881,-0.5827325346892219,0.789037184185291,0.5440267796834417,1.4868407735233948,0.12400831331716866,0.997475506307841,0.33100466795276623,0.2654778184316193,-1.0580753433055055,1.0353447051070448,-0.38249874453700594,0.4915287355035379,1.7267386443672565,1.8117853796120096,1.0580753433055055,-0.26547781843162,0.605195468575612,1.5417059985633763,0.32735324499704527,0.3436427536518511,0.7517636739180628,-0.34003467563087314,-0.38327221085833024,-0.5408768497097485,-0.10826409251941274,1.194770148383656,-0.17942508891434333,0.6437869738444144,0.8192262533478623,1.548443822891536,0.4428340591057229,-0.7010026615289333,-1.1553410370755877,1.275769365336409,1
-0.894605088487027,0.7998341578626126,1.4383931084795292,1.0385308760612593,1,0,0,1,0,0,-0.4703038686405733,0.016210901847185925,0.39307135535292426,-0.4649980265465945,0.7902654552377882,0.37182763047565753,-0.7680266002063847,0.36370342541251616,-0.2743326142452154,-0.2890897433277198,-0.7060078529165746,-0.987023723198921,-0.10544444958597578,0.41905806122746003,0.5882994448888788,0.5289385752605812,0.49173816899196243,-0.07521079952286662,-0.31054414497595056,-1.0381887348318,1.486677560595333,0.09015110382378565,0.9065541313653369,0.8781407435688857,0.8444160790675909,1.0381887348318,0.3105441449759499,0.744458036688388,1.0163612595869336,1.1916261377489248,1.3256007912461045,1.5027680042781708,-0.24551969421163483,-0.22015379130249568,-0.09793149585751397,1.069946747507413,0.7506742729928018,-0.4070549059059717,-1.4363063676981567,-0.840456481562607,-0.48232991558187904,-1.5874494299694895,-0.5363722402842841,-0.9883334727336057,-1.3222794763156045,0
1.0329145883058024,-0.7204640344536393,-0.7341991716134544,1.7718540298733036,1,0,0,1,0,0,-0.24316300256618875,-0.22975178729805104,-0.6431763394547153,0.36999342342690494,-0.6807245688122868,-0.46263393858608265,0.46546885296276824,0.06179552473946181,-1.2166644248445557,0.6408812677910023,0.23771954027962083,0.5768391282425641,-0.4568987758105289,0.8064436068057292,-0.9783143309674959,-0.2607994211273172,1.3793588018320762,1.1207407939507332,-0.03566621970192337,0.8221130942085961,0.15854317907217183,-1.0648701174311235,1.4011427604293503,0.5019593295980517,0.7851382058899029,-0.8221130942085961,0.035666219701922665,0.577342954953057,-1.009968447893631,-0.4823339913705056,-0.5349512799851129,7.593435579547688e-4,-0.05648973137315825,-1.4435419379712537,-1.592872065108806,-0.10826409251941274,0.5286263352973745,-0.7105613285614767,1.464876450769113,2.1028871186301776,2.242291516869952,-0.0647368131630805,-0.5363722402842841,-0.2089648391376897,2.018069034379841,1
0.18480593051695732,-0.02473435322416849,1.4383931084795292,-0.4281154315628296,1,0,0,1,0,0,0.07231042253712305,-0.37279391857400446,0.35469181110078946,-0.45805423070481904,0.17118154302391175,0.06728940511068161,0.9790854467624786,0.12606951873760597,0.298443290666524,0.7647377302810218,0.6225374021364095,0.9548476661429373,-0.25318757413076715,1.054503877964901,-0.09990013899175537,1.4553194661526694,0.38657513318688486,0.7139562055379547,0.1590389773671773,1.1445654112422656,-0.30779429728327523,-0.27311213709536664,1.0544737367586006,-0.6497900521313689,-0.11228983773932097,-1.1445654112422656,-0.15903897736717798,1.3293608227620468,0.19081952690966666,0.9186978558272787,1.6227723026233125,1.7417239275745686,-0.43454965705011084,-0.22015379130249568,-0.319404172783631,0.9459245538203791,0.029018475482663446,0.19995793940503753,1.5561086148718575,1.9732244049652974,1.5145975939169787,0.4428340591057229,-0.28942660841731066,0.29205785388825667,1.4613442825972665,1
0.6217103905899984,1.4440283071491598,0.27967722576327125,-0.4281154315628296,1,0,0,1,0,0,0.16064298156605036,-0.40128605041352367,0.022069094248954552,-0.3527399937712245,-0.10039209412959477,-0.03601210745805471,0.8793599538070146,0.8853295010094618,-0.8386529100926744,0.9152708904066035,-0.02532526476310311,0.35815006684248835,-0.09335754866925737,0.34739167121609027,-0.23495797703745186,-0.6066332990882771,0.11377862410300195,-0.3427242080694548,0.02218903885575044,0.4664671563038157,-0.8756617570754625,-1.4505182679027,0.5368586610441041,-1.1236509885758719,-0.30167939880407263,-0.4664671563038157,-0.02218903885575115,0.35452284597261524,-0.18442671521636386,0.1272058382545045,-0.21193876761858224,-0.15285517856115927,0.2270552128845555,0.02452383803125581,0.012804842605544792,0.07776919801113909,-0.859173275299045,-1.3934507795363622,-0.25028823436248077,0.054216242725068246,-0.39771434314548676,-0.09645999267988113,-0.28942660841731066,-0.09762646290970158,-0.3944048900113141,1
0.4161082917320974,-1.8027102052550381,-0.15484123025532542,1.0385308760612593,1,0,0,1,0,0,0.2363566035908452,-0.4193116848426072,-0.630383158037337,0.3011341146626316,-1.0331301122740464,-0.5552028264723529,0.043644264116687224,-0.9104496599691195,-1.9675587674738386,-0.12573363729350348,-0.4502474578238745,-1.2039932862409346,-0.2958393480279947,1.0611335511361932,-0.48644849303504845,-1.0175120103935422,0.9402951198122343,0.49098736209788546,-0.4633576356367666,-1.1825507815298193,0.9995837296665936,0.7623073093168218,1.667217306784316,1.1022385772546237,1.0646973426274562,1.1825507815298193,0.4633576356367659,1.050835686536495,-0.40957446049198204,0.17269388524144552,-0.39282577454383927,-0.01630893667750248,0.8886600828192224,-0.709509049969999,-0.5962450189412776,0.5118468759157585,0.4731143508735179,0.19995793940503753,-1.1991027410310207,-0.2958730841701091,0.1438253204474232,-2.0315739432046915,-0.37174181903963527,-0.8769950965056176,-1.0748462533011267,0
1.0843151130202777,-0.12780541711001567,1.4383931084795292,-0.4281154315628296,1,0,0,1,0,0,-0.5838743016777656,0.19355988574623387,0.27793272259651985,-0.4256498501098669,0.9714446884127882,0.47781229921501034,0.9970968566241415,1.656624471823835,-1.4793078663312738,0.7605448520614646,-0.20696814442888978,0.4714937854433718,0.6117718069891732,1.105513212297358,1.4299540513595228,-0.7090659114118074,0.9212185598348176,0.028178608589397552,1.367666938986781,-0.7133741297612556,-0.2818716753019095,-0.8412724996647297,1.309720551468674,-0.1139824742667588,0.2965796509885383,0.7133741297612556,-1.3676669389867817,1.7750010407229295,2.2921984828154374,1.9285324989373691,1.1705547853101694,1.5539728449845414,1.3927399837218248,2.7975369704804414,2.0614271041721297,1.6280466190990672,-0.05424950115312168,-0.5588081172337243,1.0269620630759395,1.6361013494366081,1.480751364942421,-0.1916295312302808,0.9453015509175579,0.6260729825722207,0.7190446135538346,1
-0.9974061379159777,0.38754990231922204,1.4383931084795292,0.3052077222492148,1,0,0,1,0,0,-0.14221150653312897,-0.2762695535666538,0.07324181991846762,-0.36952083372218186,0.17507557057628476,0.07310291014701742,1.3074811378273876,2.671050531394218,-0.2413152340875809,1.263614885794367,0.5408838903755157,0.36988169848848496,-0.5507037081651811,1.2448853146531418,2.8398668323298604,-0.34675885636159726,1.2528489273517793,0.03575878908130353,0.74955583532744,-0.2389258302200081,-0.5742096114036646,-0.8211844291415695,-0.01857320024086188,-0.4647586388530372,-0.6682640501442486,0.2389258302200081,-0.7495558353274407,1.1343932274041606,2.5923954765162622,-0.054746349693259644,-0.22485926811324272,0.2738518273252659,-0.5920746260821743,0.5138790966987595,0.17890935030013266,-0.046252995675895824,-0.49834537654397587,-0.7105613285614767,0.2606118846128881,0.20981149912292413,0.008440404549195996,-0.12818317219668063,1.1099319721622063,1.0714264874841732,0.22417816752487937,1
-0.894605088487027,-0.5916252045963298,1.4383931084795292,-0.4281154315628296,1,0,0,1,0,0,-0.4703038686405733,0.016210901847185925,0.7896599792916505,-0.5720482124406329,0.9711895916618916,0.4545582790696671,1.034224416934637,-0.015495790048350881,-0.7303364707919308,1.4161367109838554,0.37005928450998754,0.2172311322934519,-0.4054042340467165,0.37436577792561276,0.7034993192911914,0.26873561763570936,0.4502632061733057,-0.1848361821996077,-0.49837739391320257,0.7905619868667512,-1.0640523532754926,0.72601863270088,1.268447800948894,-1.4666360473357016,-0.6615517503476834,-0.7905619868667512,0.4983773939132019,0.6609004958207222,1.0914105080121401,1.0733572155828786,1.06719078135288,1.2296755205108585,-0.11949971898598452,-0.30171300108041293,-0.09793149585751397,0.9459245538203791,-0.9424412519348303,0.8828473903799233,0.4978155112800227,1.1174504947770867,0.36382580878204385,-0.28679906978068154,-0.20711139779498602,0.18071947766026855,0.2860364732784985,1
0.8016122270906633,-1.4677292476260335,1.0038746524609323,0.3052077222492148,1,0,0,1,0,0,0.40040278464456736,-0.4698997556597127,0.43145089960505906,-0.4771496692697016,0.0085490798874122,0.007365583966912489,0.8722974321154231,-0.26968938842913237,0.16684769593790372,0.7587607301536085,0.9750872167756406,2.300176491956503,-0.1519774884437676,1.2376360049579131,-0.09770987719022432,0.8662193288436534,1.1803165993164133,1.2930443466125285,1.5601216811746321,1.5898567061935227,0.023680500103344018,0.2722735392709494,0.642380497836245,0.1453449400646979,-0.005255003839429583,-1.5898567061935234,-1.5601216811746328,0.5494904413305014,-0.5596729573423944,-1.4830710250832082,-0.8967252938356269,-0.4430159425639276,-1.442709458855317,-0.5463906304141645,-1.149926711256571,-1.3484860293897554,-0.2855494362525249,-0.17942508891434333,-1.1869384524839888,-0.7280821297197106,-0.6289969078049598,-1.4394079255577552,-1.30464753942598,-0.8213259083916238,-0.9717490770450948,1
-1.305809286202831,1.830544796721088,-0.4445202009343899,-0.13478617003801185,1,0,0,1,0,0,0.11016723354952047,-0.3815159997493675,-0.13144908275958464,-0.28098743673954474,-0.19195548305684348,-0.07625945001730262,-0.627199455331711,-0.4158195152354014,0.6544016072725061,-1.3704016611916552,-1.1240119264973218,0.545706838620994,1.4912841901184921,-0.8795457204921343,-0.7694426293405656,1.4998822688494076,-1.2274154981599656,-0.9412447896260472,-0.28338753067176975,1.0253393444398995,-0.00669561017829884,-0.20008540063736444,0.6126481123739412,0.6342400361262449,0.5423282153784851,-1.0253393444398995,0.2833875306717691,-0.8709877534198129,-0.7848207026180125,-0.2912841940253525,0.49868875958778525,-0.05044549714841698,-1.411204465048904,0.5138790966987595,0.7325910426154264,-0.5423417704240322,-0.19302946221276363,-0.4070549059059717,-0.7155722712864762,-0.32180562690308556,-0.0592520533999176,-0.9847090191502859,-1.277209135885205,-1.0440026608476,-0.3944048900113141,1
1.8553229837374106,0.5679242641194551,-0.15484123025532542,0.3052077222492148,0,1,0,1,0,0,-0.81101516775215,4.645891589729874,-0.579210432367824,0.16283684748060365,1.5671797076776843,3.4471717946973013,-0.2676012261519013,-1.0263440911599484,0.3339989259708609,0.46596998184649296,1.032124236793185,0.26831949300695684,-0.800222676922735,-0.2225037682893461,-0.1305254746316701,1.3368405455654016,0.6428274002736504,1.439037895928752,0.6152054390719316,-0.24419747799268982,0.14978287550755204,1.2779319197034076,0.8868081030500773,0.007921262658672757,0.0631283622632753,0.24419747799268912,-0.6152054390719323,-0.2582324537235989,-0.18442671521636386,-0.19121049065408274,0.5116092600824467,0.76883195415352,-0.49755964466293656,-0.46483142063624716,-0.762349526635866,0.20179139169817292,0.3343343898138759,1.5657368413548085,0.7715120035882557,1.1563493088765513,1.0915197317350172,-0.28679906978068154,0.6983559190505837,0.6260729825722207,0.7809029193074537,1
-1.074506924987691,2.1397579883786295,1.0038746524609323,2.9451710759725747,1,0,0,1,0,0,-0.3945902466157784,-0.08729112810045517,-0.6047967952025805,0.20797152045214415,-0.37968226651564924,-0.22785777365713644,-1.5346335266965923,0.5516090219242346,-1.2024270355182873,-0.18399578647302953,-0.5439485182165589,-1.5410216811567699,0.11158845827480947,1.6709793693946056,-0.47632227105817454,0.9749082673384528,1.1011277660574943,1.4708900234745799,-0.2645441656443792,-1.839398094005812,3.803568173343466,-1.2342698884398169,2.6234468279779004,1.3404258809355476,2.1431975364947466,1.8393980940058123,0.2645441656443785,1.7471485271003746,-0.3345252120667762,0.41832933897092733,0.8863037744276221,1.349153482159058,-0.08799472517957138,-1.1173050988595852,-1.149926711256571,1.0079356506638961,4.109149330636137,-1.0140677512169813,0.8080048692293539,2.180684746829105,2.7669080659755845,-1.0798785577006862,-0.7010026615289333,-1.378017789531564,0.7809029193074537,1
-1.100207187344929,1.8563125626925503,-0.8790386569529866,-0.13478617003801185,1,0,0,0,1,0,0.12278617055365294,-0.3914010250814456,-0.8350740607153893,4.625961624781783,-2.4058398535803516,-3.8760557803054088,-0.1913390713580308,-0.6545095234156459,-0.17917521312279552,-0.5657384026227769,-0.4982220029789196,0.15160478927052384,0.3400908868383307,-0.5023946123746141,-1.0134643308112798,0.9227042074500066,-0.25072820152894393,0.6438140230782188,0.6912331826893887,-0.4787858038769716,-0.23592514071678847,-0.11693145727659025,1.1721672619767511,0.5156582908490952,1.2762720900799884,0.4787858038769716,-0.6912331826893894,-0.2582324537235989,-0.7097714541928067,1.1734309189541483,1.5452492996553449,1.349153482159058,0.7941451013999841,0.4323198869208419,0.12354118106860354,1.4420133285685155,-0.27629743884854874,-0.17942508891434333,-0.21379536872138252,0.4043055696202447,0.600749411603942,-0.3819686083310823,-0.6186874509066087,-0.8769950965056176,0.16231986177126023,0
0.5703098658755232,2.165525754350092,0.27967722576327125,-0.4281154315628296,1,0,0,1,0,0,-0.5586364276695006,0.16099744935821195,-0.6559695208720935,0.3815664164965307,-0.22093079326889808,-0.1710643013790866,-0.8277115665855188,1.8647723548505861,0.5577889076974074,-1.1968850591280438,-1.547747789643048,-0.8892763580753672,1.150853198971645,0.010322904415446867,1.259840473663176,0.9103360468562897,-0.4120210208088777,-0.3767462678062588,-0.16027754582615011,-1.0539055705610194,1.1612676065315795,-1.2973780491491347,0.15228381175551725,1.2083615069970568,1.6443285261755838,1.0539055705610194,0.16027754582614942,0.15955525061472892,1.4666567501381707,0.6275743551108558,1.0413497803635572,0.8029685146244333,-0.49755964466293656,0.6769975162545934,0.8433273810784847,0.5738579727592754,1.3613061016552261,-1.0899443568808573,0.7441423543574326,0.7154960824159574,1.209981533145967,1.1407440084753266,0.03983423407198747,-0.4316415915936655,1.5232025883508855,1
-0.35489957898503444,-1.0812127580541053,0.27967722576327125,1.0385308760612593,1,0,0,1,0,0,-0.2810198135785862,-0.18614138142123599,-0.4128990739419065,-0.0842465545559066,-0.16194115617349392,-0.07804822079771365,-1.5701353205564779,-0.5293107066843724,-0.0990904087878887,-0.8324235370343281,-0.6371577914564853,1.212630921918502,0.7860913252095939,-0.3349446622307954,-1.3096120170790773,0.8150524082953897,0.05466530839046644,0.542255893764524,1.2405949430219954,0.4234769879856554,1.8486386245969348,-0.5854450132962394,0.9545089753436502,1.1787556790897755,1.3577436730262549,-0.4234769879856554,-1.2405949430219962,-0.3417899945912644,-1.2351161931692491,-0.10023439668020068,0.33072225315718967,0.3421249482670949,-0.34003467563087314,0.10608304780917345,-0.4301405112466897,-0.35630847989348147,1.8331579692580091,-0.482931511569848,0.2606118846128881,0.7284623537824456,1.209981533145967,-0.3185222492974822,-1.0302635040182315,-0.9883334727336057,0.9664778365683122,0
2.138025869667024,-0.978141694168258,2.8867879618748513,-0.13478617003801185,1,0,0,1,0,0,-0.5838743016777656,0.20635227147009963,-0.016310450003180245,-0.35216134411774325,0.7746319123962297,0.43085706622922115,2.9768038157090424,0.19882741176274699,1.7579634359314245,0.9326793308462676,1.342047430023757,0.7147573853928245,-1.138612761559639,3.6451099180275772,-0.7619932262073547,2.3127832931527417,1.235501285795873,1.868388383326706,1.2994551316290586,-0.31393995325558316,-0.49716728810978605,-1.0362449488601153,-0.07907074339397696,-0.03488767871146495,0.07939021692859133,0.31393995325558316,-1.2994551316290595,3.863939562414569,-0.5596729573423944,0.6548671833030202,1.8553413115272142,2.4073868567573915,-1.0646495331783645,-0.6279498401920818,-1.149926711256571,0.6358690696027934,-0.44283339212011924,-0.9381911455531051,0.16025650409986858,0.09311505682453199,0.0761328624983096,0.28421816152172197,0.36909507656128593,0.23638866577426285,0.16231986177126023,1
-1.5628119097752085,1.8563125626925503,-0.4445202009343899,-0.13478617003801185,1,0,0,0,1,0,-0.20530619155379135,-0.23382209184655378,-0.8350740607153893,4.625961624781783,-2.1302124045540363,-3.7548665599325624,-0.3615940544576891,-0.7538259160301513,-0.6846156346679483,-0.6408154225710465,-1.1667948140910125,-0.5748031182335589,0.99656039031928,-0.6777004903465952,-1.1479050058417506,-0.06853616420522313,-0.456725686614533,-0.23330417551033897,0.5061221547512287,-1.2859286878517078,-0.1743450099543469,-0.11529630851790208,0.8670202719268403,0.41281892126704256,1.2891142848074773,1.2859286878517078,-0.5061221547512293,-0.9266927806649233,-1.3852146900196616,-1.7287064788126896,-1.4910683165900436,-1.552454157868633,-1.0961545269847772,0.18764225758709038,-0.04256332662598434,-1.4725082230767892,-0.27629743884854874,-0.2553016945782196,-0.4601222117987924,0.028283699992091807,0.19459466390925928,-0.1916295312302808,-0.04248097655033679,-0.5986491559356475,-0.2706882785040748,0
0.8016122270906633,-1.1069805240255675,-0.8790386569529866,-0.8681093238500562,1,0,0,1,0,0,-0.5333985536612357,0.15401978441792155,0.11162136417060241,-0.38688032332662053,0.7474826148875222,0.4174412853761385,-0.06571921547950607,-0.6087308845356101,0.9889864700903529,-0.1380403661291578,-0.017239202749707732,-0.8696001095950067,-0.1636852911687182,-0.5408567306747559,-1.798703289511116,2.0831130600750494,-0.45285472310116526,0.44036594771518495,-0.8963291925090734,-0.2970624528398517,-0.4490335036624103,-0.966399226741551,0.7413500948613763,-0.26255936248702777,0.4523434455480848,0.2970624528398517,0.8963291925090727,-0.5367575899491508,-1.685411683720486,-0.12752722487236504,0.9509062769009282,0.700558833211691,-1.1591645145976028,-0.8726274695258333,-0.5962450189412776,0.139780294854656,-0.24854144663662048,-0.7105613285614767,0.9357298989731951,1.2211806657089916,1.0238272737859035,0.6331731362065233,0.2044646553166367,0.06938110143228039,1.1520527538291696,0
2.1637261320242622,-0.9523739281967958,-0.4445202009343899,-0.13478617003801185,1,0,0,1,0,0,-0.6343500496942954,0.3807938949773599,0.5849690766135982,-0.5188124443203543,1.2754996162479835,0.6938063709496408,1.7049435862282831,-0.020025281011318386,-0.895392206556118,1.6536094958926113,1.712668946999773,0.5436547764218379,-1.0932391579815506,1.040803533406932,-1.222496242844845,0.12185975962600301,1.1621718681478586,1.4690919676026766,1.0187373090415193,-0.26889098598050765,-1.3308069324128124,-1.1971845726941557,1.3464884484924107,-1.081530016447473,-0.7922711398999291,0.26889098598050765,-1.01873730904152,1.245803281894381,-1.009968447893631,0.7367456678795146,0.6924962670077037,1.178470679804488,0.9831750642384596,0.18764225758709038,-0.26403600355210183,1.5040244254120325,-1.1644891896302574,-0.9381911455531051,1.0178388466656656,1.6490676208030963,1.0069041592986248,-0.5405845059150832,1.439192814651505,1.4054416161681371,1.3994859768436472,1
2.138025869667024,0.0010334127472937634,2.8867879618748513,-0.8681093238500562,1,0,0,1,0,0,-0.5838743016777656,0.20635227147009963,0.6105554394483548,-0.5222843422412421,1.140158331871535,0.562331718589431,3.14779253828765,-0.256068216451504,1.9777981482452525,1.7690938765499111,2.1017163455981076,0.7709409899411084,-1.7477478585832384,3.5014185991397104,-0.5618637062367987,2.6513803110075105,1.1674016472447846,1.8378053116076807,1.5099934985697145,-0.446121606601945,-0.8785059419519456,-0.21140106338168688,-0.0393348108613123,-1.2323562048548429,-0.9380749958579071,0.446121606601945,-1.5099934985697152,3.7803820215469033,-0.3345252120667762,0.74584327727690225,2.1395923224097615,2.663411060289247,-1.348194477436079,-0.38327221085833024,-0.983822203561983,0.7598912632898273,-0.7789892977979186,-0.09511774928781422,0.34880297657887444,0.2732021591368654,-0.25292769697654904,0.2701189706253664,1.1648087792437567,1.0033863686781808,-0.11260594157815922,1
-0.9717058755587404,-0.9523739281967958,-0.15484123025532542,1.7718540298733036,1,0,0,1,0,0,-0.00340319948767178,-0.3565127003799935,-0.7711081536284979,1.4376020340998823,-1.4883057890779408,-1.3851924685830654,-0.8495702215390357,-1.7813592813730943,-1.9588583406749875,-0.42751978906475185,-0.29833224876959513,0.3391523717408936,0.18176078910481328,-0.5665927447645709,-1.203626709892793,0.03486428718329759,-0.2705962979688025,-0.04252956333296236,0.07500831336893375,0.38817105265189955,0.6152152792721748,1.2392047025687423,2.7128602201657497,0.30923299672386945,0.34632469362340246,-0.38817105265189955,-0.07500831336893446,-0.4253475354589299,-1.009968447893631,0.6275743551108558,0.5503707615664309,0.4103980692089227,0.5736101447550955,0.35076067714292497,0.34501385799472056,0.6358690696027934,0.5841383197212315,1.1863538130354276,0.06902433999712428,1.4675398216722642,1.5315207084042572,-2.380528917889494,-0.20711139779498602,-0.04195727479570725,0.34789477903211874,1
1.932423770809123,1.8563125626925503,-0.8790386569529866,-0.13478617003801185,1,0,0,0,1,0,-0.15483044353726144,-0.2751066094099387,-0.8350740607153893,4.625961624781783,-2.180874099947691,-3.7866172412848575,-0.9735598827562207,-0.3340682338625162,-0.1656681001034121,-1.864597179747738,-2.195651106638781,-1.5684013710558435,1.3870110515759275,-1.506141087714885,-0.5845250581062023,0.5183704449816462,-1.8561448120222903,-1.4340863874126697,-1.4375436385994584,-0.7133741297612556,-0.15115971247783297,-0.12704523644442595,0.7473861485069883,0.6784290737582984,1.4543477377201253,0.7133741297612556,1.4375436385994576,-1.4558905394934718,-0.7097714541928067,-0.646090960523493,-0.3023822710812103,-0.9892009100985523,-0.844114576533476,-0.30171300108041293,0.4557501964577793,-0.4803306735805153,-0.3040534310604773,-0.3311783002420958,-0.669956189235104,-0.21807545597118072,0.05920974801103089,-0.28679906978068154,-0.8656330827735822,-1.211010225189582,-0.332546584257695,0
0.13340540580248203,-1.1069805240255675,0.714195681781868,-0.8681093238500562,1,0,0,1,0,0,0.551830028694157,-0.5199063543984607,0.11162136417060241,-0.38688032332662053,-0.25469599729469494,-0.10085504824795413,0.07195531792447019,0.21929453756067147,0.11990289827060698,-0.5269233006654617,-0.8176700961598832,-0.3091834156975815,1.0434515266664182,-0.38107161040257154,-0.34779225603683006,0.8379527492639738,-0.8813556576428317,-0.5230171482481121,-0.01001094667634824,-0.41176056791003435,-0.4808178842450511,-0.6493992821323987,0.6781504224484354,-0.16209779821913317,0.5523867229533432,0.41176056791003435,0.010010946676347532,-0.3696425082138195,-0.3345252120667762,-0.027453521501095285,0.4082452561251572,0.017827623793410803,-0.5920746260821743,0.758556726032511,0.8433273810784847,-0.23228628620644656,-0.3040534310604773,-0.4070549059059717,0.8171280856396278,1.078551680677623,0.9392117013495113,0.6331731362065233,0.2044646553166367,0.013711913318286572,0.904619530814692,0
0.930113538876852,0.7998341578626126,0.27967722576327125,-0.8681093238500562,1,0,0,1,0,0,0.08492935954125552,-0.3838418880627976,-0.5536240695330674,0.15589305163882816,-0.7435711797797541,-0.4156787056002934,0.5989496027441849,1.2036298927820979,-1.4240432915537042,0.7846903950538195,-0.051667620003522534,0.5988063909553794,0.13820302915895447,0.12958278198974882,-0.12298538474763833,0.06498496210139555,0.33891092504566217,-0.002412524640144702,-0.5860329100839196,1.3979208031972914,-0.7033764137289104,-1.7752238599344201,2.012018505072626,-0.724007827882566,0.0648150757248395,-1.3979208031972914,0.5860329100839188,-0.007559831120602114,-0.25947596364157,-0.45504116317834126,-0.354064273059855,-0.20406001926752979,-0.6235796198885869,-0.709509049969999,-0.5408768497097485,-0.4803306735805153,-0.7203933142394032,-1.6969572021918669,-0.350643614875499,0.6895635396829819,0.3299795798074865,-1.3336639938350878,-1.0302635040182315,-0.5429799678216537,-0.08511336124321738,0
-1.1516077120594044,2.165525754350092,0.27967722576327125,-0.4281154315628296,1,0,0,1,0,0,0.19849979257844777,-0.41000813158888666,-0.6559695208720935,0.3815664164965307,-1.087010773287144,-0.6102075279699917,-1.5651903755989738,-0.7367912029178243,1.3852634492363922,-1.6856266354826357,-1.377410646511128,-1.2823708939912881,0.6504051425133054,-1.0261800745258933,-2.095389799476742,1.8632325495108584,-0.9746980163819948,-0.40030639816843056,-1.3328496965688592,-0.42709685071602743,1.1510882788733823,-1.0878464535468573,-0.021332518910056025,1.3106789687125737,1.399880015986777,0.42709685071602743,1.3328496965688585,-1.038102835155144,-1.9856086774213102,-0.5824076947417753,0.3953247556304958,-0.03337721691295973,-1.5687294340809674,-0.9541866793037505,-0.4855086804782194,-0.5423417704240322,1.2225261405955843,-0.9381911455531051,0.41570656358755365,0.3394742127878045,0.8715192434003977,0.728342674756924,-0.37174181903963527,-0.5986491559356475,1.3994859768436472,0
0.9558138012340891,-0.9523739281967958,-1.6032360836506476,-0.13478617003801185,1,0,0,1,0,0,0.03445361152472564,-0.3681421419471442,0.5849690766135982,-0.5188124443203543,0.3134158449118338,0.11782217965729289,0.37463673181522716,0.15077922207995617,0.006789627744249793,-0.2384399760396872,-0.0063543862388531136,-0.7841333101537136,0.03176464436696121,-0.7966048663330747,-0.854002982628081,0.8161160284925434,-1.4155619934043566,-1.5143766952812983,-0.9462874490712617,-0.13094794135889734,-1.3168996915894693,-1.0624706547714946,0.8108362541249949,-1.081530016447473,-1.4702330801123755,0.13094794135889734,0.9462874490712609,-0.8988402670423681,-1.009968447893631,-0.973604898829468,-0.4574282770171454,-0.9550643496276378,-1.6317394216937933,-0.05703537174666111,0.4557501964577793,-1.2864749325462383,-1.2107491766501381,-0.9381911455531051,0.2879815338437111,0.6765972683164937,0.1607484349347019,-1.175048096251087,1.439192814651505,1.4982235963581267,0.3685142142833251,0
-1.074506924987691,1.0575118175772313,1.0038746524609323,-0.4281154315628296,1,0,0,1,0,0,-0.3945902466157784,-0.08729112810045517,-0.34893316685501513,-0.1502126150527735,0.07660068919937087,0.04895450461146867,1.8808792446594935,0.33414565353156306,0.24182974878724886,1.3922554488308807,1.0060341809258528,-0.5656815370808433,-0.66759850568533885,1.9936222638778678,-0.8844794650477936,0.724419516651107,1.323414987515542,1.4033842988590854,-0.5252107151899527,-0.2506245554141756,-0.6234044994442859,-1.34467750757712,0.3973823835457971,-0.5685716430025973,0.062237914547528105,0.2506245554141756,0.525210715189952,1.7750010407229295,-0.8598699510432187,-0.16391766246191838,0.22735824919990022,0.76883195415352,-0.4660546508565234,-1.1988643086375024,-1.149926711256571,0.5118468759157585,-0.3318094232724056,-1.0140677512169813,1.5196157492307591,1.5323711785047043,1.1592121896841308,1.2359135470257274,0.28677986593896093,0.18071947766026855,1.3994859768436472,1
-0.35489957898503444,3.067397563351258,0.27967722576327125,0.3052077222492148,1,0,0,0,1,0,-0.2810198135785862,-0.18614138142123599,-0.19541498984647596,-0.25899874990725574,0.09866791162471553,0.05700397312331826,-1.84199549824366,-1.1270440838699347,0.03505535690233963,-0.6140607596683868,-0.18100650468754503,0.4989350655170743,0.20694417583389807,-0.5457762007219931,-0.9096421850198221,0.4350137844999214,0.4038857947224396,0.5842442189079505,1.5427439112049288,-0.8495867060811616,2.0160064303732916,0.635643802990315,0.3892250536060692,1.2300427107858287,0.8057180869154253,0.8495867060811616,-1.5427439112049297,-0.5924626171942612,-0.9349191994684248,-0.4095531161914002,-0.1344157646506147,0.03489590402886805,-0.43454965705011084,0.10608304780917345,-0.5408768497097485,-0.728375060954584,1.9441819381057224,0.6552175733882943,0.16025650409986858,0.3394742127878045,0.8376730144258402,-0.4136917878478824,-0.04248097655033679,-0.4316415915936655,0.10046155601764112,1
-0.4577006284139859,0.0010334127472937634,0.714195681781868,-0.8681093238500562,0,0,1,1,0,0,5.700356326380206,-0.7856390942078538,0.6105554394483548,-0.5222843422412421,-1.0020354792267803,-0.2005790192558684,0.13111803092638386,0.21183481588114522,-0.5949228090868552,0.7877088489473418,0.3513139347912514,0.09017599783029633,-0.15455160590685604,-0.5182859694097721,0.0534078972949076,-0.799787171438181,0.06639969487635701,-0.23991929483396912,0.6912331826893887,-0.5625673488356443,-0.7001880476268493,-0.23724707372429513,0.009570433939216662,-0.9983030353744883,-0.6909598160712471,0.5625673488356443,-0.6912331826893894,-0.6203151308168162,-0.18442671521636386,-0.6915790075104341,-0.9613277963089331,-0.8867912286858101,-0.08799472517957138,0.5954383064766764,0.2896456887631914,-0.790386157798101,-0.6371253376036178,-0.17942508891434333,0.15113328768959466,0.13201387092399572,-0.2792525417345383,0.15732544345452057,1.0276167615398821,0.793080546914203,-0.2706882785040748,0
-0.9717058755587404,-0.4370186087675581,-0.15484123025532542,-1.161438585374874,1,0,0,1,0,0,-0.00340319948767178,-0.3565127003799935,1.6468031342559943,-0.6617389087302327,0.7052083239296482,0.23722262924972837,0.2930261559034209,-0.9326537862899065,-0.5164779943286929,0.77566325658952,0.46449898965944714,0.3796993510500654,-0.4967939198379404,-0.4865748416519592,-1.3844738968607255,0.16687433562121207,-0.02141508003392329,0.19593895413543522,0.5745878774132874,-0.05200463268990121,-0.8936398514733952,-0.10683896620114768,0.8737353343622958,-1.0691058448124775,-0.41257518355317974,0.05200463268990121,-0.5745878774132882,-0.3974950218363748,-1.2351161931692491,0.34554846379182197,0.3824042551358344,0.3591932285025509,0.29006520049738066,0.4323198869208419,0.17890935030013266,0.3258135853852078,-0.7759052986632599,0.04820472807728505,0.4795690784594736,0.8840576101803024,0.34690269429476517,-0.033013633646279864,0.6983559190505837,0.7374113588002092,0.10046155601764112,1
1.5983203601650333,-1.2873548858258006,0.27967722576327125,1.0385308760612593,1,0,0,1,0,0,-0.8236341047562825,4.8348700151960715,-0.7839013350458762,1.9352407360937904,1.1681743538733984,2.2227581955059588,0.06408177691436046,0.7719172274462687,0.1381151833219066,-0.4457718177307104,-0.4128353141431205,-0.26599286023179003,0.47765287037845044,0.22760282423649283,-0.28152311880280095,1.2226679276247954,1.2939810806490122,1.9644969894596422,1.0187373090415193,-1.373153796310799,0.13831078949199938,-1.3415043000267028,1.0398552711304112,1.8852984562888284,2.4546550792876447,1.373153796310799,-1.01873730904152,0.35452284597261524,-0.10937746679115769,0.5365982611369737,1.1317932838261862,1.690519086868198,0.06953024385249205,-0.5463906304141645,-0.983822203561983,1.1939689411944467,-0.10976148557697851,-1.3934507795363622,-0.8615437338508666,-0.2569742700706454,0.4822876101929924,-0.667477223982284,-1.6064699783745033,-2.1017172350134863,-0.45626319576493324,1
-0.7147032519863632,1.5986349029779314,1.7280720791585935,0.3052077222492148,1,0,0,1,0,0,-0.6217311126901629,0.3691644534102092,-0.8478672421327675,4.8140227621632015,-1.876339602949156,-3.4364653610194007,-0.14689244101687396,0.038258462313778656,-0.38472964112287217,-0.36335909765109164,-0.8354354846804182,-0.04619591916700893,0.7561810009641512,0.17441641693681068,-1.0984610211902772,1.2298462577250326,0.5853074620089586,0.7567066852688082,-0.19575715951429745,0.13114384342216265,0.37853234370975725,-1.1529250773439816,1.7618151910269484,1.0712555590465223,1.824883843502906,-0.13114384342216265,0.19575715951429676,0.605195468575612,-0.7097714541928067,1.6556042170157228,2.1783538238937448,2.3903185765219357,0.1010352376589052,0.02452383803125581,0.12354118106860354,2.0621242970036877,0.44535835866158957,-1.0140677512169813,0.3518440487156324,1.2471132084419672,1.6838287387897632,-0.5088613263982832,-1.277209135885205,-1.378017789531564,1.1520527538291696,0
1.7782221966656961,1.830544796721088,1.0038746524609323,-0.13478617003801185,1,0,0,1,0,0,-0.7226826087232228,0.8459715576633873,-0.1442422641769629,-0.28098743673954474,1.192114343301439,0.8677643293446123,0.5348032631946339,0.18669515495029443,1.1589923017316768,-0.3504906664649649,-0.1304039426801727,1.2663365866410672,-0.1686236863657864,0.7138290815946505,-0.07390135806749609,1.8750828872854064,0.24432475442871693,0.43574904190632013,0.5873904109192033,1.1445654112422656,-0.03040734848916565,-0.3302777174157744,0.2998961664784048,0.7157585227869828,0.5949556398954614,-1.1445654112422656,-0.587390410919204,0.29881781872750485,-0.40957446049198204,-1.06458099280335,-0.06981326217730856,0.03489590402886805,-2.041304341177158,-1.2804235184154193,-1.592872065108806,-1.3484860293897554,-0.24854144663662048,-0.5588081172337243,-0.8615437338508666,-0.5940973255993336,-0.29617565622181696,-0.826093121566285,-1.3595243465075295,-1.0996718489615938,-0.5181215015185524,1
0.8530127518051386,-1.2873548858258006,1.0038746524609323,1.0385308760612593,1,0,0,1,0,0,-0.40720918361991093,-0.07856904692509216,-0.7839013350458762,1.9352407360937904,-1.1531482284226375,-1.5560200781123177,0.9032496193900363,0.381757130199616,-1.0492855827611831,-0.22647255518810705,-1.0205017991188432,0.060269474553441796,0.6521832794885809,1.513657825800799,-0.42753336925984997,-0.31139891089381583,1.4730257206629729,0.7760210607725669,0.5274811195133241,-0.440948977121442,0.2564384813585159,-0.9522671858042069,1.1214826686578372,1.766576900772198,2.084335844515435,0.440948977121442,-0.5274811195133248,1.6357384726101538,-0.25947596364157,0.5184030423421971,0.26611975068388355,0.8712416355662611,0.3215701943037938,-0.709509049969999,-0.983822203561983,0.2638024885416898,-0.1375174777889068,-1.1658209625447336,-1.308581337954314,-0.6329961396987983,0.04228663352375219,-1.2702176348014877,-1.853415610241477,-2.1573864231274804,-0.8892713360402683,0
1.7782221966656961,0.2587110724619126,1.0038746524609323,-0.4281154315628296,1,0,0,1,0,0,-0.7226826087232228,0.8459715576633873,0.40586453677030254,-0.4609474789722255,1.5671797076776843,1.006841257521569,0.149475060883769,0.39698129507786534,0.9204304817142595,0.19701053269909102,0.222941170146959,0.2938609378689446,-0.6193168419689765,0.9242852228392273,-0.24208343562377363,1.79474820941675,0.19944705547831898,0.5193354255983903,-0.09305301462755473,0.4930801176436278,0.7156861933550691,-0.7873831574366832,0.5452895624992922,-0.06838023351901512,0.21719552270816053,-0.4930801176436278,0.09305301462755473,0.35452284597261524,-0.6347222057676005,-1.3738997123145495,-0.40574627503850064,-0.3064697006802721,-2.041304341177158,-1.6066603575270884,-1.7589765728033937,-1.4725082230767892,0.3620903820258042,-0.9381911455531051,-0.8706669502611417,-0.4903671546674297,-0.48232991558187904,-0.826093121566285,-0.8656330827735822,-0.7656567202776299,-0.7036964187794109,1
1.8296227213801723,1.0832795835486928,-0.15484123025532542,1.478524768348486,1,0,0,1,0,0,-0.1295925695289965,-0.28499163474201683,-0.5920036137852022,0.1952412280755558,-0.6569574689866775,-0.37006505069981244,-1.0022241467218647,-1.5267203640556808,0.6897482971416466,-0.579927001554461,-0.15706290326152933,-1.120794466004785,-0.5409796190082748,-0.17402485474782295,-0.4226278138730635,0.22235188725845728,0.3479582978872835,0.11378746584388615,-0.11972941589683889,-1.409883798366137,1.219733488465839,1.6720923464451387,-0.7194668257368764,1.1284734571998556,0.3152807800106,1.409883798366137,0.11972941589683818,-0.3696425082138195,-0.6347222057676005,-0.8735311954581982,-0.6383152839424023,-0.47715250303484213,-0.9386295579527137,-0.38327221085833024,-0.3747723420151606,-0.8523972546416179,1.6943780081983673,2.3245028979935705,1.4283835851280149,0.7673611678819103,1.2269046476332444,1.2041903675089267,2.2623449208747504,1.5167799923961247,1.275769365336409,1
0.3647077670176212,-1.0812127580541053,-0.15484123025532542,0.3052077222492148,1,0,0,1,0,0,-0.4198281206240434,-0.05065838716393051,-0.68155588370685,0.4735717114000556,-0.5757398776479034,-0.4049460809178273,-0.8387911373888925,-0.5124323015859767,1.500100379155183,-1.4379600012084082,-0.8940144129506619,0.15080309148393153,0.9794316806253018,-0.7755378763870587,-1.8329252799957323,1.8781269000764949,-0.9642857847836764,-0.2573780041053662,0.6380137621571677,-0.42709685071602743,0.3914511867775977,-1.1328548927872668,-0.16335106325619622,0.9864219145443108,0.9109829956091695,0.42709685071602743,-0.6380137621571684,-0.7038726716844818,-1.685411683720486,0.1908891040362222,1.1576342848155081,0.6493539925053206,-1.033144539371952,0.8401159358104279,0.5664865349208381,-0.23228628620644656,0.3065783976019474,-1.0899443568808573,-0.15905607025973648,-0.21807545597118072,0.17767154942198057,0.1890486229713212,-0.37174181903963527,-0.5986491559356475,-0.023255055489598248,0
0.6217103905899984,0.8256019238340739,0.27967722576327125,-1.6014324776621007,1,0,0,1,0,0,0.1480240445619179,-0.40128605041352367,-0.38731271110714993,-0.10218469381382655,-0.5022370993196112,-0.22964654443754745,1.046691336267514,0.6743612302877328,-0.6365453628906832,0.27401057202720025,-0.6287939938828625,-0.08869018901036511,0.39594922169868185,0.604699959146114,-0.24066174914358823,-0.6343874377959245,0.29051800054397164,-0.25357940799547296,0.06512235289855199,-0.18555039652161812,-0.8512407081556712,-1.1666716092111888,0.23268064057381957,-0.0820979288391301,0.5698920511596717,0.18555039652161812,-0.0651223528985527,0.605195468575612,-0.18442671521636386,0.14540105704928116,-0.21193876761858224,-0.08458205761933026,0.2270552128845555,-0.05703537174666111,-0.09793149585751397,0.07776919801113909,-0.859173275299045,-1.1658209625447336,-0.40538291333714505,-0.23104172733766892,-0.24540631275998087,0.09387908442092041,-0.6186874509066087,-0.7656567202776299,-0.2706882785040748,0
-1.280109023845593,-1.0039094601397194,1.0038746524609323,1.478524768348486,1,0,0,1,0,0,-0.7605394197356201,1.9420464253673393,-0.2593808969333673,-0.2260157196588223,1.3436899124154933,1.6682392535785433,-0.5845769686468143,-2.5730303869281648,1.1850253424877262,0.4738173771348074,1.776574396312184,-0.9343531461203494,-2.035000734497475,0.22760282423649283,-1.0633012442694592,1.1272109001168464,1.9509326941912368,2.389741190789113,-0.45503125954306783,-0.8230517886162441,1.0402865652994489,2.4663731109096223,-0.48723109495205424,1.2944147553303185,0.023483422773018056,0.8230517886162441,0.4550312595430671,-0.14682239923337803,-1.2351161931692491,-1.264728399545891,-0.5866332819637576,0.15437386567706757,-1.1591645145976028,-2.259134035750426,-2.423394603581746,-0.6043528672675491,0.9727222106882286,2.3245028979935705,0.041654690766301246,-0.21807545597118072,0.2961333508329291,-0.44541496736468245,0.7806711296729086,0.4033962301162448,0.038603250264021984,1
0.7502117023761872,2.5262744779505577,-0.4445202009343899,-1.161438585374874,1,0,0,1,0,0,0.8294466427850714,-0.5803794505476442,0.16279408984011548,-0.40308251362409664,-0.3409489094174851,-0.1348416930757635,-0.23840163847898527,0.7462787092316351,-0.02509122186952928,-0.8116021001323269,-0.7474453124204162,0.36512279538000464,1.6497777012330315,-0.5310598733009599,-0.5001833799727703,0.5475105303198917,-0.6397712333027584,-0.3859037206052874,0.9848575718326791,-0.4787858038769716,-0.19912548647033068,-1.5253636786832354,0.5844958221137926,0.46203587367381754,0.5949556398954614,0.4787858038769716,-0.9848575718326797,-0.20252742647848845,-0.03432821836595151,1.6465066076183352,1.7390568070752632,1.3320852019236007,0.6996301199807459,3.042214599814193,2.5597406272558936,1.5040244254120325,-0.38732140769626244,-1.5452039908641146,-0.8615437338508666,-0.46443461193445323,-0.2623294272472596,-0.8895394805998851,-0.6186874509066087,-0.8769950965056176,-0.5799798072721716,0
-0.7147032519863632,1.4440283071491598,1.7280720791585935,-0.4281154315628296,1,0,0,1,0,0,-0.6217311126901629,0.3691644534102092,0.27793272259651985,-0.427964448723792,1.0784271873547575,0.6146532639164533,0.7125486730365155,0.3304443068657264,0.5427905277102638,1.1054671314174773,0.6442775373682592,-0.4731482044206957,-0.9249587290042881,0.10272930709796062,-0.9253838599594748,1.0778904506214542,0.13103506715708027,0.3938856375495157,-0.6501878279857761,-4.693472038239746e-4,-0.8881703619854089,-1.3805744179912156,0.3411631165455381,-1.3634826462049288,-0.45303969124436805,4.693472038232714e-4,0.6501878279857761,0.4659329004628361,-0.5596729573423944,1.4372615914784068,1.881182312516537,1.8612018892227682,0.16404522527173035,-0.13859458152457876,0.17890935030013266,1.876091006473136,-0.859173275299045,-1.317574173872486,-0.1681792866700104,0.028283699992091807,-0.5161761445564365,0.15732544345452057,0.36909507656128593,0.4033962301162448,-0.3944048900113141,1
0.2619067175886707,2.5778100098934824,-0.4445202009343899,-0.8681093238500562,1,0,0,1,0,0,0.4130217216486998,-0.46582945111120994,11.446380099967746,-0.8046653731401109,1.4855528976154349,0.26360699826079087,0.657378560051532,-0.9042268658238352,0.04195484939225221,-0.1781841933680384,-0.29243103099728734,-0.46944216970255687,0.088694806783171,0.5062471018167957,-0.7073190692968957,0.3350317242742721,-0.3382583222295442,-0.32438535890528175,-1.1128149709452282,0.4634132099205562,-0.4082647509124184,0.5325030344065032,0.2793208879443446,-0.09469581229638074,0.0634754959044433,-0.46341320992055685,1.1128149709452275,0.10385022336961848,-0.9349191994684248,-1.155557086777232,-0.8321227913623208,-0.9038595089212672,-1.1276595207911904,-0.9541866793037505,-0.5962450189412776,-1.0384305451721696,-0.49834537654397587,0.27583454506891375,-0.5513543759015367,-0.3347718982695729,-0.3469449996836519,-0.5088613263982832,-0.6186874509066087,-0.48731077970765985,-0.5799798072721716,1
1.5983203601650333,0.8256019238340739,-1.168717627632051,-1.6014324776621007,1,0,0,1,0,0,-0.6974447347149578,0.5784944016189215,-0.38731271110714993,-0.10218469381382655,0.7872051189147748,0.523873146810594,0.2891212681741874,0.8747001645513741,-0.5150752288797836,0.27785512906608784,0.16638358451682422,0.0959955675456861,-0.037119241968995006,-0.511101687297836,0.15456709234815036,-0.3883147828235993,0.23658201842319201,0.5866020169555186,0.2430696413654208,-0.11014700605881247,-0.9127169452087424,-1.0457115065400342,0.31390618519815094,-0.1407736739688029,0.356395888070236,0.11014700605881318,-0.24306964136542153,-0.17467491285593337,0.7161642658861095,1.6737994358104995,1.1705547853101694,1.2296755205108585,2.0858498474629035,0.4323198869208419,0.34501385799472056,2.0621242970036877,-0.8314172830871166,-0.9381911455531051,0.20587258615124074,0.3394742127878045,0.2622871218583729,0.31594134103852145,-0.28942660841731066,-0.3759724034796717,0.22417816752487937,0
1.3670179989498932,0.8513696898055362,-0.4445202009343899,1.0385308760612593,1,0,0,1,0,0,-0.6848257977108253,0.5552355184846202,-0.42569225535928473,-0.07556680975368728,0.6742653199713425,0.48541457503175717,-1.5522722411089662,-0.8804213910231252,2.05662358959443,-0.7044615340971955,0.8177044790897134,-0.29583405464334295,-0.31721087995478237,-0.950789024177825,-1.6203941898578733,2.1262368873701236,0.2671166917243596,1.5322891658994562,0.6060821098378343,-1.004587223962434,1.2084551476049066,-0.41486933841628526,-0.674810325970419,1.2165504235343079,0.43292626393172506,1.004587223962434,-0.606082109837835,-0.9266927806649233,-1.535313186870074,-0.2276009282436361,0.8733832739329616,0.9565830367435462,-0.844114576533476,-0.7910682597479163,-1.0945585420250417,0.20179139169817292,1.4168180860790833,-0.17942508891434333,0.7623887871779818,0.2616765845888761,0.7530574419894479,0.728342674756924,-0.20711139779498602,-0.6543183440496418,0.22417816752487937,0
0.8016122270906633,0.38754990231922204,-1.6032360836506476,-0.13478617003801185,1,0,0,1,0,0,-0.05387894750420167,-0.32802056854047434,-0.4896581624461761,0.02280363133813179,-0.5114843405147234,-0.2698938869967954,-0.24241507219623992,-0.15657189182617848,-0.21078288863023822,0.27354532064013837,0.5447011787373832,0.3869740533151851,-0.19581886344618551,-0.9775319650118187,0.29265858661959104,-0.2742537978732256,-0.3958824638481489,-0.1754096683531292,-0.37315522795503414,0.8978772664439514,-0.6396543626059796,0.5080787827341843,0.012548652098952185,-0.762092354988159,-0.8793916100495356,-0.8978772664439514,0.3731552279550334,-0.8431352397972577,0.491016520610491,0.6184767457134681,0.369483754641173,0.18851042614798086,0.8256500952063961,-0.05703537174666111,0.12354118106860354,0.38782468222872474,-0.5261013687559044,0.6552175733882943,0.4704458620491997,0.4043055696202447,0.05920974801103089,-0.0012904541294803558,-0.12479618717266176,0.3477270420022505,0.2860364732784985,0
-0.9974061379159777,-0.9008383962538722,1.4383931084795292,1.478524768348486,1,0,0,1,0,0,-0.24316300256618875,-0.22975178729805104,-0.4768649810287978,0.01875308376376277,-0.3068336510588172,-0.19118797265871057,0.3889892105575358,1.1524654621469228,-0.4929049602488042,0.40645359994283514,0.17366758552479625,1.6629946092020529,0.785007248574692,0.9887098702839284,2.5734773618641396,-0.4875471164280078,1.1846436037189276,0.15121820739896474,1.2021396197987126,1.0758588642714124,0.44700828644710944,0.9962581124856152,0.18387975992854658,0.6255797275150514,-0.07814121943058881,-1.0758588642714124,-1.2021396197987133,0.9951306592913848,2.5173462280910557,0.20908432283099887,-0.08273376267196997,0.39332978897346543,-0.11949971898598452,0.8401159358104279,0.2896456887631914,0.07776919801113909,0.5286263352973745,1.1104772073715516,0.40658334717727845,0.4432043837197094,0.6853649840403343,-0.4771381468814831,-0.9479482933959068,-0.5986491559356475,0.47161139053935697,1
0.544609603518286,-1.2873548858258006,0.27967722576327125,1.0385308760612593,1,0,0,1,0,0,-0.4955417426488382,0.05516953109714072,-0.7839013350458762,1.9352407360937904,-1.00139976970615,-1.453165758238684,-0.2498667811653001,-0.033941413698255096,0.4700792290017248,-1.183508956599782,-1.0935998427672073,0.5168531562574773,1.1510775553784178,-0.3459329507323239,-1.341578314552374,1.8064785304841422,0.3304157392788844,1.0349403301422495,1.0042885975848093,-0.29111514316954507,0.0017937132740970918,-1.2973780491491347,1.1727226532184782,1.9264788377811335,2.4321511532983644,0.29111514316954507,-1.00428859758481,-0.11896988561082296,-1.0850176963188372,1.0278691685959374,1.9328643144951818,2.014816411341881,-0.34003467563087314,0.35076067714292497,-0.09793149585751397,1.1939689411944467,-0.27629743884854874,-1.3934507795363622,-1.0805009276974533,-0.39960325510201306,0.34690269429476517,-0.9847090191502859,-1.9357308208638015,-2.213055611241474,-0.45626319576493324,0
-0.2006980048416086,-0.17934094905293926,-0.4445202009343899,-0.4281154315628296,0,1,0,1,0,0,0.19849979257844777,-0.4105896036672442,-0.054689994255315046,-0.33422320485982326,-0.18481164551663556,-0.05747735682298693,0.2929851971772877,0.5901460545189788,0.21567316502072326,0.18290864886085145,0.10211150547768794,-1.6392369497367276,-0.4669053120003761,-0.05024075139674117,-0.6925722612686559,1.2407905653931446,0.5927593284288362,0.9436245465373786,-1.3016642670278302,-0.9447489169347935,-0.4576030155524095,-1.5037976680654712,0.952042415157029,0.3406722189467518,0.788515749947977,0.9447489169347935,1.3016642670278296,-0.11896988561082296,-0.7097714541928067,-0.2639913658331881,0.3953247556304958,0.6322857122698633,-0.8756195703398886,-1.5251011477491712,-1.2606630497196296,-0.17027518936292965,-0.10976148557697851,-1.1658209625447336,1.7112032938465216,2.051022033164225,2.1069066009717248,0.7600658542737248,0.6160407084282594,0.18071947766026855,1.8324941171189824,0
1.0843151130202777,-0.2051087150244015,-0.4445202009343899,-0.4281154315628296,1,0,0,0,1,0,-0.29363875058271866,-0.19428199051824147,0.188380452674872,-0.4059757618915031,0.4136305226432423,0.16433021994797936,-0.3040769395552465,-0.33801980436425866,-0.7655437554239823,-0.912927095716728,-0.943265793258647,1.6593548702374665,1.2299357569485074,-0.6000163372242032,-1.272645953415433,0.3109725546644058,-0.6236608310786935,-0.2760757535170434,0.872405678118227,1.3979208031972914,-0.17670286787257383,-0.8109659889228724,1.3590213868910863,0.6148942048338786,0.9567574890645478,-1.3979208031972914,-0.8724056781182278,-0.23037994010104354,-0.8598699510432187,1.937630108334758,1.8424208110325537,1.434494883336343,1.2667200084961745,1.7372672433675176,1.3416409041622488,1.5660355222555504,-0.27629743884854874,-0.8623145398892288,-0.4509989953885172,0.2746428559553643,0.5161338391675497,-1.0798785577006862,-1.5241547677521787,-1.211010225189582,-0.20882997275045564,1
0.4161082917320974,0.0010334127472937634,0.27967722576327125,-0.4281154315628296,1,0,0,1,0,0,5.3091692792520995,-0.7815687896593511,0.2267599969270068,-0.4134982073867598,-1.1603970522005125,-0.281520897069467,0.3881293175211902,0.5799593211792323,-0.9176419677550942,0.5067406812034116,-0.025944589277577448,-1.5297012324484993,-0.8193387218479871,0.40621655142928575,-0.2491664807661297,-0.13874900350373323,0.15796346821324436,0.26564428105150034,-2.7148097313727666,0.6061852033378367,-0.13381647224387247,-1.0456218797878207,1.1150179434907437,-0.52794009704564,0.29307917370496,-0.6061852033378367,2.7148097313727657,1.1900982546492709,0.5660657690356972,2.720024516510143,2.204194824883068,2.185499213696451,2.27487981030138,-1.85133798686084,-1.0945585420250417,2.00011320016017,0.0012624832707351544,-0.8623145398892288,0.589047675382767,1.1174504947770867,0.8038267854512828,0.09387908442092041,-0.5363722402842841,-0.32030321536567735,0.5953280020465953,0
1.958124033166361,0.0010334127472937634,-0.8790386569529866,-0.4281154315628296,1,0,0,1,0,0,-0.07911682151246661,-0.3187170152867538,0.2267599969270068,-0.4134982073867598,0.21798236425632364,0.07444448823232569,0.03339459749360675,0.5560240349008815,-0.4330230156100819,-0.2216943834737999,-1.0183556507787184,0.478687927955538,1.4803558063736812,-0.03561740531078143,-0.23781327443747316,0.6303438195118686,-0.9225414791696575,-1.0420541181855585,-0.01835909107355938,0.6710815639820534,-0.08202449244894454,-1.001396555340754,1.2253917171790936,-0.615281529228661,0.30654919393160657,-0.6710815639820534,0.01835909107355796,-0.007559831120602114,-0.18442671521636386,0.13630344765189217,0.44700675760914055,0.03489590402886805,-0.7811045889206503,1.0032343553662626,1.1201682272361313,-0.23228628620644656,0.0012624832707351544,-0.8623145398892288,0.3700904815361815,0.9748215097457181,0.6345956405784983,-0.0647368131630805,-0.7010026615289333,-0.48731077970765985,0.47161139053935697,0
-0.3034990542705592,1.2636539453489257,0.27967722576327125,1.7718540298733036,1,0,0,1,0,0,1.460393492991695,-0.6553893486557661,-0.38731271110714993,-0.10160604416034526,-1.059993926370645,-0.425516944892554,0.1502041879844937,0.6272084495017756,-0.10628419263627055,-0.9541772712799141,-1.7432042664026115,-1.8960684485093213,0.5992937033104414,1.0000079644968818,0.8660589768977902,0.542292326835866,-0.1434339523540067,-0.9946673793722147,-1.1598770966922176,-1.435659238404968,0.7903335956230686,0.006735590365311348,0.6902455418727292,1.146805283248545,1.2951518217739069,1.435659238404968,1.159877096692217,0.8558680911786088,0.7161642658861095,-0.19121049065408274,0.11107374474794844,0.0519641842643253,-1.442709458855317,-0.5463906304141645,-0.04256332662598434,-0.6043528672675491,1.2502821328075124,0.5034643620605421,1.5196157492307591,1.7138989776355367,2.1915221734081167,0.7600658542737248,1.0276167615398821,0.3477270420022505,2.018069034379841,0
-1.0231064002732158,1.2636539453489257,-1.168717627632051,1.7718540298733036,1,0,0,1,0,0,0.766351957764409,-0.5710758972939236,-0.38731271110714993,-0.10160604416034526,-0.8231329024801043,-0.36067400410265454,-1.7610052958625229,0.41574289651146695,0.18267949812727036,-2.9720697092306003,-3.051981072979944,-1.8868905500253668,2.419511700191937,-1.5381320489466745,0.4826378561380134,0.9368915929358924,-2.867196926596718,-2.628615317968839,-1.1472558902418886,-1.435659238404968,0.9118373114683915,-0.08712416349591251,0.6917567036804013,1.1720110431959245,1.4013936290529652,1.435659238404968,1.1472558902418877,-1.4558905394934718,0.3784426479726819,-0.16846646716061223,0.33072225315718967,-0.8867912286858101,-1.1906695084040155,1.2071323798110556,2.227531611866718,-0.6353584156893081,1.333550109443298,0.35171115073279,1.3736442866663687,1.5842362639706562,2.073060371997167,0.7600658542737248,1.0276167615398821,0.3477270420022505,1.770635811365363,0
0.8530127518051386,-0.12780541711001567,1.0038746524609323,1.0385308760612593,1,0,0,1,0,0,-0.40720918361991093,-0.05240280339900311,0.9047986120480549,-0.5813066068963335,0.9108759912470725,0.40894462416918614,1.0136459135486082,-0.4940227403373669,-1.3801666957983483,1.0902347207051408,0.4835571341317221,0.20461126842523503,-0.8070934856199896,1.1243669166251362,-0.33098786430713667,-1.0739077206058176,1.3067694150795357,0.4432545912358437,0.3699083794759778,-0.08780526073650123,-0.28604514258619884,0.3464853385330624,0.8075604170712583,-0.1770665887476164,-0.19589612121249558,0.08780526073650123,-0.36990837947597854,1.217950768271826,-0.18442671521636386,0.4456221671630917,-0.21193876761858224,0.3079883877961804,0.8571550890128092,-0.709509049969999,-0.9284540343304539,0.015758101167622184,0.0012624832707351544,0.8069707847160468,1.3097817717944475,1.5972025353371444,1.4130589069933075,-0.0012904541294803558,0.6160407084282594,0.6260729825722207,0.9664778365683122,1
2.52352980502559,0.20717554051898904,-1.168717627632051,1.478524768348486,1,0,0,1,0,0,0.08492935954125552,-0.3931454413165182,0.009275912831576286,-0.3799365274848451,-0.058005883440271466,-0.008733353056786679,-0.8307964021779638,-1.1255350655583025,-0.9743825929560789,-0.0820673244205103,-0.39398960384927906,-0.2525966584061723,0.16083354318706827,-0.04718752529088156,-1.435576542110725,0.31189869233719436,0.50379675368734,0.5627999923214587,0.1590389773671773,-0.5022446364654003,1.1080934017782587,0.10670313459666983,1.6454417529847094,0.610423897764283,1.061670433396789,0.5022446364654003,-0.15903897736717798,-0.2582324537235989,-1.4602639384448675,-0.8462383672660339,-0.5737127814690962,-0.3576745413866426,-0.7180946013078251,-0.6279498401920818,-0.762349526635866,-0.4183195767369984,1.2225261405955843,0.27583454506891375,0.5251851605108457,1.3508433793738719,1.5653669373788135,-0.667477223982284,-0.28942660841731066,-0.5429799678216537,0.6571863078002155,0
0.44180855408933456,2.2943645842074014,-0.15484123025532542,-1.161438585374874,1,0,0,1,0,0,1.0692064458635884,-0.6048012778386607,0.6361418022831113,-0.5327000360039053,-0.17923036439728135,-0.05345262256706214,-0.07610530461516365,-0.052291202345149425,0.9893127791687543,-0.06836392942426199,0.2837983037159624,1.7785495636592328,0.5578333566049447,-0.7704470860882537,-1.1957476746117284,0.8365626521752506,-0.2476434715403261,-0.235374069345526,1.37244176550182,1.0645584453617318,-0.6639953718423625,-1.1261024546029097,-0.5117589236564652,-0.15320376906423017,-0.5987486609970892,-1.0645584453617318,-1.3724417655018208,-0.3139374809687093,-0.6347222057676005,2.7018292977153666,2.8760608506054517,2.5951379393474188,0.8256500952063961,2.3897409215908554,1.6738499195514247,1.752068812786101,-0.5261013687559044,-0.9381911455531051,0.6164173246135901,0.2357440418559006,0.1607484349347019,0.41111087958892223,-0.20711139779498602,0.3477270420022505,0.8427612250610729,1
0.3904080293748593,0.2587110724619126,1.0038746524609323,-0.4281154315628296,0,1,0,1,0,0,2.6465735713801473,-0.7222586376668826,0.29072590401389814,-0.4233352514959417,-0.7489595631333938,-0.2283049663522392,-1.2683052141372868,-1.0145759775697019,0.18714475540601522,0.14222631688897527,0.0623230676004733,1.2180086086728714,0.14981666009021796,-1.2706943836227227,-1.6377056636731382,0.38471167652630606,-0.18540068180008268,-0.49265307104110106,0.6912331826893887,0.9756618166055823,0.49394641824943647,-0.2480802126515882,0.1307649834298509,-0.3759787208430087,-0.5620028769448385,-0.9756618166055823,-0.6912331826893894,-0.7595776989295921,-0.9349191994684248,4.812474677909431,4.4006799089754765,4.063010039596722,2.27487981030138,3.042214599814193,2.7812133041820113,5.100668042336026,0.11228645211844858,-0.5588081172337243,-1.0896241441077272,-0.8663890242955825,-0.939254006738398,-1.1116017372174867,-0.8656330827735822,-0.5429799678216537,-1.0748462533011267,1
-0.9717058755587404,1.6501704349208541,1.4383931084795292,0.5985369837740325,1,0,0,1,0,0,-0.19268725454965888,-0.2559180308241401,1.301387235986781,-0.6339637253631308,0.7773641666016738,0.2931217161375727,0.061207745347689496,1.132121186483804,0.45984154005859024,0.26880243744276716,0.04933194470266631,0.3199919469831483,0.028209499643926016,0.7880510649262957,2.094610555966033,-0.37582857849593554,1.385684295556089,0.5895330948653289,1.0967144819825039,-0.651277219968356,0.7023004788842028,0.5444630154319627,-1.0062902666613496,1.01088607617165,0.5114303796365464,0.651277219968356,-1.0967144819825045,0.7166055230658329,1.9169522406894068,-0.03655113089848297,-0.22485926811324272,0.32505666803163763,-0.11949971898598452,0.10608304780917345,-0.3747723420151606,-0.046252995675895824,0.8339422496285867,0.7310941790521709,0.5708012425622179,-0.07544647093981212,0.3299795798074865,1.1724671879921262,0.2044646553166367,-0.09762646290970158,0.6571863078002155,1
-0.9717058755587404,-0.6946962684821769,0.27967722576327125,-0.4281154315628296,0,1,0,1,0,0,1.3468230599545028,-0.6484116837154758,1.7235622227602638,-0.6675254052650456,0.09071725212415349,0.01720382325917309,-0.397489201452122,-0.7234229445037994,0.7157831087260371,0.3776147379763347,1.5947884326627944,1.03876586143886,-1.5304077287959366,-1.2114844136587175,-1.3443142296996027,1.316467514315926,-0.43231173077406504,1.0828224870438887,0.6912331826893887,0.7311960875261709,-0.6577825410631789,-0.35378378987692555,0.34442340373983993,-0.9388060613016512,-1.016137664461567,-0.7311960875261709,-0.6912331826893894,-0.48105256270404034,-0.18442671521636386,6.722972651360954,6.984780007907722,6.281886470206133,5.110329252878522,1.4110304042558486,1.1201682272361313,8.201222884511882,-0.6648813298155464,-0.4070549059059717,-0.2594114507727547,-0.0495139282068366,-0.4146374576327655,-0.7626467625326843,-0.04248097655033679,0.3477270420022505,-0.45626319576493324,1
-0.9717058755587404,-1.3131226517972627,0.27967722576327125,-0.4281154315628296,0,1,0,1,0,0,1.3468230599545028,-0.6484116837154758,-0.0035172685858019803,-0.37125678268262574,-0.6357410132635364,-0.21175883663343728,0.26623832385703317,-0.8412692872830199,-0.28944955934373545,0.8940116378385592,1.889412923693222,0.49560602133579773,-2.4251047149218254,-0.5098511522105948,-1.6905992655773208,1.0007684470192637,0.1028925030903337,1.583404888505664,1.116988546947158,-0.4318681387001143,-0.8796481341785464,-0.5389367331934204,1.4013630197537816,-1.1057256011376924,-0.9104426477511441,0.4318681387001143,-1.1169885469471588,-0.06326485836571254,-1.3101654415944555,2.265144046640733,2.5918098397229046,2.526864818405591,2.27487981030138,-0.6279498401920818,-1.0945585420250417,3.2403351370305127,-0.7759052986632599,-0.4070549059059717,0.37921369794645543,1.078551680677623,0.49921072468027106,-1.0481553781838862,1.2745623934068555,1.127095675598167,-0.2706882785040748,0
1.7782221966656961,-1.0296772261111817,0.27967722576327125,3.678494229784619,1,0,0,1,0,0,1.1323011308842508,-0.6199195518759565,-0.3745195296897717,-0.1293812275274471,-0.9409649571511519,-0.37677294112635373,-3.240287905841679,-0.7361142648633883,-0.4017198790967809,-1.518274777976869,-1.7995563219694193,-2.2760610484472625,1.2347137673819921,0.038983558249205644,-1.0743235617013065,1.0498717857655495,0.3240257872085501,0.20458150178055032,-1.4375436385994584,-1.6785375276851617,4.544651122499563,-0.06589383013908141,1.6041844278662516,2.372389698081356,2.539245371497809,1.6785375276851617,1.4375436385994576,-0.48105256270404034,-1.3852146900196616,-2.0016347607343357,-1.2972608091701252,-1.1257471519822078,-2.1673243164028086,-1.6066603575270884,-1.3160312189511594,-1.658541513607341,5.08060905805363,0.27583454506891375,1.0634549287170376,1.843561691300417,2.9530623253356474,-0.3502454288142823,-1.3595243465075295,-1.9347096706715041,1.646919199858125,0
-1.074506924987691,-0.2566442469673251,1.0038746524609323,0.3052077222492148,1,0,0,0,0,1,-0.5333985536612357,0.06098425188071606,5.51034392230423,-0.7763115401195277,1.9849559467365996,0.6468511379638515,1.62080925651818,-1.7705981072550236,1.1622663835219798,1.1383866414903592,2.267493550778546,-0.31342673542841903,-2.5820557232722594,1.8133925543667198,-0.9629875164859457,0.748982749889212,1.143650930431949,1.3703497879308446,-0.671183982935474,0.23819541748766765,-0.4418542522899821,1.4655017147172291,-0.8362016504112585,-0.403862224356372,-1.6099728177263508,-0.23819541748766765,0.6711839829354733,1.7750010407229295,-0.8598699510432187,0.1817914946388332,0.5503707615664309,1.0248561576853752,-0.15100471279239655,-1.1988643086375024,-1.0945585420250417,0.8839134569768611,-0.19302946221276363,1.970412071562148,1.1850978141873616,0.5037136500966528,0.3017743889953561,0.19962301614358732,2.2623449208747504,2.704389338827998,0.8840000955634856,1
-0.894605088487027,0.5421564981479937,1.0038746524609323,0.3052077222492148,1,0,0,1,0,0,0.40040278464456736,-0.45885178617091954,3.015673545915469,-0.7329128161084312,0.7317404544139323,0.21352141640928238,1.6883072080254624,-0.27788981169693194,1.3463155459347467,1.1023078887517361,1.1635319754008533,0.7029990718213042,-0.82042447519091255,1.7478531047383337,-0.407354488945409,1.1441364972952743,0.3954570053057945,0.1750301320593015,0.03622492998512883,0.9228794432816189,-0.6011980427840833,-0.02666629704915463,-0.6907116134519806,-1.0970184456606076,-1.3417656960173043,-0.9228794432816189,-0.036224929985129536,1.5800334453650435,-0.40957446049198204,-0.10023439668020068,0.49868875958778525,0.6493539925053206,-1.2536794960168407,-0.22015379130249568,-0.26403600355210183,-0.046252995675895824,-0.6093693453916895,-0.1035484832504671,-0.23204180154193166,-0.5422322401333817,-0.9054077777638412,-0.09645999267988113,0.03983423407198747,0.5704037944582268,-0.45626319576493324,1
0.5189093411610479,1.3409572432633117,-0.4445202009343899,-0.8681093238500562,1,0,0,1,0,0,5.435358649293424,-0.7827317338160661,0.5465895323614635,-0.5083967505576912,-1.0040541166794206,-0.20907568046282074,1.0885033152686863,1.09668652820554,-0.12203847571866042,0.2882272414855346,-0.11188134164260018,-0.8280508933501451,-0.3349804884435478,-0.18780625955545516,0.4358736383366078,0.5899788038136502,-0.4400113305376413,-0.4482339792867213,-0.4194329849395745,-0.7133741297612541,-1.7012441586838913,-1.0685880348334122,0.7597024851143288,-0.8256841116675612,-0.2921620154763601,0.7133741297612541,0.41943298493957376,-0.028449216337518554,0.6598773295672048,0.6844344138445321,0.9121447754169449,0.6706893427996418,-0.20613845195361896,0.5954383064766764,0.9125375926178964,0.8374051343442237,-1.5808290728091832,-0.9381911455531051,0.3183922552112921,0.6765972683164937,0.27356919818322456,-0.11760877902441451,1.439192814651505,1.127095675598167,0.3685142142833251,0
-0.9203053508442651,0.33601437037629844,-0.15484123025532542,0.3052077222492148,1,0,0,1,0,0,3.4163287286322284,-0.7501692974280442,2.503946289220338,-0.708609530662217,-0.1745059067087701,-0.02930421703151339,0.6465028448548468,0.4673483782084826,-0.3229979220859673,1.2854616710471674,0.6006107782662701,0.17514171567498973,-0.4112869671362522,-0.6259326401088015,0.141874275453049,0.6058561843342309,-0.4494368824070911,-0.9797947360231548,-0.16027754582615011,0.39783372969061137,-1.5244024622522407,-0.49932378120424525,1.0503760166941851,-2.1822297056929245,-1.7374022853937243,-0.39783372969061137,0.16027754582614942,-0.24894828251608053,0.8162299304530506,2.007378447048069,2.096523987427558,1.7587922078100258,-0.0354864021688832,1.8188264531454346,2.1352513298141695,1.586705887870056,-1.4142931195376127,-0.4070549059059717,0.23324223538206504,0.754394896515422,-0.2623294272472596,-0.7626467625326843,1.0276167615398821,1.4054416161681371,-0.3944048900113141,1
-2.0511168945627247,1.9593836265783975,-1.6032360836506476,1.0385308760612593,1,0,0,1,0,0,2.684430382392545,-0.7245845259803126,1.2758008731520245,-0.6328064260561682,-0.3491396424212018,-0.06820998150545304,-1.168565260099044,1.3298973041879865,-0.5656352021212973,-0.4421901029086368,-1.140584502353481,-0.5491263732001984,0.5787983786223483,-0.6517262942511042,1.0285058929895883,-0.2795764084540224,-1.0429472476509734,-1.6658678422032378,-0.31054414497595056,-0.440948977121442,0.9737212060411635,-0.7949911607143103,0.4922949419410077,-0.4367983364020924,-0.1435799987590667,0.440948977121442,0.3105441449759499,-0.48105256270404034,1.3165582532877582,0.8095265430586199,0.5245297605771081,0.0519641842643253,-0.08799472517957138,0.5954383064766764,0.8433273810784847,-0.17027518936292965,0.5841383197212315,-0.9381911455531051,-0.8432973010303187,-0.4903671546674297,-0.6177148314801074,-0.826093121566285,-0.20711139779498602,-0.4316415915936655,-1.198562864808365,1
1.958124033166361,-1.2100515879114147,1.0038746524609323,0.3052077222492148,1,0,0,1,0,0,1.2711094379297079,-0.6385266583833976,2.107357665281612,-0.6895140920973345,0.2051043993453849,0.0417994214898246,0.19299989863807443,0.6309292031183957,-0.3488866545562418,-0.6350781072130597,-0.3474050414493476,-0.47569157508379734,0.13843743271903483,0.7659011258714916,-0.6333373577729509,0.1646334631606053,-0.6379608182590853,-0.5989373360244294,0.06512235289855199,-0.7133741297612541,0.49690832343840846,-1.5004335934416713,0.642380497836245,0.22535852418505667,-0.13310216655318882,0.7133741297612541,-0.0651223528985527,0.438080386840281,-0.7848207026180125,-0.7825551014843162,-0.5866332819637576,-0.7843815472730677,-0.7811045889206503,-0.05703537174666111,-0.09793149585751397,-1.1624527388592034,-0.19302946221276363,-1.6969572021918669,-2.084054732827641,-1.5276688639864726,-1.3623318689203594,-2.1267434817550925,-0.20711139779498602,-0.5429799678216537,-1.6934293108373202,1
-2.0511168945627247,1.5213316050635446,-1.6032360836506476,-0.13478617003801185,1,0,0,1,0,0,2.684430382392545,-0.7245845259803126,1.7875281298471553,-0.6715759528394145,-0.20779109239419508,-0.03824807093356848,-0.442793936279572,-0.5976612150131095,-0.020219739893431333,-0.47130735601659823,-0.401500119934721,1.8937655956900878,1.4524667927794581,-0.7549164866984206,0.26666398068804187,-0.11221630402034423,-0.6812774972180988,-0.8540728918497971,1.2994551316290601,1.2940866261665431,-0.13858791140314308,1.0874468959221286,-0.08512550164172421,-0.0388372724387684,-0.3118661273204386,-1.2940866261665431,-1.2994551316290608,-0.5738942747792242,0.5660657690356972,0.900502637032502,0.6968031005059248,0.36488265524770414,0.3845801819166189,1.9547584694419635,1.3047287913412295,-0.2736270174354578,-0.16527347000083534,0.9587239960437993,-0.11343998820836432,-0.1402778277722523,-0.14386762583630988,-0.28679906978068154,-0.9479482933959068,-0.48731077970765985,-0.1469716669968365,0
0.9815140635913272,1.7274737328352407,1.0038746524609323,0.3052077222492148,1,0,0,1,0,0,-0.40720918361991093,-0.05240280339900311,-0.8478672421327675,5.103347588903846,-2.332622558664172,-3.984276412520275,1.110375624212843,0.34244391832061544,-1.640530108490648,0.3650577000395746,-0.4728278708478986,0.7390031194951899,0.3546381327218833,1.6550823016211365,-0.22778972290406527,-1.059075125584277,1.3617132165026742,0.5962634733203304,0.6912331826893902,0.3223554599919946,0.10973439953231273,-0.6982097686715965,1.1783912519942266,0.8570821146202181,1.1968346177325018,-0.3223554599919946,-0.6912331826893908,1.357213336384602,-0.3345252120667762,-0.4004555067940112,-0.8579637923516437,-0.34060626115118536,0.29006520049738066,-0.709509049969999,-1.0391903727935126,-0.6043528672675491,0.19555442875423396,-0.5588081172337243,0.39746013076700454,0.9748215097457181,1.3115202200696365,-0.3502454288142823,-0.9479482933959068,-0.9326642846196119,1.0283361423219313,0
1.495519310736081,-0.514321906681944,-0.4445202009343899,1.7718540298733036,1,0,0,1,0,0,-0.6848257977108253,0.5552355184846202,-0.7966945164632545,2.597794589329866,-0.5876010482317433,-1.580615676342969,-1.501530164355652,-1.0392279158223285,1.4993213564606425,-0.5791564239669243,-0.3414276403142653,0.9294442258107041,0.45089530816626316,-0.9407650322724896,-1.383031574358867,1.8541721513988507,-0.24525136556018567,0.5627999923214587,0.004530982273630621,1.2631572968382359,1.1479129092830362,0.040882258214391315,-0.18635832536922087,0.5392159088211832,0.9933373065283911,-1.2631572968382359,-0.00453098227363133,-0.8431352397972577,-1.2351161931692491,0.33645085439443295,1.2868392897621204,1.1101975588626602,-0.7495995951142377,-0.38327221085833024,-0.4301405112466897,0.6358690696027934,0.8061862574166584,-0.17942508891434333,-0.642586540004281,-0.6329961396987983,-0.39771434314548676,0.2207718024881207,-1.5241547677521787,-1.266679413303576,0.038603250264021984,1
0.4932090788038099,0.7998341578626126,-0.15484123025532542,1.478524768348486,1,0,0,1,0,0,-0.43244705762817587,-0.03612158520499215,-0.4768649810287978,-0.029274837475184185,-0.05378421060874626,-0.0051558114959646415,-2.7247633156949607,-1.383745101084954,0.47254507234558246,-2.272160384307496,-1.9805451121939186,-0.6672556222324887,2.5724732645544806,-0.7013070405671543,-1.3599167417264706,1.3829895141938464,-1.1514078528532499,-0.6437650904130781,1.2554872798984806,-2.1552340839768487,3.088111986881347,0.5368988388635024,0.743786142514474,1.927825774429131,1.9462943328794013,2.1552340839768487,-1.2554872798984815,-0.7874302125521474,-1.3852146900196616,-0.7643598826895395,-0.0052107597040024186,-0.4600842227993849,-1.3796994712424915,1.3294711944779316,0.7325910426154264,-1.4104971262332722,2.7491057122516462,0.4275877563966659,-0.17730250308028428,0.22277777048941236,1.0069041592986248,-0.4136917878478824,-0.8656330827735822,-1.6006945419875402,0.22417816752487937,0
0.9815140635913272,0.8256019238340739,1.0038746524609323,-0.8681093238500562,1,0,0,1,0,0,-0.40720918361991093,-0.05240280339900311,-0.7327286093763631,0.6679979949697686,-0.8168833888562058,-0.5565444045576612,1.3871009853084448,0.31194940259133924,-0.8564137373073929,0.864086602139632,0.2765771834675587,-0.01542896405314912,0.030035196543684736,1.5712278575932803,0.7325753652272949,-1.2361756898779255,1.0979902433020807,0.1383216025199825,0.07195265285990604,-0.09240503183227083,-0.35884532375916683,0.3057175741305321,-0.07149108306901893,-0.07857692329935637,-0.22451976139689725,0.09240503183227083,-0.07195265285990675,1.0229831729139398,0.26586877533487285,-0.982702508226857,-1.3877043126327533,-0.972132629863095,-0.24551969421163483,-0.709509049969999,-0.8177176958673952,-1.1004416420156866,-0.1375174777889068,0.6552175733882943,1.0178388466656656,0.8192262533478623,0.7361343275021692,0.6014499566897238,-0.04248097655033679,-0.09762646290970158,0.5953280020465953,1
1.495519310736081,-0.5916252045963298,-0.4445202009343899,1.7718540298733036,1,0,0,1,0,0,-0.6848257977108253,0.5552355184846202,-0.6559695208720935,0.41628539570540807,0.17807456053538515,0.10530078419441576,-0.7238069179052691,-0.2290726143470316,0.6187811439833004,-0.46666717964927656,-0.21340614086532084,0.7822737147235258,0.5625094888166589,-1.0160485087425197,-1.1439229007790732,1.7596169471420717,-0.6199925227848664,0.08731780026157146,0.3758588387947461,0.6941558255444424,-0.00875255943986956,-0.8315474979585841,0.922350781950112,0.015663280226189465,0.3626872718211932,-0.6941558255444424,-0.37585883879474674,-0.8709877534198129,-0.9349191994684248,0.7094528396873502,1.5969313016339897,1.2126072402754011,-0.5920746260821743,0.758556726032511,0.6218547041523672,0.8839134569768611,0.3065783976019474,-0.482931511569848,1.3189049882047215,1.675000163536073,1.582290051866092,0.3476645205553221,-0.20711139779498602,0.1250502895462747,1.646919199858125,1
2.266527181453213,-1.158516055968491,2.8867879618748513,1.0385308760612593,1,0,0,1,0,0,-0.571255364673633,0.20635227147009963,-0.7839013350458762,1.9352407360937904,-0.8359652222306702,-1.336895657511968,2.723880552290175,0.8495918581317398,1.382045716933089,-0.1603007414690095,-0.17516321398042758,1.7173652358643987,0.47692131329501725,3.9093257796487877,-0.2188751600509491,2.829413280405989,1.4961879206999618,2.098525998012374,2.394254639720468,-0.032311248161722386,0.11853004228041499,-1.385355818499381,0.9539846853783598,1.7001502905556076,2.2765229490776697,0.032311248161722386,-2.3942546397204683,4.448842348488228,0.11577027848446049,1.0824548249802661,2.5918098397229046,3.3120057092366135,-1.442709458855317,-0.22015379130249568,-1.0945585420250417,0.9459245538203791,-0.19302946221276363,-1.4693273852002382,-1.1169937933385516,-0.5292659687668935,0.12690220596014448,-0.794369942049485,-1.9357308208638015,-2.1573864231274804,-0.5799798072721716,0
1.726821671951222,0.7998341578626126,0.5693561964423357,1.478524768348486,1,0,0,1,0,0,0.8546845167933363,-0.5774720901558565,-0.4768649810287978,-0.029274837475184185,-0.9965054932016737,-0.42149221063662917,-1.8505195423636283,-0.473234214165245,-0.8401822326810355,-0.8001607332119062,-0.9138448637179707,-1.1813999849824093,0.7369946050068863,0.46079296807152786,-0.3974677384342045,-0.276055723330264,0.6529691547203221,0.5070832964583445,0.1590389773671773,-1.7690215962405262,3.0336113746360907,0.25135435544960255,0.8711478791119363,1.728438564864117,1.6831112225036167,1.7690215962405262,-0.15903897736717798,0.6330479821981672,-0.18442671521636386,0.6821600114951846,0.42116575661981864,0.683490552976235,0.7626401075935709,-0.22015379130249568,-0.319404172783631,0.6358690696027934,2.887885673311288,0.27583454506891375,0.12376363845877164,0.5599008260181015,1.2776739910950803,-0.44541496736468245,-0.7833178721512579,-1.4336869776455579,0.40975308478573785,0
0.5189093411610479,0.49062096620506923,0.27967722576327125,-0.13478617003801185,1,0,0,1,0,0,0.22373766658671274,-0.41465990821574694,-0.4512786181940413,-0.03332538504955321,-0.6465906853271475,-0.2931479071421386,0.056504084670478114,0.6684230603766201,-0.6452425441512576,0.06932166550090063,-0.5772478471708349,-1.5173682212439628,-0.35370073103346894,-0.6287236300338302,-0.48898777735183846,0.2857426392417885,-0.660532776581354,-0.8160943753729736,-0.22109974072011698,-1.850225247508165,-0.7067835483014692,-1.4072888483533517,1.169211969130875,-0.7486220921555361,-0.046306845077792265,1.850225247508165,0.22109974072011698,-0.5646101035717058,-0.40957446049198204,0.1817914946388332,0.3048812521678669,0.017827623793410803,-0.43454965705011084,0.5954383064766764,0.7879592118469556,0.20179139169817292,-0.7481493064513315,-1.3934507795363622,-0.5057382938501646,0.13201387092399572,-0.1777138548108673,-0.826093121566285,1.3568776040291806,0.45906541823023866,-1.0748462533011267,0
0.930113538876852,1.7274737328352407,-1.6032360836506476,0.3052077222492148,1,0,0,1,0,0,0.07231042253712305,-0.3873307205329428,-0.8478672421327675,5.103347588903846,-2.8265315925662344,-4.241859404899462,-0.3800017795847976,0.2031543042409041,-0.9658446468610169,-0.7570989856165617,-0.822070917265829,-0.061292255036017165,0.6102839646971946,-0.8420800521564068,0.01278472248894753,-0.3322244243668421,-0.4004316873906824,-0.2498396618106948,-0.12528395424331848,0.040659774866796713,-0.31299474140645606,-0.26602820382160053,0.986488481358882,0.6257306789470044,0.8248126517482418,-0.040659774866796713,0.12528395424331776,-0.6481676444393714,0.340918023760079,1.0187715591985484,0.6666552660183818,0.4616029099152932,1.109195039464111,0.10608304780917345,0.17890935030013266,0.5738579727592754,-0.3040534310604773,-0.2553016945782196,-0.013084607695344815,0.4950694691856613,0.7361343275021692,-0.6040308649486834,-0.7010026615289333,-0.7656567202776299,0.34789477903211874,0
-1.6656129592041589,0.6452275620338409,1.0038746524609323,0.3052077222492148,1,0,0,1,0,0,-0.5838743016777656,0.21274846433203248,-0.15703544559434116,-0.2763582395116944,0.6546137962476455,0.37719394281689056,0.06489950742808677,1.3322329904198127,0.4690003026511818,0.22230205148849153,0.08153620884647064,0.5673807144922741,0.03419422825241963,1.271484760218844,0.8748009457708555,1.807633972282904,1.2821932295980973,1.2014241086472501,2.259805577323277,-1.4674080343893063,1.1802082460547918,-0.9521752052969186,1.1753586892612906,0.9710851281868016,1.066955739050531,1.4674080343893063,-2.2598055773232777,0.8837206048011639,0.491016520610491,-0.7279694450999874,0.22735824919990022,0.7517636739180628,-1.94678935975792,0.18764225758709038,-0.7069813574043363,-0.9144083514851348,1.9996939225295793,-0.4070549059059717,2.3133355769246347,2.7512006869545798,3.1392165846957107,0.5697267771729232,1.5215080252738291,0.793080546914203,2.512935480408796,0
0.9815140635913272,-1.3388904177687242,1.0038746524609323,-0.13478617003801185,1,0,0,0,1,0,-0.40720918361991093,-0.05240280339900311,-0.6431763394547153,0.39024616129875006,-0.46758293208315554,-0.34189191090833887,0.4883517760733548,-0.6627114302797781,-1.2132707695780063,0.11259677659228413,-0.42781380697467125,-0.3858266437757151,0.2921865691719987,1.5636484817289151,0.6014671481224484,-1.4444581882692504,1.1420392526787861,-0.06234834365213829,-0.16027754582615011,-0.36726020632542794,0.8833141066051443,1.5121288212415063,0.20704061063054657,0.980315592605857,0.4953078792051627,0.36726020632542794,0.16027754582614942,1.1343932274041606,0.26586877533487285,-0.7188718357025985,-1.2843403086754637,-0.8526546682148961,-0.05648973137315825,-0.5463906304141645,-0.5408768497097485,-0.790386157798101,0.9727222106882286,1.6416134470186852,0.4521994292286506,0.4950694691856613,0.8884423578876751,-0.15990635171348128,-0.28942660841731066,-0.48731077970765985,0.16231986177126023,1
-0.7147032519863632,0.8256019238340739,0.27967722576327125,-0.8681093238500562,1,0,0,1,0,0,-0.4198281206240434,-0.049495443007215444,-0.7327286093763631,0.6679979949697686,-0.7972318651325021,-0.5543084410821474,0.2453717157613116,-0.97676211599447,0.39647688757466854,0.29611426983346556,0.29454071012362015,0.34041749559206436,0.5930702406334342,-0.10554919151108534,-0.9882416009480088,0.6475758182350952,0.12606135129036203,-0.1143253169658252,0.23506672098463585,0.23115255077283092,-0.4466588522856267,0.3506379163574779,0.10875405798350989,-0.27503099681129933,-0.49453376897590684,-0.23115255077283092,-0.23506672098463727,-0.03541234474315745,-0.8598699510432187,0.30006041680488094,0.6020527635450756,0.6322857122698633,-0.6235796198885869,0.8401159358104279,0.7879592118469556,0.2638024885416898,-0.1375174777889068,0.8828473903799233,1.50136931641021,1.3378771080073837,1.1253659607095745,0.6014499566897238,0.2044646553166367,0.3477270420022505,1.0283361423219313,0
0.13340540580248203,-0.514321906681944,-0.8790386569529866,1.7718540298733036,1,0,0,1,0,0,0.43825959565696476,-0.4815291972268634,-0.7966945164632545,2.597794589329866,-1.989872177400859,-2.3779602517111806,-1.1481340560660502,-0.5186205715709709,-0.005117932712587451,-0.9374416131675797,-0.6041157260742817,1.1958942437543905,1.074232864276019,-0.4670061148465915,-0.9121603385763446,-0.1854153396539271,-0.7305300985296589,-0.11781768459466212,0.6912331826893902,0.9455004604204603,1.1298813462521393,-0.20195919272840274,-0.1793281494951388,0.5420420001381403,0.670353993392063,-0.9455004604204603,-0.6912331826893908,-0.45320004908148526,-0.8598699510432187,-0.04564874029587195,-0.1344157646506147,-0.40887938209301433,0.5421051509486824,0.758556726032511,0.4557501964577793,-0.23228628620644656,0.8616982418405155,-0.3311783002420958,-0.4601222117987924,-0.47740088330094144,-0.24540631275998087,0.062155904904119784,-1.0302635040182315,-0.7656567202776299,0.16231986177126023,0
-0.9460056132015023,1.1863506474345409,1.0038746524609323,-0.7214446930876474,1,0,0,1,0,0,-0.5333985536612357,0.06098425188071606,-0.08027635709007157,-0.31859966421582847,0.6027541439129072,0.2931217161375727,0.603584371779018,-0.07234673017427401,0.5810590718995874,-0.029492526077860678,0.34917355761860863,-0.3289683605083721,0.1406936233039701,1.9338165247876722,-0.8152409970566287,0.6790944006216675,1.5054710028365939,1.5668483690290402,-0.5252107151899527,0.07222398482797085,1.0929479242713207,-0.7173923767219438,-0.11190283587042549,1.5326417759443272,1.0757797440510584,-0.07222398482797085,0.525210715189952,1.7471485271003746,-0.7848207026180125,-0.10933200607758836,0.2531992501892221,0.8712416355662611,-0.37153966943728567,-1.1988643086375024,-1.149926711256571,0.6978801664463103,0.9449662184763004,-0.7105613285614767,-0.15905607025973648,-0.1921429132382052,0.4145951522438788,-0.09645999267988113,-1.3595243465075295,-1.4893561657595522,0.22417816752487937,0
1.958124033166361,1.4955638390920825,-0.15484123025532542,-0.4281154315628296,1,0,0,1,0,0,-0.20530619155379135,-0.2442885892569894,-0.7071422465416066,0.5551613125409173,-0.9507380743125019,-0.6169154183965331,0.5870593506064314,0.09387625289248958,-1.0472158694302278,0.4612586497419894,0.26763645487089893,0.1634087531159002,0.3708074658108277,-0.19837061160466143,-0.7073190692968957,0.21685034006238657,0.347507003755042,0.49386329273289414,0.6286220997103051,-0.4005896952488784,-1.0145298954131026,-0.8374248194689119,1.6494928542460436,-0.2785486815410887,0.1342208835775666,0.4005896952488784,-0.6286220997103059,-0.45320004908148526,-0.9349191994684248,-1.155557086777232,-0.8838047933409655,-0.71610842633123994,-0.8126095827270634,0.18764225758709038,-0.09793149585751397,-1.1004416420156866,-0.8314172830871166,-0.5588081172337243,1.0087156302553917,1.8176291485674405,1.5653669373788135,-0.5723076854318833,0.7806711296729086,0.6260729825722207,1.2139110595827887,0
2.266527181453213,1.1863506474345409,2.8867879618748513,-0.4281154315628296,1,0,0,1,0,0,-0.571255364673633,0.20635227147009963,-0.31055362260288033,-0.1907180907964637,0.4604725682955027,0.30609030429555256,3.003282943172347,0.8476516587597664,1.782614413960409,1.2718161926757217,1.5317342926223523,1.4044729128718894,-1.1156389769385462,3.744225090988072,-0.03436381702795004,2.757314695518202,1.641784760480242,2.1808910390577747,2.5539129013171307,-0.6174061782631385,-0.434952446437275,-1.1978534210015992,0.3339417327600227,-0.09017596097965733,0.13788602506811906,0.6174061782631385,-2.5539129013171316,4.337432293998007,0.340918023760079,1.1734309189541483,2.6434918417015503,3.4485519511202694,-1.3796994712424915,-0.30171300108041293,-1.2052948804881005,1.0079356506638961,0.029018475482663446,-0.7105613285614767,2.2950891441040855,2.167718475462618,1.988444799560775,1.489698983160128,1.2745623934068555,1.0157572993701793,2.141785645887079,1
-0.8175043014153137,1.7274737328352407,1.7280720791585935,0.5985369837740325,1,0,0,1,0,0,-0.7479204827314877,1.2937050579986886,0.8536258863785419,-0.5720482124406329,1.931887883222336,1.437040630210419,0.09688224310944389,1.8429341559707693,2.0669341347312864,0.012907471267296437,0.37633490525379093,-0.3506551307685889,-0.11336608393671814,0.681887210673312,2.146746781803248,2.4456908616496826,0.6684937928475709,0.6463072542476873,-0.38904162214375715,-0.09240503183227083,0.5466165490538779,-0.3789211660813135,-0.3678847504506856,0.6454298408169414,0.1417394320779612,0.09240503183227083,0.3890416221437564,0.6330479821981672,1.9920014891146134,0.00893691608845806,1.2739187892674588,1.5369045647490853,-2.1988293102092213,-0.30171300108041293,-0.1532996650890431,0.38782468222872474,0.6118943119331598,-0.2553016945782196,0.36096726512590627,0.10608132819102022,0.36382580878204385,0.2524949820049213,-0.04248097655033679,-0.09762646290970158,0.16231986177126023,0
0.6988111776617119,0.5163887321765315,0.27967722576327125,0.3052077222492148,1,0,0,1,0,0,-0.596493238681898,0.2586847585222777,0.21396681550962854,-0.4100263094658721,0.9671485896687784,0.5158236782987444,0.3888677599715244,1.349345948718449,0.5147984998092945,0.52912926581774955,0.585453978345041,0.6229735661194591,-0.32059838339234675,-0.2387435193577151,1.4688959797898984,0.8478136082791511,-0.049365415688659674,-0.005251946041241298,0.33643704580791395,0.5159874767715705,-0.779279797844407,-0.38051191435872334,0.14822411839672317,-0.7637694027108192,-0.7662463481229526,-0.5159874767715705,-0.33643704580791395,-0.11896988561082296,1.6167552469885829,0.5093054329448095,0.8992242749222835,0.8371050750953478,-0.43454965705011084,0.2692014673650073,0.12354118106860354,0.3258135853852078,-0.7203933142394032,-0.3311783002420958,0.0963939892279486,0.15794641365697218,-0.1607907403235886,-0.2550758902638815,0.2044646553166367,0.514734606344233,0.22417816752487937,0
-0.3291993166277972,0.6452275620338409,0.714195681781868,0.3052077222492148,1,0,0,1,0,0,-0.25578193957032125,-0.21812234573090036,-0.15703544559434116,-0.2763582395116944,0.10632874638590557,0.04582415574574939,-0.6817166773321821,0.14126890549102433,-0.13307851716056718,-0.9991948875268964,-1.4572257491830343,-1.7619020640925591,0.4352518105897692,0.13523659533965346,-0.6626606040229588,0.8615408803442507,-0.37689592624729057,-0.552529755072489,-0.6392523306161405,-1.7690215962405276,1.083070447273504,-0.8577348523322668,1.0476882891754242,0.9761242815697013,1.355027078337457,1.7690215962405276,0.6392523306161398,-0.06326485836571254,-0.7848207026180125,-0.6824813981130464,-0.173177266134598,-0.3064697006802721,-1.411204465048904,-0.5463906304141645,-0.319404172783631,-0.6663639641110671,1.9441819381057224,-0.2553016945782196,2.4775534723095745,2.8160320437870197,3.2069090426448246,1.2041903675089267,1.439192814651505,0.5704037944582268,2.6985103976696543,0
-1.6656129592041589,0.5163887321765315,1.0038746524609323,-0.13478617003801185,1,0,0,1,0,0,-0.5838743016777656,0.21274846433203248,-0.5152445252809326,-0.0032356030685261974,0.18625202168842855,0.1661189907283904,0.746987131555297,0.6627490162577514,1.2321828913742676,0.9298505293263823,1.1372558042300314,1.5790954895147786,-0.15376345419567827,0.6489635648914726,1.7734664482437414,1.5000806499305033,0.8117479581562339,0.7374640363503672,1.8523841761196695,0.3165258375355961,-0.39026704257546607,0.8669759321316675,-0.17699890492605896,-0.4512526962779764,-0.7584981479310968,-0.3165258375355961,-1.8523841761196702,0.49378541408539117,1.4666567501381707,-0.31857702221751816,0.47284775859846334,0.8029685146244333,-1.5057194464681423,0.5954383064766764,-0.2086678343205727,-0.6043528672675491,-0.16527347000083534,1.2622304186993043,1.0452084958964885,0.7803274392483975,0.5330569536548284,0.4428340591057229,0.4514102871836102,0.6817421706862145,0.7190446135538346,1
-1.3315095485600683,1.3924927752062353,-0.15484123025532542,1.7718540298733036,0,1,0,1,0,0,-0.6217311126901629,0.3895159761527229,-0.38731271110714993,-0.10160604416034526,0.5006451763795808,0.3780883282070961,-0.1692040897285622,1.0215042113997217,-0.19923854400018667,-0.26310131964952116,-0.7655784506200949,-0.6968778749241961,0.03516051942568705,0.6533973118659863,1.2416247251651633,0.40358905519536326,0.8651664453332841,0.6114223920560515,0.5516412599819246,-1.4975693905744285,0.888149300922607,-0.15821419497209446,0.6779338426702247,1.2133171463254757,1.5922244428797738,1.4975693905744285,-0.5516412599819253,0.7723105503109431,1.391607501712964,0.5093054329448095,0.6537347655237203,1.0077878774499178,-0.11949971898598452,-0.22015379130249568,-0.4855086804782194,0.2638024885416898,1.2225261405955843,0.19995793940503753,1.136440659999233,1.3638096507403592,1.8699829981498264,0.7917890337905242,0.6983559190505837,0.013711913318286572,1.5850608941045057,1
-1.280109023845593,0.9802085196628456,-0.4445202009343899,1.0385308760612593,1,0,0,1,0,0,-0.5081606796529707,0.046447449921777705,-0.42569225535928473,-0.049527575347029285,0.1652920781742089,0.07399729553722294,-1.429735648683671,-1.7358117898288985,2.290906027644193,-0.8032037983961534,0.6473577604831277,0.6471815642145577,-0.20988670807681645,-0.6503828747645255,-1.8745482648082257,1.6187770102758823,0.05241078506099912,0.7630086527895937,0.7577574583546642,0.13114384342216406,1.3382273178822197,0.5045748556442318,-1.5050305045283097,1.1370461505491456,-0.09666735173399746,-0.13114384342216406,-0.7577574583546649,-0.6481676444393714,-1.760460932145692,-0.19121049065408274,0.6537347655237203,0.6493539925053206,-0.9071245641463012,0.02452383803125581,-0.319404172783631,0.07776919801113909,1.1115021717478706,0.35171115073279,-0.2959043164138529,-0.996051737960463,-0.5500223735309933,0.28421816152172197,-0.28942660841731066,-0.26463402725168356,-0.3944048900113141,0
-0.3034990542705592,0.1298722426046032,-1.168717627632051,-0.8681093238500562,1,0,0,1,0,0,2.5582410123512203,-0.7170253889616648,0.43145089960505906,-0.4765710196162203,-0.6561422649723353,-0.18313850414686098,-0.25075261656548165,0.4540571530711425,0.9058226632714129,-0.4829424006257985,-0.32389007059946556,-0.6022967060628867,0.10525103152155443,-0.930905656305651,-0.24916648076612924,0.9368203018041054,-1.375212200808577,-0.7302916575017246,-0.1602775458261487,-0.6624995530634572,-0.5814723459240502,-0.8728172028758778,-0.2968758692232326,-0.7112128511784019,-0.29191470920481055,0.6624995530634572,0.160277545826148,-0.7874302125521474,-0.03432821836595151,0.6821600114951846,1.1059522828368633,0.4103980692089227,-0.024984737566746233,0.9216751455883455,1.1201682272361313,0.20179139169817292,-0.5261013687559044,-0.7864379342253526,0.14201007127932075,-0.03654765684034838,-0.3130987707090945,0.6014499566897238,1.0276167615398821,0.7374113588002092,-0.20882997275045564,0
-0.5862019402001745,1.1863506474345409,-0.15484123025532542,-0.7214446930876474,1,0,0,1,0,0,-0.6091121756860305,0.2877583624401544,-0.08027635709007157,-0.31859966421582847,0.7921286808164303,0.46752686722764697,-1.02205335416344,-0.2016236486025182,0.8623880970998961,-1.29895351577616,-0.34301967623655666,-0.9873318412329755,0.7997376492206911,-0.2329667065429218,-0.74083191159362,1.0256779538239762,0.11254637745450738,0.7354715542756214,-1.0255223183500044,-0.3295023237687902,1.1884124802867715,-0.4654143607283253,-0.14820599131951157,1.8664014596471965,1.1639872036545817,0.3295023237687902,1.0255223183500037,-0.3139374809687093,-0.7848207026180125,-0.4004555067940112,0.1627557467265941,0.20557870638343811,-0.5920746260821743,-0.7910682597479163,-0.4301405112466897,-0.046252995675895824,1.0282341951120857,-0.482931511569848,-0.1681792866700104,-0.21807545597118072,0.5161338391675497,-0.2233527107470814,-1.1948939252628807,-1.4336869776455579,0.10046155601764112,0
-1.2544087614883548,0.38754990231922204,-0.4445202009343899,-2.334755631474145,1,0,0,1,0,0,-0.38197130961164594,-0.07333579821987435,-0.6943490651242283,0.5001895954601949,-0.6818010648125379,-0.44295746000156144,0.4901895735028638,-0.9169655814242053,1.3834043852824622,0.22057963698844507,0.625498528727965,1.43915225785769,0.6388758967212289,-0.709864496970995,-1.403668203052558,2.392081294456216,-0.4873019910570806,0.7001164456955995,0.569588792901455,1.3979208031972914,-1.3909087757881853,-0.14759995430330713,0.5126508704855279,-0.7811891717058346,-0.12965127912775357,-1.3979208031972914,-0.5695887929014557,-0.6760201580619267,-1.3101654415944555,-0.027453521501095285,1.2093162867941527,0.9224464762726329,-1.0961545269847772,0.2692014673650073,0.012804842605544792,0.015758101167622184,-1.3310251429018278,-0.2553016945782196,-0.3688900476960481,-0.06248019957332482,-0.36386811417093057,-0.2550758902638815,-1.3595243465075295,-0.9883334727336057,-0.3944048900113141,0
2.266527181453213,-0.7719995663965628,2.8867879618748513,1.478524768348486,1,0,0,1,0,0,-0.571255364673633,0.20635227147009963,-0.4896581624461761,-0.027538888514740317,0.20117437479199465,0.17998196427657578,2.689358013804982,-0.6220148385937606,2.120438307229364,0.8063925575873255,1.9106399152133788,2.8821145687886314,-0.7279365192549153,3.8325054877490397,0.2636039694760254,2.7221955316389295,1.4835087915205005,2.1603267239899355,2.5539129013171307,1.3979208031972914,0.08977654189550165,1.1178075565179815,-0.16316621932547115,0.38163760192726615,-0.3747868927132685,-1.3979208031972914,-2.5539129013171316,4.393137321243117,0.641115017460903,1.1188452625698195,2.5659688387335815,3.2778691487656992,-1.222174502210428,-0.30171300108041293,-1.2052948804881005,0.9459245538203791,0.11228645211844858,1.1104772073715516,0.15113328768959466,0.04124997135858002,0.19459466390925928,-0.4136917878478824,-0.9479482933959068,-0.4316415915936655,0.22417816752487937,1
1.4441187860216065,1.1863506474345409,-0.4445202009343899,-0.4281154315628296,0,1,0,1,0,0,-0.356733435603381,-0.12450534111533736,-0.31055362260288033,-0.1907180907964637,0.07007226718736073,0.0516376607820852,0.3140093417723042,0.7648628545764008,-0.5719327574604659,-0.45487861241161687,-0.6827598348557975,-0.9623870301862896,0.7338205706715446,0.0194802956722727,-0.05069088997939294,-0.7023750893834314,-0.5049073819828512,-0.37337034149844295,-0.31054414497595056,-1.004587223962434,-0.41717315166288516,-1.1005792923656632,0.07603201127429694,0.11385414202651602,0.5230977563013107,1.004587223962434,0.3105441449759499,-0.03541234474315745,-0.10937746679115769,-0.18211288125669506,-0.5091102789957901,-0.6649035856248688,0.4790951633358572,0.5954383064766764,0.8433273810784847,0.07776919801113909,0.08453045990652028,-0.5588081172337243,2.4684302558993005,2.1417859327296416,2.073060371997167,2.2193321120465326,1.439192814651505,0.9600881112561845,2.389218868901558,0
1.9838242955235992,-0.23087648099586283,2.452269505856255,0.3052077222492148,1,0,0,1,0,0,0.7284951467520117,-0.5582835115700578,-0.2977604411855021,-0.20286973351957077,-0.6933356280180868,-0.2725770431674119,1.0647996920555394,0.2539776698140182,0.37181818745862444,-0.2608984940094851,-0.4237610237909327,-0.8250918122872158,0.27929641324236104,1.1687044593006128,-0.48988736277807676,0.8535739571749753,0.15796346821324206,0.04170084647123968,0.3186972389638403,-1.4414068652642016,-0.3128741665931162,-0.8393507282120874,0.3494715903632802,0.5090909047171177,0.5916228452012111,1.4414068652642016,-0.3186972389638417,1.6078859589875987,-0.10937746679115769,1.318992669312359,1.6356928031179738,1.6393142461618264,-0.08799472517957138,0.6769975162545934,0.5664865349208381,0.8839134569768611,-0.44283339212011924,-0.9381911455531051,-0.6790794056453779,-0.41256952646850126,-0.194636969298146,-0.6040308649486834,-0.04248097655033679,-0.6543183440496418,-0.8892713360402683,1
0.9558138012340891,-0.9523739281967958,-1.6032360836506476,0.3052077222492148,1,0,0,1,0,0,-0.48292280564470574,-0.026818031951271606,-0.68155588370685,0.48225145620227494,-0.46758293208315554,-0.39331907084515566,-1.0754893397513576,-0.01925402562338608,0.36106664610073774,-0.7815320542671625,-0.5340466721774513,-0.10031892917936427,0.17939512636827917,-0.7726340480431484,-1.0401065216625272,0.27622241641645445,-0.06097588629395086,0.2334524123305882,-0.35678002163742906,0.21702702713573208,0.7234872701021836,-1.015529126133106,-0.21601331131370421,0.9953367400012362,0.9222076720974284,-0.21702702713573208,0.3567800216374284,-0.7038726716844818,-0.9349191994684248,0.17269388524144552,0.29196075167320634,0.2567835470898098,0.1325402314653172,-0.38327221085833024,-0.26403600355210183,0.2638024885416898,0.5563823275093027,-1.0140677512169813,-0.31415074923440073,-0.37367071236903754,0.025363519036474696,0.12560226393772106,-0.6186874509066087,-0.5986491559356475,0.038603250264021984,1
-1.1259074497021662,0.6967630939767645,0.27967722576327125,0.3052077222492148,0,1,0,1,0,0,-0.3062576875868511,-0.17102310738394008,-0.6175899766199587,0.26004998926546014,-0.5334655866900332,-0.33250086431118103,0.6523515970874606,-0.7491129359071702,-0.11678492296948519,0.5416743848003759,0.4971378082297884,0.3867508369425401,0.13289957604351055,0.5700182799969716,0.11321640649716026,0.5765345197006195,0.34391585470273145,0.29899043988590973,0.39961991949913633,0.13114384342216406,-0.3375552266962711,1.141598724574266,0.7390104935393687,-0.3907460735417055,-0.35439752772112076,-0.13114384342216406,-0.39961991949913706,0.32667033235006016,-0.10937746679115769,-0.6187981323313287,-0.25070026910256554,-0.10165033785478751,-0.9071245641463012,0.35076067714292497,0.17890935030013266,-0.35630847989348147,-0.1375174777889068,1.4898602356909325,0.9083602497423721,1.1952481229760152,0.9392117013495113,-0.15990635171348128,0.4514102871836102,0.5704037944582268,0.7190446135538346,0
0.5189093411610479,0.9029052217484598,0.27967722576327125,1.0385308760612593,1,0,0,1,0,0,0.22373766658671274,-0.41465990821574694,0.5337963509440852,-0.5083967505576912,0.16020168463103465,0.07399729553722294,-0.4831250639457245,-0.31298124547761075,-0.5797701409882897,-0.819859644537742,-0.7389259071993306,-0.4275183475194389,0.6348516752522366,-0.7782938245838256,-0.2381812024203463,-0.18960334418022654,-0.8201164241915802,-0.9996750033954704,-0.7613439424253534,0.17200761631813533,-0.10586485718318094,0.19097188176644905,0.6020321295213659,0.2943640792785912,-0.015348200895781003,-0.17200761631813533,0.7613439424253534,-0.6760201580619267,-0.10937746679115769,0.391036510778763,0.22735824919990022,-0.11871861809024475,0.06953024385249205,0.35076067714292497,0.8433273810784847,0.5738579727592754,-0.19302946221276363,0.04820472807728505,-0.3597668312857729,-0.010615114107371936,0.10997909147286698,-1.016432198667086,-0.4540570296619595,-0.4316415915936655,-0.2706882785040748,1
0.2876069799459088,0.49062096620506923,-0.15484123025532542,-0.13478617003801185,1,0,0,1,0,0,0.4130217216486998,-0.4698997556597127,-0.4512786181940413,-0.03332538504955321,-0.7547476308918926,-0.3356312131769003,-0.16983972019544186,0.9872527622497573,-1.3219374967321047,0.042249244186185655,-0.7773324862353944,-1.5718675724537226,-0.05044562811877038,-0.82369719167304,0.23472558356606432,-0.7855862290911326,-0.5869501811695583,-1.0394314779044058,-0.3364521793121226,-1.8101507183111476,-0.5868622633027788,-1.1198924622860291,1.017694444611604,-0.6390857554954328,-0.004232226537720541,1.8101507183111476,0.33645217931212196,-0.6667359868544083,0.4826777152299126,0.7589842686286853,0.19433919238020986,-0.05234197273013472,0.6646245713069541,1.1391663716627913,1.4892893554463265,0.6220888258597909,-0.6648813298155464,-1.1658209625447336,-0.6243401071837319,-0.0495139282068366,-0.29617565622181696,-0.826093121566285,1.2745623934068555,0.4033962301162448,-1.198562864808365,0
1.726821671951222,0.43908543426214564,0.27967722576327125,-2.041426369949327,1,0,0,1,0,0,-0.8236341047562825,5.497748184523661,0.5337963509440852,-0.5072394512507286,3.076907172165142,4.620158233951827,0.9690983947977831,0.7041150105450237,-0.3585387606060939,1.4518310914966497,1.074748442246683,0.22361182682994873,-0.9779991957039191,-0.11435849961979494,0.35924893530802204,0.6855607401386282,0.23922398599643732,0.4587954933769733,-0.4633576356367666,0.7645323233097278,-1.461820573811901,-0.6065322521819821,1.1790569254816972,-1.7241197307784188,-0.9493011097770353,-0.764532323309727,0.4633576356367659,-0.20252742647848845,0.19081952690966666,-0.3731626786018469,0.020630241285320403,0.12023730520615308,-0.6235796198885869,-0.709509049969999,-0.5962450189412776,0.015758101167622184,-1.3865371273256843,-0.6346847228976005,-0.2594114507727547,0.36540675552078095,-0.38079122865820925,-0.7626467625326843,0.12214944469431245,0.5704037944582268,-0.20882997275045564,1
-0.8175043014153137,0.9802085196628456,-0.15484123025532542,1.0385308760612593,1,0,0,1,0,0,0.5013542806776271,-0.49955483165594694,-0.4896581624461761,0.0025508934662866888,-0.8645214799275681,-0.38616398772351157,-1.7370876088898577,-1.2461247940865445,2.033219282416143,-1.4553962041158643,-0.7051936820496614,0.800516204302744,1.0258162503340784,-1.2497117974231398,-0.7989662652916741,1.3437170447046822,-0.9802544054100392,-1.1241022466561776,1.0460293195708634,0.05436948222367098,1.166765302481998,0.9099585216483538,-1.4291728299616002,0.9941428889184083,-0.18068073090489092,-0.05436948222367098,-1.046029319570864,-1.17736540326792,-0.7472960784054096,-0.009258302706318612,0.6860360167603734,0.22264698661889537,-1.5057194464681423,1.6149284287006416,1.1201682272361313,-0.32530293147172246,0.9727222106882286,0.7310941790521709,-0.2594114507727547,-0.9312203811280227,-0.5330992590437151,0.2524949820049213,-0.20711139779498602,-0.2089648391376897,-0.3944048900113141,0
1.4698190483788447,0.026801178718756015,-0.8790386569529866,0.3052077222492148,1,0,0,1,0,0,0.551830028694157,-0.5135101615365277,1.672389497090751,-0.6576883611558636,0.3756265585919498,0.11335025270626534,-0.4557170525203102,0.21689454463794114,0.31514455664281826,0.6126964992332264,1.0679556765527625,0.8562183752303862,-0.2260071370171532,-1.1193164797287951,-0.4404086996097361,0.6930154843608718,-0.38230618962762825,0.23681574189844237,0.8164553486475572,0.3580292690535297,-0.4847221831286689,-0.73888633654362,0.2656005612882739,-1.2068017159381548,-1.157190204158582,-0.3580292690535297,-0.8164553486475579,-1.038102835155144,-0.3720498362793791,0.149949861747975,0.49222850934045503,0.3079883877961804,-0.009232240663539667,1.2071323798110556,0.8433273810784847,0.139780294854656,-0.5052843745969581,-0.7484996313934147,-0.23660340974706862,-0.06896333525656848,-0.5373300376655346,-0.6198924547070837,0.5131466951503537,0.7791632498857044,-0.45626319576493324,0
1.0586148506630406,2.268596818235939,0.27967722576327125,2.9451710759725747,1,0,0,1,0,0,-0.028641073495936725,-0.3373241217941949,-0.579210432367824,0.23401075485880213,-0.7142350708974166,-0.4402743038309449,-2.7889287393097213,-0.16027732122213573,-1.8795410308426426,-1.3712371511139922,-2.178016402941435,-2.140380121495646,1.4821705032409715,-0.16532176788482908,0.03557193395657343,-0.10425991774945663,-0.21124045844591627,-0.4047773462459518,-0.7703150826731027,-2.1552340839768487,3.7128857395196184,0.25562083590304235,2.4646243916090826,1.6429905037088055,2.436341699187315,2.1552340839768487,0.7703150826731019,-0.2582324537235989,-0.10937746679115769,-0.4186507255887879,-0.40574627503850064,-0.4600842227993849,-0.43454965705011084,-0.46483142063624716,-0.1532996650890431,-0.5423417704240322,3.970369369576495,0.5034643620605421,0.7441423543574326,2.02508949043125,2.7669080659755845,-0.9212626601166852,-0.8656330827735822,-1.6006945419875402,0.904619530814692,1
-0.25209852955608386,-0.978141694168258,0.27967722576327125,-0.8681093238500562,1,0,0,1,0,0,1.5234881780123575,-0.6536449324206935,0.07324181991846762,-0.38109382679180764,-0.6305078419117822,-0.20818129507261524,0.46230047826533543,1.3237217614708432,0.4578581336833737,-0.42767759579137754,-0.7055926673313041,-0.7169983216942918,-0.053761641686261206,0.09599270946285554,1.311899389424128,0.9982469922528158,-0.43334697107841075,-0.12828253355966468,-0.7989105922128049,-0.18555039652161812,-0.546925284421676,-0.5026176509722043,0.3772345495577024,0.14806540192478979,0.7920620987605567,0.18555039652161812,0.7989105922128042,0.540206270122983,2.067050737539819,1.7496128474553996,2.118058154918659,1.7872393415357872,0.3845801819166189,-0.49201782389555315,-0.17175572149955282,1.7934095440151123,-0.5261013687559044,-0.482931511569848,-0.040454256926167845,0.15794641365697218,0.2115177783965368,0.28421816152172197,-0.6186874509066087,-0.7656567202776299,0.038603250264021984,0
0.8787130141623758,2.3459001161503257,-0.4445202009343899,-0.4281154315628296,1,0,0,1,0,0,0.8673034537974689,-0.5803794505476442,-0.19541498984647596,-0.24916170579807387,-0.6393168305719297,-0.2537949499730962,-0.17521089751335167,0.5377808011893231,0.5025706268913391,-0.8539447540165733,-0.7276190626296039,1.3181461906628973,1.7868949545987218,-0.5736205101477161,-0.41471207072118926,0.4487960301725923,-0.8839436622573003,-0.9471656568061251,0.6312676384277301,1.171710631808875,-0.32951983687682646,-1.1535704753057594,-0.23603415457681998,0.27712086651884277,0.02121750422941688,-1.171710631808875,-0.6312676384277308,-0.24894828251608053,0.06573744620098994,1.6586367534815174,1.6873748050966186,1.1614023995690306,0.3845801819166189,2.906282583517664,2.6889330221294627,1.2766504036524704,-0.49834537654397587,-1.2416975682086098,-0.8797901666714156,-0.8534227529290943,-0.7023304039164997,-0.6040308649486834,-1.1125787146405561,-0.7656567202776299,-0.45626319576493324,0
0.5189093411610479,-1.1842838219399534,-0.15484123025532542,-0.4281154315628296,1,0,0,1,0,0,-0.5081606796529707,0.05691394733221332,0.047655457083711085,-0.37125678268262574,0.6499942884656948,0.3306859025262041,0.16450307807727144,-0.3480816358857681,-0.5099296446079835,-0.09831323330888592,0.0867070724025948,0.9693032358817877,0.8446434683772676,-0.5133133774521306,-1.1120101617440177,0.7488903973950618,-0.9000915712888962,-0.4903768783032575,1.8608907768041416,-0.5235948099447552,-0.741642213078503,-0.6362343996368995,1.4496535335907688,-0.7597005588541051,-0.5914810182342235,0.5235948099447552,-1.8608907768041423,-0.5367575899491508,-1.0850176963188372,-0.2639913658331881,0.14983524623193267,-0.22112829950298704,-0.6235796198885869,2.145063292257104,1.1755363964676604,-1.1624527388592034,-0.5816133531797613,-0.4070549059059717,0.7623887871779818,1.4675398216722642,1.0069041592986248,-0.857816301083085,1.2745623934068555,1.0714264874841732,0.22417816752487937,1
0.15910566815972013,-0.8235350983394863,-0.8790386569529866,0.3052077222492148,1,0,0,1,0,0,0.3751649106363024,-0.44547792836869626,0.6873145279526244,-0.5431157297665685,0.14105323862188895,0.07712764440294222,-0.07867992676269828,-0.2865570590033771,-1.2066653040344106,0.8074253263133225,0.8605732937062712,1.1877878050012798,-0.17584890727395697,-0.6156007282254695,-0.9470547521453039,-0.3818242049893597,-0.26863614935009117,0.054638754981653416,0.6359402782403267,0.9892830742375731,-0.505694640795451,-0.5554301040656592,1.2658553911136605,-1.357154532320096,-1.0654433195567174,-0.9892830742375731,-0.6359402782403275,-0.5646101035717058,-0.8598699510432187,0.10901061945972781,-0.10857476366129187,-0.20406001926752979,0.6681251261743327,0.6769975162545934,0.40038202722625016,-0.10826409251941274,-0.14676947519288291,-0.05296407947454983,1.8085176022227845,2.340602093682458,1.4581872122927166,-0.0647368131630805,1.0276167615398821,1.8693515171180877,2.018069034379841,1
-0.7661037767008384,0.3617821363477598,1.0038746524609323,-0.13478617003801185,1,0,0,1,0,0,0.36254597363216995,-0.4443149842119812,0.5210031695267069,-0.506082151943766,0.07312692305131424,0.04940169730657143,1.5147524167497044,0.23184651780384302,0.08349746754346483,0.7408294027187141,0.023692150619543106,-0.07668693746370311,0.4229414523082021,1.8324213177725786,-0.2907949039712028,0.9774934799443535,0.5124611588000273,0.10663990923161194,-0.16027754582615011,0.05436948222367098,-0.27536631869612893,-0.6095285728648173,0.8681428429186039,-0.4926650159376391,0.07331215943916305,-0.05436948222367098,0.16027754582614942,1.357213336384602,-0.4846237089171882,-0.7279694450999874,-0.1602567656399366,0.0519641842643253,-1.6002344278873806,-0.30171300108041293,-0.26403600355210183,-0.4803306735805153,0.0012624832707351544,-0.2553016945782196,1.2550424733328,1.5842362639706562,1.243827762120523,0.506280418139323,-0.20711139779498602,-0.2089648391376897,0.904619530814692,1
2.08662534495255,-0.7204640344536393,-0.8790386569529866,0.3052077222492148,1,0,0,1,0,0,-0.1295925695289965,-0.2692918886263634,-0.4512786181940413,-0.026381589207777743,-0.37968226651564924,-0.18671604570768302,-1.1680361019477667,0.4155529598193408,-0.24952459626364534,-1.6246332392715135,-1.3885952647551443,-1.1947448603642539,0.45097725090472845,-1.5281563058223588,-0.5372715161267546,0.47816340754044095,-2.3822757743449583,-2.140181869741917,-1.5109497358852806,-0.13094794135889876,0.09726685784850446,-1.1085862890844127,0.8216165928907754,-0.16744918462509806,-0.2842291912274428,0.13094794135889876,1.5109497358852806,-1.4837430531160272,-0.7097714541928067,-0.8007503202790929,-0.4574282770171454,-1.3134982345722352,-1.1591645145976028,0.02452383803125581,0.954063719541543,-0.790386157798101,0.11228645211844858,-1.0140677512169813,0.12376363845877164,0.533968283285125,0.43151826673115745,-0.826093121566285,0.9453015509175579,0.9600881112561845,0.10046155601764112,0
0.930113538876852,0.33601437037629844,-0.8790386569529866,1.478524768348486,1,0,0,1,0,0,-0.5333985536612357,0.16855658637685988,0.06044863850108935,-0.3799365274848451,0.7118913981583822,0.4232547904124743,-1.060035090039363,-1.6364267670617434,0.10961338313531672,-0.8761122597811546,-0.5632196662949029,-1.1315807767005677,0.11443559841590432,-0.5042778140169034,-1.4876628374868297,1.781312444477046,-0.5239822597239367,0.06307105836868253,-0.7703150826731027,-0.7793520964162078,0.9701361467734729,0.7557391209198459,1.6402020507661275,0.6639993016477423,0.7937897631215568,0.7793520964162078,0.7703150826731019,-0.48105256270404034,-1.3852146900196616,-0.009258302706318612,0.9121447754169449,0.6322857122698633,-1.1276595207911904,-0.46483142063624716,-0.1532996650890431,0.07776919801113909,0.917210226264372,0.7310941790521709,0.06902433999712428,0.9099901529132779,1.1592121896841308,-1.238494455284687,0.03983423407198747,-0.32030321536567735,0.038603250264021984,0
0.544609603518286,-0.05050211919562982,-0.15484123025532542,-0.4281154315628296,1,0,0,1,0,0,0.26159447759911014,-0.4193116848426072,-0.054689994255315046,-0.33075130693893556,-0.2237743275282669,-0.06686840342014477,1.068019842317577,0.5510812647336863,-1.5193289988477712,0.8529331502169902,0.027785278376234682,-1.0540449370143674,-0.303488624701194,1.1833847244148161,-0.7949151089846436,-0.9186511721184373,1.5452273039284574,1.0672218122022141,-0.2645441656443792,-1.1752198963459366,-0.3026835159898043,-1.5527048362851765,1.1538178056499286,0.37996328424571857,1.0058121590444822,1.1752198963459366,0.2645441656443785,1.0229831729139398,-0.7848207026180125,-0.19121049065408274,-0.625394783447741,-0.03337721691295973,0.6366201323679207,-1.1173050988595852,-1.149926711256571,0.07776919801113909,-0.08200549336504998,-1.317574173872486,0.9995924138451164,1.519404907138216,1.6161362808406496,0.28421816152172197,0.2044646553166367,-0.32030321536567735,1.1520527538291696,0
1.572620097807795,1.3924927752062353,-0.4445202009343899,-0.8681093238500562,1,0,0,1,0,0,0.29945128861150755,-0.4326855426448305,0.13720772700535894,-0.39671736743580244,-0.10549999294893256,-0.026173868165794107,0.47143571488771036,-0.11529989270646042,2.0070484215870046,-0.8294671141448045,0.8715434228773781,1.2880203515473232,-0.5298840701024186,-0.8236971916730403,-1.3976813804461563,0.5494714103688126,-1.479664550870693,-0.44146949380097356,-0.12950004961474557,1.8851427108031094,-1.4785713661608328,-1.2419138032544144,-2.191536652229715,-0.34665348144133856,-1.5640581700524903,-1.8851427108031087,0.12950004961474487,-0.7874302125521474,-1.3101654415944555,-0.06384395909064733,0.22735824919990022,-0.3918111018575571,0.16404522527173035,0.5954383064766764,0.7325910426154264,-0.17027518936292965,-1.3032691506898992,-0.9381911455531051,1.2915353389738984,-0.23104172733766892,-0.3469449996836519,1.6800380602609295,1.439192814651505,3.353863200157928,2.636652091916034,1
0.3904080293748593,-0.3854830768246345,-2.327433510348309,0.3052077222492148,1,0,0,0,1,0,-0.6722068607066928,0.4999956710406544,0.11162136417060241,-0.389773571594027,1.1510752845204217,0.6857569024377912,-0.6031876564881963,-1.151254184507944,-0.9761149256880307,0.5627040850096086,0.5531419551525292,-0.017670464888356607,-0.9756885929516591,-1.3377130948239784,-0.24005193484030668,0.03893515121844,-0.4522982973350664,0.020804716131885823,-1.7036407412605648,1.6655497383610505,-0.4978800429930764,1.3396537394063628,1.3735078755419812,-1.2086681654485336,-0.6987998763658934,-1.6655497383610505,1.703640741260564,-1.2887754577581405,-0.3345252120667762,-0.3640650692044592,-0.28946177058654887,-0.4430159425639276,0.038025250046078915,-1.6066603575270884,-1.2052948804881005,-0.35630847989348147,-0.6093693453916895,0.8828473903799233,-0.7338187041070253,0.015317428625603584,-0.4654068010946016,-1.3653871733518879,-0.7010026615289333,0.06938110143228039,-0.2706882785040748,0
0.13340540580248203,-1.3646581837401863,-0.4445202009343899,-0.4281154315628296,1,0,0,1,0,0,0.2363566035908452,-0.41291549198067434,0.40586453677030254,-0.44763853694215583,0.08906661605675315,0.028383640636741956,0.9764062698335165,-0.29091196740747816,0.5075348714579038,1.2401879765026695,1.2299759585678662,0.6375799643608389,-1.2232353730558772,-0.06411679524369697,-0.924359198604517,1.1621298379964233,-0.5384588611969394,0.31275433283820087,-0.40749033797582196,1.2737269836114935,-1.4217814329098393,-0.5267169482961749,0.47401124001028616,-2.2093405354772933,-1.293685252072608,-1.2737269836114935,0.40749033797582124,0.02029268250195297,-0.7848207026180125,0.36374368258659734,0.9379857764062678,0.6493539925053206,-0.08799472517957138,-0.5463906304141645,-0.4301405112466897,0.44983577907224165,-1.2477571662660425,-0.17942508891434333,1.2003031748711541,1.298978293907919,0.1607484349347019,0.8552353928241243,0.7806711296729086,1.795125932966095,1.275769365336409,0
-0.7661037767008384,1.1863506474345409,1.4383931084795292,-0.13478617003801185,1,0,0,1,0,0,-0.4198281206240434,-0.03030686442141681,0.764073616456894,-0.5535314235292317,0.8758466705002247,0.4044726972181586,-0.4410612755701637,0.6976840800864877,0.20258919393811786,-0.15751098103174138,-0.44206869443349134,-1.2736441509779959,-0.39963851370790837,0.017706466857391013,0.7562657746106466,-0.20701449132709412,0.3738666837519269,-0.32363060400926674,-0.7989105922128049,-0.9447489169347935,0.6309985333571805,-0.19998284417172094,-0.4849758142738717,0.5835069774090541,0.25874865827529464,0.9447489169347935,0.7989105922128042,0.02029268250195297,0.7161642658861095,0.04532735367801011,-0.06981326217730856,0.08610074473523979,-0.37153966943728567,-0.7910682597479163,-0.5408768497097485,-0.046252995675895824,0.7506742729928018,-0.02767187758659086,0.534308376921121,0.1838789563899486,0.4145951522438788,0.664896315723324,0.6160407084282594,0.18071947766026855,0.34789477903211874,1
1.4441187860216065,-0.30817977891024867,-0.4445202009343899,0.7452016145364414,0,1,0,1,0,0,-0.34411449859924853,-0.12450534111533736,-0.2721740783507456,-0.21444272658919655,0.09736825245140363,0.06997256128129814,-0.2445622892507116,0.5527257995371043,-1.3030208163082801,-0.13246685273718362,0.00716318461309137,0.44400583652600684,0.8840372391122906,-0.23858199328021926,0.14951129187573925,-0.8409278256371023,-0.6868987180199632,-0.6363248796340868,-0.16027754582615011,0.7645323233097284,0.10168149994960599,-0.6088563759732922,0.936221741354216,-0.5021628385265086,-0.6305598851952747,-0.7645323233097284,0.16027754582614942,-0.14682239923337803,0.26586877533487285,0.381938901381374,-0.1344157646506147,-0.3918111018575571,0.9201650766256344,1.166352774922097,1.397009073393778,0.5118468759157585,-0.1375174777889068,-0.7864379342253526,-0.8524205174405927,-0.2958730841701091,-0.4654068010946016,-1.5557262504526888,-0.7833178721512579,-0.5429799678216537,-0.9511296417938885,1
2.08662534495255,0.3617821363477598,-0.8790386569529866,-0.13478617003801185,1,0,0,1,0,0,-0.06649788450833415,-0.3187170152867538,4.11588714781,-0.7554801525942014,1.2082937202371518,0.3387353710380537,-0.17001626913723755,-0.7503241207188754,0.14135959371505688,-0.5975540891399559,-0.7728474793371599,0.3572494818458091,1.2509333428069709,0.09206937270808598,-0.2723159453777316,0.6310616793611181,-0.769832295370104,-0.9921941016534122,0.1765838412788985,0.312111980532898,0.3284063932797959,0.7570432669975113,0.440912828218669,0.04390449727540371,0.03605514873686485,-0.31211198053289735,-0.17658384127889992,0.0759977097470634,-0.25947596364157,-0.009258302706318612,0.31780175266252825,-0.01630893667750248,-0.9386295579527137,1.166352774922097,1.1755363964676604,-0.35630847989348147,0.41760236644966076,0.8828473903799233,0.42482977999782756,0.5987996401175653,0.5838262971166633,-0.12818317219668063,-0.12479618717266176,0.013711913318286572,0.5334696962929761,0
-1.922615582776536,3.1447008612656444,-0.15484123025532542,-0.4281154315628296,1,0,0,1,0,0,1.9777699101611264,-0.6838814804952853,0.7384872536221374,-0.5517954745687877,-0.39234899766192244,-0.09951347016264586,0.45643479009764226,-0.6832069611125069,0.05626743732024202,-0.4766347848159741,0.20299303812648103,1.2438087010777668,-0.1350848176919118,0.02553476923050444,-0.9747395761338992,0.06399590511065047,-0.33995401644975887,0.537013752913736,1.5427439112049275,0.16633209230480636,-0.6091696459373956,-0.03874971429306251,-0.012609758892435851,0.3068102609611729,0.26038851713001304,-0.16633209230480636,-1.5427439112049282,-0.016844002328120476,-0.9349191994684248,-0.13055976133816094,-0.07842692917374888,-0.20406001926752979,0.5946134739593706,-0.49201782389555315,-1.0945585420250417,-0.6870343297255728,-0.24854144663662048,0.5793409677244183,1.9119140548725593,1.6101688067036326,1.6669056243024845,1.3945294446097283,0.03983423407198747,0.1250502895462747,1.8943524228726025,1
-0.8175043014153137,1.9851513925498596,1.7280720791585935,2.505177183685348,1,0,0,1,0,0,-0.7479204827314877,1.2937050579986886,0.6361418022831113,-0.5269135394690924,1.842582143146018,1.4021595999924041,-0.48944070208394735,1.729184680748227,1.0997702019225428,0.15849428156775086,0.246944331790957,-0.5880372792151226,-0.1562198118457016,0.7910437497066782,2.013289915286355,2.369812835931707,0.7353987348696404,0.7732276994882099,-0.31054414497595056,-0.49401881205127574,1.470980804678167,-0.3564906007182113,0.8780106476847483,0.5150932478158513,0.4338666263249917,0.49401881205127574,0.3105441449759499,0.8558680911786088,2.067050737539819,0.35464607318920965,1.584010801139329,1.8782701694582253,-1.9152843659515075,-0.22015379130249568,-0.09793149585751397,0.8219023601333442,2.055205906953436,0.12408133374116129,1.6199711297437773,1.9213593194993455,2.073060371997167,0.1890486229713212,0.6160407084282594,0.4033962301162448,1.3994859768436472,1
-0.5605016778429365,2.4232034140647105,1.4383931084795292,-1.161438585374874,1,0,0,1,0,0,-0.7353015457273552,0.89248932393199,0.6617281651178678,-0.5327000360039053,1.7658389846453721,1.098068567322531,1.0254930795619703,0.05837838447314381,0.9947416815288302,0.8427915111318591,1.6982659365570982,1.1621084084622642,-1.2581646874715862,0.7277850591307637,-0.9438497543433326,0.9849275739055933,0.6795179026125718,1.4165682672388824,0.4251360800282837,1.1633324773130074,-0.6987788345466618,-1.0256541288942649,-0.37008797697150647,-0.4647586388530372,-0.8248256914195974,-1.1633324773130074,-0.4251360800282844,0.8280155775560533,-0.7848207026180125,0.4547197765604794,0.9250652759116064,1.195538960039945,0.2270552128845555,-0.9541866793037505,-1.2052948804881005,0.8839134569768611,-0.5816133531797613,-0.8623145398892288,0.48869229486974886,0.20981149912292413,0.008440404549195996,0.1890486229713212,-0.04248097655033679,0.6260729825722207,0.8427612250610729,1
1.3927182613071303,-1.132748289997029,-1.8929150543297122,0.3052077222492148,1,0,0,0,1,0,0.2742134146032426,-0.42047462899932225,-0.3233468040202586,-0.16757210465721217,-0.49820599573992563,-0.19387112882932708,-1.0981674803993935,-0.9102956494681103,-0.33251464003461834,-0.5740908046490423,-0.20959932860542216,-0.5754663862160065,-0.5348720064718543,-1.04936306492026,-1.0990304215573874,-0.06006320417620707,-0.8057784214376842,-0.304400844149756,-0.7532939460423284,-0.037759751214519306,0.47851740365536655,0.14842479673101236,0.39420092450994554,-0.02343644963339093,-0.024698784978938113,0.037759751214519306,0.7532939460423277,-1.1216603760228097,-1.2351161931692491,-1.11916664918768,-0.9742482968035945,-1.1940202729240363,-0.49755964466293656,-0.9541866793037505,-0.762349526635866,-1.2864749325462383,0.22331042096616224,-0.1035484832504671,-0.6882026220556532,-0.39960325510201306,-0.38079122865820925,-0.826093121566285,0.28677986593896093,0.29205785388825667,-0.45626319576493324,0
1.1871161624492292,-1.3131226517972627,-0.7341991716134544,0.3052077222492148,1,0,0,1,0,0,-0.16744938054139394,-0.2559180308241401,0.31631226684865466,-0.4354868942190488,0.3517376796229978,0.13973462171732787,1.1938892803199745,-0.1257421007113051,-0.6695186192160694,1.4010857556956964,0.7165826569587923,0.7805067138593644,-0.9210493203171067,1.3692993200769683,0.2152645041018612,-0.20607218760215196,2.0079131255657408,1.1340228038433686,0.6060821098378343,0.4634132099205583,-0.2919443601132264,0.38823223401959817,0.7081717064607288,0.09823581862754407,0.17555999895049473,-0.4634132099205583,-0.606082109837835,1.357213336384602,0.26586877533487285,0.19998671343360988,0.05939174276930372,0.8712416355662611,-0.05648973137315825,-0.7910682597479163,-1.0945585420250417,0.3258135853852078,-0.3472294189456991,0.2421116092183019,-0.31009598638539054,0.08591157273203844,0.12314151385186099,-0.7520723693604175,-0.2985727429309022,-0.1099973936017002,-0.2500688432528684,0
-1.2544087614883548,-0.30817977891024867,-0.4445202009343899,-1.161438585374874,1,0,0,1,0,0,-0.36935237260751347,-0.07333579821987435,2.2480826608727726,-0.6906713914042971,1.2276721169357176,0.47736510651990754,-0.005315440059954375,-1.065311685622111,1.0915058131107243,0.3705155230116519,0.7174137630872416,0.4032740645218639,-0.41600011532102826,-0.7972071481996554,-1.7873262587907812,2.2035150412423414,-0.5613026726956231,0.4112356471259745,0.4513710056427588,0.10235345797273021,-0.7891687404802691,-0.32833048876779497,0.7221950980845373,-1.057120689843029,-0.5311814591502094,-0.10235345797273021,-0.4513710056427595,-0.7874302125521474,-1.685411683720486,-0.2276009282436361,0.9121447754169449,0.615217432034406,-1.2536794960168407,0.2692014673650073,0.06817301183707392,-0.29429738304996345,-0.6371253376036178,-0.1035484832504671,0.7167727051266096,1.0137203238451828,0.46536449570571364,0.12560226393772106,0.8629863402952329,1.0157572993701793,0.40975308478573785,1
-0.6119022025574117,-0.4885541407104817,-0.15484123025532542,-0.4281154315628296,1,0,0,1,0,0,1.4982503040040924,-0.651900516185621,0.5082099881093286,-0.5026102540228783,-0.3717244873794793,-0.11292925101572851,0.5623791874106123,-0.8692223784177251,-0.3171744199475737,0.42013973802600085,0.6737278966253162,0.9071829733453357,-0.24577595789832637,0.6890647628969062,-0.4554986653477984,-0.8551318895552067,0.24364741100741802,0.6351509481089265,0.46109514795545875,0.7799808228191798,-0.09349655783762789,0.7367264295066867,-0.42573702292363913,-0.32598507889429135,-0.2557779833594229,-0.7799808228191798,-0.4610951479554595,0.939425632046274,-0.18442671521636386,0.900502637032502,0.26611975068388355,0.3591932285025509,1.9913348660436665,0.4323198869208419,0.2342775195316623,1.0079356506638961,0.05677446769459199,0.9587239960437993,0.6529101902546883,0.31354167005482897,0.1607484349347019,0.8552353928241243,0.2044646553166367,0.6817421706862145,1.1520527538291696,1
0.31330724230314594,0.5421564981479937,-0.15484123025532542,-0.4281154315628296,1,0,0,1,0,0,0.4256406586528323,-0.45478148162241677,0.21396681550962854,-0.40713306119846565,-0.12607282844996656,-0.035117722067849196,-0.9751134160490265,-0.3269765406371346,-0.1144691970258807,-0.8287510194055372,-0.9637463667809889,-0.23562654415054582,1.6051981762930299,-0.8321368314973454,0.6117682540149039,-0.9034542749860156,-0.675881575847175,-1.2043560959388333,-0.18532197901778352,-0.13756642077256032,0.5244576246456661,1.0616415705989015,-0.7514011904876365,0.4493965597220617,0.07709815843283699,0.13756642077256032,0.18532197901778283,-0.6760201580619267,0.8662627627365218,0.7549408866742913,0.12399424524260985,-0.15285517856115927,0.6681251261743327,1.4925896140337656,1.784586258014483,0.44983577907224165,0.9727222106882286,1.717490052682561,1.5834782641026803,0.8710913388138142,1.0238272737859035,1.648314880744129,-0.12479618717266176,-0.2089648391376897,1.0283361423219313,1
0.004904094016293398,0.2587110724619126,-0.4445202009343899,0.7452016145364414,1,0,0,1,0,0,0.33730809962390496,-0.440826151741836,0.57217589519622,-0.5147618967459854,0.11107333784720787,0.05879274390372927,0.055877731618891986,-0.3733035656797434,0.42091140754049033,0.8381884845824236,0.8615624859473919,0.47496594741188114,-1.0526481946808046,-0.3016230341125239,-0.8243956014180552,1.2925695304455735,0.02381276745817465,0.41197095705564435,0.5209310369862826,0.13114384342216265,-0.37907752780030374,-0.3134905567558302,0.7235077284440209,-1.1087262346721103,-0.7178639716613344,-0.13114384342216265,-0.5209310369862833,-0.09111737198826762,-0.5596729573423944,0.9368930746220554,1.5452492996553449,1.4856997240427134,-0.24551969421163483,0.5138790966987595,0.2896456887631914,0.6978801664463103,-0.38732140769626244,-0.3311783002420958,-0.12256320461863823,0.2616765845888761,-0.21156008378542468,-0.5723076854318833,0.9453015509175579,1.127095675598167,-0.332546584257695,1
0.6988111776617119,-0.8493028643109486,0.27967722576327125,-0.13478617003801185,1,0,0,1,0,0,-0.5838743016777656,0.2790362812647914,-0.11865590134220637,-0.2931390794626518,0.6895747810880961,0.44114249821658447,-0.05487017595319007,1.4099583137335145,0.7699649335870716,-0.32976808588309114,-0.09795685874362567,-0.5028910613471714,0.10250819291433683,-0.6461673170652629,1.272711253096593,0.5287405218445586,-0.6708494671485573,-0.520281341514218,-0.3593320018427697,-0.3295023237687909,-0.5693444543032617,-0.6602378400102193,-0.5212346252792459,-0.21970743892588376,-0.38060475154395296,0.32950232376879157,0.359332001842769,-0.5367575899491508,1.391607501712964,0.4456221671630917,0.6666552660183818,0.3421249482670949,-0.18250970659880966,0.18764225758709038,0.40038202722625016,0.2638024885416898,-0.38732140769626244,-0.4070549059059717,0.8627441676909999,0.4302381123532211,0.31305646532020776,0.886958572340925,0.5337254978059351,0.4033962301162448,0.5334696962929761,1
0.5189093411610479,0.18140777454752677,0.27967722576327125,-0.8681093238500562,1,0,0,1,0,0,-0.00340319948767178,-0.3594200607717812,0.38027817393554597,-0.4412733907538617,0.24217374843916464,0.06460624894006509,0.6087587777981479,1.0720252609066792,-2.3418766517885827,2.0546482141640134,1.8382504974543659,-0.11246875070210866,-2.963604232065951,-0.8662163556561892,-0.2808809660025586,-0.4123614221131066,-0.8882105939159638,-0.8209779705486743,-0.871666255725209,0.7111140177770428,-1.7120070756157255,-1.752768699653157,2.7870403750875092,-3.656431603114207,-3.1913408746270298,-0.7111140177770428,0.8716662557252083,-0.8152827261747027,-0.25947596364157,0.018034525485845748,-0.19901826712392082,-0.5283573437412127,0.2270552128845555,0.02452383803125581,0.5111183656893089,0.2638024885416898,-1.5253170883853264,-1.3934507795363622,2.2403498456424398,3.762569853540646,1.209981533145967,-1.4288335323854886,4.0732795545658895,5.357953972261714,1.0283361423219313,1
-0.9974061379159777,2.5778100098934824,0.27967722576327125,0.5985369837740325,1,0,0,1,0,0,0.19849979257844777,-0.41000813158888666,0.27793272259651985,-0.42217795218897913,0.04262419415668925,0.010943125527734526,-0.413895684630936,-0.5019864532805652,0.9636785550151084,-0.19837083270232236,-0.20404256326860684,-0.3508226900298817,0.10203968777941287,-1.038657383539418,-1.8097743365201455,1.5398172535443402,-0.842191463950647,-0.19244050123629905,-0.5796783524084306,0.0964376253461319,-0.4622821946885312,-1.1240000404534742,0.22998697227388848,-0.5671164419431778,0.0773846314776962,-0.0964376253461319,0.5796783524084299,-0.9823978079100336,-1.685411683720486,-0.027453521501095285,0.7700192699756713,0.3591932285025509,-0.9071245641463012,-0.38327221085833024,-0.1532996650890431,-0.046252995675895824,-0.24854144663662048,-0.8623145398892288,1.0087156302553917,0.9877877811122063,0.6684418695530556,1.0455744699249259,0.12214944469431245,0.18071947766026855,0.9664778365683122,1
1.2128164248064663,0.5163887321765315,-0.4445202009343899,-0.13478617003801185,1,0,0,1,0,0,-0.29363875058271866,-0.1797451885593031,-0.4768649810287978,-0.0032356030685261974,-0.24828155280135736,-0.135736078465969,-0.05855365719824954,-1.5369958604993839,0.14532204009816815,0.3427819182356897,1.1352418032992382,1.2089502690197416,-0.2855009393166342,-0.44240279285402434,-0.9580411864711296,-0.13547394757465642,-0.07268275900865656,0.4176774356547334,1.207300290880625,0.45147824704345946,-0.3606233722584152,1.1498304247384517,-0.33479834938618847,-0.5351472367479988,-1.0680892222512939,-0.45147824704345946,-1.2073002908806256,0.10385022336961848,-0.3345252120667762,2.7018292977153666,2.191274324388407,2.0489529718127955,2.6844447297847456,2.2266225020350205,1.6184817503198954,2.4962019749083075,-0.16527347000083534,1.4898602356909325,0.890113816921823,0.5599008260181015,0.2961333508329291,0.2207718024881207,0.6160407084282594,0.9600881112561845,0.47161139053935697,1
3.191736626313771,0.23294330649045036,0.27967722576327125,-0.4281154315628296,0,1,0,1,0,0,-0.11697363252486404,-0.28906193929051954,0.43145089960505906,-0.4551609824374126,0.36528014273382503,0.1294491897299645,1.9926908409790576,0.5102934017999986,0.03480031250028093,1.8788840623423293,1.4441180263495192,0.8969407920786174,-0.9189277263592872,1.8124197189681415,1.1403227802680818,-0.32017529997122407,1.223788122482251,0.4222533721262084,0.6912331826893902,0.5377636082882545,-0.9599366937520186,0.441956619940123,-0.3693184918881149,-1.3247637991607721,-1.4651759283970807,-0.5377636082882545,-0.6912331826893908,1.4964759044973779,0.8662627627365218,-0.4004555067940112,-0.4961897785011287,-0.01630893667750248,-0.4660546508565234,0.10608304780917345,-0.2086678343205727,-0.4803306735805153,-0.9979532363586869,0.12408133374116129,-0.7429419205172992,-0.8015576674631424,-1.2100238385348534,-0.667477223982284,0.28677986593896093,0.6260729825722207,-0.9511296417938885,0
-0.07219669305541997,-0.3339475448817109,-0.4445202009343899,0.3052077222492148,1,0,0,1,0,0,0.6275436507189519,-0.5274654914171085,0.17558727125749374,-0.4025038639706153,-0.2477143169563035,-0.09459435051651556,0.20797425151160145,0.11672952376130308,0.6345133044484706,0.48608703532300446,0.7387141695445574,1.3511988292930157,0.523239562341607,-0.21884668190921608,-0.06664185594388441,1.009776721313074,-0.7857194606313259,-0.7083661058889247,0.5274811195133241,1.3197246945691967,-0.5078622853533903,-0.22697528301596948,0.1473272789212904,-1.4357781922965824,-1.6519462297724314,-1.3197246945691967,-0.5274811195133248,0.49378541408539117,0.9413120111617277,3.1749049863795538,3.4316423718758844,2.782889021937446,0.8571550890128092,3.450010648703779,3.3348949964973045,2.3101686843777554,-0.5538573609678327,-0.3311783002420958,-0.3871364805165972,-0.2569742700706454,-0.7869459763528921,-0.9212626601166852,-0.12479618717266176,0.6260729825722207,-0.6418381130257917,1
0.8787130141623758,-0.514321906681944,0.5693561964423357,1.7718540298733036,0,1,0,1,0,0,0.16064298156605036,-0.4036119387269538,-0.7966945164632545,2.597794589329866,-1.8281514742328717,-2.3180364305674117,-1.2279050390611177,0.15602204292441854,0.5238069382271796,-1.2094867112105512,-0.8709640209334266,-0.17673778073772475,0.5295823915425274,-0.5552678622589606,0.2372213360025494,0.6428989145725628,-0.8948959669840534,-0.4583993348005022,-1.0923365864985648,0.8423168734713579,1.1526147418898216,0.023497976477322796,-0.07001022398239519,0.7465749951469595,0.6847581532750531,-0.8423168734713579,1.0923365864985641,-0.4253475354589299,0.41596727218528484,0.5638910893291381,0.8346217724489774,0.39332978897346543,0.038025250046078915,-0.30171300108041293,0.2342775195316623,0.7598912632898273,0.917210226264372,-0.1035484832504671,-0.3688900476960481,-0.3477381696360611,-0.0423289389126401,-0.09645999267988113,-0.9479482933959068,-0.7099875321636356,0.2860364732784985,0
1.495519310736081,0.6709953280053031,-0.4445202009343899,0.3052077222492148,1,0,0,1,0,0,-0.6974447347149578,0.6599004925889763,-0.24658771551598904,-0.22427977069837846,0.9585435369726397,0.680837782791661,-1.3907393240423784,-0.14094513268760575,0.5283080155242108,-1.027856180225215,-1.0041955314737232,-1.115046642606522,0.5122801459205347,-0.8627138599326599,-0.8735928288422327,1.6565484026772859,-0.3177623105973402,0.13145501775169413,0.33216239355632987,-1.850225247508165,1.071843360632392,-0.681694500570079,0.942456632126858,1.073479719967949,1.4338436115523148,1.850225247508165,-0.3321623935563306,-0.6481676444393714,-0.5596729573423944,1.1734309189541483,1.9845463164738264,1.7246556473391115,-0.4660546508565234,0.8401159358104279,0.7325910426154264,1.4420133285685155,1.9441819381057224,-0.02767187758659086,2.5140463379506723,2.777133229687556,3.223832157132103,1.3628062650929278,1.3568776040291806,0.45906541823023866,2.6985103976696543,1
-1.4086103356317816,-0.2051087150244015,-0.4445202009343899,-0.13478617003801185,1,0,0,1,0,0,-0.24316300256618875,-0.21928528988761545,0.16279408984011548,-0.3990319660497276,0.33882384155972356,0.13973462171732787,-0.808518774926038,-0.5939454307482845,-0.4673482853301239,-0.39911674825828386,-0.9556167393865524,0.19218239939089984,1.671510886820598,-0.7063532914463049,-0.9209890456239131,0.037709431614701604,-0.4594000841280964,-0.3394077093656487,0.4513710056427588,-0.18555039652161812,0.418485151957692,-0.10741786449876495,0.6767751043955705,0.0836477185743007,0.9109829956091665,0.18555039652161812,-0.4513710056427595,-0.8988402670423681,-1.1600669447440433,-1.4284853686988783,-1.1938968052128347,-1.2793616741013212,-1.033144539371952,0.2692014673650073,0.06817301183707392,-1.2244638357027204,-0.05424950115312168,-0.5588081172337243,-1.4454295841084306,-0.944186652494511,-0.8546384343020056,-0.857816301083085,-1.4418395571298541,-1.6563637301015341,-0.76555472453303,1
2.6520311168117785,0.928672987719922,-1.168717627632051,1.0385308760612593,1,0,0,1,0,0,0.11016723354952047,-0.3931454413165182,0.34189862968341117,-0.4389587921399365,0.1373433956596345,0.0368803018436943,-1.2220821611583577,-0.9253569154831278,-0.26527322900163425,-0.9662313696900757,-0.7900443312143879,-1.1204777278044342,0.11327070001937338,-0.20233464298863763,-1.4460757461934213,0.3764549717745848,0.09541373004895157,0.35110941924861444,0.10398440440281079,-1.6313284484388841,1.4971646026311016,-0.17856553073293008,0.7409383322053932,1.3999268658353718,1.3698863337550218,1.6313284484388841,-0.1039844044028115,-0.2582324537235989,-1.3852146900196616,-0.2730889752305771,-0.04397226118798574,7.593435579547688e-4,-0.2770246880180474,-0.5463906304141645,-0.6516131881728072,0.015758101167622184,0.7229182807808735,-0.6346847228976005,-1.5184153153906257,-0.9830854665939747,-0.44848368660732285,-1.4288335323854886,-0.7010026615289333,-1.32234860141757,-1.3222794763156045,0
-1.6656129592041589,-0.07626988516709207,1.0038746524609323,-0.4281154315628296,1,0,0,0,1,0,-0.571255364673633,0.23309998707454618,0.20117363409225028,-0.4053971122380218,0.8933822820625698,0.4925696581534012,0.38739545300910266,2.3191298076666658,-0.03776317055863565,0.13406335199790567,-0.29477341511163235,1.8447723188726666,0.9072339998551631,0.5802365431156026,2.1298248255971552,1.350139120978509,0.6842752753652986,0.604726383313383,1.7079624107676439,0.8221130942085976,0.04108270950237921,-1.0494666867157927,1.4083831288903046,0.4974047101942779,0.9736174893230269,-0.8221130942085976,-1.7079624107676445,0.38237535959517033,1.6918044954137887,-0.4732363819731166,0.2531992501892221,0.529876030857121,-1.4742144526617298,0.5954383064766764,-0.1532996650890431,-0.728375060954584,0.08453045990652028,-0.9381911455531051,0.22411901897178985,0.9359226956462544,1.1084428462222957,-0.6040308649486834,-1.0302635040182315,-0.8213259083916238,0.40975308478573785,1
-0.4063001036995106,1.7274737328352407,-2.327433510348309,0.5985369837740325,0,1,0,1,0,0,-0.21792512855792381,-0.23149620353312367,0.6105554394483548,-0.519969743627317,0.5502840542394198,0.22380684839664572,-1.320494705164926,-0.8601496692779804,1.6432513318948676,-1.5589638531867354,-0.4650321778434909,-0.8448770405707293,0.1519721351713422,-1.5564453982505864,-1.3504274946458024,1.464257677724683,-1.5955730422192058,-0.23340669816264073,-0.974766068754056,-0.18555039652161812,0.28099812904178517,-0.1722462038562311,-0.7749418663045735,0.5239166738878887,0.37668839476791893,0.18555039652161812,0.9747660687540554,-1.4558905394934718,-1.2351161931692491,0.13630344765189217,0.8863037744276221,0.12023730520615308,-0.15100471279239655,-0.46483142063624716,-0.04256332662598434,0.38782468222872474,0.3065783976019474,-0.1035484832504671,0.19674936974096682,-0.24400799870415715,-0.025405824425361403,0.8552353928241243,-0.20711139779498602,-0.32030321536567735,0.22417816752487937,0
0.15910566815972013,-1.3388904177687242,1.7280720791585935,-1.161438585374874,0,1,0,0,1,0,0.009215737516460692,-0.36058300492849626,0.12441454558798068,-0.3926668198614334,0.08027480380223373,0.026147677161228185,2.2759568775670393,-0.45877926788822276,-0.9452999189972244,1.441249215691756,0.8827444520606356,0.918394632357956,-0.5792037477945605,1.6810247173572626,-0.007335166546545449,1.2272057713329723,1.0348626820934306,0.9731507399228108,0.2654778184316193,0.9892830742375731,-1.4851133505170004,0.6223407342095243,2.525480105920177,-0.9208825878647343,-0.19751873182798524,-0.9892830742375731,-0.26547781843162,2.2763462859289234,0.491016520610491,1.5464329042470641,2.0749898199364556,2.526864818405591,-0.15100471279239655,-0.38327221085833024,-0.5408768497097485,1.814079909629618,-1.4142931195376127,0.4275877563966659,-0.3688900476960481,0.9229564242797662,0.4484413812184362,-1.8412348661038906,-0.7833178721512579,-0.4316415915936655,-0.08511336124321738,0
0.9558138012340891,-1.5708003115118816,-1.6032360836506476,-0.13478617003801185,1,0,0,1,0,0,-0.44506599463230834,-0.012281229992333251,0.5849690766135982,-0.5170764953599105,0.8401161034122906,0.39016253097487047,0.0722380018551423,-1.2286663187676474,-0.05990365798111752,0.15506681607015715,1.1813427684303834,-1.6229086085309743,-2.911638926604886,-0.7670518026879601,-0.6500538987547145,-0.07354398586921512,-0.343564309539038,-0.14006146173260095,-0.4481121582821066,-1.7690215962405276,-0.8668778233976209,1.0351733561848042,0.007985694001008181,-0.550157752673807,-1.6725462129917865,1.7690215962405276,0.4481121582821059,-0.6481676444393714,-0.4846237089171882,0.5002078235474204,0.3824042551358344,0.22264698661889537,0.5421051509486824,-0.13859458152457876,0.06817301183707392,0.5118468759157585,-0.47058938433204756,2.096873081001942,2.4775534723095745,2.1028871186301776,1.6838287387897632,0.09387908442092041,6.378105451990978,5.023938843577749,1.3994859768436472,1
1.3927182613071303,0.38754990231922204,1.7280720791585935,-0.8681093238500562,1,0,0,1,0,0,-0.356733435603381,-0.1047352904511812,0.5593827137788417,-0.5089754002111725,0.6943363002749046,0.3127981947220939,0.746539720670456,-0.25524876850395634,1.0584324830939582,1.4742015171157672,2.0354609155254724,1.7664448586512214,-0.721528687899637,0.904827644060696,-0.16396184088719287,0.6967452046246334,1.0570754428365086,1.3900827858842364,0.9345219622652575,1.4823726005156324,-0.13398853369750288,0.18608357239324336,-0.7467509252911392,-0.9433732278663192,-1.289053596090082,-1.482372600515633,-0.9345219622652582,1.1622457410267157,0.11577027848446049,0.8914050276351143,1.1576342848155081,1.605177685690913,0.4790951633358572,0.4323198869208419,0.012804842605544792,1.4420133285685155,-0.16527347000083534,0.12408133374116129,-0.13168642102891215,-0.4903671546674297,-0.8038690908401701,-0.033013633646279864,-0.4540570296619595,0.29205785388825667,-0.1469716669968365,1
-0.894605088487027,0.9029052217484598,-1.168717627632051,0.5985369837740325,1,0,0,0,1,0,0.7284951467520117,-0.5565390953349852,0.7896599792916505,-0.558160620757082,0.01472227180028346,0.0033408497109876974,-1.517041156253647,-0.021883095265421093,0.42735326667503687,-2.3383410345131272,-2.5328037025475143,-0.5941024892550324,2.8005405032181225,-1.5842174672877871,0.5417735601302669,0.7012450471997586,-3.05928231426717,-3.1050337379616697,-1.089198340570375,0.26996871572628706,0.5265512295980987,0.5727720943077538,0.12047741265725985,0.12541590610163472,0.26130776047650095,-0.26996871572628706,1.089198340570374,-1.5394480803611372,0.11577027848446049,-0.973604898829468,-0.5091102789957901,-1.603658998575004,-1.757759396919444,1.247911984700014,2.227531611866718,-1.3484860293897554,0.6951622885689447,0.8069707847160468,0.6894030558957865,0.6506647255835172,0.6684418695530556,0.5380035976561225,0.03983423407198747,0.18071947766026855,0.8427612250610729,1
-0.8175043014153137,0.10410447663314094,-0.4445202009343899,-0.13478617003801185,1,0,0,1,0,0,0.48873534367349464,-0.49839188749923186,-0.822280879298011,3.31821340791407,-2.3517043920386365,-2.94768374527209,-0.6350562790158736,-0.6678368280210123,-0.14805631323471952,-1.4735072030225682,-1.167200939891604,-0.7275009119298695,0.9503597795475273,-0.803070024793013,-1.3125049589836926,0.5616482063444707,-0.9927539694132236,-0.7642283655801766,-0.3364521793121226,-0.6585353003337585,0.08064310846774951,-0.39821165009398146,0.7668002223373765,1.006215326317865,0.7712981326441363,0.6585353003337585,0.33645217931212196,-0.5646101035717058,-1.009968447893631,1.3007974505175837,1.4418852956980555,0.8883099158017184,0.3530751881102058,0.6769975162545934,0.954063719541543,0.8839134569768611,0.8061862574166584,0.4275877563966659,2.87897499436165,2.984593571551364,3.393063302004888,1.0138512904081252,0.6983559190505837,0.4033962301162448,3.007801926437751,0
-0.2263982671988458,1.7274737328352407,0.27967722576327125,0.3052077222492148,1,0,0,1,0,0,-0.2810198135785862,-0.20649290416374969,-0.8478672421327675,5.473683367131871,-2.5023455718439953,-4.388985801588269,-0.1298007962613862,-0.7855717491678385,-0.17731490226401128,0.2027107743274222,0.09423887704285028,0.956634306924488,0.22822248731601003,-0.43253679907254383,-0.2907949039712032,0.11177553793414947,0.5458695787977408,0.5367337018591796,1.0967144819825039,0.21702702713573208,-0.251694506304462,0.786909928157735,0.3547190475113284,0.2674257518878212,0.4015008375314467,-0.21702702713573208,-1.0967144819825045,-0.45320004908148526,-0.3345252120667762,-0.20940570944885942,-0.12149526415595328,0.10316902497069583,-0.15100471279239655,0.10608304780917345,-0.3747723420151606,-0.35630847989348147,-0.3595654154843339,0.5034643620605421,-0.5331079430809875,-0.2829068128036209,-0.1607907403235886,-0.5088613263982832,-0.6186874509066087,-0.5986491559356475,-0.20882997275045564,0
-0.9974061379159777,0.9802085196628456,0.27967722576327125,1.0385308760612593,1,0,0,1,0,0,1.510869241008225,-0.6536449324206935,-0.4896581624461761,0.0025508934662866888,-1.234675715041243,-0.5046700519257417,-1.179201996226853,-0.41674145783038263,2.6587725684790016,-1.7414292678157544,-0.7124462862643923,-1.0369432464020043,0.34305415415121193,-0.36161717236501995,0.026980688684767905,1.9855595584102048,-0.740301356373197,-0.7126000055107072,-0.9813771768947055,-0.440948977121442,1.2783854628908082,0.59901939108870494,-1.639335300950663,1.6184884405953663,0.23049985584373778,0.440948977121442,0.9813771768947048,-0.14682239923337803,0.340918023760079,0.9732835122116075,1.9845463164738264,1.5027680042781708,-1.411204465048904,0.18764225758709038,0.7879592118469556,0.9459245538203791,0.9727222106882286,0.35171115073279,-0.5057382938501646,-1.21647835119076,-0.6177148314801074,0.2524949820049213,-0.20711139779498602,-0.4316415915936655,-0.5799798072721716,0
-0.9717058755587404,-1.3388904177687242,-0.8790386569529866,-0.13478617003801185,1,0,0,0,1,0,0.08492935954125552,-0.3855863042978702,-0.6431763394547153,0.39024616129875006,-0.9705717948703078,-0.5981333252022173,-0.8685913350872558,-1.0096357219682162,0.03283968155073396,-0.31411140625909095,0.1784021544382303,0.019638799383414687,0.11681234149020898,-0.6401450917806019,-0.4946306313891492,0.3031576809954519,0.46440674188104863,0.99828681056191515,0.1590389773671773,-0.13094794135889734,0.568171962188669,0.8902466055780681,0.25975128816943166,0.8848420206595122,0.7427012315646796,0.13094794135889734,-0.15903897736717798,-0.6203151308168162,-0.4846237089171882,-0.082039177885424,0.08523274375862654,0.2738518273252659,0.25856020669096863,-0.6279498401920818,-0.762349526635866,0.07776919801113909,0.7229182807808735,1.1104772073715516,0.6437869738444144,0.6895635396829819,1.0407503882731821,0.2524949820049213,-0.5363722402842841,-0.6543183440496418,0.7809029193074537,0
2.343627968524927,-0.9523739281967958,-0.4445202009343899,1.0385308760612593,1,0,0,1,0,0,-0.1800683175455264,-0.2530106704323524,-0.5408308881156891,0.0835618449536671,-0.49340103165094684,-0.2591612623143293,-1.259953476010404,-0.43875597717823067,-0.6365746013266969,-0.4501320129077253,-0.5663259227558451,-0.6239948055716042,-0.07877358775196469,-0.10432763412001052,-1.3817926193297705,-0.4931834162826235,0.49897982916664996,0.22443868908873077,-0.946287449071263,0.08746187929198715,1.6477530363030644,-0.7820431642155896,0.3746170344522893,1.1028791664578232,0.955372132389984,-0.08746187929198715,0.946287449071263,-0.2582324537235989,-1.3852146900196616,-0.646090960523493,-0.7804407893836761,-0.5624939042121272,-0.18250970659880966,-1.1988643086375024,-0.983822203561983,-0.29429738304996345,1.4168180860790833,-0.7864379342253526,-0.23204180154193166,-0.010615114107371936,0.43151826673115745,-0.4136917878478824,-0.6186874509066087,-0.6543183440496418,0.2860364732784985,0
0.15910566815972013,0.5163887321765315,-0.8790386569529866,-0.13478617003801185,1,0,0,1,0,0,0.3751649106363024,-0.44547792836869626,-0.5280377066983108,0.05925855950745297,-0.8711756017160585,-0.3883999511990254,0.08003028812601146,0.018107513209474676,-0.4601042247993389,0.3888308379996701,0.30061321568037475,-1.1516306475921463,-1.0955455213619836,-0.45827388818383263,-1.1033817249342388,0.12780910858617528,-0.13045373053292664,0.1265754081771571,0.19997699316119485,-1.7690215962405291,-0.5691859331892084,-1.1301967202911147,0.7574137171491315,-0.6546410629663787,-0.26723565302597585,1.7690215962405291,-0.19997699316119558,-0.3417899945912644,-0.9349191994684248,0.49111021415003275,0.48576825909312477,0.4103980692089227,0.4475901695294441,0.5138790966987595,0.4557501964577793,0.5118468759157585,-0.49834537654397587,-1.0140677512169813,0.23324223538206504,0.5987996401175653,0.27921023634565156,-0.28679906978068154,2.180029710252426,1.2384340518261547,-0.5799798072721716,0
0.8273124894479005,-0.7719995663965628,-0.8790386569529866,1.0385308760612593,1,0,0,1,0,0,-0.7100636717190902,0.6686225737643393,0.35469181110078946,-0.4395374417934178,1.4706739894140342,0.853901355796427,-1.5757444707840111,0.4734315061269021,-0.8131479771129096,-0.5325570247402576,-0.31854553020312376,0.0840769679209176,-0.2970764657906241,-0.4127715129223588,0.2907863237706595,-0.15021511789425906,0.0030031461386741142,-0.06904362339556194,0.1359000988749071,-0.020113106998745453,1.7786746123249757,-0.3584962441536461,0.9606488185388469,0.7224280510134428,0.3467171303438759,0.020113106998745453,-0.1359000988749078,-0.14682239923337803,0.7161642658861095,1.2462117941332536,0.9638267773955896,0.9224464762726329,0.9516700704320475,0.02452383803125581,-0.04256332662598434,0.6978801664463103,1.2780381250194413,-0.5588081172337243,-0.7794347861583975,-0.21807545597118072,0.0761328624983096,-1.5557262504526888,-0.12479618717266176,-0.15329565102369538,-0.3944048900113141,1
0.13340540580248203,-0.7204640344536393,-0.8790386569529866,0.3052077222492148,1,0,0,1,0,0,-0.05387894750420167,-0.33325381724569214,-0.4512786181940413,-0.026381589207777743,-0.44668348920382583,-0.23590724216898604,-0.5980105592524475,0.732345841339776,-0.08375097542667326,-0.9862976343184559,-0.5980275970545594,-0.7893585808577898,0.2119741214124727,-0.5536970191459488,0.03852806136192591,0.7104449478149767,-1.3666863995413996,-0.7849779973373409,-0.4157307643808121,-0.6642742475994289,0.2783007023139461,-0.966571084335914,0.8284190465870243,-0.02275836563863662,0.011086934319583538,0.6642742475994289,0.41573076438081064,-0.3974950218363748,0.26586877533487285,0.7094528396873502,1.002588278879574,0.32505666803163763,0.1325402314653172,1.247911984700014,1.6738499195514247,0.8839134569768611,0.3065783976019474,-0.8623145398892288,0.20587258615124074,0.6117659114840535,0.5669031826293847,-0.6040308649486834,1.1922471827845313,0.9044189231421907,0.10046155601764112,0
-0.04649643069818187,0.33601437037629844,-0.4445202009343899,1.478524768348486,1,0,0,1,0,0,-0.0412600105000692,-0.33499823348076474,0.06044863850108935,-0.3799365274848451,0.07660068919937087,0.03598591645348879,-0.9914079008976857,-1.766276384507737,-0.17982438485315524,-0.3128013534458985,0.13582921370264256,0.6421072453412175,0.005092951562167487,-0.2559022847005162,-1.5945799523940218,1.2224277159312518,0.5343683194542659,1.1696716047191777,1.215239784852797,-0.3295023237687909,1.1228822720742997,0.826854577305777,1.47424792227822,0.9524449265528353,0.9653720337228668,0.32950232376879157,-1.2152397848527976,0.04814519612450831,-1.3101654415944555,1.3553831069019124,1.8941028130111983,2.083089532283709,0.4475901695294441,0.2692014673650073,-0.26403600355210183,1.6280466190990672,1.0004782029001573,0.7310941790521709,-0.08607033897753999,0.6765972683164937,1.0576735027604598,-1.238494455284687,-0.6186874509066087,-0.8213259083916238,0.16231986177126023,1
-0.5862019402001745,1.572867137006469,-0.15484123025532542,-0.4281154315628296,1,0,0,1,0,0,-0.596493238681898,0.2877583624401544,0.29072590401389814,-0.427964448723792,1.012565020995674,0.5520462866020676,0.48406293964314034,1.2948362103071518,0.07221858715540838,0.8433731430241106,0.3443059644347875,-0.8044505829628339,-0.5942912325272711,-0.20139267403242792,0.37751513177255036,0.5299109594137381,0.016588005116407883,0.2482039909995404,-0.6910894285371356,-0.41176056791003435,-0.8743304879279589,-1.3990169628084261,0.43378418181426665,-1.1228943244059033,-0.20529172825794317,0.41176056791003435,0.691089428537135,-0.06326485836571254,0.5660657690356972,0.5911839175213025,0.795860270964994,0.76883195415352,0.1325402314653172,0.02452383803125581,0.40038202722625016,0.6978801664463103,-0.8314172830871166,-1.317574173872486,-0.058700689746716966,0.1709126850234604,-0.29617565622181696,0.2207718024881207,0.9453015509175579,0.793080546914203,-0.08511336124321738,0
-0.38059984134227254,0.49062096620506923,0.27967722576327125,-0.8681093238500562,0,1,0,1,0,0,0.12278617055365294,-0.3943083854732332,0.4570372624398156,-0.4812002168440706,0.18881341463782775,0.06863098319598987,-0.7166093623402716,1.6895168952632489,-0.42405160162851935,-1.0076637399795747,-0.6109907602927417,0.5409688211685809,0.7246249516515308,-0.4350960058121481,0.846404759176211,1.2893258365791789,-1.3171724452771045,-0.7426857136870556,-0.6655696264837223,1.3979208031972914,0.5617199601125583,-1.47100525368913,1.8753408688913427,0.055203054156951044,0.06922986487206294,-1.3979208031972914,0.665569626483721,-0.3417899945912644,0.9413120111617277,0.3728412919839863,1.0155087793742343,0.3591932285025509,-0.5920746260821743,0.6769975162545934,1.1755363964676604,0.6358690696027934,1.4723300705029398,-0.9381911455531051,3.02494645692604,3.918165109938503,3.714602477263178,-0.2233527107470814,0.6160407084282594,1.6837875567381073,3.873818206988421,1
0.3647077670176212,1.4440283071491598,-0.15484123025532542,-0.4281154315628296,1,0,0,0,1,0,4.072513452847117,-0.7617987389951949,-0.3617263482723934,-0.12128013237870908,-1.5253490883608574,-0.4921486564628645,0.408223852465635,0.6833971573438167,0.7041539009759704,0.609918651578585,0.6780540690355026,-0.11784141865642804,-1.0318172568875976,0.23750370889157396,0.9293165645783904,0.3366767880856853,0.15796346821324436,0.31726598590463184,-0.2682155254971324,0.10529125240634482,-0.33033429662023434,-0.007015111834759903,-0.6242742688890226,-0.6673268785349243,-0.5717550136761071,-0.10529125240634482,0.2682155254971317,0.4102278732177254,1.1664597564373458,0.7003552302899613,0.7829397704703327,0.8200367948598906,0.3530751881102058,-0.05703537174666111,0.06817301183707392,1.13195784435093,-0.1375174777889068,0.27583454506891375,0.8718673841012752,0.37837302688726915,0.0761328624983096,1.1407440084753266,1.3568776040291806,1.5724491805101195,1.0283361423219313,0
-1.922615582776536,-0.8235350983394863,-0.15484123025532542,1.7718540298733036,1,0,0,1,0,0,1.9777699101611264,-0.6838814804952853,-0.7711081536284979,1.2900463724621538,-2.2897694383632246,-1.5229278186747137,-0.5796075558065077,-1.8534722025842685,-1.4905355072652957,-0.367283078158558,0.12816853197373734,1.3454914182029427,-0.5398543459817258,0.1600420763621499,-1.0064494986456587,0.42995400627424474,0.6072123265558016,1.4574283571022948,1.9434548422710636,-0.09240503183227083,0.9658705725440478,1.5357097517595644,2.4696742833660563,1.0982770922773886,1.2562697565545426,0.09240503183227083,-1.9434548422710642,0.14562899380345135,-0.9349191994684248,0.013485720787151904,0.23381849944723046,0.47867119015075044,0.5421051509486824,-0.8318478646368748,-1.5098198112615118,-0.015247447254136822,1.3057941172313696,2.020996475338066,1.136440659999233,2.4270439027923785,2.885369867386534,-1.4922798914190887,-0.04248097655033679,-0.09762646290970158,1.770635811365363,0
-0.9460056132015023,0.0010334127472937634,0.27967722576327125,-0.4281154315628296,1,0,0,1,0,0,-0.6595879237025604,0.48197003661157084,0.32910544826603294,-0.4360655438725301,1.2351755765615804,0.7076693444978261,0.6866843699325805,-0.22780478603154591,-0.9675299799686313,0.7720584422851943,0.09300521097296227,-0.8070678487004947,0.11988922653657759,0.7623994810944457,-1.1233633680726736,-0.3250364830344677,1.0730573562761179,0.5367337018591826,-0.4481121582821066,-0.656312104546159,-0.19307075371171994,-0.8126915435759622,0.996015576012601,0.02102415952590132,0.40310466384229016,0.656312104546159,0.4481121582821059,0.6330479821981672,-1.0850176963188372,-0.20940570944885942,-0.3411437725651945,0.08610074473523979,-0.11949971898598452,-0.13859458152457876,0.06817301183707392,0.2638024885416898,0.08453045990652028,-0.482931511569848,1.2276728241019772,1.6361013494366081,1.548443822891536,0.2524949820049213,0.5337254978059351,0.23638866577426285,0.9664778365683122,1
0.5189093411610479,0.6967630939767645,0.27967722576327125,0.3052077222492148,1,0,0,1,0,0,-0.00340319948767178,-0.3594200607717812,-0.6047967952025805,0.2803027271373052,-0.7972318651325021,-0.49304304185306996,0.30501904676864466,-1.3680105106245277,-0.8507678415137466,-0.6761489196493394,-0.5312752464150184,-0.6749573766219902,0.2236179383579588,-0.6614966177898549,-0.37859303291281243,-0.771192076644126,-1.1896742771491353,-0.9634997973833336,-1.0228468552315015,0.09388569754642515,-1.0850960358373882,1.4983711687208994,0.3880544766936951,-0.26622707954152713,-0.249986182068537,-0.09388569754642515,1.0228468552315009,-0.7038726716844818,-0.4846237089171882,-0.46413877257572894,-0.7675202888890147,-1.1428154322176651,0.2270552128845555,-0.13859458152457876,0.40038202722625016,-0.17027518936292965,-1.0812212129944723,1.1104772073715516,-0.5513543759015367,-0.2829068128036209,-0.36386811417093057,-0.7626467625326843,-0.12479618717266176,-0.09762646290970158,-0.5799798072721716,1
1.2128164248064663,-1.0039094601397194,-0.4445202009343899,0.3052077222492148,1,0,0,1,0,0,-0.29363875058271866,-0.1797451885593031,0.188380452674872,-0.4053971122380218,0.4136305226432423,0.17506284463044547,0.29616068284928604,0.3527204265336216,-1.0349269794870983,0.4814528878081269,0.4338385193828835,1.2906700934050253,0.30616606431238963,-0.4372547231194931,-1.034506946151756,-0.1549503863741203,0.10653629627139949,0.590411806200526,1.4297884064018453,0.3422733367180179,-0.8487184061780572,-1.520466203558089,1.259069656270213,-0.5447722229733983,0.01241089156330503,-0.3422733367180179,-1.429788406401846,0.1317027369921738,-0.40957446049198204,2.8110006104840255,2.2687973273563737,2.2196357741673656,2.8419696988168086,2.3081817118129377,1.5631135810883663,2.6822352654388593,-0.6926373220274746,-1.317574173872486,0.7532655707677065,1.3508433793738719,1.0069041592986248,-0.2233527107470814,-0.04248097655033679,0.1250502895462747,0.7190446135538346,0
-1.2544087614883548,0.23294330649045036,-0.4445202009343899,-0.4281154315628296,1,0,0,1,0,0,0.9051602648098662,-0.5832868109394319,0.43145089960505906,-0.4551609824374126,-0.21677011115371092,-0.09683031399202933,1.5273663925981826,2.052957378215191,-1.1031279614820038,0.8574944710155172,0.03433890502002319,-1.8594958133825585,-0.8782490388114007,1.1394996878532588,3.340484474071365,-1.5751885339966871,0.439437289952562,-0.6505858286975439,-3.179270128744878,0.617030896486598,-0.9852654873405186,0.5286755849232061,-0.07489968771219639,-0.7226812149379829,-0.6798126937733687,-0.6170308964865974,3.179270128744878,0.911573118423719,2.81754322179188,-0.3731626786018469,-1.0905328012555453,-0.8867912286858101,0.2270552128845555,-1.85133798686084,-0.8177176958673952,0.139780294854656,-0.9701972441467586,0.35171115073279,-0.350643614875499,-0.3347718982695729,-0.5838686025055501,-0.3185222492974822,-0.12479618717266176,0.18071947766026855,-0.20882997275045564,1
-0.07219669305541997,-0.514321906681944,-0.4445202009343899,1.7718540298733036,1,0,0,1,0,0,0.6275436507189519,-0.5274654914171085,-0.7966945164632545,2.597794589329866,-2.0810236009694236,-2.413288474624298,-1.0675265518804808,-0.6905553092696359,0.5571293205732964,-0.8581880233829922,-0.8121525381624617,0.9485625308503164,1.4752266235650189,-0.6185910146893878,-0.8407811494259011,0.7515973406082604,-0.5182893153723246,-0.2987922375403683,0.5791922973583978,0.7192902890320441,0.8663328036253605,0.10553273533042237,-0.006331601626321959,0.6454298408169414,0.7641256107974066,-0.7192902890320441,-0.5791922973583985,0.0759977097470634,0.06573744620098994,3.842063008854687,3.840791554206824,3.323384562726918,1.854813226215878,3.3140786324072504,3.1503344323922065,3.447038793175569,0.6674062963570164,-0.02767187758659086,-0.3597668312857729,-0.30883935553659736,-0.0423289389126401,-0.0012904541294803558,-0.9479482933959068,-0.7656567202776299,0.40975308478573785,0
1.495519310736081,-1.41619371568311,-0.4445202009343899,-0.4281154315628296,1,0,0,1,0,0,-0.6974447347149578,0.6599004925889763,-0.2593808969333673,-0.21560002589615912,0.9446845586112138,0.6741298923651196,-0.558435654100604,-0.13425094687745087,1.0701697734736555,-0.5490652175289038,-0.3317478130502378,0.05889956033283166,0.5520706041639735,-0.8556211666821326,-0.8718214065781867,1.5933281997926654,-0.5220180274622674,-0.02202773730558691,0.8668024050637274,-0.7793520964162078,-0.07840821741413775,-0.6891079087408077,0.1381832495677018,0.22412754596782217,0.40978260650682286,0.7793520964162078,-0.8668024050637281,-0.5924626171942612,-0.4846237089171882,1.510042466657512,2.2687973273563737,1.8782701694582253,-0.18250970659880966,1.9003856629233515,1.5077454118568363,1.6280466190990672,-0.22078545442469194,-0.7864379342253526,-0.5787240251323598,-0.4255357978349895,-0.3130987707090945,-0.3185222492974822,0.03983423407198747,-0.32030321536567735,-0.3944048900113141,1
-1.280109023845593,1.9851513925498596,-0.4445202009343899,-0.13478617003801185,1,0,0,1,0,0,-0.48292280564470574,0.046447449921777705,-0.20820817126385424,-0.24048196099585453,0.3834169117318077,0.22157088492113197,-0.10706633714870743,-0.41026827390824877,1.1085207760512734,-0.33017439699044016,-0.31098809339433775,0.06619352445979701,-0.6456559343279953,-0.6853117814155608,-1.3564825380210854,1.4723165091275816,-0.028305972643660113,0.3622198872142338,0.8686312511301267,-0.7712178265546397,-0.5358771091191141,-0.7957883471447048,-0.03584893451754431,0.4179765913235794,0.7579369718387867,0.7712178265546397,-0.8686312511301275,-0.6203151308168162,-1.2351161931692491,0.17269388524144552,0.9250652759116064,0.8712416355662611,-0.8756195703398886,0.5138790966987595,0.12354118106860354,0.3258135853852078,-0.7203933142394032,-1.0140677512169813,-1.1717330918001976,-1.0090180093269512,-0.8038690908401701,-0.44541496736468245,0.5337254978059351,0.18071947766026855,-1.0748462533011267,1
-1.3315095485600683,0.9544407536913834,-1.168717627632051,-1.6014324776621007,0,1,0,1,0,0,0.13540510755778543,-0.3972157458650209,-0.46407179961141953,-0.009600749256820373,-0.610212526295741,-0.2980670267882689,-0.5008681584875223,0.5656811098728212,2.0534611510042615,-0.21027954698705406,0.26136190310835594,0.30445656824731154,-0.16367823388887728,-1.3608984486445628,0.135531982704881,2.6180707408733372,-0.47194770543724845,0.45353456541480086,0.10398440440281079,0.312111980532898,-0.6633243280485981,-0.6406421110328854,-0.1762415759806205,-0.18390116408404655,0.10300495529483998,-0.31211198053289735,-0.1039844044028115,-1.3166279713806959,-0.03432821836595151,-0.45504116317834126,0.8863037744276221,0.6322857122698633,-1.757759396919444,-0.5463906304141645,-0.6516131881728072,-0.17027518936292965,-0.49834537654397587,-0.4070549059059717,0.7806352199985308,0.5599008260181015,0.4484413812184362,0.9821281108913258,-0.12479618717266176,0.013711913318286572,0.8427612250610729,1
0.9044132765196139,1.3924927752062353,1.0038746524609323,1.7718540298733036,1,0,0,1,0,0,0.47611640666936217,-0.49722894334251677,-0.3745195296897717,-0.10160604416034526,-0.6740565383396562,-0.3038805318246047,-1.0173997981539808,-0.29977357793770987,0.15950396545245332,-0.8091387157378308,-0.8613768671446981,-0.794761129481411,0.3597803251996066,-0.32736915695112484,-0.3132967543523239,0.8409529974207129,0.07352132169144816,0.07423316973796433,-0.49529816032406576,-0.5927287050207662,1.0876157812377725,0.09759483261458798,0.6270293970219414,1.1659966877435337,1.1923063559862956,0.5927287050207662,0.4952981603240644,-0.3974950218363748,-0.40957446049198204,-0.4004555067940112,0.07231224326396513,0.10316902497069583,-1.0016395455655394,-0.6279498401920818,-0.4855086804782194,-0.23228628620644656,1.63886602377451,0.6552175733882943,1.6655872117951496,1.8046628772009532,2.293060860331788,0.7917890337905242,0.28677986593896093,0.013711913318286572,2.265502257394317,0
-0.894605088487027,0.10410447663314094,-1.168717627632051,-0.13478617003801185,1,0,0,1,0,0,0.7284951467520117,-0.5565390953349852,-0.822280879298011,3.31821340791407,-2.4611898489674275,-2.9924030147823655,-1.2650492872257502,0.7017160355909567,0.48256199141883993,-2.2841066524027545,-2.058498651554822,-1.475004374160073,1.9710745460241181,-1.610535348042698,0.6626363079526374,1.3711106572104947,-2.0768909689695345,-1.926296443091518,-1.1014209826064827,-0.9193541232206256,0.14985388519639808,-0.29931277394124856,0.7181555728968873,1.026271196302436,0.7954955104805997,0.9193541232206256,1.101420982606482,-1.5487322515686557,0.3159016076183434,-0.7219043721683943,0.029243908281760732,-0.801449827508525,-1.7682610615215817,0.5954383064766764,1.397009073393778,-0.790386157798101,0.917210226264372,0.5793409677244183,2.9610839420541186,3.023492385650828,3.4438326454667227,1.1407440084753266,1.1099319721622063,0.6817421706862145,3.1315185379449897,0
1.726821671951222,0.9802085196628456,0.27967722576327125,1.0385308760612593,1,0,0,1,0,0,-0.8236341047562825,5.497748184523661,-0.4896581624461761,0.0025508934662866888,2.2053139508960626,4.2261814695663,-1.0304029185275954,0.2891320538232471,1.560787533934737,-1.004062258088084,-0.09260227187176706,-0.19901185110369718,0.010453088915058356,0.03682194941476238,0.7271164579969983,0.3770553499953933,0.4823448847298981,0.6761563944407861,-0.2094031647789695,-0.06374491962016399,1.469592398996212,0.33156648796373817,-1.754744581914645,1.8347082649489004,0.7805226047267333,0.06374491962016399,0.2094031647789688,-0.17467491285593337,0.340918023760079,-0.7916527108817039,-0.4961897785011287,-0.2894014204448148,-0.6235796198885869,-0.9541866793037505,-0.983822203561983,-0.4803306735805153,1.055990187324014,0.04820472807728505,-0.6973258384659271,-1.4109724216880806,-0.7530997473783346,0.5697267771729232,-0.8656330827735822,-0.9883334727336057,-0.45626319576493324,1
-1.3315095485600683,-0.9523739281967958,-0.15484123025532542,1.0385308760612593,0,1,0,1,0,0,-0.6217311126901629,0.3895159761527229,-0.5408308881156891,0.0835618449536671,0.24257282523674706,0.2349866657742146,-0.5967444657804044,1.2065886796157304,0.2636151354637964,-0.06939443460578378,-0.12906295259197353,-0.25589362761815654,-0.5656824683643664,0.8239500109614811,0.7662532169700426,0.28098535954322706,1.2599334803226778,1.079363357367242,0.4407888507730546,-0.7861774033115495,1.653068848684468,-0.8884651774547241,-0.07800753312215143,1.3430758758707775,1.221576396790239,0.7861774033115495,-0.4407888507730553,1.0229831729139398,1.0163612595869336,0.7367456678795146,0.7829397704703327,1.3150169216881435,0.3215701943037938,-0.7910682597479163,-1.0391903727935126,1.13195784435093,1.3057941172313696,-0.9381911455531051,-0.48749186102961545,-0.4514683405679659,0.0761328624983096,-0.09645999267988113,-0.28942660841731066,-0.6543183440496418,-0.023255055489598248,1
0.8273124894479005,0.5163887321765315,-0.8790386569529866,-0.13478617003801185,1,0,0,1,0,0,-0.7100636717190902,0.6686225737643393,-0.5280377066983108,0.05925855950745297,0.6176913815775852,0.46842125261785245,0.06729953745751402,1.204251249698312,-0.6228608795168405,0.49469177262629294,0.02100309823269244,-0.9426118957030574,-1.1469299240229254,-0.4136624304077674,0.6522128266209345,-0.13799715288182424,0.21423371393552063,-0.01595194225668798,0.6912331826893902,-1.9711668557791118,-0.5069082715147589,-0.999500141127139,0.7127978580109592,-0.4558661864588852,-0.04287902316952797,1.9711668557791118,-0.6912331826893908,-0.11896988561082296,1.1664597564373458,1.3917735444914656,1.093031782342202,1.1443341193335734,0.9201650766256344,0.758556726032511,0.4557501964577793,0.6978801664463103,-0.4150773999081907,-0.8623145398892288,0.36096726512590627,0.6895635396829819,0.4484413812184362,-0.09645999267988113,2.4269753421193996,1.3497724280541432,-0.3944048900113141,1
-1.1516077120594044,-0.7204640344536393,1.0038746524609323,0.3052077222492148,1,0,0,1,0,0,-0.7605394197356201,2.1455616527924763,-0.4512786181940413,-0.026381589207777743,1.0906404719654235,1.670475217054057,-0.011399626558633037,-0.005162354874235705,-0.1325345719616424,1.2890921037536036,1.9478177243413504,1.1227467290240267,-1.8103872026732306,0.06344118427594096,-0.7573775853302848,0.49890583716778447,1.5784010043477341,2.334102610977177,2.029321470356665,-0.4813636975680082,0.07924114205130538,-0.751638744640561,0.6825314518641162,-0.17636484988129505,-0.2534615344876147,0.4813636975680082,-2.0293214703566655,-0.28608496734615396,-1.009968447893631,-1.3102164465328319,-0.8967252938356269,-0.3064697006802721,-0.4660546508565234,-1.2804235184154193,-1.9250810804979817,-1.0384305451721696,0.3065783976019474,-0.482931511569848,0.9448531153834703,1.1952481229760152,1.0407503882731821,-0.15990635171348128,1.3568776040291806,1.1827648637121608,0.7190446135538346,0
-0.04649643069818187,1.572867137006469,-0.4445202009343899,-0.4281154315628296,1,0,0,1,0,0,-0.0412600105000692,-0.33499823348076474,0.29072590401389814,-0.427964448723792,0.22349099186228139,0.07310291014701742,0.4688978747834578,-0.37843540503555395,0.7157739311158627,1.2436864120664881,1.2223097936774807,0.7319464200448216,-1.4054796447289473,-0.2875889070996247,-1.6805438017405807,1.205782115337454,0.5279688552136926,1.1923009069854538,1.3266889502382984,-0.31750632983152677,-0.9393693565434689,-1.164117418748618,0.23320779832621996,-1.1566152276328827,-0.4250128224524251,0.31750632983152677,-1.326688950238299,0.04814519612450831,-1.3852146900196616,1.5191400760548999,2.036228318452472,2.2196357741673656,0.6051151385615076,0.4323198869208419,-0.1532996650890431,1.814079909629618,-0.7759052986632599,-0.9381911455531051,0.826251302049903,0.8321925247143505,0.2622871218583729,0.8552353928241243,1.5215080252738291,1.461110804282131,0.7190446135538346,1
-1.3572098109173063,-0.3854830768246345,-0.4445202009343899,0.3052077222492148,1,0,0,0,1,0,0.4130217216486998,-0.45245559330898666,0.11162136417060241,-0.389773571594027,-0.18533957653976074,-0.04674473214052082,-0.7450650549066805,-1.0036280695944633,-0.5076208701338734,-0.7125551354114208,-0.5338039862366913,-0.7345530237429835,-0.09184364353781824,-1.4829201944664316,-0.6733577876155944,0.7224223789464723,-2.141310244877464,-1.1802921687593115,-0.9053494332772469,-0.1039281697319839,-0.4456852898530343,0.7029559725425084,1.4198995555653935,-1.1606705663712098,-0.45835425189025686,0.1039281697319839,0.9053494332772463,-1.276838666205617,-0.18442671521636386,1.8362567464781454,2.019616246387907,0.7956535373806658,1.1497014600723552,1.0614909337790603,1.832044688784366,1.8229386377501204,-0.24854144663662048,1.0346006017076752,0.9174834661526473,1.5972025353371444,0.9222885868622325,-0.2233527107470814,1.439192814651505,1.5167799923961247,1.0283361423219313,1
-1.2544087614883548,-0.5658574386248675,-0.4445202009343899,1.478524768348486,1,0,0,1,0,0,-0.36935237260751347,-0.07333579821987435,-0.7583149722111197,0.8907781115600647,-1.0194358885518124,-0.7448125291959209,-1.2060622679190747,-0.26175605272218266,0.8077119817373108,-1.2615709803792037,-1.3428999226989173,-0.0785915239160119,1.3498534005891978,-0.4294957495129693,-1.416583851694323,2.111693969049806,-0.20462208459981077,0.6016490580958114,0.9153149533513734,-1.0149876916124754,1.2479118500330004,-1.0598342081454828,1.0178794503585686,1.501401248330607,2.333228873071311,1.0149876916124754,-0.915314953351374,-0.20252742647848845,-1.1600669447440433,1.0551619967881019,2.1395923224097615,1.9294750101645959,-0.5920746260821743,0.758556726032511,0.34501385799472056,1.0079356506638961,1.4168180860790833,-0.8623145398892288,0.6620334066649622,1.130416766143575,1.7684443112261554,0.6331731362065233,-1.1125787146405561,-1.545025353873546,1.4613442825972665,0
0.31330724230314594,-0.9523739281967958,-0.15484123025532542,0.3052077222492148,1,0,0,1,0,0,0.4256406586528323,-0.45478148162241677,-0.68155588370685,0.48225145620227494,-1.3055471586915026,-0.7224528944407831,-0.9909954029946876,1.4662487953372887,-0.24703362142719043,-1.0274883781281727,-0.7684021649086241,1.0102779677633527,0.8717672463202168,-0.6382490870218236,0.8524095633852021,-0.579928047784502,-0.3098809432021558,-0.4661452640450129,0.8668024050637274,0.5182145811312309,0.7402722638743701,-1.1585472986887302,-0.24506852380942765,1.0807978720600717,0.5438603250924829,-0.5182145811312309,-0.8668024050637281,-0.4253475354589299,1.2415090048625523,1.0551619967881019,0.5503707615664309,0.39332978897346543,1.0776900456576979,1.9003856629233515,1.5077454118568363,0.6978801664463103,0.6674062963570164,-1.0899443568808573,-0.031331040515893936,-0.1532440991387405,0.27921023634565156,-0.0647368131630805,-0.12479618717266176,0.1250502895462747,0.40975308478573785,0
0.5189093411610479,-1.0039094601397194,0.27967722576327125,0.3052077222492148,1,0,0,1,0,0,-0.00340319948767178,-0.3594200607717812,0.188380452674872,-0.4053971122380218,0.13158862912359326,0.0368803018436943,0.020686383429357965,0.4703753576736805,-1.3137329777710665,-0.24777005713005887,-0.3829476722838483,-0.6751843788311849,0.27023950161412447,-0.8157815209650153,-0.5897359571991663,-0.6909912460688007,-1.2252624884094745,-0.7978235703405206,-0.7768887630270574,-0.15036214763897582,-0.8438842034087115,-1.2363894759740635,1.101537427570911,-0.8802279471957926,-0.28106870347887253,0.15036214763897582,0.7768887630270568,-0.7317251853070371,-0.4846237089171882,0.2636699792153276,-0.1473362651452761,-0.6136987449184976,0.9201650766256344,0.4323198869208419,0.954063719541543,0.44983577907224165,-0.5538573609678327,-0.8623145398892288,1.6929568610259738,2.128819661363154,1.5315207084042572,0.506280418139323,1.1099319721622063,1.127095675598167,1.4613442825972665,0
0.10770514344524394,1.3924927752062353,-0.15484123025532542,1.7718540298733036,1,0,0,1,0,0,-0.7983962307480176,3.3317646926418463,-0.3745195296897717,-0.10160604416034526,1.6600485263175613,2.6408833654270345,-0.793898549914403,-0.7369913685651834,0.22632041777221948,-0.05603078545218308,-0.019695093109454467,0.47815668347741314,0.1663513210771014,0.04780715929338682,-0.6731103426865986,0.7735371847600183,0.9333981867987379,0.981591441404588,1.0066075265840329,-0.34619240229020387,1.1517036095608382,0.33723661742688027,0.46794267816860813,1.0012356405548348,0.9839375768883132,0.34619240229020387,-1.0066075265840335,0.744458036688388,0.04072103005925432,2.7655125634970843,2.8889813511001123,3.2949374290011564,1.2667200084961745,1.0847935651441794,0.6218547041523672,3.0543018464999605,1.5833540393506536,0.8069707847160468,1.3371514210252706,1.4156747362063122,1.8192136546879905,0.664896315723324,0.12214944469431245,-0.04195727479570725,2.079927340133461,1
1.726821671951222,0.6709953280053031,0.27967722576327125,0.3052077222492148,1,0,0,1,0,0,-0.8236341047562825,5.497748184523661,-0.5152445252809326,0.057522610547009106,2.158274147211419,4.183698163531538,0.4138443753897451,1.376303123713511,-0.71060172282806,0.7575102807627608,0.40854877348259855,-0.6961125326046153,-0.720961203106127,0.036997732773060586,1.0593279932234247,0.3839101727576847,0.5656776949815682,0.7548927344352828,0.2181716668474219,-1.1657944725380867,-0.5384929794126742,-0.8278077009707298,1.357209059870145,-0.4624311996923072,0.20587241262959732,1.1657944725380867,-0.2181716668474226,-0.11896988561082296,0.7161642658861095,-0.5733100853443877,-0.3023822710812103,-0.06751377738387422,-0.4660546508565234,-0.709509049969999,-0.8730858650989243,-0.29429738304996345,-0.27629743884854874,-0.482931511569848,1.3006585553841723,1.9213593194993455,1.5653669373788135,0.15732544345452057,1.3568776040291806,0.793080546914203,1.1520527538291696,0
0.8273124894479005,-1.3388904177687242,-0.8790386569529866,-0.13478617003801185,1,0,0,0,1,0,-0.7100636717190902,0.6686225737643393,-0.6431763394547153,0.39024616129875006,0.33800048040491076,0.21262703101907687,-1.0037352162842494,0.08393766664412894,-0.402252327809926,-0.7938111907049303,-0.8775817787458073,-0.2680767138491099,0.7588749086458092,-0.38855952008361483,0.8568502910007003,0.030417386426286476,0.11226024458031283,-0.04371495018848056,0.3506288912831737,-0.7133741297612556,1.0074741576571795,0.7431667299076992,0.580458947565774,1.1837030430811721,1.0982201523495285,0.7133741297612556,-0.3506288912831744,-0.09111737198826762,1.391607501712964,1.3917735444914656,1.1963957862994923,1.195538960039945,0.7941451013999841,0.4323198869208419,0.2896456887631914,0.7598912632898273,1.5000860627148682,1.33810702436318,1.5378621820513083,1.6620338921695847,2.1576759444335596,0.6331731362065233,-0.04248097655033679,-0.3759724034796717,1.9562107286262216,0
-0.5605016778429365,-0.9523739281967958,1.4383931084795292,0.3052077222492148,1,0,0,1,0,0,-0.7353015457273552,0.89248932393199,-0.68155588370685,0.48225145620227494,0.35708231377937705,0.3136925801122994,0.24665674574800409,0.08525552369329287,0.7026941195139099,0.6595395681180672,1.710189400632016,2.1773359882351833,-1.4322984234931593,1.3401708693070564,-0.980637345655279,0.8605961453089247,1.9875433095188157,2.807107601123519,2.394254639720468,0.595033997706013,0.9961007326063973,-1.0993968473580649,-0.09579027130825633,1.0798185165705676,0.5172642343377186,-0.595033997706013,-2.3942546397204683,1.6635909862327087,-0.7097714541928067,1.0005763404037717,1.3514417922354265,2.253772334638279,1.0776900456576979,-0.8726274695258333,-1.648240234340335,1.876091006473136,0.9449662184763004,-1.0140677512169813,0.07814755640739948,0.015317428625603584,0.4484413812184362,-0.15990635171348128,-0.20711139779498602,0.06938110143228039,0.5334696962929761,0
-0.9974061379159777,-0.514321906681944,0.27967722576327125,1.7718540298733036,1,0,0,1,0,0,0.19849979257844777,-0.41000813158888666,-0.7966945164632545,2.597794589329866,-1.8526863820542716,-2.3229555502135417,-1.0682523744756838,-0.2850555477479671,0.5873952105703074,-1.0610213069123393,-0.8414863644837576,0.7421761159588043,1.1011637521740034,-0.7776036079325235,-1.2040818959947068,0.9269595211119539,-0.5345691914544163,-0.052348568508734726,0.2905222516232541,0.7241032714020105,0.7084585680321657,-0.8149751257269328,0.12851599237644268,0.9033016747071041,1.0428652981088495,-0.7241032714020105,-0.29052225162325485,-0.5089050763265954,-0.8598699510432187,1.4827496384653478,1.8295003105378922,1.4686314438072563,0.4790951633358572,0.9216751455883455,0.8433273810784847,1.3179911348814817,0.3898463742377325,-0.9381911455531051,-0.7703115697481222,-0.5940973255993336,-0.2284831982727022,-0.3502454288142823,-1.3595243465075295,-1.266679413303576,0.038603250264021984,0
-1.280109023845593,0.928672987719922,-0.4445202009343899,1.0385308760612593,1,0,0,1,0,0,-0.48292280564470574,0.046447449921777705,0.34189862968341117,-0.4389587921399365,0.7859330853644614,0.3749579793413768,-1.7761964366967933,-0.39220912632706767,0.13068778899299757,-0.9805692667798834,-1.0793917123845227,-1.3053166849566613,0.8305144193204512,-0.6557404959042265,-0.7691071451004148,0.8896837983842381,-0.0018452670266036312,0.09250076402667186,0.5391776954544716,-2.315046147867737,1.8146362054893002,-0.2321553196310163,0.7153918309774567,1.3228560831692804,1.493571082609666,2.315046147867737,-0.53917769545447225,-0.3417899945912644,-0.3345252120667762,1.664701826413112,1.971625815979166,1.8782701694582253,0.29006520049738066,1.0032343553662626,0.7879592118469556,1.069946747507413,1.8609139614699375,-0.1035484832504671,0.38833691435672935,0.7154960824159574,1.2607508766078017,0.030432725387320277,0.28677986593896093,-0.6543183440496418,0.5334696962929761,1
0.10770514344524394,-1.6738713753977288,-0.15484123025532542,1.0385308760612593,1,0,0,1,0,0,-0.7983962307480176,3.3317646926418463,-0.5920036137852022,0.2345894045122834,1.269648225209414,2.381064409572334,-0.24135196485877503,-1.7582806405065086,-0.25667628799559666,0.008439592139262677,0.051194046298305484,-0.24082176836337021,0.0952423051070361,0.06869831586399722,-0.6190893422706464,0.6708205624904309,1.1339643055798887,1.095811851683811,1.3423884456718602,-1.659816685915086,0.404248330058116,1.7931052465790744,1.02499505601099,1.1130182498235515,1.0032922232329127,1.659816685915086,-1.3423884456718609,0.8558680911786088,0.19081952690966666,3.093026501803059,3.1086298595093536,3.6363030337102966,1.550264952753888,1.4925896140337656,0.8433273810784847,3.4883795244045803,0.4731143508735179,1.8692432640103136,0.36096726512590627,0.858125067447326,1.3115202200696365,-0.635754044465484,0.03983423407198747,-0.6543183440496418,0.16231986177126023,1
-1.3315095485600683,0.6709953280053031,-0.15484123025532542,0.3052077222492148,0,1,0,1,0,0,-0.6217311126901629,0.3895159761527229,-0.5152445252809326,0.057522610547009106,0.29323452063040123,0.25511033705383857,1.0934664041256035,0.9863315425584258,-0.5092962227660833,1.1507692732003838,0.7738915436134686,-0.3450295229960138,-1.0256380761840962,0.8593313751499497,0.4933332131280003,0.6892083271504191,1.0935003194957509,1.1251209674758544,0.9454154897089528,-1.408230689975459,-0.6618578680031695,-0.8595606131163903,1.3888128998341807,-0.47031884826707665,0.09236472893038006,1.408230689975459,-0.9454154897089535,1.5243284181199328,1.2415090048625523,2.0377038117060278,2.1783538238937448,2.663411060289247,0.9201650766256344,0.2692014673650073,-0.1532996650890431,2.558213071751823,-0.49834537654397587,-0.6346847228976005,0.7715120035882557,1.4416072789392878,1.1253659607095745,-0.3185222492974822,1.1922471827845313,0.514734606344233,0.40975308478573785,0
-1.280109023845593,0.10410447663314094,-0.4445202009343899,-0.13478617003801185,1,0,0,1,0,0,-0.48292280564470574,0.046447449921777705,-0.822280879298011,3.31821340791407,-1.4816227148492067,-2.528664189960809,-0.5528404526616173,0.08884840991926152,-0.22084997912285126,-0.8321681060830801,-0.8660830542526424,-0.508529979231042,0.69323965478183,-0.7121136652319491,-0.648552045971241,0.5478752271271639,-0.08972454503431111,0.07058068048517945,0.5391776954544716,-1.2283241134096814,0.05720252333435827,-0.7716524333100739,0.852471086356354,1.035236101348582,1.1948586848606826,1.2283241134096814,-0.53917769545447225,-0.3974950218363748,-0.18442671521636386,1.7192874827974407,1.8036593095485693,1.673450806632741,0.7626401075935709,1.0032343553662626,0.7879592118469556,1.13195784435093,0.8061862574166584,-0.02767187758659086,2.997576807695217,3.153155099315708,3.579217561364951,1.5214221626769286,1.2745623934068555,0.6817421706862145,3.440810066713086,0
-0.8175043014153137,0.6709953280053031,1.7280720791585935,0.3052077222492148,1,0,0,1,0,0,-0.7479204827314877,1.2937050579986886,-0.5152445252809326,0.057522610547009106,0.8773259456338688,0.950494977938622,1.6113260924171922,2.3061371847180876,0.2985751541430076,1.3740300663029164,0.7384812301828296,-0.2659857474560525,-0.8186090232842003,1.4909228321938515,2.114384813318807,1.9551784738508835,1.2528489273517815,1.2087654349844756,0.74955583532744,-1.106173187055868,-0.7508756286120416,-1.0471013693266769,1.556603571486568,-0.613922424326647,0.22006241309204688,1.106173187055868,-0.7495558353274407,2.1927887450612573,3.042690967067499,1.846654014360876,2.8243788486268064,3.414415390649356,-0.8126095827270634,0.5138790966987595,0.17890935030013266,2.4962019749083075,-0.49834537654397587,-0.7105613285614767,1.3645210702560935,2.1028871186301776,1.6499825098152057,0.15732544345452057,1.439192814651505,0.9044189231421907,1.1520527538291696,1
-0.5091011531284612,0.10410447663314094,1.7280720791585935,-0.13478617003801185,1,0,0,1,0,0,-0.7731583567397526,2.607831955086716,-0.822280879298011,3.31821340791407,-0.34756481593456784,-0.5587803680331749,0.4610455649024857,-0.10160227892423486,-0.5869839472669333,-0.24175447471407188,-0.15815411046768707,-1.536268406981246,-0.4028977232615011,0.79722085116145,-0.956385848809983,0.05809554191146367,0.8030621922227772,0.9596973838366273,-1.0299055238845727,-1.0738391183151534,0.1554786000234164,-0.818634031952599,0.8608071369008516,1.1228974217112289,1.1425657947354042,1.0738391183151534,1.029905523884572,0.4102278732177254,-1.0850176963188372,-0.9372144612399159,-0.7675202888890147,-0.4430159425639276,-0.43454965705011084,-1.4435419379712537,-1.2606630497196296,-0.17027518936292965,0.917210226264372,-0.1035484832504671,2.933714292823296,3.101290013849757,3.579217561364951,1.2993599060593275,1.1922471827845313,0.6817421706862145,3.317093455205848,0
0.10770514344524394,-0.8235350983394863,-0.15484123025532542,1.7718540298733036,1,0,0,1,0,0,-0.7983962307480176,3.3317646926418463,-0.7711081536284979,1.2900463724621538,0.5464568506828977,1.5653849337049097,-1.1690255827159157,-2.2818145425606033,-0.68079765891022,-0.23006256274283818,-0.002271896931285438,0.315316218988335,-0.004341153716335397,-0.025117921370817538,-0.7781120586977398,0.6646858405304796,1.0050914124863843,1.0143862231905325,1.1015997988414552,-0.6624995530634572,1.6004609989261525,2.352366490811789,1.5986183742618907,1.3074311194349666,0.9933042899664792,0.6624995530634572,-1.1015997988414559,0.6330479821981672,-0.10937746679115769,2.692731688317979,2.7468558456588394,3.192527747588414,1.3297299961089997,1.247911984700014,0.7325910426154264,2.8682685559694088,2.49930178234429,3.6144051942794655,2.2859659276938116,3.0105261142843402,3.5961406758522285,-0.44541496736468245,1.0276167615398821,0.7374113588002092,2.822227009176893,1
-1.6399126968469209,-0.7977673323680251,1.0038746524609323,1.7718540298733036,1,0,0,1,0,0,-0.5586364276695006,0.35811648392141604,-0.7711081536284979,1.8802690190130682,-0.7651144145514226,-1.1776950580553873,-0.6519504792380535,-0.9896056562265199,-0.1751919918372163,-0.34193251559621424,-0.023284829266430718,0.6354094777170048,-0.11922523407675248,0.5742009118060857,1.5820608003601049,0.9381907831884353,0.9273087292172797,0.7872616793089917,1.2994551316290601,-0.4221610355600758,1.4802877970885024,2.9431385996752555,1.1822845801381117,1.3814322312388227,0.7988792202359564,0.4221610355600758,-1.2994551316290608,0.7166055230658329,1.7668537438389946,0.5820863081239148,1.0155087793742343,1.4003583228654286,-0.49755964466293656,0.18764225758709038,-0.3747723420151606,0.38782468222872474,2.471545790132362,4.52492446224598,2.5596624200020446,2.984593571551364,3.613063790339507,-0.09645999267988113,1.1099319721622063,0.9600881112561845,3.007801926437751,0
1.521219573093319,-1.6481036094262664,-0.4445202009343899,1.0385308760612593,1,0,0,1,0,0,-0.6722068607066928,0.7325845023836681,-0.579210432367824,0.3589990800107605,0.3350150913540324,0.2859666330159286,-1.0202544294785323,-1.671752770574726,0.25371289356099364,-0.7649973332018872,-0.29220530888139795,-0.12359619638169521,0.4968292927062283,-0.9134995974999979,-0.5714013122424401,1.1525745508593745,-0.3724637376590773,0.13051791851927427,0.9750700921945687,-1.1356331163529647,0.5059305855518779,1.7221158512111603,0.8113922448176004,0.6641333771772061,0.5073065567652678,1.1356331163529647,-0.9750700921945695,-0.6760201580619267,-0.18442671521636386,1.373578325696689,1.8682618120218755,1.5881094054554559,0.2270552128845555,1.5741488238116832,1.1201682272361313,1.0079356506638961,0.6118943119331598,1.8692432640103136,0.48869229486974886,0.858125067447326,1.1084428462222957,-0.4771381468814831,0.5337254978059351,0.013711913318286572,0.22417816752487937,0
-0.7918040390580765,-0.7462318004251005,1.7280720791585935,1.0385308760612593,1,0,0,1,0,0,-0.7479204827314877,1.8868065779233736,0.31631226684865466,-0.4048184625845405,1.6843419531540629,1.7639384903305326,-0.36381698935349854,1.938990783591109,0.006217106827230768,-0.006197140136760197,0.07645274321395004,1.1729708167047437,0.1347939717648058,1.3651034666119732,2.363939223967537,1.1265584905939325,1.1844633118688228,0.8524327741921781,0.4316262532639202,1.171710631808875,1.8698916792986935,-0.2931832813710347,1.1235836448531078,1.182865481044454,0.7328423808966779,-1.171710631808875,-0.4316262532639209,2.359903826796588,3.79318345131956,2.5926579849467077,2.9794248545627413,3.533893352297554,0.25856020669096863,0.8401159358104279,0.6772228733838963,3.1163129433434786,1.3890620938671545,-0.482931511569848,-0.7064490548762022,-0.07544647093981212,0.39767203775660004,-1.6508957890030895,-1.1125787146405561,-0.7656567202776299,0.038603250264021984,1
1.521219573093319,-0.7462318004251005,-0.4445202009343899,1.478524768348486,1,0,0,1,0,0,-0.6722068607066928,0.7325845023836681,-0.46407179961141953,0.03900582163560787,0.5607677872889608,0.5332641934077519,-0.858637058670436,-0.8893350783973796,1.201992720161737,-0.5050446602547107,0.5959096025102695,0.8147781322157138,0.3220313306297353,-1.0119617417632036,-0.5128131610649291,1.2092300533611857,-0.5234396365951064,0.022416828493493416,0.82857362277254,0.28949096339405445,0.18281548283646182,0.7069153378072391,-0.4280047295293677,0.1632489697787604,-0.7528259985688518,-0.28949096339405445,-0.8285736227725408,-0.8152827261747027,-0.18442671521636386,1.127942871967207,1.674454304601957,1.3320852019236007,0.038025250046078915,1.6557080335896,1.2862727349307197,0.8219023601333442,0.3065783976019474,0.8828473903799233,0.5434315933313949,0.22277777048941236,0.27921023634565156,-0.12818317219668063,0.36909507656128593,0.5704037944582268,0.34789477903211874,1
1.110015375377516,-0.7462318004251005,0.27967722576327125,1.0385308760612593,1,0,0,1,0,0,0.021834674520593164,-0.31115787826810587,0.31631226684865466,-0.4048184625845405,0.1876846167205568,0.07355010284212017,-1.3120181739043706,0.16632665069675912,-1.0301310693869634,-0.12370910732763561,-0.2100315800650796,0.5870120629988553,0.11284807918688348,-0.20917185021575127,-0.16128425399986382,0.01343731970591998,0.3807160271414274,0.04705751813172358,-0.5008818372323651,1.2973829492468834,1.6153911607387497,-0.3898595729829942,1.4217268918613621,0.544634518408513,0.3189938480367957,-1.2973829492468834,0.5008818372323643,0.10385022336961848,0.26586877533487285,1.373578325696689,1.1705547853101694,1.2979486414526862,0.6681251261743327,0.02452383803125581,0.2896456887631914,1.3800022317249987,1.3057941172313696,-0.482931511569848,-0.41450612974742024,0.3394742127878045,0.549980068142106,-1.6508957890030895,-0.8656330827735822,-0.3759724034796717,0.22417816752487937,0
-1.3315095485600683,1.4182605411776974,-0.4445202009343899,1.7718540298733036,1,0,0,1,0,0,0.059691485532990585,-0.3239502639919716,-0.34893316685501513,-0.07556680975368728,-0.3890196877176513,-0.1907407799636078,-1.6684314379138703,-0.9154388931482104,0.8207354864940857,-2.253306281162077,-1.5027992037846991,-0.49729691369980633,1.2254107748778817,-1.502197501480091,-0.6797185191573138,1.4823561402546812,-2.148911914706852,-1.2258257657359295,-0.8901438845537538,0.2045801889163758,0.8190164849179781,0.5755415190069456,0.3676520582358013,0.9132471448846827,0.7569322933457601,-0.2045801889163758,0.8901438845537532,-1.3166279713806959,-0.25947596364157,1.555530513644453,2.242956326367051,0.9736513169790033,0.19555021907814235,1.166352774922097,1.9506907657090713,1.6900577159425842,1.055990187324014,0.8828473903799233,0.8718673841012752,0.9488889670127426,1.3115202200696365,0.28421816152172197,-0.12479618717266176,-0.04195727479570725,1.5850608941045057,1
1.135715637734753,0.18140777454752677,-1.6032360836506476,1.478524768348486,1,0,0,1,0,0,0.19849979257844777,-0.3681421419471442,0.9559713377175679,-0.5656830662523388,0.35016515215532085,0.15404478796061602,-1.4022435984499937,-1.225826563157725,0.4154229955866557,-0.8233648442785187,-1.215253065964417,-1.5029926860856848,1.1719964310630666,-0.7764424958088376,-0.6557244457128762,0.8091378847691498,-1.3135651145562812,-1.5334900642854683,-1.3475953222069719,-0.7133741297612541,1.1740416647693173,1.025595073029753,0.24520838951317367,-0.19019589656906452,0.08273392579297811,0.7133741297612541,1.3475953222069719,-0.9823978079100336,-1.009968447893631,-1.6286327754414192,-1.051771299771562,-1.4329761962204342,-2.072809334983571,-0.5463906304141645,0.06817301183707392,-1.658541513607341,1.194770148383656,1.0851850054835932,0.2879815338437111,0.3740509364317725,0.27356919818322456,0.19962301614358732,-0.20711139779498602,-0.5429799678216537,-0.2500688432528684,1
1.7011214095939837,-0.7462318004251005,0.5693561964423357,1.478524768348486,0,1,0,1,0,0,2.5456220753470875,-0.7077218357079442,-0.46407179961141953,0.03900582163560787,-1.43120365755541,-0.5744321123617714,-0.18811804153237427,-0.38957548954072924,0.33430598238274495,-0.3054867550006841,-0.029243612650778086,0.3012316987964882,0.45686394876140096,0.08269721086782093,0.085072442220357,-2.1680655030569074e-4,-0.3875294997962098,-1.0317742231603586,-0.10413398130864084,0.5141229242844115,0.34421279475925237,0.6199282905000363,-0.45722534690822936,0.028425279336838805,-0.9693085816782593,-0.5141229242844115,0.10413398130864013,0.15955525061472892,0.19081952690966666,0.34554846379182197,0.29196075167320634,0.12023730520615308,-0.49755964466293656,1.0032343553662626,1.1755363964676604,0.015758101167622184,0.5841383197212315,0.9587239960437993,0.9448531153834703,0.533968283285125,0.5161338391675497,0.030432725387320277,0.5337254978059351,0.9044189231421907,0.5953280020465953,0
1.7782221966656961,2.6808810737793296,0.5693561964423357,0.3052077222492148,1,0,0,0,1,0,0.6149247137148194,-0.4989733595775894,-0.08027635709007157,-0.26362794713510607,-0.42868604817817624,-0.1800081552811417,-0.12627909454142747,0.716932910212245,-1.3029162710945297,0.3456470853696888,-0.10312338912898239,0.6408599373577388,0.26055508460381327,0.15144869643980274,0.22336514966233825,-0.84988216486085,0.8548557006083729,0.542756298734725,0.20465562353765385,0.6710815639820534,0.3269199079509444,-0.7602506152213142,0.9270805771780499,0.38071336634575365,0.6639613432078484,-0.6710815639820534,-0.20465562353765385,0.4102278732177254,0.5660657690356972,1.0278691685959374,0.369483754641173,0.7176271134471482,1.518759958947476,0.10608304780917345,0.012804842605544792,1.1939689411944467,0.3898463742377325,-0.6346847228976005,0.33359761589508324,0.7803274392483975,0.9053654723749538,-0.28679906978068154,-0.7010026615289333,-0.48731077970765985,0.904619530814692,0
-0.2006980048416086,-0.7462318004251005,0.27967722576327125,1.0385308760612593,1,0,0,1,0,0,-0.24316300256618875,-0.18614138142123599,0.31631226684865466,-0.4048184625845405,0.43082593570644384,0.16969653228921242,-1.4074813893961597,0.327685152841051,-1.0560076299564438,-0.3196646455740065,-0.2766114998719773,1.1947229320531998,0.40810608918404956,-0.39476678518195063,0.11610401084784254,0.08094174821871787,0.3690688345177326,0.2539381469711681,0.5581846313588362,1.0758588642714124,1.5626908134925952,-0.33344770670295615,1.5249364575828461,0.7978086517520385,0.6075296726161669,-1.0758588642714124,-0.5581846313588369,-0.3696425082138195,0.11577027848446049,0.03622974428062242,0.07231224326396513,0.22264698661889537,-0.08799472517957138,-0.05703537174666111,-0.319404172783631,-0.10826409251941274,1.4168180860790833,-0.3311783002420958,-0.058700689746716966,0.7284623537824456,1.0407503882731821,-1.4922798914190887,-0.9479482933959068,-0.5986491559356475,0.5334696962929761,0
-1.280109023845593,-1.3388904177687242,0.27967722576327125,-0.4281154315628296,1,0,0,1,0,0,0.40040278464456736,-0.41640432445081954,0.047655457083711085,-0.3197569635227911,-0.22345454265073605,-0.073129101151583345,0.9211747376091086,1.2976048689519681,-0.7614394800873483,1.5692476749933881,0.8974985639252236,-0.013665367873880372,-0.7312708065616238,-0.2612950059642936,0.9714669477326368,0.6428430939703739,0.17252245899286234,0.23778593311993876,-0.7896550408158974,0.7645323233097278,-1.5419987877392636,-0.8078091431361599,1.6869085915415678,-1.948882052382965,-0.9346404065458288,-0.764532323309727,0.7896550408158968,-0.23037994010104354,0.9413120111617277,0.09991301006234013,0.42116575661981864,0.47867119015075044,-0.43454965705011084,-0.38327221085833024,-0.04256332662598434,0.44983577907224165,-1.3587811351137562,-0.4070549059059717,1.5378621820513083,2.349246274593451,1.142289075196852,0.12560226393772106,1.0276167615398821,1.6837875567381073,1.646919199858125,0
0.18480593051695732,1.4182605411776974,-0.8790386569529866,1.7718540298733036,1,0,0,1,0,0,0.29945128861150755,-0.39779721794337847,-0.34893316685501513,-0.07556680975368728,-0.5451168139911332,-0.24753425224165765,-0.95020867531247,-1.3154912848780302,-0.1383007625275027,-0.8026983131650732,-0.5688500379091782,0.13116088231508216,0.7320473556483643,-0.36696988389060764,-1.497173452744869,0.15962707389207223,-0.31436012705119226,-0.0570010849097873,0.12009793795335687,0.05977612737849499,0.9546163095565701,0.3057175741305321,0.3494715903632802,0.7726795145101091,0.683882444207955,-0.05977612737849499,-0.12009793795335758,-0.23037994010104354,-1.3101654415944555,0.5911839175213025,0.5891322630504142,0.4274663494443799,0.4475901695294441,0.6769975162545934,0.6772228733838963,0.5738579727592754,1.2502821328075124,0.6552175733882943,1.0178388466656656,1.0655854093111348,1.3622895635314727,0.4428340591057229,0.03983423407198747,0.06938110143228039,1.5850608941045057,0
0.18480593051695732,1.0059762856343069,1.4383931084795292,1.0385308760612593,1,0,0,1,0,0,0.9556360128263961,-0.5710758972939236,-0.4512786181940413,0.028590127872944675,-0.9921929460955794,-0.46129236050077443,-0.7435617237783405,0.5570592299011675,1.0880177519955603,-1.2172628596491617,-0.6416786378885029,0.07967725892960217,0.17095942409328668,0.5676266901672486,1.1422606166748406,-0.08169994144171788,-0.04203108933837798,-0.2651111749136831,-0.2548898489945435,0.3614669270176405,1.6011065778868925,0.3797103351929266,-1.569457277824992,1.6027662834309107,0.5753841934855529,-0.3614669270176405,0.25488984899454276,0.7026792662545551,1.3165582532877582,0.5593422846304443,0.4276260068671489,0.39332978897346543,0.2270552128845555,-0.22015379130249568,-0.12561558047327853,0.44983577907224165,1.0282341951120857,-0.02767187758659086,-1.0075151964152582,-1.553601406719449,-0.9731002357129547,0.09387908442092041,-0.8656330827735822,-0.8213259083916238,-0.6418381130257917,1
1.135715637734753,0.7740663918911503,-1.6032360836506476,0.3052077222492148,1,0,0,1,0,0,0.19849979257844777,-0.3681421419471442,0.17558727125749374,-0.36199838822692515,-0.01937709804115107,-0.0033670407155536224,-1.1445422234045861,-0.5117074726872721,1.1005194716311244,-1.6656855488868354,-1.4569904707469379,-0.4047666556331272,1.834358061560097,-0.8015692369848343,-0.7546192879661944,0.9120400949715046,-1.5752457170349288,-1.7573003687478395,-0.8144870079783317,0.2557448558590603,0.7905952858979624,-0.05362647180538815,-0.5879346467053748,0.6882470273606859,0.17849719016651064,-0.2557448558590603,0.814487007978331,-0.9545452942874786,-1.009968447893631,-1.3193140559302208,-0.7287587874050313,-1.2452251136304073,-1.9782943535643327,0.18764225758709038,0.6772228733838963,-1.4725082230767892,0.8339422496285867,0.04820472807728505,0.31535118307453414,-0.0495139282068366,0.22844089288381547,0.4428340591057229,-0.5363722402842841,-0.48731077970765985,0.5334696962929761,1
-0.7404035143436003,-0.7977673323680251,1.4383931084795292,0.3052077222492148,1,0,0,1,0,0,-0.44506599463230834,0.036562424589699626,0.6233486208657331,-0.4985597064485092,0.857364526630337,0.4134165511202137,0.6586035466491381,0.3718133000145945,-1.5310653155217002,1.04410595705727,0.12338356045789321,0.44227249698459203,0.1399059075946234,0.22760282423649283,0.556911168568476,-0.7922151150864636,-0.10705077918617059,-1.0420541181855585,-0.2493891336940558,0.8505480428006317,-0.6883862035887339,0.047575960251249896,1.2969177875824025,-1.5166695080416561,-1.177767698455493,-0.8505480428006317,0.2493891336940551,0.24311279148239442,0.5660657690356972,0.13630344765189217,-0.3023822710812103,-0.32353798091572933,-0.11949971898598452,0.6769975162545934,0.8986955503100138,-0.23228628620644656,-0.23268087965837572,0.9045264205696022,2.5818188027127102,3.0846190935214146,1.9981151506963626,0.3657920517077793,1.674379130715289,2.5585890842437276,2.813390108354946,1
-1.305809286202831,-0.9266061622253344,-0.15484123025532542,0.3052077222492148,0,1,0,1,0,0,-0.6848257977108253,0.7500286647343941,-0.7327286093763631,0.9104521997784285,-0.1313180925167232,-0.1267922245639139,0.18075689030526224,1.1456067441858433,0.6347514758748496,-0.13048671673061402,0.43785305296329025,1.0024279753205982,-0.48144499364425547,1.22078993414932,0.6007989363165654,0.7083173277644241,1.1894442742838476,1.1953646687375454,1.631212558323426,-0.2506245554141756,0.9684520619929213,-0.9705140235204609,-0.15593592728066896,1.3557117175950453,0.5978105270398792,0.2506245554141756,-1.6312125583234267,2.0535261769484814,1.4666567501381707,2.28333926543551,2.4109228327976466,2.953571824292016,1.0461850518512859,1.166352774922097,0.40038202722625016,2.806257459125893,0.9727222106882286,-0.8623145398892288,0.22411901897178985,0.10608132819102022,0.65151875506577694,-0.12818317219668063,0.28677986593896093,0.18071947766026855,0.5334696962929761,0
-0.8689048261297889,-0.6689285025107157,3.6109853885725127,0.3052077222492148,1,0,0,1,0,0,-0.38197130961164594,-0.05414721963407572,-0.5152445252809326,0.15589305163882816,-0.2006745132716574,-0.16212044747703153,2.9218944422933584,0.652032772767149,0.08274474181610307,1.793972523951743,1.483364687435073,0.8088424909221082,-1.4486306184977096,3.544127843975457,-0.2751779072024298,0.8401815690313487,2.1414658965502613,2.084229995151269,1.4967163042581422,-0.38126032008238236,-0.5217145662903183,-1.1706026299612022,0.731186616047005,-0.30010021678031573,0.10639818493058752,0.38126032008238236,-1.4967163042581428,3.306889289963465,-0.25947596364157,-1.6069330893092284e-4,0.4340862571144791,1.3320852019236007,-0.4660546508565234,-1.2804235184154193,-1.814344742034923,0.44983577907224165,-0.10976148557697851,-0.7105613285614767,2.112624815898597,2.271448646394522,1.9715216850734973,1.0772976494417266,1.1922471827845313,1.0714264874841732,2.203643951640699,0
0.8273124894479005,-0.5658574386248675,1.4383931084795292,1.7718540298733036,1,0,0,1,0,0,-0.571255364673633,0.3691644534102092,-0.6431763394547153,0.46257736798391114,-0.15039992589118947,-0.0735762938466861,1.9156081791744533,1.314022389405444,-0.22724512038707395,1.452065143978516,1.0603633155940742,1.0477980443003034,-0.6293523969345378,2.8881655484820024,1.4046172411081552,0.5158850546591305,2.0115715625941233,1.8778982021153725,1.34624143539365,0.09388569754642515,0.22212118161109898,-0.39642224998123465,0.8290664204931454,0.03299359750591879,0.45487784854956737,-0.09388569754642515,-1.3462414353936507,2.1649362314387024,0.8662627627365218,-0.8644335860608106,-0.4961897785011287,0.2738518273252659,-0.8126095827270634,-1.1988643086375024,-1.7036084035718644,-0.4183195767369984,0.6118943119331598,0.04820472807728505,1.5104925328204852,1.791696605834465,1.7007518532770418,0.664896315723324,-0.12479618717266176,-0.09762646290970158,1.646919199858125,1
-0.35489957898503444,-0.9266061622253344,0.27967722576327125,0.3052077222492148,0,1,0,1,0,0,0.11016723354952047,-0.3477906192046305,-0.7327286093763631,0.9104521997784285,-1.3376646092725817,-0.9710920329179146,-1.0565122660948951,1.1293762599324262,1.1423090425719402,-2.0890287553423468,-1.1124851707260475,-0.4714958234803351,0.9061604386617942,-0.5436477152899452,0.5741559568916345,1.356961999778945,-1.4424566580982239,-0.7050542373907506,0.3041828515459622,-0.9447489169347935,0.9258996328530211,-0.9749275264320018,-0.19795878391383234,1.3918277452278325,0.7579369718387867,0.9447489169347935,-0.3041828515459622,-0.2582324537235989,1.0914105080121401,1.4190663726836301,2.036228318452472,1.178470679804488,0.1325402314653172,2.2266225020350205,2.227531611866718,1.4420133285685155,0.8061862574166584,-0.9381911455531051,-0.12256320461863823,-0.2051091846046925,0.34690269429476517,-0.1916295312302808,0.6160407084282594,0.18071947766026855,0.16231986177126023,0
-1.305809286202831,2.3201323501788633,-0.15484123025532542,-0.4281154315628296,0,1,0,1,0,0,-0.6848257977108253,0.7500286647343941,-0.630383158037337,0.4538976231816918,0.2556084424433621,0.2260428118721595,-0.35434607449189687,1.5451663351368832,0.4803556026786843,-0.5555508124105156,-0.3517212377928359,0.6066443937112967,0.3931615963406289,1.2114423707410573,0.7665215498931779,0.5702105261895459,1.098229851563604,1.1557582467772713,1.5535225280215794,-0.7133741297612541,1.7031857851752534,-1.3529048251970628,-0.08365561294272439,1.8394992278397635,1.5856278129058932,0.7133741297612541,-1.55352252802158,2.137083717816147,1.7668537438389946,2.5198771097676027,2.5272073372495982,3.021844945233844,1.424244977528238,1.247911984700014,0.5111183656893089,3.0543018464999605,1.8609139614699375,-1.1658209625447336,0.6255405410238652,0.4821031978191731,1.243827762120523,0.728342674756924,-0.37174181903963527,-0.7099875321636356,1.5232025883508855,1
-0.8175043014153137,0.8256019238340739,1.4383931084795292,1.478524768348486,1,0,0,1,0,0,-0.1800683175455264,-0.20940026455553734,-0.5920036137852022,0.36999342342690494,-0.6081738837327773,-0.4469821942574862,-1.8268280155430128,-0.03146562879610065,-0.6130663087155208,-0.3562602632743593,-0.8781819123826868,-0.2500043046238613,1.070559070074094,0.8000443619733052,1.3009170164680157,-0.29514526729274887,1.705005601844199,0.8528627908852274,1.2718086794045298,-1.6023404173227471,3.33964372538573,1.346417671832548,0.5414896519288906,2.1719390003631647,1.9743340149304702,1.6023404173227471,-1.2718086794045305,0.6609004958207222,1.0914105080121401,-0.2276009282436361,-0.3411437725651945,0.32505666803163763,-0.30852968182446,0.35076067714292497,-0.2086678343205727,0.07776919801113909,2.49930178234429,0.8069707847160468,-0.8980365994919648,-0.5162996974004062,0.31305646532020776,-0.857816301083085,-1.1948939252628807,-1.7677021063295222,-0.3944048900113141,0
-0.9203053508442651,-1.1069805240255675,0.27967722576327125,0.3052077222492148,1,0,0,0,1,0,-0.7100636717190902,0.9122593745961461,-0.3745195296897717,-0.06630841529798666,0.8675007310361066,0.7528358067032044,0.11642552846624053,-0.7374899587404197,-0.8010698635599385,1.0948713611957526,0.45270355013865854,0.9859680260499599,0.009342219869459833,0.755891999650378,-0.9421139502240353,-0.4012114060040068,1.4579280922987827,0.7271560273159079,1.0614552385657101,0.2920044097428146,0.5933858482029922,0.06843903933793631,0.6919105691321874,-0.03344403410769042,0.12138954446385258,-0.2920044097428146,-1.061455238565711,0.605195468575612,-0.9349191994684248,-0.2730889752305771,-0.43158727602782254,0.13730558544161034,-0.18250970659880966,0.4323198869208419,-0.04256332662598434,-0.10826409251941274,0.16779843654230542,-0.3311783002420958,-1.1626098753899237,-0.6848612251647502,-0.6515610604546642,-1.238494455284687,-0.4540570296619595,-0.3759724034796717,-0.76555472453303,1
2.317927706167689,1.0059762856343069,-0.4445202009343899,-0.13478617003801185,1,0,0,1,0,0,-0.6091121756860305,0.4534779047720517,0.6873145279526244,-0.518233794666873,1.2429936869554516,0.7492582651423824,1.4253177262953867,-0.6277914861950963,0.020610825035350538,1.367706924419251,1.7442546309692897,0.7495116926220702,-1.2023133655726201,1.544059456629095,-1.3005486566759257,0.058284875112905185,1.5391066949950107,1.2879584324758306,0.4884925330428311,0.5377636082882545,-0.43913297852804434,-0.441197577309504,0.030394990226492575,-0.32153196531342865,-1.0101757182690536,-0.5377636082882545,-0.4884925330428318,1.7750010407229295,-1.0850176963188372,0.764038496071679,0.6795757665130432,1.3320852019236007,0.5736101447550955,-0.13859458152457876,-0.3747723420151606,1.5660355222555504,-0.3595654154843339,-0.3311783002420958,0.3062279666642602,0.2746428559553643,0.12690220596014448,-0.6040308649486834,0.28677986593896093,0.6260729825722207,-0.023255055489598248,1
-1.305809286202831,0.026801178718756015,-0.15484123025532542,1.0385308760612593,0,1,0,1,0,0,-0.6848257977108253,0.7500286647343941,0.9431781563001896,-0.5645257669453762,1.6105983312269954,1.0131019552530076,1.091356067877271,0.43739070770520877,-0.2874243279938973,1.0113885439488068,0.9416445918031019,1.3276567374333041,-0.3975396372827409,1.2892140982978029,0.9726588062902443,0.6700627192555434,1.3616399114004119,1.2962645557732424,1.7970912716706076,0.02843219803499119,-0.22938964226287026,0.37405576698650655,1.0662670973891653,-0.016141845796790254,0.04136595399227785,-0.02843219803499119,-1.7970912716706082,2.137083717816147,1.9169522406894068,2.28333926543551,2.385081831808326,3.021844945233844,1.0461850518512859,1.247911984700014,0.40038202722625016,2.806257459125893,0.0012624832707351544,0.7310941790521709,1.0269620630759395,1.4934723644052397,1.396135792506029,-0.3185222492974822,0.2044646553166367,0.23638866577426285,0.904619530814692,1
0.5960101282327613,-0.87507063028241,-0.15484123025532542,-0.13478617003801185,1,0,0,1,0,0,1.0692064458635884,-0.5891015317230072,1.6851826785081292,-0.6380142729374998,0.17040096805875696,0.04001065070941358,0.8987826237651781,0.4751616657560634,0.5767549043502365,2.6243154460230484,1.313657228425427,1.8535056215934562,-0.8837964927922158,-0.7383580181519458,-0.9661868916722094,0.6813841766024074,-0.19474970568658165,-0.1856435982136273,1.139396724013358,1.3979208031972914,-1.9875377490706807,-1.6200791161729637,-0.10371789060450642,-3.738391335315802,-1.8890635756444256,-1.3979208031972914,-1.1393967240133587,-0.3417899945912644,-0.43459087663371765,2.265144046640733,2.3764681648118833,2.15705207997069,0.752138442991434,1.9547584694419635,1.397009073393778,1.3800022317249987,-1.858388994928467,-1.6969572021918669,-1.4454295841084306,-1.268343436656712,-2.377718738157067,-0.2233527107470814,-0.20711139779498602,0.5704037944582268,-1.6934293108373202,0
0.6988111776617119,0.15564000857606544,0.27967722576327125,-0.13478617003801185,1,0,0,1,0,0,-0.23054406556205628,-0.19021168596973873,0.6361418022831113,-0.5014529547159157,0.5752071473369751,0.24124736350565315,1.6834624108358793,-0.7216257262540053,0.42952723437495866,1.8750723824633726,1.9992641232778894,1.3728091631022448,-1.7026274350783934,1.189174397466263,-0.6251871559463844,0.6822568112210333,1.1093123982742854,1.1311305876465167,1.7931882431212631,0.09388569754642515,-1.1526864159523686,0.36415518758191984,0.09842418004299588,-1.4331266340941202,-1.4948124140187906,-0.09388569754642515,-1.793188243121264,2.109231204193592,0.04072103005925432,2.5198771097676027,2.6047303402175648,3.107186346411129,1.2352150146897614,1.7372672433675176,0.8433273810784847,2.620224168595341,-1.1050120634618392,0.25415551487923493,-0.22031195187157837,-0.1384255032913257,-0.685407289429221,-0.6312221616773697,1.3215996566196124,1.5247327335552667,-0.5446322039843892,0
-0.8175043014153137,-0.2824120129387873,1.4383931084795292,-1.161438585374874,1,0,0,1,0,0,-0.1800683175455264,-0.20940026455553734,1.966632669690451,-0.6646321569976391,0.941173738782838,0.35259834458623907,1.143452859988224,1.1170935846731538,-0.45051240375892687,2.0494934214959337,1.0490826000286635,0.5129506212718609,-0.9945249900039633,0.6927608104621977,1.2499529874759159,-0.027691206275386016,1.3427864594990195,0.431933404245615,0.8164553486475558,-0.11014700605881247,-0.8978005972803007,-0.281070539310603,0.5880385564163086,-1.43724932259496,-0.942159859639579,0.11014700605881318,-0.8164553486475564,0.438080386840281,0.8662627627365218,-0.600602913536552,-0.5220307794904515,7.593435579547688e-4,-0.9386295579527137,0.2692014673650073,-0.09793149585751397,-0.35630847989348147,-0.6648813298155464,0.12408133374116129,1.3280282046149967,1.4805060930387524,0.6853649840403343,0.5380035976561225,1.8507688677631275,1.9621334973080773,0.8427612250610729,1
-1.2030082367738797,0.8256019238340739,-0.4445202009343899,1.478524768348486,1,0,0,1,0,0,0.7158762097478791,-0.5309543238872538,-0.5920036137852022,0.36999342342690494,-1.1749114388546489,-0.6942797546493096,-1.853319264035808,1.1406095124736901,-1.5016699866392982,-1.5850733739248628,-2.41576158046888,-2.946296415976636,1.1411267681777781,0.7469366104668352,2.7593624598397914,-1.2349214458987308,0.025408935882517122,-1.196528447767508,-2.3498765620089648,-1.6878179449728916,3.323415811727735,1.1987463860118683,0.8118562202202686,2.1665269336392394,1.9724312249844016,1.6878179449728916,2.3498765620089634,0.6330479821981672,2.4422969796658496,-0.16846646716061223,-0.7675202888890147,-0.71610842633123994,-0.16675720969560312,-1.0357458890816678,0.012804842605544792,0.139780294854656,2.4437897979204335,0.6552175733882943,-0.9618991143638861,-0.4514683405679659,0.38074892326932136,-1.1433249167342867,-1.1125787146405561,-1.712032918215528,-0.5181215015185524,0
-0.9203053508442651,-0.35971531085317227,1.0038746524609323,0.3052077222492148,1,0,0,0,1,0,-0.48292280564470574,0.15401978441792155,0.09882818275322415,-0.3434815993155239,0.6372897133366908,0.3839018332434319,1.5181624493984487,-1.3376908500103926,-0.8620971492760618,2.0451117362592486,1.5926939484332223,-0.02835018011560508,-1.9053905451911939,1.6013658681585372,-0.7331161967657798,-0.23334184880656184,1.2183997268590507,1.132317829557639,0.416552302523086,-0.4517977663858582,-0.5109759349146379,1.1016029600994404,0.9440296288373542,-1.5546697033692292,-0.965092163905798,0.4517977663858582,-0.4165523025230867,1.4407708772522676,-0.7097714541928067,-0.10933200607758836,-0.21193876761858224,0.2738518273252659,0.3215701943037938,-0.22015379130249568,-0.4301405112466897,0.5118468759157585,-0.3318094232724056,1.413983630027056,0.8353745184601769,1.2471132084419672,0.43151826673115745,-0.033013633646279864,2.509290552741724,2.40748700222003,0.7190446135538346,0
-1.3829100732745436,1.5986349029779314,-0.4445202009343899,-0.4281154315628296,1,0,0,1,0,0,-0.3188766245909836,-0.08554671186538257,0.2651395411791416,-0.37588597991047606,0.49146891075867594,0.22470123378685125,0.6336742665178967,0.4026562069014885,0.09281031240971123,1.231337509444425,0.6681405410032587,0.6318418033917429,-0.09864536005322892,-0.10775924600151605,-0.6793268538852231,0.2008509304453961,0.20931342217920046,0.15043127720823377,1.0872846843245239,-0.21659885141806862,-0.9888112618513565,-1.2331930098747415,0.07496100887978775,-1.455905929560736,-0.7217485630104037,0.21659885141806862,-1.0872846843245245,-0.03541234474315745,-0.5596729573423944,0.3091580262022686,0.369483754641173,0.4445346296798359,0.006520256239666901,1.4110304042558486,0.8986955503100138,-0.17027518936292965,-0.7759052986632599,-0.9381911455531051,1.2367960405122524,1.0915179520441112,0.34690269429476517,1.2359135470257274,1.7684536571408034,1.795125932966095,1.0283361423219313,1
0.9815140635913272,-0.9266061622253344,1.0038746524609323,0.3052077222492148,1,0,0,1,0,0,0.16064298156605036,-0.3594200607717812,-0.7327286093763631,0.9104521997784285,-1.3718685185178554,-0.9800358868199697,0.6368351138447458,0.5333559683695859,0.7360934640184008,-0.5083768283375095,0.008116598644501177,0.8260823369417094,-0.1413780566421925,1.7429988154592027,-0.0637479207824894,0.6893416555935424,1.3095508351224452,1.2259317353083843,2.134471705597081,-0.9902652685099177,0.8560491511915996,-0.7959090724989948,-0.31354254057449127,1.9853124886945024,1.18633175552146,0.9902652685099177,-2.1344717055970825,1.8864110952131505,0.11577027848446049,0.5638910893291381,0.8604627734383002,1.4174266031008858,-0.11949971898598452,0.2692014673650073,-0.5962450189412776,0.5118468759157585,0.7229182807808735,-0.7864379342253526,-0.17730250308028428,-0.30883935553659736,0.46536449570571364,-0.12818317219668063,-0.04248097655033679,-0.48731077970765985,0.2860364732784985,0
0.9815140635913272,2.3201323501788633,-1.6032360836506476,-0.4281154315628296,1,0,0,1,0,0,-0.40720918361991093,-0.012281229992333251,-0.630383158037337,0.4538976231816918,-0.42995685389611715,-0.3602268114075518,-1.4375740452882761,0.8590203164250136,-0.2989997068092163,-1.278328064707187,-1.163276265287991,-0.34335634668598247,0.787471685371433,-0.6411391758265256,-0.07480589667075827,-0.1898308076848519,-0.1730620063549558,-0.1848361821996047,-0.02757457514840374,-0.440948977121442,1.3583629942323203,-1.2539712480141365,0.2179809612476976,1.5553334215261485,1.3318595609777184,0.440948977121442,0.027574575148402326,-0.4253475354589299,0.26586877533487285,1.0733572155828786,0.795860270964994,0.683490552976235,0.8886600828192224,0.35076067714292497,0.40038202722625016,0.8839134569768611,1.63886602377451,-1.0140677512169813,0.9266066825629212,0.9099901529132779,1.5653669373788135,0.5697267771729232,-0.20711139779498602,-0.4316415915936655,1.770635811365363,0
0.4161082917320974,-0.7977673323680251,-2.327433510348309,1.7718540298733036,1,0,0,1,0,0,-0.7226826087232228,1.0320426227377981,-0.7711081536284979,1.9988921979767322,-0.17673452384362007,-0.7510732269273594,-2.0223288508455304,-1.53520994731629,-0.8959749345969191,-1.6585400364291092,-1.2701758530577678,-0.9472681692914159,0.649865919595348,-1.4076687467673445,-0.11342162248871612,0.21232050439751354,-1.1218130260062353,-0.6581223865920723,-0.7471295343976714,-0.550966827225982,1.4055714703283069,1.993500540604289,1.4381893817400908,1.1282099956293834,1.0087623996846904,0.550966827225982,0.7471295343976706,-1.2887754577581405,0.04072103005925432,0.48201260475264507,0.5245297605771081,0.017827623793410803,0.3530751881102058,-0.13859458152457876,0.2342775195316623,0.20179139169817292,2.3050098368607914,3.2350221659600846,2.38632130820683,2.997559842917853,3.47767887444128,0.030432725387320277,0.6983559190505837,0.45906541823023866,2.945943620684131,0
-1.6399126968469209,-0.3854830768246345,1.0038746524609323,-2.334755631474145,1,0,0,0,1,0,-0.5586364276695006,0.41917105214895717,-0.1442422641769629,-0.2219651720844533,0.6037344525936352,0.4939112362387095,1.0394199495304792,2.4067264592294313,-1.0425518874322477,1.1946395817836228,0.32357134407463445,0.64764228015036,0.15540372762609594,0.044837521764329244,2.117915261940742,0.2743333652126045,0.3841477892537689,0.5389053674128096,-0.11972941589683889,1.002053003267564,-1.4005376186666454,-1.1816265794558052,1.70088193124464,-1.2329666312497463,0.10547760734399439,-1.002053003267564,0.11972941589683818,0.04814519612450831,1.9920014891146134,0.05442496307539909,0.188596747715916,0.3421249482670949,0.006520256239666901,-0.38327221085833024,-0.3747723420151606,0.20179139169817292,-1.2755131584779709,-1.0140677512169813,0.5069387276902979,1.3638096507403592,0.6853649840403343,-0.0647368131630805,-0.7010026615289333,-0.32030321536567735,0.8427612250610729,1
-1.3315095485600683,0.4133176682906843,-0.4445202009343899,-2.334755631474145,1,0,0,1,0,0,-0.028641073495936725,-0.27743249772336886,-0.7455217907937414,1.029654028395574,-1.3026149616052163,-1.0091034120016487,-0.057008549099295286,-0.672783999789682,0.9670075643708876,-0.7301327648559739,-0.26294383438792585,0.22751302248511104,0.517102232730635,-1.5546010122577627,-0.8263389430418787,1.5710563965383706,-2.0727793980489246,-1.2018409056855812,-0.4735692289592257,0.7799808228191798,-1.4740672388784448,0.09560894066694611,0.2568284309795996,-1.0689703083946387,-0.8315238624181145,-0.7799808228191798,0.47356922895922504,-1.3723329986258064,-0.40957446049198204,1.619213779426171,2.3592408308190027,1.1101975588626602,0.1010352376589052,1.4925896140337656,2.0060589349406004,1.5040244254120325,-1.3310251429018278,0.35171115073279,0.7806352199985308,0.806259981981374,0.27921023634565156,0.28421816152172197,0.2044646553166367,0.6817421706862145,0.5334696962929761,0
-0.7918040390580765,1.2378861793774645,1.7280720791585935,-0.4281154315628296,1,0,0,1,0,0,-0.7479204827314877,2.006008353986668,-0.2977604411855021,-0.13574637371574128,1.198797417530173,1.6476683896038165,1.1534316217963554,2.1408960612581645,1.0591345670509844,0.44191107932582,-0.16436081674663702,-0.7105283294812995,-0.4544163611997945,1.346209497501745,1.9177690325790966,1.0772543981125837,0.7902205101051157,0.5379833005993455,0.2430696413654208,-1.2101494081044426,-0.2587580797456102,-1.0172681145746802,-0.3653356542916833,0.18657577246166265,0.73891309458241194,1.2101494081044426,-0.24306964136542153,1.6357384726101538,2.2921984828154374,0.9186978558272787,1.4031237942140713,1.7246556473391115,-0.5920746260821743,0.4323198869208419,0.34501385799472056,1.069946747507413,0.25106641317809053,-0.482931511569848,2.331582009745184,1.7268652490020249,1.7176749677643206,2.853795702382536,2.4269753421193996,1.795125932966095,2.451077174655176,1
1.495519310736081,-1.3904259497116478,-0.4445202009343899,-0.4281154315628296,0,1,0,1,0,0,-0.3188766245909836,-0.07798757484673462,-0.3617263482723934,-0.06804436425843052,-0.0442206938670143,-0.0073917749714784145,-0.2060606908419388,0.4096943987723246,-0.42656145897304393,-0.6536636956248871,-0.815033890503911,-1.2627027971827118,0.0898765715009016,-0.39513042503554013,-0.10844708698701605,-0.45997372227991534,-0.47535263070022254,-0.8047847279506135,-0.5609884768922861,-1.1657944725380867,-0.10827725832662646,-0.6709583308087609,0.1208945731149717,0.4117059503601017,0.27386832651979015,1.1657944725380867,0.5609884768922854,-0.09111737198826762,0.340918023760079,1.4281639820810177,0.9250652759116064,0.6664222727407777,0.9831750642384596,1.247911984700014,1.784586258014483,1.5040244254120325,0.029018475482663446,-0.482931511569848,0.5981708917930423,0.5728670973845897,0.7192112130148905,0.2524949820049213,1.3568776040291806,0.793080546914203,0.038603250264021984,1
-1.280109023845593,2.397435648093248,-0.15484123025532542,-0.4281154315628296,0,1,0,1,0,0,-0.6848257977108253,0.8285273953126613,-0.11865590134220637,-0.22890896792622875,1.025839620654528,0.8141012059322817,1.0640007697074743,1.7034919013677172,1.353263079297698,0.9192789804311724,0.9711370632499301,2.394492822336107,0.1662524725603318,1.1847980327764183,1.0904024902318143,0.6972610825306464,1.44783662379847,1.3523524505898121,1.8833482026111439,1.3979208031972914,-0.2956827366279726,-1.2457548175130513,-1.1492758196406232,0.1937634166093248,0.0577832093546089,-1.3979208031972914,-1.8833482026111446,1.8864110952131505,1.9169522406894068,1.97402054592431,2.126671821915101,2.7999573021729036,0.7941451013999841,1.166352774922097,0.2896456887631914,2.4962019749083075,-0.47058938433204756,-1.317574173872486,-0.8797901666714156,-1.268343436656712,-1.1254082660984612,0.2207718024881207,-1.5241547677521787,-1.211010225189582,-0.76555472453303,0
-1.6399126968469209,0.3617821363477598,1.0038746524609323,1.478524768348486,1,0,0,1,0,0,-0.5586364276695006,0.41917105214895717,0.25234635976176334,-0.37357138129655093,0.8937426856617443,0.6110757223556312,-0.3522953694441358,0.570285262062716,-0.6986022261696553,-0.19222022866211094,-0.01212513503822764,-0.6478816861882006,-0.24504679157273446,0.07190304272221663,1.8714698607676883,0.4573523115563831,0.1839393238327393,0.25631330461065405,-0.35678002163742906,-0.529783266025729,0.5617199601125583,1.0920630038060342,1.4146076127124148,0.44206821276524394,0.26600332400541304,0.529783266025729,0.3567800216374284,0.0759977097470634,1.7668537438389946,0.06352257247278678,0.29196075167320634,0.3591932285025509,-0.2770246880180474,-0.38327221085833024,-0.26403600355210183,0.139780294854656,0.4731143508735179,0.9587239960437993,-0.12256320461863823,0.6117659114840535,0.7699805564767266,-1.4605567119022886,0.2044646553166367,-0.04195727479570725,-0.08511336124321738,1
-1.3315095485600683,1.109047349520155,-0.4445202009343899,0.3052077222492148,1,0,0,1,0,0,-0.028641073495936725,-0.27743249772336886,0.047655457083711085,-0.3070266711462027,0.057027081929270786,0.02391171368571441,-1.093249234051261,-0.3075275383720785,0.9145050820632161,-1.8460538801864037,-1.2146094931273346,-0.6476396317226881,1.2321059725742312,-1.5802955639772098,-0.6492496191622927,1.4551543825349118,-2.1497638747274044,-1.6330956322646615,-0.8901438845537538,-4.693472038239746e-4,-0.05882303488599332,-0.22831281833627376,0.21213073661189907,0.36223063592792115,-0.015348200895781003,4.693472038232714e-4,0.8901438845537532,-1.4280380258709164,-0.3345252120667762,1.1097476531724306,1.8036593095485693,0.615217432034406,-0.49755964466293656,1.166352774922097,1.9506907657090713,0.9459245538203791,0.3898463742377325,0.35171115073279,1.8936676220520103,1.739831520368513,1.8192136546879905,0.728342674756924,0.36909507656128593,0.4033962301162448,1.5232025883508855,1
2.6777313791690167,1.2378861793774645,0.27967722576327125,-0.4281154315628296,0,1,0,1,0,0,-0.06649788450833415,-0.2559180308241401,-0.2977604411855021,-0.13574637371574128,-0.22634874284489612,-0.09191119434589903,0.5180923823414892,0.18950949173918777,1.1275046411541656,-0.07391033613209595,0.02998653279621811,-0.7109774941321366,-0.7904493873332981,0.38733749865657335,-0.8416489718151968,1.1898314865108517,0.13673499562396593,0.6350077443292015,-0.08286747959746427,-0.8875015469124753,-0.33339700461367455,-1.1032531885176124,-0.34567071905453006,0.23543217686208082,0.5809775068542802,0.8875015469124753,0.08286747959746356,0.35452284597261524,-0.7848207026180125,-1.6069330893092284e-4,0.6149732640397371,0.6493539925053206,-0.5920746260821743,-0.22015379130249568,-0.2086678343205727,0.44983577907224165,-0.05424950115312168,-0.7864379342253526,1.2915353389738984,0.8840576101803024,0.9392117013495113,1.7434844192945298,1.933084078385452,1.5167799923961247,1.5232025883508855,0
0.7759119647334253,0.6967630939767645,0.27967722576327125,0.3052077222492148,1,0,0,1,0,0,0.19849979257844777,-0.3663977257120716,-0.24658771551598904,-0.1866675432220947,-0.36381939876062674,-0.13752484924638,-0.3837161190628489,0.8322274019046451,-1.0814401253210386,-0.4861359379917602,-0.9906181846171777,-1.566570495190326,0.14681872280331,0.5303608635190167,0.6207777866897259,-0.7941639022292459,0.2817890191209684,-0.45127338558221236,-0.7652983266135058,-1.3776017491189991,1.0634969300196666,-0.5203766677461709,0.6803067469068829,0.9361554570758437,0.8472715287002321,1.3776017491189991,0.7652983266135052,0.6609004958207222,0.7912135143113154,0.5456958705343614,0.020630241285320403,0.13730558544161034,0.4790951633358572,-0.05703537174666111,0.34501385799472056,0.7598912632898273,1.9719379303176512,0.19995793940503753,2.6144017184636907,2.6863693301221394,3.0546010122593183,1.1407440084753266,1.7684536571408034,1.0714264874841732,2.7603687034232727,1
0.5703098658755232,-1.9057812691408853,-0.4445202009343899,0.3052077222492148,1,0,0,1,0,0,0.3877838476404349,-0.40942665951052915,-0.2721740783507456,-0.15310586332017995,-0.5024205400780656,-0.19655428499994362,0.8416176740177351,0.8308746758771528,-0.4045819742805959,0.516484545189785,0.8028714260575197,-0.06394585486244857,-1.6787965619828198,0.31805037683327236,0.3518835808306241,-0.49894052082419815,0.2052931410857803,0.15757391810235266,0.5061221547512287,-0.5891803101754591,-0.8524976739088957,-0.787892321372852,0.051690006630020824,-0.4941721352336971,-0.8899319135251759,0.5891803101754591,-0.5061221547512293,0.7166055230658329,0.8662627627365218,1.4736520290679587,0.9379857764062678,0.9907195972144606,1.5817699465603012,0.18764225758709038,-0.04256332662598434,1.069946747507413,-0.6926373220274746,-0.5588081172337243,0.7806352199985308,0.6895635396829819,0.43151826673115745,-0.0647368131630805,2.0153992890077768,1.795125932966095,0.10046155601764112,0
1.0072143259485644,0.38754990231922204,1.0038746524609323,-0.13478617003801185,1,0,0,1,0,0,-0.43244705762817587,0.026095927179264008,0.12441454558798068,-0.3411670007015987,0.5667131306801391,0.28373066954041487,0.8592637740847807,0.6895530420907194,-1.6317761632277377,1.0914992275575475,0.004358860524842545,-0.40739721283554475,0.26484108261190503,0.8366610578279876,0.568585086940315,-1.361321830885739,0.841944855039789,-0.08355565083636218,-0.7279513648365089,0.16633209230480636,-0.35884532375916683,-0.37683713220989096,0.8626955252940957,-0.6396869328415996,-0.08724256241556759,-0.16633209230480636,0.7279513648365081,0.4102278732177254,0.11577027848446049,-1.028190555213798,-1.4781478160953823,-1.1428154322176651,-0.2140147004052217,-0.6279498401920818,-0.3747723420151606,-0.6043528672675491,0.0012624832707351544,0.12408133374116129,1.7020800774362477,1.9861906763317847,1.5315207084042572,0.7600658542737248,0.03983423407198747,0.1250502895462747,1.275769365336409,1
-0.2006980048416086,-0.3854830768246345,0.27967722576327125,-2.334755631474145,1,0,0,0,1,0,-0.24316300256618875,-0.18614138142123599,-0.1442422641769629,-0.2219651720844533,0.10403287332930602,0.028383640636741956,0.48949046442566235,1.061955346368128,-1.373761446413341,1.3060287103973358,0.1281460363315682,0.724495199327886,-0.11884690115990605,-0.630346459191545,-0.018084236038679192,-0.11874549087659093,0.18090046978355057,0.03166062716553349,0.18286856865026183,0.8067582219688989,-1.3104831611813679,-1.4756834308707312,1.7586501519684274,-1.5849827205991325,-0.13568568312073034,-0.8067582219688989,-0.18286856865026252,-0.5646101035717058,0.04072103005925432,0.1908891040362222,0.09815324425328795,0.17144214591252482,0.1325402314653172,-0.05703537174666111,-0.1532996650890431,0.07776919801113909,-1.192245181842186,-1.317574173872486,0.4339529964081015,1.3249108366408955,0.4822876101929924,-0.09645999267988113,-0.12479618717266176,0.29205785388825667,0.6571863078002155,0
-1.1259074497021662,0.3617821363477598,0.714195681781868,1.478524768348486,1,0,0,1,0,0,0.7284951467520117,-0.5257210751820359,0.25234635976176334,-0.37357138129655093,-0.24457592170322448,-0.11561240718634504,-1.3053663457269804,-1.6762747190771734,-1.3763679617632505,-0.5295508264766147,-0.8460963268108207,-0.08869018901036511,0.06548383240473654,-1.3939105024099199,-0.9882416009480088,-0.7930192750268835,-0.2890831898433204,-0.715943847159924,0.1590389773671773,-0.2786957612109654,0.42236472981195394,1.3107409168694415,1.0846332194153403,0.4287390602476411,0.40098684364929343,0.2786957612109654,-0.15903897736717798,-1.038102835155144,-0.18442671521636386,3.629785456248964,2.4626048347762923,2.185499213696451,2.904979686429634,0.5954383064766764,0.5664865349208381,1.3800022317249987,0.3620903820258042,1.1863538130354276,-0.06782390615699217,0.4950694691856613,0.65151875506577694,-0.9847090191502859,0.03983423407198747,-0.09762646290970158,0.16231986177126023,0
1.4184185236643685,1.109047349520155,1.7280720791585935,0.3052077222492148,1,0,0,1,0,0,-0.33149556159511606,-0.0727543261415168,0.047655457083711085,-0.3070266711462027,0.36641973498137914,0.18132354236188405,0.61893438803206835,0.4743533337476116,-0.13148006660146525,0.4945689210443696,0.3846754595888428,0.10625917231646557,0.07989358363794481,0.9296461926780732,0.23635285178832194,0.020697764535472535,1.0461642536841524,0.6162755479172607,0.4783555005605047,-0.3295023237687909,0.06824818894483084,-0.4142917387783976,0.20053691292585576,0.36922786041439437,0.10157618692138116,0.32950232376879157,-0.4783555005605054,1.3015083091394917,0.641115017460903,1.2007237471463126,1.0284292798688959,1.4686314438072563,0.6051151385615076,0.758556726032511,0.5664865349208381,1.5660355222555504,0.5286263352973745,0.12408133374116129,1.8571747564109133,1.7009327062690485,1.7853674257134342,0.8552353928241243,0.5337254978059351,0.4033962301162448,1.4613442825972665,0
-1.3315095485600683,0.49062096620506923,-0.4445202009343899,-2.041426369949327,1,0,0,1,0,0,-0.028641073495936725,-0.27743249772336886,0.5977622580309765,-0.4852507644184396,0.36873354108047707,0.16164706377736285,-0.0997800746923807,-0.2651329371240963,0.2106122502557137,0.22908159233131914,0.37244032417138456,0.09344375622031353,-0.3152490343723429,-1.5771930516716917,-0.4925326471957904,1.360280484744907,-1.7603714249472266,-1.1994984620156615,-0.7133205963053126,0.8349088210750116,-1.437166090955401,-0.12950511681774607,1.0790367005670742,-2.0550286232451707,-1.6552674467734383,-0.8349088210750116,0.713320596305312,-1.4280380258709164,-0.18442671521636386,1.0460643873907127,1.6873748050966186,0.7176271134471482,-0.34003467563087314,0.9216751455883455,1.5077454118568363,0.8839134569768611,-1.3587811351137562,-0.17942508891434333,-0.17730250308028428,0.39133929825375646,-0.4992530300691578,-1.0481553781838862,0.5337254978059351,1.127095675598167,-0.3944048900113141,1
0.18480593051695732,0.15564000857606544,1.4383931084795292,-0.4281154315628296,1,0,0,1,0,0,0.9430170758222637,-0.5565390953349852,0.3035190854312764,-0.38514437436617666,-0.2995597963036001,-0.13036976612473594,0.5128193532790408,1.4381917481001396,-0.9893379514699574,0.4010192614066406,-0.24535752467455063,0.4314144038690723,-0.10878018864591105,0.22760282423649283,0.8895865168035252,-0.343886597606798,-0.39676596149198234,-0.5388121423759505,-0.4291756706205303,1.0140489972048288,-0.48566973392686674,-1.0827950650318552,1.006885256379211,-0.9351774861708275,-0.20706838705766548,-1.0140489972048288,0.4291756706205296,0.12241856578465546,0.6911478497443743,-0.2973492669569456,-0.4229736090313822,-0.5454256239766699,-0.14050304819025958,-0.49201782389555315,-0.3563162856046509,-0.4803306735805153,-0.6093693453916895,-1.1658209625447336,-0.7885580025686714,-0.2051091846046925,-0.5500223735309933,-0.8895394805998851,-0.6186874509066087,-0.2089648391376897,-0.45626319576493324,1
-1.074506924987691,1.0059762856343069,0.27967722576327125,-1.6014324776621007,0,1,0,1,0,0,-0.356733435603381,-0.057636052104220924,-0.4128990739419065,-0.009600749256820373,-0.06543543790984632,-0.03690649284826022,0.8023219814365501,0.2616037252918025,0.4288637629218147,0.5822216585095346,0.5799964743152156,0.13017633144367408,-0.38450714300565436,0.368916642836707,0.28196808974310583,0.6241065206892396,0.5114422210951813,0.5751978796128562,0.46715141202740545,-0.28577009270635834,-0.7470310831598387,-0.07658988044046508,0.0408957337540564,-0.27940654721547337,-0.19245504623791715,0.28577009270635834,-0.4671514120274062,0.15955525061472892,0.04072103005925432,-0.600602913536552,-0.21193876761858224,7.593435579547688e-4,-0.8126095827270634,-0.46483142063624716,-0.7069813574043363,-0.4803306735805153,-0.49834537654397587,0.35171115073279,1.3371514210252706,1.1563493088765513,0.9561348158367899,0.9186817518577256,0.6160407084282594,0.514734606344233,1.0283361423219313,1
-1.2544087614883548,0.18140777454752677,-0.4445202009343899,-0.8681093238500562,1,0,0,1,0,0,-0.4703038686405733,0.15111242402613387,0.34189862968341117,-0.39324546951491474,0.7628332711078518,0.420124441546755,-0.3678389278239546,1.0951207654030863,-0.14372079781727165,0.3403272758646927,0.019088068472905756,0.1770369659192009,-0.1061881608728474,-0.9386541599030067,-0.2296370970402929,-0.07094321593507624,-0.23785909360767477,-0.4258847507310617,0.14025565247345223,0.10235345797273021,-0.4264031934189493,-1.7331330213803036,0.12518005501435014,-0.6956171991816827,-0.4406089912195215,-0.10235345797273021,-0.14025565247345292,-0.7038726716844818,0.19081952690966666,1.373578325696689,1.1188727833315248,0.9565830367435462,0.7626401075935709,0.8401159358104279,0.8433273810784847,0.6358690696027934,-0.27629743884854874,-1.5452039908641146,0.6711566230752374,0.6376984542170299,0.2961333508329291,0.4428340591057229,0.8629863402952329,1.0157572993701793,0.6571863078002155,1
-0.5348014154856993,1.0059762856343069,1.7280720791585935,-1.6014324776621007,1,0,0,1,0,0,-0.6217311126901629,0.4883662294735037,-0.4128990739419065,-0.009600749256820373,0.4640648127213491,0.3830074478532264,0.5499269302729967,-0.2740754502971589,0.6985000097457269,-0.03726206006106489,0.3481271269076239,-0.4033173789462166,-0.4701088602111114,0.028125385320324773,-0.5312499918550542,1.0416406998068766,-0.4308493372630617,0.31066787366815934,-0.04053384962865217,-0.5098758229700693,-0.7365842296296083,-0.15601742278548647,0.091875534648525,-0.3768841883997856,-0.14927560280010935,0.5098758229700693,0.04053384962865146,0.10385022336961848,-0.40957446049198204,0.33645085439443295,0.8475422729436388,0.615217432034406,-0.08799472517957138,-0.30171300108041293,-0.319404172783631,0.6358690696027934,-0.44283339212011924,0.35171115073279,1.6199711297437773,1.4286410075727993,1.1592121896841308,1.2041903675089267,0.9453015509175579,0.7374113588002092,1.3994859768436472,0
-1.074506924987691,-0.7462318004251005,0.27967722576327125,1.0385308760612593,0,1,0,1,0,0,-0.356733435603381,-0.057636052104220924,0.29072590401389814,-0.37762192887091994,0.5562820652806573,0.24750806123709174,-0.9859702049461078,0.2350375982114124,-0.7772041180544057,-0.22898327695444132,-0.12771858170028452,0.8239708337617396,0.22004283462770066,0.04967671128617783,0.0768482314313099,0.44350585619874205,0.31966119559540523,0.2956438719742112,0.6912331826893887,0.43824128821613356,1.4206519557478576,-0.24561160847887695,1.508144679810469,0.6263122040206555,0.4546791099233964,-0.43824128821613356,-0.6912331826893894,0.0759977097470634,0.11577027848446049,0.14540105704928116,0.3565632541465125,0.47867119015075044,-0.2770246880180474,0.2692014673650073,-0.04256332662598434,0.015758101167622184,1.2780381250194413,-0.2553016945782196,-0.07694712256726609,0.7025298110494701,0.9392117013495113,-1.4922798914190887,-0.37174181903963527,-0.2089648391376897,0.2860364732784985,1
0.8530127518051386,0.18140777454752677,-0.8790386569529866,-0.8681093238500562,1,0,0,1,0,0,-0.6595879237025604,0.6686225737643393,0.34189862968341117,-0.39324546951491474,1.2422160410794842,0.8181259401882066,-0.09056870442379178,1.6118879999443902,-0.16883051229443857,0.5317103150526352,0.2928646732496047,0.5956972889108144,-0.2900819170984874,-0.5175112029574483,0.5148860799864804,0.11192111767784979,-0.04783940851373765,-0.2651111749136831,0.44932672572474713,0.36682327779893126,-0.3911531081585785,-1.696565293814989,0.34326689579693787,-0.7657430711191224,-0.6395678811543661,-0.36682327779893126,-0.44932672572474786,-0.09111737198826762,1.3165582532877582,2.165070343269463,1.9070233135058599,1.7929287682809403,1.109195039464111,1.166352774922097,1.009431888773073,1.3179911348814817,-0.3040534310604773,-1.5452039908641146,0.3518440487156324,0.4821031978191731,0.12690220596014448,-0.12818317219668063,0.6160407084282594,0.9044189231421907,0.34789477903211874,0
0.7502117023761872,2.113990222407169,0.27967722576327125,-0.8681093238500562,1,0,0,1,0,0,-0.5838743016777656,0.4302190216377503,-0.15703544559434116,-0.21791462451008428,0.6546137962476455,0.49927754857994255,0.2638408756465848,0.8876005566207208,-0.1704607744618797,1.5504751193042785,1.485524183018999,1.810224319303842,-0.6200957849383826,-1.2510082043508028,0.6999615683095461,0.3038164238791773,-0.5384588611969394,-0.5699446592260943,0.7365263065465976,1.7384522439970567,-1.6168698177928877,-0.5170534862165138,0.5383317952134892,-2.6285184473450864,-2.4876942219124345,-1.7384522439970567,-0.7365263065465982,-1.0938078624002545,1.0163612595869336,0.900502637032502,0.9379857764062678,0.6493539925053206,0.16404522527173035,1.6557080335896,1.3416409041622488,0.5118468759157585,-1.5530730805972546,-0.7105613285614767,-0.8524205174405927,-0.47740088330094144,-1.4131012123821949,-1.397110352868688,0.12214944469431245,1.2941032399401495,-0.76555472453303,1
1.0072143259485644,-0.978141694168258,-1.6032360836506476,0.3052077222492148,1,0,0,1,0,0,-0.3945902466157784,-0.012281229992333251,-0.054689994255315046,-0.2607346988676996,0.3756265585919498,0.19205616704435016,0.04365663547831391,0.6711421704791747,-0.5554362062657221,0.20429251104668203,0.19267498620782555,0.4596058923987342,-0.19832681342639485,-0.7363218183564287,-0.18808398255828868,-2.6407420014230414e-4,-0.2870410331827636,-0.06328649637405981,0.6417267449849983,-0.009609152108407288,-0.7964296994393351,-1.1095820962441885,0.7590345320843749,-0.5606109775349267,-0.31227386450576805,0.009609152108406583,-0.6417267449849989,-0.4253475354589299,0.340918023760079,1.7192874827974407,1.4548057961927168,1.2467438007463156,1.3927399837218248,1.166352774922097,0.8986955503100138,1.3800022317249987,-0.5538573609678327,-0.7864379342253526,1.3280282046149967,1.5842362639706562,1.209981533145967,0.28421816152172197,1.0276167615398821,1.127095675598167,1.2139110595827887,1
0.6988111776617119,-1.0812127580541053,0.27967722576327125,0.3052077222492148,1,0,0,0,1,0,-0.6469689866984278,0.5784944016189215,-0.3745195296897717,-0.054735422228360885,0.6005923122246085,0.4872033458121682,-0.6426289495462993,-0.7113287299921421,0.9876998767347293,-0.8623281925049767,-0.4505388863726728,0.40943872243012663,0.9931371624842066,-0.8409439521872729,-1.1498323076828363,1.7442137978682146,-0.7637936262449723,-0.05441360449745604,0.8565750717215317,-0.29111514316954507,0.05332990918207618,-0.17555575871832402,0.40254783588203,0.4075850700559737,0.5325983238181398,0.29111514316954507,-0.8565750717215324,-0.5089050763265954,-0.7097714541928067,1.97402054592431,2.811458348132146,2.2367040544028214,0.1325402314653172,2.2266225020350205,1.839954427246013,1.876091006473136,0.029018475482663446,-0.17942508891434333,-0.040454256926167845,0.1709126850234604,0.3299795798074865,-0.1916295312302808,-0.37174181903963527,-0.5429799678216537,0.038603250264021984,0
-0.7918040390580765,3.2220041591800292,-0.15484123025532542,0.3052077222492148,1,0,0,0,1,0,-0.09173575851659908,-0.23440356392491132,-0.06748317567269331,-0.25899874990725574,0.02134855706341463,0.01988697942978962,-1.7286963360733252,-1.6176993206729435,0.38357525372021634,-1.3734249430562866,-0.485079975747237,-0.15242999568572696,0.11380628278307037,-0.5863614536749524,-0.49525922076334405,-0.43363906503472294,-0.5190782410929132,-0.602423267299859,0.288491621905012,-0.49401881205127574,1.817908880818885,1.724203270604159,-0.9601256620504895,1.3406993937415754,0.042478657387826,0.49401881205127574,-0.2884916219050127,-0.6203151308168162,-0.5596729573423944,-0.3640650692044592,-0.5220307794904515,-0.6819718658603261,-0.08799472517957138,0.35076067714292497,0.2342775195316623,-0.4183195767369984,1.7776459848341521,1.717490052682561,0.20587258615124074,-0.3347718982695729,0.19459466390925928,0.12560226393772106,0.6160407084282594,0.4033962301162448,0.16231986177126023,0
0.8530127518051386,1.2121184134060021,1.4383931084795292,-0.7214446930876474,1,0,0,1,0,0,-0.596493238681898,0.47382942751456536,-0.19541498984647596,-0.20576298178697722,0.6514565856033839,0.5234259541154913,1.852239765981424,-0.36614805071867024,1.2443246692532675,0.2821323991012923,1.4072037335048337,1.251180156050594,-0.8098915686841762,3.5602136579542982,0.6321667076612846,1.1689340424632408,1.9391649964073712,2.123574990087006,1.90767708056873,-0.18555039652161812,0.9817390551976032,1.135840420571606,-0.5263675268861375,1.541700146485816,0.24382388476896286,0.18555039652161812,-1.9076770805687304,2.777691531134916,0.26586877533487285,-0.7825551014843162,-0.12149526415595328,0.6493539925053206,-1.0961545269847772,-0.8726274695258333,-1.5375038958772762,-0.4183195767369984,0.9449662184763004,1.1104772073715516,0.11464042204849642,-0.17917664187171697,0.43151826673115745,-0.3185222492974822,-0.20711139779498602,-0.32030321536567735,0.038603250264021984,1
0.9815140635913272,-0.978141694168258,-0.8790386569529866,0.3052077222492148,1,0,0,1,0,0,-0.5207796166571032,0.22088907342903796,-0.054689994255315046,-0.2607346988676996,0.5971185460765519,0.37138043778055474,0.14430174817380667,-0.22097949774366726,0.6883147009181807,-0.31033929301085733,0.01924794255559829,-0.7585651372355124,-0.005770394268870401,-0.4775450090947487,-1.4001206092429557,1.683589990669094,-0.7662486693536975,-0.11621788584483961,-0.6392523306161405,-0.4005896952488784,-0.6778124398759733,-1.0993087946629554,0.7508963209885734,-0.34055070052779096,-0.1384874135602788,0.4005896952488784,0.6392523306161398,-0.3696425082138195,-1.2351161931692491,0.4456221671630917,1.2997597902567817,0.8712416355662611,-0.7495995951142377,0.18764225758709038,0.5664865349208381,0.6358690696027934,-0.49834537654397587,-0.8623145398892288,0.8718673841012752,1.1693155802430386,0.9392117013495113,-0.0012904541294803558,0.7806711296729086,0.6260729825722207,0.7190446135538346,0
0.33900750466038404,1.0059762856343069,-0.15484123025532542,-1.6014324776621007,1,0,0,1,0,0,0.16064298156605036,-0.3506979795964182,-0.4128990739419065,-0.009600749256820373,-0.5472032726553202,-0.26229161118004857,0.25585735577697744,0.7174482693894346,-0.4888285810395089,-0.12287160810569268,-0.43970458330457796,-0.20921848106607233,0.7079810997023873,-0.5108600125458767,0.8246262899872573,-0.7700163953184299,-0.5441913371038615,-0.9111710523222487,0.4783555005605047,-0.7597762161999033,-0.8662211867224217,-0.1586277506231524,-0.10554717106153848,-0.37361919892420997,-0.3179436942853357,0.7597762161999033,-0.4783555005605054,-0.3417899945912644,1.0914105080121401,0.7731361054690666,0.21443774870523882,-0.01630893667750248,0.7626401075935709,1.8188264531454346,1.6738499195514247,0.44983577907224165,-0.5538573609678327,0.4275877563966659,1.8754211892314625,1.519404907138216,1.243827762120523,1.3945294446097283,1.5215080252738291,1.1827648637121608,1.3376276710900281,0
-1.280109023845593,-0.7462318004251005,-1.168717627632051,1.0385308760612593,0,1,0,1,0,0,0.097548296545388,-0.32976498477554694,0.29072590401389814,-0.37762192887091994,0.11755420744911603,0.03822187992900256,-1.692303505510152,0.5405301720355137,0.21375961640343744,-0.5782487841810705,-0.019346346749386466,0.08809515233180312,-0.13741495215464866,-1.346523638866672,-0.016537056973071645,2.1337537550862575,-0.47743933942811045,0.28569457990881414,-0.04921092906325296,0.16895808102739213,1.0077586652953217,-0.758461085206562,1.852000188820975,0.3077561257093722,0.30407634962316715,-0.16895808102739213,0.049210929063252244,-1.2330704305130304,0.11577027848446049,0.41832933897092733,1.519408298666023,1.2126072402754011,-1.033144539371952,-0.05703537174666111,-0.04256332662598434,0.6358690696027934,0.8061862574166584,-0.7864379342253526,-0.323273965644676,0.6376984542170299,0.7361343275021692,-1.8095116865870906,-0.20711139779498602,-0.15329565102369538,-0.023255055489598248,0
-1.074506924987691,0.026801178718756015,0.27967722576327125,-0.8681093238500562,0,1,0,1,0,0,-0.356733435603381,-0.057636052104220924,1.339766780238916,-0.6061885419960289,0.9826381786174017,0.4241491758026798,0.715941188746614,0.2980180948462559,-0.7988819375672543,2.3533124531907115,2.4860385503706985,2.8904471345174856,-0.9063984052969045,-0.11435849961979494,-0.22635090266334956,0.3224607477084649,0.23261762525609025,0.46529577456100213,0.8847583482611033,3.0647325923750905,-1.1097993162680686,-0.6357925532073178,1.4161403248088182,-2.9485136459225143,-2.777701110233886,-3.0647325923750905,-0.884758348261104,-0.09111737198826762,-0.18442671521636386,0.09991301006234013,0.2531992501892221,0.3421249482670949,0.038025250046078915,0.18764225758709038,-0.2086678343205727,0.139780294854656,-1.3032691506898992,-1.1911131644326922,-2.3881619465034554,-1.5276688639864726,-2.3213083565328057,-2.761207072091096,-1.5790315748337282,-0.35741600744167373,-2.105818015861449,1
1.495519310736081,-1.2873548858258006,-0.4445202009343899,0.3052077222492148,0,1,0,1,0,0,-0.34411449859924853,-0.06345077288779627,0.39307135535292426,-0.40655441154498434,0.5952404359367985,0.26539576904120193,-0.1740511572837058,-0.8349502361161089,-0.7390698991651304,-0.16189720569039248,-0.8600752486575338,0.2744623721509788,0.8766037049755993,-0.5636332131640044,-0.28806517130201814,-0.3128209106062232,-0.12549655992947903,-0.6842797139918165,-0.5252107151899527,0.895231533445257,-0.3211532944279624,0.8574180374014242,0.6959784643212753,0.0942724395623399,0.4500739897964147,-0.895231533445257,0.525210715189952,-0.48105256270404034,-0.18442671521636386,0.30006041680488094,0.08523274375862654,0.03489590402886805,-0.08799472517957138,0.4323198869208419,0.7879592118469556,0.3258135853852078,-0.3040534310604773,0.8069707847160468,0.023408257945752128,0.37837302688726915,0.39767203775660004,-0.2550758902638815,-0.7010026615289333,-0.3759724034796717,0.40975308478573785,1
1.2385166871637046,-0.978141694168258,-0.4445202009343899,0.3052077222492148,1,0,0,1,0,0,-0.2684008765744537,-0.1390421430742757,-0.041896812837936774,-0.2607346988676996,0.22055879477599521,0.09456815951194965,-0.02450722903743716,0.05292263372025643,-0.6352485186089432,0.11625337305863978,0.36579145285503717,0.5739921361913067,0.47867241092390894,-0.6382774811101681,-1.0314999923818264,-0.15110013390525073,0.2949283177010009,0.8015916057848594,1.2784819609759694,-0.4851260289008703,-0.6036814399824664,-1.1059720241006872,0.7165649433563585,0.13539506431916165,0.3070513822015313,0.4851260289008703,-1.2784819609759701,-0.45320004908148526,-0.7848207026180125,0.8914050276351143,0.6666552660183818,0.76883195415352,1.3927399837218248,1.5741488238116832,0.954063719541543,0.9459245538203791,-0.4150773999081907,-0.8623145398892288,0.9083602497423721,1.1822818516095268,1.1761353041714093,0.12560226393772106,0.4514102871836102,0.23638866577426285,0.904619530814692,1
-0.25209852955608386,1.4955638390920825,-1.168717627632051,-0.4281154315628296,1,0,0,0,1,0,1.801104792103272,-0.6571337648908387,-0.3617263482723934,-0.06052191876317377,-1.116397635345957,-0.4586092043301579,-0.02150751375599834,0.11942067581132478,0.6592956827785645,-0.7501886322007185,-0.1278260530011802,0.19926647740424372,0.2999260304347444,-0.7994756230145027,-0.5664897307066004,0.7316824179914087,-1.1416852087039662,-0.6287884786193564,0.10862057896823145,0.1640471410786609,-0.7689199011535148,-0.7314056017293729,-0.16600901799643808,-0.11861906573034615,-0.4477094363191123,-0.1640471410786609,-0.10862057896823216,-0.5089050763265954,-0.10937746679115769,1.6465066076183352,1.8553413115272142,1.178470679804488,0.6996301199807459,1.3294711944779316,1.397009073393778,1.1939689411944467,-0.6926373220274746,-0.6346847228976005,0.21499580256151593,0.09311505682453199,0.04228663352375219,-0.0647368131630805,0.28677986593896093,0.4033962301162448,0.16231986177126023,0
1.2385166871637046,-0.7977673323680251,-0.4445202009343899,-0.13478617003801185,1,0,0,1,0,0,-0.2684008765744537,-0.1390421430742757,-0.10586271992482811,-0.23064491688667263,0.16701081846511479,0.07131413936660641,-0.09565392196084564,-0.12469918049797986,0.022475699554674353,0.4627603170991352,0.8709590209966735,0.5233656144296722,0.03963605894746293,-0.6954655333490013,-0.8561669772680162,-0.2778297119585157,0.25548933135391066,0.8495898066866525,0.9068055190224368,-0.18555039652161812,-0.5618918595407085,-0.686535744229029,-0.3099171009546609,-0.3718204860648368,-0.3028302963628352,0.18555039652161812,-0.9068055190224374,-0.5367575899491508,-0.6347222057676005,0.74584327727690225,0.47284775859846334,0.5640125913280355,1.487254965141063,0.9216751455883455,0.5111183656893089,0.9459245538203791,-0.6371253376036178,-0.7864379342253526,-0.5878472415426337,-0.6459624110652865,-0.7361766328910565,-0.1916295312302808,-0.20711139779498602,-0.32030321536567735,-0.6418381130257917,1
-0.9717058755587404,0.3617821363477598,0.27967722576327125,1.478524768348486,1,0,0,1,0,0,-0.028641073495936725,-0.2646401119995031,0.20117363409225028,-0.3585264903060374,0.15982412387651954,0.07355010284212017,-0.6053691522448431,-1.6709848506668252,-0.18940380995461528,-0.15547103122735992,-0.17447931013535828,0.26105972674583705,0.37374198148363913,-0.6528831678671027,-1.0486204080015624,0.6680449842534575,0.09615008184668877,0.14297558861658793,0.6912331826893887,-0.329502323768793,0.18942737387045197,1.2429942430189604,0.9302421364352,0.3053721083054177,0.36641948281232384,0.329502323768793,-0.6912331826893894,-0.45320004908148526,-0.7848207026180125,0.9823811216089964,1.2222367872888142,1.2126072402754011,0.06953024385249205,1.0847935651441794,0.7879592118469556,1.0079356506638961,0.1400424443303771,1.1104772073715516,-0.0951935553878152,0.39133929825375646,0.49921072468027106,-0.794369942049485,-0.04248097655033679,-0.2089648391376897,0.038603250264021984,1
1.2642169495209417,1.6244026689493918,1.4383931084795292,-0.4281154315628296,1,0,0,1,0,0,-0.48292280564470574,0.19355988574623387,0.3035190854312764,-0.37588597991047606,0.7645816842404989,0.43935372743617346,1.255587998738276,2.188646942755675,-0.8910513145221979,1.3950568506677476,0.16055692175634279,0.27615933406044685,0.3685934386332919,0.7916551584252502,1.9501571168232068,-1.0655447553937907,0.48838925895070606,-0.5443446738617771,0.48455582139920894,-0.1039281697319839,-0.9549131701360613,-1.050362026195328,0.1473272789212904,-1.4003533747116714,-0.7401784876455287,0.1039281697319839,-0.48455582139920966,1.07868820015905,2.367247731240644,0.9914787310063841,0.21443774870523882,0.4103980692089227,0.8256500952063961,1.9819448727012692,1.839954427246013,0.7598912632898273,-0.7203933142394032,-0.7105613285614767,1.3827675030766426,1.2600794798084554,0.5161338391675497,1.2041903675089267,1.439192814651505,1.5167799923961247,1.0901944480755505,0
-0.25209852955608386,2.6035777758649448,-1.168717627632051,0.5985369837740325,1,0,0,1,0,0,1.801104792103272,-0.6571337648908387,0.4570372624398156,-0.41754875496112887,-0.4771003579779537,-0.18269131145175824,-0.41790855458923765,0.4505314835654329,0.1411945073969131,-0.6127375344991783,-0.797774018063127,-0.013437456020605767,0.9782026362421086,-0.8917505758530885,-0.5095682788458669,0.7328787482019263,-1.3009254024981374,-0.8932629929013431,-0.07874992288317216,0.05977612737849499,-0.3099146500373617,-1.1288429157007995,0.5434548417303219,-0.46220648142851123,0.16504784220040786,-0.05977612737849499,0.07874992288317145,-0.6481676444393714,-0.10937746679115769,1.4008711538888534,1.6356928031179738,0.9053781960371756,0.3845801819166189,1.166352774922097,1.3416409041622488,0.8219023601333442,-0.08200549336504998,-0.8623145398892288,1.0360852794862145,1.1952481229760152,0.9053654723749538,0.7600658542737248,0.03983423407198747,0.06938110143228039,1.1520527538291696,1
-0.7918040390580765,1.1348151154916164,-0.15484123025532542,-1.6014324776621007,1,0,0,1,0,0,-0.09173575851659908,-0.23440356392491132,0.2267599969270068,-0.36373433718736903,0.22904610632659406,0.1008288572433882,0.3394968367990162,-0.08369548882561718,-0.6291277641928551,0.788081715613925,1.000596348373918,0.22412072843410932,-1.4755342160019425,-0.3711449549878928,-0.9875717587985595,-0.16622160673265782,-0.4382546165379285,-0.32117428530018516,-0.3224700655433951,0.625495827724652,-0.8429222817946533,-0.8744530233516163,0.6930020451408152,-1.499213330762585,-1.6143884361510246,-0.625495827724652,0.32247006554339436,-0.3696425082138195,-0.9349191994684248,-0.07294156848803632,-0.1473362651452761,-0.3064697006802721,0.1010352376589052,-0.46483142063624716,-0.3747723420151606,-0.17027518936292965,-0.9701972441467586,-1.0899443568808573,-1.235595606672119,-0.7496925819971905,-1.2269469530221315,-1.7460653275534903,0.28677986593896093,0.6817421706862145,-1.3841377820692236,1
0.3647077670176212,0.18140777454752677,1.4383931084795292,1.7718540298733036,1,0,0,0,1,0,0.21111872958258027,-0.3629088932419264,-0.016310450003180245,-0.28503798431391375,-0.16216779661555103,-0.05881893490829519,-1.0211436195081325,0.6598569582709569,-0.2539544652457531,-0.4431816387302211,-0.04633531749692629,-0.3026791907215575,0.06838288311351925,0.28264730620156686,0.9036659373328644,0.9562504980059723,0.2974092147629991,0.6756350619310404,0.05260013630273529,-0.4649864905896614,1.7023429183428678,-4.0168512727730506e-4,1.308103791565427,0.8936156885675155,0.7198643183440808,0.4649864905896614,-0.052600136302735995,0.32667033235006016,0.9413120111617277,0.2454747604205509,0.7183372679970265,0.8200367948598906,-0.30852968182446,-0.46483142063624716,-0.5408768497097485,0.5118468759157585,2.3882778134965768,0.5793409677244183,1.775065808718443,2.336280003226962,2.682292493539192,-0.2550758902638815,0.12214944469431245,-0.09762646290970158,1.8943524228726025,1
0.4932090788038099,1.4440283071491598,-2.0377545396692445,-1.8947617391869185,1,0,0,1,0,0,0.6149247137148194,-0.4902512784022264,0.43145089960505906,-0.411762258426316,-0.09675199500512321,-0.05881893490829519,-0.3308457580108769,0.6037672515067917,0.8322146933187129,-0.9826155350726253,-1.1433768030062554,-0.6626179545132819,0.888229652011935,-1.4443269775715015,-0.21055989554089885,1.1228459891785976,-1.9794783656197088,-1.6175196038238973,-0.9237009575987005,0.012383503443245562,-0.9831054178109276,-1.039623781755102,-0.00931343285383553,-0.6353666680228134,-0.09274722659844967,-0.012383503443245562,0.9237009575986999,-1.3723329986258064,-0.25947596364157,-0.20030810005147043,0.3953247556304958,-0.4600842227993849,-1.0961545269847772,0.35076067714292497,0.954063719541543,-0.4803306735805153,-0.9979532363586869,-1.0899443568808573,-0.5878472415426337,-0.5033334260339178,-0.7023304039164997,-0.0647368131630805,-0.28942660841731066,-0.32030321536567735,-0.8274130302866491,0
-0.7918040390580765,0.5936920300909173,-0.15484123025532542,-0.13478617003801185,1,0,0,1,0,0,-0.09173575851659908,-0.23440356392491132,0.07324181991846762,-0.3191783138693098,0.12886171073581823,0.06639501972047611,-0.8092000300342821,-0.15041994972136463,0.47876872932900894,-1.4870786198866706,-0.7440722894700459,-0.19325004386687156,0.0350495714697655,-0.47283129781730115,-0.8491553046735622,-0.08059283246327031,-0.6452335585203588,-0.2816583917385989,-0.20147967785109497,-0.06374491962016399,0.6527648782976742,-0.6442090415939156,-0.7354809161225829,1.369144725568547,0.6923458187943358,0.06374491962016399,0.20147967785109425,-0.5089050763265954,-0.8598699510432187,-0.30947941282012914,-0.3023822710812103,-0.5283573437412127,0.038025250046078915,-0.46483142063624716,-0.4301405112466897,-0.4183195767369984,0.5563823275093027,-0.6346847228976005,-0.12256320461863823,-0.47740088330094144,0.05920974801103089,0.28421816152172197,-0.20711139779498602,-0.26463402725168356,0.038603250264021984,1
0.5703098658755232,2.6808810737793296,-0.4445202009343899,0.3052077222492148,1,0,0,0,1,0,0.3877838476404349,-0.40942665951052915,-0.08027635709007157,-0.2520549540654803,-0.31663335351017446,-0.12008433413737257,-0.03540186663525846,0.45101713307443647,-1.4338252193748067,-0.0096326850537654,-0.2112738795106291,-0.11031627790301488,-0.5296527877157104,0.32971627511024515,0.5012125323919907,-0.6551161549881291,-3.6555651512235396e-4,-0.13056333397511377,-0.007768161614413057,-0.14275387761029457,0.3786757744951035,-0.11693145727659025,1.3017585517126131,0.01265065647578341,0.14719670717018454,0.14275387761029457,0.007768161614412348,0.605195468575612,0.8662627627365218,1.0460643873907127,0.49868875958778525,0.47867119015075044,1.2667200084961745,-0.13859458152457876,-0.1532996650890431,0.6978801664463103,0.27882240539001907,-0.17942508891434333,-0.21379536872138252,0.4691369264526849,0.4484413812184362,-1.175048096251087,0.28677986593896093,0.23638866577426285,-0.023255055489598248,0
0.6988111776617119,0.18140777454752677,0.27967722576327125,1.7718540298733036,1,0,0,0,1,0,-0.23054406556205628,-0.19021168596973873,-0.016310450003180245,-0.28503798431391375,0.19833084053262517,0.07399729553722294,-0.6279829215369656,-0.15743037756711808,-0.49222786032731564,-0.2707231939417595,-0.33420962326750037,0.454675470581091,0.7093694891318462,0.9249770311339356,-0.16594909257702997,0.33360346583948436,0.6814786335689614,0.3883090320070137,1.2174476778394407,-0.5873266710771624,1.7974516900335415,0.04983397588319394,1.0081312853714577,1.0414721169758636,0.8135970700208726,0.5873266710771624,-1.2174476778394414,1.6357384726101538,0.491016520610491,2.1286799056799097,2.02330781795781,2.2879088951091933,0.9201650766256344,1.6557080335896,1.0648000580046022,1.938102103316653,2.4160338057085053,0.5793409677244183,1.6017246969232295,1.9861906763317847,2.4115226617427363,-0.033013633646279864,0.12214944469431245,-0.15329565102369538,1.770635811365363,0
0.3647077670176212,-0.7462318004251005,1.4383931084795292,1.0385308760612593,1,0,0,1,0,0,0.21111872958258027,-0.3629088932419264,0.16279408984011548,-0.35158269446426194,-0.03553377394988066,-0.0073917749714784145,-0.46599261378072093,1.0627078403828554,-0.6445695909173945,-0.10972884898146183,0.012620279932913262,0.21467662862675432,-0.11812104449170188,0.44703793623486504,0.7732682062462869,1.0906856910948113,0.511442221095179,0.8780749542786098,0.3422533759207262,-0.04664941409013511,1.0946491115785986,-0.6839567479389979,1.977182158216418,0.6553739474806511,0.8408623074275201,0.04664941409013511,-0.3422533759207269,0.5216379277079463,0.8662627627365218,0.36374368258659734,0.8992242749222835,1.0931292786272029,-0.34003467563087314,-0.30171300108041293,-0.4855086804782194,0.7598912632898273,0.77843026520473,-0.7864379342253526,-0.5969704579529088,0.4302381123532211,0.6853649840403343,-1.8412348661038906,-0.6186874509066087,-0.7099875321636356,-0.20882997275045564,1
-1.280109023845593,-0.978141694168258,-1.168717627632051,0.3052077222492148,0,1,0,1,0,0,0.097548296545388,-0.32976498477554694,-0.041896812837936774,-0.2607346988676996,-0.10686997712177275,-0.052111044481753875,-0.6481833307209149,0.5706985187081975,1.1828453401656864,-0.7079858709815212,-0.10634231865916023,-0.24035688958765447,-0.05297465919385909,-1.363059808530974,-0.12369420635835762,2.1386171321541942,-0.594365051972553,0.07272003842323778,0.13830413819877924,-0.4649864905896614,-0.46063860034113646,-0.9072157676828242,0.5321147648050398,0.36708102500136003,0.20924718618785454,0.4649864905896614,-0.13830413819877996,-1.2609229441355856,-0.03432821836595151,0.2727675886127153,1.3772827932247493,1.0248561576853752,-1.222174502210428,0.4323198869208419,0.40038202722625016,0.44983577907224165,-0.24854144663662048,-0.6346847228976005,0.9995924138451164,1.1563493088765513,1.2607508766078017,0.062155904904119784,1.0276167615398821,0.848749735028197,1.1520527538291696,0
1.0072143259485644,-0.2824120129387873,-1.6032360836506476,0.7452016145364414,1,0,0,1,0,0,-0.4198281206240434,0.028421815492694145,-0.3233468040202586,-0.08540385386286918,0.14745149687861508,0.08786026908540832,-0.6022784551325737,0.43966419187430317,-0.7393041188733337,0.2072998702628587,0.3151891407847496,0.6634483807170963,0.0200257873811491,-0.6927714725345006,-0.3517104659677734,-0.12513332877386543,-0.1592340327757864,-0.07795134288426812,0.3871222082195544,0.5209213695068188,0.14527376026582547,-0.9557887252260935,0.8849065697289259,-0.43794249200110424,-0.48586563404114824,-0.5209213695068188,-0.3871222082195551,-0.3974950218363748,0.11577027848446049,1.5828233418366175,1.2609982887727984,1.1272658390981163,1.2982250023025865,0.9216751455883455,0.7879592118469556,1.5040244254120325,-0.026493508941193386,-1.0140677512169813,-0.5696008087220858,-0.06248019957332482,-0.2284831982727022,-1.2702176348014877,-0.4540570296619595,-0.26463402725168356,-0.5799798072721716,0
-0.27779879191332196,1.7790092647781635,0.714195681781868,0.3052077222492148,1,0,0,1,0,0,-0.3062576875868511,-0.08845407225717024,-0.8478672421327675,5.9828950621954045,-2.4717225081872276,-4.691735256172833,-0.1815221472579736,-1.6466551988234872,0.45673179231431543,-1.1860882710172715,-1.2817196682263123,-0.6895707652044845,0.7450339112935344,0.1323846778347417,-0.9321066767208501,0.7342300880127469,-0.4740108593042221,-0.5385060139046236,-0.663442976312604,-0.28249761283093816,0.38468817475261136,1.3263219305663447,0.11346276887377554,1.1323076800938967,1.1405520312647421,0.28249761283093816,0.6634429763126033,-0.06326485836571254,-1.009968447893631,-0.6733837887156574,-0.22485926811324272,-0.3918111018575571,-1.222174502210428,-0.46483142063624716,-0.2086678343205727,-0.6043528672675491,0.0012624832707351544,0.6552175733882943,-1.1717330918001976,-0.944186652494511,-0.4992530300691578,-0.6992004034990842,-0.9479482933959068,-1.1553410370755877,-0.7036964187794109,1
0.7502117023761872,1.0059762856343069,0.27967722576327125,-1.6014324776621007,1,0,0,1,0,0,-0.5838743016777656,0.4709220671227777,-0.438485436776663,0.03090472648686983,0.31834895668121294,0.33828817834295094,-0.31472274988154275,0.7448766285986061,0.3297851773605885,-0.10609436047503175,-0.48500598250847216,0.38168353539210287,0.9553621296845668,-1.1182386307295507,0.6018449556413861,0.17178433753855077,-0.41566839101204145,-0.7164114609408885,0.6912331826893887,-0.16498583548630744,-0.6797012191096151,-0.4194514845800241,-0.27820069291287647,-0.26884302479362965,-0.06890482253525299,0.16498583548630744,-0.6912331826893894,-0.9266927806649233,1.0163612595869336,1.1552357001593716,1.0801112818475405,0.8371050750953478,0.19555021907814235,1.9003856629233515,1.6184817503198954,0.7598912632898273,-0.47058938433204756,-0.1035484832504671,1.0543317123067637,0.7284623537824456,0.5669031826293847,1.1724671879921262,0.4514102871836102,0.4033962301162448,1.0901944480755505,0
-0.894605088487027,0.15564000857606544,0.27967722576327125,-0.13478617003801185,1,0,0,1,0,0,-0.7353015457273552,1.1768291702488243,-0.822280879298011,4.469726218341835,-0.6569574689866768,-2.5492350539355355,0.5405837152451488,-0.15066016934610235,-0.6079511862904854,1.0850961230777545,0.6680678135548679,0.7801234485776677,-0.3933141464618622,0.5947908031313586,-0.8625689084474463,-0.2758825748815544,2.2388592217860652,1.6028449817663188,1.7015001487247745,-0.6235317921885499,-0.15738685303248143,-0.6573167864198157,0.553854256402528,0.7541196220433722,0.6963452793458239,0.6235317921885499,-1.7015001487247752,0.4659329004628361,-0.8598699510432187,-0.2548937564358004,-0.354064273059855,0.512807750621665,-0.024984737566746233,0.10608304780917345,-0.5962450189412776,0.2638024885416898,0.5286263352973745,0.12408133374116129,3.006700024105491,2.9456947574519,3.2069090426448246,1.5531453421937294,1.6038232358961542,1.3497724280541432,3.255235149452228,1
1.7782221966656961,-0.6689285025107157,0.27967722576327125,0.3052077222492148,1,0,0,1,0,0,-0.8236341047562825,6.0094436134782905,-0.5536240695330674,0.24269049966102146,2.080740265303444,4.4341260727890806,0.5615531627797642,1.8373726906747716,-0.761213210593926,0.5522400732606029,0.025564053614511778,-0.779794773019415,-0.22081835462992608,0.39367024875290807,1.3872611900540024,0.033805035205472914,0.7334285773221154,0.6763681233527936,-0.35307242775419667,-0.7133741297612556,-0.3875026684860557,-1.1321238736974162,1.0745747599117388,-0.018785488900140753,0.6271073063576506,0.7133741297612556,0.35307242775419595,0.02029268250195297,0.7161642658861095,-1.1373618679824566,-0.9484072958142716,-0.6478353053894121,-0.7495995951142377,-0.9541866793037505,-0.9284540343304539,-0.728375060954584,0.0012624832707351544,-0.7105613285614767,1.8662979728211873,2.271448646394522,2.1238297154590033,0.886958572340925,0.9453015509175579,0.6260729825722207,2.141785645887079,1
0.7502117023761872,-1.1069805240255675,0.27967722576327125,1.0385308760612593,1,0,0,1,0,0,-0.5838743016777656,0.4709220671227777,-0.7966945164632545,2.618047327201711,-0.923865887798175,-1.661110361461465,-0.897730989486752,0.9565457319057353,-0.2184093034871955,-0.9688141050715582,-1.9397577300419673,-0.035219409265609736,1.9722575147760693,-1.1296507487683303,0.5137756825764127,0.2986883339967227,-0.3346157198305637,-0.5795109744532763,1.0668996805638913,-1.106173187055868,0.11958307617609057,-0.7981998360966491,0.5987258048955628,0.9770061334117068,1.9560003766663128,1.106173187055868,-1.066899680563892,-0.8709877534198129,1.1664597564373458,1.7829707485791584,1.70029530559128,1.4515631635718003,0.5421051509486824,2.3081817118129377,1.784586258014483,1.1939689411944467,0.05677446769459199,-0.7864379342253526,-0.1681792866700104,0.15794641365697218,0.549980068142106,0.47455723862252236,-1.0302635040182315,-1.4893561657595522,0.22417816752487937,1
0.6988111776617119,2.0366869244927823,0.27967722576327125,2.505177183685348,1,0,0,1,0,0,-0.6469689866984278,0.5784944016189215,0.5593827137788417,-0.4632620775861506,1.306228588867645,0.802921388554713,-1.675814594542877,-0.6438209316176389,0.7231679997843179,-1.1874236096073802,-0.4761238533415672,-0.012985161922408853,0.5568308449734181,-0.8517019710591733,-1.1014929128962772,1.6723334621883177,-0.8324647922020892,-0.11297053315863383,0.328888191831712,-0.3438975164935092,1.479250413378113,-0.21978698605170555,0.6919389682984284,0.7786748524969505,0.5086905902698771,0.3438975164935085,-0.3288881918317127,-0.5646101035717058,-0.7097714541928067,1.6737994358104995,2.4755253352709525,1.8953384496936814,0.038025250046078915,1.4110304042558486,1.3416409041622488,1.814079909629618,2.2772538446488637,0.4275877563966659,2.112624815898597,2.2455161036615454,2.5299844631536863,0.5380035976561225,0.6983559190505837,0.5704037944582268,2.079927340133461,0
-0.4577006284139859,0.9802085196628456,1.7280720791585935,1.0385308760612593,1,0,0,1,0,0,-0.7605394197356201,2.607831955086716,0.17558727125749374,-0.3550545923851497,1.7019911914963965,2.2799988604791115,-0.13490805535324052,-0.3367087133231285,-0.5433556447286861,0.67658871026590806,0.5459172657636352,-0.893923469703071,-0.6603447170563557,1.2322851937262653,-0.407354488945409,-0.137772600162744,2.0278220860459926,1.6305795148181799,0.6006469349749696,-1.8149193121744094,1.4188777809926167,0.05406449134445012,0.6043371924413142,1.0967259707640875,0.8822243473516611,1.8149193121744094,-0.6006469349749702,0.8837206048011639,-0.5596729573423944,-0.646090960523493,-0.6124742829530796,0.15437386567706757,-0.2770246880180474,-0.9541866793037505,-1.2606630497196296,0.07776919801113909,1.6943780081983673,0.35171115073279,0.9083602497423721,1.1174504947770867,1.5653669373788135,0.030432725387320277,0.7806711296729086,-0.04195727479570725,0.8427612250610729,1
0.544609603518286,1.7790092647781635,-0.15484123025532542,0.3052077222492148,1,0,0,1,0,0,-0.4576849316364408,0.1295979571269051,-0.8478672421327675,5.9828950621954045,-2.2502305207026274,-4.5240379955093,-0.6618317438005982,-1.4253178116195129,0.14652527319549202,-0.9990365200809366,-1.0215395765866653,0.7308421579686677,1.6129799941869425,-0.4369037112293177,-0.9282934451974509,0.6321627305242608,-0.47769391017864565,-0.3229857171130362,1.2234273880116016,-0.21659885141806862,0.4837441101447665,1.02634943203546,0.4349576215516161,0.8759607819505976,1.0127187917571097,0.21659885141806862,-1.2234273880116022,-0.3417899945912644,-0.7848207026180125,0.381938901381374,0.6666552660183818,0.4274663494443799,-0.2770246880180474,2.063504082479186,1.4523772426253072,0.015758101167622184,0.08453045990652028,0.4275877563966659,-1.1534866589796486,-0.7885913960966542,-0.4315605721200442,-0.8895394805998851,-0.8656330827735822,-1.0440026608476,-0.8892713360402683,0
-0.9203053508442651,-0.6689285025107157,1.0038746524609323,0.3052077222492148,1,0,0,1,0,0,-0.4703038686405733,0.15401978441792155,-0.5536240695330674,0.24269049966102146,-0.1358736619607599,-0.06910436689565855,1.1964344532628444,0.2443651430773302,-1.1141579276159341,0.9713724014327985,0.4113529201983348,0.09366773965953001,-0.23814513876737622,1.3298568218248425,-0.9863263078618338,-0.34693582371746867,1.331008469237179,1.268762534980982,0.9041108648182726,-0.7689345227338477,-0.33489396456340903,-1.3234788707466503,1.1744541670897357,0.007543767412969901,0.7039207281551202,0.7689345227338477,-0.9041108648182734,1.357213336384602,-0.8598699510432187,0.2909628074074919,0.05939174276930372,0.59814915179895,0.7941451013999841,-0.13859458152457876,-0.5408768497097485,0.6978801664463103,0.05677446769459199,-0.9381911455531051,1.8389283235903642,2.3103474604939858,2.174599058920838,0.8235122133073248,0.6983559190505837,0.3477270420022505,1.9562107286262216,0
-0.7147032519863632,1.4182605411776974,1.4383931084795292,-0.8681093238500562,1,0,0,1,0,0,-0.44506599463230834,0.05109922654863798,0.2651395411791416,-0.37125678268262574,0.675513239126975,0.32621397557517656,1.0230809415153423,-1.0702932866747918,0.9554433332744733,-0.0775338965438555,0.5609142967815868,2.8333953331307384,0.31478977639585576,0.22760282423649283,-0.1398335485874244,-0.501252423220109,0.21177464001634974,-0.41507543361984556,0.8063022000563537,3.0647325923750905,-1.1952008935137282,1.3289289456495283,-1.8098333888641356,0.31473540006418144,-1.1344564301868931,-3.064732592375091,-0.8063022000563543,0.15955525061472892,-0.18442671521636386,-0.16391766246191838,-0.39282577454383927,-0.2894014204448148,-0.2140147004052217,0.5954383064766764,0.2342775195316623,-0.6663639641110671,-1.0257092285706153,1.717490052682561,0.9722227646142934,-0.23104172733766892,-0.093098282374475,1.0455744699249259,-0.6186874509066087,1.4054416161681371,2.3273605631479377,1
0.9815140635913272,-0.2824120129387873,-0.8790386569529866,0.7452016145364414,1,0,0,1,0,0,-0.5081606796529707,0.22088907342903796,-0.3233468040202586,-0.08540385386286918,0.3043920276972623,0.2358810511644201,-0.5576015254047835,-0.3395555428544871,0.532219294832573,-0.33235838089888337,-0.008668070353193245,-0.38593921034615114,-0.22567670020083938,-0.4400071808186273,-1.213386671964918,1.544511703156513,-0.6320150341156618,-0.10973793371532467,-0.8251557858999272,0.2920044097428146,0.3357085039739753,-0.7494934923763223,0.8245237040434299,-0.17770055843992938,-0.09586881753105446,-0.2920044097428146,0.8251557858999266,-0.3696425082138195,-1.0850176963188372,0.2545723698179399,1.0413497803635572,0.700558833211691,-0.844114576533476,-0.22015379130249568,0.17890935030013266,0.38782468222872474,-0.08200549336504998,-1.0140677512169813,-1.3268277707748632,-0.7756251247301669,-0.7869459763528921,-1.5240030709358887,-0.4540570296619595,-0.3759724034796717,-1.2604211705619852,0
1.0329145883058024,-1.1069805240255675,1.0038746524609323,1.0385308760612593,1,0,0,1,0,0,-0.40720918361991093,0.026095927179264008,-0.7966945164632545,2.618047327201711,-1.273166344571222,-2.0032127732150724,0.31798591030971346,0.9723628421728563,-1.3882934864207734,-0.0022296730295166805,-1.3169114670220048,-1.1577060225697493,0.9664099381383314,0.7023341387555109,0.6670709923514786,-1.3169584805630867,0.8552849175488163,-0.09770948470929362,-0.5252107151899512,-1.0580753433055055,0.25959684717279974,-0.6663414401959925,0.5744274380700896,0.8510980279769763,1.6166551099277984,1.0580753433055055,0.52521071518995055,0.29881781872750485,0.19081952690966666,-1.0372881646111858,-1.4652273156007207,-1.1257471519822078,-0.2770246880180474,-0.5463906304141645,-0.3747723420151606,-0.6663639641110671,0.3065783976019474,-0.5588081172337243,0.269735101023162,0.533968283285125,0.8715192434003977,0.6014499566897238,-0.7010026615289333,-1.1553410370755877,0.5334696962929761,0
0.7502117023761872,-0.5400896726534062,0.27967722576327125,1.7718540298733036,1,0,0,1,0,0,-0.5838743016777656,0.4709220671227777,-0.630383158037337,0.48861660239056914,-0.08065639712306966,-0.015441243483327998,-0.6719676162766752,0.8902337320214759,-0.5496112997094593,-0.13912262637064066,-0.9378615180816653,0.7395341677093548,1.519136593742038,-1.0619307176337824,0.5478112703661181,0.2413774880262086,-0.2446943340786786,-0.42365489270543655,1.116988546947158,-0.09917924017331377,-0.12668133277352148,-0.6730884305038788,0.9938981559004988,-0.05468902023620136,0.8056493611861324,0.09917924017331377,-1.1169885469471588,-0.7595776989295921,1.3165582532877582,2.064996639898192,1.9070233135058599,1.690519086868198,0.8886600828192224,2.2266225020350205,1.6738499195514247,1.5040244254120325,0.08453045990652028,-0.4070549059059717,0.9174834661526473,1.3508433793738719,1.243827762120523,0.5697267771729232,-0.7010026615289333,-0.8213259083916238,1.1520527538291696,1
1.0072143259485644,1.2121184134060021,-1.6032360836506476,-0.7214446930876474,1,0,0,1,0,0,-0.4198281206240434,0.028421815492694145,-0.1826218084290977,-0.20576298178697722,0.30058144016814087,0.1808763496667813,-1.4001094259215572,-1.6163366613872299,0.20894951709746415,-1.343051506771167,-0.16322761357738497,-0.12920379373390486,0.008940146920290371,-0.7055209173950348,-0.6910371817620716,-0.21481702482134052,0.018261387570569488,0.2302990645872038,0.25295560183580257,-0.42709685071602743,1.24193805142461,1.5262069144410977,-0.5015113827930412,1.8324836185083262,0.4370461043740761,0.42709685071602743,-0.2529556018358033,-0.5089050763265954,-0.40957446049198204,0.9823811216089964,0.705416767502365,0.683490552976235,1.140700033270523,0.02452383803125581,-0.09793149585751397,0.9459245538203791,1.1392581639597994,1.413983630027056,-0.013084607695344815,-0.2699405414371327,0.4484413812184362,-0.44541496736468245,-0.37174181903963527,-0.5986491559356475,-0.20882997275045564,1
-1.280109023845593,-1.3131226517972627,-0.15484123025532542,0.7452016145364414,0,1,0,0,1,0,-0.6848257977108253,0.8285273953126613,1.096696333308729,-0.5743628110545581,1.6643651133093567,1.0810752449086265,1.001494618740545,-0.22400608353994803,0.7591928128731823,2.9490779051116296,2.7765364419921394,1.533826607267736,-2.1194868238786304,1.1025145092092279,1.6830526133386086,0.48944473207916195,1.2279811517129096,0.8746123199113087,1.409374760955505,0.6941558255444424,-0.290983139371187,1.993500540604289,-0.5459972544378848,-2.7663689015834865,-2.7557446572229165,-0.6941558255444424,-1.4093747609555056,1.7750010407229295,2.5923954765162622,1.937630108334758,1.9587053154845036,2.509796538170134,0.6681251261743327,1.4110304042558486,0.7325910426154264,2.3101686843777554,-0.47058938433204756,1.33810702436318,-0.8980365994919648,-1.0090180093269512,-1.870025303538713,-0.857816301083085,0.6160407084282594,1.127095675598167,-1.6934293108373202,0
-1.6142124344896835,0.9802085196628456,1.0038746524609323,1.0385308760612593,1,0,0,1,0,0,-0.571255364673633,0.4453372956750462,0.17558727125749374,-0.3550545923851497,0.8773259456338688,0.616889227391967,-0.7641540064793735,0.9427968930571553,0.041947522788642826,-0.5861261875597744,-0.1964455280106569,-1.5205178588593957,-0.17016029670329982,0.4440002244892999,1.1311759944521014,0.5442639105051692,0.29000620698284907,0.4327943686408519,-0.6135009981005504,-1.4653421880752575,1.5062145403952252,-0.1608310442895212,0.4895890725438562,1.0793838562321025,0.6779282719122122,1.4653421880752575,0.6135009981005497,0.438080386840281,1.0914105080121401,0.09991301006234013,0.369483754641173,0.47867119015075044,-0.24551969421163483,-0.6279498401920818,-0.4301405112466897,0.20179139169817292,1.8886699536818656,0.19995793940503753,1.145563876409508,1.2600794798084554,1.7007518532770418,0.09387908442092041,0.8629863402952329,0.18071947766026855,1.0283361423219313,0
-0.4577006284139859,1.2378861793774645,1.7280720791585935,-1.161438585374874,1,0,0,1,0,0,-0.7605394197356201,2.607831955086716,0.764073616456894,-0.5269135394690924,1.9980433988310289,2.4128150909246298,1.6253866135070563,0.877796508781022,-0.6083767529051719,2.290176240581893,1.7019208337313314,1.6602959070425087,-0.9842975539958229,1.507009846250534,-0.24287252818605196,-0.01151872730726595,2.134078957250588,2.1049356663258996,1.2994551316290601,0.9756618166055823,-0.7543531705605986,-1.448107623258662,0.820096191881262,-0.9777641881139877,-0.15752045138255422,-0.9756618166055823,-1.2994551316290608,1.1343932274041606,-0.40957446049198204,-0.6097005229339397,-0.5220307794904515,0.2909201075607231,-0.024984737566746233,-1.0357458890816678,-1.5375038958772762,0.139780294854656,-0.8314172830871166,-1.4693273852002382,-0.7794347861583975,-0.2829068128036209,-0.6346379459673855,-0.667477223982284,-0.8656330827735822,-0.5429799678216537,-0.5799798072721716,1
-1.8969153204192981,-1.2100515879114147,0.27967722576327125,-0.4281154315628296,1,0,0,1,0,0,-0.29363875058271866,-0.11113148331311407,-0.5152445252809326,0.19581987772903708,-0.3176379735562909,-0.23680162755919154,-0.23877509922533835,0.301402429365492,-1.360869576428188,-0.14513829758627894,-0.8968276415676507,-0.060778580091512914,1.1757619288029393,-0.7870165390171041,-0.9805533891715041,0.27392499679059695,-0.3151896790445003,-0.5115053026580532,1.0614552385657117,-1.1356331163529634,-0.45435506474965703,-1.395981152961972,2.1356225049265785,-0.11646421385853485,0.6665344854203599,1.1356331163529634,-1.0614552385657123,-0.7038726716844818,-0.8598699510432187,0.2636699792153276,0.369483754641173,0.22264698661889537,-0.34003467563087314,1.7372672433675176,1.2309045656991897,-0.35630847989348147,-0.16527347000083534,-1.0899443568808573,1.4010139358971918,2.491875259624819,2.276137745844509,-0.4136917878478824,1.1099319721622063,0.5704037944582268,1.3376276710900281,1
2.317927706167689,-0.5400896726534062,-0.4445202009343899,-0.13478617003801185,1,0,0,1,0,0,-0.596493238681898,0.4796441482981407,-0.579210432367824,0.42496514050762735,0.08520574189551154,0.04045784340451634,0.8734637941880289,-1.3148423364909894,0.0665751249387246,1.1573015313780681,0.9570214919972454,1.0193093895545708,-0.613508076175527,1.0441730664970947,-1.2946821175115333,0.4314066100119901,1.271961929971104,0.8294485967185309,-0.007768161614413057,1.3979208031972914,-0.17124724335679375,0.5076782465659616,0.3425116122960616,-0.30218402957942814,-0.43437969502157703,-1.3979208031972914,0.007768161614412348,1.245803281894381,-1.0850176963188372,0.7276480584821255,0.8604627734383002,1.4003583228654286,-0.11949971898598452,-0.13859458152457876,-0.1532996650890431,1.4420133285685155,0.11228645211844858,0.9587239960437993,1.2459192569225261,1.2600794798084554,1.0407503882731821,0.28421816152172197,-0.04248097655033679,0.793080546914203,1.3994859768436472,0
-0.7661037767008384,-0.46278637473902035,1.7280720791585935,1.7718540298733036,1,0,0,1,0,0,-0.7479204827314877,2.0990438865238734,-0.7966945164632545,2.6498730581431817,-0.23279196385273812,-0.43356641340440355,-0.29753004242393555,1.910675716479295,0.9610289305763051,-0.7623256026873145,-1.1324212790355865,-0.9092028378398529,0.9590620201952913,0.9917477500861641,2.477652752118854,1.0784565127963384,0.8767772404800305,0.568421857129268,0.2430696413654208,-1.4811177417461807,1.4046654331535673,-0.14040424693402856,-0.23001395334684463,1.8992500111595998,2.0271564333204015,1.4811177417461807,-0.24306964136542153,1.2736557955169365,2.892592470217086,0.9459906840194431,1.428964795203394,1.7929287682809403,-0.6235796198885869,0.4323198869208419,0.34501385799472056,1.13195784435093,1.0282341951120857,-0.3311783002420958,-0.6334633235940058,-0.6459624110652865,0.0761328624983096,0.28421816152172197,-0.8656330827735822,-1.4336869776455579,0.038603250264021984,0
2.0352248202380734,-0.7719995663965628,-0.15484123025532542,1.7718540298733036,0,1,0,1,0,0,-0.81101516775215,4.910461385382551,-0.7711081536284979,2.0914761425337383,0.8133652694943978,2.160151218191573,-0.8093737810489323,-1.5684737894448728,-0.31194915886815516,0.08863380886431524,0.815503134683301,0.2650238894713016,-0.7432715585239293,-0.19032344551823227,-0.12358547148731482,0.6863662153610007,0.7716635817621363,1.4493007354137348,0.3041828515459608,0.05977612737849499,0.9352850006418562,2.028974287038083,1.1161768040637878,0.6454298408169414,0.35476606949107403,-0.05977612737849499,-0.30418285154596153,-0.3974950218363748,-0.40957446049198204,-0.9372144612399159,-0.4832692780064673,-0.1699234587966153,-0.5290646384693491,-1.1988643086375024,-1.4267675574142176,-0.4803306735805153,1.0837461795359422,2.2486262923296945,0.6164173246135901,1.143383037510063,1.3792126780187515,-0.857816301083085,0.03983423407198747,0.06938110143228039,0.7809029193074537,0
2.0352248202380734,0.7225308599482267,-0.15484123025532542,0.3052077222492148,0,1,0,1,0,0,-0.81101516775215,4.910461385382551,-0.6687627022894718,0.5783072986801688,1.3150646565363096,3.329560115885277,0.6577495663548734,0.48555688198134184,-0.5698137515770045,1.134424545420021,1.1844365479391663,0.4130882240764881,-1.1926383185275424,-0.1195113414861229,-0.34667963649308275,0.7831496304366011,0.5313874315034753,1.2552135058422813,0.6006469349749696,-0.032311248161723795,-1.0340311076699529,-1.0137381081179055,1.5659443392057868,-1.005619693051233,-0.31435384027395713,0.032311248161723795,-0.6006469349749702,-0.3139374809687093,-0.5596729573423944,-0.8280431484712572,-0.3411437725651945,-0.11871861809024475,-0.5290646384693491,-0.9541866793037505,-1.2606630497196296,-0.4803306735805153,-0.8314172830871166,-0.7105613285614767,1.182056742050605,1.9343255908658337,1.294597105582359,-0.1916295312302808,1.1922471827845313,1.2941032399401495,1.4613442825972665,1
2.343627968524927,-0.7719995663965628,-0.4445202009343899,1.7718540298733036,1,0,0,1,0,0,-0.5838743016777656,0.4796441482981407,-0.7711081536284979,2.0914761425337383,-0.7023739003135752,-1.247457118491417,0.018653915256760314,-2.2821491353710974,-0.7391792329139905,0.5353552004996668,0.15421452439199107,0.31422194400647546,0.14762150570340837,0.9115254719490674,-1.2281621957218098,0.3008031998259578,1.3508699369681914,0.814932110974761,0.5641420291796073,-0.13094794135889734,0.8848467881433137,1.901975382362176,1.3127609805193967,0.6162691678049722,0.5951361581869986,0.13094794135889734,-0.564142029179608,0.9672781456688292,-1.0850176963188372,0.33645085439443295,0.44700675760914055,1.0077878774499178,-0.30852968182446,0.10608304780917345,-0.1532996650890431,0.8219023601333442,0.77843026520473,1.717490052682561,-0.0951935553878152,0.585833368751077,0.8207498999385615,-1.175048096251087,-0.5363722402842841,-0.6543183440496418,0.10046155601764112,0
-1.074506924987691,0.8513696898055362,0.27967722576327125,1.478524768348486,0,1,0,1,0,0,-0.40720918361991093,0.035399480432984555,-0.6431763394547153,0.5001895954601949,-0.46758293208315554,-0.35933242601734633,-2.866749864700368,-0.41567431860643417,-0.9620580630830989,-1.0705765758356067,-0.9914814503727272,-0.751674440754531,0.47875567734923485,-0.13480183963294254,-0.455498665347798,0.16018607734243723,0.6329505423983446,0.9747984905556527,1.1393967240133565,-2.1552340839768487,3.8515930614554885,0.11421748373188677,1.4761371608132339,2.073902809171455,2.240675441141682,2.1552340839768487,-1.1393967240133573,-0.11896988561082296,-0.40957446049198204,0.06352257247278678,0.13691474573727128,0.39332978897346543,0.3530751881102058,-0.22015379130249568,-0.7069813574043363,0.2638024885416898,2.9711536499470723,-0.17942508891434333,-0.8250508682097696,-0.02358138547386016,0.8038267854512828,-1.3653871733518879,-0.8656330827735822,-1.6006945419875402,-0.5181215015185524,0
2.0352248202380734,0.0010334127472937634,-0.15484123025532542,-0.4281154315628296,0,1,0,1,0,0,-0.81101516775215,4.910461385382551,-0.08027635709007157,-0.23527411411452293,2.238511429869467,3.9583130451997497,0.16777021108852755,0.5394432132114676,-0.24444440094401262,0.3087197048267974,0.6037965931615147,1.4461357415161595,-0.08367299605158268,-0.18519334527574038,-0.37859303291281243,0.7733004809197785,0.5044704321679477,1.2489595437993632,0.6912331826893902,1.286800017252106,-0.41833157103125024,-1.1196689288013149,1.11125609153667,0.08316384077736383,0.43440076163905256,-1.286800017252106,-0.6912331826893908,-0.28608496734615396,-0.4846237089171882,-0.46413877257572894,-0.018131260198663828,0.18851042614798086,-0.24551969421163483,-0.709509049969999,-1.0391903727935126,-0.046252995675895824,-0.44283339212011924,-1.0899443568808573,-0.22291858513165644,0.36540675552078095,0.38074892326932136,-0.794369942049485,-1.1125787146405561,-0.7099875321636356,0.5334696962929761,1
-0.894605088487027,2.3459001161503257,0.27967722576327125,-0.4281154315628296,1,0,0,1,0,0,-0.7353015457273552,1.4152327223754133,-0.6047967952025805,0.4799368575883498,0.5918732820097946,0.7175075837900868,0.14082873028604634,0.2336537715580408,-0.45292081391805805,1.1274217598346055,1.2694445098868543,1.72349277204211,-0.7065895546848684,0.8832548598577736,-0.8643420681299943,-0.23367710609985254,2.6425112408737674,2.2329251473294702,2.2754391892299264,0.09388569754642515,0.6867120712811777,-1.1865760436673216,0.3843349696669194,1.0971948498601372,0.5296767676293653,-0.09388569754642515,-2.2754391892299273,0.605195468575612,-0.9349191994684248,-0.5915053041391644,-0.6124742829530796,0.3762615087380082,-0.024984737566746233,-0.709509049969999,-1.482135726645747,-0.046252995675895824,0.8061862574166584,-1.0140677512169813,0.534308376921121,0.6636309969500054,1.1084428462222957,-0.3502454288142823,-0.12479618717266176,-0.09762646290970158,1.0283361423219313,0
-1.2287084991311177,-0.46278637473902035,-0.4445202009343899,1.7718540298733036,1,0,0,1,0,0,-0.5207796166571032,0.238333235779764,-0.7966945164632545,2.6498730581431817,-1.0707561904610863,-1.8645830377332184,-1.8349321301391568,-0.07906384809777986,0.20977434621694624,-1.2516499275576667,-1.342330761572703,-1.3276005086101512,0.5780138921360324,-0.9108781686021235,-0.2649502066376763,0.1673242167452115,-0.009371427646460382,0.09005226984652279,-0.16027754582615011,-1.6517274332983856,1.6413790606419756,-0.1569036879399197,-0.11862385761777182,1.6816057551755905,1.8330142462417442,1.6517274332983856,0.16027754582614942,-0.7595776989295921,-0.03432821836595151,0.7367456678795146,0.7183372679970265,0.683490552976235,0.4475901695294441,-0.05703537174666111,0.012804842605544792,0.20179139169817292,1.2502821328075124,-0.3311783002420958,-0.5878472415426337,-0.5551985114998699,0.09305597698558829,0.1890486229713212,-0.20711139779498602,-0.8769950965056176,-0.08511336124321738,0
-1.074506924987691,1.4182605411776974,0.27967722576327125,1.7718540298733036,0,1,0,1,0,0,-0.40720918361991093,0.035399480432984555,-0.31055362260288033,-0.06978031321887439,0.14328956210353652,0.081152378658867,-0.7979693471830449,-0.716862634039353,0.4932478209245795,-0.06110750621415802,0.5405969801595694,0.7142723782756487,-0.4986455203381928,-0.06927113328942813,-0.6500538987547145,0.4414084610905661,0.6812394316408242,1.156432977164416,1.8079685643491117,-0.8189388764091825,1.0403809017997714,0.33270673697706116,-0.2307133609774011,0.7580576575950558,0.42622917031950053,0.8189388764091825,-1.8079685643491121,0.04814519612450831,-0.4846237089171882,0.5002078235474204,0.6666552660183818,0.9395147565080901,0.5421051509486824,0.2692014673650073,-0.4855086804782194,0.6358690696027934,1.3890620938671545,0.7310941790521709,1.145563876409508,0.8321925247143505,1.1253659607095745,0.886958572340925,0.9453015509175579,0.5704037944582268,1.3376276710900281,1
2.0352248202380734,3.2477719251514916,-0.15484123025532542,0.3052077222492148,0,1,0,0,1,0,-0.81101516775215,4.910461385382551,-0.041896812837936774,-0.25899874990725574,2.270114802206965,3.9766479456989625,-1.5876430229999443,-1.5955354792068155,1.375687710690094,-0.5014492052527731,1.0466500474260343,0.19282330195919564,-1.1331881435790436,-0.22105223720820147,-0.5183782624960377,0.7626207034313932,0.7635719877992467,1.539728795071774,0.872405678118227,-0.6022533438160685,1.9867834801583728,1.6706225541358197,-1.114250926236187,1.434570437845054,0.14254916214483956,0.6022533438160685,-0.8724056781182278,-0.3417899945912644,-0.6347222057676005,-0.5733100853443877,-0.12149526415595328,0.18851042614798086,-0.24551969421163483,-0.8726274695258333,-1.2606630497196296,-0.17027518936292965,1.916425945893794,1.6416134470186852,0.16025650409986858,-0.4514683405679659,0.10997909147286698,0.28421816152172197,0.6160407084282594,0.3477270420022505,0.10046155601764112,1
-0.6633027272718879,0.0010334127472937634,0.27967722576327125,-0.4281154315628296,1,0,0,1,0,0,-0.5333985536612357,0.24124059617155166,-0.08027635709007157,-0.23527411411452293,0.6027541439129072,0.36735570352463,0.06989394245043822,-0.08587585147942774,0.186719861951644,0.2883347078589287,0.6321566589789712,1.7856106415805721,0.053028357116500266,-0.2763669089913136,-1.306363565132601,1.2178232620827603,0.23832381913277564,0.9273306123843107,1.0460293195708634,1.3979208031972914,-0.3733317875167026,-1.1908190405178547,0.9685426255252061,-0.15320376906423017,0.0835232355799706,-1.3979208031972914,-1.046029319570864,0.10385022336961848,-0.9349191994684248,1.7192874827974407,2.2300358258723905,2.253772334638279,0.6996301199807459,0.5954383064766764,0.12354118106860354,1.876091006473136,-0.4150773999081907,-1.1658209625447336,-0.2867811000035777,0.2357440418559006,0.1607484349347019,-0.857816301083085,-1.0302635040182315,-0.5429799678216537,0.40975308478573785,0
0.72451144001895,1.0317440516057692,0.27967722576327125,1.0385308760612593,1,0,0,1,0,0,-0.6469689866984278,0.5784944016189215,-0.4128990739419065,0.028590127872944675,0.5464568506828977,0.42280759771737153,-1.26931510580563,-0.7765866533462896,1.7975235949705868,-1.3325630438246294,-0.6731793989643435,0.1624194808198701,0.8290773790568522,-1.0425392358011467,-1.1120101617440177,1.492288395647802,-0.7704902301938761,-0.34892775816591814,0.004530982273632039,0.21702702713573208,0.7233206326309705,-0.048097815413502165,-0.9576690498398843,1.036201779322029,0.5345061456927167,-0.21702702713573208,-0.004530982273632748,-0.8709877534198129,-0.8598699510432187,0.9368930746220554,1.6615338041072958,1.195538960039945,-0.5290646384693491,1.166352774922097,1.2862727349307197,1.2559800380379649,0.44535835866158957,-0.2553016945782196,-0.642586540004281,-0.996051737960463,-0.5838686025055501,0.15732544345452057,-0.6186874509066087,-0.5986491559356475,-0.20882997275045564,1
0.9558138012340891,0.8771374557769975,1.0038746524609323,-0.8681093238500562,1,0,0,1,0,0,0.48873534367349464,-0.42047462899932225,-0.68155588370685,0.6679979949697686,-1.3376646092725817,-0.8396173805577049,0.004253700002133537,-1.0206925888617173,0.48387665880442354,0.01977905246703592,0.24742329255499876,-0.5060446249719106,-0.44530769999953584,-0.48773304003254775,-0.4100852313800697,0.6219968178121973,-0.107580486646144,-0.1463798833419276,-0.6862106428504532,-0.009609152108407288,-0.4932519802169134,0.9901182281399254,-0.03642878579284891,-0.13339519285132315,-0.4645738636668695,0.009609152108406583,0.6862106428504524,-0.48105256270404034,-0.40957446049198204,-0.09113678728281299,0.24027874969456073,0.18851042614798086,-0.6865896075014126,-0.38327221085833024,-0.09793149585751397,0.20179139169817292,-0.10976148557697851,1.793366658346437,1.9301604876931084,1.6101688067036326,1.446905135967865,0.9504049313745251,1.0276167615398821,1.127095675598167,1.3376276710900281,1
-0.35489957898503444,1.4955638390920825,-2.327433510348309,-0.4281154315628296,0,1,0,0,1,0,-0.19268725454965888,-0.2053299600070346,-0.4001058925245282,0.01470253618939375,-0.24058231699259588,-0.1692755305986756,-0.4899705642744913,-0.8150601757226501,1.3661287566063967,-1.3195351964406206,0.2699120492764424,-0.17941732211758857,-0.030282096478349736,-1.3206565489473194,-1.476487233881229,1.5657482081359795,-1.5373750119551166,-0.11621788584483961,0.02438743144227863,-0.26889098598050765,-0.6382684660570292,-0.3604168282531259,-0.29411782687009397,0.25817217585461927,-0.46436302881386193,0.26889098598050765,-0.02438743144227934,-1.2052179168904753,-1.3101654415944555,0.4456221671630917,1.2351572877834756,0.4445346296798359,0.038025250046078915,0.6769975162545934,0.7325910426154264,0.5118468759157585,-0.5538573609678327,-0.2553016945782196,0.29710475025398503,0.09311505682453199,0.19459466390925928,-0.1916295312302808,0.4514102871836102,0.3477270420022505,-0.2706882785040748,0
-0.7918040390580765,2.3459001161503257,-0.15484123025532542,-0.4281154315628296,1,0,0,1,0,0,-0.14221150653312897,-0.2152149853391127,-0.6047967952025805,0.4799368575883498,-0.6772137489839177,-0.5364207332780372,-0.8821514460482034,0.27013263588253683,-0.37945143918345386,-1.1751391934056503,-0.5843987291736273,0.09135858418957322,0.35835052833628844,-0.529963179737268,-0.6313060510868607,-0.2927976579574693,-0.6452335585203588,-0.37337034149844295,-0.1227108960387,0.24630538521990228,0.6971200948493967,-1.0031940635976495,0.22448942011347334,0.9477346850463236,0.3952235015844327,-0.24630538521990228,0.1227108960386993,-0.5367575899491508,-0.6347222057676005,-0.18211288125669506,-0.3023822710812103,-0.5283573437412127,0.2270552128845555,-0.13859458152457876,-0.09793149585751397,-0.35630847989348147,0.6396503041450882,-0.9381911455531051,0.0051618251252043045,0.11904759955750843,0.49921072468027106,-0.5405845059150832,-0.28942660841731066,-0.2089648391376897,0.40975308478573785,0
0.44180855408933456,2.01091915852132,-2.327433510348309,-0.13478617003801185,1,0,0,1,0,0,-0.7226826087232228,1.0930971909653393,-0.1442422641769629,-0.21444272658919655,1.192114343301439,1.0063940648264664,-0.5592259999258709,0.1466236979253889,0.431719481391712,-0.8565138577973196,-0.715564692383857,-0.7133125942078782,-0.5048771785094718,-1.6429215120794427,-0.22922681586958188,0.6027842060916592,-1.3627245159340655,-1.1464696241851546,-0.8293216896597884,-0.15036214763897582,-0.8639704509489405,-0.43088001894482014,0.015565001084184184,-0.1941593388017282,-0.18903530024045775,0.15036214763897582,0.8293216896597884,-1.5394480803611372,-0.18442671521636386,0.10901061945972781,0.4082452561251572,-0.18699173903207253,-0.5290646384693491,0.2692014673650073,0.7879592118469556,-0.10826409251941274,-0.7759052986632599,-0.3311783002420958,0.269735101023162,0.2357440418559006,0.1438253204474232,0.12560226393772106,1.1099319721622063,1.127095675598167,-0.5799798072721716,1
-0.4577006284139859,2.0366869244927823,1.7280720791585935,2.505177183685348,1,0,0,1,0,0,-0.7731583567397526,2.660164442138894,0.23955317834438508,-0.3591051399595187,1.8614388860216444,2.323376551904079,0.06248441560733024,-0.28169496872901106,-0.19589585824198655,0.19933903142719328,0.7524975976193021,1.2413747300961742,-0.06882713063554274,1.6319088965761204,-0.07002641852336997,0.1352582254657698,1.5401236577101096,1.8287620390761954,1.57487639152627,0.13114384342216406,1.5436980403215395,0.31648425617689535,0.40371767310645673,1.2578660841279616,0.8071464603077294,-0.13114384342216406,-1.5748763915262707,1.245803281894381,-0.25947596364157,-0.600602913536552,-0.44450777652248397,0.15437386567706757,0.006520256239666901,-0.30171300108041293,-0.9284540343304539,-0.046252995675895824,2.221741860225006,0.9587239960437993,1.811558674359541,1.791696605834465,2.326907089306344,0.6014499566897238,-0.04248097655033679,0.013711913318286572,2.141785645887079,1
-0.5091011531284612,0.18140777454752677,1.4383931084795292,-0.8681093238500562,1,0,0,1,0,0,-0.7100636717190902,0.9709880545102572,0.3035190854312764,-0.36547028614781285,1.4423566274401152,1.0292008922767069,1.151441355045924,0.4459851735370426,0.2308643217365137,1.7633664683561563,2.131782762189378,1.654934848880453,-1.8313758677358505,1.1548844508897385,-0.9236490923280878,0.6092777891708736,1.9306276470347632,2.623748038890106,2.110417730215288,0.1640471410786609,-0.44716029764112786,-1.5374200313820239,0.2966661577763651,-0.4678170093204479,-0.2098427081064642,-0.1640471410786609,-2.1104177302152882,1.6357384726101538,-0.5596729573423944,1.4281639820810177,1.584010801139329,2.4756599776992205,1.550264952753888,-0.6279498401920818,-1.3713993881826885,2.3101686843777554,-0.47058938433204756,-1.4693273852002382,-0.23204180154193166,-0.0495139282068366,-0.2284831982727022,-0.28679906978068154,0.28677986593896093,0.4033962301162448,-0.1469716669968365,0
-1.074506924987691,-1.1069805240255675,0.27967722576327125,1.0385308760612593,0,1,0,1,0,0,-0.40720918361991093,0.035399480432984555,-0.7839013350458762,2.618047327201711,-1.1531482284226375,-1.9960576900934281,-0.15894177486334565,0.07616168627212261,-0.3812227193792058,-0.12637404546377673,-0.809826425529278,0.07734176819010682,0.6247248295563387,0.04237377381433661,-0.7278933476244752,0.2787918988927395,0.8208950681550402,0.9687824662714256,1.9551944203296423,-1.8336530737800742,0.263351782539614,-0.8337218812202342,0.8013032002270435,0.984708680031719,1.9986415353256497,1.8336530737800742,-1.955194420329643,0.24311279148239442,-0.4846237089171882,0.8277217618533966,0.8604627734383002,1.195538960039945,0.6366201323679207,0.5138790966987595,-0.319404172783631,0.7598912632898273,0.41760236644966076,-0.6346847228976005,0.6529101902546883,1.0007540524786946,1.396135792506029,0.9504049313745251,-0.4540570296619595,-1.1553410370755877,0.9664778365683122,1
3.2431371510282476,0.5421564981479937,0.27967722576327125,-0.13478617003801185,0,1,0,1,0,0,-0.028641073495936725,-0.2628956957644305,-0.4768649810287978,0.13158976619261406,-0.5100671663237657,-0.3038805318246047,1.8213980046849312,1.8218201196885653,-1.274250723454826,1.4904507748738098,0.6480453515639024,-0.13594446537727178,-1.0612166496280337,2.0702139006450153,1.5600384108804985,-1.2145900956679176,1.418991098793157,0.22435304801279998,0.74955583532744,-0.9288123882264122,-0.4641649263197264,-0.9376930549866045,0.5213975150907054,-0.6064555575717588,-0.6234536110725263,0.9288123882264122,-0.7495558353274407,2.0256736633259265,1.5417059985633763,0.1908891040362222,-0.4832692780064673,0.06903246449978255,0.5106001571422693,0.5138790966987595,0.17890935030013266,0.07776919801113909,-0.3595654154843339,-0.7864379342253526,0.4339529964081015,0.6506647255835172,0.34690269429476517,-0.3502454288142823,2.0153992890077768,1.5724491805101195,0.038603250264021984,1
0.9044132765196139,0.0010334127472937634,0.5693561964423357,-0.4281154315628296,0,1,0,1,0,0,0.1480240445619179,-0.3425573704994127,-0.08027635709007157,-0.23527411411452293,-0.17312751669572535,-0.08162576235853568,0.026527654836966612,0.9658833350036805,0.17223451816729188,-0.41409774385141596,-0.2580394290579805,0.03231512523536481,0.28189122696724916,-0.46136722309019756,0.3199601169268501,0.8426084134770433,-0.7993463878663802,-0.5207401135331471,-1.0001237438140784,1.0359845289758263,-0.4978800429930766,-1.0051761683379241,0.6112898384736128,-0.23319885849302316,-0.17293747152070713,-1.0359845289758263,1.0001237438140778,-0.45320004908148526,0.26586877533487285,-0.07294156848803632,0.369483754641173,0.017827623793410803,-0.6865896075014126,-0.30171300108041293,0.17890935030013266,0.139780294854656,-0.47058938433204756,-0.9381911455531051,0.014285041535478216,0.3265079414213163,0.2115177783965368,-0.5405845059150832,-0.4540570296619595,0.013711913318286572,0.5953280020465953,0
0.5703098658755232,-0.6689285025107157,0.27967722576327125,0.3052077222492148,1,0,0,1,0,0,-0.1800683175455264,-0.20823732039882228,-0.5536240695330674,0.24269049966102146,-0.5202732181652703,-0.3477054159446747,-0.4639493629422498,0.6415896850739655,-1.378665957081933,-1.4272075762072494,-1.6555465683512878,-1.1066675034472404,1.4447327229487927,-0.8409732132299564,-0.4761318838059653,-0.5558430393825932,-1.7627266221596936,-1.497910266268043,-1.09419253839158,-0.4241556457943308,-0.1951576428233364,-1.3575804467032035,1.3261138996328214,0.18017581534387933,0.689873790413262,0.4241556457943308,1.0941925383915794,-0.8152827261747027,-0.4846237089171882,-0.1457224436671417,-0.40574627503850064,-1.040405750804923,0.19555021907814235,0.5138790966987595,1.2862727349307197,-0.046252995675895824,0.16779843654230542,-1.0140677512169813,1.6108479133335034,2.1936510181955944,2.1576759444335596,0.31594134103852145,0.36909507656128593,0.18071947766026855,1.8324941171189824,0
-1.6399126968469209,0.7225308599482267,-1.8929150543297122,0.3052077222492148,0,1,0,1,0,0,1.1953958159049132,-0.5902644758797223,-0.6687627022894718,0.5783072986801688,-1.5736248089959277,-0.9008827797867822,-0.18870957550842643,-0.5276739122414713,-0.30012017840472444,-1.00850847871345,-2.429980482111238,0.7307300161587367,4.763459578316522,-1.174668107818485,-2.1760875199969494,0.9891934466148943,-1.9794783656197088,-3.325153424596566,0.8432886699243073,0.16026515284228104,-0.911309274195231,-1.4557077026283372,1.4043183543604005,-0.6003869716374848,-0.08727149313542482,-0.16026515284228104,-0.843288669924308,-0.48105256270404034,-1.685411683720486,6.08613999354378,6.080344973281436,4.233692841951291,-0.24551969421163483,12.013727675385086,11.640120381226703,3.860446105465684,-0.7481493064513315,-1.2416975682086098,0.8171280856396278,1.4934723644052397,1.1084428462222957,-0.3819686083310823,0.7806711296729086,0.9600881112561845,1.275769365336409,0
1.2385166871637046,-1.3904259497116478,-0.4445202009343899,-0.4281154315628296,1,0,0,1,0,0,-0.356733435603381,-0.00530356505204284,-0.3233468040202586,-0.06804436425843052,0.05458267823874147,0.04850731191636592,-0.7305811901532376,-0.3575085627455538,-0.08560973316902408,-0.08906013181664846,0.3373645939708361,-0.22913985520950578,-0.918121224211283,-1.0374176952364789,-0.8615071575891469,-0.15056033424149912,-0.3179531305788733,0.1410305956802246,0.48604987461335547,-0.7945777810288902,-0.020684608334318753,-0.3723472362609128,-0.03426724274433011,-0.1949623891887377,-0.30090156761499853,0.7945777810288902,-0.4860498746133562,-0.9266927806649233,-0.7097714541928067,0.427426948368315,0.279040251178545,0.13730558544161034,0.8256500952063961,0.9216751455883455,0.7325910426154264,0.44983577907224165,0.25106641317809053,-0.02767187758659086,1.145563876409508,0.9488889670127426,0.8038267854512828,0.664896315723324,2.2623449208747504,1.9064643091940836,0.2860364732784985,0
1.0072143259485644,2.3459001161503257,-1.6032360836506476,-0.4281154315628296,1,0,0,1,0,0,-0.44506599463230834,0.10692054607096127,-0.6047967952025805,0.4799368575883498,-0.2997931865409147,-0.28867598019111107,-1.1208514904508033,0.46591940748539296,-0.5498362660429825,-0.5760581078499701,-0.11046859518069654,0.248822528767232,-0.1114900358632067,-0.7998009754383979,-0.5549966299127365,-0.23801667650424907,0.017092777010058176,0.12829230784227336,0.3210111268130686,0.020989325180847843,0.7594195711317538,-1.1954724490363464,0.512460789658712,0.7951662446259948,0.2688670525773272,-0.020989325180847843,-0.32101112681306926,-0.6481676444393714,-0.3345252120667762,0.7185504490847379,0.47284775859846334,0.4616029099152932,0.8571550890128092,0.10608304780917345,-0.04256332662598434,0.6358690696027934,0.7506742729928018,-1.0899443568808573,0.16025650409986858,0.4043055696202447,0.7192112130148905,-0.7309235830158842,-0.04248097655033679,-0.04195727479570725,0.2860364732784985,0
-0.7918040390580765,2.397435648093248,-0.15484123025532542,-0.4281154315628296,1,0,0,1,0,0,-0.14221150653312897,-0.2152149853391127,-0.10586271992482811,-0.22890896792622875,0.0349138834723301,0.01139031822283728,-0.1407515946239347,0.498657905721724,0.4824566428868602,-0.9431780324302332,-0.7509992093601043,0.641580228363496,1.0326790174949283,-0.4975689081662472,-0.37967158751403496,-0.4829311812022413,-0.8044557563364788,-0.6228512956456799,-0.2611143426240418,1.1340089365774726,-0.3014464717658093,-1.0647702866303066,-1.1448336566222321,0.47648811564977317,0.36824269104900065,-1.1340089365774726,0.2611143426240411,-0.5089050763265954,-0.40957446049198204,-0.19121049065408274,-0.40574627503850064,-0.6819718658603261,0.25856020669096863,0.18764225758709038,0.34501385799472056,-0.35630847989348147,-0.5538573609678327,-1.2416975682086098,-1.2538420394926681,-1.553601406719449,-1.311562525458524,-0.0012904541294803558,-1.4418395571298541,-1.211010225189582,-1.0129879475475077,1
-0.7147032519863632,1.1348151154916164,1.4383931084795292,-1.6014324776621007,1,0,0,1,0,0,-0.4198281206240434,0.06563602850757634,0.29072590401389814,-0.36373433718736903,0.6491508839205281,0.3315802879164096,1.0981589787941475,-0.10628395347316288,-0.4535504459535784,1.9551051870399425,1.6096743399268278,1.035890309344198,-1.4365836173989823,0.29993256607843555,-0.044254605339904364,-0.36558864076408804,0.51985838187808,-0.2637689292023047,0.4407888507730546,0.9756618166055823,-1.2273277061388566,0.10154476951374765,0.2526373269146235,-2.125738302235258,-2.3501744981685055,-0.9756618166055823,-0.4407888507730553,0.2152602778598393,-0.10937746679115769,-0.20030810005147043,-0.354064273059855,-0.135786898325702,-0.43454965705011084,0.10608304780917345,-0.09793149585751397,-0.5423417704240322,-1.2477571662660425,-0.2553016945782196,-1.0166384128255321,-0.7496925819971905,-1.4469474413567518,-1.5240030709358887,0.4514102871836102,1.127095675598167,-1.2604211705619852,0
-0.27779879191332196,-0.8235350983394863,0.714195681781868,1.478524768348486,1,0,0,1,0,0,-0.43244705762817587,0.08017283046651469,-0.23379453409861076,-0.191296740449945,0.26918164821187,0.2094966821533576,-0.4764284447207402,-2.100698895748781,0.5269990625735794,-0.8756269601134437,0.02083588723702244,-0.2208072588358532,0.25468091585191854,0.46434527921392227,-1.049466758832898,0.7300477562665162,0.033376694656496744,0.20278441905208447,0.08301123374971872,-0.3834842964864804,1.126453681715459,1.8319423999122642,0.013202216399447774,1.2160112914549623,0.17089184255396506,0.3834842964864804,-0.08301123374971872,0.02029268250195297,-1.2351161931692491,-1.3193140559302208,-0.806281790372998,-0.7502449868021539,-1.348194477436079,-0.30171300108041293,-0.3747723420151606,-1.2244638357027204,0.8339422496285867,1.413983630027056,-0.5239847266707137,-0.4385020692014777,0.04228663352375219,-1.0798785577006862,-0.12479618717266176,-0.32030321536567735,-0.5181215015185524,1
1.5983203601650333,0.18140777454752677,0.27967722576327125,-0.8681093238500562,0,1,0,1,0,0,-0.25578193957032125,-0.13962361515263325,0.3035190854312764,-0.36547028614781285,0.4377886218633586,0.17506284463044547,-0.33306414062017364,0.9390418201343931,0.3668387196248952,-0.37724991062336205,-0.2809758992249241,-0.11538707607104726,0.4151152478090848,-1.0692197346954286,-0.26320683652168686,0.6390515869140198,-0.9640814692957091,-0.6692533028670644,-0.13124877099039398,-0.027203276549727037,-0.6052179654633335,-1.5525391988541777,0.14070439605140742,-0.44632639078700065,-0.2881131606056662,0.027203276549727737,0.13124877099039328,-0.9823978079100336,-0.18442671521636386,0.21818193222838655,0.5245297605771081,0.08610074473523979,-0.34003467563087314,0.8401159358104279,1.009431888773073,0.139780294854656,-0.49834537654397587,-1.3934507795363622,0.4339529964081015,0.4432043837197094,0.22844089288381547,0.2207718024881207,0.5337254978059351,0.5704037944582268,0.34789477903211874,0
0.33900750466038404,-1.2873548858258006,-0.15484123025532542,-1.161438585374874,1,0,0,0,1,0,0.1858808555743153,-0.3506979795964182,0.09882818275322415,-0.32554346005760393,-0.061961671761790287,-0.018124399653944526,0.6422084437784494,0.4870828280140577,-2.15972070248564,-0.0952596407194012,-0.7927722727401851,0.24399125877320296,0.8885047116918862,-0.42674584873249766,0.6504938406658541,-1.0652416926119723,-0.6540144354463365,-0.979992975984488,0.5226171968447283,-0.18555039652161812,-1.3194058980213679,-0.016886017886476753,1.881945381811861,-0.5198198898631976,0.07387038045606553,0.18555039652161812,-0.522617196844729,-0.3139374809687093,0.7912135143113154,0.47291499535525605,-0.18609776662925942,-0.42594766232847037,0.8256500952063961,1.9003856629233515,1.7292180887829538,0.2638024885416898,-1.2200011740541141,0.04820472807728505,0.20587258615124074,1.1693155802430386,0.854596128913119,-1.0798785577006862,0.6160407084282594,0.5704037944582268,0.34789477903211874,0
-1.2030082367738797,-1.0812127580541053,-0.4445202009343899,0.3052077222492148,1,0,0,0,1,0,-0.4955417426488382,0.1941413578245914,-0.42569225535928473,0.037848522328645294,0.14044848234834603,0.12005814313280666,-0.394167363617394,-0.2574786974496667,1.297321385296338,-0.6935538603721796,-0.22574858969050524,-0.5416347085422097,0.1438273153071795,-0.4485947935696906,-1.154459298659596,2.003750496225934,-0.0400050952676637,0.7465830426651281,1.3724417655018215,-2.09989617528627,0.09986868210388608,-0.8031143895303586,0.2400942135221098,0.8972781533346663,1.0223772534167221,2.09989617528627,-1.3724417655018222,-0.11896988561082296,-0.7848207026180125,1.5919209512340051,2.6047303402175648,2.4585916974637634,-0.18250970659880966,0.9216751455883455,0.2896456887631914,1.4420133285685155,0.3898463742377325,-0.482931511569848,1.182056742050605,1.143383037510063,1.4976744794297,0.9504049313745251,0.7806711296729086,-0.15329565102369538,0.904619530814692,0
-1.8712150580620608,0.9802085196628456,0.27967722576327125,1.0385308760612593,1,0,0,1,0,0,-0.2810198135785862,-0.11113148331311407,0.08603500133584588,-0.31107721872057176,0.33092216319975803,0.15493917335082152,-1.524899655158989,-0.6268665326413307,-0.06855552778855999,-1.0665898283956792,-0.7501904471905766,-0.20803286243408003,1.1539784717078083,-0.7038589907451861,-0.8675708066564239,0.20806475495593482,-0.23785909360767243,-0.22887604442014767,1.3201899707974567,-1.5930803518273147,1.4171224804368991,-0.008719399850519796,0.3028027161529789,1.205037041951404,0.7518314123798596,1.5930803518273147,-1.3201899707974574,-0.5924626171942612,-0.7097714541928067,0.4547197765604794,0.49868875958778525,0.3762615087380082,0.06953024385249205,1.6557080335896,1.009431888773073,-0.23228628620644656,1.7776459848341521,0.35171115073279,1.1090710107684099,1.1174504947770867,1.6161362808406496,0.2524949820049213,0.8629863402952329,0.1250502895462747,1.0901944480755505,1
2.0095245578808356,0.9802085196628456,-0.15484123025532542,1.0385308760612593,1,0,0,1,0,0,-0.21792512855792381,-0.19195610220481132,0.08603500133584588,-0.31107721872057176,0.26007135552051386,0.09277938873153863,-1.3905169635784735,-0.22723436902435581,-0.12115585167826719,-0.9732297494664557,-0.5515191258366222,-1.0703773486514843,1.0029292175054556,-0.5097123266541297,-0.36160874660437814,0.1357532115889211,-0.12549655992947903,0.033299566346497105,-0.09305301462755473,-1.3675781934948876,1.4242491357561913,-0.05036540138770972,0.3020429936462984,1.1903303633928584,0.7495124200716088,1.3675781934948876,0.09305301462755473,-0.48105256270404034,-0.3345252120667762,0.018034525485845748,0.08523274375862654,0.03489590402886805,0.006520256239666901,0.2692014673650073,0.34501385799472056,-0.728375060954584,1.9441819381057224,0.4275877563966659,1.4831228835896608,1.4416072789392878,1.93767545609894,0.506280418139323,0.6983559190505837,0.06938110143228039,1.4613442825972665,0
1.135715637734753,1.4955638390920825,-1.6032360836506476,-0.4281154315628296,1,0,0,0,1,0,0.33730809962390496,-0.3681421419471442,-0.4128990739419065,0.04074177059605174,-0.6546022709199205,-0.31461315650707083,-0.3995716459235859,0.17471438373974774,0.4501040275894794,-1.8628304135757796,-1.1903471928735008,-1.5320942047717678,0.7761926620840784,-1.3040893504522353,0.06060949756610695,0.36242976388463394,-1.7961500211973909,-1.7958484696093444,-1.1334326641296226,-0.965469047129439,-0.7474166130466856,-0.17908371060177278,-0.25110032417812633,0.7355320942394343,-0.2057868478929876,0.965469047129439,1.133432664129622,-1.2887754577581405,-0.18442671521636386,-0.7097742263052108,-0.43158727602782254,-1.0745423112758372,-1.1276595207911904,0.10608304780917345,0.7879592118469556,-0.790386157798101,-0.7481493064513315,-0.2553016945782196,-0.2776578835933038,-0.3607044410025493,-0.0592520533999176,-0.6992004034990842,0.28677986593896093,-0.15329565102369538,-0.8274130302866491,0
-1.8712150580620608,-1.235819353882877,0.27967722576327125,-0.4281154315628296,1,0,0,1,0,0,-0.2810198135785862,-0.11113148331311407,-0.5408308881156891,0.23979725139361502,-0.3834331436580952,-0.2707882723870009,0.23961926091974833,0.3498006234577989,-0.19608027454754642,-0.140057221360989,-0.15183090537594784,1.536857062479609,1.0433028282957162,-0.683750596672517,-0.24633832805732242,0.07116607710512446,-0.24997771677276598,-0.1648596129278056,1.3219818704786768,0.7849642097577141,-1.0163919550961134,-0.726888662803437,0.3395633482949159,-0.058665354538327746,0.03643428834983744,-0.7849642097577141,-1.3219818704786774,-0.6203151308168162,-0.18442671521636386,0.16359627584405784,0.17567624722125458,0.06903246449978255,0.06953024385249205,1.247911984700014,0.6218547041523672,-0.4183195767369984,-0.9701972441467586,-0.7105613285614767,-0.12256320461863823,0.06718251409155555,0.04228663352375219,-0.3185222492974822,-0.7010026615289333,-0.4316415915936655,0.16231986177126023,1
0.9815140635913272,1.2636539453489257,1.0038746524609323,-0.4281154315628296,1,0,0,1,0,0,0.097548296545388,-0.3152281828166086,-0.3745195296897717,-0.0026569534150449087,-0.4500278341996779,-0.24037916912001359,1.8214591642343352,0.8256177039067844,-0.015884872227352468,1.2115062543300539,0.6132997221252408,0.8392025460692304,-0.7642123867968639,1.6243753615588508,0.05430598205514665,0.14701859063003747,1.2522575623291707,0.8550180709268117,1.1921218465220598,-0.037759751214519306,-0.9097265852615906,-1.078783668269942,0.16945465764551934,-0.3949496269468117,0.0374390547874084,0.037759751214519306,-1.1921218465220604,2.2206412586838127,0.5660657690356972,1.5646281230418408,1.4160442947087326,1.9636115706355104,0.7941451013999841,0.4323198869208419,-0.09793149585751397,1.6280466190990672,-0.859173275299045,-1.0140677512169813,-0.02220782410562002,0.06718251409155555,-0.093098282374475,0.15732544345452057,0.28677986593896093,0.29205785388825667,0.038603250264021984,1
0.3647077670176212,2.01091915852132,-0.15484123025532542,-0.13478617003801185,1,0,0,1,0,0,0.19849979257844777,-0.3443017867344853,-0.23379453409861076,-0.18840349218253855,-0.3502461929921195,-0.11918994874716707,0.13110544068982158,0.6726569442898862,-0.7267405830961691,-0.3541295165609793,-0.6151573409240326,0.9338632948171489,0.7980371470924088,-0.4418997676508173,0.5071212034644886,-0.8129004340357562,-0.6835490647918555,-0.8281035477794947,0.5226171968447283,0.7553527801229527,-0.6238463478300428,-0.41521987691386325,0.1765921826591791,-0.19938942138117066,-0.008747266003820963,-0.7553527801229527,-0.522617196844729,-0.2582324537235989,0.7912135143113154,0.8368193712507843,0.24027874969456073,-0.05044549714841698,1.0461850518512859,1.9003856629233515,1.7292180887829538,0.6978801664463103,-0.5538573609678327,-0.3311783002420958,0.21499580256151593,0.2746428559553643,0.17767154942198057,0.12560226393772106,-0.37174181903963527,-0.04195727479570725,-0.5181215015185524,0
1.495519310736081,0.3617821363477598,-0.4445202009343899,1.478524768348486,0,1,0,1,0,0,-0.3945902466157784,0.038306840824772224,0.17558727125749374,-0.33595915382026714,0.5410611060674344,0.2890969818816479,-0.7009350697147737,-0.5621553846670159,-0.5520404297236242,0.27168542892302905,-0.46488075995950096,0.7614093926846196,0.49355343765347087,-0.686980359758763,-0.33682480376993457,0.05482140406488071,0.7441177299735816,0.07126280622713628,1.0345842828972671,0.012383503443245562,0.28824459606157016,0.43415221326113324,0.8097479850252156,0.3708249165169466,0.673942016032144,-0.012383503443245562,-1.0345842828972678,-0.7038726716844818,-0.40957446049198204,-0.32767463161490584,-0.25070026910256554,0.0519641842643253,-0.7495995951142377,0.02452383803125581,-0.4301405112466897,-0.728375060954584,0.44535835866158957,0.6552175733882943,0.6620334066649622,1.0137203238451828,1.1253659607095745,0.062155904904119784,-0.28942660841731066,-0.32030321536567735,1.0283361423219313,1
-1.2287084991311177,0.15564000857606544,-0.4445202009343899,-0.13478617003801185,1,0,0,1,0,0,-0.5207796166571032,0.238333235779764,0.5977622580309765,-0.4713631727348887,0.9875188471846976,0.5475743596510401,-0.23727484298725446,-0.9565301984899393,0.4741574718567646,0.48748899850138167,0.8589638764345588,-0.49974180586945993,-1.265431340434509,-1.1695534418049105,-0.8100148734017567,0.5070086606501398,-0.13219599969899204,0.019815465364532363,-0.9140739284464625,0.22497917377587734,-0.8386675735397373,0.5014125977933398,-0.13869434017297494,-0.7896494771915162,-1.0973491627884884,-0.22497917377587734,0.9140739284464617,-1.1495128896453646,-0.8598699510432187,-0.46413877257572894,-0.1473362651452761,-0.18699173903207253,-0.655084613695,-0.7910682597479163,-0.4855086804782194,-0.23228628620644656,-0.8098292891445057,0.41072628847136017,-0.13776856530242937,-0.1878208227827085,-0.4785692234735956,-0.47008855143330586,0.8904247438360077,1.127095675598167,-0.2500688432528684,1
1.2642169495209417,2.397435648093248,-0.4445202009343899,-0.4281154315628296,1,0,0,1,0,0,-0.356733435603381,-0.00530356505204284,-0.06748317567269331,-0.22890896792622875,0.3109584378304393,0.1728268811549317,-0.39927614888906504,-0.007122486058172863,1.0103471362401037,-0.56052818044507835,-0.28738785748774665,0.3972233593888736,0.74269276321761,-1.0559562293930935,-0.8355356019940601,0.17020576684431657,-0.7839600517809371,-0.49855193672790193,-0.7471295343976714,1.282759261399553,-0.49989581796747123,-0.8272453884122883,-1.2101380009726832,-0.02012395807841329,-0.11312064112228558,-1.282759261399553,0.7471295343976706,-1.038102835155144,-0.8598699510432187,-0.3640650692044592,-0.22485926811324272,-0.5112890635057554,-0.30852968182446,-0.13859458152457876,0.2342775195316623,-0.35630847989348147,-0.6093693453916895,-0.9381911455531051,-0.7246954876967501,-1.1775795370912954,-1.1084851516111824,0.37938770007212164,-1.1948939252628807,-0.8213259083916238,-0.6418381130257917,1
0.9815140635913272,1.0317440516057692,1.0038746524609323,1.0385308760612593,1,0,0,1,0,0,0.097548296545388,-0.3152281828166086,-0.4001058925245282,0.028590127872944675,-0.48561905092881463,-0.2645275746555623,0.3063049868677086,0.16567048196449155,0.4836682592626325,0.4345314127190359,0.4479828467492412,0.7706179953220456,-0.3307737251574539,1.497744884274132,0.06033179610637316,0.04697989287998295,1.3741933467494887,0.9654675141148094,1.0187373090415193,0.040659774866796713,1.070604500447383,-0.16694886681690552,-0.6139804517738318,0.775602694379588,0.360191473362986,-0.040659774866796713,-1.01873730904152,1.9699686360808162,0.491016520610491,1.318992669312359,1.1447137843208466,1.7417239275745686,0.7626401075935709,0.18764225758709038,-0.26403600355210183,1.5040244254120325,0.5841383197212315,-0.482931511569848,-1.0531312784666302,-1.164613265724808,-0.8377153198147269,-0.44541496736468245,-0.7010026615289333,-0.7656567202776299,-0.8274130302866491,1
1.495519310736081,1.2378861793774645,-0.4445202009343899,0.5985369837740325,0,1,0,0,1,0,-0.3945902466157784,0.038306840824772224,1.058316789056594,-0.5679976648662639,0.9466823663887984,0.46842125261785245,0.06557277717256263,-0.9082378446522505,0.320069771241613,1.1259925946478984,0.9124553021027202,1.2652875957399716,-0.4805573499739998,-0.6277558267142876,-0.6757053843121227,0.11916579379137879,0.8641389413379945,0.3453738094415081,1.4252941555476124,0.312111980532898,-0.7184267683084621,0.5696781243458761,-0.3177959692330992,-0.6642779703970113,-0.8490462777502306,-0.31211198053289735,-1.4252941555476133,-0.7038726716844818,-0.7848207026180125,-0.6369933511261053,-0.4832692780064673,-0.135786898325702,-0.844114576533476,-0.05703537174666111,-0.6516131881728072,-1.0384305451721696,-0.7481493064513315,0.35171115073279,-0.44187577897824326,-0.5292659687668935,-0.7361766328910565,-0.3819686083310823,-0.12479618717266176,0.013711913318286572,-0.8274130302866491,1
0.31330724230314594,0.15564000857606544,0.714195681781868,-0.13478617003801185,1,0,0,1,0,0,0.6149247137148194,-0.4792033089134332,0.5977622580309765,-0.4713631727348887,-0.01704915839206521,-0.004261426105759132,0.36286290068104265,-0.5346500266346123,0.68225342213724,-0.2671584032190211,0.22297932368301998,0.009946205685022972,0.16644283408479535,-0.3419270674529827,-0.3364232112564794,0.6695635488005026,-1.3189774718943903,-0.8868475315192403,-0.2947266082233409,0.3058716999428703,-0.8462191934546577,0.39680255272596754,-0.2598164896045218,-0.9469617158814136,-1.1557180450780082,-0.3058716999428703,0.2947266082233402,-0.28608496734615396,-0.25947596364157,0.19998671343360988,0.5245297605771081,-0.06751377738387422,-0.30852968182446,1.0847935651441794,1.397009073393778,0.015758101167622184,-0.8314172830871166,0.27583454506891375,-0.24116501795220557,-0.3347718982695729,-0.6684841749419423,-0.3819686083310823,0.6983559190505837,0.9600881112561845,-0.332546584257695,0
1.7011214095939837,0.9802085196628456,-0.15484123025532542,1.0385308760612593,1,0,0,1,0,0,1.8894373511321991,-0.6641114298311291,0.08603500133584588,-0.31107721872057176,-0.7164552320489989,-0.27034107969189813,-0.9043024948284668,0.6064795676483301,0.13585901551725313,-0.8698146721077613,-0.795744820970139,-1.6106546241258954,0.17527731251644948,-0.016320205126017107,0.8412241105931001,0.18219839098791468,0.1708882865584174,-0.16623017174757096,-0.946287449071263,-1.2582244350408798,1.2411476755556685,0.010307607364278082,-0.0026320137190339707,1.3445134059572479,0.8722158309977257,1.2582244350408798,0.946287449071263,-0.23037994010104354,0.41596727218528484,-0.8371407578686448,-0.625394783447741,-0.5283573437412127,-1.0016395455655394,-1.1988643086375024,-0.983822203561983,-0.9764194483286528,1.4723300705029398,0.27583454506891375,0.8171280856396278,0.6895635396829819,1.243827762120523,0.41111087958892223,0.12214944469431245,-0.4316415915936655,0.9664778365683122,0
0.2876069799459088,2.01091915852132,-0.4445202009343899,-0.13478617003801185,1,0,0,1,0,0,0.4634974696652297,-0.41349696405903186,-0.23379453409861076,-0.18840349218253855,-0.5003397971462276,-0.17240587946439487,-0.5208076512844658,0.5473332222142424,-0.25409985673555013,-0.987601910887865,-1.0122544707477932,-0.44446390403413727,0.37653651142647365,-0.9071254500431166,0.5808806078878145,0.045458116296507985,-1.1806364681265835,-0.9734840155729887,-1.0228468552315015,0.40825130337297294,-0.18219334437496215,-0.1693185831807049,0.39304403946705535,0.16348755506873205,0.36556272019385716,-0.40825130337297294,1.0228468552315009,-0.8709877534198129,0.491016520610491,-0.10933200607758836,-0.06981326217730856,-0.5283573437412127,-0.18250970659880966,-0.13859458152457876,0.40038202722625016,0.015758101167622184,-0.1375174777889068,-0.1035484832504671,0.1876261533306929,0.36540675552078095,0.4145951522438788,-0.0012904541294803558,-0.4540570296619595,-0.32030321536567735,-0.45626319576493324,0
0.3647077670176212,0.18140777454752677,-0.15484123025532542,-0.4281154315628296,1,0,0,1,0,0,0.19849979257844777,-0.3443017867344853,2.8621553689069295,-0.7143960271970299,0.8224765174739536,0.2873082111012369,0.4049863161234912,0.1613338426014639,-1.5799513698256704,0.8094580565255016,0.5307030191864374,1.8264376312188089,0.7193320708293346,-0.40679187880680145,0.2789692014937647,-1.2598191334328235,-0.47030628728258767,-0.4728145605336459,1.1921218465220598,1.3087111581427058,-0.9696049832509848,0.05802945990310017,0.8938497186299686,-1.559873276300752,-1.1515513091088778,-1.3087111581427051,-1.1921218465220604,-0.17467491285593337,0.641115017460903,1.0733572155828786,0.1627557467265941,-0.03337721691295973,1.8968198846244282,2.3897409215908554,1.784586258014483,0.6978801664463103,-0.8715092718376799,0.15780426959177313,0.3183922552112921,0.7486321092414274,0.010320750603338341,-0.5053365286741943,-0.20711139779498602,0.5085491409982337,0.23105131260861483,1
-0.4577006284139859,0.18140777454752677,1.7280720791585935,-0.13478617003801185,1,0,0,1,0,0,-0.785777293743885,3.235821799712853,-0.822280879298011,4.469726218341835,-0.2006745132716574,-0.9657257205766815,1.399997673601725,0.2700226000818851,0.1240900834600154,0.8872089025584884,1.087643707912204,0.9466237767203092,-0.5133538854897701,1.7612688713532711,-0.07014712994595763,0.4072131526972364,1.8082526346470034,2.0222869939704156,1.815869993936328,-0.5098758229700693,-0.1868917410071543,-0.44088634760356854,0.23957464584174254,0.5944703696189757,0.5603795547009168,0.5098758229700693,-1.815869993936329,1.245803281894381,-0.3345252120667762,-0.8371407578686448,-0.5220307794904515,0.17144214591252482,-0.43454965705011084,-0.22015379130249568,-0.9284540343304539,-0.35630847989348147,0.19555442875423396,0.04820472807728505,1.6929568610259738,1.5842362639706562,1.7853674257134342,1.0455744699249259,0.9453015509175579,0.7374113588002092,1.770635811365363,1
1.7782221966656961,0.18140777454752677,0.27967722576327125,-0.13478617003801185,1,0,0,1,0,0,-0.8236341047562825,6.0617761005304684,-0.822280879298011,4.469726218341835,0.7118913981583822,1.207630777622706,0.4437054503317876,1.1399024209874244,0.16325544981621512,0.20916839200324697,0.32139731446671266,-0.2842604081758169,-0.6639781329659087,0.35090372136908177,0.9639244665157505,0.6588788382072162,1.0693945127116211,1.2473273541899614,0.594470599903532,-0.9772859963810728,-0.26636436585504286,-0.5989134762414859,0.43893402137662046,0.7778202898406171,0.7999401392457981,0.9772859963810728,-0.5944705999035328,-0.09111737198826762,0.26586877533487285,-1.4011925405067138,-0.9096457943302884,-0.4942207832702994,-1.1906695084040155,-1.1173050988595852,-1.4267675574142176,-1.2864749325462383,0.0012624832707351544,-0.2553016945782196,1.209426391281428,1.2860120225414318,1.582290051866092,0.6014499566897238,1.0276167615398821,0.5704037944582268,1.3376276710900281,0
-0.4577006284139859,1.7790092647781635,1.7280720791585935,0.3052077222492148,1,0,0,1,0,0,-0.785777293743885,3.235821799712853,-0.8478672421327675,6.0349735310087205,-0.923865887798175,-2.175381960829633,1.349438619368594,-0.3063891043530555,-0.00898226991338999,0.11257199832474529,0.5194419432664311,1.0458207579270875,0.14000463088034273,2.023608257887781,-0.05252392916205352,0.6360351393111728,1.5766473285546472,2.079771689633296,1.9594406506912556,-0.5169746011139472,0.1455382786224347,0.3679113419163649,0.6514330398921571,1.4112989949081163,1.3551922937967391,0.5169746011139472,-1.9594406506912565,1.4407708772522676,-0.3345252120667762,-0.8826288048555859,-0.4574282770171454,0.15437386567706757,-0.4660546508565234,-0.5463906304141645,-1.2606630497196296,-0.4803306735805153,-0.08200549336504998,0.04820472807728505,-0.7794347861583975,-0.3607044410025493,0.19459466390925928,-0.8895394805998851,-1.1948939252628807,-1.4893561657595522,-0.6418381130257917,1
-0.7661037767008384,1.7790092647781635,1.7280720791585935,0.3052077222492148,1,0,0,1,0,0,-0.7479204827314877,2.395594646486216,-0.8478672421327675,6.0349735310087205,-1.2922481779456862,-2.8215754052531135,0.8555387082056788,0.1567363849909978,0.8159014300251121,-0.12163452889235331,-0.01965293651836267,0.14301883380571942,0.12342270461541412,1.3318437872152997,0.6189384421689396,1.7813124444770438,0.9865123494985313,0.967336105032356,0.28185302474922574,-0.08447776675232606,0.14111521966755802,0.4049133369172502,0.6746826298781435,1.1425291600721557,0.9699652098638392,0.08447776675232606,-0.28185302474922647,1.07868820015905,0.41596727218528484,-0.38226028799923456,0.5503707615664309,0.9565830367435462,-1.726254403113031,-0.7910682597479163,-0.983822203561983,-0.29429738304996345,-0.05424950115312168,0.12408133374116129,-0.6608329728248301,-0.24400799870415715,0.2115177783965368,-0.9847090191502859,-1.1125787146405561,-1.266679413303576,-0.6418381130257917,0
0.44180855408933456,1.7790092647781635,-2.327433510348309,0.3052077222492148,1,0,0,1,0,0,-0.7226826087232228,1.1919474442861202,-0.8478672421327675,6.0349735310087205,-1.4576827254211728,-3.7472642841158152,-1.059017696120187,-0.20059363420255047,-0.13583109723105422,-1.824217813446417,-1.5612624042683485,-0.8887891808781064,1.5531181932978455,-1.5326571051221023,-0.2760963434448222,0.680820320387296,-1.2203557370373086,-0.920542861476945,-0.5029586926677684,-0.7133741297612541,-0.05882303488599332,-0.001266197714611322,0.8698444242113801,1.2543167183266604,1.1309866547790908,0.7133741297612541,0.5029586926677676,-1.4558905394934718,-0.3345252120667762,-0.2548937564358004,0.12399424524260985,-0.3747428216220998,-0.7180946013078251,0.35076067714292497,0.6772228733838963,-0.35630847989348147,-0.19302946221276363,-0.17942508891434333,-0.5331079430809875,-0.03654765684034838,0.46536449570571364,-1.016432198667086,-1.0302635040182315,-1.378017789531564,-0.6418381130257917,0
-0.7661037767008384,-0.46278637473902035,1.7280720791585935,1.7718540298733036,1,0,0,1,0,0,-0.7479204827314877,2.395594646486216,-0.8094876978806327,3.2227362150896575,-0.37968226651564924,-0.6482189070537259,-0.13569852083017647,0.6485058476551978,0.961068049828455,-0.2441900690350423,-0.7586518194879542,-1.2244001389905697,0.3413197491525878,1.4657000157869442,0.948128076554104,1.967460496954634,1.1871021289476305,1.0276169535281412,0.454702424768406,-2.120904085066952,1.6532022824404333,0.05971926544480946,0.6632958381866568,1.5069951798069492,1.9895524667486353,2.120904085066952,-0.4547024247684067,1.1343932274041606,0.641115017460903,-0.5278220383574467,0.49868875958778525,0.9907195972144606,-2.072809334983571,-0.6279498401920818,-0.8730858650989243,-0.4183195767369984,1.1115021717478706,-0.2553016945782196,-0.9162830323125138,-0.47740088330094144,0.10997909147286698,-0.5088613263982832,-0.6186874509066087,-1.378017789531564,-0.6418381130257917,0
-0.4577006284139859,0.43908543426214564,1.7280720791585935,-2.334755631474145,1,0,0,1,0,0,-0.785777293743885,3.235821799712853,-0.7455217907937414,1.1887826831029282,0.5225168612548611,1.5698568606559373,2.149902595844725,0.24445599977372,0.0600703677981822,1.842042812481129,2.2192339355129453,1.932202075699296,-1.654701304608831,1.4878918781666457,-0.09187092961466016,0.9080614190195598,1.3464773807116475,2.0282512538946786,2.0459093416913814,0.6061852033378367,-1.5028078605851112,-0.42755781194304,0.830395947855904,-1.1533370791195898,-0.9049202229362421,-0.6061852033378367,-2.0459093416913823,0.939425632046274,-0.40957446049198204,-1.019092945816409,-0.4574282770171454,0.06903246449978255,-0.6865896075014126,-0.709509049969999,-1.4267675574142176,-0.728375060954584,-1.4420491117495413,-0.5588081172337243,-0.5696008087220858,-0.08841274230630035,-0.5330992590437151,-1.0798785577006862,0.2044646553166367,0.5704037944582268,-0.7036964187794109,1
-0.7661037767008384,0.43908543426214564,1.7280720791585935,-2.334755631474145,1,0,0,1,0,0,-0.7479204827314877,2.395594646486216,-0.7455217907937414,1.1887826831029282,0.15413457110734785,0.9236634162324567,2.059781956563044,1.4997984309812693,0.8485773610485502,1.9035060568250672,1.3562876072981715,0.6556026063392362,-1.2726006587518994,1.3011554882015517,1.291303127681303,1.975726556268205,1.1959314412907058,0.7561067835533551,0.6190712565440033,0.28017642692511974,-1.5640777184896875,-0.7649212885598167,0.8253809706435855,-1.3856487334500098,-1.0250492050861717,-0.28017642692511974,-0.619071256544004,0.9951306592913848,0.9413120111617277,-0.5187244289600577,0.5116092600824467,1.0077878774499178,-2.324849285434872,-0.30171300108041293,-0.5962450189412776,-0.6043528672675491,-1.497561096173398,-0.8623145398892288,-0.6243401071837319,-0.1402778277722523,-0.6684841749419423,-1.0481553781838862,0.6160407084282594,0.848749735028197,-0.76555472453303,1
2.0352248202380734,0.18140777454752677,-0.15484123025532542,-0.13478617003801185,0,1,0,1,0,0,-0.81101516775215,4.910461385382551,-0.822280879298011,4.469726218341835,0.2556084424433621,0.32218924131925175,0.05877852613459499,0.05903220910447603,-0.22512415126127586,0.09886137036668159,0.2085057092811111,0.05868185584112732,-0.19877527453549335,-0.20095589961793411,-0.42328709408576853,0.16945025250977844,1.1305560486874981,1.2466856904168553,1.1921218465220598,-1.1022968805694087,-0.2825257385252276,-0.5050632782821782,0.4780334185301484,0.987484691772694,0.9460782951776517,1.1022968805694087,-1.1921218465220604,-0.45320004908148526,-0.7097714541928067,-1.1464594773798444,-0.8967252938356269,-0.4600842227993849,-0.655084613695,-0.5463906304141645,-1.0391903727935126,-0.9144083514851348,0.08453045990652028,-0.02767187758659086,1.6838336446156987,1.7268652490020249,2.1238297154590033,0.8552353928241243,0.8629863402952329,0.3477270420022505,1.708777505611744,0
0.18480593051695732,-1.1069805240255675,-0.15484123025532542,1.0385308760612593,1,0,0,1,0,0,-0.7983962307480176,4.488894128573339,-0.7839013350458762,2.618047327201711,0.44498297934688336,1.4289911616985695,-0.7146109435460302,0.10535273491032542,-0.28269184221440624,0.09905084510207492,-0.6070688987402337,-0.015481523446893707,0.5047728698954059,-0.334647561100051,-0.464028145419088,0.391737851049169,1.0091403051529446,0.8473792315593243,0.9345219622652575,-0.9479624556455367,0.6593080125406641,-0.6094531444874215,0.780107979789948,0.8668349507226347,1.6165201907803246,0.9479624556455367,-0.9345219622652582,0.04814519612450831,0.04072103005925432,1.7738731391817693,1.7519773075699248,2.185499213696451,0.8571550890128092,0.4323198869208419,0.012804842605544792,1.6280466190990672,0.917210226264372,-0.3311783002420958,0.9539763317937442,1.2600794798084554,1.5992131663533709,0.886958572340925,-0.4540570296619595,-0.8769950965056176,1.3376276710900281,1
0.18480593051695732,-0.9008383962538722,-0.15484123025532542,0.3052077222492148,1,0,0,1,0,0,-0.7983962307480176,4.488894128573339,-0.7583149722111197,1.4572761223182462,0.6343575162504046,2.326059708074695,-0.8891996394994226,0.20767398187559286,0.497964404766802,-1.1131613734468735,-0.9251189586440239,-0.6098287070893406,0.5865802704071396,-0.334647561100051,-0.464028145419088,0.6944613278320746,0.828882710499699,0.9006098806253996,0.6257323574189628,-1.4523273562967454,0.9020778442239409,-0.7498922670915702,0.01713263765356771,2.325715107344478,2.08197021377167,1.4523273562967454,-0.6257323574189636,0.04814519612450831,0.04072103005925432,1.7738731391817693,1.9457848149898431,2.2879088951091933,0.7311351137871589,0.02452383803125581,-0.26403600355210183,1.5660355222555504,0.5841383197212315,-0.8623145398892288,-0.6790794056453779,-0.5681647828663581,0.31305646532020776,-0.2233527107470814,-1.1125787146405561,-1.6563637301015341,-0.08511336124321738,0
-0.894605088487027,-1.1069805240255675,0.27967722576327125,1.0385308760612593,1,0,0,1,0,0,-0.7353015457273552,1.461750488644016,-0.7839013350458762,2.618047327201711,-0.2006745132716574,-0.8990940090063712,0.25284555831476485,-0.04484368096205727,-0.6765132907315048,1.0557064306445347,0.3928216992333781,0.06741121041421207,-0.40782494123834384,1.0087401911596403,-0.8186433102115357,0.11023384844837847,2.3332011856214954,2.1971564043062357,1.1921218465220598,-1.0903910820752818,0.6563334096035773,-0.7585495375225876,1.0355907185381665,0.8873710768588146,1.6344081391856096,1.0903910820752818,-1.1921218465220604,0.5216379277079463,-1.009968447893631,-1.1009714303929035,-0.8838047933409655,-0.03337721691295973,-0.5605696322757617,-1.5251011477491712,-1.980449249729511,-0.4803306735805153,1.0282341951120857,-0.4070549059059717,1.3006585553841723,1.7268652490020249,2.073060371997167,0.8552353928241243,-0.28942660841731066,-0.7656567202776299,1.708777505611744,0
